Link KawalPemilu,Nama Kelurahan,Nomor TPS,Suara 01,Suara 02,Suara Sah
https://kawalpemilu.org#4,"KEUDE BAKONGAN, BAKONGAN, ACEH SELATAN, ACEH",1,25,211,236
https://kawalpemilu.org#4,"KEUDE BAKONGAN, BAKONGAN, ACEH SELATAN, ACEH",2,40,194,234
https://kawalpemilu.org#4,"KEUDE BAKONGAN, BAKONGAN, ACEH SELATAN, ACEH",3,27,206,233
https://kawalpemilu.org#5,"UJONG MANGKI, BAKONGAN, ACEH SELATAN, ACEH",1,47,184,231
https://kawalpemilu.org#5,"UJONG MANGKI, BAKONGAN, ACEH SELATAN, ACEH",2,42,160,202
https://kawalpemilu.org#6,"UJONG PADANG, BAKONGAN, ACEH SELATAN, ACEH",1,10,192,202
https://kawalpemilu.org#6,"UJONG PADANG, BAKONGAN, ACEH SELATAN, ACEH",2,19,170,189
https://kawalpemilu.org#7,"GAMPONG DRIEN, BAKONGAN, ACEH SELATAN, ACEH",1,25,107,132
https://kawalpemilu.org#7,"GAMPONG DRIEN, BAKONGAN, ACEH SELATAN, ACEH",2,19,115,134
https://kawalpemilu.org#89554,"GAMPONG BARO, BAKONGAN, ACEH SELATAN, ACEH",1,20,187,207
https://kawalpemilu.org#929283,"DARUL IKHSAN, BAKONGAN, ACEH SELATAN, ACEH",1,25,215,240
https://kawalpemilu.org#929283,"DARUL IKHSAN, BAKONGAN, ACEH SELATAN, ACEH",2,12,206,218
https://kawalpemilu.org#929283,"DARUL IKHSAN, BAKONGAN, ACEH SELATAN, ACEH",3,28,200,228
https://kawalpemilu.org#929284,"PADANG BEURAHAN, BAKONGAN, ACEH SELATAN, ACEH",1,20,206,226
https://kawalpemilu.org#929284,"PADANG BEURAHAN, BAKONGAN, ACEH SELATAN, ACEH",2,17,189,206
https://kawalpemilu.org#10,"FAJAR HARAPAN, KLUET UTARA, ACEH SELATAN, ACEH",1,18,188,206
https://kawalpemilu.org#10,"FAJAR HARAPAN, KLUET UTARA, ACEH SELATAN, ACEH",2,17,183,200
https://kawalpemilu.org#11,"KRUENG BATEE, KLUET UTARA, ACEH SELATAN, ACEH",1,8,184,192
https://kawalpemilu.org#11,"KRUENG BATEE, KLUET UTARA, ACEH SELATAN, ACEH",2,5,159,164
https://kawalpemilu.org#11,"KRUENG BATEE, KLUET UTARA, ACEH SELATAN, ACEH",3,7,151,158
https://kawalpemilu.org#11,"KRUENG BATEE, KLUET UTARA, ACEH SELATAN, ACEH",4,13,155,168
https://kawalpemilu.org#11,"KRUENG BATEE, KLUET UTARA, ACEH SELATAN, ACEH",5,11,173,184
https://kawalpemilu.org#12,"PASIE KUALA ASAHAN, KLUET UTARA, ACEH SELATAN, ACEH",1,17,207,224
https://kawalpemilu.org#12,"PASIE KUALA ASAHAN, KLUET UTARA, ACEH SELATAN, ACEH",2,11,168,179
https://kawalpemilu.org#13,"GUNUNG PULO, KLUET UTARA, ACEH SELATAN, ACEH",1,26,189,215
https://kawalpemilu.org#13,"GUNUNG PULO, KLUET UTARA, ACEH SELATAN, ACEH",2,24,202,226
https://kawalpemilu.org#14,"PULO IE I, KLUET UTARA, ACEH SELATAN, ACEH",1,28,210,238
https://kawalpemilu.org#14,"PULO IE I, KLUET UTARA, ACEH SELATAN, ACEH",2,20,214,234
https://kawalpemilu.org#14,"PULO IE I, KLUET UTARA, ACEH SELATAN, ACEH",3,31,190,221
https://kawalpemilu.org#15,"JAMBO MANYANG, KLUET UTARA, ACEH SELATAN, ACEH",1,7,234,241
https://kawalpemilu.org#15,"JAMBO MANYANG, KLUET UTARA, ACEH SELATAN, ACEH",2,5,219,224
https://kawalpemilu.org#15,"JAMBO MANYANG, KLUET UTARA, ACEH SELATAN, ACEH",3,7,212,219
https://kawalpemilu.org#15,"JAMBO MANYANG, KLUET UTARA, ACEH SELATAN, ACEH",4,13,198,211
https://kawalpemilu.org#16,"SIMPANG EMPAT, KLUET UTARA, ACEH SELATAN, ACEH",1,19,225,244
https://kawalpemilu.org#16,"SIMPANG EMPAT, KLUET UTARA, ACEH SELATAN, ACEH",2,22,214,236
https://kawalpemilu.org#16,"SIMPANG EMPAT, KLUET UTARA, ACEH SELATAN, ACEH",3,17,195,212
https://kawalpemilu.org#16,"SIMPANG EMPAT, KLUET UTARA, ACEH SELATAN, ACEH",4,22,220,242
https://kawalpemilu.org#17,"LIMAU PURUT, KLUET UTARA, ACEH SELATAN, ACEH",1,4,186,190
https://kawalpemilu.org#17,"LIMAU PURUT, KLUET UTARA, ACEH SELATAN, ACEH",2,8,195,203
https://kawalpemilu.org#17,"LIMAU PURUT, KLUET UTARA, ACEH SELATAN, ACEH",3,8,196,204
https://kawalpemilu.org#18,"PULO KAMBING, KLUET UTARA, ACEH SELATAN, ACEH",1,30,168,198
https://kawalpemilu.org#18,"PULO KAMBING, KLUET UTARA, ACEH SELATAN, ACEH",2,41,154,195
https://kawalpemilu.org#18,"PULO KAMBING, KLUET UTARA, ACEH SELATAN, ACEH",3,36,144,180
https://kawalpemilu.org#19,"KAMPUNG PAYA, KLUET UTARA, ACEH SELATAN, ACEH",1,18,212,230
https://kawalpemilu.org#19,"KAMPUNG PAYA, KLUET UTARA, ACEH SELATAN, ACEH",2,26,177,203
https://kawalpemilu.org#19,"KAMPUNG PAYA, KLUET UTARA, ACEH SELATAN, ACEH",3,37,169,206
https://kawalpemilu.org#20,"KRUENG BATU, KLUET UTARA, ACEH SELATAN, ACEH",1,29,199,228
https://kawalpemilu.org#20,"KRUENG BATU, KLUET UTARA, ACEH SELATAN, ACEH",2,47,202,249
https://kawalpemilu.org#20,"KRUENG BATU, KLUET UTARA, ACEH SELATAN, ACEH",3,38,170,208
https://kawalpemilu.org#20,"KRUENG BATU, KLUET UTARA, ACEH SELATAN, ACEH",4,45,182,227
https://kawalpemilu.org#20,"KRUENG BATU, KLUET UTARA, ACEH SELATAN, ACEH",5,23,186,209
https://kawalpemilu.org#20,"KRUENG BATU, KLUET UTARA, ACEH SELATAN, ACEH",6,41,159,200
https://kawalpemilu.org#21,"KRUENG KLUET, KLUET UTARA, ACEH SELATAN, ACEH",1,25,196,221
https://kawalpemilu.org#21,"KRUENG KLUET, KLUET UTARA, ACEH SELATAN, ACEH",2,20,187,207
https://kawalpemilu.org#21,"KRUENG KLUET, KLUET UTARA, ACEH SELATAN, ACEH",3,16,209,225
https://kawalpemilu.org#22,"ALUR MAS, KLUET UTARA, ACEH SELATAN, ACEH",1,82,119,201
https://kawalpemilu.org#22,"ALUR MAS, KLUET UTARA, ACEH SELATAN, ACEH",2,52,169,221
https://kawalpemilu.org#22,"ALUR MAS, KLUET UTARA, ACEH SELATAN, ACEH",3,49,164,213
https://kawalpemilu.org#23,"SIMPANG LHEE, KLUET UTARA, ACEH SELATAN, ACEH",1,19,207,226
https://kawalpemilu.org#23,"SIMPANG LHEE, KLUET UTARA, ACEH SELATAN, ACEH",2,13,212,225
https://kawalpemilu.org#24,"SUAQ GERINGGENG, KLUET UTARA, ACEH SELATAN, ACEH",1,12,118,130
https://kawalpemilu.org#24,"SUAQ GERINGGENG, KLUET UTARA, ACEH SELATAN, ACEH",2,4,129,133
https://kawalpemilu.org#25,"PASIE KUALA BA U, KLUET UTARA, ACEH SELATAN, ACEH",1,21,150,171
https://kawalpemilu.org#25,"PASIE KUALA BA U, KLUET UTARA, ACEH SELATAN, ACEH",2,14,169,183
https://kawalpemilu.org#25,"PASIE KUALA BA U, KLUET UTARA, ACEH SELATAN, ACEH",3,16,162,178
https://kawalpemilu.org#25,"PASIE KUALA BA U, KLUET UTARA, ACEH SELATAN, ACEH",4,15,179,194
https://kawalpemilu.org#26,"KEDAI PADANG, KLUET UTARA, ACEH SELATAN, ACEH",1,16,134,150
https://kawalpemilu.org#26,"KEDAI PADANG, KLUET UTARA, ACEH SELATAN, ACEH",2,40,121,161
https://kawalpemilu.org#929285,"KOTAFAJAR, KLUET UTARA, ACEH SELATAN, ACEH",1,20,219,239
https://kawalpemilu.org#929285,"KOTAFAJAR, KLUET UTARA, ACEH SELATAN, ACEH",2,21,221,242
https://kawalpemilu.org#929285,"KOTAFAJAR, KLUET UTARA, ACEH SELATAN, ACEH",3,15,229,244
https://kawalpemilu.org#929285,"KOTAFAJAR, KLUET UTARA, ACEH SELATAN, ACEH",4,12,223,235
https://kawalpemilu.org#929285,"KOTAFAJAR, KLUET UTARA, ACEH SELATAN, ACEH",5,25,206,231
https://kawalpemilu.org#929285,"KOTAFAJAR, KLUET UTARA, ACEH SELATAN, ACEH",6,18,232,250
https://kawalpemilu.org#929285,"KOTAFAJAR, KLUET UTARA, ACEH SELATAN, ACEH",7,25,221,246
https://kawalpemilu.org#929285,"KOTAFAJAR, KLUET UTARA, ACEH SELATAN, ACEH",8,14,163,177
https://kawalpemilu.org#929286,"GUNUNG PUDUNG, KLUET UTARA, ACEH SELATAN, ACEH",1,43,216,259
https://kawalpemilu.org#929286,"GUNUNG PUDUNG, KLUET UTARA, ACEH SELATAN, ACEH",2,31,213,244
https://kawalpemilu.org#931265,"KAMPUNG TINGGI, KLUET UTARA, ACEH SELATAN, ACEH",1,12,193,205
https://kawalpemilu.org#931265,"KAMPUNG TINGGI, KLUET UTARA, ACEH SELATAN, ACEH",2,16,161,177
https://kawalpemilu.org#931266,"RUAK, KLUET UTARA, ACEH SELATAN, ACEH",1,25,172,197
https://kawalpemilu.org#931266,"RUAK, KLUET UTARA, ACEH SELATAN, ACEH",2,32,139,171
https://kawalpemilu.org#931266,"RUAK, KLUET UTARA, ACEH SELATAN, ACEH",3,15,160,175
https://kawalpemilu.org#30,"SUAQ BAKONG, KLUET SELATAN, ACEH SELATAN, ACEH",1,26,194,220
https://kawalpemilu.org#30,"SUAQ BAKONG, KLUET SELATAN, ACEH SELATAN, ACEH",2,18,210,228
https://kawalpemilu.org#30,"SUAQ BAKONG, KLUET SELATAN, ACEH SELATAN, ACEH",3,25,187,212
https://kawalpemilu.org#30,"SUAQ BAKONG, KLUET SELATAN, ACEH SELATAN, ACEH",4,28,186,214
https://kawalpemilu.org#31,"RANTAU BENUANG, KLUET SELATAN, ACEH SELATAN, ACEH",1,31,194,225
https://kawalpemilu.org#31,"RANTAU BENUANG, KLUET SELATAN, ACEH SELATAN, ACEH",2,20,200,220
https://kawalpemilu.org#32,"BARAT DAYA, KLUET SELATAN, ACEH SELATAN, ACEH",1,17,168,185
https://kawalpemilu.org#32,"BARAT DAYA, KLUET SELATAN, ACEH SELATAN, ACEH",2,15,154,169
https://kawalpemilu.org#33,"SIALANG, KLUET SELATAN, ACEH SELATAN, ACEH",1,31,193,224
https://kawalpemilu.org#33,"SIALANG, KLUET SELATAN, ACEH SELATAN, ACEH",2,26,174,200
https://kawalpemilu.org#34,"KAPEH, KLUET SELATAN, ACEH SELATAN, ACEH",1,15,138,153
https://kawalpemilu.org#34,"KAPEH, KLUET SELATAN, ACEH SELATAN, ACEH",2,17,118,135
https://kawalpemilu.org#35,"PULO IE, KLUET SELATAN, ACEH SELATAN, ACEH",1,23,165,188
https://kawalpemilu.org#35,"PULO IE, KLUET SELATAN, ACEH SELATAN, ACEH",2,16,156,172
https://kawalpemilu.org#36,"KEDAI RUNDING, KLUET SELATAN, ACEH SELATAN, ACEH",1,19,210,229
https://kawalpemilu.org#36,"KEDAI RUNDING, KLUET SELATAN, ACEH SELATAN, ACEH",2,31,190,221
https://kawalpemilu.org#36,"KEDAI RUNDING, KLUET SELATAN, ACEH SELATAN, ACEH",3,24,202,226
https://kawalpemilu.org#36,"KEDAI RUNDING, KLUET SELATAN, ACEH SELATAN, ACEH",4,22,210,232
https://kawalpemilu.org#36,"KEDAI RUNDING, KLUET SELATAN, ACEH SELATAN, ACEH",5,18,224,242
https://kawalpemilu.org#36,"KEDAI RUNDING, KLUET SELATAN, ACEH SELATAN, ACEH",6,27,235,262
https://kawalpemilu.org#37,"KEDAI KANDANG, KLUET SELATAN, ACEH SELATAN, ACEH",1,9,156,165
https://kawalpemilu.org#37,"KEDAI KANDANG, KLUET SELATAN, ACEH SELATAN, ACEH",2,8,156,164
https://kawalpemilu.org#38,"GAMPONG LUAR, KLUET SELATAN, ACEH SELATAN, ACEH",1,19,143,162
https://kawalpemilu.org#39,"UJUNG, KLUET SELATAN, ACEH SELATAN, ACEH",1,32,104,136
https://kawalpemilu.org#40,"JUA, KLUET SELATAN, ACEH SELATAN, ACEH",1,6,61,67
https://kawalpemilu.org#41,"PASI MEURAPAT, KLUET SELATAN, ACEH SELATAN, ACEH",1,9,126,135
https://kawalpemilu.org#41,"PASI MEURAPAT, KLUET SELATAN, ACEH SELATAN, ACEH",2,11,123,134
https://kawalpemilu.org#42,"UJUNG PASIR, KLUET SELATAN, ACEH SELATAN, ACEH",1,75,83,158
https://kawalpemilu.org#43,"GEULUMBUK, KLUET SELATAN, ACEH SELATAN, ACEH",1,18,214,232
https://kawalpemilu.org#43,"GEULUMBUK, KLUET SELATAN, ACEH SELATAN, ACEH",2,23,219,242
https://kawalpemilu.org#43,"GEULUMBUK, KLUET SELATAN, ACEH SELATAN, ACEH",3,25,182,207
https://kawalpemilu.org#43,"GEULUMBUK, KLUET SELATAN, ACEH SELATAN, ACEH",4,16,196,212
https://kawalpemilu.org#44,"PASIE LEMBANG, KLUET SELATAN, ACEH SELATAN, ACEH",1,19,176,195
https://kawalpemilu.org#44,"PASIE LEMBANG, KLUET SELATAN, ACEH SELATAN, ACEH",2,22,156,178
https://kawalpemilu.org#44,"PASIE LEMBANG, KLUET SELATAN, ACEH SELATAN, ACEH",3,14,169,183
https://kawalpemilu.org#44,"PASIE LEMBANG, KLUET SELATAN, ACEH SELATAN, ACEH",4,24,166,190
https://kawalpemilu.org#45,"UJUNG PADANG, KLUET SELATAN, ACEH SELATAN, ACEH",1,7,138,145
https://kawalpemilu.org#45,"UJUNG PADANG, KLUET SELATAN, ACEH SELATAN, ACEH",2,8,121,129
https://kawalpemilu.org#46,"INDRA DAMAI, KLUET SELATAN, ACEH SELATAN, ACEH",1,15,237,252
https://kawalpemilu.org#46,"INDRA DAMAI, KLUET SELATAN, ACEH SELATAN, ACEH",2,20,186,206
https://kawalpemilu.org#46,"INDRA DAMAI, KLUET SELATAN, ACEH SELATAN, ACEH",3,21,238,259
https://kawalpemilu.org#46,"INDRA DAMAI, KLUET SELATAN, ACEH SELATAN, ACEH",4,28,179,208
https://kawalpemilu.org#46,"INDRA DAMAI, KLUET SELATAN, ACEH SELATAN, ACEH",5,32,194,0
https://kawalpemilu.org#48,"BAKAU HULU, LABUHAN HAJI, ACEH SELATAN, ACEH",1,11,209,220
https://kawalpemilu.org#48,"BAKAU HULU, LABUHAN HAJI, ACEH SELATAN, ACEH",2,4,197,201
https://kawalpemilu.org#48,"BAKAU HULU, LABUHAN HAJI, ACEH SELATAN, ACEH",3,8,217,225
https://kawalpemilu.org#49,"PADANG BAKAU, LABUHAN HAJI, ACEH SELATAN, ACEH",1,20,223,243
https://kawalpemilu.org#49,"PADANG BAKAU, LABUHAN HAJI, ACEH SELATAN, ACEH",2,14,199,213
https://kawalpemilu.org#49,"PADANG BAKAU, LABUHAN HAJI, ACEH SELATAN, ACEH",3,9,209,218
https://kawalpemilu.org#50,"MANGGIS HARAPAN, LABUHAN HAJI, ACEH SELATAN, ACEH",1,31,194,224
https://kawalpemilu.org#50,"MANGGIS HARAPAN, LABUHAN HAJI, ACEH SELATAN, ACEH",2,21,205,226
https://kawalpemilu.org#50,"MANGGIS HARAPAN, LABUHAN HAJI, ACEH SELATAN, ACEH",3,13,203,216
https://kawalpemilu.org#51,"PASAR LAMA, LABUHAN HAJI, ACEH SELATAN, ACEH",1,19,162,181
https://kawalpemilu.org#51,"PASAR LAMA, LABUHAN HAJI, ACEH SELATAN, ACEH",2,23,156,179
https://kawalpemilu.org#51,"PASAR LAMA, LABUHAN HAJI, ACEH SELATAN, ACEH",3,21,156,177
https://kawalpemilu.org#52,"APHA, LABUHAN HAJI, ACEH SELATAN, ACEH",1,16,206,222
https://kawalpemilu.org#52,"APHA, LABUHAN HAJI, ACEH SELATAN, ACEH",2,12,219,231
https://kawalpemilu.org#53,"UJUNG BATU, LABUHAN HAJI, ACEH SELATAN, ACEH",1,15,170,185
https://kawalpemilu.org#53,"UJUNG BATU, LABUHAN HAJI, ACEH SELATAN, ACEH",2,17,172,189
https://kawalpemilu.org#54,"PAWOH, LABUHAN HAJI, ACEH SELATAN, ACEH",1,16,215,231
https://kawalpemilu.org#54,"PAWOH, LABUHAN HAJI, ACEH SELATAN, ACEH",2,28,199,227
https://kawalpemilu.org#54,"PAWOH, LABUHAN HAJI, ACEH SELATAN, ACEH",3,24,211,235
https://kawalpemilu.org#55,"DALAM, LABUHAN HAJI, ACEH SELATAN, ACEH",1,19,136,155
https://kawalpemilu.org#56,"KOTA PALAK, LABUHAN HAJI, ACEH SELATAN, ACEH",1,12,127,139
https://kawalpemilu.org#56,"KOTA PALAK, LABUHAN HAJI, ACEH SELATAN, ACEH",2,28,114,142
https://kawalpemilu.org#57,"CACANG, LABUHAN HAJI, ACEH SELATAN, ACEH",1,21,168,189
https://kawalpemilu.org#57,"CACANG, LABUHAN HAJI, ACEH SELATAN, ACEH",2,23,151,174
https://kawalpemilu.org#58,"TENGAH PISANG, LABUHAN HAJI, ACEH SELATAN, ACEH",1,22,107,129
https://kawalpemilu.org#58,"TENGAH PISANG, LABUHAN HAJI, ACEH SELATAN, ACEH",2,13,121,134
https://kawalpemilu.org#59,"PISANG, LABUHAN HAJI, ACEH SELATAN, ACEH",1,12,228,240
https://kawalpemilu.org#59,"PISANG, LABUHAN HAJI, ACEH SELATAN, ACEH",2,20,222,242
https://kawalpemilu.org#59,"PISANG, LABUHAN HAJI, ACEH SELATAN, ACEH",3,15,208,223
https://kawalpemilu.org#60,"HULU PISANG, LABUHAN HAJI, ACEH SELATAN, ACEH",1,15,210,225
https://kawalpemilu.org#60,"HULU PISANG, LABUHAN HAJI, ACEH SELATAN, ACEH",2,17,195,212
https://kawalpemilu.org#60,"HULU PISANG, LABUHAN HAJI, ACEH SELATAN, ACEH",3,17,191,208
https://kawalpemilu.org#61,"TENGAH BARU, LABUHAN HAJI, ACEH SELATAN, ACEH",1,12,232,244
https://kawalpemilu.org#61,"TENGAH BARU, LABUHAN HAJI, ACEH SELATAN, ACEH",2,14,210,224
https://kawalpemilu.org#61,"TENGAH BARU, LABUHAN HAJI, ACEH SELATAN, ACEH",3,17,204,221
https://kawalpemilu.org#62,"LEMBAH BARU, LABUHAN HAJI, ACEH SELATAN, ACEH",1,5,164,169
https://kawalpemilu.org#62,"LEMBAH BARU, LABUHAN HAJI, ACEH SELATAN, ACEH",2,11,160,171
https://kawalpemilu.org#63,"PADANG BARU, LABUHAN HAJI, ACEH SELATAN, ACEH",1,24,181,205
https://kawalpemilu.org#65,"KUTA BULOH II, MEUKEK, ACEH SELATAN, ACEH",1,12,175,187
https://kawalpemilu.org#65,"KUTA BULOH II, MEUKEK, ACEH SELATAN, ACEH",2,17,171,188
https://kawalpemilu.org#65,"KUTA BULOH II, MEUKEK, ACEH SELATAN, ACEH",3,14,167,181
https://kawalpemilu.org#66,"KUTA BULOH I, MEUKEK, ACEH SELATAN, ACEH",1,5,212,217
https://kawalpemilu.org#66,"KUTA BULOH I, MEUKEK, ACEH SELATAN, ACEH",2,13,175,188
https://kawalpemilu.org#66,"KUTA BULOH I, MEUKEK, ACEH SELATAN, ACEH",3,20,176,196
https://kawalpemilu.org#66,"KUTA BULOH I, MEUKEK, ACEH SELATAN, ACEH",4,18,183,201
https://kawalpemilu.org#67,"IE DINGEN, MEUKEK, ACEH SELATAN, ACEH",1,17,222,239
https://kawalpemilu.org#67,"IE DINGEN, MEUKEK, ACEH SELATAN, ACEH",2,16,203,219
https://kawalpemilu.org#67,"IE DINGEN, MEUKEK, ACEH SELATAN, ACEH",3,6,222,228
https://kawalpemilu.org#67,"IE DINGEN, MEUKEK, ACEH SELATAN, ACEH",4,6,227,233
https://kawalpemilu.org#68,"DRIEN JALO, MEUKEK, ACEH SELATAN, ACEH",1,9,151,160
https://kawalpemilu.org#69,"JAMBO PAPEUN, MEUKEK, ACEH SELATAN, ACEH",1,13,239,252
https://kawalpemilu.org#69,"JAMBO PAPEUN, MEUKEK, ACEH SELATAN, ACEH",2,11,187,198
https://kawalpemilu.org#69,"JAMBO PAPEUN, MEUKEK, ACEH SELATAN, ACEH",3,10,184,194
https://kawalpemilu.org#69,"JAMBO PAPEUN, MEUKEK, ACEH SELATAN, ACEH",4,10,194,204
https://kawalpemilu.org#69,"JAMBO PAPEUN, MEUKEK, ACEH SELATAN, ACEH",5,15,201,216
https://kawalpemilu.org#70,"BUKET MEUH, MEUKEK, ACEH SELATAN, ACEH",1,23,129,152
https://kawalpemilu.org#71,"BLANG KUALA, MEUKEK, ACEH SELATAN, ACEH",1,18,216,234
https://kawalpemilu.org#71,"BLANG KUALA, MEUKEK, ACEH SELATAN, ACEH",2,7,207,214
https://kawalpemilu.org#71,"BLANG KUALA, MEUKEK, ACEH SELATAN, ACEH",3,10,202,212
https://kawalpemilu.org#72,"ROT TEUNGOH, MEUKEK, ACEH SELATAN, ACEH",1,21,187,208
https://kawalpemilu.org#72,"ROT TEUNGOH, MEUKEK, ACEH SELATAN, ACEH",2,14,195,209
https://kawalpemilu.org#72,"ROT TEUNGOH, MEUKEK, ACEH SELATAN, ACEH",3,6,199,205
https://kawalpemilu.org#73,"ALUE BARO, MEUKEK, ACEH SELATAN, ACEH",1,12,169,181
https://kawalpemilu.org#73,"ALUE BARO, MEUKEK, ACEH SELATAN, ACEH",2,11,157,168
https://kawalpemilu.org#74,"LADANG TUHA, MEUKEK, ACEH SELATAN, ACEH",1,13,157,170
https://kawalpemilu.org#74,"LADANG TUHA, MEUKEK, ACEH SELATAN, ACEH",2,10,153,163
https://kawalpemilu.org#75,"LHOK MAMPLAM, MEUKEK, ACEH SELATAN, ACEH",1,7,141,148
https://kawalpemilu.org#75,"LHOK MAMPLAM, MEUKEK, ACEH SELATAN, ACEH",2,3,133,136
https://kawalpemilu.org#76,"ARUN TUNGGAI, MEUKEK, ACEH SELATAN, ACEH",1,8,238,246
https://kawalpemilu.org#76,"ARUN TUNGGAI, MEUKEK, ACEH SELATAN, ACEH",2,9,218,227
https://kawalpemilu.org#76,"ARUN TUNGGAI, MEUKEK, ACEH SELATAN, ACEH",3,12,215,227
https://kawalpemilu.org#77,"BLANG TEUNGOH, MEUKEK, ACEH SELATAN, ACEH",1,14,132,146
https://kawalpemilu.org#77,"BLANG TEUNGOH, MEUKEK, ACEH SELATAN, ACEH",2,12,136,148
https://kawalpemilu.org#78,"BLANG BLADEH, MEUKEK, ACEH SELATAN, ACEH",1,20,230,250
https://kawalpemilu.org#78,"BLANG BLADEH, MEUKEK, ACEH SELATAN, ACEH",2,28,220,248
https://kawalpemilu.org#78,"BLANG BLADEH, MEUKEK, ACEH SELATAN, ACEH",3,23,207,230
https://kawalpemilu.org#78,"BLANG BLADEH, MEUKEK, ACEH SELATAN, ACEH",4,23,196,219
https://kawalpemilu.org#79,"IE BUBOH, MEUKEK, ACEH SELATAN, ACEH",1,3,171,174
https://kawalpemilu.org#79,"IE BUBOH, MEUKEK, ACEH SELATAN, ACEH",2,5,162,167
https://kawalpemilu.org#80,"KEUDE MEUKEK, MEUKEK, ACEH SELATAN, ACEH",1,13,175,188
https://kawalpemilu.org#80,"KEUDE MEUKEK, MEUKEK, ACEH SELATAN, ACEH",2,5,190,195
https://kawalpemilu.org#80,"KEUDE MEUKEK, MEUKEK, ACEH SELATAN, ACEH",3,10,169,179
https://kawalpemilu.org#81,"KUTA BARO, MEUKEK, ACEH SELATAN, ACEH",1,13,177,190
https://kawalpemilu.org#81,"KUTA BARO, MEUKEK, ACEH SELATAN, ACEH",2,12,167,179
https://kawalpemilu.org#82,"TANJUNG HARAPAN, MEUKEK, ACEH SELATAN, ACEH",1,22,160,182
https://kawalpemilu.org#82,"TANJUNG HARAPAN, MEUKEK, ACEH SELATAN, ACEH",2,14,150,164
https://kawalpemilu.org#82,"TANJUNG HARAPAN, MEUKEK, ACEH SELATAN, ACEH",3,23,150,173
https://kawalpemilu.org#83,"LABUHAN TAROK, MEUKEK, ACEH SELATAN, ACEH",1,7,232,239
https://kawalpemilu.org#83,"LABUHAN TAROK, MEUKEK, ACEH SELATAN, ACEH",2,5,219,224
https://kawalpemilu.org#83,"LABUHAN TAROK, MEUKEK, ACEH SELATAN, ACEH",3,8,217,225
https://kawalpemilu.org#83,"LABUHAN TAROK, MEUKEK, ACEH SELATAN, ACEH",4,19,208,227
https://kawalpemilu.org#83,"LABUHAN TAROK, MEUKEK, ACEH SELATAN, ACEH",5,9,218,227
https://kawalpemilu.org#84,"LHOK AMAN, MEUKEK, ACEH SELATAN, ACEH",1,10,231,241
https://kawalpemilu.org#84,"LHOK AMAN, MEUKEK, ACEH SELATAN, ACEH",2,14,218,232
https://kawalpemilu.org#84,"LHOK AMAN, MEUKEK, ACEH SELATAN, ACEH",3,5,203,208
https://kawalpemilu.org#85,"ALUE MEUTUAH, MEUKEK, ACEH SELATAN, ACEH",1,10,136,146
https://kawalpemilu.org#85,"ALUE MEUTUAH, MEUKEK, ACEH SELATAN, ACEH",2,6,140,146
https://kawalpemilu.org#86,"LADANG BARO, MEUKEK, ACEH SELATAN, ACEH",1,10,163,173
https://kawalpemilu.org#86,"LADANG BARO, MEUKEK, ACEH SELATAN, ACEH",2,12,148,160
https://kawalpemilu.org#929287,"LABUHAN TAROK II, MEUKEK, ACEH SELATAN, ACEH",1,14,222,236
https://kawalpemilu.org#929287,"LABUHAN TAROK II, MEUKEK, ACEH SELATAN, ACEH",2,14,204,218
https://kawalpemilu.org#88,"DALAM, SAMADUA, ACEH SELATAN, ACEH",1,3,130,133
https://kawalpemilu.org#88,"DALAM, SAMADUA, ACEH SELATAN, ACEH",2,7,136,143
https://kawalpemilu.org#89,"SUBARANG, SAMADUA, ACEH SELATAN, ACEH",1,35,206,241
https://kawalpemilu.org#90,"KUTA BARU, SAMADUA, ACEH SELATAN, ACEH",1,7,148,155
https://kawalpemilu.org#90,"KUTA BARU, SAMADUA, ACEH SELATAN, ACEH",2,11,143,154
https://kawalpemilu.org#91,"GUNUNG KETEK, SAMADUA, ACEH SELATAN, ACEH",1,9,182,191
https://kawalpemilu.org#91,"GUNUNG KETEK, SAMADUA, ACEH SELATAN, ACEH",2,6,183,189
https://kawalpemilu.org#92,"LADANG PANTON LUAS, SAMADUA, ACEH SELATAN, ACEH",1,7,250,257
https://kawalpemilu.org#93,"MADAT, SAMADUA, ACEH SELATAN, ACEH",1,12,254,266
https://kawalpemilu.org#94,"ALUR SEUMERAH, SAMADUA, ACEH SELATAN, ACEH",1,0,260,260
https://kawalpemilu.org#95,"TENGAH, SAMADUA, ACEH SELATAN, ACEH",1,2,128,130
https://kawalpemilu.org#95,"TENGAH, SAMADUA, ACEH SELATAN, ACEH",2,6,134,140
https://kawalpemilu.org#96,"GUNUNG CUT, SAMADUA, ACEH SELATAN, ACEH",1,18,256,274
https://kawalpemilu.org#97,"ALUR PINANG, SAMADUA, ACEH SELATAN, ACEH",1,8,205,213
https://kawalpemilu.org#97,"ALUR PINANG, SAMADUA, ACEH SELATAN, ACEH",2,11,205,216
https://kawalpemilu.org#97,"ALUR PINANG, SAMADUA, ACEH SELATAN, ACEH",3,14,199,213
https://kawalpemilu.org#98,"KUTA BLANG, SAMADUA, ACEH SELATAN, ACEH",1,10,219,229
https://kawalpemilu.org#98,"KUTA BLANG, SAMADUA, ACEH SELATAN, ACEH",2,10,210,220
https://kawalpemilu.org#98,"KUTA BLANG, SAMADUA, ACEH SELATAN, ACEH",3,12,202,214
https://kawalpemilu.org#98,"KUTA BLANG, SAMADUA, ACEH SELATAN, ACEH",4,11,226,237
https://kawalpemilu.org#99,"BATEE TUNGGAI, SAMADUA, ACEH SELATAN, ACEH",1,15,192,207
https://kawalpemilu.org#99,"BATEE TUNGGAI, SAMADUA, ACEH SELATAN, ACEH",2,22,189,211
https://kawalpemilu.org#100,"UJUNG TANAH, SAMADUA, ACEH SELATAN, ACEH",1,22,156,178
https://kawalpemilu.org#100,"UJUNG TANAH, SAMADUA, ACEH SELATAN, ACEH",2,16,169,185
https://kawalpemilu.org#100,"UJUNG TANAH, SAMADUA, ACEH SELATAN, ACEH",3,9,176,185
https://kawalpemilu.org#101,"UJUNG KAMPUNG, SAMADUA, ACEH SELATAN, ACEH",1,8,167,175
https://kawalpemilu.org#102,"JILATANG, SAMADUA, ACEH SELATAN, ACEH",1,20,243,263
https://kawalpemilu.org#102,"JILATANG, SAMADUA, ACEH SELATAN, ACEH",2,14,221,235
https://kawalpemilu.org#103,"LUAR, SAMADUA, ACEH SELATAN, ACEH",1,17,145,162
https://kawalpemilu.org#103,"LUAR, SAMADUA, ACEH SELATAN, ACEH",2,17,145,162
https://kawalpemilu.org#104,"LUBUK LAYU, SAMADUA, ACEH SELATAN, ACEH",1,8,127,135
https://kawalpemilu.org#104,"LUBUK LAYU, SAMADUA, ACEH SELATAN, ACEH",2,7,138,145
https://kawalpemilu.org#105,"SUAQ HULU, SAMADUA, ACEH SELATAN, ACEH",1,10,190,200
https://kawalpemilu.org#105,"SUAQ HULU, SAMADUA, ACEH SELATAN, ACEH",2,11,186,197
https://kawalpemilu.org#106,"TAMPANG, SAMADUA, ACEH SELATAN, ACEH",1,25,179,204
https://kawalpemilu.org#107,"PAYONAN GADANG, SAMADUA, ACEH SELATAN, ACEH",1,21,235,256
https://kawalpemilu.org#107,"PAYONAN GADANG, SAMADUA, ACEH SELATAN, ACEH",2,20,235,255
https://kawalpemilu.org#108,"GADANG, SAMADUA, ACEH SELATAN, ACEH",1,12,141,153
https://kawalpemilu.org#108,"GADANG, SAMADUA, ACEH SELATAN, ACEH",2,7,145,152
https://kawalpemilu.org#109,"BARU, SAMADUA, ACEH SELATAN, ACEH",1,21,163,184
https://kawalpemilu.org#109,"BARU, SAMADUA, ACEH SELATAN, ACEH",2,23,167,190
https://kawalpemilu.org#109,"BARU, SAMADUA, ACEH SELATAN, ACEH",3,15,184,199
https://kawalpemilu.org#110,"LADANG KASIK PUTIH, SAMADUA, ACEH SELATAN, ACEH",1,10,182,192
https://kawalpemilu.org#110,"LADANG KASIK PUTIH, SAMADUA, ACEH SELATAN, ACEH",2,11,171,182
https://kawalpemilu.org#111,"AIR SIALANG HILIR, SAMADUA, ACEH SELATAN, ACEH",1,17,211,228
https://kawalpemilu.org#111,"AIR SIALANG HILIR, SAMADUA, ACEH SELATAN, ACEH",2,18,205,223
https://kawalpemilu.org#112,"AIR SIALANG HULU, SAMADUA, ACEH SELATAN, ACEH",1,9,136,145
https://kawalpemilu.org#112,"AIR SIALANG HULU, SAMADUA, ACEH SELATAN, ACEH",2,8,136,144
https://kawalpemilu.org#113,"AIR SIALANG TENGAH, SAMADUA, ACEH SELATAN, ACEH",1,7,164,171
https://kawalpemilu.org#113,"AIR SIALANG TENGAH, SAMADUA, ACEH SELATAN, ACEH",2,9,168,177
https://kawalpemilu.org#114,"BALAI, SAMADUA, ACEH SELATAN, ACEH",1,8,204,212
https://kawalpemilu.org#115,"ARAFAH, SAMADUA, ACEH SELATAN, ACEH",1,20,223,243
https://kawalpemilu.org#115,"ARAFAH, SAMADUA, ACEH SELATAN, ACEH",2,17,222,239
https://kawalpemilu.org#117,"SIKULAT, SAWANG, ACEH SELATAN, ACEH",1,5,234,239
https://kawalpemilu.org#118,"SAWANG I, SAWANG, ACEH SELATAN, ACEH",1,10,216,226
https://kawalpemilu.org#118,"SAWANG I, SAWANG, ACEH SELATAN, ACEH",2,18,190,208
https://kawalpemilu.org#118,"SAWANG I, SAWANG, ACEH SELATAN, ACEH",3,11,217,228
https://kawalpemilu.org#119,"MEULIGO, SAWANG, ACEH SELATAN, ACEH",1,4,201,205
https://kawalpemilu.org#119,"MEULIGO, SAWANG, ACEH SELATAN, ACEH",2,8,194,202
https://kawalpemilu.org#119,"MEULIGO, SAWANG, ACEH SELATAN, ACEH",3,6,191,197
https://kawalpemilu.org#120,"LHOK PAWOH, SAWANG, ACEH SELATAN, ACEH",1,21,211,232
https://kawalpemilu.org#120,"LHOK PAWOH, SAWANG, ACEH SELATAN, ACEH",2,11,179,190
https://kawalpemilu.org#120,"LHOK PAWOH, SAWANG, ACEH SELATAN, ACEH",3,17,192,209
https://kawalpemilu.org#120,"LHOK PAWOH, SAWANG, ACEH SELATAN, ACEH",4,13,201,214
https://kawalpemilu.org#120,"LHOK PAWOH, SAWANG, ACEH SELATAN, ACEH",5,18,213,231
https://kawalpemilu.org#121,"SAWANG II, SAWANG, ACEH SELATAN, ACEH",1,8,194,202
https://kawalpemilu.org#121,"SAWANG II, SAWANG, ACEH SELATAN, ACEH",2,11,199,210
https://kawalpemilu.org#122,"UJUNG KARANG, SAWANG, ACEH SELATAN, ACEH",1,17,174,191
https://kawalpemilu.org#122,"UJUNG KARANG, SAWANG, ACEH SELATAN, ACEH",2,18,189,207
https://kawalpemilu.org#122,"UJUNG KARANG, SAWANG, ACEH SELATAN, ACEH",3,3,186,189
https://kawalpemilu.org#123,"TRIENG MEUDEURO BAROH, SAWANG, ACEH SELATAN, ACEH",1,15,212,227
https://kawalpemilu.org#123,"TRIENG MEUDEURO BAROH, SAWANG, ACEH SELATAN, ACEH",2,13,217,230
https://kawalpemilu.org#123,"TRIENG MEUDEURO BAROH, SAWANG, ACEH SELATAN, ACEH",3,13,203,216
https://kawalpemilu.org#124,"TRIENG MEUDEURO TUNONG, SAWANG, ACEH SELATAN, ACEH",1,9,231,240
https://kawalpemilu.org#124,"TRIENG MEUDEURO TUNONG, SAWANG, ACEH SELATAN, ACEH",2,11,221,232
https://kawalpemilu.org#124,"TRIENG MEUDEURO TUNONG, SAWANG, ACEH SELATAN, ACEH",3,5,229,234
https://kawalpemilu.org#125,"PANTON LUAS, SAWANG, ACEH SELATAN, ACEH",1,10,205,215
https://kawalpemilu.org#125,"PANTON LUAS, SAWANG, ACEH SELATAN, ACEH",2,11,205,216
https://kawalpemilu.org#125,"PANTON LUAS, SAWANG, ACEH SELATAN, ACEH",3,10,185,195
https://kawalpemilu.org#126,"SIMPANG TIGA, SAWANG, ACEH SELATAN, ACEH",1,11,205,216
https://kawalpemilu.org#126,"SIMPANG TIGA, SAWANG, ACEH SELATAN, ACEH",2,16,187,203
https://kawalpemilu.org#126,"SIMPANG TIGA, SAWANG, ACEH SELATAN, ACEH",3,11,186,197
https://kawalpemilu.org#127,"KUTA BARO, SAWANG, ACEH SELATAN, ACEH",1,11,207,218
https://kawalpemilu.org#127,"KUTA BARO, SAWANG, ACEH SELATAN, ACEH",2,13,208,221
https://kawalpemilu.org#128,"BLANG GEULINGGANG, SAWANG, ACEH SELATAN, ACEH",1,12,212,224
https://kawalpemilu.org#128,"BLANG GEULINGGANG, SAWANG, ACEH SELATAN, ACEH",2,13,189,202
https://kawalpemilu.org#128,"BLANG GEULINGGANG, SAWANG, ACEH SELATAN, ACEH",3,13,172,185
https://kawalpemilu.org#129,"MUTIARA, SAWANG, ACEH SELATAN, ACEH",1,8,200,208
https://kawalpemilu.org#129,"MUTIARA, SAWANG, ACEH SELATAN, ACEH",2,18,180,198
https://kawalpemilu.org#129,"MUTIARA, SAWANG, ACEH SELATAN, ACEH",3,12,179,191
https://kawalpemilu.org#129,"MUTIARA, SAWANG, ACEH SELATAN, ACEH",4,14,174,188
https://kawalpemilu.org#130,"UJUNG PADANG, SAWANG, ACEH SELATAN, ACEH",1,11,222,233
https://kawalpemilu.org#130,"UJUNG PADANG, SAWANG, ACEH SELATAN, ACEH",2,18,206,224
https://kawalpemilu.org#130,"UJUNG PADANG, SAWANG, ACEH SELATAN, ACEH",3,13,213,226
https://kawalpemilu.org#131,"SAWANG BA'U, SAWANG, ACEH SELATAN, ACEH",1,11,195,206
https://kawalpemilu.org#131,"SAWANG BA'U, SAWANG, ACEH SELATAN, ACEH",2,8,214,222
https://kawalpemilu.org#131,"SAWANG BA'U, SAWANG, ACEH SELATAN, ACEH",3,4,179,183
https://kawalpemilu.org#131,"SAWANG BA'U, SAWANG, ACEH SELATAN, ACEH",4,7,188,195
https://kawalpemilu.org#133,"LHOK KEUTAPANG, TAPAKTUAN, ACEH SELATAN, ACEH",1,35,225,260
https://kawalpemilu.org#133,"LHOK KEUTAPANG, TAPAKTUAN, ACEH SELATAN, ACEH",2,39,186,225
https://kawalpemilu.org#133,"LHOK KEUTAPANG, TAPAKTUAN, ACEH SELATAN, ACEH",3,36,214,250
https://kawalpemilu.org#133,"LHOK KEUTAPANG, TAPAKTUAN, ACEH SELATAN, ACEH",4,31,202,233
https://kawalpemilu.org#134,"HILIR, TAPAKTUAN, ACEH SELATAN, ACEH",1,0,0,203
https://kawalpemilu.org#134,"HILIR, TAPAKTUAN, ACEH SELATAN, ACEH",2,18,170,188
https://kawalpemilu.org#134,"HILIR, TAPAKTUAN, ACEH SELATAN, ACEH",3,39,146,185
https://kawalpemilu.org#134,"HILIR, TAPAKTUAN, ACEH SELATAN, ACEH",4,39,168,207
https://kawalpemilu.org#134,"HILIR, TAPAKTUAN, ACEH SELATAN, ACEH",5,30,146,176
https://kawalpemilu.org#134,"HILIR, TAPAKTUAN, ACEH SELATAN, ACEH",6,28,184,212
https://kawalpemilu.org#135,"PADANG, TAPAKTUAN, ACEH SELATAN, ACEH",1,24,146,170
https://kawalpemilu.org#135,"PADANG, TAPAKTUAN, ACEH SELATAN, ACEH",2,20,155,175
https://kawalpemilu.org#135,"PADANG, TAPAKTUAN, ACEH SELATAN, ACEH",3,26,144,170
https://kawalpemilu.org#136,"HULU, TAPAKTUAN, ACEH SELATAN, ACEH",1,34,184,218
https://kawalpemilu.org#136,"HULU, TAPAKTUAN, ACEH SELATAN, ACEH",2,35,169,204
https://kawalpemilu.org#136,"HULU, TAPAKTUAN, ACEH SELATAN, ACEH",3,29,160,189
https://kawalpemilu.org#137,"JAMBO APHA, TAPAKTUAN, ACEH SELATAN, ACEH",1,26,177,203
https://kawalpemilu.org#137,"JAMBO APHA, TAPAKTUAN, ACEH SELATAN, ACEH",2,22,199,221
https://kawalpemilu.org#137,"JAMBO APHA, TAPAKTUAN, ACEH SELATAN, ACEH",3,22,198,220
https://kawalpemilu.org#137,"JAMBO APHA, TAPAKTUAN, ACEH SELATAN, ACEH",4,23,217,240
https://kawalpemilu.org#138,"TEPI AIR, TAPAKTUAN, ACEH SELATAN, ACEH",1,18,130,148
https://kawalpemilu.org#138,"TEPI AIR, TAPAKTUAN, ACEH SELATAN, ACEH",2,19,135,154
https://kawalpemilu.org#139,"PASAR, TAPAKTUAN, ACEH SELATAN, ACEH",1,72,166,238
https://kawalpemilu.org#139,"PASAR, TAPAKTUAN, ACEH SELATAN, ACEH",2,31,180,211
https://kawalpemilu.org#139,"PASAR, TAPAKTUAN, ACEH SELATAN, ACEH",3,5,97,102
https://kawalpemilu.org#140,"LHOK BENGKUANG, TAPAKTUAN, ACEH SELATAN, ACEH",1,22,181,203
https://kawalpemilu.org#140,"LHOK BENGKUANG, TAPAKTUAN, ACEH SELATAN, ACEH",2,18,215,233
https://kawalpemilu.org#140,"LHOK BENGKUANG, TAPAKTUAN, ACEH SELATAN, ACEH",3,38,170,208
https://kawalpemilu.org#140,"LHOK BENGKUANG, TAPAKTUAN, ACEH SELATAN, ACEH",4,29,185,213
https://kawalpemilu.org#140,"LHOK BENGKUANG, TAPAKTUAN, ACEH SELATAN, ACEH",5,33,187,220
https://kawalpemilu.org#140,"LHOK BENGKUANG, TAPAKTUAN, ACEH SELATAN, ACEH",6,43,206,249
https://kawalpemilu.org#140,"LHOK BENGKUANG, TAPAKTUAN, ACEH SELATAN, ACEH",7,13,134,147
https://kawalpemilu.org#140,"LHOK BENGKUANG, TAPAKTUAN, ACEH SELATAN, ACEH",8,11,156,167
https://kawalpemilu.org#141,"PANTON LUAS, TAPAKTUAN, ACEH SELATAN, ACEH",1,24,232,256
https://kawalpemilu.org#142,"GUNUNG KERAMBIL, TAPAKTUAN, ACEH SELATAN, ACEH",1,11,190,201
https://kawalpemilu.org#142,"GUNUNG KERAMBIL, TAPAKTUAN, ACEH SELATAN, ACEH",2,17,181,198
https://kawalpemilu.org#142,"GUNUNG KERAMBIL, TAPAKTUAN, ACEH SELATAN, ACEH",3,12,190,202
https://kawalpemilu.org#142,"GUNUNG KERAMBIL, TAPAKTUAN, ACEH SELATAN, ACEH",4,19,191,210
https://kawalpemilu.org#143,"AIR BERUDANG, TAPAKTUAN, ACEH SELATAN, ACEH",1,14,231,245
https://kawalpemilu.org#143,"AIR BERUDANG, TAPAKTUAN, ACEH SELATAN, ACEH",2,12,224,236
https://kawalpemilu.org#143,"AIR BERUDANG, TAPAKTUAN, ACEH SELATAN, ACEH",3,25,212,237
https://kawalpemilu.org#143,"AIR BERUDANG, TAPAKTUAN, ACEH SELATAN, ACEH",4,16,241,257
https://kawalpemilu.org#143,"AIR BERUDANG, TAPAKTUAN, ACEH SELATAN, ACEH",5,23,226,249
https://kawalpemilu.org#144,"BATU ITAM, TAPAKTUAN, ACEH SELATAN, ACEH",1,49,217,266
https://kawalpemilu.org#144,"BATU ITAM, TAPAKTUAN, ACEH SELATAN, ACEH",2,39,235,274
https://kawalpemilu.org#144,"BATU ITAM, TAPAKTUAN, ACEH SELATAN, ACEH",3,39,227,266
https://kawalpemilu.org#144,"BATU ITAM, TAPAKTUAN, ACEH SELATAN, ACEH",4,44,217,261
https://kawalpemilu.org#144,"BATU ITAM, TAPAKTUAN, ACEH SELATAN, ACEH",5,56,225,281
https://kawalpemilu.org#145,"PANJUPIAN, TAPAKTUAN, ACEH SELATAN, ACEH",1,53,156,209
https://kawalpemilu.org#145,"PANJUPIAN, TAPAKTUAN, ACEH SELATAN, ACEH",2,30,169,199
https://kawalpemilu.org#146,"LHOK RUKAM, TAPAKTUAN, ACEH SELATAN, ACEH",1,39,175,214
https://kawalpemilu.org#146,"LHOK RUKAM, TAPAKTUAN, ACEH SELATAN, ACEH",2,28,177,205
https://kawalpemilu.org#147,"AIR PINANG, TAPAKTUAN, ACEH SELATAN, ACEH",1,16,219,235
https://kawalpemilu.org#147,"AIR PINANG, TAPAKTUAN, ACEH SELATAN, ACEH",2,18,206,224
https://kawalpemilu.org#147,"AIR PINANG, TAPAKTUAN, ACEH SELATAN, ACEH",3,20,208,228
https://kawalpemilu.org#929288,"LHOK BENGKUANG TIMUR, TAPAKTUAN, ACEH SELATAN, ACEH",1,22,231,253
https://kawalpemilu.org#929288,"LHOK BENGKUANG TIMUR, TAPAKTUAN, ACEH SELATAN, ACEH",2,19,249,268
https://kawalpemilu.org#929288,"LHOK BENGKUANG TIMUR, TAPAKTUAN, ACEH SELATAN, ACEH",3,32,208,240
https://kawalpemilu.org#929288,"LHOK BENGKUANG TIMUR, TAPAKTUAN, ACEH SELATAN, ACEH",4,31,208,239
https://kawalpemilu.org#929288,"LHOK BENGKUANG TIMUR, TAPAKTUAN, ACEH SELATAN, ACEH",5,32,179,211
https://kawalpemilu.org#929288,"LHOK BENGKUANG TIMUR, TAPAKTUAN, ACEH SELATAN, ACEH",6,21,225,246
https://kawalpemilu.org#149,"KEUDE TRUMON, TRUMON, ACEH SELATAN, ACEH",1,60,181,241
https://kawalpemilu.org#149,"KEUDE TRUMON, TRUMON, ACEH SELATAN, ACEH",2,59,166,225
https://kawalpemilu.org#149,"KEUDE TRUMON, TRUMON, ACEH SELATAN, ACEH",3,59,184,243
https://kawalpemilu.org#150,"UJONG TANOH, TRUMON, ACEH SELATAN, ACEH",1,48,128,176
https://kawalpemilu.org#150,"UJONG TANOH, TRUMON, ACEH SELATAN, ACEH",2,49,132,181
https://kawalpemilu.org#151,"SIGLENG, TRUMON, ACEH SELATAN, ACEH",1,33,153,186
https://kawalpemilu.org#151,"SIGLENG, TRUMON, ACEH SELATAN, ACEH",2,36,147,183
https://kawalpemilu.org#152,"IE MEUDAMA, TRUMON, ACEH SELATAN, ACEH",1,12,136,148
https://kawalpemilu.org#153,"TEUPIN TINGGI, TRUMON, ACEH SELATAN, ACEH",1,11,189,200
https://kawalpemilu.org#153,"TEUPIN TINGGI, TRUMON, ACEH SELATAN, ACEH",2,5,162,167
https://kawalpemilu.org#154,"KUTA BARO, TRUMON, ACEH SELATAN, ACEH",1,51,107,158
https://kawalpemilu.org#155,"PANTON BILIE, TRUMON, ACEH SELATAN, ACEH",1,65,121,186
https://kawalpemilu.org#157,"KUTA PADANG, TRUMON, ACEH SELATAN, ACEH",1,5,261,266
https://kawalpemilu.org#158,"RAKET, TRUMON, ACEH SELATAN, ACEH",1,34,106,140
https://kawalpemilu.org#159,"PADANG HARAPAN, TRUMON, ACEH SELATAN, ACEH",1,16,165,181
https://kawalpemilu.org#160,"SEUNEUBOK JAYA, TRUMON, ACEH SELATAN, ACEH",1,73,56,129
https://kawalpemilu.org#931268,"GAMPONG TEUNGOH, TRUMON, ACEH SELATAN, ACEH",1,13,89,102
https://kawalpemilu.org#162,"LADANG TEUNGOH, PASIE RAJA, ACEH SELATAN, ACEH",1,28,195,223
https://kawalpemilu.org#162,"LADANG TEUNGOH, PASIE RAJA, ACEH SELATAN, ACEH",2,23,182,205
https://kawalpemilu.org#163,"PUCOK KRUENG, PASIE RAJA, ACEH SELATAN, ACEH",1,11,136,147
https://kawalpemilu.org#163,"PUCOK KRUENG, PASIE RAJA, ACEH SELATAN, ACEH",2,18,119,137
https://kawalpemilu.org#164,"SILOLO, PASIE RAJA, ACEH SELATAN, ACEH",1,10,185,195
https://kawalpemilu.org#164,"SILOLO, PASIE RAJA, ACEH SELATAN, ACEH",2,12,169,181
https://kawalpemilu.org#164,"SILOLO, PASIE RAJA, ACEH SELATAN, ACEH",3,11,172,183
https://kawalpemilu.org#164,"SILOLO, PASIE RAJA, ACEH SELATAN, ACEH",4,5,175,180
https://kawalpemilu.org#165,"KAMPUNG BARU, PASIE RAJA, ACEH SELATAN, ACEH",1,9,88,97
https://kawalpemilu.org#166,"PANTON BILI, PASIE RAJA, ACEH SELATAN, ACEH",1,3,219,222
https://kawalpemilu.org#167,"PAYA ATEUK, PASIE RAJA, ACEH SELATAN, ACEH",1,0,0,0
https://kawalpemilu.org#167,"PAYA ATEUK, PASIE RAJA, ACEH SELATAN, ACEH",2,9,182,191
https://kawalpemilu.org#167,"PAYA ATEUK, PASIE RAJA, ACEH SELATAN, ACEH",3,11,178,189
https://kawalpemilu.org#167,"PAYA ATEUK, PASIE RAJA, ACEH SELATAN, ACEH",4,8,176,184
https://kawalpemilu.org#167,"PAYA ATEUK, PASIE RAJA, ACEH SELATAN, ACEH",5,0,0,0
https://kawalpemilu.org#168,"LADANG TUHA, PASIE RAJA, ACEH SELATAN, ACEH",1,21,193,214
https://kawalpemilu.org#168,"LADANG TUHA, PASIE RAJA, ACEH SELATAN, ACEH",2,21,208,229
https://kawalpemilu.org#168,"LADANG TUHA, PASIE RAJA, ACEH SELATAN, ACEH",3,28,191,219
https://kawalpemilu.org#168,"LADANG TUHA, PASIE RAJA, ACEH SELATAN, ACEH",4,23,204,227
https://kawalpemilu.org#169,"MATA IE, PASIE RAJA, ACEH SELATAN, ACEH",1,9,168,177
https://kawalpemilu.org#169,"MATA IE, PASIE RAJA, ACEH SELATAN, ACEH",2,14,161,175
https://kawalpemilu.org#170,"UJUNG BATEE, PASIE RAJA, ACEH SELATAN, ACEH",1,17,233,250
https://kawalpemilu.org#170,"UJUNG BATEE, PASIE RAJA, ACEH SELATAN, ACEH",2,16,234,250
https://kawalpemilu.org#172,"SEUNEUBOK, PASIE RAJA, ACEH SELATAN, ACEH",1,16,173,189
https://kawalpemilu.org#172,"SEUNEUBOK, PASIE RAJA, ACEH SELATAN, ACEH",2,16,175,191
https://kawalpemilu.org#172,"SEUNEUBOK, PASIE RAJA, ACEH SELATAN, ACEH",3,10,179,189
https://kawalpemilu.org#173,"IE MIRAH, PASIE RAJA, ACEH SELATAN, ACEH",1,19,154,173
https://kawalpemilu.org#173,"IE MIRAH, PASIE RAJA, ACEH SELATAN, ACEH",2,3,169,172
https://kawalpemilu.org#173,"IE MIRAH, PASIE RAJA, ACEH SELATAN, ACEH",3,22,163,185
https://kawalpemilu.org#174,"PASIE RASIAN, PASIE RAJA, ACEH SELATAN, ACEH",1,8,111,119
https://kawalpemilu.org#175,"UJUNG PADANG RASIAN, PASIE RAJA, ACEH SELATAN, ACEH",1,27,185,212
https://kawalpemilu.org#175,"UJUNG PADANG RASIAN, PASIE RAJA, ACEH SELATAN, ACEH",2,23,181,204
https://kawalpemilu.org#176,"KRUENG KALEE, PASIE RAJA, ACEH SELATAN, ACEH",1,19,210,229
https://kawalpemilu.org#176,"KRUENG KALEE, PASIE RAJA, ACEH SELATAN, ACEH",2,13,201,214
https://kawalpemilu.org#177,"LHOK SIALANG RAYEUK, PASIE RAJA, ACEH SELATAN, ACEH",1,13,180,193
https://kawalpemilu.org#177,"LHOK SIALANG RAYEUK, PASIE RAJA, ACEH SELATAN, ACEH",2,9,192,201
https://kawalpemilu.org#177,"LHOK SIALANG RAYEUK, PASIE RAJA, ACEH SELATAN, ACEH",3,8,159,167
https://kawalpemilu.org#178,"TEUPIN GAJAH, PASIE RAJA, ACEH SELATAN, ACEH",1,8,228,236
https://kawalpemilu.org#178,"TEUPIN GAJAH, PASIE RAJA, ACEH SELATAN, ACEH",2,16,221,237
https://kawalpemilu.org#178,"TEUPIN GAJAH, PASIE RAJA, ACEH SELATAN, ACEH",3,11,224,235
https://kawalpemilu.org#179,"UJUNG PADANG ASAHAN, PASIE RAJA, ACEH SELATAN, ACEH",1,14,199,213
https://kawalpemilu.org#179,"UJUNG PADANG ASAHAN, PASIE RAJA, ACEH SELATAN, ACEH",2,8,191,199
https://kawalpemilu.org#179,"UJUNG PADANG ASAHAN, PASIE RAJA, ACEH SELATAN, ACEH",3,0,0,0
https://kawalpemilu.org#180,"PULO IE II, PASIE RAJA, ACEH SELATAN, ACEH",1,5,114,119
https://kawalpemilu.org#181,"GAMPONG  BARO, PASIE RAJA, ACEH SELATAN, ACEH",1,9,118,127
https://kawalpemilu.org#181,"GAMPONG  BARO, PASIE RAJA, ACEH SELATAN, ACEH",2,8,120,128
https://kawalpemilu.org#929289,"PANTE RAJA, PASIE RAJA, ACEH SELATAN, ACEH",1,20,152,172
https://kawalpemilu.org#929289,"PANTE RAJA, PASIE RAJA, ACEH SELATAN, ACEH",2,13,147,160
https://kawalpemilu.org#929289,"PANTE RAJA, PASIE RAJA, ACEH SELATAN, ACEH",3,18,144,162
https://kawalpemilu.org#183,"UJONG PULO CUT, BAKONGAN TIMUR, ACEH SELATAN, ACEH",1,12,133,145
https://kawalpemilu.org#183,"UJONG PULO CUT, BAKONGAN TIMUR, ACEH SELATAN, ACEH",2,13,142,155
https://kawalpemilu.org#184,"UJONG PULO RAYEUK, BAKONGAN TIMUR, ACEH SELATAN, ACEH",1,17,212,229
https://kawalpemilu.org#184,"UJONG PULO RAYEUK, BAKONGAN TIMUR, ACEH SELATAN, ACEH",2,23,166,189
https://kawalpemilu.org#184,"UJONG PULO RAYEUK, BAKONGAN TIMUR, ACEH SELATAN, ACEH",3,24,195,219
https://kawalpemilu.org#185,"PASIE SEUBADEH, BAKONGAN TIMUR, ACEH SELATAN, ACEH",1,15,245,260
https://kawalpemilu.org#185,"PASIE SEUBADEH, BAKONGAN TIMUR, ACEH SELATAN, ACEH",2,16,188,204
https://kawalpemilu.org#185,"PASIE SEUBADEH, BAKONGAN TIMUR, ACEH SELATAN, ACEH",3,15,195,210
https://kawalpemilu.org#185,"PASIE SEUBADEH, BAKONGAN TIMUR, ACEH SELATAN, ACEH",4,25,183,208
https://kawalpemilu.org#186,"LADANG RIMBA, BAKONGAN TIMUR, ACEH SELATAN, ACEH",1,18,127,145
https://kawalpemilu.org#186,"LADANG RIMBA, BAKONGAN TIMUR, ACEH SELATAN, ACEH",2,15,132,147
https://kawalpemilu.org#187,"SAWAH TINGKEUM, BAKONGAN TIMUR, ACEH SELATAN, ACEH",1,38,155,193
https://kawalpemilu.org#187,"SAWAH TINGKEUM, BAKONGAN TIMUR, ACEH SELATAN, ACEH",2,24,160,184
https://kawalpemilu.org#187,"SAWAH TINGKEUM, BAKONGAN TIMUR, ACEH SELATAN, ACEH",3,20,167,195
https://kawalpemilu.org#188,"SIMPANG, BAKONGAN TIMUR, ACEH SELATAN, ACEH",1,19,138,157
https://kawalpemilu.org#188,"SIMPANG, BAKONGAN TIMUR, ACEH SELATAN, ACEH",2,26,135,161
https://kawalpemilu.org#189,"SEULEUKAT, BAKONGAN TIMUR, ACEH SELATAN, ACEH",1,22,172,194
https://kawalpemilu.org#189,"SEULEUKAT, BAKONGAN TIMUR, ACEH SELATAN, ACEH",2,7,161,168
https://kawalpemilu.org#189,"SEULEUKAT, BAKONGAN TIMUR, ACEH SELATAN, ACEH",3,13,174,187
https://kawalpemilu.org#27,"SIMPANG DUA, KLUET TENGAH, ACEH SELATAN, ACEH",2,17,220,237
https://kawalpemilu.org#28,"SIMPANG TIGA, KLUET TENGAH, ACEH SELATAN, ACEH",1,19,213,232
https://kawalpemilu.org#28,"SIMPANG TIGA, KLUET TENGAH, ACEH SELATAN, ACEH",2,33,168,201
https://kawalpemilu.org#191,"KOTO, KLUET TENGAH, ACEH SELATAN, ACEH",1,9,190,199
https://kawalpemilu.org#191,"KOTO, KLUET TENGAH, ACEH SELATAN, ACEH",2,11,185,196
https://kawalpemilu.org#191,"KOTO, KLUET TENGAH, ACEH SELATAN, ACEH",3,13,191,204
https://kawalpemilu.org#191,"KOTO, KLUET TENGAH, ACEH SELATAN, ACEH",4,7,190,197
https://kawalpemilu.org#192,"JAMBO PAPAN, KLUET TENGAH, ACEH SELATAN, ACEH",1,38,191,229
https://kawalpemilu.org#192,"JAMBO PAPAN, KLUET TENGAH, ACEH SELATAN, ACEH",2,47,174,221
https://kawalpemilu.org#193,"KOTO INDARUNG, KLUET TENGAH, ACEH SELATAN, ACEH",1,25,146,171
https://kawalpemilu.org#193,"KOTO INDARUNG, KLUET TENGAH, ACEH SELATAN, ACEH",2,23,123,146
https://kawalpemilu.org#194,"LAWE MELANG, KLUET TENGAH, ACEH SELATAN, ACEH",1,23,242,265
https://kawalpemilu.org#195,"MALAKA, KLUET TENGAH, ACEH SELATAN, ACEH",1,45,172,217
https://kawalpemilu.org#195,"MALAKA, KLUET TENGAH, ACEH SELATAN, ACEH",2,39,187,226
https://kawalpemilu.org#196,"KAMPUNG SAWAH, KLUET TENGAH, ACEH SELATAN, ACEH",1,21,129,150
https://kawalpemilu.org#196,"KAMPUNG SAWAH, KLUET TENGAH, ACEH SELATAN, ACEH",2,22,116,138
https://kawalpemilu.org#197,"KAMPUNG PADANG, KLUET TENGAH, ACEH SELATAN, ACEH",1,36,235,271
https://kawalpemilu.org#198,"PULO AIR, KLUET TENGAH, ACEH SELATAN, ACEH",1,11,94,105
https://kawalpemilu.org#199,"MERSAK, KLUET TENGAH, ACEH SELATAN, ACEH",1,19,123,142
https://kawalpemilu.org#199,"MERSAK, KLUET TENGAH, ACEH SELATAN, ACEH",2,19,109,128
https://kawalpemilu.org#202,"ALUR KEUJRUN, KLUET TENGAH, ACEH SELATAN, ACEH",1,43,95,138
https://kawalpemilu.org#203,"SIURAI URAI, KLUET TENGAH, ACEH SELATAN, ACEH",1,5,88,93
https://kawalpemilu.org#205,"SAPIK, KLUET TIMUR, ACEH SELATAN, ACEH",1,41,176,218
https://kawalpemilu.org#205,"SAPIK, KLUET TIMUR, ACEH SELATAN, ACEH",2,26,193,219
https://kawalpemilu.org#205,"SAPIK, KLUET TIMUR, ACEH SELATAN, ACEH",3,37,192,229
https://kawalpemilu.org#206,"DURIAN KAWAN, KLUET TIMUR, ACEH SELATAN, ACEH",1,37,210,247
https://kawalpemilu.org#206,"DURIAN KAWAN, KLUET TIMUR, ACEH SELATAN, ACEH",2,28,206,234
https://kawalpemilu.org#206,"DURIAN KAWAN, KLUET TIMUR, ACEH SELATAN, ACEH",3,34,213,247
https://kawalpemilu.org#206,"DURIAN KAWAN, KLUET TIMUR, ACEH SELATAN, ACEH",4,35,211,246
https://kawalpemilu.org#207,"ALAI, KLUET TIMUR, ACEH SELATAN, ACEH",1,28,184,212
https://kawalpemilu.org#207,"ALAI, KLUET TIMUR, ACEH SELATAN, ACEH",2,24,181,205
https://kawalpemilu.org#208,"PAYA DAPUR, KLUET TIMUR, ACEH SELATAN, ACEH",1,6,236,242
https://kawalpemilu.org#208,"PAYA DAPUR, KLUET TIMUR, ACEH SELATAN, ACEH",2,8,221,229
https://kawalpemilu.org#208,"PAYA DAPUR, KLUET TIMUR, ACEH SELATAN, ACEH",3,13,217,230
https://kawalpemilu.org#208,"PAYA DAPUR, KLUET TIMUR, ACEH SELATAN, ACEH",4,12,220,232
https://kawalpemilu.org#209,"LAWE BULUH DIDI, KLUET TIMUR, ACEH SELATAN, ACEH",1,11,190,201
https://kawalpemilu.org#210,"LAWE SAWAH, KLUET TIMUR, ACEH SELATAN, ACEH",1,4,183,187
https://kawalpemilu.org#210,"LAWE SAWAH, KLUET TIMUR, ACEH SELATAN, ACEH",2,9,169,178
https://kawalpemilu.org#210,"LAWE SAWAH, KLUET TIMUR, ACEH SELATAN, ACEH",3,14,157,171
https://kawalpemilu.org#211,"PUCUK LEMBANG, KLUET TIMUR, ACEH SELATAN, ACEH",1,37,200,237
https://kawalpemilu.org#211,"PUCUK LEMBANG, KLUET TIMUR, ACEH SELATAN, ACEH",2,15,184,199
https://kawalpemilu.org#211,"PUCUK LEMBANG, KLUET TIMUR, ACEH SELATAN, ACEH",3,26,183,209
https://kawalpemilu.org#929290,"PAYA LABA, KLUET TIMUR, ACEH SELATAN, ACEH",1,35,175,210
https://kawalpemilu.org#929290,"PAYA LABA, KLUET TIMUR, ACEH SELATAN, ACEH",2,51,171,222
https://kawalpemilu.org#929290,"PAYA LABA, KLUET TIMUR, ACEH SELATAN, ACEH",3,41,187,228
https://kawalpemilu.org#929291,"LAWE CIMANOK, KLUET TIMUR, ACEH SELATAN, ACEH",1,19,208,227
https://kawalpemilu.org#929291,"LAWE CIMANOK, KLUET TIMUR, ACEH SELATAN, ACEH",2,45,175,220
https://kawalpemilu.org#929291,"LAWE CIMANOK, KLUET TIMUR, ACEH SELATAN, ACEH",3,26,210,236
https://kawalpemilu.org#929291,"LAWE CIMANOK, KLUET TIMUR, ACEH SELATAN, ACEH",4,4,91,95
https://kawalpemilu.org#214,"KRUENG LUAS, TRUMON TIMUR, ACEH SELATAN, ACEH",1,34,204,238
https://kawalpemilu.org#214,"KRUENG LUAS, TRUMON TIMUR, ACEH SELATAN, ACEH",2,21,202,223
https://kawalpemilu.org#214,"KRUENG LUAS, TRUMON TIMUR, ACEH SELATAN, ACEH",3,17,205,222
https://kawalpemilu.org#214,"KRUENG LUAS, TRUMON TIMUR, ACEH SELATAN, ACEH",4,21,220,241
https://kawalpemilu.org#215,"PINTO RIMBA, TRUMON TIMUR, ACEH SELATAN, ACEH",1,37,211,248
https://kawalpemilu.org#215,"PINTO RIMBA, TRUMON TIMUR, ACEH SELATAN, ACEH",2,33,182,215
https://kawalpemilu.org#215,"PINTO RIMBA, TRUMON TIMUR, ACEH SELATAN, ACEH",3,41,177,218
https://kawalpemilu.org#216,"SEUNEUBOK PUNTO, TRUMON TIMUR, ACEH SELATAN, ACEH",1,25,233,258
https://kawalpemilu.org#217,"ALUE BUJOK, TRUMON TIMUR, ACEH SELATAN, ACEH",1,11,90,101
https://kawalpemilu.org#218,"TITI POBEN, TRUMON TIMUR, ACEH SELATAN, ACEH",1,9,156,165
https://kawalpemilu.org#219,"JAMBO DALEM, TRUMON TIMUR, ACEH SELATAN, ACEH",1,23,226,249
https://kawalpemilu.org#219,"JAMBO DALEM, TRUMON TIMUR, ACEH SELATAN, ACEH",2,31,215,246
https://kawalpemilu.org#219,"JAMBO DALEM, TRUMON TIMUR, ACEH SELATAN, ACEH",3,27,209,236
https://kawalpemilu.org#219,"JAMBO DALEM, TRUMON TIMUR, ACEH SELATAN, ACEH",4,24,239,263
https://kawalpemilu.org#220,"KAPA SEUSAK, TRUMON TIMUR, ACEH SELATAN, ACEH",1,26,218,244
https://kawalpemilu.org#220,"KAPA SEUSAK, TRUMON TIMUR, ACEH SELATAN, ACEH",2,36,215,251
https://kawalpemilu.org#220,"KAPA SEUSAK, TRUMON TIMUR, ACEH SELATAN, ACEH",3,22,207,229
https://kawalpemilu.org#220,"KAPA SEUSAK, TRUMON TIMUR, ACEH SELATAN, ACEH",4,39,192,231
https://kawalpemilu.org#221,"SEUNEUBOK PUSAKA, TRUMON TIMUR, ACEH SELATAN, ACEH",1,24,184,208
https://kawalpemilu.org#221,"SEUNEUBOK PUSAKA, TRUMON TIMUR, ACEH SELATAN, ACEH",2,24,187,211
https://kawalpemilu.org#223,"TEUNGOH IBOH, LABUHAN HAJI BARAT, ACEH SELATAN, ACEH",1,12,234,246
https://kawalpemilu.org#223,"TEUNGOH IBOH, LABUHAN HAJI BARAT, ACEH SELATAN, ACEH",2,28,218,246
https://kawalpemilu.org#223,"TEUNGOH IBOH, LABUHAN HAJI BARAT, ACEH SELATAN, ACEH",3,33,209,242
https://kawalpemilu.org#224,"KUTA IBOH, LABUHAN HAJI BARAT, ACEH SELATAN, ACEH",1,13,243,256
https://kawalpemilu.org#224,"KUTA IBOH, LABUHAN HAJI BARAT, ACEH SELATAN, ACEH",2,18,228,246
https://kawalpemilu.org#224,"KUTA IBOH, LABUHAN HAJI BARAT, ACEH SELATAN, ACEH",3,14,202,216
https://kawalpemilu.org#225,"PEULOKAN, LABUHAN HAJI BARAT, ACEH SELATAN, ACEH",1,16,207,223
https://kawalpemilu.org#225,"PEULOKAN, LABUHAN HAJI BARAT, ACEH SELATAN, ACEH",2,12,244,256
https://kawalpemilu.org#226,"TUTONG, LABUHAN HAJI BARAT, ACEH SELATAN, ACEH",1,5,198,203
https://kawalpemilu.org#226,"TUTONG, LABUHAN HAJI BARAT, ACEH SELATAN, ACEH",2,16,208,224
https://kawalpemilu.org#226,"TUTONG, LABUHAN HAJI BARAT, ACEH SELATAN, ACEH",3,30,172,202
https://kawalpemilu.org#226,"TUTONG, LABUHAN HAJI BARAT, ACEH SELATAN, ACEH",4,35,162,197
https://kawalpemilu.org#227,"UJUNG PADANG, LABUHAN HAJI BARAT, ACEH SELATAN, ACEH",1,17,173,190
https://kawalpemilu.org#227,"UJUNG PADANG, LABUHAN HAJI BARAT, ACEH SELATAN, ACEH",2,12,167,181
https://kawalpemilu.org#227,"UJUNG PADANG, LABUHAN HAJI BARAT, ACEH SELATAN, ACEH",3,24,174,198
https://kawalpemilu.org#227,"UJUNG PADANG, LABUHAN HAJI BARAT, ACEH SELATAN, ACEH",4,18,164,182
https://kawalpemilu.org#228,"BLANG BARU, LABUHAN HAJI BARAT, ACEH SELATAN, ACEH",1,27,183,210
https://kawalpemilu.org#228,"BLANG BARU, LABUHAN HAJI BARAT, ACEH SELATAN, ACEH",2,20,160,180
https://kawalpemilu.org#228,"BLANG BARU, LABUHAN HAJI BARAT, ACEH SELATAN, ACEH",3,16,182,198
https://kawalpemilu.org#228,"BLANG BARU, LABUHAN HAJI BARAT, ACEH SELATAN, ACEH",4,21,189,210
https://kawalpemilu.org#229,"SUAK LOKAN, LABUHAN HAJI BARAT, ACEH SELATAN, ACEH",1,20,181,201
https://kawalpemilu.org#229,"SUAK LOKAN, LABUHAN HAJI BARAT, ACEH SELATAN, ACEH",2,14,177,191
https://kawalpemilu.org#229,"SUAK LOKAN, LABUHAN HAJI BARAT, ACEH SELATAN, ACEH",3,16,192,208
https://kawalpemilu.org#230,"PULO IE, LABUHAN HAJI BARAT, ACEH SELATAN, ACEH",1,18,175,193
https://kawalpemilu.org#231,"BLANG POROH, LABUHAN HAJI BARAT, ACEH SELATAN, ACEH",1,4,219,223
https://kawalpemilu.org#231,"BLANG POROH, LABUHAN HAJI BARAT, ACEH SELATAN, ACEH",2,5,202,207
https://kawalpemilu.org#231,"BLANG POROH, LABUHAN HAJI BARAT, ACEH SELATAN, ACEH",3,9,147,156
https://kawalpemilu.org#231,"BLANG POROH, LABUHAN HAJI BARAT, ACEH SELATAN, ACEH",4,11,161,172
https://kawalpemilu.org#232,"KUTA TRIENG, LABUHAN HAJI BARAT, ACEH SELATAN, ACEH",1,15,218,233
https://kawalpemilu.org#232,"KUTA TRIENG, LABUHAN HAJI BARAT, ACEH SELATAN, ACEH",2,16,234,250
https://kawalpemilu.org#232,"KUTA TRIENG, LABUHAN HAJI BARAT, ACEH SELATAN, ACEH",3,16,218,234
https://kawalpemilu.org#232,"KUTA TRIENG, LABUHAN HAJI BARAT, ACEH SELATAN, ACEH",4,17,191,208
https://kawalpemilu.org#232,"KUTA TRIENG, LABUHAN HAJI BARAT, ACEH SELATAN, ACEH",5,18,209,227
https://kawalpemilu.org#232,"KUTA TRIENG, LABUHAN HAJI BARAT, ACEH SELATAN, ACEH",6,26,211,237
https://kawalpemilu.org#233,"IKU LHUENG, LABUHAN HAJI BARAT, ACEH SELATAN, ACEH",1,15,210,225
https://kawalpemilu.org#234,"PANTON PAWOH, LABUHAN HAJI BARAT, ACEH SELATAN, ACEH",1,13,190,203
https://kawalpemilu.org#234,"PANTON PAWOH, LABUHAN HAJI BARAT, ACEH SELATAN, ACEH",2,15,175,190
https://kawalpemilu.org#234,"PANTON PAWOH, LABUHAN HAJI BARAT, ACEH SELATAN, ACEH",3,10,198,208
https://kawalpemilu.org#234,"PANTON PAWOH, LABUHAN HAJI BARAT, ACEH SELATAN, ACEH",4,10,156,166
https://kawalpemilu.org#235,"PANTE GEULIMA, LABUHAN HAJI BARAT, ACEH SELATAN, ACEH",1,17,175,192
https://kawalpemilu.org#235,"PANTE GEULIMA, LABUHAN HAJI BARAT, ACEH SELATAN, ACEH",2,7,159,166
https://kawalpemilu.org#235,"PANTE GEULIMA, LABUHAN HAJI BARAT, ACEH SELATAN, ACEH",3,13,147,160
https://kawalpemilu.org#929292,"BATEE MEUCANANG, LABUHAN HAJI BARAT, ACEH SELATAN, ACEH",1,12,234,246
https://kawalpemilu.org#929292,"BATEE MEUCANANG, LABUHAN HAJI BARAT, ACEH SELATAN, ACEH",2,6,242,248
https://kawalpemilu.org#929293,"PANTON RUBEK, LABUHAN HAJI BARAT, ACEH SELATAN, ACEH",1,24,217,241
https://kawalpemilu.org#929293,"PANTON RUBEK, LABUHAN HAJI BARAT, ACEH SELATAN, ACEH",2,11,225,236
https://kawalpemilu.org#237,"GUNUNG ROTAN, LABUHAN HAJI TIMUR, ACEH SELATAN, ACEH",1,9,161,170
https://kawalpemilu.org#237,"GUNUNG ROTAN, LABUHAN HAJI TIMUR, ACEH SELATAN, ACEH",2,2,181,183
https://kawalpemilu.org#237,"GUNUNG ROTAN, LABUHAN HAJI TIMUR, ACEH SELATAN, ACEH",3,8,190,198
https://kawalpemilu.org#237,"GUNUNG ROTAN, LABUHAN HAJI TIMUR, ACEH SELATAN, ACEH",4,7,166,173
https://kawalpemilu.org#238,"BEUTONG, LABUHAN HAJI TIMUR, ACEH SELATAN, ACEH",1,2,208,210
https://kawalpemilu.org#238,"BEUTONG, LABUHAN HAJI TIMUR, ACEH SELATAN, ACEH",2,5,196,201
https://kawalpemilu.org#239,"PEUNEULOP, LABUHAN HAJI TIMUR, ACEH SELATAN, ACEH",1,7,227,234
https://kawalpemilu.org#240,"LIMAU SARING, LABUHAN HAJI TIMUR, ACEH SELATAN, ACEH",1,7,203,210
https://kawalpemilu.org#240,"LIMAU SARING, LABUHAN HAJI TIMUR, ACEH SELATAN, ACEH",2,6,261,267
https://kawalpemilu.org#241,"AUR PEULUMAT, LABUHAN HAJI TIMUR, ACEH SELATAN, ACEH",1,8,137,145
https://kawalpemilu.org#241,"AUR PEULUMAT, LABUHAN HAJI TIMUR, ACEH SELATAN, ACEH",2,2,145,147
https://kawalpemilu.org#242,"PADANG PEULUMAT, LABUHAN HAJI TIMUR, ACEH SELATAN, ACEH",1,3,119,122
https://kawalpemilu.org#242,"PADANG PEULUMAT, LABUHAN HAJI TIMUR, ACEH SELATAN, ACEH",2,7,96,103
https://kawalpemilu.org#243,"TENGAH PEULUMAT, LABUHAN HAJI TIMUR, ACEH SELATAN, ACEH",1,7,189,196
https://kawalpemilu.org#243,"TENGAH PEULUMAT, LABUHAN HAJI TIMUR, ACEH SELATAN, ACEH",2,8,207,215
https://kawalpemilu.org#243,"TENGAH PEULUMAT, LABUHAN HAJI TIMUR, ACEH SELATAN, ACEH",3,15,192,207
https://kawalpemilu.org#244,"PAYA PEULUMAT, LABUHAN HAJI TIMUR, ACEH SELATAN, ACEH",1,18,229,247
https://kawalpemilu.org#244,"PAYA PEULUMAT, LABUHAN HAJI TIMUR, ACEH SELATAN, ACEH",2,11,210,221
https://kawalpemilu.org#245,"KEUMUMU HILIR, LABUHAN HAJI TIMUR, ACEH SELATAN, ACEH",1,25,217,242
https://kawalpemilu.org#245,"KEUMUMU HILIR, LABUHAN HAJI TIMUR, ACEH SELATAN, ACEH",2,15,191,206
https://kawalpemilu.org#245,"KEUMUMU HILIR, LABUHAN HAJI TIMUR, ACEH SELATAN, ACEH",3,21,185,206
https://kawalpemilu.org#245,"KEUMUMU HILIR, LABUHAN HAJI TIMUR, ACEH SELATAN, ACEH",4,18,208,226
https://kawalpemilu.org#246,"KEUMUMU HULU, LABUHAN HAJI TIMUR, ACEH SELATAN, ACEH",1,7,162,169
https://kawalpemilu.org#246,"KEUMUMU HULU, LABUHAN HAJI TIMUR, ACEH SELATAN, ACEH",2,10,169,179
https://kawalpemilu.org#247,"KEUMUMU SEBERANG, LABUHAN HAJI TIMUR, ACEH SELATAN, ACEH",1,10,172,182
https://kawalpemilu.org#247,"KEUMUMU SEBERANG, LABUHAN HAJI TIMUR, ACEH SELATAN, ACEH",2,6,190,196
https://kawalpemilu.org#247,"KEUMUMU SEBERANG, LABUHAN HAJI TIMUR, ACEH SELATAN, ACEH",3,8,177,185
https://kawalpemilu.org#247,"KEUMUMU SEBERANG, LABUHAN HAJI TIMUR, ACEH SELATAN, ACEH",4,2,187,189
https://kawalpemilu.org#929294,"SAWANG INDAH, LABUHAN HAJI TIMUR, ACEH SELATAN, ACEH",1,15,145,160
https://kawalpemilu.org#249,"BUKIT GADENG, KOTA BAHAGIA, ACEH SELATAN, ACEH",1,39,193,12
https://kawalpemilu.org#249,"BUKIT GADENG, KOTA BAHAGIA, ACEH SELATAN, ACEH",2,39,196,235
https://kawalpemilu.org#249,"BUKIT GADENG, KOTA BAHAGIA, ACEH SELATAN, ACEH",3,35,214,249
https://kawalpemilu.org#249,"BUKIT GADENG, KOTA BAHAGIA, ACEH SELATAN, ACEH",4,30,205,235
https://kawalpemilu.org#250,"RAMBONG, KOTA BAHAGIA, ACEH SELATAN, ACEH",1,23,150,173
https://kawalpemilu.org#250,"RAMBONG, KOTA BAHAGIA, ACEH SELATAN, ACEH",2,33,143,176
https://kawalpemilu.org#251,"SEUNEUBOK KEURANJI, KOTA BAHAGIA, ACEH SELATAN, ACEH",1,17,132,149
https://kawalpemilu.org#251,"SEUNEUBOK KEURANJI, KOTA BAHAGIA, ACEH SELATAN, ACEH",2,16,107,123
https://kawalpemilu.org#252,"SEUNEUBOK ALUR BULOH, KOTA BAHAGIA, ACEH SELATAN, ACEH",1,9,143,152
https://kawalpemilu.org#252,"SEUNEUBOK ALUR BULOH, KOTA BAHAGIA, ACEH SELATAN, ACEH",2,15,129,144
https://kawalpemilu.org#253,"UJONG TANOH, KOTA BAHAGIA, ACEH SELATAN, ACEH",1,21,209,230
https://kawalpemilu.org#253,"UJONG TANOH, KOTA BAHAGIA, ACEH SELATAN, ACEH",2,6,221,227
https://kawalpemilu.org#254,"UJONG GUNONG CUT, KOTA BAHAGIA, ACEH SELATAN, ACEH",1,9,75,84
https://kawalpemilu.org#255,"UJONG GUNUNG RAYEUK, KOTA BAHAGIA, ACEH SELATAN, ACEH",1,23,183,206
https://kawalpemilu.org#256,"BEUTONG, KOTA BAHAGIA, ACEH SELATAN, ACEH",1,21,165,186
https://kawalpemilu.org#257,"JAMBO KEUPOK, KOTA BAHAGIA, ACEH SELATAN, ACEH",1,36,149,185
https://kawalpemilu.org#257,"JAMBO KEUPOK, KOTA BAHAGIA, ACEH SELATAN, ACEH",2,44,136,180
https://kawalpemilu.org#257,"JAMBO KEUPOK, KOTA BAHAGIA, ACEH SELATAN, ACEH",3,33,162,195
https://kawalpemilu.org#258,"ALURDUAMAS, KOTA BAHAGIA, ACEH SELATAN, ACEH",1,7,187,194
https://kawalpemilu.org#258,"ALURDUAMAS, KOTA BAHAGIA, ACEH SELATAN, ACEH",2,10,174,184
https://kawalpemilu.org#258,"ALURDUAMAS, KOTA BAHAGIA, ACEH SELATAN, ACEH",3,5,165,170
https://kawalpemilu.org#260,"LADANG RIMBA, TRUMON TENGAH, ACEH SELATAN, ACEH",1,11,218,229
https://kawalpemilu.org#260,"LADANG RIMBA, TRUMON TENGAH, ACEH SELATAN, ACEH",2,20,198,218
https://kawalpemilu.org#260,"LADANG RIMBA, TRUMON TENGAH, ACEH SELATAN, ACEH",3,13,209,222
https://kawalpemilu.org#260,"LADANG RIMBA, TRUMON TENGAH, ACEH SELATAN, ACEH",4,44,188,232
https://kawalpemilu.org#260,"LADANG RIMBA, TRUMON TENGAH, ACEH SELATAN, ACEH",5,28,199,227
https://kawalpemilu.org#261,"GUNONG KAPHO, TRUMON TENGAH, ACEH SELATAN, ACEH",1,23,123,146
https://kawalpemilu.org#261,"GUNONG KAPHO, TRUMON TENGAH, ACEH SELATAN, ACEH",2,11,119,130
https://kawalpemilu.org#262,"KAMPONG TEUNGOH, TRUMON TENGAH, ACEH SELATAN, ACEH",1,17,116,133
https://kawalpemilu.org#263,"KRUENG BATEE, TRUMON TENGAH, ACEH SELATAN, ACEH",1,41,137,178
https://kawalpemilu.org#263,"KRUENG BATEE, TRUMON TENGAH, ACEH SELATAN, ACEH",2,30,141,171
https://kawalpemilu.org#264,"JAMBO PAPEUN, TRUMON TENGAH, ACEH SELATAN, ACEH",1,42,151,193
https://kawalpemilu.org#265,"COT BAYU, TRUMON TENGAH, ACEH SELATAN, ACEH",1,26,176,202
https://kawalpemilu.org#265,"COT BAYU, TRUMON TENGAH, ACEH SELATAN, ACEH",2,25,180,205
https://kawalpemilu.org#266,"NACA, TRUMON TENGAH, ACEH SELATAN, ACEH",1,29,186,215
https://kawalpemilu.org#267,"IE JEUREUNEH, TRUMON TENGAH, ACEH SELATAN, ACEH",1,20,209,229
https://kawalpemilu.org#267,"IE JEUREUNEH, TRUMON TENGAH, ACEH SELATAN, ACEH",2,15,189,204
https://kawalpemilu.org#268,"LHOK RAYA, TRUMON TENGAH, ACEH SELATAN, ACEH",1,78,134,212
https://kawalpemilu.org#89613,"PULO PAYA, TRUMON TENGAH, ACEH SELATAN, ACEH",1,15,153,168
https://kawalpemilu.org#89613,"PULO PAYA, TRUMON TENGAH, ACEH SELATAN, ACEH",2,14,160,174
https://kawalpemilu.org#271,"NGKERAN, LAWE ALAS, ACEH TENGGARA, ACEH",1,9,163,172
https://kawalpemilu.org#271,"NGKERAN, LAWE ALAS, ACEH TENGGARA, ACEH",2,12,139,151
https://kawalpemilu.org#272,"PASIR BANGUN, LAWE ALAS, ACEH TENGGARA, ACEH",1,11,197,208
https://kawalpemilu.org#272,"PASIR BANGUN, LAWE ALAS, ACEH TENGGARA, ACEH",2,9,196,205
https://kawalpemilu.org#272,"PASIR BANGUN, LAWE ALAS, ACEH TENGGARA, ACEH",3,21,147,168
https://kawalpemilu.org#273,"RUMAH KAMPUNG, LAWE ALAS, ACEH TENGGARA, ACEH",1,3,161,164
https://kawalpemilu.org#273,"RUMAH KAMPUNG, LAWE ALAS, ACEH TENGGARA, ACEH",2,18,130,148
https://kawalpemilu.org#274,"KUBU, LAWE ALAS, ACEH TENGGARA, ACEH",1,3,248,251
https://kawalpemilu.org#274,"KUBU, LAWE ALAS, ACEH TENGGARA, ACEH",2,0,245,245
https://kawalpemilu.org#275,"LAWE KONGKER, LAWE ALAS, ACEH TENGGARA, ACEH",1,8,242,250
https://kawalpemilu.org#275,"LAWE KONGKER, LAWE ALAS, ACEH TENGGARA, ACEH",2,14,239,253
https://kawalpemilu.org#276,"KUTA CINGKAM II, LAWE ALAS, ACEH TENGGARA, ACEH",1,16,187,203
https://kawalpemilu.org#276,"KUTA CINGKAM II, LAWE ALAS, ACEH TENGGARA, ACEH",2,2,219,221
https://kawalpemilu.org#276,"KUTA CINGKAM II, LAWE ALAS, ACEH TENGGARA, ACEH",3,13,157,170
https://kawalpemilu.org#277,"MUARA BARU, LAWE ALAS, ACEH TENGGARA, ACEH",1,15,155,170
https://kawalpemilu.org#277,"MUARA BARU, LAWE ALAS, ACEH TENGGARA, ACEH",2,11,141,152
https://kawalpemilu.org#278,"KUTA BATU I, LAWE ALAS, ACEH TENGGARA, ACEH",1,3,180,183
https://kawalpemilu.org#278,"KUTA BATU I, LAWE ALAS, ACEH TENGGARA, ACEH",2,13,176,189
https://kawalpemilu.org#278,"KUTA BATU I, LAWE ALAS, ACEH TENGGARA, ACEH",3,16,192,208
https://kawalpemilu.org#279,"KUTA CINGKAM I, LAWE ALAS, ACEH TENGGARA, ACEH",1,6,211,217
https://kawalpemilu.org#279,"KUTA CINGKAM I, LAWE ALAS, ACEH TENGGARA, ACEH",2,16,191,207
https://kawalpemilu.org#280,"KUTA BATU II, LAWE ALAS, ACEH TENGGARA, ACEH",1,15,238,253
https://kawalpemilu.org#280,"KUTA BATU II, LAWE ALAS, ACEH TENGGARA, ACEH",2,12,217,229
https://kawalpemilu.org#280,"KUTA BATU II, LAWE ALAS, ACEH TENGGARA, ACEH",3,8,200,208
https://kawalpemilu.org#282,"PERAPAT BATU NUNGGUL, LAWE ALAS, ACEH TENGGARA, ACEH",1,40,130,170
https://kawalpemilu.org#282,"PERAPAT BATU NUNGGUL, LAWE ALAS, ACEH TENGGARA, ACEH",2,32,139,171
https://kawalpemilu.org#282,"PERAPAT BATU NUNGGUL, LAWE ALAS, ACEH TENGGARA, ACEH",3,23,129,152
https://kawalpemilu.org#283,"PULO SEPANG, LAWE ALAS, ACEH TENGGARA, ACEH",1,31,172,203
https://kawalpemilu.org#283,"PULO SEPANG, LAWE ALAS, ACEH TENGGARA, ACEH",2,27,194,221
https://kawalpemilu.org#284,"RIH MBELANG, LAWE ALAS, ACEH TENGGARA, ACEH",1,12,139,151
https://kawalpemilu.org#284,"RIH MBELANG, LAWE ALAS, ACEH TENGGARA, ACEH",2,14,140,154
https://kawalpemilu.org#285,"KUTE BATU BARU, LAWE ALAS, ACEH TENGGARA, ACEH",1,37,188,225
https://kawalpemilu.org#285,"KUTE BATU BARU, LAWE ALAS, ACEH TENGGARA, ACEH",2,39,171,210
https://kawalpemilu.org#286,"DARUL AMIN, LAWE ALAS, ACEH TENGGARA, ACEH",1,8,239,239
https://kawalpemilu.org#286,"DARUL AMIN, LAWE ALAS, ACEH TENGGARA, ACEH",2,18,179,197
https://kawalpemilu.org#287,"LAWE LUBANG INDAH, LAWE ALAS, ACEH TENGGARA, ACEH",1,16,188,204
https://kawalpemilu.org#288,"BATU HAMPARAN, LAWE ALAS, ACEH TENGGARA, ACEH",1,54,115,169
https://kawalpemilu.org#289,"PAYE MUNJE, LAWE ALAS, ACEH TENGGARA, ACEH",1,17,199,216
https://kawalpemilu.org#289,"PAYE MUNJE, LAWE ALAS, ACEH TENGGARA, ACEH",2,12,188,220
https://kawalpemilu.org#290,"PULO NDADAP, LAWE ALAS, ACEH TENGGARA, ACEH",1,13,160,0
https://kawalpemilu.org#290,"PULO NDADAP, LAWE ALAS, ACEH TENGGARA, ACEH",2,15,139,6
https://kawalpemilu.org#291,"PASIR NUNGGUL, LAWE ALAS, ACEH TENGGARA, ACEH",1,8,176,184
https://kawalpemilu.org#292,"CINGKAM MEKHANGGUN, LAWE ALAS, ACEH TENGGARA, ACEH",1,7,155,162
https://kawalpemilu.org#292,"CINGKAM MEKHANGGUN, LAWE ALAS, ACEH TENGGARA, ACEH",2,2,144,146
https://kawalpemilu.org#293,"PINTU KHIMBE, LAWE ALAS, ACEH TENGGARA, ACEH",1,24,126,150
https://kawalpemilu.org#293,"PINTU KHIMBE, LAWE ALAS, ACEH TENGGARA, ACEH",2,24,123,147
https://kawalpemilu.org#294,"LAWE KONGKER HILIR, LAWE ALAS, ACEH TENGGARA, ACEH",1,22,203,225
https://kawalpemilu.org#295,"PULO GADUNG, LAWE ALAS, ACEH TENGGARA, ACEH",1,11,204,215
https://kawalpemilu.org#296,"PASIKH PEKHMATE, LAWE ALAS, ACEH TENGGARA, ACEH",1,19,138,157
https://kawalpemilu.org#296,"PASIKH PEKHMATE, LAWE ALAS, ACEH TENGGARA, ACEH",2,16,125,141
https://kawalpemilu.org#297,"PASIKH NUNANG, LAWE ALAS, ACEH TENGGARA, ACEH",1,48,102,150
https://kawalpemilu.org#297,"PASIKH NUNANG, LAWE ALAS, ACEH TENGGARA, ACEH",2,25,127,152
https://kawalpemilu.org#300,"BUKIT MERDEKA, LAWE SIGALA-GALA, ACEH TENGGARA, ACEH",1,23,163,186
https://kawalpemilu.org#300,"BUKIT MERDEKA, LAWE SIGALA-GALA, ACEH TENGGARA, ACEH",2,23,174,197
https://kawalpemilu.org#301,"DARUL AMAN, LAWE SIGALA-GALA, ACEH TENGGARA, ACEH",1,22,153,175
https://kawalpemilu.org#301,"DARUL AMAN, LAWE SIGALA-GALA, ACEH TENGGARA, ACEH",2,24,137,161
https://kawalpemilu.org#302,"LAWE KESUMPAT, LAWE SIGALA-GALA, ACEH TENGGARA, ACEH",1,155,2,157
https://kawalpemilu.org#302,"LAWE KESUMPAT, LAWE SIGALA-GALA, ACEH TENGGARA, ACEH",2,140,1,141
https://kawalpemilu.org#303,"LAWE TUA GABUNGAN, LAWE SIGALA-GALA, ACEH TENGGARA, ACEH",1,153,2,155
https://kawalpemilu.org#303,"LAWE TUA GABUNGAN, LAWE SIGALA-GALA, ACEH TENGGARA, ACEH",2,150,3,153
https://kawalpemilu.org#304,"LAWE SIGALA II, LAWE SIGALA-GALA, ACEH TENGGARA, ACEH",1,194,3,197
https://kawalpemilu.org#305,"LAWE SIGALA TIMUR, LAWE SIGALA-GALA, ACEH TENGGARA, ACEH",1,177,10,187
https://kawalpemilu.org#305,"LAWE SIGALA TIMUR, LAWE SIGALA-GALA, ACEH TENGGARA, ACEH",2,191,12,203
https://kawalpemilu.org#306,"LAWE SIGALA BARAT, LAWE SIGALA-GALA, ACEH TENGGARA, ACEH",1,28,126,154
https://kawalpemilu.org#306,"LAWE SIGALA BARAT, LAWE SIGALA-GALA, ACEH TENGGARA, ACEH",2,40,123,163
https://kawalpemilu.org#306,"LAWE SIGALA BARAT, LAWE SIGALA-GALA, ACEH TENGGARA, ACEH",3,22,128,150
https://kawalpemilu.org#307,"SUKA DAMAI, LAWE SIGALA-GALA, ACEH TENGGARA, ACEH",1,18,171,189
https://kawalpemilu.org#308,"KUTE TENGAH, LAWE SIGALA-GALA, ACEH TENGGARA, ACEH",1,153,72,225
https://kawalpemilu.org#308,"KUTE TENGAH, LAWE SIGALA-GALA, ACEH TENGGARA, ACEH",2,166,33,199
https://kawalpemilu.org#309,"TANAH BARU, LAWE SIGALA-GALA, ACEH TENGGARA, ACEH",1,158,21,179
https://kawalpemilu.org#309,"TANAH BARU, LAWE SIGALA-GALA, ACEH TENGGARA, ACEH",2,164,17,181
https://kawalpemilu.org#309,"TANAH BARU, LAWE SIGALA-GALA, ACEH TENGGARA, ACEH",3,157,12,169
https://kawalpemilu.org#310,"KEDATARAN GABUNGAN, LAWE SIGALA-GALA, ACEH TENGGARA, ACEH",1,111,3,114
https://kawalpemilu.org#310,"KEDATARAN GABUNGAN, LAWE SIGALA-GALA, ACEH TENGGARA, ACEH",2,122,5,127
https://kawalpemilu.org#311,"GABUNGAN PARSAROAN, LAWE SIGALA-GALA, ACEH TENGGARA, ACEH",1,132,6,138
https://kawalpemilu.org#311,"GABUNGAN PARSAROAN, LAWE SIGALA-GALA, ACEH TENGGARA, ACEH",2,137,4,141
https://kawalpemilu.org#312,"LAWE LONING GABUNGAN, LAWE SIGALA-GALA, ACEH TENGGARA, ACEH",1,148,5,153
https://kawalpemilu.org#312,"LAWE LONING GABUNGAN, LAWE SIGALA-GALA, ACEH TENGGARA, ACEH",2,147,4,151
https://kawalpemilu.org#313,"LAWE LONING AMAN, LAWE SIGALA-GALA, ACEH TENGGARA, ACEH",1,48,144,192
https://kawalpemilu.org#313,"LAWE LONING AMAN, LAWE SIGALA-GALA, ACEH TENGGARA, ACEH",2,48,147,195
https://kawalpemilu.org#313,"LAWE LONING AMAN, LAWE SIGALA-GALA, ACEH TENGGARA, ACEH",3,50,161,211
https://kawalpemilu.org#313,"LAWE LONING AMAN, LAWE SIGALA-GALA, ACEH TENGGARA, ACEH",4,64,155,219
https://kawalpemilu.org#314,"SUKA MAJU, LAWE SIGALA-GALA, ACEH TENGGARA, ACEH",1,221,8,229
https://kawalpemilu.org#314,"SUKA MAJU, LAWE SIGALA-GALA, ACEH TENGGARA, ACEH",2,212,9,221
https://kawalpemilu.org#315,"LAWE TUA MAKMUR, LAWE SIGALA-GALA, ACEH TENGGARA, ACEH",1,205,10,215
https://kawalpemilu.org#316,"LAWE TUA PERSATUAN, LAWE SIGALA-GALA, ACEH TENGGARA, ACEH",1,161,7,168
https://kawalpemilu.org#316,"LAWE TUA PERSATUAN, LAWE SIGALA-GALA, ACEH TENGGARA, ACEH",2,158,4,162
https://kawalpemilu.org#317,"LAWE SERKE, LAWE SIGALA-GALA, ACEH TENGGARA, ACEH",1,15,155,170
https://kawalpemilu.org#317,"LAWE SERKE, LAWE SIGALA-GALA, ACEH TENGGARA, ACEH",2,4,195,199
https://kawalpemilu.org#318,"LAWE RAKAT, LAWE SIGALA-GALA, ACEH TENGGARA, ACEH",1,110,55,165
https://kawalpemilu.org#318,"LAWE RAKAT, LAWE SIGALA-GALA, ACEH TENGGARA, ACEH",2,113,40,153
https://kawalpemilu.org#319,"SUKA JAYA, LAWE SIGALA-GALA, ACEH TENGGARA, ACEH",1,15,146,161
https://kawalpemilu.org#319,"SUKA JAYA, LAWE SIGALA-GALA, ACEH TENGGARA, ACEH",2,11,153,164
https://kawalpemilu.org#319,"SUKA JAYA, LAWE SIGALA-GALA, ACEH TENGGARA, ACEH",3,14,143,157
https://kawalpemilu.org#320,"EMIYA BATU DUA RATUS, LAWE SIGALA-GALA, ACEH TENGGARA, ACEH",1,7,140,147
https://kawalpemilu.org#320,"EMIYA BATU DUA RATUS, LAWE SIGALA-GALA, ACEH TENGGARA, ACEH",2,10,97,107
https://kawalpemilu.org#321,"SEBUNGKE, LAWE SIGALA-GALA, ACEH TENGGARA, ACEH",1,13,108,121
https://kawalpemilu.org#321,"SEBUNGKE, LAWE SIGALA-GALA, ACEH TENGGARA, ACEH",2,18,109,127
https://kawalpemilu.org#322,"BUKIT SEPAKAT, LAWE SIGALA-GALA, ACEH TENGGARA, ACEH",1,21,195,216
https://kawalpemilu.org#323,"LAWE LONING SEPAKAT, LAWE SIGALA-GALA, ACEH TENGGARA, ACEH",1,172,4,176
https://kawalpemilu.org#324,"LAWE LONING I, LAWE SIGALA-GALA, ACEH TENGGARA, ACEH",1,165,6,171
https://kawalpemilu.org#324,"LAWE LONING I, LAWE SIGALA-GALA, ACEH TENGGARA, ACEH",2,169,4,173
https://kawalpemilu.org#325,"GAYA JAYA, LAWE SIGALA-GALA, ACEH TENGGARA, ACEH",1,151,6,157
https://kawalpemilu.org#325,"GAYA JAYA, LAWE SIGALA-GALA, ACEH TENGGARA, ACEH",2,141,3,144
https://kawalpemilu.org#326,"GELAH MUSARA, LAWE SIGALA-GALA, ACEH TENGGARA, ACEH",1,12,162,174
https://kawalpemilu.org#327,"MULIE DAMAI, LAWE SIGALA-GALA, ACEH TENGGARA, ACEH",1,21,178,199
https://kawalpemilu.org#328,"LAWE LONING HAKHAPEN, LAWE SIGALA-GALA, ACEH TENGGARA, ACEH",1,75,74,149
https://kawalpemilu.org#328,"LAWE LONING HAKHAPEN, LAWE SIGALA-GALA, ACEH TENGGARA, ACEH",2,55,62,117
https://kawalpemilu.org#329,"KARYA INDAH, LAWE SIGALA-GALA, ACEH TENGGARA, ACEH",1,218,6,224
https://kawalpemilu.org#330,"KAYU MBELIN, LAWE SIGALA-GALA, ACEH TENGGARA, ACEH",1,149,7,156
https://kawalpemilu.org#330,"KAYU MBELIN, LAWE SIGALA-GALA, ACEH TENGGARA, ACEH",2,131,6,137
https://kawalpemilu.org#331,"LAWE SIGALA BARAT JAYA, LAWE SIGALA-GALA, ACEH TENGGARA, ACEH",1,41,128,169
https://kawalpemilu.org#331,"LAWE SIGALA BARAT JAYA, LAWE SIGALA-GALA, ACEH TENGGARA, ACEH",2,46,101,147
https://kawalpemilu.org#331,"LAWE SIGALA BARAT JAYA, LAWE SIGALA-GALA, ACEH TENGGARA, ACEH",3,30,105,135
https://kawalpemilu.org#332,"LAWE PEKHIDINEN, LAWE SIGALA-GALA, ACEH TENGGARA, ACEH",1,42,89,131
https://kawalpemilu.org#332,"LAWE PEKHIDINEN, LAWE SIGALA-GALA, ACEH TENGGARA, ACEH",2,31,92,123
https://kawalpemilu.org#333,"KERTIMBANG, LAWE SIGALA-GALA, ACEH TENGGARA, ACEH",1,115,8,123
https://kawalpemilu.org#334,"NDAUH NITENGGO, LAWE SIGALA-GALA, ACEH TENGGARA, ACEH",1,144,7,151
https://kawalpemilu.org#334,"NDAUH NITENGGO, LAWE SIGALA-GALA, ACEH TENGGARA, ACEH",2,133,12,145
https://kawalpemilu.org#336,"BAMBEL GABUNGAN, BAMBEL, ACEH TENGGARA, ACEH",1,9,185,194
https://kawalpemilu.org#336,"BAMBEL GABUNGAN, BAMBEL, ACEH TENGGARA, ACEH",2,4,188,192
https://kawalpemilu.org#336,"BAMBEL GABUNGAN, BAMBEL, ACEH TENGGARA, ACEH",3,16,160,176
https://kawalpemilu.org#336,"BAMBEL GABUNGAN, BAMBEL, ACEH TENGGARA, ACEH",4,15,133,148
https://kawalpemilu.org#337,"LAWE HIJO, BAMBEL, ACEH TENGGARA, ACEH",1,27,184,210
https://kawalpemilu.org#337,"LAWE HIJO, BAMBEL, ACEH TENGGARA, ACEH",2,30,163,193
https://kawalpemilu.org#338,"PINDING, BAMBEL, ACEH TENGGARA, ACEH",1,13,125,138
https://kawalpemilu.org#338,"PINDING, BAMBEL, ACEH TENGGARA, ACEH",2,10,180,190
https://kawalpemilu.org#338,"PINDING, BAMBEL, ACEH TENGGARA, ACEH",3,16,116,132
https://kawalpemilu.org#338,"PINDING, BAMBEL, ACEH TENGGARA, ACEH",4,9,171,180
https://kawalpemilu.org#339,"TERUTUNG MEGARA ASLI, BAMBEL, ACEH TENGGARA, ACEH",1,15,257,272
https://kawalpemilu.org#339,"TERUTUNG MEGARA ASLI, BAMBEL, ACEH TENGGARA, ACEH",2,20,227,247
https://kawalpemilu.org#341,"KUTE LANG-LANG, BAMBEL, ACEH TENGGARA, ACEH",1,17,176,193
https://kawalpemilu.org#341,"KUTE LANG-LANG, BAMBEL, ACEH TENGGARA, ACEH",2,9,175,184
https://kawalpemilu.org#342,"PEDESI, BAMBEL, ACEH TENGGARA, ACEH",1,5,160,165
https://kawalpemilu.org#342,"PEDESI, BAMBEL, ACEH TENGGARA, ACEH",2,11,159,170
https://kawalpemilu.org#343,"TERUTUNG PAYUNG HULU, BAMBEL, ACEH TENGGARA, ACEH",1,12,159,171
https://kawalpemilu.org#343,"TERUTUNG PAYUNG HULU, BAMBEL, ACEH TENGGARA, ACEH",2,12,140,152
https://kawalpemilu.org#344,"TERUTUNG PAYUNG HILIR, BAMBEL, ACEH TENGGARA, ACEH",1,13,178,191
https://kawalpemilu.org#345,"TUALANG SEMBILAR, BAMBEL, ACEH TENGGARA, ACEH",1,10,208,218
https://kawalpemilu.org#345,"TUALANG SEMBILAR, BAMBEL, ACEH TENGGARA, ACEH",2,16,160,176
https://kawalpemilu.org#346,"KUNING I, BAMBEL, ACEH TENGGARA, ACEH",2,21,185,206
https://kawalpemilu.org#346,"KUNING I, BAMBEL, ACEH TENGGARA, ACEH",3,31,182,213
https://kawalpemilu.org#346,"KUNING I, BAMBEL, ACEH TENGGARA, ACEH",4,23,172,195
https://kawalpemilu.org#347,"KUNING II, BAMBEL, ACEH TENGGARA, ACEH",1,48,149,197
https://kawalpemilu.org#347,"KUNING II, BAMBEL, ACEH TENGGARA, ACEH",2,31,161,192
https://kawalpemilu.org#348,"CINTA DAMAI, BAMBEL, ACEH TENGGARA, ACEH",1,54,171,225
https://kawalpemilu.org#348,"CINTA DAMAI, BAMBEL, ACEH TENGGARA, ACEH",2,59,134,193
https://kawalpemilu.org#349,"LIKAT, BAMBEL, ACEH TENGGARA, ACEH",1,60,138,198
https://kawalpemilu.org#349,"LIKAT, BAMBEL, ACEH TENGGARA, ACEH",2,44,137,181
https://kawalpemilu.org#350,"RIKIT, BAMBEL, ACEH TENGGARA, ACEH",1,25,114,139
https://kawalpemilu.org#350,"RIKIT, BAMBEL, ACEH TENGGARA, ACEH",2,25,112,137
https://kawalpemilu.org#351,"BAMBEL, BAMBEL, ACEH TENGGARA, ACEH",1,18,252,270
https://kawalpemilu.org#351,"BAMBEL, BAMBEL, ACEH TENGGARA, ACEH",2,16,195,211
https://kawalpemilu.org#352,"LAWE KIHING, BAMBEL, ACEH TENGGARA, ACEH",1,18,176,194
https://kawalpemilu.org#352,"LAWE KIHING, BAMBEL, ACEH TENGGARA, ACEH",2,10,151,161
https://kawalpemilu.org#353,"TERUTUNG SEPERAI, BAMBEL, ACEH TENGGARA, ACEH",1,21,130,151
https://kawalpemilu.org#353,"TERUTUNG SEPERAI, BAMBEL, ACEH TENGGARA, ACEH",2,19,139,158
https://kawalpemilu.org#354,"KUTE SERI, BAMBEL, ACEH TENGGARA, ACEH",1,9,133,142
https://kawalpemilu.org#355,"KUTE ANTARA, BAMBEL, ACEH TENGGARA, ACEH",1,32,141,173
https://kawalpemilu.org#356,"PULO PERENGGE, BAMBEL, ACEH TENGGARA, ACEH",1,26,167,193
https://kawalpemilu.org#357,"PULO KEDONDONG, BAMBEL, ACEH TENGGARA, ACEH",1,14,187,201
https://kawalpemilu.org#357,"PULO KEDONDONG, BAMBEL, ACEH TENGGARA, ACEH",2,20,188,208
https://kawalpemilu.org#359,"BIAK MULI BAKHU, BAMBEL, ACEH TENGGARA, ACEH",1,30,168,198
https://kawalpemilu.org#359,"BIAK MULI BAKHU, BAMBEL, ACEH TENGGARA, ACEH",2,15,176,191
https://kawalpemilu.org#360,"BIAK MULI PANTAI RAJA, BAMBEL, ACEH TENGGARA, ACEH",1,28,192,221
https://kawalpemilu.org#361,"BIAK MULI SEJAHTERA, BAMBEL, ACEH TENGGARA, ACEH",1,14,114,128
https://kawalpemilu.org#363,"TERUTUNG PAYUNG GABUNGAN, BAMBEL, ACEH TENGGARA, ACEH",1,1,228,229
https://kawalpemilu.org#364,"LAWE HIJO METUAH, BAMBEL, ACEH TENGGARA, ACEH",1,38,184,222
https://kawalpemilu.org#365,"AMPERA, BAMBEL, ACEH TENGGARA, ACEH",1,17,193,210
https://kawalpemilu.org#366,"TEMBILAKH BAKHU, BAMBEL, ACEH TENGGARA, ACEH",1,8,141,149
https://kawalpemilu.org#367,"KUTE LANG LANG BAKHU, BAMBEL, ACEH TENGGARA, ACEH",1,10,138,148
https://kawalpemilu.org#931144,"KUTE BULUH, BAMBEL, ACEH TENGGARA, ACEH",1,19,63,82
https://kawalpemilu.org#370,"KOTA KUTACANE, BABUSSALAM, ACEH TENGGARA, ACEH",1,27,66,93
https://kawalpemilu.org#370,"KOTA KUTACANE, BABUSSALAM, ACEH TENGGARA, ACEH",2,40,96,133
https://kawalpemilu.org#370,"KOTA KUTACANE, BABUSSALAM, ACEH TENGGARA, ACEH",3,44,62,106
https://kawalpemilu.org#370,"KOTA KUTACANE, BABUSSALAM, ACEH TENGGARA, ACEH",4,47,86,133
https://kawalpemilu.org#370,"KOTA KUTACANE, BABUSSALAM, ACEH TENGGARA, ACEH",5,18,128,146
https://kawalpemilu.org#370,"KOTA KUTACANE, BABUSSALAM, ACEH TENGGARA, ACEH",6,25,144,169
https://kawalpemilu.org#370,"KOTA KUTACANE, BABUSSALAM, ACEH TENGGARA, ACEH",7,23,154,177
https://kawalpemilu.org#370,"KOTA KUTACANE, BABUSSALAM, ACEH TENGGARA, ACEH",8,24,118,142
https://kawalpemilu.org#370,"KOTA KUTACANE, BABUSSALAM, ACEH TENGGARA, ACEH",9,68,100,168
https://kawalpemilu.org#370,"KOTA KUTACANE, BABUSSALAM, ACEH TENGGARA, ACEH",10,23,99,122
https://kawalpemilu.org#370,"KOTA KUTACANE, BABUSSALAM, ACEH TENGGARA, ACEH",11,26,73,99
https://kawalpemilu.org#370,"KOTA KUTACANE, BABUSSALAM, ACEH TENGGARA, ACEH",13,23,121,144
https://kawalpemilu.org#370,"KOTA KUTACANE, BABUSSALAM, ACEH TENGGARA, ACEH",14,29,119,148
https://kawalpemilu.org#370,"KOTA KUTACANE, BABUSSALAM, ACEH TENGGARA, ACEH",15,26,121,147
https://kawalpemilu.org#370,"KOTA KUTACANE, BABUSSALAM, ACEH TENGGARA, ACEH",17,13,134,147
https://kawalpemilu.org#371,"PERAPAT HILIR, BABUSSALAM, ACEH TENGGARA, ACEH",1,16,153,169
https://kawalpemilu.org#371,"PERAPAT HILIR, BABUSSALAM, ACEH TENGGARA, ACEH",2,4,181,185
https://kawalpemilu.org#371,"PERAPAT HILIR, BABUSSALAM, ACEH TENGGARA, ACEH",3,14,189,203
https://kawalpemilu.org#371,"PERAPAT HILIR, BABUSSALAM, ACEH TENGGARA, ACEH",4,25,160,185
https://kawalpemilu.org#371,"PERAPAT HILIR, BABUSSALAM, ACEH TENGGARA, ACEH",5,20,150,170
https://kawalpemilu.org#372,"PERAPAT HULU, BABUSSALAM, ACEH TENGGARA, ACEH",1,37,158,195
https://kawalpemilu.org#372,"PERAPAT HULU, BABUSSALAM, ACEH TENGGARA, ACEH",2,32,134,166
https://kawalpemilu.org#372,"PERAPAT HULU, BABUSSALAM, ACEH TENGGARA, ACEH",3,0,0,0
https://kawalpemilu.org#372,"PERAPAT HULU, BABUSSALAM, ACEH TENGGARA, ACEH",4,24,100,124
https://kawalpemilu.org#372,"PERAPAT HULU, BABUSSALAM, ACEH TENGGARA, ACEH",5,20,125,145
https://kawalpemilu.org#372,"PERAPAT HULU, BABUSSALAM, ACEH TENGGARA, ACEH",6,0,0,0
https://kawalpemilu.org#373,"MUARA LAWE BULAN, BABUSSALAM, ACEH TENGGARA, ACEH",1,12,144,156
https://kawalpemilu.org#373,"MUARA LAWE BULAN, BABUSSALAM, ACEH TENGGARA, ACEH",2,17,169,186
https://kawalpemilu.org#374,"MBARUNG, BABUSSALAM, ACEH TENGGARA, ACEH",1,25,162,187
https://kawalpemilu.org#374,"MBARUNG, BABUSSALAM, ACEH TENGGARA, ACEH",2,25,162,187
https://kawalpemilu.org#374,"MBARUNG, BABUSSALAM, ACEH TENGGARA, ACEH",3,26,146,172
https://kawalpemilu.org#374,"MBARUNG, BABUSSALAM, ACEH TENGGARA, ACEH",4,16,136,152
https://kawalpemilu.org#375,"BATU MBULAN ASLI, BABUSSALAM, ACEH TENGGARA, ACEH",1,2,295,297
https://kawalpemilu.org#375,"BATU MBULAN ASLI, BABUSSALAM, ACEH TENGGARA, ACEH",2,5,274,279
https://kawalpemilu.org#376,"BATU MBULAN I, BABUSSALAM, ACEH TENGGARA, ACEH",1,7,217,224
https://kawalpemilu.org#376,"BATU MBULAN I, BABUSSALAM, ACEH TENGGARA, ACEH",2,6,226,232
https://kawalpemilu.org#377,"BATU MBULAN II, BABUSSALAM, ACEH TENGGARA, ACEH",1,4,164,168
https://kawalpemilu.org#377,"BATU MBULAN II, BABUSSALAM, ACEH TENGGARA, ACEH",2,5,160,165
https://kawalpemilu.org#378,"KAMPUNG RAJA, BABUSSALAM, ACEH TENGGARA, ACEH",1,33,187,220
https://kawalpemilu.org#378,"KAMPUNG RAJA, BABUSSALAM, ACEH TENGGARA, ACEH",2,21,204,225
https://kawalpemilu.org#379,"PULONAS, BABUSSALAM, ACEH TENGGARA, ACEH",2,31,157,188
https://kawalpemilu.org#379,"PULONAS, BABUSSALAM, ACEH TENGGARA, ACEH",3,17,135,152
https://kawalpemilu.org#379,"PULONAS, BABUSSALAM, ACEH TENGGARA, ACEH",4,29,120,149
https://kawalpemilu.org#379,"PULONAS, BABUSSALAM, ACEH TENGGARA, ACEH",5,23,122,145
https://kawalpemilu.org#379,"PULONAS, BABUSSALAM, ACEH TENGGARA, ACEH",7,30,196,226
https://kawalpemilu.org#379,"PULONAS, BABUSSALAM, ACEH TENGGARA, ACEH",8,37,142,179
https://kawalpemilu.org#379,"PULONAS, BABUSSALAM, ACEH TENGGARA, ACEH",9,18,137,155
https://kawalpemilu.org#380,"KAMPUNG MELAYU GABUNGAN, BABUSSALAM, ACEH TENGGARA, ACEH",1,9,120,129
https://kawalpemilu.org#380,"KAMPUNG MELAYU GABUNGAN, BABUSSALAM, ACEH TENGGARA, ACEH",2,16,136,152
https://kawalpemilu.org#381,"TERUTUNG PEDI, BABUSSALAM, ACEH TENGGARA, ACEH",1,19,185,204
https://kawalpemilu.org#381,"TERUTUNG PEDI, BABUSSALAM, ACEH TENGGARA, ACEH",2,19,182,201
https://kawalpemilu.org#383,"GUMPANG JAYA, BABUSSALAM, ACEH TENGGARA, ACEH",1,11,150,161
https://kawalpemilu.org#383,"GUMPANG JAYA, BABUSSALAM, ACEH TENGGARA, ACEH",2,3,175,178
https://kawalpemilu.org#384,"PULO LATONG, BABUSSALAM, ACEH TENGGARA, ACEH",1,38,159,197
https://kawalpemilu.org#384,"PULO LATONG, BABUSSALAM, ACEH TENGGARA, ACEH",2,31,203,234
https://kawalpemilu.org#384,"PULO LATONG, BABUSSALAM, ACEH TENGGARA, ACEH",3,27,153,180
https://kawalpemilu.org#384,"PULO LATONG, BABUSSALAM, ACEH TENGGARA, ACEH",4,29,117,146
https://kawalpemilu.org#385,"KUTACANE LAMA, BABUSSALAM, ACEH TENGGARA, ACEH",1,22,200,222
https://kawalpemilu.org#385,"KUTACANE LAMA, BABUSSALAM, ACEH TENGGARA, ACEH",2,14,152,166
https://kawalpemilu.org#385,"KUTACANE LAMA, BABUSSALAM, ACEH TENGGARA, ACEH",3,11,137,148
https://kawalpemilu.org#385,"KUTACANE LAMA, BABUSSALAM, ACEH TENGGARA, ACEH",4,22,151,173
https://kawalpemilu.org#385,"KUTACANE LAMA, BABUSSALAM, ACEH TENGGARA, ACEH",5,13,178,191
https://kawalpemilu.org#385,"KUTACANE LAMA, BABUSSALAM, ACEH TENGGARA, ACEH",6,13,139,152
https://kawalpemilu.org#386,"BATU MBULAN BARU, BABUSSALAM, ACEH TENGGARA, ACEH",1,14,131,145
https://kawalpemilu.org#386,"BATU MBULAN BARU, BABUSSALAM, ACEH TENGGARA, ACEH",2,12,130,142
https://kawalpemilu.org#387,"PULO PEDING, BABUSSALAM, ACEH TENGGARA, ACEH",1,28,222,250
https://kawalpemilu.org#389,"UJUNG BARAT, BABUSSALAM, ACEH TENGGARA, ACEH",1,8,149,157
https://kawalpemilu.org#390,"PERAPAT TITI PANJANG, BABUSSALAM, ACEH TENGGARA, ACEH",1,90,76,166
https://kawalpemilu.org#390,"PERAPAT TITI PANJANG, BABUSSALAM, ACEH TENGGARA, ACEH",2,59,108,167
https://kawalpemilu.org#390,"PERAPAT TITI PANJANG, BABUSSALAM, ACEH TENGGARA, ACEH",3,28,138,166
https://kawalpemilu.org#390,"PERAPAT TITI PANJANG, BABUSSALAM, ACEH TENGGARA, ACEH",4,22,203,225
https://kawalpemilu.org#391,"PERAPAT SEPAKAT, BABUSSALAM, ACEH TENGGARA, ACEH",1,24,157,181
https://kawalpemilu.org#391,"PERAPAT SEPAKAT, BABUSSALAM, ACEH TENGGARA, ACEH",2,20,157,177
https://kawalpemilu.org#391,"PERAPAT SEPAKAT, BABUSSALAM, ACEH TENGGARA, ACEH",3,28,168,196
https://kawalpemilu.org#391,"PERAPAT SEPAKAT, BABUSSALAM, ACEH TENGGARA, ACEH",4,15,193,208
https://kawalpemilu.org#392,"ALAS MERANCAR, BABUSSALAM, ACEH TENGGARA, ACEH",1,33,154,187
https://kawalpemilu.org#392,"ALAS MERANCAR, BABUSSALAM, ACEH TENGGARA, ACEH",2,29,142,171
https://kawalpemilu.org#393,"BATU MBULAN SEPAKAT, BABUSSALAM, ACEH TENGGARA, ACEH",1,9,127,136
https://kawalpemilu.org#393,"BATU MBULAN SEPAKAT, BABUSSALAM, ACEH TENGGARA, ACEH",2,13,113,126
https://kawalpemilu.org#394,"PULO SANGGAR, BABUSSALAM, ACEH TENGGARA, ACEH",1,16,163,179
https://kawalpemilu.org#394,"PULO SANGGAR, BABUSSALAM, ACEH TENGGARA, ACEH",2,12,141,153
https://kawalpemilu.org#395,"KAMPUNG MELAYU I, BABUSSALAM, ACEH TENGGARA, ACEH",1,17,175,192
https://kawalpemilu.org#396,"MBARUNG DATUK SAUDANE, BABUSSALAM, ACEH TENGGARA, ACEH",1,49,161,210
https://kawalpemilu.org#398,"SALANG ALAS, BADAR, ACEH TENGGARA, ACEH",1,12,213,225
https://kawalpemilu.org#399,"KUTE PASIR, BADAR, ACEH TENGGARA, ACEH",1,9,152,161
https://kawalpemilu.org#399,"KUTE PASIR, BADAR, ACEH TENGGARA, ACEH",2,11,138,149
https://kawalpemilu.org#400,"PURWODADI, BADAR, ACEH TENGGARA, ACEH",1,26,203,229
https://kawalpemilu.org#400,"PURWODADI, BADAR, ACEH TENGGARA, ACEH",2,20,196,216
https://kawalpemilu.org#400,"PURWODADI, BADAR, ACEH TENGGARA, ACEH",3,27,172,199
https://kawalpemilu.org#401,"KUTE TINGGI, BADAR, ACEH TENGGARA, ACEH",1,10,168,178
https://kawalpemilu.org#401,"KUTE TINGGI, BADAR, ACEH TENGGARA, ACEH",2,5,170,175
https://kawalpemilu.org#401,"KUTE TINGGI, BADAR, ACEH TENGGARA, ACEH",3,12,155,167
https://kawalpemilu.org#402,"KAMPUNG BARU, BADAR, ACEH TENGGARA, ACEH",1,22,144,166
https://kawalpemilu.org#402,"KAMPUNG BARU, BADAR, ACEH TENGGARA, ACEH",2,30,146,176
https://kawalpemilu.org#402,"KAMPUNG BARU, BADAR, ACEH TENGGARA, ACEH",3,26,147,173
https://kawalpemilu.org#403,"PERANGINAN, BADAR, ACEH TENGGARA, ACEH",1,192,29,221
https://kawalpemilu.org#403,"PERANGINAN, BADAR, ACEH TENGGARA, ACEH",2,197,19,216
https://kawalpemilu.org#403,"PERANGINAN, BADAR, ACEH TENGGARA, ACEH",3,149,29,178
https://kawalpemilu.org#404,"NATAM, BADAR, ACEH TENGGARA, ACEH",1,0,0,0
https://kawalpemilu.org#404,"NATAM, BADAR, ACEH TENGGARA, ACEH",2,20,190,210
https://kawalpemilu.org#405,"KUMBANG JAYA, BADAR, ACEH TENGGARA, ACEH",1,0,0,0
https://kawalpemilu.org#405,"KUMBANG JAYA, BADAR, ACEH TENGGARA, ACEH",2,1,189,190
https://kawalpemilu.org#405,"KUMBANG JAYA, BADAR, ACEH TENGGARA, ACEH",3,17,201,218
https://kawalpemilu.org#405,"KUMBANG JAYA, BADAR, ACEH TENGGARA, ACEH",4,18,215,233
https://kawalpemilu.org#406,"KUMBANG INDAH, BADAR, ACEH TENGGARA, ACEH",1,23,145,168
https://kawalpemilu.org#406,"KUMBANG INDAH, BADAR, ACEH TENGGARA, ACEH",2,27,139,166
https://kawalpemilu.org#406,"KUMBANG INDAH, BADAR, ACEH TENGGARA, ACEH",3,22,132,154
https://kawalpemilu.org#406,"KUMBANG INDAH, BADAR, ACEH TENGGARA, ACEH",4,17,150,167
https://kawalpemilu.org#406,"KUMBANG INDAH, BADAR, ACEH TENGGARA, ACEH",5,13,151,164
https://kawalpemilu.org#407,"NATAM BARU, BADAR, ACEH TENGGARA, ACEH",1,38,200,238
https://kawalpemilu.org#407,"NATAM BARU, BADAR, ACEH TENGGARA, ACEH",2,18,207,225
https://kawalpemilu.org#407,"NATAM BARU, BADAR, ACEH TENGGARA, ACEH",3,18,132,150
https://kawalpemilu.org#408,"DELENG MEGAKHE, BADAR, ACEH TENGGARA, ACEH",2,23,131,154
https://kawalpemilu.org#408,"DELENG MEGAKHE, BADAR, ACEH TENGGARA, ACEH",3,67,67,134
https://kawalpemilu.org#408,"DELENG MEGAKHE, BADAR, ACEH TENGGARA, ACEH",4,105,29,134
https://kawalpemilu.org#409,"LAWE BEKUNG, BADAR, ACEH TENGGARA, ACEH",1,154,10,164
https://kawalpemilu.org#410,"LAWE BEKUNG TAMPAHAN, BADAR, ACEH TENGGARA, ACEH",1,157,26,183
https://kawalpemilu.org#411,"BADAR INDAH, BADAR, ACEH TENGGARA, ACEH",1,24,231,255
https://kawalpemilu.org#412,"BATU MBERONG, BADAR, ACEH TENGGARA, ACEH",1,57,137,194
https://kawalpemilu.org#413,"TANAH MERAH, BADAR, ACEH TENGGARA, ACEH",1,27,147,174
https://kawalpemilu.org#413,"TANAH MERAH, BADAR, ACEH TENGGARA, ACEH",2,24,154,178
https://kawalpemilu.org#414,"TANOH MEGAKHE, BADAR, ACEH TENGGARA, ACEH",1,92,68,160
https://kawalpemilu.org#414,"TANOH MEGAKHE, BADAR, ACEH TENGGARA, ACEH",2,48,92,140
https://kawalpemilu.org#414,"TANOH MEGAKHE, BADAR, ACEH TENGGARA, ACEH",3,86,69,155
https://kawalpemilu.org#415,"LAWE SEKEKHAH, BADAR, ACEH TENGGARA, ACEH",1,19,128,147
https://kawalpemilu.org#415,"LAWE SEKEKHAH, BADAR, ACEH TENGGARA, ACEH",2,27,104,131
https://kawalpemilu.org#417,"PARDOMUAN II, BABUL MAKMUR, ACEH TENGGARA, ACEH",1,205,4,209
https://kawalpemilu.org#417,"PARDOMUAN II, BABUL MAKMUR, ACEH TENGGARA, ACEH",2,195,4,199
https://kawalpemilu.org#417,"PARDOMUAN II, BABUL MAKMUR, ACEH TENGGARA, ACEH",3,153,4,157
https://kawalpemilu.org#418,"LAWE DESKY I, BABUL MAKMUR, ACEH TENGGARA, ACEH",1,128,39,167
https://kawalpemilu.org#418,"LAWE DESKY I, BABUL MAKMUR, ACEH TENGGARA, ACEH",2,146,21,167
https://kawalpemilu.org#419,"LAWE DESKY SABAS, BABUL MAKMUR, ACEH TENGGARA, ACEH",1,201,0,201
https://kawalpemilu.org#419,"LAWE DESKY SABAS, BABUL MAKMUR, ACEH TENGGARA, ACEH",2,158,6,164
https://kawalpemilu.org#419,"LAWE DESKY SABAS, BABUL MAKMUR, ACEH TENGGARA, ACEH",3,169,3,172
https://kawalpemilu.org#420,"PARDOMUAN I, BABUL MAKMUR, ACEH TENGGARA, ACEH",1,162,0,0
https://kawalpemilu.org#420,"PARDOMUAN I, BABUL MAKMUR, ACEH TENGGARA, ACEH",2,141,0,141
https://kawalpemilu.org#421,"CINTA DAMAI, BABUL MAKMUR, ACEH TENGGARA, ACEH",1,158,8,166
https://kawalpemilu.org#421,"CINTA DAMAI, BABUL MAKMUR, ACEH TENGGARA, ACEH",2,146,1,147
https://kawalpemilu.org#421,"CINTA DAMAI, BABUL MAKMUR, ACEH TENGGARA, ACEH",4,185,10,195
https://kawalpemilu.org#422,"PARDAMEAN, BABUL MAKMUR, ACEH TENGGARA, ACEH",1,201,5,206
https://kawalpemilu.org#422,"PARDAMEAN, BABUL MAKMUR, ACEH TENGGARA, ACEH",2,141,3,144
https://kawalpemilu.org#422,"PARDAMEAN, BABUL MAKMUR, ACEH TENGGARA, ACEH",3,154,1,155
https://kawalpemilu.org#423,"LAWE DESKY TONGAH, BABUL MAKMUR, ACEH TENGGARA, ACEH",1,136,2,138
https://kawalpemilu.org#423,"LAWE DESKY TONGAH, BABUL MAKMUR, ACEH TENGGARA, ACEH",2,136,3,139
https://kawalpemilu.org#424,"KUTE BAKTI, BABUL MAKMUR, ACEH TENGGARA, ACEH",1,43,152,195
https://kawalpemilu.org#424,"KUTE BAKTI, BABUL MAKMUR, ACEH TENGGARA, ACEH",2,22,149,171
https://kawalpemilu.org#424,"KUTE BAKTI, BABUL MAKMUR, ACEH TENGGARA, ACEH",3,20,147,167
https://kawalpemilu.org#425,"MUARA SITULEN, BABUL MAKMUR, ACEH TENGGARA, ACEH",1,157,36,193
https://kawalpemilu.org#425,"MUARA SITULEN, BABUL MAKMUR, ACEH TENGGARA, ACEH",2,144,26,170
https://kawalpemilu.org#425,"MUARA SITULEN, BABUL MAKMUR, ACEH TENGGARA, ACEH",3,123,23,146
https://kawalpemilu.org#426,"SEJAHTERA, BABUL MAKMUR, ACEH TENGGARA, ACEH",1,218,5,223
https://kawalpemilu.org#427,"KUTE MAKMUR, BABUL MAKMUR, ACEH TENGGARA, ACEH",1,152,0,152
https://kawalpemilu.org#427,"KUTE MAKMUR, BABUL MAKMUR, ACEH TENGGARA, ACEH",2,138,3,141
https://kawalpemilu.org#428,"LAWE MANTIK, BABUL MAKMUR, ACEH TENGGARA, ACEH",1,136,8,144
https://kawalpemilu.org#428,"LAWE MANTIK, BABUL MAKMUR, ACEH TENGGARA, ACEH",2,170,1,171
https://kawalpemilu.org#428,"LAWE MANTIK, BABUL MAKMUR, ACEH TENGGARA, ACEH",3,145,2,147
https://kawalpemilu.org#429,"CINTA MAKMUR, BABUL MAKMUR, ACEH TENGGARA, ACEH",1,205,15,220
https://kawalpemilu.org#429,"CINTA MAKMUR, BABUL MAKMUR, ACEH TENGGARA, ACEH",2,198,7,205
https://kawalpemilu.org#430,"MUARA SETIA, BABUL MAKMUR, ACEH TENGGARA, ACEH",1,137,9,146
https://kawalpemilu.org#430,"MUARA SETIA, BABUL MAKMUR, ACEH TENGGARA, ACEH",2,128,4,132
https://kawalpemilu.org#431,"TANOH ALAS, BABUL MAKMUR, ACEH TENGGARA, ACEH",1,36,178,214
https://kawalpemilu.org#431,"TANOH ALAS, BABUL MAKMUR, ACEH TENGGARA, ACEH",2,42,184,226
https://kawalpemilu.org#432,"SEJAHTERA BARU, BABUL MAKMUR, ACEH TENGGARA, ACEH",1,129,5,134
https://kawalpemilu.org#432,"SEJAHTERA BARU, BABUL MAKMUR, ACEH TENGGARA, ACEH",2,118,2,120
https://kawalpemilu.org#433,"LAWE TAWAKH, BABUL MAKMUR, ACEH TENGGARA, ACEH",1,80,129,209
https://kawalpemilu.org#434,"SABILUSSALAM, BABUL MAKMUR, ACEH TENGGARA, ACEH",1,63,53,116
https://kawalpemilu.org#434,"SABILUSSALAM, BABUL MAKMUR, ACEH TENGGARA, ACEH",2,90,54,144
https://kawalpemilu.org#435,"DESKY JAYA, BABUL MAKMUR, ACEH TENGGARA, ACEH",1,115,10,125
https://kawalpemilu.org#435,"DESKY JAYA, BABUL MAKMUR, ACEH TENGGARA, ACEH",2,111,4,115
https://kawalpemilu.org#436,"PINTU ALAS, BABUL MAKMUR, ACEH TENGGARA, ACEH",1,75,118,193
https://kawalpemilu.org#436,"PINTU ALAS, BABUL MAKMUR, ACEH TENGGARA, ACEH",2,61,109,170
https://kawalpemilu.org#931328,"LAWE PERBUNGA, BABUL MAKMUR, ACEH TENGGARA, ACEH",1,169,10,179
https://kawalpemilu.org#931328,"LAWE PERBUNGA, BABUL MAKMUR, ACEH TENGGARA, ACEH",2,181,6,187
https://kawalpemilu.org#439,"GULO, DARUL HASANAH, ACEH TENGGARA, ACEH",1,3,171,174
https://kawalpemilu.org#439,"GULO, DARUL HASANAH, ACEH TENGGARA, ACEH",2,0,169,169
https://kawalpemilu.org#440,"PULO PIKU, DARUL HASANAH, ACEH TENGGARA, ACEH",1,30,164,194
https://kawalpemilu.org#440,"PULO PIKU, DARUL HASANAH, ACEH TENGGARA, ACEH",2,13,159,172
https://kawalpemilu.org#441,"TERUTUNG KUTE, DARUL HASANAH, ACEH TENGGARA, ACEH",1,6,154,160
https://kawalpemilu.org#441,"TERUTUNG KUTE, DARUL HASANAH, ACEH TENGGARA, ACEH",2,3,173,176
https://kawalpemilu.org#442,"KUTA UJUNG, DARUL HASANAH, ACEH TENGGARA, ACEH",1,12,151,163
https://kawalpemilu.org#442,"KUTA UJUNG, DARUL HASANAH, ACEH TENGGARA, ACEH",2,5,166,171
https://kawalpemilu.org#443,"LAWE SETUL, DARUL HASANAH, ACEH TENGGARA, ACEH",1,19,128,147
https://kawalpemilu.org#443,"LAWE SETUL, DARUL HASANAH, ACEH TENGGARA, ACEH",2,44,118,162
https://kawalpemilu.org#444,"KITE MERANGUN, DARUL HASANAH, ACEH TENGGARA, ACEH",1,2,135,137
https://kawalpemilu.org#444,"KITE MERANGUN, DARUL HASANAH, ACEH TENGGARA, ACEH",2,11,136,147
https://kawalpemilu.org#445,"MAMAS, DARUL HASANAH, ACEH TENGGARA, ACEH",1,7,195,202
https://kawalpemilu.org#445,"MAMAS, DARUL HASANAH, ACEH TENGGARA, ACEH",2,15,188,203
https://kawalpemilu.org#446,"TANJUNG LAMA, DARUL HASANAH, ACEH TENGGARA, ACEH",1,3,244,247
https://kawalpemilu.org#446,"TANJUNG LAMA, DARUL HASANAH, ACEH TENGGARA, ACEH",2,7,226,233
https://kawalpemilu.org#447,"TANJUNG MUDA, DARUL HASANAH, ACEH TENGGARA, ACEH",1,13,216,229
https://kawalpemilu.org#448,"RAMBUNG TELDAK, DARUL HASANAH, ACEH TENGGARA, ACEH",1,10,174,184
https://kawalpemilu.org#448,"RAMBUNG TELDAK, DARUL HASANAH, ACEH TENGGARA, ACEH",2,15,167,182
https://kawalpemilu.org#449,"TANJUNG AMAN, DARUL HASANAH, ACEH TENGGARA, ACEH",1,4,200,204
https://kawalpemilu.org#449,"TANJUNG AMAN, DARUL HASANAH, ACEH TENGGARA, ACEH",2,6,192,198
https://kawalpemilu.org#450,"SERI MUDA, DARUL HASANAH, ACEH TENGGARA, ACEH",1,33,201,214
https://kawalpemilu.org#451,"UJUNG BARU, DARUL HASANAH, ACEH TENGGARA, ACEH",1,5,229,234
https://kawalpemilu.org#451,"UJUNG BARU, DARUL HASANAH, ACEH TENGGARA, ACEH",2,13,228,241
https://kawalpemilu.org#452,"KUTE RAMBE, DARUL HASANAH, ACEH TENGGARA, ACEH",1,8,206,212
https://kawalpemilu.org#452,"KUTE RAMBE, DARUL HASANAH, ACEH TENGGARA, ACEH",2,4,223,227
https://kawalpemilu.org#453,"MAMAS BARU, DARUL HASANAH, ACEH TENGGARA, ACEH",1,24,184,208
https://kawalpemilu.org#453,"MAMAS BARU, DARUL HASANAH, ACEH TENGGARA, ACEH",2,12,197,209
https://kawalpemilu.org#454,"RAMBUNG JAYA, DARUL HASANAH, ACEH TENGGARA, ACEH",1,8,173,181
https://kawalpemilu.org#454,"RAMBUNG JAYA, DARUL HASANAH, ACEH TENGGARA, ACEH",2,7,195,202
https://kawalpemilu.org#455,"MAKMUR JAYA, DARUL HASANAH, ACEH TENGGARA, ACEH",1,57,150,207
https://kawalpemilu.org#456,"DARUL MAKMUR, DARUL HASANAH, ACEH TENGGARA, ACEH",1,33,179,212
https://kawalpemilu.org#457,"TANJUNG MBAKHU, DARUL HASANAH, ACEH TENGGARA, ACEH",1,11,165,176
https://kawalpemilu.org#457,"TANJUNG MBAKHU, DARUL HASANAH, ACEH TENGGARA, ACEH",2,2,172,174
https://kawalpemilu.org#458,"PULO GADUNG, DARUL HASANAH, ACEH TENGGARA, ACEH",1,29,173,202
https://kawalpemilu.org#459,"KOKTHAN JAYA, DARUL HASANAH, ACEH TENGGARA, ACEH",1,20,209,229
https://kawalpemilu.org#460,"ISTIKAMAH, DARUL HASANAH, ACEH TENGGARA, ACEH",1,17,224,241
https://kawalpemilu.org#461,"LAWE MAMAS INDAH, DARUL HASANAH, ACEH TENGGARA, ACEH",1,8,136,144
https://kawalpemilu.org#461,"LAWE MAMAS INDAH, DARUL HASANAH, ACEH TENGGARA, ACEH",2,11,127,138
https://kawalpemilu.org#462,"TANJUNG LEUSER, DARUL HASANAH, ACEH TENGGARA, ACEH",1,2,137,139
https://kawalpemilu.org#462,"TANJUNG LEUSER, DARUL HASANAH, ACEH TENGGARA, ACEH",2,2,133,135
https://kawalpemilu.org#463,"SIMPANG EMPAT TANJUNG, DARUL HASANAH, ACEH TENGGARA, ACEH",1,8,159,167
https://kawalpemilu.org#464,"LAWE PINIS, DARUL HASANAH, ACEH TENGGARA, ACEH",1,16,152,168
https://kawalpemilu.org#465,"BUNTUL KENDAWI, DARUL HASANAH, ACEH TENGGARA, ACEH",1,56,137,193
https://kawalpemilu.org#466,"KUNING ABADI, DARUL HASANAH, ACEH TENGGARA, ACEH",1,95,113,208
https://kawalpemilu.org#468,"PASIR GALA GABUNGAN, LAWE BULAN, ACEH TENGGARA, ACEH",1,13,157,170
https://kawalpemilu.org#468,"PASIR GALA GABUNGAN, LAWE BULAN, ACEH TENGGARA, ACEH",2,24,155,179
https://kawalpemilu.org#469,"PASIR PENJENGAKAN, LAWE BULAN, ACEH TENGGARA, ACEH",2,13,159,172
https://kawalpemilu.org#470,"KUTAMBARU, LAWE BULAN, ACEH TENGGARA, ACEH",1,8,256,264
https://kawalpemilu.org#470,"KUTAMBARU, LAWE BULAN, ACEH TENGGARA, ACEH",2,14,236,250
https://kawalpemilu.org#471,"LAWE SAGU HULU, LAWE BULAN, ACEH TENGGARA, ACEH",1,7,212,219
https://kawalpemilu.org#471,"LAWE SAGU HULU, LAWE BULAN, ACEH TENGGARA, ACEH",2,12,223,235
https://kawalpemilu.org#472,"LAWE SAGU HILIR, LAWE BULAN, ACEH TENGGARA, ACEH",1,19,167,186
https://kawalpemilu.org#472,"LAWE SAGU HILIR, LAWE BULAN, ACEH TENGGARA, ACEH",2,28,154,182
https://kawalpemilu.org#473,"KUTE BANTIL, LAWE BULAN, ACEH TENGGARA, ACEH",1,28,175,203
https://kawalpemilu.org#473,"KUTE BANTIL, LAWE BULAN, ACEH TENGGARA, ACEH",2,21,165,186
https://kawalpemilu.org#474,"LAWE KULOK, LAWE BULAN, ACEH TENGGARA, ACEH",2,141,3,144
https://kawalpemilu.org#475,"LAWE RUTUNG, LAWE BULAN, ACEH TENGGARA, ACEH",1,20,190,210
https://kawalpemilu.org#475,"LAWE RUTUNG, LAWE BULAN, ACEH TENGGARA, ACEH",2,19,193,212
https://kawalpemilu.org#475,"LAWE RUTUNG, LAWE BULAN, ACEH TENGGARA, ACEH",3,21,149,170
https://kawalpemilu.org#475,"LAWE RUTUNG, LAWE BULAN, ACEH TENGGARA, ACEH",4,18,115,133
https://kawalpemilu.org#475,"LAWE RUTUNG, LAWE BULAN, ACEH TENGGARA, ACEH",5,27,148,175
https://kawalpemilu.org#475,"LAWE RUTUNG, LAWE BULAN, ACEH TENGGARA, ACEH",6,30,115,145
https://kawalpemilu.org#475,"LAWE RUTUNG, LAWE BULAN, ACEH TENGGARA, ACEH",7,27,116,143
https://kawalpemilu.org#476,"KAMPUNG NANGKA, LAWE BULAN, ACEH TENGGARA, ACEH",1,175,5,180
https://kawalpemilu.org#476,"KAMPUNG NANGKA, LAWE BULAN, ACEH TENGGARA, ACEH",2,172,10,182
https://kawalpemilu.org#477,"TENEMBAK JUHAR, LAWE BULAN, ACEH TENGGARA, ACEH",1,228,2,230
https://kawalpemilu.org#478,"SIMPANG EMPAT, LAWE BULAN, ACEH TENGGARA, ACEH",1,19,185,204
https://kawalpemilu.org#478,"SIMPANG EMPAT, LAWE BULAN, ACEH TENGGARA, ACEH",2,30,156,186
https://kawalpemilu.org#478,"SIMPANG EMPAT, LAWE BULAN, ACEH TENGGARA, ACEH",3,15,181,196
https://kawalpemilu.org#479,"KUTA BULUH BOTONG, LAWE BULAN, ACEH TENGGARA, ACEH",1,12,234,246
https://kawalpemilu.org#480,"KUTEMBARU BENCAWAN, LAWE BULAN, ACEH TENGGARA, ACEH",1,6,198,204
https://kawalpemilu.org#480,"KUTEMBARU BENCAWAN, LAWE BULAN, ACEH TENGGARA, ACEH",2,11,185,196
https://kawalpemilu.org#481,"LAWE KINGE, LAWE BULAN, ACEH TENGGARA, ACEH",1,7,229,236
https://kawalpemilu.org#482,"KD. MBELANG MANDIRI, LAWE BULAN, ACEH TENGGARA, ACEH",1,12,142,154
https://kawalpemilu.org#482,"KD. MBELANG MANDIRI, LAWE BULAN, ACEH TENGGARA, ACEH",2,9,126,135
https://kawalpemilu.org#483,"MBACANG RACUN, LAWE BULAN, ACEH TENGGARA, ACEH",1,144,16,160
https://kawalpemilu.org#484,"TELAGA MEKAR, LAWE BULAN, ACEH TENGGARA, ACEH",1,20,165,185
https://kawalpemilu.org#484,"TELAGA MEKAR, LAWE BULAN, ACEH TENGGARA, ACEH",2,16,149,165
https://kawalpemilu.org#485,"PULONAS BARU, LAWE BULAN, ACEH TENGGARA, ACEH",1,30,156,186
https://kawalpemilu.org#485,"PULONAS BARU, LAWE BULAN, ACEH TENGGARA, ACEH",2,39,122,161
https://kawalpemilu.org#485,"PULONAS BARU, LAWE BULAN, ACEH TENGGARA, ACEH",3,30,105,135
https://kawalpemilu.org#485,"PULONAS BARU, LAWE BULAN, ACEH TENGGARA, ACEH",4,28,117,145
https://kawalpemilu.org#485,"PULONAS BARU, LAWE BULAN, ACEH TENGGARA, ACEH",5,39,158,197
https://kawalpemilu.org#486,"KUTA GENTING, LAWE BULAN, ACEH TENGGARA, ACEH",1,18,239,257
https://kawalpemilu.org#487,"KUTE PANGGUH, LAWE BULAN, ACEH TENGGARA, ACEH",1,23,137,160
https://kawalpemilu.org#487,"KUTE PANGGUH, LAWE BULAN, ACEH TENGGARA, ACEH",2,19,151,170
https://kawalpemilu.org#488,"LAWE SAGU, LAWE BULAN, ACEH TENGGARA, ACEH",1,13,117,130
https://kawalpemilu.org#488,"LAWE SAGU, LAWE BULAN, ACEH TENGGARA, ACEH",2,10,140,150
https://kawalpemilu.org#489,"PEKHAPAT TIMUR, LAWE BULAN, ACEH TENGGARA, ACEH",1,55,187,242
https://kawalpemilu.org#490,"BAHAGIA, LAWE BULAN, ACEH TENGGARA, ACEH",1,22,185,207
https://kawalpemilu.org#491,"KUTA GALUH ASLI, LAWE BULAN, ACEH TENGGARA, ACEH",1,12,183,195
https://kawalpemilu.org#491,"KUTA GALUH ASLI, LAWE BULAN, ACEH TENGGARA, ACEH",2,21,195,216
https://kawalpemilu.org#493,"KUTE LENGAT PAGAN, BUKIT TUSAM, ACEH TENGGARA, ACEH",1,12,150,162
https://kawalpemilu.org#493,"KUTE LENGAT PAGAN, BUKIT TUSAM, ACEH TENGGARA, ACEH",2,8,138,146
https://kawalpemilu.org#494,"KUTE LENGAT SELIAN, BUKIT TUSAM, ACEH TENGGARA, ACEH",1,10,237,247
https://kawalpemilu.org#495,"TUALANG BARU, BUKIT TUSAM, ACEH TENGGARA, ACEH",1,59,139,198
https://kawalpemilu.org#496,"ALUR BULUH, BUKIT TUSAM, ACEH TENGGARA, ACEH",1,21,123,144
https://kawalpemilu.org#497,"MAHA SINGKIL, BUKIT TUSAM, ACEH TENGGARA, ACEH",1,15,224,239
https://kawalpemilu.org#498,"TENEMBAK BINTANG, BUKIT TUSAM, ACEH TENGGARA, ACEH",1,25,140,165
https://kawalpemilu.org#498,"TENEMBAK BINTANG, BUKIT TUSAM, ACEH TENGGARA, ACEH",2,22,134,156
https://kawalpemilu.org#499,"KUTE LINGGA, BUKIT TUSAM, ACEH TENGGARA, ACEH",1,13,221,234
https://kawalpemilu.org#500,"RIKIT BUR, BUKIT TUSAM, ACEH TENGGARA, ACEH",1,18,174,192
https://kawalpemilu.org#500,"RIKIT BUR, BUKIT TUSAM, ACEH TENGGARA, ACEH",2,36,168,204
https://kawalpemilu.org#501,"KERUKUNAN, BUKIT TUSAM, ACEH TENGGARA, ACEH",1,16,127,143
https://kawalpemilu.org#501,"KERUKUNAN, BUKIT TUSAM, ACEH TENGGARA, ACEH",2,16,146,162
https://kawalpemilu.org#502,"LAWE DUA GABUNGAN, BUKIT TUSAM, ACEH TENGGARA, ACEH",1,35,153,188
https://kawalpemilu.org#502,"LAWE DUA GABUNGAN, BUKIT TUSAM, ACEH TENGGARA, ACEH",2,35,171,206
https://kawalpemilu.org#502,"LAWE DUA GABUNGAN, BUKIT TUSAM, ACEH TENGGARA, ACEH",3,30,190,220
https://kawalpemilu.org#503,"REMA, BUKIT TUSAM, ACEH TENGGARA, ACEH",1,16,170,186
https://kawalpemilu.org#503,"REMA, BUKIT TUSAM, ACEH TENGGARA, ACEH",2,24,146,170
https://kawalpemilu.org#504,"BAMBEL BARU, BUKIT TUSAM, ACEH TENGGARA, ACEH",1,17,225,242
https://kawalpemilu.org#504,"BAMBEL BARU, BUKIT TUSAM, ACEH TENGGARA, ACEH",2,26,209,235
https://kawalpemilu.org#505,"PEJUANG, BUKIT TUSAM, ACEH TENGGARA, ACEH",1,22,126,148
https://kawalpemilu.org#505,"PEJUANG, BUKIT TUSAM, ACEH TENGGARA, ACEH",2,23,120,143
https://kawalpemilu.org#506,"DARUSSALAM, BUKIT TUSAM, ACEH TENGGARA, ACEH",1,25,161,186
https://kawalpemilu.org#507,"AMALIAH, BUKIT TUSAM, ACEH TENGGARA, ACEH",1,58,182,240
https://kawalpemilu.org#508,"SEBUDI JAYA, BUKIT TUSAM, ACEH TENGGARA, ACEH",1,31,131,162
https://kawalpemilu.org#508,"SEBUDI JAYA, BUKIT TUSAM, ACEH TENGGARA, ACEH",2,26,137,163
https://kawalpemilu.org#509,"GUMPANG, BUKIT TUSAM, ACEH TENGGARA, ACEH",1,33,106,139
https://kawalpemilu.org#510,"KUTE GEKHAT, BUKIT TUSAM, ACEH TENGGARA, ACEH",1,33,179,212
https://kawalpemilu.org#511,"PAYE KHAMBUNG, BUKIT TUSAM, ACEH TENGGARA, ACEH",1,15,117,132
https://kawalpemilu.org#512,"MBAK SAKO, BUKIT TUSAM, ACEH TENGGARA, ACEH",1,43,182,225
https://kawalpemilu.org#513,"DARUL IMAMI, BUKIT TUSAM, ACEH TENGGARA, ACEH",1,28,197,225
https://kawalpemilu.org#514,"RIKIT BUR II, BUKIT TUSAM, ACEH TENGGARA, ACEH",1,26,131,157
https://kawalpemilu.org#514,"RIKIT BUR II, BUKIT TUSAM, ACEH TENGGARA, ACEH",2,32,158,190
https://kawalpemilu.org#514,"RIKIT BUR II, BUKIT TUSAM, ACEH TENGGARA, ACEH",3,36,156,192
https://kawalpemilu.org#515,"KUTE EMPAT LIMA, BUKIT TUSAM, ACEH TENGGARA, ACEH",1,26,115,141
https://kawalpemilu.org#515,"KUTE EMPAT LIMA, BUKIT TUSAM, ACEH TENGGARA, ACEH",2,12,121,133
https://kawalpemilu.org#517,"SIMPANG SEMADAM, SEMADAM, ACEH TENGGARA, ACEH",1,56,128,184
https://kawalpemilu.org#517,"SIMPANG SEMADAM, SEMADAM, ACEH TENGGARA, ACEH",2,60,86,146
https://kawalpemilu.org#517,"SIMPANG SEMADAM, SEMADAM, ACEH TENGGARA, ACEH",3,68,113,181
https://kawalpemilu.org#517,"SIMPANG SEMADAM, SEMADAM, ACEH TENGGARA, ACEH",4,72,48,120
https://kawalpemilu.org#518,"SEMADAM AWAL, SEMADAM, ACEH TENGGARA, ACEH",1,14,210,224
https://kawalpemilu.org#518,"SEMADAM AWAL, SEMADAM, ACEH TENGGARA, ACEH",2,14,160,174
https://kawalpemilu.org#518,"SEMADAM AWAL, SEMADAM, ACEH TENGGARA, ACEH",3,18,135,153
https://kawalpemilu.org#518,"SEMADAM AWAL, SEMADAM, ACEH TENGGARA, ACEH",4,9,165,174
https://kawalpemilu.org#519,"SEMADAM ASAL, SEMADAM, ACEH TENGGARA, ACEH",1,19,206,225
https://kawalpemilu.org#519,"SEMADAM ASAL, SEMADAM, ACEH TENGGARA, ACEH",2,8,221,229
https://kawalpemilu.org#520,"LAWE KINGA GABUNGAN, SEMADAM, ACEH TENGGARA, ACEH",1,127,2,129
https://kawalpemilu.org#520,"LAWE KINGA GABUNGAN, SEMADAM, ACEH TENGGARA, ACEH",2,114,1,115
https://kawalpemilu.org#521,"LAWE KINGA TEBING TINGGI, SEMADAM, ACEH TENGGARA, ACEH",1,91,90,181
https://kawalpemilu.org#522,"KEBUN SERE, SEMADAM, ACEH TENGGARA, ACEH",1,87,3,90
https://kawalpemilu.org#523,"LAWE BERINGIN HORAS, SEMADAM, ACEH TENGGARA, ACEH",1,135,4,139
https://kawalpemilu.org#523,"LAWE BERINGIN HORAS, SEMADAM, ACEH TENGGARA, ACEH",2,144,2,146
https://kawalpemilu.org#524,"LAWE BERINGIN GAYO, SEMADAM, ACEH TENGGARA, ACEH",1,74,156,230
https://kawalpemilu.org#524,"LAWE BERINGIN GAYO, SEMADAM, ACEH TENGGARA, ACEH",2,83,143,226
https://kawalpemilu.org#525,"SUKA MAKMUR, SEMADAM, ACEH TENGGARA, ACEH",1,30,168,198
https://kawalpemilu.org#525,"SUKA MAKMUR, SEMADAM, ACEH TENGGARA, ACEH",2,20,177,197
https://kawalpemilu.org#525,"SUKA MAKMUR, SEMADAM, ACEH TENGGARA, ACEH",3,36,174,210
https://kawalpemilu.org#526,"PASAR PUNTUNG, SEMADAM, ACEH TENGGARA, ACEH",1,30,175,205
https://kawalpemilu.org#526,"PASAR PUNTUNG, SEMADAM, ACEH TENGGARA, ACEH",2,23,159,182
https://kawalpemilu.org#527,"TITI PASIR, SEMADAM, ACEH TENGGARA, ACEH",1,29,157,186
https://kawalpemilu.org#527,"TITI PASIR, SEMADAM, ACEH TENGGARA, ACEH",2,29,161,190
https://kawalpemilu.org#527,"TITI PASIR, SEMADAM, ACEH TENGGARA, ACEH",3,24,160,184
https://kawalpemilu.org#528,"LAWE PETANDUK, SEMADAM, ACEH TENGGARA, ACEH",1,161,5,166
https://kawalpemilu.org#528,"LAWE PETANDUK, SEMADAM, ACEH TENGGARA, ACEH",2,149,4,153
https://kawalpemilu.org#529,"NGKERAN ALUR BULUH, SEMADAM, ACEH TENGGARA, ACEH",1,15,149,164
https://kawalpemilu.org#529,"NGKERAN ALUR BULUH, SEMADAM, ACEH TENGGARA, ACEH",2,8,140,148
https://kawalpemilu.org#530,"KAMPUNG BARU, SEMADAM, ACEH TENGGARA, ACEH",1,26,190,216
https://kawalpemilu.org#530,"KAMPUNG BARU, SEMADAM, ACEH TENGGARA, ACEH",2,45,178,223
https://kawalpemilu.org#531,"SEPAKAT SEGENAP, SEMADAM, ACEH TENGGARA, ACEH",1,10,168,178
https://kawalpemilu.org#531,"SEPAKAT SEGENAP, SEMADAM, ACEH TENGGARA, ACEH",2,13,150,163
https://kawalpemilu.org#532,"SELAMAT INDAH, SEMADAM, ACEH TENGGARA, ACEH",1,16,220,236
https://kawalpemilu.org#533,"LAWE KINGA LAPTER, SEMADAM, ACEH TENGGARA, ACEH",1,128,4,132
https://kawalpemilu.org#533,"LAWE KINGA LAPTER, SEMADAM, ACEH TENGGARA, ACEH",2,149,3,152
https://kawalpemilu.org#534,"LAWE MEJILAI, SEMADAM, ACEH TENGGARA, ACEH",1,46,154,200
https://kawalpemilu.org#534,"LAWE MEJILAI, SEMADAM, ACEH TENGGARA, ACEH",2,101,121,222
https://kawalpemilu.org#535,"LAWE PETANDUK-I, SEMADAM, ACEH TENGGARA, ACEH",1,115,5,120
https://kawalpemilu.org#535,"LAWE PETANDUK-I, SEMADAM, ACEH TENGGARA, ACEH",2,113,3,116
https://kawalpemilu.org#537,"TITI MAS, BABUL RAHMAH, ACEH TENGGARA, ACEH",1,6,156,162
https://kawalpemilu.org#537,"TITI MAS, BABUL RAHMAH, ACEH TENGGARA, ACEH",2,3,145,148
https://kawalpemilu.org#538,"MERANTI, BABUL RAHMAH, ACEH TENGGARA, ACEH",1,104,0,104
https://kawalpemilu.org#539,"KUTE LANG-LANG, BABUL RAHMAH, ACEH TENGGARA, ACEH",1,24,132,156
https://kawalpemilu.org#539,"KUTE LANG-LANG, BABUL RAHMAH, ACEH TENGGARA, ACEH",2,15,137,152
https://kawalpemilu.org#540,"LAWE SUMUR, BABUL RAHMAH, ACEH TENGGARA, ACEH",1,56,87,143
https://kawalpemilu.org#540,"LAWE SUMUR, BABUL RAHMAH, ACEH TENGGARA, ACEH",2,30,135,165
https://kawalpemilu.org#541,"PARDAMEAN, BABUL RAHMAH, ACEH TENGGARA, ACEH",1,0,0,0
https://kawalpemilu.org#542,"SALIM PIPIT, BABUL RAHMAH, ACEH TENGGARA, ACEH",1,25,103,128
https://kawalpemilu.org#542,"SALIM PIPIT, BABUL RAHMAH, ACEH TENGGARA, ACEH",2,55,96,151
https://kawalpemilu.org#543,"PENGUHAPAN, BABUL RAHMAH, ACEH TENGGARA, ACEH",1,137,21,158
https://kawalpemilu.org#544,"LUMBAN TUA, BABUL RAHMAH, ACEH TENGGARA, ACEH",1,201,2,203
https://kawalpemilu.org#545,"MUTIARA DAMAI, BABUL RAHMAH, ACEH TENGGARA, ACEH",1,9,220,229
https://kawalpemilu.org#546,"DOLOK NAULI, BABUL RAHMAH, ACEH TENGGARA, ACEH",1,37,105,142
https://kawalpemilu.org#547,"TUHI JONGKAT, BABUL RAHMAH, ACEH TENGGARA, ACEH",1,24,156,180
https://kawalpemilu.org#548,"UNING SIGUGUR, BABUL RAHMAH, ACEH TENGGARA, ACEH",1,18,168,186
https://kawalpemilu.org#549,"LUMBAN SITIO TIO, BABUL RAHMAH, ACEH TENGGARA, ACEH",1,129,5,134
https://kawalpemilu.org#550,"LAWE MALUM, BABUL RAHMAH, ACEH TENGGARA, ACEH",1,15,131,146
https://kawalpemilu.org#550,"LAWE MALUM, BABUL RAHMAH, ACEH TENGGARA, ACEH",2,11,132,143
https://kawalpemilu.org#550,"LAWE MALUM, BABUL RAHMAH, ACEH TENGGARA, ACEH",3,11,143,154
https://kawalpemilu.org#551,"ALUR BANING, BABUL RAHMAH, ACEH TENGGARA, ACEH",1,226,7,233
https://kawalpemilu.org#552,"LINGGE ALAS, BABUL RAHMAH, ACEH TENGGARA, ACEH",1,30,76,106
https://kawalpemilu.org#553,"KHAMBUNG TUBUNG, BABUL RAHMAH, ACEH TENGGARA, ACEH",1,4,150,154
https://kawalpemilu.org#554,"TUAH MESADE, BABUL RAHMAH, ACEH TENGGARA, ACEH",1,12,161,173
https://kawalpemilu.org#555,"SUMUKH ALAS, BABUL RAHMAH, ACEH TENGGARA, ACEH",1,3,193,196
https://kawalpemilu.org#556,"ALUKH BAKHU, BABUL RAHMAH, ACEH TENGGARA, ACEH",1,104,5,109
https://kawalpemilu.org#557,"SEPEKHINDING, BABUL RAHMAH, ACEH TENGGARA, ACEH",1,137,4,141
https://kawalpemilu.org#558,"TANOH SUBUKH, BABUL RAHMAH, ACEH TENGGARA, ACEH",1,96,1,97
https://kawalpemilu.org#559,"PINGGAN MBELANG, BABUL RAHMAH, ACEH TENGGARA, ACEH",1,19,168,187
https://kawalpemilu.org#560,"SIGAI INDAH, BABUL RAHMAH, ACEH TENGGARA, ACEH",1,111,4,115
https://kawalpemilu.org#561,"UKEKH DELENG, BABUL RAHMAH, ACEH TENGGARA, ACEH",1,135,1,136
https://kawalpemilu.org#562,"ALAS MESIKHAT, BABUL RAHMAH, ACEH TENGGARA, ACEH",1,18,143,161
https://kawalpemilu.org#563,"TITE HAKHAPEN, BABUL RAHMAH, ACEH TENGGARA, ACEH",1,23,243,266
https://kawalpemilu.org#565,"AUNAN SEPAKAT, KETAMBE, ACEH TENGGARA, ACEH",1,40,170,210
https://kawalpemilu.org#566,"LAWE PENANGGALAN, KETAMBE, ACEH TENGGARA, ACEH",1,27,144,171
https://kawalpemilu.org#566,"LAWE PENANGGALAN, KETAMBE, ACEH TENGGARA, ACEH",2,59,123,182
https://kawalpemilu.org#567,"LAWE MENGKUDU, KETAMBE, ACEH TENGGARA, ACEH",1,42,190,232
https://kawalpemilu.org#568,"JAMBUR LAK-LAK, KETAMBE, ACEH TENGGARA, ACEH",1,15,125,140
https://kawalpemilu.org#568,"JAMBUR LAK-LAK, KETAMBE, ACEH TENGGARA, ACEH",2,31,96,127
https://kawalpemilu.org#569,"SIMPANG TIGA JONGAR, KETAMBE, ACEH TENGGARA, ACEH",1,26,240,266
https://kawalpemilu.org#570,"JONGAR ASLI, KETAMBE, ACEH TENGGARA, ACEH",1,24,168,192
https://kawalpemilu.org#570,"JONGAR ASLI, KETAMBE, ACEH TENGGARA, ACEH",2,24,173,197
https://kawalpemilu.org#571,"KETAMBE, KETAMBE, ACEH TENGGARA, ACEH",1,54,131,185
https://kawalpemilu.org#571,"KETAMBE, KETAMBE, ACEH TENGGARA, ACEH",2,30,145,175
https://kawalpemilu.org#572,"RUMAH BUNDAR, KETAMBE, ACEH TENGGARA, ACEH",1,65,141,206
https://kawalpemilu.org#573,"PENYEB. CINGKAM, KETAMBE, ACEH TENGGARA, ACEH",1,18,231,249
https://kawalpemilu.org#574,"DELENG DAMAR, KETAMBE, ACEH TENGGARA, ACEH",1,23,242,265
https://kawalpemilu.org#575,"BINTANG BENER, KETAMBE, ACEH TENGGARA, ACEH",1,25,229,254
https://kawalpemilu.org#576,"SUKA RIMBUN, KETAMBE, ACEH TENGGARA, ACEH",1,48,212,260
https://kawalpemilu.org#577,"LAWE AUNEN, KETAMBE, ACEH TENGGARA, ACEH",1,43,152,195
https://kawalpemilu.org#577,"LAWE AUNEN, KETAMBE, ACEH TENGGARA, ACEH",2,25,157,182
https://kawalpemilu.org#578,"BENER BEPAPAH, KETAMBE, ACEH TENGGARA, ACEH",1,28,163,191
https://kawalpemilu.org#579,"PENUNGKENEN, KETAMBE, ACEH TENGGARA, ACEH",1,71,135,206
https://kawalpemilu.org#580,"DATUK PINING, KETAMBE, ACEH TENGGARA, ACEH",1,47,146,193
https://kawalpemilu.org#581,"KATI MAJU, KETAMBE, ACEH TENGGARA, ACEH",1,57,102,159
https://kawalpemilu.org#582,"LEUSER, KETAMBE, ACEH TENGGARA, ACEH",1,26,226,252
https://kawalpemilu.org#582,"LEUSER, KETAMBE, ACEH TENGGARA, ACEH",2,19,228,247
https://kawalpemilu.org#583,"JATI SARA, KETAMBE, ACEH TENGGARA, ACEH",1,52,118,170
https://kawalpemilu.org#584,"BUKIT MBAKHU, KETAMBE, ACEH TENGGARA, ACEH",1,130,100,230
https://kawalpemilu.org#585,"KAYU MENTANGUR, KETAMBE, ACEH TENGGARA, ACEH",1,22,210,232
https://kawalpemilu.org#586,"LAWE SEMBEKAN, KETAMBE, ACEH TENGGARA, ACEH",1,13,212,225
https://kawalpemilu.org#587,"LAWE BEKHINGIN, KETAMBE, ACEH TENGGARA, ACEH",1,53,143,196
https://kawalpemilu.org#588,"LAWE GER-GER, KETAMBE, ACEH TENGGARA, ACEH",1,29,146,175
https://kawalpemilu.org#589,"SIMPUR JAYA, KETAMBE, ACEH TENGGARA, ACEH",1,51,111,162
https://kawalpemilu.org#589,"SIMPUR JAYA, KETAMBE, ACEH TENGGARA, ACEH",2,74,98,172
https://kawalpemilu.org#591,"SALANG BARU, DELENG POKHKISEN, ACEH TENGGARA, ACEH",1,163,43,206
https://kawalpemilu.org#592,"RANTO DIOR, DELENG POKHKISEN, ACEH TENGGARA, ACEH",1,154,0,154
https://kawalpemilu.org#593,"LEMBAH ALAS, DELENG POKHKISEN, ACEH TENGGARA, ACEH",1,21,240,261
https://kawalpemilu.org#593,"LEMBAH ALAS, DELENG POKHKISEN, ACEH TENGGARA, ACEH",2,21,201,222
https://kawalpemilu.org#594,"TENEMBAK LANG-LANG, DELENG POKHKISEN, ACEH TENGGARA, ACEH",1,26,232,258
https://kawalpemilu.org#594,"TENEMBAK LANG-LANG, DELENG POKHKISEN, ACEH TENGGARA, ACEH",2,23,200,223
https://kawalpemilu.org#595,"SALANG SIGOTOM, DELENG POKHKISEN, ACEH TENGGARA, ACEH",1,190,13,203
https://kawalpemilu.org#596,"TUALANG LAMA, DELENG POKHKISEN, ACEH TENGGARA, ACEH",1,0,0,0
https://kawalpemilu.org#596,"TUALANG LAMA, DELENG POKHKISEN, ACEH TENGGARA, ACEH",2,5,165,170
https://kawalpemilu.org#597,"GUSUNG BATU, DELENG POKHKISEN, ACEH TENGGARA, ACEH",1,22,204,226
https://kawalpemilu.org#598,"KAYA PANGUR, DELENG POKHKISEN, ACEH TENGGARA, ACEH",1,17,140,157
https://kawalpemilu.org#599,"SEPAKAT, DELENG POKHKISEN, ACEH TENGGARA, ACEH",1,63,122,185
https://kawalpemilu.org#600,"LAWE PANGKAT, DELENG POKHKISEN, ACEH TENGGARA, ACEH",1,15,207,227
https://kawalpemilu.org#600,"LAWE PANGKAT, DELENG POKHKISEN, ACEH TENGGARA, ACEH",2,12,215,227
https://kawalpemilu.org#601,"BUNGA MELUR, DELENG POKHKISEN, ACEH TENGGARA, ACEH",1,143,5,148
https://kawalpemilu.org#601,"BUNGA MELUR, DELENG POKHKISEN, ACEH TENGGARA, ACEH",2,127,4,131
https://kawalpemilu.org#602,"PENAMPAAN, DELENG POKHKISEN, ACEH TENGGARA, ACEH",1,29,230,259
https://kawalpemilu.org#602,"PENAMPAAN, DELENG POKHKISEN, ACEH TENGGARA, ACEH",2,21,203,224
https://kawalpemilu.org#603,"TERUTUNG MBELANG, DELENG POKHKISEN, ACEH TENGGARA, ACEH",1,193,7,200
https://kawalpemilu.org#604,"SALANG MUARA, DELENG POKHKISEN, ACEH TENGGARA, ACEH",1,185,9,194
https://kawalpemilu.org#605,"LAWE HAKHUM, DELENG POKHKISEN, ACEH TENGGARA, ACEH",1,118,24,142
https://kawalpemilu.org#606,"TANOH KHUKAHEN, DELENG POKHKISEN, ACEH TENGGARA, ACEH",1,114,1,115
https://kawalpemilu.org#607,"TADING NIULIHI, DELENG POKHKISEN, ACEH TENGGARA, ACEH",1,73,4,77
https://kawalpemilu.org#609,"KANE LOT, DELENG POKHKISEN, ACEH TENGGARA, ACEH",1,69,2,71
https://kawalpemilu.org#610,"MUHAJIRIN, DELENG POKHKISEN, ACEH TENGGARA, ACEH",1,6,165,171
https://kawalpemilu.org#611,"BERIRING NARU, DELENG POKHKISEN, ACEH TENGGARA, ACEH",1,17,92,109
https://kawalpemilu.org#612,"KATI  JEROH, DELENG POKHKISEN, ACEH TENGGARA, ACEH",1,10,113,123
https://kawalpemilu.org#614,"TERUTUNG MEGARA LAWE PASARAN, LAWE SUMUR, ACEH TENGGARA, ACEH",1,5,143,148
https://kawalpemilu.org#614,"TERUTUNG MEGARA LAWE PASARAN, LAWE SUMUR, ACEH TENGGARA, ACEH",2,5,148,153
https://kawalpemilu.org#615,"KISAM GABUNGAN, LAWE SUMUR, ACEH TENGGARA, ACEH",1,24,174,198
https://kawalpemilu.org#615,"KISAM GABUNGAN, LAWE SUMUR, ACEH TENGGARA, ACEH",2,23,232,255
https://kawalpemilu.org#616,"KISAM KUTE PASIR, LAWE SUMUR, ACEH TENGGARA, ACEH",1,21,204,225
https://kawalpemilu.org#618,"LAWE SUMUR BARU, LAWE SUMUR, ACEH TENGGARA, ACEH",1,27,181,208
https://kawalpemilu.org#619,"KUTA LESUNG, LAWE SUMUR, ACEH TENGGARA, ACEH",1,16,106,122
https://kawalpemilu.org#619,"KUTA LESUNG, LAWE SUMUR, ACEH TENGGARA, ACEH",2,12,100,112
https://kawalpemilu.org#620,"BERANDANG, LAWE SUMUR, ACEH TENGGARA, ACEH",1,35,121,156
https://kawalpemilu.org#620,"BERANDANG, LAWE SUMUR, ACEH TENGGARA, ACEH",2,33,125,158
https://kawalpemilu.org#620,"BERANDANG, LAWE SUMUR, ACEH TENGGARA, ACEH",3,31,130,161
https://kawalpemilu.org#622,"BUAH PALA, LAWE SUMUR, ACEH TENGGARA, ACEH",1,65,147,212
https://kawalpemilu.org#622,"BUAH PALA, LAWE SUMUR, ACEH TENGGARA, ACEH",2,49,134,183
https://kawalpemilu.org#623,"PENOSAN, LAWE SUMUR, ACEH TENGGARA, ACEH",1,111,1,112
https://kawalpemilu.org#624,"LAWE PASARAN TGK MBELIN, LAWE SUMUR, ACEH TENGGARA, ACEH",1,8,225,233
https://kawalpemilu.org#625,"TERUTUNG MEGAKHE BAKHU, LAWE SUMUR, ACEH TENGGARA, ACEH",1,9,266,275
https://kawalpemilu.org#626,"KISAM LESTARI, LAWE SUMUR, ACEH TENGGARA, ACEH",1,12,134,146
https://kawalpemilu.org#626,"KISAM LESTARI, LAWE SUMUR, ACEH TENGGARA, ACEH",2,11,126,137
https://kawalpemilu.org#627,"KISAM KUTE RAMBE, LAWE SUMUR, ACEH TENGGARA, ACEH",1,8,150,158
https://kawalpemilu.org#627,"KISAM KUTE RAMBE, LAWE SUMUR, ACEH TENGGARA, ACEH",2,17,132,149
https://kawalpemilu.org#628,"LAWE POLAK, LAWE SUMUR, ACEH TENGGARA, ACEH",1,27,192,219
https://kawalpemilu.org#629,"LAWE SUMUR SEPAKAT, LAWE SUMUR, ACEH TENGGARA, ACEH",1,26,204,230
https://kawalpemilu.org#630,"SETIA BARU, LAWE SUMUR, ACEH TENGGARA, ACEH",1,31,172,203
https://kawalpemilu.org#631,"TEGER MIKO, LAWE SUMUR, ACEH TENGGARA, ACEH",1,74,94,168
https://kawalpemilu.org#633,"SALIM PINIM, TANOH ALAS, ACEH TENGGARA, ACEH",1,16,199,215
https://kawalpemilu.org#634,"JAMBUR DAMAR, TANOH ALAS, ACEH TENGGARA, ACEH",1,107,83,190
https://kawalpemilu.org#635,"ALUR LANGSAT, TANOH ALAS, ACEH TENGGARA, ACEH",1,13,176,189
https://kawalpemilu.org#636,"RAMBAH SAYANG, TANOH ALAS, ACEH TENGGARA, ACEH",1,10,175,185
https://kawalpemilu.org#637,"RUMAH LUAR, TANOH ALAS, ACEH TENGGARA, ACEH",1,11,218,229
https://kawalpemilu.org#638,"TENEMBAK ALAS, TANOH ALAS, ACEH TENGGARA, ACEH",1,19,203,222
https://kawalpemilu.org#639,"LAWE TUNGKAL, TANOH ALAS, ACEH TENGGARA, ACEH",1,33,97,130
https://kawalpemilu.org#639,"LAWE TUNGKAL, TANOH ALAS, ACEH TENGGARA, ACEH",2,34,94,128
https://kawalpemilu.org#640,"SALIM PINIM II, TANOH ALAS, ACEH TENGGARA, ACEH",1,33,84,117
https://kawalpemilu.org#641,"JAMBUKH PEKHMATE, TANOH ALAS, ACEH TENGGARA, ACEH",1,61,108,169
https://kawalpemilu.org#642,"KHUTUNG MBELANG, TANOH ALAS, ACEH TENGGARA, ACEH",1,2,155,157
https://kawalpemilu.org#643,"TIMANG KHASE, TANOH ALAS, ACEH TENGGARA, ACEH",1,27,187,214
https://kawalpemilu.org#644,"STAMBUL JAYA, TANOH ALAS, ACEH TENGGARA, ACEH",1,32,226,258
https://kawalpemilu.org#645,"ALUKH NANGKE, TANOH ALAS, ACEH TENGGARA, ACEH",1,15,182,197
https://kawalpemilu.org#646,"KUTE MEJILE, TANOH ALAS, ACEH TENGGARA, ACEH",1,21,100,121
https://kawalpemilu.org#648,"BINTANG ALGA MUSARA, LEUSER, ACEH TENGGARA, ACEH",1,82,88,170
https://kawalpemilu.org#649,"BUKIT BINTANG INDAH, LEUSER, ACEH TENGGARA, ACEH",1,149,34,183
https://kawalpemilu.org#649,"BUKIT BINTANG INDAH, LEUSER, ACEH TENGGARA, ACEH",2,135,13,148
https://kawalpemilu.org#650,"TANJUNG SARI, LEUSER, ACEH TENGGARA, ACEH",1,147,7,154
https://kawalpemilu.org#650,"TANJUNG SARI, LEUSER, ACEH TENGGARA, ACEH",2,123,4,127
https://kawalpemilu.org#651,"BUNBUN ALAS, LEUSER, ACEH TENGGARA, ACEH",1,25,132,157
https://kawalpemilu.org#652,"NAGA TIMBUL, LEUSER, ACEH TENGGARA, ACEH",1,44,45,89
https://kawalpemilu.org#653,"GUNUNG PAK-PAK, LEUSER, ACEH TENGGARA, ACEH",1,82,131,213
https://kawalpemilu.org#654,"BUKIT MEKHIAH, LEUSER, ACEH TENGGARA, ACEH",1,158,9,167
https://kawalpemilu.org#654,"BUKIT MEKHIAH, LEUSER, ACEH TENGGARA, ACEH",2,171,3,174
https://kawalpemilu.org#655,"PERMATA MUSARA, LEUSER, ACEH TENGGARA, ACEH",2,38,32,70
https://kawalpemilu.org#656,"LAWE TAWAR, LEUSER, ACEH TENGGARA, ACEH",1,115,4,119
https://kawalpemilu.org#656,"LAWE TAWAR, LEUSER, ACEH TENGGARA, ACEH",2,137,8,145
https://kawalpemilu.org#656,"LAWE TAWAR, LEUSER, ACEH TENGGARA, ACEH",3,100,6,106
https://kawalpemilu.org#657,"KANE MENDE, LEUSER, ACEH TENGGARA, ACEH",1,166,9,175
https://kawalpemilu.org#658,"LAWE SEKHAKUT, LEUSER, ACEH TENGGARA, ACEH",1,81,105,191
https://kawalpemilu.org#660,"SUKA DAMAI, LEUSER, ACEH TENGGARA, ACEH",1,55,21,76
https://kawalpemilu.org#661,"TUAH KEKHINE, LEUSER, ACEH TENGGARA, ACEH",1,54,72,126
https://kawalpemilu.org#663,"SADE ATE, LEUSER, ACEH TENGGARA, ACEH",1,82,1,83
https://kawalpemilu.org#664,"ARIH MEJILE, LEUSER, ACEH TENGGARA, ACEH",1,63,31,94
https://kawalpemilu.org#666,"TUNAS MUDE, LEUSER, ACEH TENGGARA, ACEH",1,53,12,65
https://kawalpemilu.org#667,"GAYE SENDAH, LEUSER, ACEH TENGGARA, ACEH",1,56,18,74
https://kawalpemilu.org#668,"KUTE HAKHAPEN, LEUSER, ACEH TENGGARA, ACEH",1,54,3,57
https://kawalpemilu.org#669,"KOMPAS, LEUSER, ACEH TENGGARA, ACEH",1,61,20,81
https://kawalpemilu.org#670,"SEPAKAT, LEUSER, ACEH TENGGARA, ACEH",1,32,64,96
https://kawalpemilu.org#673,"ALUE LUDIN SA, DARUL AMAN, ACEH TIMUR, ACEH",1,12,120,132
https://kawalpemilu.org#675,"ALUE DALAM, DARUL AMAN, ACEH TIMUR, ACEH",1,8,157,165
https://kawalpemilu.org#676,"DAMA PULO SA, DARUL AMAN, ACEH TIMUR, ACEH",1,24,118,142
https://kawalpemilu.org#676,"DAMA PULO SA, DARUL AMAN, ACEH TIMUR, ACEH",2,12,118,130
https://kawalpemilu.org#677,"DAMA PULO DUA, DARUL AMAN, ACEH TIMUR, ACEH",1,15,163,178
https://kawalpemilu.org#679,"SEUNEUBOK TEUNGOH, DARUL AMAN, ACEH TIMUR, ACEH",1,4,111,115
https://kawalpemilu.org#680,"JUNGKA GAJAH, DARUL AMAN, ACEH TIMUR, ACEH",1,16,90,106
https://kawalpemilu.org#681,"SEUNEUBOK SIMPANG, DARUL AMAN, ACEH TIMUR, ACEH",1,23,121,144
https://kawalpemilu.org#681,"SEUNEUBOK SIMPANG, DARUL AMAN, ACEH TIMUR, ACEH",2,20,111,131
https://kawalpemilu.org#681,"SEUNEUBOK SIMPANG, DARUL AMAN, ACEH TIMUR, ACEH",3,13,109,122
https://kawalpemilu.org#682,"MATANG PINEUNG, DARUL AMAN, ACEH TIMUR, ACEH",1,14,168,182
https://kawalpemilu.org#682,"MATANG PINEUNG, DARUL AMAN, ACEH TIMUR, ACEH",2,7,158,165
https://kawalpemilu.org#683,"LHOK GEULUMPANG, DARUL AMAN, ACEH TIMUR, ACEH",1,26,104,130
https://kawalpemilu.org#684,"BLANG BUKET, DARUL AMAN, ACEH TIMUR, ACEH",1,21,130,151
https://kawalpemilu.org#685,"MEUNASAH KEUTAPANG, DARUL AMAN, ACEH TIMUR, ACEH",1,41,131,172
https://kawalpemilu.org#686,"BUKET RUMIA, DARUL AMAN, ACEH TIMUR, ACEH",1,15,96,111
https://kawalpemilu.org#688,"KAPAI BARO, DARUL AMAN, ACEH TIMUR, ACEH",1,1,174,175
https://kawalpemilu.org#688,"KAPAI BARO, DARUL AMAN, ACEH TIMUR, ACEH",2,5,74,79
https://kawalpemilu.org#689,"SEUNEUBOK TUHA SA, DARUL AMAN, ACEH TIMUR, ACEH",1,10,122,132
https://kawalpemilu.org#690,"SEUNEUBOK TUHA DUA, DARUL AMAN, ACEH TIMUR, ACEH",1,13,165,178
https://kawalpemilu.org#691,"SEUNEUBOK BULOH, DARUL AMAN, ACEH TIMUR, ACEH",1,8,121,129
https://kawalpemilu.org#692,"GASEH SAYANG, DARUL AMAN, ACEH TIMUR, ACEH",1,12,105,117
https://kawalpemilu.org#692,"GASEH SAYANG, DARUL AMAN, ACEH TIMUR, ACEH",2,4,91,95
https://kawalpemilu.org#693,"ALUE LHOK, DARUL AMAN, ACEH TIMUR, ACEH",1,12,108,120
https://kawalpemilu.org#693,"ALUE LHOK, DARUL AMAN, ACEH TIMUR, ACEH",2,16,117,133
https://kawalpemilu.org#695,"GRONG-GRONG, DARUL AMAN, ACEH TIMUR, ACEH",1,6,163,169
https://kawalpemilu.org#695,"GRONG-GRONG, DARUL AMAN, ACEH TIMUR, ACEH",2,5,75,80
https://kawalpemilu.org#697,"ALUE MERBO, DARUL AMAN, ACEH TIMUR, ACEH",1,10,113,123
https://kawalpemilu.org#697,"ALUE MERBO, DARUL AMAN, ACEH TIMUR, ACEH",2,16,115,131
https://kawalpemilu.org#698,"BUKET RAYA, DARUL AMAN, ACEH TIMUR, ACEH",1,8,122,130
https://kawalpemilu.org#700,"PEUKAN IDI CUT, DARUL AMAN, ACEH TIMUR, ACEH",1,6,188,194
https://kawalpemilu.org#702,"SEUNEUBOK BAROH, DARUL AMAN, ACEH TIMUR, ACEH",1,6,218,224
https://kawalpemilu.org#702,"SEUNEUBOK BAROH, DARUL AMAN, ACEH TIMUR, ACEH",2,6,234,240
https://kawalpemilu.org#702,"SEUNEUBOK BAROH, DARUL AMAN, ACEH TIMUR, ACEH",3,7,213,220
https://kawalpemilu.org#702,"SEUNEUBOK BAROH, DARUL AMAN, ACEH TIMUR, ACEH",4,12,187,199
https://kawalpemilu.org#702,"SEUNEUBOK BAROH, DARUL AMAN, ACEH TIMUR, ACEH",5,9,167,176
https://kawalpemilu.org#703,"TEUPIN DRUM, DARUL AMAN, ACEH TIMUR, ACEH",1,21,193,214
https://kawalpemilu.org#704,"KUALA IDI CUT, DARUL AMAN, ACEH TIMUR, ACEH",1,43,121,164
https://kawalpemilu.org#705,"SEUNEUBOK ACEH, DARUL AMAN, ACEH TIMUR, ACEH",1,22,164,186
https://kawalpemilu.org#705,"SEUNEUBOK ACEH, DARUL AMAN, ACEH TIMUR, ACEH",3,8,89,97
https://kawalpemilu.org#706,"GAMPONG BARO, DARUL AMAN, ACEH TIMUR, ACEH",1,0,0,0
https://kawalpemilu.org#706,"GAMPONG BARO, DARUL AMAN, ACEH TIMUR, ACEH",2,7,135,142
https://kawalpemilu.org#707,"BAGOK PANAH SA, DARUL AMAN, ACEH TIMUR, ACEH",1,13,150,163
https://kawalpemilu.org#707,"BAGOK PANAH SA, DARUL AMAN, ACEH TIMUR, ACEH",2,8,161,169
https://kawalpemilu.org#708,"BAGOK PANAH DUA, DARUL AMAN, ACEH TIMUR, ACEH",1,11,107,118
https://kawalpemilu.org#710,"BAGOK PANAH PEUT, DARUL AMAN, ACEH TIMUR, ACEH",1,21,175,196
https://kawalpemilu.org#711,"BUKET TUALANG, DARUL AMAN, ACEH TIMUR, ACEH",1,3,79,82
https://kawalpemilu.org#714,"KEMUNING LHEE, DARUL AMAN, ACEH TIMUR, ACEH",1,15,104,119
https://kawalpemilu.org#715,"KEMUNING PEUT, DARUL AMAN, ACEH TIMUR, ACEH",1,17,126,143
https://kawalpemilu.org#716,"KEMUNING LIMONG, DARUL AMAN, ACEH TIMUR, ACEH",1,13,91,104
https://kawalpemilu.org#717,"MEUNASAH BLANG, DARUL AMAN, ACEH TIMUR, ACEH",1,33,163,196
https://kawalpemilu.org#717,"MEUNASAH BLANG, DARUL AMAN, ACEH TIMUR, ACEH",2,26,148,174
https://kawalpemilu.org#719,"BLANG KEUMAHANG, JULOK, ACEH TIMUR, ACEH",1,30,74,104
https://kawalpemilu.org#720,"BLANG JAMBEE, JULOK, ACEH TIMUR, ACEH",1,14,184,198
https://kawalpemilu.org#720,"BLANG JAMBEE, JULOK, ACEH TIMUR, ACEH",2,10,144,154
https://kawalpemilu.org#720,"BLANG JAMBEE, JULOK, ACEH TIMUR, ACEH",3,9,99,108
https://kawalpemilu.org#721,"KEUMUNENG, JULOK, ACEH TIMUR, ACEH",1,7,122,129
https://kawalpemilu.org#722,"LADANG BARO, JULOK, ACEH TIMUR, ACEH",1,25,156,181
https://kawalpemilu.org#723,"BUKET PANYANG, JULOK, ACEH TIMUR, ACEH",1,20,127,147
https://kawalpemilu.org#723,"BUKET PANYANG, JULOK, ACEH TIMUR, ACEH",2,4,104,108
https://kawalpemilu.org#724,"SEUNEUBOK RAMBONG, JULOK, ACEH TIMUR, ACEH",1,4,95,99
https://kawalpemilu.org#725,"SEUNEUBOK BARO, JULOK, ACEH TIMUR, ACEH",2,2,66,68
https://kawalpemilu.org#726,"BLANG MIDEUN, JULOK, ACEH TIMUR, ACEH",1,34,102,136
https://kawalpemilu.org#726,"BLANG MIDEUN, JULOK, ACEH TIMUR, ACEH",2,18,107,125
https://kawalpemilu.org#728,"TEUPIN RAYA, JULOK, ACEH TIMUR, ACEH",1,7,118,125
https://kawalpemilu.org#728,"TEUPIN RAYA, JULOK, ACEH TIMUR, ACEH",2,10,107,117
https://kawalpemilu.org#729,"LHOK RAMBONG, JULOK, ACEH TIMUR, ACEH",1,15,82,97
https://kawalpemilu.org#730,"JULOK TUNONG, JULOK, ACEH TIMUR, ACEH",1,17,198,215
https://kawalpemilu.org#730,"JULOK TUNONG, JULOK, ACEH TIMUR, ACEH",2,22,179,201
https://kawalpemilu.org#730,"JULOK TUNONG, JULOK, ACEH TIMUR, ACEH",3,17,118,135
https://kawalpemilu.org#730,"JULOK TUNONG, JULOK, ACEH TIMUR, ACEH",4,4,130,134
https://kawalpemilu.org#731,"ULEE ATEUNG, JULOK, ACEH TIMUR, ACEH",1,24,152,176
https://kawalpemilu.org#731,"ULEE ATEUNG, JULOK, ACEH TIMUR, ACEH",2,22,146,168
https://kawalpemilu.org#732,"ULEE BLANG, JULOK, ACEH TIMUR, ACEH",1,35,111,146
https://kawalpemilu.org#732,"ULEE BLANG, JULOK, ACEH TIMUR, ACEH",2,22,94,116
https://kawalpemilu.org#733,"LABUHAN, JULOK, ACEH TIMUR, ACEH",1,17,203,220
https://kawalpemilu.org#733,"LABUHAN, JULOK, ACEH TIMUR, ACEH",2,13,177,190
https://kawalpemilu.org#734,"NALEUNG, JULOK, ACEH TIMUR, ACEH",2,7,141,148
https://kawalpemilu.org#734,"NALEUNG, JULOK, ACEH TIMUR, ACEH",3,3,132,135
https://kawalpemilu.org#735,"MANE RAMPAK, JULOK, ACEH TIMUR, ACEH",1,9,130,139
https://kawalpemilu.org#735,"MANE RAMPAK, JULOK, ACEH TIMUR, ACEH",2,14,130,144
https://kawalpemilu.org#736,"MATANG, JULOK, ACEH TIMUR, ACEH",1,27,187,114
https://kawalpemilu.org#737,"BLANG UYOK, JULOK, ACEH TIMUR, ACEH",1,14,157,171
https://kawalpemilu.org#737,"BLANG UYOK, JULOK, ACEH TIMUR, ACEH",2,16,164,180
https://kawalpemilu.org#737,"BLANG UYOK, JULOK, ACEH TIMUR, ACEH",3,19,136,155
https://kawalpemilu.org#737,"BLANG UYOK, JULOK, ACEH TIMUR, ACEH",4,12,143,155
https://kawalpemilu.org#737,"BLANG UYOK, JULOK, ACEH TIMUR, ACEH",5,9,113,122
https://kawalpemilu.org#738,"BLANG PAUH SA, JULOK, ACEH TIMUR, ACEH",2,20,163,183
https://kawalpemilu.org#738,"BLANG PAUH SA, JULOK, ACEH TIMUR, ACEH",3,9,155,164
https://kawalpemilu.org#738,"BLANG PAUH SA, JULOK, ACEH TIMUR, ACEH",4,10,94,104
https://kawalpemilu.org#739,"BLANG PAUH DUA, JULOK, ACEH TIMUR, ACEH",2,25,169,194
https://kawalpemilu.org#739,"BLANG PAUH DUA, JULOK, ACEH TIMUR, ACEH",3,16,14,157
https://kawalpemilu.org#740,"ULEE TANOH, JULOK, ACEH TIMUR, ACEH",1,12,131,143
https://kawalpemilu.org#740,"ULEE TANOH, JULOK, ACEH TIMUR, ACEH",2,15,118,133
https://kawalpemilu.org#741,"KEUDE KUTA BINJEI, JULOK, ACEH TIMUR, ACEH",1,11,111,122
https://kawalpemilu.org#742,"BUKET SEURAJA, JULOK, ACEH TIMUR, ACEH",1,16,185,201
https://kawalpemilu.org#742,"BUKET SEURAJA, JULOK, ACEH TIMUR, ACEH",2,15,179,194
https://kawalpemilu.org#743,"KUALA GEULUMPANG, JULOK, ACEH TIMUR, ACEH",1,9,164,173
https://kawalpemilu.org#743,"KUALA GEULUMPANG, JULOK, ACEH TIMUR, ACEH",2,5,177,182
https://kawalpemilu.org#743,"KUALA GEULUMPANG, JULOK, ACEH TIMUR, ACEH",3,2,131,133
https://kawalpemilu.org#743,"KUALA GEULUMPANG, JULOK, ACEH TIMUR, ACEH",4,4,112,116
https://kawalpemilu.org#744,"GAMPONG BARO, JULOK, ACEH TIMUR, ACEH",1,9,117,126
https://kawalpemilu.org#744,"GAMPONG BARO, JULOK, ACEH TIMUR, ACEH",2,12,129,141
https://kawalpemilu.org#745,"TUMPOK TEUNGOH, JULOK, ACEH TIMUR, ACEH",1,31,196,227
https://kawalpemilu.org#745,"TUMPOK TEUNGOH, JULOK, ACEH TIMUR, ACEH",2,13,95,108
https://kawalpemilu.org#746,"SEUMATANG, JULOK, ACEH TIMUR, ACEH",1,8,134,142
https://kawalpemilu.org#746,"SEUMATANG, JULOK, ACEH TIMUR, ACEH",2,7,93,100
https://kawalpemilu.org#747,"UJONG TUNONG, JULOK, ACEH TIMUR, ACEH",1,16,187,203
https://kawalpemilu.org#747,"UJONG TUNONG, JULOK, ACEH TIMUR, ACEH",2,6,119,125
https://kawalpemilu.org#747,"UJONG TUNONG, JULOK, ACEH TIMUR, ACEH",3,24,76,100
https://kawalpemilu.org#748,"BUKIT DINDENG, JULOK, ACEH TIMUR, ACEH",1,18,192,210
https://kawalpemilu.org#748,"BUKIT DINDENG, JULOK, ACEH TIMUR, ACEH",2,13,130,143
https://kawalpemilu.org#749,"PAYA PASI, JULOK, ACEH TIMUR, ACEH",1,21,219,240
https://kawalpemilu.org#750,"ALUE CEK DOI, JULOK, ACEH TIMUR, ACEH",1,3,148,151
https://kawalpemilu.org#750,"ALUE CEK DOI, JULOK, ACEH TIMUR, ACEH",2,4,124,128
https://kawalpemilu.org#751,"BLANG GLEUM, JULOK, ACEH TIMUR, ACEH",3,9,177,186
https://kawalpemilu.org#752,"TANJONG TOK BLANG, JULOK, ACEH TIMUR, ACEH",1,6,178,184
https://kawalpemilu.org#752,"TANJONG TOK BLANG, JULOK, ACEH TIMUR, ACEH",2,9,120,129
https://kawalpemilu.org#752,"TANJONG TOK BLANG, JULOK, ACEH TIMUR, ACEH",3,4,121,125
https://kawalpemilu.org#753,"BUKET MAKMU, JULOK, ACEH TIMUR, ACEH",1,29,82,111
https://kawalpemilu.org#754,"LHOK SEUNTANG, JULOK, ACEH TIMUR, ACEH",1,23,155,178
https://kawalpemilu.org#754,"LHOK SEUNTANG, JULOK, ACEH TIMUR, ACEH",2,19,120,139
https://kawalpemilu.org#754,"LHOK SEUNTANG, JULOK, ACEH TIMUR, ACEH",3,19,129,148
https://kawalpemilu.org#754,"LHOK SEUNTANG, JULOK, ACEH TIMUR, ACEH",4,15,107,122
https://kawalpemilu.org#754,"LHOK SEUNTANG, JULOK, ACEH TIMUR, ACEH",5,20,113,133
https://kawalpemilu.org#755,"SIMPANG LHEE, JULOK, ACEH TIMUR, ACEH",1,4,179,183
https://kawalpemilu.org#755,"SIMPANG LHEE, JULOK, ACEH TIMUR, ACEH",2,5,92,97
https://kawalpemilu.org#757,"GAMPONG JAWA, IDI RAYEUK, ACEH TIMUR, ACEH",1,27,167,194
https://kawalpemilu.org#757,"GAMPONG JAWA, IDI RAYEUK, ACEH TIMUR, ACEH",2,32,130,162
https://kawalpemilu.org#757,"GAMPONG JAWA, IDI RAYEUK, ACEH TIMUR, ACEH",3,23,197,220
https://kawalpemilu.org#757,"GAMPONG JAWA, IDI RAYEUK, ACEH TIMUR, ACEH",4,11,202,213
https://kawalpemilu.org#757,"GAMPONG JAWA, IDI RAYEUK, ACEH TIMUR, ACEH",5,14,174,188
https://kawalpemilu.org#757,"GAMPONG JAWA, IDI RAYEUK, ACEH TIMUR, ACEH",6,14,172,186
https://kawalpemilu.org#757,"GAMPONG JAWA, IDI RAYEUK, ACEH TIMUR, ACEH",7,20,198,218
https://kawalpemilu.org#757,"GAMPONG JAWA, IDI RAYEUK, ACEH TIMUR, ACEH",8,18,198,216
https://kawalpemilu.org#757,"GAMPONG JAWA, IDI RAYEUK, ACEH TIMUR, ACEH",9,29,181,210
https://kawalpemilu.org#757,"GAMPONG JAWA, IDI RAYEUK, ACEH TIMUR, ACEH",10,25,156,181
https://kawalpemilu.org#758,"KEUDE BLANG, IDI RAYEUK, ACEH TIMUR, ACEH",1,14,212,226
https://kawalpemilu.org#758,"KEUDE BLANG, IDI RAYEUK, ACEH TIMUR, ACEH",2,19,199,218
https://kawalpemilu.org#758,"KEUDE BLANG, IDI RAYEUK, ACEH TIMUR, ACEH",3,12,165,177
https://kawalpemilu.org#759,"TANOH ANOU, IDI RAYEUK, ACEH TIMUR, ACEH",1,6,88,94
https://kawalpemilu.org#759,"TANOH ANOU, IDI RAYEUK, ACEH TIMUR, ACEH",2,25,141,166
https://kawalpemilu.org#759,"TANOH ANOU, IDI RAYEUK, ACEH TIMUR, ACEH",3,13,144,157
https://kawalpemilu.org#759,"TANOH ANOU, IDI RAYEUK, ACEH TIMUR, ACEH",4,11,124,135
https://kawalpemilu.org#759,"TANOH ANOU, IDI RAYEUK, ACEH TIMUR, ACEH",5,9,157,166
https://kawalpemilu.org#759,"TANOH ANOU, IDI RAYEUK, ACEH TIMUR, ACEH",6,15,128,143
https://kawalpemilu.org#759,"TANOH ANOU, IDI RAYEUK, ACEH TIMUR, ACEH",7,23,139,162
https://kawalpemilu.org#759,"TANOH ANOU, IDI RAYEUK, ACEH TIMUR, ACEH",8,6,166,172
https://kawalpemilu.org#759,"TANOH ANOU, IDI RAYEUK, ACEH TIMUR, ACEH",9,23,165,188
https://kawalpemilu.org#759,"TANOH ANOU, IDI RAYEUK, ACEH TIMUR, ACEH",10,12,168,180
https://kawalpemilu.org#759,"TANOH ANOU, IDI RAYEUK, ACEH TIMUR, ACEH",11,6,150,156
https://kawalpemilu.org#759,"TANOH ANOU, IDI RAYEUK, ACEH TIMUR, ACEH",12,15,158,173
https://kawalpemilu.org#759,"TANOH ANOU, IDI RAYEUK, ACEH TIMUR, ACEH",13,10,152,162
https://kawalpemilu.org#759,"TANOH ANOU, IDI RAYEUK, ACEH TIMUR, ACEH",14,9,127,136
https://kawalpemilu.org#759,"TANOH ANOU, IDI RAYEUK, ACEH TIMUR, ACEH",15,16,153,169
https://kawalpemilu.org#760,"KUALA PEUDAWA PUNTONG, IDI RAYEUK, ACEH TIMUR, ACEH",1,10,181,191
https://kawalpemilu.org#760,"KUALA PEUDAWA PUNTONG, IDI RAYEUK, ACEH TIMUR, ACEH",2,15,198,213
https://kawalpemilu.org#760,"KUALA PEUDAWA PUNTONG, IDI RAYEUK, ACEH TIMUR, ACEH",4,11,122,133
https://kawalpemilu.org#760,"KUALA PEUDAWA PUNTONG, IDI RAYEUK, ACEH TIMUR, ACEH",5,11,121,132
https://kawalpemilu.org#761,"GAMPONG ACEH, IDI RAYEUK, ACEH TIMUR, ACEH",1,32,158,190
https://kawalpemilu.org#761,"GAMPONG ACEH, IDI RAYEUK, ACEH TIMUR, ACEH",2,26,159,185
https://kawalpemilu.org#761,"GAMPONG ACEH, IDI RAYEUK, ACEH TIMUR, ACEH",3,13,183,196
https://kawalpemilu.org#761,"GAMPONG ACEH, IDI RAYEUK, ACEH TIMUR, ACEH",4,12,157,169
https://kawalpemilu.org#761,"GAMPONG ACEH, IDI RAYEUK, ACEH TIMUR, ACEH",5,14,123,137
https://kawalpemilu.org#762,"KUTA BLANG, IDI RAYEUK, ACEH TIMUR, ACEH",1,17,190,207
https://kawalpemilu.org#762,"KUTA BLANG, IDI RAYEUK, ACEH TIMUR, ACEH",2,13,175,188
https://kawalpemilu.org#762,"KUTA BLANG, IDI RAYEUK, ACEH TIMUR, ACEH",3,7,156,163
https://kawalpemilu.org#762,"KUTA BLANG, IDI RAYEUK, ACEH TIMUR, ACEH",4,10,172,182
https://kawalpemilu.org#763,"GAMPONG TANJONG, IDI RAYEUK, ACEH TIMUR, ACEH",1,28,166,194
https://kawalpemilu.org#763,"GAMPONG TANJONG, IDI RAYEUK, ACEH TIMUR, ACEH",2,27,148,175
https://kawalpemilu.org#763,"GAMPONG TANJONG, IDI RAYEUK, ACEH TIMUR, ACEH",3,30,145,175
https://kawalpemilu.org#764,"BLANG GEULUMPANG, IDI RAYEUK, ACEH TIMUR, ACEH",1,13,147,160
https://kawalpemilu.org#764,"BLANG GEULUMPANG, IDI RAYEUK, ACEH TIMUR, ACEH",2,13,136,149
https://kawalpemilu.org#764,"BLANG GEULUMPANG, IDI RAYEUK, ACEH TIMUR, ACEH",3,14,151,165
https://kawalpemilu.org#764,"BLANG GEULUMPANG, IDI RAYEUK, ACEH TIMUR, ACEH",4,10,157,167
https://kawalpemilu.org#764,"BLANG GEULUMPANG, IDI RAYEUK, ACEH TIMUR, ACEH",5,14,139,153
https://kawalpemilu.org#764,"BLANG GEULUMPANG, IDI RAYEUK, ACEH TIMUR, ACEH",6,17,150,167
https://kawalpemilu.org#765,"MEUNASAH PU'UK, IDI RAYEUK, ACEH TIMUR, ACEH",1,26,201,227
https://kawalpemilu.org#766,"BANTAYAN TIMU, IDI RAYEUK, ACEH TIMUR, ACEH",1,10,138,148
https://kawalpemilu.org#766,"BANTAYAN TIMU, IDI RAYEUK, ACEH TIMUR, ACEH",2,6,104,110
https://kawalpemilu.org#767,"KEUTAPANG MAMEH, IDI RAYEUK, ACEH TIMUR, ACEH",1,15,159,174
https://kawalpemilu.org#767,"KEUTAPANG MAMEH, IDI RAYEUK, ACEH TIMUR, ACEH",2,11,198,209
https://kawalpemilu.org#767,"KEUTAPANG MAMEH, IDI RAYEUK, ACEH TIMUR, ACEH",3,7,180,187
https://kawalpemilu.org#767,"KEUTAPANG MAMEH, IDI RAYEUK, ACEH TIMUR, ACEH",4,14,113,127
https://kawalpemilu.org#768,"SEUNEUBOK RAMBONG, IDI RAYEUK, ACEH TIMUR, ACEH",7,10,62,72
https://kawalpemilu.org#769,"KUALA IDI, IDI RAYEUK, ACEH TIMUR, ACEH",1,7,196,203
https://kawalpemilu.org#769,"KUALA IDI, IDI RAYEUK, ACEH TIMUR, ACEH",2,9,186,195
https://kawalpemilu.org#770,"KEUDE ACEH, IDI RAYEUK, ACEH TIMUR, ACEH",1,14,197,211
https://kawalpemilu.org#770,"KEUDE ACEH, IDI RAYEUK, ACEH TIMUR, ACEH",2,9,178,187
https://kawalpemilu.org#771,"SEUNEUBOK BACEE, IDI RAYEUK, ACEH TIMUR, ACEH",1,11,138,149
https://kawalpemilu.org#771,"SEUNEUBOK BACEE, IDI RAYEUK, ACEH TIMUR, ACEH",2,13,87,100
https://kawalpemilu.org#772,"TITI BARO, IDI RAYEUK, ACEH TIMUR, ACEH",1,24,138,162
https://kawalpemilu.org#772,"TITI BARO, IDI RAYEUK, ACEH TIMUR, ACEH",2,22,145,167
https://kawalpemilu.org#773,"TANJONG KAPAI, IDI RAYEUK, ACEH TIMUR, ACEH",1,6,201,207
https://kawalpemilu.org#773,"TANJONG KAPAI, IDI RAYEUK, ACEH TIMUR, ACEH",2,13,230,243
https://kawalpemilu.org#774,"ALUE DUA MUKA O, IDI RAYEUK, ACEH TIMUR, ACEH",1,13,122,135
https://kawalpemilu.org#775,"ALUE DUA MUKA S, IDI RAYEUK, ACEH TIMUR, ACEH",1,13,216,229
https://kawalpemilu.org#776,"ULEE BLANG, IDI RAYEUK, ACEH TIMUR, ACEH",1,24,105,129
https://kawalpemilu.org#777,"BUKET JOK, IDI RAYEUK, ACEH TIMUR, ACEH",1,10,154,164
https://kawalpemilu.org#778,"BUKET MEULINTEUNG, IDI RAYEUK, ACEH TIMUR, ACEH",1,8,167,175
https://kawalpemilu.org#779,"GAMPONG JALAN, IDI RAYEUK, ACEH TIMUR, ACEH",1,10,162,172
https://kawalpemilu.org#779,"GAMPONG JALAN, IDI RAYEUK, ACEH TIMUR, ACEH",2,8,169,177
https://kawalpemilu.org#779,"GAMPONG JALAN, IDI RAYEUK, ACEH TIMUR, ACEH",3,11,170,181
https://kawalpemilu.org#779,"GAMPONG JALAN, IDI RAYEUK, ACEH TIMUR, ACEH",4,18,151,169
https://kawalpemilu.org#779,"GAMPONG JALAN, IDI RAYEUK, ACEH TIMUR, ACEH",5,10,172,182
https://kawalpemilu.org#779,"GAMPONG JALAN, IDI RAYEUK, ACEH TIMUR, ACEH",6,14,167,181
https://kawalpemilu.org#779,"GAMPONG JALAN, IDI RAYEUK, ACEH TIMUR, ACEH",7,6,147,153
https://kawalpemilu.org#779,"GAMPONG JALAN, IDI RAYEUK, ACEH TIMUR, ACEH",8,8,141,149
https://kawalpemilu.org#780,"TEUPIN BATEE, IDI RAYEUK, ACEH TIMUR, ACEH",1,26,178,204
https://kawalpemilu.org#780,"TEUPIN BATEE, IDI RAYEUK, ACEH TIMUR, ACEH",2,9,195,204
https://kawalpemilu.org#781,"BUKET LANGA, IDI RAYEUK, ACEH TIMUR, ACEH",1,5,66,71
https://kawalpemilu.org#782,"BUKET PALA, IDI RAYEUK, ACEH TIMUR, ACEH",1,17,125,142
https://kawalpemilu.org#782,"BUKET PALA, IDI RAYEUK, ACEH TIMUR, ACEH",2,12,113,125
https://kawalpemilu.org#783,"BUKET JUARA, IDI RAYEUK, ACEH TIMUR, ACEH",1,22,175,197
https://kawalpemilu.org#784,"SEUNEUBOK TUTONG, IDI RAYEUK, ACEH TIMUR, ACEH",1,5,134,139
https://kawalpemilu.org#785,"SEUNEUBOK TUHA, IDI RAYEUK, ACEH TIMUR, ACEH",1,11,86,97
https://kawalpemilu.org#786,"SAMPOIMAH, IDI RAYEUK, ACEH TIMUR, ACEH",1,13,184,197
https://kawalpemilu.org#787,"DAMA PULO, IDI RAYEUK, ACEH TIMUR, ACEH",1,20,145,165
https://kawalpemilu.org#787,"DAMA PULO, IDI RAYEUK, ACEH TIMUR, ACEH",2,14,134,148
https://kawalpemilu.org#787,"DAMA PULO, IDI RAYEUK, ACEH TIMUR, ACEH",3,16,121,137
https://kawalpemilu.org#788,"GUREB BLANG, IDI RAYEUK, ACEH TIMUR, ACEH",1,23,127,150
https://kawalpemilu.org#788,"GUREB BLANG, IDI RAYEUK, ACEH TIMUR, ACEH",2,19,101,120
https://kawalpemilu.org#789,"GAMPONG BARO, IDI RAYEUK, ACEH TIMUR, ACEH",1,13,183,196
https://kawalpemilu.org#789,"GAMPONG BARO, IDI RAYEUK, ACEH TIMUR, ACEH",2,19,142,161
https://kawalpemilu.org#789,"GAMPONG BARO, IDI RAYEUK, ACEH TIMUR, ACEH",3,9,127,136
https://kawalpemilu.org#790,"SEUNEUBOK TEUNGOH PDW PUNTONG, IDI RAYEUK, ACEH TIMUR, ACEH",1,20,189,209
https://kawalpemilu.org#790,"SEUNEUBOK TEUNGOH PDW PUNTONG, IDI RAYEUK, ACEH TIMUR, ACEH",3,18,88,106
https://kawalpemilu.org#791,"KUTA LAWAH, IDI RAYEUK, ACEH TIMUR, ACEH",1,20,194,214
https://kawalpemilu.org#793,"JAMBO LABU, BIREM BAYEUN, ACEH TIMUR, ACEH",1,8,144,152
https://kawalpemilu.org#793,"JAMBO LABU, BIREM BAYEUN, ACEH TIMUR, ACEH",2,7,199,206
https://kawalpemilu.org#793,"JAMBO LABU, BIREM BAYEUN, ACEH TIMUR, ACEH",3,8,212,220
https://kawalpemilu.org#793,"JAMBO LABU, BIREM BAYEUN, ACEH TIMUR, ACEH",4,10,182,192
https://kawalpemilu.org#793,"JAMBO LABU, BIREM BAYEUN, ACEH TIMUR, ACEH",5,14,182,196
https://kawalpemilu.org#793,"JAMBO LABU, BIREM BAYEUN, ACEH TIMUR, ACEH",6,11,197,208
https://kawalpemilu.org#794,"ALUE CANANG, BIREM BAYEUN, ACEH TIMUR, ACEH",1,17,170,187
https://kawalpemilu.org#794,"ALUE CANANG, BIREM BAYEUN, ACEH TIMUR, ACEH",2,18,163,181
https://kawalpemilu.org#794,"ALUE CANANG, BIREM BAYEUN, ACEH TIMUR, ACEH",3,17,197,214
https://kawalpemilu.org#794,"ALUE CANANG, BIREM BAYEUN, ACEH TIMUR, ACEH",4,3,92,95
https://kawalpemilu.org#795,"ALUE DRIEN, BIREM BAYEUN, ACEH TIMUR, ACEH",1,11,138,149
https://kawalpemilu.org#795,"ALUE DRIEN, BIREM BAYEUN, ACEH TIMUR, ACEH",2,15,126,141
https://kawalpemilu.org#796,"BUKET TIGA, BIREM BAYEUN, ACEH TIMUR, ACEH",1,3,168,171
https://kawalpemilu.org#796,"BUKET TIGA, BIREM BAYEUN, ACEH TIMUR, ACEH",2,8,190,198
https://kawalpemilu.org#796,"BUKET TIGA, BIREM BAYEUN, ACEH TIMUR, ACEH",3,9,201,210
https://kawalpemilu.org#797,"BENTENG, BIREM BAYEUN, ACEH TIMUR, ACEH",1,11,155,166
https://kawalpemilu.org#797,"BENTENG, BIREM BAYEUN, ACEH TIMUR, ACEH",2,11,144,155
https://kawalpemilu.org#798,"AFDELING II BUKIT, BIREM BAYEUN, ACEH TIMUR, ACEH",1,13,114,127
https://kawalpemilu.org#798,"AFDELING II BUKIT, BIREM BAYEUN, ACEH TIMUR, ACEH",2,4,118,122
https://kawalpemilu.org#799,"KEUMUNENG HULU, BIREM BAYEUN, ACEH TIMUR, ACEH",1,6,117,123
https://kawalpemilu.org#799,"KEUMUNENG HULU, BIREM BAYEUN, ACEH TIMUR, ACEH",2,8,129,137
https://kawalpemilu.org#800,"PEUTOW, BIREM BAYEUN, ACEH TIMUR, ACEH",1,16,205,221
https://kawalpemilu.org#801,"ALUE BULOH, BIREM BAYEUN, ACEH TIMUR, ACEH",1,15,190,205
https://kawalpemilu.org#801,"ALUE BULOH, BIREM BAYEUN, ACEH TIMUR, ACEH",2,15,114,129
https://kawalpemilu.org#802,"ALUE TEH, BIREM BAYEUN, ACEH TIMUR, ACEH",1,8,207,215
https://kawalpemilu.org#802,"ALUE TEH, BIREM BAYEUN, ACEH TIMUR, ACEH",2,17,157,174
https://kawalpemilu.org#802,"ALUE TEH, BIREM BAYEUN, ACEH TIMUR, ACEH",3,12,162,174
https://kawalpemilu.org#802,"ALUE TEH, BIREM BAYEUN, ACEH TIMUR, ACEH",4,5,183,188
https://kawalpemilu.org#802,"ALUE TEH, BIREM BAYEUN, ACEH TIMUR, ACEH",5,17,166,183
https://kawalpemilu.org#802,"ALUE TEH, BIREM BAYEUN, ACEH TIMUR, ACEH",6,12,186,198
https://kawalpemilu.org#802,"ALUE TEH, BIREM BAYEUN, ACEH TIMUR, ACEH",7,7,180,187
https://kawalpemilu.org#803,"PAYA RAMBONG, BIREM BAYEUN, ACEH TIMUR, ACEH",1,3,111,114
https://kawalpemilu.org#804,"ALUE GADENG SA, BIREM BAYEUN, ACEH TIMUR, ACEH",1,6,100,106
https://kawalpemilu.org#804,"ALUE GADENG SA, BIREM BAYEUN, ACEH TIMUR, ACEH",2,26,96,122
https://kawalpemilu.org#805,"PAYA TAMPAH, BIREM BAYEUN, ACEH TIMUR, ACEH",1,19,130,149
https://kawalpemilu.org#805,"PAYA TAMPAH, BIREM BAYEUN, ACEH TIMUR, ACEH",2,20,147,167
https://kawalpemilu.org#806,"PAYA BILI DUA, BIREM BAYEUN, ACEH TIMUR, ACEH",1,9,178,187
https://kawalpemilu.org#806,"PAYA BILI DUA, BIREM BAYEUN, ACEH TIMUR, ACEH",2,7,193,200
https://kawalpemilu.org#806,"PAYA BILI DUA, BIREM BAYEUN, ACEH TIMUR, ACEH",3,25,177,202
https://kawalpemilu.org#806,"PAYA BILI DUA, BIREM BAYEUN, ACEH TIMUR, ACEH",4,14,170,184
https://kawalpemilu.org#806,"PAYA BILI DUA, BIREM BAYEUN, ACEH TIMUR, ACEH",5,18,182,200
https://kawalpemilu.org#807,"PAYA BILI SA, BIREM BAYEUN, ACEH TIMUR, ACEH",1,9,102,111
https://kawalpemilu.org#807,"PAYA BILI SA, BIREM BAYEUN, ACEH TIMUR, ACEH",2,14,121,135
https://kawalpemilu.org#807,"PAYA BILI SA, BIREM BAYEUN, ACEH TIMUR, ACEH",3,27,123,150
https://kawalpemilu.org#808,"PAYA PEULAWI, BIREM BAYEUN, ACEH TIMUR, ACEH",1,26,183,209
https://kawalpemilu.org#808,"PAYA PEULAWI, BIREM BAYEUN, ACEH TIMUR, ACEH",2,26,176,202
https://kawalpemilu.org#809,"KEUDE BIREM, BIREM BAYEUN, ACEH TIMUR, ACEH",1,20,126,146
https://kawalpemilu.org#809,"KEUDE BIREM, BIREM BAYEUN, ACEH TIMUR, ACEH",2,19,142,161
https://kawalpemilu.org#809,"KEUDE BIREM, BIREM BAYEUN, ACEH TIMUR, ACEH",3,14,143,157
https://kawalpemilu.org#809,"KEUDE BIREM, BIREM BAYEUN, ACEH TIMUR, ACEH",4,19,161,180
https://kawalpemilu.org#809,"KEUDE BIREM, BIREM BAYEUN, ACEH TIMUR, ACEH",5,12,137,149
https://kawalpemilu.org#810,"BAYEUN, BIREM BAYEUN, ACEH TIMUR, ACEH",1,29,132,161
https://kawalpemilu.org#810,"BAYEUN, BIREM BAYEUN, ACEH TIMUR, ACEH",2,22,151,173
https://kawalpemilu.org#810,"BAYEUN, BIREM BAYEUN, ACEH TIMUR, ACEH",3,44,145,189
https://kawalpemilu.org#811,"ARAMIYAH, BIREM BAYEUN, ACEH TIMUR, ACEH",1,31,145,176
https://kawalpemilu.org#811,"ARAMIYAH, BIREM BAYEUN, ACEH TIMUR, ACEH",2,30,136,168
https://kawalpemilu.org#811,"ARAMIYAH, BIREM BAYEUN, ACEH TIMUR, ACEH",3,44,156,200
https://kawalpemilu.org#811,"ARAMIYAH, BIREM BAYEUN, ACEH TIMUR, ACEH",4,46,116,162
https://kawalpemilu.org#811,"ARAMIYAH, BIREM BAYEUN, ACEH TIMUR, ACEH",5,17,42,59
https://kawalpemilu.org#812,"BLANG TUALANG, BIREM BAYEUN, ACEH TIMUR, ACEH",1,34,105,139
https://kawalpemilu.org#812,"BLANG TUALANG, BIREM BAYEUN, ACEH TIMUR, ACEH",2,21,93,114
https://kawalpemilu.org#813,"BUKET SEULEUMAK, BIREM BAYEUN, ACEH TIMUR, ACEH",1,30,210,240
https://kawalpemilu.org#813,"BUKET SEULEUMAK, BIREM BAYEUN, ACEH TIMUR, ACEH",2,31,170,201
https://kawalpemilu.org#814,"BIREM RAYEUK, BIREM BAYEUN, ACEH TIMUR, ACEH",1,9,152,161
https://kawalpemilu.org#814,"BIREM RAYEUK, BIREM BAYEUN, ACEH TIMUR, ACEH",2,17,158,175
https://kawalpemilu.org#814,"BIREM RAYEUK, BIREM BAYEUN, ACEH TIMUR, ACEH",3,20,146,166
https://kawalpemilu.org#814,"BIREM RAYEUK, BIREM BAYEUN, ACEH TIMUR, ACEH",4,11,148,159
https://kawalpemilu.org#814,"BIREM RAYEUK, BIREM BAYEUN, ACEH TIMUR, ACEH",5,20,155,175
https://kawalpemilu.org#814,"BIREM RAYEUK, BIREM BAYEUN, ACEH TIMUR, ACEH",6,12,128,140
https://kawalpemilu.org#814,"BIREM RAYEUK, BIREM BAYEUN, ACEH TIMUR, ACEH",7,7,155,162
https://kawalpemilu.org#815,"ALUE GADENG GP, BIREM BAYEUN, ACEH TIMUR, ACEH",1,35,172,207
https://kawalpemilu.org#815,"ALUE GADENG GP, BIREM BAYEUN, ACEH TIMUR, ACEH",2,12,186,198
https://kawalpemilu.org#816,"ALUE GADENG II, BIREM BAYEUN, ACEH TIMUR, ACEH",2,11,131,142
https://kawalpemilu.org#817,"ALUE SENTANG, BIREM BAYEUN, ACEH TIMUR, ACEH",1,0,0,0
https://kawalpemilu.org#817,"ALUE SENTANG, BIREM BAYEUN, ACEH TIMUR, ACEH",2,18,155,173
https://kawalpemilu.org#817,"ALUE SENTANG, BIREM BAYEUN, ACEH TIMUR, ACEH",3,13,160,173
https://kawalpemilu.org#817,"ALUE SENTANG, BIREM BAYEUN, ACEH TIMUR, ACEH",4,10,170,180
https://kawalpemilu.org#817,"ALUE SENTANG, BIREM BAYEUN, ACEH TIMUR, ACEH",5,9,163,172
https://kawalpemilu.org#817,"ALUE SENTANG, BIREM BAYEUN, ACEH TIMUR, ACEH",6,12,173,185
https://kawalpemilu.org#817,"ALUE SENTANG, BIREM BAYEUN, ACEH TIMUR, ACEH",7,6,175,181
https://kawalpemilu.org#817,"ALUE SENTANG, BIREM BAYEUN, ACEH TIMUR, ACEH",8,5,180,185
https://kawalpemilu.org#818,"MERBOU DUA, BIREM BAYEUN, ACEH TIMUR, ACEH",1,31,155,186
https://kawalpemilu.org#819,"ALUE NYAMUK, BIREM BAYEUN, ACEH TIMUR, ACEH",1,22,151,173
https://kawalpemilu.org#819,"ALUE NYAMUK, BIREM BAYEUN, ACEH TIMUR, ACEH",2,32,180,212
https://kawalpemilu.org#819,"ALUE NYAMUK, BIREM BAYEUN, ACEH TIMUR, ACEH",3,14,198,212
https://kawalpemilu.org#821,"LOKOP, SERBAJADI, ACEH TIMUR, ACEH",1,39,173,212
https://kawalpemilu.org#822,"TERUJAK, SERBAJADI, ACEH TIMUR, ACEH",1,11,186,197
https://kawalpemilu.org#823,"TUALANG, SERBAJADI, ACEH TIMUR, ACEH",1,19,104,123
https://kawalpemilu.org#823,"TUALANG, SERBAJADI, ACEH TIMUR, ACEH",2,10,110,120
https://kawalpemilu.org#824,"LELES, SERBAJADI, ACEH TIMUR, ACEH",1,30,85,115
https://kawalpemilu.org#824,"LELES, SERBAJADI, ACEH TIMUR, ACEH",2,24,106,130
https://kawalpemilu.org#825,"UJUNG KARANG, SERBAJADI, ACEH TIMUR, ACEH",1,24,90,114
https://kawalpemilu.org#826,"NALON, SERBAJADI, ACEH TIMUR, ACEH",1,27,192,219
https://kawalpemilu.org#827,"JERING, SERBAJADI, ACEH TIMUR, ACEH",1,74,130,204
https://kawalpemilu.org#828,"LOOT, SERBAJADI, ACEH TIMUR, ACEH",1,37,203,240
https://kawalpemilu.org#829,"SEKUALAN, SERBAJADI, ACEH TIMUR, ACEH",1,48,143,191
https://kawalpemilu.org#830,"SUNTI, SERBAJADI, ACEH TIMUR, ACEH",1,22,151,173
https://kawalpemilu.org#831,"UMAH TARING, SERBAJADI, ACEH TIMUR, ACEH",1,7,69,76
https://kawalpemilu.org#832,"BUNIN, SERBAJADI, ACEH TIMUR, ACEH",1,13,161,174
https://kawalpemilu.org#832,"BUNIN, SERBAJADI, ACEH TIMUR, ACEH",2,32,129,161
https://kawalpemilu.org#832,"BUNIN, SERBAJADI, ACEH TIMUR, ACEH",3,68,84,152
https://kawalpemilu.org#832,"BUNIN, SERBAJADI, ACEH TIMUR, ACEH",4,65,55,120
https://kawalpemilu.org#833,"SEMBUANG, SERBAJADI, ACEH TIMUR, ACEH",1,2,131,133
https://kawalpemilu.org#834,"SEULEUMAK, SERBAJADI, ACEH TIMUR, ACEH",1,27,115,142
https://kawalpemilu.org#835,"MESIR, SERBAJADI, ACEH TIMUR, ACEH",1,10,97,107
https://kawalpemilu.org#836,"RAMPAH, SERBAJADI, ACEH TIMUR, ACEH",1,21,105,126
https://kawalpemilu.org#836,"RAMPAH, SERBAJADI, ACEH TIMUR, ACEH",2,33,83,116
https://kawalpemilu.org#837,"ARUL DURIN, SERBAJADI, ACEH TIMUR, ACEH",1,34,208,242
https://kawalpemilu.org#839,"KEUDE BAGOK, NURUSSALAM, ACEH TIMUR, ACEH",1,11,172,183
https://kawalpemilu.org#840,"GAMPONG KEUDE BAGOK, NURUSSALAM, ACEH TIMUR, ACEH",1,10,193,203
https://kawalpemilu.org#840,"GAMPONG KEUDE BAGOK, NURUSSALAM, ACEH TIMUR, ACEH",2,9,179,188
https://kawalpemilu.org#841,"ASAN TANJONG, NURUSSALAM, ACEH TIMUR, ACEH",1,6,170,176
https://kawalpemilu.org#842,"BANTAYAN, NURUSSALAM, ACEH TIMUR, ACEH",1,23,165,188
https://kawalpemilu.org#842,"BANTAYAN, NURUSSALAM, ACEH TIMUR, ACEH",2,24,162,186
https://kawalpemilu.org#843,"MATANG SEULEUMAK, NURUSSALAM, ACEH TIMUR, ACEH",1,15,164,179
https://kawalpemilu.org#843,"MATANG SEULEUMAK, NURUSSALAM, ACEH TIMUR, ACEH",2,37,135,172
https://kawalpemilu.org#844,"TEUPIN PUKAT, NURUSSALAM, ACEH TIMUR, ACEH",1,7,178,185
https://kawalpemilu.org#844,"TEUPIN PUKAT, NURUSSALAM, ACEH TIMUR, ACEH",2,11,174,185
https://kawalpemilu.org#844,"TEUPIN PUKAT, NURUSSALAM, ACEH TIMUR, ACEH",3,12,123,135
https://kawalpemilu.org#845,"MATANG NEUHEUN, NURUSSALAM, ACEH TIMUR, ACEH",1,32,138,170
https://kawalpemilu.org#845,"MATANG NEUHEUN, NURUSSALAM, ACEH TIMUR, ACEH",2,31,179,210
https://kawalpemilu.org#845,"MATANG NEUHEUN, NURUSSALAM, ACEH TIMUR, ACEH",3,36,144,180
https://kawalpemilu.org#846,"KUALA BAGOK, NURUSSALAM, ACEH TIMUR, ACEH",1,20,115,135
https://kawalpemilu.org#847,"MEUNASAH TEUNGOH, NURUSSALAM, ACEH TIMUR, ACEH",1,10,128,138
https://kawalpemilu.org#847,"MEUNASAH TEUNGOH, NURUSSALAM, ACEH TIMUR, ACEH",2,6,137,143
https://kawalpemilu.org#847,"MEUNASAH TEUNGOH, NURUSSALAM, ACEH TIMUR, ACEH",3,8,126,134
https://kawalpemilu.org#848,"MEUDANG ARA, NURUSSALAM, ACEH TIMUR, ACEH",1,9,175,184
https://kawalpemilu.org#848,"MEUDANG ARA, NURUSSALAM, ACEH TIMUR, ACEH",2,11,156,167
https://kawalpemilu.org#849,"PEULAWI, NURUSSALAM, ACEH TIMUR, ACEH",2,7,98,105
https://kawalpemilu.org#850,"BAROH BUGENG, NURUSSALAM, ACEH TIMUR, ACEH",1,9,165,174
https://kawalpemilu.org#850,"BAROH BUGENG, NURUSSALAM, ACEH TIMUR, ACEH",2,7,179,186
https://kawalpemilu.org#851,"SEUMATANG ARON, NURUSSALAM, ACEH TIMUR, ACEH",1,16,202,218
https://kawalpemilu.org#852,"BLANG PANJOU, NURUSSALAM, ACEH TIMUR, ACEH",1,5,143,148
https://kawalpemilu.org#853,"PULO U, NURUSSALAM, ACEH TIMUR, ACEH",1,5,179,184
https://kawalpemilu.org#853,"PULO U, NURUSSALAM, ACEH TIMUR, ACEH",2,11,170,181
https://kawalpemilu.org#854,"COT ASAN, NURUSSALAM, ACEH TIMUR, ACEH",1,6,149,155
https://kawalpemilu.org#854,"COT ASAN, NURUSSALAM, ACEH TIMUR, ACEH",2,12,166,178
https://kawalpemilu.org#855,"PAYA ENJEE, NURUSSALAM, ACEH TIMUR, ACEH",1,3,86,89
https://kawalpemilu.org#856,"SEULEUMAK MUDA, NURUSSALAM, ACEH TIMUR, ACEH",1,11,85,96
https://kawalpemilu.org#857,"MATANG PANYANG, NURUSSALAM, ACEH TIMUR, ACEH",1,7,210,217
https://kawalpemilu.org#858,"MEUNASAH HAGU, NURUSSALAM, ACEH TIMUR, ACEH",1,14,138,152
https://kawalpemilu.org#859,"MATANG KUNYET, NURUSSALAM, ACEH TIMUR, ACEH",1,26,137,163
https://kawalpemilu.org#860,"BUKET PANJOU, NURUSSALAM, ACEH TIMUR, ACEH",1,10,125,135
https://kawalpemilu.org#860,"BUKET PANJOU, NURUSSALAM, ACEH TIMUR, ACEH",2,11,90,101
https://kawalpemilu.org#861,"BUKET MEURAK, NURUSSALAM, ACEH TIMUR, ACEH",1,6,117,123
https://kawalpemilu.org#862,"BUKET PANYANG, NURUSSALAM, ACEH TIMUR, ACEH",1,14,151,165
https://kawalpemilu.org#863,"SEUNEUBOK DALAM, NURUSSALAM, ACEH TIMUR, ACEH",1,12,163,175
https://kawalpemilu.org#864,"GAMPONG MESJID, NURUSSALAM, ACEH TIMUR, ACEH",1,25,202,227
https://kawalpemilu.org#864,"GAMPONG MESJID, NURUSSALAM, ACEH TIMUR, ACEH",2,21,163,184
https://kawalpemilu.org#864,"GAMPONG MESJID, NURUSSALAM, ACEH TIMUR, ACEH",3,16,156,172
https://kawalpemilu.org#864,"GAMPONG MESJID, NURUSSALAM, ACEH TIMUR, ACEH",4,10,169,179
https://kawalpemilu.org#865,"ALUE SIWAH SERDANG, NURUSSALAM, ACEH TIMUR, ACEH",1,40,125,165
https://kawalpemilu.org#865,"ALUE SIWAH SERDANG, NURUSSALAM, ACEH TIMUR, ACEH",2,29,117,146
https://kawalpemilu.org#866,"GAMPONG LHEE, NURUSSALAM, ACEH TIMUR, ACEH",1,6,140,146
https://kawalpemilu.org#866,"GAMPONG LHEE, NURUSSALAM, ACEH TIMUR, ACEH",2,3,158,161
https://kawalpemilu.org#866,"GAMPONG LHEE, NURUSSALAM, ACEH TIMUR, ACEH",3,9,116,125
https://kawalpemilu.org#867,"BEURANDANG, NURUSSALAM, ACEH TIMUR, ACEH",1,8,82,90
https://kawalpemilu.org#868,"GAMPONG JALAN, NURUSSALAM, ACEH TIMUR, ACEH",1,9,157,166
https://kawalpemilu.org#868,"GAMPONG JALAN, NURUSSALAM, ACEH TIMUR, ACEH",2,2,81,83
https://kawalpemilu.org#869,"SEUNEUBOK RAMBONG, NURUSSALAM, ACEH TIMUR, ACEH",1,11,166,177
https://kawalpemilu.org#872,"TUALANG, PEUREULAK, ACEH TIMUR, ACEH",5,5,188,193
https://kawalpemilu.org#874,"LEUGE, PEUREULAK, ACEH TIMUR, ACEH",1,10,143,153
https://kawalpemilu.org#874,"LEUGE, PEUREULAK, ACEH TIMUR, ACEH",3,11,172,183
https://kawalpemilu.org#880,"PAYA LIPAH, PEUREULAK, ACEH TIMUR, ACEH",3,14,159,173
https://kawalpemilu.org#880,"PAYA LIPAH, PEUREULAK, ACEH TIMUR, ACEH",4,13,186,199
https://kawalpemilu.org#882,"LHOK DALAM, PEUREULAK, ACEH TIMUR, ACEH",1,21,183,204
https://kawalpemilu.org#882,"LHOK DALAM, PEUREULAK, ACEH TIMUR, ACEH",2,6,174,180
https://kawalpemilu.org#882,"LHOK DALAM, PEUREULAK, ACEH TIMUR, ACEH",7,22,168,190
https://kawalpemilu.org#883,"BEUSA MEURANOE, PEUREULAK, ACEH TIMUR, ACEH",1,26,145,171
https://kawalpemilu.org#883,"BEUSA MEURANOE, PEUREULAK, ACEH TIMUR, ACEH",2,22,193,215
https://kawalpemilu.org#883,"BEUSA MEURANOE, PEUREULAK, ACEH TIMUR, ACEH",3,20,126,146
https://kawalpemilu.org#884,"BANGKA RIMUNG, PEUREULAK, ACEH TIMUR, ACEH",1,15,198,213
https://kawalpemilu.org#884,"BANGKA RIMUNG, PEUREULAK, ACEH TIMUR, ACEH",2,10,148,158
https://kawalpemilu.org#884,"BANGKA RIMUNG, PEUREULAK, ACEH TIMUR, ACEH",3,7,102,109
https://kawalpemilu.org#885,"TANOH RATA, PEUREULAK, ACEH TIMUR, ACEH",1,31,145,176
https://kawalpemilu.org#887,"BLANG BALOK, PEUREULAK, ACEH TIMUR, ACEH",1,32,157,189
https://kawalpemilu.org#887,"BLANG BALOK, PEUREULAK, ACEH TIMUR, ACEH",2,22,135,157
https://kawalpemilu.org#887,"BLANG BALOK, PEUREULAK, ACEH TIMUR, ACEH",3,16,152,168
https://kawalpemilu.org#892,"ALUE NIBONG, PEUREULAK, ACEH TIMUR, ACEH",1,23,134,157
https://kawalpemilu.org#892,"ALUE NIBONG, PEUREULAK, ACEH TIMUR, ACEH",2,27,155,182
https://kawalpemilu.org#892,"ALUE NIBONG, PEUREULAK, ACEH TIMUR, ACEH",3,20,143,163
https://kawalpemilu.org#892,"ALUE NIBONG, PEUREULAK, ACEH TIMUR, ACEH",4,24,154,178
https://kawalpemilu.org#892,"ALUE NIBONG, PEUREULAK, ACEH TIMUR, ACEH",5,16,83,99
https://kawalpemilu.org#893,"SEUNEUBOK PEUSANGAN, PEUREULAK, ACEH TIMUR, ACEH",1,25,136,161
https://kawalpemilu.org#893,"SEUNEUBOK PEUSANGAN, PEUREULAK, ACEH TIMUR, ACEH",3,18,155,173
https://kawalpemilu.org#893,"SEUNEUBOK PEUSANGAN, PEUREULAK, ACEH TIMUR, ACEH",4,14,142,156
https://kawalpemilu.org#894,"SEUNEUBOK ACEH, PEUREULAK, ACEH TIMUR, ACEH",5,6,81,87
https://kawalpemilu.org#895,"SEUNEUBOK PIDIE, PEUREULAK, ACEH TIMUR, ACEH",2,14,152,166
https://kawalpemilu.org#896,"DAMA TUTONG, PEUREULAK, ACEH TIMUR, ACEH",1,11,146,157
https://kawalpemilu.org#896,"DAMA TUTONG, PEUREULAK, ACEH TIMUR, ACEH",2,6,155,161
https://kawalpemilu.org#896,"DAMA TUTONG, PEUREULAK, ACEH TIMUR, ACEH",4,5,56,61
https://kawalpemilu.org#899,"BUKET PALA, PEUREULAK, ACEH TIMUR, ACEH",1,49,163,212
https://kawalpemilu.org#899,"BUKET PALA, PEUREULAK, ACEH TIMUR, ACEH",2,43,151,194
https://kawalpemilu.org#899,"BUKET PALA, PEUREULAK, ACEH TIMUR, ACEH",3,32,110,142
https://kawalpemilu.org#900,"PAYA KALUI, PEUREULAK, ACEH TIMUR, ACEH",1,12,137,149
https://kawalpemilu.org#902,"PAYA MEULIGOU, PEUREULAK, ACEH TIMUR, ACEH",1,18,139,157
https://kawalpemilu.org#902,"PAYA MEULIGOU, PEUREULAK, ACEH TIMUR, ACEH",2,22,149,171
https://kawalpemilu.org#902,"PAYA MEULIGOU, PEUREULAK, ACEH TIMUR, ACEH",3,17,145,162
https://kawalpemilu.org#903,"BLANG SIMPO, PEUREULAK, ACEH TIMUR, ACEH",1,24,163,187
https://kawalpemilu.org#904,"BLANG BATEE, PEUREULAK, ACEH TIMUR, ACEH",1,14,152,166
https://kawalpemilu.org#904,"BLANG BATEE, PEUREULAK, ACEH TIMUR, ACEH",2,7,154,161
https://kawalpemilu.org#904,"BLANG BATEE, PEUREULAK, ACEH TIMUR, ACEH",3,6,153,159
https://kawalpemilu.org#904,"BLANG BATEE, PEUREULAK, ACEH TIMUR, ACEH",4,18,140,158
https://kawalpemilu.org#904,"BLANG BATEE, PEUREULAK, ACEH TIMUR, ACEH",5,7,124,131
https://kawalpemilu.org#907,"ALUE RAMBONG, PEUREULAK, ACEH TIMUR, ACEH",1,18,211,229
https://kawalpemilu.org#907,"ALUE RAMBONG, PEUREULAK, ACEH TIMUR, ACEH",2,14,182,196
https://kawalpemilu.org#910,"BAYEUN, RANTAU SELAMAT, ACEH TIMUR, ACEH",1,7,105,112
https://kawalpemilu.org#910,"BAYEUN, RANTAU SELAMAT, ACEH TIMUR, ACEH",2,11,162,173
https://kawalpemilu.org#910,"BAYEUN, RANTAU SELAMAT, ACEH TIMUR, ACEH",3,13,170,183
https://kawalpemilu.org#910,"BAYEUN, RANTAU SELAMAT, ACEH TIMUR, ACEH",4,21,174,195
https://kawalpemilu.org#910,"BAYEUN, RANTAU SELAMAT, ACEH TIMUR, ACEH",5,13,172,185
https://kawalpemilu.org#910,"BAYEUN, RANTAU SELAMAT, ACEH TIMUR, ACEH",6,17,175,192
https://kawalpemilu.org#910,"BAYEUN, RANTAU SELAMAT, ACEH TIMUR, ACEH",7,4,175,179
https://kawalpemilu.org#910,"BAYEUN, RANTAU SELAMAT, ACEH TIMUR, ACEH",8,12,162,174
https://kawalpemilu.org#911,"RANTAU PANJANG, RANTAU SELAMAT, ACEH TIMUR, ACEH",1,19,159,178
https://kawalpemilu.org#911,"RANTAU PANJANG, RANTAU SELAMAT, ACEH TIMUR, ACEH",2,12,142,154
https://kawalpemilu.org#911,"RANTAU PANJANG, RANTAU SELAMAT, ACEH TIMUR, ACEH",3,23,146,169
https://kawalpemilu.org#911,"RANTAU PANJANG, RANTAU SELAMAT, ACEH TIMUR, ACEH",4,18,128,146
https://kawalpemilu.org#911,"RANTAU PANJANG, RANTAU SELAMAT, ACEH TIMUR, ACEH",5,18,154,172
https://kawalpemilu.org#911,"RANTAU PANJANG, RANTAU SELAMAT, ACEH TIMUR, ACEH",6,16,158,174
https://kawalpemilu.org#911,"RANTAU PANJANG, RANTAU SELAMAT, ACEH TIMUR, ACEH",7,17,116,133
https://kawalpemilu.org#912,"ALUE RAYA, RANTAU SELAMAT, ACEH TIMUR, ACEH",1,9,97,106
https://kawalpemilu.org#912,"ALUE RAYA, RANTAU SELAMAT, ACEH TIMUR, ACEH",2,10,135,145
https://kawalpemilu.org#912,"ALUE RAYA, RANTAU SELAMAT, ACEH TIMUR, ACEH",3,12,136,148
https://kawalpemilu.org#913,"ALUE KUMBA, RANTAU SELAMAT, ACEH TIMUR, ACEH",1,17,152,169
https://kawalpemilu.org#913,"ALUE KUMBA, RANTAU SELAMAT, ACEH TIMUR, ACEH",2,23,167,190
https://kawalpemilu.org#914,"SEUNEUBOK DALAM, RANTAU SELAMAT, ACEH TIMUR, ACEH",1,38,125,163
https://kawalpemilu.org#914,"SEUNEUBOK DALAM, RANTAU SELAMAT, ACEH TIMUR, ACEH",2,20,165,185
https://kawalpemilu.org#915,"ALUE SEULEUMAK, RANTAU SELAMAT, ACEH TIMUR, ACEH",1,31,173,204
https://kawalpemilu.org#916,"SARAH KAYEE, RANTAU SELAMAT, ACEH TIMUR, ACEH",1,15,116,131
https://kawalpemilu.org#917,"DAMAR SIPUT, RANTAU SELAMAT, ACEH TIMUR, ACEH",1,7,96,103
https://kawalpemilu.org#918,"SIMPANG PEUT, RANTAU SELAMAT, ACEH TIMUR, ACEH",1,19,149,168
https://kawalpemilu.org#920,"ALUE PUNTI, RANTAU SELAMAT, ACEH TIMUR, ACEH",1,45,107,152
https://kawalpemilu.org#920,"ALUE PUNTI, RANTAU SELAMAT, ACEH TIMUR, ACEH",2,44,108,152
https://kawalpemilu.org#920,"ALUE PUNTI, RANTAU SELAMAT, ACEH TIMUR, ACEH",3,36,98,134
https://kawalpemilu.org#921,"ALUE KAUL, RANTAU SELAMAT, ACEH TIMUR, ACEH",1,25,128,153
https://kawalpemilu.org#921,"ALUE KAUL, RANTAU SELAMAT, ACEH TIMUR, ACEH",2,22,118,140
https://kawalpemilu.org#921,"ALUE KAUL, RANTAU SELAMAT, ACEH TIMUR, ACEH",3,17,125,142
https://kawalpemilu.org#921,"ALUE KAUL, RANTAU SELAMAT, ACEH TIMUR, ACEH",4,23,115,138
https://kawalpemilu.org#922,"SARAH TEUBE, RANTAU SELAMAT, ACEH TIMUR, ACEH",1,32,152,185
https://kawalpemilu.org#922,"SARAH TEUBE, RANTAU SELAMAT, ACEH TIMUR, ACEH",2,32,132,164
https://kawalpemilu.org#923,"ALUE TUWI, RANTAU SELAMAT, ACEH TIMUR, ACEH",1,49,146,195
https://kawalpemilu.org#925,"PEULALU, SIMPANG ULIM, ACEH TIMUR, ACEH",1,12,134,146
https://kawalpemilu.org#925,"PEULALU, SIMPANG ULIM, ACEH TIMUR, ACEH",2,18,149,167
https://kawalpemilu.org#925,"PEULALU, SIMPANG ULIM, ACEH TIMUR, ACEH",3,10,154,164
https://kawalpemilu.org#925,"PEULALU, SIMPANG ULIM, ACEH TIMUR, ACEH",4,13,150,4
https://kawalpemilu.org#925,"PEULALU, SIMPANG ULIM, ACEH TIMUR, ACEH",5,15,156,171
https://kawalpemilu.org#926,"NICAH AWE, SIMPANG ULIM, ACEH TIMUR, ACEH",1,10,148,158
https://kawalpemilu.org#926,"NICAH AWE, SIMPANG ULIM, ACEH TIMUR, ACEH",2,13,166,179
https://kawalpemilu.org#927,"ALUE BULOH SA, SIMPANG ULIM, ACEH TIMUR, ACEH",1,26,166,192
https://kawalpemilu.org#927,"ALUE BULOH SA, SIMPANG ULIM, ACEH TIMUR, ACEH",2,28,167,195
https://kawalpemilu.org#927,"ALUE BULOH SA, SIMPANG ULIM, ACEH TIMUR, ACEH",3,12,108,120
https://kawalpemilu.org#927,"ALUE BULOH SA, SIMPANG ULIM, ACEH TIMUR, ACEH",4,11,54,65
https://kawalpemilu.org#928,"ALUE BULOH DUA, SIMPANG ULIM, ACEH TIMUR, ACEH",1,6,134,140
https://kawalpemilu.org#928,"ALUE BULOH DUA, SIMPANG ULIM, ACEH TIMUR, ACEH",2,6,121,127
https://kawalpemilu.org#929,"TEUPIN BREUH, SIMPANG ULIM, ACEH TIMUR, ACEH",2,15,140,155
https://kawalpemilu.org#930,"MATANG RAYEUK, SIMPANG ULIM, ACEH TIMUR, ACEH",1,9,138,151
https://kawalpemilu.org#930,"MATANG RAYEUK, SIMPANG ULIM, ACEH TIMUR, ACEH",2,22,138,160
https://kawalpemilu.org#931,"MATANG KUMBANG, SIMPANG ULIM, ACEH TIMUR, ACEH",1,21,147,168
https://kawalpemilu.org#931,"MATANG KUMBANG, SIMPANG ULIM, ACEH TIMUR, ACEH",2,21,160,181
https://kawalpemilu.org#931,"MATANG KUMBANG, SIMPANG ULIM, ACEH TIMUR, ACEH",3,10,141,151
https://kawalpemilu.org#932,"BLANG NIE, SIMPANG ULIM, ACEH TIMUR, ACEH",1,18,151,169
https://kawalpemilu.org#932,"BLANG NIE, SIMPANG ULIM, ACEH TIMUR, ACEH",2,14,162,176
https://kawalpemilu.org#932,"BLANG NIE, SIMPANG ULIM, ACEH TIMUR, ACEH",3,12,167,179
https://kawalpemilu.org#932,"BLANG NIE, SIMPANG ULIM, ACEH TIMUR, ACEH",4,14,121,135
https://kawalpemilu.org#933,"BANTAYAN, SIMPANG ULIM, ACEH TIMUR, ACEH",1,17,142,159
https://kawalpemilu.org#933,"BANTAYAN, SIMPANG ULIM, ACEH TIMUR, ACEH",2,11,176,187
https://kawalpemilu.org#933,"BANTAYAN, SIMPANG ULIM, ACEH TIMUR, ACEH",3,9,121,130
https://kawalpemilu.org#933,"BANTAYAN, SIMPANG ULIM, ACEH TIMUR, ACEH",4,21,139,160
https://kawalpemilu.org#933,"BANTAYAN, SIMPANG ULIM, ACEH TIMUR, ACEH",5,19,124,143
https://kawalpemilu.org#933,"BANTAYAN, SIMPANG ULIM, ACEH TIMUR, ACEH",6,11,143,154
https://kawalpemilu.org#934,"MATANG WENG, SIMPANG ULIM, ACEH TIMUR, ACEH",1,13,119,132
https://kawalpemilu.org#934,"MATANG WENG, SIMPANG ULIM, ACEH TIMUR, ACEH",2,8,101,109
https://kawalpemilu.org#935,"ALUE MULIENG, SIMPANG ULIM, ACEH TIMUR, ACEH",1,13,120,133
https://kawalpemilu.org#935,"ALUE MULIENG, SIMPANG ULIM, ACEH TIMUR, ACEH",2,9,117,126
https://kawalpemilu.org#936,"PUCOK ALUE DUA, SIMPANG ULIM, ACEH TIMUR, ACEH",3,5,133,138
https://kawalpemilu.org#937,"GAMPONG BLANG, SIMPANG ULIM, ACEH TIMUR, ACEH",2,16,144,160
https://kawalpemilu.org#937,"GAMPONG BLANG, SIMPANG ULIM, ACEH TIMUR, ACEH",3,15,120,135
https://kawalpemilu.org#937,"GAMPONG BLANG, SIMPANG ULIM, ACEH TIMUR, ACEH",4,15,157,172
https://kawalpemilu.org#937,"GAMPONG BLANG, SIMPANG ULIM, ACEH TIMUR, ACEH",5,15,85,100
https://kawalpemilu.org#938,"KEUDE TUHA, SIMPANG ULIM, ACEH TIMUR, ACEH",1,26,115,141
https://kawalpemilu.org#938,"KEUDE TUHA, SIMPANG ULIM, ACEH TIMUR, ACEH",2,12,153,165
https://kawalpemilu.org#939,"KUALA SIMPANG ULIM, SIMPANG ULIM, ACEH TIMUR, ACEH",1,11,160,171
https://kawalpemilu.org#939,"KUALA SIMPANG ULIM, SIMPANG ULIM, ACEH TIMUR, ACEH",2,9,168,177
https://kawalpemilu.org#939,"KUALA SIMPANG ULIM, SIMPANG ULIM, ACEH TIMUR, ACEH",3,10,135,145
https://kawalpemilu.org#940,"LAMPOH RAYEUK, SIMPANG ULIM, ACEH TIMUR, ACEH",1,8,140,148
https://kawalpemilu.org#940,"LAMPOH RAYEUK, SIMPANG ULIM, ACEH TIMUR, ACEH",2,12,137,149
https://kawalpemilu.org#941,"TEUPIN MAMPLAM, SIMPANG ULIM, ACEH TIMUR, ACEH",1,7,134,141
https://kawalpemilu.org#941,"TEUPIN MAMPLAM, SIMPANG ULIM, ACEH TIMUR, ACEH",2,9,134,143
https://kawalpemilu.org#941,"TEUPIN MAMPLAM, SIMPANG ULIM, ACEH TIMUR, ACEH",3,6,120,126
https://kawalpemilu.org#942,"TITI BARUEH, SIMPANG ULIM, ACEH TIMUR, ACEH",1,16,103,119
https://kawalpemilu.org#942,"TITI BARUEH, SIMPANG ULIM, ACEH TIMUR, ACEH",2,10,97,107
https://kawalpemilu.org#943,"PUCOK ALUE SA, SIMPANG ULIM, ACEH TIMUR, ACEH",1,31,159,190
https://kawalpemilu.org#943,"PUCOK ALUE SA, SIMPANG ULIM, ACEH TIMUR, ACEH",2,29,153,182
https://kawalpemilu.org#944,"PUCOK ALUE BARAT, SIMPANG ULIM, ACEH TIMUR, ACEH",1,16,152,168
https://kawalpemilu.org#944,"PUCOK ALUE BARAT, SIMPANG ULIM, ACEH TIMUR, ACEH",2,14,129,143
https://kawalpemilu.org#945,"ARAKUNDO, SIMPANG ULIM, ACEH TIMUR, ACEH",1,12,119,129
https://kawalpemilu.org#945,"ARAKUNDO, SIMPANG ULIM, ACEH TIMUR, ACEH",2,10,128,138
https://kawalpemilu.org#946,"GAMPONG BARO, SIMPANG ULIM, ACEH TIMUR, ACEH",1,3,127,130
https://kawalpemilu.org#946,"GAMPONG BARO, SIMPANG ULIM, ACEH TIMUR, ACEH",2,15,140,155
https://kawalpemilu.org#946,"GAMPONG BARO, SIMPANG ULIM, ACEH TIMUR, ACEH",3,8,156,164
https://kawalpemilu.org#947,"MATANG SEUPENG, SIMPANG ULIM, ACEH TIMUR, ACEH",1,14,133,147
https://kawalpemilu.org#947,"MATANG SEUPENG, SIMPANG ULIM, ACEH TIMUR, ACEH",2,12,162,174
https://kawalpemilu.org#949,"PAYA UNOU, RANTAU PEUREULAK, ACEH TIMUR, ACEH",1,8,179,187
https://kawalpemilu.org#949,"PAYA UNOU, RANTAU PEUREULAK, ACEH TIMUR, ACEH",2,14,168,182
https://kawalpemilu.org#950,"SEUNEUBOK JOHAN, RANTAU PEUREULAK, ACEH TIMUR, ACEH",1,20,206,226
https://kawalpemilu.org#950,"SEUNEUBOK JOHAN, RANTAU PEUREULAK, ACEH TIMUR, ACEH",2,1,39,40
https://kawalpemilu.org#951,"SEUNEUBOK BARO, RANTAU PEUREULAK, ACEH TIMUR, ACEH",1,17,159,176
https://kawalpemilu.org#951,"SEUNEUBOK BARO, RANTAU PEUREULAK, ACEH TIMUR, ACEH",2,11,142,153
https://kawalpemilu.org#952,"PULO BLANG, RANTAU PEUREULAK, ACEH TIMUR, ACEH",1,15,232,247
https://kawalpemilu.org#952,"PULO BLANG, RANTAU PEUREULAK, ACEH TIMUR, ACEH",2,0,0,80
https://kawalpemilu.org#953,"BLANG BAROM, RANTAU PEUREULAK, ACEH TIMUR, ACEH",1,35,192,227
https://kawalpemilu.org#954,"SEUNEUBOK DALAM, RANTAU PEUREULAK, ACEH TIMUR, ACEH",1,8,125,133
https://kawalpemilu.org#955,"SEULEMAK MUDA, RANTAU PEUREULAK, ACEH TIMUR, ACEH",1,9,108,117
https://kawalpemilu.org#955,"SEULEMAK MUDA, RANTAU PEUREULAK, ACEH TIMUR, ACEH",2,7,98,105
https://kawalpemilu.org#956,"BHOM LAMA, RANTAU PEUREULAK, ACEH TIMUR, ACEH",1,29,180,209
https://kawalpemilu.org#956,"BHOM LAMA, RANTAU PEUREULAK, ACEH TIMUR, ACEH",2,18,142,160
https://kawalpemilu.org#957,"PASI PUTEH, RANTAU PEUREULAK, ACEH TIMUR, ACEH",1,14,135,149
https://kawalpemilu.org#957,"PASI PUTEH, RANTAU PEUREULAK, ACEH TIMUR, ACEH",2,20,143,163
https://kawalpemilu.org#958,"ALUE DUA, RANTAU PEUREULAK, ACEH TIMUR, ACEH",1,25,95,120
https://kawalpemilu.org#958,"ALUE DUA, RANTAU PEUREULAK, ACEH TIMUR, ACEH",2,15,89,104
https://kawalpemilu.org#958,"ALUE DUA, RANTAU PEUREULAK, ACEH TIMUR, ACEH",3,11,122,133
https://kawalpemilu.org#959,"BUKET PALA, RANTAU PEUREULAK, ACEH TIMUR, ACEH",1,15,154,5
https://kawalpemilu.org#959,"BUKET PALA, RANTAU PEUREULAK, ACEH TIMUR, ACEH",2,14,173,187
https://kawalpemilu.org#959,"BUKET PALA, RANTAU PEUREULAK, ACEH TIMUR, ACEH",3,11,156,167
https://kawalpemilu.org#959,"BUKET PALA, RANTAU PEUREULAK, ACEH TIMUR, ACEH",4,16,179,195
https://kawalpemilu.org#960,"MATA IE, RANTAU PEUREULAK, ACEH TIMUR, ACEH",1,16,186,202
https://kawalpemilu.org#960,"MATA IE, RANTAU PEUREULAK, ACEH TIMUR, ACEH",2,18,181,199
https://kawalpemilu.org#960,"MATA IE, RANTAU PEUREULAK, ACEH TIMUR, ACEH",3,21,105,126
https://kawalpemilu.org#961,"ALUE UDEP, RANTAU PEUREULAK, ACEH TIMUR, ACEH",1,29,176,205
https://kawalpemilu.org#961,"ALUE UDEP, RANTAU PEUREULAK, ACEH TIMUR, ACEH",2,22,138,160
https://kawalpemilu.org#962,"SEUMALI, RANTAU PEUREULAK, ACEH TIMUR, ACEH",1,28,141,169
https://kawalpemilu.org#962,"SEUMALI, RANTAU PEUREULAK, ACEH TIMUR, ACEH",2,23,118,141
https://kawalpemilu.org#962,"SEUMALI, RANTAU PEUREULAK, ACEH TIMUR, ACEH",3,15,71,86
https://kawalpemilu.org#963,"PUNTI PAYONG, RANTAU PEUREULAK, ACEH TIMUR, ACEH",1,38,147,185
https://kawalpemilu.org#963,"PUNTI PAYONG, RANTAU PEUREULAK, ACEH TIMUR, ACEH",2,40,146,186
https://kawalpemilu.org#963,"PUNTI PAYONG, RANTAU PEUREULAK, ACEH TIMUR, ACEH",3,25,182,207
https://kawalpemilu.org#963,"PUNTI PAYONG, RANTAU PEUREULAK, ACEH TIMUR, ACEH",4,17,85,102
https://kawalpemilu.org#964,"PAYA PALAS, RANTAU PEUREULAK, ACEH TIMUR, ACEH",1,40,203,243
https://kawalpemilu.org#964,"PAYA PALAS, RANTAU PEUREULAK, ACEH TIMUR, ACEH",2,33,163,199
https://kawalpemilu.org#964,"PAYA PALAS, RANTAU PEUREULAK, ACEH TIMUR, ACEH",3,35,171,206
https://kawalpemilu.org#964,"PAYA PALAS, RANTAU PEUREULAK, ACEH TIMUR, ACEH",4,31,175,206
https://kawalpemilu.org#964,"PAYA PALAS, RANTAU PEUREULAK, ACEH TIMUR, ACEH",5,28,148,176
https://kawalpemilu.org#964,"PAYA PALAS, RANTAU PEUREULAK, ACEH TIMUR, ACEH",6,16,200,216
https://kawalpemilu.org#964,"PAYA PALAS, RANTAU PEUREULAK, ACEH TIMUR, ACEH",7,15,90,105
https://kawalpemilu.org#965,"TAMPAK, RANTAU PEUREULAK, ACEH TIMUR, ACEH",1,28,162,190
https://kawalpemilu.org#965,"TAMPAK, RANTAU PEUREULAK, ACEH TIMUR, ACEH",2,30,169,199
https://kawalpemilu.org#965,"TAMPAK, RANTAU PEUREULAK, ACEH TIMUR, ACEH",3,20,104,124
https://kawalpemilu.org#966,"KLIET, RANTAU PEUREULAK, ACEH TIMUR, ACEH",1,39,102,141
https://kawalpemilu.org#966,"KLIET, RANTAU PEUREULAK, ACEH TIMUR, ACEH",2,41,120,161
https://kawalpemilu.org#966,"KLIET, RANTAU PEUREULAK, ACEH TIMUR, ACEH",3,29,104,133
https://kawalpemilu.org#967,"ALUE GEUNTENG, RANTAU PEUREULAK, ACEH TIMUR, ACEH",1,10,227,246
https://kawalpemilu.org#967,"ALUE GEUNTENG, RANTAU PEUREULAK, ACEH TIMUR, ACEH",2,12,217,229
https://kawalpemilu.org#967,"ALUE GEUNTENG, RANTAU PEUREULAK, ACEH TIMUR, ACEH",3,8,228,236
https://kawalpemilu.org#967,"ALUE GEUNTENG, RANTAU PEUREULAK, ACEH TIMUR, ACEH",4,10,168,178
https://kawalpemilu.org#968,"PERTAMINA, RANTAU PEUREULAK, ACEH TIMUR, ACEH",1,28,174,202
https://kawalpemilu.org#968,"PERTAMINA, RANTAU PEUREULAK, ACEH TIMUR, ACEH",2,22,77,99
https://kawalpemilu.org#969,"ALUE BATEE, RANTAU PEUREULAK, ACEH TIMUR, ACEH",1,31,190,221
https://kawalpemilu.org#969,"ALUE BATEE, RANTAU PEUREULAK, ACEH TIMUR, ACEH",2,8,51,59
https://kawalpemilu.org#970,"BEURANDANG, RANTAU PEUREULAK, ACEH TIMUR, ACEH",1,10,162,172
https://kawalpemilu.org#970,"BEURANDANG, RANTAU PEUREULAK, ACEH TIMUR, ACEH",2,20,173,193
https://kawalpemilu.org#970,"BEURANDANG, RANTAU PEUREULAK, ACEH TIMUR, ACEH",3,12,131,143
https://kawalpemilu.org#970,"BEURANDANG, RANTAU PEUREULAK, ACEH TIMUR, ACEH",4,10,56,66
https://kawalpemilu.org#971,"SEUMANAH JAYA, RANTAU PEUREULAK, ACEH TIMUR, ACEH",1,68,107,175
https://kawalpemilu.org#971,"SEUMANAH JAYA, RANTAU PEUREULAK, ACEH TIMUR, ACEH",2,15,135,150
https://kawalpemilu.org#971,"SEUMANAH JAYA, RANTAU PEUREULAK, ACEH TIMUR, ACEH",3,24,98,122
https://kawalpemilu.org#971,"SEUMANAH JAYA, RANTAU PEUREULAK, ACEH TIMUR, ACEH",5,49,108,157
https://kawalpemilu.org#971,"SEUMANAH JAYA, RANTAU PEUREULAK, ACEH TIMUR, ACEH",6,49,109,158
https://kawalpemilu.org#971,"SEUMANAH JAYA, RANTAU PEUREULAK, ACEH TIMUR, ACEH",7,49,119,168
https://kawalpemilu.org#971,"SEUMANAH JAYA, RANTAU PEUREULAK, ACEH TIMUR, ACEH",8,24,138,162
https://kawalpemilu.org#971,"SEUMANAH JAYA, RANTAU PEUREULAK, ACEH TIMUR, ACEH",9,5,133,138
https://kawalpemilu.org#971,"SEUMANAH JAYA, RANTAU PEUREULAK, ACEH TIMUR, ACEH",10,20,158,178
https://kawalpemilu.org#971,"SEUMANAH JAYA, RANTAU PEUREULAK, ACEH TIMUR, ACEH",11,10,113,123
https://kawalpemilu.org#971,"SEUMANAH JAYA, RANTAU PEUREULAK, ACEH TIMUR, ACEH",12,10,52,62
https://kawalpemilu.org#975,"PANTE LABU, PANTE BIDARI, ACEH TIMUR, ACEH",2,13,144,157
https://kawalpemilu.org#975,"PANTE LABU, PANTE BIDARI, ACEH TIMUR, ACEH",3,11,167,178
https://kawalpemilu.org#975,"PANTE LABU, PANTE BIDARI, ACEH TIMUR, ACEH",4,8,107,115
https://kawalpemilu.org#976,"PANTE RAMBONG, PANTE BIDARI, ACEH TIMUR, ACEH",1,15,116,131
https://kawalpemilu.org#976,"PANTE RAMBONG, PANTE BIDARI, ACEH TIMUR, ACEH",4,12,134,146
https://kawalpemilu.org#977,"ALUE IE MIRAH, PANTE BIDARI, ACEH TIMUR, ACEH",1,11,144,155
https://kawalpemilu.org#979,"SEUNEUBOK SABOH, PANTE BIDARI, ACEH TIMUR, ACEH",1,9,121,130
https://kawalpemilu.org#980,"BUKET KAREUNG, PANTE BIDARI, ACEH TIMUR, ACEH",2,26,131,157
https://kawalpemilu.org#981,"BUKET BATA, PANTE BIDARI, ACEH TIMUR, ACEH",1,36,131,167
https://kawalpemilu.org#981,"BUKET BATA, PANTE BIDARI, ACEH TIMUR, ACEH",2,26,143,169
https://kawalpemilu.org#981,"BUKET BATA, PANTE BIDARI, ACEH TIMUR, ACEH",3,13,158,171
https://kawalpemilu.org#983,"MEUNASAH TEUNGOH, PANTE BIDARI, ACEH TIMUR, ACEH",5,18,146,164
https://kawalpemilu.org#986,"GRONG-GRONG, PANTE BIDARI, ACEH TIMUR, ACEH",1,26,145,171
https://kawalpemilu.org#986,"GRONG-GRONG, PANTE BIDARI, ACEH TIMUR, ACEH",2,14,179,193
https://kawalpemilu.org#987,"MATANG KRUET, PANTE BIDARI, ACEH TIMUR, ACEH",2,5,144,149
https://kawalpemilu.org#987,"MATANG KRUET, PANTE BIDARI, ACEH TIMUR, ACEH",3,16,134,150
https://kawalpemilu.org#988,"MEUNASAH LEUBOK, PANTE BIDARI, ACEH TIMUR, ACEH",1,28,109,137
https://kawalpemilu.org#989,"PANTE PANAH, PANTE BIDARI, ACEH TIMUR, ACEH",1,18,131,149
https://kawalpemilu.org#990,"PAYA DEMAM SA, PANTE BIDARI, ACEH TIMUR, ACEH",3,20,109,129
https://kawalpemilu.org#990,"PAYA DEMAM SA, PANTE BIDARI, ACEH TIMUR, ACEH",4,27,138,165
https://kawalpemilu.org#990,"PAYA DEMAM SA, PANTE BIDARI, ACEH TIMUR, ACEH",5,17,102,119
https://kawalpemilu.org#990,"PAYA DEMAM SA, PANTE BIDARI, ACEH TIMUR, ACEH",6,9,120,129
https://kawalpemilu.org#991,"PAYA DEMAM DUA, PANTE BIDARI, ACEH TIMUR, ACEH",1,19,179,198
https://kawalpemilu.org#991,"PAYA DEMAM DUA, PANTE BIDARI, ACEH TIMUR, ACEH",2,22,178,200
https://kawalpemilu.org#993,"MATANG PUDENG, PANTE BIDARI, ACEH TIMUR, ACEH",3,13,139,152
https://kawalpemilu.org#994,"PUTOH SA, PANTE BIDARI, ACEH TIMUR, ACEH",1,10,138,148
https://kawalpemilu.org#994,"PUTOH SA, PANTE BIDARI, ACEH TIMUR, ACEH",3,11,166,177
https://kawalpemilu.org#994,"PUTOH SA, PANTE BIDARI, ACEH TIMUR, ACEH",4,12,161,173
https://kawalpemilu.org#929295,"SAH RAJA, PANTE BIDARI, ACEH TIMUR, ACEH",1,22,88,110
https://kawalpemilu.org#929296,"SIJUDO, PANTE BIDARI, ACEH TIMUR, ACEH",2,131,23,154
https://kawalpemilu.org#929296,"SIJUDO, PANTE BIDARI, ACEH TIMUR, ACEH",3,45,38,83
https://kawalpemilu.org#997,"MADAT, MADAT, ACEH TIMUR, ACEH",1,23,155,178
https://kawalpemilu.org#997,"MADAT, MADAT, ACEH TIMUR, ACEH",2,17,149,166
https://kawalpemilu.org#997,"MADAT, MADAT, ACEH TIMUR, ACEH",3,19,141,160
https://kawalpemilu.org#997,"MADAT, MADAT, ACEH TIMUR, ACEH",4,29,161,190
https://kawalpemilu.org#998,"MATANG KUPULA SA, MADAT, ACEH TIMUR, ACEH",1,19,204,223
https://kawalpemilu.org#998,"MATANG KUPULA SA, MADAT, ACEH TIMUR, ACEH",2,14,207,221
https://kawalpemilu.org#999,"MATANG KUPULA DUA, MADAT, ACEH TIMUR, ACEH",1,16,128,144
https://kawalpemilu.org#999,"MATANG KUPULA DUA, MADAT, ACEH TIMUR, ACEH",2,18,117,135
https://kawalpemilu.org#999,"MATANG KUPULA DUA, MADAT, ACEH TIMUR, ACEH",3,20,121,141
https://kawalpemilu.org#1000,"MATANG KUPULA LHEE, MADAT, ACEH TIMUR, ACEH",1,27,133,160
https://kawalpemilu.org#1000,"MATANG KUPULA LHEE, MADAT, ACEH TIMUR, ACEH",2,16,144,160
https://kawalpemilu.org#1001,"ULEE ATEUNG, MADAT, ACEH TIMUR, ACEH",1,10,146,156
https://kawalpemilu.org#1001,"ULEE ATEUNG, MADAT, ACEH TIMUR, ACEH",2,12,149,161
https://kawalpemilu.org#1001,"ULEE ATEUNG, MADAT, ACEH TIMUR, ACEH",3,20,124,144
https://kawalpemilu.org#1002,"BLANG UBIT, MADAT, ACEH TIMUR, ACEH",1,21,149,170
https://kawalpemilu.org#1003,"MATANG GURU, MADAT, ACEH TIMUR, ACEH",2,15,128,143
https://kawalpemilu.org#1003,"MATANG GURU, MADAT, ACEH TIMUR, ACEH",3,9,150,159
https://kawalpemilu.org#1004,"PANTEE BAYAM, MADAT, ACEH TIMUR, ACEH",1,8,163,171
https://kawalpemilu.org#1004,"PANTEE BAYAM, MADAT, ACEH TIMUR, ACEH",2,3,214,217
https://kawalpemilu.org#1004,"PANTEE BAYAM, MADAT, ACEH TIMUR, ACEH",3,4,193,197
https://kawalpemilu.org#1005,"MEUNASAH ASAN, MADAT, ACEH TIMUR, ACEH",1,27,162,189
https://kawalpemilu.org#1005,"MEUNASAH ASAN, MADAT, ACEH TIMUR, ACEH",2,11,188,199
https://kawalpemilu.org#1005,"MEUNASAH ASAN, MADAT, ACEH TIMUR, ACEH",3,16,148,164
https://kawalpemilu.org#1005,"MEUNASAH ASAN, MADAT, ACEH TIMUR, ACEH",4,19,160,179
https://kawalpemilu.org#1006,"MEUNASAH TINGKEUM, MADAT, ACEH TIMUR, ACEH",1,7,175,182
https://kawalpemilu.org#1006,"MEUNASAH TINGKEUM, MADAT, ACEH TIMUR, ACEH",2,18,189,207
https://kawalpemilu.org#1007,"LUENG DUA, MADAT, ACEH TIMUR, ACEH",1,6,131,137
https://kawalpemilu.org#1008,"LUENG PEUT, MADAT, ACEH TIMUR, ACEH",1,6,204,210
https://kawalpemilu.org#1008,"LUENG PEUT, MADAT, ACEH TIMUR, ACEH",2,6,181,187
https://kawalpemilu.org#1009,"PAYA DEMAM PEUT, MADAT, ACEH TIMUR, ACEH",1,28,120,148
https://kawalpemilu.org#1009,"PAYA DEMAM PEUT, MADAT, ACEH TIMUR, ACEH",3,23,106,129
https://kawalpemilu.org#1010,"ABEUK GEULANTEU, MADAT, ACEH TIMUR, ACEH",1,5,142,147
https://kawalpemilu.org#1010,"ABEUK GEULANTEU, MADAT, ACEH TIMUR, ACEH",2,7,138,145
https://kawalpemilu.org#1010,"ABEUK GEULANTEU, MADAT, ACEH TIMUR, ACEH",3,11,141,152
https://kawalpemilu.org#1010,"ABEUK GEULANTEU, MADAT, ACEH TIMUR, ACEH",4,8,136,144
https://kawalpemilu.org#1012,"TANJONG ARA, MADAT, ACEH TIMUR, ACEH",1,24,116,140
https://kawalpemilu.org#1012,"TANJONG ARA, MADAT, ACEH TIMUR, ACEH",2,26,117,143
https://kawalpemilu.org#1013,"MATANG JROK, MADAT, ACEH TIMUR, ACEH",1,21,152,173
https://kawalpemilu.org#1014,"PAYA NADEN, MADAT, ACEH TIMUR, ACEH",2,7,138,145
https://kawalpemilu.org#1015,"TANJONG MINJEI, MADAT, ACEH TIMUR, ACEH",1,8,117,125
https://kawalpemilu.org#1015,"TANJONG MINJEI, MADAT, ACEH TIMUR, ACEH",2,23,129,152
https://kawalpemilu.org#1015,"TANJONG MINJEI, MADAT, ACEH TIMUR, ACEH",3,15,147,162
https://kawalpemilu.org#1015,"TANJONG MINJEI, MADAT, ACEH TIMUR, ACEH",5,16,135,151
https://kawalpemilu.org#1016,"PANTE MERBO, MADAT, ACEH TIMUR, ACEH",1,11,168,179
https://kawalpemilu.org#1016,"PANTE MERBO, MADAT, ACEH TIMUR, ACEH",2,10,166,176
https://kawalpemilu.org#1016,"PANTE MERBO, MADAT, ACEH TIMUR, ACEH",3,7,173,180
https://kawalpemilu.org#1017,"BLANG AWE, MADAT, ACEH TIMUR, ACEH",1,8,145,153
https://kawalpemilu.org#1017,"BLANG AWE, MADAT, ACEH TIMUR, ACEH",2,8,167,175
https://kawalpemilu.org#1017,"BLANG AWE, MADAT, ACEH TIMUR, ACEH",3,10,183,193
https://kawalpemilu.org#1018,"BINTAH, MADAT, ACEH TIMUR, ACEH",1,14,154,168
https://kawalpemilu.org#1018,"BINTAH, MADAT, ACEH TIMUR, ACEH",2,11,135,146
https://kawalpemilu.org#1018,"BINTAH, MADAT, ACEH TIMUR, ACEH",3,14,145,159
https://kawalpemilu.org#1018,"BINTAH, MADAT, ACEH TIMUR, ACEH",4,21,131,152
https://kawalpemilu.org#1018,"BINTAH, MADAT, ACEH TIMUR, ACEH",5,6,169,175
https://kawalpemilu.org#1019,"SEUNEUBOK PIDIE, MADAT, ACEH TIMUR, ACEH",1,13,166,179
https://kawalpemilu.org#1019,"SEUNEUBOK PIDIE, MADAT, ACEH TIMUR, ACEH",2,9,158,167
https://kawalpemilu.org#1019,"SEUNEUBOK PIDIE, MADAT, ACEH TIMUR, ACEH",3,14,162,176
https://kawalpemilu.org#1019,"SEUNEUBOK PIDIE, MADAT, ACEH TIMUR, ACEH",4,13,161,174
https://kawalpemilu.org#1020,"BLANG ANDAM, MADAT, ACEH TIMUR, ACEH",1,7,149,156
https://kawalpemilu.org#1020,"BLANG ANDAM, MADAT, ACEH TIMUR, ACEH",2,0,0,170
https://kawalpemilu.org#1020,"BLANG ANDAM, MADAT, ACEH TIMUR, ACEH",3,11,150,159
https://kawalpemilu.org#1021,"MATANG NIBONG, MADAT, ACEH TIMUR, ACEH",1,31,97,128
https://kawalpemilu.org#1021,"MATANG NIBONG, MADAT, ACEH TIMUR, ACEH",2,22,107,129
https://kawalpemilu.org#1022,"LUENG SA, MADAT, ACEH TIMUR, ACEH",1,9,180,189
https://kawalpemilu.org#1022,"LUENG SA, MADAT, ACEH TIMUR, ACEH",2,8,166,174
https://kawalpemilu.org#1022,"LUENG SA, MADAT, ACEH TIMUR, ACEH",3,8,189,197
https://kawalpemilu.org#1022,"LUENG SA, MADAT, ACEH TIMUR, ACEH",4,12,183,195
https://kawalpemilu.org#1022,"LUENG SA, MADAT, ACEH TIMUR, ACEH",5,19,141,160
https://kawalpemilu.org#1022,"LUENG SA, MADAT, ACEH TIMUR, ACEH",6,18,151,169
https://kawalpemilu.org#1024,"SEUNEUBOK BAYU, INDRA MAKMU, ACEH TIMUR, ACEH",1,8,106,114
https://kawalpemilu.org#1024,"SEUNEUBOK BAYU, INDRA MAKMU, ACEH TIMUR, ACEH",2,10,92,102
https://kawalpemilu.org#1025,"ALUE IE ITAM, INDRA MAKMU, ACEH TIMUR, ACEH",1,16,200,216
https://kawalpemilu.org#1025,"ALUE IE ITAM, INDRA MAKMU, ACEH TIMUR, ACEH",2,15,202,217
https://kawalpemilu.org#1026,"BLANG NISAM, INDRA MAKMU, ACEH TIMUR, ACEH",1,9,102,111
https://kawalpemilu.org#1026,"BLANG NISAM, INDRA MAKMU, ACEH TIMUR, ACEH",2,12,119,131
https://kawalpemilu.org#1026,"BLANG NISAM, INDRA MAKMU, ACEH TIMUR, ACEH",3,12,98,110
https://kawalpemilu.org#1026,"BLANG NISAM, INDRA MAKMU, ACEH TIMUR, ACEH",4,15,120,135
https://kawalpemilu.org#1026,"BLANG NISAM, INDRA MAKMU, ACEH TIMUR, ACEH",5,14,119,133
https://kawalpemilu.org#1026,"BLANG NISAM, INDRA MAKMU, ACEH TIMUR, ACEH",6,10,84,94
https://kawalpemilu.org#1027,"BANDAR BARO, INDRA MAKMU, ACEH TIMUR, ACEH",1,10,121,131
https://kawalpemilu.org#1027,"BANDAR BARO, INDRA MAKMU, ACEH TIMUR, ACEH",2,9,111,120
https://kawalpemilu.org#1027,"BANDAR BARO, INDRA MAKMU, ACEH TIMUR, ACEH",3,11,174,185
https://kawalpemilu.org#1028,"ALUE PATONG, INDRA MAKMU, ACEH TIMUR, ACEH",1,26,171,197
https://kawalpemilu.org#1028,"ALUE PATONG, INDRA MAKMU, ACEH TIMUR, ACEH",2,18,108,126
https://kawalpemilu.org#1029,"ALUE IE MIRAH, INDRA MAKMU, ACEH TIMUR, ACEH",1,23,167,190
https://kawalpemilu.org#1029,"ALUE IE MIRAH, INDRA MAKMU, ACEH TIMUR, ACEH",2,12,182,194
https://kawalpemilu.org#1029,"ALUE IE MIRAH, INDRA MAKMU, ACEH TIMUR, ACEH",3,16,172,188
https://kawalpemilu.org#1029,"ALUE IE MIRAH, INDRA MAKMU, ACEH TIMUR, ACEH",4,20,143,163
https://kawalpemilu.org#1029,"ALUE IE MIRAH, INDRA MAKMU, ACEH TIMUR, ACEH",5,6,106,112
https://kawalpemilu.org#1030,"SUKA MAKMUR, INDRA MAKMU, ACEH TIMUR, ACEH",1,39,143,182
https://kawalpemilu.org#1030,"SUKA MAKMUR, INDRA MAKMU, ACEH TIMUR, ACEH",2,20,147,167
https://kawalpemilu.org#1031,"JAMBO BALEE, INDRA MAKMU, ACEH TIMUR, ACEH",1,16,182,198
https://kawalpemilu.org#1031,"JAMBO BALEE, INDRA MAKMU, ACEH TIMUR, ACEH",2,10,149,159
https://kawalpemilu.org#1032,"JAMBO LUBOK, INDRA MAKMU, ACEH TIMUR, ACEH",1,10,135,145
https://kawalpemilu.org#1032,"JAMBO LUBOK, INDRA MAKMU, ACEH TIMUR, ACEH",2,5,144,149
https://kawalpemilu.org#1032,"JAMBO LUBOK, INDRA MAKMU, ACEH TIMUR, ACEH",3,14,136,150
https://kawalpemilu.org#1032,"JAMBO LUBOK, INDRA MAKMU, ACEH TIMUR, ACEH",4,9,151,160
https://kawalpemilu.org#1032,"JAMBO LUBOK, INDRA MAKMU, ACEH TIMUR, ACEH",5,6,109,115
https://kawalpemilu.org#1032,"JAMBO LUBOK, INDRA MAKMU, ACEH TIMUR, ACEH",6,8,125,133
https://kawalpemilu.org#1033,"SEUNEUBOK CINA, INDRA MAKMU, ACEH TIMUR, ACEH",1,26,131,157
https://kawalpemilu.org#1033,"SEUNEUBOK CINA, INDRA MAKMU, ACEH TIMUR, ACEH",3,12,170,182
https://kawalpemilu.org#1034,"PELITA SAGOP JAYA, INDRA MAKMU, ACEH TIMUR, ACEH",1,11,179,190
https://kawalpemilu.org#1034,"PELITA SAGOP JAYA, INDRA MAKMU, ACEH TIMUR, ACEH",2,17,201,218
https://kawalpemilu.org#1034,"PELITA SAGOP JAYA, INDRA MAKMU, ACEH TIMUR, ACEH",3,16,174,190
https://kawalpemilu.org#1034,"PELITA SAGOP JAYA, INDRA MAKMU, ACEH TIMUR, ACEH",4,13,197,210
https://kawalpemilu.org#1035,"PERK JULOK RAYEUK SELATAN, INDRA MAKMU, ACEH TIMUR, ACEH",1,36,122,158
https://kawalpemilu.org#1035,"PERK JULOK RAYEUK SELATAN, INDRA MAKMU, ACEH TIMUR, ACEH",2,20,138,158
https://kawalpemilu.org#1035,"PERK JULOK RAYEUK SELATAN, INDRA MAKMU, ACEH TIMUR, ACEH",3,18,73,91
https://kawalpemilu.org#1035,"PERK JULOK RAYEUK SELATAN, INDRA MAKMU, ACEH TIMUR, ACEH",4,18,89,107
https://kawalpemilu.org#1036,"PERK JULOK RAYEUK UTARA, INDRA MAKMU, ACEH TIMUR, ACEH",1,14,196,210
https://kawalpemilu.org#1036,"PERK JULOK RAYEUK UTARA, INDRA MAKMU, ACEH TIMUR, ACEH",3,9,202,211
https://kawalpemilu.org#1036,"PERK JULOK RAYEUK UTARA, INDRA MAKMU, ACEH TIMUR, ACEH",4,13,200,213
https://kawalpemilu.org#1036,"PERK JULOK RAYEUK UTARA, INDRA MAKMU, ACEH TIMUR, ACEH",5,11,157,168
https://kawalpemilu.org#1038,"SEUNEUBOK BULOH, IDI TUNONG, ACEH TIMUR, ACEH",1,13,123,136
https://kawalpemilu.org#1039,"SEUNEUBOK BARO, IDI TUNONG, ACEH TIMUR, ACEH",1,11,68,79
https://kawalpemilu.org#1040,"SEUNEUBOK MEUREUDU, IDI TUNONG, ACEH TIMUR, ACEH",1,13,99,112
https://kawalpemilu.org#1040,"SEUNEUBOK MEUREUDU, IDI TUNONG, ACEH TIMUR, ACEH",2,2,84,86
https://kawalpemilu.org#1041,"SEUNEUBOK TEUPIN PANAH, IDI TUNONG, ACEH TIMUR, ACEH",1,13,132,145
https://kawalpemilu.org#1042,"TEUPIN PANAH, IDI TUNONG, ACEH TIMUR, ACEH",1,9,110,119
https://kawalpemilu.org#1043,"GAMPONG KEUMUNENG, IDI TUNONG, ACEH TIMUR, ACEH",1,5,142,147
https://kawalpemilu.org#1043,"GAMPONG KEUMUNENG, IDI TUNONG, ACEH TIMUR, ACEH",2,12,74,86
https://kawalpemilu.org#1044,"KEUDE KEUMUNENG, IDI TUNONG, ACEH TIMUR, ACEH",1,15,169,184
https://kawalpemilu.org#1044,"KEUDE KEUMUNENG, IDI TUNONG, ACEH TIMUR, ACEH",2,13,101,114
https://kawalpemilu.org#1045,"KEUMUNENG LHOK, IDI TUNONG, ACEH TIMUR, ACEH",1,15,163,178
https://kawalpemilu.org#1046,"PAYA AWEE, IDI TUNONG, ACEH TIMUR, ACEH",1,6,149,155
https://kawalpemilu.org#1046,"PAYA AWEE, IDI TUNONG, ACEH TIMUR, ACEH",2,15,125,140
https://kawalpemilu.org#1047,"PAYA GABOH, IDI TUNONG, ACEH TIMUR, ACEH",1,2,132,134
https://kawalpemilu.org#1048,"PADANG KASAH, IDI TUNONG, ACEH TIMUR, ACEH",1,8,117,125
https://kawalpemilu.org#1049,"BUKET TEUKUH, IDI TUNONG, ACEH TIMUR, ACEH",1,18,193,211
https://kawalpemilu.org#1049,"BUKET TEUKUH, IDI TUNONG, ACEH TIMUR, ACEH",2,11,177,188
https://kawalpemilu.org#1049,"BUKET TEUKUH, IDI TUNONG, ACEH TIMUR, ACEH",3,7,159,166
https://kawalpemilu.org#1050,"BUKET PU'UK, IDI TUNONG, ACEH TIMUR, ACEH",1,9,105,114
https://kawalpemilu.org#1051,"BLANG MINJEI, IDI TUNONG, ACEH TIMUR, ACEH",1,18,119,137
https://kawalpemilu.org#1052,"ALUE KUMBANG A, IDI TUNONG, ACEH TIMUR, ACEH",1,7,108,115
https://kawalpemilu.org#1053,"ALUE KUMBANG M, IDI TUNONG, ACEH TIMUR, ACEH",1,8,126,134
https://kawalpemilu.org#1054,"ALUE LHOK, IDI TUNONG, ACEH TIMUR, ACEH",2,6,172,178
https://kawalpemilu.org#1055,"SEUNEUBOK BUYA, IDI TUNONG, ACEH TIMUR, ACEH",1,29,152,181
https://kawalpemilu.org#1055,"SEUNEUBOK BUYA, IDI TUNONG, ACEH TIMUR, ACEH",2,27,86,113
https://kawalpemilu.org#1055,"SEUNEUBOK BUYA, IDI TUNONG, ACEH TIMUR, ACEH",3,12,73,85
https://kawalpemilu.org#1056,"SEUNEUBOK DRIEN, IDI TUNONG, ACEH TIMUR, ACEH",1,15,114,129
https://kawalpemilu.org#1056,"SEUNEUBOK DRIEN, IDI TUNONG, ACEH TIMUR, ACEH",2,9,79,88
https://kawalpemilu.org#1057,"BANTAYAN BARAT, IDI TUNONG, ACEH TIMUR, ACEH",1,11,211,222
https://kawalpemilu.org#1058,"BLANG GUCI, IDI TUNONG, ACEH TIMUR, ACEH",1,21,163,184
https://kawalpemilu.org#1059,"BUKET RUMIYA, IDI TUNONG, ACEH TIMUR, ACEH",1,7,130,137
https://kawalpemilu.org#1060,"SEUNEUBOK PUNTI, IDI TUNONG, ACEH TIMUR, ACEH",1,15,129,144
https://kawalpemilu.org#1061,"SEUNEUBOK JALAN, IDI TUNONG, ACEH TIMUR, ACEH",1,14,187,201
https://kawalpemilu.org#1061,"SEUNEUBOK JALAN, IDI TUNONG, ACEH TIMUR, ACEH",2,19,186,205
https://kawalpemilu.org#1062,"SEUNEUBOK DALAM, IDI TUNONG, ACEH TIMUR, ACEH",1,19,84,103
https://kawalpemilu.org#1064,"JALAN DUA, BANDA ALAM, ACEH TIMUR, ACEH",2,23,87,110
https://kawalpemilu.org#1065,"JAMBO REUHAT, BANDA ALAM, ACEH TIMUR, ACEH",1,19,146,165
https://kawalpemilu.org#1066,"SEUNEUBOK BENTENG, BANDA ALAM, ACEH TIMUR, ACEH",1,21,154,175
https://kawalpemilu.org#1066,"SEUNEUBOK BENTENG, BANDA ALAM, ACEH TIMUR, ACEH",2,13,133,146
https://kawalpemilu.org#1066,"SEUNEUBOK BENTENG, BANDA ALAM, ACEH TIMUR, ACEH",3,13,86,99
https://kawalpemilu.org#1067,"SEUNEUBOK PANGOU, BANDA ALAM, ACEH TIMUR, ACEH",1,12,200,212
https://kawalpemilu.org#1069,"SEUNEUBOK KANDANG, BANDA ALAM, ACEH TIMUR, ACEH",1,16,143,159
https://kawalpemilu.org#1070,"ULEE JALAN, BANDA ALAM, ACEH TIMUR, ACEH",1,7,96,103
https://kawalpemilu.org#1072,"SEUNEUBOK BAYU, BANDA ALAM, ACEH TIMUR, ACEH",1,41,131,172
https://kawalpemilu.org#1073,"BLANG RAMBONG, BANDA ALAM, ACEH TIMUR, ACEH",1,12,202,214
https://kawalpemilu.org#1073,"BLANG RAMBONG, BANDA ALAM, ACEH TIMUR, ACEH",2,6,94,100
https://kawalpemilu.org#1074,"BUKET DRIEN, BANDA ALAM, ACEH TIMUR, ACEH",1,13,133,146
https://kawalpemilu.org#1075,"PANTON RAYEUK A, BANDA ALAM, ACEH TIMUR, ACEH",1,22,211,233
https://kawalpemilu.org#1076,"PANTON RAYEUK B, BANDA ALAM, ACEH TIMUR, ACEH",1,6,100,106
https://kawalpemilu.org#1078,"PANTON RAYEUK T, BANDA ALAM, ACEH TIMUR, ACEH",1,22,125,147
https://kawalpemilu.org#1078,"PANTON RAYEUK T, BANDA ALAM, ACEH TIMUR, ACEH",2,11,93,104
https://kawalpemilu.org#1081,"GAMPONG KEUDE, PEUDAWA, ACEH TIMUR, ACEH",2,11,194,205
https://kawalpemilu.org#1081,"GAMPONG KEUDE, PEUDAWA, ACEH TIMUR, ACEH",3,10,198,208
https://kawalpemilu.org#1081,"GAMPONG KEUDE, PEUDAWA, ACEH TIMUR, ACEH",4,14,171,185
https://kawalpemilu.org#1081,"GAMPONG KEUDE, PEUDAWA, ACEH TIMUR, ACEH",5,7,185,192
https://kawalpemilu.org#1082,"MEUNASAH KRUENG, PEUDAWA, ACEH TIMUR, ACEH",1,14,200,214
https://kawalpemilu.org#1082,"MEUNASAH KRUENG, PEUDAWA, ACEH TIMUR, ACEH",2,14,137,151
https://kawalpemilu.org#1082,"MEUNASAH KRUENG, PEUDAWA, ACEH TIMUR, ACEH",3,9,135,144
https://kawalpemilu.org#1083,"KUTA BARO, PEUDAWA, ACEH TIMUR, ACEH",1,18,149,167
https://kawalpemilu.org#1084,"ALUE BATEE, PEUDAWA, ACEH TIMUR, ACEH",1,13,130,143
https://kawalpemilu.org#1085,"MATANG RAYEUK, PEUDAWA, ACEH TIMUR, ACEH",1,21,136,157
https://kawalpemilu.org#1085,"MATANG RAYEUK, PEUDAWA, ACEH TIMUR, ACEH",2,11,66,77
https://kawalpemilu.org#1086,"PAYA BILI DUA, PEUDAWA, ACEH TIMUR, ACEH",1,19,168,187
https://kawalpemilu.org#1087,"ALUE IE ITAM, PEUDAWA, ACEH TIMUR, ACEH",1,24,124,148
https://kawalpemilu.org#1087,"ALUE IE ITAM, PEUDAWA, ACEH TIMUR, ACEH",2,4,150,154
https://kawalpemilu.org#1087,"ALUE IE ITAM, PEUDAWA, ACEH TIMUR, ACEH",3,8,99,107
https://kawalpemilu.org#1088,"ASAN RAMPAK, PEUDAWA, ACEH TIMUR, ACEH",1,31,142,173
https://kawalpemilu.org#1089,"GAMPONG KUALA, PEUDAWA, ACEH TIMUR, ACEH",1,20,169,189
https://kawalpemilu.org#1090,"PAYA DUA, PEUDAWA, ACEH TIMUR, ACEH",1,31,170,201
https://kawalpemilu.org#1090,"PAYA DUA, PEUDAWA, ACEH TIMUR, ACEH",2,17,200,217
https://kawalpemilu.org#1090,"PAYA DUA, PEUDAWA, ACEH TIMUR, ACEH",3,23,162,185
https://kawalpemilu.org#1090,"PAYA DUA, PEUDAWA, ACEH TIMUR, ACEH",4,23,155,178
https://kawalpemilu.org#1091,"SEUNEUBOK TEUNGOH, PEUDAWA, ACEH TIMUR, ACEH",1,13,198,211
https://kawalpemilu.org#1092,"BUKET KUTA, PEUDAWA, ACEH TIMUR, ACEH",2,12,169,181
https://kawalpemilu.org#1092,"BUKET KUTA, PEUDAWA, ACEH TIMUR, ACEH",3,22,64,86
https://kawalpemilu.org#1093,"SAMA DUA, PEUDAWA, ACEH TIMUR, ACEH",1,13,122,135
https://kawalpemilu.org#1093,"SAMA DUA, PEUDAWA, ACEH TIMUR, ACEH",2,8,84,92
https://kawalpemilu.org#1094,"BLANG KUTA, PEUDAWA, ACEH TIMUR, ACEH",1,42,132,174
https://kawalpemilu.org#1094,"BLANG KUTA, PEUDAWA, ACEH TIMUR, ACEH",2,37,111,148
https://kawalpemilu.org#1095,"BLANG BUKET, PEUDAWA, ACEH TIMUR, ACEH",1,3,197,200
https://kawalpemilu.org#1096,"SEUNEUBOK PEUNTEUT, PEUDAWA, ACEH TIMUR, ACEH",1,14,176,190
https://kawalpemilu.org#1096,"SEUNEUBOK PEUNTEUT, PEUDAWA, ACEH TIMUR, ACEH",2,24,157,181
https://kawalpemilu.org#1096,"SEUNEUBOK PEUNTEUT, PEUDAWA, ACEH TIMUR, ACEH",3,17,133,150
https://kawalpemilu.org#1097,"PAYA BILI SA, PEUDAWA, ACEH TIMUR, ACEH",1,18,115,133
https://kawalpemilu.org#1099,"BABAH KRUENG, PEUREULAK TIMUR, ACEH TIMUR, ACEH",1,15,208,223
https://kawalpemilu.org#1099,"BABAH KRUENG, PEUREULAK TIMUR, ACEH TIMUR, ACEH",2,9,211,220
https://kawalpemilu.org#1100,"KRUET LINTANG, PEUREULAK TIMUR, ACEH TIMUR, ACEH",1,33,195,228
https://kawalpemilu.org#1100,"KRUET LINTANG, PEUREULAK TIMUR, ACEH TIMUR, ACEH",2,7,108,115
https://kawalpemilu.org#1101,"JEUNGKI, PEUREULAK TIMUR, ACEH TIMUR, ACEH",1,10,213,223
https://kawalpemilu.org#1101,"JEUNGKI, PEUREULAK TIMUR, ACEH TIMUR, ACEH",2,5,173,178
https://kawalpemilu.org#1101,"JEUNGKI, PEUREULAK TIMUR, ACEH TIMUR, ACEH",3,8,194,202
https://kawalpemilu.org#1102,"BUKIT MEURIAM, PEUREULAK TIMUR, ACEH TIMUR, ACEH",1,6,78,84
https://kawalpemilu.org#1103,"ALUE GUREP, PEUREULAK TIMUR, ACEH TIMUR, ACEH",1,20,101,121
https://kawalpemilu.org#1103,"ALUE GUREP, PEUREULAK TIMUR, ACEH TIMUR, ACEH",2,15,94,109
https://kawalpemilu.org#1104,"SEUNEUBOK TEUPIN, PEUREULAK TIMUR, ACEH TIMUR, ACEH",1,34,141,175
https://kawalpemilu.org#1104,"SEUNEUBOK TEUPIN, PEUREULAK TIMUR, ACEH TIMUR, ACEH",2,27,116,143
https://kawalpemilu.org#1105,"SEUNEUBOK TEUNGOH, PEUREULAK TIMUR, ACEH TIMUR, ACEH",1,25,164,189
https://kawalpemilu.org#1105,"SEUNEUBOK TEUNGOH, PEUREULAK TIMUR, ACEH TIMUR, ACEH",2,38,158,196
https://kawalpemilu.org#1106,"ALUE BUGENG, PEUREULAK TIMUR, ACEH TIMUR, ACEH",1,37,151,188
https://kawalpemilu.org#1106,"ALUE BUGENG, PEUREULAK TIMUR, ACEH TIMUR, ACEH",2,34,113,147
https://kawalpemilu.org#1106,"ALUE BUGENG, PEUREULAK TIMUR, ACEH TIMUR, ACEH",3,27,142,169
https://kawalpemilu.org#1106,"ALUE BUGENG, PEUREULAK TIMUR, ACEH TIMUR, ACEH",4,28,94,122
https://kawalpemilu.org#1107,"SEUNEUBOK PUNTI, PEUREULAK TIMUR, ACEH TIMUR, ACEH",1,11,115,126
https://kawalpemilu.org#1107,"SEUNEUBOK PUNTI, PEUREULAK TIMUR, ACEH TIMUR, ACEH",2,16,91,107
https://kawalpemilu.org#1108,"SEUMATANG KEUDE, PEUREULAK TIMUR, ACEH TIMUR, ACEH",1,8,169,177
https://kawalpemilu.org#1108,"SEUMATANG KEUDE, PEUREULAK TIMUR, ACEH TIMUR, ACEH",2,26,168,194
https://kawalpemilu.org#1108,"SEUMATANG KEUDE, PEUREULAK TIMUR, ACEH TIMUR, ACEH",3,19,155,174
https://kawalpemilu.org#1109,"SEUNEUBOK JALAN, PEUREULAK TIMUR, ACEH TIMUR, ACEH",1,25,182,207
https://kawalpemilu.org#1109,"SEUNEUBOK JALAN, PEUREULAK TIMUR, ACEH TIMUR, ACEH",2,2,42,44
https://kawalpemilu.org#1110,"SEUNEUBOK PAYA, PEUREULAK TIMUR, ACEH TIMUR, ACEH",1,31,118,149
https://kawalpemilu.org#1111,"ALUE THO, PEUREULAK TIMUR, ACEH TIMUR, ACEH",1,14,125,139
https://kawalpemilu.org#1112,"SEUNEUBOK RAWANG, PEUREULAK TIMUR, ACEH TIMUR, ACEH",1,47,158,205
https://kawalpemilu.org#1112,"SEUNEUBOK RAWANG, PEUREULAK TIMUR, ACEH TIMUR, ACEH",2,19,175,194
https://kawalpemilu.org#1113,"ALUE BU ALUE NIREH, PEUREULAK TIMUR, ACEH TIMUR, ACEH",1,21,58,79
https://kawalpemilu.org#1113,"ALUE BU ALUE NIREH, PEUREULAK TIMUR, ACEH TIMUR, ACEH",2,44,95,139
https://kawalpemilu.org#1114,"SEUNEUBOK DALAM, PEUREULAK TIMUR, ACEH TIMUR, ACEH",1,11,111,122
https://kawalpemilu.org#1114,"SEUNEUBOK DALAM, PEUREULAK TIMUR, ACEH TIMUR, ACEH",2,23,98,121
https://kawalpemilu.org#1115,"SEUNEUBOK LAPANG, PEUREULAK TIMUR, ACEH TIMUR, ACEH",1,17,105,122
https://kawalpemilu.org#1115,"SEUNEUBOK LAPANG, PEUREULAK TIMUR, ACEH TIMUR, ACEH",2,12,146,158
https://kawalpemilu.org#1115,"SEUNEUBOK LAPANG, PEUREULAK TIMUR, ACEH TIMUR, ACEH",3,19,122,141
https://kawalpemilu.org#1115,"SEUNEUBOK LAPANG, PEUREULAK TIMUR, ACEH TIMUR, ACEH",4,12,141,153
https://kawalpemilu.org#1116,"GEULANGGANG MEURAK, PEUREULAK TIMUR, ACEH TIMUR, ACEH",1,34,173,207
https://kawalpemilu.org#1116,"GEULANGGANG MEURAK, PEUREULAK TIMUR, ACEH TIMUR, ACEH",2,14,72,86
https://kawalpemilu.org#1117,"ALUE BU ALUE LHOK, PEUREULAK TIMUR, ACEH TIMUR, ACEH",1,33,109,142
https://kawalpemilu.org#1118,"TUALANG PATENG, PEUREULAK TIMUR, ACEH TIMUR, ACEH",1,12,167,179
https://kawalpemilu.org#1118,"TUALANG PATENG, PEUREULAK TIMUR, ACEH TIMUR, ACEH",2,19,164,183
https://kawalpemilu.org#1120,"BEUSA SEBERANG, PEUREULAK BARAT, ACEH TIMUR, ACEH",1,10,112,122
https://kawalpemilu.org#1120,"BEUSA SEBERANG, PEUREULAK BARAT, ACEH TIMUR, ACEH",2,17,139,156
https://kawalpemilu.org#1120,"BEUSA SEBERANG, PEUREULAK BARAT, ACEH TIMUR, ACEH",3,10,158,168
https://kawalpemilu.org#1120,"BEUSA SEBERANG, PEUREULAK BARAT, ACEH TIMUR, ACEH",4,22,163,185
https://kawalpemilu.org#1120,"BEUSA SEBERANG, PEUREULAK BARAT, ACEH TIMUR, ACEH",5,15,140,155
https://kawalpemilu.org#1120,"BEUSA SEBERANG, PEUREULAK BARAT, ACEH TIMUR, ACEH",6,18,160,178
https://kawalpemilu.org#1120,"BEUSA SEBERANG, PEUREULAK BARAT, ACEH TIMUR, ACEH",7,15,166,181
https://kawalpemilu.org#1121,"MON GEUDONG, PEUREULAK BARAT, ACEH TIMUR, ACEH",1,36,144,180
https://kawalpemilu.org#1122,"PAYA SEUNGAT, PEUREULAK BARAT, ACEH TIMUR, ACEH",1,21,170,191
https://kawalpemilu.org#1122,"PAYA SEUNGAT, PEUREULAK BARAT, ACEH TIMUR, ACEH",2,9,51,60
https://kawalpemilu.org#1123,"TEUMPEUN, PEUREULAK BARAT, ACEH TIMUR, ACEH",1,7,163,170
https://kawalpemilu.org#1123,"TEUMPEUN, PEUREULAK BARAT, ACEH TIMUR, ACEH",2,10,179,189
https://kawalpemilu.org#1123,"TEUMPEUN, PEUREULAK BARAT, ACEH TIMUR, ACEH",3,9,172,181
https://kawalpemilu.org#1123,"TEUMPEUN, PEUREULAK BARAT, ACEH TIMUR, ACEH",4,4,95,99
https://kawalpemilu.org#1124,"ALUE BU TUHA, PEUREULAK BARAT, ACEH TIMUR, ACEH",1,14,183,197
https://kawalpemilu.org#1124,"ALUE BU TUHA, PEUREULAK BARAT, ACEH TIMUR, ACEH",2,20,140,160
https://kawalpemilu.org#1124,"ALUE BU TUHA, PEUREULAK BARAT, ACEH TIMUR, ACEH",3,5,38,143
https://kawalpemilu.org#1125,"ALUE BU JALAN, PEUREULAK BARAT, ACEH TIMUR, ACEH",1,13,145,158
https://kawalpemilu.org#1125,"ALUE BU JALAN, PEUREULAK BARAT, ACEH TIMUR, ACEH",2,14,159,173
https://kawalpemilu.org#1125,"ALUE BU JALAN, PEUREULAK BARAT, ACEH TIMUR, ACEH",3,12,163,175
https://kawalpemilu.org#1125,"ALUE BU JALAN, PEUREULAK BARAT, ACEH TIMUR, ACEH",4,5,70,75
https://kawalpemilu.org#1126,"TANJUNG TUALANG, PEUREULAK BARAT, ACEH TIMUR, ACEH",1,14,177,191
https://kawalpemilu.org#1126,"TANJUNG TUALANG, PEUREULAK BARAT, ACEH TIMUR, ACEH",3,21,153,174
https://kawalpemilu.org#1126,"TANJUNG TUALANG, PEUREULAK BARAT, ACEH TIMUR, ACEH",4,3,33,36
https://kawalpemilu.org#1127,"BEURINGIN, PEUREULAK BARAT, ACEH TIMUR, ACEH",1,13,192,205
https://kawalpemilu.org#1127,"BEURINGIN, PEUREULAK BARAT, ACEH TIMUR, ACEH",2,11,189,200
https://kawalpemilu.org#1127,"BEURINGIN, PEUREULAK BARAT, ACEH TIMUR, ACEH",3,7,198,205
https://kawalpemilu.org#1127,"BEURINGIN, PEUREULAK BARAT, ACEH TIMUR, ACEH",4,3,101,104
https://kawalpemilu.org#1128,"KEBUN TEUMPEUN, PEUREULAK BARAT, ACEH TIMUR, ACEH",1,21,105,126
https://kawalpemilu.org#1129,"PAYA GAJAH, PEUREULAK BARAT, ACEH TIMUR, ACEH",1,14,145,159
https://kawalpemilu.org#1129,"PAYA GAJAH, PEUREULAK BARAT, ACEH TIMUR, ACEH",2,14,163,177
https://kawalpemilu.org#1129,"PAYA GAJAH, PEUREULAK BARAT, ACEH TIMUR, ACEH",3,14,151,165
https://kawalpemilu.org#1129,"PAYA GAJAH, PEUREULAK BARAT, ACEH TIMUR, ACEH",4,13,131,144
https://kawalpemilu.org#1130,"KABU, PEUREULAK BARAT, ACEH TIMUR, ACEH",1,22,184,206
https://kawalpemilu.org#1130,"KABU, PEUREULAK BARAT, ACEH TIMUR, ACEH",2,15,192,207
https://kawalpemilu.org#1130,"KABU, PEUREULAK BARAT, ACEH TIMUR, ACEH",3,13,137,150
https://kawalpemilu.org#1131,"PAYA BIEK, PEUREULAK BARAT, ACEH TIMUR, ACEH",1,8,214,222
https://kawalpemilu.org#1131,"PAYA BIEK, PEUREULAK BARAT, ACEH TIMUR, ACEH",2,11,133,144
https://kawalpemilu.org#1132,"BEUSA BAROH, PEUREULAK BARAT, ACEH TIMUR, ACEH",1,18,175,193
https://kawalpemilu.org#1132,"BEUSA BAROH, PEUREULAK BARAT, ACEH TIMUR, ACEH",2,18,158,176
https://kawalpemilu.org#1133,"ALUE BU JALAN BAROH, PEUREULAK BARAT, ACEH TIMUR, ACEH",1,18,157,175
https://kawalpemilu.org#1133,"ALUE BU JALAN BAROH, PEUREULAK BARAT, ACEH TIMUR, ACEH",2,17,148,165
https://kawalpemilu.org#1133,"ALUE BU JALAN BAROH, PEUREULAK BARAT, ACEH TIMUR, ACEH",3,4,117,121
https://kawalpemilu.org#1134,"ALUE BU TUNONG, PEUREULAK BARAT, ACEH TIMUR, ACEH",1,14,87,101
https://kawalpemilu.org#1134,"ALUE BU TUNONG, PEUREULAK BARAT, ACEH TIMUR, ACEH",2,7,149,156
https://kawalpemilu.org#1134,"ALUE BU TUNONG, PEUREULAK BARAT, ACEH TIMUR, ACEH",3,6,111,117
https://kawalpemilu.org#1136,"ALUE RANGAN, SUNGAI RAYA, ACEH TIMUR, ACEH",1,22,197,219
https://kawalpemilu.org#1137,"GEULUMPANG PAYONG, SUNGAI RAYA, ACEH TIMUR, ACEH",1,45,119,164
https://kawalpemilu.org#1137,"GEULUMPANG PAYONG, SUNGAI RAYA, ACEH TIMUR, ACEH",2,54,125,179
https://kawalpemilu.org#1137,"GEULUMPANG PAYONG, SUNGAI RAYA, ACEH TIMUR, ACEH",3,17,66,83
https://kawalpemilu.org#1138,"LABUHAN KEUDE, SUNGAI RAYA, ACEH TIMUR, ACEH",1,22,136,158
https://kawalpemilu.org#1138,"LABUHAN KEUDE, SUNGAI RAYA, ACEH TIMUR, ACEH",2,29,128,157
https://kawalpemilu.org#1138,"LABUHAN KEUDE, SUNGAI RAYA, ACEH TIMUR, ACEH",3,20,162,182
https://kawalpemilu.org#1138,"LABUHAN KEUDE, SUNGAI RAYA, ACEH TIMUR, ACEH",4,20,161,181
https://kawalpemilu.org#1138,"LABUHAN KEUDE, SUNGAI RAYA, ACEH TIMUR, ACEH",5,27,163,190
https://kawalpemilu.org#1138,"LABUHAN KEUDE, SUNGAI RAYA, ACEH TIMUR, ACEH",6,15,147,162
https://kawalpemilu.org#1138,"LABUHAN KEUDE, SUNGAI RAYA, ACEH TIMUR, ACEH",7,26,174,200
https://kawalpemilu.org#1138,"LABUHAN KEUDE, SUNGAI RAYA, ACEH TIMUR, ACEH",8,16,172,188
https://kawalpemilu.org#1138,"LABUHAN KEUDE, SUNGAI RAYA, ACEH TIMUR, ACEH",9,22,96,118
https://kawalpemilu.org#1139,"BUKIT SELAMAT, SUNGAI RAYA, ACEH TIMUR, ACEH",1,12,182,194
https://kawalpemilu.org#1139,"BUKIT SELAMAT, SUNGAI RAYA, ACEH TIMUR, ACEH",2,20,193,213
https://kawalpemilu.org#1139,"BUKIT SELAMAT, SUNGAI RAYA, ACEH TIMUR, ACEH",3,13,191,204
https://kawalpemilu.org#1139,"BUKIT SELAMAT, SUNGAI RAYA, ACEH TIMUR, ACEH",4,22,195,217
https://kawalpemilu.org#1140,"BUKIT DRIEN, SUNGAI RAYA, ACEH TIMUR, ACEH",1,21,203,224
https://kawalpemilu.org#1140,"BUKIT DRIEN, SUNGAI RAYA, ACEH TIMUR, ACEH",2,21,189,210
https://kawalpemilu.org#1140,"BUKIT DRIEN, SUNGAI RAYA, ACEH TIMUR, ACEH",3,31,214,245
https://kawalpemilu.org#1141,"ALUE ITAM, SUNGAI RAYA, ACEH TIMUR, ACEH",1,11,156,167
https://kawalpemilu.org#1142,"PAYA KEUTAPANG, SUNGAI RAYA, ACEH TIMUR, ACEH",1,8,107,115
https://kawalpemilu.org#1142,"PAYA KEUTAPANG, SUNGAI RAYA, ACEH TIMUR, ACEH",2,22,159,181
https://kawalpemilu.org#1143,"GAJAH MENTAH, SUNGAI RAYA, ACEH TIMUR, ACEH",1,17,117,134
https://kawalpemilu.org#1144,"SEUNEUBOK PASE, SUNGAI RAYA, ACEH TIMUR, ACEH",2,10,197,207
https://kawalpemilu.org#1144,"SEUNEUBOK PASE, SUNGAI RAYA, ACEH TIMUR, ACEH",3,9,183,192
https://kawalpemilu.org#1145,"SEUNEUBOK ACEH, SUNGAI RAYA, ACEH TIMUR, ACEH",1,6,205,211
https://kawalpemilu.org#1145,"SEUNEUBOK ACEH, SUNGAI RAYA, ACEH TIMUR, ACEH",2,12,143,155
https://kawalpemilu.org#1145,"SEUNEUBOK ACEH, SUNGAI RAYA, ACEH TIMUR, ACEH",3,4,98,102
https://kawalpemilu.org#1147,"SUNGAI SIMPANG, SUNGAI RAYA, ACEH TIMUR, ACEH",1,7,232,239
https://kawalpemilu.org#1148,"KUALA PAREK, SUNGAI RAYA, ACEH TIMUR, ACEH",1,39,91,130
https://kawalpemilu.org#1150,"SIMPANG JERNIH, SIMPANG JERNIH, ACEH TIMUR, ACEH",1,33,130,163
https://kawalpemilu.org#1150,"SIMPANG JERNIH, SIMPANG JERNIH, ACEH TIMUR, ACEH",2,37,122,159
https://kawalpemilu.org#1151,"BATU SUMBANG, SIMPANG JERNIH, ACEH TIMUR, ACEH",1,31,166,197
https://kawalpemilu.org#1152,"PANTE KERA, SIMPANG JERNIH, ACEH TIMUR, ACEH",1,17,116,133
https://kawalpemilu.org#1152,"PANTE KERA, SIMPANG JERNIH, ACEH TIMUR, ACEH",2,17,59,76
https://kawalpemilu.org#1153,"RANTAU PANJANG, SIMPANG JERNIH, ACEH TIMUR, ACEH",1,29,96,125
https://kawalpemilu.org#1153,"RANTAU PANJANG, SIMPANG JERNIH, ACEH TIMUR, ACEH",2,33,116,149
https://kawalpemilu.org#1154,"MELIDI, SIMPANG JERNIH, ACEH TIMUR, ACEH",1,33,172,205
https://kawalpemilu.org#1154,"MELIDI, SIMPANG JERNIH, ACEH TIMUR, ACEH",2,18,150,168
https://kawalpemilu.org#1155,"TAMPUR PALOH, SIMPANG JERNIH, ACEH TIMUR, ACEH",1,16,134,150
https://kawalpemilu.org#1155,"TAMPUR PALOH, SIMPANG JERNIH, ACEH TIMUR, ACEH",2,8,129,137
https://kawalpemilu.org#1156,"TAMPUR BOOR, SIMPANG JERNIH, ACEH TIMUR, ACEH",1,7,91,98
https://kawalpemilu.org#1157,"HTI RANTO NARO, SIMPANG JERNIH, ACEH TIMUR, ACEH",1,29,106,135
https://kawalpemilu.org#1159,"MEUDANG ARA, DARUL IHSAN, ACEH TIMUR, ACEH",1,13,147,160
https://kawalpemilu.org#1160,"GUNONG PUTOH, DARUL IHSAN, ACEH TIMUR, ACEH",1,24,116,140
https://kawalpemilu.org#1161,"MEUNASAH AROEN, DARUL IHSAN, ACEH TIMUR, ACEH",1,3,84,87
https://kawalpemilu.org#1162,"KEUDE DUA, DARUL IHSAN, ACEH TIMUR, ACEH",1,18,183,201
https://kawalpemilu.org#1162,"KEUDE DUA, DARUL IHSAN, ACEH TIMUR, ACEH",2,11,153,164
https://kawalpemilu.org#1163,"SEUNEUBOK LAPANG, DARUL IHSAN, ACEH TIMUR, ACEH",1,15,137,152
https://kawalpemilu.org#1163,"SEUNEUBOK LAPANG, DARUL IHSAN, ACEH TIMUR, ACEH",2,11,110,121
https://kawalpemilu.org#1164,"ALUE JANGAT, DARUL IHSAN, ACEH TIMUR, ACEH",1,32,155,187
https://kawalpemilu.org#1164,"ALUE JANGAT, DARUL IHSAN, ACEH TIMUR, ACEH",2,18,73,91
https://kawalpemilu.org#1165,"BUKET PELAWI, DARUL IHSAN, ACEH TIMUR, ACEH",1,18,120,138
https://kawalpemilu.org#1166,"LHOK PANJAU, DARUL IHSAN, ACEH TIMUR, ACEH",1,13,103,116
https://kawalpemilu.org#1167,"SEUNEUBOK ACEH BARO, DARUL IHSAN, ACEH TIMUR, ACEH",1,18,101,119
https://kawalpemilu.org#1168,"PULO BLANG, DARUL IHSAN, ACEH TIMUR, ACEH",1,30,163,193
https://kawalpemilu.org#1168,"PULO BLANG, DARUL IHSAN, ACEH TIMUR, ACEH",2,10,204,214
https://kawalpemilu.org#1168,"PULO BLANG, DARUL IHSAN, ACEH TIMUR, ACEH",3,14,157,171
https://kawalpemilu.org#1169,"LHOK DALAM, DARUL IHSAN, ACEH TIMUR, ACEH",1,24,198,222
https://kawalpemilu.org#1170,"LHOK LEUMAK, DARUL IHSAN, ACEH TIMUR, ACEH",1,20,195,215
https://kawalpemilu.org#1170,"LHOK LEUMAK, DARUL IHSAN, ACEH TIMUR, ACEH",2,29,104,133
https://kawalpemilu.org#1171,"SEUNEUBOK KULAM, DARUL IHSAN, ACEH TIMUR, ACEH",1,20,188,208
https://kawalpemilu.org#1172,"PANTON MERBO, DARUL IHSAN, ACEH TIMUR, ACEH",1,4,97,101
https://kawalpemilu.org#1173,"SEUNEUBOK TEUNGOH, DARUL IHSAN, ACEH TIMUR, ACEH",1,7,117,124
https://kawalpemilu.org#1173,"SEUNEUBOK TEUNGOH, DARUL IHSAN, ACEH TIMUR, ACEH",2,8,131,139
https://kawalpemilu.org#1174,"LHOK MEUREU, DARUL IHSAN, ACEH TIMUR, ACEH",1,15,116,131
https://kawalpemilu.org#1176,"TUNONG BUGENG, DARUL FALAH, ACEH TIMUR, ACEH",1,6,156,162
https://kawalpemilu.org#1176,"TUNONG BUGENG, DARUL FALAH, ACEH TIMUR, ACEH",2,19,145,164
https://kawalpemilu.org#1177,"CEUMPEDAK, DARUL FALAH, ACEH TIMUR, ACEH",1,6,193,199
https://kawalpemilu.org#1178,"BUKET TUFAH, DARUL FALAH, ACEH TIMUR, ACEH",1,15,77,92
https://kawalpemilu.org#1179,"TUNONG ULE GAJAH, DARUL FALAH, ACEH TIMUR, ACEH",1,22,159,181
https://kawalpemilu.org#1180,"KEUDONDONG, DARUL FALAH, ACEH TIMUR, ACEH",1,3,95,98
https://kawalpemilu.org#1181,"SEUNEUBOK PANTON, DARUL FALAH, ACEH TIMUR, ACEH",1,11,138,149
https://kawalpemilu.org#1182,"BUKET TEUMPEN, DARUL FALAH, ACEH TIMUR, ACEH",1,7,123,130
https://kawalpemilu.org#1183,"KEUDE BLANG, DARUL FALAH, ACEH TIMUR, ACEH",1,15,138,153
https://kawalpemilu.org#1183,"KEUDE BLANG, DARUL FALAH, ACEH TIMUR, ACEH",2,11,86,97
https://kawalpemilu.org#1184,"PAYA KRUEB, DARUL FALAH, ACEH TIMUR, ACEH",1,13,151,164
https://kawalpemilu.org#1184,"PAYA KRUEB, DARUL FALAH, ACEH TIMUR, ACEH",2,9,93,102
https://kawalpemilu.org#1185,"TUNONG PAYA KRUEB, DARUL FALAH, ACEH TIMUR, ACEH",1,19,57,76
https://kawalpemilu.org#1186,"ALUE SIWAH, DARUL FALAH, ACEH TIMUR, ACEH",1,5,48,53
https://kawalpemilu.org#1188,"KEUTAPANG DUA, IDI TIMUR, ACEH TIMUR, ACEH",1,16,160,176
https://kawalpemilu.org#1188,"KEUTAPANG DUA, IDI TIMUR, ACEH TIMUR, ACEH",2,20,164,184
https://kawalpemilu.org#1189,"MATANG RAYEUK PP, IDI TIMUR, ACEH TIMUR, ACEH",1,29,179,208
https://kawalpemilu.org#1189,"MATANG RAYEUK PP, IDI TIMUR, ACEH TIMUR, ACEH",2,25,184,209
https://kawalpemilu.org#1190,"MEUNASAH JEUMPA, IDI TIMUR, ACEH TIMUR, ACEH",1,7,135,142
https://kawalpemilu.org#1191,"LHOK ASAHAN, IDI TIMUR, ACEH TIMUR, ACEH",1,9,179,188
https://kawalpemilu.org#1192,"TUALANG DALAM, IDI TIMUR, ACEH TIMUR, ACEH",1,16,219,235
https://kawalpemilu.org#1193,"SEUNEUBOK KUYUN, IDI TIMUR, ACEH TIMUR, ACEH",1,19,218,237
https://kawalpemilu.org#1193,"SEUNEUBOK KUYUN, IDI TIMUR, ACEH TIMUR, ACEH",2,14,136,150
https://kawalpemilu.org#1194,"ULEE GLEE, IDI TIMUR, ACEH TIMUR, ACEH",1,6,112,118
https://kawalpemilu.org#1195,"SEUNEUBOK BARAT, IDI TIMUR, ACEH TIMUR, ACEH",1,13,122,135
https://kawalpemilu.org#1196,"SEUNEUBOK TEUNGOH, IDI TIMUR, ACEH TIMUR, ACEH",1,7,136,143
https://kawalpemilu.org#1197,"SEUNEUBOK TIMUR, IDI TIMUR, ACEH TIMUR, ACEH",1,39,127,166
https://kawalpemilu.org#1198,"MATANG BUNGONG, IDI TIMUR, ACEH TIMUR, ACEH",1,13,182,195
https://kawalpemilu.org#1198,"MATANG BUNGONG, IDI TIMUR, ACEH TIMUR, ACEH",2,18,167,185
https://kawalpemilu.org#1199,"MATANG RAYEUK (SMK), IDI TIMUR, ACEH TIMUR, ACEH",1,6,155,161
https://kawalpemilu.org#1199,"MATANG RAYEUK (SMK), IDI TIMUR, ACEH TIMUR, ACEH",2,3,153,156
https://kawalpemilu.org#1200,"SEUNEUBOK DALAM, IDI TIMUR, ACEH TIMUR, ACEH",1,5,81,86
https://kawalpemilu.org#1202,"ARUL PINANG, PEUNARON, ACEH TIMUR, ACEH",1,26,154,180
https://kawalpemilu.org#1202,"ARUL PINANG, PEUNARON, ACEH TIMUR, ACEH",2,23,147,170
https://kawalpemilu.org#1202,"ARUL PINANG, PEUNARON, ACEH TIMUR, ACEH",3,40,116,156
https://kawalpemilu.org#1202,"ARUL PINANG, PEUNARON, ACEH TIMUR, ACEH",4,40,61,101
https://kawalpemilu.org#1202,"ARUL PINANG, PEUNARON, ACEH TIMUR, ACEH",5,83,152,235
https://kawalpemilu.org#1202,"ARUL PINANG, PEUNARON, ACEH TIMUR, ACEH",6,35,69,104
https://kawalpemilu.org#1202,"ARUL PINANG, PEUNARON, ACEH TIMUR, ACEH",7,57,130,187
https://kawalpemilu.org#1202,"ARUL PINANG, PEUNARON, ACEH TIMUR, ACEH",8,12,105,117
https://kawalpemilu.org#1202,"ARUL PINANG, PEUNARON, ACEH TIMUR, ACEH",9,34,95,129
https://kawalpemilu.org#1202,"ARUL PINANG, PEUNARON, ACEH TIMUR, ACEH",10,47,98,145
https://kawalpemilu.org#1202,"ARUL PINANG, PEUNARON, ACEH TIMUR, ACEH",11,49,99,148
https://kawalpemilu.org#1202,"ARUL PINANG, PEUNARON, ACEH TIMUR, ACEH",12,39,111,150
https://kawalpemilu.org#1202,"ARUL PINANG, PEUNARON, ACEH TIMUR, ACEH",13,70,68,138
https://kawalpemilu.org#1203,"PEUNARON BARU, PEUNARON, ACEH TIMUR, ACEH",1,74,162,236
https://kawalpemilu.org#1203,"PEUNARON BARU, PEUNARON, ACEH TIMUR, ACEH",2,84,136,220
https://kawalpemilu.org#1203,"PEUNARON BARU, PEUNARON, ACEH TIMUR, ACEH",3,52,124,176
https://kawalpemilu.org#1203,"PEUNARON BARU, PEUNARON, ACEH TIMUR, ACEH",4,62,113,175
https://kawalpemilu.org#1203,"PEUNARON BARU, PEUNARON, ACEH TIMUR, ACEH",5,27,73,100
https://kawalpemilu.org#1203,"PEUNARON BARU, PEUNARON, ACEH TIMUR, ACEH",6,61,166,227
https://kawalpemilu.org#1203,"PEUNARON BARU, PEUNARON, ACEH TIMUR, ACEH",7,131,98,229
https://kawalpemilu.org#1204,"PEUNARON LAMA, PEUNARON, ACEH TIMUR, ACEH",1,21,148,169
https://kawalpemilu.org#1204,"PEUNARON LAMA, PEUNARON, ACEH TIMUR, ACEH",2,30,127,157
https://kawalpemilu.org#1204,"PEUNARON LAMA, PEUNARON, ACEH TIMUR, ACEH",3,34,169,203
https://kawalpemilu.org#1205,"BUKIT TIGA, PEUNARON, ACEH TIMUR, ACEH",1,50,89,139
https://kawalpemilu.org#1205,"BUKIT TIGA, PEUNARON, ACEH TIMUR, ACEH",2,63,102,165
https://kawalpemilu.org#1205,"BUKIT TIGA, PEUNARON, ACEH TIMUR, ACEH",3,52,152,204
https://kawalpemilu.org#1205,"BUKIT TIGA, PEUNARON, ACEH TIMUR, ACEH",4,39,97,136
https://kawalpemilu.org#1205,"BUKIT TIGA, PEUNARON, ACEH TIMUR, ACEH",5,46,185,231
https://kawalpemilu.org#1206,"SRI MULYA, PEUNARON, ACEH TIMUR, ACEH",1,28,52,80
https://kawalpemilu.org#1209,"DELUNG SEKINEL, LINGE, ACEH TENGAH, ACEH",1,130,69,199
https://kawalpemilu.org#1210,"GELAMPANG GADING, LINGE, ACEH TENGAH, ACEH",1,77,121,198
https://kawalpemilu.org#1211,"GEWAT, LINGE, ACEH TENGAH, ACEH",1,63,13,76
https://kawalpemilu.org#1212,"JAMAT, LINGE, ACEH TENGAH, ACEH",1,126,113,239
https://kawalpemilu.org#1213,"KEMERLENG, LINGE, ACEH TENGAH, ACEH",1,102,172,274
https://kawalpemilu.org#1214,"KUTE BARU, LINGE, ACEH TENGAH, ACEH",1,53,91,144
https://kawalpemilu.org#1215,"KUTE KERAMIL, LINGE, ACEH TENGAH, ACEH",1,92,93,185
https://kawalpemilu.org#1215,"KUTE KERAMIL, LINGE, ACEH TENGAH, ACEH",2,38,25,63
https://kawalpemilu.org#1216,"KUTE RAYANG, LINGE, ACEH TENGAH, ACEH",1,111,35,146
https://kawalpemilu.org#1217,"KUTE RIYEM, LINGE, ACEH TENGAH, ACEH",1,77,115,192
https://kawalpemilu.org#1218,"KUTE ROBEL, LINGE, ACEH TENGAH, ACEH",1,55,105,160
https://kawalpemilu.org#1219,"LINGE, LINGE, ACEH TENGAH, ACEH",1,139,72,211
https://kawalpemilu.org#1220,"LUMUT, LINGE, ACEH TENGAH, ACEH",1,127,124,251
https://kawalpemilu.org#1220,"LUMUT, LINGE, ACEH TENGAH, ACEH",2,77,48,125
https://kawalpemilu.org#1220,"LUMUT, LINGE, ACEH TENGAH, ACEH",3,66,37,103
https://kawalpemilu.org#1221,"MUNGKUR, LINGE, ACEH TENGAH, ACEH",1,146,113,259
https://kawalpemilu.org#1222,"OWAQ, LINGE, ACEH TENGAH, ACEH",1,145,70,215
https://kawalpemilu.org#1222,"OWAQ, LINGE, ACEH TENGAH, ACEH",2,113,137,250
https://kawalpemilu.org#1224,"PENARUN, LINGE, ACEH TENGAH, ACEH",1,47,108,155
https://kawalpemilu.org#1225,"SIMPANG TIGE UNING, LINGE, ACEH TENGAH, ACEH",1,76,43,119
https://kawalpemilu.org#1226,"UMANG, LINGE, ACEH TENGAH, ACEH",1,95,53,148
https://kawalpemilu.org#1227,"DESPOT LINGE, LINGE, ACEH TENGAH, ACEH",1,87,77,164
https://kawalpemilu.org#1227,"DESPOT LINGE, LINGE, ACEH TENGAH, ACEH",2,98,63,161
https://kawalpemilu.org#1228,"GEMBOYAH, LINGE, ACEH TENGAH, ACEH",1,85,120,205
https://kawalpemilu.org#1228,"GEMBOYAH, LINGE, ACEH TENGAH, ACEH",2,105,148,253
https://kawalpemilu.org#1228,"GEMBOYAH, LINGE, ACEH TENGAH, ACEH",3,88,61,149
https://kawalpemilu.org#1229,"ARUL ITEM, LINGE, ACEH TENGAH, ACEH",1,78,153,231
https://kawalpemilu.org#1229,"ARUL ITEM, LINGE, ACEH TENGAH, ACEH",2,102,129,231
https://kawalpemilu.org#1230,"KUTE REJE, LINGE, ACEH TENGAH, ACEH",1,0,0,0
https://kawalpemilu.org#1231,"REJE PAYUNG, LINGE, ACEH TENGAH, ACEH",1,106,51,157
https://kawalpemilu.org#1232,"ISE-ISE, LINGE, ACEH TENGAH, ACEH",1,101,49,150
https://kawalpemilu.org#88113,"PANTAN REDUK, LINGE, ACEH TENGAH, ACEH",1,78,118,196
https://kawalpemilu.org#88114,"ANTARA, LINGE, ACEH TENGAH, ACEH",1,88,42,130
https://kawalpemilu.org#88114,"ANTARA, LINGE, ACEH TENGAH, ACEH",2,87,63,150
https://kawalpemilu.org#1234,"ARUL GELE, SILIH NARA, ACEH TENGAH, ACEH",1,95,148,243
https://kawalpemilu.org#1234,"ARUL GELE, SILIH NARA, ACEH TENGAH, ACEH",2,62,89,151
https://kawalpemilu.org#1234,"ARUL GELE, SILIH NARA, ACEH TENGAH, ACEH",3,91,119,210
https://kawalpemilu.org#1235,"ARUL KUMER, SILIH NARA, ACEH TENGAH, ACEH",1,73,150,223
https://kawalpemilu.org#1235,"ARUL KUMER, SILIH NARA, ACEH TENGAH, ACEH",2,91,150,241
https://kawalpemilu.org#1236,"BURNI BIUS, SILIH NARA, ACEH TENGAH, ACEH",1,79,136,215
https://kawalpemilu.org#1236,"BURNI BIUS, SILIH NARA, ACEH TENGAH, ACEH",2,54,126,180
https://kawalpemilu.org#1236,"BURNI BIUS, SILIH NARA, ACEH TENGAH, ACEH",3,56,129,185
https://kawalpemilu.org#1237,"GENTING GERBANG, SILIH NARA, ACEH TENGAH, ACEH",1,130,126,256
https://kawalpemilu.org#1237,"GENTING GERBANG, SILIH NARA, ACEH TENGAH, ACEH",2,106,138,244
https://kawalpemilu.org#1237,"GENTING GERBANG, SILIH NARA, ACEH TENGAH, ACEH",3,102,135,237
https://kawalpemilu.org#1238,"GUNUNG SINGIT, SILIH NARA, ACEH TENGAH, ACEH",1,54,136,190
https://kawalpemilu.org#1238,"GUNUNG SINGIT, SILIH NARA, ACEH TENGAH, ACEH",2,40,150,190
https://kawalpemilu.org#1239,"PEPAYUNGEN ANGKUP, SILIH NARA, ACEH TENGAH, ACEH",1,45,146,191
https://kawalpemilu.org#1239,"PEPAYUNGEN ANGKUP, SILIH NARA, ACEH TENGAH, ACEH",2,49,138,187
https://kawalpemilu.org#1239,"PEPAYUNGEN ANGKUP, SILIH NARA, ACEH TENGAH, ACEH",3,97,124,221
https://kawalpemilu.org#1239,"PEPAYUNGEN ANGKUP, SILIH NARA, ACEH TENGAH, ACEH",4,48,137,185
https://kawalpemilu.org#1239,"PEPAYUNGEN ANGKUP, SILIH NARA, ACEH TENGAH, ACEH",5,53,133,186
https://kawalpemilu.org#1239,"PEPAYUNGEN ANGKUP, SILIH NARA, ACEH TENGAH, ACEH",6,80,94,174
https://kawalpemilu.org#1240,"REMESEN, SILIH NARA, ACEH TENGAH, ACEH",1,80,110,190
https://kawalpemilu.org#1240,"REMESEN, SILIH NARA, ACEH TENGAH, ACEH",2,79,138,217
https://kawalpemilu.org#1241,"RUTIH, SILIH NARA, ACEH TENGAH, ACEH",1,86,112,198
https://kawalpemilu.org#1241,"RUTIH, SILIH NARA, ACEH TENGAH, ACEH",2,87,112,199
https://kawalpemilu.org#1242,"SEMELIT MUTIARA, SILIH NARA, ACEH TENGAH, ACEH",1,115,109,224
https://kawalpemilu.org#1242,"SEMELIT MUTIARA, SILIH NARA, ACEH TENGAH, ACEH",2,73,159,232
https://kawalpemilu.org#1242,"SEMELIT MUTIARA, SILIH NARA, ACEH TENGAH, ACEH",3,108,115,223
https://kawalpemilu.org#1243,"WIH PORAK, SILIH NARA, ACEH TENGAH, ACEH",1,136,86,221
https://kawalpemilu.org#1244,"WIHNI BAKONG, SILIH NARA, ACEH TENGAH, ACEH",1,81,169,250
https://kawalpemilu.org#1244,"WIHNI BAKONG, SILIH NARA, ACEH TENGAH, ACEH",2,84,97,181
https://kawalpemilu.org#1244,"WIHNI BAKONG, SILIH NARA, ACEH TENGAH, ACEH",3,51,110,161
https://kawalpemilu.org#1245,"WIHNI DURIN, SILIH NARA, ACEH TENGAH, ACEH",1,56,150,206
https://kawalpemilu.org#1245,"WIHNI DURIN, SILIH NARA, ACEH TENGAH, ACEH",2,45,129,174
https://kawalpemilu.org#1245,"WIHNI DURIN, SILIH NARA, ACEH TENGAH, ACEH",3,34,101,135
https://kawalpemilu.org#1246,"ARUL PUTIH, SILIH NARA, ACEH TENGAH, ACEH",1,102,105,207
https://kawalpemilu.org#1246,"ARUL PUTIH, SILIH NARA, ACEH TENGAH, ACEH",2,98,79,177
https://kawalpemilu.org#1247,"ARUL RELEM, SILIH NARA, ACEH TENGAH, ACEH",1,108,141,249
https://kawalpemilu.org#1247,"ARUL RELEM, SILIH NARA, ACEH TENGAH, ACEH",2,81,183,264
https://kawalpemilu.org#1248,"BURNI BIUS BARU, SILIH NARA, ACEH TENGAH, ACEH",1,36,164,200
https://kawalpemilu.org#1248,"BURNI BIUS BARU, SILIH NARA, ACEH TENGAH, ACEH",2,20,135,155
https://kawalpemilu.org#1249,"JERATA, SILIH NARA, ACEH TENGAH, ACEH",1,172,54,226
https://kawalpemilu.org#1249,"JERATA, SILIH NARA, ACEH TENGAH, ACEH",2,125,68,193
https://kawalpemilu.org#1250,"PAYA BEKE, SILIH NARA, ACEH TENGAH, ACEH",1,94,102,196
https://kawalpemilu.org#1250,"PAYA BEKE, SILIH NARA, ACEH TENGAH, ACEH",2,77,103,180
https://kawalpemilu.org#1250,"PAYA BEKE, SILIH NARA, ACEH TENGAH, ACEH",3,34,68,102
https://kawalpemilu.org#1251,"PAYA PELU, SILIH NARA, ACEH TENGAH, ACEH",1,85,89,174
https://kawalpemilu.org#1252,"REBE GEDUNG, SILIH NARA, ACEH TENGAH, ACEH",1,80,69,149
https://kawalpemilu.org#1253,"REREMAL, SILIH NARA, ACEH TENGAH, ACEH",1,43,82,125
https://kawalpemilu.org#1253,"REREMAL, SILIH NARA, ACEH TENGAH, ACEH",2,39,89,128
https://kawalpemilu.org#1254,"SANEHEN, SILIH NARA, ACEH TENGAH, ACEH",1,69,63,132
https://kawalpemilu.org#1254,"SANEHEN, SILIH NARA, ACEH TENGAH, ACEH",2,117,124,241
https://kawalpemilu.org#1255,"SIMPANG KEMILI, SILIH NARA, ACEH TENGAH, ACEH",1,96,142,238
https://kawalpemilu.org#1255,"SIMPANG KEMILI, SILIH NARA, ACEH TENGAH, ACEH",2,83,160,243
https://kawalpemilu.org#1256,"TENEBUK KAMPUNG BARU, SILIH NARA, ACEH TENGAH, ACEH",1,135,115,250
https://kawalpemilu.org#1256,"TENEBUK KAMPUNG BARU, SILIH NARA, ACEH TENGAH, ACEH",2,76,96,172
https://kawalpemilu.org#1257,"TERANG ENGON, SILIH NARA, ACEH TENGAH, ACEH",1,63,28,91
https://kawalpemilu.org#1258,"WIH PESAM, SILIH NARA, ACEH TENGAH, ACEH",1,62,127,189
https://kawalpemilu.org#1258,"WIH PESAM, SILIH NARA, ACEH TENGAH, ACEH",2,72,118,190
https://kawalpemilu.org#1258,"WIH PESAM, SILIH NARA, ACEH TENGAH, ACEH",3,72,112,184
https://kawalpemilu.org#1259,"BIUS UTAMA, SILIH NARA, ACEH TENGAH, ACEH",1,105,169,274
https://kawalpemilu.org#1260,"MEKAR INDAH, SILIH NARA, ACEH TENGAH, ACEH",1,89,100,189
https://kawalpemilu.org#1261,"MULIE JADI, SILIH NARA, ACEH TENGAH, ACEH",1,92,79,171
https://kawalpemilu.org#1261,"MULIE JADI, SILIH NARA, ACEH TENGAH, ACEH",2,93,68,161
https://kawalpemilu.org#1261,"MULIE JADI, SILIH NARA, ACEH TENGAH, ACEH",3,101,64,165
https://kawalpemilu.org#1262,"WIH SAGI INDAH, SILIH NARA, ACEH TENGAH, ACEH",1,128,153,281
https://kawalpemilu.org#1264,"ARUL KUMER BARAT, SILIH NARA, ACEH TENGAH, ACEH",1,86,162,248
https://kawalpemilu.org#1264,"ARUL KUMER BARAT, SILIH NARA, ACEH TENGAH, ACEH",2,80,165,245
https://kawalpemilu.org#1265,"ARUL KUMER TIMUR, SILIH NARA, ACEH TENGAH, ACEH",1,51,173,224
https://kawalpemilu.org#1265,"ARUL KUMER TIMUR, SILIH NARA, ACEH TENGAH, ACEH",2,71,121,192
https://kawalpemilu.org#1266,"ARUL KUMER SELATAN, SILIH NARA, ACEH TENGAH, ACEH",1,76,114,190
https://kawalpemilu.org#1266,"ARUL KUMER SELATAN, SILIH NARA, ACEH TENGAH, ACEH",2,70,114,184
https://kawalpemilu.org#1266,"ARUL KUMER SELATAN, SILIH NARA, ACEH TENGAH, ACEH",3,79,111,190
https://kawalpemilu.org#88115,"WIH BERSIH, SILIH NARA, ACEH TENGAH, ACEH",1,100,89,189
https://kawalpemilu.org#1268,"BLANG KOLAK I, BEBESEN, ACEH TENGAH, ACEH",1,57,180,237
https://kawalpemilu.org#1268,"BLANG KOLAK I, BEBESEN, ACEH TENGAH, ACEH",2,69,175,244
https://kawalpemilu.org#1268,"BLANG KOLAK I, BEBESEN, ACEH TENGAH, ACEH",5,46,135,181
https://kawalpemilu.org#1268,"BLANG KOLAK I, BEBESEN, ACEH TENGAH, ACEH",9,45,86,131
https://kawalpemilu.org#1269,"BEBESEN, BEBESEN, ACEH TENGAH, ACEH",1,49,222,271
https://kawalpemilu.org#1269,"BEBESEN, BEBESEN, ACEH TENGAH, ACEH",2,73,200,273
https://kawalpemilu.org#1269,"BEBESEN, BEBESEN, ACEH TENGAH, ACEH",3,62,165,227
https://kawalpemilu.org#1269,"BEBESEN, BEBESEN, ACEH TENGAH, ACEH",4,46,212,258
https://kawalpemilu.org#1270,"MONGAL, BEBESEN, ACEH TENGAH, ACEH",1,67,190,257
https://kawalpemilu.org#1270,"MONGAL, BEBESEN, ACEH TENGAH, ACEH",2,77,189,266
https://kawalpemilu.org#1270,"MONGAL, BEBESEN, ACEH TENGAH, ACEH",3,45,228,273
https://kawalpemilu.org#1270,"MONGAL, BEBESEN, ACEH TENGAH, ACEH",4,38,150,188
https://kawalpemilu.org#1270,"MONGAL, BEBESEN, ACEH TENGAH, ACEH",5,36,142,178
https://kawalpemilu.org#1271,"DALING, BEBESEN, ACEH TENGAH, ACEH",1,38,128,166
https://kawalpemilu.org#1271,"DALING, BEBESEN, ACEH TENGAH, ACEH",2,36,113,149
https://kawalpemilu.org#1272,"TENSAREN, BEBESEN, ACEH TENGAH, ACEH",1,42,99,141
https://kawalpemilu.org#1272,"TENSAREN, BEBESEN, ACEH TENGAH, ACEH",2,53,148,201
https://kawalpemilu.org#1273,"LELABU, BEBESEN, ACEH TENGAH, ACEH",1,28,106,134
https://kawalpemilu.org#1273,"LELABU, BEBESEN, ACEH TENGAH, ACEH",2,52,128,180
https://kawalpemilu.org#1274,"BLANG GELE, BEBESEN, ACEH TENGAH, ACEH",1,117,141,258
https://kawalpemilu.org#1274,"BLANG GELE, BEBESEN, ACEH TENGAH, ACEH",2,70,169,239
https://kawalpemilu.org#1274,"BLANG GELE, BEBESEN, ACEH TENGAH, ACEH",3,82,182,264
https://kawalpemilu.org#1275,"KEMILI, BEBESEN, ACEH TENGAH, ACEH",1,64,116,180
https://kawalpemilu.org#1275,"KEMILI, BEBESEN, ACEH TENGAH, ACEH",2,33,133,166
https://kawalpemilu.org#1275,"KEMILI, BEBESEN, ACEH TENGAH, ACEH",3,29,70,99
https://kawalpemilu.org#1275,"KEMILI, BEBESEN, ACEH TENGAH, ACEH",4,62,205,267
https://kawalpemilu.org#1275,"KEMILI, BEBESEN, ACEH TENGAH, ACEH",5,46,193,239
https://kawalpemilu.org#1275,"KEMILI, BEBESEN, ACEH TENGAH, ACEH",6,45,163,208
https://kawalpemilu.org#1275,"KEMILI, BEBESEN, ACEH TENGAH, ACEH",7,34,85,119
https://kawalpemilu.org#1275,"KEMILI, BEBESEN, ACEH TENGAH, ACEH",8,46,170,216
https://kawalpemilu.org#1275,"KEMILI, BEBESEN, ACEH TENGAH, ACEH",9,59,205,264
https://kawalpemilu.org#1275,"KEMILI, BEBESEN, ACEH TENGAH, ACEH",10,64,185,249
https://kawalpemilu.org#1275,"KEMILI, BEBESEN, ACEH TENGAH, ACEH",11,45,139,2
https://kawalpemilu.org#1275,"KEMILI, BEBESEN, ACEH TENGAH, ACEH",12,65,103,168
https://kawalpemilu.org#1275,"KEMILI, BEBESEN, ACEH TENGAH, ACEH",13,34,109,143
https://kawalpemilu.org#1275,"KEMILI, BEBESEN, ACEH TENGAH, ACEH",14,38,29,67
https://kawalpemilu.org#1276,"TAN SARIL, BEBESEN, ACEH TENGAH, ACEH",1,55,178,233
https://kawalpemilu.org#1276,"TAN SARIL, BEBESEN, ACEH TENGAH, ACEH",2,44,152,196
https://kawalpemilu.org#1277,"BLANG KOLAK II, BEBESEN, ACEH TENGAH, ACEH",2,43,196,239
https://kawalpemilu.org#1277,"BLANG KOLAK II, BEBESEN, ACEH TENGAH, ACEH",3,47,177,224
https://kawalpemilu.org#1277,"BLANG KOLAK II, BEBESEN, ACEH TENGAH, ACEH",4,17,130,147
https://kawalpemilu.org#1277,"BLANG KOLAK II, BEBESEN, ACEH TENGAH, ACEH",5,58,154,212
https://kawalpemilu.org#1277,"BLANG KOLAK II, BEBESEN, ACEH TENGAH, ACEH",6,35,176,211
https://kawalpemilu.org#1277,"BLANG KOLAK II, BEBESEN, ACEH TENGAH, ACEH",7,47,179,226
https://kawalpemilu.org#1277,"BLANG KOLAK II, BEBESEN, ACEH TENGAH, ACEH",8,57,326,383
https://kawalpemilu.org#1277,"BLANG KOLAK II, BEBESEN, ACEH TENGAH, ACEH",9,46,162,208
https://kawalpemilu.org#1277,"BLANG KOLAK II, BEBESEN, ACEH TENGAH, ACEH",10,54,139,193
https://kawalpemilu.org#1278,"UMANG, BEBESEN, ACEH TENGAH, ACEH",1,44,151,195
https://kawalpemilu.org#1278,"UMANG, BEBESEN, ACEH TENGAH, ACEH",2,41,151,192
https://kawalpemilu.org#1279,"SIMPANG EMPAT, BEBESEN, ACEH TENGAH, ACEH",1,44,176,220
https://kawalpemilu.org#1279,"SIMPANG EMPAT, BEBESEN, ACEH TENGAH, ACEH",2,63,186,249
https://kawalpemilu.org#1279,"SIMPANG EMPAT, BEBESEN, ACEH TENGAH, ACEH",3,38,132,170
https://kawalpemilu.org#1279,"SIMPANG EMPAT, BEBESEN, ACEH TENGAH, ACEH",4,37,113,150
https://kawalpemilu.org#1279,"SIMPANG EMPAT, BEBESEN, ACEH TENGAH, ACEH",5,69,161,230
https://kawalpemilu.org#1279,"SIMPANG EMPAT, BEBESEN, ACEH TENGAH, ACEH",6,56,145,201
https://kawalpemilu.org#1279,"SIMPANG EMPAT, BEBESEN, ACEH TENGAH, ACEH",7,37,127,164
https://kawalpemilu.org#1280,"BAHGIE, BEBESEN, ACEH TENGAH, ACEH",1,36,134,170
https://kawalpemilu.org#1280,"BAHGIE, BEBESEN, ACEH TENGAH, ACEH",2,46,80,126
https://kawalpemilu.org#1281,"KERAMAT MUFAKAT, BEBESEN, ACEH TENGAH, ACEH",1,38,173,211
https://kawalpemilu.org#1281,"KERAMAT MUFAKAT, BEBESEN, ACEH TENGAH, ACEH",2,43,132,175
https://kawalpemilu.org#1281,"KERAMAT MUFAKAT, BEBESEN, ACEH TENGAH, ACEH",3,39,109,148
https://kawalpemilu.org#1281,"KERAMAT MUFAKAT, BEBESEN, ACEH TENGAH, ACEH",4,35,134,169
https://kawalpemilu.org#1281,"KERAMAT MUFAKAT, BEBESEN, ACEH TENGAH, ACEH",5,48,133,181
https://kawalpemilu.org#1281,"KERAMAT MUFAKAT, BEBESEN, ACEH TENGAH, ACEH",6,27,133,160
https://kawalpemilu.org#1282,"ATU GAJAH REJE GURU, BEBESEN, ACEH TENGAH, ACEH",1,78,152,230
https://kawalpemilu.org#1283,"ATU TULU, BEBESEN, ACEH TENGAH, ACEH",1,62,84,146
https://kawalpemilu.org#1283,"ATU TULU, BEBESEN, ACEH TENGAH, ACEH",2,57,99,156
https://kawalpemilu.org#1284,"BURBIAH, BEBESEN, ACEH TENGAH, ACEH",2,48,105,153
https://kawalpemilu.org#1285,"EMPUS TALU, BEBESEN, ACEH TENGAH, ACEH",1,65,162,227
https://kawalpemilu.org#1285,"EMPUS TALU, BEBESEN, ACEH TENGAH, ACEH",2,38,121,159
https://kawalpemilu.org#1285,"EMPUS TALU, BEBESEN, ACEH TENGAH, ACEH",3,39,143,182
https://kawalpemilu.org#1286,"GELE LAH, BEBESEN, ACEH TENGAH, ACEH",1,88,117,205
https://kawalpemilu.org#1287,"KEBET, BEBESEN, ACEH TENGAH, ACEH",1,37,165,202
https://kawalpemilu.org#1287,"KEBET, BEBESEN, ACEH TENGAH, ACEH",2,46,154,200
https://kawalpemilu.org#1287,"KEBET, BEBESEN, ACEH TENGAH, ACEH",3,39,155,194
https://kawalpemilu.org#1288,"LEMAH BURBANA, BEBESEN, ACEH TENGAH, ACEH",1,42,181,223
https://kawalpemilu.org#1288,"LEMAH BURBANA, BEBESEN, ACEH TENGAH, ACEH",2,41,195,236
https://kawalpemilu.org#1288,"LEMAH BURBANA, BEBESEN, ACEH TENGAH, ACEH",3,43,150,193
https://kawalpemilu.org#1289,"MAH BENGI, BEBESEN, ACEH TENGAH, ACEH",1,54,199,253
https://kawalpemilu.org#1290,"NUNANG ANTARA, BEBESEN, ACEH TENGAH, ACEH",1,48,155,203
https://kawalpemilu.org#1290,"NUNANG ANTARA, BEBESEN, ACEH TENGAH, ACEH",2,49,177,226
https://kawalpemilu.org#1290,"NUNANG ANTARA, BEBESEN, ACEH TENGAH, ACEH",3,57,119,178
https://kawalpemilu.org#1290,"NUNANG ANTARA, BEBESEN, ACEH TENGAH, ACEH",4,24,108,132
https://kawalpemilu.org#1290,"NUNANG ANTARA, BEBESEN, ACEH TENGAH, ACEH",5,59,70,129
https://kawalpemilu.org#1291,"PENDERE SARIL, BEBESEN, ACEH TENGAH, ACEH",1,40,199,239
https://kawalpemilu.org#1291,"PENDERE SARIL, BEBESEN, ACEH TENGAH, ACEH",2,62,158,220
https://kawalpemilu.org#1291,"PENDERE SARIL, BEBESEN, ACEH TENGAH, ACEH",3,48,95,143
https://kawalpemilu.org#1292,"SADONG JURU MUDI, BEBESEN, ACEH TENGAH, ACEH",1,89,162,251
https://kawalpemilu.org#1293,"ULU NUWIH, BEBESEN, ACEH TENGAH, ACEH",1,76,113,189
https://kawalpemilu.org#1293,"ULU NUWIH, BEBESEN, ACEH TENGAH, ACEH",2,73,114,187
https://kawalpemilu.org#1294,"CALO BLANG GELE, BEBESEN, ACEH TENGAH, ACEH",1,72,48,120
https://kawalpemilu.org#88116,"KALA KEMILI, BEBESEN, ACEH TENGAH, ACEH",1,61,167,228
https://kawalpemilu.org#88116,"KALA KEMILI, BEBESEN, ACEH TENGAH, ACEH",2,77,148,225
https://kawalpemilu.org#88116,"KALA KEMILI, BEBESEN, ACEH TENGAH, ACEH",3,74,145,219
https://kawalpemilu.org#88116,"KALA KEMILI, BEBESEN, ACEH TENGAH, ACEH",4,58,142,200
https://kawalpemilu.org#88116,"KALA KEMILI, BEBESEN, ACEH TENGAH, ACEH",5,83,129,212
https://kawalpemilu.org#1297,"BIES BARU, BIES, ACEH TENGAH, ACEH",1,106,84,190
https://kawalpemilu.org#1297,"BIES BARU, BIES, ACEH TENGAH, ACEH",2,75,72,147
https://kawalpemilu.org#1298,"BIES MULIE, BIES, ACEH TENGAH, ACEH",1,80,147,227
https://kawalpemilu.org#1298,"BIES MULIE, BIES, ACEH TENGAH, ACEH",2,43,135,178
https://kawalpemilu.org#1299,"ARUL LATONG, BIES, ACEH TENGAH, ACEH",1,64,73,137
https://kawalpemilu.org#1299,"ARUL LATONG, BIES, ACEH TENGAH, ACEH",2,64,118,182
https://kawalpemilu.org#1299,"ARUL LATONG, BIES, ACEH TENGAH, ACEH",3,48,117,165
https://kawalpemilu.org#1301,"ATANG JUNGKET, BIES, ACEH TENGAH, ACEH",1,67,124,191
https://kawalpemilu.org#1301,"ATANG JUNGKET, BIES, ACEH TENGAH, ACEH",2,46,118,164
https://kawalpemilu.org#1302,"TEBES LUES, BIES, ACEH TENGAH, ACEH",1,80,136,216
https://kawalpemilu.org#1302,"TEBES LUES, BIES, ACEH TENGAH, ACEH",2,61,146,207
https://kawalpemilu.org#1302,"TEBES LUES, BIES, ACEH TENGAH, ACEH",3,37,156,193
https://kawalpemilu.org#1303,"PUCUK DEKU, BIES, ACEH TENGAH, ACEH",1,84,164,248
https://kawalpemilu.org#1304,"LENGA, BIES, ACEH TENGAH, ACEH",1,92,105,197
https://kawalpemilu.org#1304,"LENGA, BIES, ACEH TENGAH, ACEH",2,141,77,218
https://kawalpemilu.org#1305,"UNING PEGANTUNGEN, BIES, ACEH TENGAH, ACEH",1,56,94,150
https://kawalpemilu.org#1305,"UNING PEGANTUNGEN, BIES, ACEH TENGAH, ACEH",2,48,88,136
https://kawalpemilu.org#1306,"SIMPANG UNING NIKEN, BIES, ACEH TENGAH, ACEH",1,84,177,261
https://kawalpemilu.org#1306,"SIMPANG UNING NIKEN, BIES, ACEH TENGAH, ACEH",2,98,144,242
https://kawalpemilu.org#84104,"BIES PENENTANAN, BIES, ACEH TENGAH, ACEH",1,111,120,231
https://kawalpemilu.org#84104,"BIES PENENTANAN, BIES, ACEH TENGAH, ACEH",2,54,139,193
https://kawalpemilu.org#84104,"BIES PENENTANAN, BIES, ACEH TENGAH, ACEH",3,85,110,195
https://kawalpemilu.org#84104,"BIES PENENTANAN, BIES, ACEH TENGAH, ACEH",4,51,113,164
https://kawalpemilu.org#84105,"SIMPANG LUKUP BADAK, BIES, ACEH TENGAH, ACEH",1,63,143,206
https://kawalpemilu.org#88117,"KARANG BAYUR, BIES, ACEH TENGAH, ACEH",1,147,89,236
https://kawalpemilu.org#1308,"PANTAN TENGAH, RUSIP ANTARA, ACEH TENGAH, ACEH",1,142,86,228
https://kawalpemilu.org#1308,"PANTAN TENGAH, RUSIP ANTARA, ACEH TENGAH, ACEH",2,90,94,184
https://kawalpemilu.org#1308,"PANTAN TENGAH, RUSIP ANTARA, ACEH TENGAH, ACEH",3,170,82,252
https://kawalpemilu.org#1309,"RUSIP, RUSIP ANTARA, ACEH TENGAH, ACEH",1,100,101,201
https://kawalpemilu.org#1309,"RUSIP, RUSIP ANTARA, ACEH TENGAH, ACEH",2,102,57,159
https://kawalpemilu.org#1309,"RUSIP, RUSIP ANTARA, ACEH TENGAH, ACEH",3,60,22,82
https://kawalpemilu.org#1310,"PILAR, RUSIP ANTARA, ACEH TENGAH, ACEH",1,107,104,211
https://kawalpemilu.org#1310,"PILAR, RUSIP ANTARA, ACEH TENGAH, ACEH",2,89,83,172
https://kawalpemilu.org#1311,"ARUL PERTIK, RUSIP ANTARA, ACEH TENGAH, ACEH",1,101,71,172
https://kawalpemilu.org#1311,"ARUL PERTIK, RUSIP ANTARA, ACEH TENGAH, ACEH",2,117,68,185
https://kawalpemilu.org#1312,"PILAR JAYA, RUSIP ANTARA, ACEH TENGAH, ACEH",1,109,39,148
https://kawalpemilu.org#1312,"PILAR JAYA, RUSIP ANTARA, ACEH TENGAH, ACEH",2,94,63,157
https://kawalpemilu.org#1313,"TIRMI ARA, RUSIP ANTARA, ACEH TENGAH, ACEH",1,117,134,251
https://kawalpemilu.org#1314,"ATU SINGKIH, RUSIP ANTARA, ACEH TENGAH, ACEH",1,134,73,207
https://kawalpemilu.org#1314,"ATU SINGKIH, RUSIP ANTARA, ACEH TENGAH, ACEH",2,105,59,164
https://kawalpemilu.org#1315,"PANTAN BENER, RUSIP ANTARA, ACEH TENGAH, ACEH",1,123,22,145
https://kawalpemilu.org#1316,"KERAWANG, RUSIP ANTARA, ACEH TENGAH, ACEH",1,81,51,132
https://kawalpemilu.org#1316,"KERAWANG, RUSIP ANTARA, ACEH TENGAH, ACEH",2,28,24,52
https://kawalpemilu.org#1317,"MEKAR MAJU, RUSIP ANTARA, ACEH TENGAH, ACEH",1,0,0,0
https://kawalpemilu.org#1318,"PAYA TAMPU, RUSIP ANTARA, ACEH TENGAH, ACEH",1,50,133,183
https://kawalpemilu.org#1318,"PAYA TAMPU, RUSIP ANTARA, ACEH TENGAH, ACEH",2,53,70,123
https://kawalpemilu.org#1319,"TANJUNG, RUSIP ANTARA, ACEH TENGAH, ACEH",1,88,105,193
https://kawalpemilu.org#1321,"KUALA RAWA, RUSIP ANTARA, ACEH TENGAH, ACEH",1,0,0,0
https://kawalpemilu.org#1321,"KUALA RAWA, RUSIP ANTARA, ACEH TENGAH, ACEH",2,78,22,100
https://kawalpemilu.org#84106,"MEURANDEH PAYA, RUSIP ANTARA, ACEH TENGAH, ACEH",1,34,170,204
https://kawalpemilu.org#88118,"PILAR WIH KIRI, RUSIP ANTARA, ACEH TENGAH, ACEH",1,72,81,153
https://kawalpemilu.org#88118,"PILAR WIH KIRI, RUSIP ANTARA, ACEH TENGAH, ACEH",2,57,87,144
https://kawalpemilu.org#88119,"LUT JAYA, RUSIP ANTARA, ACEH TENGAH, ACEH",1,91,60,151
https://kawalpemilu.org#1323,"MERAH MEGE, ATU LINTANG, ACEH TENGAH, ACEH",1,93,143,236
https://kawalpemilu.org#1323,"MERAH MEGE, ATU LINTANG, ACEH TENGAH, ACEH",2,124,138,262
https://kawalpemilu.org#1324,"MERAH PUPUK, ATU LINTANG, ACEH TENGAH, ACEH",1,44,109,153
https://kawalpemilu.org#1324,"MERAH PUPUK, ATU LINTANG, ACEH TENGAH, ACEH",2,72,91,163
https://kawalpemilu.org#1325,"MERAH MUYANG, ATU LINTANG, ACEH TENGAH, ACEH",1,110,124,234
https://kawalpemilu.org#1325,"MERAH MUYANG, ATU LINTANG, ACEH TENGAH, ACEH",2,119,94,213
https://kawalpemilu.org#1326,"GAYO MURNI, ATU LINTANG, ACEH TENGAH, ACEH",1,0,0,0
https://kawalpemilu.org#1326,"GAYO MURNI, ATU LINTANG, ACEH TENGAH, ACEH",2,71,67,138
https://kawalpemilu.org#1327,"KEPALA AKAL, ATU LINTANG, ACEH TENGAH, ACEH",1,80,59,139
https://kawalpemilu.org#1328,"TANOH ABU, ATU LINTANG, ACEH TENGAH, ACEH",1,100,57,157
https://kawalpemilu.org#1328,"TANOH ABU, ATU LINTANG, ACEH TENGAH, ACEH",2,72,55,127
https://kawalpemilu.org#1329,"BINTANG KEKELIP, ATU LINTANG, ACEH TENGAH, ACEH",1,74,72,146
https://kawalpemilu.org#1330,"ATU LINTANG, ATU LINTANG, ACEH TENGAH, ACEH",1,90,144,234
https://kawalpemilu.org#1330,"ATU LINTANG, ATU LINTANG, ACEH TENGAH, ACEH",2,140,81,221
https://kawalpemilu.org#1330,"ATU LINTANG, ATU LINTANG, ACEH TENGAH, ACEH",3,86,146,232
https://kawalpemilu.org#1331,"MERAH JERNANG, ATU LINTANG, ACEH TENGAH, ACEH",1,120,60,180
https://kawalpemilu.org#1331,"MERAH JERNANG, ATU LINTANG, ACEH TENGAH, ACEH",2,123,64,187
https://kawalpemilu.org#88120,"DAMAR MULYO, ATU LINTANG, ACEH TENGAH, ACEH",1,156,48,204
https://kawalpemilu.org#88120,"DAMAR MULYO, ATU LINTANG, ACEH TENGAH, ACEH",2,119,77,196
https://kawalpemilu.org#88120,"DAMAR MULYO, ATU LINTANG, ACEH TENGAH, ACEH",3,160,64,224
https://kawalpemilu.org#88121,"PANTAN DAMAR, ATU LINTANG, ACEH TENGAH, ACEH",1,54,97,151
https://kawalpemilu.org#88121,"PANTAN DAMAR, ATU LINTANG, ACEH TENGAH, ACEH",2,72,55,127
https://kawalpemilu.org#1333,"ARUL BADAK, PEGASING, ACEH TENGAH, ACEH",1,92,77,169
https://kawalpemilu.org#1333,"ARUL BADAK, PEGASING, ACEH TENGAH, ACEH",2,66,51,117
https://kawalpemilu.org#1334,"BERAWANG BARO, PEGASING, ACEH TENGAH, ACEH",1,159,108,267
https://kawalpemilu.org#1335,"GELELUNGI, PEGASING, ACEH TENGAH, ACEH",1,132,136,268
https://kawalpemilu.org#1335,"GELELUNGI, PEGASING, ACEH TENGAH, ACEH",2,77,177,254
https://kawalpemilu.org#1335,"GELELUNGI, PEGASING, ACEH TENGAH, ACEH",3,71,214,285
https://kawalpemilu.org#1336,"IE RELOP, PEGASING, ACEH TENGAH, ACEH",1,93,176,269
https://kawalpemilu.org#1336,"IE RELOP, PEGASING, ACEH TENGAH, ACEH",2,76,169,245
https://kawalpemilu.org#1337,"KAYU KUL, PEGASING, ACEH TENGAH, ACEH",2,77,144,221
https://kawalpemilu.org#1337,"KAYU KUL, PEGASING, ACEH TENGAH, ACEH",3,87,147,234
https://kawalpemilu.org#1338,"KEDELAH, PEGASING, ACEH TENGAH, ACEH",2,56,69,125
https://kawalpemilu.org#1339,"KUNG, PEGASING, ACEH TENGAH, ACEH",1,91,150,241
https://kawalpemilu.org#1339,"KUNG, PEGASING, ACEH TENGAH, ACEH",2,37,151,188
https://kawalpemilu.org#1339,"KUNG, PEGASING, ACEH TENGAH, ACEH",3,80,126,206
https://kawalpemilu.org#1340,"KUTE LINTANG, PEGASING, ACEH TENGAH, ACEH",1,85,117,202
https://kawalpemilu.org#1340,"KUTE LINTANG, PEGASING, ACEH TENGAH, ACEH",2,74,109,183
https://kawalpemilu.org#1341,"LELUMU, PEGASING, ACEH TENGAH, ACEH",1,125,48,173
https://kawalpemilu.org#1341,"LELUMU, PEGASING, ACEH TENGAH, ACEH",2,96,69,165
https://kawalpemilu.org#1342,"PAYA JEGET, PEGASING, ACEH TENGAH, ACEH",1,62,148,210
https://kawalpemilu.org#1342,"PAYA JEGET, PEGASING, ACEH TENGAH, ACEH",2,94,127,221
https://kawalpemilu.org#1343,"PEDEKOK, PEGASING, ACEH TENGAH, ACEH",1,54,112,166
https://kawalpemilu.org#1343,"PEDEKOK, PEGASING, ACEH TENGAH, ACEH",2,96,85,181
https://kawalpemilu.org#1344,"PEGASING, PEGASING, ACEH TENGAH, ACEH",1,49,92,141
https://kawalpemilu.org#1345,"PEPALANG, PEGASING, ACEH TENGAH, ACEH",1,103,92,195
https://kawalpemilu.org#1346,"SIMPANG KELAPING, PEGASING, ACEH TENGAH, ACEH",1,57,187,244
https://kawalpemilu.org#1346,"SIMPANG KELAPING, PEGASING, ACEH TENGAH, ACEH",2,81,119,200
https://kawalpemilu.org#1346,"SIMPANG KELAPING, PEGASING, ACEH TENGAH, ACEH",3,71,136,207
https://kawalpemilu.org#1346,"SIMPANG KELAPING, PEGASING, ACEH TENGAH, ACEH",4,66,133,199
https://kawalpemilu.org#1346,"SIMPANG KELAPING, PEGASING, ACEH TENGAH, ACEH",5,82,91,173
https://kawalpemilu.org#1346,"SIMPANG KELAPING, PEGASING, ACEH TENGAH, ACEH",6,153,89,242
https://kawalpemilu.org#1347,"TEBUK, PEGASING, ACEH TENGAH, ACEH",1,0,0,233
https://kawalpemilu.org#1347,"TEBUK, PEGASING, ACEH TENGAH, ACEH",2,143,92,235
https://kawalpemilu.org#1348,"TERANG ULEN, PEGASING, ACEH TENGAH, ACEH",1,109,72,181
https://kawalpemilu.org#1348,"TERANG ULEN, PEGASING, ACEH TENGAH, ACEH",2,117,49,166
https://kawalpemilu.org#1349,"UJUNG GELE, PEGASING, ACEH TENGAH, ACEH",1,70,135,205
https://kawalpemilu.org#1349,"UJUNG GELE, PEGASING, ACEH TENGAH, ACEH",2,68,147,215
https://kawalpemilu.org#1350,"UNING, PEGASING, ACEH TENGAH, ACEH",1,58,121,179
https://kawalpemilu.org#1350,"UNING, PEGASING, ACEH TENGAH, ACEH",2,35,144,179
https://kawalpemilu.org#1351,"URING, PEGASING, ACEH TENGAH, ACEH",1,90,169,259
https://kawalpemilu.org#1352,"WIH ILANG, PEGASING, ACEH TENGAH, ACEH",1,131,85,216
https://kawalpemilu.org#1352,"WIH ILANG, PEGASING, ACEH TENGAH, ACEH",2,75,69,144
https://kawalpemilu.org#1352,"WIH ILANG, PEGASING, ACEH TENGAH, ACEH",3,104,26,130
https://kawalpemilu.org#1352,"WIH ILANG, PEGASING, ACEH TENGAH, ACEH",4,83,58,141
https://kawalpemilu.org#1354,"WIH LAH, PEGASING, ACEH TENGAH, ACEH",1,145,98,243
https://kawalpemilu.org#1355,"BLANG BEBANGKA, PEGASING, ACEH TENGAH, ACEH",1,47,138,185
https://kawalpemilu.org#1356,"JEJEM, PEGASING, ACEH TENGAH, ACEH",1,63,49,112
https://kawalpemilu.org#1358,"KALA PEGASING, PEGASING, ACEH TENGAH, ACEH",1,97,87,184
https://kawalpemilu.org#1358,"KALA PEGASING, PEGASING, ACEH TENGAH, ACEH",2,58,129,187
https://kawalpemilu.org#1359,"LINUNG AYU, PEGASING, ACEH TENGAH, ACEH",1,101,35,136
https://kawalpemilu.org#1360,"PANANGAN MATA, PEGASING, ACEH TENGAH, ACEH",1,86,55,141
https://kawalpemilu.org#84107,"WIH TERJUN, PEGASING, ACEH TENGAH, ACEH",1,63,64,127
https://kawalpemilu.org#88122,"SUKA DAMAI, PEGASING, ACEH TENGAH, ACEH",1,78,142,220
https://kawalpemilu.org#1363,"ATU PAYUNG, BINTANG, ACEH TENGAH, ACEH",1,123,11,134
https://kawalpemilu.org#1364,"BALE NOSAR, BINTANG, ACEH TENGAH, ACEH",1,81,115,196
https://kawalpemilu.org#1365,"BAMIL NOSAR, BINTANG, ACEH TENGAH, ACEH",1,50,45,95
https://kawalpemilu.org#1366,"BEWANG, BINTANG, ACEH TENGAH, ACEH",1,114,84,198
https://kawalpemilu.org#1367,"DEDAMAR, BINTANG, ACEH TENGAH, ACEH",1,150,98,248
https://kawalpemilu.org#1367,"DEDAMAR, BINTANG, ACEH TENGAH, ACEH",2,153,96,249
https://kawalpemilu.org#1368,"GENUREN, BINTANG, ACEH TENGAH, ACEH",1,68,78,146
https://kawalpemilu.org#1368,"GENUREN, BINTANG, ACEH TENGAH, ACEH",2,61,70,131
https://kawalpemilu.org#1369,"KALA BINTANG, BINTANG, ACEH TENGAH, ACEH",1,108,121,229
https://kawalpemilu.org#1370,"KALA SEGI, BINTANG, ACEH TENGAH, ACEH",1,192,61,253
https://kawalpemilu.org#1371,"KEJURUN SYIAH UTAMA, BINTANG, ACEH TENGAH, ACEH",1,43,81,124
https://kawalpemilu.org#1372,"KELITU SINTEP, BINTANG, ACEH TENGAH, ACEH",1,87,45,132
https://kawalpemilu.org#1372,"KELITU SINTEP, BINTANG, ACEH TENGAH, ACEH",2,82,52,134
https://kawalpemilu.org#1373,"KUALA I, BINTANG, ACEH TENGAH, ACEH",1,77,93,170
https://kawalpemilu.org#1373,"KUALA I, BINTANG, ACEH TENGAH, ACEH",2,89,96,185
https://kawalpemilu.org#1373,"KUALA I, BINTANG, ACEH TENGAH, ACEH",3,72,92,164
https://kawalpemilu.org#1374,"KUALA II, BINTANG, ACEH TENGAH, ACEH",1,108,103,211
https://kawalpemilu.org#1374,"KUALA II, BINTANG, ACEH TENGAH, ACEH",2,108,70,178
https://kawalpemilu.org#1374,"KUALA II, BINTANG, ACEH TENGAH, ACEH",3,97,85,182
https://kawalpemilu.org#1375,"LINUNG BULEN I, BINTANG, ACEH TENGAH, ACEH",1,149,59,208
https://kawalpemilu.org#1375,"LINUNG BULEN I, BINTANG, ACEH TENGAH, ACEH",2,128,60,188
https://kawalpemilu.org#1376,"LINUNG BULEN II, BINTANG, ACEH TENGAH, ACEH",1,151,107,258
https://kawalpemilu.org#1376,"LINUNG BULEN II, BINTANG, ACEH TENGAH, ACEH",2,116,117,233
https://kawalpemilu.org#1377,"MENGAYA, BINTANG, ACEH TENGAH, ACEH",1,149,122,271
https://kawalpemilu.org#1378,"MUDE NOSAR, BINTANG, ACEH TENGAH, ACEH",1,81,145,226
https://kawalpemilu.org#1379,"SERULE, BINTANG, ACEH TENGAH, ACEH",1,165,81,246
https://kawalpemilu.org#1380,"WAKIL JALIL, BINTANG, ACEH TENGAH, ACEH",1,86,93,179
https://kawalpemilu.org#1380,"WAKIL JALIL, BINTANG, ACEH TENGAH, ACEH",2,84,96,180
https://kawalpemilu.org#1381,"WIHLAH SETIE, BINTANG, ACEH TENGAH, ACEH",1,103,32,135
https://kawalpemilu.org#1382,"SINTEP, BINTANG, ACEH TENGAH, ACEH",1,78,45,123
https://kawalpemilu.org#1383,"GEGARANG, BINTANG, ACEH TENGAH, ACEH",1,51,50,101
https://kawalpemilu.org#1384,"JAMUR KONYEL, BINTANG, ACEH TENGAH, ACEH",1,124,38,162
https://kawalpemilu.org#1385,"MERODOT, BINTANG, ACEH TENGAH, ACEH",1,101,100,201
https://kawalpemilu.org#88123,"GELE PULO, BINTANG, ACEH TENGAH, ACEH",1,71,63,134
https://kawalpemilu.org#88123,"GELE PULO, BINTANG, ACEH TENGAH, ACEH",2,80,55,135
https://kawalpemilu.org#1387,"MERAH SAID, JAGONG JEGET, ACEH TENGAH, ACEH",1,102,122,224
https://kawalpemilu.org#1388,"BERAWANG DEWAL, JAGONG JEGET, ACEH TENGAH, ACEH",1,130,85,215
https://kawalpemilu.org#1390,"TELEGE SARI, JAGONG JEGET, ACEH TENGAH, ACEH",1,104,125,229
https://kawalpemilu.org#1390,"TELEGE SARI, JAGONG JEGET, ACEH TENGAH, ACEH",2,117,118,235
https://kawalpemilu.org#1391,"JEGET AYU, JAGONG JEGET, ACEH TENGAH, ACEH",1,85,135,220
https://kawalpemilu.org#1391,"JEGET AYU, JAGONG JEGET, ACEH TENGAH, ACEH",2,97,92,189
https://kawalpemilu.org#1391,"JEGET AYU, JAGONG JEGET, ACEH TENGAH, ACEH",4,87,115,202
https://kawalpemilu.org#1391,"JEGET AYU, JAGONG JEGET, ACEH TENGAH, ACEH",5,71,134,205
https://kawalpemilu.org#1393,"JAGONG JEGET, JAGONG JEGET, ACEH TENGAH, ACEH",1,77,136,213
https://kawalpemilu.org#1393,"JAGONG JEGET, JAGONG JEGET, ACEH TENGAH, ACEH",2,53,150,203
https://kawalpemilu.org#1393,"JAGONG JEGET, JAGONG JEGET, ACEH TENGAH, ACEH",3,56,151,207
https://kawalpemilu.org#1393,"JAGONG JEGET, JAGONG JEGET, ACEH TENGAH, ACEH",4,49,147,196
https://kawalpemilu.org#84108,"PAYA TUNGEL, JAGONG JEGET, ACEH TENGAH, ACEH",1,128,90,218
https://kawalpemilu.org#84108,"PAYA TUNGEL, JAGONG JEGET, ACEH TENGAH, ACEH",2,123,77,200
https://kawalpemilu.org#84108,"PAYA TUNGEL, JAGONG JEGET, ACEH TENGAH, ACEH",3,116,92,208
https://kawalpemilu.org#84108,"PAYA TUNGEL, JAGONG JEGET, ACEH TENGAH, ACEH",4,115,93,208
https://kawalpemilu.org#88099,"PAYA DEDEP, JAGONG JEGET, ACEH TENGAH, ACEH",1,113,121,234
https://kawalpemilu.org#88099,"PAYA DEDEP, JAGONG JEGET, ACEH TENGAH, ACEH",2,135,98,233
https://kawalpemilu.org#88100,"GEGARANG, JAGONG JEGET, ACEH TENGAH, ACEH",1,127,108,235
https://kawalpemilu.org#88100,"GEGARANG, JAGONG JEGET, ACEH TENGAH, ACEH",2,103,113,216
https://kawalpemilu.org#88100,"GEGARANG, JAGONG JEGET, ACEH TENGAH, ACEH",3,97,111,208
https://kawalpemilu.org#88101,"BUKIT SARI, JAGONG JEGET, ACEH TENGAH, ACEH",1,61,73,134
https://kawalpemilu.org#88101,"BUKIT SARI, JAGONG JEGET, ACEH TENGAH, ACEH",2,66,62,128
https://kawalpemilu.org#88102,"BUKIT KEMUNING, JAGONG JEGET, ACEH TENGAH, ACEH",1,139,125,264
https://kawalpemilu.org#88102,"BUKIT KEMUNING, JAGONG JEGET, ACEH TENGAH, ACEH",2,140,90,230
https://kawalpemilu.org#88102,"BUKIT KEMUNING, JAGONG JEGET, ACEH TENGAH, ACEH",3,114,96,210
https://kawalpemilu.org#1395,"BAH, KETOL, ACEH TENGAH, ACEH",1,133,94,227
https://kawalpemilu.org#1395,"BAH, KETOL, ACEH TENGAH, ACEH",2,98,51,149
https://kawalpemilu.org#1396,"BLANG MANCUNG, KETOL, ACEH TENGAH, ACEH",1,40,127,167
https://kawalpemilu.org#1396,"BLANG MANCUNG, KETOL, ACEH TENGAH, ACEH",2,32,136,168
https://kawalpemilu.org#1396,"BLANG MANCUNG, KETOL, ACEH TENGAH, ACEH",3,34,160,194
https://kawalpemilu.org#1396,"BLANG MANCUNG, KETOL, ACEH TENGAH, ACEH",4,49,134,183
https://kawalpemilu.org#1396,"BLANG MANCUNG, KETOL, ACEH TENGAH, ACEH",5,52,125,177
https://kawalpemilu.org#1396,"BLANG MANCUNG, KETOL, ACEH TENGAH, ACEH",6,36,128,164
https://kawalpemilu.org#1397,"BINTANG PEPARA, KETOL, ACEH TENGAH, ACEH",1,34,69,103
https://kawalpemilu.org#1398,"BURLAH, KETOL, ACEH TENGAH, ACEH",1,62,85,147
https://kawalpemilu.org#1399,"BUTER, KETOL, ACEH TENGAH, ACEH",1,68,117,185
https://kawalpemilu.org#1399,"BUTER, KETOL, ACEH TENGAH, ACEH",2,55,107,162
https://kawalpemilu.org#1400,"CANG DURI, KETOL, ACEH TENGAH, ACEH",1,28,133,161
https://kawalpemilu.org#1400,"CANG DURI, KETOL, ACEH TENGAH, ACEH",2,71,147,218
https://kawalpemilu.org#1401,"GELUMPANG PAYUNG, KETOL, ACEH TENGAH, ACEH",1,34,109,146
https://kawalpemilu.org#1401,"GELUMPANG PAYUNG, KETOL, ACEH TENGAH, ACEH",2,65,125,190
https://kawalpemilu.org#1402,"JALUK, KETOL, ACEH TENGAH, ACEH",1,48,214,262
https://kawalpemilu.org#1402,"JALUK, KETOL, ACEH TENGAH, ACEH",2,39,109,148
https://kawalpemilu.org#1402,"JALUK, KETOL, ACEH TENGAH, ACEH",3,22,140,162
https://kawalpemilu.org#1403,"KALA KETOL, KETOL, ACEH TENGAH, ACEH",1,84,104,188
https://kawalpemilu.org#1403,"KALA KETOL, KETOL, ACEH TENGAH, ACEH",2,23,52,75
https://kawalpemilu.org#1404,"KARANG AMPAR, KETOL, ACEH TENGAH, ACEH",1,82,52,134
https://kawalpemilu.org#1404,"KARANG AMPAR, KETOL, ACEH TENGAH, ACEH",2,62,68,130
https://kawalpemilu.org#1405,"KEKUYANG, KETOL, ACEH TENGAH, ACEH",1,53,122,175
https://kawalpemilu.org#1405,"KEKUYANG, KETOL, ACEH TENGAH, ACEH",2,73,102,175
https://kawalpemilu.org#1405,"KEKUYANG, KETOL, ACEH TENGAH, ACEH",3,78,41,119
https://kawalpemilu.org#1405,"KEKUYANG, KETOL, ACEH TENGAH, ACEH",4,31,49,86
https://kawalpemilu.org#1406,"KUTE GELIME, KETOL, ACEH TENGAH, ACEH",1,68,112,180
https://kawalpemilu.org#1406,"KUTE GELIME, KETOL, ACEH TENGAH, ACEH",2,37,147,184
https://kawalpemilu.org#1407,"PANTAN PENYO, KETOL, ACEH TENGAH, ACEH",1,109,63,172
https://kawalpemilu.org#1408,"PANTAN REDUK, KETOL, ACEH TENGAH, ACEH",1,48,96,144
https://kawalpemilu.org#1408,"PANTAN REDUK, KETOL, ACEH TENGAH, ACEH",2,37,83,120
https://kawalpemilu.org#1409,"PONDOK BALIK, KETOL, ACEH TENGAH, ACEH",1,112,96,208
https://kawalpemilu.org#1409,"PONDOK BALIK, KETOL, ACEH TENGAH, ACEH",2,130,108,238
https://kawalpemilu.org#1410,"REJEWALI, KETOL, ACEH TENGAH, ACEH",1,62,154,216
https://kawalpemilu.org#1410,"REJEWALI, KETOL, ACEH TENGAH, ACEH",2,137,79,216
https://kawalpemilu.org#1411,"SEREMPAH, KETOL, ACEH TENGAH, ACEH",1,55,146,201
https://kawalpemilu.org#1412,"BERGANG, KETOL, ACEH TENGAH, ACEH",1,60,44,104
https://kawalpemilu.org#1412,"BERGANG, KETOL, ACEH TENGAH, ACEH",2,27,109,136
https://kawalpemilu.org#1413,"BLANG MANCUNG BAWAH, KETOL, ACEH TENGAH, ACEH",1,80,132,212
https://kawalpemilu.org#1413,"BLANG MANCUNG BAWAH, KETOL, ACEH TENGAH, ACEH",2,76,117,193
https://kawalpemilu.org#1414,"BUGE ARA, KETOL, ACEH TENGAH, ACEH",1,119,110,229
https://kawalpemilu.org#1415,"GENTING BULEN, KETOL, ACEH TENGAH, ACEH",1,100,121,221
https://kawalpemilu.org#1416,"JALAN TENGAH, KETOL, ACEH TENGAH, ACEH",1,111,51,162
https://kawalpemilu.org#1416,"JALAN TENGAH, KETOL, ACEH TENGAH, ACEH",2,119,48,167
https://kawalpemilu.org#1416,"JALAN TENGAH, KETOL, ACEH TENGAH, ACEH",3,99,69,168
https://kawalpemilu.org#1417,"JERATA, KETOL, ACEH TENGAH, ACEH",1,70,132,202
https://kawalpemilu.org#1418,"SELON, KETOL, ACEH TENGAH, ACEH",1,78,69,147
https://kawalpemilu.org#1418,"SELON, KETOL, ACEH TENGAH, ACEH",2,50,86,136
https://kawalpemilu.org#1419,"SIMPANG JULI, KETOL, ACEH TENGAH, ACEH",1,51,91,142
https://kawalpemilu.org#1419,"SIMPANG JULI, KETOL, ACEH TENGAH, ACEH",2,56,79,135
https://kawalpemilu.org#1421,"BUKIT SAMA, KEBAYAKAN, ACEH TENGAH, ACEH",1,57,72,129
https://kawalpemilu.org#1421,"BUKIT SAMA, KEBAYAKAN, ACEH TENGAH, ACEH",2,95,61,156
https://kawalpemilu.org#1422,"GUNUNG BUKIT, KEBAYAKAN, ACEH TENGAH, ACEH",1,54,158,212
https://kawalpemilu.org#1422,"GUNUNG BUKIT, KEBAYAKAN, ACEH TENGAH, ACEH",2,37,133,170
https://kawalpemilu.org#1422,"GUNUNG BUKIT, KEBAYAKAN, ACEH TENGAH, ACEH",3,30,162,192
https://kawalpemilu.org#1423,"JONGOK MELUEM, KEBAYAKAN, ACEH TENGAH, ACEH",1,34,151,185
https://kawalpemilu.org#1423,"JONGOK MELUEM, KEBAYAKAN, ACEH TENGAH, ACEH",2,42,130,172
https://kawalpemilu.org#1423,"JONGOK MELUEM, KEBAYAKAN, ACEH TENGAH, ACEH",3,78,170,248
https://kawalpemilu.org#1424,"KELUPAK MATA, KEBAYAKAN, ACEH TENGAH, ACEH",1,90,147,237
https://kawalpemilu.org#1424,"KELUPAK MATA, KEBAYAKAN, ACEH TENGAH, ACEH",2,99,90,189
https://kawalpemilu.org#1425,"LOT KALA, KEBAYAKAN, ACEH TENGAH, ACEH",1,62,173,235
https://kawalpemilu.org#1425,"LOT KALA, KEBAYAKAN, ACEH TENGAH, ACEH",2,98,116,214
https://kawalpemilu.org#1425,"LOT KALA, KEBAYAKAN, ACEH TENGAH, ACEH",3,51,140,191
https://kawalpemilu.org#1425,"LOT KALA, KEBAYAKAN, ACEH TENGAH, ACEH",4,45,127,172
https://kawalpemilu.org#1426,"MENDALE, KEBAYAKAN, ACEH TENGAH, ACEH",1,61,184,245
https://kawalpemilu.org#1426,"MENDALE, KEBAYAKAN, ACEH TENGAH, ACEH",2,56,47,103
https://kawalpemilu.org#1426,"MENDALE, KEBAYAKAN, ACEH TENGAH, ACEH",3,48,98,146
https://kawalpemilu.org#1427,"PAYA REJE TAMI DALEM, KEBAYAKAN, ACEH TENGAH, ACEH",1,82,104,186
https://kawalpemilu.org#1427,"PAYA REJE TAMI DALEM, KEBAYAKAN, ACEH TENGAH, ACEH",2,15,72,87
https://kawalpemilu.org#1429,"PINANGAN, KEBAYAKAN, ACEH TENGAH, ACEH",1,46,194,240
https://kawalpemilu.org#1429,"PINANGAN, KEBAYAKAN, ACEH TENGAH, ACEH",2,65,168,233
https://kawalpemilu.org#1429,"PINANGAN, KEBAYAKAN, ACEH TENGAH, ACEH",4,67,163,230
https://kawalpemilu.org#1429,"PINANGAN, KEBAYAKAN, ACEH TENGAH, ACEH",5,64,146,210
https://kawalpemilu.org#1430,"GUNUNG BALOHEN, KEBAYAKAN, ACEH TENGAH, ACEH",1,76,135,211
https://kawalpemilu.org#1430,"GUNUNG BALOHEN, KEBAYAKAN, ACEH TENGAH, ACEH",2,59,154,213
https://kawalpemilu.org#1431,"KUTE LOT, KEBAYAKAN, ACEH TENGAH, ACEH",1,48,169,217
https://kawalpemilu.org#1431,"KUTE LOT, KEBAYAKAN, ACEH TENGAH, ACEH",2,48,161,209
https://kawalpemilu.org#1431,"KUTE LOT, KEBAYAKAN, ACEH TENGAH, ACEH",3,56,153,209
https://kawalpemilu.org#1431,"KUTE LOT, KEBAYAKAN, ACEH TENGAH, ACEH",4,41,142,183
https://kawalpemilu.org#1432,"BUKIT, KEBAYAKAN, ACEH TENGAH, ACEH",1,42,97,139
https://kawalpemilu.org#1432,"BUKIT, KEBAYAKAN, ACEH TENGAH, ACEH",2,33,164,197
https://kawalpemilu.org#1433,"BUKIT IWIH TAMI DELEM, KEBAYAKAN, ACEH TENGAH, ACEH",1,45,172,217
https://kawalpemilu.org#1433,"BUKIT IWIH TAMI DELEM, KEBAYAKAN, ACEH TENGAH, ACEH",2,86,125,211
https://kawalpemilu.org#1434,"GUNUNG BAHGIE, KEBAYAKAN, ACEH TENGAH, ACEH",1,65,140,205
https://kawalpemilu.org#1434,"GUNUNG BAHGIE, KEBAYAKAN, ACEH TENGAH, ACEH",2,39,61,100
https://kawalpemilu.org#1435,"KALA LENGKIO, KEBAYAKAN, ACEH TENGAH, ACEH",1,35,115,150
https://kawalpemilu.org#1435,"KALA LENGKIO, KEBAYAKAN, ACEH TENGAH, ACEH",2,49,135,184
https://kawalpemilu.org#1437,"PAYA TUMPI BARU, KEBAYAKAN, ACEH TENGAH, ACEH",1,69,101,170
https://kawalpemilu.org#1437,"PAYA TUMPI BARU, KEBAYAKAN, ACEH TENGAH, ACEH",2,47,142,189
https://kawalpemilu.org#1437,"PAYA TUMPI BARU, KEBAYAKAN, ACEH TENGAH, ACEH",3,82,95,177
https://kawalpemilu.org#1438,"PAYA TUMPI I, KEBAYAKAN, ACEH TENGAH, ACEH",1,76,137,213
https://kawalpemilu.org#1438,"PAYA TUMPI I, KEBAYAKAN, ACEH TENGAH, ACEH",2,21,87,108
https://kawalpemilu.org#1439,"TIMANGAN GADING, KEBAYAKAN, ACEH TENGAH, ACEH",1,49,185,234
https://kawalpemilu.org#1439,"TIMANGAN GADING, KEBAYAKAN, ACEH TENGAH, ACEH",2,44,154,198
https://kawalpemilu.org#1439,"TIMANGAN GADING, KEBAYAKAN, ACEH TENGAH, ACEH",3,64,145,209
https://kawalpemilu.org#1439,"TIMANGAN GADING, KEBAYAKAN, ACEH TENGAH, ACEH",4,74,123,197
https://kawalpemilu.org#84109,"JONGKOK BATHIN, KEBAYAKAN, ACEH TENGAH, ACEH",1,66,192,258
https://kawalpemilu.org#84110,"TELEGE ATU, KEBAYAKAN, ACEH TENGAH, ACEH",1,26,84,110
https://kawalpemilu.org#1441,"ATU GOGOP, KUTE PANANG, ACEH TENGAH, ACEH",1,26,140,166
https://kawalpemilu.org#1441,"ATU GOGOP, KUTE PANANG, ACEH TENGAH, ACEH",2,16,92,108
https://kawalpemilu.org#1442,"BALIK, KUTE PANANG, ACEH TENGAH, ACEH",1,78,87,165
https://kawalpemilu.org#1442,"BALIK, KUTE PANANG, ACEH TENGAH, ACEH",2,81,72,153
https://kawalpemilu.org#1443,"BUTER BALIK, KUTE PANANG, ACEH TENGAH, ACEH",1,116,109,225
https://kawalpemilu.org#1444,"DEDINGIN, KUTE PANANG, ACEH TENGAH, ACEH",1,55,85,140
https://kawalpemilu.org#1445,"KUTE PANANG, KUTE PANANG, ACEH TENGAH, ACEH",1,69,90,159
https://kawalpemilu.org#1446,"LUKUB SABUN, KUTE PANANG, ACEH TENGAH, ACEH",1,82,174,256
https://kawalpemilu.org#1447,"PANTAN SILE, KUTE PANANG, ACEH TENGAH, ACEH",1,75,189,264
https://kawalpemilu.org#1448,"RATA WALI, KUTE PANANG, ACEH TENGAH, ACEH",1,78,193,271
https://kawalpemilu.org#1449,"SEGENE BALIK, KUTE PANANG, ACEH TENGAH, ACEH",1,117,110,227
https://kawalpemilu.org#1450,"TAPAK MOGE, KUTE PANANG, ACEH TENGAH, ACEH",1,153,76,229
https://kawalpemilu.org#1451,"TAWAR MIKO, KUTE PANANG, ACEH TENGAH, ACEH",1,69,122,191
https://kawalpemilu.org#1452,"TAWARDI, KUTE PANANG, ACEH TENGAH, ACEH",1,48,135,183
https://kawalpemilu.org#1453,"TIMANG RASA, KUTE PANANG, ACEH TENGAH, ACEH",1,67,169,236
https://kawalpemilu.org#1455,"BUKIT RATA, KUTE PANANG, ACEH TENGAH, ACEH",1,6,63,69
https://kawalpemilu.org#1456,"LUKUB SABUN BARAT, KUTE PANANG, ACEH TENGAH, ACEH",1,111,113,224
https://kawalpemilu.org#1457,"LUKUB SABUN TENGAH, KUTE PANANG, ACEH TENGAH, ACEH",1,61,93,154
https://kawalpemilu.org#1458,"LUKUB SABUN TIMUR, KUTE PANANG, ACEH TENGAH, ACEH",1,75,186,261
https://kawalpemilu.org#88103,"WIH NONGKAL TOA, KUTE PANANG, ACEH TENGAH, ACEH",1,92,110,202
https://kawalpemilu.org#88104,"TAPAK MOGE TIMUR, KUTE PANANG, ACEH TENGAH, ACEH",1,136,95,231
https://kawalpemilu.org#88105,"EMPU BALIK, KUTE PANANG, ACEH TENGAH, ACEH",1,147,116,263
https://kawalpemilu.org#88106,"BLANG BALIK, KUTE PANANG, ACEH TENGAH, ACEH",1,111,85,196
https://kawalpemilu.org#88107,"KALA NONGKAL, KUTE PANANG, ACEH TENGAH, ACEH",1,9,34,43
https://kawalpemilu.org#88108,"PANTAN JERIK, KUTE PANANG, ACEH TENGAH, ACEH",1,87,98,185
https://kawalpemilu.org#1460,"ARUL GADING, CELALA, ACEH TENGAH, ACEH",1,43,104,147
https://kawalpemilu.org#1460,"ARUL GADING, CELALA, ACEH TENGAH, ACEH",2,65,90,155
https://kawalpemilu.org#1461,"BLANG KEKUMUR, CELALA, ACEH TENGAH, ACEH",1,71,131,202
https://kawalpemilu.org#1461,"BLANG KEKUMUR, CELALA, ACEH TENGAH, ACEH",2,55,133,188
https://kawalpemilu.org#1462,"BERAWANG GADING, CELALA, ACEH TENGAH, ACEH",1,78,134,212
https://kawalpemilu.org#1462,"BERAWANG GADING, CELALA, ACEH TENGAH, ACEH",2,86,118,204
https://kawalpemilu.org#1463,"CELALA, CELALA, ACEH TENGAH, ACEH",1,65,136,201
https://kawalpemilu.org#1463,"CELALA, CELALA, ACEH TENGAH, ACEH",2,73,109,182
https://kawalpemilu.org#1464,"CIBRO, CELALA, ACEH TENGAH, ACEH",1,87,83,170
https://kawalpemilu.org#1464,"CIBRO, CELALA, ACEH TENGAH, ACEH",2,73,106,179
https://kawalpemilu.org#1465,"KUYUN, CELALA, ACEH TENGAH, ACEH",1,82,126,208
https://kawalpemilu.org#1465,"KUYUN, CELALA, ACEH TENGAH, ACEH",2,138,92,230
https://kawalpemilu.org#1465,"KUYUN, CELALA, ACEH TENGAH, ACEH",3,114,53,167
https://kawalpemilu.org#1466,"KUYUN TOA, CELALA, ACEH TENGAH, ACEH",1,132,145,277
https://kawalpemilu.org#1467,"KUYUN UKEN, CELALA, ACEH TENGAH, ACEH",1,108,40,148
https://kawalpemilu.org#1467,"KUYUN UKEN, CELALA, ACEH TENGAH, ACEH",2,123,69,192
https://kawalpemilu.org#1467,"KUYUN UKEN, CELALA, ACEH TENGAH, ACEH",3,112,49,161
https://kawalpemilu.org#1468,"MAKMUR, CELALA, ACEH TENGAH, ACEH",1,60,67,127
https://kawalpemilu.org#1469,"MELALA, CELALA, ACEH TENGAH, ACEH",1,131,88,219
https://kawalpemilu.org#1469,"MELALA, CELALA, ACEH TENGAH, ACEH",2,134,109,243
https://kawalpemilu.org#1470,"PAYA KOLAK, CELALA, ACEH TENGAH, ACEH",1,56,170,226
https://kawalpemilu.org#1470,"PAYA KOLAK, CELALA, ACEH TENGAH, ACEH",2,76,78,154
https://kawalpemilu.org#1470,"PAYA KOLAK, CELALA, ACEH TENGAH, ACEH",3,47,102,149
https://kawalpemilu.org#1470,"PAYA KOLAK, CELALA, ACEH TENGAH, ACEH",4,59,156,215
https://kawalpemilu.org#1471,"RAMUNG ARA, CELALA, ACEH TENGAH, ACEH",1,104,89,193
https://kawalpemilu.org#1472,"SEPAKAT, CELALA, ACEH TENGAH, ACEH",1,67,102,169
https://kawalpemilu.org#1473,"TANOH DEPET, CELALA, ACEH TENGAH, ACEH",1,109,88,197
https://kawalpemilu.org#1473,"TANOH DEPET, CELALA, ACEH TENGAH, ACEH",2,48,86,134
https://kawalpemilu.org#1474,"UNING BERAWANG RAMUNG, CELALA, ACEH TENGAH, ACEH",1,76,119,195
https://kawalpemilu.org#1475,"BLANG DELEM, CELALA, ACEH TENGAH, ACEH",1,84,90,174
https://kawalpemilu.org#1475,"BLANG DELEM, CELALA, ACEH TENGAH, ACEH",2,75,68,143
https://kawalpemilu.org#88109,"DEPET INDAH, CELALA, ACEH TENGAH, ACEH",1,129,80,209
https://kawalpemilu.org#1477,"TAKENGON TIMUR, LUT TAWAR, ACEH TENGAH, ACEH",1,54,72,126
https://kawalpemilu.org#1477,"TAKENGON TIMUR, LUT TAWAR, ACEH TENGAH, ACEH",2,49,76,125
https://kawalpemilu.org#1477,"TAKENGON TIMUR, LUT TAWAR, ACEH TENGAH, ACEH",3,44,120,164
https://kawalpemilu.org#1477,"TAKENGON TIMUR, LUT TAWAR, ACEH TENGAH, ACEH",4,42,168,210
https://kawalpemilu.org#1477,"TAKENGON TIMUR, LUT TAWAR, ACEH TENGAH, ACEH",5,38,201,239
https://kawalpemilu.org#1477,"TAKENGON TIMUR, LUT TAWAR, ACEH TENGAH, ACEH",6,56,195,251
https://kawalpemilu.org#1477,"TAKENGON TIMUR, LUT TAWAR, ACEH TENGAH, ACEH",7,44,248,292
https://kawalpemilu.org#1477,"TAKENGON TIMUR, LUT TAWAR, ACEH TENGAH, ACEH",8,22,242,264
https://kawalpemilu.org#1477,"TAKENGON TIMUR, LUT TAWAR, ACEH TENGAH, ACEH",9,43,227,270
https://kawalpemilu.org#1477,"TAKENGON TIMUR, LUT TAWAR, ACEH TENGAH, ACEH",10,52,252,304
https://kawalpemilu.org#1477,"TAKENGON TIMUR, LUT TAWAR, ACEH TENGAH, ACEH",11,37,267,304
https://kawalpemilu.org#1478,"ASIR ASIR, LUT TAWAR, ACEH TENGAH, ACEH",1,82,165,247
https://kawalpemilu.org#1478,"ASIR ASIR, LUT TAWAR, ACEH TENGAH, ACEH",2,58,225,283
https://kawalpemilu.org#1478,"ASIR ASIR, LUT TAWAR, ACEH TENGAH, ACEH",3,86,168,254
https://kawalpemilu.org#1478,"ASIR ASIR, LUT TAWAR, ACEH TENGAH, ACEH",4,81,188,269
https://kawalpemilu.org#1479,"ASIR ASIR ASIA, LUT TAWAR, ACEH TENGAH, ACEH",1,73,155,228
https://kawalpemilu.org#1479,"ASIR ASIR ASIA, LUT TAWAR, ACEH TENGAH, ACEH",2,80,145,225
https://kawalpemilu.org#1479,"ASIR ASIR ASIA, LUT TAWAR, ACEH TENGAH, ACEH",3,71,128,199
https://kawalpemilu.org#1480,"BALE ATU, LUT TAWAR, ACEH TENGAH, ACEH",1,35,115,150
https://kawalpemilu.org#1480,"BALE ATU, LUT TAWAR, ACEH TENGAH, ACEH",2,28,101,129
https://kawalpemilu.org#1480,"BALE ATU, LUT TAWAR, ACEH TENGAH, ACEH",3,76,167,243
https://kawalpemilu.org#1480,"BALE ATU, LUT TAWAR, ACEH TENGAH, ACEH",4,81,178,259
https://kawalpemilu.org#1480,"BALE ATU, LUT TAWAR, ACEH TENGAH, ACEH",5,26,100,126
https://kawalpemilu.org#1480,"BALE ATU, LUT TAWAR, ACEH TENGAH, ACEH",6,48,119,167
https://kawalpemilu.org#1481,"BUJANG, LUT TAWAR, ACEH TENGAH, ACEH",1,41,144,185
https://kawalpemilu.org#1481,"BUJANG, LUT TAWAR, ACEH TENGAH, ACEH",2,49,109,158
https://kawalpemilu.org#1482,"GUNUNG SUKU, LUT TAWAR, ACEH TENGAH, ACEH",1,62,106,168
https://kawalpemilu.org#1482,"GUNUNG SUKU, LUT TAWAR, ACEH TENGAH, ACEH",2,50,108,158
https://kawalpemilu.org#1483,"HAKIM BALE BUJANG, LUT TAWAR, ACEH TENGAH, ACEH",1,87,194,281
https://kawalpemilu.org#1483,"HAKIM BALE BUJANG, LUT TAWAR, ACEH TENGAH, ACEH",2,71,122,193
https://kawalpemilu.org#1483,"HAKIM BALE BUJANG, LUT TAWAR, ACEH TENGAH, ACEH",3,62,202,264
https://kawalpemilu.org#1483,"HAKIM BALE BUJANG, LUT TAWAR, ACEH TENGAH, ACEH",4,69,166,235
https://kawalpemilu.org#1483,"HAKIM BALE BUJANG, LUT TAWAR, ACEH TENGAH, ACEH",5,30,94,124
https://kawalpemilu.org#1484,"KENAWAT, LUT TAWAR, ACEH TENGAH, ACEH",1,110,170,280
https://kawalpemilu.org#1484,"KENAWAT, LUT TAWAR, ACEH TENGAH, ACEH",2,117,115,232
https://kawalpemilu.org#1484,"KENAWAT, LUT TAWAR, ACEH TENGAH, ACEH",3,101,96,197
https://kawalpemilu.org#1485,"KUTENI REJE, LUT TAWAR, ACEH TENGAH, ACEH",1,59,137,196
https://kawalpemilu.org#1485,"KUTENI REJE, LUT TAWAR, ACEH TENGAH, ACEH",2,62,83,145
https://kawalpemilu.org#1486,"PEDEMUN ONE ONE, LUT TAWAR, ACEH TENGAH, ACEH",1,75,145,220
https://kawalpemilu.org#1487,"RAWE, LUT TAWAR, ACEH TENGAH, ACEH",1,84,47,131
https://kawalpemilu.org#1487,"RAWE, LUT TAWAR, ACEH TENGAH, ACEH",2,50,23,73
https://kawalpemilu.org#1488,"TAKENGON BARAT, LUT TAWAR, ACEH TENGAH, ACEH",1,52,165,217
https://kawalpemilu.org#1488,"TAKENGON BARAT, LUT TAWAR, ACEH TENGAH, ACEH",2,64,161,225
https://kawalpemilu.org#1489,"TOWEREN ANTARA, LUT TAWAR, ACEH TENGAH, ACEH",1,44,128,172
https://kawalpemilu.org#1489,"TOWEREN ANTARA, LUT TAWAR, ACEH TENGAH, ACEH",2,36,145,181
https://kawalpemilu.org#1490,"TOWERAN TOA, LUT TAWAR, ACEH TENGAH, ACEH",1,61,100,161
https://kawalpemilu.org#1490,"TOWERAN TOA, LUT TAWAR, ACEH TENGAH, ACEH",2,42,106,148
https://kawalpemilu.org#1491,"TOWEREN UKEN, LUT TAWAR, ACEH TENGAH, ACEH",1,29,137,166
https://kawalpemilu.org#1491,"TOWEREN UKEN, LUT TAWAR, ACEH TENGAH, ACEH",2,30,97,127
https://kawalpemilu.org#88110,"MERAH MERSA, LUT TAWAR, ACEH TENGAH, ACEH",1,36,95,131
https://kawalpemilu.org#88110,"MERAH MERSA, LUT TAWAR, ACEH TENGAH, ACEH",2,40,100,140
https://kawalpemilu.org#88111,"TELUK ONE-ONE, LUT TAWAR, ACEH TENGAH, ACEH",1,83,125,208
https://kawalpemilu.org#88112,"WAQ TOWEREN, LUT TAWAR, ACEH TENGAH, ACEH",1,54,185,239
https://kawalpemilu.org#1494,"SUAK INDRAPURI, JOHAN PAHWALAN, ACEH BARAT, ACEH",1,22,138,160
https://kawalpemilu.org#1494,"SUAK INDRAPURI, JOHAN PAHWALAN, ACEH BARAT, ACEH",2,34,122,156
https://kawalpemilu.org#1495,"KAMPUNG BELAKANG, JOHAN PAHWALAN, ACEH BARAT, ACEH",1,15,130,145
https://kawalpemilu.org#1495,"KAMPUNG BELAKANG, JOHAN PAHWALAN, ACEH BARAT, ACEH",2,31,194,225
https://kawalpemilu.org#1495,"KAMPUNG BELAKANG, JOHAN PAHWALAN, ACEH BARAT, ACEH",3,19,108,127
https://kawalpemilu.org#1495,"KAMPUNG BELAKANG, JOHAN PAHWALAN, ACEH BARAT, ACEH",4,27,176,203
https://kawalpemilu.org#1495,"KAMPUNG BELAKANG, JOHAN PAHWALAN, ACEH BARAT, ACEH",5,52,181,233
https://kawalpemilu.org#1495,"KAMPUNG BELAKANG, JOHAN PAHWALAN, ACEH BARAT, ACEH",6,52,166,218
https://kawalpemilu.org#1496,"UJUNG KALAK, JOHAN PAHWALAN, ACEH BARAT, ACEH",1,31,126,157
https://kawalpemilu.org#1496,"UJUNG KALAK, JOHAN PAHWALAN, ACEH BARAT, ACEH",2,26,117,0
https://kawalpemilu.org#1496,"UJUNG KALAK, JOHAN PAHWALAN, ACEH BARAT, ACEH",3,30,188,218
https://kawalpemilu.org#1496,"UJUNG KALAK, JOHAN PAHWALAN, ACEH BARAT, ACEH",4,30,152,182
https://kawalpemilu.org#1496,"UJUNG KALAK, JOHAN PAHWALAN, ACEH BARAT, ACEH",5,34,184,218
https://kawalpemilu.org#1496,"UJUNG KALAK, JOHAN PAHWALAN, ACEH BARAT, ACEH",6,38,163,201
https://kawalpemilu.org#1496,"UJUNG KALAK, JOHAN PAHWALAN, ACEH BARAT, ACEH",7,36,194,230
https://kawalpemilu.org#1496,"UJUNG KALAK, JOHAN PAHWALAN, ACEH BARAT, ACEH",8,25,231,256
https://kawalpemilu.org#1496,"UJUNG KALAK, JOHAN PAHWALAN, ACEH BARAT, ACEH",9,30,188,218
https://kawalpemilu.org#1496,"UJUNG KALAK, JOHAN PAHWALAN, ACEH BARAT, ACEH",10,27,117,144
https://kawalpemilu.org#1496,"UJUNG KALAK, JOHAN PAHWALAN, ACEH BARAT, ACEH",11,43,112,155
https://kawalpemilu.org#1497,"KUTA PADANG, JOHAN PAHWALAN, ACEH BARAT, ACEH",1,93,108,201
https://kawalpemilu.org#1497,"KUTA PADANG, JOHAN PAHWALAN, ACEH BARAT, ACEH",2,80,102,182
https://kawalpemilu.org#1497,"KUTA PADANG, JOHAN PAHWALAN, ACEH BARAT, ACEH",3,21,200,221
https://kawalpemilu.org#1497,"KUTA PADANG, JOHAN PAHWALAN, ACEH BARAT, ACEH",4,24,197,221
https://kawalpemilu.org#1497,"KUTA PADANG, JOHAN PAHWALAN, ACEH BARAT, ACEH",5,9,201,210
https://kawalpemilu.org#1497,"KUTA PADANG, JOHAN PAHWALAN, ACEH BARAT, ACEH",6,17,182,199
https://kawalpemilu.org#1497,"KUTA PADANG, JOHAN PAHWALAN, ACEH BARAT, ACEH",7,15,182,197
https://kawalpemilu.org#1497,"KUTA PADANG, JOHAN PAHWALAN, ACEH BARAT, ACEH",8,22,222,244
https://kawalpemilu.org#1497,"KUTA PADANG, JOHAN PAHWALAN, ACEH BARAT, ACEH",9,33,205,238
https://kawalpemilu.org#1497,"KUTA PADANG, JOHAN PAHWALAN, ACEH BARAT, ACEH",10,27,191,218
https://kawalpemilu.org#1497,"KUTA PADANG, JOHAN PAHWALAN, ACEH BARAT, ACEH",11,20,207,227
https://kawalpemilu.org#1497,"KUTA PADANG, JOHAN PAHWALAN, ACEH BARAT, ACEH",12,27,189,216
https://kawalpemilu.org#1497,"KUTA PADANG, JOHAN PAHWALAN, ACEH BARAT, ACEH",13,29,180,209
https://kawalpemilu.org#1497,"KUTA PADANG, JOHAN PAHWALAN, ACEH BARAT, ACEH",14,25,195,220
https://kawalpemilu.org#1498,"UJONG BAROH, JOHAN PAHWALAN, ACEH BARAT, ACEH",1,34,187,221
https://kawalpemilu.org#1498,"UJONG BAROH, JOHAN PAHWALAN, ACEH BARAT, ACEH",2,19,202,221
https://kawalpemilu.org#1498,"UJONG BAROH, JOHAN PAHWALAN, ACEH BARAT, ACEH",3,19,164,183
https://kawalpemilu.org#1498,"UJONG BAROH, JOHAN PAHWALAN, ACEH BARAT, ACEH",4,23,147,170
https://kawalpemilu.org#1498,"UJONG BAROH, JOHAN PAHWALAN, ACEH BARAT, ACEH",5,34,194,228
https://kawalpemilu.org#1498,"UJONG BAROH, JOHAN PAHWALAN, ACEH BARAT, ACEH",6,44,129,173
https://kawalpemilu.org#1498,"UJONG BAROH, JOHAN PAHWALAN, ACEH BARAT, ACEH",7,25,175,202
https://kawalpemilu.org#1498,"UJONG BAROH, JOHAN PAHWALAN, ACEH BARAT, ACEH",8,26,202,228
https://kawalpemilu.org#1498,"UJONG BAROH, JOHAN PAHWALAN, ACEH BARAT, ACEH",9,27,202,229
https://kawalpemilu.org#1498,"UJONG BAROH, JOHAN PAHWALAN, ACEH BARAT, ACEH",10,28,154,182
https://kawalpemilu.org#1498,"UJONG BAROH, JOHAN PAHWALAN, ACEH BARAT, ACEH",11,18,195,213
https://kawalpemilu.org#1498,"UJONG BAROH, JOHAN PAHWALAN, ACEH BARAT, ACEH",12,13,118,131
https://kawalpemilu.org#1498,"UJONG BAROH, JOHAN PAHWALAN, ACEH BARAT, ACEH",13,27,226,253
https://kawalpemilu.org#1498,"UJONG BAROH, JOHAN PAHWALAN, ACEH BARAT, ACEH",14,37,149,186
https://kawalpemilu.org#1498,"UJONG BAROH, JOHAN PAHWALAN, ACEH BARAT, ACEH",15,31,186,217
https://kawalpemilu.org#1498,"UJONG BAROH, JOHAN PAHWALAN, ACEH BARAT, ACEH",16,15,206,221
https://kawalpemilu.org#1499,"RUNDENG, JOHAN PAHWALAN, ACEH BARAT, ACEH",1,25,222,247
https://kawalpemilu.org#1499,"RUNDENG, JOHAN PAHWALAN, ACEH BARAT, ACEH",2,16,178,194
https://kawalpemilu.org#1499,"RUNDENG, JOHAN PAHWALAN, ACEH BARAT, ACEH",3,31,183,214
https://kawalpemilu.org#1499,"RUNDENG, JOHAN PAHWALAN, ACEH BARAT, ACEH",4,30,217,247
https://kawalpemilu.org#1499,"RUNDENG, JOHAN PAHWALAN, ACEH BARAT, ACEH",5,26,167,193
https://kawalpemilu.org#1499,"RUNDENG, JOHAN PAHWALAN, ACEH BARAT, ACEH",6,36,181,217
https://kawalpemilu.org#1499,"RUNDENG, JOHAN PAHWALAN, ACEH BARAT, ACEH",7,35,146,181
https://kawalpemilu.org#1499,"RUNDENG, JOHAN PAHWALAN, ACEH BARAT, ACEH",8,42,197,239
https://kawalpemilu.org#1500,"DRIEN RAMPAK, JOHAN PAHWALAN, ACEH BARAT, ACEH",1,26,249,275
https://kawalpemilu.org#1500,"DRIEN RAMPAK, JOHAN PAHWALAN, ACEH BARAT, ACEH",2,45,208,253
https://kawalpemilu.org#1500,"DRIEN RAMPAK, JOHAN PAHWALAN, ACEH BARAT, ACEH",3,27,219,246
https://kawalpemilu.org#1500,"DRIEN RAMPAK, JOHAN PAHWALAN, ACEH BARAT, ACEH",4,15,211,226
https://kawalpemilu.org#1500,"DRIEN RAMPAK, JOHAN PAHWALAN, ACEH BARAT, ACEH",5,15,211,226
https://kawalpemilu.org#1500,"DRIEN RAMPAK, JOHAN PAHWALAN, ACEH BARAT, ACEH",6,27,222,249
https://kawalpemilu.org#1500,"DRIEN RAMPAK, JOHAN PAHWALAN, ACEH BARAT, ACEH",7,11,205,216
https://kawalpemilu.org#1500,"DRIEN RAMPAK, JOHAN PAHWALAN, ACEH BARAT, ACEH",8,18,204,222
https://kawalpemilu.org#1500,"DRIEN RAMPAK, JOHAN PAHWALAN, ACEH BARAT, ACEH",9,22,237,259
https://kawalpemilu.org#1500,"DRIEN RAMPAK, JOHAN PAHWALAN, ACEH BARAT, ACEH",10,15,218,233
https://kawalpemilu.org#1500,"DRIEN RAMPAK, JOHAN PAHWALAN, ACEH BARAT, ACEH",11,30,182,212
https://kawalpemilu.org#1500,"DRIEN RAMPAK, JOHAN PAHWALAN, ACEH BARAT, ACEH",12,24,197,221
https://kawalpemilu.org#1500,"DRIEN RAMPAK, JOHAN PAHWALAN, ACEH BARAT, ACEH",13,27,208,235
https://kawalpemilu.org#1500,"DRIEN RAMPAK, JOHAN PAHWALAN, ACEH BARAT, ACEH",14,23,229,252
https://kawalpemilu.org#1500,"DRIEN RAMPAK, JOHAN PAHWALAN, ACEH BARAT, ACEH",15,39,213,252
https://kawalpemilu.org#1500,"DRIEN RAMPAK, JOHAN PAHWALAN, ACEH BARAT, ACEH",16,9,106,115
https://kawalpemilu.org#1501,"LAPANG, JOHAN PAHWALAN, ACEH BARAT, ACEH",1,26,183,209
https://kawalpemilu.org#1501,"LAPANG, JOHAN PAHWALAN, ACEH BARAT, ACEH",2,19,212,231
https://kawalpemilu.org#1501,"LAPANG, JOHAN PAHWALAN, ACEH BARAT, ACEH",3,32,195,227
https://kawalpemilu.org#1501,"LAPANG, JOHAN PAHWALAN, ACEH BARAT, ACEH",4,41,210,251
https://kawalpemilu.org#1501,"LAPANG, JOHAN PAHWALAN, ACEH BARAT, ACEH",5,21,227,248
https://kawalpemilu.org#1501,"LAPANG, JOHAN PAHWALAN, ACEH BARAT, ACEH",6,17,218,235
https://kawalpemilu.org#1501,"LAPANG, JOHAN PAHWALAN, ACEH BARAT, ACEH",7,24,194,218
https://kawalpemilu.org#1501,"LAPANG, JOHAN PAHWALAN, ACEH BARAT, ACEH",8,21,225,246
https://kawalpemilu.org#1501,"LAPANG, JOHAN PAHWALAN, ACEH BARAT, ACEH",9,23,192,220
https://kawalpemilu.org#1501,"LAPANG, JOHAN PAHWALAN, ACEH BARAT, ACEH",10,17,187,204
https://kawalpemilu.org#1501,"LAPANG, JOHAN PAHWALAN, ACEH BARAT, ACEH",11,24,168,192
https://kawalpemilu.org#1501,"LAPANG, JOHAN PAHWALAN, ACEH BARAT, ACEH",12,9,163,172
https://kawalpemilu.org#1501,"LAPANG, JOHAN PAHWALAN, ACEH BARAT, ACEH",13,12,155,167
https://kawalpemilu.org#1501,"LAPANG, JOHAN PAHWALAN, ACEH BARAT, ACEH",14,12,72,84
https://kawalpemilu.org#1502,"KAMPUNG PASIR, JOHAN PAHWALAN, ACEH BARAT, ACEH",1,33,178,211
https://kawalpemilu.org#1503,"PASAR ACEH, JOHAN PAHWALAN, ACEH BARAT, ACEH",1,95,53,148
https://kawalpemilu.org#1504,"PADANG SEURAHET, JOHAN PAHWALAN, ACEH BARAT, ACEH",1,9,220,229
https://kawalpemilu.org#1504,"PADANG SEURAHET, JOHAN PAHWALAN, ACEH BARAT, ACEH",2,24,208,232
https://kawalpemilu.org#1504,"PADANG SEURAHET, JOHAN PAHWALAN, ACEH BARAT, ACEH",3,25,216,241
https://kawalpemilu.org#1504,"PADANG SEURAHET, JOHAN PAHWALAN, ACEH BARAT, ACEH",4,32,137,169
https://kawalpemilu.org#1504,"PADANG SEURAHET, JOHAN PAHWALAN, ACEH BARAT, ACEH",5,33,147,180
https://kawalpemilu.org#1504,"PADANG SEURAHET, JOHAN PAHWALAN, ACEH BARAT, ACEH",6,31,191,222
https://kawalpemilu.org#1504,"PADANG SEURAHET, JOHAN PAHWALAN, ACEH BARAT, ACEH",7,19,174,193
https://kawalpemilu.org#1505,"PANGGONG, JOHAN PAHWALAN, ACEH BARAT, ACEH",1,31,144,175
https://kawalpemilu.org#1505,"PANGGONG, JOHAN PAHWALAN, ACEH BARAT, ACEH",2,32,173,205
https://kawalpemilu.org#1505,"PANGGONG, JOHAN PAHWALAN, ACEH BARAT, ACEH",3,20,143,163
https://kawalpemilu.org#1506,"SEUNEUBOK, JOHAN PAHWALAN, ACEH BARAT, ACEH",1,12,177,189
https://kawalpemilu.org#1506,"SEUNEUBOK, JOHAN PAHWALAN, ACEH BARAT, ACEH",2,16,176,192
https://kawalpemilu.org#1506,"SEUNEUBOK, JOHAN PAHWALAN, ACEH BARAT, ACEH",3,16,168,184
https://kawalpemilu.org#1506,"SEUNEUBOK, JOHAN PAHWALAN, ACEH BARAT, ACEH",4,9,186,195
https://kawalpemilu.org#1506,"SEUNEUBOK, JOHAN PAHWALAN, ACEH BARAT, ACEH",5,14,238,252
https://kawalpemilu.org#1506,"SEUNEUBOK, JOHAN PAHWALAN, ACEH BARAT, ACEH",6,19,225,244
https://kawalpemilu.org#1506,"SEUNEUBOK, JOHAN PAHWALAN, ACEH BARAT, ACEH",7,18,205,223
https://kawalpemilu.org#1506,"SEUNEUBOK, JOHAN PAHWALAN, ACEH BARAT, ACEH",8,22,178,200
https://kawalpemilu.org#1506,"SEUNEUBOK, JOHAN PAHWALAN, ACEH BARAT, ACEH",9,18,174,192
https://kawalpemilu.org#1506,"SEUNEUBOK, JOHAN PAHWALAN, ACEH BARAT, ACEH",10,27,217,244
https://kawalpemilu.org#1506,"SEUNEUBOK, JOHAN PAHWALAN, ACEH BARAT, ACEH",11,0,0,0
https://kawalpemilu.org#1506,"SEUNEUBOK, JOHAN PAHWALAN, ACEH BARAT, ACEH",12,20,214,234
https://kawalpemilu.org#1506,"SEUNEUBOK, JOHAN PAHWALAN, ACEH BARAT, ACEH",13,25,176,201
https://kawalpemilu.org#1506,"SEUNEUBOK, JOHAN PAHWALAN, ACEH BARAT, ACEH",14,27,186,213
https://kawalpemilu.org#1507,"KAMPUNG DARAT, JOHAN PAHWALAN, ACEH BARAT, ACEH",1,27,182,209
https://kawalpemilu.org#1507,"KAMPUNG DARAT, JOHAN PAHWALAN, ACEH BARAT, ACEH",2,32,182,214
https://kawalpemilu.org#1508,"GAMPA, JOHAN PAHWALAN, ACEH BARAT, ACEH",1,33,159,192
https://kawalpemilu.org#1508,"GAMPA, JOHAN PAHWALAN, ACEH BARAT, ACEH",2,25,219,244
https://kawalpemilu.org#1508,"GAMPA, JOHAN PAHWALAN, ACEH BARAT, ACEH",3,29,205,234
https://kawalpemilu.org#1508,"GAMPA, JOHAN PAHWALAN, ACEH BARAT, ACEH",4,16,180,196
https://kawalpemilu.org#1508,"GAMPA, JOHAN PAHWALAN, ACEH BARAT, ACEH",5,30,196,226
https://kawalpemilu.org#1508,"GAMPA, JOHAN PAHWALAN, ACEH BARAT, ACEH",6,31,188,219
https://kawalpemilu.org#1508,"GAMPA, JOHAN PAHWALAN, ACEH BARAT, ACEH",7,22,190,212
https://kawalpemilu.org#1508,"GAMPA, JOHAN PAHWALAN, ACEH BARAT, ACEH",8,24,207,231
https://kawalpemilu.org#1509,"BLANG BERANDANG, JOHAN PAHWALAN, ACEH BARAT, ACEH",1,45,223,268
https://kawalpemilu.org#1509,"BLANG BERANDANG, JOHAN PAHWALAN, ACEH BARAT, ACEH",2,23,198,221
https://kawalpemilu.org#1509,"BLANG BERANDANG, JOHAN PAHWALAN, ACEH BARAT, ACEH",3,30,160,190
https://kawalpemilu.org#1509,"BLANG BERANDANG, JOHAN PAHWALAN, ACEH BARAT, ACEH",4,37,177,207
https://kawalpemilu.org#1509,"BLANG BERANDANG, JOHAN PAHWALAN, ACEH BARAT, ACEH",5,5,82,87
https://kawalpemilu.org#1509,"BLANG BERANDANG, JOHAN PAHWALAN, ACEH BARAT, ACEH",6,29,157,186
https://kawalpemilu.org#1509,"BLANG BERANDANG, JOHAN PAHWALAN, ACEH BARAT, ACEH",7,18,182,18
https://kawalpemilu.org#1509,"BLANG BERANDANG, JOHAN PAHWALAN, ACEH BARAT, ACEH",8,30,216,246
https://kawalpemilu.org#1509,"BLANG BERANDANG, JOHAN PAHWALAN, ACEH BARAT, ACEH",9,43,205,248
https://kawalpemilu.org#1509,"BLANG BERANDANG, JOHAN PAHWALAN, ACEH BARAT, ACEH",10,38,167,205
https://kawalpemilu.org#1510,"SUAK RIBEE, JOHAN PAHWALAN, ACEH BARAT, ACEH",1,28,218,246
https://kawalpemilu.org#1510,"SUAK RIBEE, JOHAN PAHWALAN, ACEH BARAT, ACEH",2,28,218,246
https://kawalpemilu.org#1510,"SUAK RIBEE, JOHAN PAHWALAN, ACEH BARAT, ACEH",3,32,166,198
https://kawalpemilu.org#1510,"SUAK RIBEE, JOHAN PAHWALAN, ACEH BARAT, ACEH",4,25,199,224
https://kawalpemilu.org#1510,"SUAK RIBEE, JOHAN PAHWALAN, ACEH BARAT, ACEH",5,49,176,225
https://kawalpemilu.org#1510,"SUAK RIBEE, JOHAN PAHWALAN, ACEH BARAT, ACEH",6,30,182,212
https://kawalpemilu.org#1510,"SUAK RIBEE, JOHAN PAHWALAN, ACEH BARAT, ACEH",7,34,177,211
https://kawalpemilu.org#1511,"SUAK RAYA, JOHAN PAHWALAN, ACEH BARAT, ACEH",1,25,231,256
https://kawalpemilu.org#1511,"SUAK RAYA, JOHAN PAHWALAN, ACEH BARAT, ACEH",2,18,228,246
https://kawalpemilu.org#1511,"SUAK RAYA, JOHAN PAHWALAN, ACEH BARAT, ACEH",3,19,224,243
https://kawalpemilu.org#1512,"SUAK NIE, JOHAN PAHWALAN, ACEH BARAT, ACEH",1,15,91,106
https://kawalpemilu.org#1513,"LEUHAN, JOHAN PAHWALAN, ACEH BARAT, ACEH",1,19,209,228
https://kawalpemilu.org#1513,"LEUHAN, JOHAN PAHWALAN, ACEH BARAT, ACEH",2,22,190,212
https://kawalpemilu.org#1513,"LEUHAN, JOHAN PAHWALAN, ACEH BARAT, ACEH",3,31,186,217
https://kawalpemilu.org#1513,"LEUHAN, JOHAN PAHWALAN, ACEH BARAT, ACEH",4,40,186,226
https://kawalpemilu.org#1513,"LEUHAN, JOHAN PAHWALAN, ACEH BARAT, ACEH",5,27,148,175
https://kawalpemilu.org#1513,"LEUHAN, JOHAN PAHWALAN, ACEH BARAT, ACEH",6,19,160,179
https://kawalpemilu.org#1513,"LEUHAN, JOHAN PAHWALAN, ACEH BARAT, ACEH",7,37,187,224
https://kawalpemilu.org#1513,"LEUHAN, JOHAN PAHWALAN, ACEH BARAT, ACEH",8,22,178,200
https://kawalpemilu.org#1513,"LEUHAN, JOHAN PAHWALAN, ACEH BARAT, ACEH",9,18,166,184
https://kawalpemilu.org#1513,"LEUHAN, JOHAN PAHWALAN, ACEH BARAT, ACEH",10,20,198,218
https://kawalpemilu.org#1514,"SUAK SIGADENG, JOHAN PAHWALAN, ACEH BARAT, ACEH",1,14,148,162
https://kawalpemilu.org#1514,"SUAK SIGADENG, JOHAN PAHWALAN, ACEH BARAT, ACEH",2,23,132,155
https://kawalpemilu.org#1516,"KEUDE ARON, KAWAY XVI, ACEH BARAT, ACEH",1,26,166,192
https://kawalpemilu.org#1516,"KEUDE ARON, KAWAY XVI, ACEH BARAT, ACEH",2,35,169,204
https://kawalpemilu.org#1517,"MESJID, KAWAY XVI, ACEH BARAT, ACEH",1,27,230,257
https://kawalpemilu.org#1517,"MESJID, KAWAY XVI, ACEH BARAT, ACEH",2,22,215,237
https://kawalpemilu.org#1518,"PADANG MANCANG, KAWAY XVI, ACEH BARAT, ACEH",1,18,152,170
https://kawalpemilu.org#1518,"PADANG MANCANG, KAWAY XVI, ACEH BARAT, ACEH",2,19,136,155
https://kawalpemilu.org#1519,"MEUNASAH BULOH, KAWAY XVI, ACEH BARAT, ACEH",1,23,102,125
https://kawalpemilu.org#1519,"MEUNASAH BULOH, KAWAY XVI, ACEH BARAT, ACEH",2,23,129,152
https://kawalpemilu.org#1520,"ALUE TAMPAK, KAWAY XVI, ACEH BARAT, ACEH",1,34,162,196
https://kawalpemilu.org#1520,"ALUE TAMPAK, KAWAY XVI, ACEH BARAT, ACEH",2,29,163,192
https://kawalpemilu.org#1520,"ALUE TAMPAK, KAWAY XVI, ACEH BARAT, ACEH",3,29,168,197
https://kawalpemilu.org#1520,"ALUE TAMPAK, KAWAY XVI, ACEH BARAT, ACEH",4,33,176,209
https://kawalpemilu.org#1521,"BEUREUGANG, KAWAY XVI, ACEH BARAT, ACEH",1,16,164,180
https://kawalpemilu.org#1521,"BEUREUGANG, KAWAY XVI, ACEH BARAT, ACEH",2,12,181,193
https://kawalpemilu.org#1521,"BEUREUGANG, KAWAY XVI, ACEH BARAT, ACEH",3,16,174,190
https://kawalpemilu.org#1522,"MAREK, KAWAY XVI, ACEH BARAT, ACEH",1,30,222,252
https://kawalpemilu.org#1523,"PASI JAMBU, KAWAY XVI, ACEH BARAT, ACEH",1,28,196,224
https://kawalpemilu.org#1523,"PASI JAMBU, KAWAY XVI, ACEH BARAT, ACEH",2,36,186,222
https://kawalpemilu.org#1524,"MEUNASAH ARA, KAWAY XVI, ACEH BARAT, ACEH",1,8,142,150
https://kawalpemilu.org#1525,"MEUNASAH RAYEUK, KAWAY XVI, ACEH BARAT, ACEH",1,9,211,220
https://kawalpemilu.org#1525,"MEUNASAH RAYEUK, KAWAY XVI, ACEH BARAT, ACEH",2,14,186,200
https://kawalpemilu.org#1526,"SIMPANG, KAWAY XVI, ACEH BARAT, ACEH",1,40,208,248
https://kawalpemilu.org#1527,"PEUNIA, KAWAY XVI, ACEH BARAT, ACEH",1,26,159,185
https://kawalpemilu.org#1527,"PEUNIA, KAWAY XVI, ACEH BARAT, ACEH",2,28,185,213
https://kawalpemilu.org#1528,"TUMPOK LADANG, KAWAY XVI, ACEH BARAT, ACEH",1,14,137,151
https://kawalpemilu.org#1528,"TUMPOK LADANG, KAWAY XVI, ACEH BARAT, ACEH",2,15,142,157
https://kawalpemilu.org#1529,"PASI TEUNGOH, KAWAY XVI, ACEH BARAT, ACEH",1,23,158,181
https://kawalpemilu.org#1529,"PASI TEUNGOH, KAWAY XVI, ACEH BARAT, ACEH",2,21,146,167
https://kawalpemilu.org#1530,"PUTIM, KAWAY XVI, ACEH BARAT, ACEH",1,27,232,259
https://kawalpemilu.org#1531,"MEUNASAH RAMBOT, KAWAY XVI, ACEH BARAT, ACEH",1,29,97,126
https://kawalpemilu.org#1531,"MEUNASAH RAMBOT, KAWAY XVI, ACEH BARAT, ACEH",2,29,133,162
https://kawalpemilu.org#1532,"PASI JEUMPA, KAWAY XVI, ACEH BARAT, ACEH",1,10,125,135
https://kawalpemilu.org#1532,"PASI JEUMPA, KAWAY XVI, ACEH BARAT, ACEH",2,14,125,139
https://kawalpemilu.org#1533,"PALIMBUNGAN, KAWAY XVI, ACEH BARAT, ACEH",1,50,121,171
https://kawalpemilu.org#1534,"MUKO, KAWAY XVI, ACEH BARAT, ACEH",1,8,92,100
https://kawalpemilu.org#1535,"MEUNASAH GANTUNG, KAWAY XVI, ACEH BARAT, ACEH",1,44,189,233
https://kawalpemilu.org#1536,"BLANG GEUNANG, KAWAY XVI, ACEH BARAT, ACEH",1,48,185,233
https://kawalpemilu.org#1537,"PUUK, KAWAY XVI, ACEH BARAT, ACEH",1,21,124,145
https://kawalpemilu.org#1538,"TANJONG BUNGA, KAWAY XVI, ACEH BARAT, ACEH",1,44,220,264
https://kawalpemilu.org#1539,"ALUE ON, KAWAY XVI, ACEH BARAT, ACEH",1,67,141,208
https://kawalpemilu.org#1540,"TANJONG MEULABOH, KAWAY XVI, ACEH BARAT, ACEH",1,50,147,197
https://kawalpemilu.org#1541,"KEUDE TANJONG, KAWAY XVI, ACEH BARAT, ACEH",1,16,130,146
https://kawalpemilu.org#1541,"KEUDE TANJONG, KAWAY XVI, ACEH BARAT, ACEH",2,34,120,154
https://kawalpemilu.org#1542,"PUNGKIE, KAWAY XVI, ACEH BARAT, ACEH",1,16,158,174
https://kawalpemilu.org#1542,"PUNGKIE, KAWAY XVI, ACEH BARAT, ACEH",2,15,159,174
https://kawalpemilu.org#1543,"PUCOK PUNGKIE, KAWAY XVI, ACEH BARAT, ACEH",1,40,72,112
https://kawalpemilu.org#1544,"TEULADAN, KAWAY XVI, ACEH BARAT, ACEH",1,60,118,178
https://kawalpemilu.org#1545,"PASI ARA, KAWAY XVI, ACEH BARAT, ACEH",1,62,135,197
https://kawalpemilu.org#1546,"MENUANG TANJONG, KAWAY XVI, ACEH BARAT, ACEH",1,10,127,137
https://kawalpemilu.org#1546,"MENUANG TANJONG, KAWAY XVI, ACEH BARAT, ACEH",2,8,120,128
https://kawalpemilu.org#1547,"ALUE LHEE, KAWAY XVI, ACEH BARAT, ACEH",1,69,75,144
https://kawalpemilu.org#1548,"BLANG DALAM, KAWAY XVI, ACEH BARAT, ACEH",1,30,109,139
https://kawalpemilu.org#1549,"TEUPIN PANAH, KAWAY XVI, ACEH BARAT, ACEH",1,37,108,145
https://kawalpemilu.org#1549,"TEUPIN PANAH, KAWAY XVI, ACEH BARAT, ACEH",2,36,100,136
https://kawalpemilu.org#1550,"DRIEN CALEE, KAWAY XVI, ACEH BARAT, ACEH",1,70,73,143
https://kawalpemilu.org#1551,"ALUE PEUDEUNG, KAWAY XVI, ACEH BARAT, ACEH",1,41,118,159
https://kawalpemilu.org#1551,"ALUE PEUDEUNG, KAWAY XVI, ACEH BARAT, ACEH",2,32,133,165
https://kawalpemilu.org#1552,"PASI MEUGAT, KAWAY XVI, ACEH BARAT, ACEH",1,7,152,159
https://kawalpemilu.org#1552,"PASI MEUGAT, KAWAY XVI, ACEH BARAT, ACEH",2,8,116,124
https://kawalpemilu.org#1553,"BABAH MEULABOH, KAWAY XVI, ACEH BARAT, ACEH",1,5,108,113
https://kawalpemilu.org#1554,"PASI KUMBANG, KAWAY XVI, ACEH BARAT, ACEH",1,38,158,196
https://kawalpemilu.org#1554,"PASI KUMBANG, KAWAY XVI, ACEH BARAT, ACEH",2,35,149,184
https://kawalpemilu.org#1555,"PADANG SIKABU, KAWAY XVI, ACEH BARAT, ACEH",1,40,207,247
https://kawalpemilu.org#1555,"PADANG SIKABU, KAWAY XVI, ACEH BARAT, ACEH",2,23,179,202
https://kawalpemilu.org#1555,"PADANG SIKABU, KAWAY XVI, ACEH BARAT, ACEH",3,31,218,249
https://kawalpemilu.org#1555,"PADANG SIKABU, KAWAY XVI, ACEH BARAT, ACEH",4,78,118,196
https://kawalpemilu.org#1556,"SAWANG TEUBEE, KAWAY XVI, ACEH BARAT, ACEH",1,32,230,262
https://kawalpemilu.org#1556,"SAWANG TEUBEE, KAWAY XVI, ACEH BARAT, ACEH",2,25,219,244
https://kawalpemilu.org#1557,"ALUE LHOK, KAWAY XVI, ACEH BARAT, ACEH",2,23,133,156
https://kawalpemilu.org#1558,"KEURAMAT, KAWAY XVI, ACEH BARAT, ACEH",1,30,156,186
https://kawalpemilu.org#1560,"TUNGKOP, SUNGAI MAS, ACEH BARAT, ACEH",1,8,133,141
https://kawalpemilu.org#1560,"TUNGKOP, SUNGAI MAS, ACEH BARAT, ACEH",2,8,129,137
https://kawalpemilu.org#1561,"SAKUY, SUNGAI MAS, ACEH BARAT, ACEH",1,4,71,75
https://kawalpemilu.org#1562,"KAJEUNG, SUNGAI MAS, ACEH BARAT, ACEH",1,7,178,185
https://kawalpemilu.org#1562,"KAJEUNG, SUNGAI MAS, ACEH BARAT, ACEH",2,6,102,108
https://kawalpemilu.org#1563,"GEUDONG, SUNGAI MAS, ACEH BARAT, ACEH",1,12,210,222
https://kawalpemilu.org#1564,"SARAH PERLAK, SUNGAI MAS, ACEH BARAT, ACEH",1,18,101,119
https://kawalpemilu.org#1565,"TUTUT, SUNGAI MAS, ACEH BARAT, ACEH",1,4,177,181
https://kawalpemilu.org#1566,"DRIEN SIBAK, SUNGAI MAS, ACEH BARAT, ACEH",1,3,60,63
https://kawalpemilu.org#1567,"TUWI SAYA, SUNGAI MAS, ACEH BARAT, ACEH",1,4,62,66
https://kawalpemilu.org#1568,"LANCONG, SUNGAI MAS, ACEH BARAT, ACEH",1,49,165,214
https://kawalpemilu.org#1569,"SIPOT, SUNGAI MAS, ACEH BARAT, ACEH",1,9,86,95
https://kawalpemilu.org#1571,"GUNONG BULOH, SUNGAI MAS, ACEH BARAT, ACEH",1,6,56,62
https://kawalpemilu.org#1573,"LEUBOK BEUTONG, SUNGAI MAS, ACEH BARAT, ACEH",1,6,89,95
https://kawalpemilu.org#1574,"GLEUNG, SUNGAI MAS, ACEH BARAT, ACEH",1,4,147,151
https://kawalpemilu.org#1574,"GLEUNG, SUNGAI MAS, ACEH BARAT, ACEH",2,9,145,154
https://kawalpemilu.org#1575,"TANOH MIRAH, SUNGAI MAS, ACEH BARAT, ACEH",1,9,177,186
https://kawalpemilu.org#1576,"GASEU, SUNGAI MAS, ACEH BARAT, ACEH",1,11,132,143
https://kawalpemilu.org#88315,"LUENG BARO, SUNGAI MAS, ACEH BARAT, ACEH",1,4,41,45
https://kawalpemilu.org#1578,"KUALA BHEE, WOYLA, ACEH BARAT, ACEH",1,13,140,153
https://kawalpemilu.org#1578,"KUALA BHEE, WOYLA, ACEH BARAT, ACEH",2,20,148,168
https://kawalpemilu.org#1578,"KUALA BHEE, WOYLA, ACEH BARAT, ACEH",3,18,202,220
https://kawalpemilu.org#1579,"PASI LUNAK, WOYLA, ACEH BARAT, ACEH",1,13,162,175
https://kawalpemilu.org#1580,"PASI ACEH, WOYLA, ACEH BARAT, ACEH",1,14,232,246
https://kawalpemilu.org#1580,"PASI ACEH, WOYLA, ACEH BARAT, ACEH",2,18,230,248
https://kawalpemilu.org#1581,"ARON TUNONG, WOYLA, ACEH BARAT, ACEH",1,9,197,206
https://kawalpemilu.org#1582,"ARON BAROH, WOYLA, ACEH BARAT, ACEH",1,2,120,122
https://kawalpemilu.org#1583,"PASI PANDAN, WOYLA, ACEH BARAT, ACEH",1,11,89,100
https://kawalpemilu.org#1584,"RANTO PANYANG, WOYLA, ACEH BARAT, ACEH",1,40,142,182
https://kawalpemilu.org#1585,"GEMPA RAYA, WOYLA, ACEH BARAT, ACEH",1,17,188,205
https://kawalpemilu.org#1586,"PADANG JAWA, WOYLA, ACEH BARAT, ACEH",1,13,128,141
https://kawalpemilu.org#1586,"PADANG JAWA, WOYLA, ACEH BARAT, ACEH",2,13,149,162
https://kawalpemilu.org#1587,"IE ITAM TUNONG, WOYLA, ACEH BARAT, ACEH",1,12,234,246
https://kawalpemilu.org#1588,"IE ITAM BAROH, WOYLA, ACEH BARAT, ACEH",1,13,129,142
https://kawalpemilu.org#1588,"IE ITAM BAROH, WOYLA, ACEH BARAT, ACEH",2,13,106,119
https://kawalpemilu.org#1589,"TINGKEUM PANYANG, WOYLA, ACEH BARAT, ACEH",1,21,196,217
https://kawalpemilu.org#1590,"LHUNG TGK YAH, WOYLA, ACEH BARAT, ACEH",1,6,101,107
https://kawalpemilu.org#1591,"LUENG TANOH THO, WOYLA, ACEH BARAT, ACEH",1,16,175,191
https://kawalpemilu.org#1591,"LUENG TANOH THO, WOYLA, ACEH BARAT, ACEH",2,25,173,198
https://kawalpemilu.org#1592,"GUNUNG RAMBONG, WOYLA, ACEH BARAT, ACEH",1,8,115,123
https://kawalpemilu.org#1593,"DRIN MANGKO, WOYLA, ACEH BARAT, ACEH",1,15,179,194
https://kawalpemilu.org#1594,"GUNUNG HAMPA, WOYLA, ACEH BARAT, ACEH",1,1,75,76
https://kawalpemilu.org#1595,"LUENG JAWA, WOYLA, ACEH BARAT, ACEH",1,9,147,156
https://kawalpemilu.org#1596,"BLANG MEE, WOYLA, ACEH BARAT, ACEH",1,21,150,171
https://kawalpemilu.org#1596,"BLANG MEE, WOYLA, ACEH BARAT, ACEH",2,6,152,158
https://kawalpemilu.org#1597,"ALUE BLANG, WOYLA, ACEH BARAT, ACEH",1,5,98,103
https://kawalpemilu.org#1598,"PAYA DUA, WOYLA, ACEH BARAT, ACEH",1,32,102,134
https://kawalpemilu.org#1598,"PAYA DUA, WOYLA, ACEH BARAT, ACEH",2,25,142,167
https://kawalpemilu.org#1599,"PAYA LUAH, WOYLA, ACEH BARAT, ACEH",1,17,112,129
https://kawalpemilu.org#1599,"PAYA LUAH, WOYLA, ACEH BARAT, ACEH",2,55,90,145
https://kawalpemilu.org#1600,"PASI ARA KB, WOYLA, ACEH BARAT, ACEH",1,9,166,175
https://kawalpemilu.org#1601,"ALUE SIKAYA, WOYLA, ACEH BARAT, ACEH",1,24,204,228
https://kawalpemilu.org#1602,"DARUL HUDA, WOYLA, ACEH BARAT, ACEH",1,9,110,119
https://kawalpemilu.org#1603,"KEULEUMBAH, WOYLA, ACEH BARAT, ACEH",1,20,209,229
https://kawalpemilu.org#1604,"JAWA, WOYLA, ACEH BARAT, ACEH",1,18,111,129
https://kawalpemilu.org#1605,"PULO IE, WOYLA, ACEH BARAT, ACEH",1,16,90,106
https://kawalpemilu.org#1606,"ALUE PANYANG, WOYLA, ACEH BARAT, ACEH",1,12,122,134
https://kawalpemilu.org#1607,"COT KEUMUDEE, WOYLA, ACEH BARAT, ACEH",1,11,148,159
https://kawalpemilu.org#1608,"SEUMANTOK, WOYLA, ACEH BARAT, ACEH",1,16,142,158
https://kawalpemilu.org#1609,"COT SITUAH, WOYLA, ACEH BARAT, ACEH",1,6,110,116
https://kawalpemilu.org#1610,"JAWI, WOYLA, ACEH BARAT, ACEH",1,10,172,182
https://kawalpemilu.org#1611,"PANTON, WOYLA, ACEH BARAT, ACEH",1,16,104,120
https://kawalpemilu.org#1612,"PASI BIRAH, WOYLA, ACEH BARAT, ACEH",1,15,112,127
https://kawalpemilu.org#1613,"ALUE SUNDAK, WOYLA, ACEH BARAT, ACEH",1,6,58,64
https://kawalpemilu.org#1614,"TEUMAROM, WOYLA, ACEH BARAT, ACEH",1,9,100,109
https://kawalpemilu.org#1615,"COT MURONG, WOYLA, ACEH BARAT, ACEH",1,49,130,179
https://kawalpemilu.org#1616,"GLEE SIBLAH, WOYLA, ACEH BARAT, ACEH",1,13,204,217
https://kawalpemilu.org#1617,"SUAK TRING, WOYLA, ACEH BARAT, ACEH",1,11,158,169
https://kawalpemilu.org#1618,"COT LAGAN BB, WOYLA, ACEH BARAT, ACEH",1,40,97,137
https://kawalpemilu.org#1618,"COT LAGAN BB, WOYLA, ACEH BARAT, ACEH",2,33,83,116
https://kawalpemilu.org#1619,"BAKAT, WOYLA, ACEH BARAT, ACEH",1,14,134,148
https://kawalpemilu.org#1619,"BAKAT, WOYLA, ACEH BARAT, ACEH",2,13,163,176
https://kawalpemilu.org#1620,"LUENG BULOH, WOYLA, ACEH BARAT, ACEH",1,12,123,135
https://kawalpemilu.org#1620,"LUENG BULOH, WOYLA, ACEH BARAT, ACEH",2,14,125,139
https://kawalpemilu.org#1622,"ALUE RAYA, SAMATIGA, ACEH BARAT, ACEH",1,20,160,180
https://kawalpemilu.org#1622,"ALUE RAYA, SAMATIGA, ACEH BARAT, ACEH",2,18,152,170
https://kawalpemilu.org#1623,"COT DARAT, SAMATIGA, ACEH BARAT, ACEH",1,57,159,216
https://kawalpemilu.org#1623,"COT DARAT, SAMATIGA, ACEH BARAT, ACEH",2,55,157,212
https://kawalpemilu.org#1623,"COT DARAT, SAMATIGA, ACEH BARAT, ACEH",3,55,164,219
https://kawalpemilu.org#1624,"COT PLUH, SAMATIGA, ACEH BARAT, ACEH",1,18,165,183
https://kawalpemilu.org#1624,"COT PLUH, SAMATIGA, ACEH BARAT, ACEH",2,22,156,178
https://kawalpemilu.org#1625,"COT SEUMEURENG, SAMATIGA, ACEH BARAT, ACEH",1,24,212,236
https://kawalpemilu.org#1625,"COT SEUMEURENG, SAMATIGA, ACEH BARAT, ACEH",2,24,192,216
https://kawalpemilu.org#1625,"COT SEUMEURENG, SAMATIGA, ACEH BARAT, ACEH",3,26,208,234
https://kawalpemilu.org#1626,"COT MESJID, SAMATIGA, ACEH BARAT, ACEH",1,18,163,181
https://kawalpemilu.org#1627,"COT LAMPISE, SAMATIGA, ACEH BARAT, ACEH",1,19,158,177
https://kawalpemilu.org#1628,"COT SEULAMAT, SAMATIGA, ACEH BARAT, ACEH",1,11,142,153
https://kawalpemilu.org#1628,"COT SEULAMAT, SAMATIGA, ACEH BARAT, ACEH",2,10,137,147
https://kawalpemilu.org#1629,"COT AMUN, SAMATIGA, ACEH BARAT, ACEH",1,44,158,202
https://kawalpemilu.org#1630,"DEUAH, SAMATIGA, ACEH BARAT, ACEH",1,32,108,140
https://kawalpemilu.org#1630,"DEUAH, SAMATIGA, ACEH BARAT, ACEH",2,24,109,133
https://kawalpemilu.org#1631,"GAMPONG TEUNGOH, SAMATIGA, ACEH BARAT, ACEH",1,28,154,182
https://kawalpemilu.org#1631,"GAMPONG TEUNGOH, SAMATIGA, ACEH BARAT, ACEH",2,18,173,191
https://kawalpemilu.org#1632,"GAMPONG LADANG, SAMATIGA, ACEH BARAT, ACEH",1,27,52,79
https://kawalpemilu.org#1633,"GAMPONG COT, SAMATIGA, ACEH BARAT, ACEH",1,63,195,258
https://kawalpemilu.org#1634,"KEUREUSENG, SAMATIGA, ACEH BARAT, ACEH",1,9,247,256
https://kawalpemilu.org#1635,"KRUENG TINGGAI, SAMATIGA, ACEH BARAT, ACEH",1,80,170,250
https://kawalpemilu.org#1636,"KUALA BUBON, SAMATIGA, ACEH BARAT, ACEH",1,27,196,223
https://kawalpemilu.org#1637,"LEUBOK, SAMATIGA, ACEH BARAT, ACEH",1,51,138,189
https://kawalpemilu.org#1638,"LHOK BUBON, SAMATIGA, ACEH BARAT, ACEH",1,56,73,129
https://kawalpemilu.org#1639,"LEUKEUN, SAMATIGA, ACEH BARAT, ACEH",1,7,147,154
https://kawalpemilu.org#1639,"LEUKEUN, SAMATIGA, ACEH BARAT, ACEH",2,7,133,140
https://kawalpemilu.org#1640,"MESJID BARO, SAMATIGA, ACEH BARAT, ACEH",1,43,211,254
https://kawalpemilu.org#1641,"PAYA LUMPAT, SAMATIGA, ACEH BARAT, ACEH",1,13,169,182
https://kawalpemilu.org#1641,"PAYA LUMPAT, SAMATIGA, ACEH BARAT, ACEH",2,12,162,174
https://kawalpemilu.org#1641,"PAYA LUMPAT, SAMATIGA, ACEH BARAT, ACEH",3,15,162,177
https://kawalpemilu.org#1642,"PINEM, SAMATIGA, ACEH BARAT, ACEH",1,37,109,146
https://kawalpemilu.org#1642,"PINEM, SAMATIGA, ACEH BARAT, ACEH",2,18,126,144
https://kawalpemilu.org#1643,"PANGE, SAMATIGA, ACEH BARAT, ACEH",1,40,119,159
https://kawalpemilu.org#1644,"PUCOK LUENG, SAMATIGA, ACEH BARAT, ACEH",1,16,133,149
https://kawalpemilu.org#1644,"PUCOK LUENG, SAMATIGA, ACEH BARAT, ACEH",2,14,150,164
https://kawalpemilu.org#1645,"RANGKILEH, SAMATIGA, ACEH BARAT, ACEH",1,6,53,59
https://kawalpemilu.org#1646,"REUSAK, SAMATIGA, ACEH BARAT, ACEH",1,48,208,256
https://kawalpemilu.org#1646,"REUSAK, SAMATIGA, ACEH BARAT, ACEH",2,43,212,255
https://kawalpemilu.org#1647,"SUAK PANDAN, SAMATIGA, ACEH BARAT, ACEH",1,27,141,168
https://kawalpemilu.org#1647,"SUAK PANDAN, SAMATIGA, ACEH BARAT, ACEH",2,42,122,164
https://kawalpemilu.org#1648,"SUAK SEUKEE, SAMATIGA, ACEH BARAT, ACEH",1,23,104,127
https://kawalpemilu.org#1648,"SUAK SEUKEE, SAMATIGA, ACEH BARAT, ACEH",2,19,121,140
https://kawalpemilu.org#1649,"SUAK PANTE BREUH, SAMATIGA, ACEH BARAT, ACEH",1,52,114,166
https://kawalpemilu.org#1649,"SUAK PANTE BREUH, SAMATIGA, ACEH BARAT, ACEH",2,59,104,163
https://kawalpemilu.org#1650,"SUAK GEUDEUBANG, SAMATIGA, ACEH BARAT, ACEH",1,56,173,229
https://kawalpemilu.org#1651,"SUAK SEUMASEH, SAMATIGA, ACEH BARAT, ACEH",1,39,156,195
https://kawalpemilu.org#1652,"SUAK TIMAH, SAMATIGA, ACEH BARAT, ACEH",1,47,186,233
https://kawalpemilu.org#1652,"SUAK TIMAH, SAMATIGA, ACEH BARAT, ACEH",2,34,185,219
https://kawalpemilu.org#1652,"SUAK TIMAH, SAMATIGA, ACEH BARAT, ACEH",3,36,201,237
https://kawalpemilu.org#1653,"UJONG NGA, SAMATIGA, ACEH BARAT, ACEH",1,31,205,236
https://kawalpemilu.org#1655,"ALUE LHOK, BUBON, ACEH BARAT, ACEH",1,23,184,207
https://kawalpemilu.org#1656,"ALUE BAKONG, BUBON, ACEH BARAT, ACEH",1,21,221,242
https://kawalpemilu.org#1657,"BEURAWANG, BUBON, ACEH BARAT, ACEH",2,37,131,168
https://kawalpemilu.org#1658,"BLANG SIBEUTONG, BUBON, ACEH BARAT, ACEH",1,63,106,169
https://kawalpemilu.org#1658,"BLANG SIBEUTONG, BUBON, ACEH BARAT, ACEH",2,43,123,166
https://kawalpemilu.org#1659,"COT KEUMUNENG, BUBON, ACEH BARAT, ACEH",1,43,128,171
https://kawalpemilu.org#1660,"COT LADA, BUBON, ACEH BARAT, ACEH",1,15,65,80
https://kawalpemilu.org#1661,"GUNONG PANAH, BUBON, ACEH BARAT, ACEH",1,18,148,166
https://kawalpemilu.org#1662,"KUTA PADANG, BUBON, ACEH BARAT, ACEH",1,20,216,236
https://kawalpemilu.org#1662,"KUTA PADANG, BUBON, ACEH BARAT, ACEH",2,22,227,249
https://kawalpemilu.org#1663,"KUALA PLING, BUBON, ACEH BARAT, ACEH",1,38,208,246
https://kawalpemilu.org#1664,"LAYUNG, BUBON, ACEH BARAT, ACEH",1,11,134,145
https://kawalpemilu.org#1664,"LAYUNG, BUBON, ACEH BARAT, ACEH",2,8,121,129
https://kawalpemilu.org#1665,"LICEH, BUBON, ACEH BARAT, ACEH",1,13,133,146
https://kawalpemilu.org#1665,"LICEH, BUBON, ACEH BARAT, ACEH",2,8,134,142
https://kawalpemilu.org#1666,"PEULANTEU SP, BUBON, ACEH BARAT, ACEH",1,55,174,229
https://kawalpemilu.org#1666,"PEULANTEU SP, BUBON, ACEH BARAT, ACEH",2,70,135,205
https://kawalpemilu.org#1667,"RAMBONG, BUBON, ACEH BARAT, ACEH",1,24,167,191
https://kawalpemilu.org#1668,"SEUMULENG, BUBON, ACEH BARAT, ACEH",1,21,209,230
https://kawalpemilu.org#1669,"SUAK PANGKAT, BUBON, ACEH BARAT, ACEH",1,79,140,219
https://kawalpemilu.org#1670,"SEUNEUBOK TRAP, BUBON, ACEH BARAT, ACEH",1,32,111,143
https://kawalpemilu.org#1671,"ULEE BLANG, BUBON, ACEH BARAT, ACEH",1,47,61,108
https://kawalpemilu.org#1673,"ARONGAN, ARONGAN LAMBALEK, ACEH BARAT, ACEH",1,37,132,169
https://kawalpemilu.org#1674,"ALUE BAGOK, ARONGAN LAMBALEK, ACEH BARAT, ACEH",1,20,128,148
https://kawalpemilu.org#1674,"ALUE BAGOK, ARONGAN LAMBALEK, ACEH BARAT, ACEH",2,23,83,106
https://kawalpemilu.org#1675,"ALUE SUNDAK, ARONGAN LAMBALEK, ACEH BARAT, ACEH",1,52,113,165
https://kawalpemilu.org#1676,"ALUE BATEE, ARONGAN LAMBALEK, ACEH BARAT, ACEH",1,11,124,135
https://kawalpemilu.org#1677,"COT BULOH, ARONGAN LAMBALEK, ACEH BARAT, ACEH",1,23,108,131
https://kawalpemilu.org#1677,"COT BULOH, ARONGAN LAMBALEK, ACEH BARAT, ACEH",2,38,89,127
https://kawalpemilu.org#1678,"COT KUMBANG, ARONGAN LAMBALEK, ACEH BARAT, ACEH",1,32,102,134
https://kawalpemilu.org#1679,"COT JURUMUDI, ARONGAN LAMBALEK, ACEH BARAT, ACEH",1,8,110,118
https://kawalpemilu.org#1680,"DRIEN RAMPAK, ARONGAN LAMBALEK, ACEH BARAT, ACEH",1,46,172,218
https://kawalpemilu.org#1680,"DRIEN RAMPAK, ARONGAN LAMBALEK, ACEH BARAT, ACEH",2,27,196,223
https://kawalpemilu.org#1681,"KUBU, ARONGAN LAMBALEK, ACEH BARAT, ACEH",1,34,126,160
https://kawalpemilu.org#1681,"KUBU, ARONGAN LAMBALEK, ACEH BARAT, ACEH",2,5,137,142
https://kawalpemilu.org#1682,"KEUB, ARONGAN LAMBALEK, ACEH BARAT, ACEH",1,16,165,181
https://kawalpemilu.org#1682,"KEUB, ARONGAN LAMBALEK, ACEH BARAT, ACEH",2,29,188,217
https://kawalpemilu.org#1683,"PANTE MEUTIA, ARONGAN LAMBALEK, ACEH BARAT, ACEH",1,22,152,174
https://kawalpemilu.org#1684,"PEURIBU, ARONGAN LAMBALEK, ACEH BARAT, ACEH",1,27,151,178
https://kawalpemilu.org#1684,"PEURIBU, ARONGAN LAMBALEK, ACEH BARAT, ACEH",2,21,203,224
https://kawalpemilu.org#1684,"PEURIBU, ARONGAN LAMBALEK, ACEH BARAT, ACEH",3,16,158,174
https://kawalpemilu.org#1685,"PANTON MAKMUR, ARONGAN LAMBALEK, ACEH BARAT, ACEH",1,0,0,0
https://kawalpemilu.org#1686,"PANTON BAHAGIA, ARONGAN LAMBALEK, ACEH BARAT, ACEH",1,20,98,118
https://kawalpemilu.org#1687,"PEULANTEU LB, ARONGAN LAMBALEK, ACEH BARAT, ACEH",1,21,195,216
https://kawalpemilu.org#1687,"PEULANTEU LB, ARONGAN LAMBALEK, ACEH BARAT, ACEH",2,38,162,200
https://kawalpemilu.org#1688,"RIMBA LANGGEH, ARONGAN LAMBALEK, ACEH BARAT, ACEH",1,11,135,146
https://kawalpemilu.org#1688,"RIMBA LANGGEH, ARONGAN LAMBALEK, ACEH BARAT, ACEH",2,27,132,159
https://kawalpemilu.org#1689,"SUAK KEUMUDEE, ARONGAN LAMBALEK, ACEH BARAT, ACEH",1,13,114,127
https://kawalpemilu.org#1690,"SEUNEUBOK LUENG, ARONGAN LAMBALEK, ACEH BARAT, ACEH",1,17,117,134
https://kawalpemilu.org#1691,"SUAK IE BEUSOU, ARONGAN LAMBALEK, ACEH BARAT, ACEH",1,49,149,198
https://kawalpemilu.org#1692,"SUAK BIDOK, ARONGAN LAMBALEK, ACEH BARAT, ACEH",1,43,107,150
https://kawalpemilu.org#1693,"SIMPANG PEUT, ARONGAN LAMBALEK, ACEH BARAT, ACEH",1,16,177,193
https://kawalpemilu.org#1693,"SIMPANG PEUT, ARONGAN LAMBALEK, ACEH BARAT, ACEH",2,15,188,203
https://kawalpemilu.org#1693,"SIMPANG PEUT, ARONGAN LAMBALEK, ACEH BARAT, ACEH",3,17,163,180
https://kawalpemilu.org#1694,"SEUNEUBOK TEUNGOH, ARONGAN LAMBALEK, ACEH BARAT, ACEH",1,4,207,211
https://kawalpemilu.org#1694,"SEUNEUBOK TEUNGOH, ARONGAN LAMBALEK, ACEH BARAT, ACEH",2,11,206,217
https://kawalpemilu.org#1695,"TEUPIN PEURAHO, ARONGAN LAMBALEK, ACEH BARAT, ACEH",1,25,197,222
https://kawalpemilu.org#1695,"TEUPIN PEURAHO, ARONGAN LAMBALEK, ACEH BARAT, ACEH",2,29,195,224
https://kawalpemilu.org#1696,"UJONG BEUSA, ARONGAN LAMBALEK, ACEH BARAT, ACEH",1,38,96,134
https://kawalpemilu.org#1697,"UJONG SIMPANG, ARONGAN LAMBALEK, ACEH BARAT, ACEH",1,27,168,195
https://kawalpemilu.org#1697,"UJONG SIMPANG, ARONGAN LAMBALEK, ACEH BARAT, ACEH",2,30,138,168
https://kawalpemilu.org#1698,"GUNONG PULO, ARONGAN LAMBALEK, ACEH BARAT, ACEH",1,57,141,198
https://kawalpemilu.org#1699,"KARANG HAMPA, ARONGAN LAMBALEK, ACEH BARAT, ACEH",1,1,50,51
https://kawalpemilu.org#1701,"SEUMARA, PANTE CEUREUMEN, ACEH BARAT, ACEH",1,11,273,284
https://kawalpemilu.org#1702,"BABAH LUENG, PANTE CEUREUMEN, ACEH BARAT, ACEH",1,1,125,126
https://kawalpemilu.org#1703,"BABAH ISEUNG, PANTE CEUREUMEN, ACEH BARAT, ACEH",1,59,95,154
https://kawalpemilu.org#1704,"SEUMANTOK, PANTE CEUREUMEN, ACEH BARAT, ACEH",1,8,184,192
https://kawalpemilu.org#1704,"SEUMANTOK, PANTE CEUREUMEN, ACEH BARAT, ACEH",2,13,185,198
https://kawalpemilu.org#1704,"SEUMANTOK, PANTE CEUREUMEN, ACEH BARAT, ACEH",3,18,146,164
https://kawalpemilu.org#1705,"ALUE KEUMANG, PANTE CEUREUMEN, ACEH BARAT, ACEH",1,11,119,130
https://kawalpemilu.org#1706,"MENUANG KINCO, PANTE CEUREUMEN, ACEH BARAT, ACEH",1,26,160,186
https://kawalpemilu.org#1706,"MENUANG KINCO, PANTE CEUREUMEN, ACEH BARAT, ACEH",2,31,174,205
https://kawalpemilu.org#1707,"LANGO, PANTE CEUREUMEN, ACEH BARAT, ACEH",1,39,110,149
https://kawalpemilu.org#1707,"LANGO, PANTE CEUREUMEN, ACEH BARAT, ACEH",2,51,126,177
https://kawalpemilu.org#1708,"SIKUNDO, PANTE CEUREUMEN, ACEH BARAT, ACEH",1,20,40,60
https://kawalpemilu.org#1709,"LAWET, PANTE CEUREUMEN, ACEH BARAT, ACEH",1,30,121,151
https://kawalpemilu.org#1709,"LAWET, PANTE CEUREUMEN, ACEH BARAT, ACEH",2,23,126,149
https://kawalpemilu.org#1710,"CANGGAI, PANTE CEUREUMEN, ACEH BARAT, ACEH",1,24,161,185
https://kawalpemilu.org#1711,"MANJENG, PANTE CEUREUMEN, ACEH BARAT, ACEH",1,13,177,190
https://kawalpemilu.org#1711,"MANJENG, PANTE CEUREUMEN, ACEH BARAT, ACEH",2,14,161,175
https://kawalpemilu.org#1712,"KEUTAMBANG, PANTE CEUREUMEN, ACEH BARAT, ACEH",1,25,217,242
https://kawalpemilu.org#1712,"KEUTAMBANG, PANTE CEUREUMEN, ACEH BARAT, ACEH",2,14,118,132
https://kawalpemilu.org#1713,"PANTE CEUREMEN, PANTE CEUREUMEN, ACEH BARAT, ACEH",1,35,123,158
https://kawalpemilu.org#1713,"PANTE CEUREMEN, PANTE CEUREUMEN, ACEH BARAT, ACEH",2,13,149,162
https://kawalpemilu.org#1713,"PANTE CEUREMEN, PANTE CEUREUMEN, ACEH BARAT, ACEH",3,14,149,163
https://kawalpemilu.org#1714,"PULO TEUNGOH MANYENG, PANTE CEUREUMEN, ACEH BARAT, ACEH",2,9,155,164
https://kawalpemilu.org#1715,"JAMBAK, PANTE CEUREUMEN, ACEH BARAT, ACEH",1,52,149,201
https://kawalpemilu.org#1716,"TEGAL SARI, PANTE CEUREUMEN, ACEH BARAT, ACEH",1,73,141,214
https://kawalpemilu.org#1716,"TEGAL SARI, PANTE CEUREUMEN, ACEH BARAT, ACEH",2,60,147,207
https://kawalpemilu.org#1717,"GUNONG TAROK, PANTE CEUREUMEN, ACEH BARAT, ACEH",1,42,139,181
https://kawalpemilu.org#1718,"SUAK AWE, PANTE CEUREUMEN, ACEH BARAT, ACEH",1,28,143,171
https://kawalpemilu.org#1718,"SUAK AWE, PANTE CEUREUMEN, ACEH BARAT, ACEH",2,20,150,170
https://kawalpemilu.org#1719,"KRUENG BEUKAH, PANTE CEUREUMEN, ACEH BARAT, ACEH",1,28,95,123
https://kawalpemilu.org#1719,"KRUENG BEUKAH, PANTE CEUREUMEN, ACEH BARAT, ACEH",2,21,111,132
https://kawalpemilu.org#1720,"LHOK SARI, PANTE CEUREUMEN, ACEH BARAT, ACEH",1,46,146,192
https://kawalpemilu.org#1720,"LHOK SARI, PANTE CEUREUMEN, ACEH BARAT, ACEH",2,41,138,179
https://kawalpemilu.org#1721,"BABAH KRUENG TEP LEP, PANTE CEUREUMEN, ACEH BARAT, ACEH",1,17,201,218
https://kawalpemilu.org#1722,"BERDIKARI, PANTE CEUREUMEN, ACEH BARAT, ACEH",1,52,111,163
https://kawalpemilu.org#1723,"LHOK GUCI, PANTE CEUREUMEN, ACEH BARAT, ACEH",1,43,139,182
https://kawalpemilu.org#1723,"LHOK GUCI, PANTE CEUREUMEN, ACEH BARAT, ACEH",2,26,155,181
https://kawalpemilu.org#1724,"KEUDE SUWAK AWE, PANTE CEUREUMEN, ACEH BARAT, ACEH",1,32,141,173
https://kawalpemilu.org#1725,"SAWANG RAMBOT, PANTE CEUREUMEN, ACEH BARAT, ACEH",1,43,88,131
https://kawalpemilu.org#1725,"SAWANG RAMBOT, PANTE CEUREUMEN, ACEH BARAT, ACEH",2,55,81,136
https://kawalpemilu.org#1727,"RANTO PANYANG BARAT, MEUREUBO, ACEH BARAT, ACEH",1,18,180,198
https://kawalpemilu.org#1727,"RANTO PANYANG BARAT, MEUREUBO, ACEH BARAT, ACEH",2,23,174,197
https://kawalpemilu.org#1728,"RANTO PANYANG TIMUR, MEUREUBO, ACEH BARAT, ACEH",1,25,251,276
https://kawalpemilu.org#1728,"RANTO PANYANG TIMUR, MEUREUBO, ACEH BARAT, ACEH",2,34,197,231
https://kawalpemilu.org#1728,"RANTO PANYANG TIMUR, MEUREUBO, ACEH BARAT, ACEH",3,21,175,196
https://kawalpemilu.org#1728,"RANTO PANYANG TIMUR, MEUREUBO, ACEH BARAT, ACEH",4,22,205,227
https://kawalpemilu.org#1729,"MESJID TUHA, MEUREUBO, ACEH BARAT, ACEH",1,28,221,249
https://kawalpemilu.org#1729,"MESJID TUHA, MEUREUBO, ACEH BARAT, ACEH",2,24,220,244
https://kawalpemilu.org#1730,"UJONG TANOH DARAT, MEUREUBO, ACEH BARAT, ACEH",1,17,202,219
https://kawalpemilu.org#1730,"UJONG TANOH DARAT, MEUREUBO, ACEH BARAT, ACEH",2,16,207,223
https://kawalpemilu.org#1730,"UJONG TANOH DARAT, MEUREUBO, ACEH BARAT, ACEH",3,18,205,223
https://kawalpemilu.org#1730,"UJONG TANOH DARAT, MEUREUBO, ACEH BARAT, ACEH",4,24,198,222
https://kawalpemilu.org#1730,"UJONG TANOH DARAT, MEUREUBO, ACEH BARAT, ACEH",5,14,182,196
https://kawalpemilu.org#1731,"PASI ACEH TUNONG, MEUREUBO, ACEH BARAT, ACEH",1,26,152,178
https://kawalpemilu.org#1731,"PASI ACEH TUNONG, MEUREUBO, ACEH BARAT, ACEH",2,42,133,175
https://kawalpemilu.org#1732,"PASI ACEH BAROH, MEUREUBO, ACEH BARAT, ACEH",1,22,175,197
https://kawalpemilu.org#1732,"PASI ACEH BAROH, MEUREUBO, ACEH BARAT, ACEH",2,12,211,223
https://kawalpemilu.org#1733,"BULOH, MEUREUBO, ACEH BARAT, ACEH",1,35,109,144
https://kawalpemilu.org#1734,"PULO TEUNGOH, MEUREUBO, ACEH BARAT, ACEH",1,39,181,220
https://kawalpemilu.org#1735,"PAYA BARO RP., MEUREUBO, ACEH BARAT, ACEH",1,14,98,112
https://kawalpemilu.org#1736,"RANUB DONG, MEUREUBO, ACEH BARAT, ACEH",1,31,181,212
https://kawalpemilu.org#1736,"RANUB DONG, MEUREUBO, ACEH BARAT, ACEH",2,23,182,205
https://kawalpemilu.org#1737,"PASI PINANG, MEUREUBO, ACEH BARAT, ACEH",1,25,149,174
https://kawalpemilu.org#1737,"PASI PINANG, MEUREUBO, ACEH BARAT, ACEH",2,34,152,186
https://kawalpemilu.org#1738,"PASI MESJID, MEUREUBO, ACEH BARAT, ACEH",1,28,136,164
https://kawalpemilu.org#1738,"PASI MESJID, MEUREUBO, ACEH BARAT, ACEH",2,25,173,198
https://kawalpemilu.org#1738,"PASI MESJID, MEUREUBO, ACEH BARAT, ACEH",3,13,164,177
https://kawalpemilu.org#1739,"MEUREUBO, MEUREUBO, ACEH BARAT, ACEH",1,36,187,223
https://kawalpemilu.org#1739,"MEUREUBO, MEUREUBO, ACEH BARAT, ACEH",2,20,187,207
https://kawalpemilu.org#1739,"MEUREUBO, MEUREUBO, ACEH BARAT, ACEH",3,46,196,242
https://kawalpemilu.org#1739,"MEUREUBO, MEUREUBO, ACEH BARAT, ACEH",4,23,211,234
https://kawalpemilu.org#1739,"MEUREUBO, MEUREUBO, ACEH BARAT, ACEH",5,38,195,233
https://kawalpemilu.org#1739,"MEUREUBO, MEUREUBO, ACEH BARAT, ACEH",6,31,182,213
https://kawalpemilu.org#1740,"LANGUNG, MEUREUBO, ACEH BARAT, ACEH",1,39,214,253
https://kawalpemilu.org#1740,"LANGUNG, MEUREUBO, ACEH BARAT, ACEH",2,24,214,238
https://kawalpemilu.org#1740,"LANGUNG, MEUREUBO, ACEH BARAT, ACEH",3,23,219,242
https://kawalpemilu.org#1740,"LANGUNG, MEUREUBO, ACEH BARAT, ACEH",4,34,212,246
https://kawalpemilu.org#1740,"LANGUNG, MEUREUBO, ACEH BARAT, ACEH",5,20,197,217
https://kawalpemilu.org#1741,"GUNONG KLENG, MEUREUBO, ACEH BARAT, ACEH",1,22,197,219
https://kawalpemilu.org#1741,"GUNONG KLENG, MEUREUBO, ACEH BARAT, ACEH",2,20,191,211
https://kawalpemilu.org#1741,"GUNONG KLENG, MEUREUBO, ACEH BARAT, ACEH",3,22,211,233
https://kawalpemilu.org#1741,"GUNONG KLENG, MEUREUBO, ACEH BARAT, ACEH",4,25,194,219
https://kawalpemilu.org#1741,"GUNONG KLENG, MEUREUBO, ACEH BARAT, ACEH",5,24,192,216
https://kawalpemilu.org#1742,"UJONG DRIEN, MEUREUBO, ACEH BARAT, ACEH",1,21,219,240
https://kawalpemilu.org#1742,"UJONG DRIEN, MEUREUBO, ACEH BARAT, ACEH",2,23,216,239
https://kawalpemilu.org#1742,"UJONG DRIEN, MEUREUBO, ACEH BARAT, ACEH",3,13,232,245
https://kawalpemilu.org#1743,"PEUNAGA RAYEUK, MEUREUBO, ACEH BARAT, ACEH",1,41,178,219
https://kawalpemilu.org#1743,"PEUNAGA RAYEUK, MEUREUBO, ACEH BARAT, ACEH",2,21,191,212
https://kawalpemilu.org#1743,"PEUNAGA RAYEUK, MEUREUBO, ACEH BARAT, ACEH",3,21,163,184
https://kawalpemilu.org#1743,"PEUNAGA RAYEUK, MEUREUBO, ACEH BARAT, ACEH",4,31,169,200
https://kawalpemilu.org#1744,"PEUNAGA PASI, MEUREUBO, ACEH BARAT, ACEH",1,41,170,211
https://kawalpemilu.org#1745,"PEUNAGA CUT UJONG, MEUREUBO, ACEH BARAT, ACEH",1,30,217,247
https://kawalpemilu.org#1745,"PEUNAGA CUT UJONG, MEUREUBO, ACEH BARAT, ACEH",2,23,217,240
https://kawalpemilu.org#1745,"PEUNAGA CUT UJONG, MEUREUBO, ACEH BARAT, ACEH",3,30,221,251
https://kawalpemilu.org#1746,"REUDEUP, MEUREUBO, ACEH BARAT, ACEH",1,13,151,164
https://kawalpemilu.org#1747,"BALEE, MEUREUBO, ACEH BARAT, ACEH",1,11,141,152
https://kawalpemilu.org#1747,"BALEE, MEUREUBO, ACEH BARAT, ACEH",2,55,148,203
https://kawalpemilu.org#1747,"BALEE, MEUREUBO, ACEH BARAT, ACEH",3,18,137,155
https://kawalpemilu.org#1748,"PAYA PEUNAGA, MEUREUBO, ACEH BARAT, ACEH",1,13,176,189
https://kawalpemilu.org#1748,"PAYA PEUNAGA, MEUREUBO, ACEH BARAT, ACEH",2,19,162,181
https://kawalpemilu.org#1748,"PAYA PEUNAGA, MEUREUBO, ACEH BARAT, ACEH",3,27,142,169
https://kawalpemilu.org#1748,"PAYA PEUNAGA, MEUREUBO, ACEH BARAT, ACEH",4,40,131,171
https://kawalpemilu.org#1748,"PAYA PEUNAGA, MEUREUBO, ACEH BARAT, ACEH",5,34,169,203
https://kawalpemilu.org#1748,"PAYA PEUNAGA, MEUREUBO, ACEH BARAT, ACEH",6,33,180,213
https://kawalpemilu.org#1748,"PAYA PEUNAGA, MEUREUBO, ACEH BARAT, ACEH",7,34,163,197
https://kawalpemilu.org#1748,"PAYA PEUNAGA, MEUREUBO, ACEH BARAT, ACEH",8,30,154,184
https://kawalpemilu.org#1748,"PAYA PEUNAGA, MEUREUBO, ACEH BARAT, ACEH",9,32,134,166
https://kawalpemilu.org#1748,"PAYA PEUNAGA, MEUREUBO, ACEH BARAT, ACEH",10,30,149,179
https://kawalpemilu.org#1748,"PAYA PEUNAGA, MEUREUBO, ACEH BARAT, ACEH",11,30,125,155
https://kawalpemilu.org#1748,"PAYA PEUNAGA, MEUREUBO, ACEH BARAT, ACEH",12,24,145,169
https://kawalpemilu.org#1748,"PAYA PEUNAGA, MEUREUBO, ACEH BARAT, ACEH",13,1,72,73
https://kawalpemilu.org#1748,"PAYA PEUNAGA, MEUREUBO, ACEH BARAT, ACEH",14,4,72,76
https://kawalpemilu.org#1749,"UJONG TANJONG, MEUREUBO, ACEH BARAT, ACEH",1,15,192,207
https://kawalpemilu.org#1749,"UJONG TANJONG, MEUREUBO, ACEH BARAT, ACEH",2,21,187,208
https://kawalpemilu.org#1749,"UJONG TANJONG, MEUREUBO, ACEH BARAT, ACEH",3,30,169,3
https://kawalpemilu.org#1749,"UJONG TANJONG, MEUREUBO, ACEH BARAT, ACEH",4,21,182,203
https://kawalpemilu.org#1750,"PUCOK REUDEUP, MEUREUBO, ACEH BARAT, ACEH",1,7,93,100
https://kawalpemilu.org#1751,"SUMBER BATU, MEUREUBO, ACEH BARAT, ACEH",1,27,204,231
https://kawalpemilu.org#1752,"BUKIT JAYA, MEUREUBO, ACEH BARAT, ACEH",1,79,75,154
https://kawalpemilu.org#1752,"BUKIT JAYA, MEUREUBO, ACEH BARAT, ACEH",2,77,71,148
https://kawalpemilu.org#1754,"BLANG LUAH, WOYLA BARAT, ACEH BARAT, ACEH",1,6,171,177
https://kawalpemilu.org#1754,"BLANG LUAH, WOYLA BARAT, ACEH BARAT, ACEH",2,8,165,173
https://kawalpemilu.org#1755,"COT RAMBONG, WOYLA BARAT, ACEH BARAT, ACEH",1,28,152,180
https://kawalpemilu.org#1756,"LHOK MALEE, WOYLA BARAT, ACEH BARAT, ACEH",1,25,119,144
https://kawalpemilu.org#1757,"PASI MALEE, WOYLA BARAT, ACEH BARAT, ACEH",1,9,106,115
https://kawalpemilu.org#1758,"NAPAI, WOYLA BARAT, ACEH BARAT, ACEH",1,7,131,138
https://kawalpemilu.org#1758,"NAPAI, WOYLA BARAT, ACEH BARAT, ACEH",2,10,120,130
https://kawalpemilu.org#1759,"BLANG COT MAMEH, WOYLA BARAT, ACEH BARAT, ACEH",1,24,109,133
https://kawalpemilu.org#1760,"BLANG COT RUBEK, WOYLA BARAT, ACEH BARAT, ACEH",1,12,117,129
https://kawalpemilu.org#1761,"ALUE LEUHOB, WOYLA BARAT, ACEH BARAT, ACEH",1,11,113,124
https://kawalpemilu.org#1762,"LEUBOK PASI ARA, WOYLA BARAT, ACEH BARAT, ACEH",1,31,210,241
https://kawalpemilu.org#1763,"ULEE PASI ARA, WOYLA BARAT, ACEH BARAT, ACEH",1,39,78,117
https://kawalpemilu.org#1764,"COT LAGAN LM, WOYLA BARAT, ACEH BARAT, ACEH",1,28,137,165
https://kawalpemilu.org#1764,"COT LAGAN LM, WOYLA BARAT, ACEH BARAT, ACEH",2,14,144,158
https://kawalpemilu.org#1765,"LUENG BARO, WOYLA BARAT, ACEH BARAT, ACEH",1,11,209,220
https://kawalpemilu.org#1766,"KULAM KAJU, WOYLA BARAT, ACEH BARAT, ACEH",1,37,119,156
https://kawalpemilu.org#1767,"ALUE PERMEN, WOYLA BARAT, ACEH BARAT, ACEH",1,13,202,215
https://kawalpemilu.org#1768,"PEULEUKUNG, WOYLA BARAT, ACEH BARAT, ACEH",1,17,116,133
https://kawalpemilu.org#1769,"PASI JEUT, WOYLA BARAT, ACEH BARAT, ACEH",1,43,160,203
https://kawalpemilu.org#1770,"MON PASONG, WOYLA BARAT, ACEH BARAT, ACEH",1,17,168,185
https://kawalpemilu.org#1770,"MON PASONG, WOYLA BARAT, ACEH BARAT, ACEH",2,20,163,183
https://kawalpemilu.org#1771,"PASI MALI, WOYLA BARAT, ACEH BARAT, ACEH",1,17,152,169
https://kawalpemilu.org#1771,"PASI MALI, WOYLA BARAT, ACEH BARAT, ACEH",2,40,173,213
https://kawalpemilu.org#1772,"KARAK, WOYLA BARAT, ACEH BARAT, ACEH",1,25,207,232
https://kawalpemilu.org#1772,"KARAK, WOYLA BARAT, ACEH BARAT, ACEH",2,31,159,190
https://kawalpemilu.org#1773,"IE SAYANG, WOYLA BARAT, ACEH BARAT, ACEH",1,16,136,152
https://kawalpemilu.org#1774,"ULEE PULO, WOYLA BARAT, ACEH BARAT, ACEH",1,13,134,147
https://kawalpemilu.org#1775,"PASI PANYANG, WOYLA BARAT, ACEH BARAT, ACEH",1,8,102,110
https://kawalpemilu.org#1776,"ALUE KEUMUNING, WOYLA BARAT, ACEH BARAT, ACEH",1,30,124,154
https://kawalpemilu.org#1776,"ALUE KEUMUNING, WOYLA BARAT, ACEH BARAT, ACEH",2,41,95,136
https://kawalpemilu.org#1777,"SIMPANG TEUMARON, WOYLA BARAT, ACEH BARAT, ACEH",1,18,60,78
https://kawalpemilu.org#1779,"SEURADEUK, WOYLA TIMUR, ACEH BARAT, ACEH",1,9,187,196
https://kawalpemilu.org#1780,"LEUBOK PANYANG, WOYLA TIMUR, ACEH BARAT, ACEH",1,10,89,99
https://kawalpemilu.org#1781,"PAYA BARO, WOYLA TIMUR, ACEH BARAT, ACEH",1,6,230,236
https://kawalpemilu.org#1782,"KUBU CAPANG, WOYLA TIMUR, ACEH BARAT, ACEH",1,7,93,100
https://kawalpemilu.org#1783,"PASI ARA WT, WOYLA TIMUR, ACEH BARAT, ACEH",1,14,136,150
https://kawalpemilu.org#1784,"GAMPONG BARO WT, WOYLA TIMUR, ACEH BARAT, ACEH",1,0,72,72
https://kawalpemilu.org#1785,"RAMBONG, WOYLA TIMUR, ACEH BARAT, ACEH",1,6,120,126
https://kawalpemilu.org#1786,"COT PUNTI, WOYLA TIMUR, ACEH BARAT, ACEH",1,20,98,118
https://kawalpemilu.org#1787,"ALUE EUMPEUK, WOYLA TIMUR, ACEH BARAT, ACEH",1,13,49,62
https://kawalpemilu.org#1788,"ALUE BILIE, WOYLA TIMUR, ACEH BARAT, ACEH",1,30,33,63
https://kawalpemilu.org#1789,"PASI JANENG, WOYLA TIMUR, ACEH BARAT, ACEH",1,21,146,167
https://kawalpemilu.org#1789,"PASI JANENG, WOYLA TIMUR, ACEH BARAT, ACEH",2,17,157,174
https://kawalpemilu.org#1790,"TANGKEH, WOYLA TIMUR, ACEH BARAT, ACEH",1,44,215,259
https://kawalpemilu.org#1791,"ALUE KUYUN, WOYLA TIMUR, ACEH BARAT, ACEH",1,29,161,190
https://kawalpemilu.org#1791,"ALUE KUYUN, WOYLA TIMUR, ACEH BARAT, ACEH",2,25,147,172
https://kawalpemilu.org#1792,"BUKET MEUGAJAH, WOYLA TIMUR, ACEH BARAT, ACEH",1,17,135,152
https://kawalpemilu.org#1793,"BLANG DALAM, WOYLA TIMUR, ACEH BARAT, ACEH",1,12,127,139
https://kawalpemilu.org#1794,"TEUMIKET RANOM, WOYLA TIMUR, ACEH BARAT, ACEH",1,13,109,122
https://kawalpemilu.org#1795,"BLANG MAKMU, WOYLA TIMUR, ACEH BARAT, ACEH",1,16,60,76
https://kawalpemilu.org#1796,"GAMPONG BARO KB, WOYLA TIMUR, ACEH BARAT, ACEH",1,9,49,58
https://kawalpemilu.org#1797,"ALUE MEUGANDA, WOYLA TIMUR, ACEH BARAT, ACEH",1,28,31,59
https://kawalpemilu.org#1798,"RAMBONG PINTO, WOYLA TIMUR, ACEH BARAT, ACEH",1,8,50,58
https://kawalpemilu.org#1799,"TUWI EUMPEUK, WOYLA TIMUR, ACEH BARAT, ACEH",1,60,23,83
https://kawalpemilu.org#1800,"BLANG LUAH KB, WOYLA TIMUR, ACEH BARAT, ACEH",1,27,84,111
https://kawalpemilu.org#1801,"SEUNEUBOK DALAM, WOYLA TIMUR, ACEH BARAT, ACEH",1,15,30,45
https://kawalpemilu.org#1802,"PAYA MEUGEUNDRANG, WOYLA TIMUR, ACEH BARAT, ACEH",1,18,98,116
https://kawalpemilu.org#1803,"GUNONG PANYANG, WOYLA TIMUR, ACEH BARAT, ACEH",1,4,38,42
https://kawalpemilu.org#84111,"ALUE SEURALEN, WOYLA TIMUR, ACEH BARAT, ACEH",1,12,22,34
https://kawalpemilu.org#1805,"ANTONG, PANTON REU, ACEH BARAT, ACEH",1,18,59,77
https://kawalpemilu.org#1806,"BABAH KRUENG MANGGIE, PANTON REU, ACEH BARAT, ACEH",1,36,190,226
https://kawalpemilu.org#1807,"BARO PAYA, PANTON REU, ACEH BARAT, ACEH",1,11,166,177
https://kawalpemilu.org#1807,"BARO PAYA, PANTON REU, ACEH BARAT, ACEH",2,31,99,130
https://kawalpemilu.org#1808,"BLANG BALEE, PANTON REU, ACEH BARAT, ACEH",1,21,63,84
https://kawalpemilu.org#1809,"BLANG TEUNGOH, PANTON REU, ACEH BARAT, ACEH",1,21,135,156
https://kawalpemilu.org#1810,"COT MANGGIE, PANTON REU, ACEH BARAT, ACEH",1,9,80,89
https://kawalpemilu.org#1811,"KP. BARO, PANTON REU, ACEH BARAT, ACEH",1,6,136,142
https://kawalpemilu.org#1811,"KP. BARO, PANTON REU, ACEH BARAT, ACEH",2,12,114,126
https://kawalpemilu.org#1812,"GUNONG MATA IE, PANTON REU, ACEH BARAT, ACEH",1,33,147,180
https://kawalpemilu.org#1813,"KUALA MANYEUE, PANTON REU, ACEH BARAT, ACEH",1,27,147,174
https://kawalpemilu.org#1814,"LEK-LEK, PANTON REU, ACEH BARAT, ACEH",1,9,146,155
https://kawalpemilu.org#1814,"LEK-LEK, PANTON REU, ACEH BARAT, ACEH",2,9,143,152
https://kawalpemilu.org#1815,"MANGGIE, PANTON REU, ACEH BARAT, ACEH",1,19,194,213
https://kawalpemilu.org#1815,"MANGGIE, PANTON REU, ACEH BARAT, ACEH",2,33,186,219
https://kawalpemilu.org#1816,"MENTULANG, PANTON REU, ACEH BARAT, ACEH",1,18,193,211
https://kawalpemilu.org#1816,"MENTULANG, PANTON REU, ACEH BARAT, ACEH",2,28,184,212
https://kawalpemilu.org#1816,"MENTULANG, PANTON REU, ACEH BARAT, ACEH",3,11,187,198
https://kawalpemilu.org#1817,"MUGO CUT, PANTON REU, ACEH BARAT, ACEH",1,7,95,102
https://kawalpemilu.org#1817,"MUGO CUT, PANTON REU, ACEH BARAT, ACEH",2,12,131,143
https://kawalpemilu.org#1818,"MUGO RAYEUK, PANTON REU, ACEH BARAT, ACEH",2,33,103,136
https://kawalpemilu.org#1819,"PAYA BARO MEUKO, PANTON REU, ACEH BARAT, ACEH",1,16,82,98
https://kawalpemilu.org#1820,"SIBINTANG, PANTON REU, ACEH BARAT, ACEH",1,20,158,178
https://kawalpemilu.org#1821,"TAMPING, PANTON REU, ACEH BARAT, ACEH",1,11,115,126
https://kawalpemilu.org#1822,"TUWI BUYA, PANTON REU, ACEH BARAT, ACEH",1,23,61,84
https://kawalpemilu.org#1823,"UJONG RAJA, PANTON REU, ACEH BARAT, ACEH",1,25,101,126
https://kawalpemilu.org#1826,"MEUNASAH KRUENG KALA, LHOONG, ACEH BESAR, ACEH",1,7,140,147
https://kawalpemilu.org#1827,"JANTANG, LHOONG, ACEH BESAR, ACEH",1,34,196,230
https://kawalpemilu.org#1828,"BAROH KRUENG KALA, LHOONG, ACEH BESAR, ACEH",1,27,216,243
https://kawalpemilu.org#1829,"TUNONG KRUENG KALA, LHOONG, ACEH BESAR, ACEH",1,18,206,224
https://kawalpemilu.org#1830,"SENGKO MEULAT, LHOONG, ACEH BESAR, ACEH",1,11,238,249
https://kawalpemilu.org#1831,"BIREK, LHOONG, ACEH BESAR, ACEH",1,6,131,137
https://kawalpemilu.org#1832,"KAREUNG, LHOONG, ACEH BESAR, ACEH",1,5,96,101
https://kawalpemilu.org#1833,"PAROY, LHOONG, ACEH BESAR, ACEH",1,20,150,170
https://kawalpemilu.org#1834,"TEUNGOH BLANG MEE, LHOONG, ACEH BESAR, ACEH",1,34,97,131
https://kawalpemilu.org#1835,"LAM KUTA BLANG MEE, LHOONG, ACEH BESAR, ACEH",1,37,115,152
https://kawalpemilu.org#1836,"BAROH BLANG MEE, LHOONG, ACEH BESAR, ACEH",1,29,72,101
https://kawalpemilu.org#1837,"UMONG SEUREBEE, LHOONG, ACEH BESAR, ACEH",1,17,197,214
https://kawalpemilu.org#1837,"UMONG SEUREBEE, LHOONG, ACEH BESAR, ACEH",2,16,225,241
https://kawalpemilu.org#1838,"TEUNGOH GEUNTEUT, LHOONG, ACEH BESAR, ACEH",1,51,179,230
https://kawalpemilu.org#1839,"BAROH GENTEUT, LHOONG, ACEH BESAR, ACEH",1,39,147,186
https://kawalpemilu.org#1840,"LAM JUHANG, LHOONG, ACEH BESAR, ACEH",1,32,164,196
https://kawalpemilu.org#1840,"LAM JUHANG, LHOONG, ACEH BESAR, ACEH",2,30,163,193
https://kawalpemilu.org#1841,"UTAMONG, LHOONG, ACEH BESAR, ACEH",1,6,95,101
https://kawalpemilu.org#1842,"GAPUY, LHOONG, ACEH BESAR, ACEH",1,9,100,109
https://kawalpemilu.org#1843,"LAM SUJEN, LHOONG, ACEH BESAR, ACEH",1,28,211,239
https://kawalpemilu.org#1843,"LAM SUJEN, LHOONG, ACEH BESAR, ACEH",2,26,219,245
https://kawalpemilu.org#1844,"MON MATA, LHOONG, ACEH BESAR, ACEH",1,28,138,166
https://kawalpemilu.org#1844,"MON MATA, LHOONG, ACEH BESAR, ACEH",2,22,161,183
https://kawalpemilu.org#1845,"LAM GRIHEU, LHOONG, ACEH BESAR, ACEH",1,12,157,169
https://kawalpemilu.org#1845,"LAM GRIHEU, LHOONG, ACEH BESAR, ACEH",2,8,82,90
https://kawalpemilu.org#1846,"KEUTAPANG, LHOONG, ACEH BESAR, ACEH",1,23,224,247
https://kawalpemilu.org#1847,"SANEY, LHOONG, ACEH BESAR, ACEH",1,5,122,127
https://kawalpemilu.org#1848,"CUNDIN, LHOONG, ACEH BESAR, ACEH",1,18,190,208
https://kawalpemilu.org#1849,"GLEE BRUEK, LHOONG, ACEH BESAR, ACEH",1,7,128,135
https://kawalpemilu.org#1849,"GLEE BRUEK, LHOONG, ACEH BESAR, ACEH",2,4,147,151
https://kawalpemilu.org#1850,"PASIE, LHOONG, ACEH BESAR, ACEH",1,11,193,204
https://kawalpemilu.org#1851,"PUDENG, LHOONG, ACEH BESAR, ACEH",1,5,206,211
https://kawalpemilu.org#1852,"COT, LHOONG, ACEH BESAR, ACEH",1,19,176,195
https://kawalpemilu.org#1853,"MEUNASAH LHOK, LHOONG, ACEH BESAR, ACEH",1,12,88,100
https://kawalpemilu.org#1855,"MON IKEUN, LHOKNGA, ACEH BESAR, ACEH",1,15,181,196
https://kawalpemilu.org#1855,"MON IKEUN, LHOKNGA, ACEH BESAR, ACEH",2,26,194,220
https://kawalpemilu.org#1855,"MON IKEUN, LHOKNGA, ACEH BESAR, ACEH",3,22,199,221
https://kawalpemilu.org#1856,"NUSA, LHOKNGA, ACEH BESAR, ACEH",1,11,207,218
https://kawalpemilu.org#1856,"NUSA, LHOKNGA, ACEH BESAR, ACEH",3,17,234,251
https://kawalpemilu.org#1857,"WEU RAYA, LHOKNGA, ACEH BESAR, ACEH",1,14,217,231
https://kawalpemilu.org#1857,"WEU RAYA, LHOKNGA, ACEH BESAR, ACEH",2,12,156,168
https://kawalpemilu.org#1857,"WEU RAYA, LHOKNGA, ACEH BESAR, ACEH",3,13,119,132
https://kawalpemilu.org#1858,"LAM KRUET, LHOKNGA, ACEH BESAR, ACEH",1,13,200,213
https://kawalpemilu.org#1858,"LAM KRUET, LHOKNGA, ACEH BESAR, ACEH",2,14,196,210
https://kawalpemilu.org#1858,"LAM KRUET, LHOKNGA, ACEH BESAR, ACEH",3,11,194,205
https://kawalpemilu.org#1859,"LAM GABOH, LHOKNGA, ACEH BESAR, ACEH",1,10,199,209
https://kawalpemilu.org#1859,"LAM GABOH, LHOKNGA, ACEH BESAR, ACEH",2,7,212,219
https://kawalpemilu.org#1860,"LAMBARO KUEH, LHOKNGA, ACEH BESAR, ACEH",1,19,168,187
https://kawalpemilu.org#1860,"LAMBARO KUEH, LHOKNGA, ACEH BESAR, ACEH",2,8,178,186
https://kawalpemilu.org#1861,"LAM ATEUK, LHOKNGA, ACEH BESAR, ACEH",1,9,153,162
https://kawalpemilu.org#1861,"LAM ATEUK, LHOKNGA, ACEH BESAR, ACEH",2,12,150,162
https://kawalpemilu.org#1862,"KUEH, LHOKNGA, ACEH BESAR, ACEH",1,8,132,140
https://kawalpemilu.org#1862,"KUEH, LHOKNGA, ACEH BESAR, ACEH",2,6,151,157
https://kawalpemilu.org#1863,"TANJONG, LHOKNGA, ACEH BESAR, ACEH",1,19,220,239
https://kawalpemilu.org#1863,"TANJONG, LHOKNGA, ACEH BESAR, ACEH",2,28,204,232
https://kawalpemilu.org#1864,"ANEUK PAYA, LHOKNGA, ACEH BESAR, ACEH",1,14,179,193
https://kawalpemilu.org#1864,"ANEUK PAYA, LHOKNGA, ACEH BESAR, ACEH",2,11,205,216
https://kawalpemilu.org#1865,"SEUBUN KEUTAPANG, LHOKNGA, ACEH BESAR, ACEH",1,11,137,148
https://kawalpemilu.org#1865,"SEUBUN KEUTAPANG, LHOKNGA, ACEH BESAR, ACEH",2,9,114,123
https://kawalpemilu.org#1866,"SEUBUN AYON, LHOKNGA, ACEH BESAR, ACEH",1,12,222,234
https://kawalpemilu.org#1867,"LAMBARO SEUBUN, LHOKNGA, ACEH BESAR, ACEH",1,18,248,266
https://kawalpemilu.org#1868,"NAGA UMBANG, LHOKNGA, ACEH BESAR, ACEH",1,19,224,243
https://kawalpemilu.org#1869,"LAM PAYA, LHOKNGA, ACEH BESAR, ACEH",1,17,175,192
https://kawalpemilu.org#1869,"LAM PAYA, LHOKNGA, ACEH BESAR, ACEH",2,16,168,184
https://kawalpemilu.org#1869,"LAM PAYA, LHOKNGA, ACEH BESAR, ACEH",3,12,177,189
https://kawalpemilu.org#1869,"LAM PAYA, LHOKNGA, ACEH BESAR, ACEH",4,14,177,191
https://kawalpemilu.org#1869,"LAM PAYA, LHOKNGA, ACEH BESAR, ACEH",5,18,168,186
https://kawalpemilu.org#1870,"MEUNASAH MESJID LAMLHOM, LHOKNGA, ACEH BESAR, ACEH",1,8,144,152
https://kawalpemilu.org#1870,"MEUNASAH MESJID LAMLHOM, LHOKNGA, ACEH BESAR, ACEH",2,5,152,157
https://kawalpemilu.org#1871,"MEUNASAH MON CUT, LHOKNGA, ACEH BESAR, ACEH",1,15,209,224
https://kawalpemilu.org#1872,"MEUNASAH MANYANG, LHOKNGA, ACEH BESAR, ACEH",1,23,233,256
https://kawalpemilu.org#1873,"MEUNASAH LAM GIREK, LHOKNGA, ACEH BESAR, ACEH",1,12,115,127
https://kawalpemilu.org#1874,"MEUNASAH LAM BARO, LHOKNGA, ACEH BESAR, ACEH",1,15,126,141
https://kawalpemilu.org#1874,"MEUNASAH LAM BARO, LHOKNGA, ACEH BESAR, ACEH",2,15,131,146
https://kawalpemilu.org#1875,"MEUNASAH BALEE, LHOKNGA, ACEH BESAR, ACEH",1,13,145,158
https://kawalpemilu.org#1875,"MEUNASAH BALEE, LHOKNGA, ACEH BESAR, ACEH",2,10,153,163
https://kawalpemilu.org#1876,"MEUNASAH BEUTONG, LHOKNGA, ACEH BESAR, ACEH",1,10,154,164
https://kawalpemilu.org#1876,"MEUNASAH BEUTONG, LHOKNGA, ACEH BESAR, ACEH",2,13,165,178
https://kawalpemilu.org#1877,"MEUNASAH MESJID LAM PUUK, LHOKNGA, ACEH BESAR, ACEH",1,18,185,203
https://kawalpemilu.org#1878,"MEUNASAH KARIENG, LHOKNGA, ACEH BESAR, ACEH",1,20,190,210
https://kawalpemilu.org#1878,"MEUNASAH KARIENG, LHOKNGA, ACEH BESAR, ACEH",2,7,205,212
https://kawalpemilu.org#1879,"MEUNASAH BARO LAMLHOM, LHOKNGA, ACEH BESAR, ACEH",1,15,232,247
https://kawalpemilu.org#1881,"MEUNASAH BLANG, LHOKNGA, ACEH BESAR, ACEH",1,3,134,137
https://kawalpemilu.org#1882,"MEUNASAH CUT, LHOKNGA, ACEH BESAR, ACEH",1,4,116,120
https://kawalpemilu.org#931325,"LAMCOK, LHOKNGA, ACEH BESAR, ACEH",1,15,263,278
https://kawalpemilu.org#1884,"REUKIH DAYAH, INDRAPURI, ACEH BESAR, ACEH",1,6,177,183
https://kawalpemilu.org#1884,"REUKIH DAYAH, INDRAPURI, ACEH BESAR, ACEH",3,3,218,221
https://kawalpemilu.org#1885,"INDRAPURI, INDRAPURI, ACEH BESAR, ACEH",1,15,94,109
https://kawalpemilu.org#1886,"LAM LEUBOK, INDRAPURI, ACEH BESAR, ACEH",1,21,201,222
https://kawalpemilu.org#1887,"EMPEE ARA, INDRAPURI, ACEH BESAR, ACEH",1,21,132,153
https://kawalpemilu.org#1888,"LIMO BLANG, INDRAPURI, ACEH BESAR, ACEH",1,12,130,142
https://kawalpemilu.org#1888,"LIMO BLANG, INDRAPURI, ACEH BESAR, ACEH",2,14,153,167
https://kawalpemilu.org#1891,"MEUSALEE LHOK, INDRAPURI, ACEH BESAR, ACEH",1,50,180,230
https://kawalpemilu.org#1892,"CUREH, INDRAPURI, ACEH BESAR, ACEH",1,10,245,255
https://kawalpemilu.org#1893,"COT KAREUNG, INDRAPURI, ACEH BESAR, ACEH",1,23,135,158
https://kawalpemilu.org#1893,"COT KAREUNG, INDRAPURI, ACEH BESAR, ACEH",2,22,130,152
https://kawalpemilu.org#1894,"LAM LUENG, INDRAPURI, ACEH BESAR, ACEH",1,6,117,123
https://kawalpemilu.org#1898,"MUREU LAM GLUMPANG, INDRAPURI, ACEH BESAR, ACEH",1,9,212,221
https://kawalpemilu.org#1902,"LAM ILIE MESJID, INDRAPURI, ACEH BESAR, ACEH",1,5,109,1
https://kawalpemilu.org#1903,"LAM ILIE TEUNGOH, INDRAPURI, ACEH BESAR, ACEH",1,18,161,179
https://kawalpemilu.org#1903,"LAM ILIE TEUNGOH, INDRAPURI, ACEH BESAR, ACEH",2,16,183,199
https://kawalpemilu.org#1904,"LAM ILIE GANTO, INDRAPURI, ACEH BESAR, ACEH",1,34,182,216
https://kawalpemilu.org#1906,"ANEUK GLEE, INDRAPURI, ACEH BESAR, ACEH",1,17,172,189
https://kawalpemilu.org#1906,"ANEUK GLEE, INDRAPURI, ACEH BESAR, ACEH",2,16,147,163
https://kawalpemilu.org#1906,"ANEUK GLEE, INDRAPURI, ACEH BESAR, ACEH",3,17,195,212
https://kawalpemilu.org#1907,"KRUENG LAM KAREUNG, INDRAPURI, ACEH BESAR, ACEH",1,10,180,190
https://kawalpemilu.org#1907,"KRUENG LAM KAREUNG, INDRAPURI, ACEH BESAR, ACEH",2,26,198,224
https://kawalpemilu.org#1907,"KRUENG LAM KAREUNG, INDRAPURI, ACEH BESAR, ACEH",3,13,160,173
https://kawalpemilu.org#1908,"SINYEU, INDRAPURI, ACEH BESAR, ACEH",1,15,220,235
https://kawalpemilu.org#1908,"SINYEU, INDRAPURI, ACEH BESAR, ACEH",2,19,225,244
https://kawalpemilu.org#1909,"SEUREUMO, INDRAPURI, ACEH BESAR, ACEH",1,10,153,163
https://kawalpemilu.org#1909,"SEUREUMO, INDRAPURI, ACEH BESAR, ACEH",2,16,162,178
https://kawalpemilu.org#1910,"ULEE KAREUNG, INDRAPURI, ACEH BESAR, ACEH",1,5,95,100
https://kawalpemilu.org#1911,"LAM BEUTONG, INDRAPURI, ACEH BESAR, ACEH",1,18,127,145
https://kawalpemilu.org#1911,"LAM BEUTONG, INDRAPURI, ACEH BESAR, ACEH",2,6,136,142
https://kawalpemilu.org#1913,"LAMPUPOK RAYA, INDRAPURI, ACEH BESAR, ACEH",1,19,211,230
https://kawalpemilu.org#1914,"SEULANGAI, INDRAPURI, ACEH BESAR, ACEH",1,9,154,163
https://kawalpemilu.org#1915,"RITING, INDRAPURI, ACEH BESAR, ACEH",1,26,100,126
https://kawalpemilu.org#1925,"GROET  BLANG, INDRAPURI, ACEH BESAR, ACEH",1,3,142,145
https://kawalpemilu.org#1925,"GROET  BLANG, INDRAPURI, ACEH BESAR, ACEH",2,5,143,148
https://kawalpemilu.org#1926,"GROET  MAYANG, INDRAPURI, ACEH BESAR, ACEH",1,12,234,246
https://kawalpemilu.org#1927,"GROET  BARO, INDRAPURI, ACEH BESAR, ACEH",1,3,180,183
https://kawalpemilu.org#1928,"JRUEK BAK KREH, INDRAPURI, ACEH BESAR, ACEH",1,7,184,191
https://kawalpemilu.org#1929,"JRUEK BALEE, INDRAPURI, ACEH BESAR, ACEH",1,15,251,266
https://kawalpemilu.org#1929,"JRUEK BALEE, INDRAPURI, ACEH BESAR, ACEH",2,7,235,242
https://kawalpemilu.org#1931,"LAMBUNOT, INDRAPURI, ACEH BESAR, ACEH",1,3,149,152
https://kawalpemilu.org#1934,"LINGOM, INDRAPURI, ACEH BESAR, ACEH",1,9,219,228
https://kawalpemilu.org#1935,"LHEU UE, INDRAPURI, ACEH BESAR, ACEH",1,8,159,167
https://kawalpemilu.org#1935,"LHEU UE, INDRAPURI, ACEH BESAR, ACEH",2,12,165,177
https://kawalpemilu.org#1937,"PASAR SEULIMEUM, SEULIMEUM, ACEH BESAR, ACEH",1,30,207,237
https://kawalpemilu.org#1937,"PASAR SEULIMEUM, SEULIMEUM, ACEH BESAR, ACEH",2,11,193,204
https://kawalpemilu.org#1937,"PASAR SEULIMEUM, SEULIMEUM, ACEH BESAR, ACEH",3,0,0,0
https://kawalpemilu.org#1938,"KEUNALOI, SEULIMEUM, ACEH BESAR, ACEH",1,17,150,167
https://kawalpemilu.org#1938,"KEUNALOI, SEULIMEUM, ACEH BESAR, ACEH",2,17,139,156
https://kawalpemilu.org#1939,"LHIEB, SEULIMEUM, ACEH BESAR, ACEH",1,32,152,184
https://kawalpemilu.org#1939,"LHIEB, SEULIMEUM, ACEH BESAR, ACEH",2,21,179,200
https://kawalpemilu.org#1940,"ALUE GINTONG, SEULIMEUM, ACEH BESAR, ACEH",1,11,141,152
https://kawalpemilu.org#1940,"ALUE GINTONG, SEULIMEUM, ACEH BESAR, ACEH",2,23,114,137
https://kawalpemilu.org#1941,"GAMPONG SEULIMEUM, SEULIMEUM, ACEH BESAR, ACEH",1,15,196,211
https://kawalpemilu.org#1941,"GAMPONG SEULIMEUM, SEULIMEUM, ACEH BESAR, ACEH",2,12,203,215
https://kawalpemilu.org#1942,"DATA GASEU, SEULIMEUM, ACEH BESAR, ACEH",1,47,89,136
https://kawalpemilu.org#1942,"DATA GASEU, SEULIMEUM, ACEH BESAR, ACEH",2,39,93,132
https://kawalpemilu.org#1943,"RABO, SEULIMEUM, ACEH BESAR, ACEH",1,27,134,161
https://kawalpemilu.org#1944,"KAMPONG RAYA, SEULIMEUM, ACEH BESAR, ACEH",1,9,113,122
https://kawalpemilu.org#1945,"LAMJRUEN, SEULIMEUM, ACEH BESAR, ACEH",1,28,213,241
https://kawalpemilu.org#1946,"BUGA, SEULIMEUM, ACEH BESAR, ACEH",1,12,128,140
https://kawalpemilu.org#1946,"BUGA, SEULIMEUM, ACEH BESAR, ACEH",2,13,133,146
https://kawalpemilu.org#1947,"JAWIE, SEULIMEUM, ACEH BESAR, ACEH",1,8,59,67
https://kawalpemilu.org#1948,"ALUE RINDANG, SEULIMEUM, ACEH BESAR, ACEH",1,19,147,166
https://kawalpemilu.org#1948,"ALUE RINDANG, SEULIMEUM, ACEH BESAR, ACEH",2,21,187,208
https://kawalpemilu.org#1949,"IBOH TUNONG, SEULIMEUM, ACEH BESAR, ACEH",1,50,164,214
https://kawalpemilu.org#1951,"SEUNEUBOK, SEULIMEUM, ACEH BESAR, ACEH",1,21,196,217
https://kawalpemilu.org#1951,"SEUNEUBOK, SEULIMEUM, ACEH BESAR, ACEH",2,11,131,142
https://kawalpemilu.org#1952,"MEUNASAH BARO, SEULIMEUM, ACEH BESAR, ACEH",1,18,244,262
https://kawalpemilu.org#1954,"BATEE LHEE, SEULIMEUM, ACEH BESAR, ACEH",1,12,207,219
https://kawalpemilu.org#1955,"MANGEU, SEULIMEUM, ACEH BESAR, ACEH",1,22,170,192
https://kawalpemilu.org#1956,"BAYU, SEULIMEUM, ACEH BESAR, ACEH",1,18,241,259
https://kawalpemilu.org#1957,"AYON, SEULIMEUM, ACEH BESAR, ACEH",1,13,216,229
https://kawalpemilu.org#1958,"LAMTEUBA DRO, SEULIMEUM, ACEH BESAR, ACEH",1,11,237,248
https://kawalpemilu.org#1958,"LAMTEUBA DRO, SEULIMEUM, ACEH BESAR, ACEH",2,17,213,230
https://kawalpemilu.org#1959,"PULO, SEULIMEUM, ACEH BESAR, ACEH",1,16,118,134
https://kawalpemilu.org#1960,"LAMPANTE, SEULIMEUM, ACEH BESAR, ACEH",1,15,123,138
https://kawalpemilu.org#1960,"LAMPANTE, SEULIMEUM, ACEH BESAR, ACEH",2,13,130,143
https://kawalpemilu.org#1961,"LAMBADA, SEULIMEUM, ACEH BESAR, ACEH",1,15,163,178
https://kawalpemilu.org#1961,"LAMBADA, SEULIMEUM, ACEH BESAR, ACEH",2,6,165,171
https://kawalpemilu.org#1961,"LAMBADA, SEULIMEUM, ACEH BESAR, ACEH",3,14,171,185
https://kawalpemilu.org#1961,"LAMBADA, SEULIMEUM, ACEH BESAR, ACEH",4,14,160,174
https://kawalpemilu.org#1962,"BLANG TINGKEUM, SEULIMEUM, ACEH BESAR, ACEH",1,26,198,224
https://kawalpemilu.org#1962,"BLANG TINGKEUM, SEULIMEUM, ACEH BESAR, ACEH",2,31,196,227
https://kawalpemilu.org#1963,"ATEUK, SEULIMEUM, ACEH BESAR, ACEH",1,9,138,147
https://kawalpemilu.org#1963,"ATEUK, SEULIMEUM, ACEH BESAR, ACEH",2,10,132,142
https://kawalpemilu.org#1964,"LAM APENG, SEULIMEUM, ACEH BESAR, ACEH",1,23,179,202
https://kawalpemilu.org#1964,"LAM APENG, SEULIMEUM, ACEH BESAR, ACEH",2,22,170,192
https://kawalpemilu.org#1965,"MEURAH, SEULIMEUM, ACEH BESAR, ACEH",1,10,215,225
https://kawalpemilu.org#1966,"LAMPANAH, SEULIMEUM, ACEH BESAR, ACEH",1,5,260,265
https://kawalpemilu.org#1967,"UJONG MESJID TA, SEULIMEUM, ACEH BESAR, ACEH",1,21,146,167
https://kawalpemilu.org#1968,"UJONG KEUPULA, SEULIMEUM, ACEH BESAR, ACEH",1,8,188,196
https://kawalpemilu.org#1968,"UJONG KEUPULA, SEULIMEUM, ACEH BESAR, ACEH",3,24,146,170
https://kawalpemilu.org#1969,"LEUNGAH, SEULIMEUM, ACEH BESAR, ACEH",1,18,200,218
https://kawalpemilu.org#1969,"LEUNGAH, SEULIMEUM, ACEH BESAR, ACEH",2,5,213,218
https://kawalpemilu.org#1970,"BEUREUNUT, SEULIMEUM, ACEH BESAR, ACEH",1,10,167,177
https://kawalpemilu.org#1971,"MEUNASAH JEUMPA, SEULIMEUM, ACEH BESAR, ACEH",1,2,98,100
https://kawalpemilu.org#1972,"PINTO KHOP, SEULIMEUM, ACEH BESAR, ACEH",1,6,88,94
https://kawalpemilu.org#1973,"BAK SETUI, SEULIMEUM, ACEH BESAR, ACEH",1,23,180,203
https://kawalpemilu.org#1974,"BAK AGHU, SEULIMEUM, ACEH BESAR, ACEH",1,12,135,147
https://kawalpemilu.org#1975,"KAYEE ADANG, SEULIMEUM, ACEH BESAR, ACEH",1,7,174,181
https://kawalpemilu.org#1976,"LAMKUK, SEULIMEUM, ACEH BESAR, ACEH",1,22,168,190
https://kawalpemilu.org#1977,"UJONG MESJID LP, SEULIMEUM, ACEH BESAR, ACEH",1,4,145,149
https://kawalpemilu.org#1978,"LAM CARAK, SEULIMEUM, ACEH BESAR, ACEH",1,26,155,181
https://kawalpemilu.org#1979,"CAPEUNG DAYAH, SEULIMEUM, ACEH BESAR, ACEH",1,13,176,189
https://kawalpemilu.org#1980,"CAPENG BAROH, SEULIMEUM, ACEH BESAR, ACEH",1,15,176,191
https://kawalpemilu.org#1981,"LAM PISANG DAYAH, SEULIMEUM, ACEH BESAR, ACEH",1,24,146,170
https://kawalpemilu.org#1981,"LAM PISANG DAYAH, SEULIMEUM, ACEH BESAR, ACEH",2,17,114,158
https://kawalpemilu.org#1982,"LAM PISANG TUNONG, SEULIMEUM, ACEH BESAR, ACEH",1,27,207,234
https://kawalpemilu.org#1982,"LAM PISANG TUNONG, SEULIMEUM, ACEH BESAR, ACEH",2,19,197,216
https://kawalpemilu.org#1983,"LAM PISANG TEUNGOH, SEULIMEUM, ACEH BESAR, ACEH",1,14,185,199
https://kawalpemilu.org#1985,"MATA IE, MONTASIK, ACEH BESAR, ACEH",2,5,207,212
https://kawalpemilu.org#1986,"GAMPONG BAROH, MONTASIK, ACEH BESAR, ACEH",3,8,205,213
https://kawalpemilu.org#1987,"LAMPASEH LHOK, MONTASIK, ACEH BESAR, ACEH",1,5,221,226
https://kawalpemilu.org#1987,"LAMPASEH LHOK, MONTASIK, ACEH BESAR, ACEH",2,9,155,164
https://kawalpemilu.org#1987,"LAMPASEH LHOK, MONTASIK, ACEH BESAR, ACEH",3,14,213,227
https://kawalpemilu.org#1988,"LAMPASEH KRUENG, MONTASIK, ACEH BESAR, ACEH",1,12,188,200
https://kawalpemilu.org#1988,"LAMPASEH KRUENG, MONTASIK, ACEH BESAR, ACEH",2,12,188,200
https://kawalpemilu.org#1989,"LAM NGA, MONTASIK, ACEH BESAR, ACEH",1,15,154,169
https://kawalpemilu.org#1989,"LAM NGA, MONTASIK, ACEH BESAR, ACEH",2,13,167,180
https://kawalpemilu.org#1992,"KP ALUE, MONTASIK, ACEH BESAR, ACEH",1,3,57,60
https://kawalpemilu.org#1995,"BAK DILIB, MONTASIK, ACEH BESAR, ACEH",1,18,220,238
https://kawalpemilu.org#1996,"ULEE LHAT, MONTASIK, ACEH BESAR, ACEH",2,5,182,187
https://kawalpemilu.org#1998,"LAMME GAROT, MONTASIK, ACEH BESAR, ACEH",1,8,198,206
https://kawalpemilu.org#1998,"LAMME GAROT, MONTASIK, ACEH BESAR, ACEH",2,6,203,209
https://kawalpemilu.org#1999,"WEU BADA, MONTASIK, ACEH BESAR, ACEH",2,5,152,157
https://kawalpemilu.org#2000,"MEUNASAH TUTONG, MONTASIK, ACEH BESAR, ACEH",1,11,241,252
https://kawalpemilu.org#2003,"WARABO, MONTASIK, ACEH BESAR, ACEH",1,5,191,196
https://kawalpemilu.org#2007,"BIRA LHOK, MONTASIK, ACEH BESAR, ACEH",1,9,269,278
https://kawalpemilu.org#2008,"BUNG TUJUH, MONTASIK, ACEH BESAR, ACEH",1,3,129,132
https://kawalpemilu.org#2008,"BUNG TUJUH, MONTASIK, ACEH BESAR, ACEH",2,6,129,135
https://kawalpemilu.org#2009,"PEURUMPING, MONTASIK, ACEH BESAR, ACEH",1,8,170,178
https://kawalpemilu.org#2010,"ATONG, MONTASIK, ACEH BESAR, ACEH",2,8,246,254
https://kawalpemilu.org#2011,"REUDEUP, MONTASIK, ACEH BESAR, ACEH",3,8,158,166
https://kawalpemilu.org#2012,"SEUBAM LHOK, MONTASIK, ACEH BESAR, ACEH",1,6,223,229
https://kawalpemilu.org#2014,"COT SEUNONG, MONTASIK, ACEH BESAR, ACEH",1,5,170,175
https://kawalpemilu.org#2018,"BUNG RAYA, MONTASIK, ACEH BESAR, ACEH",2,14,187,201
https://kawalpemilu.org#2022,"KUWEU, MONTASIK, ACEH BESAR, ACEH",1,4,176,180
https://kawalpemilu.org#2023,"PEYEUNG DATU, MONTASIK, ACEH BESAR, ACEH",1,0,0,0
https://kawalpemilu.org#2023,"PEYEUNG DATU, MONTASIK, ACEH BESAR, ACEH",2,7,162,169
https://kawalpemilu.org#2027,"DILIB LAMTEUNGOH, SUKAMAKMUR, ACEH BESAR, ACEH",1,20,146,166
https://kawalpemilu.org#2028,"BAET LAMPUOT, SUKAMAKMUR, ACEH BESAR, ACEH",1,9,147,156
https://kawalpemilu.org#2029,"DILIB BUKTI, SUKAMAKMUR, ACEH BESAR, ACEH",1,4,178,182
https://kawalpemilu.org#2029,"DILIB BUKTI, SUKAMAKMUR, ACEH BESAR, ACEH",2,12,176,188
https://kawalpemilu.org#2031,"SIBREH KEUMUDEE, SUKAMAKMUR, ACEH BESAR, ACEH",1,16,173,189
https://kawalpemilu.org#2031,"SIBREH KEUMUDEE, SUKAMAKMUR, ACEH BESAR, ACEH",2,14,166,180
https://kawalpemilu.org#2031,"SIBREH KEUMUDEE, SUKAMAKMUR, ACEH BESAR, ACEH",3,8,157,165
https://kawalpemilu.org#2034,"LAMBARO SIBREH, SUKAMAKMUR, ACEH BESAR, ACEH",1,19,173,192
https://kawalpemilu.org#2035,"LAMGEU BARO, SUKAMAKMUR, ACEH BESAR, ACEH",1,5,249,254
https://kawalpemilu.org#2036,"LAMGEU TUHA, SUKAMAKMUR, ACEH BESAR, ACEH",1,6,92,98
https://kawalpemilu.org#2039,"TAMPOK BLANG, SUKAMAKMUR, ACEH BESAR, ACEH",2,20,151,171
https://kawalpemilu.org#2041,"LAM LHEU, SUKAMAKMUR, ACEH BESAR, ACEH",1,9,143,152
https://kawalpemilu.org#2041,"LAM LHEU, SUKAMAKMUR, ACEH BESAR, ACEH",2,7,153,160
https://kawalpemilu.org#2042,"LAMBARIH JURONG RAYA, SUKAMAKMUR, ACEH BESAR, ACEH",1,15,188,203
https://kawalpemilu.org#2047,"BLANG CUT, SUKAMAKMUR, ACEH BESAR, ACEH",1,15,153,168
https://kawalpemilu.org#2048,"KLIENG MANYANG, SUKAMAKMUR, ACEH BESAR, ACEH",1,7,140,147
https://kawalpemilu.org#2048,"KLIENG MANYANG, SUKAMAKMUR, ACEH BESAR, ACEH",2,22,176,198
https://kawalpemilu.org#2049,"ANEUK BATEE, SUKAMAKMUR, ACEH BESAR, ACEH",2,7,125,132
https://kawalpemilu.org#2050,"MEUNASAH TUHA, SUKAMAKMUR, ACEH BESAR, ACEH",1,8,174,182
https://kawalpemilu.org#2052,"MEUNASAH BAKTHU, SUKAMAKMUR, ACEH BESAR, ACEH",1,15,117,132
https://kawalpemilu.org#2053,"LAMBARIH BAK MEE, SUKAMAKMUR, ACEH BESAR, ACEH",1,24,227,251
https://kawalpemilu.org#2057,"LAMBIRAH, SUKAMAKMUR, ACEH BESAR, ACEH",1,11,125,136
https://kawalpemilu.org#2062,"LAMPEUNEURUT GAMPONG, DARUL IMARAH, ACEH BESAR, ACEH",2,8,177,185
https://kawalpemilu.org#2062,"LAMPEUNEURUT GAMPONG, DARUL IMARAH, ACEH BESAR, ACEH",3,19,163,182
https://kawalpemilu.org#2063,"LAMREUNG, DARUL IMARAH, ACEH BESAR, ACEH",1,17,180,197
https://kawalpemilu.org#2063,"LAMREUNG, DARUL IMARAH, ACEH BESAR, ACEH",2,15,207,222
https://kawalpemilu.org#2063,"LAMREUNG, DARUL IMARAH, ACEH BESAR, ACEH",3,8,181,189
https://kawalpemilu.org#2063,"LAMREUNG, DARUL IMARAH, ACEH BESAR, ACEH",4,15,190,205
https://kawalpemilu.org#2063,"LAMREUNG, DARUL IMARAH, ACEH BESAR, ACEH",5,14,223,237
https://kawalpemilu.org#2063,"LAMREUNG, DARUL IMARAH, ACEH BESAR, ACEH",6,15,192,207
https://kawalpemilu.org#2064,"LAMCOT, DARUL IMARAH, ACEH BESAR, ACEH",1,22,224,246
https://kawalpemilu.org#2064,"LAMCOT, DARUL IMARAH, ACEH BESAR, ACEH",3,24,193,217
https://kawalpemilu.org#2064,"LAMCOT, DARUL IMARAH, ACEH BESAR, ACEH",4,25,205,230
https://kawalpemilu.org#2065,"LAM BLANG TRIENG, DARUL IMARAH, ACEH BESAR, ACEH",1,16,203,219
https://kawalpemilu.org#2065,"LAM BLANG TRIENG, DARUL IMARAH, ACEH BESAR, ACEH",2,12,211,223
https://kawalpemilu.org#2067,"BAYU, DARUL IMARAH, ACEH BESAR, ACEH",1,8,164,172
https://kawalpemilu.org#2067,"BAYU, DARUL IMARAH, ACEH BESAR, ACEH",2,14,188,202
https://kawalpemilu.org#2067,"BAYU, DARUL IMARAH, ACEH BESAR, ACEH",3,15,194,209
https://kawalpemilu.org#2067,"BAYU, DARUL IMARAH, ACEH BESAR, ACEH",4,6,187,193
https://kawalpemilu.org#2068,"LAGANG, DARUL IMARAH, ACEH BESAR, ACEH",1,16,214,230
https://kawalpemilu.org#2068,"LAGANG, DARUL IMARAH, ACEH BESAR, ACEH",2,8,176,184
https://kawalpemilu.org#2069,"LAMSITEH, DARUL IMARAH, ACEH BESAR, ACEH",1,13,248,261
https://kawalpemilu.org#2070,"LAM KAWE, DARUL IMARAH, ACEH BESAR, ACEH",1,20,208,228
https://kawalpemilu.org#2070,"LAM KAWE, DARUL IMARAH, ACEH BESAR, ACEH",2,14,203,217
https://kawalpemilu.org#2071,"LHEU BLANG, DARUL IMARAH, ACEH BESAR, ACEH",1,21,218,239
https://kawalpemilu.org#2071,"LHEU BLANG, DARUL IMARAH, ACEH BESAR, ACEH",2,21,211,232
https://kawalpemilu.org#2073,"LAMSIDAYA, DARUL IMARAH, ACEH BESAR, ACEH",3,12,202,204
https://kawalpemilu.org#2074,"KUTA KARANG, DARUL IMARAH, ACEH BESAR, ACEH",1,8,249,257
https://kawalpemilu.org#2074,"KUTA KARANG, DARUL IMARAH, ACEH BESAR, ACEH",2,9,192,201
https://kawalpemilu.org#2076,"LAMPEUNEUEN, DARUL IMARAH, ACEH BESAR, ACEH",2,12,173,185
https://kawalpemilu.org#2077,"LAMTHEUN, DARUL IMARAH, ACEH BESAR, ACEH",1,16,186,202
https://kawalpemilu.org#2077,"LAMTHEUN, DARUL IMARAH, ACEH BESAR, ACEH",2,30,192,222
https://kawalpemilu.org#2078,"DEUNONG, DARUL IMARAH, ACEH BESAR, ACEH",1,12,200,212
https://kawalpemilu.org#2078,"DEUNONG, DARUL IMARAH, ACEH BESAR, ACEH",2,15,201,216
https://kawalpemilu.org#2080,"KANDANG, DARUL IMARAH, ACEH BESAR, ACEH",1,11,192,203
https://kawalpemilu.org#2081,"LAM BHEU, DARUL IMARAH, ACEH BESAR, ACEH",1,16,181,197
https://kawalpemilu.org#2081,"LAM BHEU, DARUL IMARAH, ACEH BESAR, ACEH",2,19,165,184
https://kawalpemilu.org#2081,"LAM BHEU, DARUL IMARAH, ACEH BESAR, ACEH",3,40,192,232
https://kawalpemilu.org#2081,"LAM BHEU, DARUL IMARAH, ACEH BESAR, ACEH",4,31,146,177
https://kawalpemilu.org#2081,"LAM BHEU, DARUL IMARAH, ACEH BESAR, ACEH",5,20,168,188
https://kawalpemilu.org#2081,"LAM BHEU, DARUL IMARAH, ACEH BESAR, ACEH",6,14,158,172
https://kawalpemilu.org#2081,"LAM BHEU, DARUL IMARAH, ACEH BESAR, ACEH",7,27,185,212
https://kawalpemilu.org#2081,"LAM BHEU, DARUL IMARAH, ACEH BESAR, ACEH",8,19,165,184
https://kawalpemilu.org#2081,"LAM BHEU, DARUL IMARAH, ACEH BESAR, ACEH",9,22,174,196
https://kawalpemilu.org#2081,"LAM BHEU, DARUL IMARAH, ACEH BESAR, ACEH",10,22,161,183
https://kawalpemilu.org#2081,"LAM BHEU, DARUL IMARAH, ACEH BESAR, ACEH",11,14,185,199
https://kawalpemilu.org#2081,"LAM BHEU, DARUL IMARAH, ACEH BESAR, ACEH",12,21,202,223
https://kawalpemilu.org#2081,"LAM BHEU, DARUL IMARAH, ACEH BESAR, ACEH",13,17,144,161
https://kawalpemilu.org#2081,"LAM BHEU, DARUL IMARAH, ACEH BESAR, ACEH",14,20,140,160
https://kawalpemilu.org#2081,"LAM BHEU, DARUL IMARAH, ACEH BESAR, ACEH",15,23,152,175
https://kawalpemilu.org#2082,"DAROY KAMEU, DARUL IMARAH, ACEH BESAR, ACEH",1,16,163,179
https://kawalpemilu.org#2082,"DAROY KAMEU, DARUL IMARAH, ACEH BESAR, ACEH",2,17,134,151
https://kawalpemilu.org#2083,"GEUNDRIENG, DARUL IMARAH, ACEH BESAR, ACEH",1,21,188,209
https://kawalpemilu.org#2083,"GEUNDRIENG, DARUL IMARAH, ACEH BESAR, ACEH",2,20,174,194
https://kawalpemilu.org#2084,"GAROT, DARUL IMARAH, ACEH BESAR, ACEH",1,19,154,173
https://kawalpemilu.org#2084,"GAROT, DARUL IMARAH, ACEH BESAR, ACEH",2,31,174,205
https://kawalpemilu.org#2084,"GAROT, DARUL IMARAH, ACEH BESAR, ACEH",3,26,170,196
https://kawalpemilu.org#2084,"GAROT, DARUL IMARAH, ACEH BESAR, ACEH",4,36,160,196
https://kawalpemilu.org#2084,"GAROT, DARUL IMARAH, ACEH BESAR, ACEH",5,30,129,159
https://kawalpemilu.org#2084,"GAROT, DARUL IMARAH, ACEH BESAR, ACEH",6,20,157,177
https://kawalpemilu.org#2084,"GAROT, DARUL IMARAH, ACEH BESAR, ACEH",7,13,183,196
https://kawalpemilu.org#2084,"GAROT, DARUL IMARAH, ACEH BESAR, ACEH",8,26,145,171
https://kawalpemilu.org#2084,"GAROT, DARUL IMARAH, ACEH BESAR, ACEH",9,28,165,193
https://kawalpemilu.org#2084,"GAROT, DARUL IMARAH, ACEH BESAR, ACEH",10,28,173,201
https://kawalpemilu.org#2084,"GAROT, DARUL IMARAH, ACEH BESAR, ACEH",11,29,156,185
https://kawalpemilu.org#2084,"GAROT, DARUL IMARAH, ACEH BESAR, ACEH",12,32,132,164
https://kawalpemilu.org#2084,"GAROT, DARUL IMARAH, ACEH BESAR, ACEH",13,19,136,155
https://kawalpemilu.org#2084,"GAROT, DARUL IMARAH, ACEH BESAR, ACEH",14,23,160,183
https://kawalpemilu.org#2085,"PASHEU BEUTONG, DARUL IMARAH, ACEH BESAR, ACEH",1,18,157,175
https://kawalpemilu.org#2086,"PASIE ENGKING, DARUL IMARAH, ACEH BESAR, ACEH",1,14,220,234
https://kawalpemilu.org#2086,"PASIE ENGKING, DARUL IMARAH, ACEH BESAR, ACEH",2,6,204,210
https://kawalpemilu.org#2086,"PASIE ENGKING, DARUL IMARAH, ACEH BESAR, ACEH",3,31,207,238
https://kawalpemilu.org#2086,"PASIE ENGKING, DARUL IMARAH, ACEH BESAR, ACEH",4,7,225,232
https://kawalpemilu.org#2086,"PASIE ENGKING, DARUL IMARAH, ACEH BESAR, ACEH",5,20,200,220
https://kawalpemilu.org#2087,"JEUMPET AJUN, DARUL IMARAH, ACEH BESAR, ACEH",1,19,196,215
https://kawalpemilu.org#2087,"JEUMPET AJUN, DARUL IMARAH, ACEH BESAR, ACEH",2,18,183,200
https://kawalpemilu.org#2087,"JEUMPET AJUN, DARUL IMARAH, ACEH BESAR, ACEH",3,21,211,232
https://kawalpemilu.org#2087,"JEUMPET AJUN, DARUL IMARAH, ACEH BESAR, ACEH",4,26,186,212
https://kawalpemilu.org#2087,"JEUMPET AJUN, DARUL IMARAH, ACEH BESAR, ACEH",5,27,201,228
https://kawalpemilu.org#2088,"GUE GAJAH, DARUL IMARAH, ACEH BESAR, ACEH",1,24,235,259
https://kawalpemilu.org#2088,"GUE GAJAH, DARUL IMARAH, ACEH BESAR, ACEH",2,33,212,245
https://kawalpemilu.org#2088,"GUE GAJAH, DARUL IMARAH, ACEH BESAR, ACEH",6,32,201,233
https://kawalpemilu.org#2088,"GUE GAJAH, DARUL IMARAH, ACEH BESAR, ACEH",7,27,202,229
https://kawalpemilu.org#2088,"GUE GAJAH, DARUL IMARAH, ACEH BESAR, ACEH",8,26,234,260
https://kawalpemilu.org#2088,"GUE GAJAH, DARUL IMARAH, ACEH BESAR, ACEH",9,27,165,192
https://kawalpemilu.org#2088,"GUE GAJAH, DARUL IMARAH, ACEH BESAR, ACEH",10,15,201,216
https://kawalpemilu.org#2088,"GUE GAJAH, DARUL IMARAH, ACEH BESAR, ACEH",12,32,189,221
https://kawalpemilu.org#2088,"GUE GAJAH, DARUL IMARAH, ACEH BESAR, ACEH",13,26,200,226
https://kawalpemilu.org#2088,"GUE GAJAH, DARUL IMARAH, ACEH BESAR, ACEH",14,38,162,200
https://kawalpemilu.org#2089,"LEU UE, DARUL IMARAH, ACEH BESAR, ACEH",1,17,183,200
https://kawalpemilu.org#2089,"LEU UE, DARUL IMARAH, ACEH BESAR, ACEH",2,14,187,201
https://kawalpemilu.org#2089,"LEU UE, DARUL IMARAH, ACEH BESAR, ACEH",3,28,159,187
https://kawalpemilu.org#2090,"ULEE LUENG, DARUL IMARAH, ACEH BESAR, ACEH",1,15,245,260
https://kawalpemilu.org#2090,"ULEE LUENG, DARUL IMARAH, ACEH BESAR, ACEH",2,11,239,250
https://kawalpemilu.org#2094,"LAMBADEUK, PEUKAN BADA, ACEH BESAR, ACEH",1,15,146,161
https://kawalpemilu.org#2095,"LAMGURON, PEUKAN BADA, ACEH BESAR, ACEH",1,6,91,97
https://kawalpemilu.org#2096,"LAMBARO NEJID, PEUKAN BADA, ACEH BESAR, ACEH",1,10,158,168
https://kawalpemilu.org#2096,"LAMBARO NEJID, PEUKAN BADA, ACEH BESAR, ACEH",2,8,171,179
https://kawalpemilu.org#2096,"LAMBARO NEJID, PEUKAN BADA, ACEH BESAR, ACEH",3,14,149,163
https://kawalpemilu.org#2097,"LAMPAGEU, PEUKAN BADA, ACEH BESAR, ACEH",1,9,209,218
https://kawalpemilu.org#2098,"GAMPONG BARO, PEUKAN BADA, ACEH BESAR, ACEH",1,32,208,240
https://kawalpemilu.org#2099,"LAM MANYANG, PEUKAN BADA, ACEH BESAR, ACEH",1,7,109,116
https://kawalpemilu.org#2099,"LAM MANYANG, PEUKAN BADA, ACEH BESAR, ACEH",2,12,108,120
https://kawalpemilu.org#2100,"LAMTEH, PEUKAN BADA, ACEH BESAR, ACEH",1,15,148,163
https://kawalpemilu.org#2100,"LAMTEH, PEUKAN BADA, ACEH BESAR, ACEH",2,16,132,148
https://kawalpemilu.org#2101,"LAM LUMPU, PEUKAN BADA, ACEH BESAR, ACEH",1,16,220,236
https://kawalpemilu.org#2101,"LAM LUMPU, PEUKAN BADA, ACEH BESAR, ACEH",2,17,237,254
https://kawalpemilu.org#2101,"LAM LUMPU, PEUKAN BADA, ACEH BESAR, ACEH",3,29,198,227
https://kawalpemilu.org#2102,"LAM TEUNGOH, PEUKAN BADA, ACEH BESAR, ACEH",1,24,162,186
https://kawalpemilu.org#2103,"LAM TUTUI, PEUKAN BADA, ACEH BESAR, ACEH",1,30,135,165
https://kawalpemilu.org#2104,"MEUNASAH TUHA, PEUKAN BADA, ACEH BESAR, ACEH",1,16,146,162
https://kawalpemilu.org#2104,"MEUNASAH TUHA, PEUKAN BADA, ACEH BESAR, ACEH",2,19,153,172
https://kawalpemilu.org#2105,"LAM AWE, PEUKAN BADA, ACEH BESAR, ACEH",1,13,132,145
https://kawalpemilu.org#2106,"PULO BUNTA, PEUKAN BADA, ACEH BESAR, ACEH",1,4,44,48
https://kawalpemilu.org#2107,"BEURADEUN, PEUKAN BADA, ACEH BESAR, ACEH",1,18,233,251
https://kawalpemilu.org#2108,"LAMPISANG, PEUKAN BADA, ACEH BESAR, ACEH",1,10,184,194
https://kawalpemilu.org#2108,"LAMPISANG, PEUKAN BADA, ACEH BESAR, ACEH",2,6,134,140
https://kawalpemilu.org#2108,"LAMPISANG, PEUKAN BADA, ACEH BESAR, ACEH",3,7,153,160
https://kawalpemilu.org#2109,"KEUNEU UE, PEUKAN BADA, ACEH BESAR, ACEH",1,8,141,149
https://kawalpemilu.org#2109,"KEUNEU UE, PEUKAN BADA, ACEH BESAR, ACEH",2,10,175,185
https://kawalpemilu.org#2110,"LAM ISEK, PEUKAN BADA, ACEH BESAR, ACEH",1,23,168,191
https://kawalpemilu.org#2110,"LAM ISEK, PEUKAN BADA, ACEH BESAR, ACEH",2,21,161,182
https://kawalpemilu.org#2111,"LAMKEUMOK, PEUKAN BADA, ACEH BESAR, ACEH",1,25,148,173
https://kawalpemilu.org#2112,"LAM RUKAM, PEUKAN BADA, ACEH BESAR, ACEH",1,20,179,199
https://kawalpemilu.org#2113,"GURAH, PEUKAN BADA, ACEH BESAR, ACEH",1,32,208,240
https://kawalpemilu.org#2114,"RIMA JEUNEU, PEUKAN BADA, ACEH BESAR, ACEH",1,18,165,183
https://kawalpemilu.org#2114,"RIMA JEUNEU, PEUKAN BADA, ACEH BESAR, ACEH",2,11,166,177
https://kawalpemilu.org#2114,"RIMA JEUNEU, PEUKAN BADA, ACEH BESAR, ACEH",3,11,164,175
https://kawalpemilu.org#2115,"LAM GEU EU, PEUKAN BADA, ACEH BESAR, ACEH",1,18,217,235
https://kawalpemilu.org#2115,"LAM GEU EU, PEUKAN BADA, ACEH BESAR, ACEH",2,12,222,234
https://kawalpemilu.org#2115,"LAM GEU EU, PEUKAN BADA, ACEH BESAR, ACEH",3,12,201,213
https://kawalpemilu.org#2115,"LAM GEU EU, PEUKAN BADA, ACEH BESAR, ACEH",4,8,123,131
https://kawalpemilu.org#2116,"LAM HASAN, PEUKAN BADA, ACEH BESAR, ACEH",1,26,189,215
https://kawalpemilu.org#2116,"LAM HASAN, PEUKAN BADA, ACEH BESAR, ACEH",2,28,196,224
https://kawalpemilu.org#2116,"LAM HASAN, PEUKAN BADA, ACEH BESAR, ACEH",3,8,205,213
https://kawalpemilu.org#2116,"LAM HASAN, PEUKAN BADA, ACEH BESAR, ACEH",4,25,213,238
https://kawalpemilu.org#2116,"LAM HASAN, PEUKAN BADA, ACEH BESAR, ACEH",5,25,206,231
https://kawalpemilu.org#2116,"LAM HASAN, PEUKAN BADA, ACEH BESAR, ACEH",6,21,229,250
https://kawalpemilu.org#2116,"LAM HASAN, PEUKAN BADA, ACEH BESAR, ACEH",7,19,194,213
https://kawalpemilu.org#2117,"PAYA TIENG, PEUKAN BADA, ACEH BESAR, ACEH",1,15,194,209
https://kawalpemilu.org#2117,"PAYA TIENG, PEUKAN BADA, ACEH BESAR, ACEH",2,31,158,189
https://kawalpemilu.org#2118,"AJUEN, PEUKAN BADA, ACEH BESAR, ACEH",1,22,186,208
https://kawalpemilu.org#2118,"AJUEN, PEUKAN BADA, ACEH BESAR, ACEH",2,18,206,224
https://kawalpemilu.org#2118,"AJUEN, PEUKAN BADA, ACEH BESAR, ACEH",3,22,168,190
https://kawalpemilu.org#2118,"AJUEN, PEUKAN BADA, ACEH BESAR, ACEH",4,10,215,225
https://kawalpemilu.org#2118,"AJUEN, PEUKAN BADA, ACEH BESAR, ACEH",5,12,210,222
https://kawalpemilu.org#2118,"AJUEN, PEUKAN BADA, ACEH BESAR, ACEH",6,38,176,214
https://kawalpemilu.org#2118,"AJUEN, PEUKAN BADA, ACEH BESAR, ACEH",7,9,181,190
https://kawalpemilu.org#2119,"RIMA KEUNEUROM, PEUKAN BADA, ACEH BESAR, ACEH",1,33,222,255
https://kawalpemilu.org#2119,"RIMA KEUNEUROM, PEUKAN BADA, ACEH BESAR, ACEH",2,34,174,208
https://kawalpemilu.org#2127,"PAYA KAMENG, MESJID RAYA, ACEH BESAR, ACEH",1,11,144,155
https://kawalpemilu.org#2132,"NEUHEUN, MESJID RAYA, ACEH BESAR, ACEH",6,16,104,120
https://kawalpemilu.org#2136,"MEUNASAH MANYANG LG, INGIN JAYA, ACEH BESAR, ACEH",1,11,213,224
https://kawalpemilu.org#2138,"MEUNASAH BARO, INGIN JAYA, ACEH BESAR, ACEH",1,8,251,259
https://kawalpemilu.org#2140,"MEUNASAH TUTONG, INGIN JAYA, ACEH BESAR, ACEH",1,14,250,264
https://kawalpemilu.org#2142,"PASI LAMGAROT, INGIN JAYA, ACEH BESAR, ACEH",1,10,275,285
https://kawalpemilu.org#2142,"PASI LAMGAROT, INGIN JAYA, ACEH BESAR, ACEH",2,11,281,292
https://kawalpemilu.org#2145,"LUBUK SUKON, INGIN JAYA, ACEH BESAR, ACEH",1,12,255,267
https://kawalpemilu.org#2145,"LUBUK SUKON, INGIN JAYA, ACEH BESAR, ACEH",2,18,241,259
https://kawalpemilu.org#2154,"ATEUK LUENG IE, INGIN JAYA, ACEH BESAR, ACEH",1,11,148,159
https://kawalpemilu.org#2154,"ATEUK LUENG IE, INGIN JAYA, ACEH BESAR, ACEH",2,11,131,142
https://kawalpemilu.org#2156,"COT SURUY, INGIN JAYA, ACEH BESAR, ACEH",1,21,257,278
https://kawalpemilu.org#2160,"JURONG PEUJERA, INGIN JAYA, ACEH BESAR, ACEH",3,22,226,248
https://kawalpemilu.org#2165,"MEUNASAH MANYET, INGIN JAYA, ACEH BESAR, ACEH",1,27,244,271
https://kawalpemilu.org#2165,"MEUNASAH MANYET, INGIN JAYA, ACEH BESAR, ACEH",2,10,137,147
https://kawalpemilu.org#2166,"SANTAN, INGIN JAYA, ACEH BESAR, ACEH",1,28,227,255
https://kawalpemilu.org#2166,"SANTAN, INGIN JAYA, ACEH BESAR, ACEH",2,38,183,221
https://kawalpemilu.org#2167,"TANJONG, INGIN JAYA, ACEH BESAR, ACEH",1,23,173,196
https://kawalpemilu.org#2167,"TANJONG, INGIN JAYA, ACEH BESAR, ACEH",2,20,188,208
https://kawalpemilu.org#2168,"REULOH, INGIN JAYA, ACEH BESAR, ACEH",1,11,279,290
https://kawalpemilu.org#2168,"REULOH, INGIN JAYA, ACEH BESAR, ACEH",2,19,244,263
https://kawalpemilu.org#2168,"REULOH, INGIN JAYA, ACEH BESAR, ACEH",3,24,228,252
https://kawalpemilu.org#2169,"PALEUH BLANG, INGIN JAYA, ACEH BESAR, ACEH",1,15,238,253
https://kawalpemilu.org#2171,"LAMPREH LAMJAMPOK, INGIN JAYA, ACEH BESAR, ACEH",1,14,133,147
https://kawalpemilu.org#2174,"LAM SINYEU, INGIN JAYA, ACEH BESAR, ACEH",1,5,74,79
https://kawalpemilu.org#2176,"LAM DAYA, INGIN JAYA, ACEH BESAR, ACEH",1,6,126,132
https://kawalpemilu.org#2180,"LAM TEUNGOH, INGIN JAYA, ACEH BESAR, ACEH",1,13,172,185
https://kawalpemilu.org#2180,"LAM TEUNGOH, INGIN JAYA, ACEH BESAR, ACEH",2,12,177,189
https://kawalpemilu.org#2182,"KAYEE LEE, INGIN JAYA, ACEH BESAR, ACEH",1,18,167,185
https://kawalpemilu.org#2182,"KAYEE LEE, INGIN JAYA, ACEH BESAR, ACEH",3,11,201,212
https://kawalpemilu.org#2183,"LAMPREH LAMTEUNGOH, INGIN JAYA, ACEH BESAR, ACEH",1,16,235,251
https://kawalpemilu.org#2184,"LUBUK BATEE, INGIN JAYA, ACEH BESAR, ACEH",1,17,229,246
https://kawalpemilu.org#2186,"KRUENG ANOI, KUTA BARO, ACEH BESAR, ACEH",1,17,176,193
https://kawalpemilu.org#2186,"KRUENG ANOI, KUTA BARO, ACEH BESAR, ACEH",3,20,139,159
https://kawalpemilu.org#2187,"LAMPUUK, KUTA BARO, ACEH BESAR, ACEH",1,9,161,170
https://kawalpemilu.org#2188,"COT BEUT, KUTA BARO, ACEH BESAR, ACEH",1,11,155,166
https://kawalpemilu.org#2188,"COT BEUT, KUTA BARO, ACEH BESAR, ACEH",2,10,155,165
https://kawalpemilu.org#2189,"BUENG BAK JOK, KUTA BARO, ACEH BESAR, ACEH",1,8,206,214
https://kawalpemilu.org#2189,"BUENG BAK JOK, KUTA BARO, ACEH BESAR, ACEH",2,19,217,236
https://kawalpemilu.org#2190,"LAM NEUHEUN, KUTA BARO, ACEH BESAR, ACEH",1,22,221,243
https://kawalpemilu.org#2191,"SEUPEU, KUTA BARO, ACEH BESAR, ACEH",1,41,205,246
https://kawalpemilu.org#2191,"SEUPEU, KUTA BARO, ACEH BESAR, ACEH",2,22,189,211
https://kawalpemilu.org#2192,"COT MANCANG, KUTA BARO, ACEH BESAR, ACEH",1,6,129,135
https://kawalpemilu.org#2192,"COT MANCANG, KUTA BARO, ACEH BESAR, ACEH",2,10,184,194
https://kawalpemilu.org#2193,"LAM BAET, KUTA BARO, ACEH BESAR, ACEH",1,10,176,186
https://kawalpemilu.org#2193,"LAM BAET, KUTA BARO, ACEH BESAR, ACEH",2,6,184,190
https://kawalpemilu.org#2193,"LAM BAET, KUTA BARO, ACEH BESAR, ACEH",3,4,172,176
https://kawalpemilu.org#2194,"COT MASAM, KUTA BARO, ACEH BESAR, ACEH",1,15,255,270
https://kawalpemilu.org#2195,"GUE, KUTA BARO, ACEH BESAR, ACEH",1,2,131,133
https://kawalpemilu.org#2195,"GUE, KUTA BARO, ACEH BESAR, ACEH",2,9,146,155
https://kawalpemilu.org#2196,"LAM SABANG, KUTA BARO, ACEH BESAR, ACEH",1,25,180,205
https://kawalpemilu.org#2197,"LAM ALUE RAYA, KUTA BARO, ACEH BESAR, ACEH",1,33,136,169
https://kawalpemilu.org#2198,"LAM ALUE CUT, KUTA BARO, ACEH BESAR, ACEH",1,13,113,126
https://kawalpemilu.org#2198,"LAM ALUE CUT, KUTA BARO, ACEH BESAR, ACEH",2,15,155,170
https://kawalpemilu.org#2199,"LEUPUNG MASJID, KUTA BARO, ACEH BESAR, ACEH",1,35,128,163
https://kawalpemilu.org#2200,"COT LAM MEE, KUTA BARO, ACEH BESAR, ACEH",1,17,217,234
https://kawalpemilu.org#2201,"LAMPOH TAROM, KUTA BARO, ACEH BESAR, ACEH",1,20,133,153
https://kawalpemilu.org#2201,"LAMPOH TAROM, KUTA BARO, ACEH BESAR, ACEH",2,15,139,154
https://kawalpemilu.org#2202,"LAMTEUBEE GEUPULA, KUTA BARO, ACEH BESAR, ACEH",1,17,194,211
https://kawalpemilu.org#2203,"LAMTEUBEE MON ARA, KUTA BARO, ACEH BESAR, ACEH",1,14,113,127
https://kawalpemilu.org#2204,"ARON, KUTA BARO, ACEH BESAR, ACEH",1,8,111,119
https://kawalpemilu.org#2205,"BAK BULOH, KUTA BARO, ACEH BESAR, ACEH",1,21,109,130
https://kawalpemilu.org#2206,"LAM SEUNONG, KUTA BARO, ACEH BESAR, ACEH",1,14,111,125
https://kawalpemilu.org#2206,"LAM SEUNONG, KUTA BARO, ACEH BESAR, ACEH",2,13,159,172
https://kawalpemilu.org#2207,"LAM RAYA, KUTA BARO, ACEH BESAR, ACEH",2,16,139,155
https://kawalpemilu.org#2208,"LAM ROH, KUTA BARO, ACEH BESAR, ACEH",1,5,69,74
https://kawalpemilu.org#2210,"TUMPOK LAMPOH, KUTA BARO, ACEH BESAR, ACEH",1,13,192,205
https://kawalpemilu.org#2211,"PUUK, KUTA BARO, ACEH BESAR, ACEH",1,15,156,171
https://kawalpemilu.org#2211,"PUUK, KUTA BARO, ACEH BESAR, ACEH",2,11,113,124
https://kawalpemilu.org#2212,"LAMBUNOT PAYA, KUTA BARO, ACEH BESAR, ACEH",1,29,224,253
https://kawalpemilu.org#2213,"LAMPOH KEUDEE, KUTA BARO, ACEH BESAR, ACEH",1,10,160,170
https://kawalpemilu.org#2213,"LAMPOH KEUDEE, KUTA BARO, ACEH BESAR, ACEH",2,12,163,175
https://kawalpemilu.org#2214,"LAM ASAN, KUTA BARO, ACEH BESAR, ACEH",1,17,221,238
https://kawalpemilu.org#2214,"LAM ASAN, KUTA BARO, ACEH BESAR, ACEH",2,11,136,147
https://kawalpemilu.org#2215,"LAMBRO DEYAH, KUTA BARO, ACEH BESAR, ACEH",1,22,237,259
https://kawalpemilu.org#2216,"LAMBRO BILEU, KUTA BARO, ACEH BESAR, ACEH",1,14,177,191
https://kawalpemilu.org#2216,"LAMBRO BILEU, KUTA BARO, ACEH BESAR, ACEH",2,20,176,196
https://kawalpemilu.org#2216,"LAMBRO BILEU, KUTA BARO, ACEH BESAR, ACEH",3,6,185,191
https://kawalpemilu.org#2216,"LAMBRO BILEU, KUTA BARO, ACEH BESAR, ACEH",4,11,174,185
https://kawalpemilu.org#2217,"COT PEUTANO, KUTA BARO, ACEH BESAR, ACEH",1,11,137,148
https://kawalpemilu.org#2217,"COT PEUTANO, KUTA BARO, ACEH BESAR, ACEH",2,12,127,139
https://kawalpemilu.org#2218,"COT CUT, KUTA BARO, ACEH BESAR, ACEH",1,11,169,180
https://kawalpemilu.org#2218,"COT CUT, KUTA BARO, ACEH BESAR, ACEH",2,17,172,189
https://kawalpemilu.org#2218,"COT CUT, KUTA BARO, ACEH BESAR, ACEH",3,8,153,161
https://kawalpemilu.org#2219,"MEUNASAH BAK TRIENG, KUTA BARO, ACEH BESAR, ACEH",1,18,204,222
https://kawalpemilu.org#2220,"BABAH JURONG, KUTA BARO, ACEH BESAR, ACEH",1,5,161,166
https://kawalpemilu.org#2220,"BABAH JURONG, KUTA BARO, ACEH BESAR, ACEH",2,14,158,172
https://kawalpemilu.org#2220,"BABAH JURONG, KUTA BARO, ACEH BESAR, ACEH",3,11,151,162
https://kawalpemilu.org#2220,"BABAH JURONG, KUTA BARO, ACEH BESAR, ACEH",4,17,170,187
https://kawalpemilu.org#2221,"LAM GLUMPANG, KUTA BARO, ACEH BESAR, ACEH",1,14,195,209
https://kawalpemilu.org#2222,"RABEU, KUTA BARO, ACEH BESAR, ACEH",1,7,157,164
https://kawalpemilu.org#2222,"RABEU, KUTA BARO, ACEH BESAR, ACEH",2,4,160,164
https://kawalpemilu.org#2223,"CUCUM, KUTA BARO, ACEH BESAR, ACEH",1,13,204,217
https://kawalpemilu.org#2223,"CUCUM, KUTA BARO, ACEH BESAR, ACEH",2,16,202,218
https://kawalpemilu.org#2224,"DEYAH, KUTA BARO, ACEH BESAR, ACEH",1,11,172,183
https://kawalpemilu.org#2224,"DEYAH, KUTA BARO, ACEH BESAR, ACEH",2,17,154,171
https://kawalpemilu.org#2225,"LAM TRIENG, KUTA BARO, ACEH BESAR, ACEH",1,31,195,226
https://kawalpemilu.org#2226,"BEURANGONG, KUTA BARO, ACEH BESAR, ACEH",1,9,130,139
https://kawalpemilu.org#2226,"BEURANGONG, KUTA BARO, ACEH BESAR, ACEH",2,13,116,129
https://kawalpemilu.org#2227,"COT PREH, KUTA BARO, ACEH BESAR, ACEH",1,10,193,203
https://kawalpemilu.org#2227,"COT PREH, KUTA BARO, ACEH BESAR, ACEH",2,10,179,189
https://kawalpemilu.org#2227,"COT PREH, KUTA BARO, ACEH BESAR, ACEH",3,7,160,167
https://kawalpemilu.org#2228,"COT RAYA, KUTA BARO, ACEH BESAR, ACEH",1,16,144,160
https://kawalpemilu.org#2228,"COT RAYA, KUTA BARO, ACEH BESAR, ACEH",2,15,160,175
https://kawalpemilu.org#2230,"UJONG BLANG, KUTA BARO, ACEH BESAR, ACEH",1,18,172,190
https://kawalpemilu.org#2230,"UJONG BLANG, KUTA BARO, ACEH BESAR, ACEH",2,11,180,191
https://kawalpemilu.org#2231,"LAM CEU, KUTA BARO, ACEH BESAR, ACEH",1,12,192,204
https://kawalpemilu.org#2231,"LAM CEU, KUTA BARO, ACEH BESAR, ACEH",2,17,177,194
https://kawalpemilu.org#2231,"LAM CEU, KUTA BARO, ACEH BESAR, ACEH",3,11,198,209
https://kawalpemilu.org#2232,"LEUPUNG ULEE ALUE, KUTA BARO, ACEH BESAR, ACEH",1,26,169,195
https://kawalpemilu.org#2234,"ANGAN, DARUSSALAM, ACEH BESAR, ACEH",1,20,141,161
https://kawalpemilu.org#2235,"LAM PEUDAYA, DARUSSALAM, ACEH BESAR, ACEH",1,16,186,202
https://kawalpemilu.org#2235,"LAM PEUDAYA, DARUSSALAM, ACEH BESAR, ACEH",2,17,146,163
https://kawalpemilu.org#2236,"LAMBADA PEUKAN, DARUSSALAM, ACEH BESAR, ACEH",1,10,190,200
https://kawalpemilu.org#2236,"LAMBADA PEUKAN, DARUSSALAM, ACEH BESAR, ACEH",2,7,185,192
https://kawalpemilu.org#2237,"LAMBIHEU LA, DARUSSALAM, ACEH BESAR, ACEH",1,7,167,174
https://kawalpemilu.org#2237,"LAMBIHEU LA, DARUSSALAM, ACEH BESAR, ACEH",2,9,172,181
https://kawalpemilu.org#2238,"LAMBARO SUKON, DARUSSALAM, ACEH BESAR, ACEH",1,1,202,203
https://kawalpemilu.org#2238,"LAMBARO SUKON, DARUSSALAM, ACEH BESAR, ACEH",2,5,232,237
https://kawalpemilu.org#2239,"MIRUEK TAMAN, DARUSSALAM, ACEH BESAR, ACEH",1,19,200,219
https://kawalpemilu.org#2239,"MIRUEK TAMAN, DARUSSALAM, ACEH BESAR, ACEH",2,17,202,219
https://kawalpemilu.org#2239,"MIRUEK TAMAN, DARUSSALAM, ACEH BESAR, ACEH",3,17,192,209
https://kawalpemilu.org#2240,"SULEUE, DARUSSALAM, ACEH BESAR, ACEH",1,20,133,153
https://kawalpemilu.org#2241,"COT, DARUSSALAM, ACEH BESAR, ACEH",1,13,218,231
https://kawalpemilu.org#2241,"COT, DARUSSALAM, ACEH BESAR, ACEH",2,14,178,192
https://kawalpemilu.org#2242,"KAMPUNG BLANG, DARUSSALAM, ACEH BESAR, ACEH",1,14,162,176
https://kawalpemilu.org#2242,"KAMPUNG BLANG, DARUSSALAM, ACEH BESAR, ACEH",2,11,187,198
https://kawalpemilu.org#2243,"LAMPUJA, DARUSSALAM, ACEH BESAR, ACEH",1,3,167,170
https://kawalpemilu.org#2244,"TANJUNG DEAH, DARUSSALAM, ACEH BESAR, ACEH",1,19,179,198
https://kawalpemilu.org#2244,"TANJUNG DEAH, DARUSSALAM, ACEH BESAR, ACEH",2,10,188,198
https://kawalpemilu.org#2244,"TANJUNG DEAH, DARUSSALAM, ACEH BESAR, ACEH",3,9,200,209
https://kawalpemilu.org#2245,"LIMPOK, DARUSSALAM, ACEH BESAR, ACEH",1,16,193,209
https://kawalpemilu.org#2245,"LIMPOK, DARUSSALAM, ACEH BESAR, ACEH",2,12,194,206
https://kawalpemilu.org#2245,"LIMPOK, DARUSSALAM, ACEH BESAR, ACEH",3,13,185,198
https://kawalpemilu.org#2246,"LAMPUUK, DARUSSALAM, ACEH BESAR, ACEH",1,9,180,189
https://kawalpemilu.org#2246,"LAMPUUK, DARUSSALAM, ACEH BESAR, ACEH",2,11,119,130
https://kawalpemilu.org#2247,"LAM UJONG, DARUSSALAM, ACEH BESAR, ACEH",1,1,152,153
https://kawalpemilu.org#2247,"LAM UJONG, DARUSSALAM, ACEH BESAR, ACEH",2,7,129,136
https://kawalpemilu.org#2248,"LAM GAWE, DARUSSALAM, ACEH BESAR, ACEH",1,9,150,159
https://kawalpemilu.org#2249,"BARABUNG, DARUSSALAM, ACEH BESAR, ACEH",1,11,174,185
https://kawalpemilu.org#2249,"BARABUNG, DARUSSALAM, ACEH BESAR, ACEH",2,16,173,189
https://kawalpemilu.org#2250,"LAMTIMPEUNG, DARUSSALAM, ACEH BESAR, ACEH",1,27,180,207
https://kawalpemilu.org#2250,"LAMTIMPEUNG, DARUSSALAM, ACEH BESAR, ACEH",2,23,190,213
https://kawalpemilu.org#2251,"TUNGKOP, DARUSSALAM, ACEH BESAR, ACEH",1,18,201,219
https://kawalpemilu.org#2251,"TUNGKOP, DARUSSALAM, ACEH BESAR, ACEH",2,14,195,209
https://kawalpemilu.org#2251,"TUNGKOP, DARUSSALAM, ACEH BESAR, ACEH",3,13,219,232
https://kawalpemilu.org#2251,"TUNGKOP, DARUSSALAM, ACEH BESAR, ACEH",4,16,204,220
https://kawalpemilu.org#2251,"TUNGKOP, DARUSSALAM, ACEH BESAR, ACEH",5,16,181,197
https://kawalpemilu.org#2251,"TUNGKOP, DARUSSALAM, ACEH BESAR, ACEH",6,15,163,178
https://kawalpemilu.org#2252,"TANJONG SELAMAT, DARUSSALAM, ACEH BESAR, ACEH",1,11,161,172
https://kawalpemilu.org#2252,"TANJONG SELAMAT, DARUSSALAM, ACEH BESAR, ACEH",2,11,179,190
https://kawalpemilu.org#2252,"TANJONG SELAMAT, DARUSSALAM, ACEH BESAR, ACEH",3,15,170,185
https://kawalpemilu.org#2252,"TANJONG SELAMAT, DARUSSALAM, ACEH BESAR, ACEH",4,13,147,160
https://kawalpemilu.org#2252,"TANJONG SELAMAT, DARUSSALAM, ACEH BESAR, ACEH",5,4,170,174
https://kawalpemilu.org#2252,"TANJONG SELAMAT, DARUSSALAM, ACEH BESAR, ACEH",6,8,139,145
https://kawalpemilu.org#2252,"TANJONG SELAMAT, DARUSSALAM, ACEH BESAR, ACEH",7,17,149,166
https://kawalpemilu.org#2252,"TANJONG SELAMAT, DARUSSALAM, ACEH BESAR, ACEH",8,9,169,178
https://kawalpemilu.org#2253,"LAMKEUNUNG, DARUSSALAM, ACEH BESAR, ACEH",1,7,175,182
https://kawalpemilu.org#2253,"LAMKEUNUNG, DARUSSALAM, ACEH BESAR, ACEH",2,19,152,171
https://kawalpemilu.org#2254,"LAM DURO, DARUSSALAM, ACEH BESAR, ACEH",1,11,224,235
https://kawalpemilu.org#2254,"LAM DURO, DARUSSALAM, ACEH BESAR, ACEH",2,18,192,210
https://kawalpemilu.org#2255,"LAM KLAT, DARUSSALAM, ACEH BESAR, ACEH",1,17,241,258
https://kawalpemilu.org#2256,"LAMBIHEU SIEM, DARUSSALAM, ACEH BESAR, ACEH",1,15,181,196
https://kawalpemilu.org#2256,"LAMBIHEU SIEM, DARUSSALAM, ACEH BESAR, ACEH",2,14,157,171
https://kawalpemilu.org#2257,"LAMBITRA, DARUSSALAM, ACEH BESAR, ACEH",1,13,120,133
https://kawalpemilu.org#2257,"LAMBITRA, DARUSSALAM, ACEH BESAR, ACEH",2,13,167,180
https://kawalpemilu.org#2258,"LI-EUE, DARUSSALAM, ACEH BESAR, ACEH",1,7,186,193
https://kawalpemilu.org#2258,"LI-EUE, DARUSSALAM, ACEH BESAR, ACEH",2,13,197,210
https://kawalpemilu.org#2258,"LI-EUE, DARUSSALAM, ACEH BESAR, ACEH",3,15,172,187
https://kawalpemilu.org#2259,"KRUENG KALE, DARUSSALAM, ACEH BESAR, ACEH",1,18,193,211
https://kawalpemilu.org#2260,"LAM ASAN, DARUSSALAM, ACEH BESAR, ACEH",1,11,143,154
https://kawalpemilu.org#2260,"LAM ASAN, DARUSSALAM, ACEH BESAR, ACEH",2,11,110,121
https://kawalpemilu.org#2261,"LAM REH, DARUSSALAM, ACEH BESAR, ACEH",2,19,244,263
https://kawalpemilu.org#2262,"SIEM, DARUSSALAM, ACEH BESAR, ACEH",1,8,182,190
https://kawalpemilu.org#2262,"SIEM, DARUSSALAM, ACEH BESAR, ACEH",2,13,187,200
https://kawalpemilu.org#2264,"RINON, PULO ACEH, ACEH BESAR, ACEH",1,37,79,116
https://kawalpemilu.org#2265,"ALUE RAYA, PULO ACEH, ACEH BESAR, ACEH",1,69,25,94
https://kawalpemilu.org#2266,"MELINGGE, PULO ACEH, ACEH BESAR, ACEH",1,80,79,159
https://kawalpemilu.org#2267,"LAPENG, PULO ACEH, ACEH BESAR, ACEH",1,41,67,108
https://kawalpemilu.org#2268,"ULEE PAYA, PULO ACEH, ACEH BESAR, ACEH",1,9,109,118
https://kawalpemilu.org#2269,"GUGOP, PULO ACEH, ACEH BESAR, ACEH",1,30,203,233
https://kawalpemilu.org#2270,"SEURAPONG, PULO ACEH, ACEH BESAR, ACEH",1,10,184,194
https://kawalpemilu.org#2271,"BLANG SITUNGKOH, PULO ACEH, ACEH BESAR, ACEH",1,43,95,138
https://kawalpemilu.org#2272,"PALOH, PULO ACEH, ACEH BESAR, ACEH",1,92,37,129
https://kawalpemilu.org#2273,"LAMPUYANG, PULO ACEH, ACEH BESAR, ACEH",1,11,141,152
https://kawalpemilu.org#2273,"LAMPUYANG, PULO ACEH, ACEH BESAR, ACEH",2,18,165,183
https://kawalpemilu.org#2274,"LHOH, PULO ACEH, ACEH BESAR, ACEH",1,16,116,132
https://kawalpemilu.org#2275,"TEUNOM, PULO ACEH, ACEH BESAR, ACEH",1,12,99,111
https://kawalpemilu.org#2276,"LAMTENG, PULO ACEH, ACEH BESAR, ACEH",1,13,89,102
https://kawalpemilu.org#2277,"PASI JANENG, PULO ACEH, ACEH BESAR, ACEH",1,18,148,166
https://kawalpemilu.org#2278,"RABO, PULO ACEH, ACEH BESAR, ACEH",1,36,202,238
https://kawalpemilu.org#2279,"ALUE REUYEUENG, PULO ACEH, ACEH BESAR, ACEH",1,18,195,213
https://kawalpemilu.org#2280,"DEUDAP, PULO ACEH, ACEH BESAR, ACEH",1,12,120,132
https://kawalpemilu.org#2282,"LAMTAMOT, LEMBAH SEULAWAH, ACEH BESAR, ACEH",1,28,190,218
https://kawalpemilu.org#2282,"LAMTAMOT, LEMBAH SEULAWAH, ACEH BESAR, ACEH",2,32,195,227
https://kawalpemilu.org#2282,"LAMTAMOT, LEMBAH SEULAWAH, ACEH BESAR, ACEH",3,26,184,210
https://kawalpemilu.org#2282,"LAMTAMOT, LEMBAH SEULAWAH, ACEH BESAR, ACEH",4,32,183,215
https://kawalpemilu.org#2283,"LAMBARO TUNONG, LEMBAH SEULAWAH, ACEH BESAR, ACEH",1,4,109,113
https://kawalpemilu.org#2283,"LAMBARO TUNONG, LEMBAH SEULAWAH, ACEH BESAR, ACEH",2,7,129,136
https://kawalpemilu.org#2284,"LONBAROH, LEMBAH SEULAWAH, ACEH BESAR, ACEH",1,34,197,231
https://kawalpemilu.org#2285,"LON ASAN, LEMBAH SEULAWAH, ACEH BESAR, ACEH",1,31,133,164
https://kawalpemilu.org#2285,"LON ASAN, LEMBAH SEULAWAH, ACEH BESAR, ACEH",2,23,137,160
https://kawalpemilu.org#2286,"PAYA KEUREULEH, LEMBAH SEULAWAH, ACEH BESAR, ACEH",1,39,111,150
https://kawalpemilu.org#2286,"PAYA KEUREULEH, LEMBAH SEULAWAH, ACEH BESAR, ACEH",2,27,116,143
https://kawalpemilu.org#2287,"PANCA, LEMBAH SEULAWAH, ACEH BESAR, ACEH",1,31,99,130
https://kawalpemilu.org#2287,"PANCA, LEMBAH SEULAWAH, ACEH BESAR, ACEH",2,40,114,154
https://kawalpemilu.org#2288,"LAM KUBU, LEMBAH SEULAWAH, ACEH BESAR, ACEH",1,8,195,203
https://kawalpemilu.org#2289,"PANCA KUBU, LEMBAH SEULAWAH, ACEH BESAR, ACEH",1,41,79,120
https://kawalpemilu.org#2290,"SUKADAMAI, LEMBAH SEULAWAH, ACEH BESAR, ACEH",1,19,137,156
https://kawalpemilu.org#2290,"SUKADAMAI, LEMBAH SEULAWAH, ACEH BESAR, ACEH",2,22,164,189
https://kawalpemilu.org#2290,"SUKADAMAI, LEMBAH SEULAWAH, ACEH BESAR, ACEH",3,12,170,182
https://kawalpemilu.org#2290,"SUKADAMAI, LEMBAH SEULAWAH, ACEH BESAR, ACEH",4,21,133,154
https://kawalpemilu.org#2290,"SUKADAMAI, LEMBAH SEULAWAH, ACEH BESAR, ACEH",5,23,133,156
https://kawalpemilu.org#2290,"SUKADAMAI, LEMBAH SEULAWAH, ACEH BESAR, ACEH",6,21,166,187
https://kawalpemilu.org#2290,"SUKADAMAI, LEMBAH SEULAWAH, ACEH BESAR, ACEH",7,20,157,177
https://kawalpemilu.org#2291,"SUKA MULYA, LEMBAH SEULAWAH, ACEH BESAR, ACEH",2,35,153,188
https://kawalpemilu.org#2291,"SUKA MULYA, LEMBAH SEULAWAH, ACEH BESAR, ACEH",3,25,166,191
https://kawalpemilu.org#2292,"SAREE ACEH, LEMBAH SEULAWAH, ACEH BESAR, ACEH",1,20,154,174
https://kawalpemilu.org#2292,"SAREE ACEH, LEMBAH SEULAWAH, ACEH BESAR, ACEH",2,24,179,203
https://kawalpemilu.org#2292,"SAREE ACEH, LEMBAH SEULAWAH, ACEH BESAR, ACEH",3,28,150,178
https://kawalpemilu.org#2292,"SAREE ACEH, LEMBAH SEULAWAH, ACEH BESAR, ACEH",4,35,175,210
https://kawalpemilu.org#2292,"SAREE ACEH, LEMBAH SEULAWAH, ACEH BESAR, ACEH",5,33,139,172
https://kawalpemilu.org#2293,"TEULADAN, LEMBAH SEULAWAH, ACEH BESAR, ACEH",1,15,186,201
https://kawalpemilu.org#2293,"TEULADAN, LEMBAH SEULAWAH, ACEH BESAR, ACEH",2,11,161,172
https://kawalpemilu.org#2293,"TEULADAN, LEMBAH SEULAWAH, ACEH BESAR, ACEH",3,16,159,175
https://kawalpemilu.org#2295,"TEUREUBEH, KOTA JANTHO, ACEH BESAR, ACEH",1,28,162,190
https://kawalpemilu.org#2295,"TEUREUBEH, KOTA JANTHO, ACEH BESAR, ACEH",2,29,193,222
https://kawalpemilu.org#2295,"TEUREUBEH, KOTA JANTHO, ACEH BESAR, ACEH",3,20,170,190
https://kawalpemilu.org#2295,"TEUREUBEH, KOTA JANTHO, ACEH BESAR, ACEH",4,8,117,125
https://kawalpemilu.org#2296,"BARUEH, KOTA JANTHO, ACEH BESAR, ACEH",1,17,157,174
https://kawalpemilu.org#2296,"BARUEH, KOTA JANTHO, ACEH BESAR, ACEH",2,7,114,121
https://kawalpemilu.org#2297,"JANTHO, KOTA JANTHO, ACEH BESAR, ACEH",1,5,98,103
https://kawalpemilu.org#2298,"AWEK, KOTA JANTHO, ACEH BESAR, ACEH",1,28,81,109
https://kawalpemilu.org#2299,"DATA CUT, KOTA JANTHO, ACEH BESAR, ACEH",1,1,65,66
https://kawalpemilu.org#2300,"BUENG, KOTA JANTHO, ACEH BESAR, ACEH",1,13,138,151
https://kawalpemilu.org#2301,"WEU, KOTA JANTHO, ACEH BESAR, ACEH",1,12,151,163
https://kawalpemilu.org#2302,"JALIN, KOTA JANTHO, ACEH BESAR, ACEH",1,13,155,168
https://kawalpemilu.org#2303,"SUKA TANI, KOTA JANTHO, ACEH BESAR, ACEH",1,4,59,63
https://kawalpemilu.org#2304,"CUCUM, KOTA JANTHO, ACEH BESAR, ACEH",1,25,130,155
https://kawalpemilu.org#2304,"CUCUM, KOTA JANTHO, ACEH BESAR, ACEH",2,3,87,90
https://kawalpemilu.org#2305,"JANTHO BARU, KOTA JANTHO, ACEH BESAR, ACEH",1,56,183,239
https://kawalpemilu.org#2305,"JANTHO BARU, KOTA JANTHO, ACEH BESAR, ACEH",2,89,158,247
https://kawalpemilu.org#2305,"JANTHO BARU, KOTA JANTHO, ACEH BESAR, ACEH",3,38,159,197
https://kawalpemilu.org#2306,"JANTHO MAKMUR, KOTA JANTHO, ACEH BESAR, ACEH",1,19,242,261
https://kawalpemilu.org#2306,"JANTHO MAKMUR, KOTA JANTHO, ACEH BESAR, ACEH",2,11,241,252
https://kawalpemilu.org#2306,"JANTHO MAKMUR, KOTA JANTHO, ACEH BESAR, ACEH",3,26,163,189
https://kawalpemilu.org#2306,"JANTHO MAKMUR, KOTA JANTHO, ACEH BESAR, ACEH",4,33,187,220
https://kawalpemilu.org#2306,"JANTHO MAKMUR, KOTA JANTHO, ACEH BESAR, ACEH",5,26,234,260
https://kawalpemilu.org#2306,"JANTHO MAKMUR, KOTA JANTHO, ACEH BESAR, ACEH",6,25,206,231
https://kawalpemilu.org#2307,"BUKET MEUSARA, KOTA JANTHO, ACEH BESAR, ACEH",1,29,246,275
https://kawalpemilu.org#2307,"BUKET MEUSARA, KOTA JANTHO, ACEH BESAR, ACEH",2,22,228,250
https://kawalpemilu.org#2307,"BUKET MEUSARA, KOTA JANTHO, ACEH BESAR, ACEH",3,18,203,221
https://kawalpemilu.org#2309,"LAMPAKUK, KOTA COT GLIE, ACEH BESAR, ACEH",1,25,223,248
https://kawalpemilu.org#2309,"LAMPAKUK, KOTA COT GLIE, ACEH BESAR, ACEH",2,35,166,206
https://kawalpemilu.org#2310,"LAMPOH RAJA, KOTA COT GLIE, ACEH BESAR, ACEH",1,10,160,170
https://kawalpemilu.org#2310,"LAMPOH RAJA, KOTA COT GLIE, ACEH BESAR, ACEH",2,25,150,175
https://kawalpemilu.org#2311,"LAM ALING, KOTA COT GLIE, ACEH BESAR, ACEH",1,29,232,261
https://kawalpemilu.org#2311,"LAM ALING, KOTA COT GLIE, ACEH BESAR, ACEH",2,12,155,167
https://kawalpemilu.org#2312,"LAM LEUPUNG, KOTA COT GLIE, ACEH BESAR, ACEH",1,15,218,233
https://kawalpemilu.org#2312,"LAM LEUPUNG, KOTA COT GLIE, ACEH BESAR, ACEH",2,24,182,206
https://kawalpemilu.org#2313,"LAM KLENG, KOTA COT GLIE, ACEH BESAR, ACEH",1,13,196,209
https://kawalpemilu.org#2314,"IE ALANG LAM KREUMEUH, KOTA COT GLIE, ACEH BESAR, ACEH",1,4,86,90
https://kawalpemilu.org#2315,"IE ALANG LAM GHUI, KOTA COT GLIE, ACEH BESAR, ACEH",1,13,219,232
https://kawalpemilu.org#2316,"IE ALANG MESJID, KOTA COT GLIE, ACEH BESAR, ACEH",1,8,187,195
https://kawalpemilu.org#2316,"IE ALANG MESJID, KOTA COT GLIE, ACEH BESAR, ACEH",2,18,134,152
https://kawalpemilu.org#2317,"IE ALANG DAYAH, KOTA COT GLIE, ACEH BESAR, ACEH",1,7,181,188
https://kawalpemilu.org#2317,"IE ALANG DAYAH, KOTA COT GLIE, ACEH BESAR, ACEH",2,8,187,195
https://kawalpemilu.org#2318,"LAMTUI, KOTA COT GLIE, ACEH BESAR, ACEH",1,16,141,157
https://kawalpemilu.org#2318,"LAMTUI, KOTA COT GLIE, ACEH BESAR, ACEH",2,4,153,157
https://kawalpemilu.org#2319,"BARIH LHOK, KOTA COT GLIE, ACEH BESAR, ACEH",1,23,125,148
https://kawalpemilu.org#2320,"BUENG SIMEK, KOTA COT GLIE, ACEH BESAR, ACEH",1,6,145,151
https://kawalpemilu.org#2320,"BUENG SIMEK, KOTA COT GLIE, ACEH BESAR, ACEH",2,12,137,149
https://kawalpemilu.org#2321,"BANDASAFA, KOTA COT GLIE, ACEH BESAR, ACEH",1,8,173,181
https://kawalpemilu.org#2321,"BANDASAFA, KOTA COT GLIE, ACEH BESAR, ACEH",2,10,152,162
https://kawalpemilu.org#2322,"BITHAK, KOTA COT GLIE, ACEH BESAR, ACEH",1,12,130,142
https://kawalpemilu.org#2322,"BITHAK, KOTA COT GLIE, ACEH BESAR, ACEH",2,7,113,120
https://kawalpemilu.org#2323,"LAM BEUGAK, KOTA COT GLIE, ACEH BESAR, ACEH",1,10,227,237
https://kawalpemilu.org#2323,"LAM BEUGAK, KOTA COT GLIE, ACEH BESAR, ACEH",2,21,232,253
https://kawalpemilu.org#2324,"PAKUK, KOTA COT GLIE, ACEH BESAR, ACEH",1,23,123,146
https://kawalpemilu.org#2325,"LAMSIE, KOTA COT GLIE, ACEH BESAR, ACEH",1,19,203,222
https://kawalpemilu.org#2325,"LAMSIE, KOTA COT GLIE, ACEH BESAR, ACEH",2,9,79,88
https://kawalpemilu.org#2326,"SIGAPANG, KOTA COT GLIE, ACEH BESAR, ACEH",1,24,140,164
https://kawalpemilu.org#2327,"TUTUI, KOTA COT GLIE, ACEH BESAR, ACEH",1,20,205,225
https://kawalpemilu.org#2328,"PASAR LAMPAKUK, KOTA COT GLIE, ACEH BESAR, ACEH",1,6,113,119
https://kawalpemilu.org#2329,"MAHENG, KOTA COT GLIE, ACEH BESAR, ACEH",1,15,158,173
https://kawalpemilu.org#2329,"MAHENG, KOTA COT GLIE, ACEH BESAR, ACEH",2,14,235,249
https://kawalpemilu.org#2330,"LEUPUNG BRUK, KOTA COT GLIE, ACEH BESAR, ACEH",1,17,110,127
https://kawalpemilu.org#2331,"KEUMIREU, KOTA COT GLIE, ACEH BESAR, ACEH",1,24,212,236
https://kawalpemilu.org#2332,"LAM LEUOT, KOTA COT GLIE, ACEH BESAR, ACEH",1,5,112,117
https://kawalpemilu.org#2333,"LEUPUNG BALEU, KOTA COT GLIE, ACEH BESAR, ACEH",1,58,180,238
https://kawalpemilu.org#2334,"BAK SUKON, KOTA COT GLIE, ACEH BESAR, ACEH",1,25,185,210
https://kawalpemilu.org#2334,"BAK SUKON, KOTA COT GLIE, ACEH BESAR, ACEH",2,26,159,185
https://kawalpemilu.org#2335,"COT BAYU, KOTA COT GLIE, ACEH BESAR, ACEH",1,25,187,212
https://kawalpemilu.org#2336,"GLEE JAI, KOTA COT GLIE, ACEH BESAR, ACEH",1,20,210,230
https://kawalpemilu.org#2337,"KEURUWEUNG BLANG, KOTA COT GLIE, ACEH BESAR, ACEH",1,14,161,175
https://kawalpemilu.org#2337,"KEURUWEUNG BLANG, KOTA COT GLIE, ACEH BESAR, ACEH",2,21,109,130
https://kawalpemilu.org#2338,"KEURUWEUNG KRUENG, KOTA COT GLIE, ACEH BESAR, ACEH",1,33,175,208
https://kawalpemilu.org#2339,"SIRON BLANG, KOTA COT GLIE, ACEH BESAR, ACEH",1,27,234,261
https://kawalpemilu.org#2340,"SIRON KRUENG, KOTA COT GLIE, ACEH BESAR, ACEH",1,14,103,117
https://kawalpemilu.org#2342,"LAMBARO SAMAHANI, KUTA MALAKA, ACEH BESAR, ACEH",1,11,239,250
https://kawalpemilu.org#2343,"LAM ARA CUT, KUTA MALAKA, ACEH BESAR, ACEH",1,13,236,249
https://kawalpemilu.org#2345,"LAM ARA TUNONG, KUTA MALAKA, ACEH BESAR, ACEH",1,10,210,220
https://kawalpemilu.org#2345,"LAM ARA TUNONG, KUTA MALAKA, ACEH BESAR, ACEH",2,14,112,126
https://kawalpemilu.org#2346,"LEUPUNG RIWAT, KUTA MALAKA, ACEH BESAR, ACEH",1,16,118,134
https://kawalpemilu.org#2346,"LEUPUNG RIWAT, KUTA MALAKA, ACEH BESAR, ACEH",2,9,122,131
https://kawalpemilu.org#2347,"TUMBO BARO, KUTA MALAKA, ACEH BESAR, ACEH",1,15,171,186
https://kawalpemilu.org#2347,"TUMBO BARO, KUTA MALAKA, ACEH BESAR, ACEH",2,3,196,199
https://kawalpemilu.org#2347,"TUMBO BARO, KUTA MALAKA, ACEH BESAR, ACEH",3,7,191,191
https://kawalpemilu.org#2347,"TUMBO BARO, KUTA MALAKA, ACEH BESAR, ACEH",4,3,192,195
https://kawalpemilu.org#2348,"LEUPUNG CUT, KUTA MALAKA, ACEH BESAR, ACEH",1,14,243,257
https://kawalpemilu.org#2349,"LAMSITEH COT, KUTA MALAKA, ACEH BESAR, ACEH",1,3,181,184
https://kawalpemilu.org#2349,"LAMSITEH COT, KUTA MALAKA, ACEH BESAR, ACEH",2,7,179,186
https://kawalpemilu.org#2351,"LUBOK BUNI, KUTA MALAKA, ACEH BESAR, ACEH",1,19,150,169
https://kawalpemilu.org#2352,"LUBOK BATEE, KUTA MALAKA, ACEH BESAR, ACEH",1,25,34,59
https://kawalpemilu.org#2353,"BUGHU, KUTA MALAKA, ACEH BESAR, ACEH",1,4,130,134
https://kawalpemilu.org#2356,"REULEUNG GEULUMPANG, KUTA MALAKA, ACEH BESAR, ACEH",1,11,158,169
https://kawalpemilu.org#2356,"REULEUNG GEULUMPANG, KUTA MALAKA, ACEH BESAR, ACEH",2,17,150,167
https://kawalpemilu.org#2358,"ATEUK LAM PHANG, SIMPANG TIGA, ACEH BESAR, ACEH",1,4,218,222
https://kawalpemilu.org#2359,"ATEUK LAMPUOT, SIMPANG TIGA, ACEH BESAR, ACEH",1,2,123,125
https://kawalpemilu.org#2360,"ATEUK MON PANAH, SIMPANG TIGA, ACEH BESAR, ACEH",1,21,240,261
https://kawalpemilu.org#2361,"ATEUK LAM URA, SIMPANG TIGA, ACEH BESAR, ACEH",2,12,144,156
https://kawalpemilu.org#2362,"ATEUK CUT, SIMPANG TIGA, ACEH BESAR, ACEH",1,17,190,207
https://kawalpemilu.org#2363,"ATEUK BLANG ASAN, SIMPANG TIGA, ACEH BESAR, ACEH",1,13,202,215
https://kawalpemilu.org#2364,"LAMJAMEE DAYAH, SIMPANG TIGA, ACEH BESAR, ACEH",1,3,160,163
https://kawalpemilu.org#2364,"LAMJAMEE DAYAH, SIMPANG TIGA, ACEH BESAR, ACEH",2,8,130,138
https://kawalpemilu.org#2365,"LAMBATEE, SIMPANG TIGA, ACEH BESAR, ACEH",1,6,142,148
https://kawalpemilu.org#2366,"NYA, SIMPANG TIGA, ACEH BESAR, ACEH",1,6,131,137
https://kawalpemilu.org#2367,"BATEE LINTEUNG, SIMPANG TIGA, ACEH BESAR, ACEH",1,11,225,236
https://kawalpemilu.org#2368,"KRUENG MAK, SIMPANG TIGA, ACEH BESAR, ACEH",1,10,123,133
https://kawalpemilu.org#2369,"LAMBUNOT, SIMPANG TIGA, ACEH BESAR, ACEH",1,11,152,163
https://kawalpemilu.org#2369,"LAMBUNOT, SIMPANG TIGA, ACEH BESAR, ACEH",2,1,149,150
https://kawalpemilu.org#2369,"LAMBUNOT, SIMPANG TIGA, ACEH BESAR, ACEH",3,6,172,178
https://kawalpemilu.org#2370,"BLANG MIRO, SIMPANG TIGA, ACEH BESAR, ACEH",1,17,157,174
https://kawalpemilu.org#2371,"BLANG PREH, SIMPANG TIGA, ACEH BESAR, ACEH",1,7,117,124
https://kawalpemilu.org#2372,"BHA ULEE TUTU, SIMPANG TIGA, ACEH BESAR, ACEH",1,14,234,248
https://kawalpemilu.org#2373,"LAM URIT, SIMPANG TIGA, ACEH BESAR, ACEH",1,13,124,137
https://kawalpemilu.org#2375,"LAMJAMEE LAMKRAK, SIMPANG TIGA, ACEH BESAR, ACEH",1,13,137,150
https://kawalpemilu.org#2377,"LHANG, DARUL KAMAL, ACEH BESAR, ACEH",1,5,179,184
https://kawalpemilu.org#2377,"LHANG, DARUL KAMAL, ACEH BESAR, ACEH",2,6,177,183
https://kawalpemilu.org#2377,"LHANG, DARUL KAMAL, ACEH BESAR, ACEH",3,12,145,157
https://kawalpemilu.org#2378,"BILUI, DARUL KAMAL, ACEH BESAR, ACEH",1,10,135,145
https://kawalpemilu.org#2378,"BILUI, DARUL KAMAL, ACEH BESAR, ACEH",2,22,228,250
https://kawalpemilu.org#2379,"LAMBATEE, DARUL KAMAL, ACEH BESAR, ACEH",1,9,159,168
https://kawalpemilu.org#2380,"LAMKUNYET, DARUL KAMAL, ACEH BESAR, ACEH",1,16,241,257
https://kawalpemilu.org#2380,"LAMKUNYET, DARUL KAMAL, ACEH BESAR, ACEH",2,3,138,141
https://kawalpemilu.org#2381,"LAMTADOK, DARUL KAMAL, ACEH BESAR, ACEH",1,13,194,207
https://kawalpemilu.org#2381,"LAMTADOK, DARUL KAMAL, ACEH BESAR, ACEH",2,12,177,189
https://kawalpemilu.org#2382,"NEUSOK, DARUL KAMAL, ACEH BESAR, ACEH",1,15,189,204
https://kawalpemilu.org#2382,"NEUSOK, DARUL KAMAL, ACEH BESAR, ACEH",2,7,189,196
https://kawalpemilu.org#2383,"TURAM, DARUL KAMAL, ACEH BESAR, ACEH",1,24,233,257
https://kawalpemilu.org#2384,"TEUBALUI, DARUL KAMAL, ACEH BESAR, ACEH",1,10,88,98
https://kawalpemilu.org#2384,"TEUBALUI, DARUL KAMAL, ACEH BESAR, ACEH",2,15,186,201
https://kawalpemilu.org#2385,"BLANG KIREE, DARUL KAMAL, ACEH BESAR, ACEH",1,12,162,174
https://kawalpemilu.org#2385,"BLANG KIREE, DARUL KAMAL, ACEH BESAR, ACEH",2,28,229,257
https://kawalpemilu.org#2386,"MANEE DAYAH, DARUL KAMAL, ACEH BESAR, ACEH",1,16,161,177
https://kawalpemilu.org#2387,"LAMSOD, DARUL KAMAL, ACEH BESAR, ACEH",1,20,203,223
https://kawalpemilu.org#2388,"LAMBLEUT, DARUL KAMAL, ACEH BESAR, ACEH",2,7,242,249
https://kawalpemilu.org#2389,"EMPETRING, DARUL KAMAL, ACEH BESAR, ACEH",1,13,157,170
https://kawalpemilu.org#2389,"EMPETRING, DARUL KAMAL, ACEH BESAR, ACEH",2,9,133,142
https://kawalpemilu.org#2390,"LAMBARO BILUY, DARUL KAMAL, ACEH BESAR, ACEH",1,17,234,251
https://kawalpemilu.org#2392,"CADEK, BAITUSSALAM, ACEH BESAR, ACEH",1,19,156,175
https://kawalpemilu.org#2392,"CADEK, BAITUSSALAM, ACEH BESAR, ACEH",2,28,130,158
https://kawalpemilu.org#2392,"CADEK, BAITUSSALAM, ACEH BESAR, ACEH",3,16,121,137
https://kawalpemilu.org#2393,"KAJHU, BAITUSSALAM, ACEH BESAR, ACEH",1,21,106,127
https://kawalpemilu.org#2393,"KAJHU, BAITUSSALAM, ACEH BESAR, ACEH",2,14,140,154
https://kawalpemilu.org#2393,"KAJHU, BAITUSSALAM, ACEH BESAR, ACEH",3,17,169,186
https://kawalpemilu.org#2393,"KAJHU, BAITUSSALAM, ACEH BESAR, ACEH",4,11,183,194
https://kawalpemilu.org#2393,"KAJHU, BAITUSSALAM, ACEH BESAR, ACEH",5,30,223,253
https://kawalpemilu.org#2393,"KAJHU, BAITUSSALAM, ACEH BESAR, ACEH",6,27,254,281
https://kawalpemilu.org#2393,"KAJHU, BAITUSSALAM, ACEH BESAR, ACEH",7,12,178,190
https://kawalpemilu.org#2393,"KAJHU, BAITUSSALAM, ACEH BESAR, ACEH",8,33,160,193
https://kawalpemilu.org#2393,"KAJHU, BAITUSSALAM, ACEH BESAR, ACEH",9,24,172,196
https://kawalpemilu.org#2393,"KAJHU, BAITUSSALAM, ACEH BESAR, ACEH",10,35,157,192
https://kawalpemilu.org#2393,"KAJHU, BAITUSSALAM, ACEH BESAR, ACEH",11,27,196,223
https://kawalpemilu.org#2393,"KAJHU, BAITUSSALAM, ACEH BESAR, ACEH",12,16,175,191
https://kawalpemilu.org#2393,"KAJHU, BAITUSSALAM, ACEH BESAR, ACEH",13,14,170,184
https://kawalpemilu.org#2394,"BAET, BAITUSSALAM, ACEH BESAR, ACEH",1,21,137,158
https://kawalpemilu.org#2394,"BAET, BAITUSSALAM, ACEH BESAR, ACEH",2,22,195,217
https://kawalpemilu.org#2394,"BAET, BAITUSSALAM, ACEH BESAR, ACEH",3,13,151,164
https://kawalpemilu.org#2394,"BAET, BAITUSSALAM, ACEH BESAR, ACEH",4,13,120,133
https://kawalpemilu.org#2394,"BAET, BAITUSSALAM, ACEH BESAR, ACEH",5,16,149,165
https://kawalpemilu.org#2394,"BAET, BAITUSSALAM, ACEH BESAR, ACEH",6,4,76,80
https://kawalpemilu.org#2395,"BLANG KRUENG, BAITUSSALAM, ACEH BESAR, ACEH",1,6,192,198
https://kawalpemilu.org#2395,"BLANG KRUENG, BAITUSSALAM, ACEH BESAR, ACEH",2,12,173,185
https://kawalpemilu.org#2395,"BLANG KRUENG, BAITUSSALAM, ACEH BESAR, ACEH",3,11,173,184
https://kawalpemilu.org#2395,"BLANG KRUENG, BAITUSSALAM, ACEH BESAR, ACEH",4,7,196,203
https://kawalpemilu.org#2395,"BLANG KRUENG, BAITUSSALAM, ACEH BESAR, ACEH",5,13,171,184
https://kawalpemilu.org#2395,"BLANG KRUENG, BAITUSSALAM, ACEH BESAR, ACEH",6,10,162,172
https://kawalpemilu.org#2396,"KLIENG MEURIA, BAITUSSALAM, ACEH BESAR, ACEH",1,24,201,225
https://kawalpemilu.org#2396,"KLIENG MEURIA, BAITUSSALAM, ACEH BESAR, ACEH",2,9,184,193
https://kawalpemilu.org#2397,"LAM BADA LHOK, BAITUSSALAM, ACEH BESAR, ACEH",1,21,153,174
https://kawalpemilu.org#2397,"LAM BADA LHOK, BAITUSSALAM, ACEH BESAR, ACEH",2,17,201,218
https://kawalpemilu.org#2397,"LAM BADA LHOK, BAITUSSALAM, ACEH BESAR, ACEH",3,8,154,162
https://kawalpemilu.org#2398,"LAMPINEUNG, BAITUSSALAM, ACEH BESAR, ACEH",1,22,175,197
https://kawalpemilu.org#2398,"LAMPINEUNG, BAITUSSALAM, ACEH BESAR, ACEH",2,16,188,204
https://kawalpemilu.org#2399,"LAM ASAN, BAITUSSALAM, ACEH BESAR, ACEH",1,12,168,180
https://kawalpemilu.org#2399,"LAM ASAN, BAITUSSALAM, ACEH BESAR, ACEH",2,11,143,154
https://kawalpemilu.org#2400,"LABUY, BAITUSSALAM, ACEH BESAR, ACEH",1,20,186,206
https://kawalpemilu.org#2400,"LABUY, BAITUSSALAM, ACEH BESAR, ACEH",2,20,136,156
https://kawalpemilu.org#2400,"LABUY, BAITUSSALAM, ACEH BESAR, ACEH",3,45,104,149
https://kawalpemilu.org#2401,"LAM UJONG, BAITUSSALAM, ACEH BESAR, ACEH",1,17,227,244
https://kawalpemilu.org#2401,"LAM UJONG, BAITUSSALAM, ACEH BESAR, ACEH",2,19,186,205
https://kawalpemilu.org#2401,"LAM UJONG, BAITUSSALAM, ACEH BESAR, ACEH",3,20,151,171
https://kawalpemilu.org#2402,"KLIENG COT ARON, BAITUSSALAM, ACEH BESAR, ACEH",1,17,173,190
https://kawalpemilu.org#2402,"KLIENG COT ARON, BAITUSSALAM, ACEH BESAR, ACEH",2,17,178,195
https://kawalpemilu.org#2402,"KLIENG COT ARON, BAITUSSALAM, ACEH BESAR, ACEH",3,23,155,178
https://kawalpemilu.org#2403,"COT PAYA, BAITUSSALAM, ACEH BESAR, ACEH",1,37,124,161
https://kawalpemilu.org#2403,"COT PAYA, BAITUSSALAM, ACEH BESAR, ACEH",2,23,128,151
https://kawalpemilu.org#2404,"MIRUK LAM REUDEUP, BAITUSSALAM, ACEH BESAR, ACEH",1,17,202,219
https://kawalpemilu.org#2404,"MIRUK LAM REUDEUP, BAITUSSALAM, ACEH BESAR, ACEH",2,11,199,210
https://kawalpemilu.org#2404,"MIRUK LAM REUDEUP, BAITUSSALAM, ACEH BESAR, ACEH",3,18,180,198
https://kawalpemilu.org#2404,"MIRUK LAM REUDEUP, BAITUSSALAM, ACEH BESAR, ACEH",4,22,192,214
https://kawalpemilu.org#2404,"MIRUK LAM REUDEUP, BAITUSSALAM, ACEH BESAR, ACEH",5,33,190,223
https://kawalpemilu.org#2404,"MIRUK LAM REUDEUP, BAITUSSALAM, ACEH BESAR, ACEH",6,23,153,176
https://kawalpemilu.org#2404,"MIRUK LAM REUDEUP, BAITUSSALAM, ACEH BESAR, ACEH",7,21,153,174
https://kawalpemilu.org#2404,"MIRUK LAM REUDEUP, BAITUSSALAM, ACEH BESAR, ACEH",8,19,152,171
https://kawalpemilu.org#2406,"MEUNASAH PAPEUN, KRUENG BARONA JAYA, ACEH BESAR, ACEH",1,18,227,245
https://kawalpemilu.org#2406,"MEUNASAH PAPEUN, KRUENG BARONA JAYA, ACEH BESAR, ACEH",2,15,230,245
https://kawalpemilu.org#2406,"MEUNASAH PAPEUN, KRUENG BARONA JAYA, ACEH BESAR, ACEH",3,11,239,250
https://kawalpemilu.org#2406,"MEUNASAH PAPEUN, KRUENG BARONA JAYA, ACEH BESAR, ACEH",4,23,202,225
https://kawalpemilu.org#2406,"MEUNASAH PAPEUN, KRUENG BARONA JAYA, ACEH BESAR, ACEH",5,9,205,214
https://kawalpemilu.org#2406,"MEUNASAH PAPEUN, KRUENG BARONA JAYA, ACEH BESAR, ACEH",6,12,200,212
https://kawalpemilu.org#2406,"MEUNASAH PAPEUN, KRUENG BARONA JAYA, ACEH BESAR, ACEH",7,20,209,229
https://kawalpemilu.org#2406,"MEUNASAH PAPEUN, KRUENG BARONA JAYA, ACEH BESAR, ACEH",8,22,202,224
https://kawalpemilu.org#2407,"MEUNASAH BAKTRIENG, KRUENG BARONA JAYA, ACEH BESAR, ACEH",1,11,169,180
https://kawalpemilu.org#2407,"MEUNASAH BAKTRIENG, KRUENG BARONA JAYA, ACEH BESAR, ACEH",2,16,156,172
https://kawalpemilu.org#2407,"MEUNASAH BAKTRIENG, KRUENG BARONA JAYA, ACEH BESAR, ACEH",3,23,153,176
https://kawalpemilu.org#2407,"MEUNASAH BAKTRIENG, KRUENG BARONA JAYA, ACEH BESAR, ACEH",4,6,163,169
https://kawalpemilu.org#2407,"MEUNASAH BAKTRIENG, KRUENG BARONA JAYA, ACEH BESAR, ACEH",5,9,152,161
https://kawalpemilu.org#2408,"LUENG IE, KRUENG BARONA JAYA, ACEH BESAR, ACEH",1,23,145,168
https://kawalpemilu.org#2408,"LUENG IE, KRUENG BARONA JAYA, ACEH BESAR, ACEH",2,16,139,155
https://kawalpemilu.org#2408,"LUENG IE, KRUENG BARONA JAYA, ACEH BESAR, ACEH",3,18,152,170
https://kawalpemilu.org#2409,"LAMPERMEI, KRUENG BARONA JAYA, ACEH BESAR, ACEH",1,28,195,223
https://kawalpemilu.org#2409,"LAMPERMEI, KRUENG BARONA JAYA, ACEH BESAR, ACEH",2,35,185,220
https://kawalpemilu.org#2410,"GLA DEYAH, KRUENG BARONA JAYA, ACEH BESAR, ACEH",1,12,169,181
https://kawalpemilu.org#2410,"GLA DEYAH, KRUENG BARONA JAYA, ACEH BESAR, ACEH",2,15,154,169
https://kawalpemilu.org#2411,"MIRUK, KRUENG BARONA JAYA, ACEH BESAR, ACEH",1,16,223,239
https://kawalpemilu.org#2411,"MIRUK, KRUENG BARONA JAYA, ACEH BESAR, ACEH",2,10,218,228
https://kawalpemilu.org#2411,"MIRUK, KRUENG BARONA JAYA, ACEH BESAR, ACEH",3,11,229,240
https://kawalpemilu.org#2412,"LAM GAPANG, KRUENG BARONA JAYA, ACEH BESAR, ACEH",1,8,183,191
https://kawalpemilu.org#2412,"LAM GAPANG, KRUENG BARONA JAYA, ACEH BESAR, ACEH",2,10,162,172
https://kawalpemilu.org#2412,"LAM GAPANG, KRUENG BARONA JAYA, ACEH BESAR, ACEH",3,18,169,187
https://kawalpemilu.org#2412,"LAM GAPANG, KRUENG BARONA JAYA, ACEH BESAR, ACEH",4,17,167,184
https://kawalpemilu.org#2412,"LAM GAPANG, KRUENG BARONA JAYA, ACEH BESAR, ACEH",5,8,192,200
https://kawalpemilu.org#2412,"LAM GAPANG, KRUENG BARONA JAYA, ACEH BESAR, ACEH",6,17,164,181
https://kawalpemilu.org#2413,"MEUNASAH MANYANG, KRUENG BARONA JAYA, ACEH BESAR, ACEH",1,15,164,179
https://kawalpemilu.org#2413,"MEUNASAH MANYANG, KRUENG BARONA JAYA, ACEH BESAR, ACEH",2,11,147,158
https://kawalpemilu.org#2413,"MEUNASAH MANYANG, KRUENG BARONA JAYA, ACEH BESAR, ACEH",3,16,147,163
https://kawalpemilu.org#2414,"MEUNASAH BAET, KRUENG BARONA JAYA, ACEH BESAR, ACEH",2,10,183,193
https://kawalpemilu.org#2414,"MEUNASAH BAET, KRUENG BARONA JAYA, ACEH BESAR, ACEH",3,21,168,189
https://kawalpemilu.org#2415,"MEUNASAH INTAN, KRUENG BARONA JAYA, ACEH BESAR, ACEH",1,23,169,192
https://kawalpemilu.org#2415,"MEUNASAH INTAN, KRUENG BARONA JAYA, ACEH BESAR, ACEH",2,12,174,186
https://kawalpemilu.org#2415,"MEUNASAH INTAN, KRUENG BARONA JAYA, ACEH BESAR, ACEH",3,11,155,166
https://kawalpemilu.org#2416,"RUMPET, KRUENG BARONA JAYA, ACEH BESAR, ACEH",1,18,199,217
https://kawalpemilu.org#2416,"RUMPET, KRUENG BARONA JAYA, ACEH BESAR, ACEH",2,15,176,191
https://kawalpemilu.org#2417,"GLA MEUNASAH BARO, KRUENG BARONA JAYA, ACEH BESAR, ACEH",1,15,151,166
https://kawalpemilu.org#2417,"GLA MEUNASAH BARO, KRUENG BARONA JAYA, ACEH BESAR, ACEH",2,22,177,199
https://kawalpemilu.org#2419,"LAYEUN, LEUPUNG, ACEH BESAR, ACEH",1,32,130,162
https://kawalpemilu.org#2419,"LAYEUN, LEUPUNG, ACEH BESAR, ACEH",2,12,162,174
https://kawalpemilu.org#2419,"LAYEUN, LEUPUNG, ACEH BESAR, ACEH",3,28,161,189
https://kawalpemilu.org#2420,"PULOT, LEUPUNG, ACEH BESAR, ACEH",1,9,170,179
https://kawalpemilu.org#2420,"PULOT, LEUPUNG, ACEH BESAR, ACEH",2,12,162,174
https://kawalpemilu.org#2421,"LAMSEUNIA, LEUPUNG, ACEH BESAR, ACEH",1,14,143,157
https://kawalpemilu.org#2422,"MNS. MESJID, LEUPUNG, ACEH BESAR, ACEH",1,13,174,187
https://kawalpemilu.org#2423,"MEUNASAH BAK U, LEUPUNG, ACEH BESAR, ACEH",1,36,183,219
https://kawalpemilu.org#2424,"DAYAH MAMPLAM, LEUPUNG, ACEH BESAR, ACEH",1,13,196,209
https://kawalpemilu.org#2424,"DAYAH MAMPLAM, LEUPUNG, ACEH BESAR, ACEH",2,17,165,182
https://kawalpemilu.org#2427,"KAYEE KUNYET, BLANG BINTANG, ACEH BESAR, ACEH",1,1,221,222
https://kawalpemilu.org#2427,"KAYEE KUNYET, BLANG BINTANG, ACEH BESAR, ACEH",2,8,191,199
https://kawalpemilu.org#2431,"EMPEE BATA, BLANG BINTANG, ACEH BESAR, ACEH",1,13,265,278
https://kawalpemilu.org#2432,"COT MON RAYA, BLANG BINTANG, ACEH BESAR, ACEH",1,8,219,227
https://kawalpemilu.org#2433,"TEUPIN BATEE, BLANG BINTANG, ACEH BESAR, ACEH",1,20,198,218
https://kawalpemilu.org#2436,"COT JAMBO, BLANG BINTANG, ACEH BESAR, ACEH",1,11,213,224
https://kawalpemilu.org#2437,"COT RUMPUN, BLANG BINTANG, ACEH BESAR, ACEH",1,20,193,213
https://kawalpemilu.org#2439,"COT SAYUN, BLANG BINTANG, ACEH BESAR, ACEH",1,9,89,98
https://kawalpemilu.org#2440,"COT BAGIE, BLANG BINTANG, ACEH BESAR, ACEH",1,15,136,151
https://kawalpemilu.org#2441,"PAYA UE, BLANG BINTANG, ACEH BESAR, ACEH",1,31,204,235
https://kawalpemilu.org#2444,"MEULAYO, BLANG BINTANG, ACEH BESAR, ACEH",1,3,188,191
https://kawalpemilu.org#2446,"LAM SIEM, BLANG BINTANG, ACEH BESAR, ACEH",1,15,229,244
https://kawalpemilu.org#2447,"COT MALEM, BLANG BINTANG, ACEH BESAR, ACEH",1,18,158,176
https://kawalpemilu.org#2447,"COT MALEM, BLANG BINTANG, ACEH BESAR, ACEH",2,9,155,164
https://kawalpemilu.org#2448,"BUENG SIDOM, BLANG BINTANG, ACEH BESAR, ACEH",1,19,145,164
https://kawalpemilu.org#2454,"DAYAH TUHA, BATEE, PIDIE, ACEH",1,6,165,171
https://kawalpemilu.org#2455,"DAYAH BAROH, BATEE, PIDIE, ACEH",1,7,139,146
https://kawalpemilu.org#2455,"DAYAH BAROH, BATEE, PIDIE, ACEH",2,17,100,117
https://kawalpemilu.org#2456,"BINTANG HU, BATEE, PIDIE, ACEH",1,9,124,133
https://kawalpemilu.org#2456,"BINTANG HU, BATEE, PIDIE, ACEH",2,6,123,129
https://kawalpemilu.org#2457,"PULO TUKOK, BATEE, PIDIE, ACEH",1,20,138,158
https://kawalpemilu.org#2457,"PULO TUKOK, BATEE, PIDIE, ACEH",2,22,123,145
https://kawalpemilu.org#2458,"PULO BUNGONG, BATEE, PIDIE, ACEH",1,5,193,198
https://kawalpemilu.org#2458,"PULO BUNGONG, BATEE, PIDIE, ACEH",2,17,175,192
https://kawalpemilu.org#2459,"GEUNTENG TIMUR, BATEE, PIDIE, ACEH",1,29,205,234
https://kawalpemilu.org#2459,"GEUNTENG TIMUR, BATEE, PIDIE, ACEH",2,14,180,194
https://kawalpemilu.org#2459,"GEUNTENG TIMUR, BATEE, PIDIE, ACEH",3,20,190,210
https://kawalpemilu.org#2460,"GEUNTENG BARAT, BATEE, PIDIE, ACEH",1,4,229,233
https://kawalpemilu.org#2460,"GEUNTENG BARAT, BATEE, PIDIE, ACEH",2,7,181,188
https://kawalpemilu.org#2460,"GEUNTENG BARAT, BATEE, PIDIE, ACEH",3,7,167,174
https://kawalpemilu.org#2461,"CALONG CUT, BATEE, PIDIE, ACEH",1,6,174,180
https://kawalpemilu.org#2462,"GEULUMPANG LHEE, BATEE, PIDIE, ACEH",1,21,199,220
https://kawalpemilu.org#2462,"GEULUMPANG LHEE, BATEE, PIDIE, ACEH",2,13,175,188
https://kawalpemilu.org#2463,"ARON, BATEE, PIDIE, ACEH",1,20,183,203
https://kawalpemilu.org#2463,"ARON, BATEE, PIDIE, ACEH",2,9,179,188
https://kawalpemilu.org#2464,"TUHA, BATEE, PIDIE, ACEH",1,6,138,144
https://kawalpemilu.org#2464,"TUHA, BATEE, PIDIE, ACEH",2,12,130,142
https://kawalpemilu.org#2465,"DEYAH, BATEE, PIDIE, ACEH",1,17,174,191
https://kawalpemilu.org#2466,"MESJID, BATEE, PIDIE, ACEH",1,8,144,152
https://kawalpemilu.org#2466,"MESJID, BATEE, PIDIE, ACEH",2,8,131,139
https://kawalpemilu.org#2467,"MEUCAT, BATEE, PIDIE, ACEH",1,16,110,126
https://kawalpemilu.org#2468,"TEUPIN RAYA, BATEE, PIDIE, ACEH",1,3,191,194
https://kawalpemilu.org#2468,"TEUPIN RAYA, BATEE, PIDIE, ACEH",2,4,168,172
https://kawalpemilu.org#2469,"RUNGKOM, BATEE, PIDIE, ACEH",1,5,180,185
https://kawalpemilu.org#2469,"RUNGKOM, BATEE, PIDIE, ACEH",2,2,174,176
https://kawalpemilu.org#2469,"RUNGKOM, BATEE, PIDIE, ACEH",3,7,140,147
https://kawalpemilu.org#2470,"MEE, BATEE, PIDIE, ACEH",1,15,163,178
https://kawalpemilu.org#2470,"MEE, BATEE, PIDIE, ACEH",2,17,177,194
https://kawalpemilu.org#2471,"PULO PANDE, BATEE, PIDIE, ACEH",1,7,108,115
https://kawalpemilu.org#2471,"PULO PANDE, BATEE, PIDIE, ACEH",2,16,83,99
https://kawalpemilu.org#2472,"SEULATAN, BATEE, PIDIE, ACEH",1,7,151,158
https://kawalpemilu.org#2472,"SEULATAN, BATEE, PIDIE, ACEH",2,4,128,132
https://kawalpemilu.org#2473,"ALUE LADA, BATEE, PIDIE, ACEH",1,16,202,218
https://kawalpemilu.org#2474,"TEUPIN JEUE, BATEE, PIDIE, ACEH",1,9,239,248
https://kawalpemilu.org#2475,"NEUHEUN, BATEE, PIDIE, ACEH",1,3,202,205
https://kawalpemilu.org#2475,"NEUHEUN, BATEE, PIDIE, ACEH",2,2,173,175
https://kawalpemilu.org#2475,"NEUHEUN, BATEE, PIDIE, ACEH",3,4,207,211
https://kawalpemilu.org#2475,"NEUHEUN, BATEE, PIDIE, ACEH",4,5,189,194
https://kawalpemilu.org#2476,"CRUENG, BATEE, PIDIE, ACEH",1,9,168,177
https://kawalpemilu.org#2476,"CRUENG, BATEE, PIDIE, ACEH",2,4,178,182
https://kawalpemilu.org#2476,"CRUENG, BATEE, PIDIE, ACEH",3,4,165,169
https://kawalpemilu.org#2476,"CRUENG, BATEE, PIDIE, ACEH",4,4,127,131
https://kawalpemilu.org#2476,"CRUENG, BATEE, PIDIE, ACEH",5,3,139,142
https://kawalpemilu.org#2476,"CRUENG, BATEE, PIDIE, ACEH",6,3,135,138
https://kawalpemilu.org#2477,"KAREUNG, BATEE, PIDIE, ACEH",1,4,196,200
https://kawalpemilu.org#2477,"KAREUNG, BATEE, PIDIE, ACEH",2,4,227,231
https://kawalpemilu.org#2477,"KAREUNG, BATEE, PIDIE, ACEH",3,21,194,215
https://kawalpemilu.org#2478,"KULEE, BATEE, PIDIE, ACEH",1,21,208,229
https://kawalpemilu.org#2478,"KULEE, BATEE, PIDIE, ACEH",3,19,199,218
https://kawalpemilu.org#2478,"KULEE, BATEE, PIDIE, ACEH",4,20,181,201
https://kawalpemilu.org#2479,"KULAM, BATEE, PIDIE, ACEH",1,29,154,183
https://kawalpemilu.org#2479,"KULAM, BATEE, PIDIE, ACEH",2,11,135,146
https://kawalpemilu.org#2480,"AWEE, BATEE, PIDIE, ACEH",1,10,188,198
https://kawalpemilu.org#2481,"PASI BEURANDEH, BATEE, PIDIE, ACEH",1,25,235,260
https://kawalpemilu.org#2483,"TUNONG, DELIMA, PIDIE, ACEH",1,15,81,96
https://kawalpemilu.org#2483,"TUNONG, DELIMA, PIDIE, ACEH",2,8,88,96
https://kawalpemilu.org#2484,"RAYA, DELIMA, PIDIE, ACEH",1,8,134,142
https://kawalpemilu.org#2484,"RAYA, DELIMA, PIDIE, ACEH",2,22,121,143
https://kawalpemilu.org#2485,"DABOH, DELIMA, PIDIE, ACEH",1,10,178,188
https://kawalpemilu.org#2486,"CUT, DELIMA, PIDIE, ACEH",1,7,105,112
https://kawalpemilu.org#2486,"CUT, DELIMA, PIDIE, ACEH",2,7,118,125
https://kawalpemilu.org#2487,"MESJID REUBEE, DELIMA, PIDIE, ACEH",1,13,133,146
https://kawalpemilu.org#2487,"MESJID REUBEE, DELIMA, PIDIE, ACEH",2,8,126,134
https://kawalpemilu.org#2487,"MESJID REUBEE, DELIMA, PIDIE, ACEH",3,7,128,135
https://kawalpemilu.org#2488,"TANJONG, DELIMA, PIDIE, ACEH",1,11,151,162
https://kawalpemilu.org#2488,"TANJONG, DELIMA, PIDIE, ACEH",2,2,130,132
https://kawalpemilu.org#2489,"GEUDONG, DELIMA, PIDIE, ACEH",1,9,135,144
https://kawalpemilu.org#2489,"GEUDONG, DELIMA, PIDIE, ACEH",2,7,98,105
https://kawalpemilu.org#2490,"REUNTOH, DELIMA, PIDIE, ACEH",1,15,112,127
https://kawalpemilu.org#2491,"REUBA, DELIMA, PIDIE, ACEH",1,18,172,190
https://kawalpemilu.org#2492,"KRUENG REUBEE, DELIMA, PIDIE, ACEH",1,5,167,172
https://kawalpemilu.org#2492,"KRUENG REUBEE, DELIMA, PIDIE, ACEH",2,3,161,164
https://kawalpemilu.org#2493,"NEULOP, DELIMA, PIDIE, ACEH",1,18,120,138
https://kawalpemilu.org#2493,"NEULOP, DELIMA, PIDIE, ACEH",2,15,142,157
https://kawalpemilu.org#2494,"GLEE, DELIMA, PIDIE, ACEH",1,8,70,78
https://kawalpemilu.org#2495,"KUMBANG, DELIMA, PIDIE, ACEH",1,8,75,83
https://kawalpemilu.org#2496,"BULOH, DELIMA, PIDIE, ACEH",1,13,118,131
https://kawalpemilu.org#2496,"BULOH, DELIMA, PIDIE, ACEH",2,15,110,125
https://kawalpemilu.org#2497,"BUNGO, DELIMA, PIDIE, ACEH",1,8,104,112
https://kawalpemilu.org#2497,"BUNGO, DELIMA, PIDIE, ACEH",2,15,107,122
https://kawalpemilu.org#2498,"DAYAH REUBEE, DELIMA, PIDIE, ACEH",1,14,154,168
https://kawalpemilu.org#2499,"JAMBEE, DELIMA, PIDIE, ACEH",1,18,130,148
https://kawalpemilu.org#2500,"DAYAH BARO, DELIMA, PIDIE, ACEH",1,8,105,113
https://kawalpemilu.org#2500,"DAYAH BARO, DELIMA, PIDIE, ACEH",2,9,116,125
https://kawalpemilu.org#2501,"PUUK, DELIMA, PIDIE, ACEH",1,40,121,161
https://kawalpemilu.org#2501,"PUUK, DELIMA, PIDIE, ACEH",2,31,79,110
https://kawalpemilu.org#2502,"LHEE MEUNASAH, DELIMA, PIDIE, ACEH",1,10,179,189
https://kawalpemilu.org#2502,"LHEE MEUNASAH, DELIMA, PIDIE, ACEH",2,10,158,168
https://kawalpemilu.org#2503,"ULEE TUTUE RAYA, DELIMA, PIDIE, ACEH",1,5,174,179
https://kawalpemilu.org#2503,"ULEE TUTUE RAYA, DELIMA, PIDIE, ACEH",2,3,148,151
https://kawalpemilu.org#2503,"ULEE TUTUE RAYA, DELIMA, PIDIE, ACEH",3,6,145,151
https://kawalpemilu.org#2503,"ULEE TUTUE RAYA, DELIMA, PIDIE, ACEH",4,6,145,151
https://kawalpemilu.org#2504,"MESJID AREE, DELIMA, PIDIE, ACEH",1,4,172,176
https://kawalpemilu.org#2505,"KEUTAPANG AREE, DELIMA, PIDIE, ACEH",1,6,175,181
https://kawalpemilu.org#2505,"KEUTAPANG AREE, DELIMA, PIDIE, ACEH",2,13,144,157
https://kawalpemilu.org#2506,"PANTE AREE, DELIMA, PIDIE, ACEH",1,13,103,116
https://kawalpemilu.org#2506,"PANTE AREE, DELIMA, PIDIE, ACEH",2,6,99,105
https://kawalpemilu.org#2507,"PULO TUNONG, DELIMA, PIDIE, ACEH",1,6,145,151
https://kawalpemilu.org#2507,"PULO TUNONG, DELIMA, PIDIE, ACEH",2,8,107,115
https://kawalpemilu.org#2508,"PULO BAROH, DELIMA, PIDIE, ACEH",1,5,94,99
https://kawalpemilu.org#2508,"PULO BAROH, DELIMA, PIDIE, ACEH",2,6,98,104
https://kawalpemilu.org#2509,"KREUMBOK, DELIMA, PIDIE, ACEH",1,18,114,132
https://kawalpemilu.org#2509,"KREUMBOK, DELIMA, PIDIE, ACEH",2,16,125,141
https://kawalpemilu.org#2510,"CEURIH BLANG MEE, DELIMA, PIDIE, ACEH",1,6,107,113
https://kawalpemilu.org#2510,"CEURIH BLANG MEE, DELIMA, PIDIE, ACEH",2,12,108,120
https://kawalpemilu.org#2511,"CEURIH KEUPULA, DELIMA, PIDIE, ACEH",1,12,166,178
https://kawalpemilu.org#2512,"CEURIH ALUE, DELIMA, PIDIE, ACEH",1,8,146,154
https://kawalpemilu.org#2513,"CEURIH COT, DELIMA, PIDIE, ACEH",1,18,111,129
https://kawalpemilu.org#2514,"SEUPEUNG BEUAH, DELIMA, PIDIE, ACEH",1,20,140,160
https://kawalpemilu.org#2515,"SUKON LHONG, DELIMA, PIDIE, ACEH",1,17,123,140
https://kawalpemilu.org#2515,"SUKON LHONG, DELIMA, PIDIE, ACEH",2,18,130,148
https://kawalpemilu.org#2516,"DAYAH BEUAH, DELIMA, PIDIE, ACEH",1,14,158,172
https://kawalpemilu.org#2516,"DAYAH BEUAH, DELIMA, PIDIE, ACEH",2,9,127,136
https://kawalpemilu.org#2517,"KRUENG COT, DELIMA, PIDIE, ACEH",1,9,135,144
https://kawalpemilu.org#2517,"KRUENG COT, DELIMA, PIDIE, ACEH",2,7,115,122
https://kawalpemilu.org#2518,"MESJID BEUAH, DELIMA, PIDIE, ACEH",1,11,83,94
https://kawalpemilu.org#2518,"MESJID BEUAH, DELIMA, PIDIE, ACEH",2,8,102,110
https://kawalpemilu.org#2519,"LUENG DAMA, DELIMA, PIDIE, ACEH",1,15,169,184
https://kawalpemilu.org#2520,"MESJID BAMBONG, DELIMA, PIDIE, ACEH",1,4,215,219
https://kawalpemilu.org#2521,"REUSEB, DELIMA, PIDIE, ACEH",1,16,171,187
https://kawalpemilu.org#2522,"SAGOE, DELIMA, PIDIE, ACEH",1,10,122,132
https://kawalpemilu.org#2522,"SAGOE, DELIMA, PIDIE, ACEH",2,4,125,129
https://kawalpemilu.org#2523,"SEUKEUM, DELIMA, PIDIE, ACEH",1,1,125,126
https://kawalpemilu.org#2524,"PANGOE, DELIMA, PIDIE, ACEH",1,11,119,130
https://kawalpemilu.org#2525,"KEUTAPANG BAMBONG, DELIMA, PIDIE, ACEH",1,13,174,187
https://kawalpemilu.org#2525,"KEUTAPANG BAMBONG, DELIMA, PIDIE, ACEH",2,12,169,181
https://kawalpemilu.org#2526,"METAREUM, DELIMA, PIDIE, ACEH",1,10,169,179
https://kawalpemilu.org#2528,"BANGKEH, GEUMPANG, PIDIE, ACEH",1,33,159,192
https://kawalpemilu.org#2528,"BANGKEH, GEUMPANG, PIDIE, ACEH",2,27,229,256
https://kawalpemilu.org#2528,"BANGKEH, GEUMPANG, PIDIE, ACEH",3,33,164,197
https://kawalpemilu.org#2528,"BANGKEH, GEUMPANG, PIDIE, ACEH",4,22,166,188
https://kawalpemilu.org#2528,"BANGKEH, GEUMPANG, PIDIE, ACEH",5,22,175,197
https://kawalpemilu.org#2529,"PUCOK, GEUMPANG, PIDIE, ACEH",1,15,164,179
https://kawalpemilu.org#2529,"PUCOK, GEUMPANG, PIDIE, ACEH",2,18,182,200
https://kawalpemilu.org#2529,"PUCOK, GEUMPANG, PIDIE, ACEH",3,8,203,211
https://kawalpemilu.org#2530,"LEUPU, GEUMPANG, PIDIE, ACEH",1,11,141,152
https://kawalpemilu.org#2530,"LEUPU, GEUMPANG, PIDIE, ACEH",2,18,149,167
https://kawalpemilu.org#2530,"LEUPU, GEUMPANG, PIDIE, ACEH",3,16,140,156
https://kawalpemilu.org#2530,"LEUPU, GEUMPANG, PIDIE, ACEH",4,8,117,125
https://kawalpemilu.org#2531,"PULO LHOIH, GEUMPANG, PIDIE, ACEH",1,13,145,158
https://kawalpemilu.org#2531,"PULO LHOIH, GEUMPANG, PIDIE, ACEH",2,12,167,179
https://kawalpemilu.org#2531,"PULO LHOIH, GEUMPANG, PIDIE, ACEH",3,17,157,174
https://kawalpemilu.org#2531,"PULO LHOIH, GEUMPANG, PIDIE, ACEH",4,9,166,175
https://kawalpemilu.org#2532,"KEUNE, GEUMPANG, PIDIE, ACEH",1,6,168,174
https://kawalpemilu.org#2532,"KEUNE, GEUMPANG, PIDIE, ACEH",2,3,144,147
https://kawalpemilu.org#2534,"SIMPANG, GEULUMPANG TIGA, PIDIE, ACEH",1,5,141,146
https://kawalpemilu.org#2534,"SIMPANG, GEULUMPANG TIGA, PIDIE, ACEH",2,5,145,150
https://kawalpemilu.org#2535,"KRUENG JANGKO, GEULUMPANG TIGA, PIDIE, ACEH",1,15,159,174
https://kawalpemilu.org#2535,"KRUENG JANGKO, GEULUMPANG TIGA, PIDIE, ACEH",2,7,128,135
https://kawalpemilu.org#2536,"KRUENG NYONG, GEULUMPANG TIGA, PIDIE, ACEH",1,1,110,111
https://kawalpemilu.org#2537,"COT BAROH, GEULUMPANG TIGA, PIDIE, ACEH",1,10,146,156
https://kawalpemilu.org#2537,"COT BAROH, GEULUMPANG TIGA, PIDIE, ACEH",2,18,143,161
https://kawalpemilu.org#2538,"COT TUNONG, GEULUMPANG TIGA, PIDIE, ACEH",1,16,134,150
https://kawalpemilu.org#2538,"COT TUNONG, GEULUMPANG TIGA, PIDIE, ACEH",2,10,112,122
https://kawalpemilu.org#2539,"BILI, GEULUMPANG TIGA, PIDIE, ACEH",1,5,221,226
https://kawalpemilu.org#2540,"PANJOE, GEULUMPANG TIGA, PIDIE, ACEH",1,1,203,204
https://kawalpemilu.org#2540,"PANJOE, GEULUMPANG TIGA, PIDIE, ACEH",2,1,209,210
https://kawalpemilu.org#2541,"AMUD MESJID, GEULUMPANG TIGA, PIDIE, ACEH",1,19,201,220
https://kawalpemilu.org#2542,"REUDEUP MEULAYU, GEULUMPANG TIGA, PIDIE, ACEH",1,11,196,207
https://kawalpemilu.org#2543,"DAYAH TANOH, GEULUMPANG TIGA, PIDIE, ACEH",1,37,168,223
https://kawalpemilu.org#2543,"DAYAH TANOH, GEULUMPANG TIGA, PIDIE, ACEH",2,31,189,220
https://kawalpemilu.org#2544,"MAMPLAM, GEULUMPANG TIGA, PIDIE, ACEH",1,16,131,147
https://kawalpemilu.org#2544,"MAMPLAM, GEULUMPANG TIGA, PIDIE, ACEH",2,15,128,143
https://kawalpemilu.org#2545,"BALEE, GEULUMPANG TIGA, PIDIE, ACEH",1,10,113,123
https://kawalpemilu.org#2545,"BALEE, GEULUMPANG TIGA, PIDIE, ACEH",2,12,101,101
https://kawalpemilu.org#2546,"KEUPULA, GEULUMPANG TIGA, PIDIE, ACEH",1,11,132,143
https://kawalpemilu.org#2547,"PULO LUENG TEUGA, GEULUMPANG TIGA, PIDIE, ACEH",1,10,119,129
https://kawalpemilu.org#2547,"PULO LUENG TEUGA, GEULUMPANG TIGA, PIDIE, ACEH",2,7,110,117
https://kawalpemilu.org#2548,"SUKON MESJID, GEULUMPANG TIGA, PIDIE, ACEH",1,11,155,166
https://kawalpemilu.org#2548,"SUKON MESJID, GEULUMPANG TIGA, PIDIE, ACEH",2,13,149,162
https://kawalpemilu.org#2548,"SUKON MESJID, GEULUMPANG TIGA, PIDIE, ACEH",3,16,116,132
https://kawalpemilu.org#2549,"SUKON BAROH, GEULUMPANG TIGA, PIDIE, ACEH",1,3,185,188
https://kawalpemilu.org#2549,"SUKON BAROH, GEULUMPANG TIGA, PIDIE, ACEH",2,11,160,171
https://kawalpemilu.org#2549,"SUKON BAROH, GEULUMPANG TIGA, PIDIE, ACEH",3,16,158,174
https://kawalpemilu.org#2550,"KRUET TEUMPEUEN, GEULUMPANG TIGA, PIDIE, ACEH",1,30,125,155
https://kawalpemilu.org#2550,"KRUET TEUMPEUEN, GEULUMPANG TIGA, PIDIE, ACEH",2,19,132,151
https://kawalpemilu.org#2551,"BLANG DRANG, GEULUMPANG TIGA, PIDIE, ACEH",1,9,151,160
https://kawalpemilu.org#2551,"BLANG DRANG, GEULUMPANG TIGA, PIDIE, ACEH",2,15,122,137
https://kawalpemilu.org#2552,"UDE GAMPONG, GEULUMPANG TIGA, PIDIE, ACEH",1,6,128,134
https://kawalpemilu.org#2552,"UDE GAMPONG, GEULUMPANG TIGA, PIDIE, ACEH",2,3,130,133
https://kawalpemilu.org#2553,"KAYEE JATOE, GEULUMPANG TIGA, PIDIE, ACEH",1,16,134,150
https://kawalpemilu.org#2553,"KAYEE JATOE, GEULUMPANG TIGA, PIDIE, ACEH",2,17,141,158
https://kawalpemilu.org#2553,"KAYEE JATOE, GEULUMPANG TIGA, PIDIE, ACEH",3,24,142,166
https://kawalpemilu.org#2554,"KAMPONG JEUMPA, GEULUMPANG TIGA, PIDIE, ACEH",1,6,129,135
https://kawalpemilu.org#2554,"KAMPONG JEUMPA, GEULUMPANG TIGA, PIDIE, ACEH",2,13,125,138
https://kawalpemilu.org#2555,"POLO LON/PULO DAYAH, GEULUMPANG TIGA, PIDIE, ACEH",1,31,145,176
https://kawalpemilu.org#2555,"POLO LON/PULO DAYAH, GEULUMPANG TIGA, PIDIE, ACEH",2,30,120,150
https://kawalpemilu.org#2556,"JURONG PANDE, GEULUMPANG TIGA, PIDIE, ACEH",1,12,175,187
https://kawalpemilu.org#2557,"PULO GAJAH MATE, GEULUMPANG TIGA, PIDIE, ACEH",1,1,163,164
https://kawalpemilu.org#2558,"TUFAH JEULATANG, GEULUMPANG TIGA, PIDIE, ACEH",1,12,153,165
https://kawalpemilu.org#2558,"TUFAH JEULATANG, GEULUMPANG TIGA, PIDIE, ACEH",2,10,142,152
https://kawalpemilu.org#2559,"KUMBANG KEUPULA, GEULUMPANG TIGA, PIDIE, ACEH",1,20,195,215
https://kawalpemilu.org#2560,"PULO BATEE, GEULUMPANG TIGA, PIDIE, ACEH",1,12,224,236
https://kawalpemilu.org#2560,"PULO BATEE, GEULUMPANG TIGA, PIDIE, ACEH",2,12,209,221
https://kawalpemilu.org#2561,"MEUNJEE, GEULUMPANG TIGA, PIDIE, ACEH",1,14,196,210
https://kawalpemilu.org#2561,"MEUNJEE, GEULUMPANG TIGA, PIDIE, ACEH",2,3,239,242
https://kawalpemilu.org#2561,"MEUNJEE, GEULUMPANG TIGA, PIDIE, ACEH",3,24,198,222
https://kawalpemilu.org#2562,"KEUTAPANG MESJID, GEULUMPANG TIGA, PIDIE, ACEH",1,4,124,128
https://kawalpemilu.org#2562,"KEUTAPANG MESJID, GEULUMPANG TIGA, PIDIE, ACEH",2,4,117,121
https://kawalpemilu.org#2563,"DAYAH KAMPONG PISANG, GEULUMPANG TIGA, PIDIE, ACEH",1,19,159,178
https://kawalpemilu.org#2563,"DAYAH KAMPONG PISANG, GEULUMPANG TIGA, PIDIE, ACEH",2,13,155,168
https://kawalpemilu.org#2564,"BLANG TUNONG, GEULUMPANG TIGA, PIDIE, ACEH",1,3,241,244
https://kawalpemilu.org#2565,"BLANG PUEB, GEULUMPANG TIGA, PIDIE, ACEH",1,19,199,218
https://kawalpemilu.org#2566,"LAMBARO, GEULUMPANG TIGA, PIDIE, ACEH",1,14,152,166
https://kawalpemilu.org#2566,"LAMBARO, GEULUMPANG TIGA, PIDIE, ACEH",2,8,166,174
https://kawalpemilu.org#2566,"LAMBARO, GEULUMPANG TIGA, PIDIE, ACEH",3,9,175,184
https://kawalpemilu.org#2567,"NEUROK, GEULUMPANG TIGA, PIDIE, ACEH",1,8,143,151
https://kawalpemilu.org#2567,"NEUROK, GEULUMPANG TIGA, PIDIE, ACEH",2,3,123,126
https://kawalpemilu.org#2569,"TAMPING TUNONG, INDRA JAYA, PIDIE, ACEH",1,25,184,209
https://kawalpemilu.org#2570,"TAMPING BAROH, INDRA JAYA, PIDIE, ACEH",1,20,229,249
https://kawalpemilu.org#2571,"DAYAH CALEUE, INDRA JAYA, PIDIE, ACEH",1,13,201,214
https://kawalpemilu.org#2571,"DAYAH CALEUE, INDRA JAYA, PIDIE, ACEH",2,31,164,195
https://kawalpemilu.org#2572,"DESA JURONG, INDRA JAYA, PIDIE, ACEH",1,23,188,211
https://kawalpemilu.org#2573,"KEUTAPANG, INDRA JAYA, PIDIE, ACEH",1,16,153,169
https://kawalpemilu.org#2573,"KEUTAPANG, INDRA JAYA, PIDIE, ACEH",2,4,147,151
https://kawalpemilu.org#2574,"DAYAH KEURAKO, INDRA JAYA, PIDIE, ACEH",1,14,104,118
https://kawalpemilu.org#2574,"DAYAH KEURAKO, INDRA JAYA, PIDIE, ACEH",2,8,140,148
https://kawalpemilu.org#2575,"MESJID LAM UJONG, INDRA JAYA, PIDIE, ACEH",1,5,126,131
https://kawalpemilu.org#2575,"MESJID LAM UJONG, INDRA JAYA, PIDIE, ACEH",2,7,123,130
https://kawalpemilu.org#2576,"BARO JRUEK, INDRA JAYA, PIDIE, ACEH",1,12,124,136
https://kawalpemilu.org#2576,"BARO JRUEK, INDRA JAYA, PIDIE, ACEH",2,10,131,141
https://kawalpemilu.org#2577,"YUB MEE, INDRA JAYA, PIDIE, ACEH",1,8,220,228
https://kawalpemilu.org#2578,"RAYA LHOK KAJU, INDRA JAYA, PIDIE, ACEH",1,22,190,212
https://kawalpemilu.org#2579,"PULO GAMPONG U, INDRA JAYA, PIDIE, ACEH",1,14,166,180
https://kawalpemilu.org#2580,"PANTE LHOK KAJU, INDRA JAYA, PIDIE, ACEH",1,10,135,145
https://kawalpemilu.org#2580,"PANTE LHOK KAJU, INDRA JAYA, PIDIE, ACEH",2,8,146,154
https://kawalpemilu.org#2581,"SUKON TUNGKOP, INDRA JAYA, PIDIE, ACEH",1,11,210,221
https://kawalpemilu.org#2582,"RAWA TUNGKOP, INDRA JAYA, PIDIE, ACEH",1,13,164,177
https://kawalpemilu.org#2583,"MESJID TUNGKOP, INDRA JAYA, PIDIE, ACEH",1,9,180,189
https://kawalpemilu.org#2584,"DAYAH MUARA, INDRA JAYA, PIDIE, ACEH",1,9,161,170
https://kawalpemilu.org#2584,"DAYAH MUARA, INDRA JAYA, PIDIE, ACEH",2,15,160,175
https://kawalpemilu.org#2584,"DAYAH MUARA, INDRA JAYA, PIDIE, ACEH",3,11,134,145
https://kawalpemilu.org#2584,"DAYAH MUARA, INDRA JAYA, PIDIE, ACEH",4,7,148,155
https://kawalpemilu.org#2585,"PANTE GAROT, INDRA JAYA, PIDIE, ACEH",1,12,154,166
https://kawalpemilu.org#2585,"PANTE GAROT, INDRA JAYA, PIDIE, ACEH",2,14,194,208
https://kawalpemilu.org#2585,"PANTE GAROT, INDRA JAYA, PIDIE, ACEH",3,10,118,128
https://kawalpemilu.org#2585,"PANTE GAROT, INDRA JAYA, PIDIE, ACEH",4,12,119,131
https://kawalpemilu.org#2586,"GAROT CUT, INDRA JAYA, PIDIE, ACEH",1,3,157,160
https://kawalpemilu.org#2586,"GAROT CUT, INDRA JAYA, PIDIE, ACEH",2,3,146,149
https://kawalpemilu.org#2586,"GAROT CUT, INDRA JAYA, PIDIE, ACEH",3,6,192,198
https://kawalpemilu.org#2586,"GAROT CUT, INDRA JAYA, PIDIE, ACEH",4,13,159,172
https://kawalpemilu.org#2587,"KEUBANG, INDRA JAYA, PIDIE, ACEH",1,9,141,150
https://kawalpemilu.org#2587,"KEUBANG, INDRA JAYA, PIDIE, ACEH",2,5,143,148
https://kawalpemilu.org#2587,"KEUBANG, INDRA JAYA, PIDIE, ACEH",3,6,128,134
https://kawalpemilu.org#2588,"MEULAYU, INDRA JAYA, PIDIE, ACEH",1,4,146,150
https://kawalpemilu.org#2588,"MEULAYU, INDRA JAYA, PIDIE, ACEH",2,10,128,138
https://kawalpemilu.org#2589,"TUNGKOP CUT, INDRA JAYA, PIDIE, ACEH",1,10,71,81
https://kawalpemilu.org#2590,"GUCI, INDRA JAYA, PIDIE, ACEH",1,12,151,163
https://kawalpemilu.org#2591,"TEUNGOH BLANG, INDRA JAYA, PIDIE, ACEH",1,13,184,197
https://kawalpemilu.org#2592,"MESJID DIJIEM, INDRA JAYA, PIDIE, ACEH",1,16,175,190
https://kawalpemilu.org#2592,"MESJID DIJIEM, INDRA JAYA, PIDIE, ACEH",2,6,164,170
https://kawalpemilu.org#2593,"SUKON ULEE GAMPONG, INDRA JAYA, PIDIE, ACEH",1,5,127,132
https://kawalpemilu.org#2594,"ULEE BIRAH, INDRA JAYA, PIDIE, ACEH",1,24,150,174
https://kawalpemilu.org#2595,"MESJID BARO, INDRA JAYA, PIDIE, ACEH",1,13,104,117
https://kawalpemilu.org#2596,"LAM REUNEUNG, INDRA JAYA, PIDIE, ACEH",1,65,153,218
https://kawalpemilu.org#2597,"COT SEUKE, INDRA JAYA, PIDIE, ACEH",1,5,145,150
https://kawalpemilu.org#2598,"DRIEN, INDRA JAYA, PIDIE, ACEH",1,9,104,113
https://kawalpemilu.org#2599,"RUMIA, INDRA JAYA, PIDIE, ACEH",1,8,121,129
https://kawalpemilu.org#2600,"WAKEUEH, INDRA JAYA, PIDIE, ACEH",1,15,89,104
https://kawalpemilu.org#2600,"WAKEUEH, INDRA JAYA, PIDIE, ACEH",2,14,102,116
https://kawalpemilu.org#2602,"MESJID ULEE GAMPONG, INDRA JAYA, PIDIE, ACEH",1,15,98,113
https://kawalpemilu.org#2603,"DAYAH BIE, INDRA JAYA, PIDIE, ACEH",1,16,174,190
https://kawalpemilu.org#2604,"BALEE BAROH BLUEK, INDRA JAYA, PIDIE, ACEH",1,3,133,136
https://kawalpemilu.org#2604,"BALEE BAROH BLUEK, INDRA JAYA, PIDIE, ACEH",2,7,143,150
https://kawalpemilu.org#2605,"PUTOE, INDRA JAYA, PIDIE, ACEH",1,9,233,242
https://kawalpemilu.org#2605,"PUTOE, INDRA JAYA, PIDIE, ACEH",2,16,207,223
https://kawalpemilu.org#2606,"BLANG RAPAI, INDRA JAYA, PIDIE, ACEH",1,7,162,169
https://kawalpemilu.org#2607,"NEULOP DUA, INDRA JAYA, PIDIE, ACEH",1,8,201,209
https://kawalpemilu.org#2607,"NEULOP DUA, INDRA JAYA, PIDIE, ACEH",2,13,193,206
https://kawalpemilu.org#2609,"BALEE BAROH GAPUI, INDRA JAYA, PIDIE, ACEH",1,17,179,196
https://kawalpemilu.org#2610,"TEUNGOH SUWIEK, INDRA JAYA, PIDIE, ACEH",1,5,188,193
https://kawalpemilu.org#2611,"MESJID SEUWIEK, INDRA JAYA, PIDIE, ACEH",1,13,152,165
https://kawalpemilu.org#2611,"MESJID SEUWIEK, INDRA JAYA, PIDIE, ACEH",2,14,138,152
https://kawalpemilu.org#2612,"TUHA SUWIEK, INDRA JAYA, PIDIE, ACEH",1,5,94,99
https://kawalpemilu.org#2613,"BEUREUDEUP, INDRA JAYA, PIDIE, ACEH",1,10,99,109
https://kawalpemilu.org#2614,"BARO BLUEK, INDRA JAYA, PIDIE, ACEH",1,5,133,138
https://kawalpemilu.org#2615,"LAMKABU, INDRA JAYA, PIDIE, ACEH",1,10,146,156
https://kawalpemilu.org#2616,"BLANG LHOK KAJU, INDRA JAYA, PIDIE, ACEH",1,12,123,135
https://kawalpemilu.org#2616,"BLANG LHOK KAJU, INDRA JAYA, PIDIE, ACEH",2,8,123,131
https://kawalpemilu.org#2617,"BLANG GAROT, INDRA JAYA, PIDIE, ACEH",1,26,114,140
https://kawalpemilu.org#2617,"BLANG GAROT, INDRA JAYA, PIDIE, ACEH",2,21,128,149
https://kawalpemilu.org#93375,"GLEE GAPUI, INDRA JAYA, PIDIE, ACEH",1,9,112,121
https://kawalpemilu.org#93375,"GLEE GAPUI, INDRA JAYA, PIDIE, ACEH",2,11,116,127
https://kawalpemilu.org#93377,"BARO GAPUI, INDRA JAYA, PIDIE, ACEH",1,8,199,207
https://kawalpemilu.org#2619,"JURONG BALEE, KEMBANG TANJONG, PIDIE, ACEH",1,5,152,157
https://kawalpemilu.org#2619,"JURONG BALEE, KEMBANG TANJONG, PIDIE, ACEH",2,5,115,120
https://kawalpemilu.org#2620,"ARON ASAN KUMBANG, KEMBANG TANJONG, PIDIE, ACEH",1,7,130,137
https://kawalpemilu.org#2620,"ARON ASAN KUMBANG, KEMBANG TANJONG, PIDIE, ACEH",2,13,110,123
https://kawalpemilu.org#2621,"CEBREK, KEMBANG TANJONG, PIDIE, ACEH",1,8,212,220
https://kawalpemilu.org#2621,"CEBREK, KEMBANG TANJONG, PIDIE, ACEH",2,8,182,190
https://kawalpemilu.org#2622,"JURONG MESJID, KEMBANG TANJONG, PIDIE, ACEH",1,9,138,147
https://kawalpemilu.org#2622,"JURONG MESJID, KEMBANG TANJONG, PIDIE, ACEH",2,8,127,135
https://kawalpemilu.org#2623,"MNS. GANTUNG, KEMBANG TANJONG, PIDIE, ACEH",1,7,187,194
https://kawalpemilu.org#2624,"BABAH JURONG, KEMBANG TANJONG, PIDIE, ACEH",1,27,146,173
https://kawalpemilu.org#2625,"KEUPULA, KEMBANG TANJONG, PIDIE, ACEH",1,16,170,186
https://kawalpemilu.org#2626,"MNS JARENG, KEMBANG TANJONG, PIDIE, ACEH",1,2,89,91
https://kawalpemilu.org#2627,"ARUSAN, KEMBANG TANJONG, PIDIE, ACEH",1,9,103,112
https://kawalpemilu.org#2628,"TANJONG KRUENG, KEMBANG TANJONG, PIDIE, ACEH",1,13,92,105
https://kawalpemilu.org#2628,"TANJONG KRUENG, KEMBANG TANJONG, PIDIE, ACEH",2,5,89,94
https://kawalpemilu.org#2629,"LANCANG, KEMBANG TANJONG, PIDIE, ACEH",1,18,192,210
https://kawalpemilu.org#2629,"LANCANG, KEMBANG TANJONG, PIDIE, ACEH",2,27,150,177
https://kawalpemilu.org#2629,"LANCANG, KEMBANG TANJONG, PIDIE, ACEH",3,28,170,198
https://kawalpemilu.org#2629,"LANCANG, KEMBANG TANJONG, PIDIE, ACEH",4,20,207,227
https://kawalpemilu.org#2629,"LANCANG, KEMBANG TANJONG, PIDIE, ACEH",5,16,155,171
https://kawalpemilu.org#2630,"PASI LHOK, KEMBANG TANJONG, PIDIE, ACEH",1,39,175,214
https://kawalpemilu.org#2630,"PASI LHOK, KEMBANG TANJONG, PIDIE, ACEH",2,31,205,236
https://kawalpemilu.org#2630,"PASI LHOK, KEMBANG TANJONG, PIDIE, ACEH",3,46,162,208
https://kawalpemilu.org#2630,"PASI LHOK, KEMBANG TANJONG, PIDIE, ACEH",4,30,200,230
https://kawalpemilu.org#2631,"JEMEURANG, KEMBANG TANJONG, PIDIE, ACEH",1,10,232,242
https://kawalpemilu.org#2631,"JEMEURANG, KEMBANG TANJONG, PIDIE, ACEH",2,10,220,230
https://kawalpemilu.org#2632,"PUSONG, KEMBANG TANJONG, PIDIE, ACEH",1,13,146,159
https://kawalpemilu.org#2632,"PUSONG, KEMBANG TANJONG, PIDIE, ACEH",2,12,146,158
https://kawalpemilu.org#2633,"MEURAKSA, KEMBANG TANJONG, PIDIE, ACEH",1,27,183,210
https://kawalpemilu.org#2633,"MEURAKSA, KEMBANG TANJONG, PIDIE, ACEH",2,34,189,223
https://kawalpemilu.org#2634,"KAYEE PANYANG, KEMBANG TANJONG, PIDIE, ACEH",1,14,117,131
https://kawalpemilu.org#2634,"KAYEE PANYANG, KEMBANG TANJONG, PIDIE, ACEH",2,23,103,126
https://kawalpemilu.org#2635,"GAMPONG PANJOU, KEMBANG TANJONG, PIDIE, ACEH",1,15,161,176
https://kawalpemilu.org#2635,"GAMPONG PANJOU, KEMBANG TANJONG, PIDIE, ACEH",2,19,136,155
https://kawalpemilu.org#2636,"KP. ASAN, KEMBANG TANJONG, PIDIE, ACEH",1,14,125,139
https://kawalpemilu.org#2636,"KP. ASAN, KEMBANG TANJONG, PIDIE, ACEH",2,7,114,121
https://kawalpemilu.org#2637,"MNS MESJID, KEMBANG TANJONG, PIDIE, ACEH",1,2,139,141
https://kawalpemilu.org#2637,"MNS MESJID, KEMBANG TANJONG, PIDIE, ACEH",2,1,121,122
https://kawalpemilu.org#2638,"MEUNASAH MEE, KEMBANG TANJONG, PIDIE, ACEH",1,7,226,233
https://kawalpemilu.org#2639,"MNS. TEUNGOH, KEMBANG TANJONG, PIDIE, ACEH",1,8,161,169
https://kawalpemilu.org#2639,"MNS. TEUNGOH, KEMBANG TANJONG, PIDIE, ACEH",2,9,127,136
https://kawalpemilu.org#2640,"PASI IE LEUBEUE, KEMBANG TANJONG, PIDIE, ACEH",1,25,188,213
https://kawalpemilu.org#2640,"PASI IE LEUBEUE, KEMBANG TANJONG, PIDIE, ACEH",2,15,177,192
https://kawalpemilu.org#2641,"KEUDE IE LEUBEUE, KEMBANG TANJONG, PIDIE, ACEH",1,10,144,154
https://kawalpemilu.org#2642,"SUKON, KEMBANG TANJONG, PIDIE, ACEH",1,8,119,127
https://kawalpemilu.org#2642,"SUKON, KEMBANG TANJONG, PIDIE, ACEH",2,2,119,121
https://kawalpemilu.org#2643,"GP. ARA, KEMBANG TANJONG, PIDIE, ACEH",1,19,178,197
https://kawalpemilu.org#2644,"MNS. KRUENG, KEMBANG TANJONG, PIDIE, ACEH",1,8,137,145
https://kawalpemilu.org#2644,"MNS. KRUENG, KEMBANG TANJONG, PIDIE, ACEH",2,10,121,131
https://kawalpemilu.org#2645,"KRUENG DHOE, KEMBANG TANJONG, PIDIE, ACEH",1,16,88,104
https://kawalpemilu.org#2646,"MNS. BARO, KEMBANG TANJONG, PIDIE, ACEH",1,8,92,100
https://kawalpemilu.org#2647,"BENTAYAN, KEMBANG TANJONG, PIDIE, ACEH",1,19,153,172
https://kawalpemilu.org#2648,"MNS.KANDANG, KEMBANG TANJONG, PIDIE, ACEH",1,8,180,188
https://kawalpemilu.org#2649,"LAMKAWE, KEMBANG TANJONG, PIDIE, ACEH",1,8,154,162
https://kawalpemilu.org#2649,"LAMKAWE, KEMBANG TANJONG, PIDIE, ACEH",2,5,163,168
https://kawalpemilu.org#2650,"PU'UK, KEMBANG TANJONG, PIDIE, ACEH",1,6,114,120
https://kawalpemilu.org#2650,"PU'UK, KEMBANG TANJONG, PIDIE, ACEH",2,3,133,136
https://kawalpemilu.org#2651,"TANJONG, KEMBANG TANJONG, PIDIE, ACEH",1,9,179,188
https://kawalpemilu.org#2651,"TANJONG, KEMBANG TANJONG, PIDIE, ACEH",2,3,157,160
https://kawalpemilu.org#2652,"DAYAH BLANG, KEMBANG TANJONG, PIDIE, ACEH",1,4,224,228
https://kawalpemilu.org#2653,"DAYAH MON ARA, KEMBANG TANJONG, PIDIE, ACEH",1,2,135,137
https://kawalpemilu.org#2654,"KEUREUMBOK, KEMBANG TANJONG, PIDIE, ACEH",1,21,189,210
https://kawalpemilu.org#2655,"MNS. MANYANG, KEMBANG TANJONG, PIDIE, ACEH",1,10,158,168
https://kawalpemilu.org#2656,"MATANG KULI, KEMBANG TANJONG, PIDIE, ACEH",1,0,122,122
https://kawalpemilu.org#2657,"REUNG REUNG, KEMBANG TANJONG, PIDIE, ACEH",1,10,164,174
https://kawalpemilu.org#2657,"REUNG REUNG, KEMBANG TANJONG, PIDIE, ACEH",2,7,158,165
https://kawalpemilu.org#2658,"TUMPEUN, KEMBANG TANJONG, PIDIE, ACEH",1,4,105,109
https://kawalpemilu.org#2658,"TUMPEUN, KEMBANG TANJONG, PIDIE, ACEH",2,4,96,100
https://kawalpemilu.org#2659,"BLANG CUT, KEMBANG TANJONG, PIDIE, ACEH",1,6,142,148
https://kawalpemilu.org#2660,"GEULUMPANG, KEMBANG TANJONG, PIDIE, ACEH",1,10,154,164
https://kawalpemilu.org#2660,"GEULUMPANG, KEMBANG TANJONG, PIDIE, ACEH",2,6,164,170
https://kawalpemilu.org#2661,"ARON KUTA BARO, KEMBANG TANJONG, PIDIE, ACEH",1,5,93,98
https://kawalpemilu.org#2662,"GP. BARAT, KEMBANG TANJONG, PIDIE, ACEH",1,6,207,213
https://kawalpemilu.org#2663,"GP. ARAIH, KEMBANG TANJONG, PIDIE, ACEH",1,13,156,169
https://kawalpemilu.org#2665,"BLANG PASEH, KOTA SIGLI, PIDIE, ACEH",1,24,207,231
https://kawalpemilu.org#2665,"BLANG PASEH, KOTA SIGLI, PIDIE, ACEH",2,17,205,222
https://kawalpemilu.org#2665,"BLANG PASEH, KOTA SIGLI, PIDIE, ACEH",3,26,191,217
https://kawalpemilu.org#2665,"BLANG PASEH, KOTA SIGLI, PIDIE, ACEH",4,17,170,187
https://kawalpemilu.org#2665,"BLANG PASEH, KOTA SIGLI, PIDIE, ACEH",5,27,190,217
https://kawalpemilu.org#2665,"BLANG PASEH, KOTA SIGLI, PIDIE, ACEH",6,27,126,153
https://kawalpemilu.org#2665,"BLANG PASEH, KOTA SIGLI, PIDIE, ACEH",7,14,179,193
https://kawalpemilu.org#2665,"BLANG PASEH, KOTA SIGLI, PIDIE, ACEH",8,19,152,172
https://kawalpemilu.org#2665,"BLANG PASEH, KOTA SIGLI, PIDIE, ACEH",9,17,181,198
https://kawalpemilu.org#2666,"BENTENG, KOTA SIGLI, PIDIE, ACEH",1,15,130,145
https://kawalpemilu.org#2666,"BENTENG, KOTA SIGLI, PIDIE, ACEH",2,23,172,195
https://kawalpemilu.org#2666,"BENTENG, KOTA SIGLI, PIDIE, ACEH",3,17,145,162
https://kawalpemilu.org#2666,"BENTENG, KOTA SIGLI, PIDIE, ACEH",4,7,148,155
https://kawalpemilu.org#2666,"BENTENG, KOTA SIGLI, PIDIE, ACEH",5,4,130,134
https://kawalpemilu.org#2667,"BLOK BENGKEL, KOTA SIGLI, PIDIE, ACEH",1,43,165,208
https://kawalpemilu.org#2667,"BLOK BENGKEL, KOTA SIGLI, PIDIE, ACEH",2,40,138,178
https://kawalpemilu.org#2668,"PANTE TEUNGOH, KOTA SIGLI, PIDIE, ACEH",1,10,174,184
https://kawalpemilu.org#2668,"PANTE TEUNGOH, KOTA SIGLI, PIDIE, ACEH",2,11,144,155
https://kawalpemilu.org#2668,"PANTE TEUNGOH, KOTA SIGLI, PIDIE, ACEH",3,8,155,163
https://kawalpemilu.org#2669,"KUALA PIDIE, KOTA SIGLI, PIDIE, ACEH",1,38,184,222
https://kawalpemilu.org#2669,"KUALA PIDIE, KOTA SIGLI, PIDIE, ACEH",2,33,163,196
https://kawalpemilu.org#2670,"KERAMAT LUAR, KOTA SIGLI, PIDIE, ACEH",1,20,168,188
https://kawalpemilu.org#2670,"KERAMAT LUAR, KOTA SIGLI, PIDIE, ACEH",2,17,181,198
https://kawalpemilu.org#2670,"KERAMAT LUAR, KOTA SIGLI, PIDIE, ACEH",3,22,165,189
https://kawalpemilu.org#2670,"KERAMAT LUAR, KOTA SIGLI, PIDIE, ACEH",4,20,169,189
https://kawalpemilu.org#2670,"KERAMAT LUAR, KOTA SIGLI, PIDIE, ACEH",5,26,180,206
https://kawalpemilu.org#2670,"KERAMAT LUAR, KOTA SIGLI, PIDIE, ACEH",6,24,159,183
https://kawalpemilu.org#2670,"KERAMAT LUAR, KOTA SIGLI, PIDIE, ACEH",7,16,157,173
https://kawalpemilu.org#2671,"KERAMAT DALAM, KOTA SIGLI, PIDIE, ACEH",1,46,168,214
https://kawalpemilu.org#2671,"KERAMAT DALAM, KOTA SIGLI, PIDIE, ACEH",2,37,159,196
https://kawalpemilu.org#2672,"BLOK SAWAH, KOTA SIGLI, PIDIE, ACEH",1,21,132,153
https://kawalpemilu.org#2672,"BLOK SAWAH, KOTA SIGLI, PIDIE, ACEH",2,12,132,144
https://kawalpemilu.org#2672,"BLOK SAWAH, KOTA SIGLI, PIDIE, ACEH",3,20,134,154
https://kawalpemilu.org#2672,"BLOK SAWAH, KOTA SIGLI, PIDIE, ACEH",4,0,13,13
https://kawalpemilu.org#2673,"BLANG ASAN, KOTA SIGLI, PIDIE, ACEH",1,30,203,233
https://kawalpemilu.org#2673,"BLANG ASAN, KOTA SIGLI, PIDIE, ACEH",2,17,205,222
https://kawalpemilu.org#2673,"BLANG ASAN, KOTA SIGLI, PIDIE, ACEH",3,26,191,217
https://kawalpemilu.org#2673,"BLANG ASAN, KOTA SIGLI, PIDIE, ACEH",4,25,174,199
https://kawalpemilu.org#2673,"BLANG ASAN, KOTA SIGLI, PIDIE, ACEH",5,26,166,192
https://kawalpemilu.org#2674,"LAMPOIH KRUENG, KOTA SIGLI, PIDIE, ACEH",1,10,195,205
https://kawalpemilu.org#2674,"LAMPOIH KRUENG, KOTA SIGLI, PIDIE, ACEH",2,11,186,197
https://kawalpemilu.org#2674,"LAMPOIH KRUENG, KOTA SIGLI, PIDIE, ACEH",3,14,170,184
https://kawalpemilu.org#2674,"LAMPOIH KRUENG, KOTA SIGLI, PIDIE, ACEH",4,14,160,174
https://kawalpemilu.org#2674,"LAMPOIH KRUENG, KOTA SIGLI, PIDIE, ACEH",5,10,165,175
https://kawalpemilu.org#2674,"LAMPOIH KRUENG, KOTA SIGLI, PIDIE, ACEH",6,11,179,190
https://kawalpemilu.org#2675,"GAMPONG ASAN, KOTA SIGLI, PIDIE, ACEH",1,11,174,185
https://kawalpemilu.org#2675,"GAMPONG ASAN, KOTA SIGLI, PIDIE, ACEH",2,26,159,185
https://kawalpemilu.org#2675,"GAMPONG ASAN, KOTA SIGLI, PIDIE, ACEH",3,17,146,163
https://kawalpemilu.org#2676,"MEUNASAH PEUKAN, KOTA SIGLI, PIDIE, ACEH",1,31,171,202
https://kawalpemilu.org#2676,"MEUNASAH PEUKAN, KOTA SIGLI, PIDIE, ACEH",2,23,187,210
https://kawalpemilu.org#2676,"MEUNASAH PEUKAN, KOTA SIGLI, PIDIE, ACEH",3,24,151,175
https://kawalpemilu.org#2677,"PASI RAWA, KOTA SIGLI, PIDIE, ACEH",1,24,189,213
https://kawalpemilu.org#2677,"PASI RAWA, KOTA SIGLI, PIDIE, ACEH",2,13,166,179
https://kawalpemilu.org#2677,"PASI RAWA, KOTA SIGLI, PIDIE, ACEH",3,24,149,173
https://kawalpemilu.org#2678,"PASI PEUKAN BARO, KOTA SIGLI, PIDIE, ACEH",1,10,127,137
https://kawalpemilu.org#2678,"PASI PEUKAN BARO, KOTA SIGLI, PIDIE, ACEH",2,18,95,0
https://kawalpemilu.org#89068,"TANJONG KRUENG, KOTA SIGLI, PIDIE, ACEH",1,29,193,222
https://kawalpemilu.org#2681,"BLANG, MILA, PIDIE, ACEH",1,4,216,220
https://kawalpemilu.org#2682,"TEUMEUCET, MILA, PIDIE, ACEH",1,4,181,185
https://kawalpemilu.org#2683,"BLANG CUT, MILA, PIDIE, ACEH",1,12,129,141
https://kawalpemilu.org#2683,"BLANG CUT, MILA, PIDIE, ACEH",2,15,118,133
https://kawalpemilu.org#2684,"KUMBANG, MILA, PIDIE, ACEH",1,10,167,177
https://kawalpemilu.org#2684,"KUMBANG, MILA, PIDIE, ACEH",2,6,163,169
https://kawalpemilu.org#2685,"PULO TANJONG, MILA, PIDIE, ACEH",1,8,93,101
https://kawalpemilu.org#2685,"PULO TANJONG, MILA, PIDIE, ACEH",2,7,123,130
https://kawalpemilu.org#2686,"ARA BUNGKOK, MILA, PIDIE, ACEH",1,2,121,123
https://kawalpemilu.org#2687,"LAGANG, MILA, PIDIE, ACEH",1,3,120,123
https://kawalpemilu.org#2687,"LAGANG, MILA, PIDIE, ACEH",2,6,104,110
https://kawalpemilu.org#2688,"MESJID, MILA, PIDIE, ACEH",1,9,136,145
https://kawalpemilu.org#2688,"MESJID, MILA, PIDIE, ACEH",2,15,131,146
https://kawalpemilu.org#2689,"BAROH, MILA, PIDIE, ACEH",1,6,194,200
https://kawalpemilu.org#2690,"TUNONG, MILA, PIDIE, ACEH",1,3,144,147
https://kawalpemilu.org#2691,"TEUNGOH, MILA, PIDIE, ACEH",1,5,173,178
https://kawalpemilu.org#2692,"DAYAH ANDEUE, MILA, PIDIE, ACEH",1,10,100,110
https://kawalpemilu.org#2692,"DAYAH ANDEUE, MILA, PIDIE, ACEH",2,8,117,125
https://kawalpemilu.org#2692,"DAYAH ANDEUE, MILA, PIDIE, ACEH",3,7,120,127
https://kawalpemilu.org#2693,"DAYAH SINTHOP, MILA, PIDIE, ACEH",1,11,141,152
https://kawalpemilu.org#2693,"DAYAH SINTHOP, MILA, PIDIE, ACEH",2,9,129,138
https://kawalpemilu.org#2693,"DAYAH SINTHOP, MILA, PIDIE, ACEH",3,13,112,125
https://kawalpemilu.org#2694,"KULU, MILA, PIDIE, ACEH",1,15,165,180
https://kawalpemilu.org#2694,"KULU, MILA, PIDIE, ACEH",2,7,181,188
https://kawalpemilu.org#2695,"MESJID ANDEUE, MILA, PIDIE, ACEH",1,7,121,128
https://kawalpemilu.org#2695,"MESJID ANDEUE, MILA, PIDIE, ACEH",2,10,128,138
https://kawalpemilu.org#2696,"MEUYUB, MILA, PIDIE, ACEH",1,6,108,114
https://kawalpemilu.org#2696,"MEUYUB, MILA, PIDIE, ACEH",2,6,118,124
https://kawalpemilu.org#2697,"TUHA LALA, MILA, PIDIE, ACEH",1,5,141,146
https://kawalpemilu.org#2697,"TUHA LALA, MILA, PIDIE, ACEH",2,3,133,136
https://kawalpemilu.org#2698,"LHOK LUBUE, MILA, PIDIE, ACEH",1,14,127,141
https://kawalpemilu.org#2699,"BABAH JURONG, MILA, PIDIE, ACEH",1,12,185,197
https://kawalpemilu.org#2700,"KRUENG LALA, MILA, PIDIE, ACEH",1,15,165,180
https://kawalpemilu.org#2702,"COT, MUARA TIGA, PIDIE, ACEH",1,4,250,254
https://kawalpemilu.org#2702,"COT, MUARA TIGA, PIDIE, ACEH",2,1,248,249
https://kawalpemilu.org#2702,"COT, MUARA TIGA, PIDIE, ACEH",3,6,248,254
https://kawalpemilu.org#2702,"COT, MUARA TIGA, PIDIE, ACEH",4,3,254,257
https://kawalpemilu.org#2702,"COT, MUARA TIGA, PIDIE, ACEH",5,4,216,220
https://kawalpemilu.org#2702,"COT, MUARA TIGA, PIDIE, ACEH",6,3,236,239
https://kawalpemilu.org#2703,"TGK DI LAWEUNG, MUARA TIGA, PIDIE, ACEH",1,5,217,222
https://kawalpemilu.org#2703,"TGK DI LAWEUNG, MUARA TIGA, PIDIE, ACEH",2,0,229,229
https://kawalpemilu.org#2703,"TGK DI LAWEUNG, MUARA TIGA, PIDIE, ACEH",3,3,233,236
https://kawalpemilu.org#2703,"TGK DI LAWEUNG, MUARA TIGA, PIDIE, ACEH",4,7,229,236
https://kawalpemilu.org#2703,"TGK DI LAWEUNG, MUARA TIGA, PIDIE, ACEH",5,5,176,181
https://kawalpemilu.org#2703,"TGK DI LAWEUNG, MUARA TIGA, PIDIE, ACEH",6,2,209,211
https://kawalpemilu.org#2704,"MESJID, MUARA TIGA, PIDIE, ACEH",1,5,163,168
https://kawalpemilu.org#2704,"MESJID, MUARA TIGA, PIDIE, ACEH",2,4,184,188
https://kawalpemilu.org#2704,"MESJID, MUARA TIGA, PIDIE, ACEH",3,1,183,184
https://kawalpemilu.org#2704,"MESJID, MUARA TIGA, PIDIE, ACEH",4,4,166,170
https://kawalpemilu.org#2704,"MESJID, MUARA TIGA, PIDIE, ACEH",5,6,142,148
https://kawalpemilu.org#2705,"KEUPULA, MUARA TIGA, PIDIE, ACEH",1,2,198,200
https://kawalpemilu.org#2705,"KEUPULA, MUARA TIGA, PIDIE, ACEH",2,9,192,201
https://kawalpemilu.org#2705,"KEUPULA, MUARA TIGA, PIDIE, ACEH",3,1,208,209
https://kawalpemilu.org#2705,"KEUPULA, MUARA TIGA, PIDIE, ACEH",4,8,201,209
https://kawalpemilu.org#2705,"KEUPULA, MUARA TIGA, PIDIE, ACEH",5,10,175,185
https://kawalpemilu.org#2705,"KEUPULA, MUARA TIGA, PIDIE, ACEH",6,0,166,166
https://kawalpemilu.org#2706,"SUKA JAYA, MUARA TIGA, PIDIE, ACEH",1,7,202,209
https://kawalpemilu.org#2706,"SUKA JAYA, MUARA TIGA, PIDIE, ACEH",2,3,202,205
https://kawalpemilu.org#2706,"SUKA JAYA, MUARA TIGA, PIDIE, ACEH",3,9,209,218
https://kawalpemilu.org#2706,"SUKA JAYA, MUARA TIGA, PIDIE, ACEH",4,6,202,208
https://kawalpemilu.org#2706,"SUKA JAYA, MUARA TIGA, PIDIE, ACEH",5,2,194,194
https://kawalpemilu.org#2707,"PAWOD, MUARA TIGA, PIDIE, ACEH",1,7,122,129
https://kawalpemilu.org#2707,"PAWOD, MUARA TIGA, PIDIE, ACEH",2,6,117,123
https://kawalpemilu.org#2708,"DEYAH, MUARA TIGA, PIDIE, ACEH",1,11,192,203
https://kawalpemilu.org#2709,"KRUENG, MUARA TIGA, PIDIE, ACEH",1,3,43,46
https://kawalpemilu.org#2710,"GLE CUT, MUARA TIGA, PIDIE, ACEH",1,10,186,196
https://kawalpemilu.org#2711,"IE MASEN, MUARA TIGA, PIDIE, ACEH",1,18,179,197
https://kawalpemilu.org#2711,"IE MASEN, MUARA TIGA, PIDIE, ACEH",2,19,176,195
https://kawalpemilu.org#2712,"SAGOE, MUARA TIGA, PIDIE, ACEH",1,10,170,180
https://kawalpemilu.org#2712,"SAGOE, MUARA TIGA, PIDIE, ACEH",2,4,180,184
https://kawalpemilu.org#2712,"SAGOE, MUARA TIGA, PIDIE, ACEH",3,12,161,173
https://kawalpemilu.org#2712,"SAGOE, MUARA TIGA, PIDIE, ACEH",4,13,161,174
https://kawalpemilu.org#2713,"UJONG PIE, MUARA TIGA, PIDIE, ACEH",1,21,200,221
https://kawalpemilu.org#2713,"UJONG PIE, MUARA TIGA, PIDIE, ACEH",2,26,189,215
https://kawalpemilu.org#2713,"UJONG PIE, MUARA TIGA, PIDIE, ACEH",3,15,195,210
https://kawalpemilu.org#2714,"BLANG RAYA, MUARA TIGA, PIDIE, ACEH",1,20,166,186
https://kawalpemilu.org#2714,"BLANG RAYA, MUARA TIGA, PIDIE, ACEH",2,52,150,202
https://kawalpemilu.org#2714,"BLANG RAYA, MUARA TIGA, PIDIE, ACEH",3,17,164,181
https://kawalpemilu.org#2715,"BATEE, MUARA TIGA, PIDIE, ACEH",1,2,180,182
https://kawalpemilu.org#2715,"BATEE, MUARA TIGA, PIDIE, ACEH",2,5,186,191
https://kawalpemilu.org#2715,"BATEE, MUARA TIGA, PIDIE, ACEH",3,5,184,188
https://kawalpemilu.org#2716,"INGIN JAYA, MUARA TIGA, PIDIE, ACEH",1,4,203,207
https://kawalpemilu.org#2716,"INGIN JAYA, MUARA TIGA, PIDIE, ACEH",2,2,174,176
https://kawalpemilu.org#2716,"INGIN JAYA, MUARA TIGA, PIDIE, ACEH",3,5,176,181
https://kawalpemilu.org#2717,"PAPEUEN, MUARA TIGA, PIDIE, ACEH",1,7,203,210
https://kawalpemilu.org#2717,"PAPEUEN, MUARA TIGA, PIDIE, ACEH",2,4,174,178
https://kawalpemilu.org#2718,"TUHA BIHEUE, MUARA TIGA, PIDIE, ACEH",1,5,165,170
https://kawalpemilu.org#2718,"TUHA BIHEUE, MUARA TIGA, PIDIE, ACEH",2,3,165,168
https://kawalpemilu.org#927863,"SIMPANG BEUTONG, MUARA TIGA, PIDIE, ACEH",1,13,169,182
https://kawalpemilu.org#927863,"SIMPANG BEUTONG, MUARA TIGA, PIDIE, ACEH",2,18,168,186
https://kawalpemilu.org#2721,"MESJID YAMAN, MUTIARA, PIDIE, ACEH",1,6,210,216
https://kawalpemilu.org#2721,"MESJID YAMAN, MUTIARA, PIDIE, ACEH",2,16,209,225
https://kawalpemilu.org#2722,"BARO YAMAN, MUTIARA, PIDIE, ACEH",1,15,141,156
https://kawalpemilu.org#2722,"BARO YAMAN, MUTIARA, PIDIE, ACEH",2,7,151,158
https://kawalpemilu.org#2722,"BARO YAMAN, MUTIARA, PIDIE, ACEH",3,12,160,172
https://kawalpemilu.org#2722,"BARO YAMAN, MUTIARA, PIDIE, ACEH",4,15,149,164
https://kawalpemilu.org#2722,"BARO YAMAN, MUTIARA, PIDIE, ACEH",5,9,133,142
https://kawalpemilu.org#2723,"MEE TEUNGOH, MUTIARA, PIDIE, ACEH",1,9,208,217
https://kawalpemilu.org#2723,"MEE TEUNGOH, MUTIARA, PIDIE, ACEH",2,7,197,204
https://kawalpemilu.org#2723,"MEE TEUNGOH, MUTIARA, PIDIE, ACEH",3,4,190,194
https://kawalpemilu.org#2724,"SENTOSA, MUTIARA, PIDIE, ACEH",1,9,195,204
https://kawalpemilu.org#2724,"SENTOSA, MUTIARA, PIDIE, ACEH",2,14,197,211
https://kawalpemilu.org#2724,"SENTOSA, MUTIARA, PIDIE, ACEH",3,16,207,223
https://kawalpemilu.org#2725,"BAROH BARAT YAMAN, MUTIARA, PIDIE, ACEH",1,9,185,194
https://kawalpemilu.org#2725,"BAROH BARAT YAMAN, MUTIARA, PIDIE, ACEH",2,8,168,176
https://kawalpemilu.org#2725,"BAROH BARAT YAMAN, MUTIARA, PIDIE, ACEH",3,10,177,187
https://kawalpemilu.org#2725,"BAROH BARAT YAMAN, MUTIARA, PIDIE, ACEH",4,11,165,176
https://kawalpemilu.org#2726,"TUHA GAMPONG GAJAH, MUTIARA, PIDIE, ACEH",1,7,129,136
https://kawalpemilu.org#2726,"TUHA GAMPONG GAJAH, MUTIARA, PIDIE, ACEH",2,11,100,111
https://kawalpemilu.org#2727,"JADAN, MUTIARA, PIDIE, ACEH",1,10,179,189
https://kawalpemilu.org#2727,"JADAN, MUTIARA, PIDIE, ACEH",2,4,184,188
https://kawalpemilu.org#2728,"BLANG TIDIEK, MUTIARA, PIDIE, ACEH",1,10,179,189
https://kawalpemilu.org#2729,"BLANG LILEUE, MUTIARA, PIDIE, ACEH",1,18,129,147
https://kawalpemilu.org#2729,"BLANG LILEUE, MUTIARA, PIDIE, ACEH",2,15,132,147
https://kawalpemilu.org#2730,"KEUMANGAN CUT, MUTIARA, PIDIE, ACEH",1,5,193,198
https://kawalpemilu.org#2731,"MESJID KEUMANGAN, MUTIARA, PIDIE, ACEH",1,6,127,133
https://kawalpemilu.org#2731,"MESJID KEUMANGAN, MUTIARA, PIDIE, ACEH",2,7,134,141
https://kawalpemilu.org#2732,"DAYAH TIDIEK, MUTIARA, PIDIE, ACEH",1,4,224,228
https://kawalpemilu.org#2733,"LUENG SAGOE, MUTIARA, PIDIE, ACEH",1,17,214,231
https://kawalpemilu.org#2733,"LUENG SAGOE, MUTIARA, PIDIE, ACEH",2,16,205,221
https://kawalpemilu.org#2734,"BLANG BEUREUEH, MUTIARA, PIDIE, ACEH",1,17,217,234
https://kawalpemilu.org#2734,"BLANG BEUREUEH, MUTIARA, PIDIE, ACEH",2,6,228,234
https://kawalpemilu.org#2735,"DAYAH BEUREUEH, MUTIARA, PIDIE, ACEH",1,7,134,141
https://kawalpemilu.org#2735,"DAYAH BEUREUEH, MUTIARA, PIDIE, ACEH",2,14,121,135
https://kawalpemilu.org#2736,"PANTE BEUREUEH, MUTIARA, PIDIE, ACEH",1,20,116,136
https://kawalpemilu.org#2737,"RAPANA, MUTIARA, PIDIE, ACEH",1,15,167,182
https://kawalpemilu.org#2737,"RAPANA, MUTIARA, PIDIE, ACEH",2,31,151,182
https://kawalpemilu.org#2737,"RAPANA, MUTIARA, PIDIE, ACEH",3,32,160,192
https://kawalpemilu.org#2738,"PAYA TIBA, MUTIARA, PIDIE, ACEH",1,16,182,198
https://kawalpemilu.org#2739,"PALOH KAMBUEK, MUTIARA, PIDIE, ACEH",1,7,160,167
https://kawalpemilu.org#2739,"PALOH KAMBUEK, MUTIARA, PIDIE, ACEH",2,14,174,188
https://kawalpemilu.org#2740,"LAMPOIH SIRONG, MUTIARA, PIDIE, ACEH",1,7,172,179
https://kawalpemilu.org#2740,"LAMPOIH SIRONG, MUTIARA, PIDIE, ACEH",2,16,154,170
https://kawalpemilu.org#2741,"MEE PANYANG BUSU, MUTIARA, PIDIE, ACEH",1,15,96,111
https://kawalpemilu.org#2741,"MEE PANYANG BUSU, MUTIARA, PIDIE, ACEH",2,12,114,126
https://kawalpemilu.org#2742,"REULUI BUSU, MUTIARA, PIDIE, ACEH",1,12,140,152
https://kawalpemilu.org#2742,"REULUI BUSU, MUTIARA, PIDIE, ACEH",2,13,151,164
https://kawalpemilu.org#2743,"DAYAH SYARIEF BUSU, MUTIARA, PIDIE, ACEH",1,7,166,173
https://kawalpemilu.org#2743,"DAYAH SYARIEF BUSU, MUTIARA, PIDIE, ACEH",2,2,189,191
https://kawalpemilu.org#2744,"PEUREULAK BUSU, MUTIARA, PIDIE, ACEH",1,122,133,155
https://kawalpemilu.org#2744,"PEUREULAK BUSU, MUTIARA, PIDIE, ACEH",2,17,140,157
https://kawalpemilu.org#2745,"RIBEUN BUSU, MUTIARA, PIDIE, ACEH",1,7,124,131
https://kawalpemilu.org#2745,"RIBEUN BUSU, MUTIARA, PIDIE, ACEH",2,9,118,127
https://kawalpemilu.org#2746,"BALEE BUSU, MUTIARA, PIDIE, ACEH",1,7,143,150
https://kawalpemilu.org#2746,"BALEE BUSU, MUTIARA, PIDIE, ACEH",2,3,165,168
https://kawalpemilu.org#2746,"BALEE BUSU, MUTIARA, PIDIE, ACEH",3,10,152,162
https://kawalpemilu.org#2747,"LINGKOK BUSU, MUTIARA, PIDIE, ACEH",1,12,112,124
https://kawalpemilu.org#2747,"LINGKOK BUSU, MUTIARA, PIDIE, ACEH",2,15,122,137
https://kawalpemilu.org#2748,"KUMBANG BUSU, MUTIARA, PIDIE, ACEH",1,16,175,191
https://kawalpemilu.org#2748,"KUMBANG BUSU, MUTIARA, PIDIE, ACEH",2,18,141,159
https://kawalpemilu.org#2749,"BALE BARO KEUMANGAN, MUTIARA, PIDIE, ACEH",1,6,157,163
https://kawalpemilu.org#2749,"BALE BARO KEUMANGAN, MUTIARA, PIDIE, ACEH",2,7,157,164
https://kawalpemilu.org#2751,"MESJID KUNYET, PADANG TIJI, PIDIE, ACEH",1,10,122,132
https://kawalpemilu.org#2752,"PIALA KUNYET, PADANG TIJI, PIDIE, ACEH",1,8,78,86
https://kawalpemilu.org#2753,"HAGU KUNYET, PADANG TIJI, PIDIE, ACEH",1,1,45,46
https://kawalpemilu.org#2754,"BARO KUNYET, PADANG TIJI, PIDIE, ACEH",1,10,120,130
https://kawalpemilu.org#2754,"BARO KUNYET, PADANG TIJI, PIDIE, ACEH",2,3,125,128
https://kawalpemilu.org#2755,"DAYAH TANOH KUNYET, PADANG TIJI, PIDIE, ACEH",1,5,145,150
https://kawalpemilu.org#2756,"KAMBUEK NICAH KUNYET, PADANG TIJI, PIDIE, ACEH",1,3,129,132
https://kawalpemilu.org#2756,"KAMBUEK NICAH KUNYET, PADANG TIJI, PIDIE, ACEH",2,8,116,124
https://kawalpemilu.org#2757,"KAMBUEK PAYAPI KUNYET, PADANG TIJI, PIDIE, ACEH",1,4,162,166
https://kawalpemilu.org#2758,"SEUNADEU KUNYET, PADANG TIJI, PIDIE, ACEH",1,2,191,193
https://kawalpemilu.org#2759,"BLANG GUNCI KUNYET, PADANG TIJI, PIDIE, ACEH",1,1,148,149
https://kawalpemilu.org#2760,"DAYAH BAROH KUNYET, PADANG TIJI, PIDIE, ACEH",1,3,108,5
https://kawalpemilu.org#2760,"DAYAH BAROH KUNYET, PADANG TIJI, PIDIE, ACEH",2,4,124,128
https://kawalpemilu.org#2761,"BLANG GEULEUDIENG, PADANG TIJI, PIDIE, ACEH",1,5,176,181
https://kawalpemilu.org#2762,"GEULEUMPANG GEULEUDIENG, PADANG TIJI, PIDIE, ACEH",1,11,177,188
https://kawalpemilu.org#2763,"MESJID GEULEUDIENG, PADANG TIJI, PIDIE, ACEH",1,4,134,138
https://kawalpemilu.org#2764,"SUKON PEUDAYA, PADANG TIJI, PIDIE, ACEH",1,13,147,160
https://kawalpemilu.org#2765,"MESJID PEUDAYA, PADANG TIJI, PIDIE, ACEH",1,10,157,167
https://kawalpemilu.org#2766,"CUT PEUDAYA, PADANG TIJI, PIDIE, ACEH",1,7,90,97
https://kawalpemilu.org#2767,"BULOH PEUDAYA, PADANG TIJI, PIDIE, ACEH",1,5,144,149
https://kawalpemilu.org#2767,"BULOH PEUDAYA, PADANG TIJI, PIDIE, ACEH",2,11,133,144
https://kawalpemilu.org#2768,"PERLAK PEUDAYA, PADANG TIJI, PIDIE, ACEH",1,4,128,132
https://kawalpemilu.org#2768,"PERLAK PEUDAYA, PADANG TIJI, PIDIE, ACEH",2,10,105,115
https://kawalpemilu.org#2769,"DAYAH PEUDAYA, PADANG TIJI, PIDIE, ACEH",1,11,136,147
https://kawalpemilu.org#2770,"TEUNGOH PEUDAYA, PADANG TIJI, PIDIE, ACEH",1,9,182,191
https://kawalpemilu.org#2771,"TUHA PEUDAYA, PADANG TIJI, PIDIE, ACEH",1,20,169,189
https://kawalpemilu.org#2772,"TUNONG PEUDAYA, PADANG TIJI, PIDIE, ACEH",1,13,118,131
https://kawalpemilu.org#2772,"TUNONG PEUDAYA, PADANG TIJI, PIDIE, ACEH",2,23,108,131
https://kawalpemilu.org#2773,"BUNI REULIENG PEUDAYA, PADANG TIJI, PIDIE, ACEH",1,2,141,143
https://kawalpemilu.org#2774,"TRIENG PALOH, PADANG TIJI, PIDIE, ACEH",1,31,150,181
https://kawalpemilu.org#2774,"TRIENG PALOH, PADANG TIJI, PIDIE, ACEH",2,29,161,190
https://kawalpemilu.org#2775,"LEUHOB PALOH, PADANG TIJI, PIDIE, ACEH",1,21,167,188
https://kawalpemilu.org#2775,"LEUHOB PALOH, PADANG TIJI, PIDIE, ACEH",2,20,182,202
https://kawalpemilu.org#2776,"JURONG GP.COT PALOH, PADANG TIJI, PIDIE, ACEH",1,24,126,150
https://kawalpemilu.org#2776,"JURONG GP.COT PALOH, PADANG TIJI, PIDIE, ACEH",2,25,145,170
https://kawalpemilu.org#2777,"SUYO PALOH, PADANG TIJI, PIDIE, ACEH",1,4,100,104
https://kawalpemilu.org#2778,"KREB PALOH, PADANG TIJI, PIDIE, ACEH",1,17,115,132
https://kawalpemilu.org#2779,"CAPA PALOH, PADANG TIJI, PIDIE, ACEH",1,6,100,106
https://kawalpemilu.org#2780,"JURONG ANOE PALOH, PADANG TIJI, PIDIE, ACEH",1,15,215,230
https://kawalpemilu.org#2781,"BALEE PALOH, PADANG TIJI, PIDIE, ACEH",1,21,88,109
https://kawalpemilu.org#2782,"SIRON PALOH, PADANG TIJI, PIDIE, ACEH",1,21,118,139
https://kawalpemilu.org#2783,"CUT PALOH, PADANG TIJI, PIDIE, ACEH",1,30,146,176
https://kawalpemilu.org#2784,"PANTE CERMEN PALOH, PADANG TIJI, PIDIE, ACEH",1,8,132,140
https://kawalpemilu.org#2785,"PASAR PALOH, PADANG TIJI, PIDIE, ACEH",1,23,176,199
https://kawalpemilu.org#2785,"PASAR PALOH, PADANG TIJI, PIDIE, ACEH",2,9,149,158
https://kawalpemilu.org#2786,"MUKEE BEURABO, PADANG TIJI, PIDIE, ACEH",1,23,179,202
https://kawalpemilu.org#2787,"MESJID BEURABO, PADANG TIJI, PIDIE, ACEH",1,35,166,201
https://kawalpemilu.org#2788,"SEUKEUMBROK BEURABO, PADANG TIJI, PIDIE, ACEH",1,25,144,169
https://kawalpemilu.org#2788,"SEUKEUMBROK BEURABO, PADANG TIJI, PIDIE, ACEH",2,20,122,142
https://kawalpemilu.org#2789,"BARO BEURABO, PADANG TIJI, PIDIE, ACEH",1,13,106,119
https://kawalpemilu.org#2789,"BARO BEURABO, PADANG TIJI, PIDIE, ACEH",2,18,116,134
https://kawalpemilu.org#2790,"ADANG BEURABO, PADANG TIJI, PIDIE, ACEH",1,21,219,240
https://kawalpemilu.org#2791,"PALOH JEURAT BEURABO, PADANG TIJI, PIDIE, ACEH",1,21,88,109
https://kawalpemilu.org#2792,"SEULEUNGGING BEURABO, PADANG TIJI, PIDIE, ACEH",1,33,150,183
https://kawalpemilu.org#2793,"TEUNGOH DRIEN GOGO, PADANG TIJI, PIDIE, ACEH",1,22,144,166
https://kawalpemilu.org#2793,"TEUNGOH DRIEN GOGO, PADANG TIJI, PIDIE, ACEH",2,18,165,183
https://kawalpemilu.org#2794,"KUMBANG GOGO, PADANG TIJI, PIDIE, ACEH",1,28,152,180
https://kawalpemilu.org#2795,"MESJID GOGO, PADANG TIJI, PIDIE, ACEH",1,13,112,125
https://kawalpemilu.org#2795,"MESJID GOGO, PADANG TIJI, PIDIE, ACEH",2,18,111,129
https://kawalpemilu.org#2796,"TUHA GOGO, PADANG TIJI, PIDIE, ACEH",1,35,177,212
https://kawalpemilu.org#2797,"GLEE GOGO, PADANG TIJI, PIDIE, ACEH",1,21,190,211
https://kawalpemilu.org#2798,"RAYA GOGO, PADANG TIJI, PIDIE, ACEH",1,22,171,193
https://kawalpemilu.org#2799,"GRONG-GRONG GOGO, PADANG TIJI, PIDIE, ACEH",1,19,106,125
https://kawalpemilu.org#2800,"ARON BUNOT GOGO, PADANG TIJI, PIDIE, ACEH",1,32,184,216
https://kawalpemilu.org#2801,"BULOH GOGO, PADANG TIJI, PIDIE, ACEH",1,5,105,110
https://kawalpemilu.org#2802,"TUNONG TANJONG, PADANG TIJI, PIDIE, ACEH",1,12,151,163
https://kawalpemilu.org#2803,"KUPULA TANJONG, PADANG TIJI, PIDIE, ACEH",1,14,98,112
https://kawalpemilu.org#2803,"KUPULA TANJONG, PADANG TIJI, PIDIE, ACEH",2,19,95,114
https://kawalpemilu.org#2804,"JOK TANJONG, PADANG TIJI, PIDIE, ACEH",1,20,147,167
https://kawalpemilu.org#2804,"JOK TANJONG, PADANG TIJI, PIDIE, ACEH",2,17,128,145
https://kawalpemilu.org#2805,"LEUN TANJONG, PADANG TIJI, PIDIE, ACEH",1,26,182,208
https://kawalpemilu.org#2806,"PANTE CRUENG TANJONG, PADANG TIJI, PIDIE, ACEH",1,12,142,154
https://kawalpemilu.org#2806,"PANTE CRUENG TANJONG, PADANG TIJI, PIDIE, ACEH",2,23,143,166
https://kawalpemilu.org#2807,"COT KEUTAPANG TANJONG, PADANG TIJI, PIDIE, ACEH",1,15,220,235
https://kawalpemilu.org#2808,"SIRON TANJONG, PADANG TIJI, PIDIE, ACEH",1,10,233,243
https://kawalpemilu.org#2809,"MESJID TANJONG, PADANG TIJI, PIDIE, ACEH",1,10,67,77
https://kawalpemilu.org#2810,"KHANG TANJONG, PADANG TIJI, PIDIE, ACEH",1,8,51,59
https://kawalpemilu.org#2811,"MEURIYA TANJONG, PADANG TIJI, PIDIE, ACEH",1,25,94,119
https://kawalpemilu.org#2812,"PULO HAGU TANJONG, PADANG TIJI, PIDIE, ACEH",1,44,140,184
https://kawalpemilu.org#930156,"COT KUNYET, PADANG TIJI, PIDIE, ACEH",1,28,100,128
https://kawalpemilu.org#930156,"COT KUNYET, PADANG TIJI, PIDIE, ACEH",2,13,115,128
https://kawalpemilu.org#930157,"MEUKE GOGO, PADANG TIJI, PIDIE, ACEH",1,6,112,118
https://kawalpemilu.org#2816,"DUA PAYA, PEUKAN BARO, PIDIE, ACEH",1,2,153,8
https://kawalpemilu.org#2816,"DUA PAYA, PEUKAN BARO, PIDIE, ACEH",2,5,138,143
https://kawalpemilu.org#2816,"DUA PAYA, PEUKAN BARO, PIDIE, ACEH",3,6,138,144
https://kawalpemilu.org#2817,"COT MULU, PEUKAN BARO, PIDIE, ACEH",1,5,139,144
https://kawalpemilu.org#2817,"COT MULU, PEUKAN BARO, PIDIE, ACEH",2,7,131,138
https://kawalpemilu.org#2818,"DAYAH BUBUE, PEUKAN BARO, PIDIE, ACEH",1,23,165,188
https://kawalpemilu.org#2818,"DAYAH BUBUE, PEUKAN BARO, PIDIE, ACEH",2,15,147,162
https://kawalpemilu.org#2818,"DAYAH BUBUE, PEUKAN BARO, PIDIE, ACEH",3,13,161,174
https://kawalpemilu.org#2819,"TANJONG HAGU, PEUKAN BARO, PIDIE, ACEH",1,10,148,158
https://kawalpemilu.org#2820,"SUMBOE BUGA, PEUKAN BARO, PIDIE, ACEH",1,12,188,200
https://kawalpemilu.org#2821,"RAMBAYAN KUPULA, PEUKAN BARO, PIDIE, ACEH",1,8,142,150
https://kawalpemilu.org#2821,"RAMBAYAN KUPULA, PEUKAN BARO, PIDIE, ACEH",2,3,128,131
https://kawalpemilu.org#2822,"RAMBAYAN LUENG, PEUKAN BARO, PIDIE, ACEH",1,9,206,215
https://kawalpemilu.org#2822,"RAMBAYAN LUENG, PEUKAN BARO, PIDIE, ACEH",2,21,193,214
https://kawalpemilu.org#2823,"CEMPALA KUNENG, PEUKAN BARO, PIDIE, ACEH",1,12,179,191
https://kawalpemilu.org#2823,"CEMPALA KUNENG, PEUKAN BARO, PIDIE, ACEH",2,11,191,202
https://kawalpemilu.org#2824,"PEUNAYONG, PEUKAN BARO, PIDIE, ACEH",1,10,161,171
https://kawalpemilu.org#2825,"LEUHOP, PEUKAN BARO, PIDIE, ACEH",1,35,135,170
https://kawalpemilu.org#2826,"KUMBANG WAIDO, PEUKAN BARO, PIDIE, ACEH",1,2,152,154
https://kawalpemilu.org#2827,"GAMPONG WAIDO, PEUKAN BARO, PIDIE, ACEH",1,17,174,191
https://kawalpemilu.org#2828,"MEE KRUKON, PEUKAN BARO, PIDIE, ACEH",1,3,56,59
https://kawalpemilu.org#2829,"MEE LAMPOH SAKA, PEUKAN BARO, PIDIE, ACEH",1,7,167,174
https://kawalpemilu.org#2830,"LUENG GUCI RUMPONG, PEUKAN BARO, PIDIE, ACEH",1,14,147,161
https://kawalpemilu.org#2830,"LUENG GUCI RUMPONG, PEUKAN BARO, PIDIE, ACEH",2,13,124,137
https://kawalpemilu.org#2831,"DAYAH SEUMIDEUEN, PEUKAN BARO, PIDIE, ACEH",1,19,138,157
https://kawalpemilu.org#2831,"DAYAH SEUMIDEUEN, PEUKAN BARO, PIDIE, ACEH",2,7,144,151
https://kawalpemilu.org#2832,"MESJID GUCI RUMPONG, PEUKAN BARO, PIDIE, ACEH",1,18,172,190
https://kawalpemilu.org#2833,"REUBA WAIDO, PEUKAN BARO, PIDIE, ACEH",1,14,178,192
https://kawalpemilu.org#2834,"DAYAH TEUNGKU, PEUKAN BARO, PIDIE, ACEH",1,13,115,128
https://kawalpemilu.org#2834,"DAYAH TEUNGKU, PEUKAN BARO, PIDIE, ACEH",2,13,112,125
https://kawalpemilu.org#2835,"JURONG RAYA, PEUKAN BARO, PIDIE, ACEH",1,19,182,201
https://kawalpemilu.org#2835,"JURONG RAYA, PEUKAN BARO, PIDIE, ACEH",2,6,207,213
https://kawalpemilu.org#2836,"BALEE RASTONG, PEUKAN BARO, PIDIE, ACEH",1,12,131,143
https://kawalpemilu.org#2836,"BALEE RASTONG, PEUKAN BARO, PIDIE, ACEH",2,8,126,134
https://kawalpemilu.org#2837,"LUENG MESJID, PEUKAN BARO, PIDIE, ACEH",1,11,186,197
https://kawalpemilu.org#2837,"LUENG MESJID, PEUKAN BARO, PIDIE, ACEH",2,24,164,188
https://kawalpemilu.org#2838,"TEUNGOH BAROH, PEUKAN BARO, PIDIE, ACEH",1,25,197,222
https://kawalpemilu.org#2838,"TEUNGOH BAROH, PEUKAN BARO, PIDIE, ACEH",2,13,183,196
https://kawalpemilu.org#2839,"MEE HAGU, PEUKAN BARO, PIDIE, ACEH",1,22,162,184
https://kawalpemilu.org#2839,"MEE HAGU, PEUKAN BARO, PIDIE, ACEH",2,23,146,169
https://kawalpemilu.org#2840,"DAYAH SUKON, PEUKAN BARO, PIDIE, ACEH",1,7,157,164
https://kawalpemilu.org#2840,"DAYAH SUKON, PEUKAN BARO, PIDIE, ACEH",2,5,142,147
https://kawalpemilu.org#2841,"BLANG RAYA, PEUKAN BARO, PIDIE, ACEH",1,12,203,215
https://kawalpemilu.org#2841,"BLANG RAYA, PEUKAN BARO, PIDIE, ACEH",2,15,178,193
https://kawalpemilu.org#2842,"BALEE PINEUNG, PEUKAN BARO, PIDIE, ACEH",1,47,136,183
https://kawalpemilu.org#2842,"BALEE PINEUNG, PEUKAN BARO, PIDIE, ACEH",2,31,143,174
https://kawalpemilu.org#2843,"MEUNJEE MESJID, PEUKAN BARO, PIDIE, ACEH",1,15,175,190
https://kawalpemilu.org#2843,"MEUNJEE MESJID, PEUKAN BARO, PIDIE, ACEH",2,14,157,171
https://kawalpemilu.org#2844,"MEE TANOH, PEUKAN BARO, PIDIE, ACEH",1,16,215,231
https://kawalpemilu.org#2845,"SIALET-ALET, PEUKAN BARO, PIDIE, ACEH",1,4,118,122
https://kawalpemilu.org#2846,"BLUK ARAB, PEUKAN BARO, PIDIE, ACEH",1,7,99,106
https://kawalpemilu.org#2847,"PUUK, PEUKAN BARO, PIDIE, ACEH",1,8,108,116
https://kawalpemilu.org#2848,"DAYAH MUARA, PEUKAN BARO, PIDIE, ACEH",1,11,123,134
https://kawalpemilu.org#2848,"DAYAH MUARA, PEUKAN BARO, PIDIE, ACEH",2,18,107,125
https://kawalpemilu.org#2849,"SAWIET, PEUKAN BARO, PIDIE, ACEH",1,3,185,188
https://kawalpemilu.org#2850,"ULEE TUTUE, PEUKAN BARO, PIDIE, ACEH",1,21,172,193
https://kawalpemilu.org#2851,"JIM, PEUKAN BARO, PIDIE, ACEH",1,16,98,114
https://kawalpemilu.org#2852,"KEUTAPANG, PEUKAN BARO, PIDIE, ACEH",1,37,164,201
https://kawalpemilu.org#2853,"MEULEUWEUK, PEUKAN BARO, PIDIE, ACEH",1,6,156,162
https://kawalpemilu.org#2853,"MEULEUWEUK, PEUKAN BARO, PIDIE, ACEH",2,13,133,146
https://kawalpemilu.org#2854,"JURONG KRUENG SEUMIDEUEN, PEUKAN BARO, PIDIE, ACEH",1,31,121,152
https://kawalpemilu.org#2855,"RAYA KRUENG SEUMIDEUEN, PEUKAN BARO, PIDIE, ACEH",1,10,78,88
https://kawalpemilu.org#2856,"SUKON KRUENG SEUMIDEUEN, PEUKAN BARO, PIDIE, ACEH",1,25,152,177
https://kawalpemilu.org#2857,"MEE KRUENG SEUMIDEUEN, PEUKAN BARO, PIDIE, ACEH",1,17,98,115
https://kawalpemilu.org#2858,"BLANG KRUENG SEUMIDEUEN, PEUKAN BARO, PIDIE, ACEH",1,8,205,213
https://kawalpemilu.org#2859,"KEURUMBOK, PEUKAN BARO, PIDIE, ACEH",1,9,185,194
https://kawalpemilu.org#2860,"ULEE COT SEUPENG, PEUKAN BARO, PIDIE, ACEH",1,4,189,193
https://kawalpemilu.org#2861,"KABAT, PEUKAN BARO, PIDIE, ACEH",1,8,151,159
https://kawalpemilu.org#2862,"GAMPONG BLANG SEUPENG, PEUKAN BARO, PIDIE, ACEH",1,14,176,190
https://kawalpemilu.org#931326,"GAMPONG KRUENG SEUMIDEUEN, PEUKAN BARO, PIDIE, ACEH",1,5,68,73
https://kawalpemilu.org#2865,"TIJUE, PIDIE, PIDIE, ACEH",1,11,184,195
https://kawalpemilu.org#2865,"TIJUE, PIDIE, PIDIE, ACEH",2,10,195,205
https://kawalpemilu.org#2865,"TIJUE, PIDIE, PIDIE, ACEH",3,15,178,193
https://kawalpemilu.org#2865,"TIJUE, PIDIE, PIDIE, ACEH",4,11,201,212
https://kawalpemilu.org#2866,"LAMPEUDUE TUNONG, PIDIE, PIDIE, ACEH",1,16,174,190
https://kawalpemilu.org#2866,"LAMPEUDUE TUNONG, PIDIE, PIDIE, ACEH",2,14,186,200
https://kawalpemilu.org#2866,"LAMPEUDUE TUNONG, PIDIE, PIDIE, ACEH",3,5,205,210
https://kawalpemilu.org#2867,"PUUK, PIDIE, PIDIE, ACEH",1,7,147,154
https://kawalpemilu.org#2867,"PUUK, PIDIE, PIDIE, ACEH",2,1,152,153
https://kawalpemilu.org#2868,"LAMPEUDEU BAROH, PIDIE, PIDIE, ACEH",1,22,190,212
https://kawalpemilu.org#2868,"LAMPEUDEU BAROH, PIDIE, PIDIE, ACEH",2,27,175,202
https://kawalpemilu.org#2868,"LAMPEUDEU BAROH, PIDIE, PIDIE, ACEH",3,1,11,12
https://kawalpemilu.org#2868,"LAMPEUDEU BAROH, PIDIE, PIDIE, ACEH",4,0,17,17
https://kawalpemilu.org#2869,"PAYA, PIDIE, PIDIE, ACEH",1,12,190,202
https://kawalpemilu.org#2869,"PAYA, PIDIE, PIDIE, ACEH",2,21,185,206
https://kawalpemilu.org#2870,"MESJID RUNTOH, PIDIE, PIDIE, ACEH",1,16,211,227
https://kawalpemilu.org#2870,"MESJID RUNTOH, PIDIE, PIDIE, ACEH",2,15,200,215
https://kawalpemilu.org#2871,"DAYAH TEUNGOH, PIDIE, PIDIE, ACEH",1,12,203,215
https://kawalpemilu.org#2871,"DAYAH TEUNGOH, PIDIE, PIDIE, ACEH",2,12,197,209
https://kawalpemilu.org#2872,"BAROH, PIDIE, PIDIE, ACEH",1,7,186,193
https://kawalpemilu.org#2872,"BAROH, PIDIE, PIDIE, ACEH",2,27,164,191
https://kawalpemilu.org#2872,"BAROH, PIDIE, PIDIE, ACEH",3,7,196,203
https://kawalpemilu.org#2873,"DAYAH TANOH, PIDIE, PIDIE, ACEH",1,16,197,213
https://kawalpemilu.org#2874,"COT GEUNDUEK, PIDIE, PIDIE, ACEH",1,23,167,190
https://kawalpemilu.org#2874,"COT GEUNDUEK, PIDIE, PIDIE, ACEH",2,27,130,157
https://kawalpemilu.org#2875,"TUMPOK LAWEUNG, PIDIE, PIDIE, ACEH",1,13,184,197
https://kawalpemilu.org#2875,"TUMPOK LAWEUNG, PIDIE, PIDIE, ACEH",2,9,148,157
https://kawalpemilu.org#2876,"ULEE CEU KEULIBEUT, PIDIE, PIDIE, ACEH",1,6,124,130
https://kawalpemilu.org#2876,"ULEE CEU KEULIBEUT, PIDIE, PIDIE, ACEH",2,3,122,125
https://kawalpemilu.org#2877,"KEUDE KEULIBEUT, PIDIE, PIDIE, ACEH",1,14,160,174
https://kawalpemilu.org#2877,"KEUDE KEULIBEUT, PIDIE, PIDIE, ACEH",2,9,151,160
https://kawalpemilu.org#2878,"ULEE TUTUE, PIDIE, PIDIE, ACEH",1,20,226,246
https://kawalpemilu.org#2879,"DAYAH TUTONG, PIDIE, PIDIE, ACEH",1,3,127,130
https://kawalpemilu.org#2879,"DAYAH TUTONG, PIDIE, PIDIE, ACEH",2,12,108,120
https://kawalpemilu.org#2880,"LAMPOH LADA, PIDIE, PIDIE, ACEH",1,21,114,135
https://kawalpemilu.org#2880,"LAMPOH LADA, PIDIE, PIDIE, ACEH",2,19,111,130
https://kawalpemilu.org#2881,"KEUNIREE, PIDIE, PIDIE, ACEH",1,13,196,209
https://kawalpemilu.org#2881,"KEUNIREE, PIDIE, PIDIE, ACEH",2,17,176,193
https://kawalpemilu.org#2881,"KEUNIREE, PIDIE, PIDIE, ACEH",3,17,201,218
https://kawalpemilu.org#2882,"TUMPOK 40, PIDIE, PIDIE, ACEH",1,15,146,162
https://kawalpemilu.org#2882,"TUMPOK 40, PIDIE, PIDIE, ACEH",2,10,165,175
https://kawalpemilu.org#2883,"COT TEUNGOH, PIDIE, PIDIE, ACEH",1,15,162,177
https://kawalpemilu.org#2883,"COT TEUNGOH, PIDIE, PIDIE, ACEH",2,14,149,163
https://kawalpemilu.org#2883,"COT TEUNGOH, PIDIE, PIDIE, ACEH",3,9,143,152
https://kawalpemilu.org#2883,"COT TEUNGOH, PIDIE, PIDIE, ACEH",4,0,16,16
https://kawalpemilu.org#2884,"COT RHENG, PIDIE, PIDIE, ACEH",1,18,130,148
https://kawalpemilu.org#2884,"COT RHENG, PIDIE, PIDIE, ACEH",2,25,123,148
https://kawalpemilu.org#2885,"LABUI, PIDIE, PIDIE, ACEH",1,20,188,208
https://kawalpemilu.org#2885,"LABUI, PIDIE, PIDIE, ACEH",2,7,188,195
https://kawalpemilu.org#2886,"GAMPONG, PIDIE, PIDIE, ACEH",1,13,190,203
https://kawalpemilu.org#2887,"PULO PISANG, PIDIE, PIDIE, ACEH",1,11,174,185
https://kawalpemilu.org#2887,"PULO PISANG, PIDIE, PIDIE, ACEH",2,17,164,181
https://kawalpemilu.org#2887,"PULO PISANG, PIDIE, PIDIE, ACEH",3,12,138,150
https://kawalpemilu.org#2888,"LAMKUTA, PIDIE, PIDIE, ACEH",1,15,190,205
https://kawalpemilu.org#2889,"KAMPONG PUKAT, PIDIE, PIDIE, ACEH",1,24,179,203
https://kawalpemilu.org#2889,"KAMPONG PUKAT, PIDIE, PIDIE, ACEH",2,17,188,205
https://kawalpemilu.org#2890,"KAMPONG BARAT, PIDIE, PIDIE, ACEH",1,8,145,153
https://kawalpemilu.org#2890,"KAMPONG BARAT, PIDIE, PIDIE, ACEH",2,10,140,150
https://kawalpemilu.org#2891,"PALOH, PIDIE, PIDIE, ACEH",1,14,142,156
https://kawalpemilu.org#2891,"PALOH, PIDIE, PIDIE, ACEH",2,14,158,172
https://kawalpemilu.org#2891,"PALOH, PIDIE, PIDIE, ACEH",3,8,158,166
https://kawalpemilu.org#2891,"PALOH, PIDIE, PIDIE, ACEH",4,8,168,176
https://kawalpemilu.org#2892,"KAMPONG BARO, PIDIE, PIDIE, ACEH",1,16,179,195
https://kawalpemilu.org#2892,"KAMPONG BARO, PIDIE, PIDIE, ACEH",2,7,172,179
https://kawalpemilu.org#2892,"KAMPONG BARO, PIDIE, PIDIE, ACEH",3,8,160,168
https://kawalpemilu.org#2892,"KAMPONG BARO, PIDIE, PIDIE, ACEH",4,7,168,175
https://kawalpemilu.org#2892,"KAMPONG BARO, PIDIE, PIDIE, ACEH",5,10,149,159
https://kawalpemilu.org#2893,"PULO BUBEE, PIDIE, PIDIE, ACEH",1,13,144,157
https://kawalpemilu.org#2893,"PULO BUBEE, PIDIE, PIDIE, ACEH",2,16,155,171
https://kawalpemilu.org#2894,"TIBANG, PIDIE, PIDIE, ACEH",1,15,164,179
https://kawalpemilu.org#2894,"TIBANG, PIDIE, PIDIE, ACEH",2,16,169,185
https://kawalpemilu.org#2895,"RAWA, PIDIE, PIDIE, ACEH",1,5,190,195
https://kawalpemilu.org#2895,"RAWA, PIDIE, PIDIE, ACEH",2,12,188,200
https://kawalpemilu.org#2895,"RAWA, PIDIE, PIDIE, ACEH",3,6,178,184
https://kawalpemilu.org#2895,"RAWA, PIDIE, PIDIE, ACEH",4,10,169,179
https://kawalpemilu.org#2895,"RAWA, PIDIE, PIDIE, ACEH",5,16,166,182
https://kawalpemilu.org#2895,"RAWA, PIDIE, PIDIE, ACEH",6,5,184,189
https://kawalpemilu.org#2895,"RAWA, PIDIE, PIDIE, ACEH",7,10,222,232
https://kawalpemilu.org#2896,"PEUKAN BARO, PIDIE, PIDIE, ACEH",1,12,163,175
https://kawalpemilu.org#2896,"PEUKAN BARO, PIDIE, PIDIE, ACEH",2,15,187,202
https://kawalpemilu.org#2897,"MANCANG, PIDIE, PIDIE, ACEH",1,7,161,168
https://kawalpemilu.org#2897,"MANCANG, PIDIE, PIDIE, ACEH",2,4,160,164
https://kawalpemilu.org#2898,"GAJAH AYEE, PIDIE, PIDIE, ACEH",1,10,186,196
https://kawalpemilu.org#2898,"GAJAH AYEE, PIDIE, PIDIE, ACEH",2,15,222,237
https://kawalpemilu.org#2898,"GAJAH AYEE, PIDIE, PIDIE, ACEH",3,7,215,222
https://kawalpemilu.org#2898,"GAJAH AYEE, PIDIE, PIDIE, ACEH",4,17,205,222
https://kawalpemilu.org#2898,"GAJAH AYEE, PIDIE, PIDIE, ACEH",5,23,176,199
https://kawalpemilu.org#2898,"GAJAH AYEE, PIDIE, PIDIE, ACEH",6,16,194,210
https://kawalpemilu.org#2899,"LHOK KEUTAPANG, PIDIE, PIDIE, ACEH",1,21,152,173
https://kawalpemilu.org#2899,"LHOK KEUTAPANG, PIDIE, PIDIE, ACEH",2,20,167,187
https://kawalpemilu.org#2899,"LHOK KEUTAPANG, PIDIE, PIDIE, ACEH",3,21,170,191
https://kawalpemilu.org#2899,"LHOK KEUTAPANG, PIDIE, PIDIE, ACEH",4,11,166,177
https://kawalpemilu.org#2899,"LHOK KEUTAPANG, PIDIE, PIDIE, ACEH",5,18,129,147
https://kawalpemilu.org#2900,"DALUENG, PIDIE, PIDIE, ACEH",1,11,145,156
https://kawalpemilu.org#2900,"DALUENG, PIDIE, PIDIE, ACEH",2,4,152,156
https://kawalpemilu.org#2901,"ULEECEUE TEUBENG, PIDIE, PIDIE, ACEH",1,8,155,163
https://kawalpemilu.org#2902,"MEUCAT TEUBENG, PIDIE, PIDIE, ACEH",1,36,179,215
https://kawalpemilu.org#2903,"DAYAH TEUBENG, PIDIE, PIDIE, ACEH",1,10,207,217
https://kawalpemilu.org#2903,"DAYAH TEUBENG, PIDIE, PIDIE, ACEH",2,20,190,210
https://kawalpemilu.org#2904,"TANJONG, PIDIE, PIDIE, ACEH",1,9,176,185
https://kawalpemilu.org#2904,"TANJONG, PIDIE, PIDIE, ACEH",2,15,167,182
https://kawalpemilu.org#2905,"JAWA TEUBENG, PIDIE, PIDIE, ACEH",1,17,147,164
https://kawalpemilu.org#2906,"BAYU TEUBENG, PIDIE, PIDIE, ACEH",1,15,156,171
https://kawalpemilu.org#2907,"ABO TEUBENG, PIDIE, PIDIE, ACEH",1,8,122,130
https://kawalpemilu.org#2907,"ABO TEUBENG, PIDIE, PIDIE, ACEH",2,11,125,136
https://kawalpemilu.org#2908,"KEUTAPANG SANGGEUE, PIDIE, PIDIE, ACEH",1,3,181,184
https://kawalpemilu.org#2908,"KEUTAPANG SANGGEUE, PIDIE, PIDIE, ACEH",2,8,152,160
https://kawalpemilu.org#2909,"KRUENG DHOE, PIDIE, PIDIE, ACEH",1,4,159,163
https://kawalpemilu.org#2909,"KRUENG DHOE, PIDIE, PIDIE, ACEH",2,9,165,174
https://kawalpemilu.org#2909,"KRUENG DHOE, PIDIE, PIDIE, ACEH",3,10,155,165
https://kawalpemilu.org#2910,"SIRONG, PIDIE, PIDIE, ACEH",1,13,116,129
https://kawalpemilu.org#2910,"SIRONG, PIDIE, PIDIE, ACEH",2,19,112,131
https://kawalpemilu.org#2911,"KEUTUMBU, PIDIE, PIDIE, ACEH",1,8,208,216
https://kawalpemilu.org#2912,"JEUMPA, PIDIE, PIDIE, ACEH",1,12,173,185
https://kawalpemilu.org#2912,"JEUMPA, PIDIE, PIDIE, ACEH",2,9,169,178
https://kawalpemilu.org#2913,"RAYA SANGGEUE, PIDIE, PIDIE, ACEH",1,8,175,183
https://kawalpemilu.org#2913,"RAYA SANGGEUE, PIDIE, PIDIE, ACEH",2,17,166,183
https://kawalpemilu.org#2914,"DAYAH JEULEUPE, PIDIE, PIDIE, ACEH",1,9,118,127
https://kawalpemilu.org#2915,"UJONG LANGGO, PIDIE, PIDIE, ACEH",1,9,118,127
https://kawalpemilu.org#2915,"UJONG LANGGO, PIDIE, PIDIE, ACEH",2,8,111,119
https://kawalpemilu.org#2916,"COT GLUMPANG, PIDIE, PIDIE, ACEH",1,24,133,157
https://kawalpemilu.org#2917,"SERIWEUK, PIDIE, PIDIE, ACEH",2,9,183,192
https://kawalpemilu.org#2918,"MESJID UTUE, PIDIE, PIDIE, ACEH",1,21,121,142
https://kawalpemilu.org#2918,"MESJID UTUE, PIDIE, PIDIE, ACEH",2,28,119,149
https://kawalpemilu.org#2919,"LEUBUE, PIDIE, PIDIE, ACEH",1,20,133,153
https://kawalpemilu.org#2919,"LEUBUE, PIDIE, PIDIE, ACEH",2,18,146,146
https://kawalpemilu.org#2919,"LEUBUE, PIDIE, PIDIE, ACEH",3,6,78,84
https://kawalpemilu.org#2920,"BATEE, PIDIE, PIDIE, ACEH",1,7,83,90
https://kawalpemilu.org#2921,"RAYA UTUE, PIDIE, PIDIE, ACEH",1,19,131,150
https://kawalpemilu.org#2921,"RAYA UTUE, PIDIE, PIDIE, ACEH",2,17,139,156
https://kawalpemilu.org#2922,"SEUKEUM BROK, PIDIE, PIDIE, ACEH",1,13,131,144
https://kawalpemilu.org#2922,"SEUKEUM BROK, PIDIE, PIDIE, ACEH",2,17,130,147
https://kawalpemilu.org#2923,"BIE, PIDIE, PIDIE, ACEH",1,6,137,143
https://kawalpemilu.org#2923,"BIE, PIDIE, PIDIE, ACEH",2,16,134,150
https://kawalpemilu.org#2924,"BLANG KULA, PIDIE, PIDIE, ACEH",1,17,109,126
https://kawalpemilu.org#2924,"BLANG KULA, PIDIE, PIDIE, ACEH",2,15,109,124
https://kawalpemilu.org#2925,"ALUE, PIDIE, PIDIE, ACEH",1,19,126,145
https://kawalpemilu.org#2926,"SEUKEE, PIDIE, PIDIE, ACEH",1,13,147,160
https://kawalpemilu.org#2927,"PAYA LINTEUENG, PIDIE, PIDIE, ACEH",1,3,173,176
https://kawalpemilu.org#2928,"PULI, PIDIE, PIDIE, ACEH",1,16,116,132
https://kawalpemilu.org#2928,"PULI, PIDIE, PIDIE, ACEH",2,10,118,128
https://kawalpemilu.org#2930,"BALUE TANOH, SAKTI, PIDIE, ACEH",1,4,124,128
https://kawalpemilu.org#2930,"BALUE TANOH, SAKTI, PIDIE, ACEH",2,9,119,128
https://kawalpemilu.org#2931,"BALUE KULU, SAKTI, PIDIE, ACEH",1,2,144,146
https://kawalpemilu.org#2932,"LHOK EMPEH, SAKTI, PIDIE, ACEH",1,4,209,213
https://kawalpemilu.org#2933,"COT SUKON, SAKTI, PIDIE, ACEH",1,12,164,176
https://kawalpemilu.org#2934,"DAYAH TUHA, SAKTI, PIDIE, ACEH",1,16,179,195
https://kawalpemilu.org#2934,"DAYAH TUHA, SAKTI, PIDIE, ACEH",2,16,185,201
https://kawalpemilu.org#2935,"KAMPONG COT, SAKTI, PIDIE, ACEH",1,7,160,167
https://kawalpemilu.org#2936,"PALOH JEUREULA, SAKTI, PIDIE, ACEH",1,24,106,130
https://kawalpemilu.org#2936,"PALOH JEUREULA, SAKTI, PIDIE, ACEH",2,15,108,123
https://kawalpemilu.org#2937,"BARIEH, SAKTI, PIDIE, ACEH",1,2,187,189
https://kawalpemilu.org#2938,"KANDANG, SAKTI, PIDIE, ACEH",1,6,99,105
https://kawalpemilu.org#2939,"RIWEUEK, SAKTI, PIDIE, ACEH",1,7,145,152
https://kawalpemilu.org#2939,"RIWEUEK, SAKTI, PIDIE, ACEH",2,3,142,145
https://kawalpemilu.org#2939,"RIWEUEK, SAKTI, PIDIE, ACEH",3,6,144,150
https://kawalpemilu.org#2940,"MANCANG, SAKTI, PIDIE, ACEH",1,6,62,68
https://kawalpemilu.org#2941,"KP PISANG BUCUE, SAKTI, PIDIE, ACEH",1,2,164,166
https://kawalpemilu.org#2941,"KP PISANG BUCUE, SAKTI, PIDIE, ACEH",2,11,169,180
https://kawalpemilu.org#2942,"BUCUE, SAKTI, PIDIE, ACEH",1,5,165,170
https://kawalpemilu.org#2942,"BUCUE, SAKTI, PIDIE, ACEH",2,7,158,165
https://kawalpemilu.org#2943,"LHOK PANAH, SAKTI, PIDIE, ACEH",1,16,95,111
https://kawalpemilu.org#2944,"MURONG COT, SAKTI, PIDIE, ACEH",1,26,148,174
https://kawalpemilu.org#2946,"LAM UJONG, SAKTI, PIDIE, ACEH",1,18,146,164
https://kawalpemilu.org#2946,"LAM UJONG, SAKTI, PIDIE, ACEH",2,9,158,167
https://kawalpemilu.org#2947,"MURONG LHOK, SAKTI, PIDIE, ACEH",1,6,133,139
https://kawalpemilu.org#2948,"BLANG COT, SAKTI, PIDIE, ACEH",1,12,57,69
https://kawalpemilu.org#2949,"COT CANTEK, SAKTI, PIDIE, ACEH",1,16,61,77
https://kawalpemilu.org#2950,"BLANG KUMOT BAROH, SAKTI, PIDIE, ACEH",1,15,113,128
https://kawalpemilu.org#2951,"BLANG KUMOT TUNONG, SAKTI, PIDIE, ACEH",1,21,96,117
https://kawalpemilu.org#2952,"CUMBOK NIWA, SAKTI, PIDIE, ACEH",1,12,178,190
https://kawalpemilu.org#2952,"CUMBOK NIWA, SAKTI, PIDIE, ACEH",2,19,186,205
https://kawalpemilu.org#2953,"LEUPEUM MESJID, SAKTI, PIDIE, ACEH",1,22,174,196
https://kawalpemilu.org#2953,"LEUPEUM MESJID, SAKTI, PIDIE, ACEH",2,20,174,194
https://kawalpemilu.org#2954,"PULO JEUMPA, SAKTI, PIDIE, ACEH",1,6,85,91
https://kawalpemilu.org#2955,"BEUTONG POCUT, SAKTI, PIDIE, ACEH",1,12,181,193
https://kawalpemilu.org#2956,"BEUTONG PERLAK, SAKTI, PIDIE, ACEH",1,10,180,190
https://kawalpemilu.org#2957,"KAMPONG JEUMPA, SAKTI, PIDIE, ACEH",1,9,163,172
https://kawalpemilu.org#2957,"KAMPONG JEUMPA, SAKTI, PIDIE, ACEH",2,6,172,178
https://kawalpemilu.org#2957,"KAMPONG JEUMPA, SAKTI, PIDIE, ACEH",3,9,165,174
https://kawalpemilu.org#2958,"PANTE KRUENG, SAKTI, PIDIE, ACEH",1,10,141,151
https://kawalpemilu.org#2959,"JURONG PANTE, SAKTI, PIDIE, ACEH",1,8,107,115
https://kawalpemilu.org#2959,"JURONG PANTE, SAKTI, PIDIE, ACEH",2,9,112,121
https://kawalpemilu.org#2960,"MALI GUYUI, SAKTI, PIDIE, ACEH",1,12,153,165
https://kawalpemilu.org#2960,"MALI GUYUI, SAKTI, PIDIE, ACEH",2,9,152,161
https://kawalpemilu.org#2961,"MALI LAM KUTA, SAKTI, PIDIE, ACEH",1,62,137,163
https://kawalpemilu.org#2962,"MALI MESJID, SAKTI, PIDIE, ACEH",1,24,182,206
https://kawalpemilu.org#2963,"MALI COT, SAKTI, PIDIE, ACEH",1,19,197,216
https://kawalpemilu.org#2964,"TANGKUENG, SAKTI, PIDIE, ACEH",1,10,98,108
https://kawalpemilu.org#2964,"TANGKUENG, SAKTI, PIDIE, ACEH",2,5,117,122
https://kawalpemilu.org#2965,"LHOK ME, SAKTI, PIDIE, ACEH",1,9,160,169
https://kawalpemilu.org#2966,"LAMEUE MNS. RAYA, SAKTI, PIDIE, ACEH",1,14,190,204
https://kawalpemilu.org#2966,"LAMEUE MNS. RAYA, SAKTI, PIDIE, ACEH",2,9,112,121
https://kawalpemilu.org#2967,"LAMEUE MNS.BARO, SAKTI, PIDIE, ACEH",1,23,204,227
https://kawalpemilu.org#2968,"LAMEUE MNS. LUENG, SAKTI, PIDIE, ACEH",1,23,193,216
https://kawalpemilu.org#2968,"LAMEUE MNS. LUENG, SAKTI, PIDIE, ACEH",2,29,193,222
https://kawalpemilu.org#2969,"PULO KERUMBOK, SAKTI, PIDIE, ACEH",1,16,184,200
https://kawalpemilu.org#2970,"PERLAK BAROH, SAKTI, PIDIE, ACEH",1,10,115,125
https://kawalpemilu.org#2971,"LINGKOK, SAKTI, PIDIE, ACEH",1,13,132,145
https://kawalpemilu.org#2971,"LINGKOK, SAKTI, PIDIE, ACEH",2,8,143,151
https://kawalpemilu.org#2972,"PASAR KOTA BAKTI, SAKTI, PIDIE, ACEH",1,31,172,203
https://kawalpemilu.org#2972,"PASAR KOTA BAKTI, SAKTI, PIDIE, ACEH",2,18,169,187
https://kawalpemilu.org#2972,"PASAR KOTA BAKTI, SAKTI, PIDIE, ACEH",3,0,96,96
https://kawalpemilu.org#2973,"MEUNASAH BALE, SAKTI, PIDIE, ACEH",1,6,115,121
https://kawalpemilu.org#2973,"MEUNASAH BALE, SAKTI, PIDIE, ACEH",2,10,102,112
https://kawalpemilu.org#2974,"PERLAK ASAN, SAKTI, PIDIE, ACEH",1,18,119,137
https://kawalpemilu.org#2974,"PERLAK ASAN, SAKTI, PIDIE, ACEH",2,14,111,125
https://kawalpemilu.org#2975,"KAMPONG BARO, SAKTI, PIDIE, ACEH",1,12,95,107
https://kawalpemilu.org#2976,"DAYAH KP. PISANG, SAKTI, PIDIE, ACEH",1,7,127,134
https://kawalpemilu.org#2976,"DAYAH KP. PISANG, SAKTI, PIDIE, ACEH",2,6,115,121
https://kawalpemilu.org#89083,"MALI UKEE, SAKTI, PIDIE, ACEH",1,13,203,216
https://kawalpemilu.org#89085,"MEUNASAH BLANG, SAKTI, PIDIE, ACEH",1,12,133,145
https://kawalpemilu.org#89085,"MEUNASAH BLANG, SAKTI, PIDIE, ACEH",2,27,119,146
https://kawalpemilu.org#2980,"RAYA PAYA, SIMPANG TIGA, PIDIE, ACEH",1,11,136,147
https://kawalpemilu.org#2980,"RAYA PAYA, SIMPANG TIGA, PIDIE, ACEH",2,11,132,143
https://kawalpemilu.org#2981,"MESJID BUNGIE, SIMPANG TIGA, PIDIE, ACEH",1,9,186,195
https://kawalpemilu.org#2982,"LILIEP, SIMPANG TIGA, PIDIE, ACEH",1,10,131,141
https://kawalpemilu.org#2983,"UJONG BAROH, SIMPANG TIGA, PIDIE, ACEH",1,10,193,203
https://kawalpemilu.org#2984,"PEUKAN SOT, SIMPANG TIGA, PIDIE, ACEH",1,44,151,193
https://kawalpemilu.org#2984,"PEUKAN SOT, SIMPANG TIGA, PIDIE, ACEH",2,29,147,176
https://kawalpemilu.org#2985,"SUKON, SIMPANG TIGA, PIDIE, ACEH",1,5,148,153
https://kawalpemilu.org#2985,"SUKON, SIMPANG TIGA, PIDIE, ACEH",2,5,150,155
https://kawalpemilu.org#2986,"RAYA PALEUE, SIMPANG TIGA, PIDIE, ACEH",1,6,230,236
https://kawalpemilu.org#2987,"LAMBIDENG, SIMPANG TIGA, PIDIE, ACEH",1,5,149,154
https://kawalpemilu.org#2987,"LAMBIDENG, SIMPANG TIGA, PIDIE, ACEH",2,8,145,153
https://kawalpemilu.org#2988,"COT PALEUE, SIMPANG TIGA, PIDIE, ACEH",1,13,139,152
https://kawalpemilu.org#2989,"SEUKEE, SIMPANG TIGA, PIDIE, ACEH",1,16,171,187
https://kawalpemilu.org#2990,"CEBREK, SIMPANG TIGA, PIDIE, ACEH",1,13,184,197
https://kawalpemilu.org#2990,"CEBREK, SIMPANG TIGA, PIDIE, ACEH",2,5,164,177
https://kawalpemilu.org#2991,"LINGGONG SAGOE, SIMPANG TIGA, PIDIE, ACEH",1,11,214,225
https://kawalpemilu.org#2991,"LINGGONG SAGOE, SIMPANG TIGA, PIDIE, ACEH",2,10,192,202
https://kawalpemilu.org#2992,"KULAM BARO, SIMPANG TIGA, PIDIE, ACEH",1,1,203,204
https://kawalpemilu.org#2992,"KULAM BARO, SIMPANG TIGA, PIDIE, ACEH",2,14,184,198
https://kawalpemilu.org#2993,"EMPEH, SIMPANG TIGA, PIDIE, ACEH",1,6,118,124
https://kawalpemilu.org#2994,"NIEN, SIMPANG TIGA, PIDIE, ACEH",1,8,121,129
https://kawalpemilu.org#2994,"NIEN, SIMPANG TIGA, PIDIE, ACEH",2,8,110,118
https://kawalpemilu.org#2995,"CURUCOK TIMUR, SIMPANG TIGA, PIDIE, ACEH",1,9,168,177
https://kawalpemilu.org#2996,"CURUCOK BARAT, SIMPANG TIGA, PIDIE, ACEH",1,11,119,130
https://kawalpemilu.org#2997,"JAJA BAROH, SIMPANG TIGA, PIDIE, ACEH",1,7,158,165
https://kawalpemilu.org#2998,"JAJA TUNONG, SIMPANG TIGA, PIDIE, ACEH",1,6,196,202
https://kawalpemilu.org#2999,"MESJID GIGIENG, SIMPANG TIGA, PIDIE, ACEH",1,1,140,141
https://kawalpemilu.org#2999,"MESJID GIGIENG, SIMPANG TIGA, PIDIE, ACEH",2,7,113,120
https://kawalpemilu.org#3000,"GONG, SIMPANG TIGA, PIDIE, ACEH",1,9,211,220
https://kawalpemilu.org#3000,"GONG, SIMPANG TIGA, PIDIE, ACEH",2,7,184,191
https://kawalpemilu.org#3001,"PULO RAYA, SIMPANG TIGA, PIDIE, ACEH",1,5,130,135
https://kawalpemilu.org#3001,"PULO RAYA, SIMPANG TIGA, PIDIE, ACEH",2,4,125,129
https://kawalpemilu.org#3002,"PULO BLANG, SIMPANG TIGA, PIDIE, ACEH",1,12,131,143
https://kawalpemilu.org#3003,"MAMPLAM, SIMPANG TIGA, PIDIE, ACEH",1,7,181,188
https://kawalpemilu.org#3003,"MAMPLAM, SIMPANG TIGA, PIDIE, ACEH",2,9,174,183
https://kawalpemilu.org#3004,"MEUNASAH LHEE, SIMPANG TIGA, PIDIE, ACEH",1,6,172,178
https://kawalpemilu.org#3004,"MEUNASAH LHEE, SIMPANG TIGA, PIDIE, ACEH",2,13,147,160
https://kawalpemilu.org#3004,"MEUNASAH LHEE, SIMPANG TIGA, PIDIE, ACEH",3,11,142,153
https://kawalpemilu.org#3005,"PANTE, SIMPANG TIGA, PIDIE, ACEH",1,11,208,219
https://kawalpemilu.org#3005,"PANTE, SIMPANG TIGA, PIDIE, ACEH",2,16,208,224
https://kawalpemilu.org#3006,"KUPULA, SIMPANG TIGA, PIDIE, ACEH",1,9,200,209
https://kawalpemilu.org#3007,"MANTAK RAYA, SIMPANG TIGA, PIDIE, ACEH",1,10,137,147
https://kawalpemilu.org#3007,"MANTAK RAYA, SIMPANG TIGA, PIDIE, ACEH",2,19,109,128
https://kawalpemilu.org#3008,"PEUKAN TUHA, SIMPANG TIGA, PIDIE, ACEH",1,9,164,173
https://kawalpemilu.org#3008,"PEUKAN TUHA, SIMPANG TIGA, PIDIE, ACEH",2,11,152,163
https://kawalpemilu.org#3009,"DAYAH LAMPOH AWE, SIMPANG TIGA, PIDIE, ACEH",1,20,149,169
https://kawalpemilu.org#3010,"MEUNASAH BLANG, SIMPANG TIGA, PIDIE, ACEH",1,8,195,203
https://kawalpemilu.org#3011,"PULO GAJAH MATE, SIMPANG TIGA, PIDIE, ACEH",1,4,153,157
https://kawalpemilu.org#3011,"PULO GAJAH MATE, SIMPANG TIGA, PIDIE, ACEH",2,8,153,161
https://kawalpemilu.org#3012,"SEUK CUKOK, SIMPANG TIGA, PIDIE, ACEH",1,19,184,203
https://kawalpemilu.org#3013,"PULO TU, SIMPANG TIGA, PIDIE, ACEH",1,15,122,137
https://kawalpemilu.org#3014,"JURONG, SIMPANG TIGA, PIDIE, ACEH",1,16,135,151
https://kawalpemilu.org#3015,"KP. BLANG, SIMPANG TIGA, PIDIE, ACEH",1,16,140,156
https://kawalpemilu.org#3015,"KP. BLANG, SIMPANG TIGA, PIDIE, ACEH",2,11,167,178
https://kawalpemilu.org#3015,"KP. BLANG, SIMPANG TIGA, PIDIE, ACEH",3,14,150,164
https://kawalpemilu.org#3016,"PADANG, SIMPANG TIGA, PIDIE, ACEH",1,15,139,154
https://kawalpemilu.org#3016,"PADANG, SIMPANG TIGA, PIDIE, ACEH",2,13,136,149
https://kawalpemilu.org#3017,"COT ARA, SIMPANG TIGA, PIDIE, ACEH",1,9,144,153
https://kawalpemilu.org#3018,"DAYAH BLANG CUT, SIMPANG TIGA, PIDIE, ACEH",1,12,101,113
https://kawalpemilu.org#3019,"TEUNGOH MANGKI, SIMPANG TIGA, PIDIE, ACEH",1,13,83,96
https://kawalpemilu.org#3020,"DAYAH BLANG, SIMPANG TIGA, PIDIE, ACEH",1,35,220,225
https://kawalpemilu.org#3021,"MADIKA, SIMPANG TIGA, PIDIE, ACEH",1,19,224,243
https://kawalpemilu.org#3022,"SAGOE, SIMPANG TIGA, PIDIE, ACEH",1,19,132,151
https://kawalpemilu.org#3023,"CURUCOK SAGOE, SIMPANG TIGA, PIDIE, ACEH",1,22,208,230
https://kawalpemilu.org#3024,"BUNIEN, SIMPANG TIGA, PIDIE, ACEH",1,15,125,140
https://kawalpemilu.org#3024,"BUNIEN, SIMPANG TIGA, PIDIE, ACEH",2,10,118,128
https://kawalpemilu.org#3025,"PALOH TOK DUE, SIMPANG TIGA, PIDIE, ACEH",1,18,160,178
https://kawalpemilu.org#3026,"MESJID TUNGUE, SIMPANG TIGA, PIDIE, ACEH",1,17,169,186
https://kawalpemilu.org#3027,"BLANG LEUEN, SIMPANG TIGA, PIDIE, ACEH",1,7,166,173
https://kawalpemilu.org#3028,"UJONG GAMPONG, SIMPANG TIGA, PIDIE, ACEH",1,30,144,174
https://kawalpemilu.org#3029,"COT JAJA, SIMPANG TIGA, PIDIE, ACEH",1,15,136,151
https://kawalpemilu.org#3029,"COT JAJA, SIMPANG TIGA, PIDIE, ACEH",2,15,130,145
https://kawalpemilu.org#3029,"COT JAJA, SIMPANG TIGA, PIDIE, ACEH",3,16,141,157
https://kawalpemilu.org#3030,"LHEUE, SIMPANG TIGA, PIDIE, ACEH",1,6,93,99
https://kawalpemilu.org#3031,"ULEE BARAT, SIMPANG TIGA, PIDIE, ACEH",1,7,121,128
https://kawalpemilu.org#3031,"ULEE BARAT, SIMPANG TIGA, PIDIE, ACEH",2,8,134,142
https://kawalpemilu.org#3033,"KEUDE TANGSE, TANGSE, PIDIE, ACEH",1,4,179,183
https://kawalpemilu.org#3033,"KEUDE TANGSE, TANGSE, PIDIE, ACEH",2,8,154,162
https://kawalpemilu.org#3034,"PULO MESJID I, TANGSE, PIDIE, ACEH",1,9,151,160
https://kawalpemilu.org#3034,"PULO MESJID I, TANGSE, PIDIE, ACEH",2,7,154,161
https://kawalpemilu.org#3034,"PULO MESJID I, TANGSE, PIDIE, ACEH",3,9,157,166
https://kawalpemilu.org#3035,"PULO MESJID II, TANGSE, PIDIE, ACEH",1,28,199,227
https://kawalpemilu.org#3035,"PULO MESJID II, TANGSE, PIDIE, ACEH",2,15,167,182
https://kawalpemilu.org#3036,"PULO SEJAHTERA, TANGSE, PIDIE, ACEH",1,16,145,161
https://kawalpemilu.org#3036,"PULO SEJAHTERA, TANGSE, PIDIE, ACEH",2,15,155,170
https://kawalpemilu.org#3037,"PULO KAWA, TANGSE, PIDIE, ACEH",1,17,158,175
https://kawalpemilu.org#3037,"PULO KAWA, TANGSE, PIDIE, ACEH",2,13,147,160
https://kawalpemilu.org#3037,"PULO KAWA, TANGSE, PIDIE, ACEH",3,15,154,169
https://kawalpemilu.org#3038,"PULO SEUNONG, TANGSE, PIDIE, ACEH",1,4,172,176
https://kawalpemilu.org#3038,"PULO SEUNONG, TANGSE, PIDIE, ACEH",2,12,165,177
https://kawalpemilu.org#3038,"PULO SEUNONG, TANGSE, PIDIE, ACEH",3,11,158,169
https://kawalpemilu.org#3039,"NUBOK BADEUK, TANGSE, PIDIE, ACEH",1,15,145,160
https://kawalpemilu.org#3039,"NUBOK BADEUK, TANGSE, PIDIE, ACEH",2,13,124,137
https://kawalpemilu.org#3039,"NUBOK BADEUK, TANGSE, PIDIE, ACEH",3,17,123,140
https://kawalpemilu.org#3040,"BLANG JEURAT, TANGSE, PIDIE, ACEH",1,11,212,223
https://kawalpemilu.org#3040,"BLANG JEURAT, TANGSE, PIDIE, ACEH",2,15,166,181
https://kawalpemilu.org#3041,"PULO BARO, TANGSE, PIDIE, ACEH",1,12,181,193
https://kawalpemilu.org#3041,"PULO BARO, TANGSE, PIDIE, ACEH",2,4,174,178
https://kawalpemilu.org#3041,"PULO BARO, TANGSE, PIDIE, ACEH",3,1,169,170
https://kawalpemilu.org#3042,"LAYAN, TANGSE, PIDIE, ACEH",1,17,184,201
https://kawalpemilu.org#3042,"LAYAN, TANGSE, PIDIE, ACEH",2,20,134,154
https://kawalpemilu.org#3043,"BLANG DALAM, TANGSE, PIDIE, ACEH",1,7,146,153
https://kawalpemilu.org#3043,"BLANG DALAM, TANGSE, PIDIE, ACEH",2,7,161,168
https://kawalpemilu.org#3044,"PEUNALOM I, TANGSE, PIDIE, ACEH",1,39,161,200
https://kawalpemilu.org#3044,"PEUNALOM I, TANGSE, PIDIE, ACEH",2,32,177,209
https://kawalpemilu.org#3044,"PEUNALOM I, TANGSE, PIDIE, ACEH",3,14,162,176
https://kawalpemilu.org#3045,"PEUNALOM II, TANGSE, PIDIE, ACEH",1,5,173,178
https://kawalpemilu.org#3045,"PEUNALOM II, TANGSE, PIDIE, ACEH",2,14,165,179
https://kawalpemilu.org#3045,"PEUNALOM II, TANGSE, PIDIE, ACEH",3,10,170,180
https://kawalpemilu.org#3046,"KRUENG MEURIYAM, TANGSE, PIDIE, ACEH",1,16,199,215
https://kawalpemilu.org#3046,"KRUENG MEURIYAM, TANGSE, PIDIE, ACEH",2,16,181,197
https://kawalpemilu.org#3046,"KRUENG MEURIYAM, TANGSE, PIDIE, ACEH",3,10,127,137
https://kawalpemilu.org#3047,"BLANG TEUNGOH, TANGSE, PIDIE, ACEH",1,23,133,156
https://kawalpemilu.org#3047,"BLANG TEUNGOH, TANGSE, PIDIE, ACEH",2,22,113,135
https://kawalpemilu.org#3047,"BLANG TEUNGOH, TANGSE, PIDIE, ACEH",3,18,118,135
https://kawalpemilu.org#3048,"BLANG DHOT, TANGSE, PIDIE, ACEH",1,21,146,167
https://kawalpemilu.org#3048,"BLANG DHOT, TANGSE, PIDIE, ACEH",2,27,151,178
https://kawalpemilu.org#3048,"BLANG DHOT, TANGSE, PIDIE, ACEH",3,22,158,180
https://kawalpemilu.org#3048,"BLANG DHOT, TANGSE, PIDIE, ACEH",4,20,149,169
https://kawalpemilu.org#3048,"BLANG DHOT, TANGSE, PIDIE, ACEH",5,19,156,175
https://kawalpemilu.org#3049,"BLANG BUNGONG, TANGSE, PIDIE, ACEH",1,16,135,151
https://kawalpemilu.org#3049,"BLANG BUNGONG, TANGSE, PIDIE, ACEH",2,21,139,160
https://kawalpemilu.org#3049,"BLANG BUNGONG, TANGSE, PIDIE, ACEH",3,12,136,148
https://kawalpemilu.org#3050,"ULEE GUNONG, TANGSE, PIDIE, ACEH",1,9,151,160
https://kawalpemilu.org#3050,"ULEE GUNONG, TANGSE, PIDIE, ACEH",2,9,136,145
https://kawalpemilu.org#3050,"ULEE GUNONG, TANGSE, PIDIE, ACEH",3,14,142,156
https://kawalpemilu.org#3051,"KEUBON NILAM, TANGSE, PIDIE, ACEH",1,18,115,133
https://kawalpemilu.org#3052,"PAYA GUCI, TANGSE, PIDIE, ACEH",1,7,177,184
https://kawalpemilu.org#3052,"PAYA GUCI, TANGSE, PIDIE, ACEH",2,5,163,168
https://kawalpemilu.org#3053,"RANTO PANYANG, TANGSE, PIDIE, ACEH",1,19,106,125
https://kawalpemilu.org#3053,"RANTO PANYANG, TANGSE, PIDIE, ACEH",2,13,137,150
https://kawalpemilu.org#3053,"RANTO PANYANG, TANGSE, PIDIE, ACEH",3,11,139,150
https://kawalpemilu.org#3054,"BLANG MALO, TANGSE, PIDIE, ACEH",1,25,179,204
https://kawalpemilu.org#3054,"BLANG MALO, TANGSE, PIDIE, ACEH",2,29,168,197
https://kawalpemilu.org#3054,"BLANG MALO, TANGSE, PIDIE, ACEH",3,23,169,192
https://kawalpemilu.org#3055,"KRUENG SIKEUEK, TANGSE, PIDIE, ACEH",1,16,147,163
https://kawalpemilu.org#3055,"KRUENG SIKEUEK, TANGSE, PIDIE, ACEH",2,12,156,168
https://kawalpemilu.org#3055,"KRUENG SIKEUEK, TANGSE, PIDIE, ACEH",3,16,136,152
https://kawalpemilu.org#3056,"BEUNGGA, TANGSE, PIDIE, ACEH",1,6,192,198
https://kawalpemilu.org#3056,"BEUNGGA, TANGSE, PIDIE, ACEH",2,8,182,190
https://kawalpemilu.org#3056,"BEUNGGA, TANGSE, PIDIE, ACEH",3,6,168,174
https://kawalpemilu.org#3056,"BEUNGGA, TANGSE, PIDIE, ACEH",4,6,154,160
https://kawalpemilu.org#3056,"BEUNGGA, TANGSE, PIDIE, ACEH",5,1,163,164
https://kawalpemilu.org#3057,"ALUE CALONG, TANGSE, PIDIE, ACEH",1,21,183,204
https://kawalpemilu.org#3057,"ALUE CALONG, TANGSE, PIDIE, ACEH",2,27,186,213
https://kawalpemilu.org#3058,"PULO IE, TANGSE, PIDIE, ACEH",1,10,200,210
https://kawalpemilu.org#3058,"PULO IE, TANGSE, PIDIE, ACEH",2,15,195,210
https://kawalpemilu.org#3059,"LHOK KEUTAPANG, TANGSE, PIDIE, ACEH",1,16,178,194
https://kawalpemilu.org#3059,"LHOK KEUTAPANG, TANGSE, PIDIE, ACEH",2,22,161,183
https://kawalpemilu.org#3059,"LHOK KEUTAPANG, TANGSE, PIDIE, ACEH",3,26,134,160
https://kawalpemilu.org#3059,"LHOK KEUTAPANG, TANGSE, PIDIE, ACEH",4,24,128,152
https://kawalpemilu.org#3060,"BLANG PANDAK, TANGSE, PIDIE, ACEH",1,10,183,193
https://kawalpemilu.org#3060,"BLANG PANDAK, TANGSE, PIDIE, ACEH",2,4,195,199
https://kawalpemilu.org#3060,"BLANG PANDAK, TANGSE, PIDIE, ACEH",3,9,161,170
https://kawalpemilu.org#3060,"BLANG PANDAK, TANGSE, PIDIE, ACEH",4,6,172,178
https://kawalpemilu.org#3062,"RABO, TIRO/TRUSEB, PIDIE, ACEH",1,14,152,166
https://kawalpemilu.org#3063,"PULO SIBLAH, TIRO/TRUSEB, PIDIE, ACEH",1,7,162,169
https://kawalpemilu.org#3064,"LHOK IGEUH, TIRO/TRUSEB, PIDIE, ACEH",1,18,165,183
https://kawalpemilu.org#3064,"LHOK IGEUH, TIRO/TRUSEB, PIDIE, ACEH",2,8,174,182
https://kawalpemilu.org#3064,"LHOK IGEUH, TIRO/TRUSEB, PIDIE, ACEH",3,6,171,177
https://kawalpemilu.org#3065,"PULO GLUMPANG, TIRO/TRUSEB, PIDIE, ACEH",1,12,165,177
https://kawalpemilu.org#3065,"PULO GLUMPANG, TIRO/TRUSEB, PIDIE, ACEH",2,14,160,174
https://kawalpemilu.org#3066,"MANCANG, TIRO/TRUSEB, PIDIE, ACEH",1,13,168,181
https://kawalpemilu.org#3066,"MANCANG, TIRO/TRUSEB, PIDIE, ACEH",2,13,181,194
https://kawalpemilu.org#3067,"PULO TAMBO, TIRO/TRUSEB, PIDIE, ACEH",1,15,190,205
https://kawalpemilu.org#3068,"PULO KEUNARI, TIRO/TRUSEB, PIDIE, ACEH",1,12,137,149
https://kawalpemilu.org#3068,"PULO KEUNARI, TIRO/TRUSEB, PIDIE, ACEH",2,3,127,130
https://kawalpemilu.org#3069,"PEUNADOK, TIRO/TRUSEB, PIDIE, ACEH",1,7,121,128
https://kawalpemilu.org#3069,"PEUNADOK, TIRO/TRUSEB, PIDIE, ACEH",2,8,107,115
https://kawalpemilu.org#3070,"PULO MESJID, TIRO/TRUSEB, PIDIE, ACEH",1,14,181,195
https://kawalpemilu.org#3070,"PULO MESJID, TIRO/TRUSEB, PIDIE, ACEH",2,8,174,192
https://kawalpemilu.org#3071,"PANAH, TIRO/TRUSEB, PIDIE, ACEH",1,15,194,209
https://kawalpemilu.org#3072,"TRIENG CUDO BAROH, TIRO/TRUSEB, PIDIE, ACEH",1,4,25,29
https://kawalpemilu.org#3073,"TRIENG CUDO TUNONG, TIRO/TRUSEB, PIDIE, ACEH",1,7,108,115
https://kawalpemilu.org#3073,"TRIENG CUDO TUNONG, TIRO/TRUSEB, PIDIE, ACEH",2,4,98,102
https://kawalpemilu.org#3074,"MAMPREE, TIRO/TRUSEB, PIDIE, ACEH",1,7,63,70
https://kawalpemilu.org#3075,"DAYA BAROH, TIRO/TRUSEB, PIDIE, ACEH",1,3,106,109
https://kawalpemilu.org#3076,"DAYA TEUNGOH, TIRO/TRUSEB, PIDIE, ACEH",1,15,133,148
https://kawalpemilu.org#3077,"DAYA KAMPONG BARO, TIRO/TRUSEB, PIDIE, ACEH",1,11,176,187
https://kawalpemilu.org#3078,"DAYA COT, TIRO/TRUSEB, PIDIE, ACEH",1,19,202,221
https://kawalpemilu.org#3079,"BLANG RUKUI, TIRO/TRUSEB, PIDIE, ACEH",1,9,112,121
https://kawalpemilu.org#3080,"PANTON BEUNOT, TIRO/TRUSEB, PIDIE, ACEH",1,4,95,99
https://kawalpemilu.org#3082,"U GADENG, KEUMALA, PIDIE, ACEH",1,3,185,188
https://kawalpemilu.org#3082,"U GADENG, KEUMALA, PIDIE, ACEH",2,10,183,193
https://kawalpemilu.org#3083,"KUMBANG, KEUMALA, PIDIE, ACEH",1,8,152,160
https://kawalpemilu.org#3083,"KUMBANG, KEUMALA, PIDIE, ACEH",2,5,141,146
https://kawalpemilu.org#3083,"KUMBANG, KEUMALA, PIDIE, ACEH",3,11,132,143
https://kawalpemilu.org#3084,"SAGOE, KEUMALA, PIDIE, ACEH",1,14,212,226
https://kawalpemilu.org#3084,"SAGOE, KEUMALA, PIDIE, ACEH",2,17,178,195
https://kawalpemilu.org#3085,"DAYAH KEUMALA, KEUMALA, PIDIE, ACEH",1,16,174,190
https://kawalpemilu.org#3085,"DAYAH KEUMALA, KEUMALA, PIDIE, ACEH",2,16,174,190
https://kawalpemilu.org#3086,"JIJIEM, KEUMALA, PIDIE, ACEH",1,23,163,186
https://kawalpemilu.org#3086,"JIJIEM, KEUMALA, PIDIE, ACEH",2,22,155,177
https://kawalpemilu.org#3086,"JIJIEM, KEUMALA, PIDIE, ACEH",3,23,150,173
https://kawalpemilu.org#3087,"RHENG, KEUMALA, PIDIE, ACEH",1,12,189,201
https://kawalpemilu.org#3088,"COT NURAN, KEUMALA, PIDIE, ACEH",1,40,152,192
https://kawalpemilu.org#3088,"COT NURAN, KEUMALA, PIDIE, ACEH",2,30,138,168
https://kawalpemilu.org#3089,"PULO PANTEE, KEUMALA, PIDIE, ACEH",1,11,173,184
https://kawalpemilu.org#3090,"PALOH TEUNGOH, KEUMALA, PIDIE, ACEH",1,8,139,147
https://kawalpemilu.org#3090,"PALOH TEUNGOH, KEUMALA, PIDIE, ACEH",2,10,148,158
https://kawalpemilu.org#3090,"PALOH TEUNGOH, KEUMALA, PIDIE, ACEH",3,11,130,141
https://kawalpemilu.org#3091,"ASAN NICAH, KEUMALA, PIDIE, ACEH",1,26,132,158
https://kawalpemilu.org#3091,"ASAN NICAH, KEUMALA, PIDIE, ACEH",2,24,136,160
https://kawalpemilu.org#3092,"PAPEUN NICAH, KEUMALA, PIDIE, ACEH",1,14,169,183
https://kawalpemilu.org#3092,"PAPEUN NICAH, KEUMALA, PIDIE, ACEH",2,15,141,156
https://kawalpemilu.org#3093,"PULO SEUPENG, KEUMALA, PIDIE, ACEH",1,21,87,108
https://kawalpemilu.org#3094,"MESJID NICAH, KEUMALA, PIDIE, ACEH",1,12,135,147
https://kawalpemilu.org#3095,"TUNONG, KEUMALA, PIDIE, ACEH",1,21,153,174
https://kawalpemilu.org#3095,"TUNONG, KEUMALA, PIDIE, ACEH",2,21,158,179
https://kawalpemilu.org#3096,"PAKO, KEUMALA, PIDIE, ACEH",1,33,117,150
https://kawalpemilu.org#3096,"PAKO, KEUMALA, PIDIE, ACEH",2,35,105,140
https://kawalpemilu.org#3097,"COT KREH, KEUMALA, PIDIE, ACEH",1,16,107,123
https://kawalpemilu.org#3097,"COT KREH, KEUMALA, PIDIE, ACEH",2,11,99,110
https://kawalpemilu.org#3098,"PULO CAHI, KEUMALA, PIDIE, ACEH",1,11,101,112
https://kawalpemilu.org#89086,"PULO BARO, KEUMALA, PIDIE, ACEH",1,2,37,39
https://kawalpemilu.org#3101,"JOJO, MUTIARA TIMUR, PIDIE, ACEH",1,15,169,184
https://kawalpemilu.org#3101,"JOJO, MUTIARA TIMUR, PIDIE, ACEH",2,16,180,196
https://kawalpemilu.org#3101,"JOJO, MUTIARA TIMUR, PIDIE, ACEH",3,8,160,168
https://kawalpemilu.org#3101,"JOJO, MUTIARA TIMUR, PIDIE, ACEH",4,10,149,159
https://kawalpemilu.org#3102,"GAMPONG COT USI, MUTIARA TIMUR, PIDIE, ACEH",1,8,142,150
https://kawalpemilu.org#3102,"GAMPONG COT USI, MUTIARA TIMUR, PIDIE, ACEH",2,7,137,144
https://kawalpemilu.org#3102,"GAMPONG COT USI, MUTIARA TIMUR, PIDIE, ACEH",3,7,134,141
https://kawalpemilu.org#3103,"DAYAH USI, MUTIARA TIMUR, PIDIE, ACEH",1,18,181,199
https://kawalpemilu.org#3103,"DAYAH USI, MUTIARA TIMUR, PIDIE, ACEH",2,12,185,197
https://kawalpemilu.org#3104,"PALOH LHOK USI, MUTIARA TIMUR, PIDIE, ACEH",1,6,155,161
https://kawalpemilu.org#3104,"PALOH LHOK USI, MUTIARA TIMUR, PIDIE, ACEH",2,7,163,170
https://kawalpemilu.org#3104,"PALOH LHOK USI, MUTIARA TIMUR, PIDIE, ACEH",3,6,158,164
https://kawalpemilu.org#3105,"CAMPLI USI, MUTIARA TIMUR, PIDIE, ACEH",1,17,103,120
https://kawalpemilu.org#3105,"CAMPLI USI, MUTIARA TIMUR, PIDIE, ACEH",2,7,94,101
https://kawalpemilu.org#3106,"MEE TANJONG USI, MUTIARA TIMUR, PIDIE, ACEH",1,15,171,186
https://kawalpemilu.org#3106,"MEE TANJONG USI, MUTIARA TIMUR, PIDIE, ACEH",2,24,171,195
https://kawalpemilu.org#3106,"MEE TANJONG USI, MUTIARA TIMUR, PIDIE, ACEH",3,9,154,161
https://kawalpemilu.org#3107,"MESJID USI, MUTIARA TIMUR, PIDIE, ACEH",1,12,115,127
https://kawalpemilu.org#3107,"MESJID USI, MUTIARA TIMUR, PIDIE, ACEH",2,26,117,143
https://kawalpemilu.org#3107,"MESJID USI, MUTIARA TIMUR, PIDIE, ACEH",3,11,112,123
https://kawalpemilu.org#3108,"PALOH RAYA, MUTIARA TIMUR, PIDIE, ACEH",1,16,216,232
https://kawalpemilu.org#3109,"NIBONG, MUTIARA TIMUR, PIDIE, ACEH",1,4,112,118
https://kawalpemilu.org#3109,"NIBONG, MUTIARA TIMUR, PIDIE, ACEH",2,7,117,124
https://kawalpemilu.org#3110,"BALE UJONG RIMBA, MUTIARA TIMUR, PIDIE, ACEH",1,25,211,236
https://kawalpemilu.org#3111,"RINTI, MUTIARA TIMUR, PIDIE, ACEH",1,13,145,158
https://kawalpemilu.org#3112,"DIDOH, MUTIARA TIMUR, PIDIE, ACEH",1,26,117,143
https://kawalpemilu.org#3112,"DIDOH, MUTIARA TIMUR, PIDIE, ACEH",2,23,137,160
https://kawalpemilu.org#3113,"MEUGIT, MUTIARA TIMUR, PIDIE, ACEH",1,24,157,181
https://kawalpemilu.org#3113,"MEUGIT, MUTIARA TIMUR, PIDIE, ACEH",2,16,211,227
https://kawalpemilu.org#3113,"MEUGIT, MUTIARA TIMUR, PIDIE, ACEH",3,17,192,209
https://kawalpemilu.org#3114,"EMPEH, MUTIARA TIMUR, PIDIE, ACEH",1,25,135,160
https://kawalpemilu.org#3114,"EMPEH, MUTIARA TIMUR, PIDIE, ACEH",2,31,104,135
https://kawalpemilu.org#3115,"BLANG RIEK, MUTIARA TIMUR, PIDIE, ACEH",1,8,127,135
https://kawalpemilu.org#3115,"BLANG RIEK, MUTIARA TIMUR, PIDIE, ACEH",2,5,124,129
https://kawalpemilu.org#3116,"BAROH UJONG RIMBA, MUTIARA TIMUR, PIDIE, ACEH",1,15,139,154
https://kawalpemilu.org#3116,"BAROH UJONG RIMBA, MUTIARA TIMUR, PIDIE, ACEH",2,17,106,123
https://kawalpemilu.org#3117,"MON ARA, MUTIARA TIMUR, PIDIE, ACEH",1,20,140,160
https://kawalpemilu.org#3117,"MON ARA, MUTIARA TIMUR, PIDIE, ACEH",2,37,115,152
https://kawalpemilu.org#3118,"KULAM ARA, MUTIARA TIMUR, PIDIE, ACEH",1,9,126,135
https://kawalpemilu.org#3118,"KULAM ARA, MUTIARA TIMUR, PIDIE, ACEH",2,3,138,141
https://kawalpemilu.org#3119,"BLANGONG BASAH, MUTIARA TIMUR, PIDIE, ACEH",1,29,127,156
https://kawalpemilu.org#3119,"BLANGONG BASAH, MUTIARA TIMUR, PIDIE, ACEH",2,16,132,148
https://kawalpemilu.org#3120,"RAMBONG, MUTIARA TIMUR, PIDIE, ACEH",1,13,194,207
https://kawalpemilu.org#3120,"RAMBONG, MUTIARA TIMUR, PIDIE, ACEH",2,15,185,200
https://kawalpemilu.org#3120,"RAMBONG, MUTIARA TIMUR, PIDIE, ACEH",3,5,192,197
https://kawalpemilu.org#3120,"RAMBONG, MUTIARA TIMUR, PIDIE, ACEH",4,8,190,198
https://kawalpemilu.org#3121,"GAMPONG LADA, MUTIARA TIMUR, PIDIE, ACEH",1,8,210,218
https://kawalpemilu.org#3121,"GAMPONG LADA, MUTIARA TIMUR, PIDIE, ACEH",2,24,186,210
https://kawalpemilu.org#3121,"GAMPONG LADA, MUTIARA TIMUR, PIDIE, ACEH",3,17,172,189
https://kawalpemilu.org#3121,"GAMPONG LADA, MUTIARA TIMUR, PIDIE, ACEH",4,17,169,186
https://kawalpemilu.org#3121,"GAMPONG LADA, MUTIARA TIMUR, PIDIE, ACEH",5,0,1,1
https://kawalpemilu.org#3122,"DAYAH KUMBA, MUTIARA TIMUR, PIDIE, ACEH",1,6,173,179
https://kawalpemilu.org#3123,"COT KUTHANG, MUTIARA TIMUR, PIDIE, ACEH",1,15,157,172
https://kawalpemilu.org#3123,"COT KUTHANG, MUTIARA TIMUR, PIDIE, ACEH",2,14,136,150
https://kawalpemilu.org#3124,"DAYAH TANOH, MUTIARA TIMUR, PIDIE, ACEH",1,10,175,185
https://kawalpemilu.org#3124,"DAYAH TANOH, MUTIARA TIMUR, PIDIE, ACEH",2,8,173,181
https://kawalpemilu.org#3125,"ULEE TUTUE, MUTIARA TIMUR, PIDIE, ACEH",1,11,182,193
https://kawalpemilu.org#3125,"ULEE TUTUE, MUTIARA TIMUR, PIDIE, ACEH",2,9,183,192
https://kawalpemilu.org#3126,"BEUREUEH II, MUTIARA TIMUR, PIDIE, ACEH",1,17,123,140
https://kawalpemilu.org#3126,"BEUREUEH II, MUTIARA TIMUR, PIDIE, ACEH",2,2,105,107
https://kawalpemilu.org#3127,"MESJID JEURAT MANYANG, MUTIARA TIMUR, PIDIE, ACEH",1,6,192,198
https://kawalpemilu.org#3127,"MESJID JEURAT MANYANG, MUTIARA TIMUR, PIDIE, ACEH",2,9,166,175
https://kawalpemilu.org#3127,"MESJID JEURAT MANYANG, MUTIARA TIMUR, PIDIE, ACEH",3,12,185,197
https://kawalpemilu.org#3128,"PALOH TINGGI, MUTIARA TIMUR, PIDIE, ACEH",1,12,155,167
https://kawalpemilu.org#3128,"PALOH TINGGI, MUTIARA TIMUR, PIDIE, ACEH",2,6,156,162
https://kawalpemilu.org#3128,"PALOH TINGGI, MUTIARA TIMUR, PIDIE, ACEH",3,12,151,163
https://kawalpemilu.org#3129,"KARIENG, MUTIARA TIMUR, PIDIE, ACEH",1,9,251,260
https://kawalpemilu.org#3129,"KARIENG, MUTIARA TIMUR, PIDIE, ACEH",2,6,220,226
https://kawalpemilu.org#3130,"TONG PRIA, MUTIARA TIMUR, PIDIE, ACEH",1,16,129,145
https://kawalpemilu.org#3130,"TONG PRIA, MUTIARA TIMUR, PIDIE, ACEH",2,13,132,145
https://kawalpemilu.org#3130,"TONG PRIA, MUTIARA TIMUR, PIDIE, ACEH",3,14,114,128
https://kawalpemilu.org#3131,"TONG WENG, MUTIARA TIMUR, PIDIE, ACEH",1,8,116,124
https://kawalpemilu.org#3131,"TONG WENG, MUTIARA TIMUR, PIDIE, ACEH",2,5,123,128
https://kawalpemilu.org#3131,"TONG WENG, MUTIARA TIMUR, PIDIE, ACEH",3,13,113,126
https://kawalpemilu.org#3132,"PULO DRIEN, MUTIARA TIMUR, PIDIE, ACEH",1,16,165,181
https://kawalpemilu.org#3132,"PULO DRIEN, MUTIARA TIMUR, PIDIE, ACEH",2,6,123,129
https://kawalpemilu.org#3133,"MESJID GUMPUENG, MUTIARA TIMUR, PIDIE, ACEH",1,15,159,174
https://kawalpemilu.org#3133,"MESJID GUMPUENG, MUTIARA TIMUR, PIDIE, ACEH",2,13,157,170
https://kawalpemilu.org#3133,"MESJID GUMPUENG, MUTIARA TIMUR, PIDIE, ACEH",3,12,132,144
https://kawalpemilu.org#3134,"ULEE GAMPONG, MUTIARA TIMUR, PIDIE, ACEH",1,5,125,130
https://kawalpemilu.org#3134,"ULEE GAMPONG, MUTIARA TIMUR, PIDIE, ACEH",2,1,143,144
https://kawalpemilu.org#3134,"ULEE GAMPONG, MUTIARA TIMUR, PIDIE, ACEH",3,6,131,137
https://kawalpemilu.org#3135,"BARIEH, MUTIARA TIMUR, PIDIE, ACEH",1,16,118,134
https://kawalpemilu.org#3135,"BARIEH, MUTIARA TIMUR, PIDIE, ACEH",2,18,100,118
https://kawalpemilu.org#3136,"JUMPHOIH ADAN, MUTIARA TIMUR, PIDIE, ACEH",1,11,139,150
https://kawalpemilu.org#3136,"JUMPHOIH ADAN, MUTIARA TIMUR, PIDIE, ACEH",2,16,119,135
https://kawalpemilu.org#3137,"ME ADAN, MUTIARA TIMUR, PIDIE, ACEH",1,14,166,180
https://kawalpemilu.org#3137,"ME ADAN, MUTIARA TIMUR, PIDIE, ACEH",2,11,189,200
https://kawalpemilu.org#3138,"DAYAH ADAN, MUTIARA TIMUR, PIDIE, ACEH",1,12,142,154
https://kawalpemilu.org#3138,"DAYAH ADAN, MUTIARA TIMUR, PIDIE, ACEH",2,5,151,156
https://kawalpemilu.org#3138,"DAYAH ADAN, MUTIARA TIMUR, PIDIE, ACEH",3,13,137,150
https://kawalpemilu.org#3139,"ALUE ADAN, MUTIARA TIMUR, PIDIE, ACEH",1,4,120,124
https://kawalpemilu.org#3139,"ALUE ADAN, MUTIARA TIMUR, PIDIE, ACEH",2,2,124,126
https://kawalpemilu.org#3140,"RAMBOT ADAN, MUTIARA TIMUR, PIDIE, ACEH",1,5,175,180
https://kawalpemilu.org#3140,"RAMBOT ADAN, MUTIARA TIMUR, PIDIE, ACEH",2,10,189,199
https://kawalpemilu.org#3141,"MEUCAT ADAN, MUTIARA TIMUR, PIDIE, ACEH",1,1,187,188
https://kawalpemilu.org#3141,"MEUCAT ADAN, MUTIARA TIMUR, PIDIE, ACEH",2,4,182,186
https://kawalpemilu.org#3142,"TIBA MESJID, MUTIARA TIMUR, PIDIE, ACEH",1,8,144,152
https://kawalpemilu.org#3142,"TIBA MESJID, MUTIARA TIMUR, PIDIE, ACEH",2,4,160,164
https://kawalpemilu.org#3143,"TIBA RAYA, MUTIARA TIMUR, PIDIE, ACEH",1,4,177,181
https://kawalpemilu.org#3143,"TIBA RAYA, MUTIARA TIMUR, PIDIE, ACEH",2,7,177,184
https://kawalpemilu.org#3143,"TIBA RAYA, MUTIARA TIMUR, PIDIE, ACEH",3,7,158,165
https://kawalpemilu.org#3143,"TIBA RAYA, MUTIARA TIMUR, PIDIE, ACEH",4,4,169,173
https://kawalpemilu.org#3144,"REUBAT, MUTIARA TIMUR, PIDIE, ACEH",1,6,119,125
https://kawalpemilu.org#3144,"REUBAT, MUTIARA TIMUR, PIDIE, ACEH",2,15,117,132
https://kawalpemilu.org#3145,"SIMBEE, MUTIARA TIMUR, PIDIE, ACEH",1,6,168,174
https://kawalpemilu.org#3145,"SIMBEE, MUTIARA TIMUR, PIDIE, ACEH",2,17,143,160
https://kawalpemilu.org#3146,"JIEM, MUTIARA TIMUR, PIDIE, ACEH",1,10,161,171
https://kawalpemilu.org#3146,"JIEM, MUTIARA TIMUR, PIDIE, ACEH",2,5,175,180
https://kawalpemilu.org#3146,"JIEM, MUTIARA TIMUR, PIDIE, ACEH",3,5,177,182
https://kawalpemilu.org#3147,"SAGOE TUMPEUN, MUTIARA TIMUR, PIDIE, ACEH",1,8,182,190
https://kawalpemilu.org#3147,"SAGOE TUMPEUN, MUTIARA TIMUR, PIDIE, ACEH",2,13,162,175
https://kawalpemilu.org#3147,"SAGOE TUMPEUN, MUTIARA TIMUR, PIDIE, ACEH",3,10,161,171
https://kawalpemilu.org#3149,"GINTONG, GRONG-GRONG, PIDIE, ACEH",1,11,169,180
https://kawalpemilu.org#3149,"GINTONG, GRONG-GRONG, PIDIE, ACEH",2,14,169,183
https://kawalpemilu.org#3150,"MESJID BEUREULEUENG, GRONG-GRONG, PIDIE, ACEH",1,17,134,151
https://kawalpemilu.org#3151,"BEUREULEUNG, GRONG-GRONG, PIDIE, ACEH",1,9,174,183
https://kawalpemilu.org#3151,"BEUREULEUNG, GRONG-GRONG, PIDIE, ACEH",2,2,171,173
https://kawalpemilu.org#3152,"BAROH, GRONG-GRONG, PIDIE, ACEH",1,10,111,121
https://kawalpemilu.org#3152,"BAROH, GRONG-GRONG, PIDIE, ACEH",2,11,92,103
https://kawalpemilu.org#3153,"MEE BEUREULEUNG, GRONG-GRONG, PIDIE, ACEH",1,8,173,181
https://kawalpemilu.org#3154,"PAYA, GRONG-GRONG, PIDIE, ACEH",1,2,101,103
https://kawalpemilu.org#3155,"TEUNGOH, GRONG-GRONG, PIDIE, ACEH",1,7,124,131
https://kawalpemilu.org#3155,"TEUNGOH, GRONG-GRONG, PIDIE, ACEH",2,8,128,136
https://kawalpemilu.org#3156,"PANGGE PILOK, GRONG-GRONG, PIDIE, ACEH",1,14,130,144
https://kawalpemilu.org#3157,"KARIENG, GRONG-GRONG, PIDIE, ACEH",1,19,141,160
https://kawalpemilu.org#3157,"KARIENG, GRONG-GRONG, PIDIE, ACEH",2,22,146,168
https://kawalpemilu.org#3158,"GRONG-GRONG, GRONG-GRONG, PIDIE, ACEH",1,31,178,209
https://kawalpemilu.org#3158,"GRONG-GRONG, GRONG-GRONG, PIDIE, ACEH",2,27,178,205
https://kawalpemilu.org#3159,"NICAH, GRONG-GRONG, PIDIE, ACEH",1,12,189,201
https://kawalpemilu.org#3160,"MESJID MEE MEUANEUK, GRONG-GRONG, PIDIE, ACEH",1,19,149,168
https://kawalpemilu.org#3161,"DAKA, GRONG-GRONG, PIDIE, ACEH",1,8,190,198
https://kawalpemilu.org#3162,"SENTOSA, GRONG-GRONG, PIDIE, ACEH",1,21,155,176
https://kawalpemilu.org#3163,"SUKON, GRONG-GRONG, PIDIE, ACEH",1,7,161,168
https://kawalpemilu.org#3165,"LUTUENG, MANE, PIDIE, ACEH",1,30,155,185
https://kawalpemilu.org#3165,"LUTUENG, MANE, PIDIE, ACEH",2,24,145,169
https://kawalpemilu.org#3165,"LUTUENG, MANE, PIDIE, ACEH",3,26,130,156
https://kawalpemilu.org#3165,"LUTUENG, MANE, PIDIE, ACEH",4,21,173,194
https://kawalpemilu.org#3165,"LUTUENG, MANE, PIDIE, ACEH",5,13,159,172
https://kawalpemilu.org#3166,"BLANG DALAM, MANE, PIDIE, ACEH",1,28,123,151
https://kawalpemilu.org#3166,"BLANG DALAM, MANE, PIDIE, ACEH",2,18,130,148
https://kawalpemilu.org#3166,"BLANG DALAM, MANE, PIDIE, ACEH",3,23,113,136
https://kawalpemilu.org#3166,"BLANG DALAM, MANE, PIDIE, ACEH",4,14,127,141
https://kawalpemilu.org#3166,"BLANG DALAM, MANE, PIDIE, ACEH",5,18,118,136
https://kawalpemilu.org#3167,"MANE, MANE, PIDIE, ACEH",1,19,150,169
https://kawalpemilu.org#3167,"MANE, MANE, PIDIE, ACEH",2,23,136,159
https://kawalpemilu.org#3167,"MANE, MANE, PIDIE, ACEH",3,22,166,188
https://kawalpemilu.org#3167,"MANE, MANE, PIDIE, ACEH",4,44,133,177
https://kawalpemilu.org#3167,"MANE, MANE, PIDIE, ACEH",5,14,137,151
https://kawalpemilu.org#3167,"MANE, MANE, PIDIE, ACEH",6,18,94,112
https://kawalpemilu.org#3167,"MANE, MANE, PIDIE, ACEH",7,26,169,195
https://kawalpemilu.org#3167,"MANE, MANE, PIDIE, ACEH",8,31,138,169
https://kawalpemilu.org#3167,"MANE, MANE, PIDIE, ACEH",9,12,117,129
https://kawalpemilu.org#3167,"MANE, MANE, PIDIE, ACEH",10,14,96,110
https://kawalpemilu.org#3167,"MANE, MANE, PIDIE, ACEH",11,15,168,183
https://kawalpemilu.org#3167,"MANE, MANE, PIDIE, ACEH",12,13,171,184
https://kawalpemilu.org#3168,"TURUE CUT, MANE, PIDIE, ACEH",1,40,173,213
https://kawalpemilu.org#3168,"TURUE CUT, MANE, PIDIE, ACEH",2,42,163,205
https://kawalpemilu.org#3170,"PALONG, GLUMPANG BARO, PIDIE, ACEH",1,9,153,162
https://kawalpemilu.org#3170,"PALONG, GLUMPANG BARO, PIDIE, ACEH",2,5,140,145
https://kawalpemilu.org#3171,"SEUKE, GLUMPANG BARO, PIDIE, ACEH",1,9,185,194
https://kawalpemilu.org#3172,"KUMBANG TR. CAMPLI, GLUMPANG BARO, PIDIE, ACEH",1,20,178,198
https://kawalpemilu.org#3172,"KUMBANG TR. CAMPLI, GLUMPANG BARO, PIDIE, ACEH",2,13,177,190
https://kawalpemilu.org#3173,"BUNGONG, GLUMPANG BARO, PIDIE, ACEH",1,10,188,198
https://kawalpemilu.org#3175,"GEUNTENG, GLUMPANG BARO, PIDIE, ACEH",1,8,170,178
https://kawalpemilu.org#3176,"MANYANG, GLUMPANG BARO, PIDIE, ACEH",1,1,169,170
https://kawalpemilu.org#3176,"MANYANG, GLUMPANG BARO, PIDIE, ACEH",2,10,178,188
https://kawalpemilu.org#3177,"PULO IBOIH, GLUMPANG BARO, PIDIE, ACEH",1,14,134,148
https://kawalpemilu.org#3177,"PULO IBOIH, GLUMPANG BARO, PIDIE, ACEH",2,17,122,139
https://kawalpemilu.org#3178,"JURONG BARO, GLUMPANG BARO, PIDIE, ACEH",1,11,220,231
https://kawalpemilu.org#3179,"SUKON PAKU, GLUMPANG BARO, PIDIE, ACEH",1,6,120,126
https://kawalpemilu.org#3179,"SUKON PAKU, GLUMPANG BARO, PIDIE, ACEH",2,3,100,103
https://kawalpemilu.org#3180,"SANGGET, GLUMPANG BARO, PIDIE, ACEH",1,6,145,151
https://kawalpemilu.org#3180,"SANGGET, GLUMPANG BARO, PIDIE, ACEH",2,5,133,138
https://kawalpemilu.org#3181,"BLANG BAROH, GLUMPANG BARO, PIDIE, ACEH",1,6,120,126
https://kawalpemilu.org#3181,"BLANG BAROH, GLUMPANG BARO, PIDIE, ACEH",2,7,125,132
https://kawalpemilu.org#3183,"SEUREUKUI CEBREK, GLUMPANG BARO, PIDIE, ACEH",1,17,131,148
https://kawalpemilu.org#3183,"SEUREUKUI CEBREK, GLUMPANG BARO, PIDIE, ACEH",2,9,133,142
https://kawalpemilu.org#3184,"BALE GANTUNG, GLUMPANG BARO, PIDIE, ACEH",1,6,114,120
https://kawalpemilu.org#3185,"GLUMPANG BUNGKOK, GLUMPANG BARO, PIDIE, ACEH",1,12,226,238
https://kawalpemilu.org#3186,"DABOIH, GLUMPANG BARO, PIDIE, ACEH",1,10,143,153
https://kawalpemilu.org#3187,"PULO PANJOE, GLUMPANG BARO, PIDIE, ACEH",1,12,124,136
https://kawalpemilu.org#3187,"PULO PANJOE, GLUMPANG BARO, PIDIE, ACEH",2,10,119,129
https://kawalpemilu.org#3188,"MEE TEUMPEUN, GLUMPANG BARO, PIDIE, ACEH",1,7,133,140
https://kawalpemilu.org#3188,"MEE TEUMPEUN, GLUMPANG BARO, PIDIE, ACEH",2,9,137,146
https://kawalpemilu.org#3189,"KUMBANG UNOE, GLUMPANG BARO, PIDIE, ACEH",1,4,191,195
https://kawalpemilu.org#3189,"KUMBANG UNOE, GLUMPANG BARO, PIDIE, ACEH",2,6,151,157
https://kawalpemilu.org#3190,"U. BUNGKOK, GLUMPANG BARO, PIDIE, ACEH",1,11,169,180
https://kawalpemilu.org#3190,"U. BUNGKOK, GLUMPANG BARO, PIDIE, ACEH",2,22,170,192
https://kawalpemilu.org#3190,"U. BUNGKOK, GLUMPANG BARO, PIDIE, ACEH",3,17,151,168
https://kawalpemilu.org#93353,"UKEE, GLUMPANG BARO, PIDIE, ACEH",1,24,183,207
https://kawalpemilu.org#93353,"UKEE, GLUMPANG BARO, PIDIE, ACEH",2,16,197,213
https://kawalpemilu.org#93353,"UKEE, GLUMPANG BARO, PIDIE, ACEH",3,23,182,205
https://kawalpemilu.org#93354,"SAGOE, GLUMPANG BARO, PIDIE, ACEH",1,8,126,134
https://kawalpemilu.org#93354,"SAGOE, GLUMPANG BARO, PIDIE, ACEH",2,6,149,155
https://kawalpemilu.org#3192,"LINGKOK, TITEUE, PIDIE, ACEH",1,19,122,141
https://kawalpemilu.org#3192,"LINGKOK, TITEUE, PIDIE, ACEH",2,6,128,134
https://kawalpemilu.org#3193,"PANTE KULU, TITEUE, PIDIE, ACEH",1,15,184,199
https://kawalpemilu.org#3193,"PANTE KULU, TITEUE, PIDIE, ACEH",2,6,166,172
https://kawalpemilu.org#3194,"UKE, TITEUE, PIDIE, ACEH",1,16,129,145
https://kawalpemilu.org#3194,"UKE, TITEUE, PIDIE, ACEH",2,13,139,152
https://kawalpemilu.org#3195,"PANTE SIREN, TITEUE, PIDIE, ACEH",1,6,119,125
https://kawalpemilu.org#3195,"PANTE SIREN, TITEUE, PIDIE, ACEH",2,5,122,127
https://kawalpemilu.org#3196,"PULO RAYA, TITEUE, PIDIE, ACEH",1,6,95,101
https://kawalpemilu.org#3196,"PULO RAYA, TITEUE, PIDIE, ACEH",2,8,88,96
https://kawalpemilu.org#3197,"CUT, TITEUE, PIDIE, ACEH",1,6,155,161
https://kawalpemilu.org#3197,"CUT, TITEUE, PIDIE, ACEH",2,0,133,133
https://kawalpemilu.org#3198,"DAYAH MEUNARA, TITEUE, PIDIE, ACEH",1,19,164,183
https://kawalpemilu.org#3198,"DAYAH MEUNARA, TITEUE, PIDIE, ACEH",2,21,184,205
https://kawalpemilu.org#3199,"PALOH NALEUNG, TITEUE, PIDIE, ACEH",1,11,115,126
https://kawalpemilu.org#3199,"PALOH NALEUNG, TITEUE, PIDIE, ACEH",2,8,122,130
https://kawalpemilu.org#3200,"PULO LHOIH, TITEUE, PIDIE, ACEH",1,15,104,119
https://kawalpemilu.org#3200,"PULO LHOIH, TITEUE, PIDIE, ACEH",2,9,109,118
https://kawalpemilu.org#3201,"MESJID TONGPUDENG, TITEUE, PIDIE, ACEH",1,32,156,188
https://kawalpemilu.org#3201,"MESJID TONGPUDENG, TITEUE, PIDIE, ACEH",2,30,148,178
https://kawalpemilu.org#3202,"BLANG THOE, TITEUE, PIDIE, ACEH",1,11,68,79
https://kawalpemilu.org#3203,"ASAN TONGPUDENG, TITEUE, PIDIE, ACEH",1,21,147,168
https://kawalpemilu.org#3203,"ASAN TONGPUDENG, TITEUE, PIDIE, ACEH",2,9,148,157
https://kawalpemilu.org#3204,"ALUE, TITEUE, PIDIE, ACEH",1,24,157,181
https://kawalpemilu.org#3207,"KEUDE ALUE IE PUTEH, BAKTIYA, ACEH UTARA, ACEH",1,0,0,0
https://kawalpemilu.org#3207,"KEUDE ALUE IE PUTEH, BAKTIYA, ACEH UTARA, ACEH",2,0,0,0
https://kawalpemilu.org#3207,"KEUDE ALUE IE PUTEH, BAKTIYA, ACEH UTARA, ACEH",7,14,148,162
https://kawalpemilu.org#3207,"KEUDE ALUE IE PUTEH, BAKTIYA, ACEH UTARA, ACEH",8,10,129,139
https://kawalpemilu.org#3208,"MNSH ALUE I PUTEH, BAKTIYA, ACEH UTARA, ACEH",1,16,162,178
https://kawalpemilu.org#3208,"MNSH ALUE I PUTEH, BAKTIYA, ACEH UTARA, ACEH",2,23,164,187
https://kawalpemilu.org#3208,"MNSH ALUE I PUTEH, BAKTIYA, ACEH UTARA, ACEH",4,11,177,188
https://kawalpemilu.org#3208,"MNSH ALUE I PUTEH, BAKTIYA, ACEH UTARA, ACEH",5,18,170,188
https://kawalpemilu.org#3208,"MNSH ALUE I PUTEH, BAKTIYA, ACEH UTARA, ACEH",6,19,164,183
https://kawalpemilu.org#3209,"PUCOK ALUE, BAKTIYA, ACEH UTARA, ACEH",39,2,184,186
https://kawalpemilu.org#3209,"PUCOK ALUE, BAKTIYA, ACEH UTARA, ACEH",40,4,182,186
https://kawalpemilu.org#3210,"ALUE ANOU TIMU, BAKTIYA, ACEH UTARA, ACEH",1,5,184,189
https://kawalpemilu.org#3210,"ALUE ANOU TIMU, BAKTIYA, ACEH UTARA, ACEH",2,0,0,0
https://kawalpemilu.org#3210,"ALUE ANOU TIMU, BAKTIYA, ACEH UTARA, ACEH",15,7,202,209
https://kawalpemilu.org#3211,"ALUE ANOU BARAT, BAKTIYA, ACEH UTARA, ACEH",1,13,145,158
https://kawalpemilu.org#3211,"ALUE ANOU BARAT, BAKTIYA, ACEH UTARA, ACEH",2,10,155,165
https://kawalpemilu.org#3211,"ALUE ANOU BARAT, BAKTIYA, ACEH UTARA, ACEH",3,15,140,155
https://kawalpemilu.org#3211,"ALUE ANOU BARAT, BAKTIYA, ACEH UTARA, ACEH",11,13,145,158
https://kawalpemilu.org#3211,"ALUE ANOU BARAT, BAKTIYA, ACEH UTARA, ACEH",13,15,140,155
https://kawalpemilu.org#3212,"PULO SEUKE, BAKTIYA, ACEH UTARA, ACEH",16,2,83,85
https://kawalpemilu.org#3213,"ALUE SERDANG, BAKTIYA, ACEH UTARA, ACEH",1,11,184,195
https://kawalpemilu.org#3215,"COT KUMBANG, BAKTIYA, ACEH UTARA, ACEH",9,11,186,197
https://kawalpemilu.org#3215,"COT KUMBANG, BAKTIYA, ACEH UTARA, ACEH",10,8,207,215
https://kawalpemilu.org#3216,"MATANG KUMBANG, BAKTIYA, ACEH UTARA, ACEH",1,8,162,170
https://kawalpemilu.org#3216,"MATANG KUMBANG, BAKTIYA, ACEH UTARA, ACEH",2,5,164,169
https://kawalpemilu.org#3216,"MATANG KUMBANG, BAKTIYA, ACEH UTARA, ACEH",5,10,175,185
https://kawalpemilu.org#3216,"MATANG KUMBANG, BAKTIYA, ACEH UTARA, ACEH",34,11,164,175
https://kawalpemilu.org#3216,"MATANG KUMBANG, BAKTIYA, ACEH UTARA, ACEH",35,11,172,183
https://kawalpemilu.org#3216,"MATANG KUMBANG, BAKTIYA, ACEH UTARA, ACEH",37,7,186,193
https://kawalpemilu.org#3217,"MATANG KAREUNG, BAKTIYA, ACEH UTARA, ACEH",77,3,177,180
https://kawalpemilu.org#3218,"COT ULAYA, BAKTIYA, ACEH UTARA, ACEH",1,7,81,88
https://kawalpemilu.org#3219,"ALUE GEUDONG, BAKTIYA, ACEH UTARA, ACEH",1,15,109,124
https://kawalpemilu.org#3220,"TANJONG GLUMPANG, BAKTIYA, ACEH UTARA, ACEH",2,16,184,200
https://kawalpemilu.org#3221,"MATANG RAYA TIMU, BAKTIYA, ACEH UTARA, ACEH",1,0,0,0
https://kawalpemilu.org#3221,"MATANG RAYA TIMU, BAKTIYA, ACEH UTARA, ACEH",2,3,162,165
https://kawalpemilu.org#3221,"MATANG RAYA TIMU, BAKTIYA, ACEH UTARA, ACEH",20,3,151,154
https://kawalpemilu.org#3222,"MATANG RAYA BARAT, BAKTIYA, ACEH UTARA, ACEH",1,0,0,0
https://kawalpemilu.org#3222,"MATANG RAYA BARAT, BAKTIYA, ACEH UTARA, ACEH",2,0,0,0
https://kawalpemilu.org#3222,"MATANG RAYA BARAT, BAKTIYA, ACEH UTARA, ACEH",22,4,213,217
https://kawalpemilu.org#3222,"MATANG RAYA BARAT, BAKTIYA, ACEH UTARA, ACEH",23,2,202,204
https://kawalpemilu.org#3223,"MATANG KELAYU, BAKTIYA, ACEH UTARA, ACEH",1,0,0,0
https://kawalpemilu.org#3223,"MATANG KELAYU, BAKTIYA, ACEH UTARA, ACEH",2,0,0,0
https://kawalpemilu.org#3223,"MATANG KELAYU, BAKTIYA, ACEH UTARA, ACEH",18,7,150,157
https://kawalpemilu.org#3223,"MATANG KELAYU, BAKTIYA, ACEH UTARA, ACEH",19,4,151,155
https://kawalpemilu.org#3224,"ALUE BUYA, BAKTIYA, ACEH UTARA, ACEH",25,8,181,189
https://kawalpemilu.org#3225,"MATANG CUT, BAKTIYA, ACEH UTARA, ACEH",1,0,0,0
https://kawalpemilu.org#3225,"MATANG CUT, BAKTIYA, ACEH UTARA, ACEH",2,0,0,0
https://kawalpemilu.org#3225,"MATANG CUT, BAKTIYA, ACEH UTARA, ACEH",26,0,128,128
https://kawalpemilu.org#3225,"MATANG CUT, BAKTIYA, ACEH UTARA, ACEH",27,3,192,195
https://kawalpemilu.org#3226,"KEUDE PANTEU BRUEH, BAKTIYA, ACEH UTARA, ACEH",61,22,214,236
https://kawalpemilu.org#3227,"MEUDANG ARA, BAKTIYA, ACEH UTARA, ACEH",60,16,189,205
https://kawalpemilu.org#3228,"MEUNASAH BUJOK, BAKTIYA, ACEH UTARA, ACEH",1,0,0,0
https://kawalpemilu.org#3228,"MEUNASAH BUJOK, BAKTIYA, ACEH UTARA, ACEH",2,0,0,0
https://kawalpemilu.org#3228,"MEUNASAH BUJOK, BAKTIYA, ACEH UTARA, ACEH",58,11,165,176
https://kawalpemilu.org#3228,"MEUNASAH BUJOK, BAKTIYA, ACEH UTARA, ACEH",59,17,149,166
https://kawalpemilu.org#3229,"ALUE DAMA, BAKTIYA, ACEH UTARA, ACEH",1,0,0,0
https://kawalpemilu.org#3229,"ALUE DAMA, BAKTIYA, ACEH UTARA, ACEH",2,0,0,0
https://kawalpemilu.org#3229,"ALUE DAMA, BAKTIYA, ACEH UTARA, ACEH",67,14,153,167
https://kawalpemilu.org#3229,"ALUE DAMA, BAKTIYA, ACEH UTARA, ACEH",68,13,137,150
https://kawalpemilu.org#3230,"COT ARA, BAKTIYA, ACEH UTARA, ACEH",66,3,173,176
https://kawalpemilu.org#3231,"RAMBONG DALAM, BAKTIYA, ACEH UTARA, ACEH",1,16,150,166
https://kawalpemilu.org#3231,"RAMBONG DALAM, BAKTIYA, ACEH UTARA, ACEH",2,8,149,157
https://kawalpemilu.org#3231,"RAMBONG DALAM, BAKTIYA, ACEH UTARA, ACEH",3,8,145,153
https://kawalpemilu.org#3232,"MEUNASAH GEUDONG, BAKTIYA, ACEH UTARA, ACEH",1,7,147,154
https://kawalpemilu.org#3232,"MEUNASAH GEUDONG, BAKTIYA, ACEH UTARA, ACEH",2,5,135,140
https://kawalpemilu.org#3232,"MEUNASAH GEUDONG, BAKTIYA, ACEH UTARA, ACEH",3,10,156,166
https://kawalpemilu.org#3232,"MEUNASAH GEUDONG, BAKTIYA, ACEH UTARA, ACEH",4,9,178,187
https://kawalpemilu.org#3233,"ALUE KEUTAPANG, BAKTIYA, ACEH UTARA, ACEH",53,11,181,192
https://kawalpemilu.org#3234,"KRUENG LINGKA BARAT, BAKTIYA, ACEH UTARA, ACEH",1,6,133,139
https://kawalpemilu.org#3234,"KRUENG LINGKA BARAT, BAKTIYA, ACEH UTARA, ACEH",2,9,124,133
https://kawalpemilu.org#3234,"KRUENG LINGKA BARAT, BAKTIYA, ACEH UTARA, ACEH",3,9,127,136
https://kawalpemilu.org#3234,"KRUENG LINGKA BARAT, BAKTIYA, ACEH UTARA, ACEH",45,6,133,139
https://kawalpemilu.org#3235,"KRUENG LINGKA TIMU, BAKTIYA, ACEH UTARA, ACEH",1,8,125,133
https://kawalpemilu.org#3236,"ALUE JAMOK, BAKTIYA, ACEH UTARA, ACEH",1,10,166,176
https://kawalpemilu.org#3236,"ALUE JAMOK, BAKTIYA, ACEH UTARA, ACEH",2,13,194,207
https://kawalpemilu.org#3236,"ALUE JAMOK, BAKTIYA, ACEH UTARA, ACEH",50,10,166,176
https://kawalpemilu.org#3236,"ALUE JAMOK, BAKTIYA, ACEH UTARA, ACEH",51,13,194,207
https://kawalpemilu.org#3237,"ALUE BILI GEULUMPANG, BAKTIYA, ACEH UTARA, ACEH",1,0,0,0
https://kawalpemilu.org#3237,"ALUE BILI GEULUMPANG, BAKTIYA, ACEH UTARA, ACEH",69,2,140,142
https://kawalpemilu.org#3237,"ALUE BILI GEULUMPANG, BAKTIYA, ACEH UTARA, ACEH",70,11,145,156
https://kawalpemilu.org#3237,"ALUE BILI GEULUMPANG, BAKTIYA, ACEH UTARA, ACEH",71,7,155,162
https://kawalpemilu.org#3238,"LHOK SEUTUY, BAKTIYA, ACEH UTARA, ACEH",1,15,141,156
https://kawalpemilu.org#3238,"LHOK SEUTUY, BAKTIYA, ACEH UTARA, ACEH",2,12,147,159
https://kawalpemilu.org#3238,"LHOK SEUTUY, BAKTIYA, ACEH UTARA, ACEH",3,7,134,141
https://kawalpemilu.org#3238,"LHOK SEUTUY, BAKTIYA, ACEH UTARA, ACEH",4,21,164,185
https://kawalpemilu.org#3238,"LHOK SEUTUY, BAKTIYA, ACEH UTARA, ACEH",44,21,163,184
https://kawalpemilu.org#3239,"ALUE BILI RAYEUK, BAKTIYA, ACEH UTARA, ACEH",1,0,0,0
https://kawalpemilu.org#3239,"ALUE BILI RAYEUK, BAKTIYA, ACEH UTARA, ACEH",2,0,0,0
https://kawalpemilu.org#3239,"ALUE BILI RAYEUK, BAKTIYA, ACEH UTARA, ACEH",3,0,0,0
https://kawalpemilu.org#3239,"ALUE BILI RAYEUK, BAKTIYA, ACEH UTARA, ACEH",4,0,0,0
https://kawalpemilu.org#3239,"ALUE BILI RAYEUK, BAKTIYA, ACEH UTARA, ACEH",5,0,0,0
https://kawalpemilu.org#3239,"ALUE BILI RAYEUK, BAKTIYA, ACEH UTARA, ACEH",72,15,108,123
https://kawalpemilu.org#3239,"ALUE BILI RAYEUK, BAKTIYA, ACEH UTARA, ACEH",73,12,151,163
https://kawalpemilu.org#3239,"ALUE BILI RAYEUK, BAKTIYA, ACEH UTARA, ACEH",74,15,169,184
https://kawalpemilu.org#3239,"ALUE BILI RAYEUK, BAKTIYA, ACEH UTARA, ACEH",75,8,131,139
https://kawalpemilu.org#3239,"ALUE BILI RAYEUK, BAKTIYA, ACEH UTARA, ACEH",76,15,120,135
https://kawalpemilu.org#3240,"KEUDE MENYEE IV, BAKTIYA, ACEH UTARA, ACEH",85,5,48,53
https://kawalpemilu.org#3241,"GEULUMPANG BUNGKOK, BAKTIYA, ACEH UTARA, ACEH",86,25,134,159
https://kawalpemilu.org#3242,"MATANG RAWA, BAKTIYA, ACEH UTARA, ACEH",81,3,109,112
https://kawalpemilu.org#3242,"MATANG RAWA, BAKTIYA, ACEH UTARA, ACEH",82,3,122,125
https://kawalpemilu.org#3243,"GLUMPANG SAMLAKOE, BAKTIYA, ACEH UTARA, ACEH",102,11,139,150
https://kawalpemilu.org#3243,"GLUMPANG SAMLAKOE, BAKTIYA, ACEH UTARA, ACEH",103,11,207,218
https://kawalpemilu.org#3243,"GLUMPANG SAMLAKOE, BAKTIYA, ACEH UTARA, ACEH",104,10,163,173
https://kawalpemilu.org#3244,"ARONGAN LISE, BAKTIYA, ACEH UTARA, ACEH",83,6,139,145
https://kawalpemilu.org#3244,"ARONGAN LISE, BAKTIYA, ACEH UTARA, ACEH",84,12,135,147
https://kawalpemilu.org#3245,"MATANG REUDEP, BAKTIYA, ACEH UTARA, ACEH",91,19,109,128
https://kawalpemilu.org#3245,"MATANG REUDEP, BAKTIYA, ACEH UTARA, ACEH",92,24,120,144
https://kawalpemilu.org#3246,"MATANG MANYAM, BAKTIYA, ACEH UTARA, ACEH",1,0,0,0
https://kawalpemilu.org#3246,"MATANG MANYAM, BAKTIYA, ACEH UTARA, ACEH",88,10,153,163
https://kawalpemilu.org#3247,"MATANG ULIM, BAKTIYA, ACEH UTARA, ACEH",1,0,0,0
https://kawalpemilu.org#3247,"MATANG ULIM, BAKTIYA, ACEH UTARA, ACEH",96,13,114,127
https://kawalpemilu.org#3247,"MATANG ULIM, BAKTIYA, ACEH UTARA, ACEH",97,28,108,136
https://kawalpemilu.org#3248,"MATANG BERINGIN, BAKTIYA, ACEH UTARA, ACEH",93,2,77,79
https://kawalpemilu.org#3249,"COT MANYANG, BAKTIYA, ACEH UTARA, ACEH",1,0,0,0
https://kawalpemilu.org#3249,"COT MANYANG, BAKTIYA, ACEH UTARA, ACEH",89,8,138,146
https://kawalpemilu.org#3249,"COT MANYANG, BAKTIYA, ACEH UTARA, ACEH",90,6,145,151
https://kawalpemilu.org#3250,"ALUE IE TAREK, BAKTIYA, ACEH UTARA, ACEH",80,2,220,222
https://kawalpemilu.org#3251,"ALUE RAMBONG, BAKTIYA, ACEH UTARA, ACEH",101,7,144,151
https://kawalpemilu.org#3252,"MATANG LINYA, BAKTIYA, ACEH UTARA, ACEH",87,19,155,174
https://kawalpemilu.org#3253,"MATANG LAWANG, BAKTIYA, ACEH UTARA, ACEH",2,0,0,0
https://kawalpemilu.org#3253,"MATANG LAWANG, BAKTIYA, ACEH UTARA, ACEH",78,31,92,123
https://kawalpemilu.org#3253,"MATANG LAWANG, BAKTIYA, ACEH UTARA, ACEH",79,16,92,108
https://kawalpemilu.org#3254,"GLUMPANG PAYONG, BAKTIYA, ACEH UTARA, ACEH",99,11,106,117
https://kawalpemilu.org#3254,"GLUMPANG PAYONG, BAKTIYA, ACEH UTARA, ACEH",100,16,129,145
https://kawalpemilu.org#3255,"MON SUKON, BAKTIYA, ACEH UTARA, ACEH",1,20,191,211
https://kawalpemilu.org#3256,"LUENG BATA, BAKTIYA, ACEH UTARA, ACEH",106,18,143,161
https://kawalpemilu.org#3257,"CEUMPEUDAK, BAKTIYA, ACEH UTARA, ACEH",94,19,110,129
https://kawalpemilu.org#3258,"BUKET DARA BARO, BAKTIYA, ACEH UTARA, ACEH",107,5,206,211
https://kawalpemilu.org#3259,"MATANG PINEUNG, BAKTIYA, ACEH UTARA, ACEH",1,0,0,0
https://kawalpemilu.org#3259,"MATANG PINEUNG, BAKTIYA, ACEH UTARA, ACEH",98,19,195,214
https://kawalpemilu.org#3260,"MATANG BARO, BAKTIYA, ACEH UTARA, ACEH",95,16,202,218
https://kawalpemilu.org#3261,"UJONG DAMA, BAKTIYA, ACEH UTARA, ACEH",1,2,115,117
https://kawalpemilu.org#3262,"BABUSSALAM, BAKTIYA, ACEH UTARA, ACEH",1,0,0,0
https://kawalpemilu.org#3262,"BABUSSALAM, BAKTIYA, ACEH UTARA, ACEH",2,0,0,0
https://kawalpemilu.org#3262,"BABUSSALAM, BAKTIYA, ACEH UTARA, ACEH",3,65,119,184
https://kawalpemilu.org#3262,"BABUSSALAM, BAKTIYA, ACEH UTARA, ACEH",4,0,0,0
https://kawalpemilu.org#3262,"BABUSSALAM, BAKTIYA, ACEH UTARA, ACEH",111,46,161,207
https://kawalpemilu.org#3262,"BABUSSALAM, BAKTIYA, ACEH UTARA, ACEH",112,43,157,200
https://kawalpemilu.org#3262,"BABUSSALAM, BAKTIYA, ACEH UTARA, ACEH",114,52,134,186
https://kawalpemilu.org#3263,"CINTA MAKMUR, BAKTIYA, ACEH UTARA, ACEH",2,0,0,0
https://kawalpemilu.org#3263,"CINTA MAKMUR, BAKTIYA, ACEH UTARA, ACEH",109,51,151,202
https://kawalpemilu.org#3263,"CINTA MAKMUR, BAKTIYA, ACEH UTARA, ACEH",110,40,166,206
https://kawalpemilu.org#3265,"KEUDE KR. GEUKUH, DEWANTARA, ACEH UTARA, ACEH",1,0,0,0
https://kawalpemilu.org#3265,"KEUDE KR. GEUKUH, DEWANTARA, ACEH UTARA, ACEH",2,12,127,139
https://kawalpemilu.org#3265,"KEUDE KR. GEUKUH, DEWANTARA, ACEH UTARA, ACEH",3,10,142,152
https://kawalpemilu.org#3265,"KEUDE KR. GEUKUH, DEWANTARA, ACEH UTARA, ACEH",4,0,0,0
https://kawalpemilu.org#3265,"KEUDE KR. GEUKUH, DEWANTARA, ACEH UTARA, ACEH",5,0,0,0
https://kawalpemilu.org#3265,"KEUDE KR. GEUKUH, DEWANTARA, ACEH UTARA, ACEH",8,15,137,152
https://kawalpemilu.org#3265,"KEUDE KR. GEUKUH, DEWANTARA, ACEH UTARA, ACEH",10,0,0,0
https://kawalpemilu.org#3265,"KEUDE KR. GEUKUH, DEWANTARA, ACEH UTARA, ACEH",11,35,163,197
https://kawalpemilu.org#3265,"KEUDE KR. GEUKUH, DEWANTARA, ACEH UTARA, ACEH",23,21,141,162
https://kawalpemilu.org#3265,"KEUDE KR. GEUKUH, DEWANTARA, ACEH UTARA, ACEH",26,16,157,173
https://kawalpemilu.org#3265,"KEUDE KR. GEUKUH, DEWANTARA, ACEH UTARA, ACEH",27,25,148,173
https://kawalpemilu.org#3265,"KEUDE KR. GEUKUH, DEWANTARA, ACEH UTARA, ACEH",28,21,157,178
https://kawalpemilu.org#3265,"KEUDE KR. GEUKUH, DEWANTARA, ACEH UTARA, ACEH",31,15,138,153
https://kawalpemilu.org#3265,"KEUDE KR. GEUKUH, DEWANTARA, ACEH UTARA, ACEH",32,15,138,153
https://kawalpemilu.org#3266,"TAMBON BAROH, DEWANTARA, ACEH UTARA, ACEH",14,8,194,202
https://kawalpemilu.org#3266,"TAMBON BAROH, DEWANTARA, ACEH UTARA, ACEH",81,9,193,202
https://kawalpemilu.org#3266,"TAMBON BAROH, DEWANTARA, ACEH UTARA, ACEH",82,4,188,192
https://kawalpemilu.org#3266,"TAMBON BAROH, DEWANTARA, ACEH UTARA, ACEH",83,13,163,176
https://kawalpemilu.org#3266,"TAMBON BAROH, DEWANTARA, ACEH UTARA, ACEH",84,13,207,220
https://kawalpemilu.org#3266,"TAMBON BAROH, DEWANTARA, ACEH UTARA, ACEH",85,12,184,196
https://kawalpemilu.org#3266,"TAMBON BAROH, DEWANTARA, ACEH UTARA, ACEH",86,8,176,184
https://kawalpemilu.org#3266,"TAMBON BAROH, DEWANTARA, ACEH UTARA, ACEH",87,20,186,206
https://kawalpemilu.org#3266,"TAMBON BAROH, DEWANTARA, ACEH UTARA, ACEH",88,12,204,216
https://kawalpemilu.org#3266,"TAMBON BAROH, DEWANTARA, ACEH UTARA, ACEH",89,7,191,198
https://kawalpemilu.org#3266,"TAMBON BAROH, DEWANTARA, ACEH UTARA, ACEH",90,8,143,151
https://kawalpemilu.org#3266,"TAMBON BAROH, DEWANTARA, ACEH UTARA, ACEH",91,9,156,165
https://kawalpemilu.org#3266,"TAMBON BAROH, DEWANTARA, ACEH UTARA, ACEH",92,5,187,192
https://kawalpemilu.org#3267,"TAMBON TUNONG, DEWANTARA, ACEH UTARA, ACEH",1,0,0,0
https://kawalpemilu.org#3267,"TAMBON TUNONG, DEWANTARA, ACEH UTARA, ACEH",2,0,0,0
https://kawalpemilu.org#3267,"TAMBON TUNONG, DEWANTARA, ACEH UTARA, ACEH",4,0,0,0
https://kawalpemilu.org#3267,"TAMBON TUNONG, DEWANTARA, ACEH UTARA, ACEH",5,0,0,0
https://kawalpemilu.org#3267,"TAMBON TUNONG, DEWANTARA, ACEH UTARA, ACEH",6,0,0,0
https://kawalpemilu.org#3267,"TAMBON TUNONG, DEWANTARA, ACEH UTARA, ACEH",8,0,0,0
https://kawalpemilu.org#3267,"TAMBON TUNONG, DEWANTARA, ACEH UTARA, ACEH",10,0,0,0
https://kawalpemilu.org#3267,"TAMBON TUNONG, DEWANTARA, ACEH UTARA, ACEH",12,6,166,172
https://kawalpemilu.org#3267,"TAMBON TUNONG, DEWANTARA, ACEH UTARA, ACEH",14,28,155,183
https://kawalpemilu.org#3267,"TAMBON TUNONG, DEWANTARA, ACEH UTARA, ACEH",94,11,156,167
https://kawalpemilu.org#3267,"TAMBON TUNONG, DEWANTARA, ACEH UTARA, ACEH",95,4,188,192
https://kawalpemilu.org#3267,"TAMBON TUNONG, DEWANTARA, ACEH UTARA, ACEH",96,11,194,205
https://kawalpemilu.org#3267,"TAMBON TUNONG, DEWANTARA, ACEH UTARA, ACEH",97,20,161,181
https://kawalpemilu.org#3267,"TAMBON TUNONG, DEWANTARA, ACEH UTARA, ACEH",98,8,195,203
https://kawalpemilu.org#3267,"TAMBON TUNONG, DEWANTARA, ACEH UTARA, ACEH",99,15,180,195
https://kawalpemilu.org#3267,"TAMBON TUNONG, DEWANTARA, ACEH UTARA, ACEH",101,7,160,167
https://kawalpemilu.org#3267,"TAMBON TUNONG, DEWANTARA, ACEH UTARA, ACEH",103,10,200,210
https://kawalpemilu.org#3267,"TAMBON TUNONG, DEWANTARA, ACEH UTARA, ACEH",104,16,172,188
https://kawalpemilu.org#3267,"TAMBON TUNONG, DEWANTARA, ACEH UTARA, ACEH",106,10,160,170
https://kawalpemilu.org#3268,"PALOH GADENG, DEWANTARA, ACEH UTARA, ACEH",1,0,0,0
https://kawalpemilu.org#3268,"PALOH GADENG, DEWANTARA, ACEH UTARA, ACEH",2,0,0,0
https://kawalpemilu.org#3268,"PALOH GADENG, DEWANTARA, ACEH UTARA, ACEH",5,0,0,0
https://kawalpemilu.org#3268,"PALOH GADENG, DEWANTARA, ACEH UTARA, ACEH",6,0,0,0
https://kawalpemilu.org#3268,"PALOH GADENG, DEWANTARA, ACEH UTARA, ACEH",7,0,0,0
https://kawalpemilu.org#3268,"PALOH GADENG, DEWANTARA, ACEH UTARA, ACEH",8,0,0,0
https://kawalpemilu.org#3268,"PALOH GADENG, DEWANTARA, ACEH UTARA, ACEH",9,0,0,0
https://kawalpemilu.org#3268,"PALOH GADENG, DEWANTARA, ACEH UTARA, ACEH",10,0,0,0
https://kawalpemilu.org#3268,"PALOH GADENG, DEWANTARA, ACEH UTARA, ACEH",11,0,0,0
https://kawalpemilu.org#3268,"PALOH GADENG, DEWANTARA, ACEH UTARA, ACEH",46,4,222,226
https://kawalpemilu.org#3268,"PALOH GADENG, DEWANTARA, ACEH UTARA, ACEH",47,0,0,0
https://kawalpemilu.org#3268,"PALOH GADENG, DEWANTARA, ACEH UTARA, ACEH",48,8,177,185
https://kawalpemilu.org#3268,"PALOH GADENG, DEWANTARA, ACEH UTARA, ACEH",50,3,178,181
https://kawalpemilu.org#3268,"PALOH GADENG, DEWANTARA, ACEH UTARA, ACEH",51,6,161,167
https://kawalpemilu.org#3268,"PALOH GADENG, DEWANTARA, ACEH UTARA, ACEH",52,9,131,140
https://kawalpemilu.org#3268,"PALOH GADENG, DEWANTARA, ACEH UTARA, ACEH",53,8,180,188
https://kawalpemilu.org#3268,"PALOH GADENG, DEWANTARA, ACEH UTARA, ACEH",54,12,162,174
https://kawalpemilu.org#3268,"PALOH GADENG, DEWANTARA, ACEH UTARA, ACEH",55,10,210,220
https://kawalpemilu.org#3268,"PALOH GADENG, DEWANTARA, ACEH UTARA, ACEH",56,10,223,233
https://kawalpemilu.org#3269,"PALOH LADA, DEWANTARA, ACEH UTARA, ACEH",1,0,0,0
https://kawalpemilu.org#3269,"PALOH LADA, DEWANTARA, ACEH UTARA, ACEH",3,0,0,0
https://kawalpemilu.org#3269,"PALOH LADA, DEWANTARA, ACEH UTARA, ACEH",4,0,0,0
https://kawalpemilu.org#3269,"PALOH LADA, DEWANTARA, ACEH UTARA, ACEH",5,0,0,0
https://kawalpemilu.org#3269,"PALOH LADA, DEWANTARA, ACEH UTARA, ACEH",6,11,214,225
https://kawalpemilu.org#3269,"PALOH LADA, DEWANTARA, ACEH UTARA, ACEH",10,0,0,0
https://kawalpemilu.org#3269,"PALOH LADA, DEWANTARA, ACEH UTARA, ACEH",12,0,0,0
https://kawalpemilu.org#3269,"PALOH LADA, DEWANTARA, ACEH UTARA, ACEH",13,0,0,0
https://kawalpemilu.org#3269,"PALOH LADA, DEWANTARA, ACEH UTARA, ACEH",14,0,0,0
https://kawalpemilu.org#3269,"PALOH LADA, DEWANTARA, ACEH UTARA, ACEH",15,0,0,0
https://kawalpemilu.org#3269,"PALOH LADA, DEWANTARA, ACEH UTARA, ACEH",60,15,184,199
https://kawalpemilu.org#3269,"PALOH LADA, DEWANTARA, ACEH UTARA, ACEH",61,9,213,222
https://kawalpemilu.org#3269,"PALOH LADA, DEWANTARA, ACEH UTARA, ACEH",62,13,201,214
https://kawalpemilu.org#3269,"PALOH LADA, DEWANTARA, ACEH UTARA, ACEH",63,18,208,226
https://kawalpemilu.org#3269,"PALOH LADA, DEWANTARA, ACEH UTARA, ACEH",64,13,204,217
https://kawalpemilu.org#3269,"PALOH LADA, DEWANTARA, ACEH UTARA, ACEH",65,11,214,225
https://kawalpemilu.org#3269,"PALOH LADA, DEWANTARA, ACEH UTARA, ACEH",66,18,202,220
https://kawalpemilu.org#3269,"PALOH LADA, DEWANTARA, ACEH UTARA, ACEH",67,10,214,224
https://kawalpemilu.org#3269,"PALOH LADA, DEWANTARA, ACEH UTARA, ACEH",68,30,192,222
https://kawalpemilu.org#3269,"PALOH LADA, DEWANTARA, ACEH UTARA, ACEH",71,8,203,211
https://kawalpemilu.org#3269,"PALOH LADA, DEWANTARA, ACEH UTARA, ACEH",72,15,184,199
https://kawalpemilu.org#3269,"PALOH LADA, DEWANTARA, ACEH UTARA, ACEH",73,8,182,190
https://kawalpemilu.org#3269,"PALOH LADA, DEWANTARA, ACEH UTARA, ACEH",74,17,183,200
https://kawalpemilu.org#3269,"PALOH LADA, DEWANTARA, ACEH UTARA, ACEH",75,7,203,210
https://kawalpemilu.org#3270,"UTEUN GELINGGANG, DEWANTARA, ACEH UTARA, ACEH",1,0,0,0
https://kawalpemilu.org#3270,"UTEUN GELINGGANG, DEWANTARA, ACEH UTARA, ACEH",4,0,0,0
https://kawalpemilu.org#3270,"UTEUN GELINGGANG, DEWANTARA, ACEH UTARA, ACEH",7,0,0,0
https://kawalpemilu.org#3270,"UTEUN GELINGGANG, DEWANTARA, ACEH UTARA, ACEH",8,0,0,0
https://kawalpemilu.org#3270,"UTEUN GELINGGANG, DEWANTARA, ACEH UTARA, ACEH",9,0,0,0
https://kawalpemilu.org#3270,"UTEUN GELINGGANG, DEWANTARA, ACEH UTARA, ACEH",10,3,44,47
https://kawalpemilu.org#3270,"UTEUN GELINGGANG, DEWANTARA, ACEH UTARA, ACEH",11,9,87,96
https://kawalpemilu.org#3270,"UTEUN GELINGGANG, DEWANTARA, ACEH UTARA, ACEH",118,9,183,192
https://kawalpemilu.org#3270,"UTEUN GELINGGANG, DEWANTARA, ACEH UTARA, ACEH",120,4,151,155
https://kawalpemilu.org#3270,"UTEUN GELINGGANG, DEWANTARA, ACEH UTARA, ACEH",121,8,164,172
https://kawalpemilu.org#3270,"UTEUN GELINGGANG, DEWANTARA, ACEH UTARA, ACEH",124,14,162,176
https://kawalpemilu.org#3270,"UTEUN GELINGGANG, DEWANTARA, ACEH UTARA, ACEH",125,13,137,150
https://kawalpemilu.org#3270,"UTEUN GELINGGANG, DEWANTARA, ACEH UTARA, ACEH",126,8,80,88
https://kawalpemilu.org#3270,"UTEUN GELINGGANG, DEWANTARA, ACEH UTARA, ACEH",127,3,44,47
https://kawalpemilu.org#3270,"UTEUN GELINGGANG, DEWANTARA, ACEH UTARA, ACEH",129,10,57,67
https://kawalpemilu.org#3270,"UTEUN GELINGGANG, DEWANTARA, ACEH UTARA, ACEH",130,7,147,154
https://kawalpemilu.org#3270,"UTEUN GELINGGANG, DEWANTARA, ACEH UTARA, ACEH",131,17,174,191
https://kawalpemilu.org#3271,"PULO RUNGKOM, DEWANTARA, ACEH UTARA, ACEH",1,0,0,0
https://kawalpemilu.org#3271,"PULO RUNGKOM, DEWANTARA, ACEH UTARA, ACEH",2,0,0,0
https://kawalpemilu.org#3271,"PULO RUNGKOM, DEWANTARA, ACEH UTARA, ACEH",3,0,0,0
https://kawalpemilu.org#3271,"PULO RUNGKOM, DEWANTARA, ACEH UTARA, ACEH",4,0,0,0
https://kawalpemilu.org#3271,"PULO RUNGKOM, DEWANTARA, ACEH UTARA, ACEH",76,19,128,147
https://kawalpemilu.org#3271,"PULO RUNGKOM, DEWANTARA, ACEH UTARA, ACEH",77,14,116,130
https://kawalpemilu.org#3271,"PULO RUNGKOM, DEWANTARA, ACEH UTARA, ACEH",78,12,159,171
https://kawalpemilu.org#3271,"PULO RUNGKOM, DEWANTARA, ACEH UTARA, ACEH",79,16,160,176
https://kawalpemilu.org#3272,"PALOH IGEUH, DEWANTARA, ACEH UTARA, ACEH",1,0,0,0
https://kawalpemilu.org#3272,"PALOH IGEUH, DEWANTARA, ACEH UTARA, ACEH",3,0,0,0
https://kawalpemilu.org#3272,"PALOH IGEUH, DEWANTARA, ACEH UTARA, ACEH",57,8,186,194
https://kawalpemilu.org#3272,"PALOH IGEUH, DEWANTARA, ACEH UTARA, ACEH",58,18,122,140
https://kawalpemilu.org#3272,"PALOH IGEUH, DEWANTARA, ACEH UTARA, ACEH",59,7,174,181
https://kawalpemilu.org#3273,"BANGKA JAYA, DEWANTARA, ACEH UTARA, ACEH",2,15,179,194
https://kawalpemilu.org#3273,"BANGKA JAYA, DEWANTARA, ACEH UTARA, ACEH",3,18,204,222
https://kawalpemilu.org#3273,"BANGKA JAYA, DEWANTARA, ACEH UTARA, ACEH",4,18,177,195
https://kawalpemilu.org#3273,"BANGKA JAYA, DEWANTARA, ACEH UTARA, ACEH",5,13,174,187
https://kawalpemilu.org#3273,"BANGKA JAYA, DEWANTARA, ACEH UTARA, ACEH",6,16,165,181
https://kawalpemilu.org#3273,"BANGKA JAYA, DEWANTARA, ACEH UTARA, ACEH",7,22,183,205
https://kawalpemilu.org#3273,"BANGKA JAYA, DEWANTARA, ACEH UTARA, ACEH",10,18,174,192
https://kawalpemilu.org#3274,"ULEE PULO, DEWANTARA, ACEH UTARA, ACEH",1,0,0,0
https://kawalpemilu.org#3274,"ULEE PULO, DEWANTARA, ACEH UTARA, ACEH",2,0,0,0
https://kawalpemilu.org#3274,"ULEE PULO, DEWANTARA, ACEH UTARA, ACEH",3,0,0,0
https://kawalpemilu.org#3274,"ULEE PULO, DEWANTARA, ACEH UTARA, ACEH",4,0,0,0
https://kawalpemilu.org#3274,"ULEE PULO, DEWANTARA, ACEH UTARA, ACEH",5,0,0,0
https://kawalpemilu.org#3274,"ULEE PULO, DEWANTARA, ACEH UTARA, ACEH",108,9,176,185
https://kawalpemilu.org#3274,"ULEE PULO, DEWANTARA, ACEH UTARA, ACEH",109,6,207,213
https://kawalpemilu.org#3274,"ULEE PULO, DEWANTARA, ACEH UTARA, ACEH",110,10,198,208
https://kawalpemilu.org#3274,"ULEE PULO, DEWANTARA, ACEH UTARA, ACEH",111,10,165,175
https://kawalpemilu.org#3274,"ULEE PULO, DEWANTARA, ACEH UTARA, ACEH",112,10,176,186
https://kawalpemilu.org#3274,"ULEE PULO, DEWANTARA, ACEH UTARA, ACEH",113,17,176,193
https://kawalpemilu.org#3275,"ULEE REULEUNG, DEWANTARA, ACEH UTARA, ACEH",115,6,148,154
https://kawalpemilu.org#3275,"ULEE REULEUNG, DEWANTARA, ACEH UTARA, ACEH",116,4,161,165
https://kawalpemilu.org#3275,"ULEE REULEUNG, DEWANTARA, ACEH UTARA, ACEH",117,7,146,153
https://kawalpemilu.org#3276,"GLUMPANG SULU TMR., DEWANTARA, ACEH UTARA, ACEH",2,0,0,0
https://kawalpemilu.org#3276,"GLUMPANG SULU TMR., DEWANTARA, ACEH UTARA, ACEH",3,0,0,0
https://kawalpemilu.org#3276,"GLUMPANG SULU TMR., DEWANTARA, ACEH UTARA, ACEH",4,0,0,0
https://kawalpemilu.org#3276,"GLUMPANG SULU TMR., DEWANTARA, ACEH UTARA, ACEH",20,4,186,190
https://kawalpemilu.org#3276,"GLUMPANG SULU TMR., DEWANTARA, ACEH UTARA, ACEH",21,8,191,199
https://kawalpemilu.org#3276,"GLUMPANG SULU TMR., DEWANTARA, ACEH UTARA, ACEH",22,3,194,197
https://kawalpemilu.org#3277,"GLUMPANG SULU BRT., DEWANTARA, ACEH UTARA, ACEH",1,0,0,0
https://kawalpemilu.org#3277,"GLUMPANG SULU BRT., DEWANTARA, ACEH UTARA, ACEH",2,0,0,0
https://kawalpemilu.org#3277,"GLUMPANG SULU BRT., DEWANTARA, ACEH UTARA, ACEH",3,0,0,0
https://kawalpemilu.org#3277,"GLUMPANG SULU BRT., DEWANTARA, ACEH UTARA, ACEH",4,0,0,0
https://kawalpemilu.org#3277,"GLUMPANG SULU BRT., DEWANTARA, ACEH UTARA, ACEH",15,9,205,214
https://kawalpemilu.org#3277,"GLUMPANG SULU BRT., DEWANTARA, ACEH UTARA, ACEH",16,7,213,220
https://kawalpemilu.org#3277,"GLUMPANG SULU BRT., DEWANTARA, ACEH UTARA, ACEH",17,10,220,230
https://kawalpemilu.org#3277,"GLUMPANG SULU BRT., DEWANTARA, ACEH UTARA, ACEH",18,12,230,242
https://kawalpemilu.org#3278,"BLUKA TEUBAI, DEWANTARA, ACEH UTARA, ACEH",2,24,205,229
https://kawalpemilu.org#3278,"BLUKA TEUBAI, DEWANTARA, ACEH UTARA, ACEH",3,0,0,0
https://kawalpemilu.org#3278,"BLUKA TEUBAI, DEWANTARA, ACEH UTARA, ACEH",4,0,0,0
https://kawalpemilu.org#3278,"BLUKA TEUBAI, DEWANTARA, ACEH UTARA, ACEH",11,20,215,235
https://kawalpemilu.org#3278,"BLUKA TEUBAI, DEWANTARA, ACEH UTARA, ACEH",13,21,188,209
https://kawalpemilu.org#3278,"BLUKA TEUBAI, DEWANTARA, ACEH UTARA, ACEH",14,22,222,244
https://kawalpemilu.org#3279,"LANCANG BARAT, DEWANTARA, ACEH UTARA, ACEH",1,10,192,202
https://kawalpemilu.org#3279,"LANCANG BARAT, DEWANTARA, ACEH UTARA, ACEH",4,0,0,0
https://kawalpemilu.org#3279,"LANCANG BARAT, DEWANTARA, ACEH UTARA, ACEH",7,11,189,200
https://kawalpemilu.org#3279,"LANCANG BARAT, DEWANTARA, ACEH UTARA, ACEH",8,0,0,0
https://kawalpemilu.org#3279,"LANCANG BARAT, DEWANTARA, ACEH UTARA, ACEH",9,0,0,0
https://kawalpemilu.org#3279,"LANCANG BARAT, DEWANTARA, ACEH UTARA, ACEH",10,0,0,0
https://kawalpemilu.org#3279,"LANCANG BARAT, DEWANTARA, ACEH UTARA, ACEH",11,9,194,203
https://kawalpemilu.org#3279,"LANCANG BARAT, DEWANTARA, ACEH UTARA, ACEH",35,6,187,193
https://kawalpemilu.org#3279,"LANCANG BARAT, DEWANTARA, ACEH UTARA, ACEH",36,9,186,195
https://kawalpemilu.org#3279,"LANCANG BARAT, DEWANTARA, ACEH UTARA, ACEH",37,9,184,193
https://kawalpemilu.org#3279,"LANCANG BARAT, DEWANTARA, ACEH UTARA, ACEH",38,10,225,235
https://kawalpemilu.org#3279,"LANCANG BARAT, DEWANTARA, ACEH UTARA, ACEH",41,5,186,191
https://kawalpemilu.org#3279,"LANCANG BARAT, DEWANTARA, ACEH UTARA, ACEH",42,9,199,208
https://kawalpemilu.org#3279,"LANCANG BARAT, DEWANTARA, ACEH UTARA, ACEH",43,5,188,193
https://kawalpemilu.org#3281,"MEUNASAH BLANG ARA, KUTA MAKMUR, ACEH UTARA, ACEH",2,0,0,0
https://kawalpemilu.org#3281,"MEUNASAH BLANG ARA, KUTA MAKMUR, ACEH UTARA, ACEH",13,24,111,135
https://kawalpemilu.org#3281,"MEUNASAH BLANG ARA, KUTA MAKMUR, ACEH UTARA, ACEH",14,20,120,140
https://kawalpemilu.org#3282,"MEUNASAH BUKET, KUTA MAKMUR, ACEH UTARA, ACEH",16,10,167,177
https://kawalpemilu.org#3282,"MEUNASAH BUKET, KUTA MAKMUR, ACEH UTARA, ACEH",17,13,146,159
https://kawalpemilu.org#3283,"BLANG TALON, KUTA MAKMUR, ACEH UTARA, ACEH",2,0,0,0
https://kawalpemilu.org#3283,"BLANG TALON, KUTA MAKMUR, ACEH UTARA, ACEH",22,15,170,185
https://kawalpemilu.org#3283,"BLANG TALON, KUTA MAKMUR, ACEH UTARA, ACEH",23,10,160,170
https://kawalpemilu.org#3284,"COT RHEU, KUTA MAKMUR, ACEH UTARA, ACEH",1,0,0,0
https://kawalpemilu.org#3284,"COT RHEU, KUTA MAKMUR, ACEH UTARA, ACEH",2,0,0,0
https://kawalpemilu.org#3284,"COT RHEU, KUTA MAKMUR, ACEH UTARA, ACEH",3,0,0,0
https://kawalpemilu.org#3284,"COT RHEU, KUTA MAKMUR, ACEH UTARA, ACEH",24,27,109,136
https://kawalpemilu.org#3284,"COT RHEU, KUTA MAKMUR, ACEH UTARA, ACEH",25,28,127,155
https://kawalpemilu.org#3284,"COT RHEU, KUTA MAKMUR, ACEH UTARA, ACEH",26,25,138,163
https://kawalpemilu.org#3285,"KRUENG MANYANG, KUTA MAKMUR, ACEH UTARA, ACEH",2,0,0,0
https://kawalpemilu.org#3285,"KRUENG MANYANG, KUTA MAKMUR, ACEH UTARA, ACEH",27,8,219,227
https://kawalpemilu.org#3285,"KRUENG MANYANG, KUTA MAKMUR, ACEH UTARA, ACEH",28,7,230,237
https://kawalpemilu.org#3286,"BAYU, KUTA MAKMUR, ACEH UTARA, ACEH",1,0,0,0
https://kawalpemilu.org#3286,"BAYU, KUTA MAKMUR, ACEH UTARA, ACEH",2,0,0,0
https://kawalpemilu.org#3286,"BAYU, KUTA MAKMUR, ACEH UTARA, ACEH",3,0,0,0
https://kawalpemilu.org#3286,"BAYU, KUTA MAKMUR, ACEH UTARA, ACEH",29,21,111,132
https://kawalpemilu.org#3286,"BAYU, KUTA MAKMUR, ACEH UTARA, ACEH",30,15,123,138
https://kawalpemilu.org#3286,"BAYU, KUTA MAKMUR, ACEH UTARA, ACEH",31,12,124,136
https://kawalpemilu.org#3287,"BLANG ADO, KUTA MAKMUR, ACEH UTARA, ACEH",2,0,0,0
https://kawalpemilu.org#3287,"BLANG ADO, KUTA MAKMUR, ACEH UTARA, ACEH",32,9,201,210
https://kawalpemilu.org#3287,"BLANG ADO, KUTA MAKMUR, ACEH UTARA, ACEH",33,15,175,190
https://kawalpemilu.org#3288,"MNSH DAYAH MEUNARA, KUTA MAKMUR, ACEH UTARA, ACEH",1,0,0,0
https://kawalpemilu.org#3288,"MNSH DAYAH MEUNARA, KUTA MAKMUR, ACEH UTARA, ACEH",2,0,0,0
https://kawalpemilu.org#3288,"MNSH DAYAH MEUNARA, KUTA MAKMUR, ACEH UTARA, ACEH",3,0,0,0
https://kawalpemilu.org#3288,"MNSH DAYAH MEUNARA, KUTA MAKMUR, ACEH UTARA, ACEH",34,11,129,140
https://kawalpemilu.org#3288,"MNSH DAYAH MEUNARA, KUTA MAKMUR, ACEH UTARA, ACEH",35,11,129,140
https://kawalpemilu.org#3288,"MNSH DAYAH MEUNARA, KUTA MAKMUR, ACEH UTARA, ACEH",36,9,135,144
https://kawalpemilu.org#3289,"MEUNASAH KUMBANG, KUTA MAKMUR, ACEH UTARA, ACEH",1,0,0,0
https://kawalpemilu.org#3289,"MEUNASAH KUMBANG, KUTA MAKMUR, ACEH UTARA, ACEH",2,0,0,0
https://kawalpemilu.org#3289,"MEUNASAH KUMBANG, KUTA MAKMUR, ACEH UTARA, ACEH",38,27,99,126
https://kawalpemilu.org#3290,"MEUNYECUT BAHAGIA, KUTA MAKMUR, ACEH UTARA, ACEH",1,0,0,0
https://kawalpemilu.org#3290,"MEUNYECUT BAHAGIA, KUTA MAKMUR, ACEH UTARA, ACEH",21,14,150,164
https://kawalpemilu.org#3291,"LHOK JOK, KUTA MAKMUR, ACEH UTARA, ACEH",1,0,0,0
https://kawalpemilu.org#3291,"LHOK JOK, KUTA MAKMUR, ACEH UTARA, ACEH",2,0,0,0
https://kawalpemilu.org#3291,"LHOK JOK, KUTA MAKMUR, ACEH UTARA, ACEH",3,0,0,0
https://kawalpemilu.org#3291,"LHOK JOK, KUTA MAKMUR, ACEH UTARA, ACEH",10,25,143,168
https://kawalpemilu.org#3291,"LHOK JOK, KUTA MAKMUR, ACEH UTARA, ACEH",11,7,151,158
https://kawalpemilu.org#3291,"LHOK JOK, KUTA MAKMUR, ACEH UTARA, ACEH",12,24,146,170
https://kawalpemilu.org#3292,"ALUE RAMBEE, KUTA MAKMUR, ACEH UTARA, ACEH",1,0,0,0
https://kawalpemilu.org#3292,"ALUE RAMBEE, KUTA MAKMUR, ACEH UTARA, ACEH",2,0,0,0
https://kawalpemilu.org#3292,"ALUE RAMBEE, KUTA MAKMUR, ACEH UTARA, ACEH",8,15,137,152
https://kawalpemilu.org#3292,"ALUE RAMBEE, KUTA MAKMUR, ACEH UTARA, ACEH",9,16,150,166
https://kawalpemilu.org#3293,"BLANG RIEK, KUTA MAKMUR, ACEH UTARA, ACEH",1,0,0,0
https://kawalpemilu.org#3293,"BLANG RIEK, KUTA MAKMUR, ACEH UTARA, ACEH",2,20,166,186
https://kawalpemilu.org#3293,"BLANG RIEK, KUTA MAKMUR, ACEH UTARA, ACEH",3,16,163,179
https://kawalpemilu.org#3294,"CEMPEUDAK, KUTA MAKMUR, ACEH UTARA, ACEH",1,16,134,150
https://kawalpemilu.org#3294,"CEMPEUDAK, KUTA MAKMUR, ACEH UTARA, ACEH",2,0,0,0
https://kawalpemilu.org#3294,"CEMPEUDAK, KUTA MAKMUR, ACEH UTARA, ACEH",5,23,144,167
https://kawalpemilu.org#3294,"CEMPEUDAK, KUTA MAKMUR, ACEH UTARA, ACEH",6,20,142,162
https://kawalpemilu.org#3295,"SEUNEUBOK DRIEN, KUTA MAKMUR, ACEH UTARA, ACEH",1,0,0,0
https://kawalpemilu.org#3295,"SEUNEUBOK DRIEN, KUTA MAKMUR, ACEH UTARA, ACEH",7,17,169,186
https://kawalpemilu.org#3296,"COT MERBO, KUTA MAKMUR, ACEH UTARA, ACEH",1,0,0,0
https://kawalpemilu.org#3296,"COT MERBO, KUTA MAKMUR, ACEH UTARA, ACEH",2,0,0,0
https://kawalpemilu.org#3296,"COT MERBO, KUTA MAKMUR, ACEH UTARA, ACEH",3,0,0,0
https://kawalpemilu.org#3296,"COT MERBO, KUTA MAKMUR, ACEH UTARA, ACEH",18,14,205,219
https://kawalpemilu.org#3296,"COT MERBO, KUTA MAKMUR, ACEH UTARA, ACEH",19,24,193,217
https://kawalpemilu.org#3296,"COT MERBO, KUTA MAKMUR, ACEH UTARA, ACEH",20,17,211,228
https://kawalpemilu.org#3297,"KEUDE BLANG ARA, KUTA MAKMUR, ACEH UTARA, ACEH",1,0,0,0
https://kawalpemilu.org#3298,"KEUDE KRUENG, KUTA MAKMUR, ACEH UTARA, ACEH",1,0,0,0
https://kawalpemilu.org#3298,"KEUDE KRUENG, KUTA MAKMUR, ACEH UTARA, ACEH",2,0,0,0
https://kawalpemilu.org#3298,"KEUDE KRUENG, KUTA MAKMUR, ACEH UTARA, ACEH",42,21,96,117
https://kawalpemilu.org#3298,"KEUDE KRUENG, KUTA MAKMUR, ACEH UTARA, ACEH",43,12,101,113
https://kawalpemilu.org#3299,"KRUENG SEUNONG, KUTA MAKMUR, ACEH UTARA, ACEH",1,0,0,0
https://kawalpemilu.org#3299,"KRUENG SEUNONG, KUTA MAKMUR, ACEH UTARA, ACEH",2,0,0,0
https://kawalpemilu.org#3299,"KRUENG SEUNONG, KUTA MAKMUR, ACEH UTARA, ACEH",3,0,0,0
https://kawalpemilu.org#3299,"KRUENG SEUNONG, KUTA MAKMUR, ACEH UTARA, ACEH",4,0,0,0
https://kawalpemilu.org#3299,"KRUENG SEUNONG, KUTA MAKMUR, ACEH UTARA, ACEH",44,14,145,159
https://kawalpemilu.org#3299,"KRUENG SEUNONG, KUTA MAKMUR, ACEH UTARA, ACEH",45,10,152,162
https://kawalpemilu.org#3299,"KRUENG SEUNONG, KUTA MAKMUR, ACEH UTARA, ACEH",46,10,151,161
https://kawalpemilu.org#3299,"KRUENG SEUNONG, KUTA MAKMUR, ACEH UTARA, ACEH",47,12,146,158
https://kawalpemilu.org#3300,"PULO IBOIH, KUTA MAKMUR, ACEH UTARA, ACEH",1,0,0,0
https://kawalpemilu.org#3300,"PULO IBOIH, KUTA MAKMUR, ACEH UTARA, ACEH",2,0,0,0
https://kawalpemilu.org#3300,"PULO IBOIH, KUTA MAKMUR, ACEH UTARA, ACEH",48,13,120,133
https://kawalpemilu.org#3300,"PULO IBOIH, KUTA MAKMUR, ACEH UTARA, ACEH",49,7,106,113
https://kawalpemilu.org#3301,"BLANG GURAH, KUTA MAKMUR, ACEH UTARA, ACEH",1,0,0,0
https://kawalpemilu.org#3301,"BLANG GURAH, KUTA MAKMUR, ACEH UTARA, ACEH",2,0,0,0
https://kawalpemilu.org#3301,"BLANG GURAH, KUTA MAKMUR, ACEH UTARA, ACEH",50,18,122,140
https://kawalpemilu.org#3301,"BLANG GURAH, KUTA MAKMUR, ACEH UTARA, ACEH",51,11,131,142
https://kawalpemilu.org#3302,"GUHA ULEU, KUTA MAKMUR, ACEH UTARA, ACEH",1,0,0,0
https://kawalpemilu.org#3302,"GUHA ULEU, KUTA MAKMUR, ACEH UTARA, ACEH",2,0,0,0
https://kawalpemilu.org#3302,"GUHA ULEU, KUTA MAKMUR, ACEH UTARA, ACEH",52,47,119,166
https://kawalpemilu.org#3302,"GUHA ULEU, KUTA MAKMUR, ACEH UTARA, ACEH",53,73,108,181
https://kawalpemilu.org#3303,"CEUMEUCAT, KUTA MAKMUR, ACEH UTARA, ACEH",1,0,0,0
https://kawalpemilu.org#3303,"CEUMEUCAT, KUTA MAKMUR, ACEH UTARA, ACEH",2,0,0,0
https://kawalpemilu.org#3303,"CEUMEUCAT, KUTA MAKMUR, ACEH UTARA, ACEH",54,11,170,181
https://kawalpemilu.org#3303,"CEUMEUCAT, KUTA MAKMUR, ACEH UTARA, ACEH",55,17,129,146
https://kawalpemilu.org#3304,"PULO BARAT, KUTA MAKMUR, ACEH UTARA, ACEH",1,0,0,0
https://kawalpemilu.org#3304,"PULO BARAT, KUTA MAKMUR, ACEH UTARA, ACEH",2,0,0,0
https://kawalpemilu.org#3304,"PULO BARAT, KUTA MAKMUR, ACEH UTARA, ACEH",40,23,141,164
https://kawalpemilu.org#3304,"PULO BARAT, KUTA MAKMUR, ACEH UTARA, ACEH",41,25,140,165
https://kawalpemilu.org#3306,"COT SEUTUI, KUTA MAKMUR, ACEH UTARA, ACEH",1,0,0,0
https://kawalpemilu.org#3306,"COT SEUTUI, KUTA MAKMUR, ACEH UTARA, ACEH",2,0,0,0
https://kawalpemilu.org#3306,"COT SEUTUI, KUTA MAKMUR, ACEH UTARA, ACEH",59,12,192,204
https://kawalpemilu.org#3306,"COT SEUTUI, KUTA MAKMUR, ACEH UTARA, ACEH",60,7,217,224
https://kawalpemilu.org#3307,"LANGKUTA, KUTA MAKMUR, ACEH UTARA, ACEH",69,24,215,239
https://kawalpemilu.org#3308,"SAWEUK, KUTA MAKMUR, ACEH UTARA, ACEH",1,0,0,0
https://kawalpemilu.org#3308,"SAWEUK, KUTA MAKMUR, ACEH UTARA, ACEH",70,6,126,132
https://kawalpemilu.org#3309,"MEURIYA, KUTA MAKMUR, ACEH UTARA, ACEH",1,0,0,0
https://kawalpemilu.org#3309,"MEURIYA, KUTA MAKMUR, ACEH UTARA, ACEH",61,14,163,177
https://kawalpemilu.org#3310,"MEUNASAH KULAM, KUTA MAKMUR, ACEH UTARA, ACEH",63,13,126,139
https://kawalpemilu.org#3310,"MEUNASAH KULAM, KUTA MAKMUR, ACEH UTARA, ACEH",64,17,137,154
https://kawalpemilu.org#3311,"COT SEUMIYONG, KUTA MAKMUR, ACEH UTARA, ACEH",1,0,0,0
https://kawalpemilu.org#3311,"COT SEUMIYONG, KUTA MAKMUR, ACEH UTARA, ACEH",62,30,137,167
https://kawalpemilu.org#3312,"KEUREUSEK, KUTA MAKMUR, ACEH UTARA, ACEH",2,0,0,0
https://kawalpemilu.org#3312,"KEUREUSEK, KUTA MAKMUR, ACEH UTARA, ACEH",67,21,144,165
https://kawalpemilu.org#3312,"KEUREUSEK, KUTA MAKMUR, ACEH UTARA, ACEH",68,21,144,165
https://kawalpemilu.org#3313,"KRUENG SEUPENG, KUTA MAKMUR, ACEH UTARA, ACEH",1,0,0,0
https://kawalpemilu.org#3313,"KRUENG SEUPENG, KUTA MAKMUR, ACEH UTARA, ACEH",65,7,146,153
https://kawalpemilu.org#3313,"KRUENG SEUPENG, KUTA MAKMUR, ACEH UTARA, ACEH",66,7,150,157
https://kawalpemilu.org#3314,"MEULING MANYANG, KUTA MAKMUR, ACEH UTARA, ACEH",2,0,0,0
https://kawalpemilu.org#3314,"MEULING MANYANG, KUTA MAKMUR, ACEH UTARA, ACEH",57,10,158,168
https://kawalpemilu.org#3314,"MEULING MANYANG, KUTA MAKMUR, ACEH UTARA, ACEH",58,5,152,157
https://kawalpemilu.org#3315,"MULING MEUCAT, KUTA MAKMUR, ACEH UTARA, ACEH",56,16,203,219
https://kawalpemilu.org#3316,"BABAH LUENG, KUTA MAKMUR, ACEH UTARA, ACEH",1,0,0,0
https://kawalpemilu.org#3316,"BABAH LUENG, KUTA MAKMUR, ACEH UTARA, ACEH",71,35,187,222
https://kawalpemilu.org#3317,"PANTON RAYEUK I, KUTA MAKMUR, ACEH UTARA, ACEH",1,0,0,0
https://kawalpemilu.org#3317,"PANTON RAYEUK I, KUTA MAKMUR, ACEH UTARA, ACEH",72,22,155,177
https://kawalpemilu.org#3317,"PANTON RAYEUK I, KUTA MAKMUR, ACEH UTARA, ACEH",73,23,152,175
https://kawalpemilu.org#3318,"PANTON REYAEUK II, KUTA MAKMUR, ACEH UTARA, ACEH",1,0,0,0
https://kawalpemilu.org#3318,"PANTON REYAEUK II, KUTA MAKMUR, ACEH UTARA, ACEH",74,12,105,117
https://kawalpemilu.org#3319,"SIDO MULIYO, KUTA MAKMUR, ACEH UTARA, ACEH",1,0,0,0
https://kawalpemilu.org#3319,"SIDO MULIYO, KUTA MAKMUR, ACEH UTARA, ACEH",2,0,0,0
https://kawalpemilu.org#3319,"SIDO MULIYO, KUTA MAKMUR, ACEH UTARA, ACEH",3,0,0,0
https://kawalpemilu.org#3319,"SIDO MULIYO, KUTA MAKMUR, ACEH UTARA, ACEH",4,0,0,0
https://kawalpemilu.org#3319,"SIDO MULIYO, KUTA MAKMUR, ACEH UTARA, ACEH",6,0,0,0
https://kawalpemilu.org#3319,"SIDO MULIYO, KUTA MAKMUR, ACEH UTARA, ACEH",7,0,0,0
https://kawalpemilu.org#3319,"SIDO MULIYO, KUTA MAKMUR, ACEH UTARA, ACEH",9,0,0,0
https://kawalpemilu.org#3319,"SIDO MULIYO, KUTA MAKMUR, ACEH UTARA, ACEH",10,0,0,0
https://kawalpemilu.org#3319,"SIDO MULIYO, KUTA MAKMUR, ACEH UTARA, ACEH",11,0,0,0
https://kawalpemilu.org#3319,"SIDO MULIYO, KUTA MAKMUR, ACEH UTARA, ACEH",12,0,0,0
https://kawalpemilu.org#3319,"SIDO MULIYO, KUTA MAKMUR, ACEH UTARA, ACEH",75,6,166,172
https://kawalpemilu.org#3319,"SIDO MULIYO, KUTA MAKMUR, ACEH UTARA, ACEH",76,8,163,171
https://kawalpemilu.org#3319,"SIDO MULIYO, KUTA MAKMUR, ACEH UTARA, ACEH",77,17,134,151
https://kawalpemilu.org#3319,"SIDO MULIYO, KUTA MAKMUR, ACEH UTARA, ACEH",78,6,152,158
https://kawalpemilu.org#3319,"SIDO MULIYO, KUTA MAKMUR, ACEH UTARA, ACEH",80,11,144,155
https://kawalpemilu.org#3319,"SIDO MULIYO, KUTA MAKMUR, ACEH UTARA, ACEH",81,8,162,170
https://kawalpemilu.org#3319,"SIDO MULIYO, KUTA MAKMUR, ACEH UTARA, ACEH",83,8,122,129
https://kawalpemilu.org#3319,"SIDO MULIYO, KUTA MAKMUR, ACEH UTARA, ACEH",84,8,132,140
https://kawalpemilu.org#3319,"SIDO MULIYO, KUTA MAKMUR, ACEH UTARA, ACEH",85,9,131,140
https://kawalpemilu.org#3319,"SIDO MULIYO, KUTA MAKMUR, ACEH UTARA, ACEH",86,5,203,208
https://kawalpemilu.org#3321,"KOTA LHOKSUKON, LHOKSUKON, ACEH UTARA, ACEH",1,0,0,0
https://kawalpemilu.org#3321,"KOTA LHOKSUKON, LHOKSUKON, ACEH UTARA, ACEH",2,33,162,195
https://kawalpemilu.org#3321,"KOTA LHOKSUKON, LHOKSUKON, ACEH UTARA, ACEH",4,10,155,165
https://kawalpemilu.org#3321,"KOTA LHOKSUKON, LHOKSUKON, ACEH UTARA, ACEH",5,29,154,183
https://kawalpemilu.org#3321,"KOTA LHOKSUKON, LHOKSUKON, ACEH UTARA, ACEH",8,6,114,120
https://kawalpemilu.org#3321,"KOTA LHOKSUKON, LHOKSUKON, ACEH UTARA, ACEH",75,33,162,195
https://kawalpemilu.org#3321,"KOTA LHOKSUKON, LHOKSUKON, ACEH UTARA, ACEH",76,20,180,200
https://kawalpemilu.org#3321,"KOTA LHOKSUKON, LHOKSUKON, ACEH UTARA, ACEH",77,10,155,165
https://kawalpemilu.org#3321,"KOTA LHOKSUKON, LHOKSUKON, ACEH UTARA, ACEH",79,38,136,174
https://kawalpemilu.org#3321,"KOTA LHOKSUKON, LHOKSUKON, ACEH UTARA, ACEH",80,33,169,202
https://kawalpemilu.org#3321,"KOTA LHOKSUKON, LHOKSUKON, ACEH UTARA, ACEH",150,6,114,120
https://kawalpemilu.org#3321,"KOTA LHOKSUKON, LHOKSUKON, ACEH UTARA, ACEH",151,3,103,106
https://kawalpemilu.org#3323,"COT U SIBAK, LHOKSUKON, ACEH UTARA, ACEH",2,21,109,130
https://kawalpemilu.org#3323,"COT U SIBAK, LHOKSUKON, ACEH UTARA, ACEH",55,11,117,128
https://kawalpemilu.org#3323,"COT U SIBAK, LHOKSUKON, ACEH UTARA, ACEH",56,21,109,130
https://kawalpemilu.org#3324,"BINTANG HU, LHOKSUKON, ACEH UTARA, ACEH",27,15,165,180
https://kawalpemilu.org#3324,"BINTANG HU, LHOKSUKON, ACEH UTARA, ACEH",28,18,165,183
https://kawalpemilu.org#3324,"BINTANG HU, LHOKSUKON, ACEH UTARA, ACEH",29,14,163,177
https://kawalpemilu.org#3324,"BINTANG HU, LHOKSUKON, ACEH UTARA, ACEH",30,13,178,191
https://kawalpemilu.org#3325,"BLANG AMAN, LHOKSUKON, ACEH UTARA, ACEH",2,3,131,134
https://kawalpemilu.org#3326,"COT ARA, LHOKSUKON, ACEH UTARA, ACEH",1,15,140,155
https://kawalpemilu.org#3327,"BLANG RUBEK, LHOKSUKON, ACEH UTARA, ACEH",1,7,194,201
https://kawalpemilu.org#3328,"NGA MATANG UBI, LHOKSUKON, ACEH UTARA, ACEH",2,0,0,0
https://kawalpemilu.org#3328,"NGA MATANG UBI, LHOKSUKON, ACEH UTARA, ACEH",4,0,0,0
https://kawalpemilu.org#3328,"NGA MATANG UBI, LHOKSUKON, ACEH UTARA, ACEH",110,12,156,168
https://kawalpemilu.org#3328,"NGA MATANG UBI, LHOKSUKON, ACEH UTARA, ACEH",111,23,114,137
https://kawalpemilu.org#3328,"NGA MATANG UBI, LHOKSUKON, ACEH UTARA, ACEH",112,24,119,143
https://kawalpemilu.org#3328,"NGA MATANG UBI, LHOKSUKON, ACEH UTARA, ACEH",113,19,126,145
https://kawalpemilu.org#3328,"NGA MATANG UBI, LHOKSUKON, ACEH UTARA, ACEH",114,18,132,150
https://kawalpemilu.org#3329,"REUDEP, LHOKSUKON, ACEH UTARA, ACEH",3,25,139,164
https://kawalpemilu.org#3329,"REUDEP, LHOKSUKON, ACEH UTARA, ACEH",126,25,156,181
https://kawalpemilu.org#3329,"REUDEP, LHOKSUKON, ACEH UTARA, ACEH",127,18,178,196
https://kawalpemilu.org#3329,"REUDEP, LHOKSUKON, ACEH UTARA, ACEH",129,19,180,199
https://kawalpemilu.org#3330,"ALUE BUKET, LHOKSUKON, ACEH UTARA, ACEH",1,0,0,0
https://kawalpemilu.org#3330,"ALUE BUKET, LHOKSUKON, ACEH UTARA, ACEH",5,13,172,185
https://kawalpemilu.org#3330,"ALUE BUKET, LHOKSUKON, ACEH UTARA, ACEH",6,15,156,171
https://kawalpemilu.org#3330,"ALUE BUKET, LHOKSUKON, ACEH UTARA, ACEH",7,16,145,161
https://kawalpemilu.org#3331,"MEUNYEU MATANG UBI, LHOKSUKON, ACEH UTARA, ACEH",2,0,0,0
https://kawalpemilu.org#3331,"MEUNYEU MATANG UBI, LHOKSUKON, ACEH UTARA, ACEH",3,0,0,0
https://kawalpemilu.org#3331,"MEUNYEU MATANG UBI, LHOKSUKON, ACEH UTARA, ACEH",101,22,128,150
https://kawalpemilu.org#3331,"MEUNYEU MATANG UBI, LHOKSUKON, ACEH UTARA, ACEH",102,15,134,149
https://kawalpemilu.org#3331,"MEUNYEU MATANG UBI, LHOKSUKON, ACEH UTARA, ACEH",103,13,162,175
https://kawalpemilu.org#3332,"TRIENG MATANG UBI, LHOKSUKON, ACEH UTARA, ACEH",137,22,176,198
https://kawalpemilu.org#3332,"TRIENG MATANG UBI, LHOKSUKON, ACEH UTARA, ACEH",138,23,152,175
https://kawalpemilu.org#3332,"TRIENG MATANG UBI, LHOKSUKON, ACEH UTARA, ACEH",139,17,146,163
https://kawalpemilu.org#3332,"TRIENG MATANG UBI, LHOKSUKON, ACEH UTARA, ACEH",140,15,144,159
https://kawalpemilu.org#3333,"CEUBREK, LHOKSUKON, ACEH UTARA, ACEH",3,0,0,0
https://kawalpemilu.org#3333,"CEUBREK, LHOKSUKON, ACEH UTARA, ACEH",49,22,180,202
https://kawalpemilu.org#3333,"CEUBREK, LHOKSUKON, ACEH UTARA, ACEH",50,10,188,198
https://kawalpemilu.org#3333,"CEUBREK, LHOKSUKON, ACEH UTARA, ACEH",51,18,159,177
https://kawalpemilu.org#3334,"BLANG, LHOKSUKON, ACEH UTARA, ACEH",3,0,0,0
https://kawalpemilu.org#3334,"BLANG, LHOKSUKON, ACEH UTARA, ACEH",31,20,187,207
https://kawalpemilu.org#3334,"BLANG, LHOKSUKON, ACEH UTARA, ACEH",32,20,198,218
https://kawalpemilu.org#3334,"BLANG, LHOKSUKON, ACEH UTARA, ACEH",33,16,202,218
https://kawalpemilu.org#3335,"BUKET SEUNTANG, LHOKSUKON, ACEH UTARA, ACEH",1,19,47,66
https://kawalpemilu.org#3335,"BUKET SEUNTANG, LHOKSUKON, ACEH UTARA, ACEH",46,19,47,66
https://kawalpemilu.org#3336,"ARONGAN ARA BUNGKOK, LHOKSUKON, ACEH UTARA, ACEH",15,11,99,110
https://kawalpemilu.org#3337,"TRIENG PANTANG, LHOKSUKON, ACEH UTARA, ACEH",1,15,121,136
https://kawalpemilu.org#3337,"TRIENG PANTANG, LHOKSUKON, ACEH UTARA, ACEH",2,23,128,151
https://kawalpemilu.org#3337,"TRIENG PANTANG, LHOKSUKON, ACEH UTARA, ACEH",3,23,143,166
https://kawalpemilu.org#3337,"TRIENG PANTANG, LHOKSUKON, ACEH UTARA, ACEH",142,23,128,151
https://kawalpemilu.org#3338,"LEUBOK, LHOKSUKON, ACEH UTARA, ACEH",1,0,0,0
https://kawalpemilu.org#3338,"LEUBOK, LHOKSUKON, ACEH UTARA, ACEH",84,13,124,137
https://kawalpemilu.org#3338,"LEUBOK, LHOKSUKON, ACEH UTARA, ACEH",85,5,133,138
https://kawalpemilu.org#3339,"COT GLUMPANG, LHOKSUKON, ACEH UTARA, ACEH",54,4,116,120
https://kawalpemilu.org#3340,"ABEUK LEUPON, LHOKSUKON, ACEH UTARA, ACEH",1,16,102,118
https://kawalpemilu.org#3341,"ARA, LHOKSUKON, ACEH UTARA, ACEH",13,12,125,137
https://kawalpemilu.org#3341,"ARA, LHOKSUKON, ACEH UTARA, ACEH",14,19,144,163
https://kawalpemilu.org#3342,"MANCANG, LHOKSUKON, ACEH UTARA, ACEH",89,14,163,177
https://kawalpemilu.org#3342,"MANCANG, LHOKSUKON, ACEH UTARA, ACEH",90,20,189,209
https://kawalpemilu.org#3343,"MATANG PUPANJI, LHOKSUKON, ACEH UTARA, ACEH",97,17,118,135
https://kawalpemilu.org#3344,"ASAN ARA BUNGKOK, LHOKSUKON, ACEH UTARA, ACEH",1,0,0,0
https://kawalpemilu.org#3344,"ASAN ARA BUNGKOK, LHOKSUKON, ACEH UTARA, ACEH",3,2,170,172
https://kawalpemilu.org#3344,"ASAN ARA BUNGKOK, LHOKSUKON, ACEH UTARA, ACEH",17,15,192,207
https://kawalpemilu.org#3345,"MATANG TEUNGOH AB, LHOKSUKON, ACEH UTARA, ACEH",98,6,184,190
https://kawalpemilu.org#3345,"MATANG TEUNGOH AB, LHOKSUKON, ACEH UTARA, ACEH",99,11,178,189
https://kawalpemilu.org#3346,"PANTE, LHOKSUKON, ACEH UTARA, ACEH",1,8,148,156
https://kawalpemilu.org#3346,"PANTE, LHOKSUKON, ACEH UTARA, ACEH",2,15,135,150
https://kawalpemilu.org#3346,"PANTE, LHOKSUKON, ACEH UTARA, ACEH",3,19,150,169
https://kawalpemilu.org#3346,"PANTE, LHOKSUKON, ACEH UTARA, ACEH",115,8,147,155
https://kawalpemilu.org#3346,"PANTE, LHOKSUKON, ACEH UTARA, ACEH",116,15,135,150
https://kawalpemilu.org#3347,"RAMBOT, LHOKSUKON, ACEH UTARA, ACEH",2,14,163,177
https://kawalpemilu.org#3347,"RAMBOT, LHOKSUKON, ACEH UTARA, ACEH",119,17,149,166
https://kawalpemilu.org#3347,"RAMBOT, LHOKSUKON, ACEH UTARA, ACEH",121,11,159,170
https://kawalpemilu.org#3348,"ALUE DRIEN, LHOKSUKON, ACEH UTARA, ACEH",8,22,156,178
https://kawalpemilu.org#3348,"ALUE DRIEN, LHOKSUKON, ACEH UTARA, ACEH",9,11,162,173
https://kawalpemilu.org#3349,"ALUE MEUDEM, LHOKSUKON, ACEH UTARA, ACEH",1,7,130,137
https://kawalpemilu.org#3349,"ALUE MEUDEM, LHOKSUKON, ACEH UTARA, ACEH",2,18,124,142
https://kawalpemilu.org#3350,"GEULINGANG, LHOKSUKON, ACEH UTARA, ACEH",1,10,157,167
https://kawalpemilu.org#3350,"GEULINGANG, LHOKSUKON, ACEH UTARA, ACEH",2,10,145,155
https://kawalpemilu.org#3351,"ASAN LHOKSUKON BRT, LHOKSUKON, ACEH UTARA, ACEH",1,2,170,172
https://kawalpemilu.org#3351,"ASAN LHOKSUKON BRT, LHOKSUKON, ACEH UTARA, ACEH",2,5,154,159
https://kawalpemilu.org#3351,"ASAN LHOKSUKON BRT, LHOKSUKON, ACEH UTARA, ACEH",3,2,153,155
https://kawalpemilu.org#3352,"BEURINGIN, LHOKSUKON, ACEH UTARA, ACEH",1,0,0,0
https://kawalpemilu.org#3352,"BEURINGIN, LHOKSUKON, ACEH UTARA, ACEH",25,9,170,179
https://kawalpemilu.org#3352,"BEURINGIN, LHOKSUKON, ACEH UTARA, ACEH",26,13,163,176
https://kawalpemilu.org#3353,"TEUNGOH LB, LHOKSUKON, ACEH UTARA, ACEH",1,14,153,167
https://kawalpemilu.org#3354,"RAYEUK, LHOKSUKON, ACEH UTARA, ACEH",125,11,84,95
https://kawalpemilu.org#3355,"ULEE BARAT, LHOKSUKON, ACEH UTARA, ACEH",147,18,164,182
https://kawalpemilu.org#3356,"RANTO, LHOKSUKON, ACEH UTARA, ACEH",1,11,166,177
https://kawalpemilu.org#3357,"TUTONG, LHOKSUKON, ACEH UTARA, ACEH",2,14,189,203
https://kawalpemilu.org#3358,"NGA LHOKSUKON BRT, LHOKSUKON, ACEH UTARA, ACEH",1,3,125,128
https://kawalpemilu.org#3358,"NGA LHOKSUKON BRT, LHOKSUKON, ACEH UTARA, ACEH",2,7,123,130
https://kawalpemilu.org#3358,"NGA LHOKSUKON BRT, LHOKSUKON, ACEH UTARA, ACEH",106,3,125,128
https://kawalpemilu.org#3358,"NGA LHOKSUKON BRT, LHOKSUKON, ACEH UTARA, ACEH",107,7,123,130
https://kawalpemilu.org#3359,"KEUTAPANG, LHOKSUKON, ACEH UTARA, ACEH",2,0,0,0
https://kawalpemilu.org#3359,"KEUTAPANG, LHOKSUKON, ACEH UTARA, ACEH",74,18,122,140
https://kawalpemilu.org#3360,"MATANG MUNJEE, LHOKSUKON, ACEH UTARA, ACEH",96,5,131,136
https://kawalpemilu.org#3361,"PULO DULANG, LHOKSUKON, ACEH UTARA, ACEH",118,4,135,139
https://kawalpemilu.org#3362,"DAYAH LB, LHOKSUKON, ACEH UTARA, ACEH",58,7,142,149
https://kawalpemilu.org#3362,"DAYAH LB, LHOKSUKON, ACEH UTARA, ACEH",59,18,135,153
https://kawalpemilu.org#3362,"DAYAH LB, LHOKSUKON, ACEH UTARA, ACEH",60,13,135,148
https://kawalpemilu.org#3362,"DAYAH LB, LHOKSUKON, ACEH UTARA, ACEH",61,11,101,112
https://kawalpemilu.org#3363,"GEUMATA, LHOKSUKON, ACEH UTARA, ACEH",65,10,129,139
https://kawalpemilu.org#3363,"GEUMATA, LHOKSUKON, ACEH UTARA, ACEH",66,20,139,159
https://kawalpemilu.org#3363,"GEUMATA, LHOKSUKON, ACEH UTARA, ACEH",67,19,132,151
https://kawalpemilu.org#3364,"MEUREUBO, LHOKSUKON, ACEH UTARA, ACEH",104,4,195,199
https://kawalpemilu.org#3365,"DAYAH LHOKSUKON TEUNGOH, LHOKSUKON, ACEH UTARA, ACEH",1,12,158,170
https://kawalpemilu.org#3365,"DAYAH LHOKSUKON TEUNGOH, LHOKSUKON, ACEH UTARA, ACEH",62,12,158,170
https://kawalpemilu.org#3366,"ARONGAN LT, LHOKSUKON, ACEH UTARA, ACEH",16,11,65,76
https://kawalpemilu.org#3367,"TUHA, LHOKSUKON, ACEH UTARA, ACEH",144,25,124,149
https://kawalpemilu.org#3368,"KRUENG, LHOKSUKON, ACEH UTARA, ACEH",1,8,110,118
https://kawalpemilu.org#3369,"BABAH GEUDEUBANG, LHOKSUKON, ACEH UTARA, ACEH",1,12,90,102
https://kawalpemilu.org#3369,"BABAH GEUDEUBANG, LHOKSUKON, ACEH UTARA, ACEH",2,8,104,112
https://kawalpemilu.org#3370,"GRONG-GRONG, LHOKSUKON, ACEH UTARA, ACEH",1,0,0,0
https://kawalpemilu.org#3370,"GRONG-GRONG, LHOKSUKON, ACEH UTARA, ACEH",70,20,158,178
https://kawalpemilu.org#3371,"ALUE  ITAM REUDEP, LHOKSUKON, ACEH UTARA, ACEH",1,7,95,102
https://kawalpemilu.org#3372,"TEUPIN KEUBEU, LHOKSUKON, ACEH UTARA, ACEH",135,12,95,107
https://kawalpemilu.org#3373,"NGA LHOKSUKON TGH., LHOKSUKON, ACEH UTARA, ACEH",2,22,133,155
https://kawalpemilu.org#3374,"MEURIA, LHOKSUKON, ACEH UTARA, ACEH",1,20,88,108
https://kawalpemilu.org#3374,"MEURIA, LHOKSUKON, ACEH UTARA, ACEH",105,20,88,108
https://kawalpemilu.org#3375,"KUMBANG, LHOKSUKON, ACEH UTARA, ACEH",1,19,149,168
https://kawalpemilu.org#3375,"KUMBANG, LHOKSUKON, ACEH UTARA, ACEH",2,22,119,141
https://kawalpemilu.org#3376,"SENEUBOK DALAM, LHOKSUKON, ACEH UTARA, ACEH",130,13,171,184
https://kawalpemilu.org#3377,"ALEU EMPOK, LHOKSUKON, ACEH UTARA, ACEH",1,34,139,173
https://kawalpemilu.org#3378,"JOK, LHOKSUKON, ACEH UTARA, ACEH",1,41,101,143
https://kawalpemilu.org#3378,"JOK, LHOKSUKON, ACEH UTARA, ACEH",72,46,138,184
https://kawalpemilu.org#3379,"MANYANG, LHOKSUKON, ACEH UTARA, ACEH",91,10,215,225
https://kawalpemilu.org#3379,"MANYANG, LHOKSUKON, ACEH UTARA, ACEH",92,21,166,187
https://kawalpemilu.org#3379,"MANYANG, LHOKSUKON, ACEH UTARA, ACEH",93,20,157,177
https://kawalpemilu.org#3380,"LHOK KAREUNG, LHOKSUKON, ACEH UTARA, ACEH",1,18,69,87
https://kawalpemilu.org#3380,"LHOK KAREUNG, LHOKSUKON, ACEH UTARA, ACEH",2,17,85,102
https://kawalpemilu.org#3382,"ALUE ABEE, LHOKSUKON, ACEH UTARA, ACEH",4,5,109,114
https://kawalpemilu.org#3383,"BULOH, LHOKSUKON, ACEH UTARA, ACEH",1,4,112,116
https://kawalpemilu.org#3383,"BULOH, LHOKSUKON, ACEH UTARA, ACEH",48,15,118,133
https://kawalpemilu.org#3384,"GLUMPANG, LHOKSUKON, ACEH UTARA, ACEH",2,12,109,121
https://kawalpemilu.org#3384,"GLUMPANG, LHOKSUKON, ACEH UTARA, ACEH",68,8,71,79
https://kawalpemilu.org#3384,"GLUMPANG, LHOKSUKON, ACEH UTARA, ACEH",69,12,109,122
https://kawalpemilu.org#3385,"TEUNGOH LT, LHOKSUKON, ACEH UTARA, ACEH",133,13,109,122
https://kawalpemilu.org#3386,"MATA U, LHOKSUKON, ACEH UTARA, ACEH",1,17,76,93
https://kawalpemilu.org#3387,"MEUCAT, LHOKSUKON, ACEH UTARA, ACEH",100,13,60,73
https://kawalpemilu.org#3388,"BUKET ME, LHOKSUKON, ACEH UTARA, ACEH",45,6,132,138
https://kawalpemilu.org#3389,"ULEE TANOH, LHOKSUKON, ACEH UTARA, ACEH",149,39,132,171
https://kawalpemilu.org#3390,"BUKET KREUNG, LHOKSUKON, ACEH UTARA, ACEH",1,22,75,97
https://kawalpemilu.org#3391,"ULEE GUNONG, LHOKSUKON, ACEH UTARA, ACEH",1,20,161,181
https://kawalpemilu.org#3391,"ULEE GUNONG, LHOKSUKON, ACEH UTARA, ACEH",148,20,161,181
https://kawalpemilu.org#3392,"LHOK SEUNTANG, LHOKSUKON, ACEH UTARA, ACEH",1,22,153,175
https://kawalpemilu.org#3392,"LHOK SEUNTANG, LHOKSUKON, ACEH UTARA, ACEH",88,22,153,175
https://kawalpemilu.org#3393,"ALUE ITAM BAROH, LHOKSUKON, ACEH UTARA, ACEH",1,17,161,178
https://kawalpemilu.org#3393,"ALUE ITAM BAROH, LHOKSUKON, ACEH UTARA, ACEH",10,17,161,178
https://kawalpemilu.org#3394,"MATA IE, LHOKSUKON, ACEH UTARA, ACEH",1,11,115,126
https://kawalpemilu.org#3395,"RAWA, LHOKSUKON, ACEH UTARA, ACEH",124,48,77,125
https://kawalpemilu.org#3396,"BUKET HAGU, LHOKSUKON, ACEH UTARA, ACEH",1,50,166,216
https://kawalpemilu.org#3396,"BUKET HAGU, LHOKSUKON, ACEH UTARA, ACEH",2,51,175,226
https://kawalpemilu.org#3396,"BUKET HAGU, LHOKSUKON, ACEH UTARA, ACEH",5,29,180,209
https://kawalpemilu.org#3396,"BUKET HAGU, LHOKSUKON, ACEH UTARA, ACEH",6,36,194,230
https://kawalpemilu.org#3396,"BUKET HAGU, LHOKSUKON, ACEH UTARA, ACEH",39,51,151,202
https://kawalpemilu.org#3396,"BUKET HAGU, LHOKSUKON, ACEH UTARA, ACEH",40,22,196,218
https://kawalpemilu.org#3396,"BUKET HAGU, LHOKSUKON, ACEH UTARA, ACEH",43,87,114,201
https://kawalpemilu.org#3398,"KEUDE MATANGKULI, MATANGKULI, ACEH UTARA, ACEH",1,22,155,177
https://kawalpemilu.org#3399,"UDE, MATANGKULI, ACEH UTARA, ACEH",1,0,0,0
https://kawalpemilu.org#3399,"UDE, MATANGKULI, ACEH UTARA, ACEH",2,0,0,0
https://kawalpemilu.org#3399,"UDE, MATANGKULI, ACEH UTARA, ACEH",5,13,132,145
https://kawalpemilu.org#3399,"UDE, MATANGKULI, ACEH UTARA, ACEH",6,10,139,149
https://kawalpemilu.org#3400,"BLANG MATANGKULI, MATANGKULI, ACEH UTARA, ACEH",1,22,155,177
https://kawalpemilu.org#3400,"BLANG MATANGKULI, MATANGKULI, ACEH UTARA, ACEH",2,23,130,153
https://kawalpemilu.org#3400,"BLANG MATANGKULI, MATANGKULI, ACEH UTARA, ACEH",3,17,132,149
https://kawalpemilu.org#3401,"RAYEUK MATANGKULI, MATANGKULI, ACEH UTARA, ACEH",2,0,0,0
https://kawalpemilu.org#3401,"RAYEUK MATANGKULI, MATANGKULI, ACEH UTARA, ACEH",7,11,210,221
https://kawalpemilu.org#3401,"RAYEUK MATANGKULI, MATANGKULI, ACEH UTARA, ACEH",8,11,191,202
https://kawalpemilu.org#3402,"TUMPOK PERLAK, MATANGKULI, ACEH UTARA, ACEH",1,0,0,0
https://kawalpemilu.org#3402,"TUMPOK PERLAK, MATANGKULI, ACEH UTARA, ACEH",2,0,0,0
https://kawalpemilu.org#3402,"TUMPOK PERLAK, MATANGKULI, ACEH UTARA, ACEH",31,12,110,122
https://kawalpemilu.org#3402,"TUMPOK PERLAK, MATANGKULI, ACEH UTARA, ACEH",32,7,107,114
https://kawalpemilu.org#3403,"UJONG  KULAM, MATANGKULI, ACEH UTARA, ACEH",1,0,0,0
https://kawalpemilu.org#3403,"UJONG  KULAM, MATANGKULI, ACEH UTARA, ACEH",34,13,181,194
https://kawalpemilu.org#3404,"RAYEUK GLANG-GLONG, MATANGKULI, ACEH UTARA, ACEH",1,0,0,0
https://kawalpemilu.org#3404,"RAYEUK GLANG-GLONG, MATANGKULI, ACEH UTARA, ACEH",2,0,0,0
https://kawalpemilu.org#3404,"RAYEUK GLANG-GLONG, MATANGKULI, ACEH UTARA, ACEH",23,8,164,170
https://kawalpemilu.org#3404,"RAYEUK GLANG-GLONG, MATANGKULI, ACEH UTARA, ACEH",24,10,156,166
https://kawalpemilu.org#3405,"JEUMPA GLUMPANG VII, MATANGKULI, ACEH UTARA, ACEH",1,0,0,0
https://kawalpemilu.org#3405,"JEUMPA GLUMPANG VII, MATANGKULI, ACEH UTARA, ACEH",2,0,0,0
https://kawalpemilu.org#3405,"JEUMPA GLUMPANG VII, MATANGKULI, ACEH UTARA, ACEH",27,15,151,166
https://kawalpemilu.org#3405,"JEUMPA GLUMPANG VII, MATANGKULI, ACEH UTARA, ACEH",28,21,140,161
https://kawalpemilu.org#3406,"PUNTI GLUMPANG VII, MATANGKULI, ACEH UTARA, ACEH",1,0,0,0
https://kawalpemilu.org#3406,"PUNTI GLUMPANG VII, MATANGKULI, ACEH UTARA, ACEH",30,7,134,141
https://kawalpemilu.org#3407,"GLUMPANG VII, MATANGKULI, ACEH UTARA, ACEH",1,0,0,0
https://kawalpemilu.org#3407,"GLUMPANG VII, MATANGKULI, ACEH UTARA, ACEH",2,0,0,0
https://kawalpemilu.org#3407,"GLUMPANG VII, MATANGKULI, ACEH UTARA, ACEH",25,19,104,123
https://kawalpemilu.org#3407,"GLUMPANG VII, MATANGKULI, ACEH UTARA, ACEH",26,18,109,127
https://kawalpemilu.org#3408,"TEUNGOH GLUMPANG VII, MATANGKULI, ACEH UTARA, ACEH",1,0,0,0
https://kawalpemilu.org#3408,"TEUNGOH GLUMPANG VII, MATANGKULI, ACEH UTARA, ACEH",33,15,201,216
https://kawalpemilu.org#3409,"ARON GLUMPANG VII, MATANGKULI, ACEH UTARA, ACEH",1,9,198,207
https://kawalpemilu.org#3409,"ARON GLUMPANG VII, MATANGKULI, ACEH UTARA, ACEH",22,9,198,207
https://kawalpemilu.org#3410,"MATANG MENYE, MATANGKULI, ACEH UTARA, ACEH",1,0,0,0
https://kawalpemilu.org#3410,"MATANG MENYE, MATANGKULI, ACEH UTARA, ACEH",29,17,123,140
https://kawalpemilu.org#3411,"PARANG SIKUREUNG, MATANGKULI, ACEH UTARA, ACEH",1,10,182,192
https://kawalpemilu.org#3412,"BARO, MATANGKULI, ACEH UTARA, ACEH",1,0,0,0
https://kawalpemilu.org#3412,"BARO, MATANGKULI, ACEH UTARA, ACEH",10,21,175,196
https://kawalpemilu.org#3413,"MEE, MATANGKULI, ACEH UTARA, ACEH",1,0,0,0
https://kawalpemilu.org#3413,"MEE, MATANGKULI, ACEH UTARA, ACEH",9,26,189,215
https://kawalpemilu.org#3414,"TANJONG TEUNGKU ALI, MATANGKULI, ACEH UTARA, ACEH",1,23,117,140
https://kawalpemilu.org#3415,"PUNTI MATANGKULI, MATANGKULI, ACEH UTARA, ACEH",1,0,0,0
https://kawalpemilu.org#3415,"PUNTI MATANGKULI, MATANGKULI, ACEH UTARA, ACEH",2,9,183,192
https://kawalpemilu.org#3415,"PUNTI MATANGKULI, MATANGKULI, ACEH UTARA, ACEH",13,9,191,200
https://kawalpemilu.org#3415,"PUNTI MATANGKULI, MATANGKULI, ACEH UTARA, ACEH",14,9,183,192
https://kawalpemilu.org#3416,"TEUPIN KEUBEU, MATANGKULI, ACEH UTARA, ACEH",1,0,0,0
https://kawalpemilu.org#3416,"TEUPIN KEUBEU, MATANGKULI, ACEH UTARA, ACEH",2,0,0,0
https://kawalpemilu.org#3416,"TEUPIN KEUBEU, MATANGKULI, ACEH UTARA, ACEH",16,10,130,140
https://kawalpemilu.org#3416,"TEUPIN KEUBEU, MATANGKULI, ACEH UTARA, ACEH",17,11,139,150
https://kawalpemilu.org#3417,"TRIENG TEUPIN KEUBUE, MATANGKULI, ACEH UTARA, ACEH",1,5,124,129
https://kawalpemilu.org#3417,"TRIENG TEUPIN KEUBUE, MATANGKULI, ACEH UTARA, ACEH",2,0,0,0
https://kawalpemilu.org#3417,"TRIENG TEUPIN KEUBUE, MATANGKULI, ACEH UTARA, ACEH",21,5,124,129
https://kawalpemilu.org#3418,"MATANG MEE, MATANGKULI, ACEH UTARA, ACEH",1,0,0,0
https://kawalpemilu.org#3418,"MATANG MEE, MATANGKULI, ACEH UTARA, ACEH",18,6,84,90
https://kawalpemilu.org#3419,"TANJONG BABAH KRUENG, MATANGKULI, ACEH UTARA, ACEH",1,0,0,0
https://kawalpemilu.org#3419,"TANJONG BABAH KRUENG, MATANGKULI, ACEH UTARA, ACEH",19,12,155,167
https://kawalpemilu.org#3420,"TUMPOK BARAT, MATANGKULI, ACEH UTARA, ACEH",56,15,108,123
https://kawalpemilu.org#3421,"MEURIA MATANGKULI, MATANGKULI, ACEH UTARA, ACEH",58,8,128,136
https://kawalpemilu.org#3421,"MEURIA MATANGKULI, MATANGKULI, ACEH UTARA, ACEH",59,7,130,137
https://kawalpemilu.org#3422,"HAGU, MATANGKULI, ACEH UTARA, ACEH",1,0,0,0
https://kawalpemilu.org#3422,"HAGU, MATANGKULI, ACEH UTARA, ACEH",55,11,184,195
https://kawalpemilu.org#3423,"ALUE THO, MATANGKULI, ACEH UTARA, ACEH",1,0,0,0
https://kawalpemilu.org#3423,"ALUE THO, MATANGKULI, ACEH UTARA, ACEH",52,15,144,159
https://kawalpemilu.org#3424,"CEUBREUK PIRAK, MATANGKULI, ACEH UTARA, ACEH",1,0,0,0
https://kawalpemilu.org#3424,"CEUBREUK PIRAK, MATANGKULI, ACEH UTARA, ACEH",51,17,216,233
https://kawalpemilu.org#3425,"RAYEUK PIRAK, MATANGKULI, ACEH UTARA, ACEH",1,0,0,0
https://kawalpemilu.org#3425,"RAYEUK PIRAK, MATANGKULI, ACEH UTARA, ACEH",47,14,156,170
https://kawalpemilu.org#3426,"ARON PIRAK, MATANGKULI, ACEH UTARA, ACEH",1,0,0,0
https://kawalpemilu.org#3426,"ARON PIRAK, MATANGKULI, ACEH UTARA, ACEH",2,0,0,0
https://kawalpemilu.org#3426,"ARON PIRAK, MATANGKULI, ACEH UTARA, ACEH",35,4,135,139
https://kawalpemilu.org#3426,"ARON PIRAK, MATANGKULI, ACEH UTARA, ACEH",36,10,126,126
https://kawalpemilu.org#3427,"LAWANG, MATANGKULI, ACEH UTARA, ACEH",1,0,0,0
https://kawalpemilu.org#3427,"LAWANG, MATANGKULI, ACEH UTARA, ACEH",42,14,72,86
https://kawalpemilu.org#3428,"TANJONG HAJI MUDA, MATANGKULI, ACEH UTARA, ACEH",1,0,0,0
https://kawalpemilu.org#3428,"TANJONG HAJI MUDA, MATANGKULI, ACEH UTARA, ACEH",49,5,72,77
https://kawalpemilu.org#3429,"SIREN, MATANGKULI, ACEH UTARA, ACEH",1,0,0,0
https://kawalpemilu.org#3429,"SIREN, MATANGKULI, ACEH UTARA, ACEH",48,5,114,119
https://kawalpemilu.org#3430,"MUNYE PIRAK, MATANGKULI, ACEH UTARA, ACEH",1,0,0,0
https://kawalpemilu.org#3430,"MUNYE PIRAK, MATANGKULI, ACEH UTARA, ACEH",46,2,61,63
https://kawalpemilu.org#3431,"BEURINGEN, MATANGKULI, ACEH UTARA, ACEH",1,0,0,0
https://kawalpemilu.org#3431,"BEURINGEN, MATANGKULI, ACEH UTARA, ACEH",39,7,149,156
https://kawalpemilu.org#3432,"TEUNGOH PIRAK, MATANGKULI, ACEH UTARA, ACEH",1,0,0,0
https://kawalpemilu.org#3432,"TEUNGOH PIRAK, MATANGKULI, ACEH UTARA, ACEH",50,17,137,154
https://kawalpemilu.org#3434,"MATANG PEUSANGAN, MATANGKULI, ACEH UTARA, ACEH",1,0,0,0
https://kawalpemilu.org#3434,"MATANG PEUSANGAN, MATANGKULI, ACEH UTARA, ACEH",43,13,152,165
https://kawalpemilu.org#3435,"PANTEE PIRAK, MATANGKULI, ACEH UTARA, ACEH",1,0,0,0
https://kawalpemilu.org#3435,"PANTEE PIRAK, MATANGKULI, ACEH UTARA, ACEH",45,3,67,70
https://kawalpemilu.org#3436,"LEUBOK, MATANGKULI, ACEH UTARA, ACEH",1,0,0,0
https://kawalpemilu.org#3436,"LEUBOK, MATANGKULI, ACEH UTARA, ACEH",41,6,80,86
https://kawalpemilu.org#3437,"BLANG KUTA, MATANGKULI, ACEH UTARA, ACEH",1,0,0,0
https://kawalpemilu.org#3437,"BLANG KUTA, MATANGKULI, ACEH UTARA, ACEH",40,11,146,157
https://kawalpemilu.org#3438,"BLANG SUPENG, MATANGKULI, ACEH UTARA, ACEH",1,0,0,0
https://kawalpemilu.org#3438,"BLANG SUPENG, MATANGKULI, ACEH UTARA, ACEH",37,14,97,111
https://kawalpemilu.org#3439,"BEURANCAN PIRAK, MATANGKULI, ACEH UTARA, ACEH",1,0,0,0
https://kawalpemilu.org#3439,"BEURANCAN PIRAK, MATANGKULI, ACEH UTARA, ACEH",38,13,125,138
https://kawalpemilu.org#3440,"ALUE ENTOK, MATANGKULI, ACEH UTARA, ACEH",1,0,0,0
https://kawalpemilu.org#3440,"ALUE ENTOK, MATANGKULI, ACEH UTARA, ACEH",53,55,83,138
https://kawalpemilu.org#3441,"TJ. TEUNGKU KARI, MATANGKULI, ACEH UTARA, ACEH",1,23,117,140
https://kawalpemilu.org#3442,"TEUNGOH SEULEUMAK, MATANGKULI, ACEH UTARA, ACEH",1,0,0,0
https://kawalpemilu.org#3442,"TEUNGOH SEULEUMAK, MATANGKULI, ACEH UTARA, ACEH",65,14,165,179
https://kawalpemilu.org#3443,"SEURIWEUK, MATANGKULI, ACEH UTARA, ACEH",1,0,0,0
https://kawalpemilu.org#3443,"SEURIWEUK, MATANGKULI, ACEH UTARA, ACEH",2,0,0,0
https://kawalpemilu.org#3443,"SEURIWEUK, MATANGKULI, ACEH UTARA, ACEH",61,40,94,134
https://kawalpemilu.org#3443,"SEURIWEUK, MATANGKULI, ACEH UTARA, ACEH",62,29,106,135
https://kawalpemilu.org#3444,"DAYAH BARO, MATANGKULI, ACEH UTARA, ACEH",1,16,68,84
https://kawalpemilu.org#3445,"KUNYET MULE, MATANGKULI, ACEH UTARA, ACEH",1,0,0,0
https://kawalpemilu.org#3445,"KUNYET MULE, MATANGKULI, ACEH UTARA, ACEH",60,16,191,207
https://kawalpemilu.org#3446,"TUTONG, MATANGKULI, ACEH UTARA, ACEH",1,0,0,0
https://kawalpemilu.org#3446,"TUTONG, MATANGKULI, ACEH UTARA, ACEH",63,11,169,180
https://kawalpemilu.org#3448,"KEUDE MANE, MUARA BATU, ACEH UTARA, ACEH",4,6,140,146
https://kawalpemilu.org#3448,"KEUDE MANE, MUARA BATU, ACEH UTARA, ACEH",6,10,148,158
https://kawalpemilu.org#3449,"MEUNASAH DRANG, MUARA BATU, ACEH UTARA, ACEH",4,13,165,178
https://kawalpemilu.org#3449,"MEUNASAH DRANG, MUARA BATU, ACEH UTARA, ACEH",23,6,148,154
https://kawalpemilu.org#3449,"MEUNASAH DRANG, MUARA BATU, ACEH UTARA, ACEH",24,12,136,148
https://kawalpemilu.org#3449,"MEUNASAH DRANG, MUARA BATU, ACEH UTARA, ACEH",25,3,169,172
https://kawalpemilu.org#3450,"MEUNASAH BARO, MUARA BATU, ACEH UTARA, ACEH",1,0,0,0
https://kawalpemilu.org#3450,"MEUNASAH BARO, MUARA BATU, ACEH UTARA, ACEH",4,17,170,187
https://kawalpemilu.org#3450,"MEUNASAH BARO, MUARA BATU, ACEH UTARA, ACEH",19,9,196,205
https://kawalpemilu.org#3450,"MEUNASAH BARO, MUARA BATU, ACEH UTARA, ACEH",20,7,179,186
https://kawalpemilu.org#3450,"MEUNASAH BARO, MUARA BATU, ACEH UTARA, ACEH",21,6,181,187
https://kawalpemilu.org#3451,"MEUNASAH LHOK, MUARA BATU, ACEH UTARA, ACEH",1,0,0,0
https://kawalpemilu.org#3451,"MEUNASAH LHOK, MUARA BATU, ACEH UTARA, ACEH",16,2,130,132
https://kawalpemilu.org#3451,"MEUNASAH LHOK, MUARA BATU, ACEH UTARA, ACEH",17,7,143,150
https://kawalpemilu.org#3451,"MEUNASAH LHOK, MUARA BATU, ACEH UTARA, ACEH",18,9,154,163
https://kawalpemilu.org#3452,"COT SEURANI, MUARA BATU, ACEH UTARA, ACEH",10,16,174,190
https://kawalpemilu.org#3452,"COT SEURANI, MUARA BATU, ACEH UTARA, ACEH",11,6,187,193
https://kawalpemilu.org#3452,"COT SEURANI, MUARA BATU, ACEH UTARA, ACEH",12,14,162,176
https://kawalpemilu.org#3452,"COT SEURANI, MUARA BATU, ACEH UTARA, ACEH",13,10,159,169
https://kawalpemilu.org#3452,"COT SEURANI, MUARA BATU, ACEH UTARA, ACEH",15,10,201,211
https://kawalpemilu.org#3453,"TANOH ANOE, MUARA BATU, ACEH UTARA, ACEH",1,0,0,0
https://kawalpemilu.org#3453,"TANOH ANOE, MUARA BATU, ACEH UTARA, ACEH",2,0,0,0
https://kawalpemilu.org#3453,"TANOH ANOE, MUARA BATU, ACEH UTARA, ACEH",3,0,0,0
https://kawalpemilu.org#3453,"TANOH ANOE, MUARA BATU, ACEH UTARA, ACEH",7,12,122,134
https://kawalpemilu.org#3453,"TANOH ANOE, MUARA BATU, ACEH UTARA, ACEH",8,5,127,132
https://kawalpemilu.org#3453,"TANOH ANOE, MUARA BATU, ACEH UTARA, ACEH",9,8,146,154
https://kawalpemilu.org#3454,"PANTE GURAH, MUARA BATU, ACEH UTARA, ACEH",1,0,0,0
https://kawalpemilu.org#3454,"PANTE GURAH, MUARA BATU, ACEH UTARA, ACEH",3,4,181,185
https://kawalpemilu.org#3455,"MANE TUNONG, MUARA BATU, ACEH UTARA, ACEH",7,5,119,124
https://kawalpemilu.org#3455,"MANE TUNONG, MUARA BATU, ACEH UTARA, ACEH",77,6,163,169
https://kawalpemilu.org#3455,"MANE TUNONG, MUARA BATU, ACEH UTARA, ACEH",78,4,137,141
https://kawalpemilu.org#3455,"MANE TUNONG, MUARA BATU, ACEH UTARA, ACEH",79,9,144,153
https://kawalpemilu.org#3455,"MANE TUNONG, MUARA BATU, ACEH UTARA, ACEH",80,8,110,118
https://kawalpemilu.org#3455,"MANE TUNONG, MUARA BATU, ACEH UTARA, ACEH",81,12,136,148
https://kawalpemilu.org#3455,"MANE TUNONG, MUARA BATU, ACEH UTARA, ACEH",82,8,139,147
https://kawalpemilu.org#3456,"KUALA DUA, MUARA BATU, ACEH UTARA, ACEH",2,6,146,152
https://kawalpemilu.org#3456,"KUALA DUA, MUARA BATU, ACEH UTARA, ACEH",73,7,139,146
https://kawalpemilu.org#3457,"MEUNASAH PINTO, MUARA BATU, ACEH UTARA, ACEH",75,9,189,198
https://kawalpemilu.org#3457,"MEUNASAH PINTO, MUARA BATU, ACEH UTARA, ACEH",76,11,171,182
https://kawalpemilu.org#3458,"TEUPIN BANJA, MUARA BATU, ACEH UTARA, ACEH",71,6,157,163
https://kawalpemilu.org#3459,"TEUMPOK BEURANDANG, MUARA BATU, ACEH UTARA, ACEH",1,0,0,0
https://kawalpemilu.org#3459,"TEUMPOK BEURANDANG, MUARA BATU, ACEH UTARA, ACEH",2,0,0,0
https://kawalpemilu.org#3459,"TEUMPOK BEURANDANG, MUARA BATU, ACEH UTARA, ACEH",65,11,135,146
https://kawalpemilu.org#3459,"TEUMPOK BEURANDANG, MUARA BATU, ACEH UTARA, ACEH",66,8,127,135
https://kawalpemilu.org#3460,"PALOH RAYA, MUARA BATU, ACEH UTARA, ACEH",1,0,0,0
https://kawalpemilu.org#3460,"PALOH RAYA, MUARA BATU, ACEH UTARA, ACEH",69,12,164,176
https://kawalpemilu.org#3460,"PALOH RAYA, MUARA BATU, ACEH UTARA, ACEH",70,7,189,196
https://kawalpemilu.org#3461,"PANIGAH, MUARA BATU, ACEH UTARA, ACEH",67,6,153,159
https://kawalpemilu.org#3461,"PANIGAH, MUARA BATU, ACEH UTARA, ACEH",68,10,148,158
https://kawalpemilu.org#3462,"KEUDE BUNGKAIH, MUARA BATU, ACEH UTARA, ACEH",1,15,191,206
https://kawalpemilu.org#3462,"KEUDE BUNGKAIH, MUARA BATU, ACEH UTARA, ACEH",4,0,0,0
https://kawalpemilu.org#3462,"KEUDE BUNGKAIH, MUARA BATU, ACEH UTARA, ACEH",49,7,168,175
https://kawalpemilu.org#3462,"KEUDE BUNGKAIH, MUARA BATU, ACEH UTARA, ACEH",52,8,203,211
https://kawalpemilu.org#3463,"KAMBAM, MUARA BATU, ACEH UTARA, ACEH",53,3,200,203
https://kawalpemilu.org#3463,"KAMBAM, MUARA BATU, ACEH UTARA, ACEH",54,7,202,209
https://kawalpemilu.org#3464,"ULEE MADON, MUARA BATU, ACEH UTARA, ACEH",1,0,0,0
https://kawalpemilu.org#3464,"ULEE MADON, MUARA BATU, ACEH UTARA, ACEH",2,0,0,0
https://kawalpemilu.org#3464,"ULEE MADON, MUARA BATU, ACEH UTARA, ACEH",3,0,0,0
https://kawalpemilu.org#3464,"ULEE MADON, MUARA BATU, ACEH UTARA, ACEH",4,0,0,0
https://kawalpemilu.org#3464,"ULEE MADON, MUARA BATU, ACEH UTARA, ACEH",5,0,0,0
https://kawalpemilu.org#3464,"ULEE MADON, MUARA BATU, ACEH UTARA, ACEH",43,10,172,182
https://kawalpemilu.org#3464,"ULEE MADON, MUARA BATU, ACEH UTARA, ACEH",44,10,217,227
https://kawalpemilu.org#3464,"ULEE MADON, MUARA BATU, ACEH UTARA, ACEH",45,5,190,195
https://kawalpemilu.org#3464,"ULEE MADON, MUARA BATU, ACEH UTARA, ACEH",46,6,195,4
https://kawalpemilu.org#3464,"ULEE MADON, MUARA BATU, ACEH UTARA, ACEH",47,11,194,205
https://kawalpemilu.org#3465,"MEUNASAH ARON, MUARA BATU, ACEH UTARA, ACEH",2,0,0,0
https://kawalpemilu.org#3465,"MEUNASAH ARON, MUARA BATU, ACEH UTARA, ACEH",39,8,165,173
https://kawalpemilu.org#3465,"MEUNASAH ARON, MUARA BATU, ACEH UTARA, ACEH",40,10,194,204
https://kawalpemilu.org#3465,"MEUNASAH ARON, MUARA BATU, ACEH UTARA, ACEH",41,3,172,175
https://kawalpemilu.org#3465,"MEUNASAH ARON, MUARA BATU, ACEH UTARA, ACEH",42,6,175,181
https://kawalpemilu.org#3466,"COT TRUENG, MUARA BATU, ACEH UTARA, ACEH",33,7,153,160
https://kawalpemilu.org#3466,"COT TRUENG, MUARA BATU, ACEH UTARA, ACEH",34,3,169,172
https://kawalpemilu.org#3466,"COT TRUENG, MUARA BATU, ACEH UTARA, ACEH",35,7,159,166
https://kawalpemilu.org#3466,"COT TRUENG, MUARA BATU, ACEH UTARA, ACEH",36,9,157,166
https://kawalpemilu.org#3466,"COT TRUENG, MUARA BATU, ACEH UTARA, ACEH",37,10,171,181
https://kawalpemilu.org#3466,"COT TRUENG, MUARA BATU, ACEH UTARA, ACEH",38,8,180,188
https://kawalpemilu.org#3467,"DAKUTA, MUARA BATU, ACEH UTARA, ACEH",28,15,158,173
https://kawalpemilu.org#3467,"DAKUTA, MUARA BATU, ACEH UTARA, ACEH",29,26,170,196
https://kawalpemilu.org#3467,"DAKUTA, MUARA BATU, ACEH UTARA, ACEH",30,11,198,209
https://kawalpemilu.org#3467,"DAKUTA, MUARA BATU, ACEH UTARA, ACEH",31,17,169,186
https://kawalpemilu.org#3467,"DAKUTA, MUARA BATU, ACEH UTARA, ACEH",32,10,181,191
https://kawalpemilu.org#3468,"RELEUT TIMU, MUARA BATU, ACEH UTARA, ACEH",1,0,0,0
https://kawalpemilu.org#3468,"RELEUT TIMU, MUARA BATU, ACEH UTARA, ACEH",2,0,0,0
https://kawalpemilu.org#3468,"RELEUT TIMU, MUARA BATU, ACEH UTARA, ACEH",55,5,244,249
https://kawalpemilu.org#3468,"RELEUT TIMU, MUARA BATU, ACEH UTARA, ACEH",56,9,239,248
https://kawalpemilu.org#3469,"RELEUT BARAT, MUARA BATU, ACEH UTARA, ACEH",1,0,0,0
https://kawalpemilu.org#3469,"RELEUT BARAT, MUARA BATU, ACEH UTARA, ACEH",2,0,0,0
https://kawalpemilu.org#3469,"RELEUT BARAT, MUARA BATU, ACEH UTARA, ACEH",3,0,0,0
https://kawalpemilu.org#3469,"RELEUT BARAT, MUARA BATU, ACEH UTARA, ACEH",57,12,155,167
https://kawalpemilu.org#3469,"RELEUT BARAT, MUARA BATU, ACEH UTARA, ACEH",58,7,175,182
https://kawalpemilu.org#3469,"RELEUT BARAT, MUARA BATU, ACEH UTARA, ACEH",59,8,181,189
https://kawalpemilu.org#3470,"PALOH AWE, MUARA BATU, ACEH UTARA, ACEH",60,0,12,12
https://kawalpemilu.org#3471,"PINTO MAKMUR, MUARA BATU, ACEH UTARA, ACEH",2,0,0,0
https://kawalpemilu.org#3471,"PINTO MAKMUR, MUARA BATU, ACEH UTARA, ACEH",62,12,190,203
https://kawalpemilu.org#3471,"PINTO MAKMUR, MUARA BATU, ACEH UTARA, ACEH",63,4,201,205
https://kawalpemilu.org#3471,"PINTO MAKMUR, MUARA BATU, ACEH UTARA, ACEH",64,4,213,217
https://kawalpemilu.org#3473,"UJONG REUBA, MEURAH MULIA, ACEH UTARA, ACEH",1,24,127,151
https://kawalpemilu.org#3473,"UJONG REUBA, MEURAH MULIA, ACEH UTARA, ACEH",45,24,127,151
https://kawalpemilu.org#3473,"UJONG REUBA, MEURAH MULIA, ACEH UTARA, ACEH",46,25,146,171
https://kawalpemilu.org#3474,"MESJID BLUEK, MEURAH MULIA, ACEH UTARA, ACEH",3,13,96,109
https://kawalpemilu.org#3475,"MEURIA BLUEK, MEURAH MULIA, ACEH UTARA, ACEH",4,5,119,124
https://kawalpemilu.org#3476,"RHENG BLUEK, MEURAH MULIA, ACEH UTARA, ACEH",1,4,165,169
https://kawalpemilu.org#3476,"RHENG BLUEK, MEURAH MULIA, ACEH UTARA, ACEH",2,11,155,166
https://kawalpemilu.org#3477,"PULO BLUEK, MEURAH MULIA, ACEH UTARA, ACEH",1,10,107,117
https://kawalpemilu.org#3477,"PULO BLUEK, MEURAH MULIA, ACEH UTARA, ACEH",2,0,0,0
https://kawalpemilu.org#3477,"PULO BLUEK, MEURAH MULIA, ACEH UTARA, ACEH",6,20,98,118
https://kawalpemilu.org#3477,"PULO BLUEK, MEURAH MULIA, ACEH UTARA, ACEH",7,10,107,117
https://kawalpemilu.org#3478,"RANGKILEH, MEURAH MULIA, ACEH UTARA, ACEH",13,4,174,178
https://kawalpemilu.org#3478,"RANGKILEH, MEURAH MULIA, ACEH UTARA, ACEH",14,8,184,192
https://kawalpemilu.org#3479,"RAYEUK MATANG, MEURAH MULIA, ACEH UTARA, ACEH",10,7,156,163
https://kawalpemilu.org#3479,"RAYEUK MATANG, MEURAH MULIA, ACEH UTARA, ACEH",11,12,150,162
https://kawalpemilu.org#3481,"TANJONG, MEURAH MULIA, ACEH UTARA, ACEH",15,18,106,124
https://kawalpemilu.org#3481,"TANJONG, MEURAH MULIA, ACEH UTARA, ACEH",16,8,102,110
https://kawalpemilu.org#3482,"KEUDE KARIENG, MEURAH MULIA, ACEH UTARA, ACEH",1,12,37,49
https://kawalpemilu.org#3482,"KEUDE KARIENG, MEURAH MULIA, ACEH UTARA, ACEH",12,12,37,49
https://kawalpemilu.org#3483,"MANYANG, MEURAH MULIA, ACEH UTARA, ACEH",21,7,128,135
https://kawalpemilu.org#3483,"MANYANG, MEURAH MULIA, ACEH UTARA, ACEH",22,5,128,133
https://kawalpemilu.org#3484,"ULEE CEUBREK, MEURAH MULIA, ACEH UTARA, ACEH",9,3,135,138
https://kawalpemilu.org#3485,"TUMPOK TEUNGKU, MEURAH MULIA, ACEH UTARA, ACEH",17,26,144,170
https://kawalpemilu.org#3486,"GEULUMPANG, MEURAH MULIA, ACEH UTARA, ACEH",18,12,150,162
https://kawalpemilu.org#3487,"REUDEUP, MEURAH MULIA, ACEH UTARA, ACEH",8,15,182,197
https://kawalpemilu.org#3488,"BARAT PAYA ITEK, MEURAH MULIA, ACEH UTARA, ACEH",30,11,160,171
https://kawalpemilu.org#3489,"PAYA KAMBUK, MEURAH MULIA, ACEH UTARA, ACEH",31,16,137,153
https://kawalpemilu.org#3489,"PAYA KAMBUK, MEURAH MULIA, ACEH UTARA, ACEH",32,10,151,161
https://kawalpemilu.org#3489,"PAYA KAMBUK, MEURAH MULIA, ACEH UTARA, ACEH",33,22,127,149
https://kawalpemilu.org#3490,"PAYA BILI, MEURAH MULIA, ACEH UTARA, ACEH",39,4,145,149
https://kawalpemilu.org#3490,"PAYA BILI, MEURAH MULIA, ACEH UTARA, ACEH",40,5,113,118
https://kawalpemilu.org#3491,"MEE, MEURAH MULIA, ACEH UTARA, ACEH",42,30,200,230
https://kawalpemilu.org#3492,"NGA, MEURAH MULIA, ACEH UTARA, ACEH",41,10,129,139
https://kawalpemilu.org#3493,"UBIT PAYA ITEK, MEURAH MULIA, ACEH UTARA, ACEH",28,18,131,149
https://kawalpemilu.org#3493,"UBIT PAYA ITEK, MEURAH MULIA, ACEH UTARA, ACEH",29,10,118,128
https://kawalpemilu.org#3494,"RAYEUK PAYA ITEK, MEURAH MULIA, ACEH UTARA, ACEH",27,26,207,233
https://kawalpemilu.org#3495,"BLANG CUT, MEURAH MULIA, ACEH UTARA, ACEH",24,11,135,146
https://kawalpemilu.org#3495,"BLANG CUT, MEURAH MULIA, ACEH UTARA, ACEH",25,14,130,144
https://kawalpemilu.org#3496,"KEH, MEURAH MULIA, ACEH UTARA, ACEH",19,15,204,219
https://kawalpemilu.org#3497,"KUMBANG, MEURAH MULIA, ACEH UTARA, ACEH",1,0,0,0
https://kawalpemilu.org#3497,"KUMBANG, MEURAH MULIA, ACEH UTARA, ACEH",23,10,201,211
https://kawalpemilu.org#3499,"MESJID, MEURAH MULIA, ACEH UTARA, ACEH",43,19,138,157
https://kawalpemilu.org#3499,"MESJID, MEURAH MULIA, ACEH UTARA, ACEH",44,15,127,142
https://kawalpemilu.org#3500,"BLANG REUMA, MEURAH MULIA, ACEH UTARA, ACEH",65,11,160,171
https://kawalpemilu.org#3500,"BLANG REUMA, MEURAH MULIA, ACEH UTARA, ACEH",66,12,145,157
https://kawalpemilu.org#3501,"TEUNGOH REUBA, MEURAH MULIA, ACEH UTARA, ACEH",1,26,164,190
https://kawalpemilu.org#3502,"DRIEN PUNTONG, MEURAH MULIA, ACEH UTARA, ACEH",48,16,132,148
https://kawalpemilu.org#3502,"DRIEN PUNTONG, MEURAH MULIA, ACEH UTARA, ACEH",49,19,147,166
https://kawalpemilu.org#3503,"PULO KITOE, MEURAH MULIA, ACEH UTARA, ACEH",50,25,109,134
https://kawalpemilu.org#3504,"CEUBREK, MEURAH MULIA, ACEH UTARA, ACEH",62,17,146,163
https://kawalpemilu.org#3504,"CEUBREK, MEURAH MULIA, ACEH UTARA, ACEH",63,15,129,144
https://kawalpemilu.org#3505,"MEUNYE PEUT, MEURAH MULIA, ACEH UTARA, ACEH",60,11,181,192
https://kawalpemilu.org#3505,"MEUNYE PEUT, MEURAH MULIA, ACEH UTARA, ACEH",61,5,175,180
https://kawalpemilu.org#3506,"BEURINGEN, MEURAH MULIA, ACEH UTARA, ACEH",57,23,181,204
https://kawalpemilu.org#3506,"BEURINGEN, MEURAH MULIA, ACEH UTARA, ACEH",58,31,173,204
https://kawalpemilu.org#3507,"NIBONG, MEURAH MULIA, ACEH UTARA, ACEH",2,0,0,0
https://kawalpemilu.org#3507,"NIBONG, MEURAH MULIA, ACEH UTARA, ACEH",34,17,193,210
https://kawalpemilu.org#3507,"NIBONG, MEURAH MULIA, ACEH UTARA, ACEH",35,16,164,180
https://kawalpemilu.org#3509,"PULO DRIEN BEUKAH, MEURAH MULIA, ACEH UTARA, ACEH",36,9,117,126
https://kawalpemilu.org#3510,"TEUNGOH K. BATEE, MEURAH MULIA, ACEH UTARA, ACEH",1,15,206,221
https://kawalpemilu.org#3511,"UJUNG KUTA BATEE, MEURAH MULIA, ACEH UTARA, ACEH",53,12,130,142
https://kawalpemilu.org#3511,"UJUNG KUTA BATEE, MEURAH MULIA, ACEH UTARA, ACEH",54,14,136,150
https://kawalpemilu.org#3514,"BAROH KUTA BATEE, MEURAH MULIA, ACEH UTARA, ACEH",55,20,184,204
https://kawalpemilu.org#3514,"BAROH KUTA BATEE, MEURAH MULIA, ACEH UTARA, ACEH",56,20,203,223
https://kawalpemilu.org#3515,"GAMPONG TEUNGOH, MEURAH MULIA, ACEH UTARA, ACEH",37,10,149,159
https://kawalpemilu.org#3515,"GAMPONG TEUNGOH, MEURAH MULIA, ACEH UTARA, ACEH",38,3,147,150
https://kawalpemilu.org#3516,"RANTO, MEURAH MULIA, ACEH UTARA, ACEH",64,8,218,226
https://kawalpemilu.org#3517,"MEUNYE PAYONG, MEURAH MULIA, ACEH UTARA, ACEH",59,15,180,195
https://kawalpemilu.org#3518,"DAYAH BLUEK, MEURAH MULIA, ACEH UTARA, ACEH",5,23,102,125
https://kawalpemilu.org#3519,"PAYA SUTRA, MEURAH MULIA, ACEH UTARA, ACEH",71,3,123,126
https://kawalpemilu.org#3520,"BARE BLANG, MEURAH MULIA, ACEH UTARA, ACEH",72,2,78,80
https://kawalpemilu.org#3521,"KEUDE JUNGKA GAJAH, MEURAH MULIA, ACEH UTARA, ACEH",51,6,104,110
https://kawalpemilu.org#3522,"SARAMABA, MEURAH MULIA, ACEH UTARA, ACEH",67,8,68,76
https://kawalpemilu.org#3524,"PIE, SAMUDERA, ACEH UTARA, ACEH",1,0,0,0
https://kawalpemilu.org#3524,"PIE, SAMUDERA, ACEH UTARA, ACEH",2,0,0,0
https://kawalpemilu.org#3524,"PIE, SAMUDERA, ACEH UTARA, ACEH",31,14,154,168
https://kawalpemilu.org#3524,"PIE, SAMUDERA, ACEH UTARA, ACEH",32,12,156,168
https://kawalpemilu.org#3525,"ASAN, SAMUDERA, ACEH UTARA, ACEH",1,0,0,0
https://kawalpemilu.org#3525,"ASAN, SAMUDERA, ACEH UTARA, ACEH",2,0,0,0
https://kawalpemilu.org#3525,"ASAN, SAMUDERA, ACEH UTARA, ACEH",25,10,157,167
https://kawalpemilu.org#3525,"ASAN, SAMUDERA, ACEH UTARA, ACEH",26,11,147,158
https://kawalpemilu.org#3525,"ASAN, SAMUDERA, ACEH UTARA, ACEH",27,3,124,127
https://kawalpemilu.org#3526,"MURONG, SAMUDERA, ACEH UTARA, ACEH",2,0,0,0
https://kawalpemilu.org#3526,"MURONG, SAMUDERA, ACEH UTARA, ACEH",3,0,0,0
https://kawalpemilu.org#3526,"MURONG, SAMUDERA, ACEH UTARA, ACEH",28,2,141,143
https://kawalpemilu.org#3526,"MURONG, SAMUDERA, ACEH UTARA, ACEH",29,6,127,133
https://kawalpemilu.org#3526,"MURONG, SAMUDERA, ACEH UTARA, ACEH",30,3,149,152
https://kawalpemilu.org#3527,"BLANG KABU, SAMUDERA, ACEH UTARA, ACEH",44,14,156,170
https://kawalpemilu.org#3527,"BLANG KABU, SAMUDERA, ACEH UTARA, ACEH",45,16,196,212
https://kawalpemilu.org#3528,"MANCANG, SAMUDERA, ACEH UTARA, ACEH",40,21,165,186
https://kawalpemilu.org#3528,"MANCANG, SAMUDERA, ACEH UTARA, ACEH",41,7,169,176
https://kawalpemilu.org#3528,"MANCANG, SAMUDERA, ACEH UTARA, ACEH",42,14,132,146
https://kawalpemilu.org#3528,"MANCANG, SAMUDERA, ACEH UTARA, ACEH",43,11,170,181
https://kawalpemilu.org#3529,"KEUDE GEUDONG, SAMUDERA, ACEH UTARA, ACEH",1,10,145,155
https://kawalpemilu.org#3529,"KEUDE GEUDONG, SAMUDERA, ACEH UTARA, ACEH",18,12,151,163
https://kawalpemilu.org#3530,"BLANG PEURIA, SAMUDERA, ACEH UTARA, ACEH",3,0,0,0
https://kawalpemilu.org#3530,"BLANG PEURIA, SAMUDERA, ACEH UTARA, ACEH",22,19,215,234
https://kawalpemilu.org#3530,"BLANG PEURIA, SAMUDERA, ACEH UTARA, ACEH",23,12,207,219
https://kawalpemilu.org#3530,"BLANG PEURIA, SAMUDERA, ACEH UTARA, ACEH",24,19,214,233
https://kawalpemilu.org#3531,"TEUPIN ARA, SAMUDERA, ACEH UTARA, ACEH",1,0,0,0
https://kawalpemilu.org#3531,"TEUPIN ARA, SAMUDERA, ACEH UTARA, ACEH",2,0,0,0
https://kawalpemilu.org#3531,"TEUPIN ARA, SAMUDERA, ACEH UTARA, ACEH",38,9,121,130
https://kawalpemilu.org#3531,"TEUPIN ARA, SAMUDERA, ACEH UTARA, ACEH",39,12,121,133
https://kawalpemilu.org#3532,"TEUPIN BEULANGAN, SAMUDERA, ACEH UTARA, ACEH",1,0,0,0
https://kawalpemilu.org#3532,"TEUPIN BEULANGAN, SAMUDERA, ACEH UTARA, ACEH",2,0,0,0
https://kawalpemilu.org#3532,"TEUPIN BEULANGAN, SAMUDERA, ACEH UTARA, ACEH",36,4,156,160
https://kawalpemilu.org#3532,"TEUPIN BEULANGAN, SAMUDERA, ACEH UTARA, ACEH",37,8,147,155
https://kawalpemilu.org#3533,"KR. BARO LANGKAHAN, SAMUDERA, ACEH UTARA, ACEH",34,8,123,131
https://kawalpemilu.org#3533,"KR. BARO LANGKAHAN, SAMUDERA, ACEH UTARA, ACEH",35,10,123,133
https://kawalpemilu.org#3534,"PUSONG, SAMUDERA, ACEH UTARA, ACEH",1,0,0,0
https://kawalpemilu.org#3534,"PUSONG, SAMUDERA, ACEH UTARA, ACEH",33,22,187,209
https://kawalpemilu.org#3535,"TANJONG KLENG, SAMUDERA, ACEH UTARA, ACEH",1,0,0,0
https://kawalpemilu.org#3535,"TANJONG KLENG, SAMUDERA, ACEH UTARA, ACEH",16,2,210,212
https://kawalpemilu.org#3536,"GAMPONG BARO, SAMUDERA, ACEH UTARA, ACEH",15,45,126,171
https://kawalpemilu.org#3537,"BEURINGEN, SAMUDERA, ACEH UTARA, ACEH",48,19,171,190
https://kawalpemilu.org#3537,"BEURINGEN, SAMUDERA, ACEH UTARA, ACEH",49,12,164,176
https://kawalpemilu.org#3538,"KUTA KRUENG, SAMUDERA, ACEH UTARA, ACEH",1,0,0,0
https://kawalpemilu.org#3538,"KUTA KRUENG, SAMUDERA, ACEH UTARA, ACEH",3,15,208,223
https://kawalpemilu.org#3538,"KUTA KRUENG, SAMUDERA, ACEH UTARA, ACEH",50,19,202,221
https://kawalpemilu.org#3539,"KUTA GLUMPANG, SAMUDERA, ACEH UTARA, ACEH",1,0,0,0
https://kawalpemilu.org#3539,"KUTA GLUMPANG, SAMUDERA, ACEH UTARA, ACEH",2,0,0,0
https://kawalpemilu.org#3539,"KUTA GLUMPANG, SAMUDERA, ACEH UTARA, ACEH",53,15,197,212
https://kawalpemilu.org#3539,"KUTA GLUMPANG, SAMUDERA, ACEH UTARA, ACEH",54,14,184,198
https://kawalpemilu.org#3539,"KUTA GLUMPANG, SAMUDERA, ACEH UTARA, ACEH",55,21,189,210
https://kawalpemilu.org#3540,"MEUCAT, SAMUDERA, ACEH UTARA, ACEH",57,5,243,248
https://kawalpemilu.org#3541,"KRUENG BARO BM, SAMUDERA, ACEH UTARA, ACEH",63,10,153,163
https://kawalpemilu.org#3542,"UJONG, SAMUDERA, ACEH UTARA, ACEH",1,0,0,0
https://kawalpemilu.org#3542,"UJONG, SAMUDERA, ACEH UTARA, ACEH",2,0,0,0
https://kawalpemilu.org#3542,"UJONG, SAMUDERA, ACEH UTARA, ACEH",61,28,172,200
https://kawalpemilu.org#3542,"UJONG, SAMUDERA, ACEH UTARA, ACEH",62,22,152,174
https://kawalpemilu.org#3544,"TEUNGOH, SAMUDERA, ACEH UTARA, ACEH",1,0,0,0
https://kawalpemilu.org#3544,"TEUNGOH, SAMUDERA, ACEH UTARA, ACEH",2,3,162,165
https://kawalpemilu.org#3544,"TEUNGOH, SAMUDERA, ACEH UTARA, ACEH",58,4,157,161
https://kawalpemilu.org#3545,"KEUDE BLANG MEE PK, SAMUDERA, ACEH UTARA, ACEH",66,16,142,158
https://kawalpemilu.org#3546,"PUUK, SAMUDERA, ACEH UTARA, ACEH",1,0,0,0
https://kawalpemilu.org#3546,"PUUK, SAMUDERA, ACEH UTARA, ACEH",2,0,0,0
https://kawalpemilu.org#3546,"PUUK, SAMUDERA, ACEH UTARA, ACEH",72,2,204,206
https://kawalpemilu.org#3546,"PUUK, SAMUDERA, ACEH UTARA, ACEH",73,5,188,193
https://kawalpemilu.org#3547,"LANCANG, SAMUDERA, ACEH UTARA, ACEH",71,9,104,113
https://kawalpemilu.org#3548,"MATANG ULIM, SAMUDERA, ACEH UTARA, ACEH",1,0,0,0
https://kawalpemilu.org#3548,"MATANG ULIM, SAMUDERA, ACEH UTARA, ACEH",78,11,103,114
https://kawalpemilu.org#3548,"MATANG ULIM, SAMUDERA, ACEH UTARA, ACEH",79,19,128,147
https://kawalpemilu.org#3549,"SAWANG, SAMUDERA, ACEH UTARA, ACEH",1,0,0,0
https://kawalpemilu.org#3549,"SAWANG, SAMUDERA, ACEH UTARA, ACEH",2,0,0,0
https://kawalpemilu.org#3549,"SAWANG, SAMUDERA, ACEH UTARA, ACEH",3,0,0,0
https://kawalpemilu.org#3549,"SAWANG, SAMUDERA, ACEH UTARA, ACEH",4,0,0,0
https://kawalpemilu.org#3549,"SAWANG, SAMUDERA, ACEH UTARA, ACEH",74,12,165,177
https://kawalpemilu.org#3549,"SAWANG, SAMUDERA, ACEH UTARA, ACEH",76,14,168,182
https://kawalpemilu.org#3550,"LAGA BARO, SAMUDERA, ACEH UTARA, ACEH",1,0,0,0
https://kawalpemilu.org#3550,"LAGA BARO, SAMUDERA, ACEH UTARA, ACEH",65,9,178,187
https://kawalpemilu.org#3551,"PULO, SAMUDERA, ACEH UTARA, ACEH",1,0,0,0
https://kawalpemilu.org#3551,"PULO, SAMUDERA, ACEH UTARA, ACEH",64,6,157,163
https://kawalpemilu.org#3553,"MATANG PUNTONG, SAMUDERA, ACEH UTARA, ACEH",1,0,0,0
https://kawalpemilu.org#3553,"MATANG PUNTONG, SAMUDERA, ACEH UTARA, ACEH",2,0,0,0
https://kawalpemilu.org#3553,"MATANG PUNTONG, SAMUDERA, ACEH UTARA, ACEH",68,12,166,173
https://kawalpemilu.org#3553,"MATANG PUNTONG, SAMUDERA, ACEH UTARA, ACEH",69,13,166,179
https://kawalpemilu.org#3553,"MATANG PUNTONG, SAMUDERA, ACEH UTARA, ACEH",70,3,169,172
https://kawalpemilu.org#3554,"BLANG NIBONG, SAMUDERA, ACEH UTARA, ACEH",1,0,0,0
https://kawalpemilu.org#3554,"BLANG NIBONG, SAMUDERA, ACEH UTARA, ACEH",80,5,174,179
https://kawalpemilu.org#3554,"BLANG NIBONG, SAMUDERA, ACEH UTARA, ACEH",81,12,182,194
https://kawalpemilu.org#3554,"BLANG NIBONG, SAMUDERA, ACEH UTARA, ACEH",82,11,187,198
https://kawalpemilu.org#3555,"TANJONG BAROH, SAMUDERA, ACEH UTARA, ACEH",1,0,0,0
https://kawalpemilu.org#3555,"TANJONG BAROH, SAMUDERA, ACEH UTARA, ACEH",14,10,133,143
https://kawalpemilu.org#3556,"TANJONG HAGU, SAMUDERA, ACEH UTARA, ACEH",1,0,0,0
https://kawalpemilu.org#3556,"TANJONG HAGU, SAMUDERA, ACEH UTARA, ACEH",11,9,202,211
https://kawalpemilu.org#3557,"TANJONG RENGKAM, SAMUDERA, ACEH UTARA, ACEH",2,0,0,0
https://kawalpemilu.org#3558,"TANJONG MESJID, SAMUDERA, ACEH UTARA, ACEH",1,0,0,0
https://kawalpemilu.org#3558,"TANJONG MESJID, SAMUDERA, ACEH UTARA, ACEH",2,0,0,0
https://kawalpemilu.org#3558,"TANJONG MESJID, SAMUDERA, ACEH UTARA, ACEH",5,11,184,195
https://kawalpemilu.org#3558,"TANJONG MESJID, SAMUDERA, ACEH UTARA, ACEH",6,9,181,190
https://kawalpemilu.org#3559,"PAYA TERBANG, SAMUDERA, ACEH UTARA, ACEH",1,15,160,175
https://kawalpemilu.org#3559,"PAYA TERBANG, SAMUDERA, ACEH UTARA, ACEH",2,0,0,0
https://kawalpemilu.org#3559,"PAYA TERBANG, SAMUDERA, ACEH UTARA, ACEH",4,11,158,169
https://kawalpemilu.org#3560,"MADAN, SAMUDERA, ACEH UTARA, ACEH",13,22,158,180
https://kawalpemilu.org#3561,"TANJONG AWE, SAMUDERA, ACEH UTARA, ACEH",1,8,137,145
https://kawalpemilu.org#3561,"TANJONG AWE, SAMUDERA, ACEH UTARA, ACEH",2,0,0,0
https://kawalpemilu.org#3561,"TANJONG AWE, SAMUDERA, ACEH UTARA, ACEH",8,10,153,163
https://kawalpemilu.org#3562,"KITOU, SAMUDERA, ACEH UTARA, ACEH",1,12,125,137
https://kawalpemilu.org#3562,"KITOU, SAMUDERA, ACEH UTARA, ACEH",2,13,146,159
https://kawalpemilu.org#3563,"KRUENG MATEE, SAMUDERA, ACEH UTARA, ACEH",46,5,125,130
https://kawalpemilu.org#3563,"KRUENG MATEE, SAMUDERA, ACEH UTARA, ACEH",47,4,124,128
https://kawalpemilu.org#3565,"TANJONG PINENG, SEUNUDDON, ACEH UTARA, ACEH",9,9,160,169
https://kawalpemilu.org#3565,"TANJONG PINENG, SEUNUDDON, ACEH UTARA, ACEH",10,7,167,174
https://kawalpemilu.org#3566,"MERBO PUNTONG, SEUNUDDON, ACEH UTARA, ACEH",1,5,104,109
https://kawalpemilu.org#3566,"MERBO PUNTONG, SEUNUDDON, ACEH UTARA, ACEH",2,1,109,110
https://kawalpemilu.org#3567,"MANE KAWAN, SEUNUDDON, ACEH UTARA, ACEH",3,9,183,192
https://kawalpemilu.org#3567,"MANE KAWAN, SEUNUDDON, ACEH UTARA, ACEH",4,14,192,206
https://kawalpemilu.org#3567,"MANE KAWAN, SEUNUDDON, ACEH UTARA, ACEH",5,7,150,157
https://kawalpemilu.org#3568,"ALUE BAREUH, SEUNUDDON, ACEH UTARA, ACEH",11,8,154,162
https://kawalpemilu.org#3568,"ALUE BAREUH, SEUNUDDON, ACEH UTARA, ACEH",12,2,144,146
https://kawalpemilu.org#3569,"KEUDE SIMPANG JLN, SEUNUDDON, ACEH UTARA, ACEH",13,13,199,212
https://kawalpemilu.org#3570,"BLANG PHA, SEUNUDDON, ACEH UTARA, ACEH",1,0,0,0
https://kawalpemilu.org#3570,"BLANG PHA, SEUNUDDON, ACEH UTARA, ACEH",22,10,158,168
https://kawalpemilu.org#3570,"BLANG PHA, SEUNUDDON, ACEH UTARA, ACEH",23,6,167,173
https://kawalpemilu.org#3571,"ALUE KIRAN, SEUNUDDON, ACEH UTARA, ACEH",8,13,170,183
https://kawalpemilu.org#3572,"BLANG TUE, SEUNUDDON, ACEH UTARA, ACEH",6,10,132,142
https://kawalpemilu.org#3572,"BLANG TUE, SEUNUDDON, ACEH UTARA, ACEH",7,10,118,128
https://kawalpemilu.org#3573,"COT KAFIRATON, SEUNUDDON, ACEH UTARA, ACEH",16,21,151,172
https://kawalpemilu.org#3574,"TANJONG DAMA, SEUNUDDON, ACEH UTARA, ACEH",14,3,118,121
https://kawalpemilu.org#3574,"TANJONG DAMA, SEUNUDDON, ACEH UTARA, ACEH",15,2,129,131
https://kawalpemilu.org#3575,"PAYA DUA URAM, SEUNUDDON, ACEH UTARA, ACEH",18,4,192,196
https://kawalpemilu.org#3575,"PAYA DUA URAM, SEUNUDDON, ACEH UTARA, ACEH",19,2,187,189
https://kawalpemilu.org#3576,"PAYA DUA UJONG, SEUNUDDON, ACEH UTARA, ACEH",17,6,170,176
https://kawalpemilu.org#3577,"ALUE CAPLI, SEUNUDDON, ACEH UTARA, ACEH",2,0,0,0
https://kawalpemilu.org#3577,"ALUE CAPLI, SEUNUDDON, ACEH UTARA, ACEH",24,5,155,160
https://kawalpemilu.org#3577,"ALUE CAPLI, SEUNUDDON, ACEH UTARA, ACEH",25,7,181,188
https://kawalpemilu.org#3578,"SIMPANG PEUT, SEUNUDDON, ACEH UTARA, ACEH",20,2,137,139
https://kawalpemilu.org#3578,"SIMPANG PEUT, SEUNUDDON, ACEH UTARA, ACEH",21,0,138,138
https://kawalpemilu.org#3579,"MEUNASAH SAGOE, SEUNUDDON, ACEH UTARA, ACEH",4,0,0,0
https://kawalpemilu.org#3579,"MEUNASAH SAGOE, SEUNUDDON, ACEH UTARA, ACEH",43,12,158,170
https://kawalpemilu.org#3579,"MEUNASAH SAGOE, SEUNUDDON, ACEH UTARA, ACEH",44,9,146,155
https://kawalpemilu.org#3579,"MEUNASAH SAGOE, SEUNUDDON, ACEH UTARA, ACEH",45,23,158,181
https://kawalpemilu.org#3579,"MEUNASAH SAGOE, SEUNUDDON, ACEH UTARA, ACEH",46,21,150,171
https://kawalpemilu.org#3580,"MATANG PUNTONG, SEUNUDDON, ACEH UTARA, ACEH",40,7,153,160
https://kawalpemilu.org#3580,"MATANG PUNTONG, SEUNUDDON, ACEH UTARA, ACEH",41,7,174,181
https://kawalpemilu.org#3580,"MATANG PUNTONG, SEUNUDDON, ACEH UTARA, ACEH",42,11,151,162
https://kawalpemilu.org#3581,"MATANG PANYANG, SEUNUDDON, ACEH UTARA, ACEH",1,0,0,0
https://kawalpemilu.org#3581,"MATANG PANYANG, SEUNUDDON, ACEH UTARA, ACEH",37,11,194,205
https://kawalpemilu.org#3581,"MATANG PANYANG, SEUNUDDON, ACEH UTARA, ACEH",38,9,173,182
https://kawalpemilu.org#3581,"MATANG PANYANG, SEUNUDDON, ACEH UTARA, ACEH",39,29,170,199
https://kawalpemilu.org#3582,"COT PATISAH, SEUNUDDON, ACEH UTARA, ACEH",30,3,145,148
https://kawalpemilu.org#3582,"COT PATISAH, SEUNUDDON, ACEH UTARA, ACEH",31,8,140,148
https://kawalpemilu.org#3582,"COT PATISAH, SEUNUDDON, ACEH UTARA, ACEH",32,3,163,166
https://kawalpemilu.org#3583,"COT TRUENG, SEUNUDDON, ACEH UTARA, ACEH",35,19,199,218
https://kawalpemilu.org#3583,"COT TRUENG, SEUNUDDON, ACEH UTARA, ACEH",36,9,198,207
https://kawalpemilu.org#3584,"DARUL AMAN, SEUNUDDON, ACEH UTARA, ACEH",33,5,124,129
https://kawalpemilu.org#3584,"DARUL AMAN, SEUNUDDON, ACEH UTARA, ACEH",34,5,113,118
https://kawalpemilu.org#3585,"MATANG JEULIKAT, SEUNUDDON, ACEH UTARA, ACEH",26,16,147,163
https://kawalpemilu.org#3585,"MATANG JEULIKAT, SEUNUDDON, ACEH UTARA, ACEH",27,9,150,159
https://kawalpemilu.org#3585,"MATANG JEULIKAT, SEUNUDDON, ACEH UTARA, ACEH",28,8,173,181
https://kawalpemilu.org#3585,"MATANG JEULIKAT, SEUNUDDON, ACEH UTARA, ACEH",29,13,169,182
https://kawalpemilu.org#3586,"LHOK PUUK, SEUNUDDON, ACEH UTARA, ACEH",47,13,162,175
https://kawalpemilu.org#3586,"LHOK PUUK, SEUNUDDON, ACEH UTARA, ACEH",48,13,166,179
https://kawalpemilu.org#3586,"LHOK PUUK, SEUNUDDON, ACEH UTARA, ACEH",49,11,165,176
https://kawalpemilu.org#3586,"LHOK PUUK, SEUNUDDON, ACEH UTARA, ACEH",50,15,150,165
https://kawalpemilu.org#3587,"ULEE RUBEK BARAT, SEUNUDDON, ACEH UTARA, ACEH",1,7,155,162
https://kawalpemilu.org#3587,"ULEE RUBEK BARAT, SEUNUDDON, ACEH UTARA, ACEH",2,7,148,155
https://kawalpemilu.org#3587,"ULEE RUBEK BARAT, SEUNUDDON, ACEH UTARA, ACEH",53,9,239,248
https://kawalpemilu.org#3587,"ULEE RUBEK BARAT, SEUNUDDON, ACEH UTARA, ACEH",54,9,190,199
https://kawalpemilu.org#3587,"ULEE RUBEK BARAT, SEUNUDDON, ACEH UTARA, ACEH",55,6,166,172
https://kawalpemilu.org#3588,"ULEE RUBEK TIMU, SEUNUDDON, ACEH UTARA, ACEH",56,17,176,193
https://kawalpemilu.org#3588,"ULEE RUBEK TIMU, SEUNUDDON, ACEH UTARA, ACEH",57,9,178,187
https://kawalpemilu.org#3588,"ULEE RUBEK TIMU, SEUNUDDON, ACEH UTARA, ACEH",58,25,183,208
https://kawalpemilu.org#3589,"BANTAYAN, SEUNUDDON, ACEH UTARA, ACEH",59,15,77,92
https://kawalpemilu.org#3590,"TEUPIN KUYUN, SEUNUDDON, ACEH UTARA, ACEH",60,19,159,178
https://kawalpemilu.org#3590,"TEUPIN KUYUN, SEUNUDDON, ACEH UTARA, ACEH",61,17,165,182
https://kawalpemilu.org#3590,"TEUPIN KUYUN, SEUNUDDON, ACEH UTARA, ACEH",62,15,179,194
https://kawalpemilu.org#3591,"MATANG LADA, SEUNUDDON, ACEH UTARA, ACEH",2,0,0,0
https://kawalpemilu.org#3591,"MATANG LADA, SEUNUDDON, ACEH UTARA, ACEH",63,8,181,189
https://kawalpemilu.org#3591,"MATANG LADA, SEUNUDDON, ACEH UTARA, ACEH",64,8,188,196
https://kawalpemilu.org#3591,"MATANG LADA, SEUNUDDON, ACEH UTARA, ACEH",66,3,208,211
https://kawalpemilu.org#3592,"ULE MATANG, SEUNUDDON, ACEH UTARA, ACEH",1,0,0,0
https://kawalpemilu.org#3592,"ULE MATANG, SEUNUDDON, ACEH UTARA, ACEH",67,13,149,162
https://kawalpemilu.org#3592,"ULE MATANG, SEUNUDDON, ACEH UTARA, ACEH",68,4,200,204
https://kawalpemilu.org#3592,"ULE MATANG, SEUNUDDON, ACEH UTARA, ACEH",69,7,221,228
https://kawalpemilu.org#3593,"MATANG KARIENG, SEUNUDDON, ACEH UTARA, ACEH",70,5,203,208
https://kawalpemilu.org#3594,"LHOK RAMBIDENG, SEUNUDDON, ACEH UTARA, ACEH",71,1,175,176
https://kawalpemilu.org#3594,"LHOK RAMBIDENG, SEUNUDDON, ACEH UTARA, ACEH",72,4,150,154
https://kawalpemilu.org#3594,"LHOK RAMBIDENG, SEUNUDDON, ACEH UTARA, ACEH",73,10,181,191
https://kawalpemilu.org#3595,"MATANG ANOE, SEUNUDDON, ACEH UTARA, ACEH",74,1,157,158
https://kawalpemilu.org#3595,"MATANG ANOE, SEUNUDDON, ACEH UTARA, ACEH",75,3,154,157
https://kawalpemilu.org#3595,"MATANG ANOE, SEUNUDDON, ACEH UTARA, ACEH",76,2,165,167
https://kawalpemilu.org#3596,"LHOK GEULITUT, SEUNUDDON, ACEH UTARA, ACEH",77,6,156,162
https://kawalpemilu.org#3597,"ULEE TITI, SEUNUDDON, ACEH UTARA, ACEH",78,8,182,190
https://kawalpemilu.org#3599,"KEUDE ARON, SYAMTALIRA ARON, ACEH UTARA, ACEH",1,0,0,0
https://kawalpemilu.org#3599,"KEUDE ARON, SYAMTALIRA ARON, ACEH UTARA, ACEH",27,5,60,65
https://kawalpemilu.org#3600,"DAYAH ARON, SYAMTALIRA ARON, ACEH UTARA, ACEH",1,0,0,0
https://kawalpemilu.org#3600,"DAYAH ARON, SYAMTALIRA ARON, ACEH UTARA, ACEH",23,7,185,192
https://kawalpemilu.org#3600,"DAYAH ARON, SYAMTALIRA ARON, ACEH UTARA, ACEH",24,15,190,205
https://kawalpemilu.org#3601,"MONCRANG, SYAMTALIRA ARON, ACEH UTARA, ACEH",19,9,175,184
https://kawalpemilu.org#3601,"MONCRANG, SYAMTALIRA ARON, ACEH UTARA, ACEH",20,9,172,181
https://kawalpemilu.org#3602,"KANOT, SYAMTALIRA ARON, ACEH UTARA, ACEH",1,0,0,0
https://kawalpemilu.org#3602,"KANOT, SYAMTALIRA ARON, ACEH UTARA, ACEH",21,2,177,179
https://kawalpemilu.org#3602,"KANOT, SYAMTALIRA ARON, ACEH UTARA, ACEH",22,6,144,150
https://kawalpemilu.org#3603,"MEURIA ARON, SYAMTALIRA ARON, ACEH UTARA, ACEH",25,6,130,136
https://kawalpemilu.org#3603,"MEURIA ARON, SYAMTALIRA ARON, ACEH UTARA, ACEH",26,5,130,135
https://kawalpemilu.org#3604,"ME ARON, SYAMTALIRA ARON, ACEH UTARA, ACEH",28,12,123,135
https://kawalpemilu.org#3604,"ME ARON, SYAMTALIRA ARON, ACEH UTARA, ACEH",29,7,125,132
https://kawalpemilu.org#3605,"GLOK, SYAMTALIRA ARON, ACEH UTARA, ACEH",30,7,132,139
https://kawalpemilu.org#3605,"GLOK, SYAMTALIRA ARON, ACEH UTARA, ACEH",31,13,138,151
https://kawalpemilu.org#3606,"CIBREK BAROH, SYAMTALIRA ARON, ACEH UTARA, ACEH",32,17,119,136
https://kawalpemilu.org#3606,"CIBREK BAROH, SYAMTALIRA ARON, ACEH UTARA, ACEH",33,7,121,128
https://kawalpemilu.org#3607,"CIBREK TUNONG, SYAMTALIRA ARON, ACEH UTARA, ACEH",34,14,183,197
https://kawalpemilu.org#3607,"CIBREK TUNONG, SYAMTALIRA ARON, ACEH UTARA, ACEH",35,10,175,185
https://kawalpemilu.org#3608,"MATANG MUNYE, SYAMTALIRA ARON, ACEH UTARA, ACEH",50,9,146,155
https://kawalpemilu.org#3608,"MATANG MUNYE, SYAMTALIRA ARON, ACEH UTARA, ACEH",51,7,150,157
https://kawalpemilu.org#3609,"PANTE, SYAMTALIRA ARON, ACEH UTARA, ACEH",36,17,146,163
https://kawalpemilu.org#3609,"PANTE, SYAMTALIRA ARON, ACEH UTARA, ACEH",37,4,163,167
https://kawalpemilu.org#3610,"KEUTAPANG, SYAMTALIRA ARON, ACEH UTARA, ACEH",38,10,186,196
https://kawalpemilu.org#3610,"KEUTAPANG, SYAMTALIRA ARON, ACEH UTARA, ACEH",39,11,185,196
https://kawalpemilu.org#3610,"KEUTAPANG, SYAMTALIRA ARON, ACEH UTARA, ACEH",40,21,175,196
https://kawalpemilu.org#3611,"BLANG, SYAMTALIRA ARON, ACEH UTARA, ACEH",47,5,147,152
https://kawalpemilu.org#3611,"BLANG, SYAMTALIRA ARON, ACEH UTARA, ACEH",48,4,134,138
https://kawalpemilu.org#3612,"TEUNGOH, SYAMTALIRA ARON, ACEH UTARA, ACEH",46,7,155,162
https://kawalpemilu.org#3613,"TANJONG KRUENG PASE, SYAMTALIRA ARON, ACEH UTARA, ACEH",49,12,125,137
https://kawalpemilu.org#3614,"MESJID, SYAMTALIRA ARON, ACEH UTARA, ACEH",42,9,158,167
https://kawalpemilu.org#3614,"MESJID, SYAMTALIRA ARON, ACEH UTARA, ACEH",43,19,158,177
https://kawalpemilu.org#3615,"KEUDE TEUPIN PUNTI, SYAMTALIRA ARON, ACEH UTARA, ACEH",1,0,0,0
https://kawalpemilu.org#3615,"KEUDE TEUPIN PUNTI, SYAMTALIRA ARON, ACEH UTARA, ACEH",41,0,57,57
https://kawalpemilu.org#3616,"KUMBANG, SYAMTALIRA ARON, ACEH UTARA, ACEH",44,10,192,202
https://kawalpemilu.org#3616,"KUMBANG, SYAMTALIRA ARON, ACEH UTARA, ACEH",45,16,191,207
https://kawalpemilu.org#3617,"U BLANG ASAN, SYAMTALIRA ARON, ACEH UTARA, ACEH",52,10,166,176
https://kawalpemilu.org#3617,"U BLANG ASAN, SYAMTALIRA ARON, ACEH UTARA, ACEH",53,11,162,173
https://kawalpemilu.org#3618,"CALONG, SYAMTALIRA ARON, ACEH UTARA, ACEH",54,5,145,150
https://kawalpemilu.org#3618,"CALONG, SYAMTALIRA ARON, ACEH UTARA, ACEH",55,5,144,149
https://kawalpemilu.org#3619,"MANYANG BAROH, SYAMTALIRA ARON, ACEH UTARA, ACEH",56,11,155,166
https://kawalpemilu.org#3619,"MANYANG BAROH, SYAMTALIRA ARON, ACEH UTARA, ACEH",57,11,166,177
https://kawalpemilu.org#3620,"PEUREUPOK, SYAMTALIRA ARON, ACEH UTARA, ACEH",59,15,158,173
https://kawalpemilu.org#3620,"PEUREUPOK, SYAMTALIRA ARON, ACEH UTARA, ACEH",60,20,153,173
https://kawalpemilu.org#3620,"PEUREUPOK, SYAMTALIRA ARON, ACEH UTARA, ACEH",61,13,158,171
https://kawalpemilu.org#3621,"ALUE GANTO, SYAMTALIRA ARON, ACEH UTARA, ACEH",58,23,131,154
https://kawalpemilu.org#3622,"PULO BLANG ASAN, SYAMTALIRA ARON, ACEH UTARA, ACEH",62,14,153,167
https://kawalpemilu.org#3622,"PULO BLANG ASAN, SYAMTALIRA ARON, ACEH UTARA, ACEH",63,7,160,167
https://kawalpemilu.org#3623,"KULAM, SYAMTALIRA ARON, ACEH UTARA, ACEH",1,19,202,221
https://kawalpemilu.org#3623,"KULAM, SYAMTALIRA ARON, ACEH UTARA, ACEH",2,27,200,227
https://kawalpemilu.org#3624,"AMPEH, SYAMTALIRA ARON, ACEH UTARA, ACEH",5,23,125,148
https://kawalpemilu.org#3624,"AMPEH, SYAMTALIRA ARON, ACEH UTARA, ACEH",6,11,150,161
https://kawalpemilu.org#3625,"DAYAH MEURIA, SYAMTALIRA ARON, ACEH UTARA, ACEH",1,0,0,0
https://kawalpemilu.org#3625,"DAYAH MEURIA, SYAMTALIRA ARON, ACEH UTARA, ACEH",3,10,110,120
https://kawalpemilu.org#3625,"DAYAH MEURIA, SYAMTALIRA ARON, ACEH UTARA, ACEH",4,10,101,111
https://kawalpemilu.org#3626,"MAMPRE, SYAMTALIRA ARON, ACEH UTARA, ACEH",7,19,171,190
https://kawalpemilu.org#3627,"MEUCAT, SYAMTALIRA ARON, ACEH UTARA, ACEH",16,16,161,177
https://kawalpemilu.org#3627,"MEUCAT, SYAMTALIRA ARON, ACEH UTARA, ACEH",17,10,176,186
https://kawalpemilu.org#3627,"MEUCAT, SYAMTALIRA ARON, ACEH UTARA, ACEH",18,10,173,183
https://kawalpemilu.org#3628,"ARA, SYAMTALIRA ARON, ACEH UTARA, ACEH",8,10,146,156
https://kawalpemilu.org#3628,"ARA, SYAMTALIRA ARON, ACEH UTARA, ACEH",9,29,130,159
https://kawalpemilu.org#3629,"HAGU, SYAMTALIRA ARON, ACEH UTARA, ACEH",10,16,131,147
https://kawalpemilu.org#3630,"AWE, SYAMTALIRA ARON, ACEH UTARA, ACEH",11,15,129,144
https://kawalpemilu.org#3630,"AWE, SYAMTALIRA ARON, ACEH UTARA, ACEH",12,12,122,134
https://kawalpemilu.org#3631,"TANJONG MEULING, SYAMTALIRA ARON, ACEH UTARA, ACEH",1,0,0,0
https://kawalpemilu.org#3631,"TANJONG MEULING, SYAMTALIRA ARON, ACEH UTARA, ACEH",13,14,155,169
https://kawalpemilu.org#3631,"TANJONG MEULING, SYAMTALIRA ARON, ACEH UTARA, ACEH",14,7,142,149
https://kawalpemilu.org#3632,"DAYA TEUNGKU, SYAMTALIRA ARON, ACEH UTARA, ACEH",15,11,113,124
https://kawalpemilu.org#3634,"BALE, SYAMTALIRA BAYU, ACEH UTARA, ACEH",1,0,0,0
https://kawalpemilu.org#3634,"BALE, SYAMTALIRA BAYU, ACEH UTARA, ACEH",6,13,153,166
https://kawalpemilu.org#3634,"BALE, SYAMTALIRA BAYU, ACEH UTARA, ACEH",7,16,139,155
https://kawalpemilu.org#3635,"BIE, SYAMTALIRA BAYU, ACEH UTARA, ACEH",17,8,186,194
https://kawalpemilu.org#3635,"BIE, SYAMTALIRA BAYU, ACEH UTARA, ACEH",18,10,185,195
https://kawalpemilu.org#3636,"BEURANDANG, SYAMTALIRA BAYU, ACEH UTARA, ACEH",16,5,130,135
https://kawalpemilu.org#3637,"BARO KULAM GAJAH, SYAMTALIRA BAYU, ACEH UTARA, ACEH",8,14,220,234
https://kawalpemilu.org#3638,"GLONG, SYAMTALIRA BAYU, ACEH UTARA, ACEH",38,3,132,135
https://kawalpemilu.org#3638,"GLONG, SYAMTALIRA BAYU, ACEH UTARA, ACEH",39,5,148,153
https://kawalpemilu.org#3639,"NIBONG, SYAMTALIRA BAYU, ACEH UTARA, ACEH",50,9,154,163
https://kawalpemilu.org#3639,"NIBONG, SYAMTALIRA BAYU, ACEH UTARA, ACEH",51,4,135,139
https://kawalpemilu.org#3640,"LANGA, SYAMTALIRA BAYU, ACEH UTARA, ACEH",47,14,181,195
https://kawalpemilu.org#3640,"LANGA, SYAMTALIRA BAYU, ACEH UTARA, ACEH",48,14,186,200
https://kawalpemilu.org#3641,"BEUNOT, SYAMTALIRA BAYU, ACEH UTARA, ACEH",10,13,179,192
https://kawalpemilu.org#3641,"BEUNOT, SYAMTALIRA BAYU, ACEH UTARA, ACEH",11,14,194,208
https://kawalpemilu.org#3641,"BEUNOT, SYAMTALIRA BAYU, ACEH UTARA, ACEH",12,5,180,185
https://kawalpemilu.org#3641,"BEUNOT, SYAMTALIRA BAYU, ACEH UTARA, ACEH",13,11,201,212
https://kawalpemilu.org#3641,"BEUNOT, SYAMTALIRA BAYU, ACEH UTARA, ACEH",14,7,195,202
https://kawalpemilu.org#3642,"KEUDE BAYU, SYAMTALIRA BAYU, ACEH UTARA, ACEH",1,0,0,0
https://kawalpemilu.org#3642,"KEUDE BAYU, SYAMTALIRA BAYU, ACEH UTARA, ACEH",42,9,129,138
https://kawalpemilu.org#3643,"BLANG BAYU, SYAMTALIRA BAYU, ACEH UTARA, ACEH",1,15,140,155
https://kawalpemilu.org#3643,"BLANG BAYU, SYAMTALIRA BAYU, ACEH UTARA, ACEH",2,15,148,163
https://kawalpemilu.org#3643,"BLANG BAYU, SYAMTALIRA BAYU, ACEH UTARA, ACEH",3,19,143,162
https://kawalpemilu.org#3643,"BLANG BAYU, SYAMTALIRA BAYU, ACEH UTARA, ACEH",21,15,140,155
https://kawalpemilu.org#3644,"DAYAH TUHA, SYAMTALIRA BAYU, ACEH UTARA, ACEH",2,8,167,175
https://kawalpemilu.org#3644,"DAYAH TUHA, SYAMTALIRA BAYU, ACEH UTARA, ACEH",35,4,149,153
https://kawalpemilu.org#3645,"DAYAH BARO, SYAMTALIRA BAYU, ACEH UTARA, ACEH",33,14,176,190
https://kawalpemilu.org#3646,"LANCOK, SYAMTALIRA BAYU, ACEH UTARA, ACEH",3,0,0,0
https://kawalpemilu.org#3646,"LANCOK, SYAMTALIRA BAYU, ACEH UTARA, ACEH",44,5,163,168
https://kawalpemilu.org#3646,"LANCOK, SYAMTALIRA BAYU, ACEH UTARA, ACEH",45,9,136,145
https://kawalpemilu.org#3646,"LANCOK, SYAMTALIRA BAYU, ACEH UTARA, ACEH",46,12,144,156
https://kawalpemilu.org#3647,"PUNTI, SYAMTALIRA BAYU, ACEH UTARA, ACEH",1,20,183,203
https://kawalpemilu.org#3647,"PUNTI, SYAMTALIRA BAYU, ACEH UTARA, ACEH",2,0,0,0
https://kawalpemilu.org#3647,"PUNTI, SYAMTALIRA BAYU, ACEH UTARA, ACEH",55,29,153,182
https://kawalpemilu.org#3647,"PUNTI, SYAMTALIRA BAYU, ACEH UTARA, ACEH",56,13,140,153
https://kawalpemilu.org#3648,"BUNGONG, SYAMTALIRA BAYU, ACEH UTARA, ACEH",30,17,115,132
https://kawalpemilu.org#3649,"BAROH BLANG RIMUENG, SYAMTALIRA BAYU, ACEH UTARA, ACEH",9,20,185,205
https://kawalpemilu.org#3650,"ULEE MEURIA, SYAMTALIRA BAYU, ACEH UTARA, ACEH",65,3,124,127
https://kawalpemilu.org#3651,"KAYEE PANYANG, SYAMTALIRA BAYU, ACEH UTARA, ACEH",2,5,170,175
https://kawalpemilu.org#3651,"KAYEE PANYANG, SYAMTALIRA BAYU, ACEH UTARA, ACEH",40,5,180,185
https://kawalpemilu.org#3651,"KAYEE PANYANG, SYAMTALIRA BAYU, ACEH UTARA, ACEH",41,5,170,175
https://kawalpemilu.org#3652,"RHENG, SYAMTALIRA BAYU, ACEH UTARA, ACEH",1,12,137,149
https://kawalpemilu.org#3652,"RHENG, SYAMTALIRA BAYU, ACEH UTARA, ACEH",2,5,148,153
https://kawalpemilu.org#3652,"RHENG, SYAMTALIRA BAYU, ACEH UTARA, ACEH",58,5,148,153
https://kawalpemilu.org#3653,"TRIENG MEUDUROE, SYAMTALIRA BAYU, ACEH UTARA, ACEH",61,20,193,213
https://kawalpemilu.org#3654,"ULEE GAMPONG, SYAMTALIRA BAYU, ACEH UTARA, ACEH",64,5,152,157
https://kawalpemilu.org#3655,"GAROT, SYAMTALIRA BAYU, ACEH UTARA, ACEH",37,13,192,205
https://kawalpemilu.org#3656,"BLANG AWE, SYAMTALIRA BAYU, ACEH UTARA, ACEH",19,7,186,193
https://kawalpemilu.org#3656,"BLANG AWE, SYAMTALIRA BAYU, ACEH UTARA, ACEH",20,4,209,213
https://kawalpemilu.org#3657,"PULO BLANG MANGAT, SYAMTALIRA BAYU, ACEH UTARA, ACEH",1,0,0,0
https://kawalpemilu.org#3657,"PULO BLANG MANGAT, SYAMTALIRA BAYU, ACEH UTARA, ACEH",52,4,217,221
https://kawalpemilu.org#3658,"CIBREK, SYAMTALIRA BAYU, ACEH UTARA, ACEH",31,4,169,173
https://kawalpemilu.org#3659,"PULO BLANG TRIENG, SYAMTALIRA BAYU, ACEH UTARA, ACEH",1,10,192,202
https://kawalpemilu.org#3659,"PULO BLANG TRIENG, SYAMTALIRA BAYU, ACEH UTARA, ACEH",53,10,192,202
https://kawalpemilu.org#3660,"MEUDANG ARA, SYAMTALIRA BAYU, ACEH UTARA, ACEH",49,12,123,135
https://kawalpemilu.org#3661,"CUT NEUHEUN, SYAMTALIRA BAYU, ACEH UTARA, ACEH",32,7,187,194
https://kawalpemilu.org#3662,"TUMPEUN, SYAMTALIRA BAYU, ACEH UTARA, ACEH",62,20,111,131
https://kawalpemilu.org#3662,"TUMPEUN, SYAMTALIRA BAYU, ACEH UTARA, ACEH",63,14,117,131
https://kawalpemilu.org#3663,"ALEN, SYAMTALIRA BAYU, ACEH UTARA, ACEH",1,7,97,104
https://kawalpemilu.org#3664,"DAYAH BLANG SEUREUKUY, SYAMTALIRA BAYU, ACEH UTARA, ACEH",34,4,205,209
https://kawalpemilu.org#3665,"BLANG PATRA, SYAMTALIRA BAYU, ACEH UTARA, ACEH",26,9,117,126
https://kawalpemilu.org#3666,"BLANG MAJRON, SYAMTALIRA BAYU, ACEH UTARA, ACEH",24,8,137,145
https://kawalpemilu.org#3666,"BLANG MAJRON, SYAMTALIRA BAYU, ACEH UTARA, ACEH",25,12,149,161
https://kawalpemilu.org#3667,"SEUNEUBOK BARO, SYAMTALIRA BAYU, ACEH UTARA, ACEH",1,16,125,141
https://kawalpemilu.org#3668,"BUKET GLUMPANG, SYAMTALIRA BAYU, ACEH UTARA, ACEH",28,10,134,144
https://kawalpemilu.org#3669,"ALUE MAJRON, SYAMTALIRA BAYU, ACEH UTARA, ACEH",3,14,138,152
https://kawalpemilu.org#3669,"ALUE MAJRON, SYAMTALIRA BAYU, ACEH UTARA, ACEH",4,16,140,156
https://kawalpemilu.org#3669,"ALUE MAJRON, SYAMTALIRA BAYU, ACEH UTARA, ACEH",5,11,117,128
https://kawalpemilu.org#3670,"SIREN TUJOH, SYAMTALIRA BAYU, ACEH UTARA, ACEH",60,12,131,143
https://kawalpemilu.org#3671,"BLANG SEUREUKUY, SYAMTALIRA BAYU, ACEH UTARA, ACEH",27,10,161,171
https://kawalpemilu.org#3673,"PULO BLANG, TANAH LUAS, ACEH UTARA, ACEH",1,9,50,59
https://kawalpemilu.org#3674,"MATANG BEN, TANAH LUAS, ACEH UTARA, ACEH",1,0,0,0
https://kawalpemilu.org#3674,"MATANG BEN, TANAH LUAS, ACEH UTARA, ACEH",2,13,146,159
https://kawalpemilu.org#3674,"MATANG BEN, TANAH LUAS, ACEH UTARA, ACEH",3,9,137,146
https://kawalpemilu.org#3674,"MATANG BEN, TANAH LUAS, ACEH UTARA, ACEH",4,3,129,132
https://kawalpemilu.org#3675,"MATANG CIBREK, TANAH LUAS, ACEH UTARA, ACEH",5,16,136,152
https://kawalpemilu.org#3676,"DENG, TANAH LUAS, ACEH UTARA, ACEH",6,37,139,176
https://kawalpemilu.org#3677,"RAWA, TANAH LUAS, ACEH UTARA, ACEH",7,18,91,109
https://kawalpemilu.org#3677,"RAWA, TANAH LUAS, ACEH UTARA, ACEH",8,7,106,113
https://kawalpemilu.org#3678,"PUNTI PULO AGAM, TANAH LUAS, ACEH UTARA, ACEH",9,3,125,128
https://kawalpemilu.org#3678,"PUNTI PULO AGAM, TANAH LUAS, ACEH UTARA, ACEH",10,7,122,129
https://kawalpemilu.org#3679,"ALUE PANGKAT, TANAH LUAS, ACEH UTARA, ACEH",1,9,130,139
https://kawalpemilu.org#3680,"TEUNGOH PULO AGAM, TANAH LUAS, ACEH UTARA, ACEH",12,6,90,96
https://kawalpemilu.org#3681,"HUENG, TANAH LUAS, ACEH UTARA, ACEH",2,0,0,0
https://kawalpemilu.org#3681,"HUENG, TANAH LUAS, ACEH UTARA, ACEH",13,8,131,139
https://kawalpemilu.org#3681,"HUENG, TANAH LUAS, ACEH UTARA, ACEH",14,5,137,142
https://kawalpemilu.org#3682,"PULO U, TANAH LUAS, ACEH UTARA, ACEH",15,44,149,193
https://kawalpemilu.org#3683,"ALUE KEUJRUEN, TANAH LUAS, ACEH UTARA, ACEH",1,0,0,0
https://kawalpemilu.org#3683,"ALUE KEUJRUEN, TANAH LUAS, ACEH UTARA, ACEH",2,0,0,0
https://kawalpemilu.org#3683,"ALUE KEUJRUEN, TANAH LUAS, ACEH UTARA, ACEH",16,40,139,179
https://kawalpemilu.org#3683,"ALUE KEUJRUEN, TANAH LUAS, ACEH UTARA, ACEH",17,28,131,159
https://kawalpemilu.org#3684,"PAYA BERANDANG, TANAH LUAS, ACEH UTARA, ACEH",18,16,121,137
https://kawalpemilu.org#3684,"PAYA BERANDANG, TANAH LUAS, ACEH UTARA, ACEH",19,17,121,138
https://kawalpemilu.org#3685,"MANYANG TUNONG, TANAH LUAS, ACEH UTARA, ACEH",20,13,187,200
https://kawalpemilu.org#3686,"TUTONG, TANAH LUAS, ACEH UTARA, ACEH",1,0,0,0
https://kawalpemilu.org#3686,"TUTONG, TANAH LUAS, ACEH UTARA, ACEH",21,23,159,182
https://kawalpemilu.org#3686,"TUTONG, TANAH LUAS, ACEH UTARA, ACEH",22,16,151,167
https://kawalpemilu.org#3687,"AMPEH, TANAH LUAS, ACEH UTARA, ACEH",1,0,0,0
https://kawalpemilu.org#3687,"AMPEH, TANAH LUAS, ACEH UTARA, ACEH",2,0,0,0
https://kawalpemilu.org#3687,"AMPEH, TANAH LUAS, ACEH UTARA, ACEH",3,0,0,0
https://kawalpemilu.org#3687,"AMPEH, TANAH LUAS, ACEH UTARA, ACEH",23,11,152,163
https://kawalpemilu.org#3687,"AMPEH, TANAH LUAS, ACEH UTARA, ACEH",24,6,150,156
https://kawalpemilu.org#3687,"AMPEH, TANAH LUAS, ACEH UTARA, ACEH",25,9,148,157
https://kawalpemilu.org#3688,"ALUE, TANAH LUAS, ACEH UTARA, ACEH",1,0,0,0
https://kawalpemilu.org#3688,"ALUE, TANAH LUAS, ACEH UTARA, ACEH",2,0,0,0
https://kawalpemilu.org#3688,"ALUE, TANAH LUAS, ACEH UTARA, ACEH",26,6,201,207
https://kawalpemilu.org#3688,"ALUE, TANAH LUAS, ACEH UTARA, ACEH",27,11,212,223
https://kawalpemilu.org#3689,"TEUNGKU DIBALEE, TANAH LUAS, ACEH UTARA, ACEH",28,12,144,156
https://kawalpemilu.org#3689,"TEUNGKU DIBALEE, TANAH LUAS, ACEH UTARA, ACEH",29,9,146,155
https://kawalpemilu.org#3690,"KEUDE BLANG JRUEN, TANAH LUAS, ACEH UTARA, ACEH",30,7,119,126
https://kawalpemilu.org#3691,"BLANG JRUEN, TANAH LUAS, ACEH UTARA, ACEH",1,0,0,0
https://kawalpemilu.org#3691,"BLANG JRUEN, TANAH LUAS, ACEH UTARA, ACEH",2,0,0,0
https://kawalpemilu.org#3691,"BLANG JRUEN, TANAH LUAS, ACEH UTARA, ACEH",31,10,157,167
https://kawalpemilu.org#3691,"BLANG JRUEN, TANAH LUAS, ACEH UTARA, ACEH",32,15,143,158
https://kawalpemilu.org#3692,"UJ. BAROH BERGHANG, TANAH LUAS, ACEH UTARA, ACEH",1,0,0,0
https://kawalpemilu.org#3692,"UJ. BAROH BERGHANG, TANAH LUAS, ACEH UTARA, ACEH",33,26,181,207
https://kawalpemilu.org#3692,"UJ. BAROH BERGHANG, TANAH LUAS, ACEH UTARA, ACEH",34,23,172,195
https://kawalpemilu.org#3693,"JEUMPA, TANAH LUAS, ACEH UTARA, ACEH",35,13,148,161
https://kawalpemilu.org#3693,"JEUMPA, TANAH LUAS, ACEH UTARA, ACEH",36,10,167,177
https://kawalpemilu.org#3694,"TEUNGOH BERGHANG, TANAH LUAS, ACEH UTARA, ACEH",1,0,0,0
https://kawalpemilu.org#3694,"TEUNGOH BERGHANG, TANAH LUAS, ACEH UTARA, ACEH",37,7,143,50
https://kawalpemilu.org#3694,"TEUNGOH BERGHANG, TANAH LUAS, ACEH UTARA, ACEH",38,9,120,129
https://kawalpemilu.org#3695,"PANTE, TANAH LUAS, ACEH UTARA, ACEH",39,10,129,139
https://kawalpemilu.org#3695,"PANTE, TANAH LUAS, ACEH UTARA, ACEH",40,10,129,139
https://kawalpemilu.org#3696,"SERBA JAMAN, TANAH LUAS, ACEH UTARA, ACEH",1,0,0,0
https://kawalpemilu.org#3696,"SERBA JAMAN, TANAH LUAS, ACEH UTARA, ACEH",41,1,145,146
https://kawalpemilu.org#3696,"SERBA JAMAN, TANAH LUAS, ACEH UTARA, ACEH",42,14,110,124
https://kawalpemilu.org#3697,"RAYEUK NALEUNG, TANAH LUAS, ACEH UTARA, ACEH",43,9,183,192
https://kawalpemilu.org#3697,"RAYEUK NALEUNG, TANAH LUAS, ACEH UTARA, ACEH",44,26,164,190
https://kawalpemilu.org#3697,"RAYEUK NALEUNG, TANAH LUAS, ACEH UTARA, ACEH",45,23,225,248
https://kawalpemilu.org#3698,"RANGKAYA, TANAH LUAS, ACEH UTARA, ACEH",46,8,125,133
https://kawalpemilu.org#3698,"RANGKAYA, TANAH LUAS, ACEH UTARA, ACEH",47,8,141,149
https://kawalpemilu.org#3699,"PAYA, TANAH LUAS, ACEH UTARA, ACEH",48,18,220,238
https://kawalpemilu.org#3700,"BLANG BIDOK, TANAH LUAS, ACEH UTARA, ACEH",1,0,0,0
https://kawalpemilu.org#3700,"BLANG BIDOK, TANAH LUAS, ACEH UTARA, ACEH",49,20,165,185
https://kawalpemilu.org#3700,"BLANG BIDOK, TANAH LUAS, ACEH UTARA, ACEH",50,23,135,158
https://kawalpemilu.org#3701,"RAYEUK KUTA, TANAH LUAS, ACEH UTARA, ACEH",51,14,132,146
https://kawalpemilu.org#3701,"RAYEUK KUTA, TANAH LUAS, ACEH UTARA, ACEH",52,11,184,195
https://kawalpemilu.org#3701,"RAYEUK KUTA, TANAH LUAS, ACEH UTARA, ACEH",53,16,127,143
https://kawalpemilu.org#3702,"RAYEUK MUNYE, TANAH LUAS, ACEH UTARA, ACEH",54,9,167,176
https://kawalpemilu.org#3702,"RAYEUK MUNYE, TANAH LUAS, ACEH UTARA, ACEH",55,16,144,160
https://kawalpemilu.org#3702,"RAYEUK MUNYE, TANAH LUAS, ACEH UTARA, ACEH",56,10,166,176
https://kawalpemilu.org#3703,"UJONG BAROH SB, TANAH LUAS, ACEH UTARA, ACEH",57,5,205,210
https://kawalpemilu.org#3704,"TRIENG, TANAH LUAS, ACEH UTARA, ACEH",58,13,234,247
https://kawalpemilu.org#3705,"MANYANG, TANAH LUAS, ACEH UTARA, ACEH",1,0,0,0
https://kawalpemilu.org#3705,"MANYANG, TANAH LUAS, ACEH UTARA, ACEH",59,3,210,213
https://kawalpemilu.org#3706,"CIBREK, TANAH LUAS, ACEH UTARA, ACEH",1,0,0,0
https://kawalpemilu.org#3706,"CIBREK, TANAH LUAS, ACEH UTARA, ACEH",2,0,0,0
https://kawalpemilu.org#3706,"CIBREK, TANAH LUAS, ACEH UTARA, ACEH",60,8,121,129
https://kawalpemilu.org#3706,"CIBREK, TANAH LUAS, ACEH UTARA, ACEH",61,13,116,129
https://kawalpemilu.org#3707,"KEUTAPANG, TANAH LUAS, ACEH UTARA, ACEH",62,22,156,178
https://kawalpemilu.org#3708,"MATANG MANE, TANAH LUAS, ACEH UTARA, ACEH",63,7,135,142
https://kawalpemilu.org#3708,"MATANG MANE, TANAH LUAS, ACEH UTARA, ACEH",65,6,143,149
https://kawalpemilu.org#3709,"ALUE GAMPONG, TANAH LUAS, ACEH UTARA, ACEH",66,13,199,212
https://kawalpemilu.org#3710,"BAYI, TANAH LUAS, ACEH UTARA, ACEH",1,0,0,0
https://kawalpemilu.org#3710,"BAYI, TANAH LUAS, ACEH UTARA, ACEH",67,9,188,197
https://kawalpemilu.org#3711,"TUMPOK ACEH, TANAH LUAS, ACEH UTARA, ACEH",1,0,0,0
https://kawalpemilu.org#3711,"TUMPOK ACEH, TANAH LUAS, ACEH UTARA, ACEH",68,10,61,71
https://kawalpemilu.org#3712,"ULEE BUKET, TANAH LUAS, ACEH UTARA, ACEH",1,0,0,0
https://kawalpemilu.org#3712,"ULEE BUKET, TANAH LUAS, ACEH UTARA, ACEH",69,5,96,101
https://kawalpemilu.org#3713,"COT DAH, TANAH LUAS, ACEH UTARA, ACEH",1,0,0,0
https://kawalpemilu.org#3713,"COT DAH, TANAH LUAS, ACEH UTARA, ACEH",70,18,132,150
https://kawalpemilu.org#3714,"LEUPON SIREN, TANAH LUAS, ACEH UTARA, ACEH",1,0,0,0
https://kawalpemilu.org#3714,"LEUPON SIREN, TANAH LUAS, ACEH UTARA, ACEH",71,4,80,84
https://kawalpemilu.org#3715,"BLANG TRIENG, TANAH LUAS, ACEH UTARA, ACEH",1,0,0,0
https://kawalpemilu.org#3715,"BLANG TRIENG, TANAH LUAS, ACEH UTARA, ACEH",72,1,75,76
https://kawalpemilu.org#3716,"ALUE SIJUEK, TANAH LUAS, ACEH UTARA, ACEH",1,0,0,0
https://kawalpemilu.org#3716,"ALUE SIJUEK, TANAH LUAS, ACEH UTARA, ACEH",73,3,80,83
https://kawalpemilu.org#3717,"HAGU, TANAH LUAS, ACEH UTARA, ACEH",1,0,0,0
https://kawalpemilu.org#3717,"HAGU, TANAH LUAS, ACEH UTARA, ACEH",74,17,128,145
https://kawalpemilu.org#3718,"TEUPIN ME, TANAH LUAS, ACEH UTARA, ACEH",1,0,0,0
https://kawalpemilu.org#3718,"TEUPIN ME, TANAH LUAS, ACEH UTARA, ACEH",75,3,139,142
https://kawalpemilu.org#3720,"BLANG PIE, TANAH LUAS, ACEH UTARA, ACEH",1,0,0,0
https://kawalpemilu.org#3720,"BLANG PIE, TANAH LUAS, ACEH UTARA, ACEH",77,3,113,116
https://kawalpemilu.org#3721,"PUNTI SEULEUMAK BRT., TANAH LUAS, ACEH UTARA, ACEH",1,0,0,0
https://kawalpemilu.org#3721,"PUNTI SEULEUMAK BRT., TANAH LUAS, ACEH UTARA, ACEH",78,15,211,226
https://kawalpemilu.org#3722,"SERBAJAMAN TUNONG, TANAH LUAS, ACEH UTARA, ACEH",1,0,0,0
https://kawalpemilu.org#3722,"SERBAJAMAN TUNONG, TANAH LUAS, ACEH UTARA, ACEH",79,3,246,249
https://kawalpemilu.org#3723,"LEUHONG, TANAH LUAS, ACEH UTARA, ACEH",1,0,0,0
https://kawalpemilu.org#3723,"LEUHONG, TANAH LUAS, ACEH UTARA, ACEH",80,19,170,189
https://kawalpemilu.org#3724,"BLANG, TANAH LUAS, ACEH UTARA, ACEH",81,5,225,230
https://kawalpemilu.org#3725,"TANJONG MESJID, TANAH LUAS, ACEH UTARA, ACEH",1,0,0,0
https://kawalpemilu.org#3725,"TANJONG MESJID, TANAH LUAS, ACEH UTARA, ACEH",82,4,88,92
https://kawalpemilu.org#3726,"SERBAJAMANBAROH, TANAH LUAS, ACEH UTARA, ACEH",83,8,122,120
https://kawalpemilu.org#3727,"COT BARAT, TANAH LUAS, ACEH UTARA, ACEH",1,0,0,0
https://kawalpemilu.org#3727,"COT BARAT, TANAH LUAS, ACEH UTARA, ACEH",84,18,130,148
https://kawalpemilu.org#3728,"MATANG BALOI, TANAH LUAS, ACEH UTARA, ACEH",85,6,164,170
https://kawalpemilu.org#3728,"MATANG BALOI, TANAH LUAS, ACEH UTARA, ACEH",86,9,168,177
https://kawalpemilu.org#3729,"BUKET MAKARTI, TANAH LUAS, ACEH UTARA, ACEH",1,0,0,0
https://kawalpemilu.org#3729,"BUKET MAKARTI, TANAH LUAS, ACEH UTARA, ACEH",87,1,89,90
https://kawalpemilu.org#3731,"ALUE, TANAH PASIR, ACEH UTARA, ACEH",1,24,118,142
https://kawalpemilu.org#3732,"ME MATANG PANYANG, TANAH PASIR, ACEH UTARA, ACEH",2,13,147,160
https://kawalpemilu.org#3732,"ME MATANG PANYANG, TANAH PASIR, ACEH UTARA, ACEH",3,13,160,173
https://kawalpemilu.org#3733,"BLANG, TANAH PASIR, ACEH UTARA, ACEH",4,22,130,152
https://kawalpemilu.org#3733,"BLANG, TANAH PASIR, ACEH UTARA, ACEH",5,20,183,203
https://kawalpemilu.org#3734,"PALOH, TANAH PASIR, ACEH UTARA, ACEH",6,18,183,201
https://kawalpemilu.org#3734,"PALOH, TANAH PASIR, ACEH UTARA, ACEH",7,16,180,196
https://kawalpemilu.org#3734,"PALOH, TANAH PASIR, ACEH UTARA, ACEH",8,13,178,191
https://kawalpemilu.org#3735,"KEUDE MATANG PYG, TANAH PASIR, ACEH UTARA, ACEH",9,3,73,76
https://kawalpemilu.org#3736,"GAMPONG PANDE, TANAH PASIR, ACEH UTARA, ACEH",10,9,162,171
https://kawalpemilu.org#3736,"GAMPONG PANDE, TANAH PASIR, ACEH UTARA, ACEH",11,12,178,190
https://kawalpemilu.org#3736,"GAMPONG PANDE, TANAH PASIR, ACEH UTARA, ACEH",12,8,182,190
https://kawalpemilu.org#3737,"MATANG JANENG, TANAH PASIR, ACEH UTARA, ACEH",13,7,159,166
https://kawalpemilu.org#3737,"MATANG JANENG, TANAH PASIR, ACEH UTARA, ACEH",14,13,179,192
https://kawalpemilu.org#3738,"CANGGUEK, TANAH PASIR, ACEH UTARA, ACEH",15,13,120,133
https://kawalpemilu.org#3739,"KUMBANG, TANAH PASIR, ACEH UTARA, ACEH",1,6,115,121
https://kawalpemilu.org#3739,"KUMBANG, TANAH PASIR, ACEH UTARA, ACEH",2,14,106,120
https://kawalpemilu.org#3740,"PRIE, TANAH PASIR, ACEH UTARA, ACEH",19,9,116,125
https://kawalpemilu.org#3740,"PRIE, TANAH PASIR, ACEH UTARA, ACEH",20,4,139,143
https://kawalpemilu.org#3741,"KEUTAPANG, TANAH PASIR, ACEH UTARA, ACEH",21,12,144,156
https://kawalpemilu.org#3741,"KEUTAPANG, TANAH PASIR, ACEH UTARA, ACEH",22,9,143,152
https://kawalpemilu.org#3742,"KEUDE JRAT MANYANG, TANAH PASIR, ACEH UTARA, ACEH",23,12,54,66
https://kawalpemilu.org#3743,"TEUPIN GAPEUH, TANAH PASIR, ACEH UTARA, ACEH",2,10,191,201
https://kawalpemilu.org#3743,"TEUPIN GAPEUH, TANAH PASIR, ACEH UTARA, ACEH",24,9,165,174
https://kawalpemilu.org#3744,"CIBREK, TANAH PASIR, ACEH UTARA, ACEH",26,16,154,170
https://kawalpemilu.org#3745,"ME MEUREUBO, TANAH PASIR, ACEH UTARA, ACEH",27,9,128,137
https://kawalpemilu.org#3745,"ME MEUREUBO, TANAH PASIR, ACEH UTARA, ACEH",28,13,133,146
https://kawalpemilu.org#3746,"ULEE TANOH, TANAH PASIR, ACEH UTARA, ACEH",29,16,206,222
https://kawalpemilu.org#3746,"ULEE TANOH, TANAH PASIR, ACEH UTARA, ACEH",30,10,207,217
https://kawalpemilu.org#3747,"MATANG RANUP LASEH, TANAH PASIR, ACEH UTARA, ACEH",31,6,113,119
https://kawalpemilu.org#3748,"KUALA KEUREUTEU BARAT, TANAH PASIR, ACEH UTARA, ACEH",32,2,124,126
https://kawalpemilu.org#3750,"TEUPIN GAJAH, TANAH JAMBO AYE, ACEH UTARA, ACEH",1,3,165,168
https://kawalpemilu.org#3750,"TEUPIN GAJAH, TANAH JAMBO AYE, ACEH UTARA, ACEH",2,9,185,194
https://kawalpemilu.org#3750,"TEUPIN GAJAH, TANAH JAMBO AYE, ACEH UTARA, ACEH",3,12,171,183
https://kawalpemilu.org#3750,"TEUPIN GAJAH, TANAH JAMBO AYE, ACEH UTARA, ACEH",4,7,180,187
https://kawalpemilu.org#3750,"TEUPIN GAJAH, TANAH JAMBO AYE, ACEH UTARA, ACEH",5,16,176,192
https://kawalpemilu.org#3750,"TEUPIN GAJAH, TANAH JAMBO AYE, ACEH UTARA, ACEH",6,8,162,170
https://kawalpemilu.org#3750,"TEUPIN GAJAH, TANAH JAMBO AYE, ACEH UTARA, ACEH",25,3,165,168
https://kawalpemilu.org#3751,"GLUMPANG UMPONG UNOU, TANAH JAMBO AYE, ACEH UTARA, ACEH",1,25,120,145
https://kawalpemilu.org#3751,"GLUMPANG UMPONG UNOU, TANAH JAMBO AYE, ACEH UTARA, ACEH",2,14,117,131
https://kawalpemilu.org#3752,"RANTO PANYANG, TANAH JAMBO AYE, ACEH UTARA, ACEH",1,0,0,0
https://kawalpemilu.org#3752,"RANTO PANYANG, TANAH JAMBO AYE, ACEH UTARA, ACEH",3,9,142,151
https://kawalpemilu.org#3753,"SEUNEUBOK DOE, TANAH JAMBO AYE, ACEH UTARA, ACEH",1,0,0,0
https://kawalpemilu.org#3753,"SEUNEUBOK DOE, TANAH JAMBO AYE, ACEH UTARA, ACEH",4,14,157,171
https://kawalpemilu.org#3754,"MEUNASAH GEUDONG, TANAH JAMBO AYE, ACEH UTARA, ACEH",1,0,0,0
https://kawalpemilu.org#3754,"MEUNASAH GEUDONG, TANAH JAMBO AYE, ACEH UTARA, ACEH",7,13,153,166
https://kawalpemilu.org#3754,"MEUNASAH GEUDONG, TANAH JAMBO AYE, ACEH UTARA, ACEH",8,16,136,152
https://kawalpemilu.org#3754,"MEUNASAH GEUDONG, TANAH JAMBO AYE, ACEH UTARA, ACEH",9,9,138,147
https://kawalpemilu.org#3755,"MEUNASAH MERBO, TANAH JAMBO AYE, ACEH UTARA, ACEH",1,0,0,0
https://kawalpemilu.org#3755,"MEUNASAH MERBO, TANAH JAMBO AYE, ACEH UTARA, ACEH",2,0,0,0
https://kawalpemilu.org#3755,"MEUNASAH MERBO, TANAH JAMBO AYE, ACEH UTARA, ACEH",5,24,141,165
https://kawalpemilu.org#3755,"MEUNASAH MERBO, TANAH JAMBO AYE, ACEH UTARA, ACEH",6,9,146,155
https://kawalpemilu.org#3756,"MEUNASAH DAYAH, TANAH JAMBO AYE, ACEH UTARA, ACEH",1,0,0,0
https://kawalpemilu.org#3756,"MEUNASAH DAYAH, TANAH JAMBO AYE, ACEH UTARA, ACEH",2,0,0,0
https://kawalpemilu.org#3756,"MEUNASAH DAYAH, TANAH JAMBO AYE, ACEH UTARA, ACEH",10,7,123,130
https://kawalpemilu.org#3756,"MEUNASAH DAYAH, TANAH JAMBO AYE, ACEH UTARA, ACEH",11,15,112,127
https://kawalpemilu.org#3757,"SEUNEUBOK PIDIE, TANAH JAMBO AYE, ACEH UTARA, ACEH",1,0,0,0
https://kawalpemilu.org#3757,"SEUNEUBOK PIDIE, TANAH JAMBO AYE, ACEH UTARA, ACEH",2,0,0,0
https://kawalpemilu.org#3757,"SEUNEUBOK PIDIE, TANAH JAMBO AYE, ACEH UTARA, ACEH",12,15,149,164
https://kawalpemilu.org#3757,"SEUNEUBOK PIDIE, TANAH JAMBO AYE, ACEH UTARA, ACEH",13,11,138,149
https://kawalpemilu.org#3758,"TANJONG MENUANG, TANAH JAMBO AYE, ACEH UTARA, ACEH",1,0,0,0
https://kawalpemilu.org#3758,"TANJONG MENUANG, TANAH JAMBO AYE, ACEH UTARA, ACEH",2,0,0,0
https://kawalpemilu.org#3758,"TANJONG MENUANG, TANAH JAMBO AYE, ACEH UTARA, ACEH",3,0,0,0
https://kawalpemilu.org#3758,"TANJONG MENUANG, TANAH JAMBO AYE, ACEH UTARA, ACEH",15,1,180,181
https://kawalpemilu.org#3758,"TANJONG MENUANG, TANAH JAMBO AYE, ACEH UTARA, ACEH",16,4,185,189
https://kawalpemilu.org#3758,"TANJONG MENUANG, TANAH JAMBO AYE, ACEH UTARA, ACEH",17,6,177,183
https://kawalpemilu.org#3759,"TANJONG MEUNYE, TANAH JAMBO AYE, ACEH UTARA, ACEH",21,8,162,170
https://kawalpemilu.org#3759,"TANJONG MEUNYE, TANAH JAMBO AYE, ACEH UTARA, ACEH",22,7,142,149
https://kawalpemilu.org#3759,"TANJONG MEUNYE, TANAH JAMBO AYE, ACEH UTARA, ACEH",23,9,151,160
https://kawalpemilu.org#3759,"TANJONG MEUNYE, TANAH JAMBO AYE, ACEH UTARA, ACEH",24,6,158,164
https://kawalpemilu.org#3760,"MATANG JURONG, TANAH JAMBO AYE, ACEH UTARA, ACEH",1,6,186,192
https://kawalpemilu.org#3760,"MATANG JURONG, TANAH JAMBO AYE, ACEH UTARA, ACEH",14,6,186,192
https://kawalpemilu.org#3761,"TANJONG DALAM UTARA, TANAH JAMBO AYE, ACEH UTARA, ACEH",1,5,194,199
https://kawalpemilu.org#3761,"TANJONG DALAM UTARA, TANAH JAMBO AYE, ACEH UTARA, ACEH",2,17,162,179
https://kawalpemilu.org#3762,"MATANG TEUNGOH-TEUNGOH, TANAH JAMBO AYE, ACEH UTARA, ACEH",1,0,0,0
https://kawalpemilu.org#3762,"MATANG TEUNGOH-TEUNGOH, TANAH JAMBO AYE, ACEH UTARA, ACEH",117,27,176,203
https://kawalpemilu.org#3763,"ALUE IE MIRAH, TANAH JAMBO AYE, ACEH UTARA, ACEH",103,9,164,174
https://kawalpemilu.org#3764,"TANJONG PUNTI, TANAH JAMBO AYE, ACEH UTARA, ACEH",1,0,0,0
https://kawalpemilu.org#3764,"TANJONG PUNTI, TANAH JAMBO AYE, ACEH UTARA, ACEH",105,8,99,107
https://kawalpemilu.org#3765,"TANJONG ARA, TANAH JAMBO AYE, ACEH UTARA, ACEH",1,0,0,0
https://kawalpemilu.org#3765,"TANJONG ARA, TANAH JAMBO AYE, ACEH UTARA, ACEH",3,0,0,0
https://kawalpemilu.org#3765,"TANJONG ARA, TANAH JAMBO AYE, ACEH UTARA, ACEH",4,0,0,0
https://kawalpemilu.org#3765,"TANJONG ARA, TANAH JAMBO AYE, ACEH UTARA, ACEH",99,4,188,192
https://kawalpemilu.org#3765,"TANJONG ARA, TANAH JAMBO AYE, ACEH UTARA, ACEH",100,11,162,173
https://kawalpemilu.org#3765,"TANJONG ARA, TANAH JAMBO AYE, ACEH UTARA, ACEH",101,38,215,253
https://kawalpemilu.org#3765,"TANJONG ARA, TANAH JAMBO AYE, ACEH UTARA, ACEH",102,49,170,219
https://kawalpemilu.org#3767,"LHOK REUDEUP, TANAH JAMBO AYE, ACEH UTARA, ACEH",2,0,0,0
https://kawalpemilu.org#3767,"LHOK REUDEUP, TANAH JAMBO AYE, ACEH UTARA, ACEH",109,6,96,102
https://kawalpemilu.org#3767,"LHOK REUDEUP, TANAH JAMBO AYE, ACEH UTARA, ACEH",110,9,74,83
https://kawalpemilu.org#3768,"LHOK MERBO, TANAH JAMBO AYE, ACEH UTARA, ACEH",2,0,0,0
https://kawalpemilu.org#3768,"LHOK MERBO, TANAH JAMBO AYE, ACEH UTARA, ACEH",114,9,110,119
https://kawalpemilu.org#3768,"LHOK MERBO, TANAH JAMBO AYE, ACEH UTARA, ACEH",115,19,113,132
https://kawalpemilu.org#3769,"MATANG MANEH, TANAH JAMBO AYE, ACEH UTARA, ACEH",1,0,0,0
https://kawalpemilu.org#3769,"MATANG MANEH, TANAH JAMBO AYE, ACEH UTARA, ACEH",107,18,153,171
https://kawalpemilu.org#3769,"MATANG MANEH, TANAH JAMBO AYE, ACEH UTARA, ACEH",108,25,150,175
https://kawalpemilu.org#3771,"MATANG SERDANG, TANAH JAMBO AYE, ACEH UTARA, ACEH",1,27,186,213
https://kawalpemilu.org#3771,"MATANG SERDANG, TANAH JAMBO AYE, ACEH UTARA, ACEH",2,15,104,119
https://kawalpemilu.org#3771,"MATANG SERDANG, TANAH JAMBO AYE, ACEH UTARA, ACEH",3,17,127,144
https://kawalpemilu.org#3771,"MATANG SERDANG, TANAH JAMBO AYE, ACEH UTARA, ACEH",4,18,106,124
https://kawalpemilu.org#3772,"MATANG SANTOT, TANAH JAMBO AYE, ACEH UTARA, ACEH",106,14,146,160
https://kawalpemilu.org#3773,"BUKET PADANG, TANAH JAMBO AYE, ACEH UTARA, ACEH",2,0,0,0
https://kawalpemilu.org#3773,"BUKET PADANG, TANAH JAMBO AYE, ACEH UTARA, ACEH",113,7,114,121
https://kawalpemilu.org#3774,"MATANG SEUKE PULOT, TANAH JAMBO AYE, ACEH UTARA, ACEH",2,0,0,0
https://kawalpemilu.org#3774,"MATANG SEUKE PULOT, TANAH JAMBO AYE, ACEH UTARA, ACEH",123,10,122,132
https://kawalpemilu.org#3774,"MATANG SEUKE PULOT, TANAH JAMBO AYE, ACEH UTARA, ACEH",124,23,113,136
https://kawalpemilu.org#3775,"LHOK BEURINGEN, TANAH JAMBO AYE, ACEH UTARA, ACEH",1,0,0,0
https://kawalpemilu.org#3775,"LHOK BEURINGEN, TANAH JAMBO AYE, ACEH UTARA, ACEH",116,6,127,133
https://kawalpemilu.org#3776,"LUENG TUHA, TANAH JAMBO AYE, ACEH UTARA, ACEH",1,0,0,0
https://kawalpemilu.org#3776,"LUENG TUHA, TANAH JAMBO AYE, ACEH UTARA, ACEH",125,5,168,173
https://kawalpemilu.org#3777,"BUKET BATEE BADAN, TANAH JAMBO AYE, ACEH UTARA, ACEH",1,0,0,0
https://kawalpemilu.org#3777,"BUKET BATEE BADAN, TANAH JAMBO AYE, ACEH UTARA, ACEH",98,8,168,176
https://kawalpemilu.org#3778,"MATANG RAYA, TANAH JAMBO AYE, ACEH UTARA, ACEH",1,0,0,0
https://kawalpemilu.org#3778,"MATANG RAYA, TANAH JAMBO AYE, ACEH UTARA, ACEH",118,19,138,157
https://kawalpemilu.org#3779,"TEUPIN BAYU, TANAH JAMBO AYE, ACEH UTARA, ACEH",1,13,173,186
https://kawalpemilu.org#3779,"TEUPIN BAYU, TANAH JAMBO AYE, ACEH UTARA, ACEH",2,12,165,177
https://kawalpemilu.org#3779,"TEUPIN BAYU, TANAH JAMBO AYE, ACEH UTARA, ACEH",3,12,154,166
https://kawalpemilu.org#3779,"TEUPIN BAYU, TANAH JAMBO AYE, ACEH UTARA, ACEH",4,15,154,169
https://kawalpemilu.org#3779,"TEUPIN BAYU, TANAH JAMBO AYE, ACEH UTARA, ACEH",32,12,165,177
https://kawalpemilu.org#3780,"MEUNASAH PANTON LABU, TANAH JAMBO AYE, ACEH UTARA, ACEH",1,10,167,177
https://kawalpemilu.org#3780,"MEUNASAH PANTON LABU, TANAH JAMBO AYE, ACEH UTARA, ACEH",2,13,178,191
https://kawalpemilu.org#3780,"MEUNASAH PANTON LABU, TANAH JAMBO AYE, ACEH UTARA, ACEH",3,11,174,185
https://kawalpemilu.org#3780,"MEUNASAH PANTON LABU, TANAH JAMBO AYE, ACEH UTARA, ACEH",4,22,186,208
https://kawalpemilu.org#3780,"MEUNASAH PANTON LABU, TANAH JAMBO AYE, ACEH UTARA, ACEH",6,12,190,202
https://kawalpemilu.org#3780,"MEUNASAH PANTON LABU, TANAH JAMBO AYE, ACEH UTARA, ACEH",7,16,165,181
https://kawalpemilu.org#3780,"MEUNASAH PANTON LABU, TANAH JAMBO AYE, ACEH UTARA, ACEH",8,16,145,161
https://kawalpemilu.org#3781,"KOTA PANTON LABU, TANAH JAMBO AYE, ACEH UTARA, ACEH",2,0,0,0
https://kawalpemilu.org#3781,"KOTA PANTON LABU, TANAH JAMBO AYE, ACEH UTARA, ACEH",3,0,0,0
https://kawalpemilu.org#3781,"KOTA PANTON LABU, TANAH JAMBO AYE, ACEH UTARA, ACEH",4,0,0,0
https://kawalpemilu.org#3781,"KOTA PANTON LABU, TANAH JAMBO AYE, ACEH UTARA, ACEH",6,0,0,0
https://kawalpemilu.org#3781,"KOTA PANTON LABU, TANAH JAMBO AYE, ACEH UTARA, ACEH",47,20,142,162
https://kawalpemilu.org#3781,"KOTA PANTON LABU, TANAH JAMBO AYE, ACEH UTARA, ACEH",48,16,168,184
https://kawalpemilu.org#3781,"KOTA PANTON LABU, TANAH JAMBO AYE, ACEH UTARA, ACEH",49,16,141,157
https://kawalpemilu.org#3781,"KOTA PANTON LABU, TANAH JAMBO AYE, ACEH UTARA, ACEH",50,13,161,174
https://kawalpemilu.org#3781,"KOTA PANTON LABU, TANAH JAMBO AYE, ACEH UTARA, ACEH",52,7,146,153
https://kawalpemilu.org#3782,"RAWANG ITEK, TANAH JAMBO AYE, ACEH UTARA, ACEH",1,17,153,170
https://kawalpemilu.org#3782,"RAWANG ITEK, TANAH JAMBO AYE, ACEH UTARA, ACEH",2,11,150,161
https://kawalpemilu.org#3782,"RAWANG ITEK, TANAH JAMBO AYE, ACEH UTARA, ACEH",3,10,185,195
https://kawalpemilu.org#3782,"RAWANG ITEK, TANAH JAMBO AYE, ACEH UTARA, ACEH",4,7,165,172
https://kawalpemilu.org#3782,"RAWANG ITEK, TANAH JAMBO AYE, ACEH UTARA, ACEH",5,12,148,160
https://kawalpemilu.org#3782,"RAWANG ITEK, TANAH JAMBO AYE, ACEH UTARA, ACEH",6,14,218,232
https://kawalpemilu.org#3782,"RAWANG ITEK, TANAH JAMBO AYE, ACEH UTARA, ACEH",7,11,184,195
https://kawalpemilu.org#3782,"RAWANG ITEK, TANAH JAMBO AYE, ACEH UTARA, ACEH",8,14,142,156
https://kawalpemilu.org#3782,"RAWANG ITEK, TANAH JAMBO AYE, ACEH UTARA, ACEH",9,7,141,148
https://kawalpemilu.org#3782,"RAWANG ITEK, TANAH JAMBO AYE, ACEH UTARA, ACEH",60,11,150,161
https://kawalpemilu.org#3782,"RAWANG ITEK, TANAH JAMBO AYE, ACEH UTARA, ACEH",61,10,185,195
https://kawalpemilu.org#3783,"TANJONG CENGAI, TANAH JAMBO AYE, ACEH UTARA, ACEH",1,0,0,0
https://kawalpemilu.org#3783,"TANJONG CENGAI, TANAH JAMBO AYE, ACEH UTARA, ACEH",2,0,0,0
https://kawalpemilu.org#3783,"TANJONG CENGAI, TANAH JAMBO AYE, ACEH UTARA, ACEH",3,0,0,0
https://kawalpemilu.org#3783,"TANJONG CENGAI, TANAH JAMBO AYE, ACEH UTARA, ACEH",4,0,0,0
https://kawalpemilu.org#3783,"TANJONG CENGAI, TANAH JAMBO AYE, ACEH UTARA, ACEH",35,9,153,162
https://kawalpemilu.org#3783,"TANJONG CENGAI, TANAH JAMBO AYE, ACEH UTARA, ACEH",36,15,158,173
https://kawalpemilu.org#3783,"TANJONG CENGAI, TANAH JAMBO AYE, ACEH UTARA, ACEH",37,14,156,170
https://kawalpemilu.org#3783,"TANJONG CENGAI, TANAH JAMBO AYE, ACEH UTARA, ACEH",38,13,155,168
https://kawalpemilu.org#3784,"BIARA BARAT, TANAH JAMBO AYE, ACEH UTARA, ACEH",3,0,0,0
https://kawalpemilu.org#3784,"BIARA BARAT, TANAH JAMBO AYE, ACEH UTARA, ACEH",76,13,137,150
https://kawalpemilu.org#3784,"BIARA BARAT, TANAH JAMBO AYE, ACEH UTARA, ACEH",77,7,164,171
https://kawalpemilu.org#3784,"BIARA BARAT, TANAH JAMBO AYE, ACEH UTARA, ACEH",78,13,143,156
https://kawalpemilu.org#3785,"BIARA TIMUR, TANAH JAMBO AYE, ACEH UTARA, ACEH",79,9,178,187
https://kawalpemilu.org#3785,"BIARA TIMUR, TANAH JAMBO AYE, ACEH UTARA, ACEH",80,15,196,211
https://kawalpemilu.org#3786,"MATANG DRIEN, TANAH JAMBO AYE, ACEH UTARA, ACEH",1,0,0,0
https://kawalpemilu.org#3786,"MATANG DRIEN, TANAH JAMBO AYE, ACEH UTARA, ACEH",73,6,232,238
https://kawalpemilu.org#3786,"MATANG DRIEN, TANAH JAMBO AYE, ACEH UTARA, ACEH",74,3,221,224
https://kawalpemilu.org#3786,"MATANG DRIEN, TANAH JAMBO AYE, ACEH UTARA, ACEH",75,5,211,216
https://kawalpemilu.org#3787,"CEUMPEUDAK, TANAH JAMBO AYE, ACEH UTARA, ACEH",1,11,191,202
https://kawalpemilu.org#3787,"CEUMPEUDAK, TANAH JAMBO AYE, ACEH UTARA, ACEH",2,0,0,0
https://kawalpemilu.org#3787,"CEUMPEUDAK, TANAH JAMBO AYE, ACEH UTARA, ACEH",3,0,0,0
https://kawalpemilu.org#3787,"CEUMPEUDAK, TANAH JAMBO AYE, ACEH UTARA, ACEH",4,0,0,0
https://kawalpemilu.org#3787,"CEUMPEUDAK, TANAH JAMBO AYE, ACEH UTARA, ACEH",5,0,0,0
https://kawalpemilu.org#3787,"CEUMPEUDAK, TANAH JAMBO AYE, ACEH UTARA, ACEH",69,7,190,197
https://kawalpemilu.org#3787,"CEUMPEUDAK, TANAH JAMBO AYE, ACEH UTARA, ACEH",70,11,169,180
https://kawalpemilu.org#3787,"CEUMPEUDAK, TANAH JAMBO AYE, ACEH UTARA, ACEH",71,6,163,169
https://kawalpemilu.org#3787,"CEUMPEUDAK, TANAH JAMBO AYE, ACEH UTARA, ACEH",72,6,181,187
https://kawalpemilu.org#3788,"ALUE PAPEUN, TANAH JAMBO AYE, ACEH UTARA, ACEH",1,0,0,0
https://kawalpemilu.org#3788,"ALUE PAPEUN, TANAH JAMBO AYE, ACEH UTARA, ACEH",2,0,0,0
https://kawalpemilu.org#3788,"ALUE PAPEUN, TANAH JAMBO AYE, ACEH UTARA, ACEH",3,0,0,0
https://kawalpemilu.org#3788,"ALUE PAPEUN, TANAH JAMBO AYE, ACEH UTARA, ACEH",81,14,139,153
https://kawalpemilu.org#3788,"ALUE PAPEUN, TANAH JAMBO AYE, ACEH UTARA, ACEH",82,10,133,143
https://kawalpemilu.org#3788,"ALUE PAPEUN, TANAH JAMBO AYE, ACEH UTARA, ACEH",83,8,152,160
https://kawalpemilu.org#3789,"LHOK BINTANG HU, TANAH JAMBO AYE, ACEH UTARA, ACEH",1,0,0,0
https://kawalpemilu.org#3789,"LHOK BINTANG HU, TANAH JAMBO AYE, ACEH UTARA, ACEH",84,5,154,159
https://kawalpemilu.org#3789,"LHOK BINTANG HU, TANAH JAMBO AYE, ACEH UTARA, ACEH",85,2,148,150
https://kawalpemilu.org#3789,"LHOK BINTANG HU, TANAH JAMBO AYE, ACEH UTARA, ACEH",86,12,138,150
https://kawalpemilu.org#3790,"BIRAM RAYEUK, TANAH JAMBO AYE, ACEH UTARA, ACEH",2,0,0,0
https://kawalpemilu.org#3790,"BIRAM RAYEUK, TANAH JAMBO AYE, ACEH UTARA, ACEH",3,0,0,0
https://kawalpemilu.org#3790,"BIRAM RAYEUK, TANAH JAMBO AYE, ACEH UTARA, ACEH",90,2,130,132
https://kawalpemilu.org#3790,"BIRAM RAYEUK, TANAH JAMBO AYE, ACEH UTARA, ACEH",91,6,111,117
https://kawalpemilu.org#3790,"BIRAM RAYEUK, TANAH JAMBO AYE, ACEH UTARA, ACEH",92,6,119,125
https://kawalpemilu.org#3791,"COT BIEK, TANAH JAMBO AYE, ACEH UTARA, ACEH",1,0,0,0
https://kawalpemilu.org#3791,"COT BIEK, TANAH JAMBO AYE, ACEH UTARA, ACEH",87,8,117,125
https://kawalpemilu.org#3791,"COT BIEK, TANAH JAMBO AYE, ACEH UTARA, ACEH",88,3,142,142
https://kawalpemilu.org#3792,"MATANG ARONGAN, TANAH JAMBO AYE, ACEH UTARA, ACEH",89,8,188,196
https://kawalpemilu.org#3793,"BIRAM CUT, TANAH JAMBO AYE, ACEH UTARA, ACEH",93,5,130,135
https://kawalpemilu.org#3793,"BIRAM CUT, TANAH JAMBO AYE, ACEH UTARA, ACEH",94,13,123,136
https://kawalpemilu.org#3794,"SAMA KUROK, TANAH JAMBO AYE, ACEH UTARA, ACEH",2,0,0,0
https://kawalpemilu.org#3794,"SAMA KUROK, TANAH JAMBO AYE, ACEH UTARA, ACEH",3,0,0,0
https://kawalpemilu.org#3794,"SAMA KUROK, TANAH JAMBO AYE, ACEH UTARA, ACEH",4,0,0,0
https://kawalpemilu.org#3794,"SAMA KUROK, TANAH JAMBO AYE, ACEH UTARA, ACEH",5,0,0,0
https://kawalpemilu.org#3794,"SAMA KUROK, TANAH JAMBO AYE, ACEH UTARA, ACEH",6,0,0,0
https://kawalpemilu.org#3794,"SAMA KUROK, TANAH JAMBO AYE, ACEH UTARA, ACEH",53,10,201,211
https://kawalpemilu.org#3794,"SAMA KUROK, TANAH JAMBO AYE, ACEH UTARA, ACEH",54,3,206,209
https://kawalpemilu.org#3794,"SAMA KUROK, TANAH JAMBO AYE, ACEH UTARA, ACEH",55,17,194,211
https://kawalpemilu.org#3794,"SAMA KUROK, TANAH JAMBO AYE, ACEH UTARA, ACEH",56,13,179,192
https://kawalpemilu.org#3794,"SAMA KUROK, TANAH JAMBO AYE, ACEH UTARA, ACEH",57,12,171,183
https://kawalpemilu.org#3794,"SAMA KUROK, TANAH JAMBO AYE, ACEH UTARA, ACEH",58,16,212,228
https://kawalpemilu.org#3795,"BUKET JRAT MANYANG, TANAH JAMBO AYE, ACEH UTARA, ACEH",1,0,0,0
https://kawalpemilu.org#3795,"BUKET JRAT MANYANG, TANAH JAMBO AYE, ACEH UTARA, ACEH",2,0,0,0
https://kawalpemilu.org#3795,"BUKET JRAT MANYANG, TANAH JAMBO AYE, ACEH UTARA, ACEH",4,0,0,0
https://kawalpemilu.org#3795,"BUKET JRAT MANYANG, TANAH JAMBO AYE, ACEH UTARA, ACEH",119,12,156,168
https://kawalpemilu.org#3795,"BUKET JRAT MANYANG, TANAH JAMBO AYE, ACEH UTARA, ACEH",120,13,153,166
https://kawalpemilu.org#3795,"BUKET JRAT MANYANG, TANAH JAMBO AYE, ACEH UTARA, ACEH",121,24,157,181
https://kawalpemilu.org#3795,"BUKET JRAT MANYANG, TANAH JAMBO AYE, ACEH UTARA, ACEH",122,8,151,159
https://kawalpemilu.org#3796,"ULEE GLEE, TANAH JAMBO AYE, ACEH UTARA, ACEH",1,15,159,174
https://kawalpemilu.org#3796,"ULEE GLEE, TANAH JAMBO AYE, ACEH UTARA, ACEH",2,17,167,184
https://kawalpemilu.org#3796,"ULEE GLEE, TANAH JAMBO AYE, ACEH UTARA, ACEH",3,11,154,165
https://kawalpemilu.org#3875,"BUKET ALUE PUTEH, TANAH JAMBO AYE, ACEH UTARA, ACEH",111,7,102,109
https://kawalpemilu.org#3798,"LAGANG, SAWANG, ACEH UTARA, ACEH",1,4,144,148
https://kawalpemilu.org#3798,"LAGANG, SAWANG, ACEH UTARA, ACEH",2,4,109,113
https://kawalpemilu.org#3798,"LAGANG, SAWANG, ACEH UTARA, ACEH",3,4,146,150
https://kawalpemilu.org#3799,"ABEUK REULING, SAWANG, ACEH UTARA, ACEH",4,11,113,124
https://kawalpemilu.org#3801,"LHOK MERBO, SAWANG, ACEH UTARA, ACEH",6,12,149,161
https://kawalpemilu.org#3802,"GLE DAGANG, SAWANG, ACEH UTARA, ACEH",1,0,0,0
https://kawalpemilu.org#3802,"GLE DAGANG, SAWANG, ACEH UTARA, ACEH",7,6,140,146
https://kawalpemilu.org#3802,"GLE DAGANG, SAWANG, ACEH UTARA, ACEH",9,6,145,151
https://kawalpemilu.org#3802,"GLE DAGANG, SAWANG, ACEH UTARA, ACEH",10,8,151,159
https://kawalpemilu.org#3803,"KUTA MEULIGOE, SAWANG, ACEH UTARA, ACEH",1,0,0,0
https://kawalpemilu.org#3803,"KUTA MEULIGOE, SAWANG, ACEH UTARA, ACEH",2,0,0,0
https://kawalpemilu.org#3803,"KUTA MEULIGOE, SAWANG, ACEH UTARA, ACEH",11,10,171,181
https://kawalpemilu.org#3803,"KUTA MEULIGOE, SAWANG, ACEH UTARA, ACEH",12,6,195,201
https://kawalpemilu.org#3804,"GAMPONG TEUNGOH, SAWANG, ACEH UTARA, ACEH",1,0,0,0
https://kawalpemilu.org#3804,"GAMPONG TEUNGOH, SAWANG, ACEH UTARA, ACEH",2,0,0,0
https://kawalpemilu.org#3804,"GAMPONG TEUNGOH, SAWANG, ACEH UTARA, ACEH",3,0,0,0
https://kawalpemilu.org#3804,"GAMPONG TEUNGOH, SAWANG, ACEH UTARA, ACEH",4,0,0,0
https://kawalpemilu.org#3804,"GAMPONG TEUNGOH, SAWANG, ACEH UTARA, ACEH",14,6,163,169
https://kawalpemilu.org#3804,"GAMPONG TEUNGOH, SAWANG, ACEH UTARA, ACEH",15,14,160,174
https://kawalpemilu.org#3804,"GAMPONG TEUNGOH, SAWANG, ACEH UTARA, ACEH",16,13,168,181
https://kawalpemilu.org#3805,"BABAH BULOH, SAWANG, ACEH UTARA, ACEH",1,0,0,0
https://kawalpemilu.org#3805,"BABAH BULOH, SAWANG, ACEH UTARA, ACEH",2,0,0,0
https://kawalpemilu.org#3805,"BABAH BULOH, SAWANG, ACEH UTARA, ACEH",3,0,0,0
https://kawalpemilu.org#3805,"BABAH BULOH, SAWANG, ACEH UTARA, ACEH",4,0,0,0
https://kawalpemilu.org#3805,"BABAH BULOH, SAWANG, ACEH UTARA, ACEH",5,0,0,0
https://kawalpemilu.org#3805,"BABAH BULOH, SAWANG, ACEH UTARA, ACEH",17,3,189,192
https://kawalpemilu.org#3805,"BABAH BULOH, SAWANG, ACEH UTARA, ACEH",18,4,174,178
https://kawalpemilu.org#3805,"BABAH BULOH, SAWANG, ACEH UTARA, ACEH",19,2,168,170
https://kawalpemilu.org#3805,"BABAH BULOH, SAWANG, ACEH UTARA, ACEH",20,1,193,194
https://kawalpemilu.org#3805,"BABAH BULOH, SAWANG, ACEH UTARA, ACEH",21,5,167,172
https://kawalpemilu.org#3806,"MEUNASAH PULO, SAWANG, ACEH UTARA, ACEH",22,12,164,176
https://kawalpemilu.org#3806,"MEUNASAH PULO, SAWANG, ACEH UTARA, ACEH",23,8,146,154
https://kawalpemilu.org#3806,"MEUNASAH PULO, SAWANG, ACEH UTARA, ACEH",24,7,135,142
https://kawalpemilu.org#3807,"PUNTEUT, SAWANG, ACEH UTARA, ACEH",1,0,0,0
https://kawalpemilu.org#3807,"PUNTEUT, SAWANG, ACEH UTARA, ACEH",2,0,0,0
https://kawalpemilu.org#3807,"PUNTEUT, SAWANG, ACEH UTARA, ACEH",3,0,0,0
https://kawalpemilu.org#3807,"PUNTEUT, SAWANG, ACEH UTARA, ACEH",25,4,182,186
https://kawalpemilu.org#3807,"PUNTEUT, SAWANG, ACEH UTARA, ACEH",26,5,146,151
https://kawalpemilu.org#3807,"PUNTEUT, SAWANG, ACEH UTARA, ACEH",27,3,159,162
https://kawalpemilu.org#3808,"PANTE JALOH, SAWANG, ACEH UTARA, ACEH",28,9,124,133
https://kawalpemilu.org#3808,"PANTE JALOH, SAWANG, ACEH UTARA, ACEH",29,13,100,113
https://kawalpemilu.org#3809,"LHOK KUYUN, SAWANG, ACEH UTARA, ACEH",1,0,0,0
https://kawalpemilu.org#3809,"LHOK KUYUN, SAWANG, ACEH UTARA, ACEH",30,1,135,136
https://kawalpemilu.org#3809,"LHOK KUYUN, SAWANG, ACEH UTARA, ACEH",31,3,117,120
https://kawalpemilu.org#3810,"BLANG REULING, SAWANG, ACEH UTARA, ACEH",1,0,0,0
https://kawalpemilu.org#3810,"BLANG REULING, SAWANG, ACEH UTARA, ACEH",2,0,0,0
https://kawalpemilu.org#3810,"BLANG REULING, SAWANG, ACEH UTARA, ACEH",3,0,0,0
https://kawalpemilu.org#3810,"BLANG REULING, SAWANG, ACEH UTARA, ACEH",4,0,0,0
https://kawalpemilu.org#3810,"BLANG REULING, SAWANG, ACEH UTARA, ACEH",32,2,176,178
https://kawalpemilu.org#3810,"BLANG REULING, SAWANG, ACEH UTARA, ACEH",33,10,159,169
https://kawalpemilu.org#3810,"BLANG REULING, SAWANG, ACEH UTARA, ACEH",34,5,177,182
https://kawalpemilu.org#3810,"BLANG REULING, SAWANG, ACEH UTARA, ACEH",35,6,159,165
https://kawalpemilu.org#3811,"LHOK GAJAH, SAWANG, ACEH UTARA, ACEH",1,0,0,0
https://kawalpemilu.org#3811,"LHOK GAJAH, SAWANG, ACEH UTARA, ACEH",36,13,207,220
https://kawalpemilu.org#3812,"TEUPIN REUSEB, SAWANG, ACEH UTARA, ACEH",1,5,189,194
https://kawalpemilu.org#3812,"TEUPIN REUSEB, SAWANG, ACEH UTARA, ACEH",2,2,156,158
https://kawalpemilu.org#3812,"TEUPIN REUSEB, SAWANG, ACEH UTARA, ACEH",8,10,124,134
https://kawalpemilu.org#3812,"TEUPIN REUSEB, SAWANG, ACEH UTARA, ACEH",39,19,178,197
https://kawalpemilu.org#3812,"TEUPIN REUSEB, SAWANG, ACEH UTARA, ACEH",41,4,128,132
https://kawalpemilu.org#3812,"TEUPIN REUSEB, SAWANG, ACEH UTARA, ACEH",42,4,126,130
https://kawalpemilu.org#3812,"TEUPIN REUSEB, SAWANG, ACEH UTARA, ACEH",46,6,103,109
https://kawalpemilu.org#3813,"ULEE GEUDONG, SAWANG, ACEH UTARA, ACEH",1,0,0,0
https://kawalpemilu.org#3813,"ULEE GEUDONG, SAWANG, ACEH UTARA, ACEH",2,0,0,0
https://kawalpemilu.org#3813,"ULEE GEUDONG, SAWANG, ACEH UTARA, ACEH",3,0,0,0
https://kawalpemilu.org#3813,"ULEE GEUDONG, SAWANG, ACEH UTARA, ACEH",47,5,149,154
https://kawalpemilu.org#3813,"ULEE GEUDONG, SAWANG, ACEH UTARA, ACEH",48,6,132,138
https://kawalpemilu.org#3813,"ULEE GEUDONG, SAWANG, ACEH UTARA, ACEH",49,11,157,168
https://kawalpemilu.org#3814,"TANJONG KEUMALA, SAWANG, ACEH UTARA, ACEH",50,17,151,168
https://kawalpemilu.org#3815,"COT KEUMUNENG, SAWANG, ACEH UTARA, ACEH",1,0,0,0
https://kawalpemilu.org#3815,"COT KEUMUNENG, SAWANG, ACEH UTARA, ACEH",51,8,151,159
https://kawalpemilu.org#3816,"COT LAMBIDENG, SAWANG, ACEH UTARA, ACEH",1,0,0,0
https://kawalpemilu.org#3816,"COT LAMBIDENG, SAWANG, ACEH UTARA, ACEH",2,0,0,0
https://kawalpemilu.org#3816,"COT LAMBIDENG, SAWANG, ACEH UTARA, ACEH",52,15,165,180
https://kawalpemilu.org#3816,"COT LAMBIDENG, SAWANG, ACEH UTARA, ACEH",53,8,159,167
https://kawalpemilu.org#3817,"PAYA GABOH, SAWANG, ACEH UTARA, ACEH",54,8,164,172
https://kawalpemilu.org#3817,"PAYA GABOH, SAWANG, ACEH UTARA, ACEH",55,7,158,165
https://kawalpemilu.org#3817,"PAYA GABOH, SAWANG, ACEH UTARA, ACEH",56,11,147,158
https://kawalpemilu.org#3818,"PAYA RABO LHOK, SAWANG, ACEH UTARA, ACEH",57,4,185,189
https://kawalpemilu.org#3818,"PAYA RABO LHOK, SAWANG, ACEH UTARA, ACEH",58,4,197,201
https://kawalpemilu.org#3819,"PAYA RABO TIMU, SAWANG, ACEH UTARA, ACEH",60,12,146,158
https://kawalpemilu.org#3820,"LANCOK, SAWANG, ACEH UTARA, ACEH",1,0,0,0
https://kawalpemilu.org#3820,"LANCOK, SAWANG, ACEH UTARA, ACEH",2,0,0,0
https://kawalpemilu.org#3820,"LANCOK, SAWANG, ACEH UTARA, ACEH",61,11,150,161
https://kawalpemilu.org#3820,"LANCOK, SAWANG, ACEH UTARA, ACEH",62,18,139,157
https://kawalpemilu.org#3821,"RAMBONG PAYONG, SAWANG, ACEH UTARA, ACEH",63,11,181,192
https://kawalpemilu.org#3822,"LHOK BAYU, SAWANG, ACEH UTARA, ACEH",1,0,0,0
https://kawalpemilu.org#3822,"LHOK BAYU, SAWANG, ACEH UTARA, ACEH",64,14,189,203
https://kawalpemilu.org#3823,"KRUENG BARO, SAWANG, ACEH UTARA, ACEH",1,0,0,0
https://kawalpemilu.org#3823,"KRUENG BARO, SAWANG, ACEH UTARA, ACEH",65,10,129,139
https://kawalpemilu.org#3823,"KRUENG BARO, SAWANG, ACEH UTARA, ACEH",66,10,129,139
https://kawalpemilu.org#3824,"BABAH KRUENG, SAWANG, ACEH UTARA, ACEH",1,10,150,160
https://kawalpemilu.org#3824,"BABAH KRUENG, SAWANG, ACEH UTARA, ACEH",2,0,0,0
https://kawalpemilu.org#3824,"BABAH KRUENG, SAWANG, ACEH UTARA, ACEH",3,6,152,158
https://kawalpemilu.org#3824,"BABAH KRUENG, SAWANG, ACEH UTARA, ACEH",4,0,0,0
https://kawalpemilu.org#3824,"BABAH KRUENG, SAWANG, ACEH UTARA, ACEH",67,10,150,160
https://kawalpemilu.org#3824,"BABAH KRUENG, SAWANG, ACEH UTARA, ACEH",68,10,148,158
https://kawalpemilu.org#3824,"BABAH KRUENG, SAWANG, ACEH UTARA, ACEH",69,6,152,158
https://kawalpemilu.org#3824,"BABAH KRUENG, SAWANG, ACEH UTARA, ACEH",70,14,148,162
https://kawalpemilu.org#3825,"JURONG, SAWANG, ACEH UTARA, ACEH",2,0,0,0
https://kawalpemilu.org#3825,"JURONG, SAWANG, ACEH UTARA, ACEH",3,0,0,0
https://kawalpemilu.org#3825,"JURONG, SAWANG, ACEH UTARA, ACEH",4,0,0,0
https://kawalpemilu.org#3825,"JURONG, SAWANG, ACEH UTARA, ACEH",71,1,119,120
https://kawalpemilu.org#3825,"JURONG, SAWANG, ACEH UTARA, ACEH",72,7,133,140
https://kawalpemilu.org#3825,"JURONG, SAWANG, ACEH UTARA, ACEH",73,9,121,130
https://kawalpemilu.org#3825,"JURONG, SAWANG, ACEH UTARA, ACEH",74,9,135,144
https://kawalpemilu.org#3826,"BLANG MANYAK, SAWANG, ACEH UTARA, ACEH",1,0,0,0
https://kawalpemilu.org#3826,"BLANG MANYAK, SAWANG, ACEH UTARA, ACEH",2,0,0,0
https://kawalpemilu.org#3826,"BLANG MANYAK, SAWANG, ACEH UTARA, ACEH",75,14,120,134
https://kawalpemilu.org#3826,"BLANG MANYAK, SAWANG, ACEH UTARA, ACEH",76,6,111,116
https://kawalpemilu.org#3827,"LHOK JOK, SAWANG, ACEH UTARA, ACEH",1,0,0,0
https://kawalpemilu.org#3827,"LHOK JOK, SAWANG, ACEH UTARA, ACEH",77,11,103,114
https://kawalpemilu.org#3828,"BLANG TEURAKAN, SAWANG, ACEH UTARA, ACEH",2,0,0,0
https://kawalpemilu.org#3828,"BLANG TEURAKAN, SAWANG, ACEH UTARA, ACEH",3,0,0,0
https://kawalpemilu.org#3828,"BLANG TEURAKAN, SAWANG, ACEH UTARA, ACEH",79,6,180,186
https://kawalpemilu.org#3828,"BLANG TEURAKAN, SAWANG, ACEH UTARA, ACEH",80,5,168,173
https://kawalpemilu.org#3828,"BLANG TEURAKAN, SAWANG, ACEH UTARA, ACEH",81,5,182,187
https://kawalpemilu.org#3829,"SAWANG, SAWANG, ACEH UTARA, ACEH",1,0,0,0
https://kawalpemilu.org#3829,"SAWANG, SAWANG, ACEH UTARA, ACEH",2,0,0,0
https://kawalpemilu.org#3829,"SAWANG, SAWANG, ACEH UTARA, ACEH",4,0,0,0
https://kawalpemilu.org#3829,"SAWANG, SAWANG, ACEH UTARA, ACEH",82,2,177,179
https://kawalpemilu.org#3829,"SAWANG, SAWANG, ACEH UTARA, ACEH",83,8,168,176
https://kawalpemilu.org#3829,"SAWANG, SAWANG, ACEH UTARA, ACEH",84,7,182,189
https://kawalpemilu.org#3829,"SAWANG, SAWANG, ACEH UTARA, ACEH",85,16,170,186
https://kawalpemilu.org#3829,"SAWANG, SAWANG, ACEH UTARA, ACEH",86,12,156,168
https://kawalpemilu.org#3829,"SAWANG, SAWANG, ACEH UTARA, ACEH",87,16,106,122
https://kawalpemilu.org#3829,"SAWANG, SAWANG, ACEH UTARA, ACEH",88,8,100,108
https://kawalpemilu.org#3829,"SAWANG, SAWANG, ACEH UTARA, ACEH",89,25,90,115
https://kawalpemilu.org#3829,"SAWANG, SAWANG, ACEH UTARA, ACEH",90,10,96,106
https://kawalpemilu.org#3829,"SAWANG, SAWANG, ACEH UTARA, ACEH",91,4,90,94
https://kawalpemilu.org#3829,"SAWANG, SAWANG, ACEH UTARA, ACEH",92,5,89,94
https://kawalpemilu.org#3829,"SAWANG, SAWANG, ACEH UTARA, ACEH",93,6,74,80
https://kawalpemilu.org#3830,"RISEH BAROH, SAWANG, ACEH UTARA, ACEH",1,0,0,0
https://kawalpemilu.org#3830,"RISEH BAROH, SAWANG, ACEH UTARA, ACEH",2,0,0,0
https://kawalpemilu.org#3830,"RISEH BAROH, SAWANG, ACEH UTARA, ACEH",94,16,142,158
https://kawalpemilu.org#3830,"RISEH BAROH, SAWANG, ACEH UTARA, ACEH",95,14,165,179
https://kawalpemilu.org#3831,"RISEH TEUNGOH, SAWANG, ACEH UTARA, ACEH",1,0,0,0
https://kawalpemilu.org#3831,"RISEH TEUNGOH, SAWANG, ACEH UTARA, ACEH",2,3,146,149
https://kawalpemilu.org#3831,"RISEH TEUNGOH, SAWANG, ACEH UTARA, ACEH",96,3,143,146
https://kawalpemilu.org#3831,"RISEH TEUNGOH, SAWANG, ACEH UTARA, ACEH",97,9,146,155
https://kawalpemilu.org#3832,"RISEH TUNONG, SAWANG, ACEH UTARA, ACEH",1,0,0,0
https://kawalpemilu.org#3832,"RISEH TUNONG, SAWANG, ACEH UTARA, ACEH",2,0,0,0
https://kawalpemilu.org#3832,"RISEH TUNONG, SAWANG, ACEH UTARA, ACEH",3,0,0,0
https://kawalpemilu.org#3832,"RISEH TUNONG, SAWANG, ACEH UTARA, ACEH",4,0,0,0
https://kawalpemilu.org#3832,"RISEH TUNONG, SAWANG, ACEH UTARA, ACEH",5,0,0,0
https://kawalpemilu.org#3832,"RISEH TUNONG, SAWANG, ACEH UTARA, ACEH",6,0,0,0
https://kawalpemilu.org#3832,"RISEH TUNONG, SAWANG, ACEH UTARA, ACEH",7,0,0,0
https://kawalpemilu.org#3832,"RISEH TUNONG, SAWANG, ACEH UTARA, ACEH",8,0,0,0
https://kawalpemilu.org#3832,"RISEH TUNONG, SAWANG, ACEH UTARA, ACEH",98,7,201,208
https://kawalpemilu.org#3832,"RISEH TUNONG, SAWANG, ACEH UTARA, ACEH",99,5,210,215
https://kawalpemilu.org#3832,"RISEH TUNONG, SAWANG, ACEH UTARA, ACEH",100,6,102,108
https://kawalpemilu.org#3832,"RISEH TUNONG, SAWANG, ACEH UTARA, ACEH",101,6,72,78
https://kawalpemilu.org#3832,"RISEH TUNONG, SAWANG, ACEH UTARA, ACEH",102,3,197,200
https://kawalpemilu.org#3832,"RISEH TUNONG, SAWANG, ACEH UTARA, ACEH",103,4,183,187
https://kawalpemilu.org#3832,"RISEH TUNONG, SAWANG, ACEH UTARA, ACEH",104,13,161,174
https://kawalpemilu.org#3832,"RISEH TUNONG, SAWANG, ACEH UTARA, ACEH",105,17,174,191
https://kawalpemilu.org#3833,"GUNCI, SAWANG, ACEH UTARA, ACEH",1,0,0,0
https://kawalpemilu.org#3833,"GUNCI, SAWANG, ACEH UTARA, ACEH",2,0,0,0
https://kawalpemilu.org#3833,"GUNCI, SAWANG, ACEH UTARA, ACEH",3,0,0,0
https://kawalpemilu.org#3833,"GUNCI, SAWANG, ACEH UTARA, ACEH",4,0,0,0
https://kawalpemilu.org#3833,"GUNCI, SAWANG, ACEH UTARA, ACEH",5,0,0,0
https://kawalpemilu.org#3833,"GUNCI, SAWANG, ACEH UTARA, ACEH",6,0,0,0
https://kawalpemilu.org#3833,"GUNCI, SAWANG, ACEH UTARA, ACEH",7,0,0,0
https://kawalpemilu.org#3833,"GUNCI, SAWANG, ACEH UTARA, ACEH",8,0,0,0
https://kawalpemilu.org#3833,"GUNCI, SAWANG, ACEH UTARA, ACEH",106,13,159,172
https://kawalpemilu.org#3833,"GUNCI, SAWANG, ACEH UTARA, ACEH",107,5,159,164
https://kawalpemilu.org#3833,"GUNCI, SAWANG, ACEH UTARA, ACEH",108,5,146,151
https://kawalpemilu.org#3833,"GUNCI, SAWANG, ACEH UTARA, ACEH",109,10,149,159
https://kawalpemilu.org#3833,"GUNCI, SAWANG, ACEH UTARA, ACEH",110,10,107,117
https://kawalpemilu.org#3833,"GUNCI, SAWANG, ACEH UTARA, ACEH",111,15,152,167
https://kawalpemilu.org#3833,"GUNCI, SAWANG, ACEH UTARA, ACEH",112,14,120,134
https://kawalpemilu.org#3833,"GUNCI, SAWANG, ACEH UTARA, ACEH",113,14,89,103
https://kawalpemilu.org#3834,"KUBU, SAWANG, ACEH UTARA, ACEH",114,11,150,161
https://kawalpemilu.org#3834,"KUBU, SAWANG, ACEH UTARA, ACEH",115,17,140,157
https://kawalpemilu.org#3835,"BLANG CUT, SAWANG, ACEH UTARA, ACEH",1,0,0,0
https://kawalpemilu.org#3835,"BLANG CUT, SAWANG, ACEH UTARA, ACEH",2,3,139,142
https://kawalpemilu.org#3835,"BLANG CUT, SAWANG, ACEH UTARA, ACEH",116,7,137,144
https://kawalpemilu.org#3836,"LHOK CUT, SAWANG, ACEH UTARA, ACEH",1,0,0,0
https://kawalpemilu.org#3836,"LHOK CUT, SAWANG, ACEH UTARA, ACEH",2,0,0,0
https://kawalpemilu.org#3836,"LHOK CUT, SAWANG, ACEH UTARA, ACEH",118,12,121,133
https://kawalpemilu.org#3836,"LHOK CUT, SAWANG, ACEH UTARA, ACEH",119,15,112,127
https://kawalpemilu.org#3838,"PALOH MAMBU, NISAM, ACEH UTARA, ACEH",1,0,0,0
https://kawalpemilu.org#3838,"PALOH MAMBU, NISAM, ACEH UTARA, ACEH",54,6,165,171
https://kawalpemilu.org#3839,"BLANG KARIENG, NISAM, ACEH UTARA, ACEH",2,0,0,0
https://kawalpemilu.org#3839,"BLANG KARIENG, NISAM, ACEH UTARA, ACEH",3,0,0,0
https://kawalpemilu.org#3839,"BLANG KARIENG, NISAM, ACEH UTARA, ACEH",15,10,158,168
https://kawalpemilu.org#3839,"BLANG KARIENG, NISAM, ACEH UTARA, ACEH",16,11,141,152
https://kawalpemilu.org#3839,"BLANG KARIENG, NISAM, ACEH UTARA, ACEH",17,10,152,162
https://kawalpemilu.org#3839,"BLANG KARIENG, NISAM, ACEH UTARA, ACEH",18,13,144,157
https://kawalpemilu.org#3840,"PALOH KAYEE KUNYET, NISAM, ACEH UTARA, ACEH",1,0,0,0
https://kawalpemilu.org#3840,"PALOH KAYEE KUNYET, NISAM, ACEH UTARA, ACEH",2,0,0,0
https://kawalpemilu.org#3840,"PALOH KAYEE KUNYET, NISAM, ACEH UTARA, ACEH",3,0,0,0
https://kawalpemilu.org#3840,"PALOH KAYEE KUNYET, NISAM, ACEH UTARA, ACEH",51,4,214,218
https://kawalpemilu.org#3840,"PALOH KAYEE KUNYET, NISAM, ACEH UTARA, ACEH",52,1,168,169
https://kawalpemilu.org#3840,"PALOH KAYEE KUNYET, NISAM, ACEH UTARA, ACEH",53,10,170,180
https://kawalpemilu.org#3841,"GAMPONG BARAT, NISAM, ACEH UTARA, ACEH",1,0,0,0
https://kawalpemilu.org#3841,"GAMPONG BARAT, NISAM, ACEH UTARA, ACEH",2,0,0,0
https://kawalpemilu.org#3841,"GAMPONG BARAT, NISAM, ACEH UTARA, ACEH",23,11,187,198
https://kawalpemilu.org#3841,"GAMPONG BARAT, NISAM, ACEH UTARA, ACEH",24,12,176,188
https://kawalpemilu.org#3842,"MEUNASAH BEUNOT, NISAM, ACEH UTARA, ACEH",36,8,149,157
https://kawalpemilu.org#3842,"MEUNASAH BEUNOT, NISAM, ACEH UTARA, ACEH",37,5,135,140
https://kawalpemilu.org#3843,"SEUNEUBOK, NISAM, ACEH UTARA, ACEH",63,3,120,123
https://kawalpemilu.org#3843,"SEUNEUBOK, NISAM, ACEH UTARA, ACEH",64,6,165,171
https://kawalpemilu.org#3844,"COT LEUPEE, NISAM, ACEH UTARA, ACEH",20,4,196,200
https://kawalpemilu.org#3845,"GAMPONG TEUNGOH, NISAM, ACEH UTARA, ACEH",1,0,0,0
https://kawalpemilu.org#3845,"GAMPONG TEUNGOH, NISAM, ACEH UTARA, ACEH",2,0,0,0
https://kawalpemilu.org#3845,"GAMPONG TEUNGOH, NISAM, ACEH UTARA, ACEH",25,6,165,171
https://kawalpemilu.org#3845,"GAMPONG TEUNGOH, NISAM, ACEH UTARA, ACEH",26,2,169,171
https://kawalpemilu.org#3846,"MEUNASAH MEUCAT, NISAM, ACEH UTARA, ACEH",2,0,0,0
https://kawalpemilu.org#3846,"MEUNASAH MEUCAT, NISAM, ACEH UTARA, ACEH",3,0,0,0
https://kawalpemilu.org#3846,"MEUNASAH MEUCAT, NISAM, ACEH UTARA, ACEH",4,0,0,0
https://kawalpemilu.org#3846,"MEUNASAH MEUCAT, NISAM, ACEH UTARA, ACEH",5,0,0,0
https://kawalpemilu.org#3846,"MEUNASAH MEUCAT, NISAM, ACEH UTARA, ACEH",6,0,0,0
https://kawalpemilu.org#3846,"MEUNASAH MEUCAT, NISAM, ACEH UTARA, ACEH",43,12,170,182
https://kawalpemilu.org#3846,"MEUNASAH MEUCAT, NISAM, ACEH UTARA, ACEH",44,23,160,183
https://kawalpemilu.org#3846,"MEUNASAH MEUCAT, NISAM, ACEH UTARA, ACEH",45,13,149,162
https://kawalpemilu.org#3846,"MEUNASAH MEUCAT, NISAM, ACEH UTARA, ACEH",46,10,155,165
https://kawalpemilu.org#3846,"MEUNASAH MEUCAT, NISAM, ACEH UTARA, ACEH",47,11,167,178
https://kawalpemilu.org#3846,"MEUNASAH MEUCAT, NISAM, ACEH UTARA, ACEH",48,11,183,194
https://kawalpemilu.org#3847,"MEUNASAH ALUE, NISAM, ACEH UTARA, ACEH",32,10,180,190
https://kawalpemilu.org#3847,"MEUNASAH ALUE, NISAM, ACEH UTARA, ACEH",33,4,123,127
https://kawalpemilu.org#3847,"MEUNASAH ALUE, NISAM, ACEH UTARA, ACEH",34,4,152,156
https://kawalpemilu.org#3847,"MEUNASAH ALUE, NISAM, ACEH UTARA, ACEH",35,5,158,163
https://kawalpemilu.org#3848,"PANTON, NISAM, ACEH UTARA, ACEH",1,0,0,0
https://kawalpemilu.org#3848,"PANTON, NISAM, ACEH UTARA, ACEH",3,0,0,0
https://kawalpemilu.org#3848,"PANTON, NISAM, ACEH UTARA, ACEH",58,0,186,186
https://kawalpemilu.org#3848,"PANTON, NISAM, ACEH UTARA, ACEH",59,2,190,192
https://kawalpemilu.org#3848,"PANTON, NISAM, ACEH UTARA, ACEH",60,3,174,177
https://kawalpemilu.org#3849,"PALOH MAMPRE, NISAM, ACEH UTARA, ACEH",55,20,149,169
https://kawalpemilu.org#3849,"PALOH MAMPRE, NISAM, ACEH UTARA, ACEH",56,15,163,178
https://kawalpemilu.org#3849,"PALOH MAMPRE, NISAM, ACEH UTARA, ACEH",57,20,166,186
https://kawalpemilu.org#3850,"PEUNAYAN, NISAM, ACEH UTARA, ACEH",2,11,156,167
https://kawalpemilu.org#3850,"PEUNAYAN, NISAM, ACEH UTARA, ACEH",61,14,166,180
https://kawalpemilu.org#3850,"PEUNAYAN, NISAM, ACEH UTARA, ACEH",62,11,156,167
https://kawalpemilu.org#3851,"TINGKEUM, NISAM, ACEH UTARA, ACEH",1,0,0,0
https://kawalpemilu.org#3851,"TINGKEUM, NISAM, ACEH UTARA, ACEH",2,0,0,0
https://kawalpemilu.org#3851,"TINGKEUM, NISAM, ACEH UTARA, ACEH",65,11,158,169
https://kawalpemilu.org#3851,"TINGKEUM, NISAM, ACEH UTARA, ACEH",66,11,145,156
https://kawalpemilu.org#3852,"MEUNASAH RAYEUK, NISAM, ACEH UTARA, ACEH",49,14,173,187
https://kawalpemilu.org#3852,"MEUNASAH RAYEUK, NISAM, ACEH UTARA, ACEH",50,5,183,188
https://kawalpemilu.org#3853,"MEUNASAH CUT, NISAM, ACEH UTARA, ACEH",2,4,158,162
https://kawalpemilu.org#3853,"MEUNASAH CUT, NISAM, ACEH UTARA, ACEH",3,11,179,190
https://kawalpemilu.org#3853,"MEUNASAH CUT, NISAM, ACEH UTARA, ACEH",38,10,111,121
https://kawalpemilu.org#3853,"MEUNASAH CUT, NISAM, ACEH UTARA, ACEH",40,11,178,189
https://kawalpemilu.org#3854,"JEULIKAT, NISAM, ACEH UTARA, ACEH",1,0,0,0
https://kawalpemilu.org#3854,"JEULIKAT, NISAM, ACEH UTARA, ACEH",2,0,0,0
https://kawalpemilu.org#3854,"JEULIKAT, NISAM, ACEH UTARA, ACEH",27,6,109,115
https://kawalpemilu.org#3854,"JEULIKAT, NISAM, ACEH UTARA, ACEH",28,4,109,113
https://kawalpemilu.org#3855,"ALUE BILIE, NISAM, ACEH UTARA, ACEH",1,12,190,202
https://kawalpemilu.org#3856,"COT MAMBONG, NISAM, ACEH UTARA, ACEH",21,7,193,200
https://kawalpemilu.org#3857,"BLANG D. GEUNTENG, NISAM, ACEH UTARA, ACEH",1,0,0,0
https://kawalpemilu.org#3857,"BLANG D. GEUNTENG, NISAM, ACEH UTARA, ACEH",2,0,0,0
https://kawalpemilu.org#3857,"BLANG D. GEUNTENG, NISAM, ACEH UTARA, ACEH",3,0,0,0
https://kawalpemilu.org#3857,"BLANG D. GEUNTENG, NISAM, ACEH UTARA, ACEH",12,5,153,158
https://kawalpemilu.org#3857,"BLANG D. GEUNTENG, NISAM, ACEH UTARA, ACEH",13,12,156,168
https://kawalpemilu.org#3857,"BLANG D. GEUNTENG, NISAM, ACEH UTARA, ACEH",14,5,152,157
https://kawalpemilu.org#3858,"B. DALAM TUNONG, NISAM, ACEH UTARA, ACEH",1,0,0,0
https://kawalpemilu.org#3858,"B. DALAM TUNONG, NISAM, ACEH UTARA, ACEH",2,0,0,0
https://kawalpemilu.org#3858,"B. DALAM TUNONG, NISAM, ACEH UTARA, ACEH",4,10,132,142
https://kawalpemilu.org#3858,"B. DALAM TUNONG, NISAM, ACEH UTARA, ACEH",5,7,146,153
https://kawalpemilu.org#3859,"B. DALAM BAROH, NISAM, ACEH UTARA, ACEH",1,0,0,0
https://kawalpemilu.org#3859,"B. DALAM BAROH, NISAM, ACEH UTARA, ACEH",2,3,153,156
https://kawalpemilu.org#3859,"B. DALAM BAROH, NISAM, ACEH UTARA, ACEH",3,10,155,165
https://kawalpemilu.org#3860,"COT MEE, NISAM, ACEH UTARA, ACEH",22,6,138,144
https://kawalpemilu.org#3861,"COT EUNTONG, NISAM, ACEH UTARA, ACEH",1,0,0,0
https://kawalpemilu.org#3861,"COT EUNTONG, NISAM, ACEH UTARA, ACEH",19,3,192,195
https://kawalpemilu.org#3862,"BLANG CROK, NISAM, ACEH UTARA, ACEH",1,0,0,0
https://kawalpemilu.org#3862,"BLANG CROK, NISAM, ACEH UTARA, ACEH",2,0,0,0
https://kawalpemilu.org#3862,"BLANG CROK, NISAM, ACEH UTARA, ACEH",10,6,162,168
https://kawalpemilu.org#3862,"BLANG CROK, NISAM, ACEH UTARA, ACEH",11,6,172,178
https://kawalpemilu.org#3863,"MEUNASAH KRUENG, NISAM, ACEH UTARA, ACEH",1,0,0,0
https://kawalpemilu.org#3863,"MEUNASAH KRUENG, NISAM, ACEH UTARA, ACEH",2,0,0,0
https://kawalpemilu.org#3863,"MEUNASAH KRUENG, NISAM, ACEH UTARA, ACEH",41,2,138,140
https://kawalpemilu.org#3863,"MEUNASAH KRUENG, NISAM, ACEH UTARA, ACEH",42,3,143,146
https://kawalpemilu.org#3864,"BINJEE, NISAM, ACEH UTARA, ACEH",1,0,0,0
https://kawalpemilu.org#3864,"BINJEE, NISAM, ACEH UTARA, ACEH",2,0,0,0
https://kawalpemilu.org#3864,"BINJEE, NISAM, ACEH UTARA, ACEH",3,0,0,0
https://kawalpemilu.org#3864,"BINJEE, NISAM, ACEH UTARA, ACEH",4,0,0,0
https://kawalpemilu.org#3864,"BINJEE, NISAM, ACEH UTARA, ACEH",6,7,131,138
https://kawalpemilu.org#3864,"BINJEE, NISAM, ACEH UTARA, ACEH",7,5,140,145
https://kawalpemilu.org#3864,"BINJEE, NISAM, ACEH UTARA, ACEH",8,8,121,129
https://kawalpemilu.org#3864,"BINJEE, NISAM, ACEH UTARA, ACEH",9,3,129,132
https://kawalpemilu.org#3865,"KEUTAPANG, NISAM, ACEH UTARA, ACEH",3,6,257,263
https://kawalpemilu.org#3865,"KEUTAPANG, NISAM, ACEH UTARA, ACEH",29,6,216,222
https://kawalpemilu.org#3865,"KEUTAPANG, NISAM, ACEH UTARA, ACEH",30,7,240,247
https://kawalpemilu.org#3866,"ULEE BLANG, NISAM, ACEH UTARA, ACEH",67,9,125,134
https://kawalpemilu.org#3866,"ULEE BLANG, NISAM, ACEH UTARA, ACEH",68,10,116,126
https://kawalpemilu.org#3868,"COT GIREK, COT GIREK, ACEH UTARA, ACEH",1,20,86,106
https://kawalpemilu.org#3868,"COT GIREK, COT GIREK, ACEH UTARA, ACEH",2,41,173,214
https://kawalpemilu.org#3868,"COT GIREK, COT GIREK, ACEH UTARA, ACEH",3,12,161,173
https://kawalpemilu.org#3868,"COT GIREK, COT GIREK, ACEH UTARA, ACEH",4,22,148,170
https://kawalpemilu.org#3868,"COT GIREK, COT GIREK, ACEH UTARA, ACEH",5,8,153,161
https://kawalpemilu.org#3868,"COT GIREK, COT GIREK, ACEH UTARA, ACEH",6,19,125,144
https://kawalpemilu.org#3868,"COT GIREK, COT GIREK, ACEH UTARA, ACEH",7,26,125,151
https://kawalpemilu.org#3868,"COT GIREK, COT GIREK, ACEH UTARA, ACEH",8,27,157,184
https://kawalpemilu.org#3868,"COT GIREK, COT GIREK, ACEH UTARA, ACEH",9,25,144,169
https://kawalpemilu.org#3868,"COT GIREK, COT GIREK, ACEH UTARA, ACEH",10,24,175,199
https://kawalpemilu.org#3868,"COT GIREK, COT GIREK, ACEH UTARA, ACEH",11,19,129,148
https://kawalpemilu.org#3868,"COT GIREK, COT GIREK, ACEH UTARA, ACEH",12,20,165,185
https://kawalpemilu.org#3868,"COT GIREK, COT GIREK, ACEH UTARA, ACEH",13,14,156,170
https://kawalpemilu.org#3868,"COT GIREK, COT GIREK, ACEH UTARA, ACEH",14,24,190,214
https://kawalpemilu.org#3868,"COT GIREK, COT GIREK, ACEH UTARA, ACEH",15,14,124,138
https://kawalpemilu.org#3868,"COT GIREK, COT GIREK, ACEH UTARA, ACEH",16,22,147,169
https://kawalpemilu.org#3868,"COT GIREK, COT GIREK, ACEH UTARA, ACEH",17,21,136,157
https://kawalpemilu.org#3868,"COT GIREK, COT GIREK, ACEH UTARA, ACEH",18,25,146,2
https://kawalpemilu.org#3868,"COT GIREK, COT GIREK, ACEH UTARA, ACEH",19,29,152,152
https://kawalpemilu.org#3868,"COT GIREK, COT GIREK, ACEH UTARA, ACEH",20,25,159,184
https://kawalpemilu.org#3868,"COT GIREK, COT GIREK, ACEH UTARA, ACEH",21,36,181,217
https://kawalpemilu.org#3868,"COT GIREK, COT GIREK, ACEH UTARA, ACEH",22,40,179,219
https://kawalpemilu.org#3869,"LHOK MEURBO, COT GIREK, ACEH UTARA, ACEH",1,9,143,0
https://kawalpemilu.org#3869,"LHOK MEURBO, COT GIREK, ACEH UTARA, ACEH",2,0,0,0
https://kawalpemilu.org#3869,"LHOK MEURBO, COT GIREK, ACEH UTARA, ACEH",29,15,166,181
https://kawalpemilu.org#3870,"SEUNEUBOK BARO, COT GIREK, ACEH UTARA, ACEH",50,16,172,188
https://kawalpemilu.org#3871,"ALUE DRIEN, COT GIREK, ACEH UTARA, ACEH",1,8,133,141
https://kawalpemilu.org#3871,"ALUE DRIEN, COT GIREK, ACEH UTARA, ACEH",51,29,126,155
https://kawalpemilu.org#3872,"CEUMPEUDAK, COT GIREK, ACEH UTARA, ACEH",34,15,186,201
https://kawalpemilu.org#3873,"BATU XII, COT GIREK, ACEH UTARA, ACEH",39,16,142,158
https://kawalpemilu.org#3873,"BATU XII, COT GIREK, ACEH UTARA, ACEH",40,15,183,198
https://kawalpemilu.org#3873,"BATU XII, COT GIREK, ACEH UTARA, ACEH",41,16,121,137
https://kawalpemilu.org#3873,"BATU XII, COT GIREK, ACEH UTARA, ACEH",42,13,121,134
https://kawalpemilu.org#3874,"PUCOK ALUE, COT GIREK, ACEH UTARA, ACEH",32,23,134,157
https://kawalpemilu.org#3876,"KAMPUNG BANTAN, COT GIREK, ACEH UTARA, ACEH",30,24,130,154
https://kawalpemilu.org#3877,"ALUE SEUMAMBU, COT GIREK, ACEH UTARA, ACEH",1,7,113,120
https://kawalpemilu.org#3877,"ALUE SEUMAMBU, COT GIREK, ACEH UTARA, ACEH",36,11,135,146
https://kawalpemilu.org#3878,"ULEE GAMPONG, COT GIREK, ACEH UTARA, ACEH",2,6,120,126
https://kawalpemilu.org#3878,"ULEE GAMPONG, COT GIREK, ACEH UTARA, ACEH",37,13,102,115
https://kawalpemilu.org#3879,"MATANG TEUNGOH L, COT GIREK, ACEH UTARA, ACEH",33,14,97,111
https://kawalpemilu.org#3880,"KAMPUNG TEMPEL, COT GIREK, ACEH UTARA, ACEH",1,0,0,0
https://kawalpemilu.org#3880,"KAMPUNG TEMPEL, COT GIREK, ACEH UTARA, ACEH",4,0,0,0
https://kawalpemilu.org#3880,"KAMPUNG TEMPEL, COT GIREK, ACEH UTARA, ACEH",43,10,168,178
https://kawalpemilu.org#3880,"KAMPUNG TEMPEL, COT GIREK, ACEH UTARA, ACEH",44,14,164,178
https://kawalpemilu.org#3880,"KAMPUNG TEMPEL, COT GIREK, ACEH UTARA, ACEH",45,25,91,116
https://kawalpemilu.org#3880,"KAMPUNG TEMPEL, COT GIREK, ACEH UTARA, ACEH",46,19,113,132
https://kawalpemilu.org#3881,"U BARO., COT GIREK, ACEH UTARA, ACEH",3,9,96,105
https://kawalpemilu.org#3881,"U BARO., COT GIREK, ACEH UTARA, ACEH",47,8,101,109
https://kawalpemilu.org#3881,"U BARO., COT GIREK, ACEH UTARA, ACEH",48,11,124,135
https://kawalpemilu.org#3882,"LHOK REUHAT, COT GIREK, ACEH UTARA, ACEH",55,4,174,178
https://kawalpemilu.org#3883,"LUENG BARO, COT GIREK, ACEH UTARA, ACEH",56,9,123,132
https://kawalpemilu.org#3885,"ARA, COT GIREK, ACEH UTARA, ACEH",58,28,143,171
https://kawalpemilu.org#3886,"BEURANDANG DAYAH, COT GIREK, ACEH UTARA, ACEH",1,0,0,0
https://kawalpemilu.org#3886,"BEURANDANG DAYAH, COT GIREK, ACEH UTARA, ACEH",59,10,189,199
https://kawalpemilu.org#3887,"BEURANDANG KRUENG, COT GIREK, ACEH UTARA, ACEH",1,0,0,0
https://kawalpemilu.org#3887,"BEURANDANG KRUENG, COT GIREK, ACEH UTARA, ACEH",62,5,119,124
https://kawalpemilu.org#3887,"BEURANDANG KRUENG, COT GIREK, ACEH UTARA, ACEH",63,0,12,12
https://kawalpemilu.org#3889,"BEURANDANG ASAN, COT GIREK, ACEH UTARA, ACEH",1,0,0,0
https://kawalpemilu.org#3889,"BEURANDANG ASAN, COT GIREK, ACEH UTARA, ACEH",2,9,186,195
https://kawalpemilu.org#3889,"BEURANDANG ASAN, COT GIREK, ACEH UTARA, ACEH",60,10,150,160
https://kawalpemilu.org#3890,"DRIEN DUA, COT GIREK, ACEH UTARA, ACEH",1,8,133,141
https://kawalpemilu.org#3891,"ALUE LEUHOB, COT GIREK, ACEH UTARA, ACEH",1,0,0,0
https://kawalpemilu.org#3891,"ALUE LEUHOB, COT GIREK, ACEH UTARA, ACEH",23,20,166,186
https://kawalpemilu.org#3891,"ALUE LEUHOB, COT GIREK, ACEH UTARA, ACEH",24,20,158,178
https://kawalpemilu.org#3891,"ALUE LEUHOB, COT GIREK, ACEH UTARA, ACEH",25,28,131,159
https://kawalpemilu.org#3891,"ALUE LEUHOB, COT GIREK, ACEH UTARA, ACEH",26,14,160,174
https://kawalpemilu.org#3891,"ALUE LEUHOB, COT GIREK, ACEH UTARA, ACEH",27,13,190,203
https://kawalpemilu.org#84141,"TRIENG, COT GIREK, ACEH UTARA, ACEH",1,0,0,0
https://kawalpemilu.org#84141,"TRIENG, COT GIREK, ACEH UTARA, ACEH",52,10,178,188
https://kawalpemilu.org#84141,"TRIENG, COT GIREK, ACEH UTARA, ACEH",53,5,117,122
https://kawalpemilu.org#3893,"COT BADA, LANGKAHAN, ACEH UTARA, ACEH",1,23,92,115
https://kawalpemilu.org#3893,"COT BADA, LANGKAHAN, ACEH UTARA, ACEH",2,18,101,119
https://kawalpemilu.org#3894,"ALUE DUA, LANGKAHAN, ACEH UTARA, ACEH",1,26,111,137
https://kawalpemilu.org#3894,"ALUE DUA, LANGKAHAN, ACEH UTARA, ACEH",2,27,102,129
https://kawalpemilu.org#3895,"BANTAYAN, LANGKAHAN, ACEH UTARA, ACEH",1,0,0,0
https://kawalpemilu.org#3895,"BANTAYAN, LANGKAHAN, ACEH UTARA, ACEH",2,0,0,0
https://kawalpemilu.org#3895,"BANTAYAN, LANGKAHAN, ACEH UTARA, ACEH",6,8,131,139
https://kawalpemilu.org#3895,"BANTAYAN, LANGKAHAN, ACEH UTARA, ACEH",7,2,123,125
https://kawalpemilu.org#3896,"KAMPONG BLANG, LANGKAHAN, ACEH UTARA, ACEH",1,0,0,0
https://kawalpemilu.org#3896,"KAMPONG BLANG, LANGKAHAN, ACEH UTARA, ACEH",5,6,150,156
https://kawalpemilu.org#3897,"PAYA TUKAI, LANGKAHAN, ACEH UTARA, ACEH",1,0,0,0
https://kawalpemilu.org#3897,"PAYA TUKAI, LANGKAHAN, ACEH UTARA, ACEH",2,0,0,0
https://kawalpemilu.org#3897,"PAYA TUKAI, LANGKAHAN, ACEH UTARA, ACEH",8,4,203,207
https://kawalpemilu.org#3897,"PAYA TUKAI, LANGKAHAN, ACEH UTARA, ACEH",9,3,203,206
https://kawalpemilu.org#3898,"MATANG KEUTAPANG, LANGKAHAN, ACEH UTARA, ACEH",1,0,0,0
https://kawalpemilu.org#3898,"MATANG KEUTAPANG, LANGKAHAN, ACEH UTARA, ACEH",10,5,122,127
https://kawalpemilu.org#3899,"KRUENG LINGKA, LANGKAHAN, ACEH UTARA, ACEH",1,0,0,0
https://kawalpemilu.org#3899,"KRUENG LINGKA, LANGKAHAN, ACEH UTARA, ACEH",14,22,138,160
https://kawalpemilu.org#3899,"KRUENG LINGKA, LANGKAHAN, ACEH UTARA, ACEH",16,24,116,140
https://kawalpemilu.org#3900,"SIMPANG TIGA, LANGKAHAN, ACEH UTARA, ACEH",1,0,0,0
https://kawalpemilu.org#3900,"SIMPANG TIGA, LANGKAHAN, ACEH UTARA, ACEH",2,0,0,0
https://kawalpemilu.org#3900,"SIMPANG TIGA, LANGKAHAN, ACEH UTARA, ACEH",3,0,0,0
https://kawalpemilu.org#3900,"SIMPANG TIGA, LANGKAHAN, ACEH UTARA, ACEH",4,0,0,0
https://kawalpemilu.org#3900,"SIMPANG TIGA, LANGKAHAN, ACEH UTARA, ACEH",17,9,120,129
https://kawalpemilu.org#3900,"SIMPANG TIGA, LANGKAHAN, ACEH UTARA, ACEH",18,19,147,166
https://kawalpemilu.org#3900,"SIMPANG TIGA, LANGKAHAN, ACEH UTARA, ACEH",19,25,156,181
https://kawalpemilu.org#3900,"SIMPANG TIGA, LANGKAHAN, ACEH UTARA, ACEH",20,18,100,118
https://kawalpemilu.org#3901,"MATANG RUBEK, LANGKAHAN, ACEH UTARA, ACEH",1,0,0,0
https://kawalpemilu.org#3901,"MATANG RUBEK, LANGKAHAN, ACEH UTARA, ACEH",2,0,0,0
https://kawalpemilu.org#3901,"MATANG RUBEK, LANGKAHAN, ACEH UTARA, ACEH",21,12,122,134
https://kawalpemilu.org#3901,"MATANG RUBEK, LANGKAHAN, ACEH UTARA, ACEH",22,15,131,146
https://kawalpemilu.org#3902,"LEUBOK MANE, LANGKAHAN, ACEH UTARA, ACEH",1,0,0,0
https://kawalpemilu.org#3902,"LEUBOK MANE, LANGKAHAN, ACEH UTARA, ACEH",2,0,0,0
https://kawalpemilu.org#3902,"LEUBOK MANE, LANGKAHAN, ACEH UTARA, ACEH",3,0,0,0
https://kawalpemilu.org#3902,"LEUBOK MANE, LANGKAHAN, ACEH UTARA, ACEH",23,14,121,135
https://kawalpemilu.org#3902,"LEUBOK MANE, LANGKAHAN, ACEH UTARA, ACEH",24,16,133,149
https://kawalpemilu.org#3902,"LEUBOK MANE, LANGKAHAN, ACEH UTARA, ACEH",25,14,120,134
https://kawalpemilu.org#3903,"MATANG TEUNGOH SELATAN, LANGKAHAN, ACEH UTARA, ACEH",1,0,0,0
https://kawalpemilu.org#3903,"MATANG TEUNGOH SELATAN, LANGKAHAN, ACEH UTARA, ACEH",2,0,0,0
https://kawalpemilu.org#3903,"MATANG TEUNGOH SELATAN, LANGKAHAN, ACEH UTARA, ACEH",26,11,111,122
https://kawalpemilu.org#3903,"MATANG TEUNGOH SELATAN, LANGKAHAN, ACEH UTARA, ACEH",27,3,123,126
https://kawalpemilu.org#3904,"PADANG MEURIA, LANGKAHAN, ACEH UTARA, ACEH",1,15,115,130
https://kawalpemilu.org#3904,"PADANG MEURIA, LANGKAHAN, ACEH UTARA, ACEH",2,12,108,120
https://kawalpemilu.org#3904,"PADANG MEURIA, LANGKAHAN, ACEH UTARA, ACEH",28,15,115,130
https://kawalpemilu.org#3904,"PADANG MEURIA, LANGKAHAN, ACEH UTARA, ACEH",29,12,108,120
https://kawalpemilu.org#3905,"ALUE KRAK KAYEE, LANGKAHAN, ACEH UTARA, ACEH",1,0,0,0
https://kawalpemilu.org#3905,"ALUE KRAK KAYEE, LANGKAHAN, ACEH UTARA, ACEH",2,0,0,0
https://kawalpemilu.org#3905,"ALUE KRAK KAYEE, LANGKAHAN, ACEH UTARA, ACEH",31,11,96,107
https://kawalpemilu.org#3905,"ALUE KRAK KAYEE, LANGKAHAN, ACEH UTARA, ACEH",32,10,117,127
https://kawalpemilu.org#3906,"TANJONG JAWA, LANGKAHAN, ACEH UTARA, ACEH",1,0,0,0
https://kawalpemilu.org#3906,"TANJONG JAWA, LANGKAHAN, ACEH UTARA, ACEH",30,21,156,177
https://kawalpemilu.org#3907,"MEUNASAH BLANG, LANGKAHAN, ACEH UTARA, ACEH",1,0,0,0
https://kawalpemilu.org#3907,"MEUNASAH BLANG, LANGKAHAN, ACEH UTARA, ACEH",2,0,0,0
https://kawalpemilu.org#3907,"MEUNASAH BLANG, LANGKAHAN, ACEH UTARA, ACEH",33,10,103,113
https://kawalpemilu.org#3907,"MEUNASAH BLANG, LANGKAHAN, ACEH UTARA, ACEH",34,9,96,105
https://kawalpemilu.org#3908,"TANJONG DALAM SELATAN, LANGKAHAN, ACEH UTARA, ACEH",1,0,0,0
https://kawalpemilu.org#3908,"TANJONG DALAM SELATAN, LANGKAHAN, ACEH UTARA, ACEH",2,0,0,0
https://kawalpemilu.org#3908,"TANJONG DALAM SELATAN, LANGKAHAN, ACEH UTARA, ACEH",3,0,0,0
https://kawalpemilu.org#3908,"TANJONG DALAM SELATAN, LANGKAHAN, ACEH UTARA, ACEH",4,0,0,0
https://kawalpemilu.org#3908,"TANJONG DALAM SELATAN, LANGKAHAN, ACEH UTARA, ACEH",5,0,0,0
https://kawalpemilu.org#3908,"TANJONG DALAM SELATAN, LANGKAHAN, ACEH UTARA, ACEH",6,0,0,0
https://kawalpemilu.org#3908,"TANJONG DALAM SELATAN, LANGKAHAN, ACEH UTARA, ACEH",35,24,115,139
https://kawalpemilu.org#3908,"TANJONG DALAM SELATAN, LANGKAHAN, ACEH UTARA, ACEH",36,36,104,140
https://kawalpemilu.org#3908,"TANJONG DALAM SELATAN, LANGKAHAN, ACEH UTARA, ACEH",37,42,103,145
https://kawalpemilu.org#3908,"TANJONG DALAM SELATAN, LANGKAHAN, ACEH UTARA, ACEH",38,37,103,140
https://kawalpemilu.org#3908,"TANJONG DALAM SELATAN, LANGKAHAN, ACEH UTARA, ACEH",39,21,103,119
https://kawalpemilu.org#3908,"TANJONG DALAM SELATAN, LANGKAHAN, ACEH UTARA, ACEH",40,24,103,127
https://kawalpemilu.org#3909,"GEUDUMBAK, LANGKAHAN, ACEH UTARA, ACEH",1,0,0,0
https://kawalpemilu.org#3909,"GEUDUMBAK, LANGKAHAN, ACEH UTARA, ACEH",2,0,0,0
https://kawalpemilu.org#3909,"GEUDUMBAK, LANGKAHAN, ACEH UTARA, ACEH",3,0,0,0
https://kawalpemilu.org#3909,"GEUDUMBAK, LANGKAHAN, ACEH UTARA, ACEH",4,0,0,0
https://kawalpemilu.org#3909,"GEUDUMBAK, LANGKAHAN, ACEH UTARA, ACEH",41,20,136,156
https://kawalpemilu.org#3909,"GEUDUMBAK, LANGKAHAN, ACEH UTARA, ACEH",42,18,147,165
https://kawalpemilu.org#3909,"GEUDUMBAK, LANGKAHAN, ACEH UTARA, ACEH",43,30,107,137
https://kawalpemilu.org#3909,"GEUDUMBAK, LANGKAHAN, ACEH UTARA, ACEH",44,46,146,192
https://kawalpemilu.org#3910,"LANGKAHAN, LANGKAHAN, ACEH UTARA, ACEH",1,0,0,0
https://kawalpemilu.org#3910,"LANGKAHAN, LANGKAHAN, ACEH UTARA, ACEH",2,0,0,0
https://kawalpemilu.org#3910,"LANGKAHAN, LANGKAHAN, ACEH UTARA, ACEH",3,0,0,0
https://kawalpemilu.org#3910,"LANGKAHAN, LANGKAHAN, ACEH UTARA, ACEH",45,26,128,154
https://kawalpemilu.org#3910,"LANGKAHAN, LANGKAHAN, ACEH UTARA, ACEH",46,25,118,143
https://kawalpemilu.org#3910,"LANGKAHAN, LANGKAHAN, ACEH UTARA, ACEH",47,19,105,124
https://kawalpemilu.org#3911,"RUMOH RAYEUK, LANGKAHAN, ACEH UTARA, ACEH",1,0,0,0
https://kawalpemilu.org#3911,"RUMOH RAYEUK, LANGKAHAN, ACEH UTARA, ACEH",2,0,0,0
https://kawalpemilu.org#3911,"RUMOH RAYEUK, LANGKAHAN, ACEH UTARA, ACEH",3,28,185,213
https://kawalpemilu.org#3911,"RUMOH RAYEUK, LANGKAHAN, ACEH UTARA, ACEH",48,30,154,184
https://kawalpemilu.org#3911,"RUMOH RAYEUK, LANGKAHAN, ACEH UTARA, ACEH",49,19,155,174
https://kawalpemilu.org#3912,"BUKET LINTEUNG, LANGKAHAN, ACEH UTARA, ACEH",1,22,110,132
https://kawalpemilu.org#3912,"BUKET LINTEUNG, LANGKAHAN, ACEH UTARA, ACEH",2,0,0,0
https://kawalpemilu.org#3912,"BUKET LINTEUNG, LANGKAHAN, ACEH UTARA, ACEH",3,0,0,0
https://kawalpemilu.org#3912,"BUKET LINTEUNG, LANGKAHAN, ACEH UTARA, ACEH",4,0,0,0
https://kawalpemilu.org#3912,"BUKET LINTEUNG, LANGKAHAN, ACEH UTARA, ACEH",6,32,118,150
https://kawalpemilu.org#3912,"BUKET LINTEUNG, LANGKAHAN, ACEH UTARA, ACEH",52,22,108,130
https://kawalpemilu.org#3912,"BUKET LINTEUNG, LANGKAHAN, ACEH UTARA, ACEH",53,19,132,151
https://kawalpemilu.org#3912,"BUKET LINTEUNG, LANGKAHAN, ACEH UTARA, ACEH",54,30,99,129
https://kawalpemilu.org#3912,"BUKET LINTEUNG, LANGKAHAN, ACEH UTARA, ACEH",55,32,115,147
https://kawalpemilu.org#3913,"LUBOK PUSAKA, LANGKAHAN, ACEH UTARA, ACEH",1,0,0,0
https://kawalpemilu.org#3913,"LUBOK PUSAKA, LANGKAHAN, ACEH UTARA, ACEH",2,0,0,0
https://kawalpemilu.org#3913,"LUBOK PUSAKA, LANGKAHAN, ACEH UTARA, ACEH",3,0,0,0
https://kawalpemilu.org#3913,"LUBOK PUSAKA, LANGKAHAN, ACEH UTARA, ACEH",5,0,0,0
https://kawalpemilu.org#3913,"LUBOK PUSAKA, LANGKAHAN, ACEH UTARA, ACEH",6,0,0,0
https://kawalpemilu.org#3913,"LUBOK PUSAKA, LANGKAHAN, ACEH UTARA, ACEH",65,13,232,245
https://kawalpemilu.org#3913,"LUBOK PUSAKA, LANGKAHAN, ACEH UTARA, ACEH",66,17,191,208
https://kawalpemilu.org#3913,"LUBOK PUSAKA, LANGKAHAN, ACEH UTARA, ACEH",67,18,137,155
https://kawalpemilu.org#3913,"LUBOK PUSAKA, LANGKAHAN, ACEH UTARA, ACEH",69,46,116,120
https://kawalpemilu.org#3913,"LUBOK PUSAKA, LANGKAHAN, ACEH UTARA, ACEH",70,60,72,132
https://kawalpemilu.org#3914,"SEUREUKE, LANGKAHAN, ACEH UTARA, ACEH",1,0,0,0
https://kawalpemilu.org#3914,"SEUREUKE, LANGKAHAN, ACEH UTARA, ACEH",2,38,153,191
https://kawalpemilu.org#3914,"SEUREUKE, LANGKAHAN, ACEH UTARA, ACEH",3,0,0,0
https://kawalpemilu.org#3914,"SEUREUKE, LANGKAHAN, ACEH UTARA, ACEH",4,0,0,0
https://kawalpemilu.org#3914,"SEUREUKE, LANGKAHAN, ACEH UTARA, ACEH",5,0,0,0
https://kawalpemilu.org#3914,"SEUREUKE, LANGKAHAN, ACEH UTARA, ACEH",6,0,0,0
https://kawalpemilu.org#3914,"SEUREUKE, LANGKAHAN, ACEH UTARA, ACEH",7,0,0,0
https://kawalpemilu.org#3914,"SEUREUKE, LANGKAHAN, ACEH UTARA, ACEH",8,38,158,196
https://kawalpemilu.org#3914,"SEUREUKE, LANGKAHAN, ACEH UTARA, ACEH",57,62,137,199
https://kawalpemilu.org#3914,"SEUREUKE, LANGKAHAN, ACEH UTARA, ACEH",58,38,153,191
https://kawalpemilu.org#3914,"SEUREUKE, LANGKAHAN, ACEH UTARA, ACEH",59,43,167,210
https://kawalpemilu.org#3914,"SEUREUKE, LANGKAHAN, ACEH UTARA, ACEH",60,36,176,212
https://kawalpemilu.org#3914,"SEUREUKE, LANGKAHAN, ACEH UTARA, ACEH",61,55,165,220
https://kawalpemilu.org#3914,"SEUREUKE, LANGKAHAN, ACEH UTARA, ACEH",62,52,157,209
https://kawalpemilu.org#3914,"SEUREUKE, LANGKAHAN, ACEH UTARA, ACEH",63,39,159,198
https://kawalpemilu.org#3915,"PANTE GAKI BALE, LANGKAHAN, ACEH UTARA, ACEH",1,0,0,0
https://kawalpemilu.org#3915,"PANTE GAKI BALE, LANGKAHAN, ACEH UTARA, ACEH",2,0,0,0
https://kawalpemilu.org#3915,"PANTE GAKI BALE, LANGKAHAN, ACEH UTARA, ACEH",3,0,0,0
https://kawalpemilu.org#3915,"PANTE GAKI BALE, LANGKAHAN, ACEH UTARA, ACEH",11,8,113,121
https://kawalpemilu.org#3915,"PANTE GAKI BALE, LANGKAHAN, ACEH UTARA, ACEH",12,29,135,164
https://kawalpemilu.org#3915,"PANTE GAKI BALE, LANGKAHAN, ACEH UTARA, ACEH",13,21,133,154
https://kawalpemilu.org#3917,"KEUDE SAMPOINIET, BAKTIYA BARAT, ACEH UTARA, ACEH",1,6,126,132
https://kawalpemilu.org#3918,"LHOK IBOH, BAKTIYA BARAT, ACEH UTARA, ACEH",1,0,0,0
https://kawalpemilu.org#3918,"LHOK IBOH, BAKTIYA BARAT, ACEH UTARA, ACEH",2,10,153,163
https://kawalpemilu.org#3918,"LHOK IBOH, BAKTIYA BARAT, ACEH UTARA, ACEH",3,9,156,165
https://kawalpemilu.org#3918,"LHOK IBOH, BAKTIYA BARAT, ACEH UTARA, ACEH",4,3,151,154
https://kawalpemilu.org#3918,"LHOK IBOH, BAKTIYA BARAT, ACEH UTARA, ACEH",5,11,160,171
https://kawalpemilu.org#3918,"LHOK IBOH, BAKTIYA BARAT, ACEH UTARA, ACEH",6,4,135,139
https://kawalpemilu.org#3919,"MATANG BAYU, BAKTIYA BARAT, ACEH UTARA, ACEH",1,0,0,0
https://kawalpemilu.org#3919,"MATANG BAYU, BAKTIYA BARAT, ACEH UTARA, ACEH",2,0,0,0
https://kawalpemilu.org#3919,"MATANG BAYU, BAKTIYA BARAT, ACEH UTARA, ACEH",3,0,0,0
https://kawalpemilu.org#3919,"MATANG BAYU, BAKTIYA BARAT, ACEH UTARA, ACEH",4,0,0,0
https://kawalpemilu.org#3919,"MATANG BAYU, BAKTIYA BARAT, ACEH UTARA, ACEH",10,8,127,135
https://kawalpemilu.org#3919,"MATANG BAYU, BAKTIYA BARAT, ACEH UTARA, ACEH",11,6,173,179
https://kawalpemilu.org#3919,"MATANG BAYU, BAKTIYA BARAT, ACEH UTARA, ACEH",12,10,137,147
https://kawalpemilu.org#3919,"MATANG BAYU, BAKTIYA BARAT, ACEH UTARA, ACEH",13,6,153,159
https://kawalpemilu.org#3920,"LANG NIBONG, BAKTIYA BARAT, ACEH UTARA, ACEH",1,0,0,0
https://kawalpemilu.org#3920,"LANG NIBONG, BAKTIYA BARAT, ACEH UTARA, ACEH",2,0,0,0
https://kawalpemilu.org#3920,"LANG NIBONG, BAKTIYA BARAT, ACEH UTARA, ACEH",3,0,0,0
https://kawalpemilu.org#3920,"LANG NIBONG, BAKTIYA BARAT, ACEH UTARA, ACEH",7,9,126,135
https://kawalpemilu.org#3920,"LANG NIBONG, BAKTIYA BARAT, ACEH UTARA, ACEH",8,9,108,117
https://kawalpemilu.org#3920,"LANG NIBONG, BAKTIYA BARAT, ACEH UTARA, ACEH",9,9,114,123
https://kawalpemilu.org#3921,"BLANG SEUNONG, BAKTIYA BARAT, ACEH UTARA, ACEH",1,0,0,0
https://kawalpemilu.org#3921,"BLANG SEUNONG, BAKTIYA BARAT, ACEH UTARA, ACEH",2,0,0,0
https://kawalpemilu.org#3921,"BLANG SEUNONG, BAKTIYA BARAT, ACEH UTARA, ACEH",14,12,180,192
https://kawalpemilu.org#3921,"BLANG SEUNONG, BAKTIYA BARAT, ACEH UTARA, ACEH",15,17,181,198
https://kawalpemilu.org#3922,"SINGGAH MATA, BAKTIYA BARAT, ACEH UTARA, ACEH",1,0,0,0
https://kawalpemilu.org#3922,"SINGGAH MATA, BAKTIYA BARAT, ACEH UTARA, ACEH",2,0,0,0
https://kawalpemilu.org#3922,"SINGGAH MATA, BAKTIYA BARAT, ACEH UTARA, ACEH",3,0,0,0
https://kawalpemilu.org#3922,"SINGGAH MATA, BAKTIYA BARAT, ACEH UTARA, ACEH",4,0,0,0
https://kawalpemilu.org#3922,"SINGGAH MATA, BAKTIYA BARAT, ACEH UTARA, ACEH",16,16,141,157
https://kawalpemilu.org#3922,"SINGGAH MATA, BAKTIYA BARAT, ACEH UTARA, ACEH",17,15,136,151
https://kawalpemilu.org#3922,"SINGGAH MATA, BAKTIYA BARAT, ACEH UTARA, ACEH",18,13,138,151
https://kawalpemilu.org#3922,"SINGGAH MATA, BAKTIYA BARAT, ACEH UTARA, ACEH",19,17,141,158
https://kawalpemilu.org#3923,"MATANG PANYANG, BAKTIYA BARAT, ACEH UTARA, ACEH",1,0,0,0
https://kawalpemilu.org#3923,"MATANG PANYANG, BAKTIYA BARAT, ACEH UTARA, ACEH",2,0,0,0
https://kawalpemilu.org#3923,"MATANG PANYANG, BAKTIYA BARAT, ACEH UTARA, ACEH",3,0,0,0
https://kawalpemilu.org#3923,"MATANG PANYANG, BAKTIYA BARAT, ACEH UTARA, ACEH",4,0,0,0
https://kawalpemilu.org#3923,"MATANG PANYANG, BAKTIYA BARAT, ACEH UTARA, ACEH",20,18,106,124
https://kawalpemilu.org#3923,"MATANG PANYANG, BAKTIYA BARAT, ACEH UTARA, ACEH",21,18,126,144
https://kawalpemilu.org#3923,"MATANG PANYANG, BAKTIYA BARAT, ACEH UTARA, ACEH",22,17,133,150
https://kawalpemilu.org#3923,"MATANG PANYANG, BAKTIYA BARAT, ACEH UTARA, ACEH",23,19,137,156
https://kawalpemilu.org#3924,"MATANG CEUBREK, BAKTIYA BARAT, ACEH UTARA, ACEH",1,0,0,0
https://kawalpemilu.org#3924,"MATANG CEUBREK, BAKTIYA BARAT, ACEH UTARA, ACEH",2,0,0,0
https://kawalpemilu.org#3924,"MATANG CEUBREK, BAKTIYA BARAT, ACEH UTARA, ACEH",25,2,205,207
https://kawalpemilu.org#3924,"MATANG CEUBREK, BAKTIYA BARAT, ACEH UTARA, ACEH",26,9,193,202
https://kawalpemilu.org#3925,"MATANG TEUNGOH, BAKTIYA BARAT, ACEH UTARA, ACEH",1,0,0,0
https://kawalpemilu.org#3925,"MATANG TEUNGOH, BAKTIYA BARAT, ACEH UTARA, ACEH",27,2,227,229
https://kawalpemilu.org#3926,"COT PAYA, BAKTIYA BARAT, ACEH UTARA, ACEH",1,0,0,0
https://kawalpemilu.org#3926,"COT PAYA, BAKTIYA BARAT, ACEH UTARA, ACEH",24,5,159,164
https://kawalpemilu.org#3927,"COT KUPOK, BAKTIYA BARAT, ACEH UTARA, ACEH",1,0,0,0
https://kawalpemilu.org#3927,"COT KUPOK, BAKTIYA BARAT, ACEH UTARA, ACEH",2,0,0,0
https://kawalpemilu.org#3927,"COT KUPOK, BAKTIYA BARAT, ACEH UTARA, ACEH",28,10,166,176
https://kawalpemilu.org#3927,"COT KUPOK, BAKTIYA BARAT, ACEH UTARA, ACEH",29,9,155,164
https://kawalpemilu.org#3928,"MTG RAYA BLANG SIALET, BAKTIYA BARAT, ACEH UTARA, ACEH",1,7,199,206
https://kawalpemilu.org#3928,"MTG RAYA BLANG SIALET, BAKTIYA BARAT, ACEH UTARA, ACEH",2,15,181,196
https://kawalpemilu.org#3929,"PUCOK ALUE BUKET, BAKTIYA BARAT, ACEH UTARA, ACEH",1,0,0,0
https://kawalpemilu.org#3929,"PUCOK ALUE BUKET, BAKTIYA BARAT, ACEH UTARA, ACEH",32,7,83,90
https://kawalpemilu.org#3930,"MATANG SIJUEK TIMU, BAKTIYA BARAT, ACEH UTARA, ACEH",1,0,0,0
https://kawalpemilu.org#3930,"MATANG SIJUEK TIMU, BAKTIYA BARAT, ACEH UTARA, ACEH",2,0,0,0
https://kawalpemilu.org#3930,"MATANG SIJUEK TIMU, BAKTIYA BARAT, ACEH UTARA, ACEH",3,0,0,0
https://kawalpemilu.org#3930,"MATANG SIJUEK TIMU, BAKTIYA BARAT, ACEH UTARA, ACEH",4,0,0,0
https://kawalpemilu.org#3930,"MATANG SIJUEK TIMU, BAKTIYA BARAT, ACEH UTARA, ACEH",5,0,0,0
https://kawalpemilu.org#3930,"MATANG SIJUEK TIMU, BAKTIYA BARAT, ACEH UTARA, ACEH",33,15,139,154
https://kawalpemilu.org#3930,"MATANG SIJUEK TIMU, BAKTIYA BARAT, ACEH UTARA, ACEH",34,9,122,131
https://kawalpemilu.org#3930,"MATANG SIJUEK TIMU, BAKTIYA BARAT, ACEH UTARA, ACEH",35,21,128,149
https://kawalpemilu.org#3930,"MATANG SIJUEK TIMU, BAKTIYA BARAT, ACEH UTARA, ACEH",36,16,158,174
https://kawalpemilu.org#3930,"MATANG SIJUEK TIMU, BAKTIYA BARAT, ACEH UTARA, ACEH",37,14,163,177
https://kawalpemilu.org#3931,"MATANG SIJUEK TEUNGOH, BAKTIYA BARAT, ACEH UTARA, ACEH",1,0,0,0
https://kawalpemilu.org#3931,"MATANG SIJUEK TEUNGOH, BAKTIYA BARAT, ACEH UTARA, ACEH",2,0,0,0
https://kawalpemilu.org#3931,"MATANG SIJUEK TEUNGOH, BAKTIYA BARAT, ACEH UTARA, ACEH",3,0,0,0
https://kawalpemilu.org#3931,"MATANG SIJUEK TEUNGOH, BAKTIYA BARAT, ACEH UTARA, ACEH",38,10,155,165
https://kawalpemilu.org#3931,"MATANG SIJUEK TEUNGOH, BAKTIYA BARAT, ACEH UTARA, ACEH",39,13,146,159
https://kawalpemilu.org#3931,"MATANG SIJUEK TEUNGOH, BAKTIYA BARAT, ACEH UTARA, ACEH",40,11,169,180
https://kawalpemilu.org#3932,"MATANG SIJUEK BARAT, BAKTIYA BARAT, ACEH UTARA, ACEH",1,0,0,0
https://kawalpemilu.org#3932,"MATANG SIJUEK BARAT, BAKTIYA BARAT, ACEH UTARA, ACEH",2,0,0,0
https://kawalpemilu.org#3932,"MATANG SIJUEK BARAT, BAKTIYA BARAT, ACEH UTARA, ACEH",3,0,0,0
https://kawalpemilu.org#3932,"MATANG SIJUEK BARAT, BAKTIYA BARAT, ACEH UTARA, ACEH",4,0,0,0
https://kawalpemilu.org#3932,"MATANG SIJUEK BARAT, BAKTIYA BARAT, ACEH UTARA, ACEH",41,7,186,193
https://kawalpemilu.org#3932,"MATANG SIJUEK BARAT, BAKTIYA BARAT, ACEH UTARA, ACEH",42,5,143,148
https://kawalpemilu.org#3932,"MATANG SIJUEK BARAT, BAKTIYA BARAT, ACEH UTARA, ACEH",43,13,157,170
https://kawalpemilu.org#3932,"MATANG SIJUEK BARAT, BAKTIYA BARAT, ACEH UTARA, ACEH",44,7,174,181
https://kawalpemilu.org#3933,"COT LABA, BAKTIYA BARAT, ACEH UTARA, ACEH",1,0,0,0
https://kawalpemilu.org#3933,"COT LABA, BAKTIYA BARAT, ACEH UTARA, ACEH",2,0,0,0
https://kawalpemilu.org#3933,"COT LABA, BAKTIYA BARAT, ACEH UTARA, ACEH",50,5,138,143
https://kawalpemilu.org#3933,"COT LABA, BAKTIYA BARAT, ACEH UTARA, ACEH",51,2,135,137
https://kawalpemilu.org#3934,"MEUNASAH PANTE, BAKTIYA BARAT, ACEH UTARA, ACEH",1,0,0,0
https://kawalpemilu.org#3934,"MEUNASAH PANTE, BAKTIYA BARAT, ACEH UTARA, ACEH",2,0,0,0
https://kawalpemilu.org#3934,"MEUNASAH PANTE, BAKTIYA BARAT, ACEH UTARA, ACEH",48,8,119,127
https://kawalpemilu.org#3934,"MEUNASAH PANTE, BAKTIYA BARAT, ACEH UTARA, ACEH",49,4,125,129
https://kawalpemilu.org#3935,"MEURANDEH RAYA, BAKTIYA BARAT, ACEH UTARA, ACEH",1,0,0,0
https://kawalpemilu.org#3935,"MEURANDEH RAYA, BAKTIYA BARAT, ACEH UTARA, ACEH",2,0,0,0
https://kawalpemilu.org#3935,"MEURANDEH RAYA, BAKTIYA BARAT, ACEH UTARA, ACEH",56,3,161,164
https://kawalpemilu.org#3935,"MEURANDEH RAYA, BAKTIYA BARAT, ACEH UTARA, ACEH",57,4,155,159
https://kawalpemilu.org#3936,"COT MURONG, BAKTIYA BARAT, ACEH UTARA, ACEH",1,0,0,0
https://kawalpemilu.org#3936,"COT MURONG, BAKTIYA BARAT, ACEH UTARA, ACEH",2,0,0,0
https://kawalpemilu.org#3936,"COT MURONG, BAKTIYA BARAT, ACEH UTARA, ACEH",52,6,166,172
https://kawalpemilu.org#3936,"COT MURONG, BAKTIYA BARAT, ACEH UTARA, ACEH",53,14,168,182
https://kawalpemilu.org#3937,"MATANG PAYA, BAKTIYA BARAT, ACEH UTARA, ACEH",1,0,0,0
https://kawalpemilu.org#3937,"MATANG PAYA, BAKTIYA BARAT, ACEH UTARA, ACEH",2,0,0,0
https://kawalpemilu.org#3937,"MATANG PAYA, BAKTIYA BARAT, ACEH UTARA, ACEH",46,4,146,150
https://kawalpemilu.org#3937,"MATANG PAYA, BAKTIYA BARAT, ACEH UTARA, ACEH",47,11,183,199
https://kawalpemilu.org#3938,"LHOK EUNCIEN, BAKTIYA BARAT, ACEH UTARA, ACEH",1,0,0,0
https://kawalpemilu.org#3938,"LHOK EUNCIEN, BAKTIYA BARAT, ACEH UTARA, ACEH",59,10,148,158
https://kawalpemilu.org#3939,"COT USEN, BAKTIYA BARAT, ACEH UTARA, ACEH",1,0,0,0
https://kawalpemilu.org#3939,"COT USEN, BAKTIYA BARAT, ACEH UTARA, ACEH",45,6,87,93
https://kawalpemilu.org#3940,"MEUNASAH HAGU, BAKTIYA BARAT, ACEH UTARA, ACEH",1,0,0,0
https://kawalpemilu.org#3940,"MEUNASAH HAGU, BAKTIYA BARAT, ACEH UTARA, ACEH",2,0,0,0
https://kawalpemilu.org#3940,"MEUNASAH HAGU, BAKTIYA BARAT, ACEH UTARA, ACEH",54,6,116,122
https://kawalpemilu.org#3940,"MEUNASAH HAGU, BAKTIYA BARAT, ACEH UTARA, ACEH",55,4,114,118
https://kawalpemilu.org#3941,"BLANG RHEU, BAKTIYA BARAT, ACEH UTARA, ACEH",1,0,0,0
https://kawalpemilu.org#3941,"BLANG RHEU, BAKTIYA BARAT, ACEH UTARA, ACEH",60,15,181,196
https://kawalpemilu.org#3942,"PAYA BATEUNG, BAKTIYA BARAT, ACEH UTARA, ACEH",1,0,0,0
https://kawalpemilu.org#3942,"PAYA BATEUNG, BAKTIYA BARAT, ACEH UTARA, ACEH",58,11,149,160
https://kawalpemilu.org#3944,"BLANG ARA, PAYA BAKONG, ACEH UTARA, ACEH",1,0,0,0
https://kawalpemilu.org#3944,"BLANG ARA, PAYA BAKONG, ACEH UTARA, ACEH",6,4,190,194
https://kawalpemilu.org#3945,"T. DIBANDA PIRAK, PAYA BAKONG, ACEH UTARA, ACEH",45,16,114,130
https://kawalpemilu.org#3946,"PAYA MEUDRU, PAYA BAKONG, ACEH UTARA, ACEH",1,19,138,157
https://kawalpemilu.org#3948,"BUKET GURU, PAYA BAKONG, ACEH UTARA, ACEH",1,6,142,148
https://kawalpemilu.org#3948,"BUKET GURU, PAYA BAKONG, ACEH UTARA, ACEH",2,19,130,149
https://kawalpemilu.org#3949,"GLUMPANG PIRAK, PAYA BAKONG, ACEH UTARA, ACEH",1,8,110,118
https://kawalpemilu.org#3950,"ALUE LHOK, PAYA BAKONG, ACEH UTARA, ACEH",4,29,142,171
https://kawalpemilu.org#3951,"SEUNEUBOK A, PAYA BAKONG, ACEH UTARA, ACEH",1,17,134,151
https://kawalpemilu.org#3952,"BUKET PIDIE, PAYA BAKONG, ACEH UTARA, ACEH",1,10,75,85
https://kawalpemilu.org#3954,"ALUE LEUKOT, PAYA BAKONG, ACEH UTARA, ACEH",1,18,57,75
https://kawalpemilu.org#3955,"BLANG MANE, PAYA BAKONG, ACEH UTARA, ACEH",10,15,119,134
https://kawalpemilu.org#3956,"PEUREUPOK, PAYA BAKONG, ACEH UTARA, ACEH",40,39,94,133
https://kawalpemilu.org#3956,"PEUREUPOK, PAYA BAKONG, ACEH UTARA, ACEH",41,41,123,164
https://kawalpemilu.org#3957,"ALUE BIENG, PAYA BAKONG, ACEH UTARA, ACEH",1,29,98,127
https://kawalpemilu.org#3957,"ALUE BIENG, PAYA BAKONG, ACEH UTARA, ACEH",2,27,95,122
https://kawalpemilu.org#3958,"PANTE SEULEUMAK, PAYA BAKONG, ACEH UTARA, ACEH",1,10,99,109
https://kawalpemilu.org#3959,"MEURIA SEULEUMAK, PAYA BAKONG, ACEH UTARA, ACEH",34,23,143,166
https://kawalpemilu.org#3960,"LEUHONG, PAYA BAKONG, ACEH UTARA, ACEH",27,24,87,111
https://kawalpemilu.org#3960,"LEUHONG, PAYA BAKONG, ACEH UTARA, ACEH",28,25,89,114
https://kawalpemilu.org#3961,"TANJONG BEURENYONG, PAYA BAKONG, ACEH UTARA, ACEH",1,36,107,143
https://kawalpemilu.org#3962,"KEUDE PAYA BAKONG, PAYA BAKONG, ACEH UTARA, ACEH",2,12,121,133
https://kawalpemilu.org#3962,"KEUDE PAYA BAKONG, PAYA BAKONG, ACEH UTARA, ACEH",25,8,135,143
https://kawalpemilu.org#3963,"BLANG GUCI, PAYA BAKONG, ACEH UTARA, ACEH",1,32,92,124
https://kawalpemilu.org#3963,"BLANG GUCI, PAYA BAKONG, ACEH UTARA, ACEH",2,16,117,133
https://kawalpemilu.org#3964,"NGA, PAYA BAKONG, ACEH UTARA, ACEH",1,11,111,122
https://kawalpemilu.org#3964,"NGA, PAYA BAKONG, ACEH UTARA, ACEH",37,13,123,136
https://kawalpemilu.org#3965,"MAMPREE, PAYA BAKONG, ACEH UTARA, ACEH",31,7,128,135
https://kawalpemilu.org#3966,"MATANG PANYANG, PAYA BAKONG, ACEH UTARA, ACEH",1,2,163,165
https://kawalpemilu.org#3966,"MATANG PANYANG, PAYA BAKONG, ACEH UTARA, ACEH",2,12,145,157
https://kawalpemilu.org#3967,"TANJUNG DRIEN, PAYA BAKONG, ACEH UTARA, ACEH",48,28,134,162
https://kawalpemilu.org#3968,"ASAN SEULEUMAK, PAYA BAKONG, ACEH UTARA, ACEH",1,27,138,165
https://kawalpemilu.org#3969,"TGK. DIBANDA TEK-TEK, PAYA BAKONG, ACEH UTARA, ACEH",46,32,194,226
https://kawalpemilu.org#3970,"COT TEUFAH, PAYA BAKONG, ACEH UTARA, ACEH",20,26,133,159
https://kawalpemilu.org#3971,"PUCOK ALUE SEULEMAK, PAYA BAKONG, ACEH UTARA, ACEH",42,21,143,164
https://kawalpemilu.org#3972,"LUENG, PAYA BAKONG, ACEH UTARA, ACEH",2,9,133,142
https://kawalpemilu.org#3973,"TUNONG KRUENG, PAYA BAKONG, ACEH UTARA, ACEH",1,9,185,194
https://kawalpemilu.org#3975,"BLANG PAKU, PAYA BAKONG, ACEH UTARA, ACEH",1,4,151,155
https://kawalpemilu.org#3975,"BLANG PAKU, PAYA BAKONG, ACEH UTARA, ACEH",11,4,151,155
https://kawalpemilu.org#3976,"BLANG DALAM, PAYA BAKONG, ACEH UTARA, ACEH",1,16,183,199
https://kawalpemilu.org#3977,"GEUREUGHEK, PAYA BAKONG, ACEH UTARA, ACEH",21,22,183,205
https://kawalpemilu.org#3978,"MUNNYE SEULEUMAK, PAYA BAKONG, ACEH UTARA, ACEH",1,0,0,0
https://kawalpemilu.org#3978,"MUNNYE SEULEUMAK, PAYA BAKONG, ACEH UTARA, ACEH",35,21,163,184
https://kawalpemilu.org#3979,"SIMPANG, PAYA BAKONG, ACEH UTARA, ACEH",44,12,108,120
https://kawalpemilu.org#3980,"TUMPOK MESJID, PAYA BAKONG, ACEH UTARA, ACEH",1,3,132,135
https://kawalpemilu.org#3981,"BLANG PANTE, PAYA BAKONG, ACEH UTARA, ACEH",1,37,133,170
https://kawalpemilu.org#3981,"BLANG PANTE, PAYA BAKONG, ACEH UTARA, ACEH",2,39,129,168
https://kawalpemilu.org#3981,"BLANG PANTE, PAYA BAKONG, ACEH UTARA, ACEH",3,35,138,173
https://kawalpemilu.org#3982,"JOK, PAYA BAKONG, ACEH UTARA, ACEH",1,9,108,117
https://kawalpemilu.org#3984,"NIBONG BAROH, NIBONG, ACEH UTARA, ACEH",1,9,160,169
https://kawalpemilu.org#3984,"NIBONG BAROH, NIBONG, ACEH UTARA, ACEH",2,7,181,188
https://kawalpemilu.org#3985,"NIBONG WAKHEUH, NIBONG, ACEH UTARA, ACEH",1,8,155,163
https://kawalpemilu.org#3985,"NIBONG WAKHEUH, NIBONG, ACEH UTARA, ACEH",3,8,155,163
https://kawalpemilu.org#3986,"KEUDE NIBONG, NIBONG, ACEH UTARA, ACEH",1,3,91,94
https://kawalpemilu.org#3987,"KEUPOK NIBONG, NIBONG, ACEH UTARA, ACEH",1,11,176,187
https://kawalpemilu.org#3987,"KEUPOK NIBONG, NIBONG, ACEH UTARA, ACEH",5,11,176,187
https://kawalpemilu.org#3988,"DAYAH NIBONG, NIBONG, ACEH UTARA, ACEH",1,5,148,153
https://kawalpemilu.org#3988,"DAYAH NIBONG, NIBONG, ACEH UTARA, ACEH",2,4,123,128
https://kawalpemilu.org#3988,"DAYAH NIBONG, NIBONG, ACEH UTARA, ACEH",6,5,148,153
https://kawalpemilu.org#3989,"SUMBOK RAYEUK, NIBONG, ACEH UTARA, ACEH",1,6,219,225
https://kawalpemilu.org#3989,"SUMBOK RAYEUK, NIBONG, ACEH UTARA, ACEH",2,13,206,219
https://kawalpemilu.org#3989,"SUMBOK RAYEUK, NIBONG, ACEH UTARA, ACEH",3,15,215,230
https://kawalpemilu.org#3989,"SUMBOK RAYEUK, NIBONG, ACEH UTARA, ACEH",4,11,229,240
https://kawalpemilu.org#3990,"PAYA TERBANG, NIBONG, ACEH UTARA, ACEH",1,16,195,211
https://kawalpemilu.org#3990,"PAYA TERBANG, NIBONG, ACEH UTARA, ACEH",2,15,154,169
https://kawalpemilu.org#3991,"TEUPIN JOK, NIBONG, ACEH UTARA, ACEH",1,3,165,168
https://kawalpemilu.org#3992,"MAMPLAM, NIBONG, ACEH UTARA, ACEH",1,5,226,231
https://kawalpemilu.org#3993,"KEULILEE, NIBONG, ACEH UTARA, ACEH",1,9,132,141
https://kawalpemilu.org#3993,"KEULILEE, NIBONG, ACEH UTARA, ACEH",2,12,135,147
https://kawalpemilu.org#3993,"KEULILEE, NIBONG, ACEH UTARA, ACEH",3,14,137,151
https://kawalpemilu.org#3994,"MUNYE LHEE, NIBONG, ACEH UTARA, ACEH",1,5,160,165
https://kawalpemilu.org#3994,"MUNYE LHEE, NIBONG, ACEH UTARA, ACEH",2,10,146,156
https://kawalpemilu.org#3995,"RANTO, NIBONG, ACEH UTARA, ACEH",1,14,195,209
https://kawalpemilu.org#3995,"RANTO, NIBONG, ACEH UTARA, ACEH",2,7,189,196
https://kawalpemilu.org#3995,"RANTO, NIBONG, ACEH UTARA, ACEH",3,16,150,166
https://kawalpemilu.org#3996,"SEULUNYOK, NIBONG, ACEH UTARA, ACEH",1,2,184,186
https://kawalpemilu.org#3996,"SEULUNYOK, NIBONG, ACEH UTARA, ACEH",2,21,174,195
https://kawalpemilu.org#3996,"SEULUNYOK, NIBONG, ACEH UTARA, ACEH",3,7,185,192
https://kawalpemilu.org#3997,"KEH NIBONG, NIBONG, ACEH UTARA, ACEH",1,2,147,149
https://kawalpemilu.org#3998,"ALUE IE MIRAH, NIBONG, ACEH UTARA, ACEH",1,6,174,180
https://kawalpemilu.org#3998,"ALUE IE MIRAH, NIBONG, ACEH UTARA, ACEH",2,12,175,187
https://kawalpemilu.org#3999,"MADDI, NIBONG, ACEH UTARA, ACEH",1,7,124,131
https://kawalpemilu.org#4000,"ALUE NGOM, NIBONG, ACEH UTARA, ACEH",33,17,168,185
https://kawalpemilu.org#4001,"TANJONG PUTOH, NIBONG, ACEH UTARA, ACEH",29,13,210,223
https://kawalpemilu.org#4002,"BUMBAN, NIBONG, ACEH UTARA, ACEH",1,0,0,0
https://kawalpemilu.org#4002,"BUMBAN, NIBONG, ACEH UTARA, ACEH",35,6,117,123
https://kawalpemilu.org#4003,"ALUE PANAH, NIBONG, ACEH UTARA, ACEH",34,14,136,150
https://kawalpemilu.org#4005,"KEUDE SIMPANG EMPAT, SIMPANG KRAMAT, ACEH UTARA, ACEH",1,0,0,0
https://kawalpemilu.org#4005,"KEUDE SIMPANG EMPAT, SIMPANG KRAMAT, ACEH UTARA, ACEH",3,0,0,0
https://kawalpemilu.org#4005,"KEUDE SIMPANG EMPAT, SIMPANG KRAMAT, ACEH UTARA, ACEH",4,0,0,0
https://kawalpemilu.org#4005,"KEUDE SIMPANG EMPAT, SIMPANG KRAMAT, ACEH UTARA, ACEH",6,34,195,229
https://kawalpemilu.org#4005,"KEUDE SIMPANG EMPAT, SIMPANG KRAMAT, ACEH UTARA, ACEH",8,36,197,233
https://kawalpemilu.org#4005,"KEUDE SIMPANG EMPAT, SIMPANG KRAMAT, ACEH UTARA, ACEH",9,26,171,197
https://kawalpemilu.org#4006,"SEUNEUBOK PUNTI, SIMPANG KRAMAT, ACEH UTARA, ACEH",1,0,0,0
https://kawalpemilu.org#4006,"SEUNEUBOK PUNTI, SIMPANG KRAMAT, ACEH UTARA, ACEH",10,23,165,188
https://kawalpemilu.org#4007,"PAYA LEUPAH, SIMPANG KRAMAT, ACEH UTARA, ACEH",1,5,232,237
https://kawalpemilu.org#4007,"PAYA LEUPAH, SIMPANG KRAMAT, ACEH UTARA, ACEH",2,6,243,249
https://kawalpemilu.org#4007,"PAYA LEUPAH, SIMPANG KRAMAT, ACEH UTARA, ACEH",3,1,241,242
https://kawalpemilu.org#4008,"PAYA TEUNGOH, SIMPANG KRAMAT, ACEH UTARA, ACEH",2,0,0,0
https://kawalpemilu.org#4008,"PAYA TEUNGOH, SIMPANG KRAMAT, ACEH UTARA, ACEH",4,1,250,251
https://kawalpemilu.org#4008,"PAYA TEUNGOH, SIMPANG KRAMAT, ACEH UTARA, ACEH",5,12,221,233
https://kawalpemilu.org#4009,"KEBON BARO, SIMPANG KRAMAT, ACEH UTARA, ACEH",14,22,164,186
https://kawalpemilu.org#4010,"MEUNASAH TEUNGOH, SIMPANG KRAMAT, ACEH UTARA, ACEH",1,17,148,165
https://kawalpemilu.org#4011,"MEUNASAH BAROEH, SIMPANG KRAMAT, ACEH UTARA, ACEH",1,0,0,0
https://kawalpemilu.org#4011,"MEUNASAH BAROEH, SIMPANG KRAMAT, ACEH UTARA, ACEH",2,0,0,0
https://kawalpemilu.org#4011,"MEUNASAH BAROEH, SIMPANG KRAMAT, ACEH UTARA, ACEH",18,15,145,160
https://kawalpemilu.org#4012,"MANCANG, SIMPANG KRAMAT, ACEH UTARA, ACEH",1,25,241,266
https://kawalpemilu.org#4012,"MANCANG, SIMPANG KRAMAT, ACEH UTARA, ACEH",19,25,241,266
https://kawalpemilu.org#4014,"MNSH DAYAH SP.K, SIMPANG KRAMAT, ACEH UTARA, ACEH",1,13,208,221
https://kawalpemilu.org#4014,"MNSH DAYAH SP.K, SIMPANG KRAMAT, ACEH UTARA, ACEH",2,12,225,237
https://kawalpemilu.org#4014,"MNSH DAYAH SP.K, SIMPANG KRAMAT, ACEH UTARA, ACEH",3,25,204,229
https://kawalpemilu.org#4015,"KILOMETER VI, SIMPANG KRAMAT, ACEH UTARA, ACEH",1,45,127,172
https://kawalpemilu.org#4016,"KILOMETER VIII, SIMPANG KRAMAT, ACEH UTARA, ACEH",1,41,191,232
https://kawalpemilu.org#4016,"KILOMETER VIII, SIMPANG KRAMAT, ACEH UTARA, ACEH",2,44,185,229
https://kawalpemilu.org#4017,"IE TAREK I, SIMPANG KRAMAT, ACEH UTARA, ACEH",2,0,0,0
https://kawalpemilu.org#4017,"IE TAREK I, SIMPANG KRAMAT, ACEH UTARA, ACEH",12,11,168,179
https://kawalpemilu.org#4017,"IE TAREK I, SIMPANG KRAMAT, ACEH UTARA, ACEH",13,10,182,192
https://kawalpemilu.org#4018,"IE TAREK II, SIMPANG KRAMAT, ACEH UTARA, ACEH",11,26,176,202
https://kawalpemilu.org#4019,"PASE SEUNTOSA, SIMPANG KRAMAT, ACEH UTARA, ACEH",2,36,143,179
https://kawalpemilu.org#4019,"PASE SEUNTOSA, SIMPANG KRAMAT, ACEH UTARA, ACEH",3,24,158,182
https://kawalpemilu.org#4020,"BLANG RALEUE, SIMPANG KRAMAT, ACEH UTARA, ACEH",15,7,180,187
https://kawalpemilu.org#4020,"BLANG RALEUE, SIMPANG KRAMAT, ACEH UTARA, ACEH",16,11,195,206
https://kawalpemilu.org#4022,"KEUREUTOU, LAPANG, ACEH UTARA, ACEH",1,10,122,132
https://kawalpemilu.org#4022,"KEUREUTOU, LAPANG, ACEH UTARA, ACEH",2,14,127,141
https://kawalpemilu.org#4023,"LUENG BARO, LAPANG, ACEH UTARA, ACEH",2,0,0,0
https://kawalpemilu.org#4023,"LUENG BARO, LAPANG, ACEH UTARA, ACEH",3,10,259,269
https://kawalpemilu.org#4023,"LUENG BARO, LAPANG, ACEH UTARA, ACEH",4,12,256,273
https://kawalpemilu.org#4024,"MERBO JURONG, LAPANG, ACEH UTARA, ACEH",7,4,137,141
https://kawalpemilu.org#4024,"MERBO JURONG, LAPANG, ACEH UTARA, ACEH",8,8,124,132
https://kawalpemilu.org#4025,"MERBO LAMA, LAPANG, ACEH UTARA, ACEH",1,0,0,0
https://kawalpemilu.org#4025,"MERBO LAMA, LAPANG, ACEH UTARA, ACEH",5,8,122,130
https://kawalpemilu.org#4025,"MERBO LAMA, LAPANG, ACEH UTARA, ACEH",6,1,131,132
https://kawalpemilu.org#4026,"TANJONG DAMA, LAPANG, ACEH UTARA, ACEH",1,0,0,0
https://kawalpemilu.org#4026,"TANJONG DAMA, LAPANG, ACEH UTARA, ACEH",9,22,121,152
https://kawalpemilu.org#4027,"GEULANGGANG BARO, LAPANG, ACEH UTARA, ACEH",1,0,0,0
https://kawalpemilu.org#4027,"GEULANGGANG BARO, LAPANG, ACEH UTARA, ACEH",10,7,183,190
https://kawalpemilu.org#4027,"GEULANGGANG BARO, LAPANG, ACEH UTARA, ACEH",11,11,161,172
https://kawalpemilu.org#4028,"MATANG TUNONG, LAPANG, ACEH UTARA, ACEH",12,6,169,175
https://kawalpemilu.org#4028,"MATANG TUNONG, LAPANG, ACEH UTARA, ACEH",13,7,166,173
https://kawalpemilu.org#4028,"MATANG TUNONG, LAPANG, ACEH UTARA, ACEH",14,6,174,180
https://kawalpemilu.org#4029,"KEUDE LAPANG, LAPANG, ACEH UTARA, ACEH",15,19,111,130
https://kawalpemilu.org#4030,"MATANG BAROH, LAPANG, ACEH UTARA, ACEH",3,0,0,0
https://kawalpemilu.org#4030,"MATANG BAROH, LAPANG, ACEH UTARA, ACEH",4,0,0,0
https://kawalpemilu.org#4030,"MATANG BAROH, LAPANG, ACEH UTARA, ACEH",16,16,162,178
https://kawalpemilu.org#4030,"MATANG BAROH, LAPANG, ACEH UTARA, ACEH",17,17,116,133
https://kawalpemilu.org#4030,"MATANG BAROH, LAPANG, ACEH UTARA, ACEH",18,15,162,177
https://kawalpemilu.org#4030,"MATANG BAROH, LAPANG, ACEH UTARA, ACEH",19,13,148,161
https://kawalpemilu.org#4031,"KUALA KEURUTOU, LAPANG, ACEH UTARA, ACEH",1,0,0,0
https://kawalpemilu.org#4031,"KUALA KEURUTOU, LAPANG, ACEH UTARA, ACEH",3,0,0,0
https://kawalpemilu.org#4031,"KUALA KEURUTOU, LAPANG, ACEH UTARA, ACEH",27,6,148,154
https://kawalpemilu.org#4031,"KUALA KEURUTOU, LAPANG, ACEH UTARA, ACEH",28,10,142,152
https://kawalpemilu.org#4031,"KUALA KEURUTOU, LAPANG, ACEH UTARA, ACEH",29,8,153,161
https://kawalpemilu.org#4032,"KUALA CANGKOI, LAPANG, ACEH UTARA, ACEH",1,0,0,0
https://kawalpemilu.org#4032,"KUALA CANGKOI, LAPANG, ACEH UTARA, ACEH",3,0,0,0
https://kawalpemilu.org#4032,"KUALA CANGKOI, LAPANG, ACEH UTARA, ACEH",4,0,0,0
https://kawalpemilu.org#4032,"KUALA CANGKOI, LAPANG, ACEH UTARA, ACEH",5,0,0,0
https://kawalpemilu.org#4032,"KUALA CANGKOI, LAPANG, ACEH UTARA, ACEH",7,1,135,136
https://kawalpemilu.org#4032,"KUALA CANGKOI, LAPANG, ACEH UTARA, ACEH",20,11,138,149
https://kawalpemilu.org#4032,"KUALA CANGKOI, LAPANG, ACEH UTARA, ACEH",21,13,133,146
https://kawalpemilu.org#4032,"KUALA CANGKOI, LAPANG, ACEH UTARA, ACEH",23,11,157,168
https://kawalpemilu.org#4032,"KUALA CANGKOI, LAPANG, ACEH UTARA, ACEH",24,6,123,129
https://kawalpemilu.org#4034,"RAYEUK PANGE, PIRAK TIMUR, ACEH UTARA, ACEH",1,16,118,134
https://kawalpemilu.org#4036,"GEULUMPANG MATANGKULI, PIRAK TIMUR, ACEH UTARA, ACEH",1,12,81,93
https://kawalpemilu.org#4037,"ASAN KRUENG KREH, PIRAK TIMUR, ACEH UTARA, ACEH",1,0,0,0
https://kawalpemilu.org#4037,"ASAN KRUENG KREH, PIRAK TIMUR, ACEH UTARA, ACEH",16,26,153,179
https://kawalpemilu.org#4038,"BEURACAN RATA, PIRAK TIMUR, ACEH UTARA, ACEH",1,0,0,0
https://kawalpemilu.org#4038,"BEURACAN RATA, PIRAK TIMUR, ACEH UTARA, ACEH",15,2,30,32
https://kawalpemilu.org#4039,"REUNGKAM, PIRAK TIMUR, ACEH UTARA, ACEH",1,8,110,118
https://kawalpemilu.org#4039,"REUNGKAM, PIRAK TIMUR, ACEH UTARA, ACEH",13,8,110,118
https://kawalpemilu.org#4040,"TRIENG KRUENG KREH, PIRAK TIMUR, ACEH UTARA, ACEH",1,0,0,0
https://kawalpemilu.org#4040,"TRIENG KRUENG KREH, PIRAK TIMUR, ACEH UTARA, ACEH",14,2,62,64
https://kawalpemilu.org#4041,"KEUTAPANG, PIRAK TIMUR, ACEH UTARA, ACEH",1,4,96,100
https://kawalpemilu.org#4042,"BILI BARO, PIRAK TIMUR, ACEH UTARA, ACEH",1,0,0,0
https://kawalpemilu.org#4042,"BILI BARO, PIRAK TIMUR, ACEH UTARA, ACEH",11,15,153,168
https://kawalpemilu.org#4043,"PAYO LUENG JALO, PIRAK TIMUR, ACEH UTARA, ACEH",1,0,0,0
https://kawalpemilu.org#4043,"PAYO LUENG JALO, PIRAK TIMUR, ACEH UTARA, ACEH",9,18,164,182
https://kawalpemilu.org#4044,"ALUE RIMEE, PIRAK TIMUR, ACEH UTARA, ACEH",8,31,178,209
https://kawalpemilu.org#4045,"SERDANG, PIRAK TIMUR, ACEH UTARA, ACEH",1,8,113,121
https://kawalpemilu.org#4045,"SERDANG, PIRAK TIMUR, ACEH UTARA, ACEH",2,16,104,120
https://kawalpemilu.org#4046,"ARA TON-TON MONCRANG, PIRAK TIMUR, ACEH UTARA, ACEH",1,36,108,144
https://kawalpemilu.org#4047,"TANJONG SEURUKUY, PIRAK TIMUR, ACEH UTARA, ACEH",1,0,0,0
https://kawalpemilu.org#4047,"TANJONG SEURUKUY, PIRAK TIMUR, ACEH UTARA, ACEH",29,8,103,111
https://kawalpemilu.org#4048,"ULEE BLANG, PIRAK TIMUR, ACEH UTARA, ACEH",4,35,187,222
https://kawalpemilu.org#4048,"ULEE BLANG, PIRAK TIMUR, ACEH UTARA, ACEH",5,21,135,156
https://kawalpemilu.org#4049,"KRUENG, PIRAK TIMUR, ACEH UTARA, ACEH",1,0,0,0
https://kawalpemilu.org#4049,"KRUENG, PIRAK TIMUR, ACEH UTARA, ACEH",22,9,117,126
https://kawalpemilu.org#4050,"MATANG KEH, PIRAK TIMUR, ACEH UTARA, ACEH",1,0,0,0
https://kawalpemilu.org#4050,"MATANG KEH, PIRAK TIMUR, ACEH UTARA, ACEH",21,35,169,204
https://kawalpemilu.org#4051,"LEUPE, PIRAK TIMUR, ACEH UTARA, ACEH",23,16,159,175
https://kawalpemilu.org#4052,"CEUMECET, PIRAK TIMUR, ACEH UTARA, ACEH",1,10,117,127
https://kawalpemilu.org#4053,"TEUPIN U, PIRAK TIMUR, ACEH UTARA, ACEH",1,0,0,0
https://kawalpemilu.org#4053,"TEUPIN U, PIRAK TIMUR, ACEH UTARA, ACEH",2,0,0,0
https://kawalpemilu.org#4053,"TEUPIN U, PIRAK TIMUR, ACEH UTARA, ACEH",25,28,115,143
https://kawalpemilu.org#4053,"TEUPIN U, PIRAK TIMUR, ACEH UTARA, ACEH",26,23,109,132
https://kawalpemilu.org#4054,"ALUE BUNGKOH, PIRAK TIMUR, ACEH UTARA, ACEH",1,32,114,146
https://kawalpemilu.org#4054,"ALUE BUNGKOH, PIRAK TIMUR, ACEH UTARA, ACEH",2,10,123,133
https://kawalpemilu.org#4055,"PUCOK ALUE, PIRAK TIMUR, ACEH UTARA, ACEH",1,0,0,0
https://kawalpemilu.org#4055,"PUCOK ALUE, PIRAK TIMUR, ACEH UTARA, ACEH",3,7,203,210
https://kawalpemilu.org#4056,"MUNYE TUJOH, PIRAK TIMUR, ACEH UTARA, ACEH",1,0,0,0
https://kawalpemilu.org#4056,"MUNYE TUJOH, PIRAK TIMUR, ACEH UTARA, ACEH",2,10,142,152
https://kawalpemilu.org#4056,"MUNYE TUJOH, PIRAK TIMUR, ACEH UTARA, ACEH",27,13,216,229
https://kawalpemilu.org#4059,"DARUL AMAN, GEUREDONG PASE, ACEH UTARA, ACEH",1,5,69,74
https://kawalpemilu.org#4060,"ALUE AWE, GEUREDONG PASE, ACEH UTARA, ACEH",1,0,0,0
https://kawalpemilu.org#4060,"ALUE AWE, GEUREDONG PASE, ACEH UTARA, ACEH",3,15,137,152
https://kawalpemilu.org#4061,"DARUSSALAM, GEUREDONG PASE, ACEH UTARA, ACEH",1,0,0,0
https://kawalpemilu.org#4061,"DARUSSALAM, GEUREDONG PASE, ACEH UTARA, ACEH",2,0,0,0
https://kawalpemilu.org#4061,"DARUSSALAM, GEUREDONG PASE, ACEH UTARA, ACEH",4,7,132,139
https://kawalpemilu.org#4061,"DARUSSALAM, GEUREDONG PASE, ACEH UTARA, ACEH",5,5,94,99
https://kawalpemilu.org#4062,"RAYEUK JAWA, GEUREDONG PASE, ACEH UTARA, ACEH",7,0,155,155
https://kawalpemilu.org#4062,"RAYEUK JAWA, GEUREDONG PASE, ACEH UTARA, ACEH",8,0,162,162
https://kawalpemilu.org#4063,"DAYAH SEUPENG, GEUREDONG PASE, ACEH UTARA, ACEH",2,0,0,0
https://kawalpemilu.org#4063,"DAYAH SEUPENG, GEUREDONG PASE, ACEH UTARA, ACEH",11,3,152,155
https://kawalpemilu.org#4063,"DAYAH SEUPENG, GEUREDONG PASE, ACEH UTARA, ACEH",12,12,161,173
https://kawalpemilu.org#4064,"URAM JALAN, GEUREDONG PASE, ACEH UTARA, ACEH",1,0,0,0
https://kawalpemilu.org#4064,"URAM JALAN, GEUREDONG PASE, ACEH UTARA, ACEH",6,13,118,131
https://kawalpemilu.org#4065,"PEUDARI, GEUREDONG PASE, ACEH UTARA, ACEH",1,0,0,0
https://kawalpemilu.org#4065,"PEUDARI, GEUREDONG PASE, ACEH UTARA, ACEH",2,0,0,0
https://kawalpemilu.org#4065,"PEUDARI, GEUREDONG PASE, ACEH UTARA, ACEH",9,7,199,206
https://kawalpemilu.org#4065,"PEUDARI, GEUREDONG PASE, ACEH UTARA, ACEH",10,5,210,215
https://kawalpemilu.org#4066,"KRUENG MBANG, GEUREDONG PASE, ACEH UTARA, ACEH",1,0,0,0
https://kawalpemilu.org#4066,"KRUENG MBANG, GEUREDONG PASE, ACEH UTARA, ACEH",13,12,132,144
https://kawalpemilu.org#4067,"PULO MEURIA, GEUREDONG PASE, ACEH UTARA, ACEH",14,31,70,101
https://kawalpemilu.org#4067,"PULO MEURIA, GEUREDONG PASE, ACEH UTARA, ACEH",15,26,77,108
https://kawalpemilu.org#4068,"SUKA DAMAI SP I, GEUREDONG PASE, ACEH UTARA, ACEH",1,0,0,0
https://kawalpemilu.org#4068,"SUKA DAMAI SP I, GEUREDONG PASE, ACEH UTARA, ACEH",2,0,0,0
https://kawalpemilu.org#4068,"SUKA DAMAI SP I, GEUREDONG PASE, ACEH UTARA, ACEH",3,0,0,0
https://kawalpemilu.org#4068,"SUKA DAMAI SP I, GEUREDONG PASE, ACEH UTARA, ACEH",4,0,0,0
https://kawalpemilu.org#4068,"SUKA DAMAI SP I, GEUREDONG PASE, ACEH UTARA, ACEH",16,27,136,163
https://kawalpemilu.org#4068,"SUKA DAMAI SP I, GEUREDONG PASE, ACEH UTARA, ACEH",17,17,192,209
https://kawalpemilu.org#4068,"SUKA DAMAI SP I, GEUREDONG PASE, ACEH UTARA, ACEH",18,21,123,144
https://kawalpemilu.org#4068,"SUKA DAMAI SP I, GEUREDONG PASE, ACEH UTARA, ACEH",19,26,122,148
https://kawalpemilu.org#4070,"PAYA DUA, BANDA BARO, ACEH UTARA, ACEH",2,0,0,0
https://kawalpemilu.org#4070,"PAYA DUA, BANDA BARO, ACEH UTARA, ACEH",15,7,148,155
https://kawalpemilu.org#4070,"PAYA DUA, BANDA BARO, ACEH UTARA, ACEH",16,6,152,158
https://kawalpemilu.org#4070,"PAYA DUA, BANDA BARO, ACEH UTARA, ACEH",17,10,128,138
https://kawalpemilu.org#4070,"PAYA DUA, BANDA BARO, ACEH UTARA, ACEH",18,12,123,135
https://kawalpemilu.org#4071,"COT JABET, BANDA BARO, ACEH UTARA, ACEH",1,0,0,0
https://kawalpemilu.org#4071,"COT JABET, BANDA BARO, ACEH UTARA, ACEH",14,6,245,251
https://kawalpemilu.org#4072,"ULEE NYEUE, BANDA BARO, ACEH UTARA, ACEH",2,27,185,212
https://kawalpemilu.org#4072,"ULEE NYEUE, BANDA BARO, ACEH UTARA, ACEH",12,18,206,224
https://kawalpemilu.org#4072,"ULEE NYEUE, BANDA BARO, ACEH UTARA, ACEH",13,11,230,241
https://kawalpemilu.org#4073,"PAYA ULUE, BANDA BARO, ACEH UTARA, ACEH",1,0,0,0
https://kawalpemilu.org#4073,"PAYA ULUE, BANDA BARO, ACEH UTARA, ACEH",9,24,171,195
https://kawalpemilu.org#4074,"JAMUAN, BANDA BARO, ACEH UTARA, ACEH",1,7,178,185
https://kawalpemilu.org#4074,"JAMUAN, BANDA BARO, ACEH UTARA, ACEH",2,1,146,147
https://kawalpemilu.org#4074,"JAMUAN, BANDA BARO, ACEH UTARA, ACEH",3,1,162,163
https://kawalpemilu.org#4074,"JAMUAN, BANDA BARO, ACEH UTARA, ACEH",4,7,146,153
https://kawalpemilu.org#4074,"JAMUAN, BANDA BARO, ACEH UTARA, ACEH",5,4,198,202
https://kawalpemilu.org#4074,"JAMUAN, BANDA BARO, ACEH UTARA, ACEH",6,4,152,156
https://kawalpemilu.org#4075,"ALUE KEUREUNYAI, BANDA BARO, ACEH UTARA, ACEH",1,0,0,0
https://kawalpemilu.org#4075,"ALUE KEUREUNYAI, BANDA BARO, ACEH UTARA, ACEH",2,10,153,163
https://kawalpemilu.org#4075,"ALUE KEUREUNYAI, BANDA BARO, ACEH UTARA, ACEH",7,9,167,176
https://kawalpemilu.org#4076,"SANGKALAN, BANDA BARO, ACEH UTARA, ACEH",1,0,0,0
https://kawalpemilu.org#4076,"SANGKALAN, BANDA BARO, ACEH UTARA, ACEH",2,0,0,0
https://kawalpemilu.org#4076,"SANGKALAN, BANDA BARO, ACEH UTARA, ACEH",21,14,171,185
https://kawalpemilu.org#4076,"SANGKALAN, BANDA BARO, ACEH UTARA, ACEH",22,11,159,170
https://kawalpemilu.org#4076,"SANGKALAN, BANDA BARO, ACEH UTARA, ACEH",23,7,195,202
https://kawalpemilu.org#4077,"BLANG PALA, BANDA BARO, ACEH UTARA, ACEH",1,0,0,0
https://kawalpemilu.org#4077,"BLANG PALA, BANDA BARO, ACEH UTARA, ACEH",2,0,0,0
https://kawalpemilu.org#4077,"BLANG PALA, BANDA BARO, ACEH UTARA, ACEH",3,1,156,157
https://kawalpemilu.org#4077,"BLANG PALA, BANDA BARO, ACEH UTARA, ACEH",24,5,133,138
https://kawalpemilu.org#4077,"BLANG PALA, BANDA BARO, ACEH UTARA, ACEH",25,7,138,145
https://kawalpemilu.org#4078,"PAYA BEUNYET, BANDA BARO, ACEH UTARA, ACEH",1,0,0,0
https://kawalpemilu.org#4078,"PAYA BEUNYET, BANDA BARO, ACEH UTARA, ACEH",2,0,0,0
https://kawalpemilu.org#4078,"PAYA BEUNYET, BANDA BARO, ACEH UTARA, ACEH",19,4,143,147
https://kawalpemilu.org#4078,"PAYA BEUNYET, BANDA BARO, ACEH UTARA, ACEH",20,3,143,146
https://kawalpemilu.org#4080,"ALUE DUA, NISAM ANTARA, ACEH UTARA, ACEH",1,12,155,167
https://kawalpemilu.org#4080,"ALUE DUA, NISAM ANTARA, ACEH UTARA, ACEH",2,14,146,160
https://kawalpemilu.org#4080,"ALUE DUA, NISAM ANTARA, ACEH UTARA, ACEH",3,7,149,156
https://kawalpemilu.org#4080,"ALUE DUA, NISAM ANTARA, ACEH UTARA, ACEH",4,10,132,142
https://kawalpemilu.org#4080,"ALUE DUA, NISAM ANTARA, ACEH UTARA, ACEH",5,9,139,148
https://kawalpemilu.org#4080,"ALUE DUA, NISAM ANTARA, ACEH UTARA, ACEH",6,5,147,152
https://kawalpemilu.org#4080,"ALUE DUA, NISAM ANTARA, ACEH UTARA, ACEH",7,7,105,112
https://kawalpemilu.org#4080,"ALUE DUA, NISAM ANTARA, ACEH UTARA, ACEH",8,6,167,173
https://kawalpemilu.org#4080,"ALUE DUA, NISAM ANTARA, ACEH UTARA, ACEH",9,4,137,141
https://kawalpemilu.org#4080,"ALUE DUA, NISAM ANTARA, ACEH UTARA, ACEH",10,16,139,155
https://kawalpemilu.org#4080,"ALUE DUA, NISAM ANTARA, ACEH UTARA, ACEH",11,13,135,148
https://kawalpemilu.org#4080,"ALUE DUA, NISAM ANTARA, ACEH UTARA, ACEH",12,16,155,171
https://kawalpemilu.org#4081,"SEUMIRAH, NISAM ANTARA, ACEH UTARA, ACEH",1,12,177,189
https://kawalpemilu.org#4081,"SEUMIRAH, NISAM ANTARA, ACEH UTARA, ACEH",2,0,0,0
https://kawalpemilu.org#4081,"SEUMIRAH, NISAM ANTARA, ACEH UTARA, ACEH",3,0,0,0
https://kawalpemilu.org#4081,"SEUMIRAH, NISAM ANTARA, ACEH UTARA, ACEH",4,4,222,226
https://kawalpemilu.org#4081,"SEUMIRAH, NISAM ANTARA, ACEH UTARA, ACEH",5,0,0,0
https://kawalpemilu.org#4081,"SEUMIRAH, NISAM ANTARA, ACEH UTARA, ACEH",6,0,0,0
https://kawalpemilu.org#4081,"SEUMIRAH, NISAM ANTARA, ACEH UTARA, ACEH",7,0,0,0
https://kawalpemilu.org#4081,"SEUMIRAH, NISAM ANTARA, ACEH UTARA, ACEH",8,4,141,145
https://kawalpemilu.org#4081,"SEUMIRAH, NISAM ANTARA, ACEH UTARA, ACEH",9,0,0,0
https://kawalpemilu.org#4081,"SEUMIRAH, NISAM ANTARA, ACEH UTARA, ACEH",10,0,0,0
https://kawalpemilu.org#4081,"SEUMIRAH, NISAM ANTARA, ACEH UTARA, ACEH",11,0,0,0
https://kawalpemilu.org#4081,"SEUMIRAH, NISAM ANTARA, ACEH UTARA, ACEH",30,8,176,184
https://kawalpemilu.org#4081,"SEUMIRAH, NISAM ANTARA, ACEH UTARA, ACEH",31,1,200,201
https://kawalpemilu.org#4081,"SEUMIRAH, NISAM ANTARA, ACEH UTARA, ACEH",33,9,193,202
https://kawalpemilu.org#4081,"SEUMIRAH, NISAM ANTARA, ACEH UTARA, ACEH",34,9,144,153
https://kawalpemilu.org#4081,"SEUMIRAH, NISAM ANTARA, ACEH UTARA, ACEH",35,4,168,172
https://kawalpemilu.org#4081,"SEUMIRAH, NISAM ANTARA, ACEH UTARA, ACEH",36,4,141,158
https://kawalpemilu.org#4081,"SEUMIRAH, NISAM ANTARA, ACEH UTARA, ACEH",37,13,214,227
https://kawalpemilu.org#4081,"SEUMIRAH, NISAM ANTARA, ACEH UTARA, ACEH",38,14,195,209
https://kawalpemilu.org#4081,"SEUMIRAH, NISAM ANTARA, ACEH UTARA, ACEH",39,7,170,177
https://kawalpemilu.org#4081,"SEUMIRAH, NISAM ANTARA, ACEH UTARA, ACEH",40,21,192,213
https://kawalpemilu.org#4082,"DARUSSALAM, NISAM ANTARA, ACEH UTARA, ACEH",1,0,0,0
https://kawalpemilu.org#4082,"DARUSSALAM, NISAM ANTARA, ACEH UTARA, ACEH",2,11,130,141
https://kawalpemilu.org#4082,"DARUSSALAM, NISAM ANTARA, ACEH UTARA, ACEH",4,0,0,0
https://kawalpemilu.org#4082,"DARUSSALAM, NISAM ANTARA, ACEH UTARA, ACEH",5,0,0,0
https://kawalpemilu.org#4082,"DARUSSALAM, NISAM ANTARA, ACEH UTARA, ACEH",24,19,131,150
https://kawalpemilu.org#4082,"DARUSSALAM, NISAM ANTARA, ACEH UTARA, ACEH",25,14,131,145
https://kawalpemilu.org#4082,"DARUSSALAM, NISAM ANTARA, ACEH UTARA, ACEH",26,12,154,166
https://kawalpemilu.org#4082,"DARUSSALAM, NISAM ANTARA, ACEH UTARA, ACEH",27,13,152,165
https://kawalpemilu.org#4083,"ALUE PAPEUN, NISAM ANTARA, ACEH UTARA, ACEH",1,0,0,0
https://kawalpemilu.org#4083,"ALUE PAPEUN, NISAM ANTARA, ACEH UTARA, ACEH",2,0,0,0
https://kawalpemilu.org#4083,"ALUE PAPEUN, NISAM ANTARA, ACEH UTARA, ACEH",3,0,0,0
https://kawalpemilu.org#4083,"ALUE PAPEUN, NISAM ANTARA, ACEH UTARA, ACEH",4,0,0,0
https://kawalpemilu.org#4083,"ALUE PAPEUN, NISAM ANTARA, ACEH UTARA, ACEH",5,0,0,0
https://kawalpemilu.org#4083,"ALUE PAPEUN, NISAM ANTARA, ACEH UTARA, ACEH",6,6,177,183
https://kawalpemilu.org#4083,"ALUE PAPEUN, NISAM ANTARA, ACEH UTARA, ACEH",7,0,0,0
https://kawalpemilu.org#4083,"ALUE PAPEUN, NISAM ANTARA, ACEH UTARA, ACEH",13,10,181,191
https://kawalpemilu.org#4083,"ALUE PAPEUN, NISAM ANTARA, ACEH UTARA, ACEH",14,10,187,197
https://kawalpemilu.org#4083,"ALUE PAPEUN, NISAM ANTARA, ACEH UTARA, ACEH",15,6,150,156
https://kawalpemilu.org#4083,"ALUE PAPEUN, NISAM ANTARA, ACEH UTARA, ACEH",16,14,128,142
https://kawalpemilu.org#4083,"ALUE PAPEUN, NISAM ANTARA, ACEH UTARA, ACEH",17,8,216,224
https://kawalpemilu.org#4083,"ALUE PAPEUN, NISAM ANTARA, ACEH UTARA, ACEH",19,5,168,173
https://kawalpemilu.org#4084,"BLANG JRAT, NISAM ANTARA, ACEH UTARA, ACEH",1,0,0,0
https://kawalpemilu.org#4084,"BLANG JRAT, NISAM ANTARA, ACEH UTARA, ACEH",2,0,0,0
https://kawalpemilu.org#4084,"BLANG JRAT, NISAM ANTARA, ACEH UTARA, ACEH",20,12,139,151
https://kawalpemilu.org#4084,"BLANG JRAT, NISAM ANTARA, ACEH UTARA, ACEH",21,19,123,142
https://kawalpemilu.org#4085,"BLANG POROH, NISAM ANTARA, ACEH UTARA, ACEH",1,3,149,152
https://kawalpemilu.org#4085,"BLANG POROH, NISAM ANTARA, ACEH UTARA, ACEH",2,0,0,0
https://kawalpemilu.org#4085,"BLANG POROH, NISAM ANTARA, ACEH UTARA, ACEH",23,10,155,165
https://kawalpemilu.org#4094,"WEL WEL, SIMEULUE TENGAH, SIMEULUE, ACEH",1,27,193,220
https://kawalpemilu.org#4095,"KAMPUNG AIE, SIMEULUE TENGAH, SIMEULUE, ACEH",3,47,157,204
https://kawalpemilu.org#4095,"KAMPUNG AIE, SIMEULUE TENGAH, SIMEULUE, ACEH",4,40,70,110
https://kawalpemilu.org#4095,"KAMPUNG AIE, SIMEULUE TENGAH, SIMEULUE, ACEH",5,43,163,206
https://kawalpemilu.org#4096,"LAURE-E, SIMEULUE TENGAH, SIMEULUE, ACEH",1,30,63,93
https://kawalpemilu.org#4098,"LAKUBANG, SIMEULUE TENGAH, SIMEULUE, ACEH",1,62,150,212
https://kawalpemilu.org#4099,"LAMBAYA, SIMEULUE TENGAH, SIMEULUE, ACEH",1,56,100,156
https://kawalpemilu.org#4099,"LAMBAYA, SIMEULUE TENGAH, SIMEULUE, ACEH",2,45,112,157
https://kawalpemilu.org#4100,"DIHIT, SIMEULUE TENGAH, SIMEULUE, ACEH",1,162,49,211
https://kawalpemilu.org#4103,"LATITIK, SIMEULUE TENGAH, SIMEULUE, ACEH",1,33,65,98
https://kawalpemilu.org#4105,"KUTA BARU, SIMEULUE TENGAH, SIMEULUE, ACEH",1,16,160,176
https://kawalpemilu.org#4106,"SEBBE, SIMEULUE TENGAH, SIMEULUE, ACEH",1,79,53,132
https://kawalpemilu.org#4107,"SUAK BARU, SIMEULUE TENGAH, SIMEULUE, ACEH",1,27,110,137
https://kawalpemilu.org#4108,"LUAN SOREP, SIMEULUE TENGAH, SIMEULUE, ACEH",1,62,93,155
https://kawalpemilu.org#4110,"PUTRA JAYA, SIMEULUE TENGAH, SIMEULUE, ACEH",1,74,110,184
https://kawalpemilu.org#84150,"WELLANGKUM, SIMEULUE TENGAH, SIMEULUE, ACEH",1,72,143,215
https://kawalpemilu.org#4113,"UJUNG SALANG, SALANG, SIMEULUE, ACEH",1,42,99,141
https://kawalpemilu.org#4113,"UJUNG SALANG, SALANG, SIMEULUE, ACEH",2,43,106,149
https://kawalpemilu.org#4114,"PADANG UNOI, SALANG, SIMEULUE, ACEH",1,64,167,231
https://kawalpemilu.org#4114,"PADANG UNOI, SALANG, SIMEULUE, ACEH",2,78,95,173
https://kawalpemilu.org#4115,"NASREUHE, SALANG, SIMEULUE, ACEH",1,82,136,218
https://kawalpemilu.org#4115,"NASREUHE, SALANG, SIMEULUE, ACEH",2,59,153,212
https://kawalpemilu.org#4115,"NASREUHE, SALANG, SIMEULUE, ACEH",3,97,71,168
https://kawalpemilu.org#4116,"MEUNAFA, SALANG, SIMEULUE, ACEH",1,97,133,230
https://kawalpemilu.org#4116,"MEUNAFA, SALANG, SIMEULUE, ACEH",2,115,142,257
https://kawalpemilu.org#4117,"ALONG JAYA, SALANG, SIMEULUE, ACEH",1,52,101,153
https://kawalpemilu.org#4117,"ALONG JAYA, SALANG, SIMEULUE, ACEH",2,53,99,152
https://kawalpemilu.org#4118,"PANTON LAWE, SALANG, SIMEULUE, ACEH",1,104,151,255
https://kawalpemilu.org#4119,"MUTIARA, SALANG, SIMEULUE, ACEH",1,68,87,155
https://kawalpemilu.org#4119,"MUTIARA, SALANG, SIMEULUE, ACEH",2,70,85,155
https://kawalpemilu.org#4120,"KARYA BAKTI, SALANG, SIMEULUE, ACEH",1,59,92,151
https://kawalpemilu.org#4120,"KARYA BAKTI, SALANG, SIMEULUE, ACEH",2,47,66,113
https://kawalpemilu.org#4121,"TAMON JAYA, SALANG, SIMEULUE, ACEH",1,46,84,130
https://kawalpemilu.org#4121,"TAMON JAYA, SALANG, SIMEULUE, ACEH",2,42,95,137
https://kawalpemilu.org#4122,"JAYA BARU, SALANG, SIMEULUE, ACEH",1,117,41,158
https://kawalpemilu.org#4123,"TAMENG, SALANG, SIMEULUE, ACEH",1,57,108,165
https://kawalpemilu.org#4123,"TAMENG, SALANG, SIMEULUE, ACEH",2,67,92,159
https://kawalpemilu.org#4124,"LALLA BAHAGIA, SALANG, SIMEULUE, ACEH",1,93,114,207
https://kawalpemilu.org#4125,"SUAK MANANG, SALANG, SIMEULUE, ACEH",1,112,111,223
https://kawalpemilu.org#4126,"GANANG PUSAKO, SALANG, SIMEULUE, ACEH",1,31,92,123
https://kawalpemilu.org#4127,"KENANGAN JAYA, SALANG, SIMEULUE, ACEH",1,41,71,112
https://kawalpemilu.org#4128,"BUNGA, SALANG, SIMEULUE, ACEH",1,46,117,163
https://kawalpemilu.org#4128,"BUNGA, SALANG, SIMEULUE, ACEH",2,60,153,213
https://kawalpemilu.org#4130,"LANTIK, TEUPAH BARAT, SIMEULUE, ACEH",1,86,54,140
https://kawalpemilu.org#4130,"LANTIK, TEUPAH BARAT, SIMEULUE, ACEH",2,40,90,130
https://kawalpemilu.org#4131,"SILENGAS, TEUPAH BARAT, SIMEULUE, ACEH",1,161,38,199
https://kawalpemilu.org#4132,"BUNON, TEUPAH BARAT, SIMEULUE, ACEH",1,64,103,167
https://kawalpemilu.org#4133,"ANGKEO, TEUPAH BARAT, SIMEULUE, ACEH",1,155,86,241
https://kawalpemilu.org#4134,"LAAYON, TEUPAH BARAT, SIMEULUE, ACEH",1,70,59,129
https://kawalpemilu.org#4135,"NAIBOS, TEUPAH BARAT, SIMEULUE, ACEH",1,92,76,168
https://kawalpemilu.org#4136,"INOR, TEUPAH BARAT, SIMEULUE, ACEH",1,84,41,125
https://kawalpemilu.org#4137,"MAUDIL, TEUPAH BARAT, SIMEULUE, ACEH",1,117,74,191
https://kawalpemilu.org#4137,"MAUDIL, TEUPAH BARAT, SIMEULUE, ACEH",2,127,34,161
https://kawalpemilu.org#4138,"NANCALA, TEUPAH BARAT, SIMEULUE, ACEH",1,49,50,99
https://kawalpemilu.org#4139,"SALUR, TEUPAH BARAT, SIMEULUE, ACEH",1,54,178,232
https://kawalpemilu.org#4139,"SALUR, TEUPAH BARAT, SIMEULUE, ACEH",2,53,120,173
https://kawalpemilu.org#4140,"AWE KECIL, TEUPAH BARAT, SIMEULUE, ACEH",1,77,125,202
https://kawalpemilu.org#4141,"AWE SEUBAL, TEUPAH BARAT, SIMEULUE, ACEH",1,80,81,161
https://kawalpemilu.org#4141,"AWE SEUBAL, TEUPAH BARAT, SIMEULUE, ACEH",2,53,113,166
https://kawalpemilu.org#4142,"LEUBANG, TEUPAH BARAT, SIMEULUE, ACEH",1,87,66,153
https://kawalpemilu.org#4142,"LEUBANG, TEUPAH BARAT, SIMEULUE, ACEH",2,91,146,237
https://kawalpemilu.org#4142,"LEUBANG, TEUPAH BARAT, SIMEULUE, ACEH",3,71,84,155
https://kawalpemilu.org#4143,"LEUBANG HULU, TEUPAH BARAT, SIMEULUE, ACEH",1,65,184,249
https://kawalpemilu.org#4144,"SALUR LASENGALU, TEUPAH BARAT, SIMEULUE, ACEH",1,72,125,197
https://kawalpemilu.org#4144,"SALUR LASENGALU, TEUPAH BARAT, SIMEULUE, ACEH",2,72,67,139
https://kawalpemilu.org#4145,"PULAU TEUPAH, TEUPAH BARAT, SIMEULUE, ACEH",1,119,77,196
https://kawalpemilu.org#4146,"SALUR LATUN, TEUPAH BARAT, SIMEULUE, ACEH",1,55,81,136
https://kawalpemilu.org#84152,"SITAL, TEUPAH BARAT, SIMEULUE, ACEH",1,101,81,182
https://kawalpemilu.org#4157,"AIR DINGIN, SIMEULUE TIMUR, SIMEULUE, ACEH",1,38,173,211
https://kawalpemilu.org#4157,"AIR DINGIN, SIMEULUE TIMUR, SIMEULUE, ACEH",2,27,201,228
https://kawalpemilu.org#4157,"AIR DINGIN, SIMEULUE TIMUR, SIMEULUE, ACEH",3,46,172,218
https://kawalpemilu.org#4157,"AIR DINGIN, SIMEULUE TIMUR, SIMEULUE, ACEH",4,49,202,251
https://kawalpemilu.org#4157,"AIR DINGIN, SIMEULUE TIMUR, SIMEULUE, ACEH",5,50,175,225
https://kawalpemilu.org#4157,"AIR DINGIN, SIMEULUE TIMUR, SIMEULUE, ACEH",6,64,184,248
https://kawalpemilu.org#4157,"AIR DINGIN, SIMEULUE TIMUR, SIMEULUE, ACEH",7,55,194,249
https://kawalpemilu.org#4158,"SUKA JAYA, SIMEULUE TIMUR, SIMEULUE, ACEH",1,52,157,209
https://kawalpemilu.org#4158,"SUKA JAYA, SIMEULUE TIMUR, SIMEULUE, ACEH",2,65,158,223
https://kawalpemilu.org#4158,"SUKA JAYA, SIMEULUE TIMUR, SIMEULUE, ACEH",3,37,205,242
https://kawalpemilu.org#4158,"SUKA JAYA, SIMEULUE TIMUR, SIMEULUE, ACEH",4,47,180,227
https://kawalpemilu.org#4158,"SUKA JAYA, SIMEULUE TIMUR, SIMEULUE, ACEH",5,59,166,225
https://kawalpemilu.org#4158,"SUKA JAYA, SIMEULUE TIMUR, SIMEULUE, ACEH",6,35,183,218
https://kawalpemilu.org#4159,"SUKA MAJU, SIMEULUE TIMUR, SIMEULUE, ACEH",1,64,160,224
https://kawalpemilu.org#4159,"SUKA MAJU, SIMEULUE TIMUR, SIMEULUE, ACEH",2,69,143,212
https://kawalpemilu.org#4159,"SUKA MAJU, SIMEULUE TIMUR, SIMEULUE, ACEH",3,34,167,201
https://kawalpemilu.org#4159,"SUKA MAJU, SIMEULUE TIMUR, SIMEULUE, ACEH",4,75,145,220
https://kawalpemilu.org#4159,"SUKA MAJU, SIMEULUE TIMUR, SIMEULUE, ACEH",5,61,179,240
https://kawalpemilu.org#4159,"SUKA MAJU, SIMEULUE TIMUR, SIMEULUE, ACEH",6,29,116,145
https://kawalpemilu.org#4160,"SUKA KARYA, SIMEULUE TIMUR, SIMEULUE, ACEH",1,59,187,247
https://kawalpemilu.org#4160,"SUKA KARYA, SIMEULUE TIMUR, SIMEULUE, ACEH",2,56,176,232
https://kawalpemilu.org#4160,"SUKA KARYA, SIMEULUE TIMUR, SIMEULUE, ACEH",3,55,173,228
https://kawalpemilu.org#4160,"SUKA KARYA, SIMEULUE TIMUR, SIMEULUE, ACEH",4,38,197,235
https://kawalpemilu.org#4160,"SUKA KARYA, SIMEULUE TIMUR, SIMEULUE, ACEH",5,52,168,220
https://kawalpemilu.org#4160,"SUKA KARYA, SIMEULUE TIMUR, SIMEULUE, ACEH",6,57,175,232
https://kawalpemilu.org#4160,"SUKA KARYA, SIMEULUE TIMUR, SIMEULUE, ACEH",7,57,180,237
https://kawalpemilu.org#4160,"SUKA KARYA, SIMEULUE TIMUR, SIMEULUE, ACEH",8,54,179,233
https://kawalpemilu.org#4160,"SUKA KARYA, SIMEULUE TIMUR, SIMEULUE, ACEH",9,35,208,243
https://kawalpemilu.org#4160,"SUKA KARYA, SIMEULUE TIMUR, SIMEULUE, ACEH",10,34,200,234
https://kawalpemilu.org#4160,"SUKA KARYA, SIMEULUE TIMUR, SIMEULUE, ACEH",11,42,200,242
https://kawalpemilu.org#4161,"SINABANG, SIMEULUE TIMUR, SIMEULUE, ACEH",1,30,154,184
https://kawalpemilu.org#4161,"SINABANG, SIMEULUE TIMUR, SIMEULUE, ACEH",2,27,167,194
https://kawalpemilu.org#4161,"SINABANG, SIMEULUE TIMUR, SIMEULUE, ACEH",3,29,141,170
https://kawalpemilu.org#4161,"SINABANG, SIMEULUE TIMUR, SIMEULUE, ACEH",4,56,117,173
https://kawalpemilu.org#4161,"SINABANG, SIMEULUE TIMUR, SIMEULUE, ACEH",5,41,130,171
https://kawalpemilu.org#4161,"SINABANG, SIMEULUE TIMUR, SIMEULUE, ACEH",6,16,41,57
https://kawalpemilu.org#4162,"LUGU, SIMEULUE TIMUR, SIMEULUE, ACEH",1,30,214,244
https://kawalpemilu.org#4162,"LUGU, SIMEULUE TIMUR, SIMEULUE, ACEH",2,27,129,156
https://kawalpemilu.org#4162,"LUGU, SIMEULUE TIMUR, SIMEULUE, ACEH",3,16,113,129
https://kawalpemilu.org#4163,"SEFOYAN, SIMEULUE TIMUR, SIMEULUE, ACEH",1,54,78,132
https://kawalpemilu.org#4163,"SEFOYAN, SIMEULUE TIMUR, SIMEULUE, ACEH",2,26,106,132
https://kawalpemilu.org#4164,"GANTING, SIMEULUE TIMUR, SIMEULUE, ACEH",1,108,137,245
https://kawalpemilu.org#4164,"GANTING, SIMEULUE TIMUR, SIMEULUE, ACEH",2,72,118,190
https://kawalpemilu.org#4164,"GANTING, SIMEULUE TIMUR, SIMEULUE, ACEH",3,79,118,197
https://kawalpemilu.org#4164,"GANTING, SIMEULUE TIMUR, SIMEULUE, ACEH",4,53,89,142
https://kawalpemilu.org#4165,"KUALA MAKMUR, SIMEULUE TIMUR, SIMEULUE, ACEH",1,89,151,240
https://kawalpemilu.org#4165,"KUALA MAKMUR, SIMEULUE TIMUR, SIMEULUE, ACEH",2,71,156,227
https://kawalpemilu.org#4165,"KUALA MAKMUR, SIMEULUE TIMUR, SIMEULUE, ACEH",3,76,171,247
https://kawalpemilu.org#4166,"AIR PINANG, SIMEULUE TIMUR, SIMEULUE, ACEH",1,137,103,240
https://kawalpemilu.org#4166,"AIR PINANG, SIMEULUE TIMUR, SIMEULUE, ACEH",2,56,188,244
https://kawalpemilu.org#4166,"AIR PINANG, SIMEULUE TIMUR, SIMEULUE, ACEH",3,101,151,252
https://kawalpemilu.org#4167,"KOTA BATU, SIMEULUE TIMUR, SIMEULUE, ACEH",2,81,148,229
https://kawalpemilu.org#4169,"LINGGI, SIMEULUE TIMUR, SIMEULUE, ACEH",1,60,116,176
https://kawalpemilu.org#4169,"LINGGI, SIMEULUE TIMUR, SIMEULUE, ACEH",2,75,97,172
https://kawalpemilu.org#4171,"UJUNG TINGGI, SIMEULUE TIMUR, SIMEULUE, ACEH",1,71,67,138
https://kawalpemilu.org#4171,"UJUNG TINGGI, SIMEULUE TIMUR, SIMEULUE, ACEH",2,85,58,143
https://kawalpemilu.org#4172,"PULAU SIUMAT, SIMEULUE TIMUR, SIMEULUE, ACEH",1,108,86,194
https://kawalpemilu.org#4173,"AMAITENG MULIA, SIMEULUE TIMUR, SIMEULUE, ACEH",1,18,88,106
https://kawalpemilu.org#4173,"AMAITENG MULIA, SIMEULUE TIMUR, SIMEULUE, ACEH",2,33,140,173
https://kawalpemilu.org#4174,"AMIRIA BAHAGIA, SIMEULUE TIMUR, SIMEULUE, ACEH",1,30,173,203
https://kawalpemilu.org#4174,"AMIRIA BAHAGIA, SIMEULUE TIMUR, SIMEULUE, ACEH",2,38,152,190
https://kawalpemilu.org#4177,"SUAK BULUH, SIMEULUE TIMUR, SIMEULUE, ACEH",1,70,150,220
https://kawalpemilu.org#4177,"SUAK BULUH, SIMEULUE TIMUR, SIMEULUE, ACEH",2,55,163,218
https://kawalpemilu.org#4177,"SUAK BULUH, SIMEULUE TIMUR, SIMEULUE, ACEH",3,53,168,221
https://kawalpemilu.org#4177,"SUAK BULUH, SIMEULUE TIMUR, SIMEULUE, ACEH",4,50,154,204
https://kawalpemilu.org#4179,"LUAN BALU, TELUK DALAM, SIMEULUE, ACEH",1,105,105,210
https://kawalpemilu.org#4179,"LUAN BALU, TELUK DALAM, SIMEULUE, ACEH",2,100,88,188
https://kawalpemilu.org#4179,"LUAN BALU, TELUK DALAM, SIMEULUE, ACEH",3,92,53,145
https://kawalpemilu.org#4180,"BABUSSALAM, TELUK DALAM, SIMEULUE, ACEH",1,82,75,157
https://kawalpemilu.org#4180,"BABUSSALAM, TELUK DALAM, SIMEULUE, ACEH",2,80,58,138
https://kawalpemilu.org#4181,"KUALA BARU, TELUK DALAM, SIMEULUE, ACEH",1,117,75,192
https://kawalpemilu.org#4181,"KUALA BARU, TELUK DALAM, SIMEULUE, ACEH",2,115,67,182
https://kawalpemilu.org#4182,"TANJUNG RAYA, TELUK DALAM, SIMEULUE, ACEH",1,120,52,172
https://kawalpemilu.org#4182,"TANJUNG RAYA, TELUK DALAM, SIMEULUE, ACEH",2,88,76,164
https://kawalpemilu.org#4183,"SAMBAY, TELUK DALAM, SIMEULUE, ACEH",1,64,122,186
https://kawalpemilu.org#4183,"SAMBAY, TELUK DALAM, SIMEULUE, ACEH",2,103,105,208
https://kawalpemilu.org#4184,"BULU HADEK, TELUK DALAM, SIMEULUE, ACEH",1,82,95,177
https://kawalpemilu.org#4184,"BULU HADEK, TELUK DALAM, SIMEULUE, ACEH",2,119,63,182
https://kawalpemilu.org#4186,"LUGU SEK BAHAK, TELUK DALAM, SIMEULUE, ACEH",1,151,67,218
https://kawalpemilu.org#4187,"GUNUNG PUTIH, TELUK DALAM, SIMEULUE, ACEH",1,100,130,230
https://kawalpemilu.org#4188,"MUARA AMAN, TELUK DALAM, SIMEULUE, ACEH",1,126,100,226
https://kawalpemilu.org#4190,"LAYA BAUNG, SIMEULUE BARAT, SIMEULUE, ACEH",1,119,122,241
https://kawalpemilu.org#4190,"LAYA BAUNG, SIMEULUE BARAT, SIMEULUE, ACEH",2,60,179,239
https://kawalpemilu.org#4190,"LAYA BAUNG, SIMEULUE BARAT, SIMEULUE, ACEH",3,108,82,190
https://kawalpemilu.org#4191,"SEMBILAN, SIMEULUE BARAT, SIMEULUE, ACEH",1,50,142,192
https://kawalpemilu.org#4191,"SEMBILAN, SIMEULUE BARAT, SIMEULUE, ACEH",2,96,119,215
https://kawalpemilu.org#4191,"SEMBILAN, SIMEULUE BARAT, SIMEULUE, ACEH",3,111,73,184
https://kawalpemilu.org#4192,"SIGULAI, SIMEULUE BARAT, SIMEULUE, ACEH",1,29,140,169
https://kawalpemilu.org#4192,"SIGULAI, SIMEULUE BARAT, SIMEULUE, ACEH",2,52,157,209
https://kawalpemilu.org#4192,"SIGULAI, SIMEULUE BARAT, SIMEULUE, ACEH",3,45,169,214
https://kawalpemilu.org#4192,"SIGULAI, SIMEULUE BARAT, SIMEULUE, ACEH",4,38,148,186
https://kawalpemilu.org#4193,"LAMAMEK, SIMEULUE BARAT, SIMEULUE, ACEH",1,39,156,195
https://kawalpemilu.org#4193,"LAMAMEK, SIMEULUE BARAT, SIMEULUE, ACEH",2,68,162,230
https://kawalpemilu.org#4194,"MALASIN, SIMEULUE BARAT, SIMEULUE, ACEH",1,27,191,218
https://kawalpemilu.org#4194,"MALASIN, SIMEULUE BARAT, SIMEULUE, ACEH",2,29,105,134
https://kawalpemilu.org#4195,"AMABAAN, SIMEULUE BARAT, SIMEULUE, ACEH",1,123,79,195
https://kawalpemilu.org#4195,"AMABAAN, SIMEULUE BARAT, SIMEULUE, ACEH",3,81,19,100
https://kawalpemilu.org#4196,"MITEUM, SIMEULUE BARAT, SIMEULUE, ACEH",1,49,98,147
https://kawalpemilu.org#4196,"MITEUM, SIMEULUE BARAT, SIMEULUE, ACEH",2,30,107,137
https://kawalpemilu.org#4196,"MITEUM, SIMEULUE BARAT, SIMEULUE, ACEH",3,24,23,47
https://kawalpemilu.org#4197,"SANGGIRAN, SIMEULUE BARAT, SIMEULUE, ACEH",1,80,148,228
https://kawalpemilu.org#4197,"SANGGIRAN, SIMEULUE BARAT, SIMEULUE, ACEH",2,109,135,244
https://kawalpemilu.org#4198,"LHOK MAKMUR, SIMEULUE BARAT, SIMEULUE, ACEH",1,92,164,256
https://kawalpemilu.org#4198,"LHOK MAKMUR, SIMEULUE BARAT, SIMEULUE, ACEH",2,115,144,259
https://kawalpemilu.org#4199,"SINAR BAHAGIA, SIMEULUE BARAT, SIMEULUE, ACEH",1,96,57,153
https://kawalpemilu.org#4199,"SINAR BAHAGIA, SIMEULUE BARAT, SIMEULUE, ACEH",2,100,53,153
https://kawalpemilu.org#4200,"BATU RAGI, SIMEULUE BARAT, SIMEULUE, ACEH",1,54,88,142
https://kawalpemilu.org#4200,"BATU RAGI, SIMEULUE BARAT, SIMEULUE, ACEH",2,61,99,160
https://kawalpemilu.org#4201,"BABUL MAKMUR, SIMEULUE BARAT, SIMEULUE, ACEH",1,50,99,149
https://kawalpemilu.org#4201,"BABUL MAKMUR, SIMEULUE BARAT, SIMEULUE, ACEH",2,32,123,155
https://kawalpemilu.org#4202,"LHOK BIHAO, SIMEULUE BARAT, SIMEULUE, ACEH",1,65,135,200
https://kawalpemilu.org#4203,"UJUNG HARAPAN, SIMEULUE BARAT, SIMEULUE, ACEH",1,59,117,176
https://kawalpemilu.org#4203,"UJUNG HARAPAN, SIMEULUE BARAT, SIMEULUE, ACEH",2,100,52,152
https://kawalpemilu.org#4205,"SUAK LAMATAN, TEUPAH SELATAN, SIMEULUE, ACEH",1,48,95,143
https://kawalpemilu.org#4205,"SUAK LAMATAN, TEUPAH SELATAN, SIMEULUE, ACEH",2,82,57,139
https://kawalpemilu.org#4206,"ALUS-ALUS, TEUPAH SELATAN, SIMEULUE, ACEH",1,107,115,222
https://kawalpemilu.org#4206,"ALUS-ALUS, TEUPAH SELATAN, SIMEULUE, ACEH",2,120,107,227
https://kawalpemilu.org#4207,"LATIUNG, TEUPAH SELATAN, SIMEULUE, ACEH",1,77,71,148
https://kawalpemilu.org#4208,"LABUHAN BAJAU, TEUPAH SELATAN, SIMEULUE, ACEH",1,67,83,150
https://kawalpemilu.org#4208,"LABUHAN BAJAU, TEUPAH SELATAN, SIMEULUE, ACEH",2,45,105,150
https://kawalpemilu.org#4209,"ANA AO, TEUPAH SELATAN, SIMEULUE, ACEH",1,54,118,172
https://kawalpemilu.org#4209,"ANA AO, TEUPAH SELATAN, SIMEULUE, ACEH",2,51,107,158
https://kawalpemilu.org#4210,"LATALING, TEUPAH SELATAN, SIMEULUE, ACEH",1,46,52,98
https://kawalpemilu.org#4211,"PULAU BANGKALAK, TEUPAH SELATAN, SIMEULUE, ACEH",1,55,71,126
https://kawalpemilu.org#4211,"PULAU BANGKALAK, TEUPAH SELATAN, SIMEULUE, ACEH",2,88,63,151
https://kawalpemilu.org#4212,"SEUNEBUK, TEUPAH SELATAN, SIMEULUE, ACEH",1,87,87,174
https://kawalpemilu.org#4212,"SEUNEBUK, TEUPAH SELATAN, SIMEULUE, ACEH",2,113,51,164
https://kawalpemilu.org#4213,"BATU RALANG, TEUPAH SELATAN, SIMEULUE, ACEH",1,70,137,207
https://kawalpemilu.org#4214,"ULUL MAYANG, TEUPAH SELATAN, SIMEULUE, ACEH",1,63,135,198
https://kawalpemilu.org#4215,"KEBUN BARU, TEUPAH SELATAN, SIMEULUE, ACEH",1,146,102,248
https://kawalpemilu.org#4216,"BADEGONG, TEUPAH SELATAN, SIMEULUE, ACEH",1,82,98,180
https://kawalpemilu.org#4217,"PASIR TINGGI, TEUPAH SELATAN, SIMEULUE, ACEH",1,133,104,237
https://kawalpemilu.org#4218,"LABUHAN JAYA, TEUPAH SELATAN, SIMEULUE, ACEH",1,127,53,180
https://kawalpemilu.org#4218,"LABUHAN JAYA, TEUPAH SELATAN, SIMEULUE, ACEH",2,114,73,187
https://kawalpemilu.org#4219,"LABUHAN BAKTI, TEUPAH SELATAN, SIMEULUE, ACEH",1,39,177,216
https://kawalpemilu.org#4219,"LABUHAN BAKTI, TEUPAH SELATAN, SIMEULUE, ACEH",2,81,150,231
https://kawalpemilu.org#4219,"LABUHAN BAKTI, TEUPAH SELATAN, SIMEULUE, ACEH",3,40,168,208
https://kawalpemilu.org#4220,"BLANG SEBEL, TEUPAH SELATAN, SIMEULUE, ACEH",1,76,148,224
https://kawalpemilu.org#4221,"TRANS JERNGE, TEUPAH SELATAN, SIMEULUE, ACEH",1,91,73,164
https://kawalpemilu.org#4222,"TRANS MARANTI, TEUPAH SELATAN, SIMEULUE, ACEH",1,140,28,168
https://kawalpemilu.org#4223,"TRANS BARU, TEUPAH SELATAN, SIMEULUE, ACEH",1,61,22,83
https://kawalpemilu.org#4225,"LEWAK, ALAFAN, SIMEULUE, ACEH",1,84,147,231
https://kawalpemilu.org#4225,"LEWAK, ALAFAN, SIMEULUE, ACEH",2,74,105,179
https://kawalpemilu.org#4225,"LEWAK, ALAFAN, SIMEULUE, ACEH",3,35,99,134
https://kawalpemilu.org#4226,"LAMEREM, ALAFAN, SIMEULUE, ACEH",1,46,83,129
https://kawalpemilu.org#4226,"LAMEREM, ALAFAN, SIMEULUE, ACEH",2,79,78,157
https://kawalpemilu.org#4227,"LHOK PAUH, ALAFAN, SIMEULUE, ACEH",1,92,72,164
https://kawalpemilu.org#4227,"LHOK PAUH, ALAFAN, SIMEULUE, ACEH",2,63,72,135
https://kawalpemilu.org#4228,"LANGI, ALAFAN, SIMEULUE, ACEH",1,110,113,223
https://kawalpemilu.org#4228,"LANGI, ALAFAN, SIMEULUE, ACEH",2,89,137,226
https://kawalpemilu.org#4229,"LUBUK BAIK, ALAFAN, SIMEULUE, ACEH",1,107,80,187
https://kawalpemilu.org#4229,"LUBUK BAIK, ALAFAN, SIMEULUE, ACEH",2,100,51,151
https://kawalpemilu.org#4230,"LHOK DALAM, ALAFAN, SIMEULUE, ACEH",1,86,85,171
https://kawalpemilu.org#4231,"LAFAKHA, ALAFAN, SIMEULUE, ACEH",1,90,85,175
https://kawalpemilu.org#4231,"LAFAKHA, ALAFAN, SIMEULUE, ACEH",2,77,76,153
https://kawalpemilu.org#4232,"SERAFON, ALAFAN, SIMEULUE, ACEH",1,77,133,210
https://kawalpemilu.org#4151,"LASIKIN, TEUPAH TENGAH, SIMEULUE, ACEH",1,67,119,186
https://kawalpemilu.org#4151,"LASIKIN, TEUPAH TENGAH, SIMEULUE, ACEH",2,68,92,160
https://kawalpemilu.org#4151,"LASIKIN, TEUPAH TENGAH, SIMEULUE, ACEH",3,75,120,195
https://kawalpemilu.org#4152,"LANTING, TEUPAH TENGAH, SIMEULUE, ACEH",1,42,90,132
https://kawalpemilu.org#4152,"LANTING, TEUPAH TENGAH, SIMEULUE, ACEH",2,32,99,131
https://kawalpemilu.org#4153,"SIMPANG ABAIL, TEUPAH TENGAH, SIMEULUE, ACEH",1,95,146,241
https://kawalpemilu.org#4154,"ABAIL, TEUPAH TENGAH, SIMEULUE, ACEH",1,46,138,184
https://kawalpemilu.org#4155,"LABUAH, TEUPAH TENGAH, SIMEULUE, ACEH",1,44,97,141
https://kawalpemilu.org#4155,"LABUAH, TEUPAH TENGAH, SIMEULUE, ACEH",2,36,144,0
https://kawalpemilu.org#4156,"NANCAWA, TEUPAH TENGAH, SIMEULUE, ACEH",1,122,61,183
https://kawalpemilu.org#4168,"SITUBUK, TEUPAH TENGAH, SIMEULUE, ACEH",1,59,91,150
https://kawalpemilu.org#4170,"MATANURUNG, TEUPAH TENGAH, SIMEULUE, ACEH",1,70,84,154
https://kawalpemilu.org#4170,"MATANURUNG, TEUPAH TENGAH, SIMEULUE, ACEH",2,67,116,183
https://kawalpemilu.org#4176,"BUSUNG INDAH, TEUPAH TENGAH, SIMEULUE, ACEH",2,68,119,187
https://kawalpemilu.org#88169,"KAHAT, TEUPAH TENGAH, SIMEULUE, ACEH",1,66,79,145
https://kawalpemilu.org#88169,"KAHAT, TEUPAH TENGAH, SIMEULUE, ACEH",2,113,53,166
https://kawalpemilu.org#88170,"SUA-SUA, TEUPAH TENGAH, SIMEULUE, ACEH",1,59,193,252
https://kawalpemilu.org#88170,"SUA-SUA, TEUPAH TENGAH, SIMEULUE, ACEH",2,61,163,224
https://kawalpemilu.org#88171,"BATU-BATU, TEUPAH TENGAH, SIMEULUE, ACEH",1,103,96,199
https://kawalpemilu.org#88171,"BATU-BATU, TEUPAH TENGAH, SIMEULUE, ACEH",2,133,57,190
https://kawalpemilu.org#4089,"BORENGAN, SIMEULUE CUT, SIMEULUE, ACEH",1,31,196,227
https://kawalpemilu.org#4090,"LATAK AYAH, SIMEULUE CUT, SIMEULUE, ACEH",1,83,139,222
https://kawalpemilu.org#4091,"KUTA PADANG, SIMEULUE CUT, SIMEULUE, ACEH",1,31,105,136
https://kawalpemilu.org#4091,"KUTA PADANG, SIMEULUE CUT, SIMEULUE, ACEH",2,41,98,139
https://kawalpemilu.org#4092,"AMARABU, SIMEULUE CUT, SIMEULUE, ACEH",1,39,121,160
https://kawalpemilu.org#4092,"AMARABU, SIMEULUE CUT, SIMEULUE, ACEH",2,42,113,155
https://kawalpemilu.org#4093,"KUTA INANG, SIMEULUE CUT, SIMEULUE, ACEH",1,86,153,239
https://kawalpemilu.org#4101,"SIBULUH, SIMEULUE CUT, SIMEULUE, ACEH",1,48,78,126
https://kawalpemilu.org#4101,"SIBULUH, SIMEULUE CUT, SIMEULUE, ACEH",2,42,108,150
https://kawalpemilu.org#4102,"BUBUHAN, SIMEULUE CUT, SIMEULUE, ACEH",1,33,141,174
https://kawalpemilu.org#88168,"UJUNG PADANG, SIMEULUE CUT, SIMEULUE, ACEH",1,44,130,174
https://kawalpemilu.org#4235,"PULAU BALAI, PULAU BANYAK, ACEH SINGKIL, ACEH",1,37,163,200
https://kawalpemilu.org#4235,"PULAU BALAI, PULAU BANYAK, ACEH SINGKIL, ACEH",2,21,159,180
https://kawalpemilu.org#4235,"PULAU BALAI, PULAU BANYAK, ACEH SINGKIL, ACEH",3,34,183,217
https://kawalpemilu.org#4235,"PULAU BALAI, PULAU BANYAK, ACEH SINGKIL, ACEH",4,34,131,165
https://kawalpemilu.org#4235,"PULAU BALAI, PULAU BANYAK, ACEH SINGKIL, ACEH",5,30,139,169
https://kawalpemilu.org#4236,"PULAU BAGUK, PULAU BANYAK, ACEH SINGKIL, ACEH",1,50,159,209
https://kawalpemilu.org#4236,"PULAU BAGUK, PULAU BANYAK, ACEH SINGKIL, ACEH",2,39,156,195
https://kawalpemilu.org#4236,"PULAU BAGUK, PULAU BANYAK, ACEH SINGKIL, ACEH",3,43,157,200
https://kawalpemilu.org#4236,"PULAU BAGUK, PULAU BANYAK, ACEH SINGKIL, ACEH",4,53,141,194
https://kawalpemilu.org#4238,"TELUK NIBUNG, PULAU BANYAK, ACEH SINGKIL, ACEH",1,40,222,262
https://kawalpemilu.org#4238,"TELUK NIBUNG, PULAU BANYAK, ACEH SINGKIL, ACEH",2,22,96,118
https://kawalpemilu.org#4238,"TELUK NIBUNG, PULAU BANYAK, ACEH SINGKIL, ACEH",3,23,110,133
https://kawalpemilu.org#4243,"LIPAT KAJANG, SIMPANG KANAN, ACEH SINGKIL, ACEH",1,6,214,220
https://kawalpemilu.org#4243,"LIPAT KAJANG, SIMPANG KANAN, ACEH SINGKIL, ACEH",2,9,216,225
https://kawalpemilu.org#4243,"LIPAT KAJANG, SIMPANG KANAN, ACEH SINGKIL, ACEH",3,5,217,222
https://kawalpemilu.org#4243,"LIPAT KAJANG, SIMPANG KANAN, ACEH SINGKIL, ACEH",4,2,227,229
https://kawalpemilu.org#4244,"KAIN GOLONG, SIMPANG KANAN, ACEH SINGKIL, ACEH",1,99,134,233
https://kawalpemilu.org#4244,"KAIN GOLONG, SIMPANG KANAN, ACEH SINGKIL, ACEH",2,102,131,233
https://kawalpemilu.org#4245,"KUTA KERANGAN, SIMPANG KANAN, ACEH SINGKIL, ACEH",1,232,16,248
https://kawalpemilu.org#4245,"KUTA KERANGAN, SIMPANG KANAN, ACEH SINGKIL, ACEH",2,242,23,265
https://kawalpemilu.org#4245,"KUTA KERANGAN, SIMPANG KANAN, ACEH SINGKIL, ACEH",3,200,8,208
https://kawalpemilu.org#4245,"KUTA KERANGAN, SIMPANG KANAN, ACEH SINGKIL, ACEH",4,149,8,157
https://kawalpemilu.org#4246,"SIATAS, SIMPANG KANAN, ACEH SINGKIL, ACEH",1,96,91,187
https://kawalpemilu.org#4246,"SIATAS, SIMPANG KANAN, ACEH SINGKIL, ACEH",2,68,178,246
https://kawalpemilu.org#4246,"SIATAS, SIMPANG KANAN, ACEH SINGKIL, ACEH",3,171,78,249
https://kawalpemilu.org#4246,"SIATAS, SIMPANG KANAN, ACEH SINGKIL, ACEH",4,81,86,167
https://kawalpemilu.org#4247,"PANGI, SIMPANG KANAN, ACEH SINGKIL, ACEH",1,70,110,180
https://kawalpemilu.org#4248,"SUKAREJO, SIMPANG KANAN, ACEH SINGKIL, ACEH",1,45,198,243
https://kawalpemilu.org#4248,"SUKAREJO, SIMPANG KANAN, ACEH SINGKIL, ACEH",2,50,190,240
https://kawalpemilu.org#4249,"UJUNG LIMUS, SIMPANG KANAN, ACEH SINGKIL, ACEH",1,20,116,136
https://kawalpemilu.org#4250,"SILATONG, SIMPANG KANAN, ACEH SINGKIL, ACEH",1,26,202,228
https://kawalpemilu.org#4250,"SILATONG, SIMPANG KANAN, ACEH SINGKIL, ACEH",2,14,212,226
https://kawalpemilu.org#4251,"PERTABAS, SIMPANG KANAN, ACEH SINGKIL, ACEH",1,84,62,146
https://kawalpemilu.org#4251,"PERTABAS, SIMPANG KANAN, ACEH SINGKIL, ACEH",2,102,39,141
https://kawalpemilu.org#4252,"LAE RIMAN, SIMPANG KANAN, ACEH SINGKIL, ACEH",1,12,217,229
https://kawalpemilu.org#4253,"PAKIRAMAN, SIMPANG KANAN, ACEH SINGKIL, ACEH",1,14,125,139
https://kawalpemilu.org#4254,"KUTA BATU, SIMPANG KANAN, ACEH SINGKIL, ACEH",1,8,60,68
https://kawalpemilu.org#4255,"LAE NIPE, SIMPANG KANAN, ACEH SINGKIL, ACEH",1,22,115,137
https://kawalpemilu.org#4256,"KUTA TINGGI, SIMPANG KANAN, ACEH SINGKIL, ACEH",1,169,77,246
https://kawalpemilu.org#4256,"KUTA TINGGI, SIMPANG KANAN, ACEH SINGKIL, ACEH",2,88,123,211
https://kawalpemilu.org#4257,"TUH TUHAN, SIMPANG KANAN, ACEH SINGKIL, ACEH",1,166,16,182
https://kawalpemilu.org#4257,"TUH TUHAN, SIMPANG KANAN, ACEH SINGKIL, ACEH",2,168,14,182
https://kawalpemilu.org#4258,"LAE GECIH, SIMPANG KANAN, ACEH SINGKIL, ACEH",1,136,11,147
https://kawalpemilu.org#4258,"LAE GECIH, SIMPANG KANAN, ACEH SINGKIL, ACEH",2,149,15,164
https://kawalpemilu.org#4259,"GUHA, SIMPANG KANAN, ACEH SINGKIL, ACEH",1,62,4,66
https://kawalpemilu.org#4260,"LAE GAMBIR, SIMPANG KANAN, ACEH SINGKIL, ACEH",1,36,115,151
https://kawalpemilu.org#4261,"CIBUBUKAN, SIMPANG KANAN, ACEH SINGKIL, ACEH",1,4,167,171
https://kawalpemilu.org#4261,"CIBUBUKAN, SIMPANG KANAN, ACEH SINGKIL, ACEH",2,5,151,156
https://kawalpemilu.org#4262,"SERASAH, SIMPANG KANAN, ACEH SINGKIL, ACEH",1,0,50,50
https://kawalpemilu.org#4263,"TUGAN, SIMPANG KANAN, ACEH SINGKIL, ACEH",1,8,124,132
https://kawalpemilu.org#4264,"TANJUNG MAS, SIMPANG KANAN, ACEH SINGKIL, ACEH",1,10,240,250
https://kawalpemilu.org#4265,"LIPAT KAJANG ATAS, SIMPANG KANAN, ACEH SINGKIL, ACEH",1,11,194,205
https://kawalpemilu.org#4265,"LIPAT KAJANG ATAS, SIMPANG KANAN, ACEH SINGKIL, ACEH",2,4,233,237
https://kawalpemilu.org#4265,"LIPAT KAJANG ATAS, SIMPANG KANAN, ACEH SINGKIL, ACEH",3,4,216,220
https://kawalpemilu.org#4266,"SIDODADI, SIMPANG KANAN, ACEH SINGKIL, ACEH",1,70,203,273
https://kawalpemilu.org#4267,"PANDAN SARI, SIMPANG KANAN, ACEH SINGKIL, ACEH",1,40,179,219
https://kawalpemilu.org#4267,"PANDAN SARI, SIMPANG KANAN, ACEH SINGKIL, ACEH",2,54,174,228
https://kawalpemilu.org#4269,"PASAR SINGKIL, SINGKIL, ACEH SINGKIL, ACEH",1,18,178,196
https://kawalpemilu.org#4269,"PASAR SINGKIL, SINGKIL, ACEH SINGKIL, ACEH",2,17,207,224
https://kawalpemilu.org#4269,"PASAR SINGKIL, SINGKIL, ACEH SINGKIL, ACEH",3,24,179,203
https://kawalpemilu.org#4269,"PASAR SINGKIL, SINGKIL, ACEH SINGKIL, ACEH",4,14,199,213
https://kawalpemilu.org#4270,"UJUNG, SINGKIL, ACEH SINGKIL, ACEH",1,69,192,261
https://kawalpemilu.org#4270,"UJUNG, SINGKIL, ACEH SINGKIL, ACEH",2,37,189,228
https://kawalpemilu.org#4270,"UJUNG, SINGKIL, ACEH SINGKIL, ACEH",3,32,205,237
https://kawalpemilu.org#4270,"UJUNG, SINGKIL, ACEH SINGKIL, ACEH",4,50,216,266
https://kawalpemilu.org#4270,"UJUNG, SINGKIL, ACEH SINGKIL, ACEH",5,42,186,228
https://kawalpemilu.org#4271,"PULO SAROK, SINGKIL, ACEH SINGKIL, ACEH",1,16,116,132
https://kawalpemilu.org#4271,"PULO SAROK, SINGKIL, ACEH SINGKIL, ACEH",2,34,170,204
https://kawalpemilu.org#4271,"PULO SAROK, SINGKIL, ACEH SINGKIL, ACEH",3,37,108,145
https://kawalpemilu.org#4271,"PULO SAROK, SINGKIL, ACEH SINGKIL, ACEH",4,46,139,185
https://kawalpemilu.org#4271,"PULO SAROK, SINGKIL, ACEH SINGKIL, ACEH",5,40,144,184
https://kawalpemilu.org#4271,"PULO SAROK, SINGKIL, ACEH SINGKIL, ACEH",6,33,187,220
https://kawalpemilu.org#4271,"PULO SAROK, SINGKIL, ACEH SINGKIL, ACEH",7,38,220,258
https://kawalpemilu.org#4271,"PULO SAROK, SINGKIL, ACEH SINGKIL, ACEH",8,36,213,251
https://kawalpemilu.org#4271,"PULO SAROK, SINGKIL, ACEH SINGKIL, ACEH",9,36,166,202
https://kawalpemilu.org#4271,"PULO SAROK, SINGKIL, ACEH SINGKIL, ACEH",10,50,167,217
https://kawalpemilu.org#4271,"PULO SAROK, SINGKIL, ACEH SINGKIL, ACEH",11,25,127,152
https://kawalpemilu.org#4271,"PULO SAROK, SINGKIL, ACEH SINGKIL, ACEH",12,37,198,235
https://kawalpemilu.org#4271,"PULO SAROK, SINGKIL, ACEH SINGKIL, ACEH",13,15,127,142
https://kawalpemilu.org#4272,"KILANGAN, SINGKIL, ACEH SINGKIL, ACEH",1,24,216,240
https://kawalpemilu.org#4272,"KILANGAN, SINGKIL, ACEH SINGKIL, ACEH",2,34,219,253
https://kawalpemilu.org#4272,"KILANGAN, SINGKIL, ACEH SINGKIL, ACEH",3,10,219,229
https://kawalpemilu.org#4272,"KILANGAN, SINGKIL, ACEH SINGKIL, ACEH",4,18,211,229
https://kawalpemilu.org#4273,"KOTA SIMBOLING, SINGKIL, ACEH SINGKIL, ACEH",1,22,180,202
https://kawalpemilu.org#4274,"TELUK AMBON, SINGKIL, ACEH SINGKIL, ACEH",1,45,204,249
https://kawalpemilu.org#4274,"TELUK AMBON, SINGKIL, ACEH SINGKIL, ACEH",2,43,214,257
https://kawalpemilu.org#4275,"RANTAU GEDANG, SINGKIL, ACEH SINGKIL, ACEH",1,18,169,187
https://kawalpemilu.org#4275,"RANTAU GEDANG, SINGKIL, ACEH SINGKIL, ACEH",2,18,169,187
https://kawalpemilu.org#4276,"TELUK RUMBIA, SINGKIL, ACEH SINGKIL, ACEH",1,31,194,225
https://kawalpemilu.org#4276,"TELUK RUMBIA, SINGKIL, ACEH SINGKIL, ACEH",2,21,217,238
https://kawalpemilu.org#4277,"PEA BUMBUNG, SINGKIL, ACEH SINGKIL, ACEH",1,48,135,183
https://kawalpemilu.org#4277,"PEA BUMBUNG, SINGKIL, ACEH SINGKIL, ACEH",2,28,94,122
https://kawalpemilu.org#4278,"PEMUKA, SINGKIL, ACEH SINGKIL, ACEH",1,48,164,212
https://kawalpemilu.org#4279,"TAKAL PASIR, SINGKIL, ACEH SINGKIL, ACEH",1,13,179,192
https://kawalpemilu.org#4279,"TAKAL PASIR, SINGKIL, ACEH SINGKIL, ACEH",2,5,184,189
https://kawalpemilu.org#4280,"SELOK ACEH, SINGKIL, ACEH SINGKIL, ACEH",1,19,170,189
https://kawalpemilu.org#4280,"SELOK ACEH, SINGKIL, ACEH SINGKIL, ACEH",2,40,128,168
https://kawalpemilu.org#4282,"UJUNG BAWANG, SINGKIL, ACEH SINGKIL, ACEH",1,25,167,192
https://kawalpemilu.org#4282,"UJUNG BAWANG, SINGKIL, ACEH SINGKIL, ACEH",2,17,174,191
https://kawalpemilu.org#4282,"UJUNG BAWANG, SINGKIL, ACEH SINGKIL, ACEH",3,30,155,185
https://kawalpemilu.org#4283,"SITI AMBIA, SINGKIL, ACEH SINGKIL, ACEH",1,26,214,240
https://kawalpemilu.org#4283,"SITI AMBIA, SINGKIL, ACEH SINGKIL, ACEH",2,44,180,224
https://kawalpemilu.org#4283,"SITI AMBIA, SINGKIL, ACEH SINGKIL, ACEH",3,18,231,249
https://kawalpemilu.org#4283,"SITI AMBIA, SINGKIL, ACEH SINGKIL, ACEH",4,39,177,216
https://kawalpemilu.org#4284,"SUKA DAMAI, SINGKIL, ACEH SINGKIL, ACEH",1,37,182,219
https://kawalpemilu.org#4284,"SUKA DAMAI, SINGKIL, ACEH SINGKIL, ACEH",2,79,101,180
https://kawalpemilu.org#88426,"SUKA MAKMUR, SINGKIL, ACEH SINGKIL, ACEH",1,20,248,268
https://kawalpemilu.org#88426,"SUKA MAKMUR, SINGKIL, ACEH SINGKIL, ACEH",2,12,182,194
https://kawalpemilu.org#4286,"TANJUNG BETIK, GUNUNG MERIAH, ACEH SINGKIL, ACEH",1,6,125,131
https://kawalpemilu.org#4287,"PENJAHITAN, GUNUNG MERIAH, ACEH SINGKIL, ACEH",1,6,92,98
https://kawalpemilu.org#4288,"BUKIT HARAPAN, GUNUNG MERIAH, ACEH SINGKIL, ACEH",1,58,128,186
https://kawalpemilu.org#4288,"BUKIT HARAPAN, GUNUNG MERIAH, ACEH SINGKIL, ACEH",2,58,129,187
https://kawalpemilu.org#4288,"BUKIT HARAPAN, GUNUNG MERIAH, ACEH SINGKIL, ACEH",3,47,168,215
https://kawalpemilu.org#4288,"BUKIT HARAPAN, GUNUNG MERIAH, ACEH SINGKIL, ACEH",4,73,126,199
https://kawalpemilu.org#4288,"BUKIT HARAPAN, GUNUNG MERIAH, ACEH SINGKIL, ACEH",5,65,155,220
https://kawalpemilu.org#4288,"BUKIT HARAPAN, GUNUNG MERIAH, ACEH SINGKIL, ACEH",6,76,136,212
https://kawalpemilu.org#4288,"BUKIT HARAPAN, GUNUNG MERIAH, ACEH SINGKIL, ACEH",7,95,137,232
https://kawalpemilu.org#4288,"BUKIT HARAPAN, GUNUNG MERIAH, ACEH SINGKIL, ACEH",8,45,148,193
https://kawalpemilu.org#4288,"BUKIT HARAPAN, GUNUNG MERIAH, ACEH SINGKIL, ACEH",9,45,172,217
https://kawalpemilu.org#4288,"BUKIT HARAPAN, GUNUNG MERIAH, ACEH SINGKIL, ACEH",10,34,198,232
https://kawalpemilu.org#4289,"CINGKAM, GUNUNG MERIAH, ACEH SINGKIL, ACEH",1,27,171,198
https://kawalpemilu.org#4289,"CINGKAM, GUNUNG MERIAH, ACEH SINGKIL, ACEH",2,17,127,144
https://kawalpemilu.org#4290,"LABUHAN KERA, GUNUNG MERIAH, ACEH SINGKIL, ACEH",1,15,77,92
https://kawalpemilu.org#4291,"TANAH BARA, GUNUNG MERIAH, ACEH SINGKIL, ACEH",1,17,211,228
https://kawalpemilu.org#4291,"TANAH BARA, GUNUNG MERIAH, ACEH SINGKIL, ACEH",2,18,213,231
https://kawalpemilu.org#4291,"TANAH BARA, GUNUNG MERIAH, ACEH SINGKIL, ACEH",3,15,218,233
https://kawalpemilu.org#4291,"TANAH BARA, GUNUNG MERIAH, ACEH SINGKIL, ACEH",4,33,181,214
https://kawalpemilu.org#4291,"TANAH BARA, GUNUNG MERIAH, ACEH SINGKIL, ACEH",5,14,197,211
https://kawalpemilu.org#4291,"TANAH BARA, GUNUNG MERIAH, ACEH SINGKIL, ACEH",6,41,207,248
https://kawalpemilu.org#4292,"RIMO, GUNUNG MERIAH, ACEH SINGKIL, ACEH",1,33,131,164
https://kawalpemilu.org#4292,"RIMO, GUNUNG MERIAH, ACEH SINGKIL, ACEH",2,28,111,139
https://kawalpemilu.org#4292,"RIMO, GUNUNG MERIAH, ACEH SINGKIL, ACEH",3,19,129,148
https://kawalpemilu.org#4292,"RIMO, GUNUNG MERIAH, ACEH SINGKIL, ACEH",4,12,128,140
https://kawalpemilu.org#4292,"RIMO, GUNUNG MERIAH, ACEH SINGKIL, ACEH",5,22,136,158
https://kawalpemilu.org#4292,"RIMO, GUNUNG MERIAH, ACEH SINGKIL, ACEH",6,10,116,126
https://kawalpemilu.org#4292,"RIMO, GUNUNG MERIAH, ACEH SINGKIL, ACEH",7,21,113,134
https://kawalpemilu.org#4292,"RIMO, GUNUNG MERIAH, ACEH SINGKIL, ACEH",8,28,138,166
https://kawalpemilu.org#4292,"RIMO, GUNUNG MERIAH, ACEH SINGKIL, ACEH",9,9,168,177
https://kawalpemilu.org#4292,"RIMO, GUNUNG MERIAH, ACEH SINGKIL, ACEH",10,8,178,186
https://kawalpemilu.org#4292,"RIMO, GUNUNG MERIAH, ACEH SINGKIL, ACEH",11,28,207,235
https://kawalpemilu.org#4293,"BLOK VI BARU, GUNUNG MERIAH, ACEH SINGKIL, ACEH",1,51,180,231
https://kawalpemilu.org#4293,"BLOK VI BARU, GUNUNG MERIAH, ACEH SINGKIL, ACEH",2,48,182,230
https://kawalpemilu.org#4293,"BLOK VI BARU, GUNUNG MERIAH, ACEH SINGKIL, ACEH",3,20,73,93
https://kawalpemilu.org#4293,"BLOK VI BARU, GUNUNG MERIAH, ACEH SINGKIL, ACEH",4,35,163,198
https://kawalpemilu.org#4293,"BLOK VI BARU, GUNUNG MERIAH, ACEH SINGKIL, ACEH",5,12,69,81
https://kawalpemilu.org#4293,"BLOK VI BARU, GUNUNG MERIAH, ACEH SINGKIL, ACEH",6,43,149,192
https://kawalpemilu.org#4293,"BLOK VI BARU, GUNUNG MERIAH, ACEH SINGKIL, ACEH",7,29,158,187
https://kawalpemilu.org#4293,"BLOK VI BARU, GUNUNG MERIAH, ACEH SINGKIL, ACEH",8,33,97,130
https://kawalpemilu.org#4293,"BLOK VI BARU, GUNUNG MERIAH, ACEH SINGKIL, ACEH",9,30,137,167
https://kawalpemilu.org#4293,"BLOK VI BARU, GUNUNG MERIAH, ACEH SINGKIL, ACEH",10,34,155,189
https://kawalpemilu.org#4294,"BLOK 15, GUNUNG MERIAH, ACEH SINGKIL, ACEH",1,123,71,194
https://kawalpemilu.org#4294,"BLOK 15, GUNUNG MERIAH, ACEH SINGKIL, ACEH",2,76,115,191
https://kawalpemilu.org#4294,"BLOK 15, GUNUNG MERIAH, ACEH SINGKIL, ACEH",3,61,129,190
https://kawalpemilu.org#4294,"BLOK 15, GUNUNG MERIAH, ACEH SINGKIL, ACEH",4,112,73,185
https://kawalpemilu.org#4294,"BLOK 15, GUNUNG MERIAH, ACEH SINGKIL, ACEH",5,76,106,182
https://kawalpemilu.org#4294,"BLOK 15, GUNUNG MERIAH, ACEH SINGKIL, ACEH",6,114,34,148
https://kawalpemilu.org#4295,"BLOK 18, GUNUNG MERIAH, ACEH SINGKIL, ACEH",1,50,101,151
https://kawalpemilu.org#4295,"BLOK 18, GUNUNG MERIAH, ACEH SINGKIL, ACEH",2,51,121,172
https://kawalpemilu.org#4296,"BLOK 31, GUNUNG MERIAH, ACEH SINGKIL, ACEH",1,70,115,185
https://kawalpemilu.org#4297,"SIDOREJO, GUNUNG MERIAH, ACEH SINGKIL, ACEH",1,63,153,216
https://kawalpemilu.org#4297,"SIDOREJO, GUNUNG MERIAH, ACEH SINGKIL, ACEH",2,40,180,220
https://kawalpemilu.org#4297,"SIDOREJO, GUNUNG MERIAH, ACEH SINGKIL, ACEH",3,37,131,168
https://kawalpemilu.org#4297,"SIDOREJO, GUNUNG MERIAH, ACEH SINGKIL, ACEH",4,34,134,168
https://kawalpemilu.org#4297,"SIDOREJO, GUNUNG MERIAH, ACEH SINGKIL, ACEH",5,44,144,188
https://kawalpemilu.org#4297,"SIDOREJO, GUNUNG MERIAH, ACEH SINGKIL, ACEH",7,50,164,214
https://kawalpemilu.org#4297,"SIDOREJO, GUNUNG MERIAH, ACEH SINGKIL, ACEH",8,36,151,187
https://kawalpemilu.org#4297,"SIDOREJO, GUNUNG MERIAH, ACEH SINGKIL, ACEH",9,28,130,158
https://kawalpemilu.org#4297,"SIDOREJO, GUNUNG MERIAH, ACEH SINGKIL, ACEH",10,29,131,159
https://kawalpemilu.org#4298,"SUKA MAKMUR, GUNUNG MERIAH, ACEH SINGKIL, ACEH",1,136,108,244
https://kawalpemilu.org#4298,"SUKA MAKMUR, GUNUNG MERIAH, ACEH SINGKIL, ACEH",2,40,84,124
https://kawalpemilu.org#4298,"SUKA MAKMUR, GUNUNG MERIAH, ACEH SINGKIL, ACEH",3,192,56,248
https://kawalpemilu.org#4298,"SUKA MAKMUR, GUNUNG MERIAH, ACEH SINGKIL, ACEH",4,120,80,200
https://kawalpemilu.org#4298,"SUKA MAKMUR, GUNUNG MERIAH, ACEH SINGKIL, ACEH",5,141,31,172
https://kawalpemilu.org#4298,"SUKA MAKMUR, GUNUNG MERIAH, ACEH SINGKIL, ACEH",6,76,118,194
https://kawalpemilu.org#4299,"GUNUNG LAGAN, GUNUNG MERIAH, ACEH SINGKIL, ACEH",1,17,190,207
https://kawalpemilu.org#4299,"GUNUNG LAGAN, GUNUNG MERIAH, ACEH SINGKIL, ACEH",2,25,186,211
https://kawalpemilu.org#4299,"GUNUNG LAGAN, GUNUNG MERIAH, ACEH SINGKIL, ACEH",3,39,147,186
https://kawalpemilu.org#4299,"GUNUNG LAGAN, GUNUNG MERIAH, ACEH SINGKIL, ACEH",4,41,152,195
https://kawalpemilu.org#4299,"GUNUNG LAGAN, GUNUNG MERIAH, ACEH SINGKIL, ACEH",5,33,151,184
https://kawalpemilu.org#4299,"GUNUNG LAGAN, GUNUNG MERIAH, ACEH SINGKIL, ACEH",6,28,148,176
https://kawalpemilu.org#4299,"GUNUNG LAGAN, GUNUNG MERIAH, ACEH SINGKIL, ACEH",8,24,152,176
https://kawalpemilu.org#4300,"PERANGUSAN, GUNUNG MERIAH, ACEH SINGKIL, ACEH",1,21,142,163
https://kawalpemilu.org#4300,"PERANGUSAN, GUNUNG MERIAH, ACEH SINGKIL, ACEH",2,16,118,134
https://kawalpemilu.org#4301,"SEPING BARU, GUNUNG MERIAH, ACEH SINGKIL, ACEH",1,18,156,174
https://kawalpemilu.org#4302,"SEBATANG, GUNUNG MERIAH, ACEH SINGKIL, ACEH",1,26,259,285
https://kawalpemilu.org#4303,"TANAH MERAH, GUNUNG MERIAH, ACEH SINGKIL, ACEH",1,12,122,134
https://kawalpemilu.org#4303,"TANAH MERAH, GUNUNG MERIAH, ACEH SINGKIL, ACEH",2,10,155,165
https://kawalpemilu.org#4304,"PERTAMPAKAN, GUNUNG MERIAH, ACEH SINGKIL, ACEH",1,28,137,165
https://kawalpemilu.org#4305,"PANDAN SARI, GUNUNG MERIAH, ACEH SINGKIL, ACEH",1,50,125,175
https://kawalpemilu.org#4305,"PANDAN SARI, GUNUNG MERIAH, ACEH SINGKIL, ACEH",2,67,114,181
https://kawalpemilu.org#4305,"PANDAN SARI, GUNUNG MERIAH, ACEH SINGKIL, ACEH",3,54,111,165
https://kawalpemilu.org#4305,"PANDAN SARI, GUNUNG MERIAH, ACEH SINGKIL, ACEH",4,64,75,139
https://kawalpemilu.org#4305,"PANDAN SARI, GUNUNG MERIAH, ACEH SINGKIL, ACEH",5,91,66,157
https://kawalpemilu.org#4305,"PANDAN SARI, GUNUNG MERIAH, ACEH SINGKIL, ACEH",6,64,88,152
https://kawalpemilu.org#4306,"SANGGA BERU SILULUSAN, GUNUNG MERIAH, ACEH SINGKIL, ACEH",1,64,97,161
https://kawalpemilu.org#4306,"SANGGA BERU SILULUSAN, GUNUNG MERIAH, ACEH SINGKIL, ACEH",2,43,145,188
https://kawalpemilu.org#4306,"SANGGA BERU SILULUSAN, GUNUNG MERIAH, ACEH SINGKIL, ACEH",3,65,66,131
https://kawalpemilu.org#4306,"SANGGA BERU SILULUSAN, GUNUNG MERIAH, ACEH SINGKIL, ACEH",4,39,169,208
https://kawalpemilu.org#4306,"SANGGA BERU SILULUSAN, GUNUNG MERIAH, ACEH SINGKIL, ACEH",5,230,18,248
https://kawalpemilu.org#4307,"TULAAN, GUNUNG MERIAH, ACEH SINGKIL, ACEH",1,29,166,195
https://kawalpemilu.org#4307,"TULAAN, GUNUNG MERIAH, ACEH SINGKIL, ACEH",2,40,171,211
https://kawalpemilu.org#4307,"TULAAN, GUNUNG MERIAH, ACEH SINGKIL, ACEH",3,26,126,152
https://kawalpemilu.org#4307,"TULAAN, GUNUNG MERIAH, ACEH SINGKIL, ACEH",4,38,137,175
https://kawalpemilu.org#4307,"TULAAN, GUNUNG MERIAH, ACEH SINGKIL, ACEH",5,43,165,208
https://kawalpemilu.org#4307,"TULAAN, GUNUNG MERIAH, ACEH SINGKIL, ACEH",6,35,146,181
https://kawalpemilu.org#4307,"TULAAN, GUNUNG MERIAH, ACEH SINGKIL, ACEH",7,52,186,238
https://kawalpemilu.org#4308,"TUNAS HARAPAN, GUNUNG MERIAH, ACEH SINGKIL, ACEH",1,30,145,175
https://kawalpemilu.org#4308,"TUNAS HARAPAN, GUNUNG MERIAH, ACEH SINGKIL, ACEH",2,33,185,218
https://kawalpemilu.org#4308,"TUNAS HARAPAN, GUNUNG MERIAH, ACEH SINGKIL, ACEH",3,12,113,125
https://kawalpemilu.org#4308,"TUNAS HARAPAN, GUNUNG MERIAH, ACEH SINGKIL, ACEH",4,24,95,119
https://kawalpemilu.org#4309,"LAE BUTAR, GUNUNG MERIAH, ACEH SINGKIL, ACEH",1,17,179,196
https://kawalpemilu.org#4309,"LAE BUTAR, GUNUNG MERIAH, ACEH SINGKIL, ACEH",2,33,173,199
https://kawalpemilu.org#4309,"LAE BUTAR, GUNUNG MERIAH, ACEH SINGKIL, ACEH",3,23,174,197
https://kawalpemilu.org#4309,"LAE BUTAR, GUNUNG MERIAH, ACEH SINGKIL, ACEH",4,37,178,215
https://kawalpemilu.org#4309,"LAE BUTAR, GUNUNG MERIAH, ACEH SINGKIL, ACEH",5,22,135,157
https://kawalpemilu.org#4309,"LAE BUTAR, GUNUNG MERIAH, ACEH SINGKIL, ACEH",6,23,172,195
https://kawalpemilu.org#4309,"LAE BUTAR, GUNUNG MERIAH, ACEH SINGKIL, ACEH",7,16,178,194
https://kawalpemilu.org#4309,"LAE BUTAR, GUNUNG MERIAH, ACEH SINGKIL, ACEH",8,21,185,206
https://kawalpemilu.org#4310,"SIANJO-ANJO MERIAH, GUNUNG MERIAH, ACEH SINGKIL, ACEH",1,22,135,157
https://kawalpemilu.org#4310,"SIANJO-ANJO MERIAH, GUNUNG MERIAH, ACEH SINGKIL, ACEH",2,31,123,154
https://kawalpemilu.org#4310,"SIANJO-ANJO MERIAH, GUNUNG MERIAH, ACEH SINGKIL, ACEH",3,3,152,155
https://kawalpemilu.org#4310,"SIANJO-ANJO MERIAH, GUNUNG MERIAH, ACEH SINGKIL, ACEH",4,8,151,159
https://kawalpemilu.org#4310,"SIANJO-ANJO MERIAH, GUNUNG MERIAH, ACEH SINGKIL, ACEH",5,16,137,153
https://kawalpemilu.org#4310,"SIANJO-ANJO MERIAH, GUNUNG MERIAH, ACEH SINGKIL, ACEH",6,14,128,142
https://kawalpemilu.org#4312,"LENTONG, KOTA BAHARU, ACEH SINGKIL, ACEH",1,19,132,151
https://kawalpemilu.org#4312,"LENTONG, KOTA BAHARU, ACEH SINGKIL, ACEH",2,21,133,154
https://kawalpemilu.org#4313,"LAPAHAN BUAYA, KOTA BAHARU, ACEH SINGKIL, ACEH",1,17,185,202
https://kawalpemilu.org#4314,"BUTAR, KOTA BAHARU, ACEH SINGKIL, ACEH",1,29,130,159
https://kawalpemilu.org#4314,"BUTAR, KOTA BAHARU, ACEH SINGKIL, ACEH",2,25,147,172
https://kawalpemilu.org#4315,"SAMAR DUA, KOTA BAHARU, ACEH SINGKIL, ACEH",1,22,190,212
https://kawalpemilu.org#4315,"SAMAR DUA, KOTA BAHARU, ACEH SINGKIL, ACEH",2,10,55,65
https://kawalpemilu.org#4315,"SAMAR DUA, KOTA BAHARU, ACEH SINGKIL, ACEH",3,5,84,89
https://kawalpemilu.org#4316,"LADANG BISIK, KOTA BAHARU, ACEH SINGKIL, ACEH",1,13,220,233
https://kawalpemilu.org#4317,"MUARA PEA, KOTA BAHARU, ACEH SINGKIL, ACEH",1,47,151,198
https://kawalpemilu.org#4319,"SUMBER MUKTI, KOTA BAHARU, ACEH SINGKIL, ACEH",1,98,151,249
https://kawalpemilu.org#4319,"SUMBER MUKTI, KOTA BAHARU, ACEH SINGKIL, ACEH",2,82,155,237
https://kawalpemilu.org#4319,"SUMBER MUKTI, KOTA BAHARU, ACEH SINGKIL, ACEH",3,133,121,254
https://kawalpemilu.org#4319,"SUMBER MUKTI, KOTA BAHARU, ACEH SINGKIL, ACEH",4,100,163,263
https://kawalpemilu.org#4320,"DANAU BUNGARA, KOTA BAHARU, ACEH SINGKIL, ACEH",1,23,158,181
https://kawalpemilu.org#4320,"DANAU BUNGARA, KOTA BAHARU, ACEH SINGKIL, ACEH",2,26,145,171
https://kawalpemilu.org#4320,"DANAU BUNGARA, KOTA BAHARU, ACEH SINGKIL, ACEH",3,25,133,158
https://kawalpemilu.org#4320,"DANAU BUNGARA, KOTA BAHARU, ACEH SINGKIL, ACEH",4,28,130,170
https://kawalpemilu.org#930158,"MUKTI LINCIR, KOTA BAHARU, ACEH SINGKIL, ACEH",1,120,148,268
https://kawalpemilu.org#4322,"GOSONG TELAGA UTARA, SINGKIL UTARA, ACEH SINGKIL, ACEH",1,43,172,215
https://kawalpemilu.org#4322,"GOSONG TELAGA UTARA, SINGKIL UTARA, ACEH SINGKIL, ACEH",2,44,198,242
https://kawalpemilu.org#4322,"GOSONG TELAGA UTARA, SINGKIL UTARA, ACEH SINGKIL, ACEH",3,61,160,221
https://kawalpemilu.org#4323,"GOSONG TELAGA SELATAN, SINGKIL UTARA, ACEH SINGKIL, ACEH",1,12,168,180
https://kawalpemilu.org#4323,"GOSONG TELAGA SELATAN, SINGKIL UTARA, ACEH SINGKIL, ACEH",2,54,129,183
https://kawalpemilu.org#4323,"GOSONG TELAGA SELATAN, SINGKIL UTARA, ACEH SINGKIL, ACEH",3,49,138,187
https://kawalpemilu.org#4324,"KAMPUNG BARU, SINGKIL UTARA, ACEH SINGKIL, ACEH",1,70,201,271
https://kawalpemilu.org#4324,"KAMPUNG BARU, SINGKIL UTARA, ACEH SINGKIL, ACEH",2,42,150,192
https://kawalpemilu.org#4324,"KAMPUNG BARU, SINGKIL UTARA, ACEH SINGKIL, ACEH",3,52,149,201
https://kawalpemilu.org#4324,"KAMPUNG BARU, SINGKIL UTARA, ACEH SINGKIL, ACEH",4,43,165,208
https://kawalpemilu.org#4325,"KETAPANG INDAH, SINGKIL UTARA, ACEH SINGKIL, ACEH",1,23,103,126
https://kawalpemilu.org#4325,"KETAPANG INDAH, SINGKIL UTARA, ACEH SINGKIL, ACEH",2,32,97,129
https://kawalpemilu.org#4325,"KETAPANG INDAH, SINGKIL UTARA, ACEH SINGKIL, ACEH",3,41,136,177
https://kawalpemilu.org#4325,"KETAPANG INDAH, SINGKIL UTARA, ACEH SINGKIL, ACEH",4,39,133,172
https://kawalpemilu.org#4325,"KETAPANG INDAH, SINGKIL UTARA, ACEH SINGKIL, ACEH",5,47,203,250
https://kawalpemilu.org#4325,"KETAPANG INDAH, SINGKIL UTARA, ACEH SINGKIL, ACEH",6,38,200,238
https://kawalpemilu.org#4326,"GOSONG TELAGA TIMUR, SINGKIL UTARA, ACEH SINGKIL, ACEH",1,53,157,210
https://kawalpemilu.org#4326,"GOSONG TELAGA TIMUR, SINGKIL UTARA, ACEH SINGKIL, ACEH",2,68,134,202
https://kawalpemilu.org#4326,"GOSONG TELAGA TIMUR, SINGKIL UTARA, ACEH SINGKIL, ACEH",3,50,176,226
https://kawalpemilu.org#4326,"GOSONG TELAGA TIMUR, SINGKIL UTARA, ACEH SINGKIL, ACEH",4,57,168,225
https://kawalpemilu.org#4327,"GOSONG TELAGA BARAT, SINGKIL UTARA, ACEH SINGKIL, ACEH",1,61,93,154
https://kawalpemilu.org#4327,"GOSONG TELAGA BARAT, SINGKIL UTARA, ACEH SINGKIL, ACEH",2,37,160,197
https://kawalpemilu.org#4327,"GOSONG TELAGA BARAT, SINGKIL UTARA, ACEH SINGKIL, ACEH",3,53,182,235
https://kawalpemilu.org#4328,"TELAGA BAKTI, SINGKIL UTARA, ACEH SINGKIL, ACEH",1,53,73,126
https://kawalpemilu.org#4328,"TELAGA BAKTI, SINGKIL UTARA, ACEH SINGKIL, ACEH",2,43,85,128
https://kawalpemilu.org#4328,"TELAGA BAKTI, SINGKIL UTARA, ACEH SINGKIL, ACEH",3,74,57,131
https://kawalpemilu.org#4328,"TELAGA BAKTI, SINGKIL UTARA, ACEH SINGKIL, ACEH",4,78,68,146
https://kawalpemilu.org#4328,"TELAGA BAKTI, SINGKIL UTARA, ACEH SINGKIL, ACEH",6,74,63,137
https://kawalpemilu.org#4330,"LAE BALNO, DANAU PARIS, ACEH SINGKIL, ACEH",1,136,100,236
https://kawalpemilu.org#4330,"LAE BALNO, DANAU PARIS, ACEH SINGKIL, ACEH",2,70,69,139
https://kawalpemilu.org#4330,"LAE BALNO, DANAU PARIS, ACEH SINGKIL, ACEH",3,88,38,126
https://kawalpemilu.org#4331,"NAPA GALUH, DANAU PARIS, ACEH SINGKIL, ACEH",1,141,54,195
https://kawalpemilu.org#4331,"NAPA GALUH, DANAU PARIS, ACEH SINGKIL, ACEH",2,118,57,175
https://kawalpemilu.org#4332,"SIKORAN, DANAU PARIS, ACEH SINGKIL, ACEH",1,121,40,161
https://kawalpemilu.org#4332,"SIKORAN, DANAU PARIS, ACEH SINGKIL, ACEH",2,104,41,145
https://kawalpemilu.org#4333,"SITUBUH-TUBUH, DANAU PARIS, ACEH SINGKIL, ACEH",1,143,92,235
https://kawalpemilu.org#4333,"SITUBUH-TUBUH, DANAU PARIS, ACEH SINGKIL, ACEH",2,120,56,176
https://kawalpemilu.org#4334,"BISKANG, DANAU PARIS, ACEH SINGKIL, ACEH",1,149,63,212
https://kawalpemilu.org#4334,"BISKANG, DANAU PARIS, ACEH SINGKIL, ACEH",2,113,89,202
https://kawalpemilu.org#4334,"BISKANG, DANAU PARIS, ACEH SINGKIL, ACEH",3,70,121,191
https://kawalpemilu.org#4334,"BISKANG, DANAU PARIS, ACEH SINGKIL, ACEH",4,68,72,140
https://kawalpemilu.org#4335,"SITUBAN MAKMUR, DANAU PARIS, ACEH SINGKIL, ACEH",1,149,98,247
https://kawalpemilu.org#4335,"SITUBAN MAKMUR, DANAU PARIS, ACEH SINGKIL, ACEH",2,140,58,198
https://kawalpemilu.org#4335,"SITUBAN MAKMUR, DANAU PARIS, ACEH SINGKIL, ACEH",3,111,39,150
https://kawalpemilu.org#4335,"SITUBAN MAKMUR, DANAU PARIS, ACEH SINGKIL, ACEH",4,129,67,196
https://kawalpemilu.org#4335,"SITUBAN MAKMUR, DANAU PARIS, ACEH SINGKIL, ACEH",5,30,41,71
https://kawalpemilu.org#4335,"SITUBAN MAKMUR, DANAU PARIS, ACEH SINGKIL, ACEH",6,42,106,148
https://kawalpemilu.org#4337,"SURO BARU, SURO MAKMUR, ACEH SINGKIL, ACEH",1,28,235,263
https://kawalpemilu.org#4338,"PANGKALAN SULAMPI, SURO MAKMUR, ACEH SINGKIL, ACEH",1,39,221,260
https://kawalpemilu.org#4338,"PANGKALAN SULAMPI, SURO MAKMUR, ACEH SINGKIL, ACEH",2,109,106,215
https://kawalpemilu.org#4339,"BULU SEMA, SURO MAKMUR, ACEH SINGKIL, ACEH",1,12,160,172
https://kawalpemilu.org#4339,"BULU SEMA, SURO MAKMUR, ACEH SINGKIL, ACEH",2,8,190,198
https://kawalpemilu.org#4339,"BULU SEMA, SURO MAKMUR, ACEH SINGKIL, ACEH",3,9,158,167
https://kawalpemilu.org#4339,"BULU SEMA, SURO MAKMUR, ACEH SINGKIL, ACEH",4,12,166,178
https://kawalpemilu.org#4340,"LAE BANGUN, SURO MAKMUR, ACEH SINGKIL, ACEH",1,21,183,204
https://kawalpemilu.org#4341,"ALUR LINCI, SURO MAKMUR, ACEH SINGKIL, ACEH",1,25,119,144
https://kawalpemilu.org#4342,"SIOMPIN, SURO MAKMUR, ACEH SINGKIL, ACEH",1,33,128,161
https://kawalpemilu.org#4342,"SIOMPIN, SURO MAKMUR, ACEH SINGKIL, ACEH",2,27,140,167
https://kawalpemilu.org#4342,"SIOMPIN, SURO MAKMUR, ACEH SINGKIL, ACEH",3,66,128,194
https://kawalpemilu.org#4342,"SIOMPIN, SURO MAKMUR, ACEH SINGKIL, ACEH",4,55,122,177
https://kawalpemilu.org#4342,"SIOMPIN, SURO MAKMUR, ACEH SINGKIL, ACEH",5,150,17,167
https://kawalpemilu.org#4342,"SIOMPIN, SURO MAKMUR, ACEH SINGKIL, ACEH",6,150,16,166
https://kawalpemilu.org#4343,"KETANGKUHAN, SURO MAKMUR, ACEH SINGKIL, ACEH",1,29,155,184
https://kawalpemilu.org#4344,"KERAS, SURO MAKMUR, ACEH SINGKIL, ACEH",1,172,15,187
https://kawalpemilu.org#4344,"KERAS, SURO MAKMUR, ACEH SINGKIL, ACEH",2,178,13,191
https://kawalpemilu.org#4345,"MANDUMPANG, SURO MAKMUR, ACEH SINGKIL, ACEH",1,94,71,165
https://kawalpemilu.org#4345,"MANDUMPANG, SURO MAKMUR, ACEH SINGKIL, ACEH",2,108,55,163
https://kawalpemilu.org#4345,"MANDUMPANG, SURO MAKMUR, ACEH SINGKIL, ACEH",3,114,60,174
https://kawalpemilu.org#4345,"MANDUMPANG, SURO MAKMUR, ACEH SINGKIL, ACEH",4,105,96,201
https://kawalpemilu.org#4346,"SIRIMO MUNGKUR, SURO MAKMUR, ACEH SINGKIL, ACEH",1,59,188,247
https://kawalpemilu.org#4347,"BULU ARA, SURO MAKMUR, ACEH SINGKIL, ACEH",1,16,183,199
https://kawalpemilu.org#4349,"SINGKOHOR, SINGKOHOR, ACEH SINGKIL, ACEH",1,70,182,252
https://kawalpemilu.org#4349,"SINGKOHOR, SINGKOHOR, ACEH SINGKIL, ACEH",2,92,153,245
https://kawalpemilu.org#4349,"SINGKOHOR, SINGKOHOR, ACEH SINGKIL, ACEH",3,109,139,248
https://kawalpemilu.org#4349,"SINGKOHOR, SINGKOHOR, ACEH SINGKIL, ACEH",4,71,175,246
https://kawalpemilu.org#4349,"SINGKOHOR, SINGKOHOR, ACEH SINGKIL, ACEH",5,58,75,133
https://kawalpemilu.org#4349,"SINGKOHOR, SINGKOHOR, ACEH SINGKIL, ACEH",6,82,168,250
https://kawalpemilu.org#4350,"LAE SIPOLA, SINGKOHOR, ACEH SINGKIL, ACEH",1,98,59,157
https://kawalpemilu.org#4351,"LAE PINANG, SINGKOHOR, ACEH SINGKIL, ACEH",1,96,170,266
https://kawalpemilu.org#4351,"LAE PINANG, SINGKOHOR, ACEH SINGKIL, ACEH",2,79,174,253
https://kawalpemilu.org#4351,"LAE PINANG, SINGKOHOR, ACEH SINGKIL, ACEH",3,74,192,266
https://kawalpemilu.org#4352,"MUKTI JAYA, SINGKOHOR, ACEH SINGKIL, ACEH",1,94,132,226
https://kawalpemilu.org#4352,"MUKTI JAYA, SINGKOHOR, ACEH SINGKIL, ACEH",2,125,98,223
https://kawalpemilu.org#4353,"SRIKAYU, SINGKOHOR, ACEH SINGKIL, ACEH",2,48,204,252
https://kawalpemilu.org#4353,"SRIKAYU, SINGKOHOR, ACEH SINGKIL, ACEH",3,67,176,243
https://kawalpemilu.org#4354,"PEA JAMBU, SINGKOHOR, ACEH SINGKIL, ACEH",1,48,122,170
https://kawalpemilu.org#4354,"PEA JAMBU, SINGKOHOR, ACEH SINGKIL, ACEH",2,57,117,174
https://kawalpemilu.org#4356,"KUALA BARU SUNGAI, KUALA BARU, ACEH SINGKIL, ACEH",1,21,222,243
https://kawalpemilu.org#4356,"KUALA BARU SUNGAI, KUALA BARU, ACEH SINGKIL, ACEH",2,23,183,206
https://kawalpemilu.org#4357,"KUALA BARU LAUT, KUALA BARU, ACEH SINGKIL, ACEH",1,31,162,193
https://kawalpemilu.org#4357,"KUALA BARU LAUT, KUALA BARU, ACEH SINGKIL, ACEH",2,22,239,261
https://kawalpemilu.org#4357,"KUALA BARU LAUT, KUALA BARU, ACEH SINGKIL, ACEH",3,12,130,142
https://kawalpemilu.org#4358,"SUKA JAYA, KUALA BARU, ACEH SINGKIL, ACEH",1,12,172,184
https://kawalpemilu.org#4358,"SUKA JAYA, KUALA BARU, ACEH SINGKIL, ACEH",2,5,124,129
https://kawalpemilu.org#4359,"KAYU MENANG, KUALA BARU, ACEH SINGKIL, ACEH",1,36,104,140
https://kawalpemilu.org#4281,"SUKA MAKMUR, PULAU BANYAK BARAT, ACEH SINGKIL, ACEH",1,103,15,118
https://kawalpemilu.org#4361,"ASAN TOLA, PULAU BANYAK BARAT, ACEH SINGKIL, ACEH",1,32,161,193
https://kawalpemilu.org#4361,"ASAN TOLA, PULAU BANYAK BARAT, ACEH SINGKIL, ACEH",2,52,148,200
https://kawalpemilu.org#84154,"HALOBAN, PULAU BANYAK BARAT, ACEH SINGKIL, ACEH",1,34,180,214
https://kawalpemilu.org#84154,"HALOBAN, PULAU BANYAK BARAT, ACEH SINGKIL, ACEH",2,84,154,238
https://kawalpemilu.org#84155,"UJUNG SIALIT, PULAU BANYAK BARAT, ACEH SINGKIL, ACEH",1,216,19,235
https://kawalpemilu.org#84155,"UJUNG SIALIT, PULAU BANYAK BARAT, ACEH SINGKIL, ACEH",2,234,16,250
https://kawalpemilu.org#4364,"KEUDE ACEH, SAMALANGA, BIREUEN, ACEH",1,17,144,161
https://kawalpemilu.org#4364,"KEUDE ACEH, SAMALANGA, BIREUEN, ACEH",2,9,145,154
https://kawalpemilu.org#4365,"SANGSO, SAMALANGA, BIREUEN, ACEH",1,19,159,178
https://kawalpemilu.org#4365,"SANGSO, SAMALANGA, BIREUEN, ACEH",2,11,164,175
https://kawalpemilu.org#4365,"SANGSO, SAMALANGA, BIREUEN, ACEH",3,14,165,179
https://kawalpemilu.org#4366,"PANTE RHENG, SAMALANGA, BIREUEN, ACEH",2,11,203,214
https://kawalpemilu.org#4367,"MEULIEK, SAMALANGA, BIREUEN, ACEH",1,9,198,207
https://kawalpemilu.org#4367,"MEULIEK, SAMALANGA, BIREUEN, ACEH",2,15,183,198
https://kawalpemilu.org#4368,"NAMPLOH BARO, SAMALANGA, BIREUEN, ACEH",1,6,126,132
https://kawalpemilu.org#4368,"NAMPLOH BARO, SAMALANGA, BIREUEN, ACEH",2,6,121,127
https://kawalpemilu.org#4369,"NAMPLOH MANYANG, SAMALANGA, BIREUEN, ACEH",1,10,157,167
https://kawalpemilu.org#4370,"NAMPLOH BLANGGARANG, SAMALANGA, BIREUEN, ACEH",1,10,169,179
https://kawalpemilu.org#4371,"NAMPLOH KRUENG, SAMALANGA, BIREUEN, ACEH",2,8,102,110
https://kawalpemilu.org#4372,"NAMPLOH PAPEUEN, SAMALANGA, BIREUEN, ACEH",2,4,149,153
https://kawalpemilu.org#4373,"MEUNASAH LUENG, SAMALANGA, BIREUEN, ACEH",1,10,143,153
https://kawalpemilu.org#4374,"LHOK SEUMIRA, SAMALANGA, BIREUEN, ACEH",1,13,191,204
https://kawalpemilu.org#4375,"ULEE JEUMATAN, SAMALANGA, BIREUEN, ACEH",1,9,101,110
https://kawalpemilu.org#4375,"ULEE JEUMATAN, SAMALANGA, BIREUEN, ACEH",2,15,89,104
https://kawalpemilu.org#4376,"LANCOK, SAMALANGA, BIREUEN, ACEH",2,18,175,193
https://kawalpemilu.org#4378,"MESJID BARO, SAMALANGA, BIREUEN, ACEH",1,11,132,143
https://kawalpemilu.org#4378,"MESJID BARO, SAMALANGA, BIREUEN, ACEH",2,19,114,133
https://kawalpemilu.org#4379,"BATEE ILIEK, SAMALANGA, BIREUEN, ACEH",1,27,175,202
https://kawalpemilu.org#4379,"BATEE ILIEK, SAMALANGA, BIREUEN, ACEH",2,14,160,174
https://kawalpemilu.org#4380,"PULO BAROH, SAMALANGA, BIREUEN, ACEH",1,23,151,174
https://kawalpemilu.org#4380,"PULO BAROH, SAMALANGA, BIREUEN, ACEH",2,16,168,184
https://kawalpemilu.org#4382,"DARUSSALAM, SAMALANGA, BIREUEN, ACEH",2,13,135,148
https://kawalpemilu.org#4383,"MATANG JAREUNG, SAMALANGA, BIREUEN, ACEH",1,16,116,132
https://kawalpemilu.org#4383,"MATANG JAREUNG, SAMALANGA, BIREUEN, ACEH",2,6,129,135
https://kawalpemilu.org#4384,"MATANG, SAMALANGA, BIREUEN, ACEH",1,17,138,155
https://kawalpemilu.org#4384,"MATANG, SAMALANGA, BIREUEN, ACEH",2,14,149,163
https://kawalpemilu.org#4384,"MATANG, SAMALANGA, BIREUEN, ACEH",3,18,146,164
https://kawalpemilu.org#4385,"COT MANE, SAMALANGA, BIREUEN, ACEH",1,17,189,206
https://kawalpemilu.org#4386,"ALUE BARAT, SAMALANGA, BIREUEN, ACEH",1,8,148,156
https://kawalpemilu.org#4388,"ULEE ALUE, SAMALANGA, BIREUEN, ACEH",1,23,182,205
https://kawalpemilu.org#4389,"PINEUNG SIRIBEE, SAMALANGA, BIREUEN, ACEH",1,13,125,138
https://kawalpemilu.org#4389,"PINEUNG SIRIBEE, SAMALANGA, BIREUEN, ACEH",2,2,142,144
https://kawalpemilu.org#4389,"PINEUNG SIRIBEE, SAMALANGA, BIREUEN, ACEH",3,9,136,145
https://kawalpemilu.org#4390,"GAMPONG BARO, SAMALANGA, BIREUEN, ACEH",1,12,137,149
https://kawalpemilu.org#4390,"GAMPONG BARO, SAMALANGA, BIREUEN, ACEH",2,18,148,166
https://kawalpemilu.org#4391,"KANDANG, SAMALANGA, BIREUEN, ACEH",1,24,178,202
https://kawalpemilu.org#4391,"KANDANG, SAMALANGA, BIREUEN, ACEH",2,17,166,183
https://kawalpemilu.org#4392,"GAMPONG PUTOH, SAMALANGA, BIREUEN, ACEH",1,40,149,189
https://kawalpemilu.org#4392,"GAMPONG PUTOH, SAMALANGA, BIREUEN, ACEH",2,30,139,169
https://kawalpemilu.org#4393,"MIDEUN JOK, SAMALANGA, BIREUEN, ACEH",1,22,99,121
https://kawalpemilu.org#4393,"MIDEUN JOK, SAMALANGA, BIREUEN, ACEH",2,13,130,143
https://kawalpemilu.org#4394,"MIDEUN GEUDONG, SAMALANGA, BIREUEN, ACEH",1,10,94,104
https://kawalpemilu.org#4394,"MIDEUN GEUDONG, SAMALANGA, BIREUEN, ACEH",2,16,90,106
https://kawalpemilu.org#4395,"LUENG KEUBEU, SAMALANGA, BIREUEN, ACEH",1,10,193,203
https://kawalpemilu.org#4396,"GLUMPANG BUNGKOK, SAMALANGA, BIREUEN, ACEH",2,12,178,190
https://kawalpemilu.org#4397,"GAMPONG MEULUM, SAMALANGA, BIREUEN, ACEH",1,12,181,193
https://kawalpemilu.org#4397,"GAMPONG MEULUM, SAMALANGA, BIREUEN, ACEH",3,6,175,181
https://kawalpemilu.org#4398,"COT MEURAK BAROH, SAMALANGA, BIREUEN, ACEH",1,5,152,157
https://kawalpemilu.org#4399,"COT MEURAK BLANG, SAMALANGA, BIREUEN, ACEH",1,15,146,161
https://kawalpemilu.org#4399,"COT MEURAK BLANG, SAMALANGA, BIREUEN, ACEH",2,5,160,165
https://kawalpemilu.org#4400,"MEURAH, SAMALANGA, BIREUEN, ACEH",1,32,157,189
https://kawalpemilu.org#4400,"MEURAH, SAMALANGA, BIREUEN, ACEH",2,23,168,191
https://kawalpemilu.org#4401,"ULEE UE, SAMALANGA, BIREUEN, ACEH",1,17,174,191
https://kawalpemilu.org#4403,"TANJONG BARO, SAMALANGA, BIREUEN, ACEH",1,13,139,152
https://kawalpemilu.org#4403,"TANJONG BARO, SAMALANGA, BIREUEN, ACEH",3,10,151,161
https://kawalpemilu.org#4405,"MEUNASAH LANCOK, SAMALANGA, BIREUEN, ACEH",1,13,74,87
https://kawalpemilu.org#4406,"MEUNASAH PUUK, SAMALANGA, BIREUEN, ACEH",1,6,134,140
https://kawalpemilu.org#4407,"TANJONGAN IDEM, SAMALANGA, BIREUEN, ACEH",1,21,135,156
https://kawalpemilu.org#4408,"MEUNASAH LINCAH, SAMALANGA, BIREUEN, ACEH",1,30,118,148
https://kawalpemilu.org#4409,"GLUMPANG PAYONG, SAMALANGA, BIREUEN, ACEH",1,17,131,148
https://kawalpemilu.org#4409,"GLUMPANG PAYONG, SAMALANGA, BIREUEN, ACEH",2,14,145,159
https://kawalpemilu.org#4411,"BLANG ME TIMU, JEUNIEB, BIREUEN, ACEH",1,7,139,146
https://kawalpemilu.org#4411,"BLANG ME TIMU, JEUNIEB, BIREUEN, ACEH",3,6,139,145
https://kawalpemilu.org#4412,"LANCANG, JEUNIEB, BIREUEN, ACEH",2,3,182,185
https://kawalpemilu.org#4413,"BLANG LANCANG, JEUNIEB, BIREUEN, ACEH",2,7,206,213
https://kawalpemilu.org#4413,"BLANG LANCANG, JEUNIEB, BIREUEN, ACEH",3,13,192,205
https://kawalpemilu.org#4414,"TEUPIN KUPULA, JEUNIEB, BIREUEN, ACEH",1,10,170,180
https://kawalpemilu.org#4414,"TEUPIN KUPULA, JEUNIEB, BIREUEN, ACEH",2,9,183,192
https://kawalpemilu.org#4414,"TEUPIN KUPULA, JEUNIEB, BIREUEN, ACEH",3,4,190,194
https://kawalpemilu.org#4415,"TANJONG BUNGONG, JEUNIEB, BIREUEN, ACEH",1,4,187,191
https://kawalpemilu.org#4415,"TANJONG BUNGONG, JEUNIEB, BIREUEN, ACEH",2,7,157,164
https://kawalpemilu.org#4416,"DAYAH BARO, JEUNIEB, BIREUEN, ACEH",1,9,171,180
https://kawalpemilu.org#4417,"ULEE RABO, JEUNIEB, BIREUEN, ACEH",1,30,135,165
https://kawalpemilu.org#4418,"LUENG TEUNGOH, JEUNIEB, BIREUEN, ACEH",1,5,139,144
https://kawalpemilu.org#4418,"LUENG TEUNGOH, JEUNIEB, BIREUEN, ACEH",3,3,137,140
https://kawalpemilu.org#4419,"LAMPOH OE, JEUNIEB, BIREUEN, ACEH",1,3,164,167
https://kawalpemilu.org#4419,"LAMPOH OE, JEUNIEB, BIREUEN, ACEH",2,11,145,156
https://kawalpemilu.org#4420,"PULO RANGKILEH, JEUNIEB, BIREUEN, ACEH",1,6,139,145
https://kawalpemilu.org#4420,"PULO RANGKILEH, JEUNIEB, BIREUEN, ACEH",2,9,137,146
https://kawalpemilu.org#4421,"TUFAH, JEUNIEB, BIREUEN, ACEH",1,9,160,169
https://kawalpemilu.org#4421,"TUFAH, JEUNIEB, BIREUEN, ACEH",2,5,167,172
https://kawalpemilu.org#4422,"SAMPO AJAD, JEUNIEB, BIREUEN, ACEH",1,4,175,179
https://kawalpemilu.org#4422,"SAMPO AJAD, JEUNIEB, BIREUEN, ACEH",2,5,173,178
https://kawalpemilu.org#4422,"SAMPO AJAD, JEUNIEB, BIREUEN, ACEH",3,12,155,167
https://kawalpemilu.org#4423,"DARUL AMAN, JEUNIEB, BIREUEN, ACEH",1,17,182,199
https://kawalpemilu.org#4424,"LHOK KULAM, JEUNIEB, BIREUEN, ACEH",2,20,142,162
https://kawalpemilu.org#4424,"LHOK KULAM, JEUNIEB, BIREUEN, ACEH",3,13,155,168
https://kawalpemilu.org#4425,"ULEE BLANG, JEUNIEB, BIREUEN, ACEH",1,0,122,122
https://kawalpemilu.org#4425,"ULEE BLANG, JEUNIEB, BIREUEN, ACEH",2,7,108,115
https://kawalpemilu.org#4426,"UTEUN PEUPALEH, JEUNIEB, BIREUEN, ACEH",1,1,129,130
https://kawalpemilu.org#4427,"ULEE GAJAH, JEUNIEB, BIREUEN, ACEH",1,0,134,134
https://kawalpemilu.org#4427,"ULEE GAJAH, JEUNIEB, BIREUEN, ACEH",2,5,135,140
https://kawalpemilu.org#4428,"ALUE SEUTUI, JEUNIEB, BIREUEN, ACEH",1,10,95,105
https://kawalpemilu.org#4429,"BLANG NEUBOK, JEUNIEB, BIREUEN, ACEH",1,1,152,153
https://kawalpemilu.org#4430,"MATANG BANGKA, JEUNIEB, BIREUEN, ACEH",2,9,147,156
https://kawalpemilu.org#4432,"MATANG NIBONG, JEUNIEB, BIREUEN, ACEH",1,14,175,189
https://kawalpemilu.org#4432,"MATANG NIBONG, JEUNIEB, BIREUEN, ACEH",2,12,157,169
https://kawalpemilu.org#4433,"BLANG ME BARAT, JEUNIEB, BIREUEN, ACEH",1,20,176,196
https://kawalpemilu.org#4433,"BLANG ME BARAT, JEUNIEB, BIREUEN, ACEH",2,12,168,180
https://kawalpemilu.org#4434,"KEUDE JEUNIEB, JEUNIEB, BIREUEN, ACEH",1,11,121,132
https://kawalpemilu.org#4435,"COT GEULUMPANG BAROH, JEUNIEB, BIREUEN, ACEH",1,3,138,141
https://kawalpemilu.org#4435,"COT GEULUMPANG BAROH, JEUNIEB, BIREUEN, ACEH",2,4,126,130
https://kawalpemilu.org#4436,"COT GEULUMPANG TUNONG, JEUNIEB, BIREUEN, ACEH",1,9,162,171
https://kawalpemilu.org#4437,"MEUNASAH KEUTAPANG, JEUNIEB, BIREUEN, ACEH",1,6,158,164
https://kawalpemilu.org#4437,"MEUNASAH KEUTAPANG, JEUNIEB, BIREUEN, ACEH",2,12,146,158
https://kawalpemilu.org#4438,"MEUNASAH DAYAH, JEUNIEB, BIREUEN, ACEH",1,7,144,151
https://kawalpemilu.org#4438,"MEUNASAH DAYAH, JEUNIEB, BIREUEN, ACEH",2,11,157,168
https://kawalpemilu.org#4439,"LHUE SIMPANG, JEUNIEB, BIREUEN, ACEH",1,6,192,198
https://kawalpemilu.org#4440,"LHUE BARAT, JEUNIEB, BIREUEN, ACEH",1,4,128,132
https://kawalpemilu.org#4441,"JEUMPA SIKURENG, JEUNIEB, BIREUEN, ACEH",1,11,208,219
https://kawalpemilu.org#4442,"JANGGOT SEUNGKO, JEUNIEB, BIREUEN, ACEH",1,13,211,224
https://kawalpemilu.org#4442,"JANGGOT SEUNGKO, JEUNIEB, BIREUEN, ACEH",2,9,162,171
https://kawalpemilu.org#4443,"MEUNASAH TAMBO, JEUNIEB, BIREUEN, ACEH",1,7,198,205
https://kawalpemilu.org#4444,"MEUNASAH KEUPULA, JEUNIEB, BIREUEN, ACEH",1,4,158,162
https://kawalpemilu.org#4444,"MEUNASAH KEUPULA, JEUNIEB, BIREUEN, ACEH",2,10,148,158
https://kawalpemilu.org#4445,"MEUNASAH TUNONG LUENG, JEUNIEB, BIREUEN, ACEH",1,12,129,141
https://kawalpemilu.org#4446,"MEUNASAH ALUE, JEUNIEB, BIREUEN, ACEH",1,6,171,177
https://kawalpemilu.org#4446,"MEUNASAH ALUE, JEUNIEB, BIREUEN, ACEH",2,8,126,134
https://kawalpemilu.org#4447,"BLANG POROH, JEUNIEB, BIREUEN, ACEH",1,13,196,209
https://kawalpemilu.org#4447,"BLANG POROH, JEUNIEB, BIREUEN, ACEH",2,15,182,197
https://kawalpemilu.org#4448,"MEUNASAH BLANG, JEUNIEB, BIREUEN, ACEH",1,7,274,281
https://kawalpemilu.org#4448,"MEUNASAH BLANG, JEUNIEB, BIREUEN, ACEH",2,12,254,266
https://kawalpemilu.org#4450,"DAYAH BLANG RALEU, JEUNIEB, BIREUEN, ACEH",1,23,224,247
https://kawalpemilu.org#4451,"ALUE LAMSABA, JEUNIEB, BIREUEN, ACEH",1,1,86,87
https://kawalpemilu.org#4452,"MEUNASAH KOTA, JEUNIEB, BIREUEN, ACEH",1,12,184,196
https://kawalpemilu.org#4453,"PAYA BILI, JEUNIEB, BIREUEN, ACEH",1,13,145,158
https://kawalpemilu.org#4455,"LAWANG, PEUDADA, BIREUEN, ACEH",1,5,134,139
https://kawalpemilu.org#4456,"MATANG REULEUT, PEUDADA, BIREUEN, ACEH",1,22,168,190
https://kawalpemilu.org#4456,"MATANG REULEUT, PEUDADA, BIREUEN, ACEH",2,14,178,192
https://kawalpemilu.org#4457,"MNS. KRUENG, PEUDADA, BIREUEN, ACEH",1,10,127,137
https://kawalpemilu.org#4457,"MNS. KRUENG, PEUDADA, BIREUEN, ACEH",2,7,133,140
https://kawalpemilu.org#4458,"COT KEUTAPANG, PEUDADA, BIREUEN, ACEH",1,16,159,175
https://kawalpemilu.org#4459,"MNS. RABO, PEUDADA, BIREUEN, ACEH",1,7,114,121
https://kawalpemilu.org#4459,"MNS. RABO, PEUDADA, BIREUEN, ACEH",2,19,106,125
https://kawalpemilu.org#4460,"MEUNASAH TAMBO, PEUDADA, BIREUEN, ACEH",1,11,115,126
https://kawalpemilu.org#4460,"MEUNASAH TAMBO, PEUDADA, BIREUEN, ACEH",2,9,139,148
https://kawalpemilu.org#4460,"MEUNASAH TAMBO, PEUDADA, BIREUEN, ACEH",3,10,123,133
https://kawalpemilu.org#4461,"MNS. BAROH, PEUDADA, BIREUEN, ACEH",1,19,181,200
https://kawalpemilu.org#4461,"MNS. BAROH, PEUDADA, BIREUEN, ACEH",2,22,196,218
https://kawalpemilu.org#4462,"PULO, PEUDADA, BIREUEN, ACEH",1,15,158,173
https://kawalpemilu.org#4462,"PULO, PEUDADA, BIREUEN, ACEH",2,9,123,132
https://kawalpemilu.org#4462,"PULO, PEUDADA, BIREUEN, ACEH",3,20,121,141
https://kawalpemilu.org#4462,"PULO, PEUDADA, BIREUEN, ACEH",4,8,157,165
https://kawalpemilu.org#4463,"MATANG PASI, PEUDADA, BIREUEN, ACEH",1,17,186,203
https://kawalpemilu.org#4463,"MATANG PASI, PEUDADA, BIREUEN, ACEH",3,15,171,186
https://kawalpemilu.org#4464,"BLANG KUBU, PEUDADA, BIREUEN, ACEH",1,19,153,172
https://kawalpemilu.org#4464,"BLANG KUBU, PEUDADA, BIREUEN, ACEH",2,9,148,157
https://kawalpemilu.org#4464,"BLANG KUBU, PEUDADA, BIREUEN, ACEH",3,7,173,180
https://kawalpemilu.org#4464,"BLANG KUBU, PEUDADA, BIREUEN, ACEH",4,14,125,139
https://kawalpemilu.org#4465,"MNS GAROT, PEUDADA, BIREUEN, ACEH",1,32,165,197
https://kawalpemilu.org#4465,"MNS GAROT, PEUDADA, BIREUEN, ACEH",2,33,168,201
https://kawalpemilu.org#4466,"ARA BUNGONG, PEUDADA, BIREUEN, ACEH",1,43,143,186
https://kawalpemilu.org#4466,"ARA BUNGONG, PEUDADA, BIREUEN, ACEH",2,19,136,155
https://kawalpemilu.org#4467,"JABET, PEUDADA, BIREUEN, ACEH",1,35,97,132
https://kawalpemilu.org#4468,"SAWANG, PEUDADA, BIREUEN, ACEH",1,28,167,195
https://kawalpemilu.org#4468,"SAWANG, PEUDADA, BIREUEN, ACEH",2,17,168,185
https://kawalpemilu.org#4469,"BLANG BEURURU, PEUDADA, BIREUEN, ACEH",1,26,117,143
https://kawalpemilu.org#4470,"HAGU, PEUDADA, BIREUEN, ACEH",1,14,115,129
https://kawalpemilu.org#4470,"HAGU, PEUDADA, BIREUEN, ACEH",2,14,108,122
https://kawalpemilu.org#4471,"BLANG RANGKULUH, PEUDADA, BIREUEN, ACEH",2,10,179,189
https://kawalpemilu.org#4472,"MEUNASAH BUNGO, PEUDADA, BIREUEN, ACEH",1,16,133,149
https://kawalpemilu.org#4472,"MEUNASAH BUNGO, PEUDADA, BIREUEN, ACEH",2,21,138,159
https://kawalpemilu.org#4473,"PAYA BEUNOT, PEUDADA, BIREUEN, ACEH",1,7,145,152
https://kawalpemilu.org#4474,"MNS. TUNONG, PEUDADA, BIREUEN, ACEH",2,9,174,183
https://kawalpemilu.org#4475,"MEUNASAH ALUE, PEUDADA, BIREUEN, ACEH",1,16,129,145
https://kawalpemilu.org#4475,"MEUNASAH ALUE, PEUDADA, BIREUEN, ACEH",2,14,150,164
https://kawalpemilu.org#4476,"MNS. CUT, PEUDADA, BIREUEN, ACEH",1,22,109,131
https://kawalpemilu.org#4476,"MNS. CUT, PEUDADA, BIREUEN, ACEH",2,8,122,130
https://kawalpemilu.org#4477,"MEUNASAH MESJID, PEUDADA, BIREUEN, ACEH",1,11,159,170
https://kawalpemilu.org#4478,"MNS. BLANG, PEUDADA, BIREUEN, ACEH",1,12,174,186
https://kawalpemilu.org#4479,"KUKUE, PEUDADA, BIREUEN, ACEH",1,5,129,134
https://kawalpemilu.org#4479,"KUKUE, PEUDADA, BIREUEN, ACEH",2,11,133,144
https://kawalpemilu.org#4480,"BLANG MATANG, PEUDADA, BIREUEN, ACEH",1,15,198,213
https://kawalpemilu.org#4481,"BLANG GLUMPANG, PEUDADA, BIREUEN, ACEH",1,18,181,199
https://kawalpemilu.org#4484,"SEUNEUBOK PAYA, PEUDADA, BIREUEN, ACEH",1,10,124,134
https://kawalpemilu.org#4484,"SEUNEUBOK PAYA, PEUDADA, BIREUEN, ACEH",2,5,130,135
https://kawalpemilu.org#4485,"PULO LAWANG, PEUDADA, BIREUEN, ACEH",1,13,223,236
https://kawalpemilu.org#4486,"KEUDE ALUE RHENG, PEUDADA, BIREUEN, ACEH",1,16,147,163
https://kawalpemilu.org#4487,"KARIENG, PEUDADA, BIREUEN, ACEH",1,19,160,179
https://kawalpemilu.org#4488,"PULO ARA, PEUDADA, BIREUEN, ACEH",1,15,138,153
https://kawalpemilu.org#4488,"PULO ARA, PEUDADA, BIREUEN, ACEH",2,9,141,150
https://kawalpemilu.org#4489,"COT LAOT, PEUDADA, BIREUEN, ACEH",1,6,62,68
https://kawalpemilu.org#4490,"ALUE SIJUEK, PEUDADA, BIREUEN, ACEH",1,8,118,126
https://kawalpemilu.org#4491,"BLANG BATI, PEUDADA, BIREUEN, ACEH",1,16,150,166
https://kawalpemilu.org#4492,"BUKET PAYA, PEUDADA, BIREUEN, ACEH",1,23,153,176
https://kawalpemilu.org#4493,"DAYAH MON ARA, PEUDADA, BIREUEN, ACEH",1,8,128,136
https://kawalpemilu.org#4493,"DAYAH MON ARA, PEUDADA, BIREUEN, ACEH",2,12,129,141
https://kawalpemilu.org#4494,"CALOK, PEUDADA, BIREUEN, ACEH",1,8,183,191
https://kawalpemilu.org#4495,"MEUNASAH TEUNGOH, PEUDADA, BIREUEN, ACEH",1,9,140,149
https://kawalpemilu.org#4495,"MEUNASAH TEUNGOH, PEUDADA, BIREUEN, ACEH",2,6,147,153
https://kawalpemilu.org#4496,"TANJONG SEULAMAT, PEUDADA, BIREUEN, ACEH",1,7,128,135
https://kawalpemilu.org#4496,"TANJONG SEULAMAT, PEUDADA, BIREUEN, ACEH",2,7,104,111
https://kawalpemilu.org#4497,"COT KRUET, PEUDADA, BIREUEN, ACEH",2,11,153,164
https://kawalpemilu.org#4498,"JABA, PEUDADA, BIREUEN, ACEH",1,15,95,110
https://kawalpemilu.org#4498,"JABA, PEUDADA, BIREUEN, ACEH",2,11,112,123
https://kawalpemilu.org#4501,"NEUBOK NALEUNG, PEUDADA, BIREUEN, ACEH",2,29,92,121
https://kawalpemilu.org#4502,"MULIA, PEUDADA, BIREUEN, ACEH",1,21,126,147
https://kawalpemilu.org#4504,"PAYA TIMU, PEUDADA, BIREUEN, ACEH",1,15,170,185
https://kawalpemilu.org#4504,"PAYA TIMU, PEUDADA, BIREUEN, ACEH",2,12,160,172
https://kawalpemilu.org#4505,"TGK. DI BATHON, PEUDADA, BIREUEN, ACEH",1,5,62,67
https://kawalpemilu.org#4506,"ALUE GANDAI, PEUDADA, BIREUEN, ACEH",1,14,126,140
https://kawalpemilu.org#4508,"GEULUMPANG PAYONG, JEUMPA, BIREUEN, ACEH",2,19,133,152
https://kawalpemilu.org#4508,"GEULUMPANG PAYONG, JEUMPA, BIREUEN, ACEH",3,20,165,185
https://kawalpemilu.org#4508,"GEULUMPANG PAYONG, JEUMPA, BIREUEN, ACEH",5,14,141,155
https://kawalpemilu.org#4508,"GEULUMPANG PAYONG, JEUMPA, BIREUEN, ACEH",6,11,170,181
https://kawalpemilu.org#4509,"BLANG SEUNONG, JEUMPA, BIREUEN, ACEH",1,16,133,149
https://kawalpemilu.org#4509,"BLANG SEUNONG, JEUMPA, BIREUEN, ACEH",2,20,136,156
https://kawalpemilu.org#4510,"COT LEUSONG, JEUMPA, BIREUEN, ACEH",1,9,114,123
https://kawalpemilu.org#4511,"BATEE TIMOH, JEUMPA, BIREUEN, ACEH",1,7,142,149
https://kawalpemilu.org#4511,"BATEE TIMOH, JEUMPA, BIREUEN, ACEH",3,7,158,165
https://kawalpemilu.org#4512,"LIPAH RAYEUK, JEUMPA, BIREUEN, ACEH",1,19,162,181
https://kawalpemilu.org#4512,"LIPAH RAYEUK, JEUMPA, BIREUEN, ACEH",2,9,187,196
https://kawalpemilu.org#4512,"LIPAH RAYEUK, JEUMPA, BIREUEN, ACEH",3,11,186,197
https://kawalpemilu.org#4512,"LIPAH RAYEUK, JEUMPA, BIREUEN, ACEH",4,9,171,180
https://kawalpemilu.org#4513,"COT GEUREUNDONG, JEUMPA, BIREUEN, ACEH",1,10,209,219
https://kawalpemilu.org#4514,"LIPAH CUT, JEUMPA, BIREUEN, ACEH",1,15,149,164
https://kawalpemilu.org#4514,"LIPAH CUT, JEUMPA, BIREUEN, ACEH",2,7,138,145
https://kawalpemilu.org#4514,"LIPAH CUT, JEUMPA, BIREUEN, ACEH",3,13,137,150
https://kawalpemilu.org#4515,"BEURAWANG, JEUMPA, BIREUEN, ACEH",1,10,169,179
https://kawalpemilu.org#4515,"BEURAWANG, JEUMPA, BIREUEN, ACEH",2,10,158,168
https://kawalpemilu.org#4516,"GEUDONG TAMPU, JEUMPA, BIREUEN, ACEH",1,18,176,194
https://kawalpemilu.org#4516,"GEUDONG TAMPU, JEUMPA, BIREUEN, ACEH",2,18,181,199
https://kawalpemilu.org#4517,"COT TAROM BAROH, JEUMPA, BIREUEN, ACEH",2,8,193,201
https://kawalpemilu.org#4517,"COT TAROM BAROH, JEUMPA, BIREUEN, ACEH",3,12,181,193
https://kawalpemilu.org#4518,"BLANG COT BAROH, JEUMPA, BIREUEN, ACEH",1,12,148,160
https://kawalpemilu.org#4518,"BLANG COT BAROH, JEUMPA, BIREUEN, ACEH",2,10,154,164
https://kawalpemilu.org#4518,"BLANG COT BAROH, JEUMPA, BIREUEN, ACEH",3,6,146,152
https://kawalpemilu.org#4519,"BLANG COT TUNONG, JEUMPA, BIREUEN, ACEH",1,4,181,185
https://kawalpemilu.org#4519,"BLANG COT TUNONG, JEUMPA, BIREUEN, ACEH",2,2,182,184
https://kawalpemilu.org#4519,"BLANG COT TUNONG, JEUMPA, BIREUEN, ACEH",3,13,186,199
https://kawalpemilu.org#4520,"SEULEUMBAH, JEUMPA, BIREUEN, ACEH",1,5,150,155
https://kawalpemilu.org#4521,"COT KEUTAPANG, JEUMPA, BIREUEN, ACEH",1,7,209,216
https://kawalpemilu.org#4521,"COT KEUTAPANG, JEUMPA, BIREUEN, ACEH",2,10,194,204
https://kawalpemilu.org#4521,"COT KEUTAPANG, JEUMPA, BIREUEN, ACEH",3,11,185,196
https://kawalpemilu.org#4521,"COT KEUTAPANG, JEUMPA, BIREUEN, ACEH",4,3,202,205
https://kawalpemilu.org#4522,"COT TAROM TUNONG, JEUMPA, BIREUEN, ACEH",1,13,163,176
https://kawalpemilu.org#4522,"COT TAROM TUNONG, JEUMPA, BIREUEN, ACEH",2,9,176,185
https://kawalpemilu.org#4522,"COT TAROM TUNONG, JEUMPA, BIREUEN, ACEH",3,23,163,186
https://kawalpemilu.org#4522,"COT TAROM TUNONG, JEUMPA, BIREUEN, ACEH",4,13,163,176
https://kawalpemilu.org#4523,"BLANG BLADEH, JEUMPA, BIREUEN, ACEH",1,8,171,179
https://kawalpemilu.org#4523,"BLANG BLADEH, JEUMPA, BIREUEN, ACEH",2,5,175,180
https://kawalpemilu.org#4523,"BLANG BLADEH, JEUMPA, BIREUEN, ACEH",3,11,173,184
https://kawalpemilu.org#4523,"BLANG BLADEH, JEUMPA, BIREUEN, ACEH",4,3,162,165
https://kawalpemilu.org#4523,"BLANG BLADEH, JEUMPA, BIREUEN, ACEH",6,4,119,123
https://kawalpemilu.org#4524,"MON JAMBEE, JEUMPA, BIREUEN, ACEH",1,7,154,161
https://kawalpemilu.org#4524,"MON JAMBEE, JEUMPA, BIREUEN, ACEH",2,10,159,169
https://kawalpemilu.org#4524,"MON JAMBEE, JEUMPA, BIREUEN, ACEH",3,8,150,158
https://kawalpemilu.org#4525,"BLANG DALAM, JEUMPA, BIREUEN, ACEH",1,11,183,194
https://kawalpemilu.org#4526,"KUALA JEUMPA, JEUMPA, BIREUEN, ACEH",2,15,152,167
https://kawalpemilu.org#4526,"KUALA JEUMPA, JEUMPA, BIREUEN, ACEH",3,17,139,156
https://kawalpemilu.org#4526,"KUALA JEUMPA, JEUMPA, BIREUEN, ACEH",4,10,178,188
https://kawalpemilu.org#4527,"COT GADONG, JEUMPA, BIREUEN, ACEH",1,11,138,149
https://kawalpemilu.org#4527,"COT GADONG, JEUMPA, BIREUEN, ACEH",2,10,130,140
https://kawalpemilu.org#4528,"COT BADA, JEUMPA, BIREUEN, ACEH",1,14,152,166
https://kawalpemilu.org#4528,"COT BADA, JEUMPA, BIREUEN, ACEH",2,16,144,160
https://kawalpemilu.org#4529,"TEUPOK BAROH, JEUMPA, BIREUEN, ACEH",1,13,171,184
https://kawalpemilu.org#4529,"TEUPOK BAROH, JEUMPA, BIREUEN, ACEH",2,5,186,191
https://kawalpemilu.org#4529,"TEUPOK BAROH, JEUMPA, BIREUEN, ACEH",3,11,193,204
https://kawalpemilu.org#4530,"TEUPOK TUNONG, JEUMPA, BIREUEN, ACEH",1,16,146,162
https://kawalpemilu.org#4530,"TEUPOK TUNONG, JEUMPA, BIREUEN, ACEH",3,14,139,153
https://kawalpemilu.org#4531,"PULO LAWANG, JEUMPA, BIREUEN, ACEH",1,15,139,154
https://kawalpemilu.org#4531,"PULO LAWANG, JEUMPA, BIREUEN, ACEH",2,14,141,155
https://kawalpemilu.org#4532,"ABEUK USONG, JEUMPA, BIREUEN, ACEH",1,9,149,158
https://kawalpemilu.org#4532,"ABEUK USONG, JEUMPA, BIREUEN, ACEH",2,17,113,130
https://kawalpemilu.org#4532,"ABEUK USONG, JEUMPA, BIREUEN, ACEH",3,13,140,153
https://kawalpemilu.org#4533,"PALOH SEULIMENG, JEUMPA, BIREUEN, ACEH",1,7,165,172
https://kawalpemilu.org#4533,"PALOH SEULIMENG, JEUMPA, BIREUEN, ACEH",2,10,150,160
https://kawalpemilu.org#4534,"ABEUK TINGKEUM, JEUMPA, BIREUEN, ACEH",2,1,114,115
https://kawalpemilu.org#4535,"BLANG ME, JEUMPA, BIREUEN, ACEH",1,10,97,107
https://kawalpemilu.org#4536,"BLANG SEUPEUNG, JEUMPA, BIREUEN, ACEH",3,30,105,135
https://kawalpemilu.org#4537,"BLANG GANDAI, JEUMPA, BIREUEN, ACEH",3,10,169,179
https://kawalpemilu.org#4538,"COT ULIM, JEUMPA, BIREUEN, ACEH",1,7,141,148
https://kawalpemilu.org#4538,"COT ULIM, JEUMPA, BIREUEN, ACEH",2,11,139,150
https://kawalpemilu.org#4539,"COT IBOEH, JEUMPA, BIREUEN, ACEH",1,19,167,186
https://kawalpemilu.org#4540,"BLANG RHEUM, JEUMPA, BIREUEN, ACEH",1,18,124,142
https://kawalpemilu.org#4540,"BLANG RHEUM, JEUMPA, BIREUEN, ACEH",2,20,126,146
https://kawalpemilu.org#4540,"BLANG RHEUM, JEUMPA, BIREUEN, ACEH",3,18,119,137
https://kawalpemilu.org#4541,"PALOH PANYANG, JEUMPA, BIREUEN, ACEH",1,57,138,195
https://kawalpemilu.org#4542,"SEUNEUBOK LHONG, JEUMPA, BIREUEN, ACEH",2,10,174,184
https://kawalpemilu.org#4543,"SALAH SIRONG JAYA, JEUMPA, BIREUEN, ACEH",2,10,216,226
https://kawalpemilu.org#4544,"MON MANE, JEUMPA, BIREUEN, ACEH",1,7,134,141
https://kawalpemilu.org#4545,"ALUE LIMENG, JEUMPA, BIREUEN, ACEH",1,7,131,138
https://kawalpemilu.org#4546,"COT IBOEH TIMU, JEUMPA, BIREUEN, ACEH",1,17,161,178
https://kawalpemilu.org#4547,"LHAKSAMANA, JEUMPA, BIREUEN, ACEH",1,15,147,162
https://kawalpemilu.org#4548,"KUTA MEULIGOE, JEUMPA, BIREUEN, ACEH",1,10,158,168
https://kawalpemilu.org#4553,"MT GLP 2 MNS TIMU, PEUSANGAN, BIREUEN, ACEH",1,17,145,162
https://kawalpemilu.org#4553,"MT GLP 2 MNS TIMU, PEUSANGAN, BIREUEN, ACEH",2,9,151,160
https://kawalpemilu.org#4553,"MT GLP 2 MNS TIMU, PEUSANGAN, BIREUEN, ACEH",3,19,190,209
https://kawalpemilu.org#4553,"MT GLP 2 MNS TIMU, PEUSANGAN, BIREUEN, ACEH",4,12,181,193
https://kawalpemilu.org#4553,"MT GLP 2 MNS TIMU, PEUSANGAN, BIREUEN, ACEH",5,17,147,164
https://kawalpemilu.org#4554,"PANTE GAJAH, PEUSANGAN, BIREUEN, ACEH",1,13,168,181
https://kawalpemilu.org#4554,"PANTE GAJAH, PEUSANGAN, BIREUEN, ACEH",2,5,181,186
https://kawalpemilu.org#4554,"PANTE GAJAH, PEUSANGAN, BIREUEN, ACEH",5,14,167,181
https://kawalpemilu.org#4554,"PANTE GAJAH, PEUSANGAN, BIREUEN, ACEH",7,11,178,189
https://kawalpemilu.org#4554,"PANTE GAJAH, PEUSANGAN, BIREUEN, ACEH",8,3,176,179
https://kawalpemilu.org#4555,"BLANG ASAN, PEUSANGAN, BIREUEN, ACEH",1,9,149,158
https://kawalpemilu.org#4555,"BLANG ASAN, PEUSANGAN, BIREUEN, ACEH",2,16,147,163
https://kawalpemilu.org#4556,"PAYA CUT, PEUSANGAN, BIREUEN, ACEH",1,16,150,166
https://kawalpemilu.org#4556,"PAYA CUT, PEUSANGAN, BIREUEN, ACEH",2,16,149,165
https://kawalpemilu.org#4556,"PAYA CUT, PEUSANGAN, BIREUEN, ACEH",4,15,168,183
https://kawalpemilu.org#4556,"PAYA CUT, PEUSANGAN, BIREUEN, ACEH",5,17,180,197
https://kawalpemilu.org#4557,"SEUNEUBOK ACEH, PEUSANGAN, BIREUEN, ACEH",1,6,176,182
https://kawalpemilu.org#4557,"SEUNEUBOK ACEH, PEUSANGAN, BIREUEN, ACEH",2,11,169,180
https://kawalpemilu.org#4557,"SEUNEUBOK ACEH, PEUSANGAN, BIREUEN, ACEH",3,10,160,170
https://kawalpemilu.org#4558,"PANTON GEULIMA, PEUSANGAN, BIREUEN, ACEH",1,6,184,190
https://kawalpemilu.org#4559,"NEUHEUN, PEUSANGAN, BIREUEN, ACEH",1,17,189,206
https://kawalpemilu.org#4559,"NEUHEUN, PEUSANGAN, BIREUEN, ACEH",2,15,191,206
https://kawalpemilu.org#4560,"MATANG SAGOE, PEUSANGAN, BIREUEN, ACEH",1,15,199,214
https://kawalpemilu.org#4560,"MATANG SAGOE, PEUSANGAN, BIREUEN, ACEH",2,7,206,213
https://kawalpemilu.org#4560,"MATANG SAGOE, PEUSANGAN, BIREUEN, ACEH",3,7,208,215
https://kawalpemilu.org#4560,"MATANG SAGOE, PEUSANGAN, BIREUEN, ACEH",4,10,209,219
https://kawalpemilu.org#4560,"MATANG SAGOE, PEUSANGAN, BIREUEN, ACEH",5,15,198,213
https://kawalpemilu.org#4560,"MATANG SAGOE, PEUSANGAN, BIREUEN, ACEH",6,19,191,210
https://kawalpemilu.org#4561,"MATANG MESJID, PEUSANGAN, BIREUEN, ACEH",1,6,175,181
https://kawalpemilu.org#4561,"MATANG MESJID, PEUSANGAN, BIREUEN, ACEH",2,5,195,200
https://kawalpemilu.org#4561,"MATANG MESJID, PEUSANGAN, BIREUEN, ACEH",3,5,184,189
https://kawalpemilu.org#4562,"MATANG COT PASEH, PEUSANGAN, BIREUEN, ACEH",1,8,146,154
https://kawalpemilu.org#4562,"MATANG COT PASEH, PEUSANGAN, BIREUEN, ACEH",2,12,126,138
https://kawalpemilu.org#4563,"COT PANJOE, PEUSANGAN, BIREUEN, ACEH",2,12,148,160
https://kawalpemilu.org#4564,"PAYA LIPAH, PEUSANGAN, BIREUEN, ACEH",1,13,193,206
https://kawalpemilu.org#4565,"PAYA MEUNENG, PEUSANGAN, BIREUEN, ACEH",2,20,208,228
https://kawalpemilu.org#4566,"KEUDE TANJONG, PEUSANGAN, BIREUEN, ACEH",1,9,139,148
https://kawalpemilu.org#4567,"TANJONG PAYA, PEUSANGAN, BIREUEN, ACEH",1,7,214,221
https://kawalpemilu.org#4567,"TANJONG PAYA, PEUSANGAN, BIREUEN, ACEH",2,3,207,210
https://kawalpemilu.org#4568,"TANJONG NIE, PEUSANGAN, BIREUEN, ACEH",1,8,185,193
https://kawalpemilu.org#4569,"TANJONG MESJID, PEUSANGAN, BIREUEN, ACEH",1,9,153,162
https://kawalpemilu.org#4570,"PANTE CUT, PEUSANGAN, BIREUEN, ACEH",1,12,183,195
https://kawalpemilu.org#4571,"BLANG CUT, PEUSANGAN, BIREUEN, ACEH",1,10,200,210
https://kawalpemilu.org#4572,"PANTE PISANG, PEUSANGAN, BIREUEN, ACEH",1,13,151,164
https://kawalpemilu.org#4572,"PANTE PISANG, PEUSANGAN, BIREUEN, ACEH",2,4,142,146
https://kawalpemilu.org#4572,"PANTE PISANG, PEUSANGAN, BIREUEN, ACEH",3,10,154,164
https://kawalpemilu.org#4573,"PANTE PIYEU, PEUSANGAN, BIREUEN, ACEH",1,13,196,209
https://kawalpemilu.org#4573,"PANTE PIYEU, PEUSANGAN, BIREUEN, ACEH",2,11,184,195
https://kawalpemilu.org#4573,"PANTE PIYEU, PEUSANGAN, BIREUEN, ACEH",3,16,181,197
https://kawalpemilu.org#4574,"MEUNASAH NIBONG, PEUSANGAN, BIREUEN, ACEH",1,6,116,122
https://kawalpemilu.org#4574,"MEUNASAH NIBONG, PEUSANGAN, BIREUEN, ACEH",2,3,126,129
https://kawalpemilu.org#4575,"KRUENG BARO BABAH KRUENG, PEUSANGAN, BIREUEN, ACEH",1,10,195,205
https://kawalpemilu.org#4576,"KRUENG BARO MESJID, PEUSANGAN, BIREUEN, ACEH",1,5,141,146
https://kawalpemilu.org#4576,"KRUENG BARO MESJID, PEUSANGAN, BIREUEN, ACEH",2,3,147,150
https://kawalpemilu.org#4577,"BAYU, PEUSANGAN, BIREUEN, ACEH",1,7,114,121
https://kawalpemilu.org#4577,"BAYU, PEUSANGAN, BIREUEN, ACEH",2,3,112,115
https://kawalpemilu.org#4579,"MEUNASAH MEUCAP, PEUSANGAN, BIREUEN, ACEH",1,5,130,135
https://kawalpemilu.org#4579,"MEUNASAH MEUCAP, PEUSANGAN, BIREUEN, ACEH",2,8,117,125
https://kawalpemilu.org#4580,"PANTE ARA, PEUSANGAN, BIREUEN, ACEH",1,21,190,211
https://kawalpemilu.org#4581,"GAMPONG RAYA DAGANG, PEUSANGAN, BIREUEN, ACEH",2,25,177,202
https://kawalpemilu.org#4581,"GAMPONG RAYA DAGANG, PEUSANGAN, BIREUEN, ACEH",3,11,212,223
https://kawalpemilu.org#4581,"GAMPONG RAYA DAGANG, PEUSANGAN, BIREUEN, ACEH",4,17,199,216
https://kawalpemilu.org#4582,"GAMPONG RAYA TAMBO, PEUSANGAN, BIREUEN, ACEH",1,9,170,179
https://kawalpemilu.org#4582,"GAMPONG RAYA TAMBO, PEUSANGAN, BIREUEN, ACEH",2,9,167,176
https://kawalpemilu.org#4583,"KAPA, PEUSANGAN, BIREUEN, ACEH",1,9,207,216
https://kawalpemilu.org#4584,"BLANG PANJOE, PEUSANGAN, BIREUEN, ACEH",1,8,155,163
https://kawalpemilu.org#4584,"BLANG PANJOE, PEUSANGAN, BIREUEN, ACEH",2,16,122,138
https://kawalpemilu.org#4585,"PANTEE LHONG, PEUSANGAN, BIREUEN, ACEH",1,13,188,201
https://kawalpemilu.org#4585,"PANTEE LHONG, PEUSANGAN, BIREUEN, ACEH",2,8,187,195
https://kawalpemilu.org#4585,"PANTEE LHONG, PEUSANGAN, BIREUEN, ACEH",3,5,197,202
https://kawalpemilu.org#4586,"ASAN BIDEUN, PEUSANGAN, BIREUEN, ACEH",1,4,118,122
https://kawalpemilu.org#4586,"ASAN BIDEUN, PEUSANGAN, BIREUEN, ACEH",2,3,126,129
https://kawalpemilu.org#4587,"PULO PISANG, PEUSANGAN, BIREUEN, ACEH",1,7,106,113
https://kawalpemilu.org#4587,"PULO PISANG, PEUSANGAN, BIREUEN, ACEH",2,5,103,108
https://kawalpemilu.org#4588,"COT RABO BAROH, PEUSANGAN, BIREUEN, ACEH",1,8,169,177
https://kawalpemilu.org#4589,"COT RABO TUNONG, PEUSANGAN, BIREUEN, ACEH",2,9,173,182
https://kawalpemilu.org#4590,"COT NGA, PEUSANGAN, BIREUEN, ACEH",1,17,156,173
https://kawalpemilu.org#4590,"COT NGA, PEUSANGAN, BIREUEN, ACEH",2,3,154,157
https://kawalpemilu.org#4590,"COT NGA, PEUSANGAN, BIREUEN, ACEH",3,9,160,169
https://kawalpemilu.org#4591,"PULO NALEUNG, PEUSANGAN, BIREUEN, ACEH",1,12,159,171
https://kawalpemilu.org#4591,"PULO NALEUNG, PEUSANGAN, BIREUEN, ACEH",2,13,139,152
https://kawalpemilu.org#4591,"PULO NALEUNG, PEUSANGAN, BIREUEN, ACEH",4,9,157,166
https://kawalpemilu.org#4592,"MATA MAMPLAM, PEUSANGAN, BIREUEN, ACEH",1,14,190,204
https://kawalpemilu.org#4592,"MATA MAMPLAM, PEUSANGAN, BIREUEN, ACEH",2,2,190,192
https://kawalpemilu.org#4592,"MATA MAMPLAM, PEUSANGAN, BIREUEN, ACEH",3,5,194,199
https://kawalpemilu.org#4593,"ALUE GLUMPANG, PEUSANGAN, BIREUEN, ACEH",1,3,166,169
https://kawalpemilu.org#4594,"KARIENG, PEUSANGAN, BIREUEN, ACEH",2,11,130,141
https://kawalpemilu.org#4595,"KRUENG DHEU, PEUSANGAN, BIREUEN, ACEH",1,17,148,165
https://kawalpemilu.org#4597,"COT BUKET, PEUSANGAN, BIREUEN, ACEH",1,31,179,210
https://kawalpemilu.org#4597,"COT BUKET, PEUSANGAN, BIREUEN, ACEH",3,5,209,214
https://kawalpemilu.org#4598,"NICAH, PEUSANGAN, BIREUEN, ACEH",1,10,160,170
https://kawalpemilu.org#4598,"NICAH, PEUSANGAN, BIREUEN, ACEH",2,2,163,165
https://kawalpemilu.org#4599,"COT KEURANJI, PEUSANGAN, BIREUEN, ACEH",1,12,218,230
https://kawalpemilu.org#4600,"PALOH, PEUSANGAN, BIREUEN, ACEH",1,26,168,194
https://kawalpemilu.org#4601,"GAMPONG BARO, PEUSANGAN, BIREUEN, ACEH",2,2,121,123
https://kawalpemilu.org#4602,"COT BADA TUNONG, PEUSANGAN, BIREUEN, ACEH",1,9,177,186
https://kawalpemilu.org#4602,"COT BADA TUNONG, PEUSANGAN, BIREUEN, ACEH",2,9,189,198
https://kawalpemilu.org#4602,"COT BADA TUNONG, PEUSANGAN, BIREUEN, ACEH",3,8,167,175
https://kawalpemilu.org#4603,"COT BADA BAROH, PEUSANGAN, BIREUEN, ACEH",1,16,184,200
https://kawalpemilu.org#4603,"COT BADA BAROH, PEUSANGAN, BIREUEN, ACEH",2,15,183,198
https://kawalpemilu.org#4604,"COT GIREK, PEUSANGAN, BIREUEN, ACEH",1,7,174,181
https://kawalpemilu.org#4604,"COT GIREK, PEUSANGAN, BIREUEN, ACEH",2,12,155,167
https://kawalpemilu.org#4605,"COT KEUMUDE, PEUSANGAN, BIREUEN, ACEH",1,2,125,127
https://kawalpemilu.org#4605,"COT KEUMUDE, PEUSANGAN, BIREUEN, ACEH",2,10,122,132
https://kawalpemilu.org#4606,"SAGOE, PEUSANGAN, BIREUEN, ACEH",1,17,148,165
https://kawalpemilu.org#4606,"SAGOE, PEUSANGAN, BIREUEN, ACEH",2,8,95,103
https://kawalpemilu.org#4606,"SAGOE, PEUSANGAN, BIREUEN, ACEH",3,14,125,139
https://kawalpemilu.org#4608,"COT BADA BARAT, PEUSANGAN, BIREUEN, ACEH",1,15,186,201
https://kawalpemilu.org#4608,"COT BADA BARAT, PEUSANGAN, BIREUEN, ACEH",2,15,186,201
https://kawalpemilu.org#4608,"COT BADA BARAT, PEUSANGAN, BIREUEN, ACEH",3,5,180,185
https://kawalpemilu.org#4609,"TANOH MIRAH, PEUSANGAN, BIREUEN, ACEH",1,16,146,162
https://kawalpemilu.org#4609,"TANOH MIRAH, PEUSANGAN, BIREUEN, ACEH",2,4,156,160
https://kawalpemilu.org#4609,"TANOH MIRAH, PEUSANGAN, BIREUEN, ACEH",3,6,152,158
https://kawalpemilu.org#4610,"SEUNEUBOK RAWA, PEUSANGAN, BIREUEN, ACEH",1,6,130,136
https://kawalpemilu.org#4610,"SEUNEUBOK RAWA, PEUSANGAN, BIREUEN, ACEH",2,9,131,140
https://kawalpemilu.org#4611,"PAYA ABOE, PEUSANGAN, BIREUEN, ACEH",1,10,174,184
https://kawalpemilu.org#4612,"BLANG RAMBONG, PEUSANGAN, BIREUEN, ACEH",1,14,176,190
https://kawalpemilu.org#4612,"BLANG RAMBONG, PEUSANGAN, BIREUEN, ACEH",2,15,180,195
https://kawalpemilu.org#4613,"BLANG GEULANGGANG, PEUSANGAN, BIREUEN, ACEH",1,8,160,168
https://kawalpemilu.org#4613,"BLANG GEULANGGANG, PEUSANGAN, BIREUEN, ACEH",2,10,142,152
https://kawalpemilu.org#4614,"PAYA REUHAT, PEUSANGAN, BIREUEN, ACEH",1,8,189,197
https://kawalpemilu.org#4615,"UTEUN BUNTA, PEUSANGAN, BIREUEN, ACEH",2,11,170,181
https://kawalpemilu.org#4617,"ALUE PEUNO, PEUSANGAN, BIREUEN, ACEH",1,6,151,157
https://kawalpemilu.org#4617,"ALUE PEUNO, PEUSANGAN, BIREUEN, ACEH",2,8,130,138
https://kawalpemilu.org#4618,"PULO UE BAROE, PEUSANGAN, BIREUEN, ACEH",1,2,119,121
https://kawalpemilu.org#4619,"BLANG DALAM, PEUSANGAN, BIREUEN, ACEH",1,6,126,132
https://kawalpemilu.org#4619,"BLANG DALAM, PEUSANGAN, BIREUEN, ACEH",2,3,96,99
https://kawalpemilu.org#84158,"KEUDE MTG GLP DUA, PEUSANGAN, BIREUEN, ACEH",1,14,170,184
https://kawalpemilu.org#84158,"KEUDE MTG GLP DUA, PEUSANGAN, BIREUEN, ACEH",2,16,165,181
https://kawalpemilu.org#84158,"KEUDE MTG GLP DUA, PEUSANGAN, BIREUEN, ACEH",3,27,144,171
https://kawalpemilu.org#84158,"KEUDE MTG GLP DUA, PEUSANGAN, BIREUEN, ACEH",4,19,171,190
https://kawalpemilu.org#930159,"MEUNASAH DAYAH, PEUSANGAN, BIREUEN, ACEH",2,7,195,202
https://kawalpemilu.org#930159,"MEUNASAH DAYAH, PEUSANGAN, BIREUEN, ACEH",3,22,183,205
https://kawalpemilu.org#930159,"MEUNASAH DAYAH, PEUSANGAN, BIREUEN, ACEH",4,7,199,206
https://kawalpemilu.org#930159,"MEUNASAH DAYAH, PEUSANGAN, BIREUEN, ACEH",5,15,204,219
https://kawalpemilu.org#930160,"ALUE UDEUNG, PEUSANGAN, BIREUEN, ACEH",1,9,152,161
https://kawalpemilu.org#930160,"ALUE UDEUNG, PEUSANGAN, BIREUEN, ACEH",2,12,135,147
https://kawalpemilu.org#4621,"LEUBU ME, MAKMUR, BIREUEN, ACEH",1,18,192,210
https://kawalpemilu.org#4622,"PAYA DUA, MAKMUR, BIREUEN, ACEH",1,16,173,189
https://kawalpemilu.org#4623,"LEUBU COT, MAKMUR, BIREUEN, ACEH",1,6,143,149
https://kawalpemilu.org#4623,"LEUBU COT, MAKMUR, BIREUEN, ACEH",2,10,149,159
https://kawalpemilu.org#4624,"LEUBU MESJID, MAKMUR, BIREUEN, ACEH",1,6,152,158
https://kawalpemilu.org#4624,"LEUBU MESJID, MAKMUR, BIREUEN, ACEH",2,4,161,165
https://kawalpemilu.org#4624,"LEUBU MESJID, MAKMUR, BIREUEN, ACEH",3,2,183,185
https://kawalpemilu.org#4625,"KUTA BARAT, MAKMUR, BIREUEN, ACEH",1,12,171,183
https://kawalpemilu.org#4625,"KUTA BARAT, MAKMUR, BIREUEN, ACEH",2,8,168,176
https://kawalpemilu.org#4626,"TRIENGGADENG, MAKMUR, BIREUEN, ACEH",1,16,167,183
https://kawalpemilu.org#4626,"TRIENGGADENG, MAKMUR, BIREUEN, ACEH",2,4,187,191
https://kawalpemilu.org#4627,"COT KRUET, MAKMUR, BIREUEN, ACEH",1,13,184,197
https://kawalpemilu.org#4627,"COT KRUET, MAKMUR, BIREUEN, ACEH",2,12,181,193
https://kawalpemilu.org#4628,"BLANG KUTHANG, MAKMUR, BIREUEN, ACEH",1,3,145,148
https://kawalpemilu.org#4628,"BLANG KUTHANG, MAKMUR, BIREUEN, ACEH",2,6,149,155
https://kawalpemilu.org#4629,"BUKET SEULAMAT, MAKMUR, BIREUEN, ACEH",1,2,108,110
https://kawalpemilu.org#4630,"LAPEHAN MESJID, MAKMUR, BIREUEN, ACEH",1,12,157,169
https://kawalpemilu.org#4630,"LAPEHAN MESJID, MAKMUR, BIREUEN, ACEH",2,27,111,138
https://kawalpemilu.org#4630,"LAPEHAN MESJID, MAKMUR, BIREUEN, ACEH",3,19,152,171
https://kawalpemilu.org#4631,"ULEE GLEE, MAKMUR, BIREUEN, ACEH",1,10,169,179
https://kawalpemilu.org#4631,"ULEE GLEE, MAKMUR, BIREUEN, ACEH",2,18,158,176
https://kawalpemilu.org#4631,"ULEE GLEE, MAKMUR, BIREUEN, ACEH",3,8,164,172
https://kawalpemilu.org#4632,"MON ARA, MAKMUR, BIREUEN, ACEH",1,14,189,203
https://kawalpemilu.org#4633,"PANDAK, MAKMUR, BIREUEN, ACEH",1,9,150,159
https://kawalpemilu.org#4634,"BLANG DALAM, MAKMUR, BIREUEN, ACEH",1,16,128,144
https://kawalpemilu.org#4634,"BLANG DALAM, MAKMUR, BIREUEN, ACEH",2,18,109,127
https://kawalpemilu.org#4635,"ALUE DUA, MAKMUR, BIREUEN, ACEH",1,12,163,175
https://kawalpemilu.org#4635,"ALUE DUA, MAKMUR, BIREUEN, ACEH",2,14,162,176
https://kawalpemilu.org#4636,"SEUNEUBOK BARO, MAKMUR, BIREUEN, ACEH",1,13,171,184
https://kawalpemilu.org#4637,"PANTE BREUH, MAKMUR, BIREUEN, ACEH",1,27,56,83
https://kawalpemilu.org#4638,"TANJONG MULIA, MAKMUR, BIREUEN, ACEH",1,8,192,200
https://kawalpemilu.org#4639,"BLANG MANE, MAKMUR, BIREUEN, ACEH",1,27,204,231
https://kawalpemilu.org#4640,"MEUREUBO, MAKMUR, BIREUEN, ACEH",1,12,197,209
https://kawalpemilu.org#4640,"MEUREUBO, MAKMUR, BIREUEN, ACEH",2,19,199,218
https://kawalpemilu.org#4641,"BLANG PERLAK, MAKMUR, BIREUEN, ACEH",1,2,147,149
https://kawalpemilu.org#4641,"BLANG PERLAK, MAKMUR, BIREUEN, ACEH",2,0,149,149
https://kawalpemilu.org#4642,"PANTON MESJID, MAKMUR, BIREUEN, ACEH",1,4,160,164
https://kawalpemilu.org#4642,"PANTON MESJID, MAKMUR, BIREUEN, ACEH",2,12,157,169
https://kawalpemilu.org#4643,"SUKARAME, MAKMUR, BIREUEN, ACEH",1,5,141,146
https://kawalpemilu.org#4643,"SUKARAME, MAKMUR, BIREUEN, ACEH",2,8,130,138
https://kawalpemilu.org#4643,"SUKARAME, MAKMUR, BIREUEN, ACEH",3,4,150,154
https://kawalpemilu.org#4644,"MATANG KUMBANG, MAKMUR, BIREUEN, ACEH",1,8,164,172
https://kawalpemilu.org#4644,"MATANG KUMBANG, MAKMUR, BIREUEN, ACEH",2,13,180,193
https://kawalpemilu.org#4646,"BATEE DABAI, MAKMUR, BIREUEN, ACEH",1,23,128,151
https://kawalpemilu.org#4646,"BATEE DABAI, MAKMUR, BIREUEN, ACEH",2,22,122,144
https://kawalpemilu.org#4647,"ARA LIPEH, MAKMUR, BIREUEN, ACEH",1,13,184,197
https://kawalpemilu.org#4649,"KEUDE LAPANG, GANDAPURA, BIREUEN, ACEH",1,10,173,183
https://kawalpemilu.org#4649,"KEUDE LAPANG, GANDAPURA, BIREUEN, ACEH",2,8,153,161
https://kawalpemilu.org#4649,"KEUDE LAPANG, GANDAPURA, BIREUEN, ACEH",3,14,171,185
https://kawalpemilu.org#4649,"KEUDE LAPANG, GANDAPURA, BIREUEN, ACEH",4,12,156,168
https://kawalpemilu.org#4650,"LAPANG BARAT, GANDAPURA, BIREUEN, ACEH",1,14,196,210
https://kawalpemilu.org#4650,"LAPANG BARAT, GANDAPURA, BIREUEN, ACEH",2,14,201,215
https://kawalpemilu.org#4651,"LINGKA KUTA, GANDAPURA, BIREUEN, ACEH",1,8,159,167
https://kawalpemilu.org#4651,"LINGKA KUTA, GANDAPURA, BIREUEN, ACEH",2,5,158,163
https://kawalpemilu.org#4651,"LINGKA KUTA, GANDAPURA, BIREUEN, ACEH",3,11,152,163
https://kawalpemilu.org#4652,"LAPANG TIMU, GANDAPURA, BIREUEN, ACEH",1,15,198,213
https://kawalpemilu.org#4652,"LAPANG TIMU, GANDAPURA, BIREUEN, ACEH",2,10,205,215
https://kawalpemilu.org#4653,"TEUPIN SIRON, GANDAPURA, BIREUEN, ACEH",1,6,160,166
https://kawalpemilu.org#4653,"TEUPIN SIRON, GANDAPURA, BIREUEN, ACEH",2,10,141,151
https://kawalpemilu.org#4653,"TEUPIN SIRON, GANDAPURA, BIREUEN, ACEH",3,5,157,162
https://kawalpemilu.org#4654,"IE RHOP, GANDAPURA, BIREUEN, ACEH",1,8,100,108
https://kawalpemilu.org#4655,"CEUBO, GANDAPURA, BIREUEN, ACEH",1,21,177,198
https://kawalpemilu.org#4656,"PALOH ME, GANDAPURA, BIREUEN, ACEH",1,6,135,141
https://kawalpemilu.org#4656,"PALOH ME, GANDAPURA, BIREUEN, ACEH",2,5,138,143
https://kawalpemilu.org#4657,"LHOK MAMBANG, GANDAPURA, BIREUEN, ACEH",1,15,152,167
https://kawalpemilu.org#4657,"LHOK MAMBANG, GANDAPURA, BIREUEN, ACEH",2,8,158,166
https://kawalpemilu.org#4657,"LHOK MAMBANG, GANDAPURA, BIREUEN, ACEH",3,10,147,157
https://kawalpemilu.org#4658,"SAMUTI KRUENG, GANDAPURA, BIREUEN, ACEH",1,10,149,159
https://kawalpemilu.org#4658,"SAMUTI KRUENG, GANDAPURA, BIREUEN, ACEH",2,10,145,155
https://kawalpemilu.org#4658,"SAMUTI KRUENG, GANDAPURA, BIREUEN, ACEH",3,9,142,151
https://kawalpemilu.org#4659,"COT MANE, GANDAPURA, BIREUEN, ACEH",1,6,180,186
https://kawalpemilu.org#4659,"COT MANE, GANDAPURA, BIREUEN, ACEH",2,13,169,182
https://kawalpemilu.org#4660,"SAMUTI MAKMUR, GANDAPURA, BIREUEN, ACEH",1,8,196,204
https://kawalpemilu.org#4660,"SAMUTI MAKMUR, GANDAPURA, BIREUEN, ACEH",2,9,173,182
https://kawalpemilu.org#4660,"SAMUTI MAKMUR, GANDAPURA, BIREUEN, ACEH",3,10,192,202
https://kawalpemilu.org#4661,"SAMUTI RAYEUK, GANDAPURA, BIREUEN, ACEH",1,13,170,183
https://kawalpemilu.org#4661,"SAMUTI RAYEUK, GANDAPURA, BIREUEN, ACEH",2,2,181,183
https://kawalpemilu.org#4662,"COT PUUK, GANDAPURA, BIREUEN, ACEH",1,4,201,205
https://kawalpemilu.org#4662,"COT PUUK, GANDAPURA, BIREUEN, ACEH",2,8,196,204
https://kawalpemilu.org#4662,"COT PUUK, GANDAPURA, BIREUEN, ACEH",3,9,202,211
https://kawalpemilu.org#4663,"SAMUTI AMAN, GANDAPURA, BIREUEN, ACEH",1,11,147,158
https://kawalpemilu.org#4663,"SAMUTI AMAN, GANDAPURA, BIREUEN, ACEH",2,5,168,173
https://kawalpemilu.org#4663,"SAMUTI AMAN, GANDAPURA, BIREUEN, ACEH",3,4,150,154
https://kawalpemilu.org#4664,"ALUE MANGKI, GANDAPURA, BIREUEN, ACEH",1,8,205,213
https://kawalpemilu.org#4664,"ALUE MANGKI, GANDAPURA, BIREUEN, ACEH",2,11,217,228
https://kawalpemilu.org#4665,"MON KEULAYU, GANDAPURA, BIREUEN, ACEH",1,2,200,202
https://kawalpemilu.org#4665,"MON KEULAYU, GANDAPURA, BIREUEN, ACEH",2,14,193,207
https://kawalpemilu.org#4665,"MON KEULAYU, GANDAPURA, BIREUEN, ACEH",3,5,187,192
https://kawalpemilu.org#4665,"MON KEULAYU, GANDAPURA, BIREUEN, ACEH",4,7,193,200
https://kawalpemilu.org#4666,"GEURUGOK, GANDAPURA, BIREUEN, ACEH",1,5,199,204
https://kawalpemilu.org#4666,"GEURUGOK, GANDAPURA, BIREUEN, ACEH",2,7,204,211
https://kawalpemilu.org#4666,"GEURUGOK, GANDAPURA, BIREUEN, ACEH",3,3,193,196
https://kawalpemilu.org#4667,"BLANG KEUDE, GANDAPURA, BIREUEN, ACEH",1,13,157,170
https://kawalpemilu.org#4667,"BLANG KEUDE, GANDAPURA, BIREUEN, ACEH",2,12,143,155
https://kawalpemilu.org#4668,"COT TUFAH, GANDAPURA, BIREUEN, ACEH",1,3,168,171
https://kawalpemilu.org#4668,"COT TUFAH, GANDAPURA, BIREUEN, ACEH",2,10,175,185
https://kawalpemilu.org#4668,"COT TUFAH, GANDAPURA, BIREUEN, ACEH",3,5,195,200
https://kawalpemilu.org#4668,"COT TUFAH, GANDAPURA, BIREUEN, ACEH",4,6,178,184
https://kawalpemilu.org#4669,"COT TUNONG, GANDAPURA, BIREUEN, ACEH",1,8,216,224
https://kawalpemilu.org#4669,"COT TUNONG, GANDAPURA, BIREUEN, ACEH",2,8,220,228
https://kawalpemilu.org#4670,"PAYA BARO, GANDAPURA, BIREUEN, ACEH",1,8,76,84
https://kawalpemilu.org#4671,"PALOH KAYE KUNYET, GANDAPURA, BIREUEN, ACEH",1,5,86,91
https://kawalpemilu.org#4672,"COT JABET, GANDAPURA, BIREUEN, ACEH",2,7,196,203
https://kawalpemilu.org#4673,"COT TUBE, GANDAPURA, BIREUEN, ACEH",1,13,218,231
https://kawalpemilu.org#4674,"PANTE SIKUMBONG, GANDAPURA, BIREUEN, ACEH",1,9,189,198
https://kawalpemilu.org#4675,"BLANG GURON, GANDAPURA, BIREUEN, ACEH",2,6,141,147
https://kawalpemilu.org#4676,"DAMA KAWAN, GANDAPURA, BIREUEN, ACEH",1,12,213,225
https://kawalpemilu.org#4677,"PAYA SEUPAT, GANDAPURA, BIREUEN, ACEH",1,12,160,172
https://kawalpemilu.org#4678,"COT RAMBAT, GANDAPURA, BIREUEN, ACEH",1,9,92,101
https://kawalpemilu.org#4679,"PAYA KAREUNG, GANDAPURA, BIREUEN, ACEH",1,14,75,89
https://kawalpemilu.org#4680,"MON JEURUJAK, GANDAPURA, BIREUEN, ACEH",1,9,61,70
https://kawalpemilu.org#4682,"TANJONG MESJID, GANDAPURA, BIREUEN, ACEH",1,8,129,137
https://kawalpemilu.org#4683,"BLANG KUBU, GANDAPURA, BIREUEN, ACEH",1,17,156,173
https://kawalpemilu.org#4684,"TANJONG BUNGONG, GANDAPURA, BIREUEN, ACEH",1,3,104,107
https://kawalpemilu.org#4685,"PULO GISA, GANDAPURA, BIREUEN, ACEH",1,3,171,174
https://kawalpemilu.org#4686,"UJONG BAYU, GANDAPURA, BIREUEN, ACEH",1,8,192,200
https://kawalpemilu.org#4687,"MONJAMBE, GANDAPURA, BIREUEN, ACEH",1,7,134,141
https://kawalpemilu.org#4687,"MONJAMBE, GANDAPURA, BIREUEN, ACEH",2,12,141,153
https://kawalpemilu.org#4688,"BLANG RHEUE, GANDAPURA, BIREUEN, ACEH",1,8,101,109
https://kawalpemilu.org#4690,"LANCOK ULIM, PANDRAH, BIREUEN, ACEH",2,13,203,216
https://kawalpemilu.org#4691,"NASE MEE, PANDRAH, BIREUEN, ACEH",2,5,123,128
https://kawalpemilu.org#4692,"PANDRAH KANDEH, PANDRAH, BIREUEN, ACEH",1,18,144,162
https://kawalpemilu.org#4692,"PANDRAH KANDEH, PANDRAH, BIREUEN, ACEH",2,6,161,167
https://kawalpemilu.org#4695,"PANDRAH JANENG, PANDRAH, BIREUEN, ACEH",2,3,126,129
https://kawalpemilu.org#4696,"G A R O T, PANDRAH, BIREUEN, ACEH",1,8,153,161
https://kawalpemilu.org#4696,"G A R O T, PANDRAH, BIREUEN, ACEH",2,4,152,156
https://kawalpemilu.org#4697,"GAMPONG BLANG, PANDRAH, BIREUEN, ACEH",1,10,196,206
https://kawalpemilu.org#4698,"KUTA RUSEP, PANDRAH, BIREUEN, ACEH",1,7,122,129
https://kawalpemilu.org#4699,"BLANG SAMAGADENG, PANDRAH, BIREUEN, ACEH",1,20,146,166
https://kawalpemilu.org#4699,"BLANG SAMAGADENG, PANDRAH, BIREUEN, ACEH",2,6,165,171
https://kawalpemilu.org#4700,"PANTON BILI, PANDRAH, BIREUEN, ACEH",1,33,105,138
https://kawalpemilu.org#4701,"ALUE IGEUH, PANDRAH, BIREUEN, ACEH",1,10,126,136
https://kawalpemilu.org#4702,"MEUNASAH REUDEUP, PANDRAH, BIREUEN, ACEH",1,13,209,222
https://kawalpemilu.org#4702,"MEUNASAH REUDEUP, PANDRAH, BIREUEN, ACEH",2,18,186,204
https://kawalpemilu.org#4703,"MEUNASAH TEUNGOH, PANDRAH, BIREUEN, ACEH",1,6,142,148
https://kawalpemilu.org#4704,"BANTAYAN, PANDRAH, BIREUEN, ACEH",1,7,102,109
https://kawalpemilu.org#4704,"BANTAYAN, PANDRAH, BIREUEN, ACEH",2,9,101,110
https://kawalpemilu.org#4705,"COT LEUBENG, PANDRAH, BIREUEN, ACEH",1,23,148,171
https://kawalpemilu.org#4705,"COT LEUBENG, PANDRAH, BIREUEN, ACEH",2,21,165,186
https://kawalpemilu.org#4706,"SEUNEUBOK BARO, PANDRAH, BIREUEN, ACEH",1,0,73,73
https://kawalpemilu.org#4707,"UTEUN KRUT, PANDRAH, BIREUEN, ACEH",1,18,238,256
https://kawalpemilu.org#4708,"NASE BARAT, PANDRAH, BIREUEN, ACEH",1,8,137,145
https://kawalpemilu.org#4708,"NASE BARAT, PANDRAH, BIREUEN, ACEH",2,13,128,141
https://kawalpemilu.org#4710,"JULI COT MESJID, JULI, BIREUEN, ACEH",1,15,194,209
https://kawalpemilu.org#4710,"JULI COT MESJID, JULI, BIREUEN, ACEH",2,10,190,200
https://kawalpemilu.org#4710,"JULI COT MESJID, JULI, BIREUEN, ACEH",3,10,200,210
https://kawalpemilu.org#4710,"JULI COT MESJID, JULI, BIREUEN, ACEH",4,10,198,208
https://kawalpemilu.org#4711,"JULI SEUTUY, JULI, BIREUEN, ACEH",2,16,157,173
https://kawalpemilu.org#4711,"JULI SEUTUY, JULI, BIREUEN, ACEH",4,11,160,171
https://kawalpemilu.org#4712,"JULI TAMBO TANJONG, JULI, BIREUEN, ACEH",1,12,191,203
https://kawalpemilu.org#4713,"JULI KEUDE DUA, JULI, BIREUEN, ACEH",1,19,218,237
https://kawalpemilu.org#4713,"JULI KEUDE DUA, JULI, BIREUEN, ACEH",2,13,223,236
https://kawalpemilu.org#4713,"JULI KEUDE DUA, JULI, BIREUEN, ACEH",3,16,207,223
https://kawalpemilu.org#4714,"JULI SUPENG, JULI, BIREUEN, ACEH",1,16,187,203
https://kawalpemilu.org#4714,"JULI SUPENG, JULI, BIREUEN, ACEH",2,19,165,184
https://kawalpemilu.org#4715,"GLEUMPANG MEUJIM JIM, JULI, BIREUEN, ACEH",1,4,142,146
https://kawalpemilu.org#4715,"GLEUMPANG MEUJIM JIM, JULI, BIREUEN, ACEH",2,6,137,143
https://kawalpemilu.org#4717,"BATEE RAYA, JULI, BIREUEN, ACEH",1,11,165,176
https://kawalpemilu.org#4717,"BATEE RAYA, JULI, BIREUEN, ACEH",3,11,169,180
https://kawalpemilu.org#4718,"SEUNEUBOK PEURADEN, JULI, BIREUEN, ACEH",2,4,191,195
https://kawalpemilu.org#4719,"JULI MEUNASAH TEUNGOH, JULI, BIREUEN, ACEH",1,11,168,179
https://kawalpemilu.org#4719,"JULI MEUNASAH TEUNGOH, JULI, BIREUEN, ACEH",2,12,166,178
https://kawalpemilu.org#4719,"JULI MEUNASAH TEUNGOH, JULI, BIREUEN, ACEH",3,10,168,178
https://kawalpemilu.org#4720,"SEUNEUBOK GUNCI, JULI, BIREUEN, ACEH",1,4,183,187
https://kawalpemilu.org#4720,"SEUNEUBOK GUNCI, JULI, BIREUEN, ACEH",2,12,149,161
https://kawalpemilu.org#4720,"SEUNEUBOK GUNCI, JULI, BIREUEN, ACEH",3,11,167,178
https://kawalpemilu.org#4722,"ABEUK BUDI, JULI, BIREUEN, ACEH",1,4,156,160
https://kawalpemilu.org#4722,"ABEUK BUDI, JULI, BIREUEN, ACEH",2,3,159,162
https://kawalpemilu.org#4722,"ABEUK BUDI, JULI, BIREUEN, ACEH",3,4,139,143
https://kawalpemilu.org#4723,"BLANG KETUMBA, JULI, BIREUEN, ACEH",1,17,178,195
https://kawalpemilu.org#4723,"BLANG KETUMBA, JULI, BIREUEN, ACEH",2,13,157,170
https://kawalpemilu.org#4723,"BLANG KETUMBA, JULI, BIREUEN, ACEH",3,12,149,161
https://kawalpemilu.org#4723,"BLANG KETUMBA, JULI, BIREUEN, ACEH",4,10,144,154
https://kawalpemilu.org#4723,"BLANG KETUMBA, JULI, BIREUEN, ACEH",5,9,151,160
https://kawalpemilu.org#4724,"PANTE BARO, JULI, BIREUEN, ACEH",1,3,178,181
https://kawalpemilu.org#4724,"PANTE BARO, JULI, BIREUEN, ACEH",2,7,176,183
https://kawalpemilu.org#4725,"BEUYOT, JULI, BIREUEN, ACEH",1,11,183,194
https://kawalpemilu.org#4725,"BEUYOT, JULI, BIREUEN, ACEH",2,5,182,187
https://kawalpemilu.org#4725,"BEUYOT, JULI, BIREUEN, ACEH",3,31,156,187
https://kawalpemilu.org#4725,"BEUYOT, JULI, BIREUEN, ACEH",4,11,170,181
https://kawalpemilu.org#4725,"BEUYOT, JULI, BIREUEN, ACEH",5,10,161,171
https://kawalpemilu.org#4726,"PAYA CUT, JULI, BIREUEN, ACEH",1,10,151,161
https://kawalpemilu.org#4726,"PAYA CUT, JULI, BIREUEN, ACEH",2,5,165,170
https://kawalpemilu.org#4726,"PAYA CUT, JULI, BIREUEN, ACEH",3,9,159,168
https://kawalpemilu.org#4727,"TEUPIN MANE, JULI, BIREUEN, ACEH",1,17,203,220
https://kawalpemilu.org#4727,"TEUPIN MANE, JULI, BIREUEN, ACEH",4,21,162,183
https://kawalpemilu.org#4728,"KRUENG SIMPO, JULI, BIREUEN, ACEH",1,24,127,151
https://kawalpemilu.org#4728,"KRUENG SIMPO, JULI, BIREUEN, ACEH",2,27,134,161
https://kawalpemilu.org#4728,"KRUENG SIMPO, JULI, BIREUEN, ACEH",3,23,128,151
https://kawalpemilu.org#4728,"KRUENG SIMPO, JULI, BIREUEN, ACEH",4,26,122,148
https://kawalpemilu.org#4729,"SUKA TANI, JULI, BIREUEN, ACEH",1,20,114,134
https://kawalpemilu.org#4729,"SUKA TANI, JULI, BIREUEN, ACEH",2,29,128,157
https://kawalpemilu.org#4730,"JULI PAYA RU, JULI, BIREUEN, ACEH",1,11,149,160
https://kawalpemilu.org#4730,"JULI PAYA RU, JULI, BIREUEN, ACEH",2,9,159,168
https://kawalpemilu.org#4731,"JULI MEUNASAH TAMBO, JULI, BIREUEN, ACEH",1,8,194,202
https://kawalpemilu.org#4731,"JULI MEUNASAH TAMBO, JULI, BIREUEN, ACEH",2,17,184,201
https://kawalpemilu.org#4732,"JULI TGK DI LAMPOH, JULI, BIREUEN, ACEH",1,6,122,128
https://kawalpemilu.org#4732,"JULI TGK DI LAMPOH, JULI, BIREUEN, ACEH",2,9,148,157
https://kawalpemilu.org#4733,"JULI MEE TEUNGOH, JULI, BIREUEN, ACEH",1,8,189,197
https://kawalpemilu.org#4733,"JULI MEE TEUNGOH, JULI, BIREUEN, ACEH",3,8,236,244
https://kawalpemilu.org#4734,"BUKET MULIA, JULI, BIREUEN, ACEH",1,27,122,149
https://kawalpemilu.org#4734,"BUKET MULIA, JULI, BIREUEN, ACEH",2,7,121,128
https://kawalpemilu.org#4735,"ALUE RAMBONG, JULI, BIREUEN, ACEH",1,20,103,123
https://kawalpemilu.org#4735,"ALUE RAMBONG, JULI, BIREUEN, ACEH",2,16,105,121
https://kawalpemilu.org#4736,"SIMPANG JAYA, JULI, BIREUEN, ACEH",1,12,156,168
https://kawalpemilu.org#4737,"JULI URUEK ANOE, JULI, BIREUEN, ACEH",1,9,189,198
https://kawalpemilu.org#4737,"JULI URUEK ANOE, JULI, BIREUEN, ACEH",2,4,213,217
https://kawalpemilu.org#4738,"JULI COT MEURAK, JULI, BIREUEN, ACEH",1,14,150,164
https://kawalpemilu.org#4738,"JULI COT MEURAK, JULI, BIREUEN, ACEH",2,15,150,165
https://kawalpemilu.org#4738,"JULI COT MEURAK, JULI, BIREUEN, ACEH",3,11,153,164
https://kawalpemilu.org#4739,"PASEH, JULI, BIREUEN, ACEH",1,19,167,186
https://kawalpemilu.org#4739,"PASEH, JULI, BIREUEN, ACEH",3,13,176,189
https://kawalpemilu.org#4740,"BALE PANAH, JULI, BIREUEN, ACEH",1,7,193,200
https://kawalpemilu.org#4740,"BALE PANAH, JULI, BIREUEN, ACEH",2,9,205,214
https://kawalpemilu.org#4740,"BALE PANAH, JULI, BIREUEN, ACEH",3,10,202,212
https://kawalpemilu.org#4741,"PANTE PEUSANGAN, JULI, BIREUEN, ACEH",1,8,87,95
https://kawalpemilu.org#4742,"SEUNEUBOK DALAM, JULI, BIREUEN, ACEH",1,23,120,143
https://kawalpemilu.org#4742,"SEUNEUBOK DALAM, JULI, BIREUEN, ACEH",2,17,138,155
https://kawalpemilu.org#4743,"RANTO PANYANG, JULI, BIREUEN, ACEH",1,10,159,169
https://kawalpemilu.org#4743,"RANTO PANYANG, JULI, BIREUEN, ACEH",2,9,153,162
https://kawalpemilu.org#4744,"JULI MEUNASAH JOK, JULI, BIREUEN, ACEH",1,6,173,179
https://kawalpemilu.org#4744,"JULI MEUNASAH JOK, JULI, BIREUEN, ACEH",2,12,166,178
https://kawalpemilu.org#4745,"SIMPANG MULIA, JULI, BIREUEN, ACEH",1,5,117,122
https://kawalpemilu.org#4747,"JANGKA MESJID, JANGKA, BIREUEN, ACEH",1,15,167,182
https://kawalpemilu.org#4747,"JANGKA MESJID, JANGKA, BIREUEN, ACEH",2,12,169,181
https://kawalpemilu.org#4747,"JANGKA MESJID, JANGKA, BIREUEN, ACEH",3,10,168,178
https://kawalpemilu.org#4748,"JANGKA KEUTAPANG, JANGKA, BIREUEN, ACEH",1,8,175,183
https://kawalpemilu.org#4748,"JANGKA KEUTAPANG, JANGKA, BIREUEN, ACEH",2,2,175,177
https://kawalpemilu.org#4748,"JANGKA KEUTAPANG, JANGKA, BIREUEN, ACEH",3,2,198,200
https://kawalpemilu.org#4749,"JANGKA ALUE U, JANGKA, BIREUEN, ACEH",1,10,218,228
https://kawalpemilu.org#4749,"JANGKA ALUE U, JANGKA, BIREUEN, ACEH",2,7,211,218
https://kawalpemilu.org#4749,"JANGKA ALUE U, JANGKA, BIREUEN, ACEH",3,10,195,205
https://kawalpemilu.org#4750,"JANGKA ALUE, JANGKA, BIREUEN, ACEH",2,14,149,163
https://kawalpemilu.org#4750,"JANGKA ALUE, JANGKA, BIREUEN, ACEH",3,6,144,150
https://kawalpemilu.org#4751,"JANGKA ALUE BIE, JANGKA, BIREUEN, ACEH",1,9,175,184
https://kawalpemilu.org#4751,"JANGKA ALUE BIE, JANGKA, BIREUEN, ACEH",2,8,166,174
https://kawalpemilu.org#4752,"GAMPONG MEULINTEUNG, JANGKA, BIREUEN, ACEH",1,12,165,177
https://kawalpemilu.org#4753,"PAYA BIENG, JANGKA, BIREUEN, ACEH",1,5,208,213
https://kawalpemilu.org#4753,"PAYA BIENG, JANGKA, BIREUEN, ACEH",2,6,217,223
https://kawalpemilu.org#4754,"MEUNASAH KRUENG, JANGKA, BIREUEN, ACEH",1,2,197,199
https://kawalpemilu.org#4755,"BARAT LANYAN, JANGKA, BIREUEN, ACEH",1,2,154,156
https://kawalpemilu.org#4755,"BARAT LANYAN, JANGKA, BIREUEN, ACEH",2,1,131,132
https://kawalpemilu.org#4756,"LAMKUTA, JANGKA, BIREUEN, ACEH",1,6,165,171
https://kawalpemilu.org#4757,"GEUNDOT, JANGKA, BIREUEN, ACEH",1,7,190,197
https://kawalpemilu.org#4758,"LUENG, JANGKA, BIREUEN, ACEH",1,5,177,182
https://kawalpemilu.org#4758,"LUENG, JANGKA, BIREUEN, ACEH",2,6,147,153
https://kawalpemilu.org#4759,"KAMBUK, JANGKA, BIREUEN, ACEH",1,8,192,200
https://kawalpemilu.org#4760,"RUSEB ARA, JANGKA, BIREUEN, ACEH",1,10,181,191
https://kawalpemilu.org#4760,"RUSEB ARA, JANGKA, BIREUEN, ACEH",2,6,196,202
https://kawalpemilu.org#4761,"RUSEB DAYAH, JANGKA, BIREUEN, ACEH",1,4,134,138
https://kawalpemilu.org#4761,"RUSEB DAYAH, JANGKA, BIREUEN, ACEH",3,3,128,131
https://kawalpemilu.org#4762,"BADA BARAT, JANGKA, BIREUEN, ACEH",1,8,196,204
https://kawalpemilu.org#4763,"BADA TIMU, JANGKA, BIREUEN, ACEH",1,2,129,131
https://kawalpemilu.org#4763,"BADA TIMU, JANGKA, BIREUEN, ACEH",2,4,116,120
https://kawalpemilu.org#4764,"TANJONGAN, JANGKA, BIREUEN, ACEH",1,14,149,163
https://kawalpemilu.org#4764,"TANJONGAN, JANGKA, BIREUEN, ACEH",2,9,160,169
https://kawalpemilu.org#4765,"TANOH ANOE, JANGKA, BIREUEN, ACEH",1,6,165,171
https://kawalpemilu.org#4765,"TANOH ANOE, JANGKA, BIREUEN, ACEH",2,8,160,168
https://kawalpemilu.org#4765,"TANOH ANOE, JANGKA, BIREUEN, ACEH",3,5,158,163
https://kawalpemilu.org#4766,"LHOK BUGENG, JANGKA, BIREUEN, ACEH",1,2,126,128
https://kawalpemilu.org#4766,"LHOK BUGENG, JANGKA, BIREUEN, ACEH",2,2,121,123
https://kawalpemilu.org#4767,"LAMPOH RAYEUK, JANGKA, BIREUEN, ACEH",1,3,129,132
https://kawalpemilu.org#4767,"LAMPOH RAYEUK, JANGKA, BIREUEN, ACEH",2,3,119,122
https://kawalpemilu.org#4768,"PULO REUDEUP, JANGKA, BIREUEN, ACEH",1,9,167,176
https://kawalpemilu.org#4768,"PULO REUDEUP, JANGKA, BIREUEN, ACEH",2,12,181,193
https://kawalpemilu.org#4769,"PULO SEUNA, JANGKA, BIREUEN, ACEH",1,1,198,199
https://kawalpemilu.org#4770,"LINGGONG, JANGKA, BIREUEN, ACEH",1,4,228,232
https://kawalpemilu.org#4770,"LINGGONG, JANGKA, BIREUEN, ACEH",2,11,203,214
https://kawalpemilu.org#4771,"PULO BLANG, JANGKA, BIREUEN, ACEH",1,17,135,152
https://kawalpemilu.org#4771,"PULO BLANG, JANGKA, BIREUEN, ACEH",2,9,122,131
https://kawalpemilu.org#4772,"PULO IBOEH, JANGKA, BIREUEN, ACEH",1,15,204,219
https://kawalpemilu.org#4773,"ABEUK JALOH, JANGKA, BIREUEN, ACEH",2,9,144,153
https://kawalpemilu.org#4774,"PULO U, JANGKA, BIREUEN, ACEH",1,16,223,239
https://kawalpemilu.org#4775,"ALUE BUYA, JANGKA, BIREUEN, ACEH",1,3,156,159
https://kawalpemilu.org#4775,"ALUE BUYA, JANGKA, BIREUEN, ACEH",2,8,139,147
https://kawalpemilu.org#4776,"PANTE PEUSANGAN, JANGKA, BIREUEN, ACEH",1,2,137,139
https://kawalpemilu.org#4777,"PANTE SUKON, JANGKA, BIREUEN, ACEH",1,8,199,207
https://kawalpemilu.org#4778,"PANTE PAKU, JANGKA, BIREUEN, ACEH",1,7,134,141
https://kawalpemilu.org#4778,"PANTE PAKU, JANGKA, BIREUEN, ACEH",2,1,144,145
https://kawalpemilu.org#4778,"PANTE PAKU, JANGKA, BIREUEN, ACEH",3,2,145,147
https://kawalpemilu.org#4779,"BUGAK BLANG, JANGKA, BIREUEN, ACEH",1,2,130,132
https://kawalpemilu.org#4780,"BUGAK MESJID, JANGKA, BIREUEN, ACEH",1,15,186,201
https://kawalpemilu.org#4780,"BUGAK MESJID, JANGKA, BIREUEN, ACEH",2,12,182,194
https://kawalpemilu.org#4781,"BUGAK KRUENG MATE, JANGKA, BIREUEN, ACEH",2,4,190,194
https://kawalpemilu.org#4781,"BUGAK KRUENG MATE, JANGKA, BIREUEN, ACEH",3,3,183,186
https://kawalpemilu.org#4782,"BUGAK KRUENG, JANGKA, BIREUEN, ACEH",3,2,171,173
https://kawalpemilu.org#4783,"PANTE RANUB, JANGKA, BIREUEN, ACEH",1,13,149,162
https://kawalpemilu.org#4783,"PANTE RANUB, JANGKA, BIREUEN, ACEH",2,9,149,158
https://kawalpemilu.org#4783,"PANTE RANUB, JANGKA, BIREUEN, ACEH",3,11,157,168
https://kawalpemilu.org#4784,"PULO PINEUNG MNS II, JANGKA, BIREUEN, ACEH",1,5,169,174
https://kawalpemilu.org#4784,"PULO PINEUNG MNS II, JANGKA, BIREUEN, ACEH",2,6,191,197
https://kawalpemilu.org#4785,"PUNJOT, JANGKA, BIREUEN, ACEH",1,9,202,211
https://kawalpemilu.org#4785,"PUNJOT, JANGKA, BIREUEN, ACEH",2,7,194,201
https://kawalpemilu.org#4785,"PUNJOT, JANGKA, BIREUEN, ACEH",3,8,182,190
https://kawalpemilu.org#4786,"BUGENG, JANGKA, BIREUEN, ACEH",1,7,136,143
https://kawalpemilu.org#4787,"ALUE KUTA, JANGKA, BIREUEN, ACEH",1,13,194,207
https://kawalpemilu.org#4787,"ALUE KUTA, JANGKA, BIREUEN, ACEH",2,13,195,208
https://kawalpemilu.org#4788,"ALUE BAYEU UTANG, JANGKA, BIREUEN, ACEH",1,13,96,109
https://kawalpemilu.org#4790,"KUALA CEURAPE, JANGKA, BIREUEN, ACEH",2,9,187,196
https://kawalpemilu.org#4791,"ALUE BUYA PASI, JANGKA, BIREUEN, ACEH",2,15,140,155
https://kawalpemilu.org#4792,"ALUE BIE PUSONG, JANGKA, BIREUEN, ACEH",1,8,130,138
https://kawalpemilu.org#4794,"RHEUM BARAT, SIMPANG MAMPLAM, BIREUEN, ACEH",1,7,165,172
https://kawalpemilu.org#4794,"RHEUM BARAT, SIMPANG MAMPLAM, BIREUEN, ACEH",2,9,150,159
https://kawalpemilu.org#4795,"RHEUM BAROH, SIMPANG MAMPLAM, BIREUEN, ACEH",1,11,189,200
https://kawalpemilu.org#4795,"RHEUM BAROH, SIMPANG MAMPLAM, BIREUEN, ACEH",2,5,189,194
https://kawalpemilu.org#4795,"RHEUM BAROH, SIMPANG MAMPLAM, BIREUEN, ACEH",3,5,167,172
https://kawalpemilu.org#4796,"RHEUM TIMU, SIMPANG MAMPLAM, BIREUEN, ACEH",1,7,152,159
https://kawalpemilu.org#4796,"RHEUM TIMU, SIMPANG MAMPLAM, BIREUEN, ACEH",2,6,144,150
https://kawalpemilu.org#4797,"BLANG KUTA COH, SIMPANG MAMPLAM, BIREUEN, ACEH",1,9,149,158
https://kawalpemilu.org#4798,"BLANG KUTA DUA MEUNASAH, SIMPANG MAMPLAM, BIREUEN, ACEH",1,17,138,155
https://kawalpemilu.org#4798,"BLANG KUTA DUA MEUNASAH, SIMPANG MAMPLAM, BIREUEN, ACEH",2,14,142,156
https://kawalpemilu.org#4798,"BLANG KUTA DUA MEUNASAH, SIMPANG MAMPLAM, BIREUEN, ACEH",3,15,145,160
https://kawalpemilu.org#4799,"LANCANG, SIMPANG MAMPLAM, BIREUEN, ACEH",1,24,178,202
https://kawalpemilu.org#4800,"BLANG TEUMULEK, SIMPANG MAMPLAM, BIREUEN, ACEH",1,18,173,191
https://kawalpemilu.org#4800,"BLANG TEUMULEK, SIMPANG MAMPLAM, BIREUEN, ACEH",2,17,166,183
https://kawalpemilu.org#4801,"MEUNASAH MESJID, SIMPANG MAMPLAM, BIREUEN, ACEH",1,14,119,133
https://kawalpemilu.org#4801,"MEUNASAH MESJID, SIMPANG MAMPLAM, BIREUEN, ACEH",2,10,124,134
https://kawalpemilu.org#4802,"JURONG BINJEE, SIMPANG MAMPLAM, BIREUEN, ACEH",2,19,93,112
https://kawalpemilu.org#4803,"BLANG MANE DUA MEUNASAH, SIMPANG MAMPLAM, BIREUEN, ACEH",1,10,94,104
https://kawalpemilu.org#4803,"BLANG MANE DUA MEUNASAH, SIMPANG MAMPLAM, BIREUEN, ACEH",2,8,99,107
https://kawalpemilu.org#4805,"BALE, SIMPANG MAMPLAM, BIREUEN, ACEH",1,16,219,235
https://kawalpemilu.org#4805,"BALE, SIMPANG MAMPLAM, BIREUEN, ACEH",2,18,195,213
https://kawalpemilu.org#4806,"ARONGAN, SIMPANG MAMPLAM, BIREUEN, ACEH",1,21,173,194
https://kawalpemilu.org#4806,"ARONGAN, SIMPANG MAMPLAM, BIREUEN, ACEH",2,9,196,205
https://kawalpemilu.org#4806,"ARONGAN, SIMPANG MAMPLAM, BIREUEN, ACEH",3,3,185,188
https://kawalpemilu.org#4807,"MEUNASAH MAMPLAM, SIMPANG MAMPLAM, BIREUEN, ACEH",1,26,148,174
https://kawalpemilu.org#4807,"MEUNASAH MAMPLAM, SIMPANG MAMPLAM, BIREUEN, ACEH",2,38,154,192
https://kawalpemilu.org#4807,"MEUNASAH MAMPLAM, SIMPANG MAMPLAM, BIREUEN, ACEH",3,28,145,173
https://kawalpemilu.org#4809,"CEUREUCOK, SIMPANG MAMPLAM, BIREUEN, ACEH",1,23,153,176
https://kawalpemilu.org#4809,"CEUREUCOK, SIMPANG MAMPLAM, BIREUEN, ACEH",2,20,150,170
https://kawalpemilu.org#4810,"IE RHOB GEULUMPANG, SIMPANG MAMPLAM, BIREUEN, ACEH",1,22,157,179
https://kawalpemilu.org#4811,"IE RHOB BARAT, SIMPANG MAMPLAM, BIREUEN, ACEH",1,10,141,151
https://kawalpemilu.org#4811,"IE RHOB BARAT, SIMPANG MAMPLAM, BIREUEN, ACEH",2,17,137,154
https://kawalpemilu.org#4812,"IE RHOB TIMU, SIMPANG MAMPLAM, BIREUEN, ACEH",1,13,111,124
https://kawalpemilu.org#4812,"IE RHOB TIMU, SIMPANG MAMPLAM, BIREUEN, ACEH",2,22,101,123
https://kawalpemilu.org#4813,"IE RHOB BABAH LUENG, SIMPANG MAMPLAM, BIREUEN, ACEH",1,25,137,162
https://kawalpemilu.org#4813,"IE RHOB BABAH LUENG, SIMPANG MAMPLAM, BIREUEN, ACEH",2,21,128,149
https://kawalpemilu.org#4814,"GLEE MEUNDONG, SIMPANG MAMPLAM, BIREUEN, ACEH",1,6,134,140
https://kawalpemilu.org#4814,"GLEE MEUNDONG, SIMPANG MAMPLAM, BIREUEN, ACEH",2,15,123,138
https://kawalpemilu.org#4815,"PULO DRIEN, SIMPANG MAMPLAM, BIREUEN, ACEH",1,17,187,204
https://kawalpemilu.org#4817,"COT TRIENG, SIMPANG MAMPLAM, BIREUEN, ACEH",1,10,100,110
https://kawalpemilu.org#4817,"COT TRIENG, SIMPANG MAMPLAM, BIREUEN, ACEH",2,15,110,125
https://kawalpemilu.org#4818,"KRUENG MEUSEUGOB, SIMPANG MAMPLAM, BIREUEN, ACEH",1,7,126,133
https://kawalpemilu.org#4818,"KRUENG MEUSEUGOB, SIMPANG MAMPLAM, BIREUEN, ACEH",2,7,106,113
https://kawalpemilu.org#4819,"LHOK TANOH, SIMPANG MAMPLAM, BIREUEN, ACEH",1,5,86,91
https://kawalpemilu.org#4820,"BLANG TAMBUE, SIMPANG MAMPLAM, BIREUEN, ACEH",1,37,142,179
https://kawalpemilu.org#4820,"BLANG TAMBUE, SIMPANG MAMPLAM, BIREUEN, ACEH",2,27,156,183
https://kawalpemilu.org#4820,"BLANG TAMBUE, SIMPANG MAMPLAM, BIREUEN, ACEH",3,21,162,183
https://kawalpemilu.org#4820,"BLANG TAMBUE, SIMPANG MAMPLAM, BIREUEN, ACEH",4,26,160,186
https://kawalpemilu.org#4821,"KEUDE TAMBUE, SIMPANG MAMPLAM, BIREUEN, ACEH",1,10,144,154
https://kawalpemilu.org#4821,"KEUDE TAMBUE, SIMPANG MAMPLAM, BIREUEN, ACEH",2,13,198,211
https://kawalpemilu.org#4821,"KEUDE TAMBUE, SIMPANG MAMPLAM, BIREUEN, ACEH",3,21,131,152
https://kawalpemilu.org#4822,"MNS ASAN, SIMPANG MAMPLAM, BIREUEN, ACEH",1,48,138,186
https://kawalpemilu.org#4822,"MNS ASAN, SIMPANG MAMPLAM, BIREUEN, ACEH",2,52,135,187
https://kawalpemilu.org#4823,"PEUNEULET TUNONG, SIMPANG MAMPLAM, BIREUEN, ACEH",1,14,113,127
https://kawalpemilu.org#4823,"PEUNEULET TUNONG, SIMPANG MAMPLAM, BIREUEN, ACEH",2,12,104,116
https://kawalpemilu.org#4824,"CUREE TUNONG, SIMPANG MAMPLAM, BIREUEN, ACEH",1,16,139,155
https://kawalpemilu.org#4824,"CUREE TUNONG, SIMPANG MAMPLAM, BIREUEN, ACEH",2,15,140,155
https://kawalpemilu.org#4826,"PEUNEULET BAROH, SIMPANG MAMPLAM, BIREUEN, ACEH",1,10,201,211
https://kawalpemilu.org#4826,"PEUNEULET BAROH, SIMPANG MAMPLAM, BIREUEN, ACEH",2,14,176,190
https://kawalpemilu.org#4827,"ULEE KAREUNG, SIMPANG MAMPLAM, BIREUEN, ACEH",1,10,168,178
https://kawalpemilu.org#4827,"ULEE KAREUNG, SIMPANG MAMPLAM, BIREUEN, ACEH",2,11,176,187
https://kawalpemilu.org#4827,"ULEE KAREUNG, SIMPANG MAMPLAM, BIREUEN, ACEH",3,6,173,179
https://kawalpemilu.org#4828,"BLANG PANYANG, SIMPANG MAMPLAM, BIREUEN, ACEH",1,10,167,177
https://kawalpemilu.org#4828,"BLANG PANYANG, SIMPANG MAMPLAM, BIREUEN, ACEH",2,13,141,154
https://kawalpemilu.org#4828,"BLANG PANYANG, SIMPANG MAMPLAM, BIREUEN, ACEH",3,4,161,165
https://kawalpemilu.org#4829,"CALOK, SIMPANG MAMPLAM, BIREUEN, ACEH",1,14,151,165
https://kawalpemilu.org#4829,"CALOK, SIMPANG MAMPLAM, BIREUEN, ACEH",2,4,141,145
https://kawalpemilu.org#4830,"ALUE LEUHOB, SIMPANG MAMPLAM, BIREUEN, ACEH",1,4,220,224
https://kawalpemilu.org#4831,"PAKU, SIMPANG MAMPLAM, BIREUEN, ACEH",1,17,84,101
https://kawalpemilu.org#4832,"MEUNASAH BARAT, SIMPANG MAMPLAM, BIREUEN, ACEH",1,7,120,127
https://kawalpemilu.org#4832,"MEUNASAH BARAT, SIMPANG MAMPLAM, BIREUEN, ACEH",2,4,135,139
https://kawalpemilu.org#4832,"MEUNASAH BARAT, SIMPANG MAMPLAM, BIREUEN, ACEH",3,8,137,145
https://kawalpemilu.org#4833,"TAMBUE BARAT, SIMPANG MAMPLAM, BIREUEN, ACEH",1,13,105,118
https://kawalpemilu.org#4833,"TAMBUE BARAT, SIMPANG MAMPLAM, BIREUEN, ACEH",2,14,107,121
https://kawalpemilu.org#4834,"LHOK MANE, SIMPANG MAMPLAM, BIREUEN, ACEH",1,3,240,243
https://kawalpemilu.org#4836,"KEUDE PLIMBANG, PEULIMBANG, BIREUEN, ACEH",1,4,86,90
https://kawalpemilu.org#4837,"KRUENG BARO, PEULIMBANG, BIREUEN, ACEH",1,11,176,187
https://kawalpemilu.org#4838,"SEUNEUBOK NALAN, PEULIMBANG, BIREUEN, ACEH",1,4,124,128
https://kawalpemilu.org#4838,"SEUNEUBOK NALAN, PEULIMBANG, BIREUEN, ACEH",2,17,119,136
https://kawalpemilu.org#4839,"RAMBONG PAYONG, PEULIMBANG, BIREUEN, ACEH",1,16,140,156
https://kawalpemilu.org#4839,"RAMBONG PAYONG, PEULIMBANG, BIREUEN, ACEH",2,21,135,156
https://kawalpemilu.org#4839,"RAMBONG PAYONG, PEULIMBANG, BIREUEN, ACEH",3,10,139,149
https://kawalpemilu.org#4840,"SEUNEUBOK ACEH, PEULIMBANG, BIREUEN, ACEH",1,7,114,121
https://kawalpemilu.org#4840,"SEUNEUBOK ACEH, PEULIMBANG, BIREUEN, ACEH",2,12,113,125
https://kawalpemilu.org#4841,"SEUNEUBOK PLIMBANG, PEULIMBANG, BIREUEN, ACEH",1,15,164,179
https://kawalpemilu.org#4841,"SEUNEUBOK PLIMBANG, PEULIMBANG, BIREUEN, ACEH",3,12,142,154
https://kawalpemilu.org#4842,"SEUNEUBOK PUNTI, PEULIMBANG, BIREUEN, ACEH",1,7,177,184
https://kawalpemilu.org#4843,"UTEUN SIKUMBONG, PEULIMBANG, BIREUEN, ACEH",1,13,187,200
https://kawalpemilu.org#4844,"TEUPIN PANAH, PEULIMBANG, BIREUEN, ACEH",1,8,166,174
https://kawalpemilu.org#4845,"MATANG KULEE, PEULIMBANG, BIREUEN, ACEH",1,2,189,191
https://kawalpemilu.org#4846,"LANCOK BUNGO, PEULIMBANG, BIREUEN, ACEH",1,10,221,231
https://kawalpemilu.org#4847,"UTEUN RUNGKOM, PEULIMBANG, BIREUEN, ACEH",1,8,111,119
https://kawalpemilu.org#4847,"UTEUN RUNGKOM, PEULIMBANG, BIREUEN, ACEH",2,8,112,120
https://kawalpemilu.org#4848,"BALEE DAKA, PEULIMBANG, BIREUEN, ACEH",1,9,185,194
https://kawalpemilu.org#4849,"PADANG KASAB, PEULIMBANG, BIREUEN, ACEH",1,11,161,172
https://kawalpemilu.org#4849,"PADANG KASAB, PEULIMBANG, BIREUEN, ACEH",3,7,155,162
https://kawalpemilu.org#4850,"SEUNEUBOK SEUMAWE, PEULIMBANG, BIREUEN, ACEH",1,5,186,191
https://kawalpemilu.org#4850,"SEUNEUBOK SEUMAWE, PEULIMBANG, BIREUEN, ACEH",2,11,181,192
https://kawalpemilu.org#4851,"JAMBO DALAM, PEULIMBANG, BIREUEN, ACEH",1,2,128,130
https://kawalpemilu.org#4852,"COT GLEUMPANG, PEULIMBANG, BIREUEN, ACEH",1,8,153,161
https://kawalpemilu.org#4852,"COT GLEUMPANG, PEULIMBANG, BIREUEN, ACEH",2,10,141,151
https://kawalpemilu.org#4852,"COT GLEUMPANG, PEULIMBANG, BIREUEN, ACEH",3,6,154,160
https://kawalpemilu.org#4853,"PUUEK, PEULIMBANG, BIREUEN, ACEH",1,13,209,222
https://kawalpemilu.org#4853,"PUUEK, PEULIMBANG, BIREUEN, ACEH",2,15,161,176
https://kawalpemilu.org#4854,"PALOH PUPU, PEULIMBANG, BIREUEN, ACEH",1,11,74,85
https://kawalpemilu.org#4855,"SEUNEUBOK TEUNGOH, PEULIMBANG, BIREUEN, ACEH",1,9,144,153
https://kawalpemilu.org#4855,"SEUNEUBOK TEUNGOH, PEULIMBANG, BIREUEN, ACEH",2,14,132,146
https://kawalpemilu.org#4857,"GARAB, PEULIMBANG, BIREUEN, ACEH",1,10,92,102
https://kawalpemilu.org#4859,"BANDAR BIREUEN, KOTA JUANG, BIREUEN, ACEH",1,34,149,183
https://kawalpemilu.org#4859,"BANDAR BIREUEN, KOTA JUANG, BIREUEN, ACEH",3,41,138,179
https://kawalpemilu.org#4859,"BANDAR BIREUEN, KOTA JUANG, BIREUEN, ACEH",4,69,124,193
https://kawalpemilu.org#4860,"BIREUEN MEUNASAH REULEUT, KOTA JUANG, BIREUEN, ACEH",7,18,214,232
https://kawalpemilu.org#4861,"BIREUEN MEUNASAH BLANG, KOTA JUANG, BIREUEN, ACEH",1,15,180,195
https://kawalpemilu.org#4861,"BIREUEN MEUNASAH BLANG, KOTA JUANG, BIREUEN, ACEH",2,13,194,207
https://kawalpemilu.org#4861,"BIREUEN MEUNASAH BLANG, KOTA JUANG, BIREUEN, ACEH",3,9,214,223
https://kawalpemilu.org#4861,"BIREUEN MEUNASAH BLANG, KOTA JUANG, BIREUEN, ACEH",4,16,202,218
https://kawalpemilu.org#4861,"BIREUEN MEUNASAH BLANG, KOTA JUANG, BIREUEN, ACEH",5,8,199,207
https://kawalpemilu.org#4861,"BIREUEN MEUNASAH BLANG, KOTA JUANG, BIREUEN, ACEH",6,15,206,221
https://kawalpemilu.org#4861,"BIREUEN MEUNASAH BLANG, KOTA JUANG, BIREUEN, ACEH",7,8,201,209
https://kawalpemilu.org#4862,"BIREUEN MEUNASAH CAPA, KOTA JUANG, BIREUEN, ACEH",1,14,185,199
https://kawalpemilu.org#4863,"BIREUEN MEUNASAH DAYAH, KOTA JUANG, BIREUEN, ACEH",1,5,196,201
https://kawalpemilu.org#4863,"BIREUEN MEUNASAH DAYAH, KOTA JUANG, BIREUEN, ACEH",2,10,196,206
https://kawalpemilu.org#4863,"BIREUEN MEUNASAH DAYAH, KOTA JUANG, BIREUEN, ACEH",3,9,195,204
https://kawalpemilu.org#4863,"BIREUEN MEUNASAH DAYAH, KOTA JUANG, BIREUEN, ACEH",4,19,175,194
https://kawalpemilu.org#4863,"BIREUEN MEUNASAH DAYAH, KOTA JUANG, BIREUEN, ACEH",5,8,184,192
https://kawalpemilu.org#4863,"BIREUEN MEUNASAH DAYAH, KOTA JUANG, BIREUEN, ACEH",6,7,210,217
https://kawalpemilu.org#4863,"BIREUEN MEUNASAH DAYAH, KOTA JUANG, BIREUEN, ACEH",7,5,185,190
https://kawalpemilu.org#4863,"BIREUEN MEUNASAH DAYAH, KOTA JUANG, BIREUEN, ACEH",8,15,173,188
https://kawalpemilu.org#4863,"BIREUEN MEUNASAH DAYAH, KOTA JUANG, BIREUEN, ACEH",9,11,175,186
https://kawalpemilu.org#4863,"BIREUEN MEUNASAH DAYAH, KOTA JUANG, BIREUEN, ACEH",10,5,156,161
https://kawalpemilu.org#4864,"BIREUEN MNS TGK DI GADONG, KOTA JUANG, BIREUEN, ACEH",1,14,196,210
https://kawalpemilu.org#4864,"BIREUEN MNS TGK DI GADONG, KOTA JUANG, BIREUEN, ACEH",2,16,213,229
https://kawalpemilu.org#4864,"BIREUEN MNS TGK DI GADONG, KOTA JUANG, BIREUEN, ACEH",4,14,188,202
https://kawalpemilu.org#4865,"GEUDONG GEUDONG, KOTA JUANG, BIREUEN, ACEH",1,17,110,127
https://kawalpemilu.org#4865,"GEUDONG GEUDONG, KOTA JUANG, BIREUEN, ACEH",3,19,149,168
https://kawalpemilu.org#4865,"GEUDONG GEUDONG, KOTA JUANG, BIREUEN, ACEH",4,11,161,172
https://kawalpemilu.org#4865,"GEUDONG GEUDONG, KOTA JUANG, BIREUEN, ACEH",6,8,177,185
https://kawalpemilu.org#4865,"GEUDONG GEUDONG, KOTA JUANG, BIREUEN, ACEH",7,10,176,186
https://kawalpemilu.org#4865,"GEUDONG GEUDONG, KOTA JUANG, BIREUEN, ACEH",8,7,160,167
https://kawalpemilu.org#4865,"GEUDONG GEUDONG, KOTA JUANG, BIREUEN, ACEH",10,11,123,134
https://kawalpemilu.org#4865,"GEUDONG GEUDONG, KOTA JUANG, BIREUEN, ACEH",12,27,113,140
https://kawalpemilu.org#4866,"PULO ARA GEUDONG TEUNGOH, KOTA JUANG, BIREUEN, ACEH",5,12,200,212
https://kawalpemilu.org#4866,"PULO ARA GEUDONG TEUNGOH, KOTA JUANG, BIREUEN, ACEH",7,22,169,191
https://kawalpemilu.org#4866,"PULO ARA GEUDONG TEUNGOH, KOTA JUANG, BIREUEN, ACEH",8,11,141,152
https://kawalpemilu.org#4866,"PULO ARA GEUDONG TEUNGOH, KOTA JUANG, BIREUEN, ACEH",9,15,172,187
https://kawalpemilu.org#4866,"PULO ARA GEUDONG TEUNGOH, KOTA JUANG, BIREUEN, ACEH",10,6,118,124
https://kawalpemilu.org#4867,"GEUDONG ALUE, KOTA JUANG, BIREUEN, ACEH",2,7,211,218
https://kawalpemilu.org#4867,"GEUDONG ALUE, KOTA JUANG, BIREUEN, ACEH",3,18,208,226
https://kawalpemilu.org#4867,"GEUDONG ALUE, KOTA JUANG, BIREUEN, ACEH",4,10,185,195
https://kawalpemilu.org#4868,"PULO KITON, KOTA JUANG, BIREUEN, ACEH",2,21,171,192
https://kawalpemilu.org#4868,"PULO KITON, KOTA JUANG, BIREUEN, ACEH",3,17,160,177
https://kawalpemilu.org#4868,"PULO KITON, KOTA JUANG, BIREUEN, ACEH",4,30,144,174
https://kawalpemilu.org#4868,"PULO KITON, KOTA JUANG, BIREUEN, ACEH",6,20,126,146
https://kawalpemilu.org#4868,"PULO KITON, KOTA JUANG, BIREUEN, ACEH",7,20,101,121
https://kawalpemilu.org#4869,"LHOK AWE TEUNGOH, KOTA JUANG, BIREUEN, ACEH",2,6,193,199
https://kawalpemilu.org#4869,"LHOK AWE TEUNGOH, KOTA JUANG, BIREUEN, ACEH",3,7,184,191
https://kawalpemilu.org#4869,"LHOK AWE TEUNGOH, KOTA JUANG, BIREUEN, ACEH",4,16,177,193
https://kawalpemilu.org#4870,"GEULANGGANG TEUNGOH, KOTA JUANG, BIREUEN, ACEH",2,19,199,218
https://kawalpemilu.org#4870,"GEULANGGANG TEUNGOH, KOTA JUANG, BIREUEN, ACEH",3,13,205,218
https://kawalpemilu.org#4870,"GEULANGGANG TEUNGOH, KOTA JUANG, BIREUEN, ACEH",6,16,200,216
https://kawalpemilu.org#4870,"GEULANGGANG TEUNGOH, KOTA JUANG, BIREUEN, ACEH",7,18,212,230
https://kawalpemilu.org#4870,"GEULANGGANG TEUNGOH, KOTA JUANG, BIREUEN, ACEH",8,11,170,181
https://kawalpemilu.org#4870,"GEULANGGANG TEUNGOH, KOTA JUANG, BIREUEN, ACEH",9,10,157,167
https://kawalpemilu.org#4872,"GEULANGGANG KULAM, KOTA JUANG, BIREUEN, ACEH",1,10,215,225
https://kawalpemilu.org#4872,"GEULANGGANG KULAM, KOTA JUANG, BIREUEN, ACEH",3,13,210,223
https://kawalpemilu.org#4872,"GEULANGGANG KULAM, KOTA JUANG, BIREUEN, ACEH",4,22,189,211
https://kawalpemilu.org#4873,"GEULANGGANG GAMPONG, KOTA JUANG, BIREUEN, ACEH",2,12,178,190
https://kawalpemilu.org#4873,"GEULANGGANG GAMPONG, KOTA JUANG, BIREUEN, ACEH",4,10,175,185
https://kawalpemilu.org#4873,"GEULANGGANG GAMPONG, KOTA JUANG, BIREUEN, ACEH",7,10,208,218
https://kawalpemilu.org#4873,"GEULANGGANG GAMPONG, KOTA JUANG, BIREUEN, ACEH",9,6,158,164
https://kawalpemilu.org#4873,"GEULANGGANG GAMPONG, KOTA JUANG, BIREUEN, ACEH",10,9,105,114
https://kawalpemilu.org#4874,"BLANG TINGKEUM, KOTA JUANG, BIREUEN, ACEH",1,14,141,155
https://kawalpemilu.org#4874,"BLANG TINGKEUM, KOTA JUANG, BIREUEN, ACEH",2,16,136,152
https://kawalpemilu.org#4875,"BUKET TEUKUEH, KOTA JUANG, BIREUEN, ACEH",1,14,146,160
https://kawalpemilu.org#4875,"BUKET TEUKUEH, KOTA JUANG, BIREUEN, ACEH",2,12,156,168
https://kawalpemilu.org#4875,"BUKET TEUKUEH, KOTA JUANG, BIREUEN, ACEH",3,11,162,173
https://kawalpemilu.org#4876,"BLANG REULING, KOTA JUANG, BIREUEN, ACEH",1,16,134,150
https://kawalpemilu.org#4877,"COT JRAT, KOTA JUANG, BIREUEN, ACEH",1,18,193,211
https://kawalpemilu.org#4878,"COT PUTEK, KOTA JUANG, BIREUEN, ACEH",1,18,202,220
https://kawalpemilu.org#4879,"UTEUN REUTOH, KOTA JUANG, BIREUEN, ACEH",1,7,145,152
https://kawalpemilu.org#4880,"GEULANGGANG BARO, KOTA JUANG, BIREUEN, ACEH",1,32,164,196
https://kawalpemilu.org#4880,"GEULANGGANG BARO, KOTA JUANG, BIREUEN, ACEH",2,22,156,178
https://kawalpemilu.org#4880,"GEULANGGANG BARO, KOTA JUANG, BIREUEN, ACEH",3,44,184,228
https://kawalpemilu.org#4883,"COT BATEE, KUALA, BIREUEN, ACEH",1,18,179,197
https://kawalpemilu.org#4883,"COT BATEE, KUALA, BIREUEN, ACEH",2,16,161,177
https://kawalpemilu.org#4883,"COT BATEE, KUALA, BIREUEN, ACEH",3,7,167,174
https://kawalpemilu.org#4883,"COT BATEE, KUALA, BIREUEN, ACEH",5,5,195,200
https://kawalpemilu.org#4883,"COT BATEE, KUALA, BIREUEN, ACEH",6,16,175,191
https://kawalpemilu.org#4884,"COT UNOE, KUALA, BIREUEN, ACEH",1,16,191,207
https://kawalpemilu.org#4884,"COT UNOE, KUALA, BIREUEN, ACEH",2,20,207,227
https://kawalpemilu.org#4885,"KUTA BARO, KUALA, BIREUEN, ACEH",1,14,184,198
https://kawalpemilu.org#4885,"KUTA BARO, KUALA, BIREUEN, ACEH",2,12,175,187
https://kawalpemilu.org#4885,"KUTA BARO, KUALA, BIREUEN, ACEH",3,14,161,175
https://kawalpemilu.org#4886,"COT GEULUMPANG, KUALA, BIREUEN, ACEH",1,4,180,184
https://kawalpemilu.org#4887,"COT KUTA, KUALA, BIREUEN, ACEH",1,12,199,211
https://kawalpemilu.org#4887,"COT KUTA, KUALA, BIREUEN, ACEH",2,21,173,194
https://kawalpemilu.org#4888,"GEULUMPANG BAROH, KUALA, BIREUEN, ACEH",1,4,173,177
https://kawalpemilu.org#4888,"GEULUMPANG BAROH, KUALA, BIREUEN, ACEH",2,8,170,178
https://kawalpemilu.org#4889,"KRUENG JULI TIMU, KUALA, BIREUEN, ACEH",1,6,242,248
https://kawalpemilu.org#4889,"KRUENG JULI TIMU, KUALA, BIREUEN, ACEH",2,15,216,231
https://kawalpemilu.org#4889,"KRUENG JULI TIMU, KUALA, BIREUEN, ACEH",3,15,220,235
https://kawalpemilu.org#4890,"KRUENG JULI BARAT, KUALA, BIREUEN, ACEH",1,11,196,207
https://kawalpemilu.org#4890,"KRUENG JULI BARAT, KUALA, BIREUEN, ACEH",2,5,169,174
https://kawalpemilu.org#4890,"KRUENG JULI BARAT, KUALA, BIREUEN, ACEH",3,18,142,160
https://kawalpemilu.org#4891,"COT TRIENG, KUALA, BIREUEN, ACEH",1,15,179,194
https://kawalpemilu.org#4891,"COT TRIENG, KUALA, BIREUEN, ACEH",2,12,182,194
https://kawalpemilu.org#4891,"COT TRIENG, KUALA, BIREUEN, ACEH",3,15,161,176
https://kawalpemilu.org#4891,"COT TRIENG, KUALA, BIREUEN, ACEH",4,16,153,169
https://kawalpemilu.org#4892,"LHOK AWE AWE, KUALA, BIREUEN, ACEH",1,10,193,203
https://kawalpemilu.org#4892,"LHOK AWE AWE, KUALA, BIREUEN, ACEH",2,10,175,185
https://kawalpemilu.org#4892,"LHOK AWE AWE, KUALA, BIREUEN, ACEH",3,15,171,186
https://kawalpemilu.org#4892,"LHOK AWE AWE, KUALA, BIREUEN, ACEH",4,7,182,189
https://kawalpemilu.org#4892,"LHOK AWE AWE, KUALA, BIREUEN, ACEH",5,15,162,177
https://kawalpemilu.org#4893,"COT LAGASAWA, KUALA, BIREUEN, ACEH",1,4,140,144
https://kawalpemilu.org#4893,"COT LAGASAWA, KUALA, BIREUEN, ACEH",2,6,134,140
https://kawalpemilu.org#4894,"COT U SIBAK, KUALA, BIREUEN, ACEH",1,6,150,156
https://kawalpemilu.org#4894,"COT U SIBAK, KUALA, BIREUEN, ACEH",2,20,149,169
https://kawalpemilu.org#4895,"LANCOK PANTE ARA, KUALA, BIREUEN, ACEH",1,12,119,131
https://kawalpemilu.org#4895,"LANCOK PANTE ARA, KUALA, BIREUEN, ACEH",2,8,106,114
https://kawalpemilu.org#4896,"LANCOK LANCOK, KUALA, BIREUEN, ACEH",1,8,181,189
https://kawalpemilu.org#4896,"LANCOK LANCOK, KUALA, BIREUEN, ACEH",2,13,159,172
https://kawalpemilu.org#4896,"LANCOK LANCOK, KUALA, BIREUEN, ACEH",3,5,162,167
https://kawalpemilu.org#4897,"KAREUENG, KUALA, BIREUEN, ACEH",1,12,195,207
https://kawalpemilu.org#4897,"KAREUENG, KUALA, BIREUEN, ACEH",2,4,170,174
https://kawalpemilu.org#4898,"BALEE KUYUN, KUALA, BIREUEN, ACEH",1,9,178,187
https://kawalpemilu.org#4899,"UJONG BLANG, KUALA, BIREUEN, ACEH",1,11,164,175
https://kawalpemilu.org#4899,"UJONG BLANG, KUALA, BIREUEN, ACEH",2,12,153,165
https://kawalpemilu.org#4899,"UJONG BLANG, KUALA, BIREUEN, ACEH",3,15,160,175
https://kawalpemilu.org#4900,"UJONG BLANG MESJID, KUALA, BIREUEN, ACEH",1,11,124,135
https://kawalpemilu.org#4900,"UJONG BLANG MESJID, KUALA, BIREUEN, ACEH",2,4,133,137
https://kawalpemilu.org#4900,"UJONG BLANG MESJID, KUALA, BIREUEN, ACEH",3,9,163,172
https://kawalpemilu.org#4901,"WEU JANGKA, KUALA, BIREUEN, ACEH",2,14,170,184
https://kawalpemilu.org#4901,"WEU JANGKA, KUALA, BIREUEN, ACEH",3,13,171,184
https://kawalpemilu.org#4902,"KUALA RAJA, KUALA, BIREUEN, ACEH",1,31,127,158
https://kawalpemilu.org#4902,"KUALA RAJA, KUALA, BIREUEN, ACEH",2,18,144,162
https://kawalpemilu.org#4902,"KUALA RAJA, KUALA, BIREUEN, ACEH",3,17,123,140
https://kawalpemilu.org#4904,"LUENG DANEUN, PEUSANGAN SIBLAH KRUENG, BIREUEN, ACEH",1,11,184,195
https://kawalpemilu.org#4904,"LUENG DANEUN, PEUSANGAN SIBLAH KRUENG, BIREUEN, ACEH",2,5,199,204
https://kawalpemilu.org#4904,"LUENG DANEUN, PEUSANGAN SIBLAH KRUENG, BIREUEN, ACEH",3,10,196,206
https://kawalpemilu.org#4905,"RAMBONG PAYONG, PEUSANGAN SIBLAH KRUENG, BIREUEN, ACEH",1,7,120,127
https://kawalpemilu.org#4905,"RAMBONG PAYONG, PEUSANGAN SIBLAH KRUENG, BIREUEN, ACEH",2,7,141,148
https://kawalpemilu.org#4906,"ALUE KUPULA, PEUSANGAN SIBLAH KRUENG, BIREUEN, ACEH",1,12,187,199
https://kawalpemilu.org#4907,"BLANG CIRIH, PEUSANGAN SIBLAH KRUENG, BIREUEN, ACEH",1,10,177,187
https://kawalpemilu.org#4908,"KUBU, PEUSANGAN SIBLAH KRUENG, BIREUEN, ACEH",1,19,185,204
https://kawalpemilu.org#4908,"KUBU, PEUSANGAN SIBLAH KRUENG, BIREUEN, ACEH",2,18,182,200
https://kawalpemilu.org#4909,"TEUPIN RAYA, PEUSANGAN SIBLAH KRUENG, BIREUEN, ACEH",1,10,116,126
https://kawalpemilu.org#4909,"TEUPIN RAYA, PEUSANGAN SIBLAH KRUENG, BIREUEN, ACEH",2,5,125,130
https://kawalpemilu.org#4911,"KUBU RAYA, PEUSANGAN SIBLAH KRUENG, BIREUEN, ACEH",1,11,137,148
https://kawalpemilu.org#4911,"KUBU RAYA, PEUSANGAN SIBLAH KRUENG, BIREUEN, ACEH",2,16,144,160
https://kawalpemilu.org#4912,"PANTE BARO GLEE SIBLAH, PEUSANGAN SIBLAH KRUENG, BIREUEN, ACEH",1,5,121,126
https://kawalpemilu.org#4912,"PANTE BARO GLEE SIBLAH, PEUSANGAN SIBLAH KRUENG, BIREUEN, ACEH",2,11,113,124
https://kawalpemilu.org#4913,"PANTE BARO KUMBANG, PEUSANGAN SIBLAH KRUENG, BIREUEN, ACEH",1,6,165,171
https://kawalpemilu.org#4913,"PANTE BARO KUMBANG, PEUSANGAN SIBLAH KRUENG, BIREUEN, ACEH",2,6,172,178
https://kawalpemilu.org#4913,"PANTE BARO KUMBANG, PEUSANGAN SIBLAH KRUENG, BIREUEN, ACEH",3,3,190,193
https://kawalpemilu.org#4914,"PANTE BARO BUKET PANYANG, PEUSANGAN SIBLAH KRUENG, BIREUEN, ACEH",1,11,200,211
https://kawalpemilu.org#4915,"ALUE KRUEB, PEUSANGAN SIBLAH KRUENG, BIREUEN, ACEH",1,26,186,212
https://kawalpemilu.org#4915,"ALUE KRUEB, PEUSANGAN SIBLAH KRUENG, BIREUEN, ACEH",2,14,195,209
https://kawalpemilu.org#4916,"ALUE IET, PEUSANGAN SIBLAH KRUENG, BIREUEN, ACEH",1,7,195,202
https://kawalpemilu.org#4916,"ALUE IET, PEUSANGAN SIBLAH KRUENG, BIREUEN, ACEH",2,9,161,170
https://kawalpemilu.org#4917,"PALOH MAMPRE, PEUSANGAN SIBLAH KRUENG, BIREUEN, ACEH",1,8,112,120
https://kawalpemilu.org#4918,"BUKET SUDAN, PEUSANGAN SIBLAH KRUENG, BIREUEN, ACEH",1,15,93,108
https://kawalpemilu.org#4918,"BUKET SUDAN, PEUSANGAN SIBLAH KRUENG, BIREUEN, ACEH",2,19,121,140
https://kawalpemilu.org#4919,"AWE GEUTAH, PEUSANGAN SIBLAH KRUENG, BIREUEN, ACEH",1,7,201,208
https://kawalpemilu.org#4919,"AWE GEUTAH, PEUSANGAN SIBLAH KRUENG, BIREUEN, ACEH",2,6,208,214
https://kawalpemilu.org#4920,"COT SALEUT, PEUSANGAN SIBLAH KRUENG, BIREUEN, ACEH",1,8,202,210
https://kawalpemilu.org#4921,"ALUE GLEUMPANG, PEUSANGAN SIBLAH KRUENG, BIREUEN, ACEH",1,2,195,197
https://kawalpemilu.org#4922,"PANTE KARYA, PEUSANGAN SIBLAH KRUENG, BIREUEN, ACEH",1,21,111,132
https://kawalpemilu.org#4922,"PANTE KARYA, PEUSANGAN SIBLAH KRUENG, BIREUEN, ACEH",2,11,150,161
https://kawalpemilu.org#4923,"AWE GEUTAH PAYA, PEUSANGAN SIBLAH KRUENG, BIREUEN, ACEH",1,11,157,168
https://kawalpemilu.org#4924,"DAYAH BAROE, PEUSANGAN SIBLAH KRUENG, BIREUEN, ACEH",1,6,150,156
https://kawalpemilu.org#4924,"DAYAH BAROE, PEUSANGAN SIBLAH KRUENG, BIREUEN, ACEH",2,6,142,148
https://kawalpemilu.org#4926,"DARUSSALAM, PEUSANGAN SELATAN, BIREUEN, ACEH",2,8,138,146
https://kawalpemilu.org#4926,"DARUSSALAM, PEUSANGAN SELATAN, BIREUEN, ACEH",3,5,157,162
https://kawalpemilu.org#4927,"BLANG MANE, PEUSANGAN SELATAN, BIREUEN, ACEH",1,6,192,198
https://kawalpemilu.org#4927,"BLANG MANE, PEUSANGAN SELATAN, BIREUEN, ACEH",2,18,152,170
https://kawalpemilu.org#4928,"TANJONG BEURIDI, PEUSANGAN SELATAN, BIREUEN, ACEH",1,14,180,194
https://kawalpemilu.org#4928,"TANJONG BEURIDI, PEUSANGAN SELATAN, BIREUEN, ACEH",2,10,165,175
https://kawalpemilu.org#4928,"TANJONG BEURIDI, PEUSANGAN SELATAN, BIREUEN, ACEH",3,7,182,189
https://kawalpemilu.org#4928,"TANJONG BEURIDI, PEUSANGAN SELATAN, BIREUEN, ACEH",4,0,197,197
https://kawalpemilu.org#4928,"TANJONG BEURIDI, PEUSANGAN SELATAN, BIREUEN, ACEH",5,10,160,170
https://kawalpemilu.org#4928,"TANJONG BEURIDI, PEUSANGAN SELATAN, BIREUEN, ACEH",6,10,167,177
https://kawalpemilu.org#4928,"TANJONG BEURIDI, PEUSANGAN SELATAN, BIREUEN, ACEH",7,9,180,189
https://kawalpemilu.org#4929,"DARUL AMAN, PEUSANGAN SELATAN, BIREUEN, ACEH",1,15,145,160
https://kawalpemilu.org#4929,"DARUL AMAN, PEUSANGAN SELATAN, BIREUEN, ACEH",3,12,158,170
https://kawalpemilu.org#4929,"DARUL AMAN, PEUSANGAN SELATAN, BIREUEN, ACEH",4,10,158,168
https://kawalpemilu.org#4930,"GEULANGGANG LABU, PEUSANGAN SELATAN, BIREUEN, ACEH",2,9,160,169
https://kawalpemilu.org#4931,"TEUPIN REUDEUP, PEUSANGAN SELATAN, BIREUEN, ACEH",1,11,126,137
https://kawalpemilu.org#4931,"TEUPIN REUDEUP, PEUSANGAN SELATAN, BIREUEN, ACEH",2,17,105,122
https://kawalpemilu.org#4932,"ULEE JALAN, PEUSANGAN SELATAN, BIREUEN, ACEH",1,12,162,174
https://kawalpemilu.org#4932,"ULEE JALAN, PEUSANGAN SELATAN, BIREUEN, ACEH",2,14,179,193
https://kawalpemilu.org#4933,"PAYA CROT, PEUSANGAN SELATAN, BIREUEN, ACEH",1,7,131,138
https://kawalpemilu.org#4934,"PULO PANYANG, PEUSANGAN SELATAN, BIREUEN, ACEH",1,12,168,180
https://kawalpemilu.org#4934,"PULO PANYANG, PEUSANGAN SELATAN, BIREUEN, ACEH",2,10,186,196
https://kawalpemilu.org#4935,"ME RAYEUK, PEUSANGAN SELATAN, BIREUEN, ACEH",1,25,124,149
https://kawalpemilu.org#4935,"ME RAYEUK, PEUSANGAN SELATAN, BIREUEN, ACEH",2,23,121,144
https://kawalpemilu.org#4936,"UTEUEN GATHOM, PEUSANGAN SELATAN, BIREUEN, ACEH",1,14,146,160
https://kawalpemilu.org#4936,"UTEUEN GATHOM, PEUSANGAN SELATAN, BIREUEN, ACEH",2,12,128,140
https://kawalpemilu.org#4936,"UTEUEN GATHOM, PEUSANGAN SELATAN, BIREUEN, ACEH",3,7,162,169
https://kawalpemilu.org#4936,"UTEUEN GATHOM, PEUSANGAN SELATAN, BIREUEN, ACEH",4,10,159,169
https://kawalpemilu.org#4936,"UTEUEN GATHOM, PEUSANGAN SELATAN, BIREUEN, ACEH",5,7,140,147
https://kawalpemilu.org#4937,"LUENG KULI, PEUSANGAN SELATAN, BIREUEN, ACEH",1,6,154,160
https://kawalpemilu.org#4937,"LUENG KULI, PEUSANGAN SELATAN, BIREUEN, ACEH",2,8,150,158
https://kawalpemilu.org#4938,"LUENG BARO, PEUSANGAN SELATAN, BIREUEN, ACEH",1,2,146,148
https://kawalpemilu.org#4938,"LUENG BARO, PEUSANGAN SELATAN, BIREUEN, ACEH",2,7,158,165
https://kawalpemilu.org#4939,"MATA IE, PEUSANGAN SELATAN, BIREUEN, ACEH",1,18,151,169
https://kawalpemilu.org#4939,"MATA IE, PEUSANGAN SELATAN, BIREUEN, ACEH",2,8,143,151
https://kawalpemilu.org#4940,"BLANG CUT, PEUSANGAN SELATAN, BIREUEN, ACEH",1,7,128,135
https://kawalpemilu.org#4941,"BLANG PALA, PEUSANGAN SELATAN, BIREUEN, ACEH",1,5,108,113
https://kawalpemilu.org#4942,"KRUENG BEUKAH, PEUSANGAN SELATAN, BIREUEN, ACEH",1,3,127,130
https://kawalpemilu.org#4943,"CEUBREK, PEUSANGAN SELATAN, BIREUEN, ACEH",1,10,177,187
https://kawalpemilu.org#4944,"UTEUN RAYA, PEUSANGAN SELATAN, BIREUEN, ACEH",1,7,146,153
https://kawalpemilu.org#4944,"UTEUN RAYA, PEUSANGAN SELATAN, BIREUEN, ACEH",2,3,148,151
https://kawalpemilu.org#4945,"PULO HARAPAN, PEUSANGAN SELATAN, BIREUEN, ACEH",1,25,195,220
https://kawalpemilu.org#4946,"SUWAK, PEUSANGAN SELATAN, BIREUEN, ACEH",1,10,123,133
https://kawalpemilu.org#4946,"SUWAK, PEUSANGAN SELATAN, BIREUEN, ACEH",2,10,112,122
https://kawalpemilu.org#4948,"PALOH DAMA, KUTA BLANG, BIREUEN, ACEH",1,13,183,196
https://kawalpemilu.org#4949,"PAYA RANGKULUH, KUTA BLANG, BIREUEN, ACEH",1,8,159,167
https://kawalpemilu.org#4949,"PAYA RANGKULUH, KUTA BLANG, BIREUEN, ACEH",2,10,156,166
https://kawalpemilu.org#4950,"PALOH RAYA, KUTA BLANG, BIREUEN, ACEH",1,6,216,222
https://kawalpemilu.org#4951,"CRUENG KUMBANG, KUTA BLANG, BIREUEN, ACEH",1,9,130,139
https://kawalpemilu.org#4952,"TANJONG SIRON, KUTA BLANG, BIREUEN, ACEH",1,7,100,107
https://kawalpemilu.org#4952,"TANJONG SIRON, KUTA BLANG, BIREUEN, ACEH",2,14,103,117
https://kawalpemilu.org#4953,"BALEE MEE, KUTA BLANG, BIREUEN, ACEH",1,2,108,110
https://kawalpemilu.org#4954,"BUKET DALAM, KUTA BLANG, BIREUEN, ACEH",1,11,184,195
https://kawalpemilu.org#4955,"PARANG SIKUREUNG, KUTA BLANG, BIREUEN, ACEH",1,0,100,100
https://kawalpemilu.org#4956,"COT BAROH, KUTA BLANG, BIREUEN, ACEH",1,10,185,195
https://kawalpemilu.org#4956,"COT BAROH, KUTA BLANG, BIREUEN, ACEH",2,4,183,187
https://kawalpemilu.org#4956,"COT BAROH, KUTA BLANG, BIREUEN, ACEH",3,5,184,189
https://kawalpemilu.org#4957,"PALOH PEURADI, KUTA BLANG, BIREUEN, ACEH",1,9,191,200
https://kawalpemilu.org#4958,"COT MEE, KUTA BLANG, BIREUEN, ACEH",1,4,115,119
https://kawalpemilu.org#4958,"COT MEE, KUTA BLANG, BIREUEN, ACEH",2,5,101,106
https://kawalpemilu.org#4959,"BLANG MEE, KUTA BLANG, BIREUEN, ACEH",2,9,205,214
https://kawalpemilu.org#4959,"BLANG MEE, KUTA BLANG, BIREUEN, ACEH",3,6,207,213
https://kawalpemilu.org#4959,"BLANG MEE, KUTA BLANG, BIREUEN, ACEH",4,7,218,225
https://kawalpemilu.org#4960,"GLEE PUTOH, KUTA BLANG, BIREUEN, ACEH",1,7,128,135
https://kawalpemilu.org#4961,"TINGKEUM BARO, KUTA BLANG, BIREUEN, ACEH",1,14,150,164
https://kawalpemilu.org#4961,"TINGKEUM BARO, KUTA BLANG, BIREUEN, ACEH",2,13,162,175
https://kawalpemilu.org#4962,"TINGKEUM MANYANG, KUTA BLANG, BIREUEN, ACEH",1,6,191,197
https://kawalpemilu.org#4962,"TINGKEUM MANYANG, KUTA BLANG, BIREUEN, ACEH",2,8,202,210
https://kawalpemilu.org#4962,"TINGKEUM MANYANG, KUTA BLANG, BIREUEN, ACEH",3,15,185,200
https://kawalpemilu.org#4962,"TINGKEUM MANYANG, KUTA BLANG, BIREUEN, ACEH",4,10,202,212
https://kawalpemilu.org#4962,"TINGKEUM MANYANG, KUTA BLANG, BIREUEN, ACEH",5,9,182,191
https://kawalpemilu.org#4962,"TINGKEUM MANYANG, KUTA BLANG, BIREUEN, ACEH",6,9,194,203
https://kawalpemilu.org#4962,"TINGKEUM MANYANG, KUTA BLANG, BIREUEN, ACEH",7,9,182,191
https://kawalpemilu.org#4963,"KULU, KUTA BLANG, BIREUEN, ACEH",1,14,191,205
https://kawalpemilu.org#4964,"BABAH SUAK, KUTA BLANG, BIREUEN, ACEH",1,4,108,112
https://kawalpemilu.org#4965,"ULEE PUSONG, KUTA BLANG, BIREUEN, ACEH",1,15,177,192
https://kawalpemilu.org#4965,"ULEE PUSONG, KUTA BLANG, BIREUEN, ACEH",2,8,191,199
https://kawalpemilu.org#4966,"PULO NGA, KUTA BLANG, BIREUEN, ACEH",1,5,95,100
https://kawalpemilu.org#4967,"MEUSEE, KUTA BLANG, BIREUEN, ACEH",1,5,171,176
https://kawalpemilu.org#4967,"MEUSEE, KUTA BLANG, BIREUEN, ACEH",2,9,173,182
https://kawalpemilu.org#4967,"MEUSEE, KUTA BLANG, BIREUEN, ACEH",3,19,174,193
https://kawalpemilu.org#4968,"BLANG PANJO, KUTA BLANG, BIREUEN, ACEH",1,4,222,226
https://kawalpemilu.org#4969,"BABAH JURONG, KUTA BLANG, BIREUEN, ACEH",2,14,118,132
https://kawalpemilu.org#4970,"DAYAH PANJOE, KUTA BLANG, BIREUEN, ACEH",2,5,136,141
https://kawalpemilu.org#4971,"PULO BLANG, KUTA BLANG, BIREUEN, ACEH",1,13,157,170
https://kawalpemilu.org#4972,"IM BUDEE, KUTA BLANG, BIREUEN, ACEH",1,5,215,220
https://kawalpemilu.org#4973,"PULO SIREN, KUTA BLANG, BIREUEN, ACEH",1,6,156,162
https://kawalpemilu.org#4974,"JAROMMAH ME, KUTA BLANG, BIREUEN, ACEH",1,9,130,139
https://kawalpemilu.org#4974,"JAROMMAH ME, KUTA BLANG, BIREUEN, ACEH",2,3,113,116
https://kawalpemilu.org#4975,"JAROMMAH BAROH, KUTA BLANG, BIREUEN, ACEH",1,19,185,204
https://kawalpemilu.org#4976,"LHOKNGA, KUTA BLANG, BIREUEN, ACEH",1,6,202,208
https://kawalpemilu.org#4977,"PULO REUDEUEP, KUTA BLANG, BIREUEN, ACEH",1,2,147,149
https://kawalpemilu.org#4977,"PULO REUDEUEP, KUTA BLANG, BIREUEN, ACEH",2,4,130,134
https://kawalpemilu.org#4978,"GEULANGGANG MEUNJEE, KUTA BLANG, BIREUEN, ACEH",1,6,207,213
https://kawalpemilu.org#4978,"GEULANGGANG MEUNJEE, KUTA BLANG, BIREUEN, ACEH",2,5,204,209
https://kawalpemilu.org#4979,"GEULANGGANG PANAH, KUTA BLANG, BIREUEN, ACEH",1,9,161,170
https://kawalpemilu.org#4980,"UJONG BLANG, KUTA BLANG, BIREUEN, ACEH",1,6,132,138
https://kawalpemilu.org#4980,"UJONG BLANG, KUTA BLANG, BIREUEN, ACEH",2,3,117,120
https://kawalpemilu.org#4981,"KULU KUTA, KUTA BLANG, BIREUEN, ACEH",1,14,154,168
https://kawalpemilu.org#4981,"KULU KUTA, KUTA BLANG, BIREUEN, ACEH",2,5,163,168
https://kawalpemilu.org#4982,"GEULANGGANG RAYEUK, KUTA BLANG, BIREUEN, ACEH",1,5,175,180
https://kawalpemilu.org#4983,"DAYAH MESJID, KUTA BLANG, BIREUEN, ACEH",1,12,107,119
https://kawalpemilu.org#4983,"DAYAH MESJID, KUTA BLANG, BIREUEN, ACEH",2,6,125,131
https://kawalpemilu.org#4984,"KEURUMBOK, KUTA BLANG, BIREUEN, ACEH",2,15,149,164
https://kawalpemilu.org#4985,"COT ARA, KUTA BLANG, BIREUEN, ACEH",1,11,143,154
https://kawalpemilu.org#4985,"COT ARA, KUTA BLANG, BIREUEN, ACEH",2,10,174,184
https://kawalpemilu.org#4986,"RANCONG, KUTA BLANG, BIREUEN, ACEH",1,7,129,136
https://kawalpemilu.org#4987,"JAMBO KAJEUNG, KUTA BLANG, BIREUEN, ACEH",1,6,103,109
https://kawalpemilu.org#4987,"JAMBO KAJEUNG, KUTA BLANG, BIREUEN, ACEH",2,7,92,99
https://kawalpemilu.org#4988,"PULO AWE, KUTA BLANG, BIREUEN, ACEH",1,6,146,152
https://kawalpemilu.org#4988,"PULO AWE, KUTA BLANG, BIREUEN, ACEH",2,5,150,155
https://kawalpemilu.org#4991,"PASAR BLANGPIDIE, BLANG PIDIE, ACEH BARAT DAYA, ACEH",1,53,164,217
https://kawalpemilu.org#4991,"PASAR BLANGPIDIE, BLANG PIDIE, ACEH BARAT DAYA, ACEH",2,52,161,213
https://kawalpemilu.org#4992,"GUHANG, BLANG PIDIE, ACEH BARAT DAYA, ACEH",1,15,181,196
https://kawalpemilu.org#4992,"GUHANG, BLANG PIDIE, ACEH BARAT DAYA, ACEH",2,23,156,179
https://kawalpemilu.org#4993,"SEUNALOH, BLANG PIDIE, ACEH BARAT DAYA, ACEH",1,22,173,195
https://kawalpemilu.org#4993,"SEUNALOH, BLANG PIDIE, ACEH BARAT DAYA, ACEH",2,13,187,200
https://kawalpemilu.org#4993,"SEUNALOH, BLANG PIDIE, ACEH BARAT DAYA, ACEH",3,18,152,170
https://kawalpemilu.org#4994,"LHEUNG ASAN, BLANG PIDIE, ACEH BARAT DAYA, ACEH",1,20,192,212
https://kawalpemilu.org#4994,"LHEUNG ASAN, BLANG PIDIE, ACEH BARAT DAYA, ACEH",2,4,178,182
https://kawalpemilu.org#4995,"LHUNG TAROK, BLANG PIDIE, ACEH BARAT DAYA, ACEH",1,13,195,208
https://kawalpemilu.org#4995,"LHUNG TAROK, BLANG PIDIE, ACEH BARAT DAYA, ACEH",2,13,169,182
https://kawalpemilu.org#4996,"COT JEURAT, BLANG PIDIE, ACEH BARAT DAYA, ACEH",1,3,174,177
https://kawalpemilu.org#4996,"COT JEURAT, BLANG PIDIE, ACEH BARAT DAYA, ACEH",2,7,163,170
https://kawalpemilu.org#4997,"MEUDANG ARA, BLANG PIDIE, ACEH BARAT DAYA, ACEH",1,30,219,249
https://kawalpemilu.org#4997,"MEUDANG ARA, BLANG PIDIE, ACEH BARAT DAYA, ACEH",2,25,234,259
https://kawalpemilu.org#4997,"MEUDANG ARA, BLANG PIDIE, ACEH BARAT DAYA, ACEH",3,21,233,254
https://kawalpemilu.org#4997,"MEUDANG ARA, BLANG PIDIE, ACEH BARAT DAYA, ACEH",4,31,205,236
https://kawalpemilu.org#4997,"MEUDANG ARA, BLANG PIDIE, ACEH BARAT DAYA, ACEH",5,26,208,234
https://kawalpemilu.org#4997,"MEUDANG ARA, BLANG PIDIE, ACEH BARAT DAYA, ACEH",6,15,187,202
https://kawalpemilu.org#4998,"KEDAI SIBLAH, BLANG PIDIE, ACEH BARAT DAYA, ACEH",1,32,201,233
https://kawalpemilu.org#4998,"KEDAI SIBLAH, BLANG PIDIE, ACEH BARAT DAYA, ACEH",2,28,239,267
https://kawalpemilu.org#4998,"KEDAI SIBLAH, BLANG PIDIE, ACEH BARAT DAYA, ACEH",3,45,217,265
https://kawalpemilu.org#4998,"KEDAI SIBLAH, BLANG PIDIE, ACEH BARAT DAYA, ACEH",4,32,214,246
https://kawalpemilu.org#4998,"KEDAI SIBLAH, BLANG PIDIE, ACEH BARAT DAYA, ACEH",5,25,208,233
https://kawalpemilu.org#4999,"KUTA BAHAGIA, BLANG PIDIE, ACEH BARAT DAYA, ACEH",1,9,128,137
https://kawalpemilu.org#4999,"KUTA BAHAGIA, BLANG PIDIE, ACEH BARAT DAYA, ACEH",2,19,122,141
https://kawalpemilu.org#5000,"KUTA TINGGI, BLANG PIDIE, ACEH BARAT DAYA, ACEH",1,13,215,228
https://kawalpemilu.org#5000,"KUTA TINGGI, BLANG PIDIE, ACEH BARAT DAYA, ACEH",2,15,234,249
https://kawalpemilu.org#5000,"KUTA TINGGI, BLANG PIDIE, ACEH BARAT DAYA, ACEH",3,23,223,246
https://kawalpemilu.org#5000,"KUTA TINGGI, BLANG PIDIE, ACEH BARAT DAYA, ACEH",4,25,192,217
https://kawalpemilu.org#5001,"MATA IE, BLANG PIDIE, ACEH BARAT DAYA, ACEH",2,20,255,275
https://kawalpemilu.org#5001,"MATA IE, BLANG PIDIE, ACEH BARAT DAYA, ACEH",3,18,254,272
https://kawalpemilu.org#5001,"MATA IE, BLANG PIDIE, ACEH BARAT DAYA, ACEH",4,14,240,254
https://kawalpemilu.org#5001,"MATA IE, BLANG PIDIE, ACEH BARAT DAYA, ACEH",5,22,201,223
https://kawalpemilu.org#5002,"GEULUMPANG PAYONG, BLANG PIDIE, ACEH BARAT DAYA, ACEH",1,14,243,257
https://kawalpemilu.org#5002,"GEULUMPANG PAYONG, BLANG PIDIE, ACEH BARAT DAYA, ACEH",2,20,269,289
https://kawalpemilu.org#5002,"GEULUMPANG PAYONG, BLANG PIDIE, ACEH BARAT DAYA, ACEH",3,17,196,213
https://kawalpemilu.org#5002,"GEULUMPANG PAYONG, BLANG PIDIE, ACEH BARAT DAYA, ACEH",4,10,184,194
https://kawalpemilu.org#5003,"PANTON RAYA, BLANG PIDIE, ACEH BARAT DAYA, ACEH",1,11,159,170
https://kawalpemilu.org#5004,"LAMKUTA, BLANG PIDIE, ACEH BARAT DAYA, ACEH",1,12,215,227
https://kawalpemilu.org#5004,"LAMKUTA, BLANG PIDIE, ACEH BARAT DAYA, ACEH",2,11,212,223
https://kawalpemilu.org#5005,"BAHARU, BLANG PIDIE, ACEH BARAT DAYA, ACEH",1,10,215,225
https://kawalpemilu.org#5005,"BAHARU, BLANG PIDIE, ACEH BARAT DAYA, ACEH",2,9,224,233
https://kawalpemilu.org#5005,"BAHARU, BLANG PIDIE, ACEH BARAT DAYA, ACEH",3,16,179,195
https://kawalpemilu.org#5007,"GUDANG, BLANG PIDIE, ACEH BARAT DAYA, ACEH",1,11,136,147
https://kawalpemilu.org#5007,"GUDANG, BLANG PIDIE, ACEH BARAT DAYA, ACEH",2,37,144,181
https://kawalpemilu.org#5008,"KUTA TUHA, BLANG PIDIE, ACEH BARAT DAYA, ACEH",1,20,228,248
https://kawalpemilu.org#5008,"KUTA TUHA, BLANG PIDIE, ACEH BARAT DAYA, ACEH",2,25,198,223
https://kawalpemilu.org#5008,"KUTA TUHA, BLANG PIDIE, ACEH BARAT DAYA, ACEH",3,22,213,235
https://kawalpemilu.org#5008,"KUTA TUHA, BLANG PIDIE, ACEH BARAT DAYA, ACEH",4,23,216,239
https://kawalpemilu.org#5009,"ALUE MANGGOTA, BLANG PIDIE, ACEH BARAT DAYA, ACEH",1,7,207,214
https://kawalpemilu.org#5009,"ALUE MANGGOTA, BLANG PIDIE, ACEH BARAT DAYA, ACEH",2,21,194,215
https://kawalpemilu.org#5009,"ALUE MANGGOTA, BLANG PIDIE, ACEH BARAT DAYA, ACEH",3,9,211,220
https://kawalpemilu.org#929299,"BABAH LHUNG, BLANG PIDIE, ACEH BARAT DAYA, ACEH",1,11,181,192
https://kawalpemilu.org#929299,"BABAH LHUNG, BLANG PIDIE, ACEH BARAT DAYA, ACEH",2,11,222,233
https://kawalpemilu.org#929299,"BABAH LHUNG, BLANG PIDIE, ACEH BARAT DAYA, ACEH",3,10,238,248
https://kawalpemilu.org#929299,"BABAH LHUNG, BLANG PIDIE, ACEH BARAT DAYA, ACEH",4,9,176,185
https://kawalpemilu.org#930161,"KEUDE PAYA, BLANG PIDIE, ACEH BARAT DAYA, ACEH",1,11,176,187
https://kawalpemilu.org#930161,"KEUDE PAYA, BLANG PIDIE, ACEH BARAT DAYA, ACEH",2,14,178,192
https://kawalpemilu.org#930161,"KEUDE PAYA, BLANG PIDIE, ACEH BARAT DAYA, ACEH",3,8,172,180
https://kawalpemilu.org#5012,"ADAN, TANGAN-TANGAN, ACEH BARAT DAYA, ACEH",1,17,166,183
https://kawalpemilu.org#5012,"ADAN, TANGAN-TANGAN, ACEH BARAT DAYA, ACEH",2,2,233,235
https://kawalpemilu.org#5012,"ADAN, TANGAN-TANGAN, ACEH BARAT DAYA, ACEH",4,10,182,192
https://kawalpemilu.org#5012,"ADAN, TANGAN-TANGAN, ACEH BARAT DAYA, ACEH",5,14,152,166
https://kawalpemilu.org#5013,"PANTE GEULUMPANG, TANGAN-TANGAN, ACEH BARAT DAYA, ACEH",1,11,217,228
https://kawalpemilu.org#5013,"PANTE GEULUMPANG, TANGAN-TANGAN, ACEH BARAT DAYA, ACEH",2,10,209,219
https://kawalpemilu.org#5014,"MESJID, TANGAN-TANGAN, ACEH BARAT DAYA, ACEH",1,34,188,222
https://kawalpemilu.org#5015,"GUNUNG CUT, TANGAN-TANGAN, ACEH BARAT DAYA, ACEH",1,12,249,261
https://kawalpemilu.org#5015,"GUNUNG CUT, TANGAN-TANGAN, ACEH BARAT DAYA, ACEH",2,10,252,262
https://kawalpemilu.org#5015,"GUNUNG CUT, TANGAN-TANGAN, ACEH BARAT DAYA, ACEH",3,17,207,224
https://kawalpemilu.org#5016,"PADANG KAWA, TANGAN-TANGAN, ACEH BARAT DAYA, ACEH",1,30,194,224
https://kawalpemilu.org#5016,"PADANG KAWA, TANGAN-TANGAN, ACEH BARAT DAYA, ACEH",2,21,214,235
https://kawalpemilu.org#5017,"BLANG PADANG, TANGAN-TANGAN, ACEH BARAT DAYA, ACEH",1,47,163,211
https://kawalpemilu.org#5017,"BLANG PADANG, TANGAN-TANGAN, ACEH BARAT DAYA, ACEH",2,33,164,197
https://kawalpemilu.org#5017,"BLANG PADANG, TANGAN-TANGAN, ACEH BARAT DAYA, ACEH",3,33,138,171
https://kawalpemilu.org#5018,"PADANG BAK JEUMPA, TANGAN-TANGAN, ACEH BARAT DAYA, ACEH",1,24,176,200
https://kawalpemilu.org#5018,"PADANG BAK JEUMPA, TANGAN-TANGAN, ACEH BARAT DAYA, ACEH",2,20,175,195
https://kawalpemilu.org#5018,"PADANG BAK JEUMPA, TANGAN-TANGAN, ACEH BARAT DAYA, ACEH",3,18,164,182
https://kawalpemilu.org#5019,"SUAK LABU, TANGAN-TANGAN, ACEH BARAT DAYA, ACEH",1,15,157,172
https://kawalpemilu.org#5019,"SUAK LABU, TANGAN-TANGAN, ACEH BARAT DAYA, ACEH",2,18,169,187
https://kawalpemilu.org#5020,"BINEH KRUENG, TANGAN-TANGAN, ACEH BARAT DAYA, ACEH",1,7,210,217
https://kawalpemilu.org#5020,"BINEH KRUENG, TANGAN-TANGAN, ACEH BARAT DAYA, ACEH",2,5,206,211
https://kawalpemilu.org#5020,"BINEH KRUENG, TANGAN-TANGAN, ACEH BARAT DAYA, ACEH",3,10,180,190
https://kawalpemilu.org#5021,"DRIEN KIPAH, TANGAN-TANGAN, ACEH BARAT DAYA, ACEH",1,7,148,155
https://kawalpemilu.org#5021,"DRIEN KIPAH, TANGAN-TANGAN, ACEH BARAT DAYA, ACEH",2,8,146,154
https://kawalpemilu.org#5022,"DRIEN JALO, TANGAN-TANGAN, ACEH BARAT DAYA, ACEH",1,21,161,182
https://kawalpemilu.org#5022,"DRIEN JALO, TANGAN-TANGAN, ACEH BARAT DAYA, ACEH",2,14,135,149
https://kawalpemilu.org#5023,"PADANG BAKJOK, TANGAN-TANGAN, ACEH BARAT DAYA, ACEH",1,10,170,180
https://kawalpemilu.org#5023,"PADANG BAKJOK, TANGAN-TANGAN, ACEH BARAT DAYA, ACEH",2,8,160,168
https://kawalpemilu.org#5024,"SUAK NIBONG, TANGAN-TANGAN, ACEH BARAT DAYA, ACEH",1,23,218,241
https://kawalpemilu.org#5024,"SUAK NIBONG, TANGAN-TANGAN, ACEH BARAT DAYA, ACEH",2,33,177,210
https://kawalpemilu.org#5025,"KUTA BAK DRIEN, TANGAN-TANGAN, ACEH BARAT DAYA, ACEH",1,15,187,202
https://kawalpemilu.org#5025,"KUTA BAK DRIEN, TANGAN-TANGAN, ACEH BARAT DAYA, ACEH",2,16,185,201
https://kawalpemilu.org#5025,"KUTA BAK DRIEN, TANGAN-TANGAN, ACEH BARAT DAYA, ACEH",3,33,169,202
https://kawalpemilu.org#5025,"KUTA BAK DRIEN, TANGAN-TANGAN, ACEH BARAT DAYA, ACEH",4,17,172,189
https://kawalpemilu.org#5026,"IE LHOP, TANGAN-TANGAN, ACEH BARAT DAYA, ACEH",1,13,181,194
https://kawalpemilu.org#5026,"IE LHOP, TANGAN-TANGAN, ACEH BARAT DAYA, ACEH",2,26,199,225
https://kawalpemilu.org#5026,"IE LHOP, TANGAN-TANGAN, ACEH BARAT DAYA, ACEH",3,22,166,188
https://kawalpemilu.org#5026,"IE LHOP, TANGAN-TANGAN, ACEH BARAT DAYA, ACEH",4,13,86,99
https://kawalpemilu.org#5028,"KEDAI, MANGGENG, ACEH BARAT DAYA, ACEH",1,37,166,203
https://kawalpemilu.org#5028,"KEDAI, MANGGENG, ACEH BARAT DAYA, ACEH",2,28,170,198
https://kawalpemilu.org#5028,"KEDAI, MANGGENG, ACEH BARAT DAYA, ACEH",3,15,156,171
https://kawalpemilu.org#5029,"PADANG, MANGGENG, ACEH BARAT DAYA, ACEH",1,17,219,236
https://kawalpemilu.org#5029,"PADANG, MANGGENG, ACEH BARAT DAYA, ACEH",2,24,201,225
https://kawalpemilu.org#5029,"PADANG, MANGGENG, ACEH BARAT DAYA, ACEH",3,19,196,215
https://kawalpemilu.org#5030,"TENGAH, MANGGENG, ACEH BARAT DAYA, ACEH",1,18,143,161
https://kawalpemilu.org#5030,"TENGAH, MANGGENG, ACEH BARAT DAYA, ACEH",2,23,142,165
https://kawalpemilu.org#5031,"PAYA, MANGGENG, ACEH BARAT DAYA, ACEH",1,7,132,139
https://kawalpemilu.org#5031,"PAYA, MANGGENG, ACEH BARAT DAYA, ACEH",2,10,123,133
https://kawalpemilu.org#5032,"SEUNELOP, MANGGENG, ACEH BARAT DAYA, ACEH",1,19,184,203
https://kawalpemilu.org#5032,"SEUNELOP, MANGGENG, ACEH BARAT DAYA, ACEH",2,12,194,206
https://kawalpemilu.org#5032,"SEUNELOP, MANGGENG, ACEH BARAT DAYA, ACEH",3,11,164,175
https://kawalpemilu.org#5032,"SEUNELOP, MANGGENG, ACEH BARAT DAYA, ACEH",4,13,174,187
https://kawalpemilu.org#5033,"LHOK PUNTOY, MANGGENG, ACEH BARAT DAYA, ACEH",1,32,201,233
https://kawalpemilu.org#5034,"LADANG PANAH, MANGGENG, ACEH BARAT DAYA, ACEH",1,15,117,132
https://kawalpemilu.org#5034,"LADANG PANAH, MANGGENG, ACEH BARAT DAYA, ACEH",2,9,109,118
https://kawalpemilu.org#5035,"PUSU, MANGGENG, ACEH BARAT DAYA, ACEH",1,15,179,194
https://kawalpemilu.org#5035,"PUSU, MANGGENG, ACEH BARAT DAYA, ACEH",2,17,164,181
https://kawalpemilu.org#5035,"PUSU, MANGGENG, ACEH BARAT DAYA, ACEH",3,17,146,163
https://kawalpemilu.org#5036,"PANTON MAKMUR, MANGGENG, ACEH BARAT DAYA, ACEH",1,15,148,163
https://kawalpemilu.org#5036,"PANTON MAKMUR, MANGGENG, ACEH BARAT DAYA, ACEH",2,8,137,145
https://kawalpemilu.org#5038,"LHUNG BARO, MANGGENG, ACEH BARAT DAYA, ACEH",1,15,186,201
https://kawalpemilu.org#5038,"LHUNG BARO, MANGGENG, ACEH BARAT DAYA, ACEH",2,19,177,196
https://kawalpemilu.org#5039,"TOKOH, MANGGENG, ACEH BARAT DAYA, ACEH",1,21,203,224
https://kawalpemilu.org#5039,"TOKOH, MANGGENG, ACEH BARAT DAYA, ACEH",2,17,117,134
https://kawalpemilu.org#5040,"BLANG MANGGENG, MANGGENG, ACEH BARAT DAYA, ACEH",1,14,183,197
https://kawalpemilu.org#5040,"BLANG MANGGENG, MANGGENG, ACEH BARAT DAYA, ACEH",2,32,154,186
https://kawalpemilu.org#5041,"PANTE RAJA, MANGGENG, ACEH BARAT DAYA, ACEH",1,8,151,159
https://kawalpemilu.org#5041,"PANTE RAJA, MANGGENG, ACEH BARAT DAYA, ACEH",2,7,165,172
https://kawalpemilu.org#5041,"PANTE RAJA, MANGGENG, ACEH BARAT DAYA, ACEH",3,5,122,127
https://kawalpemilu.org#5042,"SEJAHTERA, MANGGENG, ACEH BARAT DAYA, ACEH",1,33,179,212
https://kawalpemilu.org#5042,"SEJAHTERA, MANGGENG, ACEH BARAT DAYA, ACEH",2,36,192,228
https://kawalpemilu.org#5042,"SEJAHTERA, MANGGENG, ACEH BARAT DAYA, ACEH",3,21,196,217
https://kawalpemilu.org#5043,"LHOK PAWOH, MANGGENG, ACEH BARAT DAYA, ACEH",1,16,134,150
https://kawalpemilu.org#5043,"LHOK PAWOH, MANGGENG, ACEH BARAT DAYA, ACEH",2,12,134,146
https://kawalpemilu.org#5043,"LHOK PAWOH, MANGGENG, ACEH BARAT DAYA, ACEH",3,19,124,143
https://kawalpemilu.org#5044,"PANTE PIRAK, MANGGENG, ACEH BARAT DAYA, ACEH",1,28,193,221
https://kawalpemilu.org#5044,"PANTE PIRAK, MANGGENG, ACEH BARAT DAYA, ACEH",2,19,190,209
https://kawalpemilu.org#5044,"PANTE PIRAK, MANGGENG, ACEH BARAT DAYA, ACEH",3,18,193,211
https://kawalpemilu.org#5044,"PANTE PIRAK, MANGGENG, ACEH BARAT DAYA, ACEH",4,22,181,203
https://kawalpemilu.org#5121,"UJUNG PADANG, MANGGENG, ACEH BARAT DAYA, ACEH",1,8,164,172
https://kawalpemilu.org#5121,"UJUNG PADANG, MANGGENG, ACEH BARAT DAYA, ACEH",2,13,168,181
https://kawalpemilu.org#5121,"UJUNG PADANG, MANGGENG, ACEH BARAT DAYA, ACEH",3,15,151,166
https://kawalpemilu.org#929300,"PANTE CERMIN, MANGGENG, ACEH BARAT DAYA, ACEH",2,6,146,152
https://kawalpemilu.org#929300,"PANTE CERMIN, MANGGENG, ACEH BARAT DAYA, ACEH",3,13,146,159
https://kawalpemilu.org#929300,"PANTE CERMIN, MANGGENG, ACEH BARAT DAYA, ACEH",4,14,113,127
https://kawalpemilu.org#5046,"PANTAI PERAK, SUSOH, ACEH BARAT DAYA, ACEH",1,19,163,182
https://kawalpemilu.org#5046,"PANTAI PERAK, SUSOH, ACEH BARAT DAYA, ACEH",2,14,170,184
https://kawalpemilu.org#5046,"PANTAI PERAK, SUSOH, ACEH BARAT DAYA, ACEH",3,0,0,0
https://kawalpemilu.org#5047,"DURIAN RAMPAK, SUSOH, ACEH BARAT DAYA, ACEH",1,40,197,237
https://kawalpemilu.org#5047,"DURIAN RAMPAK, SUSOH, ACEH BARAT DAYA, ACEH",2,29,172,201
https://kawalpemilu.org#5047,"DURIAN RAMPAK, SUSOH, ACEH BARAT DAYA, ACEH",3,22,166,188
https://kawalpemilu.org#5048,"BARAT, SUSOH, ACEH BARAT DAYA, ACEH",1,9,115,124
https://kawalpemilu.org#5048,"BARAT, SUSOH, ACEH BARAT DAYA, ACEH",2,17,101,118
https://kawalpemilu.org#5049,"PALAK HULU, SUSOH, ACEH BARAT DAYA, ACEH",1,42,196,238
https://kawalpemilu.org#5050,"PALAK HILIR, SUSOH, ACEH BARAT DAYA, ACEH",1,32,162,194
https://kawalpemilu.org#5051,"DURIAN JANGEK, SUSOH, ACEH BARAT DAYA, ACEH",1,39,162,201
https://kawalpemilu.org#5052,"RUMAH DUA LAPIS, SUSOH, ACEH BARAT DAYA, ACEH",1,39,145,184
https://kawalpemilu.org#5053,"PINANG, SUSOH, ACEH BARAT DAYA, ACEH",1,25,127,152
https://kawalpemilu.org#5053,"PINANG, SUSOH, ACEH BARAT DAYA, ACEH",2,24,145,169
https://kawalpemilu.org#5054,"RUMAH PANJANG, SUSOH, ACEH BARAT DAYA, ACEH",1,35,191,226
https://kawalpemilu.org#5055,"BAHARU, SUSOH, ACEH BARAT DAYA, ACEH",1,13,159,172
https://kawalpemilu.org#5056,"PAWOH, SUSOH, ACEH BARAT DAYA, ACEH",1,26,237,263
https://kawalpemilu.org#5056,"PAWOH, SUSOH, ACEH BARAT DAYA, ACEH",2,29,239,264
https://kawalpemilu.org#5056,"PAWOH, SUSOH, ACEH BARAT DAYA, ACEH",3,31,226,257
https://kawalpemilu.org#5057,"PADANG BARU, SUSOH, ACEH BARAT DAYA, ACEH",1,51,194,245
https://kawalpemilu.org#5057,"PADANG BARU, SUSOH, ACEH BARAT DAYA, ACEH",2,40,184,224
https://kawalpemilu.org#5057,"PADANG BARU, SUSOH, ACEH BARAT DAYA, ACEH",3,38,195,233
https://kawalpemilu.org#5057,"PADANG BARU, SUSOH, ACEH BARAT DAYA, ACEH",4,42,194,236
https://kawalpemilu.org#5057,"PADANG BARU, SUSOH, ACEH BARAT DAYA, ACEH",5,43,181,224
https://kawalpemilu.org#5057,"PADANG BARU, SUSOH, ACEH BARAT DAYA, ACEH",6,23,183,206
https://kawalpemilu.org#5058,"PULAU KAYU, SUSOH, ACEH BARAT DAYA, ACEH",1,41,223,264
https://kawalpemilu.org#5058,"PULAU KAYU, SUSOH, ACEH BARAT DAYA, ACEH",2,0,0,0
https://kawalpemilu.org#5058,"PULAU KAYU, SUSOH, ACEH BARAT DAYA, ACEH",3,40,195,235
https://kawalpemilu.org#5058,"PULAU KAYU, SUSOH, ACEH BARAT DAYA, ACEH",4,55,183,238
https://kawalpemilu.org#5059,"UJUNG PADANG, SUSOH, ACEH BARAT DAYA, ACEH",1,35,187,222
https://kawalpemilu.org#5059,"UJUNG PADANG, SUSOH, ACEH BARAT DAYA, ACEH",2,35,187,222
https://kawalpemilu.org#5060,"KEDAI SUSOH, SUSOH, ACEH BARAT DAYA, ACEH",1,25,118,143
https://kawalpemilu.org#5061,"PANJANG BARU, SUSOH, ACEH BARAT DAYA, ACEH",1,17,189,206
https://kawalpemilu.org#5061,"PANJANG BARU, SUSOH, ACEH BARAT DAYA, ACEH",2,20,180,200
https://kawalpemilu.org#5062,"KEDAI PALAK KERAMBIL, SUSOH, ACEH BARAT DAYA, ACEH",1,17,127,144
https://kawalpemilu.org#5062,"KEDAI PALAK KERAMBIL, SUSOH, ACEH BARAT DAYA, ACEH",2,21,122,143
https://kawalpemilu.org#5063,"LADANG, SUSOH, ACEH BARAT DAYA, ACEH",1,64,149,213
https://kawalpemilu.org#5063,"LADANG, SUSOH, ACEH BARAT DAYA, ACEH",2,63,172,235
https://kawalpemilu.org#5063,"LADANG, SUSOH, ACEH BARAT DAYA, ACEH",3,57,149,206
https://kawalpemilu.org#5064,"KEPALA BANDAR, SUSOH, ACEH BARAT DAYA, ACEH",1,24,236,260
https://kawalpemilu.org#5064,"KEPALA BANDAR, SUSOH, ACEH BARAT DAYA, ACEH",2,46,201,247
https://kawalpemilu.org#5064,"KEPALA BANDAR, SUSOH, ACEH BARAT DAYA, ACEH",3,23,235,258
https://kawalpemilu.org#5064,"KEPALA BANDAR, SUSOH, ACEH BARAT DAYA, ACEH",4,39,195,9
https://kawalpemilu.org#5065,"TANGAH, SUSOH, ACEH BARAT DAYA, ACEH",1,42,153,195
https://kawalpemilu.org#5065,"TANGAH, SUSOH, ACEH BARAT DAYA, ACEH",2,22,181,203
https://kawalpemilu.org#5065,"TANGAH, SUSOH, ACEH BARAT DAYA, ACEH",3,21,143,164
https://kawalpemilu.org#5066,"GADANG, SUSOH, ACEH BARAT DAYA, ACEH",1,16,204,220
https://kawalpemilu.org#5066,"GADANG, SUSOH, ACEH BARAT DAYA, ACEH",2,25,200,225
https://kawalpemilu.org#5066,"GADANG, SUSOH, ACEH BARAT DAYA, ACEH",3,0,0,0
https://kawalpemilu.org#5067,"PADANG HILIR, SUSOH, ACEH BARAT DAYA, ACEH",1,25,186,211
https://kawalpemilu.org#5067,"PADANG HILIR, SUSOH, ACEH BARAT DAYA, ACEH",2,21,236,257
https://kawalpemilu.org#5067,"PADANG HILIR, SUSOH, ACEH BARAT DAYA, ACEH",3,27,157,184
https://kawalpemilu.org#5068,"BLANG DALAM, SUSOH, ACEH BARAT DAYA, ACEH",1,20,178,198
https://kawalpemilu.org#5068,"BLANG DALAM, SUSOH, ACEH BARAT DAYA, ACEH",2,17,149,166
https://kawalpemilu.org#5069,"LAMPOH DRIEN, SUSOH, ACEH BARAT DAYA, ACEH",1,14,152,166
https://kawalpemilu.org#5069,"LAMPOH DRIEN, SUSOH, ACEH BARAT DAYA, ACEH",2,23,144,167
https://kawalpemilu.org#5070,"PADANG PANJANG, SUSOH, ACEH BARAT DAYA, ACEH",1,18,143,161
https://kawalpemilu.org#5070,"PADANG PANJANG, SUSOH, ACEH BARAT DAYA, ACEH",2,9,171,180
https://kawalpemilu.org#5070,"PADANG PANJANG, SUSOH, ACEH BARAT DAYA, ACEH",3,14,188,202
https://kawalpemilu.org#5071,"RUBEK MEUPAYONG, SUSOH, ACEH BARAT DAYA, ACEH",1,8,209,217
https://kawalpemilu.org#5071,"RUBEK MEUPAYONG, SUSOH, ACEH BARAT DAYA, ACEH",2,21,203,224
https://kawalpemilu.org#5071,"RUBEK MEUPAYONG, SUSOH, ACEH BARAT DAYA, ACEH",3,20,174,194
https://kawalpemilu.org#5072,"COT MANCANG, SUSOH, ACEH BARAT DAYA, ACEH",1,10,186,212
https://kawalpemilu.org#5072,"COT MANCANG, SUSOH, ACEH BARAT DAYA, ACEH",2,20,187,207
https://kawalpemilu.org#5073,"MEUNASAH, SUSOH, ACEH BARAT DAYA, ACEH",1,18,162,180
https://kawalpemilu.org#5073,"MEUNASAH, SUSOH, ACEH BARAT DAYA, ACEH",2,16,158,174
https://kawalpemilu.org#929301,"GEULIMA JAYA, SUSOH, ACEH BARAT DAYA, ACEH",1,32,175,207
https://kawalpemilu.org#929301,"GEULIMA JAYA, SUSOH, ACEH BARAT DAYA, ACEH",2,30,175,205
https://kawalpemilu.org#929301,"GEULIMA JAYA, SUSOH, ACEH BARAT DAYA, ACEH",3,47,146,193
https://kawalpemilu.org#5075,"KOTA BAHAGIA, KUALA BATEE, ACEH BARAT DAYA, ACEH",1,12,165,177
https://kawalpemilu.org#5075,"KOTA BAHAGIA, KUALA BATEE, ACEH BARAT DAYA, ACEH",2,10,170,180
https://kawalpemilu.org#5075,"KOTA BAHAGIA, KUALA BATEE, ACEH BARAT DAYA, ACEH",3,12,149,161
https://kawalpemilu.org#5076,"PASAR KOTA BAHAGIA, KUALA BATEE, ACEH BARAT DAYA, ACEH",1,14,202,216
https://kawalpemilu.org#5076,"PASAR KOTA BAHAGIA, KUALA BATEE, ACEH BARAT DAYA, ACEH",2,22,216,238
https://kawalpemilu.org#5076,"PASAR KOTA BAHAGIA, KUALA BATEE, ACEH BARAT DAYA, ACEH",3,17,224,3
https://kawalpemilu.org#5076,"PASAR KOTA BAHAGIA, KUALA BATEE, ACEH BARAT DAYA, ACEH",4,17,213,230
https://kawalpemilu.org#5077,"GELANGGANG GAJAH, KUALA BATEE, ACEH BARAT DAYA, ACEH",1,18,226,244
https://kawalpemilu.org#5077,"GELANGGANG GAJAH, KUALA BATEE, ACEH BARAT DAYA, ACEH",2,20,217,237
https://kawalpemilu.org#5077,"GELANGGANG GAJAH, KUALA BATEE, ACEH BARAT DAYA, ACEH",3,13,232,245
https://kawalpemilu.org#5078,"KUALA TERUBUE, KUALA BATEE, ACEH BARAT DAYA, ACEH",1,29,204,233
https://kawalpemilu.org#5078,"KUALA TERUBUE, KUALA BATEE, ACEH BARAT DAYA, ACEH",2,15,238,253
https://kawalpemilu.org#5078,"KUALA TERUBUE, KUALA BATEE, ACEH BARAT DAYA, ACEH",3,18,208,226
https://kawalpemilu.org#5079,"BLANG MAKMUR, KUALA BATEE, ACEH BARAT DAYA, ACEH",1,18,192,210
https://kawalpemilu.org#5079,"BLANG MAKMUR, KUALA BATEE, ACEH BARAT DAYA, ACEH",2,8,212,220
https://kawalpemilu.org#5079,"BLANG MAKMUR, KUALA BATEE, ACEH BARAT DAYA, ACEH",3,18,164,182
https://kawalpemilu.org#5079,"BLANG MAKMUR, KUALA BATEE, ACEH BARAT DAYA, ACEH",4,14,153,167
https://kawalpemilu.org#5080,"PANTO CUT, KUALA BATEE, ACEH BARAT DAYA, ACEH",1,12,210,222
https://kawalpemilu.org#5080,"PANTO CUT, KUALA BATEE, ACEH BARAT DAYA, ACEH",2,16,204,220
https://kawalpemilu.org#5080,"PANTO CUT, KUALA BATEE, ACEH BARAT DAYA, ACEH",3,16,172,188
https://kawalpemilu.org#5081,"ALUE PADEE, KUALA BATEE, ACEH BARAT DAYA, ACEH",1,27,215,242
https://kawalpemilu.org#5081,"ALUE PADEE, KUALA BATEE, ACEH BARAT DAYA, ACEH",2,27,220,247
https://kawalpemilu.org#5081,"ALUE PADEE, KUALA BATEE, ACEH BARAT DAYA, ACEH",3,33,211,244
https://kawalpemilu.org#5082,"MUKA BLANG, KUALA BATEE, ACEH BARAT DAYA, ACEH",1,26,195,221
https://kawalpemilu.org#5082,"MUKA BLANG, KUALA BATEE, ACEH BARAT DAYA, ACEH",2,33,189,222
https://kawalpemilu.org#5083,"LHUNG GELUMPANG, KUALA BATEE, ACEH BARAT DAYA, ACEH",1,21,143,164
https://kawalpemilu.org#5084,"PADANG SIKABU, KUALA BATEE, ACEH BARAT DAYA, ACEH",1,14,180,194
https://kawalpemilu.org#5084,"PADANG SIKABU, KUALA BATEE, ACEH BARAT DAYA, ACEH",2,27,163,190
https://kawalpemilu.org#5084,"PADANG SIKABU, KUALA BATEE, ACEH BARAT DAYA, ACEH",3,20,203,223
https://kawalpemilu.org#5084,"PADANG SIKABU, KUALA BATEE, ACEH BARAT DAYA, ACEH",4,17,127,144
https://kawalpemilu.org#5084,"PADANG SIKABU, KUALA BATEE, ACEH BARAT DAYA, ACEH",5,13,149,162
https://kawalpemilu.org#5085,"KAMPUNG TENGAH, KUALA BATEE, ACEH BARAT DAYA, ACEH",1,17,193,210
https://kawalpemilu.org#5085,"KAMPUNG TENGAH, KUALA BATEE, ACEH BARAT DAYA, ACEH",2,15,201,216
https://kawalpemilu.org#5085,"KAMPUNG TENGAH, KUALA BATEE, ACEH BARAT DAYA, ACEH",3,18,191,212
https://kawalpemilu.org#5085,"KAMPUNG TENGAH, KUALA BATEE, ACEH BARAT DAYA, ACEH",4,9,134,143
https://kawalpemilu.org#5086,"BLANG PANYANG, KUALA BATEE, ACEH BARAT DAYA, ACEH",1,13,154,167
https://kawalpemilu.org#5086,"BLANG PANYANG, KUALA BATEE, ACEH BARAT DAYA, ACEH",2,10,115,125
https://kawalpemilu.org#5087,"ALUE PISANG, KUALA BATEE, ACEH BARAT DAYA, ACEH",1,22,218,240
https://kawalpemilu.org#5087,"ALUE PISANG, KUALA BATEE, ACEH BARAT DAYA, ACEH",2,12,215,227
https://kawalpemilu.org#5087,"ALUE PISANG, KUALA BATEE, ACEH BARAT DAYA, ACEH",3,10,192,202
https://kawalpemilu.org#5088,"LHOK GAJAH, KUALA BATEE, ACEH BARAT DAYA, ACEH",1,14,157,171
https://kawalpemilu.org#5088,"LHOK GAJAH, KUALA BATEE, ACEH BARAT DAYA, ACEH",2,11,166,177
https://kawalpemilu.org#5089,"IE MAMEH, KUALA BATEE, ACEH BARAT DAYA, ACEH",1,22,149,171
https://kawalpemilu.org#5089,"IE MAMEH, KUALA BATEE, ACEH BARAT DAYA, ACEH",2,23,136,159
https://kawalpemilu.org#5089,"IE MAMEH, KUALA BATEE, ACEH BARAT DAYA, ACEH",3,23,125,148
https://kawalpemilu.org#5090,"KEUDE BARO, KUALA BATEE, ACEH BARAT DAYA, ACEH",1,19,198,217
https://kawalpemilu.org#5090,"KEUDE BARO, KUALA BATEE, ACEH BARAT DAYA, ACEH",2,22,185,207
https://kawalpemilu.org#5091,"LAMA TUHA, KUALA BATEE, ACEH BARAT DAYA, ACEH",1,28,123,151
https://kawalpemilu.org#5091,"LAMA TUHA, KUALA BATEE, ACEH BARAT DAYA, ACEH",2,26,113,139
https://kawalpemilu.org#5092,"KRUENG BATEE, KUALA BATEE, ACEH BARAT DAYA, ACEH",1,18,224,240
https://kawalpemilu.org#5092,"KRUENG BATEE, KUALA BATEE, ACEH BARAT DAYA, ACEH",2,24,215,239
https://kawalpemilu.org#5092,"KRUENG BATEE, KUALA BATEE, ACEH BARAT DAYA, ACEH",3,11,227,238
https://kawalpemilu.org#929302,"KRUENG PANTO, KUALA BATEE, ACEH BARAT DAYA, ACEH",1,21,232,253
https://kawalpemilu.org#929302,"KRUENG PANTO, KUALA BATEE, ACEH BARAT DAYA, ACEH",2,15,204,219
https://kawalpemilu.org#929303,"DRIEN BEURUMBANG, KUALA BATEE, ACEH BARAT DAYA, ACEH",1,17,215,215
https://kawalpemilu.org#929303,"DRIEN BEURUMBANG, KUALA BATEE, ACEH BARAT DAYA, ACEH",2,15,167,182
https://kawalpemilu.org#929303,"DRIEN BEURUMBANG, KUALA BATEE, ACEH BARAT DAYA, ACEH",3,13,170,183
https://kawalpemilu.org#929304,"RUMOH PANYANG, KUALA BATEE, ACEH BARAT DAYA, ACEH",1,5,172,177
https://kawalpemilu.org#929304,"RUMOH PANYANG, KUALA BATEE, ACEH BARAT DAYA, ACEH",2,11,150,161
https://kawalpemilu.org#929304,"RUMOH PANYANG, KUALA BATEE, ACEH BARAT DAYA, ACEH",3,11,177,188
https://kawalpemilu.org#5094,"PANTEE RAKYAT, BABAH ROT, ACEH BARAT DAYA, ACEH",1,22,217,239
https://kawalpemilu.org#5094,"PANTEE RAKYAT, BABAH ROT, ACEH BARAT DAYA, ACEH",2,8,208,216
https://kawalpemilu.org#5094,"PANTEE RAKYAT, BABAH ROT, ACEH BARAT DAYA, ACEH",3,16,171,187
https://kawalpemilu.org#5094,"PANTEE RAKYAT, BABAH ROT, ACEH BARAT DAYA, ACEH",4,13,158,171
https://kawalpemilu.org#5094,"PANTEE RAKYAT, BABAH ROT, ACEH BARAT DAYA, ACEH",5,19,180,199
https://kawalpemilu.org#5094,"PANTEE RAKYAT, BABAH ROT, ACEH BARAT DAYA, ACEH",6,28,182,210
https://kawalpemilu.org#5094,"PANTEE RAKYAT, BABAH ROT, ACEH BARAT DAYA, ACEH",7,16,220,236
https://kawalpemilu.org#5094,"PANTEE RAKYAT, BABAH ROT, ACEH BARAT DAYA, ACEH",8,24,240,264
https://kawalpemilu.org#5095,"IE MIRAH, BABAH ROT, ACEH BARAT DAYA, ACEH",1,43,158,201
https://kawalpemilu.org#5095,"IE MIRAH, BABAH ROT, ACEH BARAT DAYA, ACEH",2,67,181,248
https://kawalpemilu.org#5095,"IE MIRAH, BABAH ROT, ACEH BARAT DAYA, ACEH",3,22,185,207
https://kawalpemilu.org#5095,"IE MIRAH, BABAH ROT, ACEH BARAT DAYA, ACEH",4,16,189,205
https://kawalpemilu.org#5095,"IE MIRAH, BABAH ROT, ACEH BARAT DAYA, ACEH",5,81,158,239
https://kawalpemilu.org#5096,"GUNUNG SAMARINDA, BABAH ROT, ACEH BARAT DAYA, ACEH",1,16,180,196
https://kawalpemilu.org#5096,"GUNUNG SAMARINDA, BABAH ROT, ACEH BARAT DAYA, ACEH",2,16,196,212
https://kawalpemilu.org#5096,"GUNUNG SAMARINDA, BABAH ROT, ACEH BARAT DAYA, ACEH",3,15,152,167
https://kawalpemilu.org#5096,"GUNUNG SAMARINDA, BABAH ROT, ACEH BARAT DAYA, ACEH",4,21,192,213
https://kawalpemilu.org#5096,"GUNUNG SAMARINDA, BABAH ROT, ACEH BARAT DAYA, ACEH",5,11,100,111
https://kawalpemilu.org#5097,"ALUE JEUREUJAK, BABAH ROT, ACEH BARAT DAYA, ACEH",1,20,241,261
https://kawalpemilu.org#5097,"ALUE JEUREUJAK, BABAH ROT, ACEH BARAT DAYA, ACEH",2,7,223,230
https://kawalpemilu.org#5097,"ALUE JEUREUJAK, BABAH ROT, ACEH BARAT DAYA, ACEH",3,12,244,256
https://kawalpemilu.org#5097,"ALUE JEUREUJAK, BABAH ROT, ACEH BARAT DAYA, ACEH",4,13,133,146
https://kawalpemilu.org#5098,"BLANG DALAM, BABAH ROT, ACEH BARAT DAYA, ACEH",1,11,207,218
https://kawalpemilu.org#5098,"BLANG DALAM, BABAH ROT, ACEH BARAT DAYA, ACEH",2,18,208,226
https://kawalpemilu.org#5098,"BLANG DALAM, BABAH ROT, ACEH BARAT DAYA, ACEH",3,26,173,199
https://kawalpemilu.org#5098,"BLANG DALAM, BABAH ROT, ACEH BARAT DAYA, ACEH",4,14,210,224
https://kawalpemilu.org#5098,"BLANG DALAM, BABAH ROT, ACEH BARAT DAYA, ACEH",5,20,165,185
https://kawalpemilu.org#5099,"ALUE PEUNAWA, BABAH ROT, ACEH BARAT DAYA, ACEH",1,12,195,207
https://kawalpemilu.org#5099,"ALUE PEUNAWA, BABAH ROT, ACEH BARAT DAYA, ACEH",2,16,192,208
https://kawalpemilu.org#5099,"ALUE PEUNAWA, BABAH ROT, ACEH BARAT DAYA, ACEH",3,16,171,187
https://kawalpemilu.org#5100,"PANTE CERMIN, BABAH ROT, ACEH BARAT DAYA, ACEH",1,29,204,233
https://kawalpemilu.org#5100,"PANTE CERMIN, BABAH ROT, ACEH BARAT DAYA, ACEH",2,15,226,241
https://kawalpemilu.org#5100,"PANTE CERMIN, BABAH ROT, ACEH BARAT DAYA, ACEH",3,31,172,203
https://kawalpemilu.org#929305,"BLANG RAJA, BABAH ROT, ACEH BARAT DAYA, ACEH",1,8,192,200
https://kawalpemilu.org#929305,"BLANG RAJA, BABAH ROT, ACEH BARAT DAYA, ACEH",2,17,182,199
https://kawalpemilu.org#929305,"BLANG RAJA, BABAH ROT, ACEH BARAT DAYA, ACEH",3,9,180,189
https://kawalpemilu.org#929305,"BLANG RAJA, BABAH ROT, ACEH BARAT DAYA, ACEH",4,13,214,227
https://kawalpemilu.org#929306,"RUKOEN DAMEE, BABAH ROT, ACEH BARAT DAYA, ACEH",1,13,174,187
https://kawalpemilu.org#929306,"RUKOEN DAMEE, BABAH ROT, ACEH BARAT DAYA, ACEH",2,17,139,156
https://kawalpemilu.org#929306,"RUKOEN DAMEE, BABAH ROT, ACEH BARAT DAYA, ACEH",3,24,157,181
https://kawalpemilu.org#929306,"RUKOEN DAMEE, BABAH ROT, ACEH BARAT DAYA, ACEH",4,18,153,171
https://kawalpemilu.org#929307,"TELADAN JAYA, BABAH ROT, ACEH BARAT DAYA, ACEH",1,19,235,254
https://kawalpemilu.org#929307,"TELADAN JAYA, BABAH ROT, ACEH BARAT DAYA, ACEH",2,42,149,191
https://kawalpemilu.org#929307,"TELADAN JAYA, BABAH ROT, ACEH BARAT DAYA, ACEH",3,35,189,224
https://kawalpemilu.org#929308,"SIMPANG GADENG, BABAH ROT, ACEH BARAT DAYA, ACEH",1,19,122,141
https://kawalpemilu.org#929308,"SIMPANG GADENG, BABAH ROT, ACEH BARAT DAYA, ACEH",2,11,138,149
https://kawalpemilu.org#929308,"SIMPANG GADENG, BABAH ROT, ACEH BARAT DAYA, ACEH",3,13,210,223
https://kawalpemilu.org#929309,"LHOK GAYO, BABAH ROT, ACEH BARAT DAYA, ACEH",1,70,162,232
https://kawalpemilu.org#929309,"LHOK GAYO, BABAH ROT, ACEH BARAT DAYA, ACEH",2,55,105,160
https://kawalpemilu.org#929309,"LHOK GAYO, BABAH ROT, ACEH BARAT DAYA, ACEH",3,57,95,152
https://kawalpemilu.org#929310,"ALUE DAWAH, BABAH ROT, ACEH BARAT DAYA, ACEH",1,70,162,232
https://kawalpemilu.org#929310,"ALUE DAWAH, BABAH ROT, ACEH BARAT DAYA, ACEH",2,36,128,164
https://kawalpemilu.org#929311,"COT SEUMANTOK, BABAH ROT, ACEH BARAT DAYA, ACEH",1,21,187,208
https://kawalpemilu.org#929311,"COT SEUMANTOK, BABAH ROT, ACEH BARAT DAYA, ACEH",2,26,191,217
https://kawalpemilu.org#929311,"COT SEUMANTOK, BABAH ROT, ACEH BARAT DAYA, ACEH",3,19,198,217
https://kawalpemilu.org#929311,"COT SEUMANTOK, BABAH ROT, ACEH BARAT DAYA, ACEH",4,20,140,160
https://kawalpemilu.org#5105,"MEURANDEH, LEMBAH SABIL, ACEH BARAT DAYA, ACEH",1,13,174,187
https://kawalpemilu.org#5105,"MEURANDEH, LEMBAH SABIL, ACEH BARAT DAYA, ACEH",2,14,177,191
https://kawalpemilu.org#5105,"MEURANDEH, LEMBAH SABIL, ACEH BARAT DAYA, ACEH",3,12,149,161
https://kawalpemilu.org#5106,"SUKA DAMAI, LEMBAH SABIL, ACEH BARAT DAYA, ACEH",1,20,174,194
https://kawalpemilu.org#5106,"SUKA DAMAI, LEMBAH SABIL, ACEH BARAT DAYA, ACEH",2,20,157,177
https://kawalpemilu.org#5106,"SUKA DAMAI, LEMBAH SABIL, ACEH BARAT DAYA, ACEH",3,30,129,159
https://kawalpemilu.org#5107,"COT BAK U, LEMBAH SABIL, ACEH BARAT DAYA, ACEH",1,18,188,206
https://kawalpemilu.org#5107,"COT BAK U, LEMBAH SABIL, ACEH BARAT DAYA, ACEH",2,16,179,195
https://kawalpemilu.org#5107,"COT BAK U, LEMBAH SABIL, ACEH BARAT DAYA, ACEH",3,7,225,232
https://kawalpemilu.org#5108,"MEUNASAH SUKON, LEMBAH SABIL, ACEH BARAT DAYA, ACEH",1,12,130,142
https://kawalpemilu.org#5108,"MEUNASAH SUKON, LEMBAH SABIL, ACEH BARAT DAYA, ACEH",2,5,138,143
https://kawalpemilu.org#5108,"MEUNASAH SUKON, LEMBAH SABIL, ACEH BARAT DAYA, ACEH",3,8,158,166
https://kawalpemilu.org#5109,"MEUNASAH TENGAH, LEMBAH SABIL, ACEH BARAT DAYA, ACEH",1,11,222,233
https://kawalpemilu.org#5109,"MEUNASAH TENGAH, LEMBAH SABIL, ACEH BARAT DAYA, ACEH",2,20,222,242
https://kawalpemilu.org#5110,"GEULANGGANG BATEE, LEMBAH SABIL, ACEH BARAT DAYA, ACEH",1,8,190,198
https://kawalpemilu.org#5110,"GEULANGGANG BATEE, LEMBAH SABIL, ACEH BARAT DAYA, ACEH",2,12,169,174
https://kawalpemilu.org#5111,"KUTA PAYA, LEMBAH SABIL, ACEH BARAT DAYA, ACEH",1,4,71,75
https://kawalpemilu.org#5112,"UJUNG TANAH, LEMBAH SABIL, ACEH BARAT DAYA, ACEH",1,7,133,140
https://kawalpemilu.org#5112,"UJUNG TANAH, LEMBAH SABIL, ACEH BARAT DAYA, ACEH",2,2,145,147
https://kawalpemilu.org#5113,"PADANG KEULELE, LEMBAH SABIL, ACEH BARAT DAYA, ACEH",1,13,184,197
https://kawalpemilu.org#5113,"PADANG KEULELE, LEMBAH SABIL, ACEH BARAT DAYA, ACEH",2,12,183,195
https://kawalpemilu.org#5114,"LADANG TUHA I, LEMBAH SABIL, ACEH BARAT DAYA, ACEH",1,9,230,239
https://kawalpemilu.org#5114,"LADANG TUHA I, LEMBAH SABIL, ACEH BARAT DAYA, ACEH",2,20,222,242
https://kawalpemilu.org#5114,"LADANG TUHA I, LEMBAH SABIL, ACEH BARAT DAYA, ACEH",3,14,209,223
https://kawalpemilu.org#5115,"LADANG TUHA II, LEMBAH SABIL, ACEH BARAT DAYA, ACEH",1,7,169,176
https://kawalpemilu.org#5115,"LADANG TUHA II, LEMBAH SABIL, ACEH BARAT DAYA, ACEH",2,10,154,164
https://kawalpemilu.org#5115,"LADANG TUHA II, LEMBAH SABIL, ACEH BARAT DAYA, ACEH",3,7,124,131
https://kawalpemilu.org#5116,"ALUE RAMBOT, LEMBAH SABIL, ACEH BARAT DAYA, ACEH",1,30,131,161
https://kawalpemilu.org#5116,"ALUE RAMBOT, LEMBAH SABIL, ACEH BARAT DAYA, ACEH",2,20,155,175
https://kawalpemilu.org#5116,"ALUE RAMBOT, LEMBAH SABIL, ACEH BARAT DAYA, ACEH",3,36,146,182
https://kawalpemilu.org#929312,"TOKOH II, LEMBAH SABIL, ACEH BARAT DAYA, ACEH",1,33,137,170
https://kawalpemilu.org#929312,"TOKOH II, LEMBAH SABIL, ACEH BARAT DAYA, ACEH",2,28,125,153
https://kawalpemilu.org#929313,"KAYE ACEH, LEMBAH SABIL, ACEH BARAT DAYA, ACEH",1,13,231,244
https://kawalpemilu.org#929313,"KAYE ACEH, LEMBAH SABIL, ACEH BARAT DAYA, ACEH",2,29,211,240
https://kawalpemilu.org#929313,"KAYE ACEH, LEMBAH SABIL, ACEH BARAT DAYA, ACEH",3,9,190,199
https://kawalpemilu.org#5119,"ALUE DAMA, SETIA, ACEH BARAT DAYA, ACEH",1,28,186,214
https://kawalpemilu.org#5119,"ALUE DAMA, SETIA, ACEH BARAT DAYA, ACEH",2,10,218,228
https://kawalpemilu.org#5119,"ALUE DAMA, SETIA, ACEH BARAT DAYA, ACEH",3,32,190,222
https://kawalpemilu.org#5119,"ALUE DAMA, SETIA, ACEH BARAT DAYA, ACEH",4,5,83,88
https://kawalpemilu.org#5120,"RAMBONG, SETIA, ACEH BARAT DAYA, ACEH",1,10,176,186
https://kawalpemilu.org#5120,"RAMBONG, SETIA, ACEH BARAT DAYA, ACEH",2,18,170,188
https://kawalpemilu.org#5120,"RAMBONG, SETIA, ACEH BARAT DAYA, ACEH",3,17,155,172
https://kawalpemilu.org#5122,"LHANG, SETIA, ACEH BARAT DAYA, ACEH",1,20,238,258
https://kawalpemilu.org#5122,"LHANG, SETIA, ACEH BARAT DAYA, ACEH",2,54,213,242
https://kawalpemilu.org#5122,"LHANG, SETIA, ACEH BARAT DAYA, ACEH",3,16,204,220
https://kawalpemilu.org#5122,"LHANG, SETIA, ACEH BARAT DAYA, ACEH",4,34,183,217
https://kawalpemilu.org#5123,"PISANG, SETIA, ACEH BARAT DAYA, ACEH",1,44,180,224
https://kawalpemilu.org#5123,"PISANG, SETIA, ACEH BARAT DAYA, ACEH",2,29,186,215
https://kawalpemilu.org#5124,"TANGAN TANGAN CUT, SETIA, ACEH BARAT DAYA, ACEH",1,37,155,192
https://kawalpemilu.org#5124,"TANGAN TANGAN CUT, SETIA, ACEH BARAT DAYA, ACEH",2,30,157,187
https://kawalpemilu.org#5124,"TANGAN TANGAN CUT, SETIA, ACEH BARAT DAYA, ACEH",3,29,150,179
https://kawalpemilu.org#5124,"TANGAN TANGAN CUT, SETIA, ACEH BARAT DAYA, ACEH",4,28,160,188
https://kawalpemilu.org#5126,"UJUNG TANAH, SETIA, ACEH BARAT DAYA, ACEH",1,26,191,217
https://kawalpemilu.org#5126,"UJUNG TANAH, SETIA, ACEH BARAT DAYA, ACEH",2,22,186,208
https://kawalpemilu.org#5126,"UJUNG TANAH, SETIA, ACEH BARAT DAYA, ACEH",3,29,150,179
https://kawalpemilu.org#929314,"PESISIR MON MAMEH, SETIA, ACEH BARAT DAYA, ACEH",1,15,188,203
https://kawalpemilu.org#929315,"CINTA MAKMUR, SETIA, ACEH BARAT DAYA, ACEH",1,14,165,179
https://kawalpemilu.org#929315,"CINTA MAKMUR, SETIA, ACEH BARAT DAYA, ACEH",2,15,163,178
https://kawalpemilu.org#929316,"KUTA MURNI, SETIA, ACEH BARAT DAYA, ACEH",1,15,189,204
https://kawalpemilu.org#929316,"KUTA MURNI, SETIA, ACEH BARAT DAYA, ACEH",2,32,169,201
https://kawalpemilu.org#5128,"BARU, JEUMPA, ACEH BARAT DAYA, ACEH",1,16,189,205
https://kawalpemilu.org#5128,"BARU, JEUMPA, ACEH BARAT DAYA, ACEH",2,19,175,194
https://kawalpemilu.org#5129,"ALUE RAMBOT, JEUMPA, ACEH BARAT DAYA, ACEH",1,7,181,188
https://kawalpemilu.org#5129,"ALUE RAMBOT, JEUMPA, ACEH BARAT DAYA, ACEH",2,17,168,185
https://kawalpemilu.org#5130,"KUTA JEUMPA, JEUMPA, ACEH BARAT DAYA, ACEH",1,26,225,251
https://kawalpemilu.org#5130,"KUTA JEUMPA, JEUMPA, ACEH BARAT DAYA, ACEH",2,45,197,242
https://kawalpemilu.org#5130,"KUTA JEUMPA, JEUMPA, ACEH BARAT DAYA, ACEH",3,27,163,190
https://kawalpemilu.org#5131,"ALUE SUNGAI PINANG, JEUMPA, ACEH BARAT DAYA, ACEH",1,18,190,208
https://kawalpemilu.org#5131,"ALUE SUNGAI PINANG, JEUMPA, ACEH BARAT DAYA, ACEH",2,11,212,223
https://kawalpemilu.org#5131,"ALUE SUNGAI PINANG, JEUMPA, ACEH BARAT DAYA, ACEH",3,25,169,194
https://kawalpemilu.org#5131,"ALUE SUNGAI PINANG, JEUMPA, ACEH BARAT DAYA, ACEH",4,20,142,162
https://kawalpemilu.org#5131,"ALUE SUNGAI PINANG, JEUMPA, ACEH BARAT DAYA, ACEH",5,11,183,194
https://kawalpemilu.org#5132,"COT MANE, JEUMPA, ACEH BARAT DAYA, ACEH",1,20,223,243
https://kawalpemilu.org#5132,"COT MANE, JEUMPA, ACEH BARAT DAYA, ACEH",2,12,237,249
https://kawalpemilu.org#5132,"COT MANE, JEUMPA, ACEH BARAT DAYA, ACEH",3,14,243,257
https://kawalpemilu.org#5133,"LADANG NEUBOK, JEUMPA, ACEH BARAT DAYA, ACEH",1,7,177,184
https://kawalpemilu.org#5133,"LADANG NEUBOK, JEUMPA, ACEH BARAT DAYA, ACEH",2,7,169,176
https://kawalpemilu.org#5133,"LADANG NEUBOK, JEUMPA, ACEH BARAT DAYA, ACEH",3,11,164,175
https://kawalpemilu.org#5134,"ASOE NANGGROE, JEUMPA, ACEH BARAT DAYA, ACEH",1,21,201,222
https://kawalpemilu.org#5135,"PADANG GEULUMPANG, JEUMPA, ACEH BARAT DAYA, ACEH",1,11,116,127
https://kawalpemilu.org#5135,"PADANG GEULUMPANG, JEUMPA, ACEH BARAT DAYA, ACEH",2,21,104,125
https://kawalpemilu.org#5136,"KUTA MAKMUR, JEUMPA, ACEH BARAT DAYA, ACEH",1,24,171,195
https://kawalpemilu.org#5136,"KUTA MAKMUR, JEUMPA, ACEH BARAT DAYA, ACEH",2,36,174,210
https://kawalpemilu.org#5137,"IKU LHUENG, JEUMPA, ACEH BARAT DAYA, ACEH",1,22,142,164
https://kawalpemilu.org#5137,"IKU LHUENG, JEUMPA, ACEH BARAT DAYA, ACEH",2,19,153,172
https://kawalpemilu.org#5137,"IKU LHUENG, JEUMPA, ACEH BARAT DAYA, ACEH",3,26,156,182
https://kawalpemilu.org#929317,"ALUE SEULASEH, JEUMPA, ACEH BARAT DAYA, ACEH",1,27,191,218
https://kawalpemilu.org#929317,"ALUE SEULASEH, JEUMPA, ACEH BARAT DAYA, ACEH",2,22,184,206
https://kawalpemilu.org#929317,"ALUE SEULASEH, JEUMPA, ACEH BARAT DAYA, ACEH",3,27,165,192
https://kawalpemilu.org#929318,"JEUMPA BARAT, JEUMPA, ACEH BARAT DAYA, ACEH",1,13,207,220
https://kawalpemilu.org#929318,"JEUMPA BARAT, JEUMPA, ACEH BARAT DAYA, ACEH",2,24,160,184
https://kawalpemilu.org#929318,"JEUMPA BARAT, JEUMPA, ACEH BARAT DAYA, ACEH",3,16,166,182
https://kawalpemilu.org#5140,"TAMPENG, KUTAPANJANG, GAYO LUES, ACEH",1,78,163,241
https://kawalpemilu.org#5140,"TAMPENG, KUTAPANJANG, GAYO LUES, ACEH",2,69,182,251
https://kawalpemilu.org#5140,"TAMPENG, KUTAPANJANG, GAYO LUES, ACEH",3,43,61,104
https://kawalpemilu.org#5141,"BENER, KUTAPANJANG, GAYO LUES, ACEH",1,111,96,207
https://kawalpemilu.org#5141,"BENER, KUTAPANJANG, GAYO LUES, ACEH",2,120,101,221
https://kawalpemilu.org#5142,"KUTA UJUNG, KUTAPANJANG, GAYO LUES, ACEH",1,97,128,225
https://kawalpemilu.org#5142,"KUTA UJUNG, KUTAPANJANG, GAYO LUES, ACEH",2,80,145,225
https://kawalpemilu.org#5142,"KUTA UJUNG, KUTAPANJANG, GAYO LUES, ACEH",3,25,43,68
https://kawalpemilu.org#5143,"ULUN TANOH, KUTAPANJANG, GAYO LUES, ACEH",1,165,100,265
https://kawalpemilu.org#5143,"ULUN TANOH, KUTAPANJANG, GAYO LUES, ACEH",2,50,30,80
https://kawalpemilu.org#5144,"BERANANG, KUTAPANJANG, GAYO LUES, ACEH",1,59,170,229
https://kawalpemilu.org#5144,"BERANANG, KUTAPANJANG, GAYO LUES, ACEH",2,54,122,176
https://kawalpemilu.org#5145,"RIKIT DEKAT, KUTAPANJANG, GAYO LUES, ACEH",1,79,170,249
https://kawalpemilu.org#5145,"RIKIT DEKAT, KUTAPANJANG, GAYO LUES, ACEH",2,47,164,211
https://kawalpemilu.org#5146,"REMA, KUTAPANJANG, GAYO LUES, ACEH",1,44,128,172
https://kawalpemilu.org#5146,"REMA, KUTAPANJANG, GAYO LUES, ACEH",2,43,192,235
https://kawalpemilu.org#5146,"REMA, KUTAPANJANG, GAYO LUES, ACEH",3,56,169,225
https://kawalpemilu.org#5147,"REMA BARU, KUTAPANJANG, GAYO LUES, ACEH",1,40,157,197
https://kawalpemilu.org#5147,"REMA BARU, KUTAPANJANG, GAYO LUES, ACEH",2,36,150,186
https://kawalpemilu.org#5148,"CIKE, KUTAPANJANG, GAYO LUES, ACEH",1,130,62,192
https://kawalpemilu.org#5149,"KERUKUNAN KUTAPANJANG, KUTAPANJANG, GAYO LUES, ACEH",1,21,134,155
https://kawalpemilu.org#5149,"KERUKUNAN KUTAPANJANG, KUTAPANJANG, GAYO LUES, ACEH",2,25,148,173
https://kawalpemilu.org#5149,"KERUKUNAN KUTAPANJANG, KUTAPANJANG, GAYO LUES, ACEH",3,42,180,222
https://kawalpemilu.org#5149,"KERUKUNAN KUTAPANJANG, KUTAPANJANG, GAYO LUES, ACEH",4,48,150,198
https://kawalpemilu.org#5150,"TAMPENG MUSARA, KUTAPANJANG, GAYO LUES, ACEH",1,47,114,161
https://kawalpemilu.org#5150,"TAMPENG MUSARA, KUTAPANJANG, GAYO LUES, ACEH",2,37,157,194
https://kawalpemilu.org#5151,"KONG PALUH, KUTAPANJANG, GAYO LUES, ACEH",1,67,92,159
https://kawalpemilu.org#5153,"KOTA BLANGKEJEREN, BLANGKEJEREN, GAYO LUES, ACEH",1,9,75,84
https://kawalpemilu.org#5153,"KOTA BLANGKEJEREN, BLANGKEJEREN, GAYO LUES, ACEH",2,33,138,171
https://kawalpemilu.org#5153,"KOTA BLANGKEJEREN, BLANGKEJEREN, GAYO LUES, ACEH",3,22,167,189
https://kawalpemilu.org#5153,"KOTA BLANGKEJEREN, BLANGKEJEREN, GAYO LUES, ACEH",4,28,124,152
https://kawalpemilu.org#5153,"KOTA BLANGKEJEREN, BLANGKEJEREN, GAYO LUES, ACEH",5,13,130,143
https://kawalpemilu.org#5153,"KOTA BLANGKEJEREN, BLANGKEJEREN, GAYO LUES, ACEH",6,28,154,182
https://kawalpemilu.org#5153,"KOTA BLANGKEJEREN, BLANGKEJEREN, GAYO LUES, ACEH",8,40,167,207
https://kawalpemilu.org#5153,"KOTA BLANGKEJEREN, BLANGKEJEREN, GAYO LUES, ACEH",9,40,139,179
https://kawalpemilu.org#5153,"KOTA BLANGKEJEREN, BLANGKEJEREN, GAYO LUES, ACEH",10,11,61,72
https://kawalpemilu.org#5154,"PENAMPAAN, BLANGKEJEREN, GAYO LUES, ACEH",1,24,164,188
https://kawalpemilu.org#5154,"PENAMPAAN, BLANGKEJEREN, GAYO LUES, ACEH",2,25,179,204
https://kawalpemilu.org#5154,"PENAMPAAN, BLANGKEJEREN, GAYO LUES, ACEH",3,28,216,244
https://kawalpemilu.org#5154,"PENAMPAAN, BLANGKEJEREN, GAYO LUES, ACEH",4,20,174,194
https://kawalpemilu.org#5155,"BUKIT, BLANGKEJEREN, GAYO LUES, ACEH",1,33,176,209
https://kawalpemilu.org#5155,"BUKIT, BLANGKEJEREN, GAYO LUES, ACEH",2,53,170,223
https://kawalpemilu.org#5155,"BUKIT, BLANGKEJEREN, GAYO LUES, ACEH",3,26,75,101
https://kawalpemilu.org#5156,"BACANG, BLANGKEJEREN, GAYO LUES, ACEH",1,29,98,127
https://kawalpemilu.org#5156,"BACANG, BLANGKEJEREN, GAYO LUES, ACEH",2,30,95,125
https://kawalpemilu.org#5157,"DURIN, BLANGKEJEREN, GAYO LUES, ACEH",1,32,185,217
https://kawalpemilu.org#5157,"DURIN, BLANGKEJEREN, GAYO LUES, ACEH",2,40,151,201
https://kawalpemilu.org#5157,"DURIN, BLANGKEJEREN, GAYO LUES, ACEH",3,23,109,132
https://kawalpemilu.org#5158,"KAMPUNG JAWA, BLANGKEJEREN, GAYO LUES, ACEH",1,31,177,208
https://kawalpemilu.org#5158,"KAMPUNG JAWA, BLANGKEJEREN, GAYO LUES, ACEH",2,26,157,183
https://kawalpemilu.org#5158,"KAMPUNG JAWA, BLANGKEJEREN, GAYO LUES, ACEH",3,42,133,175
https://kawalpemilu.org#5158,"KAMPUNG JAWA, BLANGKEJEREN, GAYO LUES, ACEH",4,39,169,208
https://kawalpemilu.org#5158,"KAMPUNG JAWA, BLANGKEJEREN, GAYO LUES, ACEH",5,20,160,180
https://kawalpemilu.org#5158,"KAMPUNG JAWA, BLANGKEJEREN, GAYO LUES, ACEH",6,29,155,184
https://kawalpemilu.org#5159,"PORANG, BLANGKEJEREN, GAYO LUES, ACEH",1,50,193,243
https://kawalpemilu.org#5159,"PORANG, BLANGKEJEREN, GAYO LUES, ACEH",2,65,179,244
https://kawalpemilu.org#5159,"PORANG, BLANGKEJEREN, GAYO LUES, ACEH",3,46,198,244
https://kawalpemilu.org#5160,"KUTELINTANG, BLANGKEJEREN, GAYO LUES, ACEH",1,12,125,137
https://kawalpemilu.org#5160,"KUTELINTANG, BLANGKEJEREN, GAYO LUES, ACEH",2,21,221,242
https://kawalpemilu.org#5160,"KUTELINTANG, BLANGKEJEREN, GAYO LUES, ACEH",3,32,181,213
https://kawalpemilu.org#5160,"KUTELINTANG, BLANGKEJEREN, GAYO LUES, ACEH",4,20,163,183
https://kawalpemilu.org#5160,"KUTELINTANG, BLANGKEJEREN, GAYO LUES, ACEH",5,45,156,201
https://kawalpemilu.org#5160,"KUTELINTANG, BLANGKEJEREN, GAYO LUES, ACEH",6,12,164,176
https://kawalpemilu.org#5160,"KUTELINTANG, BLANGKEJEREN, GAYO LUES, ACEH",7,19,184,203
https://kawalpemilu.org#5160,"KUTELINTANG, BLANGKEJEREN, GAYO LUES, ACEH",8,38,176,214
https://kawalpemilu.org#5160,"KUTELINTANG, BLANGKEJEREN, GAYO LUES, ACEH",9,27,193,220
https://kawalpemilu.org#5160,"KUTELINTANG, BLANGKEJEREN, GAYO LUES, ACEH",10,12,221,233
https://kawalpemilu.org#5160,"KUTELINTANG, BLANGKEJEREN, GAYO LUES, ACEH",11,21,136,157
https://kawalpemilu.org#5161,"LEME, BLANGKEJEREN, GAYO LUES, ACEH",1,24,150,174
https://kawalpemilu.org#5161,"LEME, BLANGKEJEREN, GAYO LUES, ACEH",2,29,145,174
https://kawalpemilu.org#5161,"LEME, BLANGKEJEREN, GAYO LUES, ACEH",3,25,160,185
https://kawalpemilu.org#5162,"GELE, BLANGKEJEREN, GAYO LUES, ACEH",1,37,193,230
https://kawalpemilu.org#5162,"GELE, BLANGKEJEREN, GAYO LUES, ACEH",2,41,166,207
https://kawalpemilu.org#5162,"GELE, BLANGKEJEREN, GAYO LUES, ACEH",3,42,178,220
https://kawalpemilu.org#5162,"GELE, BLANGKEJEREN, GAYO LUES, ACEH",4,67,180,247
https://kawalpemilu.org#5162,"GELE, BLANGKEJEREN, GAYO LUES, ACEH",5,23,131,154
https://kawalpemilu.org#5163,"SERE, BLANGKEJEREN, GAYO LUES, ACEH",1,94,150,244
https://kawalpemilu.org#5163,"SERE, BLANGKEJEREN, GAYO LUES, ACEH",2,98,157,255
https://kawalpemilu.org#5164,"CEMPA, BLANGKEJEREN, GAYO LUES, ACEH",1,52,171,223
https://kawalpemilu.org#5165,"LEMPUH, BLANGKEJEREN, GAYO LUES, ACEH",1,61,160,221
https://kawalpemilu.org#5165,"LEMPUH, BLANGKEJEREN, GAYO LUES, ACEH",2,51,161,212
https://kawalpemilu.org#5166,"PALOK, BLANGKEJEREN, GAYO LUES, ACEH",1,97,110,207
https://kawalpemilu.org#5166,"PALOK, BLANGKEJEREN, GAYO LUES, ACEH",2,86,141,227
https://kawalpemilu.org#5166,"PALOK, BLANGKEJEREN, GAYO LUES, ACEH",3,62,77,139
https://kawalpemilu.org#5167,"PENGGALANGAN, BLANGKEJEREN, GAYO LUES, ACEH",1,70,182,252
https://kawalpemilu.org#5167,"PENGGALANGAN, BLANGKEJEREN, GAYO LUES, ACEH",2,61,184,245
https://kawalpemilu.org#5167,"PENGGALANGAN, BLANGKEJEREN, GAYO LUES, ACEH",3,52,216,268
https://kawalpemilu.org#5167,"PENGGALANGAN, BLANGKEJEREN, GAYO LUES, ACEH",4,57,165,222
https://kawalpemilu.org#5168,"AGUSEN, BLANGKEJEREN, GAYO LUES, ACEH",1,41,177,218
https://kawalpemilu.org#5168,"AGUSEN, BLANGKEJEREN, GAYO LUES, ACEH",2,106,119,225
https://kawalpemilu.org#5169,"BUSTANUSSALAM, BLANGKEJEREN, GAYO LUES, ACEH",1,33,213,246
https://kawalpemilu.org#5169,"BUSTANUSSALAM, BLANGKEJEREN, GAYO LUES, ACEH",2,17,207,224
https://kawalpemilu.org#5169,"BUSTANUSSALAM, BLANGKEJEREN, GAYO LUES, ACEH",3,48,160,208
https://kawalpemilu.org#5169,"BUSTANUSSALAM, BLANGKEJEREN, GAYO LUES, ACEH",4,47,175,222
https://kawalpemilu.org#5169,"BUSTANUSSALAM, BLANGKEJEREN, GAYO LUES, ACEH",5,24,178,202
https://kawalpemilu.org#5169,"BUSTANUSSALAM, BLANGKEJEREN, GAYO LUES, ACEH",6,49,154,203
https://kawalpemilu.org#5169,"BUSTANUSSALAM, BLANGKEJEREN, GAYO LUES, ACEH",7,77,139,216
https://kawalpemilu.org#5169,"BUSTANUSSALAM, BLANGKEJEREN, GAYO LUES, ACEH",8,18,74,92
https://kawalpemilu.org#5170,"PENAMPAAN UKEN, BLANGKEJEREN, GAYO LUES, ACEH",1,28,177,205
https://kawalpemilu.org#5170,"PENAMPAAN UKEN, BLANGKEJEREN, GAYO LUES, ACEH",2,37,188,225
https://kawalpemilu.org#5170,"PENAMPAAN UKEN, BLANGKEJEREN, GAYO LUES, ACEH",3,43,210,253
https://kawalpemilu.org#5170,"PENAMPAAN UKEN, BLANGKEJEREN, GAYO LUES, ACEH",4,34,199,233
https://kawalpemilu.org#5171,"RAKLUNUNG, BLANGKEJEREN, GAYO LUES, ACEH",1,35,175,210
https://kawalpemilu.org#5171,"RAKLUNUNG, BLANGKEJEREN, GAYO LUES, ACEH",2,26,121,147
https://kawalpemilu.org#5171,"RAKLUNUNG, BLANGKEJEREN, GAYO LUES, ACEH",3,26,133,159
https://kawalpemilu.org#5172,"SEPANG, BLANGKEJEREN, GAYO LUES, ACEH",1,67,110,177
https://kawalpemilu.org#5174,"AMPA KOLAK, RIKIT GAIB, GAYO LUES, ACEH",1,70,154,224
https://kawalpemilu.org#5175,"CANE TOA, RIKIT GAIB, GAYO LUES, ACEH",1,69,182,251
https://kawalpemilu.org#5176,"KOTA RIKIT GAIB, RIKIT GAIB, GAYO LUES, ACEH",1,31,181,212
https://kawalpemilu.org#5176,"KOTA RIKIT GAIB, RIKIT GAIB, GAYO LUES, ACEH",2,13,79,92
https://kawalpemilu.org#5177,"PADANG PASIR, RIKIT GAIB, GAYO LUES, ACEH",1,45,153,198
https://kawalpemilu.org#5178,"PINANG RUGUP, RIKIT GAIB, GAYO LUES, ACEH",1,147,80,227
https://kawalpemilu.org#5179,"KUNING, RIKIT GAIB, GAYO LUES, ACEH",1,125,45,170
https://kawalpemilu.org#5180,"TUNGEL, RIKIT GAIB, GAYO LUES, ACEH",1,139,105,244
https://kawalpemilu.org#5180,"TUNGEL, RIKIT GAIB, GAYO LUES, ACEH",2,22,28,50
https://kawalpemilu.org#5181,"MANGANG, RIKIT GAIB, GAYO LUES, ACEH",1,58,91,149
https://kawalpemilu.org#5182,"REMPELAM, RIKIT GAIB, GAYO LUES, ACEH",1,45,97,142
https://kawalpemilu.org#5183,"CANE UKEN, RIKIT GAIB, GAYO LUES, ACEH",1,120,83,203
https://kawalpemilu.org#5184,"LUKUP BARU, RIKIT GAIB, GAYO LUES, ACEH",1,82,22,104
https://kawalpemilu.org#5185,"PENOMON JAYA, RIKIT GAIB, GAYO LUES, ACEH",1,150,57,207
https://kawalpemilu.org#5186,"TUNGEL BARU, RIKIT GAIB, GAYO LUES, ACEH",1,139,70,209
https://kawalpemilu.org#5188,"JABO, TERANGUN, GAYO LUES, ACEH",1,48,72,120
https://kawalpemilu.org#5189,"KUTE SANGE, TERANGUN, GAYO LUES, ACEH",1,95,48,143
https://kawalpemilu.org#5189,"KUTE SANGE, TERANGUN, GAYO LUES, ACEH",2,78,43,121
https://kawalpemilu.org#5190,"PADANG, TERANGUN, GAYO LUES, ACEH",1,59,139,198
https://kawalpemilu.org#5190,"PADANG, TERANGUN, GAYO LUES, ACEH",2,68,106,174
https://kawalpemilu.org#5190,"PADANG, TERANGUN, GAYO LUES, ACEH",3,137,72,209
https://kawalpemilu.org#5191,"RUMPI, TERANGUN, GAYO LUES, ACEH",1,61,157,218
https://kawalpemilu.org#5192,"BUKUT, TERANGUN, GAYO LUES, ACEH",1,22,70,92
https://kawalpemilu.org#5192,"BUKUT, TERANGUN, GAYO LUES, ACEH",2,31,71,102
https://kawalpemilu.org#5193,"TERANGUN, TERANGUN, GAYO LUES, ACEH",1,46,128,174
https://kawalpemilu.org#5193,"TERANGUN, TERANGUN, GAYO LUES, ACEH",2,45,134,179
https://kawalpemilu.org#5194,"REMPELAM PINANG, TERANGUN, GAYO LUES, ACEH",1,69,105,174
https://kawalpemilu.org#5194,"REMPELAM PINANG, TERANGUN, GAYO LUES, ACEH",2,72,76,148
https://kawalpemilu.org#5195,"SOYO, TERANGUN, GAYO LUES, ACEH",1,71,100,171
https://kawalpemilu.org#5196,"TERLIS, TERANGUN, GAYO LUES, ACEH",1,97,147,244
https://kawalpemilu.org#5197,"KUTE REJE, TERANGUN, GAYO LUES, ACEH",1,62,41,103
https://kawalpemilu.org#5198,"PERSADA TONGRA, TERANGUN, GAYO LUES, ACEH",1,9,132,141
https://kawalpemilu.org#5198,"PERSADA TONGRA, TERANGUN, GAYO LUES, ACEH",2,14,117,131
https://kawalpemilu.org#5198,"PERSADA TONGRA, TERANGUN, GAYO LUES, ACEH",3,76,66,142
https://kawalpemilu.org#5199,"BERHUT, TERANGUN, GAYO LUES, ACEH",1,76,69,145
https://kawalpemilu.org#5200,"GEWAT, TERANGUN, GAYO LUES, ACEH",1,103,58,161
https://kawalpemilu.org#5201,"PANTAN LUES, TERANGUN, GAYO LUES, ACEH",1,45,103,148
https://kawalpemilu.org#5202,"MAKMUR JAYA, TERANGUN, GAYO LUES, ACEH",1,132,68,200
https://kawalpemilu.org#5202,"MAKMUR JAYA, TERANGUN, GAYO LUES, ACEH",2,111,68,179
https://kawalpemilu.org#5203,"BLANG KUNCIR, TERANGUN, GAYO LUES, ACEH",1,66,182,248
https://kawalpemilu.org#5204,"REJE PUDUNG, TERANGUN, GAYO LUES, ACEH",1,43,158,201
https://kawalpemilu.org#5204,"REJE PUDUNG, TERANGUN, GAYO LUES, ACEH",2,37,170,207
https://kawalpemilu.org#5205,"GARUT, TERANGUN, GAYO LUES, ACEH",1,23,90,113
https://kawalpemilu.org#5206,"TELEGE JERNIH, TERANGUN, GAYO LUES, ACEH",1,89,104,193
https://kawalpemilu.org#5207,"RIME RAYA, TERANGUN, GAYO LUES, ACEH",1,108,21,129
https://kawalpemilu.org#5207,"RIME RAYA, TERANGUN, GAYO LUES, ACEH",2,81,29,110
https://kawalpemilu.org#5208,"LESTARI, TERANGUN, GAYO LUES, ACEH",1,92,54,146
https://kawalpemilu.org#5209,"GAWAR BELANGI, TERANGUN, GAYO LUES, ACEH",1,36,69,105
https://kawalpemilu.org#5210,"BLANG KALA, TERANGUN, GAYO LUES, ACEH",1,45,203,248
https://kawalpemilu.org#5212,"PINING, PINING, GAYO LUES, ACEH",1,29,108,137
https://kawalpemilu.org#5212,"PINING, PINING, GAYO LUES, ACEH",2,28,115,143
https://kawalpemilu.org#5212,"PINING, PINING, GAYO LUES, ACEH",3,42,147,189
https://kawalpemilu.org#5212,"PINING, PINING, GAYO LUES, ACEH",4,44,167,211
https://kawalpemilu.org#5213,"PERTIK, PINING, GAYO LUES, ACEH",1,34,118,152
https://kawalpemilu.org#5213,"PERTIK, PINING, GAYO LUES, ACEH",2,64,92,156
https://kawalpemilu.org#5213,"PERTIK, PINING, GAYO LUES, ACEH",3,18,112,130
https://kawalpemilu.org#5214,"EKAN, PINING, GAYO LUES, ACEH",1,71,150,221
https://kawalpemilu.org#5214,"EKAN, PINING, GAYO LUES, ACEH",2,32,52,84
https://kawalpemilu.org#5215,"PINTU RIME, PINING, GAYO LUES, ACEH",1,39,122,161
https://kawalpemilu.org#5215,"PINTU RIME, PINING, GAYO LUES, ACEH",2,38,106,144
https://kawalpemilu.org#5216,"PASIR PUTIH, PINING, GAYO LUES, ACEH",1,23,101,124
https://kawalpemilu.org#5216,"PASIR PUTIH, PINING, GAYO LUES, ACEH",2,27,128,155
https://kawalpemilu.org#5217,"GAJAH, PINING, GAYO LUES, ACEH",1,94,31,125
https://kawalpemilu.org#5218,"URING, PINING, GAYO LUES, ACEH",1,103,123,226
https://kawalpemilu.org#5218,"URING, PINING, GAYO LUES, ACEH",2,71,99,170
https://kawalpemilu.org#5219,"PEPELAH, PINING, GAYO LUES, ACEH",1,90,65,155
https://kawalpemilu.org#5220,"LESTEN, PINING, GAYO LUES, ACEH",1,77,74,151
https://kawalpemilu.org#5222,"PANGUR, DABUN GELANG, GAYO LUES, ACEH",1,41,165,206
https://kawalpemilu.org#5223,"BADAK, DABUN GELANG, GAYO LUES, ACEH",1,35,138,173
https://kawalpemilu.org#5223,"BADAK, DABUN GELANG, GAYO LUES, ACEH",2,31,167,198
https://kawalpemilu.org#5223,"BADAK, DABUN GELANG, GAYO LUES, ACEH",3,50,175,225
https://kawalpemilu.org#5223,"BADAK, DABUN GELANG, GAYO LUES, ACEH",4,32,136,168
https://kawalpemilu.org#5224,"KENDAWI, DABUN GELANG, GAYO LUES, ACEH",1,84,78,162
https://kawalpemilu.org#5224,"KENDAWI, DABUN GELANG, GAYO LUES, ACEH",2,73,56,129
https://kawalpemilu.org#5225,"SANGIR, DABUN GELANG, GAYO LUES, ACEH",1,94,84,178
https://kawalpemilu.org#5225,"SANGIR, DABUN GELANG, GAYO LUES, ACEH",2,67,135,202
https://kawalpemilu.org#5226,"PANGLIMA LINTING, DABUN GELANG, GAYO LUES, ACEH",1,48,152,200
https://kawalpemilu.org#5226,"PANGLIMA LINTING, DABUN GELANG, GAYO LUES, ACEH",2,72,126,198
https://kawalpemilu.org#5226,"PANGLIMA LINTING, DABUN GELANG, GAYO LUES, ACEH",3,29,134,163
https://kawalpemilu.org#5227,"BLANG TEMUNG, DABUN GELANG, GAYO LUES, ACEH",1,109,89,198
https://kawalpemilu.org#5227,"BLANG TEMUNG, DABUN GELANG, GAYO LUES, ACEH",2,73,112,185
https://kawalpemilu.org#5228,"REREBE, DABUN GELANG, GAYO LUES, ACEH",1,78,146,224
https://kawalpemilu.org#5228,"REREBE, DABUN GELANG, GAYO LUES, ACEH",2,55,153,208
https://kawalpemilu.org#5229,"UNING GELUNG, DABUN GELANG, GAYO LUES, ACEH",1,53,112,165
https://kawalpemilu.org#5229,"UNING GELUNG, DABUN GELANG, GAYO LUES, ACEH",2,42,60,102
https://kawalpemilu.org#5230,"UNING SEPAKAT, DABUN GELANG, GAYO LUES, ACEH",1,78,102,180
https://kawalpemilu.org#5232,"GANTUNG GELUNI, BLANGPEGAYON, GAYO LUES, ACEH",1,30,118,148
https://kawalpemilu.org#5233,"KUTE BUKIT, BLANGPEGAYON, GAYO LUES, ACEH",1,58,126,184
https://kawalpemilu.org#5233,"KUTE BUKIT, BLANGPEGAYON, GAYO LUES, ACEH",2,66,119,185
https://kawalpemilu.org#5233,"KUTE BUKIT, BLANGPEGAYON, GAYO LUES, ACEH",3,19,61,80
https://kawalpemilu.org#5234,"BENER BARU, BLANGPEGAYON, GAYO LUES, ACEH",1,113,115,228
https://kawalpemilu.org#5234,"BENER BARU, BLANGPEGAYON, GAYO LUES, ACEH",2,90,153,243
https://kawalpemilu.org#5235,"BLANG BENGKIK, BLANGPEGAYON, GAYO LUES, ACEH",1,59,109,168
https://kawalpemilu.org#5235,"BLANG BENGKIK, BLANGPEGAYON, GAYO LUES, ACEH",2,53,137,190
https://kawalpemilu.org#5235,"BLANG BENGKIK, BLANGPEGAYON, GAYO LUES, ACEH",3,52,118,170
https://kawalpemilu.org#5236,"KONG, BLANGPEGAYON, GAYO LUES, ACEH",1,40,132,172
https://kawalpemilu.org#5237,"UME LAH, BLANGPEGAYON, GAYO LUES, ACEH",1,80,154,234
https://kawalpemilu.org#5238,"CINTA MAJU, BLANGPEGAYON, GAYO LUES, ACEH",1,20,131,151
https://kawalpemilu.org#5238,"CINTA MAJU, BLANGPEGAYON, GAYO LUES, ACEH",2,18,149,167
https://kawalpemilu.org#5239,"PORANG AYU, BLANGPEGAYON, GAYO LUES, ACEH",1,34,158,192
https://kawalpemilu.org#5239,"PORANG AYU, BLANGPEGAYON, GAYO LUES, ACEH",2,25,161,186
https://kawalpemilu.org#5240,"TETINGI, BLANGPEGAYON, GAYO LUES, ACEH",1,26,172,198
https://kawalpemilu.org#5241,"ANAK REJE, BLANGPEGAYON, GAYO LUES, ACEH",1,56,75,131
https://kawalpemilu.org#5243,"AKANG SIWAH, BLANGPEGAYON, GAYO LUES, ACEH",1,105,102,207
https://kawalpemilu.org#930383,"RAK LINTANG, BLANGPEGAYON, GAYO LUES, ACEH",1,48,141,189
https://kawalpemilu.org#5245,"GUMPANG, PUTERI BETUNG, GAYO LUES, ACEH",1,54,122,176
https://kawalpemilu.org#5245,"GUMPANG, PUTERI BETUNG, GAYO LUES, ACEH",2,100,174,274
https://kawalpemilu.org#5246,"MARPUNGE GABUNGAN, PUTERI BETUNG, GAYO LUES, ACEH",1,104,107,211
https://kawalpemilu.org#5246,"MARPUNGE GABUNGAN, PUTERI BETUNG, GAYO LUES, ACEH",2,80,95,175
https://kawalpemilu.org#5246,"MARPUNGE GABUNGAN, PUTERI BETUNG, GAYO LUES, ACEH",3,145,114,259
https://kawalpemilu.org#5246,"MARPUNGE GABUNGAN, PUTERI BETUNG, GAYO LUES, ACEH",4,100,136,236
https://kawalpemilu.org#5247,"RAMUNG MUSARA, PUTERI BETUNG, GAYO LUES, ACEH",1,63,68,131
https://kawalpemilu.org#5247,"RAMUNG MUSARA, PUTERI BETUNG, GAYO LUES, ACEH",2,102,104,206
https://kawalpemilu.org#5247,"RAMUNG MUSARA, PUTERI BETUNG, GAYO LUES, ACEH",3,52,136,188
https://kawalpemilu.org#5247,"RAMUNG MUSARA, PUTERI BETUNG, GAYO LUES, ACEH",4,95,32,127
https://kawalpemilu.org#5247,"RAMUNG MUSARA, PUTERI BETUNG, GAYO LUES, ACEH",5,103,42,145
https://kawalpemilu.org#5248,"MELOAK SEPAKAT, PUTERI BETUNG, GAYO LUES, ACEH",1,81,78,159
https://kawalpemilu.org#5248,"MELOAK SEPAKAT, PUTERI BETUNG, GAYO LUES, ACEH",2,70,137,207
https://kawalpemilu.org#5248,"MELOAK SEPAKAT, PUTERI BETUNG, GAYO LUES, ACEH",3,95,110,205
https://kawalpemilu.org#5249,"KUTELENGAT SEPAKAT, PUTERI BETUNG, GAYO LUES, ACEH",1,66,148,214
https://kawalpemilu.org#5249,"KUTELENGAT SEPAKAT, PUTERI BETUNG, GAYO LUES, ACEH",2,46,125,0
https://kawalpemilu.org#5250,"SINGAH MULO, PUTERI BETUNG, GAYO LUES, ACEH",1,111,67,178
https://kawalpemilu.org#5250,"SINGAH MULO, PUTERI BETUNG, GAYO LUES, ACEH",2,69,143,212
https://kawalpemilu.org#5250,"SINGAH MULO, PUTERI BETUNG, GAYO LUES, ACEH",3,143,79,222
https://kawalpemilu.org#5251,"UNING PUNE, PUTERI BETUNG, GAYO LUES, ACEH",1,49,155,204
https://kawalpemilu.org#5251,"UNING PUNE, PUTERI BETUNG, GAYO LUES, ACEH",2,75,73,148
https://kawalpemilu.org#5251,"UNING PUNE, PUTERI BETUNG, GAYO LUES, ACEH",3,107,54,161
https://kawalpemilu.org#5252,"GUMPANG LEMPUH, PUTERI BETUNG, GAYO LUES, ACEH",1,56,154,210
https://kawalpemilu.org#5252,"GUMPANG LEMPUH, PUTERI BETUNG, GAYO LUES, ACEH",2,107,119,226
https://kawalpemilu.org#5253,"PUTRI BETUNG, PUTERI BETUNG, GAYO LUES, ACEH",1,162,73,235
https://kawalpemilu.org#5253,"PUTRI BETUNG, PUTERI BETUNG, GAYO LUES, ACEH",2,97,55,152
https://kawalpemilu.org#5255,"PENOSAN, BLANGJERANGO, GAYO LUES, ACEH",1,81,107,188
https://kawalpemilu.org#5255,"PENOSAN, BLANGJERANGO, GAYO LUES, ACEH",2,59,103,162
https://kawalpemilu.org#5255,"PENOSAN, BLANGJERANGO, GAYO LUES, ACEH",3,60,104,164
https://kawalpemilu.org#5255,"PENOSAN, BLANGJERANGO, GAYO LUES, ACEH",4,89,97,186
https://kawalpemilu.org#5255,"PENOSAN, BLANGJERANGO, GAYO LUES, ACEH",5,66,85,151
https://kawalpemilu.org#5255,"PENOSAN, BLANGJERANGO, GAYO LUES, ACEH",6,44,112,156
https://kawalpemilu.org#5256,"SEKUELEN, BLANGJERANGO, GAYO LUES, ACEH",1,67,91,158
https://kawalpemilu.org#5256,"SEKUELEN, BLANGJERANGO, GAYO LUES, ACEH",2,63,97,160
https://kawalpemilu.org#5257,"AKUL, BLANGJERANGO, GAYO LUES, ACEH",1,95,175,270
https://kawalpemilu.org#5257,"AKUL, BLANGJERANGO, GAYO LUES, ACEH",2,126,112,238
https://kawalpemilu.org#5257,"AKUL, BLANGJERANGO, GAYO LUES, ACEH",3,141,84,225
https://kawalpemilu.org#5258,"GEGARANG, BLANGJERANGO, GAYO LUES, ACEH",1,35,180,215
https://kawalpemilu.org#5259,"PEPARIK GAIB, BLANGJERANGO, GAYO LUES, ACEH",1,120,104,224
https://kawalpemilu.org#5259,"PEPARIK GAIB, BLANGJERANGO, GAYO LUES, ACEH",2,92,112,204
https://kawalpemilu.org#5259,"PEPARIK GAIB, BLANGJERANGO, GAYO LUES, ACEH",3,56,69,125
https://kawalpemilu.org#5260,"PENOSAN SEPAKAT, BLANGJERANGO, GAYO LUES, ACEH",1,142,77,219
https://kawalpemilu.org#5260,"PENOSAN SEPAKAT, BLANGJERANGO, GAYO LUES, ACEH",2,161,65,226
https://kawalpemilu.org#5260,"PENOSAN SEPAKAT, BLANGJERANGO, GAYO LUES, ACEH",3,67,34,101
https://kawalpemilu.org#5261,"TINGKEM, BLANGJERANGO, GAYO LUES, ACEH",1,93,64,157
https://kawalpemilu.org#5262,"KETUKAH, BLANGJERANGO, GAYO LUES, ACEH",1,105,45,150
https://kawalpemilu.org#5262,"KETUKAH, BLANGJERANGO, GAYO LUES, ACEH",2,67,39,106
https://kawalpemilu.org#5263,"PEPARIK DEKAT, BLANGJERANGO, GAYO LUES, ACEH",1,78,147,225
https://kawalpemilu.org#5264,"BLANG JERANGO, BLANGJERANGO, GAYO LUES, ACEH",1,88,142,230
https://kawalpemilu.org#5266,"SENEREN, PANTAN CUACA, GAYO LUES, ACEH",1,124,77,201
https://kawalpemilu.org#5267,"REMUKUT, PANTAN CUACA, GAYO LUES, ACEH",1,73,89,162
https://kawalpemilu.org#5267,"REMUKUT, PANTAN CUACA, GAYO LUES, ACEH",2,111,72,183
https://kawalpemilu.org#5268,"KENYARAN, PANTAN CUACA, GAYO LUES, ACEH",1,0,0,0
https://kawalpemilu.org#5268,"KENYARAN, PANTAN CUACA, GAYO LUES, ACEH",2,113,125,238
https://kawalpemilu.org#5268,"KENYARAN, PANTAN CUACA, GAYO LUES, ACEH",3,38,27,65
https://kawalpemilu.org#5269,"TETINGI, PANTAN CUACA, GAYO LUES, ACEH",1,69,29,98
https://kawalpemilu.org#5269,"TETINGI, PANTAN CUACA, GAYO LUES, ACEH",2,47,55,102
https://kawalpemilu.org#5270,"ATU KAPUR, PANTAN CUACA, GAYO LUES, ACEH",1,42,148,190
https://kawalpemilu.org#5270,"ATU KAPUR, PANTAN CUACA, GAYO LUES, ACEH",2,41,149,190
https://kawalpemilu.org#5271,"SURI MUSARA, PANTAN CUACA, GAYO LUES, ACEH",1,69,107,176
https://kawalpemilu.org#5271,"SURI MUSARA, PANTAN CUACA, GAYO LUES, ACEH",2,42,117,159
https://kawalpemilu.org#5272,"AIH SELAH, PANTAN CUACA, GAYO LUES, ACEH",1,46,56,102
https://kawalpemilu.org#5273,"CANE BARU, PANTAN CUACA, GAYO LUES, ACEH",1,66,149,215
https://kawalpemilu.org#5273,"CANE BARU, PANTAN CUACA, GAYO LUES, ACEH",2,65,73,138
https://kawalpemilu.org#5274,"KUNING KURNIA, PANTAN CUACA, GAYO LUES, ACEH",1,76,47,123
https://kawalpemilu.org#5276,"PERLAK, TERIPE JAYA, GAYO LUES, ACEH",1,143,60,203
https://kawalpemilu.org#5276,"PERLAK, TERIPE JAYA, GAYO LUES, ACEH",2,189,37,226
https://kawalpemilu.org#5276,"PERLAK, TERIPE JAYA, GAYO LUES, ACEH",3,149,63,212
https://kawalpemilu.org#5277,"REREBE, TERIPE JAYA, GAYO LUES, ACEH",1,108,70,178
https://kawalpemilu.org#5277,"REREBE, TERIPE JAYA, GAYO LUES, ACEH",2,114,90,204
https://kawalpemilu.org#5277,"REREBE, TERIPE JAYA, GAYO LUES, ACEH",3,133,59,192
https://kawalpemilu.org#5278,"PASIR, TERIPE JAYA, GAYO LUES, ACEH",1,54,189,243
https://kawalpemilu.org#5278,"PASIR, TERIPE JAYA, GAYO LUES, ACEH",2,79,120,199
https://kawalpemilu.org#5278,"PASIR, TERIPE JAYA, GAYO LUES, ACEH",3,24,149,173
https://kawalpemilu.org#5279,"SETUL, TERIPE JAYA, GAYO LUES, ACEH",1,116,63,179
https://kawalpemilu.org#5280,"UPT PANTAN KELA, TERIPE JAYA, GAYO LUES, ACEH",1,139,25,164
https://kawalpemilu.org#5281,"UPT PAYA KUMER, TERIPE JAYA, GAYO LUES, ACEH",1,86,38,124
https://kawalpemilu.org#5281,"UPT PAYA KUMER, TERIPE JAYA, GAYO LUES, ACEH",2,90,36,126
https://kawalpemilu.org#5282,"BUNTUL MUSARA, TERIPE JAYA, GAYO LUES, ACEH",1,143,91,234
https://kawalpemilu.org#5282,"BUNTUL MUSARA, TERIPE JAYA, GAYO LUES, ACEH",2,90,44,134
https://kawalpemilu.org#5283,"KUALA JERNIH, TERIPE JAYA, GAYO LUES, ACEH",1,89,56,145
https://kawalpemilu.org#5283,"KUALA JERNIH, TERIPE JAYA, GAYO LUES, ACEH",2,82,62,144
https://kawalpemilu.org#5284,"UYEM BERIRING, TERIPE JAYA, GAYO LUES, ACEH",1,76,166,242
https://kawalpemilu.org#5284,"UYEM BERIRING, TERIPE JAYA, GAYO LUES, ACEH",2,30,73,103
https://kawalpemilu.org#5285,"PULO GELIME, TERIPE JAYA, GAYO LUES, ACEH",1,33,110,143
https://kawalpemilu.org#5288,"KEUDE TEUNOM, TEUNOM, ACEH JAYA, ACEH",1,19,140,159
https://kawalpemilu.org#5288,"KEUDE TEUNOM, TEUNOM, ACEH JAYA, ACEH",2,22,161,183
https://kawalpemilu.org#5289,"ALUE AMBANG, TEUNOM, ACEH JAYA, ACEH",1,21,226,247
https://kawalpemilu.org#5289,"ALUE AMBANG, TEUNOM, ACEH JAYA, ACEH",2,38,215,253
https://kawalpemilu.org#5289,"ALUE AMBANG, TEUNOM, ACEH JAYA, ACEH",3,12,190,202
https://kawalpemilu.org#5290,"PADANG KLENG, TEUNOM, ACEH JAYA, ACEH",1,21,232,253
https://kawalpemilu.org#5290,"PADANG KLENG, TEUNOM, ACEH JAYA, ACEH",2,17,234,251
https://kawalpemilu.org#5290,"PADANG KLENG, TEUNOM, ACEH JAYA, ACEH",3,10,223,233
https://kawalpemilu.org#5290,"PADANG KLENG, TEUNOM, ACEH JAYA, ACEH",4,13,223,236
https://kawalpemilu.org#5291,"PANTON, TEUNOM, ACEH JAYA, ACEH",1,17,159,176
https://kawalpemilu.org#5291,"PANTON, TEUNOM, ACEH JAYA, ACEH",2,26,206,232
https://kawalpemilu.org#5291,"PANTON, TEUNOM, ACEH JAYA, ACEH",3,10,142,152
https://kawalpemilu.org#5292,"PASIE TULAK BALA, TEUNOM, ACEH JAYA, ACEH",1,7,138,145
https://kawalpemilu.org#5293,"GAMPONG BARO, TEUNOM, ACEH JAYA, ACEH",1,9,197,206
https://kawalpemilu.org#5294,"RAMBONG PAYONG, TEUNOM, ACEH JAYA, ACEH",1,28,176,204
https://kawalpemilu.org#5295,"PASIE PAWANG, TEUNOM, ACEH JAYA, ACEH",1,18,144,162
https://kawalpemilu.org#5296,"BLANG BARO, TEUNOM, ACEH JAYA, ACEH",1,21,133,154
https://kawalpemilu.org#5296,"BLANG BARO, TEUNOM, ACEH JAYA, ACEH",2,6,108,114
https://kawalpemilu.org#5297,"TANOH ANOU, TEUNOM, ACEH JAYA, ACEH",1,20,247,267
https://kawalpemilu.org#5297,"TANOH ANOU, TEUNOM, ACEH JAYA, ACEH",2,18,259,277
https://kawalpemilu.org#5298,"TANOH MANYANG, TEUNOM, ACEH JAYA, ACEH",1,24,219,243
https://kawalpemilu.org#5298,"TANOH MANYANG, TEUNOM, ACEH JAYA, ACEH",2,25,198,223
https://kawalpemilu.org#5298,"TANOH MANYANG, TEUNOM, ACEH JAYA, ACEH",3,17,193,210
https://kawalpemilu.org#5298,"TANOH MANYANG, TEUNOM, ACEH JAYA, ACEH",4,22,199,221
https://kawalpemilu.org#5299,"BATEE-ROO, TEUNOM, ACEH JAYA, ACEH",1,41,193,234
https://kawalpemilu.org#5300,"SEUNEUBOK PADANG, TEUNOM, ACEH JAYA, ACEH",1,15,202,217
https://kawalpemilu.org#5300,"SEUNEUBOK PADANG, TEUNOM, ACEH JAYA, ACEH",2,7,176,183
https://kawalpemilu.org#5301,"SEUMIRA, TEUNOM, ACEH JAYA, ACEH",1,19,109,128
https://kawalpemilu.org#5302,"KUBU, TEUNOM, ACEH JAYA, ACEH",1,8,84,92
https://kawalpemilu.org#5303,"ALUE MEURAKSA, TEUNOM, ACEH JAYA, ACEH",1,26,177,203
https://kawalpemilu.org#5304,"PAYA BARO, TEUNOM, ACEH JAYA, ACEH",1,15,160,175
https://kawalpemilu.org#5304,"PAYA BARO, TEUNOM, ACEH JAYA, ACEH",2,18,180,198
https://kawalpemilu.org#5304,"PAYA BARO, TEUNOM, ACEH JAYA, ACEH",3,20,166,186
https://kawalpemilu.org#5305,"TEUPIN ARA, TEUNOM, ACEH JAYA, ACEH",1,34,168,202
https://kawalpemilu.org#5305,"TEUPIN ARA, TEUNOM, ACEH JAYA, ACEH",2,24,177,201
https://kawalpemilu.org#5306,"COT TRAP, TEUNOM, ACEH JAYA, ACEH",1,46,153,199
https://kawalpemilu.org#5306,"COT TRAP, TEUNOM, ACEH JAYA, ACEH",2,60,129,189
https://kawalpemilu.org#5307,"LUENG GAYO, TEUNOM, ACEH JAYA, ACEH",1,11,192,203
https://kawalpemilu.org#5307,"LUENG GAYO, TEUNOM, ACEH JAYA, ACEH",2,12,114,126
https://kawalpemilu.org#5308,"PASIE GEULIMA, TEUNOM, ACEH JAYA, ACEH",1,11,213,224
https://kawalpemilu.org#5309,"PASIE TIMON, TEUNOM, ACEH JAYA, ACEH",1,9,158,167
https://kawalpemilu.org#5309,"PASIE TIMON, TEUNOM, ACEH JAYA, ACEH",2,13,160,173
https://kawalpemilu.org#5325,"BAHAGIA, KRUENG SABEE, ACEH JAYA, ACEH",1,18,121,139
https://kawalpemilu.org#5325,"BAHAGIA, KRUENG SABEE, ACEH JAYA, ACEH",2,18,139,157
https://kawalpemilu.org#5326,"SENTOSA, KRUENG SABEE, ACEH JAYA, ACEH",1,17,183,200
https://kawalpemilu.org#5326,"SENTOSA, KRUENG SABEE, ACEH JAYA, ACEH",2,14,192,206
https://kawalpemilu.org#5327,"DAYAH BARO, KRUENG SABEE, ACEH JAYA, ACEH",1,10,207,217
https://kawalpemilu.org#5327,"DAYAH BARO, KRUENG SABEE, ACEH JAYA, ACEH",2,11,212,223
https://kawalpemilu.org#5327,"DAYAH BARO, KRUENG SABEE, ACEH JAYA, ACEH",3,17,215,232
https://kawalpemilu.org#5327,"DAYAH BARO, KRUENG SABEE, ACEH JAYA, ACEH",4,17,220,237
https://kawalpemilu.org#5328,"GAMPONG BLANG, KRUENG SABEE, ACEH JAYA, ACEH",1,17,210,213
https://kawalpemilu.org#5328,"GAMPONG BLANG, KRUENG SABEE, ACEH JAYA, ACEH",2,21,146,167
https://kawalpemilu.org#5328,"GAMPONG BLANG, KRUENG SABEE, ACEH JAYA, ACEH",3,35,185,220
https://kawalpemilu.org#5328,"GAMPONG BLANG, KRUENG SABEE, ACEH JAYA, ACEH",4,10,88,98
https://kawalpemilu.org#5329,"KEUTAPANG, KRUENG SABEE, ACEH JAYA, ACEH",1,25,178,203
https://kawalpemilu.org#5329,"KEUTAPANG, KRUENG SABEE, ACEH JAYA, ACEH",2,28,200,228
https://kawalpemilu.org#5329,"KEUTAPANG, KRUENG SABEE, ACEH JAYA, ACEH",3,32,221,253
https://kawalpemilu.org#5329,"KEUTAPANG, KRUENG SABEE, ACEH JAYA, ACEH",4,40,177,217
https://kawalpemilu.org#5329,"KEUTAPANG, KRUENG SABEE, ACEH JAYA, ACEH",5,42,200,242
https://kawalpemilu.org#5330,"PANTON MAKMUR, KRUENG SABEE, ACEH JAYA, ACEH",1,28,179,207
https://kawalpemilu.org#5330,"PANTON MAKMUR, KRUENG SABEE, ACEH JAYA, ACEH",2,44,180,224
https://kawalpemilu.org#5331,"KEUDE KRUENG SABEE, KRUENG SABEE, ACEH JAYA, ACEH",1,23,164,187
https://kawalpemilu.org#5331,"KEUDE KRUENG SABEE, KRUENG SABEE, ACEH JAYA, ACEH",2,27,167,194
https://kawalpemilu.org#5331,"KEUDE KRUENG SABEE, KRUENG SABEE, ACEH JAYA, ACEH",3,23,162,183
https://kawalpemilu.org#5332,"KABONG, KRUENG SABEE, ACEH JAYA, ACEH",1,21,168,189
https://kawalpemilu.org#5332,"KABONG, KRUENG SABEE, ACEH JAYA, ACEH",2,20,198,218
https://kawalpemilu.org#5333,"PADANG DATAR, KRUENG SABEE, ACEH JAYA, ACEH",1,15,226,241
https://kawalpemilu.org#5333,"PADANG DATAR, KRUENG SABEE, ACEH JAYA, ACEH",2,18,217,235
https://kawalpemilu.org#5333,"PADANG DATAR, KRUENG SABEE, ACEH JAYA, ACEH",3,18,218,236
https://kawalpemilu.org#5334,"DATAR LUAS, KRUENG SABEE, ACEH JAYA, ACEH",1,11,194,205
https://kawalpemilu.org#5334,"DATAR LUAS, KRUENG SABEE, ACEH JAYA, ACEH",2,20,181,201
https://kawalpemilu.org#5334,"DATAR LUAS, KRUENG SABEE, ACEH JAYA, ACEH",3,18,165,183
https://kawalpemilu.org#5334,"DATAR LUAS, KRUENG SABEE, ACEH JAYA, ACEH",4,13,197,210
https://kawalpemilu.org#5335,"RANTO PANYANG, KRUENG SABEE, ACEH JAYA, ACEH",1,25,118,143
https://kawalpemilu.org#5335,"RANTO PANYANG, KRUENG SABEE, ACEH JAYA, ACEH",2,18,124,142
https://kawalpemilu.org#5336,"BUNTHA, KRUENG SABEE, ACEH JAYA, ACEH",1,17,118,135
https://kawalpemilu.org#5336,"BUNTHA, KRUENG SABEE, ACEH JAYA, ACEH",2,17,109,126
https://kawalpemilu.org#5337,"PANGGONG, KRUENG SABEE, ACEH JAYA, ACEH",2,23,186,209
https://kawalpemilu.org#5338,"CUREK, KRUENG SABEE, ACEH JAYA, ACEH",1,14,147,161
https://kawalpemilu.org#5338,"CUREK, KRUENG SABEE, ACEH JAYA, ACEH",2,10,161,171
https://kawalpemilu.org#5339,"ALUE THO, KRUENG SABEE, ACEH JAYA, ACEH",1,5,192,197
https://kawalpemilu.org#5340,"MON MATA, KRUENG SABEE, ACEH JAYA, ACEH",1,17,241,258
https://kawalpemilu.org#5340,"MON MATA, KRUENG SABEE, ACEH JAYA, ACEH",2,6,168,174
https://kawalpemilu.org#5340,"MON MATA, KRUENG SABEE, ACEH JAYA, ACEH",3,20,224,244
https://kawalpemilu.org#5341,"PAYA SEUMANTOK, KRUENG SABEE, ACEH JAYA, ACEH",1,16,200,215
https://kawalpemilu.org#5341,"PAYA SEUMANTOK, KRUENG SABEE, ACEH JAYA, ACEH",2,18,139,157
https://kawalpemilu.org#5341,"PAYA SEUMANTOK, KRUENG SABEE, ACEH JAYA, ACEH",3,22,202,224
https://kawalpemilu.org#5343,"SAWANG, SETIA BAKTI, ACEH JAYA, ACEH",1,24,218,242
https://kawalpemilu.org#5343,"SAWANG, SETIA BAKTI, ACEH JAYA, ACEH",2,26,164,190
https://kawalpemilu.org#5344,"LHOK GEULUMPANG, SETIA BAKTI, ACEH JAYA, ACEH",1,24,127,151
https://kawalpemilu.org#5344,"LHOK GEULUMPANG, SETIA BAKTI, ACEH JAYA, ACEH",2,29,139,168
https://kawalpemilu.org#5344,"LHOK GEULUMPANG, SETIA BAKTI, ACEH JAYA, ACEH",3,19,185,204
https://kawalpemilu.org#5345,"PADANG, SETIA BAKTI, ACEH JAYA, ACEH",1,37,188,225
https://kawalpemilu.org#5346,"GUNONG MEUNASAH, SETIA BAKTI, ACEH JAYA, ACEH",1,45,195,240
https://kawalpemilu.org#5347,"SAPEK, SETIA BAKTI, ACEH JAYA, ACEH",1,22,177,199
https://kawalpemilu.org#5347,"SAPEK, SETIA BAKTI, ACEH JAYA, ACEH",2,38,139,147
https://kawalpemilu.org#5348,"PANTE KUYUN, SETIA BAKTI, ACEH JAYA, ACEH",1,29,174,203
https://kawalpemilu.org#5348,"PANTE KUYUN, SETIA BAKTI, ACEH JAYA, ACEH",2,33,174,207
https://kawalpemilu.org#5349,"GLEE SEUBAK, SETIA BAKTI, ACEH JAYA, ACEH",1,18,81,99
https://kawalpemilu.org#5350,"GAMPONG BAROH, SETIA BAKTI, ACEH JAYA, ACEH",1,19,157,176
https://kawalpemilu.org#5351,"LHOK TIMON, SETIA BAKTI, ACEH JAYA, ACEH",1,15,227,242
https://kawalpemilu.org#5351,"LHOK TIMON, SETIA BAKTI, ACEH JAYA, ACEH",2,30,187,217
https://kawalpemilu.org#5351,"LHOK TIMON, SETIA BAKTI, ACEH JAYA, ACEH",3,5,204,209
https://kawalpemilu.org#5351,"LHOK TIMON, SETIA BAKTI, ACEH JAYA, ACEH",4,13,147,160
https://kawalpemilu.org#5351,"LHOK TIMON, SETIA BAKTI, ACEH JAYA, ACEH",5,9,154,163
https://kawalpemilu.org#5352,"GAMPONG BARO, SETIA BAKTI, ACEH JAYA, ACEH",1,12,164,176
https://kawalpemilu.org#5352,"GAMPONG BARO, SETIA BAKTI, ACEH JAYA, ACEH",2,22,169,191
https://kawalpemilu.org#5352,"GAMPONG BARO, SETIA BAKTI, ACEH JAYA, ACEH",3,21,159,180
https://kawalpemilu.org#5353,"LHOK BUYA, SETIA BAKTI, ACEH JAYA, ACEH",1,18,149,167
https://kawalpemilu.org#5353,"LHOK BUYA, SETIA BAKTI, ACEH JAYA, ACEH",2,17,149,166
https://kawalpemilu.org#5353,"LHOK BUYA, SETIA BAKTI, ACEH JAYA, ACEH",3,11,164,175
https://kawalpemilu.org#5354,"LHOK BOT, SETIA BAKTI, ACEH JAYA, ACEH",1,10,226,236
https://kawalpemilu.org#5355,"PAYA LAOT, SETIA BAKTI, ACEH JAYA, ACEH",1,17,117,134
https://kawalpemilu.org#5357,"LHOK KRUET, SAMPOINIET, ACEH JAYA, ACEH",1,12,137,149
https://kawalpemilu.org#5357,"LHOK KRUET, SAMPOINIET, ACEH JAYA, ACEH",2,22,156,178
https://kawalpemilu.org#5358,"PULO RAYA, SAMPOINIET, ACEH JAYA, ACEH",1,6,146,152
https://kawalpemilu.org#5359,"MEUNASAH KULAM, SAMPOINIET, ACEH JAYA, ACEH",1,11,104,115
https://kawalpemilu.org#5360,"CRAK MONG, SAMPOINIET, ACEH JAYA, ACEH",1,14,139,153
https://kawalpemilu.org#5360,"CRAK MONG, SAMPOINIET, ACEH JAYA, ACEH",2,13,104,117
https://kawalpemilu.org#5361,"ALUE GRO, SAMPOINIET, ACEH JAYA, ACEH",1,22,94,116
https://kawalpemilu.org#5362,"KUALA LIGAN, SAMPOINIET, ACEH JAYA, ACEH",1,23,169,192
https://kawalpemilu.org#5362,"KUALA LIGAN, SAMPOINIET, ACEH JAYA, ACEH",2,20,76,96
https://kawalpemilu.org#5363,"BABAH NIPAH, SAMPOINIET, ACEH JAYA, ACEH",1,15,73,88
https://kawalpemilu.org#5364,"JEUMPHEUK, SAMPOINIET, ACEH JAYA, ACEH",1,13,139,152
https://kawalpemilu.org#5364,"JEUMPHEUK, SAMPOINIET, ACEH JAYA, ACEH",2,14,123,137
https://kawalpemilu.org#5365,"COT LANGSAT, SAMPOINIET, ACEH JAYA, ACEH",1,9,82,91
https://kawalpemilu.org#5366,"MATA IE, SAMPOINIET, ACEH JAYA, ACEH",1,14,134,148
https://kawalpemilu.org#5367,"BLANG MONLUENG, SAMPOINIET, ACEH JAYA, ACEH",1,56,164,220
https://kawalpemilu.org#5368,"KRUENG NO, SAMPOINIET, ACEH JAYA, ACEH",1,25,195,220
https://kawalpemilu.org#5369,"SEUMANTOK, SAMPOINIET, ACEH JAYA, ACEH",1,16,194,210
https://kawalpemilu.org#5369,"SEUMANTOK, SAMPOINIET, ACEH JAYA, ACEH",2,11,189,200
https://kawalpemilu.org#5370,"RANTO SABON, SAMPOINIET, ACEH JAYA, ACEH",1,43,152,195
https://kawalpemilu.org#5371,"LIGAN, SAMPOINIET, ACEH JAYA, ACEH",1,26,172,198
https://kawalpemilu.org#5371,"LIGAN, SAMPOINIET, ACEH JAYA, ACEH",2,21,170,191
https://kawalpemilu.org#5371,"LIGAN, SAMPOINIET, ACEH JAYA, ACEH",3,19,194,213
https://kawalpemilu.org#5372,"IE JEUREUNGEH, SAMPOINIET, ACEH JAYA, ACEH",1,20,200,220
https://kawalpemilu.org#5376,"KUALA BAKONG, SAMPOINIET, ACEH JAYA, ACEH",1,10,141,151
https://kawalpemilu.org#5376,"KUALA BAKONG, SAMPOINIET, ACEH JAYA, ACEH",2,12,125,137
https://kawalpemilu.org#5391,"COT PUNTI, SAMPOINIET, ACEH JAYA, ACEH",1,19,81,100
https://kawalpemilu.org#5393,"KRUENG AYON, SAMPOINIET, ACEH JAYA, ACEH",1,21,131,152
https://kawalpemilu.org#5405,"PANTE CERMIN, JAYA, ACEH JAYA, ACEH",1,24,150,174
https://kawalpemilu.org#5405,"PANTE CERMIN, JAYA, ACEH JAYA, ACEH",2,50,199,249
https://kawalpemilu.org#5406,"SABET, JAYA, ACEH JAYA, ACEH",1,22,134,156
https://kawalpemilu.org#5406,"SABET, JAYA, ACEH JAYA, ACEH",2,9,151,160
https://kawalpemilu.org#5407,"SANGO, JAYA, ACEH JAYA, ACEH",1,21,153,174
https://kawalpemilu.org#5407,"SANGO, JAYA, ACEH JAYA, ACEH",2,22,139,161
https://kawalpemilu.org#5408,"MAREU, JAYA, ACEH JAYA, ACEH",1,4,49,53
https://kawalpemilu.org#5409,"LAM ASAN, JAYA, ACEH JAYA, ACEH",1,12,94,106
https://kawalpemilu.org#5409,"LAM ASAN, JAYA, ACEH JAYA, ACEH",2,16,166,182
https://kawalpemilu.org#5410,"ALUE RAYEUK, JAYA, ACEH JAYA, ACEH",1,4,90,94
https://kawalpemilu.org#5411,"SAPEK, JAYA, ACEH JAYA, ACEH",1,11,164,175
https://kawalpemilu.org#5411,"SAPEK, JAYA, ACEH JAYA, ACEH",2,9,181,190
https://kawalpemilu.org#5412,"LAMBAROH, JAYA, ACEH JAYA, ACEH",1,9,92,101
https://kawalpemilu.org#5412,"LAMBAROH, JAYA, ACEH JAYA, ACEH",2,18,160,178
https://kawalpemilu.org#5413,"MEUDHEUN, JAYA, ACEH JAYA, ACEH",1,2,145,147
https://kawalpemilu.org#5413,"MEUDHEUN, JAYA, ACEH JAYA, ACEH",2,2,209,211
https://kawalpemilu.org#5414,"BABAH IE, JAYA, ACEH JAYA, ACEH",1,24,138,162
https://kawalpemilu.org#5415,"UJONG SEDHEUN, JAYA, ACEH JAYA, ACEH",1,4,83,87
https://kawalpemilu.org#5416,"KRUENG TUNONG, JAYA, ACEH JAYA, ACEH",1,5,153,158
https://kawalpemilu.org#5416,"KRUENG TUNONG, JAYA, ACEH JAYA, ACEH",2,8,173,181
https://kawalpemilu.org#5417,"JAMBO MASI, JAYA, ACEH JAYA, ACEH",1,12,248,260
https://kawalpemilu.org#5418,"LAMTUI, JAYA, ACEH JAYA, ACEH",1,16,125,141
https://kawalpemilu.org#5418,"LAMTUI, JAYA, ACEH JAYA, ACEH",2,5,133,138
https://kawalpemilu.org#5419,"PASAR LAMNO, JAYA, ACEH JAYA, ACEH",1,7,136,143
https://kawalpemilu.org#5420,"MEUNASAH WEH, JAYA, ACEH JAYA, ACEH",1,10,165,175
https://kawalpemilu.org#5420,"MEUNASAH WEH, JAYA, ACEH JAYA, ACEH",2,15,138,153
https://kawalpemilu.org#5420,"MEUNASAH WEH, JAYA, ACEH JAYA, ACEH",3,8,200,208
https://kawalpemilu.org#5421,"BAK PAOH, JAYA, ACEH JAYA, ACEH",2,14,205,219
https://kawalpemilu.org#5421,"BAK PAOH, JAYA, ACEH JAYA, ACEH",3,13,166,179
https://kawalpemilu.org#5421,"BAK PAOH, JAYA, ACEH JAYA, ACEH",4,23,193,162
https://kawalpemilu.org#5422,"BABAH KRUENG, JAYA, ACEH JAYA, ACEH",1,12,79,91
https://kawalpemilu.org#5422,"BABAH KRUENG, JAYA, ACEH JAYA, ACEH",2,13,165,178
https://kawalpemilu.org#5423,"COT DULANG, JAYA, ACEH JAYA, ACEH",1,7,178,185
https://kawalpemilu.org#5423,"COT DULANG, JAYA, ACEH JAYA, ACEH",2,9,170,179
https://kawalpemilu.org#5424,"LAM DURIAN, JAYA, ACEH JAYA, ACEH",1,20,177,197
https://kawalpemilu.org#5424,"LAM DURIAN, JAYA, ACEH JAYA, ACEH",2,13,164,177
https://kawalpemilu.org#5425,"PUTUE, JAYA, ACEH JAYA, ACEH",1,9,127,136
https://kawalpemilu.org#5426,"GLE PUTOH, JAYA, ACEH JAYA, ACEH",1,54,112,166
https://kawalpemilu.org#5426,"GLE PUTOH, JAYA, ACEH JAYA, ACEH",2,9,172,181
https://kawalpemilu.org#5427,"PANTE KEUTAPANG, JAYA, ACEH JAYA, ACEH",1,6,156,162
https://kawalpemilu.org#5427,"PANTE KEUTAPANG, JAYA, ACEH JAYA, ACEH",2,20,139,159
https://kawalpemilu.org#5428,"LAMME, JAYA, ACEH JAYA, ACEH",1,17,178,195
https://kawalpemilu.org#5428,"LAMME, JAYA, ACEH JAYA, ACEH",2,9,165,174
https://kawalpemilu.org#5429,"MEUNASAH SERBA, JAYA, ACEH JAYA, ACEH",1,23,153,176
https://kawalpemilu.org#5430,"LEUPE, JAYA, ACEH JAYA, ACEH",1,18,138,156
https://kawalpemilu.org#5431,"MEUTARA, JAYA, ACEH JAYA, ACEH",1,7,120,127
https://kawalpemilu.org#5431,"MEUTARA, JAYA, ACEH JAYA, ACEH",2,6,138,144
https://kawalpemilu.org#5432,"LHUET, JAYA, ACEH JAYA, ACEH",1,18,228,246
https://kawalpemilu.org#5432,"LHUET, JAYA, ACEH JAYA, ACEH",2,25,222,247
https://kawalpemilu.org#5433,"GLE JONG, JAYA, ACEH JAYA, ACEH",1,6,107,113
https://kawalpemilu.org#5434,"DARAT, JAYA, ACEH JAYA, ACEH",1,6,88,94
https://kawalpemilu.org#5435,"GAMPONG BARO, JAYA, ACEH JAYA, ACEH",1,20,169,189
https://kawalpemilu.org#5436,"PANTON MAKMUR, JAYA, ACEH JAYA, ACEH",1,15,89,104
https://kawalpemilu.org#5437,"RUMPET, JAYA, ACEH JAYA, ACEH",1,5,68,73
https://kawalpemilu.org#5438,"NUSA, JAYA, ACEH JAYA, ACEH",1,13,167,180
https://kawalpemilu.org#5444,"KEUDE PANGA, PANGA, ACEH JAYA, ACEH",1,33,226,259
https://kawalpemilu.org#5444,"KEUDE PANGA, PANGA, ACEH JAYA, ACEH",2,46,175,221
https://kawalpemilu.org#5444,"KEUDE PANGA, PANGA, ACEH JAYA, ACEH",3,12,112,124
https://kawalpemilu.org#5445,"KUTA TUHA, PANGA, ACEH JAYA, ACEH",1,22,194,216
https://kawalpemilu.org#5445,"KUTA TUHA, PANGA, ACEH JAYA, ACEH",2,29,174,203
https://kawalpemilu.org#5445,"KUTA TUHA, PANGA, ACEH JAYA, ACEH",3,39,204,243
https://kawalpemilu.org#5446,"TUWI KAREUNG, PANGA, ACEH JAYA, ACEH",1,27,163,190
https://kawalpemilu.org#5446,"TUWI KAREUNG, PANGA, ACEH JAYA, ACEH",2,21,190,211
https://kawalpemilu.org#5446,"TUWI KAREUNG, PANGA, ACEH JAYA, ACEH",3,39,132,171
https://kawalpemilu.org#5447,"LADANG BARO, PANGA, ACEH JAYA, ACEH",1,24,221,245
https://kawalpemilu.org#5447,"LADANG BARO, PANGA, ACEH JAYA, ACEH",2,33,246,279
https://kawalpemilu.org#5448,"PANTON KRUENG, PANGA, ACEH JAYA, ACEH",1,7,93,100
https://kawalpemilu.org#5449,"GLE PUTOH, PANGA, ACEH JAYA, ACEH",1,45,118,163
https://kawalpemilu.org#5450,"ALUE PANDE, PANGA, ACEH JAYA, ACEH",1,16,158,174
https://kawalpemilu.org#5451,"BATEE MEUTUDONG, PANGA, ACEH JAYA, ACEH",1,15,86,101
https://kawalpemilu.org#5452,"GAMPONG HARAPAN, PANGA, ACEH JAYA, ACEH",1,37,163,200
https://kawalpemilu.org#5453,"GUNONG BULOH, PANGA, ACEH JAYA, ACEH",1,38,164,202
https://kawalpemilu.org#5454,"GUNONG MEULINTEUNG, PANGA, ACEH JAYA, ACEH",1,19,88,107
https://kawalpemilu.org#5455,"TUWI EMPEUK, PANGA, ACEH JAYA, ACEH",1,26,180,206
https://kawalpemilu.org#5455,"TUWI EMPEUK, PANGA, ACEH JAYA, ACEH",2,16,145,161
https://kawalpemilu.org#5456,"ALUE ABET, PANGA, ACEH JAYA, ACEH",1,17,74,91
https://kawalpemilu.org#5457,"GUNONG MANTOK, PANGA, ACEH JAYA, ACEH",1,28,124,152
https://kawalpemilu.org#5458,"ALUE RAYA, PANGA, ACEH JAYA, ACEH",1,55,53,108
https://kawalpemilu.org#5459,"ALUE TEUNGOH, PANGA, ACEH JAYA, ACEH",1,27,41,68
https://kawalpemilu.org#5460,"BABAH CEUPAN, PANGA, ACEH JAYA, ACEH",1,22,128,150
https://kawalpemilu.org#5461,"TUWI KAYEE, PANGA, ACEH JAYA, ACEH",1,18,152,170
https://kawalpemilu.org#5462,"PANTON KABU, PANGA, ACEH JAYA, ACEH",1,15,49,64
https://kawalpemilu.org#929319,"ALUE PIET, PANGA, ACEH JAYA, ACEH",1,37,197,234
https://kawalpemilu.org#929319,"ALUE PIET, PANGA, ACEH JAYA, ACEH",2,11,215,226
https://kawalpemilu.org#5396,"KUALA, INDRA JAYA, ACEH JAYA, ACEH",1,9,242,251
https://kawalpemilu.org#5396,"KUALA, INDRA JAYA, ACEH JAYA, ACEH",2,11,240,251
https://kawalpemilu.org#5397,"TEUMAREUM, INDRA JAYA, ACEH JAYA, ACEH",1,13,217,230
https://kawalpemilu.org#5397,"TEUMAREUM, INDRA JAYA, ACEH JAYA, ACEH",2,9,201,210
https://kawalpemilu.org#5397,"TEUMAREUM, INDRA JAYA, ACEH JAYA, ACEH",3,3,108,111
https://kawalpemilu.org#5398,"BABAH DUA, INDRA JAYA, ACEH JAYA, ACEH",1,11,261,272
https://kawalpemilu.org#5398,"BABAH DUA, INDRA JAYA, ACEH JAYA, ACEH",2,21,244,265
https://kawalpemilu.org#5399,"MEUNASAH TUTONG, INDRA JAYA, ACEH JAYA, ACEH",1,7,179,186
https://kawalpemilu.org#5401,"MEUNASAH RAYEUK, INDRA JAYA, ACEH JAYA, ACEH",1,7,193,200
https://kawalpemilu.org#5402,"MUKHAN, INDRA JAYA, ACEH JAYA, ACEH",1,24,211,235
https://kawalpemilu.org#5403,"JANGEUT, INDRA JAYA, ACEH JAYA, ACEH",1,25,133,158
https://kawalpemilu.org#5403,"JANGEUT, INDRA JAYA, ACEH JAYA, ACEH",2,3,217,220
https://kawalpemilu.org#5404,"ALUE MIE, INDRA JAYA, ACEH JAYA, ACEH",1,6,148,154
https://kawalpemilu.org#5404,"ALUE MIE, INDRA JAYA, ACEH JAYA, ACEH",2,5,114,119
https://kawalpemilu.org#5439,"KEUDE UNGA, INDRA JAYA, ACEH JAYA, ACEH",1,38,184,222
https://kawalpemilu.org#5440,"KAREUNG ATEUH, INDRA JAYA, ACEH JAYA, ACEH",1,26,205,231
https://kawalpemilu.org#5442,"CEUNAMPRONG, INDRA JAYA, ACEH JAYA, ACEH",1,61,98,159
https://kawalpemilu.org#5442,"CEUNAMPRONG, INDRA JAYA, ACEH JAYA, ACEH",2,35,78,113
https://kawalpemilu.org#84177,"UJUNG MULOH, INDRA JAYA, ACEH JAYA, ACEH",1,11,217,228
https://kawalpemilu.org#84177,"UJUNG MULOH, INDRA JAYA, ACEH JAYA, ACEH",2,4,198,202
https://kawalpemilu.org#84178,"MEUDANG GHON, INDRA JAYA, ACEH JAYA, ACEH",1,38,67,105
https://kawalpemilu.org#5375,"COT PANGE, DARUL HIKMAH, ACEH JAYA, ACEH",1,13,205,218
https://kawalpemilu.org#5378,"REUNTANG, DARUL HIKMAH, ACEH JAYA, ACEH",1,16,137,153
https://kawalpemilu.org#5378,"REUNTANG, DARUL HIKMAH, ACEH JAYA, ACEH",2,13,149,162
https://kawalpemilu.org#5379,"ARONGAN, DARUL HIKMAH, ACEH JAYA, ACEH",1,5,119,124
https://kawalpemilu.org#5380,"PAYA SANTEUT, DARUL HIKMAH, ACEH JAYA, ACEH",1,23,105,128
https://kawalpemilu.org#5382,"SAYEUNG, DARUL HIKMAH, ACEH JAYA, ACEH",1,18,80,98
https://kawalpemilu.org#5386,"BABAH DUA, DARUL HIKMAH, ACEH JAYA, ACEH",1,16,140,156
https://kawalpemilu.org#5386,"BABAH DUA, DARUL HIKMAH, ACEH JAYA, ACEH",2,16,146,162
https://kawalpemilu.org#5387,"PANTON KRUENG, DARUL HIKMAH, ACEH JAYA, ACEH",1,9,67,76
https://kawalpemilu.org#5389,"UJONG RIMBA, DARUL HIKMAH, ACEH JAYA, ACEH",1,6,161,167
https://kawalpemilu.org#5389,"UJONG RIMBA, DARUL HIKMAH, ACEH JAYA, ACEH",2,11,133,144
https://kawalpemilu.org#5390,"PAJAR, DARUL HIKMAH, ACEH JAYA, ACEH",1,22,236,258
https://kawalpemilu.org#5390,"PAJAR, DARUL HIKMAH, ACEH JAYA, ACEH",2,35,150,185
https://kawalpemilu.org#84179,"GAMPONG BARO PATEK, DARUL HIKMAH, ACEH JAYA, ACEH",1,16,138,154
https://kawalpemilu.org#84180,"KRUENG THO, DARUL HIKMAH, ACEH JAYA, ACEH",1,11,155,166
https://kawalpemilu.org#84180,"KRUENG THO, DARUL HIKMAH, ACEH JAYA, ACEH",2,18,105,123
https://kawalpemilu.org#84181,"GAMPONG BARO LAMTENGOH, DARUL HIKMAH, ACEH JAYA, ACEH",1,32,186,218
https://kawalpemilu.org#84182,"TEUPIN ASAN, DARUL HIKMAH, ACEH JAYA, ACEH",1,21,30,51
https://kawalpemilu.org#87426,"GUNONG CUT, DARUL HIKMAH, ACEH JAYA, ACEH",1,30,195,225
https://kawalpemilu.org#87427,"LAMTEUNGOH, DARUL HIKMAH, ACEH JAYA, ACEH",1,8,130,138
https://kawalpemilu.org#5310,"PASIE TEUBEE, PASIE RAYA, ACEH JAYA, ACEH",1,13,245,258
https://kawalpemilu.org#5310,"PASIE TEUBEE, PASIE RAYA, ACEH JAYA, ACEH",2,10,217,227
https://kawalpemilu.org#5310,"PASIE TEUBEE, PASIE RAYA, ACEH JAYA, ACEH",3,11,240,251
https://kawalpemilu.org#5312,"KRUENG BEUKAH, PASIE RAYA, ACEH JAYA, ACEH",1,54,136,190
https://kawalpemilu.org#5313,"TUWI KAREUNG, PASIE RAYA, ACEH JAYA, ACEH",1,35,199,234
https://kawalpemilu.org#5313,"TUWI KAREUNG, PASIE RAYA, ACEH JAYA, ACEH",2,28,164,192
https://kawalpemilu.org#5313,"TUWI KAREUNG, PASIE RAYA, ACEH JAYA, ACEH",3,46,167,203
https://kawalpemilu.org#5314,"LHOK GUCI, PASIE RAYA, ACEH JAYA, ACEH",1,8,267,275
https://kawalpemilu.org#5315,"BINTAH, PASIE RAYA, ACEH JAYA, ACEH",1,12,166,178
https://kawalpemilu.org#5315,"BINTAH, PASIE RAYA, ACEH JAYA, ACEH",2,12,114,126
https://kawalpemilu.org#5316,"ALUE KRUENG, PASIE RAYA, ACEH JAYA, ACEH",1,13,115,128
https://kawalpemilu.org#5316,"ALUE KRUENG, PASIE RAYA, ACEH JAYA, ACEH",2,15,118,133
https://kawalpemilu.org#5317,"PULO TINGGI, PASIE RAYA, ACEH JAYA, ACEH",1,22,167,189
https://kawalpemilu.org#5318,"SARAH RAYA, PASIE RAYA, ACEH JAYA, ACEH",1,11,162,173
https://kawalpemilu.org#5318,"SARAH RAYA, PASIE RAYA, ACEH JAYA, ACEH",2,5,168,173
https://kawalpemilu.org#5319,"ALUE JANG, PASIE RAYA, ACEH JAYA, ACEH",1,15,160,175
https://kawalpemilu.org#5319,"ALUE JANG, PASIE RAYA, ACEH JAYA, ACEH",2,45,181,226
https://kawalpemilu.org#84183,"TIMPLEUNG, PASIE RAYA, ACEH JAYA, ACEH",1,54,185,239
https://kawalpemilu.org#84184,"TUWI PEURIYA, PASIE RAYA, ACEH JAYA, ACEH",1,16,173,189
https://kawalpemilu.org#84184,"TUWI PEURIYA, PASIE RAYA, ACEH JAYA, ACEH",2,12,143,155
https://kawalpemilu.org#84185,"CEURACEU, PASIE RAYA, ACEH JAYA, ACEH",1,8,223,231
https://kawalpemilu.org#84186,"BUKET KEUMUNENG, PASIE RAYA, ACEH JAYA, ACEH",1,24,63,87
https://kawalpemilu.org#5465,"LAWA BATU, KUALA, NAGAN RAYA, ACEH",1,30,136,166
https://kawalpemilu.org#5465,"LAWA BATU, KUALA, NAGAN RAYA, ACEH",2,27,139,166
https://kawalpemilu.org#5466,"JOGJA, KUALA, NAGAN RAYA, ACEH",1,41,159,200
https://kawalpemilu.org#5466,"JOGJA, KUALA, NAGAN RAYA, ACEH",2,44,162,206
https://kawalpemilu.org#5466,"JOGJA, KUALA, NAGAN RAYA, ACEH",3,44,162,206
https://kawalpemilu.org#5467,"UJONG SIKUNENG, KUALA, NAGAN RAYA, ACEH",1,3,96,99
https://kawalpemilu.org#5467,"UJONG SIKUNENG, KUALA, NAGAN RAYA, ACEH",3,14,116,130
https://kawalpemilu.org#5468,"BLANG MUKO, KUALA, NAGAN RAYA, ACEH",1,31,127,158
https://kawalpemilu.org#5468,"BLANG MUKO, KUALA, NAGAN RAYA, ACEH",2,21,147,168
https://kawalpemilu.org#5468,"BLANG MUKO, KUALA, NAGAN RAYA, ACEH",3,39,136,175
https://kawalpemilu.org#5468,"BLANG MUKO, KUALA, NAGAN RAYA, ACEH",4,16,152,168
https://kawalpemilu.org#5469,"PULO IE, KUALA, NAGAN RAYA, ACEH",1,26,158,184
https://kawalpemilu.org#5469,"PULO IE, KUALA, NAGAN RAYA, ACEH",2,29,144,173
https://kawalpemilu.org#5469,"PULO IE, KUALA, NAGAN RAYA, ACEH",3,14,173,187
https://kawalpemilu.org#5470,"PURWOREJO, KUALA, NAGAN RAYA, ACEH",2,34,178,212
https://kawalpemilu.org#5470,"PURWOREJO, KUALA, NAGAN RAYA, ACEH",3,29,174,203
https://kawalpemilu.org#5471,"BLANG BARO, KUALA, NAGAN RAYA, ACEH",1,24,113,137
https://kawalpemilu.org#5471,"BLANG BARO, KUALA, NAGAN RAYA, ACEH",2,28,124,152
https://kawalpemilu.org#5471,"BLANG BARO, KUALA, NAGAN RAYA, ACEH",3,33,129,162
https://kawalpemilu.org#5473,"UJONG PASI, KUALA, NAGAN RAYA, ACEH",1,27,180,207
https://kawalpemilu.org#5473,"UJONG PASI, KUALA, NAGAN RAYA, ACEH",2,17,191,208
https://kawalpemilu.org#5473,"UJONG PASI, KUALA, NAGAN RAYA, ACEH",3,23,173,196
https://kawalpemilu.org#5474,"SIMPANG PEUT, KUALA, NAGAN RAYA, ACEH",1,30,123,153
https://kawalpemilu.org#5474,"SIMPANG PEUT, KUALA, NAGAN RAYA, ACEH",2,28,131,159
https://kawalpemilu.org#5474,"SIMPANG PEUT, KUALA, NAGAN RAYA, ACEH",3,22,146,168
https://kawalpemilu.org#5474,"SIMPANG PEUT, KUALA, NAGAN RAYA, ACEH",4,19,177,196
https://kawalpemilu.org#5474,"SIMPANG PEUT, KUALA, NAGAN RAYA, ACEH",5,22,134,156
https://kawalpemilu.org#5474,"SIMPANG PEUT, KUALA, NAGAN RAYA, ACEH",6,19,138,157
https://kawalpemilu.org#5474,"SIMPANG PEUT, KUALA, NAGAN RAYA, ACEH",8,23,138,161
https://kawalpemilu.org#5474,"SIMPANG PEUT, KUALA, NAGAN RAYA, ACEH",9,22,146,168
https://kawalpemilu.org#5474,"SIMPANG PEUT, KUALA, NAGAN RAYA, ACEH",10,14,137,151
https://kawalpemilu.org#5474,"SIMPANG PEUT, KUALA, NAGAN RAYA, ACEH",11,19,143,162
https://kawalpemilu.org#5474,"SIMPANG PEUT, KUALA, NAGAN RAYA, ACEH",12,13,135,148
https://kawalpemilu.org#5474,"SIMPANG PEUT, KUALA, NAGAN RAYA, ACEH",13,14,108,122
https://kawalpemilu.org#5474,"SIMPANG PEUT, KUALA, NAGAN RAYA, ACEH",14,15,133,147
https://kawalpemilu.org#5475,"BLANG TEUNGOH, KUALA, NAGAN RAYA, ACEH",1,18,146,164
https://kawalpemilu.org#5475,"BLANG TEUNGOH, KUALA, NAGAN RAYA, ACEH",2,13,167,180
https://kawalpemilu.org#5475,"BLANG TEUNGOH, KUALA, NAGAN RAYA, ACEH",3,34,128,163
https://kawalpemilu.org#5475,"BLANG TEUNGOH, KUALA, NAGAN RAYA, ACEH",4,28,139,167
https://kawalpemilu.org#5476,"UJONG PADANG, KUALA, NAGAN RAYA, ACEH",1,32,143,175
https://kawalpemilu.org#5476,"UJONG PADANG, KUALA, NAGAN RAYA, ACEH",2,29,148,177
https://kawalpemilu.org#5476,"UJONG PADANG, KUALA, NAGAN RAYA, ACEH",3,36,132,168
https://kawalpemilu.org#5476,"UJONG PADANG, KUALA, NAGAN RAYA, ACEH",4,25,141,166
https://kawalpemilu.org#5477,"COT KUMBANG, KUALA, NAGAN RAYA, ACEH",1,46,191,237
https://kawalpemilu.org#5477,"COT KUMBANG, KUALA, NAGAN RAYA, ACEH",2,46,167,213
https://kawalpemilu.org#5478,"BLANG BINTANG, KUALA, NAGAN RAYA, ACEH",1,42,178,220
https://kawalpemilu.org#5478,"BLANG BINTANG, KUALA, NAGAN RAYA, ACEH",2,38,195,233
https://kawalpemilu.org#5479,"UJONG PATIHAH, KUALA, NAGAN RAYA, ACEH",1,34,138,172
https://kawalpemilu.org#5479,"UJONG PATIHAH, KUALA, NAGAN RAYA, ACEH",3,24,190,214
https://kawalpemilu.org#5479,"UJONG PATIHAH, KUALA, NAGAN RAYA, ACEH",4,26,167,193
https://kawalpemilu.org#5479,"UJONG PATIHAH, KUALA, NAGAN RAYA, ACEH",5,22,174,196
https://kawalpemilu.org#5479,"UJONG PATIHAH, KUALA, NAGAN RAYA, ACEH",6,24,170,194
https://kawalpemilu.org#5479,"UJONG PATIHAH, KUALA, NAGAN RAYA, ACEH",7,19,177,199
https://kawalpemilu.org#5479,"UJONG PATIHAH, KUALA, NAGAN RAYA, ACEH",8,25,152,177
https://kawalpemilu.org#5479,"UJONG PATIHAH, KUALA, NAGAN RAYA, ACEH",9,30,141,171
https://kawalpemilu.org#5479,"UJONG PATIHAH, KUALA, NAGAN RAYA, ACEH",10,16,163,179
https://kawalpemilu.org#5479,"UJONG PATIHAH, KUALA, NAGAN RAYA, ACEH",12,24,132,156
https://kawalpemilu.org#5480,"KUTA MAKMUE, KUALA, NAGAN RAYA, ACEH",1,5,165,170
https://kawalpemilu.org#5480,"KUTA MAKMUE, KUALA, NAGAN RAYA, ACEH",2,22,163,185
https://kawalpemilu.org#5480,"KUTA MAKMUE, KUALA, NAGAN RAYA, ACEH",3,17,152,169
https://kawalpemilu.org#5481,"GUNONG REUBO, KUALA, NAGAN RAYA, ACEH",1,11,165,176
https://kawalpemilu.org#5483,"JEURAM, SEUNAGAN, NAGAN RAYA, ACEH",1,23,157,180
https://kawalpemilu.org#5483,"JEURAM, SEUNAGAN, NAGAN RAYA, ACEH",2,21,138,159
https://kawalpemilu.org#5484,"PANTE CEUREUMEN, SEUNAGAN, NAGAN RAYA, ACEH",1,17,141,158
https://kawalpemilu.org#5484,"PANTE CEUREUMEN, SEUNAGAN, NAGAN RAYA, ACEH",2,11,123,134
https://kawalpemilu.org#5485,"KUTA BARO JEURAM, SEUNAGAN, NAGAN RAYA, ACEH",1,10,147,157
https://kawalpemilu.org#5485,"KUTA BARO JEURAM, SEUNAGAN, NAGAN RAYA, ACEH",2,23,138,161
https://kawalpemilu.org#5485,"KUTA BARO JEURAM, SEUNAGAN, NAGAN RAYA, ACEH",3,14,154,168
https://kawalpemilu.org#5485,"KUTA BARO JEURAM, SEUNAGAN, NAGAN RAYA, ACEH",4,22,138,160
https://kawalpemilu.org#5486,"PAROM, SEUNAGAN, NAGAN RAYA, ACEH",1,25,118,143
https://kawalpemilu.org#5486,"PAROM, SEUNAGAN, NAGAN RAYA, ACEH",2,18,134,152
https://kawalpemilu.org#5486,"PAROM, SEUNAGAN, NAGAN RAYA, ACEH",3,16,122,138
https://kawalpemilu.org#5487,"PEUREULAK, SEUNAGAN, NAGAN RAYA, ACEH",1,7,127,134
https://kawalpemilu.org#5488,"KUTA SAYEH, SEUNAGAN, NAGAN RAYA, ACEH",1,27,136,163
https://kawalpemilu.org#5489,"BLANG BARO, SEUNAGAN, NAGAN RAYA, ACEH",1,17,152,169
https://kawalpemilu.org#5489,"BLANG BARO, SEUNAGAN, NAGAN RAYA, ACEH",2,7,129,136
https://kawalpemilu.org#5490,"PADANG, SEUNAGAN, NAGAN RAYA, ACEH",1,14,177,191
https://kawalpemilu.org#5490,"PADANG, SEUNAGAN, NAGAN RAYA, ACEH",2,21,169,190
https://kawalpemilu.org#5491,"ALUE THO, SEUNAGAN, NAGAN RAYA, ACEH",1,13,190,203
https://kawalpemilu.org#5491,"ALUE THO, SEUNAGAN, NAGAN RAYA, ACEH",2,17,195,212
https://kawalpemilu.org#5491,"ALUE THO, SEUNAGAN, NAGAN RAYA, ACEH",3,11,162,173
https://kawalpemilu.org#5492,"LHOK PAROM, SEUNAGAN, NAGAN RAYA, ACEH",1,17,157,174
https://kawalpemilu.org#5493,"SAPEK, SEUNAGAN, NAGAN RAYA, ACEH",1,12,150,162
https://kawalpemilu.org#5493,"SAPEK, SEUNAGAN, NAGAN RAYA, ACEH",2,13,173,186
https://kawalpemilu.org#5494,"ALUE DODOK, SEUNAGAN, NAGAN RAYA, ACEH",1,35,87,122
https://kawalpemilu.org#5495,"COT KUMBANG, SEUNAGAN, NAGAN RAYA, ACEH",1,14,113,127
https://kawalpemilu.org#5496,"KUTA KUMBANG, SEUNAGAN, NAGAN RAYA, ACEH",1,4,126,130
https://kawalpemilu.org#5496,"KUTA KUMBANG, SEUNAGAN, NAGAN RAYA, ACEH",2,10,116,126
https://kawalpemilu.org#5497,"NIGAN, SEUNAGAN, NAGAN RAYA, ACEH",1,5,146,151
https://kawalpemilu.org#5497,"NIGAN, SEUNAGAN, NAGAN RAYA, ACEH",2,11,141,152
https://kawalpemilu.org#5497,"NIGAN, SEUNAGAN, NAGAN RAYA, ACEH",3,8,149,157
https://kawalpemilu.org#5497,"NIGAN, SEUNAGAN, NAGAN RAYA, ACEH",4,12,157,169
https://kawalpemilu.org#5498,"GAMPONG COT, SEUNAGAN, NAGAN RAYA, ACEH",1,22,121,143
https://kawalpemilu.org#5498,"GAMPONG COT, SEUNAGAN, NAGAN RAYA, ACEH",2,12,126,138
https://kawalpemilu.org#5499,"BLANG PATEUK, SEUNAGAN, NAGAN RAYA, ACEH",1,28,130,158
https://kawalpemilu.org#5500,"BLANG PUUK NIGAN, SEUNAGAN, NAGAN RAYA, ACEH",1,19,180,199
https://kawalpemilu.org#5501,"KRUENG CEH, SEUNAGAN, NAGAN RAYA, ACEH",1,9,176,185
https://kawalpemilu.org#5501,"KRUENG CEH, SEUNAGAN, NAGAN RAYA, ACEH",2,18,124,142
https://kawalpemilu.org#5502,"BANTAN, SEUNAGAN, NAGAN RAYA, ACEH",1,4,72,76
https://kawalpemilu.org#5503,"COT LELE, SEUNAGAN, NAGAN RAYA, ACEH",1,18,164,182
https://kawalpemilu.org#5504,"RAMBONG RAYEUK, SEUNAGAN, NAGAN RAYA, ACEH",1,16,121,137
https://kawalpemilu.org#5505,"PAYA UDEUNG, SEUNAGAN, NAGAN RAYA, ACEH",1,10,230,240
https://kawalpemilu.org#5506,"ALUE BULOH, SEUNAGAN, NAGAN RAYA, ACEH",1,24,157,181
https://kawalpemilu.org#5507,"KUTA PAYA, SEUNAGAN, NAGAN RAYA, ACEH",1,23,146,169
https://kawalpemilu.org#5507,"KUTA PAYA, SEUNAGAN, NAGAN RAYA, ACEH",2,16,132,148
https://kawalpemilu.org#5508,"KRUENG CEUKO, SEUNAGAN, NAGAN RAYA, ACEH",1,9,158,167
https://kawalpemilu.org#5508,"KRUENG CEUKO, SEUNAGAN, NAGAN RAYA, ACEH",2,12,149,161
https://kawalpemilu.org#5509,"LHOK PADANG, SEUNAGAN, NAGAN RAYA, ACEH",1,6,53,59
https://kawalpemilu.org#5510,"KUTA ACEH, SEUNAGAN, NAGAN RAYA, ACEH",1,22,203,225
https://kawalpemilu.org#5511,"LATONG, SEUNAGAN, NAGAN RAYA, ACEH",1,11,130,141
https://kawalpemilu.org#5511,"LATONG, SEUNAGAN, NAGAN RAYA, ACEH",2,18,139,157
https://kawalpemilu.org#5511,"LATONG, SEUNAGAN, NAGAN RAYA, ACEH",3,19,157,176
https://kawalpemilu.org#5511,"LATONG, SEUNAGAN, NAGAN RAYA, ACEH",4,19,153,172
https://kawalpemilu.org#5512,"PAYA UNDAN, SEUNAGAN, NAGAN RAYA, ACEH",1,22,152,174
https://kawalpemilu.org#5512,"PAYA UNDAN, SEUNAGAN, NAGAN RAYA, ACEH",2,26,169,195
https://kawalpemilu.org#5513,"BLANG PUUK KULU, SEUNAGAN, NAGAN RAYA, ACEH",1,7,134,141
https://kawalpemilu.org#5513,"BLANG PUUK KULU, SEUNAGAN, NAGAN RAYA, ACEH",2,16,149,165
https://kawalpemilu.org#5514,"BLANG MURONG, SEUNAGAN, NAGAN RAYA, ACEH",1,24,193,217
https://kawalpemilu.org#5514,"BLANG MURONG, SEUNAGAN, NAGAN RAYA, ACEH",2,18,198,216
https://kawalpemilu.org#5515,"KULU, SEUNAGAN, NAGAN RAYA, ACEH",1,18,190,208
https://kawalpemilu.org#5516,"RAMBONG CUT, SEUNAGAN, NAGAN RAYA, ACEH",1,15,107,122
https://kawalpemilu.org#84187,"KRUENG MANGKOM, SEUNAGAN, NAGAN RAYA, ACEH",1,3,55,58
https://kawalpemilu.org#5518,"BLANG PANYANG, SEUNAGAN TIMUR, NAGAN RAYA, ACEH",1,17,171,188
https://kawalpemilu.org#5518,"BLANG PANYANG, SEUNAGAN TIMUR, NAGAN RAYA, ACEH",2,22,182,204
https://kawalpemilu.org#5519,"MEUGAT MEH, SEUNAGAN TIMUR, NAGAN RAYA, ACEH",1,17,132,149
https://kawalpemilu.org#5519,"MEUGAT MEH, SEUNAGAN TIMUR, NAGAN RAYA, ACEH",2,17,113,130
https://kawalpemilu.org#5520,"LHOK PANGE, SEUNAGAN TIMUR, NAGAN RAYA, ACEH",1,7,162,169
https://kawalpemilu.org#5520,"LHOK PANGE, SEUNAGAN TIMUR, NAGAN RAYA, ACEH",2,17,157,174
https://kawalpemilu.org#5521,"BLANG LANGO, SEUNAGAN TIMUR, NAGAN RAYA, ACEH",1,31,127,158
https://kawalpemilu.org#5522,"TUWI MEULEUSONG, SEUNAGAN TIMUR, NAGAN RAYA, ACEH",1,6,83,89
https://kawalpemilu.org#5523,"BLANG GEUDONG, SEUNAGAN TIMUR, NAGAN RAYA, ACEH",1,20,149,169
https://kawalpemilu.org#5524,"BLANG TEUNGKU, SEUNAGAN TIMUR, NAGAN RAYA, ACEH",1,6,98,104
https://kawalpemilu.org#5525,"SAWANG MANE, SEUNAGAN TIMUR, NAGAN RAYA, ACEH",1,11,114,125
https://kawalpemilu.org#5525,"SAWANG MANE, SEUNAGAN TIMUR, NAGAN RAYA, ACEH",2,9,112,121
https://kawalpemilu.org#5526,"KEUDE NEULOP, SEUNAGAN TIMUR, NAGAN RAYA, ACEH",1,6,128,134
https://kawalpemilu.org#5526,"KEUDE NEULOP, SEUNAGAN TIMUR, NAGAN RAYA, ACEH",2,9,113,122
https://kawalpemilu.org#5527,"KILA, SEUNAGAN TIMUR, NAGAN RAYA, ACEH",1,3,96,99
https://kawalpemilu.org#5528,"KANDEH, SEUNAGAN TIMUR, NAGAN RAYA, ACEH",1,2,116,118
https://kawalpemilu.org#5529,"COT GUD, SEUNAGAN TIMUR, NAGAN RAYA, ACEH",1,10,139,149
https://kawalpemilu.org#5529,"COT GUD, SEUNAGAN TIMUR, NAGAN RAYA, ACEH",2,15,151,166
https://kawalpemilu.org#5529,"COT GUD, SEUNAGAN TIMUR, NAGAN RAYA, ACEH",3,15,159,174
https://kawalpemilu.org#5530,"KABU BAROH, SEUNAGAN TIMUR, NAGAN RAYA, ACEH",1,9,175,184
https://kawalpemilu.org#5531,"KABU TUNONG, SEUNAGAN TIMUR, NAGAN RAYA, ACEH",1,11,170,181
https://kawalpemilu.org#5531,"KABU TUNONG, SEUNAGAN TIMUR, NAGAN RAYA, ACEH",2,11,161,172
https://kawalpemilu.org#5531,"KABU TUNONG, SEUNAGAN TIMUR, NAGAN RAYA, ACEH",3,14,179,193
https://kawalpemilu.org#5532,"KEUDE LINTEUNG, SEUNAGAN TIMUR, NAGAN RAYA, ACEH",1,16,144,160
https://kawalpemilu.org#5532,"KEUDE LINTEUNG, SEUNAGAN TIMUR, NAGAN RAYA, ACEH",2,14,151,165
https://kawalpemilu.org#5532,"KEUDE LINTEUNG, SEUNAGAN TIMUR, NAGAN RAYA, ACEH",3,12,139,151
https://kawalpemilu.org#5533,"MEURANDEH SUAK, SEUNAGAN TIMUR, NAGAN RAYA, ACEH",1,20,95,115
https://kawalpemilu.org#5533,"MEURANDEH SUAK, SEUNAGAN TIMUR, NAGAN RAYA, ACEH",2,14,94,108
https://kawalpemilu.org#5534,"UTEUN PULO, SEUNAGAN TIMUR, NAGAN RAYA, ACEH",1,10,130,140
https://kawalpemilu.org#5534,"UTEUN PULO, SEUNAGAN TIMUR, NAGAN RAYA, ACEH",2,15,132,147
https://kawalpemilu.org#5534,"UTEUN PULO, SEUNAGAN TIMUR, NAGAN RAYA, ACEH",3,5,146,151
https://kawalpemilu.org#5534,"UTEUN PULO, SEUNAGAN TIMUR, NAGAN RAYA, ACEH",4,11,125,136
https://kawalpemilu.org#5535,"COT MANYANG, SEUNAGAN TIMUR, NAGAN RAYA, ACEH",1,53,165,218
https://kawalpemilu.org#5536,"PULO TEUNGOH, SEUNAGAN TIMUR, NAGAN RAYA, ACEH",1,21,132,153
https://kawalpemilu.org#5537,"COT DIRUI, SEUNAGAN TIMUR, NAGAN RAYA, ACEH",1,10,34,44
https://kawalpemilu.org#5538,"COT TEUKU DEK, SEUNAGAN TIMUR, NAGAN RAYA, ACEH",1,5,81,86
https://kawalpemilu.org#5539,"SAPENG, SEUNAGAN TIMUR, NAGAN RAYA, ACEH",1,4,111,115
https://kawalpemilu.org#5539,"SAPENG, SEUNAGAN TIMUR, NAGAN RAYA, ACEH",2,14,101,115
https://kawalpemilu.org#5540,"PEULEUKUNG, SEUNAGAN TIMUR, NAGAN RAYA, ACEH",1,17,133,150
https://kawalpemilu.org#5540,"PEULEUKUNG, SEUNAGAN TIMUR, NAGAN RAYA, ACEH",2,15,127,142
https://kawalpemilu.org#5541,"PAYA, SEUNAGAN TIMUR, NAGAN RAYA, ACEH",1,13,151,164
https://kawalpemilu.org#5542,"BLANG PREH, SEUNAGAN TIMUR, NAGAN RAYA, ACEH",1,14,200,214
https://kawalpemilu.org#5543,"BLANG ARA GAMPONG, SEUNAGAN TIMUR, NAGAN RAYA, ACEH",1,11,105,116
https://kawalpemilu.org#5543,"BLANG ARA GAMPONG, SEUNAGAN TIMUR, NAGAN RAYA, ACEH",2,11,122,133
https://kawalpemilu.org#5544,"IE BEUDOH, SEUNAGAN TIMUR, NAGAN RAYA, ACEH",2,8,170,178
https://kawalpemilu.org#5544,"IE BEUDOH, SEUNAGAN TIMUR, NAGAN RAYA, ACEH",3,10,140,150
https://kawalpemilu.org#5545,"BLANG BAYU, SEUNAGAN TIMUR, NAGAN RAYA, ACEH",1,10,182,192
https://kawalpemilu.org#5545,"BLANG BAYU, SEUNAGAN TIMUR, NAGAN RAYA, ACEH",2,20,178,198
https://kawalpemilu.org#5546,"MON BATEUNG, SEUNAGAN TIMUR, NAGAN RAYA, ACEH",1,18,174,192
https://kawalpemilu.org#5546,"MON BATEUNG, SEUNAGAN TIMUR, NAGAN RAYA, ACEH",2,16,208,224
https://kawalpemilu.org#5547,"SUAK PEUREUBONG, SEUNAGAN TIMUR, NAGAN RAYA, ACEH",1,6,107,113
https://kawalpemilu.org#5547,"SUAK PEUREUBONG, SEUNAGAN TIMUR, NAGAN RAYA, ACEH",2,18,95,113
https://kawalpemilu.org#5548,"KRUENG KULU, SEUNAGAN TIMUR, NAGAN RAYA, ACEH",1,8,118,126
https://kawalpemilu.org#5548,"KRUENG KULU, SEUNAGAN TIMUR, NAGAN RAYA, ACEH",2,5,121,126
https://kawalpemilu.org#5549,"COT PUNTI, SEUNAGAN TIMUR, NAGAN RAYA, ACEH",1,19,152,171
https://kawalpemilu.org#5550,"LHOK MESJID, SEUNAGAN TIMUR, NAGAN RAYA, ACEH",1,9,150,159
https://kawalpemilu.org#5550,"LHOK MESJID, SEUNAGAN TIMUR, NAGAN RAYA, ACEH",2,22,146,168
https://kawalpemilu.org#5550,"LHOK MESJID, SEUNAGAN TIMUR, NAGAN RAYA, ACEH",3,14,164,178
https://kawalpemilu.org#5551,"BLANG ARA KEUDE, SEUNAGAN TIMUR, NAGAN RAYA, ACEH",1,16,161,177
https://kawalpemilu.org#5551,"BLANG ARA KEUDE, SEUNAGAN TIMUR, NAGAN RAYA, ACEH",2,5,190,195
https://kawalpemilu.org#5553,"BLANG SEUNONG, BEUTONG, NAGAN RAYA, ACEH",1,9,136,145
https://kawalpemilu.org#5554,"PANTE ARA, BEUTONG, NAGAN RAYA, ACEH",1,23,183,206
https://kawalpemilu.org#5554,"PANTE ARA, BEUTONG, NAGAN RAYA, ACEH",2,13,168,181
https://kawalpemilu.org#5555,"GUNONG NAGAN, BEUTONG, NAGAN RAYA, ACEH",1,9,97,106
https://kawalpemilu.org#5556,"TUWI BUNTA, BEUTONG, NAGAN RAYA, ACEH",1,9,94,103
https://kawalpemilu.org#5557,"BLANG MESJID, BEUTONG, NAGAN RAYA, ACEH",1,10,157,167
https://kawalpemilu.org#5557,"BLANG MESJID, BEUTONG, NAGAN RAYA, ACEH",2,14,157,171
https://kawalpemilu.org#5558,"BLANG NEUANG, BEUTONG, NAGAN RAYA, ACEH",1,1,115,116
https://kawalpemilu.org#5559,"PANTON BAYAM, BEUTONG, NAGAN RAYA, ACEH",1,7,135,142
https://kawalpemilu.org#5559,"PANTON BAYAM, BEUTONG, NAGAN RAYA, ACEH",2,9,127,136
https://kawalpemilu.org#5560,"BLANG BARO P. RAGA, BEUTONG, NAGAN RAYA, ACEH",1,22,128,150
https://kawalpemilu.org#5562,"BLANG LEUMAK, BEUTONG, NAGAN RAYA, ACEH",1,58,51,109
https://kawalpemilu.org#5563,"BABAH KRUENG, BEUTONG, NAGAN RAYA, ACEH",1,12,187,199
https://kawalpemilu.org#5563,"BABAH KRUENG, BEUTONG, NAGAN RAYA, ACEH",2,16,184,200
https://kawalpemilu.org#5563,"BABAH KRUENG, BEUTONG, NAGAN RAYA, ACEH",3,21,188,209
https://kawalpemilu.org#5564,"BLANG SEUMOT, BEUTONG, NAGAN RAYA, ACEH",1,7,182,189
https://kawalpemilu.org#5564,"BLANG SEUMOT, BEUTONG, NAGAN RAYA, ACEH",2,8,175,183
https://kawalpemilu.org#5564,"BLANG SEUMOT, BEUTONG, NAGAN RAYA, ACEH",3,16,172,188
https://kawalpemilu.org#5564,"BLANG SEUMOT, BEUTONG, NAGAN RAYA, ACEH",4,6,178,184
https://kawalpemilu.org#5565,"LHOK SEUMOT, BEUTONG, NAGAN RAYA, ACEH",1,23,205,228
https://kawalpemilu.org#5565,"LHOK SEUMOT, BEUTONG, NAGAN RAYA, ACEH",2,23,216,239
https://kawalpemilu.org#5565,"LHOK SEUMOT, BEUTONG, NAGAN RAYA, ACEH",3,26,208,234
https://kawalpemilu.org#5566,"MEUNASAH PANTE, BEUTONG, NAGAN RAYA, ACEH",1,41,180,221
https://kawalpemilu.org#5566,"MEUNASAH PANTE, BEUTONG, NAGAN RAYA, ACEH",2,28,199,227
https://kawalpemilu.org#5567,"KUTA JEUMPA, BEUTONG, NAGAN RAYA, ACEH",1,15,198,213
https://kawalpemilu.org#5568,"BLANG DALAM, BEUTONG, NAGAN RAYA, ACEH",1,15,150,165
https://kawalpemilu.org#5568,"BLANG DALAM, BEUTONG, NAGAN RAYA, ACEH",2,8,128,136
https://kawalpemilu.org#5569,"KEUDE SEUMOT, BEUTONG, NAGAN RAYA, ACEH",1,12,143,155
https://kawalpemilu.org#5569,"KEUDE SEUMOT, BEUTONG, NAGAN RAYA, ACEH",2,19,140,159
https://kawalpemilu.org#5569,"KEUDE SEUMOT, BEUTONG, NAGAN RAYA, ACEH",3,14,139,153
https://kawalpemilu.org#5569,"KEUDE SEUMOT, BEUTONG, NAGAN RAYA, ACEH",4,12,137,149
https://kawalpemilu.org#5569,"KEUDE SEUMOT, BEUTONG, NAGAN RAYA, ACEH",5,11,126,137
https://kawalpemilu.org#5570,"BLANG BARO RAMBONG, BEUTONG, NAGAN RAYA, ACEH",1,8,175,183
https://kawalpemilu.org#5570,"BLANG BARO RAMBONG, BEUTONG, NAGAN RAYA, ACEH",2,19,210,229
https://kawalpemilu.org#5570,"BLANG BARO RAMBONG, BEUTONG, NAGAN RAYA, ACEH",3,8,175,183
https://kawalpemilu.org#5570,"BLANG BARO RAMBONG, BEUTONG, NAGAN RAYA, ACEH",4,8,174,182
https://kawalpemilu.org#5570,"BLANG BARO RAMBONG, BEUTONG, NAGAN RAYA, ACEH",5,12,98,110
https://kawalpemilu.org#5571,"UJONG BLANG, BEUTONG, NAGAN RAYA, ACEH",1,1,113,114
https://kawalpemilu.org#5571,"UJONG BLANG, BEUTONG, NAGAN RAYA, ACEH",2,4,115,119
https://kawalpemilu.org#5572,"MEUNASAH KRUENG, BEUTONG, NAGAN RAYA, ACEH",1,20,184,204
https://kawalpemilu.org#5572,"MEUNASAH KRUENG, BEUTONG, NAGAN RAYA, ACEH",2,25,190,215
https://kawalpemilu.org#5573,"MEUNASAH DAYAH, BEUTONG, NAGAN RAYA, ACEH",1,9,205,214
https://kawalpemilu.org#5573,"MEUNASAH DAYAH, BEUTONG, NAGAN RAYA, ACEH",2,8,185,193
https://kawalpemilu.org#5574,"MEUNASAH TEUNGOH, BEUTONG, NAGAN RAYA, ACEH",1,6,182,188
https://kawalpemilu.org#5574,"MEUNASAH TEUNGOH, BEUTONG, NAGAN RAYA, ACEH",2,27,186,213
https://kawalpemilu.org#5574,"MEUNASAH TEUNGOH, BEUTONG, NAGAN RAYA, ACEH",3,15,165,179
https://kawalpemilu.org#5575,"KULAM JERNEH, BEUTONG, NAGAN RAYA, ACEH",1,19,122,141
https://kawalpemilu.org#5575,"KULAM JERNEH, BEUTONG, NAGAN RAYA, ACEH",2,5,127,177
https://kawalpemilu.org#5575,"KULAM JERNEH, BEUTONG, NAGAN RAYA, ACEH",3,13,160,173
https://kawalpemilu.org#5580,"BUMI SARI, BEUTONG, NAGAN RAYA, ACEH",1,61,113,174
https://kawalpemilu.org#5580,"BUMI SARI, BEUTONG, NAGAN RAYA, ACEH",2,47,131,178
https://kawalpemilu.org#5593,"LAMIE, DARUL MAKMUR, NAGAN RAYA, ACEH",1,31,133,164
https://kawalpemilu.org#5593,"LAMIE, DARUL MAKMUR, NAGAN RAYA, ACEH",2,51,142,193
https://kawalpemilu.org#5593,"LAMIE, DARUL MAKMUR, NAGAN RAYA, ACEH",3,25,173,198
https://kawalpemilu.org#5593,"LAMIE, DARUL MAKMUR, NAGAN RAYA, ACEH",4,39,159,198
https://kawalpemilu.org#5593,"LAMIE, DARUL MAKMUR, NAGAN RAYA, ACEH",5,27,181,208
https://kawalpemilu.org#5593,"LAMIE, DARUL MAKMUR, NAGAN RAYA, ACEH",6,31,179,210
https://kawalpemilu.org#5594,"KUTA TRIENG, DARUL MAKMUR, NAGAN RAYA, ACEH",1,20,161,181
https://kawalpemilu.org#5594,"KUTA TRIENG, DARUL MAKMUR, NAGAN RAYA, ACEH",2,12,178,190
https://kawalpemilu.org#5594,"KUTA TRIENG, DARUL MAKMUR, NAGAN RAYA, ACEH",3,18,160,178
https://kawalpemilu.org#5594,"KUTA TRIENG, DARUL MAKMUR, NAGAN RAYA, ACEH",4,21,160,181
https://kawalpemilu.org#5594,"KUTA TRIENG, DARUL MAKMUR, NAGAN RAYA, ACEH",5,12,163,175
https://kawalpemilu.org#5595,"GELANGGANG GAJAH, DARUL MAKMUR, NAGAN RAYA, ACEH",1,3,156,159
https://kawalpemilu.org#5595,"GELANGGANG GAJAH, DARUL MAKMUR, NAGAN RAYA, ACEH",2,5,146,151
https://kawalpemilu.org#5596,"KAYEE UNOE, DARUL MAKMUR, NAGAN RAYA, ACEH",1,26,164,190
https://kawalpemilu.org#5597,"BLANG BARO, DARUL MAKMUR, NAGAN RAYA, ACEH",1,31,159,190
https://kawalpemilu.org#5597,"BLANG BARO, DARUL MAKMUR, NAGAN RAYA, ACEH",2,26,158,184
https://kawalpemilu.org#5597,"BLANG BARO, DARUL MAKMUR, NAGAN RAYA, ACEH",3,26,140,166
https://kawalpemilu.org#5598,"ALUE BILIE, DARUL MAKMUR, NAGAN RAYA, ACEH",1,24,148,172
https://kawalpemilu.org#5598,"ALUE BILIE, DARUL MAKMUR, NAGAN RAYA, ACEH",2,16,157,173
https://kawalpemilu.org#5598,"ALUE BILIE, DARUL MAKMUR, NAGAN RAYA, ACEH",3,10,133,143
https://kawalpemilu.org#5598,"ALUE BILIE, DARUL MAKMUR, NAGAN RAYA, ACEH",4,17,124,141
https://kawalpemilu.org#5599,"SUKA RAJA, DARUL MAKMUR, NAGAN RAYA, ACEH",1,36,139,175
https://kawalpemilu.org#5599,"SUKA RAJA, DARUL MAKMUR, NAGAN RAYA, ACEH",2,31,148,179
https://kawalpemilu.org#5599,"SUKA RAJA, DARUL MAKMUR, NAGAN RAYA, ACEH",3,33,125,158
https://kawalpemilu.org#5599,"SUKA RAJA, DARUL MAKMUR, NAGAN RAYA, ACEH",4,30,146,176
https://kawalpemilu.org#5600,"GUNONG CUT, DARUL MAKMUR, NAGAN RAYA, ACEH",1,32,159,191
https://kawalpemilu.org#5600,"GUNONG CUT, DARUL MAKMUR, NAGAN RAYA, ACEH",2,20,163,183
https://kawalpemilu.org#5600,"GUNONG CUT, DARUL MAKMUR, NAGAN RAYA, ACEH",3,22,176,198
https://kawalpemilu.org#5600,"GUNONG CUT, DARUL MAKMUR, NAGAN RAYA, ACEH",4,22,153,175
https://kawalpemilu.org#5601,"SUKA JADI, DARUL MAKMUR, NAGAN RAYA, ACEH",1,14,102,116
https://kawalpemilu.org#5601,"SUKA JADI, DARUL MAKMUR, NAGAN RAYA, ACEH",2,13,99,112
https://kawalpemilu.org#5602,"TUWI BUYA, DARUL MAKMUR, NAGAN RAYA, ACEH",1,9,131,140
https://kawalpemilu.org#5602,"TUWI BUYA, DARUL MAKMUR, NAGAN RAYA, ACEH",2,22,115,137
https://kawalpemilu.org#5603,"UJONG LAMIE, DARUL MAKMUR, NAGAN RAYA, ACEH",1,19,176,195
https://kawalpemilu.org#5603,"UJONG LAMIE, DARUL MAKMUR, NAGAN RAYA, ACEH",2,8,206,214
https://kawalpemilu.org#5603,"UJONG LAMIE, DARUL MAKMUR, NAGAN RAYA, ACEH",3,15,191,206
https://kawalpemilu.org#5603,"UJONG LAMIE, DARUL MAKMUR, NAGAN RAYA, ACEH",4,15,189,204
https://kawalpemilu.org#5604,"SUAK PALEMBANG, DARUL MAKMUR, NAGAN RAYA, ACEH",1,36,144,180
https://kawalpemilu.org#5604,"SUAK PALEMBANG, DARUL MAKMUR, NAGAN RAYA, ACEH",2,23,175,198
https://kawalpemilu.org#5605,"ALUE WAKI, DARUL MAKMUR, NAGAN RAYA, ACEH",1,56,168,224
https://kawalpemilu.org#5605,"ALUE WAKI, DARUL MAKMUR, NAGAN RAYA, ACEH",2,28,192,220
https://kawalpemilu.org#5605,"ALUE WAKI, DARUL MAKMUR, NAGAN RAYA, ACEH",3,26,192,218
https://kawalpemilu.org#5605,"ALUE WAKI, DARUL MAKMUR, NAGAN RAYA, ACEH",4,36,181,217
https://kawalpemilu.org#5605,"ALUE WAKI, DARUL MAKMUR, NAGAN RAYA, ACEH",5,20,176,196
https://kawalpemilu.org#5605,"ALUE WAKI, DARUL MAKMUR, NAGAN RAYA, ACEH",6,29,187,216
https://kawalpemilu.org#5606,"ALUE GEUTAH, DARUL MAKMUR, NAGAN RAYA, ACEH",1,55,183,238
https://kawalpemilu.org#5606,"ALUE GEUTAH, DARUL MAKMUR, NAGAN RAYA, ACEH",2,33,174,207
https://kawalpemilu.org#5607,"KRUENG ALEM, DARUL MAKMUR, NAGAN RAYA, ACEH",1,17,204,221
https://kawalpemilu.org#5607,"KRUENG ALEM, DARUL MAKMUR, NAGAN RAYA, ACEH",2,18,206,224
https://kawalpemilu.org#5607,"KRUENG ALEM, DARUL MAKMUR, NAGAN RAYA, ACEH",3,24,113,137
https://kawalpemilu.org#5607,"KRUENG ALEM, DARUL MAKMUR, NAGAN RAYA, ACEH",4,10,127,137
https://kawalpemilu.org#5607,"KRUENG ALEM, DARUL MAKMUR, NAGAN RAYA, ACEH",5,19,131,150
https://kawalpemilu.org#5607,"KRUENG ALEM, DARUL MAKMUR, NAGAN RAYA, ACEH",6,6,136,142
https://kawalpemilu.org#5607,"KRUENG ALEM, DARUL MAKMUR, NAGAN RAYA, ACEH",7,24,171,195
https://kawalpemilu.org#5608,"ALUE RAMBOT, DARUL MAKMUR, NAGAN RAYA, ACEH",1,6,166,172
https://kawalpemilu.org#5608,"ALUE RAMBOT, DARUL MAKMUR, NAGAN RAYA, ACEH",2,7,192,199
https://kawalpemilu.org#5608,"ALUE RAMBOT, DARUL MAKMUR, NAGAN RAYA, ACEH",3,10,169,179
https://kawalpemilu.org#5608,"ALUE RAMBOT, DARUL MAKMUR, NAGAN RAYA, ACEH",4,11,173,184
https://kawalpemilu.org#5609,"KRUENG SEUMANYAM, DARUL MAKMUR, NAGAN RAYA, ACEH",1,32,158,190
https://kawalpemilu.org#5609,"KRUENG SEUMANYAM, DARUL MAKMUR, NAGAN RAYA, ACEH",2,43,143,186
https://kawalpemilu.org#5609,"KRUENG SEUMANYAM, DARUL MAKMUR, NAGAN RAYA, ACEH",3,13,139,152
https://kawalpemilu.org#5609,"KRUENG SEUMANYAM, DARUL MAKMUR, NAGAN RAYA, ACEH",4,21,148,169
https://kawalpemilu.org#5609,"KRUENG SEUMANYAM, DARUL MAKMUR, NAGAN RAYA, ACEH",5,28,131,159
https://kawalpemilu.org#5610,"PULO TEUNGOH, DARUL MAKMUR, NAGAN RAYA, ACEH",1,35,212,247
https://kawalpemilu.org#5610,"PULO TEUNGOH, DARUL MAKMUR, NAGAN RAYA, ACEH",2,31,187,218
https://kawalpemilu.org#5610,"PULO TEUNGOH, DARUL MAKMUR, NAGAN RAYA, ACEH",3,13,75,88
https://kawalpemilu.org#5610,"PULO TEUNGOH, DARUL MAKMUR, NAGAN RAYA, ACEH",4,30,177,207
https://kawalpemilu.org#5610,"PULO TEUNGOH, DARUL MAKMUR, NAGAN RAYA, ACEH",5,31,208,239
https://kawalpemilu.org#5610,"PULO TEUNGOH, DARUL MAKMUR, NAGAN RAYA, ACEH",6,33,196,229
https://kawalpemilu.org#5610,"PULO TEUNGOH, DARUL MAKMUR, NAGAN RAYA, ACEH",7,37,178,215
https://kawalpemilu.org#5610,"PULO TEUNGOH, DARUL MAKMUR, NAGAN RAYA, ACEH",9,31,165,196
https://kawalpemilu.org#5610,"PULO TEUNGOH, DARUL MAKMUR, NAGAN RAYA, ACEH",10,27,183,210
https://kawalpemilu.org#5610,"PULO TEUNGOH, DARUL MAKMUR, NAGAN RAYA, ACEH",11,27,191,218
https://kawalpemilu.org#5610,"PULO TEUNGOH, DARUL MAKMUR, NAGAN RAYA, ACEH",12,18,94,112
https://kawalpemilu.org#5611,"KARANG ANYER, DARUL MAKMUR, NAGAN RAYA, ACEH",1,33,217,250
https://kawalpemilu.org#5611,"KARANG ANYER, DARUL MAKMUR, NAGAN RAYA, ACEH",2,42,189,231
https://kawalpemilu.org#5611,"KARANG ANYER, DARUL MAKMUR, NAGAN RAYA, ACEH",3,29,186,215
https://kawalpemilu.org#5611,"KARANG ANYER, DARUL MAKMUR, NAGAN RAYA, ACEH",4,26,200,226
https://kawalpemilu.org#5611,"KARANG ANYER, DARUL MAKMUR, NAGAN RAYA, ACEH",5,46,206,252
https://kawalpemilu.org#5611,"KARANG ANYER, DARUL MAKMUR, NAGAN RAYA, ACEH",6,42,161,203
https://kawalpemilu.org#5611,"KARANG ANYER, DARUL MAKMUR, NAGAN RAYA, ACEH",7,27,184,211
https://kawalpemilu.org#5611,"KARANG ANYER, DARUL MAKMUR, NAGAN RAYA, ACEH",8,29,179,208
https://kawalpemilu.org#5612,"KUALA SEUMANYAM, DARUL MAKMUR, NAGAN RAYA, ACEH",1,47,48,95
https://kawalpemilu.org#5613,"PULO IE, DARUL MAKMUR, NAGAN RAYA, ACEH",1,30,115,145
https://kawalpemilu.org#5613,"PULO IE, DARUL MAKMUR, NAGAN RAYA, ACEH",2,17,126,143
https://kawalpemilu.org#5613,"PULO IE, DARUL MAKMUR, NAGAN RAYA, ACEH",3,25,132,157
https://kawalpemilu.org#5614,"PULO KRUET, DARUL MAKMUR, NAGAN RAYA, ACEH",1,26,135,160
https://kawalpemilu.org#5614,"PULO KRUET, DARUL MAKMUR, NAGAN RAYA, ACEH",2,63,79,142
https://kawalpemilu.org#5615,"ALUE KUYUN, DARUL MAKMUR, NAGAN RAYA, ACEH",1,29,94,123
https://kawalpemilu.org#5615,"ALUE KUYUN, DARUL MAKMUR, NAGAN RAYA, ACEH",2,31,104,135
https://kawalpemilu.org#5616,"ALUE RAYA, DARUL MAKMUR, NAGAN RAYA, ACEH",1,8,166,174
https://kawalpemilu.org#5616,"ALUE RAYA, DARUL MAKMUR, NAGAN RAYA, ACEH",2,13,164,177
https://kawalpemilu.org#5616,"ALUE RAYA, DARUL MAKMUR, NAGAN RAYA, ACEH",3,7,132,142
https://kawalpemilu.org#5616,"ALUE RAYA, DARUL MAKMUR, NAGAN RAYA, ACEH",4,19,199,218
https://kawalpemilu.org#5616,"ALUE RAYA, DARUL MAKMUR, NAGAN RAYA, ACEH",5,20,153,173
https://kawalpemilu.org#5616,"ALUE RAYA, DARUL MAKMUR, NAGAN RAYA, ACEH",6,17,115,132
https://kawalpemilu.org#5616,"ALUE RAYA, DARUL MAKMUR, NAGAN RAYA, ACEH",7,12,124,136
https://kawalpemilu.org#5617,"ALUE JAMPAK, DARUL MAKMUR, NAGAN RAYA, ACEH",1,32,145,177
https://kawalpemilu.org#5617,"ALUE JAMPAK, DARUL MAKMUR, NAGAN RAYA, ACEH",2,20,159,179
https://kawalpemilu.org#5618,"SUKA MULIA, DARUL MAKMUR, NAGAN RAYA, ACEH",1,33,164,197
https://kawalpemilu.org#5618,"SUKA MULIA, DARUL MAKMUR, NAGAN RAYA, ACEH",2,17,138,155
https://kawalpemilu.org#5618,"SUKA MULIA, DARUL MAKMUR, NAGAN RAYA, ACEH",3,26,131,157
https://kawalpemilu.org#5619,"SIMPANG DUA, DARUL MAKMUR, NAGAN RAYA, ACEH",1,21,94,115
https://kawalpemilu.org#5619,"SIMPANG DUA, DARUL MAKMUR, NAGAN RAYA, ACEH",2,27,125,152
https://kawalpemilu.org#5620,"SIDO JADI, DARUL MAKMUR, NAGAN RAYA, ACEH",1,36,108,144
https://kawalpemilu.org#5620,"SIDO JADI, DARUL MAKMUR, NAGAN RAYA, ACEH",2,35,123,158
https://kawalpemilu.org#5621,"SERBA JADI, DARUL MAKMUR, NAGAN RAYA, ACEH",1,27,154,181
https://kawalpemilu.org#5621,"SERBA JADI, DARUL MAKMUR, NAGAN RAYA, ACEH",2,41,150,191
https://kawalpemilu.org#5621,"SERBA JADI, DARUL MAKMUR, NAGAN RAYA, ACEH",3,27,156,183
https://kawalpemilu.org#5621,"SERBA JADI, DARUL MAKMUR, NAGAN RAYA, ACEH",4,18,172,195
https://kawalpemilu.org#5621,"SERBA JADI, DARUL MAKMUR, NAGAN RAYA, ACEH",5,31,152,183
https://kawalpemilu.org#5621,"SERBA JADI, DARUL MAKMUR, NAGAN RAYA, ACEH",6,30,149,179
https://kawalpemilu.org#5621,"SERBA JADI, DARUL MAKMUR, NAGAN RAYA, ACEH",7,30,141,171
https://kawalpemilu.org#5621,"SERBA JADI, DARUL MAKMUR, NAGAN RAYA, ACEH",8,25,134,159
https://kawalpemilu.org#5621,"SERBA JADI, DARUL MAKMUR, NAGAN RAYA, ACEH",9,37,140,177
https://kawalpemilu.org#5622,"SERBA GUNA, DARUL MAKMUR, NAGAN RAYA, ACEH",1,34,180,214
https://kawalpemilu.org#5622,"SERBA GUNA, DARUL MAKMUR, NAGAN RAYA, ACEH",2,43,158,201
https://kawalpemilu.org#5622,"SERBA GUNA, DARUL MAKMUR, NAGAN RAYA, ACEH",3,33,169,202
https://kawalpemilu.org#5622,"SERBA GUNA, DARUL MAKMUR, NAGAN RAYA, ACEH",4,54,162,216
https://kawalpemilu.org#5622,"SERBA GUNA, DARUL MAKMUR, NAGAN RAYA, ACEH",5,52,138,190
https://kawalpemilu.org#5622,"SERBA GUNA, DARUL MAKMUR, NAGAN RAYA, ACEH",6,45,162,207
https://kawalpemilu.org#5623,"SP. DELI KILANG, DARUL MAKMUR, NAGAN RAYA, ACEH",2,6,122,128
https://kawalpemilu.org#5624,"PANTON BAYU, DARUL MAKMUR, NAGAN RAYA, ACEH",1,37,197,234
https://kawalpemilu.org#5624,"PANTON BAYU, DARUL MAKMUR, NAGAN RAYA, ACEH",2,28,205,233
https://kawalpemilu.org#5624,"PANTON BAYU, DARUL MAKMUR, NAGAN RAYA, ACEH",3,33,138,171
https://kawalpemilu.org#5624,"PANTON BAYU, DARUL MAKMUR, NAGAN RAYA, ACEH",4,15,126,141
https://kawalpemilu.org#5625,"UJONG TANJONG, DARUL MAKMUR, NAGAN RAYA, ACEH",1,16,140,156
https://kawalpemilu.org#5625,"UJONG TANJONG, DARUL MAKMUR, NAGAN RAYA, ACEH",2,55,82,137
https://kawalpemilu.org#5625,"UJONG TANJONG, DARUL MAKMUR, NAGAN RAYA, ACEH",3,22,118,140
https://kawalpemilu.org#5626,"SUKA RAMAI, DARUL MAKMUR, NAGAN RAYA, ACEH",1,31,179,210
https://kawalpemilu.org#5626,"SUKA RAMAI, DARUL MAKMUR, NAGAN RAYA, ACEH",2,35,164,199
https://kawalpemilu.org#5626,"SUKA RAMAI, DARUL MAKMUR, NAGAN RAYA, ACEH",3,39,178,217
https://kawalpemilu.org#5627,"LADANG BARO, DARUL MAKMUR, NAGAN RAYA, ACEH",1,34,190,224
https://kawalpemilu.org#5628,"ALUE BATEUNG BROK, DARUL MAKMUR, NAGAN RAYA, ACEH",1,13,191,204
https://kawalpemilu.org#5628,"ALUE BATEUNG BROK, DARUL MAKMUR, NAGAN RAYA, ACEH",2,22,168,190
https://kawalpemilu.org#5628,"ALUE BATEUNG BROK, DARUL MAKMUR, NAGAN RAYA, ACEH",3,27,142,0
https://kawalpemilu.org#5629,"SP. DELI KAMPONG, DARUL MAKMUR, NAGAN RAYA, ACEH",1,19,146,165
https://kawalpemilu.org#5629,"SP. DELI KAMPONG, DARUL MAKMUR, NAGAN RAYA, ACEH",2,24,148,172
https://kawalpemilu.org#5630,"BLANG LUAH, DARUL MAKMUR, NAGAN RAYA, ACEH",1,99,156,255
https://kawalpemilu.org#5630,"BLANG LUAH, DARUL MAKMUR, NAGAN RAYA, ACEH",2,62,152,214
https://kawalpemilu.org#5630,"BLANG LUAH, DARUL MAKMUR, NAGAN RAYA, ACEH",3,48,163,211
https://kawalpemilu.org#5630,"BLANG LUAH, DARUL MAKMUR, NAGAN RAYA, ACEH",4,66,130,196
https://kawalpemilu.org#5631,"SUMBER MAKMUR, DARUL MAKMUR, NAGAN RAYA, ACEH",1,128,100,228
https://kawalpemilu.org#5633,"MAKARTI JAYA, DARUL MAKMUR, NAGAN RAYA, ACEH",1,50,68,118
https://kawalpemilu.org#5633,"MAKARTI JAYA, DARUL MAKMUR, NAGAN RAYA, ACEH",2,43,81,124
https://kawalpemilu.org#5633,"MAKARTI JAYA, DARUL MAKMUR, NAGAN RAYA, ACEH",3,58,100,158
https://kawalpemilu.org#5633,"MAKARTI JAYA, DARUL MAKMUR, NAGAN RAYA, ACEH",4,110,68,178
https://kawalpemilu.org#5633,"MAKARTI JAYA, DARUL MAKMUR, NAGAN RAYA, ACEH",5,91,110,201
https://kawalpemilu.org#5633,"MAKARTI JAYA, DARUL MAKMUR, NAGAN RAYA, ACEH",6,89,90,179
https://kawalpemilu.org#5633,"MAKARTI JAYA, DARUL MAKMUR, NAGAN RAYA, ACEH",7,91,69,160
https://kawalpemilu.org#5635,"LUENG BARO, SUKA MAKMUE, NAGAN RAYA, ACEH",1,9,130,139
https://kawalpemilu.org#5635,"LUENG BARO, SUKA MAKMUE, NAGAN RAYA, ACEH",2,16,164,180
https://kawalpemilu.org#5635,"LUENG BARO, SUKA MAKMUE, NAGAN RAYA, ACEH",3,7,173,180
https://kawalpemilu.org#5635,"LUENG BARO, SUKA MAKMUE, NAGAN RAYA, ACEH",4,12,167,179
https://kawalpemilu.org#5635,"LUENG BARO, SUKA MAKMUE, NAGAN RAYA, ACEH",5,9,178,187
https://kawalpemilu.org#5635,"LUENG BARO, SUKA MAKMUE, NAGAN RAYA, ACEH",6,4,148,152
https://kawalpemilu.org#5636,"ALUE KAMBUK, SUKA MAKMUE, NAGAN RAYA, ACEH",1,14,142,156
https://kawalpemilu.org#5636,"ALUE KAMBUK, SUKA MAKMUE, NAGAN RAYA, ACEH",2,11,144,155
https://kawalpemilu.org#5637,"KUTA PADANG, SUKA MAKMUE, NAGAN RAYA, ACEH",1,9,156,165
https://kawalpemilu.org#5637,"KUTA PADANG, SUKA MAKMUE, NAGAN RAYA, ACEH",2,8,169,177
https://kawalpemilu.org#5638,"SUAK BILIE, SUKA MAKMUE, NAGAN RAYA, ACEH",1,4,175,179
https://kawalpemilu.org#5638,"SUAK BILIE, SUKA MAKMUE, NAGAN RAYA, ACEH",2,15,182,197
https://kawalpemilu.org#5638,"SUAK BILIE, SUKA MAKMUE, NAGAN RAYA, ACEH",3,5,177,182
https://kawalpemilu.org#5638,"SUAK BILIE, SUKA MAKMUE, NAGAN RAYA, ACEH",4,6,167,173
https://kawalpemilu.org#5639,"MACAH, SUKA MAKMUE, NAGAN RAYA, ACEH",1,17,222,239
https://kawalpemilu.org#5640,"SEUMAMBEK, SUKA MAKMUE, NAGAN RAYA, ACEH",1,10,91,101
https://kawalpemilu.org#5641,"COT KUTA, SUKA MAKMUE, NAGAN RAYA, ACEH",1,11,186,197
https://kawalpemilu.org#5641,"COT KUTA, SUKA MAKMUE, NAGAN RAYA, ACEH",2,8,184,192
https://kawalpemilu.org#5641,"COT KUTA, SUKA MAKMUE, NAGAN RAYA, ACEH",3,10,160,170
https://kawalpemilu.org#5642,"KABU BLANG SAPEK, SUKA MAKMUE, NAGAN RAYA, ACEH",1,34,163,197
https://kawalpemilu.org#5642,"KABU BLANG SAPEK, SUKA MAKMUE, NAGAN RAYA, ACEH",2,15,160,175
https://kawalpemilu.org#5643,"COT PEURADI, SUKA MAKMUE, NAGAN RAYA, ACEH",1,20,174,194
https://kawalpemilu.org#5643,"COT PEURADI, SUKA MAKMUE, NAGAN RAYA, ACEH",2,25,162,187
https://kawalpemilu.org#5644,"BLANG SAPEK, SUKA MAKMUE, NAGAN RAYA, ACEH",1,38,191,229
https://kawalpemilu.org#5644,"BLANG SAPEK, SUKA MAKMUE, NAGAN RAYA, ACEH",2,23,180,203
https://kawalpemilu.org#5645,"LHOK BEUTONG, SUKA MAKMUE, NAGAN RAYA, ACEH",1,7,70,77
https://kawalpemilu.org#5646,"GAMPONG TEUNGOH, SUKA MAKMUE, NAGAN RAYA, ACEH",1,23,103,126
https://kawalpemilu.org#5646,"GAMPONG TEUNGOH, SUKA MAKMUE, NAGAN RAYA, ACEH",2,24,95,119
https://kawalpemilu.org#5647,"LHOK RAMEUAN, SUKA MAKMUE, NAGAN RAYA, ACEH",1,15,211,226
https://kawalpemilu.org#5648,"BLANG MULING, SUKA MAKMUE, NAGAN RAYA, ACEH",1,9,218,227
https://kawalpemilu.org#5649,"KRAK TAMPAI, SUKA MAKMUE, NAGAN RAYA, ACEH",1,11,174,185
https://kawalpemilu.org#5650,"MEUREUBO, SUKA MAKMUE, NAGAN RAYA, ACEH",1,23,201,224
https://kawalpemilu.org#5651,"KUTA BARO BLANG MULING, SUKA MAKMUE, NAGAN RAYA, ACEH",1,8,118,126
https://kawalpemilu.org#5652,"ALUE PEUSAJA, SUKA MAKMUE, NAGAN RAYA, ACEH",1,14,126,140
https://kawalpemilu.org#5653,"ALUE GAJAH, SUKA MAKMUE, NAGAN RAYA, ACEH",1,9,57,66
https://kawalpemilu.org#5655,"SUAK PUNTONG, KUALA PESISIR, NAGAN RAYA, ACEH",1,18,181,199
https://kawalpemilu.org#5655,"SUAK PUNTONG, KUALA PESISIR, NAGAN RAYA, ACEH",2,24,164,188
https://kawalpemilu.org#5655,"SUAK PUNTONG, KUALA PESISIR, NAGAN RAYA, ACEH",3,15,176,191
https://kawalpemilu.org#5656,"GAMPONG LHOK, KUALA PESISIR, NAGAN RAYA, ACEH",1,15,119,134
https://kawalpemilu.org#5656,"GAMPONG LHOK, KUALA PESISIR, NAGAN RAYA, ACEH",2,14,113,127
https://kawalpemilu.org#5657,"KUALA BARO, KUALA PESISIR, NAGAN RAYA, ACEH",1,19,186,205
https://kawalpemilu.org#5657,"KUALA BARO, KUALA PESISIR, NAGAN RAYA, ACEH",2,18,179,197
https://kawalpemilu.org#5658,"PADANG RUBEK, KUALA PESISIR, NAGAN RAYA, ACEH",1,34,191,225
https://kawalpemilu.org#5658,"PADANG RUBEK, KUALA PESISIR, NAGAN RAYA, ACEH",2,37,182,219
https://kawalpemilu.org#5658,"PADANG RUBEK, KUALA PESISIR, NAGAN RAYA, ACEH",3,34,178,212
https://kawalpemilu.org#5658,"PADANG RUBEK, KUALA PESISIR, NAGAN RAYA, ACEH",4,34,194,228
https://kawalpemilu.org#5659,"PULO, KUALA PESISIR, NAGAN RAYA, ACEH",1,42,162,204
https://kawalpemilu.org#5660,"LANGKAK, KUALA PESISIR, NAGAN RAYA, ACEH",1,22,165,187
https://kawalpemilu.org#5660,"LANGKAK, KUALA PESISIR, NAGAN RAYA, ACEH",2,28,160,188
https://kawalpemilu.org#5660,"LANGKAK, KUALA PESISIR, NAGAN RAYA, ACEH",3,18,152,170
https://kawalpemilu.org#5660,"LANGKAK, KUALA PESISIR, NAGAN RAYA, ACEH",4,17,147,164
https://kawalpemilu.org#5660,"LANGKAK, KUALA PESISIR, NAGAN RAYA, ACEH",5,30,140,170
https://kawalpemilu.org#5661,"KUALA TUHA, KUALA PESISIR, NAGAN RAYA, ACEH",1,34,171,205
https://kawalpemilu.org#5661,"KUALA TUHA, KUALA PESISIR, NAGAN RAYA, ACEH",2,38,148,186
https://kawalpemilu.org#5662,"KUBANG GAJAH, KUALA PESISIR, NAGAN RAYA, ACEH",1,16,152,168
https://kawalpemilu.org#5662,"KUBANG GAJAH, KUALA PESISIR, NAGAN RAYA, ACEH",2,19,158,177
https://kawalpemilu.org#5662,"KUBANG GAJAH, KUALA PESISIR, NAGAN RAYA, ACEH",3,24,147,171
https://kawalpemilu.org#5662,"KUBANG GAJAH, KUALA PESISIR, NAGAN RAYA, ACEH",4,13,147,160
https://kawalpemilu.org#5663,"KUALA TRANG, KUALA PESISIR, NAGAN RAYA, ACEH",1,31,151,182
https://kawalpemilu.org#5663,"KUALA TRANG, KUALA PESISIR, NAGAN RAYA, ACEH",2,40,155,195
https://kawalpemilu.org#5663,"KUALA TRANG, KUALA PESISIR, NAGAN RAYA, ACEH",3,46,142,188
https://kawalpemilu.org#5663,"KUALA TRANG, KUALA PESISIR, NAGAN RAYA, ACEH",4,39,172,211
https://kawalpemilu.org#5663,"KUALA TRANG, KUALA PESISIR, NAGAN RAYA, ACEH",5,39,162,201
https://kawalpemilu.org#5663,"KUALA TRANG, KUALA PESISIR, NAGAN RAYA, ACEH",6,42,162,204
https://kawalpemilu.org#5663,"KUALA TRANG, KUALA PESISIR, NAGAN RAYA, ACEH",7,26,151,177
https://kawalpemilu.org#5663,"KUALA TRANG, KUALA PESISIR, NAGAN RAYA, ACEH",8,29,146,175
https://kawalpemilu.org#5664,"COT RAMBONG, KUALA PESISIR, NAGAN RAYA, ACEH",1,51,101,152
https://kawalpemilu.org#5664,"COT RAMBONG, KUALA PESISIR, NAGAN RAYA, ACEH",2,52,84,136
https://kawalpemilu.org#5665,"PADANG PANYANG, KUALA PESISIR, NAGAN RAYA, ACEH",1,39,170,209
https://kawalpemilu.org#5665,"PADANG PANYANG, KUALA PESISIR, NAGAN RAYA, ACEH",2,33,189,222
https://kawalpemilu.org#5665,"PADANG PANYANG, KUALA PESISIR, NAGAN RAYA, ACEH",3,35,165,200
https://kawalpemilu.org#5665,"PADANG PANYANG, KUALA PESISIR, NAGAN RAYA, ACEH",4,28,173,201
https://kawalpemilu.org#5666,"ARONGAN, KUALA PESISIR, NAGAN RAYA, ACEH",1,33,156,189
https://kawalpemilu.org#5666,"ARONGAN, KUALA PESISIR, NAGAN RAYA, ACEH",2,24,143,167
https://kawalpemilu.org#5666,"ARONGAN, KUALA PESISIR, NAGAN RAYA, ACEH",3,29,129,158
https://kawalpemilu.org#5667,"JATI REJO, KUALA PESISIR, NAGAN RAYA, ACEH",1,35,133,168
https://kawalpemilu.org#5667,"JATI REJO, KUALA PESISIR, NAGAN RAYA, ACEH",2,17,144,161
https://kawalpemilu.org#5667,"JATI REJO, KUALA PESISIR, NAGAN RAYA, ACEH",3,14,122,136
https://kawalpemilu.org#5667,"JATI REJO, KUALA PESISIR, NAGAN RAYA, ACEH",4,26,129,155
https://kawalpemilu.org#5668,"PURWODADI, KUALA PESISIR, NAGAN RAYA, ACEH",1,18,151,169
https://kawalpemilu.org#5668,"PURWODADI, KUALA PESISIR, NAGAN RAYA, ACEH",2,23,145,168
https://kawalpemilu.org#5668,"PURWODADI, KUALA PESISIR, NAGAN RAYA, ACEH",3,17,142,159
https://kawalpemilu.org#5668,"PURWODADI, KUALA PESISIR, NAGAN RAYA, ACEH",4,18,127,145
https://kawalpemilu.org#5668,"PURWODADI, KUALA PESISIR, NAGAN RAYA, ACEH",5,26,121,147
https://kawalpemilu.org#5668,"PURWODADI, KUALA PESISIR, NAGAN RAYA, ACEH",6,27,117,144
https://kawalpemilu.org#5669,"LEUNG TEUKU BEN, KUALA PESISIR, NAGAN RAYA, ACEH",1,21,174,195
https://kawalpemilu.org#5669,"LEUNG TEUKU BEN, KUALA PESISIR, NAGAN RAYA, ACEH",2,14,153,167
https://kawalpemilu.org#5670,"PURWOSARI, KUALA PESISIR, NAGAN RAYA, ACEH",1,8,210,218
https://kawalpemilu.org#5670,"PURWOSARI, KUALA PESISIR, NAGAN RAYA, ACEH",2,25,181,206
https://kawalpemilu.org#5670,"PURWOSARI, KUALA PESISIR, NAGAN RAYA, ACEH",3,14,206,220
https://kawalpemilu.org#5672,"ALUE BATA, TADU RAYA, NAGAN RAYA, ACEH",1,17,164,181
https://kawalpemilu.org#5672,"ALUE BATA, TADU RAYA, NAGAN RAYA, ACEH",2,16,172,188
https://kawalpemilu.org#5672,"ALUE BATA, TADU RAYA, NAGAN RAYA, ACEH",3,33,146,179
https://kawalpemilu.org#5672,"ALUE BATA, TADU RAYA, NAGAN RAYA, ACEH",4,36,141,177
https://kawalpemilu.org#5673,"GUNONG SAPEK, TADU RAYA, NAGAN RAYA, ACEH",1,7,129,136
https://kawalpemilu.org#5674,"SARAH MANTOK, TADU RAYA, NAGAN RAYA, ACEH",1,9,84,93
https://kawalpemilu.org#5675,"PASIE LUAH, TADU RAYA, NAGAN RAYA, ACEH",1,20,170,190
https://kawalpemilu.org#5676,"GUNONG GEULUGO, TADU RAYA, NAGAN RAYA, ACEH",1,15,231,246
https://kawalpemilu.org#5677,"GUNONG KUPOK, TADU RAYA, NAGAN RAYA, ACEH",1,18,156,174
https://kawalpemilu.org#5678,"GUNONG PUNGKI, TADU RAYA, NAGAN RAYA, ACEH",1,16,203,219
https://kawalpemilu.org#5678,"GUNONG PUNGKI, TADU RAYA, NAGAN RAYA, ACEH",2,19,169,188
https://kawalpemilu.org#5678,"GUNONG PUNGKI, TADU RAYA, NAGAN RAYA, ACEH",3,15,187,197
https://kawalpemilu.org#5678,"GUNONG PUNGKI, TADU RAYA, NAGAN RAYA, ACEH",4,23,140,163
https://kawalpemilu.org#5679,"ALUE SIRON, TADU RAYA, NAGAN RAYA, ACEH",1,27,169,196
https://kawalpemilu.org#5680,"COT MUE, TADU RAYA, NAGAN RAYA, ACEH",1,20,130,150
https://kawalpemilu.org#5680,"COT MUE, TADU RAYA, NAGAN RAYA, ACEH",2,28,115,143
https://kawalpemilu.org#5681,"BABAH ROT, TADU RAYA, NAGAN RAYA, ACEH",1,26,126,152
https://kawalpemilu.org#5681,"BABAH ROT, TADU RAYA, NAGAN RAYA, ACEH",2,27,113,140
https://kawalpemilu.org#5681,"BABAH ROT, TADU RAYA, NAGAN RAYA, ACEH",3,27,97,124
https://kawalpemilu.org#5682,"BABAH DUA, TADU RAYA, NAGAN RAYA, ACEH",1,12,140,152
https://kawalpemilu.org#5682,"BABAH DUA, TADU RAYA, NAGAN RAYA, ACEH",2,13,133,146
https://kawalpemilu.org#5682,"BABAH DUA, TADU RAYA, NAGAN RAYA, ACEH",3,13,137,150
https://kawalpemilu.org#5682,"BABAH DUA, TADU RAYA, NAGAN RAYA, ACEH",5,12,111,123
https://kawalpemilu.org#5683,"BATU RAJA, TADU RAYA, NAGAN RAYA, ACEH",1,50,137,187
https://kawalpemilu.org#5683,"BATU RAJA, TADU RAYA, NAGAN RAYA, ACEH",2,43,155,198
https://kawalpemilu.org#5684,"SIMPANG JAYA, TADU RAYA, NAGAN RAYA, ACEH",2,37,100,137
https://kawalpemilu.org#5685,"SUMBER DAYA, TADU RAYA, NAGAN RAYA, ACEH",1,69,192,261
https://kawalpemilu.org#5685,"SUMBER DAYA, TADU RAYA, NAGAN RAYA, ACEH",2,107,99,206
https://kawalpemilu.org#5685,"SUMBER DAYA, TADU RAYA, NAGAN RAYA, ACEH",3,77,101,178
https://kawalpemilu.org#5686,"RANTAU SELAMAT, TADU RAYA, NAGAN RAYA, ACEH",1,39,136,175
https://kawalpemilu.org#5686,"RANTAU SELAMAT, TADU RAYA, NAGAN RAYA, ACEH",2,39,162,201
https://kawalpemilu.org#5686,"RANTAU SELAMAT, TADU RAYA, NAGAN RAYA, ACEH",3,32,165,197
https://kawalpemilu.org#5686,"RANTAU SELAMAT, TADU RAYA, NAGAN RAYA, ACEH",4,33,148,181
https://kawalpemilu.org#5687,"ALUE SEUPEUNG, TADU RAYA, NAGAN RAYA, ACEH",1,32,194,226
https://kawalpemilu.org#5688,"KRUENG ITAM, TADU RAYA, NAGAN RAYA, ACEH",1,51,102,153
https://kawalpemilu.org#5688,"KRUENG ITAM, TADU RAYA, NAGAN RAYA, ACEH",2,46,123,169
https://kawalpemilu.org#5688,"KRUENG ITAM, TADU RAYA, NAGAN RAYA, ACEH",3,30,111,141
https://kawalpemilu.org#5688,"KRUENG ITAM, TADU RAYA, NAGAN RAYA, ACEH",4,37,111,148
https://kawalpemilu.org#5688,"KRUENG ITAM, TADU RAYA, NAGAN RAYA, ACEH",5,55,142,197
https://kawalpemilu.org#5688,"KRUENG ITAM, TADU RAYA, NAGAN RAYA, ACEH",6,44,135,179
https://kawalpemilu.org#5689,"ALUE GAJAH, TADU RAYA, NAGAN RAYA, ACEH",1,9,66,75
https://kawalpemilu.org#5690,"ALUE LABU, TADU RAYA, NAGAN RAYA, ACEH",1,10,93,103
https://kawalpemilu.org#5691,"GAPA GARU, TADU RAYA, NAGAN RAYA, ACEH",1,13,144,157
https://kawalpemilu.org#5692,"KUALA TADU, TADU RAYA, NAGAN RAYA, ACEH",1,27,204,231
https://kawalpemilu.org#5692,"KUALA TADU, TADU RAYA, NAGAN RAYA, ACEH",2,35,212,247
https://kawalpemilu.org#5693,"COT MEE, TADU RAYA, NAGAN RAYA, ACEH",1,27,130,167
https://kawalpemilu.org#5693,"COT MEE, TADU RAYA, NAGAN RAYA, ACEH",2,22,152,174
https://kawalpemilu.org#5693,"COT MEE, TADU RAYA, NAGAN RAYA, ACEH",3,17,143,160
https://kawalpemilu.org#5693,"COT MEE, TADU RAYA, NAGAN RAYA, ACEH",4,39,107,146
https://kawalpemilu.org#5582,"KUALA TRIPA, TRIPA MAKMUR, NAGAN RAYA, ACEH",1,13,127,140
https://kawalpemilu.org#5582,"KUALA TRIPA, TRIPA MAKMUR, NAGAN RAYA, ACEH",2,9,152,161
https://kawalpemilu.org#5582,"KUALA TRIPA, TRIPA MAKMUR, NAGAN RAYA, ACEH",3,20,118,198
https://kawalpemilu.org#5582,"KUALA TRIPA, TRIPA MAKMUR, NAGAN RAYA, ACEH",4,25,145,170
https://kawalpemilu.org#5582,"KUALA TRIPA, TRIPA MAKMUR, NAGAN RAYA, ACEH",5,2,134,156
https://kawalpemilu.org#5583,"BABAH LUENG, TRIPA MAKMUR, NAGAN RAYA, ACEH",1,7,134,141
https://kawalpemilu.org#5583,"BABAH LUENG, TRIPA MAKMUR, NAGAN RAYA, ACEH",2,7,122,129
https://kawalpemilu.org#5583,"BABAH LUENG, TRIPA MAKMUR, NAGAN RAYA, ACEH",3,11,150,161
https://kawalpemilu.org#5583,"BABAH LUENG, TRIPA MAKMUR, NAGAN RAYA, ACEH",4,8,140,148
https://kawalpemilu.org#5584,"DRIEN TUJOH, TRIPA MAKMUR, NAGAN RAYA, ACEH",2,11,197,208
https://kawalpemilu.org#5584,"DRIEN TUJOH, TRIPA MAKMUR, NAGAN RAYA, ACEH",3,18,178,196
https://kawalpemilu.org#5586,"KABU, TRIPA MAKMUR, NAGAN RAYA, ACEH",1,18,121,139
https://kawalpemilu.org#5586,"KABU, TRIPA MAKMUR, NAGAN RAYA, ACEH",2,18,119,137
https://kawalpemilu.org#5586,"KABU, TRIPA MAKMUR, NAGAN RAYA, ACEH",3,5,155,160
https://kawalpemilu.org#5586,"KABU, TRIPA MAKMUR, NAGAN RAYA, ACEH",4,13,114,127
https://kawalpemilu.org#5586,"KABU, TRIPA MAKMUR, NAGAN RAYA, ACEH",5,15,107,122
https://kawalpemilu.org#5588,"NEUBOK YEE PK, TRIPA MAKMUR, NAGAN RAYA, ACEH",1,9,241,250
https://kawalpemilu.org#5589,"NEUBOK YEE PP, TRIPA MAKMUR, NAGAN RAYA, ACEH",1,2,129,131
https://kawalpemilu.org#5589,"NEUBOK YEE PP, TRIPA MAKMUR, NAGAN RAYA, ACEH",2,6,169,168
https://kawalpemilu.org#5590,"MON DUA, TRIPA MAKMUR, NAGAN RAYA, ACEH",1,22,124,146
https://kawalpemilu.org#5590,"MON DUA, TRIPA MAKMUR, NAGAN RAYA, ACEH",2,12,133,145
https://kawalpemilu.org#5591,"UJONG KRUENG, TRIPA MAKMUR, NAGAN RAYA, ACEH",1,6,125,131
https://kawalpemilu.org#5591,"UJONG KRUENG, TRIPA MAKMUR, NAGAN RAYA, ACEH",2,9,112,121
https://kawalpemilu.org#5592,"PANTON PANGE, TRIPA MAKMUR, NAGAN RAYA, ACEH",1,21,212,233
https://kawalpemilu.org#87566,"LUENG KEUBE JAGAT, TRIPA MAKMUR, NAGAN RAYA, ACEH",1,5,170,175
https://kawalpemilu.org#87566,"LUENG KEUBE JAGAT, TRIPA MAKMUR, NAGAN RAYA, ACEH",2,19,158,177
https://kawalpemilu.org#87566,"LUENG KEUBE JAGAT, TRIPA MAKMUR, NAGAN RAYA, ACEH",3,0,150,158
https://kawalpemilu.org#87566,"LUENG KEUBE JAGAT, TRIPA MAKMUR, NAGAN RAYA, ACEH",4,5,159,164
https://kawalpemilu.org#87566,"LUENG KEUBE JAGAT, TRIPA MAKMUR, NAGAN RAYA, ACEH",5,16,179,195
https://kawalpemilu.org#87566,"LUENG KEUBE JAGAT, TRIPA MAKMUR, NAGAN RAYA, ACEH",6,7,133,140
https://kawalpemilu.org#87567,"PASIE KEUBE DOM, TRIPA MAKMUR, NAGAN RAYA, ACEH",1,5,131,136
https://kawalpemilu.org#87567,"PASIE KEUBE DOM, TRIPA MAKMUR, NAGAN RAYA, ACEH",2,5,147,152
https://kawalpemilu.org#87567,"PASIE KEUBE DOM, TRIPA MAKMUR, NAGAN RAYA, ACEH",3,7,135,142
https://kawalpemilu.org#5576,"BLANG PUUK, BEUTONG ATEUH BANGGALANG, NAGAN RAYA, ACEH",1,7,183,190
https://kawalpemilu.org#5576,"BLANG PUUK, BEUTONG ATEUH BANGGALANG, NAGAN RAYA, ACEH",2,6,190,196
https://kawalpemilu.org#5577,"BABAH SUAK, BEUTONG ATEUH BANGGALANG, NAGAN RAYA, ACEH",1,6,137,143
https://kawalpemilu.org#5577,"BABAH SUAK, BEUTONG ATEUH BANGGALANG, NAGAN RAYA, ACEH",2,3,143,146
https://kawalpemilu.org#5578,"KUTA TEUNGOH, BEUTONG ATEUH BANGGALANG, NAGAN RAYA, ACEH",1,5,155,160
https://kawalpemilu.org#5578,"KUTA TEUNGOH, BEUTONG ATEUH BANGGALANG, NAGAN RAYA, ACEH",2,5,155,160
https://kawalpemilu.org#5579,"BLANG MEURANDEH, BEUTONG ATEUH BANGGALANG, NAGAN RAYA, ACEH",1,5,117,122
https://kawalpemilu.org#5579,"BLANG MEURANDEH, BEUTONG ATEUH BANGGALANG, NAGAN RAYA, ACEH",2,6,104,110
https://kawalpemilu.org#5696,"SIMPANG LHEE, MANYAK PAYED, ACEH TAMIANG, ACEH",1,12,133,145
https://kawalpemilu.org#5696,"SIMPANG LHEE, MANYAK PAYED, ACEH TAMIANG, ACEH",2,11,159,170
https://kawalpemilu.org#5696,"SIMPANG LHEE, MANYAK PAYED, ACEH TAMIANG, ACEH",3,7,118,125
https://kawalpemilu.org#5696,"SIMPANG LHEE, MANYAK PAYED, ACEH TAMIANG, ACEH",4,26,128,154
https://kawalpemilu.org#5698,"BUKET PANYANG DUA, MANYAK PAYED, ACEH TAMIANG, ACEH",1,40,156,196
https://kawalpemilu.org#5698,"BUKET PANYANG DUA, MANYAK PAYED, ACEH TAMIANG, ACEH",2,22,132,154
https://kawalpemilu.org#5698,"BUKET PANYANG DUA, MANYAK PAYED, ACEH TAMIANG, ACEH",3,9,147,156
https://kawalpemilu.org#5699,"SEUNEUBOK BARO, MANYAK PAYED, ACEH TAMIANG, ACEH",1,28,190,220
https://kawalpemilu.org#5699,"SEUNEUBOK BARO, MANYAK PAYED, ACEH TAMIANG, ACEH",2,15,198,213
https://kawalpemilu.org#5699,"SEUNEUBOK BARO, MANYAK PAYED, ACEH TAMIANG, ACEH",4,13,86,99
https://kawalpemilu.org#5702,"SEUNEUBOK PUNTI, MANYAK PAYED, ACEH TAMIANG, ACEH",1,37,127,164
https://kawalpemilu.org#5702,"SEUNEUBOK PUNTI, MANYAK PAYED, ACEH TAMIANG, ACEH",2,26,170,196
https://kawalpemilu.org#5702,"SEUNEUBOK PUNTI, MANYAK PAYED, ACEH TAMIANG, ACEH",3,26,142,168
https://kawalpemilu.org#5702,"SEUNEUBOK PUNTI, MANYAK PAYED, ACEH TAMIANG, ACEH",4,15,140,155
https://kawalpemilu.org#5703,"MESJID, MANYAK PAYED, ACEH TAMIANG, ACEH",1,30,150,180
https://kawalpemilu.org#5703,"MESJID, MANYAK PAYED, ACEH TAMIANG, ACEH",2,15,185,200
https://kawalpemilu.org#5703,"MESJID, MANYAK PAYED, ACEH TAMIANG, ACEH",4,18,157,175
https://kawalpemilu.org#5703,"MESJID, MANYAK PAYED, ACEH TAMIANG, ACEH",5,15,178,193
https://kawalpemilu.org#5705,"PAHLAWAN, MANYAK PAYED, ACEH TAMIANG, ACEH",1,22,135,157
https://kawalpemilu.org#5705,"PAHLAWAN, MANYAK PAYED, ACEH TAMIANG, ACEH",2,12,107,119
https://kawalpemilu.org#5705,"PAHLAWAN, MANYAK PAYED, ACEH TAMIANG, ACEH",3,25,127,152
https://kawalpemilu.org#5705,"PAHLAWAN, MANYAK PAYED, ACEH TAMIANG, ACEH",4,9,116,125
https://kawalpemilu.org#5706,"MATANG ARA ACEH, MANYAK PAYED, ACEH TAMIANG, ACEH",2,12,140,152
https://kawalpemilu.org#5711,"DAGANG SETIA, MANYAK PAYED, ACEH TAMIANG, ACEH",1,10,106,116
https://kawalpemilu.org#5711,"DAGANG SETIA, MANYAK PAYED, ACEH TAMIANG, ACEH",2,3,113,116
https://kawalpemilu.org#5712,"MEUNASAH PAYA, MANYAK PAYED, ACEH TAMIANG, ACEH",1,25,128,153
https://kawalpemilu.org#5714,"TANJONG NEURACA, MANYAK PAYED, ACEH TAMIANG, ACEH",1,19,112,131
https://kawalpemilu.org#5716,"TUALANG BARO, MANYAK PAYED, ACEH TAMIANG, ACEH",2,18,170,188
https://kawalpemilu.org#5716,"TUALANG BARO, MANYAK PAYED, ACEH TAMIANG, ACEH",3,16,165,181
https://kawalpemilu.org#5716,"TUALANG BARO, MANYAK PAYED, ACEH TAMIANG, ACEH",4,6,151,157
https://kawalpemilu.org#5716,"TUALANG BARO, MANYAK PAYED, ACEH TAMIANG, ACEH",5,24,160,191
https://kawalpemilu.org#5718,"KASEH SAYANG, MANYAK PAYED, ACEH TAMIANG, ACEH",1,14,190,204
https://kawalpemilu.org#5722,"MEURANDEH, MANYAK PAYED, ACEH TAMIANG, ACEH",1,24,161,185
https://kawalpemilu.org#5722,"MEURANDEH, MANYAK PAYED, ACEH TAMIANG, ACEH",2,11,110,121
https://kawalpemilu.org#5722,"MEURANDEH, MANYAK PAYED, ACEH TAMIANG, ACEH",3,6,177,183
https://kawalpemilu.org#5722,"MEURANDEH, MANYAK PAYED, ACEH TAMIANG, ACEH",4,12,135,147
https://kawalpemilu.org#5725,"ALUE IE PUTEH, MANYAK PAYED, ACEH TAMIANG, ACEH",2,14,102,116
https://kawalpemilu.org#5727,"SEUNEUBOK CANTEK, MANYAK PAYED, ACEH TAMIANG, ACEH",2,15,160,175
https://kawalpemilu.org#5728,"SAPTA MARGA, MANYAK PAYED, ACEH TAMIANG, ACEH",1,0,0,0
https://kawalpemilu.org#5731,"PAYA BARU, MANYAK PAYED, ACEH TAMIANG, ACEH",1,27,167,194
https://kawalpemilu.org#5733,"MESJID SUNGAI IYU, BENDAHARA, ACEH TAMIANG, ACEH",1,10,150,160
https://kawalpemilu.org#5733,"MESJID SUNGAI IYU, BENDAHARA, ACEH TAMIANG, ACEH",2,22,129,151
https://kawalpemilu.org#5733,"MESJID SUNGAI IYU, BENDAHARA, ACEH TAMIANG, ACEH",3,23,106,129
https://kawalpemilu.org#5733,"MESJID SUNGAI IYU, BENDAHARA, ACEH TAMIANG, ACEH",4,17,137,154
https://kawalpemilu.org#5733,"MESJID SUNGAI IYU, BENDAHARA, ACEH TAMIANG, ACEH",5,18,135,153
https://kawalpemilu.org#5734,"ALUE CANTEK, BENDAHARA, ACEH TAMIANG, ACEH",1,20,186,206
https://kawalpemilu.org#5735,"TANJUNG LIPAT I, BENDAHARA, ACEH TAMIANG, ACEH",1,17,149,166
https://kawalpemilu.org#5735,"TANJUNG LIPAT I, BENDAHARA, ACEH TAMIANG, ACEH",2,36,144,180
https://kawalpemilu.org#5735,"TANJUNG LIPAT I, BENDAHARA, ACEH TAMIANG, ACEH",3,10,81,91
https://kawalpemilu.org#5736,"TANJUNG LIPAT II, BENDAHARA, ACEH TAMIANG, ACEH",1,69,140,209
https://kawalpemilu.org#5737,"SEUNEUBOK DALAM MESJID, BENDAHARA, ACEH TAMIANG, ACEH",1,27,180,207
https://kawalpemilu.org#5738,"BANDAR BARU, BENDAHARA, ACEH TAMIANG, ACEH",1,8,165,173
https://kawalpemilu.org#5738,"BANDAR BARU, BENDAHARA, ACEH TAMIANG, ACEH",2,13,139,152
https://kawalpemilu.org#5738,"BANDAR BARU, BENDAHARA, ACEH TAMIANG, ACEH",3,6,174,180
https://kawalpemilu.org#5739,"CINTA RAJA, BENDAHARA, ACEH TAMIANG, ACEH",1,33,150,183
https://kawalpemilu.org#5739,"CINTA RAJA, BENDAHARA, ACEH TAMIANG, ACEH",2,23,157,180
https://kawalpemilu.org#5739,"CINTA RAJA, BENDAHARA, ACEH TAMIANG, ACEH",3,21,128,149
https://kawalpemilu.org#5740,"KUALA GENTING, BENDAHARA, ACEH TAMIANG, ACEH",1,30,80,110
https://kawalpemilu.org#5741,"BANDAR KHALIFAH, BENDAHARA, ACEH TAMIANG, ACEH",1,14,210,224
https://kawalpemilu.org#5741,"BANDAR KHALIFAH, BENDAHARA, ACEH TAMIANG, ACEH",2,22,169,191
https://kawalpemilu.org#5741,"BANDAR KHALIFAH, BENDAHARA, ACEH TAMIANG, ACEH",3,19,136,155
https://kawalpemilu.org#5742,"SUKA MULIA BENDAHARA, BENDAHARA, ACEH TAMIANG, ACEH",1,13,146,159
https://kawalpemilu.org#5742,"SUKA MULIA BENDAHARA, BENDAHARA, ACEH TAMIANG, ACEH",2,10,142,152
https://kawalpemilu.org#5743,"SEUNEUBOK ACEH, BENDAHARA, ACEH TAMIANG, ACEH",1,56,166,222
https://kawalpemilu.org#5743,"SEUNEUBOK ACEH, BENDAHARA, ACEH TAMIANG, ACEH",2,22,212,234
https://kawalpemilu.org#5744,"TENGKU TINGGI, BENDAHARA, ACEH TAMIANG, ACEH",1,30,147,177
https://kawalpemilu.org#5744,"TENGKU TINGGI, BENDAHARA, ACEH TAMIANG, ACEH",2,31,150,181
https://kawalpemilu.org#5745,"PERKEBUNAN SUNGAI IYU, BENDAHARA, ACEH TAMIANG, ACEH",1,22,89,111
https://kawalpemilu.org#5746,"MARLEMPANG, BENDAHARA, ACEH TAMIANG, ACEH",1,15,136,151
https://kawalpemilu.org#5746,"MARLEMPANG, BENDAHARA, ACEH TAMIANG, ACEH",2,16,137,153
https://kawalpemilu.org#5746,"MARLEMPANG, BENDAHARA, ACEH TAMIANG, ACEH",3,21,140,161
https://kawalpemilu.org#5746,"MARLEMPANG, BENDAHARA, ACEH TAMIANG, ACEH",4,21,140,161
https://kawalpemilu.org#5747,"BALAI, BENDAHARA, ACEH TAMIANG, ACEH",1,13,133,146
https://kawalpemilu.org#5747,"BALAI, BENDAHARA, ACEH TAMIANG, ACEH",2,20,114,134
https://kawalpemilu.org#5747,"BALAI, BENDAHARA, ACEH TAMIANG, ACEH",3,5,146,151
https://kawalpemilu.org#5747,"BALAI, BENDAHARA, ACEH TAMIANG, ACEH",4,17,136,153
https://kawalpemilu.org#5748,"LUBUK BATIL, BENDAHARA, ACEH TAMIANG, ACEH",1,11,134,145
https://kawalpemilu.org#5748,"LUBUK BATIL, BENDAHARA, ACEH TAMIANG, ACEH",2,14,107,121
https://kawalpemilu.org#5749,"LAMBUNG BLANG, BENDAHARA, ACEH TAMIANG, ACEH",1,16,127,143
https://kawalpemilu.org#5751,"TANJUNG, BENDAHARA, ACEH TAMIANG, ACEH",1,9,113,122
https://kawalpemilu.org#5752,"RAJA, BENDAHARA, ACEH TAMIANG, ACEH",1,11,125,136
https://kawalpemilu.org#5752,"RAJA, BENDAHARA, ACEH TAMIANG, ACEH",2,12,122,134
https://kawalpemilu.org#5753,"TUMPOK TENGAH, BENDAHARA, ACEH TAMIANG, ACEH",1,11,151,162
https://kawalpemilu.org#5754,"UPAH, BENDAHARA, ACEH TAMIANG, ACEH",1,18,174,192
https://kawalpemilu.org#5754,"UPAH, BENDAHARA, ACEH TAMIANG, ACEH",2,21,146,167
https://kawalpemilu.org#5754,"UPAH, BENDAHARA, ACEH TAMIANG, ACEH",3,16,179,195
https://kawalpemilu.org#5754,"UPAH, BENDAHARA, ACEH TAMIANG, ACEH",4,25,181,206
https://kawalpemilu.org#5754,"UPAH, BENDAHARA, ACEH TAMIANG, ACEH",5,13,185,198
https://kawalpemilu.org#5754,"UPAH, BENDAHARA, ACEH TAMIANG, ACEH",6,23,132,155
https://kawalpemilu.org#5755,"PERKEBUNAN UPAH, BENDAHARA, ACEH TAMIANG, ACEH",1,6,194,200
https://kawalpemilu.org#5756,"MATANG TEPAH, BENDAHARA, ACEH TAMIANG, ACEH",1,16,124,140
https://kawalpemilu.org#5756,"MATANG TEPAH, BENDAHARA, ACEH TAMIANG, ACEH",2,20,143,163
https://kawalpemilu.org#5756,"MATANG TEPAH, BENDAHARA, ACEH TAMIANG, ACEH",3,17,122,139
https://kawalpemilu.org#5756,"MATANG TEPAH, BENDAHARA, ACEH TAMIANG, ACEH",4,17,154,171
https://kawalpemilu.org#5757,"SEUNEUBOK DALAM UPAH, BENDAHARA, ACEH TAMIANG, ACEH",1,17,184,201
https://kawalpemilu.org#5757,"SEUNEUBOK DALAM UPAH, BENDAHARA, ACEH TAMIANG, ACEH",2,19,178,197
https://kawalpemilu.org#5758,"MESJID BENDAHARA, BENDAHARA, ACEH TAMIANG, ACEH",1,27,151,178
https://kawalpemilu.org#5759,"TELUK KEMIRI, BENDAHARA, ACEH TAMIANG, ACEH",1,13,176,189
https://kawalpemilu.org#5760,"TELUK KEPAYANG, BENDAHARA, ACEH TAMIANG, ACEH",1,33,127,160
https://kawalpemilu.org#5760,"TELUK KEPAYANG, BENDAHARA, ACEH TAMIANG, ACEH",2,21,149,170
https://kawalpemilu.org#5761,"TELUK HALBAN, BENDAHARA, ACEH TAMIANG, ACEH",1,21,188,209
https://kawalpemilu.org#5761,"TELUK HALBAN, BENDAHARA, ACEH TAMIANG, ACEH",2,71,156,227
https://kawalpemilu.org#5762,"RANTAU PAKAM, BENDAHARA, ACEH TAMIANG, ACEH",1,36,113,149
https://kawalpemilu.org#5762,"RANTAU PAKAM, BENDAHARA, ACEH TAMIANG, ACEH",2,29,117,146
https://kawalpemilu.org#5762,"RANTAU PAKAM, BENDAHARA, ACEH TAMIANG, ACEH",3,21,130,151
https://kawalpemilu.org#5762,"RANTAU PAKAM, BENDAHARA, ACEH TAMIANG, ACEH",4,34,110,144
https://kawalpemilu.org#5763,"TANJUNG BINJAI, BENDAHARA, ACEH TAMIANG, ACEH",1,93,130,223
https://kawalpemilu.org#5764,"TANJUNG MULIA, BENDAHARA, ACEH TAMIANG, ACEH",1,11,195,206
https://kawalpemilu.org#5765,"KUALA PENAGA, BENDAHARA, ACEH TAMIANG, ACEH",1,67,113,180
https://kawalpemilu.org#5765,"KUALA PENAGA, BENDAHARA, ACEH TAMIANG, ACEH",2,69,100,169
https://kawalpemilu.org#5765,"KUALA PENAGA, BENDAHARA, ACEH TAMIANG, ACEH",3,65,97,162
https://kawalpemilu.org#5767,"KESEHATAN, KARANG BARU, ACEH TAMIANG, ACEH",1,30,160,190
https://kawalpemilu.org#5767,"KESEHATAN, KARANG BARU, ACEH TAMIANG, ACEH",2,21,123,144
https://kawalpemilu.org#5767,"KESEHATAN, KARANG BARU, ACEH TAMIANG, ACEH",3,13,126,139
https://kawalpemilu.org#5767,"KESEHATAN, KARANG BARU, ACEH TAMIANG, ACEH",4,18,120,138
https://kawalpemilu.org#5767,"KESEHATAN, KARANG BARU, ACEH TAMIANG, ACEH",5,16,124,140
https://kawalpemilu.org#5768,"SUKA JADI, KARANG BARU, ACEH TAMIANG, ACEH",1,25,129,154
https://kawalpemilu.org#5768,"SUKA JADI, KARANG BARU, ACEH TAMIANG, ACEH",2,20,116,136
https://kawalpemilu.org#5768,"SUKA JADI, KARANG BARU, ACEH TAMIANG, ACEH",3,21,128,149
https://kawalpemilu.org#5768,"SUKA JADI, KARANG BARU, ACEH TAMIANG, ACEH",4,21,141,162
https://kawalpemilu.org#5769,"MENANGGINI, KARANG BARU, ACEH TAMIANG, ACEH",1,5,194,199
https://kawalpemilu.org#5769,"MENANGGINI, KARANG BARU, ACEH TAMIANG, ACEH",2,22,138,160
https://kawalpemilu.org#5769,"MENANGGINI, KARANG BARU, ACEH TAMIANG, ACEH",3,8,191,199
https://kawalpemilu.org#5769,"MENANGGINI, KARANG BARU, ACEH TAMIANG, ACEH",4,16,125,141
https://kawalpemilu.org#5770,"TANJUNG KARANG, KARANG BARU, ACEH TAMIANG, ACEH",1,24,116,140
https://kawalpemilu.org#5770,"TANJUNG KARANG, KARANG BARU, ACEH TAMIANG, ACEH",2,12,144,156
https://kawalpemilu.org#5770,"TANJUNG KARANG, KARANG BARU, ACEH TAMIANG, ACEH",4,27,97,124
https://kawalpemilu.org#5770,"TANJUNG KARANG, KARANG BARU, ACEH TAMIANG, ACEH",5,8,152,160
https://kawalpemilu.org#5770,"TANJUNG KARANG, KARANG BARU, ACEH TAMIANG, ACEH",6,23,124,147
https://kawalpemilu.org#5771,"BUNDAR, KARANG BARU, ACEH TAMIANG, ACEH",1,20,117,137
https://kawalpemilu.org#5771,"BUNDAR, KARANG BARU, ACEH TAMIANG, ACEH",2,11,120,131
https://kawalpemilu.org#5771,"BUNDAR, KARANG BARU, ACEH TAMIANG, ACEH",3,20,137,157
https://kawalpemilu.org#5771,"BUNDAR, KARANG BARU, ACEH TAMIANG, ACEH",4,18,182,200
https://kawalpemilu.org#5771,"BUNDAR, KARANG BARU, ACEH TAMIANG, ACEH",5,24,209,233
https://kawalpemilu.org#5771,"BUNDAR, KARANG BARU, ACEH TAMIANG, ACEH",6,40,162,202
https://kawalpemilu.org#5771,"BUNDAR, KARANG BARU, ACEH TAMIANG, ACEH",7,17,169,186
https://kawalpemilu.org#5771,"BUNDAR, KARANG BARU, ACEH TAMIANG, ACEH",8,12,129,141
https://kawalpemilu.org#5771,"BUNDAR, KARANG BARU, ACEH TAMIANG, ACEH",9,24,121,145
https://kawalpemilu.org#5771,"BUNDAR, KARANG BARU, ACEH TAMIANG, ACEH",10,21,134,155
https://kawalpemilu.org#5771,"BUNDAR, KARANG BARU, ACEH TAMIANG, ACEH",11,29,146,175
https://kawalpemilu.org#5771,"BUNDAR, KARANG BARU, ACEH TAMIANG, ACEH",12,14,222,236
https://kawalpemilu.org#5771,"BUNDAR, KARANG BARU, ACEH TAMIANG, ACEH",13,35,173,208
https://kawalpemilu.org#5772,"DALAM, KARANG BARU, ACEH TAMIANG, ACEH",1,15,136,151
https://kawalpemilu.org#5772,"DALAM, KARANG BARU, ACEH TAMIANG, ACEH",2,19,135,154
https://kawalpemilu.org#5772,"DALAM, KARANG BARU, ACEH TAMIANG, ACEH",3,0,0,0
https://kawalpemilu.org#5772,"DALAM, KARANG BARU, ACEH TAMIANG, ACEH",4,11,195,206
https://kawalpemilu.org#5772,"DALAM, KARANG BARU, ACEH TAMIANG, ACEH",6,25,107,132
https://kawalpemilu.org#5772,"DALAM, KARANG BARU, ACEH TAMIANG, ACEH",7,23,110,133
https://kawalpemilu.org#5772,"DALAM, KARANG BARU, ACEH TAMIANG, ACEH",8,20,101,121
https://kawalpemilu.org#5772,"DALAM, KARANG BARU, ACEH TAMIANG, ACEH",9,25,124,149
https://kawalpemilu.org#5772,"DALAM, KARANG BARU, ACEH TAMIANG, ACEH",10,25,156,181
https://kawalpemilu.org#5772,"DALAM, KARANG BARU, ACEH TAMIANG, ACEH",11,28,189,217
https://kawalpemilu.org#5772,"DALAM, KARANG BARU, ACEH TAMIANG, ACEH",12,30,115,145
https://kawalpemilu.org#5773,"TANAH TERBAN, KARANG BARU, ACEH TAMIANG, ACEH",1,26,179,205
https://kawalpemilu.org#5773,"TANAH TERBAN, KARANG BARU, ACEH TAMIANG, ACEH",2,17,172,189
https://kawalpemilu.org#5773,"TANAH TERBAN, KARANG BARU, ACEH TAMIANG, ACEH",3,12,142,154
https://kawalpemilu.org#5773,"TANAH TERBAN, KARANG BARU, ACEH TAMIANG, ACEH",4,13,186,199
https://kawalpemilu.org#5773,"TANAH TERBAN, KARANG BARU, ACEH TAMIANG, ACEH",5,16,161,177
https://kawalpemilu.org#5773,"TANAH TERBAN, KARANG BARU, ACEH TAMIANG, ACEH",6,26,126,152
https://kawalpemilu.org#5774,"AIR TENANG, KARANG BARU, ACEH TAMIANG, ACEH",1,16,174,190
https://kawalpemilu.org#5774,"AIR TENANG, KARANG BARU, ACEH TAMIANG, ACEH",2,21,177,198
https://kawalpemilu.org#5775,"JOHAR, KARANG BARU, ACEH TAMIANG, ACEH",1,24,139,163
https://kawalpemilu.org#5775,"JOHAR, KARANG BARU, ACEH TAMIANG, ACEH",2,22,194,216
https://kawalpemilu.org#5775,"JOHAR, KARANG BARU, ACEH TAMIANG, ACEH",3,26,126,152
https://kawalpemilu.org#5776,"TUPAH, KARANG BARU, ACEH TAMIANG, ACEH",1,10,158,168
https://kawalpemilu.org#5776,"TUPAH, KARANG BARU, ACEH TAMIANG, ACEH",2,17,147,164
https://kawalpemilu.org#5776,"TUPAH, KARANG BARU, ACEH TAMIANG, ACEH",3,24,162,187
https://kawalpemilu.org#5776,"TUPAH, KARANG BARU, ACEH TAMIANG, ACEH",4,16,142,158
https://kawalpemilu.org#5776,"TUPAH, KARANG BARU, ACEH TAMIANG, ACEH",5,21,172,193
https://kawalpemilu.org#5776,"TUPAH, KARANG BARU, ACEH TAMIANG, ACEH",6,24,170,194
https://kawalpemilu.org#5777,"BANAI, KARANG BARU, ACEH TAMIANG, ACEH",1,12,147,159
https://kawalpemilu.org#5777,"BANAI, KARANG BARU, ACEH TAMIANG, ACEH",2,18,136,154
https://kawalpemilu.org#5778,"RANTAU PANJANG, KARANG BARU, ACEH TAMIANG, ACEH",1,17,184,201
https://kawalpemilu.org#5778,"RANTAU PANJANG, KARANG BARU, ACEH TAMIANG, ACEH",2,16,188,204
https://kawalpemilu.org#5779,"MEDANG ARA, KARANG BARU, ACEH TAMIANG, ACEH",1,29,196,225
https://kawalpemilu.org#5779,"MEDANG ARA, KARANG BARU, ACEH TAMIANG, ACEH",2,19,189,208
https://kawalpemilu.org#5779,"MEDANG ARA, KARANG BARU, ACEH TAMIANG, ACEH",3,23,168,191
https://kawalpemilu.org#5779,"MEDANG ARA, KARANG BARU, ACEH TAMIANG, ACEH",4,21,160,181
https://kawalpemilu.org#5779,"MEDANG ARA, KARANG BARU, ACEH TAMIANG, ACEH",5,0,0,0
https://kawalpemilu.org#5780,"PAHLAWAN, KARANG BARU, ACEH TAMIANG, ACEH",1,6,177,183
https://kawalpemilu.org#5780,"PAHLAWAN, KARANG BARU, ACEH TAMIANG, ACEH",2,17,158,175
https://kawalpemilu.org#5780,"PAHLAWAN, KARANG BARU, ACEH TAMIANG, ACEH",3,12,180,192
https://kawalpemilu.org#5780,"PAHLAWAN, KARANG BARU, ACEH TAMIANG, ACEH",4,15,174,189
https://kawalpemilu.org#5781,"ALUR SELALAS, KARANG BARU, ACEH TAMIANG, ACEH",1,31,172,203
https://kawalpemilu.org#5781,"ALUR SELALAS, KARANG BARU, ACEH TAMIANG, ACEH",2,20,200,220
https://kawalpemilu.org#5782,"PAYA TAMPAH, KARANG BARU, ACEH TAMIANG, ACEH",1,3,161,164
https://kawalpemilu.org#5782,"PAYA TAMPAH, KARANG BARU, ACEH TAMIANG, ACEH",2,18,209,227
https://kawalpemilu.org#5782,"PAYA TAMPAH, KARANG BARU, ACEH TAMIANG, ACEH",3,41,127,168
https://kawalpemilu.org#5782,"PAYA TAMPAH, KARANG BARU, ACEH TAMIANG, ACEH",4,43,136,179
https://kawalpemilu.org#5782,"PAYA TAMPAH, KARANG BARU, ACEH TAMIANG, ACEH",5,10,172,182
https://kawalpemilu.org#5782,"PAYA TAMPAH, KARANG BARU, ACEH TAMIANG, ACEH",6,56,150,206
https://kawalpemilu.org#5783,"ALUR BAUNG, KARANG BARU, ACEH TAMIANG, ACEH",1,5,133,138
https://kawalpemilu.org#5783,"ALUR BAUNG, KARANG BARU, ACEH TAMIANG, ACEH",2,21,182,203
https://kawalpemilu.org#5783,"ALUR BAUNG, KARANG BARU, ACEH TAMIANG, ACEH",3,15,134,149
https://kawalpemilu.org#5783,"ALUR BAUNG, KARANG BARU, ACEH TAMIANG, ACEH",4,8,138,146
https://kawalpemilu.org#5783,"ALUR BAUNG, KARANG BARU, ACEH TAMIANG, ACEH",5,19,142,161
https://kawalpemilu.org#5784,"KEBUN TANAH TERBAN, KARANG BARU, ACEH TAMIANG, ACEH",1,12,166,178
https://kawalpemilu.org#5784,"KEBUN TANAH TERBAN, KARANG BARU, ACEH TAMIANG, ACEH",2,37,157,194
https://kawalpemilu.org#5784,"KEBUN TANAH TERBAN, KARANG BARU, ACEH TAMIANG, ACEH",3,8,127,135
https://kawalpemilu.org#5784,"KEBUN TANAH TERBAN, KARANG BARU, ACEH TAMIANG, ACEH",4,53,161,214
https://kawalpemilu.org#5784,"KEBUN TANAH TERBAN, KARANG BARU, ACEH TAMIANG, ACEH",5,33,141,174
https://kawalpemilu.org#5784,"KEBUN TANAH TERBAN, KARANG BARU, ACEH TAMIANG, ACEH",6,27,153,180
https://kawalpemilu.org#5785,"KEBUN MEDANG ARA, KARANG BARU, ACEH TAMIANG, ACEH",1,19,143,162
https://kawalpemilu.org#5785,"KEBUN MEDANG ARA, KARANG BARU, ACEH TAMIANG, ACEH",2,19,137,156
https://kawalpemilu.org#5786,"KEBUN AFDELING SELELEH, KARANG BARU, ACEH TAMIANG, ACEH",1,27,128,155
https://kawalpemilu.org#5786,"KEBUN AFDELING SELELEH, KARANG BARU, ACEH TAMIANG, ACEH",2,8,192,200
https://kawalpemilu.org#5786,"KEBUN AFDELING SELELEH, KARANG BARU, ACEH TAMIANG, ACEH",3,29,132,161
https://kawalpemilu.org#5787,"PAYA AWE, KARANG BARU, ACEH TAMIANG, ACEH",1,22,159,181
https://kawalpemilu.org#5787,"PAYA AWE, KARANG BARU, ACEH TAMIANG, ACEH",2,33,177,210
https://kawalpemilu.org#5788,"SIMPANG EMPAT, KARANG BARU, ACEH TAMIANG, ACEH",1,24,180,204
https://kawalpemilu.org#5788,"SIMPANG EMPAT, KARANG BARU, ACEH TAMIANG, ACEH",2,8,122,130
https://kawalpemilu.org#5788,"SIMPANG EMPAT, KARANG BARU, ACEH TAMIANG, ACEH",3,16,141,157
https://kawalpemilu.org#5788,"SIMPANG EMPAT, KARANG BARU, ACEH TAMIANG, ACEH",4,16,156,172
https://kawalpemilu.org#5788,"SIMPANG EMPAT, KARANG BARU, ACEH TAMIANG, ACEH",5,21,159,180
https://kawalpemilu.org#5788,"SIMPANG EMPAT, KARANG BARU, ACEH TAMIANG, ACEH",6,10,117,127
https://kawalpemilu.org#5788,"SIMPANG EMPAT, KARANG BARU, ACEH TAMIANG, ACEH",7,12,131,143
https://kawalpemilu.org#5789,"PAYA KULBI, KARANG BARU, ACEH TAMIANG, ACEH",1,27,212,239
https://kawalpemilu.org#5789,"PAYA KULBI, KARANG BARU, ACEH TAMIANG, ACEH",2,10,159,169
https://kawalpemilu.org#5789,"PAYA KULBI, KARANG BARU, ACEH TAMIANG, ACEH",3,33,181,214
https://kawalpemilu.org#5790,"ALUR BEMBAN, KARANG BARU, ACEH TAMIANG, ACEH",1,20,117,137
https://kawalpemilu.org#5790,"ALUR BEMBAN, KARANG BARU, ACEH TAMIANG, ACEH",2,19,148,167
https://kawalpemilu.org#5790,"ALUR BEMBAN, KARANG BARU, ACEH TAMIANG, ACEH",3,15,144,159
https://kawalpemilu.org#5791,"PAYA META, KARANG BARU, ACEH TAMIANG, ACEH",1,23,222,245
https://kawalpemilu.org#5791,"PAYA META, KARANG BARU, ACEH TAMIANG, ACEH",2,14,225,239
https://kawalpemilu.org#5791,"PAYA META, KARANG BARU, ACEH TAMIANG, ACEH",3,29,200,229
https://kawalpemilu.org#5792,"TANJUNG SEUMANTOH, KARANG BARU, ACEH TAMIANG, ACEH",1,18,194,212
https://kawalpemilu.org#5792,"TANJUNG SEUMANTOH, KARANG BARU, ACEH TAMIANG, ACEH",2,13,184,197
https://kawalpemilu.org#5792,"TANJUNG SEUMANTOH, KARANG BARU, ACEH TAMIANG, ACEH",3,10,224,234
https://kawalpemilu.org#5792,"TANJUNG SEUMANTOH, KARANG BARU, ACEH TAMIANG, ACEH",4,16,163,179
https://kawalpemilu.org#5793,"BUKIT KERANJI, KARANG BARU, ACEH TAMIANG, ACEH",1,17,68,85
https://kawalpemilu.org#5793,"BUKIT KERANJI, KARANG BARU, ACEH TAMIANG, ACEH",2,12,132,144
https://kawalpemilu.org#5794,"KEBUN TANJUNG SEUMANTOH, KARANG BARU, ACEH TAMIANG, ACEH",1,13,157,170
https://kawalpemilu.org#5794,"KEBUN TANJUNG SEUMANTOH, KARANG BARU, ACEH TAMIANG, ACEH",2,21,129,150
https://kawalpemilu.org#5794,"KEBUN TANJUNG SEUMANTOH, KARANG BARU, ACEH TAMIANG, ACEH",3,11,156,167
https://kawalpemilu.org#5794,"KEBUN TANJUNG SEUMANTOH, KARANG BARU, ACEH TAMIANG, ACEH",4,29,170,199
https://kawalpemilu.org#5795,"BUKIT PANJANG, KARANG BARU, ACEH TAMIANG, ACEH",1,2,126,128
https://kawalpemilu.org#5796,"ALUE LHOK, KARANG BARU, ACEH TAMIANG, ACEH",1,14,164,178
https://kawalpemilu.org#5796,"ALUE LHOK, KARANG BARU, ACEH TAMIANG, ACEH",2,9,183,192
https://kawalpemilu.org#5796,"ALUE LHOK, KARANG BARU, ACEH TAMIANG, ACEH",3,7,164,171
https://kawalpemilu.org#5796,"ALUE LHOK, KARANG BARU, ACEH TAMIANG, ACEH",4,8,179,187
https://kawalpemilu.org#5797,"SUKA JADI PAYA BUJOK, KARANG BARU, ACEH TAMIANG, ACEH",1,5,171,176
https://kawalpemilu.org#5797,"SUKA JADI PAYA BUJOK, KARANG BARU, ACEH TAMIANG, ACEH",2,20,134,154
https://kawalpemilu.org#5797,"SUKA JADI PAYA BUJOK, KARANG BARU, ACEH TAMIANG, ACEH",3,12,151,163
https://kawalpemilu.org#5799,"LUBUK DAMAR, SERUWAY, ACEH TAMIANG, ACEH",1,14,135,149
https://kawalpemilu.org#5799,"LUBUK DAMAR, SERUWAY, ACEH TAMIANG, ACEH",2,11,135,146
https://kawalpemilu.org#5799,"LUBUK DAMAR, SERUWAY, ACEH TAMIANG, ACEH",3,20,113,133
https://kawalpemilu.org#5799,"LUBUK DAMAR, SERUWAY, ACEH TAMIANG, ACEH",4,18,136,154
https://kawalpemilu.org#5799,"LUBUK DAMAR, SERUWAY, ACEH TAMIANG, ACEH",5,23,128,151
https://kawalpemilu.org#5799,"LUBUK DAMAR, SERUWAY, ACEH TAMIANG, ACEH",6,18,114,132
https://kawalpemilu.org#5800,"PEUKAN SERUWAY, SERUWAY, ACEH TAMIANG, ACEH",1,37,213,250
https://kawalpemilu.org#5800,"PEUKAN SERUWAY, SERUWAY, ACEH TAMIANG, ACEH",2,19,202,221
https://kawalpemilu.org#5800,"PEUKAN SERUWAY, SERUWAY, ACEH TAMIANG, ACEH",3,19,221,240
https://kawalpemilu.org#5801,"BINJAI, SERUWAY, ACEH TAMIANG, ACEH",1,9,139,148
https://kawalpemilu.org#5801,"BINJAI, SERUWAY, ACEH TAMIANG, ACEH",2,3,116,119
https://kawalpemilu.org#5801,"BINJAI, SERUWAY, ACEH TAMIANG, ACEH",3,26,149,175
https://kawalpemilu.org#5801,"BINJAI, SERUWAY, ACEH TAMIANG, ACEH",4,19,132,151
https://kawalpemilu.org#5801,"BINJAI, SERUWAY, ACEH TAMIANG, ACEH",5,5,111,116
https://kawalpemilu.org#5801,"BINJAI, SERUWAY, ACEH TAMIANG, ACEH",6,38,133,171
https://kawalpemilu.org#5802,"PANTAI BALAI, SERUWAY, ACEH TAMIANG, ACEH",1,24,212,236
https://kawalpemilu.org#5803,"PADANG LANGGIS, SERUWAY, ACEH TAMIANG, ACEH",1,24,160,184
https://kawalpemilu.org#5804,"SUKA RAMAI SATU, SERUWAY, ACEH TAMIANG, ACEH",1,38,176,214
https://kawalpemilu.org#5804,"SUKA RAMAI SATU, SERUWAY, ACEH TAMIANG, ACEH",2,27,143,170
https://kawalpemilu.org#5804,"SUKA RAMAI SATU, SERUWAY, ACEH TAMIANG, ACEH",3,41,168,209
https://kawalpemilu.org#5804,"SUKA RAMAI SATU, SERUWAY, ACEH TAMIANG, ACEH",4,16,148,164
https://kawalpemilu.org#5804,"SUKA RAMAI SATU, SERUWAY, ACEH TAMIANG, ACEH",5,17,154,171
https://kawalpemilu.org#5805,"SUKA RAMAI DUA, SERUWAY, ACEH TAMIANG, ACEH",1,20,178,198
https://kawalpemilu.org#5805,"SUKA RAMAI DUA, SERUWAY, ACEH TAMIANG, ACEH",2,33,161,194
https://kawalpemilu.org#5805,"SUKA RAMAI DUA, SERUWAY, ACEH TAMIANG, ACEH",3,30,140,170
https://kawalpemilu.org#5805,"SUKA RAMAI DUA, SERUWAY, ACEH TAMIANG, ACEH",4,24,213,237
https://kawalpemilu.org#5805,"SUKA RAMAI DUA, SERUWAY, ACEH TAMIANG, ACEH",5,25,112,137
https://kawalpemilu.org#5805,"SUKA RAMAI DUA, SERUWAY, ACEH TAMIANG, ACEH",6,5,219,224
https://kawalpemilu.org#5805,"SUKA RAMAI DUA, SERUWAY, ACEH TAMIANG, ACEH",7,12,94,106
https://kawalpemilu.org#5806,"PERKEBUNAN SERUWAY, SERUWAY, ACEH TAMIANG, ACEH",1,10,123,133
https://kawalpemilu.org#5806,"PERKEBUNAN SERUWAY, SERUWAY, ACEH TAMIANG, ACEH",2,14,118,132
https://kawalpemilu.org#5807,"GEDUNG BIARA, SERUWAY, ACEH TAMIANG, ACEH",1,19,145,164
https://kawalpemilu.org#5807,"GEDUNG BIARA, SERUWAY, ACEH TAMIANG, ACEH",2,32,179,211
https://kawalpemilu.org#5807,"GEDUNG BIARA, SERUWAY, ACEH TAMIANG, ACEH",3,11,146,157
https://kawalpemilu.org#5808,"ALUR ALIM, SERUWAY, ACEH TAMIANG, ACEH",1,9,155,164
https://kawalpemilu.org#5809,"TUALANG, SERUWAY, ACEH TAMIANG, ACEH",1,53,116,169
https://kawalpemilu.org#5809,"TUALANG, SERUWAY, ACEH TAMIANG, ACEH",2,64,110,174
https://kawalpemilu.org#5810,"MATANG SENTANG, SERUWAY, ACEH TAMIANG, ACEH",1,64,135,199
https://kawalpemilu.org#5811,"AIR MASIN, SERUWAY, ACEH TAMIANG, ACEH",1,27,124,151
https://kawalpemilu.org#5811,"AIR MASIN, SERUWAY, ACEH TAMIANG, ACEH",2,25,131,156
https://kawalpemilu.org#5813,"PERK GEDUNG BIARA, SERUWAY, ACEH TAMIANG, ACEH",1,12,140,152
https://kawalpemilu.org#5813,"PERK GEDUNG BIARA, SERUWAY, ACEH TAMIANG, ACEH",2,55,124,179
https://kawalpemilu.org#5813,"PERK GEDUNG BIARA, SERUWAY, ACEH TAMIANG, ACEH",3,7,85,92
https://kawalpemilu.org#5813,"PERK GEDUNG BIARA, SERUWAY, ACEH TAMIANG, ACEH",4,25,79,104
https://kawalpemilu.org#5814,"MUKA SUNGAI KURUK, SERUWAY, ACEH TAMIANG, ACEH",2,15,136,151
https://kawalpemilu.org#5814,"MUKA SUNGAI KURUK, SERUWAY, ACEH TAMIANG, ACEH",3,34,167,201
https://kawalpemilu.org#5814,"MUKA SUNGAI KURUK, SERUWAY, ACEH TAMIANG, ACEH",4,58,165,223
https://kawalpemilu.org#5814,"MUKA SUNGAI KURUK, SERUWAY, ACEH TAMIANG, ACEH",5,13,122,135
https://kawalpemilu.org#5814,"MUKA SUNGAI KURUK, SERUWAY, ACEH TAMIANG, ACEH",6,32,161,193
https://kawalpemilu.org#5815,"PAYA UDANG, SERUWAY, ACEH TAMIANG, ACEH",1,55,85,140
https://kawalpemilu.org#5815,"PAYA UDANG, SERUWAY, ACEH TAMIANG, ACEH",2,38,149,187
https://kawalpemilu.org#5815,"PAYA UDANG, SERUWAY, ACEH TAMIANG, ACEH",3,55,154,209
https://kawalpemilu.org#5815,"PAYA UDANG, SERUWAY, ACEH TAMIANG, ACEH",4,37,94,131
https://kawalpemilu.org#5815,"PAYA UDANG, SERUWAY, ACEH TAMIANG, ACEH",5,47,88,135
https://kawalpemilu.org#5816,"GELUNG, SERUWAY, ACEH TAMIANG, ACEH",1,36,156,192
https://kawalpemilu.org#5816,"GELUNG, SERUWAY, ACEH TAMIANG, ACEH",2,48,123,171
https://kawalpemilu.org#5817,"KAMPUNG BARU, SERUWAY, ACEH TAMIANG, ACEH",1,86,96,182
https://kawalpemilu.org#5818,"KUALA PUSONG KAPAL, SERUWAY, ACEH TAMIANG, ACEH",1,33,167,200
https://kawalpemilu.org#5818,"KUALA PUSONG KAPAL, SERUWAY, ACEH TAMIANG, ACEH",2,15,185,200
https://kawalpemilu.org#5819,"SUNGAI KURUK I, SERUWAY, ACEH TAMIANG, ACEH",1,33,71,104
https://kawalpemilu.org#5819,"SUNGAI KURUK I, SERUWAY, ACEH TAMIANG, ACEH",2,30,129,159
https://kawalpemilu.org#5819,"SUNGAI KURUK I, SERUWAY, ACEH TAMIANG, ACEH",3,17,118,135
https://kawalpemilu.org#5819,"SUNGAI KURUK I, SERUWAY, ACEH TAMIANG, ACEH",4,15,79,94
https://kawalpemilu.org#5819,"SUNGAI KURUK I, SERUWAY, ACEH TAMIANG, ACEH",5,47,107,154
https://kawalpemilu.org#5819,"SUNGAI KURUK I, SERUWAY, ACEH TAMIANG, ACEH",6,25,131,156
https://kawalpemilu.org#5820,"SUNGAI KURUK II, SERUWAY, ACEH TAMIANG, ACEH",1,26,124,150
https://kawalpemilu.org#5820,"SUNGAI KURUK II, SERUWAY, ACEH TAMIANG, ACEH",2,49,137,186
https://kawalpemilu.org#5820,"SUNGAI KURUK II, SERUWAY, ACEH TAMIANG, ACEH",3,96,154,250
https://kawalpemilu.org#5821,"SUNGAI KURUK III, SERUWAY, ACEH TAMIANG, ACEH",1,32,145,177
https://kawalpemilu.org#5821,"SUNGAI KURUK III, SERUWAY, ACEH TAMIANG, ACEH",2,37,191,182
https://kawalpemilu.org#5821,"SUNGAI KURUK III, SERUWAY, ACEH TAMIANG, ACEH",4,45,138,183
https://kawalpemilu.org#5821,"SUNGAI KURUK III, SERUWAY, ACEH TAMIANG, ACEH",5,28,139,167
https://kawalpemilu.org#5821,"SUNGAI KURUK III, SERUWAY, ACEH TAMIANG, ACEH",6,35,179,214
https://kawalpemilu.org#5822,"TANGSI LAMA, SERUWAY, ACEH TAMIANG, ACEH",1,33,146,179
https://kawalpemilu.org#5822,"TANGSI LAMA, SERUWAY, ACEH TAMIANG, ACEH",2,13,203,216
https://kawalpemilu.org#5822,"TANGSI LAMA, SERUWAY, ACEH TAMIANG, ACEH",3,39,141,180
https://kawalpemilu.org#5822,"TANGSI LAMA, SERUWAY, ACEH TAMIANG, ACEH",4,15,153,168
https://kawalpemilu.org#5822,"TANGSI LAMA, SERUWAY, ACEH TAMIANG, ACEH",5,11,143,154
https://kawalpemilu.org#5824,"KOTA KUALA SIMPANG, KOTA KUALASIMPANG, ACEH TAMIANG, ACEH",1,52,174,226
https://kawalpemilu.org#5824,"KOTA KUALA SIMPANG, KOTA KUALASIMPANG, ACEH TAMIANG, ACEH",2,126,25,151
https://kawalpemilu.org#5824,"KOTA KUALA SIMPANG, KOTA KUALASIMPANG, ACEH TAMIANG, ACEH",3,98,55,153
https://kawalpemilu.org#5824,"KOTA KUALA SIMPANG, KOTA KUALASIMPANG, ACEH TAMIANG, ACEH",4,104,27,131
https://kawalpemilu.org#5824,"KOTA KUALA SIMPANG, KOTA KUALASIMPANG, ACEH TAMIANG, ACEH",5,44,113,157
https://kawalpemilu.org#5824,"KOTA KUALA SIMPANG, KOTA KUALASIMPANG, ACEH TAMIANG, ACEH",6,65,126,191
https://kawalpemilu.org#5825,"PERDAMAIAN, KOTA KUALASIMPANG, ACEH TAMIANG, ACEH",1,11,197,208
https://kawalpemilu.org#5825,"PERDAMAIAN, KOTA KUALASIMPANG, ACEH TAMIANG, ACEH",2,45,171,216
https://kawalpemilu.org#5825,"PERDAMAIAN, KOTA KUALASIMPANG, ACEH TAMIANG, ACEH",3,26,181,207
https://kawalpemilu.org#5825,"PERDAMAIAN, KOTA KUALASIMPANG, ACEH TAMIANG, ACEH",4,26,155,181
https://kawalpemilu.org#5825,"PERDAMAIAN, KOTA KUALASIMPANG, ACEH TAMIANG, ACEH",5,17,186,203
https://kawalpemilu.org#5825,"PERDAMAIAN, KOTA KUALASIMPANG, ACEH TAMIANG, ACEH",6,25,219,244
https://kawalpemilu.org#5826,"SRIWIJAYA, KOTA KUALASIMPANG, ACEH TAMIANG, ACEH",1,49,141,190
https://kawalpemilu.org#5826,"SRIWIJAYA, KOTA KUALASIMPANG, ACEH TAMIANG, ACEH",2,52,142,194
https://kawalpemilu.org#5826,"SRIWIJAYA, KOTA KUALASIMPANG, ACEH TAMIANG, ACEH",3,45,144,189
https://kawalpemilu.org#5826,"SRIWIJAYA, KOTA KUALASIMPANG, ACEH TAMIANG, ACEH",4,16,171,187
https://kawalpemilu.org#5826,"SRIWIJAYA, KOTA KUALASIMPANG, ACEH TAMIANG, ACEH",5,27,186,213
https://kawalpemilu.org#5826,"SRIWIJAYA, KOTA KUALASIMPANG, ACEH TAMIANG, ACEH",6,48,160,208
https://kawalpemilu.org#5826,"SRIWIJAYA, KOTA KUALASIMPANG, ACEH TAMIANG, ACEH",7,45,164,209
https://kawalpemilu.org#5826,"SRIWIJAYA, KOTA KUALASIMPANG, ACEH TAMIANG, ACEH",8,38,166,204
https://kawalpemilu.org#5826,"SRIWIJAYA, KOTA KUALASIMPANG, ACEH TAMIANG, ACEH",9,20,80,100
https://kawalpemilu.org#5827,"BUKIT TEMPURUNG, KOTA KUALASIMPANG, ACEH TAMIANG, ACEH",1,62,114,176
https://kawalpemilu.org#5827,"BUKIT TEMPURUNG, KOTA KUALASIMPANG, ACEH TAMIANG, ACEH",2,54,187,241
https://kawalpemilu.org#5827,"BUKIT TEMPURUNG, KOTA KUALASIMPANG, ACEH TAMIANG, ACEH",3,36,161,197
https://kawalpemilu.org#5827,"BUKIT TEMPURUNG, KOTA KUALASIMPANG, ACEH TAMIANG, ACEH",4,30,202,232
https://kawalpemilu.org#5827,"BUKIT TEMPURUNG, KOTA KUALASIMPANG, ACEH TAMIANG, ACEH",5,29,157,186
https://kawalpemilu.org#5827,"BUKIT TEMPURUNG, KOTA KUALASIMPANG, ACEH TAMIANG, ACEH",6,20,126,146
https://kawalpemilu.org#5827,"BUKIT TEMPURUNG, KOTA KUALASIMPANG, ACEH TAMIANG, ACEH",7,40,127,167
https://kawalpemilu.org#5827,"BUKIT TEMPURUNG, KOTA KUALASIMPANG, ACEH TAMIANG, ACEH",8,47,150,197
https://kawalpemilu.org#5827,"BUKIT TEMPURUNG, KOTA KUALASIMPANG, ACEH TAMIANG, ACEH",9,27,155,182
https://kawalpemilu.org#5827,"BUKIT TEMPURUNG, KOTA KUALASIMPANG, ACEH TAMIANG, ACEH",10,43,167,210
https://kawalpemilu.org#5827,"BUKIT TEMPURUNG, KOTA KUALASIMPANG, ACEH TAMIANG, ACEH",11,46,120,166
https://kawalpemilu.org#5827,"BUKIT TEMPURUNG, KOTA KUALASIMPANG, ACEH TAMIANG, ACEH",12,11,145,156
https://kawalpemilu.org#5827,"BUKIT TEMPURUNG, KOTA KUALASIMPANG, ACEH TAMIANG, ACEH",13,14,116,130
https://kawalpemilu.org#5828,"KOTA LINTANG, KOTA KUALASIMPANG, ACEH TAMIANG, ACEH",1,38,138,176
https://kawalpemilu.org#5828,"KOTA LINTANG, KOTA KUALASIMPANG, ACEH TAMIANG, ACEH",2,33,152,185
https://kawalpemilu.org#5828,"KOTA LINTANG, KOTA KUALASIMPANG, ACEH TAMIANG, ACEH",3,13,109,122
https://kawalpemilu.org#5828,"KOTA LINTANG, KOTA KUALASIMPANG, ACEH TAMIANG, ACEH",4,26,144,170
https://kawalpemilu.org#5828,"KOTA LINTANG, KOTA KUALASIMPANG, ACEH TAMIANG, ACEH",5,36,146,182
https://kawalpemilu.org#5828,"KOTA LINTANG, KOTA KUALASIMPANG, ACEH TAMIANG, ACEH",6,5,138,143
https://kawalpemilu.org#5828,"KOTA LINTANG, KOTA KUALASIMPANG, ACEH TAMIANG, ACEH",7,52,168,220
https://kawalpemilu.org#5828,"KOTA LINTANG, KOTA KUALASIMPANG, ACEH TAMIANG, ACEH",8,62,148,210
https://kawalpemilu.org#5828,"KOTA LINTANG, KOTA KUALASIMPANG, ACEH TAMIANG, ACEH",9,46,163,209
https://kawalpemilu.org#5828,"KOTA LINTANG, KOTA KUALASIMPANG, ACEH TAMIANG, ACEH",10,42,216,258
https://kawalpemilu.org#5828,"KOTA LINTANG, KOTA KUALASIMPANG, ACEH TAMIANG, ACEH",11,30,187,217
https://kawalpemilu.org#5828,"KOTA LINTANG, KOTA KUALASIMPANG, ACEH TAMIANG, ACEH",12,44,119,163
https://kawalpemilu.org#5828,"KOTA LINTANG, KOTA KUALASIMPANG, ACEH TAMIANG, ACEH",13,45,126,171
https://kawalpemilu.org#5828,"KOTA LINTANG, KOTA KUALASIMPANG, ACEH TAMIANG, ACEH",14,13,163,176
https://kawalpemilu.org#5828,"KOTA LINTANG, KOTA KUALASIMPANG, ACEH TAMIANG, ACEH",15,44,140,184
https://kawalpemilu.org#5828,"KOTA LINTANG, KOTA KUALASIMPANG, ACEH TAMIANG, ACEH",16,40,122,162
https://kawalpemilu.org#5828,"KOTA LINTANG, KOTA KUALASIMPANG, ACEH TAMIANG, ACEH",17,15,124,139
https://kawalpemilu.org#5828,"KOTA LINTANG, KOTA KUALASIMPANG, ACEH TAMIANG, ACEH",18,18,123,141
https://kawalpemilu.org#5828,"KOTA LINTANG, KOTA KUALASIMPANG, ACEH TAMIANG, ACEH",19,29,175,204
https://kawalpemilu.org#5828,"KOTA LINTANG, KOTA KUALASIMPANG, ACEH TAMIANG, ACEH",20,11,118,129
https://kawalpemilu.org#5828,"KOTA LINTANG, KOTA KUALASIMPANG, ACEH TAMIANG, ACEH",21,30,108,138
https://kawalpemilu.org#5830,"BUKIT RATA, KEJURUAN MUDA, ACEH TAMIANG, ACEH",1,23,132,155
https://kawalpemilu.org#5830,"BUKIT RATA, KEJURUAN MUDA, ACEH TAMIANG, ACEH",2,25,124,149
https://kawalpemilu.org#5830,"BUKIT RATA, KEJURUAN MUDA, ACEH TAMIANG, ACEH",3,11,136,147
https://kawalpemilu.org#5830,"BUKIT RATA, KEJURUAN MUDA, ACEH TAMIANG, ACEH",4,42,118,160
https://kawalpemilu.org#5830,"BUKIT RATA, KEJURUAN MUDA, ACEH TAMIANG, ACEH",5,14,117,131
https://kawalpemilu.org#5830,"BUKIT RATA, KEJURUAN MUDA, ACEH TAMIANG, ACEH",6,34,118,152
https://kawalpemilu.org#5830,"BUKIT RATA, KEJURUAN MUDA, ACEH TAMIANG, ACEH",7,38,112,150
https://kawalpemilu.org#5830,"BUKIT RATA, KEJURUAN MUDA, ACEH TAMIANG, ACEH",8,32,114,146
https://kawalpemilu.org#5830,"BUKIT RATA, KEJURUAN MUDA, ACEH TAMIANG, ACEH",10,39,117,156
https://kawalpemilu.org#5830,"BUKIT RATA, KEJURUAN MUDA, ACEH TAMIANG, ACEH",12,39,118,157
https://kawalpemilu.org#5830,"BUKIT RATA, KEJURUAN MUDA, ACEH TAMIANG, ACEH",14,13,129,142
https://kawalpemilu.org#5830,"BUKIT RATA, KEJURUAN MUDA, ACEH TAMIANG, ACEH",15,18,130,148
https://kawalpemilu.org#5830,"BUKIT RATA, KEJURUAN MUDA, ACEH TAMIANG, ACEH",16,24,112,136
https://kawalpemilu.org#5830,"BUKIT RATA, KEJURUAN MUDA, ACEH TAMIANG, ACEH",18,26,122,148
https://kawalpemilu.org#5830,"BUKIT RATA, KEJURUAN MUDA, ACEH TAMIANG, ACEH",19,20,116,136
https://kawalpemilu.org#5830,"BUKIT RATA, KEJURUAN MUDA, ACEH TAMIANG, ACEH",21,32,130,162
https://kawalpemilu.org#5830,"BUKIT RATA, KEJURUAN MUDA, ACEH TAMIANG, ACEH",22,45,116,161
https://kawalpemilu.org#5830,"BUKIT RATA, KEJURUAN MUDA, ACEH TAMIANG, ACEH",23,40,115,155
https://kawalpemilu.org#5830,"BUKIT RATA, KEJURUAN MUDA, ACEH TAMIANG, ACEH",24,42,109,151
https://kawalpemilu.org#5831,"PANGKALAN, KEJURUAN MUDA, ACEH TAMIANG, ACEH",1,22,150,172
https://kawalpemilu.org#5831,"PANGKALAN, KEJURUAN MUDA, ACEH TAMIANG, ACEH",2,20,131,151
https://kawalpemilu.org#5832,"TANJUNG MANCANG, KEJURUAN MUDA, ACEH TAMIANG, ACEH",1,21,143,164
https://kawalpemilu.org#5832,"TANJUNG MANCANG, KEJURUAN MUDA, ACEH TAMIANG, ACEH",2,63,159,222
https://kawalpemilu.org#5832,"TANJUNG MANCANG, KEJURUAN MUDA, ACEH TAMIANG, ACEH",3,26,203,229
https://kawalpemilu.org#5832,"TANJUNG MANCANG, KEJURUAN MUDA, ACEH TAMIANG, ACEH",4,24,80,104
https://kawalpemilu.org#5833,"SIMPANG KANAN, KEJURUAN MUDA, ACEH TAMIANG, ACEH",1,33,160,193
https://kawalpemilu.org#5834,"TANJUNG GENTENG, KEJURUAN MUDA, ACEH TAMIANG, ACEH",1,38,140,178
https://kawalpemilu.org#5834,"TANJUNG GENTENG, KEJURUAN MUDA, ACEH TAMIANG, ACEH",2,3,73,206
https://kawalpemilu.org#5834,"TANJUNG GENTENG, KEJURUAN MUDA, ACEH TAMIANG, ACEH",3,27,78,105
https://kawalpemilu.org#5834,"TANJUNG GENTENG, KEJURUAN MUDA, ACEH TAMIANG, ACEH",4,34,146,180
https://kawalpemilu.org#5834,"TANJUNG GENTENG, KEJURUAN MUDA, ACEH TAMIANG, ACEH",5,28,151,179
https://kawalpemilu.org#5835,"GERENGGAM, KEJURUAN MUDA, ACEH TAMIANG, ACEH",1,52,101,153
https://kawalpemilu.org#5835,"GERENGGAM, KEJURUAN MUDA, ACEH TAMIANG, ACEH",2,38,152,190
https://kawalpemilu.org#5835,"GERENGGAM, KEJURUAN MUDA, ACEH TAMIANG, ACEH",3,48,113,161
https://kawalpemilu.org#5835,"GERENGGAM, KEJURUAN MUDA, ACEH TAMIANG, ACEH",4,7,156,163
https://kawalpemilu.org#5835,"GERENGGAM, KEJURUAN MUDA, ACEH TAMIANG, ACEH",5,11,157,168
https://kawalpemilu.org#5836,"SUKA MAKMUR, KEJURUAN MUDA, ACEH TAMIANG, ACEH",1,20,163,183
https://kawalpemilu.org#5836,"SUKA MAKMUR, KEJURUAN MUDA, ACEH TAMIANG, ACEH",2,11,192,203
https://kawalpemilu.org#5836,"SUKA MAKMUR, KEJURUAN MUDA, ACEH TAMIANG, ACEH",3,39,147,186
https://kawalpemilu.org#5836,"SUKA MAKMUR, KEJURUAN MUDA, ACEH TAMIANG, ACEH",4,47,161,208
https://kawalpemilu.org#5836,"SUKA MAKMUR, KEJURUAN MUDA, ACEH TAMIANG, ACEH",5,23,141,164
https://kawalpemilu.org#5836,"SUKA MAKMUR, KEJURUAN MUDA, ACEH TAMIANG, ACEH",6,7,193,200
https://kawalpemilu.org#5836,"SUKA MAKMUR, KEJURUAN MUDA, ACEH TAMIANG, ACEH",7,10,155,165
https://kawalpemilu.org#5836,"SUKA MAKMUR, KEJURUAN MUDA, ACEH TAMIANG, ACEH",8,28,122,150
https://kawalpemilu.org#5837,"ALUR SELEBU, KEJURUAN MUDA, ACEH TAMIANG, ACEH",1,54,162,216
https://kawalpemilu.org#5837,"ALUR SELEBU, KEJURUAN MUDA, ACEH TAMIANG, ACEH",2,41,120,161
https://kawalpemilu.org#5837,"ALUR SELEBU, KEJURUAN MUDA, ACEH TAMIANG, ACEH",3,35,104,139
https://kawalpemilu.org#5837,"ALUR SELEBU, KEJURUAN MUDA, ACEH TAMIANG, ACEH",4,23,108,131
https://kawalpemilu.org#5837,"ALUR SELEBU, KEJURUAN MUDA, ACEH TAMIANG, ACEH",5,12,124,136
https://kawalpemilu.org#5837,"ALUR SELEBU, KEJURUAN MUDA, ACEH TAMIANG, ACEH",6,54,172,226
https://kawalpemilu.org#5837,"ALUR SELEBU, KEJURUAN MUDA, ACEH TAMIANG, ACEH",7,19,133,152
https://kawalpemilu.org#5837,"ALUR SELEBU, KEJURUAN MUDA, ACEH TAMIANG, ACEH",8,31,171,202
https://kawalpemilu.org#5837,"ALUR SELEBU, KEJURUAN MUDA, ACEH TAMIANG, ACEH",9,28,154,182
https://kawalpemilu.org#5837,"ALUR SELEBU, KEJURUAN MUDA, ACEH TAMIANG, ACEH",10,32,106,138
https://kawalpemilu.org#5837,"ALUR SELEBU, KEJURUAN MUDA, ACEH TAMIANG, ACEH",11,28,110,138
https://kawalpemilu.org#5837,"ALUR SELEBU, KEJURUAN MUDA, ACEH TAMIANG, ACEH",12,10,111,121
https://kawalpemilu.org#5837,"ALUR SELEBU, KEJURUAN MUDA, ACEH TAMIANG, ACEH",13,28,188,146
https://kawalpemilu.org#5838,"SUNGAI LIPUT, KEJURUAN MUDA, ACEH TAMIANG, ACEH",1,55,153,208
https://kawalpemilu.org#5838,"SUNGAI LIPUT, KEJURUAN MUDA, ACEH TAMIANG, ACEH",2,68,138,206
https://kawalpemilu.org#5838,"SUNGAI LIPUT, KEJURUAN MUDA, ACEH TAMIANG, ACEH",3,26,124,150
https://kawalpemilu.org#5838,"SUNGAI LIPUT, KEJURUAN MUDA, ACEH TAMIANG, ACEH",4,47,160,207
https://kawalpemilu.org#5838,"SUNGAI LIPUT, KEJURUAN MUDA, ACEH TAMIANG, ACEH",5,55,157,212
https://kawalpemilu.org#5838,"SUNGAI LIPUT, KEJURUAN MUDA, ACEH TAMIANG, ACEH",6,36,166,202
https://kawalpemilu.org#5838,"SUNGAI LIPUT, KEJURUAN MUDA, ACEH TAMIANG, ACEH",7,30,162,192
https://kawalpemilu.org#5839,"KEBUN SUNGAI LIPUT, KEJURUAN MUDA, ACEH TAMIANG, ACEH",1,44,118,162
https://kawalpemilu.org#5839,"KEBUN SUNGAI LIPUT, KEJURUAN MUDA, ACEH TAMIANG, ACEH",2,50,148,198
https://kawalpemilu.org#5839,"KEBUN SUNGAI LIPUT, KEJURUAN MUDA, ACEH TAMIANG, ACEH",3,30,86,116
https://kawalpemilu.org#5839,"KEBUN SUNGAI LIPUT, KEJURUAN MUDA, ACEH TAMIANG, ACEH",4,5,118,123
https://kawalpemilu.org#5840,"PURWODADI, KEJURUAN MUDA, ACEH TAMIANG, ACEH",2,42,165,207
https://kawalpemilu.org#5840,"PURWODADI, KEJURUAN MUDA, ACEH TAMIANG, ACEH",3,33,153,186
https://kawalpemilu.org#5840,"PURWODADI, KEJURUAN MUDA, ACEH TAMIANG, ACEH",4,63,138,201
https://kawalpemilu.org#5840,"PURWODADI, KEJURUAN MUDA, ACEH TAMIANG, ACEH",5,35,133,168
https://kawalpemilu.org#5840,"PURWODADI, KEJURUAN MUDA, ACEH TAMIANG, ACEH",6,47,165,212
https://kawalpemilu.org#5840,"PURWODADI, KEJURUAN MUDA, ACEH TAMIANG, ACEH",7,47,136,183
https://kawalpemilu.org#5840,"PURWODADI, KEJURUAN MUDA, ACEH TAMIANG, ACEH",8,59,132,191
https://kawalpemilu.org#5841,"KAMPUNG JAWA, KEJURUAN MUDA, ACEH TAMIANG, ACEH",1,31,180,211
https://kawalpemilu.org#5841,"KAMPUNG JAWA, KEJURUAN MUDA, ACEH TAMIANG, ACEH",2,54,136,190
https://kawalpemilu.org#5841,"KAMPUNG JAWA, KEJURUAN MUDA, ACEH TAMIANG, ACEH",3,63,176,239
https://kawalpemilu.org#5841,"KAMPUNG JAWA, KEJURUAN MUDA, ACEH TAMIANG, ACEH",4,49,103,152
https://kawalpemilu.org#5841,"KAMPUNG JAWA, KEJURUAN MUDA, ACEH TAMIANG, ACEH",5,21,70,91
https://kawalpemilu.org#5841,"KAMPUNG JAWA, KEJURUAN MUDA, ACEH TAMIANG, ACEH",6,57,93,150
https://kawalpemilu.org#5842,"SIDODADI, KEJURUAN MUDA, ACEH TAMIANG, ACEH",1,35,154,189
https://kawalpemilu.org#5842,"SIDODADI, KEJURUAN MUDA, ACEH TAMIANG, ACEH",2,19,225,244
https://kawalpemilu.org#5842,"SIDODADI, KEJURUAN MUDA, ACEH TAMIANG, ACEH",3,24,194,218
https://kawalpemilu.org#5842,"SIDODADI, KEJURUAN MUDA, ACEH TAMIANG, ACEH",4,19,114,133
https://kawalpemilu.org#5843,"KARANG JADI, KEJURUAN MUDA, ACEH TAMIANG, ACEH",1,21,142,163
https://kawalpemilu.org#5843,"KARANG JADI, KEJURUAN MUDA, ACEH TAMIANG, ACEH",2,24,152,176
https://kawalpemilu.org#5843,"KARANG JADI, KEJURUAN MUDA, ACEH TAMIANG, ACEH",3,46,152,198
https://kawalpemilu.org#5843,"KARANG JADI, KEJURUAN MUDA, ACEH TAMIANG, ACEH",4,33,126,159
https://kawalpemilu.org#5844,"SEUMADAM, KEJURUAN MUDA, ACEH TAMIANG, ACEH",1,21,146,167
https://kawalpemilu.org#5844,"SEUMADAM, KEJURUAN MUDA, ACEH TAMIANG, ACEH",2,32,125,157
https://kawalpemilu.org#5844,"SEUMADAM, KEJURUAN MUDA, ACEH TAMIANG, ACEH",3,47,132,179
https://kawalpemilu.org#5844,"SEUMADAM, KEJURUAN MUDA, ACEH TAMIANG, ACEH",4,41,85,126
https://kawalpemilu.org#5844,"SEUMADAM, KEJURUAN MUDA, ACEH TAMIANG, ACEH",5,35,138,173
https://kawalpemilu.org#5844,"SEUMADAM, KEJURUAN MUDA, ACEH TAMIANG, ACEH",6,54,167,221
https://kawalpemilu.org#5844,"SEUMADAM, KEJURUAN MUDA, ACEH TAMIANG, ACEH",7,45,200,245
https://kawalpemilu.org#5844,"SEUMADAM, KEJURUAN MUDA, ACEH TAMIANG, ACEH",8,33,124,157
https://kawalpemilu.org#5844,"SEUMADAM, KEJURUAN MUDA, ACEH TAMIANG, ACEH",9,42,137,179
https://kawalpemilu.org#5844,"SEUMADAM, KEJURUAN MUDA, ACEH TAMIANG, ACEH",10,40,119,159
https://kawalpemilu.org#5844,"SEUMADAM, KEJURUAN MUDA, ACEH TAMIANG, ACEH",11,19,137,156
https://kawalpemilu.org#5844,"SEUMADAM, KEJURUAN MUDA, ACEH TAMIANG, ACEH",13,29,83,112
https://kawalpemilu.org#5844,"SEUMADAM, KEJURUAN MUDA, ACEH TAMIANG, ACEH",14,36,121,157
https://kawalpemilu.org#5844,"SEUMADAM, KEJURUAN MUDA, ACEH TAMIANG, ACEH",15,17,78,95
https://kawalpemilu.org#5844,"SEUMADAM, KEJURUAN MUDA, ACEH TAMIANG, ACEH",16,44,150,194
https://kawalpemilu.org#5846,"ALUR TANI I, TAMIANG HULU, ACEH TAMIANG, ACEH",1,16,113,129
https://kawalpemilu.org#5846,"ALUR TANI I, TAMIANG HULU, ACEH TAMIANG, ACEH",2,15,205,220
https://kawalpemilu.org#5846,"ALUR TANI I, TAMIANG HULU, ACEH TAMIANG, ACEH",3,16,150,166
https://kawalpemilu.org#5846,"ALUR TANI I, TAMIANG HULU, ACEH TAMIANG, ACEH",4,24,114,138
https://kawalpemilu.org#5846,"ALUR TANI I, TAMIANG HULU, ACEH TAMIANG, ACEH",5,13,140,153
https://kawalpemilu.org#5847,"ALUR TANI II, TAMIANG HULU, ACEH TAMIANG, ACEH",1,25,189,214
https://kawalpemilu.org#5847,"ALUR TANI II, TAMIANG HULU, ACEH TAMIANG, ACEH",2,17,190,207
https://kawalpemilu.org#5847,"ALUR TANI II, TAMIANG HULU, ACEH TAMIANG, ACEH",3,23,161,184
https://kawalpemilu.org#5848,"BANDAR KHALIFAH, TAMIANG HULU, ACEH TAMIANG, ACEH",2,22,185,207
https://kawalpemilu.org#5848,"BANDAR KHALIFAH, TAMIANG HULU, ACEH TAMIANG, ACEH",3,25,185,205
https://kawalpemilu.org#5849,"KALOY, TAMIANG HULU, ACEH TAMIANG, ACEH",1,41,161,202
https://kawalpemilu.org#5849,"KALOY, TAMIANG HULU, ACEH TAMIANG, ACEH",2,38,172,210
https://kawalpemilu.org#5849,"KALOY, TAMIANG HULU, ACEH TAMIANG, ACEH",3,11,124,135
https://kawalpemilu.org#5849,"KALOY, TAMIANG HULU, ACEH TAMIANG, ACEH",4,23,95,118
https://kawalpemilu.org#5849,"KALOY, TAMIANG HULU, ACEH TAMIANG, ACEH",5,39,113,152
https://kawalpemilu.org#5849,"KALOY, TAMIANG HULU, ACEH TAMIANG, ACEH",6,46,85,131
https://kawalpemilu.org#5849,"KALOY, TAMIANG HULU, ACEH TAMIANG, ACEH",7,37,171,208
https://kawalpemilu.org#5849,"KALOY, TAMIANG HULU, ACEH TAMIANG, ACEH",8,28,149,177
https://kawalpemilu.org#5849,"KALOY, TAMIANG HULU, ACEH TAMIANG, ACEH",9,51,132,183
https://kawalpemilu.org#5849,"KALOY, TAMIANG HULU, ACEH TAMIANG, ACEH",10,46,125,171
https://kawalpemilu.org#5849,"KALOY, TAMIANG HULU, ACEH TAMIANG, ACEH",11,18,112,112
https://kawalpemilu.org#5849,"KALOY, TAMIANG HULU, ACEH TAMIANG, ACEH",12,36,150,186
https://kawalpemilu.org#5849,"KALOY, TAMIANG HULU, ACEH TAMIANG, ACEH",13,43,131,174
https://kawalpemilu.org#5849,"KALOY, TAMIANG HULU, ACEH TAMIANG, ACEH",14,40,127,167
https://kawalpemilu.org#5849,"KALOY, TAMIANG HULU, ACEH TAMIANG, ACEH",15,28,118,146
https://kawalpemilu.org#5850,"PERK PULAU TIGA, TAMIANG HULU, ACEH TAMIANG, ACEH",1,41,94,135
https://kawalpemilu.org#5850,"PERK PULAU TIGA, TAMIANG HULU, ACEH TAMIANG, ACEH",2,36,102,138
https://kawalpemilu.org#5850,"PERK PULAU TIGA, TAMIANG HULU, ACEH TAMIANG, ACEH",3,22,147,169
https://kawalpemilu.org#5850,"PERK PULAU TIGA, TAMIANG HULU, ACEH TAMIANG, ACEH",4,21,115,136
https://kawalpemilu.org#5850,"PERK PULAU TIGA, TAMIANG HULU, ACEH TAMIANG, ACEH",5,9,108,117
https://kawalpemilu.org#5850,"PERK PULAU TIGA, TAMIANG HULU, ACEH TAMIANG, ACEH",6,34,205,239
https://kawalpemilu.org#5850,"PERK PULAU TIGA, TAMIANG HULU, ACEH TAMIANG, ACEH",7,40,174,214
https://kawalpemilu.org#5850,"PERK PULAU TIGA, TAMIANG HULU, ACEH TAMIANG, ACEH",8,35,146,181
https://kawalpemilu.org#5850,"PERK PULAU TIGA, TAMIANG HULU, ACEH TAMIANG, ACEH",9,20,148,168
https://kawalpemilu.org#5850,"PERK PULAU TIGA, TAMIANG HULU, ACEH TAMIANG, ACEH",10,45,138,183
https://kawalpemilu.org#5850,"PERK PULAU TIGA, TAMIANG HULU, ACEH TAMIANG, ACEH",11,28,202,230
https://kawalpemilu.org#5850,"PERK PULAU TIGA, TAMIANG HULU, ACEH TAMIANG, ACEH",12,3,124,127
https://kawalpemilu.org#5850,"PERK PULAU TIGA, TAMIANG HULU, ACEH TAMIANG, ACEH",13,27,141,168
https://kawalpemilu.org#5850,"PERK PULAU TIGA, TAMIANG HULU, ACEH TAMIANG, ACEH",14,2,57,59
https://kawalpemilu.org#5850,"PERK PULAU TIGA, TAMIANG HULU, ACEH TAMIANG, ACEH",15,47,135,182
https://kawalpemilu.org#5850,"PERK PULAU TIGA, TAMIANG HULU, ACEH TAMIANG, ACEH",16,24,140,164
https://kawalpemilu.org#5851,"HARUM SARI, TAMIANG HULU, ACEH TAMIANG, ACEH",1,18,119,137
https://kawalpemilu.org#5851,"HARUM SARI, TAMIANG HULU, ACEH TAMIANG, ACEH",2,19,95,114
https://kawalpemilu.org#5851,"HARUM SARI, TAMIANG HULU, ACEH TAMIANG, ACEH",3,26,161,187
https://kawalpemilu.org#5851,"HARUM SARI, TAMIANG HULU, ACEH TAMIANG, ACEH",4,20,132,152
https://kawalpemilu.org#5851,"HARUM SARI, TAMIANG HULU, ACEH TAMIANG, ACEH",5,16,102,118
https://kawalpemilu.org#5851,"HARUM SARI, TAMIANG HULU, ACEH TAMIANG, ACEH",6,29,91,120
https://kawalpemilu.org#5851,"HARUM SARI, TAMIANG HULU, ACEH TAMIANG, ACEH",7,31,171,202
https://kawalpemilu.org#5852,"BANDAR SETIA, TAMIANG HULU, ACEH TAMIANG, ACEH",1,39,162,201
https://kawalpemilu.org#5852,"BANDAR SETIA, TAMIANG HULU, ACEH TAMIANG, ACEH",2,24,165,189
https://kawalpemilu.org#5852,"BANDAR SETIA, TAMIANG HULU, ACEH TAMIANG, ACEH",3,30,152,182
https://kawalpemilu.org#5853,"RONGOH, TAMIANG HULU, ACEH TAMIANG, ACEH",1,31,158,189
https://kawalpemilu.org#5853,"RONGOH, TAMIANG HULU, ACEH TAMIANG, ACEH",2,43,149,192
https://kawalpemilu.org#5853,"RONGOH, TAMIANG HULU, ACEH TAMIANG, ACEH",3,23,138,161
https://kawalpemilu.org#5853,"RONGOH, TAMIANG HULU, ACEH TAMIANG, ACEH",4,20,13,33
https://kawalpemilu.org#5854,"WONO SARI, TAMIANG HULU, ACEH TAMIANG, ACEH",1,20,112,132
https://kawalpemilu.org#5854,"WONO SARI, TAMIANG HULU, ACEH TAMIANG, ACEH",2,22,123,145
https://kawalpemilu.org#5854,"WONO SARI, TAMIANG HULU, ACEH TAMIANG, ACEH",3,30,124,154
https://kawalpemilu.org#5854,"WONO SARI, TAMIANG HULU, ACEH TAMIANG, ACEH",4,25,110,135
https://kawalpemilu.org#5854,"WONO SARI, TAMIANG HULU, ACEH TAMIANG, ACEH",5,15,99,114
https://kawalpemilu.org#5854,"WONO SARI, TAMIANG HULU, ACEH TAMIANG, ACEH",6,25,121,146
https://kawalpemilu.org#5854,"WONO SARI, TAMIANG HULU, ACEH TAMIANG, ACEH",7,27,105,132
https://kawalpemilu.org#5854,"WONO SARI, TAMIANG HULU, ACEH TAMIANG, ACEH",8,26,101,127
https://kawalpemilu.org#5856,"BENUA RAJA, RANTAU, ACEH TAMIANG, ACEH",1,34,203,237
https://kawalpemilu.org#5856,"BENUA RAJA, RANTAU, ACEH TAMIANG, ACEH",2,8,131,139
https://kawalpemilu.org#5856,"BENUA RAJA, RANTAU, ACEH TAMIANG, ACEH",3,10,125,135
https://kawalpemilu.org#5856,"BENUA RAJA, RANTAU, ACEH TAMIANG, ACEH",4,40,156,196
https://kawalpemilu.org#5856,"BENUA RAJA, RANTAU, ACEH TAMIANG, ACEH",5,36,138,174
https://kawalpemilu.org#5856,"BENUA RAJA, RANTAU, ACEH TAMIANG, ACEH",6,18,157,175
https://kawalpemilu.org#5856,"BENUA RAJA, RANTAU, ACEH TAMIANG, ACEH",7,12,134,146
https://kawalpemilu.org#5856,"BENUA RAJA, RANTAU, ACEH TAMIANG, ACEH",8,43,132,175
https://kawalpemilu.org#5857,"LANDUH, RANTAU, ACEH TAMIANG, ACEH",1,21,144,165
https://kawalpemilu.org#5857,"LANDUH, RANTAU, ACEH TAMIANG, ACEH",2,24,166,190
https://kawalpemilu.org#5857,"LANDUH, RANTAU, ACEH TAMIANG, ACEH",3,27,103,130
https://kawalpemilu.org#5857,"LANDUH, RANTAU, ACEH TAMIANG, ACEH",4,40,151,191
https://kawalpemilu.org#5857,"LANDUH, RANTAU, ACEH TAMIANG, ACEH",5,18,153,171
https://kawalpemilu.org#5857,"LANDUH, RANTAU, ACEH TAMIANG, ACEH",6,43,212,255
https://kawalpemilu.org#5857,"LANDUH, RANTAU, ACEH TAMIANG, ACEH",7,27,196,223
https://kawalpemilu.org#5857,"LANDUH, RANTAU, ACEH TAMIANG, ACEH",8,14,139,153
https://kawalpemilu.org#5857,"LANDUH, RANTAU, ACEH TAMIANG, ACEH",9,26,149,175
https://kawalpemilu.org#5857,"LANDUH, RANTAU, ACEH TAMIANG, ACEH",10,25,98,123
https://kawalpemilu.org#5857,"LANDUH, RANTAU, ACEH TAMIANG, ACEH",11,26,164,190
https://kawalpemilu.org#5858,"PAYA BEDI, RANTAU, ACEH TAMIANG, ACEH",1,9,137,146
https://kawalpemilu.org#5858,"PAYA BEDI, RANTAU, ACEH TAMIANG, ACEH",2,29,127,156
https://kawalpemilu.org#5858,"PAYA BEDI, RANTAU, ACEH TAMIANG, ACEH",3,27,132,159
https://kawalpemilu.org#5858,"PAYA BEDI, RANTAU, ACEH TAMIANG, ACEH",4,26,131,157
https://kawalpemilu.org#5858,"PAYA BEDI, RANTAU, ACEH TAMIANG, ACEH",5,6,126,132
https://kawalpemilu.org#5858,"PAYA BEDI, RANTAU, ACEH TAMIANG, ACEH",6,14,167,181
https://kawalpemilu.org#5858,"PAYA BEDI, RANTAU, ACEH TAMIANG, ACEH",7,24,131,155
https://kawalpemilu.org#5858,"PAYA BEDI, RANTAU, ACEH TAMIANG, ACEH",8,18,125,143
https://kawalpemilu.org#5858,"PAYA BEDI, RANTAU, ACEH TAMIANG, ACEH",9,29,120,149
https://kawalpemilu.org#5858,"PAYA BEDI, RANTAU, ACEH TAMIANG, ACEH",10,19,137,156
https://kawalpemilu.org#5859,"INGIN JAYA, RANTAU, ACEH TAMIANG, ACEH",1,19,180,199
https://kawalpemilu.org#5859,"INGIN JAYA, RANTAU, ACEH TAMIANG, ACEH",2,10,159,169
https://kawalpemilu.org#5859,"INGIN JAYA, RANTAU, ACEH TAMIANG, ACEH",3,16,146,162
https://kawalpemilu.org#5859,"INGIN JAYA, RANTAU, ACEH TAMIANG, ACEH",4,26,209,235
https://kawalpemilu.org#5859,"INGIN JAYA, RANTAU, ACEH TAMIANG, ACEH",5,12,135,147
https://kawalpemilu.org#5859,"INGIN JAYA, RANTAU, ACEH TAMIANG, ACEH",6,25,128,153
https://kawalpemilu.org#5859,"INGIN JAYA, RANTAU, ACEH TAMIANG, ACEH",7,16,44,160
https://kawalpemilu.org#5860,"SUKA RAHMAT, RANTAU, ACEH TAMIANG, ACEH",1,27,157,184
https://kawalpemilu.org#5860,"SUKA RAHMAT, RANTAU, ACEH TAMIANG, ACEH",2,12,133,145
https://kawalpemilu.org#5860,"SUKA RAHMAT, RANTAU, ACEH TAMIANG, ACEH",3,21,123,144
https://kawalpemilu.org#5860,"SUKA RAHMAT, RANTAU, ACEH TAMIANG, ACEH",4,24,158,182
https://kawalpemilu.org#5860,"SUKA RAHMAT, RANTAU, ACEH TAMIANG, ACEH",5,13,118,131
https://kawalpemilu.org#5860,"SUKA RAHMAT, RANTAU, ACEH TAMIANG, ACEH",6,12,127,139
https://kawalpemilu.org#5861,"SUKA JADI, RANTAU, ACEH TAMIANG, ACEH",1,18,147,165
https://kawalpemilu.org#5861,"SUKA JADI, RANTAU, ACEH TAMIANG, ACEH",2,21,136,157
https://kawalpemilu.org#5861,"SUKA JADI, RANTAU, ACEH TAMIANG, ACEH",3,19,168,187
https://kawalpemilu.org#5862,"KAMPUNG DURIAN, RANTAU, ACEH TAMIANG, ACEH",1,20,156,176
https://kawalpemilu.org#5862,"KAMPUNG DURIAN, RANTAU, ACEH TAMIANG, ACEH",2,27,161,188
https://kawalpemilu.org#5862,"KAMPUNG DURIAN, RANTAU, ACEH TAMIANG, ACEH",3,23,147,170
https://kawalpemilu.org#5862,"KAMPUNG DURIAN, RANTAU, ACEH TAMIANG, ACEH",4,27,128,155
https://kawalpemilu.org#5862,"KAMPUNG DURIAN, RANTAU, ACEH TAMIANG, ACEH",5,16,143,159
https://kawalpemilu.org#5862,"KAMPUNG DURIAN, RANTAU, ACEH TAMIANG, ACEH",6,15,133,148
https://kawalpemilu.org#5862,"KAMPUNG DURIAN, RANTAU, ACEH TAMIANG, ACEH",7,13,161,174
https://kawalpemilu.org#5862,"KAMPUNG DURIAN, RANTAU, ACEH TAMIANG, ACEH",8,27,152,179
https://kawalpemilu.org#5862,"KAMPUNG DURIAN, RANTAU, ACEH TAMIANG, ACEH",9,13,144,157
https://kawalpemilu.org#5862,"KAMPUNG DURIAN, RANTAU, ACEH TAMIANG, ACEH",10,30,145,175
https://kawalpemilu.org#5862,"KAMPUNG DURIAN, RANTAU, ACEH TAMIANG, ACEH",11,19,125,144
https://kawalpemilu.org#5862,"KAMPUNG DURIAN, RANTAU, ACEH TAMIANG, ACEH",12,0,0,141
https://kawalpemilu.org#5863,"RANTAU PAUH, RANTAU, ACEH TAMIANG, ACEH",1,29,119,148
https://kawalpemilu.org#5863,"RANTAU PAUH, RANTAU, ACEH TAMIANG, ACEH",2,25,107,132
https://kawalpemilu.org#5863,"RANTAU PAUH, RANTAU, ACEH TAMIANG, ACEH",3,16,121,137
https://kawalpemilu.org#5863,"RANTAU PAUH, RANTAU, ACEH TAMIANG, ACEH",4,2,13,15
https://kawalpemilu.org#5863,"RANTAU PAUH, RANTAU, ACEH TAMIANG, ACEH",5,44,193,241
https://kawalpemilu.org#5863,"RANTAU PAUH, RANTAU, ACEH TAMIANG, ACEH",6,57,177,234
https://kawalpemilu.org#5863,"RANTAU PAUH, RANTAU, ACEH TAMIANG, ACEH",7,48,173,221
https://kawalpemilu.org#5863,"RANTAU PAUH, RANTAU, ACEH TAMIANG, ACEH",8,19,166,185
https://kawalpemilu.org#5863,"RANTAU PAUH, RANTAU, ACEH TAMIANG, ACEH",9,49,180,229
https://kawalpemilu.org#5863,"RANTAU PAUH, RANTAU, ACEH TAMIANG, ACEH",10,7,72,79
https://kawalpemilu.org#5863,"RANTAU PAUH, RANTAU, ACEH TAMIANG, ACEH",11,14,102,116
https://kawalpemilu.org#5863,"RANTAU PAUH, RANTAU, ACEH TAMIANG, ACEH",12,24,128,152
https://kawalpemilu.org#5863,"RANTAU PAUH, RANTAU, ACEH TAMIANG, ACEH",13,14,192,206
https://kawalpemilu.org#5863,"RANTAU PAUH, RANTAU, ACEH TAMIANG, ACEH",14,30,99,129
https://kawalpemilu.org#5863,"RANTAU PAUH, RANTAU, ACEH TAMIANG, ACEH",15,9,110,119
https://kawalpemilu.org#5863,"RANTAU PAUH, RANTAU, ACEH TAMIANG, ACEH",16,14,92,106
https://kawalpemilu.org#5863,"RANTAU PAUH, RANTAU, ACEH TAMIANG, ACEH",17,24,134,158
https://kawalpemilu.org#5863,"RANTAU PAUH, RANTAU, ACEH TAMIANG, ACEH",18,14,95,109
https://kawalpemilu.org#5863,"RANTAU PAUH, RANTAU, ACEH TAMIANG, ACEH",19,16,112,128
https://kawalpemilu.org#5863,"RANTAU PAUH, RANTAU, ACEH TAMIANG, ACEH",20,7,104,111
https://kawalpemilu.org#5864,"ALUR CUCUR, RANTAU, ACEH TAMIANG, ACEH",1,37,172,172
https://kawalpemilu.org#5864,"ALUR CUCUR, RANTAU, ACEH TAMIANG, ACEH",2,31,189,220
https://kawalpemilu.org#5864,"ALUR CUCUR, RANTAU, ACEH TAMIANG, ACEH",4,13,209,222
https://kawalpemilu.org#5864,"ALUR CUCUR, RANTAU, ACEH TAMIANG, ACEH",5,24,218,242
https://kawalpemilu.org#5864,"ALUR CUCUR, RANTAU, ACEH TAMIANG, ACEH",6,38,168,206
https://kawalpemilu.org#5864,"ALUR CUCUR, RANTAU, ACEH TAMIANG, ACEH",7,21,103,124
https://kawalpemilu.org#5864,"ALUR CUCUR, RANTAU, ACEH TAMIANG, ACEH",9,15,111,126
https://kawalpemilu.org#5864,"ALUR CUCUR, RANTAU, ACEH TAMIANG, ACEH",10,5,72,77
https://kawalpemilu.org#5864,"ALUR CUCUR, RANTAU, ACEH TAMIANG, ACEH",11,12,99,111
https://kawalpemilu.org#5864,"ALUR CUCUR, RANTAU, ACEH TAMIANG, ACEH",12,24,104,128
https://kawalpemilu.org#5865,"PERTAMINA, RANTAU, ACEH TAMIANG, ACEH",1,23,183,206
https://kawalpemilu.org#5865,"PERTAMINA, RANTAU, ACEH TAMIANG, ACEH",2,23,198,221
https://kawalpemilu.org#5865,"PERTAMINA, RANTAU, ACEH TAMIANG, ACEH",3,31,208,239
https://kawalpemilu.org#5866,"KEBUN RANTAU, RANTAU, ACEH TAMIANG, ACEH",1,25,110,135
https://kawalpemilu.org#5866,"KEBUN RANTAU, RANTAU, ACEH TAMIANG, ACEH",2,37,159,196
https://kawalpemilu.org#5866,"KEBUN RANTAU, RANTAU, ACEH TAMIANG, ACEH",3,31,93,124
https://kawalpemilu.org#5867,"ALUR MANIS, RANTAU, ACEH TAMIANG, ACEH",1,26,121,147
https://kawalpemilu.org#5867,"ALUR MANIS, RANTAU, ACEH TAMIANG, ACEH",2,26,141,167
https://kawalpemilu.org#5867,"ALUR MANIS, RANTAU, ACEH TAMIANG, ACEH",3,23,124,147
https://kawalpemilu.org#5867,"ALUR MANIS, RANTAU, ACEH TAMIANG, ACEH",4,24,123,147
https://kawalpemilu.org#5867,"ALUR MANIS, RANTAU, ACEH TAMIANG, ACEH",5,17,120,137
https://kawalpemilu.org#5867,"ALUR MANIS, RANTAU, ACEH TAMIANG, ACEH",6,28,175,203
https://kawalpemilu.org#5867,"ALUR MANIS, RANTAU, ACEH TAMIANG, ACEH",7,11,124,135
https://kawalpemilu.org#5867,"ALUR MANIS, RANTAU, ACEH TAMIANG, ACEH",8,8,126,134
https://kawalpemilu.org#5868,"JAMUR JELATANG, RANTAU, ACEH TAMIANG, ACEH",1,28,183,211
https://kawalpemilu.org#5868,"JAMUR JELATANG, RANTAU, ACEH TAMIANG, ACEH",2,18,154,172
https://kawalpemilu.org#5868,"JAMUR JELATANG, RANTAU, ACEH TAMIANG, ACEH",4,15,138,153
https://kawalpemilu.org#5869,"SUKA RAKYAT, RANTAU, ACEH TAMIANG, ACEH",1,23,155,178
https://kawalpemilu.org#5869,"SUKA RAKYAT, RANTAU, ACEH TAMIANG, ACEH",3,16,144,160
https://kawalpemilu.org#5869,"SUKA RAKYAT, RANTAU, ACEH TAMIANG, ACEH",4,6,108,114
https://kawalpemilu.org#5869,"SUKA RAKYAT, RANTAU, ACEH TAMIANG, ACEH",5,19,158,177
https://kawalpemilu.org#5870,"JAMUR LABU, RANTAU, ACEH TAMIANG, ACEH",1,8,146,154
https://kawalpemilu.org#5870,"JAMUR LABU, RANTAU, ACEH TAMIANG, ACEH",2,5,254,259
https://kawalpemilu.org#5870,"JAMUR LABU, RANTAU, ACEH TAMIANG, ACEH",3,10,130,140
https://kawalpemilu.org#5871,"SUKA MULIA, RANTAU, ACEH TAMIANG, ACEH",1,11,224,235
https://kawalpemilu.org#5871,"SUKA MULIA, RANTAU, ACEH TAMIANG, ACEH",2,11,187,198
https://kawalpemilu.org#5871,"SUKA MULIA, RANTAU, ACEH TAMIANG, ACEH",3,17,155,172
https://kawalpemilu.org#5871,"SUKA MULIA, RANTAU, ACEH TAMIANG, ACEH",4,11,165,176
https://kawalpemilu.org#5871,"SUKA MULIA, RANTAU, ACEH TAMIANG, ACEH",5,9,184,193
https://kawalpemilu.org#5871,"SUKA MULIA, RANTAU, ACEH TAMIANG, ACEH",6,14,150,164
https://kawalpemilu.org#5871,"SUKA MULIA, RANTAU, ACEH TAMIANG, ACEH",7,17,160,177
https://kawalpemilu.org#5871,"SUKA MULIA, RANTAU, ACEH TAMIANG, ACEH",8,9,157,166
https://kawalpemilu.org#5873,"PAYA RAHAT, BANDA MULIA, ACEH TAMIANG, ACEH",1,24,130,154
https://kawalpemilu.org#5873,"PAYA RAHAT, BANDA MULIA, ACEH TAMIANG, ACEH",2,38,168,206
https://kawalpemilu.org#5873,"PAYA RAHAT, BANDA MULIA, ACEH TAMIANG, ACEH",3,42,158,200
https://kawalpemilu.org#5873,"PAYA RAHAT, BANDA MULIA, ACEH TAMIANG, ACEH",4,20,121,141
https://kawalpemilu.org#5873,"PAYA RAHAT, BANDA MULIA, ACEH TAMIANG, ACEH",5,16,108,124
https://kawalpemilu.org#5874,"ALUR NUNANG, BANDA MULIA, ACEH TAMIANG, ACEH",1,13,109,122
https://kawalpemilu.org#5874,"ALUR NUNANG, BANDA MULIA, ACEH TAMIANG, ACEH",2,23,109,132
https://kawalpemilu.org#5874,"ALUR NUNANG, BANDA MULIA, ACEH TAMIANG, ACEH",3,24,149,173
https://kawalpemilu.org#5874,"ALUR NUNANG, BANDA MULIA, ACEH TAMIANG, ACEH",4,13,114,127
https://kawalpemilu.org#5874,"ALUR NUNANG, BANDA MULIA, ACEH TAMIANG, ACEH",5,10,118,128
https://kawalpemilu.org#5876,"MATANG SEPING, BANDA MULIA, ACEH TAMIANG, ACEH",1,20,195,215
https://kawalpemilu.org#5876,"MATANG SEPING, BANDA MULIA, ACEH TAMIANG, ACEH",2,13,182,195
https://kawalpemilu.org#5876,"MATANG SEPING, BANDA MULIA, ACEH TAMIANG, ACEH",3,30,170,200
https://kawalpemilu.org#5876,"MATANG SEPING, BANDA MULIA, ACEH TAMIANG, ACEH",4,14,175,189
https://kawalpemilu.org#5878,"TELAGA MEUKU SA, BANDA MULIA, ACEH TAMIANG, ACEH",1,4,131,135
https://kawalpemilu.org#5878,"TELAGA MEUKU SA, BANDA MULIA, ACEH TAMIANG, ACEH",2,15,186,201
https://kawalpemilu.org#5878,"TELAGA MEUKU SA, BANDA MULIA, ACEH TAMIANG, ACEH",3,6,137,143
https://kawalpemilu.org#5879,"TELAGA MEUKU DUA, BANDA MULIA, ACEH TAMIANG, ACEH",1,27,150,177
https://kawalpemilu.org#5879,"TELAGA MEUKU DUA, BANDA MULIA, ACEH TAMIANG, ACEH",2,22,190,212
https://kawalpemilu.org#5879,"TELAGA MEUKU DUA, BANDA MULIA, ACEH TAMIANG, ACEH",3,21,153,174
https://kawalpemilu.org#5879,"TELAGA MEUKU DUA, BANDA MULIA, ACEH TAMIANG, ACEH",4,19,177,196
https://kawalpemilu.org#5879,"TELAGA MEUKU DUA, BANDA MULIA, ACEH TAMIANG, ACEH",5,16,158,174
https://kawalpemilu.org#5881,"SUKA JADI, BANDA MULIA, ACEH TAMIANG, ACEH",1,35,159,194
https://kawalpemilu.org#5881,"SUKA JADI, BANDA MULIA, ACEH TAMIANG, ACEH",2,30,143,173
https://kawalpemilu.org#5881,"SUKA JADI, BANDA MULIA, ACEH TAMIANG, ACEH",3,22,153,175
https://kawalpemilu.org#5881,"SUKA JADI, BANDA MULIA, ACEH TAMIANG, ACEH",4,29,200,229
https://kawalpemilu.org#5882,"SUKA DAMAI, BANDA MULIA, ACEH TAMIANG, ACEH",1,16,204,220
https://kawalpemilu.org#5882,"SUKA DAMAI, BANDA MULIA, ACEH TAMIANG, ACEH",2,29,147,176
https://kawalpemilu.org#84188,"TANJUNG KEURAMAT, BANDA MULIA, ACEH TAMIANG, ACEH",1,4,111,115
https://kawalpemilu.org#84188,"TANJUNG KEURAMAT, BANDA MULIA, ACEH TAMIANG, ACEH",2,14,130,144
https://kawalpemilu.org#84188,"TANJUNG KEURAMAT, BANDA MULIA, ACEH TAMIANG, ACEH",3,23,117,140
https://kawalpemilu.org#84188,"TANJUNG KEURAMAT, BANDA MULIA, ACEH TAMIANG, ACEH",4,12,114,126
https://kawalpemilu.org#87911,"KAMPUNG BESAR, BANDA MULIA, ACEH TAMIANG, ACEH",1,9,220,229
https://kawalpemilu.org#87911,"KAMPUNG BESAR, BANDA MULIA, ACEH TAMIANG, ACEH",2,20,212,232
https://kawalpemilu.org#87912,"SUKA MULIA UPAH, BANDA MULIA, ACEH TAMIANG, ACEH",1,33,163,196
https://kawalpemilu.org#87912,"SUKA MULIA UPAH, BANDA MULIA, ACEH TAMIANG, ACEH",2,25,153,178
https://kawalpemilu.org#87912,"SUKA MULIA UPAH, BANDA MULIA, ACEH TAMIANG, ACEH",3,33,140,173
https://kawalpemilu.org#87912,"SUKA MULIA UPAH, BANDA MULIA, ACEH TAMIANG, ACEH",4,13,143,156
https://kawalpemilu.org#87912,"SUKA MULIA UPAH, BANDA MULIA, ACEH TAMIANG, ACEH",5,18,135,153
https://kawalpemilu.org#5885,"BLANG KANDIS, BANDAR PUSAKA, ACEH TAMIANG, ACEH",1,0,0,132
https://kawalpemilu.org#5885,"BLANG KANDIS, BANDAR PUSAKA, ACEH TAMIANG, ACEH",2,20,111,131
https://kawalpemilu.org#5885,"BLANG KANDIS, BANDAR PUSAKA, ACEH TAMIANG, ACEH",3,22,176,198
https://kawalpemilu.org#5885,"BLANG KANDIS, BANDAR PUSAKA, ACEH TAMIANG, ACEH",4,22,177,199
https://kawalpemilu.org#5885,"BLANG KANDIS, BANDAR PUSAKA, ACEH TAMIANG, ACEH",5,27,123,150
https://kawalpemilu.org#5885,"BLANG KANDIS, BANDAR PUSAKA, ACEH TAMIANG, ACEH",6,23,106,129
https://kawalpemilu.org#5886,"ARAS SEMBILAN, BANDAR PUSAKA, ACEH TAMIANG, ACEH",1,32,129,161
https://kawalpemilu.org#5888,"ALUR JAMBU, BANDAR PUSAKA, ACEH TAMIANG, ACEH",1,18,173,191
https://kawalpemilu.org#5889,"BATANG ARA, BANDAR PUSAKA, ACEH TAMIANG, ACEH",1,10,114,124
https://kawalpemilu.org#5889,"BATANG ARA, BANDAR PUSAKA, ACEH TAMIANG, ACEH",2,6,108,114
https://kawalpemilu.org#5890,"PERUPUK, BANDAR PUSAKA, ACEH TAMIANG, ACEH",1,18,140,158
https://kawalpemilu.org#5890,"PERUPUK, BANDAR PUSAKA, ACEH TAMIANG, ACEH",2,11,131,142
https://kawalpemilu.org#5891,"SERBA, BANDAR PUSAKA, ACEH TAMIANG, ACEH",1,25,139,164
https://kawalpemilu.org#5891,"SERBA, BANDAR PUSAKA, ACEH TAMIANG, ACEH",2,16,128,144
https://kawalpemilu.org#5892,"SUNTING, BANDAR PUSAKA, ACEH TAMIANG, ACEH",1,14,191,205
https://kawalpemilu.org#5892,"SUNTING, BANDAR PUSAKA, ACEH TAMIANG, ACEH",2,9,185,194
https://kawalpemilu.org#5893,"RANTAU BINTANG, BANDAR PUSAKA, ACEH TAMIANG, ACEH",1,9,173,182
https://kawalpemilu.org#5893,"RANTAU BINTANG, BANDAR PUSAKA, ACEH TAMIANG, ACEH",2,17,157,174
https://kawalpemilu.org#5893,"RANTAU BINTANG, BANDAR PUSAKA, ACEH TAMIANG, ACEH",3,11,149,160
https://kawalpemilu.org#5894,"BABO, BANDAR PUSAKA, ACEH TAMIANG, ACEH",1,38,154,192
https://kawalpemilu.org#5894,"BABO, BANDAR PUSAKA, ACEH TAMIANG, ACEH",2,33,134,167
https://kawalpemilu.org#5894,"BABO, BANDAR PUSAKA, ACEH TAMIANG, ACEH",3,30,152,182
https://kawalpemilu.org#5894,"BABO, BANDAR PUSAKA, ACEH TAMIANG, ACEH",4,20,169,189
https://kawalpemilu.org#5894,"BABO, BANDAR PUSAKA, ACEH TAMIANG, ACEH",5,48,155,203
https://kawalpemilu.org#5894,"BABO, BANDAR PUSAKA, ACEH TAMIANG, ACEH",6,25,144,169
https://kawalpemilu.org#5894,"BABO, BANDAR PUSAKA, ACEH TAMIANG, ACEH",7,16,130,146
https://kawalpemilu.org#5894,"BABO, BANDAR PUSAKA, ACEH TAMIANG, ACEH",8,30,164,194
https://kawalpemilu.org#5895,"PANTAI CEMPA, BANDAR PUSAKA, ACEH TAMIANG, ACEH",1,64,158,222
https://kawalpemilu.org#5895,"PANTAI CEMPA, BANDAR PUSAKA, ACEH TAMIANG, ACEH",2,65,150,215
https://kawalpemilu.org#5895,"PANTAI CEMPA, BANDAR PUSAKA, ACEH TAMIANG, ACEH",3,66,137,203
https://kawalpemilu.org#5896,"PENGIDAM, BANDAR PUSAKA, ACEH TAMIANG, ACEH",1,102,144,246
https://kawalpemilu.org#5896,"PENGIDAM, BANDAR PUSAKA, ACEH TAMIANG, ACEH",2,59,170,229
https://kawalpemilu.org#5897,"BENGKELANG, BANDAR PUSAKA, ACEH TAMIANG, ACEH",1,103,114,217
https://kawalpemilu.org#5897,"BENGKELANG, BANDAR PUSAKA, ACEH TAMIANG, ACEH",2,83,108,191
https://kawalpemilu.org#5898,"BATU BEDULANG, BANDAR PUSAKA, ACEH TAMIANG, ACEH",1,89,95,184
https://kawalpemilu.org#5898,"BATU BEDULANG, BANDAR PUSAKA, ACEH TAMIANG, ACEH",2,57,92,149
https://kawalpemilu.org#84189,"JAMBO RAMBONG, BANDAR PUSAKA, ACEH TAMIANG, ACEH",1,11,150,161
https://kawalpemilu.org#84189,"JAMBO RAMBONG, BANDAR PUSAKA, ACEH TAMIANG, ACEH",2,16,214,230
https://kawalpemilu.org#84189,"JAMBO RAMBONG, BANDAR PUSAKA, ACEH TAMIANG, ACEH",3,24,144,168
https://kawalpemilu.org#84189,"JAMBO RAMBONG, BANDAR PUSAKA, ACEH TAMIANG, ACEH",4,11,147,158
https://kawalpemilu.org#84190,"PERKEBUNAN ALUR JAMBU, BANDAR PUSAKA, ACEH TAMIANG, ACEH",1,7,27,34
https://kawalpemilu.org#5900,"SELAMAT, TENGGULUN, ACEH TAMIANG, ACEH",2,22,105,127
https://kawalpemilu.org#5900,"SELAMAT, TENGGULUN, ACEH TAMIANG, ACEH",3,48,171,219
https://kawalpemilu.org#5900,"SELAMAT, TENGGULUN, ACEH TAMIANG, ACEH",4,41,119,160
https://kawalpemilu.org#5900,"SELAMAT, TENGGULUN, ACEH TAMIANG, ACEH",5,43,155,198
https://kawalpemilu.org#5900,"SELAMAT, TENGGULUN, ACEH TAMIANG, ACEH",6,124,113,237
https://kawalpemilu.org#5900,"SELAMAT, TENGGULUN, ACEH TAMIANG, ACEH",7,38,144,182
https://kawalpemilu.org#5900,"SELAMAT, TENGGULUN, ACEH TAMIANG, ACEH",11,59,150,209
https://kawalpemilu.org#5900,"SELAMAT, TENGGULUN, ACEH TAMIANG, ACEH",12,25,124,149
https://kawalpemilu.org#5900,"SELAMAT, TENGGULUN, ACEH TAMIANG, ACEH",13,55,112,167
https://kawalpemilu.org#5900,"SELAMAT, TENGGULUN, ACEH TAMIANG, ACEH",14,20,118,138
https://kawalpemilu.org#5900,"SELAMAT, TENGGULUN, ACEH TAMIANG, ACEH",15,51,113,164
https://kawalpemilu.org#5901,"TENGGULUN, TENGGULUN, ACEH TAMIANG, ACEH",1,85,132,217
https://kawalpemilu.org#5901,"TENGGULUN, TENGGULUN, ACEH TAMIANG, ACEH",2,37,133,170
https://kawalpemilu.org#5901,"TENGGULUN, TENGGULUN, ACEH TAMIANG, ACEH",3,59,130,189
https://kawalpemilu.org#5901,"TENGGULUN, TENGGULUN, ACEH TAMIANG, ACEH",4,63,133,196
https://kawalpemilu.org#5901,"TENGGULUN, TENGGULUN, ACEH TAMIANG, ACEH",5,39,95,134
https://kawalpemilu.org#5901,"TENGGULUN, TENGGULUN, ACEH TAMIANG, ACEH",6,56,120,176
https://kawalpemilu.org#5901,"TENGGULUN, TENGGULUN, ACEH TAMIANG, ACEH",7,44,132,176
https://kawalpemilu.org#5901,"TENGGULUN, TENGGULUN, ACEH TAMIANG, ACEH",9,40,145,185
https://kawalpemilu.org#5901,"TENGGULUN, TENGGULUN, ACEH TAMIANG, ACEH",10,55,111,166
https://kawalpemilu.org#5901,"TENGGULUN, TENGGULUN, ACEH TAMIANG, ACEH",11,48,76,124
https://kawalpemilu.org#5901,"TENGGULUN, TENGGULUN, ACEH TAMIANG, ACEH",12,92,34,126
https://kawalpemilu.org#5901,"TENGGULUN, TENGGULUN, ACEH TAMIANG, ACEH",13,32,88,120
https://kawalpemilu.org#5901,"TENGGULUN, TENGGULUN, ACEH TAMIANG, ACEH",14,75,55,130
https://kawalpemilu.org#5901,"TENGGULUN, TENGGULUN, ACEH TAMIANG, ACEH",15,48,110,158
https://kawalpemilu.org#5901,"TENGGULUN, TENGGULUN, ACEH TAMIANG, ACEH",16,33,146,179
https://kawalpemilu.org#5901,"TENGGULUN, TENGGULUN, ACEH TAMIANG, ACEH",17,38,57,95
https://kawalpemilu.org#5901,"TENGGULUN, TENGGULUN, ACEH TAMIANG, ACEH",18,73,85,158
https://kawalpemilu.org#5901,"TENGGULUN, TENGGULUN, ACEH TAMIANG, ACEH",19,31,164,195
https://kawalpemilu.org#5901,"TENGGULUN, TENGGULUN, ACEH TAMIANG, ACEH",20,51,70,121
https://kawalpemilu.org#5901,"TENGGULUN, TENGGULUN, ACEH TAMIANG, ACEH",21,26,129,155
https://kawalpemilu.org#5901,"TENGGULUN, TENGGULUN, ACEH TAMIANG, ACEH",22,88,27,115
https://kawalpemilu.org#5901,"TENGGULUN, TENGGULUN, ACEH TAMIANG, ACEH",23,54,71,125
https://kawalpemilu.org#5901,"TENGGULUN, TENGGULUN, ACEH TAMIANG, ACEH",24,21,82,103
https://kawalpemilu.org#5901,"TENGGULUN, TENGGULUN, ACEH TAMIANG, ACEH",25,38,101,139
https://kawalpemilu.org#5901,"TENGGULUN, TENGGULUN, ACEH TAMIANG, ACEH",26,32,89,121
https://kawalpemilu.org#5902,"RIMBA SAWANG, TENGGULUN, ACEH TAMIANG, ACEH",1,40,163,203
https://kawalpemilu.org#5902,"RIMBA SAWANG, TENGGULUN, ACEH TAMIANG, ACEH",2,12,160,172
https://kawalpemilu.org#5902,"RIMBA SAWANG, TENGGULUN, ACEH TAMIANG, ACEH",3,31,98,129
https://kawalpemilu.org#5902,"RIMBA SAWANG, TENGGULUN, ACEH TAMIANG, ACEH",4,6,137,143
https://kawalpemilu.org#5902,"RIMBA SAWANG, TENGGULUN, ACEH TAMIANG, ACEH",5,20,105,125
https://kawalpemilu.org#5903,"SIMPANG KIRI, TENGGULUN, ACEH TAMIANG, ACEH",1,20,139,159
https://kawalpemilu.org#5903,"SIMPANG KIRI, TENGGULUN, ACEH TAMIANG, ACEH",2,25,107,132
https://kawalpemilu.org#5903,"SIMPANG KIRI, TENGGULUN, ACEH TAMIANG, ACEH",3,50,136,186
https://kawalpemilu.org#5903,"SIMPANG KIRI, TENGGULUN, ACEH TAMIANG, ACEH",4,37,97,134
https://kawalpemilu.org#5903,"SIMPANG KIRI, TENGGULUN, ACEH TAMIANG, ACEH",6,40,102,142
https://kawalpemilu.org#5903,"SIMPANG KIRI, TENGGULUN, ACEH TAMIANG, ACEH",7,40,95,135
https://kawalpemilu.org#5904,"TEBING TINGGI, TENGGULUN, ACEH TAMIANG, ACEH",1,50,161,211
https://kawalpemilu.org#5904,"TEBING TINGGI, TENGGULUN, ACEH TAMIANG, ACEH",2,10,172,182
https://kawalpemilu.org#5904,"TEBING TINGGI, TENGGULUN, ACEH TAMIANG, ACEH",3,55,127,182
https://kawalpemilu.org#5906,"PANTAI TINJAU, SEKERAK, ACEH TAMIANG, ACEH",1,7,243,250
https://kawalpemilu.org#5906,"PANTAI TINJAU, SEKERAK, ACEH TAMIANG, ACEH",2,14,166,180
https://kawalpemilu.org#5907,"PANTAI PERLAK, SEKERAK, ACEH TAMIANG, ACEH",1,39,162,201
https://kawalpemilu.org#5908,"SEKERAK KIRI, SEKERAK, ACEH TAMIANG, ACEH",1,15,181,196
https://kawalpemilu.org#5910,"KEBON  BATANG ARA, SEKERAK, ACEH TAMIANG, ACEH",1,33,142,175
https://kawalpemilu.org#5911,"SEKERAK KANAN, SEKERAK, ACEH TAMIANG, ACEH",1,6,129,135
https://kawalpemilu.org#5911,"SEKERAK KANAN, SEKERAK, ACEH TAMIANG, ACEH",2,9,153,162
https://kawalpemilu.org#5911,"SEKERAK KANAN, SEKERAK, ACEH TAMIANG, ACEH",3,9,122,131
https://kawalpemilu.org#5912,"LUBUK SIDUP, SEKERAK, ACEH TAMIANG, ACEH",1,17,221,238
https://kawalpemilu.org#5914,"SEKUMUR, SEKERAK, ACEH TAMIANG, ACEH",1,15,235,250
https://kawalpemilu.org#5914,"SEKUMUR, SEKERAK, ACEH TAMIANG, ACEH",2,6,236,242
https://kawalpemilu.org#5915,"PEMATANG DURIAN, SEKERAK, ACEH TAMIANG, ACEH",1,9,161,170
https://kawalpemilu.org#5916,"JUAR, SEKERAK, ACEH TAMIANG, ACEH",1,32,106,138
https://kawalpemilu.org#5917,"SULUM, SEKERAK, ACEH TAMIANG, ACEH",1,32,154,186
https://kawalpemilu.org#5917,"SULUM, SEKERAK, ACEH TAMIANG, ACEH",2,32,133,165
https://kawalpemilu.org#5918,"SUKA MAKMUR, SEKERAK, ACEH TAMIANG, ACEH",1,7,150,157
https://kawalpemilu.org#5919,"BALING KARANG, SEKERAK, ACEH TAMIANG, ACEH",1,12,126,138
https://kawalpemilu.org#84191,"BANDAR MAHLIGAI, SEKERAK, ACEH TAMIANG, ACEH",1,6,147,153
https://kawalpemilu.org#84191,"BANDAR MAHLIGAI, SEKERAK, ACEH TAMIANG, ACEH",2,16,156,172
https://kawalpemilu.org#84191,"BANDAR MAHLIGAI, SEKERAK, ACEH TAMIANG, ACEH",3,11,132,143
https://kawalpemilu.org#84192,"TANJUNG GELUMPANG, SEKERAK, ACEH TAMIANG, ACEH",1,41,128,169
https://kawalpemilu.org#84192,"TANJUNG GELUMPANG, SEKERAK, ACEH TAMIANG, ACEH",2,53,104,157
https://kawalpemilu.org#5922,"BANDAR LAMPAHAN, TIMANG GAJAH, BENER MERIAH, ACEH",1,90,105,195
https://kawalpemilu.org#5922,"BANDAR LAMPAHAN, TIMANG GAJAH, BENER MERIAH, ACEH",2,112,128,240
https://kawalpemilu.org#5923,"KARANG JADI, TIMANG GAJAH, BENER MERIAH, ACEH",1,92,89,181
https://kawalpemilu.org#5923,"KARANG JADI, TIMANG GAJAH, BENER MERIAH, ACEH",2,74,104,178
https://kawalpemilu.org#5924,"LAMPAHAN, TIMANG GAJAH, BENER MERIAH, ACEH",1,51,154,205
https://kawalpemilu.org#5924,"LAMPAHAN, TIMANG GAJAH, BENER MERIAH, ACEH",2,55,125,180
https://kawalpemilu.org#5924,"LAMPAHAN, TIMANG GAJAH, BENER MERIAH, ACEH",3,42,149,191
https://kawalpemilu.org#5924,"LAMPAHAN, TIMANG GAJAH, BENER MERIAH, ACEH",4,33,139,172
https://kawalpemilu.org#5925,"SUKA DAMAI, TIMANG GAJAH, BENER MERIAH, ACEH",1,106,160,266
https://kawalpemilu.org#5925,"SUKA DAMAI, TIMANG GAJAH, BENER MERIAH, ACEH",2,89,160,249
https://kawalpemilu.org#5926,"BLANG RONGKA, TIMANG GAJAH, BENER MERIAH, ACEH",1,59,124,183
https://kawalpemilu.org#5926,"BLANG RONGKA, TIMANG GAJAH, BENER MERIAH, ACEH",2,45,144,189
https://kawalpemilu.org#5926,"BLANG RONGKA, TIMANG GAJAH, BENER MERIAH, ACEH",3,48,137,185
https://kawalpemilu.org#5926,"BLANG RONGKA, TIMANG GAJAH, BENER MERIAH, ACEH",4,62,141,203
https://kawalpemilu.org#5927,"TUNYANG, TIMANG GAJAH, BENER MERIAH, ACEH",1,46,139,185
https://kawalpemilu.org#5927,"TUNYANG, TIMANG GAJAH, BENER MERIAH, ACEH",2,52,104,156
https://kawalpemilu.org#5928,"SETIE, TIMANG GAJAH, BENER MERIAH, ACEH",1,32,98,130
https://kawalpemilu.org#5928,"SETIE, TIMANG GAJAH, BENER MERIAH, ACEH",2,36,90,126
https://kawalpemilu.org#5929,"SIMPANG LAYANG, TIMANG GAJAH, BENER MERIAH, ACEH",1,65,127,192
https://kawalpemilu.org#5929,"SIMPANG LAYANG, TIMANG GAJAH, BENER MERIAH, ACEH",2,54,116,170
https://kawalpemilu.org#5930,"GEGUR SEPAKAT, TIMANG GAJAH, BENER MERIAH, ACEH",1,129,116,245
https://kawalpemilu.org#5931,"CEKAL BARU, TIMANG GAJAH, BENER MERIAH, ACEH",1,93,114,207
https://kawalpemilu.org#5931,"CEKAL BARU, TIMANG GAJAH, BENER MERIAH, ACEH",2,78,132,210
https://kawalpemilu.org#5931,"CEKAL BARU, TIMANG GAJAH, BENER MERIAH, ACEH",3,92,116,208
https://kawalpemilu.org#5931,"CEKAL BARU, TIMANG GAJAH, BENER MERIAH, ACEH",4,94,120,214
https://kawalpemilu.org#5932,"KENINE, TIMANG GAJAH, BENER MERIAH, ACEH",1,69,77,146
https://kawalpemilu.org#5932,"KENINE, TIMANG GAJAH, BENER MERIAH, ACEH",2,70,69,139
https://kawalpemilu.org#5933,"REMBUNE, TIMANG GAJAH, BENER MERIAH, ACEH",1,84,107,191
https://kawalpemilu.org#5934,"DAMARAN BARU, TIMANG GAJAH, BENER MERIAH, ACEH",1,92,127,219
https://kawalpemilu.org#5934,"DAMARAN BARU, TIMANG GAJAH, BENER MERIAH, ACEH",2,97,141,238
https://kawalpemilu.org#5935,"FAJAR HARAPAN, TIMANG GAJAH, BENER MERIAH, ACEH",2,117,47,164
https://kawalpemilu.org#5936,"MUDE BENARA, TIMANG GAJAH, BENER MERIAH, ACEH",1,53,162,215
https://kawalpemilu.org#5937,"KAMPUNG BARU, TIMANG GAJAH, BENER MERIAH, ACEH",1,96,72,168
https://kawalpemilu.org#5937,"KAMPUNG BARU, TIMANG GAJAH, BENER MERIAH, ACEH",2,71,93,164
https://kawalpemilu.org#5937,"KAMPUNG BARU, TIMANG GAJAH, BENER MERIAH, ACEH",3,57,79,136
https://kawalpemilu.org#5938,"PANTAN PEDIANGAN, TIMANG GAJAH, BENER MERIAH, ACEH",1,52,35,87
https://kawalpemilu.org#5939,"BUMI AYU, TIMANG GAJAH, BENER MERIAH, ACEH",1,90,119,209
https://kawalpemilu.org#5939,"BUMI AYU, TIMANG GAJAH, BENER MERIAH, ACEH",2,83,140,223
https://kawalpemilu.org#5939,"BUMI AYU, TIMANG GAJAH, BENER MERIAH, ACEH",3,71,134,205
https://kawalpemilu.org#5940,"KOLAM PARA KANIS, TIMANG GAJAH, BENER MERIAH, ACEH",1,95,68,163
https://kawalpemilu.org#5940,"KOLAM PARA KANIS, TIMANG GAJAH, BENER MERIAH, ACEH",2,73,88,161
https://kawalpemilu.org#5941,"MEKAR AYU, TIMANG GAJAH, BENER MERIAH, ACEH",1,65,175,240
https://kawalpemilu.org#5941,"MEKAR AYU, TIMANG GAJAH, BENER MERIAH, ACEH",2,64,164,228
https://kawalpemilu.org#5941,"MEKAR AYU, TIMANG GAJAH, BENER MERIAH, ACEH",3,49,161,210
https://kawalpemilu.org#5942,"LAMPAHAN BARAT, TIMANG GAJAH, BENER MERIAH, ACEH",1,49,92,141
https://kawalpemilu.org#5942,"LAMPAHAN BARAT, TIMANG GAJAH, BENER MERIAH, ACEH",2,74,109,183
https://kawalpemilu.org#5942,"LAMPAHAN BARAT, TIMANG GAJAH, BENER MERIAH, ACEH",3,45,122,167
https://kawalpemilu.org#5942,"LAMPAHAN BARAT, TIMANG GAJAH, BENER MERIAH, ACEH",4,64,107,171
https://kawalpemilu.org#5943,"LAMPAHAN TIMUR, TIMANG GAJAH, BENER MERIAH, ACEH",1,37,146,183
https://kawalpemilu.org#5943,"LAMPAHAN TIMUR, TIMANG GAJAH, BENER MERIAH, ACEH",2,32,113,145
https://kawalpemilu.org#5943,"LAMPAHAN TIMUR, TIMANG GAJAH, BENER MERIAH, ACEH",3,29,128,157
https://kawalpemilu.org#5944,"TIMANG RASA, TIMANG GAJAH, BENER MERIAH, ACEH",1,77,40,117
https://kawalpemilu.org#5945,"GUNUNG TUNYANG, TIMANG GAJAH, BENER MERIAH, ACEH",1,36,120,156
https://kawalpemilu.org#5945,"GUNUNG TUNYANG, TIMANG GAJAH, BENER MERIAH, ACEH",2,32,121,153
https://kawalpemilu.org#5946,"BUKIT TUNYANG, TIMANG GAJAH, BENER MERIAH, ACEH",1,83,85,168
https://kawalpemilu.org#5947,"LINUNG BALE, TIMANG GAJAH, BENER MERIAH, ACEH",1,53,120,173
https://kawalpemilu.org#5948,"DATU BERU TUNYANG, TIMANG GAJAH, BENER MERIAH, ACEH",1,61,96,157
https://kawalpemilu.org#5948,"DATU BERU TUNYANG, TIMANG GAJAH, BENER MERIAH, ACEH",2,37,72,109
https://kawalpemilu.org#5949,"PANTAN KEMUNING, TIMANG GAJAH, BENER MERIAH, ACEH",1,16,192,208
https://kawalpemilu.org#5949,"PANTAN KEMUNING, TIMANG GAJAH, BENER MERIAH, ACEH",2,13,168,181
https://kawalpemilu.org#5950,"SUMBER JAYA, TIMANG GAJAH, BENER MERIAH, ACEH",1,68,142,210
https://kawalpemilu.org#5950,"SUMBER JAYA, TIMANG GAJAH, BENER MERIAH, ACEH",2,64,138,202
https://kawalpemilu.org#5950,"SUMBER JAYA, TIMANG GAJAH, BENER MERIAH, ACEH",3,67,138,205
https://kawalpemilu.org#5950,"SUMBER JAYA, TIMANG GAJAH, BENER MERIAH, ACEH",4,61,148,209
https://kawalpemilu.org#5951,"BUKIT MULIE, TIMANG GAJAH, BENER MERIAH, ACEH",1,93,125,218
https://kawalpemilu.org#5951,"BUKIT MULIE, TIMANG GAJAH, BENER MERIAH, ACEH",2,99,106,205
https://kawalpemilu.org#5951,"BUKIT MULIE, TIMANG GAJAH, BENER MERIAH, ACEH",3,92,119,211
https://kawalpemilu.org#5953,"RIMBA RAYA, PINTU RIME GAYO, BENER MERIAH, ACEH",1,71,153,224
https://kawalpemilu.org#5953,"RIMBA RAYA, PINTU RIME GAYO, BENER MERIAH, ACEH",2,54,126,180
https://kawalpemilu.org#5953,"RIMBA RAYA, PINTU RIME GAYO, BENER MERIAH, ACEH",3,97,112,209
https://kawalpemilu.org#5953,"RIMBA RAYA, PINTU RIME GAYO, BENER MERIAH, ACEH",4,59,124,183
https://kawalpemilu.org#5954,"SINGGAH MULO, PINTU RIME GAYO, BENER MERIAH, ACEH",1,70,127,197
https://kawalpemilu.org#5954,"SINGGAH MULO, PINTU RIME GAYO, BENER MERIAH, ACEH",2,80,118,198
https://kawalpemilu.org#5954,"SINGGAH MULO, PINTU RIME GAYO, BENER MERIAH, ACEH",3,87,111,198
https://kawalpemilu.org#5955,"ARUL GADING, PINTU RIME GAYO, BENER MERIAH, ACEH",1,126,136,262
https://kawalpemilu.org#5955,"ARUL GADING, PINTU RIME GAYO, BENER MERIAH, ACEH",2,91,84,175
https://kawalpemilu.org#5955,"ARUL GADING, PINTU RIME GAYO, BENER MERIAH, ACEH",3,138,115,253
https://kawalpemilu.org#5956,"BLANG RAKAL, PINTU RIME GAYO, BENER MERIAH, ACEH",1,50,118,168
https://kawalpemilu.org#5956,"BLANG RAKAL, PINTU RIME GAYO, BENER MERIAH, ACEH",2,53,126,179
https://kawalpemilu.org#5956,"BLANG RAKAL, PINTU RIME GAYO, BENER MERIAH, ACEH",3,73,108,181
https://kawalpemilu.org#5956,"BLANG RAKAL, PINTU RIME GAYO, BENER MERIAH, ACEH",4,55,94,149
https://kawalpemilu.org#5957,"NEGERI ANTARA, PINTU RIME GAYO, BENER MERIAH, ACEH",1,66,106,172
https://kawalpemilu.org#5957,"NEGERI ANTARA, PINTU RIME GAYO, BENER MERIAH, ACEH",2,56,103,159
https://kawalpemilu.org#5957,"NEGERI ANTARA, PINTU RIME GAYO, BENER MERIAH, ACEH",3,74,91,165
https://kawalpemilu.org#5957,"NEGERI ANTARA, PINTU RIME GAYO, BENER MERIAH, ACEH",4,58,125,183
https://kawalpemilu.org#5958,"ALUR CINCIN, PINTU RIME GAYO, BENER MERIAH, ACEH",1,97,69,166
https://kawalpemilu.org#5958,"ALUR CINCIN, PINTU RIME GAYO, BENER MERIAH, ACEH",2,74,61,135
https://kawalpemilu.org#5959,"PANTAN SINAKU, PINTU RIME GAYO, BENER MERIAH, ACEH",1,85,89,174
https://kawalpemilu.org#5960,"BINTANG BERANGUN, PINTU RIME GAYO, BENER MERIAH, ACEH",1,56,82,138
https://kawalpemilu.org#5960,"BINTANG BERANGUN, PINTU RIME GAYO, BENER MERIAH, ACEH",2,60,75,135
https://kawalpemilu.org#5961,"TAMAN FIRDAUS, PINTU RIME GAYO, BENER MERIAH, ACEH",1,133,60,193
https://kawalpemilu.org#5962,"UNING MAS, PINTU RIME GAYO, BENER MERIAH, ACEH",1,70,22,92
https://kawalpemilu.org#5963,"PERDAMAIAN, PINTU RIME GAYO, BENER MERIAH, ACEH",1,92,128,220
https://kawalpemilu.org#5963,"PERDAMAIAN, PINTU RIME GAYO, BENER MERIAH, ACEH",2,103,111,214
https://kawalpemilu.org#5964,"ULU NARON, PINTU RIME GAYO, BENER MERIAH, ACEH",1,107,34,141
https://kawalpemilu.org#5965,"PANTANLAH, PINTU RIME GAYO, BENER MERIAH, ACEH",1,19,58,77
https://kawalpemilu.org#5966,"PANCAR JELOBOK, PINTU RIME GAYO, BENER MERIAH, ACEH",1,146,75,221
https://kawalpemilu.org#5966,"PANCAR JELOBOK, PINTU RIME GAYO, BENER MERIAH, ACEH",2,132,83,215
https://kawalpemilu.org#5967,"SIMPANG LANCANG, PINTU RIME GAYO, BENER MERIAH, ACEH",1,92,61,153
https://kawalpemilu.org#5967,"SIMPANG LANCANG, PINTU RIME GAYO, BENER MERIAH, ACEH",2,70,85,155
https://kawalpemilu.org#5968,"WIH PORAK, PINTU RIME GAYO, BENER MERIAH, ACEH",1,93,65,158
https://kawalpemilu.org#5968,"WIH PORAK, PINTU RIME GAYO, BENER MERIAH, ACEH",2,82,67,149
https://kawalpemilu.org#5969,"BENER MERIAH, PINTU RIME GAYO, BENER MERIAH, ACEH",1,126,74,200
https://kawalpemilu.org#5970,"MUSARA, PINTU RIME GAYO, BENER MERIAH, ACEH",1,124,63,187
https://kawalpemilu.org#5971,"MUSARA PAKAT, PINTU RIME GAYO, BENER MERIAH, ACEH",1,114,111,225
https://kawalpemilu.org#5972,"RATA ARA, PINTU RIME GAYO, BENER MERIAH, ACEH",1,116,111,227
https://kawalpemilu.org#5973,"GEMASIH, PINTU RIME GAYO, BENER MERIAH, ACEH",1,80,65,145
https://kawalpemilu.org#5973,"GEMASIH, PINTU RIME GAYO, BENER MERIAH, ACEH",2,72,53,125
https://kawalpemilu.org#5974,"PULO INTAN, PINTU RIME GAYO, BENER MERIAH, ACEH",1,99,84,183
https://kawalpemilu.org#5975,"BLANG ARA, PINTU RIME GAYO, BENER MERIAH, ACEH",1,103,79,182
https://kawalpemilu.org#5977,"BLANG TAMPU, BUKIT, BENER MERIAH, ACEH",1,75,122,197
https://kawalpemilu.org#5977,"BLANG TAMPU, BUKIT, BENER MERIAH, ACEH",2,57,140,197
https://kawalpemilu.org#5978,"UNING BERSAH, BUKIT, BENER MERIAH, ACEH",1,52,106,158
https://kawalpemilu.org#5978,"UNING BERSAH, BUKIT, BENER MERIAH, ACEH",2,52,111,163
https://kawalpemilu.org#5979,"UNING TERITIT, BUKIT, BENER MERIAH, ACEH",1,85,137,222
https://kawalpemilu.org#5979,"UNING TERITIT, BUKIT, BENER MERIAH, ACEH",2,97,133,230
https://kawalpemilu.org#5979,"UNING TERITIT, BUKIT, BENER MERIAH, ACEH",3,93,117,210
https://kawalpemilu.org#5980,"KUTE LINTANG, BUKIT, BENER MERIAH, ACEH",1,88,121,209
https://kawalpemilu.org#5980,"KUTE LINTANG, BUKIT, BENER MERIAH, ACEH",2,73,147,220
https://kawalpemilu.org#5981,"TINGKEM BERSATU, BUKIT, BENER MERIAH, ACEH",1,108,112,220
https://kawalpemilu.org#5981,"TINGKEM BERSATU, BUKIT, BENER MERIAH, ACEH",2,105,114,219
https://kawalpemilu.org#5981,"TINGKEM BERSATU, BUKIT, BENER MERIAH, ACEH",3,94,125,219
https://kawalpemilu.org#5982,"TINGKEM ASLI, BUKIT, BENER MERIAH, ACEH",1,107,130,237
https://kawalpemilu.org#5982,"TINGKEM ASLI, BUKIT, BENER MERIAH, ACEH",2,72,172,244
https://kawalpemilu.org#5983,"REJE GURU, BUKIT, BENER MERIAH, ACEH",1,62,157,219
https://kawalpemilu.org#5983,"REJE GURU, BUKIT, BENER MERIAH, ACEH",2,52,156,208
https://kawalpemilu.org#5983,"REJE GURU, BUKIT, BENER MERIAH, ACEH",3,49,167,216
https://kawalpemilu.org#5984,"BLANG SENTANG, BUKIT, BENER MERIAH, ACEH",1,115,107,222
https://kawalpemilu.org#5984,"BLANG SENTANG, BUKIT, BENER MERIAH, ACEH",2,81,119,200
https://kawalpemilu.org#5984,"BLANG SENTANG, BUKIT, BENER MERIAH, ACEH",3,78,115,193
https://kawalpemilu.org#5984,"BLANG SENTANG, BUKIT, BENER MERIAH, ACEH",4,63,123,186
https://kawalpemilu.org#5985,"PASAR SP TIGA, BUKIT, BENER MERIAH, ACEH",1,65,141,206
https://kawalpemilu.org#5985,"PASAR SP TIGA, BUKIT, BENER MERIAH, ACEH",2,49,158,207
https://kawalpemilu.org#5985,"PASAR SP TIGA, BUKIT, BENER MERIAH, ACEH",3,53,174,227
https://kawalpemilu.org#5986,"BALE REDELONG, BUKIT, BENER MERIAH, ACEH",1,131,90,221
https://kawalpemilu.org#5986,"BALE REDELONG, BUKIT, BENER MERIAH, ACEH",2,155,88,243
https://kawalpemilu.org#5986,"BALE REDELONG, BUKIT, BENER MERIAH, ACEH",3,135,96,231
https://kawalpemilu.org#5986,"BALE REDELONG, BUKIT, BENER MERIAH, ACEH",4,123,84,207
https://kawalpemilu.org#5987,"UJUNG GELE, BUKIT, BENER MERIAH, ACEH",1,97,67,164
https://kawalpemilu.org#5987,"UJUNG GELE, BUKIT, BENER MERIAH, ACEH",2,83,83,166
https://kawalpemilu.org#5988,"DELUNG TUE, BUKIT, BENER MERIAH, ACEH",1,119,84,203
https://kawalpemilu.org#5988,"DELUNG TUE, BUKIT, BENER MERIAH, ACEH",3,119,72,191
https://kawalpemilu.org#5989,"KENAWAT REDELONG, BUKIT, BENER MERIAH, ACEH",1,108,143,251
https://kawalpemilu.org#5989,"KENAWAT REDELONG, BUKIT, BENER MERIAH, ACEH",2,121,119,240
https://kawalpemilu.org#5990,"BLANG ARA, BUKIT, BENER MERIAH, ACEH",1,42,113,155
https://kawalpemilu.org#5991,"WAQ PONDOK SAYUR, BUKIT, BENER MERIAH, ACEH",1,95,120,215
https://kawalpemilu.org#5991,"WAQ PONDOK SAYUR, BUKIT, BENER MERIAH, ACEH",2,91,127,218
https://kawalpemilu.org#5992,"PANJI MULIA II, BUKIT, BENER MERIAH, ACEH",1,104,174,278
https://kawalpemilu.org#5993,"PANJI MULIA  I, BUKIT, BENER MERIAH, ACEH",1,174,89,263
https://kawalpemilu.org#5993,"PANJI MULIA  I, BUKIT, BENER MERIAH, ACEH",2,142,142,284
https://kawalpemilu.org#5993,"PANJI MULIA  I, BUKIT, BENER MERIAH, ACEH",3,151,106,257
https://kawalpemilu.org#5994,"ISAQ BUSUR, BUKIT, BENER MERIAH, ACEH",1,89,64,153
https://kawalpemilu.org#5995,"BUJANG, BUKIT, BENER MERIAH, ACEH",1,90,74,164
https://kawalpemilu.org#5995,"BUJANG, BUKIT, BENER MERIAH, ACEH",2,83,93,176
https://kawalpemilu.org#5996,"HAKIM TUNGUL NARU, BUKIT, BENER MERIAH, ACEH",1,54,110,164
https://kawalpemilu.org#5996,"HAKIM TUNGUL NARU, BUKIT, BENER MERIAH, ACEH",2,0,0,0
https://kawalpemilu.org#5997,"BALE ATU, BUKIT, BENER MERIAH, ACEH",1,76,140,216
https://kawalpemilu.org#5997,"BALE ATU, BUKIT, BENER MERIAH, ACEH",2,123,97,220
https://kawalpemilu.org#5997,"BALE ATU, BUKIT, BENER MERIAH, ACEH",3,72,135,207
https://kawalpemilu.org#5997,"BALE ATU, BUKIT, BENER MERIAH, ACEH",4,108,116,224
https://kawalpemilu.org#5998,"TINGKEM BENYER, BUKIT, BENER MERIAH, ACEH",1,86,150,236
https://kawalpemilu.org#5999,"BATIN WIH PONGAS, BUKIT, BENER MERIAH, ACEH",1,91,85,176
https://kawalpemilu.org#5999,"BATIN WIH PONGAS, BUKIT, BENER MERIAH, ACEH",2,92,84,176
https://kawalpemilu.org#6000,"SEDIE JADI, BUKIT, BENER MERIAH, ACEH",1,72,111,183
https://kawalpemilu.org#6000,"SEDIE JADI, BUKIT, BENER MERIAH, ACEH",2,57,104,161
https://kawalpemilu.org#6001,"REMBELE, BUKIT, BENER MERIAH, ACEH",1,103,111,214
https://kawalpemilu.org#6001,"REMBELE, BUKIT, BENER MERIAH, ACEH",2,107,118,225
https://kawalpemilu.org#6001,"REMBELE, BUKIT, BENER MERIAH, ACEH",3,104,128,232
https://kawalpemilu.org#6002,"SERULE KAYU, BUKIT, BENER MERIAH, ACEH",1,69,109,178
https://kawalpemilu.org#6003,"KUTE KERING, BUKIT, BENER MERIAH, ACEH",1,110,108,218
https://kawalpemilu.org#6004,"BLANG PANAS, BUKIT, BENER MERIAH, ACEH",1,89,81,170
https://kawalpemilu.org#6004,"BLANG PANAS, BUKIT, BENER MERIAH, ACEH",2,73,102,175
https://kawalpemilu.org#6005,"MUTIARA BARU, BUKIT, BENER MERIAH, ACEH",1,51,131,182
https://kawalpemilu.org#6006,"BUKIT BERSATU, BUKIT, BENER MERIAH, ACEH",1,50,108,158
https://kawalpemilu.org#6007,"KUTE TANYUNG, BUKIT, BENER MERIAH, ACEH",1,57,95,152
https://kawalpemilu.org#6007,"KUTE TANYUNG, BUKIT, BENER MERIAH, ACEH",2,64,89,153
https://kawalpemilu.org#6008,"MELUEM, BUKIT, BENER MERIAH, ACEH",1,70,51,121
https://kawalpemilu.org#6009,"MUPAKAT JADI, BUKIT, BENER MERIAH, ACEH",1,77,65,142
https://kawalpemilu.org#6009,"MUPAKAT JADI, BUKIT, BENER MERIAH, ACEH",2,85,86,171
https://kawalpemilu.org#6010,"URING, BUKIT, BENER MERIAH, ACEH",1,68,106,174
https://kawalpemilu.org#6011,"DELUNG ASLI, BUKIT, BENER MERIAH, ACEH",1,127,121,248
https://kawalpemilu.org#6011,"DELUNG ASLI, BUKIT, BENER MERIAH, ACEH",2,95,110,205
https://kawalpemilu.org#6012,"PILAR JAYA, BUKIT, BENER MERIAH, ACEH",1,65,83,148
https://kawalpemilu.org#6013,"BABUSSALAM, BUKIT, BENER MERIAH, ACEH",1,95,159,254
https://kawalpemilu.org#6014,"PAYA GAJAH, BUKIT, BENER MERIAH, ACEH",2,47,81,128
https://kawalpemilu.org#6015,"GODANG, BUKIT, BENER MERIAH, ACEH",1,62,100,162
https://kawalpemilu.org#931330,"KARANG REJO, BUKIT, BENER MERIAH, ACEH",1,75,145,220
https://kawalpemilu.org#931330,"KARANG REJO, BUKIT, BENER MERIAH, ACEH",2,112,98,210
https://kawalpemilu.org#931330,"KARANG REJO, BUKIT, BENER MERIAH, ACEH",3,96,109,205
https://kawalpemilu.org#931330,"KARANG REJO, BUKIT, BENER MERIAH, ACEH",4,75,102,177
https://kawalpemilu.org#6020,"SUKA RAME BAWAH, WIH PESAM, BENER MERIAH, ACEH",1,58,134,192
https://kawalpemilu.org#6020,"SUKA RAME BAWAH, WIH PESAM, BENER MERIAH, ACEH",2,59,139,198
https://kawalpemilu.org#6021,"SUKA JADI, WIH PESAM, BENER MERIAH, ACEH",1,53,106,159
https://kawalpemilu.org#6021,"SUKA JADI, WIH PESAM, BENER MERIAH, ACEH",2,43,103,146
https://kawalpemilu.org#6022,"PANTE RAYA, WIH PESAM, BENER MERIAH, ACEH",1,61,157,218
https://kawalpemilu.org#6022,"PANTE RAYA, WIH PESAM, BENER MERIAH, ACEH",2,50,142,192
https://kawalpemilu.org#6022,"PANTE RAYA, WIH PESAM, BENER MERIAH, ACEH",3,52,157,209
https://kawalpemilu.org#6022,"PANTE RAYA, WIH PESAM, BENER MERIAH, ACEH",4,37,174,211
https://kawalpemilu.org#6022,"PANTE RAYA, WIH PESAM, BENER MERIAH, ACEH",5,58,145,203
https://kawalpemilu.org#6022,"PANTE RAYA, WIH PESAM, BENER MERIAH, ACEH",6,51,151,202
https://kawalpemilu.org#6023,"SIMPANG BALIK, WIH PESAM, BENER MERIAH, ACEH",1,37,165,202
https://kawalpemilu.org#6023,"SIMPANG BALIK, WIH PESAM, BENER MERIAH, ACEH",2,45,175,220
https://kawalpemilu.org#6023,"SIMPANG BALIK, WIH PESAM, BENER MERIAH, ACEH",3,34,142,176
https://kawalpemilu.org#6023,"SIMPANG BALIK, WIH PESAM, BENER MERIAH, ACEH",4,53,183,236
https://kawalpemilu.org#6023,"SIMPANG BALIK, WIH PESAM, BENER MERIAH, ACEH",5,51,119,170
https://kawalpemilu.org#6023,"SIMPANG BALIK, WIH PESAM, BENER MERIAH, ACEH",6,42,143,185
https://kawalpemilu.org#6023,"SIMPANG BALIK, WIH PESAM, BENER MERIAH, ACEH",7,31,128,159
https://kawalpemilu.org#6024,"SYURA JADI, WIH PESAM, BENER MERIAH, ACEH",1,10,200,3
https://kawalpemilu.org#6024,"SYURA JADI, WIH PESAM, BENER MERIAH, ACEH",2,10,192,202
https://kawalpemilu.org#6024,"SYURA JADI, WIH PESAM, BENER MERIAH, ACEH",3,15,186,201
https://kawalpemilu.org#6025,"KEBUN BARU, WIH PESAM, BENER MERIAH, ACEH",1,70,150,220
https://kawalpemilu.org#6025,"KEBUN BARU, WIH PESAM, BENER MERIAH, ACEH",2,72,139,211
https://kawalpemilu.org#6025,"KEBUN BARU, WIH PESAM, BENER MERIAH, ACEH",3,79,137,216
https://kawalpemilu.org#6025,"KEBUN BARU, WIH PESAM, BENER MERIAH, ACEH",4,76,122,198
https://kawalpemilu.org#6026,"BLANG PAKU, WIH PESAM, BENER MERIAH, ACEH",1,80,141,221
https://kawalpemilu.org#6026,"BLANG PAKU, WIH PESAM, BENER MERIAH, ACEH",2,92,126,218
https://kawalpemilu.org#6026,"BLANG PAKU, WIH PESAM, BENER MERIAH, ACEH",3,81,140,221
https://kawalpemilu.org#6027,"SUKA MAKMUR, WIH PESAM, BENER MERIAH, ACEH",2,99,155,254
https://kawalpemilu.org#6027,"SUKA MAKMUR, WIH PESAM, BENER MERIAH, ACEH",3,92,163,255
https://kawalpemilu.org#6028,"BENER AYU, WIH PESAM, BENER MERIAH, ACEH",1,51,131,182
https://kawalpemilu.org#6028,"BENER AYU, WIH PESAM, BENER MERIAH, ACEH",2,82,105,187
https://kawalpemilu.org#6029,"JAMUR ULUH, WIH PESAM, BENER MERIAH, ACEH",1,113,79,192
https://kawalpemilu.org#6031,"MERIE SATU, WIH PESAM, BENER MERIAH, ACEH",1,93,107,200
https://kawalpemilu.org#6031,"MERIE SATU, WIH PESAM, BENER MERIAH, ACEH",2,95,101,196
https://kawalpemilu.org#6032,"BLANG BENARA, WIH PESAM, BENER MERIAH, ACEH",1,106,170,276
https://kawalpemilu.org#6032,"BLANG BENARA, WIH PESAM, BENER MERIAH, ACEH",2,101,171,272
https://kawalpemilu.org#6033,"BUKIT PEPANYI, WIH PESAM, BENER MERIAH, ACEH",1,29,129,158
https://kawalpemilu.org#6033,"BUKIT PEPANYI, WIH PESAM, BENER MERIAH, ACEH",2,23,124,147
https://kawalpemilu.org#6034,"WIH PESAM, WIH PESAM, BENER MERIAH, ACEH",1,65,107,172
https://kawalpemilu.org#6034,"WIH PESAM, WIH PESAM, BENER MERIAH, ACEH",2,76,115,191
https://kawalpemilu.org#6034,"WIH PESAM, WIH PESAM, BENER MERIAH, ACEH",3,64,93,157
https://kawalpemilu.org#6034,"WIH PESAM, WIH PESAM, BENER MERIAH, ACEH",4,67,106,173
https://kawalpemilu.org#6034,"WIH PESAM, WIH PESAM, BENER MERIAH, ACEH",5,2,66,68
https://kawalpemilu.org#6035,"CINTA DAMAI, WIH PESAM, BENER MERIAH, ACEH",1,49,158,207
https://kawalpemilu.org#6037,"BENER MULIE, WIH PESAM, BENER MERIAH, ACEH",1,62,130,192
https://kawalpemilu.org#6037,"BENER MULIE, WIH PESAM, BENER MERIAH, ACEH",2,52,123,175
https://kawalpemilu.org#6037,"BENER MULIE, WIH PESAM, BENER MERIAH, ACEH",3,51,113,164
https://kawalpemilu.org#6037,"BENER MULIE, WIH PESAM, BENER MERIAH, ACEH",4,48,138,186
https://kawalpemilu.org#6038,"BLANG KUCAK, WIH PESAM, BENER MERIAH, ACEH",1,54,112,166
https://kawalpemilu.org#6038,"BLANG KUCAK, WIH PESAM, BENER MERIAH, ACEH",2,87,87,174
https://kawalpemilu.org#6039,"WONOSOBO, WIH PESAM, BENER MERIAH, ACEH",1,73,137,210
https://kawalpemilu.org#6039,"WONOSOBO, WIH PESAM, BENER MERIAH, ACEH",2,85,129,214
https://kawalpemilu.org#6040,"LUT KUCAK, WIH PESAM, BENER MERIAH, ACEH",1,81,118,199
https://kawalpemilu.org#6040,"LUT KUCAK, WIH PESAM, BENER MERIAH, ACEH",2,87,128,215
https://kawalpemilu.org#6040,"LUT KUCAK, WIH PESAM, BENER MERIAH, ACEH",3,86,115,201
https://kawalpemilu.org#6041,"SIMPANG ANTARA, WIH PESAM, BENER MERIAH, ACEH",1,89,125,214
https://kawalpemilu.org#6042,"JAMUR UJUNG, WIH PESAM, BENER MERIAH, ACEH",1,78,124,202
https://kawalpemilu.org#6042,"JAMUR UJUNG, WIH PESAM, BENER MERIAH, ACEH",2,82,146,228
https://kawalpemilu.org#6043,"SUKA MAKMUR TIMUR, WIH PESAM, BENER MERIAH, ACEH",1,86,74,160
https://kawalpemilu.org#6043,"SUKA MAKMUR TIMUR, WIH PESAM, BENER MERIAH, ACEH",2,83,75,158
https://kawalpemilu.org#91402,"SIMPANG TERITIT, WIH PESAM, BENER MERIAH, ACEH",1,57,142,199
https://kawalpemilu.org#91402,"SIMPANG TERITIT, WIH PESAM, BENER MERIAH, ACEH",2,57,131,188
https://kawalpemilu.org#91402,"SIMPANG TERITIT, WIH PESAM, BENER MERIAH, ACEH",3,57,141,198
https://kawalpemilu.org#91402,"SIMPANG TERITIT, WIH PESAM, BENER MERIAH, ACEH",4,59,118,177
https://kawalpemilu.org#91403,"SUKA RAME ATAS, WIH PESAM, BENER MERIAH, ACEH",1,13,179,192
https://kawalpemilu.org#91403,"SUKA RAME ATAS, WIH PESAM, BENER MERIAH, ACEH",2,11,187,198
https://kawalpemilu.org#91404,"GEGERUNG, WIH PESAM, BENER MERIAH, ACEH",1,57,145,202
https://kawalpemilu.org#91404,"GEGERUNG, WIH PESAM, BENER MERIAH, ACEH",2,52,124,176
https://kawalpemilu.org#930384,"MEKAR JADI AYU, WIH PESAM, BENER MERIAH, ACEH",1,33,30,63
https://kawalpemilu.org#931331,"BURNI TELONG, WIH PESAM, BENER MERIAH, ACEH",1,55,96,151
https://kawalpemilu.org#931331,"BURNI TELONG, WIH PESAM, BENER MERIAH, ACEH",2,64,89,153
https://kawalpemilu.org#6046,"WONOSARI, BANDAR, BENER MERIAH, ACEH",1,123,112,235
https://kawalpemilu.org#6046,"WONOSARI, BANDAR, BENER MERIAH, ACEH",2,101,135,236
https://kawalpemilu.org#6047,"PAYA BANING, BANDAR, BENER MERIAH, ACEH",1,176,59,235
https://kawalpemilu.org#6048,"BLANG PULO, BANDAR, BENER MERIAH, ACEH",1,79,135,214
https://kawalpemilu.org#6049,"PETUKEL BLANG JORONG, BANDAR, BENER MERIAH, ACEH",1,110,86,196
https://kawalpemilu.org#6049,"PETUKEL BLANG JORONG, BANDAR, BENER MERIAH, ACEH",2,108,90,198
https://kawalpemilu.org#6049,"PETUKEL BLANG JORONG, BANDAR, BENER MERIAH, ACEH",3,106,89,195
https://kawalpemilu.org#6049,"PETUKEL BLANG JORONG, BANDAR, BENER MERIAH, ACEH",4,118,87,205
https://kawalpemilu.org#6050,"TANJUNG PURA, BANDAR, BENER MERIAH, ACEH",1,96,104,200
https://kawalpemilu.org#6050,"TANJUNG PURA, BANDAR, BENER MERIAH, ACEH",2,103,100,203
https://kawalpemilu.org#6051,"HAKIM WIH ILANG, BANDAR, BENER MERIAH, ACEH",1,54,159,213
https://kawalpemilu.org#6051,"HAKIM WIH ILANG, BANDAR, BENER MERIAH, ACEH",2,72,137,209
https://kawalpemilu.org#6051,"HAKIM WIH ILANG, BANDAR, BENER MERIAH, ACEH",3,61,158,219
https://kawalpemilu.org#6052,"LEWA JADI, BANDAR, BENER MERIAH, ACEH",1,83,122,205
https://kawalpemilu.org#6052,"LEWA JADI, BANDAR, BENER MERIAH, ACEH",2,56,132,188
https://kawalpemilu.org#6053,"BUKIT WIH ILANG, BANDAR, BENER MERIAH, ACEH",1,30,95,125
https://kawalpemilu.org#6053,"BUKIT WIH ILANG, BANDAR, BENER MERIAH, ACEH",2,39,82,121
https://kawalpemilu.org#6054,"SUKU WIH ILANG, BANDAR, BENER MERIAH, ACEH",1,64,134,198
https://kawalpemilu.org#6055,"PONDOK GAJAH, BANDAR, BENER MERIAH, ACEH",1,56,130,186
https://kawalpemilu.org#6055,"PONDOK GAJAH, BANDAR, BENER MERIAH, ACEH",2,35,183,218
https://kawalpemilu.org#6055,"PONDOK GAJAH, BANDAR, BENER MERIAH, ACEH",3,36,173,209
https://kawalpemilu.org#6055,"PONDOK GAJAH, BANDAR, BENER MERIAH, ACEH",4,48,170,218
https://kawalpemilu.org#6056,"PURWOSARI, BANDAR, BENER MERIAH, ACEH",1,52,157,209
https://kawalpemilu.org#6056,"PURWOSARI, BANDAR, BENER MERIAH, ACEH",2,67,136,203
https://kawalpemilu.org#6056,"PURWOSARI, BANDAR, BENER MERIAH, ACEH",3,69,148,217
https://kawalpemilu.org#6056,"PURWOSARI, BANDAR, BENER MERIAH, ACEH",4,42,170,212
https://kawalpemilu.org#6057,"SIDODADI, BANDAR, BENER MERIAH, ACEH",1,129,103,232
https://kawalpemilu.org#6057,"SIDODADI, BANDAR, BENER MERIAH, ACEH",2,113,113,226
https://kawalpemilu.org#6058,"SELAMAT REJO, BANDAR, BENER MERIAH, ACEH",1,113,68,181
https://kawalpemilu.org#6058,"SELAMAT REJO, BANDAR, BENER MERIAH, ACEH",2,117,56,173
https://kawalpemilu.org#6059,"PONDOK ULUNG, BANDAR, BENER MERIAH, ACEH",1,96,167,263
https://kawalpemilu.org#6059,"PONDOK ULUNG, BANDAR, BENER MERIAH, ACEH",2,92,147,239
https://kawalpemilu.org#6060,"JANA RATA, BANDAR, BENER MERIAH, ACEH",1,80,91,171
https://kawalpemilu.org#6060,"JANA RATA, BANDAR, BENER MERIAH, ACEH",2,52,104,156
https://kawalpemilu.org#6060,"JANA RATA, BANDAR, BENER MERIAH, ACEH",3,57,102,159
https://kawalpemilu.org#6061,"BATHIN BARU, BANDAR, BENER MERIAH, ACEH",1,62,140,202
https://kawalpemilu.org#6061,"BATHIN BARU, BANDAR, BENER MERIAH, ACEH",2,58,135,193
https://kawalpemilu.org#6062,"MUYANG KUTE MANGKU, BANDAR, BENER MERIAH, ACEH",1,158,57,215
https://kawalpemilu.org#6063,"KERAMAT JAYA, BANDAR, BENER MERIAH, ACEH",1,77,94,180
https://kawalpemilu.org#6063,"KERAMAT JAYA, BANDAR, BENER MERIAH, ACEH",2,75,119,194
https://kawalpemilu.org#6064,"SIMPANG UTAMA, BANDAR, BENER MERIAH, ACEH",1,80,125,205
https://kawalpemilu.org#6064,"SIMPANG UTAMA, BANDAR, BENER MERIAH, ACEH",2,64,140,204
https://kawalpemilu.org#6064,"SIMPANG UTAMA, BANDAR, BENER MERIAH, ACEH",3,64,145,209
https://kawalpemilu.org#6064,"SIMPANG UTAMA, BANDAR, BENER MERIAH, ACEH",4,53,140,193
https://kawalpemilu.org#6065,"PAKAT JEROH, BANDAR, BENER MERIAH, ACEH",1,143,93,236
https://kawalpemilu.org#6066,"PUJA MULIA, BANDAR, BENER MERIAH, ACEH",1,54,166,220
https://kawalpemilu.org#6066,"PUJA MULIA, BANDAR, BENER MERIAH, ACEH",2,66,137,203
https://kawalpemilu.org#6066,"PUJA MULIA, BANDAR, BENER MERIAH, ACEH",3,37,178,215
https://kawalpemilu.org#6066,"PUJA MULIA, BANDAR, BENER MERIAH, ACEH",4,35,170,205
https://kawalpemilu.org#6067,"PONDOK BARU, BANDAR, BENER MERIAH, ACEH",1,45,150,195
https://kawalpemilu.org#6067,"PONDOK BARU, BANDAR, BENER MERIAH, ACEH",2,30,157,187
https://kawalpemilu.org#6067,"PONDOK BARU, BANDAR, BENER MERIAH, ACEH",3,39,145,184
https://kawalpemilu.org#6067,"PONDOK BARU, BANDAR, BENER MERIAH, ACEH",4,29,137,166
https://kawalpemilu.org#6067,"PONDOK BARU, BANDAR, BENER MERIAH, ACEH",5,45,137,182
https://kawalpemilu.org#6068,"BAHGIE BERTONA, BANDAR, BENER MERIAH, ACEH",1,91,131,222
https://kawalpemilu.org#6068,"BAHGIE BERTONA, BANDAR, BENER MERIAH, ACEH",2,63,105,168
https://kawalpemilu.org#6068,"BAHGIE BERTONA, BANDAR, BENER MERIAH, ACEH",3,77,76,153
https://kawalpemilu.org#6068,"BAHGIE BERTONA, BANDAR, BENER MERIAH, ACEH",4,55,105,160
https://kawalpemilu.org#6068,"BAHGIE BERTONA, BANDAR, BENER MERIAH, ACEH",5,47,127,174
https://kawalpemilu.org#6069,"TANSARAN BIDIN, BANDAR, BENER MERIAH, ACEH",1,81,62,143
https://kawalpemilu.org#6069,"TANSARAN BIDIN, BANDAR, BENER MERIAH, ACEH",2,107,55,162
https://kawalpemilu.org#6070,"JADI SEPAKAT, BANDAR, BENER MERIAH, ACEH",1,93,72,165
https://kawalpemilu.org#6070,"JADI SEPAKAT, BANDAR, BENER MERIAH, ACEH",2,89,77,166
https://kawalpemilu.org#6071,"SELISIH MARA, BANDAR, BENER MERIAH, ACEH",1,90,132,222
https://kawalpemilu.org#6072,"KALA NEMPAN, BANDAR, BENER MERIAH, ACEH",1,94,48,142
https://kawalpemilu.org#6073,"GUNUNG ANTARA, BANDAR, BENER MERIAH, ACEH",1,57,97,154
https://kawalpemilu.org#6073,"GUNUNG ANTARA, BANDAR, BENER MERIAH, ACEH",2,54,89,143
https://kawalpemilu.org#6075,"TAWAR SEDENGE, BANDAR, BENER MERIAH, ACEH",1,79,151,230
https://kawalpemilu.org#6075,"TAWAR SEDENGE, BANDAR, BENER MERIAH, ACEH",2,107,122,229
https://kawalpemilu.org#6075,"TAWAR SEDENGE, BANDAR, BENER MERIAH, ACEH",3,81,148,229
https://kawalpemilu.org#6076,"BERANUN TELEDEN, BANDAR, BENER MERIAH, ACEH",1,81,117,198
https://kawalpemilu.org#6077,"MUTIARA, BANDAR, BENER MERIAH, ACEH",1,47,169,216
https://kawalpemilu.org#6077,"MUTIARA, BANDAR, BENER MERIAH, ACEH",2,45,163,208
https://kawalpemilu.org#6077,"MUTIARA, BANDAR, BENER MERIAH, ACEH",3,40,173,213
https://kawalpemilu.org#6078,"REMANG KETIKE JAYA, BANDAR, BENER MERIAH, ACEH",1,102,138,240
https://kawalpemilu.org#6079,"MAKMUR SENTOSA, BANDAR, BENER MERIAH, ACEH",1,43,143,186
https://kawalpemilu.org#6079,"MAKMUR SENTOSA, BANDAR, BENER MERIAH, ACEH",2,42,137,179
https://kawalpemilu.org#6079,"MAKMUR SENTOSA, BANDAR, BENER MERIAH, ACEH",3,39,148,187
https://kawalpemilu.org#931180,"SINAR JAYA PAYA RINGKEL, BANDAR, BENER MERIAH, ACEH",1,67,138,205
https://kawalpemilu.org#6082,"TEMBOLON, SYIAH UTAMA, BENER MERIAH, ACEH",1,79,20,99
https://kawalpemilu.org#6083,"WIHNI DURIN, SYIAH UTAMA, BENER MERIAH, ACEH",1,94,66,160
https://kawalpemilu.org#6084,"KUTELAH LANE, SYIAH UTAMA, BENER MERIAH, ACEH",1,15,60,75
https://kawalpemilu.org#6085,"PAYUNG, SYIAH UTAMA, BENER MERIAH, ACEH",1,31,53,84
https://kawalpemilu.org#6086,"KERLANG, SYIAH UTAMA, BENER MERIAH, ACEH",1,31,34,65
https://kawalpemilu.org#6087,"GERPA, SYIAH UTAMA, BENER MERIAH, ACEH",1,44,40,84
https://kawalpemilu.org#6088,"GONENG, SYIAH UTAMA, BENER MERIAH, ACEH",1,28,27,55
https://kawalpemilu.org#6089,"BLANG PANU, SYIAH UTAMA, BENER MERIAH, ACEH",1,39,81,120
https://kawalpemilu.org#6090,"RUSIP, SYIAH UTAMA, BENER MERIAH, ACEH",1,113,55,168
https://kawalpemilu.org#6091,"PASIR PUTIH, SYIAH UTAMA, BENER MERIAH, ACEH",1,20,21,41
https://kawalpemilu.org#6092,"RATA MULIE, SYIAH UTAMA, BENER MERIAH, ACEH",1,31,48,79
https://kawalpemilu.org#6093,"TEMPEN BARU, SYIAH UTAMA, BENER MERIAH, ACEH",1,39,10,49
https://kawalpemilu.org#6094,"GERUTI JAYA, SYIAH UTAMA, BENER MERIAH, ACEH",1,26,17,43
https://kawalpemilu.org#91400,"UNING, SYIAH UTAMA, BENER MERIAH, ACEH",1,9,38,47
https://kawalpemilu.org#6099,"WIH TENANG TOA, PERMATA, BENER MERIAH, ACEH",1,76,131,207
https://kawalpemilu.org#6099,"WIH TENANG TOA, PERMATA, BENER MERIAH, ACEH",2,116,84,200
https://kawalpemilu.org#6099,"WIH TENANG TOA, PERMATA, BENER MERIAH, ACEH",3,83,112,195
https://kawalpemilu.org#6100,"BENER PEPANYI, PERMATA, BENER MERIAH, ACEH",1,85,101,186
https://kawalpemilu.org#6100,"BENER PEPANYI, PERMATA, BENER MERIAH, ACEH",2,73,124,197
https://kawalpemilu.org#6100,"BENER PEPANYI, PERMATA, BENER MERIAH, ACEH",3,79,94,173
https://kawalpemilu.org#6100,"BENER PEPANYI, PERMATA, BENER MERIAH, ACEH",4,74,95,169
https://kawalpemilu.org#6101,"BINTANG PERMATA, PERMATA, BENER MERIAH, ACEH",1,70,92,162
https://kawalpemilu.org#6101,"BINTANG PERMATA, PERMATA, BENER MERIAH, ACEH",2,52,92,144
https://kawalpemilu.org#6102,"GELAMPANG WIH TENANG UKEN, PERMATA, BENER MERIAH, ACEH",1,80,196,276
https://kawalpemilu.org#6102,"GELAMPANG WIH TENANG UKEN, PERMATA, BENER MERIAH, ACEH",2,99,170,269
https://kawalpemilu.org#6102,"GELAMPANG WIH TENANG UKEN, PERMATA, BENER MERIAH, ACEH",3,84,184,269
https://kawalpemilu.org#6102,"GELAMPANG WIH TENANG UKEN, PERMATA, BENER MERIAH, ACEH",4,65,177,242
https://kawalpemilu.org#6103,"DARUL AMAN, PERMATA, BENER MERIAH, ACEH",1,50,158,208
https://kawalpemilu.org#6103,"DARUL AMAN, PERMATA, BENER MERIAH, ACEH",2,61,156,217
https://kawalpemilu.org#6104,"PANTAN TENGAH JAYA, PERMATA, BENER MERIAH, ACEH",1,69,81,150
https://kawalpemilu.org#6104,"PANTAN TENGAH JAYA, PERMATA, BENER MERIAH, ACEH",2,99,57,156
https://kawalpemilu.org#6105,"BINTANG BENER, PERMATA, BENER MERIAH, ACEH",1,72,143,215
https://kawalpemilu.org#6105,"BINTANG BENER, PERMATA, BENER MERIAH, ACEH",2,120,106,226
https://kawalpemilu.org#6106,"WIH TENANG UKEN, PERMATA, BENER MERIAH, ACEH",1,90,149,239
https://kawalpemilu.org#6106,"WIH TENANG UKEN, PERMATA, BENER MERIAH, ACEH",2,77,147,224
https://kawalpemilu.org#6106,"WIH TENANG UKEN, PERMATA, BENER MERIAH, ACEH",3,98,142,240
https://kawalpemilu.org#6106,"WIH TENANG UKEN, PERMATA, BENER MERIAH, ACEH",4,81,148,229
https://kawalpemilu.org#6106,"WIH TENANG UKEN, PERMATA, BENER MERIAH, ACEH",5,83,135,218
https://kawalpemilu.org#6107,"SENI ANTARA, PERMATA, BENER MERIAH, ACEH",1,173,61,234
https://kawalpemilu.org#6107,"SENI ANTARA, PERMATA, BENER MERIAH, ACEH",2,134,89,223
https://kawalpemilu.org#6107,"SENI ANTARA, PERMATA, BENER MERIAH, ACEH",3,152,80,232
https://kawalpemilu.org#6108,"BUNTUL PETRI, PERMATA, BENER MERIAH, ACEH",1,87,126,213
https://kawalpemilu.org#6108,"BUNTUL PETRI, PERMATA, BENER MERIAH, ACEH",2,112,105,217
https://kawalpemilu.org#6109,"RAMUNG JAYA, PERMATA, BENER MERIAH, ACEH",1,58,140,192
https://kawalpemilu.org#6109,"RAMUNG JAYA, PERMATA, BENER MERIAH, ACEH",2,81,134,215
https://kawalpemilu.org#6109,"RAMUNG JAYA, PERMATA, BENER MERIAH, ACEH",3,75,143,218
https://kawalpemilu.org#6110,"TEMAS MUMANANG, PERMATA, BENER MERIAH, ACEH",1,97,74,171
https://kawalpemilu.org#6110,"TEMAS MUMANANG, PERMATA, BENER MERIAH, ACEH",2,114,57,171
https://kawalpemilu.org#6111,"PENOSAN JAYA, PERMATA, BENER MERIAH, ACEH",1,113,114,227
https://kawalpemilu.org#6111,"PENOSAN JAYA, PERMATA, BENER MERIAH, ACEH",2,127,94,221
https://kawalpemilu.org#6111,"PENOSAN JAYA, PERMATA, BENER MERIAH, ACEH",3,129,102,231
https://kawalpemilu.org#6112,"AYU ARA, PERMATA, BENER MERIAH, ACEH",1,86,48,134
https://kawalpemilu.org#6113,"CEDING AYU, PERMATA, BENER MERIAH, ACEH",1,49,111,160
https://kawalpemilu.org#6114,"UNING SEJUK, PERMATA, BENER MERIAH, ACEH",1,114,114,228
https://kawalpemilu.org#6115,"SUKU SARA TANGKE, PERMATA, BENER MERIAH, ACEH",1,134,70,204
https://kawalpemilu.org#6116,"RIKIT MUSARA, PERMATA, BENER MERIAH, ACEH",1,104,71,175
https://kawalpemilu.org#6117,"JUNGKE, PERMATA, BENER MERIAH, ACEH",1,108,73,181
https://kawalpemilu.org#6117,"JUNGKE, PERMATA, BENER MERIAH, ACEH",2,82,74,156
https://kawalpemilu.org#6118,"BURNI PASE, PERMATA, BENER MERIAH, ACEH",1,99,99,198
https://kawalpemilu.org#6118,"BURNI PASE, PERMATA, BENER MERIAH, ACEH",2,118,94,212
https://kawalpemilu.org#6119,"BALE MUSARA, PERMATA, BENER MERIAH, ACEH",1,130,118,248
https://kawalpemilu.org#6120,"PEMANGO, PERMATA, BENER MERIAH, ACEH",1,36,116,152
https://kawalpemilu.org#6120,"PEMANGO, PERMATA, BENER MERIAH, ACEH",2,69,81,150
https://kawalpemilu.org#6121,"JELOBOK, PERMATA, BENER MERIAH, ACEH",1,109,93,202
https://kawalpemilu.org#6121,"JELOBOK, PERMATA, BENER MERIAH, ACEH",2,114,100,214
https://kawalpemilu.org#6121,"JELOBOK, PERMATA, BENER MERIAH, ACEH",3,100,103,203
https://kawalpemilu.org#6122,"KEPIES, PERMATA, BENER MERIAH, ACEH",1,55,136,191
https://kawalpemilu.org#6123,"TIMUR JAYA, PERMATA, BENER MERIAH, ACEH",1,81,31,112
https://kawalpemilu.org#6124,"BALE PURNAMA, PERMATA, BENER MERIAH, ACEH",1,63,24,87
https://kawalpemilu.org#6125,"TAWAR BENGI, PERMATA, BENER MERIAH, ACEH",1,92,134,226
https://kawalpemilu.org#6127,"BANDAR JAYA, BENER KELIPAH, BENER MERIAH, ACEH",1,128,77,205
https://kawalpemilu.org#6128,"JONGOK MELUEM, BENER KELIPAH, BENER MERIAH, ACEH",1,80,90,170
https://kawalpemilu.org#6129,"SUKU BENER, BENER KELIPAH, BENER MERIAH, ACEH",1,64,111,175
https://kawalpemilu.org#6130,"BENER LUKUP II, BENER KELIPAH, BENER MERIAH, ACEH",1,28,61,89
https://kawalpemilu.org#6131,"GUNUNG MUSARA, BENER KELIPAH, BENER MERIAH, ACEH",1,70,149,219
https://kawalpemilu.org#6132,"BENER KELIPAH SELATAN, BENER KELIPAH, BENER MERIAH, ACEH",1,58,208,266
https://kawalpemilu.org#6133,"BINTANG MUSARA, BENER KELIPAH, BENER MERIAH, ACEH",1,84,144,228
https://kawalpemilu.org#6134,"KALA TENANG, BENER KELIPAH, BENER MERIAH, ACEH",1,82,92,174
https://kawalpemilu.org#6135,"BENER KELIPAH UTARA, BENER KELIPAH, BENER MERIAH, ACEH",1,86,99,185
https://kawalpemilu.org#6135,"BENER KELIPAH UTARA, BENER KELIPAH, BENER MERIAH, ACEH",2,81,102,183
https://kawalpemilu.org#6135,"BENER KELIPAH UTARA, BENER KELIPAH, BENER MERIAH, ACEH",3,86,115,201
https://kawalpemilu.org#6136,"LOT BENER KELIPAH, BENER KELIPAH, BENER MERIAH, ACEH",1,88,148,236
https://kawalpemilu.org#6136,"LOT BENER KELIPAH, BENER KELIPAH, BENER MERIAH, ACEH",2,73,165,238
https://kawalpemilu.org#6137,"NOSAR TAWAR JAYA, BENER KELIPAH, BENER MERIAH, ACEH",1,78,75,153
https://kawalpemilu.org#6138,"NOSAR BARU, BENER KELIPAH, BENER MERIAH, ACEH",1,118,50,168
https://kawalpemilu.org#6140,"CEMPARAM LAMA, MESIDAH, BENER MERIAH, ACEH",1,130,95,225
https://kawalpemilu.org#6141,"CEMPARAM PAKAT JEROH, MESIDAH, BENER MERIAH, ACEH",1,80,63,143
https://kawalpemilu.org#6142,"CEMPARAM JAYA, MESIDAH, BENER MERIAH, ACEH",1,139,87,226
https://kawalpemilu.org#6143,"PANTAN KULI, MESIDAH, BENER MERIAH, ACEH",1,69,18,87
https://kawalpemilu.org#6144,"SIMPANG RENGGALI, MESIDAH, BENER MERIAH, ACEH",1,33,40,73
https://kawalpemilu.org#6145,"JAMUR ATU, MESIDAH, BENER MERIAH, ACEH",1,139,84,223
https://kawalpemilu.org#6145,"JAMUR ATU, MESIDAH, BENER MERIAH, ACEH",2,103,106,209
https://kawalpemilu.org#6146,"SOSIAL, MESIDAH, BENER MERIAH, ACEH",1,121,51,172
https://kawalpemilu.org#6147,"GUNUNG SAYANG, MESIDAH, BENER MERIAH, ACEH",1,37,65,102
https://kawalpemilu.org#6148,"AMOR, MESIDAH, BENER MERIAH, ACEH",1,213,55,268
https://kawalpemilu.org#6149,"BUNTUL GAYO, MESIDAH, BENER MERIAH, ACEH",1,192,66,258
https://kawalpemilu.org#6150,"WIH RESAP, MESIDAH, BENER MERIAH, ACEH",1,168,58,226
https://kawalpemilu.org#6151,"WER TINGKEM, MESIDAH, BENER MERIAH, ACEH",1,119,35,154
https://kawalpemilu.org#6152,"PERUMPAKAN BENJADI, MESIDAH, BENER MERIAH, ACEH",1,35,28,63
https://kawalpemilu.org#6153,"HAKIM PETERI PINTU, MESIDAH, BENER MERIAH, ACEH",1,62,42,104
https://kawalpemilu.org#6154,"SIMPUR, MESIDAH, BENER MERIAH, ACEH",1,68,71,139
https://kawalpemilu.org#6156,"SIMPANG RAHMAT, GAJAH PUTIH, BENER MERIAH, ACEH",1,125,103,228
https://kawalpemilu.org#6156,"SIMPANG RAHMAT, GAJAH PUTIH, BENER MERIAH, ACEH",2,106,121,227
https://kawalpemilu.org#6156,"SIMPANG RAHMAT, GAJAH PUTIH, BENER MERIAH, ACEH",3,104,131,235
https://kawalpemilu.org#6157,"GAJAH PUTIH, GAJAH PUTIH, BENER MERIAH, ACEH",1,63,123,186
https://kawalpemilu.org#6157,"GAJAH PUTIH, GAJAH PUTIH, BENER MERIAH, ACEH",2,55,123,178
https://kawalpemilu.org#6157,"GAJAH PUTIH, GAJAH PUTIH, BENER MERIAH, ACEH",3,72,108,180
https://kawalpemilu.org#6158,"GAYO SETIE, GAJAH PUTIH, BENER MERIAH, ACEH",1,53,116,169
https://kawalpemilu.org#6159,"UMAH BESI, GAJAH PUTIH, BENER MERIAH, ACEH",1,84,79,163
https://kawalpemilu.org#6159,"UMAH BESI, GAJAH PUTIH, BENER MERIAH, ACEH",2,101,68,169
https://kawalpemilu.org#6159,"UMAH BESI, GAJAH PUTIH, BENER MERIAH, ACEH",3,66,93,159
https://kawalpemilu.org#6160,"PANTE KARYA, GAJAH PUTIH, BENER MERIAH, ACEH",1,61,68,129
https://kawalpemilu.org#6160,"PANTE KARYA, GAJAH PUTIH, BENER MERIAH, ACEH",2,75,56,131
https://kawalpemilu.org#6161,"MERIAH JAYA, GAJAH PUTIH, BENER MERIAH, ACEH",1,86,159,245
https://kawalpemilu.org#6161,"MERIAH JAYA, GAJAH PUTIH, BENER MERIAH, ACEH",2,125,129,254
https://kawalpemilu.org#6161,"MERIAH JAYA, GAJAH PUTIH, BENER MERIAH, ACEH",3,101,140,241
https://kawalpemilu.org#6161,"MERIAH JAYA, GAJAH PUTIH, BENER MERIAH, ACEH",4,103,146,249
https://kawalpemilu.org#6162,"TIMANG GAJAH, GAJAH PUTIH, BENER MERIAH, ACEH",1,65,172,237
https://kawalpemilu.org#6162,"TIMANG GAJAH, GAJAH PUTIH, BENER MERIAH, ACEH",2,73,128,201
https://kawalpemilu.org#6162,"TIMANG GAJAH, GAJAH PUTIH, BENER MERIAH, ACEH",3,58,161,219
https://kawalpemilu.org#6163,"PANTAN LUES, GAJAH PUTIH, BENER MERIAH, ACEH",1,63,110,173
https://kawalpemilu.org#6163,"PANTAN LUES, GAJAH PUTIH, BENER MERIAH, ACEH",2,55,114,169
https://kawalpemilu.org#6164,"ALAM JAYA, GAJAH PUTIH, BENER MERIAH, ACEH",1,30,151,181
https://kawalpemilu.org#6165,"RERONGA, GAJAH PUTIH, BENER MERIAH, ACEH",1,62,140,202
https://kawalpemilu.org#6165,"RERONGA, GAJAH PUTIH, BENER MERIAH, ACEH",2,49,120,169
https://kawalpemilu.org#6165,"RERONGA, GAJAH PUTIH, BENER MERIAH, ACEH",3,54,128,182
https://kawalpemilu.org#6165,"RERONGA, GAJAH PUTIH, BENER MERIAH, ACEH",4,73,111,184
https://kawalpemilu.org#6165,"RERONGA, GAJAH PUTIH, BENER MERIAH, ACEH",5,37,147,184
https://kawalpemilu.org#6168,"MEUNASAH BALEK, MEUREUDU, PIDIE JAYA, ACEH",1,19,207,226
https://kawalpemilu.org#6168,"MEUNASAH BALEK, MEUREUDU, PIDIE JAYA, ACEH",2,10,215,9
https://kawalpemilu.org#6168,"MEUNASAH BALEK, MEUREUDU, PIDIE JAYA, ACEH",3,14,213,227
https://kawalpemilu.org#6168,"MEUNASAH BALEK, MEUREUDU, PIDIE JAYA, ACEH",4,19,192,211
https://kawalpemilu.org#6169,"MESJID TUHA, MEUREUDU, PIDIE JAYA, ACEH",1,5,157,162
https://kawalpemilu.org#6169,"MESJID TUHA, MEUREUDU, PIDIE JAYA, ACEH",2,8,196,204
https://kawalpemilu.org#6169,"MESJID TUHA, MEUREUDU, PIDIE JAYA, ACEH",3,10,167,177
https://kawalpemilu.org#6169,"MESJID TUHA, MEUREUDU, PIDIE JAYA, ACEH",4,15,159,174
https://kawalpemilu.org#6169,"MESJID TUHA, MEUREUDU, PIDIE JAYA, ACEH",5,9,184,193
https://kawalpemilu.org#6170,"KOTA MEUREUDU, MEUREUDU, PIDIE JAYA, ACEH",1,21,148,169
https://kawalpemilu.org#6170,"KOTA MEUREUDU, MEUREUDU, PIDIE JAYA, ACEH",2,10,137,147
https://kawalpemilu.org#6171,"RUNGKOM, MEUREUDU, PIDIE JAYA, ACEH",1,11,177,188
https://kawalpemilu.org#6172,"BLANG AWE, MEUREUDU, PIDIE JAYA, ACEH",1,3,174,177
https://kawalpemilu.org#6172,"BLANG AWE, MEUREUDU, PIDIE JAYA, ACEH",2,15,169,184
https://kawalpemilu.org#6172,"BLANG AWE, MEUREUDU, PIDIE JAYA, ACEH",3,17,177,194
https://kawalpemilu.org#6173,"MAYANG LANCOK, MEUREUDU, PIDIE JAYA, ACEH",1,9,184,193
https://kawalpemilu.org#6173,"MAYANG LANCOK, MEUREUDU, PIDIE JAYA, ACEH",2,7,163,170
https://kawalpemilu.org#6173,"MAYANG LANCOK, MEUREUDU, PIDIE JAYA, ACEH",3,14,165,179
https://kawalpemilu.org#6174,"MANYANG CUT, MEUREUDU, PIDIE JAYA, ACEH",1,18,187,205
https://kawalpemilu.org#6174,"MANYANG CUT, MEUREUDU, PIDIE JAYA, ACEH",2,6,193,199
https://kawalpemilu.org#6174,"MANYANG CUT, MEUREUDU, PIDIE JAYA, ACEH",3,13,183,196
https://kawalpemilu.org#6174,"MANYANG CUT, MEUREUDU, PIDIE JAYA, ACEH",4,11,211,222
https://kawalpemilu.org#6174,"MANYANG CUT, MEUREUDU, PIDIE JAYA, ACEH",5,11,159,170
https://kawalpemilu.org#6175,"BEURAWANG, MEUREUDU, PIDIE JAYA, ACEH",1,10,181,191
https://kawalpemilu.org#6175,"BEURAWANG, MEUREUDU, PIDIE JAYA, ACEH",2,13,173,185
https://kawalpemilu.org#6175,"BEURAWANG, MEUREUDU, PIDIE JAYA, ACEH",3,10,176,186
https://kawalpemilu.org#6176,"RHING BLANG, MEUREUDU, PIDIE JAYA, ACEH",1,16,212,228
https://kawalpemilu.org#6176,"RHING BLANG, MEUREUDU, PIDIE JAYA, ACEH",2,17,212,229
https://kawalpemilu.org#6177,"RHING KRUENG, MEUREUDU, PIDIE JAYA, ACEH",1,4,197,201
https://kawalpemilu.org#6177,"RHING KRUENG, MEUREUDU, PIDIE JAYA, ACEH",2,4,179,183
https://kawalpemilu.org#6178,"RHING MANCANG, MEUREUDU, PIDIE JAYA, ACEH",1,10,129,139
https://kawalpemilu.org#6178,"RHING MANCANG, MEUREUDU, PIDIE JAYA, ACEH",2,8,124,132
https://kawalpemilu.org#6179,"MEUNASAH LHOK, MEUREUDU, PIDIE JAYA, ACEH",1,11,215,226
https://kawalpemilu.org#6179,"MEUNASAH LHOK, MEUREUDU, PIDIE JAYA, ACEH",2,8,209,217
https://kawalpemilu.org#6179,"MEUNASAH LHOK, MEUREUDU, PIDIE JAYA, ACEH",3,9,235,244
https://kawalpemilu.org#6180,"MEURAKSA, MEUREUDU, PIDIE JAYA, ACEH",1,5,199,204
https://kawalpemilu.org#6180,"MEURAKSA, MEUREUDU, PIDIE JAYA, ACEH",2,21,229,250
https://kawalpemilu.org#6180,"MEURAKSA, MEUREUDU, PIDIE JAYA, ACEH",3,3,177,180
https://kawalpemilu.org#6180,"MEURAKSA, MEUREUDU, PIDIE JAYA, ACEH",4,21,219,240
https://kawalpemilu.org#6181,"PULO U, MEUREUDU, PIDIE JAYA, ACEH",1,12,194,206
https://kawalpemilu.org#6182,"GEULEUDAH, MEUREUDU, PIDIE JAYA, ACEH",1,8,128,136
https://kawalpemilu.org#6183,"DAYAH TIMU, MEUREUDU, PIDIE JAYA, ACEH",1,14,210,224
https://kawalpemilu.org#6184,"BUNOT, MEUREUDU, PIDIE JAYA, ACEH",1,13,216,229
https://kawalpemilu.org#6185,"GLUMPANG TUTONG, MEUREUDU, PIDIE JAYA, ACEH",1,13,171,184
https://kawalpemilu.org#6186,"MEUNASAH HAGU, MEUREUDU, PIDIE JAYA, ACEH",1,8,62,70
https://kawalpemilu.org#6187,"POHROH, MEUREUDU, PIDIE JAYA, ACEH",1,11,123,134
https://kawalpemilu.org#6187,"POHROH, MEUREUDU, PIDIE JAYA, ACEH",2,11,120,131
https://kawalpemilu.org#6188,"KUDRANG, MEUREUDU, PIDIE JAYA, ACEH",1,18,159,177
https://kawalpemilu.org#6189,"LAMPOH LADA, MEUREUDU, PIDIE JAYA, ACEH",1,7,160,167
https://kawalpemilu.org#6190,"MULIENG, MEUREUDU, PIDIE JAYA, ACEH",1,10,158,168
https://kawalpemilu.org#6190,"MULIENG, MEUREUDU, PIDIE JAYA, ACEH",2,11,176,187
https://kawalpemilu.org#6191,"DAYAH TUHA, MEUREUDU, PIDIE JAYA, ACEH",1,8,148,156
https://kawalpemilu.org#6191,"DAYAH TUHA, MEUREUDU, PIDIE JAYA, ACEH",2,13,149,162
https://kawalpemilu.org#6192,"RUMPUEN, MEUREUDU, PIDIE JAYA, ACEH",1,10,171,181
https://kawalpemilu.org#6192,"RUMPUEN, MEUREUDU, PIDIE JAYA, ACEH",2,18,173,191
https://kawalpemilu.org#6193,"RAMBONG, MEUREUDU, PIDIE JAYA, ACEH",1,19,168,187
https://kawalpemilu.org#6193,"RAMBONG, MEUREUDU, PIDIE JAYA, ACEH",2,5,203,208
https://kawalpemilu.org#6193,"RAMBONG, MEUREUDU, PIDIE JAYA, ACEH",3,13,206,219
https://kawalpemilu.org#6194,"MEUNASAH KULAM, MEUREUDU, PIDIE JAYA, ACEH",1,26,141,167
https://kawalpemilu.org#6194,"MEUNASAH KULAM, MEUREUDU, PIDIE JAYA, ACEH",2,25,142,167
https://kawalpemilu.org#6195,"GRONG-GRONG, MEUREUDU, PIDIE JAYA, ACEH",1,22,144,166
https://kawalpemilu.org#6195,"GRONG-GRONG, MEUREUDU, PIDIE JAYA, ACEH",2,19,130,149
https://kawalpemilu.org#6195,"GRONG-GRONG, MEUREUDU, PIDIE JAYA, ACEH",3,10,157,167
https://kawalpemilu.org#6196,"KUTA TRIENG, MEUREUDU, PIDIE JAYA, ACEH",1,21,150,171
https://kawalpemilu.org#6196,"KUTA TRIENG, MEUREUDU, PIDIE JAYA, ACEH",2,15,150,165
https://kawalpemilu.org#6197,"TEUPIN PEURAHO, MEUREUDU, PIDIE JAYA, ACEH",1,13,184,197
https://kawalpemilu.org#6197,"TEUPIN PEURAHO, MEUREUDU, PIDIE JAYA, ACEH",2,5,169,174
https://kawalpemilu.org#6197,"TEUPIN PEURAHO, MEUREUDU, PIDIE JAYA, ACEH",3,9,187,196
https://kawalpemilu.org#6199,"DAYAH BAROH, ULIM, PIDIE JAYA, ACEH",1,7,173,180
https://kawalpemilu.org#6199,"DAYAH BAROH, ULIM, PIDIE JAYA, ACEH",2,2,192,194
https://kawalpemilu.org#6199,"DAYAH BAROH, ULIM, PIDIE JAYA, ACEH",3,10,169,179
https://kawalpemilu.org#6200,"REULEUT, ULIM, PIDIE JAYA, ACEH",1,16,146,162
https://kawalpemilu.org#6201,"SAMBONGAN BARO, ULIM, PIDIE JAYA, ACEH",1,8,113,121
https://kawalpemilu.org#6202,"TIJIEN HUSEN, ULIM, PIDIE JAYA, ACEH",1,14,119,133
https://kawalpemilu.org#6202,"TIJIEN HUSEN, ULIM, PIDIE JAYA, ACEH",2,6,125,131
https://kawalpemilu.org#6203,"MEUNASAH KRUENG, ULIM, PIDIE JAYA, ACEH",1,11,209,220
https://kawalpemilu.org#6204,"GEULANGGANG, ULIM, PIDIE JAYA, ACEH",1,8,192,200
https://kawalpemilu.org#6204,"GEULANGGANG, ULIM, PIDIE JAYA, ACEH",2,8,197,205
https://kawalpemilu.org#6204,"GEULANGGANG, ULIM, PIDIE JAYA, ACEH",3,5,201,206
https://kawalpemilu.org#6205,"MESJID ULIM BAROH, ULIM, PIDIE JAYA, ACEH",1,20,206,226
https://kawalpemilu.org#6205,"MESJID ULIM BAROH, ULIM, PIDIE JAYA, ACEH",2,18,181,199
https://kawalpemilu.org#6206,"PULO LHOK, ULIM, PIDIE JAYA, ACEH",1,12,128,140
https://kawalpemilu.org#6207,"DAYAH LEUBUE, ULIM, PIDIE JAYA, ACEH",1,22,184,206
https://kawalpemilu.org#6207,"DAYAH LEUBUE, ULIM, PIDIE JAYA, ACEH",2,28,177,205
https://kawalpemilu.org#6208,"TIJIEN DABOH, ULIM, PIDIE JAYA, ACEH",1,6,179,185
https://kawalpemilu.org#6208,"TIJIEN DABOH, ULIM, PIDIE JAYA, ACEH",2,15,166,181
https://kawalpemilu.org#6209,"KEUDE ULIM, ULIM, PIDIE JAYA, ACEH",1,13,180,193
https://kawalpemilu.org#6210,"MEUNASAH BUENG, ULIM, PIDIE JAYA, ACEH",1,6,175,181
https://kawalpemilu.org#6210,"MEUNASAH BUENG, ULIM, PIDIE JAYA, ACEH",2,7,163,170
https://kawalpemilu.org#6211,"BALEE ULIM, ULIM, PIDIE JAYA, ACEH",1,17,185,202
https://kawalpemilu.org#6211,"BALEE ULIM, ULIM, PIDIE JAYA, ACEH",2,25,167,192
https://kawalpemilu.org#6212,"GRONG GRONG CAPA, ULIM, PIDIE JAYA, ACEH",1,11,196,207
https://kawalpemilu.org#6212,"GRONG GRONG CAPA, ULIM, PIDIE JAYA, ACEH",2,23,186,209
https://kawalpemilu.org#6212,"GRONG GRONG CAPA, ULIM, PIDIE JAYA, ACEH",3,20,178,198
https://kawalpemilu.org#6213,"MEUNASAH KUMBANG, ULIM, PIDIE JAYA, ACEH",1,27,218,245
https://kawalpemilu.org#6214,"TANJONG ULIM, ULIM, PIDIE JAYA, ACEH",1,14,154,168
https://kawalpemilu.org#6214,"TANJONG ULIM, ULIM, PIDIE JAYA, ACEH",2,7,132,139
https://kawalpemilu.org#6215,"MESJID ULIM TUNONG, ULIM, PIDIE JAYA, ACEH",1,12,108,120
https://kawalpemilu.org#6216,"PULO ULIM, ULIM, PIDIE JAYA, ACEH",1,8,141,149
https://kawalpemilu.org#6216,"PULO ULIM, ULIM, PIDIE JAYA, ACEH",2,12,154,166
https://kawalpemilu.org#6216,"PULO ULIM, ULIM, PIDIE JAYA, ACEH",3,11,158,169
https://kawalpemilu.org#6217,"SIBLAH COH, ULIM, PIDIE JAYA, ACEH",1,16,158,174
https://kawalpemilu.org#6217,"SIBLAH COH, ULIM, PIDIE JAYA, ACEH",2,13,186,199
https://kawalpemilu.org#6218,"BIDOK, ULIM, PIDIE JAYA, ACEH",1,15,224,239
https://kawalpemilu.org#6219,"PANTANG COT BALUI, ULIM, PIDIE JAYA, ACEH",1,20,104,124
https://kawalpemilu.org#6219,"PANTANG COT BALUI, ULIM, PIDIE JAYA, ACEH",2,29,106,129
https://kawalpemilu.org#6220,"MEUNASAH PUPU, ULIM, PIDIE JAYA, ACEH",1,37,155,192
https://kawalpemilu.org#6221,"NANGGROE BARAT, ULIM, PIDIE JAYA, ACEH",1,11,98,109
https://kawalpemilu.org#6221,"NANGGROE BARAT, ULIM, PIDIE JAYA, ACEH",2,24,137,161
https://kawalpemilu.org#6221,"NANGGROE BARAT, ULIM, PIDIE JAYA, ACEH",3,19,153,172
https://kawalpemilu.org#6222,"NANGGROE TIMU, ULIM, PIDIE JAYA, ACEH",1,18,122,140
https://kawalpemilu.org#6222,"NANGGROE TIMU, ULIM, PIDIE JAYA, ACEH",2,19,129,148
https://kawalpemilu.org#6222,"NANGGROE TIMU, ULIM, PIDIE JAYA, ACEH",3,20,147,167
https://kawalpemilu.org#6223,"MEUNASAH MESJID, ULIM, PIDIE JAYA, ACEH",1,20,159,179
https://kawalpemilu.org#6224,"BLANG RHEUE, ULIM, PIDIE JAYA, ACEH",1,2,95,97
https://kawalpemilu.org#6225,"COT SEUTUI, ULIM, PIDIE JAYA, ACEH",1,9,201,210
https://kawalpemilu.org#6226,"LHOK GAJAH, ULIM, PIDIE JAYA, ACEH",1,1,60,61
https://kawalpemilu.org#6227,"ALUE KEMIKI, ULIM, PIDIE JAYA, ACEH",1,10,47,57
https://kawalpemilu.org#6228,"BLANG CARI, ULIM, PIDIE JAYA, ACEH",1,12,118,130
https://kawalpemilu.org#6230,"MUKO JURONG, JANGKA BUYA, PIDIE JAYA, ACEH",1,19,131,150
https://kawalpemilu.org#6231,"KUTA BAROH, JANGKA BUYA, PIDIE JAYA, ACEH",1,2,227,227
https://kawalpemilu.org#6232,"MUKO MEUGIT, JANGKA BUYA, PIDIE JAYA, ACEH",1,5,141,146
https://kawalpemilu.org#6233,"KIRAN DAYAH, JANGKA BUYA, PIDIE JAYA, ACEH",1,27,217,244
https://kawalpemilu.org#6234,"KIRAN BAROH, JANGKA BUYA, PIDIE JAYA, ACEH",1,8,160,168
https://kawalpemilu.org#6234,"KIRAN BAROH, JANGKA BUYA, PIDIE JAYA, ACEH",2,6,166,172
https://kawalpemilu.org#6235,"KEURISI MEUNASAH RAYA, JANGKA BUYA, PIDIE JAYA, ACEH",1,15,118,133
https://kawalpemilu.org#6235,"KEURISI MEUNASAH RAYA, JANGKA BUYA, PIDIE JAYA, ACEH",2,16,133,149
https://kawalpemilu.org#6236,"KEURISI MEUNASAH LUENG, JANGKA BUYA, PIDIE JAYA, ACEH",1,3,197,200
https://kawalpemilu.org#6237,"KRS. MNS. BEUREUMBANG, JANGKA BUYA, PIDIE JAYA, ACEH",1,6,138,144
https://kawalpemilu.org#6237,"KRS. MNS. BEUREUMBANG, JANGKA BUYA, PIDIE JAYA, ACEH",2,7,140,147
https://kawalpemilu.org#6238,"MEUNASAH MEE, JANGKA BUYA, PIDIE JAYA, ACEH",1,7,138,145
https://kawalpemilu.org#6238,"MEUNASAH MEE, JANGKA BUYA, PIDIE JAYA, ACEH",2,1,139,140
https://kawalpemilu.org#6239,"MEUNASAH KUMBANG, JANGKA BUYA, PIDIE JAYA, ACEH",1,9,230,239
https://kawalpemilu.org#6240,"KIRAN KRUENG, JANGKA BUYA, PIDIE JAYA, ACEH",1,10,143,153
https://kawalpemilu.org#6240,"KIRAN KRUENG, JANGKA BUYA, PIDIE JAYA, ACEH",2,8,118,126
https://kawalpemilu.org#6241,"BUKET TEUNGOH, JANGKA BUYA, PIDIE JAYA, ACEH",1,16,204,220
https://kawalpemilu.org#6242,"REULUI MANGAT, JANGKA BUYA, PIDIE JAYA, ACEH",1,6,175,181
https://kawalpemilu.org#6242,"REULUI MANGAT, JANGKA BUYA, PIDIE JAYA, ACEH",2,9,180,189
https://kawalpemilu.org#6243,"GAMPONG COT, JANGKA BUYA, PIDIE JAYA, ACEH",1,14,139,153
https://kawalpemilu.org#6243,"GAMPONG COT, JANGKA BUYA, PIDIE JAYA, ACEH",2,8,132,140
https://kawalpemilu.org#6244,"JURONG BINJE, JANGKA BUYA, PIDIE JAYA, ACEH",1,16,184,200
https://kawalpemilu.org#6244,"JURONG BINJE, JANGKA BUYA, PIDIE JAYA, ACEH",2,14,172,186
https://kawalpemilu.org#6244,"JURONG BINJE, JANGKA BUYA, PIDIE JAYA, ACEH",3,29,166,195
https://kawalpemilu.org#6245,"JURONG TEUNGOH, JANGKA BUYA, PIDIE JAYA, ACEH",1,30,181,211
https://kawalpemilu.org#6245,"JURONG TEUNGOH, JANGKA BUYA, PIDIE JAYA, ACEH",2,20,190,210
https://kawalpemilu.org#6245,"JURONG TEUNGOH, JANGKA BUYA, PIDIE JAYA, ACEH",3,25,190,215
https://kawalpemilu.org#6246,"JURONG ARA, JANGKA BUYA, PIDIE JAYA, ACEH",1,18,169,187
https://kawalpemilu.org#6246,"JURONG ARA, JANGKA BUYA, PIDIE JAYA, ACEH",2,24,159,179
https://kawalpemilu.org#6247,"KEUDE JANGKA BUYA, JANGKA BUYA, PIDIE JAYA, ACEH",1,4,187,191
https://kawalpemilu.org#6249,"KEUDE ULEE GLE, BANDAR DUA, PIDIE JAYA, ACEH",1,12,111,123
https://kawalpemilu.org#6250,"GAMPONG ULE GLE, BANDAR DUA, PIDIE JAYA, ACEH",1,15,169,184
https://kawalpemilu.org#6250,"GAMPONG ULE GLE, BANDAR DUA, PIDIE JAYA, ACEH",2,17,169,186
https://kawalpemilu.org#6250,"GAMPONG ULE GLE, BANDAR DUA, PIDIE JAYA, ACEH",3,9,172,181
https://kawalpemilu.org#6250,"GAMPONG ULE GLE, BANDAR DUA, PIDIE JAYA, ACEH",4,12,174,186
https://kawalpemilu.org#6250,"GAMPONG ULE GLE, BANDAR DUA, PIDIE JAYA, ACEH",5,13,160,173
https://kawalpemilu.org#6251,"BLANG DALAM, BANDAR DUA, PIDIE JAYA, ACEH",1,9,174,183
https://kawalpemilu.org#6251,"BLANG DALAM, BANDAR DUA, PIDIE JAYA, ACEH",2,11,163,174
https://kawalpemilu.org#6251,"BLANG DALAM, BANDAR DUA, PIDIE JAYA, ACEH",3,19,161,5
https://kawalpemilu.org#6252,"GAMPONG BARO, BANDAR DUA, PIDIE JAYA, ACEH",1,6,69,75
https://kawalpemilu.org#6253,"PULO, BANDAR DUA, PIDIE JAYA, ACEH",1,17,237,254
https://kawalpemilu.org#6253,"PULO, BANDAR DUA, PIDIE JAYA, ACEH",2,20,210,230
https://kawalpemilu.org#6254,"MUKO KUTHANG, BANDAR DUA, PIDIE JAYA, ACEH",1,6,208,214
https://kawalpemilu.org#6254,"MUKO KUTHANG, BANDAR DUA, PIDIE JAYA, ACEH",2,8,224,232
https://kawalpemilu.org#6254,"MUKO KUTHANG, BANDAR DUA, PIDIE JAYA, ACEH",3,9,213,222
https://kawalpemilu.org#6255,"UTEUN BAYU, BANDAR DUA, PIDIE JAYA, ACEH",1,13,173,186
https://kawalpemilu.org#6255,"UTEUN BAYU, BANDAR DUA, PIDIE JAYA, ACEH",2,15,201,216
https://kawalpemilu.org#6255,"UTEUN BAYU, BANDAR DUA, PIDIE JAYA, ACEH",3,20,171,191
https://kawalpemilu.org#6256,"ALUE KETAPANG, BANDAR DUA, PIDIE JAYA, ACEH",1,5,156,161
https://kawalpemilu.org#6256,"ALUE KETAPANG, BANDAR DUA, PIDIE JAYA, ACEH",2,2,170,172
https://kawalpemilu.org#6257,"JAULANGA BARAT, BANDAR DUA, PIDIE JAYA, ACEH",1,11,159,170
https://kawalpemilu.org#6257,"JAULANGA BARAT, BANDAR DUA, PIDIE JAYA, ACEH",2,9,143,152
https://kawalpemilu.org#6257,"JAULANGA BARAT, BANDAR DUA, PIDIE JAYA, ACEH",3,14,165,179
https://kawalpemilu.org#6258,"KUMBA, BANDAR DUA, PIDIE JAYA, ACEH",1,14,142,156
https://kawalpemilu.org#6258,"KUMBA, BANDAR DUA, PIDIE JAYA, ACEH",2,12,141,153
https://kawalpemilu.org#6258,"KUMBA, BANDAR DUA, PIDIE JAYA, ACEH",3,3,136,139
https://kawalpemilu.org#6259,"BABAH KREUNG, BANDAR DUA, PIDIE JAYA, ACEH",1,14,161,6
https://kawalpemilu.org#6259,"BABAH KREUNG, BANDAR DUA, PIDIE JAYA, ACEH",2,16,174,190
https://kawalpemilu.org#6259,"BABAH KREUNG, BANDAR DUA, PIDIE JAYA, ACEH",3,20,183,203
https://kawalpemilu.org#6260,"POHROH, BANDAR DUA, PIDIE JAYA, ACEH",1,4,142,146
https://kawalpemilu.org#6261,"SEUNONG, BANDAR DUA, PIDIE JAYA, ACEH",1,16,144,160
https://kawalpemilu.org#6262,"ALUE MEE, BANDAR DUA, PIDIE JAYA, ACEH",1,18,178,196
https://kawalpemilu.org#6263,"BLANG KUTA, BANDAR DUA, PIDIE JAYA, ACEH",1,16,123,139
https://kawalpemilu.org#6263,"BLANG KUTA, BANDAR DUA, PIDIE JAYA, ACEH",2,19,139,158
https://kawalpemilu.org#6263,"BLANG KUTA, BANDAR DUA, PIDIE JAYA, ACEH",3,16,127,143
https://kawalpemilu.org#6264,"DRIEN TUJOH, BANDAR DUA, PIDIE JAYA, ACEH",1,9,189,198
https://kawalpemilu.org#6264,"DRIEN TUJOH, BANDAR DUA, PIDIE JAYA, ACEH",2,18,167,185
https://kawalpemilu.org#6265,"ALUE SANE, BANDAR DUA, PIDIE JAYA, ACEH",1,13,192,205
https://kawalpemilu.org#6265,"ALUE SANE, BANDAR DUA, PIDIE JAYA, ACEH",2,20,161,181
https://kawalpemilu.org#6266,"GAHARU, BANDAR DUA, PIDIE JAYA, ACEH",1,23,134,157
https://kawalpemilu.org#6266,"GAHARU, BANDAR DUA, PIDIE JAYA, ACEH",2,21,117,138
https://kawalpemilu.org#6267,"LHOK PUSONG, BANDAR DUA, PIDIE JAYA, ACEH",1,3,129,132
https://kawalpemilu.org#6267,"LHOK PUSONG, BANDAR DUA, PIDIE JAYA, ACEH",2,13,119,132
https://kawalpemilu.org#6268,"PAYA PISANG KLAT, BANDAR DUA, PIDIE JAYA, ACEH",1,17,198,209
https://kawalpemilu.org#6268,"PAYA PISANG KLAT, BANDAR DUA, PIDIE JAYA, ACEH",2,11,176,187
https://kawalpemilu.org#6268,"PAYA PISANG KLAT, BANDAR DUA, PIDIE JAYA, ACEH",3,16,194,210
https://kawalpemilu.org#6269,"COT GEUREUFAI, BANDAR DUA, PIDIE JAYA, ACEH",1,9,133,16
https://kawalpemilu.org#6270,"MUKO DAYAH, BANDAR DUA, PIDIE JAYA, ACEH",1,18,176,194
https://kawalpemilu.org#6270,"MUKO DAYAH, BANDAR DUA, PIDIE JAYA, ACEH",2,8,178,186
https://kawalpemilu.org#6270,"MUKO DAYAH, BANDAR DUA, PIDIE JAYA, ACEH",3,13,164,177
https://kawalpemilu.org#6271,"MUKO BULOH, BANDAR DUA, PIDIE JAYA, ACEH",1,5,133,138
https://kawalpemilu.org#6272,"PEULAKAN TUNONG, BANDAR DUA, PIDIE JAYA, ACEH",1,8,188,196
https://kawalpemilu.org#6273,"ADAN, BANDAR DUA, PIDIE JAYA, ACEH",1,11,139,6
https://kawalpemilu.org#6273,"ADAN, BANDAR DUA, PIDIE JAYA, ACEH",2,5,132,137
https://kawalpemilu.org#6274,"MEUGIT KAYE PANYANG, BANDAR DUA, PIDIE JAYA, ACEH",1,10,125,135
https://kawalpemilu.org#6274,"MEUGIT KAYE PANYANG, BANDAR DUA, PIDIE JAYA, ACEH",2,7,119,126
https://kawalpemilu.org#6275,"MEUGIT SAGOE, BANDAR DUA, PIDIE JAYA, ACEH",1,5,145,150
https://kawalpemilu.org#6276,"MEURANDEH ALUE, BANDAR DUA, PIDIE JAYA, ACEH",1,6,199,205
https://kawalpemilu.org#6276,"MEURANDEH ALUE, BANDAR DUA, PIDIE JAYA, ACEH",2,15,231,246
https://kawalpemilu.org#6276,"MEURANDEH ALUE, BANDAR DUA, PIDIE JAYA, ACEH",3,10,168,178
https://kawalpemilu.org#6276,"MEURANDEH ALUE, BANDAR DUA, PIDIE JAYA, ACEH",4,5,186,191
https://kawalpemilu.org#6277,"REUDEUP MELAYU, BANDAR DUA, PIDIE JAYA, ACEH",1,7,177,181
https://kawalpemilu.org#6278,"MEUNASAH PAKU, BANDAR DUA, PIDIE JAYA, ACEH",1,15,176,191
https://kawalpemilu.org#6279,"JEULANGA MATA IE, BANDAR DUA, PIDIE JAYA, ACEH",1,12,133,145
https://kawalpemilu.org#6280,"JEULANGA MESJID, BANDAR DUA, PIDIE JAYA, ACEH",1,6,197,203
https://kawalpemilu.org#6281,"PULO GAPU, BANDAR DUA, PIDIE JAYA, ACEH",1,4,103,107
https://kawalpemilu.org#6282,"BLANG MIROE, BANDAR DUA, PIDIE JAYA, ACEH",1,12,150,162
https://kawalpemilu.org#6282,"BLANG MIROE, BANDAR DUA, PIDIE JAYA, ACEH",2,11,136,147
https://kawalpemilu.org#6283,"BEURASAN, BANDAR DUA, PIDIE JAYA, ACEH",1,20,142,162
https://kawalpemilu.org#6284,"COT KENG, BANDAR DUA, PIDIE JAYA, ACEH",1,29,115,144
https://kawalpemilu.org#6285,"KRUENG KIRAN, BANDAR DUA, PIDIE JAYA, ACEH",1,7,127,134
https://kawalpemilu.org#6285,"KRUENG KIRAN, BANDAR DUA, PIDIE JAYA, ACEH",2,9,118,127
https://kawalpemilu.org#6286,"ASAN KUMBANG, BANDAR DUA, PIDIE JAYA, ACEH",1,11,205,216
https://kawalpemilu.org#6287,"DRIEN BUNGONG, BANDAR DUA, PIDIE JAYA, ACEH",1,10,150,160
https://kawalpemilu.org#6287,"DRIEN BUNGONG, BANDAR DUA, PIDIE JAYA, ACEH",2,16,151,167
https://kawalpemilu.org#6288,"PEULAKAN CIBREK, BANDAR DUA, PIDIE JAYA, ACEH",1,2,116,118
https://kawalpemilu.org#6288,"PEULAKAN CIBREK, BANDAR DUA, PIDIE JAYA, ACEH",2,6,123,129
https://kawalpemilu.org#6289,"PAYA TUNONG, BANDAR DUA, PIDIE JAYA, ACEH",1,9,151,160
https://kawalpemilu.org#6290,"PEULAKAN TAMBO, BANDAR DUA, PIDIE JAYA, ACEH",1,7,156,163
https://kawalpemilu.org#6291,"PAYA BAROH, BANDAR DUA, PIDIE JAYA, ACEH",1,16,93,109
https://kawalpemilu.org#6291,"PAYA BAROH, BANDAR DUA, PIDIE JAYA, ACEH",2,15,112,127
https://kawalpemilu.org#6292,"MUKO BAROH, BANDAR DUA, PIDIE JAYA, ACEH",1,10,136,146
https://kawalpemilu.org#6292,"MUKO BAROH, BANDAR DUA, PIDIE JAYA, ACEH",2,11,127,138
https://kawalpemilu.org#6293,"KUTA KRUENG, BANDAR DUA, PIDIE JAYA, ACEH",1,22,156,178
https://kawalpemilu.org#6293,"KUTA KRUENG, BANDAR DUA, PIDIE JAYA, ACEH",2,16,153,169
https://kawalpemilu.org#6295,"LHOK SANDENG, MEURAH DUA, PIDIE JAYA, ACEH",1,13,97,110
https://kawalpemilu.org#6296,"SARA MANE, MEURAH DUA, PIDIE JAYA, ACEH",1,22,125,147
https://kawalpemilu.org#6297,"SEUNONG, MEURAH DUA, PIDIE JAYA, ACEH",1,5,237,242
https://kawalpemilu.org#6297,"SEUNONG, MEURAH DUA, PIDIE JAYA, ACEH",2,11,229,240
https://kawalpemilu.org#6298,"LANCOK, MEURAH DUA, PIDIE JAYA, ACEH",1,11,169,180
https://kawalpemilu.org#6298,"LANCOK, MEURAH DUA, PIDIE JAYA, ACEH",2,6,147,153
https://kawalpemilu.org#6299,"MEUNASAH KULAM, MEURAH DUA, PIDIE JAYA, ACEH",1,11,156,167
https://kawalpemilu.org#6299,"MEUNASAH KULAM, MEURAH DUA, PIDIE JAYA, ACEH",2,17,144,161
https://kawalpemilu.org#6300,"MEUNASAH TEUNGOH, MEURAH DUA, PIDIE JAYA, ACEH",1,17,151,168
https://kawalpemilu.org#6300,"MEUNASAH TEUNGOH, MEURAH DUA, PIDIE JAYA, ACEH",2,15,150,165
https://kawalpemilu.org#6301,"MEUNASAH BIE, MEURAH DUA, PIDIE JAYA, ACEH",1,21,188,209
https://kawalpemilu.org#6301,"MEUNASAH BIE, MEURAH DUA, PIDIE JAYA, ACEH",2,25,189,214
https://kawalpemilu.org#6301,"MEUNASAH BIE, MEURAH DUA, PIDIE JAYA, ACEH",3,18,182,200
https://kawalpemilu.org#6302,"MEUNASAH RAYA, MEURAH DUA, PIDIE JAYA, ACEH",1,27,186,213
https://kawalpemilu.org#6302,"MEUNASAH RAYA, MEURAH DUA, PIDIE JAYA, ACEH",2,36,155,191
https://kawalpemilu.org#6302,"MEUNASAH RAYA, MEURAH DUA, PIDIE JAYA, ACEH",3,21,193,214
https://kawalpemilu.org#6303,"GEUNTENG, MEURAH DUA, PIDIE JAYA, ACEH",1,12,176,188
https://kawalpemilu.org#6304,"GAMPONG BLANG, MEURAH DUA, PIDIE JAYA, ACEH",1,11,201,212
https://kawalpemilu.org#6305,"MEUNASAH BLANG CUT, MEURAH DUA, PIDIE JAYA, ACEH",1,4,124,128
https://kawalpemilu.org#6305,"MEUNASAH BLANG CUT, MEURAH DUA, PIDIE JAYA, ACEH",2,6,124,130
https://kawalpemilu.org#6306,"DAYAH KRUET, MEURAH DUA, PIDIE JAYA, ACEH",1,0,0,216
https://kawalpemilu.org#6306,"DAYAH KRUET, MEURAH DUA, PIDIE JAYA, ACEH",2,11,185,196
https://kawalpemilu.org#6307,"MEUNASAH MANCANG, MEURAH DUA, PIDIE JAYA, ACEH",1,3,129,132
https://kawalpemilu.org#6307,"MEUNASAH MANCANG, MEURAH DUA, PIDIE JAYA, ACEH",2,3,124,127
https://kawalpemilu.org#6308,"MENSH. DAYAH USEN, MEURAH DUA, PIDIE JAYA, ACEH",1,13,166,179
https://kawalpemilu.org#6309,"LUENG BIMBA, MEURAH DUA, PIDIE JAYA, ACEH",1,24,225,249
https://kawalpemilu.org#6309,"LUENG BIMBA, MEURAH DUA, PIDIE JAYA, ACEH",2,12,232,244
https://kawalpemilu.org#6310,"BEURINGEN, MEURAH DUA, PIDIE JAYA, ACEH",1,17,164,181
https://kawalpemilu.org#6310,"BEURINGEN, MEURAH DUA, PIDIE JAYA, ACEH",2,15,165,180
https://kawalpemilu.org#6310,"BEURINGEN, MEURAH DUA, PIDIE JAYA, ACEH",3,14,162,176
https://kawalpemilu.org#6311,"BUANGA, MEURAH DUA, PIDIE JAYA, ACEH",1,11,201,212
https://kawalpemilu.org#6311,"BUANGA, MEURAH DUA, PIDIE JAYA, ACEH",2,14,199,213
https://kawalpemilu.org#6312,"MEUNASAH JURONG, MEURAH DUA, PIDIE JAYA, ACEH",1,17,234,251
https://kawalpemilu.org#6312,"MEUNASAH JURONG, MEURAH DUA, PIDIE JAYA, ACEH",2,24,212,236
https://kawalpemilu.org#6312,"MEUNASAH JURONG, MEURAH DUA, PIDIE JAYA, ACEH",3,23,207,230
https://kawalpemilu.org#6313,"PANTE BEUREUNE, MEURAH DUA, PIDIE JAYA, ACEH",1,17,200,217
https://kawalpemilu.org#6315,"MNS. CUT NYONG, BANDAR BARU, PIDIE JAYA, ACEH",1,10,213,223
https://kawalpemilu.org#6315,"MNS. CUT NYONG, BANDAR BARU, PIDIE JAYA, ACEH",2,15,216,231
https://kawalpemilu.org#6316,"GAMPONG NYONG, BANDAR BARU, PIDIE JAYA, ACEH",1,12,170,182
https://kawalpemilu.org#6316,"GAMPONG NYONG, BANDAR BARU, PIDIE JAYA, ACEH",2,5,174,179
https://kawalpemilu.org#6317,"MNS. BARO, BANDAR BARU, PIDIE JAYA, ACEH",1,10,120,130
https://kawalpemilu.org#6317,"MNS. BARO, BANDAR BARU, PIDIE JAYA, ACEH",2,8,127,135
https://kawalpemilu.org#6318,"MNS.PULO RHENG, BANDAR BARU, PIDIE JAYA, ACEH",1,8,202,210
https://kawalpemilu.org#6319,"MNS DAYAH NYONG, BANDAR BARU, PIDIE JAYA, ACEH",1,22,167,189
https://kawalpemilu.org#6319,"MNS DAYAH NYONG, BANDAR BARU, PIDIE JAYA, ACEH",2,20,168,188
https://kawalpemilu.org#6320,"MNS DABOIH, BANDAR BARU, PIDIE JAYA, ACEH",1,4,132,136
https://kawalpemilu.org#6320,"MNS DABOIH, BANDAR BARU, PIDIE JAYA, ACEH",2,8,137,145
https://kawalpemilu.org#6321,"MNS. BEURANDEH, BANDAR BARU, PIDIE JAYA, ACEH",1,3,159,162
https://kawalpemilu.org#6321,"MNS. BEURANDEH, BANDAR BARU, PIDIE JAYA, ACEH",2,3,151,154
https://kawalpemilu.org#6322,"MNS. KAYE RAYA, BANDAR BARU, PIDIE JAYA, ACEH",1,14,153,167
https://kawalpemilu.org#6322,"MNS. KAYE RAYA, BANDAR BARU, PIDIE JAYA, ACEH",2,14,150,164
https://kawalpemilu.org#6323,"MNS. BLANG GLONG, BANDAR BARU, PIDIE JAYA, ACEH",1,10,174,184
https://kawalpemilu.org#6323,"MNS. BLANG GLONG, BANDAR BARU, PIDIE JAYA, ACEH",2,13,168,181
https://kawalpemilu.org#6324,"MEUNASAH TUTONG, BANDAR BARU, PIDIE JAYA, ACEH",1,8,177,185
https://kawalpemilu.org#6324,"MEUNASAH TUTONG, BANDAR BARU, PIDIE JAYA, ACEH",2,8,179,187
https://kawalpemilu.org#6325,"MEUNASAH SIREN, BANDAR BARU, PIDIE JAYA, ACEH",1,10,153,163
https://kawalpemilu.org#6325,"MEUNASAH SIREN, BANDAR BARU, PIDIE JAYA, ACEH",2,7,191,198
https://kawalpemilu.org#6325,"MEUNASAH SIREN, BANDAR BARU, PIDIE JAYA, ACEH",3,14,157,171
https://kawalpemilu.org#6326,"MEUNASAH KEUDE, BANDAR BARU, PIDIE JAYA, ACEH",1,15,166,181
https://kawalpemilu.org#6326,"MEUNASAH KEUDE, BANDAR BARU, PIDIE JAYA, ACEH",2,15,187,202
https://kawalpemilu.org#6326,"MEUNASAH KEUDE, BANDAR BARU, PIDIE JAYA, ACEH",3,13,179,192
https://kawalpemilu.org#6326,"MEUNASAH KEUDE, BANDAR BARU, PIDIE JAYA, ACEH",4,9,201,210
https://kawalpemilu.org#6326,"MEUNASAH KEUDE, BANDAR BARU, PIDIE JAYA, ACEH",5,18,160,178
https://kawalpemilu.org#6327,"MNS PUEB LUENG NIBONG, BANDAR BARU, PIDIE JAYA, ACEH",1,2,189,191
https://kawalpemilu.org#6327,"MNS PUEB LUENG NIBONG, BANDAR BARU, PIDIE JAYA, ACEH",2,5,209,214
https://kawalpemilu.org#6327,"MNS PUEB LUENG NIBONG, BANDAR BARU, PIDIE JAYA, ACEH",3,9,192,9
https://kawalpemilu.org#6328,"MNS. BAROH MUSA, BANDAR BARU, PIDIE JAYA, ACEH",1,9,191,200
https://kawalpemilu.org#6328,"MNS. BAROH MUSA, BANDAR BARU, PIDIE JAYA, ACEH",2,10,210,220
https://kawalpemilu.org#6328,"MNS. BAROH MUSA, BANDAR BARU, PIDIE JAYA, ACEH",3,9,185,194
https://kawalpemilu.org#6328,"MNS. BAROH MUSA, BANDAR BARU, PIDIE JAYA, ACEH",4,10,182,192
https://kawalpemilu.org#6329,"MNS TEUNGOH MUSA, BANDAR BARU, PIDIE JAYA, ACEH",1,8,151,159
https://kawalpemilu.org#6329,"MNS TEUNGOH MUSA, BANDAR BARU, PIDIE JAYA, ACEH",2,17,142,159
https://kawalpemilu.org#6329,"MNS TEUNGOH MUSA, BANDAR BARU, PIDIE JAYA, ACEH",3,11,155,166
https://kawalpemilu.org#6329,"MNS TEUNGOH MUSA, BANDAR BARU, PIDIE JAYA, ACEH",4,13,158,171
https://kawalpemilu.org#6330,"MNS BALEE, BANDAR BARU, PIDIE JAYA, ACEH",1,8,140,148
https://kawalpemilu.org#6330,"MNS BALEE, BANDAR BARU, PIDIE JAYA, ACEH",2,15,150,165
https://kawalpemilu.org#6330,"MNS BALEE, BANDAR BARU, PIDIE JAYA, ACEH",3,8,167,175
https://kawalpemilu.org#6331,"MNS UDEUNG, BANDAR BARU, PIDIE JAYA, ACEH",1,21,160,181
https://kawalpemilu.org#6331,"MNS UDEUNG, BANDAR BARU, PIDIE JAYA, ACEH",2,15,148,163
https://kawalpemilu.org#6331,"MNS UDEUNG, BANDAR BARU, PIDIE JAYA, ACEH",3,19,165,184
https://kawalpemilu.org#6331,"MNS UDEUNG, BANDAR BARU, PIDIE JAYA, ACEH",4,24,143,167
https://kawalpemilu.org#6332,"MEUNASAH ARA, BANDAR BARU, PIDIE JAYA, ACEH",1,17,147,164
https://kawalpemilu.org#6332,"MEUNASAH ARA, BANDAR BARU, PIDIE JAYA, ACEH",2,10,156,166
https://kawalpemilu.org#6332,"MEUNASAH ARA, BANDAR BARU, PIDIE JAYA, ACEH",3,13,136,149
https://kawalpemilu.org#6333,"MNS BAROH LANCOK, BANDAR BARU, PIDIE JAYA, ACEH",1,17,186,203
https://kawalpemilu.org#6333,"MNS BAROH LANCOK, BANDAR BARU, PIDIE JAYA, ACEH",2,26,191,217
https://kawalpemilu.org#6333,"MNS BAROH LANCOK, BANDAR BARU, PIDIE JAYA, ACEH",3,18,179,197
https://kawalpemilu.org#6333,"MNS BAROH LANCOK, BANDAR BARU, PIDIE JAYA, ACEH",4,20,186,206
https://kawalpemilu.org#6333,"MNS BAROH LANCOK, BANDAR BARU, PIDIE JAYA, ACEH",5,25,163,188
https://kawalpemilu.org#6334,"MNS MANYANG, BANDAR BARU, PIDIE JAYA, ACEH",1,19,169,188
https://kawalpemilu.org#6334,"MNS MANYANG, BANDAR BARU, PIDIE JAYA, ACEH",2,12,167,179
https://kawalpemilu.org#6335,"MNS MESJID, BANDAR BARU, PIDIE JAYA, ACEH",1,8,177,10
https://kawalpemilu.org#6335,"MNS MESJID, BANDAR BARU, PIDIE JAYA, ACEH",2,15,166,181
https://kawalpemilu.org#6336,"MNS PULO PUEB, BANDAR BARU, PIDIE JAYA, ACEH",1,3,178,181
https://kawalpemilu.org#6336,"MNS PULO PUEB, BANDAR BARU, PIDIE JAYA, ACEH",2,8,178,186
https://kawalpemilu.org#6336,"MNS PULO PUEB, BANDAR BARU, PIDIE JAYA, ACEH",3,9,171,180
https://kawalpemilu.org#6337,"MNS SAWANG, BANDAR BARU, PIDIE JAYA, ACEH",1,4,106,110
https://kawalpemilu.org#6337,"MNS SAWANG, BANDAR BARU, PIDIE JAYA, ACEH",2,2,122,124
https://kawalpemilu.org#6338,"MNS TUHA LADA, BANDAR BARU, PIDIE JAYA, ACEH",1,4,142,146
https://kawalpemilu.org#6338,"MNS TUHA LADA, BANDAR BARU, PIDIE JAYA, ACEH",2,7,146,153
https://kawalpemilu.org#6339,"MNS CUT LANGGIENG, BANDAR BARU, PIDIE JAYA, ACEH",1,5,182,187
https://kawalpemilu.org#6339,"MNS CUT LANGGIENG, BANDAR BARU, PIDIE JAYA, ACEH",2,9,180,189
https://kawalpemilu.org#6340,"MNS SAGOE, BANDAR BARU, PIDIE JAYA, ACEH",1,12,221,233
https://kawalpemilu.org#6340,"MNS SAGOE, BANDAR BARU, PIDIE JAYA, ACEH",2,7,216,5
https://kawalpemilu.org#6340,"MNS SAGOE, BANDAR BARU, PIDIE JAYA, ACEH",3,7,217,224
https://kawalpemilu.org#6341,"MNS DAYAH LANGGIENG, BANDAR BARU, PIDIE JAYA, ACEH",1,37,185,222
https://kawalpemilu.org#6342,"MNS BAROH COT, BANDAR BARU, PIDIE JAYA, ACEH",1,13,218,231
https://kawalpemilu.org#6342,"MNS BAROH COT, BANDAR BARU, PIDIE JAYA, ACEH",2,20,213,233
https://kawalpemilu.org#6343,"MNS BLANG IBOIH, BANDAR BARU, PIDIE JAYA, ACEH",1,15,135,150
https://kawalpemilu.org#6343,"MNS BLANG IBOIH, BANDAR BARU, PIDIE JAYA, ACEH",2,13,146,159
https://kawalpemilu.org#6344,"MNS BLANG SUKON, BANDAR BARU, PIDIE JAYA, ACEH",1,19,217,236
https://kawalpemilu.org#6344,"MNS BLANG SUKON, BANDAR BARU, PIDIE JAYA, ACEH",2,19,214,233
https://kawalpemilu.org#6344,"MNS BLANG SUKON, BANDAR BARU, PIDIE JAYA, ACEH",3,16,218,234
https://kawalpemilu.org#6344,"MNS BLANG SUKON, BANDAR BARU, PIDIE JAYA, ACEH",4,21,215,236
https://kawalpemilu.org#6345,"MNS KAYEE JATOE, BANDAR BARU, PIDIE JAYA, ACEH",1,21,244,265
https://kawalpemilu.org#6345,"MNS KAYEE JATOE, BANDAR BARU, PIDIE JAYA, ACEH",2,17,247,264
https://kawalpemilu.org#6345,"MNS KAYEE JATOE, BANDAR BARU, PIDIE JAYA, ACEH",3,14,241,255
https://kawalpemilu.org#6345,"MNS KAYEE JATOE, BANDAR BARU, PIDIE JAYA, ACEH",4,18,248,266
https://kawalpemilu.org#6346,"MNS BLANG BARO, BANDAR BARU, PIDIE JAYA, ACEH",1,17,167,184
https://kawalpemilu.org#6346,"MNS BLANG BARO, BANDAR BARU, PIDIE JAYA, ACEH",2,15,182,197
https://kawalpemilu.org#6346,"MNS BLANG BARO, BANDAR BARU, PIDIE JAYA, ACEH",3,12,192,204
https://kawalpemilu.org#6346,"MNS BLANG BARO, BANDAR BARU, PIDIE JAYA, ACEH",4,20,171,191
https://kawalpemilu.org#6347,"MNS LANCANG, BANDAR BARU, PIDIE JAYA, ACEH",1,16,187,203
https://kawalpemilu.org#6347,"MNS LANCANG, BANDAR BARU, PIDIE JAYA, ACEH",2,11,199,210
https://kawalpemilu.org#6347,"MNS LANCANG, BANDAR BARU, PIDIE JAYA, ACEH",3,18,185,203
https://kawalpemilu.org#6347,"MNS LANCANG, BANDAR BARU, PIDIE JAYA, ACEH",4,17,176,193
https://kawalpemilu.org#6348,"MNS PARU KEUDE, BANDAR BARU, PIDIE JAYA, ACEH",1,17,187,204
https://kawalpemilu.org#6348,"MNS PARU KEUDE, BANDAR BARU, PIDIE JAYA, ACEH",2,14,159,173
https://kawalpemilu.org#6348,"MNS PARU KEUDE, BANDAR BARU, PIDIE JAYA, ACEH",4,9,201,210
https://kawalpemilu.org#6348,"MNS PARU KEUDE, BANDAR BARU, PIDIE JAYA, ACEH",5,25,208,233
https://kawalpemilu.org#6348,"MNS PARU KEUDE, BANDAR BARU, PIDIE JAYA, ACEH",6,14,159,173
https://kawalpemilu.org#6348,"MNS PARU KEUDE, BANDAR BARU, PIDIE JAYA, ACEH",7,20,175,193
https://kawalpemilu.org#6348,"MNS PARU KEUDE, BANDAR BARU, PIDIE JAYA, ACEH",8,17,246,263
https://kawalpemilu.org#6349,"MNS BLANG KRUENG, BANDAR BARU, PIDIE JAYA, ACEH",1,13,114,127
https://kawalpemilu.org#6350,"MNS JIJIEM, BANDAR BARU, PIDIE JAYA, ACEH",1,30,161,191
https://kawalpemilu.org#6350,"MNS JIJIEM, BANDAR BARU, PIDIE JAYA, ACEH",2,32,148,180
https://kawalpemilu.org#6351,"MNS SARAH PANYANG, BANDAR BARU, PIDIE JAYA, ACEH",1,26,209,235
https://kawalpemilu.org#6352,"MNS ABAH LUENG, BANDAR BARU, PIDIE JAYA, ACEH",1,23,222,245
https://kawalpemilu.org#6353,"MNS AKI NEUNGOH, BANDAR BARU, PIDIE JAYA, ACEH",1,7,113,120
https://kawalpemilu.org#6354,"MNS UJONG LEBAT, BANDAR BARU, PIDIE JAYA, ACEH",1,12,141,153
https://kawalpemilu.org#6354,"MNS UJONG LEBAT, BANDAR BARU, PIDIE JAYA, ACEH",2,11,144,155
https://kawalpemilu.org#6356,"MEUNASAH ALUE, BANDAR BARU, PIDIE JAYA, ACEH",1,13,194,207
https://kawalpemilu.org#6357,"PARU COT, BANDAR BARU, PIDIE JAYA, ACEH",1,22,200,222
https://kawalpemilu.org#6357,"PARU COT, BANDAR BARU, PIDIE JAYA, ACEH",2,19,173,192
https://kawalpemilu.org#84193,"MNS TANOH MIRAH, BANDAR BARU, PIDIE JAYA, ACEH",1,10,111,121
https://kawalpemilu.org#6359,"KEUDE, PANTERAJA, PIDIE JAYA, ACEH",1,22,187,209
https://kawalpemilu.org#6359,"KEUDE, PANTERAJA, PIDIE JAYA, ACEH",2,12,200,212
https://kawalpemilu.org#6359,"KEUDE, PANTERAJA, PIDIE JAYA, ACEH",3,6,182,188
https://kawalpemilu.org#6359,"KEUDE, PANTERAJA, PIDIE JAYA, ACEH",4,16,196,212
https://kawalpemilu.org#6359,"KEUDE, PANTERAJA, PIDIE JAYA, ACEH",5,0,0,0
https://kawalpemilu.org#6360,"TU PANTE RAJA, PANTERAJA, PIDIE JAYA, ACEH",1,11,173,184
https://kawalpemilu.org#6360,"TU PANTE RAJA, PANTERAJA, PIDIE JAYA, ACEH",2,6,186,192
https://kawalpemilu.org#6361,"HAGU, PANTERAJA, PIDIE JAYA, ACEH",1,14,225,239
https://kawalpemilu.org#6362,"MUKA BLANG, PANTERAJA, PIDIE JAYA, ACEH",1,8,222,230
https://kawalpemilu.org#6362,"MUKA BLANG, PANTERAJA, PIDIE JAYA, ACEH",2,19,209,224
https://kawalpemilu.org#6363,"LHOK PUUK, PANTERAJA, PIDIE JAYA, ACEH",1,7,189,190
https://kawalpemilu.org#6363,"LHOK PUUK, PANTERAJA, PIDIE JAYA, ACEH",2,17,173,190
https://kawalpemilu.org#6364,"MESJID, PANTERAJA, PIDIE JAYA, ACEH",1,22,187,209
https://kawalpemilu.org#6364,"MESJID, PANTERAJA, PIDIE JAYA, ACEH",2,15,205,220
https://kawalpemilu.org#6364,"MESJID, PANTERAJA, PIDIE JAYA, ACEH",3,23,182,205
https://kawalpemilu.org#6365,"TEUNGOH, PANTERAJA, PIDIE JAYA, ACEH",1,6,207,213
https://kawalpemilu.org#6365,"TEUNGOH, PANTERAJA, PIDIE JAYA, ACEH",2,5,174,179
https://kawalpemilu.org#6366,"TUNONG, PANTERAJA, PIDIE JAYA, ACEH",1,11,182,193
https://kawalpemilu.org#6366,"TUNONG, PANTERAJA, PIDIE JAYA, ACEH",2,20,168,188
https://kawalpemilu.org#6367,"PEURADE, PANTERAJA, PIDIE JAYA, ACEH",1,14,234,248
https://kawalpemilu.org#6367,"PEURADE, PANTERAJA, PIDIE JAYA, ACEH",2,16,207,223
https://kawalpemilu.org#6367,"PEURADE, PANTERAJA, PIDIE JAYA, ACEH",3,25,204,229
https://kawalpemilu.org#6368,"REUDEP, PANTERAJA, PIDIE JAYA, ACEH",1,28,194,222
https://kawalpemilu.org#6368,"REUDEP, PANTERAJA, PIDIE JAYA, ACEH",2,34,178,212
https://kawalpemilu.org#6370,"SAGOE, TRIENGGADENG, PIDIE JAYA, ACEH",1,21,189,210
https://kawalpemilu.org#6370,"SAGOE, TRIENGGADENG, PIDIE JAYA, ACEH",2,10,141,151
https://kawalpemilu.org#6370,"SAGOE, TRIENGGADENG, PIDIE JAYA, ACEH",3,6,170,176
https://kawalpemilu.org#6370,"SAGOE, TRIENGGADENG, PIDIE JAYA, ACEH",4,12,156,168
https://kawalpemilu.org#6370,"SAGOE, TRIENGGADENG, PIDIE JAYA, ACEH",5,15,153,168
https://kawalpemilu.org#6370,"SAGOE, TRIENGGADENG, PIDIE JAYA, ACEH",6,18,198,216
https://kawalpemilu.org#6371,"MEE PEUDUEK, TRIENGGADENG, PIDIE JAYA, ACEH",1,32,198,230
https://kawalpemilu.org#6371,"MEE PEUDUEK, TRIENGGADENG, PIDIE JAYA, ACEH",2,31,188,219
https://kawalpemilu.org#6372,"MESJID PEUDUEK, TRIENGGADENG, PIDIE JAYA, ACEH",1,16,208,224
https://kawalpemilu.org#6372,"MESJID PEUDUEK, TRIENGGADENG, PIDIE JAYA, ACEH",2,18,190,208
https://kawalpemilu.org#6372,"MESJID PEUDUEK, TRIENGGADENG, PIDIE JAYA, ACEH",3,26,185,211
https://kawalpemilu.org#6373,"TUHA, TRIENGGADENG, PIDIE JAYA, ACEH",1,13,166,179
https://kawalpemilu.org#6373,"TUHA, TRIENGGADENG, PIDIE JAYA, ACEH",2,9,180,189
https://kawalpemilu.org#6374,"REUSEB, TRIENGGADENG, PIDIE JAYA, ACEH",1,25,120,145
https://kawalpemilu.org#6374,"REUSEB, TRIENGGADENG, PIDIE JAYA, ACEH",2,6,136,142
https://kawalpemilu.org#6375,"DEE, TRIENGGADENG, PIDIE JAYA, ACEH",1,12,217,229
https://kawalpemilu.org#6376,"PANTON RAYA, TRIENGGADENG, PIDIE JAYA, ACEH",1,15,220,235
https://kawalpemilu.org#6377,"DEAH TEUMANAH, TRIENGGADENG, PIDIE JAYA, ACEH",1,11,193,204
https://kawalpemilu.org#6377,"DEAH TEUMANAH, TRIENGGADENG, PIDIE JAYA, ACEH",2,19,194,213
https://kawalpemilu.org#6377,"DEAH TEUMANAH, TRIENGGADENG, PIDIE JAYA, ACEH",3,26,173,199
https://kawalpemilu.org#6378,"TAMPUI, TRIENGGADENG, PIDIE JAYA, ACEH",2,16,189,205
https://kawalpemilu.org#6378,"TAMPUI, TRIENGGADENG, PIDIE JAYA, ACEH",3,22,191,213
https://kawalpemilu.org#6379,"KEUDE TRINGGADENG, TRIENGGADENG, PIDIE JAYA, ACEH",1,17,168,185
https://kawalpemilu.org#6379,"KEUDE TRINGGADENG, TRIENGGADENG, PIDIE JAYA, ACEH",2,28,161,189
https://kawalpemilu.org#6380,"RAYA, TRIENGGADENG, PIDIE JAYA, ACEH",1,27,150,177
https://kawalpemilu.org#6380,"RAYA, TRIENGGADENG, PIDIE JAYA, ACEH",2,20,165,185
https://kawalpemilu.org#6380,"RAYA, TRIENGGADENG, PIDIE JAYA, ACEH",3,17,159,176
https://kawalpemilu.org#6381,"PAYA, TRIENGGADENG, PIDIE JAYA, ACEH",1,6,173,179
https://kawalpemilu.org#6381,"PAYA, TRIENGGADENG, PIDIE JAYA, ACEH",2,17,155,172
https://kawalpemilu.org#6381,"PAYA, TRIENGGADENG, PIDIE JAYA, ACEH",3,15,157,172
https://kawalpemilu.org#6382,"MEUE, TRIENGGADENG, PIDIE JAYA, ACEH",1,18,192,210
https://kawalpemilu.org#6382,"MEUE, TRIENGGADENG, PIDIE JAYA, ACEH",2,22,194,216
https://kawalpemilu.org#6382,"MEUE, TRIENGGADENG, PIDIE JAYA, ACEH",3,20,172,192
https://kawalpemilu.org#6382,"MEUE, TRIENGGADENG, PIDIE JAYA, ACEH",4,25,165,190
https://kawalpemilu.org#6382,"MEUE, TRIENGGADENG, PIDIE JAYA, ACEH",5,16,163,179
https://kawalpemilu.org#6383,"MESJID TRIENGGADENG, TRIENGGADENG, PIDIE JAYA, ACEH",1,21,197,218
https://kawalpemilu.org#6383,"MESJID TRIENGGADENG, TRIENGGADENG, PIDIE JAYA, ACEH",2,19,189,208
https://kawalpemilu.org#6384,"TUENGKLUET, TRIENGGADENG, PIDIE JAYA, ACEH",1,10,178,188
https://kawalpemilu.org#6384,"TUENGKLUET, TRIENGGADENG, PIDIE JAYA, ACEH",2,14,168,182
https://kawalpemilu.org#6384,"TUENGKLUET, TRIENGGADENG, PIDIE JAYA, ACEH",3,11,167,178
https://kawalpemilu.org#6386,"MATANG, TRIENGGADENG, PIDIE JAYA, ACEH",1,5,171,176
https://kawalpemilu.org#6388,"PEULANDOK TEUNGOH, TRIENGGADENG, PIDIE JAYA, ACEH",1,8,214,222
https://kawalpemilu.org#6388,"PEULANDOK TEUNGOH, TRIENGGADENG, PIDIE JAYA, ACEH",2,8,210,218
https://kawalpemilu.org#6389,"PEULANDOK TUNONG, TRIENGGADENG, PIDIE JAYA, ACEH",1,9,130,139
https://kawalpemilu.org#6389,"PEULANDOK TUNONG, TRIENGGADENG, PIDIE JAYA, ACEH",2,11,134,145
https://kawalpemilu.org#6390,"MEUCAT PANGWA, TRIENGGADENG, PIDIE JAYA, ACEH",1,11,224,235
https://kawalpemilu.org#6390,"MEUCAT PANGWA, TRIENGGADENG, PIDIE JAYA, ACEH",2,7,211,218
https://kawalpemilu.org#6391,"COT MAKASO, TRIENGGADENG, PIDIE JAYA, ACEH",1,21,221,242
https://kawalpemilu.org#6392,"BULOH, TRIENGGADENG, PIDIE JAYA, ACEH",1,24,113,137
https://kawalpemilu.org#6394,"KUTA PANGWA, TRIENGGADENG, PIDIE JAYA, ACEH",1,17,160,177
https://kawalpemilu.org#6394,"KUTA PANGWA, TRIENGGADENG, PIDIE JAYA, ACEH",2,13,176,189
https://kawalpemilu.org#6395,"COT LHEU RHENG, TRIENGGADENG, PIDIE JAYA, ACEH",1,30,150,180
https://kawalpemilu.org#6395,"COT LHEU RHENG, TRIENGGADENG, PIDIE JAYA, ACEH",2,25,157,182
https://kawalpemilu.org#6395,"COT LHEU RHENG, TRIENGGADENG, PIDIE JAYA, ACEH",3,26,173,199
https://kawalpemilu.org#6396,"RAWA SARI, TRIENGGADENG, PIDIE JAYA, ACEH",1,29,171,200
https://kawalpemilu.org#6396,"RAWA SARI, TRIENGGADENG, PIDIE JAYA, ACEH",2,31,172,203
https://kawalpemilu.org#6396,"RAWA SARI, TRIENGGADENG, PIDIE JAYA, ACEH",3,36,151,187
https://kawalpemilu.org#84194,"DAYAH UJONG BAROH, TRIENGGADENG, PIDIE JAYA, ACEH",1,7,150,157
https://kawalpemilu.org#84194,"DAYAH UJONG BAROH, TRIENGGADENG, PIDIE JAYA, ACEH",2,10,147,157
https://kawalpemilu.org#84194,"DAYAH UJONG BAROH, TRIENGGADENG, PIDIE JAYA, ACEH",3,6,147,153
https://kawalpemilu.org#84195,"MEE PANGWA, TRIENGGADENG, PIDIE JAYA, ACEH",1,26,172,198
https://kawalpemilu.org#84195,"MEE PANGWA, TRIENGGADENG, PIDIE JAYA, ACEH",2,27,162,189
https://kawalpemilu.org#84195,"MEE PANGWA, TRIENGGADENG, PIDIE JAYA, ACEH",3,22,171,193
https://kawalpemilu.org#89140,"DEAH PANGWA, TRIENGGADENG, PIDIE JAYA, ACEH",1,17,208,225
https://kawalpemilu.org#89140,"DEAH PANGWA, TRIENGGADENG, PIDIE JAYA, ACEH",2,21,218,239
https://kawalpemilu.org#89140,"DEAH PANGWA, TRIENGGADENG, PIDIE JAYA, ACEH",3,10,220,230
https://kawalpemilu.org#89140,"DEAH PANGWA, TRIENGGADENG, PIDIE JAYA, ACEH",4,15,192,207
https://kawalpemilu.org#89140,"DEAH PANGWA, TRIENGGADENG, PIDIE JAYA, ACEH",5,22,210,232
https://kawalpemilu.org#6399,"KAMPUNG BARU, BAITURRAHMAN, KOTA BANDA ACEH, ACEH",1,20,185,205
https://kawalpemilu.org#6399,"KAMPUNG BARU, BAITURRAHMAN, KOTA BANDA ACEH, ACEH",2,82,118,200
https://kawalpemilu.org#6399,"KAMPUNG BARU, BAITURRAHMAN, KOTA BANDA ACEH, ACEH",3,59,182,241
https://kawalpemilu.org#6399,"KAMPUNG BARU, BAITURRAHMAN, KOTA BANDA ACEH, ACEH",4,43,160,203
https://kawalpemilu.org#6399,"KAMPUNG BARU, BAITURRAHMAN, KOTA BANDA ACEH, ACEH",5,22,141,163
https://kawalpemilu.org#6400,"NEUSU JAYA, BAITURRAHMAN, KOTA BANDA ACEH, ACEH",1,32,199,231
https://kawalpemilu.org#6400,"NEUSU JAYA, BAITURRAHMAN, KOTA BANDA ACEH, ACEH",2,34,163,197
https://kawalpemilu.org#6400,"NEUSU JAYA, BAITURRAHMAN, KOTA BANDA ACEH, ACEH",3,17,157,174
https://kawalpemilu.org#6400,"NEUSU JAYA, BAITURRAHMAN, KOTA BANDA ACEH, ACEH",4,12,91,103
https://kawalpemilu.org#6400,"NEUSU JAYA, BAITURRAHMAN, KOTA BANDA ACEH, ACEH",5,22,183,205
https://kawalpemilu.org#6400,"NEUSU JAYA, BAITURRAHMAN, KOTA BANDA ACEH, ACEH",6,23,133,156
https://kawalpemilu.org#6401,"SUKARAMAI, BAITURRAHMAN, KOTA BANDA ACEH, ACEH",1,51,178,229
https://kawalpemilu.org#6401,"SUKARAMAI, BAITURRAHMAN, KOTA BANDA ACEH, ACEH",2,61,170,231
https://kawalpemilu.org#6401,"SUKARAMAI, BAITURRAHMAN, KOTA BANDA ACEH, ACEH",3,45,180,225
https://kawalpemilu.org#6401,"SUKARAMAI, BAITURRAHMAN, KOTA BANDA ACEH, ACEH",4,23,209,232
https://kawalpemilu.org#6401,"SUKARAMAI, BAITURRAHMAN, KOTA BANDA ACEH, ACEH",5,26,203,229
https://kawalpemilu.org#6401,"SUKARAMAI, BAITURRAHMAN, KOTA BANDA ACEH, ACEH",6,26,181,207
https://kawalpemilu.org#6401,"SUKARAMAI, BAITURRAHMAN, KOTA BANDA ACEH, ACEH",7,28,185,213
https://kawalpemilu.org#6401,"SUKARAMAI, BAITURRAHMAN, KOTA BANDA ACEH, ACEH",8,48,183,231
https://kawalpemilu.org#6401,"SUKARAMAI, BAITURRAHMAN, KOTA BANDA ACEH, ACEH",9,51,186,237
https://kawalpemilu.org#6401,"SUKARAMAI, BAITURRAHMAN, KOTA BANDA ACEH, ACEH",10,75,167,242
https://kawalpemilu.org#6402,"SEUTUI, BAITURRAHMAN, KOTA BANDA ACEH, ACEH",1,68,165,233
https://kawalpemilu.org#6402,"SEUTUI, BAITURRAHMAN, KOTA BANDA ACEH, ACEH",2,73,151,224
https://kawalpemilu.org#6402,"SEUTUI, BAITURRAHMAN, KOTA BANDA ACEH, ACEH",3,29,202,231
https://kawalpemilu.org#6402,"SEUTUI, BAITURRAHMAN, KOTA BANDA ACEH, ACEH",4,37,180,217
https://kawalpemilu.org#6402,"SEUTUI, BAITURRAHMAN, KOTA BANDA ACEH, ACEH",5,29,207,236
https://kawalpemilu.org#6402,"SEUTUI, BAITURRAHMAN, KOTA BANDA ACEH, ACEH",6,44,157,201
https://kawalpemilu.org#6402,"SEUTUI, BAITURRAHMAN, KOTA BANDA ACEH, ACEH",7,116,112,226
https://kawalpemilu.org#6402,"SEUTUI, BAITURRAHMAN, KOTA BANDA ACEH, ACEH",8,53,114,1
https://kawalpemilu.org#6403,"PEUNITI, BAITURRAHMAN, KOTA BANDA ACEH, ACEH",1,18,208,226
https://kawalpemilu.org#6403,"PEUNITI, BAITURRAHMAN, KOTA BANDA ACEH, ACEH",2,21,196,217
https://kawalpemilu.org#6403,"PEUNITI, BAITURRAHMAN, KOTA BANDA ACEH, ACEH",3,10,180,190
https://kawalpemilu.org#6403,"PEUNITI, BAITURRAHMAN, KOTA BANDA ACEH, ACEH",4,18,164,182
https://kawalpemilu.org#6403,"PEUNITI, BAITURRAHMAN, KOTA BANDA ACEH, ACEH",5,17,169,186
https://kawalpemilu.org#6403,"PEUNITI, BAITURRAHMAN, KOTA BANDA ACEH, ACEH",6,22,182,204
https://kawalpemilu.org#6403,"PEUNITI, BAITURRAHMAN, KOTA BANDA ACEH, ACEH",7,34,209,243
https://kawalpemilu.org#6403,"PEUNITI, BAITURRAHMAN, KOTA BANDA ACEH, ACEH",8,23,209,232
https://kawalpemilu.org#6403,"PEUNITI, BAITURRAHMAN, KOTA BANDA ACEH, ACEH",9,26,185,211
https://kawalpemilu.org#6403,"PEUNITI, BAITURRAHMAN, KOTA BANDA ACEH, ACEH",10,32,193,225
https://kawalpemilu.org#6403,"PEUNITI, BAITURRAHMAN, KOTA BANDA ACEH, ACEH",11,22,204,226
https://kawalpemilu.org#6403,"PEUNITI, BAITURRAHMAN, KOTA BANDA ACEH, ACEH",12,13,173,186
https://kawalpemilu.org#6403,"PEUNITI, BAITURRAHMAN, KOTA BANDA ACEH, ACEH",13,13,182,195
https://kawalpemilu.org#6403,"PEUNITI, BAITURRAHMAN, KOTA BANDA ACEH, ACEH",14,16,174,190
https://kawalpemilu.org#6403,"PEUNITI, BAITURRAHMAN, KOTA BANDA ACEH, ACEH",15,11,172,183
https://kawalpemilu.org#6404,"NEUSU ACEH, BAITURRAHMAN, KOTA BANDA ACEH, ACEH",1,36,226,262
https://kawalpemilu.org#6404,"NEUSU ACEH, BAITURRAHMAN, KOTA BANDA ACEH, ACEH",2,20,226,246
https://kawalpemilu.org#6404,"NEUSU ACEH, BAITURRAHMAN, KOTA BANDA ACEH, ACEH",3,32,178,210
https://kawalpemilu.org#6404,"NEUSU ACEH, BAITURRAHMAN, KOTA BANDA ACEH, ACEH",4,18,258,276
https://kawalpemilu.org#6404,"NEUSU ACEH, BAITURRAHMAN, KOTA BANDA ACEH, ACEH",5,30,196,226
https://kawalpemilu.org#6404,"NEUSU ACEH, BAITURRAHMAN, KOTA BANDA ACEH, ACEH",6,18,239,257
https://kawalpemilu.org#6404,"NEUSU ACEH, BAITURRAHMAN, KOTA BANDA ACEH, ACEH",7,24,208,233
https://kawalpemilu.org#6404,"NEUSU ACEH, BAITURRAHMAN, KOTA BANDA ACEH, ACEH",8,34,185,219
https://kawalpemilu.org#6405,"ATEUK PAHLAWAN, BAITURRAHMAN, KOTA BANDA ACEH, ACEH",1,20,151,171
https://kawalpemilu.org#6405,"ATEUK PAHLAWAN, BAITURRAHMAN, KOTA BANDA ACEH, ACEH",2,19,127,146
https://kawalpemilu.org#6405,"ATEUK PAHLAWAN, BAITURRAHMAN, KOTA BANDA ACEH, ACEH",3,16,123,139
https://kawalpemilu.org#6405,"ATEUK PAHLAWAN, BAITURRAHMAN, KOTA BANDA ACEH, ACEH",4,24,117,141
https://kawalpemilu.org#6405,"ATEUK PAHLAWAN, BAITURRAHMAN, KOTA BANDA ACEH, ACEH",5,20,168,188
https://kawalpemilu.org#6405,"ATEUK PAHLAWAN, BAITURRAHMAN, KOTA BANDA ACEH, ACEH",6,17,159,176
https://kawalpemilu.org#6405,"ATEUK PAHLAWAN, BAITURRAHMAN, KOTA BANDA ACEH, ACEH",7,21,190,211
https://kawalpemilu.org#6405,"ATEUK PAHLAWAN, BAITURRAHMAN, KOTA BANDA ACEH, ACEH",8,14,174,188
https://kawalpemilu.org#6405,"ATEUK PAHLAWAN, BAITURRAHMAN, KOTA BANDA ACEH, ACEH",9,15,189,204
https://kawalpemilu.org#6405,"ATEUK PAHLAWAN, BAITURRAHMAN, KOTA BANDA ACEH, ACEH",10,22,180,202
https://kawalpemilu.org#6405,"ATEUK PAHLAWAN, BAITURRAHMAN, KOTA BANDA ACEH, ACEH",11,17,178,195
https://kawalpemilu.org#6405,"ATEUK PAHLAWAN, BAITURRAHMAN, KOTA BANDA ACEH, ACEH",12,12,190,202
https://kawalpemilu.org#6406,"ATEUK JAWO, BAITURRAHMAN, KOTA BANDA ACEH, ACEH",1,18,179,197
https://kawalpemilu.org#6406,"ATEUK JAWO, BAITURRAHMAN, KOTA BANDA ACEH, ACEH",2,13,183,196
https://kawalpemilu.org#6406,"ATEUK JAWO, BAITURRAHMAN, KOTA BANDA ACEH, ACEH",3,18,208,226
https://kawalpemilu.org#6406,"ATEUK JAWO, BAITURRAHMAN, KOTA BANDA ACEH, ACEH",4,18,212,230
https://kawalpemilu.org#6406,"ATEUK JAWO, BAITURRAHMAN, KOTA BANDA ACEH, ACEH",5,20,180,200
https://kawalpemilu.org#6406,"ATEUK JAWO, BAITURRAHMAN, KOTA BANDA ACEH, ACEH",6,7,197,204
https://kawalpemilu.org#6406,"ATEUK JAWO, BAITURRAHMAN, KOTA BANDA ACEH, ACEH",7,25,186,211
https://kawalpemilu.org#6407,"ATEUK DEYAH TANOH, BAITURRAHMAN, KOTA BANDA ACEH, ACEH",1,13,200,213
https://kawalpemilu.org#6407,"ATEUK DEYAH TANOH, BAITURRAHMAN, KOTA BANDA ACEH, ACEH",2,13,167,180
https://kawalpemilu.org#6407,"ATEUK DEYAH TANOH, BAITURRAHMAN, KOTA BANDA ACEH, ACEH",3,17,184,201
https://kawalpemilu.org#6408,"ATEUK MUNJENG, BAITURRAHMAN, KOTA BANDA ACEH, ACEH",1,18,197,215
https://kawalpemilu.org#6408,"ATEUK MUNJENG, BAITURRAHMAN, KOTA BANDA ACEH, ACEH",2,15,214,229
https://kawalpemilu.org#6408,"ATEUK MUNJENG, BAITURRAHMAN, KOTA BANDA ACEH, ACEH",3,21,244,256
https://kawalpemilu.org#6408,"ATEUK MUNJENG, BAITURRAHMAN, KOTA BANDA ACEH, ACEH",4,14,203,217
https://kawalpemilu.org#6408,"ATEUK MUNJENG, BAITURRAHMAN, KOTA BANDA ACEH, ACEH",5,8,206,214
https://kawalpemilu.org#6410,"MULIA, KUTA ALAM, KOTA BANDA ACEH, ACEH",1,26,211,237
https://kawalpemilu.org#6410,"MULIA, KUTA ALAM, KOTA BANDA ACEH, ACEH",2,59,181,240
https://kawalpemilu.org#6410,"MULIA, KUTA ALAM, KOTA BANDA ACEH, ACEH",3,48,142,190
https://kawalpemilu.org#6410,"MULIA, KUTA ALAM, KOTA BANDA ACEH, ACEH",4,32,178,210
https://kawalpemilu.org#6410,"MULIA, KUTA ALAM, KOTA BANDA ACEH, ACEH",5,35,169,204
https://kawalpemilu.org#6410,"MULIA, KUTA ALAM, KOTA BANDA ACEH, ACEH",6,30,168,198
https://kawalpemilu.org#6410,"MULIA, KUTA ALAM, KOTA BANDA ACEH, ACEH",7,56,110,166
https://kawalpemilu.org#6410,"MULIA, KUTA ALAM, KOTA BANDA ACEH, ACEH",8,98,91,189
https://kawalpemilu.org#6410,"MULIA, KUTA ALAM, KOTA BANDA ACEH, ACEH",9,39,123,162
https://kawalpemilu.org#6410,"MULIA, KUTA ALAM, KOTA BANDA ACEH, ACEH",10,47,124,171
https://kawalpemilu.org#6410,"MULIA, KUTA ALAM, KOTA BANDA ACEH, ACEH",11,38,133,171
https://kawalpemilu.org#6411,"PEUNAYONG, KUTA ALAM, KOTA BANDA ACEH, ACEH",1,62,93,155
https://kawalpemilu.org#6411,"PEUNAYONG, KUTA ALAM, KOTA BANDA ACEH, ACEH",2,90,80,170
https://kawalpemilu.org#6411,"PEUNAYONG, KUTA ALAM, KOTA BANDA ACEH, ACEH",3,104,36,140
https://kawalpemilu.org#6411,"PEUNAYONG, KUTA ALAM, KOTA BANDA ACEH, ACEH",4,142,29,171
https://kawalpemilu.org#6411,"PEUNAYONG, KUTA ALAM, KOTA BANDA ACEH, ACEH",5,93,47,140
https://kawalpemilu.org#6411,"PEUNAYONG, KUTA ALAM, KOTA BANDA ACEH, ACEH",6,68,86,154
https://kawalpemilu.org#6411,"PEUNAYONG, KUTA ALAM, KOTA BANDA ACEH, ACEH",7,118,25,143
https://kawalpemilu.org#6411,"PEUNAYONG, KUTA ALAM, KOTA BANDA ACEH, ACEH",8,83,44,127
https://kawalpemilu.org#6412,"LAKSANA, KUTA ALAM, KOTA BANDA ACEH, ACEH",1,68,83,151
https://kawalpemilu.org#6412,"LAKSANA, KUTA ALAM, KOTA BANDA ACEH, ACEH",2,64,71,135
https://kawalpemilu.org#6412,"LAKSANA, KUTA ALAM, KOTA BANDA ACEH, ACEH",3,36,139,175
https://kawalpemilu.org#6412,"LAKSANA, KUTA ALAM, KOTA BANDA ACEH, ACEH",4,38,112,150
https://kawalpemilu.org#6412,"LAKSANA, KUTA ALAM, KOTA BANDA ACEH, ACEH",5,26,133,159
https://kawalpemilu.org#6412,"LAKSANA, KUTA ALAM, KOTA BANDA ACEH, ACEH",6,27,149,176
https://kawalpemilu.org#6412,"LAKSANA, KUTA ALAM, KOTA BANDA ACEH, ACEH",7,20,138,158
https://kawalpemilu.org#6412,"LAKSANA, KUTA ALAM, KOTA BANDA ACEH, ACEH",8,36,92,128
https://kawalpemilu.org#6412,"LAKSANA, KUTA ALAM, KOTA BANDA ACEH, ACEH",9,25,112,137
https://kawalpemilu.org#6412,"LAKSANA, KUTA ALAM, KOTA BANDA ACEH, ACEH",10,44,96,140
https://kawalpemilu.org#6412,"LAKSANA, KUTA ALAM, KOTA BANDA ACEH, ACEH",11,42,111,153
https://kawalpemilu.org#6412,"LAKSANA, KUTA ALAM, KOTA BANDA ACEH, ACEH",12,58,80,138
https://kawalpemilu.org#6412,"LAKSANA, KUTA ALAM, KOTA BANDA ACEH, ACEH",13,38,117,155
https://kawalpemilu.org#6413,"KEURAMAT, KUTA ALAM, KOTA BANDA ACEH, ACEH",1,35,156,191
https://kawalpemilu.org#6413,"KEURAMAT, KUTA ALAM, KOTA BANDA ACEH, ACEH",2,34,144,178
https://kawalpemilu.org#6413,"KEURAMAT, KUTA ALAM, KOTA BANDA ACEH, ACEH",3,22,177,199
https://kawalpemilu.org#6413,"KEURAMAT, KUTA ALAM, KOTA BANDA ACEH, ACEH",4,37,164,201
https://kawalpemilu.org#6413,"KEURAMAT, KUTA ALAM, KOTA BANDA ACEH, ACEH",5,42,160,202
https://kawalpemilu.org#6413,"KEURAMAT, KUTA ALAM, KOTA BANDA ACEH, ACEH",6,28,166,194
https://kawalpemilu.org#6413,"KEURAMAT, KUTA ALAM, KOTA BANDA ACEH, ACEH",7,35,184,219
https://kawalpemilu.org#6413,"KEURAMAT, KUTA ALAM, KOTA BANDA ACEH, ACEH",8,36,132,168
https://kawalpemilu.org#6413,"KEURAMAT, KUTA ALAM, KOTA BANDA ACEH, ACEH",9,21,132,204
https://kawalpemilu.org#6413,"KEURAMAT, KUTA ALAM, KOTA BANDA ACEH, ACEH",10,31,134,165
https://kawalpemilu.org#6414,"KOTA BARU, KUTA ALAM, KOTA BANDA ACEH, ACEH",1,47,168,215
https://kawalpemilu.org#6414,"KOTA BARU, KUTA ALAM, KOTA BANDA ACEH, ACEH",2,11,192,203
https://kawalpemilu.org#6414,"KOTA BARU, KUTA ALAM, KOTA BANDA ACEH, ACEH",3,24,172,196
https://kawalpemilu.org#6414,"KOTA BARU, KUTA ALAM, KOTA BANDA ACEH, ACEH",4,8,187,0
https://kawalpemilu.org#6415,"BEURAWE, KUTA ALAM, KOTA BANDA ACEH, ACEH",1,24,176,200
https://kawalpemilu.org#6415,"BEURAWE, KUTA ALAM, KOTA BANDA ACEH, ACEH",2,20,178,198
https://kawalpemilu.org#6415,"BEURAWE, KUTA ALAM, KOTA BANDA ACEH, ACEH",3,24,189,213
https://kawalpemilu.org#6415,"BEURAWE, KUTA ALAM, KOTA BANDA ACEH, ACEH",4,20,193,213
https://kawalpemilu.org#6415,"BEURAWE, KUTA ALAM, KOTA BANDA ACEH, ACEH",5,23,190,213
https://kawalpemilu.org#6415,"BEURAWE, KUTA ALAM, KOTA BANDA ACEH, ACEH",6,11,206,217
https://kawalpemilu.org#6415,"BEURAWE, KUTA ALAM, KOTA BANDA ACEH, ACEH",7,8,205,213
https://kawalpemilu.org#6415,"BEURAWE, KUTA ALAM, KOTA BANDA ACEH, ACEH",8,15,171,186
https://kawalpemilu.org#6415,"BEURAWE, KUTA ALAM, KOTA BANDA ACEH, ACEH",9,18,193,211
https://kawalpemilu.org#6415,"BEURAWE, KUTA ALAM, KOTA BANDA ACEH, ACEH",10,26,162,188
https://kawalpemilu.org#6415,"BEURAWE, KUTA ALAM, KOTA BANDA ACEH, ACEH",11,7,102,109
https://kawalpemilu.org#6415,"BEURAWE, KUTA ALAM, KOTA BANDA ACEH, ACEH",12,12,163,0
https://kawalpemilu.org#6415,"BEURAWE, KUTA ALAM, KOTA BANDA ACEH, ACEH",13,13,161,174
https://kawalpemilu.org#6416,"KUTA ALAM, KUTA ALAM, KOTA BANDA ACEH, ACEH",1,25,215,240
https://kawalpemilu.org#6416,"KUTA ALAM, KUTA ALAM, KOTA BANDA ACEH, ACEH",2,21,163,184
https://kawalpemilu.org#6416,"KUTA ALAM, KUTA ALAM, KOTA BANDA ACEH, ACEH",3,13,207,1
https://kawalpemilu.org#6416,"KUTA ALAM, KUTA ALAM, KOTA BANDA ACEH, ACEH",4,22,207,229
https://kawalpemilu.org#6416,"KUTA ALAM, KUTA ALAM, KOTA BANDA ACEH, ACEH",5,21,246,267
https://kawalpemilu.org#6416,"KUTA ALAM, KUTA ALAM, KOTA BANDA ACEH, ACEH",6,17,154,171
https://kawalpemilu.org#6416,"KUTA ALAM, KUTA ALAM, KOTA BANDA ACEH, ACEH",7,17,146,163
https://kawalpemilu.org#6417,"BANDAR BARU, KUTA ALAM, KOTA BANDA ACEH, ACEH",1,13,171,184
https://kawalpemilu.org#6417,"BANDAR BARU, KUTA ALAM, KOTA BANDA ACEH, ACEH",2,19,165,184
https://kawalpemilu.org#6417,"BANDAR BARU, KUTA ALAM, KOTA BANDA ACEH, ACEH",3,21,185,206
https://kawalpemilu.org#6417,"BANDAR BARU, KUTA ALAM, KOTA BANDA ACEH, ACEH",4,19,165,214
https://kawalpemilu.org#6417,"BANDAR BARU, KUTA ALAM, KOTA BANDA ACEH, ACEH",5,31,181,212
https://kawalpemilu.org#6417,"BANDAR BARU, KUTA ALAM, KOTA BANDA ACEH, ACEH",6,37,199,236
https://kawalpemilu.org#6417,"BANDAR BARU, KUTA ALAM, KOTA BANDA ACEH, ACEH",7,25,184,209
https://kawalpemilu.org#6417,"BANDAR BARU, KUTA ALAM, KOTA BANDA ACEH, ACEH",8,9,205,214
https://kawalpemilu.org#6417,"BANDAR BARU, KUTA ALAM, KOTA BANDA ACEH, ACEH",9,15,153,168
https://kawalpemilu.org#6417,"BANDAR BARU, KUTA ALAM, KOTA BANDA ACEH, ACEH",10,109,178,197
https://kawalpemilu.org#6417,"BANDAR BARU, KUTA ALAM, KOTA BANDA ACEH, ACEH",11,7,128,135
https://kawalpemilu.org#6417,"BANDAR BARU, KUTA ALAM, KOTA BANDA ACEH, ACEH",12,16,144,160
https://kawalpemilu.org#6417,"BANDAR BARU, KUTA ALAM, KOTA BANDA ACEH, ACEH",13,11,152,163
https://kawalpemilu.org#6418,"LAMDINGIN, KUTA ALAM, KOTA BANDA ACEH, ACEH",1,23,162,185
https://kawalpemilu.org#6418,"LAMDINGIN, KUTA ALAM, KOTA BANDA ACEH, ACEH",2,10,165,175
https://kawalpemilu.org#6418,"LAMDINGIN, KUTA ALAM, KOTA BANDA ACEH, ACEH",3,16,159,175
https://kawalpemilu.org#6418,"LAMDINGIN, KUTA ALAM, KOTA BANDA ACEH, ACEH",4,18,154,172
https://kawalpemilu.org#6418,"LAMDINGIN, KUTA ALAM, KOTA BANDA ACEH, ACEH",5,20,166,186
https://kawalpemilu.org#6418,"LAMDINGIN, KUTA ALAM, KOTA BANDA ACEH, ACEH",6,13,200,213
https://kawalpemilu.org#6418,"LAMDINGIN, KUTA ALAM, KOTA BANDA ACEH, ACEH",7,6,179,185
https://kawalpemilu.org#6418,"LAMDINGIN, KUTA ALAM, KOTA BANDA ACEH, ACEH",8,23,187,210
https://kawalpemilu.org#6419,"LAMPULO, KUTA ALAM, KOTA BANDA ACEH, ACEH",1,26,216,242
https://kawalpemilu.org#6419,"LAMPULO, KUTA ALAM, KOTA BANDA ACEH, ACEH",2,20,226,246
https://kawalpemilu.org#6419,"LAMPULO, KUTA ALAM, KOTA BANDA ACEH, ACEH",3,26,213,239
https://kawalpemilu.org#6419,"LAMPULO, KUTA ALAM, KOTA BANDA ACEH, ACEH",4,13,191,204
https://kawalpemilu.org#6419,"LAMPULO, KUTA ALAM, KOTA BANDA ACEH, ACEH",5,25,170,195
https://kawalpemilu.org#6419,"LAMPULO, KUTA ALAM, KOTA BANDA ACEH, ACEH",6,33,223,256
https://kawalpemilu.org#6419,"LAMPULO, KUTA ALAM, KOTA BANDA ACEH, ACEH",7,19,216,235
https://kawalpemilu.org#6419,"LAMPULO, KUTA ALAM, KOTA BANDA ACEH, ACEH",8,23,230,253
https://kawalpemilu.org#6419,"LAMPULO, KUTA ALAM, KOTA BANDA ACEH, ACEH",9,15,196,211
https://kawalpemilu.org#6420,"LAMBARO SKEP, KUTA ALAM, KOTA BANDA ACEH, ACEH",1,24,213,237
https://kawalpemilu.org#6420,"LAMBARO SKEP, KUTA ALAM, KOTA BANDA ACEH, ACEH",2,18,168,186
https://kawalpemilu.org#6420,"LAMBARO SKEP, KUTA ALAM, KOTA BANDA ACEH, ACEH",3,23,219,242
https://kawalpemilu.org#6420,"LAMBARO SKEP, KUTA ALAM, KOTA BANDA ACEH, ACEH",4,24,223,247
https://kawalpemilu.org#6420,"LAMBARO SKEP, KUTA ALAM, KOTA BANDA ACEH, ACEH",5,23,239,262
https://kawalpemilu.org#6420,"LAMBARO SKEP, KUTA ALAM, KOTA BANDA ACEH, ACEH",6,30,217,247
https://kawalpemilu.org#6420,"LAMBARO SKEP, KUTA ALAM, KOTA BANDA ACEH, ACEH",7,15,217,232
https://kawalpemilu.org#6420,"LAMBARO SKEP, KUTA ALAM, KOTA BANDA ACEH, ACEH",8,22,188,210
https://kawalpemilu.org#6420,"LAMBARO SKEP, KUTA ALAM, KOTA BANDA ACEH, ACEH",9,23,152,175
https://kawalpemilu.org#6420,"LAMBARO SKEP, KUTA ALAM, KOTA BANDA ACEH, ACEH",10,25,152,177
https://kawalpemilu.org#6420,"LAMBARO SKEP, KUTA ALAM, KOTA BANDA ACEH, ACEH",11,18,206,224
https://kawalpemilu.org#6420,"LAMBARO SKEP, KUTA ALAM, KOTA BANDA ACEH, ACEH",12,24,214,238
https://kawalpemilu.org#6422,"PUNGE JURONG, MEURAXA, KOTA BANDA ACEH, ACEH",1,35,205,240
https://kawalpemilu.org#6422,"PUNGE JURONG, MEURAXA, KOTA BANDA ACEH, ACEH",2,39,170,209
https://kawalpemilu.org#6422,"PUNGE JURONG, MEURAXA, KOTA BANDA ACEH, ACEH",3,26,210,236
https://kawalpemilu.org#6422,"PUNGE JURONG, MEURAXA, KOTA BANDA ACEH, ACEH",4,35,195,230
https://kawalpemilu.org#6422,"PUNGE JURONG, MEURAXA, KOTA BANDA ACEH, ACEH",5,28,164,192
https://kawalpemilu.org#6422,"PUNGE JURONG, MEURAXA, KOTA BANDA ACEH, ACEH",6,21,130,151
https://kawalpemilu.org#6422,"PUNGE JURONG, MEURAXA, KOTA BANDA ACEH, ACEH",7,16,193,209
https://kawalpemilu.org#6422,"PUNGE JURONG, MEURAXA, KOTA BANDA ACEH, ACEH",8,13,188,201
https://kawalpemilu.org#6422,"PUNGE JURONG, MEURAXA, KOTA BANDA ACEH, ACEH",9,16,171,187
https://kawalpemilu.org#6423,"ULEE LHEUE, MEURAXA, KOTA BANDA ACEH, ACEH",1,22,154,5
https://kawalpemilu.org#6423,"ULEE LHEUE, MEURAXA, KOTA BANDA ACEH, ACEH",2,25,165,190
https://kawalpemilu.org#6424,"LAMBUNG, MEURAXA, KOTA BANDA ACEH, ACEH",1,27,202,229
https://kawalpemilu.org#6424,"LAMBUNG, MEURAXA, KOTA BANDA ACEH, ACEH",2,23,182,205
https://kawalpemilu.org#6425,"DEYAH GLUMPANG, MEURAXA, KOTA BANDA ACEH, ACEH",1,18,203,221
https://kawalpemilu.org#6425,"DEYAH GLUMPANG, MEURAXA, KOTA BANDA ACEH, ACEH",2,13,124,137
https://kawalpemilu.org#6425,"DEYAH GLUMPANG, MEURAXA, KOTA BANDA ACEH, ACEH",3,24,149,173
https://kawalpemilu.org#6426,"DEYAH BARO, MEURAXA, KOTA BANDA ACEH, ACEH",1,19,140,159
https://kawalpemilu.org#6426,"DEYAH BARO, MEURAXA, KOTA BANDA ACEH, ACEH",2,10,159,169
https://kawalpemilu.org#6427,"ALUE DEYAH TEUNGOH, MEURAXA, KOTA BANDA ACEH, ACEH",1,23,192,215
https://kawalpemilu.org#6427,"ALUE DEYAH TEUNGOH, MEURAXA, KOTA BANDA ACEH, ACEH",2,28,203,231
https://kawalpemilu.org#6427,"ALUE DEYAH TEUNGOH, MEURAXA, KOTA BANDA ACEH, ACEH",3,23,175,198
https://kawalpemilu.org#6428,"LAMPASEH ACEH, MEURAXA, KOTA BANDA ACEH, ACEH",1,36,174,210
https://kawalpemilu.org#6428,"LAMPASEH ACEH, MEURAXA, KOTA BANDA ACEH, ACEH",2,35,209,244
https://kawalpemilu.org#6428,"LAMPASEH ACEH, MEURAXA, KOTA BANDA ACEH, ACEH",3,48,177,225
https://kawalpemilu.org#6428,"LAMPASEH ACEH, MEURAXA, KOTA BANDA ACEH, ACEH",4,20,171,191
https://kawalpemilu.org#6428,"LAMPASEH ACEH, MEURAXA, KOTA BANDA ACEH, ACEH",5,33,171,204
https://kawalpemilu.org#6429,"BLANG OI, MEURAXA, KOTA BANDA ACEH, ACEH",1,26,193,219
https://kawalpemilu.org#6429,"BLANG OI, MEURAXA, KOTA BANDA ACEH, ACEH",2,17,192,209
https://kawalpemilu.org#6429,"BLANG OI, MEURAXA, KOTA BANDA ACEH, ACEH",3,25,192,217
https://kawalpemilu.org#6429,"BLANG OI, MEURAXA, KOTA BANDA ACEH, ACEH",4,16,195,211
https://kawalpemilu.org#6429,"BLANG OI, MEURAXA, KOTA BANDA ACEH, ACEH",5,39,182,221
https://kawalpemilu.org#6430,"ASOE NANGGROE, MEURAXA, KOTA BANDA ACEH, ACEH",1,47,134,181
https://kawalpemilu.org#6430,"ASOE NANGGROE, MEURAXA, KOTA BANDA ACEH, ACEH",2,29,165,194
https://kawalpemilu.org#6431,"GAMPONG BLANG, MEURAXA, KOTA BANDA ACEH, ACEH",1,26,113,139
https://kawalpemilu.org#6431,"GAMPONG BLANG, MEURAXA, KOTA BANDA ACEH, ACEH",2,25,110,135
https://kawalpemilu.org#6432,"GAMPONG PIE, MEURAXA, KOTA BANDA ACEH, ACEH",1,27,105,132
https://kawalpemilu.org#6432,"GAMPONG PIE, MEURAXA, KOTA BANDA ACEH, ACEH",2,14,112,126
https://kawalpemilu.org#6433,"LAMJABAT, MEURAXA, KOTA BANDA ACEH, ACEH",1,32,204,236
https://kawalpemilu.org#6433,"LAMJABAT, MEURAXA, KOTA BANDA ACEH, ACEH",2,28,213,241
https://kawalpemilu.org#6434,"COT LAMKUWEUH, MEURAXA, KOTA BANDA ACEH, ACEH",1,29,184,213
https://kawalpemilu.org#6434,"COT LAMKUWEUH, MEURAXA, KOTA BANDA ACEH, ACEH",2,18,162,180
https://kawalpemilu.org#6434,"COT LAMKUWEUH, MEURAXA, KOTA BANDA ACEH, ACEH",3,28,155,183
https://kawalpemilu.org#6435,"SURIEN, MEURAXA, KOTA BANDA ACEH, ACEH",1,23,201,224
https://kawalpemilu.org#6435,"SURIEN, MEURAXA, KOTA BANDA ACEH, ACEH",2,23,212,235
https://kawalpemilu.org#6435,"SURIEN, MEURAXA, KOTA BANDA ACEH, ACEH",3,21,179,200
https://kawalpemilu.org#6435,"SURIEN, MEURAXA, KOTA BANDA ACEH, ACEH",4,27,188,215
https://kawalpemilu.org#6436,"GAMPONG BARO, MEURAXA, KOTA BANDA ACEH, ACEH",1,15,217,232
https://kawalpemilu.org#6436,"GAMPONG BARO, MEURAXA, KOTA BANDA ACEH, ACEH",2,15,206,221
https://kawalpemilu.org#6436,"GAMPONG BARO, MEURAXA, KOTA BANDA ACEH, ACEH",3,22,227,249
https://kawalpemilu.org#6437,"PUNGE UJONG, MEURAXA, KOTA BANDA ACEH, ACEH",1,22,197,219
https://kawalpemilu.org#6437,"PUNGE UJONG, MEURAXA, KOTA BANDA ACEH, ACEH",2,22,195,217
https://kawalpemilu.org#6437,"PUNGE UJONG, MEURAXA, KOTA BANDA ACEH, ACEH",3,22,206,228
https://kawalpemilu.org#6437,"PUNGE UJONG, MEURAXA, KOTA BANDA ACEH, ACEH",4,18,190,208
https://kawalpemilu.org#6439,"JEULINGKE, SYIAH KUALA, KOTA BANDA ACEH, ACEH",1,22,217,239
https://kawalpemilu.org#6439,"JEULINGKE, SYIAH KUALA, KOTA BANDA ACEH, ACEH",2,18,195,213
https://kawalpemilu.org#6439,"JEULINGKE, SYIAH KUALA, KOTA BANDA ACEH, ACEH",3,30,184,214
https://kawalpemilu.org#6439,"JEULINGKE, SYIAH KUALA, KOTA BANDA ACEH, ACEH",4,23,186,209
https://kawalpemilu.org#6439,"JEULINGKE, SYIAH KUALA, KOTA BANDA ACEH, ACEH",5,32,200,232
https://kawalpemilu.org#6439,"JEULINGKE, SYIAH KUALA, KOTA BANDA ACEH, ACEH",6,34,251,285
https://kawalpemilu.org#6439,"JEULINGKE, SYIAH KUALA, KOTA BANDA ACEH, ACEH",7,44,182,226
https://kawalpemilu.org#6439,"JEULINGKE, SYIAH KUALA, KOTA BANDA ACEH, ACEH",8,27,201,228
https://kawalpemilu.org#6439,"JEULINGKE, SYIAH KUALA, KOTA BANDA ACEH, ACEH",9,21,221,242
https://kawalpemilu.org#6439,"JEULINGKE, SYIAH KUALA, KOTA BANDA ACEH, ACEH",10,23,201,224
https://kawalpemilu.org#6439,"JEULINGKE, SYIAH KUALA, KOTA BANDA ACEH, ACEH",11,29,232,261
https://kawalpemilu.org#6440,"TIBANG, SYIAH KUALA, KOTA BANDA ACEH, ACEH",1,22,193,215
https://kawalpemilu.org#6440,"TIBANG, SYIAH KUALA, KOTA BANDA ACEH, ACEH",2,21,204,225
https://kawalpemilu.org#6440,"TIBANG, SYIAH KUALA, KOTA BANDA ACEH, ACEH",3,22,169,191
https://kawalpemilu.org#6440,"TIBANG, SYIAH KUALA, KOTA BANDA ACEH, ACEH",4,21,193,214
https://kawalpemilu.org#6441,"DEYAH RAYA, SYIAH KUALA, KOTA BANDA ACEH, ACEH",1,34,188,16
https://kawalpemilu.org#6441,"DEYAH RAYA, SYIAH KUALA, KOTA BANDA ACEH, ACEH",2,14,218,232
https://kawalpemilu.org#6442,"ALUE NAGA, SYIAH KUALA, KOTA BANDA ACEH, ACEH",1,19,228,247
https://kawalpemilu.org#6442,"ALUE NAGA, SYIAH KUALA, KOTA BANDA ACEH, ACEH",2,43,185,228
https://kawalpemilu.org#6442,"ALUE NAGA, SYIAH KUALA, KOTA BANDA ACEH, ACEH",3,33,189,222
https://kawalpemilu.org#6442,"ALUE NAGA, SYIAH KUALA, KOTA BANDA ACEH, ACEH",4,38,171,209
https://kawalpemilu.org#6443,"IE MASEN KAYEE ADANG, SYIAH KUALA, KOTA BANDA ACEH, ACEH",1,17,219,236
https://kawalpemilu.org#6443,"IE MASEN KAYEE ADANG, SYIAH KUALA, KOTA BANDA ACEH, ACEH",2,18,186,204
https://kawalpemilu.org#6443,"IE MASEN KAYEE ADANG, SYIAH KUALA, KOTA BANDA ACEH, ACEH",3,22,207,229
https://kawalpemilu.org#6443,"IE MASEN KAYEE ADANG, SYIAH KUALA, KOTA BANDA ACEH, ACEH",4,26,192,218
https://kawalpemilu.org#6443,"IE MASEN KAYEE ADANG, SYIAH KUALA, KOTA BANDA ACEH, ACEH",5,20,212,232
https://kawalpemilu.org#6443,"IE MASEN KAYEE ADANG, SYIAH KUALA, KOTA BANDA ACEH, ACEH",6,21,216,237
https://kawalpemilu.org#6443,"IE MASEN KAYEE ADANG, SYIAH KUALA, KOTA BANDA ACEH, ACEH",7,28,195,223
https://kawalpemilu.org#6443,"IE MASEN KAYEE ADANG, SYIAH KUALA, KOTA BANDA ACEH, ACEH",8,26,216,242
https://kawalpemilu.org#6443,"IE MASEN KAYEE ADANG, SYIAH KUALA, KOTA BANDA ACEH, ACEH",9,25,205,230
https://kawalpemilu.org#6443,"IE MASEN KAYEE ADANG, SYIAH KUALA, KOTA BANDA ACEH, ACEH",10,26,223,249
https://kawalpemilu.org#6444,"PINEUNG, SYIAH KUALA, KOTA BANDA ACEH, ACEH",1,29,216,245
https://kawalpemilu.org#6444,"PINEUNG, SYIAH KUALA, KOTA BANDA ACEH, ACEH",2,27,228,255
https://kawalpemilu.org#6444,"PINEUNG, SYIAH KUALA, KOTA BANDA ACEH, ACEH",3,36,188,224
https://kawalpemilu.org#6444,"PINEUNG, SYIAH KUALA, KOTA BANDA ACEH, ACEH",4,18,222,240
https://kawalpemilu.org#6444,"PINEUNG, SYIAH KUALA, KOTA BANDA ACEH, ACEH",5,22,205,227
https://kawalpemilu.org#6444,"PINEUNG, SYIAH KUALA, KOTA BANDA ACEH, ACEH",6,21,222,243
https://kawalpemilu.org#6444,"PINEUNG, SYIAH KUALA, KOTA BANDA ACEH, ACEH",7,34,229,263
https://kawalpemilu.org#6444,"PINEUNG, SYIAH KUALA, KOTA BANDA ACEH, ACEH",8,40,195,235
https://kawalpemilu.org#6444,"PINEUNG, SYIAH KUALA, KOTA BANDA ACEH, ACEH",9,14,180,194
https://kawalpemilu.org#6445,"LAMGUGOB, SYIAH KUALA, KOTA BANDA ACEH, ACEH",1,30,145,175
https://kawalpemilu.org#6445,"LAMGUGOB, SYIAH KUALA, KOTA BANDA ACEH, ACEH",2,31,177,208
https://kawalpemilu.org#6445,"LAMGUGOB, SYIAH KUALA, KOTA BANDA ACEH, ACEH",3,39,189,228
https://kawalpemilu.org#6445,"LAMGUGOB, SYIAH KUALA, KOTA BANDA ACEH, ACEH",4,19,171,190
https://kawalpemilu.org#6445,"LAMGUGOB, SYIAH KUALA, KOTA BANDA ACEH, ACEH",5,30,200,230
https://kawalpemilu.org#6445,"LAMGUGOB, SYIAH KUALA, KOTA BANDA ACEH, ACEH",6,21,191,212
https://kawalpemilu.org#6445,"LAMGUGOB, SYIAH KUALA, KOTA BANDA ACEH, ACEH",7,30,202,232
https://kawalpemilu.org#6445,"LAMGUGOB, SYIAH KUALA, KOTA BANDA ACEH, ACEH",8,24,160,184
https://kawalpemilu.org#6445,"LAMGUGOB, SYIAH KUALA, KOTA BANDA ACEH, ACEH",9,27,173,200
https://kawalpemilu.org#6445,"LAMGUGOB, SYIAH KUALA, KOTA BANDA ACEH, ACEH",10,29,174,203
https://kawalpemilu.org#6446,"KOPELMA DARUSSALAM, SYIAH KUALA, KOTA BANDA ACEH, ACEH",1,19,174,193
https://kawalpemilu.org#6446,"KOPELMA DARUSSALAM, SYIAH KUALA, KOTA BANDA ACEH, ACEH",2,28,183,211
https://kawalpemilu.org#6446,"KOPELMA DARUSSALAM, SYIAH KUALA, KOTA BANDA ACEH, ACEH",3,11,172,183
https://kawalpemilu.org#6446,"KOPELMA DARUSSALAM, SYIAH KUALA, KOTA BANDA ACEH, ACEH",4,19,183,202
https://kawalpemilu.org#6446,"KOPELMA DARUSSALAM, SYIAH KUALA, KOTA BANDA ACEH, ACEH",5,9,202,211
https://kawalpemilu.org#6446,"KOPELMA DARUSSALAM, SYIAH KUALA, KOTA BANDA ACEH, ACEH",6,31,175,206
https://kawalpemilu.org#6446,"KOPELMA DARUSSALAM, SYIAH KUALA, KOTA BANDA ACEH, ACEH",7,23,202,225
https://kawalpemilu.org#6446,"KOPELMA DARUSSALAM, SYIAH KUALA, KOTA BANDA ACEH, ACEH",8,36,175,211
https://kawalpemilu.org#6446,"KOPELMA DARUSSALAM, SYIAH KUALA, KOTA BANDA ACEH, ACEH",9,35,193,228
https://kawalpemilu.org#6446,"KOPELMA DARUSSALAM, SYIAH KUALA, KOTA BANDA ACEH, ACEH",10,13,187,200
https://kawalpemilu.org#6447,"RUKOH, SYIAH KUALA, KOTA BANDA ACEH, ACEH",1,12,230,242
https://kawalpemilu.org#6447,"RUKOH, SYIAH KUALA, KOTA BANDA ACEH, ACEH",2,10,229,239
https://kawalpemilu.org#6447,"RUKOH, SYIAH KUALA, KOTA BANDA ACEH, ACEH",3,12,223,235
https://kawalpemilu.org#6447,"RUKOH, SYIAH KUALA, KOTA BANDA ACEH, ACEH",4,20,192,212
https://kawalpemilu.org#6447,"RUKOH, SYIAH KUALA, KOTA BANDA ACEH, ACEH",5,14,216,230
https://kawalpemilu.org#6447,"RUKOH, SYIAH KUALA, KOTA BANDA ACEH, ACEH",6,14,169,183
https://kawalpemilu.org#6447,"RUKOH, SYIAH KUALA, KOTA BANDA ACEH, ACEH",7,16,171,187
https://kawalpemilu.org#6447,"RUKOH, SYIAH KUALA, KOTA BANDA ACEH, ACEH",8,14,194,208
https://kawalpemilu.org#6447,"RUKOH, SYIAH KUALA, KOTA BANDA ACEH, ACEH",9,17,195,212
https://kawalpemilu.org#6448,"PEURADA, SYIAH KUALA, KOTA BANDA ACEH, ACEH",1,22,195,217
https://kawalpemilu.org#6448,"PEURADA, SYIAH KUALA, KOTA BANDA ACEH, ACEH",2,27,219,246
https://kawalpemilu.org#6448,"PEURADA, SYIAH KUALA, KOTA BANDA ACEH, ACEH",3,26,242,268
https://kawalpemilu.org#6448,"PEURADA, SYIAH KUALA, KOTA BANDA ACEH, ACEH",4,26,203,229
https://kawalpemilu.org#6448,"PEURADA, SYIAH KUALA, KOTA BANDA ACEH, ACEH",5,26,199,225
https://kawalpemilu.org#6448,"PEURADA, SYIAH KUALA, KOTA BANDA ACEH, ACEH",6,16,199,215
https://kawalpemilu.org#6450,"LUENG BATA, LUENG BATA, KOTA BANDA ACEH, ACEH",1,16,193,209
https://kawalpemilu.org#6450,"LUENG BATA, LUENG BATA, KOTA BANDA ACEH, ACEH",2,13,204,217
https://kawalpemilu.org#6450,"LUENG BATA, LUENG BATA, KOTA BANDA ACEH, ACEH",3,19,198,217
https://kawalpemilu.org#6450,"LUENG BATA, LUENG BATA, KOTA BANDA ACEH, ACEH",4,15,185,200
https://kawalpemilu.org#6450,"LUENG BATA, LUENG BATA, KOTA BANDA ACEH, ACEH",5,13,200,213
https://kawalpemilu.org#6450,"LUENG BATA, LUENG BATA, KOTA BANDA ACEH, ACEH",6,20,196,216
https://kawalpemilu.org#6450,"LUENG BATA, LUENG BATA, KOTA BANDA ACEH, ACEH",7,30,194,224
https://kawalpemilu.org#6450,"LUENG BATA, LUENG BATA, KOTA BANDA ACEH, ACEH",8,13,168,181
https://kawalpemilu.org#6451,"COT MESJID, LUENG BATA, KOTA BANDA ACEH, ACEH",1,28,191,219
https://kawalpemilu.org#6451,"COT MESJID, LUENG BATA, KOTA BANDA ACEH, ACEH",2,26,189,215
https://kawalpemilu.org#6451,"COT MESJID, LUENG BATA, KOTA BANDA ACEH, ACEH",3,20,181,201
https://kawalpemilu.org#6451,"COT MESJID, LUENG BATA, KOTA BANDA ACEH, ACEH",4,17,187,204
https://kawalpemilu.org#6451,"COT MESJID, LUENG BATA, KOTA BANDA ACEH, ACEH",5,13,157,170
https://kawalpemilu.org#6451,"COT MESJID, LUENG BATA, KOTA BANDA ACEH, ACEH",6,16,184,200
https://kawalpemilu.org#6451,"COT MESJID, LUENG BATA, KOTA BANDA ACEH, ACEH",7,5,211,216
https://kawalpemilu.org#6451,"COT MESJID, LUENG BATA, KOTA BANDA ACEH, ACEH",8,18,176,194
https://kawalpemilu.org#6451,"COT MESJID, LUENG BATA, KOTA BANDA ACEH, ACEH",9,10,190,200
https://kawalpemilu.org#6451,"COT MESJID, LUENG BATA, KOTA BANDA ACEH, ACEH",10,12,187,199
https://kawalpemilu.org#6452,"PANTERIEK, LUENG BATA, KOTA BANDA ACEH, ACEH",1,18,166,184
https://kawalpemilu.org#6452,"PANTERIEK, LUENG BATA, KOTA BANDA ACEH, ACEH",2,25,177,202
https://kawalpemilu.org#6452,"PANTERIEK, LUENG BATA, KOTA BANDA ACEH, ACEH",3,35,157,192
https://kawalpemilu.org#6452,"PANTERIEK, LUENG BATA, KOTA BANDA ACEH, ACEH",4,41,143,184
https://kawalpemilu.org#6452,"PANTERIEK, LUENG BATA, KOTA BANDA ACEH, ACEH",5,36,154,190
https://kawalpemilu.org#6452,"PANTERIEK, LUENG BATA, KOTA BANDA ACEH, ACEH",6,37,130,167
https://kawalpemilu.org#6452,"PANTERIEK, LUENG BATA, KOTA BANDA ACEH, ACEH",7,43,125,168
https://kawalpemilu.org#6452,"PANTERIEK, LUENG BATA, KOTA BANDA ACEH, ACEH",8,40,102,142
https://kawalpemilu.org#6452,"PANTERIEK, LUENG BATA, KOTA BANDA ACEH, ACEH",9,48,130,178
https://kawalpemilu.org#6452,"PANTERIEK, LUENG BATA, KOTA BANDA ACEH, ACEH",10,29,120,149
https://kawalpemilu.org#6453,"BLANG CUT, LUENG BATA, KOTA BANDA ACEH, ACEH",1,23,184,207
https://kawalpemilu.org#6453,"BLANG CUT, LUENG BATA, KOTA BANDA ACEH, ACEH",2,19,203,222
https://kawalpemilu.org#6453,"BLANG CUT, LUENG BATA, KOTA BANDA ACEH, ACEH",3,17,192,209
https://kawalpemilu.org#6453,"BLANG CUT, LUENG BATA, KOTA BANDA ACEH, ACEH",4,19,197,216
https://kawalpemilu.org#6453,"BLANG CUT, LUENG BATA, KOTA BANDA ACEH, ACEH",5,21,177,198
https://kawalpemilu.org#6454,"LAMSEUPEUNG, LUENG BATA, KOTA BANDA ACEH, ACEH",1,30,148,178
https://kawalpemilu.org#6454,"LAMSEUPEUNG, LUENG BATA, KOTA BANDA ACEH, ACEH",2,28,200,228
https://kawalpemilu.org#6454,"LAMSEUPEUNG, LUENG BATA, KOTA BANDA ACEH, ACEH",3,20,161,181
https://kawalpemilu.org#6454,"LAMSEUPEUNG, LUENG BATA, KOTA BANDA ACEH, ACEH",4,26,148,174
https://kawalpemilu.org#6454,"LAMSEUPEUNG, LUENG BATA, KOTA BANDA ACEH, ACEH",5,16,180,196
https://kawalpemilu.org#6455,"BATOH, LUENG BATA, KOTA BANDA ACEH, ACEH",1,20,187,207
https://kawalpemilu.org#6455,"BATOH, LUENG BATA, KOTA BANDA ACEH, ACEH",2,15,209,224
https://kawalpemilu.org#6455,"BATOH, LUENG BATA, KOTA BANDA ACEH, ACEH",3,11,182,193
https://kawalpemilu.org#6455,"BATOH, LUENG BATA, KOTA BANDA ACEH, ACEH",4,13,214,227
https://kawalpemilu.org#6455,"BATOH, LUENG BATA, KOTA BANDA ACEH, ACEH",5,18,162,180
https://kawalpemilu.org#6455,"BATOH, LUENG BATA, KOTA BANDA ACEH, ACEH",6,18,162,180
https://kawalpemilu.org#6455,"BATOH, LUENG BATA, KOTA BANDA ACEH, ACEH",7,18,181,199
https://kawalpemilu.org#6455,"BATOH, LUENG BATA, KOTA BANDA ACEH, ACEH",8,9,195,204
https://kawalpemilu.org#6455,"BATOH, LUENG BATA, KOTA BANDA ACEH, ACEH",9,15,168,183
https://kawalpemilu.org#6455,"BATOH, LUENG BATA, KOTA BANDA ACEH, ACEH",10,11,176,187
https://kawalpemilu.org#6455,"BATOH, LUENG BATA, KOTA BANDA ACEH, ACEH",11,19,186,205
https://kawalpemilu.org#6455,"BATOH, LUENG BATA, KOTA BANDA ACEH, ACEH",12,15,197,212
https://kawalpemilu.org#6456,"SUKADAMAI, LUENG BATA, KOTA BANDA ACEH, ACEH",1,25,186,211
https://kawalpemilu.org#6456,"SUKADAMAI, LUENG BATA, KOTA BANDA ACEH, ACEH",2,31,193,224
https://kawalpemilu.org#6456,"SUKADAMAI, LUENG BATA, KOTA BANDA ACEH, ACEH",3,24,190,214
https://kawalpemilu.org#6456,"SUKADAMAI, LUENG BATA, KOTA BANDA ACEH, ACEH",4,20,164,184
https://kawalpemilu.org#6457,"LAMDOM, LUENG BATA, KOTA BANDA ACEH, ACEH",1,13,189,202
https://kawalpemilu.org#6457,"LAMDOM, LUENG BATA, KOTA BANDA ACEH, ACEH",2,11,209,220
https://kawalpemilu.org#6457,"LAMDOM, LUENG BATA, KOTA BANDA ACEH, ACEH",3,18,195,213
https://kawalpemilu.org#6457,"LAMDOM, LUENG BATA, KOTA BANDA ACEH, ACEH",4,17,177,194
https://kawalpemilu.org#6457,"LAMDOM, LUENG BATA, KOTA BANDA ACEH, ACEH",5,15,206,221
https://kawalpemilu.org#6457,"LAMDOM, LUENG BATA, KOTA BANDA ACEH, ACEH",6,15,229,244
https://kawalpemilu.org#6458,"LAMPALOH, LUENG BATA, KOTA BANDA ACEH, ACEH",1,16,144,160
https://kawalpemilu.org#6458,"LAMPALOH, LUENG BATA, KOTA BANDA ACEH, ACEH",2,8,158,166
https://kawalpemilu.org#6460,"KEUDAH, KUTA RAJA, KOTA BANDA ACEH, ACEH",1,33,179,212
https://kawalpemilu.org#6460,"KEUDAH, KUTA RAJA, KOTA BANDA ACEH, ACEH",2,28,171,199
https://kawalpemilu.org#6460,"KEUDAH, KUTA RAJA, KOTA BANDA ACEH, ACEH",3,46,127,173
https://kawalpemilu.org#6460,"KEUDAH, KUTA RAJA, KOTA BANDA ACEH, ACEH",4,35,154,189
https://kawalpemilu.org#6460,"KEUDAH, KUTA RAJA, KOTA BANDA ACEH, ACEH",5,50,144,194
https://kawalpemilu.org#6461,"PEULANGGAHAN, KUTA RAJA, KOTA BANDA ACEH, ACEH",1,31,163,194
https://kawalpemilu.org#6461,"PEULANGGAHAN, KUTA RAJA, KOTA BANDA ACEH, ACEH",2,29,158,187
https://kawalpemilu.org#6461,"PEULANGGAHAN, KUTA RAJA, KOTA BANDA ACEH, ACEH",3,24,147,171
https://kawalpemilu.org#6461,"PEULANGGAHAN, KUTA RAJA, KOTA BANDA ACEH, ACEH",4,27,175,202
https://kawalpemilu.org#6461,"PEULANGGAHAN, KUTA RAJA, KOTA BANDA ACEH, ACEH",5,36,168,204
https://kawalpemilu.org#6461,"PEULANGGAHAN, KUTA RAJA, KOTA BANDA ACEH, ACEH",6,35,177,212
https://kawalpemilu.org#6462,"MERDUATI, KUTA RAJA, KOTA BANDA ACEH, ACEH",1,31,133,164
https://kawalpemilu.org#6462,"MERDUATI, KUTA RAJA, KOTA BANDA ACEH, ACEH",2,29,146,175
https://kawalpemilu.org#6462,"MERDUATI, KUTA RAJA, KOTA BANDA ACEH, ACEH",3,23,117,140
https://kawalpemilu.org#6462,"MERDUATI, KUTA RAJA, KOTA BANDA ACEH, ACEH",4,47,117,164
https://kawalpemilu.org#6462,"MERDUATI, KUTA RAJA, KOTA BANDA ACEH, ACEH",5,19,99,118
https://kawalpemilu.org#6462,"MERDUATI, KUTA RAJA, KOTA BANDA ACEH, ACEH",6,14,140,154
https://kawalpemilu.org#6462,"MERDUATI, KUTA RAJA, KOTA BANDA ACEH, ACEH",7,22,112,134
https://kawalpemilu.org#6462,"MERDUATI, KUTA RAJA, KOTA BANDA ACEH, ACEH",8,54,89,143
https://kawalpemilu.org#6463,"LAMPASEH KOTA, KUTA RAJA, KOTA BANDA ACEH, ACEH",1,18,148,166
https://kawalpemilu.org#6463,"LAMPASEH KOTA, KUTA RAJA, KOTA BANDA ACEH, ACEH",2,23,152,175
https://kawalpemilu.org#6463,"LAMPASEH KOTA, KUTA RAJA, KOTA BANDA ACEH, ACEH",3,18,194,212
https://kawalpemilu.org#6463,"LAMPASEH KOTA, KUTA RAJA, KOTA BANDA ACEH, ACEH",4,25,147,172
https://kawalpemilu.org#6463,"LAMPASEH KOTA, KUTA RAJA, KOTA BANDA ACEH, ACEH",5,34,144,178
https://kawalpemilu.org#6463,"LAMPASEH KOTA, KUTA RAJA, KOTA BANDA ACEH, ACEH",6,14,140,154
https://kawalpemilu.org#6464,"GAMPONG PANDE, KUTA RAJA, KOTA BANDA ACEH, ACEH",1,21,219,240
https://kawalpemilu.org#6464,"GAMPONG PANDE, KUTA RAJA, KOTA BANDA ACEH, ACEH",2,36,178,214
https://kawalpemilu.org#6465,"GAMPONG JAWA, KUTA RAJA, KOTA BANDA ACEH, ACEH",1,11,177,188
https://kawalpemilu.org#6465,"GAMPONG JAWA, KUTA RAJA, KOTA BANDA ACEH, ACEH",2,16,196,212
https://kawalpemilu.org#6465,"GAMPONG JAWA, KUTA RAJA, KOTA BANDA ACEH, ACEH",3,30,166,196
https://kawalpemilu.org#6465,"GAMPONG JAWA, KUTA RAJA, KOTA BANDA ACEH, ACEH",4,31,169,200
https://kawalpemilu.org#6465,"GAMPONG JAWA, KUTA RAJA, KOTA BANDA ACEH, ACEH",5,29,171,200
https://kawalpemilu.org#6465,"GAMPONG JAWA, KUTA RAJA, KOTA BANDA ACEH, ACEH",6,41,140,181
https://kawalpemilu.org#6465,"GAMPONG JAWA, KUTA RAJA, KOTA BANDA ACEH, ACEH",7,46,133,179
https://kawalpemilu.org#6467,"GEUCEU KOMPLEK, BANDA RAYA, KOTA BANDA ACEH, ACEH",1,18,231,249
https://kawalpemilu.org#6467,"GEUCEU KOMPLEK, BANDA RAYA, KOTA BANDA ACEH, ACEH",2,18,257,275
https://kawalpemilu.org#6467,"GEUCEU KOMPLEK, BANDA RAYA, KOTA BANDA ACEH, ACEH",3,23,232,255
https://kawalpemilu.org#6467,"GEUCEU KOMPLEK, BANDA RAYA, KOTA BANDA ACEH, ACEH",4,18,227,245
https://kawalpemilu.org#6467,"GEUCEU KOMPLEK, BANDA RAYA, KOTA BANDA ACEH, ACEH",5,18,230,248
https://kawalpemilu.org#6467,"GEUCEU KOMPLEK, BANDA RAYA, KOTA BANDA ACEH, ACEH",6,26,233,259
https://kawalpemilu.org#6468,"LAMLAGANG, BANDA RAYA, KOTA BANDA ACEH, ACEH",1,16,210,226
https://kawalpemilu.org#6468,"LAMLAGANG, BANDA RAYA, KOTA BANDA ACEH, ACEH",2,15,197,194
https://kawalpemilu.org#6468,"LAMLAGANG, BANDA RAYA, KOTA BANDA ACEH, ACEH",3,15,194,209
https://kawalpemilu.org#6468,"LAMLAGANG, BANDA RAYA, KOTA BANDA ACEH, ACEH",4,20,181,201
https://kawalpemilu.org#6468,"LAMLAGANG, BANDA RAYA, KOTA BANDA ACEH, ACEH",5,30,169,199
https://kawalpemilu.org#6468,"LAMLAGANG, BANDA RAYA, KOTA BANDA ACEH, ACEH",6,23,186,209
https://kawalpemilu.org#6468,"LAMLAGANG, BANDA RAYA, KOTA BANDA ACEH, ACEH",7,31,182,213
https://kawalpemilu.org#6468,"LAMLAGANG, BANDA RAYA, KOTA BANDA ACEH, ACEH",8,23,190,213
https://kawalpemilu.org#6468,"LAMLAGANG, BANDA RAYA, KOTA BANDA ACEH, ACEH",9,21,205,226
https://kawalpemilu.org#6468,"LAMLAGANG, BANDA RAYA, KOTA BANDA ACEH, ACEH",10,14,204,218
https://kawalpemilu.org#6468,"LAMLAGANG, BANDA RAYA, KOTA BANDA ACEH, ACEH",11,25,175,200
https://kawalpemilu.org#6468,"LAMLAGANG, BANDA RAYA, KOTA BANDA ACEH, ACEH",12,16,204,220
https://kawalpemilu.org#6469,"GEUCEU INIEM, BANDA RAYA, KOTA BANDA ACEH, ACEH",1,25,177,202
https://kawalpemilu.org#6469,"GEUCEU INIEM, BANDA RAYA, KOTA BANDA ACEH, ACEH",2,18,229,247
https://kawalpemilu.org#6469,"GEUCEU INIEM, BANDA RAYA, KOTA BANDA ACEH, ACEH",3,39,181,220
https://kawalpemilu.org#6469,"GEUCEU INIEM, BANDA RAYA, KOTA BANDA ACEH, ACEH",4,18,197,215
https://kawalpemilu.org#6469,"GEUCEU INIEM, BANDA RAYA, KOTA BANDA ACEH, ACEH",5,17,197,214
https://kawalpemilu.org#6470,"GEUCEU KAYEE JATO, BANDA RAYA, KOTA BANDA ACEH, ACEH",1,17,188,205
https://kawalpemilu.org#6470,"GEUCEU KAYEE JATO, BANDA RAYA, KOTA BANDA ACEH, ACEH",2,29,198,227
https://kawalpemilu.org#6470,"GEUCEU KAYEE JATO, BANDA RAYA, KOTA BANDA ACEH, ACEH",3,23,190,213
https://kawalpemilu.org#6470,"GEUCEU KAYEE JATO, BANDA RAYA, KOTA BANDA ACEH, ACEH",4,43,177,220
https://kawalpemilu.org#6471,"LAM ARA, BANDA RAYA, KOTA BANDA ACEH, ACEH",1,21,216,237
https://kawalpemilu.org#6471,"LAM ARA, BANDA RAYA, KOTA BANDA ACEH, ACEH",2,14,208,222
https://kawalpemilu.org#6471,"LAM ARA, BANDA RAYA, KOTA BANDA ACEH, ACEH",3,25,217,242
https://kawalpemilu.org#6471,"LAM ARA, BANDA RAYA, KOTA BANDA ACEH, ACEH",4,21,238,259
https://kawalpemilu.org#6471,"LAM ARA, BANDA RAYA, KOTA BANDA ACEH, ACEH",5,18,253,271
https://kawalpemilu.org#6471,"LAM ARA, BANDA RAYA, KOTA BANDA ACEH, ACEH",6,15,241,256
https://kawalpemilu.org#6471,"LAM ARA, BANDA RAYA, KOTA BANDA ACEH, ACEH",7,26,206,232
https://kawalpemilu.org#6472,"LHONG RAYA, BANDA RAYA, KOTA BANDA ACEH, ACEH",1,25,198,223
https://kawalpemilu.org#6472,"LHONG RAYA, BANDA RAYA, KOTA BANDA ACEH, ACEH",2,13,230,243
https://kawalpemilu.org#6472,"LHONG RAYA, BANDA RAYA, KOTA BANDA ACEH, ACEH",3,15,238,253
https://kawalpemilu.org#6472,"LHONG RAYA, BANDA RAYA, KOTA BANDA ACEH, ACEH",4,22,237,259
https://kawalpemilu.org#6472,"LHONG RAYA, BANDA RAYA, KOTA BANDA ACEH, ACEH",5,17,218,235
https://kawalpemilu.org#6472,"LHONG RAYA, BANDA RAYA, KOTA BANDA ACEH, ACEH",6,17,229,246
https://kawalpemilu.org#6472,"LHONG RAYA, BANDA RAYA, KOTA BANDA ACEH, ACEH",7,22,205,227
https://kawalpemilu.org#6473,"MIBO, BANDA RAYA, KOTA BANDA ACEH, ACEH",1,26,193,219
https://kawalpemilu.org#6473,"MIBO, BANDA RAYA, KOTA BANDA ACEH, ACEH",2,20,232,252
https://kawalpemilu.org#6473,"MIBO, BANDA RAYA, KOTA BANDA ACEH, ACEH",3,25,212,237
https://kawalpemilu.org#6473,"MIBO, BANDA RAYA, KOTA BANDA ACEH, ACEH",4,22,197,219
https://kawalpemilu.org#6473,"MIBO, BANDA RAYA, KOTA BANDA ACEH, ACEH",5,18,192,210
https://kawalpemilu.org#6473,"MIBO, BANDA RAYA, KOTA BANDA ACEH, ACEH",6,19,202,221
https://kawalpemilu.org#6474,"PEUNYERAT, BANDA RAYA, KOTA BANDA ACEH, ACEH",1,27,205,232
https://kawalpemilu.org#6474,"PEUNYERAT, BANDA RAYA, KOTA BANDA ACEH, ACEH",2,14,209,223
https://kawalpemilu.org#6474,"PEUNYERAT, BANDA RAYA, KOTA BANDA ACEH, ACEH",3,14,187,201
https://kawalpemilu.org#6474,"PEUNYERAT, BANDA RAYA, KOTA BANDA ACEH, ACEH",4,23,200,223
https://kawalpemilu.org#6474,"PEUNYERAT, BANDA RAYA, KOTA BANDA ACEH, ACEH",5,16,218,234
https://kawalpemilu.org#6475,"LHONG CUT, BANDA RAYA, KOTA BANDA ACEH, ACEH",1,27,221,248
https://kawalpemilu.org#6475,"LHONG CUT, BANDA RAYA, KOTA BANDA ACEH, ACEH",2,29,204,233
https://kawalpemilu.org#6475,"LHONG CUT, BANDA RAYA, KOTA BANDA ACEH, ACEH",3,19,227,246
https://kawalpemilu.org#6475,"LHONG CUT, BANDA RAYA, KOTA BANDA ACEH, ACEH",4,24,218,242
https://kawalpemilu.org#6475,"LHONG CUT, BANDA RAYA, KOTA BANDA ACEH, ACEH",5,5,232,237
https://kawalpemilu.org#6476,"LAMPEUOT, BANDA RAYA, KOTA BANDA ACEH, ACEH",1,15,248,263
https://kawalpemilu.org#6476,"LAMPEUOT, BANDA RAYA, KOTA BANDA ACEH, ACEH",2,14,200,214
https://kawalpemilu.org#6478,"PUNGE BLANG CUT, JAYA BARU, KOTA BANDA ACEH, ACEH",1,24,163,187
https://kawalpemilu.org#6478,"PUNGE BLANG CUT, JAYA BARU, KOTA BANDA ACEH, ACEH",2,20,186,206
https://kawalpemilu.org#6478,"PUNGE BLANG CUT, JAYA BARU, KOTA BANDA ACEH, ACEH",3,28,150,178
https://kawalpemilu.org#6478,"PUNGE BLANG CUT, JAYA BARU, KOTA BANDA ACEH, ACEH",4,24,164,188
https://kawalpemilu.org#6478,"PUNGE BLANG CUT, JAYA BARU, KOTA BANDA ACEH, ACEH",5,14,164,178
https://kawalpemilu.org#6478,"PUNGE BLANG CUT, JAYA BARU, KOTA BANDA ACEH, ACEH",6,28,194,222
https://kawalpemilu.org#6478,"PUNGE BLANG CUT, JAYA BARU, KOTA BANDA ACEH, ACEH",7,22,186,208
https://kawalpemilu.org#6478,"PUNGE BLANG CUT, JAYA BARU, KOTA BANDA ACEH, ACEH",8,21,185,206
https://kawalpemilu.org#6478,"PUNGE BLANG CUT, JAYA BARU, KOTA BANDA ACEH, ACEH",9,25,162,187
https://kawalpemilu.org#6478,"PUNGE BLANG CUT, JAYA BARU, KOTA BANDA ACEH, ACEH",10,17,166,183
https://kawalpemilu.org#6478,"PUNGE BLANG CUT, JAYA BARU, KOTA BANDA ACEH, ACEH",11,15,164,179
https://kawalpemilu.org#6478,"PUNGE BLANG CUT, JAYA BARU, KOTA BANDA ACEH, ACEH",12,21,172,193
https://kawalpemilu.org#6478,"PUNGE BLANG CUT, JAYA BARU, KOTA BANDA ACEH, ACEH",13,22,178,200
https://kawalpemilu.org#6478,"PUNGE BLANG CUT, JAYA BARU, KOTA BANDA ACEH, ACEH",14,19,174,193
https://kawalpemilu.org#6478,"PUNGE BLANG CUT, JAYA BARU, KOTA BANDA ACEH, ACEH",15,15,168,183
https://kawalpemilu.org#6479,"BITAI, JAYA BARU, KOTA BANDA ACEH, ACEH",1,12,180,192
https://kawalpemilu.org#6479,"BITAI, JAYA BARU, KOTA BANDA ACEH, ACEH",2,13,179,192
https://kawalpemilu.org#6479,"BITAI, JAYA BARU, KOTA BANDA ACEH, ACEH",3,17,180,197
https://kawalpemilu.org#6480,"LAMJAMEE, JAYA BARU, KOTA BANDA ACEH, ACEH",1,19,135,154
https://kawalpemilu.org#6480,"LAMJAMEE, JAYA BARU, KOTA BANDA ACEH, ACEH",2,21,165,186
https://kawalpemilu.org#6480,"LAMJAMEE, JAYA BARU, KOTA BANDA ACEH, ACEH",3,21,141,162
https://kawalpemilu.org#6480,"LAMJAMEE, JAYA BARU, KOTA BANDA ACEH, ACEH",4,24,119,143
https://kawalpemilu.org#6481,"ULEE  PATA, JAYA BARU, KOTA BANDA ACEH, ACEH",1,21,203,224
https://kawalpemilu.org#6481,"ULEE  PATA, JAYA BARU, KOTA BANDA ACEH, ACEH",2,20,204,224
https://kawalpemilu.org#6482,"LAMPOH DAYA, JAYA BARU, KOTA BANDA ACEH, ACEH",1,19,161,180
https://kawalpemilu.org#6482,"LAMPOH DAYA, JAYA BARU, KOTA BANDA ACEH, ACEH",2,17,172,189
https://kawalpemilu.org#6482,"LAMPOH DAYA, JAYA BARU, KOTA BANDA ACEH, ACEH",3,25,160,185
https://kawalpemilu.org#6482,"LAMPOH DAYA, JAYA BARU, KOTA BANDA ACEH, ACEH",4,25,141,166
https://kawalpemilu.org#6482,"LAMPOH DAYA, JAYA BARU, KOTA BANDA ACEH, ACEH",5,25,128,153
https://kawalpemilu.org#6483,"EMPEROM, JAYA BARU, KOTA BANDA ACEH, ACEH",1,21,198,219
https://kawalpemilu.org#6483,"EMPEROM, JAYA BARU, KOTA BANDA ACEH, ACEH",2,39,145,184
https://kawalpemilu.org#6483,"EMPEROM, JAYA BARU, KOTA BANDA ACEH, ACEH",3,23,161,184
https://kawalpemilu.org#6483,"EMPEROM, JAYA BARU, KOTA BANDA ACEH, ACEH",4,30,170,200
https://kawalpemilu.org#6483,"EMPEROM, JAYA BARU, KOTA BANDA ACEH, ACEH",5,39,145,184
https://kawalpemilu.org#6483,"EMPEROM, JAYA BARU, KOTA BANDA ACEH, ACEH",6,30,174,204
https://kawalpemilu.org#6483,"EMPEROM, JAYA BARU, KOTA BANDA ACEH, ACEH",7,13,164,177
https://kawalpemilu.org#6484,"GEUCEU MEUNARA, JAYA BARU, KOTA BANDA ACEH, ACEH",1,27,197,224
https://kawalpemilu.org#6484,"GEUCEU MEUNARA, JAYA BARU, KOTA BANDA ACEH, ACEH",2,23,183,206
https://kawalpemilu.org#6484,"GEUCEU MEUNARA, JAYA BARU, KOTA BANDA ACEH, ACEH",3,15,190,205
https://kawalpemilu.org#6484,"GEUCEU MEUNARA, JAYA BARU, KOTA BANDA ACEH, ACEH",4,22,155,177
https://kawalpemilu.org#6484,"GEUCEU MEUNARA, JAYA BARU, KOTA BANDA ACEH, ACEH",5,4,145,149
https://kawalpemilu.org#6484,"GEUCEU MEUNARA, JAYA BARU, KOTA BANDA ACEH, ACEH",6,13,118,131
https://kawalpemilu.org#6484,"GEUCEU MEUNARA, JAYA BARU, KOTA BANDA ACEH, ACEH",7,8,127,135
https://kawalpemilu.org#6484,"GEUCEU MEUNARA, JAYA BARU, KOTA BANDA ACEH, ACEH",8,5,125,130
https://kawalpemilu.org#6485,"LAMTEUMEN TIMUR, JAYA BARU, KOTA BANDA ACEH, ACEH",1,29,226,8
https://kawalpemilu.org#6485,"LAMTEUMEN TIMUR, JAYA BARU, KOTA BANDA ACEH, ACEH",2,18,210,228
https://kawalpemilu.org#6485,"LAMTEUMEN TIMUR, JAYA BARU, KOTA BANDA ACEH, ACEH",3,22,217,239
https://kawalpemilu.org#6485,"LAMTEUMEN TIMUR, JAYA BARU, KOTA BANDA ACEH, ACEH",4,21,212,233
https://kawalpemilu.org#6485,"LAMTEUMEN TIMUR, JAYA BARU, KOTA BANDA ACEH, ACEH",5,43,200,243
https://kawalpemilu.org#6485,"LAMTEUMEN TIMUR, JAYA BARU, KOTA BANDA ACEH, ACEH",6,39,209,248
https://kawalpemilu.org#6485,"LAMTEUMEN TIMUR, JAYA BARU, KOTA BANDA ACEH, ACEH",7,33,199,232
https://kawalpemilu.org#6485,"LAMTEUMEN TIMUR, JAYA BARU, KOTA BANDA ACEH, ACEH",8,41,196,237
https://kawalpemilu.org#6485,"LAMTEUMEN TIMUR, JAYA BARU, KOTA BANDA ACEH, ACEH",9,47,137,184
https://kawalpemilu.org#6485,"LAMTEUMEN TIMUR, JAYA BARU, KOTA BANDA ACEH, ACEH",10,42,138,180
https://kawalpemilu.org#6486,"LAMTEUMEN BARAT, JAYA BARU, KOTA BANDA ACEH, ACEH",1,36,197,233
https://kawalpemilu.org#6486,"LAMTEUMEN BARAT, JAYA BARU, KOTA BANDA ACEH, ACEH",2,30,197,227
https://kawalpemilu.org#6486,"LAMTEUMEN BARAT, JAYA BARU, KOTA BANDA ACEH, ACEH",3,38,180,218
https://kawalpemilu.org#6486,"LAMTEUMEN BARAT, JAYA BARU, KOTA BANDA ACEH, ACEH",4,32,169,201
https://kawalpemilu.org#6486,"LAMTEUMEN BARAT, JAYA BARU, KOTA BANDA ACEH, ACEH",5,45,138,183
https://kawalpemilu.org#6486,"LAMTEUMEN BARAT, JAYA BARU, KOTA BANDA ACEH, ACEH",6,22,166,188
https://kawalpemilu.org#6488,"LAMBHUK, ULEE KARENG, KOTA BANDA ACEH, ACEH",1,20,182,202
https://kawalpemilu.org#6488,"LAMBHUK, ULEE KARENG, KOTA BANDA ACEH, ACEH",2,16,178,194
https://kawalpemilu.org#6488,"LAMBHUK, ULEE KARENG, KOTA BANDA ACEH, ACEH",3,22,191,213
https://kawalpemilu.org#6488,"LAMBHUK, ULEE KARENG, KOTA BANDA ACEH, ACEH",4,30,172,202
https://kawalpemilu.org#6488,"LAMBHUK, ULEE KARENG, KOTA BANDA ACEH, ACEH",5,15,203,218
https://kawalpemilu.org#6488,"LAMBHUK, ULEE KARENG, KOTA BANDA ACEH, ACEH",6,32,206,238
https://kawalpemilu.org#6488,"LAMBHUK, ULEE KARENG, KOTA BANDA ACEH, ACEH",7,15,191,206
https://kawalpemilu.org#6488,"LAMBHUK, ULEE KARENG, KOTA BANDA ACEH, ACEH",8,18,190,208
https://kawalpemilu.org#6488,"LAMBHUK, ULEE KARENG, KOTA BANDA ACEH, ACEH",9,13,211,227
https://kawalpemilu.org#6488,"LAMBHUK, ULEE KARENG, KOTA BANDA ACEH, ACEH",10,22,196,218
https://kawalpemilu.org#6488,"LAMBHUK, ULEE KARENG, KOTA BANDA ACEH, ACEH",11,23,187,210
https://kawalpemilu.org#6488,"LAMBHUK, ULEE KARENG, KOTA BANDA ACEH, ACEH",12,19,171,190
https://kawalpemilu.org#6488,"LAMBHUK, ULEE KARENG, KOTA BANDA ACEH, ACEH",13,16,173,189
https://kawalpemilu.org#6489,"LAMTEH, ULEE KARENG, KOTA BANDA ACEH, ACEH",1,25,179,204
https://kawalpemilu.org#6489,"LAMTEH, ULEE KARENG, KOTA BANDA ACEH, ACEH",2,21,222,243
https://kawalpemilu.org#6489,"LAMTEH, ULEE KARENG, KOTA BANDA ACEH, ACEH",3,9,224,233
https://kawalpemilu.org#6489,"LAMTEH, ULEE KARENG, KOTA BANDA ACEH, ACEH",4,7,225,232
https://kawalpemilu.org#6489,"LAMTEH, ULEE KARENG, KOTA BANDA ACEH, ACEH",5,21,201,222
https://kawalpemilu.org#6489,"LAMTEH, ULEE KARENG, KOTA BANDA ACEH, ACEH",6,21,201,222
https://kawalpemilu.org#6490,"ILIE, ULEE KARENG, KOTA BANDA ACEH, ACEH",1,24,184,208
https://kawalpemilu.org#6490,"ILIE, ULEE KARENG, KOTA BANDA ACEH, ACEH",2,32,199,231
https://kawalpemilu.org#6490,"ILIE, ULEE KARENG, KOTA BANDA ACEH, ACEH",3,34,202,236
https://kawalpemilu.org#6490,"ILIE, ULEE KARENG, KOTA BANDA ACEH, ACEH",4,28,206,234
https://kawalpemilu.org#6490,"ILIE, ULEE KARENG, KOTA BANDA ACEH, ACEH",5,33,201,234
https://kawalpemilu.org#6490,"ILIE, ULEE KARENG, KOTA BANDA ACEH, ACEH",6,21,177,198
https://kawalpemilu.org#6490,"ILIE, ULEE KARENG, KOTA BANDA ACEH, ACEH",7,33,203,236
https://kawalpemilu.org#6490,"ILIE, ULEE KARENG, KOTA BANDA ACEH, ACEH",8,18,196,214
https://kawalpemilu.org#6491,"PANGO RAYA, ULEE KARENG, KOTA BANDA ACEH, ACEH",1,25,224,249
https://kawalpemilu.org#6491,"PANGO RAYA, ULEE KARENG, KOTA BANDA ACEH, ACEH",2,43,215,258
https://kawalpemilu.org#6491,"PANGO RAYA, ULEE KARENG, KOTA BANDA ACEH, ACEH",3,16,226,242
https://kawalpemilu.org#6491,"PANGO RAYA, ULEE KARENG, KOTA BANDA ACEH, ACEH",4,21,223,244
https://kawalpemilu.org#6491,"PANGO RAYA, ULEE KARENG, KOTA BANDA ACEH, ACEH",5,13,234,247
https://kawalpemilu.org#6492,"PANGO DEYAH, ULEE KARENG, KOTA BANDA ACEH, ACEH",1,15,196,211
https://kawalpemilu.org#6492,"PANGO DEYAH, ULEE KARENG, KOTA BANDA ACEH, ACEH",2,23,192,215
https://kawalpemilu.org#6493,"CEURIH, ULEE KARENG, KOTA BANDA ACEH, ACEH",1,26,203,229
https://kawalpemilu.org#6493,"CEURIH, ULEE KARENG, KOTA BANDA ACEH, ACEH",2,21,160,181
https://kawalpemilu.org#6493,"CEURIH, ULEE KARENG, KOTA BANDA ACEH, ACEH",3,17,227,244
https://kawalpemilu.org#6493,"CEURIH, ULEE KARENG, KOTA BANDA ACEH, ACEH",4,20,194,214
https://kawalpemilu.org#6493,"CEURIH, ULEE KARENG, KOTA BANDA ACEH, ACEH",5,16,200,216
https://kawalpemilu.org#6493,"CEURIH, ULEE KARENG, KOTA BANDA ACEH, ACEH",6,31,203,234
https://kawalpemilu.org#6493,"CEURIH, ULEE KARENG, KOTA BANDA ACEH, ACEH",7,23,182,205
https://kawalpemilu.org#6493,"CEURIH, ULEE KARENG, KOTA BANDA ACEH, ACEH",8,17,206,223
https://kawalpemilu.org#6493,"CEURIH, ULEE KARENG, KOTA BANDA ACEH, ACEH",9,26,194,220
https://kawalpemilu.org#6494,"DOI, ULEE KARENG, KOTA BANDA ACEH, ACEH",1,21,188,209
https://kawalpemilu.org#6494,"DOI, ULEE KARENG, KOTA BANDA ACEH, ACEH",2,23,207,230
https://kawalpemilu.org#6494,"DOI, ULEE KARENG, KOTA BANDA ACEH, ACEH",3,30,211,241
https://kawalpemilu.org#6494,"DOI, ULEE KARENG, KOTA BANDA ACEH, ACEH",4,18,210,228
https://kawalpemilu.org#6494,"DOI, ULEE KARENG, KOTA BANDA ACEH, ACEH",5,20,213,233
https://kawalpemilu.org#6494,"DOI, ULEE KARENG, KOTA BANDA ACEH, ACEH",6,23,170,193
https://kawalpemilu.org#6494,"DOI, ULEE KARENG, KOTA BANDA ACEH, ACEH",7,12,153,165
https://kawalpemilu.org#6495,"LAMGLUMPANG, ULEE KARENG, KOTA BANDA ACEH, ACEH",1,20,174,194
https://kawalpemilu.org#6495,"LAMGLUMPANG, ULEE KARENG, KOTA BANDA ACEH, ACEH",2,41,185,226
https://kawalpemilu.org#6495,"LAMGLUMPANG, ULEE KARENG, KOTA BANDA ACEH, ACEH",3,17,203,220
https://kawalpemilu.org#6495,"LAMGLUMPANG, ULEE KARENG, KOTA BANDA ACEH, ACEH",4,24,198,222
https://kawalpemilu.org#6495,"LAMGLUMPANG, ULEE KARENG, KOTA BANDA ACEH, ACEH",5,14,195,209
https://kawalpemilu.org#6495,"LAMGLUMPANG, ULEE KARENG, KOTA BANDA ACEH, ACEH",6,21,187,208
https://kawalpemilu.org#6495,"LAMGLUMPANG, ULEE KARENG, KOTA BANDA ACEH, ACEH",7,24,199,223
https://kawalpemilu.org#6496,"IE MASEN ULEE KARENG, ULEE KARENG, KOTA BANDA ACEH, ACEH",1,38,197,235
https://kawalpemilu.org#6496,"IE MASEN ULEE KARENG, ULEE KARENG, KOTA BANDA ACEH, ACEH",2,25,203,228
https://kawalpemilu.org#6496,"IE MASEN ULEE KARENG, ULEE KARENG, KOTA BANDA ACEH, ACEH",3,17,216,227
https://kawalpemilu.org#6496,"IE MASEN ULEE KARENG, ULEE KARENG, KOTA BANDA ACEH, ACEH",4,28,199,227
https://kawalpemilu.org#6496,"IE MASEN ULEE KARENG, ULEE KARENG, KOTA BANDA ACEH, ACEH",5,28,204,232
https://kawalpemilu.org#6499,"GAMPONG IBOIH, SUKAKARYA, KOTA SABANG, ACEH",1,12,199,211
https://kawalpemilu.org#6499,"GAMPONG IBOIH, SUKAKARYA, KOTA SABANG, ACEH",2,8,213,221
https://kawalpemilu.org#6499,"GAMPONG IBOIH, SUKAKARYA, KOTA SABANG, ACEH",3,17,198,215
https://kawalpemilu.org#6500,"GAMPONG BATEE SHOK, SUKAKARYA, KOTA SABANG, ACEH",1,14,254,268
https://kawalpemilu.org#6500,"GAMPONG BATEE SHOK, SUKAKARYA, KOTA SABANG, ACEH",2,27,166,193
https://kawalpemilu.org#6500,"GAMPONG BATEE SHOK, SUKAKARYA, KOTA SABANG, ACEH",3,17,243,260
https://kawalpemilu.org#6500,"GAMPONG BATEE SHOK, SUKAKARYA, KOTA SABANG, ACEH",4,25,156,181
https://kawalpemilu.org#6501,"GAMPONG PAYA SEUNARA, SUKAKARYA, KOTA SABANG, ACEH",1,20,196,216
https://kawalpemilu.org#6501,"GAMPONG PAYA SEUNARA, SUKAKARYA, KOTA SABANG, ACEH",2,13,205,218
https://kawalpemilu.org#6501,"GAMPONG PAYA SEUNARA, SUKAKARYA, KOTA SABANG, ACEH",3,33,210,243
https://kawalpemilu.org#6501,"GAMPONG PAYA SEUNARA, SUKAKARYA, KOTA SABANG, ACEH",4,28,190,218
https://kawalpemilu.org#6501,"GAMPONG PAYA SEUNARA, SUKAKARYA, KOTA SABANG, ACEH",5,28,204,232
https://kawalpemilu.org#6501,"GAMPONG PAYA SEUNARA, SUKAKARYA, KOTA SABANG, ACEH",6,32,201,233
https://kawalpemilu.org#6501,"GAMPONG PAYA SEUNARA, SUKAKARYA, KOTA SABANG, ACEH",7,21,223,244
https://kawalpemilu.org#6502,"GAMPONG KRUENG RAYA, SUKAKARYA, KOTA SABANG, ACEH",1,26,182,208
https://kawalpemilu.org#6502,"GAMPONG KRUENG RAYA, SUKAKARYA, KOTA SABANG, ACEH",2,41,173,214
https://kawalpemilu.org#6502,"GAMPONG KRUENG RAYA, SUKAKARYA, KOTA SABANG, ACEH",3,44,149,193
https://kawalpemilu.org#6502,"GAMPONG KRUENG RAYA, SUKAKARYA, KOTA SABANG, ACEH",4,24,195,219
https://kawalpemilu.org#6502,"GAMPONG KRUENG RAYA, SUKAKARYA, KOTA SABANG, ACEH",5,37,214,251
https://kawalpemilu.org#6503,"GAMPONG ANEUK LAOT, SUKAKARYA, KOTA SABANG, ACEH",1,16,230,246
https://kawalpemilu.org#6503,"GAMPONG ANEUK LAOT, SUKAKARYA, KOTA SABANG, ACEH",2,18,223,241
https://kawalpemilu.org#6503,"GAMPONG ANEUK LAOT, SUKAKARYA, KOTA SABANG, ACEH",3,42,178,220
https://kawalpemilu.org#6504,"GAMPONG KUTA TIMU, SUKAKARYA, KOTA SABANG, ACEH",1,29,150,179
https://kawalpemilu.org#6504,"GAMPONG KUTA TIMU, SUKAKARYA, KOTA SABANG, ACEH",2,58,88,146
https://kawalpemilu.org#6504,"GAMPONG KUTA TIMU, SUKAKARYA, KOTA SABANG, ACEH",3,18,156,174
https://kawalpemilu.org#6504,"GAMPONG KUTA TIMU, SUKAKARYA, KOTA SABANG, ACEH",4,27,185,212
https://kawalpemilu.org#6504,"GAMPONG KUTA TIMU, SUKAKARYA, KOTA SABANG, ACEH",5,30,199,229
https://kawalpemilu.org#6504,"GAMPONG KUTA TIMU, SUKAKARYA, KOTA SABANG, ACEH",6,29,201,230
https://kawalpemilu.org#6504,"GAMPONG KUTA TIMU, SUKAKARYA, KOTA SABANG, ACEH",7,20,195,215
https://kawalpemilu.org#6505,"GAMPONG KUTA BARAT, SUKAKARYA, KOTA SABANG, ACEH",1,43,175,218
https://kawalpemilu.org#6505,"GAMPONG KUTA BARAT, SUKAKARYA, KOTA SABANG, ACEH",2,48,165,213
https://kawalpemilu.org#6505,"GAMPONG KUTA BARAT, SUKAKARYA, KOTA SABANG, ACEH",3,36,181,217
https://kawalpemilu.org#6505,"GAMPONG KUTA BARAT, SUKAKARYA, KOTA SABANG, ACEH",4,51,183,234
https://kawalpemilu.org#6505,"GAMPONG KUTA BARAT, SUKAKARYA, KOTA SABANG, ACEH",5,52,183,235
https://kawalpemilu.org#6505,"GAMPONG KUTA BARAT, SUKAKARYA, KOTA SABANG, ACEH",6,47,173,220
https://kawalpemilu.org#6505,"GAMPONG KUTA BARAT, SUKAKARYA, KOTA SABANG, ACEH",7,48,104,152
https://kawalpemilu.org#6505,"GAMPONG KUTA BARAT, SUKAKARYA, KOTA SABANG, ACEH",8,81,81,162
https://kawalpemilu.org#6505,"GAMPONG KUTA BARAT, SUKAKARYA, KOTA SABANG, ACEH",9,42,161,203
https://kawalpemilu.org#6505,"GAMPONG KUTA BARAT, SUKAKARYA, KOTA SABANG, ACEH",10,47,174,221
https://kawalpemilu.org#6506,"GAMPONG KUTA ATEUH, SUKAKARYA, KOTA SABANG, ACEH",1,40,180,220
https://kawalpemilu.org#6506,"GAMPONG KUTA ATEUH, SUKAKARYA, KOTA SABANG, ACEH",2,32,189,221
https://kawalpemilu.org#6506,"GAMPONG KUTA ATEUH, SUKAKARYA, KOTA SABANG, ACEH",3,49,208,257
https://kawalpemilu.org#6506,"GAMPONG KUTA ATEUH, SUKAKARYA, KOTA SABANG, ACEH",4,28,194,222
https://kawalpemilu.org#6506,"GAMPONG KUTA ATEUH, SUKAKARYA, KOTA SABANG, ACEH",5,43,178,221
https://kawalpemilu.org#6506,"GAMPONG KUTA ATEUH, SUKAKARYA, KOTA SABANG, ACEH",6,34,146,180
https://kawalpemilu.org#6506,"GAMPONG KUTA ATEUH, SUKAKARYA, KOTA SABANG, ACEH",7,47,155,202
https://kawalpemilu.org#6506,"GAMPONG KUTA ATEUH, SUKAKARYA, KOTA SABANG, ACEH",8,37,169,206
https://kawalpemilu.org#6506,"GAMPONG KUTA ATEUH, SUKAKARYA, KOTA SABANG, ACEH",9,31,156,187
https://kawalpemilu.org#6506,"GAMPONG KUTA ATEUH, SUKAKARYA, KOTA SABANG, ACEH",10,41,148,190
https://kawalpemilu.org#6506,"GAMPONG KUTA ATEUH, SUKAKARYA, KOTA SABANG, ACEH",11,29,180,209
https://kawalpemilu.org#6508,"GAMPONG PAYA, SUKAJAYA, KOTA SABANG, ACEH",1,19,150,169
https://kawalpemilu.org#6508,"GAMPONG PAYA, SUKAJAYA, KOTA SABANG, ACEH",2,23,147,170
https://kawalpemilu.org#6509,"GAMPONG KEUNEUKAI, SUKAJAYA, KOTA SABANG, ACEH",1,6,176,182
https://kawalpemilu.org#6509,"GAMPONG KEUNEUKAI, SUKAJAYA, KOTA SABANG, ACEH",2,6,217,223
https://kawalpemilu.org#6509,"GAMPONG KEUNEUKAI, SUKAJAYA, KOTA SABANG, ACEH",3,17,152,169
https://kawalpemilu.org#6510,"GAMPONG BEURAWANG, SUKAJAYA, KOTA SABANG, ACEH",1,38,183,221
https://kawalpemilu.org#6511,"GAMPONG JABOI, SUKAJAYA, KOTA SABANG, ACEH",1,14,224,238
https://kawalpemilu.org#6511,"GAMPONG JABOI, SUKAJAYA, KOTA SABANG, ACEH",2,18,207,225
https://kawalpemilu.org#6512,"GAMPONG BALOHAN, SUKAJAYA, KOTA SABANG, ACEH",1,23,168,191
https://kawalpemilu.org#6512,"GAMPONG BALOHAN, SUKAJAYA, KOTA SABANG, ACEH",2,28,184,212
https://kawalpemilu.org#6512,"GAMPONG BALOHAN, SUKAJAYA, KOTA SABANG, ACEH",3,44,172,216
https://kawalpemilu.org#6512,"GAMPONG BALOHAN, SUKAJAYA, KOTA SABANG, ACEH",4,12,193,205
https://kawalpemilu.org#6512,"GAMPONG BALOHAN, SUKAJAYA, KOTA SABANG, ACEH",5,20,202,222
https://kawalpemilu.org#6512,"GAMPONG BALOHAN, SUKAJAYA, KOTA SABANG, ACEH",6,12,170,182
https://kawalpemilu.org#6512,"GAMPONG BALOHAN, SUKAJAYA, KOTA SABANG, ACEH",7,18,165,183
https://kawalpemilu.org#6512,"GAMPONG BALOHAN, SUKAJAYA, KOTA SABANG, ACEH",8,21,192,213
https://kawalpemilu.org#6512,"GAMPONG BALOHAN, SUKAJAYA, KOTA SABANG, ACEH",9,24,179,203
https://kawalpemilu.org#6513,"GAMPONG COT ABEUK, SUKAJAYA, KOTA SABANG, ACEH",1,22,228,250
https://kawalpemilu.org#6513,"GAMPONG COT ABEUK, SUKAJAYA, KOTA SABANG, ACEH",2,40,218,258
https://kawalpemilu.org#6514,"GAMPONG COT BA' U, SUKAJAYA, KOTA SABANG, ACEH",1,23,126,149
https://kawalpemilu.org#6514,"GAMPONG COT BA' U, SUKAJAYA, KOTA SABANG, ACEH",2,11,172,183
https://kawalpemilu.org#6514,"GAMPONG COT BA' U, SUKAJAYA, KOTA SABANG, ACEH",3,17,167,184
https://kawalpemilu.org#6514,"GAMPONG COT BA' U, SUKAJAYA, KOTA SABANG, ACEH",4,23,163,186
https://kawalpemilu.org#6514,"GAMPONG COT BA' U, SUKAJAYA, KOTA SABANG, ACEH",5,28,148,176
https://kawalpemilu.org#6514,"GAMPONG COT BA' U, SUKAJAYA, KOTA SABANG, ACEH",6,22,184,206
https://kawalpemilu.org#6514,"GAMPONG COT BA' U, SUKAJAYA, KOTA SABANG, ACEH",7,14,204,218
https://kawalpemilu.org#6514,"GAMPONG COT BA' U, SUKAJAYA, KOTA SABANG, ACEH",8,11,224,235
https://kawalpemilu.org#6514,"GAMPONG COT BA' U, SUKAJAYA, KOTA SABANG, ACEH",9,25,170,195
https://kawalpemilu.org#6514,"GAMPONG COT BA' U, SUKAJAYA, KOTA SABANG, ACEH",10,12,178,190
https://kawalpemilu.org#6514,"GAMPONG COT BA' U, SUKAJAYA, KOTA SABANG, ACEH",11,20,158,178
https://kawalpemilu.org#6514,"GAMPONG COT BA' U, SUKAJAYA, KOTA SABANG, ACEH",12,25,197,222
https://kawalpemilu.org#6514,"GAMPONG COT BA' U, SUKAJAYA, KOTA SABANG, ACEH",13,26,175,201
https://kawalpemilu.org#6514,"GAMPONG COT BA' U, SUKAJAYA, KOTA SABANG, ACEH",14,20,190,210
https://kawalpemilu.org#6514,"GAMPONG COT BA' U, SUKAJAYA, KOTA SABANG, ACEH",15,28,231,259
https://kawalpemilu.org#6514,"GAMPONG COT BA' U, SUKAJAYA, KOTA SABANG, ACEH",16,14,217,231
https://kawalpemilu.org#6514,"GAMPONG COT BA' U, SUKAJAYA, KOTA SABANG, ACEH",17,30,173,203
https://kawalpemilu.org#6514,"GAMPONG COT BA' U, SUKAJAYA, KOTA SABANG, ACEH",18,12,222,234
https://kawalpemilu.org#6514,"GAMPONG COT BA' U, SUKAJAYA, KOTA SABANG, ACEH",19,12,183,195
https://kawalpemilu.org#6514,"GAMPONG COT BA' U, SUKAJAYA, KOTA SABANG, ACEH",20,7,88,95
https://kawalpemilu.org#6515,"GAMPONG IE MEULEE, SUKAJAYA, KOTA SABANG, ACEH",1,38,200,238
https://kawalpemilu.org#6515,"GAMPONG IE MEULEE, SUKAJAYA, KOTA SABANG, ACEH",2,28,187,215
https://kawalpemilu.org#6515,"GAMPONG IE MEULEE, SUKAJAYA, KOTA SABANG, ACEH",3,21,189,210
https://kawalpemilu.org#6515,"GAMPONG IE MEULEE, SUKAJAYA, KOTA SABANG, ACEH",4,24,211,235
https://kawalpemilu.org#6515,"GAMPONG IE MEULEE, SUKAJAYA, KOTA SABANG, ACEH",5,0,0,0
https://kawalpemilu.org#6515,"GAMPONG IE MEULEE, SUKAJAYA, KOTA SABANG, ACEH",6,30,193,223
https://kawalpemilu.org#6515,"GAMPONG IE MEULEE, SUKAJAYA, KOTA SABANG, ACEH",7,15,239,254
https://kawalpemilu.org#6515,"GAMPONG IE MEULEE, SUKAJAYA, KOTA SABANG, ACEH",8,26,195,221
https://kawalpemilu.org#6515,"GAMPONG IE MEULEE, SUKAJAYA, KOTA SABANG, ACEH",9,4,215,219
https://kawalpemilu.org#6515,"GAMPONG IE MEULEE, SUKAJAYA, KOTA SABANG, ACEH",10,14,199,213
https://kawalpemilu.org#6515,"GAMPONG IE MEULEE, SUKAJAYA, KOTA SABANG, ACEH",11,10,213,223
https://kawalpemilu.org#6516,"GAMPONG UJOENG KAREUNG, SUKAJAYA, KOTA SABANG, ACEH",1,12,172,184
https://kawalpemilu.org#6516,"GAMPONG UJOENG KAREUNG, SUKAJAYA, KOTA SABANG, ACEH",2,10,187,197
https://kawalpemilu.org#6517,"GAMPONG ANOE ITAM, SUKAJAYA, KOTA SABANG, ACEH",1,10,225,235
https://kawalpemilu.org#6517,"GAMPONG ANOE ITAM, SUKAJAYA, KOTA SABANG, ACEH",2,20,219,239
https://kawalpemilu.org#6520,"ALUE AWE, MUARA DUA, KOTA LHOKSEUMAWE, ACEH",1,17,214,231
https://kawalpemilu.org#6520,"ALUE AWE, MUARA DUA, KOTA LHOKSEUMAWE, ACEH",2,13,197,210
https://kawalpemilu.org#6520,"ALUE AWE, MUARA DUA, KOTA LHOKSEUMAWE, ACEH",3,12,212,224
https://kawalpemilu.org#6520,"ALUE AWE, MUARA DUA, KOTA LHOKSEUMAWE, ACEH",4,8,239,247
https://kawalpemilu.org#6520,"ALUE AWE, MUARA DUA, KOTA LHOKSEUMAWE, ACEH",5,6,219,225
https://kawalpemilu.org#6520,"ALUE AWE, MUARA DUA, KOTA LHOKSEUMAWE, ACEH",6,15,210,225
https://kawalpemilu.org#6521,"BLANG CRUM, MUARA DUA, KOTA LHOKSEUMAWE, ACEH",1,11,234,245
https://kawalpemilu.org#6521,"BLANG CRUM, MUARA DUA, KOTA LHOKSEUMAWE, ACEH",2,14,202,216
https://kawalpemilu.org#6521,"BLANG CRUM, MUARA DUA, KOTA LHOKSEUMAWE, ACEH",3,14,184,198
https://kawalpemilu.org#6521,"BLANG CRUM, MUARA DUA, KOTA LHOKSEUMAWE, ACEH",4,13,198,211
https://kawalpemilu.org#6521,"BLANG CRUM, MUARA DUA, KOTA LHOKSEUMAWE, ACEH",5,11,234,245
https://kawalpemilu.org#6521,"BLANG CRUM, MUARA DUA, KOTA LHOKSEUMAWE, ACEH",6,17,202,219
https://kawalpemilu.org#6521,"BLANG CRUM, MUARA DUA, KOTA LHOKSEUMAWE, ACEH",7,12,203,215
https://kawalpemilu.org#6522,"CUT MAMPLAM, MUARA DUA, KOTA LHOKSEUMAWE, ACEH",1,18,184,202
https://kawalpemilu.org#6522,"CUT MAMPLAM, MUARA DUA, KOTA LHOKSEUMAWE, ACEH",2,13,171,184
https://kawalpemilu.org#6522,"CUT MAMPLAM, MUARA DUA, KOTA LHOKSEUMAWE, ACEH",3,19,188,207
https://kawalpemilu.org#6522,"CUT MAMPLAM, MUARA DUA, KOTA LHOKSEUMAWE, ACEH",4,24,171,195
https://kawalpemilu.org#6522,"CUT MAMPLAM, MUARA DUA, KOTA LHOKSEUMAWE, ACEH",5,17,181,198
https://kawalpemilu.org#6522,"CUT MAMPLAM, MUARA DUA, KOTA LHOKSEUMAWE, ACEH",6,10,191,201
https://kawalpemilu.org#6523,"MEUNASAH MEE, MUARA DUA, KOTA LHOKSEUMAWE, ACEH",1,9,197,206
https://kawalpemilu.org#6523,"MEUNASAH MEE, MUARA DUA, KOTA LHOKSEUMAWE, ACEH",2,19,185,204
https://kawalpemilu.org#6523,"MEUNASAH MEE, MUARA DUA, KOTA LHOKSEUMAWE, ACEH",3,17,174,191
https://kawalpemilu.org#6523,"MEUNASAH MEE, MUARA DUA, KOTA LHOKSEUMAWE, ACEH",4,27,151,178
https://kawalpemilu.org#6523,"MEUNASAH MEE, MUARA DUA, KOTA LHOKSEUMAWE, ACEH",5,16,172,188
https://kawalpemilu.org#6523,"MEUNASAH MEE, MUARA DUA, KOTA LHOKSEUMAWE, ACEH",6,30,170,200
https://kawalpemilu.org#6523,"MEUNASAH MEE, MUARA DUA, KOTA LHOKSEUMAWE, ACEH",7,22,186,208
https://kawalpemilu.org#6524,"COT GIREK KANDANG, MUARA DUA, KOTA LHOKSEUMAWE, ACEH",1,15,223,238
https://kawalpemilu.org#6524,"COT GIREK KANDANG, MUARA DUA, KOTA LHOKSEUMAWE, ACEH",2,25,219,244
https://kawalpemilu.org#6524,"COT GIREK KANDANG, MUARA DUA, KOTA LHOKSEUMAWE, ACEH",3,13,219,232
https://kawalpemilu.org#6524,"COT GIREK KANDANG, MUARA DUA, KOTA LHOKSEUMAWE, ACEH",4,12,231,243
https://kawalpemilu.org#6524,"COT GIREK KANDANG, MUARA DUA, KOTA LHOKSEUMAWE, ACEH",5,11,222,233
https://kawalpemilu.org#6524,"COT GIREK KANDANG, MUARA DUA, KOTA LHOKSEUMAWE, ACEH",6,18,202,220
https://kawalpemilu.org#6525,"KEUDE CUNDA, MUARA DUA, KOTA LHOKSEUMAWE, ACEH",1,15,168,183
https://kawalpemilu.org#6525,"KEUDE CUNDA, MUARA DUA, KOTA LHOKSEUMAWE, ACEH",2,15,192,207
https://kawalpemilu.org#6525,"KEUDE CUNDA, MUARA DUA, KOTA LHOKSEUMAWE, ACEH",3,20,176,196
https://kawalpemilu.org#6525,"KEUDE CUNDA, MUARA DUA, KOTA LHOKSEUMAWE, ACEH",4,25,172,197
https://kawalpemilu.org#6525,"KEUDE CUNDA, MUARA DUA, KOTA LHOKSEUMAWE, ACEH",5,37,154,191
https://kawalpemilu.org#6526,"UTEUNKOT, MUARA DUA, KOTA LHOKSEUMAWE, ACEH",1,18,205,223
https://kawalpemilu.org#6526,"UTEUNKOT, MUARA DUA, KOTA LHOKSEUMAWE, ACEH",2,25,180,205
https://kawalpemilu.org#6526,"UTEUNKOT, MUARA DUA, KOTA LHOKSEUMAWE, ACEH",3,30,160,190
https://kawalpemilu.org#6526,"UTEUNKOT, MUARA DUA, KOTA LHOKSEUMAWE, ACEH",4,11,191,202
https://kawalpemilu.org#6526,"UTEUNKOT, MUARA DUA, KOTA LHOKSEUMAWE, ACEH",5,12,207,219
https://kawalpemilu.org#6526,"UTEUNKOT, MUARA DUA, KOTA LHOKSEUMAWE, ACEH",6,26,176,202
https://kawalpemilu.org#6526,"UTEUNKOT, MUARA DUA, KOTA LHOKSEUMAWE, ACEH",7,0,0,196
https://kawalpemilu.org#6526,"UTEUNKOT, MUARA DUA, KOTA LHOKSEUMAWE, ACEH",8,19,180,199
https://kawalpemilu.org#6526,"UTEUNKOT, MUARA DUA, KOTA LHOKSEUMAWE, ACEH",9,17,181,198
https://kawalpemilu.org#6526,"UTEUNKOT, MUARA DUA, KOTA LHOKSEUMAWE, ACEH",10,16,196,212
https://kawalpemilu.org#6526,"UTEUNKOT, MUARA DUA, KOTA LHOKSEUMAWE, ACEH",11,22,174,196
https://kawalpemilu.org#6526,"UTEUNKOT, MUARA DUA, KOTA LHOKSEUMAWE, ACEH",12,18,174,192
https://kawalpemilu.org#6526,"UTEUNKOT, MUARA DUA, KOTA LHOKSEUMAWE, ACEH",13,17,193,210
https://kawalpemilu.org#6526,"UTEUNKOT, MUARA DUA, KOTA LHOKSEUMAWE, ACEH",14,11,141,152
https://kawalpemilu.org#6527,"LHOK MON PUTEH, MUARA DUA, KOTA LHOKSEUMAWE, ACEH",1,21,146,167
https://kawalpemilu.org#6527,"LHOK MON PUTEH, MUARA DUA, KOTA LHOKSEUMAWE, ACEH",2,21,150,171
https://kawalpemilu.org#6527,"LHOK MON PUTEH, MUARA DUA, KOTA LHOKSEUMAWE, ACEH",3,11,156,167
https://kawalpemilu.org#6528,"MEUNASAH MESJID, MUARA DUA, KOTA LHOKSEUMAWE, ACEH",1,13,177,190
https://kawalpemilu.org#6528,"MEUNASAH MESJID, MUARA DUA, KOTA LHOKSEUMAWE, ACEH",2,13,177,190
https://kawalpemilu.org#6528,"MEUNASAH MESJID, MUARA DUA, KOTA LHOKSEUMAWE, ACEH",3,19,150,169
https://kawalpemilu.org#6528,"MEUNASAH MESJID, MUARA DUA, KOTA LHOKSEUMAWE, ACEH",4,13,166,179
https://kawalpemilu.org#6528,"MEUNASAH MESJID, MUARA DUA, KOTA LHOKSEUMAWE, ACEH",5,20,192,212
https://kawalpemilu.org#6528,"MEUNASAH MESJID, MUARA DUA, KOTA LHOKSEUMAWE, ACEH",6,9,171,180
https://kawalpemilu.org#6528,"MEUNASAH MESJID, MUARA DUA, KOTA LHOKSEUMAWE, ACEH",7,10,205,215
https://kawalpemilu.org#6528,"MEUNASAH MESJID, MUARA DUA, KOTA LHOKSEUMAWE, ACEH",8,17,208,225
https://kawalpemilu.org#6528,"MEUNASAH MESJID, MUARA DUA, KOTA LHOKSEUMAWE, ACEH",9,10,175,185
https://kawalpemilu.org#6528,"MEUNASAH MESJID, MUARA DUA, KOTA LHOKSEUMAWE, ACEH",10,12,195,207
https://kawalpemilu.org#6528,"MEUNASAH MESJID, MUARA DUA, KOTA LHOKSEUMAWE, ACEH",11,27,205,232
https://kawalpemilu.org#6528,"MEUNASAH MESJID, MUARA DUA, KOTA LHOKSEUMAWE, ACEH",12,12,171,183
https://kawalpemilu.org#6528,"MEUNASAH MESJID, MUARA DUA, KOTA LHOKSEUMAWE, ACEH",13,18,178,196
https://kawalpemilu.org#6528,"MEUNASAH MESJID, MUARA DUA, KOTA LHOKSEUMAWE, ACEH",14,8,174,182
https://kawalpemilu.org#6528,"MEUNASAH MESJID, MUARA DUA, KOTA LHOKSEUMAWE, ACEH",15,15,187,202
https://kawalpemilu.org#6528,"MEUNASAH MESJID, MUARA DUA, KOTA LHOKSEUMAWE, ACEH",16,11,131,142
https://kawalpemilu.org#6528,"MEUNASAH MESJID, MUARA DUA, KOTA LHOKSEUMAWE, ACEH",17,22,166,188
https://kawalpemilu.org#6528,"MEUNASAH MESJID, MUARA DUA, KOTA LHOKSEUMAWE, ACEH",18,12,190,202
https://kawalpemilu.org#6528,"MEUNASAH MESJID, MUARA DUA, KOTA LHOKSEUMAWE, ACEH",19,13,184,197
https://kawalpemilu.org#6529,"PANGGOI, MUARA DUA, KOTA LHOKSEUMAWE, ACEH",1,10,200,210
https://kawalpemilu.org#6529,"PANGGOI, MUARA DUA, KOTA LHOKSEUMAWE, ACEH",2,14,198,212
https://kawalpemilu.org#6529,"PANGGOI, MUARA DUA, KOTA LHOKSEUMAWE, ACEH",3,25,188,213
https://kawalpemilu.org#6529,"PANGGOI, MUARA DUA, KOTA LHOKSEUMAWE, ACEH",4,26,188,214
https://kawalpemilu.org#6529,"PANGGOI, MUARA DUA, KOTA LHOKSEUMAWE, ACEH",5,25,173,198
https://kawalpemilu.org#6529,"PANGGOI, MUARA DUA, KOTA LHOKSEUMAWE, ACEH",6,14,210,224
https://kawalpemilu.org#6529,"PANGGOI, MUARA DUA, KOTA LHOKSEUMAWE, ACEH",7,15,192,207
https://kawalpemilu.org#6529,"PANGGOI, MUARA DUA, KOTA LHOKSEUMAWE, ACEH",8,15,227,242
https://kawalpemilu.org#6529,"PANGGOI, MUARA DUA, KOTA LHOKSEUMAWE, ACEH",9,30,201,231
https://kawalpemilu.org#6529,"PANGGOI, MUARA DUA, KOTA LHOKSEUMAWE, ACEH",10,18,218,236
https://kawalpemilu.org#6529,"PANGGOI, MUARA DUA, KOTA LHOKSEUMAWE, ACEH",11,19,222,241
https://kawalpemilu.org#6529,"PANGGOI, MUARA DUA, KOTA LHOKSEUMAWE, ACEH",12,14,203,217
https://kawalpemilu.org#6529,"PANGGOI, MUARA DUA, KOTA LHOKSEUMAWE, ACEH",13,18,222,240
https://kawalpemilu.org#6529,"PANGGOI, MUARA DUA, KOTA LHOKSEUMAWE, ACEH",14,22,170,192
https://kawalpemilu.org#6530,"PAYA BILI, MUARA DUA, KOTA LHOKSEUMAWE, ACEH",1,27,168,195
https://kawalpemilu.org#6530,"PAYA BILI, MUARA DUA, KOTA LHOKSEUMAWE, ACEH",2,18,159,177
https://kawalpemilu.org#6531,"MEUNASAH ALUE, MUARA DUA, KOTA LHOKSEUMAWE, ACEH",1,10,207,217
https://kawalpemilu.org#6531,"MEUNASAH ALUE, MUARA DUA, KOTA LHOKSEUMAWE, ACEH",2,13,204,217
https://kawalpemilu.org#6531,"MEUNASAH ALUE, MUARA DUA, KOTA LHOKSEUMAWE, ACEH",3,18,208,226
https://kawalpemilu.org#6531,"MEUNASAH ALUE, MUARA DUA, KOTA LHOKSEUMAWE, ACEH",4,13,202,215
https://kawalpemilu.org#6531,"MEUNASAH ALUE, MUARA DUA, KOTA LHOKSEUMAWE, ACEH",5,11,209,220
https://kawalpemilu.org#6531,"MEUNASAH ALUE, MUARA DUA, KOTA LHOKSEUMAWE, ACEH",6,11,185,196
https://kawalpemilu.org#6531,"MEUNASAH ALUE, MUARA DUA, KOTA LHOKSEUMAWE, ACEH",7,24,188,212
https://kawalpemilu.org#6532,"PAYA PUNTEUET, MUARA DUA, KOTA LHOKSEUMAWE, ACEH",1,14,220,234
https://kawalpemilu.org#6532,"PAYA PUNTEUET, MUARA DUA, KOTA LHOKSEUMAWE, ACEH",2,9,228,237
https://kawalpemilu.org#6532,"PAYA PUNTEUET, MUARA DUA, KOTA LHOKSEUMAWE, ACEH",3,11,210,221
https://kawalpemilu.org#6532,"PAYA PUNTEUET, MUARA DUA, KOTA LHOKSEUMAWE, ACEH",4,19,203,222
https://kawalpemilu.org#6532,"PAYA PUNTEUET, MUARA DUA, KOTA LHOKSEUMAWE, ACEH",5,17,189,206
https://kawalpemilu.org#6532,"PAYA PUNTEUET, MUARA DUA, KOTA LHOKSEUMAWE, ACEH",6,15,193,208
https://kawalpemilu.org#6532,"PAYA PUNTEUET, MUARA DUA, KOTA LHOKSEUMAWE, ACEH",7,9,213,222
https://kawalpemilu.org#6532,"PAYA PUNTEUET, MUARA DUA, KOTA LHOKSEUMAWE, ACEH",8,19,168,187
https://kawalpemilu.org#6533,"BLANG POROH, MUARA DUA, KOTA LHOKSEUMAWE, ACEH",1,16,175,191
https://kawalpemilu.org#6533,"BLANG POROH, MUARA DUA, KOTA LHOKSEUMAWE, ACEH",2,17,186,203
https://kawalpemilu.org#6533,"BLANG POROH, MUARA DUA, KOTA LHOKSEUMAWE, ACEH",3,13,202,215
https://kawalpemilu.org#6534,"MEUNASAH MANYANG, MUARA DUA, KOTA LHOKSEUMAWE, ACEH",1,20,171,191
https://kawalpemilu.org#6534,"MEUNASAH MANYANG, MUARA DUA, KOTA LHOKSEUMAWE, ACEH",2,14,211,225
https://kawalpemilu.org#6534,"MEUNASAH MANYANG, MUARA DUA, KOTA LHOKSEUMAWE, ACEH",3,13,192,205
https://kawalpemilu.org#6534,"MEUNASAH MANYANG, MUARA DUA, KOTA LHOKSEUMAWE, ACEH",4,24,158,182
https://kawalpemilu.org#6535,"MEUNASAH BLANG, MUARA DUA, KOTA LHOKSEUMAWE, ACEH",1,17,213,230
https://kawalpemilu.org#6535,"MEUNASAH BLANG, MUARA DUA, KOTA LHOKSEUMAWE, ACEH",2,18,217,235
https://kawalpemilu.org#6535,"MEUNASAH BLANG, MUARA DUA, KOTA LHOKSEUMAWE, ACEH",3,19,206,225
https://kawalpemilu.org#6535,"MEUNASAH BLANG, MUARA DUA, KOTA LHOKSEUMAWE, ACEH",4,6,212,218
https://kawalpemilu.org#6535,"MEUNASAH BLANG, MUARA DUA, KOTA LHOKSEUMAWE, ACEH",5,13,205,218
https://kawalpemilu.org#6535,"MEUNASAH BLANG, MUARA DUA, KOTA LHOKSEUMAWE, ACEH",6,15,197,212
https://kawalpemilu.org#6536,"PALOH BATEE, MUARA DUA, KOTA LHOKSEUMAWE, ACEH",1,21,158,179
https://kawalpemilu.org#6536,"PALOH BATEE, MUARA DUA, KOTA LHOKSEUMAWE, ACEH",2,11,171,182
https://kawalpemilu.org#6536,"PALOH BATEE, MUARA DUA, KOTA LHOKSEUMAWE, ACEH",3,18,179,197
https://kawalpemilu.org#6538,"KUTA BLANG, BANDA SAKTI, KOTA LHOKSEUMAWE, ACEH",1,15,174,189
https://kawalpemilu.org#6538,"KUTA BLANG, BANDA SAKTI, KOTA LHOKSEUMAWE, ACEH",2,12,186,198
https://kawalpemilu.org#6538,"KUTA BLANG, BANDA SAKTI, KOTA LHOKSEUMAWE, ACEH",3,13,169,182
https://kawalpemilu.org#6538,"KUTA BLANG, BANDA SAKTI, KOTA LHOKSEUMAWE, ACEH",4,17,169,186
https://kawalpemilu.org#6538,"KUTA BLANG, BANDA SAKTI, KOTA LHOKSEUMAWE, ACEH",5,13,179,192
https://kawalpemilu.org#6538,"KUTA BLANG, BANDA SAKTI, KOTA LHOKSEUMAWE, ACEH",6,14,173,187
https://kawalpemilu.org#6538,"KUTA BLANG, BANDA SAKTI, KOTA LHOKSEUMAWE, ACEH",7,14,171,185
https://kawalpemilu.org#6538,"KUTA BLANG, BANDA SAKTI, KOTA LHOKSEUMAWE, ACEH",8,17,169,186
https://kawalpemilu.org#6538,"KUTA BLANG, BANDA SAKTI, KOTA LHOKSEUMAWE, ACEH",9,16,169,185
https://kawalpemilu.org#6538,"KUTA BLANG, BANDA SAKTI, KOTA LHOKSEUMAWE, ACEH",10,14,159,173
https://kawalpemilu.org#6538,"KUTA BLANG, BANDA SAKTI, KOTA LHOKSEUMAWE, ACEH",11,20,160,180
https://kawalpemilu.org#6538,"KUTA BLANG, BANDA SAKTI, KOTA LHOKSEUMAWE, ACEH",12,25,193,218
https://kawalpemilu.org#6538,"KUTA BLANG, BANDA SAKTI, KOTA LHOKSEUMAWE, ACEH",13,15,188,203
https://kawalpemilu.org#6539,"TUMPOK TEUNGOH, BANDA SAKTI, KOTA LHOKSEUMAWE, ACEH",1,15,196,211
https://kawalpemilu.org#6539,"TUMPOK TEUNGOH, BANDA SAKTI, KOTA LHOKSEUMAWE, ACEH",2,16,184,200
https://kawalpemilu.org#6539,"TUMPOK TEUNGOH, BANDA SAKTI, KOTA LHOKSEUMAWE, ACEH",3,17,179,196
https://kawalpemilu.org#6539,"TUMPOK TEUNGOH, BANDA SAKTI, KOTA LHOKSEUMAWE, ACEH",4,15,197,212
https://kawalpemilu.org#6539,"TUMPOK TEUNGOH, BANDA SAKTI, KOTA LHOKSEUMAWE, ACEH",5,18,207,225
https://kawalpemilu.org#6539,"TUMPOK TEUNGOH, BANDA SAKTI, KOTA LHOKSEUMAWE, ACEH",6,14,188,202
https://kawalpemilu.org#6539,"TUMPOK TEUNGOH, BANDA SAKTI, KOTA LHOKSEUMAWE, ACEH",7,17,241,258
https://kawalpemilu.org#6539,"TUMPOK TEUNGOH, BANDA SAKTI, KOTA LHOKSEUMAWE, ACEH",8,13,191,204
https://kawalpemilu.org#6539,"TUMPOK TEUNGOH, BANDA SAKTI, KOTA LHOKSEUMAWE, ACEH",9,19,186,205
https://kawalpemilu.org#6539,"TUMPOK TEUNGOH, BANDA SAKTI, KOTA LHOKSEUMAWE, ACEH",10,12,186,198
https://kawalpemilu.org#6539,"TUMPOK TEUNGOH, BANDA SAKTI, KOTA LHOKSEUMAWE, ACEH",11,10,178,188
https://kawalpemilu.org#6539,"TUMPOK TEUNGOH, BANDA SAKTI, KOTA LHOKSEUMAWE, ACEH",12,11,189,200
https://kawalpemilu.org#6539,"TUMPOK TEUNGOH, BANDA SAKTI, KOTA LHOKSEUMAWE, ACEH",13,20,189,209
https://kawalpemilu.org#6539,"TUMPOK TEUNGOH, BANDA SAKTI, KOTA LHOKSEUMAWE, ACEH",14,10,197,207
https://kawalpemilu.org#6539,"TUMPOK TEUNGOH, BANDA SAKTI, KOTA LHOKSEUMAWE, ACEH",15,10,169,179
https://kawalpemilu.org#6539,"TUMPOK TEUNGOH, BANDA SAKTI, KOTA LHOKSEUMAWE, ACEH",16,17,195,212
https://kawalpemilu.org#6539,"TUMPOK TEUNGOH, BANDA SAKTI, KOTA LHOKSEUMAWE, ACEH",17,23,179,202
https://kawalpemilu.org#6539,"TUMPOK TEUNGOH, BANDA SAKTI, KOTA LHOKSEUMAWE, ACEH",18,7,185,192
https://kawalpemilu.org#6539,"TUMPOK TEUNGOH, BANDA SAKTI, KOTA LHOKSEUMAWE, ACEH",19,10,175,185
https://kawalpemilu.org#6539,"TUMPOK TEUNGOH, BANDA SAKTI, KOTA LHOKSEUMAWE, ACEH",20,22,184,206
https://kawalpemilu.org#6539,"TUMPOK TEUNGOH, BANDA SAKTI, KOTA LHOKSEUMAWE, ACEH",21,6,193,199
https://kawalpemilu.org#6540,"SIMPANG EMPAT, BANDA SAKTI, KOTA LHOKSEUMAWE, ACEH",1,17,168,185
https://kawalpemilu.org#6540,"SIMPANG EMPAT, BANDA SAKTI, KOTA LHOKSEUMAWE, ACEH",2,24,160,184
https://kawalpemilu.org#6540,"SIMPANG EMPAT, BANDA SAKTI, KOTA LHOKSEUMAWE, ACEH",3,22,169,191
https://kawalpemilu.org#6540,"SIMPANG EMPAT, BANDA SAKTI, KOTA LHOKSEUMAWE, ACEH",4,12,176,188
https://kawalpemilu.org#6540,"SIMPANG EMPAT, BANDA SAKTI, KOTA LHOKSEUMAWE, ACEH",5,20,192,212
https://kawalpemilu.org#6540,"SIMPANG EMPAT, BANDA SAKTI, KOTA LHOKSEUMAWE, ACEH",6,14,170,184
https://kawalpemilu.org#6540,"SIMPANG EMPAT, BANDA SAKTI, KOTA LHOKSEUMAWE, ACEH",7,20,166,186
https://kawalpemilu.org#6540,"SIMPANG EMPAT, BANDA SAKTI, KOTA LHOKSEUMAWE, ACEH",8,14,200,214
https://kawalpemilu.org#6540,"SIMPANG EMPAT, BANDA SAKTI, KOTA LHOKSEUMAWE, ACEH",9,19,196,215
https://kawalpemilu.org#6540,"SIMPANG EMPAT, BANDA SAKTI, KOTA LHOKSEUMAWE, ACEH",10,10,169,179
https://kawalpemilu.org#6540,"SIMPANG EMPAT, BANDA SAKTI, KOTA LHOKSEUMAWE, ACEH",11,11,179,190
https://kawalpemilu.org#6540,"SIMPANG EMPAT, BANDA SAKTI, KOTA LHOKSEUMAWE, ACEH",12,16,155,171
https://kawalpemilu.org#6541,"KAMPUNG JAWA, BANDA SAKTI, KOTA LHOKSEUMAWE, ACEH",1,20,172,192
https://kawalpemilu.org#6541,"KAMPUNG JAWA, BANDA SAKTI, KOTA LHOKSEUMAWE, ACEH",2,30,183,213
https://kawalpemilu.org#6541,"KAMPUNG JAWA, BANDA SAKTI, KOTA LHOKSEUMAWE, ACEH",3,11,196,207
https://kawalpemilu.org#6541,"KAMPUNG JAWA, BANDA SAKTI, KOTA LHOKSEUMAWE, ACEH",4,18,194,212
https://kawalpemilu.org#6541,"KAMPUNG JAWA, BANDA SAKTI, KOTA LHOKSEUMAWE, ACEH",5,28,209,237
https://kawalpemilu.org#6541,"KAMPUNG JAWA, BANDA SAKTI, KOTA LHOKSEUMAWE, ACEH",6,14,160,174
https://kawalpemilu.org#6541,"KAMPUNG JAWA, BANDA SAKTI, KOTA LHOKSEUMAWE, ACEH",7,23,171,194
https://kawalpemilu.org#6541,"KAMPUNG JAWA, BANDA SAKTI, KOTA LHOKSEUMAWE, ACEH",8,16,207,223
https://kawalpemilu.org#6541,"KAMPUNG JAWA, BANDA SAKTI, KOTA LHOKSEUMAWE, ACEH",9,22,198,220
https://kawalpemilu.org#6541,"KAMPUNG JAWA, BANDA SAKTI, KOTA LHOKSEUMAWE, ACEH",10,26,191,217
https://kawalpemilu.org#6541,"KAMPUNG JAWA, BANDA SAKTI, KOTA LHOKSEUMAWE, ACEH",11,32,146,178
https://kawalpemilu.org#6541,"KAMPUNG JAWA, BANDA SAKTI, KOTA LHOKSEUMAWE, ACEH",12,16,213,229
https://kawalpemilu.org#6541,"KAMPUNG JAWA, BANDA SAKTI, KOTA LHOKSEUMAWE, ACEH",13,21,194,215
https://kawalpemilu.org#6541,"KAMPUNG JAWA, BANDA SAKTI, KOTA LHOKSEUMAWE, ACEH",14,18,164,182
https://kawalpemilu.org#6541,"KAMPUNG JAWA, BANDA SAKTI, KOTA LHOKSEUMAWE, ACEH",15,21,197,218
https://kawalpemilu.org#6541,"KAMPUNG JAWA, BANDA SAKTI, KOTA LHOKSEUMAWE, ACEH",16,21,172,193
https://kawalpemilu.org#6541,"KAMPUNG JAWA, BANDA SAKTI, KOTA LHOKSEUMAWE, ACEH",17,16,213,229
https://kawalpemilu.org#6541,"KAMPUNG JAWA, BANDA SAKTI, KOTA LHOKSEUMAWE, ACEH",18,3,141,144
https://kawalpemilu.org#6541,"KAMPUNG JAWA, BANDA SAKTI, KOTA LHOKSEUMAWE, ACEH",19,5,136,141
https://kawalpemilu.org#6541,"KAMPUNG JAWA, BANDA SAKTI, KOTA LHOKSEUMAWE, ACEH",20,7,142,149
https://kawalpemilu.org#6542,"KOTA LHOKSEUMAWE, BANDA SAKTI, KOTA LHOKSEUMAWE, ACEH",1,15,114,129
https://kawalpemilu.org#6542,"KOTA LHOKSEUMAWE, BANDA SAKTI, KOTA LHOKSEUMAWE, ACEH",2,42,105,147
https://kawalpemilu.org#6542,"KOTA LHOKSEUMAWE, BANDA SAKTI, KOTA LHOKSEUMAWE, ACEH",3,10,115,125
https://kawalpemilu.org#6542,"KOTA LHOKSEUMAWE, BANDA SAKTI, KOTA LHOKSEUMAWE, ACEH",4,84,46,130
https://kawalpemilu.org#6542,"KOTA LHOKSEUMAWE, BANDA SAKTI, KOTA LHOKSEUMAWE, ACEH",5,31,151,182
https://kawalpemilu.org#6542,"KOTA LHOKSEUMAWE, BANDA SAKTI, KOTA LHOKSEUMAWE, ACEH",6,70,74,70
https://kawalpemilu.org#6542,"KOTA LHOKSEUMAWE, BANDA SAKTI, KOTA LHOKSEUMAWE, ACEH",7,54,109,163
https://kawalpemilu.org#6542,"KOTA LHOKSEUMAWE, BANDA SAKTI, KOTA LHOKSEUMAWE, ACEH",8,67,70,137
https://kawalpemilu.org#6543,"MON GEUDONG, BANDA SAKTI, KOTA LHOKSEUMAWE, ACEH",1,11,159,170
https://kawalpemilu.org#6543,"MON GEUDONG, BANDA SAKTI, KOTA LHOKSEUMAWE, ACEH",2,22,176,198
https://kawalpemilu.org#6543,"MON GEUDONG, BANDA SAKTI, KOTA LHOKSEUMAWE, ACEH",3,13,187,200
https://kawalpemilu.org#6543,"MON GEUDONG, BANDA SAKTI, KOTA LHOKSEUMAWE, ACEH",4,10,163,173
https://kawalpemilu.org#6543,"MON GEUDONG, BANDA SAKTI, KOTA LHOKSEUMAWE, ACEH",5,12,194,206
https://kawalpemilu.org#6543,"MON GEUDONG, BANDA SAKTI, KOTA LHOKSEUMAWE, ACEH",6,12,203,215
https://kawalpemilu.org#6543,"MON GEUDONG, BANDA SAKTI, KOTA LHOKSEUMAWE, ACEH",7,23,170,193
https://kawalpemilu.org#6543,"MON GEUDONG, BANDA SAKTI, KOTA LHOKSEUMAWE, ACEH",8,24,184,208
https://kawalpemilu.org#6543,"MON GEUDONG, BANDA SAKTI, KOTA LHOKSEUMAWE, ACEH",9,21,217,238
https://kawalpemilu.org#6543,"MON GEUDONG, BANDA SAKTI, KOTA LHOKSEUMAWE, ACEH",10,16,206,222
https://kawalpemilu.org#6543,"MON GEUDONG, BANDA SAKTI, KOTA LHOKSEUMAWE, ACEH",11,12,209,221
https://kawalpemilu.org#6543,"MON GEUDONG, BANDA SAKTI, KOTA LHOKSEUMAWE, ACEH",12,15,212,227
https://kawalpemilu.org#6543,"MON GEUDONG, BANDA SAKTI, KOTA LHOKSEUMAWE, ACEH",13,10,203,213
https://kawalpemilu.org#6543,"MON GEUDONG, BANDA SAKTI, KOTA LHOKSEUMAWE, ACEH",14,21,192,213
https://kawalpemilu.org#6544,"KEUDE ACEH, BANDA SAKTI, KOTA LHOKSEUMAWE, ACEH",1,26,219,245
https://kawalpemilu.org#6544,"KEUDE ACEH, BANDA SAKTI, KOTA LHOKSEUMAWE, ACEH",2,20,205,225
https://kawalpemilu.org#6544,"KEUDE ACEH, BANDA SAKTI, KOTA LHOKSEUMAWE, ACEH",3,18,199,217
https://kawalpemilu.org#6544,"KEUDE ACEH, BANDA SAKTI, KOTA LHOKSEUMAWE, ACEH",4,19,209,228
https://kawalpemilu.org#6544,"KEUDE ACEH, BANDA SAKTI, KOTA LHOKSEUMAWE, ACEH",5,29,188,217
https://kawalpemilu.org#6544,"KEUDE ACEH, BANDA SAKTI, KOTA LHOKSEUMAWE, ACEH",6,29,192,221
https://kawalpemilu.org#6545,"PUSONG LHOKSEUMAWE, BANDA SAKTI, KOTA LHOKSEUMAWE, ACEH",1,4,221,225
https://kawalpemilu.org#6545,"PUSONG LHOKSEUMAWE, BANDA SAKTI, KOTA LHOKSEUMAWE, ACEH",2,17,210,227
https://kawalpemilu.org#6545,"PUSONG LHOKSEUMAWE, BANDA SAKTI, KOTA LHOKSEUMAWE, ACEH",3,8,224,232
https://kawalpemilu.org#6545,"PUSONG LHOKSEUMAWE, BANDA SAKTI, KOTA LHOKSEUMAWE, ACEH",4,19,210,229
https://kawalpemilu.org#6545,"PUSONG LHOKSEUMAWE, BANDA SAKTI, KOTA LHOKSEUMAWE, ACEH",5,19,157,176
https://kawalpemilu.org#6545,"PUSONG LHOKSEUMAWE, BANDA SAKTI, KOTA LHOKSEUMAWE, ACEH",6,17,168,185
https://kawalpemilu.org#6545,"PUSONG LHOKSEUMAWE, BANDA SAKTI, KOTA LHOKSEUMAWE, ACEH",7,5,222,227
https://kawalpemilu.org#6545,"PUSONG LHOKSEUMAWE, BANDA SAKTI, KOTA LHOKSEUMAWE, ACEH",8,6,201,207
https://kawalpemilu.org#6545,"PUSONG LHOKSEUMAWE, BANDA SAKTI, KOTA LHOKSEUMAWE, ACEH",9,9,178,187
https://kawalpemilu.org#6545,"PUSONG LHOKSEUMAWE, BANDA SAKTI, KOTA LHOKSEUMAWE, ACEH",10,3,192,195
https://kawalpemilu.org#6545,"PUSONG LHOKSEUMAWE, BANDA SAKTI, KOTA LHOKSEUMAWE, ACEH",11,4,197,201
https://kawalpemilu.org#6545,"PUSONG LHOKSEUMAWE, BANDA SAKTI, KOTA LHOKSEUMAWE, ACEH",12,5,200,205
https://kawalpemilu.org#6545,"PUSONG LHOKSEUMAWE, BANDA SAKTI, KOTA LHOKSEUMAWE, ACEH",13,1,190,191
https://kawalpemilu.org#6546,"HAGU TEUNGOH, BANDA SAKTI, KOTA LHOKSEUMAWE, ACEH",1,22,165,187
https://kawalpemilu.org#6546,"HAGU TEUNGOH, BANDA SAKTI, KOTA LHOKSEUMAWE, ACEH",2,13,192,205
https://kawalpemilu.org#6546,"HAGU TEUNGOH, BANDA SAKTI, KOTA LHOKSEUMAWE, ACEH",3,9,202,211
https://kawalpemilu.org#6546,"HAGU TEUNGOH, BANDA SAKTI, KOTA LHOKSEUMAWE, ACEH",4,14,166,180
https://kawalpemilu.org#6546,"HAGU TEUNGOH, BANDA SAKTI, KOTA LHOKSEUMAWE, ACEH",5,8,197,205
https://kawalpemilu.org#6546,"HAGU TEUNGOH, BANDA SAKTI, KOTA LHOKSEUMAWE, ACEH",6,15,201,216
https://kawalpemilu.org#6546,"HAGU TEUNGOH, BANDA SAKTI, KOTA LHOKSEUMAWE, ACEH",7,20,206,226
https://kawalpemilu.org#6546,"HAGU TEUNGOH, BANDA SAKTI, KOTA LHOKSEUMAWE, ACEH",8,6,191,197
https://kawalpemilu.org#6546,"HAGU TEUNGOH, BANDA SAKTI, KOTA LHOKSEUMAWE, ACEH",9,5,173,178
https://kawalpemilu.org#6546,"HAGU TEUNGOH, BANDA SAKTI, KOTA LHOKSEUMAWE, ACEH",10,8,230,238
https://kawalpemilu.org#6546,"HAGU TEUNGOH, BANDA SAKTI, KOTA LHOKSEUMAWE, ACEH",11,19,202,221
https://kawalpemilu.org#6546,"HAGU TEUNGOH, BANDA SAKTI, KOTA LHOKSEUMAWE, ACEH",12,20,222,242
https://kawalpemilu.org#6547,"UTEUN BAYI, BANDA SAKTI, KOTA LHOKSEUMAWE, ACEH",1,9,198,207
https://kawalpemilu.org#6547,"UTEUN BAYI, BANDA SAKTI, KOTA LHOKSEUMAWE, ACEH",2,12,203,215
https://kawalpemilu.org#6547,"UTEUN BAYI, BANDA SAKTI, KOTA LHOKSEUMAWE, ACEH",3,17,195,212
https://kawalpemilu.org#6547,"UTEUN BAYI, BANDA SAKTI, KOTA LHOKSEUMAWE, ACEH",4,7,194,201
https://kawalpemilu.org#6547,"UTEUN BAYI, BANDA SAKTI, KOTA LHOKSEUMAWE, ACEH",5,13,206,219
https://kawalpemilu.org#6547,"UTEUN BAYI, BANDA SAKTI, KOTA LHOKSEUMAWE, ACEH",6,18,194,212
https://kawalpemilu.org#6547,"UTEUN BAYI, BANDA SAKTI, KOTA LHOKSEUMAWE, ACEH",7,21,205,226
https://kawalpemilu.org#6547,"UTEUN BAYI, BANDA SAKTI, KOTA LHOKSEUMAWE, ACEH",8,12,203,215
https://kawalpemilu.org#6547,"UTEUN BAYI, BANDA SAKTI, KOTA LHOKSEUMAWE, ACEH",9,13,216,229
https://kawalpemilu.org#6547,"UTEUN BAYI, BANDA SAKTI, KOTA LHOKSEUMAWE, ACEH",10,21,192,213
https://kawalpemilu.org#6547,"UTEUN BAYI, BANDA SAKTI, KOTA LHOKSEUMAWE, ACEH",11,24,180,204
https://kawalpemilu.org#6547,"UTEUN BAYI, BANDA SAKTI, KOTA LHOKSEUMAWE, ACEH",12,17,190,207
https://kawalpemilu.org#6548,"UJONG BLANG, BANDA SAKTI, KOTA LHOKSEUMAWE, ACEH",1,10,188,198
https://kawalpemilu.org#6548,"UJONG BLANG, BANDA SAKTI, KOTA LHOKSEUMAWE, ACEH",2,12,194,206
https://kawalpemilu.org#6548,"UJONG BLANG, BANDA SAKTI, KOTA LHOKSEUMAWE, ACEH",3,15,180,195
https://kawalpemilu.org#6548,"UJONG BLANG, BANDA SAKTI, KOTA LHOKSEUMAWE, ACEH",4,7,176,183
https://kawalpemilu.org#6548,"UJONG BLANG, BANDA SAKTI, KOTA LHOKSEUMAWE, ACEH",5,5,203,208
https://kawalpemilu.org#6548,"UJONG BLANG, BANDA SAKTI, KOTA LHOKSEUMAWE, ACEH",6,11,196,207
https://kawalpemilu.org#6548,"UJONG BLANG, BANDA SAKTI, KOTA LHOKSEUMAWE, ACEH",7,10,193,203
https://kawalpemilu.org#6548,"UJONG BLANG, BANDA SAKTI, KOTA LHOKSEUMAWE, ACEH",8,5,203,208
https://kawalpemilu.org#6548,"UJONG BLANG, BANDA SAKTI, KOTA LHOKSEUMAWE, ACEH",9,10,195,205
https://kawalpemilu.org#6548,"UJONG BLANG, BANDA SAKTI, KOTA LHOKSEUMAWE, ACEH",10,11,195,206
https://kawalpemilu.org#6548,"UJONG BLANG, BANDA SAKTI, KOTA LHOKSEUMAWE, ACEH",11,8,192,200
https://kawalpemilu.org#6548,"UJONG BLANG, BANDA SAKTI, KOTA LHOKSEUMAWE, ACEH",12,12,187,199
https://kawalpemilu.org#6549,"HAGU SELATAN, BANDA SAKTI, KOTA LHOKSEUMAWE, ACEH",1,32,203,235
https://kawalpemilu.org#6549,"HAGU SELATAN, BANDA SAKTI, KOTA LHOKSEUMAWE, ACEH",2,29,187,216
https://kawalpemilu.org#6549,"HAGU SELATAN, BANDA SAKTI, KOTA LHOKSEUMAWE, ACEH",3,22,190,212
https://kawalpemilu.org#6549,"HAGU SELATAN, BANDA SAKTI, KOTA LHOKSEUMAWE, ACEH",4,30,160,190
https://kawalpemilu.org#6549,"HAGU SELATAN, BANDA SAKTI, KOTA LHOKSEUMAWE, ACEH",5,13,175,188
https://kawalpemilu.org#6549,"HAGU SELATAN, BANDA SAKTI, KOTA LHOKSEUMAWE, ACEH",6,13,177,190
https://kawalpemilu.org#6549,"HAGU SELATAN, BANDA SAKTI, KOTA LHOKSEUMAWE, ACEH",7,7,161,168
https://kawalpemilu.org#6549,"HAGU SELATAN, BANDA SAKTI, KOTA LHOKSEUMAWE, ACEH",8,16,174,190
https://kawalpemilu.org#6549,"HAGU SELATAN, BANDA SAKTI, KOTA LHOKSEUMAWE, ACEH",9,15,157,172
https://kawalpemilu.org#6549,"HAGU SELATAN, BANDA SAKTI, KOTA LHOKSEUMAWE, ACEH",10,16,196,212
https://kawalpemilu.org#6549,"HAGU SELATAN, BANDA SAKTI, KOTA LHOKSEUMAWE, ACEH",11,14,186,200
https://kawalpemilu.org#6549,"HAGU SELATAN, BANDA SAKTI, KOTA LHOKSEUMAWE, ACEH",12,15,217,232
https://kawalpemilu.org#6550,"PUSONG BARU, BANDA SAKTI, KOTA LHOKSEUMAWE, ACEH",1,21,172,193
https://kawalpemilu.org#6550,"PUSONG BARU, BANDA SAKTI, KOTA LHOKSEUMAWE, ACEH",2,15,198,213
https://kawalpemilu.org#6550,"PUSONG BARU, BANDA SAKTI, KOTA LHOKSEUMAWE, ACEH",3,13,180,193
https://kawalpemilu.org#6550,"PUSONG BARU, BANDA SAKTI, KOTA LHOKSEUMAWE, ACEH",4,9,185,194
https://kawalpemilu.org#6550,"PUSONG BARU, BANDA SAKTI, KOTA LHOKSEUMAWE, ACEH",5,7,192,199
https://kawalpemilu.org#6550,"PUSONG BARU, BANDA SAKTI, KOTA LHOKSEUMAWE, ACEH",6,8,182,190
https://kawalpemilu.org#6550,"PUSONG BARU, BANDA SAKTI, KOTA LHOKSEUMAWE, ACEH",7,7,171,178
https://kawalpemilu.org#6550,"PUSONG BARU, BANDA SAKTI, KOTA LHOKSEUMAWE, ACEH",8,4,177,181
https://kawalpemilu.org#6550,"PUSONG BARU, BANDA SAKTI, KOTA LHOKSEUMAWE, ACEH",9,12,172,184
https://kawalpemilu.org#6550,"PUSONG BARU, BANDA SAKTI, KOTA LHOKSEUMAWE, ACEH",10,7,173,180
https://kawalpemilu.org#6551,"ULEE JALAN, BANDA SAKTI, KOTA LHOKSEUMAWE, ACEH",1,23,175,198
https://kawalpemilu.org#6551,"ULEE JALAN, BANDA SAKTI, KOTA LHOKSEUMAWE, ACEH",2,22,186,208
https://kawalpemilu.org#6551,"ULEE JALAN, BANDA SAKTI, KOTA LHOKSEUMAWE, ACEH",3,22,189,211
https://kawalpemilu.org#6551,"ULEE JALAN, BANDA SAKTI, KOTA LHOKSEUMAWE, ACEH",4,35,174,209
https://kawalpemilu.org#6551,"ULEE JALAN, BANDA SAKTI, KOTA LHOKSEUMAWE, ACEH",5,22,167,189
https://kawalpemilu.org#6551,"ULEE JALAN, BANDA SAKTI, KOTA LHOKSEUMAWE, ACEH",6,25,173,198
https://kawalpemilu.org#6551,"ULEE JALAN, BANDA SAKTI, KOTA LHOKSEUMAWE, ACEH",7,38,169,207
https://kawalpemilu.org#6552,"BANDA MASEN, BANDA SAKTI, KOTA LHOKSEUMAWE, ACEH",1,10,201,211
https://kawalpemilu.org#6552,"BANDA MASEN, BANDA SAKTI, KOTA LHOKSEUMAWE, ACEH",2,15,202,217
https://kawalpemilu.org#6552,"BANDA MASEN, BANDA SAKTI, KOTA LHOKSEUMAWE, ACEH",3,16,222,238
https://kawalpemilu.org#6552,"BANDA MASEN, BANDA SAKTI, KOTA LHOKSEUMAWE, ACEH",4,11,222,233
https://kawalpemilu.org#6552,"BANDA MASEN, BANDA SAKTI, KOTA LHOKSEUMAWE, ACEH",5,20,194,214
https://kawalpemilu.org#6552,"BANDA MASEN, BANDA SAKTI, KOTA LHOKSEUMAWE, ACEH",6,9,201,210
https://kawalpemilu.org#6552,"BANDA MASEN, BANDA SAKTI, KOTA LHOKSEUMAWE, ACEH",7,19,192,211
https://kawalpemilu.org#6552,"BANDA MASEN, BANDA SAKTI, KOTA LHOKSEUMAWE, ACEH",8,21,185,206
https://kawalpemilu.org#6553,"LANCANG GARAM, BANDA SAKTI, KOTA LHOKSEUMAWE, ACEH",1,18,148,166
https://kawalpemilu.org#6553,"LANCANG GARAM, BANDA SAKTI, KOTA LHOKSEUMAWE, ACEH",2,8,182,190
https://kawalpemilu.org#6553,"LANCANG GARAM, BANDA SAKTI, KOTA LHOKSEUMAWE, ACEH",3,13,174,187
https://kawalpemilu.org#6553,"LANCANG GARAM, BANDA SAKTI, KOTA LHOKSEUMAWE, ACEH",4,40,144,184
https://kawalpemilu.org#6553,"LANCANG GARAM, BANDA SAKTI, KOTA LHOKSEUMAWE, ACEH",5,21,166,187
https://kawalpemilu.org#6554,"KAMPUNG JAWA BARU, BANDA SAKTI, KOTA LHOKSEUMAWE, ACEH",1,15,219,234
https://kawalpemilu.org#6554,"KAMPUNG JAWA BARU, BANDA SAKTI, KOTA LHOKSEUMAWE, ACEH",2,14,204,218
https://kawalpemilu.org#6554,"KAMPUNG JAWA BARU, BANDA SAKTI, KOTA LHOKSEUMAWE, ACEH",3,21,197,218
https://kawalpemilu.org#6554,"KAMPUNG JAWA BARU, BANDA SAKTI, KOTA LHOKSEUMAWE, ACEH",4,27,211,238
https://kawalpemilu.org#6554,"KAMPUNG JAWA BARU, BANDA SAKTI, KOTA LHOKSEUMAWE, ACEH",5,23,197,220
https://kawalpemilu.org#6554,"KAMPUNG JAWA BARU, BANDA SAKTI, KOTA LHOKSEUMAWE, ACEH",6,17,216,233
https://kawalpemilu.org#6554,"KAMPUNG JAWA BARU, BANDA SAKTI, KOTA LHOKSEUMAWE, ACEH",7,27,174,201
https://kawalpemilu.org#6555,"HAGU BARAT LAUT, BANDA SAKTI, KOTA LHOKSEUMAWE, ACEH",1,13,191,204
https://kawalpemilu.org#6555,"HAGU BARAT LAUT, BANDA SAKTI, KOTA LHOKSEUMAWE, ACEH",2,26,193,219
https://kawalpemilu.org#6555,"HAGU BARAT LAUT, BANDA SAKTI, KOTA LHOKSEUMAWE, ACEH",3,18,191,209
https://kawalpemilu.org#6555,"HAGU BARAT LAUT, BANDA SAKTI, KOTA LHOKSEUMAWE, ACEH",4,12,179,191
https://kawalpemilu.org#6555,"HAGU BARAT LAUT, BANDA SAKTI, KOTA LHOKSEUMAWE, ACEH",5,9,206,215
https://kawalpemilu.org#6555,"HAGU BARAT LAUT, BANDA SAKTI, KOTA LHOKSEUMAWE, ACEH",6,16,205,221
https://kawalpemilu.org#6555,"HAGU BARAT LAUT, BANDA SAKTI, KOTA LHOKSEUMAWE, ACEH",7,16,177,193
https://kawalpemilu.org#6555,"HAGU BARAT LAUT, BANDA SAKTI, KOTA LHOKSEUMAWE, ACEH",8,10,191,201
https://kawalpemilu.org#6555,"HAGU BARAT LAUT, BANDA SAKTI, KOTA LHOKSEUMAWE, ACEH",9,14,195,209
https://kawalpemilu.org#6555,"HAGU BARAT LAUT, BANDA SAKTI, KOTA LHOKSEUMAWE, ACEH",10,7,166,173
https://kawalpemilu.org#6557,"KUALA, BLANG MANGAT, KOTA LHOKSEUMAWE, ACEH",1,19,144,163
https://kawalpemilu.org#6557,"KUALA, BLANG MANGAT, KOTA LHOKSEUMAWE, ACEH",2,14,158,172
https://kawalpemilu.org#6557,"KUALA, BLANG MANGAT, KOTA LHOKSEUMAWE, ACEH",3,10,162,172
https://kawalpemilu.org#6558,"BLANG CUT, BLANG MANGAT, KOTA LHOKSEUMAWE, ACEH",1,9,150,159
https://kawalpemilu.org#6558,"BLANG CUT, BLANG MANGAT, KOTA LHOKSEUMAWE, ACEH",2,13,166,179
https://kawalpemilu.org#6558,"BLANG CUT, BLANG MANGAT, KOTA LHOKSEUMAWE, ACEH",3,13,172,185
https://kawalpemilu.org#6558,"BLANG CUT, BLANG MANGAT, KOTA LHOKSEUMAWE, ACEH",4,11,151,162
https://kawalpemilu.org#6559,"JAMBO MESJID, BLANG MANGAT, KOTA LHOKSEUMAWE, ACEH",1,16,198,214
https://kawalpemilu.org#6559,"JAMBO MESJID, BLANG MANGAT, KOTA LHOKSEUMAWE, ACEH",2,5,182,187
https://kawalpemilu.org#6560,"JAMBO TIMU, BLANG MANGAT, KOTA LHOKSEUMAWE, ACEH",1,11,177,188
https://kawalpemilu.org#6560,"JAMBO TIMU, BLANG MANGAT, KOTA LHOKSEUMAWE, ACEH",2,16,174,190
https://kawalpemilu.org#6560,"JAMBO TIMU, BLANG MANGAT, KOTA LHOKSEUMAWE, ACEH",3,9,155,164
https://kawalpemilu.org#6561,"TUNONG, BLANG MANGAT, KOTA LHOKSEUMAWE, ACEH",1,11,166,177
https://kawalpemilu.org#6561,"TUNONG, BLANG MANGAT, KOTA LHOKSEUMAWE, ACEH",2,12,134,146
https://kawalpemilu.org#6561,"TUNONG, BLANG MANGAT, KOTA LHOKSEUMAWE, ACEH",3,7,144,151
https://kawalpemilu.org#6562,"BLANG TEUE, BLANG MANGAT, KOTA LHOKSEUMAWE, ACEH",1,12,150,162
https://kawalpemilu.org#6563,"TEUNGOH, BLANG MANGAT, KOTA LHOKSEUMAWE, ACEH",1,8,150,158
https://kawalpemilu.org#6563,"TEUNGOH, BLANG MANGAT, KOTA LHOKSEUMAWE, ACEH",2,6,151,157
https://kawalpemilu.org#6564,"BALOI, BLANG MANGAT, KOTA LHOKSEUMAWE, ACEH",1,13,157,170
https://kawalpemilu.org#6564,"BALOI, BLANG MANGAT, KOTA LHOKSEUMAWE, ACEH",2,23,185,208
https://kawalpemilu.org#6565,"MANE KAREUNG, BLANG MANGAT, KOTA LHOKSEUMAWE, ACEH",1,13,159,172
https://kawalpemilu.org#6565,"MANE KAREUNG, BLANG MANGAT, KOTA LHOKSEUMAWE, ACEH",2,8,117,125
https://kawalpemilu.org#6565,"MANE KAREUNG, BLANG MANGAT, KOTA LHOKSEUMAWE, ACEH",3,12,147,159
https://kawalpemilu.org#6566,"ASAN KAREUNG, BLANG MANGAT, KOTA LHOKSEUMAWE, ACEH",1,23,120,143
https://kawalpemilu.org#6566,"ASAN KAREUNG, BLANG MANGAT, KOTA LHOKSEUMAWE, ACEH",2,24,110,134
https://kawalpemilu.org#6566,"ASAN KAREUNG, BLANG MANGAT, KOTA LHOKSEUMAWE, ACEH",3,19,151,170
https://kawalpemilu.org#6567,"BLANG PUNTEUET, BLANG MANGAT, KOTA LHOKSEUMAWE, ACEH",1,29,204,233
https://kawalpemilu.org#6567,"BLANG PUNTEUET, BLANG MANGAT, KOTA LHOKSEUMAWE, ACEH",2,25,186,211
https://kawalpemilu.org#6567,"BLANG PUNTEUET, BLANG MANGAT, KOTA LHOKSEUMAWE, ACEH",3,9,210,219
https://kawalpemilu.org#6568,"KUMBANG PUNTEUET, BLANG MANGAT, KOTA LHOKSEUMAWE, ACEH",1,18,196,214
https://kawalpemilu.org#6568,"KUMBANG PUNTEUET, BLANG MANGAT, KOTA LHOKSEUMAWE, ACEH",2,19,147,166
https://kawalpemilu.org#6569,"MESJID PUNTEUET, BLANG MANGAT, KOTA LHOKSEUMAWE, ACEH",1,21,197,218
https://kawalpemilu.org#6569,"MESJID PUNTEUET, BLANG MANGAT, KOTA LHOKSEUMAWE, ACEH",2,16,209,225
https://kawalpemilu.org#6569,"MESJID PUNTEUET, BLANG MANGAT, KOTA LHOKSEUMAWE, ACEH",3,17,203,220
https://kawalpemilu.org#6569,"MESJID PUNTEUET, BLANG MANGAT, KOTA LHOKSEUMAWE, ACEH",4,16,199,215
https://kawalpemilu.org#6569,"MESJID PUNTEUET, BLANG MANGAT, KOTA LHOKSEUMAWE, ACEH",5,18,204,222
https://kawalpemilu.org#6569,"MESJID PUNTEUET, BLANG MANGAT, KOTA LHOKSEUMAWE, ACEH",6,15,169,184
https://kawalpemilu.org#6569,"MESJID PUNTEUET, BLANG MANGAT, KOTA LHOKSEUMAWE, ACEH",7,49,171,2
https://kawalpemilu.org#6570,"ULEE BLANG MANE, BLANG MANGAT, KOTA LHOKSEUMAWE, ACEH",1,10,177,187
https://kawalpemilu.org#6570,"ULEE BLANG MANE, BLANG MANGAT, KOTA LHOKSEUMAWE, ACEH",2,10,164,174
https://kawalpemilu.org#6570,"ULEE BLANG MANE, BLANG MANGAT, KOTA LHOKSEUMAWE, ACEH",3,23,197,220
https://kawalpemilu.org#6571,"KEUDE PUNTEUET, BLANG MANGAT, KOTA LHOKSEUMAWE, ACEH",1,22,212,234
https://kawalpemilu.org#6572,"ALUE LIM, BLANG MANGAT, KOTA LHOKSEUMAWE, ACEH",1,31,145,176
https://kawalpemilu.org#6572,"ALUE LIM, BLANG MANGAT, KOTA LHOKSEUMAWE, ACEH",2,36,164,200
https://kawalpemilu.org#6572,"ALUE LIM, BLANG MANGAT, KOTA LHOKSEUMAWE, ACEH",3,38,178,216
https://kawalpemilu.org#6572,"ALUE LIM, BLANG MANGAT, KOTA LHOKSEUMAWE, ACEH",4,35,146,181
https://kawalpemilu.org#6572,"ALUE LIM, BLANG MANGAT, KOTA LHOKSEUMAWE, ACEH",5,41,130,171
https://kawalpemilu.org#6573,"BLANG BULOH, BLANG MANGAT, KOTA LHOKSEUMAWE, ACEH",1,33,155,188
https://kawalpemilu.org#6573,"BLANG BULOH, BLANG MANGAT, KOTA LHOKSEUMAWE, ACEH",2,16,182,198
https://kawalpemilu.org#6573,"BLANG BULOH, BLANG MANGAT, KOTA LHOKSEUMAWE, ACEH",3,37,118,155
https://kawalpemilu.org#6573,"BLANG BULOH, BLANG MANGAT, KOTA LHOKSEUMAWE, ACEH",4,15,83,98
https://kawalpemilu.org#6574,"BLANG WEU PANJOE, BLANG MANGAT, KOTA LHOKSEUMAWE, ACEH",1,7,194,201
https://kawalpemilu.org#6574,"BLANG WEU PANJOE, BLANG MANGAT, KOTA LHOKSEUMAWE, ACEH",2,6,219,225
https://kawalpemilu.org#6574,"BLANG WEU PANJOE, BLANG MANGAT, KOTA LHOKSEUMAWE, ACEH",3,3,97,100
https://kawalpemilu.org#6575,"JEULIKAT, BLANG MANGAT, KOTA LHOKSEUMAWE, ACEH",1,30,152,182
https://kawalpemilu.org#6575,"JEULIKAT, BLANG MANGAT, KOTA LHOKSEUMAWE, ACEH",2,7,186,193
https://kawalpemilu.org#6575,"JEULIKAT, BLANG MANGAT, KOTA LHOKSEUMAWE, ACEH",3,9,197,206
https://kawalpemilu.org#6575,"JEULIKAT, BLANG MANGAT, KOTA LHOKSEUMAWE, ACEH",4,10,198,208
https://kawalpemilu.org#6575,"JEULIKAT, BLANG MANGAT, KOTA LHOKSEUMAWE, ACEH",5,11,177,188
https://kawalpemilu.org#6576,"BLANG WEU BAROH, BLANG MANGAT, KOTA LHOKSEUMAWE, ACEH",1,14,205,219
https://kawalpemilu.org#6576,"BLANG WEU BAROH, BLANG MANGAT, KOTA LHOKSEUMAWE, ACEH",2,13,203,216
https://kawalpemilu.org#6576,"BLANG WEU BAROH, BLANG MANGAT, KOTA LHOKSEUMAWE, ACEH",3,11,167,178
https://kawalpemilu.org#6576,"BLANG WEU BAROH, BLANG MANGAT, KOTA LHOKSEUMAWE, ACEH",4,17,172,189
https://kawalpemilu.org#6577,"SEUNEUBOK, BLANG MANGAT, KOTA LHOKSEUMAWE, ACEH",1,19,161,180
https://kawalpemilu.org#6577,"SEUNEUBOK, BLANG MANGAT, KOTA LHOKSEUMAWE, ACEH",2,18,160,178
https://kawalpemilu.org#6578,"RAYEUK KAREUNG, BLANG MANGAT, KOTA LHOKSEUMAWE, ACEH",1,26,165,191
https://kawalpemilu.org#6578,"RAYEUK KAREUNG, BLANG MANGAT, KOTA LHOKSEUMAWE, ACEH",2,3,205,208
https://kawalpemilu.org#6578,"RAYEUK KAREUNG, BLANG MANGAT, KOTA LHOKSEUMAWE, ACEH",3,31,159,190
https://kawalpemilu.org#6580,"BATUPHAT BARAT, MUARA SATU, KOTA LHOKSEUMAWE, ACEH",1,20,196,216
https://kawalpemilu.org#6580,"BATUPHAT BARAT, MUARA SATU, KOTA LHOKSEUMAWE, ACEH",2,19,155,174
https://kawalpemilu.org#6580,"BATUPHAT BARAT, MUARA SATU, KOTA LHOKSEUMAWE, ACEH",3,21,169,190
https://kawalpemilu.org#6580,"BATUPHAT BARAT, MUARA SATU, KOTA LHOKSEUMAWE, ACEH",4,9,188,197
https://kawalpemilu.org#6580,"BATUPHAT BARAT, MUARA SATU, KOTA LHOKSEUMAWE, ACEH",5,17,200,217
https://kawalpemilu.org#6580,"BATUPHAT BARAT, MUARA SATU, KOTA LHOKSEUMAWE, ACEH",6,32,154,186
https://kawalpemilu.org#6580,"BATUPHAT BARAT, MUARA SATU, KOTA LHOKSEUMAWE, ACEH",7,14,179,193
https://kawalpemilu.org#6580,"BATUPHAT BARAT, MUARA SATU, KOTA LHOKSEUMAWE, ACEH",8,19,157,176
https://kawalpemilu.org#6580,"BATUPHAT BARAT, MUARA SATU, KOTA LHOKSEUMAWE, ACEH",9,12,175,187
https://kawalpemilu.org#6580,"BATUPHAT BARAT, MUARA SATU, KOTA LHOKSEUMAWE, ACEH",10,9,121,130
https://kawalpemilu.org#6580,"BATUPHAT BARAT, MUARA SATU, KOTA LHOKSEUMAWE, ACEH",11,11,153,164
https://kawalpemilu.org#6580,"BATUPHAT BARAT, MUARA SATU, KOTA LHOKSEUMAWE, ACEH",12,6,104,110
https://kawalpemilu.org#6580,"BATUPHAT BARAT, MUARA SATU, KOTA LHOKSEUMAWE, ACEH",13,13,124,137
https://kawalpemilu.org#6580,"BATUPHAT BARAT, MUARA SATU, KOTA LHOKSEUMAWE, ACEH",14,12,137,149
https://kawalpemilu.org#6581,"UJONG PACU, MUARA SATU, KOTA LHOKSEUMAWE, ACEH",1,4,186,190
https://kawalpemilu.org#6581,"UJONG PACU, MUARA SATU, KOTA LHOKSEUMAWE, ACEH",2,3,186,189
https://kawalpemilu.org#6581,"UJONG PACU, MUARA SATU, KOTA LHOKSEUMAWE, ACEH",3,9,179,188
https://kawalpemilu.org#6581,"UJONG PACU, MUARA SATU, KOTA LHOKSEUMAWE, ACEH",4,10,160,170
https://kawalpemilu.org#6582,"BLANG NALEUNG MAMEH, MUARA SATU, KOTA LHOKSEUMAWE, ACEH",1,11,201,212
https://kawalpemilu.org#6582,"BLANG NALEUNG MAMEH, MUARA SATU, KOTA LHOKSEUMAWE, ACEH",2,6,213,219
https://kawalpemilu.org#6582,"BLANG NALEUNG MAMEH, MUARA SATU, KOTA LHOKSEUMAWE, ACEH",3,12,195,207
https://kawalpemilu.org#6582,"BLANG NALEUNG MAMEH, MUARA SATU, KOTA LHOKSEUMAWE, ACEH",4,16,210,226
https://kawalpemilu.org#6582,"BLANG NALEUNG MAMEH, MUARA SATU, KOTA LHOKSEUMAWE, ACEH",5,46,173,219
https://kawalpemilu.org#6582,"BLANG NALEUNG MAMEH, MUARA SATU, KOTA LHOKSEUMAWE, ACEH",6,19,214,233
https://kawalpemilu.org#6582,"BLANG NALEUNG MAMEH, MUARA SATU, KOTA LHOKSEUMAWE, ACEH",7,20,203,223
https://kawalpemilu.org#6582,"BLANG NALEUNG MAMEH, MUARA SATU, KOTA LHOKSEUMAWE, ACEH",8,23,197,220
https://kawalpemilu.org#6583,"BATUPHAT TIMUR, MUARA SATU, KOTA LHOKSEUMAWE, ACEH",1,20,174,194
https://kawalpemilu.org#6583,"BATUPHAT TIMUR, MUARA SATU, KOTA LHOKSEUMAWE, ACEH",2,12,158,170
https://kawalpemilu.org#6583,"BATUPHAT TIMUR, MUARA SATU, KOTA LHOKSEUMAWE, ACEH",3,14,161,175
https://kawalpemilu.org#6583,"BATUPHAT TIMUR, MUARA SATU, KOTA LHOKSEUMAWE, ACEH",4,7,191,198
https://kawalpemilu.org#6583,"BATUPHAT TIMUR, MUARA SATU, KOTA LHOKSEUMAWE, ACEH",5,17,147,164
https://kawalpemilu.org#6583,"BATUPHAT TIMUR, MUARA SATU, KOTA LHOKSEUMAWE, ACEH",6,14,171,185
https://kawalpemilu.org#6583,"BATUPHAT TIMUR, MUARA SATU, KOTA LHOKSEUMAWE, ACEH",7,26,170,196
https://kawalpemilu.org#6583,"BATUPHAT TIMUR, MUARA SATU, KOTA LHOKSEUMAWE, ACEH",8,6,203,209
https://kawalpemilu.org#6583,"BATUPHAT TIMUR, MUARA SATU, KOTA LHOKSEUMAWE, ACEH",9,33,167,200
https://kawalpemilu.org#6583,"BATUPHAT TIMUR, MUARA SATU, KOTA LHOKSEUMAWE, ACEH",10,16,152,168
https://kawalpemilu.org#6583,"BATUPHAT TIMUR, MUARA SATU, KOTA LHOKSEUMAWE, ACEH",11,26,169,195
https://kawalpemilu.org#6583,"BATUPHAT TIMUR, MUARA SATU, KOTA LHOKSEUMAWE, ACEH",12,21,165,186
https://kawalpemilu.org#6583,"BATUPHAT TIMUR, MUARA SATU, KOTA LHOKSEUMAWE, ACEH",13,22,162,184
https://kawalpemilu.org#6583,"BATUPHAT TIMUR, MUARA SATU, KOTA LHOKSEUMAWE, ACEH",14,22,158,180
https://kawalpemilu.org#6583,"BATUPHAT TIMUR, MUARA SATU, KOTA LHOKSEUMAWE, ACEH",15,20,141,161
https://kawalpemilu.org#6583,"BATUPHAT TIMUR, MUARA SATU, KOTA LHOKSEUMAWE, ACEH",16,31,171,202
https://kawalpemilu.org#6584,"BLANG PULO, MUARA SATU, KOTA LHOKSEUMAWE, ACEH",1,24,202,226
https://kawalpemilu.org#6584,"BLANG PULO, MUARA SATU, KOTA LHOKSEUMAWE, ACEH",2,16,206,222
https://kawalpemilu.org#6584,"BLANG PULO, MUARA SATU, KOTA LHOKSEUMAWE, ACEH",3,15,194,209
https://kawalpemilu.org#6584,"BLANG PULO, MUARA SATU, KOTA LHOKSEUMAWE, ACEH",4,15,193,208
https://kawalpemilu.org#6584,"BLANG PULO, MUARA SATU, KOTA LHOKSEUMAWE, ACEH",5,21,199,220
https://kawalpemilu.org#6584,"BLANG PULO, MUARA SATU, KOTA LHOKSEUMAWE, ACEH",6,13,201,214
https://kawalpemilu.org#6584,"BLANG PULO, MUARA SATU, KOTA LHOKSEUMAWE, ACEH",7,16,172,188
https://kawalpemilu.org#6584,"BLANG PULO, MUARA SATU, KOTA LHOKSEUMAWE, ACEH",8,15,196,211
https://kawalpemilu.org#6584,"BLANG PULO, MUARA SATU, KOTA LHOKSEUMAWE, ACEH",9,13,192,205
https://kawalpemilu.org#6584,"BLANG PULO, MUARA SATU, KOTA LHOKSEUMAWE, ACEH",10,24,202,226
https://kawalpemilu.org#6584,"BLANG PULO, MUARA SATU, KOTA LHOKSEUMAWE, ACEH",11,20,186,206
https://kawalpemilu.org#6584,"BLANG PULO, MUARA SATU, KOTA LHOKSEUMAWE, ACEH",12,17,198,215
https://kawalpemilu.org#6584,"BLANG PULO, MUARA SATU, KOTA LHOKSEUMAWE, ACEH",13,19,202,2
https://kawalpemilu.org#6585,"PADANG SAKTI, MUARA SATU, KOTA LHOKSEUMAWE, ACEH",1,31,203,234
https://kawalpemilu.org#6585,"PADANG SAKTI, MUARA SATU, KOTA LHOKSEUMAWE, ACEH",2,14,198,212
https://kawalpemilu.org#6585,"PADANG SAKTI, MUARA SATU, KOTA LHOKSEUMAWE, ACEH",3,22,189,211
https://kawalpemilu.org#6585,"PADANG SAKTI, MUARA SATU, KOTA LHOKSEUMAWE, ACEH",4,13,201,214
https://kawalpemilu.org#6585,"PADANG SAKTI, MUARA SATU, KOTA LHOKSEUMAWE, ACEH",5,25,195,220
https://kawalpemilu.org#6585,"PADANG SAKTI, MUARA SATU, KOTA LHOKSEUMAWE, ACEH",6,21,199,220
https://kawalpemilu.org#6585,"PADANG SAKTI, MUARA SATU, KOTA LHOKSEUMAWE, ACEH",7,9,219,228
https://kawalpemilu.org#6586,"COT TRIENG, MUARA SATU, KOTA LHOKSEUMAWE, ACEH",1,8,156,164
https://kawalpemilu.org#6586,"COT TRIENG, MUARA SATU, KOTA LHOKSEUMAWE, ACEH",2,14,164,178
https://kawalpemilu.org#6586,"COT TRIENG, MUARA SATU, KOTA LHOKSEUMAWE, ACEH",3,8,161,169
https://kawalpemilu.org#6587,"PALOH PUNTI, MUARA SATU, KOTA LHOKSEUMAWE, ACEH",1,3,255,258
https://kawalpemilu.org#6587,"PALOH PUNTI, MUARA SATU, KOTA LHOKSEUMAWE, ACEH",2,4,237,241
https://kawalpemilu.org#6587,"PALOH PUNTI, MUARA SATU, KOTA LHOKSEUMAWE, ACEH",3,9,245,254
https://kawalpemilu.org#6587,"PALOH PUNTI, MUARA SATU, KOTA LHOKSEUMAWE, ACEH",4,8,231,239
https://kawalpemilu.org#6587,"PALOH PUNTI, MUARA SATU, KOTA LHOKSEUMAWE, ACEH",5,6,234,240
https://kawalpemilu.org#6588,"MEUNASAH DAYAH, MUARA SATU, KOTA LHOKSEUMAWE, ACEH",1,8,172,180
https://kawalpemilu.org#6588,"MEUNASAH DAYAH, MUARA SATU, KOTA LHOKSEUMAWE, ACEH",2,10,161,171
https://kawalpemilu.org#6588,"MEUNASAH DAYAH, MUARA SATU, KOTA LHOKSEUMAWE, ACEH",3,10,164,8
https://kawalpemilu.org#6588,"MEUNASAH DAYAH, MUARA SATU, KOTA LHOKSEUMAWE, ACEH",4,10,178,188
https://kawalpemilu.org#6589,"MEURIA PALOH, MUARA SATU, KOTA LHOKSEUMAWE, ACEH",1,25,186,211
https://kawalpemilu.org#6589,"MEURIA PALOH, MUARA SATU, KOTA LHOKSEUMAWE, ACEH",2,13,201,214
https://kawalpemilu.org#6589,"MEURIA PALOH, MUARA SATU, KOTA LHOKSEUMAWE, ACEH",3,11,218,229
https://kawalpemilu.org#6589,"MEURIA PALOH, MUARA SATU, KOTA LHOKSEUMAWE, ACEH",4,6,231,237
https://kawalpemilu.org#6589,"MEURIA PALOH, MUARA SATU, KOTA LHOKSEUMAWE, ACEH",5,11,209,220
https://kawalpemilu.org#6589,"MEURIA PALOH, MUARA SATU, KOTA LHOKSEUMAWE, ACEH",6,17,218,235
https://kawalpemilu.org#6589,"MEURIA PALOH, MUARA SATU, KOTA LHOKSEUMAWE, ACEH",7,16,212,228
https://kawalpemilu.org#6590,"BLANG PANYANG, MUARA SATU, KOTA LHOKSEUMAWE, ACEH",1,21,185,206
https://kawalpemilu.org#6590,"BLANG PANYANG, MUARA SATU, KOTA LHOKSEUMAWE, ACEH",2,25,176,201
https://kawalpemilu.org#6590,"BLANG PANYANG, MUARA SATU, KOTA LHOKSEUMAWE, ACEH",3,34,179,213
https://kawalpemilu.org#6590,"BLANG PANYANG, MUARA SATU, KOTA LHOKSEUMAWE, ACEH",4,38,162,200
https://kawalpemilu.org#6590,"BLANG PANYANG, MUARA SATU, KOTA LHOKSEUMAWE, ACEH",5,34,159,193
https://kawalpemilu.org#6590,"BLANG PANYANG, MUARA SATU, KOTA LHOKSEUMAWE, ACEH",6,27,161,188
https://kawalpemilu.org#6593,"BUKET MEDANG ARA, LANGSA TIMUR, KOTA LANGSA, ACEH",1,16,143,159
https://kawalpemilu.org#6593,"BUKET MEDANG ARA, LANGSA TIMUR, KOTA LANGSA, ACEH",2,14,155,169
https://kawalpemilu.org#6594,"MATANG SEUTUI, LANGSA TIMUR, KOTA LANGSA, ACEH",1,8,220,228
https://kawalpemilu.org#6594,"MATANG SEUTUI, LANGSA TIMUR, KOTA LANGSA, ACEH",2,9,202,211
https://kawalpemilu.org#6595,"BUKET PULO, LANGSA TIMUR, KOTA LANGSA, ACEH",1,16,158,174
https://kawalpemilu.org#6596,"MATANG PANYANG, LANGSA TIMUR, KOTA LANGSA, ACEH",1,9,188,197
https://kawalpemilu.org#6596,"MATANG PANYANG, LANGSA TIMUR, KOTA LANGSA, ACEH",2,15,172,187
https://kawalpemilu.org#6597,"SIMPANG WIE, LANGSA TIMUR, KOTA LANGSA, ACEH",1,19,84,103
https://kawalpemilu.org#6598,"BUKET RATA, LANGSA TIMUR, KOTA LANGSA, ACEH",2,8,124,132
https://kawalpemilu.org#6599,"BUKET MEUTUAH, LANGSA TIMUR, KOTA LANGSA, ACEH",1,27,192,219
https://kawalpemilu.org#6599,"BUKET MEUTUAH, LANGSA TIMUR, KOTA LANGSA, ACEH",2,15,191,206
https://kawalpemilu.org#6599,"BUKET MEUTUAH, LANGSA TIMUR, KOTA LANGSA, ACEH",3,19,140,159
https://kawalpemilu.org#6600,"ALUE MERBAU, LANGSA TIMUR, KOTA LANGSA, ACEH",1,28,202,230
https://kawalpemilu.org#6600,"ALUE MERBAU, LANGSA TIMUR, KOTA LANGSA, ACEH",2,25,193,218
https://kawalpemilu.org#6600,"ALUE MERBAU, LANGSA TIMUR, KOTA LANGSA, ACEH",3,40,167,207
https://kawalpemilu.org#6600,"ALUE MERBAU, LANGSA TIMUR, KOTA LANGSA, ACEH",4,25,206,231
https://kawalpemilu.org#6601,"MATANG CENGAI, LANGSA TIMUR, KOTA LANGSA, ACEH",1,12,167,179
https://kawalpemilu.org#6601,"MATANG CENGAI, LANGSA TIMUR, KOTA LANGSA, ACEH",2,27,147,174
https://kawalpemilu.org#6602,"SEUNEBOK ANTARA, LANGSA TIMUR, KOTA LANGSA, ACEH",1,34,178,212
https://kawalpemilu.org#6602,"SEUNEBOK ANTARA, LANGSA TIMUR, KOTA LANGSA, ACEH",2,28,189,217
https://kawalpemilu.org#6603,"ALUE PINEUNG, LANGSA TIMUR, KOTA LANGSA, ACEH",1,18,204,222
https://kawalpemilu.org#6603,"ALUE PINEUNG, LANGSA TIMUR, KOTA LANGSA, ACEH",2,16,194,209
https://kawalpemilu.org#6603,"ALUE PINEUNG, LANGSA TIMUR, KOTA LANGSA, ACEH",3,14,213,227
https://kawalpemilu.org#6603,"ALUE PINEUNG, LANGSA TIMUR, KOTA LANGSA, ACEH",4,26,168,194
https://kawalpemilu.org#6604,"SUKAREJO, LANGSA TIMUR, KOTA LANGSA, ACEH",1,23,176,199
https://kawalpemilu.org#6604,"SUKAREJO, LANGSA TIMUR, KOTA LANGSA, ACEH",2,30,197,227
https://kawalpemilu.org#6604,"SUKAREJO, LANGSA TIMUR, KOTA LANGSA, ACEH",3,27,197,224
https://kawalpemilu.org#6604,"SUKAREJO, LANGSA TIMUR, KOTA LANGSA, ACEH",4,29,187,216
https://kawalpemilu.org#6604,"SUKAREJO, LANGSA TIMUR, KOTA LANGSA, ACEH",5,15,209,224
https://kawalpemilu.org#6605,"CINTA RAJA, LANGSA TIMUR, KOTA LANGSA, ACEH",1,12,192,204
https://kawalpemilu.org#6605,"CINTA RAJA, LANGSA TIMUR, KOTA LANGSA, ACEH",2,15,177,192
https://kawalpemilu.org#6605,"CINTA RAJA, LANGSA TIMUR, KOTA LANGSA, ACEH",3,18,166,184
https://kawalpemilu.org#6606,"SUNGAI LUENG, LANGSA TIMUR, KOTA LANGSA, ACEH",1,22,168,190
https://kawalpemilu.org#6606,"SUNGAI LUENG, LANGSA TIMUR, KOTA LANGSA, ACEH",2,36,176,212
https://kawalpemilu.org#6606,"SUNGAI LUENG, LANGSA TIMUR, KOTA LANGSA, ACEH",3,34,174,208
https://kawalpemilu.org#6606,"SUNGAI LUENG, LANGSA TIMUR, KOTA LANGSA, ACEH",4,35,168,203
https://kawalpemilu.org#6606,"SUNGAI LUENG, LANGSA TIMUR, KOTA LANGSA, ACEH",5,40,138,178
https://kawalpemilu.org#6606,"SUNGAI LUENG, LANGSA TIMUR, KOTA LANGSA, ACEH",6,2,76,78
https://kawalpemilu.org#6606,"SUNGAI LUENG, LANGSA TIMUR, KOTA LANGSA, ACEH",7,4,170,174
https://kawalpemilu.org#88080,"ALUE PINEUNG TIMUE, LANGSA TIMUR, KOTA LANGSA, ACEH",1,21,163,184
https://kawalpemilu.org#88080,"ALUE PINEUNG TIMUE, LANGSA TIMUR, KOTA LANGSA, ACEH",2,13,163,176
https://kawalpemilu.org#88080,"ALUE PINEUNG TIMUE, LANGSA TIMUR, KOTA LANGSA, ACEH",3,38,123,161
https://kawalpemilu.org#88080,"ALUE PINEUNG TIMUE, LANGSA TIMUR, KOTA LANGSA, ACEH",4,39,184,223
https://kawalpemilu.org#88081,"KAPA, LANGSA TIMUR, KOTA LANGSA, ACEH",1,19,161,180
https://kawalpemilu.org#88081,"KAPA, LANGSA TIMUR, KOTA LANGSA, ACEH",2,29,177,206
https://kawalpemilu.org#6608,"MATANG SEULIMENG, LANGSA BARAT, KOTA LANGSA, ACEH",1,13,169,182
https://kawalpemilu.org#6608,"MATANG SEULIMENG, LANGSA BARAT, KOTA LANGSA, ACEH",2,20,195,215
https://kawalpemilu.org#6608,"MATANG SEULIMENG, LANGSA BARAT, KOTA LANGSA, ACEH",3,22,195,217
https://kawalpemilu.org#6608,"MATANG SEULIMENG, LANGSA BARAT, KOTA LANGSA, ACEH",4,9,219,228
https://kawalpemilu.org#6608,"MATANG SEULIMENG, LANGSA BARAT, KOTA LANGSA, ACEH",5,20,190,210
https://kawalpemilu.org#6608,"MATANG SEULIMENG, LANGSA BARAT, KOTA LANGSA, ACEH",6,4,140,144
https://kawalpemilu.org#6608,"MATANG SEULIMENG, LANGSA BARAT, KOTA LANGSA, ACEH",7,15,141,156
https://kawalpemilu.org#6608,"MATANG SEULIMENG, LANGSA BARAT, KOTA LANGSA, ACEH",8,10,150,160
https://kawalpemilu.org#6608,"MATANG SEULIMENG, LANGSA BARAT, KOTA LANGSA, ACEH",9,11,145,156
https://kawalpemilu.org#6608,"MATANG SEULIMENG, LANGSA BARAT, KOTA LANGSA, ACEH",10,15,169,184
https://kawalpemilu.org#6608,"MATANG SEULIMENG, LANGSA BARAT, KOTA LANGSA, ACEH",11,14,139,153
https://kawalpemilu.org#6608,"MATANG SEULIMENG, LANGSA BARAT, KOTA LANGSA, ACEH",12,16,105,121
https://kawalpemilu.org#6608,"MATANG SEULIMENG, LANGSA BARAT, KOTA LANGSA, ACEH",13,13,186,199
https://kawalpemilu.org#6608,"MATANG SEULIMENG, LANGSA BARAT, KOTA LANGSA, ACEH",14,11,159,170
https://kawalpemilu.org#6608,"MATANG SEULIMENG, LANGSA BARAT, KOTA LANGSA, ACEH",15,27,199,226
https://kawalpemilu.org#6608,"MATANG SEULIMENG, LANGSA BARAT, KOTA LANGSA, ACEH",16,23,186,209
https://kawalpemilu.org#6608,"MATANG SEULIMENG, LANGSA BARAT, KOTA LANGSA, ACEH",17,9,185,194
https://kawalpemilu.org#6608,"MATANG SEULIMENG, LANGSA BARAT, KOTA LANGSA, ACEH",18,12,171,183
https://kawalpemilu.org#6608,"MATANG SEULIMENG, LANGSA BARAT, KOTA LANGSA, ACEH",19,19,150,169
https://kawalpemilu.org#6608,"MATANG SEULIMENG, LANGSA BARAT, KOTA LANGSA, ACEH",20,20,163,183
https://kawalpemilu.org#6608,"MATANG SEULIMENG, LANGSA BARAT, KOTA LANGSA, ACEH",21,20,136,156
https://kawalpemilu.org#6608,"MATANG SEULIMENG, LANGSA BARAT, KOTA LANGSA, ACEH",22,17,133,150
https://kawalpemilu.org#6608,"MATANG SEULIMENG, LANGSA BARAT, KOTA LANGSA, ACEH",23,7,161,168
https://kawalpemilu.org#6608,"MATANG SEULIMENG, LANGSA BARAT, KOTA LANGSA, ACEH",24,20,201,221
https://kawalpemilu.org#6608,"MATANG SEULIMENG, LANGSA BARAT, KOTA LANGSA, ACEH",25,31,177,208
https://kawalpemilu.org#6609,"LHOK BANIE, LANGSA BARAT, KOTA LANGSA, ACEH",1,17,160,177
https://kawalpemilu.org#6609,"LHOK BANIE, LANGSA BARAT, KOTA LANGSA, ACEH",2,13,161,174
https://kawalpemilu.org#6609,"LHOK BANIE, LANGSA BARAT, KOTA LANGSA, ACEH",3,16,172,188
https://kawalpemilu.org#6609,"LHOK BANIE, LANGSA BARAT, KOTA LANGSA, ACEH",4,16,156,172
https://kawalpemilu.org#6609,"LHOK BANIE, LANGSA BARAT, KOTA LANGSA, ACEH",5,12,178,190
https://kawalpemilu.org#6609,"LHOK BANIE, LANGSA BARAT, KOTA LANGSA, ACEH",6,9,164,173
https://kawalpemilu.org#6609,"LHOK BANIE, LANGSA BARAT, KOTA LANGSA, ACEH",7,21,161,182
https://kawalpemilu.org#6609,"LHOK BANIE, LANGSA BARAT, KOTA LANGSA, ACEH",8,13,202,215
https://kawalpemilu.org#6609,"LHOK BANIE, LANGSA BARAT, KOTA LANGSA, ACEH",9,17,227,244
https://kawalpemilu.org#6610,"PAYA BUJOKTEUNGOH, LANGSA BARAT, KOTA LANGSA, ACEH",1,16,225,241
https://kawalpemilu.org#6610,"PAYA BUJOKTEUNGOH, LANGSA BARAT, KOTA LANGSA, ACEH",2,16,167,183
https://kawalpemilu.org#6610,"PAYA BUJOKTEUNGOH, LANGSA BARAT, KOTA LANGSA, ACEH",3,19,199,218
https://kawalpemilu.org#6610,"PAYA BUJOKTEUNGOH, LANGSA BARAT, KOTA LANGSA, ACEH",4,13,173,186
https://kawalpemilu.org#6610,"PAYA BUJOKTEUNGOH, LANGSA BARAT, KOTA LANGSA, ACEH",5,8,162,170
https://kawalpemilu.org#6611,"PAYA BUJOK BEURAMO, LANGSA BARAT, KOTA LANGSA, ACEH",1,27,192,219
https://kawalpemilu.org#6611,"PAYA BUJOK BEURAMO, LANGSA BARAT, KOTA LANGSA, ACEH",2,16,174,190
https://kawalpemilu.org#6611,"PAYA BUJOK BEURAMO, LANGSA BARAT, KOTA LANGSA, ACEH",3,0,0,0
https://kawalpemilu.org#6611,"PAYA BUJOK BEURAMO, LANGSA BARAT, KOTA LANGSA, ACEH",4,15,225,240
https://kawalpemilu.org#6611,"PAYA BUJOK BEURAMO, LANGSA BARAT, KOTA LANGSA, ACEH",5,16,190,206
https://kawalpemilu.org#6612,"SIMPANG LHEE, LANGSA BARAT, KOTA LANGSA, ACEH",1,17,222,239
https://kawalpemilu.org#6612,"SIMPANG LHEE, LANGSA BARAT, KOTA LANGSA, ACEH",2,14,180,194
https://kawalpemilu.org#6612,"SIMPANG LHEE, LANGSA BARAT, KOTA LANGSA, ACEH",3,14,183,197
https://kawalpemilu.org#6613,"SEURIGET, LANGSA BARAT, KOTA LANGSA, ACEH",1,9,210,219
https://kawalpemilu.org#6613,"SEURIGET, LANGSA BARAT, KOTA LANGSA, ACEH",2,13,196,209
https://kawalpemilu.org#6613,"SEURIGET, LANGSA BARAT, KOTA LANGSA, ACEH",3,13,190,203
https://kawalpemilu.org#6613,"SEURIGET, LANGSA BARAT, KOTA LANGSA, ACEH",4,8,216,224
https://kawalpemilu.org#6613,"SEURIGET, LANGSA BARAT, KOTA LANGSA, ACEH",5,10,197,207
https://kawalpemilu.org#6613,"SEURIGET, LANGSA BARAT, KOTA LANGSA, ACEH",6,15,222,237
https://kawalpemilu.org#6614,"SUNGAI PAUH, LANGSA BARAT, KOTA LANGSA, ACEH",1,28,201,229
https://kawalpemilu.org#6614,"SUNGAI PAUH, LANGSA BARAT, KOTA LANGSA, ACEH",2,13,172,185
https://kawalpemilu.org#6614,"SUNGAI PAUH, LANGSA BARAT, KOTA LANGSA, ACEH",3,14,200,214
https://kawalpemilu.org#6614,"SUNGAI PAUH, LANGSA BARAT, KOTA LANGSA, ACEH",4,5,213,218
https://kawalpemilu.org#6614,"SUNGAI PAUH, LANGSA BARAT, KOTA LANGSA, ACEH",5,17,213,230
https://kawalpemilu.org#6614,"SUNGAI PAUH, LANGSA BARAT, KOTA LANGSA, ACEH",6,22,201,223
https://kawalpemilu.org#6614,"SUNGAI PAUH, LANGSA BARAT, KOTA LANGSA, ACEH",7,19,184,203
https://kawalpemilu.org#6614,"SUNGAI PAUH, LANGSA BARAT, KOTA LANGSA, ACEH",8,17,155,172
https://kawalpemilu.org#6614,"SUNGAI PAUH, LANGSA BARAT, KOTA LANGSA, ACEH",9,9,176,185
https://kawalpemilu.org#6614,"SUNGAI PAUH, LANGSA BARAT, KOTA LANGSA, ACEH",10,18,189,207
https://kawalpemilu.org#6614,"SUNGAI PAUH, LANGSA BARAT, KOTA LANGSA, ACEH",11,13,124,137
https://kawalpemilu.org#6615,"KUALA LANGSA, LANGSA BARAT, KOTA LANGSA, ACEH",1,29,161,190
https://kawalpemilu.org#6615,"KUALA LANGSA, LANGSA BARAT, KOTA LANGSA, ACEH",2,16,178,194
https://kawalpemilu.org#6615,"KUALA LANGSA, LANGSA BARAT, KOTA LANGSA, ACEH",3,16,171,187
https://kawalpemilu.org#6615,"KUALA LANGSA, LANGSA BARAT, KOTA LANGSA, ACEH",4,20,169,189
https://kawalpemilu.org#6615,"KUALA LANGSA, LANGSA BARAT, KOTA LANGSA, ACEH",5,21,179,200
https://kawalpemilu.org#6615,"KUALA LANGSA, LANGSA BARAT, KOTA LANGSA, ACEH",6,7,155,162
https://kawalpemilu.org#6616,"TELAGA TUJUH, LANGSA BARAT, KOTA LANGSA, ACEH",1,7,260,267
https://kawalpemilu.org#6616,"TELAGA TUJUH, LANGSA BARAT, KOTA LANGSA, ACEH",2,11,240,251
https://kawalpemilu.org#6616,"TELAGA TUJUH, LANGSA BARAT, KOTA LANGSA, ACEH",3,11,265,276
https://kawalpemilu.org#6616,"TELAGA TUJUH, LANGSA BARAT, KOTA LANGSA, ACEH",4,8,247,255
https://kawalpemilu.org#88083,"SERAMBI INDAH, LANGSA BARAT, KOTA LANGSA, ACEH",1,25,147,172
https://kawalpemilu.org#88083,"SERAMBI INDAH, LANGSA BARAT, KOTA LANGSA, ACEH",2,29,150,179
https://kawalpemilu.org#88083,"SERAMBI INDAH, LANGSA BARAT, KOTA LANGSA, ACEH",3,26,158,184
https://kawalpemilu.org#88084,"SUNGAI PAUH PUSAKA, LANGSA BARAT, KOTA LANGSA, ACEH",1,14,119,133
https://kawalpemilu.org#88084,"SUNGAI PAUH PUSAKA, LANGSA BARAT, KOTA LANGSA, ACEH",2,18,125,143
https://kawalpemilu.org#88084,"SUNGAI PAUH PUSAKA, LANGSA BARAT, KOTA LANGSA, ACEH",3,20,173,193
https://kawalpemilu.org#88084,"SUNGAI PAUH PUSAKA, LANGSA BARAT, KOTA LANGSA, ACEH",4,27,171,198
https://kawalpemilu.org#88084,"SUNGAI PAUH PUSAKA, LANGSA BARAT, KOTA LANGSA, ACEH",5,25,199,224
https://kawalpemilu.org#88084,"SUNGAI PAUH PUSAKA, LANGSA BARAT, KOTA LANGSA, ACEH",6,30,228,258
https://kawalpemilu.org#88085,"SUNGAI PAUH TANJONG, LANGSA BARAT, KOTA LANGSA, ACEH",1,14,186,200
https://kawalpemilu.org#88085,"SUNGAI PAUH TANJONG, LANGSA BARAT, KOTA LANGSA, ACEH",2,16,197,213
https://kawalpemilu.org#88085,"SUNGAI PAUH TANJONG, LANGSA BARAT, KOTA LANGSA, ACEH",3,12,168,180
https://kawalpemilu.org#88085,"SUNGAI PAUH TANJONG, LANGSA BARAT, KOTA LANGSA, ACEH",4,19,184,203
https://kawalpemilu.org#88085,"SUNGAI PAUH TANJONG, LANGSA BARAT, KOTA LANGSA, ACEH",5,14,227,241
https://kawalpemilu.org#88085,"SUNGAI PAUH TANJONG, LANGSA BARAT, KOTA LANGSA, ACEH",6,19,195,214
https://kawalpemilu.org#88086,"SUNGAI PAUH FIRDAUS, LANGSA BARAT, KOTA LANGSA, ACEH",1,17,159,176
https://kawalpemilu.org#88086,"SUNGAI PAUH FIRDAUS, LANGSA BARAT, KOTA LANGSA, ACEH",2,24,117,141
https://kawalpemilu.org#88086,"SUNGAI PAUH FIRDAUS, LANGSA BARAT, KOTA LANGSA, ACEH",3,21,147,168
https://kawalpemilu.org#88086,"SUNGAI PAUH FIRDAUS, LANGSA BARAT, KOTA LANGSA, ACEH",4,19,146,165
https://kawalpemilu.org#88086,"SUNGAI PAUH FIRDAUS, LANGSA BARAT, KOTA LANGSA, ACEH",5,19,124,143
https://kawalpemilu.org#6618,"GAMPONG TEUNGOH, LANGSA KOTA, KOTA LANGSA, ACEH",1,18,235,253
https://kawalpemilu.org#6618,"GAMPONG TEUNGOH, LANGSA KOTA, KOTA LANGSA, ACEH",2,18,208,226
https://kawalpemilu.org#6618,"GAMPONG TEUNGOH, LANGSA KOTA, KOTA LANGSA, ACEH",3,22,205,227
https://kawalpemilu.org#6618,"GAMPONG TEUNGOH, LANGSA KOTA, KOTA LANGSA, ACEH",4,14,167,181
https://kawalpemilu.org#6618,"GAMPONG TEUNGOH, LANGSA KOTA, KOTA LANGSA, ACEH",5,14,178,192
https://kawalpemilu.org#6618,"GAMPONG TEUNGOH, LANGSA KOTA, KOTA LANGSA, ACEH",6,17,161,178
https://kawalpemilu.org#6618,"GAMPONG TEUNGOH, LANGSA KOTA, KOTA LANGSA, ACEH",7,13,129,142
https://kawalpemilu.org#6618,"GAMPONG TEUNGOH, LANGSA KOTA, KOTA LANGSA, ACEH",8,26,162,188
https://kawalpemilu.org#6618,"GAMPONG TEUNGOH, LANGSA KOTA, KOTA LANGSA, ACEH",9,10,150,160
https://kawalpemilu.org#6618,"GAMPONG TEUNGOH, LANGSA KOTA, KOTA LANGSA, ACEH",10,23,216,239
https://kawalpemilu.org#6618,"GAMPONG TEUNGOH, LANGSA KOTA, KOTA LANGSA, ACEH",11,21,215,236
https://kawalpemilu.org#6618,"GAMPONG TEUNGOH, LANGSA KOTA, KOTA LANGSA, ACEH",12,14,189,203
https://kawalpemilu.org#6618,"GAMPONG TEUNGOH, LANGSA KOTA, KOTA LANGSA, ACEH",13,20,233,253
https://kawalpemilu.org#6618,"GAMPONG TEUNGOH, LANGSA KOTA, KOTA LANGSA, ACEH",14,19,176,195
https://kawalpemilu.org#6618,"GAMPONG TEUNGOH, LANGSA KOTA, KOTA LANGSA, ACEH",15,14,150,164
https://kawalpemilu.org#6618,"GAMPONG TEUNGOH, LANGSA KOTA, KOTA LANGSA, ACEH",16,18,130,148
https://kawalpemilu.org#6618,"GAMPONG TEUNGOH, LANGSA KOTA, KOTA LANGSA, ACEH",17,17,156,173
https://kawalpemilu.org#6618,"GAMPONG TEUNGOH, LANGSA KOTA, KOTA LANGSA, ACEH",18,30,167,197
https://kawalpemilu.org#6619,"PEUKAN LANGSA, LANGSA KOTA, KOTA LANGSA, ACEH",1,82,59,141
https://kawalpemilu.org#6619,"PEUKAN LANGSA, LANGSA KOTA, KOTA LANGSA, ACEH",2,65,85,150
https://kawalpemilu.org#6619,"PEUKAN LANGSA, LANGSA KOTA, KOTA LANGSA, ACEH",3,42,68,110
https://kawalpemilu.org#6620,"GAMPONG JAWA, LANGSA KOTA, KOTA LANGSA, ACEH",1,23,159,182
https://kawalpemilu.org#6620,"GAMPONG JAWA, LANGSA KOTA, KOTA LANGSA, ACEH",2,19,165,184
https://kawalpemilu.org#6620,"GAMPONG JAWA, LANGSA KOTA, KOTA LANGSA, ACEH",3,14,138,152
https://kawalpemilu.org#6620,"GAMPONG JAWA, LANGSA KOTA, KOTA LANGSA, ACEH",4,32,148,180
https://kawalpemilu.org#6620,"GAMPONG JAWA, LANGSA KOTA, KOTA LANGSA, ACEH",5,17,211,228
https://kawalpemilu.org#6620,"GAMPONG JAWA, LANGSA KOTA, KOTA LANGSA, ACEH",6,28,192,220
https://kawalpemilu.org#6620,"GAMPONG JAWA, LANGSA KOTA, KOTA LANGSA, ACEH",7,15,186,201
https://kawalpemilu.org#6620,"GAMPONG JAWA, LANGSA KOTA, KOTA LANGSA, ACEH",8,18,171,193
https://kawalpemilu.org#6620,"GAMPONG JAWA, LANGSA KOTA, KOTA LANGSA, ACEH",9,34,195,229
https://kawalpemilu.org#6620,"GAMPONG JAWA, LANGSA KOTA, KOTA LANGSA, ACEH",10,26,164,190
https://kawalpemilu.org#6620,"GAMPONG JAWA, LANGSA KOTA, KOTA LANGSA, ACEH",11,6,133,139
https://kawalpemilu.org#6620,"GAMPONG JAWA, LANGSA KOTA, KOTA LANGSA, ACEH",12,52,188,240
https://kawalpemilu.org#6620,"GAMPONG JAWA, LANGSA KOTA, KOTA LANGSA, ACEH",13,38,227,265
https://kawalpemilu.org#6620,"GAMPONG JAWA, LANGSA KOTA, KOTA LANGSA, ACEH",14,30,232,262
https://kawalpemilu.org#6620,"GAMPONG JAWA, LANGSA KOTA, KOTA LANGSA, ACEH",15,21,168,189
https://kawalpemilu.org#6620,"GAMPONG JAWA, LANGSA KOTA, KOTA LANGSA, ACEH",16,14,147,161
https://kawalpemilu.org#6620,"GAMPONG JAWA, LANGSA KOTA, KOTA LANGSA, ACEH",17,16,167,183
https://kawalpemilu.org#6620,"GAMPONG JAWA, LANGSA KOTA, KOTA LANGSA, ACEH",18,27,170,197
https://kawalpemilu.org#6620,"GAMPONG JAWA, LANGSA KOTA, KOTA LANGSA, ACEH",19,25,122,147
https://kawalpemilu.org#6620,"GAMPONG JAWA, LANGSA KOTA, KOTA LANGSA, ACEH",21,37,170,207
https://kawalpemilu.org#6620,"GAMPONG JAWA, LANGSA KOTA, KOTA LANGSA, ACEH",22,27,167,194
https://kawalpemilu.org#6620,"GAMPONG JAWA, LANGSA KOTA, KOTA LANGSA, ACEH",24,7,96,103
https://kawalpemilu.org#6621,"PB. BLANG PASE, LANGSA KOTA, KOTA LANGSA, ACEH",1,18,208,226
https://kawalpemilu.org#6621,"PB. BLANG PASE, LANGSA KOTA, KOTA LANGSA, ACEH",2,27,205,232
https://kawalpemilu.org#6621,"PB. BLANG PASE, LANGSA KOTA, KOTA LANGSA, ACEH",3,22,169,191
https://kawalpemilu.org#6621,"PB. BLANG PASE, LANGSA KOTA, KOTA LANGSA, ACEH",4,38,153,191
https://kawalpemilu.org#6621,"PB. BLANG PASE, LANGSA KOTA, KOTA LANGSA, ACEH",5,24,108,132
https://kawalpemilu.org#6621,"PB. BLANG PASE, LANGSA KOTA, KOTA LANGSA, ACEH",7,25,120,145
https://kawalpemilu.org#6621,"PB. BLANG PASE, LANGSA KOTA, KOTA LANGSA, ACEH",8,36,164,200
https://kawalpemilu.org#6621,"PB. BLANG PASE, LANGSA KOTA, KOTA LANGSA, ACEH",9,48,145,193
https://kawalpemilu.org#6621,"PB. BLANG PASE, LANGSA KOTA, KOTA LANGSA, ACEH",10,44,186,230
https://kawalpemilu.org#6621,"PB. BLANG PASE, LANGSA KOTA, KOTA LANGSA, ACEH",11,28,190,218
https://kawalpemilu.org#6621,"PB. BLANG PASE, LANGSA KOTA, KOTA LANGSA, ACEH",12,41,151,192
https://kawalpemilu.org#6622,"BLANG, LANGSA KOTA, KOTA LANGSA, ACEH",1,28,170,198
https://kawalpemilu.org#6622,"BLANG, LANGSA KOTA, KOTA LANGSA, ACEH",2,17,149,166
https://kawalpemilu.org#6622,"BLANG, LANGSA KOTA, KOTA LANGSA, ACEH",3,30,193,223
https://kawalpemilu.org#6622,"BLANG, LANGSA KOTA, KOTA LANGSA, ACEH",4,32,173,205
https://kawalpemilu.org#6622,"BLANG, LANGSA KOTA, KOTA LANGSA, ACEH",5,18,123,141
https://kawalpemilu.org#6622,"BLANG, LANGSA KOTA, KOTA LANGSA, ACEH",6,17,150,167
https://kawalpemilu.org#6622,"BLANG, LANGSA KOTA, KOTA LANGSA, ACEH",8,16,105,121
https://kawalpemilu.org#6622,"BLANG, LANGSA KOTA, KOTA LANGSA, ACEH",9,21,119,140
https://kawalpemilu.org#6622,"BLANG, LANGSA KOTA, KOTA LANGSA, ACEH",10,7,131,138
https://kawalpemilu.org#6622,"BLANG, LANGSA KOTA, KOTA LANGSA, ACEH",11,15,121,136
https://kawalpemilu.org#6623,"ALUE BEURAWE, LANGSA KOTA, KOTA LANGSA, ACEH",1,26,209,235
https://kawalpemilu.org#6623,"ALUE BEURAWE, LANGSA KOTA, KOTA LANGSA, ACEH",2,14,186,200
https://kawalpemilu.org#6623,"ALUE BEURAWE, LANGSA KOTA, KOTA LANGSA, ACEH",3,23,170,193
https://kawalpemilu.org#6623,"ALUE BEURAWE, LANGSA KOTA, KOTA LANGSA, ACEH",4,20,176,196
https://kawalpemilu.org#6623,"ALUE BEURAWE, LANGSA KOTA, KOTA LANGSA, ACEH",5,18,181,199
https://kawalpemilu.org#6623,"ALUE BEURAWE, LANGSA KOTA, KOTA LANGSA, ACEH",7,30,188,218
https://kawalpemilu.org#6623,"ALUE BEURAWE, LANGSA KOTA, KOTA LANGSA, ACEH",8,27,196,223
https://kawalpemilu.org#6623,"ALUE BEURAWE, LANGSA KOTA, KOTA LANGSA, ACEH",9,34,193,227
https://kawalpemilu.org#6623,"ALUE BEURAWE, LANGSA KOTA, KOTA LANGSA, ACEH",10,40,197,237
https://kawalpemilu.org#6624,"DAULAT, LANGSA KOTA, KOTA LANGSA, ACEH",1,21,155,176
https://kawalpemilu.org#6624,"DAULAT, LANGSA KOTA, KOTA LANGSA, ACEH",2,39,143,182
https://kawalpemilu.org#6624,"DAULAT, LANGSA KOTA, KOTA LANGSA, ACEH",3,22,132,154
https://kawalpemilu.org#6624,"DAULAT, LANGSA KOTA, KOTA LANGSA, ACEH",4,35,141,176
https://kawalpemilu.org#6625,"MEUTIA, LANGSA KOTA, KOTA LANGSA, ACEH",1,20,228,248
https://kawalpemilu.org#6625,"MEUTIA, LANGSA KOTA, KOTA LANGSA, ACEH",2,20,212,232
https://kawalpemilu.org#6625,"MEUTIA, LANGSA KOTA, KOTA LANGSA, ACEH",3,24,199,223
https://kawalpemilu.org#6625,"MEUTIA, LANGSA KOTA, KOTA LANGSA, ACEH",4,19,173,192
https://kawalpemilu.org#6625,"MEUTIA, LANGSA KOTA, KOTA LANGSA, ACEH",5,17,209,226
https://kawalpemilu.org#6625,"MEUTIA, LANGSA KOTA, KOTA LANGSA, ACEH",6,12,204,216
https://kawalpemilu.org#6626,"BLANG SEUNIBONG, LANGSA KOTA, KOTA LANGSA, ACEH",1,52,116,168
https://kawalpemilu.org#6626,"BLANG SEUNIBONG, LANGSA KOTA, KOTA LANGSA, ACEH",2,32,215,247
https://kawalpemilu.org#6626,"BLANG SEUNIBONG, LANGSA KOTA, KOTA LANGSA, ACEH",3,27,204,231
https://kawalpemilu.org#6626,"BLANG SEUNIBONG, LANGSA KOTA, KOTA LANGSA, ACEH",4,17,146,163
https://kawalpemilu.org#6626,"BLANG SEUNIBONG, LANGSA KOTA, KOTA LANGSA, ACEH",5,26,168,194
https://kawalpemilu.org#6626,"BLANG SEUNIBONG, LANGSA KOTA, KOTA LANGSA, ACEH",7,39,170,209
https://kawalpemilu.org#6627,"TUALANG TEUNGOH, LANGSA KOTA, KOTA LANGSA, ACEH",1,14,177,191
https://kawalpemilu.org#6627,"TUALANG TEUNGOH, LANGSA KOTA, KOTA LANGSA, ACEH",2,16,183,199
https://kawalpemilu.org#6627,"TUALANG TEUNGOH, LANGSA KOTA, KOTA LANGSA, ACEH",3,20,177,197
https://kawalpemilu.org#6627,"TUALANG TEUNGOH, LANGSA KOTA, KOTA LANGSA, ACEH",4,21,183,204
https://kawalpemilu.org#6627,"TUALANG TEUNGOH, LANGSA KOTA, KOTA LANGSA, ACEH",5,18,179,197
https://kawalpemilu.org#6627,"TUALANG TEUNGOH, LANGSA KOTA, KOTA LANGSA, ACEH",6,27,148,175
https://kawalpemilu.org#6627,"TUALANG TEUNGOH, LANGSA KOTA, KOTA LANGSA, ACEH",7,13,147,160
https://kawalpemilu.org#6627,"TUALANG TEUNGOH, LANGSA KOTA, KOTA LANGSA, ACEH",8,24,143,167
https://kawalpemilu.org#6627,"TUALANG TEUNGOH, LANGSA KOTA, KOTA LANGSA, ACEH",9,12,172,184
https://kawalpemilu.org#6627,"TUALANG TEUNGOH, LANGSA KOTA, KOTA LANGSA, ACEH",10,26,141,167
https://kawalpemilu.org#6629,"PONDOK KEMUNING, LANGSA LAMA, KOTA LANGSA, ACEH",1,59,186,245
https://kawalpemilu.org#6629,"PONDOK KEMUNING, LANGSA LAMA, KOTA LANGSA, ACEH",2,29,165,194
https://kawalpemilu.org#6629,"PONDOK KEMUNING, LANGSA LAMA, KOTA LANGSA, ACEH",3,35,193,228
https://kawalpemilu.org#6629,"PONDOK KEMUNING, LANGSA LAMA, KOTA LANGSA, ACEH",4,18,205,223
https://kawalpemilu.org#6629,"PONDOK KEMUNING, LANGSA LAMA, KOTA LANGSA, ACEH",5,36,189,225
https://kawalpemilu.org#6629,"PONDOK KEMUNING, LANGSA LAMA, KOTA LANGSA, ACEH",6,21,224,245
https://kawalpemilu.org#6629,"PONDOK KEMUNING, LANGSA LAMA, KOTA LANGSA, ACEH",7,30,205,235
https://kawalpemilu.org#6630,"SEULALAH, LANGSA LAMA, KOTA LANGSA, ACEH",1,40,182,222
https://kawalpemilu.org#6630,"SEULALAH, LANGSA LAMA, KOTA LANGSA, ACEH",2,43,202,245
https://kawalpemilu.org#6630,"SEULALAH, LANGSA LAMA, KOTA LANGSA, ACEH",3,44,218,262
https://kawalpemilu.org#6630,"SEULALAH, LANGSA LAMA, KOTA LANGSA, ACEH",4,46,205,251
https://kawalpemilu.org#6630,"SEULALAH, LANGSA LAMA, KOTA LANGSA, ACEH",6,40,212,252
https://kawalpemilu.org#6630,"SEULALAH, LANGSA LAMA, KOTA LANGSA, ACEH",7,38,199,237
https://kawalpemilu.org#6631,"PONDOK PABRIK, LANGSA LAMA, KOTA LANGSA, ACEH",1,44,183,227
https://kawalpemilu.org#6631,"PONDOK PABRIK, LANGSA LAMA, KOTA LANGSA, ACEH",2,41,190,231
https://kawalpemilu.org#6631,"PONDOK PABRIK, LANGSA LAMA, KOTA LANGSA, ACEH",3,58,206,264
https://kawalpemilu.org#6631,"PONDOK PABRIK, LANGSA LAMA, KOTA LANGSA, ACEH",4,60,157,217
https://kawalpemilu.org#6631,"PONDOK PABRIK, LANGSA LAMA, KOTA LANGSA, ACEH",5,9,164,173
https://kawalpemilu.org#6631,"PONDOK PABRIK, LANGSA LAMA, KOTA LANGSA, ACEH",6,22,144,166
https://kawalpemilu.org#6632,"SIDODADI, LANGSA LAMA, KOTA LANGSA, ACEH",1,27,204,231
https://kawalpemilu.org#6632,"SIDODADI, LANGSA LAMA, KOTA LANGSA, ACEH",2,29,187,216
https://kawalpemilu.org#6632,"SIDODADI, LANGSA LAMA, KOTA LANGSA, ACEH",3,41,187,228
https://kawalpemilu.org#6632,"SIDODADI, LANGSA LAMA, KOTA LANGSA, ACEH",4,33,209,242
https://kawalpemilu.org#6632,"SIDODADI, LANGSA LAMA, KOTA LANGSA, ACEH",5,28,199,227
https://kawalpemilu.org#6632,"SIDODADI, LANGSA LAMA, KOTA LANGSA, ACEH",6,20,214,234
https://kawalpemilu.org#6632,"SIDODADI, LANGSA LAMA, KOTA LANGSA, ACEH",7,36,174,210
https://kawalpemilu.org#6632,"SIDODADI, LANGSA LAMA, KOTA LANGSA, ACEH",8,39,148,187
https://kawalpemilu.org#6633,"SIDOREJO, LANGSA LAMA, KOTA LANGSA, ACEH",1,17,190,207
https://kawalpemilu.org#6633,"SIDOREJO, LANGSA LAMA, KOTA LANGSA, ACEH",2,23,146,169
https://kawalpemilu.org#6633,"SIDOREJO, LANGSA LAMA, KOTA LANGSA, ACEH",3,20,159,179
https://kawalpemilu.org#6633,"SIDOREJO, LANGSA LAMA, KOTA LANGSA, ACEH",4,30,152,182
https://kawalpemilu.org#6633,"SIDOREJO, LANGSA LAMA, KOTA LANGSA, ACEH",5,32,178,210
https://kawalpemilu.org#6633,"SIDOREJO, LANGSA LAMA, KOTA LANGSA, ACEH",6,33,192,225
https://kawalpemilu.org#6633,"SIDOREJO, LANGSA LAMA, KOTA LANGSA, ACEH",7,30,140,170
https://kawalpemilu.org#6633,"SIDOREJO, LANGSA LAMA, KOTA LANGSA, ACEH",8,32,158,190
https://kawalpemilu.org#6633,"SIDOREJO, LANGSA LAMA, KOTA LANGSA, ACEH",9,33,144,177
https://kawalpemilu.org#6633,"SIDOREJO, LANGSA LAMA, KOTA LANGSA, ACEH",10,32,154,186
https://kawalpemilu.org#6634,"BARO, LANGSA LAMA, KOTA LANGSA, ACEH",1,41,166,207
https://kawalpemilu.org#6634,"BARO, LANGSA LAMA, KOTA LANGSA, ACEH",2,23,192,215
https://kawalpemilu.org#6634,"BARO, LANGSA LAMA, KOTA LANGSA, ACEH",3,16,214,230
https://kawalpemilu.org#6634,"BARO, LANGSA LAMA, KOTA LANGSA, ACEH",4,19,164,183
https://kawalpemilu.org#6634,"BARO, LANGSA LAMA, KOTA LANGSA, ACEH",5,17,113,130
https://kawalpemilu.org#6634,"BARO, LANGSA LAMA, KOTA LANGSA, ACEH",6,29,162,191
https://kawalpemilu.org#6635,"MEURANDEH, LANGSA LAMA, KOTA LANGSA, ACEH",1,18,193,211
https://kawalpemilu.org#6635,"MEURANDEH, LANGSA LAMA, KOTA LANGSA, ACEH",2,15,204,219
https://kawalpemilu.org#6635,"MEURANDEH, LANGSA LAMA, KOTA LANGSA, ACEH",3,16,178,194
https://kawalpemilu.org#6635,"MEURANDEH, LANGSA LAMA, KOTA LANGSA, ACEH",4,18,163,181
https://kawalpemilu.org#6636,"ASAM PEUTIK, LANGSA LAMA, KOTA LANGSA, ACEH",1,19,224,243
https://kawalpemilu.org#6636,"ASAM PEUTIK, LANGSA LAMA, KOTA LANGSA, ACEH",2,14,193,207
https://kawalpemilu.org#6636,"ASAM PEUTIK, LANGSA LAMA, KOTA LANGSA, ACEH",3,18,216,234
https://kawalpemilu.org#6636,"ASAM PEUTIK, LANGSA LAMA, KOTA LANGSA, ACEH",4,15,195,210
https://kawalpemilu.org#6636,"ASAM PEUTIK, LANGSA LAMA, KOTA LANGSA, ACEH",5,12,193,205
https://kawalpemilu.org#6637,"BAROH LANGSA LAMA, LANGSA LAMA, KOTA LANGSA, ACEH",1,26,185,211
https://kawalpemilu.org#6637,"BAROH LANGSA LAMA, LANGSA LAMA, KOTA LANGSA, ACEH",2,23,162,185
https://kawalpemilu.org#6637,"BAROH LANGSA LAMA, LANGSA LAMA, KOTA LANGSA, ACEH",3,34,156,190
https://kawalpemilu.org#6637,"BAROH LANGSA LAMA, LANGSA LAMA, KOTA LANGSA, ACEH",4,35,188,223
https://kawalpemilu.org#6637,"BAROH LANGSA LAMA, LANGSA LAMA, KOTA LANGSA, ACEH",5,31,164,195
https://kawalpemilu.org#6637,"BAROH LANGSA LAMA, LANGSA LAMA, KOTA LANGSA, ACEH",6,12,186,198
https://kawalpemilu.org#6637,"BAROH LANGSA LAMA, LANGSA LAMA, KOTA LANGSA, ACEH",7,24,201,225
https://kawalpemilu.org#6637,"BAROH LANGSA LAMA, LANGSA LAMA, KOTA LANGSA, ACEH",8,27,165,192
https://kawalpemilu.org#6637,"BAROH LANGSA LAMA, LANGSA LAMA, KOTA LANGSA, ACEH",9,26,184,210
https://kawalpemilu.org#88074,"SEULALAH BARU, LANGSA LAMA, KOTA LANGSA, ACEH",1,36,163,199
https://kawalpemilu.org#88074,"SEULALAH BARU, LANGSA LAMA, KOTA LANGSA, ACEH",2,26,100,126
https://kawalpemilu.org#88074,"SEULALAH BARU, LANGSA LAMA, KOTA LANGSA, ACEH",3,33,187,220
https://kawalpemilu.org#88074,"SEULALAH BARU, LANGSA LAMA, KOTA LANGSA, ACEH",4,31,195,226
https://kawalpemilu.org#88074,"SEULALAH BARU, LANGSA LAMA, KOTA LANGSA, ACEH",5,31,199,230
https://kawalpemilu.org#88074,"SEULALAH BARU, LANGSA LAMA, KOTA LANGSA, ACEH",6,26,150,176
https://kawalpemilu.org#88074,"SEULALAH BARU, LANGSA LAMA, KOTA LANGSA, ACEH",7,20,134,154
https://kawalpemilu.org#88075,"SUKA JADI KEBUN IRENG, LANGSA LAMA, KOTA LANGSA, ACEH",1,17,239,256
https://kawalpemilu.org#88075,"SUKA JADI KEBUN IRENG, LANGSA LAMA, KOTA LANGSA, ACEH",2,30,226,256
https://kawalpemilu.org#88076,"MEURANDEH TEUNGOH, LANGSA LAMA, KOTA LANGSA, ACEH",1,23,229,252
https://kawalpemilu.org#88076,"MEURANDEH TEUNGOH, LANGSA LAMA, KOTA LANGSA, ACEH",2,16,230,246
https://kawalpemilu.org#88076,"MEURANDEH TEUNGOH, LANGSA LAMA, KOTA LANGSA, ACEH",3,10,238,244
https://kawalpemilu.org#88076,"MEURANDEH TEUNGOH, LANGSA LAMA, KOTA LANGSA, ACEH",4,11,238,249
https://kawalpemilu.org#88077,"MEURANDEH DAYAH, LANGSA LAMA, KOTA LANGSA, ACEH",1,26,231,257
https://kawalpemilu.org#88077,"MEURANDEH DAYAH, LANGSA LAMA, KOTA LANGSA, ACEH",2,25,255,280
https://kawalpemilu.org#88077,"MEURANDEH DAYAH, LANGSA LAMA, KOTA LANGSA, ACEH",3,24,233,257
https://kawalpemilu.org#88078,"MEURANDEH ACEH, LANGSA LAMA, KOTA LANGSA, ACEH",1,21,184,205
https://kawalpemilu.org#88078,"MEURANDEH ACEH, LANGSA LAMA, KOTA LANGSA, ACEH",2,19,163,182
https://kawalpemilu.org#88079,"BATE PUTEH, LANGSA LAMA, KOTA LANGSA, ACEH",1,25,175,200
https://kawalpemilu.org#88079,"BATE PUTEH, LANGSA LAMA, KOTA LANGSA, ACEH",2,16,190,206
https://kawalpemilu.org#88079,"BATE PUTEH, LANGSA LAMA, KOTA LANGSA, ACEH",3,24,213,237
https://kawalpemilu.org#6639,"PAYA BUJOK SEULEUMAK, LANGSA BARO, KOTA LANGSA, ACEH",1,32,182,214
https://kawalpemilu.org#6639,"PAYA BUJOK SEULEUMAK, LANGSA BARO, KOTA LANGSA, ACEH",2,38,184,222
https://kawalpemilu.org#6639,"PAYA BUJOK SEULEUMAK, LANGSA BARO, KOTA LANGSA, ACEH",3,28,164,192
https://kawalpemilu.org#6639,"PAYA BUJOK SEULEUMAK, LANGSA BARO, KOTA LANGSA, ACEH",4,25,186,211
https://kawalpemilu.org#6639,"PAYA BUJOK SEULEUMAK, LANGSA BARO, KOTA LANGSA, ACEH",5,37,218,255
https://kawalpemilu.org#6639,"PAYA BUJOK SEULEUMAK, LANGSA BARO, KOTA LANGSA, ACEH",6,36,192,228
https://kawalpemilu.org#6639,"PAYA BUJOK SEULEUMAK, LANGSA BARO, KOTA LANGSA, ACEH",7,31,184,215
https://kawalpemilu.org#6639,"PAYA BUJOK SEULEUMAK, LANGSA BARO, KOTA LANGSA, ACEH",9,18,178,196
https://kawalpemilu.org#6639,"PAYA BUJOK SEULEUMAK, LANGSA BARO, KOTA LANGSA, ACEH",10,21,159,180
https://kawalpemilu.org#6639,"PAYA BUJOK SEULEUMAK, LANGSA BARO, KOTA LANGSA, ACEH",11,24,149,173
https://kawalpemilu.org#6639,"PAYA BUJOK SEULEUMAK, LANGSA BARO, KOTA LANGSA, ACEH",12,26,142,168
https://kawalpemilu.org#6639,"PAYA BUJOK SEULEUMAK, LANGSA BARO, KOTA LANGSA, ACEH",13,21,200,221
https://kawalpemilu.org#6639,"PAYA BUJOK SEULEUMAK, LANGSA BARO, KOTA LANGSA, ACEH",14,17,229,246
https://kawalpemilu.org#6639,"PAYA BUJOK SEULEUMAK, LANGSA BARO, KOTA LANGSA, ACEH",15,23,180,203
https://kawalpemilu.org#6639,"PAYA BUJOK SEULEUMAK, LANGSA BARO, KOTA LANGSA, ACEH",16,24,176,200
https://kawalpemilu.org#6639,"PAYA BUJOK SEULEUMAK, LANGSA BARO, KOTA LANGSA, ACEH",17,32,231,263
https://kawalpemilu.org#6639,"PAYA BUJOK SEULEUMAK, LANGSA BARO, KOTA LANGSA, ACEH",18,26,142,168
https://kawalpemilu.org#6639,"PAYA BUJOK SEULEUMAK, LANGSA BARO, KOTA LANGSA, ACEH",19,15,240,255
https://kawalpemilu.org#6639,"PAYA BUJOK SEULEUMAK, LANGSA BARO, KOTA LANGSA, ACEH",20,12,173,185
https://kawalpemilu.org#6639,"PAYA BUJOK SEULEUMAK, LANGSA BARO, KOTA LANGSA, ACEH",21,13,199,212
https://kawalpemilu.org#6639,"PAYA BUJOK SEULEUMAK, LANGSA BARO, KOTA LANGSA, ACEH",22,18,211,229
https://kawalpemilu.org#6639,"PAYA BUJOK SEULEUMAK, LANGSA BARO, KOTA LANGSA, ACEH",23,9,196,205
https://kawalpemilu.org#6639,"PAYA BUJOK SEULEUMAK, LANGSA BARO, KOTA LANGSA, ACEH",24,12,165,177
https://kawalpemilu.org#6639,"PAYA BUJOK SEULEUMAK, LANGSA BARO, KOTA LANGSA, ACEH",25,12,186,198
https://kawalpemilu.org#6639,"PAYA BUJOK SEULEUMAK, LANGSA BARO, KOTA LANGSA, ACEH",26,16,193,209
https://kawalpemilu.org#6639,"PAYA BUJOK SEULEUMAK, LANGSA BARO, KOTA LANGSA, ACEH",27,7,166,173
https://kawalpemilu.org#6639,"PAYA BUJOK SEULEUMAK, LANGSA BARO, KOTA LANGSA, ACEH",28,17,155,172
https://kawalpemilu.org#6639,"PAYA BUJOK SEULEUMAK, LANGSA BARO, KOTA LANGSA, ACEH",29,19,207,226
https://kawalpemilu.org#6639,"PAYA BUJOK SEULEUMAK, LANGSA BARO, KOTA LANGSA, ACEH",30,20,182,202
https://kawalpemilu.org#6640,"TIMBANG LANGSA, LANGSA BARO, KOTA LANGSA, ACEH",1,24,184,208
https://kawalpemilu.org#6640,"TIMBANG LANGSA, LANGSA BARO, KOTA LANGSA, ACEH",2,17,186,203
https://kawalpemilu.org#6640,"TIMBANG LANGSA, LANGSA BARO, KOTA LANGSA, ACEH",3,35,197,232
https://kawalpemilu.org#6640,"TIMBANG LANGSA, LANGSA BARO, KOTA LANGSA, ACEH",4,21,141,162
https://kawalpemilu.org#6640,"TIMBANG LANGSA, LANGSA BARO, KOTA LANGSA, ACEH",5,37,179,216
https://kawalpemilu.org#6640,"TIMBANG LANGSA, LANGSA BARO, KOTA LANGSA, ACEH",6,27,149,176
https://kawalpemilu.org#6641,"ALUE DUA, LANGSA BARO, KOTA LANGSA, ACEH",1,17,238,255
https://kawalpemilu.org#6641,"ALUE DUA, LANGSA BARO, KOTA LANGSA, ACEH",2,32,203,235
https://kawalpemilu.org#6641,"ALUE DUA, LANGSA BARO, KOTA LANGSA, ACEH",3,23,214,237
https://kawalpemilu.org#6641,"ALUE DUA, LANGSA BARO, KOTA LANGSA, ACEH",4,31,205,236
https://kawalpemilu.org#6641,"ALUE DUA, LANGSA BARO, KOTA LANGSA, ACEH",5,17,185,202
https://kawalpemilu.org#6641,"ALUE DUA, LANGSA BARO, KOTA LANGSA, ACEH",6,49,204,253
https://kawalpemilu.org#6641,"ALUE DUA, LANGSA BARO, KOTA LANGSA, ACEH",7,27,223,250
https://kawalpemilu.org#6641,"ALUE DUA, LANGSA BARO, KOTA LANGSA, ACEH",8,21,220,241
https://kawalpemilu.org#6641,"ALUE DUA, LANGSA BARO, KOTA LANGSA, ACEH",9,25,196,221
https://kawalpemilu.org#6642,"BIREM PUNTONG, LANGSA BARO, KOTA LANGSA, ACEH",1,21,179,200
https://kawalpemilu.org#6642,"BIREM PUNTONG, LANGSA BARO, KOTA LANGSA, ACEH",3,22,189,211
https://kawalpemilu.org#6642,"BIREM PUNTONG, LANGSA BARO, KOTA LANGSA, ACEH",4,11,157,168
https://kawalpemilu.org#6642,"BIREM PUNTONG, LANGSA BARO, KOTA LANGSA, ACEH",5,10,166,176
https://kawalpemilu.org#6642,"BIREM PUNTONG, LANGSA BARO, KOTA LANGSA, ACEH",6,18,182,200
https://kawalpemilu.org#6642,"BIREM PUNTONG, LANGSA BARO, KOTA LANGSA, ACEH",7,17,218,235
https://kawalpemilu.org#6642,"BIREM PUNTONG, LANGSA BARO, KOTA LANGSA, ACEH",8,23,216,239
https://kawalpemilu.org#6642,"BIREM PUNTONG, LANGSA BARO, KOTA LANGSA, ACEH",9,30,208,238
https://kawalpemilu.org#6643,"PONDOK KELAPA, LANGSA BARO, KOTA LANGSA, ACEH",1,20,236,256
https://kawalpemilu.org#6643,"PONDOK KELAPA, LANGSA BARO, KOTA LANGSA, ACEH",2,7,175,182
https://kawalpemilu.org#6643,"PONDOK KELAPA, LANGSA BARO, KOTA LANGSA, ACEH",3,15,146,161
https://kawalpemilu.org#6643,"PONDOK KELAPA, LANGSA BARO, KOTA LANGSA, ACEH",4,20,209,229
https://kawalpemilu.org#6643,"PONDOK KELAPA, LANGSA BARO, KOTA LANGSA, ACEH",5,17,171,188
https://kawalpemilu.org#6643,"PONDOK KELAPA, LANGSA BARO, KOTA LANGSA, ACEH",6,13,188,201
https://kawalpemilu.org#6644,"KARANG ANYAR, LANGSA BARO, KOTA LANGSA, ACEH",1,27,208,235
https://kawalpemilu.org#6644,"KARANG ANYAR, LANGSA BARO, KOTA LANGSA, ACEH",2,36,203,239
https://kawalpemilu.org#6644,"KARANG ANYAR, LANGSA BARO, KOTA LANGSA, ACEH",3,12,206,218
https://kawalpemilu.org#6644,"KARANG ANYAR, LANGSA BARO, KOTA LANGSA, ACEH",4,26,217,243
https://kawalpemilu.org#6644,"KARANG ANYAR, LANGSA BARO, KOTA LANGSA, ACEH",5,28,202,230
https://kawalpemilu.org#6644,"KARANG ANYAR, LANGSA BARO, KOTA LANGSA, ACEH",6,26,190,216
https://kawalpemilu.org#6644,"KARANG ANYAR, LANGSA BARO, KOTA LANGSA, ACEH",7,41,196,237
https://kawalpemilu.org#6644,"KARANG ANYAR, LANGSA BARO, KOTA LANGSA, ACEH",8,36,215,251
https://kawalpemilu.org#6644,"KARANG ANYAR, LANGSA BARO, KOTA LANGSA, ACEH",9,29,224,253
https://kawalpemilu.org#6644,"KARANG ANYAR, LANGSA BARO, KOTA LANGSA, ACEH",10,22,212,234
https://kawalpemilu.org#6644,"KARANG ANYAR, LANGSA BARO, KOTA LANGSA, ACEH",11,43,153,196
https://kawalpemilu.org#6645,"PAYA BUJOK TUNONG, LANGSA BARO, KOTA LANGSA, ACEH",1,27,179,206
https://kawalpemilu.org#6645,"PAYA BUJOK TUNONG, LANGSA BARO, KOTA LANGSA, ACEH",2,18,181,199
https://kawalpemilu.org#6645,"PAYA BUJOK TUNONG, LANGSA BARO, KOTA LANGSA, ACEH",3,30,254,284
https://kawalpemilu.org#6645,"PAYA BUJOK TUNONG, LANGSA BARO, KOTA LANGSA, ACEH",4,33,208,241
https://kawalpemilu.org#6645,"PAYA BUJOK TUNONG, LANGSA BARO, KOTA LANGSA, ACEH",5,22,263,285
https://kawalpemilu.org#6645,"PAYA BUJOK TUNONG, LANGSA BARO, KOTA LANGSA, ACEH",6,23,213,236
https://kawalpemilu.org#6645,"PAYA BUJOK TUNONG, LANGSA BARO, KOTA LANGSA, ACEH",7,39,208,247
https://kawalpemilu.org#6645,"PAYA BUJOK TUNONG, LANGSA BARO, KOTA LANGSA, ACEH",8,21,234,258
https://kawalpemilu.org#6645,"PAYA BUJOK TUNONG, LANGSA BARO, KOTA LANGSA, ACEH",9,27,256,283
https://kawalpemilu.org#6645,"PAYA BUJOK TUNONG, LANGSA BARO, KOTA LANGSA, ACEH",10,34,227,261
https://kawalpemilu.org#6645,"PAYA BUJOK TUNONG, LANGSA BARO, KOTA LANGSA, ACEH",11,16,246,262
https://kawalpemilu.org#6645,"PAYA BUJOK TUNONG, LANGSA BARO, KOTA LANGSA, ACEH",12,32,223,255
https://kawalpemilu.org#6645,"PAYA BUJOK TUNONG, LANGSA BARO, KOTA LANGSA, ACEH",13,30,232,262
https://kawalpemilu.org#6645,"PAYA BUJOK TUNONG, LANGSA BARO, KOTA LANGSA, ACEH",14,28,220,248
https://kawalpemilu.org#6645,"PAYA BUJOK TUNONG, LANGSA BARO, KOTA LANGSA, ACEH",15,23,223,246
https://kawalpemilu.org#6645,"PAYA BUJOK TUNONG, LANGSA BARO, KOTA LANGSA, ACEH",16,27,222,249
https://kawalpemilu.org#6646,"GEUDUBANG JAWA, LANGSA BARO, KOTA LANGSA, ACEH",1,16,213,229
https://kawalpemilu.org#6646,"GEUDUBANG JAWA, LANGSA BARO, KOTA LANGSA, ACEH",2,18,192,210
https://kawalpemilu.org#6646,"GEUDUBANG JAWA, LANGSA BARO, KOTA LANGSA, ACEH",3,21,210,231
https://kawalpemilu.org#6646,"GEUDUBANG JAWA, LANGSA BARO, KOTA LANGSA, ACEH",4,19,243,262
https://kawalpemilu.org#6646,"GEUDUBANG JAWA, LANGSA BARO, KOTA LANGSA, ACEH",5,20,232,252
https://kawalpemilu.org#6646,"GEUDUBANG JAWA, LANGSA BARO, KOTA LANGSA, ACEH",6,33,227,260
https://kawalpemilu.org#6646,"GEUDUBANG JAWA, LANGSA BARO, KOTA LANGSA, ACEH",7,30,189,219
https://kawalpemilu.org#6646,"GEUDUBANG JAWA, LANGSA BARO, KOTA LANGSA, ACEH",8,27,227,254
https://kawalpemilu.org#6646,"GEUDUBANG JAWA, LANGSA BARO, KOTA LANGSA, ACEH",9,26,202,228
https://kawalpemilu.org#6646,"GEUDUBANG JAWA, LANGSA BARO, KOTA LANGSA, ACEH",10,13,134,147
https://kawalpemilu.org#6647,"GEUDUBANG ACEH, LANGSA BARO, KOTA LANGSA, ACEH",1,8,192,200
https://kawalpemilu.org#6647,"GEUDUBANG ACEH, LANGSA BARO, KOTA LANGSA, ACEH",2,25,182,207
https://kawalpemilu.org#6647,"GEUDUBANG ACEH, LANGSA BARO, KOTA LANGSA, ACEH",3,13,189,202
https://kawalpemilu.org#6647,"GEUDUBANG ACEH, LANGSA BARO, KOTA LANGSA, ACEH",4,8,191,199
https://kawalpemilu.org#6647,"GEUDUBANG ACEH, LANGSA BARO, KOTA LANGSA, ACEH",5,11,187,198
https://kawalpemilu.org#6647,"GEUDUBANG ACEH, LANGSA BARO, KOTA LANGSA, ACEH",6,24,180,204
https://kawalpemilu.org#6647,"GEUDUBANG ACEH, LANGSA BARO, KOTA LANGSA, ACEH",7,21,183,204
https://kawalpemilu.org#6647,"GEUDUBANG ACEH, LANGSA BARO, KOTA LANGSA, ACEH",8,34,163,197
https://kawalpemilu.org#6647,"GEUDUBANG ACEH, LANGSA BARO, KOTA LANGSA, ACEH",9,28,196,224
https://kawalpemilu.org#88087,"ALUE DUA BAKARAN BATE, LANGSA BARO, KOTA LANGSA, ACEH",1,41,182,223
https://kawalpemilu.org#88087,"ALUE DUA BAKARAN BATE, LANGSA BARO, KOTA LANGSA, ACEH",2,32,176,208
https://kawalpemilu.org#88087,"ALUE DUA BAKARAN BATE, LANGSA BARO, KOTA LANGSA, ACEH",3,34,159,193
https://kawalpemilu.org#88087,"ALUE DUA BAKARAN BATE, LANGSA BARO, KOTA LANGSA, ACEH",4,45,160,205
https://kawalpemilu.org#88087,"ALUE DUA BAKARAN BATE, LANGSA BARO, KOTA LANGSA, ACEH",5,63,160,223
https://kawalpemilu.org#88087,"ALUE DUA BAKARAN BATE, LANGSA BARO, KOTA LANGSA, ACEH",6,46,166,212
https://kawalpemilu.org#88087,"ALUE DUA BAKARAN BATE, LANGSA BARO, KOTA LANGSA, ACEH",7,41,166,207
https://kawalpemilu.org#88087,"ALUE DUA BAKARAN BATE, LANGSA BARO, KOTA LANGSA, ACEH",8,33,161,194
https://kawalpemilu.org#88088,"LENGKONG, LANGSA BARO, KOTA LANGSA, ACEH",1,26,212,238
https://kawalpemilu.org#88088,"LENGKONG, LANGSA BARO, KOTA LANGSA, ACEH",2,36,202,238
https://kawalpemilu.org#88088,"LENGKONG, LANGSA BARO, KOTA LANGSA, ACEH",3,31,209,240
https://kawalpemilu.org#88088,"LENGKONG, LANGSA BARO, KOTA LANGSA, ACEH",4,13,221,234
https://kawalpemilu.org#88088,"LENGKONG, LANGSA BARO, KOTA LANGSA, ACEH",5,13,250,263
https://kawalpemilu.org#88088,"LENGKONG, LANGSA BARO, KOTA LANGSA, ACEH",6,31,215,246
https://kawalpemilu.org#88088,"LENGKONG, LANGSA BARO, KOTA LANGSA, ACEH",7,12,182,194
https://kawalpemilu.org#88089,"SUKA JADI MAKMUR, LANGSA BARO, KOTA LANGSA, ACEH",1,28,152,180
https://kawalpemilu.org#88089,"SUKA JADI MAKMUR, LANGSA BARO, KOTA LANGSA, ACEH",2,32,148,180
https://kawalpemilu.org#6650,"SUBULUSSALAM, SIMPANG KIRI, KOTA SUBULUSSALAM, ACEH",1,35,214,249
https://kawalpemilu.org#6650,"SUBULUSSALAM, SIMPANG KIRI, KOTA SUBULUSSALAM, ACEH",2,60,205,265
https://kawalpemilu.org#6650,"SUBULUSSALAM, SIMPANG KIRI, KOTA SUBULUSSALAM, ACEH",3,27,141,168
https://kawalpemilu.org#6650,"SUBULUSSALAM, SIMPANG KIRI, KOTA SUBULUSSALAM, ACEH",4,22,146,168
https://kawalpemilu.org#6650,"SUBULUSSALAM, SIMPANG KIRI, KOTA SUBULUSSALAM, ACEH",5,33,173,206
https://kawalpemilu.org#6650,"SUBULUSSALAM, SIMPANG KIRI, KOTA SUBULUSSALAM, ACEH",6,42,176,218
https://kawalpemilu.org#6650,"SUBULUSSALAM, SIMPANG KIRI, KOTA SUBULUSSALAM, ACEH",7,20,180,200
https://kawalpemilu.org#6650,"SUBULUSSALAM, SIMPANG KIRI, KOTA SUBULUSSALAM, ACEH",8,22,181,203
https://kawalpemilu.org#6650,"SUBULUSSALAM, SIMPANG KIRI, KOTA SUBULUSSALAM, ACEH",9,9,154,163
https://kawalpemilu.org#6650,"SUBULUSSALAM, SIMPANG KIRI, KOTA SUBULUSSALAM, ACEH",10,31,217,248
https://kawalpemilu.org#6650,"SUBULUSSALAM, SIMPANG KIRI, KOTA SUBULUSSALAM, ACEH",11,23,179,202
https://kawalpemilu.org#6650,"SUBULUSSALAM, SIMPANG KIRI, KOTA SUBULUSSALAM, ACEH",12,18,183,201
https://kawalpemilu.org#6650,"SUBULUSSALAM, SIMPANG KIRI, KOTA SUBULUSSALAM, ACEH",13,4,86,90
https://kawalpemilu.org#6650,"SUBULUSSALAM, SIMPANG KIRI, KOTA SUBULUSSALAM, ACEH",14,39,203,242
https://kawalpemilu.org#6650,"SUBULUSSALAM, SIMPANG KIRI, KOTA SUBULUSSALAM, ACEH",15,22,118,140
https://kawalpemilu.org#6651,"PEGAYO, SIMPANG KIRI, KOTA SUBULUSSALAM, ACEH",1,34,226,260
https://kawalpemilu.org#6651,"PEGAYO, SIMPANG KIRI, KOTA SUBULUSSALAM, ACEH",2,30,213,243
https://kawalpemilu.org#6651,"PEGAYO, SIMPANG KIRI, KOTA SUBULUSSALAM, ACEH",3,34,164,198
https://kawalpemilu.org#6651,"PEGAYO, SIMPANG KIRI, KOTA SUBULUSSALAM, ACEH",4,36,153,189
https://kawalpemilu.org#6652,"SIKELONDANG, SIMPANG KIRI, KOTA SUBULUSSALAM, ACEH",1,40,166,206
https://kawalpemilu.org#6652,"SIKELONDANG, SIMPANG KIRI, KOTA SUBULUSSALAM, ACEH",2,28,165,193
https://kawalpemilu.org#6653,"BULUH DORI, SIMPANG KIRI, KOTA SUBULUSSALAM, ACEH",1,38,174,212
https://kawalpemilu.org#6653,"BULUH DORI, SIMPANG KIRI, KOTA SUBULUSSALAM, ACEH",2,50,189,239
https://kawalpemilu.org#6653,"BULUH DORI, SIMPANG KIRI, KOTA SUBULUSSALAM, ACEH",3,43,173,216
https://kawalpemilu.org#6653,"BULUH DORI, SIMPANG KIRI, KOTA SUBULUSSALAM, ACEH",4,32,171,203
https://kawalpemilu.org#6654,"SUBULUSSALAM UTARA, SIMPANG KIRI, KOTA SUBULUSSALAM, ACEH",1,32,176,208
https://kawalpemilu.org#6654,"SUBULUSSALAM UTARA, SIMPANG KIRI, KOTA SUBULUSSALAM, ACEH",2,13,141,154
https://kawalpemilu.org#6654,"SUBULUSSALAM UTARA, SIMPANG KIRI, KOTA SUBULUSSALAM, ACEH",3,26,197,223
https://kawalpemilu.org#6654,"SUBULUSSALAM UTARA, SIMPANG KIRI, KOTA SUBULUSSALAM, ACEH",4,31,200,231
https://kawalpemilu.org#6654,"SUBULUSSALAM UTARA, SIMPANG KIRI, KOTA SUBULUSSALAM, ACEH",6,32,172,204
https://kawalpemilu.org#6654,"SUBULUSSALAM UTARA, SIMPANG KIRI, KOTA SUBULUSSALAM, ACEH",7,44,175,219
https://kawalpemilu.org#6654,"SUBULUSSALAM UTARA, SIMPANG KIRI, KOTA SUBULUSSALAM, ACEH",8,31,176,207
https://kawalpemilu.org#6654,"SUBULUSSALAM UTARA, SIMPANG KIRI, KOTA SUBULUSSALAM, ACEH",9,30,205,235
https://kawalpemilu.org#6654,"SUBULUSSALAM UTARA, SIMPANG KIRI, KOTA SUBULUSSALAM, ACEH",10,32,139,171
https://kawalpemilu.org#6654,"SUBULUSSALAM UTARA, SIMPANG KIRI, KOTA SUBULUSSALAM, ACEH",11,15,145,160
https://kawalpemilu.org#6654,"SUBULUSSALAM UTARA, SIMPANG KIRI, KOTA SUBULUSSALAM, ACEH",12,14,211,225
https://kawalpemilu.org#6654,"SUBULUSSALAM UTARA, SIMPANG KIRI, KOTA SUBULUSSALAM, ACEH",13,23,142,152
https://kawalpemilu.org#6654,"SUBULUSSALAM UTARA, SIMPANG KIRI, KOTA SUBULUSSALAM, ACEH",15,19,130,149
https://kawalpemilu.org#6655,"SUBULUSSALAM SELATAN, SIMPANG KIRI, KOTA SUBULUSSALAM, ACEH",1,18,158,176
https://kawalpemilu.org#6655,"SUBULUSSALAM SELATAN, SIMPANG KIRI, KOTA SUBULUSSALAM, ACEH",2,29,192,221
https://kawalpemilu.org#6655,"SUBULUSSALAM SELATAN, SIMPANG KIRI, KOTA SUBULUSSALAM, ACEH",3,35,197,232
https://kawalpemilu.org#6655,"SUBULUSSALAM SELATAN, SIMPANG KIRI, KOTA SUBULUSSALAM, ACEH",4,31,178,209
https://kawalpemilu.org#6655,"SUBULUSSALAM SELATAN, SIMPANG KIRI, KOTA SUBULUSSALAM, ACEH",5,11,118,129
https://kawalpemilu.org#6655,"SUBULUSSALAM SELATAN, SIMPANG KIRI, KOTA SUBULUSSALAM, ACEH",6,30,141,171
https://kawalpemilu.org#6655,"SUBULUSSALAM SELATAN, SIMPANG KIRI, KOTA SUBULUSSALAM, ACEH",7,33,191,224
https://kawalpemilu.org#6655,"SUBULUSSALAM SELATAN, SIMPANG KIRI, KOTA SUBULUSSALAM, ACEH",8,15,125,140
https://kawalpemilu.org#6656,"SUBULUSSALAM BARAT, SIMPANG KIRI, KOTA SUBULUSSALAM, ACEH",1,39,162,201
https://kawalpemilu.org#6656,"SUBULUSSALAM BARAT, SIMPANG KIRI, KOTA SUBULUSSALAM, ACEH",3,18,202,220
https://kawalpemilu.org#6656,"SUBULUSSALAM BARAT, SIMPANG KIRI, KOTA SUBULUSSALAM, ACEH",4,29,196,225
https://kawalpemilu.org#6656,"SUBULUSSALAM BARAT, SIMPANG KIRI, KOTA SUBULUSSALAM, ACEH",5,26,184,210
https://kawalpemilu.org#6656,"SUBULUSSALAM BARAT, SIMPANG KIRI, KOTA SUBULUSSALAM, ACEH",6,16,146,162
https://kawalpemilu.org#6656,"SUBULUSSALAM BARAT, SIMPANG KIRI, KOTA SUBULUSSALAM, ACEH",7,14,150,164
https://kawalpemilu.org#6657,"SUKA MAKMUR, SIMPANG KIRI, KOTA SUBULUSSALAM, ACEH",1,35,227,262
https://kawalpemilu.org#6657,"SUKA MAKMUR, SIMPANG KIRI, KOTA SUBULUSSALAM, ACEH",2,75,198,273
https://kawalpemilu.org#6657,"SUKA MAKMUR, SIMPANG KIRI, KOTA SUBULUSSALAM, ACEH",3,70,173,243
https://kawalpemilu.org#6657,"SUKA MAKMUR, SIMPANG KIRI, KOTA SUBULUSSALAM, ACEH",4,47,160,207
https://kawalpemilu.org#6658,"TANGGA BESI, SIMPANG KIRI, KOTA SUBULUSSALAM, ACEH",1,30,170,200
https://kawalpemilu.org#6658,"TANGGA BESI, SIMPANG KIRI, KOTA SUBULUSSALAM, ACEH",2,27,191,218
https://kawalpemilu.org#6658,"TANGGA BESI, SIMPANG KIRI, KOTA SUBULUSSALAM, ACEH",3,16,189,205
https://kawalpemilu.org#6658,"TANGGA BESI, SIMPANG KIRI, KOTA SUBULUSSALAM, ACEH",4,26,172,198
https://kawalpemilu.org#6659,"KUTA CEPU, SIMPANG KIRI, KOTA SUBULUSSALAM, ACEH",1,36,209,245
https://kawalpemilu.org#6659,"KUTA CEPU, SIMPANG KIRI, KOTA SUBULUSSALAM, ACEH",2,28,228,256
https://kawalpemilu.org#6660,"PASIR PANJANG, SIMPANG KIRI, KOTA SUBULUSSALAM, ACEH",1,64,186,250
https://kawalpemilu.org#6660,"PASIR PANJANG, SIMPANG KIRI, KOTA SUBULUSSALAM, ACEH",2,47,194,241
https://kawalpemilu.org#6661,"MUKTI MAKMUR, SIMPANG KIRI, KOTA SUBULUSSALAM, ACEH",1,62,166,228
https://kawalpemilu.org#6661,"MUKTI MAKMUR, SIMPANG KIRI, KOTA SUBULUSSALAM, ACEH",2,51,136,187
https://kawalpemilu.org#6661,"MUKTI MAKMUR, SIMPANG KIRI, KOTA SUBULUSSALAM, ACEH",3,28,174,202
https://kawalpemilu.org#6661,"MUKTI MAKMUR, SIMPANG KIRI, KOTA SUBULUSSALAM, ACEH",4,62,174,236
https://kawalpemilu.org#6662,"LAE ORAM, SIMPANG KIRI, KOTA SUBULUSSALAM, ACEH",1,48,181,229
https://kawalpemilu.org#6662,"LAE ORAM, SIMPANG KIRI, KOTA SUBULUSSALAM, ACEH",2,45,155,200
https://kawalpemilu.org#6662,"LAE ORAM, SIMPANG KIRI, KOTA SUBULUSSALAM, ACEH",3,40,166,206
https://kawalpemilu.org#6662,"LAE ORAM, SIMPANG KIRI, KOTA SUBULUSSALAM, ACEH",4,35,171,206
https://kawalpemilu.org#6663,"MAKMUR JAYA, SIMPANG KIRI, KOTA SUBULUSSALAM, ACEH",1,55,163,218
https://kawalpemilu.org#6663,"MAKMUR JAYA, SIMPANG KIRI, KOTA SUBULUSSALAM, ACEH",2,65,168,233
https://kawalpemilu.org#6663,"MAKMUR JAYA, SIMPANG KIRI, KOTA SUBULUSSALAM, ACEH",3,58,144,202
https://kawalpemilu.org#6663,"MAKMUR JAYA, SIMPANG KIRI, KOTA SUBULUSSALAM, ACEH",4,65,144,209
https://kawalpemilu.org#6663,"MAKMUR JAYA, SIMPANG KIRI, KOTA SUBULUSSALAM, ACEH",5,38,189,227
https://kawalpemilu.org#929320,"BELEGEN MULIA, SIMPANG KIRI, KOTA SUBULUSSALAM, ACEH",1,28,226,254
https://kawalpemilu.org#929320,"BELEGEN MULIA, SIMPANG KIRI, KOTA SUBULUSSALAM, ACEH",2,46,177,223
https://kawalpemilu.org#929320,"BELEGEN MULIA, SIMPANG KIRI, KOTA SUBULUSSALAM, ACEH",3,53,199,252
https://kawalpemilu.org#929320,"BELEGEN MULIA, SIMPANG KIRI, KOTA SUBULUSSALAM, ACEH",4,35,192,227
https://kawalpemilu.org#929321,"DANAU TRAS, SIMPANG KIRI, KOTA SUBULUSSALAM, ACEH",1,93,161,254
https://kawalpemilu.org#929321,"DANAU TRAS, SIMPANG KIRI, KOTA SUBULUSSALAM, ACEH",2,93,161,254
https://kawalpemilu.org#929322,"SUBULUSSALAM TIMUR, SIMPANG KIRI, KOTA SUBULUSSALAM, ACEH",1,37,192,229
https://kawalpemilu.org#929322,"SUBULUSSALAM TIMUR, SIMPANG KIRI, KOTA SUBULUSSALAM, ACEH",2,16,197,213
https://kawalpemilu.org#929322,"SUBULUSSALAM TIMUR, SIMPANG KIRI, KOTA SUBULUSSALAM, ACEH",3,43,221,264
https://kawalpemilu.org#929322,"SUBULUSSALAM TIMUR, SIMPANG KIRI, KOTA SUBULUSSALAM, ACEH",4,31,160,191
https://kawalpemilu.org#6665,"PENANGGALAN, PENANGGALAN, KOTA SUBULUSSALAM, ACEH",1,30,143,173
https://kawalpemilu.org#6665,"PENANGGALAN, PENANGGALAN, KOTA SUBULUSSALAM, ACEH",2,20,166,186
https://kawalpemilu.org#6665,"PENANGGALAN, PENANGGALAN, KOTA SUBULUSSALAM, ACEH",3,84,140,224
https://kawalpemilu.org#6665,"PENANGGALAN, PENANGGALAN, KOTA SUBULUSSALAM, ACEH",4,32,165,197
https://kawalpemilu.org#6665,"PENANGGALAN, PENANGGALAN, KOTA SUBULUSSALAM, ACEH",5,17,168,185
https://kawalpemilu.org#6665,"PENANGGALAN, PENANGGALAN, KOTA SUBULUSSALAM, ACEH",6,215,11,226
https://kawalpemilu.org#6666,"CEPU, PENANGGALAN, KOTA SUBULUSSALAM, ACEH",1,33,199,232
https://kawalpemilu.org#6666,"CEPU, PENANGGALAN, KOTA SUBULUSSALAM, ACEH",2,64,164,228
https://kawalpemilu.org#6667,"KUTA TENGAH, PENANGGALAN, KOTA SUBULUSSALAM, ACEH",1,51,112,163
https://kawalpemilu.org#6668,"KAMPUNG BARU, PENANGGALAN, KOTA SUBULUSSALAM, ACEH",1,62,189,251
https://kawalpemilu.org#6668,"KAMPUNG BARU, PENANGGALAN, KOTA SUBULUSSALAM, ACEH",2,17,218,235
https://kawalpemilu.org#6669,"SIKELANG, PENANGGALAN, KOTA SUBULUSSALAM, ACEH",1,47,178,225
https://kawalpemilu.org#6669,"SIKELANG, PENANGGALAN, KOTA SUBULUSSALAM, ACEH",2,35,206,241
https://kawalpemilu.org#6670,"PENUNTUNGAN, PENANGGALAN, KOTA SUBULUSSALAM, ACEH",1,113,87,200
https://kawalpemilu.org#6670,"PENUNTUNGAN, PENANGGALAN, KOTA SUBULUSSALAM, ACEH",2,80,132,212
https://kawalpemilu.org#6670,"PENUNTUNGAN, PENANGGALAN, KOTA SUBULUSSALAM, ACEH",3,54,114,168
https://kawalpemilu.org#6670,"PENUNTUNGAN, PENANGGALAN, KOTA SUBULUSSALAM, ACEH",4,41,116,157
https://kawalpemilu.org#6671,"JONTOR, PENANGGALAN, KOTA SUBULUSSALAM, ACEH",1,91,87,178
https://kawalpemilu.org#6671,"JONTOR, PENANGGALAN, KOTA SUBULUSSALAM, ACEH",2,50,122,172
https://kawalpemilu.org#6671,"JONTOR, PENANGGALAN, KOTA SUBULUSSALAM, ACEH",3,102,52,154
https://kawalpemilu.org#6672,"LAE MOTONG, PENANGGALAN, KOTA SUBULUSSALAM, ACEH",1,113,160,273
https://kawalpemilu.org#6672,"LAE MOTONG, PENANGGALAN, KOTA SUBULUSSALAM, ACEH",2,76,190,266
https://kawalpemilu.org#6672,"LAE MOTONG, PENANGGALAN, KOTA SUBULUSSALAM, ACEH",3,81,95,176
https://kawalpemilu.org#6673,"LAE IKAN, PENANGGALAN, KOTA SUBULUSSALAM, ACEH",1,54,143,197
https://kawalpemilu.org#6674,"LAE BERSIH, PENANGGALAN, KOTA SUBULUSSALAM, ACEH",1,55,195,250
https://kawalpemilu.org#6674,"LAE BERSIH, PENANGGALAN, KOTA SUBULUSSALAM, ACEH",2,49,167,216
https://kawalpemilu.org#6674,"LAE BERSIH, PENANGGALAN, KOTA SUBULUSSALAM, ACEH",3,39,175,214
https://kawalpemilu.org#6674,"LAE BERSIH, PENANGGALAN, KOTA SUBULUSSALAM, ACEH",4,39,158,197
https://kawalpemilu.org#929323,"DASAN RAJA, PENANGGALAN, KOTA SUBULUSSALAM, ACEH",1,35,161,196
https://kawalpemilu.org#929323,"DASAN RAJA, PENANGGALAN, KOTA SUBULUSSALAM, ACEH",2,40,184,224
https://kawalpemilu.org#929323,"DASAN RAJA, PENANGGALAN, KOTA SUBULUSSALAM, ACEH",3,118,79,197
https://kawalpemilu.org#929324,"PENANGGALAN TIMUR, PENANGGALAN, KOTA SUBULUSSALAM, ACEH",1,48,232,280
https://kawalpemilu.org#929324,"PENANGGALAN TIMUR, PENANGGALAN, KOTA SUBULUSSALAM, ACEH",2,32,233,255
https://kawalpemilu.org#929324,"PENANGGALAN TIMUR, PENANGGALAN, KOTA SUBULUSSALAM, ACEH",3,42,233,275
https://kawalpemilu.org#929325,"PENANGGALAN BARAT, PENANGGALAN, KOTA SUBULUSSALAM, ACEH",1,30,173,203
https://kawalpemilu.org#929325,"PENANGGALAN BARAT, PENANGGALAN, KOTA SUBULUSSALAM, ACEH",2,50,144,194
https://kawalpemilu.org#929325,"PENANGGALAN BARAT, PENANGGALAN, KOTA SUBULUSSALAM, ACEH",3,37,174,211
https://kawalpemilu.org#929325,"PENANGGALAN BARAT, PENANGGALAN, KOTA SUBULUSSALAM, ACEH",4,50,167,217
https://kawalpemilu.org#929325,"PENANGGALAN BARAT, PENANGGALAN, KOTA SUBULUSSALAM, ACEH",5,60,146,206
https://kawalpemilu.org#929325,"PENANGGALAN BARAT, PENANGGALAN, KOTA SUBULUSSALAM, ACEH",6,18,167,185
https://kawalpemilu.org#6676,"PASAR RUNDENG, RUNDENG, KOTA SUBULUSSALAM, ACEH",1,22,238,260
https://kawalpemilu.org#6676,"PASAR RUNDENG, RUNDENG, KOTA SUBULUSSALAM, ACEH",2,19,180,199
https://kawalpemilu.org#6676,"PASAR RUNDENG, RUNDENG, KOTA SUBULUSSALAM, ACEH",3,16,184,200
https://kawalpemilu.org#6677,"DAH, RUNDENG, KOTA SUBULUSSALAM, ACEH",1,32,216,248
https://kawalpemilu.org#6677,"DAH, RUNDENG, KOTA SUBULUSSALAM, ACEH",2,15,146,161
https://kawalpemilu.org#6678,"OBOH, RUNDENG, KOTA SUBULUSSALAM, ACEH",1,4,195,199
https://kawalpemilu.org#6679,"SEPADAN, RUNDENG, KOTA SUBULUSSALAM, ACEH",1,30,178,208
https://kawalpemilu.org#6679,"SEPADAN, RUNDENG, KOTA SUBULUSSALAM, ACEH",2,35,184,219
https://kawalpemilu.org#6679,"SEPADAN, RUNDENG, KOTA SUBULUSSALAM, ACEH",3,88,163,251
https://kawalpemilu.org#6680,"SIBUASAN, RUNDENG, KOTA SUBULUSSALAM, ACEH",1,66,140,206
https://kawalpemilu.org#6681,"BINANGA, RUNDENG, KOTA SUBULUSSALAM, ACEH",1,20,169,189
https://kawalpemilu.org#6682,"KUTA BERINGIN, RUNDENG, KOTA SUBULUSSALAM, ACEH",1,5,60,65
https://kawalpemilu.org#6683,"MUARA BATU-BATU, RUNDENG, KOTA SUBULUSSALAM, ACEH",1,19,231,250
https://kawalpemilu.org#6683,"MUARA BATU-BATU, RUNDENG, KOTA SUBULUSSALAM, ACEH",2,11,210,221
https://kawalpemilu.org#6683,"MUARA BATU-BATU, RUNDENG, KOTA SUBULUSSALAM, ACEH",3,12,181,13
https://kawalpemilu.org#6684,"SIPERKAS, RUNDENG, KOTA SUBULUSSALAM, ACEH",1,22,165,187
https://kawalpemilu.org#6685,"LAE MATE, RUNDENG, KOTA SUBULUSSALAM, ACEH",1,14,237,251
https://kawalpemilu.org#6685,"LAE MATE, RUNDENG, KOTA SUBULUSSALAM, ACEH",2,17,236,253
https://kawalpemilu.org#6685,"LAE MATE, RUNDENG, KOTA SUBULUSSALAM, ACEH",3,19,238,257
https://kawalpemilu.org#6686,"SIBUNGKE, RUNDENG, KOTA SUBULUSSALAM, ACEH",1,8,142,150
https://kawalpemilu.org#6686,"SIBUNGKE, RUNDENG, KOTA SUBULUSSALAM, ACEH",2,10,122,132
https://kawalpemilu.org#6687,"HARAPAN BARU, RUNDENG, KOTA SUBULUSSALAM, ACEH",1,24,103,127
https://kawalpemilu.org#6687,"HARAPAN BARU, RUNDENG, KOTA SUBULUSSALAM, ACEH",2,38,106,144
https://kawalpemilu.org#6688,"TELADAN BARU, RUNDENG, KOTA SUBULUSSALAM, ACEH",1,13,179,192
https://kawalpemilu.org#6688,"TELADAN BARU, RUNDENG, KOTA SUBULUSSALAM, ACEH",2,16,172,188
https://kawalpemilu.org#6689,"BULUKUR MAKMUR, RUNDENG, KOTA SUBULUSSALAM, ACEH",1,33,208,241
https://kawalpemilu.org#6689,"BULUKUR MAKMUR, RUNDENG, KOTA SUBULUSSALAM, ACEH",2,18,212,230
https://kawalpemilu.org#6690,"KAMPONG BADAR, RUNDENG, KOTA SUBULUSSALAM, ACEH",1,16,178,194
https://kawalpemilu.org#6690,"KAMPONG BADAR, RUNDENG, KOTA SUBULUSSALAM, ACEH",2,22,156,178
https://kawalpemilu.org#6690,"KAMPONG BADAR, RUNDENG, KOTA SUBULUSSALAM, ACEH",3,36,147,183
https://kawalpemilu.org#6691,"LAE PEMUALAN, RUNDENG, KOTA SUBULUSSALAM, ACEH",1,58,162,220
https://kawalpemilu.org#6691,"LAE PEMUALAN, RUNDENG, KOTA SUBULUSSALAM, ACEH",2,27,140,167
https://kawalpemilu.org#6692,"PANGLIMA SAHMAN, RUNDENG, KOTA SUBULUSSALAM, ACEH",1,13,190,203
https://kawalpemilu.org#6693,"SUAK JAMPAK, RUNDENG, KOTA SUBULUSSALAM, ACEH",1,21,160,181
https://kawalpemilu.org#6694,"GERUGUH, RUNDENG, KOTA SUBULUSSALAM, ACEH",1,40,117,157
https://kawalpemilu.org#6695,"MANDILAM, RUNDENG, KOTA SUBULUSSALAM, ACEH",1,27,64,91
https://kawalpemilu.org#6696,"TUALANG, RUNDENG, KOTA SUBULUSSALAM, ACEH",1,30,130,160
https://kawalpemilu.org#6696,"TUALANG, RUNDENG, KOTA SUBULUSSALAM, ACEH",2,18,99,117
https://kawalpemilu.org#6697,"KUALA KEPENG, RUNDENG, KOTA SUBULUSSALAM, ACEH",1,70,171,241
https://kawalpemilu.org#6698,"TANAH TUMBUH, RUNDENG, KOTA SUBULUSSALAM, ACEH",1,50,141,191
https://kawalpemilu.org#6700,"PASIR BELO, SULTAN DAULAT, KOTA SUBULUSSALAM, ACEH",1,30,108,138
https://kawalpemilu.org#6701,"BAWAN, SULTAN DAULAT, KOTA SUBULUSSALAM, ACEH",1,25,113,138
https://kawalpemilu.org#6702,"SIGRUN, SULTAN DAULAT, KOTA SUBULUSSALAM, ACEH",1,24,184,208
https://kawalpemilu.org#6702,"SIGRUN, SULTAN DAULAT, KOTA SUBULUSSALAM, ACEH",2,20,165,185
https://kawalpemilu.org#6702,"SIGRUN, SULTAN DAULAT, KOTA SUBULUSSALAM, ACEH",3,31,170,201
https://kawalpemilu.org#6703,"JABI-JABI, SULTAN DAULAT, KOTA SUBULUSSALAM, ACEH",1,14,251,265
https://kawalpemilu.org#6703,"JABI-JABI, SULTAN DAULAT, KOTA SUBULUSSALAM, ACEH",2,15,243,258
https://kawalpemilu.org#6704,"LAE SIMOLAP, SULTAN DAULAT, KOTA SUBULUSSALAM, ACEH",1,91,74,165
https://kawalpemilu.org#6704,"LAE SIMOLAP, SULTAN DAULAT, KOTA SUBULUSSALAM, ACEH",2,56,96,152
https://kawalpemilu.org#6705,"LAE LANGGE, SULTAN DAULAT, KOTA SUBULUSSALAM, ACEH",1,48,127,175
https://kawalpemilu.org#6705,"LAE LANGGE, SULTAN DAULAT, KOTA SUBULUSSALAM, ACEH",2,42,153,195
https://kawalpemilu.org#6705,"LAE LANGGE, SULTAN DAULAT, KOTA SUBULUSSALAM, ACEH",3,54,103,157
https://kawalpemilu.org#6706,"SUKA MAJU, SULTAN DAULAT, KOTA SUBULUSSALAM, ACEH",1,36,186,222
https://kawalpemilu.org#6706,"SUKA MAJU, SULTAN DAULAT, KOTA SUBULUSSALAM, ACEH",2,37,198,235
https://kawalpemilu.org#6706,"SUKA MAJU, SULTAN DAULAT, KOTA SUBULUSSALAM, ACEH",3,24,199,223
https://kawalpemilu.org#6706,"SUKA MAJU, SULTAN DAULAT, KOTA SUBULUSSALAM, ACEH",4,28,199,227
https://kawalpemilu.org#6706,"SUKA MAJU, SULTAN DAULAT, KOTA SUBULUSSALAM, ACEH",5,34,180,214
https://kawalpemilu.org#6707,"GUNUNG BAKTI, SULTAN DAULAT, KOTA SUBULUSSALAM, ACEH",1,37,163,200
https://kawalpemilu.org#6707,"GUNUNG BAKTI, SULTAN DAULAT, KOTA SUBULUSSALAM, ACEH",2,3,211,214
https://kawalpemilu.org#6707,"GUNUNG BAKTI, SULTAN DAULAT, KOTA SUBULUSSALAM, ACEH",3,53,183,236
https://kawalpemilu.org#6707,"GUNUNG BAKTI, SULTAN DAULAT, KOTA SUBULUSSALAM, ACEH",4,44,191,235
https://kawalpemilu.org#6707,"GUNUNG BAKTI, SULTAN DAULAT, KOTA SUBULUSSALAM, ACEH",5,29,171,200
https://kawalpemilu.org#6708,"JAMBI BARU, SULTAN DAULAT, KOTA SUBULUSSALAM, ACEH",1,29,199,228
https://kawalpemilu.org#6708,"JAMBI BARU, SULTAN DAULAT, KOTA SUBULUSSALAM, ACEH",2,36,198,234
https://kawalpemilu.org#6708,"JAMBI BARU, SULTAN DAULAT, KOTA SUBULUSSALAM, ACEH",3,28,188,216
https://kawalpemilu.org#6708,"JAMBI BARU, SULTAN DAULAT, KOTA SUBULUSSALAM, ACEH",4,32,181,213
https://kawalpemilu.org#6709,"PULO KEDEP, SULTAN DAULAT, KOTA SUBULUSSALAM, ACEH",1,26,194,220
https://kawalpemilu.org#6709,"PULO KEDEP, SULTAN DAULAT, KOTA SUBULUSSALAM, ACEH",2,24,185,209
https://kawalpemilu.org#6709,"PULO KEDEP, SULTAN DAULAT, KOTA SUBULUSSALAM, ACEH",3,52,188,240
https://kawalpemilu.org#6709,"PULO KEDEP, SULTAN DAULAT, KOTA SUBULUSSALAM, ACEH",4,33,180,213
https://kawalpemilu.org#6710,"PULO BELEN, SULTAN DAULAT, KOTA SUBULUSSALAM, ACEH",1,32,199,231
https://kawalpemilu.org#6711,"SINGGERSING, SULTAN DAULAT, KOTA SUBULUSSALAM, ACEH",1,35,181,216
https://kawalpemilu.org#6711,"SINGGERSING, SULTAN DAULAT, KOTA SUBULUSSALAM, ACEH",2,39,145,184
https://kawalpemilu.org#6712,"NAMO BUAYA, SULTAN DAULAT, KOTA SUBULUSSALAM, ACEH",1,30,191,221
https://kawalpemilu.org#6712,"NAMO BUAYA, SULTAN DAULAT, KOTA SUBULUSSALAM, ACEH",2,47,147,194
https://kawalpemilu.org#6713,"CIPAR PARI, SULTAN DAULAT, KOTA SUBULUSSALAM, ACEH",1,119,55,174
https://kawalpemilu.org#6713,"CIPAR PARI, SULTAN DAULAT, KOTA SUBULUSSALAM, ACEH",2,37,83,120
https://kawalpemilu.org#6714,"DARUL MAKMUR, SULTAN DAULAT, KOTA SUBULUSSALAM, ACEH",1,76,121,197
https://kawalpemilu.org#6715,"BUNGA TANJUNG, SULTAN DAULAT, KOTA SUBULUSSALAM, ACEH",1,24,129,153
https://kawalpemilu.org#6715,"BUNGA TANJUNG, SULTAN DAULAT, KOTA SUBULUSSALAM, ACEH",2,21,126,147
https://kawalpemilu.org#6716,"CIPAR PARI TIMUR, SULTAN DAULAT, KOTA SUBULUSSALAM, ACEH",1,39,164,203
https://kawalpemilu.org#6716,"CIPAR PARI TIMUR, SULTAN DAULAT, KOTA SUBULUSSALAM, ACEH",2,52,139,191
https://kawalpemilu.org#6716,"CIPAR PARI TIMUR, SULTAN DAULAT, KOTA SUBULUSSALAM, ACEH",3,49,151,200
https://kawalpemilu.org#929326,"JABI-JABI BARAT, SULTAN DAULAT, KOTA SUBULUSSALAM, ACEH",1,55,121,176
https://kawalpemilu.org#929326,"JABI-JABI BARAT, SULTAN DAULAT, KOTA SUBULUSSALAM, ACEH",2,47,116,163
https://kawalpemilu.org#929327,"BATU NAPAL, SULTAN DAULAT, KOTA SUBULUSSALAM, ACEH",1,67,125,192
https://kawalpemilu.org#929327,"BATU NAPAL, SULTAN DAULAT, KOTA SUBULUSSALAM, ACEH",2,55,107,162
https://kawalpemilu.org#6718,"LONGKIB, LONGKIB, KOTA SUBULUSSALAM, ACEH",1,73,133,206
https://kawalpemilu.org#6719,"SEPANG, LONGKIB, KOTA SUBULUSSALAM, ACEH",1,5,127,132
https://kawalpemilu.org#6719,"SEPANG, LONGKIB, KOTA SUBULUSSALAM, ACEH",2,1,154,155
https://kawalpemilu.org#6720,"PANJI, LONGKIB, KOTA SUBULUSSALAM, ACEH",1,28,184,212
https://kawalpemilu.org#6720,"PANJI, LONGKIB, KOTA SUBULUSSALAM, ACEH",2,33,107,140
https://kawalpemilu.org#6721,"LAE SAGA, LONGKIB, KOTA SUBULUSSALAM, ACEH",1,70,118,188
https://kawalpemilu.org#6721,"LAE SAGA, LONGKIB, KOTA SUBULUSSALAM, ACEH",2,51,118,169
https://kawalpemilu.org#6721,"LAE SAGA, LONGKIB, KOTA SUBULUSSALAM, ACEH",3,68,115,183
https://kawalpemilu.org#6722,"SIKERABANG, LONGKIB, KOTA SUBULUSSALAM, ACEH",1,59,146,205
https://kawalpemilu.org#6722,"SIKERABANG, LONGKIB, KOTA SUBULUSSALAM, ACEH",2,44,170,214
https://kawalpemilu.org#6722,"SIKERABANG, LONGKIB, KOTA SUBULUSSALAM, ACEH",3,34,175,209
https://kawalpemilu.org#6723,"RANTAU PANJANG, LONGKIB, KOTA SUBULUSSALAM, ACEH",1,49,171,220
https://kawalpemilu.org#6723,"RANTAU PANJANG, LONGKIB, KOTA SUBULUSSALAM, ACEH",2,84,158,242
https://kawalpemilu.org#6724,"BUKIT ALIM, LONGKIB, KOTA SUBULUSSALAM, ACEH",1,86,80,166
https://kawalpemilu.org#6724,"BUKIT ALIM, LONGKIB, KOTA SUBULUSSALAM, ACEH",2,73,81,154
https://kawalpemilu.org#6725,"DARUL AMAN, LONGKIB, KOTA SUBULUSSALAM, ACEH",1,39,143,182
https://kawalpemilu.org#6725,"DARUL AMAN, LONGKIB, KOTA SUBULUSSALAM, ACEH",2,34,147,181
https://kawalpemilu.org#6725,"DARUL AMAN, LONGKIB, KOTA SUBULUSSALAM, ACEH",3,29,143,172
https://kawalpemilu.org#6726,"BANGUN SARI, LONGKIB, KOTA SUBULUSSALAM, ACEH",1,66,124,190
https://kawalpemilu.org#6727,"DARUSSALAM, LONGKIB, KOTA SUBULUSSALAM, ACEH",1,25,164,189
