Link KawalPemilu,Nama Kelurahan,Nomor TPS,Suara 01,Suara 02,Suara Sah
https://kawalpemilu.org#74719,"KAYUBULAN, LIMBOTO, GORONTALO, GORONTALO",1,70,143,213
https://kawalpemilu.org#74719,"KAYUBULAN, LIMBOTO, GORONTALO, GORONTALO",2,81,140,221
https://kawalpemilu.org#74719,"KAYUBULAN, LIMBOTO, GORONTALO, GORONTALO",3,112,156,268
https://kawalpemilu.org#74719,"KAYUBULAN, LIMBOTO, GORONTALO, GORONTALO",4,50,111,161
https://kawalpemilu.org#74719,"KAYUBULAN, LIMBOTO, GORONTALO, GORONTALO",5,91,126,217
https://kawalpemilu.org#74719,"KAYUBULAN, LIMBOTO, GORONTALO, GORONTALO",7,89,89,178
https://kawalpemilu.org#74719,"KAYUBULAN, LIMBOTO, GORONTALO, GORONTALO",8,89,140,229
https://kawalpemilu.org#74719,"KAYUBULAN, LIMBOTO, GORONTALO, GORONTALO",9,81,167,248
https://kawalpemilu.org#74719,"KAYUBULAN, LIMBOTO, GORONTALO, GORONTALO",10,75,161,236
https://kawalpemilu.org#74719,"KAYUBULAN, LIMBOTO, GORONTALO, GORONTALO",11,95,134,229
https://kawalpemilu.org#74719,"KAYUBULAN, LIMBOTO, GORONTALO, GORONTALO",12,84,97,181
https://kawalpemilu.org#74719,"KAYUBULAN, LIMBOTO, GORONTALO, GORONTALO",13,76,145,221
https://kawalpemilu.org#74719,"KAYUBULAN, LIMBOTO, GORONTALO, GORONTALO",14,123,137,260
https://kawalpemilu.org#74719,"KAYUBULAN, LIMBOTO, GORONTALO, GORONTALO",15,121,137,258
https://kawalpemilu.org#74719,"KAYUBULAN, LIMBOTO, GORONTALO, GORONTALO",16,80,168,248
https://kawalpemilu.org#74719,"KAYUBULAN, LIMBOTO, GORONTALO, GORONTALO",18,115,119,234
https://kawalpemilu.org#74719,"KAYUBULAN, LIMBOTO, GORONTALO, GORONTALO",19,91,121,212
https://kawalpemilu.org#74720,"KAYUMERAH, LIMBOTO, GORONTALO, GORONTALO",1,70,188,258
https://kawalpemilu.org#74720,"KAYUMERAH, LIMBOTO, GORONTALO, GORONTALO",2,53,205,258
https://kawalpemilu.org#74720,"KAYUMERAH, LIMBOTO, GORONTALO, GORONTALO",3,106,139,245
https://kawalpemilu.org#74720,"KAYUMERAH, LIMBOTO, GORONTALO, GORONTALO",4,61,180,241
https://kawalpemilu.org#74720,"KAYUMERAH, LIMBOTO, GORONTALO, GORONTALO",5,72,151,223
https://kawalpemilu.org#74720,"KAYUMERAH, LIMBOTO, GORONTALO, GORONTALO",6,49,199,248
https://kawalpemilu.org#74720,"KAYUMERAH, LIMBOTO, GORONTALO, GORONTALO",7,97,144,241
https://kawalpemilu.org#74721,"HUNGGALUWA, LIMBOTO, GORONTALO, GORONTALO",1,95,163,258
https://kawalpemilu.org#74721,"HUNGGALUWA, LIMBOTO, GORONTALO, GORONTALO",2,68,163,231
https://kawalpemilu.org#74721,"HUNGGALUWA, LIMBOTO, GORONTALO, GORONTALO",3,79,170,249
https://kawalpemilu.org#74721,"HUNGGALUWA, LIMBOTO, GORONTALO, GORONTALO",4,68,181,249
https://kawalpemilu.org#74721,"HUNGGALUWA, LIMBOTO, GORONTALO, GORONTALO",5,85,125,210
https://kawalpemilu.org#74721,"HUNGGALUWA, LIMBOTO, GORONTALO, GORONTALO",6,71,165,236
https://kawalpemilu.org#74721,"HUNGGALUWA, LIMBOTO, GORONTALO, GORONTALO",7,91,145,236
https://kawalpemilu.org#74721,"HUNGGALUWA, LIMBOTO, GORONTALO, GORONTALO",8,85,147,232
https://kawalpemilu.org#74721,"HUNGGALUWA, LIMBOTO, GORONTALO, GORONTALO",9,112,126,238
https://kawalpemilu.org#74721,"HUNGGALUWA, LIMBOTO, GORONTALO, GORONTALO",10,78,93,171
https://kawalpemilu.org#74721,"HUNGGALUWA, LIMBOTO, GORONTALO, GORONTALO",11,147,112,259
https://kawalpemilu.org#74721,"HUNGGALUWA, LIMBOTO, GORONTALO, GORONTALO",12,154,82,236
https://kawalpemilu.org#74721,"HUNGGALUWA, LIMBOTO, GORONTALO, GORONTALO",13,73,84,157
https://kawalpemilu.org#74721,"HUNGGALUWA, LIMBOTO, GORONTALO, GORONTALO",14,104,116,220
https://kawalpemilu.org#74721,"HUNGGALUWA, LIMBOTO, GORONTALO, GORONTALO",15,73,174,247
https://kawalpemilu.org#74721,"HUNGGALUWA, LIMBOTO, GORONTALO, GORONTALO",16,75,149,224
https://kawalpemilu.org#74721,"HUNGGALUWA, LIMBOTO, GORONTALO, GORONTALO",18,66,178,244
https://kawalpemilu.org#74721,"HUNGGALUWA, LIMBOTO, GORONTALO, GORONTALO",19,92,94,186
https://kawalpemilu.org#74721,"HUNGGALUWA, LIMBOTO, GORONTALO, GORONTALO",20,108,93,201
https://kawalpemilu.org#74721,"HUNGGALUWA, LIMBOTO, GORONTALO, GORONTALO",21,166,61,227
https://kawalpemilu.org#74722,"BOLIHUANGGA, LIMBOTO, GORONTALO, GORONTALO",1,62,177,239
https://kawalpemilu.org#74722,"BOLIHUANGGA, LIMBOTO, GORONTALO, GORONTALO",2,76,199,275
https://kawalpemilu.org#74722,"BOLIHUANGGA, LIMBOTO, GORONTALO, GORONTALO",3,94,167,261
https://kawalpemilu.org#74722,"BOLIHUANGGA, LIMBOTO, GORONTALO, GORONTALO",4,56,166,222
https://kawalpemilu.org#74722,"BOLIHUANGGA, LIMBOTO, GORONTALO, GORONTALO",5,106,133,239
https://kawalpemilu.org#74722,"BOLIHUANGGA, LIMBOTO, GORONTALO, GORONTALO",6,92,101,193
https://kawalpemilu.org#74722,"BOLIHUANGGA, LIMBOTO, GORONTALO, GORONTALO",7,117,121,238
https://kawalpemilu.org#74722,"BOLIHUANGGA, LIMBOTO, GORONTALO, GORONTALO",8,132,111,243
https://kawalpemilu.org#74722,"BOLIHUANGGA, LIMBOTO, GORONTALO, GORONTALO",9,106,142,248
https://kawalpemilu.org#74722,"BOLIHUANGGA, LIMBOTO, GORONTALO, GORONTALO",10,123,131,254
https://kawalpemilu.org#74722,"BOLIHUANGGA, LIMBOTO, GORONTALO, GORONTALO",11,111,121,232
https://kawalpemilu.org#74722,"BOLIHUANGGA, LIMBOTO, GORONTALO, GORONTALO",12,137,109,246
https://kawalpemilu.org#74723,"HEPUHULAWA, LIMBOTO, GORONTALO, GORONTALO",1,92,85,177
https://kawalpemilu.org#74723,"HEPUHULAWA, LIMBOTO, GORONTALO, GORONTALO",2,60,135,195
https://kawalpemilu.org#74723,"HEPUHULAWA, LIMBOTO, GORONTALO, GORONTALO",3,45,146,191
https://kawalpemilu.org#74723,"HEPUHULAWA, LIMBOTO, GORONTALO, GORONTALO",4,68,154,222
https://kawalpemilu.org#74723,"HEPUHULAWA, LIMBOTO, GORONTALO, GORONTALO",5,102,123,225
https://kawalpemilu.org#74723,"HEPUHULAWA, LIMBOTO, GORONTALO, GORONTALO",6,86,179,265
https://kawalpemilu.org#74723,"HEPUHULAWA, LIMBOTO, GORONTALO, GORONTALO",7,65,184,249
https://kawalpemilu.org#74723,"HEPUHULAWA, LIMBOTO, GORONTALO, GORONTALO",8,65,151,216
https://kawalpemilu.org#74723,"HEPUHULAWA, LIMBOTO, GORONTALO, GORONTALO",10,79,175,254
https://kawalpemilu.org#74723,"HEPUHULAWA, LIMBOTO, GORONTALO, GORONTALO",11,104,162,266
https://kawalpemilu.org#74723,"HEPUHULAWA, LIMBOTO, GORONTALO, GORONTALO",12,71,163,234
https://kawalpemilu.org#74723,"HEPUHULAWA, LIMBOTO, GORONTALO, GORONTALO",13,81,172,253
https://kawalpemilu.org#74724,"HUTUO, LIMBOTO, GORONTALO, GORONTALO",1,105,130,235
https://kawalpemilu.org#74724,"HUTUO, LIMBOTO, GORONTALO, GORONTALO",2,83,133,216
https://kawalpemilu.org#74724,"HUTUO, LIMBOTO, GORONTALO, GORONTALO",3,134,118,252
https://kawalpemilu.org#74724,"HUTUO, LIMBOTO, GORONTALO, GORONTALO",4,71,160,231
https://kawalpemilu.org#74724,"HUTUO, LIMBOTO, GORONTALO, GORONTALO",5,83,187,220
https://kawalpemilu.org#74724,"HUTUO, LIMBOTO, GORONTALO, GORONTALO",6,81,136,217
https://kawalpemilu.org#74724,"HUTUO, LIMBOTO, GORONTALO, GORONTALO",7,127,96,223
https://kawalpemilu.org#74724,"HUTUO, LIMBOTO, GORONTALO, GORONTALO",8,67,161,228
https://kawalpemilu.org#74724,"HUTUO, LIMBOTO, GORONTALO, GORONTALO",9,127,96,223
https://kawalpemilu.org#74724,"HUTUO, LIMBOTO, GORONTALO, GORONTALO",10,94,97,191
https://kawalpemilu.org#74724,"HUTUO, LIMBOTO, GORONTALO, GORONTALO",11,115,124,239
https://kawalpemilu.org#74724,"HUTUO, LIMBOTO, GORONTALO, GORONTALO",12,58,122,180
https://kawalpemilu.org#74724,"HUTUO, LIMBOTO, GORONTALO, GORONTALO",13,82,120,202
https://kawalpemilu.org#74724,"HUTUO, LIMBOTO, GORONTALO, GORONTALO",14,81,153,234
https://kawalpemilu.org#74724,"HUTUO, LIMBOTO, GORONTALO, GORONTALO",15,120,78,198
https://kawalpemilu.org#74724,"HUTUO, LIMBOTO, GORONTALO, GORONTALO",16,71,67,138
https://kawalpemilu.org#74724,"HUTUO, LIMBOTO, GORONTALO, GORONTALO",17,28,25,53
https://kawalpemilu.org#74725,"DUTULANAA, LIMBOTO, GORONTALO, GORONTALO",1,134,101,235
https://kawalpemilu.org#74725,"DUTULANAA, LIMBOTO, GORONTALO, GORONTALO",2,139,105,244
https://kawalpemilu.org#74725,"DUTULANAA, LIMBOTO, GORONTALO, GORONTALO",3,84,148,232
https://kawalpemilu.org#74725,"DUTULANAA, LIMBOTO, GORONTALO, GORONTALO",4,92,138,230
https://kawalpemilu.org#74725,"DUTULANAA, LIMBOTO, GORONTALO, GORONTALO",5,73,140,213
https://kawalpemilu.org#74725,"DUTULANAA, LIMBOTO, GORONTALO, GORONTALO",6,66,165,231
https://kawalpemilu.org#74725,"DUTULANAA, LIMBOTO, GORONTALO, GORONTALO",7,30,175,205
https://kawalpemilu.org#74725,"DUTULANAA, LIMBOTO, GORONTALO, GORONTALO",8,114,133,247
https://kawalpemilu.org#74725,"DUTULANAA, LIMBOTO, GORONTALO, GORONTALO",9,92,132,224
https://kawalpemilu.org#74725,"DUTULANAA, LIMBOTO, GORONTALO, GORONTALO",10,75,120,195
https://kawalpemilu.org#74726,"TENILO, LIMBOTO, GORONTALO, GORONTALO",1,131,96,227
https://kawalpemilu.org#74726,"TENILO, LIMBOTO, GORONTALO, GORONTALO",2,106,123,229
https://kawalpemilu.org#74726,"TENILO, LIMBOTO, GORONTALO, GORONTALO",3,63,148,211
https://kawalpemilu.org#74726,"TENILO, LIMBOTO, GORONTALO, GORONTALO",4,84,142,226
https://kawalpemilu.org#74726,"TENILO, LIMBOTO, GORONTALO, GORONTALO",5,198,74,272
https://kawalpemilu.org#74726,"TENILO, LIMBOTO, GORONTALO, GORONTALO",6,76,146,222
https://kawalpemilu.org#74726,"TENILO, LIMBOTO, GORONTALO, GORONTALO",7,81,151,232
https://kawalpemilu.org#74727,"BIYONGA, LIMBOTO, GORONTALO, GORONTALO",1,44,187,231
https://kawalpemilu.org#74727,"BIYONGA, LIMBOTO, GORONTALO, GORONTALO",2,65,181,246
https://kawalpemilu.org#74727,"BIYONGA, LIMBOTO, GORONTALO, GORONTALO",3,100,137,237
https://kawalpemilu.org#74727,"BIYONGA, LIMBOTO, GORONTALO, GORONTALO",4,73,155,228
https://kawalpemilu.org#74727,"BIYONGA, LIMBOTO, GORONTALO, GORONTALO",5,84,100,184
https://kawalpemilu.org#74728,"BONGOHULAWA, LIMBOTO, GORONTALO, GORONTALO",1,56,181,237
https://kawalpemilu.org#74728,"BONGOHULAWA, LIMBOTO, GORONTALO, GORONTALO",2,68,144,212
https://kawalpemilu.org#74728,"BONGOHULAWA, LIMBOTO, GORONTALO, GORONTALO",3,91,100,191
https://kawalpemilu.org#74728,"BONGOHULAWA, LIMBOTO, GORONTALO, GORONTALO",4,55,180,235
https://kawalpemilu.org#74728,"BONGOHULAWA, LIMBOTO, GORONTALO, GORONTALO",5,106,140,246
https://kawalpemilu.org#74729,"BULOTA, LIMBOTO, GORONTALO, GORONTALO",1,98,159,257
https://kawalpemilu.org#74729,"BULOTA, LIMBOTO, GORONTALO, GORONTALO",2,131,111,242
https://kawalpemilu.org#74729,"BULOTA, LIMBOTO, GORONTALO, GORONTALO",3,96,66,162
https://kawalpemilu.org#74729,"BULOTA, LIMBOTO, GORONTALO, GORONTALO",4,80,97,177
https://kawalpemilu.org#74729,"BULOTA, LIMBOTO, GORONTALO, GORONTALO",5,71,104,175
https://kawalpemilu.org#74729,"BULOTA, LIMBOTO, GORONTALO, GORONTALO",6,56,123,179
https://kawalpemilu.org#74729,"BULOTA, LIMBOTO, GORONTALO, GORONTALO",7,95,108,203
https://kawalpemilu.org#74730,"MALAHU, LIMBOTO, GORONTALO, GORONTALO",1,110,98,208
https://kawalpemilu.org#74730,"MALAHU, LIMBOTO, GORONTALO, GORONTALO",2,83,131,214
https://kawalpemilu.org#74730,"MALAHU, LIMBOTO, GORONTALO, GORONTALO",3,82,72,154
https://kawalpemilu.org#74731,"TILIHUWA, LIMBOTO, GORONTALO, GORONTALO",1,161,103,264
https://kawalpemilu.org#74731,"TILIHUWA, LIMBOTO, GORONTALO, GORONTALO",2,189,64,253
https://kawalpemilu.org#74731,"TILIHUWA, LIMBOTO, GORONTALO, GORONTALO",3,136,63,199
https://kawalpemilu.org#74731,"TILIHUWA, LIMBOTO, GORONTALO, GORONTALO",4,144,97,241
https://kawalpemilu.org#74731,"TILIHUWA, LIMBOTO, GORONTALO, GORONTALO",5,106,45,151
https://kawalpemilu.org#74732,"POLOHUNGO, LIMBOTO, GORONTALO, GORONTALO",1,111,130,241
https://kawalpemilu.org#74732,"POLOHUNGO, LIMBOTO, GORONTALO, GORONTALO",2,157,106,263
https://kawalpemilu.org#74732,"POLOHUNGO, LIMBOTO, GORONTALO, GORONTALO",3,159,53,212
https://kawalpemilu.org#74732,"POLOHUNGO, LIMBOTO, GORONTALO, GORONTALO",4,146,49,195
https://kawalpemilu.org#74732,"POLOHUNGO, LIMBOTO, GORONTALO, GORONTALO",5,153,44,197
https://kawalpemilu.org#74734,"BULILA, TELAGA, GORONTALO, GORONTALO",1,62,116,178
https://kawalpemilu.org#74734,"BULILA, TELAGA, GORONTALO, GORONTALO",2,126,84,210
https://kawalpemilu.org#74734,"BULILA, TELAGA, GORONTALO, GORONTALO",3,91,138,230
https://kawalpemilu.org#74734,"BULILA, TELAGA, GORONTALO, GORONTALO",4,94,117,3
https://kawalpemilu.org#74734,"BULILA, TELAGA, GORONTALO, GORONTALO",5,110,79,189
https://kawalpemilu.org#74734,"BULILA, TELAGA, GORONTALO, GORONTALO",6,157,71,228
https://kawalpemilu.org#74734,"BULILA, TELAGA, GORONTALO, GORONTALO",7,76,122,198
https://kawalpemilu.org#74734,"BULILA, TELAGA, GORONTALO, GORONTALO",8,76,120,196
https://kawalpemilu.org#74735,"MONGOLATO, TELAGA, GORONTALO, GORONTALO",1,92,132,224
https://kawalpemilu.org#74735,"MONGOLATO, TELAGA, GORONTALO, GORONTALO",2,106,96,202
https://kawalpemilu.org#74735,"MONGOLATO, TELAGA, GORONTALO, GORONTALO",3,91,118,209
https://kawalpemilu.org#74735,"MONGOLATO, TELAGA, GORONTALO, GORONTALO",4,99,87,186
https://kawalpemilu.org#74735,"MONGOLATO, TELAGA, GORONTALO, GORONTALO",5,58,132,190
https://kawalpemilu.org#74735,"MONGOLATO, TELAGA, GORONTALO, GORONTALO",6,96,111,207
https://kawalpemilu.org#74735,"MONGOLATO, TELAGA, GORONTALO, GORONTALO",7,49,110,159
https://kawalpemilu.org#74735,"MONGOLATO, TELAGA, GORONTALO, GORONTALO",8,138,79,217
https://kawalpemilu.org#74735,"MONGOLATO, TELAGA, GORONTALO, GORONTALO",9,83,103,186
https://kawalpemilu.org#74736,"LUHU, TELAGA, GORONTALO, GORONTALO",1,91,107,198
https://kawalpemilu.org#74736,"LUHU, TELAGA, GORONTALO, GORONTALO",2,106,139,245
https://kawalpemilu.org#74736,"LUHU, TELAGA, GORONTALO, GORONTALO",3,110,132,242
https://kawalpemilu.org#74736,"LUHU, TELAGA, GORONTALO, GORONTALO",4,121,107,228
https://kawalpemilu.org#74736,"LUHU, TELAGA, GORONTALO, GORONTALO",5,170,86,256
https://kawalpemilu.org#74736,"LUHU, TELAGA, GORONTALO, GORONTALO",6,126,102,228
https://kawalpemilu.org#74736,"LUHU, TELAGA, GORONTALO, GORONTALO",7,105,109,214
https://kawalpemilu.org#74736,"LUHU, TELAGA, GORONTALO, GORONTALO",8,126,121,247
https://kawalpemilu.org#74736,"LUHU, TELAGA, GORONTALO, GORONTALO",9,99,108,207
https://kawalpemilu.org#74736,"LUHU, TELAGA, GORONTALO, GORONTALO",10,96,112,208
https://kawalpemilu.org#74736,"LUHU, TELAGA, GORONTALO, GORONTALO",11,85,98,183
https://kawalpemilu.org#74736,"LUHU, TELAGA, GORONTALO, GORONTALO",12,91,117,208
https://kawalpemilu.org#74737,"HULAWA, TELAGA, GORONTALO, GORONTALO",1,97,105,202
https://kawalpemilu.org#74737,"HULAWA, TELAGA, GORONTALO, GORONTALO",2,108,72,180
https://kawalpemilu.org#74737,"HULAWA, TELAGA, GORONTALO, GORONTALO",3,109,117,226
https://kawalpemilu.org#74737,"HULAWA, TELAGA, GORONTALO, GORONTALO",4,76,108,184
https://kawalpemilu.org#74737,"HULAWA, TELAGA, GORONTALO, GORONTALO",5,123,107,230
https://kawalpemilu.org#74737,"HULAWA, TELAGA, GORONTALO, GORONTALO",6,88,110,198
https://kawalpemilu.org#74737,"HULAWA, TELAGA, GORONTALO, GORONTALO",7,96,108,204
https://kawalpemilu.org#74737,"HULAWA, TELAGA, GORONTALO, GORONTALO",8,100,112,212
https://kawalpemilu.org#74737,"HULAWA, TELAGA, GORONTALO, GORONTALO",9,117,96,213
https://kawalpemilu.org#74737,"HULAWA, TELAGA, GORONTALO, GORONTALO",10,85,166,251
https://kawalpemilu.org#74737,"HULAWA, TELAGA, GORONTALO, GORONTALO",11,95,137,232
https://kawalpemilu.org#74737,"HULAWA, TELAGA, GORONTALO, GORONTALO",12,113,115,228
https://kawalpemilu.org#74738,"PILOHAYANGA, TELAGA, GORONTALO, GORONTALO",1,120,92,212
https://kawalpemilu.org#74738,"PILOHAYANGA, TELAGA, GORONTALO, GORONTALO",2,81,131,212
https://kawalpemilu.org#74738,"PILOHAYANGA, TELAGA, GORONTALO, GORONTALO",3,105,97,202
https://kawalpemilu.org#74738,"PILOHAYANGA, TELAGA, GORONTALO, GORONTALO",4,88,106,194
https://kawalpemilu.org#74738,"PILOHAYANGA, TELAGA, GORONTALO, GORONTALO",5,95,101,196
https://kawalpemilu.org#74738,"PILOHAYANGA, TELAGA, GORONTALO, GORONTALO",6,106,94,200
https://kawalpemilu.org#74738,"PILOHAYANGA, TELAGA, GORONTALO, GORONTALO",7,143,85,228
https://kawalpemilu.org#74738,"PILOHAYANGA, TELAGA, GORONTALO, GORONTALO",8,93,124,217
https://kawalpemilu.org#74739,"DULAMAYO SELATAN, TELAGA, GORONTALO, GORONTALO",1,135,100,235
https://kawalpemilu.org#74739,"DULAMAYO SELATAN, TELAGA, GORONTALO, GORONTALO",2,107,128,235
https://kawalpemilu.org#74739,"DULAMAYO SELATAN, TELAGA, GORONTALO, GORONTALO",3,114,48,162
https://kawalpemilu.org#74739,"DULAMAYO SELATAN, TELAGA, GORONTALO, GORONTALO",4,144,46,190
https://kawalpemilu.org#74739,"DULAMAYO SELATAN, TELAGA, GORONTALO, GORONTALO",5,83,53,136
https://kawalpemilu.org#74739,"DULAMAYO SELATAN, TELAGA, GORONTALO, GORONTALO",6,105,56,161
https://kawalpemilu.org#74739,"DULAMAYO SELATAN, TELAGA, GORONTALO, GORONTALO",7,82,55,137
https://kawalpemilu.org#74740,"DULAMAYO BARAT, TELAGA, GORONTALO, GORONTALO",1,121,114,235
https://kawalpemilu.org#74740,"DULAMAYO BARAT, TELAGA, GORONTALO, GORONTALO",2,200,22,222
https://kawalpemilu.org#74740,"DULAMAYO BARAT, TELAGA, GORONTALO, GORONTALO",3,125,64,189
https://kawalpemilu.org#74741,"DULOHUPA, TELAGA, GORONTALO, GORONTALO",1,127,105,232
https://kawalpemilu.org#74741,"DULOHUPA, TELAGA, GORONTALO, GORONTALO",2,132,97,229
https://kawalpemilu.org#74741,"DULOHUPA, TELAGA, GORONTALO, GORONTALO",3,141,101,242
https://kawalpemilu.org#74741,"DULOHUPA, TELAGA, GORONTALO, GORONTALO",4,133,93,226
https://kawalpemilu.org#74741,"DULOHUPA, TELAGA, GORONTALO, GORONTALO",5,151,94,245
https://kawalpemilu.org#74742,"PILOHAYANGA BARAT, TELAGA, GORONTALO, GORONTALO",1,127,127,254
https://kawalpemilu.org#74742,"PILOHAYANGA BARAT, TELAGA, GORONTALO, GORONTALO",2,32,163,195
https://kawalpemilu.org#74742,"PILOHAYANGA BARAT, TELAGA, GORONTALO, GORONTALO",3,109,138,247
https://kawalpemilu.org#74742,"PILOHAYANGA BARAT, TELAGA, GORONTALO, GORONTALO",4,123,124,247
https://kawalpemilu.org#74744,"ILUTA, BATUDAA, GORONTALO, GORONTALO",1,102,124,226
https://kawalpemilu.org#74744,"ILUTA, BATUDAA, GORONTALO, GORONTALO",2,96,141,237
https://kawalpemilu.org#74744,"ILUTA, BATUDAA, GORONTALO, GORONTALO",3,98,149,247
https://kawalpemilu.org#74744,"ILUTA, BATUDAA, GORONTALO, GORONTALO",4,162,84,246
https://kawalpemilu.org#74744,"ILUTA, BATUDAA, GORONTALO, GORONTALO",5,111,103,214
https://kawalpemilu.org#74744,"ILUTA, BATUDAA, GORONTALO, GORONTALO",6,110,80,190
https://kawalpemilu.org#74745,"BUA, BATUDAA, GORONTALO, GORONTALO",1,135,75,210
https://kawalpemilu.org#74745,"BUA, BATUDAA, GORONTALO, GORONTALO",2,95,115,210
https://kawalpemilu.org#74745,"BUA, BATUDAA, GORONTALO, GORONTALO",3,74,122,196
https://kawalpemilu.org#74745,"BUA, BATUDAA, GORONTALO, GORONTALO",4,53,158,211
https://kawalpemilu.org#74745,"BUA, BATUDAA, GORONTALO, GORONTALO",5,126,85,211
https://kawalpemilu.org#74746,"HUNTU, BATUDAA, GORONTALO, GORONTALO",1,85,117,202
https://kawalpemilu.org#74746,"HUNTU, BATUDAA, GORONTALO, GORONTALO",2,57,124,181
https://kawalpemilu.org#74746,"HUNTU, BATUDAA, GORONTALO, GORONTALO",3,98,85,183
https://kawalpemilu.org#74746,"HUNTU, BATUDAA, GORONTALO, GORONTALO",4,81,91,172
https://kawalpemilu.org#74747,"PAYUNGA, BATUDAA, GORONTALO, GORONTALO",1,84,141,225
https://kawalpemilu.org#74747,"PAYUNGA, BATUDAA, GORONTALO, GORONTALO",2,126,129,255
https://kawalpemilu.org#74747,"PAYUNGA, BATUDAA, GORONTALO, GORONTALO",3,144,77,221
https://kawalpemilu.org#74747,"PAYUNGA, BATUDAA, GORONTALO, GORONTALO",4,160,68,228
https://kawalpemilu.org#74747,"PAYUNGA, BATUDAA, GORONTALO, GORONTALO",5,128,91,219
https://kawalpemilu.org#74747,"PAYUNGA, BATUDAA, GORONTALO, GORONTALO",6,137,110,247
https://kawalpemilu.org#74748,"BARAKATI, BATUDAA, GORONTALO, GORONTALO",1,102,47,149
https://kawalpemilu.org#74748,"BARAKATI, BATUDAA, GORONTALO, GORONTALO",2,131,93,224
https://kawalpemilu.org#74748,"BARAKATI, BATUDAA, GORONTALO, GORONTALO",3,117,105,222
https://kawalpemilu.org#74748,"BARAKATI, BATUDAA, GORONTALO, GORONTALO",4,86,133,219
https://kawalpemilu.org#74748,"BARAKATI, BATUDAA, GORONTALO, GORONTALO",5,103,120,223
https://kawalpemilu.org#74748,"BARAKATI, BATUDAA, GORONTALO, GORONTALO",6,78,165,243
https://kawalpemilu.org#74748,"BARAKATI, BATUDAA, GORONTALO, GORONTALO",7,117,37,214
https://kawalpemilu.org#74749,"ILOHUNGAYO, BATUDAA, GORONTALO, GORONTALO",1,121,86,207
https://kawalpemilu.org#74749,"ILOHUNGAYO, BATUDAA, GORONTALO, GORONTALO",2,139,121,260
https://kawalpemilu.org#74749,"ILOHUNGAYO, BATUDAA, GORONTALO, GORONTALO",3,171,83,254
https://kawalpemilu.org#74749,"ILOHUNGAYO, BATUDAA, GORONTALO, GORONTALO",4,84,132,216
https://kawalpemilu.org#74749,"ILOHUNGAYO, BATUDAA, GORONTALO, GORONTALO",5,107,104,211
https://kawalpemilu.org#74750,"DUNGGALA, BATUDAA, GORONTALO, GORONTALO",1,79,121,200
https://kawalpemilu.org#74750,"DUNGGALA, BATUDAA, GORONTALO, GORONTALO",2,100,89,189
https://kawalpemilu.org#74750,"DUNGGALA, BATUDAA, GORONTALO, GORONTALO",3,139,75,214
https://kawalpemilu.org#74750,"DUNGGALA, BATUDAA, GORONTALO, GORONTALO",4,109,93,208
https://kawalpemilu.org#74750,"DUNGGALA, BATUDAA, GORONTALO, GORONTALO",5,150,59,209
https://kawalpemilu.org#74751,"PILOBUHUTA, BATUDAA, GORONTALO, GORONTALO",1,94,155,249
https://kawalpemilu.org#74751,"PILOBUHUTA, BATUDAA, GORONTALO, GORONTALO",2,50,117,167
https://kawalpemilu.org#74751,"PILOBUHUTA, BATUDAA, GORONTALO, GORONTALO",3,100,94,194
https://kawalpemilu.org#74751,"PILOBUHUTA, BATUDAA, GORONTALO, GORONTALO",4,109,146,255
https://kawalpemilu.org#74751,"PILOBUHUTA, BATUDAA, GORONTALO, GORONTALO",5,99,63,162
https://kawalpemilu.org#74753,"ISIMU UTARA, TIBAWA, GORONTALO, GORONTALO",1,122,74,196
https://kawalpemilu.org#74753,"ISIMU UTARA, TIBAWA, GORONTALO, GORONTALO",2,149,58,207
https://kawalpemilu.org#74753,"ISIMU UTARA, TIBAWA, GORONTALO, GORONTALO",3,170,48,218
https://kawalpemilu.org#74753,"ISIMU UTARA, TIBAWA, GORONTALO, GORONTALO",4,99,108,207
https://kawalpemilu.org#74753,"ISIMU UTARA, TIBAWA, GORONTALO, GORONTALO",5,110,83,193
https://kawalpemilu.org#74753,"ISIMU UTARA, TIBAWA, GORONTALO, GORONTALO",6,153,63,216
https://kawalpemilu.org#74753,"ISIMU UTARA, TIBAWA, GORONTALO, GORONTALO",7,158,30,188
https://kawalpemilu.org#74754,"ISIMU SELATAN, TIBAWA, GORONTALO, GORONTALO",1,170,83,253
https://kawalpemilu.org#74754,"ISIMU SELATAN, TIBAWA, GORONTALO, GORONTALO",2,130,91,221
https://kawalpemilu.org#74754,"ISIMU SELATAN, TIBAWA, GORONTALO, GORONTALO",3,74,102,176
https://kawalpemilu.org#74754,"ISIMU SELATAN, TIBAWA, GORONTALO, GORONTALO",4,60,155,215
https://kawalpemilu.org#74754,"ISIMU SELATAN, TIBAWA, GORONTALO, GORONTALO",5,92,116,208
https://kawalpemilu.org#74754,"ISIMU SELATAN, TIBAWA, GORONTALO, GORONTALO",6,110,122,232
https://kawalpemilu.org#74754,"ISIMU SELATAN, TIBAWA, GORONTALO, GORONTALO",7,100,125,225
https://kawalpemilu.org#74754,"ISIMU SELATAN, TIBAWA, GORONTALO, GORONTALO",8,91,94,185
https://kawalpemilu.org#74754,"ISIMU SELATAN, TIBAWA, GORONTALO, GORONTALO",9,124,101,225
https://kawalpemilu.org#74755,"DATAHU, TIBAWA, GORONTALO, GORONTALO",1,92,84,176
https://kawalpemilu.org#74755,"DATAHU, TIBAWA, GORONTALO, GORONTALO",2,100,89,189
https://kawalpemilu.org#74755,"DATAHU, TIBAWA, GORONTALO, GORONTALO",3,73,108,181
https://kawalpemilu.org#74755,"DATAHU, TIBAWA, GORONTALO, GORONTALO",4,79,80,159
https://kawalpemilu.org#74755,"DATAHU, TIBAWA, GORONTALO, GORONTALO",5,86,123,209
https://kawalpemilu.org#74755,"DATAHU, TIBAWA, GORONTALO, GORONTALO",6,68,116,184
https://kawalpemilu.org#74755,"DATAHU, TIBAWA, GORONTALO, GORONTALO",7,82,95,177
https://kawalpemilu.org#74755,"DATAHU, TIBAWA, GORONTALO, GORONTALO",8,76,132,208
https://kawalpemilu.org#74755,"DATAHU, TIBAWA, GORONTALO, GORONTALO",9,55,125,180
https://kawalpemilu.org#74755,"DATAHU, TIBAWA, GORONTALO, GORONTALO",10,101,93,194
https://kawalpemilu.org#74755,"DATAHU, TIBAWA, GORONTALO, GORONTALO",11,120,79,199
https://kawalpemilu.org#74755,"DATAHU, TIBAWA, GORONTALO, GORONTALO",12,67,133,200
https://kawalpemilu.org#74755,"DATAHU, TIBAWA, GORONTALO, GORONTALO",13,99,114,213
https://kawalpemilu.org#74755,"DATAHU, TIBAWA, GORONTALO, GORONTALO",14,145,60,205
https://kawalpemilu.org#74756,"TOLOTIO, TIBAWA, GORONTALO, GORONTALO",1,85,122,207
https://kawalpemilu.org#74756,"TOLOTIO, TIBAWA, GORONTALO, GORONTALO",2,97,118,215
https://kawalpemilu.org#74756,"TOLOTIO, TIBAWA, GORONTALO, GORONTALO",3,81,103,184
https://kawalpemilu.org#74756,"TOLOTIO, TIBAWA, GORONTALO, GORONTALO",4,110,112,222
https://kawalpemilu.org#74756,"TOLOTIO, TIBAWA, GORONTALO, GORONTALO",5,110,114,224
https://kawalpemilu.org#74756,"TOLOTIO, TIBAWA, GORONTALO, GORONTALO",6,88,89,177
https://kawalpemilu.org#74756,"TOLOTIO, TIBAWA, GORONTALO, GORONTALO",7,124,101,225
https://kawalpemilu.org#74756,"TOLOTIO, TIBAWA, GORONTALO, GORONTALO",8,74,109,183
https://kawalpemilu.org#74757,"LABANU, TIBAWA, GORONTALO, GORONTALO",1,95,103,198
https://kawalpemilu.org#74757,"LABANU, TIBAWA, GORONTALO, GORONTALO",2,106,88,194
https://kawalpemilu.org#74757,"LABANU, TIBAWA, GORONTALO, GORONTALO",3,167,53,220
https://kawalpemilu.org#74757,"LABANU, TIBAWA, GORONTALO, GORONTALO",4,134,68,202
https://kawalpemilu.org#74757,"LABANU, TIBAWA, GORONTALO, GORONTALO",5,112,96,208
https://kawalpemilu.org#74757,"LABANU, TIBAWA, GORONTALO, GORONTALO",6,121,38,159
https://kawalpemilu.org#74757,"LABANU, TIBAWA, GORONTALO, GORONTALO",7,106,55,161
https://kawalpemilu.org#74757,"LABANU, TIBAWA, GORONTALO, GORONTALO",8,126,51,177
https://kawalpemilu.org#74758,"REKSONEGORO, TIBAWA, GORONTALO, GORONTALO",1,85,81,166
https://kawalpemilu.org#74758,"REKSONEGORO, TIBAWA, GORONTALO, GORONTALO",2,59,135,194
https://kawalpemilu.org#74758,"REKSONEGORO, TIBAWA, GORONTALO, GORONTALO",3,42,160,202
https://kawalpemilu.org#74758,"REKSONEGORO, TIBAWA, GORONTALO, GORONTALO",4,88,103,191
https://kawalpemilu.org#74759,"BUHU, TIBAWA, GORONTALO, GORONTALO",1,138,107,245
https://kawalpemilu.org#74759,"BUHU, TIBAWA, GORONTALO, GORONTALO",2,101,147,248
https://kawalpemilu.org#74759,"BUHU, TIBAWA, GORONTALO, GORONTALO",3,51,148,199
https://kawalpemilu.org#74759,"BUHU, TIBAWA, GORONTALO, GORONTALO",4,81,139,220
https://kawalpemilu.org#74759,"BUHU, TIBAWA, GORONTALO, GORONTALO",5,119,76,195
https://kawalpemilu.org#74759,"BUHU, TIBAWA, GORONTALO, GORONTALO",6,115,77,192
https://kawalpemilu.org#74759,"BUHU, TIBAWA, GORONTALO, GORONTALO",7,110,125,235
https://kawalpemilu.org#74759,"BUHU, TIBAWA, GORONTALO, GORONTALO",8,124,82,206
https://kawalpemilu.org#74759,"BUHU, TIBAWA, GORONTALO, GORONTALO",9,138,68,206
https://kawalpemilu.org#74759,"BUHU, TIBAWA, GORONTALO, GORONTALO",10,141,87,228
https://kawalpemilu.org#74760,"DUNGGALA, TIBAWA, GORONTALO, GORONTALO",1,94,144,238
https://kawalpemilu.org#74760,"DUNGGALA, TIBAWA, GORONTALO, GORONTALO",2,121,119,240
https://kawalpemilu.org#74760,"DUNGGALA, TIBAWA, GORONTALO, GORONTALO",3,139,92,231
https://kawalpemilu.org#74760,"DUNGGALA, TIBAWA, GORONTALO, GORONTALO",4,63,128,191
https://kawalpemilu.org#74760,"DUNGGALA, TIBAWA, GORONTALO, GORONTALO",5,121,124,245
https://kawalpemilu.org#74761,"MOLOWAHU, TIBAWA, GORONTALO, GORONTALO",1,126,83,209
https://kawalpemilu.org#74761,"MOLOWAHU, TIBAWA, GORONTALO, GORONTALO",2,124,99,223
https://kawalpemilu.org#74761,"MOLOWAHU, TIBAWA, GORONTALO, GORONTALO",3,70,136,206
https://kawalpemilu.org#74761,"MOLOWAHU, TIBAWA, GORONTALO, GORONTALO",4,120,81,201
https://kawalpemilu.org#74761,"MOLOWAHU, TIBAWA, GORONTALO, GORONTALO",5,129,97,226
https://kawalpemilu.org#74761,"MOLOWAHU, TIBAWA, GORONTALO, GORONTALO",6,72,100,172
https://kawalpemilu.org#74761,"MOLOWAHU, TIBAWA, GORONTALO, GORONTALO",7,103,56,159
https://kawalpemilu.org#74761,"MOLOWAHU, TIBAWA, GORONTALO, GORONTALO",8,115,81,196
https://kawalpemilu.org#74762,"ILOPONU, TIBAWA, GORONTALO, GORONTALO",1,107,123,230
https://kawalpemilu.org#74762,"ILOPONU, TIBAWA, GORONTALO, GORONTALO",2,157,79,236
https://kawalpemilu.org#74762,"ILOPONU, TIBAWA, GORONTALO, GORONTALO",3,157,89,246
https://kawalpemilu.org#74762,"ILOPONU, TIBAWA, GORONTALO, GORONTALO",4,130,123,253
https://kawalpemilu.org#74762,"ILOPONU, TIBAWA, GORONTALO, GORONTALO",5,104,87,191
https://kawalpemilu.org#74762,"ILOPONU, TIBAWA, GORONTALO, GORONTALO",6,129,41,170
https://kawalpemilu.org#74762,"ILOPONU, TIBAWA, GORONTALO, GORONTALO",7,124,50,174
https://kawalpemilu.org#74762,"ILOPONU, TIBAWA, GORONTALO, GORONTALO",8,89,107,196
https://kawalpemilu.org#74762,"ILOPONU, TIBAWA, GORONTALO, GORONTALO",9,86,150,236
https://kawalpemilu.org#74763,"ILOMATA, TIBAWA, GORONTALO, GORONTALO",1,137,94,231
https://kawalpemilu.org#74763,"ILOMATA, TIBAWA, GORONTALO, GORONTALO",2,126,54,180
https://kawalpemilu.org#74763,"ILOMATA, TIBAWA, GORONTALO, GORONTALO",3,145,61,206
https://kawalpemilu.org#74763,"ILOMATA, TIBAWA, GORONTALO, GORONTALO",4,135,98,233
https://kawalpemilu.org#74763,"ILOMATA, TIBAWA, GORONTALO, GORONTALO",5,105,68,173
https://kawalpemilu.org#74764,"MOTILANGO, TIBAWA, GORONTALO, GORONTALO",2,50,153,203
https://kawalpemilu.org#74764,"MOTILANGO, TIBAWA, GORONTALO, GORONTALO",3,69,112,181
https://kawalpemilu.org#74764,"MOTILANGO, TIBAWA, GORONTALO, GORONTALO",4,140,65,205
https://kawalpemilu.org#74764,"MOTILANGO, TIBAWA, GORONTALO, GORONTALO",5,124,72,196
https://kawalpemilu.org#74764,"MOTILANGO, TIBAWA, GORONTALO, GORONTALO",6,126,73,199
https://kawalpemilu.org#74764,"MOTILANGO, TIBAWA, GORONTALO, GORONTALO",7,125,75,200
https://kawalpemilu.org#74765,"ISIMU RAYA, TIBAWA, GORONTALO, GORONTALO",1,71,113,184
https://kawalpemilu.org#74765,"ISIMU RAYA, TIBAWA, GORONTALO, GORONTALO",2,85,95,180
https://kawalpemilu.org#74765,"ISIMU RAYA, TIBAWA, GORONTALO, GORONTALO",3,65,131,196
https://kawalpemilu.org#74765,"ISIMU RAYA, TIBAWA, GORONTALO, GORONTALO",4,83,119,202
https://kawalpemilu.org#74765,"ISIMU RAYA, TIBAWA, GORONTALO, GORONTALO",5,71,121,192
https://kawalpemilu.org#74765,"ISIMU RAYA, TIBAWA, GORONTALO, GORONTALO",6,118,64,182
https://kawalpemilu.org#74765,"ISIMU RAYA, TIBAWA, GORONTALO, GORONTALO",7,133,58,191
https://kawalpemilu.org#74765,"ISIMU RAYA, TIBAWA, GORONTALO, GORONTALO",8,137,62,199
https://kawalpemilu.org#74766,"BALAHU, TIBAWA, GORONTALO, GORONTALO",1,82,109,191
https://kawalpemilu.org#74766,"BALAHU, TIBAWA, GORONTALO, GORONTALO",2,66,124,190
https://kawalpemilu.org#74766,"BALAHU, TIBAWA, GORONTALO, GORONTALO",3,114,98,212
https://kawalpemilu.org#74766,"BALAHU, TIBAWA, GORONTALO, GORONTALO",4,139,81,220
https://kawalpemilu.org#74766,"BALAHU, TIBAWA, GORONTALO, GORONTALO",5,114,84,198
https://kawalpemilu.org#74766,"BALAHU, TIBAWA, GORONTALO, GORONTALO",6,114,84,198
https://kawalpemilu.org#74766,"BALAHU, TIBAWA, GORONTALO, GORONTALO",7,139,71,210
https://kawalpemilu.org#74766,"BALAHU, TIBAWA, GORONTALO, GORONTALO",8,107,119,226
https://kawalpemilu.org#74767,"BOTUMOPUTI, TIBAWA, GORONTALO, GORONTALO",1,106,127,233
https://kawalpemilu.org#74767,"BOTUMOPUTI, TIBAWA, GORONTALO, GORONTALO",2,79,119,198
https://kawalpemilu.org#74767,"BOTUMOPUTI, TIBAWA, GORONTALO, GORONTALO",3,129,111,240
https://kawalpemilu.org#74767,"BOTUMOPUTI, TIBAWA, GORONTALO, GORONTALO",4,113,85,198
https://kawalpemilu.org#74767,"BOTUMOPUTI, TIBAWA, GORONTALO, GORONTALO",5,104,115,219
https://kawalpemilu.org#74767,"BOTUMOPUTI, TIBAWA, GORONTALO, GORONTALO",6,110,94,204
https://kawalpemilu.org#74767,"BOTUMOPUTI, TIBAWA, GORONTALO, GORONTALO",7,72,159,231
https://kawalpemilu.org#74767,"BOTUMOPUTI, TIBAWA, GORONTALO, GORONTALO",8,88,95,183
https://kawalpemilu.org#74768,"ULOBUA, TIBAWA, GORONTALO, GORONTALO",1,175,64,239
https://kawalpemilu.org#74768,"ULOBUA, TIBAWA, GORONTALO, GORONTALO",2,166,90,256
https://kawalpemilu.org#74768,"ULOBUA, TIBAWA, GORONTALO, GORONTALO",3,206,44,250
https://kawalpemilu.org#74768,"ULOBUA, TIBAWA, GORONTALO, GORONTALO",4,205,31,236
https://kawalpemilu.org#74770,"TONTAYUO, BATUDAA PANTAI, GORONTALO, GORONTALO",1,97,57,154
https://kawalpemilu.org#74770,"TONTAYUO, BATUDAA PANTAI, GORONTALO, GORONTALO",2,141,75,216
https://kawalpemilu.org#74770,"TONTAYUO, BATUDAA PANTAI, GORONTALO, GORONTALO",3,139,35,174
https://kawalpemilu.org#74771,"BILUHU TIMUR, BATUDAA PANTAI, GORONTALO, GORONTALO",1,213,36,249
https://kawalpemilu.org#74771,"BILUHU TIMUR, BATUDAA PANTAI, GORONTALO, GORONTALO",2,188,45,233
https://kawalpemilu.org#74771,"BILUHU TIMUR, BATUDAA PANTAI, GORONTALO, GORONTALO",3,151,101,252
https://kawalpemilu.org#74771,"BILUHU TIMUR, BATUDAA PANTAI, GORONTALO, GORONTALO",4,71,68,139
https://kawalpemilu.org#74771,"BILUHU TIMUR, BATUDAA PANTAI, GORONTALO, GORONTALO",5,149,19,168
https://kawalpemilu.org#74772,"KAYUBULAN, BATUDAA PANTAI, GORONTALO, GORONTALO",1,115,121,236
https://kawalpemilu.org#74772,"KAYUBULAN, BATUDAA PANTAI, GORONTALO, GORONTALO",2,105,149,254
https://kawalpemilu.org#74772,"KAYUBULAN, BATUDAA PANTAI, GORONTALO, GORONTALO",3,110,115,225
https://kawalpemilu.org#74772,"KAYUBULAN, BATUDAA PANTAI, GORONTALO, GORONTALO",4,144,104,248
https://kawalpemilu.org#74772,"KAYUBULAN, BATUDAA PANTAI, GORONTALO, GORONTALO",5,116,134,250
https://kawalpemilu.org#74772,"KAYUBULAN, BATUDAA PANTAI, GORONTALO, GORONTALO",6,68,77,145
https://kawalpemilu.org#74772,"KAYUBULAN, BATUDAA PANTAI, GORONTALO, GORONTALO",7,32,120,152
https://kawalpemilu.org#74772,"KAYUBULAN, BATUDAA PANTAI, GORONTALO, GORONTALO",8,16,99,115
https://kawalpemilu.org#74773,"BONGO, BATUDAA PANTAI, GORONTALO, GORONTALO",1,127,79,206
https://kawalpemilu.org#74773,"BONGO, BATUDAA PANTAI, GORONTALO, GORONTALO",2,100,88,188
https://kawalpemilu.org#74773,"BONGO, BATUDAA PANTAI, GORONTALO, GORONTALO",3,85,80,165
https://kawalpemilu.org#74773,"BONGO, BATUDAA PANTAI, GORONTALO, GORONTALO",4,77,145,222
https://kawalpemilu.org#74773,"BONGO, BATUDAA PANTAI, GORONTALO, GORONTALO",5,67,157,224
https://kawalpemilu.org#74773,"BONGO, BATUDAA PANTAI, GORONTALO, GORONTALO",6,104,125,229
https://kawalpemilu.org#74773,"BONGO, BATUDAA PANTAI, GORONTALO, GORONTALO",7,66,159,225
https://kawalpemilu.org#74774,"LOPO, BATUDAA PANTAI, GORONTALO, GORONTALO",1,58,129,187
https://kawalpemilu.org#74774,"LOPO, BATUDAA PANTAI, GORONTALO, GORONTALO",2,40,184,224
https://kawalpemilu.org#74774,"LOPO, BATUDAA PANTAI, GORONTALO, GORONTALO",3,38,135,173
https://kawalpemilu.org#74775,"LAMU, BATUDAA PANTAI, GORONTALO, GORONTALO",1,154,89,243
https://kawalpemilu.org#74775,"LAMU, BATUDAA PANTAI, GORONTALO, GORONTALO",2,150,108,258
https://kawalpemilu.org#74775,"LAMU, BATUDAA PANTAI, GORONTALO, GORONTALO",3,167,77,244
https://kawalpemilu.org#74775,"LAMU, BATUDAA PANTAI, GORONTALO, GORONTALO",4,197,44,241
https://kawalpemilu.org#74776,"OLIMOO'O, BATUDAA PANTAI, GORONTALO, GORONTALO",1,117,138,255
https://kawalpemilu.org#74776,"OLIMOO'O, BATUDAA PANTAI, GORONTALO, GORONTALO",2,111,102,213
https://kawalpemilu.org#74777,"BUHUDAA, BATUDAA PANTAI, GORONTALO, GORONTALO",1,80,72,152
https://kawalpemilu.org#74777,"BUHUDAA, BATUDAA PANTAI, GORONTALO, GORONTALO",2,175,84,259
https://kawalpemilu.org#74777,"BUHUDAA, BATUDAA PANTAI, GORONTALO, GORONTALO",3,84,78,162
https://kawalpemilu.org#74778,"LANGGULA, BATUDAA PANTAI, GORONTALO, GORONTALO",1,98,89,187
https://kawalpemilu.org#74778,"LANGGULA, BATUDAA PANTAI, GORONTALO, GORONTALO",2,150,48,198
https://kawalpemilu.org#74780,"SIDOMULYO, BOLIYOHUTO, GORONTALO, GORONTALO",1,159,40,199
https://kawalpemilu.org#74780,"SIDOMULYO, BOLIYOHUTO, GORONTALO, GORONTALO",2,123,59,182
https://kawalpemilu.org#74780,"SIDOMULYO, BOLIYOHUTO, GORONTALO, GORONTALO",3,107,93,200
https://kawalpemilu.org#74780,"SIDOMULYO, BOLIYOHUTO, GORONTALO, GORONTALO",4,129,87,216
https://kawalpemilu.org#74781,"PARUNGI, BOLIYOHUTO, GORONTALO, GORONTALO",1,108,137,245
https://kawalpemilu.org#74781,"PARUNGI, BOLIYOHUTO, GORONTALO, GORONTALO",2,73,112,185
https://kawalpemilu.org#74781,"PARUNGI, BOLIYOHUTO, GORONTALO, GORONTALO",3,114,105,219
https://kawalpemilu.org#74782,"DILONIYOHU, BOLIYOHUTO, GORONTALO, GORONTALO",1,116,143,259
https://kawalpemilu.org#74782,"DILONIYOHU, BOLIYOHUTO, GORONTALO, GORONTALO",2,84,149,233
https://kawalpemilu.org#74782,"DILONIYOHU, BOLIYOHUTO, GORONTALO, GORONTALO",3,128,70,198
https://kawalpemilu.org#74782,"DILONIYOHU, BOLIYOHUTO, GORONTALO, GORONTALO",4,188,27,215
https://kawalpemilu.org#74783,"SIDODADI, BOLIYOHUTO, GORONTALO, GORONTALO",1,153,48,201
https://kawalpemilu.org#74783,"SIDODADI, BOLIYOHUTO, GORONTALO, GORONTALO",2,152,60,212
https://kawalpemilu.org#74783,"SIDODADI, BOLIYOHUTO, GORONTALO, GORONTALO",3,192,28,220
https://kawalpemilu.org#74783,"SIDODADI, BOLIYOHUTO, GORONTALO, GORONTALO",4,167,36,203
https://kawalpemilu.org#74783,"SIDODADI, BOLIYOHUTO, GORONTALO, GORONTALO",5,144,77,221
https://kawalpemilu.org#74784,"POTANGA, BOLIYOHUTO, GORONTALO, GORONTALO",1,55,109,164
https://kawalpemilu.org#74784,"POTANGA, BOLIYOHUTO, GORONTALO, GORONTALO",2,80,120,200
https://kawalpemilu.org#74784,"POTANGA, BOLIYOHUTO, GORONTALO, GORONTALO",3,94,122,216
https://kawalpemilu.org#74784,"POTANGA, BOLIYOHUTO, GORONTALO, GORONTALO",4,115,96,211
https://kawalpemilu.org#74784,"POTANGA, BOLIYOHUTO, GORONTALO, GORONTALO",5,73,114,187
https://kawalpemilu.org#74784,"POTANGA, BOLIYOHUTO, GORONTALO, GORONTALO",6,80,95,175
https://kawalpemilu.org#74784,"POTANGA, BOLIYOHUTO, GORONTALO, GORONTALO",7,88,93,181
https://kawalpemilu.org#74784,"POTANGA, BOLIYOHUTO, GORONTALO, GORONTALO",8,125,66,191
https://kawalpemilu.org#74785,"MOTODUTO, BOLIYOHUTO, GORONTALO, GORONTALO",1,152,59,211
https://kawalpemilu.org#74785,"MOTODUTO, BOLIYOHUTO, GORONTALO, GORONTALO",2,102,102,204
https://kawalpemilu.org#74785,"MOTODUTO, BOLIYOHUTO, GORONTALO, GORONTALO",3,130,86,216
https://kawalpemilu.org#74786,"ILOHELUMA, BOLIYOHUTO, GORONTALO, GORONTALO",1,123,90,213
https://kawalpemilu.org#74786,"ILOHELUMA, BOLIYOHUTO, GORONTALO, GORONTALO",2,110,125,235
https://kawalpemilu.org#74786,"ILOHELUMA, BOLIYOHUTO, GORONTALO, GORONTALO",3,108,150,258
https://kawalpemilu.org#74786,"ILOHELUMA, BOLIYOHUTO, GORONTALO, GORONTALO",4,148,44,192
https://kawalpemilu.org#74787,"MONGGOLITO, BOLIYOHUTO, GORONTALO, GORONTALO",1,150,27,177
https://kawalpemilu.org#74787,"MONGGOLITO, BOLIYOHUTO, GORONTALO, GORONTALO",2,151,25,176
https://kawalpemilu.org#74787,"MONGGOLITO, BOLIYOHUTO, GORONTALO, GORONTALO",3,140,33,173
https://kawalpemilu.org#74788,"BANDUNG REJO, BOLIYOHUTO, GORONTALO, GORONTALO",1,136,44,180
https://kawalpemilu.org#74788,"BANDUNG REJO, BOLIYOHUTO, GORONTALO, GORONTALO",2,173,61,234
https://kawalpemilu.org#74788,"BANDUNG REJO, BOLIYOHUTO, GORONTALO, GORONTALO",3,145,56,201
https://kawalpemilu.org#74788,"BANDUNG REJO, BOLIYOHUTO, GORONTALO, GORONTALO",4,180,30,210
https://kawalpemilu.org#74788,"BANDUNG REJO, BOLIYOHUTO, GORONTALO, GORONTALO",5,169,48,217
https://kawalpemilu.org#74788,"BANDUNG REJO, BOLIYOHUTO, GORONTALO, GORONTALO",6,128,42,170
https://kawalpemilu.org#74789,"DULOHUPA, BOLIYOHUTO, GORONTALO, GORONTALO",1,113,61,174
https://kawalpemilu.org#74789,"DULOHUPA, BOLIYOHUTO, GORONTALO, GORONTALO",2,98,67,165
https://kawalpemilu.org#74790,"SIDOMULYO SELATAN, BOLIYOHUTO, GORONTALO, GORONTALO",1,112,90,202
https://kawalpemilu.org#74790,"SIDOMULYO SELATAN, BOLIYOHUTO, GORONTALO, GORONTALO",2,129,69,198
https://kawalpemilu.org#74790,"SIDOMULYO SELATAN, BOLIYOHUTO, GORONTALO, GORONTALO",3,151,32,183
https://kawalpemilu.org#74790,"SIDOMULYO SELATAN, BOLIYOHUTO, GORONTALO, GORONTALO",4,134,38,172
https://kawalpemilu.org#74791,"BONGONGOAYU, BOLIYOHUTO, GORONTALO, GORONTALO",1,50,139,189
https://kawalpemilu.org#74791,"BONGONGOAYU, BOLIYOHUTO, GORONTALO, GORONTALO",2,82,111,193
https://kawalpemilu.org#74791,"BONGONGOAYU, BOLIYOHUTO, GORONTALO, GORONTALO",3,97,88,185
https://kawalpemilu.org#74792,"TOLITE, BOLIYOHUTO, GORONTALO, GORONTALO",2,146,98,244
https://kawalpemilu.org#74792,"TOLITE, BOLIYOHUTO, GORONTALO, GORONTALO",3,105,78,183
https://kawalpemilu.org#74794,"DULAMAYO UTARA, TELAGA BIRU, GORONTALO, GORONTALO",1,60,86,146
https://kawalpemilu.org#74794,"DULAMAYO UTARA, TELAGA BIRU, GORONTALO, GORONTALO",2,146,70,216
https://kawalpemilu.org#74794,"DULAMAYO UTARA, TELAGA BIRU, GORONTALO, GORONTALO",3,54,63,117
https://kawalpemilu.org#74794,"DULAMAYO UTARA, TELAGA BIRU, GORONTALO, GORONTALO",4,58,47,105
https://kawalpemilu.org#74794,"DULAMAYO UTARA, TELAGA BIRU, GORONTALO, GORONTALO",5,93,68,161
https://kawalpemilu.org#74795,"ULAPATO A, TELAGA BIRU, GORONTALO, GORONTALO",1,188,73,261
https://kawalpemilu.org#74795,"ULAPATO A, TELAGA BIRU, GORONTALO, GORONTALO",2,139,101,240
https://kawalpemilu.org#74795,"ULAPATO A, TELAGA BIRU, GORONTALO, GORONTALO",3,0,0,162
https://kawalpemilu.org#74795,"ULAPATO A, TELAGA BIRU, GORONTALO, GORONTALO",4,120,104,224
https://kawalpemilu.org#74795,"ULAPATO A, TELAGA BIRU, GORONTALO, GORONTALO",5,98,156,254
https://kawalpemilu.org#74795,"ULAPATO A, TELAGA BIRU, GORONTALO, GORONTALO",6,132,123,255
https://kawalpemilu.org#74796,"ULAPATO B, TELAGA BIRU, GORONTALO, GORONTALO",1,199,68,267
https://kawalpemilu.org#74796,"ULAPATO B, TELAGA BIRU, GORONTALO, GORONTALO",2,173,71,244
https://kawalpemilu.org#74796,"ULAPATO B, TELAGA BIRU, GORONTALO, GORONTALO",3,139,89,228
https://kawalpemilu.org#74797,"TALUMELITO, TELAGA BIRU, GORONTALO, GORONTALO",1,99,104,203
https://kawalpemilu.org#74797,"TALUMELITO, TELAGA BIRU, GORONTALO, GORONTALO",2,62,102,164
https://kawalpemilu.org#74797,"TALUMELITO, TELAGA BIRU, GORONTALO, GORONTALO",3,142,64,206
https://kawalpemilu.org#74797,"TALUMELITO, TELAGA BIRU, GORONTALO, GORONTALO",4,83,89,172
https://kawalpemilu.org#74797,"TALUMELITO, TELAGA BIRU, GORONTALO, GORONTALO",5,163,56,219
https://kawalpemilu.org#74798,"TULADENGGI, TELAGA BIRU, GORONTALO, GORONTALO",1,96,144,240
https://kawalpemilu.org#74798,"TULADENGGI, TELAGA BIRU, GORONTALO, GORONTALO",2,105,94,199
https://kawalpemilu.org#74798,"TULADENGGI, TELAGA BIRU, GORONTALO, GORONTALO",3,84,100,184
https://kawalpemilu.org#74798,"TULADENGGI, TELAGA BIRU, GORONTALO, GORONTALO",4,110,122,232
https://kawalpemilu.org#74798,"TULADENGGI, TELAGA BIRU, GORONTALO, GORONTALO",5,89,137,226
https://kawalpemilu.org#74798,"TULADENGGI, TELAGA BIRU, GORONTALO, GORONTALO",6,131,135,266
https://kawalpemilu.org#74798,"TULADENGGI, TELAGA BIRU, GORONTALO, GORONTALO",7,134,110,244
https://kawalpemilu.org#74798,"TULADENGGI, TELAGA BIRU, GORONTALO, GORONTALO",8,146,135,281
https://kawalpemilu.org#74798,"TULADENGGI, TELAGA BIRU, GORONTALO, GORONTALO",9,157,119,276
https://kawalpemilu.org#74798,"TULADENGGI, TELAGA BIRU, GORONTALO, GORONTALO",10,128,111,239
https://kawalpemilu.org#74798,"TULADENGGI, TELAGA BIRU, GORONTALO, GORONTALO",11,175,98,273
https://kawalpemilu.org#74799,"PANTUNGO, TELAGA BIRU, GORONTALO, GORONTALO",1,95,56,151
https://kawalpemilu.org#74799,"PANTUNGO, TELAGA BIRU, GORONTALO, GORONTALO",2,120,143,263
https://kawalpemilu.org#74799,"PANTUNGO, TELAGA BIRU, GORONTALO, GORONTALO",3,120,108,228
https://kawalpemilu.org#74799,"PANTUNGO, TELAGA BIRU, GORONTALO, GORONTALO",4,133,92,225
https://kawalpemilu.org#74799,"PANTUNGO, TELAGA BIRU, GORONTALO, GORONTALO",5,98,132,230
https://kawalpemilu.org#74799,"PANTUNGO, TELAGA BIRU, GORONTALO, GORONTALO",6,137,87,224
https://kawalpemilu.org#74800,"LUPOYO, TELAGA BIRU, GORONTALO, GORONTALO",1,147,92,239
https://kawalpemilu.org#74800,"LUPOYO, TELAGA BIRU, GORONTALO, GORONTALO",2,114,98,212
https://kawalpemilu.org#74800,"LUPOYO, TELAGA BIRU, GORONTALO, GORONTALO",3,134,88,222
https://kawalpemilu.org#74800,"LUPOYO, TELAGA BIRU, GORONTALO, GORONTALO",4,140,102,242
https://kawalpemilu.org#74800,"LUPOYO, TELAGA BIRU, GORONTALO, GORONTALO",5,130,127,257
https://kawalpemilu.org#74800,"LUPOYO, TELAGA BIRU, GORONTALO, GORONTALO",6,130,62,192
https://kawalpemilu.org#74801,"PENTADIO TIMUR, TELAGA BIRU, GORONTALO, GORONTALO",1,144,97,211
https://kawalpemilu.org#74801,"PENTADIO TIMUR, TELAGA BIRU, GORONTALO, GORONTALO",2,117,102,219
https://kawalpemilu.org#74801,"PENTADIO TIMUR, TELAGA BIRU, GORONTALO, GORONTALO",3,96,111,207
https://kawalpemilu.org#74801,"PENTADIO TIMUR, TELAGA BIRU, GORONTALO, GORONTALO",4,108,117,225
https://kawalpemilu.org#74801,"PENTADIO TIMUR, TELAGA BIRU, GORONTALO, GORONTALO",5,110,149,259
https://kawalpemilu.org#74801,"PENTADIO TIMUR, TELAGA BIRU, GORONTALO, GORONTALO",6,89,124,213
https://kawalpemilu.org#74801,"PENTADIO TIMUR, TELAGA BIRU, GORONTALO, GORONTALO",7,128,135,263
https://kawalpemilu.org#74802,"PENTADIO BARAT, TELAGA BIRU, GORONTALO, GORONTALO",1,158,93,251
https://kawalpemilu.org#74802,"PENTADIO BARAT, TELAGA BIRU, GORONTALO, GORONTALO",2,134,99,233
https://kawalpemilu.org#74802,"PENTADIO BARAT, TELAGA BIRU, GORONTALO, GORONTALO",3,121,71,192
https://kawalpemilu.org#74802,"PENTADIO BARAT, TELAGA BIRU, GORONTALO, GORONTALO",4,89,103,192
https://kawalpemilu.org#74802,"PENTADIO BARAT, TELAGA BIRU, GORONTALO, GORONTALO",5,94,102,197
https://kawalpemilu.org#74802,"PENTADIO BARAT, TELAGA BIRU, GORONTALO, GORONTALO",6,79,122,201
https://kawalpemilu.org#74802,"PENTADIO BARAT, TELAGA BIRU, GORONTALO, GORONTALO",7,111,86,197
https://kawalpemilu.org#74802,"PENTADIO BARAT, TELAGA BIRU, GORONTALO, GORONTALO",8,93,128,221
https://kawalpemilu.org#74802,"PENTADIO BARAT, TELAGA BIRU, GORONTALO, GORONTALO",9,111,121,232
https://kawalpemilu.org#74802,"PENTADIO BARAT, TELAGA BIRU, GORONTALO, GORONTALO",10,123,86,209
https://kawalpemilu.org#74802,"PENTADIO BARAT, TELAGA BIRU, GORONTALO, GORONTALO",11,97,75,172
https://kawalpemilu.org#74803,"DUMATI, TELAGA BIRU, GORONTALO, GORONTALO",1,165,94,259
https://kawalpemilu.org#74803,"DUMATI, TELAGA BIRU, GORONTALO, GORONTALO",2,134,110,244
https://kawalpemilu.org#74803,"DUMATI, TELAGA BIRU, GORONTALO, GORONTALO",3,169,90,259
https://kawalpemilu.org#74803,"DUMATI, TELAGA BIRU, GORONTALO, GORONTALO",4,120,134,254
https://kawalpemilu.org#74803,"DUMATI, TELAGA BIRU, GORONTALO, GORONTALO",5,171,64,235
https://kawalpemilu.org#74804,"MODELIDU, TELAGA BIRU, GORONTALO, GORONTALO",1,115,78,193
https://kawalpemilu.org#74804,"MODELIDU, TELAGA BIRU, GORONTALO, GORONTALO",2,140,47,187
https://kawalpemilu.org#74805,"TINELO, TELAGA BIRU, GORONTALO, GORONTALO",1,66,113,179
https://kawalpemilu.org#74805,"TINELO, TELAGA BIRU, GORONTALO, GORONTALO",2,90,145,235
https://kawalpemilu.org#74805,"TINELO, TELAGA BIRU, GORONTALO, GORONTALO",3,67,143,210
https://kawalpemilu.org#74805,"TINELO, TELAGA BIRU, GORONTALO, GORONTALO",4,75,160,235
https://kawalpemilu.org#74805,"TINELO, TELAGA BIRU, GORONTALO, GORONTALO",5,117,78,195
https://kawalpemilu.org#74805,"TINELO, TELAGA BIRU, GORONTALO, GORONTALO",6,126,77,203
https://kawalpemilu.org#74805,"TINELO, TELAGA BIRU, GORONTALO, GORONTALO",7,78,111,189
https://kawalpemilu.org#74806,"TIMUATO, TELAGA BIRU, GORONTALO, GORONTALO",1,180,44,224
https://kawalpemilu.org#74806,"TIMUATO, TELAGA BIRU, GORONTALO, GORONTALO",2,97,126,223
https://kawalpemilu.org#74806,"TIMUATO, TELAGA BIRU, GORONTALO, GORONTALO",3,95,98,193
https://kawalpemilu.org#74806,"TIMUATO, TELAGA BIRU, GORONTALO, GORONTALO",4,108,83,191
https://kawalpemilu.org#74806,"TIMUATO, TELAGA BIRU, GORONTALO, GORONTALO",5,91,77,168
https://kawalpemilu.org#74807,"TAPALULUO, TELAGA BIRU, GORONTALO, GORONTALO",1,97,82,179
https://kawalpemilu.org#74807,"TAPALULUO, TELAGA BIRU, GORONTALO, GORONTALO",2,91,37,128
https://kawalpemilu.org#74808,"TONALA, TELAGA BIRU, GORONTALO, GORONTALO",1,204,64,268
https://kawalpemilu.org#74808,"TONALA, TELAGA BIRU, GORONTALO, GORONTALO",2,168,88,256
https://kawalpemilu.org#74810,"DULAMAYO, BONGOMEME, GORONTALO, GORONTALO",1,65,135,200
https://kawalpemilu.org#74810,"DULAMAYO, BONGOMEME, GORONTALO, GORONTALO",2,119,77,196
https://kawalpemilu.org#74810,"DULAMAYO, BONGOMEME, GORONTALO, GORONTALO",3,94,77,171
https://kawalpemilu.org#74810,"DULAMAYO, BONGOMEME, GORONTALO, GORONTALO",4,112,65,177
https://kawalpemilu.org#74810,"DULAMAYO, BONGOMEME, GORONTALO, GORONTALO",5,178,42,220
https://kawalpemilu.org#74817,"UPOMELA, BONGOMEME, GORONTALO, GORONTALO",1,87,126,213
https://kawalpemilu.org#74817,"UPOMELA, BONGOMEME, GORONTALO, GORONTALO",2,123,92,215
https://kawalpemilu.org#74817,"UPOMELA, BONGOMEME, GORONTALO, GORONTALO",3,167,68,235
https://kawalpemilu.org#74817,"UPOMELA, BONGOMEME, GORONTALO, GORONTALO",4,145,64,209
https://kawalpemilu.org#74817,"UPOMELA, BONGOMEME, GORONTALO, GORONTALO",5,155,58,213
https://kawalpemilu.org#74817,"UPOMELA, BONGOMEME, GORONTALO, GORONTALO",6,224,37,261
https://kawalpemilu.org#74818,"TOHUPO, BONGOMEME, GORONTALO, GORONTALO",1,109,139,248
https://kawalpemilu.org#74818,"TOHUPO, BONGOMEME, GORONTALO, GORONTALO",2,160,103,263
https://kawalpemilu.org#74818,"TOHUPO, BONGOMEME, GORONTALO, GORONTALO",3,119,122,241
https://kawalpemilu.org#74818,"TOHUPO, BONGOMEME, GORONTALO, GORONTALO",4,145,105,250
https://kawalpemilu.org#74818,"TOHUPO, BONGOMEME, GORONTALO, GORONTALO",5,165,58,223
https://kawalpemilu.org#74818,"TOHUPO, BONGOMEME, GORONTALO, GORONTALO",6,61,23,84
https://kawalpemilu.org#74819,"MOLANIHU, BONGOMEME, GORONTALO, GORONTALO",1,140,51,191
https://kawalpemilu.org#74819,"MOLANIHU, BONGOMEME, GORONTALO, GORONTALO",2,214,29,243
https://kawalpemilu.org#74819,"MOLANIHU, BONGOMEME, GORONTALO, GORONTALO",3,139,74,213
https://kawalpemilu.org#74820,"MOLOPATODU, BONGOMEME, GORONTALO, GORONTALO",1,93,119,212
https://kawalpemilu.org#74820,"MOLOPATODU, BONGOMEME, GORONTALO, GORONTALO",2,134,89,223
https://kawalpemilu.org#74820,"MOLOPATODU, BONGOMEME, GORONTALO, GORONTALO",3,148,61,209
https://kawalpemilu.org#74821,"MOLAS, BONGOMEME, GORONTALO, GORONTALO",1,107,100,207
https://kawalpemilu.org#74821,"MOLAS, BONGOMEME, GORONTALO, GORONTALO",2,98,115,213
https://kawalpemilu.org#74821,"MOLAS, BONGOMEME, GORONTALO, GORONTALO",3,92,88,180
https://kawalpemilu.org#74821,"MOLAS, BONGOMEME, GORONTALO, GORONTALO",4,133,88,221
https://kawalpemilu.org#74821,"MOLAS, BONGOMEME, GORONTALO, GORONTALO",5,132,68,200
https://kawalpemilu.org#74822,"BATULAYAR, BONGOMEME, GORONTALO, GORONTALO",1,116,92,208
https://kawalpemilu.org#74822,"BATULAYAR, BONGOMEME, GORONTALO, GORONTALO",3,157,69,226
https://kawalpemilu.org#74822,"BATULAYAR, BONGOMEME, GORONTALO, GORONTALO",4,148,15,163
https://kawalpemilu.org#74822,"BATULAYAR, BONGOMEME, GORONTALO, GORONTALO",5,185,47,232
https://kawalpemilu.org#74823,"BATULORENG, BONGOMEME, GORONTALO, GORONTALO",1,180,81,261
https://kawalpemilu.org#74823,"BATULORENG, BONGOMEME, GORONTALO, GORONTALO",2,79,51,130
https://kawalpemilu.org#74823,"BATULORENG, BONGOMEME, GORONTALO, GORONTALO",3,116,94,210
https://kawalpemilu.org#74823,"BATULORENG, BONGOMEME, GORONTALO, GORONTALO",4,151,45,196
https://kawalpemilu.org#74824,"BONGOHULAWA, BONGOMEME, GORONTALO, GORONTALO",1,187,90,277
https://kawalpemilu.org#74824,"BONGOHULAWA, BONGOMEME, GORONTALO, GORONTALO",2,172,77,249
https://kawalpemilu.org#74824,"BONGOHULAWA, BONGOMEME, GORONTALO, GORONTALO",3,149,42,191
https://kawalpemilu.org#74824,"BONGOHULAWA, BONGOMEME, GORONTALO, GORONTALO",4,120,24,144
https://kawalpemilu.org#74824,"BONGOHULAWA, BONGOMEME, GORONTALO, GORONTALO",5,102,97,199
https://kawalpemilu.org#74825,"OTOPADE, BONGOMEME, GORONTALO, GORONTALO",1,173,57,230
https://kawalpemilu.org#74825,"OTOPADE, BONGOMEME, GORONTALO, GORONTALO",2,148,83,231
https://kawalpemilu.org#74825,"OTOPADE, BONGOMEME, GORONTALO, GORONTALO",3,143,70,213
https://kawalpemilu.org#74825,"OTOPADE, BONGOMEME, GORONTALO, GORONTALO",4,196,44,240
https://kawalpemilu.org#74827,"HUNTULOHULAWA, BONGOMEME, GORONTALO, GORONTALO",1,76,142,218
https://kawalpemilu.org#74827,"HUNTULOHULAWA, BONGOMEME, GORONTALO, GORONTALO",2,95,121,216
https://kawalpemilu.org#74827,"HUNTULOHULAWA, BONGOMEME, GORONTALO, GORONTALO",3,113,88,201
https://kawalpemilu.org#74831,"OWALANGA, BONGOMEME, GORONTALO, GORONTALO",1,154,47,201
https://kawalpemilu.org#74831,"OWALANGA, BONGOMEME, GORONTALO, GORONTALO",2,163,32,195
https://kawalpemilu.org#74831,"OWALANGA, BONGOMEME, GORONTALO, GORONTALO",3,79,88,167
https://kawalpemilu.org#74832,"LIYODU, BONGOMEME, GORONTALO, GORONTALO",1,168,70,238
https://kawalpemilu.org#74832,"LIYODU, BONGOMEME, GORONTALO, GORONTALO",2,111,51,162
https://kawalpemilu.org#74833,"LIYOTO, BONGOMEME, GORONTALO, GORONTALO",1,150,36,186
https://kawalpemilu.org#74833,"LIYOTO, BONGOMEME, GORONTALO, GORONTALO",2,139,63,202
https://kawalpemilu.org#74833,"LIYOTO, BONGOMEME, GORONTALO, GORONTALO",3,100,20,120
https://kawalpemilu.org#74834,"KAYUMERAH, BONGOMEME, GORONTALO, GORONTALO",1,121,60,181
https://kawalpemilu.org#74834,"KAYUMERAH, BONGOMEME, GORONTALO, GORONTALO",2,176,23,199
https://kawalpemilu.org#74834,"KAYUMERAH, BONGOMEME, GORONTALO, GORONTALO",3,143,29,172
https://kawalpemilu.org#74836,"SUKAMAKMUR, TOLANGOHULA, GORONTALO, GORONTALO",1,120,105,225
https://kawalpemilu.org#74836,"SUKAMAKMUR, TOLANGOHULA, GORONTALO, GORONTALO",2,104,111,215
https://kawalpemilu.org#74836,"SUKAMAKMUR, TOLANGOHULA, GORONTALO, GORONTALO",3,141,58,199
https://kawalpemilu.org#74836,"SUKAMAKMUR, TOLANGOHULA, GORONTALO, GORONTALO",4,132,46,178
https://kawalpemilu.org#74836,"SUKAMAKMUR, TOLANGOHULA, GORONTALO, GORONTALO",5,126,6,192
https://kawalpemilu.org#74836,"SUKAMAKMUR, TOLANGOHULA, GORONTALO, GORONTALO",6,148,40,188
https://kawalpemilu.org#74836,"SUKAMAKMUR, TOLANGOHULA, GORONTALO, GORONTALO",7,120,56,176
https://kawalpemilu.org#74837,"LAKEYA, TOLANGOHULA, GORONTALO, GORONTALO",1,84,164,248
https://kawalpemilu.org#74837,"LAKEYA, TOLANGOHULA, GORONTALO, GORONTALO",2,117,136,253
https://kawalpemilu.org#74837,"LAKEYA, TOLANGOHULA, GORONTALO, GORONTALO",3,111,129,240
https://kawalpemilu.org#74838,"GANDASARI, TOLANGOHULA, GORONTALO, GORONTALO",1,196,27,223
https://kawalpemilu.org#74838,"GANDASARI, TOLANGOHULA, GORONTALO, GORONTALO",2,170,16,186
https://kawalpemilu.org#74838,"GANDASARI, TOLANGOHULA, GORONTALO, GORONTALO",3,168,35,203
https://kawalpemilu.org#74838,"GANDASARI, TOLANGOHULA, GORONTALO, GORONTALO",4,150,22,172
https://kawalpemilu.org#74838,"GANDASARI, TOLANGOHULA, GORONTALO, GORONTALO",5,139,24,163
https://kawalpemilu.org#74838,"GANDASARI, TOLANGOHULA, GORONTALO, GORONTALO",6,191,31,222
https://kawalpemilu.org#74838,"GANDASARI, TOLANGOHULA, GORONTALO, GORONTALO",7,183,34,217
https://kawalpemilu.org#74838,"GANDASARI, TOLANGOHULA, GORONTALO, GORONTALO",8,87,62,149
https://kawalpemilu.org#74839,"MOLOHU, TOLANGOHULA, GORONTALO, GORONTALO",1,124,49,173
https://kawalpemilu.org#74839,"MOLOHU, TOLANGOHULA, GORONTALO, GORONTALO",2,122,89,211
https://kawalpemilu.org#74839,"MOLOHU, TOLANGOHULA, GORONTALO, GORONTALO",3,90,90,180
https://kawalpemilu.org#74839,"MOLOHU, TOLANGOHULA, GORONTALO, GORONTALO",4,103,93,196
https://kawalpemilu.org#74839,"MOLOHU, TOLANGOHULA, GORONTALO, GORONTALO",5,170,78,248
https://kawalpemilu.org#74840,"POLOHUNGO, TOLANGOHULA, GORONTALO, GORONTALO",1,54,176,230
https://kawalpemilu.org#74840,"POLOHUNGO, TOLANGOHULA, GORONTALO, GORONTALO",2,71,173,244
https://kawalpemilu.org#74840,"POLOHUNGO, TOLANGOHULA, GORONTALO, GORONTALO",3,73,158,231
https://kawalpemilu.org#74841,"BINAJAYA, TOLANGOHULA, GORONTALO, GORONTALO",1,107,105,212
https://kawalpemilu.org#74841,"BINAJAYA, TOLANGOHULA, GORONTALO, GORONTALO",2,129,39,168
https://kawalpemilu.org#74841,"BINAJAYA, TOLANGOHULA, GORONTALO, GORONTALO",3,77,129,206
https://kawalpemilu.org#74841,"BINAJAYA, TOLANGOHULA, GORONTALO, GORONTALO",4,123,69,192
https://kawalpemilu.org#74841,"BINAJAYA, TOLANGOHULA, GORONTALO, GORONTALO",5,106,116,222
https://kawalpemilu.org#74842,"TAMAILA, TOLANGOHULA, GORONTALO, GORONTALO",1,204,64,268
https://kawalpemilu.org#74842,"TAMAILA, TOLANGOHULA, GORONTALO, GORONTALO",2,123,86,209
https://kawalpemilu.org#74842,"TAMAILA, TOLANGOHULA, GORONTALO, GORONTALO",3,64,152,216
https://kawalpemilu.org#74842,"TAMAILA, TOLANGOHULA, GORONTALO, GORONTALO",4,113,108,221
https://kawalpemilu.org#74842,"TAMAILA, TOLANGOHULA, GORONTALO, GORONTALO",5,140,84,224
https://kawalpemilu.org#74842,"TAMAILA, TOLANGOHULA, GORONTALO, GORONTALO",6,124,112,236
https://kawalpemilu.org#74843,"SIDOHARJO, TOLANGOHULA, GORONTALO, GORONTALO",1,191,38,229
https://kawalpemilu.org#74843,"SIDOHARJO, TOLANGOHULA, GORONTALO, GORONTALO",2,152,49,201
https://kawalpemilu.org#74843,"SIDOHARJO, TOLANGOHULA, GORONTALO, GORONTALO",3,154,62,216
https://kawalpemilu.org#74843,"SIDOHARJO, TOLANGOHULA, GORONTALO, GORONTALO",4,136,58,194
https://kawalpemilu.org#74843,"SIDOHARJO, TOLANGOHULA, GORONTALO, GORONTALO",5,136,58,194
https://kawalpemilu.org#74844,"SUKAMAKMUR UTARA, TOLANGOHULA, GORONTALO, GORONTALO",1,138,65,203
https://kawalpemilu.org#74844,"SUKAMAKMUR UTARA, TOLANGOHULA, GORONTALO, GORONTALO",2,132,73,205
https://kawalpemilu.org#74844,"SUKAMAKMUR UTARA, TOLANGOHULA, GORONTALO, GORONTALO",3,122,55,177
https://kawalpemilu.org#74844,"SUKAMAKMUR UTARA, TOLANGOHULA, GORONTALO, GORONTALO",4,79,90,169
https://kawalpemilu.org#74845,"MARGOMULYA, TOLANGOHULA, GORONTALO, GORONTALO",1,178,35,213
https://kawalpemilu.org#74845,"MARGOMULYA, TOLANGOHULA, GORONTALO, GORONTALO",2,124,32,156
https://kawalpemilu.org#74845,"MARGOMULYA, TOLANGOHULA, GORONTALO, GORONTALO",3,145,55,200
https://kawalpemilu.org#74846,"MAKMUR ABADI, TOLANGOHULA, GORONTALO, GORONTALO",1,126,89,215
https://kawalpemilu.org#74846,"MAKMUR ABADI, TOLANGOHULA, GORONTALO, GORONTALO",2,130,58,188
https://kawalpemilu.org#74846,"MAKMUR ABADI, TOLANGOHULA, GORONTALO, GORONTALO",3,102,70,172
https://kawalpemilu.org#74846,"MAKMUR ABADI, TOLANGOHULA, GORONTALO, GORONTALO",4,153,56,209
https://kawalpemilu.org#74846,"MAKMUR ABADI, TOLANGOHULA, GORONTALO, GORONTALO",5,164,64,228
https://kawalpemilu.org#74847,"GANDARIA, TOLANGOHULA, GORONTALO, GORONTALO",1,116,114,230
https://kawalpemilu.org#74847,"GANDARIA, TOLANGOHULA, GORONTALO, GORONTALO",2,102,109,211
https://kawalpemilu.org#74847,"GANDARIA, TOLANGOHULA, GORONTALO, GORONTALO",3,84,85,169
https://kawalpemilu.org#74847,"GANDARIA, TOLANGOHULA, GORONTALO, GORONTALO",4,106,87,193
https://kawalpemilu.org#74847,"GANDARIA, TOLANGOHULA, GORONTALO, GORONTALO",5,72,93,165
https://kawalpemilu.org#74847,"GANDARIA, TOLANGOHULA, GORONTALO, GORONTALO",6,77,106,183
https://kawalpemilu.org#74848,"OMBULOTANGO, TOLANGOHULA, GORONTALO, GORONTALO",1,54,99,153
https://kawalpemilu.org#74848,"OMBULOTANGO, TOLANGOHULA, GORONTALO, GORONTALO",2,97,67,164
https://kawalpemilu.org#74848,"OMBULOTANGO, TOLANGOHULA, GORONTALO, GORONTALO",3,138,32,170
https://kawalpemilu.org#74848,"OMBULOTANGO, TOLANGOHULA, GORONTALO, GORONTALO",4,113,32,145
https://kawalpemilu.org#74849,"TAMAILA UTARA, TOLANGOHULA, GORONTALO, GORONTALO",1,132,100,232
https://kawalpemilu.org#74849,"TAMAILA UTARA, TOLANGOHULA, GORONTALO, GORONTALO",2,107,121,228
https://kawalpemilu.org#74849,"TAMAILA UTARA, TOLANGOHULA, GORONTALO, GORONTALO",3,129,69,198
https://kawalpemilu.org#74850,"HIMALAYA, TOLANGOHULA, GORONTALO, GORONTALO",1,76,126,202
https://kawalpemilu.org#74850,"HIMALAYA, TOLANGOHULA, GORONTALO, GORONTALO",2,126,67,193
https://kawalpemilu.org#74850,"HIMALAYA, TOLANGOHULA, GORONTALO, GORONTALO",3,150,48,198
https://kawalpemilu.org#74852,"PARIS, MOOTILANGO, GORONTALO, GORONTALO",1,134,100,234
https://kawalpemilu.org#74852,"PARIS, MOOTILANGO, GORONTALO, GORONTALO",2,100,127,227
https://kawalpemilu.org#74852,"PARIS, MOOTILANGO, GORONTALO, GORONTALO",3,79,129,208
https://kawalpemilu.org#74852,"PARIS, MOOTILANGO, GORONTALO, GORONTALO",4,82,121,203
https://kawalpemilu.org#74852,"PARIS, MOOTILANGO, GORONTALO, GORONTALO",5,127,120,247
https://kawalpemilu.org#74852,"PARIS, MOOTILANGO, GORONTALO, GORONTALO",6,86,88,174
https://kawalpemilu.org#74852,"PARIS, MOOTILANGO, GORONTALO, GORONTALO",7,159,68,227
https://kawalpemilu.org#74852,"PARIS, MOOTILANGO, GORONTALO, GORONTALO",8,184,52,236
https://kawalpemilu.org#74853,"HELUMO, MOOTILANGO, GORONTALO, GORONTALO",1,77,156,233
https://kawalpemilu.org#74853,"HELUMO, MOOTILANGO, GORONTALO, GORONTALO",2,96,152,248
https://kawalpemilu.org#74853,"HELUMO, MOOTILANGO, GORONTALO, GORONTALO",3,92,131,223
https://kawalpemilu.org#74853,"HELUMO, MOOTILANGO, GORONTALO, GORONTALO",4,111,112,223
https://kawalpemilu.org#74853,"HELUMO, MOOTILANGO, GORONTALO, GORONTALO",5,68,163,231
https://kawalpemilu.org#74854,"PILOMONU, MOOTILANGO, GORONTALO, GORONTALO",1,120,132,252
https://kawalpemilu.org#74854,"PILOMONU, MOOTILANGO, GORONTALO, GORONTALO",2,43,117,160
https://kawalpemilu.org#74854,"PILOMONU, MOOTILANGO, GORONTALO, GORONTALO",3,71,92,163
https://kawalpemilu.org#74854,"PILOMONU, MOOTILANGO, GORONTALO, GORONTALO",4,132,120,252
https://kawalpemilu.org#74854,"PILOMONU, MOOTILANGO, GORONTALO, GORONTALO",5,74,110,184
https://kawalpemilu.org#74854,"PILOMONU, MOOTILANGO, GORONTALO, GORONTALO",6,84,126,210
https://kawalpemilu.org#74854,"PILOMONU, MOOTILANGO, GORONTALO, GORONTALO",7,91,112,203
https://kawalpemilu.org#74854,"PILOMONU, MOOTILANGO, GORONTALO, GORONTALO",8,138,128,266
https://kawalpemilu.org#74854,"PILOMONU, MOOTILANGO, GORONTALO, GORONTALO",9,158,64,222
https://kawalpemilu.org#74855,"SATRIA, MOOTILANGO, GORONTALO, GORONTALO",1,84,132,216
https://kawalpemilu.org#74855,"SATRIA, MOOTILANGO, GORONTALO, GORONTALO",2,102,193,195
https://kawalpemilu.org#74855,"SATRIA, MOOTILANGO, GORONTALO, GORONTALO",3,88,116,204
https://kawalpemilu.org#74855,"SATRIA, MOOTILANGO, GORONTALO, GORONTALO",4,135,76,211
https://kawalpemilu.org#74856,"KARYAMUKTI, MOOTILANGO, GORONTALO, GORONTALO",1,152,75,227
https://kawalpemilu.org#74856,"KARYAMUKTI, MOOTILANGO, GORONTALO, GORONTALO",3,176,46,222
https://kawalpemilu.org#74856,"KARYAMUKTI, MOOTILANGO, GORONTALO, GORONTALO",4,115,62,177
https://kawalpemilu.org#74857,"TALUMOPATU, MOOTILANGO, GORONTALO, GORONTALO",1,90,143,233
https://kawalpemilu.org#74857,"TALUMOPATU, MOOTILANGO, GORONTALO, GORONTALO",2,128,109,237
https://kawalpemilu.org#74857,"TALUMOPATU, MOOTILANGO, GORONTALO, GORONTALO",3,143,60,203
https://kawalpemilu.org#74857,"TALUMOPATU, MOOTILANGO, GORONTALO, GORONTALO",4,150,72,222
https://kawalpemilu.org#74858,"SIDOMUKTI, MOOTILANGO, GORONTALO, GORONTALO",1,145,99,244
https://kawalpemilu.org#74858,"SIDOMUKTI, MOOTILANGO, GORONTALO, GORONTALO",2,128,97,225
https://kawalpemilu.org#74858,"SIDOMUKTI, MOOTILANGO, GORONTALO, GORONTALO",3,93,76,169
https://kawalpemilu.org#74858,"SIDOMUKTI, MOOTILANGO, GORONTALO, GORONTALO",4,169,39,208
https://kawalpemilu.org#74858,"SIDOMUKTI, MOOTILANGO, GORONTALO, GORONTALO",5,149,46,195
https://kawalpemilu.org#74859,"PAYU, MOOTILANGO, GORONTALO, GORONTALO",1,82,134,216
https://kawalpemilu.org#74859,"PAYU, MOOTILANGO, GORONTALO, GORONTALO",2,113,127,240
https://kawalpemilu.org#74859,"PAYU, MOOTILANGO, GORONTALO, GORONTALO",3,117,93,210
https://kawalpemilu.org#74859,"PAYU, MOOTILANGO, GORONTALO, GORONTALO",4,120,105,225
https://kawalpemilu.org#74859,"PAYU, MOOTILANGO, GORONTALO, GORONTALO",5,155,86,241
https://kawalpemilu.org#74859,"PAYU, MOOTILANGO, GORONTALO, GORONTALO",6,139,78,217
https://kawalpemilu.org#74860,"SUKAMAJU, MOOTILANGO, GORONTALO, GORONTALO",1,125,122,247
https://kawalpemilu.org#74860,"SUKAMAJU, MOOTILANGO, GORONTALO, GORONTALO",2,112,47,159
https://kawalpemilu.org#74860,"SUKAMAJU, MOOTILANGO, GORONTALO, GORONTALO",3,104,118,222
https://kawalpemilu.org#74860,"SUKAMAJU, MOOTILANGO, GORONTALO, GORONTALO",4,85,90,175
https://kawalpemilu.org#74861,"HUYULA, MOOTILANGO, GORONTALO, GORONTALO",2,122,94,216
https://kawalpemilu.org#74861,"HUYULA, MOOTILANGO, GORONTALO, GORONTALO",3,140,64,204
https://kawalpemilu.org#74861,"HUYULA, MOOTILANGO, GORONTALO, GORONTALO",4,100,93,193
https://kawalpemilu.org#74861,"HUYULA, MOOTILANGO, GORONTALO, GORONTALO",5,136,50,186
https://kawalpemilu.org#74861,"HUYULA, MOOTILANGO, GORONTALO, GORONTALO",6,159,75,234
https://kawalpemilu.org#74863,"PONGONGAILA, PULUBALA, GORONTALO, GORONTALO",1,96,133,229
https://kawalpemilu.org#74863,"PONGONGAILA, PULUBALA, GORONTALO, GORONTALO",2,72,157,229
https://kawalpemilu.org#74863,"PONGONGAILA, PULUBALA, GORONTALO, GORONTALO",3,93,112,205
https://kawalpemilu.org#74863,"PONGONGAILA, PULUBALA, GORONTALO, GORONTALO",4,117,132,249
https://kawalpemilu.org#74863,"PONGONGAILA, PULUBALA, GORONTALO, GORONTALO",5,107,113,220
https://kawalpemilu.org#74863,"PONGONGAILA, PULUBALA, GORONTALO, GORONTALO",6,69,137,206
https://kawalpemilu.org#74863,"PONGONGAILA, PULUBALA, GORONTALO, GORONTALO",7,89,116,205
https://kawalpemilu.org#74864,"PULUBALA, PULUBALA, GORONTALO, GORONTALO",1,86,140,226
https://kawalpemilu.org#74864,"PULUBALA, PULUBALA, GORONTALO, GORONTALO",2,130,106,236
https://kawalpemilu.org#74864,"PULUBALA, PULUBALA, GORONTALO, GORONTALO",3,69,133,202
https://kawalpemilu.org#74864,"PULUBALA, PULUBALA, GORONTALO, GORONTALO",4,65,118,183
https://kawalpemilu.org#74864,"PULUBALA, PULUBALA, GORONTALO, GORONTALO",5,106,107,213
https://kawalpemilu.org#74864,"PULUBALA, PULUBALA, GORONTALO, GORONTALO",6,135,81,216
https://kawalpemilu.org#74864,"PULUBALA, PULUBALA, GORONTALO, GORONTALO",7,138,90,228
https://kawalpemilu.org#74864,"PULUBALA, PULUBALA, GORONTALO, GORONTALO",8,113,78,191
https://kawalpemilu.org#74864,"PULUBALA, PULUBALA, GORONTALO, GORONTALO",9,84,87,171
https://kawalpemilu.org#74865,"MOLAMAHU, PULUBALA, GORONTALO, GORONTALO",1,130,102,232
https://kawalpemilu.org#74865,"MOLAMAHU, PULUBALA, GORONTALO, GORONTALO",2,127,113,240
https://kawalpemilu.org#74865,"MOLAMAHU, PULUBALA, GORONTALO, GORONTALO",3,90,82,172
https://kawalpemilu.org#74865,"MOLAMAHU, PULUBALA, GORONTALO, GORONTALO",4,113,73,186
https://kawalpemilu.org#74865,"MOLAMAHU, PULUBALA, GORONTALO, GORONTALO",5,170,81,251
https://kawalpemilu.org#74865,"MOLAMAHU, PULUBALA, GORONTALO, GORONTALO",6,124,146,270
https://kawalpemilu.org#74866,"BAKTI, PULUBALA, GORONTALO, GORONTALO",1,123,134,257
https://kawalpemilu.org#74866,"BAKTI, PULUBALA, GORONTALO, GORONTALO",2,102,138,240
https://kawalpemilu.org#74866,"BAKTI, PULUBALA, GORONTALO, GORONTALO",3,100,123,223
https://kawalpemilu.org#74866,"BAKTI, PULUBALA, GORONTALO, GORONTALO",4,97,101,198
https://kawalpemilu.org#74866,"BAKTI, PULUBALA, GORONTALO, GORONTALO",5,156,102,258
https://kawalpemilu.org#74866,"BAKTI, PULUBALA, GORONTALO, GORONTALO",6,101,109,210
https://kawalpemilu.org#74866,"BAKTI, PULUBALA, GORONTALO, GORONTALO",7,57,83,140
https://kawalpemilu.org#74866,"BAKTI, PULUBALA, GORONTALO, GORONTALO",8,59,162,221
https://kawalpemilu.org#74866,"BAKTI, PULUBALA, GORONTALO, GORONTALO",9,77,85,162
https://kawalpemilu.org#74867,"TRIDHARMA, PULUBALA, GORONTALO, GORONTALO",1,126,98,224
https://kawalpemilu.org#74867,"TRIDHARMA, PULUBALA, GORONTALO, GORONTALO",2,108,140,248
https://kawalpemilu.org#74867,"TRIDHARMA, PULUBALA, GORONTALO, GORONTALO",3,132,108,240
https://kawalpemilu.org#74868,"MOLALAHU, PULUBALA, GORONTALO, GORONTALO",1,141,99,240
https://kawalpemilu.org#74868,"MOLALAHU, PULUBALA, GORONTALO, GORONTALO",2,132,103,235
https://kawalpemilu.org#74868,"MOLALAHU, PULUBALA, GORONTALO, GORONTALO",3,105,132,237
https://kawalpemilu.org#74868,"MOLALAHU, PULUBALA, GORONTALO, GORONTALO",4,70,152,222
https://kawalpemilu.org#74868,"MOLALAHU, PULUBALA, GORONTALO, GORONTALO",5,80,54,134
https://kawalpemilu.org#74869,"MULYONEGORO, PULUBALA, GORONTALO, GORONTALO",1,69,36,105
https://kawalpemilu.org#74869,"MULYONEGORO, PULUBALA, GORONTALO, GORONTALO",2,88,90,178
https://kawalpemilu.org#74869,"MULYONEGORO, PULUBALA, GORONTALO, GORONTALO",3,123,78,201
https://kawalpemilu.org#74869,"MULYONEGORO, PULUBALA, GORONTALO, GORONTALO",4,131,59,190
https://kawalpemilu.org#74869,"MULYONEGORO, PULUBALA, GORONTALO, GORONTALO",5,101,54,155
https://kawalpemilu.org#74869,"MULYONEGORO, PULUBALA, GORONTALO, GORONTALO",6,142,88,230
https://kawalpemilu.org#74869,"MULYONEGORO, PULUBALA, GORONTALO, GORONTALO",7,94,69,163
https://kawalpemilu.org#74869,"MULYONEGORO, PULUBALA, GORONTALO, GORONTALO",8,162,53,215
https://kawalpemilu.org#74870,"PUNCAK, PULUBALA, GORONTALO, GORONTALO",1,132,87,219
https://kawalpemilu.org#74870,"PUNCAK, PULUBALA, GORONTALO, GORONTALO",2,156,86,242
https://kawalpemilu.org#74870,"PUNCAK, PULUBALA, GORONTALO, GORONTALO",3,141,94,235
https://kawalpemilu.org#74870,"PUNCAK, PULUBALA, GORONTALO, GORONTALO",4,209,45,254
https://kawalpemilu.org#74870,"PUNCAK, PULUBALA, GORONTALO, GORONTALO",5,152,77,229
https://kawalpemilu.org#74870,"PUNCAK, PULUBALA, GORONTALO, GORONTALO",6,177,85,262
https://kawalpemilu.org#74870,"PUNCAK, PULUBALA, GORONTALO, GORONTALO",7,147,78,225
https://kawalpemilu.org#74870,"PUNCAK, PULUBALA, GORONTALO, GORONTALO",8,103,89,192
https://kawalpemilu.org#74870,"PUNCAK, PULUBALA, GORONTALO, GORONTALO",9,120,67,187
https://kawalpemilu.org#74870,"PUNCAK, PULUBALA, GORONTALO, GORONTALO",10,195,71,266
https://kawalpemilu.org#74871,"TOYIDITO, PULUBALA, GORONTALO, GORONTALO",1,150,94,244
https://kawalpemilu.org#74871,"TOYIDITO, PULUBALA, GORONTALO, GORONTALO",2,111,101,212
https://kawalpemilu.org#74871,"TOYIDITO, PULUBALA, GORONTALO, GORONTALO",3,126,115,241
https://kawalpemilu.org#74871,"TOYIDITO, PULUBALA, GORONTALO, GORONTALO",4,159,70,229
https://kawalpemilu.org#74871,"TOYIDITO, PULUBALA, GORONTALO, GORONTALO",5,99,131,230
https://kawalpemilu.org#74871,"TOYIDITO, PULUBALA, GORONTALO, GORONTALO",6,113,92,205
https://kawalpemilu.org#74871,"TOYIDITO, PULUBALA, GORONTALO, GORONTALO",7,195,52,247
https://kawalpemilu.org#74872,"AYUMOLINGO, PULUBALA, GORONTALO, GORONTALO",1,88,162,250
https://kawalpemilu.org#74872,"AYUMOLINGO, PULUBALA, GORONTALO, GORONTALO",2,109,133,242
https://kawalpemilu.org#74872,"AYUMOLINGO, PULUBALA, GORONTALO, GORONTALO",3,168,74,242
https://kawalpemilu.org#74872,"AYUMOLINGO, PULUBALA, GORONTALO, GORONTALO",4,108,89,197
https://kawalpemilu.org#74873,"BUKIT AREN, PULUBALA, GORONTALO, GORONTALO",1,124,97,221
https://kawalpemilu.org#74873,"BUKIT AREN, PULUBALA, GORONTALO, GORONTALO",2,114,41,155
https://kawalpemilu.org#74873,"BUKIT AREN, PULUBALA, GORONTALO, GORONTALO",3,132,65,197
https://kawalpemilu.org#74873,"BUKIT AREN, PULUBALA, GORONTALO, GORONTALO",4,140,65,205
https://kawalpemilu.org#74873,"BUKIT AREN, PULUBALA, GORONTALO, GORONTALO",5,125,60,185
https://kawalpemilu.org#74873,"BUKIT AREN, PULUBALA, GORONTALO, GORONTALO",6,168,59,227
https://kawalpemilu.org#74875,"PONE, LIMBOTO BARAT, GORONTALO, GORONTALO",1,63,154,217
https://kawalpemilu.org#74875,"PONE, LIMBOTO BARAT, GORONTALO, GORONTALO",2,76,176,252
https://kawalpemilu.org#74875,"PONE, LIMBOTO BARAT, GORONTALO, GORONTALO",3,132,119,251
https://kawalpemilu.org#74875,"PONE, LIMBOTO BARAT, GORONTALO, GORONTALO",4,87,169,256
https://kawalpemilu.org#74875,"PONE, LIMBOTO BARAT, GORONTALO, GORONTALO",5,102,142,244
https://kawalpemilu.org#74875,"PONE, LIMBOTO BARAT, GORONTALO, GORONTALO",6,87,158,245
https://kawalpemilu.org#74875,"PONE, LIMBOTO BARAT, GORONTALO, GORONTALO",7,111,124,235
https://kawalpemilu.org#74876,"HUIDU, LIMBOTO BARAT, GORONTALO, GORONTALO",1,106,158,264
https://kawalpemilu.org#74876,"HUIDU, LIMBOTO BARAT, GORONTALO, GORONTALO",2,107,152,259
https://kawalpemilu.org#74876,"HUIDU, LIMBOTO BARAT, GORONTALO, GORONTALO",3,76,157,233
https://kawalpemilu.org#74876,"HUIDU, LIMBOTO BARAT, GORONTALO, GORONTALO",4,68,192,260
https://kawalpemilu.org#74876,"HUIDU, LIMBOTO BARAT, GORONTALO, GORONTALO",5,118,153,271
https://kawalpemilu.org#74876,"HUIDU, LIMBOTO BARAT, GORONTALO, GORONTALO",6,124,123,247
https://kawalpemilu.org#74877,"OMBULO, LIMBOTO BARAT, GORONTALO, GORONTALO",1,165,79,244
https://kawalpemilu.org#74877,"OMBULO, LIMBOTO BARAT, GORONTALO, GORONTALO",2,129,84,213
https://kawalpemilu.org#74877,"OMBULO, LIMBOTO BARAT, GORONTALO, GORONTALO",3,156,85,241
https://kawalpemilu.org#74877,"OMBULO, LIMBOTO BARAT, GORONTALO, GORONTALO",4,165,104,269
https://kawalpemilu.org#74877,"OMBULO, LIMBOTO BARAT, GORONTALO, GORONTALO",5,96,138,234
https://kawalpemilu.org#74877,"OMBULO, LIMBOTO BARAT, GORONTALO, GORONTALO",6,88,98,186
https://kawalpemilu.org#74877,"OMBULO, LIMBOTO BARAT, GORONTALO, GORONTALO",7,84,66,150
https://kawalpemilu.org#74877,"OMBULO, LIMBOTO BARAT, GORONTALO, GORONTALO",8,123,109,232
https://kawalpemilu.org#74878,"DAENAA, LIMBOTO BARAT, GORONTALO, GORONTALO",1,137,134,271
https://kawalpemilu.org#74878,"DAENAA, LIMBOTO BARAT, GORONTALO, GORONTALO",2,75,190,265
https://kawalpemilu.org#74878,"DAENAA, LIMBOTO BARAT, GORONTALO, GORONTALO",3,57,197,254
https://kawalpemilu.org#74878,"DAENAA, LIMBOTO BARAT, GORONTALO, GORONTALO",4,44,199,243
https://kawalpemilu.org#74878,"DAENAA, LIMBOTO BARAT, GORONTALO, GORONTALO",5,106,134,240
https://kawalpemilu.org#74878,"DAENAA, LIMBOTO BARAT, GORONTALO, GORONTALO",6,166,89,255
https://kawalpemilu.org#74878,"DAENAA, LIMBOTO BARAT, GORONTALO, GORONTALO",7,163,84,247
https://kawalpemilu.org#74878,"DAENAA, LIMBOTO BARAT, GORONTALO, GORONTALO",8,182,76,258
https://kawalpemilu.org#74878,"DAENAA, LIMBOTO BARAT, GORONTALO, GORONTALO",9,167,96,263
https://kawalpemilu.org#74879,"YOSONEGORO, LIMBOTO BARAT, GORONTALO, GORONTALO",1,125,115,240
https://kawalpemilu.org#74879,"YOSONEGORO, LIMBOTO BARAT, GORONTALO, GORONTALO",2,106,111,217
https://kawalpemilu.org#74879,"YOSONEGORO, LIMBOTO BARAT, GORONTALO, GORONTALO",3,87,130,217
https://kawalpemilu.org#74879,"YOSONEGORO, LIMBOTO BARAT, GORONTALO, GORONTALO",4,74,120,194
https://kawalpemilu.org#74879,"YOSONEGORO, LIMBOTO BARAT, GORONTALO, GORONTALO",5,64,151,215
https://kawalpemilu.org#74879,"YOSONEGORO, LIMBOTO BARAT, GORONTALO, GORONTALO",6,62,135,197
https://kawalpemilu.org#74879,"YOSONEGORO, LIMBOTO BARAT, GORONTALO, GORONTALO",7,61,161,222
https://kawalpemilu.org#74880,"TUNGGULO, LIMBOTO BARAT, GORONTALO, GORONTALO",1,92,153,245
https://kawalpemilu.org#74880,"TUNGGULO, LIMBOTO BARAT, GORONTALO, GORONTALO",2,115,124,239
https://kawalpemilu.org#74880,"TUNGGULO, LIMBOTO BARAT, GORONTALO, GORONTALO",3,86,114,200
https://kawalpemilu.org#74880,"TUNGGULO, LIMBOTO BARAT, GORONTALO, GORONTALO",4,117,112,229
https://kawalpemilu.org#74880,"TUNGGULO, LIMBOTO BARAT, GORONTALO, GORONTALO",5,110,127,237
https://kawalpemilu.org#74880,"TUNGGULO, LIMBOTO BARAT, GORONTALO, GORONTALO",6,86,147,233
https://kawalpemilu.org#74880,"TUNGGULO, LIMBOTO BARAT, GORONTALO, GORONTALO",7,88,146,234
https://kawalpemilu.org#74880,"TUNGGULO, LIMBOTO BARAT, GORONTALO, GORONTALO",8,99,135,234
https://kawalpemilu.org#74881,"HUTABOHU, LIMBOTO BARAT, GORONTALO, GORONTALO",1,129,119,248
https://kawalpemilu.org#74881,"HUTABOHU, LIMBOTO BARAT, GORONTALO, GORONTALO",2,106,120,226
https://kawalpemilu.org#74881,"HUTABOHU, LIMBOTO BARAT, GORONTALO, GORONTALO",3,118,118,236
https://kawalpemilu.org#74881,"HUTABOHU, LIMBOTO BARAT, GORONTALO, GORONTALO",4,109,114,223
https://kawalpemilu.org#74881,"HUTABOHU, LIMBOTO BARAT, GORONTALO, GORONTALO",5,116,108,224
https://kawalpemilu.org#74881,"HUTABOHU, LIMBOTO BARAT, GORONTALO, GORONTALO",6,96,135,231
https://kawalpemilu.org#74881,"HUTABOHU, LIMBOTO BARAT, GORONTALO, GORONTALO",7,114,88,202
https://kawalpemilu.org#74881,"HUTABOHU, LIMBOTO BARAT, GORONTALO, GORONTALO",8,110,108,218
https://kawalpemilu.org#74881,"HUTABOHU, LIMBOTO BARAT, GORONTALO, GORONTALO",9,167,69,236
https://kawalpemilu.org#74881,"HUTABOHU, LIMBOTO BARAT, GORONTALO, GORONTALO",10,133,114,247
https://kawalpemilu.org#74882,"PADENGO, LIMBOTO BARAT, GORONTALO, GORONTALO",1,169,68,237
https://kawalpemilu.org#74882,"PADENGO, LIMBOTO BARAT, GORONTALO, GORONTALO",2,163,80,243
https://kawalpemilu.org#74882,"PADENGO, LIMBOTO BARAT, GORONTALO, GORONTALO",3,118,122,240
https://kawalpemilu.org#74882,"PADENGO, LIMBOTO BARAT, GORONTALO, GORONTALO",4,143,114,257
https://kawalpemilu.org#74882,"PADENGO, LIMBOTO BARAT, GORONTALO, GORONTALO",5,104,102,206
https://kawalpemilu.org#74883,"HAYA-HAYA, LIMBOTO BARAT, GORONTALO, GORONTALO",1,148,97,245
https://kawalpemilu.org#74883,"HAYA-HAYA, LIMBOTO BARAT, GORONTALO, GORONTALO",2,201,37,238
https://kawalpemilu.org#74883,"HAYA-HAYA, LIMBOTO BARAT, GORONTALO, GORONTALO",3,109,89,198
https://kawalpemilu.org#74883,"HAYA-HAYA, LIMBOTO BARAT, GORONTALO, GORONTALO",4,138,64,202
https://kawalpemilu.org#74883,"HAYA-HAYA, LIMBOTO BARAT, GORONTALO, GORONTALO",5,152,72,224
https://kawalpemilu.org#74883,"HAYA-HAYA, LIMBOTO BARAT, GORONTALO, GORONTALO",6,197,36,233
https://kawalpemilu.org#74883,"HAYA-HAYA, LIMBOTO BARAT, GORONTALO, GORONTALO",7,152,50,202
https://kawalpemilu.org#74884,"HUIDU UTARA, LIMBOTO BARAT, GORONTALO, GORONTALO",1,143,138,281
https://kawalpemilu.org#74884,"HUIDU UTARA, LIMBOTO BARAT, GORONTALO, GORONTALO",2,124,126,250
https://kawalpemilu.org#74884,"HUIDU UTARA, LIMBOTO BARAT, GORONTALO, GORONTALO",3,180,70,250
https://kawalpemilu.org#74886,"TUALANGO, TILANGO, GORONTALO, GORONTALO",1,81,141,222
https://kawalpemilu.org#74886,"TUALANGO, TILANGO, GORONTALO, GORONTALO",2,119,134,253
https://kawalpemilu.org#74886,"TUALANGO, TILANGO, GORONTALO, GORONTALO",3,75,115,190
https://kawalpemilu.org#74887,"DULOMO, TILANGO, GORONTALO, GORONTALO",1,80,90,170
https://kawalpemilu.org#74887,"DULOMO, TILANGO, GORONTALO, GORONTALO",2,86,99,185
https://kawalpemilu.org#74887,"DULOMO, TILANGO, GORONTALO, GORONTALO",3,88,100,188
https://kawalpemilu.org#74888,"TILOTE, TILANGO, GORONTALO, GORONTALO",1,119,89,208
https://kawalpemilu.org#74888,"TILOTE, TILANGO, GORONTALO, GORONTALO",2,108,110,218
https://kawalpemilu.org#74888,"TILOTE, TILANGO, GORONTALO, GORONTALO",3,114,98,212
https://kawalpemilu.org#74888,"TILOTE, TILANGO, GORONTALO, GORONTALO",4,102,118,220
https://kawalpemilu.org#74888,"TILOTE, TILANGO, GORONTALO, GORONTALO",5,85,87,172
https://kawalpemilu.org#74888,"TILOTE, TILANGO, GORONTALO, GORONTALO",6,137,78,115
https://kawalpemilu.org#74889,"TABUMELA, TILANGO, GORONTALO, GORONTALO",1,125,92,217
https://kawalpemilu.org#74889,"TABUMELA, TILANGO, GORONTALO, GORONTALO",2,103,121,224
https://kawalpemilu.org#74889,"TABUMELA, TILANGO, GORONTALO, GORONTALO",3,105,123,228
https://kawalpemilu.org#74889,"TABUMELA, TILANGO, GORONTALO, GORONTALO",4,111,81,192
https://kawalpemilu.org#74889,"TABUMELA, TILANGO, GORONTALO, GORONTALO",5,160,75,237
https://kawalpemilu.org#74889,"TABUMELA, TILANGO, GORONTALO, GORONTALO",6,142,91,233
https://kawalpemilu.org#74890,"ILOTIDEA, TILANGO, GORONTALO, GORONTALO",1,89,135,224
https://kawalpemilu.org#74890,"ILOTIDEA, TILANGO, GORONTALO, GORONTALO",2,95,141,236
https://kawalpemilu.org#74890,"ILOTIDEA, TILANGO, GORONTALO, GORONTALO",3,102,139,241
https://kawalpemilu.org#74890,"ILOTIDEA, TILANGO, GORONTALO, GORONTALO",4,110,118,228
https://kawalpemilu.org#74890,"ILOTIDEA, TILANGO, GORONTALO, GORONTALO",5,115,130,245
https://kawalpemilu.org#74891,"LAUWONU, TILANGO, GORONTALO, GORONTALO",1,98,131,229
https://kawalpemilu.org#74891,"LAUWONU, TILANGO, GORONTALO, GORONTALO",2,104,133,237
https://kawalpemilu.org#74891,"LAUWONU, TILANGO, GORONTALO, GORONTALO",3,126,98,224
https://kawalpemilu.org#74891,"LAUWONU, TILANGO, GORONTALO, GORONTALO",4,109,117,226
https://kawalpemilu.org#74891,"LAUWONU, TILANGO, GORONTALO, GORONTALO",5,126,120,246
https://kawalpemilu.org#74892,"TENGGELA, TILANGO, GORONTALO, GORONTALO",1,116,95,211
https://kawalpemilu.org#74892,"TENGGELA, TILANGO, GORONTALO, GORONTALO",2,127,76,203
https://kawalpemilu.org#74892,"TENGGELA, TILANGO, GORONTALO, GORONTALO",3,80,112,192
https://kawalpemilu.org#74892,"TENGGELA, TILANGO, GORONTALO, GORONTALO",4,113,88,201
https://kawalpemilu.org#74892,"TENGGELA, TILANGO, GORONTALO, GORONTALO",5,115,91,206
https://kawalpemilu.org#74892,"TENGGELA, TILANGO, GORONTALO, GORONTALO",6,83,87,170
https://kawalpemilu.org#74892,"TENGGELA, TILANGO, GORONTALO, GORONTALO",7,69,101,170
https://kawalpemilu.org#74892,"TENGGELA, TILANGO, GORONTALO, GORONTALO",8,130,68,198
https://kawalpemilu.org#74893,"TINELO, TILANGO, GORONTALO, GORONTALO",1,102,140,242
https://kawalpemilu.org#74893,"TINELO, TILANGO, GORONTALO, GORONTALO",2,101,161,262
https://kawalpemilu.org#74893,"TINELO, TILANGO, GORONTALO, GORONTALO",3,83,127,210
https://kawalpemilu.org#74893,"TINELO, TILANGO, GORONTALO, GORONTALO",4,103,120,223
https://kawalpemilu.org#74893,"TINELO, TILANGO, GORONTALO, GORONTALO",5,137,93,230
https://kawalpemilu.org#74893,"TINELO, TILANGO, GORONTALO, GORONTALO",6,76,137,213
https://kawalpemilu.org#74895,"TABONGO TIMUR, TABONGO, GORONTALO, GORONTALO",1,68,167,235
https://kawalpemilu.org#74895,"TABONGO TIMUR, TABONGO, GORONTALO, GORONTALO",2,105,129,234
https://kawalpemilu.org#74895,"TABONGO TIMUR, TABONGO, GORONTALO, GORONTALO",3,100,85,185
https://kawalpemilu.org#74895,"TABONGO TIMUR, TABONGO, GORONTALO, GORONTALO",4,103,123,226
https://kawalpemilu.org#74895,"TABONGO TIMUR, TABONGO, GORONTALO, GORONTALO",5,147,97,244
https://kawalpemilu.org#74895,"TABONGO TIMUR, TABONGO, GORONTALO, GORONTALO",6,169,36,205
https://kawalpemilu.org#74895,"TABONGO TIMUR, TABONGO, GORONTALO, GORONTALO",7,190,55,245
https://kawalpemilu.org#74895,"TABONGO TIMUR, TABONGO, GORONTALO, GORONTALO",8,140,79,219
https://kawalpemilu.org#74895,"TABONGO TIMUR, TABONGO, GORONTALO, GORONTALO",9,185,24,209
https://kawalpemilu.org#74895,"TABONGO TIMUR, TABONGO, GORONTALO, GORONTALO",10,128,82,210
https://kawalpemilu.org#74896,"TABONGO BARAT, TABONGO, GORONTALO, GORONTALO",1,113,74,187
https://kawalpemilu.org#74896,"TABONGO BARAT, TABONGO, GORONTALO, GORONTALO",2,155,67,222
https://kawalpemilu.org#74896,"TABONGO BARAT, TABONGO, GORONTALO, GORONTALO",3,130,115,245
https://kawalpemilu.org#74896,"TABONGO BARAT, TABONGO, GORONTALO, GORONTALO",4,135,84,219
https://kawalpemilu.org#74896,"TABONGO BARAT, TABONGO, GORONTALO, GORONTALO",5,156,66,222
https://kawalpemilu.org#74896,"TABONGO BARAT, TABONGO, GORONTALO, GORONTALO",6,164,78,242
https://kawalpemilu.org#74897,"LIMEHE BARAT, TABONGO, GORONTALO, GORONTALO",1,106,69,175
https://kawalpemilu.org#74897,"LIMEHE BARAT, TABONGO, GORONTALO, GORONTALO",2,106,83,189
https://kawalpemilu.org#74897,"LIMEHE BARAT, TABONGO, GORONTALO, GORONTALO",3,64,112,176
https://kawalpemilu.org#74897,"LIMEHE BARAT, TABONGO, GORONTALO, GORONTALO",4,93,137,230
https://kawalpemilu.org#74898,"LIMEHE TIMUR, TABONGO, GORONTALO, GORONTALO",1,96,127,223
https://kawalpemilu.org#74898,"LIMEHE TIMUR, TABONGO, GORONTALO, GORONTALO",2,113,80,193
https://kawalpemilu.org#74898,"LIMEHE TIMUR, TABONGO, GORONTALO, GORONTALO",3,142,92,234
https://kawalpemilu.org#74898,"LIMEHE TIMUR, TABONGO, GORONTALO, GORONTALO",4,128,87,215
https://kawalpemilu.org#74898,"LIMEHE TIMUR, TABONGO, GORONTALO, GORONTALO",5,140,77,217
https://kawalpemilu.org#74898,"LIMEHE TIMUR, TABONGO, GORONTALO, GORONTALO",6,137,77,214
https://kawalpemilu.org#74898,"LIMEHE TIMUR, TABONGO, GORONTALO, GORONTALO",7,124,100,224
https://kawalpemilu.org#74899,"ILOMANGGA, TABONGO, GORONTALO, GORONTALO",1,110,124,234
https://kawalpemilu.org#74899,"ILOMANGGA, TABONGO, GORONTALO, GORONTALO",2,80,158,238
https://kawalpemilu.org#74899,"ILOMANGGA, TABONGO, GORONTALO, GORONTALO",3,122,91,213
https://kawalpemilu.org#74899,"ILOMANGGA, TABONGO, GORONTALO, GORONTALO",4,141,85,226
https://kawalpemilu.org#74899,"ILOMANGGA, TABONGO, GORONTALO, GORONTALO",5,114,127,241
https://kawalpemilu.org#74899,"ILOMANGGA, TABONGO, GORONTALO, GORONTALO",6,137,87,224
https://kawalpemilu.org#74899,"ILOMANGGA, TABONGO, GORONTALO, GORONTALO",7,136,68,204
https://kawalpemilu.org#74900,"MOTINELO, TABONGO, GORONTALO, GORONTALO",1,176,50,226
https://kawalpemilu.org#74900,"MOTINELO, TABONGO, GORONTALO, GORONTALO",2,131,103,234
https://kawalpemilu.org#74900,"MOTINELO, TABONGO, GORONTALO, GORONTALO",3,88,34,122
https://kawalpemilu.org#74900,"MOTINELO, TABONGO, GORONTALO, GORONTALO",4,146,52,198
https://kawalpemilu.org#74900,"MOTINELO, TABONGO, GORONTALO, GORONTALO",5,147,55,202
https://kawalpemilu.org#74901,"MOAHUDU, TABONGO, GORONTALO, GORONTALO",1,132,77,209
https://kawalpemilu.org#74901,"MOAHUDU, TABONGO, GORONTALO, GORONTALO",2,121,95,216
https://kawalpemilu.org#74901,"MOAHUDU, TABONGO, GORONTALO, GORONTALO",3,115,85,200
https://kawalpemilu.org#74901,"MOAHUDU, TABONGO, GORONTALO, GORONTALO",4,107,106,213
https://kawalpemilu.org#74901,"MOAHUDU, TABONGO, GORONTALO, GORONTALO",5,116,65,181
https://kawalpemilu.org#74901,"MOAHUDU, TABONGO, GORONTALO, GORONTALO",6,116,118,234
https://kawalpemilu.org#74902,"TERATAI, TABONGO, GORONTALO, GORONTALO",1,34,59,93
https://kawalpemilu.org#74902,"TERATAI, TABONGO, GORONTALO, GORONTALO",2,146,81,227
https://kawalpemilu.org#74902,"TERATAI, TABONGO, GORONTALO, GORONTALO",3,118,91,209
https://kawalpemilu.org#74902,"TERATAI, TABONGO, GORONTALO, GORONTALO",4,116,91,207
https://kawalpemilu.org#74902,"TERATAI, TABONGO, GORONTALO, GORONTALO",5,87,127,214
https://kawalpemilu.org#74903,"LIMEHU, TABONGO, GORONTALO, GORONTALO",1,98,75,173
https://kawalpemilu.org#74903,"LIMEHU, TABONGO, GORONTALO, GORONTALO",2,82,105,187
https://kawalpemilu.org#74903,"LIMEHU, TABONGO, GORONTALO, GORONTALO",3,74,85,159
https://kawalpemilu.org#74903,"LIMEHU, TABONGO, GORONTALO, GORONTALO",4,117,69,186
https://kawalpemilu.org#74905,"BILUHU BARAT, BILUHU, GORONTALO, GORONTALO",1,128,66,194
https://kawalpemilu.org#74905,"BILUHU BARAT, BILUHU, GORONTALO, GORONTALO",2,114,91,205
https://kawalpemilu.org#74905,"BILUHU BARAT, BILUHU, GORONTALO, GORONTALO",3,161,51,212
https://kawalpemilu.org#74905,"BILUHU BARAT, BILUHU, GORONTALO, GORONTALO",4,110,27,137
https://kawalpemilu.org#74905,"BILUHU BARAT, BILUHU, GORONTALO, GORONTALO",5,200,38,238
https://kawalpemilu.org#74906,"LOBUTO, BILUHU, GORONTALO, GORONTALO",1,164,51,215
https://kawalpemilu.org#74906,"LOBUTO, BILUHU, GORONTALO, GORONTALO",2,155,55,210
https://kawalpemilu.org#74906,"LOBUTO, BILUHU, GORONTALO, GORONTALO",3,140,58,198
https://kawalpemilu.org#74906,"LOBUTO, BILUHU, GORONTALO, GORONTALO",4,137,75,212
https://kawalpemilu.org#74907,"BILUHU TENGAH, BILUHU, GORONTALO, GORONTALO",1,114,103,217
https://kawalpemilu.org#74907,"BILUHU TENGAH, BILUHU, GORONTALO, GORONTALO",2,167,44,211
https://kawalpemilu.org#74907,"BILUHU TENGAH, BILUHU, GORONTALO, GORONTALO",3,115,84,199
https://kawalpemilu.org#74907,"BILUHU TENGAH, BILUHU, GORONTALO, GORONTALO",4,150,32,182
https://kawalpemilu.org#74907,"BILUHU TENGAH, BILUHU, GORONTALO, GORONTALO",5,167,55,222
https://kawalpemilu.org#74908,"LULUO, BILUHU, GORONTALO, GORONTALO",1,113,93,206
https://kawalpemilu.org#74908,"LULUO, BILUHU, GORONTALO, GORONTALO",2,169,67,236
https://kawalpemilu.org#74909,"HUWONGO, BILUHU, GORONTALO, GORONTALO",1,171,50,221
https://kawalpemilu.org#74909,"HUWONGO, BILUHU, GORONTALO, GORONTALO",2,158,62,220
https://kawalpemilu.org#74909,"HUWONGO, BILUHU, GORONTALO, GORONTALO",3,146,55,201
https://kawalpemilu.org#74910,"LOBUTO TIMUR, BILUHU, GORONTALO, GORONTALO",1,144,96,240
https://kawalpemilu.org#74910,"LOBUTO TIMUR, BILUHU, GORONTALO, GORONTALO",2,157,80,237
https://kawalpemilu.org#74910,"LOBUTO TIMUR, BILUHU, GORONTALO, GORONTALO",3,129,112,241
https://kawalpemilu.org#74911,"BOTUBOLU'O, BILUHU, GORONTALO, GORONTALO",1,154,59,213
https://kawalpemilu.org#74911,"BOTUBOLU'O, BILUHU, GORONTALO, GORONTALO",2,191,45,236
https://kawalpemilu.org#74912,"OLIMEYALA, BILUHU, GORONTALO, GORONTALO",1,128,64,192
https://kawalpemilu.org#74912,"OLIMEYALA, BILUHU, GORONTALO, GORONTALO",2,83,28,111
https://kawalpemilu.org#74914,"BULULI, ASPARAGA, GORONTALO, GORONTALO",1,100,57,157
https://kawalpemilu.org#74914,"BULULI, ASPARAGA, GORONTALO, GORONTALO",2,138,52,190
https://kawalpemilu.org#74914,"BULULI, ASPARAGA, GORONTALO, GORONTALO",3,111,87,198
https://kawalpemilu.org#74914,"BULULI, ASPARAGA, GORONTALO, GORONTALO",4,145,60,205
https://kawalpemilu.org#74914,"BULULI, ASPARAGA, GORONTALO, GORONTALO",5,77,60,137
https://kawalpemilu.org#74914,"BULULI, ASPARAGA, GORONTALO, GORONTALO",6,109,98,207
https://kawalpemilu.org#74915,"MOHIYOLO, ASPARAGA, GORONTALO, GORONTALO",1,184,64,248
https://kawalpemilu.org#74915,"MOHIYOLO, ASPARAGA, GORONTALO, GORONTALO",2,187,65,252
https://kawalpemilu.org#74915,"MOHIYOLO, ASPARAGA, GORONTALO, GORONTALO",4,131,67,198
https://kawalpemilu.org#74915,"MOHIYOLO, ASPARAGA, GORONTALO, GORONTALO",5,120,74,194
https://kawalpemilu.org#74916,"PANGAHU, ASPARAGA, GORONTALO, GORONTALO",1,154,42,196
https://kawalpemilu.org#74916,"PANGAHU, ASPARAGA, GORONTALO, GORONTALO",2,144,69,213
https://kawalpemilu.org#74916,"PANGAHU, ASPARAGA, GORONTALO, GORONTALO",3,155,59,214
https://kawalpemilu.org#74916,"PANGAHU, ASPARAGA, GORONTALO, GORONTALO",4,162,63,225
https://kawalpemilu.org#74917,"KARYA INDAH, ASPARAGA, GORONTALO, GORONTALO",1,156,73,229
https://kawalpemilu.org#74917,"KARYA INDAH, ASPARAGA, GORONTALO, GORONTALO",2,159,73,232
https://kawalpemilu.org#74917,"KARYA INDAH, ASPARAGA, GORONTALO, GORONTALO",3,145,58,203
https://kawalpemilu.org#74917,"KARYA INDAH, ASPARAGA, GORONTALO, GORONTALO",4,120,56,176
https://kawalpemilu.org#74918,"PRIMA, ASPARAGA, GORONTALO, GORONTALO",1,135,80,215
https://kawalpemilu.org#74918,"PRIMA, ASPARAGA, GORONTALO, GORONTALO",2,133,78,211
https://kawalpemilu.org#74918,"PRIMA, ASPARAGA, GORONTALO, GORONTALO",3,142,55,197
https://kawalpemilu.org#74919,"TIOHU, ASPARAGA, GORONTALO, GORONTALO",1,171,67,238
https://kawalpemilu.org#74919,"TIOHU, ASPARAGA, GORONTALO, GORONTALO",2,152,93,245
https://kawalpemilu.org#74919,"TIOHU, ASPARAGA, GORONTALO, GORONTALO",3,177,65,242
https://kawalpemilu.org#74920,"OLIMOHULO, ASPARAGA, GORONTALO, GORONTALO",1,224,35,259
https://kawalpemilu.org#74920,"OLIMOHULO, ASPARAGA, GORONTALO, GORONTALO",2,203,52,255
https://kawalpemilu.org#74921,"KARYA BARU, ASPARAGA, GORONTALO, GORONTALO",1,152,77,229
https://kawalpemilu.org#74921,"KARYA BARU, ASPARAGA, GORONTALO, GORONTALO",2,148,58,206
https://kawalpemilu.org#74921,"KARYA BARU, ASPARAGA, GORONTALO, GORONTALO",3,147,57,204
https://kawalpemilu.org#74922,"BONTULA, ASPARAGA, GORONTALO, GORONTALO",1,139,108,247
https://kawalpemilu.org#74922,"BONTULA, ASPARAGA, GORONTALO, GORONTALO",2,159,91,250
https://kawalpemilu.org#74922,"BONTULA, ASPARAGA, GORONTALO, GORONTALO",3,170,59,229
https://kawalpemilu.org#74922,"BONTULA, ASPARAGA, GORONTALO, GORONTALO",4,176,57,233
https://kawalpemilu.org#74922,"BONTULA, ASPARAGA, GORONTALO, GORONTALO",5,133,64,197
https://kawalpemilu.org#74923,"BIHE, ASPARAGA, GORONTALO, GORONTALO",1,122,96,218
https://kawalpemilu.org#74923,"BIHE, ASPARAGA, GORONTALO, GORONTALO",2,138,29,167
https://kawalpemilu.org#74925,"HUTADAA, TALAGA JAYA, GORONTALO, GORONTALO",1,111,142,253
https://kawalpemilu.org#74925,"HUTADAA, TALAGA JAYA, GORONTALO, GORONTALO",2,97,96,193
https://kawalpemilu.org#74925,"HUTADAA, TALAGA JAYA, GORONTALO, GORONTALO",3,135,74,209
https://kawalpemilu.org#74925,"HUTADAA, TALAGA JAYA, GORONTALO, GORONTALO",4,211,40,251
https://kawalpemilu.org#74925,"HUTADAA, TALAGA JAYA, GORONTALO, GORONTALO",5,179,53,232
https://kawalpemilu.org#74925,"HUTADAA, TALAGA JAYA, GORONTALO, GORONTALO",6,172,61,233
https://kawalpemilu.org#74926,"BUHU, TALAGA JAYA, GORONTALO, GORONTALO",1,130,77,207
https://kawalpemilu.org#74926,"BUHU, TALAGA JAYA, GORONTALO, GORONTALO",2,94,111,205
https://kawalpemilu.org#74926,"BUHU, TALAGA JAYA, GORONTALO, GORONTALO",3,101,102,203
https://kawalpemilu.org#74926,"BUHU, TALAGA JAYA, GORONTALO, GORONTALO",4,100,99,199
https://kawalpemilu.org#74926,"BUHU, TALAGA JAYA, GORONTALO, GORONTALO",5,56,134,190
https://kawalpemilu.org#74926,"BUHU, TALAGA JAYA, GORONTALO, GORONTALO",6,61,137,198
https://kawalpemilu.org#74927,"LUWOO, TALAGA JAYA, GORONTALO, GORONTALO",1,124,119,243
https://kawalpemilu.org#74927,"LUWOO, TALAGA JAYA, GORONTALO, GORONTALO",2,91,139,230
https://kawalpemilu.org#74927,"LUWOO, TALAGA JAYA, GORONTALO, GORONTALO",3,78,141,219
https://kawalpemilu.org#74927,"LUWOO, TALAGA JAYA, GORONTALO, GORONTALO",4,141,118,259
https://kawalpemilu.org#74927,"LUWOO, TALAGA JAYA, GORONTALO, GORONTALO",5,91,161,252
https://kawalpemilu.org#74927,"LUWOO, TALAGA JAYA, GORONTALO, GORONTALO",6,133,100,233
https://kawalpemilu.org#74927,"LUWOO, TALAGA JAYA, GORONTALO, GORONTALO",7,65,129,194
https://kawalpemilu.org#74927,"LUWOO, TALAGA JAYA, GORONTALO, GORONTALO",8,79,117,196
https://kawalpemilu.org#74927,"LUWOO, TALAGA JAYA, GORONTALO, GORONTALO",9,98,94,192
https://kawalpemilu.org#74928,"BUNGGALO, TALAGA JAYA, GORONTALO, GORONTALO",1,139,111,250
https://kawalpemilu.org#74928,"BUNGGALO, TALAGA JAYA, GORONTALO, GORONTALO",2,94,129,223
https://kawalpemilu.org#74928,"BUNGGALO, TALAGA JAYA, GORONTALO, GORONTALO",3,77,168,245
https://kawalpemilu.org#74928,"BUNGGALO, TALAGA JAYA, GORONTALO, GORONTALO",4,112,87,199
https://kawalpemilu.org#74928,"BUNGGALO, TALAGA JAYA, GORONTALO, GORONTALO",5,87,87,174
https://kawalpemilu.org#74929,"BULOTA, TALAGA JAYA, GORONTALO, GORONTALO",1,125,86,211
https://kawalpemilu.org#74929,"BULOTA, TALAGA JAYA, GORONTALO, GORONTALO",2,104,122,226
https://kawalpemilu.org#74929,"BULOTA, TALAGA JAYA, GORONTALO, GORONTALO",3,87,137,224
https://kawalpemilu.org#74929,"BULOTA, TALAGA JAYA, GORONTALO, GORONTALO",4,91,139,230
https://kawalpemilu.org#74929,"BULOTA, TALAGA JAYA, GORONTALO, GORONTALO",5,86,130,216
https://kawalpemilu.org#74929,"BULOTA, TALAGA JAYA, GORONTALO, GORONTALO",6,114,96,210
https://kawalpemilu.org#74929,"BULOTA, TALAGA JAYA, GORONTALO, GORONTALO",7,117,86,203
https://kawalpemilu.org#74931,"TOTOPO, BILATO, GORONTALO, GORONTALO",1,136,44,180
https://kawalpemilu.org#74931,"TOTOPO, BILATO, GORONTALO, GORONTALO",2,87,52,139
https://kawalpemilu.org#74931,"TOTOPO, BILATO, GORONTALO, GORONTALO",3,159,45,204
https://kawalpemilu.org#74932,"BILATO, BILATO, GORONTALO, GORONTALO",1,183,25,208
https://kawalpemilu.org#74932,"BILATO, BILATO, GORONTALO, GORONTALO",2,158,25,183
https://kawalpemilu.org#74932,"BILATO, BILATO, GORONTALO, GORONTALO",3,149,32,181
https://kawalpemilu.org#74932,"BILATO, BILATO, GORONTALO, GORONTALO",4,164,48,212
https://kawalpemilu.org#74933,"ILOMATA, BILATO, GORONTALO, GORONTALO",1,201,27,228
https://kawalpemilu.org#74933,"ILOMATA, BILATO, GORONTALO, GORONTALO",2,166,75,241
https://kawalpemilu.org#74934,"TAULA'A, BILATO, GORONTALO, GORONTALO",1,152,15,167
https://kawalpemilu.org#74934,"TAULA'A, BILATO, GORONTALO, GORONTALO",2,154,34,188
https://kawalpemilu.org#74934,"TAULA'A, BILATO, GORONTALO, GORONTALO",3,147,33,180
https://kawalpemilu.org#74935,"JURIYA, BILATO, GORONTALO, GORONTALO",1,200,38,238
https://kawalpemilu.org#74935,"JURIYA, BILATO, GORONTALO, GORONTALO",2,168,23,191
https://kawalpemilu.org#74936,"PELEHU, BILATO, GORONTALO, GORONTALO",1,222,15,237
https://kawalpemilu.org#74936,"PELEHU, BILATO, GORONTALO, GORONTALO",2,185,50,235
https://kawalpemilu.org#74937,"BUMELA, BILATO, GORONTALO, GORONTALO",1,106,78,184
https://kawalpemilu.org#74937,"BUMELA, BILATO, GORONTALO, GORONTALO",2,61,147,208
https://kawalpemilu.org#74937,"BUMELA, BILATO, GORONTALO, GORONTALO",3,127,95,222
https://kawalpemilu.org#74937,"BUMELA, BILATO, GORONTALO, GORONTALO",4,109,98,207
https://kawalpemilu.org#74937,"BUMELA, BILATO, GORONTALO, GORONTALO",5,69,35,104
https://kawalpemilu.org#74938,"LAMAHU, BILATO, GORONTALO, GORONTALO",1,118,110,228
https://kawalpemilu.org#74938,"LAMAHU, BILATO, GORONTALO, GORONTALO",2,122,73,195
https://kawalpemilu.org#74938,"LAMAHU, BILATO, GORONTALO, GORONTALO",3,116,89,205
https://kawalpemilu.org#74938,"LAMAHU, BILATO, GORONTALO, GORONTALO",4,115,83,198
https://kawalpemilu.org#74938,"LAMAHU, BILATO, GORONTALO, GORONTALO",5,113,76,189
https://kawalpemilu.org#74939,"MUSYAWARAH, BILATO, GORONTALO, GORONTALO",1,158,107,265
https://kawalpemilu.org#74940,"SUKA DAMAI, BILATO, GORONTALO, GORONTALO",1,159,35,194
https://kawalpemilu.org#74940,"SUKA DAMAI, BILATO, GORONTALO, GORONTALO",2,131,62,193
https://kawalpemilu.org#74940,"SUKA DAMAI, BILATO, GORONTALO, GORONTALO",3,109,59,168
https://kawalpemilu.org#74940,"SUKA DAMAI, BILATO, GORONTALO, GORONTALO",4,111,76,187
https://kawalpemilu.org#74811,"BONGOMEME, DUNGALIYO, GORONTALO, GORONTALO",1,83,118,201
https://kawalpemilu.org#74811,"BONGOMEME, DUNGALIYO, GORONTALO, GORONTALO",2,144,63,207
https://kawalpemilu.org#74811,"BONGOMEME, DUNGALIYO, GORONTALO, GORONTALO",3,130,91,221
https://kawalpemilu.org#74811,"BONGOMEME, DUNGALIYO, GORONTALO, GORONTALO",4,118,94,212
https://kawalpemilu.org#74811,"BONGOMEME, DUNGALIYO, GORONTALO, GORONTALO",5,99,121,220
https://kawalpemilu.org#74812,"DUNGALIYO, DUNGALIYO, GORONTALO, GORONTALO",1,136,106,242
https://kawalpemilu.org#74812,"DUNGALIYO, DUNGALIYO, GORONTALO, GORONTALO",2,115,130,245
https://kawalpemilu.org#74812,"DUNGALIYO, DUNGALIYO, GORONTALO, GORONTALO",3,114,112,226
https://kawalpemilu.org#74812,"DUNGALIYO, DUNGALIYO, GORONTALO, GORONTALO",4,153,89,242
https://kawalpemilu.org#74812,"DUNGALIYO, DUNGALIYO, GORONTALO, GORONTALO",5,157,97,252
https://kawalpemilu.org#74813,"PILOLALENGA, DUNGALIYO, GORONTALO, GORONTALO",1,115,68,183
https://kawalpemilu.org#74813,"PILOLALENGA, DUNGALIYO, GORONTALO, GORONTALO",2,113,90,203
https://kawalpemilu.org#74813,"PILOLALENGA, DUNGALIYO, GORONTALO, GORONTALO",3,116,85,201
https://kawalpemilu.org#74813,"PILOLALENGA, DUNGALIYO, GORONTALO, GORONTALO",4,110,98,208
https://kawalpemilu.org#74813,"PILOLALENGA, DUNGALIYO, GORONTALO, GORONTALO",5,120,111,231
https://kawalpemilu.org#74813,"PILOLALENGA, DUNGALIYO, GORONTALO, GORONTALO",6,117,119,236
https://kawalpemilu.org#74813,"PILOLALENGA, DUNGALIYO, GORONTALO, GORONTALO",7,144,94,238
https://kawalpemilu.org#74813,"PILOLALENGA, DUNGALIYO, GORONTALO, GORONTALO",8,157,52,209
https://kawalpemilu.org#74814,"KALIYOSO, DUNGALIYO, GORONTALO, GORONTALO",1,110,103,213
https://kawalpemilu.org#74814,"KALIYOSO, DUNGALIYO, GORONTALO, GORONTALO",2,93,138,231
https://kawalpemilu.org#74814,"KALIYOSO, DUNGALIYO, GORONTALO, GORONTALO",3,114,90,204
https://kawalpemilu.org#74814,"KALIYOSO, DUNGALIYO, GORONTALO, GORONTALO",4,55,142,197
https://kawalpemilu.org#74814,"KALIYOSO, DUNGALIYO, GORONTALO, GORONTALO",5,107,117,224
https://kawalpemilu.org#74814,"KALIYOSO, DUNGALIYO, GORONTALO, GORONTALO",6,99,113,212
https://kawalpemilu.org#74815,"AMBARA, DUNGALIYO, GORONTALO, GORONTALO",1,168,35,203
https://kawalpemilu.org#74815,"AMBARA, DUNGALIYO, GORONTALO, GORONTALO",2,145,59,204
https://kawalpemilu.org#74815,"AMBARA, DUNGALIYO, GORONTALO, GORONTALO",3,164,38,202
https://kawalpemilu.org#74815,"AMBARA, DUNGALIYO, GORONTALO, GORONTALO",4,147,45,192
https://kawalpemilu.org#74815,"AMBARA, DUNGALIYO, GORONTALO, GORONTALO",5,168,62,230
https://kawalpemilu.org#74816,"PANGADAA, DUNGALIYO, GORONTALO, GORONTALO",1,105,100,205
https://kawalpemilu.org#74816,"PANGADAA, DUNGALIYO, GORONTALO, GORONTALO",2,91,111,202
https://kawalpemilu.org#74816,"PANGADAA, DUNGALIYO, GORONTALO, GORONTALO",3,85,45,130
https://kawalpemilu.org#74816,"PANGADAA, DUNGALIYO, GORONTALO, GORONTALO",4,88,177,205
https://kawalpemilu.org#74816,"PANGADAA, DUNGALIYO, GORONTALO, GORONTALO",5,88,105,193
https://kawalpemilu.org#74816,"PANGADAA, DUNGALIYO, GORONTALO, GORONTALO",6,154,76,230
https://kawalpemilu.org#74826,"AYUHULA, DUNGALIYO, GORONTALO, GORONTALO",1,175,66,241
https://kawalpemilu.org#74826,"AYUHULA, DUNGALIYO, GORONTALO, GORONTALO",2,186,69,255
https://kawalpemilu.org#74826,"AYUHULA, DUNGALIYO, GORONTALO, GORONTALO",3,203,59,262
https://kawalpemilu.org#74828,"DUWANGA, DUNGALIYO, GORONTALO, GORONTALO",1,118,112,230
https://kawalpemilu.org#74828,"DUWANGA, DUNGALIYO, GORONTALO, GORONTALO",2,180,65,245
https://kawalpemilu.org#74828,"DUWANGA, DUNGALIYO, GORONTALO, GORONTALO",3,153,75,228
https://kawalpemilu.org#84040,"MOMALA, DUNGALIYO, GORONTALO, GORONTALO",1,158,55,213
https://kawalpemilu.org#84040,"MOMALA, DUNGALIYO, GORONTALO, GORONTALO",2,95,40,135
https://kawalpemilu.org#84040,"MOMALA, DUNGALIYO, GORONTALO, GORONTALO",3,141,99,240
https://kawalpemilu.org#85885,"BOTUBULOWE, DUNGALIYO, GORONTALO, GORONTALO",2,162,40,202
https://kawalpemilu.org#85885,"BOTUBULOWE, DUNGALIYO, GORONTALO, GORONTALO",3,139,39,178
https://kawalpemilu.org#85885,"BOTUBULOWE, DUNGALIYO, GORONTALO, GORONTALO",4,79,109,183
https://kawalpemilu.org#85885,"BOTUBULOWE, DUNGALIYO, GORONTALO, GORONTALO",5,147,31,178
https://kawalpemilu.org#85885,"BOTUBULOWE, DUNGALIYO, GORONTALO, GORONTALO",6,122,50,172
https://kawalpemilu.org#74943,"BONGO NOL, PAGUYAMAN, BOALEMO, GORONTALO",1,105,96,201
https://kawalpemilu.org#74943,"BONGO NOL, PAGUYAMAN, BOALEMO, GORONTALO",2,77,138,215
https://kawalpemilu.org#74943,"BONGO NOL, PAGUYAMAN, BOALEMO, GORONTALO",3,133,82,215
https://kawalpemilu.org#74943,"BONGO NOL, PAGUYAMAN, BOALEMO, GORONTALO",4,196,52,248
https://kawalpemilu.org#74943,"BONGO NOL, PAGUYAMAN, BOALEMO, GORONTALO",5,212,39,251
https://kawalpemilu.org#74944,"BONGO IV, PAGUYAMAN, BOALEMO, GORONTALO",1,151,71,222
https://kawalpemilu.org#74944,"BONGO IV, PAGUYAMAN, BOALEMO, GORONTALO",2,255,10,265
https://kawalpemilu.org#74944,"BONGO IV, PAGUYAMAN, BOALEMO, GORONTALO",3,166,41,207
https://kawalpemilu.org#74944,"BONGO IV, PAGUYAMAN, BOALEMO, GORONTALO",4,171,17,188
https://kawalpemilu.org#74944,"BONGO IV, PAGUYAMAN, BOALEMO, GORONTALO",5,160,39,199
https://kawalpemilu.org#74944,"BONGO IV, PAGUYAMAN, BOALEMO, GORONTALO",6,163,46,209
https://kawalpemilu.org#74945,"MOLOMBULAHE, PAGUYAMAN, BOALEMO, GORONTALO",1,79,138,217
https://kawalpemilu.org#74945,"MOLOMBULAHE, PAGUYAMAN, BOALEMO, GORONTALO",2,124,136,260
https://kawalpemilu.org#74945,"MOLOMBULAHE, PAGUYAMAN, BOALEMO, GORONTALO",3,144,108,252
https://kawalpemilu.org#74945,"MOLOMBULAHE, PAGUYAMAN, BOALEMO, GORONTALO",4,125,78,203
https://kawalpemilu.org#74945,"MOLOMBULAHE, PAGUYAMAN, BOALEMO, GORONTALO",5,129,106,235
https://kawalpemilu.org#74945,"MOLOMBULAHE, PAGUYAMAN, BOALEMO, GORONTALO",6,121,136,257
https://kawalpemilu.org#74946,"MUTIARA, PAGUYAMAN, BOALEMO, GORONTALO",1,153,104,257
https://kawalpemilu.org#74946,"MUTIARA, PAGUYAMAN, BOALEMO, GORONTALO",2,194,83,277
https://kawalpemilu.org#74946,"MUTIARA, PAGUYAMAN, BOALEMO, GORONTALO",3,145,116,261
https://kawalpemilu.org#74946,"MUTIARA, PAGUYAMAN, BOALEMO, GORONTALO",4,194,83,277
https://kawalpemilu.org#74947,"SARIPI, PAGUYAMAN, BOALEMO, GORONTALO",1,185,31,216
https://kawalpemilu.org#74947,"SARIPI, PAGUYAMAN, BOALEMO, GORONTALO",2,119,66,185
https://kawalpemilu.org#74947,"SARIPI, PAGUYAMAN, BOALEMO, GORONTALO",3,191,65,256
https://kawalpemilu.org#74947,"SARIPI, PAGUYAMAN, BOALEMO, GORONTALO",4,157,62,219
https://kawalpemilu.org#74947,"SARIPI, PAGUYAMAN, BOALEMO, GORONTALO",5,159,62,221
https://kawalpemilu.org#74947,"SARIPI, PAGUYAMAN, BOALEMO, GORONTALO",6,170,60,230
https://kawalpemilu.org#74948,"WONGGAHU, PAGUYAMAN, BOALEMO, GORONTALO",1,115,142,257
https://kawalpemilu.org#74948,"WONGGAHU, PAGUYAMAN, BOALEMO, GORONTALO",2,133,122,255
https://kawalpemilu.org#74948,"WONGGAHU, PAGUYAMAN, BOALEMO, GORONTALO",3,97,134,231
https://kawalpemilu.org#74948,"WONGGAHU, PAGUYAMAN, BOALEMO, GORONTALO",4,105,131,236
https://kawalpemilu.org#74948,"WONGGAHU, PAGUYAMAN, BOALEMO, GORONTALO",5,126,125,251
https://kawalpemilu.org#74948,"WONGGAHU, PAGUYAMAN, BOALEMO, GORONTALO",6,122,140,262
https://kawalpemilu.org#74948,"WONGGAHU, PAGUYAMAN, BOALEMO, GORONTALO",7,157,103,260
https://kawalpemilu.org#74948,"WONGGAHU, PAGUYAMAN, BOALEMO, GORONTALO",8,77,141,218
https://kawalpemilu.org#74949,"TANGKOBU, PAGUYAMAN, BOALEMO, GORONTALO",1,167,51,218
https://kawalpemilu.org#74949,"TANGKOBU, PAGUYAMAN, BOALEMO, GORONTALO",2,144,105,249
https://kawalpemilu.org#74949,"TANGKOBU, PAGUYAMAN, BOALEMO, GORONTALO",3,113,76,189
https://kawalpemilu.org#74949,"TANGKOBU, PAGUYAMAN, BOALEMO, GORONTALO",4,176,31,207
https://kawalpemilu.org#74949,"TANGKOBU, PAGUYAMAN, BOALEMO, GORONTALO",5,132,132,264
https://kawalpemilu.org#74950,"BONGO TUA, PAGUYAMAN, BOALEMO, GORONTALO",1,190,70,260
https://kawalpemilu.org#74950,"BONGO TUA, PAGUYAMAN, BOALEMO, GORONTALO",2,151,101,252
https://kawalpemilu.org#74950,"BONGO TUA, PAGUYAMAN, BOALEMO, GORONTALO",3,138,87,225
https://kawalpemilu.org#74950,"BONGO TUA, PAGUYAMAN, BOALEMO, GORONTALO",4,147,124,271
https://kawalpemilu.org#74951,"KUALALUMPUR, PAGUYAMAN, BOALEMO, GORONTALO",1,109,125,234
https://kawalpemilu.org#74951,"KUALALUMPUR, PAGUYAMAN, BOALEMO, GORONTALO",2,84,3,87
https://kawalpemilu.org#74951,"KUALALUMPUR, PAGUYAMAN, BOALEMO, GORONTALO",3,96,150,246
https://kawalpemilu.org#74951,"KUALALUMPUR, PAGUYAMAN, BOALEMO, GORONTALO",4,129,39,168
https://kawalpemilu.org#74951,"KUALALUMPUR, PAGUYAMAN, BOALEMO, GORONTALO",5,117,34,151
https://kawalpemilu.org#74952,"MUSTIKA, PAGUYAMAN, BOALEMO, GORONTALO",1,113,91,204
https://kawalpemilu.org#74952,"MUSTIKA, PAGUYAMAN, BOALEMO, GORONTALO",2,161,106,267
https://kawalpemilu.org#74952,"MUSTIKA, PAGUYAMAN, BOALEMO, GORONTALO",3,158,94,252
https://kawalpemilu.org#74953,"TENILO, PAGUYAMAN, BOALEMO, GORONTALO",1,99,116,215
https://kawalpemilu.org#74953,"TENILO, PAGUYAMAN, BOALEMO, GORONTALO",2,155,88,243
https://kawalpemilu.org#74953,"TENILO, PAGUYAMAN, BOALEMO, GORONTALO",3,128,24,152
https://kawalpemilu.org#74953,"TENILO, PAGUYAMAN, BOALEMO, GORONTALO",4,136,68,204
https://kawalpemilu.org#74954,"HUWONGO, PAGUYAMAN, BOALEMO, GORONTALO",1,129,95,224
https://kawalpemilu.org#74954,"HUWONGO, PAGUYAMAN, BOALEMO, GORONTALO",2,123,108,231
https://kawalpemilu.org#74954,"HUWONGO, PAGUYAMAN, BOALEMO, GORONTALO",3,152,85,237
https://kawalpemilu.org#74954,"HUWONGO, PAGUYAMAN, BOALEMO, GORONTALO",4,115,23,138
https://kawalpemilu.org#74955,"KARYA MURNI, PAGUYAMAN, BOALEMO, GORONTALO",1,213,39,252
https://kawalpemilu.org#74955,"KARYA MURNI, PAGUYAMAN, BOALEMO, GORONTALO",2,130,105,235
https://kawalpemilu.org#74956,"GIRISA, PAGUYAMAN, BOALEMO, GORONTALO",1,163,110,273
https://kawalpemilu.org#74956,"GIRISA, PAGUYAMAN, BOALEMO, GORONTALO",2,176,59,235
https://kawalpemilu.org#74956,"GIRISA, PAGUYAMAN, BOALEMO, GORONTALO",3,115,28,143
https://kawalpemilu.org#74957,"BATU KRAMAT, PAGUYAMAN, BOALEMO, GORONTALO",1,143,74,217
https://kawalpemilu.org#74957,"BATU KRAMAT, PAGUYAMAN, BOALEMO, GORONTALO",2,149,61,210
https://kawalpemilu.org#74957,"BATU KRAMAT, PAGUYAMAN, BOALEMO, GORONTALO",3,98,103,201
https://kawalpemilu.org#74958,"BUALO, PAGUYAMAN, BOALEMO, GORONTALO",1,102,89,191
https://kawalpemilu.org#74958,"BUALO, PAGUYAMAN, BOALEMO, GORONTALO",2,145,67,212
https://kawalpemilu.org#74958,"BUALO, PAGUYAMAN, BOALEMO, GORONTALO",3,213,42,255
https://kawalpemilu.org#74958,"BUALO, PAGUYAMAN, BOALEMO, GORONTALO",4,79,26,105
https://kawalpemilu.org#74959,"SOSIAL, PAGUYAMAN, BOALEMO, GORONTALO",1,141,76,217
https://kawalpemilu.org#74959,"SOSIAL, PAGUYAMAN, BOALEMO, GORONTALO",2,119,129,248
https://kawalpemilu.org#74959,"SOSIAL, PAGUYAMAN, BOALEMO, GORONTALO",3,107,118,225
https://kawalpemilu.org#74959,"SOSIAL, PAGUYAMAN, BOALEMO, GORONTALO",4,92,130,222
https://kawalpemilu.org#74960,"PERMATA, PAGUYAMAN, BOALEMO, GORONTALO",1,132,139,271
https://kawalpemilu.org#74960,"PERMATA, PAGUYAMAN, BOALEMO, GORONTALO",2,103,139,242
https://kawalpemilu.org#74960,"PERMATA, PAGUYAMAN, BOALEMO, GORONTALO",3,143,103,246
https://kawalpemilu.org#74961,"HULAWA, PAGUYAMAN, BOALEMO, GORONTALO",1,187,75,262
https://kawalpemilu.org#74961,"HULAWA, PAGUYAMAN, BOALEMO, GORONTALO",2,122,72,194
https://kawalpemilu.org#74961,"HULAWA, PAGUYAMAN, BOALEMO, GORONTALO",3,96,58,154
https://kawalpemilu.org#74962,"BALATE JAYA, PAGUYAMAN, BOALEMO, GORONTALO",1,169,39,208
https://kawalpemilu.org#74962,"BALATE JAYA, PAGUYAMAN, BOALEMO, GORONTALO",2,191,56,247
https://kawalpemilu.org#74962,"BALATE JAYA, PAGUYAMAN, BOALEMO, GORONTALO",3,111,21,132
https://kawalpemilu.org#74963,"REJONEGORO, PAGUYAMAN, BOALEMO, GORONTALO",1,109,148,257
https://kawalpemilu.org#74963,"REJONEGORO, PAGUYAMAN, BOALEMO, GORONTALO",2,159,106,265
https://kawalpemilu.org#74963,"REJONEGORO, PAGUYAMAN, BOALEMO, GORONTALO",3,194,62,256
https://kawalpemilu.org#74963,"REJONEGORO, PAGUYAMAN, BOALEMO, GORONTALO",4,74,34,108
https://kawalpemilu.org#74964,"DILOATO, PAGUYAMAN, BOALEMO, GORONTALO",1,143,93,236
https://kawalpemilu.org#74964,"DILOATO, PAGUYAMAN, BOALEMO, GORONTALO",2,155,120,275
https://kawalpemilu.org#74964,"DILOATO, PAGUYAMAN, BOALEMO, GORONTALO",3,169,81,250
https://kawalpemilu.org#74964,"DILOATO, PAGUYAMAN, BOALEMO, GORONTALO",4,158,60,218
https://kawalpemilu.org#74966,"HARAPAN, WONOSARI, BOALEMO, GORONTALO",1,200,36,236
https://kawalpemilu.org#74966,"HARAPAN, WONOSARI, BOALEMO, GORONTALO",2,189,28,217
https://kawalpemilu.org#74966,"HARAPAN, WONOSARI, BOALEMO, GORONTALO",3,154,78,232
https://kawalpemilu.org#74966,"HARAPAN, WONOSARI, BOALEMO, GORONTALO",4,178,59,237
https://kawalpemilu.org#74966,"HARAPAN, WONOSARI, BOALEMO, GORONTALO",5,181,68,249
https://kawalpemilu.org#74966,"HARAPAN, WONOSARI, BOALEMO, GORONTALO",6,180,44,224
https://kawalpemilu.org#74966,"HARAPAN, WONOSARI, BOALEMO, GORONTALO",7,209,39,248
https://kawalpemilu.org#74966,"HARAPAN, WONOSARI, BOALEMO, GORONTALO",8,209,52,261
https://kawalpemilu.org#74966,"HARAPAN, WONOSARI, BOALEMO, GORONTALO",9,128,109,237
https://kawalpemilu.org#74967,"BONGO DUA, WONOSARI, BOALEMO, GORONTALO",1,180,68,248
https://kawalpemilu.org#74967,"BONGO DUA, WONOSARI, BOALEMO, GORONTALO",2,160,88,248
https://kawalpemilu.org#74967,"BONGO DUA, WONOSARI, BOALEMO, GORONTALO",3,154,83,237
https://kawalpemilu.org#74967,"BONGO DUA, WONOSARI, BOALEMO, GORONTALO",4,163,73,236
https://kawalpemilu.org#74967,"BONGO DUA, WONOSARI, BOALEMO, GORONTALO",5,154,75,229
https://kawalpemilu.org#74968,"BONGO TIGA, WONOSARI, BOALEMO, GORONTALO",1,112,126,238
https://kawalpemilu.org#74968,"BONGO TIGA, WONOSARI, BOALEMO, GORONTALO",2,102,134,236
https://kawalpemilu.org#74968,"BONGO TIGA, WONOSARI, BOALEMO, GORONTALO",3,194,23,217
https://kawalpemilu.org#74968,"BONGO TIGA, WONOSARI, BOALEMO, GORONTALO",4,197,17,214
https://kawalpemilu.org#74968,"BONGO TIGA, WONOSARI, BOALEMO, GORONTALO",5,189,68,257
https://kawalpemilu.org#74969,"MEKARJAYA, WONOSARI, BOALEMO, GORONTALO",1,167,77,244
https://kawalpemilu.org#74969,"MEKARJAYA, WONOSARI, BOALEMO, GORONTALO",2,151,89,240
https://kawalpemilu.org#74969,"MEKARJAYA, WONOSARI, BOALEMO, GORONTALO",3,141,40,181
https://kawalpemilu.org#74969,"MEKARJAYA, WONOSARI, BOALEMO, GORONTALO",4,63,44,107
https://kawalpemilu.org#74970,"SUKAMAJU, WONOSARI, BOALEMO, GORONTALO",1,139,93,232
https://kawalpemilu.org#74970,"SUKAMAJU, WONOSARI, BOALEMO, GORONTALO",2,182,49,231
https://kawalpemilu.org#74970,"SUKAMAJU, WONOSARI, BOALEMO, GORONTALO",3,128,84,212
https://kawalpemilu.org#74970,"SUKAMAJU, WONOSARI, BOALEMO, GORONTALO",4,140,60,200
https://kawalpemilu.org#74970,"SUKAMAJU, WONOSARI, BOALEMO, GORONTALO",5,163,54,217
https://kawalpemilu.org#74970,"SUKAMAJU, WONOSARI, BOALEMO, GORONTALO",6,152,100,252
https://kawalpemilu.org#74971,"PANGEYA, WONOSARI, BOALEMO, GORONTALO",1,129,115,244
https://kawalpemilu.org#74971,"PANGEYA, WONOSARI, BOALEMO, GORONTALO",2,172,77,249
https://kawalpemilu.org#74971,"PANGEYA, WONOSARI, BOALEMO, GORONTALO",3,128,105,233
https://kawalpemilu.org#74971,"PANGEYA, WONOSARI, BOALEMO, GORONTALO",4,107,44,151
https://kawalpemilu.org#74971,"PANGEYA, WONOSARI, BOALEMO, GORONTALO",5,121,50,171
https://kawalpemilu.org#74971,"PANGEYA, WONOSARI, BOALEMO, GORONTALO",6,150,59,209
https://kawalpemilu.org#74971,"PANGEYA, WONOSARI, BOALEMO, GORONTALO",7,115,47,162
https://kawalpemilu.org#74971,"PANGEYA, WONOSARI, BOALEMO, GORONTALO",8,154,34,188
https://kawalpemilu.org#74971,"PANGEYA, WONOSARI, BOALEMO, GORONTALO",9,116,77,193
https://kawalpemilu.org#74972,"JATIMULYA, WONOSARI, BOALEMO, GORONTALO",1,159,81,240
https://kawalpemilu.org#74972,"JATIMULYA, WONOSARI, BOALEMO, GORONTALO",2,134,86,220
https://kawalpemilu.org#74972,"JATIMULYA, WONOSARI, BOALEMO, GORONTALO",3,152,99,251
https://kawalpemilu.org#74972,"JATIMULYA, WONOSARI, BOALEMO, GORONTALO",4,147,83,230
https://kawalpemilu.org#74972,"JATIMULYA, WONOSARI, BOALEMO, GORONTALO",5,199,40,239
https://kawalpemilu.org#74973,"SUKAMULYA, WONOSARI, BOALEMO, GORONTALO",1,161,61,222
https://kawalpemilu.org#74973,"SUKAMULYA, WONOSARI, BOALEMO, GORONTALO",2,208,36,244
https://kawalpemilu.org#74973,"SUKAMULYA, WONOSARI, BOALEMO, GORONTALO",3,142,74,216
https://kawalpemilu.org#74973,"SUKAMULYA, WONOSARI, BOALEMO, GORONTALO",4,114,38,152
https://kawalpemilu.org#74974,"SARI TANI, WONOSARI, BOALEMO, GORONTALO",1,181,82,263
https://kawalpemilu.org#74974,"SARI TANI, WONOSARI, BOALEMO, GORONTALO",2,219,50,269
https://kawalpemilu.org#74974,"SARI TANI, WONOSARI, BOALEMO, GORONTALO",3,153,40,193
https://kawalpemilu.org#74974,"SARI TANI, WONOSARI, BOALEMO, GORONTALO",4,182,46,228
https://kawalpemilu.org#74974,"SARI TANI, WONOSARI, BOALEMO, GORONTALO",5,134,56,190
https://kawalpemilu.org#74974,"SARI TANI, WONOSARI, BOALEMO, GORONTALO",6,137,18,155
https://kawalpemilu.org#74974,"SARI TANI, WONOSARI, BOALEMO, GORONTALO",7,212,68,280
https://kawalpemilu.org#74974,"SARI TANI, WONOSARI, BOALEMO, GORONTALO",8,204,69,273
https://kawalpemilu.org#74974,"SARI TANI, WONOSARI, BOALEMO, GORONTALO",9,209,47,256
https://kawalpemilu.org#74974,"SARI TANI, WONOSARI, BOALEMO, GORONTALO",10,187,54,241
https://kawalpemilu.org#74974,"SARI TANI, WONOSARI, BOALEMO, GORONTALO",11,213,45,258
https://kawalpemilu.org#74974,"SARI TANI, WONOSARI, BOALEMO, GORONTALO",12,143,31,174
https://kawalpemilu.org#74974,"SARI TANI, WONOSARI, BOALEMO, GORONTALO",13,127,44,171
https://kawalpemilu.org#74975,"DIMITO, WONOSARI, BOALEMO, GORONTALO",1,194,66,260
https://kawalpemilu.org#74975,"DIMITO, WONOSARI, BOALEMO, GORONTALO",2,173,72,245
https://kawalpemilu.org#74975,"DIMITO, WONOSARI, BOALEMO, GORONTALO",3,140,100,240
https://kawalpemilu.org#74975,"DIMITO, WONOSARI, BOALEMO, GORONTALO",4,186,67,253
https://kawalpemilu.org#74975,"DIMITO, WONOSARI, BOALEMO, GORONTALO",5,129,96,225
https://kawalpemilu.org#74975,"DIMITO, WONOSARI, BOALEMO, GORONTALO",6,39,41,80
https://kawalpemilu.org#74976,"TANJUNG HARAPAN, WONOSARI, BOALEMO, GORONTALO",1,137,102,239
https://kawalpemilu.org#74976,"TANJUNG HARAPAN, WONOSARI, BOALEMO, GORONTALO",2,149,42,191
https://kawalpemilu.org#74976,"TANJUNG HARAPAN, WONOSARI, BOALEMO, GORONTALO",3,44,63,107
https://kawalpemilu.org#74977,"RAHARJA, WONOSARI, BOALEMO, GORONTALO",1,202,49,251
https://kawalpemilu.org#74977,"RAHARJA, WONOSARI, BOALEMO, GORONTALO",2,183,68,251
https://kawalpemilu.org#74978,"TRI RUKUN, WONOSARI, BOALEMO, GORONTALO",1,207,35,242
https://kawalpemilu.org#74978,"TRI RUKUN, WONOSARI, BOALEMO, GORONTALO",2,187,29,216
https://kawalpemilu.org#74978,"TRI RUKUN, WONOSARI, BOALEMO, GORONTALO",3,181,30,211
https://kawalpemilu.org#74979,"DULOHUPA, WONOSARI, BOALEMO, GORONTALO",1,91,51,142
https://kawalpemilu.org#74979,"DULOHUPA, WONOSARI, BOALEMO, GORONTALO",2,188,45,233
https://kawalpemilu.org#74979,"DULOHUPA, WONOSARI, BOALEMO, GORONTALO",3,182,75,257
https://kawalpemilu.org#74981,"DULUPI, DULUPI, BOALEMO, GORONTALO",1,129,109,238
https://kawalpemilu.org#74981,"DULUPI, DULUPI, BOALEMO, GORONTALO",2,156,79,235
https://kawalpemilu.org#74981,"DULUPI, DULUPI, BOALEMO, GORONTALO",3,114,105,219
https://kawalpemilu.org#74981,"DULUPI, DULUPI, BOALEMO, GORONTALO",4,102,89,191
https://kawalpemilu.org#74981,"DULUPI, DULUPI, BOALEMO, GORONTALO",5,86,155,241
https://kawalpemilu.org#74981,"DULUPI, DULUPI, BOALEMO, GORONTALO",6,128,92,220
https://kawalpemilu.org#74981,"DULUPI, DULUPI, BOALEMO, GORONTALO",7,152,96,248
https://kawalpemilu.org#74981,"DULUPI, DULUPI, BOALEMO, GORONTALO",8,187,80,267
https://kawalpemilu.org#74981,"DULUPI, DULUPI, BOALEMO, GORONTALO",9,137,27,164
https://kawalpemilu.org#74981,"DULUPI, DULUPI, BOALEMO, GORONTALO",10,127,31,158
https://kawalpemilu.org#74981,"DULUPI, DULUPI, BOALEMO, GORONTALO",11,133,112,245
https://kawalpemilu.org#74982,"TABONGO, DULUPI, BOALEMO, GORONTALO",1,147,103,250
https://kawalpemilu.org#74982,"TABONGO, DULUPI, BOALEMO, GORONTALO",2,123,106,229
https://kawalpemilu.org#74982,"TABONGO, DULUPI, BOALEMO, GORONTALO",3,154,69,223
https://kawalpemilu.org#74982,"TABONGO, DULUPI, BOALEMO, GORONTALO",4,144,111,255
https://kawalpemilu.org#74982,"TABONGO, DULUPI, BOALEMO, GORONTALO",5,188,53,241
https://kawalpemilu.org#74982,"TABONGO, DULUPI, BOALEMO, GORONTALO",6,52,29,81
https://kawalpemilu.org#74983,"KOTARAJA, DULUPI, BOALEMO, GORONTALO",1,212,40,252
https://kawalpemilu.org#74983,"KOTARAJA, DULUPI, BOALEMO, GORONTALO",2,229,28,285
https://kawalpemilu.org#74983,"KOTARAJA, DULUPI, BOALEMO, GORONTALO",3,158,58,216
https://kawalpemilu.org#74983,"KOTARAJA, DULUPI, BOALEMO, GORONTALO",4,137,61,198
https://kawalpemilu.org#74983,"KOTARAJA, DULUPI, BOALEMO, GORONTALO",5,142,105,247
https://kawalpemilu.org#74983,"KOTARAJA, DULUPI, BOALEMO, GORONTALO",6,178,44,222
https://kawalpemilu.org#74984,"POLOHUNGO, DULUPI, BOALEMO, GORONTALO",1,192,53,245
https://kawalpemilu.org#74984,"POLOHUNGO, DULUPI, BOALEMO, GORONTALO",2,175,78,253
https://kawalpemilu.org#74984,"POLOHUNGO, DULUPI, BOALEMO, GORONTALO",3,198,72,270
https://kawalpemilu.org#74984,"POLOHUNGO, DULUPI, BOALEMO, GORONTALO",4,185,48,233
https://kawalpemilu.org#74984,"POLOHUNGO, DULUPI, BOALEMO, GORONTALO",5,179,28,207
https://kawalpemilu.org#74985,"PANGI, DULUPI, BOALEMO, GORONTALO",1,182,43,225
https://kawalpemilu.org#74985,"PANGI, DULUPI, BOALEMO, GORONTALO",2,114,94,208
https://kawalpemilu.org#74985,"PANGI, DULUPI, BOALEMO, GORONTALO",3,151,60,211
https://kawalpemilu.org#74985,"PANGI, DULUPI, BOALEMO, GORONTALO",4,151,76,227
https://kawalpemilu.org#74986,"TANGGA JAYA, DULUPI, BOALEMO, GORONTALO",1,207,62,269
https://kawalpemilu.org#74986,"TANGGA JAYA, DULUPI, BOALEMO, GORONTALO",2,198,51,249
https://kawalpemilu.org#74986,"TANGGA JAYA, DULUPI, BOALEMO, GORONTALO",3,147,45,192
https://kawalpemilu.org#74986,"TANGGA JAYA, DULUPI, BOALEMO, GORONTALO",4,146,53,199
https://kawalpemilu.org#74987,"TANAH PUTIH, DULUPI, BOALEMO, GORONTALO",1,164,34,198
https://kawalpemilu.org#74987,"TANAH PUTIH, DULUPI, BOALEMO, GORONTALO",2,149,76,225
https://kawalpemilu.org#74987,"TANAH PUTIH, DULUPI, BOALEMO, GORONTALO",3,116,65,181
https://kawalpemilu.org#74987,"TANAH PUTIH, DULUPI, BOALEMO, GORONTALO",4,198,35,233
https://kawalpemilu.org#74988,"TANGGA BARITO, DULUPI, BOALEMO, GORONTALO",1,131,77,208
https://kawalpemilu.org#74988,"TANGGA BARITO, DULUPI, BOALEMO, GORONTALO",2,145,88,233
https://kawalpemilu.org#74988,"TANGGA BARITO, DULUPI, BOALEMO, GORONTALO",3,119,81,200
https://kawalpemilu.org#74988,"TANGGA BARITO, DULUPI, BOALEMO, GORONTALO",4,185,72,257
https://kawalpemilu.org#74988,"TANGGA BARITO, DULUPI, BOALEMO, GORONTALO",5,88,53,141
https://kawalpemilu.org#74988,"TANGGA BARITO, DULUPI, BOALEMO, GORONTALO",6,108,62,170
https://kawalpemilu.org#74988,"TANGGA BARITO, DULUPI, BOALEMO, GORONTALO",7,166,31,197
https://kawalpemilu.org#74990,"LIMBATO, TILAMUTA, BOALEMO, GORONTALO",1,87,143,230
https://kawalpemilu.org#74990,"LIMBATO, TILAMUTA, BOALEMO, GORONTALO",2,53,104,157
https://kawalpemilu.org#74990,"LIMBATO, TILAMUTA, BOALEMO, GORONTALO",3,91,131,222
https://kawalpemilu.org#74990,"LIMBATO, TILAMUTA, BOALEMO, GORONTALO",4,97,143,240
https://kawalpemilu.org#74990,"LIMBATO, TILAMUTA, BOALEMO, GORONTALO",5,117,109,226
https://kawalpemilu.org#74991,"PILOLIYANGA, TILAMUTA, BOALEMO, GORONTALO",1,143,118,261
https://kawalpemilu.org#74991,"PILOLIYANGA, TILAMUTA, BOALEMO, GORONTALO",2,139,79,218
https://kawalpemilu.org#74991,"PILOLIYANGA, TILAMUTA, BOALEMO, GORONTALO",3,149,112,261
https://kawalpemilu.org#74991,"PILOLIYANGA, TILAMUTA, BOALEMO, GORONTALO",4,142,109,251
https://kawalpemilu.org#74991,"PILOLIYANGA, TILAMUTA, BOALEMO, GORONTALO",5,157,110,267
https://kawalpemilu.org#74991,"PILOLIYANGA, TILAMUTA, BOALEMO, GORONTALO",6,173,70,243
https://kawalpemilu.org#74991,"PILOLIYANGA, TILAMUTA, BOALEMO, GORONTALO",7,101,160,261
https://kawalpemilu.org#74991,"PILOLIYANGA, TILAMUTA, BOALEMO, GORONTALO",8,207,61,268
https://kawalpemilu.org#74991,"PILOLIYANGA, TILAMUTA, BOALEMO, GORONTALO",9,135,132,267
https://kawalpemilu.org#74991,"PILOLIYANGA, TILAMUTA, BOALEMO, GORONTALO",10,30,61,91
https://kawalpemilu.org#74992,"AYUHULALO, TILAMUTA, BOALEMO, GORONTALO",1,159,81,240
https://kawalpemilu.org#74992,"AYUHULALO, TILAMUTA, BOALEMO, GORONTALO",2,141,99,240
https://kawalpemilu.org#74992,"AYUHULALO, TILAMUTA, BOALEMO, GORONTALO",3,182,57,239
https://kawalpemilu.org#74992,"AYUHULALO, TILAMUTA, BOALEMO, GORONTALO",4,146,89,244
https://kawalpemilu.org#74992,"AYUHULALO, TILAMUTA, BOALEMO, GORONTALO",5,169,95,264
https://kawalpemilu.org#74992,"AYUHULALO, TILAMUTA, BOALEMO, GORONTALO",6,170,75,245
https://kawalpemilu.org#74993,"HUNGAYONAA, TILAMUTA, BOALEMO, GORONTALO",1,69,106,175
https://kawalpemilu.org#74993,"HUNGAYONAA, TILAMUTA, BOALEMO, GORONTALO",2,96,124,220
https://kawalpemilu.org#74993,"HUNGAYONAA, TILAMUTA, BOALEMO, GORONTALO",3,85,115,200
https://kawalpemilu.org#74993,"HUNGAYONAA, TILAMUTA, BOALEMO, GORONTALO",4,92,154,246
https://kawalpemilu.org#74993,"HUNGAYONAA, TILAMUTA, BOALEMO, GORONTALO",5,120,124,244
https://kawalpemilu.org#74993,"HUNGAYONAA, TILAMUTA, BOALEMO, GORONTALO",6,83,127,210
https://kawalpemilu.org#74993,"HUNGAYONAA, TILAMUTA, BOALEMO, GORONTALO",7,98,151,249
https://kawalpemilu.org#74993,"HUNGAYONAA, TILAMUTA, BOALEMO, GORONTALO",8,94,104,198
https://kawalpemilu.org#74993,"HUNGAYONAA, TILAMUTA, BOALEMO, GORONTALO",9,66,132,198
https://kawalpemilu.org#74993,"HUNGAYONAA, TILAMUTA, BOALEMO, GORONTALO",10,120,83,203
https://kawalpemilu.org#74993,"HUNGAYONAA, TILAMUTA, BOALEMO, GORONTALO",11,107,133,240
https://kawalpemilu.org#74993,"HUNGAYONAA, TILAMUTA, BOALEMO, GORONTALO",12,92,112,204
https://kawalpemilu.org#74994,"MODELOMO, TILAMUTA, BOALEMO, GORONTALO",1,111,93,204
https://kawalpemilu.org#74994,"MODELOMO, TILAMUTA, BOALEMO, GORONTALO",2,55,145,200
https://kawalpemilu.org#74994,"MODELOMO, TILAMUTA, BOALEMO, GORONTALO",3,62,155,217
https://kawalpemilu.org#74994,"MODELOMO, TILAMUTA, BOALEMO, GORONTALO",4,77,161,238
https://kawalpemilu.org#74994,"MODELOMO, TILAMUTA, BOALEMO, GORONTALO",5,54,138,192
https://kawalpemilu.org#74994,"MODELOMO, TILAMUTA, BOALEMO, GORONTALO",6,57,175,232
https://kawalpemilu.org#74994,"MODELOMO, TILAMUTA, BOALEMO, GORONTALO",7,90,145,235
https://kawalpemilu.org#74994,"MODELOMO, TILAMUTA, BOALEMO, GORONTALO",8,83,149,232
https://kawalpemilu.org#74995,"PENTADU BARAT, TILAMUTA, BOALEMO, GORONTALO",1,58,135,193
https://kawalpemilu.org#74995,"PENTADU BARAT, TILAMUTA, BOALEMO, GORONTALO",2,80,167,247
https://kawalpemilu.org#74995,"PENTADU BARAT, TILAMUTA, BOALEMO, GORONTALO",3,104,102,206
https://kawalpemilu.org#74995,"PENTADU BARAT, TILAMUTA, BOALEMO, GORONTALO",4,85,134,219
https://kawalpemilu.org#74995,"PENTADU BARAT, TILAMUTA, BOALEMO, GORONTALO",5,148,74,222
https://kawalpemilu.org#74995,"PENTADU BARAT, TILAMUTA, BOALEMO, GORONTALO",6,130,75,205
https://kawalpemilu.org#74995,"PENTADU BARAT, TILAMUTA, BOALEMO, GORONTALO",7,134,103,237
https://kawalpemilu.org#74995,"PENTADU BARAT, TILAMUTA, BOALEMO, GORONTALO",8,128,110,238
https://kawalpemilu.org#74996,"PENTADU TIMUR, TILAMUTA, BOALEMO, GORONTALO",1,113,87,200
https://kawalpemilu.org#74996,"PENTADU TIMUR, TILAMUTA, BOALEMO, GORONTALO",2,130,107,237
https://kawalpemilu.org#74996,"PENTADU TIMUR, TILAMUTA, BOALEMO, GORONTALO",3,122,110,232
https://kawalpemilu.org#74996,"PENTADU TIMUR, TILAMUTA, BOALEMO, GORONTALO",5,156,83,239
https://kawalpemilu.org#74996,"PENTADU TIMUR, TILAMUTA, BOALEMO, GORONTALO",6,140,35,175
https://kawalpemilu.org#74996,"PENTADU TIMUR, TILAMUTA, BOALEMO, GORONTALO",7,138,48,186
https://kawalpemilu.org#74997,"BAJO, TILAMUTA, BOALEMO, GORONTALO",1,125,123,248
https://kawalpemilu.org#74997,"BAJO, TILAMUTA, BOALEMO, GORONTALO",2,120,100,220
https://kawalpemilu.org#74997,"BAJO, TILAMUTA, BOALEMO, GORONTALO",3,135,75,210
https://kawalpemilu.org#74997,"BAJO, TILAMUTA, BOALEMO, GORONTALO",4,129,95,224
https://kawalpemilu.org#74998,"MOHUNGO, TILAMUTA, BOALEMO, GORONTALO",1,106,141,247
https://kawalpemilu.org#74998,"MOHUNGO, TILAMUTA, BOALEMO, GORONTALO",2,122,122,244
https://kawalpemilu.org#74998,"MOHUNGO, TILAMUTA, BOALEMO, GORONTALO",3,122,97,219
https://kawalpemilu.org#74998,"MOHUNGO, TILAMUTA, BOALEMO, GORONTALO",4,161,75,236
https://kawalpemilu.org#74998,"MOHUNGO, TILAMUTA, BOALEMO, GORONTALO",5,133,76,209
https://kawalpemilu.org#74998,"MOHUNGO, TILAMUTA, BOALEMO, GORONTALO",6,139,94,233
https://kawalpemilu.org#74998,"MOHUNGO, TILAMUTA, BOALEMO, GORONTALO",7,104,132,236
https://kawalpemilu.org#74999,"LAHUMBO, TILAMUTA, BOALEMO, GORONTALO",1,93,104,197
https://kawalpemilu.org#74999,"LAHUMBO, TILAMUTA, BOALEMO, GORONTALO",2,92,122,214
https://kawalpemilu.org#74999,"LAHUMBO, TILAMUTA, BOALEMO, GORONTALO",3,166,78,244
https://kawalpemilu.org#74999,"LAHUMBO, TILAMUTA, BOALEMO, GORONTALO",4,145,67,212
https://kawalpemilu.org#74999,"LAHUMBO, TILAMUTA, BOALEMO, GORONTALO",5,166,83,249
https://kawalpemilu.org#74999,"LAHUMBO, TILAMUTA, BOALEMO, GORONTALO",6,196,46,244
https://kawalpemilu.org#74999,"LAHUMBO, TILAMUTA, BOALEMO, GORONTALO",7,206,47,253
https://kawalpemilu.org#75000,"LAMU, TILAMUTA, BOALEMO, GORONTALO",1,95,98,193
https://kawalpemilu.org#75000,"LAMU, TILAMUTA, BOALEMO, GORONTALO",2,88,134,222
https://kawalpemilu.org#75000,"LAMU, TILAMUTA, BOALEMO, GORONTALO",3,151,106,257
https://kawalpemilu.org#75000,"LAMU, TILAMUTA, BOALEMO, GORONTALO",4,123,118,241
https://kawalpemilu.org#75000,"LAMU, TILAMUTA, BOALEMO, GORONTALO",5,78,132,210
https://kawalpemilu.org#75001,"TENILO, TILAMUTA, BOALEMO, GORONTALO",1,160,91,251
https://kawalpemilu.org#75001,"TENILO, TILAMUTA, BOALEMO, GORONTALO",2,119,112,231
https://kawalpemilu.org#75003,"TABULO, MANANGGU, BOALEMO, GORONTALO",1,119,66,185
https://kawalpemilu.org#75003,"TABULO, MANANGGU, BOALEMO, GORONTALO",2,121,71,192
https://kawalpemilu.org#75003,"TABULO, MANANGGU, BOALEMO, GORONTALO",3,123,75,198
https://kawalpemilu.org#75003,"TABULO, MANANGGU, BOALEMO, GORONTALO",4,124,76,200
https://kawalpemilu.org#75003,"TABULO, MANANGGU, BOALEMO, GORONTALO",5,124,46,170
https://kawalpemilu.org#75004,"KAARUYAN, MANANGGU, BOALEMO, GORONTALO",1,196,24,220
https://kawalpemilu.org#75004,"KAARUYAN, MANANGGU, BOALEMO, GORONTALO",2,191,13,204
https://kawalpemilu.org#75005,"SALILAMA, MANANGGU, BOALEMO, GORONTALO",1,104,103,207
https://kawalpemilu.org#75005,"SALILAMA, MANANGGU, BOALEMO, GORONTALO",2,140,71,211
https://kawalpemilu.org#75005,"SALILAMA, MANANGGU, BOALEMO, GORONTALO",3,142,57,199
https://kawalpemilu.org#75005,"SALILAMA, MANANGGU, BOALEMO, GORONTALO",4,112,47,159
https://kawalpemilu.org#75006,"BENDUNGAN, MANANGGU, BOALEMO, GORONTALO",1,147,106,253
https://kawalpemilu.org#75006,"BENDUNGAN, MANANGGU, BOALEMO, GORONTALO",2,149,99,248
https://kawalpemilu.org#75006,"BENDUNGAN, MANANGGU, BOALEMO, GORONTALO",3,157,71,228
https://kawalpemilu.org#75006,"BENDUNGAN, MANANGGU, BOALEMO, GORONTALO",4,146,83,229
https://kawalpemilu.org#75006,"BENDUNGAN, MANANGGU, BOALEMO, GORONTALO",5,120,34,154
https://kawalpemilu.org#75006,"BENDUNGAN, MANANGGU, BOALEMO, GORONTALO",6,101,52,153
https://kawalpemilu.org#75007,"MANANGGU, MANANGGU, BOALEMO, GORONTALO",1,105,103,208
https://kawalpemilu.org#75007,"MANANGGU, MANANGGU, BOALEMO, GORONTALO",2,179,54,233
https://kawalpemilu.org#75007,"MANANGGU, MANANGGU, BOALEMO, GORONTALO",3,128,70,198
https://kawalpemilu.org#75007,"MANANGGU, MANANGGU, BOALEMO, GORONTALO",4,123,44,167
https://kawalpemilu.org#75007,"MANANGGU, MANANGGU, BOALEMO, GORONTALO",5,191,46,237
https://kawalpemilu.org#75008,"BUTI, MANANGGU, BOALEMO, GORONTALO",1,180,53,233
https://kawalpemilu.org#75008,"BUTI, MANANGGU, BOALEMO, GORONTALO",2,150,94,244
https://kawalpemilu.org#75008,"BUTI, MANANGGU, BOALEMO, GORONTALO",3,168,61,229
https://kawalpemilu.org#75008,"BUTI, MANANGGU, BOALEMO, GORONTALO",4,120,103,223
https://kawalpemilu.org#75008,"BUTI, MANANGGU, BOALEMO, GORONTALO",5,127,106,233
https://kawalpemilu.org#75009,"PONTOLO, MANANGGU, BOALEMO, GORONTALO",1,160,88,248
https://kawalpemilu.org#75009,"PONTOLO, MANANGGU, BOALEMO, GORONTALO",2,162,79,241
https://kawalpemilu.org#75009,"PONTOLO, MANANGGU, BOALEMO, GORONTALO",3,132,31,163
https://kawalpemilu.org#75010,"KRAMAT, MANANGGU, BOALEMO, GORONTALO",1,141,66,207
https://kawalpemilu.org#75010,"KRAMAT, MANANGGU, BOALEMO, GORONTALO",2,114,87,201
https://kawalpemilu.org#75010,"KRAMAT, MANANGGU, BOALEMO, GORONTALO",3,177,64,241
https://kawalpemilu.org#75010,"KRAMAT, MANANGGU, BOALEMO, GORONTALO",4,180,35,215
https://kawalpemilu.org#75011,"TABULO SELATAN, MANANGGU, BOALEMO, GORONTALO",1,114,101,215
https://kawalpemilu.org#75011,"TABULO SELATAN, MANANGGU, BOALEMO, GORONTALO",2,147,84,231
https://kawalpemilu.org#75011,"TABULO SELATAN, MANANGGU, BOALEMO, GORONTALO",3,208,35,243
https://kawalpemilu.org#75013,"TUTULO, BOTUMOITO, BOALEMO, GORONTALO",1,117,115,232
https://kawalpemilu.org#75013,"TUTULO, BOTUMOITO, BOALEMO, GORONTALO",2,113,144,257
https://kawalpemilu.org#75013,"TUTULO, BOTUMOITO, BOALEMO, GORONTALO",3,107,118,225
https://kawalpemilu.org#75013,"TUTULO, BOTUMOITO, BOALEMO, GORONTALO",4,112,145,257
https://kawalpemilu.org#75014,"HUTAMONU, BOTUMOITO, BOALEMO, GORONTALO",1,124,96,220
https://kawalpemilu.org#75014,"HUTAMONU, BOTUMOITO, BOALEMO, GORONTALO",2,96,134,230
https://kawalpemilu.org#75014,"HUTAMONU, BOTUMOITO, BOALEMO, GORONTALO",3,129,117,246
https://kawalpemilu.org#75014,"HUTAMONU, BOTUMOITO, BOALEMO, GORONTALO",4,100,115,215
https://kawalpemilu.org#75015,"PATOAMEME, BOTUMOITO, BOALEMO, GORONTALO",1,144,93,237
https://kawalpemilu.org#75015,"PATOAMEME, BOTUMOITO, BOALEMO, GORONTALO",2,113,100,213
https://kawalpemilu.org#75015,"PATOAMEME, BOTUMOITO, BOALEMO, GORONTALO",3,81,161,242
https://kawalpemilu.org#75015,"PATOAMEME, BOTUMOITO, BOALEMO, GORONTALO",4,92,152,244
https://kawalpemilu.org#75015,"PATOAMEME, BOTUMOITO, BOALEMO, GORONTALO",5,74,140,214
https://kawalpemilu.org#75015,"PATOAMEME, BOTUMOITO, BOALEMO, GORONTALO",6,109,128,237
https://kawalpemilu.org#75016,"TAPADAA, BOTUMOITO, BOALEMO, GORONTALO",1,167,79,246
https://kawalpemilu.org#75016,"TAPADAA, BOTUMOITO, BOALEMO, GORONTALO",2,169,85,254
https://kawalpemilu.org#75016,"TAPADAA, BOTUMOITO, BOALEMO, GORONTALO",3,144,71,215
https://kawalpemilu.org#75016,"TAPADAA, BOTUMOITO, BOALEMO, GORONTALO",4,99,96,195
https://kawalpemilu.org#75017,"POTANGA, BOTUMOITO, BOALEMO, GORONTALO",1,152,61,213
https://kawalpemilu.org#75017,"POTANGA, BOTUMOITO, BOALEMO, GORONTALO",2,122,79,201
https://kawalpemilu.org#75017,"POTANGA, BOTUMOITO, BOALEMO, GORONTALO",3,90,106,196
https://kawalpemilu.org#75017,"POTANGA, BOTUMOITO, BOALEMO, GORONTALO",4,66,134,200
https://kawalpemilu.org#75017,"POTANGA, BOTUMOITO, BOALEMO, GORONTALO",5,144,86,230
https://kawalpemilu.org#75018,"BOTUMOITO, BOTUMOITO, BOALEMO, GORONTALO",1,81,150,231
https://kawalpemilu.org#75018,"BOTUMOITO, BOTUMOITO, BOALEMO, GORONTALO",2,110,102,212
https://kawalpemilu.org#75018,"BOTUMOITO, BOTUMOITO, BOALEMO, GORONTALO",3,131,97,228
https://kawalpemilu.org#75018,"BOTUMOITO, BOTUMOITO, BOALEMO, GORONTALO",4,106,109,215
https://kawalpemilu.org#75018,"BOTUMOITO, BOTUMOITO, BOALEMO, GORONTALO",5,163,90,253
https://kawalpemilu.org#75018,"BOTUMOITO, BOTUMOITO, BOALEMO, GORONTALO",6,106,100,206
https://kawalpemilu.org#75018,"BOTUMOITO, BOTUMOITO, BOALEMO, GORONTALO",7,108,106,214
https://kawalpemilu.org#75019,"BOLIHUTUO, BOTUMOITO, BOALEMO, GORONTALO",1,122,115,237
https://kawalpemilu.org#75019,"BOLIHUTUO, BOTUMOITO, BOALEMO, GORONTALO",2,162,69,231
https://kawalpemilu.org#75019,"BOLIHUTUO, BOTUMOITO, BOALEMO, GORONTALO",3,137,114,251
https://kawalpemilu.org#75019,"BOLIHUTUO, BOTUMOITO, BOALEMO, GORONTALO",4,106,119,225
https://kawalpemilu.org#75020,"RUMBIA, BOTUMOITO, BOALEMO, GORONTALO",1,131,108,239
https://kawalpemilu.org#75020,"RUMBIA, BOTUMOITO, BOALEMO, GORONTALO",2,122,109,231
https://kawalpemilu.org#75020,"RUMBIA, BOTUMOITO, BOALEMO, GORONTALO",3,74,181,255
https://kawalpemilu.org#75020,"RUMBIA, BOTUMOITO, BOALEMO, GORONTALO",4,66,180,246
https://kawalpemilu.org#75020,"RUMBIA, BOTUMOITO, BOALEMO, GORONTALO",5,51,177,228
https://kawalpemilu.org#75021,"DULANGEYA, BOTUMOITO, BOALEMO, GORONTALO",1,181,51,232
https://kawalpemilu.org#75021,"DULANGEYA, BOTUMOITO, BOALEMO, GORONTALO",2,155,32,187
https://kawalpemilu.org#75023,"BUBAA, PAGUYAMAN PANTAI, BOALEMO, GORONTALO",1,136,103,239
https://kawalpemilu.org#75023,"BUBAA, PAGUYAMAN PANTAI, BOALEMO, GORONTALO",2,114,115,229
https://kawalpemilu.org#75023,"BUBAA, PAGUYAMAN PANTAI, BOALEMO, GORONTALO",3,138,107,245
https://kawalpemilu.org#75023,"BUBAA, PAGUYAMAN PANTAI, BOALEMO, GORONTALO",4,156,93,249
https://kawalpemilu.org#75024,"LITO, PAGUYAMAN PANTAI, BOALEMO, GORONTALO",2,168,83,251
https://kawalpemilu.org#75024,"LITO, PAGUYAMAN PANTAI, BOALEMO, GORONTALO",3,170,50,220
https://kawalpemilu.org#75024,"LITO, PAGUYAMAN PANTAI, BOALEMO, GORONTALO",4,136,91,227
https://kawalpemilu.org#75024,"LITO, PAGUYAMAN PANTAI, BOALEMO, GORONTALO",5,140,69,209
https://kawalpemilu.org#75025,"LIMBATIHU, PAGUYAMAN PANTAI, BOALEMO, GORONTALO",1,176,70,246
https://kawalpemilu.org#75025,"LIMBATIHU, PAGUYAMAN PANTAI, BOALEMO, GORONTALO",2,160,84,244
https://kawalpemilu.org#75025,"LIMBATIHU, PAGUYAMAN PANTAI, BOALEMO, GORONTALO",3,163,90,253
https://kawalpemilu.org#75025,"LIMBATIHU, PAGUYAMAN PANTAI, BOALEMO, GORONTALO",4,164,31,195
https://kawalpemilu.org#75025,"LIMBATIHU, PAGUYAMAN PANTAI, BOALEMO, GORONTALO",5,154,37,191
https://kawalpemilu.org#75025,"LIMBATIHU, PAGUYAMAN PANTAI, BOALEMO, GORONTALO",6,112,42,154
https://kawalpemilu.org#75026,"BUKIT KARYA, PAGUYAMAN PANTAI, BOALEMO, GORONTALO",1,175,95,270
https://kawalpemilu.org#75026,"BUKIT KARYA, PAGUYAMAN PANTAI, BOALEMO, GORONTALO",2,171,65,236
https://kawalpemilu.org#75027,"APITALAWO, PAGUYAMAN PANTAI, BOALEMO, GORONTALO",1,103,127,230
https://kawalpemilu.org#75027,"APITALAWO, PAGUYAMAN PANTAI, BOALEMO, GORONTALO",2,230,63,293
https://kawalpemilu.org#75028,"BANGGA, PAGUYAMAN PANTAI, BOALEMO, GORONTALO",1,159,92,251
https://kawalpemilu.org#75029,"TOWAYU, PAGUYAMAN PANTAI, BOALEMO, GORONTALO",1,109,55,164
https://kawalpemilu.org#75029,"TOWAYU, PAGUYAMAN PANTAI, BOALEMO, GORONTALO",2,95,30,125
https://kawalpemilu.org#75030,"OLIBU, PAGUYAMAN PANTAI, BOALEMO, GORONTALO",1,169,45,216
https://kawalpemilu.org#75030,"OLIBU, PAGUYAMAN PANTAI, BOALEMO, GORONTALO",2,166,36,202
https://kawalpemilu.org#75033,"TALUMOPATU, TAPA, BONE BOLANGO, GORONTALO",1,91,129,220
https://kawalpemilu.org#75033,"TALUMOPATU, TAPA, BONE BOLANGO, GORONTALO",2,80,158,238
https://kawalpemilu.org#75033,"TALUMOPATU, TAPA, BONE BOLANGO, GORONTALO",3,101,129,230
https://kawalpemilu.org#75033,"TALUMOPATU, TAPA, BONE BOLANGO, GORONTALO",4,84,139,223
https://kawalpemilu.org#75033,"TALUMOPATU, TAPA, BONE BOLANGO, GORONTALO",5,116,128,244
https://kawalpemilu.org#75034,"TALULOBUTU, TAPA, BONE BOLANGO, GORONTALO",1,90,146,236
https://kawalpemilu.org#75034,"TALULOBUTU, TAPA, BONE BOLANGO, GORONTALO",2,116,132,248
https://kawalpemilu.org#75034,"TALULOBUTU, TAPA, BONE BOLANGO, GORONTALO",3,87,152,239
https://kawalpemilu.org#75035,"DUNGGALA, TAPA, BONE BOLANGO, GORONTALO",1,94,118,212
https://kawalpemilu.org#75035,"DUNGGALA, TAPA, BONE BOLANGO, GORONTALO",2,103,117,220
https://kawalpemilu.org#75035,"DUNGGALA, TAPA, BONE BOLANGO, GORONTALO",3,94,145,239
https://kawalpemilu.org#75035,"DUNGGALA, TAPA, BONE BOLANGO, GORONTALO",4,109,139,248
https://kawalpemilu.org#75036,"LANGGE, TAPA, BONE BOLANGO, GORONTALO",1,123,105,228
https://kawalpemilu.org#75036,"LANGGE, TAPA, BONE BOLANGO, GORONTALO",2,81,117,198
https://kawalpemilu.org#75036,"LANGGE, TAPA, BONE BOLANGO, GORONTALO",3,135,105,240
https://kawalpemilu.org#75037,"TALULOBUTU SELATAN, TAPA, BONE BOLANGO, GORONTALO",1,95,139,234
https://kawalpemilu.org#75037,"TALULOBUTU SELATAN, TAPA, BONE BOLANGO, GORONTALO",2,96,134,230
https://kawalpemilu.org#75038,"KERAMAT, TAPA, BONE BOLANGO, GORONTALO",1,80,132,212
https://kawalpemilu.org#75038,"KERAMAT, TAPA, BONE BOLANGO, GORONTALO",2,99,135,234
https://kawalpemilu.org#75038,"KERAMAT, TAPA, BONE BOLANGO, GORONTALO",3,88,119,207
https://kawalpemilu.org#75039,"MERANTI, TAPA, BONE BOLANGO, GORONTALO",1,94,80,174
https://kawalpemilu.org#75039,"MERANTI, TAPA, BONE BOLANGO, GORONTALO",2,98,89,187
https://kawalpemilu.org#75041,"PADENGO, KABILA, BONE BOLANGO, GORONTALO",1,118,147,265
https://kawalpemilu.org#75041,"PADENGO, KABILA, BONE BOLANGO, GORONTALO",2,110,146,256
https://kawalpemilu.org#75041,"PADENGO, KABILA, BONE BOLANGO, GORONTALO",3,105,140,245
https://kawalpemilu.org#75041,"PADENGO, KABILA, BONE BOLANGO, GORONTALO",4,107,144,251
https://kawalpemilu.org#75041,"PADENGO, KABILA, BONE BOLANGO, GORONTALO",5,62,183,245
https://kawalpemilu.org#75041,"PADENGO, KABILA, BONE BOLANGO, GORONTALO",6,106,133,239
https://kawalpemilu.org#75041,"PADENGO, KABILA, BONE BOLANGO, GORONTALO",7,92,126,218
https://kawalpemilu.org#75042,"OLUHUTA, KABILA, BONE BOLANGO, GORONTALO",1,104,123,227
https://kawalpemilu.org#75042,"OLUHUTA, KABILA, BONE BOLANGO, GORONTALO",2,82,135,217
https://kawalpemilu.org#75042,"OLUHUTA, KABILA, BONE BOLANGO, GORONTALO",3,61,161,222
https://kawalpemilu.org#75042,"OLUHUTA, KABILA, BONE BOLANGO, GORONTALO",4,91,140,231
https://kawalpemilu.org#75042,"OLUHUTA, KABILA, BONE BOLANGO, GORONTALO",5,86,135,221
https://kawalpemilu.org#75043,"TUMBIHE, KABILA, BONE BOLANGO, GORONTALO",1,77,145,222
https://kawalpemilu.org#75043,"TUMBIHE, KABILA, BONE BOLANGO, GORONTALO",2,83,135,218
https://kawalpemilu.org#75043,"TUMBIHE, KABILA, BONE BOLANGO, GORONTALO",3,85,145,230
https://kawalpemilu.org#75043,"TUMBIHE, KABILA, BONE BOLANGO, GORONTALO",4,69,170,239
https://kawalpemilu.org#75043,"TUMBIHE, KABILA, BONE BOLANGO, GORONTALO",6,79,129,208
https://kawalpemilu.org#75043,"TUMBIHE, KABILA, BONE BOLANGO, GORONTALO",7,75,156,231
https://kawalpemilu.org#75044,"PAUWO, KABILA, BONE BOLANGO, GORONTALO",1,112,151,263
https://kawalpemilu.org#75044,"PAUWO, KABILA, BONE BOLANGO, GORONTALO",2,137,125,262
https://kawalpemilu.org#75044,"PAUWO, KABILA, BONE BOLANGO, GORONTALO",3,86,165,251
https://kawalpemilu.org#75044,"PAUWO, KABILA, BONE BOLANGO, GORONTALO",4,91,122,213
https://kawalpemilu.org#75044,"PAUWO, KABILA, BONE BOLANGO, GORONTALO",5,102,126,228
https://kawalpemilu.org#75044,"PAUWO, KABILA, BONE BOLANGO, GORONTALO",6,68,154,222
https://kawalpemilu.org#75044,"PAUWO, KABILA, BONE BOLANGO, GORONTALO",7,107,131,238
https://kawalpemilu.org#75044,"PAUWO, KABILA, BONE BOLANGO, GORONTALO",8,129,145,274
https://kawalpemilu.org#75044,"PAUWO, KABILA, BONE BOLANGO, GORONTALO",9,126,131,257
https://kawalpemilu.org#75045,"OLUHUTA UTARA, KABILA, BONE BOLANGO, GORONTALO",1,126,114,240
https://kawalpemilu.org#75045,"OLUHUTA UTARA, KABILA, BONE BOLANGO, GORONTALO",2,118,120,238
https://kawalpemilu.org#75045,"OLUHUTA UTARA, KABILA, BONE BOLANGO, GORONTALO",3,105,132,237
https://kawalpemilu.org#75046,"DUTOHE, KABILA, BONE BOLANGO, GORONTALO",1,118,118,236
https://kawalpemilu.org#75046,"DUTOHE, KABILA, BONE BOLANGO, GORONTALO",2,110,160,270
https://kawalpemilu.org#75046,"DUTOHE, KABILA, BONE BOLANGO, GORONTALO",3,102,151,253
https://kawalpemilu.org#75047,"TANGGILINGO, KABILA, BONE BOLANGO, GORONTALO",1,83,171,254
https://kawalpemilu.org#75047,"TANGGILINGO, KABILA, BONE BOLANGO, GORONTALO",2,74,181,255
https://kawalpemilu.org#75047,"TANGGILINGO, KABILA, BONE BOLANGO, GORONTALO",3,94,154,248
https://kawalpemilu.org#75047,"TANGGILINGO, KABILA, BONE BOLANGO, GORONTALO",4,88,161,249
https://kawalpemilu.org#75047,"TANGGILINGO, KABILA, BONE BOLANGO, GORONTALO",5,113,141,254
https://kawalpemilu.org#75048,"TOTO SELATAN, KABILA, BONE BOLANGO, GORONTALO",1,73,133,206
https://kawalpemilu.org#75048,"TOTO SELATAN, KABILA, BONE BOLANGO, GORONTALO",2,118,145,263
https://kawalpemilu.org#75048,"TOTO SELATAN, KABILA, BONE BOLANGO, GORONTALO",3,66,165,231
https://kawalpemilu.org#75048,"TOTO SELATAN, KABILA, BONE BOLANGO, GORONTALO",4,94,134,228
https://kawalpemilu.org#75048,"TOTO SELATAN, KABILA, BONE BOLANGO, GORONTALO",5,123,119,242
https://kawalpemilu.org#75049,"POOWO, KABILA, BONE BOLANGO, GORONTALO",1,106,109,215
https://kawalpemilu.org#75049,"POOWO, KABILA, BONE BOLANGO, GORONTALO",2,90,148,238
https://kawalpemilu.org#75049,"POOWO, KABILA, BONE BOLANGO, GORONTALO",3,56,175,231
https://kawalpemilu.org#75049,"POOWO, KABILA, BONE BOLANGO, GORONTALO",4,55,172,227
https://kawalpemilu.org#75049,"POOWO, KABILA, BONE BOLANGO, GORONTALO",5,57,176,233
https://kawalpemilu.org#75050,"TALANGO, KABILA, BONE BOLANGO, GORONTALO",1,74,150,224
https://kawalpemilu.org#75050,"TALANGO, KABILA, BONE BOLANGO, GORONTALO",2,111,106,217
https://kawalpemilu.org#75050,"TALANGO, KABILA, BONE BOLANGO, GORONTALO",3,97,146,243
https://kawalpemilu.org#75050,"TALANGO, KABILA, BONE BOLANGO, GORONTALO",4,92,142,234
https://kawalpemilu.org#75051,"POOWO BARAT, KABILA, BONE BOLANGO, GORONTALO",1,89,150,239
https://kawalpemilu.org#75051,"POOWO BARAT, KABILA, BONE BOLANGO, GORONTALO",2,64,188,252
https://kawalpemilu.org#75051,"POOWO BARAT, KABILA, BONE BOLANGO, GORONTALO",3,160,85,245
https://kawalpemilu.org#75051,"POOWO BARAT, KABILA, BONE BOLANGO, GORONTALO",4,113,124,237
https://kawalpemilu.org#75052,"DUTOHE BARAT, KABILA, BONE BOLANGO, GORONTALO",1,107,152,259
https://kawalpemilu.org#75052,"DUTOHE BARAT, KABILA, BONE BOLANGO, GORONTALO",2,90,143,233
https://kawalpemilu.org#75052,"DUTOHE BARAT, KABILA, BONE BOLANGO, GORONTALO",3,124,93,217
https://kawalpemilu.org#75052,"DUTOHE BARAT, KABILA, BONE BOLANGO, GORONTALO",4,94,112,206
https://kawalpemilu.org#75052,"DUTOHE BARAT, KABILA, BONE BOLANGO, GORONTALO",5,107,124,231
https://kawalpemilu.org#75054,"TINGKOHUBU, SUWAWA, BONE BOLANGO, GORONTALO",1,76,153,229
https://kawalpemilu.org#75054,"TINGKOHUBU, SUWAWA, BONE BOLANGO, GORONTALO",2,66,159,225
https://kawalpemilu.org#75054,"TINGKOHUBU, SUWAWA, BONE BOLANGO, GORONTALO",3,88,150,238
https://kawalpemilu.org#75054,"TINGKOHUBU, SUWAWA, BONE BOLANGO, GORONTALO",4,135,110,251
https://kawalpemilu.org#75055,"BOLUDAWA, SUWAWA, BONE BOLANGO, GORONTALO",1,118,158,276
https://kawalpemilu.org#75055,"BOLUDAWA, SUWAWA, BONE BOLANGO, GORONTALO",2,100,149,249
https://kawalpemilu.org#75055,"BOLUDAWA, SUWAWA, BONE BOLANGO, GORONTALO",3,98,150,248
https://kawalpemilu.org#75055,"BOLUDAWA, SUWAWA, BONE BOLANGO, GORONTALO",4,91,168,259
https://kawalpemilu.org#75055,"BOLUDAWA, SUWAWA, BONE BOLANGO, GORONTALO",5,126,128,254
https://kawalpemilu.org#75055,"BOLUDAWA, SUWAWA, BONE BOLANGO, GORONTALO",6,152,110,262
https://kawalpemilu.org#75055,"BOLUDAWA, SUWAWA, BONE BOLANGO, GORONTALO",7,118,132,250
https://kawalpemilu.org#75056,"BUBE, SUWAWA, BONE BOLANGO, GORONTALO",1,62,116,178
https://kawalpemilu.org#75056,"BUBE, SUWAWA, BONE BOLANGO, GORONTALO",2,102,84,186
https://kawalpemilu.org#75057,"HULUDUOTAMO, SUWAWA, BONE BOLANGO, GORONTALO",1,76,163,239
https://kawalpemilu.org#75057,"HULUDUOTAMO, SUWAWA, BONE BOLANGO, GORONTALO",2,122,102,224
https://kawalpemilu.org#75058,"ULANTA, SUWAWA, BONE BOLANGO, GORONTALO",1,169,101,270
https://kawalpemilu.org#75058,"ULANTA, SUWAWA, BONE BOLANGO, GORONTALO",2,112,165,277
https://kawalpemilu.org#75058,"ULANTA, SUWAWA, BONE BOLANGO, GORONTALO",3,101,173,274
https://kawalpemilu.org#75059,"TINELO, SUWAWA, BONE BOLANGO, GORONTALO",1,76,124,200
https://kawalpemilu.org#75059,"TINELO, SUWAWA, BONE BOLANGO, GORONTALO",2,61,140,201
https://kawalpemilu.org#75059,"TINELO, SUWAWA, BONE BOLANGO, GORONTALO",3,73,122,195
https://kawalpemilu.org#75059,"TINELO, SUWAWA, BONE BOLANGO, GORONTALO",4,74,132,206
https://kawalpemilu.org#75059,"TINELO, SUWAWA, BONE BOLANGO, GORONTALO",5,57,154,211
https://kawalpemilu.org#75060,"BUBEYA, SUWAWA, BONE BOLANGO, GORONTALO",1,162,71,233
https://kawalpemilu.org#75060,"BUBEYA, SUWAWA, BONE BOLANGO, GORONTALO",2,158,92,250
https://kawalpemilu.org#75060,"BUBEYA, SUWAWA, BONE BOLANGO, GORONTALO",3,126,90,216
https://kawalpemilu.org#75060,"BUBEYA, SUWAWA, BONE BOLANGO, GORONTALO",4,111,115,226
https://kawalpemilu.org#75061,"BUBE BARU, SUWAWA, BONE BOLANGO, GORONTALO",1,119,58,1
https://kawalpemilu.org#75061,"BUBE BARU, SUWAWA, BONE BOLANGO, GORONTALO",2,118,92,210
https://kawalpemilu.org#75061,"BUBE BARU, SUWAWA, BONE BOLANGO, GORONTALO",3,116,99,204
https://kawalpemilu.org#85886,"TINGKOHUBU TIMUR, SUWAWA, BONE BOLANGO, GORONTALO",1,89,106,195
https://kawalpemilu.org#85886,"TINGKOHUBU TIMUR, SUWAWA, BONE BOLANGO, GORONTALO",2,54,157,211
https://kawalpemilu.org#85886,"TINGKOHUBU TIMUR, SUWAWA, BONE BOLANGO, GORONTALO",3,54,132,186
https://kawalpemilu.org#90187,"HELUMO, SUWAWA, BONE BOLANGO, GORONTALO",1,131,120,251
https://kawalpemilu.org#90187,"HELUMO, SUWAWA, BONE BOLANGO, GORONTALO",2,124,152,276
https://kawalpemilu.org#75063,"TAMBOO, BONEPANTAI, BONE BOLANGO, GORONTALO",1,88,92,180
https://kawalpemilu.org#75063,"TAMBOO, BONEPANTAI, BONE BOLANGO, GORONTALO",2,92,88,180
https://kawalpemilu.org#75064,"BILUNGALA, BONEPANTAI, BONE BOLANGO, GORONTALO",1,55,165,220
https://kawalpemilu.org#75064,"BILUNGALA, BONEPANTAI, BONE BOLANGO, GORONTALO",2,63,158,221
https://kawalpemilu.org#75064,"BILUNGALA, BONEPANTAI, BONE BOLANGO, GORONTALO",3,67,158,225
https://kawalpemilu.org#75064,"BILUNGALA, BONEPANTAI, BONE BOLANGO, GORONTALO",4,60,186,243
https://kawalpemilu.org#75064,"BILUNGALA, BONEPANTAI, BONE BOLANGO, GORONTALO",5,67,174,241
https://kawalpemilu.org#75065,"UABANGA, BONEPANTAI, BONE BOLANGO, GORONTALO",1,67,124,191
https://kawalpemilu.org#75065,"UABANGA, BONEPANTAI, BONE BOLANGO, GORONTALO",2,66,124,190
https://kawalpemilu.org#75065,"UABANGA, BONEPANTAI, BONE BOLANGO, GORONTALO",3,79,94,173
https://kawalpemilu.org#75066,"TOLOTIO, BONEPANTAI, BONE BOLANGO, GORONTALO",1,153,60,213
https://kawalpemilu.org#75066,"TOLOTIO, BONEPANTAI, BONE BOLANGO, GORONTALO",2,133,80,213
https://kawalpemilu.org#75067,"TONGO, BONEPANTAI, BONE BOLANGO, GORONTALO",1,49,121,170
https://kawalpemilu.org#75067,"TONGO, BONEPANTAI, BONE BOLANGO, GORONTALO",2,56,108,164
https://kawalpemilu.org#75067,"TONGO, BONEPANTAI, BONE BOLANGO, GORONTALO",3,110,76,186
https://kawalpemilu.org#75068,"BILUNGALA UTARA, BONEPANTAI, BONE BOLANGO, GORONTALO",1,143,139,282
https://kawalpemilu.org#75068,"BILUNGALA UTARA, BONEPANTAI, BONE BOLANGO, GORONTALO",2,116,151,267
https://kawalpemilu.org#75069,"TIHU, BONEPANTAI, BONE BOLANGO, GORONTALO",1,47,215,262
https://kawalpemilu.org#75069,"TIHU, BONEPANTAI, BONE BOLANGO, GORONTALO",2,91,156,247
https://kawalpemilu.org#75069,"TIHU, BONEPANTAI, BONE BOLANGO, GORONTALO",3,100,134,234
https://kawalpemilu.org#75070,"TUNAS JAYA, BONEPANTAI, BONE BOLANGO, GORONTALO",1,125,136,261
https://kawalpemilu.org#75070,"TUNAS JAYA, BONEPANTAI, BONE BOLANGO, GORONTALO",2,137,148,285
https://kawalpemilu.org#75071,"LEMBAH HIJAU, BONEPANTAI, BONE BOLANGO, GORONTALO",1,136,43,179
https://kawalpemilu.org#75071,"LEMBAH HIJAU, BONEPANTAI, BONE BOLANGO, GORONTALO",2,135,63,198
https://kawalpemilu.org#75071,"LEMBAH HIJAU, BONEPANTAI, BONE BOLANGO, GORONTALO",3,118,67,185
https://kawalpemilu.org#75072,"BATU HIJAU, BONEPANTAI, BONE BOLANGO, GORONTALO",1,68,82,150
https://kawalpemilu.org#75072,"BATU HIJAU, BONEPANTAI, BONE BOLANGO, GORONTALO",2,97,53,150
https://kawalpemilu.org#75073,"OMBULO HIJAU, BONEPANTAI, BONE BOLANGO, GORONTALO",1,70,128,198
https://kawalpemilu.org#75073,"OMBULO HIJAU, BONEPANTAI, BONE BOLANGO, GORONTALO",2,32,69,101
https://kawalpemilu.org#75074,"KEMIRI, BONEPANTAI, BONE BOLANGO, GORONTALO",1,72,100,172
https://kawalpemilu.org#75074,"KEMIRI, BONEPANTAI, BONE BOLANGO, GORONTALO",2,93,89,182
https://kawalpemilu.org#85887,"PELITA HIJAU, BONEPANTAI, BONE BOLANGO, GORONTALO",1,79,114,193
https://kawalpemilu.org#85887,"PELITA HIJAU, BONEPANTAI, BONE BOLANGO, GORONTALO",2,66,139,205
https://kawalpemilu.org#75076,"BOIDU, BULANGO UTARA, BONE BOLANGO, GORONTALO",1,90,113,203
https://kawalpemilu.org#75076,"BOIDU, BULANGO UTARA, BONE BOLANGO, GORONTALO",2,92,98,190
https://kawalpemilu.org#75076,"BOIDU, BULANGO UTARA, BONE BOLANGO, GORONTALO",3,131,70,201
https://kawalpemilu.org#75077,"BANDUNGAN, BULANGO UTARA, BONE BOLANGO, GORONTALO",1,106,104,210
https://kawalpemilu.org#75077,"BANDUNGAN, BULANGO UTARA, BONE BOLANGO, GORONTALO",2,92,113,205
https://kawalpemilu.org#75077,"BANDUNGAN, BULANGO UTARA, BONE BOLANGO, GORONTALO",3,109,95,204
https://kawalpemilu.org#75077,"BANDUNGAN, BULANGO UTARA, BONE BOLANGO, GORONTALO",4,121,89,210
https://kawalpemilu.org#75078,"TUPA, BULANGO UTARA, BONE BOLANGO, GORONTALO",1,112,132,244
https://kawalpemilu.org#75078,"TUPA, BULANGO UTARA, BONE BOLANGO, GORONTALO",2,114,131,245
https://kawalpemilu.org#75078,"TUPA, BULANGO UTARA, BONE BOLANGO, GORONTALO",3,135,128,263
https://kawalpemilu.org#75079,"LONGALO, BULANGO UTARA, BONE BOLANGO, GORONTALO",1,132,68,200
https://kawalpemilu.org#75079,"LONGALO, BULANGO UTARA, BONE BOLANGO, GORONTALO",2,91,108,199
https://kawalpemilu.org#75079,"LONGALO, BULANGO UTARA, BONE BOLANGO, GORONTALO",3,150,49,199
https://kawalpemilu.org#75080,"TULOA, BULANGO UTARA, BONE BOLANGO, GORONTALO",1,160,64,224
https://kawalpemilu.org#75080,"TULOA, BULANGO UTARA, BONE BOLANGO, GORONTALO",2,129,83,212
https://kawalpemilu.org#75081,"KOPI, BULANGO UTARA, BONE BOLANGO, GORONTALO",1,96,86,182
https://kawalpemilu.org#75081,"KOPI, BULANGO UTARA, BONE BOLANGO, GORONTALO",2,108,70,178
https://kawalpemilu.org#75082,"LOMAYA, BULANGO UTARA, BONE BOLANGO, GORONTALO",1,145,127,272
https://kawalpemilu.org#75082,"LOMAYA, BULANGO UTARA, BONE BOLANGO, GORONTALO",2,130,121,251
https://kawalpemilu.org#75082,"LOMAYA, BULANGO UTARA, BONE BOLANGO, GORONTALO",3,129,136,265
https://kawalpemilu.org#75083,"SUKA DAMAI, BULANGO UTARA, BONE BOLANGO, GORONTALO",1,112,104,216
https://kawalpemilu.org#75083,"SUKA DAMAI, BULANGO UTARA, BONE BOLANGO, GORONTALO",2,135,58,193
https://kawalpemilu.org#75083,"SUKA DAMAI, BULANGO UTARA, BONE BOLANGO, GORONTALO",3,118,66,184
https://kawalpemilu.org#75084,"BUNUO, BULANGO UTARA, BONE BOLANGO, GORONTALO",1,168,105,273
https://kawalpemilu.org#75086,"BONGOIME, TILONGKABILA, BONE BOLANGO, GORONTALO",1,134,128,262
https://kawalpemilu.org#75086,"BONGOIME, TILONGKABILA, BONE BOLANGO, GORONTALO",2,119,138,257
https://kawalpemilu.org#75086,"BONGOIME, TILONGKABILA, BONE BOLANGO, GORONTALO",3,108,153,261
https://kawalpemilu.org#75086,"BONGOIME, TILONGKABILA, BONE BOLANGO, GORONTALO",4,115,143,258
https://kawalpemilu.org#75086,"BONGOIME, TILONGKABILA, BONE BOLANGO, GORONTALO",5,111,151,262
https://kawalpemilu.org#75086,"BONGOIME, TILONGKABILA, BONE BOLANGO, GORONTALO",6,122,142,264
https://kawalpemilu.org#75087,"BONGOPINI, TILONGKABILA, BONE BOLANGO, GORONTALO",1,69,172,241
https://kawalpemilu.org#75087,"BONGOPINI, TILONGKABILA, BONE BOLANGO, GORONTALO",2,56,132,188
https://kawalpemilu.org#75087,"BONGOPINI, TILONGKABILA, BONE BOLANGO, GORONTALO",3,91,169,260
https://kawalpemilu.org#75087,"BONGOPINI, TILONGKABILA, BONE BOLANGO, GORONTALO",4,135,95,230
https://kawalpemilu.org#75088,"TOTO UTARA, TILONGKABILA, BONE BOLANGO, GORONTALO",1,113,152,265
https://kawalpemilu.org#75088,"TOTO UTARA, TILONGKABILA, BONE BOLANGO, GORONTALO",2,73,177,250
https://kawalpemilu.org#75088,"TOTO UTARA, TILONGKABILA, BONE BOLANGO, GORONTALO",3,110,162,272
https://kawalpemilu.org#75088,"TOTO UTARA, TILONGKABILA, BONE BOLANGO, GORONTALO",4,95,180,275
https://kawalpemilu.org#75088,"TOTO UTARA, TILONGKABILA, BONE BOLANGO, GORONTALO",5,109,161,270
https://kawalpemilu.org#75089,"MOUTONG, TILONGKABILA, BONE BOLANGO, GORONTALO",1,100,124,224
https://kawalpemilu.org#75089,"MOUTONG, TILONGKABILA, BONE BOLANGO, GORONTALO",2,99,112,211
https://kawalpemilu.org#75089,"MOUTONG, TILONGKABILA, BONE BOLANGO, GORONTALO",3,95,107,202
https://kawalpemilu.org#75089,"MOUTONG, TILONGKABILA, BONE BOLANGO, GORONTALO",4,99,118,217
https://kawalpemilu.org#75090,"TUNGGULO, TILONGKABILA, BONE BOLANGO, GORONTALO",1,158,85,243
https://kawalpemilu.org#75090,"TUNGGULO, TILONGKABILA, BONE BOLANGO, GORONTALO",2,173,55,228
https://kawalpemilu.org#75090,"TUNGGULO, TILONGKABILA, BONE BOLANGO, GORONTALO",3,144,86,230
https://kawalpemilu.org#75090,"TUNGGULO, TILONGKABILA, BONE BOLANGO, GORONTALO",4,154,74,228
https://kawalpemilu.org#75091,"LONUO, TILONGKABILA, BONE BOLANGO, GORONTALO",1,109,83,192
https://kawalpemilu.org#75091,"LONUO, TILONGKABILA, BONE BOLANGO, GORONTALO",2,103,84,187
https://kawalpemilu.org#75091,"LONUO, TILONGKABILA, BONE BOLANGO, GORONTALO",3,107,81,188
https://kawalpemilu.org#75092,"TAMBOO, TILONGKABILA, BONE BOLANGO, GORONTALO",1,102,87,189
https://kawalpemilu.org#75092,"TAMBOO, TILONGKABILA, BONE BOLANGO, GORONTALO",2,85,96,181
https://kawalpemilu.org#75092,"TAMBOO, TILONGKABILA, BONE BOLANGO, GORONTALO",3,129,105,234
https://kawalpemilu.org#75092,"TAMBOO, TILONGKABILA, BONE BOLANGO, GORONTALO",4,99,129,228
https://kawalpemilu.org#75093,"ILOHELUMA, TILONGKABILA, BONE BOLANGO, GORONTALO",1,115,141,256
https://kawalpemilu.org#75093,"ILOHELUMA, TILONGKABILA, BONE BOLANGO, GORONTALO",2,87,183,270
https://kawalpemilu.org#75093,"ILOHELUMA, TILONGKABILA, BONE BOLANGO, GORONTALO",3,99,173,272
https://kawalpemilu.org#75093,"ILOHELUMA, TILONGKABILA, BONE BOLANGO, GORONTALO",4,77,189,266
https://kawalpemilu.org#75094,"MOOTILANGO, TILONGKABILA, BONE BOLANGO, GORONTALO",1,105,129,234
https://kawalpemilu.org#75094,"MOOTILANGO, TILONGKABILA, BONE BOLANGO, GORONTALO",2,129,101,230
https://kawalpemilu.org#75094,"MOOTILANGO, TILONGKABILA, BONE BOLANGO, GORONTALO",3,113,103,216
https://kawalpemilu.org#75094,"MOOTILANGO, TILONGKABILA, BONE BOLANGO, GORONTALO",4,85,149,234
https://kawalpemilu.org#75095,"BUTU, TILONGKABILA, BONE BOLANGO, GORONTALO",1,182,86,268
https://kawalpemilu.org#75095,"BUTU, TILONGKABILA, BONE BOLANGO, GORONTALO",2,220,54,274
https://kawalpemilu.org#75096,"PERMATA, TILONGKABILA, BONE BOLANGO, GORONTALO",1,127,99,226
https://kawalpemilu.org#75096,"PERMATA, TILONGKABILA, BONE BOLANGO, GORONTALO",2,110,122,232
https://kawalpemilu.org#75096,"PERMATA, TILONGKABILA, BONE BOLANGO, GORONTALO",3,93,121,214
https://kawalpemilu.org#75096,"PERMATA, TILONGKABILA, BONE BOLANGO, GORONTALO",4,79,142,221
https://kawalpemilu.org#90188,"TUNGOLO SELATAN, TILONGKABILA, BONE BOLANGO, GORONTALO",1,111,111,222
https://kawalpemilu.org#90188,"TUNGOLO SELATAN, TILONGKABILA, BONE BOLANGO, GORONTALO",2,140,64,204
https://kawalpemilu.org#90189,"BONGOHULOWA, TILONGKABILA, BONE BOLANGO, GORONTALO",1,82,148,230
https://kawalpemilu.org#90189,"BONGOHULOWA, TILONGKABILA, BONE BOLANGO, GORONTALO",2,107,142,249
https://kawalpemilu.org#90189,"BONGOHULOWA, TILONGKABILA, BONE BOLANGO, GORONTALO",3,112,134,246
https://kawalpemilu.org#90189,"BONGOHULOWA, TILONGKABILA, BONE BOLANGO, GORONTALO",4,85,143,228
https://kawalpemilu.org#90190,"BERLIAN, TILONGKABILA, BONE BOLANGO, GORONTALO",1,69,103,172
https://kawalpemilu.org#90190,"BERLIAN, TILONGKABILA, BONE BOLANGO, GORONTALO",2,90,97,187
https://kawalpemilu.org#75098,"TIMBUOLO, BOTUPINGGE, BONE BOLANGO, GORONTALO",1,48,180,228
https://kawalpemilu.org#75098,"TIMBUOLO, BOTUPINGGE, BONE BOLANGO, GORONTALO",2,82,158,240
https://kawalpemilu.org#75098,"TIMBUOLO, BOTUPINGGE, BONE BOLANGO, GORONTALO",3,118,115,233
https://kawalpemilu.org#75099,"PANGGULO, BOTUPINGGE, BONE BOLANGO, GORONTALO",1,112,57,169
https://kawalpemilu.org#75099,"PANGGULO, BOTUPINGGE, BONE BOLANGO, GORONTALO",2,109,97,206
https://kawalpemilu.org#75099,"PANGGULO, BOTUPINGGE, BONE BOLANGO, GORONTALO",3,115,81,196
https://kawalpemilu.org#75100,"LUWOHU, BOTUPINGGE, BONE BOLANGO, GORONTALO",1,74,142,216
https://kawalpemilu.org#75100,"LUWOHU, BOTUPINGGE, BONE BOLANGO, GORONTALO",2,74,139,213
https://kawalpemilu.org#75101,"BUATA, BOTUPINGGE, BONE BOLANGO, GORONTALO",1,209,56,265
https://kawalpemilu.org#75101,"BUATA, BOTUPINGGE, BONE BOLANGO, GORONTALO",2,148,99,247
https://kawalpemilu.org#75102,"TIMBUOLO TIMUR, BOTUPINGGE, BONE BOLANGO, GORONTALO",1,150,112,262
https://kawalpemilu.org#75102,"TIMBUOLO TIMUR, BOTUPINGGE, BONE BOLANGO, GORONTALO",2,83,180,263
https://kawalpemilu.org#75103,"TANAH PUTIH, BOTUPINGGE, BONE BOLANGO, GORONTALO",1,134,132,266
https://kawalpemilu.org#75103,"TANAH PUTIH, BOTUPINGGE, BONE BOLANGO, GORONTALO",2,172,87,259
https://kawalpemilu.org#90191,"PANGGULO BARAT, BOTUPINGGE, BONE BOLANGO, GORONTALO",1,87,66,2
https://kawalpemilu.org#90191,"PANGGULO BARAT, BOTUPINGGE, BONE BOLANGO, GORONTALO",2,86,69,155
https://kawalpemilu.org#90192,"TIMBUOLO TENGAH, BOTUPINGGE, BONE BOLANGO, GORONTALO",1,107,161,268
https://kawalpemilu.org#90192,"TIMBUOLO TENGAH, BOTUPINGGE, BONE BOLANGO, GORONTALO",2,73,194,267
https://kawalpemilu.org#90193,"SUKMA, BOTUPINGGE, BONE BOLANGO, GORONTALO",1,63,126,189
https://kawalpemilu.org#75105,"HUANGOBOTU, KABILA BONE, BONE BOLANGO, GORONTALO",1,190,81,271
https://kawalpemilu.org#75105,"HUANGOBOTU, KABILA BONE, BONE BOLANGO, GORONTALO",2,135,131,266
https://kawalpemilu.org#75105,"HUANGOBOTU, KABILA BONE, BONE BOLANGO, GORONTALO",3,143,126,269
https://kawalpemilu.org#75105,"HUANGOBOTU, KABILA BONE, BONE BOLANGO, GORONTALO",4,135,130,265
https://kawalpemilu.org#75106,"MOLOTABU, KABILA BONE, BONE BOLANGO, GORONTALO",1,72,151,223
https://kawalpemilu.org#75106,"MOLOTABU, KABILA BONE, BONE BOLANGO, GORONTALO",2,84,164,248
https://kawalpemilu.org#75106,"MOLOTABU, KABILA BONE, BONE BOLANGO, GORONTALO",3,98,140,238
https://kawalpemilu.org#75106,"MOLOTABU, KABILA BONE, BONE BOLANGO, GORONTALO",4,88,99,187
https://kawalpemilu.org#75107,"OLUHUTA, KABILA BONE, BONE BOLANGO, GORONTALO",1,131,94,225
https://kawalpemilu.org#75107,"OLUHUTA, KABILA BONE, BONE BOLANGO, GORONTALO",2,98,138,236
https://kawalpemilu.org#75107,"OLUHUTA, KABILA BONE, BONE BOLANGO, GORONTALO",3,58,138,196
https://kawalpemilu.org#75107,"OLUHUTA, KABILA BONE, BONE BOLANGO, GORONTALO",4,83,121,204
https://kawalpemilu.org#75108,"OLELE, KABILA BONE, BONE BOLANGO, GORONTALO",1,160,87,247
https://kawalpemilu.org#75108,"OLELE, KABILA BONE, BONE BOLANGO, GORONTALO",2,113,115,228
https://kawalpemilu.org#75108,"OLELE, KABILA BONE, BONE BOLANGO, GORONTALO",3,134,97,231
https://kawalpemilu.org#75109,"BOTUTONUO, KABILA BONE, BONE BOLANGO, GORONTALO",1,107,96,203
https://kawalpemilu.org#75109,"BOTUTONUO, KABILA BONE, BONE BOLANGO, GORONTALO",2,104,103,207
https://kawalpemilu.org#75109,"BOTUTONUO, KABILA BONE, BONE BOLANGO, GORONTALO",3,97,76,173
https://kawalpemilu.org#75109,"BOTUTONUO, KABILA BONE, BONE BOLANGO, GORONTALO",4,126,65,191
https://kawalpemilu.org#75110,"MODELOMO, KABILA BONE, BONE BOLANGO, GORONTALO",1,128,82,210
https://kawalpemilu.org#75110,"MODELOMO, KABILA BONE, BONE BOLANGO, GORONTALO",2,134,105,239
https://kawalpemilu.org#75110,"MODELOMO, KABILA BONE, BONE BOLANGO, GORONTALO",3,176,77,253
https://kawalpemilu.org#75111,"BILUANGO, KABILA BONE, BONE BOLANGO, GORONTALO",1,125,94,219
https://kawalpemilu.org#75111,"BILUANGO, KABILA BONE, BONE BOLANGO, GORONTALO",2,51,168,219
https://kawalpemilu.org#75111,"BILUANGO, KABILA BONE, BONE BOLANGO, GORONTALO",3,90,135,225
https://kawalpemilu.org#75111,"BILUANGO, KABILA BONE, BONE BOLANGO, GORONTALO",4,149,60,209
https://kawalpemilu.org#75112,"BOTUBARANI, KABILA BONE, BONE BOLANGO, GORONTALO",1,158,54,212
https://kawalpemilu.org#75112,"BOTUBARANI, KABILA BONE, BONE BOLANGO, GORONTALO",2,180,156,236
https://kawalpemilu.org#75112,"BOTUBARANI, KABILA BONE, BONE BOLANGO, GORONTALO",3,111,89,200
https://kawalpemilu.org#75112,"BOTUBARANI, KABILA BONE, BONE BOLANGO, GORONTALO",4,172,58,230
https://kawalpemilu.org#75113,"BINTALAHE, KABILA BONE, BONE BOLANGO, GORONTALO",1,86,146,232
https://kawalpemilu.org#75113,"BINTALAHE, KABILA BONE, BONE BOLANGO, GORONTALO",2,151,84,235
https://kawalpemilu.org#75115,"INOMATA, BONE RAYA, BONE BOLANGO, GORONTALO",1,74,133,207
https://kawalpemilu.org#75115,"INOMATA, BONE RAYA, BONE BOLANGO, GORONTALO",2,45,171,216
https://kawalpemilu.org#75115,"INOMATA, BONE RAYA, BONE BOLANGO, GORONTALO",3,77,114,191
https://kawalpemilu.org#75116,"TOMBULILATO, BONE RAYA, BONE BOLANGO, GORONTALO",1,112,120,232
https://kawalpemilu.org#75116,"TOMBULILATO, BONE RAYA, BONE BOLANGO, GORONTALO",2,120,99,219
https://kawalpemilu.org#75117,"MOOTAYU, BONE RAYA, BONE BOLANGO, GORONTALO",1,51,107,158
https://kawalpemilu.org#75117,"MOOTAYU, BONE RAYA, BONE BOLANGO, GORONTALO",2,47,88,135
https://kawalpemilu.org#75118,"MOOTINELO, BONE RAYA, BONE BOLANGO, GORONTALO",1,56,98,154
https://kawalpemilu.org#75118,"MOOTINELO, BONE RAYA, BONE BOLANGO, GORONTALO",2,89,64,153
https://kawalpemilu.org#75119,"PELITA JAYA, BONE RAYA, BONE BOLANGO, GORONTALO",1,68,126,194
https://kawalpemilu.org#75119,"PELITA JAYA, BONE RAYA, BONE BOLANGO, GORONTALO",2,42,155,197
https://kawalpemilu.org#75119,"PELITA JAYA, BONE RAYA, BONE BOLANGO, GORONTALO",3,63,140,203
https://kawalpemilu.org#75120,"MOOPIYA, BONE RAYA, BONE BOLANGO, GORONTALO",1,131,60,191
https://kawalpemilu.org#75120,"MOOPIYA, BONE RAYA, BONE BOLANGO, GORONTALO",2,85,111,196
https://kawalpemilu.org#75121,"ALO, BONE RAYA, BONE BOLANGO, GORONTALO",1,47,132,179
https://kawalpemilu.org#75121,"ALO, BONE RAYA, BONE BOLANGO, GORONTALO",2,52,141,193
https://kawalpemilu.org#75121,"ALO, BONE RAYA, BONE BOLANGO, GORONTALO",3,43,129,172
https://kawalpemilu.org#75122,"LAUT BIRU, BONE RAYA, BONE BOLANGO, GORONTALO",1,111,95,206
https://kawalpemilu.org#75122,"LAUT BIRU, BONE RAYA, BONE BOLANGO, GORONTALO",2,104,94,198
https://kawalpemilu.org#90847,"BUNGA, BONE RAYA, BONE BOLANGO, GORONTALO",1,85,81,166
https://kawalpemilu.org#90847,"BUNGA, BONE RAYA, BONE BOLANGO, GORONTALO",2,62,121,183
https://kawalpemilu.org#90848,"MOOTAWA, BONE RAYA, BONE BOLANGO, GORONTALO",1,54,109,163
https://kawalpemilu.org#90848,"MOOTAWA, BONE RAYA, BONE BOLANGO, GORONTALO",2,54,98,152
https://kawalpemilu.org#75124,"TALUDAA, BONE, BONE BOLANGO, GORONTALO",1,83,163,246
https://kawalpemilu.org#75124,"TALUDAA, BONE, BONE BOLANGO, GORONTALO",2,87,153,240
https://kawalpemilu.org#75124,"TALUDAA, BONE, BONE BOLANGO, GORONTALO",3,86,160,246
https://kawalpemilu.org#75125,"SOGITIA, BONE, BONE BOLANGO, GORONTALO",1,55,201,256
https://kawalpemilu.org#75125,"SOGITIA, BONE, BONE BOLANGO, GORONTALO",2,62,177,239
https://kawalpemilu.org#75125,"SOGITIA, BONE, BONE BOLANGO, GORONTALO",3,76,180,256
https://kawalpemilu.org#75126,"MOODULIO, BONE, BONE BOLANGO, GORONTALO",1,106,160,266
https://kawalpemilu.org#75126,"MOODULIO, BONE, BONE BOLANGO, GORONTALO",2,110,122,232
https://kawalpemilu.org#75127,"BILOLANTUNGA, BONE, BONE BOLANGO, GORONTALO",1,106,123,229
https://kawalpemilu.org#75127,"BILOLANTUNGA, BONE, BONE BOLANGO, GORONTALO",2,82,167,249
https://kawalpemilu.org#75128,"INOGALUMA, BONE, BONE BOLANGO, GORONTALO",1,50,149,199
https://kawalpemilu.org#75128,"INOGALUMA, BONE, BONE BOLANGO, GORONTALO",2,87,121,208
https://kawalpemilu.org#75129,"MONANO, BONE, BONE BOLANGO, GORONTALO",1,117,86,203
https://kawalpemilu.org#75129,"MONANO, BONE, BONE BOLANGO, GORONTALO",2,131,55,186
https://kawalpemilu.org#75130,"TUMBUH MEKAR, BONE, BONE BOLANGO, GORONTALO",1,114,45,159
https://kawalpemilu.org#75130,"TUMBUH MEKAR, BONE, BONE BOLANGO, GORONTALO",2,84,57,141
https://kawalpemilu.org#75131,"MOLAMAHU, BONE, BONE BOLANGO, GORONTALO",1,69,169,238
https://kawalpemilu.org#75131,"MOLAMAHU, BONE, BONE BOLANGO, GORONTALO",2,91,157,245
https://kawalpemilu.org#75132,"MASIAGA, BONE, BONE BOLANGO, GORONTALO",1,98,105,203
https://kawalpemilu.org#75132,"MASIAGA, BONE, BONE BOLANGO, GORONTALO",2,48,136,184
https://kawalpemilu.org#75133,"ILOHUUWA, BONE, BONE BOLANGO, GORONTALO",1,105,112,217
https://kawalpemilu.org#75133,"ILOHUUWA, BONE, BONE BOLANGO, GORONTALO",2,86,110,196
https://kawalpemilu.org#85888,"WALUHU, BONE, BONE BOLANGO, GORONTALO",1,125,106,231
https://kawalpemilu.org#90452,"MUARA BONE, BONE, BONE BOLANGO, GORONTALO",1,57,178,235
https://kawalpemilu.org#90453,"CENDANA PUTIH, BONE, BONE BOLANGO, GORONTALO",1,123,115,238
https://kawalpemilu.org#90454,"PERMATA, BONE, BONE BOLANGO, GORONTALO",1,59,90,149
https://kawalpemilu.org#90454,"PERMATA, BONE, BONE BOLANGO, GORONTALO",2,36,105,141
https://kawalpemilu.org#75135,"TULABOLO, SUWAWA TIMUR, BONE BOLANGO, GORONTALO",1,105,85,190
https://kawalpemilu.org#75135,"TULABOLO, SUWAWA TIMUR, BONE BOLANGO, GORONTALO",2,134,58,192
https://kawalpemilu.org#75137,"DUMBAYA BULAN, SUWAWA TIMUR, BONE BOLANGO, GORONTALO",1,76,165,241
https://kawalpemilu.org#75137,"DUMBAYA BULAN, SUWAWA TIMUR, BONE BOLANGO, GORONTALO",2,132,114,246
https://kawalpemilu.org#75137,"DUMBAYA BULAN, SUWAWA TIMUR, BONE BOLANGO, GORONTALO",3,126,110,236
https://kawalpemilu.org#75138,"TULABOLO TIMUR, SUWAWA TIMUR, BONE BOLANGO, GORONTALO",1,75,81,156
https://kawalpemilu.org#75138,"TULABOLO TIMUR, SUWAWA TIMUR, BONE BOLANGO, GORONTALO",2,204,55,259
https://kawalpemilu.org#75139,"TILANGOBULA, SUWAWA TIMUR, BONE BOLANGO, GORONTALO",1,120,85,205
https://kawalpemilu.org#75139,"TILANGOBULA, SUWAWA TIMUR, BONE BOLANGO, GORONTALO",2,123,69,192
https://kawalpemilu.org#85889,"PODUWOMA, SUWAWA TIMUR, BONE BOLANGO, GORONTALO",1,95,72,167
https://kawalpemilu.org#85889,"PODUWOMA, SUWAWA TIMUR, BONE BOLANGO, GORONTALO",2,63,50,113
https://kawalpemilu.org#85890,"TULABOLO BARAT, SUWAWA TIMUR, BONE BOLANGO, GORONTALO",1,83,70,153
https://kawalpemilu.org#85890,"TULABOLO BARAT, SUWAWA TIMUR, BONE BOLANGO, GORONTALO",2,100,76,176
https://kawalpemilu.org#85891,"TINEMBA, SUWAWA TIMUR, BONE BOLANGO, GORONTALO",1,135,144,279
https://kawalpemilu.org#90194,"PANGGULO, SUWAWA TIMUR, BONE BOLANGO, GORONTALO",1,92,109,201
https://kawalpemilu.org#90195,"PANGI, SUWAWA TIMUR, BONE BOLANGO, GORONTALO",1,155,87,242
https://kawalpemilu.org#90195,"PANGI, SUWAWA TIMUR, BONE BOLANGO, GORONTALO",2,153,104,257
https://kawalpemilu.org#75142,"BULONTALA, SUWAWA SELATAN, BONE BOLANGO, GORONTALO",1,83,130,213
https://kawalpemilu.org#75142,"BULONTALA, SUWAWA SELATAN, BONE BOLANGO, GORONTALO",2,99,85,184
https://kawalpemilu.org#75143,"LIBUNGO, SUWAWA SELATAN, BONE BOLANGO, GORONTALO",1,106,105,211
https://kawalpemilu.org#75143,"LIBUNGO, SUWAWA SELATAN, BONE BOLANGO, GORONTALO",2,137,55,192
https://kawalpemilu.org#75144,"MOLINTOGUPO, SUWAWA SELATAN, BONE BOLANGO, GORONTALO",1,132,125,257
https://kawalpemilu.org#75144,"MOLINTOGUPO, SUWAWA SELATAN, BONE BOLANGO, GORONTALO",2,133,64,197
https://kawalpemilu.org#75144,"MOLINTOGUPO, SUWAWA SELATAN, BONE BOLANGO, GORONTALO",3,230,31,261
https://kawalpemilu.org#75145,"BONEDAA, SUWAWA SELATAN, BONE BOLANGO, GORONTALO",1,111,69,180
https://kawalpemilu.org#75145,"BONEDAA, SUWAWA SELATAN, BONE BOLANGO, GORONTALO",2,89,89,178
https://kawalpemilu.org#75146,"BONDAWUNA, SUWAWA SELATAN, BONE BOLANGO, GORONTALO",1,144,113,257
https://kawalpemilu.org#75146,"BONDAWUNA, SUWAWA SELATAN, BONE BOLANGO, GORONTALO",2,176,75,251
https://kawalpemilu.org#75147,"BULONTALA TIMUR, SUWAWA SELATAN, BONE BOLANGO, GORONTALO",1,125,133,258
https://kawalpemilu.org#75147,"BULONTALA TIMUR, SUWAWA SELATAN, BONE BOLANGO, GORONTALO",2,125,139,264
https://kawalpemilu.org#85892,"BONDARAYA, SUWAWA SELATAN, BONE BOLANGO, GORONTALO",1,136,59,195
https://kawalpemilu.org#85892,"BONDARAYA, SUWAWA SELATAN, BONE BOLANGO, GORONTALO",2,170,50,220
https://kawalpemilu.org#90196,"PANCURAN, SUWAWA SELATAN, BONE BOLANGO, GORONTALO",1,177,47,224
https://kawalpemilu.org#75149,"LOMPOTOO, SUWAWA TENGAH, BONE BOLANGO, GORONTALO",1,96,162,258
https://kawalpemilu.org#75149,"LOMPOTOO, SUWAWA TENGAH, BONE BOLANGO, GORONTALO",2,135,109,244
https://kawalpemilu.org#75150,"LOMBONGO, SUWAWA TENGAH, BONE BOLANGO, GORONTALO",1,120,132,252
https://kawalpemilu.org#75150,"LOMBONGO, SUWAWA TENGAH, BONE BOLANGO, GORONTALO",2,133,97,230
https://kawalpemilu.org#75150,"LOMBONGO, SUWAWA TENGAH, BONE BOLANGO, GORONTALO",3,146,64,210
https://kawalpemilu.org#75150,"LOMBONGO, SUWAWA TENGAH, BONE BOLANGO, GORONTALO",4,128,53,181
https://kawalpemilu.org#75151,"DUANO, SUWAWA TENGAH, BONE BOLANGO, GORONTALO",1,73,115,188
https://kawalpemilu.org#75151,"DUANO, SUWAWA TENGAH, BONE BOLANGO, GORONTALO",2,120,92,212
https://kawalpemilu.org#75151,"DUANO, SUWAWA TENGAH, BONE BOLANGO, GORONTALO",3,138,53,191
https://kawalpemilu.org#75151,"DUANO, SUWAWA TENGAH, BONE BOLANGO, GORONTALO",4,112,125,237
https://kawalpemilu.org#75151,"DUANO, SUWAWA TENGAH, BONE BOLANGO, GORONTALO",5,103,117,220
https://kawalpemilu.org#75152,"TOLOMATO, SUWAWA TENGAH, BONE BOLANGO, GORONTALO",1,130,128,258
https://kawalpemilu.org#75152,"TOLOMATO, SUWAWA TENGAH, BONE BOLANGO, GORONTALO",2,134,128,262
https://kawalpemilu.org#75153,"ALALE, SUWAWA TENGAH, BONE BOLANGO, GORONTALO",1,98,151,249
https://kawalpemilu.org#75153,"ALALE, SUWAWA TENGAH, BONE BOLANGO, GORONTALO",2,106,149,255
https://kawalpemilu.org#75153,"ALALE, SUWAWA TENGAH, BONE BOLANGO, GORONTALO",3,102,136,238
https://kawalpemilu.org#90197,"TAPADAA, SUWAWA TENGAH, BONE BOLANGO, GORONTALO",1,86,84,170
https://kawalpemilu.org#90197,"TAPADAA, SUWAWA TENGAH, BONE BOLANGO, GORONTALO",2,88,85,173
https://kawalpemilu.org#75155,"MONGIILO, BULANGO ULU, BONE BOLANGO, GORONTALO",1,33,143,176
https://kawalpemilu.org#75155,"MONGIILO, BULANGO ULU, BONE BOLANGO, GORONTALO",2,42,170,212
https://kawalpemilu.org#75155,"MONGIILO, BULANGO ULU, BONE BOLANGO, GORONTALO",3,34,147,181
https://kawalpemilu.org#75156,"OWATA, BULANGO ULU, BONE BOLANGO, GORONTALO",1,104,135,239
https://kawalpemilu.org#75156,"OWATA, BULANGO ULU, BONE BOLANGO, GORONTALO",2,69,186,255
https://kawalpemilu.org#75156,"OWATA, BULANGO ULU, BONE BOLANGO, GORONTALO",3,58,162,220
https://kawalpemilu.org#75157,"MONGIILO UTARA, BULANGO ULU, BONE BOLANGO, GORONTALO",1,129,89,218
https://kawalpemilu.org#75157,"MONGIILO UTARA, BULANGO ULU, BONE BOLANGO, GORONTALO",2,106,106,212
https://kawalpemilu.org#75158,"PILOLAHEYA, BULANGO ULU, BONE BOLANGO, GORONTALO",1,69,97,166
https://kawalpemilu.org#75158,"PILOLAHEYA, BULANGO ULU, BONE BOLANGO, GORONTALO",2,49,121,170
https://kawalpemilu.org#75159,"ILOMATA, BULANGO ULU, BONE BOLANGO, GORONTALO",1,112,41,153
https://kawalpemilu.org#75159,"ILOMATA, BULANGO ULU, BONE BOLANGO, GORONTALO",2,96,75,171
https://kawalpemilu.org#75160,"SUKA MAKMUR, BULANGO ULU, BONE BOLANGO, GORONTALO",1,99,165,264
https://kawalpemilu.org#75162,"AYULA SELATAN, BULANGO SELATAN, BONE BOLANGO, GORONTALO",1,53,128,181
https://kawalpemilu.org#75162,"AYULA SELATAN, BULANGO SELATAN, BONE BOLANGO, GORONTALO",2,65,115,180
https://kawalpemilu.org#75162,"AYULA SELATAN, BULANGO SELATAN, BONE BOLANGO, GORONTALO",3,73,115,188
https://kawalpemilu.org#75163,"HUNTU UTARA, BULANGO SELATAN, BONE BOLANGO, GORONTALO",1,149,107,256
https://kawalpemilu.org#75163,"HUNTU UTARA, BULANGO SELATAN, BONE BOLANGO, GORONTALO",2,160,113,273
https://kawalpemilu.org#75163,"HUNTU UTARA, BULANGO SELATAN, BONE BOLANGO, GORONTALO",3,82,135,217
https://kawalpemilu.org#75164,"AYULA UTARA, BULANGO SELATAN, BONE BOLANGO, GORONTALO",1,111,148,259
https://kawalpemilu.org#75164,"AYULA UTARA, BULANGO SELATAN, BONE BOLANGO, GORONTALO",2,113,125,238
https://kawalpemilu.org#75164,"AYULA UTARA, BULANGO SELATAN, BONE BOLANGO, GORONTALO",3,86,165,251
https://kawalpemilu.org#75165,"HUNTU SELATAN, BULANGO SELATAN, BONE BOLANGO, GORONTALO",1,112,106,218
https://kawalpemilu.org#75165,"HUNTU SELATAN, BULANGO SELATAN, BONE BOLANGO, GORONTALO",2,114,105,219
https://kawalpemilu.org#75165,"HUNTU SELATAN, BULANGO SELATAN, BONE BOLANGO, GORONTALO",3,109,102,211
https://kawalpemilu.org#75166,"HUNTU BARAT, BULANGO SELATAN, BONE BOLANGO, GORONTALO",1,71,127,198
https://kawalpemilu.org#75166,"HUNTU BARAT, BULANGO SELATAN, BONE BOLANGO, GORONTALO",2,86,132,218
https://kawalpemilu.org#75166,"HUNTU BARAT, BULANGO SELATAN, BONE BOLANGO, GORONTALO",3,117,94,211
https://kawalpemilu.org#75166,"HUNTU BARAT, BULANGO SELATAN, BONE BOLANGO, GORONTALO",4,109,109,218
https://kawalpemilu.org#75167,"AYULA TILANGO, BULANGO SELATAN, BONE BOLANGO, GORONTALO",1,46,157,203
https://kawalpemilu.org#75167,"AYULA TILANGO, BULANGO SELATAN, BONE BOLANGO, GORONTALO",2,71,165,236
https://kawalpemilu.org#75167,"AYULA TILANGO, BULANGO SELATAN, BONE BOLANGO, GORONTALO",3,72,134,206
https://kawalpemilu.org#75167,"AYULA TILANGO, BULANGO SELATAN, BONE BOLANGO, GORONTALO",4,79,138,117
https://kawalpemilu.org#75167,"AYULA TILANGO, BULANGO SELATAN, BONE BOLANGO, GORONTALO",5,96,101,197
https://kawalpemilu.org#75168,"AYULA TIMUR, BULANGO SELATAN, BONE BOLANGO, GORONTALO",1,69,105,174
https://kawalpemilu.org#75168,"AYULA TIMUR, BULANGO SELATAN, BONE BOLANGO, GORONTALO",2,72,70,142
https://kawalpemilu.org#75169,"LAMAHU, BULANGO SELATAN, BONE BOLANGO, GORONTALO",1,91,131,222
https://kawalpemilu.org#75169,"LAMAHU, BULANGO SELATAN, BONE BOLANGO, GORONTALO",2,80,128,208
https://kawalpemilu.org#75169,"LAMAHU, BULANGO SELATAN, BONE BOLANGO, GORONTALO",3,67,165,232
https://kawalpemilu.org#75169,"LAMAHU, BULANGO SELATAN, BONE BOLANGO, GORONTALO",4,82,128,210
https://kawalpemilu.org#85893,"TINELO AYULA, BULANGO SELATAN, BONE BOLANGO, GORONTALO",1,117,139,256
https://kawalpemilu.org#85893,"TINELO AYULA, BULANGO SELATAN, BONE BOLANGO, GORONTALO",2,112,138,250
https://kawalpemilu.org#90198,"SEJAHTERA, BULANGO SELATAN, BONE BOLANGO, GORONTALO",1,103,113,216
https://kawalpemilu.org#90198,"SEJAHTERA, BULANGO SELATAN, BONE BOLANGO, GORONTALO",2,73,150,223
https://kawalpemilu.org#90198,"SEJAHTERA, BULANGO SELATAN, BONE BOLANGO, GORONTALO",3,70,155,225
https://kawalpemilu.org#75171,"BULOTALANGI, BULANGO TIMUR, BONE BOLANGO, GORONTALO",1,86,115,241
https://kawalpemilu.org#75171,"BULOTALANGI, BULANGO TIMUR, BONE BOLANGO, GORONTALO",2,92,165,257
https://kawalpemilu.org#75171,"BULOTALANGI, BULANGO TIMUR, BONE BOLANGO, GORONTALO",3,129,134,263
https://kawalpemilu.org#75172,"TOLUWAYA, BULANGO TIMUR, BONE BOLANGO, GORONTALO",1,66,128,194
https://kawalpemilu.org#75172,"TOLUWAYA, BULANGO TIMUR, BONE BOLANGO, GORONTALO",2,103,92,195
https://kawalpemilu.org#75172,"TOLUWAYA, BULANGO TIMUR, BONE BOLANGO, GORONTALO",3,90,95,185
https://kawalpemilu.org#75173,"POPODU, BULANGO TIMUR, BONE BOLANGO, GORONTALO",1,78,163,241
https://kawalpemilu.org#75173,"POPODU, BULANGO TIMUR, BONE BOLANGO, GORONTALO",2,107,131,238
https://kawalpemilu.org#75173,"POPODU, BULANGO TIMUR, BONE BOLANGO, GORONTALO",3,109,140,249
https://kawalpemilu.org#75173,"POPODU, BULANGO TIMUR, BONE BOLANGO, GORONTALO",4,137,94,231
https://kawalpemilu.org#75174,"BULOTALANGI TIMUR, BULANGO TIMUR, BONE BOLANGO, GORONTALO",1,116,93,209
https://kawalpemilu.org#75174,"BULOTALANGI TIMUR, BULANGO TIMUR, BONE BOLANGO, GORONTALO",2,81,139,220
https://kawalpemilu.org#75174,"BULOTALANGI TIMUR, BULANGO TIMUR, BONE BOLANGO, GORONTALO",3,84,125,209
https://kawalpemilu.org#75175,"BULOTALANGI BARAT, BULANGO TIMUR, BONE BOLANGO, GORONTALO",1,80,126,206
https://kawalpemilu.org#75175,"BULOTALANGI BARAT, BULANGO TIMUR, BONE BOLANGO, GORONTALO",2,61,128,189
https://kawalpemilu.org#75175,"BULOTALANGI BARAT, BULANGO TIMUR, BONE BOLANGO, GORONTALO",3,50,147,197
https://kawalpemilu.org#75175,"BULOTALANGI BARAT, BULANGO TIMUR, BONE BOLANGO, GORONTALO",4,95,98,193
https://kawalpemilu.org#75177,"MAMUNGAA, BULAWA, BONE BOLANGO, GORONTALO",1,80,193,273
https://kawalpemilu.org#75178,"KAIDUNDU BARAT, BULAWA, BONE BOLANGO, GORONTALO",1,37,116,153
https://kawalpemilu.org#75178,"KAIDUNDU BARAT, BULAWA, BONE BOLANGO, GORONTALO",2,31,106,137
https://kawalpemilu.org#75179,"MOPUYA, BULAWA, BONE BOLANGO, GORONTALO",1,28,144,172
https://kawalpemilu.org#75179,"MOPUYA, BULAWA, BONE BOLANGO, GORONTALO",2,84,74,158
https://kawalpemilu.org#75180,"KAIDUNDU, BULAWA, BONE BOLANGO, GORONTALO",1,42,152,194
https://kawalpemilu.org#75180,"KAIDUNDU, BULAWA, BONE BOLANGO, GORONTALO",2,32,176,208
https://kawalpemilu.org#75180,"KAIDUNDU, BULAWA, BONE BOLANGO, GORONTALO",3,49,153,202
https://kawalpemilu.org#75181,"BUKIT HIJAU, BULAWA, BONE BOLANGO, GORONTALO",1,78,147,225
https://kawalpemilu.org#75182,"MAMUNGAA TIMUR, BULAWA, BONE BOLANGO, GORONTALO",1,97,170,267
https://kawalpemilu.org#75182,"MAMUNGAA TIMUR, BULAWA, BONE BOLANGO, GORONTALO",2,89,193,282
https://kawalpemilu.org#85894,"DUNGGILATA, BULAWA, BONE BOLANGO, GORONTALO",1,55,153,208
https://kawalpemilu.org#85894,"DUNGGILATA, BULAWA, BONE BOLANGO, GORONTALO",2,58,149,207
https://kawalpemilu.org#85895,"PINOMOTINGA, BULAWA, BONE BOLANGO, GORONTALO",1,25,169,194
https://kawalpemilu.org#85895,"PINOMOTINGA, BULAWA, BONE BOLANGO, GORONTALO",2,17,173,190
https://kawalpemilu.org#85896,"PATOA, BULAWA, BONE BOLANGO, GORONTALO",1,103,144,247
https://kawalpemilu.org#75136,"PINOGU, PINOGU, BONE BOLANGO, GORONTALO",1,72,80,152
https://kawalpemilu.org#75136,"PINOGU, PINOGU, BONE BOLANGO, GORONTALO",2,93,52,145
https://kawalpemilu.org#75140,"BANGIO, PINOGU, BONE BOLANGO, GORONTALO",1,98,107,205
https://kawalpemilu.org#90711,"DATARAN HIJAU, PINOGU, BONE BOLANGO, GORONTALO",1,70,53,123
https://kawalpemilu.org#90711,"DATARAN HIJAU, PINOGU, BONE BOLANGO, GORONTALO",2,103,37,140
https://kawalpemilu.org#90712,"PINOGU PERMAI, PINOGU, BONE BOLANGO, GORONTALO",1,78,43,121
https://kawalpemilu.org#90712,"PINOGU PERMAI, PINOGU, BONE BOLANGO, GORONTALO",2,111,44,155
https://kawalpemilu.org#90713,"TILONGGIBILA, PINOGU, BONE BOLANGO, GORONTALO",1,176,53,229
https://kawalpemilu.org#75185,"TOROSIAJE, POPAYATO, PAHUWATO, GORONTALO",1,62,131,193
https://kawalpemilu.org#75185,"TOROSIAJE, POPAYATO, PAHUWATO, GORONTALO",2,95,116,211
https://kawalpemilu.org#75185,"TOROSIAJE, POPAYATO, PAHUWATO, GORONTALO",3,119,104,223
https://kawalpemilu.org#75185,"TOROSIAJE, POPAYATO, PAHUWATO, GORONTALO",4,86,105,191
https://kawalpemilu.org#75186,"POPAYATO, POPAYATO, PAHUWATO, GORONTALO",1,90,122,212
https://kawalpemilu.org#75186,"POPAYATO, POPAYATO, PAHUWATO, GORONTALO",2,121,105,226
https://kawalpemilu.org#75186,"POPAYATO, POPAYATO, PAHUWATO, GORONTALO",3,66,128,194
https://kawalpemilu.org#75187,"TELAGA, POPAYATO, PAHUWATO, GORONTALO",1,151,89,240
https://kawalpemilu.org#75187,"TELAGA, POPAYATO, PAHUWATO, GORONTALO",2,160,89,249
https://kawalpemilu.org#75187,"TELAGA, POPAYATO, PAHUWATO, GORONTALO",3,157,58,215
https://kawalpemilu.org#75188,"TOROSIAJE JAYA, POPAYATO, PAHUWATO, GORONTALO",1,105,125,230
https://kawalpemilu.org#75188,"TOROSIAJE JAYA, POPAYATO, PAHUWATO, GORONTALO",2,122,98,220
https://kawalpemilu.org#75188,"TOROSIAJE JAYA, POPAYATO, PAHUWATO, GORONTALO",3,101,69,170
https://kawalpemilu.org#75188,"TOROSIAJE JAYA, POPAYATO, PAHUWATO, GORONTALO",4,107,53,160
https://kawalpemilu.org#75189,"BUKIT TINGKI, POPAYATO, PAHUWATO, GORONTALO",1,90,94,184
https://kawalpemilu.org#75189,"BUKIT TINGKI, POPAYATO, PAHUWATO, GORONTALO",2,112,114,226
https://kawalpemilu.org#75189,"BUKIT TINGKI, POPAYATO, PAHUWATO, GORONTALO",3,73,59,0
https://kawalpemilu.org#75190,"TUNAS HARAPAN, POPAYATO, PAHUWATO, GORONTALO",1,131,51,182
https://kawalpemilu.org#75190,"TUNAS HARAPAN, POPAYATO, PAHUWATO, GORONTALO",2,116,63,179
https://kawalpemilu.org#75191,"TRIKORA, POPAYATO, PAHUWATO, GORONTALO",1,199,66,265
https://kawalpemilu.org#75191,"TRIKORA, POPAYATO, PAHUWATO, GORONTALO",2,196,69,265
https://kawalpemilu.org#75192,"DAMBALO, POPAYATO, PAHUWATO, GORONTALO",1,205,57,262
https://kawalpemilu.org#75192,"DAMBALO, POPAYATO, PAHUWATO, GORONTALO",2,145,66,211
https://kawalpemilu.org#75193,"TELAGA BIRU, POPAYATO, PAHUWATO, GORONTALO",1,165,84,249
https://kawalpemilu.org#75193,"TELAGA BIRU, POPAYATO, PAHUWATO, GORONTALO",2,157,80,237
https://kawalpemilu.org#75193,"TELAGA BIRU, POPAYATO, PAHUWATO, GORONTALO",3,131,105,236
https://kawalpemilu.org#75194,"BUMI BAHARI, POPAYATO, PAHUWATO, GORONTALO",1,101,93,194
https://kawalpemilu.org#75194,"BUMI BAHARI, POPAYATO, PAHUWATO, GORONTALO",2,135,78,213
https://kawalpemilu.org#75196,"LEMITO, LEMITO, PAHUWATO, GORONTALO",1,100,113,213
https://kawalpemilu.org#75196,"LEMITO, LEMITO, PAHUWATO, GORONTALO",2,96,97,193
https://kawalpemilu.org#75196,"LEMITO, LEMITO, PAHUWATO, GORONTALO",3,113,122,235
https://kawalpemilu.org#75196,"LEMITO, LEMITO, PAHUWATO, GORONTALO",4,180,62,242
https://kawalpemilu.org#75196,"LEMITO, LEMITO, PAHUWATO, GORONTALO",5,86,112,198
https://kawalpemilu.org#75196,"LEMITO, LEMITO, PAHUWATO, GORONTALO",6,89,122,211
https://kawalpemilu.org#75196,"LEMITO, LEMITO, PAHUWATO, GORONTALO",7,197,36,233
https://kawalpemilu.org#75197,"WONGGARASI BARAT, LEMITO, PAHUWATO, GORONTALO",1,112,106,218
https://kawalpemilu.org#75197,"WONGGARASI BARAT, LEMITO, PAHUWATO, GORONTALO",2,89,105,194
https://kawalpemilu.org#75197,"WONGGARASI BARAT, LEMITO, PAHUWATO, GORONTALO",3,122,92,214
https://kawalpemilu.org#75197,"WONGGARASI BARAT, LEMITO, PAHUWATO, GORONTALO",4,142,65,207
https://kawalpemilu.org#75198,"LOMULI, LEMITO, PAHUWATO, GORONTALO",1,69,135,204
https://kawalpemilu.org#75198,"LOMULI, LEMITO, PAHUWATO, GORONTALO",2,77,114,191
https://kawalpemilu.org#75198,"LOMULI, LEMITO, PAHUWATO, GORONTALO",3,70,62,132
https://kawalpemilu.org#75198,"LOMULI, LEMITO, PAHUWATO, GORONTALO",4,96,115,211
https://kawalpemilu.org#75199,"KENARI, LEMITO, PAHUWATO, GORONTALO",1,117,115,232
https://kawalpemilu.org#75199,"KENARI, LEMITO, PAHUWATO, GORONTALO",2,145,90,235
https://kawalpemilu.org#75199,"KENARI, LEMITO, PAHUWATO, GORONTALO",3,99,105,204
https://kawalpemilu.org#75200,"LEMITO UTARA, LEMITO, PAHUWATO, GORONTALO",1,96,149,245
https://kawalpemilu.org#75200,"LEMITO UTARA, LEMITO, PAHUWATO, GORONTALO",2,96,132,228
https://kawalpemilu.org#75200,"LEMITO UTARA, LEMITO, PAHUWATO, GORONTALO",3,110,113,223
https://kawalpemilu.org#75200,"LEMITO UTARA, LEMITO, PAHUWATO, GORONTALO",4,171,61,232
https://kawalpemilu.org#75200,"LEMITO UTARA, LEMITO, PAHUWATO, GORONTALO",5,123,106,229
https://kawalpemilu.org#75201,"WONGGARASI TENGAH, LEMITO, PAHUWATO, GORONTALO",1,175,43,218
https://kawalpemilu.org#75201,"WONGGARASI TENGAH, LEMITO, PAHUWATO, GORONTALO",2,155,73,228
https://kawalpemilu.org#75201,"WONGGARASI TENGAH, LEMITO, PAHUWATO, GORONTALO",3,148,86,234
https://kawalpemilu.org#75201,"WONGGARASI TENGAH, LEMITO, PAHUWATO, GORONTALO",4,113,95,208
https://kawalpemilu.org#75202,"SUKA DAMAI, LEMITO, PAHUWATO, GORONTALO",1,78,122,200
https://kawalpemilu.org#75202,"SUKA DAMAI, LEMITO, PAHUWATO, GORONTALO",2,137,77,214
https://kawalpemilu.org#75202,"SUKA DAMAI, LEMITO, PAHUWATO, GORONTALO",3,127,76,203
https://kawalpemilu.org#75203,"BABALONGE, LEMITO, PAHUWATO, GORONTALO",1,57,79,136
https://kawalpemilu.org#75203,"BABALONGE, LEMITO, PAHUWATO, GORONTALO",2,74,83,157
https://kawalpemilu.org#75205,"MOTOLOHU, RANDANGAN, PAHUWATO, GORONTALO",1,108,119,227
https://kawalpemilu.org#75205,"MOTOLOHU, RANDANGAN, PAHUWATO, GORONTALO",2,108,130,238
https://kawalpemilu.org#75205,"MOTOLOHU, RANDANGAN, PAHUWATO, GORONTALO",3,133,94,227
https://kawalpemilu.org#75205,"MOTOLOHU, RANDANGAN, PAHUWATO, GORONTALO",4,116,110,226
https://kawalpemilu.org#75205,"MOTOLOHU, RANDANGAN, PAHUWATO, GORONTALO",5,142,54,196
https://kawalpemilu.org#75205,"MOTOLOHU, RANDANGAN, PAHUWATO, GORONTALO",6,163,49,212
https://kawalpemilu.org#75206,"IMBODU, RANDANGAN, PAHUWATO, GORONTALO",1,142,129,271
https://kawalpemilu.org#75206,"IMBODU, RANDANGAN, PAHUWATO, GORONTALO",2,114,154,268
https://kawalpemilu.org#75206,"IMBODU, RANDANGAN, PAHUWATO, GORONTALO",3,156,81,237
https://kawalpemilu.org#75207,"MANUNGGAL KARYA, RANDANGAN, PAHUWATO, GORONTALO",1,202,39,241
https://kawalpemilu.org#75207,"MANUNGGAL KARYA, RANDANGAN, PAHUWATO, GORONTALO",2,185,32,217
https://kawalpemilu.org#75207,"MANUNGGAL KARYA, RANDANGAN, PAHUWATO, GORONTALO",3,200,37,237
https://kawalpemilu.org#75207,"MANUNGGAL KARYA, RANDANGAN, PAHUWATO, GORONTALO",4,240,34,240
https://kawalpemilu.org#75207,"MANUNGGAL KARYA, RANDANGAN, PAHUWATO, GORONTALO",5,214,21,235
https://kawalpemilu.org#75208,"SIDO RUKUN, RANDANGAN, PAHUWATO, GORONTALO",1,146,39,185
https://kawalpemilu.org#75208,"SIDO RUKUN, RANDANGAN, PAHUWATO, GORONTALO",2,184,12,196
https://kawalpemilu.org#75208,"SIDO RUKUN, RANDANGAN, PAHUWATO, GORONTALO",3,162,12,174
https://kawalpemilu.org#75209,"SARI MURNI, RANDANGAN, PAHUWATO, GORONTALO",1,211,23,234
https://kawalpemilu.org#75209,"SARI MURNI, RANDANGAN, PAHUWATO, GORONTALO",2,232,18,250
https://kawalpemilu.org#75209,"SARI MURNI, RANDANGAN, PAHUWATO, GORONTALO",3,236,20,256
https://kawalpemilu.org#75210,"HUYULA, RANDANGAN, PAHUWATO, GORONTALO",1,80,139,219
https://kawalpemilu.org#75210,"HUYULA, RANDANGAN, PAHUWATO, GORONTALO",2,69,111,180
https://kawalpemilu.org#75210,"HUYULA, RANDANGAN, PAHUWATO, GORONTALO",3,52,160,212
https://kawalpemilu.org#75210,"HUYULA, RANDANGAN, PAHUWATO, GORONTALO",4,90,130,220
https://kawalpemilu.org#75211,"PATUHU, RANDANGAN, PAHUWATO, GORONTALO",1,81,95,176
https://kawalpemilu.org#75211,"PATUHU, RANDANGAN, PAHUWATO, GORONTALO",2,90,74,164
https://kawalpemilu.org#75211,"PATUHU, RANDANGAN, PAHUWATO, GORONTALO",3,107,104,211
https://kawalpemilu.org#75211,"PATUHU, RANDANGAN, PAHUWATO, GORONTALO",4,137,85,222
https://kawalpemilu.org#75212,"AYULA, RANDANGAN, PAHUWATO, GORONTALO",1,62,115,177
https://kawalpemilu.org#75212,"AYULA, RANDANGAN, PAHUWATO, GORONTALO",2,109,121,230
https://kawalpemilu.org#75212,"AYULA, RANDANGAN, PAHUWATO, GORONTALO",3,88,69,157
https://kawalpemilu.org#75212,"AYULA, RANDANGAN, PAHUWATO, GORONTALO",4,118,111,229
https://kawalpemilu.org#75213,"OMAYUWA, RANDANGAN, PAHUWATO, GORONTALO",1,150,83,233
https://kawalpemilu.org#75213,"OMAYUWA, RANDANGAN, PAHUWATO, GORONTALO",2,162,93,255
https://kawalpemilu.org#75213,"OMAYUWA, RANDANGAN, PAHUWATO, GORONTALO",3,127,106,233
https://kawalpemilu.org#75213,"OMAYUWA, RANDANGAN, PAHUWATO, GORONTALO",4,122,128,250
https://kawalpemilu.org#75214,"BANUROJA, RANDANGAN, PAHUWATO, GORONTALO",1,238,12,250
https://kawalpemilu.org#75214,"BANUROJA, RANDANGAN, PAHUWATO, GORONTALO",2,191,33,224
https://kawalpemilu.org#75214,"BANUROJA, RANDANGAN, PAHUWATO, GORONTALO",3,209,28,237
https://kawalpemilu.org#75215,"PELAMBANE, RANDANGAN, PAHUWATO, GORONTALO",1,124,108,232
https://kawalpemilu.org#75215,"PELAMBANE, RANDANGAN, PAHUWATO, GORONTALO",2,158,83,241
https://kawalpemilu.org#75215,"PELAMBANE, RANDANGAN, PAHUWATO, GORONTALO",3,93,52,145
https://kawalpemilu.org#75216,"MOTOLOHU SELATAN, RANDANGAN, PAHUWATO, GORONTALO",1,124,129,253
https://kawalpemilu.org#75216,"MOTOLOHU SELATAN, RANDANGAN, PAHUWATO, GORONTALO",2,99,157,256
https://kawalpemilu.org#75217,"SIDUWONGE, RANDANGAN, PAHUWATO, GORONTALO",1,151,68,219
https://kawalpemilu.org#75217,"SIDUWONGE, RANDANGAN, PAHUWATO, GORONTALO",2,106,108,214
https://kawalpemilu.org#75217,"SIDUWONGE, RANDANGAN, PAHUWATO, GORONTALO",3,125,67,192
https://kawalpemilu.org#75219,"MARISA SELATAN, MARISA, PAHUWATO, GORONTALO",1,73,86,157
https://kawalpemilu.org#75219,"MARISA SELATAN, MARISA, PAHUWATO, GORONTALO",2,42,57,99
https://kawalpemilu.org#75219,"MARISA SELATAN, MARISA, PAHUWATO, GORONTALO",3,120,137,257
https://kawalpemilu.org#75219,"MARISA SELATAN, MARISA, PAHUWATO, GORONTALO",4,109,125,234
https://kawalpemilu.org#75219,"MARISA SELATAN, MARISA, PAHUWATO, GORONTALO",5,106,101,207
https://kawalpemilu.org#75219,"MARISA SELATAN, MARISA, PAHUWATO, GORONTALO",6,122,86,208
https://kawalpemilu.org#75219,"MARISA SELATAN, MARISA, PAHUWATO, GORONTALO",7,67,82,149
https://kawalpemilu.org#75219,"MARISA SELATAN, MARISA, PAHUWATO, GORONTALO",8,110,91,201
https://kawalpemilu.org#75219,"MARISA SELATAN, MARISA, PAHUWATO, GORONTALO",9,84,135,219
https://kawalpemilu.org#75219,"MARISA SELATAN, MARISA, PAHUWATO, GORONTALO",10,113,160,273
https://kawalpemilu.org#75220,"MARISA UTARA, MARISA, PAHUWATO, GORONTALO",1,110,149,259
https://kawalpemilu.org#75220,"MARISA UTARA, MARISA, PAHUWATO, GORONTALO",2,80,179,259
https://kawalpemilu.org#75220,"MARISA UTARA, MARISA, PAHUWATO, GORONTALO",3,112,145,257
https://kawalpemilu.org#75220,"MARISA UTARA, MARISA, PAHUWATO, GORONTALO",4,117,132,249
https://kawalpemilu.org#75220,"MARISA UTARA, MARISA, PAHUWATO, GORONTALO",5,124,126,250
https://kawalpemilu.org#75220,"MARISA UTARA, MARISA, PAHUWATO, GORONTALO",6,131,80,211
https://kawalpemilu.org#75220,"MARISA UTARA, MARISA, PAHUWATO, GORONTALO",7,112,160,272
https://kawalpemilu.org#75220,"MARISA UTARA, MARISA, PAHUWATO, GORONTALO",8,115,105,220
https://kawalpemilu.org#75220,"MARISA UTARA, MARISA, PAHUWATO, GORONTALO",9,79,71,150
https://kawalpemilu.org#75221,"TERATAI, MARISA, PAHUWATO, GORONTALO",1,196,74,270
https://kawalpemilu.org#75221,"TERATAI, MARISA, PAHUWATO, GORONTALO",2,172,100,272
https://kawalpemilu.org#75221,"TERATAI, MARISA, PAHUWATO, GORONTALO",3,151,87,238
https://kawalpemilu.org#75221,"TERATAI, MARISA, PAHUWATO, GORONTALO",4,170,52,222
https://kawalpemilu.org#75221,"TERATAI, MARISA, PAHUWATO, GORONTALO",5,143,59,202
https://kawalpemilu.org#75221,"TERATAI, MARISA, PAHUWATO, GORONTALO",6,131,89,220
https://kawalpemilu.org#75222,"POHUWATO, MARISA, PAHUWATO, GORONTALO",1,141,109,250
https://kawalpemilu.org#75222,"POHUWATO, MARISA, PAHUWATO, GORONTALO",2,157,73,230
https://kawalpemilu.org#75222,"POHUWATO, MARISA, PAHUWATO, GORONTALO",3,139,123,262
https://kawalpemilu.org#75222,"POHUWATO, MARISA, PAHUWATO, GORONTALO",4,134,102,236
https://kawalpemilu.org#75222,"POHUWATO, MARISA, PAHUWATO, GORONTALO",5,121,119,240
https://kawalpemilu.org#75223,"BOTU BILOTAHU, MARISA, PAHUWATO, GORONTALO",1,95,113,208
https://kawalpemilu.org#75223,"BOTU BILOTAHU, MARISA, PAHUWATO, GORONTALO",2,114,128,242
https://kawalpemilu.org#75223,"BOTU BILOTAHU, MARISA, PAHUWATO, GORONTALO",3,99,123,222
https://kawalpemilu.org#75223,"BOTU BILOTAHU, MARISA, PAHUWATO, GORONTALO",4,133,116,249
https://kawalpemilu.org#75223,"BOTU BILOTAHU, MARISA, PAHUWATO, GORONTALO",5,136,121,257
https://kawalpemilu.org#75223,"BOTU BILOTAHU, MARISA, PAHUWATO, GORONTALO",6,104,150,254
https://kawalpemilu.org#75223,"BOTU BILOTAHU, MARISA, PAHUWATO, GORONTALO",7,86,133,219
https://kawalpemilu.org#75224,"PALOPO, MARISA, PAHUWATO, GORONTALO",1,142,121,263
https://kawalpemilu.org#75224,"PALOPO, MARISA, PAHUWATO, GORONTALO",2,122,120,242
https://kawalpemilu.org#75224,"PALOPO, MARISA, PAHUWATO, GORONTALO",3,95,104,199
https://kawalpemilu.org#75224,"PALOPO, MARISA, PAHUWATO, GORONTALO",4,108,145,253
https://kawalpemilu.org#75224,"PALOPO, MARISA, PAHUWATO, GORONTALO",5,144,83,227
https://kawalpemilu.org#75225,"POHUWATO TIMUR, MARISA, PAHUWATO, GORONTALO",1,135,86,221
https://kawalpemilu.org#75225,"POHUWATO TIMUR, MARISA, PAHUWATO, GORONTALO",2,143,103,246
https://kawalpemilu.org#75225,"POHUWATO TIMUR, MARISA, PAHUWATO, GORONTALO",3,125,86,211
https://kawalpemilu.org#75225,"POHUWATO TIMUR, MARISA, PAHUWATO, GORONTALO",4,192,71,263
https://kawalpemilu.org#75225,"POHUWATO TIMUR, MARISA, PAHUWATO, GORONTALO",5,142,82,224
https://kawalpemilu.org#75225,"POHUWATO TIMUR, MARISA, PAHUWATO, GORONTALO",6,142,87,229
https://kawalpemilu.org#75226,"BULANGITA, MARISA, PAHUWATO, GORONTALO",1,134,94,228
https://kawalpemilu.org#75226,"BULANGITA, MARISA, PAHUWATO, GORONTALO",2,162,81,243
https://kawalpemilu.org#75228,"LIBUO, PAGUAT, PAHUWATO, GORONTALO",1,143,41,184
https://kawalpemilu.org#75228,"LIBUO, PAGUAT, PAHUWATO, GORONTALO",2,121,75,196
https://kawalpemilu.org#75228,"LIBUO, PAGUAT, PAHUWATO, GORONTALO",3,154,67,221
https://kawalpemilu.org#75228,"LIBUO, PAGUAT, PAHUWATO, GORONTALO",4,111,70,181
https://kawalpemilu.org#75228,"LIBUO, PAGUAT, PAHUWATO, GORONTALO",5,115,105,220
https://kawalpemilu.org#75229,"PENTADU, PAGUAT, PAHUWATO, GORONTALO",1,113,123,236
https://kawalpemilu.org#75229,"PENTADU, PAGUAT, PAHUWATO, GORONTALO",2,131,88,219
https://kawalpemilu.org#75229,"PENTADU, PAGUAT, PAHUWATO, GORONTALO",3,149,89,238
https://kawalpemilu.org#75229,"PENTADU, PAGUAT, PAHUWATO, GORONTALO",4,145,102,247
https://kawalpemilu.org#75229,"PENTADU, PAGUAT, PAHUWATO, GORONTALO",5,156,85,241
https://kawalpemilu.org#75230,"SIDUAN, PAGUAT, PAHUWATO, GORONTALO",1,123,103,226
https://kawalpemilu.org#75230,"SIDUAN, PAGUAT, PAHUWATO, GORONTALO",2,138,68,206
https://kawalpemilu.org#75230,"SIDUAN, PAGUAT, PAHUWATO, GORONTALO",3,99,122,221
https://kawalpemilu.org#75230,"SIDUAN, PAGUAT, PAHUWATO, GORONTALO",4,125,93,218
https://kawalpemilu.org#75230,"SIDUAN, PAGUAT, PAHUWATO, GORONTALO",5,159,84,243
https://kawalpemilu.org#75231,"BUNUYO, PAGUAT, PAHUWATO, GORONTALO",1,103,108,211
https://kawalpemilu.org#75231,"BUNUYO, PAGUAT, PAHUWATO, GORONTALO",2,71,109,180
https://kawalpemilu.org#75231,"BUNUYO, PAGUAT, PAHUWATO, GORONTALO",3,102,125,227
https://kawalpemilu.org#75231,"BUNUYO, PAGUAT, PAHUWATO, GORONTALO",4,96,74,170
https://kawalpemilu.org#75232,"SIPAYO, PAGUAT, PAHUWATO, GORONTALO",1,110,101,211
https://kawalpemilu.org#75232,"SIPAYO, PAGUAT, PAHUWATO, GORONTALO",2,144,70,214
https://kawalpemilu.org#75232,"SIPAYO, PAGUAT, PAHUWATO, GORONTALO",3,100,105,205
https://kawalpemilu.org#75232,"SIPAYO, PAGUAT, PAHUWATO, GORONTALO",4,173,48,221
https://kawalpemilu.org#75232,"SIPAYO, PAGUAT, PAHUWATO, GORONTALO",5,165,45,210
https://kawalpemilu.org#75233,"SOGINTI, PAGUAT, PAHUWATO, GORONTALO",1,116,146,262
https://kawalpemilu.org#75233,"SOGINTI, PAGUAT, PAHUWATO, GORONTALO",2,92,171,263
https://kawalpemilu.org#75233,"SOGINTI, PAGUAT, PAHUWATO, GORONTALO",3,127,136,263
https://kawalpemilu.org#75233,"SOGINTI, PAGUAT, PAHUWATO, GORONTALO",4,155,99,254
https://kawalpemilu.org#75234,"BUMBULAN, PAGUAT, PAHUWATO, GORONTALO",1,133,115,248
https://kawalpemilu.org#75234,"BUMBULAN, PAGUAT, PAHUWATO, GORONTALO",2,89,117,206
https://kawalpemilu.org#75234,"BUMBULAN, PAGUAT, PAHUWATO, GORONTALO",3,137,92,229
https://kawalpemilu.org#75234,"BUMBULAN, PAGUAT, PAHUWATO, GORONTALO",4,115,78,193
https://kawalpemilu.org#75234,"BUMBULAN, PAGUAT, PAHUWATO, GORONTALO",5,112,66,178
https://kawalpemilu.org#75234,"BUMBULAN, PAGUAT, PAHUWATO, GORONTALO",6,93,126,219
https://kawalpemilu.org#75235,"MALEO, PAGUAT, PAHUWATO, GORONTALO",1,144,56,200
https://kawalpemilu.org#75235,"MALEO, PAGUAT, PAHUWATO, GORONTALO",2,149,69,218
https://kawalpemilu.org#75235,"MALEO, PAGUAT, PAHUWATO, GORONTALO",3,164,56,220
https://kawalpemilu.org#75235,"MALEO, PAGUAT, PAHUWATO, GORONTALO",4,203,24,227
https://kawalpemilu.org#75236,"MOLAMAHU, PAGUAT, PAHUWATO, GORONTALO",1,31,111,142
https://kawalpemilu.org#75236,"MOLAMAHU, PAGUAT, PAHUWATO, GORONTALO",2,98,79,177
https://kawalpemilu.org#75236,"MOLAMAHU, PAGUAT, PAHUWATO, GORONTALO",3,141,59,200
https://kawalpemilu.org#75237,"BUHU JAYA, PAGUAT, PAHUWATO, GORONTALO",1,181,75,256
https://kawalpemilu.org#75237,"BUHU JAYA, PAGUAT, PAHUWATO, GORONTALO",2,142,88,230
https://kawalpemilu.org#75237,"BUHU JAYA, PAGUAT, PAHUWATO, GORONTALO",3,163,95,258
https://kawalpemilu.org#75237,"BUHU JAYA, PAGUAT, PAHUWATO, GORONTALO",4,213,34,247
https://kawalpemilu.org#75238,"KEMIRI, PAGUAT, PAHUWATO, GORONTALO",1,93,174,267
https://kawalpemilu.org#75238,"KEMIRI, PAGUAT, PAHUWATO, GORONTALO",2,124,81,205
https://kawalpemilu.org#75240,"ILOHELUMA, PATILANGGIO, PAHUWATO, GORONTALO",1,143,109,252
https://kawalpemilu.org#75240,"ILOHELUMA, PATILANGGIO, PAHUWATO, GORONTALO",2,171,86,257
https://kawalpemilu.org#75240,"ILOHELUMA, PATILANGGIO, PAHUWATO, GORONTALO",3,90,154,244
https://kawalpemilu.org#75240,"ILOHELUMA, PATILANGGIO, PAHUWATO, GORONTALO",4,93,111,204
https://kawalpemilu.org#75240,"ILOHELUMA, PATILANGGIO, PAHUWATO, GORONTALO",5,108,120,228
https://kawalpemilu.org#75240,"ILOHELUMA, PATILANGGIO, PAHUWATO, GORONTALO",6,103,124,227
https://kawalpemilu.org#75241,"BALAYO, PATILANGGIO, PAHUWATO, GORONTALO",1,140,120,260
https://kawalpemilu.org#75241,"BALAYO, PATILANGGIO, PAHUWATO, GORONTALO",2,135,75,2
https://kawalpemilu.org#75241,"BALAYO, PATILANGGIO, PAHUWATO, GORONTALO",3,165,99,264
https://kawalpemilu.org#75241,"BALAYO, PATILANGGIO, PAHUWATO, GORONTALO",4,165,77,242
https://kawalpemilu.org#75241,"BALAYO, PATILANGGIO, PAHUWATO, GORONTALO",5,92,39,131
https://kawalpemilu.org#75242,"SUKA MAKMUR, PATILANGGIO, PAHUWATO, GORONTALO",1,120,63,183
https://kawalpemilu.org#75242,"SUKA MAKMUR, PATILANGGIO, PAHUWATO, GORONTALO",3,114,112,226
https://kawalpemilu.org#75242,"SUKA MAKMUR, PATILANGGIO, PAHUWATO, GORONTALO",4,115,127,242
https://kawalpemilu.org#75243,"MANAWA, PATILANGGIO, PAHUWATO, GORONTALO",1,105,144,249
https://kawalpemilu.org#75243,"MANAWA, PATILANGGIO, PAHUWATO, GORONTALO",2,95,96,191
https://kawalpemilu.org#75243,"MANAWA, PATILANGGIO, PAHUWATO, GORONTALO",3,93,152,245
https://kawalpemilu.org#75243,"MANAWA, PATILANGGIO, PAHUWATO, GORONTALO",4,67,143,210
https://kawalpemilu.org#75243,"MANAWA, PATILANGGIO, PAHUWATO, GORONTALO",5,87,160,247
https://kawalpemilu.org#75243,"MANAWA, PATILANGGIO, PAHUWATO, GORONTALO",6,78,148,226
https://kawalpemilu.org#75244,"DULOMO, PATILANGGIO, PAHUWATO, GORONTALO",1,114,128,242
https://kawalpemilu.org#75244,"DULOMO, PATILANGGIO, PAHUWATO, GORONTALO",2,118,161,279
https://kawalpemilu.org#75244,"DULOMO, PATILANGGIO, PAHUWATO, GORONTALO",3,116,147,263
https://kawalpemilu.org#75245,"DUDEPO, PATILANGGIO, PAHUWATO, GORONTALO",1,146,82,228
https://kawalpemilu.org#75245,"DUDEPO, PATILANGGIO, PAHUWATO, GORONTALO",2,115,74,189
https://kawalpemilu.org#75247,"PANCA KARSA I, TALUDITI, PAHUWATO, GORONTALO",1,106,108,214
https://kawalpemilu.org#75247,"PANCA KARSA I, TALUDITI, PAHUWATO, GORONTALO",2,164,74,238
https://kawalpemilu.org#75247,"PANCA KARSA I, TALUDITI, PAHUWATO, GORONTALO",3,165,20,185
https://kawalpemilu.org#75247,"PANCA KARSA I, TALUDITI, PAHUWATO, GORONTALO",4,94,16,110
https://kawalpemilu.org#75247,"PANCA KARSA I, TALUDITI, PAHUWATO, GORONTALO",5,171,57,228
https://kawalpemilu.org#75247,"PANCA KARSA I, TALUDITI, PAHUWATO, GORONTALO",6,193,8,201
https://kawalpemilu.org#75247,"PANCA KARSA I, TALUDITI, PAHUWATO, GORONTALO",7,172,43,215
https://kawalpemilu.org#75248,"PANCA KARSA II, TALUDITI, PAHUWATO, GORONTALO",1,155,101,256
https://kawalpemilu.org#75248,"PANCA KARSA II, TALUDITI, PAHUWATO, GORONTALO",2,164,35,199
https://kawalpemilu.org#75248,"PANCA KARSA II, TALUDITI, PAHUWATO, GORONTALO",3,206,32,238
https://kawalpemilu.org#75248,"PANCA KARSA II, TALUDITI, PAHUWATO, GORONTALO",4,89,9,98
https://kawalpemilu.org#75249,"MEKARTI JAYA, TALUDITI, PAHUWATO, GORONTALO",1,142,15,157
https://kawalpemilu.org#75249,"MEKARTI JAYA, TALUDITI, PAHUWATO, GORONTALO",2,211,21,232
https://kawalpemilu.org#75249,"MEKARTI JAYA, TALUDITI, PAHUWATO, GORONTALO",3,178,20,198
https://kawalpemilu.org#75249,"MEKARTI JAYA, TALUDITI, PAHUWATO, GORONTALO",4,209,4,213
https://kawalpemilu.org#75250,"KALIMAS, TALUDITI, PAHUWATO, GORONTALO",1,145,56,201
https://kawalpemilu.org#75250,"KALIMAS, TALUDITI, PAHUWATO, GORONTALO",2,126,40,166
https://kawalpemilu.org#75250,"KALIMAS, TALUDITI, PAHUWATO, GORONTALO",3,115,96,211
https://kawalpemilu.org#75251,"MALANGO, TALUDITI, PAHUWATO, GORONTALO",1,95,67,162
https://kawalpemilu.org#75251,"MALANGO, TALUDITI, PAHUWATO, GORONTALO",2,153,52,205
https://kawalpemilu.org#75251,"MALANGO, TALUDITI, PAHUWATO, GORONTALO",3,130,49,179
https://kawalpemilu.org#75253,"TIRTO ASRI, TALUDITI, PAHUWATO, GORONTALO",1,88,165,253
https://kawalpemilu.org#75253,"TIRTO ASRI, TALUDITI, PAHUWATO, GORONTALO",2,141,45,186
https://kawalpemilu.org#75253,"TIRTO ASRI, TALUDITI, PAHUWATO, GORONTALO",3,153,36,189
https://kawalpemilu.org#931112,"PUNCAK JAYA, TALUDITI, PAHUWATO, GORONTALO",1,190,30,220
https://kawalpemilu.org#931112,"PUNCAK JAYA, TALUDITI, PAHUWATO, GORONTALO",2,145,21,166
https://kawalpemilu.org#931112,"PUNCAK JAYA, TALUDITI, PAHUWATO, GORONTALO",3,150,56,206
https://kawalpemilu.org#75255,"POPAYA, DENGILO, PAHUWATO, GORONTALO",1,108,93,201
https://kawalpemilu.org#75255,"POPAYA, DENGILO, PAHUWATO, GORONTALO",2,124,93,217
https://kawalpemilu.org#75255,"POPAYA, DENGILO, PAHUWATO, GORONTALO",3,119,141,260
https://kawalpemilu.org#75255,"POPAYA, DENGILO, PAHUWATO, GORONTALO",4,121,131,252
https://kawalpemilu.org#75255,"POPAYA, DENGILO, PAHUWATO, GORONTALO",5,198,74,272
https://kawalpemilu.org#75256,"KARYA BARU, DENGILO, PAHUWATO, GORONTALO",1,130,40,170
https://kawalpemilu.org#75256,"KARYA BARU, DENGILO, PAHUWATO, GORONTALO",2,151,36,187
https://kawalpemilu.org#75256,"KARYA BARU, DENGILO, PAHUWATO, GORONTALO",3,102,110,212
https://kawalpemilu.org#75256,"KARYA BARU, DENGILO, PAHUWATO, GORONTALO",4,128,37,165
https://kawalpemilu.org#75257,"KARANGETAN, DENGILO, PAHUWATO, GORONTALO",1,181,11,192
https://kawalpemilu.org#75257,"KARANGETAN, DENGILO, PAHUWATO, GORONTALO",2,196,5,201
https://kawalpemilu.org#75258,"PADENGO, DENGILO, PAHUWATO, GORONTALO",1,147,108,255
https://kawalpemilu.org#75258,"PADENGO, DENGILO, PAHUWATO, GORONTALO",2,93,89,182
https://kawalpemilu.org#75258,"PADENGO, DENGILO, PAHUWATO, GORONTALO",3,95,66,161
https://kawalpemilu.org#75258,"PADENGO, DENGILO, PAHUWATO, GORONTALO",4,88,53,141
https://kawalpemilu.org#75259,"HUTA MOPUTI, DENGILO, PAHUWATO, GORONTALO",1,180,60,240
https://kawalpemilu.org#75259,"HUTA MOPUTI, DENGILO, PAHUWATO, GORONTALO",2,148,65,213
https://kawalpemilu.org#75259,"HUTA MOPUTI, DENGILO, PAHUWATO, GORONTALO",3,116,92,208
https://kawalpemilu.org#75259,"HUTA MOPUTI, DENGILO, PAHUWATO, GORONTALO",4,161,60,221
https://kawalpemilu.org#75261,"HULAWA, BUNTULIA, PAHUWATO, GORONTALO",1,90,38,128
https://kawalpemilu.org#75261,"HULAWA, BUNTULIA, PAHUWATO, GORONTALO",2,219,51,270
https://kawalpemilu.org#75261,"HULAWA, BUNTULIA, PAHUWATO, GORONTALO",3,194,62,256
https://kawalpemilu.org#75261,"HULAWA, BUNTULIA, PAHUWATO, GORONTALO",4,193,22,215
https://kawalpemilu.org#75261,"HULAWA, BUNTULIA, PAHUWATO, GORONTALO",5,210,45,255
https://kawalpemilu.org#75262,"KARYA INDAH, BUNTULIA, PAHUWATO, GORONTALO",1,129,49,178
https://kawalpemilu.org#75262,"KARYA INDAH, BUNTULIA, PAHUWATO, GORONTALO",2,186,24,210
https://kawalpemilu.org#75262,"KARYA INDAH, BUNTULIA, PAHUWATO, GORONTALO",3,151,51,202
https://kawalpemilu.org#75263,"TALUDUYUNU, BUNTULIA, PAHUWATO, GORONTALO",1,154,115,269
https://kawalpemilu.org#75263,"TALUDUYUNU, BUNTULIA, PAHUWATO, GORONTALO",2,125,138,263
https://kawalpemilu.org#75263,"TALUDUYUNU, BUNTULIA, PAHUWATO, GORONTALO",3,154,104,258
https://kawalpemilu.org#75263,"TALUDUYUNU, BUNTULIA, PAHUWATO, GORONTALO",4,152,104,256
https://kawalpemilu.org#75263,"TALUDUYUNU, BUNTULIA, PAHUWATO, GORONTALO",5,143,26,169
https://kawalpemilu.org#75264,"BUNTULIA UTARA, BUNTULIA, PAHUWATO, GORONTALO",1,106,106,212
https://kawalpemilu.org#75264,"BUNTULIA UTARA, BUNTULIA, PAHUWATO, GORONTALO",2,127,135,262
https://kawalpemilu.org#75264,"BUNTULIA UTARA, BUNTULIA, PAHUWATO, GORONTALO",3,80,113,193
https://kawalpemilu.org#75264,"BUNTULIA UTARA, BUNTULIA, PAHUWATO, GORONTALO",4,103,155,258
https://kawalpemilu.org#75264,"BUNTULIA UTARA, BUNTULIA, PAHUWATO, GORONTALO",5,135,121,256
https://kawalpemilu.org#75265,"BUNTULIA TENGAH, BUNTULIA, PAHUWATO, GORONTALO",1,134,85,219
https://kawalpemilu.org#75265,"BUNTULIA TENGAH, BUNTULIA, PAHUWATO, GORONTALO",2,191,45,236
https://kawalpemilu.org#75265,"BUNTULIA TENGAH, BUNTULIA, PAHUWATO, GORONTALO",3,158,66,224
https://kawalpemilu.org#75265,"BUNTULIA TENGAH, BUNTULIA, PAHUWATO, GORONTALO",4,149,77,226
https://kawalpemilu.org#75265,"BUNTULIA TENGAH, BUNTULIA, PAHUWATO, GORONTALO",5,124,90,214
https://kawalpemilu.org#75265,"BUNTULIA TENGAH, BUNTULIA, PAHUWATO, GORONTALO",6,143,70,213
https://kawalpemilu.org#75266,"TALUDUYUNU UTARA, BUNTULIA, PAHUWATO, GORONTALO",1,150,92,242
https://kawalpemilu.org#75266,"TALUDUYUNU UTARA, BUNTULIA, PAHUWATO, GORONTALO",2,157,83,240
https://kawalpemilu.org#75266,"TALUDUYUNU UTARA, BUNTULIA, PAHUWATO, GORONTALO",3,171,65,236
https://kawalpemilu.org#75266,"TALUDUYUNU UTARA, BUNTULIA, PAHUWATO, GORONTALO",4,171,48,219
https://kawalpemilu.org#75267,"SIPATANA, BUNTULIA, PAHUWATO, GORONTALO",1,133,105,238
https://kawalpemilu.org#75267,"SIPATANA, BUNTULIA, PAHUWATO, GORONTALO",2,101,94,195
https://kawalpemilu.org#75267,"SIPATANA, BUNTULIA, PAHUWATO, GORONTALO",3,123,120,243
https://kawalpemilu.org#75267,"SIPATANA, BUNTULIA, PAHUWATO, GORONTALO",4,108,127,235
https://kawalpemilu.org#75269,"BULILI, DUHIADAA, PAHUWATO, GORONTALO",1,153,98,251
https://kawalpemilu.org#75269,"BULILI, DUHIADAA, PAHUWATO, GORONTALO",2,141,82,223
https://kawalpemilu.org#75269,"BULILI, DUHIADAA, PAHUWATO, GORONTALO",3,138,94,232
https://kawalpemilu.org#75269,"BULILI, DUHIADAA, PAHUWATO, GORONTALO",4,128,86,214
https://kawalpemilu.org#75269,"BULILI, DUHIADAA, PAHUWATO, GORONTALO",5,176,96,272
https://kawalpemilu.org#75269,"BULILI, DUHIADAA, PAHUWATO, GORONTALO",6,177,92,269
https://kawalpemilu.org#75270,"BUNTULIA BARAT, DUHIADAA, PAHUWATO, GORONTALO",1,155,67,222
https://kawalpemilu.org#75270,"BUNTULIA BARAT, DUHIADAA, PAHUWATO, GORONTALO",2,107,103,210
https://kawalpemilu.org#75270,"BUNTULIA BARAT, DUHIADAA, PAHUWATO, GORONTALO",3,89,127,216
https://kawalpemilu.org#75270,"BUNTULIA BARAT, DUHIADAA, PAHUWATO, GORONTALO",4,117,135,252
https://kawalpemilu.org#75270,"BUNTULIA BARAT, DUHIADAA, PAHUWATO, GORONTALO",5,125,109,234
https://kawalpemilu.org#75270,"BUNTULIA BARAT, DUHIADAA, PAHUWATO, GORONTALO",6,145,100,245
https://kawalpemilu.org#75271,"BUNTULIA SELATAN, DUHIADAA, PAHUWATO, GORONTALO",1,155,105,260
https://kawalpemilu.org#75271,"BUNTULIA SELATAN, DUHIADAA, PAHUWATO, GORONTALO",2,167,80,247
https://kawalpemilu.org#75271,"BUNTULIA SELATAN, DUHIADAA, PAHUWATO, GORONTALO",3,76,48,124
https://kawalpemilu.org#75271,"BUNTULIA SELATAN, DUHIADAA, PAHUWATO, GORONTALO",4,94,71,165
https://kawalpemilu.org#75272,"DUHIADAA, DUHIADAA, PAHUWATO, GORONTALO",1,76,168,244
https://kawalpemilu.org#75272,"DUHIADAA, DUHIADAA, PAHUWATO, GORONTALO",2,85,100,185
https://kawalpemilu.org#75272,"DUHIADAA, DUHIADAA, PAHUWATO, GORONTALO",3,66,121,187
https://kawalpemilu.org#75272,"DUHIADAA, DUHIADAA, PAHUWATO, GORONTALO",4,95,141,236
https://kawalpemilu.org#75272,"DUHIADAA, DUHIADAA, PAHUWATO, GORONTALO",5,93,106,199
https://kawalpemilu.org#75273,"MEKAR JAYA, DUHIADAA, PAHUWATO, GORONTALO",1,164,107,271
https://kawalpemilu.org#75273,"MEKAR JAYA, DUHIADAA, PAHUWATO, GORONTALO",2,147,94,241
https://kawalpemilu.org#75273,"MEKAR JAYA, DUHIADAA, PAHUWATO, GORONTALO",3,92,179,271
https://kawalpemilu.org#75274,"BUNTULIA JAYA, DUHIADAA, PAHUWATO, GORONTALO",2,132,106,238
https://kawalpemilu.org#75274,"BUNTULIA JAYA, DUHIADAA, PAHUWATO, GORONTALO",3,68,66,134
https://kawalpemilu.org#75274,"BUNTULIA JAYA, DUHIADAA, PAHUWATO, GORONTALO",4,163,87,250
https://kawalpemilu.org#75275,"PADENGO, DUHIADAA, PAHUWATO, GORONTALO",1,123,86,209
https://kawalpemilu.org#75275,"PADENGO, DUHIADAA, PAHUWATO, GORONTALO",2,94,103,197
https://kawalpemilu.org#75275,"PADENGO, DUHIADAA, PAHUWATO, GORONTALO",3,114,86,200
https://kawalpemilu.org#75276,"MOOTILANGO, DUHIADAA, PAHUWATO, GORONTALO",1,130,91,221
https://kawalpemilu.org#75276,"MOOTILANGO, DUHIADAA, PAHUWATO, GORONTALO",2,143,100,243
https://kawalpemilu.org#75276,"MOOTILANGO, DUHIADAA, PAHUWATO, GORONTALO",3,167,74,241
https://kawalpemilu.org#75278,"WONGGARASI TIMUR, WANGGARASI, PAHUWATO, GORONTALO",1,114,22,136
https://kawalpemilu.org#75278,"WONGGARASI TIMUR, WANGGARASI, PAHUWATO, GORONTALO",2,128,109,237
https://kawalpemilu.org#75278,"WONGGARASI TIMUR, WANGGARASI, PAHUWATO, GORONTALO",3,102,96,198
https://kawalpemilu.org#75278,"WONGGARASI TIMUR, WANGGARASI, PAHUWATO, GORONTALO",4,129,117,246
https://kawalpemilu.org#75279,"BUKIT HARAPAN, WANGGARASI, PAHUWATO, GORONTALO",1,196,59,255
https://kawalpemilu.org#75280,"BOHUSAMI, WANGGARASI, PAHUWATO, GORONTALO",1,111,48,159
https://kawalpemilu.org#75280,"BOHUSAMI, WANGGARASI, PAHUWATO, GORONTALO",2,121,46,167
https://kawalpemilu.org#75281,"LEMBAH PERMAI, WANGGARASI, PAHUWATO, GORONTALO",1,80,42,122
https://kawalpemilu.org#75281,"LEMBAH PERMAI, WANGGARASI, PAHUWATO, GORONTALO",2,104,42,146
https://kawalpemilu.org#927579,"LIMBULA, WANGGARASI, PAHUWATO, GORONTALO",1,111,99,210
https://kawalpemilu.org#927579,"LIMBULA, WANGGARASI, PAHUWATO, GORONTALO",2,130,70,200
https://kawalpemilu.org#927579,"LIMBULA, WANGGARASI, PAHUWATO, GORONTALO",3,154,58,212
https://kawalpemilu.org#927580,"YIPILO, WANGGARASI, PAHUWATO, GORONTALO",1,147,102,249
https://kawalpemilu.org#927580,"YIPILO, WANGGARASI, PAHUWATO, GORONTALO",2,72,48,120
https://kawalpemilu.org#927580,"YIPILO, WANGGARASI, PAHUWATO, GORONTALO",3,117,65,182
https://kawalpemilu.org#927581,"TUWEYA, WANGGARASI, PAHUWATO, GORONTALO",1,132,58,190
https://kawalpemilu.org#927581,"TUWEYA, WANGGARASI, PAHUWATO, GORONTALO",2,108,40,148
https://kawalpemilu.org#75286,"MILANGODAA, POPAYATO TIMUR, PAHUWATO, GORONTALO",1,122,121,243
https://kawalpemilu.org#75286,"MILANGODAA, POPAYATO TIMUR, PAHUWATO, GORONTALO",2,155,80,235
https://kawalpemilu.org#75286,"MILANGODAA, POPAYATO TIMUR, PAHUWATO, GORONTALO",3,111,104,215
https://kawalpemilu.org#75286,"MILANGODAA, POPAYATO TIMUR, PAHUWATO, GORONTALO",4,127,112,239
https://kawalpemilu.org#75287,"LONDOUN, POPAYATO TIMUR, PAHUWATO, GORONTALO",1,183,15,198
https://kawalpemilu.org#75287,"LONDOUN, POPAYATO TIMUR, PAHUWATO, GORONTALO",2,186,30,216
https://kawalpemilu.org#75287,"LONDOUN, POPAYATO TIMUR, PAHUWATO, GORONTALO",3,165,38,203
https://kawalpemilu.org#75287,"LONDOUN, POPAYATO TIMUR, PAHUWATO, GORONTALO",4,174,22,196
https://kawalpemilu.org#75288,"MARISA, POPAYATO TIMUR, PAHUWATO, GORONTALO",1,149,56,205
https://kawalpemilu.org#75288,"MARISA, POPAYATO TIMUR, PAHUWATO, GORONTALO",2,120,94,214
https://kawalpemilu.org#75288,"MARISA, POPAYATO TIMUR, PAHUWATO, GORONTALO",3,141,60,201
https://kawalpemilu.org#75288,"MARISA, POPAYATO TIMUR, PAHUWATO, GORONTALO",4,129,76,205
https://kawalpemilu.org#75289,"TAHELE, POPAYATO TIMUR, PAHUWATO, GORONTALO",1,175,80,255
https://kawalpemilu.org#75289,"TAHELE, POPAYATO TIMUR, PAHUWATO, GORONTALO",2,146,93,239
https://kawalpemilu.org#75289,"TAHELE, POPAYATO TIMUR, PAHUWATO, GORONTALO",3,145,97,242
https://kawalpemilu.org#75289,"TAHELE, POPAYATO TIMUR, PAHUWATO, GORONTALO",4,114,90,204
https://kawalpemilu.org#75290,"BUNTO, POPAYATO TIMUR, PAHUWATO, GORONTALO",1,64,131,195
https://kawalpemilu.org#75290,"BUNTO, POPAYATO TIMUR, PAHUWATO, GORONTALO",2,91,105,196
https://kawalpemilu.org#75290,"BUNTO, POPAYATO TIMUR, PAHUWATO, GORONTALO",3,52,134,186
https://kawalpemilu.org#75291,"MALEO, POPAYATO TIMUR, PAHUWATO, GORONTALO",1,143,93,236
https://kawalpemilu.org#75291,"MALEO, POPAYATO TIMUR, PAHUWATO, GORONTALO",2,106,79,185
https://kawalpemilu.org#75291,"MALEO, POPAYATO TIMUR, PAHUWATO, GORONTALO",3,166,85,251
https://kawalpemilu.org#75292,"KELAPA LIMA, POPAYATO TIMUR, PAHUWATO, GORONTALO",1,143,80,223
https://kawalpemilu.org#75292,"KELAPA LIMA, POPAYATO TIMUR, PAHUWATO, GORONTALO",2,96,46,142
https://kawalpemilu.org#75294,"DUDEWULO, POPAYATO BARAT, PAHUWATO, GORONTALO",1,118,95,213
https://kawalpemilu.org#75294,"DUDEWULO, POPAYATO BARAT, PAHUWATO, GORONTALO",2,125,95,220
https://kawalpemilu.org#75294,"DUDEWULO, POPAYATO BARAT, PAHUWATO, GORONTALO",3,95,101,196
https://kawalpemilu.org#75294,"DUDEWULO, POPAYATO BARAT, PAHUWATO, GORONTALO",4,135,62,197
https://kawalpemilu.org#75294,"DUDEWULO, POPAYATO BARAT, PAHUWATO, GORONTALO",5,112,68,180
https://kawalpemilu.org#75295,"TUNAS JAYA, POPAYATO BARAT, PAHUWATO, GORONTALO",1,193,30,223
https://kawalpemilu.org#75296,"PADENGO, POPAYATO BARAT, PAHUWATO, GORONTALO",1,114,57,2
https://kawalpemilu.org#75296,"PADENGO, POPAYATO BARAT, PAHUWATO, GORONTALO",2,109,74,183
https://kawalpemilu.org#75296,"PADENGO, POPAYATO BARAT, PAHUWATO, GORONTALO",3,151,56,207
https://kawalpemilu.org#75297,"MOLOSIPAT, POPAYATO BARAT, PAHUWATO, GORONTALO",1,162,85,247
https://kawalpemilu.org#75297,"MOLOSIPAT, POPAYATO BARAT, PAHUWATO, GORONTALO",2,156,65,221
https://kawalpemilu.org#75297,"MOLOSIPAT, POPAYATO BARAT, PAHUWATO, GORONTALO",3,148,48,196
https://kawalpemilu.org#75298,"BUTUNGALE, POPAYATO BARAT, PAHUWATO, GORONTALO",1,140,72,212
https://kawalpemilu.org#75298,"BUTUNGALE, POPAYATO BARAT, PAHUWATO, GORONTALO",2,122,54,176
https://kawalpemilu.org#75298,"BUTUNGALE, POPAYATO BARAT, PAHUWATO, GORONTALO",3,125,44,169
https://kawalpemilu.org#75299,"PERSATUAN, POPAYATO BARAT, PAHUWATO, GORONTALO",1,140,84,224
https://kawalpemilu.org#75299,"PERSATUAN, POPAYATO BARAT, PAHUWATO, GORONTALO",2,109,97,206
https://kawalpemilu.org#75299,"PERSATUAN, POPAYATO BARAT, PAHUWATO, GORONTALO",3,154,58,212
https://kawalpemilu.org#75300,"MOLOSIPAT UTARA, POPAYATO BARAT, PAHUWATO, GORONTALO",1,140,42,182
https://kawalpemilu.org#75300,"MOLOSIPAT UTARA, POPAYATO BARAT, PAHUWATO, GORONTALO",2,173,58,231
https://kawalpemilu.org#75300,"MOLOSIPAT UTARA, POPAYATO BARAT, PAHUWATO, GORONTALO",3,180,68,248
https://kawalpemilu.org#75305,"IMANA, ATINGGOLA, GORONTALO UTARA, GORONTALO",1,46,184,230
https://kawalpemilu.org#75305,"IMANA, ATINGGOLA, GORONTALO UTARA, GORONTALO",2,59,156,215
https://kawalpemilu.org#75305,"IMANA, ATINGGOLA, GORONTALO UTARA, GORONTALO",3,113,106,219
https://kawalpemilu.org#75305,"IMANA, ATINGGOLA, GORONTALO UTARA, GORONTALO",4,91,91,182
https://kawalpemilu.org#75305,"IMANA, ATINGGOLA, GORONTALO UTARA, GORONTALO",5,44,170,214
https://kawalpemilu.org#75305,"IMANA, ATINGGOLA, GORONTALO UTARA, GORONTALO",6,61,116,177
https://kawalpemilu.org#75306,"BINTANA, ATINGGOLA, GORONTALO UTARA, GORONTALO",1,44,118,162
https://kawalpemilu.org#75306,"BINTANA, ATINGGOLA, GORONTALO UTARA, GORONTALO",2,33,129,162
https://kawalpemilu.org#75306,"BINTANA, ATINGGOLA, GORONTALO UTARA, GORONTALO",3,33,117,150
https://kawalpemilu.org#75307,"BUATA, ATINGGOLA, GORONTALO UTARA, GORONTALO",1,80,68,148
https://kawalpemilu.org#75307,"BUATA, ATINGGOLA, GORONTALO UTARA, GORONTALO",2,81,62,143
https://kawalpemilu.org#75308,"PINONTOYONGA, ATINGGOLA, GORONTALO UTARA, GORONTALO",1,49,152,201
https://kawalpemilu.org#75308,"PINONTOYONGA, ATINGGOLA, GORONTALO UTARA, GORONTALO",2,54,161,215
https://kawalpemilu.org#75308,"PINONTOYONGA, ATINGGOLA, GORONTALO UTARA, GORONTALO",3,74,122,196
https://kawalpemilu.org#75309,"MONGGUPO, ATINGGOLA, GORONTALO UTARA, GORONTALO",1,37,142,179
https://kawalpemilu.org#75309,"MONGGUPO, ATINGGOLA, GORONTALO UTARA, GORONTALO",2,49,116,165
https://kawalpemilu.org#75309,"MONGGUPO, ATINGGOLA, GORONTALO UTARA, GORONTALO",3,60,110,170
https://kawalpemilu.org#75310,"KOTAJIN, ATINGGOLA, GORONTALO UTARA, GORONTALO",1,71,113,184
https://kawalpemilu.org#75310,"KOTAJIN, ATINGGOLA, GORONTALO UTARA, GORONTALO",2,55,127,182
https://kawalpemilu.org#75310,"KOTAJIN, ATINGGOLA, GORONTALO UTARA, GORONTALO",3,73,114,187
https://kawalpemilu.org#75313,"ILOMATA, ATINGGOLA, GORONTALO UTARA, GORONTALO",1,68,135,203
https://kawalpemilu.org#75313,"ILOMATA, ATINGGOLA, GORONTALO UTARA, GORONTALO",2,100,120,220
https://kawalpemilu.org#75313,"ILOMATA, ATINGGOLA, GORONTALO UTARA, GORONTALO",3,156,49,205
https://kawalpemilu.org#85897,"WAPALO, ATINGGOLA, GORONTALO UTARA, GORONTALO",1,115,54,169
https://kawalpemilu.org#85897,"WAPALO, ATINGGOLA, GORONTALO UTARA, GORONTALO",2,109,36,145
https://kawalpemilu.org#85898,"POSONO, ATINGGOLA, GORONTALO UTARA, GORONTALO",1,49,113,162
https://kawalpemilu.org#85898,"POSONO, ATINGGOLA, GORONTALO UTARA, GORONTALO",2,36,71,107
https://kawalpemilu.org#85899,"SIGASO, ATINGGOLA, GORONTALO UTARA, GORONTALO",1,67,127,194
https://kawalpemilu.org#85899,"SIGASO, ATINGGOLA, GORONTALO UTARA, GORONTALO",2,84,105,189
https://kawalpemilu.org#85899,"SIGASO, ATINGGOLA, GORONTALO UTARA, GORONTALO",3,79,71,150
https://kawalpemilu.org#85900,"KOTAJIN UTARA, ATINGGOLA, GORONTALO UTARA, GORONTALO",1,114,107,221
https://kawalpemilu.org#85900,"KOTAJIN UTARA, ATINGGOLA, GORONTALO UTARA, GORONTALO",2,118,95,213
https://kawalpemilu.org#85900,"KOTAJIN UTARA, ATINGGOLA, GORONTALO UTARA, GORONTALO",3,73,87,160
https://kawalpemilu.org#90200,"ILOHELUMA, ATINGGOLA, GORONTALO UTARA, GORONTALO",1,55,104,159
https://kawalpemilu.org#90200,"ILOHELUMA, ATINGGOLA, GORONTALO UTARA, GORONTALO",2,64,102,166
https://kawalpemilu.org#90200,"ILOHELUMA, ATINGGOLA, GORONTALO UTARA, GORONTALO",3,88,73,161
https://kawalpemilu.org#90201,"TOMBULILATO, ATINGGOLA, GORONTALO UTARA, GORONTALO",1,74,133,207
https://kawalpemilu.org#90201,"TOMBULILATO, ATINGGOLA, GORONTALO UTARA, GORONTALO",2,63,141,204
https://kawalpemilu.org#90201,"TOMBULILATO, ATINGGOLA, GORONTALO UTARA, GORONTALO",3,70,126,196
https://kawalpemilu.org#90202,"OLUHUTA, ATINGGOLA, GORONTALO UTARA, GORONTALO",1,92,112,204
https://kawalpemilu.org#90202,"OLUHUTA, ATINGGOLA, GORONTALO UTARA, GORONTALO",2,89,108,197
https://kawalpemilu.org#75316,"PONTOLO, KWANDANG, GORONTALO UTARA, GORONTALO",1,94,76,170
https://kawalpemilu.org#75316,"PONTOLO, KWANDANG, GORONTALO UTARA, GORONTALO",2,87,91,178
https://kawalpemilu.org#75316,"PONTOLO, KWANDANG, GORONTALO UTARA, GORONTALO",3,71,101,172
https://kawalpemilu.org#75316,"PONTOLO, KWANDANG, GORONTALO UTARA, GORONTALO",4,105,100,205
https://kawalpemilu.org#75316,"PONTOLO, KWANDANG, GORONTALO UTARA, GORONTALO",5,79,120,199
https://kawalpemilu.org#75317,"MOLINGGAPOTO, KWANDANG, GORONTALO UTARA, GORONTALO",1,78,79,157
https://kawalpemilu.org#75317,"MOLINGGAPOTO, KWANDANG, GORONTALO UTARA, GORONTALO",2,76,92,168
https://kawalpemilu.org#75317,"MOLINGGAPOTO, KWANDANG, GORONTALO UTARA, GORONTALO",3,89,90,179
https://kawalpemilu.org#75317,"MOLINGGAPOTO, KWANDANG, GORONTALO UTARA, GORONTALO",4,73,94,167
https://kawalpemilu.org#75317,"MOLINGGAPOTO, KWANDANG, GORONTALO UTARA, GORONTALO",5,68,88,156
https://kawalpemilu.org#75318,"LEBOTO, KWANDANG, GORONTALO UTARA, GORONTALO",1,101,125,226
https://kawalpemilu.org#75318,"LEBOTO, KWANDANG, GORONTALO UTARA, GORONTALO",2,104,99,203
https://kawalpemilu.org#75318,"LEBOTO, KWANDANG, GORONTALO UTARA, GORONTALO",3,69,102,171
https://kawalpemilu.org#75318,"LEBOTO, KWANDANG, GORONTALO UTARA, GORONTALO",4,86,115,201
https://kawalpemilu.org#75318,"LEBOTO, KWANDANG, GORONTALO UTARA, GORONTALO",5,97,102,199
https://kawalpemilu.org#75318,"LEBOTO, KWANDANG, GORONTALO UTARA, GORONTALO",6,83,95,178
https://kawalpemilu.org#75318,"LEBOTO, KWANDANG, GORONTALO UTARA, GORONTALO",7,128,102,230
https://kawalpemilu.org#75319,"POSSO, KWANDANG, GORONTALO UTARA, GORONTALO",1,56,115,171
https://kawalpemilu.org#75319,"POSSO, KWANDANG, GORONTALO UTARA, GORONTALO",2,66,98,164
https://kawalpemilu.org#75319,"POSSO, KWANDANG, GORONTALO UTARA, GORONTALO",3,80,130,210
https://kawalpemilu.org#75319,"POSSO, KWANDANG, GORONTALO UTARA, GORONTALO",4,93,120,213
https://kawalpemilu.org#75319,"POSSO, KWANDANG, GORONTALO UTARA, GORONTALO",5,84,93,177
https://kawalpemilu.org#75319,"POSSO, KWANDANG, GORONTALO UTARA, GORONTALO",6,91,109,200
https://kawalpemilu.org#75320,"TITIDU, KWANDANG, GORONTALO UTARA, GORONTALO",1,32,170,202
https://kawalpemilu.org#75320,"TITIDU, KWANDANG, GORONTALO UTARA, GORONTALO",2,34,167,201
https://kawalpemilu.org#75320,"TITIDU, KWANDANG, GORONTALO UTARA, GORONTALO",3,32,163,194
https://kawalpemilu.org#75320,"TITIDU, KWANDANG, GORONTALO UTARA, GORONTALO",4,68,125,193
https://kawalpemilu.org#75320,"TITIDU, KWANDANG, GORONTALO UTARA, GORONTALO",5,66,122,188
https://kawalpemilu.org#75320,"TITIDU, KWANDANG, GORONTALO UTARA, GORONTALO",6,45,137,182
https://kawalpemilu.org#75320,"TITIDU, KWANDANG, GORONTALO UTARA, GORONTALO",7,69,125,194
https://kawalpemilu.org#75320,"TITIDU, KWANDANG, GORONTALO UTARA, GORONTALO",8,63,122,185
https://kawalpemilu.org#75321,"MOLUO, KWANDANG, GORONTALO UTARA, GORONTALO",1,35,175,200
https://kawalpemilu.org#75321,"MOLUO, KWANDANG, GORONTALO UTARA, GORONTALO",2,39,167,206
https://kawalpemilu.org#75321,"MOLUO, KWANDANG, GORONTALO UTARA, GORONTALO",3,53,141,194
https://kawalpemilu.org#75321,"MOLUO, KWANDANG, GORONTALO UTARA, GORONTALO",4,58,134,192
https://kawalpemilu.org#75321,"MOLUO, KWANDANG, GORONTALO UTARA, GORONTALO",5,62,123,185
https://kawalpemilu.org#75321,"MOLUO, KWANDANG, GORONTALO UTARA, GORONTALO",6,46,163,209
https://kawalpemilu.org#75325,"MOOTINELO, KWANDANG, GORONTALO UTARA, GORONTALO",1,102,105,207
https://kawalpemilu.org#75325,"MOOTINELO, KWANDANG, GORONTALO UTARA, GORONTALO",2,84,89,173
https://kawalpemilu.org#75325,"MOOTINELO, KWANDANG, GORONTALO UTARA, GORONTALO",3,70,120,190
https://kawalpemilu.org#75325,"MOOTINELO, KWANDANG, GORONTALO UTARA, GORONTALO",4,92,79,171
https://kawalpemilu.org#75325,"MOOTINELO, KWANDANG, GORONTALO UTARA, GORONTALO",5,86,78,164
https://kawalpemilu.org#75326,"BUALEMO, KWANDANG, GORONTALO UTARA, GORONTALO",1,83,122,205
https://kawalpemilu.org#75326,"BUALEMO, KWANDANG, GORONTALO UTARA, GORONTALO",2,152,73,225
https://kawalpemilu.org#75326,"BUALEMO, KWANDANG, GORONTALO UTARA, GORONTALO",3,140,74,214
https://kawalpemilu.org#75326,"BUALEMO, KWANDANG, GORONTALO UTARA, GORONTALO",4,114,101,215
https://kawalpemilu.org#75326,"BUALEMO, KWANDANG, GORONTALO UTARA, GORONTALO",5,101,78,171
https://kawalpemilu.org#75326,"BUALEMO, KWANDANG, GORONTALO UTARA, GORONTALO",6,121,80,201
https://kawalpemilu.org#75328,"BULALO, KWANDANG, GORONTALO UTARA, GORONTALO",1,70,134,204
https://kawalpemilu.org#75328,"BULALO, KWANDANG, GORONTALO UTARA, GORONTALO",2,106,90,196
https://kawalpemilu.org#75328,"BULALO, KWANDANG, GORONTALO UTARA, GORONTALO",3,65,136,201
https://kawalpemilu.org#75328,"BULALO, KWANDANG, GORONTALO UTARA, GORONTALO",4,70,102,172
https://kawalpemilu.org#75328,"BULALO, KWANDANG, GORONTALO UTARA, GORONTALO",5,128,103,231
https://kawalpemilu.org#75328,"BULALO, KWANDANG, GORONTALO UTARA, GORONTALO",6,89,77,166
https://kawalpemilu.org#75328,"BULALO, KWANDANG, GORONTALO UTARA, GORONTALO",7,115,97,212
https://kawalpemilu.org#75328,"BULALO, KWANDANG, GORONTALO UTARA, GORONTALO",8,42,68,110
https://kawalpemilu.org#85901,"KATIALADA, KWANDANG, GORONTALO UTARA, GORONTALO",1,74,150,224
https://kawalpemilu.org#85901,"KATIALADA, KWANDANG, GORONTALO UTARA, GORONTALO",2,70,137,207
https://kawalpemilu.org#85901,"KATIALADA, KWANDANG, GORONTALO UTARA, GORONTALO",3,71,130,201
https://kawalpemilu.org#85901,"KATIALADA, KWANDANG, GORONTALO UTARA, GORONTALO",4,74,131,205
https://kawalpemilu.org#85901,"KATIALADA, KWANDANG, GORONTALO UTARA, GORONTALO",5,84,112,196
https://kawalpemilu.org#85901,"KATIALADA, KWANDANG, GORONTALO UTARA, GORONTALO",6,78,125,203
https://kawalpemilu.org#85902,"OMBULODATA, KWANDANG, GORONTALO UTARA, GORONTALO",1,75,111,186
https://kawalpemilu.org#85902,"OMBULODATA, KWANDANG, GORONTALO UTARA, GORONTALO",2,85,104,189
https://kawalpemilu.org#85902,"OMBULODATA, KWANDANG, GORONTALO UTARA, GORONTALO",3,95,88,183
https://kawalpemilu.org#85902,"OMBULODATA, KWANDANG, GORONTALO UTARA, GORONTALO",4,59,100,159
https://kawalpemilu.org#85903,"ALATA KARYA, KWANDANG, GORONTALO UTARA, GORONTALO",1,71,119,190
https://kawalpemilu.org#85903,"ALATA KARYA, KWANDANG, GORONTALO UTARA, GORONTALO",2,76,117,193
https://kawalpemilu.org#85903,"ALATA KARYA, KWANDANG, GORONTALO UTARA, GORONTALO",3,91,76,167
https://kawalpemilu.org#85903,"ALATA KARYA, KWANDANG, GORONTALO UTARA, GORONTALO",4,104,94,198
https://kawalpemilu.org#85904,"CISADANE, KWANDANG, GORONTALO UTARA, GORONTALO",1,62,162,224
https://kawalpemilu.org#85904,"CISADANE, KWANDANG, GORONTALO UTARA, GORONTALO",2,75,142,217
https://kawalpemilu.org#85904,"CISADANE, KWANDANG, GORONTALO UTARA, GORONTALO",3,86,136,222
https://kawalpemilu.org#85904,"CISADANE, KWANDANG, GORONTALO UTARA, GORONTALO",4,109,98,207
https://kawalpemilu.org#85905,"BOTUWOMBATA, KWANDANG, GORONTALO UTARA, GORONTALO",1,104,83,187
https://kawalpemilu.org#85905,"BOTUWOMBATA, KWANDANG, GORONTALO UTARA, GORONTALO",2,92,86,178
https://kawalpemilu.org#85905,"BOTUWOMBATA, KWANDANG, GORONTALO UTARA, GORONTALO",3,67,63,130
https://kawalpemilu.org#85906,"BOTUNGOBUNGO, KWANDANG, GORONTALO UTARA, GORONTALO",1,130,91,221
https://kawalpemilu.org#85906,"BOTUNGOBUNGO, KWANDANG, GORONTALO UTARA, GORONTALO",2,133,79,212
https://kawalpemilu.org#85906,"BOTUNGOBUNGO, KWANDANG, GORONTALO UTARA, GORONTALO",3,107,100,207
https://kawalpemilu.org#85907,"MOLINGKAPOTO SELATAN, KWANDANG, GORONTALO UTARA, GORONTALO",1,137,61,198
https://kawalpemilu.org#85907,"MOLINGKAPOTO SELATAN, KWANDANG, GORONTALO UTARA, GORONTALO",2,123,55,178
https://kawalpemilu.org#85907,"MOLINGKAPOTO SELATAN, KWANDANG, GORONTALO UTARA, GORONTALO",3,91,91,182
https://kawalpemilu.org#85907,"MOLINGKAPOTO SELATAN, KWANDANG, GORONTALO UTARA, GORONTALO",4,89,82,171
https://kawalpemilu.org#85907,"MOLINGKAPOTO SELATAN, KWANDANG, GORONTALO UTARA, GORONTALO",5,96,66,162
https://kawalpemilu.org#85908,"PONTOLO ATAS, KWANDANG, GORONTALO UTARA, GORONTALO",1,123,80,203
https://kawalpemilu.org#85908,"PONTOLO ATAS, KWANDANG, GORONTALO UTARA, GORONTALO",2,113,97,210
https://kawalpemilu.org#85909,"MASURU, KWANDANG, GORONTALO UTARA, GORONTALO",1,83,101,184
https://kawalpemilu.org#85909,"MASURU, KWANDANG, GORONTALO UTARA, GORONTALO",2,95,84,179
https://kawalpemilu.org#85909,"MASURU, KWANDANG, GORONTALO UTARA, GORONTALO",3,68,75,143
https://kawalpemilu.org#75331,"ILANGATA, ANGGREK, GORONTALO UTARA, GORONTALO",1,81,133,214
https://kawalpemilu.org#75331,"ILANGATA, ANGGREK, GORONTALO UTARA, GORONTALO",2,95,109,204
https://kawalpemilu.org#75331,"ILANGATA, ANGGREK, GORONTALO UTARA, GORONTALO",3,95,103,198
https://kawalpemilu.org#75331,"ILANGATA, ANGGREK, GORONTALO UTARA, GORONTALO",4,110,77,187
https://kawalpemilu.org#75331,"ILANGATA, ANGGREK, GORONTALO UTARA, GORONTALO",5,115,109,224
https://kawalpemilu.org#75331,"ILANGATA, ANGGREK, GORONTALO UTARA, GORONTALO",6,96,84,180
https://kawalpemilu.org#75331,"ILANGATA, ANGGREK, GORONTALO UTARA, GORONTALO",7,141,79,220
https://kawalpemilu.org#75332,"TOLONGIO, ANGGREK, GORONTALO UTARA, GORONTALO",1,69,140,209
https://kawalpemilu.org#75332,"TOLONGIO, ANGGREK, GORONTALO UTARA, GORONTALO",2,70,150,220
https://kawalpemilu.org#75332,"TOLONGIO, ANGGREK, GORONTALO UTARA, GORONTALO",3,73,91,164
https://kawalpemilu.org#75332,"TOLONGIO, ANGGREK, GORONTALO UTARA, GORONTALO",4,94,92,186
https://kawalpemilu.org#75336,"TOLANGO, ANGGREK, GORONTALO UTARA, GORONTALO",1,93,107,200
https://kawalpemilu.org#75336,"TOLANGO, ANGGREK, GORONTALO UTARA, GORONTALO",2,82,129,211
https://kawalpemilu.org#75336,"TOLANGO, ANGGREK, GORONTALO UTARA, GORONTALO",3,105,106,211
https://kawalpemilu.org#75336,"TOLANGO, ANGGREK, GORONTALO UTARA, GORONTALO",4,133,76,209
https://kawalpemilu.org#75336,"TOLANGO, ANGGREK, GORONTALO UTARA, GORONTALO",5,119,88,207
https://kawalpemilu.org#75336,"TOLANGO, ANGGREK, GORONTALO UTARA, GORONTALO",6,134,72,206
https://kawalpemilu.org#75337,"POPALO, ANGGREK, GORONTALO UTARA, GORONTALO",1,117,101,218
https://kawalpemilu.org#75337,"POPALO, ANGGREK, GORONTALO UTARA, GORONTALO",2,118,103,221
https://kawalpemilu.org#75337,"POPALO, ANGGREK, GORONTALO UTARA, GORONTALO",3,111,80,191
https://kawalpemilu.org#75338,"DUDEPO, ANGGREK, GORONTALO UTARA, GORONTALO",1,70,76,146
https://kawalpemilu.org#75338,"DUDEPO, ANGGREK, GORONTALO UTARA, GORONTALO",2,89,106,195
https://kawalpemilu.org#75338,"DUDEPO, ANGGREK, GORONTALO UTARA, GORONTALO",3,60,147,207
https://kawalpemilu.org#75338,"DUDEPO, ANGGREK, GORONTALO UTARA, GORONTALO",4,26,96,122
https://kawalpemilu.org#75338,"DUDEPO, ANGGREK, GORONTALO UTARA, GORONTALO",5,50,48,98
https://kawalpemilu.org#75339,"MOOTILANGO, ANGGREK, GORONTALO UTARA, GORONTALO",1,135,66,201
https://kawalpemilu.org#75339,"MOOTILANGO, ANGGREK, GORONTALO UTARA, GORONTALO",2,86,87,173
https://kawalpemilu.org#75339,"MOOTILANGO, ANGGREK, GORONTALO UTARA, GORONTALO",3,135,60,195
https://kawalpemilu.org#85910,"TUTUWOTO, ANGGREK, GORONTALO UTARA, GORONTALO",1,67,76,143
https://kawalpemilu.org#85910,"TUTUWOTO, ANGGREK, GORONTALO UTARA, GORONTALO",2,79,69,148
https://kawalpemilu.org#85911,"HIYALOOILE, ANGGREK, GORONTALO UTARA, GORONTALO",1,148,49,197
https://kawalpemilu.org#85911,"HIYALOOILE, ANGGREK, GORONTALO UTARA, GORONTALO",2,147,25,172
https://kawalpemilu.org#85911,"HIYALOOILE, ANGGREK, GORONTALO UTARA, GORONTALO",3,149,10,159
https://kawalpemilu.org#85912,"IBARAT, ANGGREK, GORONTALO UTARA, GORONTALO",1,101,114,215
https://kawalpemilu.org#85912,"IBARAT, ANGGREK, GORONTALO UTARA, GORONTALO",2,84,136,220
https://kawalpemilu.org#85912,"IBARAT, ANGGREK, GORONTALO UTARA, GORONTALO",3,97,107,204
https://kawalpemilu.org#85912,"IBARAT, ANGGREK, GORONTALO UTARA, GORONTALO",4,116,91,207
https://kawalpemilu.org#85912,"IBARAT, ANGGREK, GORONTALO UTARA, GORONTALO",5,66,51,117
https://kawalpemilu.org#85913,"ILODULUNGA, ANGGREK, GORONTALO UTARA, GORONTALO",1,94,69,163
https://kawalpemilu.org#85913,"ILODULUNGA, ANGGREK, GORONTALO UTARA, GORONTALO",2,83,60,143
https://kawalpemilu.org#85914,"PUTIANA, ANGGREK, GORONTALO UTARA, GORONTALO",1,82,127,209
https://kawalpemilu.org#85914,"PUTIANA, ANGGREK, GORONTALO UTARA, GORONTALO",2,145,77,222
https://kawalpemilu.org#85914,"PUTIANA, ANGGREK, GORONTALO UTARA, GORONTALO",3,93,91,184
https://kawalpemilu.org#85914,"PUTIANA, ANGGREK, GORONTALO UTARA, GORONTALO",4,64,104,168
https://kawalpemilu.org#90203,"LANGGE, ANGGREK, GORONTALO UTARA, GORONTALO",1,61,103,164
https://kawalpemilu.org#90203,"LANGGE, ANGGREK, GORONTALO UTARA, GORONTALO",2,84,75,159
https://kawalpemilu.org#90204,"ILOHELUMA, ANGGREK, GORONTALO UTARA, GORONTALO",1,85,102,187
https://kawalpemilu.org#90204,"ILOHELUMA, ANGGREK, GORONTALO UTARA, GORONTALO",2,106,99,205
https://kawalpemilu.org#90204,"ILOHELUMA, ANGGREK, GORONTALO UTARA, GORONTALO",3,81,60,141
https://kawalpemilu.org#90204,"ILOHELUMA, ANGGREK, GORONTALO UTARA, GORONTALO",4,130,45,175
https://kawalpemilu.org#90205,"HELUMO, ANGGREK, GORONTALO UTARA, GORONTALO",1,133,105,238
https://kawalpemilu.org#90205,"HELUMO, ANGGREK, GORONTALO UTARA, GORONTALO",2,83,79,162
https://kawalpemilu.org#90206,"DATAHU, ANGGREK, GORONTALO UTARA, GORONTALO",1,162,56,218
https://kawalpemilu.org#75342,"BULONTIO TIMUR, SUMALATA, GORONTALO UTARA, GORONTALO",1,80,134,214
https://kawalpemilu.org#75342,"BULONTIO TIMUR, SUMALATA, GORONTALO UTARA, GORONTALO",2,51,143,194
https://kawalpemilu.org#75342,"BULONTIO TIMUR, SUMALATA, GORONTALO UTARA, GORONTALO",3,60,149,209
https://kawalpemilu.org#75342,"BULONTIO TIMUR, SUMALATA, GORONTALO UTARA, GORONTALO",4,99,99,198
https://kawalpemilu.org#75342,"BULONTIO TIMUR, SUMALATA, GORONTALO UTARA, GORONTALO",5,69,133,202
https://kawalpemilu.org#75342,"BULONTIO TIMUR, SUMALATA, GORONTALO UTARA, GORONTALO",6,96,122,218
https://kawalpemilu.org#75342,"BULONTIO TIMUR, SUMALATA, GORONTALO UTARA, GORONTALO",7,79,89,168
https://kawalpemilu.org#75343,"BULONTIO BARAT, SUMALATA, GORONTALO UTARA, GORONTALO",1,145,57,202
https://kawalpemilu.org#75343,"BULONTIO BARAT, SUMALATA, GORONTALO UTARA, GORONTALO",2,108,87,195
https://kawalpemilu.org#75343,"BULONTIO BARAT, SUMALATA, GORONTALO UTARA, GORONTALO",3,93,90,183
https://kawalpemilu.org#75343,"BULONTIO BARAT, SUMALATA, GORONTALO UTARA, GORONTALO",4,78,99,177
https://kawalpemilu.org#75343,"BULONTIO BARAT, SUMALATA, GORONTALO UTARA, GORONTALO",5,63,119,182
https://kawalpemilu.org#75343,"BULONTIO BARAT, SUMALATA, GORONTALO UTARA, GORONTALO",6,104,64,168
https://kawalpemilu.org#75344,"TUMBA, SUMALATA, GORONTALO UTARA, GORONTALO",1,161,61,222
https://kawalpemilu.org#75344,"TUMBA, SUMALATA, GORONTALO UTARA, GORONTALO",2,125,65,190
https://kawalpemilu.org#75344,"TUMBA, SUMALATA, GORONTALO UTARA, GORONTALO",3,109,73,182
https://kawalpemilu.org#75348,"BULOILA, SUMALATA, GORONTALO UTARA, GORONTALO",1,123,56,179
https://kawalpemilu.org#75348,"BULOILA, SUMALATA, GORONTALO UTARA, GORONTALO",2,153,71,224
https://kawalpemilu.org#75348,"BULOILA, SUMALATA, GORONTALO UTARA, GORONTALO",3,79,60,139
https://kawalpemilu.org#75348,"BULOILA, SUMALATA, GORONTALO UTARA, GORONTALO",4,164,61,225
https://kawalpemilu.org#75350,"KASIA, SUMALATA, GORONTALO UTARA, GORONTALO",1,135,81,216
https://kawalpemilu.org#75350,"KASIA, SUMALATA, GORONTALO UTARA, GORONTALO",2,79,38,117
https://kawalpemilu.org#75351,"KIKIA, SUMALATA, GORONTALO UTARA, GORONTALO",1,102,88,190
https://kawalpemilu.org#75351,"KIKIA, SUMALATA, GORONTALO UTARA, GORONTALO",2,98,99,197
https://kawalpemilu.org#75351,"KIKIA, SUMALATA, GORONTALO UTARA, GORONTALO",3,121,80,201
https://kawalpemilu.org#85915,"MEBONGO, SUMALATA, GORONTALO UTARA, GORONTALO",1,122,96,218
https://kawalpemilu.org#85915,"MEBONGO, SUMALATA, GORONTALO UTARA, GORONTALO",2,111,62,173
https://kawalpemilu.org#85915,"MEBONGO, SUMALATA, GORONTALO UTARA, GORONTALO",3,66,19,85
https://kawalpemilu.org#85916,"LELATO, SUMALATA, GORONTALO UTARA, GORONTALO",1,114,39,153
https://kawalpemilu.org#85916,"LELATO, SUMALATA, GORONTALO UTARA, GORONTALO",2,130,35,165
https://kawalpemilu.org#85916,"LELATO, SUMALATA, GORONTALO UTARA, GORONTALO",3,163,20,183
https://kawalpemilu.org#85917,"PULOHENTI, SUMALATA, GORONTALO UTARA, GORONTALO",1,95,110,205
https://kawalpemilu.org#85917,"PULOHENTI, SUMALATA, GORONTALO UTARA, GORONTALO",2,121,89,210
https://kawalpemilu.org#85918,"PUNCAK MANDIRI, SUMALATA, GORONTALO UTARA, GORONTALO",1,175,53,228
https://kawalpemilu.org#85919,"HUTAKALO, SUMALATA, GORONTALO UTARA, GORONTALO",1,64,106,170
https://kawalpemilu.org#85919,"HUTAKALO, SUMALATA, GORONTALO UTARA, GORONTALO",2,121,78,199
https://kawalpemilu.org#85919,"HUTAKALO, SUMALATA, GORONTALO UTARA, GORONTALO",3,37,67,104
https://kawalpemilu.org#75353,"TOLINGGULA TENGAH, TOLINGGULA, GORONTALO UTARA, GORONTALO",1,63,118,181
https://kawalpemilu.org#75353,"TOLINGGULA TENGAH, TOLINGGULA, GORONTALO UTARA, GORONTALO",2,65,101,166
https://kawalpemilu.org#75353,"TOLINGGULA TENGAH, TOLINGGULA, GORONTALO UTARA, GORONTALO",3,81,102,183
https://kawalpemilu.org#75353,"TOLINGGULA TENGAH, TOLINGGULA, GORONTALO UTARA, GORONTALO",4,76,110,186
https://kawalpemilu.org#75353,"TOLINGGULA TENGAH, TOLINGGULA, GORONTALO UTARA, GORONTALO",5,64,133,197
https://kawalpemilu.org#75354,"TOLINGGULA PANTAI, TOLINGGULA, GORONTALO UTARA, GORONTALO",1,85,127,212
https://kawalpemilu.org#75354,"TOLINGGULA PANTAI, TOLINGGULA, GORONTALO UTARA, GORONTALO",3,102,118,220
https://kawalpemilu.org#75354,"TOLINGGULA PANTAI, TOLINGGULA, GORONTALO UTARA, GORONTALO",4,99,118,217
https://kawalpemilu.org#75355,"TOLINGGULA ULU, TOLINGGULA, GORONTALO UTARA, GORONTALO",1,58,128,186
https://kawalpemilu.org#75355,"TOLINGGULA ULU, TOLINGGULA, GORONTALO UTARA, GORONTALO",2,48,161,209
https://kawalpemilu.org#75355,"TOLINGGULA ULU, TOLINGGULA, GORONTALO UTARA, GORONTALO",3,56,135,191
https://kawalpemilu.org#75355,"TOLINGGULA ULU, TOLINGGULA, GORONTALO UTARA, GORONTALO",4,75,107,182
https://kawalpemilu.org#75356,"ILOMANGGA, TOLINGGULA, GORONTALO UTARA, GORONTALO",1,44,131,175
https://kawalpemilu.org#75356,"ILOMANGGA, TOLINGGULA, GORONTALO UTARA, GORONTALO",2,66,109,175
https://kawalpemilu.org#75358,"LIMBATO, TOLINGGULA, GORONTALO UTARA, GORONTALO",1,29,187,216
https://kawalpemilu.org#75358,"LIMBATO, TOLINGGULA, GORONTALO UTARA, GORONTALO",2,71,145,216
https://kawalpemilu.org#75359,"PAPULANGI, TOLINGGULA, GORONTALO UTARA, GORONTALO",1,71,125,196
https://kawalpemilu.org#75359,"PAPULANGI, TOLINGGULA, GORONTALO UTARA, GORONTALO",2,57,52,109
https://kawalpemilu.org#75359,"PAPULANGI, TOLINGGULA, GORONTALO UTARA, GORONTALO",3,93,109,202
https://kawalpemilu.org#75360,"MOLANGGA, TOLINGGULA, GORONTALO UTARA, GORONTALO",1,77,112,189
https://kawalpemilu.org#75360,"MOLANGGA, TOLINGGULA, GORONTALO UTARA, GORONTALO",2,53,132,185
https://kawalpemilu.org#75360,"MOLANGGA, TOLINGGULA, GORONTALO UTARA, GORONTALO",3,48,149,197
https://kawalpemilu.org#75363,"CEMPAKA PUTIH, TOLINGGULA, GORONTALO UTARA, GORONTALO",1,151,39,190
https://kawalpemilu.org#75364,"ILOTUNGGULO, TOLINGGULA, GORONTALO UTARA, GORONTALO",1,88,116,204
https://kawalpemilu.org#75364,"ILOTUNGGULO, TOLINGGULA, GORONTALO UTARA, GORONTALO",2,56,133,189
https://kawalpemilu.org#75364,"ILOTUNGGULO, TOLINGGULA, GORONTALO UTARA, GORONTALO",3,62,126,188
https://kawalpemilu.org#75364,"ILOTUNGGULO, TOLINGGULA, GORONTALO UTARA, GORONTALO",4,107,85,192
https://kawalpemilu.org#75364,"ILOTUNGGULO, TOLINGGULA, GORONTALO UTARA, GORONTALO",5,115,76,191
https://kawalpemilu.org#85920,"TOLITE JAYA, TOLINGGULA, GORONTALO UTARA, GORONTALO",1,54,121,175
https://kawalpemilu.org#85920,"TOLITE JAYA, TOLINGGULA, GORONTALO UTARA, GORONTALO",2,55,117,172
https://kawalpemilu.org#85920,"TOLITE JAYA, TOLINGGULA, GORONTALO UTARA, GORONTALO",3,43,130,173
https://kawalpemilu.org#85920,"TOLITE JAYA, TOLINGGULA, GORONTALO UTARA, GORONTALO",4,62,117,179
https://kawalpemilu.org#75303,"MOLONGGOTA, GENTUMA RAYA, GORONTALO UTARA, GORONTALO",1,50,128,178
https://kawalpemilu.org#75303,"MOLONGGOTA, GENTUMA RAYA, GORONTALO UTARA, GORONTALO",2,46,126,172
https://kawalpemilu.org#75303,"MOLONGGOTA, GENTUMA RAYA, GORONTALO UTARA, GORONTALO",3,70,164,234
https://kawalpemilu.org#75303,"MOLONGGOTA, GENTUMA RAYA, GORONTALO UTARA, GORONTALO",4,59,161,220
https://kawalpemilu.org#75304,"GENTUMA, GENTUMA RAYA, GORONTALO UTARA, GORONTALO",1,39,130,169
https://kawalpemilu.org#75304,"GENTUMA, GENTUMA RAYA, GORONTALO UTARA, GORONTALO",2,36,124,160
https://kawalpemilu.org#75304,"GENTUMA, GENTUMA RAYA, GORONTALO UTARA, GORONTALO",3,58,107,165
https://kawalpemilu.org#75311,"IPILO, GENTUMA RAYA, GORONTALO UTARA, GORONTALO",1,115,91,206
https://kawalpemilu.org#75311,"IPILO, GENTUMA RAYA, GORONTALO UTARA, GORONTALO",2,120,91,211
https://kawalpemilu.org#75311,"IPILO, GENTUMA RAYA, GORONTALO UTARA, GORONTALO",3,86,106,192
https://kawalpemilu.org#75312,"DUMOLODO, GENTUMA RAYA, GORONTALO UTARA, GORONTALO",1,93,145,238
https://kawalpemilu.org#75312,"DUMOLODO, GENTUMA RAYA, GORONTALO UTARA, GORONTALO",2,90,149,239
https://kawalpemilu.org#75312,"DUMOLODO, GENTUMA RAYA, GORONTALO UTARA, GORONTALO",3,25,84,109
https://kawalpemilu.org#75312,"DUMOLODO, GENTUMA RAYA, GORONTALO UTARA, GORONTALO",4,57,103,160
https://kawalpemilu.org#75314,"LANGKE, GENTUMA RAYA, GORONTALO UTARA, GORONTALO",1,134,9,143
https://kawalpemilu.org#75314,"LANGKE, GENTUMA RAYA, GORONTALO UTARA, GORONTALO",2,115,6,121
https://kawalpemilu.org#85921,"PASALAE, GENTUMA RAYA, GORONTALO UTARA, GORONTALO",1,87,86,173
https://kawalpemilu.org#85921,"PASALAE, GENTUMA RAYA, GORONTALO UTARA, GORONTALO",2,41,107,148
https://kawalpemilu.org#85921,"PASALAE, GENTUMA RAYA, GORONTALO UTARA, GORONTALO",3,68,170,238
https://kawalpemilu.org#85921,"PASALAE, GENTUMA RAYA, GORONTALO UTARA, GORONTALO",4,55,140,195
https://kawalpemilu.org#85921,"PASALAE, GENTUMA RAYA, GORONTALO UTARA, GORONTALO",5,171,9,180
https://kawalpemilu.org#85922,"NANATI JAYA, GENTUMA RAYA, GORONTALO UTARA, GORONTALO",1,75,121,196
https://kawalpemilu.org#85922,"NANATI JAYA, GENTUMA RAYA, GORONTALO UTARA, GORONTALO",2,61,145,206
https://kawalpemilu.org#85923,"MOTOMINGO, GENTUMA RAYA, GORONTALO UTARA, GORONTALO",1,83,72,155
https://kawalpemilu.org#85923,"MOTOMINGO, GENTUMA RAYA, GORONTALO UTARA, GORONTALO",2,70,122,192
https://kawalpemilu.org#85923,"MOTOMINGO, GENTUMA RAYA, GORONTALO UTARA, GORONTALO",3,65,115,180
https://kawalpemilu.org#90209,"KETAPANG, GENTUMA RAYA, GORONTALO UTARA, GORONTALO",1,110,105,215
https://kawalpemilu.org#90209,"KETAPANG, GENTUMA RAYA, GORONTALO UTARA, GORONTALO",2,94,105,199
https://kawalpemilu.org#90209,"KETAPANG, GENTUMA RAYA, GORONTALO UTARA, GORONTALO",3,89,104,193
https://kawalpemilu.org#90210,"DURIAN, GENTUMA RAYA, GORONTALO UTARA, GORONTALO",1,135,94,229
https://kawalpemilu.org#90210,"DURIAN, GENTUMA RAYA, GORONTALO UTARA, GORONTALO",2,71,59,130
https://kawalpemilu.org#90211,"BOHUSAMI, GENTUMA RAYA, GORONTALO UTARA, GORONTALO",1,106,30,136
https://kawalpemilu.org#90211,"BOHUSAMI, GENTUMA RAYA, GORONTALO UTARA, GORONTALO",2,73,69,142
https://kawalpemilu.org#75322,"DAMBALO, TOMOLITO, GORONTALO UTARA, GORONTALO",1,121,103,224
https://kawalpemilu.org#75322,"DAMBALO, TOMOLITO, GORONTALO UTARA, GORONTALO",2,98,112,210
https://kawalpemilu.org#75322,"DAMBALO, TOMOLITO, GORONTALO UTARA, GORONTALO",3,42,116,158
https://kawalpemilu.org#75322,"DAMBALO, TOMOLITO, GORONTALO UTARA, GORONTALO",4,53,93,146
https://kawalpemilu.org#75322,"DAMBALO, TOMOLITO, GORONTALO UTARA, GORONTALO",5,94,87,181
https://kawalpemilu.org#75324,"MOLANTADU, TOMOLITO, GORONTALO UTARA, GORONTALO",1,91,40,131
https://kawalpemilu.org#75324,"MOLANTADU, TOMOLITO, GORONTALO UTARA, GORONTALO",2,95,74,169
https://kawalpemilu.org#75324,"MOLANTADU, TOMOLITO, GORONTALO UTARA, GORONTALO",3,79,60,139
https://kawalpemilu.org#75324,"MOLANTADU, TOMOLITO, GORONTALO UTARA, GORONTALO",4,73,112,185
https://kawalpemilu.org#75327,"TANJUNG KARANG, TOMOLITO, GORONTALO UTARA, GORONTALO",1,75,133,208
https://kawalpemilu.org#75327,"TANJUNG KARANG, TOMOLITO, GORONTALO UTARA, GORONTALO",2,114,91,205
https://kawalpemilu.org#75327,"TANJUNG KARANG, TOMOLITO, GORONTALO UTARA, GORONTALO",3,84,73,157
https://kawalpemilu.org#85924,"MILANGO, TOMOLITO, GORONTALO UTARA, GORONTALO",1,123,91,214
https://kawalpemilu.org#85924,"MILANGO, TOMOLITO, GORONTALO UTARA, GORONTALO",2,108,91,199
https://kawalpemilu.org#85925,"BUBODE, TOMOLITO, GORONTALO UTARA, GORONTALO",1,79,92,171
https://kawalpemilu.org#85925,"BUBODE, TOMOLITO, GORONTALO UTARA, GORONTALO",2,69,112,181
https://kawalpemilu.org#85925,"BUBODE, TOMOLITO, GORONTALO UTARA, GORONTALO",3,116,45,161
https://kawalpemilu.org#85925,"BUBODE, TOMOLITO, GORONTALO UTARA, GORONTALO",4,74,123,197
https://kawalpemilu.org#85926,"LEYAO, TOMOLITO, GORONTALO UTARA, GORONTALO",1,126,59,185
https://kawalpemilu.org#85926,"LEYAO, TOMOLITO, GORONTALO UTARA, GORONTALO",2,159,33,192
https://kawalpemilu.org#85927,"HUIDU MELITO, TOMOLITO, GORONTALO UTARA, GORONTALO",1,83,123,206
https://kawalpemilu.org#85927,"HUIDU MELITO, TOMOLITO, GORONTALO UTARA, GORONTALO",2,67,67,134
https://kawalpemilu.org#85927,"HUIDU MELITO, TOMOLITO, GORONTALO UTARA, GORONTALO",3,40,179,219
https://kawalpemilu.org#85927,"HUIDU MELITO, TOMOLITO, GORONTALO UTARA, GORONTALO",4,62,81,143
https://kawalpemilu.org#85928,"BULANGO RAYA, TOMOLITO, GORONTALO UTARA, GORONTALO",1,39,109,148
https://kawalpemilu.org#85928,"BULANGO RAYA, TOMOLITO, GORONTALO UTARA, GORONTALO",2,68,127,195
https://kawalpemilu.org#85928,"BULANGO RAYA, TOMOLITO, GORONTALO UTARA, GORONTALO",3,37,132,169
https://kawalpemilu.org#85929,"MUTIARA LAUT, TOMOLITO, GORONTALO UTARA, GORONTALO",1,115,11,126
https://kawalpemilu.org#85929,"MUTIARA LAUT, TOMOLITO, GORONTALO UTARA, GORONTALO",2,53,104,157
https://kawalpemilu.org#90212,"JEMBATAN MERAH, TOMOLITO, GORONTALO UTARA, GORONTALO",1,78,127,205
https://kawalpemilu.org#90212,"JEMBATAN MERAH, TOMOLITO, GORONTALO UTARA, GORONTALO",2,60,133,193
https://kawalpemilu.org#90212,"JEMBATAN MERAH, TOMOLITO, GORONTALO UTARA, GORONTALO",3,62,85,147
https://kawalpemilu.org#90212,"JEMBATAN MERAH, TOMOLITO, GORONTALO UTARA, GORONTALO",4,57,86,143
https://kawalpemilu.org#75323,"PONELO, PONELO KEPULAUAN, GORONTALO UTARA, GORONTALO",1,49,162,211
https://kawalpemilu.org#75323,"PONELO, PONELO KEPULAUAN, GORONTALO UTARA, GORONTALO",2,74,142,216
https://kawalpemilu.org#75323,"PONELO, PONELO KEPULAUAN, GORONTALO UTARA, GORONTALO",3,63,149,212
https://kawalpemilu.org#75323,"PONELO, PONELO KEPULAUAN, GORONTALO UTARA, GORONTALO",4,80,39,119
https://kawalpemilu.org#85930,"MALAMBE, PONELO KEPULAUAN, GORONTALO UTARA, GORONTALO",1,78,117,195
https://kawalpemilu.org#85930,"MALAMBE, PONELO KEPULAUAN, GORONTALO UTARA, GORONTALO",2,57,143,200
https://kawalpemilu.org#85930,"MALAMBE, PONELO KEPULAUAN, GORONTALO UTARA, GORONTALO",3,59,149,208
https://kawalpemilu.org#85931,"OTIOLA, PONELO KEPULAUAN, GORONTALO UTARA, GORONTALO",1,34,143,177
https://kawalpemilu.org#85931,"OTIOLA, PONELO KEPULAUAN, GORONTALO UTARA, GORONTALO",2,125,81,206
https://kawalpemilu.org#85931,"OTIOLA, PONELO KEPULAUAN, GORONTALO UTARA, GORONTALO",3,50,107,157
https://kawalpemilu.org#85932,"TIHENGO, PONELO KEPULAUAN, GORONTALO UTARA, GORONTALO",1,73,84,157
https://kawalpemilu.org#85932,"TIHENGO, PONELO KEPULAUAN, GORONTALO UTARA, GORONTALO",2,86,68,154
https://kawalpemilu.org#85932,"TIHENGO, PONELO KEPULAUAN, GORONTALO UTARA, GORONTALO",3,110,74,184
https://kawalpemilu.org#85932,"TIHENGO, PONELO KEPULAUAN, GORONTALO UTARA, GORONTALO",4,20,134,154
https://kawalpemilu.org#75333,"MONANO, MONANO, GORONTALO UTARA, GORONTALO",1,74,136,210
https://kawalpemilu.org#75333,"MONANO, MONANO, GORONTALO UTARA, GORONTALO",2,85,105,190
https://kawalpemilu.org#75333,"MONANO, MONANO, GORONTALO UTARA, GORONTALO",3,102,121,223
https://kawalpemilu.org#75333,"MONANO, MONANO, GORONTALO UTARA, GORONTALO",4,117,82,199
https://kawalpemilu.org#75334,"DUNU, MONANO, GORONTALO UTARA, GORONTALO",1,136,46,182
https://kawalpemilu.org#75334,"DUNU, MONANO, GORONTALO UTARA, GORONTALO",2,77,25,102
https://kawalpemilu.org#75334,"DUNU, MONANO, GORONTALO UTARA, GORONTALO",3,141,27,168
https://kawalpemilu.org#75335,"TUDI, MONANO, GORONTALO UTARA, GORONTALO",1,98,128,226
https://kawalpemilu.org#75335,"TUDI, MONANO, GORONTALO UTARA, GORONTALO",2,114,102,216
https://kawalpemilu.org#75340,"MONAS, MONANO, GORONTALO UTARA, GORONTALO",1,74,124,198
https://kawalpemilu.org#75340,"MONAS, MONANO, GORONTALO UTARA, GORONTALO",2,122,88,210
https://kawalpemilu.org#75340,"MONAS, MONANO, GORONTALO UTARA, GORONTALO",3,86,101,187
https://kawalpemilu.org#85933,"GARAPIA, MONANO, GORONTALO UTARA, GORONTALO",1,177,43,220
https://kawalpemilu.org#85933,"GARAPIA, MONANO, GORONTALO UTARA, GORONTALO",2,94,19,113
https://kawalpemilu.org#85934,"SOGU, MONANO, GORONTALO UTARA, GORONTALO",1,148,63,211
https://kawalpemilu.org#85934,"SOGU, MONANO, GORONTALO UTARA, GORONTALO",2,119,98,217
https://kawalpemilu.org#85935,"PILOHULATA, MONANO, GORONTALO UTARA, GORONTALO",1,104,60,164
https://kawalpemilu.org#85935,"PILOHULATA, MONANO, GORONTALO UTARA, GORONTALO",2,112,59,171
https://kawalpemilu.org#85936,"MOKONOWU, MONANO, GORONTALO UTARA, GORONTALO",1,120,82,202
https://kawalpemilu.org#85936,"MOKONOWU, MONANO, GORONTALO UTARA, GORONTALO",2,103,107,210
https://kawalpemilu.org#85937,"TOLITEHUYU, MONANO, GORONTALO UTARA, GORONTALO",1,150,60,210
https://kawalpemilu.org#85938,"ZURIYATI, MONANO, GORONTALO UTARA, GORONTALO",1,120,113,233
https://kawalpemilu.org#85938,"ZURIYATI, MONANO, GORONTALO UTARA, GORONTALO",2,100,40,140
https://kawalpemilu.org#75357,"BIAWU, BIAU, GORONTALO UTARA, GORONTALO",1,143,67,210
https://kawalpemilu.org#75357,"BIAWU, BIAU, GORONTALO UTARA, GORONTALO",2,129,49,178
https://kawalpemilu.org#75361,"DIDINGGA, BIAU, GORONTALO UTARA, GORONTALO",1,163,43,206
https://kawalpemilu.org#75361,"DIDINGGA, BIAU, GORONTALO UTARA, GORONTALO",2,157,9,166
https://kawalpemilu.org#75362,"WINDU, BIAU, GORONTALO UTARA, GORONTALO",1,133,61,194
https://kawalpemilu.org#75362,"WINDU, BIAU, GORONTALO UTARA, GORONTALO",2,96,71,167
https://kawalpemilu.org#85939,"OMUTO, BIAU, GORONTALO UTARA, GORONTALO",1,117,52,169
https://kawalpemilu.org#85939,"OMUTO, BIAU, GORONTALO UTARA, GORONTALO",2,111,73,184
https://kawalpemilu.org#85940,"LUHUTO, BIAU, GORONTALO UTARA, GORONTALO",1,87,53,140
https://kawalpemilu.org#85940,"LUHUTO, BIAU, GORONTALO UTARA, GORONTALO",2,59,98,157
https://kawalpemilu.org#85941,"TOPI, BIAU, GORONTALO UTARA, GORONTALO",1,116,39,155
https://kawalpemilu.org#85941,"TOPI, BIAU, GORONTALO UTARA, GORONTALO",2,113,42,155
https://kawalpemilu.org#85942,"SEMBIHINGAN, BIAU, GORONTALO UTARA, GORONTALO",1,156,15,171
https://kawalpemilu.org#85943,"POTANGO, BIAU, GORONTALO UTARA, GORONTALO",1,78,97,175
https://kawalpemilu.org#85943,"POTANGO, BIAU, GORONTALO UTARA, GORONTALO",2,80,88,168
https://kawalpemilu.org#85944,"BOHULO, BIAU, GORONTALO UTARA, GORONTALO",1,146,61,207
https://kawalpemilu.org#85944,"BOHULO, BIAU, GORONTALO UTARA, GORONTALO",2,105,39,144
https://kawalpemilu.org#90213,"BUALO, BIAU, GORONTALO UTARA, GORONTALO",1,177,36,213
https://kawalpemilu.org#90213,"BUALO, BIAU, GORONTALO UTARA, GORONTALO",2,152,59,211
https://kawalpemilu.org#75346,"BULADU, SUMALATA TIMUR, GORONTALO UTARA, GORONTALO",1,52,118,170
https://kawalpemilu.org#75346,"BULADU, SUMALATA TIMUR, GORONTALO UTARA, GORONTALO",2,69,97,166
https://kawalpemilu.org#75346,"BULADU, SUMALATA TIMUR, GORONTALO UTARA, GORONTALO",3,47,106,153
https://kawalpemilu.org#75347,"WUBUDU, SUMALATA TIMUR, GORONTALO UTARA, GORONTALO",1,41,123,164
https://kawalpemilu.org#75347,"WUBUDU, SUMALATA TIMUR, GORONTALO UTARA, GORONTALO",2,116,59,175
https://kawalpemilu.org#75347,"WUBUDU, SUMALATA TIMUR, GORONTALO UTARA, GORONTALO",3,127,43,170
https://kawalpemilu.org#75349,"DULUKAPA, SUMALATA TIMUR, GORONTALO UTARA, GORONTALO",1,72,148,220
https://kawalpemilu.org#75349,"DULUKAPA, SUMALATA TIMUR, GORONTALO UTARA, GORONTALO",2,88,120,208
https://kawalpemilu.org#75349,"DULUKAPA, SUMALATA TIMUR, GORONTALO UTARA, GORONTALO",3,57,151,208
https://kawalpemilu.org#85945,"DEME SATU, SUMALATA TIMUR, GORONTALO UTARA, GORONTALO",1,116,99,215
https://kawalpemilu.org#85945,"DEME SATU, SUMALATA TIMUR, GORONTALO UTARA, GORONTALO",2,81,117,198
https://kawalpemilu.org#85946,"BULUWATU, SUMALATA TIMUR, GORONTALO UTARA, GORONTALO",1,33,119,152
https://kawalpemilu.org#85946,"BULUWATU, SUMALATA TIMUR, GORONTALO UTARA, GORONTALO",2,38,96,134
https://kawalpemilu.org#85947,"DEME DUA, SUMALATA TIMUR, GORONTALO UTARA, GORONTALO",1,88,122,210
https://kawalpemilu.org#85947,"DEME DUA, SUMALATA TIMUR, GORONTALO UTARA, GORONTALO",2,77,126,203
https://kawalpemilu.org#85947,"DEME DUA, SUMALATA TIMUR, GORONTALO UTARA, GORONTALO",3,65,65,130
https://kawalpemilu.org#85948,"BUBALANGO, SUMALATA TIMUR, GORONTALO UTARA, GORONTALO",1,130,45,175
https://kawalpemilu.org#85949,"MOTIHELUMO, SUMALATA TIMUR, GORONTALO UTARA, GORONTALO",1,72,173,245
https://kawalpemilu.org#85949,"MOTIHELUMO, SUMALATA TIMUR, GORONTALO UTARA, GORONTALO",2,102,102,204
https://kawalpemilu.org#85949,"MOTIHELUMO, SUMALATA TIMUR, GORONTALO UTARA, GORONTALO",3,83,100,183
https://kawalpemilu.org#85950,"KOLUWOKA, SUMALATA TIMUR, GORONTALO UTARA, GORONTALO",1,108,86,194
https://kawalpemilu.org#85950,"KOLUWOKA, SUMALATA TIMUR, GORONTALO UTARA, GORONTALO",2,136,81,217
https://kawalpemilu.org#90214,"HULAWA, SUMALATA TIMUR, GORONTALO UTARA, GORONTALO",1,125,46,171
https://kawalpemilu.org#90214,"HULAWA, SUMALATA TIMUR, GORONTALO UTARA, GORONTALO",2,107,70,177
https://kawalpemilu.org#75367,"DEMBE I, KOTA BARAT, KOTA GORONTALO, GORONTALO",1,71,168,239
https://kawalpemilu.org#75367,"DEMBE I, KOTA BARAT, KOTA GORONTALO, GORONTALO",2,58,197,255
https://kawalpemilu.org#75367,"DEMBE I, KOTA BARAT, KOTA GORONTALO, GORONTALO",3,98,134,232
https://kawalpemilu.org#75367,"DEMBE I, KOTA BARAT, KOTA GORONTALO, GORONTALO",4,115,114,229
https://kawalpemilu.org#75367,"DEMBE I, KOTA BARAT, KOTA GORONTALO, GORONTALO",5,79,136,215
https://kawalpemilu.org#75367,"DEMBE I, KOTA BARAT, KOTA GORONTALO, GORONTALO",6,82,141,223
https://kawalpemilu.org#75367,"DEMBE I, KOTA BARAT, KOTA GORONTALO, GORONTALO",7,79,134,213
https://kawalpemilu.org#75367,"DEMBE I, KOTA BARAT, KOTA GORONTALO, GORONTALO",8,85,116,201
https://kawalpemilu.org#75367,"DEMBE I, KOTA BARAT, KOTA GORONTALO, GORONTALO",9,94,116,210
https://kawalpemilu.org#75367,"DEMBE I, KOTA BARAT, KOTA GORONTALO, GORONTALO",10,98,111,209
https://kawalpemilu.org#75367,"DEMBE I, KOTA BARAT, KOTA GORONTALO, GORONTALO",11,97,128,225
https://kawalpemilu.org#75367,"DEMBE I, KOTA BARAT, KOTA GORONTALO, GORONTALO",12,112,122,234
https://kawalpemilu.org#75368,"LEKOBALO, KOTA BARAT, KOTA GORONTALO, GORONTALO",1,60,190,250
https://kawalpemilu.org#75368,"LEKOBALO, KOTA BARAT, KOTA GORONTALO, GORONTALO",2,98,153,251
https://kawalpemilu.org#75368,"LEKOBALO, KOTA BARAT, KOTA GORONTALO, GORONTALO",3,110,135,245
https://kawalpemilu.org#75368,"LEKOBALO, KOTA BARAT, KOTA GORONTALO, GORONTALO",4,118,117,235
https://kawalpemilu.org#75368,"LEKOBALO, KOTA BARAT, KOTA GORONTALO, GORONTALO",5,103,91,194
https://kawalpemilu.org#75368,"LEKOBALO, KOTA BARAT, KOTA GORONTALO, GORONTALO",6,102,105,207
https://kawalpemilu.org#75368,"LEKOBALO, KOTA BARAT, KOTA GORONTALO, GORONTALO",7,89,121,210
https://kawalpemilu.org#75368,"LEKOBALO, KOTA BARAT, KOTA GORONTALO, GORONTALO",8,73,123,196
https://kawalpemilu.org#75368,"LEKOBALO, KOTA BARAT, KOTA GORONTALO, GORONTALO",9,96,129,225
https://kawalpemilu.org#75368,"LEKOBALO, KOTA BARAT, KOTA GORONTALO, GORONTALO",10,102,138,240
https://kawalpemilu.org#75369,"PILOLODAA, KOTA BARAT, KOTA GORONTALO, GORONTALO",1,56,145,201
https://kawalpemilu.org#75369,"PILOLODAA, KOTA BARAT, KOTA GORONTALO, GORONTALO",2,96,115,211
https://kawalpemilu.org#75369,"PILOLODAA, KOTA BARAT, KOTA GORONTALO, GORONTALO",3,76,141,217
https://kawalpemilu.org#75369,"PILOLODAA, KOTA BARAT, KOTA GORONTALO, GORONTALO",4,96,119,215
https://kawalpemilu.org#75369,"PILOLODAA, KOTA BARAT, KOTA GORONTALO, GORONTALO",5,124,96,220
https://kawalpemilu.org#75369,"PILOLODAA, KOTA BARAT, KOTA GORONTALO, GORONTALO",6,118,107,225
https://kawalpemilu.org#75370,"BULIIDE, KOTA BARAT, KOTA GORONTALO, GORONTALO",1,82,142,224
https://kawalpemilu.org#75370,"BULIIDE, KOTA BARAT, KOTA GORONTALO, GORONTALO",2,129,89,218
https://kawalpemilu.org#75370,"BULIIDE, KOTA BARAT, KOTA GORONTALO, GORONTALO",3,102,120,222
https://kawalpemilu.org#75370,"BULIIDE, KOTA BARAT, KOTA GORONTALO, GORONTALO",4,70,139,209
https://kawalpemilu.org#75370,"BULIIDE, KOTA BARAT, KOTA GORONTALO, GORONTALO",5,102,96,198
https://kawalpemilu.org#75370,"BULIIDE, KOTA BARAT, KOTA GORONTALO, GORONTALO",6,100,99,199
https://kawalpemilu.org#75370,"BULIIDE, KOTA BARAT, KOTA GORONTALO, GORONTALO",7,111,109,220
https://kawalpemilu.org#75370,"BULIIDE, KOTA BARAT, KOTA GORONTALO, GORONTALO",8,113,129,242
https://kawalpemilu.org#75371,"TENILO, KOTA BARAT, KOTA GORONTALO, GORONTALO",1,123,144,267
https://kawalpemilu.org#75371,"TENILO, KOTA BARAT, KOTA GORONTALO, GORONTALO",2,114,135,249
https://kawalpemilu.org#75371,"TENILO, KOTA BARAT, KOTA GORONTALO, GORONTALO",3,113,122,235
https://kawalpemilu.org#75371,"TENILO, KOTA BARAT, KOTA GORONTALO, GORONTALO",4,99,121,220
https://kawalpemilu.org#75371,"TENILO, KOTA BARAT, KOTA GORONTALO, GORONTALO",5,111,102,213
https://kawalpemilu.org#75371,"TENILO, KOTA BARAT, KOTA GORONTALO, GORONTALO",6,90,112,202
https://kawalpemilu.org#75371,"TENILO, KOTA BARAT, KOTA GORONTALO, GORONTALO",7,72,140,212
https://kawalpemilu.org#75371,"TENILO, KOTA BARAT, KOTA GORONTALO, GORONTALO",8,67,155,222
https://kawalpemilu.org#75372,"MOLOSIPAT  W, KOTA BARAT, KOTA GORONTALO, GORONTALO",1,77,176,253
https://kawalpemilu.org#75372,"MOLOSIPAT  W, KOTA BARAT, KOTA GORONTALO, GORONTALO",2,59,156,215
https://kawalpemilu.org#75372,"MOLOSIPAT  W, KOTA BARAT, KOTA GORONTALO, GORONTALO",4,80,170,250
https://kawalpemilu.org#75372,"MOLOSIPAT  W, KOTA BARAT, KOTA GORONTALO, GORONTALO",5,108,145,253
https://kawalpemilu.org#75372,"MOLOSIPAT  W, KOTA BARAT, KOTA GORONTALO, GORONTALO",6,69,127,196
https://kawalpemilu.org#75372,"MOLOSIPAT  W, KOTA BARAT, KOTA GORONTALO, GORONTALO",7,66,188,254
https://kawalpemilu.org#75372,"MOLOSIPAT  W, KOTA BARAT, KOTA GORONTALO, GORONTALO",8,48,145,193
https://kawalpemilu.org#75372,"MOLOSIPAT  W, KOTA BARAT, KOTA GORONTALO, GORONTALO",9,73,146,219
https://kawalpemilu.org#75373,"BULADU, KOTA BARAT, KOTA GORONTALO, GORONTALO",1,69,175,244
https://kawalpemilu.org#75373,"BULADU, KOTA BARAT, KOTA GORONTALO, GORONTALO",2,85,152,237
https://kawalpemilu.org#75373,"BULADU, KOTA BARAT, KOTA GORONTALO, GORONTALO",3,76,168,244
https://kawalpemilu.org#75373,"BULADU, KOTA BARAT, KOTA GORONTALO, GORONTALO",4,72,168,240
https://kawalpemilu.org#75373,"BULADU, KOTA BARAT, KOTA GORONTALO, GORONTALO",5,66,188,254
https://kawalpemilu.org#75373,"BULADU, KOTA BARAT, KOTA GORONTALO, GORONTALO",6,88,169,257
https://kawalpemilu.org#75373,"BULADU, KOTA BARAT, KOTA GORONTALO, GORONTALO",7,44,140,184
https://kawalpemilu.org#75373,"BULADU, KOTA BARAT, KOTA GORONTALO, GORONTALO",8,94,92,186
https://kawalpemilu.org#75373,"BULADU, KOTA BARAT, KOTA GORONTALO, GORONTALO",9,81,132,213
https://kawalpemilu.org#75373,"BULADU, KOTA BARAT, KOTA GORONTALO, GORONTALO",10,90,154,244
https://kawalpemilu.org#75373,"BULADU, KOTA BARAT, KOTA GORONTALO, GORONTALO",11,85,127,212
https://kawalpemilu.org#75375,"BIAWAO, KOTA SELATAN, KOTA GORONTALO, GORONTALO",1,155,33,188
https://kawalpemilu.org#75375,"BIAWAO, KOTA SELATAN, KOTA GORONTALO, GORONTALO",2,143,49,192
https://kawalpemilu.org#75375,"BIAWAO, KOTA SELATAN, KOTA GORONTALO, GORONTALO",3,91,105,196
https://kawalpemilu.org#75375,"BIAWAO, KOTA SELATAN, KOTA GORONTALO, GORONTALO",4,75,109,184
https://kawalpemilu.org#75375,"BIAWAO, KOTA SELATAN, KOTA GORONTALO, GORONTALO",5,78,120,198
https://kawalpemilu.org#75375,"BIAWAO, KOTA SELATAN, KOTA GORONTALO, GORONTALO",6,77,117,194
https://kawalpemilu.org#75376,"BIAWU, KOTA SELATAN, KOTA GORONTALO, GORONTALO",1,89,129,218
https://kawalpemilu.org#75376,"BIAWU, KOTA SELATAN, KOTA GORONTALO, GORONTALO",2,77,158,235
https://kawalpemilu.org#75376,"BIAWU, KOTA SELATAN, KOTA GORONTALO, GORONTALO",3,83,135,218
https://kawalpemilu.org#75376,"BIAWU, KOTA SELATAN, KOTA GORONTALO, GORONTALO",4,106,113,219
https://kawalpemilu.org#75376,"BIAWU, KOTA SELATAN, KOTA GORONTALO, GORONTALO",5,76,123,199
https://kawalpemilu.org#75376,"BIAWU, KOTA SELATAN, KOTA GORONTALO, GORONTALO",6,77,122,199
https://kawalpemilu.org#75376,"BIAWU, KOTA SELATAN, KOTA GORONTALO, GORONTALO",7,71,108,180
https://kawalpemilu.org#75376,"BIAWU, KOTA SELATAN, KOTA GORONTALO, GORONTALO",8,69,105,174
https://kawalpemilu.org#75376,"BIAWU, KOTA SELATAN, KOTA GORONTALO, GORONTALO",9,88,92,180
https://kawalpemilu.org#75376,"BIAWU, KOTA SELATAN, KOTA GORONTALO, GORONTALO",10,77,108,185
https://kawalpemilu.org#75377,"LIMBA B, KOTA SELATAN, KOTA GORONTALO, GORONTALO",1,78,134,212
https://kawalpemilu.org#75377,"LIMBA B, KOTA SELATAN, KOTA GORONTALO, GORONTALO",2,127,83,210
https://kawalpemilu.org#75377,"LIMBA B, KOTA SELATAN, KOTA GORONTALO, GORONTALO",3,65,118,183
https://kawalpemilu.org#75377,"LIMBA B, KOTA SELATAN, KOTA GORONTALO, GORONTALO",4,57,111,168
https://kawalpemilu.org#75377,"LIMBA B, KOTA SELATAN, KOTA GORONTALO, GORONTALO",5,64,116,180
https://kawalpemilu.org#75377,"LIMBA B, KOTA SELATAN, KOTA GORONTALO, GORONTALO",6,61,116,177
https://kawalpemilu.org#75377,"LIMBA B, KOTA SELATAN, KOTA GORONTALO, GORONTALO",7,58,95,153
https://kawalpemilu.org#75377,"LIMBA B, KOTA SELATAN, KOTA GORONTALO, GORONTALO",8,54,130,184
https://kawalpemilu.org#75377,"LIMBA B, KOTA SELATAN, KOTA GORONTALO, GORONTALO",9,70,136,1
https://kawalpemilu.org#75377,"LIMBA B, KOTA SELATAN, KOTA GORONTALO, GORONTALO",10,64,117,181
https://kawalpemilu.org#75377,"LIMBA B, KOTA SELATAN, KOTA GORONTALO, GORONTALO",11,66,148,214
https://kawalpemilu.org#75377,"LIMBA B, KOTA SELATAN, KOTA GORONTALO, GORONTALO",12,54,102,156
https://kawalpemilu.org#75377,"LIMBA B, KOTA SELATAN, KOTA GORONTALO, GORONTALO",13,61,125,186
https://kawalpemilu.org#75377,"LIMBA B, KOTA SELATAN, KOTA GORONTALO, GORONTALO",14,37,149,186
https://kawalpemilu.org#75377,"LIMBA B, KOTA SELATAN, KOTA GORONTALO, GORONTALO",15,61,113,174
https://kawalpemilu.org#75377,"LIMBA B, KOTA SELATAN, KOTA GORONTALO, GORONTALO",16,62,113,175
https://kawalpemilu.org#75377,"LIMBA B, KOTA SELATAN, KOTA GORONTALO, GORONTALO",17,50,140,190
https://kawalpemilu.org#75377,"LIMBA B, KOTA SELATAN, KOTA GORONTALO, GORONTALO",18,31,134,165
https://kawalpemilu.org#75377,"LIMBA B, KOTA SELATAN, KOTA GORONTALO, GORONTALO",19,40,138,178
https://kawalpemilu.org#75378,"LIMBA U I, KOTA SELATAN, KOTA GORONTALO, GORONTALO",1,66,71,137
https://kawalpemilu.org#75378,"LIMBA U I, KOTA SELATAN, KOTA GORONTALO, GORONTALO",2,55,146,201
https://kawalpemilu.org#75378,"LIMBA U I, KOTA SELATAN, KOTA GORONTALO, GORONTALO",3,87,73,160
https://kawalpemilu.org#75378,"LIMBA U I, KOTA SELATAN, KOTA GORONTALO, GORONTALO",4,115,72,187
https://kawalpemilu.org#75378,"LIMBA U I, KOTA SELATAN, KOTA GORONTALO, GORONTALO",5,77,147,224
https://kawalpemilu.org#75378,"LIMBA U I, KOTA SELATAN, KOTA GORONTALO, GORONTALO",6,100,123,223
https://kawalpemilu.org#75378,"LIMBA U I, KOTA SELATAN, KOTA GORONTALO, GORONTALO",7,84,106,190
https://kawalpemilu.org#75378,"LIMBA U I, KOTA SELATAN, KOTA GORONTALO, GORONTALO",8,62,98,160
https://kawalpemilu.org#75378,"LIMBA U I, KOTA SELATAN, KOTA GORONTALO, GORONTALO",9,85,94,179
https://kawalpemilu.org#75378,"LIMBA U I, KOTA SELATAN, KOTA GORONTALO, GORONTALO",10,72,92,164
https://kawalpemilu.org#75378,"LIMBA U I, KOTA SELATAN, KOTA GORONTALO, GORONTALO",11,94,117,211
https://kawalpemilu.org#75378,"LIMBA U I, KOTA SELATAN, KOTA GORONTALO, GORONTALO",12,45,82,127
https://kawalpemilu.org#75379,"LIMBA U II, KOTA SELATAN, KOTA GORONTALO, GORONTALO",1,139,103,242
https://kawalpemilu.org#75379,"LIMBA U II, KOTA SELATAN, KOTA GORONTALO, GORONTALO",2,77,145,222
https://kawalpemilu.org#75379,"LIMBA U II, KOTA SELATAN, KOTA GORONTALO, GORONTALO",3,67,130,197
https://kawalpemilu.org#75379,"LIMBA U II, KOTA SELATAN, KOTA GORONTALO, GORONTALO",4,71,127,198
https://kawalpemilu.org#75379,"LIMBA U II, KOTA SELATAN, KOTA GORONTALO, GORONTALO",5,72,137,209
https://kawalpemilu.org#75379,"LIMBA U II, KOTA SELATAN, KOTA GORONTALO, GORONTALO",6,87,139,226
https://kawalpemilu.org#75379,"LIMBA U II, KOTA SELATAN, KOTA GORONTALO, GORONTALO",7,66,163,229
https://kawalpemilu.org#75379,"LIMBA U II, KOTA SELATAN, KOTA GORONTALO, GORONTALO",8,82,143,225
https://kawalpemilu.org#75379,"LIMBA U II, KOTA SELATAN, KOTA GORONTALO, GORONTALO",9,88,148,236
https://kawalpemilu.org#75379,"LIMBA U II, KOTA SELATAN, KOTA GORONTALO, GORONTALO",10,54,186,240
https://kawalpemilu.org#75379,"LIMBA U II, KOTA SELATAN, KOTA GORONTALO, GORONTALO",11,45,171,216
https://kawalpemilu.org#75379,"LIMBA U II, KOTA SELATAN, KOTA GORONTALO, GORONTALO",12,51,162,213
https://kawalpemilu.org#75379,"LIMBA U II, KOTA SELATAN, KOTA GORONTALO, GORONTALO",13,69,140,209
https://kawalpemilu.org#75381,"DEMBE II, KOTA UTARA, KOTA GORONTALO, GORONTALO",1,50,158,208
https://kawalpemilu.org#75381,"DEMBE II, KOTA UTARA, KOTA GORONTALO, GORONTALO",2,60,131,191
https://kawalpemilu.org#75381,"DEMBE II, KOTA UTARA, KOTA GORONTALO, GORONTALO",3,90,86,176
https://kawalpemilu.org#75381,"DEMBE II, KOTA UTARA, KOTA GORONTALO, GORONTALO",4,91,104,195
https://kawalpemilu.org#75381,"DEMBE II, KOTA UTARA, KOTA GORONTALO, GORONTALO",5,60,138,198
https://kawalpemilu.org#75381,"DEMBE II, KOTA UTARA, KOTA GORONTALO, GORONTALO",6,64,161,225
https://kawalpemilu.org#75381,"DEMBE II, KOTA UTARA, KOTA GORONTALO, GORONTALO",7,68,138,206
https://kawalpemilu.org#75382,"WONGKADITI TIMUR, KOTA UTARA, KOTA GORONTALO, GORONTALO",1,69,121,190
https://kawalpemilu.org#75382,"WONGKADITI TIMUR, KOTA UTARA, KOTA GORONTALO, GORONTALO",2,63,113,176
https://kawalpemilu.org#75382,"WONGKADITI TIMUR, KOTA UTARA, KOTA GORONTALO, GORONTALO",3,95,134,229
https://kawalpemilu.org#75382,"WONGKADITI TIMUR, KOTA UTARA, KOTA GORONTALO, GORONTALO",4,107,104,211
https://kawalpemilu.org#75382,"WONGKADITI TIMUR, KOTA UTARA, KOTA GORONTALO, GORONTALO",5,129,105,234
https://kawalpemilu.org#75382,"WONGKADITI TIMUR, KOTA UTARA, KOTA GORONTALO, GORONTALO",6,52,150,202
https://kawalpemilu.org#75382,"WONGKADITI TIMUR, KOTA UTARA, KOTA GORONTALO, GORONTALO",7,55,60,115
https://kawalpemilu.org#75382,"WONGKADITI TIMUR, KOTA UTARA, KOTA GORONTALO, GORONTALO",8,82,78,160
https://kawalpemilu.org#75382,"WONGKADITI TIMUR, KOTA UTARA, KOTA GORONTALO, GORONTALO",9,68,160,228
https://kawalpemilu.org#75382,"WONGKADITI TIMUR, KOTA UTARA, KOTA GORONTALO, GORONTALO",10,39,112,151
https://kawalpemilu.org#75382,"WONGKADITI TIMUR, KOTA UTARA, KOTA GORONTALO, GORONTALO",11,64,105,169
https://kawalpemilu.org#75382,"WONGKADITI TIMUR, KOTA UTARA, KOTA GORONTALO, GORONTALO",12,52,70,122
https://kawalpemilu.org#75382,"WONGKADITI TIMUR, KOTA UTARA, KOTA GORONTALO, GORONTALO",13,91,132,223
https://kawalpemilu.org#75382,"WONGKADITI TIMUR, KOTA UTARA, KOTA GORONTALO, GORONTALO",14,117,99,216
https://kawalpemilu.org#75383,"WONGKADITI BARAT, KOTA UTARA, KOTA GORONTALO, GORONTALO",1,77,163,240
https://kawalpemilu.org#75383,"WONGKADITI BARAT, KOTA UTARA, KOTA GORONTALO, GORONTALO",2,0,0,0
https://kawalpemilu.org#75383,"WONGKADITI BARAT, KOTA UTARA, KOTA GORONTALO, GORONTALO",3,74,123,197
https://kawalpemilu.org#75383,"WONGKADITI BARAT, KOTA UTARA, KOTA GORONTALO, GORONTALO",4,34,161,195
https://kawalpemilu.org#75383,"WONGKADITI BARAT, KOTA UTARA, KOTA GORONTALO, GORONTALO",5,56,125,181
https://kawalpemilu.org#75383,"WONGKADITI BARAT, KOTA UTARA, KOTA GORONTALO, GORONTALO",6,71,182,253
https://kawalpemilu.org#75383,"WONGKADITI BARAT, KOTA UTARA, KOTA GORONTALO, GORONTALO",7,73,156,229
https://kawalpemilu.org#75384,"DULOMO SELATAN, KOTA UTARA, KOTA GORONTALO, GORONTALO",1,145,91,236
https://kawalpemilu.org#75384,"DULOMO SELATAN, KOTA UTARA, KOTA GORONTALO, GORONTALO",2,66,119,185
https://kawalpemilu.org#75384,"DULOMO SELATAN, KOTA UTARA, KOTA GORONTALO, GORONTALO",3,79,116,195
https://kawalpemilu.org#75384,"DULOMO SELATAN, KOTA UTARA, KOTA GORONTALO, GORONTALO",4,61,137,198
https://kawalpemilu.org#75384,"DULOMO SELATAN, KOTA UTARA, KOTA GORONTALO, GORONTALO",5,94,166,260
https://kawalpemilu.org#75384,"DULOMO SELATAN, KOTA UTARA, KOTA GORONTALO, GORONTALO",6,77,114,191
https://kawalpemilu.org#75384,"DULOMO SELATAN, KOTA UTARA, KOTA GORONTALO, GORONTALO",7,112,109,221
https://kawalpemilu.org#75384,"DULOMO SELATAN, KOTA UTARA, KOTA GORONTALO, GORONTALO",8,48,121,169
https://kawalpemilu.org#75384,"DULOMO SELATAN, KOTA UTARA, KOTA GORONTALO, GORONTALO",9,115,100,215
https://kawalpemilu.org#75384,"DULOMO SELATAN, KOTA UTARA, KOTA GORONTALO, GORONTALO",10,161,76,237
https://kawalpemilu.org#75384,"DULOMO SELATAN, KOTA UTARA, KOTA GORONTALO, GORONTALO",11,129,104,233
https://kawalpemilu.org#75384,"DULOMO SELATAN, KOTA UTARA, KOTA GORONTALO, GORONTALO",12,87,103,190
https://kawalpemilu.org#75384,"DULOMO SELATAN, KOTA UTARA, KOTA GORONTALO, GORONTALO",13,47,128,175
https://kawalpemilu.org#75385,"DULOMO UTARA, KOTA UTARA, KOTA GORONTALO, GORONTALO",1,81,170,251
https://kawalpemilu.org#75385,"DULOMO UTARA, KOTA UTARA, KOTA GORONTALO, GORONTALO",2,101,131,232
https://kawalpemilu.org#75385,"DULOMO UTARA, KOTA UTARA, KOTA GORONTALO, GORONTALO",3,76,169,245
https://kawalpemilu.org#75385,"DULOMO UTARA, KOTA UTARA, KOTA GORONTALO, GORONTALO",4,105,75,180
https://kawalpemilu.org#75385,"DULOMO UTARA, KOTA UTARA, KOTA GORONTALO, GORONTALO",5,54,94,148
https://kawalpemilu.org#75385,"DULOMO UTARA, KOTA UTARA, KOTA GORONTALO, GORONTALO",6,80,83,163
https://kawalpemilu.org#75385,"DULOMO UTARA, KOTA UTARA, KOTA GORONTALO, GORONTALO",7,102,97,199
https://kawalpemilu.org#75385,"DULOMO UTARA, KOTA UTARA, KOTA GORONTALO, GORONTALO",8,86,136,222
https://kawalpemilu.org#75385,"DULOMO UTARA, KOTA UTARA, KOTA GORONTALO, GORONTALO",9,50,97,147
https://kawalpemilu.org#75386,"DEMBE JAYA, KOTA UTARA, KOTA GORONTALO, GORONTALO",1,76,156,232
https://kawalpemilu.org#75386,"DEMBE JAYA, KOTA UTARA, KOTA GORONTALO, GORONTALO",2,76,138,214
https://kawalpemilu.org#75386,"DEMBE JAYA, KOTA UTARA, KOTA GORONTALO, GORONTALO",3,77,132,209
https://kawalpemilu.org#75386,"DEMBE JAYA, KOTA UTARA, KOTA GORONTALO, GORONTALO",4,55,140,195
https://kawalpemilu.org#75386,"DEMBE JAYA, KOTA UTARA, KOTA GORONTALO, GORONTALO",5,64,137,201
https://kawalpemilu.org#75386,"DEMBE JAYA, KOTA UTARA, KOTA GORONTALO, GORONTALO",6,48,98,146
https://kawalpemilu.org#75386,"DEMBE JAYA, KOTA UTARA, KOTA GORONTALO, GORONTALO",7,103,127,230
https://kawalpemilu.org#75386,"DEMBE JAYA, KOTA UTARA, KOTA GORONTALO, GORONTALO",8,104,156,260
https://kawalpemilu.org#75386,"DEMBE JAYA, KOTA UTARA, KOTA GORONTALO, GORONTALO",9,133,79,212
https://kawalpemilu.org#75388,"HUANGOBOTU, DUNGINGI, KOTA GORONTALO, GORONTALO",1,91,141,232
https://kawalpemilu.org#75388,"HUANGOBOTU, DUNGINGI, KOTA GORONTALO, GORONTALO",2,89,137,226
https://kawalpemilu.org#75388,"HUANGOBOTU, DUNGINGI, KOTA GORONTALO, GORONTALO",3,105,138,243
https://kawalpemilu.org#75388,"HUANGOBOTU, DUNGINGI, KOTA GORONTALO, GORONTALO",4,74,149,223
https://kawalpemilu.org#75388,"HUANGOBOTU, DUNGINGI, KOTA GORONTALO, GORONTALO",5,75,131,206
https://kawalpemilu.org#75388,"HUANGOBOTU, DUNGINGI, KOTA GORONTALO, GORONTALO",6,91,161,252
https://kawalpemilu.org#75388,"HUANGOBOTU, DUNGINGI, KOTA GORONTALO, GORONTALO",7,62,162,224
https://kawalpemilu.org#75388,"HUANGOBOTU, DUNGINGI, KOTA GORONTALO, GORONTALO",8,57,187,244
https://kawalpemilu.org#75388,"HUANGOBOTU, DUNGINGI, KOTA GORONTALO, GORONTALO",9,64,154,218
https://kawalpemilu.org#75388,"HUANGOBOTU, DUNGINGI, KOTA GORONTALO, GORONTALO",10,54,162,216
https://kawalpemilu.org#75388,"HUANGOBOTU, DUNGINGI, KOTA GORONTALO, GORONTALO",11,84,111,195
https://kawalpemilu.org#75388,"HUANGOBOTU, DUNGINGI, KOTA GORONTALO, GORONTALO",12,81,118,199
https://kawalpemilu.org#75388,"HUANGOBOTU, DUNGINGI, KOTA GORONTALO, GORONTALO",13,81,105,186
https://kawalpemilu.org#75388,"HUANGOBOTU, DUNGINGI, KOTA GORONTALO, GORONTALO",14,73,86,159
https://kawalpemilu.org#75388,"HUANGOBOTU, DUNGINGI, KOTA GORONTALO, GORONTALO",15,106,111,217
https://kawalpemilu.org#75388,"HUANGOBOTU, DUNGINGI, KOTA GORONTALO, GORONTALO",16,83,109,192
https://kawalpemilu.org#75388,"HUANGOBOTU, DUNGINGI, KOTA GORONTALO, GORONTALO",17,86,84,170
https://kawalpemilu.org#75388,"HUANGOBOTU, DUNGINGI, KOTA GORONTALO, GORONTALO",18,76,96,172
https://kawalpemilu.org#75388,"HUANGOBOTU, DUNGINGI, KOTA GORONTALO, GORONTALO",19,95,161,256
https://kawalpemilu.org#75388,"HUANGOBOTU, DUNGINGI, KOTA GORONTALO, GORONTALO",20,129,105,234
https://kawalpemilu.org#75388,"HUANGOBOTU, DUNGINGI, KOTA GORONTALO, GORONTALO",21,104,131,235
https://kawalpemilu.org#75388,"HUANGOBOTU, DUNGINGI, KOTA GORONTALO, GORONTALO",22,126,102,228
https://kawalpemilu.org#75389,"LIBUO, DUNGINGI, KOTA GORONTALO, GORONTALO",1,73,176,249
https://kawalpemilu.org#75389,"LIBUO, DUNGINGI, KOTA GORONTALO, GORONTALO",2,76,187,263
https://kawalpemilu.org#75389,"LIBUO, DUNGINGI, KOTA GORONTALO, GORONTALO",3,99,159,258
https://kawalpemilu.org#75389,"LIBUO, DUNGINGI, KOTA GORONTALO, GORONTALO",4,92,149,241
https://kawalpemilu.org#75389,"LIBUO, DUNGINGI, KOTA GORONTALO, GORONTALO",5,71,144,215
https://kawalpemilu.org#75389,"LIBUO, DUNGINGI, KOTA GORONTALO, GORONTALO",6,61,162,223
https://kawalpemilu.org#75389,"LIBUO, DUNGINGI, KOTA GORONTALO, GORONTALO",7,73,147,220
https://kawalpemilu.org#75389,"LIBUO, DUNGINGI, KOTA GORONTALO, GORONTALO",8,81,136,217
https://kawalpemilu.org#75389,"LIBUO, DUNGINGI, KOTA GORONTALO, GORONTALO",9,92,102,194
https://kawalpemilu.org#75389,"LIBUO, DUNGINGI, KOTA GORONTALO, GORONTALO",10,85,177,262
https://kawalpemilu.org#75389,"LIBUO, DUNGINGI, KOTA GORONTALO, GORONTALO",11,107,152,259
https://kawalpemilu.org#75389,"LIBUO, DUNGINGI, KOTA GORONTALO, GORONTALO",12,107,117,224
https://kawalpemilu.org#75389,"LIBUO, DUNGINGI, KOTA GORONTALO, GORONTALO",13,76,136,212
https://kawalpemilu.org#75389,"LIBUO, DUNGINGI, KOTA GORONTALO, GORONTALO",14,88,138,226
https://kawalpemilu.org#75390,"TOMULABUTAO, DUNGINGI, KOTA GORONTALO, GORONTALO",1,98,157,255
https://kawalpemilu.org#75390,"TOMULABUTAO, DUNGINGI, KOTA GORONTALO, GORONTALO",2,85,145,230
https://kawalpemilu.org#75390,"TOMULABUTAO, DUNGINGI, KOTA GORONTALO, GORONTALO",3,102,155,257
https://kawalpemilu.org#75390,"TOMULABUTAO, DUNGINGI, KOTA GORONTALO, GORONTALO",4,119,129,248
https://kawalpemilu.org#75390,"TOMULABUTAO, DUNGINGI, KOTA GORONTALO, GORONTALO",5,77,121,198
https://kawalpemilu.org#75390,"TOMULABUTAO, DUNGINGI, KOTA GORONTALO, GORONTALO",6,76,149,225
https://kawalpemilu.org#75390,"TOMULABUTAO, DUNGINGI, KOTA GORONTALO, GORONTALO",7,107,91,198
https://kawalpemilu.org#75390,"TOMULABUTAO, DUNGINGI, KOTA GORONTALO, GORONTALO",8,87,137,224
https://kawalpemilu.org#75391,"TULADENGGI, DUNGINGI, KOTA GORONTALO, GORONTALO",1,91,128,219
https://kawalpemilu.org#75391,"TULADENGGI, DUNGINGI, KOTA GORONTALO, GORONTALO",2,78,143,221
https://kawalpemilu.org#75391,"TULADENGGI, DUNGINGI, KOTA GORONTALO, GORONTALO",3,100,118,218
https://kawalpemilu.org#75391,"TULADENGGI, DUNGINGI, KOTA GORONTALO, GORONTALO",4,95,97,192
https://kawalpemilu.org#75391,"TULADENGGI, DUNGINGI, KOTA GORONTALO, GORONTALO",5,112,149,261
https://kawalpemilu.org#75391,"TULADENGGI, DUNGINGI, KOTA GORONTALO, GORONTALO",6,91,141,232
https://kawalpemilu.org#75391,"TULADENGGI, DUNGINGI, KOTA GORONTALO, GORONTALO",7,77,151,228
https://kawalpemilu.org#75391,"TULADENGGI, DUNGINGI, KOTA GORONTALO, GORONTALO",8,111,132,243
https://kawalpemilu.org#75392,"TOMULABUTAO SELATAN, DUNGINGI, KOTA GORONTALO, GORONTALO",1,92,141,233
https://kawalpemilu.org#75392,"TOMULABUTAO SELATAN, DUNGINGI, KOTA GORONTALO, GORONTALO",2,85,163,248
https://kawalpemilu.org#75392,"TOMULABUTAO SELATAN, DUNGINGI, KOTA GORONTALO, GORONTALO",3,47,125,172
https://kawalpemilu.org#75392,"TOMULABUTAO SELATAN, DUNGINGI, KOTA GORONTALO, GORONTALO",4,69,135,204
https://kawalpemilu.org#75392,"TOMULABUTAO SELATAN, DUNGINGI, KOTA GORONTALO, GORONTALO",5,80,138,218
https://kawalpemilu.org#75392,"TOMULABUTAO SELATAN, DUNGINGI, KOTA GORONTALO, GORONTALO",6,95,144,239
https://kawalpemilu.org#75392,"TOMULABUTAO SELATAN, DUNGINGI, KOTA GORONTALO, GORONTALO",7,73,159,232
https://kawalpemilu.org#75392,"TOMULABUTAO SELATAN, DUNGINGI, KOTA GORONTALO, GORONTALO",8,99,132,231
https://kawalpemilu.org#75392,"TOMULABUTAO SELATAN, DUNGINGI, KOTA GORONTALO, GORONTALO",9,86,138,224
https://kawalpemilu.org#75392,"TOMULABUTAO SELATAN, DUNGINGI, KOTA GORONTALO, GORONTALO",10,107,138,245
https://kawalpemilu.org#75392,"TOMULABUTAO SELATAN, DUNGINGI, KOTA GORONTALO, GORONTALO",11,97,148,245
https://kawalpemilu.org#75392,"TOMULABUTAO SELATAN, DUNGINGI, KOTA GORONTALO, GORONTALO",12,72,142,214
https://kawalpemilu.org#75392,"TOMULABUTAO SELATAN, DUNGINGI, KOTA GORONTALO, GORONTALO",13,61,117,178
https://kawalpemilu.org#75394,"HELEDULAA UTARA, KOTA TIMUR, KOTA GORONTALO, GORONTALO",1,83,146,229
https://kawalpemilu.org#75394,"HELEDULAA UTARA, KOTA TIMUR, KOTA GORONTALO, GORONTALO",2,81,121,202
https://kawalpemilu.org#75394,"HELEDULAA UTARA, KOTA TIMUR, KOTA GORONTALO, GORONTALO",3,66,81,147
https://kawalpemilu.org#75394,"HELEDULAA UTARA, KOTA TIMUR, KOTA GORONTALO, GORONTALO",4,119,132,251
https://kawalpemilu.org#75394,"HELEDULAA UTARA, KOTA TIMUR, KOTA GORONTALO, GORONTALO",5,92,117,209
https://kawalpemilu.org#75394,"HELEDULAA UTARA, KOTA TIMUR, KOTA GORONTALO, GORONTALO",6,81,102,183
https://kawalpemilu.org#75394,"HELEDULAA UTARA, KOTA TIMUR, KOTA GORONTALO, GORONTALO",7,80,153,233
https://kawalpemilu.org#75394,"HELEDULAA UTARA, KOTA TIMUR, KOTA GORONTALO, GORONTALO",8,73,125,198
https://kawalpemilu.org#75394,"HELEDULAA UTARA, KOTA TIMUR, KOTA GORONTALO, GORONTALO",9,74,133,207
https://kawalpemilu.org#75394,"HELEDULAA UTARA, KOTA TIMUR, KOTA GORONTALO, GORONTALO",10,76,154,230
https://kawalpemilu.org#75394,"HELEDULAA UTARA, KOTA TIMUR, KOTA GORONTALO, GORONTALO",11,69,152,221
https://kawalpemilu.org#75394,"HELEDULAA UTARA, KOTA TIMUR, KOTA GORONTALO, GORONTALO",12,65,95,160
https://kawalpemilu.org#75394,"HELEDULAA UTARA, KOTA TIMUR, KOTA GORONTALO, GORONTALO",13,62,114,176
https://kawalpemilu.org#75394,"HELEDULAA UTARA, KOTA TIMUR, KOTA GORONTALO, GORONTALO",14,65,150,215
https://kawalpemilu.org#75394,"HELEDULAA UTARA, KOTA TIMUR, KOTA GORONTALO, GORONTALO",15,58,184,242
https://kawalpemilu.org#75395,"HELEDULAA SELATAN, KOTA TIMUR, KOTA GORONTALO, GORONTALO",1,71,103,174
https://kawalpemilu.org#75395,"HELEDULAA SELATAN, KOTA TIMUR, KOTA GORONTALO, GORONTALO",2,107,74,181
https://kawalpemilu.org#75395,"HELEDULAA SELATAN, KOTA TIMUR, KOTA GORONTALO, GORONTALO",3,65,167,232
https://kawalpemilu.org#75395,"HELEDULAA SELATAN, KOTA TIMUR, KOTA GORONTALO, GORONTALO",4,71,137,208
https://kawalpemilu.org#75395,"HELEDULAA SELATAN, KOTA TIMUR, KOTA GORONTALO, GORONTALO",5,96,134,230
https://kawalpemilu.org#75395,"HELEDULAA SELATAN, KOTA TIMUR, KOTA GORONTALO, GORONTALO",6,79,144,223
https://kawalpemilu.org#75395,"HELEDULAA SELATAN, KOTA TIMUR, KOTA GORONTALO, GORONTALO",7,107,123,230
https://kawalpemilu.org#75395,"HELEDULAA SELATAN, KOTA TIMUR, KOTA GORONTALO, GORONTALO",8,105,140,245
https://kawalpemilu.org#75396,"IPILO, KOTA TIMUR, KOTA GORONTALO, GORONTALO",1,68,175,243
https://kawalpemilu.org#75396,"IPILO, KOTA TIMUR, KOTA GORONTALO, GORONTALO",2,85,154,239
https://kawalpemilu.org#75396,"IPILO, KOTA TIMUR, KOTA GORONTALO, GORONTALO",3,51,166,217
https://kawalpemilu.org#75396,"IPILO, KOTA TIMUR, KOTA GORONTALO, GORONTALO",4,92,159,251
https://kawalpemilu.org#75396,"IPILO, KOTA TIMUR, KOTA GORONTALO, GORONTALO",5,88,160,248
https://kawalpemilu.org#75396,"IPILO, KOTA TIMUR, KOTA GORONTALO, GORONTALO",6,113,117,230
https://kawalpemilu.org#75396,"IPILO, KOTA TIMUR, KOTA GORONTALO, GORONTALO",7,82,137,219
https://kawalpemilu.org#75396,"IPILO, KOTA TIMUR, KOTA GORONTALO, GORONTALO",8,77,157,234
https://kawalpemilu.org#75396,"IPILO, KOTA TIMUR, KOTA GORONTALO, GORONTALO",9,103,148,251
https://kawalpemilu.org#75396,"IPILO, KOTA TIMUR, KOTA GORONTALO, GORONTALO",10,75,194,269
https://kawalpemilu.org#75396,"IPILO, KOTA TIMUR, KOTA GORONTALO, GORONTALO",11,113,148,261
https://kawalpemilu.org#75396,"IPILO, KOTA TIMUR, KOTA GORONTALO, GORONTALO",12,81,163,244
https://kawalpemilu.org#75396,"IPILO, KOTA TIMUR, KOTA GORONTALO, GORONTALO",13,84,159,243
https://kawalpemilu.org#75396,"IPILO, KOTA TIMUR, KOTA GORONTALO, GORONTALO",14,86,173,259
https://kawalpemilu.org#75396,"IPILO, KOTA TIMUR, KOTA GORONTALO, GORONTALO",15,106,165,271
https://kawalpemilu.org#75397,"MOODU, KOTA TIMUR, KOTA GORONTALO, GORONTALO",1,81,130,211
https://kawalpemilu.org#75397,"MOODU, KOTA TIMUR, KOTA GORONTALO, GORONTALO",2,62,141,203
https://kawalpemilu.org#75397,"MOODU, KOTA TIMUR, KOTA GORONTALO, GORONTALO",3,72,136,208
https://kawalpemilu.org#75397,"MOODU, KOTA TIMUR, KOTA GORONTALO, GORONTALO",4,97,109,206
https://kawalpemilu.org#75397,"MOODU, KOTA TIMUR, KOTA GORONTALO, GORONTALO",5,76,142,218
https://kawalpemilu.org#75397,"MOODU, KOTA TIMUR, KOTA GORONTALO, GORONTALO",6,76,125,201
https://kawalpemilu.org#75397,"MOODU, KOTA TIMUR, KOTA GORONTALO, GORONTALO",7,75,134,209
https://kawalpemilu.org#75397,"MOODU, KOTA TIMUR, KOTA GORONTALO, GORONTALO",8,62,135,197
https://kawalpemilu.org#75397,"MOODU, KOTA TIMUR, KOTA GORONTALO, GORONTALO",9,58,149,207
https://kawalpemilu.org#75397,"MOODU, KOTA TIMUR, KOTA GORONTALO, GORONTALO",10,60,141,201
https://kawalpemilu.org#75397,"MOODU, KOTA TIMUR, KOTA GORONTALO, GORONTALO",11,87,119,206
https://kawalpemilu.org#75397,"MOODU, KOTA TIMUR, KOTA GORONTALO, GORONTALO",13,80,133,213
https://kawalpemilu.org#75398,"PADEBUOLO, KOTA TIMUR, KOTA GORONTALO, GORONTALO",1,50,155,205
https://kawalpemilu.org#75398,"PADEBUOLO, KOTA TIMUR, KOTA GORONTALO, GORONTALO",3,51,175,226
https://kawalpemilu.org#75398,"PADEBUOLO, KOTA TIMUR, KOTA GORONTALO, GORONTALO",4,66,177,243
https://kawalpemilu.org#75398,"PADEBUOLO, KOTA TIMUR, KOTA GORONTALO, GORONTALO",5,70,167,237
https://kawalpemilu.org#75398,"PADEBUOLO, KOTA TIMUR, KOTA GORONTALO, GORONTALO",6,97,139,236
https://kawalpemilu.org#75398,"PADEBUOLO, KOTA TIMUR, KOTA GORONTALO, GORONTALO",7,82,153,235
https://kawalpemilu.org#75398,"PADEBUOLO, KOTA TIMUR, KOTA GORONTALO, GORONTALO",8,100,146,246
https://kawalpemilu.org#75398,"PADEBUOLO, KOTA TIMUR, KOTA GORONTALO, GORONTALO",9,98,136,234
https://kawalpemilu.org#75398,"PADEBUOLO, KOTA TIMUR, KOTA GORONTALO, GORONTALO",10,64,180,244
https://kawalpemilu.org#75398,"PADEBUOLO, KOTA TIMUR, KOTA GORONTALO, GORONTALO",11,72,163,235
https://kawalpemilu.org#75398,"PADEBUOLO, KOTA TIMUR, KOTA GORONTALO, GORONTALO",12,86,160,246
https://kawalpemilu.org#75399,"TAMALATE, KOTA TIMUR, KOTA GORONTALO, GORONTALO",1,57,174,231
https://kawalpemilu.org#75399,"TAMALATE, KOTA TIMUR, KOTA GORONTALO, GORONTALO",2,70,188,258
https://kawalpemilu.org#75399,"TAMALATE, KOTA TIMUR, KOTA GORONTALO, GORONTALO",3,52,129,181
https://kawalpemilu.org#75399,"TAMALATE, KOTA TIMUR, KOTA GORONTALO, GORONTALO",4,45,128,173
https://kawalpemilu.org#75399,"TAMALATE, KOTA TIMUR, KOTA GORONTALO, GORONTALO",5,67,157,224
https://kawalpemilu.org#75399,"TAMALATE, KOTA TIMUR, KOTA GORONTALO, GORONTALO",6,72,182,254
https://kawalpemilu.org#75399,"TAMALATE, KOTA TIMUR, KOTA GORONTALO, GORONTALO",7,67,148,215
https://kawalpemilu.org#75399,"TAMALATE, KOTA TIMUR, KOTA GORONTALO, GORONTALO",8,69,115,184
https://kawalpemilu.org#75399,"TAMALATE, KOTA TIMUR, KOTA GORONTALO, GORONTALO",9,60,139,199
https://kawalpemilu.org#75399,"TAMALATE, KOTA TIMUR, KOTA GORONTALO, GORONTALO",10,80,165,245
https://kawalpemilu.org#75401,"WUMIALO, KOTA TENGAH, KOTA GORONTALO, GORONTALO",1,44,139,183
https://kawalpemilu.org#75401,"WUMIALO, KOTA TENGAH, KOTA GORONTALO, GORONTALO",2,41,103,144
https://kawalpemilu.org#75401,"WUMIALO, KOTA TENGAH, KOTA GORONTALO, GORONTALO",3,56,170,226
https://kawalpemilu.org#75401,"WUMIALO, KOTA TENGAH, KOTA GORONTALO, GORONTALO",4,68,154,222
https://kawalpemilu.org#75401,"WUMIALO, KOTA TENGAH, KOTA GORONTALO, GORONTALO",5,70,137,207
https://kawalpemilu.org#75401,"WUMIALO, KOTA TENGAH, KOTA GORONTALO, GORONTALO",6,86,137,223
https://kawalpemilu.org#75401,"WUMIALO, KOTA TENGAH, KOTA GORONTALO, GORONTALO",7,88,135,223
https://kawalpemilu.org#75401,"WUMIALO, KOTA TENGAH, KOTA GORONTALO, GORONTALO",8,88,126,214
https://kawalpemilu.org#75401,"WUMIALO, KOTA TENGAH, KOTA GORONTALO, GORONTALO",9,79,135,214
https://kawalpemilu.org#75401,"WUMIALO, KOTA TENGAH, KOTA GORONTALO, GORONTALO",10,92,120,212
https://kawalpemilu.org#75401,"WUMIALO, KOTA TENGAH, KOTA GORONTALO, GORONTALO",11,85,134,219
https://kawalpemilu.org#75401,"WUMIALO, KOTA TENGAH, KOTA GORONTALO, GORONTALO",12,71,122,193
https://kawalpemilu.org#75401,"WUMIALO, KOTA TENGAH, KOTA GORONTALO, GORONTALO",13,106,110,216
https://kawalpemilu.org#75401,"WUMIALO, KOTA TENGAH, KOTA GORONTALO, GORONTALO",14,88,138,226
https://kawalpemilu.org#75402,"DULALOWO, KOTA TENGAH, KOTA GORONTALO, GORONTALO",1,59,136,195
https://kawalpemilu.org#75402,"DULALOWO, KOTA TENGAH, KOTA GORONTALO, GORONTALO",2,86,89,175
https://kawalpemilu.org#75402,"DULALOWO, KOTA TENGAH, KOTA GORONTALO, GORONTALO",3,82,120,202
https://kawalpemilu.org#75402,"DULALOWO, KOTA TENGAH, KOTA GORONTALO, GORONTALO",4,61,112,173
https://kawalpemilu.org#75402,"DULALOWO, KOTA TENGAH, KOTA GORONTALO, GORONTALO",5,83,159,242
https://kawalpemilu.org#75402,"DULALOWO, KOTA TENGAH, KOTA GORONTALO, GORONTALO",6,78,161,239
https://kawalpemilu.org#75402,"DULALOWO, KOTA TENGAH, KOTA GORONTALO, GORONTALO",7,52,140,192
https://kawalpemilu.org#75402,"DULALOWO, KOTA TENGAH, KOTA GORONTALO, GORONTALO",8,108,127,235
https://kawalpemilu.org#75402,"DULALOWO, KOTA TENGAH, KOTA GORONTALO, GORONTALO",9,73,139,212
https://kawalpemilu.org#75402,"DULALOWO, KOTA TENGAH, KOTA GORONTALO, GORONTALO",10,68,156,224
https://kawalpemilu.org#75403,"LILUWO, KOTA TENGAH, KOTA GORONTALO, GORONTALO",1,83,158,241
https://kawalpemilu.org#75403,"LILUWO, KOTA TENGAH, KOTA GORONTALO, GORONTALO",2,62,172,234
https://kawalpemilu.org#75403,"LILUWO, KOTA TENGAH, KOTA GORONTALO, GORONTALO",3,78,171,249
https://kawalpemilu.org#75403,"LILUWO, KOTA TENGAH, KOTA GORONTALO, GORONTALO",4,119,143,262
https://kawalpemilu.org#75403,"LILUWO, KOTA TENGAH, KOTA GORONTALO, GORONTALO",5,137,123,260
https://kawalpemilu.org#75403,"LILUWO, KOTA TENGAH, KOTA GORONTALO, GORONTALO",6,117,115,232
https://kawalpemilu.org#75403,"LILUWO, KOTA TENGAH, KOTA GORONTALO, GORONTALO",7,85,160,245
https://kawalpemilu.org#75403,"LILUWO, KOTA TENGAH, KOTA GORONTALO, GORONTALO",8,74,167,241
https://kawalpemilu.org#75403,"LILUWO, KOTA TENGAH, KOTA GORONTALO, GORONTALO",9,89,140,229
https://kawalpemilu.org#75403,"LILUWO, KOTA TENGAH, KOTA GORONTALO, GORONTALO",10,68,140,208
https://kawalpemilu.org#75403,"LILUWO, KOTA TENGAH, KOTA GORONTALO, GORONTALO",11,90,95,185
https://kawalpemilu.org#75403,"LILUWO, KOTA TENGAH, KOTA GORONTALO, GORONTALO",12,66,137,203
https://kawalpemilu.org#75403,"LILUWO, KOTA TENGAH, KOTA GORONTALO, GORONTALO",13,63,164,227
https://kawalpemilu.org#75404,"PULUBALA, KOTA TENGAH, KOTA GORONTALO, GORONTALO",1,89,124,213
https://kawalpemilu.org#75404,"PULUBALA, KOTA TENGAH, KOTA GORONTALO, GORONTALO",2,83,118,201
https://kawalpemilu.org#75404,"PULUBALA, KOTA TENGAH, KOTA GORONTALO, GORONTALO",3,68,104,167
https://kawalpemilu.org#75404,"PULUBALA, KOTA TENGAH, KOTA GORONTALO, GORONTALO",4,66,118,184
https://kawalpemilu.org#75404,"PULUBALA, KOTA TENGAH, KOTA GORONTALO, GORONTALO",5,80,130,210
https://kawalpemilu.org#75404,"PULUBALA, KOTA TENGAH, KOTA GORONTALO, GORONTALO",6,66,143,209
https://kawalpemilu.org#75404,"PULUBALA, KOTA TENGAH, KOTA GORONTALO, GORONTALO",7,97,126,223
https://kawalpemilu.org#75404,"PULUBALA, KOTA TENGAH, KOTA GORONTALO, GORONTALO",8,69,141,210
https://kawalpemilu.org#75404,"PULUBALA, KOTA TENGAH, KOTA GORONTALO, GORONTALO",9,101,131,232
https://kawalpemilu.org#75404,"PULUBALA, KOTA TENGAH, KOTA GORONTALO, GORONTALO",10,87,149,236
https://kawalpemilu.org#75404,"PULUBALA, KOTA TENGAH, KOTA GORONTALO, GORONTALO",11,82,128,210
https://kawalpemilu.org#75404,"PULUBALA, KOTA TENGAH, KOTA GORONTALO, GORONTALO",12,72,137,209
https://kawalpemilu.org#75404,"PULUBALA, KOTA TENGAH, KOTA GORONTALO, GORONTALO",13,90,114,204
https://kawalpemilu.org#75404,"PULUBALA, KOTA TENGAH, KOTA GORONTALO, GORONTALO",14,94,144,238
https://kawalpemilu.org#75404,"PULUBALA, KOTA TENGAH, KOTA GORONTALO, GORONTALO",15,93,132,225
https://kawalpemilu.org#75405,"PAGUYAMAN, KOTA TENGAH, KOTA GORONTALO, GORONTALO",1,83,115,198
https://kawalpemilu.org#75405,"PAGUYAMAN, KOTA TENGAH, KOTA GORONTALO, GORONTALO",2,71,105,176
https://kawalpemilu.org#75405,"PAGUYAMAN, KOTA TENGAH, KOTA GORONTALO, GORONTALO",3,65,135,200
https://kawalpemilu.org#75405,"PAGUYAMAN, KOTA TENGAH, KOTA GORONTALO, GORONTALO",4,74,145,219
https://kawalpemilu.org#75405,"PAGUYAMAN, KOTA TENGAH, KOTA GORONTALO, GORONTALO",5,85,134,219
https://kawalpemilu.org#75405,"PAGUYAMAN, KOTA TENGAH, KOTA GORONTALO, GORONTALO",6,76,137,213
https://kawalpemilu.org#75405,"PAGUYAMAN, KOTA TENGAH, KOTA GORONTALO, GORONTALO",7,101,137,238
https://kawalpemilu.org#75405,"PAGUYAMAN, KOTA TENGAH, KOTA GORONTALO, GORONTALO",8,98,134,232
https://kawalpemilu.org#75406,"DULALOWO TIMUR, KOTA TENGAH, KOTA GORONTALO, GORONTALO",1,63,177,240
https://kawalpemilu.org#75406,"DULALOWO TIMUR, KOTA TENGAH, KOTA GORONTALO, GORONTALO",2,92,130,222
https://kawalpemilu.org#75406,"DULALOWO TIMUR, KOTA TENGAH, KOTA GORONTALO, GORONTALO",3,71,160,231
https://kawalpemilu.org#75406,"DULALOWO TIMUR, KOTA TENGAH, KOTA GORONTALO, GORONTALO",4,78,157,235
https://kawalpemilu.org#75406,"DULALOWO TIMUR, KOTA TENGAH, KOTA GORONTALO, GORONTALO",5,68,164,232
https://kawalpemilu.org#75406,"DULALOWO TIMUR, KOTA TENGAH, KOTA GORONTALO, GORONTALO",6,99,137,236
https://kawalpemilu.org#75406,"DULALOWO TIMUR, KOTA TENGAH, KOTA GORONTALO, GORONTALO",7,94,140,234
https://kawalpemilu.org#75406,"DULALOWO TIMUR, KOTA TENGAH, KOTA GORONTALO, GORONTALO",8,83,142,225
https://kawalpemilu.org#75406,"DULALOWO TIMUR, KOTA TENGAH, KOTA GORONTALO, GORONTALO",9,100,146,246
https://kawalpemilu.org#75406,"DULALOWO TIMUR, KOTA TENGAH, KOTA GORONTALO, GORONTALO",10,78,117,195
https://kawalpemilu.org#75406,"DULALOWO TIMUR, KOTA TENGAH, KOTA GORONTALO, GORONTALO",11,48,115,163
https://kawalpemilu.org#75408,"TANGGIKIKI, SIPATANA, KOTA GORONTALO, GORONTALO",1,111,120,231
https://kawalpemilu.org#75408,"TANGGIKIKI, SIPATANA, KOTA GORONTALO, GORONTALO",2,85,116,201
https://kawalpemilu.org#75408,"TANGGIKIKI, SIPATANA, KOTA GORONTALO, GORONTALO",3,84,136,220
https://kawalpemilu.org#75408,"TANGGIKIKI, SIPATANA, KOTA GORONTALO, GORONTALO",4,90,139,229
https://kawalpemilu.org#75408,"TANGGIKIKI, SIPATANA, KOTA GORONTALO, GORONTALO",5,71,147,218
https://kawalpemilu.org#75408,"TANGGIKIKI, SIPATANA, KOTA GORONTALO, GORONTALO",6,105,118,223
https://kawalpemilu.org#75408,"TANGGIKIKI, SIPATANA, KOTA GORONTALO, GORONTALO",7,110,109,219
https://kawalpemilu.org#75409,"TAPA, SIPATANA, KOTA GORONTALO, GORONTALO",1,110,121,231
https://kawalpemilu.org#75409,"TAPA, SIPATANA, KOTA GORONTALO, GORONTALO",2,106,111,217
https://kawalpemilu.org#75409,"TAPA, SIPATANA, KOTA GORONTALO, GORONTALO",3,82,141,223
https://kawalpemilu.org#75409,"TAPA, SIPATANA, KOTA GORONTALO, GORONTALO",4,92,135,227
https://kawalpemilu.org#75409,"TAPA, SIPATANA, KOTA GORONTALO, GORONTALO",5,132,103,235
https://kawalpemilu.org#75409,"TAPA, SIPATANA, KOTA GORONTALO, GORONTALO",6,127,94,221
https://kawalpemilu.org#75409,"TAPA, SIPATANA, KOTA GORONTALO, GORONTALO",7,99,123,222
https://kawalpemilu.org#75409,"TAPA, SIPATANA, KOTA GORONTALO, GORONTALO",8,108,121,229
https://kawalpemilu.org#75409,"TAPA, SIPATANA, KOTA GORONTALO, GORONTALO",9,76,150,226
https://kawalpemilu.org#75409,"TAPA, SIPATANA, KOTA GORONTALO, GORONTALO",10,81,147,228
https://kawalpemilu.org#75409,"TAPA, SIPATANA, KOTA GORONTALO, GORONTALO",11,78,161,239
https://kawalpemilu.org#75409,"TAPA, SIPATANA, KOTA GORONTALO, GORONTALO",12,72,120,192
https://kawalpemilu.org#75410,"BULOTADAA BARAT, SIPATANA, KOTA GORONTALO, GORONTALO",1,67,158,225
https://kawalpemilu.org#75410,"BULOTADAA BARAT, SIPATANA, KOTA GORONTALO, GORONTALO",2,56,156,212
https://kawalpemilu.org#75410,"BULOTADAA BARAT, SIPATANA, KOTA GORONTALO, GORONTALO",3,70,153,223
https://kawalpemilu.org#75410,"BULOTADAA BARAT, SIPATANA, KOTA GORONTALO, GORONTALO",4,114,104,218
https://kawalpemilu.org#75410,"BULOTADAA BARAT, SIPATANA, KOTA GORONTALO, GORONTALO",5,69,150,219
https://kawalpemilu.org#75410,"BULOTADAA BARAT, SIPATANA, KOTA GORONTALO, GORONTALO",6,101,137,238
https://kawalpemilu.org#75410,"BULOTADAA BARAT, SIPATANA, KOTA GORONTALO, GORONTALO",7,107,134,241
https://kawalpemilu.org#75410,"BULOTADAA BARAT, SIPATANA, KOTA GORONTALO, GORONTALO",8,70,132,202
https://kawalpemilu.org#75410,"BULOTADAA BARAT, SIPATANA, KOTA GORONTALO, GORONTALO",9,72,145,217
https://kawalpemilu.org#75410,"BULOTADAA BARAT, SIPATANA, KOTA GORONTALO, GORONTALO",10,60,135,195
https://kawalpemilu.org#75410,"BULOTADAA BARAT, SIPATANA, KOTA GORONTALO, GORONTALO",11,81,120,201
https://kawalpemilu.org#75410,"BULOTADAA BARAT, SIPATANA, KOTA GORONTALO, GORONTALO",12,98,147,245
https://kawalpemilu.org#75410,"BULOTADAA BARAT, SIPATANA, KOTA GORONTALO, GORONTALO",13,148,71,219
https://kawalpemilu.org#75411,"BULOTADAA TIMUR, SIPATANA, KOTA GORONTALO, GORONTALO",1,130,110,240
https://kawalpemilu.org#75411,"BULOTADAA TIMUR, SIPATANA, KOTA GORONTALO, GORONTALO",2,90,120,210
https://kawalpemilu.org#75411,"BULOTADAA TIMUR, SIPATANA, KOTA GORONTALO, GORONTALO",3,94,149,243
https://kawalpemilu.org#75411,"BULOTADAA TIMUR, SIPATANA, KOTA GORONTALO, GORONTALO",4,98,129,227
https://kawalpemilu.org#75411,"BULOTADAA TIMUR, SIPATANA, KOTA GORONTALO, GORONTALO",5,81,105,186
https://kawalpemilu.org#75411,"BULOTADAA TIMUR, SIPATANA, KOTA GORONTALO, GORONTALO",6,84,121,205
https://kawalpemilu.org#75411,"BULOTADAA TIMUR, SIPATANA, KOTA GORONTALO, GORONTALO",7,96,141,237
https://kawalpemilu.org#75411,"BULOTADAA TIMUR, SIPATANA, KOTA GORONTALO, GORONTALO",8,80,119,199
https://kawalpemilu.org#75411,"BULOTADAA TIMUR, SIPATANA, KOTA GORONTALO, GORONTALO",9,79,125,204
https://kawalpemilu.org#75412,"MOLOSIPAT U, SIPATANA, KOTA GORONTALO, GORONTALO",1,87,142,229
https://kawalpemilu.org#75412,"MOLOSIPAT U, SIPATANA, KOTA GORONTALO, GORONTALO",2,111,124,235
https://kawalpemilu.org#75412,"MOLOSIPAT U, SIPATANA, KOTA GORONTALO, GORONTALO",3,107,103,210
https://kawalpemilu.org#75412,"MOLOSIPAT U, SIPATANA, KOTA GORONTALO, GORONTALO",4,68,78,146
https://kawalpemilu.org#75412,"MOLOSIPAT U, SIPATANA, KOTA GORONTALO, GORONTALO",5,100,111,211
https://kawalpemilu.org#75412,"MOLOSIPAT U, SIPATANA, KOTA GORONTALO, GORONTALO",6,124,97,221
https://kawalpemilu.org#75412,"MOLOSIPAT U, SIPATANA, KOTA GORONTALO, GORONTALO",7,99,124,223
https://kawalpemilu.org#75412,"MOLOSIPAT U, SIPATANA, KOTA GORONTALO, GORONTALO",8,90,130,220
https://kawalpemilu.org#75412,"MOLOSIPAT U, SIPATANA, KOTA GORONTALO, GORONTALO",9,95,121,216
https://kawalpemilu.org#75412,"MOLOSIPAT U, SIPATANA, KOTA GORONTALO, GORONTALO",10,91,130,221
https://kawalpemilu.org#75414,"LEATO UTARA, DUMBO RAYA, KOTA GORONTALO, GORONTALO",1,123,70,193
https://kawalpemilu.org#75414,"LEATO UTARA, DUMBO RAYA, KOTA GORONTALO, GORONTALO",2,109,64,173
https://kawalpemilu.org#75414,"LEATO UTARA, DUMBO RAYA, KOTA GORONTALO, GORONTALO",3,106,144,250
https://kawalpemilu.org#75414,"LEATO UTARA, DUMBO RAYA, KOTA GORONTALO, GORONTALO",4,89,128,217
https://kawalpemilu.org#75414,"LEATO UTARA, DUMBO RAYA, KOTA GORONTALO, GORONTALO",5,103,128,231
https://kawalpemilu.org#75414,"LEATO UTARA, DUMBO RAYA, KOTA GORONTALO, GORONTALO",6,101,134,235
https://kawalpemilu.org#75414,"LEATO UTARA, DUMBO RAYA, KOTA GORONTALO, GORONTALO",7,80,123,203
https://kawalpemilu.org#75414,"LEATO UTARA, DUMBO RAYA, KOTA GORONTALO, GORONTALO",8,91,94,185
https://kawalpemilu.org#75415,"LEATO SELATAN, DUMBO RAYA, KOTA GORONTALO, GORONTALO",1,93,95,188
https://kawalpemilu.org#75415,"LEATO SELATAN, DUMBO RAYA, KOTA GORONTALO, GORONTALO",2,116,114,230
https://kawalpemilu.org#75415,"LEATO SELATAN, DUMBO RAYA, KOTA GORONTALO, GORONTALO",3,80,138,218
https://kawalpemilu.org#75415,"LEATO SELATAN, DUMBO RAYA, KOTA GORONTALO, GORONTALO",4,107,141,248
https://kawalpemilu.org#75415,"LEATO SELATAN, DUMBO RAYA, KOTA GORONTALO, GORONTALO",5,71,177,248
https://kawalpemilu.org#75415,"LEATO SELATAN, DUMBO RAYA, KOTA GORONTALO, GORONTALO",6,136,90,226
https://kawalpemilu.org#75415,"LEATO SELATAN, DUMBO RAYA, KOTA GORONTALO, GORONTALO",7,157,83,240
https://kawalpemilu.org#75415,"LEATO SELATAN, DUMBO RAYA, KOTA GORONTALO, GORONTALO",8,122,83,205
https://kawalpemilu.org#75416,"TALUMOLO, DUMBO RAYA, KOTA GORONTALO, GORONTALO",1,43,127,170
https://kawalpemilu.org#75416,"TALUMOLO, DUMBO RAYA, KOTA GORONTALO, GORONTALO",2,65,139,204
https://kawalpemilu.org#75416,"TALUMOLO, DUMBO RAYA, KOTA GORONTALO, GORONTALO",3,75,120,195
https://kawalpemilu.org#75416,"TALUMOLO, DUMBO RAYA, KOTA GORONTALO, GORONTALO",4,61,115,176
https://kawalpemilu.org#75416,"TALUMOLO, DUMBO RAYA, KOTA GORONTALO, GORONTALO",5,98,134,232
https://kawalpemilu.org#75416,"TALUMOLO, DUMBO RAYA, KOTA GORONTALO, GORONTALO",6,83,146,229
https://kawalpemilu.org#75416,"TALUMOLO, DUMBO RAYA, KOTA GORONTALO, GORONTALO",7,77,157,234
https://kawalpemilu.org#75416,"TALUMOLO, DUMBO RAYA, KOTA GORONTALO, GORONTALO",8,65,157,222
https://kawalpemilu.org#75416,"TALUMOLO, DUMBO RAYA, KOTA GORONTALO, GORONTALO",9,73,153,226
https://kawalpemilu.org#75416,"TALUMOLO, DUMBO RAYA, KOTA GORONTALO, GORONTALO",10,75,170,245
https://kawalpemilu.org#75416,"TALUMOLO, DUMBO RAYA, KOTA GORONTALO, GORONTALO",11,121,108,229
https://kawalpemilu.org#75416,"TALUMOLO, DUMBO RAYA, KOTA GORONTALO, GORONTALO",12,124,117,241
https://kawalpemilu.org#75416,"TALUMOLO, DUMBO RAYA, KOTA GORONTALO, GORONTALO",13,91,157,248
https://kawalpemilu.org#75416,"TALUMOLO, DUMBO RAYA, KOTA GORONTALO, GORONTALO",14,83,152,235
https://kawalpemilu.org#75416,"TALUMOLO, DUMBO RAYA, KOTA GORONTALO, GORONTALO",15,86,130,216
https://kawalpemilu.org#75416,"TALUMOLO, DUMBO RAYA, KOTA GORONTALO, GORONTALO",16,103,112,215
https://kawalpemilu.org#75417,"BOTU, DUMBO RAYA, KOTA GORONTALO, GORONTALO",1,125,119,244
https://kawalpemilu.org#75417,"BOTU, DUMBO RAYA, KOTA GORONTALO, GORONTALO",2,97,152,249
https://kawalpemilu.org#75417,"BOTU, DUMBO RAYA, KOTA GORONTALO, GORONTALO",3,57,122,179
https://kawalpemilu.org#75417,"BOTU, DUMBO RAYA, KOTA GORONTALO, GORONTALO",4,92,105,197
https://kawalpemilu.org#75417,"BOTU, DUMBO RAYA, KOTA GORONTALO, GORONTALO",5,89,107,196
https://kawalpemilu.org#75417,"BOTU, DUMBO RAYA, KOTA GORONTALO, GORONTALO",6,105,107,212
https://kawalpemilu.org#75417,"BOTU, DUMBO RAYA, KOTA GORONTALO, GORONTALO",7,63,75,138
https://kawalpemilu.org#75418,"BUGIS, DUMBO RAYA, KOTA GORONTALO, GORONTALO",1,56,162,218
https://kawalpemilu.org#75418,"BUGIS, DUMBO RAYA, KOTA GORONTALO, GORONTALO",2,53,134,187
https://kawalpemilu.org#75418,"BUGIS, DUMBO RAYA, KOTA GORONTALO, GORONTALO",3,55,154,209
https://kawalpemilu.org#75418,"BUGIS, DUMBO RAYA, KOTA GORONTALO, GORONTALO",4,60,144,204
https://kawalpemilu.org#75418,"BUGIS, DUMBO RAYA, KOTA GORONTALO, GORONTALO",5,114,127,241
https://kawalpemilu.org#75418,"BUGIS, DUMBO RAYA, KOTA GORONTALO, GORONTALO",6,68,135,203
https://kawalpemilu.org#75418,"BUGIS, DUMBO RAYA, KOTA GORONTALO, GORONTALO",7,68,156,224
https://kawalpemilu.org#75418,"BUGIS, DUMBO RAYA, KOTA GORONTALO, GORONTALO",8,83,149,232
https://kawalpemilu.org#75418,"BUGIS, DUMBO RAYA, KOTA GORONTALO, GORONTALO",9,98,143,241
https://kawalpemilu.org#75418,"BUGIS, DUMBO RAYA, KOTA GORONTALO, GORONTALO",10,140,105,245
https://kawalpemilu.org#75418,"BUGIS, DUMBO RAYA, KOTA GORONTALO, GORONTALO",11,112,110,222
https://kawalpemilu.org#75418,"BUGIS, DUMBO RAYA, KOTA GORONTALO, GORONTALO",12,131,100,231
https://kawalpemilu.org#75418,"BUGIS, DUMBO RAYA, KOTA GORONTALO, GORONTALO",13,77,118,195
https://kawalpemilu.org#75418,"BUGIS, DUMBO RAYA, KOTA GORONTALO, GORONTALO",14,55,133,188
https://kawalpemilu.org#75420,"TANJUNG KERAMAT, HULONTHALANGI, KOTA GORONTALO, GORONTALO",1,80,119,199
https://kawalpemilu.org#75420,"TANJUNG KERAMAT, HULONTHALANGI, KOTA GORONTALO, GORONTALO",2,118,47,165
https://kawalpemilu.org#75420,"TANJUNG KERAMAT, HULONTHALANGI, KOTA GORONTALO, GORONTALO",3,109,122,231
https://kawalpemilu.org#75420,"TANJUNG KERAMAT, HULONTHALANGI, KOTA GORONTALO, GORONTALO",4,164,59,223
https://kawalpemilu.org#75421,"POHE, HULONTHALANGI, KOTA GORONTALO, GORONTALO",1,94,145,239
https://kawalpemilu.org#75421,"POHE, HULONTHALANGI, KOTA GORONTALO, GORONTALO",2,107,146,253
https://kawalpemilu.org#75421,"POHE, HULONTHALANGI, KOTA GORONTALO, GORONTALO",3,74,137,211
https://kawalpemilu.org#75421,"POHE, HULONTHALANGI, KOTA GORONTALO, GORONTALO",4,78,123,201
https://kawalpemilu.org#75421,"POHE, HULONTHALANGI, KOTA GORONTALO, GORONTALO",5,106,117,223
https://kawalpemilu.org#75421,"POHE, HULONTHALANGI, KOTA GORONTALO, GORONTALO",6,129,90,219
https://kawalpemilu.org#75421,"POHE, HULONTHALANGI, KOTA GORONTALO, GORONTALO",7,116,118,234
https://kawalpemilu.org#75422,"TENDA, HULONTHALANGI, KOTA GORONTALO, GORONTALO",1,122,112,234
https://kawalpemilu.org#75422,"TENDA, HULONTHALANGI, KOTA GORONTALO, GORONTALO",3,81,142,223
https://kawalpemilu.org#75422,"TENDA, HULONTHALANGI, KOTA GORONTALO, GORONTALO",4,88,118,206
https://kawalpemilu.org#75422,"TENDA, HULONTHALANGI, KOTA GORONTALO, GORONTALO",5,100,101,201
https://kawalpemilu.org#75422,"TENDA, HULONTHALANGI, KOTA GORONTALO, GORONTALO",6,73,124,197
https://kawalpemilu.org#75422,"TENDA, HULONTHALANGI, KOTA GORONTALO, GORONTALO",7,90,135,225
https://kawalpemilu.org#75422,"TENDA, HULONTHALANGI, KOTA GORONTALO, GORONTALO",8,74,149,223
https://kawalpemilu.org#75422,"TENDA, HULONTHALANGI, KOTA GORONTALO, GORONTALO",9,57,148,205
https://kawalpemilu.org#75422,"TENDA, HULONTHALANGI, KOTA GORONTALO, GORONTALO",10,60,146,206
https://kawalpemilu.org#75422,"TENDA, HULONTHALANGI, KOTA GORONTALO, GORONTALO",11,126,55,181
https://kawalpemilu.org#75422,"TENDA, HULONTHALANGI, KOTA GORONTALO, GORONTALO",12,117,73,190
https://kawalpemilu.org#75422,"TENDA, HULONTHALANGI, KOTA GORONTALO, GORONTALO",13,125,102,227
https://kawalpemilu.org#75422,"TENDA, HULONTHALANGI, KOTA GORONTALO, GORONTALO",14,93,151,244
https://kawalpemilu.org#75422,"TENDA, HULONTHALANGI, KOTA GORONTALO, GORONTALO",15,103,131,5
https://kawalpemilu.org#75422,"TENDA, HULONTHALANGI, KOTA GORONTALO, GORONTALO",16,87,160,247
https://kawalpemilu.org#75423,"DONGGALA, HULONTHALANGI, KOTA GORONTALO, GORONTALO",1,117,122,239
https://kawalpemilu.org#75423,"DONGGALA, HULONTHALANGI, KOTA GORONTALO, GORONTALO",2,95,148,243
https://kawalpemilu.org#75423,"DONGGALA, HULONTHALANGI, KOTA GORONTALO, GORONTALO",3,113,133,246
https://kawalpemilu.org#75423,"DONGGALA, HULONTHALANGI, KOTA GORONTALO, GORONTALO",4,91,91,182
https://kawalpemilu.org#75423,"DONGGALA, HULONTHALANGI, KOTA GORONTALO, GORONTALO",5,112,132,244
https://kawalpemilu.org#75423,"DONGGALA, HULONTHALANGI, KOTA GORONTALO, GORONTALO",6,125,119,244
https://kawalpemilu.org#75423,"DONGGALA, HULONTHALANGI, KOTA GORONTALO, GORONTALO",7,117,96,213
https://kawalpemilu.org#75423,"DONGGALA, HULONTHALANGI, KOTA GORONTALO, GORONTALO",8,92,64,156
https://kawalpemilu.org#75423,"DONGGALA, HULONTHALANGI, KOTA GORONTALO, GORONTALO",9,25,90,115
https://kawalpemilu.org#75423,"DONGGALA, HULONTHALANGI, KOTA GORONTALO, GORONTALO",10,21,71,92
https://kawalpemilu.org#75423,"DONGGALA, HULONTHALANGI, KOTA GORONTALO, GORONTALO",11,26,75,101
https://kawalpemilu.org#75424,"SIENDENG, HULONTHALANGI, KOTA GORONTALO, GORONTALO",1,68,113,181
https://kawalpemilu.org#75424,"SIENDENG, HULONTHALANGI, KOTA GORONTALO, GORONTALO",2,68,133,201
https://kawalpemilu.org#75424,"SIENDENG, HULONTHALANGI, KOTA GORONTALO, GORONTALO",3,67,126,193
https://kawalpemilu.org#75424,"SIENDENG, HULONTHALANGI, KOTA GORONTALO, GORONTALO",4,74,135,209
https://kawalpemilu.org#75424,"SIENDENG, HULONTHALANGI, KOTA GORONTALO, GORONTALO",5,89,127,216
https://kawalpemilu.org#75424,"SIENDENG, HULONTHALANGI, KOTA GORONTALO, GORONTALO",6,86,126,212
https://kawalpemilu.org#75424,"SIENDENG, HULONTHALANGI, KOTA GORONTALO, GORONTALO",7,78,181,259
https://kawalpemilu.org#75424,"SIENDENG, HULONTHALANGI, KOTA GORONTALO, GORONTALO",8,92,160,252
https://kawalpemilu.org#75424,"SIENDENG, HULONTHALANGI, KOTA GORONTALO, GORONTALO",9,121,140,261
https://kawalpemilu.org#75424,"SIENDENG, HULONTHALANGI, KOTA GORONTALO, GORONTALO",10,141,101,242
