Link KawalPemilu,Nama Kelurahan,Nomor TPS,Suara 01,Suara 02,Suara Sah
https://kawalpemilu.org#15888,"SUNGAI PENUH, SUNGAI PENUH, KOTA SUNGAI PENUH, JAMBI",1,25,206,231
https://kawalpemilu.org#15888,"SUNGAI PENUH, SUNGAI PENUH, KOTA SUNGAI PENUH, JAMBI",2,23,195,218
https://kawalpemilu.org#15888,"SUNGAI PENUH, SUNGAI PENUH, KOTA SUNGAI PENUH, JAMBI",4,34,153,187
https://kawalpemilu.org#15888,"SUNGAI PENUH, SUNGAI PENUH, KOTA SUNGAI PENUH, JAMBI",5,35,149,184
https://kawalpemilu.org#15888,"SUNGAI PENUH, SUNGAI PENUH, KOTA SUNGAI PENUH, JAMBI",6,64,187,251
https://kawalpemilu.org#15888,"SUNGAI PENUH, SUNGAI PENUH, KOTA SUNGAI PENUH, JAMBI",7,39,200,239
https://kawalpemilu.org#15890,"PASAR SUNGAI PENUH, SUNGAI PENUH, KOTA SUNGAI PENUH, JAMBI",1,51,134,185
https://kawalpemilu.org#15890,"PASAR SUNGAI PENUH, SUNGAI PENUH, KOTA SUNGAI PENUH, JAMBI",2,41,162,203
https://kawalpemilu.org#15890,"PASAR SUNGAI PENUH, SUNGAI PENUH, KOTA SUNGAI PENUH, JAMBI",3,35,120,155
https://kawalpemilu.org#15890,"PASAR SUNGAI PENUH, SUNGAI PENUH, KOTA SUNGAI PENUH, JAMBI",4,52,99,151
https://kawalpemilu.org#15890,"PASAR SUNGAI PENUH, SUNGAI PENUH, KOTA SUNGAI PENUH, JAMBI",5,28,97,125
https://kawalpemilu.org#15890,"PASAR SUNGAI PENUH, SUNGAI PENUH, KOTA SUNGAI PENUH, JAMBI",6,14,76,90
https://kawalpemilu.org#15892,"PASAR BARU, SUNGAI PENUH, KOTA SUNGAI PENUH, JAMBI",1,32,138,170
https://kawalpemilu.org#15892,"PASAR BARU, SUNGAI PENUH, KOTA SUNGAI PENUH, JAMBI",2,30,125,155
https://kawalpemilu.org#15892,"PASAR BARU, SUNGAI PENUH, KOTA SUNGAI PENUH, JAMBI",3,36,130,166
https://kawalpemilu.org#15894,"GEDANG, SUNGAI PENUH, KOTA SUNGAI PENUH, JAMBI",1,25,206,231
https://kawalpemilu.org#15894,"GEDANG, SUNGAI PENUH, KOTA SUNGAI PENUH, JAMBI",2,23,195,218
https://kawalpemilu.org#15894,"GEDANG, SUNGAI PENUH, KOTA SUNGAI PENUH, JAMBI",3,23,184,207
https://kawalpemilu.org#15894,"GEDANG, SUNGAI PENUH, KOTA SUNGAI PENUH, JAMBI",4,33,149,182
https://kawalpemilu.org#15894,"GEDANG, SUNGAI PENUH, KOTA SUNGAI PENUH, JAMBI",5,15,173,188
https://kawalpemilu.org#15894,"GEDANG, SUNGAI PENUH, KOTA SUNGAI PENUH, JAMBI",6,32,204,236
https://kawalpemilu.org#15894,"GEDANG, SUNGAI PENUH, KOTA SUNGAI PENUH, JAMBI",7,34,163,197
https://kawalpemilu.org#15894,"GEDANG, SUNGAI PENUH, KOTA SUNGAI PENUH, JAMBI",9,33,166,199
https://kawalpemilu.org#15894,"GEDANG, SUNGAI PENUH, KOTA SUNGAI PENUH, JAMBI",10,33,128,161
https://kawalpemilu.org#15894,"GEDANG, SUNGAI PENUH, KOTA SUNGAI PENUH, JAMBI",11,34,187,221
https://kawalpemilu.org#15894,"GEDANG, SUNGAI PENUH, KOTA SUNGAI PENUH, JAMBI",12,56,233,289
https://kawalpemilu.org#15901,"AMAR SAKTI, SUNGAI PENUH, KOTA SUNGAI PENUH, JAMBI",1,25,119,144
https://kawalpemilu.org#15901,"AMAR SAKTI, SUNGAI PENUH, KOTA SUNGAI PENUH, JAMBI",2,49,128,177
https://kawalpemilu.org#15908,"KOTO RENAH, PESISIR BUKIT, KOTA SUNGAI PENUH, JAMBI",1,21,160,181
https://kawalpemilu.org#15908,"KOTO RENAH, PESISIR BUKIT, KOTA SUNGAI PENUH, JAMBI",2,30,217,247
https://kawalpemilu.org#15908,"KOTO RENAH, PESISIR BUKIT, KOTA SUNGAI PENUH, JAMBI",3,31,165,196
https://kawalpemilu.org#15908,"KOTO RENAH, PESISIR BUKIT, KOTA SUNGAI PENUH, JAMBI",4,31,168,199
https://kawalpemilu.org#15908,"KOTO RENAH, PESISIR BUKIT, KOTA SUNGAI PENUH, JAMBI",5,51,170,221
https://kawalpemilu.org#15909,"KOTO KERAS, PESISIR BUKIT, KOTA SUNGAI PENUH, JAMBI",1,16,168,184
https://kawalpemilu.org#15909,"KOTO KERAS, PESISIR BUKIT, KOTA SUNGAI PENUH, JAMBI",2,21,170,191
https://kawalpemilu.org#15909,"KOTO KERAS, PESISIR BUKIT, KOTA SUNGAI PENUH, JAMBI",3,28,148,176
https://kawalpemilu.org#15909,"KOTO KERAS, PESISIR BUKIT, KOTA SUNGAI PENUH, JAMBI",4,23,176,199
https://kawalpemilu.org#15909,"KOTO KERAS, PESISIR BUKIT, KOTA SUNGAI PENUH, JAMBI",5,15,149,164
https://kawalpemilu.org#15910,"KOTO BENTO, PESISIR BUKIT, KOTA SUNGAI PENUH, JAMBI",1,44,171,215
https://kawalpemilu.org#15910,"KOTO BENTO, PESISIR BUKIT, KOTA SUNGAI PENUH, JAMBI",2,23,170,193
https://kawalpemilu.org#15910,"KOTO BENTO, PESISIR BUKIT, KOTA SUNGAI PENUH, JAMBI",3,16,143,159
https://kawalpemilu.org#15911,"KOTO LOLO, PESISIR BUKIT, KOTA SUNGAI PENUH, JAMBI",1,43,162,205
https://kawalpemilu.org#15911,"KOTO LOLO, PESISIR BUKIT, KOTA SUNGAI PENUH, JAMBI",2,39,133,172
https://kawalpemilu.org#15911,"KOTO LOLO, PESISIR BUKIT, KOTA SUNGAI PENUH, JAMBI",3,39,124,163
https://kawalpemilu.org#15911,"KOTO LOLO, PESISIR BUKIT, KOTA SUNGAI PENUH, JAMBI",4,46,156,202
https://kawalpemilu.org#15911,"KOTO LOLO, PESISIR BUKIT, KOTA SUNGAI PENUH, JAMBI",5,45,156,201
https://kawalpemilu.org#15912,"KOTO TENGAH, PESISIR BUKIT, KOTA SUNGAI PENUH, JAMBI",1,33,140,173
https://kawalpemilu.org#15912,"KOTO TENGAH, PESISIR BUKIT, KOTA SUNGAI PENUH, JAMBI",2,40,126,166
https://kawalpemilu.org#15912,"KOTO TENGAH, PESISIR BUKIT, KOTA SUNGAI PENUH, JAMBI",3,41,126,167
https://kawalpemilu.org#15912,"KOTO TENGAH, PESISIR BUKIT, KOTA SUNGAI PENUH, JAMBI",4,38,134,172
https://kawalpemilu.org#15915,"KOTO DUO, PESISIR BUKIT, KOTA SUNGAI PENUH, JAMBI",1,23,156,179
https://kawalpemilu.org#15915,"KOTO DUO, PESISIR BUKIT, KOTA SUNGAI PENUH, JAMBI",2,13,170,183
https://kawalpemilu.org#15915,"KOTO DUO, PESISIR BUKIT, KOTA SUNGAI PENUH, JAMBI",3,23,143,166
https://kawalpemilu.org#15915,"KOTO DUO, PESISIR BUKIT, KOTA SUNGAI PENUH, JAMBI",4,32,172,204
https://kawalpemilu.org#15917,"SUNGAI LIUK, PESISIR BUKIT, KOTA SUNGAI PENUH, JAMBI",1,24,139,163
https://kawalpemilu.org#15917,"SUNGAI LIUK, PESISIR BUKIT, KOTA SUNGAI PENUH, JAMBI",2,20,133,153
https://kawalpemilu.org#15917,"SUNGAI LIUK, PESISIR BUKIT, KOTA SUNGAI PENUH, JAMBI",3,28,122,150
https://kawalpemilu.org#15917,"SUNGAI LIUK, PESISIR BUKIT, KOTA SUNGAI PENUH, JAMBI",4,23,141,164
https://kawalpemilu.org#15918,"SEBERANG, PESISIR BUKIT, KOTA SUNGAI PENUH, JAMBI",1,33,130,163
https://kawalpemilu.org#15918,"SEBERANG, PESISIR BUKIT, KOTA SUNGAI PENUH, JAMBI",2,20,154,174
https://kawalpemilu.org#15918,"SEBERANG, PESISIR BUKIT, KOTA SUNGAI PENUH, JAMBI",3,15,146,161
https://kawalpemilu.org#15918,"SEBERANG, PESISIR BUKIT, KOTA SUNGAI PENUH, JAMBI",4,21,122,143
https://kawalpemilu.org#15922,"SUMUR GEDANG, PESISIR BUKIT, KOTA SUNGAI PENUH, JAMBI",1,27,243,270
https://kawalpemilu.org#15922,"SUMUR GEDANG, PESISIR BUKIT, KOTA SUNGAI PENUH, JAMBI",2,53,220,273
https://kawalpemilu.org#15922,"SUMUR GEDANG, PESISIR BUKIT, KOTA SUNGAI PENUH, JAMBI",3,29,250,279
https://kawalpemilu.org#15924,"KAMPUNG DIILIR, HAMPARAN RAWANG, KOTA SUNGAI PENUH, JAMBI",1,11,140,151
https://kawalpemilu.org#15924,"KAMPUNG DIILIR, HAMPARAN RAWANG, KOTA SUNGAI PENUH, JAMBI",2,10,167,177
https://kawalpemilu.org#15925,"KOTO BERINGIN, HAMPARAN RAWANG, KOTA SUNGAI PENUH, JAMBI",1,23,214,237
https://kawalpemilu.org#15925,"KOTO BERINGIN, HAMPARAN RAWANG, KOTA SUNGAI PENUH, JAMBI",2,22,158,180
https://kawalpemilu.org#15926,"MALIKI AIR, HAMPARAN RAWANG, KOTA SUNGAI PENUH, JAMBI",1,24,172,196
https://kawalpemilu.org#15926,"MALIKI AIR, HAMPARAN RAWANG, KOTA SUNGAI PENUH, JAMBI",2,26,153,179
https://kawalpemilu.org#15927,"TANJUNG, HAMPARAN RAWANG, KOTA SUNGAI PENUH, JAMBI",1,22,174,196
https://kawalpemilu.org#15927,"TANJUNG, HAMPARAN RAWANG, KOTA SUNGAI PENUH, JAMBI",2,33,217,250
https://kawalpemilu.org#15927,"TANJUNG, HAMPARAN RAWANG, KOTA SUNGAI PENUH, JAMBI",3,37,162,199
https://kawalpemilu.org#15928,"KOTO TELUK, HAMPARAN RAWANG, KOTA SUNGAI PENUH, JAMBI",1,24,133,157
https://kawalpemilu.org#15928,"KOTO TELUK, HAMPARAN RAWANG, KOTA SUNGAI PENUH, JAMBI",2,29,167,196
https://kawalpemilu.org#15928,"KOTO TELUK, HAMPARAN RAWANG, KOTA SUNGAI PENUH, JAMBI",3,27,179,206
https://kawalpemilu.org#15928,"KOTO TELUK, HAMPARAN RAWANG, KOTA SUNGAI PENUH, JAMBI",4,21,204,225
https://kawalpemilu.org#15929,"KAMPUNG DALAM, HAMPARAN RAWANG, KOTA SUNGAI PENUH, JAMBI",1,20,185,205
https://kawalpemilu.org#15929,"KAMPUNG DALAM, HAMPARAN RAWANG, KOTA SUNGAI PENUH, JAMBI",2,18,199,217
https://kawalpemilu.org#15929,"KAMPUNG DALAM, HAMPARAN RAWANG, KOTA SUNGAI PENUH, JAMBI",3,20,151,171
https://kawalpemilu.org#15929,"KAMPUNG DALAM, HAMPARAN RAWANG, KOTA SUNGAI PENUH, JAMBI",4,17,133,150
https://kawalpemilu.org#15930,"SIMPANG TIGA RAWANG, HAMPARAN RAWANG, KOTA SUNGAI PENUH, JAMBI",1,27,195,222
https://kawalpemilu.org#15930,"SIMPANG TIGA RAWANG, HAMPARAN RAWANG, KOTA SUNGAI PENUH, JAMBI",2,23,182,205
https://kawalpemilu.org#15930,"SIMPANG TIGA RAWANG, HAMPARAN RAWANG, KOTA SUNGAI PENUH, JAMBI",3,22,240,262
https://kawalpemilu.org#15930,"SIMPANG TIGA RAWANG, HAMPARAN RAWANG, KOTA SUNGAI PENUH, JAMBI",4,18,242,260
https://kawalpemilu.org#15930,"SIMPANG TIGA RAWANG, HAMPARAN RAWANG, KOTA SUNGAI PENUH, JAMBI",5,29,206,235
https://kawalpemilu.org#15930,"SIMPANG TIGA RAWANG, HAMPARAN RAWANG, KOTA SUNGAI PENUH, JAMBI",6,34,224,258
https://kawalpemilu.org#15930,"SIMPANG TIGA RAWANG, HAMPARAN RAWANG, KOTA SUNGAI PENUH, JAMBI",7,14,177,191
https://kawalpemilu.org#15930,"SIMPANG TIGA RAWANG, HAMPARAN RAWANG, KOTA SUNGAI PENUH, JAMBI",8,16,201,217
https://kawalpemilu.org#15931,"LARIK KEMAHAN, HAMPARAN RAWANG, KOTA SUNGAI PENUH, JAMBI",1,11,148,159
https://kawalpemilu.org#15931,"LARIK KEMAHAN, HAMPARAN RAWANG, KOTA SUNGAI PENUH, JAMBI",2,11,150,161
https://kawalpemilu.org#15931,"LARIK KEMAHAN, HAMPARAN RAWANG, KOTA SUNGAI PENUH, JAMBI",3,17,149,166
https://kawalpemilu.org#15931,"LARIK KEMAHAN, HAMPARAN RAWANG, KOTA SUNGAI PENUH, JAMBI",4,16,159,175
https://kawalpemilu.org#15932,"DUSUN DIILIR, HAMPARAN RAWANG, KOTA SUNGAI PENUH, JAMBI",1,19,186,205
https://kawalpemilu.org#15932,"DUSUN DIILIR, HAMPARAN RAWANG, KOTA SUNGAI PENUH, JAMBI",2,46,206,252
https://kawalpemilu.org#15933,"PALING SERUMPUN, HAMPARAN RAWANG, KOTA SUNGAI PENUH, JAMBI",1,32,229,261
https://kawalpemilu.org#15933,"PALING SERUMPUN, HAMPARAN RAWANG, KOTA SUNGAI PENUH, JAMBI",2,18,171,189
https://kawalpemilu.org#15933,"PALING SERUMPUN, HAMPARAN RAWANG, KOTA SUNGAI PENUH, JAMBI",3,24,208,232
https://kawalpemilu.org#15934,"KOTO DIAN, HAMPARAN RAWANG, KOTA SUNGAI PENUH, JAMBI",1,9,175,184
https://kawalpemilu.org#15934,"KOTO DIAN, HAMPARAN RAWANG, KOTA SUNGAI PENUH, JAMBI",2,11,173,184
https://kawalpemilu.org#15934,"KOTO DIAN, HAMPARAN RAWANG, KOTA SUNGAI PENUH, JAMBI",3,6,200,206
https://kawalpemilu.org#15934,"KOTO DIAN, HAMPARAN RAWANG, KOTA SUNGAI PENUH, JAMBI",4,14,165,179
https://kawalpemilu.org#15934,"KOTO DIAN, HAMPARAN RAWANG, KOTA SUNGAI PENUH, JAMBI",5,9,192,201
https://kawalpemilu.org#15934,"KOTO DIAN, HAMPARAN RAWANG, KOTA SUNGAI PENUH, JAMBI",6,13,184,197
https://kawalpemilu.org#15935,"TANJUNG MUDA, HAMPARAN RAWANG, KOTA SUNGAI PENUH, JAMBI",1,30,184,214
https://kawalpemilu.org#15935,"TANJUNG MUDA, HAMPARAN RAWANG, KOTA SUNGAI PENUH, JAMBI",2,20,202,222
https://kawalpemilu.org#15935,"TANJUNG MUDA, HAMPARAN RAWANG, KOTA SUNGAI PENUH, JAMBI",3,27,202,229
https://kawalpemilu.org#15935,"TANJUNG MUDA, HAMPARAN RAWANG, KOTA SUNGAI PENUH, JAMBI",4,33,174,207
https://kawalpemilu.org#15936,"CEMPAKA, HAMPARAN RAWANG, KOTA SUNGAI PENUH, JAMBI",1,16,157,173
https://kawalpemilu.org#15936,"CEMPAKA, HAMPARAN RAWANG, KOTA SUNGAI PENUH, JAMBI",2,29,131,160
https://kawalpemilu.org#15938,"BARU DEBAI, TANAH KAMPUNG, KOTA SUNGAI PENUH, JAMBI",1,43,158,201
https://kawalpemilu.org#15938,"BARU DEBAI, TANAH KAMPUNG, KOTA SUNGAI PENUH, JAMBI",2,23,133,156
https://kawalpemilu.org#15939,"PENDUNG HIANG, TANAH KAMPUNG, KOTA SUNGAI PENUH, JAMBI",1,16,164,180
https://kawalpemilu.org#15939,"PENDUNG HIANG, TANAH KAMPUNG, KOTA SUNGAI PENUH, JAMBI",2,18,141,159
https://kawalpemilu.org#15939,"PENDUNG HIANG, TANAH KAMPUNG, KOTA SUNGAI PENUH, JAMBI",3,19,152,171
https://kawalpemilu.org#15939,"PENDUNG HIANG, TANAH KAMPUNG, KOTA SUNGAI PENUH, JAMBI",4,17,131,148
https://kawalpemilu.org#15940,"KOTO PUDUNG, TANAH KAMPUNG, KOTA SUNGAI PENUH, JAMBI",2,43,129,172
https://kawalpemilu.org#15940,"KOTO PUDUNG, TANAH KAMPUNG, KOTA SUNGAI PENUH, JAMBI",3,31,141,172
https://kawalpemilu.org#15941,"KOTO DUMO, TANAH KAMPUNG, KOTA SUNGAI PENUH, JAMBI",1,20,136,156
https://kawalpemilu.org#15941,"KOTO DUMO, TANAH KAMPUNG, KOTA SUNGAI PENUH, JAMBI",2,54,151,205
https://kawalpemilu.org#15941,"KOTO DUMO, TANAH KAMPUNG, KOTA SUNGAI PENUH, JAMBI",3,28,106,134
https://kawalpemilu.org#15941,"KOTO DUMO, TANAH KAMPUNG, KOTA SUNGAI PENUH, JAMBI",4,18,139,157
https://kawalpemilu.org#15942,"SEMBILAN, TANAH KAMPUNG, KOTA SUNGAI PENUH, JAMBI",1,57,169,226
https://kawalpemilu.org#15942,"SEMBILAN, TANAH KAMPUNG, KOTA SUNGAI PENUH, JAMBI",2,59,160,219
https://kawalpemilu.org#15943,"KOTO TUO, TANAH KAMPUNG, KOTA SUNGAI PENUH, JAMBI",1,60,124,184
https://kawalpemilu.org#15943,"KOTO TUO, TANAH KAMPUNG, KOTA SUNGAI PENUH, JAMBI",2,51,128,179
https://kawalpemilu.org#15943,"KOTO TUO, TANAH KAMPUNG, KOTA SUNGAI PENUH, JAMBI",3,34,117,151
https://kawalpemilu.org#15944,"KOTO PANAP, TANAH KAMPUNG, KOTA SUNGAI PENUH, JAMBI",1,44,178,222
https://kawalpemilu.org#15944,"KOTO PANAP, TANAH KAMPUNG, KOTA SUNGAI PENUH, JAMBI",2,29,174,203
https://kawalpemilu.org#15945,"KOTO TENGAH, TANAH KAMPUNG, KOTA SUNGAI PENUH, JAMBI",1,32,130,162
https://kawalpemilu.org#15946,"TANJUNG BUNGA, TANAH KAMPUNG, KOTA SUNGAI PENUH, JAMBI",1,62,154,216
https://kawalpemilu.org#15946,"TANJUNG BUNGA, TANAH KAMPUNG, KOTA SUNGAI PENUH, JAMBI",2,31,176,207
https://kawalpemilu.org#15947,"KOTO PADANG, TANAH KAMPUNG, KOTA SUNGAI PENUH, JAMBI",1,17,157,174
https://kawalpemilu.org#15947,"KOTO PADANG, TANAH KAMPUNG, KOTA SUNGAI PENUH, JAMBI",2,16,130,146
https://kawalpemilu.org#15947,"KOTO PADANG, TANAH KAMPUNG, KOTA SUNGAI PENUH, JAMBI",3,16,131,147
https://kawalpemilu.org#15947,"KOTO PADANG, TANAH KAMPUNG, KOTA SUNGAI PENUH, JAMBI",4,24,191,215
https://kawalpemilu.org#15947,"KOTO PADANG, TANAH KAMPUNG, KOTA SUNGAI PENUH, JAMBI",5,21,152,173
https://kawalpemilu.org#15948,"TANJUNG KARANG, TANAH KAMPUNG, KOTA SUNGAI PENUH, JAMBI",1,46,95,141
https://kawalpemilu.org#15948,"TANJUNG KARANG, TANAH KAMPUNG, KOTA SUNGAI PENUH, JAMBI",2,19,103,122
https://kawalpemilu.org#15949,"KOTO BARU TANAH KAMPUNG, TANAH KAMPUNG, KOTA SUNGAI PENUH, JAMBI",1,43,164,207
https://kawalpemilu.org#15949,"KOTO BARU TANAH KAMPUNG, TANAH KAMPUNG, KOTA SUNGAI PENUH, JAMBI",2,11,174,185
https://kawalpemilu.org#15950,"MEKAR JAYA, TANAH KAMPUNG, KOTA SUNGAI PENUH, JAMBI",1,16,131,147
https://kawalpemilu.org#15950,"MEKAR JAYA, TANAH KAMPUNG, KOTA SUNGAI PENUH, JAMBI",2,22,120,142
https://kawalpemilu.org#15950,"MEKAR JAYA, TANAH KAMPUNG, KOTA SUNGAI PENUH, JAMBI",3,40,135,175
https://kawalpemilu.org#15952,"KUMUN HILIR, KUMUN DEBAI, KOTA SUNGAI PENUH, JAMBI",1,35,112,147
https://kawalpemilu.org#15952,"KUMUN HILIR, KUMUN DEBAI, KOTA SUNGAI PENUH, JAMBI",2,19,178,197
https://kawalpemilu.org#15952,"KUMUN HILIR, KUMUN DEBAI, KOTA SUNGAI PENUH, JAMBI",4,57,163,220
https://kawalpemilu.org#15953,"KUMUN MUDIK, KUMUN DEBAI, KOTA SUNGAI PENUH, JAMBI",1,50,117,167
https://kawalpemilu.org#15953,"KUMUN MUDIK, KUMUN DEBAI, KOTA SUNGAI PENUH, JAMBI",2,49,165,214
https://kawalpemilu.org#15953,"KUMUN MUDIK, KUMUN DEBAI, KOTA SUNGAI PENUH, JAMBI",3,34,178,212
https://kawalpemilu.org#15953,"KUMUN MUDIK, KUMUN DEBAI, KOTA SUNGAI PENUH, JAMBI",4,62,129,191
https://kawalpemilu.org#15953,"KUMUN MUDIK, KUMUN DEBAI, KOTA SUNGAI PENUH, JAMBI",5,43,142,185
https://kawalpemilu.org#15954,"AIR TELUH, KUMUN DEBAI, KOTA SUNGAI PENUH, JAMBI",1,74,126,200
https://kawalpemilu.org#15954,"AIR TELUH, KUMUN DEBAI, KOTA SUNGAI PENUH, JAMBI",2,65,114,179
https://kawalpemilu.org#15954,"AIR TELUH, KUMUN DEBAI, KOTA SUNGAI PENUH, JAMBI",3,38,147,185
https://kawalpemilu.org#15955,"SANDARAN GALEH, KUMUN DEBAI, KOTA SUNGAI PENUH, JAMBI",1,26,135,161
https://kawalpemilu.org#15955,"SANDARAN GALEH, KUMUN DEBAI, KOTA SUNGAI PENUH, JAMBI",2,32,136,168
https://kawalpemilu.org#15955,"SANDARAN GALEH, KUMUN DEBAI, KOTA SUNGAI PENUH, JAMBI",3,63,121,184
https://kawalpemilu.org#15955,"SANDARAN GALEH, KUMUN DEBAI, KOTA SUNGAI PENUH, JAMBI",4,36,123,159
https://kawalpemilu.org#15955,"SANDARAN GALEH, KUMUN DEBAI, KOTA SUNGAI PENUH, JAMBI",5,36,111,147
https://kawalpemilu.org#15955,"SANDARAN GALEH, KUMUN DEBAI, KOTA SUNGAI PENUH, JAMBI",6,26,100,126
https://kawalpemilu.org#15956,"DEBAI, KUMUN DEBAI, KOTA SUNGAI PENUH, JAMBI",2,64,108,172
https://kawalpemilu.org#15956,"DEBAI, KUMUN DEBAI, KOTA SUNGAI PENUH, JAMBI",3,73,86,159
https://kawalpemilu.org#15957,"PINGGIR AIR, KUMUN DEBAI, KOTA SUNGAI PENUH, JAMBI",1,50,158,208
https://kawalpemilu.org#15957,"PINGGIR AIR, KUMUN DEBAI, KOTA SUNGAI PENUH, JAMBI",2,42,165,207
https://kawalpemilu.org#15958,"RENAH KAYU EMBUN, KUMUN DEBAI, KOTA SUNGAI PENUH, JAMBI",1,32,137,169
https://kawalpemilu.org#15958,"RENAH KAYU EMBUN, KUMUN DEBAI, KOTA SUNGAI PENUH, JAMBI",2,46,96,142
https://kawalpemilu.org#15958,"RENAH KAYU EMBUN, KUMUN DEBAI, KOTA SUNGAI PENUH, JAMBI",3,78,103,181
https://kawalpemilu.org#15959,"ULU AIR, KUMUN DEBAI, KOTA SUNGAI PENUH, JAMBI",1,52,110,162
https://kawalpemilu.org#15959,"ULU AIR, KUMUN DEBAI, KOTA SUNGAI PENUH, JAMBI",2,25,157,182
https://kawalpemilu.org#15959,"ULU AIR, KUMUN DEBAI, KOTA SUNGAI PENUH, JAMBI",3,56,116,172
https://kawalpemilu.org#15960,"MUARA JAYA, KUMUN DEBAI, KOTA SUNGAI PENUH, JAMBI",1,31,137,168
https://kawalpemilu.org#15960,"MUARA JAYA, KUMUN DEBAI, KOTA SUNGAI PENUH, JAMBI",2,45,134,179
https://kawalpemilu.org#15960,"MUARA JAYA, KUMUN DEBAI, KOTA SUNGAI PENUH, JAMBI",3,52,135,187
https://kawalpemilu.org#15960,"MUARA JAYA, KUMUN DEBAI, KOTA SUNGAI PENUH, JAMBI",4,51,138,189
https://kawalpemilu.org#15889,"PONDOK TINGGI, PONDOK TINGGI, KOTA SUNGAI PENUH, JAMBI",1,24,176,200
https://kawalpemilu.org#15889,"PONDOK TINGGI, PONDOK TINGGI, KOTA SUNGAI PENUH, JAMBI",2,27,163,190
https://kawalpemilu.org#15889,"PONDOK TINGGI, PONDOK TINGGI, KOTA SUNGAI PENUH, JAMBI",3,37,183,220
https://kawalpemilu.org#15889,"PONDOK TINGGI, PONDOK TINGGI, KOTA SUNGAI PENUH, JAMBI",4,0,0,0
https://kawalpemilu.org#15889,"PONDOK TINGGI, PONDOK TINGGI, KOTA SUNGAI PENUH, JAMBI",5,25,185,210
https://kawalpemilu.org#15889,"PONDOK TINGGI, PONDOK TINGGI, KOTA SUNGAI PENUH, JAMBI",6,22,142,164
https://kawalpemilu.org#15889,"PONDOK TINGGI, PONDOK TINGGI, KOTA SUNGAI PENUH, JAMBI",7,15,151,166
https://kawalpemilu.org#15889,"PONDOK TINGGI, PONDOK TINGGI, KOTA SUNGAI PENUH, JAMBI",8,30,218,248
https://kawalpemilu.org#15898,"PONDOK AGUNG, PONDOK TINGGI, KOTA SUNGAI PENUH, JAMBI",1,25,138,163
https://kawalpemilu.org#15898,"PONDOK AGUNG, PONDOK TINGGI, KOTA SUNGAI PENUH, JAMBI",2,32,142,174
https://kawalpemilu.org#15898,"PONDOK AGUNG, PONDOK TINGGI, KOTA SUNGAI PENUH, JAMBI",3,18,157,175
https://kawalpemilu.org#15898,"PONDOK AGUNG, PONDOK TINGGI, KOTA SUNGAI PENUH, JAMBI",4,11,161,172
https://kawalpemilu.org#15899,"PERMANTI, PONDOK TINGGI, KOTA SUNGAI PENUH, JAMBI",1,48,129,177
https://kawalpemilu.org#15899,"PERMANTI, PONDOK TINGGI, KOTA SUNGAI PENUH, JAMBI",2,55,114,169
https://kawalpemilu.org#15899,"PERMANTI, PONDOK TINGGI, KOTA SUNGAI PENUH, JAMBI",3,27,132,159
https://kawalpemilu.org#15899,"PERMANTI, PONDOK TINGGI, KOTA SUNGAI PENUH, JAMBI",4,42,127,169
https://kawalpemilu.org#15899,"PERMANTI, PONDOK TINGGI, KOTA SUNGAI PENUH, JAMBI",5,19,165,184
https://kawalpemilu.org#15900,"AUR DURI, PONDOK TINGGI, KOTA SUNGAI PENUH, JAMBI",2,32,171,203
https://kawalpemilu.org#15900,"AUR DURI, PONDOK TINGGI, KOTA SUNGAI PENUH, JAMBI",3,57,171,228
https://kawalpemilu.org#15900,"AUR DURI, PONDOK TINGGI, KOTA SUNGAI PENUH, JAMBI",4,34,154,188
https://kawalpemilu.org#15900,"AUR DURI, PONDOK TINGGI, KOTA SUNGAI PENUH, JAMBI",5,51,172,223
https://kawalpemilu.org#15900,"AUR DURI, PONDOK TINGGI, KOTA SUNGAI PENUH, JAMBI",6,40,172,212
https://kawalpemilu.org#15900,"AUR DURI, PONDOK TINGGI, KOTA SUNGAI PENUH, JAMBI",7,26,207,233
https://kawalpemilu.org#15902,"LAWANG AGUNG, PONDOK TINGGI, KOTA SUNGAI PENUH, JAMBI",1,24,176,200
https://kawalpemilu.org#15902,"LAWANG AGUNG, PONDOK TINGGI, KOTA SUNGAI PENUH, JAMBI",2,23,213,236
https://kawalpemilu.org#15902,"LAWANG AGUNG, PONDOK TINGGI, KOTA SUNGAI PENUH, JAMBI",3,41,155,196
https://kawalpemilu.org#15902,"LAWANG AGUNG, PONDOK TINGGI, KOTA SUNGAI PENUH, JAMBI",4,10,198,208
https://kawalpemilu.org#15902,"LAWANG AGUNG, PONDOK TINGGI, KOTA SUNGAI PENUH, JAMBI",5,43,210,253
https://kawalpemilu.org#15902,"LAWANG AGUNG, PONDOK TINGGI, KOTA SUNGAI PENUH, JAMBI",6,30,151,181
https://kawalpemilu.org#15902,"LAWANG AGUNG, PONDOK TINGGI, KOTA SUNGAI PENUH, JAMBI",7,42,162,204
https://kawalpemilu.org#15902,"LAWANG AGUNG, PONDOK TINGGI, KOTA SUNGAI PENUH, JAMBI",8,22,130,152
https://kawalpemilu.org#15902,"LAWANG AGUNG, PONDOK TINGGI, KOTA SUNGAI PENUH, JAMBI",9,28,163,191
https://kawalpemilu.org#15902,"LAWANG AGUNG, PONDOK TINGGI, KOTA SUNGAI PENUH, JAMBI",10,23,154,177
https://kawalpemilu.org#15902,"LAWANG AGUNG, PONDOK TINGGI, KOTA SUNGAI PENUH, JAMBI",11,39,170,209
https://kawalpemilu.org#15902,"LAWANG AGUNG, PONDOK TINGGI, KOTA SUNGAI PENUH, JAMBI",12,18,129,147
https://kawalpemilu.org#15903,"KARYA BAKTI, PONDOK TINGGI, KOTA SUNGAI PENUH, JAMBI",1,19,180,199
https://kawalpemilu.org#15903,"KARYA BAKTI, PONDOK TINGGI, KOTA SUNGAI PENUH, JAMBI",2,31,186,217
https://kawalpemilu.org#15903,"KARYA BAKTI, PONDOK TINGGI, KOTA SUNGAI PENUH, JAMBI",3,36,189,225
https://kawalpemilu.org#15903,"KARYA BAKTI, PONDOK TINGGI, KOTA SUNGAI PENUH, JAMBI",4,47,184,231
https://kawalpemilu.org#15903,"KARYA BAKTI, PONDOK TINGGI, KOTA SUNGAI PENUH, JAMBI",5,25,173,198
https://kawalpemilu.org#15904,"SUNGAI JERNIH, PONDOK TINGGI, KOTA SUNGAI PENUH, JAMBI",1,41,192,233
https://kawalpemilu.org#15904,"SUNGAI JERNIH, PONDOK TINGGI, KOTA SUNGAI PENUH, JAMBI",2,32,186,218
https://kawalpemilu.org#15904,"SUNGAI JERNIH, PONDOK TINGGI, KOTA SUNGAI PENUH, JAMBI",3,40,202,242
https://kawalpemilu.org#15904,"SUNGAI JERNIH, PONDOK TINGGI, KOTA SUNGAI PENUH, JAMBI",4,39,219,258
https://kawalpemilu.org#15904,"SUNGAI JERNIH, PONDOK TINGGI, KOTA SUNGAI PENUH, JAMBI",5,54,165,219
https://kawalpemilu.org#15905,"KOTO LEBU, PONDOK TINGGI, KOTA SUNGAI PENUH, JAMBI",1,35,138,173
https://kawalpemilu.org#15905,"KOTO LEBU, PONDOK TINGGI, KOTA SUNGAI PENUH, JAMBI",2,43,142,185
https://kawalpemilu.org#15905,"KOTO LEBU, PONDOK TINGGI, KOTA SUNGAI PENUH, JAMBI",3,51,124,175
https://kawalpemilu.org#15905,"KOTO LEBU, PONDOK TINGGI, KOTA SUNGAI PENUH, JAMBI",4,42,135,177
https://kawalpemilu.org#15913,"KAMPUNG TENGAH, KOTO BARU, KOTA SUNGAI PENUH, JAMBI",1,8,182,0
https://kawalpemilu.org#15913,"KAMPUNG TENGAH, KOTO BARU, KOTA SUNGAI PENUH, JAMBI",2,24,161,185
https://kawalpemilu.org#15913,"KAMPUNG TENGAH, KOTO BARU, KOTA SUNGAI PENUH, JAMBI",3,30,179,209
https://kawalpemilu.org#15914,"KOTO LIMAU MANIS, KOTO BARU, KOTA SUNGAI PENUH, JAMBI",1,8,176,184
https://kawalpemilu.org#15914,"KOTO LIMAU MANIS, KOTO BARU, KOTA SUNGAI PENUH, JAMBI",2,8,156,164
https://kawalpemilu.org#15914,"KOTO LIMAU MANIS, KOTO BARU, KOTA SUNGAI PENUH, JAMBI",3,0,0,0
https://kawalpemilu.org#15914,"KOTO LIMAU MANIS, KOTO BARU, KOTA SUNGAI PENUH, JAMBI",4,7,134,141
https://kawalpemilu.org#15914,"KOTO LIMAU MANIS, KOTO BARU, KOTA SUNGAI PENUH, JAMBI",5,6,123,129
https://kawalpemilu.org#15916,"KOTO BARU, KOTO BARU, KOTA SUNGAI PENUH, JAMBI",1,17,139,156
https://kawalpemilu.org#15916,"KOTO BARU, KOTO BARU, KOTA SUNGAI PENUH, JAMBI",2,7,93,100
https://kawalpemilu.org#15916,"KOTO BARU, KOTO BARU, KOTA SUNGAI PENUH, JAMBI",3,14,147,161
https://kawalpemilu.org#15916,"KOTO BARU, KOTO BARU, KOTA SUNGAI PENUH, JAMBI",5,11,107,118
https://kawalpemilu.org#15916,"KOTO BARU, KOTO BARU, KOTA SUNGAI PENUH, JAMBI",6,8,133,141
https://kawalpemilu.org#15916,"KOTO BARU, KOTO BARU, KOTA SUNGAI PENUH, JAMBI",7,8,129,137
https://kawalpemilu.org#15916,"KOTO BARU, KOTO BARU, KOTA SUNGAI PENUH, JAMBI",8,4,177,181
https://kawalpemilu.org#15920,"DUJUNG SAKTI, KOTO BARU, KOTA SUNGAI PENUH, JAMBI",1,17,196,213
https://kawalpemilu.org#15920,"DUJUNG SAKTI, KOTO BARU, KOTA SUNGAI PENUH, JAMBI",2,1,186,187
https://kawalpemilu.org#15920,"DUJUNG SAKTI, KOTO BARU, KOTA SUNGAI PENUH, JAMBI",3,14,188,202
https://kawalpemilu.org#15920,"DUJUNG SAKTI, KOTO BARU, KOTA SUNGAI PENUH, JAMBI",4,24,182,206
https://kawalpemilu.org#15920,"DUJUNG SAKTI, KOTO BARU, KOTA SUNGAI PENUH, JAMBI",5,21,152,173
https://kawalpemilu.org#15920,"DUJUNG SAKTI, KOTO BARU, KOTA SUNGAI PENUH, JAMBI",6,11,154,165
https://kawalpemilu.org#15920,"DUJUNG SAKTI, KOTO BARU, KOTA SUNGAI PENUH, JAMBI",7,4,166,170
https://kawalpemilu.org#15921,"PERMAI INDAH, KOTO BARU, KOTA SUNGAI PENUH, JAMBI",1,26,173,199
https://kawalpemilu.org#15921,"PERMAI INDAH, KOTO BARU, KOTA SUNGAI PENUH, JAMBI",2,7,110,117
https://kawalpemilu.org#15921,"PERMAI INDAH, KOTO BARU, KOTA SUNGAI PENUH, JAMBI",3,13,144,157
https://kawalpemilu.org#84677,"BARU SRIMENANTI, KOTO BARU, KOTA SUNGAI PENUH, JAMBI",1,25,182,207
https://kawalpemilu.org#84677,"BARU SRIMENANTI, KOTO BARU, KOTA SUNGAI PENUH, JAMBI",2,4,204,208
https://kawalpemilu.org#84677,"BARU SRIMENANTI, KOTO BARU, KOTA SUNGAI PENUH, JAMBI",3,10,176,186
https://kawalpemilu.org#15891,"DUSUN BARU, SUNGAI BUNGKAL, KOTA SUNGAI PENUH, JAMBI",1,19,128,147
https://kawalpemilu.org#15891,"DUSUN BARU, SUNGAI BUNGKAL, KOTA SUNGAI PENUH, JAMBI",2,26,172,198
https://kawalpemilu.org#15891,"DUSUN BARU, SUNGAI BUNGKAL, KOTA SUNGAI PENUH, JAMBI",3,29,205,234
https://kawalpemilu.org#15891,"DUSUN BARU, SUNGAI BUNGKAL, KOTA SUNGAI PENUH, JAMBI",4,27,108,135
https://kawalpemilu.org#15891,"DUSUN BARU, SUNGAI BUNGKAL, KOTA SUNGAI PENUH, JAMBI",5,28,160,188
https://kawalpemilu.org#15891,"DUSUN BARU, SUNGAI BUNGKAL, KOTA SUNGAI PENUH, JAMBI",6,38,175,213
https://kawalpemilu.org#15891,"DUSUN BARU, SUNGAI BUNGKAL, KOTA SUNGAI PENUH, JAMBI",7,18,117,135
https://kawalpemilu.org#15891,"DUSUN BARU, SUNGAI BUNGKAL, KOTA SUNGAI PENUH, JAMBI",8,32,158,190
https://kawalpemilu.org#15893,"TALANG LINDUNG, SUNGAI BUNGKAL, KOTA SUNGAI PENUH, JAMBI",1,43,185,228
https://kawalpemilu.org#15893,"TALANG LINDUNG, SUNGAI BUNGKAL, KOTA SUNGAI PENUH, JAMBI",2,39,179,218
https://kawalpemilu.org#15893,"TALANG LINDUNG, SUNGAI BUNGKAL, KOTA SUNGAI PENUH, JAMBI",3,28,204,232
https://kawalpemilu.org#15893,"TALANG LINDUNG, SUNGAI BUNGKAL, KOTA SUNGAI PENUH, JAMBI",4,50,168,218
https://kawalpemilu.org#15895,"PELAYANG RAYA, SUNGAI BUNGKAL, KOTA SUNGAI PENUH, JAMBI",1,60,120,180
https://kawalpemilu.org#15895,"PELAYANG RAYA, SUNGAI BUNGKAL, KOTA SUNGAI PENUH, JAMBI",2,51,117,168
https://kawalpemilu.org#15895,"PELAYANG RAYA, SUNGAI BUNGKAL, KOTA SUNGAI PENUH, JAMBI",3,37,154,191
https://kawalpemilu.org#15896,"KOTO TINGGI, SUNGAI BUNGKAL, KOTA SUNGAI PENUH, JAMBI",1,26,161,187
https://kawalpemilu.org#15896,"KOTO TINGGI, SUNGAI BUNGKAL, KOTA SUNGAI PENUH, JAMBI",2,37,191,228
https://kawalpemilu.org#15896,"KOTO TINGGI, SUNGAI BUNGKAL, KOTA SUNGAI PENUH, JAMBI",4,27,129,156
https://kawalpemilu.org#15897,"SUMUR ANYIR, SUNGAI BUNGKAL, KOTA SUNGAI PENUH, JAMBI",1,37,155,192
https://kawalpemilu.org#15897,"SUMUR ANYIR, SUNGAI BUNGKAL, KOTA SUNGAI PENUH, JAMBI",2,23,165,188
https://kawalpemilu.org#15897,"SUMUR ANYIR, SUNGAI BUNGKAL, KOTA SUNGAI PENUH, JAMBI",3,31,217,248
https://kawalpemilu.org#15897,"SUMUR ANYIR, SUNGAI BUNGKAL, KOTA SUNGAI PENUH, JAMBI",4,32,164,196
https://kawalpemilu.org#15897,"SUMUR ANYIR, SUNGAI BUNGKAL, KOTA SUNGAI PENUH, JAMBI",5,39,163,202
https://kawalpemilu.org#15906,"SUNGAI NING, SUNGAI BUNGKAL, KOTA SUNGAI PENUH, JAMBI",1,41,149,190
https://kawalpemilu.org#15906,"SUNGAI NING, SUNGAI BUNGKAL, KOTA SUNGAI PENUH, JAMBI",2,59,182,241
https://kawalpemilu.org#15906,"SUNGAI NING, SUNGAI BUNGKAL, KOTA SUNGAI PENUH, JAMBI",3,81,125,206
https://kawalpemilu.org#15906,"SUNGAI NING, SUNGAI BUNGKAL, KOTA SUNGAI PENUH, JAMBI",4,67,134,201
https://kawalpemilu.org#15963,"LEMPUR TENGAH, GUNUNG RAYA, KERINCI, JAMBI",3,31,127,158
https://kawalpemilu.org#15963,"LEMPUR TENGAH, GUNUNG RAYA, KERINCI, JAMBI",4,22,101,123
https://kawalpemilu.org#15963,"LEMPUR TENGAH, GUNUNG RAYA, KERINCI, JAMBI",5,22,99,121
https://kawalpemilu.org#15963,"LEMPUR TENGAH, GUNUNG RAYA, KERINCI, JAMBI",6,20,90,110
https://kawalpemilu.org#15963,"LEMPUR TENGAH, GUNUNG RAYA, KERINCI, JAMBI",7,38,125,163
https://kawalpemilu.org#15963,"LEMPUR TENGAH, GUNUNG RAYA, KERINCI, JAMBI",8,21,140,161
https://kawalpemilu.org#15964,"SELAM PAUNG, GUNUNG RAYA, KERINCI, JAMBI",1,83,101,184
https://kawalpemilu.org#15964,"SELAM PAUNG, GUNUNG RAYA, KERINCI, JAMBI",2,59,110,169
https://kawalpemilu.org#15964,"SELAM PAUNG, GUNUNG RAYA, KERINCI, JAMBI",3,51,99,150
https://kawalpemilu.org#15965,"AIR MUMU, GUNUNG RAYA, KERINCI, JAMBI",1,32,85,117
https://kawalpemilu.org#15966,"LEMPUR MUDIK, GUNUNG RAYA, KERINCI, JAMBI",1,54,129,183
https://kawalpemilu.org#15966,"LEMPUR MUDIK, GUNUNG RAYA, KERINCI, JAMBI",2,41,112,153
https://kawalpemilu.org#15966,"LEMPUR MUDIK, GUNUNG RAYA, KERINCI, JAMBI",3,28,124,152
https://kawalpemilu.org#15967,"MASGO, GUNUNG RAYA, KERINCI, JAMBI",1,77,57,134
https://kawalpemilu.org#15967,"MASGO, GUNUNG RAYA, KERINCI, JAMBI",2,81,90,171
https://kawalpemilu.org#15967,"MASGO, GUNUNG RAYA, KERINCI, JAMBI",3,70,122,192
https://kawalpemilu.org#15968,"LEMPUR HILIR, GUNUNG RAYA, KERINCI, JAMBI",1,22,106,128
https://kawalpemilu.org#15968,"LEMPUR HILIR, GUNUNG RAYA, KERINCI, JAMBI",2,30,99,129
https://kawalpemilu.org#15974,"PERIKAN TENGAH, GUNUNG RAYA, KERINCI, JAMBI",1,54,47,101
https://kawalpemilu.org#15974,"PERIKAN TENGAH, GUNUNG RAYA, KERINCI, JAMBI",2,28,30,58
https://kawalpemilu.org#15975,"DUSUN BARU LEMPUR, GUNUNG RAYA, KERINCI, JAMBI",3,32,134,166
https://kawalpemilu.org#15978,"SUNGAIHANGAT, GUNUNG RAYA, KERINCI, JAMBI",1,42,112,154
https://kawalpemilu.org#15978,"SUNGAIHANGAT, GUNUNG RAYA, KERINCI, JAMBI",2,49,113,162
https://kawalpemilu.org#15978,"SUNGAIHANGAT, GUNUNG RAYA, KERINCI, JAMBI",3,48,95,143
https://kawalpemilu.org#16107,"KEBUN BARU, GUNUNG RAYA, KERINCI, JAMBI",2,53,116,169
https://kawalpemilu.org#16107,"KEBUN BARU, GUNUNG RAYA, KERINCI, JAMBI",3,55,117,172
https://kawalpemilu.org#84535,"MANJUNTO LEMPUR, GUNUNG RAYA, KERINCI, JAMBI",1,27,99,126
https://kawalpemilu.org#84536,"KEBUN LIMA, GUNUNG RAYA, KERINCI, JAMBI",2,67,77,144
https://kawalpemilu.org#15980,"SANGGARAN AGUNG, DANAU KERINCI, KERINCI, JAMBI",1,36,153,189
https://kawalpemilu.org#15980,"SANGGARAN AGUNG, DANAU KERINCI, KERINCI, JAMBI",2,28,123,151
https://kawalpemilu.org#15980,"SANGGARAN AGUNG, DANAU KERINCI, KERINCI, JAMBI",3,32,104,136
https://kawalpemilu.org#15980,"SANGGARAN AGUNG, DANAU KERINCI, KERINCI, JAMBI",4,30,113,143
https://kawalpemilu.org#15980,"SANGGARAN AGUNG, DANAU KERINCI, KERINCI, JAMBI",5,40,113,153
https://kawalpemilu.org#15981,"KOTA BARU SANGGARAN AGUNG, DANAU KERINCI, KERINCI, JAMBI",1,95,137,232
https://kawalpemilu.org#15981,"KOTA BARU SANGGARAN AGUNG, DANAU KERINCI, KERINCI, JAMBI",2,28,210,238
https://kawalpemilu.org#15981,"KOTA BARU SANGGARAN AGUNG, DANAU KERINCI, KERINCI, JAMBI",3,30,196,226
https://kawalpemilu.org#15981,"KOTA BARU SANGGARAN AGUNG, DANAU KERINCI, KERINCI, JAMBI",4,30,189,219
https://kawalpemilu.org#15981,"KOTA BARU SANGGARAN AGUNG, DANAU KERINCI, KERINCI, JAMBI",5,30,192,222
https://kawalpemilu.org#15981,"KOTA BARU SANGGARAN AGUNG, DANAU KERINCI, KERINCI, JAMBI",6,32,200,232
https://kawalpemilu.org#15982,"PENDUNG TALANG GENTING, DANAU KERINCI, KERINCI, JAMBI",1,22,146,168
https://kawalpemilu.org#15982,"PENDUNG TALANG GENTING, DANAU KERINCI, KERINCI, JAMBI",2,20,136,156
https://kawalpemilu.org#15982,"PENDUNG TALANG GENTING, DANAU KERINCI, KERINCI, JAMBI",3,14,211,225
https://kawalpemilu.org#15982,"PENDUNG TALANG GENTING, DANAU KERINCI, KERINCI, JAMBI",4,23,135,158
https://kawalpemilu.org#15983,"SELEMAN, DANAU KERINCI, KERINCI, JAMBI",1,39,95,134
https://kawalpemilu.org#15983,"SELEMAN, DANAU KERINCI, KERINCI, JAMBI",2,19,50,69
https://kawalpemilu.org#15983,"SELEMAN, DANAU KERINCI, KERINCI, JAMBI",3,16,98,114
https://kawalpemilu.org#15983,"SELEMAN, DANAU KERINCI, KERINCI, JAMBI",4,34,76,110
https://kawalpemilu.org#15983,"SELEMAN, DANAU KERINCI, KERINCI, JAMBI",6,20,54,74
https://kawalpemilu.org#15983,"SELEMAN, DANAU KERINCI, KERINCI, JAMBI",7,19,71,90
https://kawalpemilu.org#15984,"TEBING TINGGI, DANAU KERINCI, KERINCI, JAMBI",1,29,107,136
https://kawalpemilu.org#15984,"TEBING TINGGI, DANAU KERINCI, KERINCI, JAMBI",2,26,125,151
https://kawalpemilu.org#15984,"TEBING TINGGI, DANAU KERINCI, KERINCI, JAMBI",3,20,82,102
https://kawalpemilu.org#15984,"TEBING TINGGI, DANAU KERINCI, KERINCI, JAMBI",4,15,73,88
https://kawalpemilu.org#15984,"TEBING TINGGI, DANAU KERINCI, KERINCI, JAMBI",5,18,103,212
https://kawalpemilu.org#15985,"CUPAK, DANAU KERINCI, KERINCI, JAMBI",1,20,197,217
https://kawalpemilu.org#15985,"CUPAK, DANAU KERINCI, KERINCI, JAMBI",2,9,189,198
https://kawalpemilu.org#15985,"CUPAK, DANAU KERINCI, KERINCI, JAMBI",3,26,188,214
https://kawalpemilu.org#15985,"CUPAK, DANAU KERINCI, KERINCI, JAMBI",4,11,122,133
https://kawalpemilu.org#15986,"TANJUNGTANAH, DANAU KERINCI, KERINCI, JAMBI",1,20,110,130
https://kawalpemilu.org#15986,"TANJUNGTANAH, DANAU KERINCI, KERINCI, JAMBI",2,17,72,89
https://kawalpemilu.org#15986,"TANJUNGTANAH, DANAU KERINCI, KERINCI, JAMBI",3,18,68,86
https://kawalpemilu.org#15986,"TANJUNGTANAH, DANAU KERINCI, KERINCI, JAMBI",4,14,79,93
https://kawalpemilu.org#15988,"KOTO IMAN, DANAU KERINCI, KERINCI, JAMBI",1,5,191,196
https://kawalpemilu.org#15988,"KOTO IMAN, DANAU KERINCI, KERINCI, JAMBI",2,2,191,193
https://kawalpemilu.org#15988,"KOTO IMAN, DANAU KERINCI, KERINCI, JAMBI",3,0,164,164
https://kawalpemilu.org#15988,"KOTO IMAN, DANAU KERINCI, KERINCI, JAMBI",4,10,143,153
https://kawalpemilu.org#15989,"UJUNG PASIR, DANAU KERINCI, KERINCI, JAMBI",1,4,200,204
https://kawalpemilu.org#15989,"UJUNG PASIR, DANAU KERINCI, KERINCI, JAMBI",2,13,189,202
https://kawalpemilu.org#15990,"KOTO PETAI, DANAU KERINCI, KERINCI, JAMBI",1,15,149,164
https://kawalpemilu.org#15990,"KOTO PETAI, DANAU KERINCI, KERINCI, JAMBI",2,11,149,160
https://kawalpemilu.org#15990,"KOTO PETAI, DANAU KERINCI, KERINCI, JAMBI",3,8,107,115
https://kawalpemilu.org#15990,"KOTO PETAI, DANAU KERINCI, KERINCI, JAMBI",4,15,124,139
https://kawalpemilu.org#15991,"KOTO SALAK, DANAU KERINCI, KERINCI, JAMBI",1,26,126,152
https://kawalpemilu.org#15991,"KOTO SALAK, DANAU KERINCI, KERINCI, JAMBI",2,17,139,156
https://kawalpemilu.org#15991,"KOTO SALAK, DANAU KERINCI, KERINCI, JAMBI",3,12,131,143
https://kawalpemilu.org#15992,"SIMPANG EMPAT, DANAU KERINCI, KERINCI, JAMBI",1,40,128,168
https://kawalpemilu.org#15992,"SIMPANG EMPAT, DANAU KERINCI, KERINCI, JAMBI",2,24,131,155
https://kawalpemilu.org#15992,"SIMPANG EMPAT, DANAU KERINCI, KERINCI, JAMBI",3,18,116,134
https://kawalpemilu.org#15993,"TALANG KEMULUN, DANAU KERINCI, KERINCI, JAMBI",1,30,119,149
https://kawalpemilu.org#15993,"TALANG KEMULUN, DANAU KERINCI, KERINCI, JAMBI",2,38,97,135
https://kawalpemilu.org#15993,"TALANG KEMULUN, DANAU KERINCI, KERINCI, JAMBI",3,27,104,131
https://kawalpemilu.org#15993,"TALANG KEMULUN, DANAU KERINCI, KERINCI, JAMBI",4,9,147,156
https://kawalpemilu.org#16018,"KOTO TENGAH, DANAU KERINCI, KERINCI, JAMBI",1,30,175,204
https://kawalpemilu.org#16018,"KOTO TENGAH, DANAU KERINCI, KERINCI, JAMBI",2,37,144,181
https://kawalpemilu.org#16018,"KOTO TENGAH, DANAU KERINCI, KERINCI, JAMBI",3,58,150,208
https://kawalpemilu.org#16018,"KOTO TENGAH, DANAU KERINCI, KERINCI, JAMBI",4,19,99,118
https://kawalpemilu.org#16018,"KOTO TENGAH, DANAU KERINCI, KERINCI, JAMBI",5,43,104,147
https://kawalpemilu.org#16018,"KOTO TENGAH, DANAU KERINCI, KERINCI, JAMBI",6,47,117,164
https://kawalpemilu.org#84537,"DUSUN BARU TANJUNG TANAH, DANAU KERINCI, KERINCI, JAMBI",1,25,119,144
https://kawalpemilu.org#84537,"DUSUN BARU TANJUNG TANAH, DANAU KERINCI, KERINCI, JAMBI",3,16,106,122
https://kawalpemilu.org#84538,"PASAR SORE SELEMAN, DANAU KERINCI, KERINCI, JAMBI",1,28,107,135
https://kawalpemilu.org#84538,"PASAR SORE SELEMAN, DANAU KERINCI, KERINCI, JAMBI",2,13,108,121
https://kawalpemilu.org#84538,"PASAR SORE SELEMAN, DANAU KERINCI, KERINCI, JAMBI",3,13,108,121
https://kawalpemilu.org#84539,"KOTO TUO UJUNG PASIR, DANAU KERINCI, KERINCI, JAMBI",1,11,144,155
https://kawalpemilu.org#84539,"KOTO TUO UJUNG PASIR, DANAU KERINCI, KERINCI, JAMBI",2,13,114,127
https://kawalpemilu.org#84539,"KOTO TUO UJUNG PASIR, DANAU KERINCI, KERINCI, JAMBI",3,18,143,161
https://kawalpemilu.org#84540,"AGUNG KOTO IMAN, DANAU KERINCI, KERINCI, JAMBI",1,3,125,128
https://kawalpemilu.org#84540,"AGUNG KOTO IMAN, DANAU KERINCI, KERINCI, JAMBI",2,16,83,99
https://kawalpemilu.org#84540,"AGUNG KOTO IMAN, DANAU KERINCI, KERINCI, JAMBI",3,19,137,156
https://kawalpemilu.org#88400,"TANJUNGHARAPAN, DANAU KERINCI, KERINCI, JAMBI",1,20,120,140
https://kawalpemilu.org#88400,"TANJUNGHARAPAN, DANAU KERINCI, KERINCI, JAMBI",2,19,154,173
https://kawalpemilu.org#88400,"TANJUNGHARAPAN, DANAU KERINCI, KERINCI, JAMBI",3,19,106,125
https://kawalpemilu.org#88400,"TANJUNGHARAPAN, DANAU KERINCI, KERINCI, JAMBI",4,15,92,107
https://kawalpemilu.org#15995,"KAYU ARO AMBAI, SITINJAU LAUT, KERINCI, JAMBI",2,15,136,151
https://kawalpemilu.org#15996,"BUNGA TANJUNG, SITINJAU LAUT, KERINCI, JAMBI",1,40,135,175
https://kawalpemilu.org#15996,"BUNGA TANJUNG, SITINJAU LAUT, KERINCI, JAMBI",2,33,113,146
https://kawalpemilu.org#15996,"BUNGA TANJUNG, SITINJAU LAUT, KERINCI, JAMBI",3,41,132,173
https://kawalpemilu.org#15996,"BUNGA TANJUNG, SITINJAU LAUT, KERINCI, JAMBI",4,29,91,120
https://kawalpemilu.org#15997,"SEMERAH, SITINJAU LAUT, KERINCI, JAMBI",1,26,127,153
https://kawalpemilu.org#15997,"SEMERAH, SITINJAU LAUT, KERINCI, JAMBI",3,15,112,127
https://kawalpemilu.org#15998,"SEBUKAR, SITINJAU LAUT, KERINCI, JAMBI",1,35,175,210
https://kawalpemilu.org#15998,"SEBUKAR, SITINJAU LAUT, KERINCI, JAMBI",2,12,191,203
https://kawalpemilu.org#15998,"SEBUKAR, SITINJAU LAUT, KERINCI, JAMBI",3,21,203,224
https://kawalpemilu.org#15998,"SEBUKAR, SITINJAU LAUT, KERINCI, JAMBI",4,36,180,216
https://kawalpemilu.org#15999,"HIANG TINGGI, SITINJAU LAUT, KERINCI, JAMBI",1,17,112,129
https://kawalpemilu.org#15999,"HIANG TINGGI, SITINJAU LAUT, KERINCI, JAMBI",2,16,109,125
https://kawalpemilu.org#16000,"AMBAI ATAS, SITINJAU LAUT, KERINCI, JAMBI",1,20,220,240
https://kawalpemilu.org#16000,"AMBAI ATAS, SITINJAU LAUT, KERINCI, JAMBI",2,22,199,221
https://kawalpemilu.org#16000,"AMBAI ATAS, SITINJAU LAUT, KERINCI, JAMBI",3,15,204,219
https://kawalpemilu.org#16000,"AMBAI ATAS, SITINJAU LAUT, KERINCI, JAMBI",5,28,199,227
https://kawalpemilu.org#16001,"TANJUNGMUDO, SITINJAU LAUT, KERINCI, JAMBI",1,16,187,203
https://kawalpemilu.org#16001,"TANJUNGMUDO, SITINJAU LAUT, KERINCI, JAMBI",2,7,198,105
https://kawalpemilu.org#16001,"TANJUNGMUDO, SITINJAU LAUT, KERINCI, JAMBI",3,5,152,157
https://kawalpemilu.org#16002,"PENDUNG TENGAH, SITINJAU LAUT, KERINCI, JAMBI",1,3,138,141
https://kawalpemilu.org#16002,"PENDUNG TENGAH, SITINJAU LAUT, KERINCI, JAMBI",2,2,113,115
https://kawalpemilu.org#16003,"PENDUNG HILIR, SITINJAU LAUT, KERINCI, JAMBI",1,9,153,162
https://kawalpemilu.org#16004,"KOTO BARU HIANG, SITINJAU LAUT, KERINCI, JAMBI",2,29,205,234
https://kawalpemilu.org#16005,"BETUNG KUNING, SITINJAU LAUT, KERINCI, JAMBI",3,25,128,153
https://kawalpemilu.org#16007,"PONDOK BERINGIN, SITINJAU LAUT, KERINCI, JAMBI",1,30,144,174
https://kawalpemilu.org#16007,"PONDOK BERINGIN, SITINJAU LAUT, KERINCI, JAMBI",2,55,123,178
https://kawalpemilu.org#16007,"PONDOK BERINGIN, SITINJAU LAUT, KERINCI, JAMBI",3,29,136,165
https://kawalpemilu.org#16008,"AMBAI BAWAH, SITINJAU LAUT, KERINCI, JAMBI",1,28,202,230
https://kawalpemilu.org#16008,"AMBAI BAWAH, SITINJAU LAUT, KERINCI, JAMBI",2,16,203,219
https://kawalpemilu.org#16008,"AMBAI BAWAH, SITINJAU LAUT, KERINCI, JAMBI",4,30,204,234
https://kawalpemilu.org#16008,"AMBAI BAWAH, SITINJAU LAUT, KERINCI, JAMBI",5,13,218,231
https://kawalpemilu.org#16009,"HIANG KARYA, SITINJAU LAUT, KERINCI, JAMBI",1,30,175,205
https://kawalpemilu.org#16009,"HIANG KARYA, SITINJAU LAUT, KERINCI, JAMBI",2,34,144,178
https://kawalpemilu.org#84541,"HIANG LESTARI, SITINJAU LAUT, KERINCI, JAMBI",1,9,181,190
https://kawalpemilu.org#84541,"HIANG LESTARI, SITINJAU LAUT, KERINCI, JAMBI",2,32,170,202
https://kawalpemilu.org#84541,"HIANG LESTARI, SITINJAU LAUT, KERINCI, JAMBI",3,32,151,183
https://kawalpemilu.org#84542,"ANGKASA PURA, SITINJAU LAUT, KERINCI, JAMBI",1,28,159,187
https://kawalpemilu.org#84542,"ANGKASA PURA, SITINJAU LAUT, KERINCI, JAMBI",2,22,210,232
https://kawalpemilu.org#84542,"ANGKASA PURA, SITINJAU LAUT, KERINCI, JAMBI",3,33,132,165
https://kawalpemilu.org#84543,"HIANG SAKTI, SITINJAU LAUT, KERINCI, JAMBI",1,16,138,154
https://kawalpemilu.org#84543,"HIANG SAKTI, SITINJAU LAUT, KERINCI, JAMBI",2,21,140,161
https://kawalpemilu.org#84544,"BARU SEMERAH, SITINJAU LAUT, KERINCI, JAMBI",1,37,98,135
https://kawalpemilu.org#84544,"BARU SEMERAH, SITINJAU LAUT, KERINCI, JAMBI",2,33,84,117
https://kawalpemilu.org#84545,"KOTO SEKILAN AMBAI, SITINJAU LAUT, KERINCI, JAMBI",1,20,173,193
https://kawalpemilu.org#84545,"KOTO SEKILAN AMBAI, SITINJAU LAUT, KERINCI, JAMBI",3,8,186,194
https://kawalpemilu.org#88018,"PENAWAR TINGGI, SITINJAU LAUT, KERINCI, JAMBI",1,4,119,123
https://kawalpemilu.org#88018,"PENAWAR TINGGI, SITINJAU LAUT, KERINCI, JAMBI",2,3,117,120
https://kawalpemilu.org#16013,"KOTO DUA LAMA, AIR HANGAT, KERINCI, JAMBI",1,36,173,209
https://kawalpemilu.org#16013,"KOTO DUA LAMA, AIR HANGAT, KERINCI, JAMBI",2,44,152,196
https://kawalpemilu.org#16013,"KOTO DUA LAMA, AIR HANGAT, KERINCI, JAMBI",3,49,154,203
https://kawalpemilu.org#16021,"KOTO DI  AIR, AIR HANGAT, KERINCI, JAMBI",1,25,154,179
https://kawalpemilu.org#16021,"KOTO DI  AIR, AIR HANGAT, KERINCI, JAMBI",2,20,137,157
https://kawalpemilu.org#16022,"PASAR SEMURUP, AIR HANGAT, KERINCI, JAMBI",1,15,150,165
https://kawalpemilu.org#16022,"PASAR SEMURUP, AIR HANGAT, KERINCI, JAMBI",2,20,119,139
https://kawalpemilu.org#16023,"BALAI, AIR HANGAT, KERINCI, JAMBI",1,20,161,181
https://kawalpemilu.org#16023,"BALAI, AIR HANGAT, KERINCI, JAMBI",2,17,137,154
https://kawalpemilu.org#16023,"BALAI, AIR HANGAT, KERINCI, JAMBI",3,18,126,144
https://kawalpemilu.org#16024,"KOTO MAJIDIN HILIR, AIR HANGAT, KERINCI, JAMBI",1,27,170,197
https://kawalpemilu.org#16024,"KOTO MAJIDIN HILIR, AIR HANGAT, KERINCI, JAMBI",2,18,180,198
https://kawalpemilu.org#16024,"KOTO MAJIDIN HILIR, AIR HANGAT, KERINCI, JAMBI",3,25,109,134
https://kawalpemilu.org#16025,"PENDUNG HILIR, AIR HANGAT, KERINCI, JAMBI",1,13,200,213
https://kawalpemilu.org#16025,"PENDUNG HILIR, AIR HANGAT, KERINCI, JAMBI",2,35,162,197
https://kawalpemilu.org#16025,"PENDUNG HILIR, AIR HANGAT, KERINCI, JAMBI",3,34,139,173
https://kawalpemilu.org#16026,"PENDUNG MUDIK, AIR HANGAT, KERINCI, JAMBI",1,35,162,197
https://kawalpemilu.org#16026,"PENDUNG MUDIK, AIR HANGAT, KERINCI, JAMBI",2,23,143,166
https://kawalpemilu.org#16026,"PENDUNG MUDIK, AIR HANGAT, KERINCI, JAMBI",3,16,122,138
https://kawalpemilu.org#16027,"AIR TENANG, AIR HANGAT, KERINCI, JAMBI",1,11,151,162
https://kawalpemilu.org#16027,"AIR TENANG, AIR HANGAT, KERINCI, JAMBI",2,19,129,148
https://kawalpemilu.org#16029,"MUARA SEMERAH, AIR HANGAT, KERINCI, JAMBI",1,16,165,181
https://kawalpemilu.org#16029,"MUARA SEMERAH, AIR HANGAT, KERINCI, JAMBI",2,9,153,162
https://kawalpemilu.org#16029,"MUARA SEMERAH, AIR HANGAT, KERINCI, JAMBI",3,16,162,178
https://kawalpemilu.org#16030,"KOTO MAJIDIN MUDIK, AIR HANGAT, KERINCI, JAMBI",1,30,166,196
https://kawalpemilu.org#16030,"KOTO MAJIDIN MUDIK, AIR HANGAT, KERINCI, JAMBI",2,25,171,196
https://kawalpemilu.org#16030,"KOTO MAJIDIN MUDIK, AIR HANGAT, KERINCI, JAMBI",3,21,158,179
https://kawalpemilu.org#84546,"MUARA SEMERAH MUDIK, AIR HANGAT, KERINCI, JAMBI",1,22,148,170
https://kawalpemilu.org#84546,"MUARA SEMERAH MUDIK, AIR HANGAT, KERINCI, JAMBI",2,23,166,189
https://kawalpemilu.org#84546,"MUARA SEMERAH MUDIK, AIR HANGAT, KERINCI, JAMBI",3,10,144,154
https://kawalpemilu.org#84547,"SAWAHAN KOTO MAJIDIN, AIR HANGAT, KERINCI, JAMBI",1,39,159,198
https://kawalpemilu.org#84547,"SAWAHAN KOTO MAJIDIN, AIR HANGAT, KERINCI, JAMBI",2,29,183,212
https://kawalpemilu.org#84547,"SAWAHAN KOTO MAJIDIN, AIR HANGAT, KERINCI, JAMBI",3,35,167,202
https://kawalpemilu.org#84548,"KOTO MAJIDIN DI AIR, AIR HANGAT, KERINCI, JAMBI",1,16,143,159
https://kawalpemilu.org#84548,"KOTO MAJIDIN DI AIR, AIR HANGAT, KERINCI, JAMBI",2,26,142,168
https://kawalpemilu.org#84548,"KOTO MAJIDIN DI AIR, AIR HANGAT, KERINCI, JAMBI",3,26,126,152
https://kawalpemilu.org#90503,"SAWAHAN JAYA, AIR HANGAT, KERINCI, JAMBI",1,34,169,203
https://kawalpemilu.org#90503,"SAWAHAN JAYA, AIR HANGAT, KERINCI, JAMBI",2,26,178,204
https://kawalpemilu.org#90503,"SAWAHAN JAYA, AIR HANGAT, KERINCI, JAMBI",3,31,160,191
https://kawalpemilu.org#90538,"PENDUNG TENGAH, AIR HANGAT, KERINCI, JAMBI",1,12,175,187
https://kawalpemilu.org#90538,"PENDUNG TENGAH, AIR HANGAT, KERINCI, JAMBI",2,21,156,177
https://kawalpemilu.org#91870,"KOTO BARU SEMURUP, AIR HANGAT, KERINCI, JAMBI",1,13,172,185
https://kawalpemilu.org#91870,"KOTO BARU SEMURUP, AIR HANGAT, KERINCI, JAMBI",2,23,142,165
https://kawalpemilu.org#91870,"KOTO BARU SEMURUP, AIR HANGAT, KERINCI, JAMBI",3,14,124,138
https://kawalpemilu.org#16034,"SIULAK DERAS, GUNUNG KERINCI, KERINCI, JAMBI",2,59,116,175
https://kawalpemilu.org#16034,"SIULAK DERAS, GUNUNG KERINCI, KERINCI, JAMBI",3,48,111,159
https://kawalpemilu.org#16034,"SIULAK DERAS, GUNUNG KERINCI, KERINCI, JAMBI",6,60,135,195
https://kawalpemilu.org#16034,"SIULAK DERAS, GUNUNG KERINCI, KERINCI, JAMBI",7,55,117,172
https://kawalpemilu.org#16034,"SIULAK DERAS, GUNUNG KERINCI, KERINCI, JAMBI",9,52,143,195
https://kawalpemilu.org#16035,"SUNGAI BETUNG HILIR, GUNUNG KERINCI, KERINCI, JAMBI",1,62,98,160
https://kawalpemilu.org#16036,"SUNGAI BATU GANTIH, GUNUNG KERINCI, KERINCI, JAMBI",1,70,104,174
https://kawalpemilu.org#16036,"SUNGAI BATU GANTIH, GUNUNG KERINCI, KERINCI, JAMBI",2,48,96,144
https://kawalpemilu.org#16036,"SUNGAI BATU GANTIH, GUNUNG KERINCI, KERINCI, JAMBI",4,59,102,161
https://kawalpemilu.org#16037,"TANJUNG GENTING, GUNUNG KERINCI, KERINCI, JAMBI",1,16,141,157
https://kawalpemilu.org#16037,"TANJUNG GENTING, GUNUNG KERINCI, KERINCI, JAMBI",2,12,131,143
https://kawalpemilu.org#16037,"TANJUNG GENTING, GUNUNG KERINCI, KERINCI, JAMBI",3,10,92,102
https://kawalpemilu.org#16038,"SIMPANG TUTUP, GUNUNG KERINCI, KERINCI, JAMBI",1,32,111,143
https://kawalpemilu.org#16038,"SIMPANG TUTUP, GUNUNG KERINCI, KERINCI, JAMBI",2,24,93,117
https://kawalpemilu.org#16038,"SIMPANG TUTUP, GUNUNG KERINCI, KERINCI, JAMBI",3,45,73,118
https://kawalpemilu.org#16039,"SUKO PANGKAT, GUNUNG KERINCI, KERINCI, JAMBI",1,118,116,234
https://kawalpemilu.org#16039,"SUKO PANGKAT, GUNUNG KERINCI, KERINCI, JAMBI",2,123,80,203
https://kawalpemilu.org#16040,"SUNGAI BETUNG MUDIK, GUNUNG KERINCI, KERINCI, JAMBI",1,56,128,184
https://kawalpemilu.org#16040,"SUNGAI BETUNG MUDIK, GUNUNG KERINCI, KERINCI, JAMBI",2,59,82,141
https://kawalpemilu.org#16041,"DANAU TINGGI, GUNUNG KERINCI, KERINCI, JAMBI",1,92,40,132
https://kawalpemilu.org#16041,"DANAU TINGGI, GUNUNG KERINCI, KERINCI, JAMBI",2,92,41,133
https://kawalpemilu.org#16042,"SUNGAI GELAMPEH, GUNUNG KERINCI, KERINCI, JAMBI",1,54,123,177
https://kawalpemilu.org#16042,"SUNGAI GELAMPEH, GUNUNG KERINCI, KERINCI, JAMBI",2,74,99,173
https://kawalpemilu.org#16043,"SIULAK DERAS MUDIK, GUNUNG KERINCI, KERINCI, JAMBI",1,44,128,172
https://kawalpemilu.org#16043,"SIULAK DERAS MUDIK, GUNUNG KERINCI, KERINCI, JAMBI",2,38,140,178
https://kawalpemilu.org#16043,"SIULAK DERAS MUDIK, GUNUNG KERINCI, KERINCI, JAMBI",3,29,137,166
https://kawalpemilu.org#16043,"SIULAK DERAS MUDIK, GUNUNG KERINCI, KERINCI, JAMBI",5,67,108,175
https://kawalpemilu.org#16044,"SIULAK TENANG, GUNUNG KERINCI, KERINCI, JAMBI",1,69,122,191
https://kawalpemilu.org#16044,"SIULAK TENANG, GUNUNG KERINCI, KERINCI, JAMBI",2,33,79,112
https://kawalpemilu.org#84549,"SUNGAI BATU GANTIH HILIR, GUNUNG KERINCI, KERINCI, JAMBI",2,69,80,149
https://kawalpemilu.org#84549,"SUNGAI BATU GANTIH HILIR, GUNUNG KERINCI, KERINCI, JAMBI",3,62,106,168
https://kawalpemilu.org#84550,"BARU SUNGAI BETUNG MUDIK, GUNUNG KERINCI, KERINCI, JAMBI",1,70,92,162
https://kawalpemilu.org#84550,"BARU SUNGAI BETUNG MUDIK, GUNUNG KERINCI, KERINCI, JAMBI",2,38,110,148
https://kawalpemilu.org#84550,"BARU SUNGAI BETUNG MUDIK, GUNUNG KERINCI, KERINCI, JAMBI",3,48,84,132
https://kawalpemilu.org#84551,"TANJUNG GENTING MUDIK, GUNUNG KERINCI, KERINCI, JAMBI",1,12,152,164
https://kawalpemilu.org#84551,"TANJUNG GENTING MUDIK, GUNUNG KERINCI, KERINCI, JAMBI",2,13,133,146
https://kawalpemilu.org#84551,"TANJUNG GENTING MUDIK, GUNUNG KERINCI, KERINCI, JAMBI",3,17,123,140
https://kawalpemilu.org#84552,"AIR BETUNG, GUNUNG KERINCI, KERINCI, JAMBI",1,53,113,166
https://kawalpemilu.org#84552,"AIR BETUNG, GUNUNG KERINCI, KERINCI, JAMBI",2,39,123,162
https://kawalpemilu.org#84553,"UJUNG LADANG, GUNUNG KERINCI, KERINCI, JAMBI",1,137,65,202
https://kawalpemilu.org#16049,"TARUTUNG, BATANG MERANGIN, KERINCI, JAMBI",1,20,154,174
https://kawalpemilu.org#16049,"TARUTUNG, BATANG MERANGIN, KERINCI, JAMBI",2,29,123,152
https://kawalpemilu.org#16049,"TARUTUNG, BATANG MERANGIN, KERINCI, JAMBI",3,42,139,181
https://kawalpemilu.org#16049,"TARUTUNG, BATANG MERANGIN, KERINCI, JAMBI",4,25,137,162
https://kawalpemilu.org#16049,"TARUTUNG, BATANG MERANGIN, KERINCI, JAMBI",5,22,145,167
https://kawalpemilu.org#16049,"TARUTUNG, BATANG MERANGIN, KERINCI, JAMBI",6,22,107,129
https://kawalpemilu.org#16051,"LUBUK PAKU, BATANG MERANGIN, KERINCI, JAMBI",1,116,88,204
https://kawalpemilu.org#16051,"LUBUK PAKU, BATANG MERANGIN, KERINCI, JAMBI",3,120,57,177
https://kawalpemilu.org#16051,"LUBUK PAKU, BATANG MERANGIN, KERINCI, JAMBI",4,84,41,125
https://kawalpemilu.org#16052,"TAMIAI, BATANG MERANGIN, KERINCI, JAMBI",1,59,142,201
https://kawalpemilu.org#16052,"TAMIAI, BATANG MERANGIN, KERINCI, JAMBI",2,58,104,162
https://kawalpemilu.org#16052,"TAMIAI, BATANG MERANGIN, KERINCI, JAMBI",3,50,94,144
https://kawalpemilu.org#16052,"TAMIAI, BATANG MERANGIN, KERINCI, JAMBI",4,42,124,166
https://kawalpemilu.org#16052,"TAMIAI, BATANG MERANGIN, KERINCI, JAMBI",5,37,91,128
https://kawalpemilu.org#16052,"TAMIAI, BATANG MERANGIN, KERINCI, JAMBI",6,35,108,143
https://kawalpemilu.org#16052,"TAMIAI, BATANG MERANGIN, KERINCI, JAMBI",7,45,67,112
https://kawalpemilu.org#16052,"TAMIAI, BATANG MERANGIN, KERINCI, JAMBI",8,73,93,166
https://kawalpemilu.org#16053,"PEMATANG LINGKUNG, BATANG MERANGIN, KERINCI, JAMBI",1,119,85,204
https://kawalpemilu.org#16053,"PEMATANG LINGKUNG, BATANG MERANGIN, KERINCI, JAMBI",2,114,48,162
https://kawalpemilu.org#16053,"PEMATANG LINGKUNG, BATANG MERANGIN, KERINCI, JAMBI",3,121,74,195
https://kawalpemilu.org#16054,"PASAR TAMIAI, BATANG MERANGIN, KERINCI, JAMBI",1,56,149,205
https://kawalpemilu.org#16054,"PASAR TAMIAI, BATANG MERANGIN, KERINCI, JAMBI",3,65,113,178
https://kawalpemilu.org#16054,"PASAR TAMIAI, BATANG MERANGIN, KERINCI, JAMBI",4,41,149,190
https://kawalpemilu.org#16054,"PASAR TAMIAI, BATANG MERANGIN, KERINCI, JAMBI",5,34,112,146
https://kawalpemilu.org#16055,"SEBERANG MERANGIN, BATANG MERANGIN, KERINCI, JAMBI",1,34,167,201
https://kawalpemilu.org#16055,"SEBERANG MERANGIN, BATANG MERANGIN, KERINCI, JAMBI",2,13,155,168
https://kawalpemilu.org#16055,"SEBERANG MERANGIN, BATANG MERANGIN, KERINCI, JAMBI",3,43,153,196
https://kawalpemilu.org#16056,"BARU PULAU SANGKAR, BATANG MERANGIN, KERINCI, JAMBI",1,53,169,222
https://kawalpemilu.org#16056,"BARU PULAU SANGKAR, BATANG MERANGIN, KERINCI, JAMBI",2,49,120,169
https://kawalpemilu.org#16056,"BARU PULAU SANGKAR, BATANG MERANGIN, KERINCI, JAMBI",4,36,118,154
https://kawalpemilu.org#16056,"BARU PULAU SANGKAR, BATANG MERANGIN, KERINCI, JAMBI",5,34,139,173
https://kawalpemilu.org#16058,"BATANG MERANGIN, BATANG MERANGIN, KERINCI, JAMBI",1,85,94,179
https://kawalpemilu.org#16058,"BATANG MERANGIN, BATANG MERANGIN, KERINCI, JAMBI",2,80,47,127
https://kawalpemilu.org#16058,"BATANG MERANGIN, BATANG MERANGIN, KERINCI, JAMBI",3,95,112,207
https://kawalpemilu.org#16058,"BATANG MERANGIN, BATANG MERANGIN, KERINCI, JAMBI",4,97,69,166
https://kawalpemilu.org#16059,"MUARA HEMAT, BATANG MERANGIN, KERINCI, JAMBI",3,65,103,168
https://kawalpemilu.org#16028,"KOTO BARU, KELILING DANAU, KERINCI, JAMBI",1,81,148,229
https://kawalpemilu.org#16028,"KOTO BARU, KELILING DANAU, KERINCI, JAMBI",2,55,134,189
https://kawalpemilu.org#16028,"KOTO BARU, KELILING DANAU, KERINCI, JAMBI",3,64,135,199
https://kawalpemilu.org#16061,"JUJUN, KELILING DANAU, KERINCI, JAMBI",1,15,189,204
https://kawalpemilu.org#16061,"JUJUN, KELILING DANAU, KERINCI, JAMBI",2,23,151,174
https://kawalpemilu.org#16061,"JUJUN, KELILING DANAU, KERINCI, JAMBI",3,61,151,212
https://kawalpemilu.org#16062,"TALANG LINDUNG, KELILING DANAU, KERINCI, JAMBI",1,47,121,168
https://kawalpemilu.org#16064,"PIDUNG, KELILING DANAU, KERINCI, JAMBI",2,38,123,161
https://kawalpemilu.org#16065,"TANJUNG BATU, KELILING DANAU, KERINCI, JAMBI",1,32,87,119
https://kawalpemilu.org#16066,"BENIK, KELILING DANAU, KERINCI, JAMBI",1,34,144,178
https://kawalpemilu.org#16066,"BENIK, KELILING DANAU, KERINCI, JAMBI",2,24,121,145
https://kawalpemilu.org#16067,"KOTO TUO P. TENGAH, KELILING DANAU, KERINCI, JAMBI",1,19,199,218
https://kawalpemilu.org#16067,"KOTO TUO P. TENGAH, KELILING DANAU, KERINCI, JAMBI",2,33,182,215
https://kawalpemilu.org#16067,"KOTO TUO P. TENGAH, KELILING DANAU, KERINCI, JAMBI",3,37,178,215
https://kawalpemilu.org#16067,"KOTO TUO P. TENGAH, KELILING DANAU, KERINCI, JAMBI",4,56,161,217
https://kawalpemilu.org#16067,"KOTO TUO P. TENGAH, KELILING DANAU, KERINCI, JAMBI",5,34,143,177
https://kawalpemilu.org#16068,"KOTO DIAN P. TENGAH, KELILING DANAU, KERINCI, JAMBI",1,29,146,175
https://kawalpemilu.org#16068,"KOTO DIAN P. TENGAH, KELILING DANAU, KERINCI, JAMBI",2,43,159,202
https://kawalpemilu.org#16070,"TANJUNG PAUH HILIR, KELILING DANAU, KERINCI, JAMBI",1,21,116,137
https://kawalpemilu.org#16070,"TANJUNG PAUH HILIR, KELILING DANAU, KERINCI, JAMBI",3,24,113,137
https://kawalpemilu.org#16071,"SEMERAP, KELILING DANAU, KERINCI, JAMBI",1,19,113,132
https://kawalpemilu.org#16071,"SEMERAP, KELILING DANAU, KERINCI, JAMBI",3,25,129,154
https://kawalpemilu.org#16071,"SEMERAP, KELILING DANAU, KERINCI, JAMBI",4,9,99,108
https://kawalpemilu.org#16072,"LEMPUR DANAU, KELILING DANAU, KERINCI, JAMBI",1,35,196,231
https://kawalpemilu.org#16072,"LEMPUR DANAU, KELILING DANAU, KERINCI, JAMBI",3,20,202,222
https://kawalpemilu.org#16073,"DSN. BARU P. TENGAH, KELILING DANAU, KERINCI, JAMBI",1,24,126,150
https://kawalpemilu.org#16073,"DSN. BARU P. TENGAH, KELILING DANAU, KERINCI, JAMBI",2,27,117,144
https://kawalpemilu.org#16073,"DSN. BARU P. TENGAH, KELILING DANAU, KERINCI, JAMBI",3,25,99,124
https://kawalpemilu.org#16074,"KOTO BARU SEMERAP, KELILING DANAU, KERINCI, JAMBI",1,17,144,161
https://kawalpemilu.org#16074,"KOTO BARU SEMERAP, KELILING DANAU, KERINCI, JAMBI",3,16,128,144
https://kawalpemilu.org#16075,"KOTO PATAH, KELILING DANAU, KERINCI, JAMBI",1,4,167,171
https://kawalpemilu.org#16075,"KOTO PATAH, KELILING DANAU, KERINCI, JAMBI",2,22,121,143
https://kawalpemilu.org#16075,"KOTO PATAH, KELILING DANAU, KERINCI, JAMBI",3,19,160,179
https://kawalpemilu.org#16075,"KOTO PATAH, KELILING DANAU, KERINCI, JAMBI",4,23,176,199
https://kawalpemilu.org#16076,"PUNAI MERINDU, KELILING DANAU, KERINCI, JAMBI",1,35,167,202
https://kawalpemilu.org#16076,"PUNAI MERINDU, KELILING DANAU, KERINCI, JAMBI",2,16,188,204
https://kawalpemilu.org#16076,"PUNAI MERINDU, KELILING DANAU, KERINCI, JAMBI",3,15,169,184
https://kawalpemilu.org#16077,"PONDOK SIGUANG, KELILING DANAU, KERINCI, JAMBI",2,11,88,99
https://kawalpemilu.org#16077,"PONDOK SIGUANG, KELILING DANAU, KERINCI, JAMBI",3,11,92,103
https://kawalpemilu.org#16078,"TELAGO, KELILING DANAU, KERINCI, JAMBI",1,27,198,225
https://kawalpemilu.org#16079,"KOTO AGUNG, KELILING DANAU, KERINCI, JAMBI",1,74,174,218
https://kawalpemilu.org#16079,"KOTO AGUNG, KELILING DANAU, KERINCI, JAMBI",2,72,120,192
https://kawalpemilu.org#16080,"PANCURAN TIGA, KELILING DANAU, KERINCI, JAMBI",2,16,206,222
https://kawalpemilu.org#84554,"PERMAI BARU, KELILING DANAU, KERINCI, JAMBI",1,30,172,202
https://kawalpemilu.org#84554,"PERMAI BARU, KELILING DANAU, KERINCI, JAMBI",2,24,170,194
https://kawalpemilu.org#84554,"PERMAI BARU, KELILING DANAU, KERINCI, JAMBI",3,16,138,154
https://kawalpemilu.org#84555,"PASAR SEMERAP, KELILING DANAU, KERINCI, JAMBI",1,15,140,155
https://kawalpemilu.org#84555,"PASAR SEMERAP, KELILING DANAU, KERINCI, JAMBI",3,17,126,143
https://kawalpemilu.org#84555,"PASAR SEMERAP, KELILING DANAU, KERINCI, JAMBI",4,10,99,109
https://kawalpemilu.org#84556,"JEMBATAN MERAH PULAU TENGAH, KELILING DANAU, KERINCI, JAMBI",1,41,93,134
https://kawalpemilu.org#84556,"JEMBATAN MERAH PULAU TENGAH, KELILING DANAU, KERINCI, JAMBI",2,28,121,149
https://kawalpemilu.org#84557,"LIMOK MANAIH PULAU TENGAH, KELILING DANAU, KERINCI, JAMBI",1,38,181,219
https://kawalpemilu.org#84558,"PASAR JUJUN, KELILING DANAU, KERINCI, JAMBI",1,30,195,225
https://kawalpemilu.org#84558,"PASAR JUJUN, KELILING DANAU, KERINCI, JAMBI",2,49,175,224
https://kawalpemilu.org#84559,"PANCURAN BANGKO, KELILING DANAU, KERINCI, JAMBI",2,17,180,197
https://kawalpemilu.org#84560,"SUMUR JAUH, KELILING DANAU, KERINCI, JAMBI",1,11,194,205
https://kawalpemilu.org#84560,"SUMUR JAUH, KELILING DANAU, KERINCI, JAMBI",2,16,162,178
https://kawalpemilu.org#84560,"SUMUR JAUH, KELILING DANAU, KERINCI, JAMBI",3,14,177,191
https://kawalpemilu.org#84561,"BUKIT PULAI, KELILING DANAU, KERINCI, JAMBI",1,22,177,199
https://kawalpemilu.org#84562,"SERUMPUN PAUH, KELILING DANAU, KERINCI, JAMBI",1,20,138,158
https://kawalpemilu.org#84562,"SERUMPUN PAUH, KELILING DANAU, KERINCI, JAMBI",3,15,125,140
https://kawalpemilu.org#90507,"PULAUTENGAH, KELILING DANAU, KERINCI, JAMBI",1,37,137,174
https://kawalpemilu.org#90507,"PULAUTENGAH, KELILING DANAU, KERINCI, JAMBI",2,31,134,165
https://kawalpemilu.org#90507,"PULAUTENGAH, KELILING DANAU, KERINCI, JAMBI",3,28,135,163
https://kawalpemilu.org#90508,"KOTO TENGAH, KELILING DANAU, KERINCI, JAMBI",1,18,107,125
https://kawalpemilu.org#90508,"KOTO TENGAH, KELILING DANAU, KERINCI, JAMBI",2,29,119,148
https://kawalpemilu.org#16091,"KOTO TUO, KAYU ARO, KERINCI, JAMBI",1,45,171,216
https://kawalpemilu.org#16091,"KOTO TUO, KAYU ARO, KERINCI, JAMBI",2,37,155,192
https://kawalpemilu.org#16092,"SUNGAITANDUK, KAYU ARO, KERINCI, JAMBI",1,79,105,184
https://kawalpemilu.org#16092,"SUNGAITANDUK, KAYU ARO, KERINCI, JAMBI",2,92,52,144
https://kawalpemilu.org#16092,"SUNGAITANDUK, KAYU ARO, KERINCI, JAMBI",3,105,116,221
https://kawalpemilu.org#16092,"SUNGAITANDUK, KAYU ARO, KERINCI, JAMBI",4,79,140,219
https://kawalpemilu.org#16092,"SUNGAITANDUK, KAYU ARO, KERINCI, JAMBI",5,55,99,154
https://kawalpemilu.org#16092,"SUNGAITANDUK, KAYU ARO, KERINCI, JAMBI",6,91,96,187
https://kawalpemilu.org#16093,"KERSIK TUO, KAYU ARO, KERINCI, JAMBI",1,128,75,203
https://kawalpemilu.org#16093,"KERSIK TUO, KAYU ARO, KERINCI, JAMBI",2,148,59,207
https://kawalpemilu.org#16093,"KERSIK TUO, KAYU ARO, KERINCI, JAMBI",3,120,86,206
https://kawalpemilu.org#16093,"KERSIK TUO, KAYU ARO, KERINCI, JAMBI",4,85,90,175
https://kawalpemilu.org#16093,"KERSIK TUO, KAYU ARO, KERINCI, JAMBI",5,100,82,182
https://kawalpemilu.org#16093,"KERSIK TUO, KAYU ARO, KERINCI, JAMBI",6,110,80,190
https://kawalpemilu.org#16093,"KERSIK TUO, KAYU ARO, KERINCI, JAMBI",8,124,86,210
https://kawalpemilu.org#16094,"SANGIR, KAYU ARO, KERINCI, JAMBI",1,43,171,214
https://kawalpemilu.org#16094,"SANGIR, KAYU ARO, KERINCI, JAMBI",2,30,140,170
https://kawalpemilu.org#16094,"SANGIR, KAYU ARO, KERINCI, JAMBI",3,59,169,228
https://kawalpemilu.org#16095,"KOTO BARU, KAYU ARO, KERINCI, JAMBI",1,89,111,200
https://kawalpemilu.org#16096,"KOTO PANJANG, KAYU ARO, KERINCI, JAMBI",1,61,143,204
https://kawalpemilu.org#16096,"KOTO PANJANG, KAYU ARO, KERINCI, JAMBI",2,32,148,180
https://kawalpemilu.org#16097,"KOTO TENGAH, KAYU ARO, KERINCI, JAMBI",1,19,152,171
https://kawalpemilu.org#16097,"KOTO TENGAH, KAYU ARO, KERINCI, JAMBI",2,24,131,155
https://kawalpemilu.org#16097,"KOTO TENGAH, KAYU ARO, KERINCI, JAMBI",3,18,149,167
https://kawalpemilu.org#16098,"SUNGAIBENDUNG AIR, KAYU ARO, KERINCI, JAMBI",1,38,149,187
https://kawalpemilu.org#16098,"SUNGAIBENDUNG AIR, KAYU ARO, KERINCI, JAMBI",2,29,123,152
https://kawalpemilu.org#16099,"SUNGAISAMPUN, KAYU ARO, KERINCI, JAMBI",1,84,73,157
https://kawalpemilu.org#16099,"SUNGAISAMPUN, KAYU ARO, KERINCI, JAMBI",2,71,46,117
https://kawalpemilu.org#16100,"BEDENG BARU, KAYU ARO, KERINCI, JAMBI",1,72,86,158
https://kawalpemilu.org#16100,"BEDENG BARU, KAYU ARO, KERINCI, JAMBI",2,67,85,152
https://kawalpemilu.org#16101,"BATANG SANGIR, KAYU ARO, KERINCI, JAMBI",1,79,117,196
https://kawalpemilu.org#16101,"BATANG SANGIR, KAYU ARO, KERINCI, JAMBI",2,99,75,174
https://kawalpemilu.org#16101,"BATANG SANGIR, KAYU ARO, KERINCI, JAMBI",3,92,84,176
https://kawalpemilu.org#16101,"BATANG SANGIR, KAYU ARO, KERINCI, JAMBI",4,155,58,213
https://kawalpemilu.org#16101,"BATANG SANGIR, KAYU ARO, KERINCI, JAMBI",5,128,74,202
https://kawalpemilu.org#16101,"BATANG SANGIR, KAYU ARO, KERINCI, JAMBI",6,63,140,203
https://kawalpemilu.org#16101,"BATANG SANGIR, KAYU ARO, KERINCI, JAMBI",7,129,73,202
https://kawalpemilu.org#16101,"BATANG SANGIR, KAYU ARO, KERINCI, JAMBI",8,133,89,222
https://kawalpemilu.org#16106,"SUNGAIDALAM, KAYU ARO, KERINCI, JAMBI",1,56,97,153
https://kawalpemilu.org#16106,"SUNGAIDALAM, KAYU ARO, KERINCI, JAMBI",2,37,92,129
https://kawalpemilu.org#16106,"SUNGAIDALAM, KAYU ARO, KERINCI, JAMBI",3,40,100,140
https://kawalpemilu.org#16109,"KOTO PERIANG, KAYU ARO, KERINCI, JAMBI",1,40,135,175
https://kawalpemilu.org#16109,"KOTO PERIANG, KAYU ARO, KERINCI, JAMBI",2,47,123,170
https://kawalpemilu.org#16110,"LINDUNG JAYA, KAYU ARO, KERINCI, JAMBI",1,96,82,178
https://kawalpemilu.org#16110,"LINDUNG JAYA, KAYU ARO, KERINCI, JAMBI",2,92,91,183
https://kawalpemilu.org#16110,"LINDUNG JAYA, KAYU ARO, KERINCI, JAMBI",3,112,92,204
https://kawalpemilu.org#84563,"RENAH KASAH, KAYU ARO, KERINCI, JAMBI",1,86,94,180
https://kawalpemilu.org#84563,"RENAH KASAH, KAYU ARO, KERINCI, JAMBI",2,59,80,139
https://kawalpemilu.org#84564,"PASAR SUNGAI TANDUK, KAYU ARO, KERINCI, JAMBI",1,89,122,211
https://kawalpemilu.org#84564,"PASAR SUNGAI TANDUK, KAYU ARO, KERINCI, JAMBI",2,70,132,202
https://kawalpemilu.org#84564,"PASAR SUNGAI TANDUK, KAYU ARO, KERINCI, JAMBI",3,68,100,168
https://kawalpemilu.org#84564,"PASAR SUNGAI TANDUK, KAYU ARO, KERINCI, JAMBI",4,59,104,163
https://kawalpemilu.org#84564,"PASAR SUNGAI TANDUK, KAYU ARO, KERINCI, JAMBI",5,61,103,164
https://kawalpemilu.org#84565,"SANGIR TENGAH, KAYU ARO, KERINCI, JAMBI",1,59,156,215
https://kawalpemilu.org#84565,"SANGIR TENGAH, KAYU ARO, KERINCI, JAMBI",2,33,182,215
https://kawalpemilu.org#84566,"BENDUNG AIR TIMUR, KAYU ARO, KERINCI, JAMBI",1,38,196,234
https://kawalpemilu.org#84566,"BENDUNG AIR TIMUR, KAYU ARO, KERINCI, JAMBI",2,49,177,226
https://kawalpemilu.org#90509,"MEKAR SARI, KAYU ARO, KERINCI, JAMBI",1,75,99,174
https://kawalpemilu.org#90509,"MEKAR SARI, KAYU ARO, KERINCI, JAMBI",2,100,85,185
https://kawalpemilu.org#90509,"MEKAR SARI, KAYU ARO, KERINCI, JAMBI",3,128,65,193
https://kawalpemilu.org#90509,"MEKAR SARI, KAYU ARO, KERINCI, JAMBI",4,88,81,169
https://kawalpemilu.org#90510,"MEKAR JAYA, KAYU ARO, KERINCI, JAMBI",1,125,84,209
https://kawalpemilu.org#90510,"MEKAR JAYA, KAYU ARO, KERINCI, JAMBI",2,152,54,206
https://kawalpemilu.org#90510,"MEKAR JAYA, KAYU ARO, KERINCI, JAMBI",3,138,70,208
https://kawalpemilu.org#90510,"MEKAR JAYA, KAYU ARO, KERINCI, JAMBI",4,124,62,186
https://kawalpemilu.org#90510,"MEKAR JAYA, KAYU ARO, KERINCI, JAMBI",5,151,58,209
https://kawalpemilu.org#90510,"MEKAR JAYA, KAYU ARO, KERINCI, JAMBI",6,141,60,201
https://kawalpemilu.org#90511,"TANJUNGBUNGO, KAYU ARO, KERINCI, JAMBI",1,52,108,160
https://kawalpemilu.org#90511,"TANJUNGBUNGO, KAYU ARO, KERINCI, JAMBI",3,57,90,147
https://kawalpemilu.org#16112,"KEMANTAN TINGGI, AIR HANGAT TIMUR, KERINCI, JAMBI",1,38,186,224
https://kawalpemilu.org#16112,"KEMANTAN TINGGI, AIR HANGAT TIMUR, KERINCI, JAMBI",2,54,145,199
https://kawalpemilu.org#16114,"KEMANTAN DARAT, AIR HANGAT TIMUR, KERINCI, JAMBI",1,23,121,144
https://kawalpemilu.org#16114,"KEMANTAN DARAT, AIR HANGAT TIMUR, KERINCI, JAMBI",2,24,118,142
https://kawalpemilu.org#16114,"KEMANTAN DARAT, AIR HANGAT TIMUR, KERINCI, JAMBI",3,21,113,134
https://kawalpemilu.org#16115,"SUNGAI ABU, AIR HANGAT TIMUR, KERINCI, JAMBI",1,20,156,176
https://kawalpemilu.org#16115,"SUNGAI ABU, AIR HANGAT TIMUR, KERINCI, JAMBI",2,27,98,125
https://kawalpemilu.org#16116,"PONDOK SUNGAI ABU, AIR HANGAT TIMUR, KERINCI, JAMBI",1,28,128,156
https://kawalpemilu.org#16116,"PONDOK SUNGAI ABU, AIR HANGAT TIMUR, KERINCI, JAMBI",3,42,123,165
https://kawalpemilu.org#16117,"KOTO TEBAT, AIR HANGAT TIMUR, KERINCI, JAMBI",1,26,119,145
https://kawalpemilu.org#16117,"KOTO TEBAT, AIR HANGAT TIMUR, KERINCI, JAMBI",2,33,133,166
https://kawalpemilu.org#16117,"KOTO TEBAT, AIR HANGAT TIMUR, KERINCI, JAMBI",3,13,112,125
https://kawalpemilu.org#16118,"SUNGAI MEDANG, AIR HANGAT TIMUR, KERINCI, JAMBI",1,37,192,229
https://kawalpemilu.org#16118,"SUNGAI MEDANG, AIR HANGAT TIMUR, KERINCI, JAMBI",2,24,193,217
https://kawalpemilu.org#16118,"SUNGAI MEDANG, AIR HANGAT TIMUR, KERINCI, JAMBI",3,27,178,205
https://kawalpemilu.org#16118,"SUNGAI MEDANG, AIR HANGAT TIMUR, KERINCI, JAMBI",4,28,173,201
https://kawalpemilu.org#16119,"AIR HANGAT, AIR HANGAT TIMUR, KERINCI, JAMBI",1,51,111,162
https://kawalpemilu.org#16119,"AIR HANGAT, AIR HANGAT TIMUR, KERINCI, JAMBI",2,56,100,156
https://kawalpemilu.org#16119,"AIR HANGAT, AIR HANGAT TIMUR, KERINCI, JAMBI",3,35,123,158
https://kawalpemilu.org#16120,"BARU SUNGAI TUTUNG, AIR HANGAT TIMUR, KERINCI, JAMBI",1,30,170,200
https://kawalpemilu.org#16120,"BARU SUNGAI TUTUNG, AIR HANGAT TIMUR, KERINCI, JAMBI",2,30,120,150
https://kawalpemilu.org#16120,"BARU SUNGAI TUTUNG, AIR HANGAT TIMUR, KERINCI, JAMBI",3,36,120,156
https://kawalpemilu.org#16120,"BARU SUNGAI TUTUNG, AIR HANGAT TIMUR, KERINCI, JAMBI",4,26,124,150
https://kawalpemilu.org#16121,"PUNGUT TENGAH, AIR HANGAT TIMUR, KERINCI, JAMBI",1,99,60,159
https://kawalpemilu.org#16121,"PUNGUT TENGAH, AIR HANGAT TIMUR, KERINCI, JAMBI",2,89,71,160
https://kawalpemilu.org#16122,"PUNGUT HILIR, AIR HANGAT TIMUR, KERINCI, JAMBI",1,75,100,175
https://kawalpemilu.org#16122,"PUNGUT HILIR, AIR HANGAT TIMUR, KERINCI, JAMBI",2,65,108,173
https://kawalpemilu.org#16122,"PUNGUT HILIR, AIR HANGAT TIMUR, KERINCI, JAMBI",3,69,102,171
https://kawalpemilu.org#16123,"PUNGUT MUDIK, AIR HANGAT TIMUR, KERINCI, JAMBI",1,89,129,218
https://kawalpemilu.org#16123,"PUNGUT MUDIK, AIR HANGAT TIMUR, KERINCI, JAMBI",2,85,133,218
https://kawalpemilu.org#16123,"PUNGUT MUDIK, AIR HANGAT TIMUR, KERINCI, JAMBI",3,90,100,190
https://kawalpemilu.org#16125,"SUNGAI TUTUNG, AIR HANGAT TIMUR, KERINCI, JAMBI",2,29,133,162
https://kawalpemilu.org#16125,"SUNGAI TUTUNG, AIR HANGAT TIMUR, KERINCI, JAMBI",5,35,107,142
https://kawalpemilu.org#16125,"SUNGAI TUTUNG, AIR HANGAT TIMUR, KERINCI, JAMBI",6,41,95,136
https://kawalpemilu.org#16126,"KEMANTAN AGUNG, AIR HANGAT TIMUR, KERINCI, JAMBI",1,43,173,216
https://kawalpemilu.org#16126,"KEMANTAN AGUNG, AIR HANGAT TIMUR, KERINCI, JAMBI",2,49,141,190
https://kawalpemilu.org#16126,"KEMANTAN AGUNG, AIR HANGAT TIMUR, KERINCI, JAMBI",3,37,152,189
https://kawalpemilu.org#16127,"SUNGAI DERAS, AIR HANGAT TIMUR, KERINCI, JAMBI",1,9,151,160
https://kawalpemilu.org#16127,"SUNGAI DERAS, AIR HANGAT TIMUR, KERINCI, JAMBI",2,13,113,126
https://kawalpemilu.org#16127,"SUNGAI DERAS, AIR HANGAT TIMUR, KERINCI, JAMBI",3,7,106,113
https://kawalpemilu.org#84567,"KEMANTAN MUDIK, AIR HANGAT TIMUR, KERINCI, JAMBI",1,25,148,173
https://kawalpemilu.org#84567,"KEMANTAN MUDIK, AIR HANGAT TIMUR, KERINCI, JAMBI",2,34,122,156
https://kawalpemilu.org#84567,"KEMANTAN MUDIK, AIR HANGAT TIMUR, KERINCI, JAMBI",3,46,126,172
https://kawalpemilu.org#84568,"SIMPANG EMPAT SUNGAI TUTUNG, AIR HANGAT TIMUR, KERINCI, JAMBI",1,38,174,212
https://kawalpemilu.org#84568,"SIMPANG EMPAT SUNGAI TUTUNG, AIR HANGAT TIMUR, KERINCI, JAMBI",2,26,188,214
https://kawalpemilu.org#84569,"BARU SUNGAI DERAS, AIR HANGAT TIMUR, KERINCI, JAMBI",1,10,195,205
https://kawalpemilu.org#84569,"BARU SUNGAI DERAS, AIR HANGAT TIMUR, KERINCI, JAMBI",2,13,159,172
https://kawalpemilu.org#84570,"TAMAN JERNIH SUNGAI TUTUNG, AIR HANGAT TIMUR, KERINCI, JAMBI",1,43,132,175
https://kawalpemilu.org#84570,"TAMAN JERNIH SUNGAI TUTUNG, AIR HANGAT TIMUR, KERINCI, JAMBI",2,58,120,178
https://kawalpemilu.org#84570,"TAMAN JERNIH SUNGAI TUTUNG, AIR HANGAT TIMUR, KERINCI, JAMBI",3,49,112,161
https://kawalpemilu.org#84572,"KEMANTAN RAYA, AIR HANGAT TIMUR, KERINCI, JAMBI",2,37,168,205
https://kawalpemilu.org#84573,"BARU AIR HANGAT, AIR HANGAT TIMUR, KERINCI, JAMBI",1,47,89,136
https://kawalpemilu.org#84574,"AIR PANAS SUNGAI ABU, AIR HANGAT TIMUR, KERINCI, JAMBI",1,20,156,176
https://kawalpemilu.org#84574,"AIR PANAS SUNGAI ABU, AIR HANGAT TIMUR, KERINCI, JAMBI",2,39,105,144
https://kawalpemilu.org#84574,"AIR PANAS SUNGAI ABU, AIR HANGAT TIMUR, KERINCI, JAMBI",3,32,119,151
https://kawalpemilu.org#84575,"BARU SUNGAI ABU, AIR HANGAT TIMUR, KERINCI, JAMBI",1,8,199,207
https://kawalpemilu.org#84575,"BARU SUNGAI ABU, AIR HANGAT TIMUR, KERINCI, JAMBI",2,29,181,210
https://kawalpemilu.org#84575,"BARU SUNGAI ABU, AIR HANGAT TIMUR, KERINCI, JAMBI",3,8,206,214
https://kawalpemilu.org#16129,"SUNGAI RUMPUN, GUNUNG TUJUH, KERINCI, JAMBI",1,10,213,223
https://kawalpemilu.org#16129,"SUNGAI RUMPUN, GUNUNG TUJUH, KERINCI, JAMBI",2,7,177,184
https://kawalpemilu.org#16130,"SUNGAI SIKAI, GUNUNG TUJUH, KERINCI, JAMBI",1,74,145,219
https://kawalpemilu.org#16130,"SUNGAI SIKAI, GUNUNG TUJUH, KERINCI, JAMBI",2,97,89,186
https://kawalpemilu.org#16130,"SUNGAI SIKAI, GUNUNG TUJUH, KERINCI, JAMBI",3,85,139,228
https://kawalpemilu.org#16130,"SUNGAI SIKAI, GUNUNG TUJUH, KERINCI, JAMBI",4,53,77,130
https://kawalpemilu.org#16131,"TANGKIL, GUNUNG TUJUH, KERINCI, JAMBI",1,149,63,212
https://kawalpemilu.org#16131,"TANGKIL, GUNUNG TUJUH, KERINCI, JAMBI",2,92,121,213
https://kawalpemilu.org#16131,"TANGKIL, GUNUNG TUJUH, KERINCI, JAMBI",3,43,176,219
https://kawalpemilu.org#16131,"TANGKIL, GUNUNG TUJUH, KERINCI, JAMBI",4,86,106,192
https://kawalpemilu.org#16131,"TANGKIL, GUNUNG TUJUH, KERINCI, JAMBI",5,28,98,126
https://kawalpemilu.org#16132,"PELOMPEK, GUNUNG TUJUH, KERINCI, JAMBI",1,19,199,218
https://kawalpemilu.org#16132,"PELOMPEK, GUNUNG TUJUH, KERINCI, JAMBI",2,40,210,250
https://kawalpemilu.org#16132,"PELOMPEK, GUNUNG TUJUH, KERINCI, JAMBI",3,35,222,257
https://kawalpemilu.org#16132,"PELOMPEK, GUNUNG TUJUH, KERINCI, JAMBI",4,28,231,259
https://kawalpemilu.org#16132,"PELOMPEK, GUNUNG TUJUH, KERINCI, JAMBI",5,102,140,242
https://kawalpemilu.org#16132,"PELOMPEK, GUNUNG TUJUH, KERINCI, JAMBI",6,14,105,119
https://kawalpemilu.org#16133,"JERNIH JAYA, GUNUNG TUJUH, KERINCI, JAMBI",1,15,196,211
https://kawalpemilu.org#16133,"JERNIH JAYA, GUNUNG TUJUH, KERINCI, JAMBI",2,41,176,217
https://kawalpemilu.org#16133,"JERNIH JAYA, GUNUNG TUJUH, KERINCI, JAMBI",3,107,90,197
https://kawalpemilu.org#16133,"JERNIH JAYA, GUNUNG TUJUH, KERINCI, JAMBI",4,54,156,210
https://kawalpemilu.org#16133,"JERNIH JAYA, GUNUNG TUJUH, KERINCI, JAMBI",5,69,85,154
https://kawalpemilu.org#16134,"BENGKOLAN DUO, GUNUNG TUJUH, KERINCI, JAMBI",1,135,101,236
https://kawalpemilu.org#16134,"BENGKOLAN DUO, GUNUNG TUJUH, KERINCI, JAMBI",2,135,75,208
https://kawalpemilu.org#16134,"BENGKOLAN DUO, GUNUNG TUJUH, KERINCI, JAMBI",3,134,95,229
https://kawalpemilu.org#16134,"BENGKOLAN DUO, GUNUNG TUJUH, KERINCI, JAMBI",4,146,80,226
https://kawalpemilu.org#16135,"LUBUK PAUH, GUNUNG TUJUH, KERINCI, JAMBI",1,27,195,222
https://kawalpemilu.org#16135,"LUBUK PAUH, GUNUNG TUJUH, KERINCI, JAMBI",2,22,177,199
https://kawalpemilu.org#16135,"LUBUK PAUH, GUNUNG TUJUH, KERINCI, JAMBI",3,24,153,177
https://kawalpemilu.org#16135,"LUBUK PAUH, GUNUNG TUJUH, KERINCI, JAMBI",4,34,182,216
https://kawalpemilu.org#16136,"TELUN BERASAP, GUNUNG TUJUH, KERINCI, JAMBI",1,77,122,199
https://kawalpemilu.org#16136,"TELUN BERASAP, GUNUNG TUJUH, KERINCI, JAMBI",2,68,99,167
https://kawalpemilu.org#16136,"TELUN BERASAP, GUNUNG TUJUH, KERINCI, JAMBI",3,52,77,129
https://kawalpemilu.org#16137,"BUMBUN DURI, GUNUNG TUJUH, KERINCI, JAMBI",1,47,204,251
https://kawalpemilu.org#16137,"BUMBUN DURI, GUNUNG TUJUH, KERINCI, JAMBI",2,49,189,238
https://kawalpemilu.org#16138,"PESISIR BUKIT, GUNUNG TUJUH, KERINCI, JAMBI",1,34,214,248
https://kawalpemilu.org#16138,"PESISIR BUKIT, GUNUNG TUJUH, KERINCI, JAMBI",2,40,140,180
https://kawalpemilu.org#16138,"PESISIR BUKIT, GUNUNG TUJUH, KERINCI, JAMBI",3,19,78,97
https://kawalpemilu.org#16139,"PAUH TINGGI, GUNUNG TUJUH, KERINCI, JAMBI",1,92,129,221
https://kawalpemilu.org#16139,"PAUH TINGGI, GUNUNG TUJUH, KERINCI, JAMBI",2,110,121,231
https://kawalpemilu.org#16139,"PAUH TINGGI, GUNUNG TUJUH, KERINCI, JAMBI",3,50,79,129
https://kawalpemilu.org#84576,"PELOMPEK PASAR BARU, GUNUNG TUJUH, KERINCI, JAMBI",1,53,163,216
https://kawalpemilu.org#84576,"PELOMPEK PASAR BARU, GUNUNG TUJUH, KERINCI, JAMBI",2,28,193,221
https://kawalpemilu.org#84576,"PELOMPEK PASAR BARU, GUNUNG TUJUH, KERINCI, JAMBI",3,34,182,216
https://kawalpemilu.org#90512,"SUNGAIJERNIH, GUNUNG TUJUH, KERINCI, JAMBI",1,17,194,211
https://kawalpemilu.org#90512,"SUNGAIJERNIH, GUNUNG TUJUH, KERINCI, JAMBI",2,14,184,198
https://kawalpemilu.org#16141,"SIULAK GEDANG, SIULAK, KERINCI, JAMBI",1,26,124,150
https://kawalpemilu.org#16141,"SIULAK GEDANG, SIULAK, KERINCI, JAMBI",2,25,117,142
https://kawalpemilu.org#16141,"SIULAK GEDANG, SIULAK, KERINCI, JAMBI",3,40,107,147
https://kawalpemilu.org#16141,"SIULAK GEDANG, SIULAK, KERINCI, JAMBI",4,34,108,142
https://kawalpemilu.org#16141,"SIULAK GEDANG, SIULAK, KERINCI, JAMBI",5,25,79,104
https://kawalpemilu.org#16141,"SIULAK GEDANG, SIULAK, KERINCI, JAMBI",6,24,85,109
https://kawalpemilu.org#16144,"PASAR SIULAK GEDANG, SIULAK, KERINCI, JAMBI",2,18,153,171
https://kawalpemilu.org#16145,"SIULAK PANJANG, SIULAK, KERINCI, JAMBI",1,46,165,211
https://kawalpemilu.org#16145,"SIULAK PANJANG, SIULAK, KERINCI, JAMBI",2,33,131,164
https://kawalpemilu.org#16145,"SIULAK PANJANG, SIULAK, KERINCI, JAMBI",3,65,160,225
https://kawalpemilu.org#16145,"SIULAK PANJANG, SIULAK, KERINCI, JAMBI",4,60,149,209
https://kawalpemilu.org#16146,"SIULAK KECIL MUDIK, SIULAK, KERINCI, JAMBI",1,38,126,164
https://kawalpemilu.org#16146,"SIULAK KECIL MUDIK, SIULAK, KERINCI, JAMBI",2,20,80,100
https://kawalpemilu.org#16146,"SIULAK KECIL MUDIK, SIULAK, KERINCI, JAMBI",3,26,99,125
https://kawalpemilu.org#16146,"SIULAK KECIL MUDIK, SIULAK, KERINCI, JAMBI",4,22,90,112
https://kawalpemilu.org#16147,"KOTO RENDAH, SIULAK, KERINCI, JAMBI",1,39,111,150
https://kawalpemilu.org#16147,"KOTO RENDAH, SIULAK, KERINCI, JAMBI",2,42,96,138
https://kawalpemilu.org#16147,"KOTO RENDAH, SIULAK, KERINCI, JAMBI",3,25,94,119
https://kawalpemilu.org#16147,"KOTO RENDAH, SIULAK, KERINCI, JAMBI",4,42,118,160
https://kawalpemilu.org#16147,"KOTO RENDAH, SIULAK, KERINCI, JAMBI",5,36,108,144
https://kawalpemilu.org#16147,"KOTO RENDAH, SIULAK, KERINCI, JAMBI",6,42,101,143
https://kawalpemilu.org#16149,"LUBUK NAGODANG, SIULAK, KERINCI, JAMBI",1,44,149,193
https://kawalpemilu.org#16149,"LUBUK NAGODANG, SIULAK, KERINCI, JAMBI",2,41,148,189
https://kawalpemilu.org#16149,"LUBUK NAGODANG, SIULAK, KERINCI, JAMBI",3,65,128,193
https://kawalpemilu.org#16150,"SUNGAIPEGEH, SIULAK, KERINCI, JAMBI",1,79,90,169
https://kawalpemilu.org#16150,"SUNGAIPEGEH, SIULAK, KERINCI, JAMBI",2,82,63,145
https://kawalpemilu.org#16151,"SUNGAILEBUH, SIULAK, KERINCI, JAMBI",1,60,130,190
https://kawalpemilu.org#16151,"SUNGAILEBUH, SIULAK, KERINCI, JAMBI",2,77,139,216
https://kawalpemilu.org#16152,"KOTO KAPEH, SIULAK, KERINCI, JAMBI",1,96,97,193
https://kawalpemilu.org#16152,"KOTO KAPEH, SIULAK, KERINCI, JAMBI",2,75,91,166
https://kawalpemilu.org#16152,"KOTO KAPEH, SIULAK, KERINCI, JAMBI",3,83,94,177
https://kawalpemilu.org#16152,"KOTO KAPEH, SIULAK, KERINCI, JAMBI",4,70,93,163
https://kawalpemilu.org#16153,"KOTO BERINGIN, SIULAK, KERINCI, JAMBI",1,25,179,204
https://kawalpemilu.org#16153,"KOTO BERINGIN, SIULAK, KERINCI, JAMBI",2,27,143,170
https://kawalpemilu.org#16153,"KOTO BERINGIN, SIULAK, KERINCI, JAMBI",4,16,170,186
https://kawalpemilu.org#16154,"DUSUN BARU, SIULAK, KERINCI, JAMBI",1,43,192,235
https://kawalpemilu.org#16154,"DUSUN BARU, SIULAK, KERINCI, JAMBI",2,40,189,229
https://kawalpemilu.org#16155,"DUSUN DALAM, SIULAK, KERINCI, JAMBI",1,24,113,137
https://kawalpemilu.org#16155,"DUSUN DALAM, SIULAK, KERINCI, JAMBI",2,10,81,91
https://kawalpemilu.org#16155,"DUSUN DALAM, SIULAK, KERINCI, JAMBI",4,13,100,113
https://kawalpemilu.org#16156,"AIR TERJUN, SIULAK, KERINCI, JAMBI",1,98,102,200
https://kawalpemilu.org#16156,"AIR TERJUN, SIULAK, KERINCI, JAMBI",2,81,111,192
https://kawalpemilu.org#16159,"KOTO ARO, SIULAK, KERINCI, JAMBI",1,34,150,184
https://kawalpemilu.org#16159,"KOTO ARO, SIULAK, KERINCI, JAMBI",2,55,126,181
https://kawalpemilu.org#16159,"KOTO ARO, SIULAK, KERINCI, JAMBI",3,50,136,186
https://kawalpemilu.org#16159,"KOTO ARO, SIULAK, KERINCI, JAMBI",4,34,126,160
https://kawalpemilu.org#16161,"KOTO LEBUH TINGGI, SIULAK, KERINCI, JAMBI",1,92,100,192
https://kawalpemilu.org#16161,"KOTO LEBUH TINGGI, SIULAK, KERINCI, JAMBI",2,96,75,171
https://kawalpemilu.org#16161,"KOTO LEBUH TINGGI, SIULAK, KERINCI, JAMBI",4,120,70,190
https://kawalpemilu.org#16164,"SIULAK KECIL HILIR, SIULAK, KERINCI, JAMBI",2,33,152,185
https://kawalpemilu.org#16164,"SIULAK KECIL HILIR, SIULAK, KERINCI, JAMBI",3,33,130,163
https://kawalpemilu.org#16164,"SIULAK KECIL HILIR, SIULAK, KERINCI, JAMBI",4,28,114,142
https://kawalpemilu.org#16164,"SIULAK KECIL HILIR, SIULAK, KERINCI, JAMBI",5,39,101,140
https://kawalpemilu.org#16165,"KOTO TENGAH, SIULAK, KERINCI, JAMBI",1,53,105,158
https://kawalpemilu.org#16165,"KOTO TENGAH, SIULAK, KERINCI, JAMBI",3,73,79,152
https://kawalpemilu.org#16165,"KOTO TENGAH, SIULAK, KERINCI, JAMBI",4,49,66,115
https://kawalpemilu.org#84577,"TELAGO BIRU, SIULAK, KERINCI, JAMBI",1,35,133,168
https://kawalpemilu.org#84577,"TELAGO BIRU, SIULAK, KERINCI, JAMBI",2,41,153,194
https://kawalpemilu.org#84577,"TELAGO BIRU, SIULAK, KERINCI, JAMBI",3,24,119,143
https://kawalpemilu.org#84577,"TELAGO BIRU, SIULAK, KERINCI, JAMBI",4,23,118,141
https://kawalpemilu.org#84578,"TUTUNG BUNGKUK, SIULAK, KERINCI, JAMBI",1,69,141,210
https://kawalpemilu.org#84578,"TUTUNG BUNGKUK, SIULAK, KERINCI, JAMBI",2,49,143,192
https://kawalpemilu.org#84579,"BARU SUNGAI PEGEH, SIULAK, KERINCI, JAMBI",2,44,156,200
https://kawalpemilu.org#84580,"BENDAR SEDAP, SIULAK, KERINCI, JAMBI",1,37,194,231
https://kawalpemilu.org#84580,"BENDAR SEDAP, SIULAK, KERINCI, JAMBI",2,22,193,215
https://kawalpemilu.org#84581,"PLAK NANEH, SIULAK, KERINCI, JAMBI",1,44,95,139
https://kawalpemilu.org#84581,"PLAK NANEH, SIULAK, KERINCI, JAMBI",2,28,49,77
https://kawalpemilu.org#84581,"PLAK NANEH, SIULAK, KERINCI, JAMBI",3,64,81,145
https://kawalpemilu.org#84582,"PADANG JANTUNG, SIULAK, KERINCI, JAMBI",1,89,102,191
https://kawalpemilu.org#84582,"PADANG JANTUNG, SIULAK, KERINCI, JAMBI",2,69,143,213
https://kawalpemilu.org#84582,"PADANG JANTUNG, SIULAK, KERINCI, JAMBI",3,50,146,196
https://kawalpemilu.org#84583,"PELAK GEDANG, SIULAK, KERINCI, JAMBI",1,76,68,144
https://kawalpemilu.org#84583,"PELAK GEDANG, SIULAK, KERINCI, JAMBI",2,73,58,131
https://kawalpemilu.org#84584,"DEMONG SAKTI, SIULAK, KERINCI, JAMBI",1,26,149,175
https://kawalpemilu.org#84584,"DEMONG SAKTI, SIULAK, KERINCI, JAMBI",2,27,152,179
https://kawalpemilu.org#84584,"DEMONG SAKTI, SIULAK, KERINCI, JAMBI",3,29,151,180
https://kawalpemilu.org#84585,"PASAR SENEN, SIULAK, KERINCI, JAMBI",1,40,148,188
https://kawalpemilu.org#84585,"PASAR SENEN, SIULAK, KERINCI, JAMBI",2,60,150,210
https://kawalpemilu.org#16169,"BELUI, DEPATI TUJUH, KERINCI, JAMBI",1,37,128,165
https://kawalpemilu.org#16169,"BELUI, DEPATI TUJUH, KERINCI, JAMBI",2,39,121,160
https://kawalpemilu.org#16169,"BELUI, DEPATI TUJUH, KERINCI, JAMBI",3,30,127,157
https://kawalpemilu.org#16169,"BELUI, DEPATI TUJUH, KERINCI, JAMBI",4,36,95,131
https://kawalpemilu.org#16169,"BELUI, DEPATI TUJUH, KERINCI, JAMBI",5,12,87,99
https://kawalpemilu.org#16171,"KOTO PANJANG, DEPATI TUJUH, KERINCI, JAMBI",2,10,124,134
https://kawalpemilu.org#16172,"KUBANG GEDANG, DEPATI TUJUH, KERINCI, JAMBI",2,11,176,187
https://kawalpemilu.org#16173,"SEMUMU, DEPATI TUJUH, KERINCI, JAMBI",5,13,186,199
https://kawalpemilu.org#16174,"BELUI TINGGI, DEPATI TUJUH, KERINCI, JAMBI",1,85,100,185
https://kawalpemilu.org#16174,"BELUI TINGGI, DEPATI TUJUH, KERINCI, JAMBI",2,59,87,146
https://kawalpemilu.org#16175,"KOTO TUO, DEPATI TUJUH, KERINCI, JAMBI",1,12,201,213
https://kawalpemilu.org#16175,"KOTO TUO, DEPATI TUJUH, KERINCI, JAMBI",2,9,188,197
https://kawalpemilu.org#16175,"KOTO TUO, DEPATI TUJUH, KERINCI, JAMBI",3,15,199,214
https://kawalpemilu.org#16175,"KOTO TUO, DEPATI TUJUH, KERINCI, JAMBI",4,12,172,184
https://kawalpemilu.org#16176,"KOTO PAYANG, DEPATI TUJUH, KERINCI, JAMBI",1,6,176,182
https://kawalpemilu.org#16176,"KOTO PAYANG, DEPATI TUJUH, KERINCI, JAMBI",2,5,184,189
https://kawalpemilu.org#16176,"KOTO PAYANG, DEPATI TUJUH, KERINCI, JAMBI",4,14,161,175
https://kawalpemilu.org#16177,"TEBAT IJUK, DEPATI TUJUH, KERINCI, JAMBI",1,20,162,182
https://kawalpemilu.org#16177,"TEBAT IJUK, DEPATI TUJUH, KERINCI, JAMBI",2,17,149,166
https://kawalpemilu.org#16177,"TEBAT IJUK, DEPATI TUJUH, KERINCI, JAMBI",3,15,123,138
https://kawalpemilu.org#16178,"SEKUNGKUNG, DEPATI TUJUH, KERINCI, JAMBI",2,19,126,145
https://kawalpemilu.org#16178,"SEKUNGKUNG, DEPATI TUJUH, KERINCI, JAMBI",3,27,109,136
https://kawalpemilu.org#16179,"SIMPANG BELUI, DEPATI TUJUH, KERINCI, JAMBI",2,23,155,178
https://kawalpemilu.org#16179,"SIMPANG BELUI, DEPATI TUJUH, KERINCI, JAMBI",4,21,130,151
https://kawalpemilu.org#16180,"KOTO LANANG, DEPATI TUJUH, KERINCI, JAMBI",1,18,128,146
https://kawalpemilu.org#16180,"KOTO LANANG, DEPATI TUJUH, KERINCI, JAMBI",2,12,141,153
https://kawalpemilu.org#16180,"KOTO LANANG, DEPATI TUJUH, KERINCI, JAMBI",3,13,132,145
https://kawalpemilu.org#16180,"KOTO LANANG, DEPATI TUJUH, KERINCI, JAMBI",4,7,105,112
https://kawalpemilu.org#16181,"LADEH, DEPATI TUJUH, KERINCI, JAMBI",1,17,122,139
https://kawalpemilu.org#16181,"LADEH, DEPATI TUJUH, KERINCI, JAMBI",2,8,110,118
https://kawalpemilu.org#16182,"LUBUK SULI, DEPATI TUJUH, KERINCI, JAMBI",2,27,119,146
https://kawalpemilu.org#84586,"KAYU AHO MANGKAK KOTO LANANG, DEPATI TUJUH, KERINCI, JAMBI",1,36,152,188
https://kawalpemilu.org#84586,"KAYU AHO MANGKAK KOTO LANANG, DEPATI TUJUH, KERINCI, JAMBI",3,21,131,152
https://kawalpemilu.org#84587,"TAMBAK TINGGI, DEPATI TUJUH, KERINCI, JAMBI",1,18,139,157
https://kawalpemilu.org#84587,"TAMBAK TINGGI, DEPATI TUJUH, KERINCI, JAMBI",2,30,125,155
https://kawalpemilu.org#84587,"TAMBAK TINGGI, DEPATI TUJUH, KERINCI, JAMBI",3,21,105,126
https://kawalpemilu.org#84587,"TAMBAK TINGGI, DEPATI TUJUH, KERINCI, JAMBI",4,20,130,150
https://kawalpemilu.org#84588,"KUBANG AGUNG, DEPATI TUJUH, KERINCI, JAMBI",1,14,159,173
https://kawalpemilu.org#84588,"KUBANG AGUNG, DEPATI TUJUH, KERINCI, JAMBI",2,11,192,203
https://kawalpemilu.org#84588,"KUBANG AGUNG, DEPATI TUJUH, KERINCI, JAMBI",3,6,151,157
https://kawalpemilu.org#84589,"TEBAT IJUK DILI, DEPATI TUJUH, KERINCI, JAMBI",1,18,150,168
https://kawalpemilu.org#84589,"TEBAT IJUK DILI, DEPATI TUJUH, KERINCI, JAMBI",2,7,182,189
https://kawalpemilu.org#84590,"KOTO SIMPAI KUBANG, DEPATI TUJUH, KERINCI, JAMBI",1,9,137,146
https://kawalpemilu.org#84591,"PAHLAWAN BELUI, DEPATI TUJUH, KERINCI, JAMBI",1,25,111,136
https://kawalpemilu.org#84591,"PAHLAWAN BELUI, DEPATI TUJUH, KERINCI, JAMBI",2,17,87,104
https://kawalpemilu.org#84591,"PAHLAWAN BELUI, DEPATI TUJUH, KERINCI, JAMBI",3,32,106,138
https://kawalpemilu.org#15969,"TALANG KEMUNING, BUKITKERMAN, KERINCI, JAMBI",1,20,155,175
https://kawalpemilu.org#15969,"TALANG KEMUNING, BUKITKERMAN, KERINCI, JAMBI",2,35,122,157
https://kawalpemilu.org#15969,"TALANG KEMUNING, BUKITKERMAN, KERINCI, JAMBI",3,28,125,153
https://kawalpemilu.org#15970,"LOLO KECIL, BUKITKERMAN, KERINCI, JAMBI",1,54,133,187
https://kawalpemilu.org#15970,"LOLO KECIL, BUKITKERMAN, KERINCI, JAMBI",5,66,82,148
https://kawalpemilu.org#15971,"LOLO GEDANG, BUKITKERMAN, KERINCI, JAMBI",1,42,122,164
https://kawalpemilu.org#15971,"LOLO GEDANG, BUKITKERMAN, KERINCI, JAMBI",2,49,149,198
https://kawalpemilu.org#15971,"LOLO GEDANG, BUKITKERMAN, KERINCI, JAMBI",3,39,133,172
https://kawalpemilu.org#15971,"LOLO GEDANG, BUKITKERMAN, KERINCI, JAMBI",4,30,88,118
https://kawalpemilu.org#15972,"LOLO HILIR, BUKITKERMAN, KERINCI, JAMBI",2,42,170,212
https://kawalpemilu.org#15972,"LOLO HILIR, BUKITKERMAN, KERINCI, JAMBI",3,41,169,210
https://kawalpemilu.org#15976,"PASAR KERMAN, BUKITKERMAN, KERINCI, JAMBI",1,39,113,152
https://kawalpemilu.org#15976,"PASAR KERMAN, BUKITKERMAN, KERINCI, JAMBI",2,36,115,151
https://kawalpemilu.org#15977,"TANJUNG SYAM, BUKITKERMAN, KERINCI, JAMBI",1,45,118,163
https://kawalpemilu.org#15977,"TANJUNG SYAM, BUKITKERMAN, KERINCI, JAMBI",2,46,104,150
https://kawalpemilu.org#16046,"PONDOK, BUKITKERMAN, KERINCI, JAMBI",1,34,176,210
https://kawalpemilu.org#16046,"PONDOK, BUKITKERMAN, KERINCI, JAMBI",2,88,84,172
https://kawalpemilu.org#16046,"PONDOK, BUKITKERMAN, KERINCI, JAMBI",3,26,148,174
https://kawalpemilu.org#16048,"PENGASI LAMA, BUKITKERMAN, KERINCI, JAMBI",2,33,153,186
https://kawalpemilu.org#16048,"PENGASI LAMA, BUKITKERMAN, KERINCI, JAMBI",4,26,136,162
https://kawalpemilu.org#16048,"PENGASI LAMA, BUKITKERMAN, KERINCI, JAMBI",5,30,184,214
https://kawalpemilu.org#16057,"MUAK, BUKITKERMAN, KERINCI, JAMBI",2,50,100,150
https://kawalpemilu.org#16057,"MUAK, BUKITKERMAN, KERINCI, JAMBI",3,42,106,148
https://kawalpemilu.org#90513,"PULAUPANDAN, BUKITKERMAN, KERINCI, JAMBI",1,28,120,148
https://kawalpemilu.org#90513,"PULAUPANDAN, BUKITKERMAN, KERINCI, JAMBI",3,17,166,183
https://kawalpemilu.org#90514,"PULAUSANGKAR, BUKITKERMAN, KERINCI, JAMBI",2,42,126,168
https://kawalpemilu.org#90514,"PULAUSANGKAR, BUKITKERMAN, KERINCI, JAMBI",3,40,102,142
https://kawalpemilu.org#90515,"BINTANG MARAK, BUKITKERMAN, KERINCI, JAMBI",1,30,141,171
https://kawalpemilu.org#90515,"BINTANG MARAK, BUKITKERMAN, KERINCI, JAMBI",2,29,154,183
https://kawalpemilu.org#90515,"BINTANG MARAK, BUKITKERMAN, KERINCI, JAMBI",3,27,137,164
https://kawalpemilu.org#90516,"KARANG PANDAN, BUKITKERMAN, KERINCI, JAMBI",1,23,125,148
https://kawalpemilu.org#90516,"KARANG PANDAN, BUKITKERMAN, KERINCI, JAMBI",2,13,124,137
https://kawalpemilu.org#90516,"KARANG PANDAN, BUKITKERMAN, KERINCI, JAMBI",3,16,86,102
https://kawalpemilu.org#90517,"PENGASI BARU, BUKITKERMAN, KERINCI, JAMBI",1,81,105,186
https://kawalpemilu.org#90517,"PENGASI BARU, BUKITKERMAN, KERINCI, JAMBI",2,85,102,187
https://kawalpemilu.org#90518,"MUARO LULO, BUKITKERMAN, KERINCI, JAMBI",1,31,170,201
https://kawalpemilu.org#16016,"KOTO MUDIK, AIR HANGAT BARAT, KERINCI, JAMBI",4,13,128,141
https://kawalpemilu.org#16017,"KOTO DATUK, AIR HANGAT BARAT, KERINCI, JAMBI",2,15,74,89
https://kawalpemilu.org#16017,"KOTO DATUK, AIR HANGAT BARAT, KERINCI, JAMBI",3,12,110,122
https://kawalpemilu.org#16017,"KOTO DATUK, AIR HANGAT BARAT, KERINCI, JAMBI",4,25,79,104
https://kawalpemilu.org#16019,"PUGU, AIR HANGAT BARAT, KERINCI, JAMBI",1,14,172,186
https://kawalpemilu.org#16019,"PUGU, AIR HANGAT BARAT, KERINCI, JAMBI",2,11,171,182
https://kawalpemilu.org#16019,"PUGU, AIR HANGAT BARAT, KERINCI, JAMBI",3,13,169,182
https://kawalpemilu.org#16019,"PUGU, AIR HANGAT BARAT, KERINCI, JAMBI",4,15,173,188
https://kawalpemilu.org#16019,"PUGU, AIR HANGAT BARAT, KERINCI, JAMBI",5,11,164,175
https://kawalpemilu.org#16031,"KOTO CAYO, AIR HANGAT BARAT, KERINCI, JAMBI",1,28,165,193
https://kawalpemilu.org#16031,"KOTO CAYO, AIR HANGAT BARAT, KERINCI, JAMBI",2,15,136,151
https://kawalpemilu.org#16031,"KOTO CAYO, AIR HANGAT BARAT, KERINCI, JAMBI",3,9,138,147
https://kawalpemilu.org#16031,"KOTO CAYO, AIR HANGAT BARAT, KERINCI, JAMBI",4,16,136,152
https://kawalpemilu.org#16031,"KOTO CAYO, AIR HANGAT BARAT, KERINCI, JAMBI",5,10,101,111
https://kawalpemilu.org#16032,"HAMPARAN PUGU, AIR HANGAT BARAT, KERINCI, JAMBI",1,23,163,186
https://kawalpemilu.org#16032,"HAMPARAN PUGU, AIR HANGAT BARAT, KERINCI, JAMBI",2,21,174,195
https://kawalpemilu.org#16032,"HAMPARAN PUGU, AIR HANGAT BARAT, KERINCI, JAMBI",3,20,184,204
https://kawalpemilu.org#16032,"HAMPARAN PUGU, AIR HANGAT BARAT, KERINCI, JAMBI",4,22,168,190
https://kawalpemilu.org#84592,"AIR BERSIH, AIR HANGAT BARAT, KERINCI, JAMBI",2,30,157,187
https://kawalpemilu.org#90520,"BARU SEMURUP, AIR HANGAT BARAT, KERINCI, JAMBI",1,33,131,164
https://kawalpemilu.org#90520,"BARU SEMURUP, AIR HANGAT BARAT, KERINCI, JAMBI",2,31,128,159
https://kawalpemilu.org#90521,"AIR PANAS BARU, AIR HANGAT BARAT, KERINCI, JAMBI",1,57,147,204
https://kawalpemilu.org#90521,"AIR PANAS BARU, AIR HANGAT BARAT, KERINCI, JAMBI",2,41,127,168
https://kawalpemilu.org#90521,"AIR PANAS BARU, AIR HANGAT BARAT, KERINCI, JAMBI",3,30,102,132
https://kawalpemilu.org#90522,"KOTO TENGAH, AIR HANGAT BARAT, KERINCI, JAMBI",1,24,122,146
https://kawalpemilu.org#90522,"KOTO TENGAH, AIR HANGAT BARAT, KERINCI, JAMBI",2,24,98,122
https://kawalpemilu.org#90522,"KOTO TENGAH, AIR HANGAT BARAT, KERINCI, JAMBI",3,15,119,134
https://kawalpemilu.org#90523,"KOTO DUA BARU, AIR HANGAT BARAT, KERINCI, JAMBI",1,13,155,168
https://kawalpemilu.org#90523,"KOTO DUA BARU, AIR HANGAT BARAT, KERINCI, JAMBI",2,12,108,120
https://kawalpemilu.org#90523,"KOTO DUA BARU, AIR HANGAT BARAT, KERINCI, JAMBI",3,9,129,138
https://kawalpemilu.org#90524,"KECIL, AIR HANGAT BARAT, KERINCI, JAMBI",1,5,184,189
https://kawalpemilu.org#90524,"KECIL, AIR HANGAT BARAT, KERINCI, JAMBI",2,16,138,154
https://kawalpemilu.org#90524,"KECIL, AIR HANGAT BARAT, KERINCI, JAMBI",3,23,138,161
https://kawalpemilu.org#90524,"KECIL, AIR HANGAT BARAT, KERINCI, JAMBI",4,25,136,161
https://kawalpemilu.org#16142,"MUKAI HILIR, SIULAK MUKAI, KERINCI, JAMBI",2,94,78,172
https://kawalpemilu.org#16142,"MUKAI HILIR, SIULAK MUKAI, KERINCI, JAMBI",3,57,86,143
https://kawalpemilu.org#16142,"MUKAI HILIR, SIULAK MUKAI, KERINCI, JAMBI",4,98,93,191
https://kawalpemilu.org#16143,"MUKAI MUDIK, SIULAK MUKAI, KERINCI, JAMBI",1,110,85,195
https://kawalpemilu.org#16143,"MUKAI MUDIK, SIULAK MUKAI, KERINCI, JAMBI",2,87,108,195
https://kawalpemilu.org#16143,"MUKAI MUDIK, SIULAK MUKAI, KERINCI, JAMBI",3,77,72,149
https://kawalpemilu.org#16143,"MUKAI MUDIK, SIULAK MUKAI, KERINCI, JAMBI",4,88,77,165
https://kawalpemilu.org#16143,"MUKAI MUDIK, SIULAK MUKAI, KERINCI, JAMBI",5,108,77,185
https://kawalpemilu.org#16148,"MUKAI PINTU, SIULAK MUKAI, KERINCI, JAMBI",1,65,98,163
https://kawalpemilu.org#16148,"MUKAI PINTU, SIULAK MUKAI, KERINCI, JAMBI",2,89,103,192
https://kawalpemilu.org#16157,"MUKAI TINGGI, SIULAK MUKAI, KERINCI, JAMBI",1,126,68,194
https://kawalpemilu.org#16157,"MUKAI TINGGI, SIULAK MUKAI, KERINCI, JAMBI",2,140,44,184
https://kawalpemilu.org#16157,"MUKAI TINGGI, SIULAK MUKAI, KERINCI, JAMBI",3,129,69,198
https://kawalpemilu.org#16160,"MUKAI TENGAH, SIULAK MUKAI, KERINCI, JAMBI",1,94,92,186
https://kawalpemilu.org#16160,"MUKAI TENGAH, SIULAK MUKAI, KERINCI, JAMBI",2,63,63,126
https://kawalpemilu.org#16160,"MUKAI TENGAH, SIULAK MUKAI, KERINCI, JAMBI",3,74,76,150
https://kawalpemilu.org#16162,"SENIMPIK, SIULAK MUKAI, KERINCI, JAMBI",1,76,113,187
https://kawalpemilu.org#16162,"SENIMPIK, SIULAK MUKAI, KERINCI, JAMBI",2,93,84,177
https://kawalpemilu.org#16162,"SENIMPIK, SIULAK MUKAI, KERINCI, JAMBI",3,103,91,194
https://kawalpemilu.org#16162,"SENIMPIK, SIULAK MUKAI, KERINCI, JAMBI",4,52,73,125
https://kawalpemilu.org#16167,"PASIR JAYA, SIULAK MUKAI, KERINCI, JAMBI",2,87,35,122
https://kawalpemilu.org#84593,"MUKAI SEBERANG, SIULAK MUKAI, KERINCI, JAMBI",1,103,99,202
https://kawalpemilu.org#84593,"MUKAI SEBERANG, SIULAK MUKAI, KERINCI, JAMBI",2,72,130,202
https://kawalpemilu.org#84594,"KOTO LUA, SIULAK MUKAI, KERINCI, JAMBI",1,76,82,158
https://kawalpemilu.org#84594,"KOTO LUA, SIULAK MUKAI, KERINCI, JAMBI",2,73,59,132
https://kawalpemilu.org#84594,"KOTO LUA, SIULAK MUKAI, KERINCI, JAMBI",3,82,75,157
https://kawalpemilu.org#90525,"TEBING TINGGI, SIULAK MUKAI, KERINCI, JAMBI",1,72,131,203
https://kawalpemilu.org#90525,"TEBING TINGGI, SIULAK MUKAI, KERINCI, JAMBI",2,81,106,187
https://kawalpemilu.org#90525,"TEBING TINGGI, SIULAK MUKAI, KERINCI, JAMBI",3,75,112,187
https://kawalpemilu.org#90525,"TEBING TINGGI, SIULAK MUKAI, KERINCI, JAMBI",4,65,104,169
https://kawalpemilu.org#90525,"TEBING TINGGI, SIULAK MUKAI, KERINCI, JAMBI",5,70,120,190
https://kawalpemilu.org#90525,"TEBING TINGGI, SIULAK MUKAI, KERINCI, JAMBI",6,98,96,194
https://kawalpemilu.org#90526,"SUNGAILANGKAP, SIULAK MUKAI, KERINCI, JAMBI",1,57,97,154
https://kawalpemilu.org#90526,"SUNGAILANGKAP, SIULAK MUKAI, KERINCI, JAMBI",2,44,83,127
https://kawalpemilu.org#90527,"SUNGAIKUNING, SIULAK MUKAI, KERINCI, JAMBI",2,113,74,187
https://kawalpemilu.org#90527,"SUNGAIKUNING, SIULAK MUKAI, KERINCI, JAMBI",3,75,69,144
https://kawalpemilu.org#90528,"TALANG TINGGI, SIULAK MUKAI, KERINCI, JAMBI",1,112,83,195
https://kawalpemilu.org#90529,"LUBUK TABUN, SIULAK MUKAI, KERINCI, JAMBI",2,28,194,222
https://kawalpemilu.org#16082,"BATU HAMPAR, KAYU ARO BARAT, KERINCI, JAMBI",1,67,117,184
https://kawalpemilu.org#16082,"BATU HAMPAR, KAYU ARO BARAT, KERINCI, JAMBI",2,88,83,171
https://kawalpemilu.org#16082,"BATU HAMPAR, KAYU ARO BARAT, KERINCI, JAMBI",3,79,74,153
https://kawalpemilu.org#16082,"BATU HAMPAR, KAYU ARO BARAT, KERINCI, JAMBI",4,82,83,165
https://kawalpemilu.org#16083,"BEDENG DELAPAN, KAYU ARO BARAT, KERINCI, JAMBI",1,64,109,173
https://kawalpemilu.org#16083,"BEDENG DELAPAN, KAYU ARO BARAT, KERINCI, JAMBI",2,75,96,171
https://kawalpemilu.org#16083,"BEDENG DELAPAN, KAYU ARO BARAT, KERINCI, JAMBI",3,84,106,190
https://kawalpemilu.org#16083,"BEDENG DELAPAN, KAYU ARO BARAT, KERINCI, JAMBI",4,95,91,186
https://kawalpemilu.org#16084,"BEDENG DUA, KAYU ARO BARAT, KERINCI, JAMBI",1,58,108,166
https://kawalpemilu.org#16084,"BEDENG DUA, KAYU ARO BARAT, KERINCI, JAMBI",2,75,85,160
https://kawalpemilu.org#16084,"BEDENG DUA, KAYU ARO BARAT, KERINCI, JAMBI",3,96,86,182
https://kawalpemilu.org#16084,"BEDENG DUA, KAYU ARO BARAT, KERINCI, JAMBI",4,94,80,174
https://kawalpemilu.org#16084,"BEDENG DUA, KAYU ARO BARAT, KERINCI, JAMBI",5,77,90,167
https://kawalpemilu.org#16085,"SAKO DUO, KAYU ARO BARAT, KERINCI, JAMBI",1,101,104,205
https://kawalpemilu.org#16085,"SAKO DUO, KAYU ARO BARAT, KERINCI, JAMBI",2,98,104,202
https://kawalpemilu.org#16085,"SAKO DUO, KAYU ARO BARAT, KERINCI, JAMBI",3,96,124,220
https://kawalpemilu.org#16085,"SAKO DUO, KAYU ARO BARAT, KERINCI, JAMBI",5,79,131,210
https://kawalpemilu.org#16085,"SAKO DUO, KAYU ARO BARAT, KERINCI, JAMBI",6,88,100,188
https://kawalpemilu.org#16086,"PATOK EMPAT, KAYU ARO BARAT, KERINCI, JAMBI",1,108,114,222
https://kawalpemilu.org#16086,"PATOK EMPAT, KAYU ARO BARAT, KERINCI, JAMBI",2,98,123,221
https://kawalpemilu.org#16086,"PATOK EMPAT, KAYU ARO BARAT, KERINCI, JAMBI",3,101,106,207
https://kawalpemilu.org#16089,"BENTO, KAYU ARO BARAT, KERINCI, JAMBI",1,51,85,136
https://kawalpemilu.org#16089,"BENTO, KAYU ARO BARAT, KERINCI, JAMBI",2,70,107,177
https://kawalpemilu.org#16089,"BENTO, KAYU ARO BARAT, KERINCI, JAMBI",3,65,87,152
https://kawalpemilu.org#16089,"BENTO, KAYU ARO BARAT, KERINCI, JAMBI",4,52,86,138
https://kawalpemilu.org#16104,"KAMPUNG BARU, KAYU ARO BARAT, KERINCI, JAMBI",1,63,116,179
https://kawalpemilu.org#16104,"KAMPUNG BARU, KAYU ARO BARAT, KERINCI, JAMBI",2,115,74,189
https://kawalpemilu.org#16104,"KAMPUNG BARU, KAYU ARO BARAT, KERINCI, JAMBI",3,83,87,170
https://kawalpemilu.org#16105,"GIRI MULYO, KAYU ARO BARAT, KERINCI, JAMBI",1,88,120,208
https://kawalpemilu.org#16105,"GIRI MULYO, KAYU ARO BARAT, KERINCI, JAMBI",2,110,86,196
https://kawalpemilu.org#16105,"GIRI MULYO, KAYU ARO BARAT, KERINCI, JAMBI",3,126,71,197
https://kawalpemilu.org#16105,"GIRI MULYO, KAYU ARO BARAT, KERINCI, JAMBI",4,111,94,205
https://kawalpemilu.org#16105,"GIRI MULYO, KAYU ARO BARAT, KERINCI, JAMBI",5,100,82,182
https://kawalpemilu.org#84595,"ENSATU, KAYU ARO BARAT, KERINCI, JAMBI",1,104,47,151
https://kawalpemilu.org#84595,"ENSATU, KAYU ARO BARAT, KERINCI, JAMBI",2,95,61,156
https://kawalpemilu.org#90530,"SUNGAIRENAH, KAYU ARO BARAT, KERINCI, JAMBI",1,65,126,191
https://kawalpemilu.org#90530,"SUNGAIRENAH, KAYU ARO BARAT, KERINCI, JAMBI",2,80,89,169
https://kawalpemilu.org#90530,"SUNGAIRENAH, KAYU ARO BARAT, KERINCI, JAMBI",3,83,99,182
https://kawalpemilu.org#90531,"SUNGAILINTANG, KAYU ARO BARAT, KERINCI, JAMBI",1,114,91,205
https://kawalpemilu.org#90531,"SUNGAILINTANG, KAYU ARO BARAT, KERINCI, JAMBI",2,108,92,200
https://kawalpemilu.org#90531,"SUNGAILINTANG, KAYU ARO BARAT, KERINCI, JAMBI",3,95,88,183
https://kawalpemilu.org#90531,"SUNGAILINTANG, KAYU ARO BARAT, KERINCI, JAMBI",4,117,77,194
https://kawalpemilu.org#90531,"SUNGAILINTANG, KAYU ARO BARAT, KERINCI, JAMBI",5,98,90,198
https://kawalpemilu.org#90532,"KEBUN BARU, KAYU ARO BARAT, KERINCI, JAMBI",1,135,93,228
https://kawalpemilu.org#90532,"KEBUN BARU, KAYU ARO BARAT, KERINCI, JAMBI",2,74,104,178
https://kawalpemilu.org#90532,"KEBUN BARU, KAYU ARO BARAT, KERINCI, JAMBI",3,92,92,184
https://kawalpemilu.org#90532,"KEBUN BARU, KAYU ARO BARAT, KERINCI, JAMBI",4,78,92,170
https://kawalpemilu.org#90533,"SUNGAIJAMBU, KAYU ARO BARAT, KERINCI, JAMBI",1,48,121,169
https://kawalpemilu.org#90533,"SUNGAIJAMBU, KAYU ARO BARAT, KERINCI, JAMBI",2,61,116,177
https://kawalpemilu.org#90533,"SUNGAIJAMBU, KAYU ARO BARAT, KERINCI, JAMBI",3,49,133,182
https://kawalpemilu.org#90533,"SUNGAIJAMBU, KAYU ARO BARAT, KERINCI, JAMBI",4,68,112,180
https://kawalpemilu.org#90533,"SUNGAIJAMBU, KAYU ARO BARAT, KERINCI, JAMBI",5,63,105,168
https://kawalpemilu.org#90534,"SUNGAIKERING, KAYU ARO BARAT, KERINCI, JAMBI",1,55,85,140
https://kawalpemilu.org#90534,"SUNGAIKERING, KAYU ARO BARAT, KERINCI, JAMBI",2,61,61,122
https://kawalpemilu.org#90535,"GUNUNGLABU, KAYU ARO BARAT, KERINCI, JAMBI",1,117,126,243
https://kawalpemilu.org#90535,"GUNUNGLABU, KAYU ARO BARAT, KERINCI, JAMBI",2,134,116,250
https://kawalpemilu.org#90535,"GUNUNGLABU, KAYU ARO BARAT, KERINCI, JAMBI",3,147,87,234
https://kawalpemilu.org#90535,"GUNUNGLABU, KAYU ARO BARAT, KERINCI, JAMBI",5,96,122,218
https://kawalpemilu.org#90535,"GUNUNGLABU, KAYU ARO BARAT, KERINCI, JAMBI",6,129,93,222
https://kawalpemilu.org#90536,"SUNGAIASAM, KAYU ARO BARAT, KERINCI, JAMBI",1,98,100,198
https://kawalpemilu.org#90536,"SUNGAIASAM, KAYU ARO BARAT, KERINCI, JAMBI",2,54,149,203
https://kawalpemilu.org#90536,"SUNGAIASAM, KAYU ARO BARAT, KERINCI, JAMBI",3,91,127,218
https://kawalpemilu.org#90536,"SUNGAIASAM, KAYU ARO BARAT, KERINCI, JAMBI",4,97,121,218
https://kawalpemilu.org#90536,"SUNGAIASAM, KAYU ARO BARAT, KERINCI, JAMBI",5,131,81,212
https://kawalpemilu.org#90537,"PASAR MINGGU, KAYU ARO BARAT, KERINCI, JAMBI",1,89,96,185
https://kawalpemilu.org#90537,"PASAR MINGGU, KAYU ARO BARAT, KERINCI, JAMBI",2,91,91,182
https://kawalpemilu.org#90537,"PASAR MINGGU, KAYU ARO BARAT, KERINCI, JAMBI",3,87,104,191
https://kawalpemilu.org#90537,"PASAR MINGGU, KAYU ARO BARAT, KERINCI, JAMBI",4,112,83,195
https://kawalpemilu.org#16185,"RENAH KEMUMU, JANGKAT, MERANGIN, JAMBI",1,114,28,142
https://kawalpemilu.org#16186,"TANJUNG KASRI, JANGKAT, MERANGIN, JAMBI",1,177,53,230
https://kawalpemilu.org#16187,"LUBUK MENTILIN, JANGKAT, MERANGIN, JAMBI",1,64,69,133
https://kawalpemilu.org#16188,"RANTAU KERMAS, JANGKAT, MERANGIN, JAMBI",1,59,70,129
https://kawalpemilu.org#16188,"RANTAU KERMAS, JANGKAT, MERANGIN, JAMBI",2,76,63,139
https://kawalpemilu.org#16189,"RENAH ALAI, JANGKAT, MERANGIN, JAMBI",1,59,91,150
https://kawalpemilu.org#16189,"RENAH ALAI, JANGKAT, MERANGIN, JAMBI",2,50,102,152
https://kawalpemilu.org#16189,"RENAH ALAI, JANGKAT, MERANGIN, JAMBI",3,65,120,185
https://kawalpemilu.org#16190,"PULAU TENGAH, JANGKAT, MERANGIN, JAMBI",1,104,95,199
https://kawalpemilu.org#16190,"PULAU TENGAH, JANGKAT, MERANGIN, JAMBI",2,107,94,201
https://kawalpemilu.org#16190,"PULAU TENGAH, JANGKAT, MERANGIN, JAMBI",3,143,86,229
https://kawalpemilu.org#16190,"PULAU TENGAH, JANGKAT, MERANGIN, JAMBI",4,106,73,179
https://kawalpemilu.org#16190,"PULAU TENGAH, JANGKAT, MERANGIN, JAMBI",5,65,56,121
https://kawalpemilu.org#16190,"PULAU TENGAH, JANGKAT, MERANGIN, JAMBI",6,113,178,291
https://kawalpemilu.org#16190,"PULAU TENGAH, JANGKAT, MERANGIN, JAMBI",7,60,92,152
https://kawalpemilu.org#16190,"PULAU TENGAH, JANGKAT, MERANGIN, JAMBI",8,97,140,237
https://kawalpemilu.org#16190,"PULAU TENGAH, JANGKAT, MERANGIN, JAMBI",9,66,67,133
https://kawalpemilu.org#16190,"PULAU TENGAH, JANGKAT, MERANGIN, JAMBI",10,105,40,145
https://kawalpemilu.org#16191,"LUBUK PUNGGUK, JANGKAT, MERANGIN, JAMBI",1,10,208,218
https://kawalpemilu.org#16191,"LUBUK PUNGGUK, JANGKAT, MERANGIN, JAMBI",2,28,228,256
https://kawalpemilu.org#16191,"LUBUK PUNGGUK, JANGKAT, MERANGIN, JAMBI",3,24,181,205
https://kawalpemilu.org#16192,"KOTO RENAH, JANGKAT, MERANGIN, JAMBI",1,174,69,243
https://kawalpemilu.org#16192,"KOTO RENAH, JANGKAT, MERANGIN, JAMBI",2,142,83,225
https://kawalpemilu.org#16193,"MUARA MADRAS, JANGKAT, MERANGIN, JAMBI",1,36,211,247
https://kawalpemilu.org#16193,"MUARA MADRAS, JANGKAT, MERANGIN, JAMBI",2,25,182,207
https://kawalpemilu.org#16193,"MUARA MADRAS, JANGKAT, MERANGIN, JAMBI",3,15,189,204
https://kawalpemilu.org#16193,"MUARA MADRAS, JANGKAT, MERANGIN, JAMBI",4,24,201,225
https://kawalpemilu.org#16193,"MUARA MADRAS, JANGKAT, MERANGIN, JAMBI",5,9,91,100
https://kawalpemilu.org#16193,"MUARA MADRAS, JANGKAT, MERANGIN, JAMBI",6,32,190,222
https://kawalpemilu.org#16193,"MUARA MADRAS, JANGKAT, MERANGIN, JAMBI",7,18,117,155
https://kawalpemilu.org#16193,"MUARA MADRAS, JANGKAT, MERANGIN, JAMBI",8,24,142,166
https://kawalpemilu.org#16194,"RENAH PELAAN, JANGKAT, MERANGIN, JAMBI",1,136,33,169
https://kawalpemilu.org#16194,"RENAH PELAAN, JANGKAT, MERANGIN, JAMBI",2,103,78,181
https://kawalpemilu.org#16195,"KOTO RAWANG, JANGKAT, MERANGIN, JAMBI",1,58,65,123
https://kawalpemilu.org#16197,"PASAR ATAS BANGKO, BANGKO, MERANGIN, JAMBI",1,40,152,192
https://kawalpemilu.org#16197,"PASAR ATAS BANGKO, BANGKO, MERANGIN, JAMBI",2,80,204,284
https://kawalpemilu.org#16197,"PASAR ATAS BANGKO, BANGKO, MERANGIN, JAMBI",3,32,138,170
https://kawalpemilu.org#16197,"PASAR ATAS BANGKO, BANGKO, MERANGIN, JAMBI",4,21,97,118
https://kawalpemilu.org#16197,"PASAR ATAS BANGKO, BANGKO, MERANGIN, JAMBI",5,58,113,171
https://kawalpemilu.org#16197,"PASAR ATAS BANGKO, BANGKO, MERANGIN, JAMBI",6,55,60,115
https://kawalpemilu.org#16197,"PASAR ATAS BANGKO, BANGKO, MERANGIN, JAMBI",7,54,131,185
https://kawalpemilu.org#16197,"PASAR ATAS BANGKO, BANGKO, MERANGIN, JAMBI",8,65,100,165
https://kawalpemilu.org#16197,"PASAR ATAS BANGKO, BANGKO, MERANGIN, JAMBI",9,45,138,183
https://kawalpemilu.org#16197,"PASAR ATAS BANGKO, BANGKO, MERANGIN, JAMBI",10,30,121,151
https://kawalpemilu.org#16197,"PASAR ATAS BANGKO, BANGKO, MERANGIN, JAMBI",11,21,43,64
https://kawalpemilu.org#16197,"PASAR ATAS BANGKO, BANGKO, MERANGIN, JAMBI",12,14,146,160
https://kawalpemilu.org#16197,"PASAR ATAS BANGKO, BANGKO, MERANGIN, JAMBI",13,29,137,166
https://kawalpemilu.org#16197,"PASAR ATAS BANGKO, BANGKO, MERANGIN, JAMBI",14,28,129,157
https://kawalpemilu.org#16197,"PASAR ATAS BANGKO, BANGKO, MERANGIN, JAMBI",15,32,111,143
https://kawalpemilu.org#16197,"PASAR ATAS BANGKO, BANGKO, MERANGIN, JAMBI",16,50,131,181
https://kawalpemilu.org#16197,"PASAR ATAS BANGKO, BANGKO, MERANGIN, JAMBI",17,31,129,160
https://kawalpemilu.org#16197,"PASAR ATAS BANGKO, BANGKO, MERANGIN, JAMBI",18,8,150,158
https://kawalpemilu.org#16197,"PASAR ATAS BANGKO, BANGKO, MERANGIN, JAMBI",19,30,194,224
https://kawalpemilu.org#16197,"PASAR ATAS BANGKO, BANGKO, MERANGIN, JAMBI",20,18,133,151
https://kawalpemilu.org#16197,"PASAR ATAS BANGKO, BANGKO, MERANGIN, JAMBI",21,19,143,162
https://kawalpemilu.org#16198,"PASAR BANGKO, BANGKO, MERANGIN, JAMBI",1,50,157,207
https://kawalpemilu.org#16198,"PASAR BANGKO, BANGKO, MERANGIN, JAMBI",2,15,83,98
https://kawalpemilu.org#16198,"PASAR BANGKO, BANGKO, MERANGIN, JAMBI",3,25,113,138
https://kawalpemilu.org#16198,"PASAR BANGKO, BANGKO, MERANGIN, JAMBI",4,43,81,124
https://kawalpemilu.org#16198,"PASAR BANGKO, BANGKO, MERANGIN, JAMBI",5,0,0,0
https://kawalpemilu.org#16198,"PASAR BANGKO, BANGKO, MERANGIN, JAMBI",6,21,170,191
https://kawalpemilu.org#16198,"PASAR BANGKO, BANGKO, MERANGIN, JAMBI",7,34,136,170
https://kawalpemilu.org#16198,"PASAR BANGKO, BANGKO, MERANGIN, JAMBI",8,53,146,199
https://kawalpemilu.org#16199,"DUSUN BANGKO, BANGKO, MERANGIN, JAMBI",1,163,61,224
https://kawalpemilu.org#16199,"DUSUN BANGKO, BANGKO, MERANGIN, JAMBI",2,77,70,147
https://kawalpemilu.org#16199,"DUSUN BANGKO, BANGKO, MERANGIN, JAMBI",4,33,144,177
https://kawalpemilu.org#16199,"DUSUN BANGKO, BANGKO, MERANGIN, JAMBI",5,57,202,259
https://kawalpemilu.org#16199,"DUSUN BANGKO, BANGKO, MERANGIN, JAMBI",6,71,128,199
https://kawalpemilu.org#16199,"DUSUN BANGKO, BANGKO, MERANGIN, JAMBI",7,71,156,227
https://kawalpemilu.org#16199,"DUSUN BANGKO, BANGKO, MERANGIN, JAMBI",8,70,142,212
https://kawalpemilu.org#16199,"DUSUN BANGKO, BANGKO, MERANGIN, JAMBI",9,0,0,0
https://kawalpemilu.org#16199,"DUSUN BANGKO, BANGKO, MERANGIN, JAMBI",10,25,179,204
https://kawalpemilu.org#16199,"DUSUN BANGKO, BANGKO, MERANGIN, JAMBI",11,22,135,157
https://kawalpemilu.org#16199,"DUSUN BANGKO, BANGKO, MERANGIN, JAMBI",12,37,143,180
https://kawalpemilu.org#16199,"DUSUN BANGKO, BANGKO, MERANGIN, JAMBI",13,45,129,174
https://kawalpemilu.org#16199,"DUSUN BANGKO, BANGKO, MERANGIN, JAMBI",14,100,107,207
https://kawalpemilu.org#16199,"DUSUN BANGKO, BANGKO, MERANGIN, JAMBI",15,101,124,225
https://kawalpemilu.org#16199,"DUSUN BANGKO, BANGKO, MERANGIN, JAMBI",16,47,143,190
https://kawalpemilu.org#16199,"DUSUN BANGKO, BANGKO, MERANGIN, JAMBI",17,29,221,250
https://kawalpemilu.org#16199,"DUSUN BANGKO, BANGKO, MERANGIN, JAMBI",18,3,12,15
https://kawalpemilu.org#16199,"DUSUN BANGKO, BANGKO, MERANGIN, JAMBI",19,95,196,291
https://kawalpemilu.org#16199,"DUSUN BANGKO, BANGKO, MERANGIN, JAMBI",20,61,115,176
https://kawalpemilu.org#16199,"DUSUN BANGKO, BANGKO, MERANGIN, JAMBI",21,135,67,202
https://kawalpemilu.org#16199,"DUSUN BANGKO, BANGKO, MERANGIN, JAMBI",22,62,216,278
https://kawalpemilu.org#16199,"DUSUN BANGKO, BANGKO, MERANGIN, JAMBI",23,49,104,153
https://kawalpemilu.org#16199,"DUSUN BANGKO, BANGKO, MERANGIN, JAMBI",24,43,137,180
https://kawalpemilu.org#16199,"DUSUN BANGKO, BANGKO, MERANGIN, JAMBI",25,98,109,207
https://kawalpemilu.org#16199,"DUSUN BANGKO, BANGKO, MERANGIN, JAMBI",26,31,86,117
https://kawalpemilu.org#16199,"DUSUN BANGKO, BANGKO, MERANGIN, JAMBI",28,22,114,136
https://kawalpemilu.org#16199,"DUSUN BANGKO, BANGKO, MERANGIN, JAMBI",29,43,116,159
https://kawalpemilu.org#16199,"DUSUN BANGKO, BANGKO, MERANGIN, JAMBI",31,56,65,121
https://kawalpemilu.org#16199,"DUSUN BANGKO, BANGKO, MERANGIN, JAMBI",33,22,109,131
https://kawalpemilu.org#16199,"DUSUN BANGKO, BANGKO, MERANGIN, JAMBI",34,47,101,148
https://kawalpemilu.org#16199,"DUSUN BANGKO, BANGKO, MERANGIN, JAMBI",35,40,117,157
https://kawalpemilu.org#16199,"DUSUN BANGKO, BANGKO, MERANGIN, JAMBI",36,21,105,126
https://kawalpemilu.org#16199,"DUSUN BANGKO, BANGKO, MERANGIN, JAMBI",37,25,93,118
https://kawalpemilu.org#16199,"DUSUN BANGKO, BANGKO, MERANGIN, JAMBI",38,63,112,175
https://kawalpemilu.org#16199,"DUSUN BANGKO, BANGKO, MERANGIN, JAMBI",39,56,75,131
https://kawalpemilu.org#16199,"DUSUN BANGKO, BANGKO, MERANGIN, JAMBI",40,36,104,140
https://kawalpemilu.org#16200,"PEMATANG KANDIS, BANGKO, MERANGIN, JAMBI",1,16,83,99
https://kawalpemilu.org#16200,"PEMATANG KANDIS, BANGKO, MERANGIN, JAMBI",2,21,101,122
https://kawalpemilu.org#16200,"PEMATANG KANDIS, BANGKO, MERANGIN, JAMBI",3,14,81,95
https://kawalpemilu.org#16200,"PEMATANG KANDIS, BANGKO, MERANGIN, JAMBI",4,45,168,213
https://kawalpemilu.org#16200,"PEMATANG KANDIS, BANGKO, MERANGIN, JAMBI",5,66,207,273
https://kawalpemilu.org#16200,"PEMATANG KANDIS, BANGKO, MERANGIN, JAMBI",6,41,92,133
https://kawalpemilu.org#16200,"PEMATANG KANDIS, BANGKO, MERANGIN, JAMBI",7,37,151,188
https://kawalpemilu.org#16200,"PEMATANG KANDIS, BANGKO, MERANGIN, JAMBI",8,20,94,114
https://kawalpemilu.org#16200,"PEMATANG KANDIS, BANGKO, MERANGIN, JAMBI",9,22,203,225
https://kawalpemilu.org#16200,"PEMATANG KANDIS, BANGKO, MERANGIN, JAMBI",10,39,197,236
https://kawalpemilu.org#16200,"PEMATANG KANDIS, BANGKO, MERANGIN, JAMBI",11,32,105,137
https://kawalpemilu.org#16200,"PEMATANG KANDIS, BANGKO, MERANGIN, JAMBI",12,44,89,133
https://kawalpemilu.org#16200,"PEMATANG KANDIS, BANGKO, MERANGIN, JAMBI",13,51,126,171
https://kawalpemilu.org#16200,"PEMATANG KANDIS, BANGKO, MERANGIN, JAMBI",14,19,171,190
https://kawalpemilu.org#16200,"PEMATANG KANDIS, BANGKO, MERANGIN, JAMBI",15,60,188,248
https://kawalpemilu.org#16200,"PEMATANG KANDIS, BANGKO, MERANGIN, JAMBI",16,40,146,186
https://kawalpemilu.org#16200,"PEMATANG KANDIS, BANGKO, MERANGIN, JAMBI",17,15,115,130
https://kawalpemilu.org#16200,"PEMATANG KANDIS, BANGKO, MERANGIN, JAMBI",18,47,158,205
https://kawalpemilu.org#16200,"PEMATANG KANDIS, BANGKO, MERANGIN, JAMBI",19,60,169,229
https://kawalpemilu.org#16200,"PEMATANG KANDIS, BANGKO, MERANGIN, JAMBI",20,47,154,201
https://kawalpemilu.org#16200,"PEMATANG KANDIS, BANGKO, MERANGIN, JAMBI",21,57,120,177
https://kawalpemilu.org#16200,"PEMATANG KANDIS, BANGKO, MERANGIN, JAMBI",22,33,108,141
https://kawalpemilu.org#16200,"PEMATANG KANDIS, BANGKO, MERANGIN, JAMBI",23,14,78,92
https://kawalpemilu.org#16200,"PEMATANG KANDIS, BANGKO, MERANGIN, JAMBI",25,29,157,186
https://kawalpemilu.org#16200,"PEMATANG KANDIS, BANGKO, MERANGIN, JAMBI",26,29,98,127
https://kawalpemilu.org#16200,"PEMATANG KANDIS, BANGKO, MERANGIN, JAMBI",27,47,68,115
https://kawalpemilu.org#16200,"PEMATANG KANDIS, BANGKO, MERANGIN, JAMBI",28,31,112,143
https://kawalpemilu.org#16200,"PEMATANG KANDIS, BANGKO, MERANGIN, JAMBI",29,33,112,145
https://kawalpemilu.org#16200,"PEMATANG KANDIS, BANGKO, MERANGIN, JAMBI",30,17,117,134
https://kawalpemilu.org#16200,"PEMATANG KANDIS, BANGKO, MERANGIN, JAMBI",31,21,188,209
https://kawalpemilu.org#16200,"PEMATANG KANDIS, BANGKO, MERANGIN, JAMBI",32,24,134,158
https://kawalpemilu.org#16200,"PEMATANG KANDIS, BANGKO, MERANGIN, JAMBI",33,35,57,92
https://kawalpemilu.org#16200,"PEMATANG KANDIS, BANGKO, MERANGIN, JAMBI",34,14,102,116
https://kawalpemilu.org#16200,"PEMATANG KANDIS, BANGKO, MERANGIN, JAMBI",35,17,125,142
https://kawalpemilu.org#16200,"PEMATANG KANDIS, BANGKO, MERANGIN, JAMBI",36,77,82,159
https://kawalpemilu.org#16200,"PEMATANG KANDIS, BANGKO, MERANGIN, JAMBI",37,35,168,203
https://kawalpemilu.org#16200,"PEMATANG KANDIS, BANGKO, MERANGIN, JAMBI",38,24,94,118
https://kawalpemilu.org#16200,"PEMATANG KANDIS, BANGKO, MERANGIN, JAMBI",39,31,113,144
https://kawalpemilu.org#16200,"PEMATANG KANDIS, BANGKO, MERANGIN, JAMBI",40,36,126,162
https://kawalpemilu.org#16200,"PEMATANG KANDIS, BANGKO, MERANGIN, JAMBI",41,22,93,115
https://kawalpemilu.org#16200,"PEMATANG KANDIS, BANGKO, MERANGIN, JAMBI",42,30,137,167
https://kawalpemilu.org#16200,"PEMATANG KANDIS, BANGKO, MERANGIN, JAMBI",43,27,124,151
https://kawalpemilu.org#16200,"PEMATANG KANDIS, BANGKO, MERANGIN, JAMBI",44,20,139,159
https://kawalpemilu.org#16200,"PEMATANG KANDIS, BANGKO, MERANGIN, JAMBI",45,36,99,135
https://kawalpemilu.org#16200,"PEMATANG KANDIS, BANGKO, MERANGIN, JAMBI",46,49,114,163
https://kawalpemilu.org#16200,"PEMATANG KANDIS, BANGKO, MERANGIN, JAMBI",47,21,137,158
https://kawalpemilu.org#16200,"PEMATANG KANDIS, BANGKO, MERANGIN, JAMBI",48,36,146,182
https://kawalpemilu.org#16200,"PEMATANG KANDIS, BANGKO, MERANGIN, JAMBI",49,34,160,194
https://kawalpemilu.org#16200,"PEMATANG KANDIS, BANGKO, MERANGIN, JAMBI",50,37,129,166
https://kawalpemilu.org#16200,"PEMATANG KANDIS, BANGKO, MERANGIN, JAMBI",51,36,104,140
https://kawalpemilu.org#16200,"PEMATANG KANDIS, BANGKO, MERANGIN, JAMBI",52,21,74,95
https://kawalpemilu.org#16200,"PEMATANG KANDIS, BANGKO, MERANGIN, JAMBI",53,42,105,147
https://kawalpemilu.org#16200,"PEMATANG KANDIS, BANGKO, MERANGIN, JAMBI",54,26,89,115
https://kawalpemilu.org#16201,"KUNGKAI, BANGKO, MERANGIN, JAMBI",1,14,194,208
https://kawalpemilu.org#16201,"KUNGKAI, BANGKO, MERANGIN, JAMBI",2,14,131,145
https://kawalpemilu.org#16201,"KUNGKAI, BANGKO, MERANGIN, JAMBI",3,27,207,234
https://kawalpemilu.org#16201,"KUNGKAI, BANGKO, MERANGIN, JAMBI",4,15,143,158
https://kawalpemilu.org#16201,"KUNGKAI, BANGKO, MERANGIN, JAMBI",5,28,176,204
https://kawalpemilu.org#16201,"KUNGKAI, BANGKO, MERANGIN, JAMBI",6,24,146,170
https://kawalpemilu.org#16201,"KUNGKAI, BANGKO, MERANGIN, JAMBI",7,20,206,226
https://kawalpemilu.org#16201,"KUNGKAI, BANGKO, MERANGIN, JAMBI",8,15,96,111
https://kawalpemilu.org#16201,"KUNGKAI, BANGKO, MERANGIN, JAMBI",9,19,153,172
https://kawalpemilu.org#16201,"KUNGKAI, BANGKO, MERANGIN, JAMBI",10,61,62,123
https://kawalpemilu.org#16201,"KUNGKAI, BANGKO, MERANGIN, JAMBI",11,20,108,128
https://kawalpemilu.org#16201,"KUNGKAI, BANGKO, MERANGIN, JAMBI",12,45,177,222
https://kawalpemilu.org#16201,"KUNGKAI, BANGKO, MERANGIN, JAMBI",13,34,92,126
https://kawalpemilu.org#16202,"MUDO, BANGKO, MERANGIN, JAMBI",1,13,176,189
https://kawalpemilu.org#16202,"MUDO, BANGKO, MERANGIN, JAMBI",2,16,154,170
https://kawalpemilu.org#16202,"MUDO, BANGKO, MERANGIN, JAMBI",3,14,117,131
https://kawalpemilu.org#16203,"LANGLING, BANGKO, MERANGIN, JAMBI",1,55,148,203
https://kawalpemilu.org#16203,"LANGLING, BANGKO, MERANGIN, JAMBI",2,74,103,177
https://kawalpemilu.org#16203,"LANGLING, BANGKO, MERANGIN, JAMBI",3,54,123,177
https://kawalpemilu.org#16203,"LANGLING, BANGKO, MERANGIN, JAMBI",4,63,66,129
https://kawalpemilu.org#16203,"LANGLING, BANGKO, MERANGIN, JAMBI",5,99,70,169
https://kawalpemilu.org#16203,"LANGLING, BANGKO, MERANGIN, JAMBI",6,62,47,109
https://kawalpemilu.org#16203,"LANGLING, BANGKO, MERANGIN, JAMBI",8,93,85,178
https://kawalpemilu.org#16204,"SUNGAI KAPAS, BANGKO, MERANGIN, JAMBI",1,84,98,182
https://kawalpemilu.org#16204,"SUNGAI KAPAS, BANGKO, MERANGIN, JAMBI",2,72,65,132
https://kawalpemilu.org#16204,"SUNGAI KAPAS, BANGKO, MERANGIN, JAMBI",3,166,78,244
https://kawalpemilu.org#16204,"SUNGAI KAPAS, BANGKO, MERANGIN, JAMBI",4,162,92,154
https://kawalpemilu.org#16204,"SUNGAI KAPAS, BANGKO, MERANGIN, JAMBI",5,77,118,195
https://kawalpemilu.org#16204,"SUNGAI KAPAS, BANGKO, MERANGIN, JAMBI",6,127,121,248
https://kawalpemilu.org#16204,"SUNGAI KAPAS, BANGKO, MERANGIN, JAMBI",7,135,91,226
https://kawalpemilu.org#16204,"SUNGAI KAPAS, BANGKO, MERANGIN, JAMBI",8,116,73,189
https://kawalpemilu.org#16204,"SUNGAI KAPAS, BANGKO, MERANGIN, JAMBI",9,131,41,172
https://kawalpemilu.org#16204,"SUNGAI KAPAS, BANGKO, MERANGIN, JAMBI",10,94,74,168
https://kawalpemilu.org#16204,"SUNGAI KAPAS, BANGKO, MERANGIN, JAMBI",11,132,78,210
https://kawalpemilu.org#16204,"SUNGAI KAPAS, BANGKO, MERANGIN, JAMBI",12,110,78,188
https://kawalpemilu.org#16204,"SUNGAI KAPAS, BANGKO, MERANGIN, JAMBI",13,67,32,99
https://kawalpemilu.org#16204,"SUNGAI KAPAS, BANGKO, MERANGIN, JAMBI",14,130,59,89
https://kawalpemilu.org#16204,"SUNGAI KAPAS, BANGKO, MERANGIN, JAMBI",15,117,68,186
https://kawalpemilu.org#16204,"SUNGAI KAPAS, BANGKO, MERANGIN, JAMBI",16,145,57,202
https://kawalpemilu.org#16204,"SUNGAI KAPAS, BANGKO, MERANGIN, JAMBI",17,124,94,218
https://kawalpemilu.org#16204,"SUNGAI KAPAS, BANGKO, MERANGIN, JAMBI",18,79,92,171
https://kawalpemilu.org#16206,"DURIAN RAMBUN, MUARA SIAU, MERANGIN, JAMBI",1,39,162,201
https://kawalpemilu.org#16207,"LUBUK BIRAH, MUARA SIAU, MERANGIN, JAMBI",1,55,67,122
https://kawalpemilu.org#16207,"LUBUK BIRAH, MUARA SIAU, MERANGIN, JAMBI",2,37,108,145
https://kawalpemilu.org#16208,"LUBUK BERINGIN, MUARA SIAU, MERANGIN, JAMBI",1,32,154,186
https://kawalpemilu.org#16208,"LUBUK BERINGIN, MUARA SIAU, MERANGIN, JAMBI",2,35,139,174
https://kawalpemilu.org#16208,"LUBUK BERINGIN, MUARA SIAU, MERANGIN, JAMBI",3,38,222,260
https://kawalpemilu.org#16209,"RANTAU MACANG, MUARA SIAU, MERANGIN, JAMBI",1,11,212,223
https://kawalpemilu.org#16210,"PERADUN TEMERAS, MUARA SIAU, MERANGIN, JAMBI",1,25,173,198
https://kawalpemilu.org#16210,"PERADUN TEMERAS, MUARA SIAU, MERANGIN, JAMBI",2,25,200,225
https://kawalpemilu.org#16211,"TELUK SIKUMBANG, MUARA SIAU, MERANGIN, JAMBI",1,28,182,210
https://kawalpemilu.org#16211,"TELUK SIKUMBANG, MUARA SIAU, MERANGIN, JAMBI",2,17,84,101
https://kawalpemilu.org#16211,"TELUK SIKUMBANG, MUARA SIAU, MERANGIN, JAMBI",3,25,142,167
https://kawalpemilu.org#16212,"MUARA SIAU, MUARA SIAU, MERANGIN, JAMBI",1,29,134,163
https://kawalpemilu.org#16212,"MUARA SIAU, MUARA SIAU, MERANGIN, JAMBI",2,53,144,197
https://kawalpemilu.org#16212,"MUARA SIAU, MUARA SIAU, MERANGIN, JAMBI",3,35,77,112
https://kawalpemilu.org#16212,"MUARA SIAU, MUARA SIAU, MERANGIN, JAMBI",4,35,77,112
https://kawalpemilu.org#16213,"TIARO, MUARA SIAU, MERANGIN, JAMBI",1,14,171,185
https://kawalpemilu.org#16213,"TIARO, MUARA SIAU, MERANGIN, JAMBI",2,14,139,153
https://kawalpemilu.org#16214,"AIR LAGO, MUARA SIAU, MERANGIN, JAMBI",1,38,115,153
https://kawalpemilu.org#16214,"AIR LAGO, MUARA SIAU, MERANGIN, JAMBI",2,43,99,142
https://kawalpemilu.org#16215,"BADAK TEKURUNG, MUARA SIAU, MERANGIN, JAMBI",1,58,184,242
https://kawalpemilu.org#16216,"RANTAU BIDARO, MUARA SIAU, MERANGIN, JAMBI",1,33,123,156
https://kawalpemilu.org#16217,"RANTAU PANJANG, MUARA SIAU, MERANGIN, JAMBI",1,34,216,250
https://kawalpemilu.org#16217,"RANTAU PANJANG, MUARA SIAU, MERANGIN, JAMBI",2,47,188,235
https://kawalpemilu.org#16217,"RANTAU PANJANG, MUARA SIAU, MERANGIN, JAMBI",3,37,209,246
https://kawalpemilu.org#16218,"PULAU RAMAN, MUARA SIAU, MERANGIN, JAMBI",1,32,146,178
https://kawalpemilu.org#16218,"PULAU RAMAN, MUARA SIAU, MERANGIN, JAMBI",2,30,186,216
https://kawalpemilu.org#16218,"PULAU RAMAN, MUARA SIAU, MERANGIN, JAMBI",3,30,186,216
https://kawalpemilu.org#16219,"PASAR MUARA SIAU, MUARA SIAU, MERANGIN, JAMBI",1,48,156,204
https://kawalpemilu.org#16219,"PASAR MUARA SIAU, MUARA SIAU, MERANGIN, JAMBI",2,35,122,157
https://kawalpemilu.org#16219,"PASAR MUARA SIAU, MUARA SIAU, MERANGIN, JAMBI",3,31,125,156
https://kawalpemilu.org#16220,"SEPANTAI RENAH, MUARA SIAU, MERANGIN, JAMBI",1,23,196,219
https://kawalpemilu.org#16221,"SUNGAI ULAS, MUARA SIAU, MERANGIN, JAMBI",1,19,129,148
https://kawalpemilu.org#16221,"SUNGAI ULAS, MUARA SIAU, MERANGIN, JAMBI",2,22,96,118
https://kawalpemilu.org#16222,"RANTAU BAYUR, MUARA SIAU, MERANGIN, JAMBI",1,10,119,129
https://kawalpemilu.org#16222,"RANTAU BAYUR, MUARA SIAU, MERANGIN, JAMBI",2,16,87,103
https://kawalpemilu.org#16224,"SUNGAI PINANG, SUNGAI MANAU, MERANGIN, JAMBI",2,20,129,149
https://kawalpemilu.org#16224,"SUNGAI PINANG, SUNGAI MANAU, MERANGIN, JAMBI",3,49,104,153
https://kawalpemilu.org#16225,"TIANGKO, SUNGAI MANAU, MERANGIN, JAMBI",1,20,218,238
https://kawalpemilu.org#16225,"TIANGKO, SUNGAI MANAU, MERANGIN, JAMBI",2,26,249,275
https://kawalpemilu.org#16225,"TIANGKO, SUNGAI MANAU, MERANGIN, JAMBI",3,10,150,160
https://kawalpemilu.org#16226,"PALIPAN, SUNGAI MANAU, MERANGIN, JAMBI",1,7,108,115
https://kawalpemilu.org#16226,"PALIPAN, SUNGAI MANAU, MERANGIN, JAMBI",2,8,188,196
https://kawalpemilu.org#16226,"PALIPAN, SUNGAI MANAU, MERANGIN, JAMBI",3,22,185,207
https://kawalpemilu.org#16227,"SERINGAT, SUNGAI MANAU, MERANGIN, JAMBI",1,28,217,245
https://kawalpemilu.org#16227,"SERINGAT, SUNGAI MANAU, MERANGIN, JAMBI",2,16,227,243
https://kawalpemilu.org#16227,"SERINGAT, SUNGAI MANAU, MERANGIN, JAMBI",3,13,145,158
https://kawalpemilu.org#16228,"DURIAN LENCAH, SUNGAI MANAU, MERANGIN, JAMBI",1,12,247,259
https://kawalpemilu.org#16228,"DURIAN LENCAH, SUNGAI MANAU, MERANGIN, JAMBI",2,11,255,266
https://kawalpemilu.org#16228,"DURIAN LENCAH, SUNGAI MANAU, MERANGIN, JAMBI",3,11,97,108
https://kawalpemilu.org#16229,"BUKIT BATU, SUNGAI MANAU, MERANGIN, JAMBI",1,22,226,248
https://kawalpemilu.org#16229,"BUKIT BATU, SUNGAI MANAU, MERANGIN, JAMBI",2,0,0,0
https://kawalpemilu.org#16229,"BUKIT BATU, SUNGAI MANAU, MERANGIN, JAMBI",3,15,161,176
https://kawalpemilu.org#16230,"SUNGAI NILAU, SUNGAI MANAU, MERANGIN, JAMBI",1,9,235,244
https://kawalpemilu.org#16230,"SUNGAI NILAU, SUNGAI MANAU, MERANGIN, JAMBI",2,7,175,182
https://kawalpemilu.org#16230,"SUNGAI NILAU, SUNGAI MANAU, MERANGIN, JAMBI",3,17,198,215
https://kawalpemilu.org#16230,"SUNGAI NILAU, SUNGAI MANAU, MERANGIN, JAMBI",4,11,146,157
https://kawalpemilu.org#16230,"SUNGAI NILAU, SUNGAI MANAU, MERANGIN, JAMBI",5,6,121,127
https://kawalpemilu.org#16231,"SUNGAI MANAU, SUNGAI MANAU, MERANGIN, JAMBI",1,17,187,204
https://kawalpemilu.org#16231,"SUNGAI MANAU, SUNGAI MANAU, MERANGIN, JAMBI",2,12,224,236
https://kawalpemilu.org#16231,"SUNGAI MANAU, SUNGAI MANAU, MERANGIN, JAMBI",3,9,190,199
https://kawalpemilu.org#16231,"SUNGAI MANAU, SUNGAI MANAU, MERANGIN, JAMBI",4,25,213,238
https://kawalpemilu.org#16231,"SUNGAI MANAU, SUNGAI MANAU, MERANGIN, JAMBI",5,19,153,172
https://kawalpemilu.org#16231,"SUNGAI MANAU, SUNGAI MANAU, MERANGIN, JAMBI",6,32,129,161
https://kawalpemilu.org#16231,"SUNGAI MANAU, SUNGAI MANAU, MERANGIN, JAMBI",7,23,143,166
https://kawalpemilu.org#16232,"BENTENG, SUNGAI MANAU, MERANGIN, JAMBI",1,18,196,214
https://kawalpemilu.org#16232,"BENTENG, SUNGAI MANAU, MERANGIN, JAMBI",2,18,219,237
https://kawalpemilu.org#16232,"BENTENG, SUNGAI MANAU, MERANGIN, JAMBI",3,20,180,200
https://kawalpemilu.org#16233,"GELANGGANG, SUNGAI MANAU, MERANGIN, JAMBI",1,22,170,192
https://kawalpemilu.org#16233,"GELANGGANG, SUNGAI MANAU, MERANGIN, JAMBI",2,11,181,192
https://kawalpemilu.org#16235,"DUSUN BARU, TABIR, MERANGIN, JAMBI",1,4,196,200
https://kawalpemilu.org#16235,"DUSUN BARU, TABIR, MERANGIN, JAMBI",2,0,0,0
https://kawalpemilu.org#16235,"DUSUN BARU, TABIR, MERANGIN, JAMBI",3,10,173,183
https://kawalpemilu.org#16235,"DUSUN BARU, TABIR, MERANGIN, JAMBI",5,15,112,127
https://kawalpemilu.org#16235,"DUSUN BARU, TABIR, MERANGIN, JAMBI",6,15,178,193
https://kawalpemilu.org#16235,"DUSUN BARU, TABIR, MERANGIN, JAMBI",7,25,199,224
https://kawalpemilu.org#16235,"DUSUN BARU, TABIR, MERANGIN, JAMBI",8,13,137,150
https://kawalpemilu.org#16235,"DUSUN BARU, TABIR, MERANGIN, JAMBI",9,10,173,183
https://kawalpemilu.org#16235,"DUSUN BARU, TABIR, MERANGIN, JAMBI",10,5,126,131
https://kawalpemilu.org#16235,"DUSUN BARU, TABIR, MERANGIN, JAMBI",11,21,228,249
https://kawalpemilu.org#16235,"DUSUN BARU, TABIR, MERANGIN, JAMBI",12,20,223,243
https://kawalpemilu.org#16235,"DUSUN BARU, TABIR, MERANGIN, JAMBI",13,13,176,189
https://kawalpemilu.org#16235,"DUSUN BARU, TABIR, MERANGIN, JAMBI",14,12,201,213
https://kawalpemilu.org#16235,"DUSUN BARU, TABIR, MERANGIN, JAMBI",15,14,157,171
https://kawalpemilu.org#16235,"DUSUN BARU, TABIR, MERANGIN, JAMBI",16,16,206,222
https://kawalpemilu.org#16235,"DUSUN BARU, TABIR, MERANGIN, JAMBI",17,17,151,168
https://kawalpemilu.org#16235,"DUSUN BARU, TABIR, MERANGIN, JAMBI",18,22,148,170
https://kawalpemilu.org#16235,"DUSUN BARU, TABIR, MERANGIN, JAMBI",19,16,144,160
https://kawalpemilu.org#16235,"DUSUN BARU, TABIR, MERANGIN, JAMBI",20,44,58,102
https://kawalpemilu.org#16235,"DUSUN BARU, TABIR, MERANGIN, JAMBI",21,0,0,0
https://kawalpemilu.org#16235,"DUSUN BARU, TABIR, MERANGIN, JAMBI",22,22,129,151
https://kawalpemilu.org#16235,"DUSUN BARU, TABIR, MERANGIN, JAMBI",23,17,113,130
https://kawalpemilu.org#16235,"DUSUN BARU, TABIR, MERANGIN, JAMBI",24,19,136,155
https://kawalpemilu.org#16235,"DUSUN BARU, TABIR, MERANGIN, JAMBI",25,7,115,122
https://kawalpemilu.org#16235,"DUSUN BARU, TABIR, MERANGIN, JAMBI",26,19,148,167
https://kawalpemilu.org#16235,"DUSUN BARU, TABIR, MERANGIN, JAMBI",27,0,0,0
https://kawalpemilu.org#16236,"PASAR RANTAU PANJANG, TABIR, MERANGIN, JAMBI",1,3,161,164
https://kawalpemilu.org#16236,"PASAR RANTAU PANJANG, TABIR, MERANGIN, JAMBI",2,39,179,218
https://kawalpemilu.org#16236,"PASAR RANTAU PANJANG, TABIR, MERANGIN, JAMBI",3,39,150,189
https://kawalpemilu.org#16236,"PASAR RANTAU PANJANG, TABIR, MERANGIN, JAMBI",4,41,160,201
https://kawalpemilu.org#16236,"PASAR RANTAU PANJANG, TABIR, MERANGIN, JAMBI",5,37,149,186
https://kawalpemilu.org#16236,"PASAR RANTAU PANJANG, TABIR, MERANGIN, JAMBI",6,22,149,171
https://kawalpemilu.org#16236,"PASAR RANTAU PANJANG, TABIR, MERANGIN, JAMBI",7,29,95,124
https://kawalpemilu.org#16236,"PASAR RANTAU PANJANG, TABIR, MERANGIN, JAMBI",8,22,147,169
https://kawalpemilu.org#16236,"PASAR RANTAU PANJANG, TABIR, MERANGIN, JAMBI",9,35,142,177
https://kawalpemilu.org#16236,"PASAR RANTAU PANJANG, TABIR, MERANGIN, JAMBI",10,38,153,191
https://kawalpemilu.org#16236,"PASAR RANTAU PANJANG, TABIR, MERANGIN, JAMBI",11,21,156,177
https://kawalpemilu.org#16236,"PASAR RANTAU PANJANG, TABIR, MERANGIN, JAMBI",12,13,144,157
https://kawalpemilu.org#16236,"PASAR RANTAU PANJANG, TABIR, MERANGIN, JAMBI",13,26,117,143
https://kawalpemilu.org#16236,"PASAR RANTAU PANJANG, TABIR, MERANGIN, JAMBI",14,15,191,206
https://kawalpemilu.org#16236,"PASAR RANTAU PANJANG, TABIR, MERANGIN, JAMBI",15,25,74,99
https://kawalpemilu.org#16237,"KAMPUNG BARUH, TABIR, MERANGIN, JAMBI",1,19,173,192
https://kawalpemilu.org#16237,"KAMPUNG BARUH, TABIR, MERANGIN, JAMBI",2,8,96,104
https://kawalpemilu.org#16237,"KAMPUNG BARUH, TABIR, MERANGIN, JAMBI",3,22,128,150
https://kawalpemilu.org#16237,"KAMPUNG BARUH, TABIR, MERANGIN, JAMBI",4,27,187,214
https://kawalpemilu.org#16237,"KAMPUNG BARUH, TABIR, MERANGIN, JAMBI",5,11,199,210
https://kawalpemilu.org#16237,"KAMPUNG BARUH, TABIR, MERANGIN, JAMBI",6,54,208,262
https://kawalpemilu.org#16237,"KAMPUNG BARUH, TABIR, MERANGIN, JAMBI",7,11,207,218
https://kawalpemilu.org#16237,"KAMPUNG BARUH, TABIR, MERANGIN, JAMBI",8,3,135,138
https://kawalpemilu.org#16237,"KAMPUNG BARUH, TABIR, MERANGIN, JAMBI",9,0,0,0
https://kawalpemilu.org#16237,"KAMPUNG BARUH, TABIR, MERANGIN, JAMBI",10,26,127,153
https://kawalpemilu.org#16237,"KAMPUNG BARUH, TABIR, MERANGIN, JAMBI",11,22,201,223
https://kawalpemilu.org#16237,"KAMPUNG BARUH, TABIR, MERANGIN, JAMBI",12,20,141,161
https://kawalpemilu.org#16237,"KAMPUNG BARUH, TABIR, MERANGIN, JAMBI",13,19,140,159
https://kawalpemilu.org#16238,"MAMPUN, TABIR, MERANGIN, JAMBI",1,18,208,226
https://kawalpemilu.org#16238,"MAMPUN, TABIR, MERANGIN, JAMBI",2,29,236,265
https://kawalpemilu.org#16238,"MAMPUN, TABIR, MERANGIN, JAMBI",3,17,209,226
https://kawalpemilu.org#16238,"MAMPUN, TABIR, MERANGIN, JAMBI",4,15,203,218
https://kawalpemilu.org#16238,"MAMPUN, TABIR, MERANGIN, JAMBI",5,16,188,204
https://kawalpemilu.org#16238,"MAMPUN, TABIR, MERANGIN, JAMBI",6,28,221,249
https://kawalpemilu.org#16238,"MAMPUN, TABIR, MERANGIN, JAMBI",7,15,219,234
https://kawalpemilu.org#16238,"MAMPUN, TABIR, MERANGIN, JAMBI",8,36,202,238
https://kawalpemilu.org#16238,"MAMPUN, TABIR, MERANGIN, JAMBI",9,46,188,234
https://kawalpemilu.org#16238,"MAMPUN, TABIR, MERANGIN, JAMBI",10,55,163,218
https://kawalpemilu.org#16240,"KANDANG, TABIR, MERANGIN, JAMBI",1,21,177,198
https://kawalpemilu.org#16240,"KANDANG, TABIR, MERANGIN, JAMBI",2,16,206,222
https://kawalpemilu.org#16240,"KANDANG, TABIR, MERANGIN, JAMBI",3,16,103,119
https://kawalpemilu.org#16240,"KANDANG, TABIR, MERANGIN, JAMBI",4,22,87,109
https://kawalpemilu.org#16240,"KANDANG, TABIR, MERANGIN, JAMBI",5,27,108,135
https://kawalpemilu.org#16241,"KOTO RAYO, TABIR, MERANGIN, JAMBI",1,72,123,195
https://kawalpemilu.org#16241,"KOTO RAYO, TABIR, MERANGIN, JAMBI",2,27,157,184
https://kawalpemilu.org#16241,"KOTO RAYO, TABIR, MERANGIN, JAMBI",3,30,112,142
https://kawalpemilu.org#16241,"KOTO RAYO, TABIR, MERANGIN, JAMBI",4,37,136,173
https://kawalpemilu.org#16241,"KOTO RAYO, TABIR, MERANGIN, JAMBI",5,135,59,194
https://kawalpemilu.org#16241,"KOTO RAYO, TABIR, MERANGIN, JAMBI",6,79,91,170
https://kawalpemilu.org#16242,"TANJUNG  ILIR, TABIR, MERANGIN, JAMBI",1,15,198,213
https://kawalpemilu.org#16242,"TANJUNG  ILIR, TABIR, MERANGIN, JAMBI",2,15,188,203
https://kawalpemilu.org#16242,"TANJUNG  ILIR, TABIR, MERANGIN, JAMBI",3,17,183,200
https://kawalpemilu.org#16242,"TANJUNG  ILIR, TABIR, MERANGIN, JAMBI",4,24,160,184
https://kawalpemilu.org#16242,"TANJUNG  ILIR, TABIR, MERANGIN, JAMBI",5,16,173,189
https://kawalpemilu.org#16243,"BULURAN PANJANG, TABIR, MERANGIN, JAMBI",1,24,152,176
https://kawalpemilu.org#16243,"BULURAN PANJANG, TABIR, MERANGIN, JAMBI",2,15,110,125
https://kawalpemilu.org#16243,"BULURAN PANJANG, TABIR, MERANGIN, JAMBI",3,20,197,217
https://kawalpemilu.org#16243,"BULURAN PANJANG, TABIR, MERANGIN, JAMBI",4,22,86,108
https://kawalpemilu.org#16243,"BULURAN PANJANG, TABIR, MERANGIN, JAMBI",5,22,170,192
https://kawalpemilu.org#16244,"SELING, TABIR, MERANGIN, JAMBI",1,17,199,216
https://kawalpemilu.org#16244,"SELING, TABIR, MERANGIN, JAMBI",2,21,150,171
https://kawalpemilu.org#16244,"SELING, TABIR, MERANGIN, JAMBI",3,36,183,219
https://kawalpemilu.org#16244,"SELING, TABIR, MERANGIN, JAMBI",5,24,148,172
https://kawalpemilu.org#16244,"SELING, TABIR, MERANGIN, JAMBI",6,8,160,168
https://kawalpemilu.org#16244,"SELING, TABIR, MERANGIN, JAMBI",7,23,200,223
https://kawalpemilu.org#16245,"LUBUK NAPAL, TABIR, MERANGIN, JAMBI",1,29,95,124
https://kawalpemilu.org#16245,"LUBUK NAPAL, TABIR, MERANGIN, JAMBI",2,46,112,158
https://kawalpemilu.org#84596,"PASAR BARU, TABIR, MERANGIN, JAMBI",1,31,155,186
https://kawalpemilu.org#84596,"PASAR BARU, TABIR, MERANGIN, JAMBI",2,44,146,196
https://kawalpemilu.org#84596,"PASAR BARU, TABIR, MERANGIN, JAMBI",3,51,182,233
https://kawalpemilu.org#84596,"PASAR BARU, TABIR, MERANGIN, JAMBI",4,56,184,240
https://kawalpemilu.org#84596,"PASAR BARU, TABIR, MERANGIN, JAMBI",5,42,169,211
https://kawalpemilu.org#84596,"PASAR BARU, TABIR, MERANGIN, JAMBI",6,62,149,211
https://kawalpemilu.org#84596,"PASAR BARU, TABIR, MERANGIN, JAMBI",7,132,66,198
https://kawalpemilu.org#16247,"PAMENANG, PAMENANG, MERANGIN, JAMBI",2,36,180,216
https://kawalpemilu.org#16247,"PAMENANG, PAMENANG, MERANGIN, JAMBI",3,25,174,199
https://kawalpemilu.org#16247,"PAMENANG, PAMENANG, MERANGIN, JAMBI",4,32,157,189
https://kawalpemilu.org#16247,"PAMENANG, PAMENANG, MERANGIN, JAMBI",5,30,136,166
https://kawalpemilu.org#16247,"PAMENANG, PAMENANG, MERANGIN, JAMBI",6,35,147,182
https://kawalpemilu.org#16247,"PAMENANG, PAMENANG, MERANGIN, JAMBI",7,32,232,265
https://kawalpemilu.org#16247,"PAMENANG, PAMENANG, MERANGIN, JAMBI",8,14,142,156
https://kawalpemilu.org#16247,"PAMENANG, PAMENANG, MERANGIN, JAMBI",9,52,108,160
https://kawalpemilu.org#16247,"PAMENANG, PAMENANG, MERANGIN, JAMBI",10,48,114,162
https://kawalpemilu.org#16247,"PAMENANG, PAMENANG, MERANGIN, JAMBI",11,91,148,239
https://kawalpemilu.org#16247,"PAMENANG, PAMENANG, MERANGIN, JAMBI",12,86,160,246
https://kawalpemilu.org#16247,"PAMENANG, PAMENANG, MERANGIN, JAMBI",13,54,167,221
https://kawalpemilu.org#16247,"PAMENANG, PAMENANG, MERANGIN, JAMBI",14,61,153,214
https://kawalpemilu.org#16247,"PAMENANG, PAMENANG, MERANGIN, JAMBI",15,54,122,176
https://kawalpemilu.org#16247,"PAMENANG, PAMENANG, MERANGIN, JAMBI",17,57,118,175
https://kawalpemilu.org#16247,"PAMENANG, PAMENANG, MERANGIN, JAMBI",18,117,97,214
https://kawalpemilu.org#16247,"PAMENANG, PAMENANG, MERANGIN, JAMBI",19,158,64,222
https://kawalpemilu.org#16247,"PAMENANG, PAMENANG, MERANGIN, JAMBI",20,117,34,151
https://kawalpemilu.org#16248,"JELATANG, PAMENANG, MERANGIN, JAMBI",1,105,58,163
https://kawalpemilu.org#16248,"JELATANG, PAMENANG, MERANGIN, JAMBI",2,50,130,180
https://kawalpemilu.org#16248,"JELATANG, PAMENANG, MERANGIN, JAMBI",4,47,156,203
https://kawalpemilu.org#16248,"JELATANG, PAMENANG, MERANGIN, JAMBI",5,64,148,212
https://kawalpemilu.org#16248,"JELATANG, PAMENANG, MERANGIN, JAMBI",6,84,113,197
https://kawalpemilu.org#16248,"JELATANG, PAMENANG, MERANGIN, JAMBI",7,117,49,166
https://kawalpemilu.org#16248,"JELATANG, PAMENANG, MERANGIN, JAMBI",8,163,27,190
https://kawalpemilu.org#16249,"TANJUNG GEDANG, PAMENANG, MERANGIN, JAMBI",1,53,135,188
https://kawalpemilu.org#16249,"TANJUNG GEDANG, PAMENANG, MERANGIN, JAMBI",2,37,186,223
https://kawalpemilu.org#16249,"TANJUNG GEDANG, PAMENANG, MERANGIN, JAMBI",3,56,194,250
https://kawalpemilu.org#16250,"EMPANG BENAO, PAMENANG, MERANGIN, JAMBI",1,61,120,181
https://kawalpemilu.org#16250,"EMPANG BENAO, PAMENANG, MERANGIN, JAMBI",2,72,97,169
https://kawalpemilu.org#16250,"EMPANG BENAO, PAMENANG, MERANGIN, JAMBI",3,60,154,214
https://kawalpemilu.org#16250,"EMPANG BENAO, PAMENANG, MERANGIN, JAMBI",4,45,83,128
https://kawalpemilu.org#16250,"EMPANG BENAO, PAMENANG, MERANGIN, JAMBI",5,42,111,153
https://kawalpemilu.org#16251,"REJO SARI, PAMENANG, MERANGIN, JAMBI",1,111,91,202
https://kawalpemilu.org#16251,"REJO SARI, PAMENANG, MERANGIN, JAMBI",2,101,110,211
https://kawalpemilu.org#16251,"REJO SARI, PAMENANG, MERANGIN, JAMBI",3,77,119,196
https://kawalpemilu.org#16251,"REJO SARI, PAMENANG, MERANGIN, JAMBI",4,90,78,168
https://kawalpemilu.org#16251,"REJO SARI, PAMENANG, MERANGIN, JAMBI",5,111,95,206
https://kawalpemilu.org#16251,"REJO SARI, PAMENANG, MERANGIN, JAMBI",6,108,67,175
https://kawalpemilu.org#16251,"REJO SARI, PAMENANG, MERANGIN, JAMBI",7,124,60,184
https://kawalpemilu.org#16252,"KEROYA, PAMENANG, MERANGIN, JAMBI",2,109,107,216
https://kawalpemilu.org#16252,"KEROYA, PAMENANG, MERANGIN, JAMBI",3,58,123,181
https://kawalpemilu.org#16252,"KEROYA, PAMENANG, MERANGIN, JAMBI",4,44,171,215
https://kawalpemilu.org#16252,"KEROYA, PAMENANG, MERANGIN, JAMBI",5,24,106,130
https://kawalpemilu.org#16253,"MUARA BELENGO, PAMENANG, MERANGIN, JAMBI",1,49,191,240
https://kawalpemilu.org#16253,"MUARA BELENGO, PAMENANG, MERANGIN, JAMBI",2,56,159,215
https://kawalpemilu.org#16253,"MUARA BELENGO, PAMENANG, MERANGIN, JAMBI",3,211,32,243
https://kawalpemilu.org#16253,"MUARA BELENGO, PAMENANG, MERANGIN, JAMBI",4,80,62,142
https://kawalpemilu.org#16253,"MUARA BELENGO, PAMENANG, MERANGIN, JAMBI",5,60,137,197
https://kawalpemilu.org#16253,"MUARA BELENGO, PAMENANG, MERANGIN, JAMBI",6,105,19,124
https://kawalpemilu.org#16254,"KARANG BERAHI, PAMENANG, MERANGIN, JAMBI",1,36,126,162
https://kawalpemilu.org#16254,"KARANG BERAHI, PAMENANG, MERANGIN, JAMBI",2,43,122,165
https://kawalpemilu.org#16254,"KARANG BERAHI, PAMENANG, MERANGIN, JAMBI",3,65,89,154
https://kawalpemilu.org#16254,"KARANG BERAHI, PAMENANG, MERANGIN, JAMBI",4,19,164,183
https://kawalpemilu.org#16254,"KARANG BERAHI, PAMENANG, MERANGIN, JAMBI",5,16,188,204
https://kawalpemilu.org#16254,"KARANG BERAHI, PAMENANG, MERANGIN, JAMBI",6,68,82,150
https://kawalpemilu.org#16254,"KARANG BERAHI, PAMENANG, MERANGIN, JAMBI",7,99,56,155
https://kawalpemilu.org#16255,"PAUH MENANG, PAMENANG, MERANGIN, JAMBI",1,183,32,215
https://kawalpemilu.org#16255,"PAUH MENANG, PAMENANG, MERANGIN, JAMBI",3,161,49,210
https://kawalpemilu.org#16255,"PAUH MENANG, PAMENANG, MERANGIN, JAMBI",4,157,36,193
https://kawalpemilu.org#16255,"PAUH MENANG, PAMENANG, MERANGIN, JAMBI",5,165,33,198
https://kawalpemilu.org#16255,"PAUH MENANG, PAMENANG, MERANGIN, JAMBI",6,171,43,214
https://kawalpemilu.org#16255,"PAUH MENANG, PAMENANG, MERANGIN, JAMBI",7,142,76,218
https://kawalpemilu.org#16255,"PAUH MENANG, PAMENANG, MERANGIN, JAMBI",8,156,44,200
https://kawalpemilu.org#16256,"PEMATANG KANCIL, PAMENANG, MERANGIN, JAMBI",1,162,49,211
https://kawalpemilu.org#16256,"PEMATANG KANCIL, PAMENANG, MERANGIN, JAMBI",2,134,36,170
https://kawalpemilu.org#16256,"PEMATANG KANCIL, PAMENANG, MERANGIN, JAMBI",3,129,47,176
https://kawalpemilu.org#16256,"PEMATANG KANCIL, PAMENANG, MERANGIN, JAMBI",4,105,62,167
https://kawalpemilu.org#16257,"TANAH ABANG, PAMENANG, MERANGIN, JAMBI",1,156,49,205
https://kawalpemilu.org#16257,"TANAH ABANG, PAMENANG, MERANGIN, JAMBI",2,198,26,224
https://kawalpemilu.org#16257,"TANAH ABANG, PAMENANG, MERANGIN, JAMBI",3,191,56,247
https://kawalpemilu.org#16257,"TANAH ABANG, PAMENANG, MERANGIN, JAMBI",4,175,65,240
https://kawalpemilu.org#16257,"TANAH ABANG, PAMENANG, MERANGIN, JAMBI",5,137,48,185
https://kawalpemilu.org#16257,"TANAH ABANG, PAMENANG, MERANGIN, JAMBI",6,167,18,185
https://kawalpemilu.org#16257,"TANAH ABANG, PAMENANG, MERANGIN, JAMBI",7,144,39,183
https://kawalpemilu.org#16257,"TANAH ABANG, PAMENANG, MERANGIN, JAMBI",8,154,39,193
https://kawalpemilu.org#16257,"TANAH ABANG, PAMENANG, MERANGIN, JAMBI",9,127,86,213
https://kawalpemilu.org#16257,"TANAH ABANG, PAMENANG, MERANGIN, JAMBI",10,185,47,232
https://kawalpemilu.org#16257,"TANAH ABANG, PAMENANG, MERANGIN, JAMBI",11,146,58,204
https://kawalpemilu.org#16257,"TANAH ABANG, PAMENANG, MERANGIN, JAMBI",12,163,70,233
https://kawalpemilu.org#16257,"TANAH ABANG, PAMENANG, MERANGIN, JAMBI",13,158,75,233
https://kawalpemilu.org#16258,"SIALANG, PAMENANG, MERANGIN, JAMBI",1,135,77,212
https://kawalpemilu.org#16258,"SIALANG, PAMENANG, MERANGIN, JAMBI",2,0,0,0
https://kawalpemilu.org#16258,"SIALANG, PAMENANG, MERANGIN, JAMBI",3,0,0,0
https://kawalpemilu.org#16258,"SIALANG, PAMENANG, MERANGIN, JAMBI",4,123,70,193
https://kawalpemilu.org#16258,"SIALANG, PAMENANG, MERANGIN, JAMBI",5,130,90,220
https://kawalpemilu.org#16258,"SIALANG, PAMENANG, MERANGIN, JAMBI",6,125,88,213
https://kawalpemilu.org#16258,"SIALANG, PAMENANG, MERANGIN, JAMBI",9,135,74,209
https://kawalpemilu.org#16259,"SUNGAI UDANG, PAMENANG, MERANGIN, JAMBI",1,163,52,215
https://kawalpemilu.org#16259,"SUNGAI UDANG, PAMENANG, MERANGIN, JAMBI",2,162,60,222
https://kawalpemilu.org#16259,"SUNGAI UDANG, PAMENANG, MERANGIN, JAMBI",3,194,45,239
https://kawalpemilu.org#16259,"SUNGAI UDANG, PAMENANG, MERANGIN, JAMBI",4,154,24,178
https://kawalpemilu.org#16259,"SUNGAI UDANG, PAMENANG, MERANGIN, JAMBI",5,144,49,193
https://kawalpemilu.org#16259,"SUNGAI UDANG, PAMENANG, MERANGIN, JAMBI",6,149,28,177
https://kawalpemilu.org#16260,"PELAKAR JAYA, PAMENANG, MERANGIN, JAMBI",1,130,66,196
https://kawalpemilu.org#16260,"PELAKAR JAYA, PAMENANG, MERANGIN, JAMBI",2,160,31,191
https://kawalpemilu.org#16260,"PELAKAR JAYA, PAMENANG, MERANGIN, JAMBI",3,159,43,202
https://kawalpemilu.org#16260,"PELAKAR JAYA, PAMENANG, MERANGIN, JAMBI",4,137,60,197
https://kawalpemilu.org#16262,"MUARA JERNIH, TABIR ULU, MERANGIN, JAMBI",1,31,196,227
https://kawalpemilu.org#16262,"MUARA JERNIH, TABIR ULU, MERANGIN, JAMBI",2,47,149,196
https://kawalpemilu.org#16262,"MUARA JERNIH, TABIR ULU, MERANGIN, JAMBI",3,40,129,169
https://kawalpemilu.org#16262,"MUARA JERNIH, TABIR ULU, MERANGIN, JAMBI",4,32,188,220
https://kawalpemilu.org#16262,"MUARA JERNIH, TABIR ULU, MERANGIN, JAMBI",5,25,145,170
https://kawalpemilu.org#16262,"MUARA JERNIH, TABIR ULU, MERANGIN, JAMBI",6,82,23,105
https://kawalpemilu.org#16262,"MUARA JERNIH, TABIR ULU, MERANGIN, JAMBI",7,50,194,244
https://kawalpemilu.org#16262,"MUARA JERNIH, TABIR ULU, MERANGIN, JAMBI",8,43,133,176
https://kawalpemilu.org#16263,"KAPUK, TABIR ULU, MERANGIN, JAMBI",1,65,162,227
https://kawalpemilu.org#16263,"KAPUK, TABIR ULU, MERANGIN, JAMBI",2,14,205,219
https://kawalpemilu.org#16263,"KAPUK, TABIR ULU, MERANGIN, JAMBI",3,44,133,177
https://kawalpemilu.org#16263,"KAPUK, TABIR ULU, MERANGIN, JAMBI",4,79,106,185
https://kawalpemilu.org#16263,"KAPUK, TABIR ULU, MERANGIN, JAMBI",5,51,88,139
https://kawalpemilu.org#16263,"KAPUK, TABIR ULU, MERANGIN, JAMBI",6,15,122,137
https://kawalpemilu.org#16263,"KAPUK, TABIR ULU, MERANGIN, JAMBI",7,53,103,156
https://kawalpemilu.org#16264,"PULAU ARO, TABIR ULU, MERANGIN, JAMBI",1,36,121,157
https://kawalpemilu.org#16264,"PULAU ARO, TABIR ULU, MERANGIN, JAMBI",2,30,115,145
https://kawalpemilu.org#16264,"PULAU ARO, TABIR ULU, MERANGIN, JAMBI",3,56,189,245
https://kawalpemilu.org#16264,"PULAU ARO, TABIR ULU, MERANGIN, JAMBI",4,72,164,236
https://kawalpemilu.org#16264,"PULAU ARO, TABIR ULU, MERANGIN, JAMBI",5,17,135,152
https://kawalpemilu.org#16264,"PULAU ARO, TABIR ULU, MERANGIN, JAMBI",6,36,142,178
https://kawalpemilu.org#16264,"PULAU ARO, TABIR ULU, MERANGIN, JAMBI",7,28,124,152
https://kawalpemilu.org#16264,"PULAU ARO, TABIR ULU, MERANGIN, JAMBI",8,33,191,224
https://kawalpemilu.org#16265,"RANTAU NGARAU, TABIR ULU, MERANGIN, JAMBI",1,27,227,256
https://kawalpemilu.org#16265,"RANTAU NGARAU, TABIR ULU, MERANGIN, JAMBI",2,31,262,293
https://kawalpemilu.org#16266,"MEDAN BARU, TABIR ULU, MERANGIN, JAMBI",2,22,131,153
https://kawalpemilu.org#16267,"MUARO SEKETUK, TABIR ULU, MERANGIN, JAMBI",1,67,127,194
https://kawalpemilu.org#16267,"MUARO SEKETUK, TABIR ULU, MERANGIN, JAMBI",2,59,120,179
https://kawalpemilu.org#16269,"SUNGAI SAHUT, TABIR SELATAN, MERANGIN, JAMBI",1,99,78,177
https://kawalpemilu.org#16269,"SUNGAI SAHUT, TABIR SELATAN, MERANGIN, JAMBI",2,111,68,179
https://kawalpemilu.org#16269,"SUNGAI SAHUT, TABIR SELATAN, MERANGIN, JAMBI",3,112,58,170
https://kawalpemilu.org#16269,"SUNGAI SAHUT, TABIR SELATAN, MERANGIN, JAMBI",4,151,20,171
https://kawalpemilu.org#16269,"SUNGAI SAHUT, TABIR SELATAN, MERANGIN, JAMBI",5,115,35,150
https://kawalpemilu.org#16269,"SUNGAI SAHUT, TABIR SELATAN, MERANGIN, JAMBI",6,132,26,158
https://kawalpemilu.org#16269,"SUNGAI SAHUT, TABIR SELATAN, MERANGIN, JAMBI",7,117,46,163
https://kawalpemilu.org#16269,"SUNGAI SAHUT, TABIR SELATAN, MERANGIN, JAMBI",8,0,0,0
https://kawalpemilu.org#16269,"SUNGAI SAHUT, TABIR SELATAN, MERANGIN, JAMBI",9,144,27,171
https://kawalpemilu.org#16269,"SUNGAI SAHUT, TABIR SELATAN, MERANGIN, JAMBI",10,110,45,155
https://kawalpemilu.org#16269,"SUNGAI SAHUT, TABIR SELATAN, MERANGIN, JAMBI",11,0,0,0
https://kawalpemilu.org#16269,"SUNGAI SAHUT, TABIR SELATAN, MERANGIN, JAMBI",12,162,104,266
https://kawalpemilu.org#16269,"SUNGAI SAHUT, TABIR SELATAN, MERANGIN, JAMBI",13,177,56,233
https://kawalpemilu.org#16269,"SUNGAI SAHUT, TABIR SELATAN, MERANGIN, JAMBI",14,188,59,247
https://kawalpemilu.org#16270,"BUNGO ANTOI, TABIR SELATAN, MERANGIN, JAMBI",1,132,35,172
https://kawalpemilu.org#16270,"BUNGO ANTOI, TABIR SELATAN, MERANGIN, JAMBI",2,144,31,175
https://kawalpemilu.org#16270,"BUNGO ANTOI, TABIR SELATAN, MERANGIN, JAMBI",3,104,19,123
https://kawalpemilu.org#16270,"BUNGO ANTOI, TABIR SELATAN, MERANGIN, JAMBI",4,122,43,165
https://kawalpemilu.org#16270,"BUNGO ANTOI, TABIR SELATAN, MERANGIN, JAMBI",5,173,66,239
https://kawalpemilu.org#16270,"BUNGO ANTOI, TABIR SELATAN, MERANGIN, JAMBI",6,142,50,192
https://kawalpemilu.org#16270,"BUNGO ANTOI, TABIR SELATAN, MERANGIN, JAMBI",7,138,63,201
https://kawalpemilu.org#16270,"BUNGO ANTOI, TABIR SELATAN, MERANGIN, JAMBI",8,153,38,191
https://kawalpemilu.org#16270,"BUNGO ANTOI, TABIR SELATAN, MERANGIN, JAMBI",9,152,33,185
https://kawalpemilu.org#16270,"BUNGO ANTOI, TABIR SELATAN, MERANGIN, JAMBI",10,184,57,241
https://kawalpemilu.org#16270,"BUNGO ANTOI, TABIR SELATAN, MERANGIN, JAMBI",11,130,44,174
https://kawalpemilu.org#16270,"BUNGO ANTOI, TABIR SELATAN, MERANGIN, JAMBI",12,140,47,187
https://kawalpemilu.org#16270,"BUNGO ANTOI, TABIR SELATAN, MERANGIN, JAMBI",13,169,53,222
https://kawalpemilu.org#16270,"BUNGO ANTOI, TABIR SELATAN, MERANGIN, JAMBI",14,170,25,195
https://kawalpemilu.org#16270,"BUNGO ANTOI, TABIR SELATAN, MERANGIN, JAMBI",15,138,38,176
https://kawalpemilu.org#16270,"BUNGO ANTOI, TABIR SELATAN, MERANGIN, JAMBI",16,168,35,203
https://kawalpemilu.org#16270,"BUNGO ANTOI, TABIR SELATAN, MERANGIN, JAMBI",17,132,21,153
https://kawalpemilu.org#16270,"BUNGO ANTOI, TABIR SELATAN, MERANGIN, JAMBI",18,143,22,165
https://kawalpemilu.org#16271,"MUARA DELANG, TABIR SELATAN, MERANGIN, JAMBI",1,122,75,197
https://kawalpemilu.org#16271,"MUARA DELANG, TABIR SELATAN, MERANGIN, JAMBI",2,160,52,121
https://kawalpemilu.org#16271,"MUARA DELANG, TABIR SELATAN, MERANGIN, JAMBI",3,164,42,206
https://kawalpemilu.org#16271,"MUARA DELANG, TABIR SELATAN, MERANGIN, JAMBI",4,166,28,194
https://kawalpemilu.org#16271,"MUARA DELANG, TABIR SELATAN, MERANGIN, JAMBI",5,154,38,192
https://kawalpemilu.org#16271,"MUARA DELANG, TABIR SELATAN, MERANGIN, JAMBI",6,119,71,190
https://kawalpemilu.org#16271,"MUARA DELANG, TABIR SELATAN, MERANGIN, JAMBI",7,140,53,193
https://kawalpemilu.org#16271,"MUARA DELANG, TABIR SELATAN, MERANGIN, JAMBI",8,126,93,219
https://kawalpemilu.org#16271,"MUARA DELANG, TABIR SELATAN, MERANGIN, JAMBI",9,117,96,213
https://kawalpemilu.org#16271,"MUARA DELANG, TABIR SELATAN, MERANGIN, JAMBI",10,207,39,246
https://kawalpemilu.org#16271,"MUARA DELANG, TABIR SELATAN, MERANGIN, JAMBI",11,113,60,173
https://kawalpemilu.org#16271,"MUARA DELANG, TABIR SELATAN, MERANGIN, JAMBI",12,122,70,0
https://kawalpemilu.org#16271,"MUARA DELANG, TABIR SELATAN, MERANGIN, JAMBI",13,160,26,186
https://kawalpemilu.org#16271,"MUARA DELANG, TABIR SELATAN, MERANGIN, JAMBI",14,171,66,237
https://kawalpemilu.org#16271,"MUARA DELANG, TABIR SELATAN, MERANGIN, JAMBI",15,130,86,216
https://kawalpemilu.org#16271,"MUARA DELANG, TABIR SELATAN, MERANGIN, JAMBI",16,134,63,197
https://kawalpemilu.org#16271,"MUARA DELANG, TABIR SELATAN, MERANGIN, JAMBI",17,141,81,222
https://kawalpemilu.org#16271,"MUARA DELANG, TABIR SELATAN, MERANGIN, JAMBI",18,125,59,184
https://kawalpemilu.org#16271,"MUARA DELANG, TABIR SELATAN, MERANGIN, JAMBI",19,95,64,159
https://kawalpemilu.org#16272,"SINAR GADING, TABIR SELATAN, MERANGIN, JAMBI",1,187,38,225
https://kawalpemilu.org#16272,"SINAR GADING, TABIR SELATAN, MERANGIN, JAMBI",2,187,52,239
https://kawalpemilu.org#16272,"SINAR GADING, TABIR SELATAN, MERANGIN, JAMBI",3,178,25,203
https://kawalpemilu.org#16272,"SINAR GADING, TABIR SELATAN, MERANGIN, JAMBI",4,146,57,203
https://kawalpemilu.org#16272,"SINAR GADING, TABIR SELATAN, MERANGIN, JAMBI",5,148,66,217
https://kawalpemilu.org#16272,"SINAR GADING, TABIR SELATAN, MERANGIN, JAMBI",7,165,37,202
https://kawalpemilu.org#16273,"BUNGO TANJUNG, TABIR SELATAN, MERANGIN, JAMBI",1,126,58,184
https://kawalpemilu.org#16273,"BUNGO TANJUNG, TABIR SELATAN, MERANGIN, JAMBI",2,0,0,0
https://kawalpemilu.org#16273,"BUNGO TANJUNG, TABIR SELATAN, MERANGIN, JAMBI",3,167,54,221
https://kawalpemilu.org#16273,"BUNGO TANJUNG, TABIR SELATAN, MERANGIN, JAMBI",4,105,73,178
https://kawalpemilu.org#16273,"BUNGO TANJUNG, TABIR SELATAN, MERANGIN, JAMBI",5,104,50,154
https://kawalpemilu.org#16273,"BUNGO TANJUNG, TABIR SELATAN, MERANGIN, JAMBI",6,155,39,194
https://kawalpemilu.org#16273,"BUNGO TANJUNG, TABIR SELATAN, MERANGIN, JAMBI",7,97,34,131
https://kawalpemilu.org#16273,"BUNGO TANJUNG, TABIR SELATAN, MERANGIN, JAMBI",8,131,73,204
https://kawalpemilu.org#16274,"RAWA JAYA, TABIR SELATAN, MERANGIN, JAMBI",1,140,69,209
https://kawalpemilu.org#16274,"RAWA JAYA, TABIR SELATAN, MERANGIN, JAMBI",2,134,73,207
https://kawalpemilu.org#16274,"RAWA JAYA, TABIR SELATAN, MERANGIN, JAMBI",3,136,76,212
https://kawalpemilu.org#16274,"RAWA JAYA, TABIR SELATAN, MERANGIN, JAMBI",5,134,73,207
https://kawalpemilu.org#16274,"RAWA JAYA, TABIR SELATAN, MERANGIN, JAMBI",7,117,24,141
https://kawalpemilu.org#16274,"RAWA JAYA, TABIR SELATAN, MERANGIN, JAMBI",8,77,38,115
https://kawalpemilu.org#16274,"RAWA JAYA, TABIR SELATAN, MERANGIN, JAMBI",9,159,74,233
https://kawalpemilu.org#16274,"RAWA JAYA, TABIR SELATAN, MERANGIN, JAMBI",10,118,58,176
https://kawalpemilu.org#16274,"RAWA JAYA, TABIR SELATAN, MERANGIN, JAMBI",11,111,52,163
https://kawalpemilu.org#16274,"RAWA JAYA, TABIR SELATAN, MERANGIN, JAMBI",12,96,64,160
https://kawalpemilu.org#16274,"RAWA JAYA, TABIR SELATAN, MERANGIN, JAMBI",13,205,18,223
https://kawalpemilu.org#16275,"GADING JAYA, TABIR SELATAN, MERANGIN, JAMBI",1,172,15,187
https://kawalpemilu.org#16275,"GADING JAYA, TABIR SELATAN, MERANGIN, JAMBI",2,132,62,194
https://kawalpemilu.org#16275,"GADING JAYA, TABIR SELATAN, MERANGIN, JAMBI",3,137,41,178
https://kawalpemilu.org#16275,"GADING JAYA, TABIR SELATAN, MERANGIN, JAMBI",4,152,44,196
https://kawalpemilu.org#16275,"GADING JAYA, TABIR SELATAN, MERANGIN, JAMBI",5,132,47,179
https://kawalpemilu.org#16275,"GADING JAYA, TABIR SELATAN, MERANGIN, JAMBI",6,145,54,199
https://kawalpemilu.org#89420,"MEKAR JAYA, TABIR SELATAN, MERANGIN, JAMBI",1,189,57,241
https://kawalpemilu.org#89420,"MEKAR JAYA, TABIR SELATAN, MERANGIN, JAMBI",2,95,92,187
https://kawalpemilu.org#89420,"MEKAR JAYA, TABIR SELATAN, MERANGIN, JAMBI",3,85,69,154
https://kawalpemilu.org#89420,"MEKAR JAYA, TABIR SELATAN, MERANGIN, JAMBI",4,85,82,167
https://kawalpemilu.org#89420,"MEKAR JAYA, TABIR SELATAN, MERANGIN, JAMBI",5,108,76,184
https://kawalpemilu.org#89420,"MEKAR JAYA, TABIR SELATAN, MERANGIN, JAMBI",6,108,38,146
https://kawalpemilu.org#89420,"MEKAR JAYA, TABIR SELATAN, MERANGIN, JAMBI",7,117,32,149
https://kawalpemilu.org#89420,"MEKAR JAYA, TABIR SELATAN, MERANGIN, JAMBI",8,129,31,160
https://kawalpemilu.org#89420,"MEKAR JAYA, TABIR SELATAN, MERANGIN, JAMBI",9,31,21,52
https://kawalpemilu.org#16277,"NILO DINGIN, LEMBAH MASURAI, MERANGIN, JAMBI",1,75,158,233
https://kawalpemilu.org#16277,"NILO DINGIN, LEMBAH MASURAI, MERANGIN, JAMBI",2,67,186,253
https://kawalpemilu.org#16277,"NILO DINGIN, LEMBAH MASURAI, MERANGIN, JAMBI",4,82,52,135
https://kawalpemilu.org#16278,"TANJUNG BERUGO, LEMBAH MASURAI, MERANGIN, JAMBI",1,107,113,220
https://kawalpemilu.org#16278,"TANJUNG BERUGO, LEMBAH MASURAI, MERANGIN, JAMBI",2,66,83,149
https://kawalpemilu.org#16278,"TANJUNG BERUGO, LEMBAH MASURAI, MERANGIN, JAMBI",3,131,89,220
https://kawalpemilu.org#16279,"TUO, LEMBAH MASURAI, MERANGIN, JAMBI",1,83,145,228
https://kawalpemilu.org#16279,"TUO, LEMBAH MASURAI, MERANGIN, JAMBI",2,49,108,157
https://kawalpemilu.org#16279,"TUO, LEMBAH MASURAI, MERANGIN, JAMBI",3,43,73,116
https://kawalpemilu.org#16279,"TUO, LEMBAH MASURAI, MERANGIN, JAMBI",4,64,126,190
https://kawalpemilu.org#16279,"TUO, LEMBAH MASURAI, MERANGIN, JAMBI",5,64,92,156
https://kawalpemilu.org#16279,"TUO, LEMBAH MASURAI, MERANGIN, JAMBI",6,115,83,198
https://kawalpemilu.org#16279,"TUO, LEMBAH MASURAI, MERANGIN, JAMBI",7,153,86,239
https://kawalpemilu.org#16279,"TUO, LEMBAH MASURAI, MERANGIN, JAMBI",8,118,102,220
https://kawalpemilu.org#16279,"TUO, LEMBAH MASURAI, MERANGIN, JAMBI",9,155,71,226
https://kawalpemilu.org#16280,"KOTO RAMI, LEMBAH MASURAI, MERANGIN, JAMBI",1,61,178,239
https://kawalpemilu.org#16280,"KOTO RAMI, LEMBAH MASURAI, MERANGIN, JAMBI",2,17,87,104
https://kawalpemilu.org#16280,"KOTO RAMI, LEMBAH MASURAI, MERANGIN, JAMBI",3,24,44,68
https://kawalpemilu.org#16281,"RANCAN, LEMBAH MASURAI, MERANGIN, JAMBI",1,47,199,246
https://kawalpemilu.org#16281,"RANCAN, LEMBAH MASURAI, MERANGIN, JAMBI",2,39,104,143
https://kawalpemilu.org#16282,"PASAR MASURAI, LEMBAH MASURAI, MERANGIN, JAMBI",1,56,141,197
https://kawalpemilu.org#16282,"PASAR MASURAI, LEMBAH MASURAI, MERANGIN, JAMBI",2,85,149,234
https://kawalpemilu.org#16283,"RANTAU JERING, LEMBAH MASURAI, MERANGIN, JAMBI",1,25,177,202
https://kawalpemilu.org#16283,"RANTAU JERING, LEMBAH MASURAI, MERANGIN, JAMBI",2,33,164,197
https://kawalpemilu.org#16283,"RANTAU JERING, LEMBAH MASURAI, MERANGIN, JAMBI",3,34,142,176
https://kawalpemilu.org#16283,"RANTAU JERING, LEMBAH MASURAI, MERANGIN, JAMBI",4,19,130,149
https://kawalpemilu.org#16284,"TANJUNG DALAM, LEMBAH MASURAI, MERANGIN, JAMBI",1,9,128,137
https://kawalpemilu.org#16284,"TANJUNG DALAM, LEMBAH MASURAI, MERANGIN, JAMBI",2,20,128,148
https://kawalpemilu.org#16284,"TANJUNG DALAM, LEMBAH MASURAI, MERANGIN, JAMBI",3,17,119,136
https://kawalpemilu.org#16285,"MUARO PANGI, LEMBAH MASURAI, MERANGIN, JAMBI",1,0,0,0
https://kawalpemilu.org#16286,"MUARA LANGAYO, LEMBAH MASURAI, MERANGIN, JAMBI",2,2,119,121
https://kawalpemilu.org#16287,"MUARA KELUKUP, LEMBAH MASURAI, MERANGIN, JAMBI",1,18,196,214
https://kawalpemilu.org#16287,"MUARA KELUKUP, LEMBAH MASURAI, MERANGIN, JAMBI",2,33,175,208
https://kawalpemilu.org#16289,"TALANG ASAL, LEMBAH MASURAI, MERANGIN, JAMBI",2,30,122,152
https://kawalpemilu.org#16289,"TALANG ASAL, LEMBAH MASURAI, MERANGIN, JAMBI",3,98,111,209
https://kawalpemilu.org#16289,"TALANG ASAL, LEMBAH MASURAI, MERANGIN, JAMBI",4,120,35,155
https://kawalpemilu.org#16290,"DURIAN MUKUT, LEMBAH MASURAI, MERANGIN, JAMBI",1,72,70,142
https://kawalpemilu.org#16291,"SUNGAI LALANG, LEMBAH MASURAI, MERANGIN, JAMBI",1,110,28,138
https://kawalpemilu.org#16291,"SUNGAI LALANG, LEMBAH MASURAI, MERANGIN, JAMBI",2,154,58,212
https://kawalpemilu.org#16291,"SUNGAI LALANG, LEMBAH MASURAI, MERANGIN, JAMBI",3,51,16,67
https://kawalpemilu.org#16291,"SUNGAI LALANG, LEMBAH MASURAI, MERANGIN, JAMBI",4,37,28,65
https://kawalpemilu.org#16291,"SUNGAI LALANG, LEMBAH MASURAI, MERANGIN, JAMBI",5,115,41,156
https://kawalpemilu.org#16293,"BIUKU TANJUNG, BANGKO  BARAT, MERANGIN, JAMBI",1,53,162,215
https://kawalpemilu.org#16293,"BIUKU TANJUNG, BANGKO  BARAT, MERANGIN, JAMBI",2,62,160,222
https://kawalpemilu.org#16293,"BIUKU TANJUNG, BANGKO  BARAT, MERANGIN, JAMBI",3,38,159,197
https://kawalpemilu.org#16293,"BIUKU TANJUNG, BANGKO  BARAT, MERANGIN, JAMBI",4,58,161,219
https://kawalpemilu.org#16293,"BIUKU TANJUNG, BANGKO  BARAT, MERANGIN, JAMBI",5,136,42,178
https://kawalpemilu.org#16294,"PULAU RENGAS, BANGKO  BARAT, MERANGIN, JAMBI",1,92,149,241
https://kawalpemilu.org#16294,"PULAU RENGAS, BANGKO  BARAT, MERANGIN, JAMBI",2,50,203,253
https://kawalpemilu.org#16294,"PULAU RENGAS, BANGKO  BARAT, MERANGIN, JAMBI",3,23,232,255
https://kawalpemilu.org#16294,"PULAU RENGAS, BANGKO  BARAT, MERANGIN, JAMBI",4,18,202,220
https://kawalpemilu.org#16294,"PULAU RENGAS, BANGKO  BARAT, MERANGIN, JAMBI",5,18,239,257
https://kawalpemilu.org#16295,"BEDENG REJO, BANGKO  BARAT, MERANGIN, JAMBI",1,76,72,148
https://kawalpemilu.org#16295,"BEDENG REJO, BANGKO  BARAT, MERANGIN, JAMBI",2,108,76,184
https://kawalpemilu.org#16295,"BEDENG REJO, BANGKO  BARAT, MERANGIN, JAMBI",3,69,132,201
https://kawalpemilu.org#16295,"BEDENG REJO, BANGKO  BARAT, MERANGIN, JAMBI",4,100,99,205
https://kawalpemilu.org#16296,"SUNGAI PUTIH, BANGKO  BARAT, MERANGIN, JAMBI",1,97,141,238
https://kawalpemilu.org#16296,"SUNGAI PUTIH, BANGKO  BARAT, MERANGIN, JAMBI",2,110,81,191
https://kawalpemilu.org#16296,"SUNGAI PUTIH, BANGKO  BARAT, MERANGIN, JAMBI",3,49,197,246
https://kawalpemilu.org#16296,"SUNGAI PUTIH, BANGKO  BARAT, MERANGIN, JAMBI",4,84,137,221
https://kawalpemilu.org#16296,"SUNGAI PUTIH, BANGKO  BARAT, MERANGIN, JAMBI",5,125,123,248
https://kawalpemilu.org#16296,"SUNGAI PUTIH, BANGKO  BARAT, MERANGIN, JAMBI",6,89,146,235
https://kawalpemilu.org#16297,"BUKIT BERINGIN, BANGKO  BARAT, MERANGIN, JAMBI",1,127,31,158
https://kawalpemilu.org#16297,"BUKIT BERINGIN, BANGKO  BARAT, MERANGIN, JAMBI",2,230,29,259
https://kawalpemilu.org#16297,"BUKIT BERINGIN, BANGKO  BARAT, MERANGIN, JAMBI",3,163,72,235
https://kawalpemilu.org#16297,"BUKIT BERINGIN, BANGKO  BARAT, MERANGIN, JAMBI",4,161,30,191
https://kawalpemilu.org#16297,"BUKIT BERINGIN, BANGKO  BARAT, MERANGIN, JAMBI",6,117,81,198
https://kawalpemilu.org#16297,"BUKIT BERINGIN, BANGKO  BARAT, MERANGIN, JAMBI",7,164,83,247
https://kawalpemilu.org#16297,"BUKIT BERINGIN, BANGKO  BARAT, MERANGIN, JAMBI",8,178,78,254
https://kawalpemilu.org#16298,"PULAU RENGAS ULU, BANGKO  BARAT, MERANGIN, JAMBI",1,45,194,239
https://kawalpemilu.org#16298,"PULAU RENGAS ULU, BANGKO  BARAT, MERANGIN, JAMBI",2,35,153,188
https://kawalpemilu.org#16298,"PULAU RENGAS ULU, BANGKO  BARAT, MERANGIN, JAMBI",3,41,186,227
https://kawalpemilu.org#16298,"PULAU RENGAS ULU, BANGKO  BARAT, MERANGIN, JAMBI",4,47,154,201
https://kawalpemilu.org#16298,"PULAU RENGAS ULU, BANGKO  BARAT, MERANGIN, JAMBI",5,155,32,187
https://kawalpemilu.org#16300,"BARU NALO, NALO TANTAN, MERANGIN, JAMBI",1,43,146,189
https://kawalpemilu.org#16300,"BARU NALO, NALO TANTAN, MERANGIN, JAMBI",2,39,111,150
https://kawalpemilu.org#16300,"BARU NALO, NALO TANTAN, MERANGIN, JAMBI",3,72,174,246
https://kawalpemilu.org#16300,"BARU NALO, NALO TANTAN, MERANGIN, JAMBI",4,171,72,243
https://kawalpemilu.org#16300,"BARU NALO, NALO TANTAN, MERANGIN, JAMBI",5,87,193,280
https://kawalpemilu.org#16301,"NALO GEDANG, NALO TANTAN, MERANGIN, JAMBI",1,86,128,214
https://kawalpemilu.org#16301,"NALO GEDANG, NALO TANTAN, MERANGIN, JAMBI",2,50,66,116
https://kawalpemilu.org#16301,"NALO GEDANG, NALO TANTAN, MERANGIN, JAMBI",3,82,149,231
https://kawalpemilu.org#16301,"NALO GEDANG, NALO TANTAN, MERANGIN, JAMBI",4,160,70,230
https://kawalpemilu.org#16302,"DANAU, NALO TANTAN, MERANGIN, JAMBI",1,75,177,252
https://kawalpemilu.org#16302,"DANAU, NALO TANTAN, MERANGIN, JAMBI",3,97,154,251
https://kawalpemilu.org#16303,"MENTAWAK, NALO TANTAN, MERANGIN, JAMBI",1,29,39,68
https://kawalpemilu.org#16303,"MENTAWAK, NALO TANTAN, MERANGIN, JAMBI",2,116,46,162
https://kawalpemilu.org#16303,"MENTAWAK, NALO TANTAN, MERANGIN, JAMBI",3,88,126,214
https://kawalpemilu.org#16303,"MENTAWAK, NALO TANTAN, MERANGIN, JAMBI",4,123,124,247
https://kawalpemilu.org#16303,"MENTAWAK, NALO TANTAN, MERANGIN, JAMBI",5,103,132,235
https://kawalpemilu.org#16303,"MENTAWAK, NALO TANTAN, MERANGIN, JAMBI",6,114,125,239
https://kawalpemilu.org#16303,"MENTAWAK, NALO TANTAN, MERANGIN, JAMBI",7,57,96,153
https://kawalpemilu.org#16304,"SUNGAI ULAK, NALO TANTAN, MERANGIN, JAMBI",2,36,185,221
https://kawalpemilu.org#16304,"SUNGAI ULAK, NALO TANTAN, MERANGIN, JAMBI",4,24,246,270
https://kawalpemilu.org#16304,"SUNGAI ULAK, NALO TANTAN, MERANGIN, JAMBI",5,42,206,248
https://kawalpemilu.org#16304,"SUNGAI ULAK, NALO TANTAN, MERANGIN, JAMBI",6,59,162,221
https://kawalpemilu.org#16304,"SUNGAI ULAK, NALO TANTAN, MERANGIN, JAMBI",7,62,194,256
https://kawalpemilu.org#16304,"SUNGAI ULAK, NALO TANTAN, MERANGIN, JAMBI",8,82,142,224
https://kawalpemilu.org#16304,"SUNGAI ULAK, NALO TANTAN, MERANGIN, JAMBI",9,35,177,212
https://kawalpemilu.org#16304,"SUNGAI ULAK, NALO TANTAN, MERANGIN, JAMBI",10,66,189,255
https://kawalpemilu.org#16304,"SUNGAI ULAK, NALO TANTAN, MERANGIN, JAMBI",11,60,196,256
https://kawalpemilu.org#16304,"SUNGAI ULAK, NALO TANTAN, MERANGIN, JAMBI",12,27,194,221
https://kawalpemilu.org#16304,"SUNGAI ULAK, NALO TANTAN, MERANGIN, JAMBI",13,47,173,220
https://kawalpemilu.org#16304,"SUNGAI ULAK, NALO TANTAN, MERANGIN, JAMBI",14,54,217,271
https://kawalpemilu.org#16304,"SUNGAI ULAK, NALO TANTAN, MERANGIN, JAMBI",15,45,207,252
https://kawalpemilu.org#16304,"SUNGAI ULAK, NALO TANTAN, MERANGIN, JAMBI",16,74,183,257
https://kawalpemilu.org#16304,"SUNGAI ULAK, NALO TANTAN, MERANGIN, JAMBI",17,64,193,257
https://kawalpemilu.org#16304,"SUNGAI ULAK, NALO TANTAN, MERANGIN, JAMBI",18,54,109,163
https://kawalpemilu.org#16305,"AUR BERDURI, NALO TANTAN, MERANGIN, JAMBI",1,40,179,119
https://kawalpemilu.org#16305,"AUR BERDURI, NALO TANTAN, MERANGIN, JAMBI",2,32,185,217
https://kawalpemilu.org#16305,"AUR BERDURI, NALO TANTAN, MERANGIN, JAMBI",3,39,169,208
https://kawalpemilu.org#16308,"SALAM BUKU, BATANG MASUMAI, MERANGIN, JAMBI",1,48,225,273
https://kawalpemilu.org#16308,"SALAM BUKU, BATANG MASUMAI, MERANGIN, JAMBI",2,14,139,153
https://kawalpemilu.org#16308,"SALAM BUKU, BATANG MASUMAI, MERANGIN, JAMBI",3,19,155,174
https://kawalpemilu.org#16308,"SALAM BUKU, BATANG MASUMAI, MERANGIN, JAMBI",5,21,145,166
https://kawalpemilu.org#16308,"SALAM BUKU, BATANG MASUMAI, MERANGIN, JAMBI",7,109,9,118
https://kawalpemilu.org#16309,"TITIAN TERAS, BATANG MASUMAI, MERANGIN, JAMBI",1,33,154,187
https://kawalpemilu.org#16309,"TITIAN TERAS, BATANG MASUMAI, MERANGIN, JAMBI",2,33,138,171
https://kawalpemilu.org#16309,"TITIAN TERAS, BATANG MASUMAI, MERANGIN, JAMBI",3,35,133,168
https://kawalpemilu.org#16309,"TITIAN TERAS, BATANG MASUMAI, MERANGIN, JAMBI",4,24,147,171
https://kawalpemilu.org#16311,"LUBUK GAUNG, BATANG MASUMAI, MERANGIN, JAMBI",1,27,177,204
https://kawalpemilu.org#16311,"LUBUK GAUNG, BATANG MASUMAI, MERANGIN, JAMBI",2,33,210,243
https://kawalpemilu.org#16313,"PULAU BARU, BATANG MASUMAI, MERANGIN, JAMBI",1,17,227,244
https://kawalpemilu.org#16313,"PULAU BARU, BATANG MASUMAI, MERANGIN, JAMBI",2,15,194,209
https://kawalpemilu.org#16313,"PULAU BARU, BATANG MASUMAI, MERANGIN, JAMBI",3,11,227,238
https://kawalpemilu.org#16314,"PULAU LAYANG, BATANG MASUMAI, MERANGIN, JAMBI",1,7,179,186
https://kawalpemilu.org#16314,"PULAU LAYANG, BATANG MASUMAI, MERANGIN, JAMBI",2,36,119,155
https://kawalpemilu.org#16314,"PULAU LAYANG, BATANG MASUMAI, MERANGIN, JAMBI",3,73,105,178
https://kawalpemilu.org#16315,"RANTAU ALAI, BATANG MASUMAI, MERANGIN, JAMBI",1,23,180,203
https://kawalpemilu.org#16315,"RANTAU ALAI, BATANG MASUMAI, MERANGIN, JAMBI",2,15,201,216
https://kawalpemilu.org#16315,"RANTAU ALAI, BATANG MASUMAI, MERANGIN, JAMBI",4,16,178,194
https://kawalpemilu.org#16316,"TAMBANG BESI, BATANG MASUMAI, MERANGIN, JAMBI",1,26,150,176
https://kawalpemilu.org#16316,"TAMBANG BESI, BATANG MASUMAI, MERANGIN, JAMBI",2,12,150,162
https://kawalpemilu.org#16317,"PELANGKI, BATANG MASUMAI, MERANGIN, JAMBI",1,19,248,267
https://kawalpemilu.org#16317,"PELANGKI, BATANG MASUMAI, MERANGIN, JAMBI",2,13,166,179
https://kawalpemilu.org#16317,"PELANGKI, BATANG MASUMAI, MERANGIN, JAMBI",3,5,112,117
https://kawalpemilu.org#84598,"KEDERASAN PANJANG, BATANG MASUMAI, MERANGIN, JAMBI",1,24,120,144
https://kawalpemilu.org#84598,"KEDERASAN PANJANG, BATANG MASUMAI, MERANGIN, JAMBI",2,30,183,213
https://kawalpemilu.org#16319,"TANJUNG LAMIN, PAMENANG BARAT, MERANGIN, JAMBI",1,23,144,167
https://kawalpemilu.org#16319,"TANJUNG LAMIN, PAMENANG BARAT, MERANGIN, JAMBI",2,31,158,189
https://kawalpemilu.org#16319,"TANJUNG LAMIN, PAMENANG BARAT, MERANGIN, JAMBI",3,72,130,202
https://kawalpemilu.org#16319,"TANJUNG LAMIN, PAMENANG BARAT, MERANGIN, JAMBI",4,60,139,199
https://kawalpemilu.org#16319,"TANJUNG LAMIN, PAMENANG BARAT, MERANGIN, JAMBI",5,100,125,225
https://kawalpemilu.org#16320,"LIMBUR MERANGIN, PAMENANG BARAT, MERANGIN, JAMBI",1,13,179,192
https://kawalpemilu.org#16320,"LIMBUR MERANGIN, PAMENANG BARAT, MERANGIN, JAMBI",2,31,177,208
https://kawalpemilu.org#16320,"LIMBUR MERANGIN, PAMENANG BARAT, MERANGIN, JAMBI",3,28,208,236
https://kawalpemilu.org#16320,"LIMBUR MERANGIN, PAMENANG BARAT, MERANGIN, JAMBI",4,28,146,174
https://kawalpemilu.org#16320,"LIMBUR MERANGIN, PAMENANG BARAT, MERANGIN, JAMBI",5,13,159,72
https://kawalpemilu.org#16320,"LIMBUR MERANGIN, PAMENANG BARAT, MERANGIN, JAMBI",6,18,159,177
https://kawalpemilu.org#16320,"LIMBUR MERANGIN, PAMENANG BARAT, MERANGIN, JAMBI",7,67,88,155
https://kawalpemilu.org#16321,"KARANG ANYAR, PAMENANG BARAT, MERANGIN, JAMBI",1,24,194,218
https://kawalpemilu.org#16321,"KARANG ANYAR, PAMENANG BARAT, MERANGIN, JAMBI",2,11,112,123
https://kawalpemilu.org#16321,"KARANG ANYAR, PAMENANG BARAT, MERANGIN, JAMBI",3,82,87,169
https://kawalpemilu.org#16322,"PINANG MERAH, PAMENANG BARAT, MERANGIN, JAMBI",1,119,81,200
https://kawalpemilu.org#16322,"PINANG MERAH, PAMENANG BARAT, MERANGIN, JAMBI",2,146,42,188
https://kawalpemilu.org#16322,"PINANG MERAH, PAMENANG BARAT, MERANGIN, JAMBI",3,146,98,244
https://kawalpemilu.org#16322,"PINANG MERAH, PAMENANG BARAT, MERANGIN, JAMBI",4,220,43,263
https://kawalpemilu.org#16322,"PINANG MERAH, PAMENANG BARAT, MERANGIN, JAMBI",5,180,75,237
https://kawalpemilu.org#16322,"PINANG MERAH, PAMENANG BARAT, MERANGIN, JAMBI",6,93,40,133
https://kawalpemilu.org#16322,"PINANG MERAH, PAMENANG BARAT, MERANGIN, JAMBI",7,197,35,232
https://kawalpemilu.org#16322,"PINANG MERAH, PAMENANG BARAT, MERANGIN, JAMBI",8,197,51,248
https://kawalpemilu.org#16322,"PINANG MERAH, PAMENANG BARAT, MERANGIN, JAMBI",9,180,39,219
https://kawalpemilu.org#16322,"PINANG MERAH, PAMENANG BARAT, MERANGIN, JAMBI",10,128,69,197
https://kawalpemilu.org#16322,"PINANG MERAH, PAMENANG BARAT, MERANGIN, JAMBI",11,127,88,215
https://kawalpemilu.org#16322,"PINANG MERAH, PAMENANG BARAT, MERANGIN, JAMBI",12,145,41,186
https://kawalpemilu.org#16322,"PINANG MERAH, PAMENANG BARAT, MERANGIN, JAMBI",13,157,45,202
https://kawalpemilu.org#16322,"PINANG MERAH, PAMENANG BARAT, MERANGIN, JAMBI",14,91,36,127
https://kawalpemilu.org#16323,"SIMPANG LIMBUR MERANGIN, PAMENANG BARAT, MERANGIN, JAMBI",1,94,122,216
https://kawalpemilu.org#16323,"SIMPANG LIMBUR MERANGIN, PAMENANG BARAT, MERANGIN, JAMBI",2,52,134,186
https://kawalpemilu.org#16323,"SIMPANG LIMBUR MERANGIN, PAMENANG BARAT, MERANGIN, JAMBI",3,63,46,1
https://kawalpemilu.org#16323,"SIMPANG LIMBUR MERANGIN, PAMENANG BARAT, MERANGIN, JAMBI",4,64,100,164
https://kawalpemilu.org#16323,"SIMPANG LIMBUR MERANGIN, PAMENANG BARAT, MERANGIN, JAMBI",5,111,82,193
https://kawalpemilu.org#16323,"SIMPANG LIMBUR MERANGIN, PAMENANG BARAT, MERANGIN, JAMBI",6,33,105,138
https://kawalpemilu.org#16323,"SIMPANG LIMBUR MERANGIN, PAMENANG BARAT, MERANGIN, JAMBI",7,107,76,183
https://kawalpemilu.org#16324,"MAMPUN BARU, PAMENANG BARAT, MERANGIN, JAMBI",1,150,71,221
https://kawalpemilu.org#16324,"MAMPUN BARU, PAMENANG BARAT, MERANGIN, JAMBI",2,139,72,211
https://kawalpemilu.org#16324,"MAMPUN BARU, PAMENANG BARAT, MERANGIN, JAMBI",3,210,41,251
https://kawalpemilu.org#16324,"MAMPUN BARU, PAMENANG BARAT, MERANGIN, JAMBI",4,159,43,202
https://kawalpemilu.org#16324,"MAMPUN BARU, PAMENANG BARAT, MERANGIN, JAMBI",5,125,51,176
https://kawalpemilu.org#16324,"MAMPUN BARU, PAMENANG BARAT, MERANGIN, JAMBI",6,114,43,157
https://kawalpemilu.org#16324,"MAMPUN BARU, PAMENANG BARAT, MERANGIN, JAMBI",7,148,47,195
https://kawalpemilu.org#16324,"MAMPUN BARU, PAMENANG BARAT, MERANGIN, JAMBI",8,127,46,173
https://kawalpemilu.org#16325,"PAPIT, PAMENANG BARAT, MERANGIN, JAMBI",1,86,63,149
https://kawalpemilu.org#16325,"PAPIT, PAMENANG BARAT, MERANGIN, JAMBI",2,34,151,185
https://kawalpemilu.org#16325,"PAPIT, PAMENANG BARAT, MERANGIN, JAMBI",3,29,173,202
https://kawalpemilu.org#16326,"PULAU TUJUH, PAMENANG BARAT, MERANGIN, JAMBI",1,123,64,187
https://kawalpemilu.org#16326,"PULAU TUJUH, PAMENANG BARAT, MERANGIN, JAMBI",2,127,63,190
https://kawalpemilu.org#16326,"PULAU TUJUH, PAMENANG BARAT, MERANGIN, JAMBI",3,161,84,245
https://kawalpemilu.org#16326,"PULAU TUJUH, PAMENANG BARAT, MERANGIN, JAMBI",4,158,76,234
https://kawalpemilu.org#16326,"PULAU TUJUH, PAMENANG BARAT, MERANGIN, JAMBI",5,118,39,157
https://kawalpemilu.org#16326,"PULAU TUJUH, PAMENANG BARAT, MERANGIN, JAMBI",6,154,69,223
https://kawalpemilu.org#16326,"PULAU TUJUH, PAMENANG BARAT, MERANGIN, JAMBI",7,103,112,215
https://kawalpemilu.org#16326,"PULAU TUJUH, PAMENANG BARAT, MERANGIN, JAMBI",8,132,57,189
https://kawalpemilu.org#16328,"RANTAU LIMAU MANIS, TABIR ILIR, MERANGIN, JAMBI",1,58,149,207
https://kawalpemilu.org#16328,"RANTAU LIMAU MANIS, TABIR ILIR, MERANGIN, JAMBI",2,57,121,178
https://kawalpemilu.org#16328,"RANTAU LIMAU MANIS, TABIR ILIR, MERANGIN, JAMBI",3,33,202,235
https://kawalpemilu.org#16328,"RANTAU LIMAU MANIS, TABIR ILIR, MERANGIN, JAMBI",4,54,131,185
https://kawalpemilu.org#16328,"RANTAU LIMAU MANIS, TABIR ILIR, MERANGIN, JAMBI",5,25,74,99
https://kawalpemilu.org#16328,"RANTAU LIMAU MANIS, TABIR ILIR, MERANGIN, JAMBI",6,45,70,115
https://kawalpemilu.org#16328,"RANTAU LIMAU MANIS, TABIR ILIR, MERANGIN, JAMBI",7,56,127,183
https://kawalpemilu.org#16329,"ULAK MAKAM, TABIR ILIR, MERANGIN, JAMBI",1,56,150,206
https://kawalpemilu.org#16329,"ULAK MAKAM, TABIR ILIR, MERANGIN, JAMBI",2,52,155,207
https://kawalpemilu.org#16329,"ULAK MAKAM, TABIR ILIR, MERANGIN, JAMBI",3,42,180,222
https://kawalpemilu.org#16330,"AIR BATU, TABIR ILIR, MERANGIN, JAMBI",1,199,52,251
https://kawalpemilu.org#16330,"AIR BATU, TABIR ILIR, MERANGIN, JAMBI",2,106,59,165
https://kawalpemilu.org#16330,"AIR BATU, TABIR ILIR, MERANGIN, JAMBI",3,132,80,212
https://kawalpemilu.org#16330,"AIR BATU, TABIR ILIR, MERANGIN, JAMBI",4,131,55,186
https://kawalpemilu.org#16330,"AIR BATU, TABIR ILIR, MERANGIN, JAMBI",5,175,31,206
https://kawalpemilu.org#16330,"AIR BATU, TABIR ILIR, MERANGIN, JAMBI",7,129,27,156
https://kawalpemilu.org#16331,"REJO SARI, TABIR ILIR, MERANGIN, JAMBI",1,153,39,192
https://kawalpemilu.org#16331,"REJO SARI, TABIR ILIR, MERANGIN, JAMBI",2,107,71,5
https://kawalpemilu.org#16331,"REJO SARI, TABIR ILIR, MERANGIN, JAMBI",3,175,28,203
https://kawalpemilu.org#16331,"REJO SARI, TABIR ILIR, MERANGIN, JAMBI",4,129,59,188
https://kawalpemilu.org#16332,"KOTA RAJA, TABIR ILIR, MERANGIN, JAMBI",2,168,51,219
https://kawalpemilu.org#16332,"KOTA RAJA, TABIR ILIR, MERANGIN, JAMBI",3,165,41,206
https://kawalpemilu.org#16332,"KOTA RAJA, TABIR ILIR, MERANGIN, JAMBI",4,160,72,232
https://kawalpemilu.org#16333,"TUNGGUL BULIN, TABIR ILIR, MERANGIN, JAMBI",1,47,183,230
https://kawalpemilu.org#16333,"TUNGGUL BULIN, TABIR ILIR, MERANGIN, JAMBI",2,51,189,240
https://kawalpemilu.org#16333,"TUNGGUL BULIN, TABIR ILIR, MERANGIN, JAMBI",3,53,169,222
https://kawalpemilu.org#16334,"MEKAR LIMAU MANIS, TABIR ILIR, MERANGIN, JAMBI",1,81,124,205
https://kawalpemilu.org#16334,"MEKAR LIMAU MANIS, TABIR ILIR, MERANGIN, JAMBI",2,42,103,145
https://kawalpemilu.org#16334,"MEKAR LIMAU MANIS, TABIR ILIR, MERANGIN, JAMBI",3,53,27,80
https://kawalpemilu.org#16336,"SUNGAI LIMAU, TABIR TIMUR, MERANGIN, JAMBI",1,94,38,132
https://kawalpemilu.org#16336,"SUNGAI LIMAU, TABIR TIMUR, MERANGIN, JAMBI",2,88,42,130
https://kawalpemilu.org#16336,"SUNGAI LIMAU, TABIR TIMUR, MERANGIN, JAMBI",3,55,112,167
https://kawalpemilu.org#16336,"SUNGAI LIMAU, TABIR TIMUR, MERANGIN, JAMBI",4,81,88,169
https://kawalpemilu.org#16336,"SUNGAI LIMAU, TABIR TIMUR, MERANGIN, JAMBI",5,76,61,137
https://kawalpemilu.org#16336,"SUNGAI LIMAU, TABIR TIMUR, MERANGIN, JAMBI",6,45,73,118
https://kawalpemilu.org#16336,"SUNGAI LIMAU, TABIR TIMUR, MERANGIN, JAMBI",7,24,65,89
https://kawalpemilu.org#16337,"SUNGAI BULIAN, TABIR TIMUR, MERANGIN, JAMBI",1,130,69,199
https://kawalpemilu.org#16337,"SUNGAI BULIAN, TABIR TIMUR, MERANGIN, JAMBI",2,126,80,206
https://kawalpemilu.org#16337,"SUNGAI BULIAN, TABIR TIMUR, MERANGIN, JAMBI",3,134,72,206
https://kawalpemilu.org#16337,"SUNGAI BULIAN, TABIR TIMUR, MERANGIN, JAMBI",4,139,47,186
https://kawalpemilu.org#16337,"SUNGAI BULIAN, TABIR TIMUR, MERANGIN, JAMBI",5,107,82,189
https://kawalpemilu.org#16337,"SUNGAI BULIAN, TABIR TIMUR, MERANGIN, JAMBI",6,91,79,170
https://kawalpemilu.org#16337,"SUNGAI BULIAN, TABIR TIMUR, MERANGIN, JAMBI",7,135,47,182
https://kawalpemilu.org#16337,"SUNGAI BULIAN, TABIR TIMUR, MERANGIN, JAMBI",8,116,67,183
https://kawalpemilu.org#16338,"SRI SEMBILAN, TABIR TIMUR, MERANGIN, JAMBI",1,175,59,234
https://kawalpemilu.org#16338,"SRI SEMBILAN, TABIR TIMUR, MERANGIN, JAMBI",2,190,34,224
https://kawalpemilu.org#16338,"SRI SEMBILAN, TABIR TIMUR, MERANGIN, JAMBI",3,142,75,217
https://kawalpemilu.org#16338,"SRI SEMBILAN, TABIR TIMUR, MERANGIN, JAMBI",4,177,36,213
https://kawalpemilu.org#16338,"SRI SEMBILAN, TABIR TIMUR, MERANGIN, JAMBI",5,174,48,222
https://kawalpemilu.org#16338,"SRI SEMBILAN, TABIR TIMUR, MERANGIN, JAMBI",6,169,55,224
https://kawalpemilu.org#16339,"BUKIT SUBUR, TABIR TIMUR, MERANGIN, JAMBI",1,130,48,178
https://kawalpemilu.org#16339,"BUKIT SUBUR, TABIR TIMUR, MERANGIN, JAMBI",2,115,60,175
https://kawalpemilu.org#16339,"BUKIT SUBUR, TABIR TIMUR, MERANGIN, JAMBI",3,118,77,195
https://kawalpemilu.org#16339,"BUKIT SUBUR, TABIR TIMUR, MERANGIN, JAMBI",4,98,101,203
https://kawalpemilu.org#16339,"BUKIT SUBUR, TABIR TIMUR, MERANGIN, JAMBI",5,125,69,194
https://kawalpemilu.org#16339,"BUKIT SUBUR, TABIR TIMUR, MERANGIN, JAMBI",6,104,86,190
https://kawalpemilu.org#16341,"MUARA PANCO BARAT, RENAH PEMBARAP, MERANGIN, JAMBI",1,4,188,192
https://kawalpemilu.org#16341,"MUARA PANCO BARAT, RENAH PEMBARAP, MERANGIN, JAMBI",2,9,182,191
https://kawalpemilu.org#16341,"MUARA PANCO BARAT, RENAH PEMBARAP, MERANGIN, JAMBI",3,8,239,247
https://kawalpemilu.org#16341,"MUARA PANCO BARAT, RENAH PEMBARAP, MERANGIN, JAMBI",4,6,199,205
https://kawalpemilu.org#16341,"MUARA PANCO BARAT, RENAH PEMBARAP, MERANGIN, JAMBI",5,4,191,195
https://kawalpemilu.org#16343,"TALANG SEGEGAH, RENAH PEMBARAP, MERANGIN, JAMBI",1,1,151,152
https://kawalpemilu.org#16343,"TALANG SEGEGAH, RENAH PEMBARAP, MERANGIN, JAMBI",2,6,200,206
https://kawalpemilu.org#16345,"MUARA BANTAN, RENAH PEMBARAP, MERANGIN, JAMBI",1,19,144,163
https://kawalpemilu.org#16346,"PARIT UJUNG TANJUNG, RENAH PEMBARAP, MERANGIN, JAMBI",1,24,204,228
https://kawalpemilu.org#16346,"PARIT UJUNG TANJUNG, RENAH PEMBARAP, MERANGIN, JAMBI",2,48,146,194
https://kawalpemilu.org#16346,"PARIT UJUNG TANJUNG, RENAH PEMBARAP, MERANGIN, JAMBI",3,36,180,216
https://kawalpemilu.org#16347,"GUGUK, RENAH PEMBARAP, MERANGIN, JAMBI",1,35,219,254
https://kawalpemilu.org#16347,"GUGUK, RENAH PEMBARAP, MERANGIN, JAMBI",2,21,212,233
https://kawalpemilu.org#16347,"GUGUK, RENAH PEMBARAP, MERANGIN, JAMBI",3,23,107,130
https://kawalpemilu.org#16347,"GUGUK, RENAH PEMBARAP, MERANGIN, JAMBI",4,18,135,153
https://kawalpemilu.org#16348,"MARKEH, RENAH PEMBARAP, MERANGIN, JAMBI",1,49,161,210
https://kawalpemilu.org#16348,"MARKEH, RENAH PEMBARAP, MERANGIN, JAMBI",2,37,174,211
https://kawalpemilu.org#16348,"MARKEH, RENAH PEMBARAP, MERANGIN, JAMBI",3,49,175,224
https://kawalpemilu.org#16349,"AIR BATU, RENAH PEMBARAP, MERANGIN, JAMBI",1,35,210,245
https://kawalpemilu.org#16349,"AIR BATU, RENAH PEMBARAP, MERANGIN, JAMBI",2,24,216,240
https://kawalpemilu.org#16349,"AIR BATU, RENAH PEMBARAP, MERANGIN, JAMBI",3,20,206,226
https://kawalpemilu.org#16349,"AIR BATU, RENAH PEMBARAP, MERANGIN, JAMBI",4,32,212,244
https://kawalpemilu.org#16349,"AIR BATU, RENAH PEMBARAP, MERANGIN, JAMBI",5,29,184,213
https://kawalpemilu.org#16349,"AIR BATU, RENAH PEMBARAP, MERANGIN, JAMBI",6,35,212,247
https://kawalpemilu.org#16350,"MARUS JAYA, RENAH PEMBARAP, MERANGIN, JAMBI",1,47,110,157
https://kawalpemilu.org#16350,"MARUS JAYA, RENAH PEMBARAP, MERANGIN, JAMBI",2,14,104,118
https://kawalpemilu.org#16350,"MARUS JAYA, RENAH PEMBARAP, MERANGIN, JAMBI",3,46,118,164
https://kawalpemilu.org#16351,"RENAH MEDAN, RENAH PEMBARAP, MERANGIN, JAMBI",1,3,114,117
https://kawalpemilu.org#16351,"RENAH MEDAN, RENAH PEMBARAP, MERANGIN, JAMBI",2,45,80,125
https://kawalpemilu.org#16352,"SIMPANG PARIT, RENAH PEMBARAP, MERANGIN, JAMBI",1,27,164,191
https://kawalpemilu.org#16352,"SIMPANG PARIT, RENAH PEMBARAP, MERANGIN, JAMBI",2,36,168,204
https://kawalpemilu.org#16352,"SIMPANG PARIT, RENAH PEMBARAP, MERANGIN, JAMBI",3,25,156,181
https://kawalpemilu.org#84599,"DURIAN BETAKUK, RENAH PEMBARAP, MERANGIN, JAMBI",1,25,179,204
https://kawalpemilu.org#84599,"DURIAN BETAKUK, RENAH PEMBARAP, MERANGIN, JAMBI",2,10,220,230
https://kawalpemilu.org#84599,"DURIAN BETAKUK, RENAH PEMBARAP, MERANGIN, JAMBI",3,7,210,217
https://kawalpemilu.org#84600,"MUARO PANCO TIMUR, RENAH PEMBARAP, MERANGIN, JAMBI",1,4,245,249
https://kawalpemilu.org#84600,"MUARO PANCO TIMUR, RENAH PEMBARAP, MERANGIN, JAMBI",2,21,217,238
https://kawalpemilu.org#84600,"MUARO PANCO TIMUR, RENAH PEMBARAP, MERANGIN, JAMBI",3,19,226,245
https://kawalpemilu.org#84600,"MUARO PANCO TIMUR, RENAH PEMBARAP, MERANGIN, JAMBI",4,5,79,84
https://kawalpemilu.org#16354,"BARU PANGKALAN JAMBU, PANGKALAN JAMBU, MERANGIN, JAMBI",1,4,170,174
https://kawalpemilu.org#16354,"BARU PANGKALAN JAMBU, PANGKALAN JAMBU, MERANGIN, JAMBI",2,4,141,145
https://kawalpemilu.org#16355,"SUNGAI JERING, PANGKALAN JAMBU, MERANGIN, JAMBI",1,0,0,0
https://kawalpemilu.org#16355,"SUNGAI JERING, PANGKALAN JAMBU, MERANGIN, JAMBI",2,7,122,129
https://kawalpemilu.org#16355,"SUNGAI JERING, PANGKALAN JAMBU, MERANGIN, JAMBI",3,17,213,230
https://kawalpemilu.org#16356,"BUNGO TANJUNG, PANGKALAN JAMBU, MERANGIN, JAMBI",1,18,170,188
https://kawalpemilu.org#16356,"BUNGO TANJUNG, PANGKALAN JAMBU, MERANGIN, JAMBI",2,9,193,202
https://kawalpemilu.org#16356,"BUNGO TANJUNG, PANGKALAN JAMBU, MERANGIN, JAMBI",3,7,139,146
https://kawalpemilu.org#16357,"KAMPUNG LIMO, PANGKALAN JAMBU, MERANGIN, JAMBI",3,15,208,223
https://kawalpemilu.org#16357,"KAMPUNG LIMO, PANGKALAN JAMBU, MERANGIN, JAMBI",4,22,197,219
https://kawalpemilu.org#16358,"BUKIT PERENTAK, PANGKALAN JAMBU, MERANGIN, JAMBI",1,15,126,141
https://kawalpemilu.org#16358,"BUKIT PERENTAK, PANGKALAN JAMBU, MERANGIN, JAMBI",2,12,186,198
https://kawalpemilu.org#16358,"BUKIT PERENTAK, PANGKALAN JAMBU, MERANGIN, JAMBI",3,18,101,119
https://kawalpemilu.org#16359,"BIRUN, PANGKALAN JAMBU, MERANGIN, JAMBI",1,46,121,167
https://kawalpemilu.org#16359,"BIRUN, PANGKALAN JAMBU, MERANGIN, JAMBI",2,19,54,73
https://kawalpemilu.org#16359,"BIRUN, PANGKALAN JAMBU, MERANGIN, JAMBI",3,29,134,163
https://kawalpemilu.org#16361,"TANJUNG MUDO, PANGKALAN JAMBU, MERANGIN, JAMBI",1,12,102,114
https://kawalpemilu.org#16361,"TANJUNG MUDO, PANGKALAN JAMBU, MERANGIN, JAMBI",2,12,190,202
https://kawalpemilu.org#16361,"TANJUNG MUDO, PANGKALAN JAMBU, MERANGIN, JAMBI",3,11,158,169
https://kawalpemilu.org#84601,"TIGA ALUR, PANGKALAN JAMBU, MERANGIN, JAMBI",1,27,206,233
https://kawalpemilu.org#84601,"TIGA ALUR, PANGKALAN JAMBU, MERANGIN, JAMBI",2,13,220,233
https://kawalpemilu.org#84601,"TIGA ALUR, PANGKALAN JAMBU, MERANGIN, JAMBI",3,10,185,195
https://kawalpemilu.org#84601,"TIGA ALUR, PANGKALAN JAMBU, MERANGIN, JAMBI",4,17,138,155
https://kawalpemilu.org#16363,"TANJUNG MUDO, JANGKAT TIMUR, MERANGIN, JAMBI",1,44,167,211
https://kawalpemilu.org#16363,"TANJUNG MUDO, JANGKAT TIMUR, MERANGIN, JAMBI",2,20,61,81
https://kawalpemilu.org#16364,"KOTO TEGUH, JANGKAT TIMUR, MERANGIN, JAMBI",1,169,58,227
https://kawalpemilu.org#16364,"KOTO TEGUH, JANGKAT TIMUR, MERANGIN, JAMBI",2,92,47,139
https://kawalpemilu.org#16365,"BARU, JANGKAT TIMUR, MERANGIN, JAMBI",1,13,101,114
https://kawalpemilu.org#16365,"BARU, JANGKAT TIMUR, MERANGIN, JAMBI",2,14,160,174
https://kawalpemilu.org#16365,"BARU, JANGKAT TIMUR, MERANGIN, JAMBI",3,29,164,193
https://kawalpemilu.org#16366,"TALANG TEMBAGO, JANGKAT TIMUR, MERANGIN, JAMBI",1,40,132,172
https://kawalpemilu.org#16366,"TALANG TEMBAGO, JANGKAT TIMUR, MERANGIN, JAMBI",2,33,208,241
https://kawalpemilu.org#16367,"BERINGIN TINGGI, JANGKAT TIMUR, MERANGIN, JAMBI",1,16,157,173
https://kawalpemilu.org#16367,"BERINGIN TINGGI, JANGKAT TIMUR, MERANGIN, JAMBI",2,21,189,210
https://kawalpemilu.org#16367,"BERINGIN TINGGI, JANGKAT TIMUR, MERANGIN, JAMBI",3,12,53,65
https://kawalpemilu.org#16368,"PEMATANG PAUH, JANGKAT TIMUR, MERANGIN, JAMBI",1,45,170,215
https://kawalpemilu.org#16368,"PEMATANG PAUH, JANGKAT TIMUR, MERANGIN, JAMBI",2,87,131,218
https://kawalpemilu.org#16368,"PEMATANG PAUH, JANGKAT TIMUR, MERANGIN, JAMBI",3,52,85,137
https://kawalpemilu.org#16368,"PEMATANG PAUH, JANGKAT TIMUR, MERANGIN, JAMBI",4,14,85,99
https://kawalpemilu.org#16369,"RANTAU SULI, JANGKAT TIMUR, MERANGIN, JAMBI",1,88,175,263
https://kawalpemilu.org#16369,"RANTAU SULI, JANGKAT TIMUR, MERANGIN, JAMBI",2,38,196,234
https://kawalpemilu.org#16369,"RANTAU SULI, JANGKAT TIMUR, MERANGIN, JAMBI",3,59,115,174
https://kawalpemilu.org#16369,"RANTAU SULI, JANGKAT TIMUR, MERANGIN, JAMBI",4,49,153,202
https://kawalpemilu.org#16369,"RANTAU SULI, JANGKAT TIMUR, MERANGIN, JAMBI",5,22,101,123
https://kawalpemilu.org#16370,"GEDANG, JANGKAT TIMUR, MERANGIN, JAMBI",2,77,118,195
https://kawalpemilu.org#16370,"GEDANG, JANGKAT TIMUR, MERANGIN, JAMBI",3,65,169,234
https://kawalpemilu.org#16371,"TANJUNG BENUANG, JANGKAT TIMUR, MERANGIN, JAMBI",1,132,101,233
https://kawalpemilu.org#16371,"TANJUNG BENUANG, JANGKAT TIMUR, MERANGIN, JAMBI",2,112,132,244
https://kawalpemilu.org#16372,"JANGKAT, JANGKAT TIMUR, MERANGIN, JAMBI",1,93,165,258
https://kawalpemilu.org#16372,"JANGKAT, JANGKAT TIMUR, MERANGIN, JAMBI",2,73,190,263
https://kawalpemilu.org#16373,"KOTO BARU, JANGKAT TIMUR, MERANGIN, JAMBI",1,137,60,197
https://kawalpemilu.org#16373,"KOTO BARU, JANGKAT TIMUR, MERANGIN, JAMBI",2,46,63,109
https://kawalpemilu.org#16374,"TANJUNG ALAM, JANGKAT TIMUR, MERANGIN, JAMBI",1,123,116,239
https://kawalpemilu.org#90542,"KABU, JANGKAT TIMUR, MERANGIN, JAMBI",1,22,62,84
https://kawalpemilu.org#90542,"KABU, JANGKAT TIMUR, MERANGIN, JAMBI",2,112,42,154
https://kawalpemilu.org#90543,"SIMPANG TALANG TEMBAGO, JANGKAT TIMUR, MERANGIN, JAMBI",1,42,194,236
https://kawalpemilu.org#16376,"MERANTI, RENAH PAMENANG, MERANGIN, JAMBI",1,142,55,197
https://kawalpemilu.org#16376,"MERANTI, RENAH PAMENANG, MERANGIN, JAMBI",2,118,80,198
https://kawalpemilu.org#16376,"MERANTI, RENAH PAMENANG, MERANGIN, JAMBI",3,98,43,141
https://kawalpemilu.org#16376,"MERANTI, RENAH PAMENANG, MERANGIN, JAMBI",4,110,65,175
https://kawalpemilu.org#16376,"MERANTI, RENAH PAMENANG, MERANGIN, JAMBI",5,126,45,171
https://kawalpemilu.org#16376,"MERANTI, RENAH PAMENANG, MERANGIN, JAMBI",6,154,61,215
https://kawalpemilu.org#16376,"MERANTI, RENAH PAMENANG, MERANGIN, JAMBI",7,124,82,206
https://kawalpemilu.org#16376,"MERANTI, RENAH PAMENANG, MERANGIN, JAMBI",9,137,44,181
https://kawalpemilu.org#16376,"MERANTI, RENAH PAMENANG, MERANGIN, JAMBI",10,114,50,164
https://kawalpemilu.org#16376,"MERANTI, RENAH PAMENANG, MERANGIN, JAMBI",11,140,43,183
https://kawalpemilu.org#16377,"BUKIT BUNGKUL, RENAH PAMENANG, MERANGIN, JAMBI",1,20,68,188
https://kawalpemilu.org#16377,"BUKIT BUNGKUL, RENAH PAMENANG, MERANGIN, JAMBI",2,110,96,206
https://kawalpemilu.org#16377,"BUKIT BUNGKUL, RENAH PAMENANG, MERANGIN, JAMBI",3,129,68,197
https://kawalpemilu.org#16377,"BUKIT BUNGKUL, RENAH PAMENANG, MERANGIN, JAMBI",4,138,79,217
https://kawalpemilu.org#16377,"BUKIT BUNGKUL, RENAH PAMENANG, MERANGIN, JAMBI",5,99,106,205
https://kawalpemilu.org#16377,"BUKIT BUNGKUL, RENAH PAMENANG, MERANGIN, JAMBI",6,140,49,189
https://kawalpemilu.org#16377,"BUKIT BUNGKUL, RENAH PAMENANG, MERANGIN, JAMBI",7,154,47,201
https://kawalpemilu.org#16377,"BUKIT BUNGKUL, RENAH PAMENANG, MERANGIN, JAMBI",8,127,70,197
https://kawalpemilu.org#16377,"BUKIT BUNGKUL, RENAH PAMENANG, MERANGIN, JAMBI",9,167,49,216
https://kawalpemilu.org#16377,"BUKIT BUNGKUL, RENAH PAMENANG, MERANGIN, JAMBI",10,121,105,226
https://kawalpemilu.org#16377,"BUKIT BUNGKUL, RENAH PAMENANG, MERANGIN, JAMBI",11,139,54,193
https://kawalpemilu.org#16377,"BUKIT BUNGKUL, RENAH PAMENANG, MERANGIN, JAMBI",12,83,41,124
https://kawalpemilu.org#16377,"BUKIT BUNGKUL, RENAH PAMENANG, MERANGIN, JAMBI",13,62,58,120
https://kawalpemilu.org#16378,"RASAU, RENAH PAMENANG, MERANGIN, JAMBI",1,171,21,192
https://kawalpemilu.org#16378,"RASAU, RENAH PAMENANG, MERANGIN, JAMBI",2,131,75,206
https://kawalpemilu.org#16378,"RASAU, RENAH PAMENANG, MERANGIN, JAMBI",3,136,61,197
https://kawalpemilu.org#16378,"RASAU, RENAH PAMENANG, MERANGIN, JAMBI",4,142,54,196
https://kawalpemilu.org#16378,"RASAU, RENAH PAMENANG, MERANGIN, JAMBI",5,150,44,194
https://kawalpemilu.org#16378,"RASAU, RENAH PAMENANG, MERANGIN, JAMBI",7,139,71,210
https://kawalpemilu.org#16378,"RASAU, RENAH PAMENANG, MERANGIN, JAMBI",8,139,67,206
https://kawalpemilu.org#16378,"RASAU, RENAH PAMENANG, MERANGIN, JAMBI",9,154,45,199
https://kawalpemilu.org#16378,"RASAU, RENAH PAMENANG, MERANGIN, JAMBI",10,136,38,174
https://kawalpemilu.org#16379,"LANTAK SERIBU, RENAH PAMENANG, MERANGIN, JAMBI",1,98,72,170
https://kawalpemilu.org#16379,"LANTAK SERIBU, RENAH PAMENANG, MERANGIN, JAMBI",2,108,50,158
https://kawalpemilu.org#16379,"LANTAK SERIBU, RENAH PAMENANG, MERANGIN, JAMBI",3,104,62,166
https://kawalpemilu.org#16379,"LANTAK SERIBU, RENAH PAMENANG, MERANGIN, JAMBI",4,119,33,152
https://kawalpemilu.org#16379,"LANTAK SERIBU, RENAH PAMENANG, MERANGIN, JAMBI",6,114,53,167
https://kawalpemilu.org#16379,"LANTAK SERIBU, RENAH PAMENANG, MERANGIN, JAMBI",7,65,79,144
https://kawalpemilu.org#16379,"LANTAK SERIBU, RENAH PAMENANG, MERANGIN, JAMBI",8,94,65,159
https://kawalpemilu.org#16379,"LANTAK SERIBU, RENAH PAMENANG, MERANGIN, JAMBI",9,93,72,165
https://kawalpemilu.org#16379,"LANTAK SERIBU, RENAH PAMENANG, MERANGIN, JAMBI",10,123,58,181
https://kawalpemilu.org#16379,"LANTAK SERIBU, RENAH PAMENANG, MERANGIN, JAMBI",11,124,64,188
https://kawalpemilu.org#16379,"LANTAK SERIBU, RENAH PAMENANG, MERANGIN, JAMBI",12,115,71,186
https://kawalpemilu.org#16379,"LANTAK SERIBU, RENAH PAMENANG, MERANGIN, JAMBI",13,82,107,189
https://kawalpemilu.org#16379,"LANTAK SERIBU, RENAH PAMENANG, MERANGIN, JAMBI",14,92,32,124
https://kawalpemilu.org#16379,"LANTAK SERIBU, RENAH PAMENANG, MERANGIN, JAMBI",15,130,56,186
https://kawalpemilu.org#16381,"TAMBANG EMAS, PAMENANG SELATAN, MERANGIN, JAMBI",1,98,39,137
https://kawalpemilu.org#16381,"TAMBANG EMAS, PAMENANG SELATAN, MERANGIN, JAMBI",2,124,43,167
https://kawalpemilu.org#16381,"TAMBANG EMAS, PAMENANG SELATAN, MERANGIN, JAMBI",3,118,89,207
https://kawalpemilu.org#16381,"TAMBANG EMAS, PAMENANG SELATAN, MERANGIN, JAMBI",4,138,104,242
https://kawalpemilu.org#16381,"TAMBANG EMAS, PAMENANG SELATAN, MERANGIN, JAMBI",5,132,73,205
https://kawalpemilu.org#16381,"TAMBANG EMAS, PAMENANG SELATAN, MERANGIN, JAMBI",6,67,25,92
https://kawalpemilu.org#16381,"TAMBANG EMAS, PAMENANG SELATAN, MERANGIN, JAMBI",7,124,17,141
https://kawalpemilu.org#16381,"TAMBANG EMAS, PAMENANG SELATAN, MERANGIN, JAMBI",8,152,65,217
https://kawalpemilu.org#16381,"TAMBANG EMAS, PAMENANG SELATAN, MERANGIN, JAMBI",9,156,74,230
https://kawalpemilu.org#16381,"TAMBANG EMAS, PAMENANG SELATAN, MERANGIN, JAMBI",10,85,36,121
https://kawalpemilu.org#16381,"TAMBANG EMAS, PAMENANG SELATAN, MERANGIN, JAMBI",11,109,31,140
https://kawalpemilu.org#16381,"TAMBANG EMAS, PAMENANG SELATAN, MERANGIN, JAMBI",12,102,56,158
https://kawalpemilu.org#16381,"TAMBANG EMAS, PAMENANG SELATAN, MERANGIN, JAMBI",13,115,77,192
https://kawalpemilu.org#16381,"TAMBANG EMAS, PAMENANG SELATAN, MERANGIN, JAMBI",14,129,73,202
https://kawalpemilu.org#16381,"TAMBANG EMAS, PAMENANG SELATAN, MERANGIN, JAMBI",15,108,134,242
https://kawalpemilu.org#16381,"TAMBANG EMAS, PAMENANG SELATAN, MERANGIN, JAMBI",17,149,75,224
https://kawalpemilu.org#16382,"TANJUNG BENUANG, PAMENANG SELATAN, MERANGIN, JAMBI",1,179,55,234
https://kawalpemilu.org#16382,"TANJUNG BENUANG, PAMENANG SELATAN, MERANGIN, JAMBI",2,0,0,0
https://kawalpemilu.org#16382,"TANJUNG BENUANG, PAMENANG SELATAN, MERANGIN, JAMBI",3,74,78,152
https://kawalpemilu.org#16382,"TANJUNG BENUANG, PAMENANG SELATAN, MERANGIN, JAMBI",4,143,67,210
https://kawalpemilu.org#16382,"TANJUNG BENUANG, PAMENANG SELATAN, MERANGIN, JAMBI",5,58,73,131
https://kawalpemilu.org#16382,"TANJUNG BENUANG, PAMENANG SELATAN, MERANGIN, JAMBI",6,97,97,194
https://kawalpemilu.org#16382,"TANJUNG BENUANG, PAMENANG SELATAN, MERANGIN, JAMBI",7,197,32,229
https://kawalpemilu.org#16382,"TANJUNG BENUANG, PAMENANG SELATAN, MERANGIN, JAMBI",8,156,32,188
https://kawalpemilu.org#16382,"TANJUNG BENUANG, PAMENANG SELATAN, MERANGIN, JAMBI",9,141,17,159
https://kawalpemilu.org#16382,"TANJUNG BENUANG, PAMENANG SELATAN, MERANGIN, JAMBI",10,79,22,101
https://kawalpemilu.org#16382,"TANJUNG BENUANG, PAMENANG SELATAN, MERANGIN, JAMBI",11,178,48,226
https://kawalpemilu.org#16383,"PULAU BAYUR, PAMENANG SELATAN, MERANGIN, JAMBI",1,10,169,179
https://kawalpemilu.org#16383,"PULAU BAYUR, PAMENANG SELATAN, MERANGIN, JAMBI",2,64,125,189
https://kawalpemilu.org#16383,"PULAU BAYUR, PAMENANG SELATAN, MERANGIN, JAMBI",3,22,100,122
https://kawalpemilu.org#16384,"SELANGO, PAMENANG SELATAN, MERANGIN, JAMBI",1,33,148,181
https://kawalpemilu.org#16384,"SELANGO, PAMENANG SELATAN, MERANGIN, JAMBI",2,12,97,109
https://kawalpemilu.org#16384,"SELANGO, PAMENANG SELATAN, MERANGIN, JAMBI",3,18,134,152
https://kawalpemilu.org#16384,"SELANGO, PAMENANG SELATAN, MERANGIN, JAMBI",4,15,137,152
https://kawalpemilu.org#16386,"TANJUNG REJO, MARGO TABIR, MERANGIN, JAMBI",1,75,105,180
https://kawalpemilu.org#16386,"TANJUNG REJO, MARGO TABIR, MERANGIN, JAMBI",3,62,108,170
https://kawalpemilu.org#16386,"TANJUNG REJO, MARGO TABIR, MERANGIN, JAMBI",4,80,125,205
https://kawalpemilu.org#16386,"TANJUNG REJO, MARGO TABIR, MERANGIN, JAMBI",5,96,93,189
https://kawalpemilu.org#16386,"TANJUNG REJO, MARGO TABIR, MERANGIN, JAMBI",6,94,65,159
https://kawalpemilu.org#16386,"TANJUNG REJO, MARGO TABIR, MERANGIN, JAMBI",7,78,87,165
https://kawalpemilu.org#16386,"TANJUNG REJO, MARGO TABIR, MERANGIN, JAMBI",8,118,77,195
https://kawalpemilu.org#16386,"TANJUNG REJO, MARGO TABIR, MERANGIN, JAMBI",9,102,34,136
https://kawalpemilu.org#16386,"TANJUNG REJO, MARGO TABIR, MERANGIN, JAMBI",10,93,120,213
https://kawalpemilu.org#16386,"TANJUNG REJO, MARGO TABIR, MERANGIN, JAMBI",11,73,101,174
https://kawalpemilu.org#16386,"TANJUNG REJO, MARGO TABIR, MERANGIN, JAMBI",12,88,108,196
https://kawalpemilu.org#16386,"TANJUNG REJO, MARGO TABIR, MERANGIN, JAMBI",13,66,126,192
https://kawalpemilu.org#16386,"TANJUNG REJO, MARGO TABIR, MERANGIN, JAMBI",14,114,99,213
https://kawalpemilu.org#16387,"SUMBER AGUNG, MARGO TABIR, MERANGIN, JAMBI",1,30,181,211
https://kawalpemilu.org#16387,"SUMBER AGUNG, MARGO TABIR, MERANGIN, JAMBI",2,63,121,184
https://kawalpemilu.org#16387,"SUMBER AGUNG, MARGO TABIR, MERANGIN, JAMBI",3,63,98,161
https://kawalpemilu.org#16387,"SUMBER AGUNG, MARGO TABIR, MERANGIN, JAMBI",4,55,118,173
https://kawalpemilu.org#16387,"SUMBER AGUNG, MARGO TABIR, MERANGIN, JAMBI",5,41,126,167
https://kawalpemilu.org#16387,"SUMBER AGUNG, MARGO TABIR, MERANGIN, JAMBI",6,95,94,189
https://kawalpemilu.org#16387,"SUMBER AGUNG, MARGO TABIR, MERANGIN, JAMBI",7,111,105,216
https://kawalpemilu.org#16387,"SUMBER AGUNG, MARGO TABIR, MERANGIN, JAMBI",8,111,97,208
https://kawalpemilu.org#16387,"SUMBER AGUNG, MARGO TABIR, MERANGIN, JAMBI",9,71,113,184
https://kawalpemilu.org#16387,"SUMBER AGUNG, MARGO TABIR, MERANGIN, JAMBI",10,42,129,171
https://kawalpemilu.org#16387,"SUMBER AGUNG, MARGO TABIR, MERANGIN, JAMBI",11,75,117,192
https://kawalpemilu.org#16387,"SUMBER AGUNG, MARGO TABIR, MERANGIN, JAMBI",12,54,98,152
https://kawalpemilu.org#16388,"SUKO REJO, MARGO TABIR, MERANGIN, JAMBI",1,69,56,125
https://kawalpemilu.org#16388,"SUKO REJO, MARGO TABIR, MERANGIN, JAMBI",2,62,121,183
https://kawalpemilu.org#16388,"SUKO REJO, MARGO TABIR, MERANGIN, JAMBI",4,39,105,144
https://kawalpemilu.org#16388,"SUKO REJO, MARGO TABIR, MERANGIN, JAMBI",5,61,62,123
https://kawalpemilu.org#16388,"SUKO REJO, MARGO TABIR, MERANGIN, JAMBI",6,70,55,125
https://kawalpemilu.org#16389,"SIDO RUKUN, MARGO TABIR, MERANGIN, JAMBI",1,105,75,180
https://kawalpemilu.org#16389,"SIDO RUKUN, MARGO TABIR, MERANGIN, JAMBI",2,102,102,204
https://kawalpemilu.org#16389,"SIDO RUKUN, MARGO TABIR, MERANGIN, JAMBI",3,104,125,229
https://kawalpemilu.org#16389,"SIDO RUKUN, MARGO TABIR, MERANGIN, JAMBI",4,105,96,201
https://kawalpemilu.org#16389,"SIDO RUKUN, MARGO TABIR, MERANGIN, JAMBI",5,90,56,146
https://kawalpemilu.org#16389,"SIDO RUKUN, MARGO TABIR, MERANGIN, JAMBI",6,98,119,217
https://kawalpemilu.org#16390,"LUBUK BUMBUN, MARGO TABIR, MERANGIN, JAMBI",1,12,198,210
https://kawalpemilu.org#16390,"LUBUK BUMBUN, MARGO TABIR, MERANGIN, JAMBI",2,9,209,218
https://kawalpemilu.org#16390,"LUBUK BUMBUN, MARGO TABIR, MERANGIN, JAMBI",3,16,180,196
https://kawalpemilu.org#16390,"LUBUK BUMBUN, MARGO TABIR, MERANGIN, JAMBI",4,25,186,211
https://kawalpemilu.org#16390,"LUBUK BUMBUN, MARGO TABIR, MERANGIN, JAMBI",5,20,189,209
https://kawalpemilu.org#16390,"LUBUK BUMBUN, MARGO TABIR, MERANGIN, JAMBI",6,23,209,232
https://kawalpemilu.org#16390,"LUBUK BUMBUN, MARGO TABIR, MERANGIN, JAMBI",7,21,61,182
https://kawalpemilu.org#16391,"TEGAL REJO, MARGO TABIR, MERANGIN, JAMBI",1,36,113,149
https://kawalpemilu.org#16391,"TEGAL REJO, MARGO TABIR, MERANGIN, JAMBI",2,65,113,178
https://kawalpemilu.org#16391,"TEGAL REJO, MARGO TABIR, MERANGIN, JAMBI",3,50,118,168
https://kawalpemilu.org#16393,"TAMBANG BARU, TABIR LINTAS, MERANGIN, JAMBI",1,90,135,225
https://kawalpemilu.org#16393,"TAMBANG BARU, TABIR LINTAS, MERANGIN, JAMBI",2,114,97,211
https://kawalpemilu.org#16393,"TAMBANG BARU, TABIR LINTAS, MERANGIN, JAMBI",3,100,94,194
https://kawalpemilu.org#16393,"TAMBANG BARU, TABIR LINTAS, MERANGIN, JAMBI",4,137,100,237
https://kawalpemilu.org#16393,"TAMBANG BARU, TABIR LINTAS, MERANGIN, JAMBI",5,98,139,237
https://kawalpemilu.org#16393,"TAMBANG BARU, TABIR LINTAS, MERANGIN, JAMBI",6,53,107,160
https://kawalpemilu.org#16394,"SIDO LEGO, TABIR LINTAS, MERANGIN, JAMBI",1,74,161,235
https://kawalpemilu.org#16394,"SIDO LEGO, TABIR LINTAS, MERANGIN, JAMBI",2,101,121,222
https://kawalpemilu.org#16394,"SIDO LEGO, TABIR LINTAS, MERANGIN, JAMBI",3,99,134,233
https://kawalpemilu.org#16394,"SIDO LEGO, TABIR LINTAS, MERANGIN, JAMBI",4,81,111,192
https://kawalpemilu.org#16394,"SIDO LEGO, TABIR LINTAS, MERANGIN, JAMBI",5,79,142,221
https://kawalpemilu.org#16394,"SIDO LEGO, TABIR LINTAS, MERANGIN, JAMBI",6,100,117,217
https://kawalpemilu.org#16394,"SIDO LEGO, TABIR LINTAS, MERANGIN, JAMBI",7,87,113,200
https://kawalpemilu.org#16395,"MENSANGO, TABIR LINTAS, MERANGIN, JAMBI",1,119,114,233
https://kawalpemilu.org#16395,"MENSANGO, TABIR LINTAS, MERANGIN, JAMBI",2,56,160,216
https://kawalpemilu.org#16395,"MENSANGO, TABIR LINTAS, MERANGIN, JAMBI",3,60,151,211
https://kawalpemilu.org#16396,"KOTO BARU, TABIR LINTAS, MERANGIN, JAMBI",1,109,105,214
https://kawalpemilu.org#16396,"KOTO BARU, TABIR LINTAS, MERANGIN, JAMBI",2,84,111,195
https://kawalpemilu.org#16396,"KOTO BARU, TABIR LINTAS, MERANGIN, JAMBI",3,49,150,199
https://kawalpemilu.org#16396,"KOTO BARU, TABIR LINTAS, MERANGIN, JAMBI",4,53,135,188
https://kawalpemilu.org#16396,"KOTO BARU, TABIR LINTAS, MERANGIN, JAMBI",5,117,62,179
https://kawalpemilu.org#16397,"SIDO HARJO, TABIR LINTAS, MERANGIN, JAMBI",1,149,74,223
https://kawalpemilu.org#16397,"SIDO HARJO, TABIR LINTAS, MERANGIN, JAMBI",2,108,105,213
https://kawalpemilu.org#16399,"MUARA KIBUL, TABIR BARAT, MERANGIN, JAMBI",1,0,0,0
https://kawalpemilu.org#16399,"MUARA KIBUL, TABIR BARAT, MERANGIN, JAMBI",2,19,152,171
https://kawalpemilu.org#16399,"MUARA KIBUL, TABIR BARAT, MERANGIN, JAMBI",3,34,169,203
https://kawalpemilu.org#16399,"MUARA KIBUL, TABIR BARAT, MERANGIN, JAMBI",4,30,93,123
https://kawalpemilu.org#16399,"MUARA KIBUL, TABIR BARAT, MERANGIN, JAMBI",5,26,157,183
https://kawalpemilu.org#16400,"TANJUNG PUTUS, TABIR BARAT, MERANGIN, JAMBI",1,17,214,231
https://kawalpemilu.org#16400,"TANJUNG PUTUS, TABIR BARAT, MERANGIN, JAMBI",2,11,199,210
https://kawalpemilu.org#16401,"PULAU TERBAKAR, TABIR BARAT, MERANGIN, JAMBI",1,35,159,194
https://kawalpemilu.org#16401,"PULAU TERBAKAR, TABIR BARAT, MERANGIN, JAMBI",2,22,110,132
https://kawalpemilu.org#16401,"PULAU TERBAKAR, TABIR BARAT, MERANGIN, JAMBI",3,153,23,176
https://kawalpemilu.org#16401,"PULAU TERBAKAR, TABIR BARAT, MERANGIN, JAMBI",4,107,24,131
https://kawalpemilu.org#16402,"BATANG KIBUL, TABIR BARAT, MERANGIN, JAMBI",1,61,133,194
https://kawalpemilu.org#16402,"BATANG KIBUL, TABIR BARAT, MERANGIN, JAMBI",2,29,86,115
https://kawalpemilu.org#16402,"BATANG KIBUL, TABIR BARAT, MERANGIN, JAMBI",3,12,75,87
https://kawalpemilu.org#16402,"BATANG KIBUL, TABIR BARAT, MERANGIN, JAMBI",4,11,52,63
https://kawalpemilu.org#16402,"BATANG KIBUL, TABIR BARAT, MERANGIN, JAMBI",5,28,63,91
https://kawalpemilu.org#16403,"SUNGAI TABIR, TABIR BARAT, MERANGIN, JAMBI",1,14,226,240
https://kawalpemilu.org#16404,"TELENTAM, TABIR BARAT, MERANGIN, JAMBI",1,3,169,172
https://kawalpemilu.org#16404,"TELENTAM, TABIR BARAT, MERANGIN, JAMBI",2,0,0,0
https://kawalpemilu.org#16404,"TELENTAM, TABIR BARAT, MERANGIN, JAMBI",3,21,189,210
https://kawalpemilu.org#16404,"TELENTAM, TABIR BARAT, MERANGIN, JAMBI",4,8,66,74
https://kawalpemilu.org#16404,"TELENTAM, TABIR BARAT, MERANGIN, JAMBI",5,8,109,117
https://kawalpemilu.org#16404,"TELENTAM, TABIR BARAT, MERANGIN, JAMBI",6,6,109,115
https://kawalpemilu.org#16405,"NGAOL, TABIR BARAT, MERANGIN, JAMBI",1,43,130,173
https://kawalpemilu.org#16405,"NGAOL, TABIR BARAT, MERANGIN, JAMBI",2,78,209,287
https://kawalpemilu.org#16405,"NGAOL, TABIR BARAT, MERANGIN, JAMBI",3,65,173,238
https://kawalpemilu.org#16405,"NGAOL, TABIR BARAT, MERANGIN, JAMBI",4,28,154,182
https://kawalpemilu.org#16406,"AIR LIKI, TABIR BARAT, MERANGIN, JAMBI",1,59,140,199
https://kawalpemilu.org#16406,"AIR LIKI, TABIR BARAT, MERANGIN, JAMBI",2,26,140,166
https://kawalpemilu.org#16407,"PULAU LEBAR, TABIR BARAT, MERANGIN, JAMBI",1,17,168,185
https://kawalpemilu.org#16408,"MUARA LANGEH, TABIR BARAT, MERANGIN, JAMBI",1,24,117,141
https://kawalpemilu.org#16408,"MUARA LANGEH, TABIR BARAT, MERANGIN, JAMBI",2,58,90,148
https://kawalpemilu.org#16409,"TANJUNG BERINGIN, TABIR BARAT, MERANGIN, JAMBI",1,22,170,192
https://kawalpemilu.org#16409,"TANJUNG BERINGIN, TABIR BARAT, MERANGIN, JAMBI",2,9,110,119
https://kawalpemilu.org#16410,"BARU KIBUL, TABIR BARAT, MERANGIN, JAMBI",1,58,150,208
https://kawalpemilu.org#16411,"NGAOL ILIR, TABIR BARAT, MERANGIN, JAMBI",1,54,197,251
https://kawalpemilu.org#16411,"NGAOL ILIR, TABIR BARAT, MERANGIN, JAMBI",2,34,112,146
https://kawalpemilu.org#16412,"AIR LIKI BARU, TABIR BARAT, MERANGIN, JAMBI",1,43,99,142
https://kawalpemilu.org#16412,"AIR LIKI BARU, TABIR BARAT, MERANGIN, JAMBI",2,42,31,73
https://kawalpemilu.org#16412,"AIR LIKI BARU, TABIR BARAT, MERANGIN, JAMBI",3,26,76,102
https://kawalpemilu.org#16414,"SEKANCING, TIANG PUMPUNG, MERANGIN, JAMBI",1,34,192,226
https://kawalpemilu.org#16414,"SEKANCING, TIANG PUMPUNG, MERANGIN, JAMBI",2,56,206,262
https://kawalpemilu.org#16414,"SEKANCING, TIANG PUMPUNG, MERANGIN, JAMBI",3,64,204,268
https://kawalpemilu.org#16415,"SEKANCING ILIR, TIANG PUMPUNG, MERANGIN, JAMBI",1,28,192,220
https://kawalpemilu.org#16415,"SEKANCING ILIR, TIANG PUMPUNG, MERANGIN, JAMBI",2,24,204,228
https://kawalpemilu.org#16415,"SEKANCING ILIR, TIANG PUMPUNG, MERANGIN, JAMBI",3,34,150,184
https://kawalpemilu.org#16415,"SEKANCING ILIR, TIANG PUMPUNG, MERANGIN, JAMBI",4,101,131,232
https://kawalpemilu.org#16416,"BERINGIN SANGGUL, TIANG PUMPUNG, MERANGIN, JAMBI",1,24,117,141
https://kawalpemilu.org#16416,"BERINGIN SANGGUL, TIANG PUMPUNG, MERANGIN, JAMBI",2,8,175,183
https://kawalpemilu.org#16416,"BERINGIN SANGGUL, TIANG PUMPUNG, MERANGIN, JAMBI",3,34,156,190
https://kawalpemilu.org#16417,"BARU BUKIT PUNJUNG, TIANG PUMPUNG, MERANGIN, JAMBI",1,96,88,184
https://kawalpemilu.org#16417,"BARU BUKIT PUNJUNG, TIANG PUMPUNG, MERANGIN, JAMBI",2,106,65,171
https://kawalpemilu.org#16418,"RANTAU LIMAU KAPAS, TIANG PUMPUNG, MERANGIN, JAMBI",1,3,224,227
https://kawalpemilu.org#16418,"RANTAU LIMAU KAPAS, TIANG PUMPUNG, MERANGIN, JAMBI",2,9,214,223
https://kawalpemilu.org#16419,"BARU SUNGAI SAKAI, TIANG PUMPUNG, MERANGIN, JAMBI",1,8,219,227
https://kawalpemilu.org#16422,"TAMBAK RATU, BATANG ASAI, SAROLANGUN, JAMBI",1,2,46,48
https://kawalpemilu.org#16422,"TAMBAK RATU, BATANG ASAI, SAROLANGUN, JAMBI",2,37,190,227
https://kawalpemilu.org#16423,"SUNGAI KERADAK, BATANG ASAI, SAROLANGUN, JAMBI",1,6,105,111
https://kawalpemilu.org#16423,"SUNGAI KERADAK, BATANG ASAI, SAROLANGUN, JAMBI",2,18,109,127
https://kawalpemilu.org#16423,"SUNGAI KERADAK, BATANG ASAI, SAROLANGUN, JAMBI",3,11,28,39
https://kawalpemilu.org#16424,"MUARO AIR DUA, BATANG ASAI, SAROLANGUN, JAMBI",1,17,160,177
https://kawalpemilu.org#16424,"MUARO AIR DUA, BATANG ASAI, SAROLANGUN, JAMBI",2,1,83,84
https://kawalpemilu.org#16425,"SIMPANG NARSO, BATANG ASAI, SAROLANGUN, JAMBI",1,44,141,185
https://kawalpemilu.org#16425,"SIMPANG NARSO, BATANG ASAI, SAROLANGUN, JAMBI",2,26,93,119
https://kawalpemilu.org#16426,"BATHIN PENGAMBANG, BATANG ASAI, SAROLANGUN, JAMBI",1,18,102,120
https://kawalpemilu.org#16426,"BATHIN PENGAMBANG, BATANG ASAI, SAROLANGUN, JAMBI",2,11,72,83
https://kawalpemilu.org#16427,"BATU EMPANG, BATANG ASAI, SAROLANGUN, JAMBI",1,5,162,167
https://kawalpemilu.org#16427,"BATU EMPANG, BATANG ASAI, SAROLANGUN, JAMBI",2,33,115,148
https://kawalpemilu.org#16427,"BATU EMPANG, BATANG ASAI, SAROLANGUN, JAMBI",3,14,121,135
https://kawalpemilu.org#16428,"RANTAU PANJANG, BATANG ASAI, SAROLANGUN, JAMBI",1,48,183,231
https://kawalpemilu.org#16428,"RANTAU PANJANG, BATANG ASAI, SAROLANGUN, JAMBI",2,16,145,161
https://kawalpemilu.org#16429,"PULAU SALAK BARU, BATANG ASAI, SAROLANGUN, JAMBI",1,68,155,223
https://kawalpemilu.org#16429,"PULAU SALAK BARU, BATANG ASAI, SAROLANGUN, JAMBI",2,20,133,153
https://kawalpemilu.org#16429,"PULAU SALAK BARU, BATANG ASAI, SAROLANGUN, JAMBI",3,5,84,89
https://kawalpemilu.org#16429,"PULAU SALAK BARU, BATANG ASAI, SAROLANGUN, JAMBI",4,12,101,113
https://kawalpemilu.org#16430,"MUARO PEMUAT, BATANG ASAI, SAROLANGUN, JAMBI",1,74,119,193
https://kawalpemilu.org#16430,"MUARO PEMUAT, BATANG ASAI, SAROLANGUN, JAMBI",2,104,104,208
https://kawalpemilu.org#16431,"LUBUK BANGKAR, BATANG ASAI, SAROLANGUN, JAMBI",1,128,68,196
https://kawalpemilu.org#16431,"LUBUK BANGKAR, BATANG ASAI, SAROLANGUN, JAMBI",2,65,10,75
https://kawalpemilu.org#16431,"LUBUK BANGKAR, BATANG ASAI, SAROLANGUN, JAMBI",3,85,27,112
https://kawalpemilu.org#16431,"LUBUK BANGKAR, BATANG ASAI, SAROLANGUN, JAMBI",4,89,61,150
https://kawalpemilu.org#16431,"LUBUK BANGKAR, BATANG ASAI, SAROLANGUN, JAMBI",5,48,39,87
https://kawalpemilu.org#16432,"PEKAN GEDANG, BATANG ASAI, SAROLANGUN, JAMBI",1,23,160,183
https://kawalpemilu.org#16432,"PEKAN GEDANG, BATANG ASAI, SAROLANGUN, JAMBI",2,23,199,222
https://kawalpemilu.org#16432,"PEKAN GEDANG, BATANG ASAI, SAROLANGUN, JAMBI",3,2,116,118
https://kawalpemilu.org#16433,"RADEN ANOM, BATANG ASAI, SAROLANGUN, JAMBI",1,16,145,161
https://kawalpemilu.org#16433,"RADEN ANOM, BATANG ASAI, SAROLANGUN, JAMBI",2,6,151,157
https://kawalpemilu.org#16433,"RADEN ANOM, BATANG ASAI, SAROLANGUN, JAMBI",3,38,147,185
https://kawalpemilu.org#16433,"RADEN ANOM, BATANG ASAI, SAROLANGUN, JAMBI",4,64,135,199
https://kawalpemilu.org#16434,"DATUK NAN DUO, BATANG ASAI, SAROLANGUN, JAMBI",1,6,185,191
https://kawalpemilu.org#16434,"DATUK NAN DUO, BATANG ASAI, SAROLANGUN, JAMBI",2,10,179,189
https://kawalpemilu.org#16434,"DATUK NAN DUO, BATANG ASAI, SAROLANGUN, JAMBI",3,16,148,164
https://kawalpemilu.org#16434,"DATUK NAN DUO, BATANG ASAI, SAROLANGUN, JAMBI",4,2,43,45
https://kawalpemilu.org#16434,"DATUK NAN DUO, BATANG ASAI, SAROLANGUN, JAMBI",5,16,176,192
https://kawalpemilu.org#16435,"BUKIT KALIMAU ULU, BATANG ASAI, SAROLANGUN, JAMBI",1,29,127,156
https://kawalpemilu.org#16435,"BUKIT KALIMAU ULU, BATANG ASAI, SAROLANGUN, JAMBI",2,33,155,188
https://kawalpemilu.org#16435,"BUKIT KALIMAU ULU, BATANG ASAI, SAROLANGUN, JAMBI",3,25,173,198
https://kawalpemilu.org#16436,"SUNGAI BEMBAN, BATANG ASAI, SAROLANGUN, JAMBI",1,9,194,203
https://kawalpemilu.org#16436,"SUNGAI BEMBAN, BATANG ASAI, SAROLANGUN, JAMBI",2,26,166,192
https://kawalpemilu.org#16436,"SUNGAI BEMBAN, BATANG ASAI, SAROLANGUN, JAMBI",3,18,153,171
https://kawalpemilu.org#16437,"MUARA CUBAN, BATANG ASAI, SAROLANGUN, JAMBI",1,10,111,121
https://kawalpemilu.org#16437,"MUARA CUBAN, BATANG ASAI, SAROLANGUN, JAMBI",2,12,127,139
https://kawalpemilu.org#16437,"MUARA CUBAN, BATANG ASAI, SAROLANGUN, JAMBI",3,24,104,128
https://kawalpemilu.org#16437,"MUARA CUBAN, BATANG ASAI, SAROLANGUN, JAMBI",4,19,151,170
https://kawalpemilu.org#16437,"MUARA CUBAN, BATANG ASAI, SAROLANGUN, JAMBI",5,17,50,67
https://kawalpemilu.org#16438,"SUNGAI BAUNG, BATANG ASAI, SAROLANGUN, JAMBI",1,13,155,168
https://kawalpemilu.org#16438,"SUNGAI BAUNG, BATANG ASAI, SAROLANGUN, JAMBI",2,25,141,166
https://kawalpemilu.org#16438,"SUNGAI BAUNG, BATANG ASAI, SAROLANGUN, JAMBI",3,15,152,167
https://kawalpemilu.org#16439,"PADANG JERING, BATANG ASAI, SAROLANGUN, JAMBI",1,12,251,263
https://kawalpemilu.org#16439,"PADANG JERING, BATANG ASAI, SAROLANGUN, JAMBI",2,9,198,207
https://kawalpemilu.org#16439,"PADANG JERING, BATANG ASAI, SAROLANGUN, JAMBI",3,9,178,187
https://kawalpemilu.org#16439,"PADANG JERING, BATANG ASAI, SAROLANGUN, JAMBI",4,25,199,224
https://kawalpemilu.org#16440,"KASIRO, BATANG ASAI, SAROLANGUN, JAMBI",1,22,199,221
https://kawalpemilu.org#16440,"KASIRO, BATANG ASAI, SAROLANGUN, JAMBI",2,9,184,193
https://kawalpemilu.org#16440,"KASIRO, BATANG ASAI, SAROLANGUN, JAMBI",3,9,146,155
https://kawalpemilu.org#16440,"KASIRO, BATANG ASAI, SAROLANGUN, JAMBI",4,9,153,162
https://kawalpemilu.org#16441,"KASIRO HILIR, BATANG ASAI, SAROLANGUN, JAMBI",1,29,122,151
https://kawalpemilu.org#16441,"KASIRO HILIR, BATANG ASAI, SAROLANGUN, JAMBI",2,39,141,180
https://kawalpemilu.org#16441,"KASIRO HILIR, BATANG ASAI, SAROLANGUN, JAMBI",3,16,212,228
https://kawalpemilu.org#16441,"KASIRO HILIR, BATANG ASAI, SAROLANGUN, JAMBI",4,6,97,103
https://kawalpemilu.org#16442,"BUKIT SULAH, BATANG ASAI, SAROLANGUN, JAMBI",1,8,204,212
https://kawalpemilu.org#16442,"BUKIT SULAH, BATANG ASAI, SAROLANGUN, JAMBI",2,3,177,180
https://kawalpemilu.org#16443,"PANIBAN BARU, BATANG ASAI, SAROLANGUN, JAMBI",1,39,145,184
https://kawalpemilu.org#16443,"PANIBAN BARU, BATANG ASAI, SAROLANGUN, JAMBI",2,38,105,143
https://kawalpemilu.org#84602,"BUKIT BERANTAI, BATANG ASAI, SAROLANGUN, JAMBI",1,22,184,206
https://kawalpemilu.org#84602,"BUKIT BERANTAI, BATANG ASAI, SAROLANGUN, JAMBI",2,28,174,202
https://kawalpemilu.org#16445,"PULAU PANDAN, LIMUN, SAROLANGUN, JAMBI",1,38,199,237
https://kawalpemilu.org#16445,"PULAU PANDAN, LIMUN, SAROLANGUN, JAMBI",2,39,162,201
https://kawalpemilu.org#16445,"PULAU PANDAN, LIMUN, SAROLANGUN, JAMBI",3,36,161,197
https://kawalpemilu.org#16445,"PULAU PANDAN, LIMUN, SAROLANGUN, JAMBI",4,57,161,218
https://kawalpemilu.org#16445,"PULAU PANDAN, LIMUN, SAROLANGUN, JAMBI",5,49,185,234
https://kawalpemilu.org#16446,"TEMENGGUNG, LIMUN, SAROLANGUN, JAMBI",1,33,167,200
https://kawalpemilu.org#16446,"TEMENGGUNG, LIMUN, SAROLANGUN, JAMBI",2,7,165,172
https://kawalpemilu.org#16446,"TEMENGGUNG, LIMUN, SAROLANGUN, JAMBI",3,36,146,182
https://kawalpemilu.org#16446,"TEMENGGUNG, LIMUN, SAROLANGUN, JAMBI",4,48,181,229
https://kawalpemilu.org#16446,"TEMENGGUNG, LIMUN, SAROLANGUN, JAMBI",5,40,110,150
https://kawalpemilu.org#16446,"TEMENGGUNG, LIMUN, SAROLANGUN, JAMBI",6,34,178,212
https://kawalpemilu.org#16447,"RANGGO, LIMUN, SAROLANGUN, JAMBI",1,23,260,283
https://kawalpemilu.org#16447,"RANGGO, LIMUN, SAROLANGUN, JAMBI",2,57,213,270
https://kawalpemilu.org#16447,"RANGGO, LIMUN, SAROLANGUN, JAMBI",3,89,43,132
https://kawalpemilu.org#16447,"RANGGO, LIMUN, SAROLANGUN, JAMBI",4,66,113,179
https://kawalpemilu.org#16447,"RANGGO, LIMUN, SAROLANGUN, JAMBI",5,28,150,178
https://kawalpemilu.org#16447,"RANGGO, LIMUN, SAROLANGUN, JAMBI",6,54,220,274
https://kawalpemilu.org#16448,"PANCA KARYA, LIMUN, SAROLANGUN, JAMBI",1,14,99,113
https://kawalpemilu.org#16448,"PANCA KARYA, LIMUN, SAROLANGUN, JAMBI",2,29,153,182
https://kawalpemilu.org#16448,"PANCA KARYA, LIMUN, SAROLANGUN, JAMBI",3,44,184,228
https://kawalpemilu.org#16448,"PANCA KARYA, LIMUN, SAROLANGUN, JAMBI",4,4,27,31
https://kawalpemilu.org#16449,"LUBUK BEDORONG, LIMUN, SAROLANGUN, JAMBI",1,16,144,160
https://kawalpemilu.org#16449,"LUBUK BEDORONG, LIMUN, SAROLANGUN, JAMBI",2,7,64,71
https://kawalpemilu.org#16449,"LUBUK BEDORONG, LIMUN, SAROLANGUN, JAMBI",3,55,91,146
https://kawalpemilu.org#16450,"MARIBUNG, LIMUN, SAROLANGUN, JAMBI",1,19,141,160
https://kawalpemilu.org#16450,"MARIBUNG, LIMUN, SAROLANGUN, JAMBI",2,12,179,191
https://kawalpemilu.org#16450,"MARIBUNG, LIMUN, SAROLANGUN, JAMBI",3,43,100,143
https://kawalpemilu.org#16450,"MARIBUNG, LIMUN, SAROLANGUN, JAMBI",4,6,72,78
https://kawalpemilu.org#16451,"NAPAL MELINTANG, LIMUN, SAROLANGUN, JAMBI",1,65,211,276
https://kawalpemilu.org#16452,"BERKUN, LIMUN, SAROLANGUN, JAMBI",1,23,88,111
https://kawalpemilu.org#16452,"BERKUN, LIMUN, SAROLANGUN, JAMBI",2,98,115,213
https://kawalpemilu.org#16452,"BERKUN, LIMUN, SAROLANGUN, JAMBI",3,80,39,119
https://kawalpemilu.org#16453,"MERSIP, LIMUN, SAROLANGUN, JAMBI",1,85,118,203
https://kawalpemilu.org#16453,"MERSIP, LIMUN, SAROLANGUN, JAMBI",2,56,55,111
https://kawalpemilu.org#16453,"MERSIP, LIMUN, SAROLANGUN, JAMBI",3,41,118,159
https://kawalpemilu.org#16453,"MERSIP, LIMUN, SAROLANGUN, JAMBI",4,49,131,180
https://kawalpemilu.org#16454,"TANJUNG RADEN, LIMUN, SAROLANGUN, JAMBI",1,47,162,209
https://kawalpemilu.org#16454,"TANJUNG RADEN, LIMUN, SAROLANGUN, JAMBI",2,29,143,172
https://kawalpemilu.org#16454,"TANJUNG RADEN, LIMUN, SAROLANGUN, JAMBI",3,16,168,184
https://kawalpemilu.org#16454,"TANJUNG RADEN, LIMUN, SAROLANGUN, JAMBI",4,95,95,190
https://kawalpemilu.org#16454,"TANJUNG RADEN, LIMUN, SAROLANGUN, JAMBI",5,54,42,96
https://kawalpemilu.org#16455,"MOENTI, LIMUN, SAROLANGUN, JAMBI",1,39,96,135
https://kawalpemilu.org#16455,"MOENTI, LIMUN, SAROLANGUN, JAMBI",2,111,144,255
https://kawalpemilu.org#16455,"MOENTI, LIMUN, SAROLANGUN, JAMBI",3,36,107,143
https://kawalpemilu.org#16455,"MOENTI, LIMUN, SAROLANGUN, JAMBI",4,77,89,166
https://kawalpemilu.org#16456,"MUARA MENSAO, LIMUN, SAROLANGUN, JAMBI",1,70,183,253
https://kawalpemilu.org#16456,"MUARA MENSAO, LIMUN, SAROLANGUN, JAMBI",2,56,170,226
https://kawalpemilu.org#16456,"MUARA MENSAO, LIMUN, SAROLANGUN, JAMBI",3,45,142,187
https://kawalpemilu.org#16456,"MUARA MENSAO, LIMUN, SAROLANGUN, JAMBI",4,81,190,271
https://kawalpemilu.org#16456,"MUARA MENSAO, LIMUN, SAROLANGUN, JAMBI",5,106,34,140
https://kawalpemilu.org#16457,"DEMANG, LIMUN, SAROLANGUN, JAMBI",1,30,173,203
https://kawalpemilu.org#16457,"DEMANG, LIMUN, SAROLANGUN, JAMBI",2,54,133,187
https://kawalpemilu.org#16458,"MUARA LIMUN, LIMUN, SAROLANGUN, JAMBI",1,10,96,106
https://kawalpemilu.org#16458,"MUARA LIMUN, LIMUN, SAROLANGUN, JAMBI",2,12,131,143
https://kawalpemilu.org#16458,"MUARA LIMUN, LIMUN, SAROLANGUN, JAMBI",3,25,182,207
https://kawalpemilu.org#16458,"MUARA LIMUN, LIMUN, SAROLANGUN, JAMBI",4,19,125,144
https://kawalpemilu.org#16459,"SUKA DAMAI, LIMUN, SAROLANGUN, JAMBI",1,15,160,175
https://kawalpemilu.org#16459,"SUKA DAMAI, LIMUN, SAROLANGUN, JAMBI",2,42,93,135
https://kawalpemilu.org#16459,"SUKA DAMAI, LIMUN, SAROLANGUN, JAMBI",3,91,59,150
https://kawalpemilu.org#16459,"SUKA DAMAI, LIMUN, SAROLANGUN, JAMBI",4,85,110,195
https://kawalpemilu.org#87652,"TEMALANG, LIMUN, SAROLANGUN, JAMBI",1,38,102,140
https://kawalpemilu.org#16461,"DUSUN SAROLANGUN, SAROLANGUN, SAROLANGUN, JAMBI",1,53,207,260
https://kawalpemilu.org#16461,"DUSUN SAROLANGUN, SAROLANGUN, SAROLANGUN, JAMBI",2,40,149,189
https://kawalpemilu.org#16461,"DUSUN SAROLANGUN, SAROLANGUN, SAROLANGUN, JAMBI",3,30,151,181
https://kawalpemilu.org#16461,"DUSUN SAROLANGUN, SAROLANGUN, SAROLANGUN, JAMBI",4,7,172,179
https://kawalpemilu.org#16461,"DUSUN SAROLANGUN, SAROLANGUN, SAROLANGUN, JAMBI",5,35,175,210
https://kawalpemilu.org#16461,"DUSUN SAROLANGUN, SAROLANGUN, SAROLANGUN, JAMBI",6,32,228,260
https://kawalpemilu.org#16461,"DUSUN SAROLANGUN, SAROLANGUN, SAROLANGUN, JAMBI",7,15,181,196
https://kawalpemilu.org#16461,"DUSUN SAROLANGUN, SAROLANGUN, SAROLANGUN, JAMBI",8,29,206,235
https://kawalpemilu.org#16462,"SUKASARI, SAROLANGUN, SAROLANGUN, JAMBI",1,66,152,218
https://kawalpemilu.org#16462,"SUKASARI, SAROLANGUN, SAROLANGUN, JAMBI",2,41,68,109
https://kawalpemilu.org#16462,"SUKASARI, SAROLANGUN, SAROLANGUN, JAMBI",3,50,179,229
https://kawalpemilu.org#16462,"SUKASARI, SAROLANGUN, SAROLANGUN, JAMBI",4,56,171,227
https://kawalpemilu.org#16462,"SUKASARI, SAROLANGUN, SAROLANGUN, JAMBI",5,65,153,218
https://kawalpemilu.org#16462,"SUKASARI, SAROLANGUN, SAROLANGUN, JAMBI",6,104,108,212
https://kawalpemilu.org#16462,"SUKASARI, SAROLANGUN, SAROLANGUN, JAMBI",7,84,124,208
https://kawalpemilu.org#16462,"SUKASARI, SAROLANGUN, SAROLANGUN, JAMBI",8,47,127,174
https://kawalpemilu.org#16462,"SUKASARI, SAROLANGUN, SAROLANGUN, JAMBI",9,53,147,200
https://kawalpemilu.org#16462,"SUKASARI, SAROLANGUN, SAROLANGUN, JAMBI",10,53,87,140
https://kawalpemilu.org#16462,"SUKASARI, SAROLANGUN, SAROLANGUN, JAMBI",11,41,79,120
https://kawalpemilu.org#16462,"SUKASARI, SAROLANGUN, SAROLANGUN, JAMBI",12,70,66,136
https://kawalpemilu.org#16462,"SUKASARI, SAROLANGUN, SAROLANGUN, JAMBI",13,76,72,148
https://kawalpemilu.org#16462,"SUKASARI, SAROLANGUN, SAROLANGUN, JAMBI",14,26,128,154
https://kawalpemilu.org#16462,"SUKASARI, SAROLANGUN, SAROLANGUN, JAMBI",15,65,140,205
https://kawalpemilu.org#16462,"SUKASARI, SAROLANGUN, SAROLANGUN, JAMBI",16,87,106,193
https://kawalpemilu.org#16462,"SUKASARI, SAROLANGUN, SAROLANGUN, JAMBI",17,100,138,238
https://kawalpemilu.org#16462,"SUKASARI, SAROLANGUN, SAROLANGUN, JAMBI",18,105,143,248
https://kawalpemilu.org#16462,"SUKASARI, SAROLANGUN, SAROLANGUN, JAMBI",19,85,134,219
https://kawalpemilu.org#16462,"SUKASARI, SAROLANGUN, SAROLANGUN, JAMBI",20,100,133,233
https://kawalpemilu.org#16462,"SUKASARI, SAROLANGUN, SAROLANGUN, JAMBI",21,24,120,144
https://kawalpemilu.org#16462,"SUKASARI, SAROLANGUN, SAROLANGUN, JAMBI",22,34,65,99
https://kawalpemilu.org#16463,"PASAR SAROLANGUN, SAROLANGUN, SAROLANGUN, JAMBI",1,42,99,141
https://kawalpemilu.org#16463,"PASAR SAROLANGUN, SAROLANGUN, SAROLANGUN, JAMBI",2,41,150,191
https://kawalpemilu.org#16463,"PASAR SAROLANGUN, SAROLANGUN, SAROLANGUN, JAMBI",3,42,168,210
https://kawalpemilu.org#16463,"PASAR SAROLANGUN, SAROLANGUN, SAROLANGUN, JAMBI",4,33,143,176
https://kawalpemilu.org#16463,"PASAR SAROLANGUN, SAROLANGUN, SAROLANGUN, JAMBI",5,34,99,133
https://kawalpemilu.org#16463,"PASAR SAROLANGUN, SAROLANGUN, SAROLANGUN, JAMBI",6,44,172,216
https://kawalpemilu.org#16463,"PASAR SAROLANGUN, SAROLANGUN, SAROLANGUN, JAMBI",7,36,197,233
https://kawalpemilu.org#16463,"PASAR SAROLANGUN, SAROLANGUN, SAROLANGUN, JAMBI",8,36,196,232
https://kawalpemilu.org#16463,"PASAR SAROLANGUN, SAROLANGUN, SAROLANGUN, JAMBI",9,27,125,152
https://kawalpemilu.org#16463,"PASAR SAROLANGUN, SAROLANGUN, SAROLANGUN, JAMBI",10,54,94,148
https://kawalpemilu.org#16464,"SAROLANGUN KEMBANG, SAROLANGUN, SAROLANGUN, JAMBI",1,39,154,193
https://kawalpemilu.org#16464,"SAROLANGUN KEMBANG, SAROLANGUN, SAROLANGUN, JAMBI",2,44,158,202
https://kawalpemilu.org#16464,"SAROLANGUN KEMBANG, SAROLANGUN, SAROLANGUN, JAMBI",3,24,162,186
https://kawalpemilu.org#16464,"SAROLANGUN KEMBANG, SAROLANGUN, SAROLANGUN, JAMBI",4,34,227,261
https://kawalpemilu.org#16464,"SAROLANGUN KEMBANG, SAROLANGUN, SAROLANGUN, JAMBI",5,42,149,191
https://kawalpemilu.org#16464,"SAROLANGUN KEMBANG, SAROLANGUN, SAROLANGUN, JAMBI",6,21,164,185
https://kawalpemilu.org#16464,"SAROLANGUN KEMBANG, SAROLANGUN, SAROLANGUN, JAMBI",7,47,188,235
https://kawalpemilu.org#16464,"SAROLANGUN KEMBANG, SAROLANGUN, SAROLANGUN, JAMBI",8,77,186,263
https://kawalpemilu.org#16464,"SAROLANGUN KEMBANG, SAROLANGUN, SAROLANGUN, JAMBI",9,39,174,213
https://kawalpemilu.org#16464,"SAROLANGUN KEMBANG, SAROLANGUN, SAROLANGUN, JAMBI",10,13,95,108
https://kawalpemilu.org#16464,"SAROLANGUN KEMBANG, SAROLANGUN, SAROLANGUN, JAMBI",11,8,100,108
https://kawalpemilu.org#16464,"SAROLANGUN KEMBANG, SAROLANGUN, SAROLANGUN, JAMBI",12,33,110,143
https://kawalpemilu.org#16464,"SAROLANGUN KEMBANG, SAROLANGUN, SAROLANGUN, JAMBI",13,33,135,168
https://kawalpemilu.org#16464,"SAROLANGUN KEMBANG, SAROLANGUN, SAROLANGUN, JAMBI",14,26,128,154
https://kawalpemilu.org#16464,"SAROLANGUN KEMBANG, SAROLANGUN, SAROLANGUN, JAMBI",15,27,98,125
https://kawalpemilu.org#16464,"SAROLANGUN KEMBANG, SAROLANGUN, SAROLANGUN, JAMBI",16,38,169,207
https://kawalpemilu.org#16464,"SAROLANGUN KEMBANG, SAROLANGUN, SAROLANGUN, JAMBI",17,46,177,223
https://kawalpemilu.org#16464,"SAROLANGUN KEMBANG, SAROLANGUN, SAROLANGUN, JAMBI",18,30,185,215
https://kawalpemilu.org#16464,"SAROLANGUN KEMBANG, SAROLANGUN, SAROLANGUN, JAMBI",19,17,118,135
https://kawalpemilu.org#16465,"GUNUNG KEMBANG, SAROLANGUN, SAROLANGUN, JAMBI",1,22,153,175
https://kawalpemilu.org#16465,"GUNUNG KEMBANG, SAROLANGUN, SAROLANGUN, JAMBI",2,20,201,221
https://kawalpemilu.org#16465,"GUNUNG KEMBANG, SAROLANGUN, SAROLANGUN, JAMBI",3,15,104,119
https://kawalpemilu.org#16465,"GUNUNG KEMBANG, SAROLANGUN, SAROLANGUN, JAMBI",4,18,123,141
https://kawalpemilu.org#16465,"GUNUNG KEMBANG, SAROLANGUN, SAROLANGUN, JAMBI",5,32,156,186
https://kawalpemilu.org#16465,"GUNUNG KEMBANG, SAROLANGUN, SAROLANGUN, JAMBI",6,17,180,197
https://kawalpemilu.org#16465,"GUNUNG KEMBANG, SAROLANGUN, SAROLANGUN, JAMBI",7,19,181,200
https://kawalpemilu.org#16465,"GUNUNG KEMBANG, SAROLANGUN, SAROLANGUN, JAMBI",8,74,156,230
https://kawalpemilu.org#16465,"GUNUNG KEMBANG, SAROLANGUN, SAROLANGUN, JAMBI",9,57,141,198
https://kawalpemilu.org#16465,"GUNUNG KEMBANG, SAROLANGUN, SAROLANGUN, JAMBI",10,46,175,221
https://kawalpemilu.org#16465,"GUNUNG KEMBANG, SAROLANGUN, SAROLANGUN, JAMBI",11,51,206,257
https://kawalpemilu.org#16465,"GUNUNG KEMBANG, SAROLANGUN, SAROLANGUN, JAMBI",12,56,168,224
https://kawalpemilu.org#16465,"GUNUNG KEMBANG, SAROLANGUN, SAROLANGUN, JAMBI",13,39,168,207
https://kawalpemilu.org#16465,"GUNUNG KEMBANG, SAROLANGUN, SAROLANGUN, JAMBI",14,63,115,178
https://kawalpemilu.org#16466,"AUR GADING, SAROLANGUN, SAROLANGUN, JAMBI",1,38,183,221
https://kawalpemilu.org#16466,"AUR GADING, SAROLANGUN, SAROLANGUN, JAMBI",2,31,222,253
https://kawalpemilu.org#16466,"AUR GADING, SAROLANGUN, SAROLANGUN, JAMBI",3,23,107,130
https://kawalpemilu.org#16466,"AUR GADING, SAROLANGUN, SAROLANGUN, JAMBI",4,42,122,164
https://kawalpemilu.org#16466,"AUR GADING, SAROLANGUN, SAROLANGUN, JAMBI",5,20,90,110
https://kawalpemilu.org#16466,"AUR GADING, SAROLANGUN, SAROLANGUN, JAMBI",6,19,120,139
https://kawalpemilu.org#16466,"AUR GADING, SAROLANGUN, SAROLANGUN, JAMBI",7,25,73,98
https://kawalpemilu.org#16466,"AUR GADING, SAROLANGUN, SAROLANGUN, JAMBI",8,42,156,198
https://kawalpemilu.org#16466,"AUR GADING, SAROLANGUN, SAROLANGUN, JAMBI",9,39,160,199
https://kawalpemilu.org#16466,"AUR GADING, SAROLANGUN, SAROLANGUN, JAMBI",10,29,95,124
https://kawalpemilu.org#16466,"AUR GADING, SAROLANGUN, SAROLANGUN, JAMBI",11,41,133,174
https://kawalpemilu.org#16466,"AUR GADING, SAROLANGUN, SAROLANGUN, JAMBI",12,30,161,191
https://kawalpemilu.org#16466,"AUR GADING, SAROLANGUN, SAROLANGUN, JAMBI",13,11,112,123
https://kawalpemilu.org#16466,"AUR GADING, SAROLANGUN, SAROLANGUN, JAMBI",14,7,144,151
https://kawalpemilu.org#16466,"AUR GADING, SAROLANGUN, SAROLANGUN, JAMBI",15,80,145,225
https://kawalpemilu.org#16466,"AUR GADING, SAROLANGUN, SAROLANGUN, JAMBI",16,53,156,209
https://kawalpemilu.org#16466,"AUR GADING, SAROLANGUN, SAROLANGUN, JAMBI",17,50,171,221
https://kawalpemilu.org#16466,"AUR GADING, SAROLANGUN, SAROLANGUN, JAMBI",18,60,213,273
https://kawalpemilu.org#16466,"AUR GADING, SAROLANGUN, SAROLANGUN, JAMBI",19,36,97,133
https://kawalpemilu.org#16466,"AUR GADING, SAROLANGUN, SAROLANGUN, JAMBI",20,80,160,240
https://kawalpemilu.org#16466,"AUR GADING, SAROLANGUN, SAROLANGUN, JAMBI",21,63,157,220
https://kawalpemilu.org#16466,"AUR GADING, SAROLANGUN, SAROLANGUN, JAMBI",22,119,121,240
https://kawalpemilu.org#16466,"AUR GADING, SAROLANGUN, SAROLANGUN, JAMBI",23,42,169,211
https://kawalpemilu.org#16466,"AUR GADING, SAROLANGUN, SAROLANGUN, JAMBI",24,30,135,165
https://kawalpemilu.org#16466,"AUR GADING, SAROLANGUN, SAROLANGUN, JAMBI",25,9,132,141
https://kawalpemilu.org#16466,"AUR GADING, SAROLANGUN, SAROLANGUN, JAMBI",26,48,154,202
https://kawalpemilu.org#16466,"AUR GADING, SAROLANGUN, SAROLANGUN, JAMBI",27,77,175,252
https://kawalpemilu.org#16466,"AUR GADING, SAROLANGUN, SAROLANGUN, JAMBI",28,49,205,254
https://kawalpemilu.org#16466,"AUR GADING, SAROLANGUN, SAROLANGUN, JAMBI",29,6,30,36
https://kawalpemilu.org#16466,"AUR GADING, SAROLANGUN, SAROLANGUN, JAMBI",30,90,115,205
https://kawalpemilu.org#16466,"AUR GADING, SAROLANGUN, SAROLANGUN, JAMBI",31,12,46,58
https://kawalpemilu.org#16467,"BERNAI, SAROLANGUN, SAROLANGUN, JAMBI",1,92,116,208
https://kawalpemilu.org#16467,"BERNAI, SAROLANGUN, SAROLANGUN, JAMBI",2,101,126,227
https://kawalpemilu.org#16467,"BERNAI, SAROLANGUN, SAROLANGUN, JAMBI",3,17,158,175
https://kawalpemilu.org#16467,"BERNAI, SAROLANGUN, SAROLANGUN, JAMBI",4,27,157,184
https://kawalpemilu.org#16467,"BERNAI, SAROLANGUN, SAROLANGUN, JAMBI",5,20,169,189
https://kawalpemilu.org#16467,"BERNAI, SAROLANGUN, SAROLANGUN, JAMBI",6,34,148,182
https://kawalpemilu.org#16467,"BERNAI, SAROLANGUN, SAROLANGUN, JAMBI",7,38,187,225
https://kawalpemilu.org#16467,"BERNAI, SAROLANGUN, SAROLANGUN, JAMBI",8,105,124,229
https://kawalpemilu.org#16467,"BERNAI, SAROLANGUN, SAROLANGUN, JAMBI",9,64,172,236
https://kawalpemilu.org#16468,"SUNGAI BAUNG, SAROLANGUN, SAROLANGUN, JAMBI",1,37,161,198
https://kawalpemilu.org#16468,"SUNGAI BAUNG, SAROLANGUN, SAROLANGUN, JAMBI",2,39,166,205
https://kawalpemilu.org#16468,"SUNGAI BAUNG, SAROLANGUN, SAROLANGUN, JAMBI",3,36,180,210
https://kawalpemilu.org#16468,"SUNGAI BAUNG, SAROLANGUN, SAROLANGUN, JAMBI",4,19,118,137
https://kawalpemilu.org#16468,"SUNGAI BAUNG, SAROLANGUN, SAROLANGUN, JAMBI",5,19,201,220
https://kawalpemilu.org#16468,"SUNGAI BAUNG, SAROLANGUN, SAROLANGUN, JAMBI",6,22,193,215
https://kawalpemilu.org#16468,"SUNGAI BAUNG, SAROLANGUN, SAROLANGUN, JAMBI",7,40,127,167
https://kawalpemilu.org#16468,"SUNGAI BAUNG, SAROLANGUN, SAROLANGUN, JAMBI",8,25,164,189
https://kawalpemilu.org#16469,"PANTI, SAROLANGUN, SAROLANGUN, JAMBI",1,46,158,204
https://kawalpemilu.org#16469,"PANTI, SAROLANGUN, SAROLANGUN, JAMBI",3,16,182,198
https://kawalpemilu.org#16469,"PANTI, SAROLANGUN, SAROLANGUN, JAMBI",4,24,141,165
https://kawalpemilu.org#16469,"PANTI, SAROLANGUN, SAROLANGUN, JAMBI",5,18,196,214
https://kawalpemilu.org#16469,"PANTI, SAROLANGUN, SAROLANGUN, JAMBI",6,18,161,179
https://kawalpemilu.org#16470,"TINTING, SAROLANGUN, SAROLANGUN, JAMBI",1,18,208,226
https://kawalpemilu.org#16470,"TINTING, SAROLANGUN, SAROLANGUN, JAMBI",2,20,205,225
https://kawalpemilu.org#16470,"TINTING, SAROLANGUN, SAROLANGUN, JAMBI",3,13,215,228
https://kawalpemilu.org#16470,"TINTING, SAROLANGUN, SAROLANGUN, JAMBI",4,38,183,221
https://kawalpemilu.org#16471,"SUNGAI ABANG, SAROLANGUN, SAROLANGUN, JAMBI",1,22,205,227
https://kawalpemilu.org#16471,"SUNGAI ABANG, SAROLANGUN, SAROLANGUN, JAMBI",2,18,197,215
https://kawalpemilu.org#16471,"SUNGAI ABANG, SAROLANGUN, SAROLANGUN, JAMBI",3,21,227,248
https://kawalpemilu.org#16471,"SUNGAI ABANG, SAROLANGUN, SAROLANGUN, JAMBI",4,28,223,250
https://kawalpemilu.org#16471,"SUNGAI ABANG, SAROLANGUN, SAROLANGUN, JAMBI",5,7,216,223
https://kawalpemilu.org#16472,"LIDUNG, SAROLANGUN, SAROLANGUN, JAMBI",1,40,233,273
https://kawalpemilu.org#16472,"LIDUNG, SAROLANGUN, SAROLANGUN, JAMBI",2,54,224,278
https://kawalpemilu.org#16472,"LIDUNG, SAROLANGUN, SAROLANGUN, JAMBI",3,49,219,268
https://kawalpemilu.org#16472,"LIDUNG, SAROLANGUN, SAROLANGUN, JAMBI",4,39,245,284
https://kawalpemilu.org#16472,"LIDUNG, SAROLANGUN, SAROLANGUN, JAMBI",5,39,179,217
https://kawalpemilu.org#16472,"LIDUNG, SAROLANGUN, SAROLANGUN, JAMBI",6,21,86,107
https://kawalpemilu.org#16472,"LIDUNG, SAROLANGUN, SAROLANGUN, JAMBI",7,146,118,264
https://kawalpemilu.org#16472,"LIDUNG, SAROLANGUN, SAROLANGUN, JAMBI",8,133,142,275
https://kawalpemilu.org#16472,"LIDUNG, SAROLANGUN, SAROLANGUN, JAMBI",9,69,218,287
https://kawalpemilu.org#16473,"LADANG PANJANG, SAROLANGUN, SAROLANGUN, JAMBI",1,58,175,233
https://kawalpemilu.org#16473,"LADANG PANJANG, SAROLANGUN, SAROLANGUN, JAMBI",2,53,162,215
https://kawalpemilu.org#16473,"LADANG PANJANG, SAROLANGUN, SAROLANGUN, JAMBI",3,61,166,227
https://kawalpemilu.org#16473,"LADANG PANJANG, SAROLANGUN, SAROLANGUN, JAMBI",4,40,145,185
https://kawalpemilu.org#16473,"LADANG PANJANG, SAROLANGUN, SAROLANGUN, JAMBI",5,28,175,203
https://kawalpemilu.org#16473,"LADANG PANJANG, SAROLANGUN, SAROLANGUN, JAMBI",6,38,173,211
https://kawalpemilu.org#16473,"LADANG PANJANG, SAROLANGUN, SAROLANGUN, JAMBI",7,29,165,194
https://kawalpemilu.org#16473,"LADANG PANJANG, SAROLANGUN, SAROLANGUN, JAMBI",8,44,171,215
https://kawalpemilu.org#16473,"LADANG PANJANG, SAROLANGUN, SAROLANGUN, JAMBI",9,63,93,158
https://kawalpemilu.org#16473,"LADANG PANJANG, SAROLANGUN, SAROLANGUN, JAMBI",10,34,141,175
https://kawalpemilu.org#16473,"LADANG PANJANG, SAROLANGUN, SAROLANGUN, JAMBI",11,33,132,165
https://kawalpemilu.org#16474,"BARU, SAROLANGUN, SAROLANGUN, JAMBI",2,46,194,240
https://kawalpemilu.org#16474,"BARU, SAROLANGUN, SAROLANGUN, JAMBI",3,25,189,214
https://kawalpemilu.org#16475,"UJUNG TANJUNG, SAROLANGUN, SAROLANGUN, JAMBI",1,18,196,214
https://kawalpemilu.org#16475,"UJUNG TANJUNG, SAROLANGUN, SAROLANGUN, JAMBI",2,43,195,238
https://kawalpemilu.org#16475,"UJUNG TANJUNG, SAROLANGUN, SAROLANGUN, JAMBI",3,28,144,172
https://kawalpemilu.org#87651,"BERNAI DALAM, SAROLANGUN, SAROLANGUN, JAMBI",1,91,49,140
https://kawalpemilu.org#87651,"BERNAI DALAM, SAROLANGUN, SAROLANGUN, JAMBI",2,66,133,199
https://kawalpemilu.org#87651,"BERNAI DALAM, SAROLANGUN, SAROLANGUN, JAMBI",3,74,109,183
https://kawalpemilu.org#16478,"PANGIDARAN, PAUH, SAROLANGUN, JAMBI",1,29,185,214
https://kawalpemilu.org#16478,"PANGIDARAN, PAUH, SAROLANGUN, JAMBI",2,50,85,135
https://kawalpemilu.org#16478,"PANGIDARAN, PAUH, SAROLANGUN, JAMBI",3,81,44,125
https://kawalpemilu.org#16479,"KARANG MENDAPO, PAUH, SAROLANGUN, JAMBI",1,123,133,256
https://kawalpemilu.org#16479,"KARANG MENDAPO, PAUH, SAROLANGUN, JAMBI",2,72,143,215
https://kawalpemilu.org#16479,"KARANG MENDAPO, PAUH, SAROLANGUN, JAMBI",3,73,115,188
https://kawalpemilu.org#16479,"KARANG MENDAPO, PAUH, SAROLANGUN, JAMBI",4,67,178,245
https://kawalpemilu.org#16479,"KARANG MENDAPO, PAUH, SAROLANGUN, JAMBI",5,73,138,211
https://kawalpemilu.org#16479,"KARANG MENDAPO, PAUH, SAROLANGUN, JAMBI",6,103,139,242
https://kawalpemilu.org#16479,"KARANG MENDAPO, PAUH, SAROLANGUN, JAMBI",7,99,78,177
https://kawalpemilu.org#16479,"KARANG MENDAPO, PAUH, SAROLANGUN, JAMBI",8,94,96,190
https://kawalpemilu.org#16480,"BATU AMPAR, PAUH, SAROLANGUN, JAMBI",1,51,118,169
https://kawalpemilu.org#16480,"BATU AMPAR, PAUH, SAROLANGUN, JAMBI",2,60,136,196
https://kawalpemilu.org#16480,"BATU AMPAR, PAUH, SAROLANGUN, JAMBI",3,73,107,180
https://kawalpemilu.org#16481,"BATU KUCING, PAUH, SAROLANGUN, JAMBI",1,83,41,124
https://kawalpemilu.org#16481,"BATU KUCING, PAUH, SAROLANGUN, JAMBI",2,127,85,212
https://kawalpemilu.org#16481,"BATU KUCING, PAUH, SAROLANGUN, JAMBI",3,112,77,189
https://kawalpemilu.org#16481,"BATU KUCING, PAUH, SAROLANGUN, JAMBI",4,127,77,204
https://kawalpemilu.org#16482,"PAUH, PAUH, SAROLANGUN, JAMBI",1,141,116,257
https://kawalpemilu.org#16482,"PAUH, PAUH, SAROLANGUN, JAMBI",2,55,144,2
https://kawalpemilu.org#16482,"PAUH, PAUH, SAROLANGUN, JAMBI",3,73,83,156
https://kawalpemilu.org#16482,"PAUH, PAUH, SAROLANGUN, JAMBI",4,61,144,205
https://kawalpemilu.org#16482,"PAUH, PAUH, SAROLANGUN, JAMBI",5,57,153,210
https://kawalpemilu.org#16482,"PAUH, PAUH, SAROLANGUN, JAMBI",6,76,142,218
https://kawalpemilu.org#16482,"PAUH, PAUH, SAROLANGUN, JAMBI",7,80,147,227
https://kawalpemilu.org#16482,"PAUH, PAUH, SAROLANGUN, JAMBI",8,121,118,239
https://kawalpemilu.org#16482,"PAUH, PAUH, SAROLANGUN, JAMBI",9,92,146,238
https://kawalpemilu.org#16482,"PAUH, PAUH, SAROLANGUN, JAMBI",10,73,147,220
https://kawalpemilu.org#16482,"PAUH, PAUH, SAROLANGUN, JAMBI",11,127,85,212
https://kawalpemilu.org#16482,"PAUH, PAUH, SAROLANGUN, JAMBI",12,81,79,160
https://kawalpemilu.org#16482,"PAUH, PAUH, SAROLANGUN, JAMBI",13,105,99,204
https://kawalpemilu.org#16482,"PAUH, PAUH, SAROLANGUN, JAMBI",14,91,122,213
https://kawalpemilu.org#16483,"SEMARAN, PAUH, SAROLANGUN, JAMBI",1,145,113,258
https://kawalpemilu.org#16483,"SEMARAN, PAUH, SAROLANGUN, JAMBI",2,171,92,263
https://kawalpemilu.org#16483,"SEMARAN, PAUH, SAROLANGUN, JAMBI",3,167,66,233
https://kawalpemilu.org#16483,"SEMARAN, PAUH, SAROLANGUN, JAMBI",4,178,44,222
https://kawalpemilu.org#16483,"SEMARAN, PAUH, SAROLANGUN, JAMBI",5,187,42,229
https://kawalpemilu.org#16483,"SEMARAN, PAUH, SAROLANGUN, JAMBI",6,79,16,95
https://kawalpemilu.org#16484,"KASANG MELINTANG, PAUH, SAROLANGUN, JAMBI",1,81,119,200
https://kawalpemilu.org#16484,"KASANG MELINTANG, PAUH, SAROLANGUN, JAMBI",2,73,104,177
https://kawalpemilu.org#16484,"KASANG MELINTANG, PAUH, SAROLANGUN, JAMBI",3,98,107,205
https://kawalpemilu.org#16484,"KASANG MELINTANG, PAUH, SAROLANGUN, JAMBI",4,125,90,215
https://kawalpemilu.org#16484,"KASANG MELINTANG, PAUH, SAROLANGUN, JAMBI",5,15,23,38
https://kawalpemilu.org#16485,"PANGKAL BULIAN, PAUH, SAROLANGUN, JAMBI",1,100,136,236
https://kawalpemilu.org#16485,"PANGKAL BULIAN, PAUH, SAROLANGUN, JAMBI",2,101,151,252
https://kawalpemilu.org#16485,"PANGKAL BULIAN, PAUH, SAROLANGUN, JAMBI",3,86,67,153
https://kawalpemilu.org#16486,"LUBUK NAPAL, PAUH, SAROLANGUN, JAMBI",1,118,92,210
https://kawalpemilu.org#16486,"LUBUK NAPAL, PAUH, SAROLANGUN, JAMBI",2,172,77,249
https://kawalpemilu.org#16486,"LUBUK NAPAL, PAUH, SAROLANGUN, JAMBI",3,84,23,107
https://kawalpemilu.org#16486,"LUBUK NAPAL, PAUH, SAROLANGUN, JAMBI",4,120,110,230
https://kawalpemilu.org#16486,"LUBUK NAPAL, PAUH, SAROLANGUN, JAMBI",5,118,9,127
https://kawalpemilu.org#16487,"SEPINTUN, PAUH, SAROLANGUN, JAMBI",1,79,11,90
https://kawalpemilu.org#16487,"SEPINTUN, PAUH, SAROLANGUN, JAMBI",2,91,30,121
https://kawalpemilu.org#16487,"SEPINTUN, PAUH, SAROLANGUN, JAMBI",3,138,29,167
https://kawalpemilu.org#16487,"SEPINTUN, PAUH, SAROLANGUN, JAMBI",4,175,15,190
https://kawalpemilu.org#16487,"SEPINTUN, PAUH, SAROLANGUN, JAMBI",5,48,6,54
https://kawalpemilu.org#16487,"SEPINTUN, PAUH, SAROLANGUN, JAMBI",6,113,2,115
https://kawalpemilu.org#16487,"SEPINTUN, PAUH, SAROLANGUN, JAMBI",7,149,36,185
https://kawalpemilu.org#16487,"SEPINTUN, PAUH, SAROLANGUN, JAMBI",8,162,18,180
https://kawalpemilu.org#16488,"LAMBAN SIGATAL, PAUH, SAROLANGUN, JAMBI",1,84,66,150
https://kawalpemilu.org#16488,"LAMBAN SIGATAL, PAUH, SAROLANGUN, JAMBI",2,108,57,165
https://kawalpemilu.org#16488,"LAMBAN SIGATAL, PAUH, SAROLANGUN, JAMBI",3,67,63,130
https://kawalpemilu.org#16488,"LAMBAN SIGATAL, PAUH, SAROLANGUN, JAMBI",4,46,44,90
https://kawalpemilu.org#16488,"LAMBAN SIGATAL, PAUH, SAROLANGUN, JAMBI",5,39,40,79
https://kawalpemilu.org#16489,"SEKO BESAR, PAUH, SAROLANGUN, JAMBI",1,65,18,83
https://kawalpemilu.org#16489,"SEKO BESAR, PAUH, SAROLANGUN, JAMBI",2,111,45,156
https://kawalpemilu.org#16489,"SEKO BESAR, PAUH, SAROLANGUN, JAMBI",3,138,53,191
https://kawalpemilu.org#16489,"SEKO BESAR, PAUH, SAROLANGUN, JAMBI",4,148,9,157
https://kawalpemilu.org#16490,"TAMAN BANDUNG, PAUH, SAROLANGUN, JAMBI",1,99,58,157
https://kawalpemilu.org#16490,"TAMAN BANDUNG, PAUH, SAROLANGUN, JAMBI",2,75,32,75
https://kawalpemilu.org#16490,"TAMAN BANDUNG, PAUH, SAROLANGUN, JAMBI",3,95,33,128
https://kawalpemilu.org#16490,"TAMAN BANDUNG, PAUH, SAROLANGUN, JAMBI",4,42,4,46
https://kawalpemilu.org#16491,"DANAU SERDANG, PAUH, SAROLANGUN, JAMBI",1,163,45,208
https://kawalpemilu.org#16491,"DANAU SERDANG, PAUH, SAROLANGUN, JAMBI",2,157,32,189
https://kawalpemilu.org#16491,"DANAU SERDANG, PAUH, SAROLANGUN, JAMBI",3,197,41,238
https://kawalpemilu.org#16493,"PENEGAH, PELAWAN, SAROLANGUN, JAMBI",1,40,163,203
https://kawalpemilu.org#16493,"PENEGAH, PELAWAN, SAROLANGUN, JAMBI",2,18,168,186
https://kawalpemilu.org#16493,"PENEGAH, PELAWAN, SAROLANGUN, JAMBI",3,30,179,209
https://kawalpemilu.org#16493,"PENEGAH, PELAWAN, SAROLANGUN, JAMBI",4,33,166,199
https://kawalpemilu.org#16494,"PELAWAN, PELAWAN, SAROLANGUN, JAMBI",1,29,176,0
https://kawalpemilu.org#16494,"PELAWAN, PELAWAN, SAROLANGUN, JAMBI",2,74,168,242
https://kawalpemilu.org#16494,"PELAWAN, PELAWAN, SAROLANGUN, JAMBI",3,58,182,240
https://kawalpemilu.org#16494,"PELAWAN, PELAWAN, SAROLANGUN, JAMBI",4,61,163,224
https://kawalpemilu.org#16494,"PELAWAN, PELAWAN, SAROLANGUN, JAMBI",5,75,69,144
https://kawalpemilu.org#16495,"PULAU ARO, PELAWAN, SAROLANGUN, JAMBI",1,24,136,160
https://kawalpemilu.org#16495,"PULAU ARO, PELAWAN, SAROLANGUN, JAMBI",2,14,126,140
https://kawalpemilu.org#16495,"PULAU ARO, PELAWAN, SAROLANGUN, JAMBI",3,15,162,177
https://kawalpemilu.org#16495,"PULAU ARO, PELAWAN, SAROLANGUN, JAMBI",4,29,138,167
https://kawalpemilu.org#16495,"PULAU ARO, PELAWAN, SAROLANGUN, JAMBI",5,63,199,262
https://kawalpemilu.org#16496,"BUKIT, PELAWAN, SAROLANGUN, JAMBI",1,17,206,223
https://kawalpemilu.org#16496,"BUKIT, PELAWAN, SAROLANGUN, JAMBI",2,35,167,202
https://kawalpemilu.org#16496,"BUKIT, PELAWAN, SAROLANGUN, JAMBI",3,37,147,184
https://kawalpemilu.org#16496,"BUKIT, PELAWAN, SAROLANGUN, JAMBI",4,56,221,277
https://kawalpemilu.org#16496,"BUKIT, PELAWAN, SAROLANGUN, JAMBI",5,75,194,269
https://kawalpemilu.org#16496,"BUKIT, PELAWAN, SAROLANGUN, JAMBI",6,42,186,228
https://kawalpemilu.org#16496,"BUKIT, PELAWAN, SAROLANGUN, JAMBI",7,42,147,189
https://kawalpemilu.org#16496,"BUKIT, PELAWAN, SAROLANGUN, JAMBI",8,54,179,233
https://kawalpemilu.org#16496,"BUKIT, PELAWAN, SAROLANGUN, JAMBI",9,77,64,141
https://kawalpemilu.org#16497,"LUBUK SEPUH, PELAWAN, SAROLANGUN, JAMBI",1,46,164,210
https://kawalpemilu.org#16497,"LUBUK SEPUH, PELAWAN, SAROLANGUN, JAMBI",2,35,177,212
https://kawalpemilu.org#16497,"LUBUK SEPUH, PELAWAN, SAROLANGUN, JAMBI",3,44,169,213
https://kawalpemilu.org#16497,"LUBUK SEPUH, PELAWAN, SAROLANGUN, JAMBI",4,45,161,206
https://kawalpemilu.org#16497,"LUBUK SEPUH, PELAWAN, SAROLANGUN, JAMBI",5,35,162,197
https://kawalpemilu.org#16497,"LUBUK SEPUH, PELAWAN, SAROLANGUN, JAMBI",6,42,122,164
https://kawalpemilu.org#16497,"LUBUK SEPUH, PELAWAN, SAROLANGUN, JAMBI",7,52,119,171
https://kawalpemilu.org#16497,"LUBUK SEPUH, PELAWAN, SAROLANGUN, JAMBI",8,25,136,161
https://kawalpemilu.org#16497,"LUBUK SEPUH, PELAWAN, SAROLANGUN, JAMBI",9,53,119,172
https://kawalpemilu.org#16497,"LUBUK SEPUH, PELAWAN, SAROLANGUN, JAMBI",10,39,93,132
https://kawalpemilu.org#16497,"LUBUK SEPUH, PELAWAN, SAROLANGUN, JAMBI",11,27,144,171
https://kawalpemilu.org#16497,"LUBUK SEPUH, PELAWAN, SAROLANGUN, JAMBI",12,42,99,141
https://kawalpemilu.org#16498,"RANTAU TENANG, PELAWAN, SAROLANGUN, JAMBI",1,14,160,174
https://kawalpemilu.org#16498,"RANTAU TENANG, PELAWAN, SAROLANGUN, JAMBI",2,38,128,166
https://kawalpemilu.org#16498,"RANTAU TENANG, PELAWAN, SAROLANGUN, JAMBI",3,23,171,194
https://kawalpemilu.org#16498,"RANTAU TENANG, PELAWAN, SAROLANGUN, JAMBI",4,48,155,203
https://kawalpemilu.org#16499,"MUARA DANAU, PELAWAN, SAROLANGUN, JAMBI",1,38,144,182
https://kawalpemilu.org#16499,"MUARA DANAU, PELAWAN, SAROLANGUN, JAMBI",2,28,144,172
https://kawalpemilu.org#16499,"MUARA DANAU, PELAWAN, SAROLANGUN, JAMBI",3,39,156,195
https://kawalpemilu.org#16500,"SUNGAI MERAH, PELAWAN, SAROLANGUN, JAMBI",1,90,147,237
https://kawalpemilu.org#16500,"SUNGAI MERAH, PELAWAN, SAROLANGUN, JAMBI",2,117,116,233
https://kawalpemilu.org#16500,"SUNGAI MERAH, PELAWAN, SAROLANGUN, JAMBI",3,99,172,271
https://kawalpemilu.org#16500,"SUNGAI MERAH, PELAWAN, SAROLANGUN, JAMBI",4,80,166,246
https://kawalpemilu.org#16500,"SUNGAI MERAH, PELAWAN, SAROLANGUN, JAMBI",5,114,116,230
https://kawalpemilu.org#16500,"SUNGAI MERAH, PELAWAN, SAROLANGUN, JAMBI",6,137,103,240
https://kawalpemilu.org#16500,"SUNGAI MERAH, PELAWAN, SAROLANGUN, JAMBI",7,114,102,216
https://kawalpemilu.org#16500,"SUNGAI MERAH, PELAWAN, SAROLANGUN, JAMBI",8,107,112,219
https://kawalpemilu.org#16500,"SUNGAI MERAH, PELAWAN, SAROLANGUN, JAMBI",9,86,168,254
https://kawalpemilu.org#16501,"PEMATANG KOLIM, PELAWAN, SAROLANGUN, JAMBI",1,95,136,231
https://kawalpemilu.org#16501,"PEMATANG KOLIM, PELAWAN, SAROLANGUN, JAMBI",2,91,109,200
https://kawalpemilu.org#16501,"PEMATANG KOLIM, PELAWAN, SAROLANGUN, JAMBI",3,120,103,223
https://kawalpemilu.org#16501,"PEMATANG KOLIM, PELAWAN, SAROLANGUN, JAMBI",4,78,106,184
https://kawalpemilu.org#16501,"PEMATANG KOLIM, PELAWAN, SAROLANGUN, JAMBI",5,105,108,213
https://kawalpemilu.org#16501,"PEMATANG KOLIM, PELAWAN, SAROLANGUN, JAMBI",6,157,49,206
https://kawalpemilu.org#16501,"PEMATANG KOLIM, PELAWAN, SAROLANGUN, JAMBI",7,178,70,248
https://kawalpemilu.org#16501,"PEMATANG KOLIM, PELAWAN, SAROLANGUN, JAMBI",8,165,77,242
https://kawalpemilu.org#16501,"PEMATANG KOLIM, PELAWAN, SAROLANGUN, JAMBI",9,89,123,212
https://kawalpemilu.org#16501,"PEMATANG KOLIM, PELAWAN, SAROLANGUN, JAMBI",10,90,108,198
https://kawalpemilu.org#16502,"BATU PUTIH, PELAWAN, SAROLANGUN, JAMBI",1,107,115,222
https://kawalpemilu.org#16502,"BATU PUTIH, PELAWAN, SAROLANGUN, JAMBI",2,115,101,216
https://kawalpemilu.org#16502,"BATU PUTIH, PELAWAN, SAROLANGUN, JAMBI",3,136,85,221
https://kawalpemilu.org#16502,"BATU PUTIH, PELAWAN, SAROLANGUN, JAMBI",4,106,93,199
https://kawalpemilu.org#16502,"BATU PUTIH, PELAWAN, SAROLANGUN, JAMBI",5,115,82,197
https://kawalpemilu.org#16502,"BATU PUTIH, PELAWAN, SAROLANGUN, JAMBI",6,110,110,220
https://kawalpemilu.org#16502,"BATU PUTIH, PELAWAN, SAROLANGUN, JAMBI",7,100,113,213
https://kawalpemilu.org#16503,"MEKAR SARI, PELAWAN, SAROLANGUN, JAMBI",1,72,175,247
https://kawalpemilu.org#16503,"MEKAR SARI, PELAWAN, SAROLANGUN, JAMBI",2,83,162,245
https://kawalpemilu.org#16503,"MEKAR SARI, PELAWAN, SAROLANGUN, JAMBI",3,81,159,240
https://kawalpemilu.org#16503,"MEKAR SARI, PELAWAN, SAROLANGUN, JAMBI",4,69,167,236
https://kawalpemilu.org#16503,"MEKAR SARI, PELAWAN, SAROLANGUN, JAMBI",5,73,145,218
https://kawalpemilu.org#16503,"MEKAR SARI, PELAWAN, SAROLANGUN, JAMBI",6,74,150,224
https://kawalpemilu.org#16503,"MEKAR SARI, PELAWAN, SAROLANGUN, JAMBI",7,106,100,206
https://kawalpemilu.org#16504,"PASAR PELAWAN, PELAWAN, SAROLANGUN, JAMBI",1,30,106,136
https://kawalpemilu.org#16504,"PASAR PELAWAN, PELAWAN, SAROLANGUN, JAMBI",2,19,102,121
https://kawalpemilu.org#16504,"PASAR PELAWAN, PELAWAN, SAROLANGUN, JAMBI",3,36,160,196
https://kawalpemilu.org#16504,"PASAR PELAWAN, PELAWAN, SAROLANGUN, JAMBI",4,34,134,168
https://kawalpemilu.org#16504,"PASAR PELAWAN, PELAWAN, SAROLANGUN, JAMBI",5,44,191,235
https://kawalpemilu.org#16504,"PASAR PELAWAN, PELAWAN, SAROLANGUN, JAMBI",6,40,171,211
https://kawalpemilu.org#16504,"PASAR PELAWAN, PELAWAN, SAROLANGUN, JAMBI",7,23,146,169
https://kawalpemilu.org#16504,"PASAR PELAWAN, PELAWAN, SAROLANGUN, JAMBI",8,27,164,191
https://kawalpemilu.org#16505,"PELAWAN JAYA, PELAWAN, SAROLANGUN, JAMBI",1,112,160,272
https://kawalpemilu.org#16505,"PELAWAN JAYA, PELAWAN, SAROLANGUN, JAMBI",2,66,186,252
https://kawalpemilu.org#16505,"PELAWAN JAYA, PELAWAN, SAROLANGUN, JAMBI",3,86,151,237
https://kawalpemilu.org#16505,"PELAWAN JAYA, PELAWAN, SAROLANGUN, JAMBI",4,54,164,218
https://kawalpemilu.org#16505,"PELAWAN JAYA, PELAWAN, SAROLANGUN, JAMBI",5,59,122,181
https://kawalpemilu.org#16505,"PELAWAN JAYA, PELAWAN, SAROLANGUN, JAMBI",6,86,128,214
https://kawalpemilu.org#16506,"LUBUK SAYAK, PELAWAN, SAROLANGUN, JAMBI",1,37,126,163
https://kawalpemilu.org#16506,"LUBUK SAYAK, PELAWAN, SAROLANGUN, JAMBI",2,58,146,204
https://kawalpemilu.org#16506,"LUBUK SAYAK, PELAWAN, SAROLANGUN, JAMBI",3,34,170,204
https://kawalpemilu.org#16506,"LUBUK SAYAK, PELAWAN, SAROLANGUN, JAMBI",4,24,167,191
https://kawalpemilu.org#16506,"LUBUK SAYAK, PELAWAN, SAROLANGUN, JAMBI",5,44,141,185
https://kawalpemilu.org#16508,"MANDIANGIN, MANDIANGIN, SAROLANGUN, JAMBI",1,98,90,188
https://kawalpemilu.org#16508,"MANDIANGIN, MANDIANGIN, SAROLANGUN, JAMBI",2,94,127,221
https://kawalpemilu.org#16508,"MANDIANGIN, MANDIANGIN, SAROLANGUN, JAMBI",3,122,101,223
https://kawalpemilu.org#16508,"MANDIANGIN, MANDIANGIN, SAROLANGUN, JAMBI",4,138,93,231
https://kawalpemilu.org#16508,"MANDIANGIN, MANDIANGIN, SAROLANGUN, JAMBI",5,143,79,222
https://kawalpemilu.org#16508,"MANDIANGIN, MANDIANGIN, SAROLANGUN, JAMBI",6,56,110,166
https://kawalpemilu.org#16508,"MANDIANGIN, MANDIANGIN, SAROLANGUN, JAMBI",7,96,77,173
https://kawalpemilu.org#16509,"RANGKILING SIMPANG, MANDIANGIN, SAROLANGUN, JAMBI",1,68,45,113
https://kawalpemilu.org#16509,"RANGKILING SIMPANG, MANDIANGIN, SAROLANGUN, JAMBI",2,109,112,221
https://kawalpemilu.org#16509,"RANGKILING SIMPANG, MANDIANGIN, SAROLANGUN, JAMBI",3,73,126,199
https://kawalpemilu.org#16509,"RANGKILING SIMPANG, MANDIANGIN, SAROLANGUN, JAMBI",4,85,144,229
https://kawalpemilu.org#16509,"RANGKILING SIMPANG, MANDIANGIN, SAROLANGUN, JAMBI",5,109,114,223
https://kawalpemilu.org#16509,"RANGKILING SIMPANG, MANDIANGIN, SAROLANGUN, JAMBI",6,111,105,216
https://kawalpemilu.org#16510,"PEMUSIRAN, MANDIANGIN, SAROLANGUN, JAMBI",1,163,66,229
https://kawalpemilu.org#16510,"PEMUSIRAN, MANDIANGIN, SAROLANGUN, JAMBI",2,170,44,214
https://kawalpemilu.org#16510,"PEMUSIRAN, MANDIANGIN, SAROLANGUN, JAMBI",3,141,14,155
https://kawalpemilu.org#16510,"PEMUSIRAN, MANDIANGIN, SAROLANGUN, JAMBI",4,232,16,248
https://kawalpemilu.org#16510,"PEMUSIRAN, MANDIANGIN, SAROLANGUN, JAMBI",5,176,10,186
https://kawalpemilu.org#16510,"PEMUSIRAN, MANDIANGIN, SAROLANGUN, JAMBI",6,220,15,235
https://kawalpemilu.org#16510,"PEMUSIRAN, MANDIANGIN, SAROLANGUN, JAMBI",7,214,8,222
https://kawalpemilu.org#16510,"PEMUSIRAN, MANDIANGIN, SAROLANGUN, JAMBI",8,160,3,163
https://kawalpemilu.org#16510,"PEMUSIRAN, MANDIANGIN, SAROLANGUN, JAMBI",9,192,4,196
https://kawalpemilu.org#16510,"PEMUSIRAN, MANDIANGIN, SAROLANGUN, JAMBI",10,117,13,130
https://kawalpemilu.org#16511,"GURUN TUO SIMPANG, MANDIANGIN, SAROLANGUN, JAMBI",1,32,191,223
https://kawalpemilu.org#16511,"GURUN TUO SIMPANG, MANDIANGIN, SAROLANGUN, JAMBI",2,21,192,213
https://kawalpemilu.org#16511,"GURUN TUO SIMPANG, MANDIANGIN, SAROLANGUN, JAMBI",3,41,123,164
https://kawalpemilu.org#16511,"GURUN TUO SIMPANG, MANDIANGIN, SAROLANGUN, JAMBI",4,61,103,164
https://kawalpemilu.org#16512,"GURUN MUDO, MANDIANGIN, SAROLANGUN, JAMBI",1,52,113,165
https://kawalpemilu.org#16512,"GURUN MUDO, MANDIANGIN, SAROLANGUN, JAMBI",2,41,153,194
https://kawalpemilu.org#16512,"GURUN MUDO, MANDIANGIN, SAROLANGUN, JAMBI",3,78,94,172
https://kawalpemilu.org#16513,"GURUN TUO, MANDIANGIN, SAROLANGUN, JAMBI",1,49,143,192
https://kawalpemilu.org#16513,"GURUN TUO, MANDIANGIN, SAROLANGUN, JAMBI",2,17,119,136
https://kawalpemilu.org#16513,"GURUN TUO, MANDIANGIN, SAROLANGUN, JAMBI",3,23,175,198
https://kawalpemilu.org#16514,"RANGKILING, MANDIANGIN, SAROLANGUN, JAMBI",1,121,74,195
https://kawalpemilu.org#16514,"RANGKILING, MANDIANGIN, SAROLANGUN, JAMBI",2,100,119,219
https://kawalpemilu.org#16515,"MANDIANGIN TUO, MANDIANGIN, SAROLANGUN, JAMBI",1,142,88,230
https://kawalpemilu.org#16515,"MANDIANGIN TUO, MANDIANGIN, SAROLANGUN, JAMBI",2,79,71,150
https://kawalpemilu.org#16515,"MANDIANGIN TUO, MANDIANGIN, SAROLANGUN, JAMBI",3,74,45,119
https://kawalpemilu.org#16515,"MANDIANGIN TUO, MANDIANGIN, SAROLANGUN, JAMBI",4,90,31,121
https://kawalpemilu.org#16516,"KERTOPATI, MANDIANGIN, SAROLANGUN, JAMBI",1,108,99,207
https://kawalpemilu.org#16516,"KERTOPATI, MANDIANGIN, SAROLANGUN, JAMBI",2,117,96,213
https://kawalpemilu.org#16516,"KERTOPATI, MANDIANGIN, SAROLANGUN, JAMBI",3,89,46,135
https://kawalpemilu.org#16516,"KERTOPATI, MANDIANGIN, SAROLANGUN, JAMBI",4,58,120,178
https://kawalpemilu.org#16516,"KERTOPATI, MANDIANGIN, SAROLANGUN, JAMBI",5,83,109,192
https://kawalpemilu.org#16517,"MUARA KETALO, MANDIANGIN, SAROLANGUN, JAMBI",1,35,165,200
https://kawalpemilu.org#16517,"MUARA KETALO, MANDIANGIN, SAROLANGUN, JAMBI",2,65,96,161
https://kawalpemilu.org#16517,"MUARA KETALO, MANDIANGIN, SAROLANGUN, JAMBI",3,61,85,146
https://kawalpemilu.org#16518,"TAMAN DEWA, MANDIANGIN, SAROLANGUN, JAMBI",1,95,90,185
https://kawalpemilu.org#16518,"TAMAN DEWA, MANDIANGIN, SAROLANGUN, JAMBI",2,104,106,210
https://kawalpemilu.org#16518,"TAMAN DEWA, MANDIANGIN, SAROLANGUN, JAMBI",3,109,113,222
https://kawalpemilu.org#16518,"TAMAN DEWA, MANDIANGIN, SAROLANGUN, JAMBI",4,99,66,165
https://kawalpemilu.org#16519,"SIMPANG KERTOPATI, MANDIANGIN, SAROLANGUN, JAMBI",1,147,41,188
https://kawalpemilu.org#16519,"SIMPANG KERTOPATI, MANDIANGIN, SAROLANGUN, JAMBI",2,164,45,209
https://kawalpemilu.org#16520,"BUKIT PERANGINAN, MANDIANGIN, SAROLANGUN, JAMBI",1,77,83,160
https://kawalpemilu.org#16520,"BUKIT PERANGINAN, MANDIANGIN, SAROLANGUN, JAMBI",2,72,117,189
https://kawalpemilu.org#16520,"BUKIT PERANGINAN, MANDIANGIN, SAROLANGUN, JAMBI",3,94,81,175
https://kawalpemilu.org#16520,"BUKIT PERANGINAN, MANDIANGIN, SAROLANGUN, JAMBI",4,83,71,154
https://kawalpemilu.org#16520,"BUKIT PERANGINAN, MANDIANGIN, SAROLANGUN, JAMBI",5,53,88,141
https://kawalpemilu.org#16520,"BUKIT PERANGINAN, MANDIANGIN, SAROLANGUN, JAMBI",6,127,58,185
https://kawalpemilu.org#16521,"MERANTI BARU, MANDIANGIN, SAROLANGUN, JAMBI",1,134,96,230
https://kawalpemilu.org#16521,"MERANTI BARU, MANDIANGIN, SAROLANGUN, JAMBI",2,169,59,228
https://kawalpemilu.org#16521,"MERANTI BARU, MANDIANGIN, SAROLANGUN, JAMBI",3,50,54,104
https://kawalpemilu.org#16522,"PETIDURAN BARU, MANDIANGIN, SAROLANGUN, JAMBI",1,160,62,222
https://kawalpemilu.org#16522,"PETIDURAN BARU, MANDIANGIN, SAROLANGUN, JAMBI",2,114,88,202
https://kawalpemilu.org#16522,"PETIDURAN BARU, MANDIANGIN, SAROLANGUN, JAMBI",3,65,159,224
https://kawalpemilu.org#16522,"PETIDURAN BARU, MANDIANGIN, SAROLANGUN, JAMBI",4,104,98,202
https://kawalpemilu.org#16522,"PETIDURAN BARU, MANDIANGIN, SAROLANGUN, JAMBI",5,102,115,217
https://kawalpemilu.org#16522,"PETIDURAN BARU, MANDIANGIN, SAROLANGUN, JAMBI",6,112,46,158
https://kawalpemilu.org#16523,"GURUH BARU, MANDIANGIN, SAROLANGUN, JAMBI",1,178,62,240
https://kawalpemilu.org#16523,"GURUH BARU, MANDIANGIN, SAROLANGUN, JAMBI",2,103,25,128
https://kawalpemilu.org#16523,"GURUH BARU, MANDIANGIN, SAROLANGUN, JAMBI",3,88,38,126
https://kawalpemilu.org#16523,"GURUH BARU, MANDIANGIN, SAROLANGUN, JAMBI",4,126,53,179
https://kawalpemilu.org#16523,"GURUH BARU, MANDIANGIN, SAROLANGUN, JAMBI",5,136,87,223
https://kawalpemilu.org#16523,"GURUH BARU, MANDIANGIN, SAROLANGUN, JAMBI",6,58,58,116
https://kawalpemilu.org#16523,"GURUH BARU, MANDIANGIN, SAROLANGUN, JAMBI",7,99,73,172
https://kawalpemilu.org#16523,"GURUH BARU, MANDIANGIN, SAROLANGUN, JAMBI",8,102,11,113
https://kawalpemilu.org#16523,"GURUH BARU, MANDIANGIN, SAROLANGUN, JAMBI",9,148,12,160
https://kawalpemilu.org#16524,"BUTANG BARU, MANDIANGIN, SAROLANGUN, JAMBI",1,116,93,209
https://kawalpemilu.org#16524,"BUTANG BARU, MANDIANGIN, SAROLANGUN, JAMBI",2,92,98,190
https://kawalpemilu.org#16524,"BUTANG BARU, MANDIANGIN, SAROLANGUN, JAMBI",3,136,50,186
https://kawalpemilu.org#16525,"JATI BARU, MANDIANGIN, SAROLANGUN, JAMBI",1,120,52,172
https://kawalpemilu.org#16525,"JATI BARU, MANDIANGIN, SAROLANGUN, JAMBI",2,83,69,152
https://kawalpemilu.org#16525,"JATI BARU, MANDIANGIN, SAROLANGUN, JAMBI",3,90,80,170
https://kawalpemilu.org#16526,"SUNGAI BUTANG, MANDIANGIN, SAROLANGUN, JAMBI",1,165,53,218
https://kawalpemilu.org#16526,"SUNGAI BUTANG, MANDIANGIN, SAROLANGUN, JAMBI",2,130,68,198
https://kawalpemilu.org#16526,"SUNGAI BUTANG, MANDIANGIN, SAROLANGUN, JAMBI",3,159,32,191
https://kawalpemilu.org#16526,"SUNGAI BUTANG, MANDIANGIN, SAROLANGUN, JAMBI",4,123,26,149
https://kawalpemilu.org#16526,"SUNGAI BUTANG, MANDIANGIN, SAROLANGUN, JAMBI",5,126,9,135
https://kawalpemilu.org#16526,"SUNGAI BUTANG, MANDIANGIN, SAROLANGUN, JAMBI",6,117,107,224
https://kawalpemilu.org#16527,"TALANG SERDANG, MANDIANGIN, SAROLANGUN, JAMBI",1,86,74,160
https://kawalpemilu.org#16527,"TALANG SERDANG, MANDIANGIN, SAROLANGUN, JAMBI",2,85,62,147
https://kawalpemilu.org#16527,"TALANG SERDANG, MANDIANGIN, SAROLANGUN, JAMBI",3,81,51,132
https://kawalpemilu.org#87692,"GURUN BARU, MANDIANGIN, SAROLANGUN, JAMBI",1,158,44,202
https://kawalpemilu.org#87692,"GURUN BARU, MANDIANGIN, SAROLANGUN, JAMBI",2,124,35,159
https://kawalpemilu.org#87693,"KUTE JAYE, MANDIANGIN, SAROLANGUN, JAMBI",1,74,129,203
https://kawalpemilu.org#87693,"KUTE JAYE, MANDIANGIN, SAROLANGUN, JAMBI",2,118,114,232
https://kawalpemilu.org#87694,"MANDIANGIN PASAR, MANDIANGIN, SAROLANGUN, JAMBI",1,130,113,243
https://kawalpemilu.org#87694,"MANDIANGIN PASAR, MANDIANGIN, SAROLANGUN, JAMBI",2,97,149,246
https://kawalpemilu.org#87694,"MANDIANGIN PASAR, MANDIANGIN, SAROLANGUN, JAMBI",3,156,74,230
https://kawalpemilu.org#87694,"MANDIANGIN PASAR, MANDIANGIN, SAROLANGUN, JAMBI",4,101,42,143
https://kawalpemilu.org#87695,"SUNGAI ROTAN, MANDIANGIN, SAROLANGUN, JAMBI",1,74,37,111
https://kawalpemilu.org#87695,"SUNGAI ROTAN, MANDIANGIN, SAROLANGUN, JAMBI",2,116,45,161
https://kawalpemilu.org#87696,"SUKA MAJU, MANDIANGIN, SAROLANGUN, JAMBI",1,131,43,176
https://kawalpemilu.org#87696,"SUKA MAJU, MANDIANGIN, SAROLANGUN, JAMBI",2,142,36,178
https://kawalpemilu.org#87696,"SUKA MAJU, MANDIANGIN, SAROLANGUN, JAMBI",3,111,69,180
https://kawalpemilu.org#87696,"SUKA MAJU, MANDIANGIN, SAROLANGUN, JAMBI",4,127,91,218
https://kawalpemilu.org#87697,"JERNANG BARU, MANDIANGIN, SAROLANGUN, JAMBI",1,123,12,135
https://kawalpemilu.org#87697,"JERNANG BARU, MANDIANGIN, SAROLANGUN, JAMBI",2,92,25,117
https://kawalpemilu.org#87698,"MERANTI JAYA, MANDIANGIN, SAROLANGUN, JAMBI",1,161,69,230
https://kawalpemilu.org#87698,"MERANTI JAYA, MANDIANGIN, SAROLANGUN, JAMBI",2,91,86,177
https://kawalpemilu.org#87698,"MERANTI JAYA, MANDIANGIN, SAROLANGUN, JAMBI",3,153,77,230
https://kawalpemilu.org#87699,"JATI BARU MUDO, MANDIANGIN, SAROLANGUN, JAMBI",1,72,74,146
https://kawalpemilu.org#87699,"JATI BARU MUDO, MANDIANGIN, SAROLANGUN, JAMBI",2,84,102,186
https://kawalpemilu.org#87699,"JATI BARU MUDO, MANDIANGIN, SAROLANGUN, JAMBI",3,121,94,215
https://kawalpemilu.org#16529,"LUBUK JERING, AIR HITAM, SAROLANGUN, JAMBI",1,34,150,184
https://kawalpemilu.org#16529,"LUBUK JERING, AIR HITAM, SAROLANGUN, JAMBI",2,85,107,192
https://kawalpemilu.org#16529,"LUBUK JERING, AIR HITAM, SAROLANGUN, JAMBI",3,82,11,93
https://kawalpemilu.org#16529,"LUBUK JERING, AIR HITAM, SAROLANGUN, JAMBI",4,93,154,247
https://kawalpemilu.org#16529,"LUBUK JERING, AIR HITAM, SAROLANGUN, JAMBI",5,91,104,195
https://kawalpemilu.org#16529,"LUBUK JERING, AIR HITAM, SAROLANGUN, JAMBI",6,95,111,206
https://kawalpemilu.org#16529,"LUBUK JERING, AIR HITAM, SAROLANGUN, JAMBI",7,28,4,32
https://kawalpemilu.org#16530,"JERNIH, AIR HITAM, SAROLANGUN, JAMBI",1,135,37,172
https://kawalpemilu.org#16530,"JERNIH, AIR HITAM, SAROLANGUN, JAMBI",2,91,139,230
https://kawalpemilu.org#16530,"JERNIH, AIR HITAM, SAROLANGUN, JAMBI",3,82,104,186
https://kawalpemilu.org#16530,"JERNIH, AIR HITAM, SAROLANGUN, JAMBI",4,33,104,137
https://kawalpemilu.org#16530,"JERNIH, AIR HITAM, SAROLANGUN, JAMBI",5,23,140,163
https://kawalpemilu.org#16530,"JERNIH, AIR HITAM, SAROLANGUN, JAMBI",6,65,125,190
https://kawalpemilu.org#16530,"JERNIH, AIR HITAM, SAROLANGUN, JAMBI",7,72,153,225
https://kawalpemilu.org#16531,"DESA BARU, AIR HITAM, SAROLANGUN, JAMBI",1,112,146,258
https://kawalpemilu.org#16531,"DESA BARU, AIR HITAM, SAROLANGUN, JAMBI",2,57,172,229
https://kawalpemilu.org#16531,"DESA BARU, AIR HITAM, SAROLANGUN, JAMBI",3,47,192,239
https://kawalpemilu.org#16531,"DESA BARU, AIR HITAM, SAROLANGUN, JAMBI",4,27,155,181
https://kawalpemilu.org#16531,"DESA BARU, AIR HITAM, SAROLANGUN, JAMBI",5,79,168,247
https://kawalpemilu.org#16531,"DESA BARU, AIR HITAM, SAROLANGUN, JAMBI",6,41,148,189
https://kawalpemilu.org#16531,"DESA BARU, AIR HITAM, SAROLANGUN, JAMBI",7,28,174,202
https://kawalpemilu.org#16532,"SEMURUNG, AIR HITAM, SAROLANGUN, JAMBI",1,103,41,144
https://kawalpemilu.org#16532,"SEMURUNG, AIR HITAM, SAROLANGUN, JAMBI",2,127,78,205
https://kawalpemilu.org#16532,"SEMURUNG, AIR HITAM, SAROLANGUN, JAMBI",3,124,60,184
https://kawalpemilu.org#16532,"SEMURUNG, AIR HITAM, SAROLANGUN, JAMBI",4,156,24,180
https://kawalpemilu.org#16532,"SEMURUNG, AIR HITAM, SAROLANGUN, JAMBI",5,112,54,116
https://kawalpemilu.org#16533,"LUBUK KEPAYANG, AIR HITAM, SAROLANGUN, JAMBI",1,110,109,219
https://kawalpemilu.org#16533,"LUBUK KEPAYANG, AIR HITAM, SAROLANGUN, JAMBI",2,39,63,102
https://kawalpemilu.org#16533,"LUBUK KEPAYANG, AIR HITAM, SAROLANGUN, JAMBI",3,117,109,226
https://kawalpemilu.org#16533,"LUBUK KEPAYANG, AIR HITAM, SAROLANGUN, JAMBI",4,51,186,237
https://kawalpemilu.org#16533,"LUBUK KEPAYANG, AIR HITAM, SAROLANGUN, JAMBI",5,117,85,202
https://kawalpemilu.org#16534,"PEMATANG KABAU, AIR HITAM, SAROLANGUN, JAMBI",1,90,94,184
https://kawalpemilu.org#16534,"PEMATANG KABAU, AIR HITAM, SAROLANGUN, JAMBI",2,178,53,231
https://kawalpemilu.org#16534,"PEMATANG KABAU, AIR HITAM, SAROLANGUN, JAMBI",3,198,51,249
https://kawalpemilu.org#16534,"PEMATANG KABAU, AIR HITAM, SAROLANGUN, JAMBI",4,177,60,237
https://kawalpemilu.org#16534,"PEMATANG KABAU, AIR HITAM, SAROLANGUN, JAMBI",5,106,93,199
https://kawalpemilu.org#16534,"PEMATANG KABAU, AIR HITAM, SAROLANGUN, JAMBI",6,122,102,224
https://kawalpemilu.org#16534,"PEMATANG KABAU, AIR HITAM, SAROLANGUN, JAMBI",7,141,37,178
https://kawalpemilu.org#16534,"PEMATANG KABAU, AIR HITAM, SAROLANGUN, JAMBI",8,140,32,172
https://kawalpemilu.org#16534,"PEMATANG KABAU, AIR HITAM, SAROLANGUN, JAMBI",9,175,33,208
https://kawalpemilu.org#16535,"BUKIT SUBAN, AIR HITAM, SAROLANGUN, JAMBI",1,181,45,226
https://kawalpemilu.org#16535,"BUKIT SUBAN, AIR HITAM, SAROLANGUN, JAMBI",3,198,29,227
https://kawalpemilu.org#16535,"BUKIT SUBAN, AIR HITAM, SAROLANGUN, JAMBI",4,181,53,234
https://kawalpemilu.org#16535,"BUKIT SUBAN, AIR HITAM, SAROLANGUN, JAMBI",5,185,52,237
https://kawalpemilu.org#16535,"BUKIT SUBAN, AIR HITAM, SAROLANGUN, JAMBI",7,112,27,139
https://kawalpemilu.org#16535,"BUKIT SUBAN, AIR HITAM, SAROLANGUN, JAMBI",8,166,42,208
https://kawalpemilu.org#16535,"BUKIT SUBAN, AIR HITAM, SAROLANGUN, JAMBI",9,122,39,161
https://kawalpemilu.org#16535,"BUKIT SUBAN, AIR HITAM, SAROLANGUN, JAMBI",10,176,29,205
https://kawalpemilu.org#16535,"BUKIT SUBAN, AIR HITAM, SAROLANGUN, JAMBI",11,202,22,224
https://kawalpemilu.org#16535,"BUKIT SUBAN, AIR HITAM, SAROLANGUN, JAMBI",12,172,30,202
https://kawalpemilu.org#16535,"BUKIT SUBAN, AIR HITAM, SAROLANGUN, JAMBI",13,147,53,200
https://kawalpemilu.org#16535,"BUKIT SUBAN, AIR HITAM, SAROLANGUN, JAMBI",14,69,36,105
https://kawalpemilu.org#16535,"BUKIT SUBAN, AIR HITAM, SAROLANGUN, JAMBI",15,169,16,185
https://kawalpemilu.org#16535,"BUKIT SUBAN, AIR HITAM, SAROLANGUN, JAMBI",16,161,22,183
https://kawalpemilu.org#16535,"BUKIT SUBAN, AIR HITAM, SAROLANGUN, JAMBI",17,109,25,134
https://kawalpemilu.org#16536,"MENTAWAK BARU, AIR HITAM, SAROLANGUN, JAMBI",1,135,59,194
https://kawalpemilu.org#16536,"MENTAWAK BARU, AIR HITAM, SAROLANGUN, JAMBI",2,121,25,146
https://kawalpemilu.org#16536,"MENTAWAK BARU, AIR HITAM, SAROLANGUN, JAMBI",3,160,23,183
https://kawalpemilu.org#16536,"MENTAWAK BARU, AIR HITAM, SAROLANGUN, JAMBI",4,218,17,235
https://kawalpemilu.org#16536,"MENTAWAK BARU, AIR HITAM, SAROLANGUN, JAMBI",5,187,33,220
https://kawalpemilu.org#16536,"MENTAWAK BARU, AIR HITAM, SAROLANGUN, JAMBI",6,141,59,200
https://kawalpemilu.org#16536,"MENTAWAK BARU, AIR HITAM, SAROLANGUN, JAMBI",7,188,51,239
https://kawalpemilu.org#16536,"MENTAWAK BARU, AIR HITAM, SAROLANGUN, JAMBI",8,241,19,260
https://kawalpemilu.org#16536,"MENTAWAK BARU, AIR HITAM, SAROLANGUN, JAMBI",9,207,18,225
https://kawalpemilu.org#16536,"MENTAWAK BARU, AIR HITAM, SAROLANGUN, JAMBI",10,206,40,246
https://kawalpemilu.org#16537,"MENTAWAK ULU, AIR HITAM, SAROLANGUN, JAMBI",1,93,12,105
https://kawalpemilu.org#16537,"MENTAWAK ULU, AIR HITAM, SAROLANGUN, JAMBI",2,154,76,230
https://kawalpemilu.org#16537,"MENTAWAK ULU, AIR HITAM, SAROLANGUN, JAMBI",3,195,27,222
https://kawalpemilu.org#16537,"MENTAWAK ULU, AIR HITAM, SAROLANGUN, JAMBI",4,198,39,237
https://kawalpemilu.org#16537,"MENTAWAK ULU, AIR HITAM, SAROLANGUN, JAMBI",5,189,40,229
https://kawalpemilu.org#16537,"MENTAWAK ULU, AIR HITAM, SAROLANGUN, JAMBI",6,133,80,213
https://kawalpemilu.org#16537,"MENTAWAK ULU, AIR HITAM, SAROLANGUN, JAMBI",7,105,28,133
https://kawalpemilu.org#16541,"RANTAU GEDANG, BATHIN VIII, SAROLANGUN, JAMBI",1,21,189,210
https://kawalpemilu.org#16541,"RANTAU GEDANG, BATHIN VIII, SAROLANGUN, JAMBI",2,8,198,206
https://kawalpemilu.org#16541,"RANTAU GEDANG, BATHIN VIII, SAROLANGUN, JAMBI",3,17,173,190
https://kawalpemilu.org#16541,"RANTAU GEDANG, BATHIN VIII, SAROLANGUN, JAMBI",4,25,156,181
https://kawalpemilu.org#16541,"RANTAU GEDANG, BATHIN VIII, SAROLANGUN, JAMBI",5,13,194,207
https://kawalpemilu.org#16542,"PENARUN, BATHIN VIII, SAROLANGUN, JAMBI",1,40,139,179
https://kawalpemilu.org#16542,"PENARUN, BATHIN VIII, SAROLANGUN, JAMBI",2,40,146,186
https://kawalpemilu.org#16542,"PENARUN, BATHIN VIII, SAROLANGUN, JAMBI",3,10,132,142
https://kawalpemilu.org#16543,"PULAU LINTANG, BATHIN VIII, SAROLANGUN, JAMBI",1,36,171,207
https://kawalpemilu.org#16543,"PULAU LINTANG, BATHIN VIII, SAROLANGUN, JAMBI",2,12,194,206
https://kawalpemilu.org#16543,"PULAU LINTANG, BATHIN VIII, SAROLANGUN, JAMBI",3,14,185,199
https://kawalpemilu.org#16543,"PULAU LINTANG, BATHIN VIII, SAROLANGUN, JAMBI",4,17,180,197
https://kawalpemilu.org#16543,"PULAU LINTANG, BATHIN VIII, SAROLANGUN, JAMBI",5,64,122,186
https://kawalpemilu.org#16544,"TANJUNG, BATHIN VIII, SAROLANGUN, JAMBI",1,55,143,198
https://kawalpemilu.org#16544,"TANJUNG, BATHIN VIII, SAROLANGUN, JAMBI",2,103,103,206
https://kawalpemilu.org#16544,"TANJUNG, BATHIN VIII, SAROLANGUN, JAMBI",3,50,134,184
https://kawalpemilu.org#16544,"TANJUNG, BATHIN VIII, SAROLANGUN, JAMBI",4,54,158,212
https://kawalpemilu.org#16544,"TANJUNG, BATHIN VIII, SAROLANGUN, JAMBI",5,115,155,270
https://kawalpemilu.org#16544,"TANJUNG, BATHIN VIII, SAROLANGUN, JAMBI",6,56,163,219
https://kawalpemilu.org#16544,"TANJUNG, BATHIN VIII, SAROLANGUN, JAMBI",7,61,106,167
https://kawalpemilu.org#16544,"TANJUNG, BATHIN VIII, SAROLANGUN, JAMBI",8,51,154,205
https://kawalpemilu.org#16544,"TANJUNG, BATHIN VIII, SAROLANGUN, JAMBI",9,137,33,170
https://kawalpemilu.org#16544,"TANJUNG, BATHIN VIII, SAROLANGUN, JAMBI",10,158,34,192
https://kawalpemilu.org#16544,"TANJUNG, BATHIN VIII, SAROLANGUN, JAMBI",11,103,71,174
https://kawalpemilu.org#16544,"TANJUNG, BATHIN VIII, SAROLANGUN, JAMBI",12,103,132,235
https://kawalpemilu.org#16544,"TANJUNG, BATHIN VIII, SAROLANGUN, JAMBI",13,124,114,238
https://kawalpemilu.org#16544,"TANJUNG, BATHIN VIII, SAROLANGUN, JAMBI",14,117,129,246
https://kawalpemilu.org#16544,"TANJUNG, BATHIN VIII, SAROLANGUN, JAMBI",15,121,121,242
https://kawalpemilu.org#16545,"BANGUN JAYO, BATHIN VIII, SAROLANGUN, JAMBI",1,126,96,222
https://kawalpemilu.org#16545,"BANGUN JAYO, BATHIN VIII, SAROLANGUN, JAMBI",2,91,75,166
https://kawalpemilu.org#16545,"BANGUN JAYO, BATHIN VIII, SAROLANGUN, JAMBI",3,126,45,171
https://kawalpemilu.org#16546,"TELUK KECIMBUNG, BATHIN VIII, SAROLANGUN, JAMBI",1,40,168,208
https://kawalpemilu.org#16546,"TELUK KECIMBUNG, BATHIN VIII, SAROLANGUN, JAMBI",2,17,168,185
https://kawalpemilu.org#16546,"TELUK KECIMBUNG, BATHIN VIII, SAROLANGUN, JAMBI",3,43,206,249
https://kawalpemilu.org#16546,"TELUK KECIMBUNG, BATHIN VIII, SAROLANGUN, JAMBI",4,27,204,231
https://kawalpemilu.org#16546,"TELUK KECIMBUNG, BATHIN VIII, SAROLANGUN, JAMBI",5,42,202,244
https://kawalpemilu.org#16547,"PULAU MELAKO, BATHIN VIII, SAROLANGUN, JAMBI",1,16,174,190
https://kawalpemilu.org#16547,"PULAU MELAKO, BATHIN VIII, SAROLANGUN, JAMBI",2,17,179,196
https://kawalpemilu.org#16547,"PULAU MELAKO, BATHIN VIII, SAROLANGUN, JAMBI",3,37,155,192
https://kawalpemilu.org#16547,"PULAU MELAKO, BATHIN VIII, SAROLANGUN, JAMBI",4,13,195,208
https://kawalpemilu.org#16548,"BATU PENYABUNG, BATHIN VIII, SAROLANGUN, JAMBI",1,10,231,241
https://kawalpemilu.org#16548,"BATU PENYABUNG, BATHIN VIII, SAROLANGUN, JAMBI",2,31,217,248
https://kawalpemilu.org#16549,"TANJUNG GAGAK, BATHIN VIII, SAROLANGUN, JAMBI",1,19,171,190
https://kawalpemilu.org#16549,"TANJUNG GAGAK, BATHIN VIII, SAROLANGUN, JAMBI",2,17,184,201
https://kawalpemilu.org#16549,"TANJUNG GAGAK, BATHIN VIII, SAROLANGUN, JAMBI",3,34,150,184
https://kawalpemilu.org#16550,"PULAU BUAYO, BATHIN VIII, SAROLANGUN, JAMBI",1,23,144,167
https://kawalpemilu.org#16550,"PULAU BUAYO, BATHIN VIII, SAROLANGUN, JAMBI",2,32,136,168
https://kawalpemilu.org#16552,"DUSUN DALAM, BATHIN VIII, SAROLANGUN, JAMBI",1,20,237,257
https://kawalpemilu.org#16552,"DUSUN DALAM, BATHIN VIII, SAROLANGUN, JAMBI",2,19,212,231
https://kawalpemilu.org#16552,"DUSUN DALAM, BATHIN VIII, SAROLANGUN, JAMBI",3,19,247,266
https://kawalpemilu.org#16552,"DUSUN DALAM, BATHIN VIII, SAROLANGUN, JAMBI",4,20,222,242
https://kawalpemilu.org#16552,"DUSUN DALAM, BATHIN VIII, SAROLANGUN, JAMBI",5,36,176,212
https://kawalpemilu.org#16553,"MUARA LATI, BATHIN VIII, SAROLANGUN, JAMBI",1,8,138,146
https://kawalpemilu.org#16553,"MUARA LATI, BATHIN VIII, SAROLANGUN, JAMBI",2,9,162,171
https://kawalpemilu.org#16554,"SUKA JADI, BATHIN VIII, SAROLANGUN, JAMBI",1,88,111,199
https://kawalpemilu.org#16554,"SUKA JADI, BATHIN VIII, SAROLANGUN, JAMBI",2,112,60,172
https://kawalpemilu.org#16555,"TELUK MANCUR, BATHIN VIII, SAROLANGUN, JAMBI",1,11,147,158
https://kawalpemilu.org#16555,"TELUK MANCUR, BATHIN VIII, SAROLANGUN, JAMBI",2,12,131,143
https://kawalpemilu.org#91872,"LIMBUR TEMBESI, BATHIN VIII, SAROLANGUN, JAMBI",1,33,176,209
https://kawalpemilu.org#91872,"LIMBUR TEMBESI, BATHIN VIII, SAROLANGUN, JAMBI",2,41,182,223
https://kawalpemilu.org#91872,"LIMBUR TEMBESI, BATHIN VIII, SAROLANGUN, JAMBI",3,31,248,279
https://kawalpemilu.org#91872,"LIMBUR TEMBESI, BATHIN VIII, SAROLANGUN, JAMBI",4,60,151,211
https://kawalpemilu.org#91872,"LIMBUR TEMBESI, BATHIN VIII, SAROLANGUN, JAMBI",5,37,243,280
https://kawalpemilu.org#91872,"LIMBUR TEMBESI, BATHIN VIII, SAROLANGUN, JAMBI",6,44,206,250
https://kawalpemilu.org#91872,"LIMBUR TEMBESI, BATHIN VIII, SAROLANGUN, JAMBI",7,173,106,279
https://kawalpemilu.org#16558,"SUNGAI BENTENG, SINGKUT, SAROLANGUN, JAMBI",1,55,154,209
https://kawalpemilu.org#16558,"SUNGAI BENTENG, SINGKUT, SAROLANGUN, JAMBI",2,69,129,198
https://kawalpemilu.org#16558,"SUNGAI BENTENG, SINGKUT, SAROLANGUN, JAMBI",3,71,81,152
https://kawalpemilu.org#16558,"SUNGAI BENTENG, SINGKUT, SAROLANGUN, JAMBI",4,37,154,191
https://kawalpemilu.org#16558,"SUNGAI BENTENG, SINGKUT, SAROLANGUN, JAMBI",5,58,125,183
https://kawalpemilu.org#16558,"SUNGAI BENTENG, SINGKUT, SAROLANGUN, JAMBI",6,81,133,214
https://kawalpemilu.org#16558,"SUNGAI BENTENG, SINGKUT, SAROLANGUN, JAMBI",7,53,114,167
https://kawalpemilu.org#16558,"SUNGAI BENTENG, SINGKUT, SAROLANGUN, JAMBI",8,77,102,179
https://kawalpemilu.org#16558,"SUNGAI BENTENG, SINGKUT, SAROLANGUN, JAMBI",9,123,89,212
https://kawalpemilu.org#16558,"SUNGAI BENTENG, SINGKUT, SAROLANGUN, JAMBI",10,68,131,199
https://kawalpemilu.org#16558,"SUNGAI BENTENG, SINGKUT, SAROLANGUN, JAMBI",11,86,152,238
https://kawalpemilu.org#16558,"SUNGAI BENTENG, SINGKUT, SAROLANGUN, JAMBI",12,74,124,198
https://kawalpemilu.org#16558,"SUNGAI BENTENG, SINGKUT, SAROLANGUN, JAMBI",13,129,124,253
https://kawalpemilu.org#16558,"SUNGAI BENTENG, SINGKUT, SAROLANGUN, JAMBI",14,96,157,253
https://kawalpemilu.org#16558,"SUNGAI BENTENG, SINGKUT, SAROLANGUN, JAMBI",15,36,81,117
https://kawalpemilu.org#16558,"SUNGAI BENTENG, SINGKUT, SAROLANGUN, JAMBI",16,43,107,150
https://kawalpemilu.org#16558,"SUNGAI BENTENG, SINGKUT, SAROLANGUN, JAMBI",17,47,95,142
https://kawalpemilu.org#16559,"BUKIT TIGO, SINGKUT, SAROLANGUN, JAMBI",1,102,135,237
https://kawalpemilu.org#16559,"BUKIT TIGO, SINGKUT, SAROLANGUN, JAMBI",2,67,129,196
https://kawalpemilu.org#16559,"BUKIT TIGO, SINGKUT, SAROLANGUN, JAMBI",3,138,36,174
https://kawalpemilu.org#16559,"BUKIT TIGO, SINGKUT, SAROLANGUN, JAMBI",4,67,88,155
https://kawalpemilu.org#16559,"BUKIT TIGO, SINGKUT, SAROLANGUN, JAMBI",5,39,188,227
https://kawalpemilu.org#16559,"BUKIT TIGO, SINGKUT, SAROLANGUN, JAMBI",6,58,130,188
https://kawalpemilu.org#16559,"BUKIT TIGO, SINGKUT, SAROLANGUN, JAMBI",7,47,104,151
https://kawalpemilu.org#16559,"BUKIT TIGO, SINGKUT, SAROLANGUN, JAMBI",8,37,150,187
https://kawalpemilu.org#16559,"BUKIT TIGO, SINGKUT, SAROLANGUN, JAMBI",9,61,112,112
https://kawalpemilu.org#16559,"BUKIT TIGO, SINGKUT, SAROLANGUN, JAMBI",10,83,143,226
https://kawalpemilu.org#16559,"BUKIT TIGO, SINGKUT, SAROLANGUN, JAMBI",11,126,93,219
https://kawalpemilu.org#16559,"BUKIT TIGO, SINGKUT, SAROLANGUN, JAMBI",12,54,137,191
https://kawalpemilu.org#16559,"BUKIT TIGO, SINGKUT, SAROLANGUN, JAMBI",13,58,101,159
https://kawalpemilu.org#16560,"SUNGAI GEDANG, SINGKUT, SAROLANGUN, JAMBI",1,76,112,188
https://kawalpemilu.org#16560,"SUNGAI GEDANG, SINGKUT, SAROLANGUN, JAMBI",2,106,119,225
https://kawalpemilu.org#16560,"SUNGAI GEDANG, SINGKUT, SAROLANGUN, JAMBI",3,105,76,181
https://kawalpemilu.org#16560,"SUNGAI GEDANG, SINGKUT, SAROLANGUN, JAMBI",4,113,129,242
https://kawalpemilu.org#16560,"SUNGAI GEDANG, SINGKUT, SAROLANGUN, JAMBI",5,122,114,236
https://kawalpemilu.org#16560,"SUNGAI GEDANG, SINGKUT, SAROLANGUN, JAMBI",6,105,110,215
https://kawalpemilu.org#16560,"SUNGAI GEDANG, SINGKUT, SAROLANGUN, JAMBI",7,98,130,228
https://kawalpemilu.org#16561,"PAYO LEBAR, SINGKUT, SAROLANGUN, JAMBI",1,40,156,196
https://kawalpemilu.org#16561,"PAYO LEBAR, SINGKUT, SAROLANGUN, JAMBI",2,112,97,209
https://kawalpemilu.org#16561,"PAYO LEBAR, SINGKUT, SAROLANGUN, JAMBI",3,101,112,213
https://kawalpemilu.org#16561,"PAYO LEBAR, SINGKUT, SAROLANGUN, JAMBI",4,109,127,236
https://kawalpemilu.org#16561,"PAYO LEBAR, SINGKUT, SAROLANGUN, JAMBI",5,95,147,242
https://kawalpemilu.org#16561,"PAYO LEBAR, SINGKUT, SAROLANGUN, JAMBI",6,148,85,233
https://kawalpemilu.org#16561,"PAYO LEBAR, SINGKUT, SAROLANGUN, JAMBI",7,127,128,255
https://kawalpemilu.org#16561,"PAYO LEBAR, SINGKUT, SAROLANGUN, JAMBI",8,67,179,246
https://kawalpemilu.org#16561,"PAYO LEBAR, SINGKUT, SAROLANGUN, JAMBI",9,100,98,198
https://kawalpemilu.org#16561,"PAYO LEBAR, SINGKUT, SAROLANGUN, JAMBI",10,116,89,205
https://kawalpemilu.org#16561,"PAYO LEBAR, SINGKUT, SAROLANGUN, JAMBI",11,116,115,231
https://kawalpemilu.org#16561,"PAYO LEBAR, SINGKUT, SAROLANGUN, JAMBI",12,101,140,241
https://kawalpemilu.org#16561,"PAYO LEBAR, SINGKUT, SAROLANGUN, JAMBI",13,133,101,234
https://kawalpemilu.org#16561,"PAYO LEBAR, SINGKUT, SAROLANGUN, JAMBI",14,57,91,148
https://kawalpemilu.org#16561,"PAYO LEBAR, SINGKUT, SAROLANGUN, JAMBI",15,57,66,123
https://kawalpemilu.org#16562,"BUKIT MURAU, SINGKUT, SAROLANGUN, JAMBI",1,65,88,153
https://kawalpemilu.org#16562,"BUKIT MURAU, SINGKUT, SAROLANGUN, JAMBI",2,40,131,171
https://kawalpemilu.org#16562,"BUKIT MURAU, SINGKUT, SAROLANGUN, JAMBI",3,120,110,230
https://kawalpemilu.org#16562,"BUKIT MURAU, SINGKUT, SAROLANGUN, JAMBI",4,104,107,211
https://kawalpemilu.org#16562,"BUKIT MURAU, SINGKUT, SAROLANGUN, JAMBI",5,94,56,150
https://kawalpemilu.org#16562,"BUKIT MURAU, SINGKUT, SAROLANGUN, JAMBI",6,37,123,160
https://kawalpemilu.org#16562,"BUKIT MURAU, SINGKUT, SAROLANGUN, JAMBI",7,40,81,121
https://kawalpemilu.org#16562,"BUKIT MURAU, SINGKUT, SAROLANGUN, JAMBI",8,87,113,200
https://kawalpemilu.org#16563,"PERDAMAIAN, SINGKUT, SAROLANGUN, JAMBI",1,68,123,191
https://kawalpemilu.org#16563,"PERDAMAIAN, SINGKUT, SAROLANGUN, JAMBI",2,104,125,229
https://kawalpemilu.org#16563,"PERDAMAIAN, SINGKUT, SAROLANGUN, JAMBI",3,41,145,186
https://kawalpemilu.org#16563,"PERDAMAIAN, SINGKUT, SAROLANGUN, JAMBI",4,69,111,180
https://kawalpemilu.org#16563,"PERDAMAIAN, SINGKUT, SAROLANGUN, JAMBI",5,76,115,191
https://kawalpemilu.org#16564,"PASAR SINGKUT, SINGKUT, SAROLANGUN, JAMBI",1,90,130,220
https://kawalpemilu.org#16564,"PASAR SINGKUT, SINGKUT, SAROLANGUN, JAMBI",2,115,97,212
https://kawalpemilu.org#16564,"PASAR SINGKUT, SINGKUT, SAROLANGUN, JAMBI",3,51,156,207
https://kawalpemilu.org#16564,"PASAR SINGKUT, SINGKUT, SAROLANGUN, JAMBI",4,120,142,262
https://kawalpemilu.org#16564,"PASAR SINGKUT, SINGKUT, SAROLANGUN, JAMBI",5,119,138,257
https://kawalpemilu.org#16564,"PASAR SINGKUT, SINGKUT, SAROLANGUN, JAMBI",6,81,116,197
https://kawalpemilu.org#16564,"PASAR SINGKUT, SINGKUT, SAROLANGUN, JAMBI",7,123,126,249
https://kawalpemilu.org#16564,"PASAR SINGKUT, SINGKUT, SAROLANGUN, JAMBI",8,123,111,234
https://kawalpemilu.org#16564,"PASAR SINGKUT, SINGKUT, SAROLANGUN, JAMBI",9,100,114,214
https://kawalpemilu.org#16564,"PASAR SINGKUT, SINGKUT, SAROLANGUN, JAMBI",10,53,123,176
https://kawalpemilu.org#16564,"PASAR SINGKUT, SINGKUT, SAROLANGUN, JAMBI",11,79,136,215
https://kawalpemilu.org#16564,"PASAR SINGKUT, SINGKUT, SAROLANGUN, JAMBI",12,65,122,187
https://kawalpemilu.org#16564,"PASAR SINGKUT, SINGKUT, SAROLANGUN, JAMBI",13,103,104,207
https://kawalpemilu.org#16564,"PASAR SINGKUT, SINGKUT, SAROLANGUN, JAMBI",14,112,86,198
https://kawalpemilu.org#16564,"PASAR SINGKUT, SINGKUT, SAROLANGUN, JAMBI",15,138,90,228
https://kawalpemilu.org#16564,"PASAR SINGKUT, SINGKUT, SAROLANGUN, JAMBI",16,93,95,188
https://kawalpemilu.org#16565,"SILIWANGI, SINGKUT, SAROLANGUN, JAMBI",1,154,87,241
https://kawalpemilu.org#16565,"SILIWANGI, SINGKUT, SAROLANGUN, JAMBI",2,171,81,252
https://kawalpemilu.org#16565,"SILIWANGI, SINGKUT, SAROLANGUN, JAMBI",3,131,94,225
https://kawalpemilu.org#16565,"SILIWANGI, SINGKUT, SAROLANGUN, JAMBI",4,161,62,223
https://kawalpemilu.org#16565,"SILIWANGI, SINGKUT, SAROLANGUN, JAMBI",5,139,102,241
https://kawalpemilu.org#16565,"SILIWANGI, SINGKUT, SAROLANGUN, JAMBI",6,99,125,224
https://kawalpemilu.org#16565,"SILIWANGI, SINGKUT, SAROLANGUN, JAMBI",7,142,93,235
https://kawalpemilu.org#16565,"SILIWANGI, SINGKUT, SAROLANGUN, JAMBI",8,200,59,259
https://kawalpemilu.org#16565,"SILIWANGI, SINGKUT, SAROLANGUN, JAMBI",9,109,119,228
https://kawalpemilu.org#16566,"SIMPANG NIBUNG, SINGKUT, SAROLANGUN, JAMBI",1,98,93,191
https://kawalpemilu.org#16566,"SIMPANG NIBUNG, SINGKUT, SAROLANGUN, JAMBI",2,65,56,121
https://kawalpemilu.org#16566,"SIMPANG NIBUNG, SINGKUT, SAROLANGUN, JAMBI",3,128,35,163
https://kawalpemilu.org#16566,"SIMPANG NIBUNG, SINGKUT, SAROLANGUN, JAMBI",4,29,129,158
https://kawalpemilu.org#16566,"SIMPANG NIBUNG, SINGKUT, SAROLANGUN, JAMBI",5,69,31,100
https://kawalpemilu.org#16566,"SIMPANG NIBUNG, SINGKUT, SAROLANGUN, JAMBI",6,36,47,38
https://kawalpemilu.org#87700,"BUKIT TALANG MAS, SINGKUT, SAROLANGUN, JAMBI",1,86,77,163
https://kawalpemilu.org#87700,"BUKIT TALANG MAS, SINGKUT, SAROLANGUN, JAMBI",2,80,103,183
https://kawalpemilu.org#87700,"BUKIT TALANG MAS, SINGKUT, SAROLANGUN, JAMBI",3,63,102,165
https://kawalpemilu.org#87700,"BUKIT TALANG MAS, SINGKUT, SAROLANGUN, JAMBI",4,67,124,191
https://kawalpemilu.org#87700,"BUKIT TALANG MAS, SINGKUT, SAROLANGUN, JAMBI",5,91,140,231
https://kawalpemilu.org#87700,"BUKIT TALANG MAS, SINGKUT, SAROLANGUN, JAMBI",6,85,130,215
https://kawalpemilu.org#87701,"BUKIT BUMI RAYA, SINGKUT, SAROLANGUN, JAMBI",1,67,126,193
https://kawalpemilu.org#87701,"BUKIT BUMI RAYA, SINGKUT, SAROLANGUN, JAMBI",2,129,80,209
https://kawalpemilu.org#87701,"BUKIT BUMI RAYA, SINGKUT, SAROLANGUN, JAMBI",3,133,94,227
https://kawalpemilu.org#87701,"BUKIT BUMI RAYA, SINGKUT, SAROLANGUN, JAMBI",4,50,149,199
https://kawalpemilu.org#87701,"BUKIT BUMI RAYA, SINGKUT, SAROLANGUN, JAMBI",5,26,187,213
https://kawalpemilu.org#87701,"BUKIT BUMI RAYA, SINGKUT, SAROLANGUN, JAMBI",6,92,130,222
https://kawalpemilu.org#87702,"ARGOSARI, SINGKUT, SAROLANGUN, JAMBI",1,79,130,209
https://kawalpemilu.org#87702,"ARGOSARI, SINGKUT, SAROLANGUN, JAMBI",2,40,157,197
https://kawalpemilu.org#87702,"ARGOSARI, SINGKUT, SAROLANGUN, JAMBI",3,92,114,206
https://kawalpemilu.org#87702,"ARGOSARI, SINGKUT, SAROLANGUN, JAMBI",4,93,94,187
https://kawalpemilu.org#87703,"SENDANG SARI, SINGKUT, SAROLANGUN, JAMBI",1,97,121,218
https://kawalpemilu.org#87703,"SENDANG SARI, SINGKUT, SAROLANGUN, JAMBI",2,37,208,245
https://kawalpemilu.org#87703,"SENDANG SARI, SINGKUT, SAROLANGUN, JAMBI",3,112,120,232
https://kawalpemilu.org#87703,"SENDANG SARI, SINGKUT, SAROLANGUN, JAMBI",4,32,154,186
https://kawalpemilu.org#16568,"KAMPUNG TUJUH, CERMIN NAN GEDANG, SAROLANGUN, JAMBI",1,29,219,248
https://kawalpemilu.org#16568,"KAMPUNG TUJUH, CERMIN NAN GEDANG, SAROLANGUN, JAMBI",2,57,178,235
https://kawalpemilu.org#16568,"KAMPUNG TUJUH, CERMIN NAN GEDANG, SAROLANGUN, JAMBI",3,8,70,78
https://kawalpemilu.org#16568,"KAMPUNG TUJUH, CERMIN NAN GEDANG, SAROLANGUN, JAMBI",4,35,42,77
https://kawalpemilu.org#16569,"LUBUK RESAM, CERMIN NAN GEDANG, SAROLANGUN, JAMBI",1,45,174,219
https://kawalpemilu.org#16569,"LUBUK RESAM, CERMIN NAN GEDANG, SAROLANGUN, JAMBI",2,48,169,217
https://kawalpemilu.org#16569,"LUBUK RESAM, CERMIN NAN GEDANG, SAROLANGUN, JAMBI",3,45,174,219
https://kawalpemilu.org#16569,"LUBUK RESAM, CERMIN NAN GEDANG, SAROLANGUN, JAMBI",4,63,190,253
https://kawalpemilu.org#16569,"LUBUK RESAM, CERMIN NAN GEDANG, SAROLANGUN, JAMBI",5,37,173,210
https://kawalpemilu.org#16569,"LUBUK RESAM, CERMIN NAN GEDANG, SAROLANGUN, JAMBI",6,38,171,209
https://kawalpemilu.org#16569,"LUBUK RESAM, CERMIN NAN GEDANG, SAROLANGUN, JAMBI",7,39,161,200
https://kawalpemilu.org#16570,"TELUK RENDAH, CERMIN NAN GEDANG, SAROLANGUN, JAMBI",1,48,189,237
https://kawalpemilu.org#16570,"TELUK RENDAH, CERMIN NAN GEDANG, SAROLANGUN, JAMBI",2,38,153,191
https://kawalpemilu.org#16570,"TELUK RENDAH, CERMIN NAN GEDANG, SAROLANGUN, JAMBI",3,69,162,231
https://kawalpemilu.org#16570,"TELUK RENDAH, CERMIN NAN GEDANG, SAROLANGUN, JAMBI",4,47,167,214
https://kawalpemilu.org#16571,"TELUK TIGO, CERMIN NAN GEDANG, SAROLANGUN, JAMBI",1,27,212,239
https://kawalpemilu.org#16571,"TELUK TIGO, CERMIN NAN GEDANG, SAROLANGUN, JAMBI",2,30,187,217
https://kawalpemilu.org#16571,"TELUK TIGO, CERMIN NAN GEDANG, SAROLANGUN, JAMBI",3,16,247,263
https://kawalpemilu.org#16572,"LUBUK RESAM HILIR, CERMIN NAN GEDANG, SAROLANGUN, JAMBI",1,38,185,223
https://kawalpemilu.org#16572,"LUBUK RESAM HILIR, CERMIN NAN GEDANG, SAROLANGUN, JAMBI",2,30,169,199
https://kawalpemilu.org#16572,"LUBUK RESAM HILIR, CERMIN NAN GEDANG, SAROLANGUN, JAMBI",3,40,115,155
https://kawalpemilu.org#16572,"LUBUK RESAM HILIR, CERMIN NAN GEDANG, SAROLANGUN, JAMBI",4,47,151,198
https://kawalpemilu.org#16572,"LUBUK RESAM HILIR, CERMIN NAN GEDANG, SAROLANGUN, JAMBI",5,51,190,241
https://kawalpemilu.org#16573,"PEMUNCAK, CERMIN NAN GEDANG, SAROLANGUN, JAMBI",1,28,170,198
https://kawalpemilu.org#16573,"PEMUNCAK, CERMIN NAN GEDANG, SAROLANGUN, JAMBI",2,23,180,203
https://kawalpemilu.org#16573,"PEMUNCAK, CERMIN NAN GEDANG, SAROLANGUN, JAMBI",3,21,183,204
https://kawalpemilu.org#16573,"PEMUNCAK, CERMIN NAN GEDANG, SAROLANGUN, JAMBI",4,64,177,241
https://kawalpemilu.org#16574,"TAMBANG TINGGI, CERMIN NAN GEDANG, SAROLANGUN, JAMBI",1,26,123,149
https://kawalpemilu.org#16574,"TAMBANG TINGGI, CERMIN NAN GEDANG, SAROLANGUN, JAMBI",2,41,125,166
https://kawalpemilu.org#16574,"TAMBANG TINGGI, CERMIN NAN GEDANG, SAROLANGUN, JAMBI",3,60,131,191
https://kawalpemilu.org#16574,"TAMBANG TINGGI, CERMIN NAN GEDANG, SAROLANGUN, JAMBI",4,36,131,167
https://kawalpemilu.org#16575,"TENDAH, CERMIN NAN GEDANG, SAROLANGUN, JAMBI",1,87,117,204
https://kawalpemilu.org#16575,"TENDAH, CERMIN NAN GEDANG, SAROLANGUN, JAMBI",2,84,152,236
https://kawalpemilu.org#84603,"SUNGAI KERAMAT, CERMIN NAN GEDANG, SAROLANGUN, JAMBI",1,53,145,198
https://kawalpemilu.org#84603,"SUNGAI KERAMAT, CERMIN NAN GEDANG, SAROLANGUN, JAMBI",2,52,139,191
https://kawalpemilu.org#87673,"SEKAMIS, CERMIN NAN GEDANG, SAROLANGUN, JAMBI",1,88,98,186
https://kawalpemilu.org#87673,"SEKAMIS, CERMIN NAN GEDANG, SAROLANGUN, JAMBI",2,61,94,155
https://kawalpemilu.org#16578,"KEMBANG PASEBAN, MERSAM, BATANGHARI, JAMBI",1,23,119,142
https://kawalpemilu.org#16578,"KEMBANG PASEBAN, MERSAM, BATANGHARI, JAMBI",2,22,122,144
https://kawalpemilu.org#16578,"KEMBANG PASEBAN, MERSAM, BATANGHARI, JAMBI",3,35,208,243
https://kawalpemilu.org#16578,"KEMBANG PASEBAN, MERSAM, BATANGHARI, JAMBI",4,67,169,236
https://kawalpemilu.org#16578,"KEMBANG PASEBAN, MERSAM, BATANGHARI, JAMBI",5,56,199,255
https://kawalpemilu.org#16578,"KEMBANG PASEBAN, MERSAM, BATANGHARI, JAMBI",6,35,177,212
https://kawalpemilu.org#16578,"KEMBANG PASEBAN, MERSAM, BATANGHARI, JAMBI",7,40,144,184
https://kawalpemilu.org#16578,"KEMBANG PASEBAN, MERSAM, BATANGHARI, JAMBI",8,70,199,269
https://kawalpemilu.org#16578,"KEMBANG PASEBAN, MERSAM, BATANGHARI, JAMBI",9,23,166,189
https://kawalpemilu.org#16578,"KEMBANG PASEBAN, MERSAM, BATANGHARI, JAMBI",10,23,151,174
https://kawalpemilu.org#16578,"KEMBANG PASEBAN, MERSAM, BATANGHARI, JAMBI",11,19,161,180
https://kawalpemilu.org#16578,"KEMBANG PASEBAN, MERSAM, BATANGHARI, JAMBI",12,28,211,239
https://kawalpemilu.org#16578,"KEMBANG PASEBAN, MERSAM, BATANGHARI, JAMBI",13,31,126,157
https://kawalpemilu.org#16578,"KEMBANG PASEBAN, MERSAM, BATANGHARI, JAMBI",14,23,146,169
https://kawalpemilu.org#16578,"KEMBANG PASEBAN, MERSAM, BATANGHARI, JAMBI",15,23,166,189
https://kawalpemilu.org#16579,"SENGKATI KECIL, MERSAM, BATANGHARI, JAMBI",1,32,153,185
https://kawalpemilu.org#16579,"SENGKATI KECIL, MERSAM, BATANGHARI, JAMBI",2,14,211,225
https://kawalpemilu.org#16579,"SENGKATI KECIL, MERSAM, BATANGHARI, JAMBI",3,38,101,139
https://kawalpemilu.org#16579,"SENGKATI KECIL, MERSAM, BATANGHARI, JAMBI",4,34,148,180
https://kawalpemilu.org#16579,"SENGKATI KECIL, MERSAM, BATANGHARI, JAMBI",5,100,77,177
https://kawalpemilu.org#16580,"RANTAU GEDANG, MERSAM, BATANGHARI, JAMBI",1,84,94,178
https://kawalpemilu.org#16580,"RANTAU GEDANG, MERSAM, BATANGHARI, JAMBI",2,94,43,137
https://kawalpemilu.org#16580,"RANTAU GEDANG, MERSAM, BATANGHARI, JAMBI",3,101,41,142
https://kawalpemilu.org#16580,"RANTAU GEDANG, MERSAM, BATANGHARI, JAMBI",4,93,61,154
https://kawalpemilu.org#16581,"SENGKATI BARU, MERSAM, BATANGHARI, JAMBI",1,102,81,183
https://kawalpemilu.org#16581,"SENGKATI BARU, MERSAM, BATANGHARI, JAMBI",2,90,112,202
https://kawalpemilu.org#16581,"SENGKATI BARU, MERSAM, BATANGHARI, JAMBI",3,63,91,154
https://kawalpemilu.org#16581,"SENGKATI BARU, MERSAM, BATANGHARI, JAMBI",4,41,120,161
https://kawalpemilu.org#16581,"SENGKATI BARU, MERSAM, BATANGHARI, JAMBI",5,82,132,214
https://kawalpemilu.org#16581,"SENGKATI BARU, MERSAM, BATANGHARI, JAMBI",6,81,136,217
https://kawalpemilu.org#16581,"SENGKATI BARU, MERSAM, BATANGHARI, JAMBI",7,123,132,255
https://kawalpemilu.org#16582,"KEMBANG TANJUNG, MERSAM, BATANGHARI, JAMBI",1,17,182,199
https://kawalpemilu.org#16582,"KEMBANG TANJUNG, MERSAM, BATANGHARI, JAMBI",2,17,142,159
https://kawalpemilu.org#16582,"KEMBANG TANJUNG, MERSAM, BATANGHARI, JAMBI",3,19,161,180
https://kawalpemilu.org#16582,"KEMBANG TANJUNG, MERSAM, BATANGHARI, JAMBI",4,40,133,173
https://kawalpemilu.org#16582,"KEMBANG TANJUNG, MERSAM, BATANGHARI, JAMBI",5,20,204,224
https://kawalpemilu.org#16583,"MERSAM, MERSAM, BATANGHARI, JAMBI",1,12,137,149
https://kawalpemilu.org#16583,"MERSAM, MERSAM, BATANGHARI, JAMBI",2,14,133,147
https://kawalpemilu.org#16583,"MERSAM, MERSAM, BATANGHARI, JAMBI",3,12,201,213
https://kawalpemilu.org#16583,"MERSAM, MERSAM, BATANGHARI, JAMBI",4,15,184,199
https://kawalpemilu.org#16583,"MERSAM, MERSAM, BATANGHARI, JAMBI",5,59,118,177
https://kawalpemilu.org#16583,"MERSAM, MERSAM, BATANGHARI, JAMBI",6,11,117,128
https://kawalpemilu.org#16583,"MERSAM, MERSAM, BATANGHARI, JAMBI",7,8,103,111
https://kawalpemilu.org#16583,"MERSAM, MERSAM, BATANGHARI, JAMBI",8,12,112,124
https://kawalpemilu.org#16583,"MERSAM, MERSAM, BATANGHARI, JAMBI",9,16,111,127
https://kawalpemilu.org#16584,"BENTENG RENDAH, MERSAM, BATANGHARI, JAMBI",1,9,126,135
https://kawalpemilu.org#16584,"BENTENG RENDAH, MERSAM, BATANGHARI, JAMBI",2,15,135,150
https://kawalpemilu.org#16584,"BENTENG RENDAH, MERSAM, BATANGHARI, JAMBI",3,32,198,230
https://kawalpemilu.org#16584,"BENTENG RENDAH, MERSAM, BATANGHARI, JAMBI",4,59,112,171
https://kawalpemilu.org#16584,"BENTENG RENDAH, MERSAM, BATANGHARI, JAMBI",5,165,30,195
https://kawalpemilu.org#16585,"SUNGAI PUAR, MERSAM, BATANGHARI, JAMBI",1,33,121,154
https://kawalpemilu.org#16585,"SUNGAI PUAR, MERSAM, BATANGHARI, JAMBI",2,22,176,198
https://kawalpemilu.org#16585,"SUNGAI PUAR, MERSAM, BATANGHARI, JAMBI",3,36,165,201
https://kawalpemilu.org#16585,"SUNGAI PUAR, MERSAM, BATANGHARI, JAMBI",4,41,119,160
https://kawalpemilu.org#16586,"SENGKATI GEDANG, MERSAM, BATANGHARI, JAMBI",1,78,49,127
https://kawalpemilu.org#16586,"SENGKATI GEDANG, MERSAM, BATANGHARI, JAMBI",2,94,74,168
https://kawalpemilu.org#16586,"SENGKATI GEDANG, MERSAM, BATANGHARI, JAMBI",3,59,124,183
https://kawalpemilu.org#16587,"PEMATANG GADUNG, MERSAM, BATANGHARI, JAMBI",1,71,96,167
https://kawalpemilu.org#16587,"PEMATANG GADUNG, MERSAM, BATANGHARI, JAMBI",2,78,87,165
https://kawalpemilu.org#16587,"PEMATANG GADUNG, MERSAM, BATANGHARI, JAMBI",3,39,220,259
https://kawalpemilu.org#16587,"PEMATANG GADUNG, MERSAM, BATANGHARI, JAMBI",4,33,149,182
https://kawalpemilu.org#16587,"PEMATANG GADUNG, MERSAM, BATANGHARI, JAMBI",5,42,188,230
https://kawalpemilu.org#16587,"PEMATANG GADUNG, MERSAM, BATANGHARI, JAMBI",6,50,161,211
https://kawalpemilu.org#16587,"PEMATANG GADUNG, MERSAM, BATANGHARI, JAMBI",7,37,88,125
https://kawalpemilu.org#16587,"PEMATANG GADUNG, MERSAM, BATANGHARI, JAMBI",8,115,55,170
https://kawalpemilu.org#16587,"PEMATANG GADUNG, MERSAM, BATANGHARI, JAMBI",9,121,65,186
https://kawalpemilu.org#16588,"TELUK MELINTANG, MERSAM, BATANGHARI, JAMBI",1,39,75,114
https://kawalpemilu.org#16588,"TELUK MELINTANG, MERSAM, BATANGHARI, JAMBI",2,89,57,146
https://kawalpemilu.org#16589,"BUKIT HARAPAN, MERSAM, BATANGHARI, JAMBI",1,179,36,215
https://kawalpemilu.org#16589,"BUKIT HARAPAN, MERSAM, BATANGHARI, JAMBI",2,127,21,148
https://kawalpemilu.org#16589,"BUKIT HARAPAN, MERSAM, BATANGHARI, JAMBI",3,171,54,225
https://kawalpemilu.org#16589,"BUKIT HARAPAN, MERSAM, BATANGHARI, JAMBI",4,163,60,223
https://kawalpemilu.org#16589,"BUKIT HARAPAN, MERSAM, BATANGHARI, JAMBI",5,103,92,195
https://kawalpemilu.org#16589,"BUKIT HARAPAN, MERSAM, BATANGHARI, JAMBI",6,126,80,206
https://kawalpemilu.org#16589,"BUKIT HARAPAN, MERSAM, BATANGHARI, JAMBI",7,180,53,233
https://kawalpemilu.org#16590,"TAPAH SARI, MERSAM, BATANGHARI, JAMBI",1,103,60,163
https://kawalpemilu.org#16590,"TAPAH SARI, MERSAM, BATANGHARI, JAMBI",2,151,45,196
https://kawalpemilu.org#16590,"TAPAH SARI, MERSAM, BATANGHARI, JAMBI",3,95,28,123
https://kawalpemilu.org#16590,"TAPAH SARI, MERSAM, BATANGHARI, JAMBI",4,154,64,218
https://kawalpemilu.org#16590,"TAPAH SARI, MERSAM, BATANGHARI, JAMBI",5,148,34,182
https://kawalpemilu.org#16591,"BELANTI JAYA, MERSAM, BATANGHARI, JAMBI",1,166,33,199
https://kawalpemilu.org#16591,"BELANTI JAYA, MERSAM, BATANGHARI, JAMBI",2,142,78,220
https://kawalpemilu.org#16591,"BELANTI JAYA, MERSAM, BATANGHARI, JAMBI",3,134,29,163
https://kawalpemilu.org#16591,"BELANTI JAYA, MERSAM, BATANGHARI, JAMBI",4,126,45,171
https://kawalpemilu.org#16591,"BELANTI JAYA, MERSAM, BATANGHARI, JAMBI",5,85,18,103
https://kawalpemilu.org#16592,"BUKIT KEMUNING, MERSAM, BATANGHARI, JAMBI",1,103,43,146
https://kawalpemilu.org#16592,"BUKIT KEMUNING, MERSAM, BATANGHARI, JAMBI",2,117,50,167
https://kawalpemilu.org#16593,"SIMPANG RANTAU GEDANG, MERSAM, BATANGHARI, JAMBI",1,62,87,149
https://kawalpemilu.org#16593,"SIMPANG RANTAU GEDANG, MERSAM, BATANGHARI, JAMBI",2,110,78,188
https://kawalpemilu.org#16593,"SIMPANG RANTAU GEDANG, MERSAM, BATANGHARI, JAMBI",3,71,83,154
https://kawalpemilu.org#16593,"SIMPANG RANTAU GEDANG, MERSAM, BATANGHARI, JAMBI",4,99,90,189
https://kawalpemilu.org#16593,"SIMPANG RANTAU GEDANG, MERSAM, BATANGHARI, JAMBI",5,117,88,205
https://kawalpemilu.org#16593,"SIMPANG RANTAU GEDANG, MERSAM, BATANGHARI, JAMBI",6,97,76,173
https://kawalpemilu.org#16593,"SIMPANG RANTAU GEDANG, MERSAM, BATANGHARI, JAMBI",7,102,57,159
https://kawalpemilu.org#16593,"SIMPANG RANTAU GEDANG, MERSAM, BATANGHARI, JAMBI",8,103,36,139
https://kawalpemilu.org#928994,"SENGKATI MUDO, MERSAM, BATANGHARI, JAMBI",1,61,122,183
https://kawalpemilu.org#928994,"SENGKATI MUDO, MERSAM, BATANGHARI, JAMBI",2,40,140,180
https://kawalpemilu.org#928994,"SENGKATI MUDO, MERSAM, BATANGHARI, JAMBI",3,36,133,169
https://kawalpemilu.org#928994,"SENGKATI MUDO, MERSAM, BATANGHARI, JAMBI",4,46,104,150
https://kawalpemilu.org#929213,"TANJUNG PUTRA, MERSAM, BATANGHARI, JAMBI",1,66,99,165
https://kawalpemilu.org#929213,"TANJUNG PUTRA, MERSAM, BATANGHARI, JAMBI",2,121,81,202
https://kawalpemilu.org#929213,"TANJUNG PUTRA, MERSAM, BATANGHARI, JAMBI",3,111,96,207
https://kawalpemilu.org#16595,"KAMPUNG BARU, MUARA TEMBESI, BATANGHARI, JAMBI",1,36,140,176
https://kawalpemilu.org#16595,"KAMPUNG BARU, MUARA TEMBESI, BATANGHARI, JAMBI",2,78,150,228
https://kawalpemilu.org#16595,"KAMPUNG BARU, MUARA TEMBESI, BATANGHARI, JAMBI",3,36,120,156
https://kawalpemilu.org#16595,"KAMPUNG BARU, MUARA TEMBESI, BATANGHARI, JAMBI",4,68,170,238
https://kawalpemilu.org#16595,"KAMPUNG BARU, MUARA TEMBESI, BATANGHARI, JAMBI",5,36,117,153
https://kawalpemilu.org#16595,"KAMPUNG BARU, MUARA TEMBESI, BATANGHARI, JAMBI",6,65,122,187
https://kawalpemilu.org#16595,"KAMPUNG BARU, MUARA TEMBESI, BATANGHARI, JAMBI",7,47,98,145
https://kawalpemilu.org#16595,"KAMPUNG BARU, MUARA TEMBESI, BATANGHARI, JAMBI",8,69,112,181
https://kawalpemilu.org#16595,"KAMPUNG BARU, MUARA TEMBESI, BATANGHARI, JAMBI",9,84,71,155
https://kawalpemilu.org#16595,"KAMPUNG BARU, MUARA TEMBESI, BATANGHARI, JAMBI",10,98,119,217
https://kawalpemilu.org#16595,"KAMPUNG BARU, MUARA TEMBESI, BATANGHARI, JAMBI",11,67,121,188
https://kawalpemilu.org#16595,"KAMPUNG BARU, MUARA TEMBESI, BATANGHARI, JAMBI",12,61,148,209
https://kawalpemilu.org#16595,"KAMPUNG BARU, MUARA TEMBESI, BATANGHARI, JAMBI",13,109,95,204
https://kawalpemilu.org#16595,"KAMPUNG BARU, MUARA TEMBESI, BATANGHARI, JAMBI",14,102,118,220
https://kawalpemilu.org#16595,"KAMPUNG BARU, MUARA TEMBESI, BATANGHARI, JAMBI",15,64,122,186
https://kawalpemilu.org#16595,"KAMPUNG BARU, MUARA TEMBESI, BATANGHARI, JAMBI",16,89,37,126
https://kawalpemilu.org#16595,"KAMPUNG BARU, MUARA TEMBESI, BATANGHARI, JAMBI",17,80,33,113
https://kawalpemilu.org#16595,"KAMPUNG BARU, MUARA TEMBESI, BATANGHARI, JAMBI",18,139,42,181
https://kawalpemilu.org#16595,"KAMPUNG BARU, MUARA TEMBESI, BATANGHARI, JAMBI",19,98,123,221
https://kawalpemilu.org#16595,"KAMPUNG BARU, MUARA TEMBESI, BATANGHARI, JAMBI",20,97,102,199
https://kawalpemilu.org#16595,"KAMPUNG BARU, MUARA TEMBESI, BATANGHARI, JAMBI",21,117,129,246
https://kawalpemilu.org#16595,"KAMPUNG BARU, MUARA TEMBESI, BATANGHARI, JAMBI",22,68,160,228
https://kawalpemilu.org#16595,"KAMPUNG BARU, MUARA TEMBESI, BATANGHARI, JAMBI",23,91,112,203
https://kawalpemilu.org#16595,"KAMPUNG BARU, MUARA TEMBESI, BATANGHARI, JAMBI",24,84,147,231
https://kawalpemilu.org#16595,"KAMPUNG BARU, MUARA TEMBESI, BATANGHARI, JAMBI",25,86,101,187
https://kawalpemilu.org#16595,"KAMPUNG BARU, MUARA TEMBESI, BATANGHARI, JAMBI",26,104,115,219
https://kawalpemilu.org#16595,"KAMPUNG BARU, MUARA TEMBESI, BATANGHARI, JAMBI",27,70,149,219
https://kawalpemilu.org#16596,"PASAR MUARA TEMBESI, MUARA TEMBESI, BATANGHARI, JAMBI",1,54,162,216
https://kawalpemilu.org#16596,"PASAR MUARA TEMBESI, MUARA TEMBESI, BATANGHARI, JAMBI",2,66,115,180
https://kawalpemilu.org#16596,"PASAR MUARA TEMBESI, MUARA TEMBESI, BATANGHARI, JAMBI",3,45,133,2
https://kawalpemilu.org#16596,"PASAR MUARA TEMBESI, MUARA TEMBESI, BATANGHARI, JAMBI",4,46,149,195
https://kawalpemilu.org#16597,"JEBAK, MUARA TEMBESI, BATANGHARI, JAMBI",1,75,79,154
https://kawalpemilu.org#16597,"JEBAK, MUARA TEMBESI, BATANGHARI, JAMBI",2,117,101,218
https://kawalpemilu.org#16597,"JEBAK, MUARA TEMBESI, BATANGHARI, JAMBI",3,54,51,105
https://kawalpemilu.org#16597,"JEBAK, MUARA TEMBESI, BATANGHARI, JAMBI",4,102,80,182
https://kawalpemilu.org#16597,"JEBAK, MUARA TEMBESI, BATANGHARI, JAMBI",5,138,47,185
https://kawalpemilu.org#16597,"JEBAK, MUARA TEMBESI, BATANGHARI, JAMBI",6,129,24,153
https://kawalpemilu.org#16597,"JEBAK, MUARA TEMBESI, BATANGHARI, JAMBI",7,91,4,95
https://kawalpemilu.org#16598,"AMPELU, MUARA TEMBESI, BATANGHARI, JAMBI",1,61,144,205
https://kawalpemilu.org#16598,"AMPELU, MUARA TEMBESI, BATANGHARI, JAMBI",2,41,111,152
https://kawalpemilu.org#16598,"AMPELU, MUARA TEMBESI, BATANGHARI, JAMBI",3,54,106,160
https://kawalpemilu.org#16598,"AMPELU, MUARA TEMBESI, BATANGHARI, JAMBI",4,53,124,177
https://kawalpemilu.org#16598,"AMPELU, MUARA TEMBESI, BATANGHARI, JAMBI",5,78,88,166
https://kawalpemilu.org#16599,"RAMBUTAN MASAM, MUARA TEMBESI, BATANGHARI, JAMBI",1,130,118,248
https://kawalpemilu.org#16599,"RAMBUTAN MASAM, MUARA TEMBESI, BATANGHARI, JAMBI",2,118,75,193
https://kawalpemilu.org#16599,"RAMBUTAN MASAM, MUARA TEMBESI, BATANGHARI, JAMBI",3,70,92,162
https://kawalpemilu.org#16599,"RAMBUTAN MASAM, MUARA TEMBESI, BATANGHARI, JAMBI",4,99,97,196
https://kawalpemilu.org#16599,"RAMBUTAN MASAM, MUARA TEMBESI, BATANGHARI, JAMBI",5,97,83,180
https://kawalpemilu.org#16599,"RAMBUTAN MASAM, MUARA TEMBESI, BATANGHARI, JAMBI",6,121,81,202
https://kawalpemilu.org#16599,"RAMBUTAN MASAM, MUARA TEMBESI, BATANGHARI, JAMBI",7,104,106,210
https://kawalpemilu.org#16599,"RAMBUTAN MASAM, MUARA TEMBESI, BATANGHARI, JAMBI",8,81,101,182
https://kawalpemilu.org#16599,"RAMBUTAN MASAM, MUARA TEMBESI, BATANGHARI, JAMBI",9,138,115,253
https://kawalpemilu.org#16600,"RANTAU KAPAS MUDO, MUARA TEMBESI, BATANGHARI, JAMBI",1,37,154,191
https://kawalpemilu.org#16600,"RANTAU KAPAS MUDO, MUARA TEMBESI, BATANGHARI, JAMBI",2,31,145,176
https://kawalpemilu.org#16600,"RANTAU KAPAS MUDO, MUARA TEMBESI, BATANGHARI, JAMBI",3,60,145,205
https://kawalpemilu.org#16600,"RANTAU KAPAS MUDO, MUARA TEMBESI, BATANGHARI, JAMBI",4,52,110,162
https://kawalpemilu.org#16600,"RANTAU KAPAS MUDO, MUARA TEMBESI, BATANGHARI, JAMBI",5,53,116,169
https://kawalpemilu.org#16600,"RANTAU KAPAS MUDO, MUARA TEMBESI, BATANGHARI, JAMBI",6,63,110,173
https://kawalpemilu.org#16601,"RANTAU KAPAS TUO, MUARA TEMBESI, BATANGHARI, JAMBI",1,29,154,183
https://kawalpemilu.org#16601,"RANTAU KAPAS TUO, MUARA TEMBESI, BATANGHARI, JAMBI",2,26,150,176
https://kawalpemilu.org#16601,"RANTAU KAPAS TUO, MUARA TEMBESI, BATANGHARI, JAMBI",3,39,142,181
https://kawalpemilu.org#16601,"RANTAU KAPAS TUO, MUARA TEMBESI, BATANGHARI, JAMBI",4,57,155,212
https://kawalpemilu.org#16602,"SUNGAI PULAI, MUARA TEMBESI, BATANGHARI, JAMBI",1,64,130,194
https://kawalpemilu.org#16602,"SUNGAI PULAI, MUARA TEMBESI, BATANGHARI, JAMBI",2,96,96,192
https://kawalpemilu.org#16602,"SUNGAI PULAI, MUARA TEMBESI, BATANGHARI, JAMBI",3,93,92,185
https://kawalpemilu.org#16602,"SUNGAI PULAI, MUARA TEMBESI, BATANGHARI, JAMBI",4,64,108,172
https://kawalpemilu.org#16602,"SUNGAI PULAI, MUARA TEMBESI, BATANGHARI, JAMBI",5,45,127,172
https://kawalpemilu.org#16602,"SUNGAI PULAI, MUARA TEMBESI, BATANGHARI, JAMBI",6,46,101,147
https://kawalpemilu.org#16603,"PULAU, MUARA TEMBESI, BATANGHARI, JAMBI",1,172,47,219
https://kawalpemilu.org#16603,"PULAU, MUARA TEMBESI, BATANGHARI, JAMBI",2,42,155,197
https://kawalpemilu.org#16603,"PULAU, MUARA TEMBESI, BATANGHARI, JAMBI",3,67,143,210
https://kawalpemilu.org#16603,"PULAU, MUARA TEMBESI, BATANGHARI, JAMBI",4,45,159,204
https://kawalpemilu.org#16603,"PULAU, MUARA TEMBESI, BATANGHARI, JAMBI",5,104,93,197
https://kawalpemilu.org#16604,"TANJUNG MARWO, MUARA TEMBESI, BATANGHARI, JAMBI",1,50,44,94
https://kawalpemilu.org#16604,"TANJUNG MARWO, MUARA TEMBESI, BATANGHARI, JAMBI",2,104,73,177
https://kawalpemilu.org#16604,"TANJUNG MARWO, MUARA TEMBESI, BATANGHARI, JAMBI",3,148,68,216
https://kawalpemilu.org#16604,"TANJUNG MARWO, MUARA TEMBESI, BATANGHARI, JAMBI",5,138,70,208
https://kawalpemilu.org#16604,"TANJUNG MARWO, MUARA TEMBESI, BATANGHARI, JAMBI",6,164,76,240
https://kawalpemilu.org#16604,"TANJUNG MARWO, MUARA TEMBESI, BATANGHARI, JAMBI",7,122,110,232
https://kawalpemilu.org#16605,"SUKA RAMAI, MUARA TEMBESI, BATANGHARI, JAMBI",1,72,165,237
https://kawalpemilu.org#16605,"SUKA RAMAI, MUARA TEMBESI, BATANGHARI, JAMBI",2,55,110,165
https://kawalpemilu.org#16605,"SUKA RAMAI, MUARA TEMBESI, BATANGHARI, JAMBI",3,98,99,197
https://kawalpemilu.org#16605,"SUKA RAMAI, MUARA TEMBESI, BATANGHARI, JAMBI",4,60,126,186
https://kawalpemilu.org#16605,"SUKA RAMAI, MUARA TEMBESI, BATANGHARI, JAMBI",5,86,110,196
https://kawalpemilu.org#16606,"AMPELU MUDO, MUARA TEMBESI, BATANGHARI, JAMBI",1,54,117,171
https://kawalpemilu.org#16606,"AMPELU MUDO, MUARA TEMBESI, BATANGHARI, JAMBI",2,84,77,161
https://kawalpemilu.org#16606,"AMPELU MUDO, MUARA TEMBESI, BATANGHARI, JAMBI",3,118,44,162
https://kawalpemilu.org#16606,"AMPELU MUDO, MUARA TEMBESI, BATANGHARI, JAMBI",4,85,66,151
https://kawalpemilu.org#16607,"PELAYANGAN, MUARA TEMBESI, BATANGHARI, JAMBI",1,34,107,141
https://kawalpemilu.org#16607,"PELAYANGAN, MUARA TEMBESI, BATANGHARI, JAMBI",2,28,97,125
https://kawalpemilu.org#16607,"PELAYANGAN, MUARA TEMBESI, BATANGHARI, JAMBI",3,38,144,182
https://kawalpemilu.org#16607,"PELAYANGAN, MUARA TEMBESI, BATANGHARI, JAMBI",4,59,170,229
https://kawalpemilu.org#16607,"PELAYANGAN, MUARA TEMBESI, BATANGHARI, JAMBI",5,70,96,166
https://kawalpemilu.org#16607,"PELAYANGAN, MUARA TEMBESI, BATANGHARI, JAMBI",6,99,81,180
https://kawalpemilu.org#928995,"PEMATANG LIMA SUKU, MUARA TEMBESI, BATANGHARI, JAMBI",1,95,151,246
https://kawalpemilu.org#928995,"PEMATANG LIMA SUKU, MUARA TEMBESI, BATANGHARI, JAMBI",2,80,126,212
https://kawalpemilu.org#928995,"PEMATANG LIMA SUKU, MUARA TEMBESI, BATANGHARI, JAMBI",3,38,134,172
https://kawalpemilu.org#928995,"PEMATANG LIMA SUKU, MUARA TEMBESI, BATANGHARI, JAMBI",4,48,88,136
https://kawalpemilu.org#928995,"PEMATANG LIMA SUKU, MUARA TEMBESI, BATANGHARI, JAMBI",5,68,167,235
https://kawalpemilu.org#16609,"MUARA BULIAN, MUARA BULIAN, BATANGHARI, JAMBI",1,69,33,102
https://kawalpemilu.org#16609,"MUARA BULIAN, MUARA BULIAN, BATANGHARI, JAMBI",2,35,88,123
https://kawalpemilu.org#16609,"MUARA BULIAN, MUARA BULIAN, BATANGHARI, JAMBI",4,54,126,180
https://kawalpemilu.org#16609,"MUARA BULIAN, MUARA BULIAN, BATANGHARI, JAMBI",5,33,85,118
https://kawalpemilu.org#16609,"MUARA BULIAN, MUARA BULIAN, BATANGHARI, JAMBI",6,88,114,202
https://kawalpemilu.org#16609,"MUARA BULIAN, MUARA BULIAN, BATANGHARI, JAMBI",7,59,75,134
https://kawalpemilu.org#16609,"MUARA BULIAN, MUARA BULIAN, BATANGHARI, JAMBI",8,37,64,101
https://kawalpemilu.org#16609,"MUARA BULIAN, MUARA BULIAN, BATANGHARI, JAMBI",9,23,115,138
https://kawalpemilu.org#16609,"MUARA BULIAN, MUARA BULIAN, BATANGHARI, JAMBI",10,30,139,169
https://kawalpemilu.org#16609,"MUARA BULIAN, MUARA BULIAN, BATANGHARI, JAMBI",11,35,142,177
https://kawalpemilu.org#16609,"MUARA BULIAN, MUARA BULIAN, BATANGHARI, JAMBI",12,45,195,240
https://kawalpemilu.org#16609,"MUARA BULIAN, MUARA BULIAN, BATANGHARI, JAMBI",13,44,143,187
https://kawalpemilu.org#16609,"MUARA BULIAN, MUARA BULIAN, BATANGHARI, JAMBI",14,37,73,110
https://kawalpemilu.org#16609,"MUARA BULIAN, MUARA BULIAN, BATANGHARI, JAMBI",15,39,155,194
https://kawalpemilu.org#16609,"MUARA BULIAN, MUARA BULIAN, BATANGHARI, JAMBI",16,43,147,190
https://kawalpemilu.org#16609,"MUARA BULIAN, MUARA BULIAN, BATANGHARI, JAMBI",17,27,132,159
https://kawalpemilu.org#16609,"MUARA BULIAN, MUARA BULIAN, BATANGHARI, JAMBI",18,26,58,84
https://kawalpemilu.org#16609,"MUARA BULIAN, MUARA BULIAN, BATANGHARI, JAMBI",19,48,197,245
https://kawalpemilu.org#16609,"MUARA BULIAN, MUARA BULIAN, BATANGHARI, JAMBI",20,39,162,201
https://kawalpemilu.org#16609,"MUARA BULIAN, MUARA BULIAN, BATANGHARI, JAMBI",21,71,136,207
https://kawalpemilu.org#16609,"MUARA BULIAN, MUARA BULIAN, BATANGHARI, JAMBI",22,71,159,230
https://kawalpemilu.org#16609,"MUARA BULIAN, MUARA BULIAN, BATANGHARI, JAMBI",23,82,161,243
https://kawalpemilu.org#16609,"MUARA BULIAN, MUARA BULIAN, BATANGHARI, JAMBI",24,33,137,170
https://kawalpemilu.org#16609,"MUARA BULIAN, MUARA BULIAN, BATANGHARI, JAMBI",25,45,91,136
https://kawalpemilu.org#16609,"MUARA BULIAN, MUARA BULIAN, BATANGHARI, JAMBI",26,34,196,230
https://kawalpemilu.org#16609,"MUARA BULIAN, MUARA BULIAN, BATANGHARI, JAMBI",27,24,126,150
https://kawalpemilu.org#16609,"MUARA BULIAN, MUARA BULIAN, BATANGHARI, JAMBI",28,48,94,142
https://kawalpemilu.org#16609,"MUARA BULIAN, MUARA BULIAN, BATANGHARI, JAMBI",29,53,189,242
https://kawalpemilu.org#16609,"MUARA BULIAN, MUARA BULIAN, BATANGHARI, JAMBI",30,72,128,200
https://kawalpemilu.org#16609,"MUARA BULIAN, MUARA BULIAN, BATANGHARI, JAMBI",31,47,112,159
https://kawalpemilu.org#16610,"TERATAI, MUARA BULIAN, BATANGHARI, JAMBI",1,39,126,165
https://kawalpemilu.org#16610,"TERATAI, MUARA BULIAN, BATANGHARI, JAMBI",2,61,193,254
https://kawalpemilu.org#16610,"TERATAI, MUARA BULIAN, BATANGHARI, JAMBI",3,29,167,196
https://kawalpemilu.org#16610,"TERATAI, MUARA BULIAN, BATANGHARI, JAMBI",4,68,153,221
https://kawalpemilu.org#16610,"TERATAI, MUARA BULIAN, BATANGHARI, JAMBI",5,76,191,267
https://kawalpemilu.org#16610,"TERATAI, MUARA BULIAN, BATANGHARI, JAMBI",6,19,95,114
https://kawalpemilu.org#16610,"TERATAI, MUARA BULIAN, BATANGHARI, JAMBI",7,28,78,106
https://kawalpemilu.org#16610,"TERATAI, MUARA BULIAN, BATANGHARI, JAMBI",8,38,161,199
https://kawalpemilu.org#16610,"TERATAI, MUARA BULIAN, BATANGHARI, JAMBI",9,102,158,260
https://kawalpemilu.org#16610,"TERATAI, MUARA BULIAN, BATANGHARI, JAMBI",10,54,125,179
https://kawalpemilu.org#16610,"TERATAI, MUARA BULIAN, BATANGHARI, JAMBI",11,81,131,212
https://kawalpemilu.org#16610,"TERATAI, MUARA BULIAN, BATANGHARI, JAMBI",12,74,77,151
https://kawalpemilu.org#16610,"TERATAI, MUARA BULIAN, BATANGHARI, JAMBI",13,80,62,142
https://kawalpemilu.org#16610,"TERATAI, MUARA BULIAN, BATANGHARI, JAMBI",14,99,58,157
https://kawalpemilu.org#16610,"TERATAI, MUARA BULIAN, BATANGHARI, JAMBI",15,90,53,143
https://kawalpemilu.org#16610,"TERATAI, MUARA BULIAN, BATANGHARI, JAMBI",16,46,191,237
https://kawalpemilu.org#16610,"TERATAI, MUARA BULIAN, BATANGHARI, JAMBI",17,88,165,253
https://kawalpemilu.org#16610,"TERATAI, MUARA BULIAN, BATANGHARI, JAMBI",18,58,146,204
https://kawalpemilu.org#16610,"TERATAI, MUARA BULIAN, BATANGHARI, JAMBI",19,110,72,182
https://kawalpemilu.org#16610,"TERATAI, MUARA BULIAN, BATANGHARI, JAMBI",20,77,153,230
https://kawalpemilu.org#16610,"TERATAI, MUARA BULIAN, BATANGHARI, JAMBI",21,55,121,176
https://kawalpemilu.org#16610,"TERATAI, MUARA BULIAN, BATANGHARI, JAMBI",22,72,143,215
https://kawalpemilu.org#16611,"SRIDADI, MUARA BULIAN, BATANGHARI, JAMBI",1,65,118,183
https://kawalpemilu.org#16611,"SRIDADI, MUARA BULIAN, BATANGHARI, JAMBI",2,99,97,196
https://kawalpemilu.org#16611,"SRIDADI, MUARA BULIAN, BATANGHARI, JAMBI",3,125,108,233
https://kawalpemilu.org#16611,"SRIDADI, MUARA BULIAN, BATANGHARI, JAMBI",4,109,106,215
https://kawalpemilu.org#16611,"SRIDADI, MUARA BULIAN, BATANGHARI, JAMBI",5,95,90,185
https://kawalpemilu.org#16611,"SRIDADI, MUARA BULIAN, BATANGHARI, JAMBI",6,123,96,219
https://kawalpemilu.org#16611,"SRIDADI, MUARA BULIAN, BATANGHARI, JAMBI",7,105,93,198
https://kawalpemilu.org#16611,"SRIDADI, MUARA BULIAN, BATANGHARI, JAMBI",8,108,113,221
https://kawalpemilu.org#16611,"SRIDADI, MUARA BULIAN, BATANGHARI, JAMBI",9,105,128,233
https://kawalpemilu.org#16611,"SRIDADI, MUARA BULIAN, BATANGHARI, JAMBI",10,147,68,215
https://kawalpemilu.org#16611,"SRIDADI, MUARA BULIAN, BATANGHARI, JAMBI",11,125,103,228
https://kawalpemilu.org#16611,"SRIDADI, MUARA BULIAN, BATANGHARI, JAMBI",12,115,86,201
https://kawalpemilu.org#16611,"SRIDADI, MUARA BULIAN, BATANGHARI, JAMBI",13,86,103,189
https://kawalpemilu.org#16611,"SRIDADI, MUARA BULIAN, BATANGHARI, JAMBI",14,85,102,187
https://kawalpemilu.org#16611,"SRIDADI, MUARA BULIAN, BATANGHARI, JAMBI",15,144,76,220
https://kawalpemilu.org#16611,"SRIDADI, MUARA BULIAN, BATANGHARI, JAMBI",16,78,94,172
https://kawalpemilu.org#16611,"SRIDADI, MUARA BULIAN, BATANGHARI, JAMBI",17,81,45,126
https://kawalpemilu.org#16611,"SRIDADI, MUARA BULIAN, BATANGHARI, JAMBI",18,146,57,203
https://kawalpemilu.org#16612,"PASAR BARU, MUARA BULIAN, BATANGHARI, JAMBI",1,97,102,199
https://kawalpemilu.org#16612,"PASAR BARU, MUARA BULIAN, BATANGHARI, JAMBI",2,68,137,205
https://kawalpemilu.org#16612,"PASAR BARU, MUARA BULIAN, BATANGHARI, JAMBI",3,43,147,190
https://kawalpemilu.org#16612,"PASAR BARU, MUARA BULIAN, BATANGHARI, JAMBI",4,90,159,249
https://kawalpemilu.org#16612,"PASAR BARU, MUARA BULIAN, BATANGHARI, JAMBI",5,70,130,200
https://kawalpemilu.org#16612,"PASAR BARU, MUARA BULIAN, BATANGHARI, JAMBI",6,49,164,213
https://kawalpemilu.org#16612,"PASAR BARU, MUARA BULIAN, BATANGHARI, JAMBI",7,64,173,237
https://kawalpemilu.org#16612,"PASAR BARU, MUARA BULIAN, BATANGHARI, JAMBI",8,48,114,162
https://kawalpemilu.org#16612,"PASAR BARU, MUARA BULIAN, BATANGHARI, JAMBI",9,45,123,168
https://kawalpemilu.org#16613,"RENGAS CONDONG, MUARA BULIAN, BATANGHARI, JAMBI",1,78,169,247
https://kawalpemilu.org#16613,"RENGAS CONDONG, MUARA BULIAN, BATANGHARI, JAMBI",2,74,126,200
https://kawalpemilu.org#16613,"RENGAS CONDONG, MUARA BULIAN, BATANGHARI, JAMBI",3,76,205,281
https://kawalpemilu.org#16613,"RENGAS CONDONG, MUARA BULIAN, BATANGHARI, JAMBI",4,32,77,109
https://kawalpemilu.org#16613,"RENGAS CONDONG, MUARA BULIAN, BATANGHARI, JAMBI",5,76,115,191
https://kawalpemilu.org#16613,"RENGAS CONDONG, MUARA BULIAN, BATANGHARI, JAMBI",6,70,178,248
https://kawalpemilu.org#16613,"RENGAS CONDONG, MUARA BULIAN, BATANGHARI, JAMBI",7,48,158,206
https://kawalpemilu.org#16613,"RENGAS CONDONG, MUARA BULIAN, BATANGHARI, JAMBI",8,60,167,227
https://kawalpemilu.org#16613,"RENGAS CONDONG, MUARA BULIAN, BATANGHARI, JAMBI",9,67,163,230
https://kawalpemilu.org#16613,"RENGAS CONDONG, MUARA BULIAN, BATANGHARI, JAMBI",10,29,91,120
https://kawalpemilu.org#16613,"RENGAS CONDONG, MUARA BULIAN, BATANGHARI, JAMBI",11,20,160,180
https://kawalpemilu.org#16613,"RENGAS CONDONG, MUARA BULIAN, BATANGHARI, JAMBI",12,65,110,175
https://kawalpemilu.org#16613,"RENGAS CONDONG, MUARA BULIAN, BATANGHARI, JAMBI",13,56,100,156
https://kawalpemilu.org#16613,"RENGAS CONDONG, MUARA BULIAN, BATANGHARI, JAMBI",14,66,166,232
https://kawalpemilu.org#16613,"RENGAS CONDONG, MUARA BULIAN, BATANGHARI, JAMBI",15,26,76,102
https://kawalpemilu.org#16613,"RENGAS CONDONG, MUARA BULIAN, BATANGHARI, JAMBI",16,67,139,206
https://kawalpemilu.org#16613,"RENGAS CONDONG, MUARA BULIAN, BATANGHARI, JAMBI",17,66,141,207
https://kawalpemilu.org#16613,"RENGAS CONDONG, MUARA BULIAN, BATANGHARI, JAMBI",18,23,77,100
https://kawalpemilu.org#16613,"RENGAS CONDONG, MUARA BULIAN, BATANGHARI, JAMBI",19,53,162,215
https://kawalpemilu.org#16613,"RENGAS CONDONG, MUARA BULIAN, BATANGHARI, JAMBI",20,45,93,138
https://kawalpemilu.org#16613,"RENGAS CONDONG, MUARA BULIAN, BATANGHARI, JAMBI",21,96,112,208
https://kawalpemilu.org#16613,"RENGAS CONDONG, MUARA BULIAN, BATANGHARI, JAMBI",22,53,150,203
https://kawalpemilu.org#16613,"RENGAS CONDONG, MUARA BULIAN, BATANGHARI, JAMBI",23,18,48,66
https://kawalpemilu.org#16613,"RENGAS CONDONG, MUARA BULIAN, BATANGHARI, JAMBI",24,47,112,159
https://kawalpemilu.org#16613,"RENGAS CONDONG, MUARA BULIAN, BATANGHARI, JAMBI",25,70,120,190
https://kawalpemilu.org#16613,"RENGAS CONDONG, MUARA BULIAN, BATANGHARI, JAMBI",26,47,87,134
https://kawalpemilu.org#16613,"RENGAS CONDONG, MUARA BULIAN, BATANGHARI, JAMBI",27,100,120,220
https://kawalpemilu.org#16613,"RENGAS CONDONG, MUARA BULIAN, BATANGHARI, JAMBI",28,43,75,118
https://kawalpemilu.org#16613,"RENGAS CONDONG, MUARA BULIAN, BATANGHARI, JAMBI",29,40,145,185
https://kawalpemilu.org#16613,"RENGAS CONDONG, MUARA BULIAN, BATANGHARI, JAMBI",30,47,136,183
https://kawalpemilu.org#16613,"RENGAS CONDONG, MUARA BULIAN, BATANGHARI, JAMBI",31,47,129,176
https://kawalpemilu.org#16614,"PASAR TERUSAN, MUARA BULIAN, BATANGHARI, JAMBI",1,94,81,175
https://kawalpemilu.org#16614,"PASAR TERUSAN, MUARA BULIAN, BATANGHARI, JAMBI",2,52,201,253
https://kawalpemilu.org#16614,"PASAR TERUSAN, MUARA BULIAN, BATANGHARI, JAMBI",3,64,175,239
https://kawalpemilu.org#16614,"PASAR TERUSAN, MUARA BULIAN, BATANGHARI, JAMBI",4,34,155,189
https://kawalpemilu.org#16614,"PASAR TERUSAN, MUARA BULIAN, BATANGHARI, JAMBI",5,33,136,169
https://kawalpemilu.org#16614,"PASAR TERUSAN, MUARA BULIAN, BATANGHARI, JAMBI",6,37,146,183
https://kawalpemilu.org#16614,"PASAR TERUSAN, MUARA BULIAN, BATANGHARI, JAMBI",7,79,161,240
https://kawalpemilu.org#16614,"PASAR TERUSAN, MUARA BULIAN, BATANGHARI, JAMBI",8,62,104,166
https://kawalpemilu.org#16614,"PASAR TERUSAN, MUARA BULIAN, BATANGHARI, JAMBI",9,56,151,207
https://kawalpemilu.org#16614,"PASAR TERUSAN, MUARA BULIAN, BATANGHARI, JAMBI",10,98,83,181
https://kawalpemilu.org#16615,"SIMPANG TERUSAN, MUARA BULIAN, BATANGHARI, JAMBI",1,101,57,158
https://kawalpemilu.org#16615,"SIMPANG TERUSAN, MUARA BULIAN, BATANGHARI, JAMBI",2,93,161,254
https://kawalpemilu.org#16615,"SIMPANG TERUSAN, MUARA BULIAN, BATANGHARI, JAMBI",3,80,90,170
https://kawalpemilu.org#16615,"SIMPANG TERUSAN, MUARA BULIAN, BATANGHARI, JAMBI",4,88,96,184
https://kawalpemilu.org#16615,"SIMPANG TERUSAN, MUARA BULIAN, BATANGHARI, JAMBI",5,116,82,198
https://kawalpemilu.org#16615,"SIMPANG TERUSAN, MUARA BULIAN, BATANGHARI, JAMBI",6,97,37,134
https://kawalpemilu.org#16615,"SIMPANG TERUSAN, MUARA BULIAN, BATANGHARI, JAMBI",7,113,30,143
https://kawalpemilu.org#16615,"SIMPANG TERUSAN, MUARA BULIAN, BATANGHARI, JAMBI",8,140,99,239
https://kawalpemilu.org#16616,"MALAPARI, MUARA BULIAN, BATANGHARI, JAMBI",1,14,193,207
https://kawalpemilu.org#16616,"MALAPARI, MUARA BULIAN, BATANGHARI, JAMBI",2,18,188,206
https://kawalpemilu.org#16616,"MALAPARI, MUARA BULIAN, BATANGHARI, JAMBI",3,12,110,122
https://kawalpemilu.org#16616,"MALAPARI, MUARA BULIAN, BATANGHARI, JAMBI",4,5,140,145
https://kawalpemilu.org#16616,"MALAPARI, MUARA BULIAN, BATANGHARI, JAMBI",5,22,164,186
https://kawalpemilu.org#16616,"MALAPARI, MUARA BULIAN, BATANGHARI, JAMBI",6,14,173,187
https://kawalpemilu.org#16616,"MALAPARI, MUARA BULIAN, BATANGHARI, JAMBI",7,8,131,139
https://kawalpemilu.org#16616,"MALAPARI, MUARA BULIAN, BATANGHARI, JAMBI",8,56,131,187
https://kawalpemilu.org#16617,"NAPAL SISIK, MUARA BULIAN, BATANGHARI, JAMBI",1,31,134,165
https://kawalpemilu.org#16617,"NAPAL SISIK, MUARA BULIAN, BATANGHARI, JAMBI",2,18,175,193
https://kawalpemilu.org#16617,"NAPAL SISIK, MUARA BULIAN, BATANGHARI, JAMBI",3,40,86,126
https://kawalpemilu.org#16618,"RAMBAHAN, MUARA BULIAN, BATANGHARI, JAMBI",1,66,85,151
https://kawalpemilu.org#16618,"RAMBAHAN, MUARA BULIAN, BATANGHARI, JAMBI",2,67,114,181
https://kawalpemilu.org#16618,"RAMBAHAN, MUARA BULIAN, BATANGHARI, JAMBI",3,80,51,131
https://kawalpemilu.org#16618,"RAMBAHAN, MUARA BULIAN, BATANGHARI, JAMBI",4,112,20,132
https://kawalpemilu.org#16619,"OLAK, MUARA BULIAN, BATANGHARI, JAMBI",1,36,127,165
https://kawalpemilu.org#16619,"OLAK, MUARA BULIAN, BATANGHARI, JAMBI",2,49,111,160
https://kawalpemilu.org#16619,"OLAK, MUARA BULIAN, BATANGHARI, JAMBI",3,52,148,200
https://kawalpemilu.org#16619,"OLAK, MUARA BULIAN, BATANGHARI, JAMBI",4,46,134,180
https://kawalpemilu.org#16620,"MUARO SINGOAN, MUARA BULIAN, BATANGHARI, JAMBI",1,25,127,152
https://kawalpemilu.org#16620,"MUARO SINGOAN, MUARA BULIAN, BATANGHARI, JAMBI",2,42,115,157
https://kawalpemilu.org#16620,"MUARO SINGOAN, MUARA BULIAN, BATANGHARI, JAMBI",3,19,144,163
https://kawalpemilu.org#16620,"MUARO SINGOAN, MUARA BULIAN, BATANGHARI, JAMBI",4,31,123,154
https://kawalpemilu.org#16620,"MUARO SINGOAN, MUARA BULIAN, BATANGHARI, JAMBI",5,42,115,157
https://kawalpemilu.org#16621,"ARO, MUARA BULIAN, BATANGHARI, JAMBI",1,42,142,184
https://kawalpemilu.org#16621,"ARO, MUARA BULIAN, BATANGHARI, JAMBI",2,28,166,194
https://kawalpemilu.org#16621,"ARO, MUARA BULIAN, BATANGHARI, JAMBI",3,48,166,214
https://kawalpemilu.org#16621,"ARO, MUARA BULIAN, BATANGHARI, JAMBI",4,53,155,208
https://kawalpemilu.org#16621,"ARO, MUARA BULIAN, BATANGHARI, JAMBI",5,126,55,181
https://kawalpemilu.org#16622,"RANTAU PURI, MUARA BULIAN, BATANGHARI, JAMBI",1,30,155,185
https://kawalpemilu.org#16622,"RANTAU PURI, MUARA BULIAN, BATANGHARI, JAMBI",2,56,113,169
https://kawalpemilu.org#16622,"RANTAU PURI, MUARA BULIAN, BATANGHARI, JAMBI",3,19,138,157
https://kawalpemilu.org#16622,"RANTAU PURI, MUARA BULIAN, BATANGHARI, JAMBI",4,15,111,126
https://kawalpemilu.org#16622,"RANTAU PURI, MUARA BULIAN, BATANGHARI, JAMBI",5,34,149,183
https://kawalpemilu.org#16622,"RANTAU PURI, MUARA BULIAN, BATANGHARI, JAMBI",6,88,116,204
https://kawalpemilu.org#16623,"SUNGAI BAUNG, MUARA BULIAN, BATANGHARI, JAMBI",1,40,117,157
https://kawalpemilu.org#16623,"SUNGAI BAUNG, MUARA BULIAN, BATANGHARI, JAMBI",2,48,134,182
https://kawalpemilu.org#16623,"SUNGAI BAUNG, MUARA BULIAN, BATANGHARI, JAMBI",3,27,111,138
https://kawalpemilu.org#16623,"SUNGAI BAUNG, MUARA BULIAN, BATANGHARI, JAMBI",4,54,157,211
https://kawalpemilu.org#16623,"SUNGAI BAUNG, MUARA BULIAN, BATANGHARI, JAMBI",5,57,155,212
https://kawalpemilu.org#16623,"SUNGAI BAUNG, MUARA BULIAN, BATANGHARI, JAMBI",6,87,175,262
https://kawalpemilu.org#16623,"SUNGAI BAUNG, MUARA BULIAN, BATANGHARI, JAMBI",7,80,164,244
https://kawalpemilu.org#16623,"SUNGAI BAUNG, MUARA BULIAN, BATANGHARI, JAMBI",8,66,144,210
https://kawalpemilu.org#16624,"BAJUBANG LAUT, MUARA BULIAN, BATANGHARI, JAMBI",1,25,149,174
https://kawalpemilu.org#16624,"BAJUBANG LAUT, MUARA BULIAN, BATANGHARI, JAMBI",2,34,187,221
https://kawalpemilu.org#16624,"BAJUBANG LAUT, MUARA BULIAN, BATANGHARI, JAMBI",3,35,161,196
https://kawalpemilu.org#16624,"BAJUBANG LAUT, MUARA BULIAN, BATANGHARI, JAMBI",4,37,114,151
https://kawalpemilu.org#16624,"BAJUBANG LAUT, MUARA BULIAN, BATANGHARI, JAMBI",5,68,135,203
https://kawalpemilu.org#16625,"SINGKAWANG, MUARA BULIAN, BATANGHARI, JAMBI",1,101,96,197
https://kawalpemilu.org#16625,"SINGKAWANG, MUARA BULIAN, BATANGHARI, JAMBI",2,93,128,221
https://kawalpemilu.org#16625,"SINGKAWANG, MUARA BULIAN, BATANGHARI, JAMBI",3,109,58,167
https://kawalpemilu.org#16625,"SINGKAWANG, MUARA BULIAN, BATANGHARI, JAMBI",4,122,47,169
https://kawalpemilu.org#16626,"TENAM, MUARA BULIAN, BATANGHARI, JAMBI",1,65,109,174
https://kawalpemilu.org#16626,"TENAM, MUARA BULIAN, BATANGHARI, JAMBI",2,55,119,174
https://kawalpemilu.org#16626,"TENAM, MUARA BULIAN, BATANGHARI, JAMBI",3,58,91,149
https://kawalpemilu.org#16626,"TENAM, MUARA BULIAN, BATANGHARI, JAMBI",4,73,125,198
https://kawalpemilu.org#16626,"TENAM, MUARA BULIAN, BATANGHARI, JAMBI",5,0,0,0
https://kawalpemilu.org#16626,"TENAM, MUARA BULIAN, BATANGHARI, JAMBI",6,54,130,184
https://kawalpemilu.org#16626,"TENAM, MUARA BULIAN, BATANGHARI, JAMBI",7,39,161,200
https://kawalpemilu.org#16626,"TENAM, MUARA BULIAN, BATANGHARI, JAMBI",8,68,75,143
https://kawalpemilu.org#16627,"SUNGAI BULUH, MUARA BULIAN, BATANGHARI, JAMBI",1,95,87,182
https://kawalpemilu.org#16627,"SUNGAI BULUH, MUARA BULIAN, BATANGHARI, JAMBI",2,105,64,169
https://kawalpemilu.org#16627,"SUNGAI BULUH, MUARA BULIAN, BATANGHARI, JAMBI",3,89,82,171
https://kawalpemilu.org#16627,"SUNGAI BULUH, MUARA BULIAN, BATANGHARI, JAMBI",4,96,99,195
https://kawalpemilu.org#16627,"SUNGAI BULUH, MUARA BULIAN, BATANGHARI, JAMBI",5,60,124,184
https://kawalpemilu.org#16627,"SUNGAI BULUH, MUARA BULIAN, BATANGHARI, JAMBI",6,13,87,100
https://kawalpemilu.org#16627,"SUNGAI BULUH, MUARA BULIAN, BATANGHARI, JAMBI",7,53,114,167
https://kawalpemilu.org#16627,"SUNGAI BULUH, MUARA BULIAN, BATANGHARI, JAMBI",8,68,102,170
https://kawalpemilu.org#16627,"SUNGAI BULUH, MUARA BULIAN, BATANGHARI, JAMBI",9,76,96,172
https://kawalpemilu.org#16627,"SUNGAI BULUH, MUARA BULIAN, BATANGHARI, JAMBI",10,128,29,157
https://kawalpemilu.org#16627,"SUNGAI BULUH, MUARA BULIAN, BATANGHARI, JAMBI",11,99,50,149
https://kawalpemilu.org#16628,"KILANGAN, MUARA BULIAN, BATANGHARI, JAMBI",1,58,72,130
https://kawalpemilu.org#16628,"KILANGAN, MUARA BULIAN, BATANGHARI, JAMBI",2,133,67,200
https://kawalpemilu.org#16628,"KILANGAN, MUARA BULIAN, BATANGHARI, JAMBI",3,109,45,154
https://kawalpemilu.org#16628,"KILANGAN, MUARA BULIAN, BATANGHARI, JAMBI",4,124,52,176
https://kawalpemilu.org#16628,"KILANGAN, MUARA BULIAN, BATANGHARI, JAMBI",5,146,51,197
https://kawalpemilu.org#16628,"KILANGAN, MUARA BULIAN, BATANGHARI, JAMBI",6,80,41,121
https://kawalpemilu.org#16628,"KILANGAN, MUARA BULIAN, BATANGHARI, JAMBI",7,73,71,144
https://kawalpemilu.org#928996,"PELAYANGAN, MUARA BULIAN, BATANGHARI, JAMBI",1,52,64,116
https://kawalpemilu.org#928996,"PELAYANGAN, MUARA BULIAN, BATANGHARI, JAMBI",2,61,79,140
https://kawalpemilu.org#928996,"PELAYANGAN, MUARA BULIAN, BATANGHARI, JAMBI",3,38,90,128
https://kawalpemilu.org#16630,"DURIAN LUNCUK, BATIN XXIV, BATANGHARI, JAMBI",1,42,195,237
https://kawalpemilu.org#16630,"DURIAN LUNCUK, BATIN XXIV, BATANGHARI, JAMBI",2,22,130,152
https://kawalpemilu.org#16630,"DURIAN LUNCUK, BATIN XXIV, BATANGHARI, JAMBI",3,45,166,211
https://kawalpemilu.org#16630,"DURIAN LUNCUK, BATIN XXIV, BATANGHARI, JAMBI",4,48,103,151
https://kawalpemilu.org#16630,"DURIAN LUNCUK, BATIN XXIV, BATANGHARI, JAMBI",5,72,90,162
https://kawalpemilu.org#16630,"DURIAN LUNCUK, BATIN XXIV, BATANGHARI, JAMBI",6,65,159,224
https://kawalpemilu.org#16630,"DURIAN LUNCUK, BATIN XXIV, BATANGHARI, JAMBI",7,80,130,210
https://kawalpemilu.org#16630,"DURIAN LUNCUK, BATIN XXIV, BATANGHARI, JAMBI",8,48,98,146
https://kawalpemilu.org#16630,"DURIAN LUNCUK, BATIN XXIV, BATANGHARI, JAMBI",9,77,63,140
https://kawalpemilu.org#16630,"DURIAN LUNCUK, BATIN XXIV, BATANGHARI, JAMBI",10,71,91,162
https://kawalpemilu.org#16631,"MUARA JANGGA, BATIN XXIV, BATANGHARI, JAMBI",1,92,118,210
https://kawalpemilu.org#16631,"MUARA JANGGA, BATIN XXIV, BATANGHARI, JAMBI",2,99,116,215
https://kawalpemilu.org#16631,"MUARA JANGGA, BATIN XXIV, BATANGHARI, JAMBI",3,50,116,166
https://kawalpemilu.org#16631,"MUARA JANGGA, BATIN XXIV, BATANGHARI, JAMBI",4,184,184,184
https://kawalpemilu.org#16631,"MUARA JANGGA, BATIN XXIV, BATANGHARI, JAMBI",5,74,124,198
https://kawalpemilu.org#16631,"MUARA JANGGA, BATIN XXIV, BATANGHARI, JAMBI",6,81,66,147
https://kawalpemilu.org#16631,"MUARA JANGGA, BATIN XXIV, BATANGHARI, JAMBI",7,99,88,187
https://kawalpemilu.org#16632,"JELUTIH, BATIN XXIV, BATANGHARI, JAMBI",1,87,81,168
https://kawalpemilu.org#16632,"JELUTIH, BATIN XXIV, BATANGHARI, JAMBI",2,47,98,145
https://kawalpemilu.org#16632,"JELUTIH, BATIN XXIV, BATANGHARI, JAMBI",3,42,132,174
https://kawalpemilu.org#16632,"JELUTIH, BATIN XXIV, BATANGHARI, JAMBI",4,71,141,212
https://kawalpemilu.org#16632,"JELUTIH, BATIN XXIV, BATANGHARI, JAMBI",5,65,115,180
https://kawalpemilu.org#16632,"JELUTIH, BATIN XXIV, BATANGHARI, JAMBI",6,38,101,139
https://kawalpemilu.org#16632,"JELUTIH, BATIN XXIV, BATANGHARI, JAMBI",7,35,150,185
https://kawalpemilu.org#16632,"JELUTIH, BATIN XXIV, BATANGHARI, JAMBI",8,31,167,198
https://kawalpemilu.org#16632,"JELUTIH, BATIN XXIV, BATANGHARI, JAMBI",9,35,103,138
https://kawalpemilu.org#16632,"JELUTIH, BATIN XXIV, BATANGHARI, JAMBI",10,51,85,136
https://kawalpemilu.org#16632,"JELUTIH, BATIN XXIV, BATANGHARI, JAMBI",11,34,109,143
https://kawalpemilu.org#16633,"OLAK BESAR, BATIN XXIV, BATANGHARI, JAMBI",1,57,96,153
https://kawalpemilu.org#16633,"OLAK BESAR, BATIN XXIV, BATANGHARI, JAMBI",3,46,85,131
https://kawalpemilu.org#16634,"AUR GADING, BATIN XXIV, BATANGHARI, JAMBI",1,74,99,173
https://kawalpemilu.org#16634,"AUR GADING, BATIN XXIV, BATANGHARI, JAMBI",2,90,113,203
https://kawalpemilu.org#16634,"AUR GADING, BATIN XXIV, BATANGHARI, JAMBI",3,129,67,196
https://kawalpemilu.org#16635,"PAKU AJI, BATIN XXIV, BATANGHARI, JAMBI",1,39,154,193
https://kawalpemilu.org#16635,"PAKU AJI, BATIN XXIV, BATANGHARI, JAMBI",2,29,146,175
https://kawalpemilu.org#16636,"HAJRAN, BATIN XXIV, BATANGHARI, JAMBI",1,87,114,201
https://kawalpemilu.org#16636,"HAJRAN, BATIN XXIV, BATANGHARI, JAMBI",2,109,81,190
https://kawalpemilu.org#16636,"HAJRAN, BATIN XXIV, BATANGHARI, JAMBI",3,112,23,135
https://kawalpemilu.org#16637,"MATA GUAL, BATIN XXIV, BATANGHARI, JAMBI",1,50,83,133
https://kawalpemilu.org#16637,"MATA GUAL, BATIN XXIV, BATANGHARI, JAMBI",2,49,87,136
https://kawalpemilu.org#16637,"MATA GUAL, BATIN XXIV, BATANGHARI, JAMBI",3,81,83,164
https://kawalpemilu.org#16637,"MATA GUAL, BATIN XXIV, BATANGHARI, JAMBI",4,122,45,167
https://kawalpemilu.org#16638,"JANGGA, BATIN XXIV, BATANGHARI, JAMBI",1,45,67,112
https://kawalpemilu.org#16638,"JANGGA, BATIN XXIV, BATANGHARI, JAMBI",2,136,22,158
https://kawalpemilu.org#16638,"JANGGA, BATIN XXIV, BATANGHARI, JAMBI",3,182,16,198
https://kawalpemilu.org#16638,"JANGGA, BATIN XXIV, BATANGHARI, JAMBI",4,79,106,185
https://kawalpemilu.org#16638,"JANGGA, BATIN XXIV, BATANGHARI, JAMBI",5,150,13,163
https://kawalpemilu.org#16639,"KOTO BOYO, BATIN XXIV, BATANGHARI, JAMBI",1,75,109,184
https://kawalpemilu.org#16639,"KOTO BOYO, BATIN XXIV, BATANGHARI, JAMBI",2,77,92,169
https://kawalpemilu.org#16639,"KOTO BOYO, BATIN XXIV, BATANGHARI, JAMBI",3,108,88,196
https://kawalpemilu.org#16639,"KOTO BOYO, BATIN XXIV, BATANGHARI, JAMBI",4,107,43,150
https://kawalpemilu.org#16640,"SIMPANG KARMEO, BATIN XXIV, BATANGHARI, JAMBI",1,114,88,202
https://kawalpemilu.org#16640,"SIMPANG KARMEO, BATIN XXIV, BATANGHARI, JAMBI",2,74,117,191
https://kawalpemilu.org#16640,"SIMPANG KARMEO, BATIN XXIV, BATANGHARI, JAMBI",3,77,78,155
https://kawalpemilu.org#16640,"SIMPANG KARMEO, BATIN XXIV, BATANGHARI, JAMBI",4,89,116,205
https://kawalpemilu.org#16640,"SIMPANG KARMEO, BATIN XXIV, BATANGHARI, JAMBI",5,147,107,254
https://kawalpemilu.org#16640,"SIMPANG KARMEO, BATIN XXIV, BATANGHARI, JAMBI",6,89,34,123
https://kawalpemilu.org#16641,"KARMEO, BATIN XXIV, BATANGHARI, JAMBI",1,75,162,237
https://kawalpemilu.org#16641,"KARMEO, BATIN XXIV, BATANGHARI, JAMBI",2,80,104,184
https://kawalpemilu.org#16641,"KARMEO, BATIN XXIV, BATANGHARI, JAMBI",3,91,99,190
https://kawalpemilu.org#16641,"KARMEO, BATIN XXIV, BATANGHARI, JAMBI",4,70,106,176
https://kawalpemilu.org#16641,"KARMEO, BATIN XXIV, BATANGHARI, JAMBI",5,125,74,199
https://kawalpemilu.org#16641,"KARMEO, BATIN XXIV, BATANGHARI, JAMBI",6,102,97,199
https://kawalpemilu.org#16642,"JANGGA BARU, BATIN XXIV, BATANGHARI, JAMBI",1,98,63,161
https://kawalpemilu.org#16642,"JANGGA BARU, BATIN XXIV, BATANGHARI, JAMBI",2,103,80,183
https://kawalpemilu.org#16642,"JANGGA BARU, BATIN XXIV, BATANGHARI, JAMBI",3,105,44,149
https://kawalpemilu.org#16642,"JANGGA BARU, BATIN XXIV, BATANGHARI, JAMBI",4,112,78,190
https://kawalpemilu.org#16642,"JANGGA BARU, BATIN XXIV, BATANGHARI, JAMBI",5,129,83,212
https://kawalpemilu.org#16642,"JANGGA BARU, BATIN XXIV, BATANGHARI, JAMBI",6,115,101,216
https://kawalpemilu.org#16642,"JANGGA BARU, BATIN XXIV, BATANGHARI, JAMBI",7,115,97,212
https://kawalpemilu.org#16642,"JANGGA BARU, BATIN XXIV, BATANGHARI, JAMBI",8,126,86,212
https://kawalpemilu.org#16642,"JANGGA BARU, BATIN XXIV, BATANGHARI, JAMBI",9,95,115,210
https://kawalpemilu.org#16642,"JANGGA BARU, BATIN XXIV, BATANGHARI, JAMBI",10,93,108,201
https://kawalpemilu.org#16643,"TERENTANG BARU, BATIN XXIV, BATANGHARI, JAMBI",1,153,29,182
https://kawalpemilu.org#16643,"TERENTANG BARU, BATIN XXIV, BATANGHARI, JAMBI",2,111,71,182
https://kawalpemilu.org#16643,"TERENTANG BARU, BATIN XXIV, BATANGHARI, JAMBI",3,142,50,192
https://kawalpemilu.org#16643,"TERENTANG BARU, BATIN XXIV, BATANGHARI, JAMBI",4,122,44,166
https://kawalpemilu.org#16643,"TERENTANG BARU, BATIN XXIV, BATANGHARI, JAMBI",5,123,55,178
https://kawalpemilu.org#16643,"TERENTANG BARU, BATIN XXIV, BATANGHARI, JAMBI",6,77,47,124
https://kawalpemilu.org#16643,"TERENTANG BARU, BATIN XXIV, BATANGHARI, JAMBI",7,129,66,195
https://kawalpemilu.org#16643,"TERENTANG BARU, BATIN XXIV, BATANGHARI, JAMBI",8,138,49,187
https://kawalpemilu.org#16643,"TERENTANG BARU, BATIN XXIV, BATANGHARI, JAMBI",9,82,66,148
https://kawalpemilu.org#16645,"BULIAN BARU, BATIN XXIV, BATANGHARI, JAMBI",1,104,82,186
https://kawalpemilu.org#16645,"BULIAN BARU, BATIN XXIV, BATANGHARI, JAMBI",2,104,116,220
https://kawalpemilu.org#16645,"BULIAN BARU, BATIN XXIV, BATANGHARI, JAMBI",3,152,62,204
https://kawalpemilu.org#16645,"BULIAN BARU, BATIN XXIV, BATANGHARI, JAMBI",4,138,73,211
https://kawalpemilu.org#16645,"BULIAN BARU, BATIN XXIV, BATANGHARI, JAMBI",5,88,108,196
https://kawalpemilu.org#16645,"BULIAN BARU, BATIN XXIV, BATANGHARI, JAMBI",6,80,65,145
https://kawalpemilu.org#16645,"BULIAN BARU, BATIN XXIV, BATANGHARI, JAMBI",7,52,100,152
https://kawalpemilu.org#16646,"SIMPANG JELUTIH, BATIN XXIV, BATANGHARI, JAMBI",1,83,132,215
https://kawalpemilu.org#16646,"SIMPANG JELUTIH, BATIN XXIV, BATANGHARI, JAMBI",2,112,55,167
https://kawalpemilu.org#16646,"SIMPANG JELUTIH, BATIN XXIV, BATANGHARI, JAMBI",3,106,43,149
https://kawalpemilu.org#16646,"SIMPANG JELUTIH, BATIN XXIV, BATANGHARI, JAMBI",4,71,39,110
https://kawalpemilu.org#928997,"SIMPANG AUR GADING, BATIN XXIV, BATANGHARI, JAMBI",1,56,154,210
https://kawalpemilu.org#928997,"SIMPANG AUR GADING, BATIN XXIV, BATANGHARI, JAMBI",2,37,121,158
https://kawalpemilu.org#928997,"SIMPANG AUR GADING, BATIN XXIV, BATANGHARI, JAMBI",3,60,129,189
https://kawalpemilu.org#16648,"JEMBATAN MAS, PEMAYUNG, BATANGHARI, JAMBI",1,57,130,187
https://kawalpemilu.org#16648,"JEMBATAN MAS, PEMAYUNG, BATANGHARI, JAMBI",2,102,131,233
https://kawalpemilu.org#16648,"JEMBATAN MAS, PEMAYUNG, BATANGHARI, JAMBI",3,72,157,229
https://kawalpemilu.org#16648,"JEMBATAN MAS, PEMAYUNG, BATANGHARI, JAMBI",4,85,135,220
https://kawalpemilu.org#16648,"JEMBATAN MAS, PEMAYUNG, BATANGHARI, JAMBI",5,74,167,241
https://kawalpemilu.org#16648,"JEMBATAN MAS, PEMAYUNG, BATANGHARI, JAMBI",6,72,168,240
https://kawalpemilu.org#16648,"JEMBATAN MAS, PEMAYUNG, BATANGHARI, JAMBI",7,147,102,249
https://kawalpemilu.org#16648,"JEMBATAN MAS, PEMAYUNG, BATANGHARI, JAMBI",8,109,79,188
https://kawalpemilu.org#16648,"JEMBATAN MAS, PEMAYUNG, BATANGHARI, JAMBI",9,138,86,224
https://kawalpemilu.org#16648,"JEMBATAN MAS, PEMAYUNG, BATANGHARI, JAMBI",10,95,68,163
https://kawalpemilu.org#16648,"JEMBATAN MAS, PEMAYUNG, BATANGHARI, JAMBI",11,98,39,137
https://kawalpemilu.org#16649,"TEBING TINGGI, PEMAYUNG, BATANGHARI, JAMBI",1,28,164,192
https://kawalpemilu.org#16649,"TEBING TINGGI, PEMAYUNG, BATANGHARI, JAMBI",2,28,125,153
https://kawalpemilu.org#16649,"TEBING TINGGI, PEMAYUNG, BATANGHARI, JAMBI",3,100,100,200
https://kawalpemilu.org#16649,"TEBING TINGGI, PEMAYUNG, BATANGHARI, JAMBI",4,127,120,247
https://kawalpemilu.org#16649,"TEBING TINGGI, PEMAYUNG, BATANGHARI, JAMBI",5,52,31,83
https://kawalpemilu.org#16649,"TEBING TINGGI, PEMAYUNG, BATANGHARI, JAMBI",6,54,189,243
https://kawalpemilu.org#16649,"TEBING TINGGI, PEMAYUNG, BATANGHARI, JAMBI",7,80,173,253
https://kawalpemilu.org#16649,"TEBING TINGGI, PEMAYUNG, BATANGHARI, JAMBI",8,76,84,160
https://kawalpemilu.org#16650,"SERASAH, PEMAYUNG, BATANGHARI, JAMBI",1,60,161,221
https://kawalpemilu.org#16650,"SERASAH, PEMAYUNG, BATANGHARI, JAMBI",2,36,122,158
https://kawalpemilu.org#16650,"SERASAH, PEMAYUNG, BATANGHARI, JAMBI",3,173,84,257
https://kawalpemilu.org#16650,"SERASAH, PEMAYUNG, BATANGHARI, JAMBI",4,89,92,181
https://kawalpemilu.org#16650,"SERASAH, PEMAYUNG, BATANGHARI, JAMBI",5,49,84,133
https://kawalpemilu.org#16651,"LUBUK RUSO, PEMAYUNG, BATANGHARI, JAMBI",1,101,117,218
https://kawalpemilu.org#16651,"LUBUK RUSO, PEMAYUNG, BATANGHARI, JAMBI",2,95,110,205
https://kawalpemilu.org#16651,"LUBUK RUSO, PEMAYUNG, BATANGHARI, JAMBI",3,82,100,182
https://kawalpemilu.org#16651,"LUBUK RUSO, PEMAYUNG, BATANGHARI, JAMBI",4,63,68,131
https://kawalpemilu.org#16651,"LUBUK RUSO, PEMAYUNG, BATANGHARI, JAMBI",5,81,68,149
https://kawalpemilu.org#16651,"LUBUK RUSO, PEMAYUNG, BATANGHARI, JAMBI",6,51,52,103
https://kawalpemilu.org#16651,"LUBUK RUSO, PEMAYUNG, BATANGHARI, JAMBI",7,100,82,182
https://kawalpemilu.org#16651,"LUBUK RUSO, PEMAYUNG, BATANGHARI, JAMBI",8,132,55,187
https://kawalpemilu.org#16652,"KUAP, PEMAYUNG, BATANGHARI, JAMBI",1,66,152,218
https://kawalpemilu.org#16652,"KUAP, PEMAYUNG, BATANGHARI, JAMBI",2,81,110,191
https://kawalpemilu.org#16652,"KUAP, PEMAYUNG, BATANGHARI, JAMBI",3,81,63,144
https://kawalpemilu.org#16652,"KUAP, PEMAYUNG, BATANGHARI, JAMBI",4,100,15,115
https://kawalpemilu.org#16652,"KUAP, PEMAYUNG, BATANGHARI, JAMBI",5,75,21,96
https://kawalpemilu.org#16653,"SENANING, PEMAYUNG, BATANGHARI, JAMBI",1,88,34,122
https://kawalpemilu.org#16653,"SENANING, PEMAYUNG, BATANGHARI, JAMBI",2,114,81,195
https://kawalpemilu.org#16653,"SENANING, PEMAYUNG, BATANGHARI, JAMBI",3,150,79,229
https://kawalpemilu.org#16654,"KUBU KANDANG, PEMAYUNG, BATANGHARI, JAMBI",1,46,76,122
https://kawalpemilu.org#16654,"KUBU KANDANG, PEMAYUNG, BATANGHARI, JAMBI",2,89,118,207
https://kawalpemilu.org#16654,"KUBU KANDANG, PEMAYUNG, BATANGHARI, JAMBI",3,50,67,117
https://kawalpemilu.org#16655,"TURE, PEMAYUNG, BATANGHARI, JAMBI",1,16,95,111
https://kawalpemilu.org#16655,"TURE, PEMAYUNG, BATANGHARI, JAMBI",2,38,88,126
https://kawalpemilu.org#16655,"TURE, PEMAYUNG, BATANGHARI, JAMBI",3,49,187,236
https://kawalpemilu.org#16655,"TURE, PEMAYUNG, BATANGHARI, JAMBI",4,27,127,154
https://kawalpemilu.org#16655,"TURE, PEMAYUNG, BATANGHARI, JAMBI",5,19,95,114
https://kawalpemilu.org#16655,"TURE, PEMAYUNG, BATANGHARI, JAMBI",6,52,124,176
https://kawalpemilu.org#16655,"TURE, PEMAYUNG, BATANGHARI, JAMBI",7,34,184,218
https://kawalpemilu.org#16655,"TURE, PEMAYUNG, BATANGHARI, JAMBI",8,37,134,171
https://kawalpemilu.org#16655,"TURE, PEMAYUNG, BATANGHARI, JAMBI",9,34,181,215
https://kawalpemilu.org#16656,"PULAU BETUNG, PEMAYUNG, BATANGHARI, JAMBI",1,37,112,149
https://kawalpemilu.org#16656,"PULAU BETUNG, PEMAYUNG, BATANGHARI, JAMBI",2,30,141,171
https://kawalpemilu.org#16656,"PULAU BETUNG, PEMAYUNG, BATANGHARI, JAMBI",3,75,179,254
https://kawalpemilu.org#16656,"PULAU BETUNG, PEMAYUNG, BATANGHARI, JAMBI",4,59,177,236
https://kawalpemilu.org#16656,"PULAU BETUNG, PEMAYUNG, BATANGHARI, JAMBI",5,67,163,230
https://kawalpemilu.org#16656,"PULAU BETUNG, PEMAYUNG, BATANGHARI, JAMBI",6,83,143,226
https://kawalpemilu.org#16657,"LOPAK AUR, PEMAYUNG, BATANGHARI, JAMBI",1,52,126,178
https://kawalpemilu.org#16657,"LOPAK AUR, PEMAYUNG, BATANGHARI, JAMBI",2,21,173,194
https://kawalpemilu.org#16657,"LOPAK AUR, PEMAYUNG, BATANGHARI, JAMBI",3,15,162,177
https://kawalpemilu.org#16657,"LOPAK AUR, PEMAYUNG, BATANGHARI, JAMBI",4,36,131,167
https://kawalpemilu.org#16657,"LOPAK AUR, PEMAYUNG, BATANGHARI, JAMBI",5,74,183,257
https://kawalpemilu.org#16657,"LOPAK AUR, PEMAYUNG, BATANGHARI, JAMBI",6,65,182,247
https://kawalpemilu.org#16657,"LOPAK AUR, PEMAYUNG, BATANGHARI, JAMBI",7,46,163,209
https://kawalpemilu.org#16658,"SELAT, PEMAYUNG, BATANGHARI, JAMBI",1,90,156,246
https://kawalpemilu.org#16658,"SELAT, PEMAYUNG, BATANGHARI, JAMBI",2,75,155,230
https://kawalpemilu.org#16658,"SELAT, PEMAYUNG, BATANGHARI, JAMBI",3,75,172,247
https://kawalpemilu.org#16658,"SELAT, PEMAYUNG, BATANGHARI, JAMBI",4,75,63,138
https://kawalpemilu.org#16658,"SELAT, PEMAYUNG, BATANGHARI, JAMBI",5,30,85,115
https://kawalpemilu.org#16658,"SELAT, PEMAYUNG, BATANGHARI, JAMBI",6,33,92,125
https://kawalpemilu.org#16658,"SELAT, PEMAYUNG, BATANGHARI, JAMBI",7,57,76,133
https://kawalpemilu.org#16658,"SELAT, PEMAYUNG, BATANGHARI, JAMBI",8,66,69,135
https://kawalpemilu.org#16658,"SELAT, PEMAYUNG, BATANGHARI, JAMBI",9,67,158,225
https://kawalpemilu.org#16658,"SELAT, PEMAYUNG, BATANGHARI, JAMBI",10,53,103,156
https://kawalpemilu.org#16658,"SELAT, PEMAYUNG, BATANGHARI, JAMBI",11,61,60,121
https://kawalpemilu.org#16658,"SELAT, PEMAYUNG, BATANGHARI, JAMBI",12,106,108,214
https://kawalpemilu.org#16659,"TELUK, PEMAYUNG, BATANGHARI, JAMBI",1,57,135,192
https://kawalpemilu.org#16659,"TELUK, PEMAYUNG, BATANGHARI, JAMBI",2,20,110,130
https://kawalpemilu.org#16659,"TELUK, PEMAYUNG, BATANGHARI, JAMBI",3,25,118,143
https://kawalpemilu.org#16659,"TELUK, PEMAYUNG, BATANGHARI, JAMBI",4,45,140,185
https://kawalpemilu.org#16659,"TELUK, PEMAYUNG, BATANGHARI, JAMBI",5,29,116,145
https://kawalpemilu.org#16659,"TELUK, PEMAYUNG, BATANGHARI, JAMBI",6,73,92,165
https://kawalpemilu.org#16659,"TELUK, PEMAYUNG, BATANGHARI, JAMBI",7,47,97,144
https://kawalpemilu.org#16659,"TELUK, PEMAYUNG, BATANGHARI, JAMBI",8,60,146,206
https://kawalpemilu.org#16659,"TELUK, PEMAYUNG, BATANGHARI, JAMBI",9,31,176,207
https://kawalpemilu.org#16659,"TELUK, PEMAYUNG, BATANGHARI, JAMBI",10,55,181,236
https://kawalpemilu.org#16659,"TELUK, PEMAYUNG, BATANGHARI, JAMBI",11,53,161,214
https://kawalpemilu.org#16660,"PULAU RAMAN, PEMAYUNG, BATANGHARI, JAMBI",1,20,136,156
https://kawalpemilu.org#16660,"PULAU RAMAN, PEMAYUNG, BATANGHARI, JAMBI",2,18,87,105
https://kawalpemilu.org#16660,"PULAU RAMAN, PEMAYUNG, BATANGHARI, JAMBI",3,30,183,213
https://kawalpemilu.org#16660,"PULAU RAMAN, PEMAYUNG, BATANGHARI, JAMBI",4,35,179,214
https://kawalpemilu.org#16660,"PULAU RAMAN, PEMAYUNG, BATANGHARI, JAMBI",5,30,187,217
https://kawalpemilu.org#16661,"KAOS, PEMAYUNG, BATANGHARI, JAMBI",1,71,158,229
https://kawalpemilu.org#16661,"KAOS, PEMAYUNG, BATANGHARI, JAMBI",2,92,98,190
https://kawalpemilu.org#16661,"KAOS, PEMAYUNG, BATANGHARI, JAMBI",3,66,61,127
https://kawalpemilu.org#16661,"KAOS, PEMAYUNG, BATANGHARI, JAMBI",4,83,22,105
https://kawalpemilu.org#16661,"KAOS, PEMAYUNG, BATANGHARI, JAMBI",5,78,5,83
https://kawalpemilu.org#16662,"SIMPANG KUBU KANDANG, PEMAYUNG, BATANGHARI, JAMBI",1,144,83,227
https://kawalpemilu.org#16662,"SIMPANG KUBU KANDANG, PEMAYUNG, BATANGHARI, JAMBI",2,77,37,114
https://kawalpemilu.org#16662,"SIMPANG KUBU KANDANG, PEMAYUNG, BATANGHARI, JAMBI",3,54,167,221
https://kawalpemilu.org#16662,"SIMPANG KUBU KANDANG, PEMAYUNG, BATANGHARI, JAMBI",4,50,57,107
https://kawalpemilu.org#16663,"AWIN, PEMAYUNG, BATANGHARI, JAMBI",1,49,121,170
https://kawalpemilu.org#16663,"AWIN, PEMAYUNG, BATANGHARI, JAMBI",2,58,114,172
https://kawalpemilu.org#16663,"AWIN, PEMAYUNG, BATANGHARI, JAMBI",3,44,102,146
https://kawalpemilu.org#16663,"AWIN, PEMAYUNG, BATANGHARI, JAMBI",4,41,120,161
https://kawalpemilu.org#16664,"OLAK RAMBAHAN, PEMAYUNG, BATANGHARI, JAMBI",1,69,109,178
https://kawalpemilu.org#16664,"OLAK RAMBAHAN, PEMAYUNG, BATANGHARI, JAMBI",2,42,131,173
https://kawalpemilu.org#16664,"OLAK RAMBAHAN, PEMAYUNG, BATANGHARI, JAMBI",3,60,98,158
https://kawalpemilu.org#16664,"OLAK RAMBAHAN, PEMAYUNG, BATANGHARI, JAMBI",4,54,36,90
https://kawalpemilu.org#16665,"TELUK KETAPANG, PEMAYUNG, BATANGHARI, JAMBI",1,71,107,178
https://kawalpemilu.org#16665,"TELUK KETAPANG, PEMAYUNG, BATANGHARI, JAMBI",2,63,76,139
https://kawalpemilu.org#16665,"TELUK KETAPANG, PEMAYUNG, BATANGHARI, JAMBI",3,104,111,215
https://kawalpemilu.org#16665,"TELUK KETAPANG, PEMAYUNG, BATANGHARI, JAMBI",4,89,43,132
https://kawalpemilu.org#16665,"TELUK KETAPANG, PEMAYUNG, BATANGHARI, JAMBI",5,95,32,127
https://kawalpemilu.org#928998,"KAMPUNG PULAU, PEMAYUNG, BATANGHARI, JAMBI",1,47,152,199
https://kawalpemilu.org#928998,"KAMPUNG PULAU, PEMAYUNG, BATANGHARI, JAMBI",2,53,164,217
https://kawalpemilu.org#16667,"SIMPANG S. RENGAS, MARO SEBO ULU, BATANGHARI, JAMBI",1,34,145,179
https://kawalpemilu.org#16667,"SIMPANG S. RENGAS, MARO SEBO ULU, BATANGHARI, JAMBI",2,81,153,234
https://kawalpemilu.org#16667,"SIMPANG S. RENGAS, MARO SEBO ULU, BATANGHARI, JAMBI",3,79,118,197
https://kawalpemilu.org#16667,"SIMPANG S. RENGAS, MARO SEBO ULU, BATANGHARI, JAMBI",4,59,162,221
https://kawalpemilu.org#16667,"SIMPANG S. RENGAS, MARO SEBO ULU, BATANGHARI, JAMBI",5,54,153,207
https://kawalpemilu.org#16667,"SIMPANG S. RENGAS, MARO SEBO ULU, BATANGHARI, JAMBI",6,58,127,185
https://kawalpemilu.org#16667,"SIMPANG S. RENGAS, MARO SEBO ULU, BATANGHARI, JAMBI",7,69,104,173
https://kawalpemilu.org#16667,"SIMPANG S. RENGAS, MARO SEBO ULU, BATANGHARI, JAMBI",8,100,105,205
https://kawalpemilu.org#16667,"SIMPANG S. RENGAS, MARO SEBO ULU, BATANGHARI, JAMBI",9,92,134,226
https://kawalpemilu.org#16667,"SIMPANG S. RENGAS, MARO SEBO ULU, BATANGHARI, JAMBI",10,60,86,146
https://kawalpemilu.org#16667,"SIMPANG S. RENGAS, MARO SEBO ULU, BATANGHARI, JAMBI",11,39,109,148
https://kawalpemilu.org#16667,"SIMPANG S. RENGAS, MARO SEBO ULU, BATANGHARI, JAMBI",12,76,116,192
https://kawalpemilu.org#16667,"SIMPANG S. RENGAS, MARO SEBO ULU, BATANGHARI, JAMBI",13,80,153,233
https://kawalpemilu.org#16668,"BATU SAWAR, MARO SEBO ULU, BATANGHARI, JAMBI",1,31,73,104
https://kawalpemilu.org#16668,"BATU SAWAR, MARO SEBO ULU, BATANGHARI, JAMBI",2,19,44,63
https://kawalpemilu.org#16668,"BATU SAWAR, MARO SEBO ULU, BATANGHARI, JAMBI",3,36,88,36
https://kawalpemilu.org#16669,"PENINJAUAN, MARO SEBO ULU, BATANGHARI, JAMBI",1,95,34,129
https://kawalpemilu.org#16669,"PENINJAUAN, MARO SEBO ULU, BATANGHARI, JAMBI",2,50,91,141
https://kawalpemilu.org#16669,"PENINJAUAN, MARO SEBO ULU, BATANGHARI, JAMBI",3,78,67,145
https://kawalpemilu.org#16669,"PENINJAUAN, MARO SEBO ULU, BATANGHARI, JAMBI",4,80,79,159
https://kawalpemilu.org#16669,"PENINJAUAN, MARO SEBO ULU, BATANGHARI, JAMBI",5,87,65,152
https://kawalpemilu.org#16669,"PENINJAUAN, MARO SEBO ULU, BATANGHARI, JAMBI",6,111,75,186
https://kawalpemilu.org#16669,"PENINJAUAN, MARO SEBO ULU, BATANGHARI, JAMBI",7,102,78,180
https://kawalpemilu.org#16669,"PENINJAUAN, MARO SEBO ULU, BATANGHARI, JAMBI",8,81,53,134
https://kawalpemilu.org#16669,"PENINJAUAN, MARO SEBO ULU, BATANGHARI, JAMBI",9,103,60,163
https://kawalpemilu.org#16669,"PENINJAUAN, MARO SEBO ULU, BATANGHARI, JAMBI",10,76,75,151
https://kawalpemilu.org#16669,"PENINJAUAN, MARO SEBO ULU, BATANGHARI, JAMBI",11,55,82,137
https://kawalpemilu.org#16669,"PENINJAUAN, MARO SEBO ULU, BATANGHARI, JAMBI",12,81,58,139
https://kawalpemilu.org#16669,"PENINJAUAN, MARO SEBO ULU, BATANGHARI, JAMBI",13,85,87,172
https://kawalpemilu.org#16669,"PENINJAUAN, MARO SEBO ULU, BATANGHARI, JAMBI",14,111,66,177
https://kawalpemilu.org#16670,"TELUK LEBAN, MARO SEBO ULU, BATANGHARI, JAMBI",1,67,155,222
https://kawalpemilu.org#16670,"TELUK LEBAN, MARO SEBO ULU, BATANGHARI, JAMBI",2,53,130,183
https://kawalpemilu.org#16670,"TELUK LEBAN, MARO SEBO ULU, BATANGHARI, JAMBI",3,50,138,188
https://kawalpemilu.org#16670,"TELUK LEBAN, MARO SEBO ULU, BATANGHARI, JAMBI",4,44,120,164
https://kawalpemilu.org#16670,"TELUK LEBAN, MARO SEBO ULU, BATANGHARI, JAMBI",5,68,142,210
https://kawalpemilu.org#16670,"TELUK LEBAN, MARO SEBO ULU, BATANGHARI, JAMBI",6,61,133,194
https://kawalpemilu.org#16670,"TELUK LEBAN, MARO SEBO ULU, BATANGHARI, JAMBI",7,84,103,187
https://kawalpemilu.org#16670,"TELUK LEBAN, MARO SEBO ULU, BATANGHARI, JAMBI",8,69,122,191
https://kawalpemilu.org#16671,"KAMPUNG BARU, MARO SEBO ULU, BATANGHARI, JAMBI",1,110,75,185
https://kawalpemilu.org#16671,"KAMPUNG BARU, MARO SEBO ULU, BATANGHARI, JAMBI",2,94,52,146
https://kawalpemilu.org#16671,"KAMPUNG BARU, MARO SEBO ULU, BATANGHARI, JAMBI",4,121,97,218
https://kawalpemilu.org#16671,"KAMPUNG BARU, MARO SEBO ULU, BATANGHARI, JAMBI",5,63,55,118
https://kawalpemilu.org#16671,"KAMPUNG BARU, MARO SEBO ULU, BATANGHARI, JAMBI",6,125,98,223
https://kawalpemilu.org#16672,"RENGAS IX, MARO SEBO ULU, BATANGHARI, JAMBI",1,83,53,136
https://kawalpemilu.org#16672,"RENGAS IX, MARO SEBO ULU, BATANGHARI, JAMBI",2,70,42,112
https://kawalpemilu.org#16672,"RENGAS IX, MARO SEBO ULU, BATANGHARI, JAMBI",3,64,70,134
https://kawalpemilu.org#16672,"RENGAS IX, MARO SEBO ULU, BATANGHARI, JAMBI",4,57,56,113
https://kawalpemilu.org#16673,"KEMBANG SERI, MARO SEBO ULU, BATANGHARI, JAMBI",1,120,56,176
https://kawalpemilu.org#16673,"KEMBANG SERI, MARO SEBO ULU, BATANGHARI, JAMBI",2,96,57,153
https://kawalpemilu.org#16673,"KEMBANG SERI, MARO SEBO ULU, BATANGHARI, JAMBI",3,103,52,155
https://kawalpemilu.org#16673,"KEMBANG SERI, MARO SEBO ULU, BATANGHARI, JAMBI",4,119,70,189
https://kawalpemilu.org#16673,"KEMBANG SERI, MARO SEBO ULU, BATANGHARI, JAMBI",5,120,106,226
https://kawalpemilu.org#16673,"KEMBANG SERI, MARO SEBO ULU, BATANGHARI, JAMBI",6,58,79,137
https://kawalpemilu.org#16673,"KEMBANG SERI, MARO SEBO ULU, BATANGHARI, JAMBI",7,109,81,190
https://kawalpemilu.org#16674,"BULUH KASAB, MARO SEBO ULU, BATANGHARI, JAMBI",1,36,171,207
https://kawalpemilu.org#16674,"BULUH KASAB, MARO SEBO ULU, BATANGHARI, JAMBI",2,49,152,201
https://kawalpemilu.org#16674,"BULUH KASAB, MARO SEBO ULU, BATANGHARI, JAMBI",3,40,130,170
https://kawalpemilu.org#16674,"BULUH KASAB, MARO SEBO ULU, BATANGHARI, JAMBI",4,49,89,138
https://kawalpemilu.org#16674,"BULUH KASAB, MARO SEBO ULU, BATANGHARI, JAMBI",5,42,131,173
https://kawalpemilu.org#16674,"BULUH KASAB, MARO SEBO ULU, BATANGHARI, JAMBI",6,59,119,178
https://kawalpemilu.org#16675,"TEBING TINGGI, MARO SEBO ULU, BATANGHARI, JAMBI",1,110,90,200
https://kawalpemilu.org#16675,"TEBING TINGGI, MARO SEBO ULU, BATANGHARI, JAMBI",2,121,103,224
https://kawalpemilu.org#16675,"TEBING TINGGI, MARO SEBO ULU, BATANGHARI, JAMBI",3,63,54,117
https://kawalpemilu.org#16675,"TEBING TINGGI, MARO SEBO ULU, BATANGHARI, JAMBI",4,44,61,105
https://kawalpemilu.org#16675,"TEBING TINGGI, MARO SEBO ULU, BATANGHARI, JAMBI",5,70,50,120
https://kawalpemilu.org#16675,"TEBING TINGGI, MARO SEBO ULU, BATANGHARI, JAMBI",6,100,164,264
https://kawalpemilu.org#16675,"TEBING TINGGI, MARO SEBO ULU, BATANGHARI, JAMBI",7,111,56,167
https://kawalpemilu.org#16676,"OLAK KEMANG, MARO SEBO ULU, BATANGHARI, JAMBI",1,88,63,151
https://kawalpemilu.org#16676,"OLAK KEMANG, MARO SEBO ULU, BATANGHARI, JAMBI",2,89,75,164
https://kawalpemilu.org#16676,"OLAK KEMANG, MARO SEBO ULU, BATANGHARI, JAMBI",3,76,76,152
https://kawalpemilu.org#16677,"PADANG KELAPO, MARO SEBO ULU, BATANGHARI, JAMBI",1,73,122,198
https://kawalpemilu.org#16677,"PADANG KELAPO, MARO SEBO ULU, BATANGHARI, JAMBI",2,69,102,171
https://kawalpemilu.org#16677,"PADANG KELAPO, MARO SEBO ULU, BATANGHARI, JAMBI",3,53,80,133
https://kawalpemilu.org#16677,"PADANG KELAPO, MARO SEBO ULU, BATANGHARI, JAMBI",4,52,92,144
https://kawalpemilu.org#16677,"PADANG KELAPO, MARO SEBO ULU, BATANGHARI, JAMBI",5,66,64,130
https://kawalpemilu.org#16677,"PADANG KELAPO, MARO SEBO ULU, BATANGHARI, JAMBI",6,107,30,137
https://kawalpemilu.org#16677,"PADANG KELAPO, MARO SEBO ULU, BATANGHARI, JAMBI",7,66,56,122
https://kawalpemilu.org#16677,"PADANG KELAPO, MARO SEBO ULU, BATANGHARI, JAMBI",8,64,17,81
https://kawalpemilu.org#16678,"SUNGAI LINGKAR, MARO SEBO ULU, BATANGHARI, JAMBI",1,87,41,128
https://kawalpemilu.org#16678,"SUNGAI LINGKAR, MARO SEBO ULU, BATANGHARI, JAMBI",2,72,60,132
https://kawalpemilu.org#16678,"SUNGAI LINGKAR, MARO SEBO ULU, BATANGHARI, JAMBI",3,43,109,152
https://kawalpemilu.org#16678,"SUNGAI LINGKAR, MARO SEBO ULU, BATANGHARI, JAMBI",4,49,89,138
https://kawalpemilu.org#16678,"SUNGAI LINGKAR, MARO SEBO ULU, BATANGHARI, JAMBI",5,73,65,138
https://kawalpemilu.org#16678,"SUNGAI LINGKAR, MARO SEBO ULU, BATANGHARI, JAMBI",6,83,58,141
https://kawalpemilu.org#16678,"SUNGAI LINGKAR, MARO SEBO ULU, BATANGHARI, JAMBI",7,88,48,136
https://kawalpemilu.org#16678,"SUNGAI LINGKAR, MARO SEBO ULU, BATANGHARI, JAMBI",8,108,16,124
https://kawalpemilu.org#16678,"SUNGAI LINGKAR, MARO SEBO ULU, BATANGHARI, JAMBI",9,59,29,88
https://kawalpemilu.org#16678,"SUNGAI LINGKAR, MARO SEBO ULU, BATANGHARI, JAMBI",10,88,48,136
https://kawalpemilu.org#16679,"SUNGAI RUAN ULU, MARO SEBO ULU, BATANGHARI, JAMBI",1,64,103,167
https://kawalpemilu.org#16679,"SUNGAI RUAN ULU, MARO SEBO ULU, BATANGHARI, JAMBI",2,86,111,197
https://kawalpemilu.org#16679,"SUNGAI RUAN ULU, MARO SEBO ULU, BATANGHARI, JAMBI",3,89,78,167
https://kawalpemilu.org#16679,"SUNGAI RUAN ULU, MARO SEBO ULU, BATANGHARI, JAMBI",4,75,114,189
https://kawalpemilu.org#16679,"SUNGAI RUAN ULU, MARO SEBO ULU, BATANGHARI, JAMBI",5,69,93,162
https://kawalpemilu.org#16679,"SUNGAI RUAN ULU, MARO SEBO ULU, BATANGHARI, JAMBI",6,110,84,194
https://kawalpemilu.org#16680,"SUNGAI RUAN ILIR, MARO SEBO ULU, BATANGHARI, JAMBI",1,46,89,135
https://kawalpemilu.org#16680,"SUNGAI RUAN ILIR, MARO SEBO ULU, BATANGHARI, JAMBI",2,41,109,150
https://kawalpemilu.org#16680,"SUNGAI RUAN ILIR, MARO SEBO ULU, BATANGHARI, JAMBI",3,47,116,163
https://kawalpemilu.org#16680,"SUNGAI RUAN ILIR, MARO SEBO ULU, BATANGHARI, JAMBI",4,48,100,148
https://kawalpemilu.org#16680,"SUNGAI RUAN ILIR, MARO SEBO ULU, BATANGHARI, JAMBI",5,72,101,173
https://kawalpemilu.org#16680,"SUNGAI RUAN ILIR, MARO SEBO ULU, BATANGHARI, JAMBI",6,55,107,162
https://kawalpemilu.org#16680,"SUNGAI RUAN ILIR, MARO SEBO ULU, BATANGHARI, JAMBI",7,54,114,168
https://kawalpemilu.org#16680,"SUNGAI RUAN ILIR, MARO SEBO ULU, BATANGHARI, JAMBI",8,49,115,164
https://kawalpemilu.org#16680,"SUNGAI RUAN ILIR, MARO SEBO ULU, BATANGHARI, JAMBI",9,59,162,221
https://kawalpemilu.org#16680,"SUNGAI RUAN ILIR, MARO SEBO ULU, BATANGHARI, JAMBI",10,77,154,231
https://kawalpemilu.org#928999,"RAWA MEKAR, MARO SEBO ULU, BATANGHARI, JAMBI",1,77,27,104
https://kawalpemilu.org#928999,"RAWA MEKAR, MARO SEBO ULU, BATANGHARI, JAMBI",2,82,43,125
https://kawalpemilu.org#928999,"RAWA MEKAR, MARO SEBO ULU, BATANGHARI, JAMBI",3,65,14,79
https://kawalpemilu.org#929000,"MEKAR SARI, MARO SEBO ULU, BATANGHARI, JAMBI",1,55,56,111
https://kawalpemilu.org#929000,"MEKAR SARI, MARO SEBO ULU, BATANGHARI, JAMBI",2,73,29,102
https://kawalpemilu.org#929000,"MEKAR SARI, MARO SEBO ULU, BATANGHARI, JAMBI",3,64,12,76
https://kawalpemilu.org#929001,"KEMBANG SERI BARU, MARO SEBO ULU, BATANGHARI, JAMBI",1,104,133,237
https://kawalpemilu.org#929001,"KEMBANG SERI BARU, MARO SEBO ULU, BATANGHARI, JAMBI",2,162,75,237
https://kawalpemilu.org#929001,"KEMBANG SERI BARU, MARO SEBO ULU, BATANGHARI, JAMBI",3,105,120,225
https://kawalpemilu.org#929001,"KEMBANG SERI BARU, MARO SEBO ULU, BATANGHARI, JAMBI",4,90,13,103
https://kawalpemilu.org#929001,"KEMBANG SERI BARU, MARO SEBO ULU, BATANGHARI, JAMBI",5,159,48,207
https://kawalpemilu.org#16682,"BAJUBANG, BAJUBANG, BATANGHARI, JAMBI",1,113,80,193
https://kawalpemilu.org#16682,"BAJUBANG, BAJUBANG, BATANGHARI, JAMBI",2,79,138,217
https://kawalpemilu.org#16682,"BAJUBANG, BAJUBANG, BATANGHARI, JAMBI",3,91,135,226
https://kawalpemilu.org#16682,"BAJUBANG, BAJUBANG, BATANGHARI, JAMBI",4,142,115,257
https://kawalpemilu.org#16682,"BAJUBANG, BAJUBANG, BATANGHARI, JAMBI",5,56,114,170
https://kawalpemilu.org#16682,"BAJUBANG, BAJUBANG, BATANGHARI, JAMBI",6,72,84,156
https://kawalpemilu.org#16682,"BAJUBANG, BAJUBANG, BATANGHARI, JAMBI",7,100,123,223
https://kawalpemilu.org#16682,"BAJUBANG, BAJUBANG, BATANGHARI, JAMBI",8,63,119,182
https://kawalpemilu.org#16682,"BAJUBANG, BAJUBANG, BATANGHARI, JAMBI",9,51,141,192
https://kawalpemilu.org#16682,"BAJUBANG, BAJUBANG, BATANGHARI, JAMBI",10,63,103,166
https://kawalpemilu.org#16682,"BAJUBANG, BAJUBANG, BATANGHARI, JAMBI",11,108,126,234
https://kawalpemilu.org#16682,"BAJUBANG, BAJUBANG, BATANGHARI, JAMBI",12,101,79,180
https://kawalpemilu.org#16682,"BAJUBANG, BAJUBANG, BATANGHARI, JAMBI",13,85,90,175
https://kawalpemilu.org#16682,"BAJUBANG, BAJUBANG, BATANGHARI, JAMBI",14,30,67,97
https://kawalpemilu.org#16682,"BAJUBANG, BAJUBANG, BATANGHARI, JAMBI",15,71,124,195
https://kawalpemilu.org#16682,"BAJUBANG, BAJUBANG, BATANGHARI, JAMBI",16,110,81,191
https://kawalpemilu.org#16682,"BAJUBANG, BAJUBANG, BATANGHARI, JAMBI",17,94,45,139
https://kawalpemilu.org#16682,"BAJUBANG, BAJUBANG, BATANGHARI, JAMBI",18,46,80,126
https://kawalpemilu.org#16682,"BAJUBANG, BAJUBANG, BATANGHARI, JAMBI",19,58,107,165
https://kawalpemilu.org#16682,"BAJUBANG, BAJUBANG, BATANGHARI, JAMBI",20,108,89,197
https://kawalpemilu.org#16683,"BUNGKU, BAJUBANG, BATANGHARI, JAMBI",1,95,42,137
https://kawalpemilu.org#16683,"BUNGKU, BAJUBANG, BATANGHARI, JAMBI",2,87,72,159
https://kawalpemilu.org#16683,"BUNGKU, BAJUBANG, BATANGHARI, JAMBI",3,118,83,201
https://kawalpemilu.org#16683,"BUNGKU, BAJUBANG, BATANGHARI, JAMBI",4,89,41,130
https://kawalpemilu.org#16683,"BUNGKU, BAJUBANG, BATANGHARI, JAMBI",5,101,20,121
https://kawalpemilu.org#16683,"BUNGKU, BAJUBANG, BATANGHARI, JAMBI",6,83,42,125
https://kawalpemilu.org#16683,"BUNGKU, BAJUBANG, BATANGHARI, JAMBI",7,9,5,14
https://kawalpemilu.org#16683,"BUNGKU, BAJUBANG, BATANGHARI, JAMBI",8,196,19,215
https://kawalpemilu.org#16683,"BUNGKU, BAJUBANG, BATANGHARI, JAMBI",9,56,15,71
https://kawalpemilu.org#16683,"BUNGKU, BAJUBANG, BATANGHARI, JAMBI",10,177,63,240
https://kawalpemilu.org#16683,"BUNGKU, BAJUBANG, BATANGHARI, JAMBI",11,174,24,197
https://kawalpemilu.org#16683,"BUNGKU, BAJUBANG, BATANGHARI, JAMBI",12,176,15,191
https://kawalpemilu.org#16683,"BUNGKU, BAJUBANG, BATANGHARI, JAMBI",13,37,30,67
https://kawalpemilu.org#16683,"BUNGKU, BAJUBANG, BATANGHARI, JAMBI",14,84,10,94
https://kawalpemilu.org#16683,"BUNGKU, BAJUBANG, BATANGHARI, JAMBI",15,189,22,211
https://kawalpemilu.org#16683,"BUNGKU, BAJUBANG, BATANGHARI, JAMBI",16,41,7,48
https://kawalpemilu.org#16683,"BUNGKU, BAJUBANG, BATANGHARI, JAMBI",17,156,32,188
https://kawalpemilu.org#16683,"BUNGKU, BAJUBANG, BATANGHARI, JAMBI",18,140,12,152
https://kawalpemilu.org#16683,"BUNGKU, BAJUBANG, BATANGHARI, JAMBI",19,86,49,135
https://kawalpemilu.org#16683,"BUNGKU, BAJUBANG, BATANGHARI, JAMBI",20,106,16,122
https://kawalpemilu.org#16683,"BUNGKU, BAJUBANG, BATANGHARI, JAMBI",21,103,18,121
https://kawalpemilu.org#16683,"BUNGKU, BAJUBANG, BATANGHARI, JAMBI",22,102,6,108
https://kawalpemilu.org#16683,"BUNGKU, BAJUBANG, BATANGHARI, JAMBI",23,78,55,133
https://kawalpemilu.org#16683,"BUNGKU, BAJUBANG, BATANGHARI, JAMBI",24,68,18,86
https://kawalpemilu.org#16683,"BUNGKU, BAJUBANG, BATANGHARI, JAMBI",25,19,5,24
https://kawalpemilu.org#16683,"BUNGKU, BAJUBANG, BATANGHARI, JAMBI",26,163,43,206
https://kawalpemilu.org#16683,"BUNGKU, BAJUBANG, BATANGHARI, JAMBI",27,87,8,95
https://kawalpemilu.org#16683,"BUNGKU, BAJUBANG, BATANGHARI, JAMBI",28,184,50,234
https://kawalpemilu.org#16683,"BUNGKU, BAJUBANG, BATANGHARI, JAMBI",29,96,44,140
https://kawalpemilu.org#16683,"BUNGKU, BAJUBANG, BATANGHARI, JAMBI",30,87,29,114
https://kawalpemilu.org#16683,"BUNGKU, BAJUBANG, BATANGHARI, JAMBI",31,118,27,145
https://kawalpemilu.org#16684,"POMPA AIR, BAJUBANG, BATANGHARI, JAMBI",1,76,48,124
https://kawalpemilu.org#16684,"POMPA AIR, BAJUBANG, BATANGHARI, JAMBI",2,86,69,155
https://kawalpemilu.org#16684,"POMPA AIR, BAJUBANG, BATANGHARI, JAMBI",3,119,52,171
https://kawalpemilu.org#16684,"POMPA AIR, BAJUBANG, BATANGHARI, JAMBI",4,83,92,175
https://kawalpemilu.org#16684,"POMPA AIR, BAJUBANG, BATANGHARI, JAMBI",5,113,76,189
https://kawalpemilu.org#16684,"POMPA AIR, BAJUBANG, BATANGHARI, JAMBI",6,74,33,107
https://kawalpemilu.org#16684,"POMPA AIR, BAJUBANG, BATANGHARI, JAMBI",7,64,24,88
https://kawalpemilu.org#16684,"POMPA AIR, BAJUBANG, BATANGHARI, JAMBI",8,113,29,142
https://kawalpemilu.org#16684,"POMPA AIR, BAJUBANG, BATANGHARI, JAMBI",9,89,15,104
https://kawalpemilu.org#16685,"LADANG PERIS, BAJUBANG, BATANGHARI, JAMBI",1,86,31,117
https://kawalpemilu.org#16685,"LADANG PERIS, BAJUBANG, BATANGHARI, JAMBI",2,135,77,212
https://kawalpemilu.org#16685,"LADANG PERIS, BAJUBANG, BATANGHARI, JAMBI",3,142,56,198
https://kawalpemilu.org#16685,"LADANG PERIS, BAJUBANG, BATANGHARI, JAMBI",4,122,101,223
https://kawalpemilu.org#16685,"LADANG PERIS, BAJUBANG, BATANGHARI, JAMBI",5,137,95,232
https://kawalpemilu.org#16685,"LADANG PERIS, BAJUBANG, BATANGHARI, JAMBI",6,70,60,130
https://kawalpemilu.org#16685,"LADANG PERIS, BAJUBANG, BATANGHARI, JAMBI",7,108,74,182
https://kawalpemilu.org#16685,"LADANG PERIS, BAJUBANG, BATANGHARI, JAMBI",8,182,46,228
https://kawalpemilu.org#16685,"LADANG PERIS, BAJUBANG, BATANGHARI, JAMBI",9,89,19,108
https://kawalpemilu.org#16685,"LADANG PERIS, BAJUBANG, BATANGHARI, JAMBI",10,145,52,197
https://kawalpemilu.org#16686,"PENEROKAN, BAJUBANG, BATANGHARI, JAMBI",1,164,62,226
https://kawalpemilu.org#16686,"PENEROKAN, BAJUBANG, BATANGHARI, JAMBI",2,147,71,218
https://kawalpemilu.org#16686,"PENEROKAN, BAJUBANG, BATANGHARI, JAMBI",3,144,67,212
https://kawalpemilu.org#16686,"PENEROKAN, BAJUBANG, BATANGHARI, JAMBI",4,107,43,150
https://kawalpemilu.org#16686,"PENEROKAN, BAJUBANG, BATANGHARI, JAMBI",5,111,75,186
https://kawalpemilu.org#16686,"PENEROKAN, BAJUBANG, BATANGHARI, JAMBI",6,79,90,169
https://kawalpemilu.org#16686,"PENEROKAN, BAJUBANG, BATANGHARI, JAMBI",7,124,81,205
https://kawalpemilu.org#16686,"PENEROKAN, BAJUBANG, BATANGHARI, JAMBI",8,109,132,241
https://kawalpemilu.org#16686,"PENEROKAN, BAJUBANG, BATANGHARI, JAMBI",9,123,56,179
https://kawalpemilu.org#16686,"PENEROKAN, BAJUBANG, BATANGHARI, JAMBI",10,208,62,270
https://kawalpemilu.org#16686,"PENEROKAN, BAJUBANG, BATANGHARI, JAMBI",11,92,115,207
https://kawalpemilu.org#16686,"PENEROKAN, BAJUBANG, BATANGHARI, JAMBI",12,94,132,226
https://kawalpemilu.org#16686,"PENEROKAN, BAJUBANG, BATANGHARI, JAMBI",13,52,92,144
https://kawalpemilu.org#16686,"PENEROKAN, BAJUBANG, BATANGHARI, JAMBI",14,110,145,255
https://kawalpemilu.org#16686,"PENEROKAN, BAJUBANG, BATANGHARI, JAMBI",15,101,142,243
https://kawalpemilu.org#16686,"PENEROKAN, BAJUBANG, BATANGHARI, JAMBI",16,119,115,234
https://kawalpemilu.org#16686,"PENEROKAN, BAJUBANG, BATANGHARI, JAMBI",17,106,135,241
https://kawalpemilu.org#16686,"PENEROKAN, BAJUBANG, BATANGHARI, JAMBI",18,104,114,218
https://kawalpemilu.org#16686,"PENEROKAN, BAJUBANG, BATANGHARI, JAMBI",19,110,51,161
https://kawalpemilu.org#16686,"PENEROKAN, BAJUBANG, BATANGHARI, JAMBI",20,156,74,230
https://kawalpemilu.org#16686,"PENEROKAN, BAJUBANG, BATANGHARI, JAMBI",21,102,77,179
https://kawalpemilu.org#16686,"PENEROKAN, BAJUBANG, BATANGHARI, JAMBI",22,81,105,186
https://kawalpemilu.org#16686,"PENEROKAN, BAJUBANG, BATANGHARI, JAMBI",23,86,54,140
https://kawalpemilu.org#16686,"PENEROKAN, BAJUBANG, BATANGHARI, JAMBI",24,107,57,164
https://kawalpemilu.org#16687,"PETAJEN, BAJUBANG, BATANGHARI, JAMBI",1,98,129,227
https://kawalpemilu.org#16687,"PETAJEN, BAJUBANG, BATANGHARI, JAMBI",2,71,140,211
https://kawalpemilu.org#16687,"PETAJEN, BAJUBANG, BATANGHARI, JAMBI",3,67,76,143
https://kawalpemilu.org#16687,"PETAJEN, BAJUBANG, BATANGHARI, JAMBI",4,89,139,228
https://kawalpemilu.org#16687,"PETAJEN, BAJUBANG, BATANGHARI, JAMBI",5,115,152,267
https://kawalpemilu.org#16687,"PETAJEN, BAJUBANG, BATANGHARI, JAMBI",6,105,123,228
https://kawalpemilu.org#16687,"PETAJEN, BAJUBANG, BATANGHARI, JAMBI",7,77,34,111
https://kawalpemilu.org#16688,"BATIN, BAJUBANG, BATANGHARI, JAMBI",1,86,173,259
https://kawalpemilu.org#16688,"BATIN, BAJUBANG, BATANGHARI, JAMBI",2,47,123,170
https://kawalpemilu.org#16688,"BATIN, BAJUBANG, BATANGHARI, JAMBI",3,80,151,231
https://kawalpemilu.org#16688,"BATIN, BAJUBANG, BATANGHARI, JAMBI",4,25,128,153
https://kawalpemilu.org#16688,"BATIN, BAJUBANG, BATANGHARI, JAMBI",5,45,119,164
https://kawalpemilu.org#16688,"BATIN, BAJUBANG, BATANGHARI, JAMBI",6,28,122,150
https://kawalpemilu.org#16688,"BATIN, BAJUBANG, BATANGHARI, JAMBI",7,49,157,206
https://kawalpemilu.org#16688,"BATIN, BAJUBANG, BATANGHARI, JAMBI",8,56,161,217
https://kawalpemilu.org#16689,"MEKAR JAYA, BAJUBANG, BATANGHARI, JAMBI",1,120,90,210
https://kawalpemilu.org#16689,"MEKAR JAYA, BAJUBANG, BATANGHARI, JAMBI",2,114,92,206
https://kawalpemilu.org#16689,"MEKAR JAYA, BAJUBANG, BATANGHARI, JAMBI",3,68,79,147
https://kawalpemilu.org#16689,"MEKAR JAYA, BAJUBANG, BATANGHARI, JAMBI",4,72,63,135
https://kawalpemilu.org#16689,"MEKAR JAYA, BAJUBANG, BATANGHARI, JAMBI",5,120,59,179
https://kawalpemilu.org#16689,"MEKAR JAYA, BAJUBANG, BATANGHARI, JAMBI",6,81,56,137
https://kawalpemilu.org#16690,"SUNGKAI, BAJUBANG, BATANGHARI, JAMBI",1,99,106,205
https://kawalpemilu.org#16690,"SUNGKAI, BAJUBANG, BATANGHARI, JAMBI",2,74,69,143
https://kawalpemilu.org#16690,"SUNGKAI, BAJUBANG, BATANGHARI, JAMBI",3,42,67,109
https://kawalpemilu.org#16690,"SUNGKAI, BAJUBANG, BATANGHARI, JAMBI",4,57,130,187
https://kawalpemilu.org#929002,"MEKAR SARI NES, BAJUBANG, BATANGHARI, JAMBI",1,67,123,190
https://kawalpemilu.org#929002,"MEKAR SARI NES, BAJUBANG, BATANGHARI, JAMBI",2,97,155,252
https://kawalpemilu.org#929002,"MEKAR SARI NES, BAJUBANG, BATANGHARI, JAMBI",3,41,99,140
https://kawalpemilu.org#929002,"MEKAR SARI NES, BAJUBANG, BATANGHARI, JAMBI",4,65,94,159
https://kawalpemilu.org#16692,"BULIAN JAYA, MARO SEBO ILIR, BATANGHARI, JAMBI",1,70,60,130
https://kawalpemilu.org#16692,"BULIAN JAYA, MARO SEBO ILIR, BATANGHARI, JAMBI",2,96,107,203
https://kawalpemilu.org#16692,"BULIAN JAYA, MARO SEBO ILIR, BATANGHARI, JAMBI",3,125,117,242
https://kawalpemilu.org#16692,"BULIAN JAYA, MARO SEBO ILIR, BATANGHARI, JAMBI",4,161,31,192
https://kawalpemilu.org#16692,"BULIAN JAYA, MARO SEBO ILIR, BATANGHARI, JAMBI",5,92,102,194
https://kawalpemilu.org#16692,"BULIAN JAYA, MARO SEBO ILIR, BATANGHARI, JAMBI",6,91,80,171
https://kawalpemilu.org#16692,"BULIAN JAYA, MARO SEBO ILIR, BATANGHARI, JAMBI",7,75,74,149
https://kawalpemilu.org#16693,"TIDAR KURANJI, MARO SEBO ILIR, BATANGHARI, JAMBI",1,129,66,195
https://kawalpemilu.org#16693,"TIDAR KURANJI, MARO SEBO ILIR, BATANGHARI, JAMBI",2,95,72,167
https://kawalpemilu.org#16693,"TIDAR KURANJI, MARO SEBO ILIR, BATANGHARI, JAMBI",3,123,50,173
https://kawalpemilu.org#16693,"TIDAR KURANJI, MARO SEBO ILIR, BATANGHARI, JAMBI",4,83,40,123
https://kawalpemilu.org#16693,"TIDAR KURANJI, MARO SEBO ILIR, BATANGHARI, JAMBI",5,100,28,128
https://kawalpemilu.org#16693,"TIDAR KURANJI, MARO SEBO ILIR, BATANGHARI, JAMBI",6,103,56,159
https://kawalpemilu.org#16693,"TIDAR KURANJI, MARO SEBO ILIR, BATANGHARI, JAMBI",7,85,58,143
https://kawalpemilu.org#16693,"TIDAR KURANJI, MARO SEBO ILIR, BATANGHARI, JAMBI",8,82,66,148
https://kawalpemilu.org#16694,"KEHIDUPAN BARU, MARO SEBO ILIR, BATANGHARI, JAMBI",1,105,69,174
https://kawalpemilu.org#16694,"KEHIDUPAN BARU, MARO SEBO ILIR, BATANGHARI, JAMBI",2,110,66,176
https://kawalpemilu.org#16694,"KEHIDUPAN BARU, MARO SEBO ILIR, BATANGHARI, JAMBI",3,56,50,106
https://kawalpemilu.org#16694,"KEHIDUPAN BARU, MARO SEBO ILIR, BATANGHARI, JAMBI",4,119,55,174
https://kawalpemilu.org#16695,"BUKIT SARI, MARO SEBO ILIR, BATANGHARI, JAMBI",1,141,19,160
https://kawalpemilu.org#16695,"BUKIT SARI, MARO SEBO ILIR, BATANGHARI, JAMBI",2,106,37,143
https://kawalpemilu.org#16695,"BUKIT SARI, MARO SEBO ILIR, BATANGHARI, JAMBI",3,117,62,179
https://kawalpemilu.org#16695,"BUKIT SARI, MARO SEBO ILIR, BATANGHARI, JAMBI",4,99,31,130
https://kawalpemilu.org#16695,"BUKIT SARI, MARO SEBO ILIR, BATANGHARI, JAMBI",5,87,48,135
https://kawalpemilu.org#16695,"BUKIT SARI, MARO SEBO ILIR, BATANGHARI, JAMBI",6,106,59,165
https://kawalpemilu.org#16696,"KARYA MUKTI, MARO SEBO ILIR, BATANGHARI, JAMBI",1,66,44,110
https://kawalpemilu.org#16696,"KARYA MUKTI, MARO SEBO ILIR, BATANGHARI, JAMBI",2,86,77,163
https://kawalpemilu.org#16696,"KARYA MUKTI, MARO SEBO ILIR, BATANGHARI, JAMBI",3,120,82,202
https://kawalpemilu.org#16696,"KARYA MUKTI, MARO SEBO ILIR, BATANGHARI, JAMBI",4,102,47,149
https://kawalpemilu.org#16696,"KARYA MUKTI, MARO SEBO ILIR, BATANGHARI, JAMBI",5,101,67,168
https://kawalpemilu.org#16697,"DESA TERUSAN, MARO SEBO ILIR, BATANGHARI, JAMBI",1,55,185,240
https://kawalpemilu.org#16697,"DESA TERUSAN, MARO SEBO ILIR, BATANGHARI, JAMBI",2,32,152,184
https://kawalpemilu.org#16697,"DESA TERUSAN, MARO SEBO ILIR, BATANGHARI, JAMBI",3,33,177,210
https://kawalpemilu.org#16697,"DESA TERUSAN, MARO SEBO ILIR, BATANGHARI, JAMBI",4,22,134,156
https://kawalpemilu.org#16697,"DESA TERUSAN, MARO SEBO ILIR, BATANGHARI, JAMBI",5,26,177,203
https://kawalpemilu.org#16697,"DESA TERUSAN, MARO SEBO ILIR, BATANGHARI, JAMBI",6,31,238,269
https://kawalpemilu.org#16697,"DESA TERUSAN, MARO SEBO ILIR, BATANGHARI, JAMBI",7,55,219,274
https://kawalpemilu.org#16697,"DESA TERUSAN, MARO SEBO ILIR, BATANGHARI, JAMBI",8,91,29,120
https://kawalpemilu.org#16698,"DANAU EMBAT, MARO SEBO ILIR, BATANGHARI, JAMBI",1,52,106,158
https://kawalpemilu.org#16698,"DANAU EMBAT, MARO SEBO ILIR, BATANGHARI, JAMBI",2,52,127,179
https://kawalpemilu.org#16698,"DANAU EMBAT, MARO SEBO ILIR, BATANGHARI, JAMBI",3,62,110,172
https://kawalpemilu.org#16698,"DANAU EMBAT, MARO SEBO ILIR, BATANGHARI, JAMBI",4,48,144,192
https://kawalpemilu.org#16698,"DANAU EMBAT, MARO SEBO ILIR, BATANGHARI, JAMBI",5,82,124,206
https://kawalpemilu.org#16698,"DANAU EMBAT, MARO SEBO ILIR, BATANGHARI, JAMBI",6,78,24,102
https://kawalpemilu.org#928936,"TERUSAN, MARO SEBO ILIR, BATANGHARI, JAMBI",1,61,142,203
https://kawalpemilu.org#928936,"TERUSAN, MARO SEBO ILIR, BATANGHARI, JAMBI",2,72,124,196
https://kawalpemilu.org#928936,"TERUSAN, MARO SEBO ILIR, BATANGHARI, JAMBI",3,56,140,196
https://kawalpemilu.org#928936,"TERUSAN, MARO SEBO ILIR, BATANGHARI, JAMBI",4,29,170,199
https://kawalpemilu.org#928936,"TERUSAN, MARO SEBO ILIR, BATANGHARI, JAMBI",5,49,153,202
https://kawalpemilu.org#928936,"TERUSAN, MARO SEBO ILIR, BATANGHARI, JAMBI",6,61,104,165
https://kawalpemilu.org#16701,"PIJOAN, JAMBI LUAR KOTA, MUARO JAMBI, JAMBI",1,41,190,231
https://kawalpemilu.org#16701,"PIJOAN, JAMBI LUAR KOTA, MUARO JAMBI, JAMBI",2,29,61,90
https://kawalpemilu.org#16701,"PIJOAN, JAMBI LUAR KOTA, MUARO JAMBI, JAMBI",3,18,117,135
https://kawalpemilu.org#16701,"PIJOAN, JAMBI LUAR KOTA, MUARO JAMBI, JAMBI",4,26,153,179
https://kawalpemilu.org#16701,"PIJOAN, JAMBI LUAR KOTA, MUARO JAMBI, JAMBI",5,66,176,242
https://kawalpemilu.org#16701,"PIJOAN, JAMBI LUAR KOTA, MUARO JAMBI, JAMBI",6,113,113,226
https://kawalpemilu.org#16701,"PIJOAN, JAMBI LUAR KOTA, MUARO JAMBI, JAMBI",7,59,139,198
https://kawalpemilu.org#16701,"PIJOAN, JAMBI LUAR KOTA, MUARO JAMBI, JAMBI",8,25,114,139
https://kawalpemilu.org#16701,"PIJOAN, JAMBI LUAR KOTA, MUARO JAMBI, JAMBI",9,92,160,252
https://kawalpemilu.org#16701,"PIJOAN, JAMBI LUAR KOTA, MUARO JAMBI, JAMBI",10,173,37,210
https://kawalpemilu.org#16701,"PIJOAN, JAMBI LUAR KOTA, MUARO JAMBI, JAMBI",11,87,107,194
https://kawalpemilu.org#16701,"PIJOAN, JAMBI LUAR KOTA, MUARO JAMBI, JAMBI",12,46,153,199
https://kawalpemilu.org#16701,"PIJOAN, JAMBI LUAR KOTA, MUARO JAMBI, JAMBI",13,101,79,180
https://kawalpemilu.org#16701,"PIJOAN, JAMBI LUAR KOTA, MUARO JAMBI, JAMBI",14,64,189,253
https://kawalpemilu.org#16701,"PIJOAN, JAMBI LUAR KOTA, MUARO JAMBI, JAMBI",15,111,68,179
https://kawalpemilu.org#16701,"PIJOAN, JAMBI LUAR KOTA, MUARO JAMBI, JAMBI",16,143,99,242
https://kawalpemilu.org#16701,"PIJOAN, JAMBI LUAR KOTA, MUARO JAMBI, JAMBI",17,110,42,152
https://kawalpemilu.org#16701,"PIJOAN, JAMBI LUAR KOTA, MUARO JAMBI, JAMBI",18,83,88,171
https://kawalpemilu.org#16702,"SUNGAI BERTAM, JAMBI LUAR KOTA, MUARO JAMBI, JAMBI",1,84,135,219
https://kawalpemilu.org#16702,"SUNGAI BERTAM, JAMBI LUAR KOTA, MUARO JAMBI, JAMBI",2,126,90,216
https://kawalpemilu.org#16702,"SUNGAI BERTAM, JAMBI LUAR KOTA, MUARO JAMBI, JAMBI",3,104,106,210
https://kawalpemilu.org#16702,"SUNGAI BERTAM, JAMBI LUAR KOTA, MUARO JAMBI, JAMBI",4,80,77,157
https://kawalpemilu.org#16702,"SUNGAI BERTAM, JAMBI LUAR KOTA, MUARO JAMBI, JAMBI",5,73,86,159
https://kawalpemilu.org#16702,"SUNGAI BERTAM, JAMBI LUAR KOTA, MUARO JAMBI, JAMBI",6,54,68,122
https://kawalpemilu.org#16702,"SUNGAI BERTAM, JAMBI LUAR KOTA, MUARO JAMBI, JAMBI",7,67,67,134
https://kawalpemilu.org#16702,"SUNGAI BERTAM, JAMBI LUAR KOTA, MUARO JAMBI, JAMBI",8,51,78,129
https://kawalpemilu.org#16702,"SUNGAI BERTAM, JAMBI LUAR KOTA, MUARO JAMBI, JAMBI",9,41,76,117
https://kawalpemilu.org#16702,"SUNGAI BERTAM, JAMBI LUAR KOTA, MUARO JAMBI, JAMBI",10,117,83,200
https://kawalpemilu.org#16702,"SUNGAI BERTAM, JAMBI LUAR KOTA, MUARO JAMBI, JAMBI",11,126,90,216
https://kawalpemilu.org#16702,"SUNGAI BERTAM, JAMBI LUAR KOTA, MUARO JAMBI, JAMBI",12,67,204,271
https://kawalpemilu.org#16703,"PEMATANG JERING, JAMBI LUAR KOTA, MUARO JAMBI, JAMBI",1,20,230,250
https://kawalpemilu.org#16703,"PEMATANG JERING, JAMBI LUAR KOTA, MUARO JAMBI, JAMBI",2,42,134,176
https://kawalpemilu.org#16703,"PEMATANG JERING, JAMBI LUAR KOTA, MUARO JAMBI, JAMBI",3,50,97,147
https://kawalpemilu.org#16703,"PEMATANG JERING, JAMBI LUAR KOTA, MUARO JAMBI, JAMBI",4,83,112,195
https://kawalpemilu.org#16704,"MUARO PIJOAN, JAMBI LUAR KOTA, MUARO JAMBI, JAMBI",1,72,175,242
https://kawalpemilu.org#16704,"MUARO PIJOAN, JAMBI LUAR KOTA, MUARO JAMBI, JAMBI",2,93,92,185
https://kawalpemilu.org#16704,"MUARO PIJOAN, JAMBI LUAR KOTA, MUARO JAMBI, JAMBI",3,85,89,174
https://kawalpemilu.org#16704,"MUARO PIJOAN, JAMBI LUAR KOTA, MUARO JAMBI, JAMBI",4,146,87,233
https://kawalpemilu.org#16704,"MUARO PIJOAN, JAMBI LUAR KOTA, MUARO JAMBI, JAMBI",5,63,65,128
https://kawalpemilu.org#16704,"MUARO PIJOAN, JAMBI LUAR KOTA, MUARO JAMBI, JAMBI",6,81,40,121
https://kawalpemilu.org#16704,"MUARO PIJOAN, JAMBI LUAR KOTA, MUARO JAMBI, JAMBI",7,141,55,196
https://kawalpemilu.org#16705,"SUNGAI DUREN, JAMBI LUAR KOTA, MUARO JAMBI, JAMBI",1,60,169,229
https://kawalpemilu.org#16705,"SUNGAI DUREN, JAMBI LUAR KOTA, MUARO JAMBI, JAMBI",2,70,185,255
https://kawalpemilu.org#16705,"SUNGAI DUREN, JAMBI LUAR KOTA, MUARO JAMBI, JAMBI",3,18,122,140
https://kawalpemilu.org#16705,"SUNGAI DUREN, JAMBI LUAR KOTA, MUARO JAMBI, JAMBI",4,44,169,213
https://kawalpemilu.org#16705,"SUNGAI DUREN, JAMBI LUAR KOTA, MUARO JAMBI, JAMBI",5,50,147,197
https://kawalpemilu.org#16705,"SUNGAI DUREN, JAMBI LUAR KOTA, MUARO JAMBI, JAMBI",6,50,135,185
https://kawalpemilu.org#16705,"SUNGAI DUREN, JAMBI LUAR KOTA, MUARO JAMBI, JAMBI",7,132,133,265
https://kawalpemilu.org#16705,"SUNGAI DUREN, JAMBI LUAR KOTA, MUARO JAMBI, JAMBI",8,107,149,256
https://kawalpemilu.org#16706,"MENDALO DARAT, JAMBI LUAR KOTA, MUARO JAMBI, JAMBI",1,94,91,185
https://kawalpemilu.org#16706,"MENDALO DARAT, JAMBI LUAR KOTA, MUARO JAMBI, JAMBI",2,70,64,134
https://kawalpemilu.org#16706,"MENDALO DARAT, JAMBI LUAR KOTA, MUARO JAMBI, JAMBI",3,46,104,150
https://kawalpemilu.org#16706,"MENDALO DARAT, JAMBI LUAR KOTA, MUARO JAMBI, JAMBI",4,44,118,162
https://kawalpemilu.org#16706,"MENDALO DARAT, JAMBI LUAR KOTA, MUARO JAMBI, JAMBI",5,55,160,215
https://kawalpemilu.org#16706,"MENDALO DARAT, JAMBI LUAR KOTA, MUARO JAMBI, JAMBI",6,69,124,193
https://kawalpemilu.org#16706,"MENDALO DARAT, JAMBI LUAR KOTA, MUARO JAMBI, JAMBI",7,44,192,236
https://kawalpemilu.org#16706,"MENDALO DARAT, JAMBI LUAR KOTA, MUARO JAMBI, JAMBI",8,65,91,156
https://kawalpemilu.org#16706,"MENDALO DARAT, JAMBI LUAR KOTA, MUARO JAMBI, JAMBI",9,70,67,137
https://kawalpemilu.org#16706,"MENDALO DARAT, JAMBI LUAR KOTA, MUARO JAMBI, JAMBI",10,63,82,145
https://kawalpemilu.org#16706,"MENDALO DARAT, JAMBI LUAR KOTA, MUARO JAMBI, JAMBI",11,46,117,163
https://kawalpemilu.org#16706,"MENDALO DARAT, JAMBI LUAR KOTA, MUARO JAMBI, JAMBI",12,93,131,224
https://kawalpemilu.org#16706,"MENDALO DARAT, JAMBI LUAR KOTA, MUARO JAMBI, JAMBI",13,79,97,176
https://kawalpemilu.org#16706,"MENDALO DARAT, JAMBI LUAR KOTA, MUARO JAMBI, JAMBI",14,61,92,153
https://kawalpemilu.org#16706,"MENDALO DARAT, JAMBI LUAR KOTA, MUARO JAMBI, JAMBI",15,57,105,162
https://kawalpemilu.org#16706,"MENDALO DARAT, JAMBI LUAR KOTA, MUARO JAMBI, JAMBI",16,64,74,138
https://kawalpemilu.org#16706,"MENDALO DARAT, JAMBI LUAR KOTA, MUARO JAMBI, JAMBI",17,46,59,105
https://kawalpemilu.org#16706,"MENDALO DARAT, JAMBI LUAR KOTA, MUARO JAMBI, JAMBI",18,100,82,182
https://kawalpemilu.org#16706,"MENDALO DARAT, JAMBI LUAR KOTA, MUARO JAMBI, JAMBI",19,92,87,179
https://kawalpemilu.org#16706,"MENDALO DARAT, JAMBI LUAR KOTA, MUARO JAMBI, JAMBI",20,134,80,214
https://kawalpemilu.org#16706,"MENDALO DARAT, JAMBI LUAR KOTA, MUARO JAMBI, JAMBI",21,126,103,229
https://kawalpemilu.org#16706,"MENDALO DARAT, JAMBI LUAR KOTA, MUARO JAMBI, JAMBI",22,149,120,269
https://kawalpemilu.org#16706,"MENDALO DARAT, JAMBI LUAR KOTA, MUARO JAMBI, JAMBI",23,77,78,155
https://kawalpemilu.org#16706,"MENDALO DARAT, JAMBI LUAR KOTA, MUARO JAMBI, JAMBI",24,93,54,147
https://kawalpemilu.org#16706,"MENDALO DARAT, JAMBI LUAR KOTA, MUARO JAMBI, JAMBI",25,88,102,190
https://kawalpemilu.org#16706,"MENDALO DARAT, JAMBI LUAR KOTA, MUARO JAMBI, JAMBI",26,81,97,178
https://kawalpemilu.org#16706,"MENDALO DARAT, JAMBI LUAR KOTA, MUARO JAMBI, JAMBI",27,62,58,120
https://kawalpemilu.org#16706,"MENDALO DARAT, JAMBI LUAR KOTA, MUARO JAMBI, JAMBI",28,62,79,141
https://kawalpemilu.org#16706,"MENDALO DARAT, JAMBI LUAR KOTA, MUARO JAMBI, JAMBI",29,111,96,207
https://kawalpemilu.org#16706,"MENDALO DARAT, JAMBI LUAR KOTA, MUARO JAMBI, JAMBI",30,75,60,135
https://kawalpemilu.org#16706,"MENDALO DARAT, JAMBI LUAR KOTA, MUARO JAMBI, JAMBI",31,85,139,224
https://kawalpemilu.org#16706,"MENDALO DARAT, JAMBI LUAR KOTA, MUARO JAMBI, JAMBI",32,48,140,188
https://kawalpemilu.org#16706,"MENDALO DARAT, JAMBI LUAR KOTA, MUARO JAMBI, JAMBI",33,53,109,162
https://kawalpemilu.org#16706,"MENDALO DARAT, JAMBI LUAR KOTA, MUARO JAMBI, JAMBI",34,49,142,191
https://kawalpemilu.org#16706,"MENDALO DARAT, JAMBI LUAR KOTA, MUARO JAMBI, JAMBI",35,91,142,233
https://kawalpemilu.org#16706,"MENDALO DARAT, JAMBI LUAR KOTA, MUARO JAMBI, JAMBI",36,43,121,164
https://kawalpemilu.org#16706,"MENDALO DARAT, JAMBI LUAR KOTA, MUARO JAMBI, JAMBI",37,101,110,211
https://kawalpemilu.org#16706,"MENDALO DARAT, JAMBI LUAR KOTA, MUARO JAMBI, JAMBI",38,123,120,243
https://kawalpemilu.org#16707,"RENGAS BANDUNG, JAMBI LUAR KOTA, MUARO JAMBI, JAMBI",1,114,144,258
https://kawalpemilu.org#16707,"RENGAS BANDUNG, JAMBI LUAR KOTA, MUARO JAMBI, JAMBI",2,85,142,227
https://kawalpemilu.org#16707,"RENGAS BANDUNG, JAMBI LUAR KOTA, MUARO JAMBI, JAMBI",3,79,157,236
https://kawalpemilu.org#16707,"RENGAS BANDUNG, JAMBI LUAR KOTA, MUARO JAMBI, JAMBI",4,87,112,199
https://kawalpemilu.org#16707,"RENGAS BANDUNG, JAMBI LUAR KOTA, MUARO JAMBI, JAMBI",5,69,114,183
https://kawalpemilu.org#16707,"RENGAS BANDUNG, JAMBI LUAR KOTA, MUARO JAMBI, JAMBI",6,61,94,155
https://kawalpemilu.org#16707,"RENGAS BANDUNG, JAMBI LUAR KOTA, MUARO JAMBI, JAMBI",7,68,93,161
https://kawalpemilu.org#16707,"RENGAS BANDUNG, JAMBI LUAR KOTA, MUARO JAMBI, JAMBI",8,81,156,237
https://kawalpemilu.org#16708,"SARANG BURUNG, JAMBI LUAR KOTA, MUARO JAMBI, JAMBI",1,33,195,228
https://kawalpemilu.org#16708,"SARANG BURUNG, JAMBI LUAR KOTA, MUARO JAMBI, JAMBI",2,20,92,112
https://kawalpemilu.org#16708,"SARANG BURUNG, JAMBI LUAR KOTA, MUARO JAMBI, JAMBI",3,42,134,176
https://kawalpemilu.org#16708,"SARANG BURUNG, JAMBI LUAR KOTA, MUARO JAMBI, JAMBI",4,66,193,259
https://kawalpemilu.org#16708,"SARANG BURUNG, JAMBI LUAR KOTA, MUARO JAMBI, JAMBI",5,55,174,229
https://kawalpemilu.org#16708,"SARANG BURUNG, JAMBI LUAR KOTA, MUARO JAMBI, JAMBI",6,42,72,114
https://kawalpemilu.org#16708,"SARANG BURUNG, JAMBI LUAR KOTA, MUARO JAMBI, JAMBI",7,51,138,189
https://kawalpemilu.org#16708,"SARANG BURUNG, JAMBI LUAR KOTA, MUARO JAMBI, JAMBI",8,44,108,152
https://kawalpemilu.org#16708,"SARANG BURUNG, JAMBI LUAR KOTA, MUARO JAMBI, JAMBI",9,33,68,101
https://kawalpemilu.org#16709,"MENDALO LAUT, JAMBI LUAR KOTA, MUARO JAMBI, JAMBI",1,59,208,267
https://kawalpemilu.org#16709,"MENDALO LAUT, JAMBI LUAR KOTA, MUARO JAMBI, JAMBI",2,36,203,239
https://kawalpemilu.org#16709,"MENDALO LAUT, JAMBI LUAR KOTA, MUARO JAMBI, JAMBI",3,49,162,211
https://kawalpemilu.org#16710,"SEMBUBUK, JAMBI LUAR KOTA, MUARO JAMBI, JAMBI",1,86,147,233
https://kawalpemilu.org#16710,"SEMBUBUK, JAMBI LUAR KOTA, MUARO JAMBI, JAMBI",2,76,150,226
https://kawalpemilu.org#16710,"SEMBUBUK, JAMBI LUAR KOTA, MUARO JAMBI, JAMBI",3,60,116,176
https://kawalpemilu.org#16710,"SEMBUBUK, JAMBI LUAR KOTA, MUARO JAMBI, JAMBI",4,40,116,156
https://kawalpemilu.org#16710,"SEMBUBUK, JAMBI LUAR KOTA, MUARO JAMBI, JAMBI",5,20,42,62
https://kawalpemilu.org#16710,"SEMBUBUK, JAMBI LUAR KOTA, MUARO JAMBI, JAMBI",6,36,68,104
https://kawalpemilu.org#16710,"SEMBUBUK, JAMBI LUAR KOTA, MUARO JAMBI, JAMBI",7,70,132,202
https://kawalpemilu.org#16711,"SENAUNG, JAMBI LUAR KOTA, MUARO JAMBI, JAMBI",1,97,133,230
https://kawalpemilu.org#16711,"SENAUNG, JAMBI LUAR KOTA, MUARO JAMBI, JAMBI",2,61,173,234
https://kawalpemilu.org#16711,"SENAUNG, JAMBI LUAR KOTA, MUARO JAMBI, JAMBI",3,72,168,240
https://kawalpemilu.org#16711,"SENAUNG, JAMBI LUAR KOTA, MUARO JAMBI, JAMBI",4,58,170,228
https://kawalpemilu.org#16711,"SENAUNG, JAMBI LUAR KOTA, MUARO JAMBI, JAMBI",5,50,223,273
https://kawalpemilu.org#16711,"SENAUNG, JAMBI LUAR KOTA, MUARO JAMBI, JAMBI",6,60,180,240
https://kawalpemilu.org#16711,"SENAUNG, JAMBI LUAR KOTA, MUARO JAMBI, JAMBI",7,74,162,236
https://kawalpemilu.org#16712,"PENYENGAT OLAK, JAMBI LUAR KOTA, MUARO JAMBI, JAMBI",1,44,149,193
https://kawalpemilu.org#16712,"PENYENGAT OLAK, JAMBI LUAR KOTA, MUARO JAMBI, JAMBI",3,58,107,165
https://kawalpemilu.org#16712,"PENYENGAT OLAK, JAMBI LUAR KOTA, MUARO JAMBI, JAMBI",4,48,106,154
https://kawalpemilu.org#16712,"PENYENGAT OLAK, JAMBI LUAR KOTA, MUARO JAMBI, JAMBI",5,75,149,224
https://kawalpemilu.org#16712,"PENYENGAT OLAK, JAMBI LUAR KOTA, MUARO JAMBI, JAMBI",6,48,104,152
https://kawalpemilu.org#16712,"PENYENGAT OLAK, JAMBI LUAR KOTA, MUARO JAMBI, JAMBI",7,34,107,141
https://kawalpemilu.org#16712,"PENYENGAT OLAK, JAMBI LUAR KOTA, MUARO JAMBI, JAMBI",8,30,112,142
https://kawalpemilu.org#16712,"PENYENGAT OLAK, JAMBI LUAR KOTA, MUARO JAMBI, JAMBI",9,32,115,147
https://kawalpemilu.org#16712,"PENYENGAT OLAK, JAMBI LUAR KOTA, MUARO JAMBI, JAMBI",10,37,104,141
https://kawalpemilu.org#16712,"PENYENGAT OLAK, JAMBI LUAR KOTA, MUARO JAMBI, JAMBI",11,42,107,149
https://kawalpemilu.org#16712,"PENYENGAT OLAK, JAMBI LUAR KOTA, MUARO JAMBI, JAMBI",12,40,135,175
https://kawalpemilu.org#16712,"PENYENGAT OLAK, JAMBI LUAR KOTA, MUARO JAMBI, JAMBI",13,44,141,185
https://kawalpemilu.org#16713,"SIMPANG SUNGAI DUREN, JAMBI LUAR KOTA, MUARO JAMBI, JAMBI",1,159,103,262
https://kawalpemilu.org#16713,"SIMPANG SUNGAI DUREN, JAMBI LUAR KOTA, MUARO JAMBI, JAMBI",2,110,139,249
https://kawalpemilu.org#16713,"SIMPANG SUNGAI DUREN, JAMBI LUAR KOTA, MUARO JAMBI, JAMBI",3,112,104,216
https://kawalpemilu.org#16713,"SIMPANG SUNGAI DUREN, JAMBI LUAR KOTA, MUARO JAMBI, JAMBI",4,83,133,216
https://kawalpemilu.org#16713,"SIMPANG SUNGAI DUREN, JAMBI LUAR KOTA, MUARO JAMBI, JAMBI",5,96,158,254
https://kawalpemilu.org#16713,"SIMPANG SUNGAI DUREN, JAMBI LUAR KOTA, MUARO JAMBI, JAMBI",6,59,121,180
https://kawalpemilu.org#16713,"SIMPANG SUNGAI DUREN, JAMBI LUAR KOTA, MUARO JAMBI, JAMBI",7,39,127,166
https://kawalpemilu.org#16713,"SIMPANG SUNGAI DUREN, JAMBI LUAR KOTA, MUARO JAMBI, JAMBI",8,96,143,239
https://kawalpemilu.org#16713,"SIMPANG SUNGAI DUREN, JAMBI LUAR KOTA, MUARO JAMBI, JAMBI",9,113,132,245
https://kawalpemilu.org#16713,"SIMPANG SUNGAI DUREN, JAMBI LUAR KOTA, MUARO JAMBI, JAMBI",10,103,53,156
https://kawalpemilu.org#16714,"KEDEMANGAN, JAMBI LUAR KOTA, MUARO JAMBI, JAMBI",1,84,167,251
https://kawalpemilu.org#16714,"KEDEMANGAN, JAMBI LUAR KOTA, MUARO JAMBI, JAMBI",2,60,150,210
https://kawalpemilu.org#16714,"KEDEMANGAN, JAMBI LUAR KOTA, MUARO JAMBI, JAMBI",3,71,131,202
https://kawalpemilu.org#16714,"KEDEMANGAN, JAMBI LUAR KOTA, MUARO JAMBI, JAMBI",4,70,136,206
https://kawalpemilu.org#16714,"KEDEMANGAN, JAMBI LUAR KOTA, MUARO JAMBI, JAMBI",5,67,137,204
https://kawalpemilu.org#16714,"KEDEMANGAN, JAMBI LUAR KOTA, MUARO JAMBI, JAMBI",6,80,199,279
https://kawalpemilu.org#16714,"KEDEMANGAN, JAMBI LUAR KOTA, MUARO JAMBI, JAMBI",7,105,158,263
https://kawalpemilu.org#16715,"MUHAJIRIN, JAMBI LUAR KOTA, MUARO JAMBI, JAMBI",1,49,145,194
https://kawalpemilu.org#16715,"MUHAJIRIN, JAMBI LUAR KOTA, MUARO JAMBI, JAMBI",2,41,141,182
https://kawalpemilu.org#16715,"MUHAJIRIN, JAMBI LUAR KOTA, MUARO JAMBI, JAMBI",3,79,126,205
https://kawalpemilu.org#16715,"MUHAJIRIN, JAMBI LUAR KOTA, MUARO JAMBI, JAMBI",4,76,165,241
https://kawalpemilu.org#16715,"MUHAJIRIN, JAMBI LUAR KOTA, MUARO JAMBI, JAMBI",5,52,121,173
https://kawalpemilu.org#16715,"MUHAJIRIN, JAMBI LUAR KOTA, MUARO JAMBI, JAMBI",6,51,120,171
https://kawalpemilu.org#16715,"MUHAJIRIN, JAMBI LUAR KOTA, MUARO JAMBI, JAMBI",7,68,73,141
https://kawalpemilu.org#16715,"MUHAJIRIN, JAMBI LUAR KOTA, MUARO JAMBI, JAMBI",8,61,132,193
https://kawalpemilu.org#16715,"MUHAJIRIN, JAMBI LUAR KOTA, MUARO JAMBI, JAMBI",9,66,185,251
https://kawalpemilu.org#16715,"MUHAJIRIN, JAMBI LUAR KOTA, MUARO JAMBI, JAMBI",10,105,95,200
https://kawalpemilu.org#16715,"MUHAJIRIN, JAMBI LUAR KOTA, MUARO JAMBI, JAMBI",11,122,66,188
https://kawalpemilu.org#16716,"MARO SEBO, JAMBI LUAR KOTA, MUARO JAMBI, JAMBI",1,99,95,194
https://kawalpemilu.org#16716,"MARO SEBO, JAMBI LUAR KOTA, MUARO JAMBI, JAMBI",2,90,94,184
https://kawalpemilu.org#16716,"MARO SEBO, JAMBI LUAR KOTA, MUARO JAMBI, JAMBI",3,88,161,249
https://kawalpemilu.org#16716,"MARO SEBO, JAMBI LUAR KOTA, MUARO JAMBI, JAMBI",4,28,25,53
https://kawalpemilu.org#16717,"SIMPANG LIMO, JAMBI LUAR KOTA, MUARO JAMBI, JAMBI",1,44,84,128
https://kawalpemilu.org#16717,"SIMPANG LIMO, JAMBI LUAR KOTA, MUARO JAMBI, JAMBI",2,38,94,132
https://kawalpemilu.org#16717,"SIMPANG LIMO, JAMBI LUAR KOTA, MUARO JAMBI, JAMBI",3,45,109,154
https://kawalpemilu.org#16717,"SIMPANG LIMO, JAMBI LUAR KOTA, MUARO JAMBI, JAMBI",4,65,178,243
https://kawalpemilu.org#16717,"SIMPANG LIMO, JAMBI LUAR KOTA, MUARO JAMBI, JAMBI",5,38,122,160
https://kawalpemilu.org#16717,"SIMPANG LIMO, JAMBI LUAR KOTA, MUARO JAMBI, JAMBI",6,44,109,153
https://kawalpemilu.org#16717,"SIMPANG LIMO, JAMBI LUAR KOTA, MUARO JAMBI, JAMBI",7,55,99,154
https://kawalpemilu.org#16717,"SIMPANG LIMO, JAMBI LUAR KOTA, MUARO JAMBI, JAMBI",8,60,100,160
https://kawalpemilu.org#16717,"SIMPANG LIMO, JAMBI LUAR KOTA, MUARO JAMBI, JAMBI",9,64,105,169
https://kawalpemilu.org#16718,"DANAU SARANG ELANG, JAMBI LUAR KOTA, MUARO JAMBI, JAMBI",1,110,101,211
https://kawalpemilu.org#16718,"DANAU SARANG ELANG, JAMBI LUAR KOTA, MUARO JAMBI, JAMBI",2,143,99,242
https://kawalpemilu.org#16718,"DANAU SARANG ELANG, JAMBI LUAR KOTA, MUARO JAMBI, JAMBI",3,181,62,243
https://kawalpemilu.org#84604,"MENDALO INDAH, JAMBI LUAR KOTA, MUARO JAMBI, JAMBI",1,92,138,230
https://kawalpemilu.org#84604,"MENDALO INDAH, JAMBI LUAR KOTA, MUARO JAMBI, JAMBI",2,85,127,212
https://kawalpemilu.org#84604,"MENDALO INDAH, JAMBI LUAR KOTA, MUARO JAMBI, JAMBI",3,77,131,208
https://kawalpemilu.org#84604,"MENDALO INDAH, JAMBI LUAR KOTA, MUARO JAMBI, JAMBI",4,48,123,171
https://kawalpemilu.org#84604,"MENDALO INDAH, JAMBI LUAR KOTA, MUARO JAMBI, JAMBI",5,76,185,261
https://kawalpemilu.org#84604,"MENDALO INDAH, JAMBI LUAR KOTA, MUARO JAMBI, JAMBI",6,77,147,224
https://kawalpemilu.org#84604,"MENDALO INDAH, JAMBI LUAR KOTA, MUARO JAMBI, JAMBI",7,66,109,175
https://kawalpemilu.org#84604,"MENDALO INDAH, JAMBI LUAR KOTA, MUARO JAMBI, JAMBI",8,53,151,204
https://kawalpemilu.org#84604,"MENDALO INDAH, JAMBI LUAR KOTA, MUARO JAMBI, JAMBI",9,47,162,209
https://kawalpemilu.org#84604,"MENDALO INDAH, JAMBI LUAR KOTA, MUARO JAMBI, JAMBI",10,35,93,128
https://kawalpemilu.org#84604,"MENDALO INDAH, JAMBI LUAR KOTA, MUARO JAMBI, JAMBI",11,42,66,108
https://kawalpemilu.org#84604,"MENDALO INDAH, JAMBI LUAR KOTA, MUARO JAMBI, JAMBI",12,55,105,160
https://kawalpemilu.org#84605,"PEMATANG GAJAH, JAMBI LUAR KOTA, MUARO JAMBI, JAMBI",1,71,77,148
https://kawalpemilu.org#84605,"PEMATANG GAJAH, JAMBI LUAR KOTA, MUARO JAMBI, JAMBI",2,96,106,202
https://kawalpemilu.org#84605,"PEMATANG GAJAH, JAMBI LUAR KOTA, MUARO JAMBI, JAMBI",3,110,46,156
https://kawalpemilu.org#84605,"PEMATANG GAJAH, JAMBI LUAR KOTA, MUARO JAMBI, JAMBI",4,105,82,187
https://kawalpemilu.org#84605,"PEMATANG GAJAH, JAMBI LUAR KOTA, MUARO JAMBI, JAMBI",5,93,137,230
https://kawalpemilu.org#84605,"PEMATANG GAJAH, JAMBI LUAR KOTA, MUARO JAMBI, JAMBI",6,59,99,158
https://kawalpemilu.org#84605,"PEMATANG GAJAH, JAMBI LUAR KOTA, MUARO JAMBI, JAMBI",7,115,129,244
https://kawalpemilu.org#84605,"PEMATANG GAJAH, JAMBI LUAR KOTA, MUARO JAMBI, JAMBI",8,63,100,163
https://kawalpemilu.org#84605,"PEMATANG GAJAH, JAMBI LUAR KOTA, MUARO JAMBI, JAMBI",9,104,142,246
https://kawalpemilu.org#84605,"PEMATANG GAJAH, JAMBI LUAR KOTA, MUARO JAMBI, JAMBI",10,41,85,126
https://kawalpemilu.org#84605,"PEMATANG GAJAH, JAMBI LUAR KOTA, MUARO JAMBI, JAMBI",11,79,96,175
https://kawalpemilu.org#84605,"PEMATANG GAJAH, JAMBI LUAR KOTA, MUARO JAMBI, JAMBI",12,88,75,163
https://kawalpemilu.org#84605,"PEMATANG GAJAH, JAMBI LUAR KOTA, MUARO JAMBI, JAMBI",13,87,112,199
https://kawalpemilu.org#84605,"PEMATANG GAJAH, JAMBI LUAR KOTA, MUARO JAMBI, JAMBI",14,138,99,237
https://kawalpemilu.org#16720,"SENGETI, SEKERNAN, MUARO JAMBI, JAMBI",1,70,93,163
https://kawalpemilu.org#16720,"SENGETI, SEKERNAN, MUARO JAMBI, JAMBI",2,107,150,257
https://kawalpemilu.org#16720,"SENGETI, SEKERNAN, MUARO JAMBI, JAMBI",3,72,98,170
https://kawalpemilu.org#16720,"SENGETI, SEKERNAN, MUARO JAMBI, JAMBI",4,35,114,149
https://kawalpemilu.org#16720,"SENGETI, SEKERNAN, MUARO JAMBI, JAMBI",5,67,192,259
https://kawalpemilu.org#16720,"SENGETI, SEKERNAN, MUARO JAMBI, JAMBI",6,114,146,260
https://kawalpemilu.org#16720,"SENGETI, SEKERNAN, MUARO JAMBI, JAMBI",7,102,129,231
https://kawalpemilu.org#16720,"SENGETI, SEKERNAN, MUARO JAMBI, JAMBI",8,128,131,259
https://kawalpemilu.org#16720,"SENGETI, SEKERNAN, MUARO JAMBI, JAMBI",9,146,109,255
https://kawalpemilu.org#16720,"SENGETI, SEKERNAN, MUARO JAMBI, JAMBI",10,84,134,218
https://kawalpemilu.org#16720,"SENGETI, SEKERNAN, MUARO JAMBI, JAMBI",11,48,109,157
https://kawalpemilu.org#16720,"SENGETI, SEKERNAN, MUARO JAMBI, JAMBI",12,146,20,166
https://kawalpemilu.org#16720,"SENGETI, SEKERNAN, MUARO JAMBI, JAMBI",13,85,129,214
https://kawalpemilu.org#16720,"SENGETI, SEKERNAN, MUARO JAMBI, JAMBI",14,92,153,245
https://kawalpemilu.org#16720,"SENGETI, SEKERNAN, MUARO JAMBI, JAMBI",15,135,117,252
https://kawalpemilu.org#16720,"SENGETI, SEKERNAN, MUARO JAMBI, JAMBI",16,74,96,170
https://kawalpemilu.org#16720,"SENGETI, SEKERNAN, MUARO JAMBI, JAMBI",17,100,136,236
https://kawalpemilu.org#16720,"SENGETI, SEKERNAN, MUARO JAMBI, JAMBI",18,129,102,231
https://kawalpemilu.org#16720,"SENGETI, SEKERNAN, MUARO JAMBI, JAMBI",19,98,159,257
https://kawalpemilu.org#16720,"SENGETI, SEKERNAN, MUARO JAMBI, JAMBI",20,135,18,153
https://kawalpemilu.org#16720,"SENGETI, SEKERNAN, MUARO JAMBI, JAMBI",21,77,122,199
https://kawalpemilu.org#16720,"SENGETI, SEKERNAN, MUARO JAMBI, JAMBI",22,200,14,214
https://kawalpemilu.org#16720,"SENGETI, SEKERNAN, MUARO JAMBI, JAMBI",23,100,77,177
https://kawalpemilu.org#16720,"SENGETI, SEKERNAN, MUARO JAMBI, JAMBI",24,109,58,169
https://kawalpemilu.org#16721,"SUAK PUTAT, SEKERNAN, MUARO JAMBI, JAMBI",1,123,91,214
https://kawalpemilu.org#16721,"SUAK PUTAT, SEKERNAN, MUARO JAMBI, JAMBI",2,208,55,263
https://kawalpemilu.org#16721,"SUAK PUTAT, SEKERNAN, MUARO JAMBI, JAMBI",3,86,14,100
https://kawalpemilu.org#16721,"SUAK PUTAT, SEKERNAN, MUARO JAMBI, JAMBI",4,182,50,232
https://kawalpemilu.org#16721,"SUAK PUTAT, SEKERNAN, MUARO JAMBI, JAMBI",5,194,20,214
https://kawalpemilu.org#16722,"RANTAU MAJO, SEKERNAN, MUARO JAMBI, JAMBI",1,93,76,169
https://kawalpemilu.org#16722,"RANTAU MAJO, SEKERNAN, MUARO JAMBI, JAMBI",2,68,44,112
https://kawalpemilu.org#16722,"RANTAU MAJO, SEKERNAN, MUARO JAMBI, JAMBI",3,58,100,158
https://kawalpemilu.org#16722,"RANTAU MAJO, SEKERNAN, MUARO JAMBI, JAMBI",4,44,77,121
https://kawalpemilu.org#16722,"RANTAU MAJO, SEKERNAN, MUARO JAMBI, JAMBI",5,53,108,161
https://kawalpemilu.org#16723,"PULAU KAYU ARO, SEKERNAN, MUARO JAMBI, JAMBI",1,74,84,158
https://kawalpemilu.org#16723,"PULAU KAYU ARO, SEKERNAN, MUARO JAMBI, JAMBI",2,80,74,154
https://kawalpemilu.org#16723,"PULAU KAYU ARO, SEKERNAN, MUARO JAMBI, JAMBI",3,77,71,148
https://kawalpemilu.org#16723,"PULAU KAYU ARO, SEKERNAN, MUARO JAMBI, JAMBI",4,96,106,202
https://kawalpemilu.org#16723,"PULAU KAYU ARO, SEKERNAN, MUARO JAMBI, JAMBI",5,20,99,119
https://kawalpemilu.org#16723,"PULAU KAYU ARO, SEKERNAN, MUARO JAMBI, JAMBI",6,51,93,144
https://kawalpemilu.org#16724,"PEMATANG PULAI, SEKERNAN, MUARO JAMBI, JAMBI",1,92,110,202
https://kawalpemilu.org#16724,"PEMATANG PULAI, SEKERNAN, MUARO JAMBI, JAMBI",2,82,108,190
https://kawalpemilu.org#16724,"PEMATANG PULAI, SEKERNAN, MUARO JAMBI, JAMBI",3,61,116,177
https://kawalpemilu.org#16724,"PEMATANG PULAI, SEKERNAN, MUARO JAMBI, JAMBI",4,84,83,167
https://kawalpemilu.org#16725,"TAN TAN, SEKERNAN, MUARO JAMBI, JAMBI",1,101,109,210
https://kawalpemilu.org#16725,"TAN TAN, SEKERNAN, MUARO JAMBI, JAMBI",2,71,87,158
https://kawalpemilu.org#16725,"TAN TAN, SEKERNAN, MUARO JAMBI, JAMBI",3,89,83,172
https://kawalpemilu.org#16725,"TAN TAN, SEKERNAN, MUARO JAMBI, JAMBI",4,69,86,155
https://kawalpemilu.org#16725,"TAN TAN, SEKERNAN, MUARO JAMBI, JAMBI",5,111,133,244
https://kawalpemilu.org#16725,"TAN TAN, SEKERNAN, MUARO JAMBI, JAMBI",6,84,118,202
https://kawalpemilu.org#16725,"TAN TAN, SEKERNAN, MUARO JAMBI, JAMBI",7,141,92,233
https://kawalpemilu.org#16726,"KEDOTAN, SEKERNAN, MUARO JAMBI, JAMBI",1,62,80,142
https://kawalpemilu.org#16726,"KEDOTAN, SEKERNAN, MUARO JAMBI, JAMBI",2,54,91,145
https://kawalpemilu.org#16726,"KEDOTAN, SEKERNAN, MUARO JAMBI, JAMBI",3,89,111,200
https://kawalpemilu.org#16726,"KEDOTAN, SEKERNAN, MUARO JAMBI, JAMBI",4,76,136,212
https://kawalpemilu.org#16726,"KEDOTAN, SEKERNAN, MUARO JAMBI, JAMBI",5,70,60,130
https://kawalpemilu.org#16726,"KEDOTAN, SEKERNAN, MUARO JAMBI, JAMBI",6,63,84,147
https://kawalpemilu.org#16727,"KERANGGAN, SEKERNAN, MUARO JAMBI, JAMBI",1,121,83,204
https://kawalpemilu.org#16727,"KERANGGAN, SEKERNAN, MUARO JAMBI, JAMBI",2,76,120,196
https://kawalpemilu.org#16727,"KERANGGAN, SEKERNAN, MUARO JAMBI, JAMBI",3,105,36,141
https://kawalpemilu.org#16728,"BEREMBANG, SEKERNAN, MUARO JAMBI, JAMBI",1,38,155,193
https://kawalpemilu.org#16728,"BEREMBANG, SEKERNAN, MUARO JAMBI, JAMBI",2,98,151,249
https://kawalpemilu.org#16728,"BEREMBANG, SEKERNAN, MUARO JAMBI, JAMBI",3,36,96,132
https://kawalpemilu.org#16728,"BEREMBANG, SEKERNAN, MUARO JAMBI, JAMBI",4,38,94,132
https://kawalpemilu.org#16728,"BEREMBANG, SEKERNAN, MUARO JAMBI, JAMBI",5,58,122,180
https://kawalpemilu.org#16728,"BEREMBANG, SEKERNAN, MUARO JAMBI, JAMBI",6,98,126,224
https://kawalpemilu.org#16728,"BEREMBANG, SEKERNAN, MUARO JAMBI, JAMBI",7,92,89,181
https://kawalpemilu.org#16728,"BEREMBANG, SEKERNAN, MUARO JAMBI, JAMBI",8,170,49,219
https://kawalpemilu.org#16728,"BEREMBANG, SEKERNAN, MUARO JAMBI, JAMBI",9,111,138,249
https://kawalpemilu.org#16729,"SEKERNAN, SEKERNAN, MUARO JAMBI, JAMBI",1,106,151,257
https://kawalpemilu.org#16729,"SEKERNAN, SEKERNAN, MUARO JAMBI, JAMBI",2,112,118,230
https://kawalpemilu.org#16729,"SEKERNAN, SEKERNAN, MUARO JAMBI, JAMBI",3,64,91,155
https://kawalpemilu.org#16729,"SEKERNAN, SEKERNAN, MUARO JAMBI, JAMBI",4,64,120,184
https://kawalpemilu.org#16729,"SEKERNAN, SEKERNAN, MUARO JAMBI, JAMBI",5,76,186,262
https://kawalpemilu.org#16729,"SEKERNAN, SEKERNAN, MUARO JAMBI, JAMBI",6,88,133,221
https://kawalpemilu.org#16729,"SEKERNAN, SEKERNAN, MUARO JAMBI, JAMBI",7,53,138,191
https://kawalpemilu.org#16729,"SEKERNAN, SEKERNAN, MUARO JAMBI, JAMBI",8,96,140,236
https://kawalpemilu.org#16729,"SEKERNAN, SEKERNAN, MUARO JAMBI, JAMBI",9,62,134,196
https://kawalpemilu.org#16729,"SEKERNAN, SEKERNAN, MUARO JAMBI, JAMBI",10,92,92,184
https://kawalpemilu.org#16729,"SEKERNAN, SEKERNAN, MUARO JAMBI, JAMBI",11,92,77,169
https://kawalpemilu.org#16730,"GERUNGGUNG, SEKERNAN, MUARO JAMBI, JAMBI",1,127,104,231
https://kawalpemilu.org#16730,"GERUNGGUNG, SEKERNAN, MUARO JAMBI, JAMBI",2,129,38,167
https://kawalpemilu.org#16731,"TUNAS BARU, SEKERNAN, MUARO JAMBI, JAMBI",1,68,88,156
https://kawalpemilu.org#16731,"TUNAS BARU, SEKERNAN, MUARO JAMBI, JAMBI",2,58,118,176
https://kawalpemilu.org#16731,"TUNAS BARU, SEKERNAN, MUARO JAMBI, JAMBI",3,104,79,183
https://kawalpemilu.org#16731,"TUNAS BARU, SEKERNAN, MUARO JAMBI, JAMBI",4,124,75,199
https://kawalpemilu.org#16731,"TUNAS BARU, SEKERNAN, MUARO JAMBI, JAMBI",5,110,109,219
https://kawalpemilu.org#16731,"TUNAS BARU, SEKERNAN, MUARO JAMBI, JAMBI",6,76,111,187
https://kawalpemilu.org#16732,"BUKIT BALING, SEKERNAN, MUARO JAMBI, JAMBI",1,114,130,244
https://kawalpemilu.org#16732,"BUKIT BALING, SEKERNAN, MUARO JAMBI, JAMBI",2,44,82,126
https://kawalpemilu.org#16732,"BUKIT BALING, SEKERNAN, MUARO JAMBI, JAMBI",3,63,85,148
https://kawalpemilu.org#16732,"BUKIT BALING, SEKERNAN, MUARO JAMBI, JAMBI",4,96,135,231
https://kawalpemilu.org#16732,"BUKIT BALING, SEKERNAN, MUARO JAMBI, JAMBI",5,96,132,228
https://kawalpemilu.org#16732,"BUKIT BALING, SEKERNAN, MUARO JAMBI, JAMBI",6,170,76,246
https://kawalpemilu.org#16732,"BUKIT BALING, SEKERNAN, MUARO JAMBI, JAMBI",7,87,25,112
https://kawalpemilu.org#16732,"BUKIT BALING, SEKERNAN, MUARO JAMBI, JAMBI",8,151,40,191
https://kawalpemilu.org#16732,"BUKIT BALING, SEKERNAN, MUARO JAMBI, JAMBI",9,125,70,195
https://kawalpemilu.org#16732,"BUKIT BALING, SEKERNAN, MUARO JAMBI, JAMBI",10,53,14,67
https://kawalpemilu.org#16732,"BUKIT BALING, SEKERNAN, MUARO JAMBI, JAMBI",11,100,58,158
https://kawalpemilu.org#16732,"BUKIT BALING, SEKERNAN, MUARO JAMBI, JAMBI",12,86,53,139
https://kawalpemilu.org#16732,"BUKIT BALING, SEKERNAN, MUARO JAMBI, JAMBI",13,85,61,146
https://kawalpemilu.org#16732,"BUKIT BALING, SEKERNAN, MUARO JAMBI, JAMBI",14,64,22,86
https://kawalpemilu.org#16732,"BUKIT BALING, SEKERNAN, MUARO JAMBI, JAMBI",15,80,60,140
https://kawalpemilu.org#16732,"BUKIT BALING, SEKERNAN, MUARO JAMBI, JAMBI",16,22,26,48
https://kawalpemilu.org#16732,"BUKIT BALING, SEKERNAN, MUARO JAMBI, JAMBI",17,146,51,197
https://kawalpemilu.org#16732,"BUKIT BALING, SEKERNAN, MUARO JAMBI, JAMBI",18,157,73,230
https://kawalpemilu.org#16732,"BUKIT BALING, SEKERNAN, MUARO JAMBI, JAMBI",19,95,28,123
https://kawalpemilu.org#16732,"BUKIT BALING, SEKERNAN, MUARO JAMBI, JAMBI",20,135,18,153
https://kawalpemilu.org#16732,"BUKIT BALING, SEKERNAN, MUARO JAMBI, JAMBI",21,139,17,156
https://kawalpemilu.org#16732,"BUKIT BALING, SEKERNAN, MUARO JAMBI, JAMBI",22,200,14,214
https://kawalpemilu.org#16732,"BUKIT BALING, SEKERNAN, MUARO JAMBI, JAMBI",23,109,42,151
https://kawalpemilu.org#16732,"BUKIT BALING, SEKERNAN, MUARO JAMBI, JAMBI",24,61,58,119
https://kawalpemilu.org#16732,"BUKIT BALING, SEKERNAN, MUARO JAMBI, JAMBI",25,115,31,146
https://kawalpemilu.org#16732,"BUKIT BALING, SEKERNAN, MUARO JAMBI, JAMBI",26,106,80,186
https://kawalpemilu.org#16732,"BUKIT BALING, SEKERNAN, MUARO JAMBI, JAMBI",27,108,39,147
https://kawalpemilu.org#16732,"BUKIT BALING, SEKERNAN, MUARO JAMBI, JAMBI",28,38,96,134
https://kawalpemilu.org#16733,"TANJUNG LANJUT, SEKERNAN, MUARO JAMBI, JAMBI",1,100,103,203
https://kawalpemilu.org#16733,"TANJUNG LANJUT, SEKERNAN, MUARO JAMBI, JAMBI",2,126,15,141
https://kawalpemilu.org#16733,"TANJUNG LANJUT, SEKERNAN, MUARO JAMBI, JAMBI",3,147,88,235
https://kawalpemilu.org#16733,"TANJUNG LANJUT, SEKERNAN, MUARO JAMBI, JAMBI",4,142,72,214
https://kawalpemilu.org#16734,"SUKO AWIN JAYA, SEKERNAN, MUARO JAMBI, JAMBI",1,96,36,132
https://kawalpemilu.org#16734,"SUKO AWIN JAYA, SEKERNAN, MUARO JAMBI, JAMBI",2,136,54,190
https://kawalpemilu.org#16734,"SUKO AWIN JAYA, SEKERNAN, MUARO JAMBI, JAMBI",3,159,55,214
https://kawalpemilu.org#16734,"SUKO AWIN JAYA, SEKERNAN, MUARO JAMBI, JAMBI",4,175,32,207
https://kawalpemilu.org#16734,"SUKO AWIN JAYA, SEKERNAN, MUARO JAMBI, JAMBI",5,124,27,151
https://kawalpemilu.org#16734,"SUKO AWIN JAYA, SEKERNAN, MUARO JAMBI, JAMBI",6,139,38,177
https://kawalpemilu.org#16734,"SUKO AWIN JAYA, SEKERNAN, MUARO JAMBI, JAMBI",7,131,76,207
https://kawalpemilu.org#16734,"SUKO AWIN JAYA, SEKERNAN, MUARO JAMBI, JAMBI",8,102,20,122
https://kawalpemilu.org#16734,"SUKO AWIN JAYA, SEKERNAN, MUARO JAMBI, JAMBI",9,173,64,237
https://kawalpemilu.org#16734,"SUKO AWIN JAYA, SEKERNAN, MUARO JAMBI, JAMBI",10,69,33,102
https://kawalpemilu.org#16734,"SUKO AWIN JAYA, SEKERNAN, MUARO JAMBI, JAMBI",11,110,27,137
https://kawalpemilu.org#16734,"SUKO AWIN JAYA, SEKERNAN, MUARO JAMBI, JAMBI",12,123,28,151
https://kawalpemilu.org#16734,"SUKO AWIN JAYA, SEKERNAN, MUARO JAMBI, JAMBI",13,123,47,170
https://kawalpemilu.org#16734,"SUKO AWIN JAYA, SEKERNAN, MUARO JAMBI, JAMBI",14,128,12,140
https://kawalpemilu.org#16734,"SUKO AWIN JAYA, SEKERNAN, MUARO JAMBI, JAMBI",15,67,50,117
https://kawalpemilu.org#16734,"SUKO AWIN JAYA, SEKERNAN, MUARO JAMBI, JAMBI",16,111,29,140
https://kawalpemilu.org#16734,"SUKO AWIN JAYA, SEKERNAN, MUARO JAMBI, JAMBI",17,87,27,114
https://kawalpemilu.org#16734,"SUKO AWIN JAYA, SEKERNAN, MUARO JAMBI, JAMBI",18,93,41,134
https://kawalpemilu.org#16734,"SUKO AWIN JAYA, SEKERNAN, MUARO JAMBI, JAMBI",19,150,60,210
https://kawalpemilu.org#16734,"SUKO AWIN JAYA, SEKERNAN, MUARO JAMBI, JAMBI",20,181,40,227
https://kawalpemilu.org#16734,"SUKO AWIN JAYA, SEKERNAN, MUARO JAMBI, JAMBI",21,127,36,163
https://kawalpemilu.org#16734,"SUKO AWIN JAYA, SEKERNAN, MUARO JAMBI, JAMBI",22,120,37,157
https://kawalpemilu.org#16734,"SUKO AWIN JAYA, SEKERNAN, MUARO JAMBI, JAMBI",23,89,34,123
https://kawalpemilu.org#16735,"TUNAS MUDO, SEKERNAN, MUARO JAMBI, JAMBI",1,61,126,187
https://kawalpemilu.org#16735,"TUNAS MUDO, SEKERNAN, MUARO JAMBI, JAMBI",2,54,97,151
https://kawalpemilu.org#16735,"TUNAS MUDO, SEKERNAN, MUARO JAMBI, JAMBI",3,47,95,142
https://kawalpemilu.org#16735,"TUNAS MUDO, SEKERNAN, MUARO JAMBI, JAMBI",4,78,119,197
https://kawalpemilu.org#16735,"TUNAS MUDO, SEKERNAN, MUARO JAMBI, JAMBI",5,59,103,162
https://kawalpemilu.org#16735,"TUNAS MUDO, SEKERNAN, MUARO JAMBI, JAMBI",6,80,103,183
https://kawalpemilu.org#16737,"TANJUNG, KUMPEH, MUARO JAMBI, JAMBI",1,57,109,166
https://kawalpemilu.org#16737,"TANJUNG, KUMPEH, MUARO JAMBI, JAMBI",2,47,124,171
https://kawalpemilu.org#16737,"TANJUNG, KUMPEH, MUARO JAMBI, JAMBI",3,59,112,171
https://kawalpemilu.org#16737,"TANJUNG, KUMPEH, MUARO JAMBI, JAMBI",4,65,110,175
https://kawalpemilu.org#16737,"TANJUNG, KUMPEH, MUARO JAMBI, JAMBI",5,51,107,158
https://kawalpemilu.org#16737,"TANJUNG, KUMPEH, MUARO JAMBI, JAMBI",6,49,74,123
https://kawalpemilu.org#16737,"TANJUNG, KUMPEH, MUARO JAMBI, JAMBI",7,69,67,136
https://kawalpemilu.org#16737,"TANJUNG, KUMPEH, MUARO JAMBI, JAMBI",8,43,106,149
https://kawalpemilu.org#16737,"TANJUNG, KUMPEH, MUARO JAMBI, JAMBI",9,43,95,138
https://kawalpemilu.org#16737,"TANJUNG, KUMPEH, MUARO JAMBI, JAMBI",10,62,74,136
https://kawalpemilu.org#16737,"TANJUNG, KUMPEH, MUARO JAMBI, JAMBI",11,43,81,124
https://kawalpemilu.org#16737,"TANJUNG, KUMPEH, MUARO JAMBI, JAMBI",12,84,74,158
https://kawalpemilu.org#16737,"TANJUNG, KUMPEH, MUARO JAMBI, JAMBI",13,79,74,153
https://kawalpemilu.org#16737,"TANJUNG, KUMPEH, MUARO JAMBI, JAMBI",14,110,112,222
https://kawalpemilu.org#16737,"TANJUNG, KUMPEH, MUARO JAMBI, JAMBI",15,116,103,219
https://kawalpemilu.org#16737,"TANJUNG, KUMPEH, MUARO JAMBI, JAMBI",16,135,102,237
https://kawalpemilu.org#16738,"PUDING, KUMPEH, MUARO JAMBI, JAMBI",1,67,132,199
https://kawalpemilu.org#16738,"PUDING, KUMPEH, MUARO JAMBI, JAMBI",2,52,94,146
https://kawalpemilu.org#16738,"PUDING, KUMPEH, MUARO JAMBI, JAMBI",3,36,119,155
https://kawalpemilu.org#16739,"PULAU MENTARO, KUMPEH, MUARO JAMBI, JAMBI",1,78,80,158
https://kawalpemilu.org#16739,"PULAU MENTARO, KUMPEH, MUARO JAMBI, JAMBI",2,31,114,145
https://kawalpemilu.org#16739,"PULAU MENTARO, KUMPEH, MUARO JAMBI, JAMBI",3,56,103,159
https://kawalpemilu.org#16739,"PULAU MENTARO, KUMPEH, MUARO JAMBI, JAMBI",4,66,72,138
https://kawalpemilu.org#16739,"PULAU MENTARO, KUMPEH, MUARO JAMBI, JAMBI",5,105,51,156
https://kawalpemilu.org#16739,"PULAU MENTARO, KUMPEH, MUARO JAMBI, JAMBI",6,68,46,114
https://kawalpemilu.org#16740,"BETUNG, KUMPEH, MUARO JAMBI, JAMBI",1,105,66,171
https://kawalpemilu.org#16740,"BETUNG, KUMPEH, MUARO JAMBI, JAMBI",2,64,82,146
https://kawalpemilu.org#16740,"BETUNG, KUMPEH, MUARO JAMBI, JAMBI",3,90,119,209
https://kawalpemilu.org#16740,"BETUNG, KUMPEH, MUARO JAMBI, JAMBI",4,104,67,171
https://kawalpemilu.org#16740,"BETUNG, KUMPEH, MUARO JAMBI, JAMBI",5,78,76,154
https://kawalpemilu.org#16741,"PEMATANG RAMAN, KUMPEH, MUARO JAMBI, JAMBI",1,54,128,182
https://kawalpemilu.org#16741,"PEMATANG RAMAN, KUMPEH, MUARO JAMBI, JAMBI",2,32,95,127
https://kawalpemilu.org#16741,"PEMATANG RAMAN, KUMPEH, MUARO JAMBI, JAMBI",3,48,102,150
https://kawalpemilu.org#16741,"PEMATANG RAMAN, KUMPEH, MUARO JAMBI, JAMBI",4,51,83,134
https://kawalpemilu.org#16741,"PEMATANG RAMAN, KUMPEH, MUARO JAMBI, JAMBI",5,57,140,197
https://kawalpemilu.org#16741,"PEMATANG RAMAN, KUMPEH, MUARO JAMBI, JAMBI",6,54,86,140
https://kawalpemilu.org#16742,"SUNGAI BUNGUR, KUMPEH, MUARO JAMBI, JAMBI",1,65,52,117
https://kawalpemilu.org#16742,"SUNGAI BUNGUR, KUMPEH, MUARO JAMBI, JAMBI",2,97,111,208
https://kawalpemilu.org#16742,"SUNGAI BUNGUR, KUMPEH, MUARO JAMBI, JAMBI",3,47,85,132
https://kawalpemilu.org#16742,"SUNGAI BUNGUR, KUMPEH, MUARO JAMBI, JAMBI",4,92,27,119
https://kawalpemilu.org#16742,"SUNGAI BUNGUR, KUMPEH, MUARO JAMBI, JAMBI",5,69,109,178
https://kawalpemilu.org#16742,"SUNGAI BUNGUR, KUMPEH, MUARO JAMBI, JAMBI",6,91,96,187
https://kawalpemilu.org#16742,"SUNGAI BUNGUR, KUMPEH, MUARO JAMBI, JAMBI",7,113,48,161
https://kawalpemilu.org#16743,"SEPONJEN, KUMPEH, MUARO JAMBI, JAMBI",1,96,119,215
https://kawalpemilu.org#16743,"SEPONJEN, KUMPEH, MUARO JAMBI, JAMBI",2,79,136,215
https://kawalpemilu.org#16743,"SEPONJEN, KUMPEH, MUARO JAMBI, JAMBI",3,82,38,120
https://kawalpemilu.org#16743,"SEPONJEN, KUMPEH, MUARO JAMBI, JAMBI",4,108,60,168
https://kawalpemilu.org#16743,"SEPONJEN, KUMPEH, MUARO JAMBI, JAMBI",5,100,73,173
https://kawalpemilu.org#16744,"SOGO, KUMPEH, MUARO JAMBI, JAMBI",1,81,98,179
https://kawalpemilu.org#16744,"SOGO, KUMPEH, MUARO JAMBI, JAMBI",2,59,99,158
https://kawalpemilu.org#16744,"SOGO, KUMPEH, MUARO JAMBI, JAMBI",3,46,98,144
https://kawalpemilu.org#16745,"SUNGAI AUR, KUMPEH, MUARO JAMBI, JAMBI",1,77,42,119
https://kawalpemilu.org#16745,"SUNGAI AUR, KUMPEH, MUARO JAMBI, JAMBI",2,71,55,126
https://kawalpemilu.org#16745,"SUNGAI AUR, KUMPEH, MUARO JAMBI, JAMBI",3,61,30,91
https://kawalpemilu.org#16745,"SUNGAI AUR, KUMPEH, MUARO JAMBI, JAMBI",4,83,51,134
https://kawalpemilu.org#16745,"SUNGAI AUR, KUMPEH, MUARO JAMBI, JAMBI",5,101,73,174
https://kawalpemilu.org#16745,"SUNGAI AUR, KUMPEH, MUARO JAMBI, JAMBI",6,97,65,162
https://kawalpemilu.org#16745,"SUNGAI AUR, KUMPEH, MUARO JAMBI, JAMBI",7,100,45,145
https://kawalpemilu.org#16746,"JEBUS, KUMPEH, MUARO JAMBI, JAMBI",1,85,141,226
https://kawalpemilu.org#16746,"JEBUS, KUMPEH, MUARO JAMBI, JAMBI",2,103,95,198
https://kawalpemilu.org#16747,"GEDONG KARYA, KUMPEH, MUARO JAMBI, JAMBI",1,68,43,111
https://kawalpemilu.org#16747,"GEDONG KARYA, KUMPEH, MUARO JAMBI, JAMBI",2,38,70,108
https://kawalpemilu.org#16747,"GEDONG KARYA, KUMPEH, MUARO JAMBI, JAMBI",3,57,167,224
https://kawalpemilu.org#16747,"GEDONG KARYA, KUMPEH, MUARO JAMBI, JAMBI",4,83,107,190
https://kawalpemilu.org#16747,"GEDONG KARYA, KUMPEH, MUARO JAMBI, JAMBI",5,91,122,213
https://kawalpemilu.org#16747,"GEDONG KARYA, KUMPEH, MUARO JAMBI, JAMBI",6,86,83,169
https://kawalpemilu.org#16748,"RANTAU PANJANG, KUMPEH, MUARO JAMBI, JAMBI",1,88,106,194
https://kawalpemilu.org#16748,"RANTAU PANJANG, KUMPEH, MUARO JAMBI, JAMBI",2,71,110,181
https://kawalpemilu.org#16748,"RANTAU PANJANG, KUMPEH, MUARO JAMBI, JAMBI",3,123,96,219
https://kawalpemilu.org#16748,"RANTAU PANJANG, KUMPEH, MUARO JAMBI, JAMBI",4,109,83,192
https://kawalpemilu.org#16749,"LONDERANG, KUMPEH, MUARO JAMBI, JAMBI",1,97,65,165
https://kawalpemilu.org#16749,"LONDERANG, KUMPEH, MUARO JAMBI, JAMBI",2,82,74,156
https://kawalpemilu.org#16749,"LONDERANG, KUMPEH, MUARO JAMBI, JAMBI",3,106,39,145
https://kawalpemilu.org#16749,"LONDERANG, KUMPEH, MUARO JAMBI, JAMBI",4,103,91,194
https://kawalpemilu.org#16750,"PETANANG, KUMPEH, MUARO JAMBI, JAMBI",1,107,74,181
https://kawalpemilu.org#16750,"PETANANG, KUMPEH, MUARO JAMBI, JAMBI",2,98,25,123
https://kawalpemilu.org#16751,"MEKAR SARI, KUMPEH, MUARO JAMBI, JAMBI",1,161,27,188
https://kawalpemilu.org#16751,"MEKAR SARI, KUMPEH, MUARO JAMBI, JAMBI",2,190,60,250
https://kawalpemilu.org#16751,"MEKAR SARI, KUMPEH, MUARO JAMBI, JAMBI",3,191,42,233
https://kawalpemilu.org#16751,"MEKAR SARI, KUMPEH, MUARO JAMBI, JAMBI",5,197,66,263
https://kawalpemilu.org#16751,"MEKAR SARI, KUMPEH, MUARO JAMBI, JAMBI",6,196,74,270
https://kawalpemilu.org#16751,"MEKAR SARI, KUMPEH, MUARO JAMBI, JAMBI",7,143,48,191
https://kawalpemilu.org#16751,"MEKAR SARI, KUMPEH, MUARO JAMBI, JAMBI",8,112,19,131
https://kawalpemilu.org#16751,"MEKAR SARI, KUMPEH, MUARO JAMBI, JAMBI",9,102,25,127
https://kawalpemilu.org#16752,"RONDANG, KUMPEH, MUARO JAMBI, JAMBI",1,104,76,180
https://kawalpemilu.org#16752,"RONDANG, KUMPEH, MUARO JAMBI, JAMBI",2,115,56,171
https://kawalpemilu.org#16752,"RONDANG, KUMPEH, MUARO JAMBI, JAMBI",3,125,37,162
https://kawalpemilu.org#16753,"MAJU JAYA, KUMPEH, MUARO JAMBI, JAMBI",1,88,46,134
https://kawalpemilu.org#16753,"MAJU JAYA, KUMPEH, MUARO JAMBI, JAMBI",2,127,49,176
https://kawalpemilu.org#16755,"SETIRIS, MARO SEBO, MUARO JAMBI, JAMBI",1,33,132,165
https://kawalpemilu.org#16755,"SETIRIS, MARO SEBO, MUARO JAMBI, JAMBI",2,36,93,129
https://kawalpemilu.org#16755,"SETIRIS, MARO SEBO, MUARO JAMBI, JAMBI",3,22,118,140
https://kawalpemilu.org#16755,"SETIRIS, MARO SEBO, MUARO JAMBI, JAMBI",4,39,136,175
https://kawalpemilu.org#16755,"SETIRIS, MARO SEBO, MUARO JAMBI, JAMBI",5,24,111,135
https://kawalpemilu.org#16755,"SETIRIS, MARO SEBO, MUARO JAMBI, JAMBI",6,36,121,157
https://kawalpemilu.org#16755,"SETIRIS, MARO SEBO, MUARO JAMBI, JAMBI",7,36,121,157
https://kawalpemilu.org#16755,"SETIRIS, MARO SEBO, MUARO JAMBI, JAMBI",8,49,93,142
https://kawalpemilu.org#16755,"SETIRIS, MARO SEBO, MUARO JAMBI, JAMBI",9,45,122,167
https://kawalpemilu.org#16755,"SETIRIS, MARO SEBO, MUARO JAMBI, JAMBI",10,28,160,188
https://kawalpemilu.org#16755,"SETIRIS, MARO SEBO, MUARO JAMBI, JAMBI",11,77,127,204
https://kawalpemilu.org#16755,"SETIRIS, MARO SEBO, MUARO JAMBI, JAMBI",12,85,85,170
https://kawalpemilu.org#16756,"JAMBI KECIL, MARO SEBO, MUARO JAMBI, JAMBI",1,78,77,155
https://kawalpemilu.org#16756,"JAMBI KECIL, MARO SEBO, MUARO JAMBI, JAMBI",2,103,89,192
https://kawalpemilu.org#16756,"JAMBI KECIL, MARO SEBO, MUARO JAMBI, JAMBI",3,90,124,214
https://kawalpemilu.org#16756,"JAMBI KECIL, MARO SEBO, MUARO JAMBI, JAMBI",4,54,64,118
https://kawalpemilu.org#16756,"JAMBI KECIL, MARO SEBO, MUARO JAMBI, JAMBI",5,60,124,184
https://kawalpemilu.org#16756,"JAMBI KECIL, MARO SEBO, MUARO JAMBI, JAMBI",6,126,104,230
https://kawalpemilu.org#16756,"JAMBI KECIL, MARO SEBO, MUARO JAMBI, JAMBI",7,91,107,198
https://kawalpemilu.org#16756,"JAMBI KECIL, MARO SEBO, MUARO JAMBI, JAMBI",8,66,92,158
https://kawalpemilu.org#16756,"JAMBI KECIL, MARO SEBO, MUARO JAMBI, JAMBI",9,84,141,225
https://kawalpemilu.org#16756,"JAMBI KECIL, MARO SEBO, MUARO JAMBI, JAMBI",10,53,92,145
https://kawalpemilu.org#16757,"TANJUNG KATUNG, MARO SEBO, MUARO JAMBI, JAMBI",1,64,85,149
https://kawalpemilu.org#16757,"TANJUNG KATUNG, MARO SEBO, MUARO JAMBI, JAMBI",2,111,85,196
https://kawalpemilu.org#16757,"TANJUNG KATUNG, MARO SEBO, MUARO JAMBI, JAMBI",3,117,54,171
https://kawalpemilu.org#16757,"TANJUNG KATUNG, MARO SEBO, MUARO JAMBI, JAMBI",5,125,64,189
https://kawalpemilu.org#16757,"TANJUNG KATUNG, MARO SEBO, MUARO JAMBI, JAMBI",6,117,64,181
https://kawalpemilu.org#16757,"TANJUNG KATUNG, MARO SEBO, MUARO JAMBI, JAMBI",7,109,114,223
https://kawalpemilu.org#16757,"TANJUNG KATUNG, MARO SEBO, MUARO JAMBI, JAMBI",8,74,129,203
https://kawalpemilu.org#16757,"TANJUNG KATUNG, MARO SEBO, MUARO JAMBI, JAMBI",9,90,94,184
https://kawalpemilu.org#16757,"TANJUNG KATUNG, MARO SEBO, MUARO JAMBI, JAMBI",10,102,107,209
https://kawalpemilu.org#16757,"TANJUNG KATUNG, MARO SEBO, MUARO JAMBI, JAMBI",11,184,27,211
https://kawalpemilu.org#16758,"JAMBI TULO, MARO SEBO, MUARO JAMBI, JAMBI",1,36,55,91
https://kawalpemilu.org#16758,"JAMBI TULO, MARO SEBO, MUARO JAMBI, JAMBI",3,30,107,137
https://kawalpemilu.org#16758,"JAMBI TULO, MARO SEBO, MUARO JAMBI, JAMBI",4,64,166,230
https://kawalpemilu.org#16758,"JAMBI TULO, MARO SEBO, MUARO JAMBI, JAMBI",5,86,173,259
https://kawalpemilu.org#16759,"BARU, MARO SEBO, MUARO JAMBI, JAMBI",1,119,131,250
https://kawalpemilu.org#16759,"BARU, MARO SEBO, MUARO JAMBI, JAMBI",2,132,117,249
https://kawalpemilu.org#16760,"DANAU LAMO, MARO SEBO, MUARO JAMBI, JAMBI",1,77,52,129
https://kawalpemilu.org#16760,"DANAU LAMO, MARO SEBO, MUARO JAMBI, JAMBI",2,104,80,184
https://kawalpemilu.org#16760,"DANAU LAMO, MARO SEBO, MUARO JAMBI, JAMBI",3,99,71,170
https://kawalpemilu.org#16760,"DANAU LAMO, MARO SEBO, MUARO JAMBI, JAMBI",4,114,87,201
https://kawalpemilu.org#16760,"DANAU LAMO, MARO SEBO, MUARO JAMBI, JAMBI",5,53,40,93
https://kawalpemilu.org#16760,"DANAU LAMO, MARO SEBO, MUARO JAMBI, JAMBI",6,126,76,202
https://kawalpemilu.org#16761,"MUARO JAMBI, MARO SEBO, MUARO JAMBI, JAMBI",1,85,123,206
https://kawalpemilu.org#16761,"MUARO JAMBI, MARO SEBO, MUARO JAMBI, JAMBI",2,67,163,230
https://kawalpemilu.org#16761,"MUARO JAMBI, MARO SEBO, MUARO JAMBI, JAMBI",3,73,94,167
https://kawalpemilu.org#16761,"MUARO JAMBI, MARO SEBO, MUARO JAMBI, JAMBI",5,84,115,199
https://kawalpemilu.org#16761,"MUARO JAMBI, MARO SEBO, MUARO JAMBI, JAMBI",6,69,80,149
https://kawalpemilu.org#16761,"MUARO JAMBI, MARO SEBO, MUARO JAMBI, JAMBI",7,81,99,180
https://kawalpemilu.org#16761,"MUARO JAMBI, MARO SEBO, MUARO JAMBI, JAMBI",8,42,109,151
https://kawalpemilu.org#16761,"MUARO JAMBI, MARO SEBO, MUARO JAMBI, JAMBI",9,83,118,201
https://kawalpemilu.org#16762,"NIASO, MARO SEBO, MUARO JAMBI, JAMBI",1,34,129,163
https://kawalpemilu.org#16762,"NIASO, MARO SEBO, MUARO JAMBI, JAMBI",2,37,139,176
https://kawalpemilu.org#16762,"NIASO, MARO SEBO, MUARO JAMBI, JAMBI",3,29,132,161
https://kawalpemilu.org#16762,"NIASO, MARO SEBO, MUARO JAMBI, JAMBI",4,82,136,218
https://kawalpemilu.org#16763,"BAKUNG, MARO SEBO, MUARO JAMBI, JAMBI",1,39,84,123
https://kawalpemilu.org#16763,"BAKUNG, MARO SEBO, MUARO JAMBI, JAMBI",2,44,122,166
https://kawalpemilu.org#16763,"BAKUNG, MARO SEBO, MUARO JAMBI, JAMBI",3,26,122,148
https://kawalpemilu.org#16763,"BAKUNG, MARO SEBO, MUARO JAMBI, JAMBI",4,75,119,194
https://kawalpemilu.org#16764,"DANAU KEDAP, MARO SEBO, MUARO JAMBI, JAMBI",1,32,114,146
https://kawalpemilu.org#16764,"DANAU KEDAP, MARO SEBO, MUARO JAMBI, JAMBI",2,42,147,189
https://kawalpemilu.org#16764,"DANAU KEDAP, MARO SEBO, MUARO JAMBI, JAMBI",3,74,148,222
https://kawalpemilu.org#16765,"MUDUNG DARAT, MARO SEBO, MUARO JAMBI, JAMBI",1,61,211,272
https://kawalpemilu.org#16765,"MUDUNG DARAT, MARO SEBO, MUARO JAMBI, JAMBI",2,56,182,238
https://kawalpemilu.org#16765,"MUDUNG DARAT, MARO SEBO, MUARO JAMBI, JAMBI",3,47,114,161
https://kawalpemilu.org#16765,"MUDUNG DARAT, MARO SEBO, MUARO JAMBI, JAMBI",4,36,179,215
https://kawalpemilu.org#16765,"MUDUNG DARAT, MARO SEBO, MUARO JAMBI, JAMBI",5,52,217,269
https://kawalpemilu.org#16766,"LUBUK RAMAN, MARO SEBO, MUARO JAMBI, JAMBI",1,102,40,142
https://kawalpemilu.org#16766,"LUBUK RAMAN, MARO SEBO, MUARO JAMBI, JAMBI",2,72,61,133
https://kawalpemilu.org#16766,"LUBUK RAMAN, MARO SEBO, MUARO JAMBI, JAMBI",3,113,89,202
https://kawalpemilu.org#16766,"LUBUK RAMAN, MARO SEBO, MUARO JAMBI, JAMBI",4,101,96,197
https://kawalpemilu.org#16768,"TEMPINO, MESTONG, MUARO JAMBI, JAMBI",1,81,125,206
https://kawalpemilu.org#16768,"TEMPINO, MESTONG, MUARO JAMBI, JAMBI",2,59,52,111
https://kawalpemilu.org#16768,"TEMPINO, MESTONG, MUARO JAMBI, JAMBI",3,55,85,140
https://kawalpemilu.org#16768,"TEMPINO, MESTONG, MUARO JAMBI, JAMBI",4,86,81,167
https://kawalpemilu.org#16768,"TEMPINO, MESTONG, MUARO JAMBI, JAMBI",5,55,81,136
https://kawalpemilu.org#16768,"TEMPINO, MESTONG, MUARO JAMBI, JAMBI",6,55,42,97
https://kawalpemilu.org#16768,"TEMPINO, MESTONG, MUARO JAMBI, JAMBI",7,104,80,184
https://kawalpemilu.org#16768,"TEMPINO, MESTONG, MUARO JAMBI, JAMBI",8,82,95,177
https://kawalpemilu.org#16768,"TEMPINO, MESTONG, MUARO JAMBI, JAMBI",9,144,70,214
https://kawalpemilu.org#16768,"TEMPINO, MESTONG, MUARO JAMBI, JAMBI",10,117,48,165
https://kawalpemilu.org#16768,"TEMPINO, MESTONG, MUARO JAMBI, JAMBI",11,103,97,200
https://kawalpemilu.org#16768,"TEMPINO, MESTONG, MUARO JAMBI, JAMBI",12,122,71,193
https://kawalpemilu.org#16768,"TEMPINO, MESTONG, MUARO JAMBI, JAMBI",13,108,112,220
https://kawalpemilu.org#16768,"TEMPINO, MESTONG, MUARO JAMBI, JAMBI",14,92,89,181
https://kawalpemilu.org#16768,"TEMPINO, MESTONG, MUARO JAMBI, JAMBI",15,86,99,185
https://kawalpemilu.org#16768,"TEMPINO, MESTONG, MUARO JAMBI, JAMBI",16,146,74,220
https://kawalpemilu.org#16768,"TEMPINO, MESTONG, MUARO JAMBI, JAMBI",17,99,63,162
https://kawalpemilu.org#16768,"TEMPINO, MESTONG, MUARO JAMBI, JAMBI",18,104,62,166
https://kawalpemilu.org#16768,"TEMPINO, MESTONG, MUARO JAMBI, JAMBI",19,117,87,204
https://kawalpemilu.org#16768,"TEMPINO, MESTONG, MUARO JAMBI, JAMBI",20,93,38,131
https://kawalpemilu.org#16769,"TANJUNG PAUH KM. 32, MESTONG, MUARO JAMBI, JAMBI",1,94,73,167
https://kawalpemilu.org#16769,"TANJUNG PAUH KM. 32, MESTONG, MUARO JAMBI, JAMBI",2,64,194,258
https://kawalpemilu.org#16769,"TANJUNG PAUH KM. 32, MESTONG, MUARO JAMBI, JAMBI",3,46,135,181
https://kawalpemilu.org#16769,"TANJUNG PAUH KM. 32, MESTONG, MUARO JAMBI, JAMBI",4,82,98,180
https://kawalpemilu.org#16769,"TANJUNG PAUH KM. 32, MESTONG, MUARO JAMBI, JAMBI",5,101,76,177
https://kawalpemilu.org#16770,"PELEMPANG, MESTONG, MUARO JAMBI, JAMBI",1,88,53,141
https://kawalpemilu.org#16770,"PELEMPANG, MESTONG, MUARO JAMBI, JAMBI",2,76,54,130
https://kawalpemilu.org#16770,"PELEMPANG, MESTONG, MUARO JAMBI, JAMBI",3,96,101,197
https://kawalpemilu.org#16770,"PELEMPANG, MESTONG, MUARO JAMBI, JAMBI",4,82,97,179
https://kawalpemilu.org#16770,"PELEMPANG, MESTONG, MUARO JAMBI, JAMBI",5,130,59,189
https://kawalpemilu.org#16770,"PELEMPANG, MESTONG, MUARO JAMBI, JAMBI",6,94,106,200
https://kawalpemilu.org#16771,"SUNGAI LANDAI, MESTONG, MUARO JAMBI, JAMBI",1,115,49,164
https://kawalpemilu.org#16771,"SUNGAI LANDAI, MESTONG, MUARO JAMBI, JAMBI",2,66,101,167
https://kawalpemilu.org#16771,"SUNGAI LANDAI, MESTONG, MUARO JAMBI, JAMBI",3,141,89,230
https://kawalpemilu.org#16771,"SUNGAI LANDAI, MESTONG, MUARO JAMBI, JAMBI",4,114,93,207
https://kawalpemilu.org#16771,"SUNGAI LANDAI, MESTONG, MUARO JAMBI, JAMBI",5,157,84,241
https://kawalpemilu.org#16771,"SUNGAI LANDAI, MESTONG, MUARO JAMBI, JAMBI",6,148,73,221
https://kawalpemilu.org#16771,"SUNGAI LANDAI, MESTONG, MUARO JAMBI, JAMBI",7,65,97,162
https://kawalpemilu.org#16771,"SUNGAI LANDAI, MESTONG, MUARO JAMBI, JAMBI",8,102,75,177
https://kawalpemilu.org#16771,"SUNGAI LANDAI, MESTONG, MUARO JAMBI, JAMBI",9,152,48,200
https://kawalpemilu.org#16771,"SUNGAI LANDAI, MESTONG, MUARO JAMBI, JAMBI",10,135,106,241
https://kawalpemilu.org#16772,"IBRU, MESTONG, MUARO JAMBI, JAMBI",1,109,130,239
https://kawalpemilu.org#16772,"IBRU, MESTONG, MUARO JAMBI, JAMBI",2,113,89,202
https://kawalpemilu.org#16773,"NAGASARI, MESTONG, MUARO JAMBI, JAMBI",1,116,119,235
https://kawalpemilu.org#16773,"NAGASARI, MESTONG, MUARO JAMBI, JAMBI",2,94,63,157
https://kawalpemilu.org#16773,"NAGASARI, MESTONG, MUARO JAMBI, JAMBI",3,106,67,173
https://kawalpemilu.org#16773,"NAGASARI, MESTONG, MUARO JAMBI, JAMBI",4,47,96,143
https://kawalpemilu.org#16773,"NAGASARI, MESTONG, MUARO JAMBI, JAMBI",5,70,49,119
https://kawalpemilu.org#16773,"NAGASARI, MESTONG, MUARO JAMBI, JAMBI",6,68,78,146
https://kawalpemilu.org#16773,"NAGASARI, MESTONG, MUARO JAMBI, JAMBI",7,63,49,112
https://kawalpemilu.org#16774,"SEBAPO, MESTONG, MUARO JAMBI, JAMBI",1,115,119,234
https://kawalpemilu.org#16774,"SEBAPO, MESTONG, MUARO JAMBI, JAMBI",2,47,148,195
https://kawalpemilu.org#16774,"SEBAPO, MESTONG, MUARO JAMBI, JAMBI",3,101,91,192
https://kawalpemilu.org#16774,"SEBAPO, MESTONG, MUARO JAMBI, JAMBI",4,112,65,177
https://kawalpemilu.org#16774,"SEBAPO, MESTONG, MUARO JAMBI, JAMBI",5,113,72,185
https://kawalpemilu.org#16774,"SEBAPO, MESTONG, MUARO JAMBI, JAMBI",6,59,122,181
https://kawalpemilu.org#16774,"SEBAPO, MESTONG, MUARO JAMBI, JAMBI",7,55,78,133
https://kawalpemilu.org#16774,"SEBAPO, MESTONG, MUARO JAMBI, JAMBI",8,106,70,176
https://kawalpemilu.org#16774,"SEBAPO, MESTONG, MUARO JAMBI, JAMBI",9,71,128,199
https://kawalpemilu.org#16774,"SEBAPO, MESTONG, MUARO JAMBI, JAMBI",10,54,90,144
https://kawalpemilu.org#16774,"SEBAPO, MESTONG, MUARO JAMBI, JAMBI",11,62,97,159
https://kawalpemilu.org#16774,"SEBAPO, MESTONG, MUARO JAMBI, JAMBI",12,57,95,152
https://kawalpemilu.org#16774,"SEBAPO, MESTONG, MUARO JAMBI, JAMBI",13,86,122,205
https://kawalpemilu.org#16774,"SEBAPO, MESTONG, MUARO JAMBI, JAMBI",14,116,53,169
https://kawalpemilu.org#16775,"BARU, MESTONG, MUARO JAMBI, JAMBI",1,139,49,188
https://kawalpemilu.org#16775,"BARU, MESTONG, MUARO JAMBI, JAMBI",2,54,49,103
https://kawalpemilu.org#16775,"BARU, MESTONG, MUARO JAMBI, JAMBI",3,104,63,167
https://kawalpemilu.org#16775,"BARU, MESTONG, MUARO JAMBI, JAMBI",4,104,63,167
https://kawalpemilu.org#16775,"BARU, MESTONG, MUARO JAMBI, JAMBI",5,106,93,199
https://kawalpemilu.org#16775,"BARU, MESTONG, MUARO JAMBI, JAMBI",6,109,63,172
https://kawalpemilu.org#16775,"BARU, MESTONG, MUARO JAMBI, JAMBI",7,120,38,158
https://kawalpemilu.org#16775,"BARU, MESTONG, MUARO JAMBI, JAMBI",8,73,99,172
https://kawalpemilu.org#16776,"TANJUNG PAUH KM. 39, MESTONG, MUARO JAMBI, JAMBI",1,98,68,166
https://kawalpemilu.org#16776,"TANJUNG PAUH KM. 39, MESTONG, MUARO JAMBI, JAMBI",2,60,78,138
https://kawalpemilu.org#16776,"TANJUNG PAUH KM. 39, MESTONG, MUARO JAMBI, JAMBI",3,96,136,232
https://kawalpemilu.org#16776,"TANJUNG PAUH KM. 39, MESTONG, MUARO JAMBI, JAMBI",4,65,133,198
https://kawalpemilu.org#16776,"TANJUNG PAUH KM. 39, MESTONG, MUARO JAMBI, JAMBI",5,109,109,218
https://kawalpemilu.org#16776,"TANJUNG PAUH KM. 39, MESTONG, MUARO JAMBI, JAMBI",6,61,129,190
https://kawalpemilu.org#16777,"NYOGAN, MESTONG, MUARO JAMBI, JAMBI",1,125,105,230
https://kawalpemilu.org#16777,"NYOGAN, MESTONG, MUARO JAMBI, JAMBI",2,144,63,207
https://kawalpemilu.org#16777,"NYOGAN, MESTONG, MUARO JAMBI, JAMBI",3,137,52,189
https://kawalpemilu.org#16777,"NYOGAN, MESTONG, MUARO JAMBI, JAMBI",4,77,109,186
https://kawalpemilu.org#16777,"NYOGAN, MESTONG, MUARO JAMBI, JAMBI",5,133,97,230
https://kawalpemilu.org#16777,"NYOGAN, MESTONG, MUARO JAMBI, JAMBI",6,158,48,206
https://kawalpemilu.org#16777,"NYOGAN, MESTONG, MUARO JAMBI, JAMBI",7,190,46,236
https://kawalpemilu.org#16777,"NYOGAN, MESTONG, MUARO JAMBI, JAMBI",8,138,12,150
https://kawalpemilu.org#16777,"NYOGAN, MESTONG, MUARO JAMBI, JAMBI",9,98,76,174
https://kawalpemilu.org#16777,"NYOGAN, MESTONG, MUARO JAMBI, JAMBI",10,45,62,107
https://kawalpemilu.org#16778,"SUKA DAMAI, MESTONG, MUARO JAMBI, JAMBI",1,109,110,219
https://kawalpemilu.org#16778,"SUKA DAMAI, MESTONG, MUARO JAMBI, JAMBI",2,137,37,233
https://kawalpemilu.org#16778,"SUKA DAMAI, MESTONG, MUARO JAMBI, JAMBI",3,129,71,200
https://kawalpemilu.org#16778,"SUKA DAMAI, MESTONG, MUARO JAMBI, JAMBI",4,99,118,217
https://kawalpemilu.org#16778,"SUKA DAMAI, MESTONG, MUARO JAMBI, JAMBI",5,154,74,228
https://kawalpemilu.org#16778,"SUKA DAMAI, MESTONG, MUARO JAMBI, JAMBI",6,100,29,129
https://kawalpemilu.org#16779,"SUKA MAJU, MESTONG, MUARO JAMBI, JAMBI",1,98,116,214
https://kawalpemilu.org#16779,"SUKA MAJU, MESTONG, MUARO JAMBI, JAMBI",2,59,54,113
https://kawalpemilu.org#16779,"SUKA MAJU, MESTONG, MUARO JAMBI, JAMBI",3,89,144,233
https://kawalpemilu.org#16779,"SUKA MAJU, MESTONG, MUARO JAMBI, JAMBI",4,114,67,181
https://kawalpemilu.org#16779,"SUKA MAJU, MESTONG, MUARO JAMBI, JAMBI",5,117,49,166
https://kawalpemilu.org#16779,"SUKA MAJU, MESTONG, MUARO JAMBI, JAMBI",6,141,114,255
https://kawalpemilu.org#16779,"SUKA MAJU, MESTONG, MUARO JAMBI, JAMBI",7,113,139,252
https://kawalpemilu.org#16779,"SUKA MAJU, MESTONG, MUARO JAMBI, JAMBI",8,81,131,212
https://kawalpemilu.org#16779,"SUKA MAJU, MESTONG, MUARO JAMBI, JAMBI",9,154,77,231
https://kawalpemilu.org#16779,"SUKA MAJU, MESTONG, MUARO JAMBI, JAMBI",10,185,85,271
https://kawalpemilu.org#16780,"PONDOK MEJA, MESTONG, MUARO JAMBI, JAMBI",1,56,71,127
https://kawalpemilu.org#16780,"PONDOK MEJA, MESTONG, MUARO JAMBI, JAMBI",2,87,88,175
https://kawalpemilu.org#16780,"PONDOK MEJA, MESTONG, MUARO JAMBI, JAMBI",3,60,78,138
https://kawalpemilu.org#16780,"PONDOK MEJA, MESTONG, MUARO JAMBI, JAMBI",4,48,97,145
https://kawalpemilu.org#16780,"PONDOK MEJA, MESTONG, MUARO JAMBI, JAMBI",5,94,151,245
https://kawalpemilu.org#16780,"PONDOK MEJA, MESTONG, MUARO JAMBI, JAMBI",6,57,59,116
https://kawalpemilu.org#16780,"PONDOK MEJA, MESTONG, MUARO JAMBI, JAMBI",8,89,161,250
https://kawalpemilu.org#16780,"PONDOK MEJA, MESTONG, MUARO JAMBI, JAMBI",9,149,75,224
https://kawalpemilu.org#16780,"PONDOK MEJA, MESTONG, MUARO JAMBI, JAMBI",10,77,100,177
https://kawalpemilu.org#16780,"PONDOK MEJA, MESTONG, MUARO JAMBI, JAMBI",11,102,57,159
https://kawalpemilu.org#16780,"PONDOK MEJA, MESTONG, MUARO JAMBI, JAMBI",12,59,149,208
https://kawalpemilu.org#16780,"PONDOK MEJA, MESTONG, MUARO JAMBI, JAMBI",13,98,143,244
https://kawalpemilu.org#16780,"PONDOK MEJA, MESTONG, MUARO JAMBI, JAMBI",14,59,84,143
https://kawalpemilu.org#16780,"PONDOK MEJA, MESTONG, MUARO JAMBI, JAMBI",15,65,91,156
https://kawalpemilu.org#16780,"PONDOK MEJA, MESTONG, MUARO JAMBI, JAMBI",16,45,84,1
https://kawalpemilu.org#16780,"PONDOK MEJA, MESTONG, MUARO JAMBI, JAMBI",17,149,104,253
https://kawalpemilu.org#16780,"PONDOK MEJA, MESTONG, MUARO JAMBI, JAMBI",18,79,122,201
https://kawalpemilu.org#16780,"PONDOK MEJA, MESTONG, MUARO JAMBI, JAMBI",19,116,120,236
https://kawalpemilu.org#16780,"PONDOK MEJA, MESTONG, MUARO JAMBI, JAMBI",20,83,92,75
https://kawalpemilu.org#16781,"MUARO SEBAPO, MESTONG, MUARO JAMBI, JAMBI",1,140,120,260
https://kawalpemilu.org#16781,"MUARO SEBAPO, MESTONG, MUARO JAMBI, JAMBI",2,98,32,130
https://kawalpemilu.org#16781,"MUARO SEBAPO, MESTONG, MUARO JAMBI, JAMBI",3,154,74,228
https://kawalpemilu.org#16781,"MUARO SEBAPO, MESTONG, MUARO JAMBI, JAMBI",4,152,42,194
https://kawalpemilu.org#16781,"MUARO SEBAPO, MESTONG, MUARO JAMBI, JAMBI",5,90,109,199
https://kawalpemilu.org#16781,"MUARO SEBAPO, MESTONG, MUARO JAMBI, JAMBI",6,93,88,181
https://kawalpemilu.org#16781,"MUARO SEBAPO, MESTONG, MUARO JAMBI, JAMBI",7,83,139,222
https://kawalpemilu.org#16781,"MUARO SEBAPO, MESTONG, MUARO JAMBI, JAMBI",8,169,80,249
https://kawalpemilu.org#16781,"MUARO SEBAPO, MESTONG, MUARO JAMBI, JAMBI",9,110,66,176
https://kawalpemilu.org#16781,"MUARO SEBAPO, MESTONG, MUARO JAMBI, JAMBI",10,119,62,181
https://kawalpemilu.org#84606,"TANJUNG PAUH TALANG PELITA, MESTONG, MUARO JAMBI, JAMBI",1,70,69,139
https://kawalpemilu.org#84606,"TANJUNG PAUH TALANG PELITA, MESTONG, MUARO JAMBI, JAMBI",2,22,141,163
https://kawalpemilu.org#84606,"TANJUNG PAUH TALANG PELITA, MESTONG, MUARO JAMBI, JAMBI",3,53,72,125
https://kawalpemilu.org#16784,"PUDAK, KUMPEH ULU, MUARO JAMBI, JAMBI",1,75,148,223
https://kawalpemilu.org#16784,"PUDAK, KUMPEH ULU, MUARO JAMBI, JAMBI",2,48,66,114
https://kawalpemilu.org#16784,"PUDAK, KUMPEH ULU, MUARO JAMBI, JAMBI",3,78,114,192
https://kawalpemilu.org#16784,"PUDAK, KUMPEH ULU, MUARO JAMBI, JAMBI",4,85,74,159
https://kawalpemilu.org#16784,"PUDAK, KUMPEH ULU, MUARO JAMBI, JAMBI",5,69,113,182
https://kawalpemilu.org#16784,"PUDAK, KUMPEH ULU, MUARO JAMBI, JAMBI",6,52,80,132
https://kawalpemilu.org#16784,"PUDAK, KUMPEH ULU, MUARO JAMBI, JAMBI",7,121,82,203
https://kawalpemilu.org#16784,"PUDAK, KUMPEH ULU, MUARO JAMBI, JAMBI",8,131,79,210
https://kawalpemilu.org#16784,"PUDAK, KUMPEH ULU, MUARO JAMBI, JAMBI",9,130,62,192
https://kawalpemilu.org#16784,"PUDAK, KUMPEH ULU, MUARO JAMBI, JAMBI",10,118,75,193
https://kawalpemilu.org#16784,"PUDAK, KUMPEH ULU, MUARO JAMBI, JAMBI",11,132,86,218
https://kawalpemilu.org#16784,"PUDAK, KUMPEH ULU, MUARO JAMBI, JAMBI",12,84,91,175
https://kawalpemilu.org#16784,"PUDAK, KUMPEH ULU, MUARO JAMBI, JAMBI",13,133,102,235
https://kawalpemilu.org#16784,"PUDAK, KUMPEH ULU, MUARO JAMBI, JAMBI",14,75,46,121
https://kawalpemilu.org#16784,"PUDAK, KUMPEH ULU, MUARO JAMBI, JAMBI",15,93,54,147
https://kawalpemilu.org#16784,"PUDAK, KUMPEH ULU, MUARO JAMBI, JAMBI",16,82,78,160
https://kawalpemilu.org#16784,"PUDAK, KUMPEH ULU, MUARO JAMBI, JAMBI",17,82,71,153
https://kawalpemilu.org#16784,"PUDAK, KUMPEH ULU, MUARO JAMBI, JAMBI",18,63,36,99
https://kawalpemilu.org#16785,"MUARA KUMPEH, KUMPEH ULU, MUARO JAMBI, JAMBI",1,45,112,157
https://kawalpemilu.org#16785,"MUARA KUMPEH, KUMPEH ULU, MUARO JAMBI, JAMBI",2,40,139,179
https://kawalpemilu.org#16785,"MUARA KUMPEH, KUMPEH ULU, MUARO JAMBI, JAMBI",3,45,179,224
https://kawalpemilu.org#16785,"MUARA KUMPEH, KUMPEH ULU, MUARO JAMBI, JAMBI",4,26,105,131
https://kawalpemilu.org#16785,"MUARA KUMPEH, KUMPEH ULU, MUARO JAMBI, JAMBI",5,42,157,199
https://kawalpemilu.org#16785,"MUARA KUMPEH, KUMPEH ULU, MUARO JAMBI, JAMBI",6,41,106,147
https://kawalpemilu.org#16785,"MUARA KUMPEH, KUMPEH ULU, MUARO JAMBI, JAMBI",7,37,151,188
https://kawalpemilu.org#16785,"MUARA KUMPEH, KUMPEH ULU, MUARO JAMBI, JAMBI",8,42,98,140
https://kawalpemilu.org#16785,"MUARA KUMPEH, KUMPEH ULU, MUARO JAMBI, JAMBI",9,112,125,237
https://kawalpemilu.org#16785,"MUARA KUMPEH, KUMPEH ULU, MUARO JAMBI, JAMBI",10,31,101,132
https://kawalpemilu.org#16785,"MUARA KUMPEH, KUMPEH ULU, MUARO JAMBI, JAMBI",11,125,87,212
https://kawalpemilu.org#16785,"MUARA KUMPEH, KUMPEH ULU, MUARO JAMBI, JAMBI",12,69,115,184
https://kawalpemilu.org#16785,"MUARA KUMPEH, KUMPEH ULU, MUARO JAMBI, JAMBI",13,79,67,146
https://kawalpemilu.org#16786,"KOTA KARANG, KUMPEH ULU, MUARO JAMBI, JAMBI",1,65,155,220
https://kawalpemilu.org#16786,"KOTA KARANG, KUMPEH ULU, MUARO JAMBI, JAMBI",2,62,131,193
https://kawalpemilu.org#16786,"KOTA KARANG, KUMPEH ULU, MUARO JAMBI, JAMBI",3,59,101,160
https://kawalpemilu.org#16786,"KOTA KARANG, KUMPEH ULU, MUARO JAMBI, JAMBI",4,81,97,178
https://kawalpemilu.org#16786,"KOTA KARANG, KUMPEH ULU, MUARO JAMBI, JAMBI",5,93,55,148
https://kawalpemilu.org#16786,"KOTA KARANG, KUMPEH ULU, MUARO JAMBI, JAMBI",6,127,78,207
https://kawalpemilu.org#16787,"KASANG LOPAK ALAI, KUMPEH ULU, MUARO JAMBI, JAMBI",1,183,59,242
https://kawalpemilu.org#16787,"KASANG LOPAK ALAI, KUMPEH ULU, MUARO JAMBI, JAMBI",2,132,96,228
https://kawalpemilu.org#16787,"KASANG LOPAK ALAI, KUMPEH ULU, MUARO JAMBI, JAMBI",3,115,112,227
https://kawalpemilu.org#16787,"KASANG LOPAK ALAI, KUMPEH ULU, MUARO JAMBI, JAMBI",4,144,90,234
https://kawalpemilu.org#16787,"KASANG LOPAK ALAI, KUMPEH ULU, MUARO JAMBI, JAMBI",5,175,72,247
https://kawalpemilu.org#16787,"KASANG LOPAK ALAI, KUMPEH ULU, MUARO JAMBI, JAMBI",6,138,98,236
https://kawalpemilu.org#16788,"KASANG PUDAK, KUMPEH ULU, MUARO JAMBI, JAMBI",1,150,80,230
https://kawalpemilu.org#16788,"KASANG PUDAK, KUMPEH ULU, MUARO JAMBI, JAMBI",2,117,72,189
https://kawalpemilu.org#16788,"KASANG PUDAK, KUMPEH ULU, MUARO JAMBI, JAMBI",3,88,70,158
https://kawalpemilu.org#16788,"KASANG PUDAK, KUMPEH ULU, MUARO JAMBI, JAMBI",4,86,62,148
https://kawalpemilu.org#16788,"KASANG PUDAK, KUMPEH ULU, MUARO JAMBI, JAMBI",5,87,104,191
https://kawalpemilu.org#16788,"KASANG PUDAK, KUMPEH ULU, MUARO JAMBI, JAMBI",6,106,78,184
https://kawalpemilu.org#16788,"KASANG PUDAK, KUMPEH ULU, MUARO JAMBI, JAMBI",7,164,60,224
https://kawalpemilu.org#16788,"KASANG PUDAK, KUMPEH ULU, MUARO JAMBI, JAMBI",8,100,87,187
https://kawalpemilu.org#16788,"KASANG PUDAK, KUMPEH ULU, MUARO JAMBI, JAMBI",9,128,102,230
https://kawalpemilu.org#16788,"KASANG PUDAK, KUMPEH ULU, MUARO JAMBI, JAMBI",10,152,53,205
https://kawalpemilu.org#16788,"KASANG PUDAK, KUMPEH ULU, MUARO JAMBI, JAMBI",11,127,138,265
https://kawalpemilu.org#16788,"KASANG PUDAK, KUMPEH ULU, MUARO JAMBI, JAMBI",12,151,113,264
https://kawalpemilu.org#16788,"KASANG PUDAK, KUMPEH ULU, MUARO JAMBI, JAMBI",13,91,80,171
https://kawalpemilu.org#16788,"KASANG PUDAK, KUMPEH ULU, MUARO JAMBI, JAMBI",14,118,117,235
https://kawalpemilu.org#16788,"KASANG PUDAK, KUMPEH ULU, MUARO JAMBI, JAMBI",15,126,115,241
https://kawalpemilu.org#16788,"KASANG PUDAK, KUMPEH ULU, MUARO JAMBI, JAMBI",16,118,113,231
https://kawalpemilu.org#16788,"KASANG PUDAK, KUMPEH ULU, MUARO JAMBI, JAMBI",17,68,38,106
https://kawalpemilu.org#16788,"KASANG PUDAK, KUMPEH ULU, MUARO JAMBI, JAMBI",18,145,95,240
https://kawalpemilu.org#16788,"KASANG PUDAK, KUMPEH ULU, MUARO JAMBI, JAMBI",19,135,110,245
https://kawalpemilu.org#16788,"KASANG PUDAK, KUMPEH ULU, MUARO JAMBI, JAMBI",20,112,83,195
https://kawalpemilu.org#16788,"KASANG PUDAK, KUMPEH ULU, MUARO JAMBI, JAMBI",21,166,72,238
https://kawalpemilu.org#16788,"KASANG PUDAK, KUMPEH ULU, MUARO JAMBI, JAMBI",22,130,95,225
https://kawalpemilu.org#16788,"KASANG PUDAK, KUMPEH ULU, MUARO JAMBI, JAMBI",23,179,60,239
https://kawalpemilu.org#16788,"KASANG PUDAK, KUMPEH ULU, MUARO JAMBI, JAMBI",24,152,112,264
https://kawalpemilu.org#16788,"KASANG PUDAK, KUMPEH ULU, MUARO JAMBI, JAMBI",25,147,94,241
https://kawalpemilu.org#16788,"KASANG PUDAK, KUMPEH ULU, MUARO JAMBI, JAMBI",26,172,65,237
https://kawalpemilu.org#16788,"KASANG PUDAK, KUMPEH ULU, MUARO JAMBI, JAMBI",27,129,80,209
https://kawalpemilu.org#16788,"KASANG PUDAK, KUMPEH ULU, MUARO JAMBI, JAMBI",28,107,78,185
https://kawalpemilu.org#16788,"KASANG PUDAK, KUMPEH ULU, MUARO JAMBI, JAMBI",29,112,71,183
https://kawalpemilu.org#16788,"KASANG PUDAK, KUMPEH ULU, MUARO JAMBI, JAMBI",30,168,86,254
https://kawalpemilu.org#16788,"KASANG PUDAK, KUMPEH ULU, MUARO JAMBI, JAMBI",31,124,104,228
https://kawalpemilu.org#16788,"KASANG PUDAK, KUMPEH ULU, MUARO JAMBI, JAMBI",32,119,85,204
https://kawalpemilu.org#16788,"KASANG PUDAK, KUMPEH ULU, MUARO JAMBI, JAMBI",33,95,80,175
https://kawalpemilu.org#16788,"KASANG PUDAK, KUMPEH ULU, MUARO JAMBI, JAMBI",34,113,103,216
https://kawalpemilu.org#16788,"KASANG PUDAK, KUMPEH ULU, MUARO JAMBI, JAMBI",35,139,56,195
https://kawalpemilu.org#16788,"KASANG PUDAK, KUMPEH ULU, MUARO JAMBI, JAMBI",36,89,85,174
https://kawalpemilu.org#16788,"KASANG PUDAK, KUMPEH ULU, MUARO JAMBI, JAMBI",37,92,127,219
https://kawalpemilu.org#16788,"KASANG PUDAK, KUMPEH ULU, MUARO JAMBI, JAMBI",38,110,71,181
https://kawalpemilu.org#16788,"KASANG PUDAK, KUMPEH ULU, MUARO JAMBI, JAMBI",39,136,127,263
https://kawalpemilu.org#16788,"KASANG PUDAK, KUMPEH ULU, MUARO JAMBI, JAMBI",40,97,35,132
https://kawalpemilu.org#16788,"KASANG PUDAK, KUMPEH ULU, MUARO JAMBI, JAMBI",41,151,58,209
https://kawalpemilu.org#16788,"KASANG PUDAK, KUMPEH ULU, MUARO JAMBI, JAMBI",42,130,110,240
https://kawalpemilu.org#16788,"KASANG PUDAK, KUMPEH ULU, MUARO JAMBI, JAMBI",43,120,65,185
https://kawalpemilu.org#16788,"KASANG PUDAK, KUMPEH ULU, MUARO JAMBI, JAMBI",44,136,69,205
https://kawalpemilu.org#16789,"SOLOK, KUMPEH ULU, MUARO JAMBI, JAMBI",1,93,122,215
https://kawalpemilu.org#16789,"SOLOK, KUMPEH ULU, MUARO JAMBI, JAMBI",2,91,125,216
https://kawalpemilu.org#16789,"SOLOK, KUMPEH ULU, MUARO JAMBI, JAMBI",3,125,88,213
https://kawalpemilu.org#16789,"SOLOK, KUMPEH ULU, MUARO JAMBI, JAMBI",4,120,62,182
https://kawalpemilu.org#16789,"SOLOK, KUMPEH ULU, MUARO JAMBI, JAMBI",5,130,71,201
https://kawalpemilu.org#16789,"SOLOK, KUMPEH ULU, MUARO JAMBI, JAMBI",6,170,62,232
https://kawalpemilu.org#16790,"SAKEAN, KUMPEH ULU, MUARO JAMBI, JAMBI",1,97,43,140
https://kawalpemilu.org#16790,"SAKEAN, KUMPEH ULU, MUARO JAMBI, JAMBI",2,87,73,160
https://kawalpemilu.org#16790,"SAKEAN, KUMPEH ULU, MUARO JAMBI, JAMBI",3,93,31,124
https://kawalpemilu.org#16790,"SAKEAN, KUMPEH ULU, MUARO JAMBI, JAMBI",4,96,71,167
https://kawalpemilu.org#16790,"SAKEAN, KUMPEH ULU, MUARO JAMBI, JAMBI",5,71,67,138
https://kawalpemilu.org#16790,"SAKEAN, KUMPEH ULU, MUARO JAMBI, JAMBI",6,121,75,196
https://kawalpemilu.org#16791,"LOPAK ALAI, KUMPEH ULU, MUARO JAMBI, JAMBI",1,48,144,192
https://kawalpemilu.org#16791,"LOPAK ALAI, KUMPEH ULU, MUARO JAMBI, JAMBI",2,51,156,207
https://kawalpemilu.org#16791,"LOPAK ALAI, KUMPEH ULU, MUARO JAMBI, JAMBI",3,128,35,163
https://kawalpemilu.org#16791,"LOPAK ALAI, KUMPEH ULU, MUARO JAMBI, JAMBI",4,112,58,170
https://kawalpemilu.org#16792,"TARIKAN, KUMPEH ULU, MUARO JAMBI, JAMBI",1,129,100,229
https://kawalpemilu.org#16792,"TARIKAN, KUMPEH ULU, MUARO JAMBI, JAMBI",2,61,173,234
https://kawalpemilu.org#16792,"TARIKAN, KUMPEH ULU, MUARO JAMBI, JAMBI",3,28,100,128
https://kawalpemilu.org#16792,"TARIKAN, KUMPEH ULU, MUARO JAMBI, JAMBI",4,58,103,161
https://kawalpemilu.org#16792,"TARIKAN, KUMPEH ULU, MUARO JAMBI, JAMBI",5,52,158,210
https://kawalpemilu.org#16792,"TARIKAN, KUMPEH ULU, MUARO JAMBI, JAMBI",6,50,176,226
https://kawalpemilu.org#16792,"TARIKAN, KUMPEH ULU, MUARO JAMBI, JAMBI",7,50,143,193
https://kawalpemilu.org#16792,"TARIKAN, KUMPEH ULU, MUARO JAMBI, JAMBI",8,33,112,145
https://kawalpemilu.org#16792,"TARIKAN, KUMPEH ULU, MUARO JAMBI, JAMBI",9,50,99,149
https://kawalpemilu.org#16793,"RAMIN, KUMPEH ULU, MUARO JAMBI, JAMBI",1,160,81,241
https://kawalpemilu.org#16793,"RAMIN, KUMPEH ULU, MUARO JAMBI, JAMBI",2,152,62,214
https://kawalpemilu.org#16793,"RAMIN, KUMPEH ULU, MUARO JAMBI, JAMBI",3,171,51,222
https://kawalpemilu.org#16793,"RAMIN, KUMPEH ULU, MUARO JAMBI, JAMBI",4,94,26,120
https://kawalpemilu.org#16793,"RAMIN, KUMPEH ULU, MUARO JAMBI, JAMBI",5,67,57,124
https://kawalpemilu.org#16793,"RAMIN, KUMPEH ULU, MUARO JAMBI, JAMBI",6,121,73,194
https://kawalpemilu.org#16794,"TELUK RAYA, KUMPEH ULU, MUARO JAMBI, JAMBI",1,62,123,185
https://kawalpemilu.org#16794,"TELUK RAYA, KUMPEH ULU, MUARO JAMBI, JAMBI",2,61,118,179
https://kawalpemilu.org#16794,"TELUK RAYA, KUMPEH ULU, MUARO JAMBI, JAMBI",3,84,99,183
https://kawalpemilu.org#16794,"TELUK RAYA, KUMPEH ULU, MUARO JAMBI, JAMBI",4,68,106,174
https://kawalpemilu.org#16794,"TELUK RAYA, KUMPEH ULU, MUARO JAMBI, JAMBI",5,128,88,216
https://kawalpemilu.org#16794,"TELUK RAYA, KUMPEH ULU, MUARO JAMBI, JAMBI",6,119,94,213
https://kawalpemilu.org#16795,"PEMUNDURAN, KUMPEH ULU, MUARO JAMBI, JAMBI",1,33,186,119
https://kawalpemilu.org#16795,"PEMUNDURAN, KUMPEH ULU, MUARO JAMBI, JAMBI",2,21,152,173
https://kawalpemilu.org#16795,"PEMUNDURAN, KUMPEH ULU, MUARO JAMBI, JAMBI",3,42,167,209
https://kawalpemilu.org#16795,"PEMUNDURAN, KUMPEH ULU, MUARO JAMBI, JAMBI",4,46,166,212
https://kawalpemilu.org#16796,"SIPIN TELUK DUREN, KUMPEH ULU, MUARO JAMBI, JAMBI",1,62,81,143
https://kawalpemilu.org#16796,"SIPIN TELUK DUREN, KUMPEH ULU, MUARO JAMBI, JAMBI",2,54,121,175
https://kawalpemilu.org#16796,"SIPIN TELUK DUREN, KUMPEH ULU, MUARO JAMBI, JAMBI",3,62,135,197
https://kawalpemilu.org#16796,"SIPIN TELUK DUREN, KUMPEH ULU, MUARO JAMBI, JAMBI",4,24,95,119
https://kawalpemilu.org#16796,"SIPIN TELUK DUREN, KUMPEH ULU, MUARO JAMBI, JAMBI",5,61,184,245
https://kawalpemilu.org#16796,"SIPIN TELUK DUREN, KUMPEH ULU, MUARO JAMBI, JAMBI",6,56,198,254
https://kawalpemilu.org#16797,"ARANG ARANG, KUMPEH ULU, MUARO JAMBI, JAMBI",1,26,142,168
https://kawalpemilu.org#16797,"ARANG ARANG, KUMPEH ULU, MUARO JAMBI, JAMBI",2,52,136,188
https://kawalpemilu.org#16797,"ARANG ARANG, KUMPEH ULU, MUARO JAMBI, JAMBI",3,74,86,160
https://kawalpemilu.org#16797,"ARANG ARANG, KUMPEH ULU, MUARO JAMBI, JAMBI",4,144,79,223
https://kawalpemilu.org#16797,"ARANG ARANG, KUMPEH ULU, MUARO JAMBI, JAMBI",5,48,134,182
https://kawalpemilu.org#16797,"ARANG ARANG, KUMPEH ULU, MUARO JAMBI, JAMBI",6,31,159,190
https://kawalpemilu.org#16799,"SUNGAI TERAP, KUMPEH ULU, MUARO JAMBI, JAMBI",1,80,60,140
https://kawalpemilu.org#16799,"SUNGAI TERAP, KUMPEH ULU, MUARO JAMBI, JAMBI",2,50,62,112
https://kawalpemilu.org#16799,"SUNGAI TERAP, KUMPEH ULU, MUARO JAMBI, JAMBI",3,33,91,124
https://kawalpemilu.org#16799,"SUNGAI TERAP, KUMPEH ULU, MUARO JAMBI, JAMBI",4,13,55,68
https://kawalpemilu.org#16799,"SUNGAI TERAP, KUMPEH ULU, MUARO JAMBI, JAMBI",5,16,51,67
https://kawalpemilu.org#16799,"SUNGAI TERAP, KUMPEH ULU, MUARO JAMBI, JAMBI",6,58,107,165
https://kawalpemilu.org#16799,"SUNGAI TERAP, KUMPEH ULU, MUARO JAMBI, JAMBI",7,38,101,139
https://kawalpemilu.org#16799,"SUNGAI TERAP, KUMPEH ULU, MUARO JAMBI, JAMBI",8,86,124,210
https://kawalpemilu.org#16800,"KASANG KUMPEH, KUMPEH ULU, MUARO JAMBI, JAMBI",1,71,103,174
https://kawalpemilu.org#16800,"KASANG KUMPEH, KUMPEH ULU, MUARO JAMBI, JAMBI",2,125,60,185
https://kawalpemilu.org#16800,"KASANG KUMPEH, KUMPEH ULU, MUARO JAMBI, JAMBI",3,78,90,168
https://kawalpemilu.org#16800,"KASANG KUMPEH, KUMPEH ULU, MUARO JAMBI, JAMBI",4,71,82,153
https://kawalpemilu.org#16800,"KASANG KUMPEH, KUMPEH ULU, MUARO JAMBI, JAMBI",5,134,84,218
https://kawalpemilu.org#16800,"KASANG KUMPEH, KUMPEH ULU, MUARO JAMBI, JAMBI",6,117,86,203
https://kawalpemilu.org#16800,"KASANG KUMPEH, KUMPEH ULU, MUARO JAMBI, JAMBI",7,71,34,105
https://kawalpemilu.org#16800,"KASANG KUMPEH, KUMPEH ULU, MUARO JAMBI, JAMBI",8,100,55,155
https://kawalpemilu.org#16800,"KASANG KUMPEH, KUMPEH ULU, MUARO JAMBI, JAMBI",9,97,100,197
https://kawalpemilu.org#16800,"KASANG KUMPEH, KUMPEH ULU, MUARO JAMBI, JAMBI",10,79,92,171
https://kawalpemilu.org#16800,"KASANG KUMPEH, KUMPEH ULU, MUARO JAMBI, JAMBI",11,106,99,205
https://kawalpemilu.org#16800,"KASANG KUMPEH, KUMPEH ULU, MUARO JAMBI, JAMBI",12,115,70,185
https://kawalpemilu.org#16800,"KASANG KUMPEH, KUMPEH ULU, MUARO JAMBI, JAMBI",13,114,56,170
https://kawalpemilu.org#84607,"KASANG KOTA KARANG, KUMPEH ULU, MUARO JAMBI, JAMBI",1,114,47,161
https://kawalpemilu.org#84607,"KASANG KOTA KARANG, KUMPEH ULU, MUARO JAMBI, JAMBI",2,136,63,199
https://kawalpemilu.org#84607,"KASANG KOTA KARANG, KUMPEH ULU, MUARO JAMBI, JAMBI",3,120,74,194
https://kawalpemilu.org#84607,"KASANG KOTA KARANG, KUMPEH ULU, MUARO JAMBI, JAMBI",4,112,46,158
https://kawalpemilu.org#84607,"KASANG KOTA KARANG, KUMPEH ULU, MUARO JAMBI, JAMBI",5,141,51,192
https://kawalpemilu.org#84607,"KASANG KOTA KARANG, KUMPEH ULU, MUARO JAMBI, JAMBI",6,121,42,163
https://kawalpemilu.org#927463,"SUMBER JAYA, KUMPEH ULU, MUARO JAMBI, JAMBI",1,51,105,156
https://kawalpemilu.org#927463,"SUMBER JAYA, KUMPEH ULU, MUARO JAMBI, JAMBI",2,55,98,153
https://kawalpemilu.org#927463,"SUMBER JAYA, KUMPEH ULU, MUARO JAMBI, JAMBI",3,22,118,140
https://kawalpemilu.org#927463,"SUMBER JAYA, KUMPEH ULU, MUARO JAMBI, JAMBI",4,52,96,148
https://kawalpemilu.org#927463,"SUMBER JAYA, KUMPEH ULU, MUARO JAMBI, JAMBI",5,45,106,151
https://kawalpemilu.org#927463,"SUMBER JAYA, KUMPEH ULU, MUARO JAMBI, JAMBI",6,49,128,177
https://kawalpemilu.org#16802,"SUKA MAKMUR, SUNGAI BAHAR, MUARO JAMBI, JAMBI",1,152,64,216
https://kawalpemilu.org#16802,"SUKA MAKMUR, SUNGAI BAHAR, MUARO JAMBI, JAMBI",2,134,61,195
https://kawalpemilu.org#16802,"SUKA MAKMUR, SUNGAI BAHAR, MUARO JAMBI, JAMBI",3,193,57,250
https://kawalpemilu.org#16802,"SUKA MAKMUR, SUNGAI BAHAR, MUARO JAMBI, JAMBI",4,162,81,246
https://kawalpemilu.org#16802,"SUKA MAKMUR, SUNGAI BAHAR, MUARO JAMBI, JAMBI",5,188,40,228
https://kawalpemilu.org#16802,"SUKA MAKMUR, SUNGAI BAHAR, MUARO JAMBI, JAMBI",6,160,90,250
https://kawalpemilu.org#16802,"SUKA MAKMUR, SUNGAI BAHAR, MUARO JAMBI, JAMBI",7,146,48,194
https://kawalpemilu.org#16802,"SUKA MAKMUR, SUNGAI BAHAR, MUARO JAMBI, JAMBI",8,197,56,253
https://kawalpemilu.org#16803,"MARGA MULYA, SUNGAI BAHAR, MUARO JAMBI, JAMBI",1,98,76,174
https://kawalpemilu.org#16803,"MARGA MULYA, SUNGAI BAHAR, MUARO JAMBI, JAMBI",2,80,108,188
https://kawalpemilu.org#16803,"MARGA MULYA, SUNGAI BAHAR, MUARO JAMBI, JAMBI",3,136,86,222
https://kawalpemilu.org#16803,"MARGA MULYA, SUNGAI BAHAR, MUARO JAMBI, JAMBI",4,134,44,178
https://kawalpemilu.org#16803,"MARGA MULYA, SUNGAI BAHAR, MUARO JAMBI, JAMBI",5,124,80,204
https://kawalpemilu.org#16803,"MARGA MULYA, SUNGAI BAHAR, MUARO JAMBI, JAMBI",6,111,76,187
https://kawalpemilu.org#16803,"MARGA MULYA, SUNGAI BAHAR, MUARO JAMBI, JAMBI",7,145,54,199
https://kawalpemilu.org#16803,"MARGA MULYA, SUNGAI BAHAR, MUARO JAMBI, JAMBI",8,132,61,193
https://kawalpemilu.org#16803,"MARGA MULYA, SUNGAI BAHAR, MUARO JAMBI, JAMBI",9,138,73,211
https://kawalpemilu.org#16803,"MARGA MULYA, SUNGAI BAHAR, MUARO JAMBI, JAMBI",10,195,30,225
https://kawalpemilu.org#16803,"MARGA MULYA, SUNGAI BAHAR, MUARO JAMBI, JAMBI",11,68,19,87
https://kawalpemilu.org#16803,"MARGA MULYA, SUNGAI BAHAR, MUARO JAMBI, JAMBI",12,121,96,217
https://kawalpemilu.org#16803,"MARGA MULYA, SUNGAI BAHAR, MUARO JAMBI, JAMBI",13,105,53,158
https://kawalpemilu.org#16803,"MARGA MULYA, SUNGAI BAHAR, MUARO JAMBI, JAMBI",14,171,38,209
https://kawalpemilu.org#16804,"PANCA MULYA, SUNGAI BAHAR, MUARO JAMBI, JAMBI",1,148,20,168
https://kawalpemilu.org#16804,"PANCA MULYA, SUNGAI BAHAR, MUARO JAMBI, JAMBI",2,101,51,152
https://kawalpemilu.org#16804,"PANCA MULYA, SUNGAI BAHAR, MUARO JAMBI, JAMBI",3,109,40,149
https://kawalpemilu.org#16804,"PANCA MULYA, SUNGAI BAHAR, MUARO JAMBI, JAMBI",4,108,47,155
https://kawalpemilu.org#16804,"PANCA MULYA, SUNGAI BAHAR, MUARO JAMBI, JAMBI",5,135,62,197
https://kawalpemilu.org#16804,"PANCA MULYA, SUNGAI BAHAR, MUARO JAMBI, JAMBI",6,101,57,158
https://kawalpemilu.org#16804,"PANCA MULYA, SUNGAI BAHAR, MUARO JAMBI, JAMBI",7,94,39,133
https://kawalpemilu.org#16804,"PANCA MULYA, SUNGAI BAHAR, MUARO JAMBI, JAMBI",8,148,20,168
https://kawalpemilu.org#16804,"PANCA MULYA, SUNGAI BAHAR, MUARO JAMBI, JAMBI",9,96,52,148
https://kawalpemilu.org#16804,"PANCA MULYA, SUNGAI BAHAR, MUARO JAMBI, JAMBI",10,124,40,164
https://kawalpemilu.org#16805,"MARGA MANUNGGAL JAYA, SUNGAI BAHAR, MUARO JAMBI, JAMBI",1,110,58,168
https://kawalpemilu.org#16805,"MARGA MANUNGGAL JAYA, SUNGAI BAHAR, MUARO JAMBI, JAMBI",2,125,81,206
https://kawalpemilu.org#16805,"MARGA MANUNGGAL JAYA, SUNGAI BAHAR, MUARO JAMBI, JAMBI",3,90,84,174
https://kawalpemilu.org#16805,"MARGA MANUNGGAL JAYA, SUNGAI BAHAR, MUARO JAMBI, JAMBI",4,118,89,207
https://kawalpemilu.org#16805,"MARGA MANUNGGAL JAYA, SUNGAI BAHAR, MUARO JAMBI, JAMBI",5,117,92,209
https://kawalpemilu.org#16805,"MARGA MANUNGGAL JAYA, SUNGAI BAHAR, MUARO JAMBI, JAMBI",6,118,58,176
https://kawalpemilu.org#16805,"MARGA MANUNGGAL JAYA, SUNGAI BAHAR, MUARO JAMBI, JAMBI",7,73,94,167
https://kawalpemilu.org#16805,"MARGA MANUNGGAL JAYA, SUNGAI BAHAR, MUARO JAMBI, JAMBI",8,136,66,202
https://kawalpemilu.org#16805,"MARGA MANUNGGAL JAYA, SUNGAI BAHAR, MUARO JAMBI, JAMBI",9,136,96,232
https://kawalpemilu.org#16805,"MARGA MANUNGGAL JAYA, SUNGAI BAHAR, MUARO JAMBI, JAMBI",10,174,72,246
https://kawalpemilu.org#16806,"PANCA BAKTI, SUNGAI BAHAR, MUARO JAMBI, JAMBI",1,140,35,175
https://kawalpemilu.org#16806,"PANCA BAKTI, SUNGAI BAHAR, MUARO JAMBI, JAMBI",2,166,48,214
https://kawalpemilu.org#16806,"PANCA BAKTI, SUNGAI BAHAR, MUARO JAMBI, JAMBI",3,121,68,189
https://kawalpemilu.org#16806,"PANCA BAKTI, SUNGAI BAHAR, MUARO JAMBI, JAMBI",4,134,59,193
https://kawalpemilu.org#16806,"PANCA BAKTI, SUNGAI BAHAR, MUARO JAMBI, JAMBI",5,146,61,207
https://kawalpemilu.org#16806,"PANCA BAKTI, SUNGAI BAHAR, MUARO JAMBI, JAMBI",6,64,30,94
https://kawalpemilu.org#16807,"TANJUNG HARAPAN, SUNGAI BAHAR, MUARO JAMBI, JAMBI",1,182,31,213
https://kawalpemilu.org#16807,"TANJUNG HARAPAN, SUNGAI BAHAR, MUARO JAMBI, JAMBI",2,164,73,237
https://kawalpemilu.org#16807,"TANJUNG HARAPAN, SUNGAI BAHAR, MUARO JAMBI, JAMBI",3,171,47,218
https://kawalpemilu.org#16807,"TANJUNG HARAPAN, SUNGAI BAHAR, MUARO JAMBI, JAMBI",4,164,28,192
https://kawalpemilu.org#16807,"TANJUNG HARAPAN, SUNGAI BAHAR, MUARO JAMBI, JAMBI",5,155,47,202
https://kawalpemilu.org#16807,"TANJUNG HARAPAN, SUNGAI BAHAR, MUARO JAMBI, JAMBI",6,192,21,213
https://kawalpemilu.org#16808,"BERKAH, SUNGAI BAHAR, MUARO JAMBI, JAMBI",1,140,26,166
https://kawalpemilu.org#16808,"BERKAH, SUNGAI BAHAR, MUARO JAMBI, JAMBI",2,134,86,220
https://kawalpemilu.org#16808,"BERKAH, SUNGAI BAHAR, MUARO JAMBI, JAMBI",3,153,39,192
https://kawalpemilu.org#16808,"BERKAH, SUNGAI BAHAR, MUARO JAMBI, JAMBI",4,107,51,158
https://kawalpemilu.org#16808,"BERKAH, SUNGAI BAHAR, MUARO JAMBI, JAMBI",5,127,38,165
https://kawalpemilu.org#16808,"BERKAH, SUNGAI BAHAR, MUARO JAMBI, JAMBI",6,149,56,205
https://kawalpemilu.org#16808,"BERKAH, SUNGAI BAHAR, MUARO JAMBI, JAMBI",7,118,19,137
https://kawalpemilu.org#16809,"BUKIT MAKMUR, SUNGAI BAHAR, MUARO JAMBI, JAMBI",1,139,34,173
https://kawalpemilu.org#16809,"BUKIT MAKMUR, SUNGAI BAHAR, MUARO JAMBI, JAMBI",2,112,53,165
https://kawalpemilu.org#16809,"BUKIT MAKMUR, SUNGAI BAHAR, MUARO JAMBI, JAMBI",3,118,40,158
https://kawalpemilu.org#16809,"BUKIT MAKMUR, SUNGAI BAHAR, MUARO JAMBI, JAMBI",4,115,60,175
https://kawalpemilu.org#16809,"BUKIT MAKMUR, SUNGAI BAHAR, MUARO JAMBI, JAMBI",5,166,34,200
https://kawalpemilu.org#16809,"BUKIT MAKMUR, SUNGAI BAHAR, MUARO JAMBI, JAMBI",6,90,53,143
https://kawalpemilu.org#16809,"BUKIT MAKMUR, SUNGAI BAHAR, MUARO JAMBI, JAMBI",7,88,47,135
https://kawalpemilu.org#16810,"BUKIT MAS, SUNGAI BAHAR, MUARO JAMBI, JAMBI",1,76,51,127
https://kawalpemilu.org#16810,"BUKIT MAS, SUNGAI BAHAR, MUARO JAMBI, JAMBI",2,96,68,164
https://kawalpemilu.org#16810,"BUKIT MAS, SUNGAI BAHAR, MUARO JAMBI, JAMBI",3,50,113,163
https://kawalpemilu.org#16810,"BUKIT MAS, SUNGAI BAHAR, MUARO JAMBI, JAMBI",4,104,54,158
https://kawalpemilu.org#16810,"BUKIT MAS, SUNGAI BAHAR, MUARO JAMBI, JAMBI",5,120,60,180
https://kawalpemilu.org#16811,"MEKAR SARI MAKMUR, SUNGAI BAHAR, MUARO JAMBI, JAMBI",1,102,56,158
https://kawalpemilu.org#16811,"MEKAR SARI MAKMUR, SUNGAI BAHAR, MUARO JAMBI, JAMBI",2,109,70,179
https://kawalpemilu.org#16811,"MEKAR SARI MAKMUR, SUNGAI BAHAR, MUARO JAMBI, JAMBI",3,154,52,206
https://kawalpemilu.org#16811,"MEKAR SARI MAKMUR, SUNGAI BAHAR, MUARO JAMBI, JAMBI",4,139,55,194
https://kawalpemilu.org#16811,"MEKAR SARI MAKMUR, SUNGAI BAHAR, MUARO JAMBI, JAMBI",5,87,64,151
https://kawalpemilu.org#16811,"MEKAR SARI MAKMUR, SUNGAI BAHAR, MUARO JAMBI, JAMBI",6,91,73,164
https://kawalpemilu.org#16811,"MEKAR SARI MAKMUR, SUNGAI BAHAR, MUARO JAMBI, JAMBI",7,95,68,163
https://kawalpemilu.org#16811,"MEKAR SARI MAKMUR, SUNGAI BAHAR, MUARO JAMBI, JAMBI",8,80,61,141
https://kawalpemilu.org#16811,"MEKAR SARI MAKMUR, SUNGAI BAHAR, MUARO JAMBI, JAMBI",9,93,57,150
https://kawalpemilu.org#16811,"MEKAR SARI MAKMUR, SUNGAI BAHAR, MUARO JAMBI, JAMBI",10,117,42,159
https://kawalpemilu.org#16812,"BAKTI MULYA, SUNGAI BAHAR, MUARO JAMBI, JAMBI",1,144,63,207
https://kawalpemilu.org#16812,"BAKTI MULYA, SUNGAI BAHAR, MUARO JAMBI, JAMBI",2,147,42,189
https://kawalpemilu.org#16812,"BAKTI MULYA, SUNGAI BAHAR, MUARO JAMBI, JAMBI",3,131,41,172
https://kawalpemilu.org#16812,"BAKTI MULYA, SUNGAI BAHAR, MUARO JAMBI, JAMBI",4,126,49,175
https://kawalpemilu.org#16812,"BAKTI MULYA, SUNGAI BAHAR, MUARO JAMBI, JAMBI",5,119,54,173
https://kawalpemilu.org#16812,"BAKTI MULYA, SUNGAI BAHAR, MUARO JAMBI, JAMBI",6,113,37,150
https://kawalpemilu.org#16812,"BAKTI MULYA, SUNGAI BAHAR, MUARO JAMBI, JAMBI",7,147,27,174
https://kawalpemilu.org#16812,"BAKTI MULYA, SUNGAI BAHAR, MUARO JAMBI, JAMBI",8,128,35,163
https://kawalpemilu.org#16814,"KEBON IX, SUNGAI GELAM, MUARO JAMBI, JAMBI",1,63,128,191
https://kawalpemilu.org#16814,"KEBON IX, SUNGAI GELAM, MUARO JAMBI, JAMBI",2,93,27,120
https://kawalpemilu.org#16814,"KEBON IX, SUNGAI GELAM, MUARO JAMBI, JAMBI",3,100,132,232
https://kawalpemilu.org#16814,"KEBON IX, SUNGAI GELAM, MUARO JAMBI, JAMBI",4,128,126,254
https://kawalpemilu.org#16814,"KEBON IX, SUNGAI GELAM, MUARO JAMBI, JAMBI",5,176,50,226
https://kawalpemilu.org#16814,"KEBON IX, SUNGAI GELAM, MUARO JAMBI, JAMBI",6,133,92,225
https://kawalpemilu.org#16814,"KEBON IX, SUNGAI GELAM, MUARO JAMBI, JAMBI",7,126,86,212
https://kawalpemilu.org#16814,"KEBON IX, SUNGAI GELAM, MUARO JAMBI, JAMBI",8,162,91,253
https://kawalpemilu.org#16814,"KEBON IX, SUNGAI GELAM, MUARO JAMBI, JAMBI",9,146,105,251
https://kawalpemilu.org#16814,"KEBON IX, SUNGAI GELAM, MUARO JAMBI, JAMBI",10,79,98,177
https://kawalpemilu.org#16814,"KEBON IX, SUNGAI GELAM, MUARO JAMBI, JAMBI",11,111,116,227
https://kawalpemilu.org#16814,"KEBON IX, SUNGAI GELAM, MUARO JAMBI, JAMBI",12,85,79,164
https://kawalpemilu.org#16814,"KEBON IX, SUNGAI GELAM, MUARO JAMBI, JAMBI",13,90,87,177
https://kawalpemilu.org#16814,"KEBON IX, SUNGAI GELAM, MUARO JAMBI, JAMBI",14,148,30,178
https://kawalpemilu.org#16814,"KEBON IX, SUNGAI GELAM, MUARO JAMBI, JAMBI",15,170,15,185
https://kawalpemilu.org#16814,"KEBON IX, SUNGAI GELAM, MUARO JAMBI, JAMBI",16,145,69,214
https://kawalpemilu.org#16814,"KEBON IX, SUNGAI GELAM, MUARO JAMBI, JAMBI",17,116,60,176
https://kawalpemilu.org#16814,"KEBON IX, SUNGAI GELAM, MUARO JAMBI, JAMBI",18,53,98,151
https://kawalpemilu.org#16814,"KEBON IX, SUNGAI GELAM, MUARO JAMBI, JAMBI",19,47,98,145
https://kawalpemilu.org#16814,"KEBON IX, SUNGAI GELAM, MUARO JAMBI, JAMBI",20,75,78,153
https://kawalpemilu.org#16814,"KEBON IX, SUNGAI GELAM, MUARO JAMBI, JAMBI",21,103,132,235
https://kawalpemilu.org#16815,"TALANG BELIDO, SUNGAI GELAM, MUARO JAMBI, JAMBI",1,109,50,159
https://kawalpemilu.org#16815,"TALANG BELIDO, SUNGAI GELAM, MUARO JAMBI, JAMBI",2,174,60,234
https://kawalpemilu.org#16815,"TALANG BELIDO, SUNGAI GELAM, MUARO JAMBI, JAMBI",3,128,126,254
https://kawalpemilu.org#16815,"TALANG BELIDO, SUNGAI GELAM, MUARO JAMBI, JAMBI",4,103,31,134
https://kawalpemilu.org#16815,"TALANG BELIDO, SUNGAI GELAM, MUARO JAMBI, JAMBI",5,123,41,164
https://kawalpemilu.org#16815,"TALANG BELIDO, SUNGAI GELAM, MUARO JAMBI, JAMBI",6,183,79,262
https://kawalpemilu.org#16815,"TALANG BELIDO, SUNGAI GELAM, MUARO JAMBI, JAMBI",7,155,97,252
https://kawalpemilu.org#16815,"TALANG BELIDO, SUNGAI GELAM, MUARO JAMBI, JAMBI",8,126,78,204
https://kawalpemilu.org#16815,"TALANG BELIDO, SUNGAI GELAM, MUARO JAMBI, JAMBI",9,173,5,178
https://kawalpemilu.org#16815,"TALANG BELIDO, SUNGAI GELAM, MUARO JAMBI, JAMBI",10,82,116,198
https://kawalpemilu.org#16815,"TALANG BELIDO, SUNGAI GELAM, MUARO JAMBI, JAMBI",11,88,82,170
https://kawalpemilu.org#16815,"TALANG BELIDO, SUNGAI GELAM, MUARO JAMBI, JAMBI",12,178,79,257
https://kawalpemilu.org#16815,"TALANG BELIDO, SUNGAI GELAM, MUARO JAMBI, JAMBI",13,130,61,191
https://kawalpemilu.org#16815,"TALANG BELIDO, SUNGAI GELAM, MUARO JAMBI, JAMBI",14,131,80,211
https://kawalpemilu.org#16815,"TALANG BELIDO, SUNGAI GELAM, MUARO JAMBI, JAMBI",15,101,63,164
https://kawalpemilu.org#16816,"TALANG KERINCI, SUNGAI GELAM, MUARO JAMBI, JAMBI",1,39,155,194
https://kawalpemilu.org#16816,"TALANG KERINCI, SUNGAI GELAM, MUARO JAMBI, JAMBI",2,76,121,197
https://kawalpemilu.org#16816,"TALANG KERINCI, SUNGAI GELAM, MUARO JAMBI, JAMBI",3,93,124,217
https://kawalpemilu.org#16816,"TALANG KERINCI, SUNGAI GELAM, MUARO JAMBI, JAMBI",4,86,72,158
https://kawalpemilu.org#16816,"TALANG KERINCI, SUNGAI GELAM, MUARO JAMBI, JAMBI",5,101,49,150
https://kawalpemilu.org#16816,"TALANG KERINCI, SUNGAI GELAM, MUARO JAMBI, JAMBI",6,92,72,164
https://kawalpemilu.org#16816,"TALANG KERINCI, SUNGAI GELAM, MUARO JAMBI, JAMBI",7,120,64,184
https://kawalpemilu.org#16817,"LADANG PANJANG, SUNGAI GELAM, MUARO JAMBI, JAMBI",1,126,89,215
https://kawalpemilu.org#16817,"LADANG PANJANG, SUNGAI GELAM, MUARO JAMBI, JAMBI",2,89,112,201
https://kawalpemilu.org#16817,"LADANG PANJANG, SUNGAI GELAM, MUARO JAMBI, JAMBI",3,155,75,230
https://kawalpemilu.org#16817,"LADANG PANJANG, SUNGAI GELAM, MUARO JAMBI, JAMBI",4,131,92,223
https://kawalpemilu.org#16817,"LADANG PANJANG, SUNGAI GELAM, MUARO JAMBI, JAMBI",5,116,96,212
https://kawalpemilu.org#16817,"LADANG PANJANG, SUNGAI GELAM, MUARO JAMBI, JAMBI",6,114,93,207
https://kawalpemilu.org#16817,"LADANG PANJANG, SUNGAI GELAM, MUARO JAMBI, JAMBI",7,107,61,168
https://kawalpemilu.org#16817,"LADANG PANJANG, SUNGAI GELAM, MUARO JAMBI, JAMBI",8,158,69,227
https://kawalpemilu.org#16817,"LADANG PANJANG, SUNGAI GELAM, MUARO JAMBI, JAMBI",9,92,28,120
https://kawalpemilu.org#16817,"LADANG PANJANG, SUNGAI GELAM, MUARO JAMBI, JAMBI",10,157,69,226
https://kawalpemilu.org#16817,"LADANG PANJANG, SUNGAI GELAM, MUARO JAMBI, JAMBI",11,101,133,234
https://kawalpemilu.org#16817,"LADANG PANJANG, SUNGAI GELAM, MUARO JAMBI, JAMBI",12,134,79,213
https://kawalpemilu.org#16817,"LADANG PANJANG, SUNGAI GELAM, MUARO JAMBI, JAMBI",13,116,26,142
https://kawalpemilu.org#16817,"LADANG PANJANG, SUNGAI GELAM, MUARO JAMBI, JAMBI",14,144,27,171
https://kawalpemilu.org#16817,"LADANG PANJANG, SUNGAI GELAM, MUARO JAMBI, JAMBI",15,85,43,128
https://kawalpemilu.org#16817,"LADANG PANJANG, SUNGAI GELAM, MUARO JAMBI, JAMBI",16,133,20,153
https://kawalpemilu.org#16817,"LADANG PANJANG, SUNGAI GELAM, MUARO JAMBI, JAMBI",17,121,16,137
https://kawalpemilu.org#16817,"LADANG PANJANG, SUNGAI GELAM, MUARO JAMBI, JAMBI",18,91,14,105
https://kawalpemilu.org#16817,"LADANG PANJANG, SUNGAI GELAM, MUARO JAMBI, JAMBI",19,196,32,228
https://kawalpemilu.org#16817,"LADANG PANJANG, SUNGAI GELAM, MUARO JAMBI, JAMBI",20,92,102,194
https://kawalpemilu.org#16817,"LADANG PANJANG, SUNGAI GELAM, MUARO JAMBI, JAMBI",21,81,101,182
https://kawalpemilu.org#16817,"LADANG PANJANG, SUNGAI GELAM, MUARO JAMBI, JAMBI",22,83,35,118
https://kawalpemilu.org#16818,"TANGKIT, SUNGAI GELAM, MUARO JAMBI, JAMBI",1,123,92,215
https://kawalpemilu.org#16818,"TANGKIT, SUNGAI GELAM, MUARO JAMBI, JAMBI",2,79,73,152
https://kawalpemilu.org#16818,"TANGKIT, SUNGAI GELAM, MUARO JAMBI, JAMBI",3,154,71,225
https://kawalpemilu.org#16818,"TANGKIT, SUNGAI GELAM, MUARO JAMBI, JAMBI",4,200,72,272
https://kawalpemilu.org#16818,"TANGKIT, SUNGAI GELAM, MUARO JAMBI, JAMBI",5,162,75,237
https://kawalpemilu.org#16818,"TANGKIT, SUNGAI GELAM, MUARO JAMBI, JAMBI",6,115,101,216
https://kawalpemilu.org#16818,"TANGKIT, SUNGAI GELAM, MUARO JAMBI, JAMBI",7,147,61,208
https://kawalpemilu.org#16818,"TANGKIT, SUNGAI GELAM, MUARO JAMBI, JAMBI",8,79,94,173
https://kawalpemilu.org#16818,"TANGKIT, SUNGAI GELAM, MUARO JAMBI, JAMBI",9,149,71,220
https://kawalpemilu.org#16818,"TANGKIT, SUNGAI GELAM, MUARO JAMBI, JAMBI",10,113,98,211
https://kawalpemilu.org#16818,"TANGKIT, SUNGAI GELAM, MUARO JAMBI, JAMBI",11,138,125,263
https://kawalpemilu.org#16818,"TANGKIT, SUNGAI GELAM, MUARO JAMBI, JAMBI",12,110,90,200
https://kawalpemilu.org#16818,"TANGKIT, SUNGAI GELAM, MUARO JAMBI, JAMBI",13,49,54,103
https://kawalpemilu.org#16818,"TANGKIT, SUNGAI GELAM, MUARO JAMBI, JAMBI",14,71,54,125
https://kawalpemilu.org#16818,"TANGKIT, SUNGAI GELAM, MUARO JAMBI, JAMBI",15,142,80,222
https://kawalpemilu.org#16818,"TANGKIT, SUNGAI GELAM, MUARO JAMBI, JAMBI",16,93,53,146
https://kawalpemilu.org#16818,"TANGKIT, SUNGAI GELAM, MUARO JAMBI, JAMBI",17,77,50,127
https://kawalpemilu.org#16818,"TANGKIT, SUNGAI GELAM, MUARO JAMBI, JAMBI",18,183,68,251
https://kawalpemilu.org#16818,"TANGKIT, SUNGAI GELAM, MUARO JAMBI, JAMBI",19,145,86,231
https://kawalpemilu.org#16818,"TANGKIT, SUNGAI GELAM, MUARO JAMBI, JAMBI",20,144,82,226
https://kawalpemilu.org#16818,"TANGKIT, SUNGAI GELAM, MUARO JAMBI, JAMBI",21,112,50,162
https://kawalpemilu.org#16818,"TANGKIT, SUNGAI GELAM, MUARO JAMBI, JAMBI",22,144,72,216
https://kawalpemilu.org#16818,"TANGKIT, SUNGAI GELAM, MUARO JAMBI, JAMBI",23,147,38,185
https://kawalpemilu.org#16818,"TANGKIT, SUNGAI GELAM, MUARO JAMBI, JAMBI",24,88,76,164
https://kawalpemilu.org#16818,"TANGKIT, SUNGAI GELAM, MUARO JAMBI, JAMBI",25,107,55,162
https://kawalpemilu.org#16818,"TANGKIT, SUNGAI GELAM, MUARO JAMBI, JAMBI",26,202,39,241
https://kawalpemilu.org#16818,"TANGKIT, SUNGAI GELAM, MUARO JAMBI, JAMBI",27,161,19,180
https://kawalpemilu.org#16818,"TANGKIT, SUNGAI GELAM, MUARO JAMBI, JAMBI",28,137,107,244
https://kawalpemilu.org#16818,"TANGKIT, SUNGAI GELAM, MUARO JAMBI, JAMBI",29,166,67,233
https://kawalpemilu.org#16818,"TANGKIT, SUNGAI GELAM, MUARO JAMBI, JAMBI",30,45,34,79
https://kawalpemilu.org#16819,"TANGKIT BARU, SUNGAI GELAM, MUARO JAMBI, JAMBI",1,90,89,179
https://kawalpemilu.org#16819,"TANGKIT BARU, SUNGAI GELAM, MUARO JAMBI, JAMBI",2,85,78,163
https://kawalpemilu.org#16819,"TANGKIT BARU, SUNGAI GELAM, MUARO JAMBI, JAMBI",3,73,80,153
https://kawalpemilu.org#16819,"TANGKIT BARU, SUNGAI GELAM, MUARO JAMBI, JAMBI",4,76,75,151
https://kawalpemilu.org#16819,"TANGKIT BARU, SUNGAI GELAM, MUARO JAMBI, JAMBI",5,49,139,188
https://kawalpemilu.org#16819,"TANGKIT BARU, SUNGAI GELAM, MUARO JAMBI, JAMBI",6,46,106,152
https://kawalpemilu.org#16819,"TANGKIT BARU, SUNGAI GELAM, MUARO JAMBI, JAMBI",7,79,155,234
https://kawalpemilu.org#16819,"TANGKIT BARU, SUNGAI GELAM, MUARO JAMBI, JAMBI",8,61,114,175
https://kawalpemilu.org#16819,"TANGKIT BARU, SUNGAI GELAM, MUARO JAMBI, JAMBI",9,99,81,180
https://kawalpemilu.org#16819,"TANGKIT BARU, SUNGAI GELAM, MUARO JAMBI, JAMBI",10,120,70,190
https://kawalpemilu.org#16820,"SUNGAI GELAM, SUNGAI GELAM, MUARO JAMBI, JAMBI",1,171,89,260
https://kawalpemilu.org#16820,"SUNGAI GELAM, SUNGAI GELAM, MUARO JAMBI, JAMBI",2,165,86,251
https://kawalpemilu.org#16820,"SUNGAI GELAM, SUNGAI GELAM, MUARO JAMBI, JAMBI",3,76,27,103
https://kawalpemilu.org#16820,"SUNGAI GELAM, SUNGAI GELAM, MUARO JAMBI, JAMBI",4,76,88,164
https://kawalpemilu.org#16820,"SUNGAI GELAM, SUNGAI GELAM, MUARO JAMBI, JAMBI",5,70,75,145
https://kawalpemilu.org#16820,"SUNGAI GELAM, SUNGAI GELAM, MUARO JAMBI, JAMBI",6,141,73,214
https://kawalpemilu.org#16820,"SUNGAI GELAM, SUNGAI GELAM, MUARO JAMBI, JAMBI",7,102,97,199
https://kawalpemilu.org#16820,"SUNGAI GELAM, SUNGAI GELAM, MUARO JAMBI, JAMBI",8,101,73,174
https://kawalpemilu.org#16820,"SUNGAI GELAM, SUNGAI GELAM, MUARO JAMBI, JAMBI",9,140,53,193
https://kawalpemilu.org#16820,"SUNGAI GELAM, SUNGAI GELAM, MUARO JAMBI, JAMBI",10,98,19,117
https://kawalpemilu.org#16820,"SUNGAI GELAM, SUNGAI GELAM, MUARO JAMBI, JAMBI",11,100,44,144
https://kawalpemilu.org#16820,"SUNGAI GELAM, SUNGAI GELAM, MUARO JAMBI, JAMBI",12,95,49,144
https://kawalpemilu.org#16820,"SUNGAI GELAM, SUNGAI GELAM, MUARO JAMBI, JAMBI",13,81,80,161
https://kawalpemilu.org#16820,"SUNGAI GELAM, SUNGAI GELAM, MUARO JAMBI, JAMBI",14,58,76,134
https://kawalpemilu.org#16820,"SUNGAI GELAM, SUNGAI GELAM, MUARO JAMBI, JAMBI",15,156,100,256
https://kawalpemilu.org#16820,"SUNGAI GELAM, SUNGAI GELAM, MUARO JAMBI, JAMBI",16,82,71,153
https://kawalpemilu.org#16820,"SUNGAI GELAM, SUNGAI GELAM, MUARO JAMBI, JAMBI",17,157,85,242
https://kawalpemilu.org#16820,"SUNGAI GELAM, SUNGAI GELAM, MUARO JAMBI, JAMBI",18,100,51,151
https://kawalpemilu.org#16820,"SUNGAI GELAM, SUNGAI GELAM, MUARO JAMBI, JAMBI",19,105,32,137
https://kawalpemilu.org#16820,"SUNGAI GELAM, SUNGAI GELAM, MUARO JAMBI, JAMBI",20,165,41,206
https://kawalpemilu.org#16820,"SUNGAI GELAM, SUNGAI GELAM, MUARO JAMBI, JAMBI",21,92,15,107
https://kawalpemilu.org#16820,"SUNGAI GELAM, SUNGAI GELAM, MUARO JAMBI, JAMBI",22,84,33,117
https://kawalpemilu.org#16820,"SUNGAI GELAM, SUNGAI GELAM, MUARO JAMBI, JAMBI",23,105,33,138
https://kawalpemilu.org#16820,"SUNGAI GELAM, SUNGAI GELAM, MUARO JAMBI, JAMBI",24,157,52,209
https://kawalpemilu.org#16820,"SUNGAI GELAM, SUNGAI GELAM, MUARO JAMBI, JAMBI",25,143,57,200
https://kawalpemilu.org#16820,"SUNGAI GELAM, SUNGAI GELAM, MUARO JAMBI, JAMBI",26,151,36,187
https://kawalpemilu.org#16820,"SUNGAI GELAM, SUNGAI GELAM, MUARO JAMBI, JAMBI",27,105,29,134
https://kawalpemilu.org#16820,"SUNGAI GELAM, SUNGAI GELAM, MUARO JAMBI, JAMBI",28,120,107,227
https://kawalpemilu.org#16820,"SUNGAI GELAM, SUNGAI GELAM, MUARO JAMBI, JAMBI",29,158,68,226
https://kawalpemilu.org#16820,"SUNGAI GELAM, SUNGAI GELAM, MUARO JAMBI, JAMBI",30,107,82,189
https://kawalpemilu.org#16820,"SUNGAI GELAM, SUNGAI GELAM, MUARO JAMBI, JAMBI",31,102,14,116
https://kawalpemilu.org#16820,"SUNGAI GELAM, SUNGAI GELAM, MUARO JAMBI, JAMBI",32,168,21,189
https://kawalpemilu.org#16820,"SUNGAI GELAM, SUNGAI GELAM, MUARO JAMBI, JAMBI",33,83,51,134
https://kawalpemilu.org#16820,"SUNGAI GELAM, SUNGAI GELAM, MUARO JAMBI, JAMBI",34,129,48,177
https://kawalpemilu.org#16820,"SUNGAI GELAM, SUNGAI GELAM, MUARO JAMBI, JAMBI",35,116,32,148
https://kawalpemilu.org#16820,"SUNGAI GELAM, SUNGAI GELAM, MUARO JAMBI, JAMBI",36,107,66,173
https://kawalpemilu.org#16820,"SUNGAI GELAM, SUNGAI GELAM, MUARO JAMBI, JAMBI",37,87,46,133
https://kawalpemilu.org#16820,"SUNGAI GELAM, SUNGAI GELAM, MUARO JAMBI, JAMBI",38,197,22,219
https://kawalpemilu.org#16820,"SUNGAI GELAM, SUNGAI GELAM, MUARO JAMBI, JAMBI",39,129,22,151
https://kawalpemilu.org#16821,"PARIT, SUNGAI GELAM, MUARO JAMBI, JAMBI",1,101,66,167
https://kawalpemilu.org#16821,"PARIT, SUNGAI GELAM, MUARO JAMBI, JAMBI",2,91,72,163
https://kawalpemilu.org#16821,"PARIT, SUNGAI GELAM, MUARO JAMBI, JAMBI",3,61,130,191
https://kawalpemilu.org#16821,"PARIT, SUNGAI GELAM, MUARO JAMBI, JAMBI",4,71,39,110
https://kawalpemilu.org#16821,"PARIT, SUNGAI GELAM, MUARO JAMBI, JAMBI",5,89,52,141
https://kawalpemilu.org#16821,"PARIT, SUNGAI GELAM, MUARO JAMBI, JAMBI",6,87,161,248
https://kawalpemilu.org#16821,"PARIT, SUNGAI GELAM, MUARO JAMBI, JAMBI",7,70,174,244
https://kawalpemilu.org#16821,"PARIT, SUNGAI GELAM, MUARO JAMBI, JAMBI",8,63,19,82
https://kawalpemilu.org#16822,"PETALING JAYA, SUNGAI GELAM, MUARO JAMBI, JAMBI",1,157,68,225
https://kawalpemilu.org#16822,"PETALING JAYA, SUNGAI GELAM, MUARO JAMBI, JAMBI",2,0,0,0
https://kawalpemilu.org#16822,"PETALING JAYA, SUNGAI GELAM, MUARO JAMBI, JAMBI",3,131,45,176
https://kawalpemilu.org#16822,"PETALING JAYA, SUNGAI GELAM, MUARO JAMBI, JAMBI",4,53,16,69
https://kawalpemilu.org#16822,"PETALING JAYA, SUNGAI GELAM, MUARO JAMBI, JAMBI",5,102,71,173
https://kawalpemilu.org#16822,"PETALING JAYA, SUNGAI GELAM, MUARO JAMBI, JAMBI",6,137,86,223
https://kawalpemilu.org#16822,"PETALING JAYA, SUNGAI GELAM, MUARO JAMBI, JAMBI",7,120,84,204
https://kawalpemilu.org#16822,"PETALING JAYA, SUNGAI GELAM, MUARO JAMBI, JAMBI",8,108,71,179
https://kawalpemilu.org#16822,"PETALING JAYA, SUNGAI GELAM, MUARO JAMBI, JAMBI",9,104,36,140
https://kawalpemilu.org#16823,"SUMBER AGUNG, SUNGAI GELAM, MUARO JAMBI, JAMBI",1,124,61,185
https://kawalpemilu.org#16823,"SUMBER AGUNG, SUNGAI GELAM, MUARO JAMBI, JAMBI",2,87,40,127
https://kawalpemilu.org#16823,"SUMBER AGUNG, SUNGAI GELAM, MUARO JAMBI, JAMBI",3,89,48,137
https://kawalpemilu.org#16823,"SUMBER AGUNG, SUNGAI GELAM, MUARO JAMBI, JAMBI",4,106,64,170
https://kawalpemilu.org#16823,"SUMBER AGUNG, SUNGAI GELAM, MUARO JAMBI, JAMBI",5,90,39,129
https://kawalpemilu.org#16823,"SUMBER AGUNG, SUNGAI GELAM, MUARO JAMBI, JAMBI",6,109,61,170
https://kawalpemilu.org#16823,"SUMBER AGUNG, SUNGAI GELAM, MUARO JAMBI, JAMBI",7,82,41,123
https://kawalpemilu.org#16823,"SUMBER AGUNG, SUNGAI GELAM, MUARO JAMBI, JAMBI",8,92,39,131
https://kawalpemilu.org#16823,"SUMBER AGUNG, SUNGAI GELAM, MUARO JAMBI, JAMBI",9,80,32,112
https://kawalpemilu.org#16823,"SUMBER AGUNG, SUNGAI GELAM, MUARO JAMBI, JAMBI",10,106,62,168
https://kawalpemilu.org#16823,"SUMBER AGUNG, SUNGAI GELAM, MUARO JAMBI, JAMBI",11,57,58,115
https://kawalpemilu.org#16823,"SUMBER AGUNG, SUNGAI GELAM, MUARO JAMBI, JAMBI",12,121,64,185
https://kawalpemilu.org#16824,"MINGKUNG JAYA, SUNGAI GELAM, MUARO JAMBI, JAMBI",1,206,38,244
https://kawalpemilu.org#16824,"MINGKUNG JAYA, SUNGAI GELAM, MUARO JAMBI, JAMBI",2,111,33,144
https://kawalpemilu.org#16824,"MINGKUNG JAYA, SUNGAI GELAM, MUARO JAMBI, JAMBI",3,124,28,152
https://kawalpemilu.org#16824,"MINGKUNG JAYA, SUNGAI GELAM, MUARO JAMBI, JAMBI",4,142,41,183
https://kawalpemilu.org#16824,"MINGKUNG JAYA, SUNGAI GELAM, MUARO JAMBI, JAMBI",5,164,55,219
https://kawalpemilu.org#16824,"MINGKUNG JAYA, SUNGAI GELAM, MUARO JAMBI, JAMBI",6,174,46,220
https://kawalpemilu.org#16824,"MINGKUNG JAYA, SUNGAI GELAM, MUARO JAMBI, JAMBI",7,190,64,254
https://kawalpemilu.org#16824,"MINGKUNG JAYA, SUNGAI GELAM, MUARO JAMBI, JAMBI",8,130,48,178
https://kawalpemilu.org#16825,"MEKAR JAYA, SUNGAI GELAM, MUARO JAMBI, JAMBI",1,93,91,184
https://kawalpemilu.org#16825,"MEKAR JAYA, SUNGAI GELAM, MUARO JAMBI, JAMBI",2,88,70,158
https://kawalpemilu.org#16825,"MEKAR JAYA, SUNGAI GELAM, MUARO JAMBI, JAMBI",3,97,119,216
https://kawalpemilu.org#16825,"MEKAR JAYA, SUNGAI GELAM, MUARO JAMBI, JAMBI",4,136,101,237
https://kawalpemilu.org#16825,"MEKAR JAYA, SUNGAI GELAM, MUARO JAMBI, JAMBI",5,87,111,198
https://kawalpemilu.org#16825,"MEKAR JAYA, SUNGAI GELAM, MUARO JAMBI, JAMBI",6,55,75,130
https://kawalpemilu.org#16825,"MEKAR JAYA, SUNGAI GELAM, MUARO JAMBI, JAMBI",7,123,89,212
https://kawalpemilu.org#16825,"MEKAR JAYA, SUNGAI GELAM, MUARO JAMBI, JAMBI",8,103,64,167
https://kawalpemilu.org#16825,"MEKAR JAYA, SUNGAI GELAM, MUARO JAMBI, JAMBI",9,79,55,134
https://kawalpemilu.org#16825,"MEKAR JAYA, SUNGAI GELAM, MUARO JAMBI, JAMBI",10,50,84,134
https://kawalpemilu.org#16825,"MEKAR JAYA, SUNGAI GELAM, MUARO JAMBI, JAMBI",11,66,68,134
https://kawalpemilu.org#16825,"MEKAR JAYA, SUNGAI GELAM, MUARO JAMBI, JAMBI",12,63,73,136
https://kawalpemilu.org#16825,"MEKAR JAYA, SUNGAI GELAM, MUARO JAMBI, JAMBI",13,107,83,190
https://kawalpemilu.org#16825,"MEKAR JAYA, SUNGAI GELAM, MUARO JAMBI, JAMBI",14,101,79,180
https://kawalpemilu.org#16825,"MEKAR JAYA, SUNGAI GELAM, MUARO JAMBI, JAMBI",15,33,58,91
https://kawalpemilu.org#16825,"MEKAR JAYA, SUNGAI GELAM, MUARO JAMBI, JAMBI",16,110,51,161
https://kawalpemilu.org#16825,"MEKAR JAYA, SUNGAI GELAM, MUARO JAMBI, JAMBI",17,50,61,111
https://kawalpemilu.org#16825,"MEKAR JAYA, SUNGAI GELAM, MUARO JAMBI, JAMBI",18,167,78,245
https://kawalpemilu.org#16825,"MEKAR JAYA, SUNGAI GELAM, MUARO JAMBI, JAMBI",19,83,92,175
https://kawalpemilu.org#16825,"MEKAR JAYA, SUNGAI GELAM, MUARO JAMBI, JAMBI",20,140,126,266
https://kawalpemilu.org#16825,"MEKAR JAYA, SUNGAI GELAM, MUARO JAMBI, JAMBI",21,177,60,237
https://kawalpemilu.org#16825,"MEKAR JAYA, SUNGAI GELAM, MUARO JAMBI, JAMBI",22,104,40,144
https://kawalpemilu.org#16825,"MEKAR JAYA, SUNGAI GELAM, MUARO JAMBI, JAMBI",23,133,41,174
https://kawalpemilu.org#16825,"MEKAR JAYA, SUNGAI GELAM, MUARO JAMBI, JAMBI",24,141,107,248
https://kawalpemilu.org#16825,"MEKAR JAYA, SUNGAI GELAM, MUARO JAMBI, JAMBI",25,148,64,212
https://kawalpemilu.org#16825,"MEKAR JAYA, SUNGAI GELAM, MUARO JAMBI, JAMBI",26,101,26,127
https://kawalpemilu.org#16827,"SIDO MUKTI, SUNGAI GELAM, MUARO JAMBI, JAMBI",1,165,40,205
https://kawalpemilu.org#16827,"SIDO MUKTI, SUNGAI GELAM, MUARO JAMBI, JAMBI",2,153,39,192
https://kawalpemilu.org#16827,"SIDO MUKTI, SUNGAI GELAM, MUARO JAMBI, JAMBI",3,171,43,214
https://kawalpemilu.org#16827,"SIDO MUKTI, SUNGAI GELAM, MUARO JAMBI, JAMBI",4,187,34,221
https://kawalpemilu.org#84608,"TRIMULYA JAYA, SUNGAI GELAM, MUARO JAMBI, JAMBI",1,137,36,173
https://kawalpemilu.org#84608,"TRIMULYA JAYA, SUNGAI GELAM, MUARO JAMBI, JAMBI",2,137,27,164
https://kawalpemilu.org#84608,"TRIMULYA JAYA, SUNGAI GELAM, MUARO JAMBI, JAMBI",3,108,44,152
https://kawalpemilu.org#84608,"TRIMULYA JAYA, SUNGAI GELAM, MUARO JAMBI, JAMBI",4,137,56,193
https://kawalpemilu.org#84608,"TRIMULYA JAYA, SUNGAI GELAM, MUARO JAMBI, JAMBI",5,136,63,199
https://kawalpemilu.org#84608,"TRIMULYA JAYA, SUNGAI GELAM, MUARO JAMBI, JAMBI",6,140,68,208
https://kawalpemilu.org#91874,"GAMBUT JAYA, SUNGAI GELAM, MUARO JAMBI, JAMBI",1,86,24,110
https://kawalpemilu.org#91874,"GAMBUT JAYA, SUNGAI GELAM, MUARO JAMBI, JAMBI",2,80,14,94
https://kawalpemilu.org#91874,"GAMBUT JAYA, SUNGAI GELAM, MUARO JAMBI, JAMBI",3,151,36,187
https://kawalpemilu.org#91874,"GAMBUT JAYA, SUNGAI GELAM, MUARO JAMBI, JAMBI",4,145,17,162
https://kawalpemilu.org#16841,"BUKIT SUBUR, BAHAR SELATAN, MUARO JAMBI, JAMBI",1,135,18,153
https://kawalpemilu.org#16841,"BUKIT SUBUR, BAHAR SELATAN, MUARO JAMBI, JAMBI",2,124,48,172
https://kawalpemilu.org#16841,"BUKIT SUBUR, BAHAR SELATAN, MUARO JAMBI, JAMBI",3,98,68,166
https://kawalpemilu.org#16841,"BUKIT SUBUR, BAHAR SELATAN, MUARO JAMBI, JAMBI",4,145,45,190
https://kawalpemilu.org#16841,"BUKIT SUBUR, BAHAR SELATAN, MUARO JAMBI, JAMBI",5,145,41,186
https://kawalpemilu.org#16841,"BUKIT SUBUR, BAHAR SELATAN, MUARO JAMBI, JAMBI",6,161,34,195
https://kawalpemilu.org#16841,"BUKIT SUBUR, BAHAR SELATAN, MUARO JAMBI, JAMBI",7,128,52,180
https://kawalpemilu.org#16842,"TANJUNG LEBAR, BAHAR SELATAN, MUARO JAMBI, JAMBI",1,114,12,126
https://kawalpemilu.org#16842,"TANJUNG LEBAR, BAHAR SELATAN, MUARO JAMBI, JAMBI",2,105,35,140
https://kawalpemilu.org#16842,"TANJUNG LEBAR, BAHAR SELATAN, MUARO JAMBI, JAMBI",3,110,31,141
https://kawalpemilu.org#16842,"TANJUNG LEBAR, BAHAR SELATAN, MUARO JAMBI, JAMBI",4,51,76,127
https://kawalpemilu.org#16842,"TANJUNG LEBAR, BAHAR SELATAN, MUARO JAMBI, JAMBI",5,55,94,149
https://kawalpemilu.org#16842,"TANJUNG LEBAR, BAHAR SELATAN, MUARO JAMBI, JAMBI",6,86,15,101
https://kawalpemilu.org#16842,"TANJUNG LEBAR, BAHAR SELATAN, MUARO JAMBI, JAMBI",7,67,41,108
https://kawalpemilu.org#16842,"TANJUNG LEBAR, BAHAR SELATAN, MUARO JAMBI, JAMBI",8,77,37,114
https://kawalpemilu.org#16842,"TANJUNG LEBAR, BAHAR SELATAN, MUARO JAMBI, JAMBI",9,100,14,114
https://kawalpemilu.org#16842,"TANJUNG LEBAR, BAHAR SELATAN, MUARO JAMBI, JAMBI",10,56,16,72
https://kawalpemilu.org#16842,"TANJUNG LEBAR, BAHAR SELATAN, MUARO JAMBI, JAMBI",11,123,31,154
https://kawalpemilu.org#16842,"TANJUNG LEBAR, BAHAR SELATAN, MUARO JAMBI, JAMBI",12,60,93,153
https://kawalpemilu.org#16842,"TANJUNG LEBAR, BAHAR SELATAN, MUARO JAMBI, JAMBI",13,26,114,130
https://kawalpemilu.org#16842,"TANJUNG LEBAR, BAHAR SELATAN, MUARO JAMBI, JAMBI",14,163,19,182
https://kawalpemilu.org#16842,"TANJUNG LEBAR, BAHAR SELATAN, MUARO JAMBI, JAMBI",15,136,79,215
https://kawalpemilu.org#16843,"TRI JAYA, BAHAR SELATAN, MUARO JAMBI, JAMBI",1,139,40,179
https://kawalpemilu.org#16843,"TRI JAYA, BAHAR SELATAN, MUARO JAMBI, JAMBI",2,161,30,191
https://kawalpemilu.org#16843,"TRI JAYA, BAHAR SELATAN, MUARO JAMBI, JAMBI",3,125,24,149
https://kawalpemilu.org#16843,"TRI JAYA, BAHAR SELATAN, MUARO JAMBI, JAMBI",4,163,69,232
https://kawalpemilu.org#16844,"MEKAR JAYA, BAHAR SELATAN, MUARO JAMBI, JAMBI",1,139,48,187
https://kawalpemilu.org#16844,"MEKAR JAYA, BAHAR SELATAN, MUARO JAMBI, JAMBI",2,160,45,205
https://kawalpemilu.org#16845,"UJUNG TANJUNG, BAHAR SELATAN, MUARO JAMBI, JAMBI",1,121,35,156
https://kawalpemilu.org#16845,"UJUNG TANJUNG, BAHAR SELATAN, MUARO JAMBI, JAMBI",2,95,73,168
https://kawalpemilu.org#16845,"UJUNG TANJUNG, BAHAR SELATAN, MUARO JAMBI, JAMBI",3,126,72,198
https://kawalpemilu.org#16845,"UJUNG TANJUNG, BAHAR SELATAN, MUARO JAMBI, JAMBI",4,104,69,173
https://kawalpemilu.org#16846,"TANJUNG BARU, BAHAR SELATAN, MUARO JAMBI, JAMBI",1,93,124,217
https://kawalpemilu.org#16846,"TANJUNG BARU, BAHAR SELATAN, MUARO JAMBI, JAMBI",2,131,92,223
https://kawalpemilu.org#16847,"TANJUNG MULIA, BAHAR SELATAN, MUARO JAMBI, JAMBI",1,153,20,173
https://kawalpemilu.org#16847,"TANJUNG MULIA, BAHAR SELATAN, MUARO JAMBI, JAMBI",2,152,43,195
https://kawalpemilu.org#16847,"TANJUNG MULIA, BAHAR SELATAN, MUARO JAMBI, JAMBI",3,171,41,212
https://kawalpemilu.org#16847,"TANJUNG MULIA, BAHAR SELATAN, MUARO JAMBI, JAMBI",4,84,47,131
https://kawalpemilu.org#16847,"TANJUNG MULIA, BAHAR SELATAN, MUARO JAMBI, JAMBI",5,156,11,167
https://kawalpemilu.org#16847,"TANJUNG MULIA, BAHAR SELATAN, MUARO JAMBI, JAMBI",6,133,23,156
https://kawalpemilu.org#16848,"TANJUNG SARI, BAHAR SELATAN, MUARO JAMBI, JAMBI",1,86,66,152
https://kawalpemilu.org#16848,"TANJUNG SARI, BAHAR SELATAN, MUARO JAMBI, JAMBI",2,124,49,173
https://kawalpemilu.org#16848,"TANJUNG SARI, BAHAR SELATAN, MUARO JAMBI, JAMBI",3,124,44,168
https://kawalpemilu.org#16848,"TANJUNG SARI, BAHAR SELATAN, MUARO JAMBI, JAMBI",4,129,39,168
https://kawalpemilu.org#16848,"TANJUNG SARI, BAHAR SELATAN, MUARO JAMBI, JAMBI",5,169,65,234
https://kawalpemilu.org#16848,"TANJUNG SARI, BAHAR SELATAN, MUARO JAMBI, JAMBI",6,174,47,221
https://kawalpemilu.org#16848,"TANJUNG SARI, BAHAR SELATAN, MUARO JAMBI, JAMBI",7,101,69,170
https://kawalpemilu.org#16848,"TANJUNG SARI, BAHAR SELATAN, MUARO JAMBI, JAMBI",8,110,129,239
https://kawalpemilu.org#16849,"BUKIT JAYA, BAHAR SELATAN, MUARO JAMBI, JAMBI",1,96,49,145
https://kawalpemilu.org#16849,"BUKIT JAYA, BAHAR SELATAN, MUARO JAMBI, JAMBI",2,81,39,120
https://kawalpemilu.org#16849,"BUKIT JAYA, BAHAR SELATAN, MUARO JAMBI, JAMBI",3,94,18,112
https://kawalpemilu.org#16849,"BUKIT JAYA, BAHAR SELATAN, MUARO JAMBI, JAMBI",4,108,52,160
https://kawalpemilu.org#16849,"BUKIT JAYA, BAHAR SELATAN, MUARO JAMBI, JAMBI",5,71,74,145
https://kawalpemilu.org#16849,"BUKIT JAYA, BAHAR SELATAN, MUARO JAMBI, JAMBI",6,86,87,173
https://kawalpemilu.org#16849,"BUKIT JAYA, BAHAR SELATAN, MUARO JAMBI, JAMBI",7,81,20,101
https://kawalpemilu.org#84609,"ADIPURA KENCANA, BAHAR SELATAN, MUARO JAMBI, JAMBI",1,138,73,211
https://kawalpemilu.org#84609,"ADIPURA KENCANA, BAHAR SELATAN, MUARO JAMBI, JAMBI",2,122,77,199
https://kawalpemilu.org#84609,"ADIPURA KENCANA, BAHAR SELATAN, MUARO JAMBI, JAMBI",3,76,87,163
https://kawalpemilu.org#84609,"ADIPURA KENCANA, BAHAR SELATAN, MUARO JAMBI, JAMBI",4,95,40,135
https://kawalpemilu.org#84609,"ADIPURA KENCANA, BAHAR SELATAN, MUARO JAMBI, JAMBI",5,73,35,108
https://kawalpemilu.org#16852,"KUNANGAN, TAMAN RAJO, MUARO JAMBI, JAMBI",1,52,101,153
https://kawalpemilu.org#16852,"KUNANGAN, TAMAN RAJO, MUARO JAMBI, JAMBI",2,67,96,162
https://kawalpemilu.org#16852,"KUNANGAN, TAMAN RAJO, MUARO JAMBI, JAMBI",3,73,130,203
https://kawalpemilu.org#16852,"KUNANGAN, TAMAN RAJO, MUARO JAMBI, JAMBI",4,107,146,253
https://kawalpemilu.org#16853,"KEMINGKING DALAM, TAMAN RAJO, MUARO JAMBI, JAMBI",1,93,89,182
https://kawalpemilu.org#16853,"KEMINGKING DALAM, TAMAN RAJO, MUARO JAMBI, JAMBI",2,64,106,170
https://kawalpemilu.org#16853,"KEMINGKING DALAM, TAMAN RAJO, MUARO JAMBI, JAMBI",3,80,116,196
https://kawalpemilu.org#16853,"KEMINGKING DALAM, TAMAN RAJO, MUARO JAMBI, JAMBI",4,100,107,207
https://kawalpemilu.org#16853,"KEMINGKING DALAM, TAMAN RAJO, MUARO JAMBI, JAMBI",5,45,122,167
https://kawalpemilu.org#16853,"KEMINGKING DALAM, TAMAN RAJO, MUARO JAMBI, JAMBI",6,66,105,171
https://kawalpemilu.org#16853,"KEMINGKING DALAM, TAMAN RAJO, MUARO JAMBI, JAMBI",7,46,79,125
https://kawalpemilu.org#16853,"KEMINGKING DALAM, TAMAN RAJO, MUARO JAMBI, JAMBI",8,92,132,224
https://kawalpemilu.org#16853,"KEMINGKING DALAM, TAMAN RAJO, MUARO JAMBI, JAMBI",9,116,66,182
https://kawalpemilu.org#16854,"TEBAT PATAH, TAMAN RAJO, MUARO JAMBI, JAMBI",1,82,76,158
https://kawalpemilu.org#16854,"TEBAT PATAH, TAMAN RAJO, MUARO JAMBI, JAMBI",2,63,92,155
https://kawalpemilu.org#16854,"TEBAT PATAH, TAMAN RAJO, MUARO JAMBI, JAMBI",3,65,91,156
https://kawalpemilu.org#16854,"TEBAT PATAH, TAMAN RAJO, MUARO JAMBI, JAMBI",4,63,81,144
https://kawalpemilu.org#16856,"TALANG DUKU, TAMAN RAJO, MUARO JAMBI, JAMBI",1,88,85,173
https://kawalpemilu.org#16856,"TALANG DUKU, TAMAN RAJO, MUARO JAMBI, JAMBI",2,78,109,187
https://kawalpemilu.org#16856,"TALANG DUKU, TAMAN RAJO, MUARO JAMBI, JAMBI",3,95,109,204
https://kawalpemilu.org#16856,"TALANG DUKU, TAMAN RAJO, MUARO JAMBI, JAMBI",4,59,105,164
https://kawalpemilu.org#16856,"TALANG DUKU, TAMAN RAJO, MUARO JAMBI, JAMBI",5,50,114,164
https://kawalpemilu.org#16856,"TALANG DUKU, TAMAN RAJO, MUARO JAMBI, JAMBI",6,67,79,146
https://kawalpemilu.org#16856,"TALANG DUKU, TAMAN RAJO, MUARO JAMBI, JAMBI",7,48,83,131
https://kawalpemilu.org#16856,"TALANG DUKU, TAMAN RAJO, MUARO JAMBI, JAMBI",8,45,69,114
https://kawalpemilu.org#16856,"TALANG DUKU, TAMAN RAJO, MUARO JAMBI, JAMBI",9,63,74,137
https://kawalpemilu.org#16856,"TALANG DUKU, TAMAN RAJO, MUARO JAMBI, JAMBI",10,79,114,193
https://kawalpemilu.org#16856,"TALANG DUKU, TAMAN RAJO, MUARO JAMBI, JAMBI",11,150,62,212
https://kawalpemilu.org#16856,"TALANG DUKU, TAMAN RAJO, MUARO JAMBI, JAMBI",12,41,49,90
https://kawalpemilu.org#16856,"TALANG DUKU, TAMAN RAJO, MUARO JAMBI, JAMBI",13,123,79,202
https://kawalpemilu.org#16856,"TALANG DUKU, TAMAN RAJO, MUARO JAMBI, JAMBI",14,104,70,174
https://kawalpemilu.org#16856,"TALANG DUKU, TAMAN RAJO, MUARO JAMBI, JAMBI",15,43,129,172
https://kawalpemilu.org#16857,"DUSUN MUDO, TAMAN RAJO, MUARO JAMBI, JAMBI",1,104,138,242
https://kawalpemilu.org#16857,"DUSUN MUDO, TAMAN RAJO, MUARO JAMBI, JAMBI",2,165,84,249
https://kawalpemilu.org#16858,"SEKUMBUNG, TAMAN RAJO, MUARO JAMBI, JAMBI",1,112,61,173
https://kawalpemilu.org#16858,"SEKUMBUNG, TAMAN RAJO, MUARO JAMBI, JAMBI",2,90,73,163
https://kawalpemilu.org#16859,"KEMINGKING LUAR, TAMAN RAJO, MUARO JAMBI, JAMBI",1,96,160,256
https://kawalpemilu.org#16859,"KEMINGKING LUAR, TAMAN RAJO, MUARO JAMBI, JAMBI",2,52,7,59
https://kawalpemilu.org#16860,"RUKAM, TAMAN RAJO, MUARO JAMBI, JAMBI",1,40,108,148
https://kawalpemilu.org#16860,"RUKAM, TAMAN RAJO, MUARO JAMBI, JAMBI",2,63,125,188
https://kawalpemilu.org#16860,"RUKAM, TAMAN RAJO, MUARO JAMBI, JAMBI",3,80,72,152
https://kawalpemilu.org#16860,"RUKAM, TAMAN RAJO, MUARO JAMBI, JAMBI",4,80,85,165
https://kawalpemilu.org#16860,"RUKAM, TAMAN RAJO, MUARO JAMBI, JAMBI",5,68,85,153
https://kawalpemilu.org#16861,"MANIS MATO, TAMAN RAJO, MUARO JAMBI, JAMBI",1,117,114,231
https://kawalpemilu.org#84610,"TELUK JAMBU, TAMAN RAJO, MUARO JAMBI, JAMBI",1,113,110,223
https://kawalpemilu.org#84610,"TELUK JAMBU, TAMAN RAJO, MUARO JAMBI, JAMBI",2,86,128,214
https://kawalpemilu.org#16798,"SUMBER JAYA, BAHAR UTARA, MUARO JAMBI, JAMBI",1,164,46,210
https://kawalpemilu.org#16798,"SUMBER JAYA, BAHAR UTARA, MUARO JAMBI, JAMBI",2,95,86,181
https://kawalpemilu.org#16829,"TALANG BUKIT, BAHAR UTARA, MUARO JAMBI, JAMBI",1,156,31,187
https://kawalpemilu.org#16829,"TALANG BUKIT, BAHAR UTARA, MUARO JAMBI, JAMBI",2,99,53,152
https://kawalpemilu.org#16829,"TALANG BUKIT, BAHAR UTARA, MUARO JAMBI, JAMBI",3,105,58,163
https://kawalpemilu.org#16829,"TALANG BUKIT, BAHAR UTARA, MUARO JAMBI, JAMBI",4,90,52,142
https://kawalpemilu.org#16829,"TALANG BUKIT, BAHAR UTARA, MUARO JAMBI, JAMBI",5,120,98,218
https://kawalpemilu.org#16829,"TALANG BUKIT, BAHAR UTARA, MUARO JAMBI, JAMBI",6,146,82,228
https://kawalpemilu.org#16831,"TALANG DATAR, BAHAR UTARA, MUARO JAMBI, JAMBI",1,171,56,227
https://kawalpemilu.org#16831,"TALANG DATAR, BAHAR UTARA, MUARO JAMBI, JAMBI",2,75,53,128
https://kawalpemilu.org#16831,"TALANG DATAR, BAHAR UTARA, MUARO JAMBI, JAMBI",3,85,40,125
https://kawalpemilu.org#16831,"TALANG DATAR, BAHAR UTARA, MUARO JAMBI, JAMBI",4,90,87,177
https://kawalpemilu.org#16832,"SUMBER MULYA, BAHAR UTARA, MUARO JAMBI, JAMBI",1,120,36,156
https://kawalpemilu.org#16832,"SUMBER MULYA, BAHAR UTARA, MUARO JAMBI, JAMBI",2,105,42,147
https://kawalpemilu.org#16832,"SUMBER MULYA, BAHAR UTARA, MUARO JAMBI, JAMBI",3,134,54,188
https://kawalpemilu.org#16833,"MULYA JAYA, BAHAR UTARA, MUARO JAMBI, JAMBI",1,136,25,161
https://kawalpemilu.org#16833,"MULYA JAYA, BAHAR UTARA, MUARO JAMBI, JAMBI",2,156,44,200
https://kawalpemilu.org#16835,"BUKIT MULYA, BAHAR UTARA, MUARO JAMBI, JAMBI",1,116,66,182
https://kawalpemilu.org#16835,"BUKIT MULYA, BAHAR UTARA, MUARO JAMBI, JAMBI",2,139,41,180
https://kawalpemilu.org#16835,"BUKIT MULYA, BAHAR UTARA, MUARO JAMBI, JAMBI",3,129,46,175
https://kawalpemilu.org#16835,"BUKIT MULYA, BAHAR UTARA, MUARO JAMBI, JAMBI",4,133,34,167
https://kawalpemilu.org#16837,"PINANG TINGGI, BAHAR UTARA, MUARO JAMBI, JAMBI",1,39,83,122
https://kawalpemilu.org#16837,"PINANG TINGGI, BAHAR UTARA, MUARO JAMBI, JAMBI",2,68,41,109
https://kawalpemilu.org#16837,"PINANG TINGGI, BAHAR UTARA, MUARO JAMBI, JAMBI",3,132,47,179
https://kawalpemilu.org#16837,"PINANG TINGGI, BAHAR UTARA, MUARO JAMBI, JAMBI",4,128,54,182
https://kawalpemilu.org#16837,"PINANG TINGGI, BAHAR UTARA, MUARO JAMBI, JAMBI",5,89,89,178
https://kawalpemilu.org#16839,"SUNGAI DAYO, BAHAR UTARA, MUARO JAMBI, JAMBI",1,105,5,110
https://kawalpemilu.org#16839,"SUNGAI DAYO, BAHAR UTARA, MUARO JAMBI, JAMBI",2,151,15,166
https://kawalpemilu.org#84611,"MATRA MANUNGGAL, BAHAR UTARA, MUARO JAMBI, JAMBI",1,168,45,213
https://kawalpemilu.org#84611,"MATRA MANUNGGAL, BAHAR UTARA, MUARO JAMBI, JAMBI",2,113,69,182
https://kawalpemilu.org#84611,"MATRA MANUNGGAL, BAHAR UTARA, MUARO JAMBI, JAMBI",3,144,47,191
https://kawalpemilu.org#84612,"MARKANDING, BAHAR UTARA, MUARO JAMBI, JAMBI",1,121,6,127
https://kawalpemilu.org#84612,"MARKANDING, BAHAR UTARA, MUARO JAMBI, JAMBI",2,177,52,229
https://kawalpemilu.org#84612,"MARKANDING, BAHAR UTARA, MUARO JAMBI, JAMBI",3,175,41,216
https://kawalpemilu.org#84612,"MARKANDING, BAHAR UTARA, MUARO JAMBI, JAMBI",4,127,64,191
https://kawalpemilu.org#84612,"MARKANDING, BAHAR UTARA, MUARO JAMBI, JAMBI",5,180,40,220
https://kawalpemilu.org#84612,"MARKANDING, BAHAR UTARA, MUARO JAMBI, JAMBI",6,158,41,199
https://kawalpemilu.org#84612,"MARKANDING, BAHAR UTARA, MUARO JAMBI, JAMBI",7,77,81,158
https://kawalpemilu.org#84612,"MARKANDING, BAHAR UTARA, MUARO JAMBI, JAMBI",8,39,24,63
https://kawalpemilu.org#84612,"MARKANDING, BAHAR UTARA, MUARO JAMBI, JAMBI",9,143,59,202
https://kawalpemilu.org#84612,"MARKANDING, BAHAR UTARA, MUARO JAMBI, JAMBI",10,114,78,192
https://kawalpemilu.org#84614,"BAHAR MULYA, BAHAR UTARA, MUARO JAMBI, JAMBI",1,75,58,133
https://kawalpemilu.org#84614,"BAHAR MULYA, BAHAR UTARA, MUARO JAMBI, JAMBI",2,97,53,150
https://kawalpemilu.org#84614,"BAHAR MULYA, BAHAR UTARA, MUARO JAMBI, JAMBI",3,109,44,153
https://kawalpemilu.org#84614,"BAHAR MULYA, BAHAR UTARA, MUARO JAMBI, JAMBI",4,136,22,158
https://kawalpemilu.org#84614,"BAHAR MULYA, BAHAR UTARA, MUARO JAMBI, JAMBI",5,98,44,142
https://kawalpemilu.org#84614,"BAHAR MULYA, BAHAR UTARA, MUARO JAMBI, JAMBI",6,66,39,105
https://kawalpemilu.org#16864,"PELABUHAN DAGANG, TUNGKAL ULU, TANJUNG JABUNG BARAT, JAMBI",1,72,112,184
https://kawalpemilu.org#16864,"PELABUHAN DAGANG, TUNGKAL ULU, TANJUNG JABUNG BARAT, JAMBI",2,82,77,159
https://kawalpemilu.org#16864,"PELABUHAN DAGANG, TUNGKAL ULU, TANJUNG JABUNG BARAT, JAMBI",3,105,126,231
https://kawalpemilu.org#16864,"PELABUHAN DAGANG, TUNGKAL ULU, TANJUNG JABUNG BARAT, JAMBI",4,64,88,152
https://kawalpemilu.org#16864,"PELABUHAN DAGANG, TUNGKAL ULU, TANJUNG JABUNG BARAT, JAMBI",5,73,76,149
https://kawalpemilu.org#16864,"PELABUHAN DAGANG, TUNGKAL ULU, TANJUNG JABUNG BARAT, JAMBI",6,71,141,212
https://kawalpemilu.org#16864,"PELABUHAN DAGANG, TUNGKAL ULU, TANJUNG JABUNG BARAT, JAMBI",7,63,109,172
https://kawalpemilu.org#16865,"BADANG, TUNGKAL ULU, TANJUNG JABUNG BARAT, JAMBI",1,50,179,229
https://kawalpemilu.org#16865,"BADANG, TUNGKAL ULU, TANJUNG JABUNG BARAT, JAMBI",2,79,145,224
https://kawalpemilu.org#16866,"TANJUNGTAYAS, TUNGKAL ULU, TANJUNG JABUNG BARAT, JAMBI",1,49,87,136
https://kawalpemilu.org#16866,"TANJUNGTAYAS, TUNGKAL ULU, TANJUNG JABUNG BARAT, JAMBI",2,80,112,192
https://kawalpemilu.org#16866,"TANJUNGTAYAS, TUNGKAL ULU, TANJUNG JABUNG BARAT, JAMBI",3,168,19,187
https://kawalpemilu.org#16866,"TANJUNGTAYAS, TUNGKAL ULU, TANJUNG JABUNG BARAT, JAMBI",4,158,17,175
https://kawalpemilu.org#16867,"KUALA DASAL, TUNGKAL ULU, TANJUNG JABUNG BARAT, JAMBI",1,134,32,166
https://kawalpemilu.org#16867,"KUALA DASAL, TUNGKAL ULU, TANJUNG JABUNG BARAT, JAMBI",2,159,49,208
https://kawalpemilu.org#16867,"KUALA DASAL, TUNGKAL ULU, TANJUNG JABUNG BARAT, JAMBI",3,165,64,229
https://kawalpemilu.org#16867,"KUALA DASAL, TUNGKAL ULU, TANJUNG JABUNG BARAT, JAMBI",4,200,45,245
https://kawalpemilu.org#16867,"KUALA DASAL, TUNGKAL ULU, TANJUNG JABUNG BARAT, JAMBI",5,101,91,192
https://kawalpemilu.org#16867,"KUALA DASAL, TUNGKAL ULU, TANJUNG JABUNG BARAT, JAMBI",6,113,71,184
https://kawalpemilu.org#16868,"PEMATANG PAUH, TUNGKAL ULU, TANJUNG JABUNG BARAT, JAMBI",1,105,97,202
https://kawalpemilu.org#16868,"PEMATANG PAUH, TUNGKAL ULU, TANJUNG JABUNG BARAT, JAMBI",2,53,104,157
https://kawalpemilu.org#16868,"PEMATANG PAUH, TUNGKAL ULU, TANJUNG JABUNG BARAT, JAMBI",3,94,73,167
https://kawalpemilu.org#16868,"PEMATANG PAUH, TUNGKAL ULU, TANJUNG JABUNG BARAT, JAMBI",4,106,41,147
https://kawalpemilu.org#16869,"TAMAN RAJA, TUNGKAL ULU, TANJUNG JABUNG BARAT, JAMBI",1,84,131,215
https://kawalpemilu.org#16869,"TAMAN RAJA, TUNGKAL ULU, TANJUNG JABUNG BARAT, JAMBI",2,62,85,147
https://kawalpemilu.org#16869,"TAMAN RAJA, TUNGKAL ULU, TANJUNG JABUNG BARAT, JAMBI",3,61,60,121
https://kawalpemilu.org#16869,"TAMAN RAJA, TUNGKAL ULU, TANJUNG JABUNG BARAT, JAMBI",4,63,37,100
https://kawalpemilu.org#16869,"TAMAN RAJA, TUNGKAL ULU, TANJUNG JABUNG BARAT, JAMBI",5,143,67,210
https://kawalpemilu.org#16869,"TAMAN RAJA, TUNGKAL ULU, TANJUNG JABUNG BARAT, JAMBI",6,181,36,217
https://kawalpemilu.org#16869,"TAMAN RAJA, TUNGKAL ULU, TANJUNG JABUNG BARAT, JAMBI",7,58,31,89
https://kawalpemilu.org#16870,"BRASAU, TUNGKAL ULU, TANJUNG JABUNG BARAT, JAMBI",1,77,64,0
https://kawalpemilu.org#16870,"BRASAU, TUNGKAL ULU, TANJUNG JABUNG BARAT, JAMBI",2,74,83,157
https://kawalpemilu.org#16870,"BRASAU, TUNGKAL ULU, TANJUNG JABUNG BARAT, JAMBI",3,66,110,176
https://kawalpemilu.org#16870,"BRASAU, TUNGKAL ULU, TANJUNG JABUNG BARAT, JAMBI",4,73,91,164
https://kawalpemilu.org#84615,"PEMATANG TEMBESU, TUNGKAL ULU, TANJUNG JABUNG BARAT, JAMBI",1,121,52,173
https://kawalpemilu.org#84615,"PEMATANG TEMBESU, TUNGKAL ULU, TANJUNG JABUNG BARAT, JAMBI",2,126,47,173
https://kawalpemilu.org#84615,"PEMATANG TEMBESU, TUNGKAL ULU, TANJUNG JABUNG BARAT, JAMBI",3,113,28,141
https://kawalpemilu.org#84615,"PEMATANG TEMBESU, TUNGKAL ULU, TANJUNG JABUNG BARAT, JAMBI",4,128,43,171
https://kawalpemilu.org#84615,"PEMATANG TEMBESU, TUNGKAL ULU, TANJUNG JABUNG BARAT, JAMBI",5,139,51,190
https://kawalpemilu.org#84616,"BADANG SEPAKAT, TUNGKAL ULU, TANJUNG JABUNG BARAT, JAMBI",1,181,36,217
https://kawalpemilu.org#84616,"BADANG SEPAKAT, TUNGKAL ULU, TANJUNG JABUNG BARAT, JAMBI",2,167,37,204
https://kawalpemilu.org#88287,"GEMURUH, TUNGKAL ULU, TANJUNG JABUNG BARAT, JAMBI",1,91,93,184
https://kawalpemilu.org#88287,"GEMURUH, TUNGKAL ULU, TANJUNG JABUNG BARAT, JAMBI",2,112,50,162
https://kawalpemilu.org#88287,"GEMURUH, TUNGKAL ULU, TANJUNG JABUNG BARAT, JAMBI",3,108,74,182
https://kawalpemilu.org#88287,"GEMURUH, TUNGKAL ULU, TANJUNG JABUNG BARAT, JAMBI",4,56,45,101
https://kawalpemilu.org#16872,"TUNGKAL EMPAT KOTA, TUNGKAL ILIR, TANJUNG JABUNG BARAT, JAMBI",1,75,97,172
https://kawalpemilu.org#16872,"TUNGKAL EMPAT KOTA, TUNGKAL ILIR, TANJUNG JABUNG BARAT, JAMBI",2,49,53,102
https://kawalpemilu.org#16872,"TUNGKAL EMPAT KOTA, TUNGKAL ILIR, TANJUNG JABUNG BARAT, JAMBI",3,55,46,101
https://kawalpemilu.org#16872,"TUNGKAL EMPAT KOTA, TUNGKAL ILIR, TANJUNG JABUNG BARAT, JAMBI",4,53,94,147
https://kawalpemilu.org#16872,"TUNGKAL EMPAT KOTA, TUNGKAL ILIR, TANJUNG JABUNG BARAT, JAMBI",5,95,56,151
https://kawalpemilu.org#16872,"TUNGKAL EMPAT KOTA, TUNGKAL ILIR, TANJUNG JABUNG BARAT, JAMBI",6,71,44,115
https://kawalpemilu.org#16872,"TUNGKAL EMPAT KOTA, TUNGKAL ILIR, TANJUNG JABUNG BARAT, JAMBI",7,32,15,47
https://kawalpemilu.org#16872,"TUNGKAL EMPAT KOTA, TUNGKAL ILIR, TANJUNG JABUNG BARAT, JAMBI",8,88,121,209
https://kawalpemilu.org#16872,"TUNGKAL EMPAT KOTA, TUNGKAL ILIR, TANJUNG JABUNG BARAT, JAMBI",9,96,58,154
https://kawalpemilu.org#16872,"TUNGKAL EMPAT KOTA, TUNGKAL ILIR, TANJUNG JABUNG BARAT, JAMBI",10,78,94,172
https://kawalpemilu.org#16872,"TUNGKAL EMPAT KOTA, TUNGKAL ILIR, TANJUNG JABUNG BARAT, JAMBI",11,77,116,193
https://kawalpemilu.org#16872,"TUNGKAL EMPAT KOTA, TUNGKAL ILIR, TANJUNG JABUNG BARAT, JAMBI",12,64,115,179
https://kawalpemilu.org#16872,"TUNGKAL EMPAT KOTA, TUNGKAL ILIR, TANJUNG JABUNG BARAT, JAMBI",13,52,78,130
https://kawalpemilu.org#16872,"TUNGKAL EMPAT KOTA, TUNGKAL ILIR, TANJUNG JABUNG BARAT, JAMBI",14,60,116,176
https://kawalpemilu.org#16872,"TUNGKAL EMPAT KOTA, TUNGKAL ILIR, TANJUNG JABUNG BARAT, JAMBI",15,69,86,155
https://kawalpemilu.org#16872,"TUNGKAL EMPAT KOTA, TUNGKAL ILIR, TANJUNG JABUNG BARAT, JAMBI",16,48,89,137
https://kawalpemilu.org#16872,"TUNGKAL EMPAT KOTA, TUNGKAL ILIR, TANJUNG JABUNG BARAT, JAMBI",17,41,63,104
https://kawalpemilu.org#16872,"TUNGKAL EMPAT KOTA, TUNGKAL ILIR, TANJUNG JABUNG BARAT, JAMBI",18,24,63,87
https://kawalpemilu.org#16872,"TUNGKAL EMPAT KOTA, TUNGKAL ILIR, TANJUNG JABUNG BARAT, JAMBI",19,47,93,140
https://kawalpemilu.org#16872,"TUNGKAL EMPAT KOTA, TUNGKAL ILIR, TANJUNG JABUNG BARAT, JAMBI",20,32,83,115
https://kawalpemilu.org#16872,"TUNGKAL EMPAT KOTA, TUNGKAL ILIR, TANJUNG JABUNG BARAT, JAMBI",21,45,87,132
https://kawalpemilu.org#16872,"TUNGKAL EMPAT KOTA, TUNGKAL ILIR, TANJUNG JABUNG BARAT, JAMBI",22,42,113,155
https://kawalpemilu.org#16872,"TUNGKAL EMPAT KOTA, TUNGKAL ILIR, TANJUNG JABUNG BARAT, JAMBI",23,67,86,153
https://kawalpemilu.org#16872,"TUNGKAL EMPAT KOTA, TUNGKAL ILIR, TANJUNG JABUNG BARAT, JAMBI",24,68,127,195
https://kawalpemilu.org#16872,"TUNGKAL EMPAT KOTA, TUNGKAL ILIR, TANJUNG JABUNG BARAT, JAMBI",25,49,130,179
https://kawalpemilu.org#16873,"TUNGKAL III, TUNGKAL ILIR, TANJUNG JABUNG BARAT, JAMBI",1,43,144,187
https://kawalpemilu.org#16873,"TUNGKAL III, TUNGKAL ILIR, TANJUNG JABUNG BARAT, JAMBI",2,55,127,182
https://kawalpemilu.org#16873,"TUNGKAL III, TUNGKAL ILIR, TANJUNG JABUNG BARAT, JAMBI",3,35,133,168
https://kawalpemilu.org#16873,"TUNGKAL III, TUNGKAL ILIR, TANJUNG JABUNG BARAT, JAMBI",4,35,118,153
https://kawalpemilu.org#16873,"TUNGKAL III, TUNGKAL ILIR, TANJUNG JABUNG BARAT, JAMBI",5,60,189,249
https://kawalpemilu.org#16873,"TUNGKAL III, TUNGKAL ILIR, TANJUNG JABUNG BARAT, JAMBI",6,53,103,156
https://kawalpemilu.org#16873,"TUNGKAL III, TUNGKAL ILIR, TANJUNG JABUNG BARAT, JAMBI",7,57,110,167
https://kawalpemilu.org#16873,"TUNGKAL III, TUNGKAL ILIR, TANJUNG JABUNG BARAT, JAMBI",8,52,82,134
https://kawalpemilu.org#16873,"TUNGKAL III, TUNGKAL ILIR, TANJUNG JABUNG BARAT, JAMBI",9,39,90,129
https://kawalpemilu.org#16873,"TUNGKAL III, TUNGKAL ILIR, TANJUNG JABUNG BARAT, JAMBI",10,54,98,152
https://kawalpemilu.org#16873,"TUNGKAL III, TUNGKAL ILIR, TANJUNG JABUNG BARAT, JAMBI",11,56,85,141
https://kawalpemilu.org#16873,"TUNGKAL III, TUNGKAL ILIR, TANJUNG JABUNG BARAT, JAMBI",12,59,108,167
https://kawalpemilu.org#16873,"TUNGKAL III, TUNGKAL ILIR, TANJUNG JABUNG BARAT, JAMBI",13,50,80,130
https://kawalpemilu.org#16873,"TUNGKAL III, TUNGKAL ILIR, TANJUNG JABUNG BARAT, JAMBI",14,50,147,197
https://kawalpemilu.org#16873,"TUNGKAL III, TUNGKAL ILIR, TANJUNG JABUNG BARAT, JAMBI",15,59,122,181
https://kawalpemilu.org#16873,"TUNGKAL III, TUNGKAL ILIR, TANJUNG JABUNG BARAT, JAMBI",16,38,116,154
https://kawalpemilu.org#16873,"TUNGKAL III, TUNGKAL ILIR, TANJUNG JABUNG BARAT, JAMBI",17,29,104,133
https://kawalpemilu.org#16873,"TUNGKAL III, TUNGKAL ILIR, TANJUNG JABUNG BARAT, JAMBI",18,47,99,146
https://kawalpemilu.org#16873,"TUNGKAL III, TUNGKAL ILIR, TANJUNG JABUNG BARAT, JAMBI",19,52,146,198
https://kawalpemilu.org#16873,"TUNGKAL III, TUNGKAL ILIR, TANJUNG JABUNG BARAT, JAMBI",20,33,78,111
https://kawalpemilu.org#16873,"TUNGKAL III, TUNGKAL ILIR, TANJUNG JABUNG BARAT, JAMBI",21,49,142,191
https://kawalpemilu.org#16873,"TUNGKAL III, TUNGKAL ILIR, TANJUNG JABUNG BARAT, JAMBI",22,54,72,126
https://kawalpemilu.org#16873,"TUNGKAL III, TUNGKAL ILIR, TANJUNG JABUNG BARAT, JAMBI",23,36,95,131
https://kawalpemilu.org#16873,"TUNGKAL III, TUNGKAL ILIR, TANJUNG JABUNG BARAT, JAMBI",24,20,83,103
https://kawalpemilu.org#16873,"TUNGKAL III, TUNGKAL ILIR, TANJUNG JABUNG BARAT, JAMBI",25,50,115,165
https://kawalpemilu.org#16873,"TUNGKAL III, TUNGKAL ILIR, TANJUNG JABUNG BARAT, JAMBI",26,63,101,164
https://kawalpemilu.org#16873,"TUNGKAL III, TUNGKAL ILIR, TANJUNG JABUNG BARAT, JAMBI",27,43,138,181
https://kawalpemilu.org#16873,"TUNGKAL III, TUNGKAL ILIR, TANJUNG JABUNG BARAT, JAMBI",28,37,133,170
https://kawalpemilu.org#16873,"TUNGKAL III, TUNGKAL ILIR, TANJUNG JABUNG BARAT, JAMBI",29,39,81,120
https://kawalpemilu.org#16873,"TUNGKAL III, TUNGKAL ILIR, TANJUNG JABUNG BARAT, JAMBI",30,24,62,86
https://kawalpemilu.org#16873,"TUNGKAL III, TUNGKAL ILIR, TANJUNG JABUNG BARAT, JAMBI",31,107,97,198
https://kawalpemilu.org#16873,"TUNGKAL III, TUNGKAL ILIR, TANJUNG JABUNG BARAT, JAMBI",32,63,59,122
https://kawalpemilu.org#16873,"TUNGKAL III, TUNGKAL ILIR, TANJUNG JABUNG BARAT, JAMBI",33,42,56,98
https://kawalpemilu.org#16874,"TUNGKAL HARAPAN, TUNGKAL ILIR, TANJUNG JABUNG BARAT, JAMBI",1,87,99,186
https://kawalpemilu.org#16874,"TUNGKAL HARAPAN, TUNGKAL ILIR, TANJUNG JABUNG BARAT, JAMBI",2,70,77,147
https://kawalpemilu.org#16874,"TUNGKAL HARAPAN, TUNGKAL ILIR, TANJUNG JABUNG BARAT, JAMBI",3,87,139,226
https://kawalpemilu.org#16874,"TUNGKAL HARAPAN, TUNGKAL ILIR, TANJUNG JABUNG BARAT, JAMBI",4,75,58,133
https://kawalpemilu.org#16874,"TUNGKAL HARAPAN, TUNGKAL ILIR, TANJUNG JABUNG BARAT, JAMBI",5,108,113,221
https://kawalpemilu.org#16874,"TUNGKAL HARAPAN, TUNGKAL ILIR, TANJUNG JABUNG BARAT, JAMBI",6,55,77,132
https://kawalpemilu.org#16874,"TUNGKAL HARAPAN, TUNGKAL ILIR, TANJUNG JABUNG BARAT, JAMBI",7,50,49,99
https://kawalpemilu.org#16874,"TUNGKAL HARAPAN, TUNGKAL ILIR, TANJUNG JABUNG BARAT, JAMBI",8,51,52,103
https://kawalpemilu.org#16874,"TUNGKAL HARAPAN, TUNGKAL ILIR, TANJUNG JABUNG BARAT, JAMBI",9,84,82,166
https://kawalpemilu.org#16874,"TUNGKAL HARAPAN, TUNGKAL ILIR, TANJUNG JABUNG BARAT, JAMBI",10,81,85,166
https://kawalpemilu.org#16874,"TUNGKAL HARAPAN, TUNGKAL ILIR, TANJUNG JABUNG BARAT, JAMBI",11,126,111,237
https://kawalpemilu.org#16874,"TUNGKAL HARAPAN, TUNGKAL ILIR, TANJUNG JABUNG BARAT, JAMBI",12,43,57,100
https://kawalpemilu.org#16874,"TUNGKAL HARAPAN, TUNGKAL ILIR, TANJUNG JABUNG BARAT, JAMBI",13,49,99,148
https://kawalpemilu.org#16874,"TUNGKAL HARAPAN, TUNGKAL ILIR, TANJUNG JABUNG BARAT, JAMBI",14,45,71,116
https://kawalpemilu.org#16874,"TUNGKAL HARAPAN, TUNGKAL ILIR, TANJUNG JABUNG BARAT, JAMBI",15,81,105,186
https://kawalpemilu.org#16874,"TUNGKAL HARAPAN, TUNGKAL ILIR, TANJUNG JABUNG BARAT, JAMBI",16,38,69,107
https://kawalpemilu.org#16874,"TUNGKAL HARAPAN, TUNGKAL ILIR, TANJUNG JABUNG BARAT, JAMBI",17,102,101,203
https://kawalpemilu.org#16874,"TUNGKAL HARAPAN, TUNGKAL ILIR, TANJUNG JABUNG BARAT, JAMBI",18,103,143,246
https://kawalpemilu.org#16874,"TUNGKAL HARAPAN, TUNGKAL ILIR, TANJUNG JABUNG BARAT, JAMBI",19,120,122,242
https://kawalpemilu.org#16874,"TUNGKAL HARAPAN, TUNGKAL ILIR, TANJUNG JABUNG BARAT, JAMBI",20,83,140,223
https://kawalpemilu.org#16874,"TUNGKAL HARAPAN, TUNGKAL ILIR, TANJUNG JABUNG BARAT, JAMBI",21,50,52,102
https://kawalpemilu.org#16874,"TUNGKAL HARAPAN, TUNGKAL ILIR, TANJUNG JABUNG BARAT, JAMBI",22,94,101,195
https://kawalpemilu.org#16874,"TUNGKAL HARAPAN, TUNGKAL ILIR, TANJUNG JABUNG BARAT, JAMBI",23,62,90,152
https://kawalpemilu.org#16874,"TUNGKAL HARAPAN, TUNGKAL ILIR, TANJUNG JABUNG BARAT, JAMBI",24,29,55,84
https://kawalpemilu.org#16874,"TUNGKAL HARAPAN, TUNGKAL ILIR, TANJUNG JABUNG BARAT, JAMBI",25,80,103,183
https://kawalpemilu.org#16874,"TUNGKAL HARAPAN, TUNGKAL ILIR, TANJUNG JABUNG BARAT, JAMBI",26,108,113,221
https://kawalpemilu.org#16874,"TUNGKAL HARAPAN, TUNGKAL ILIR, TANJUNG JABUNG BARAT, JAMBI",27,79,179,258
https://kawalpemilu.org#16874,"TUNGKAL HARAPAN, TUNGKAL ILIR, TANJUNG JABUNG BARAT, JAMBI",28,65,153,218
https://kawalpemilu.org#16874,"TUNGKAL HARAPAN, TUNGKAL ILIR, TANJUNG JABUNG BARAT, JAMBI",29,54,133,187
https://kawalpemilu.org#16874,"TUNGKAL HARAPAN, TUNGKAL ILIR, TANJUNG JABUNG BARAT, JAMBI",30,82,129,211
https://kawalpemilu.org#16874,"TUNGKAL HARAPAN, TUNGKAL ILIR, TANJUNG JABUNG BARAT, JAMBI",31,23,86,109
https://kawalpemilu.org#16874,"TUNGKAL HARAPAN, TUNGKAL ILIR, TANJUNG JABUNG BARAT, JAMBI",32,70,105,175
https://kawalpemilu.org#16874,"TUNGKAL HARAPAN, TUNGKAL ILIR, TANJUNG JABUNG BARAT, JAMBI",33,79,97,176
https://kawalpemilu.org#16874,"TUNGKAL HARAPAN, TUNGKAL ILIR, TANJUNG JABUNG BARAT, JAMBI",34,48,60,108
https://kawalpemilu.org#16874,"TUNGKAL HARAPAN, TUNGKAL ILIR, TANJUNG JABUNG BARAT, JAMBI",35,42,66,108
https://kawalpemilu.org#16874,"TUNGKAL HARAPAN, TUNGKAL ILIR, TANJUNG JABUNG BARAT, JAMBI",36,0,0,9
https://kawalpemilu.org#16874,"TUNGKAL HARAPAN, TUNGKAL ILIR, TANJUNG JABUNG BARAT, JAMBI",37,83,73,156
https://kawalpemilu.org#16875,"TUNGKAL II, TUNGKAL ILIR, TANJUNG JABUNG BARAT, JAMBI",1,77,115,192
https://kawalpemilu.org#16875,"TUNGKAL II, TUNGKAL ILIR, TANJUNG JABUNG BARAT, JAMBI",2,71,164,235
https://kawalpemilu.org#16875,"TUNGKAL II, TUNGKAL ILIR, TANJUNG JABUNG BARAT, JAMBI",3,57,105,162
https://kawalpemilu.org#16875,"TUNGKAL II, TUNGKAL ILIR, TANJUNG JABUNG BARAT, JAMBI",4,32,78,110
https://kawalpemilu.org#16875,"TUNGKAL II, TUNGKAL ILIR, TANJUNG JABUNG BARAT, JAMBI",5,47,185,232
https://kawalpemilu.org#16875,"TUNGKAL II, TUNGKAL ILIR, TANJUNG JABUNG BARAT, JAMBI",6,59,169,228
https://kawalpemilu.org#16875,"TUNGKAL II, TUNGKAL ILIR, TANJUNG JABUNG BARAT, JAMBI",7,63,88,151
https://kawalpemilu.org#16875,"TUNGKAL II, TUNGKAL ILIR, TANJUNG JABUNG BARAT, JAMBI",8,83,97,180
https://kawalpemilu.org#16875,"TUNGKAL II, TUNGKAL ILIR, TANJUNG JABUNG BARAT, JAMBI",9,58,163,221
https://kawalpemilu.org#16875,"TUNGKAL II, TUNGKAL ILIR, TANJUNG JABUNG BARAT, JAMBI",10,106,100,206
https://kawalpemilu.org#16875,"TUNGKAL II, TUNGKAL ILIR, TANJUNG JABUNG BARAT, JAMBI",11,55,160,215
https://kawalpemilu.org#16875,"TUNGKAL II, TUNGKAL ILIR, TANJUNG JABUNG BARAT, JAMBI",12,49,147,196
https://kawalpemilu.org#16875,"TUNGKAL II, TUNGKAL ILIR, TANJUNG JABUNG BARAT, JAMBI",13,72,137,209
https://kawalpemilu.org#16875,"TUNGKAL II, TUNGKAL ILIR, TANJUNG JABUNG BARAT, JAMBI",14,63,140,203
https://kawalpemilu.org#16875,"TUNGKAL II, TUNGKAL ILIR, TANJUNG JABUNG BARAT, JAMBI",15,78,146,224
https://kawalpemilu.org#16875,"TUNGKAL II, TUNGKAL ILIR, TANJUNG JABUNG BARAT, JAMBI",16,172,57,229
https://kawalpemilu.org#16875,"TUNGKAL II, TUNGKAL ILIR, TANJUNG JABUNG BARAT, JAMBI",17,59,146,205
https://kawalpemilu.org#16875,"TUNGKAL II, TUNGKAL ILIR, TANJUNG JABUNG BARAT, JAMBI",18,85,142,227
https://kawalpemilu.org#16875,"TUNGKAL II, TUNGKAL ILIR, TANJUNG JABUNG BARAT, JAMBI",19,60,159,219
https://kawalpemilu.org#16875,"TUNGKAL II, TUNGKAL ILIR, TANJUNG JABUNG BARAT, JAMBI",20,41,87,128
https://kawalpemilu.org#16875,"TUNGKAL II, TUNGKAL ILIR, TANJUNG JABUNG BARAT, JAMBI",21,55,96,151
https://kawalpemilu.org#16875,"TUNGKAL II, TUNGKAL ILIR, TANJUNG JABUNG BARAT, JAMBI",22,37,96,133
https://kawalpemilu.org#16875,"TUNGKAL II, TUNGKAL ILIR, TANJUNG JABUNG BARAT, JAMBI",23,55,151,206
https://kawalpemilu.org#16875,"TUNGKAL II, TUNGKAL ILIR, TANJUNG JABUNG BARAT, JAMBI",24,35,153,188
https://kawalpemilu.org#16875,"TUNGKAL II, TUNGKAL ILIR, TANJUNG JABUNG BARAT, JAMBI",25,40,93,133
https://kawalpemilu.org#16875,"TUNGKAL II, TUNGKAL ILIR, TANJUNG JABUNG BARAT, JAMBI",26,79,146,225
https://kawalpemilu.org#16875,"TUNGKAL II, TUNGKAL ILIR, TANJUNG JABUNG BARAT, JAMBI",27,61,154,215
https://kawalpemilu.org#16875,"TUNGKAL II, TUNGKAL ILIR, TANJUNG JABUNG BARAT, JAMBI",28,58,119,177
https://kawalpemilu.org#16875,"TUNGKAL II, TUNGKAL ILIR, TANJUNG JABUNG BARAT, JAMBI",29,61,101,162
https://kawalpemilu.org#16875,"TUNGKAL II, TUNGKAL ILIR, TANJUNG JABUNG BARAT, JAMBI",30,52,115,167
https://kawalpemilu.org#16875,"TUNGKAL II, TUNGKAL ILIR, TANJUNG JABUNG BARAT, JAMBI",31,37,71,108
https://kawalpemilu.org#16875,"TUNGKAL II, TUNGKAL ILIR, TANJUNG JABUNG BARAT, JAMBI",32,47,122,169
https://kawalpemilu.org#16875,"TUNGKAL II, TUNGKAL ILIR, TANJUNG JABUNG BARAT, JAMBI",33,37,110,147
https://kawalpemilu.org#16875,"TUNGKAL II, TUNGKAL ILIR, TANJUNG JABUNG BARAT, JAMBI",34,40,128,168
https://kawalpemilu.org#16875,"TUNGKAL II, TUNGKAL ILIR, TANJUNG JABUNG BARAT, JAMBI",35,54,131,185
https://kawalpemilu.org#16875,"TUNGKAL II, TUNGKAL ILIR, TANJUNG JABUNG BARAT, JAMBI",36,50,92,142
https://kawalpemilu.org#16875,"TUNGKAL II, TUNGKAL ILIR, TANJUNG JABUNG BARAT, JAMBI",37,37,71,108
https://kawalpemilu.org#16876,"TUNGKAL I, TUNGKAL ILIR, TANJUNG JABUNG BARAT, JAMBI",1,120,67,187
https://kawalpemilu.org#16876,"TUNGKAL I, TUNGKAL ILIR, TANJUNG JABUNG BARAT, JAMBI",2,74,30,104
https://kawalpemilu.org#16876,"TUNGKAL I, TUNGKAL ILIR, TANJUNG JABUNG BARAT, JAMBI",3,88,134,222
https://kawalpemilu.org#16876,"TUNGKAL I, TUNGKAL ILIR, TANJUNG JABUNG BARAT, JAMBI",4,25,80,105
https://kawalpemilu.org#16876,"TUNGKAL I, TUNGKAL ILIR, TANJUNG JABUNG BARAT, JAMBI",5,104,68,172
https://kawalpemilu.org#16876,"TUNGKAL I, TUNGKAL ILIR, TANJUNG JABUNG BARAT, JAMBI",6,104,130,234
https://kawalpemilu.org#16876,"TUNGKAL I, TUNGKAL ILIR, TANJUNG JABUNG BARAT, JAMBI",7,38,119,157
https://kawalpemilu.org#16876,"TUNGKAL I, TUNGKAL ILIR, TANJUNG JABUNG BARAT, JAMBI",8,76,115,4
https://kawalpemilu.org#84618,"KAMPUNG NELAYAN, TUNGKAL ILIR, TANJUNG JABUNG BARAT, JAMBI",1,69,98,167
https://kawalpemilu.org#84618,"KAMPUNG NELAYAN, TUNGKAL ILIR, TANJUNG JABUNG BARAT, JAMBI",2,44,110,154
https://kawalpemilu.org#84618,"KAMPUNG NELAYAN, TUNGKAL ILIR, TANJUNG JABUNG BARAT, JAMBI",3,52,115,167
https://kawalpemilu.org#84618,"KAMPUNG NELAYAN, TUNGKAL ILIR, TANJUNG JABUNG BARAT, JAMBI",4,64,77,141
https://kawalpemilu.org#84618,"KAMPUNG NELAYAN, TUNGKAL ILIR, TANJUNG JABUNG BARAT, JAMBI",5,55,116,171
https://kawalpemilu.org#84618,"KAMPUNG NELAYAN, TUNGKAL ILIR, TANJUNG JABUNG BARAT, JAMBI",6,63,104,167
https://kawalpemilu.org#84618,"KAMPUNG NELAYAN, TUNGKAL ILIR, TANJUNG JABUNG BARAT, JAMBI",7,39,97,136
https://kawalpemilu.org#84618,"KAMPUNG NELAYAN, TUNGKAL ILIR, TANJUNG JABUNG BARAT, JAMBI",8,59,94,153
https://kawalpemilu.org#84618,"KAMPUNG NELAYAN, TUNGKAL ILIR, TANJUNG JABUNG BARAT, JAMBI",9,49,100,149
https://kawalpemilu.org#84618,"KAMPUNG NELAYAN, TUNGKAL ILIR, TANJUNG JABUNG BARAT, JAMBI",10,83,61,144
https://kawalpemilu.org#84618,"KAMPUNG NELAYAN, TUNGKAL ILIR, TANJUNG JABUNG BARAT, JAMBI",11,92,72,164
https://kawalpemilu.org#84618,"KAMPUNG NELAYAN, TUNGKAL ILIR, TANJUNG JABUNG BARAT, JAMBI",12,78,73,151
https://kawalpemilu.org#84618,"KAMPUNG NELAYAN, TUNGKAL ILIR, TANJUNG JABUNG BARAT, JAMBI",13,44,76,120
https://kawalpemilu.org#84618,"KAMPUNG NELAYAN, TUNGKAL ILIR, TANJUNG JABUNG BARAT, JAMBI",14,74,111,185
https://kawalpemilu.org#84618,"KAMPUNG NELAYAN, TUNGKAL ILIR, TANJUNG JABUNG BARAT, JAMBI",15,75,118,193
https://kawalpemilu.org#84618,"KAMPUNG NELAYAN, TUNGKAL ILIR, TANJUNG JABUNG BARAT, JAMBI",16,67,125,192
https://kawalpemilu.org#84618,"KAMPUNG NELAYAN, TUNGKAL ILIR, TANJUNG JABUNG BARAT, JAMBI",17,55,94,149
https://kawalpemilu.org#84618,"KAMPUNG NELAYAN, TUNGKAL ILIR, TANJUNG JABUNG BARAT, JAMBI",18,58,90,148
https://kawalpemilu.org#84618,"KAMPUNG NELAYAN, TUNGKAL ILIR, TANJUNG JABUNG BARAT, JAMBI",19,67,92,159
https://kawalpemilu.org#84618,"KAMPUNG NELAYAN, TUNGKAL ILIR, TANJUNG JABUNG BARAT, JAMBI",20,80,82,162
https://kawalpemilu.org#84618,"KAMPUNG NELAYAN, TUNGKAL ILIR, TANJUNG JABUNG BARAT, JAMBI",21,121,110,231
https://kawalpemilu.org#84618,"KAMPUNG NELAYAN, TUNGKAL ILIR, TANJUNG JABUNG BARAT, JAMBI",22,127,104,231
https://kawalpemilu.org#84618,"KAMPUNG NELAYAN, TUNGKAL ILIR, TANJUNG JABUNG BARAT, JAMBI",23,73,124,197
https://kawalpemilu.org#84618,"KAMPUNG NELAYAN, TUNGKAL ILIR, TANJUNG JABUNG BARAT, JAMBI",24,65,139,204
https://kawalpemilu.org#84618,"KAMPUNG NELAYAN, TUNGKAL ILIR, TANJUNG JABUNG BARAT, JAMBI",25,78,120,198
https://kawalpemilu.org#84618,"KAMPUNG NELAYAN, TUNGKAL ILIR, TANJUNG JABUNG BARAT, JAMBI",26,89,107,196
https://kawalpemilu.org#84618,"KAMPUNG NELAYAN, TUNGKAL ILIR, TANJUNG JABUNG BARAT, JAMBI",27,104,98,202
https://kawalpemilu.org#84618,"KAMPUNG NELAYAN, TUNGKAL ILIR, TANJUNG JABUNG BARAT, JAMBI",28,56,98,154
https://kawalpemilu.org#84618,"KAMPUNG NELAYAN, TUNGKAL ILIR, TANJUNG JABUNG BARAT, JAMBI",29,51,110,161
https://kawalpemilu.org#84618,"KAMPUNG NELAYAN, TUNGKAL ILIR, TANJUNG JABUNG BARAT, JAMBI",30,105,112,217
https://kawalpemilu.org#84618,"KAMPUNG NELAYAN, TUNGKAL ILIR, TANJUNG JABUNG BARAT, JAMBI",31,77,74,151
https://kawalpemilu.org#84619,"PATUNAS, TUNGKAL ILIR, TANJUNG JABUNG BARAT, JAMBI",1,72,168,240
https://kawalpemilu.org#84619,"PATUNAS, TUNGKAL ILIR, TANJUNG JABUNG BARAT, JAMBI",2,48,177,225
https://kawalpemilu.org#84619,"PATUNAS, TUNGKAL ILIR, TANJUNG JABUNG BARAT, JAMBI",3,55,132,187
https://kawalpemilu.org#84619,"PATUNAS, TUNGKAL ILIR, TANJUNG JABUNG BARAT, JAMBI",4,53,149,202
https://kawalpemilu.org#84619,"PATUNAS, TUNGKAL ILIR, TANJUNG JABUNG BARAT, JAMBI",5,42,140,182
https://kawalpemilu.org#84619,"PATUNAS, TUNGKAL ILIR, TANJUNG JABUNG BARAT, JAMBI",6,34,116,150
https://kawalpemilu.org#84619,"PATUNAS, TUNGKAL ILIR, TANJUNG JABUNG BARAT, JAMBI",7,41,100,141
https://kawalpemilu.org#84619,"PATUNAS, TUNGKAL ILIR, TANJUNG JABUNG BARAT, JAMBI",8,33,92,125
https://kawalpemilu.org#84619,"PATUNAS, TUNGKAL ILIR, TANJUNG JABUNG BARAT, JAMBI",9,80,144,224
https://kawalpemilu.org#84619,"PATUNAS, TUNGKAL ILIR, TANJUNG JABUNG BARAT, JAMBI",10,58,125,183
https://kawalpemilu.org#84619,"PATUNAS, TUNGKAL ILIR, TANJUNG JABUNG BARAT, JAMBI",11,36,92,128
https://kawalpemilu.org#84619,"PATUNAS, TUNGKAL ILIR, TANJUNG JABUNG BARAT, JAMBI",12,79,160,239
https://kawalpemilu.org#84619,"PATUNAS, TUNGKAL ILIR, TANJUNG JABUNG BARAT, JAMBI",13,59,181,240
https://kawalpemilu.org#84619,"PATUNAS, TUNGKAL ILIR, TANJUNG JABUNG BARAT, JAMBI",14,45,121,166
https://kawalpemilu.org#84619,"PATUNAS, TUNGKAL ILIR, TANJUNG JABUNG BARAT, JAMBI",15,46,101,147
https://kawalpemilu.org#84619,"PATUNAS, TUNGKAL ILIR, TANJUNG JABUNG BARAT, JAMBI",16,60,153,213
https://kawalpemilu.org#84619,"PATUNAS, TUNGKAL ILIR, TANJUNG JABUNG BARAT, JAMBI",17,42,162,204
https://kawalpemilu.org#84619,"PATUNAS, TUNGKAL ILIR, TANJUNG JABUNG BARAT, JAMBI",18,43,161,204
https://kawalpemilu.org#84619,"PATUNAS, TUNGKAL ILIR, TANJUNG JABUNG BARAT, JAMBI",19,59,130,189
https://kawalpemilu.org#84619,"PATUNAS, TUNGKAL ILIR, TANJUNG JABUNG BARAT, JAMBI",20,83,138,221
https://kawalpemilu.org#84619,"PATUNAS, TUNGKAL ILIR, TANJUNG JABUNG BARAT, JAMBI",21,30,103,133
https://kawalpemilu.org#84619,"PATUNAS, TUNGKAL ILIR, TANJUNG JABUNG BARAT, JAMBI",22,44,164,208
https://kawalpemilu.org#84619,"PATUNAS, TUNGKAL ILIR, TANJUNG JABUNG BARAT, JAMBI",23,39,131,170
https://kawalpemilu.org#84619,"PATUNAS, TUNGKAL ILIR, TANJUNG JABUNG BARAT, JAMBI",24,28,78,106
https://kawalpemilu.org#84619,"PATUNAS, TUNGKAL ILIR, TANJUNG JABUNG BARAT, JAMBI",25,43,123,166
https://kawalpemilu.org#84619,"PATUNAS, TUNGKAL ILIR, TANJUNG JABUNG BARAT, JAMBI",26,52,141,193
https://kawalpemilu.org#84619,"PATUNAS, TUNGKAL ILIR, TANJUNG JABUNG BARAT, JAMBI",27,22,99,121
https://kawalpemilu.org#84619,"PATUNAS, TUNGKAL ILIR, TANJUNG JABUNG BARAT, JAMBI",28,62,97,159
https://kawalpemilu.org#84619,"PATUNAS, TUNGKAL ILIR, TANJUNG JABUNG BARAT, JAMBI",29,61,180,241
https://kawalpemilu.org#84620,"SUNGAINIBUNG, TUNGKAL ILIR, TANJUNG JABUNG BARAT, JAMBI",1,58,95,153
https://kawalpemilu.org#84620,"SUNGAINIBUNG, TUNGKAL ILIR, TANJUNG JABUNG BARAT, JAMBI",2,40,71,111
https://kawalpemilu.org#84620,"SUNGAINIBUNG, TUNGKAL ILIR, TANJUNG JABUNG BARAT, JAMBI",3,23,104,127
https://kawalpemilu.org#84620,"SUNGAINIBUNG, TUNGKAL ILIR, TANJUNG JABUNG BARAT, JAMBI",4,51,115,166
https://kawalpemilu.org#84620,"SUNGAINIBUNG, TUNGKAL ILIR, TANJUNG JABUNG BARAT, JAMBI",5,56,103,159
https://kawalpemilu.org#84620,"SUNGAINIBUNG, TUNGKAL ILIR, TANJUNG JABUNG BARAT, JAMBI",6,109,109,218
https://kawalpemilu.org#84620,"SUNGAINIBUNG, TUNGKAL ILIR, TANJUNG JABUNG BARAT, JAMBI",7,78,118,196
https://kawalpemilu.org#84620,"SUNGAINIBUNG, TUNGKAL ILIR, TANJUNG JABUNG BARAT, JAMBI",8,60,131,191
https://kawalpemilu.org#84620,"SUNGAINIBUNG, TUNGKAL ILIR, TANJUNG JABUNG BARAT, JAMBI",9,66,73,139
https://kawalpemilu.org#84620,"SUNGAINIBUNG, TUNGKAL ILIR, TANJUNG JABUNG BARAT, JAMBI",10,73,111,184
https://kawalpemilu.org#84620,"SUNGAINIBUNG, TUNGKAL ILIR, TANJUNG JABUNG BARAT, JAMBI",12,98,76,174
https://kawalpemilu.org#84620,"SUNGAINIBUNG, TUNGKAL ILIR, TANJUNG JABUNG BARAT, JAMBI",13,51,63,114
https://kawalpemilu.org#84621,"TELUKSIALANG, TUNGKAL ILIR, TANJUNG JABUNG BARAT, JAMBI",1,48,141,189
https://kawalpemilu.org#84621,"TELUKSIALANG, TUNGKAL ILIR, TANJUNG JABUNG BARAT, JAMBI",2,79,151,230
https://kawalpemilu.org#84621,"TELUKSIALANG, TUNGKAL ILIR, TANJUNG JABUNG BARAT, JAMBI",3,75,123,198
https://kawalpemilu.org#84621,"TELUKSIALANG, TUNGKAL ILIR, TANJUNG JABUNG BARAT, JAMBI",4,89,132,221
https://kawalpemilu.org#84621,"TELUKSIALANG, TUNGKAL ILIR, TANJUNG JABUNG BARAT, JAMBI",5,101,88,189
https://kawalpemilu.org#84621,"TELUKSIALANG, TUNGKAL ILIR, TANJUNG JABUNG BARAT, JAMBI",6,57,95,152
https://kawalpemilu.org#84621,"TELUKSIALANG, TUNGKAL ILIR, TANJUNG JABUNG BARAT, JAMBI",7,82,163,245
https://kawalpemilu.org#90828,"SRIWIJAYA, TUNGKAL ILIR, TANJUNG JABUNG BARAT, JAMBI",1,81,104,185
https://kawalpemilu.org#90828,"SRIWIJAYA, TUNGKAL ILIR, TANJUNG JABUNG BARAT, JAMBI",2,94,116,210
https://kawalpemilu.org#90828,"SRIWIJAYA, TUNGKAL ILIR, TANJUNG JABUNG BARAT, JAMBI",3,95,105,200
https://kawalpemilu.org#90828,"SRIWIJAYA, TUNGKAL ILIR, TANJUNG JABUNG BARAT, JAMBI",4,55,87,142
https://kawalpemilu.org#90828,"SRIWIJAYA, TUNGKAL ILIR, TANJUNG JABUNG BARAT, JAMBI",5,51,76,127
https://kawalpemilu.org#90828,"SRIWIJAYA, TUNGKAL ILIR, TANJUNG JABUNG BARAT, JAMBI",6,58,133,191
https://kawalpemilu.org#90828,"SRIWIJAYA, TUNGKAL ILIR, TANJUNG JABUNG BARAT, JAMBI",7,53,147,200
https://kawalpemilu.org#90828,"SRIWIJAYA, TUNGKAL ILIR, TANJUNG JABUNG BARAT, JAMBI",8,38,121,159
https://kawalpemilu.org#90828,"SRIWIJAYA, TUNGKAL ILIR, TANJUNG JABUNG BARAT, JAMBI",9,58,150,208
https://kawalpemilu.org#90828,"SRIWIJAYA, TUNGKAL ILIR, TANJUNG JABUNG BARAT, JAMBI",10,62,127,189
https://kawalpemilu.org#90828,"SRIWIJAYA, TUNGKAL ILIR, TANJUNG JABUNG BARAT, JAMBI",11,56,120,176
https://kawalpemilu.org#90828,"SRIWIJAYA, TUNGKAL ILIR, TANJUNG JABUNG BARAT, JAMBI",12,43,67,110
https://kawalpemilu.org#90828,"SRIWIJAYA, TUNGKAL ILIR, TANJUNG JABUNG BARAT, JAMBI",13,75,134,209
https://kawalpemilu.org#90828,"SRIWIJAYA, TUNGKAL ILIR, TANJUNG JABUNG BARAT, JAMBI",14,83,167,250
https://kawalpemilu.org#90828,"SRIWIJAYA, TUNGKAL ILIR, TANJUNG JABUNG BARAT, JAMBI",15,78,116,194
https://kawalpemilu.org#90828,"SRIWIJAYA, TUNGKAL ILIR, TANJUNG JABUNG BARAT, JAMBI",16,83,129,212
https://kawalpemilu.org#90828,"SRIWIJAYA, TUNGKAL ILIR, TANJUNG JABUNG BARAT, JAMBI",17,49,82,131
https://kawalpemilu.org#90828,"SRIWIJAYA, TUNGKAL ILIR, TANJUNG JABUNG BARAT, JAMBI",18,43,130,173
https://kawalpemilu.org#16879,"TELUKNILAU, PENGABUAN, TANJUNG JABUNG BARAT, JAMBI",1,43,130,173
https://kawalpemilu.org#16879,"TELUKNILAU, PENGABUAN, TANJUNG JABUNG BARAT, JAMBI",2,85,135,220
https://kawalpemilu.org#16879,"TELUKNILAU, PENGABUAN, TANJUNG JABUNG BARAT, JAMBI",3,49,148,197
https://kawalpemilu.org#16879,"TELUKNILAU, PENGABUAN, TANJUNG JABUNG BARAT, JAMBI",4,58,176,234
https://kawalpemilu.org#16879,"TELUKNILAU, PENGABUAN, TANJUNG JABUNG BARAT, JAMBI",5,33,87,120
https://kawalpemilu.org#16879,"TELUKNILAU, PENGABUAN, TANJUNG JABUNG BARAT, JAMBI",6,57,123,180
https://kawalpemilu.org#16879,"TELUKNILAU, PENGABUAN, TANJUNG JABUNG BARAT, JAMBI",7,104,125,229
https://kawalpemilu.org#16879,"TELUKNILAU, PENGABUAN, TANJUNG JABUNG BARAT, JAMBI",8,75,79,154
https://kawalpemilu.org#16879,"TELUKNILAU, PENGABUAN, TANJUNG JABUNG BARAT, JAMBI",9,83,129,212
https://kawalpemilu.org#16879,"TELUKNILAU, PENGABUAN, TANJUNG JABUNG BARAT, JAMBI",10,54,114,168
https://kawalpemilu.org#16879,"TELUKNILAU, PENGABUAN, TANJUNG JABUNG BARAT, JAMBI",11,79,50,129
https://kawalpemilu.org#16879,"TELUKNILAU, PENGABUAN, TANJUNG JABUNG BARAT, JAMBI",12,109,81,190
https://kawalpemilu.org#16879,"TELUKNILAU, PENGABUAN, TANJUNG JABUNG BARAT, JAMBI",13,125,73,198
https://kawalpemilu.org#16879,"TELUKNILAU, PENGABUAN, TANJUNG JABUNG BARAT, JAMBI",14,65,123,188
https://kawalpemilu.org#16879,"TELUKNILAU, PENGABUAN, TANJUNG JABUNG BARAT, JAMBI",15,50,89,139
https://kawalpemilu.org#16879,"TELUKNILAU, PENGABUAN, TANJUNG JABUNG BARAT, JAMBI",16,63,70,133
https://kawalpemilu.org#16879,"TELUKNILAU, PENGABUAN, TANJUNG JABUNG BARAT, JAMBI",17,62,84,144
https://kawalpemilu.org#16879,"TELUKNILAU, PENGABUAN, TANJUNG JABUNG BARAT, JAMBI",18,71,74,145
https://kawalpemilu.org#16879,"TELUKNILAU, PENGABUAN, TANJUNG JABUNG BARAT, JAMBI",19,89,56,145
https://kawalpemilu.org#16879,"TELUKNILAU, PENGABUAN, TANJUNG JABUNG BARAT, JAMBI",20,67,107,174
https://kawalpemilu.org#16879,"TELUKNILAU, PENGABUAN, TANJUNG JABUNG BARAT, JAMBI",21,55,176,231
https://kawalpemilu.org#16880,"PARIT PUDIN, PENGABUAN, TANJUNG JABUNG BARAT, JAMBI",1,48,65,113
https://kawalpemilu.org#16880,"PARIT PUDIN, PENGABUAN, TANJUNG JABUNG BARAT, JAMBI",2,43,93,136
https://kawalpemilu.org#16880,"PARIT PUDIN, PENGABUAN, TANJUNG JABUNG BARAT, JAMBI",3,50,99,149
https://kawalpemilu.org#16880,"PARIT PUDIN, PENGABUAN, TANJUNG JABUNG BARAT, JAMBI",4,32,99,131
https://kawalpemilu.org#16880,"PARIT PUDIN, PENGABUAN, TANJUNG JABUNG BARAT, JAMBI",5,37,91,128
https://kawalpemilu.org#16880,"PARIT PUDIN, PENGABUAN, TANJUNG JABUNG BARAT, JAMBI",6,34,134,168
https://kawalpemilu.org#16880,"PARIT PUDIN, PENGABUAN, TANJUNG JABUNG BARAT, JAMBI",7,75,120,195
https://kawalpemilu.org#16880,"PARIT PUDIN, PENGABUAN, TANJUNG JABUNG BARAT, JAMBI",8,96,104,200
https://kawalpemilu.org#16880,"PARIT PUDIN, PENGABUAN, TANJUNG JABUNG BARAT, JAMBI",9,61,145,206
https://kawalpemilu.org#16880,"PARIT PUDIN, PENGABUAN, TANJUNG JABUNG BARAT, JAMBI",10,42,138,180
https://kawalpemilu.org#16880,"PARIT PUDIN, PENGABUAN, TANJUNG JABUNG BARAT, JAMBI",11,41,87,128
https://kawalpemilu.org#16881,"SUNGAISERINDIT, PENGABUAN, TANJUNG JABUNG BARAT, JAMBI",1,65,145,210
https://kawalpemilu.org#16881,"SUNGAISERINDIT, PENGABUAN, TANJUNG JABUNG BARAT, JAMBI",2,40,193,233
https://kawalpemilu.org#16881,"SUNGAISERINDIT, PENGABUAN, TANJUNG JABUNG BARAT, JAMBI",3,44,87,131
https://kawalpemilu.org#16881,"SUNGAISERINDIT, PENGABUAN, TANJUNG JABUNG BARAT, JAMBI",4,34,126,160
https://kawalpemilu.org#16881,"SUNGAISERINDIT, PENGABUAN, TANJUNG JABUNG BARAT, JAMBI",5,142,45,187
https://kawalpemilu.org#16881,"SUNGAISERINDIT, PENGABUAN, TANJUNG JABUNG BARAT, JAMBI",6,49,129,178
https://kawalpemilu.org#16882,"MEKAR JATI, PENGABUAN, TANJUNG JABUNG BARAT, JAMBI",1,70,75,145
https://kawalpemilu.org#16882,"MEKAR JATI, PENGABUAN, TANJUNG JABUNG BARAT, JAMBI",2,71,58,129
https://kawalpemilu.org#16882,"MEKAR JATI, PENGABUAN, TANJUNG JABUNG BARAT, JAMBI",3,92,32,124
https://kawalpemilu.org#16882,"MEKAR JATI, PENGABUAN, TANJUNG JABUNG BARAT, JAMBI",4,180,46,226
https://kawalpemilu.org#16882,"MEKAR JATI, PENGABUAN, TANJUNG JABUNG BARAT, JAMBI",5,132,80,212
https://kawalpemilu.org#16882,"MEKAR JATI, PENGABUAN, TANJUNG JABUNG BARAT, JAMBI",6,147,36,183
https://kawalpemilu.org#84623,"SUNGAIPAMPANG, PENGABUAN, TANJUNG JABUNG BARAT, JAMBI",1,93,66,159
https://kawalpemilu.org#84623,"SUNGAIPAMPANG, PENGABUAN, TANJUNG JABUNG BARAT, JAMBI",2,101,53,154
https://kawalpemilu.org#84623,"SUNGAIPAMPANG, PENGABUAN, TANJUNG JABUNG BARAT, JAMBI",3,170,39,209
https://kawalpemilu.org#84624,"PARIT SIDANG, PENGABUAN, TANJUNG JABUNG BARAT, JAMBI",1,108,106,214
https://kawalpemilu.org#84624,"PARIT SIDANG, PENGABUAN, TANJUNG JABUNG BARAT, JAMBI",2,137,60,197
https://kawalpemilu.org#84624,"PARIT SIDANG, PENGABUAN, TANJUNG JABUNG BARAT, JAMBI",3,64,134,198
https://kawalpemilu.org#84625,"SUNGAIJERING, PENGABUAN, TANJUNG JABUNG BARAT, JAMBI",1,57,140,197
https://kawalpemilu.org#84625,"SUNGAIJERING, PENGABUAN, TANJUNG JABUNG BARAT, JAMBI",2,68,66,134
https://kawalpemilu.org#84625,"SUNGAIJERING, PENGABUAN, TANJUNG JABUNG BARAT, JAMBI",3,35,129,164
https://kawalpemilu.org#84625,"SUNGAIJERING, PENGABUAN, TANJUNG JABUNG BARAT, JAMBI",4,71,59,130
https://kawalpemilu.org#84625,"SUNGAIJERING, PENGABUAN, TANJUNG JABUNG BARAT, JAMBI",5,65,72,137
https://kawalpemilu.org#84626,"PARIT BILAL, PENGABUAN, TANJUNG JABUNG BARAT, JAMBI",1,114,95,209
https://kawalpemilu.org#84626,"PARIT BILAL, PENGABUAN, TANJUNG JABUNG BARAT, JAMBI",2,163,43,206
https://kawalpemilu.org#84626,"PARIT BILAL, PENGABUAN, TANJUNG JABUNG BARAT, JAMBI",3,109,37,146
https://kawalpemilu.org#84627,"SUAKSAMIN, PENGABUAN, TANJUNG JABUNG BARAT, JAMBI",1,101,118,219
https://kawalpemilu.org#84627,"SUAKSAMIN, PENGABUAN, TANJUNG JABUNG BARAT, JAMBI",2,82,127,209
https://kawalpemilu.org#84627,"SUAKSAMIN, PENGABUAN, TANJUNG JABUNG BARAT, JAMBI",3,164,76,240
https://kawalpemilu.org#84628,"SUNGAIBAUNG, PENGABUAN, TANJUNG JABUNG BARAT, JAMBI",1,96,145,241
https://kawalpemilu.org#84628,"SUNGAIBAUNG, PENGABUAN, TANJUNG JABUNG BARAT, JAMBI",2,64,146,210
https://kawalpemilu.org#84628,"SUNGAIBAUNG, PENGABUAN, TANJUNG JABUNG BARAT, JAMBI",3,37,136,173
https://kawalpemilu.org#84628,"SUNGAIBAUNG, PENGABUAN, TANJUNG JABUNG BARAT, JAMBI",4,58,142,200
https://kawalpemilu.org#84628,"SUNGAIBAUNG, PENGABUAN, TANJUNG JABUNG BARAT, JAMBI",5,59,24,83
https://kawalpemilu.org#84628,"SUNGAIBAUNG, PENGABUAN, TANJUNG JABUNG BARAT, JAMBI",6,40,94,134
https://kawalpemilu.org#84628,"SUNGAIBAUNG, PENGABUAN, TANJUNG JABUNG BARAT, JAMBI",7,22,46,68
https://kawalpemilu.org#84629,"SUNGAIRAYA, PENGABUAN, TANJUNG JABUNG BARAT, JAMBI",1,29,170,199
https://kawalpemilu.org#84629,"SUNGAIRAYA, PENGABUAN, TANJUNG JABUNG BARAT, JAMBI",2,25,151,176
https://kawalpemilu.org#84629,"SUNGAIRAYA, PENGABUAN, TANJUNG JABUNG BARAT, JAMBI",3,24,151,175
https://kawalpemilu.org#84629,"SUNGAIRAYA, PENGABUAN, TANJUNG JABUNG BARAT, JAMBI",4,90,104,194
https://kawalpemilu.org#89522,"KARYA MAJU, PENGABUAN, TANJUNG JABUNG BARAT, JAMBI",1,34,99,133
https://kawalpemilu.org#89522,"KARYA MAJU, PENGABUAN, TANJUNG JABUNG BARAT, JAMBI",2,27,128,155
https://kawalpemilu.org#89522,"KARYA MAJU, PENGABUAN, TANJUNG JABUNG BARAT, JAMBI",3,34,106,140
https://kawalpemilu.org#89522,"KARYA MAJU, PENGABUAN, TANJUNG JABUNG BARAT, JAMBI",4,69,79,148
https://kawalpemilu.org#89522,"KARYA MAJU, PENGABUAN, TANJUNG JABUNG BARAT, JAMBI",5,79,82,161
https://kawalpemilu.org#89522,"KARYA MAJU, PENGABUAN, TANJUNG JABUNG BARAT, JAMBI",6,57,111,168
https://kawalpemilu.org#89522,"KARYA MAJU, PENGABUAN, TANJUNG JABUNG BARAT, JAMBI",7,109,101,210
https://kawalpemilu.org#89522,"KARYA MAJU, PENGABUAN, TANJUNG JABUNG BARAT, JAMBI",8,111,75,186
https://kawalpemilu.org#89522,"KARYA MAJU, PENGABUAN, TANJUNG JABUNG BARAT, JAMBI",9,92,117,209
https://kawalpemilu.org#89523,"PASAR SENIN, PENGABUAN, TANJUNG JABUNG BARAT, JAMBI",1,77,95,172
https://kawalpemilu.org#89523,"PASAR SENIN, PENGABUAN, TANJUNG JABUNG BARAT, JAMBI",2,74,118,192
https://kawalpemilu.org#89523,"PASAR SENIN, PENGABUAN, TANJUNG JABUNG BARAT, JAMBI",3,78,82,160
https://kawalpemilu.org#89523,"PASAR SENIN, PENGABUAN, TANJUNG JABUNG BARAT, JAMBI",4,81,52,133
https://kawalpemilu.org#89523,"PASAR SENIN, PENGABUAN, TANJUNG JABUNG BARAT, JAMBI",5,94,43,137
https://kawalpemilu.org#89523,"PASAR SENIN, PENGABUAN, TANJUNG JABUNG BARAT, JAMBI",6,89,45,134
https://kawalpemilu.org#16884,"PEMATANG LUMUT, BETARA, TANJUNG JABUNG BARAT, JAMBI",2,88,84,172
https://kawalpemilu.org#16884,"PEMATANG LUMUT, BETARA, TANJUNG JABUNG BARAT, JAMBI",3,132,62,194
https://kawalpemilu.org#16884,"PEMATANG LUMUT, BETARA, TANJUNG JABUNG BARAT, JAMBI",4,115,120,235
https://kawalpemilu.org#16884,"PEMATANG LUMUT, BETARA, TANJUNG JABUNG BARAT, JAMBI",5,101,110,211
https://kawalpemilu.org#16884,"PEMATANG LUMUT, BETARA, TANJUNG JABUNG BARAT, JAMBI",6,107,128,235
https://kawalpemilu.org#16884,"PEMATANG LUMUT, BETARA, TANJUNG JABUNG BARAT, JAMBI",7,77,100,177
https://kawalpemilu.org#16884,"PEMATANG LUMUT, BETARA, TANJUNG JABUNG BARAT, JAMBI",8,70,107,177
https://kawalpemilu.org#16884,"PEMATANG LUMUT, BETARA, TANJUNG JABUNG BARAT, JAMBI",9,75,83,158
https://kawalpemilu.org#16884,"PEMATANG LUMUT, BETARA, TANJUNG JABUNG BARAT, JAMBI",10,108,69,177
https://kawalpemilu.org#16884,"PEMATANG LUMUT, BETARA, TANJUNG JABUNG BARAT, JAMBI",11,84,77,161
https://kawalpemilu.org#16884,"PEMATANG LUMUT, BETARA, TANJUNG JABUNG BARAT, JAMBI",13,118,67,185
https://kawalpemilu.org#16885,"MEKAR JAYA, BETARA, TANJUNG JABUNG BARAT, JAMBI",1,83,68,151
https://kawalpemilu.org#16885,"MEKAR JAYA, BETARA, TANJUNG JABUNG BARAT, JAMBI",2,76,77,153
https://kawalpemilu.org#16885,"MEKAR JAYA, BETARA, TANJUNG JABUNG BARAT, JAMBI",3,125,77,202
https://kawalpemilu.org#16885,"MEKAR JAYA, BETARA, TANJUNG JABUNG BARAT, JAMBI",4,166,77,243
https://kawalpemilu.org#16885,"MEKAR JAYA, BETARA, TANJUNG JABUNG BARAT, JAMBI",5,173,78,251
https://kawalpemilu.org#16885,"MEKAR JAYA, BETARA, TANJUNG JABUNG BARAT, JAMBI",6,130,118,248
https://kawalpemilu.org#16885,"MEKAR JAYA, BETARA, TANJUNG JABUNG BARAT, JAMBI",7,144,79,223
https://kawalpemilu.org#16885,"MEKAR JAYA, BETARA, TANJUNG JABUNG BARAT, JAMBI",8,123,63,186
https://kawalpemilu.org#16886,"MAKMUR JAYA, BETARA, TANJUNG JABUNG BARAT, JAMBI",1,49,83,132
https://kawalpemilu.org#16886,"MAKMUR JAYA, BETARA, TANJUNG JABUNG BARAT, JAMBI",2,91,100,191
https://kawalpemilu.org#16886,"MAKMUR JAYA, BETARA, TANJUNG JABUNG BARAT, JAMBI",3,156,83,239
https://kawalpemilu.org#16886,"MAKMUR JAYA, BETARA, TANJUNG JABUNG BARAT, JAMBI",4,95,41,136
https://kawalpemilu.org#16886,"MAKMUR JAYA, BETARA, TANJUNG JABUNG BARAT, JAMBI",5,125,56,181
https://kawalpemilu.org#16886,"MAKMUR JAYA, BETARA, TANJUNG JABUNG BARAT, JAMBI",6,64,85,149
https://kawalpemilu.org#16887,"SERDANG JAYA, BETARA, TANJUNG JABUNG BARAT, JAMBI",1,135,97,232
https://kawalpemilu.org#16887,"SERDANG JAYA, BETARA, TANJUNG JABUNG BARAT, JAMBI",2,87,59,146
https://kawalpemilu.org#16887,"SERDANG JAYA, BETARA, TANJUNG JABUNG BARAT, JAMBI",3,136,58,194
https://kawalpemilu.org#16887,"SERDANG JAYA, BETARA, TANJUNG JABUNG BARAT, JAMBI",4,87,40,127
https://kawalpemilu.org#16887,"SERDANG JAYA, BETARA, TANJUNG JABUNG BARAT, JAMBI",5,91,58,149
https://kawalpemilu.org#16887,"SERDANG JAYA, BETARA, TANJUNG JABUNG BARAT, JAMBI",6,71,59,130
https://kawalpemilu.org#16887,"SERDANG JAYA, BETARA, TANJUNG JABUNG BARAT, JAMBI",7,126,61,187
https://kawalpemilu.org#16887,"SERDANG JAYA, BETARA, TANJUNG JABUNG BARAT, JAMBI",8,126,66,192
https://kawalpemilu.org#16887,"SERDANG JAYA, BETARA, TANJUNG JABUNG BARAT, JAMBI",9,93,31,124
https://kawalpemilu.org#16887,"SERDANG JAYA, BETARA, TANJUNG JABUNG BARAT, JAMBI",10,124,32,156
https://kawalpemilu.org#84630,"TERJUN GAJAH, BETARA, TANJUNG JABUNG BARAT, JAMBI",1,172,61,233
https://kawalpemilu.org#84630,"TERJUN GAJAH, BETARA, TANJUNG JABUNG BARAT, JAMBI",2,145,73,218
https://kawalpemilu.org#84630,"TERJUN GAJAH, BETARA, TANJUNG JABUNG BARAT, JAMBI",3,159,49,208
https://kawalpemilu.org#84630,"TERJUN GAJAH, BETARA, TANJUNG JABUNG BARAT, JAMBI",4,137,59,196
https://kawalpemilu.org#84630,"TERJUN GAJAH, BETARA, TANJUNG JABUNG BARAT, JAMBI",5,98,62,160
https://kawalpemilu.org#84630,"TERJUN GAJAH, BETARA, TANJUNG JABUNG BARAT, JAMBI",6,112,39,151
https://kawalpemilu.org#84630,"TERJUN GAJAH, BETARA, TANJUNG JABUNG BARAT, JAMBI",7,117,37,154
https://kawalpemilu.org#84631,"LUBUK TERENTANG, BETARA, TANJUNG JABUNG BARAT, JAMBI",1,138,113,251
https://kawalpemilu.org#84631,"LUBUK TERENTANG, BETARA, TANJUNG JABUNG BARAT, JAMBI",2,122,91,213
https://kawalpemilu.org#84631,"LUBUK TERENTANG, BETARA, TANJUNG JABUNG BARAT, JAMBI",4,103,43,146
https://kawalpemilu.org#84632,"PEMATANG BULUH, BETARA, TANJUNG JABUNG BARAT, JAMBI",1,95,107,202
https://kawalpemilu.org#84632,"PEMATANG BULUH, BETARA, TANJUNG JABUNG BARAT, JAMBI",2,122,146,268
https://kawalpemilu.org#84633,"MUNTIALO, BETARA, TANJUNG JABUNG BARAT, JAMBI",1,95,73,168
https://kawalpemilu.org#84633,"MUNTIALO, BETARA, TANJUNG JABUNG BARAT, JAMBI",2,137,96,233
https://kawalpemilu.org#84633,"MUNTIALO, BETARA, TANJUNG JABUNG BARAT, JAMBI",3,97,60,157
https://kawalpemilu.org#84633,"MUNTIALO, BETARA, TANJUNG JABUNG BARAT, JAMBI",4,134,62,196
https://kawalpemilu.org#84634,"TELUKKULBI, BETARA, TANJUNG JABUNG BARAT, JAMBI",1,168,41,209
https://kawalpemilu.org#84634,"TELUKKULBI, BETARA, TANJUNG JABUNG BARAT, JAMBI",2,154,86,240
https://kawalpemilu.org#84634,"TELUKKULBI, BETARA, TANJUNG JABUNG BARAT, JAMBI",3,141,64,205
https://kawalpemilu.org#84634,"TELUKKULBI, BETARA, TANJUNG JABUNG BARAT, JAMBI",4,156,79,235
https://kawalpemilu.org#84634,"TELUKKULBI, BETARA, TANJUNG JABUNG BARAT, JAMBI",5,159,74,233
https://kawalpemilu.org#84634,"TELUKKULBI, BETARA, TANJUNG JABUNG BARAT, JAMBI",6,156,57,213
https://kawalpemilu.org#84635,"SUNGAITERAP, BETARA, TANJUNG JABUNG BARAT, JAMBI",1,118,101,219
https://kawalpemilu.org#84635,"SUNGAITERAP, BETARA, TANJUNG JABUNG BARAT, JAMBI",2,100,41,141
https://kawalpemilu.org#84635,"SUNGAITERAP, BETARA, TANJUNG JABUNG BARAT, JAMBI",3,127,44,171
https://kawalpemilu.org#84635,"SUNGAITERAP, BETARA, TANJUNG JABUNG BARAT, JAMBI",4,137,122,259
https://kawalpemilu.org#84635,"SUNGAITERAP, BETARA, TANJUNG JABUNG BARAT, JAMBI",5,99,91,190
https://kawalpemilu.org#84636,"MANDALA JAYA, BETARA, TANJUNG JABUNG BARAT, JAMBI",1,118,80,198
https://kawalpemilu.org#84636,"MANDALA JAYA, BETARA, TANJUNG JABUNG BARAT, JAMBI",2,104,58,162
https://kawalpemilu.org#84636,"MANDALA JAYA, BETARA, TANJUNG JABUNG BARAT, JAMBI",3,110,44,154
https://kawalpemilu.org#89531,"BUNGA TANJUNG, BETARA, TANJUNG JABUNG BARAT, JAMBI",1,67,182,249
https://kawalpemilu.org#89531,"BUNGA TANJUNG, BETARA, TANJUNG JABUNG BARAT, JAMBI",2,109,108,217
https://kawalpemilu.org#89531,"BUNGA TANJUNG, BETARA, TANJUNG JABUNG BARAT, JAMBI",3,144,103,247
https://kawalpemilu.org#89531,"BUNGA TANJUNG, BETARA, TANJUNG JABUNG BARAT, JAMBI",4,122,92,214
https://kawalpemilu.org#89531,"BUNGA TANJUNG, BETARA, TANJUNG JABUNG BARAT, JAMBI",5,75,138,213
https://kawalpemilu.org#89531,"BUNGA TANJUNG, BETARA, TANJUNG JABUNG BARAT, JAMBI",6,62,115,177
https://kawalpemilu.org#89531,"BUNGA TANJUNG, BETARA, TANJUNG JABUNG BARAT, JAMBI",7,98,75,173
https://kawalpemilu.org#89531,"BUNGA TANJUNG, BETARA, TANJUNG JABUNG BARAT, JAMBI",8,63,45,108
https://kawalpemilu.org#89531,"BUNGA TANJUNG, BETARA, TANJUNG JABUNG BARAT, JAMBI",9,50,36,86
https://kawalpemilu.org#89531,"BUNGA TANJUNG, BETARA, TANJUNG JABUNG BARAT, JAMBI",10,115,56,171
https://kawalpemilu.org#89531,"BUNGA TANJUNG, BETARA, TANJUNG JABUNG BARAT, JAMBI",11,183,93,276
https://kawalpemilu.org#89531,"BUNGA TANJUNG, BETARA, TANJUNG JABUNG BARAT, JAMBI",12,168,71,239
https://kawalpemilu.org#16889,"PENYABUNGAN, MERLUNG, TANJUNG JABUNG BARAT, JAMBI",1,83,125,208
https://kawalpemilu.org#16889,"PENYABUNGAN, MERLUNG, TANJUNG JABUNG BARAT, JAMBI",2,74,148,222
https://kawalpemilu.org#16889,"PENYABUNGAN, MERLUNG, TANJUNG JABUNG BARAT, JAMBI",3,61,166,227
https://kawalpemilu.org#16891,"MERLUNG, MERLUNG, TANJUNG JABUNG BARAT, JAMBI",1,96,106,202
https://kawalpemilu.org#16891,"MERLUNG, MERLUNG, TANJUNG JABUNG BARAT, JAMBI",2,145,71,216
https://kawalpemilu.org#16891,"MERLUNG, MERLUNG, TANJUNG JABUNG BARAT, JAMBI",3,122,46,168
https://kawalpemilu.org#16891,"MERLUNG, MERLUNG, TANJUNG JABUNG BARAT, JAMBI",4,76,66,142
https://kawalpemilu.org#16891,"MERLUNG, MERLUNG, TANJUNG JABUNG BARAT, JAMBI",5,29,26,55
https://kawalpemilu.org#16891,"MERLUNG, MERLUNG, TANJUNG JABUNG BARAT, JAMBI",6,38,42,80
https://kawalpemilu.org#16891,"MERLUNG, MERLUNG, TANJUNG JABUNG BARAT, JAMBI",7,89,49,138
https://kawalpemilu.org#16891,"MERLUNG, MERLUNG, TANJUNG JABUNG BARAT, JAMBI",8,44,38,82
https://kawalpemilu.org#16891,"MERLUNG, MERLUNG, TANJUNG JABUNG BARAT, JAMBI",9,66,35,101
https://kawalpemilu.org#16891,"MERLUNG, MERLUNG, TANJUNG JABUNG BARAT, JAMBI",10,111,89,200
https://kawalpemilu.org#16891,"MERLUNG, MERLUNG, TANJUNG JABUNG BARAT, JAMBI",11,90,80,170
https://kawalpemilu.org#16891,"MERLUNG, MERLUNG, TANJUNG JABUNG BARAT, JAMBI",12,52,58,110
https://kawalpemilu.org#16891,"MERLUNG, MERLUNG, TANJUNG JABUNG BARAT, JAMBI",13,37,69,106
https://kawalpemilu.org#16891,"MERLUNG, MERLUNG, TANJUNG JABUNG BARAT, JAMBI",14,116,108,224
https://kawalpemilu.org#16891,"MERLUNG, MERLUNG, TANJUNG JABUNG BARAT, JAMBI",15,86,37,123
https://kawalpemilu.org#16893,"TANJUNGBENANAK, MERLUNG, TANJUNG JABUNG BARAT, JAMBI",1,142,71,213
https://kawalpemilu.org#16893,"TANJUNGBENANAK, MERLUNG, TANJUNG JABUNG BARAT, JAMBI",2,107,89,196
https://kawalpemilu.org#16893,"TANJUNGBENANAK, MERLUNG, TANJUNG JABUNG BARAT, JAMBI",3,118,73,191
https://kawalpemilu.org#16894,"LUBUK TERAP, MERLUNG, TANJUNG JABUNG BARAT, JAMBI",1,73,130,203
https://kawalpemilu.org#16894,"LUBUK TERAP, MERLUNG, TANJUNG JABUNG BARAT, JAMBI",2,43,167,210
https://kawalpemilu.org#16894,"LUBUK TERAP, MERLUNG, TANJUNG JABUNG BARAT, JAMBI",3,47,79,126
https://kawalpemilu.org#16895,"ADI PURWA, MERLUNG, TANJUNG JABUNG BARAT, JAMBI",1,156,68,224
https://kawalpemilu.org#16895,"ADI PURWA, MERLUNG, TANJUNG JABUNG BARAT, JAMBI",2,101,50,151
https://kawalpemilu.org#16895,"ADI PURWA, MERLUNG, TANJUNG JABUNG BARAT, JAMBI",3,74,54,128
https://kawalpemilu.org#16895,"ADI PURWA, MERLUNG, TANJUNG JABUNG BARAT, JAMBI",4,140,56,196
https://kawalpemilu.org#16896,"TANJUNGPAKU, MERLUNG, TANJUNG JABUNG BARAT, JAMBI",1,72,62,134
https://kawalpemilu.org#16896,"TANJUNGPAKU, MERLUNG, TANJUNG JABUNG BARAT, JAMBI",2,73,72,145
https://kawalpemilu.org#16896,"TANJUNGPAKU, MERLUNG, TANJUNG JABUNG BARAT, JAMBI",3,101,115,216
https://kawalpemilu.org#84638,"BUKITHARAPAN, MERLUNG, TANJUNG JABUNG BARAT, JAMBI",1,76,82,158
https://kawalpemilu.org#84638,"BUKITHARAPAN, MERLUNG, TANJUNG JABUNG BARAT, JAMBI",2,86,66,152
https://kawalpemilu.org#84638,"BUKITHARAPAN, MERLUNG, TANJUNG JABUNG BARAT, JAMBI",3,114,58,172
https://kawalpemilu.org#84638,"BUKITHARAPAN, MERLUNG, TANJUNG JABUNG BARAT, JAMBI",4,109,51,160
https://kawalpemilu.org#84638,"BUKITHARAPAN, MERLUNG, TANJUNG JABUNG BARAT, JAMBI",5,153,25,178
https://kawalpemilu.org#84638,"BUKITHARAPAN, MERLUNG, TANJUNG JABUNG BARAT, JAMBI",6,114,41,155
https://kawalpemilu.org#84639,"PINANG GADING, MERLUNG, TANJUNG JABUNG BARAT, JAMBI",1,150,75,225
https://kawalpemilu.org#84639,"PINANG GADING, MERLUNG, TANJUNG JABUNG BARAT, JAMBI",2,122,34,156
https://kawalpemilu.org#84639,"PINANG GADING, MERLUNG, TANJUNG JABUNG BARAT, JAMBI",3,133,68,201
https://kawalpemilu.org#84640,"TANJUNGMAKMUR, MERLUNG, TANJUNG JABUNG BARAT, JAMBI",1,123,95,218
https://kawalpemilu.org#84640,"TANJUNGMAKMUR, MERLUNG, TANJUNG JABUNG BARAT, JAMBI",2,159,64,223
https://kawalpemilu.org#90554,"MERLUNG2, MERLUNG, TANJUNG JABUNG BARAT, JAMBI",1,96,92,188
https://kawalpemilu.org#90554,"MERLUNG2, MERLUNG, TANJUNG JABUNG BARAT, JAMBI",2,65,92,157
https://kawalpemilu.org#90554,"MERLUNG2, MERLUNG, TANJUNG JABUNG BARAT, JAMBI",3,101,97,198
https://kawalpemilu.org#90554,"MERLUNG2, MERLUNG, TANJUNG JABUNG BARAT, JAMBI",4,93,89,182
https://kawalpemilu.org#90554,"MERLUNG2, MERLUNG, TANJUNG JABUNG BARAT, JAMBI",5,39,54,93
https://kawalpemilu.org#90554,"MERLUNG2, MERLUNG, TANJUNG JABUNG BARAT, JAMBI",6,91,69,160
https://kawalpemilu.org#90554,"MERLUNG2, MERLUNG, TANJUNG JABUNG BARAT, JAMBI",7,79,8,87
https://kawalpemilu.org#90554,"MERLUNG2, MERLUNG, TANJUNG JABUNG BARAT, JAMBI",8,119,8,127
https://kawalpemilu.org#90554,"MERLUNG2, MERLUNG, TANJUNG JABUNG BARAT, JAMBI",9,70,41,111
https://kawalpemilu.org#16898,"TEBING TINGGI, TEBING TINGGI, TANJUNG JABUNG BARAT, JAMBI",1,40,148,188
https://kawalpemilu.org#16898,"TEBING TINGGI, TEBING TINGGI, TANJUNG JABUNG BARAT, JAMBI",2,65,149,214
https://kawalpemilu.org#16898,"TEBING TINGGI, TEBING TINGGI, TANJUNG JABUNG BARAT, JAMBI",3,49,68,117
https://kawalpemilu.org#16898,"TEBING TINGGI, TEBING TINGGI, TANJUNG JABUNG BARAT, JAMBI",4,104,74,178
https://kawalpemilu.org#16898,"TEBING TINGGI, TEBING TINGGI, TANJUNG JABUNG BARAT, JAMBI",5,104,133,237
https://kawalpemilu.org#16898,"TEBING TINGGI, TEBING TINGGI, TANJUNG JABUNG BARAT, JAMBI",6,87,135,222
https://kawalpemilu.org#16898,"TEBING TINGGI, TEBING TINGGI, TANJUNG JABUNG BARAT, JAMBI",7,101,114,215
https://kawalpemilu.org#16898,"TEBING TINGGI, TEBING TINGGI, TANJUNG JABUNG BARAT, JAMBI",8,50,68,118
https://kawalpemilu.org#16898,"TEBING TINGGI, TEBING TINGGI, TANJUNG JABUNG BARAT, JAMBI",9,48,122,170
https://kawalpemilu.org#16898,"TEBING TINGGI, TEBING TINGGI, TANJUNG JABUNG BARAT, JAMBI",10,103,104,207
https://kawalpemilu.org#16898,"TEBING TINGGI, TEBING TINGGI, TANJUNG JABUNG BARAT, JAMBI",11,63,103,166
https://kawalpemilu.org#16898,"TEBING TINGGI, TEBING TINGGI, TANJUNG JABUNG BARAT, JAMBI",12,171,13,184
https://kawalpemilu.org#16898,"TEBING TINGGI, TEBING TINGGI, TANJUNG JABUNG BARAT, JAMBI",13,30,42,72
https://kawalpemilu.org#16898,"TEBING TINGGI, TEBING TINGGI, TANJUNG JABUNG BARAT, JAMBI",14,111,83,194
https://kawalpemilu.org#16898,"TEBING TINGGI, TEBING TINGGI, TANJUNG JABUNG BARAT, JAMBI",15,127,91,218
https://kawalpemilu.org#16898,"TEBING TINGGI, TEBING TINGGI, TANJUNG JABUNG BARAT, JAMBI",16,22,55,77
https://kawalpemilu.org#16898,"TEBING TINGGI, TEBING TINGGI, TANJUNG JABUNG BARAT, JAMBI",17,90,58,148
https://kawalpemilu.org#16898,"TEBING TINGGI, TEBING TINGGI, TANJUNG JABUNG BARAT, JAMBI",18,83,84,167
https://kawalpemilu.org#16898,"TEBING TINGGI, TEBING TINGGI, TANJUNG JABUNG BARAT, JAMBI",19,97,59,156
https://kawalpemilu.org#16898,"TEBING TINGGI, TEBING TINGGI, TANJUNG JABUNG BARAT, JAMBI",20,70,92,162
https://kawalpemilu.org#16898,"TEBING TINGGI, TEBING TINGGI, TANJUNG JABUNG BARAT, JAMBI",21,56,127,183
https://kawalpemilu.org#16898,"TEBING TINGGI, TEBING TINGGI, TANJUNG JABUNG BARAT, JAMBI",22,59,151,210
https://kawalpemilu.org#16898,"TEBING TINGGI, TEBING TINGGI, TANJUNG JABUNG BARAT, JAMBI",23,55,86,141
https://kawalpemilu.org#16898,"TEBING TINGGI, TEBING TINGGI, TANJUNG JABUNG BARAT, JAMBI",24,51,190,241
https://kawalpemilu.org#16898,"TEBING TINGGI, TEBING TINGGI, TANJUNG JABUNG BARAT, JAMBI",25,75,140,215
https://kawalpemilu.org#16898,"TEBING TINGGI, TEBING TINGGI, TANJUNG JABUNG BARAT, JAMBI",26,28,64,92
https://kawalpemilu.org#16898,"TEBING TINGGI, TEBING TINGGI, TANJUNG JABUNG BARAT, JAMBI",27,39,123,162
https://kawalpemilu.org#16898,"TEBING TINGGI, TEBING TINGGI, TANJUNG JABUNG BARAT, JAMBI",28,44,70,114
https://kawalpemilu.org#16898,"TEBING TINGGI, TEBING TINGGI, TANJUNG JABUNG BARAT, JAMBI",29,34,86,120
https://kawalpemilu.org#16898,"TEBING TINGGI, TEBING TINGGI, TANJUNG JABUNG BARAT, JAMBI",30,30,109,139
https://kawalpemilu.org#16899,"PURWODADI, TEBING TINGGI, TANJUNG JABUNG BARAT, JAMBI",1,138,75,213
https://kawalpemilu.org#16899,"PURWODADI, TEBING TINGGI, TANJUNG JABUNG BARAT, JAMBI",2,98,70,168
https://kawalpemilu.org#16899,"PURWODADI, TEBING TINGGI, TANJUNG JABUNG BARAT, JAMBI",3,127,71,198
https://kawalpemilu.org#16899,"PURWODADI, TEBING TINGGI, TANJUNG JABUNG BARAT, JAMBI",4,114,74,188
https://kawalpemilu.org#16899,"PURWODADI, TEBING TINGGI, TANJUNG JABUNG BARAT, JAMBI",5,149,62,211
https://kawalpemilu.org#16899,"PURWODADI, TEBING TINGGI, TANJUNG JABUNG BARAT, JAMBI",6,103,57,160
https://kawalpemilu.org#16899,"PURWODADI, TEBING TINGGI, TANJUNG JABUNG BARAT, JAMBI",7,114,61,175
https://kawalpemilu.org#16899,"PURWODADI, TEBING TINGGI, TANJUNG JABUNG BARAT, JAMBI",8,88,52,140
https://kawalpemilu.org#16899,"PURWODADI, TEBING TINGGI, TANJUNG JABUNG BARAT, JAMBI",9,96,41,137
https://kawalpemilu.org#16899,"PURWODADI, TEBING TINGGI, TANJUNG JABUNG BARAT, JAMBI",10,100,45,145
https://kawalpemilu.org#16899,"PURWODADI, TEBING TINGGI, TANJUNG JABUNG BARAT, JAMBI",11,168,65,233
https://kawalpemilu.org#16899,"PURWODADI, TEBING TINGGI, TANJUNG JABUNG BARAT, JAMBI",12,139,76,215
https://kawalpemilu.org#16899,"PURWODADI, TEBING TINGGI, TANJUNG JABUNG BARAT, JAMBI",13,110,118,228
https://kawalpemilu.org#16899,"PURWODADI, TEBING TINGGI, TANJUNG JABUNG BARAT, JAMBI",14,162,62,224
https://kawalpemilu.org#16899,"PURWODADI, TEBING TINGGI, TANJUNG JABUNG BARAT, JAMBI",15,136,37,173
https://kawalpemilu.org#16899,"PURWODADI, TEBING TINGGI, TANJUNG JABUNG BARAT, JAMBI",16,125,25,150
https://kawalpemilu.org#16899,"PURWODADI, TEBING TINGGI, TANJUNG JABUNG BARAT, JAMBI",17,187,44,231
https://kawalpemilu.org#16899,"PURWODADI, TEBING TINGGI, TANJUNG JABUNG BARAT, JAMBI",18,158,59,217
https://kawalpemilu.org#16899,"PURWODADI, TEBING TINGGI, TANJUNG JABUNG BARAT, JAMBI",19,93,25,118
https://kawalpemilu.org#16899,"PURWODADI, TEBING TINGGI, TANJUNG JABUNG BARAT, JAMBI",20,195,28,223
https://kawalpemilu.org#16900,"SUKA DAMAI, TEBING TINGGI, TANJUNG JABUNG BARAT, JAMBI",1,40,86,126
https://kawalpemilu.org#16900,"SUKA DAMAI, TEBING TINGGI, TANJUNG JABUNG BARAT, JAMBI",2,62,60,122
https://kawalpemilu.org#16900,"SUKA DAMAI, TEBING TINGGI, TANJUNG JABUNG BARAT, JAMBI",3,103,123,226
https://kawalpemilu.org#16900,"SUKA DAMAI, TEBING TINGGI, TANJUNG JABUNG BARAT, JAMBI",4,95,71,166
https://kawalpemilu.org#16900,"SUKA DAMAI, TEBING TINGGI, TANJUNG JABUNG BARAT, JAMBI",5,78,101,179
https://kawalpemilu.org#16900,"SUKA DAMAI, TEBING TINGGI, TANJUNG JABUNG BARAT, JAMBI",6,87,112,199
https://kawalpemilu.org#16901,"ADI JAYA, TEBING TINGGI, TANJUNG JABUNG BARAT, JAMBI",1,151,76,227
https://kawalpemilu.org#16901,"ADI JAYA, TEBING TINGGI, TANJUNG JABUNG BARAT, JAMBI",2,92,79,171
https://kawalpemilu.org#16901,"ADI JAYA, TEBING TINGGI, TANJUNG JABUNG BARAT, JAMBI",3,90,76,166
https://kawalpemilu.org#16902,"KELAGIAN, TEBING TINGGI, TANJUNG JABUNG BARAT, JAMBI",1,59,148,207
https://kawalpemilu.org#16902,"KELAGIAN, TEBING TINGGI, TANJUNG JABUNG BARAT, JAMBI",2,69,129,198
https://kawalpemilu.org#16902,"KELAGIAN, TEBING TINGGI, TANJUNG JABUNG BARAT, JAMBI",3,147,82,229
https://kawalpemilu.org#16902,"KELAGIAN, TEBING TINGGI, TANJUNG JABUNG BARAT, JAMBI",4,91,71,162
https://kawalpemilu.org#16902,"KELAGIAN, TEBING TINGGI, TANJUNG JABUNG BARAT, JAMBI",5,116,72,188
https://kawalpemilu.org#16902,"KELAGIAN, TEBING TINGGI, TANJUNG JABUNG BARAT, JAMBI",6,61,82,143
https://kawalpemilu.org#16902,"KELAGIAN, TEBING TINGGI, TANJUNG JABUNG BARAT, JAMBI",7,58,72,130
https://kawalpemilu.org#16902,"KELAGIAN, TEBING TINGGI, TANJUNG JABUNG BARAT, JAMBI",8,142,67,209
https://kawalpemilu.org#16902,"KELAGIAN, TEBING TINGGI, TANJUNG JABUNG BARAT, JAMBI",9,96,30,126
https://kawalpemilu.org#16902,"KELAGIAN, TEBING TINGGI, TANJUNG JABUNG BARAT, JAMBI",10,98,54,152
https://kawalpemilu.org#84641,"TELUKPENGKAH, TEBING TINGGI, TANJUNG JABUNG BARAT, JAMBI",1,66,202,268
https://kawalpemilu.org#84641,"TELUKPENGKAH, TEBING TINGGI, TANJUNG JABUNG BARAT, JAMBI",2,34,94,128
https://kawalpemilu.org#84641,"TELUKPENGKAH, TEBING TINGGI, TANJUNG JABUNG BARAT, JAMBI",3,32,125,157
https://kawalpemilu.org#84641,"TELUKPENGKAH, TEBING TINGGI, TANJUNG JABUNG BARAT, JAMBI",4,66,116,182
https://kawalpemilu.org#84641,"TELUKPENGKAH, TEBING TINGGI, TANJUNG JABUNG BARAT, JAMBI",5,64,125,189
https://kawalpemilu.org#84641,"TELUKPENGKAH, TEBING TINGGI, TANJUNG JABUNG BARAT, JAMBI",6,69,99,168
https://kawalpemilu.org#84641,"TELUKPENGKAH, TEBING TINGGI, TANJUNG JABUNG BARAT, JAMBI",7,65,127,192
https://kawalpemilu.org#84641,"TELUKPENGKAH, TEBING TINGGI, TANJUNG JABUNG BARAT, JAMBI",8,66,85,151
https://kawalpemilu.org#84641,"TELUKPENGKAH, TEBING TINGGI, TANJUNG JABUNG BARAT, JAMBI",9,61,84,145
https://kawalpemilu.org#84641,"TELUKPENGKAH, TEBING TINGGI, TANJUNG JABUNG BARAT, JAMBI",10,68,93,161
https://kawalpemilu.org#84641,"TELUKPENGKAH, TEBING TINGGI, TANJUNG JABUNG BARAT, JAMBI",11,70,111,181
https://kawalpemilu.org#84641,"TELUKPENGKAH, TEBING TINGGI, TANJUNG JABUNG BARAT, JAMBI",12,25,28,53
https://kawalpemilu.org#84641,"TELUKPENGKAH, TEBING TINGGI, TANJUNG JABUNG BARAT, JAMBI",13,65,46,111
https://kawalpemilu.org#84642,"SUNGAIKERUH, TEBING TINGGI, TANJUNG JABUNG BARAT, JAMBI",1,119,97,216
https://kawalpemilu.org#84642,"SUNGAIKERUH, TEBING TINGGI, TANJUNG JABUNG BARAT, JAMBI",2,123,55,178
https://kawalpemilu.org#84643,"DATARAN KEMPAS, TEBING TINGGI, TANJUNG JABUNG BARAT, JAMBI",1,135,59,194
https://kawalpemilu.org#84643,"DATARAN KEMPAS, TEBING TINGGI, TANJUNG JABUNG BARAT, JAMBI",2,144,44,188
https://kawalpemilu.org#84643,"DATARAN KEMPAS, TEBING TINGGI, TANJUNG JABUNG BARAT, JAMBI",3,88,61,149
https://kawalpemilu.org#84643,"DATARAN KEMPAS, TEBING TINGGI, TANJUNG JABUNG BARAT, JAMBI",4,105,90,195
https://kawalpemilu.org#84643,"DATARAN KEMPAS, TEBING TINGGI, TANJUNG JABUNG BARAT, JAMBI",5,95,45,140
https://kawalpemilu.org#84643,"DATARAN KEMPAS, TEBING TINGGI, TANJUNG JABUNG BARAT, JAMBI",6,92,58,150
https://kawalpemilu.org#89518,"TALANG MAKMUR, TEBING TINGGI, TANJUNG JABUNG BARAT, JAMBI",1,90,62,152
https://kawalpemilu.org#89518,"TALANG MAKMUR, TEBING TINGGI, TANJUNG JABUNG BARAT, JAMBI",2,76,76,152
https://kawalpemilu.org#89518,"TALANG MAKMUR, TEBING TINGGI, TANJUNG JABUNG BARAT, JAMBI",3,115,51,166
https://kawalpemilu.org#89518,"TALANG MAKMUR, TEBING TINGGI, TANJUNG JABUNG BARAT, JAMBI",4,97,58,155
https://kawalpemilu.org#89518,"TALANG MAKMUR, TEBING TINGGI, TANJUNG JABUNG BARAT, JAMBI",5,53,37,90
https://kawalpemilu.org#89518,"TALANG MAKMUR, TEBING TINGGI, TANJUNG JABUNG BARAT, JAMBI",6,32,20,52
https://kawalpemilu.org#89518,"TALANG MAKMUR, TEBING TINGGI, TANJUNG JABUNG BARAT, JAMBI",7,34,102,136
https://kawalpemilu.org#89518,"TALANG MAKMUR, TEBING TINGGI, TANJUNG JABUNG BARAT, JAMBI",8,87,131,218
https://kawalpemilu.org#89518,"TALANG MAKMUR, TEBING TINGGI, TANJUNG JABUNG BARAT, JAMBI",9,103,85,188
https://kawalpemilu.org#89518,"TALANG MAKMUR, TEBING TINGGI, TANJUNG JABUNG BARAT, JAMBI",10,81,86,167
https://kawalpemilu.org#89518,"TALANG MAKMUR, TEBING TINGGI, TANJUNG JABUNG BARAT, JAMBI",11,47,63,110
https://kawalpemilu.org#89518,"TALANG MAKMUR, TEBING TINGGI, TANJUNG JABUNG BARAT, JAMBI",12,59,114,173
https://kawalpemilu.org#89518,"TALANG MAKMUR, TEBING TINGGI, TANJUNG JABUNG BARAT, JAMBI",13,100,55,155
https://kawalpemilu.org#89519,"DELIMA, TEBING TINGGI, TANJUNG JABUNG BARAT, JAMBI",1,187,57,244
https://kawalpemilu.org#89519,"DELIMA, TEBING TINGGI, TANJUNG JABUNG BARAT, JAMBI",2,135,41,176
https://kawalpemilu.org#89519,"DELIMA, TEBING TINGGI, TANJUNG JABUNG BARAT, JAMBI",3,148,37,185
https://kawalpemilu.org#89519,"DELIMA, TEBING TINGGI, TANJUNG JABUNG BARAT, JAMBI",4,155,46,201
https://kawalpemilu.org#89519,"DELIMA, TEBING TINGGI, TANJUNG JABUNG BARAT, JAMBI",5,42,21,63
https://kawalpemilu.org#16904,"DUSUN KEBUN, BATANG ASAM, TANJUNG JABUNG BARAT, JAMBI",1,53,100,153
https://kawalpemilu.org#16904,"DUSUN KEBUN, BATANG ASAM, TANJUNG JABUNG BARAT, JAMBI",2,153,61,214
https://kawalpemilu.org#16904,"DUSUN KEBUN, BATANG ASAM, TANJUNG JABUNG BARAT, JAMBI",3,48,107,155
https://kawalpemilu.org#16904,"DUSUN KEBUN, BATANG ASAM, TANJUNG JABUNG BARAT, JAMBI",4,24,124,148
https://kawalpemilu.org#16904,"DUSUN KEBUN, BATANG ASAM, TANJUNG JABUNG BARAT, JAMBI",5,66,155,221
https://kawalpemilu.org#16904,"DUSUN KEBUN, BATANG ASAM, TANJUNG JABUNG BARAT, JAMBI",6,55,119,174
https://kawalpemilu.org#16905,"SRI AGUNG, BATANG ASAM, TANJUNG JABUNG BARAT, JAMBI",1,155,29,184
https://kawalpemilu.org#16905,"SRI AGUNG, BATANG ASAM, TANJUNG JABUNG BARAT, JAMBI",2,154,26,180
https://kawalpemilu.org#16905,"SRI AGUNG, BATANG ASAM, TANJUNG JABUNG BARAT, JAMBI",3,166,30,196
https://kawalpemilu.org#16905,"SRI AGUNG, BATANG ASAM, TANJUNG JABUNG BARAT, JAMBI",4,190,68,258
https://kawalpemilu.org#16905,"SRI AGUNG, BATANG ASAM, TANJUNG JABUNG BARAT, JAMBI",5,136,52,188
https://kawalpemilu.org#16905,"SRI AGUNG, BATANG ASAM, TANJUNG JABUNG BARAT, JAMBI",6,134,38,172
https://kawalpemilu.org#16905,"SRI AGUNG, BATANG ASAM, TANJUNG JABUNG BARAT, JAMBI",7,134,41,175
https://kawalpemilu.org#16905,"SRI AGUNG, BATANG ASAM, TANJUNG JABUNG BARAT, JAMBI",8,169,22,191
https://kawalpemilu.org#16905,"SRI AGUNG, BATANG ASAM, TANJUNG JABUNG BARAT, JAMBI",9,168,31,199
https://kawalpemilu.org#16905,"SRI AGUNG, BATANG ASAM, TANJUNG JABUNG BARAT, JAMBI",10,109,21,130
https://kawalpemilu.org#16906,"SUBAN, BATANG ASAM, TANJUNG JABUNG BARAT, JAMBI",1,92,32,124
https://kawalpemilu.org#16906,"SUBAN, BATANG ASAM, TANJUNG JABUNG BARAT, JAMBI",2,119,73,192
https://kawalpemilu.org#16906,"SUBAN, BATANG ASAM, TANJUNG JABUNG BARAT, JAMBI",3,62,50,112
https://kawalpemilu.org#16906,"SUBAN, BATANG ASAM, TANJUNG JABUNG BARAT, JAMBI",4,88,53,141
https://kawalpemilu.org#16906,"SUBAN, BATANG ASAM, TANJUNG JABUNG BARAT, JAMBI",5,138,44,182
https://kawalpemilu.org#16906,"SUBAN, BATANG ASAM, TANJUNG JABUNG BARAT, JAMBI",6,147,12,159
https://kawalpemilu.org#16906,"SUBAN, BATANG ASAM, TANJUNG JABUNG BARAT, JAMBI",7,139,60,199
https://kawalpemilu.org#16906,"SUBAN, BATANG ASAM, TANJUNG JABUNG BARAT, JAMBI",8,128,45,173
https://kawalpemilu.org#16906,"SUBAN, BATANG ASAM, TANJUNG JABUNG BARAT, JAMBI",9,165,13,178
https://kawalpemilu.org#16906,"SUBAN, BATANG ASAM, TANJUNG JABUNG BARAT, JAMBI",10,125,40,165
https://kawalpemilu.org#16906,"SUBAN, BATANG ASAM, TANJUNG JABUNG BARAT, JAMBI",11,201,13,214
https://kawalpemilu.org#16906,"SUBAN, BATANG ASAM, TANJUNG JABUNG BARAT, JAMBI",12,147,57,204
https://kawalpemilu.org#16906,"SUBAN, BATANG ASAM, TANJUNG JABUNG BARAT, JAMBI",13,169,19,188
https://kawalpemilu.org#16906,"SUBAN, BATANG ASAM, TANJUNG JABUNG BARAT, JAMBI",14,160,1,161
https://kawalpemilu.org#16906,"SUBAN, BATANG ASAM, TANJUNG JABUNG BARAT, JAMBI",15,208,7,215
https://kawalpemilu.org#16906,"SUBAN, BATANG ASAM, TANJUNG JABUNG BARAT, JAMBI",16,166,24,190
https://kawalpemilu.org#16906,"SUBAN, BATANG ASAM, TANJUNG JABUNG BARAT, JAMBI",17,165,3,168
https://kawalpemilu.org#16906,"SUBAN, BATANG ASAM, TANJUNG JABUNG BARAT, JAMBI",18,113,3,116
https://kawalpemilu.org#16906,"SUBAN, BATANG ASAM, TANJUNG JABUNG BARAT, JAMBI",19,252,6,258
https://kawalpemilu.org#16906,"SUBAN, BATANG ASAM, TANJUNG JABUNG BARAT, JAMBI",20,199,8,207
https://kawalpemilu.org#16906,"SUBAN, BATANG ASAM, TANJUNG JABUNG BARAT, JAMBI",21,190,8,198
https://kawalpemilu.org#16906,"SUBAN, BATANG ASAM, TANJUNG JABUNG BARAT, JAMBI",22,157,8,165
https://kawalpemilu.org#16907,"TANJUNGBOJO, BATANG ASAM, TANJUNG JABUNG BARAT, JAMBI",1,79,94,173
https://kawalpemilu.org#16907,"TANJUNGBOJO, BATANG ASAM, TANJUNG JABUNG BARAT, JAMBI",2,72,118,190
https://kawalpemilu.org#16907,"TANJUNGBOJO, BATANG ASAM, TANJUNG JABUNG BARAT, JAMBI",3,73,119,192
https://kawalpemilu.org#16907,"TANJUNGBOJO, BATANG ASAM, TANJUNG JABUNG BARAT, JAMBI",4,50,121,171
https://kawalpemilu.org#16908,"KAMPUNG BARU, BATANG ASAM, TANJUNG JABUNG BARAT, JAMBI",1,60,135,195
https://kawalpemilu.org#16908,"KAMPUNG BARU, BATANG ASAM, TANJUNG JABUNG BARAT, JAMBI",2,124,130,254
https://kawalpemilu.org#16908,"KAMPUNG BARU, BATANG ASAM, TANJUNG JABUNG BARAT, JAMBI",3,142,23,165
https://kawalpemilu.org#16908,"KAMPUNG BARU, BATANG ASAM, TANJUNG JABUNG BARAT, JAMBI",4,164,27,191
https://kawalpemilu.org#16908,"KAMPUNG BARU, BATANG ASAM, TANJUNG JABUNG BARAT, JAMBI",5,192,34,226
https://kawalpemilu.org#16908,"KAMPUNG BARU, BATANG ASAM, TANJUNG JABUNG BARAT, JAMBI",6,107,59,166
https://kawalpemilu.org#16908,"KAMPUNG BARU, BATANG ASAM, TANJUNG JABUNG BARAT, JAMBI",7,106,114,220
https://kawalpemilu.org#16908,"KAMPUNG BARU, BATANG ASAM, TANJUNG JABUNG BARAT, JAMBI",8,124,49,173
https://kawalpemilu.org#16908,"KAMPUNG BARU, BATANG ASAM, TANJUNG JABUNG BARAT, JAMBI",9,150,51,201
https://kawalpemilu.org#16908,"KAMPUNG BARU, BATANG ASAM, TANJUNG JABUNG BARAT, JAMBI",10,175,47,222
https://kawalpemilu.org#16909,"LUBUK BERNAI, BATANG ASAM, TANJUNG JABUNG BARAT, JAMBI",1,68,80,148
https://kawalpemilu.org#16909,"LUBUK BERNAI, BATANG ASAM, TANJUNG JABUNG BARAT, JAMBI",2,115,89,204
https://kawalpemilu.org#16909,"LUBUK BERNAI, BATANG ASAM, TANJUNG JABUNG BARAT, JAMBI",3,121,139,260
https://kawalpemilu.org#16909,"LUBUK BERNAI, BATANG ASAM, TANJUNG JABUNG BARAT, JAMBI",4,77,78,155
https://kawalpemilu.org#16909,"LUBUK BERNAI, BATANG ASAM, TANJUNG JABUNG BARAT, JAMBI",5,113,35,148
https://kawalpemilu.org#16909,"LUBUK BERNAI, BATANG ASAM, TANJUNG JABUNG BARAT, JAMBI",6,99,28,127
https://kawalpemilu.org#16909,"LUBUK BERNAI, BATANG ASAM, TANJUNG JABUNG BARAT, JAMBI",7,119,41,160
https://kawalpemilu.org#16909,"LUBUK BERNAI, BATANG ASAM, TANJUNG JABUNG BARAT, JAMBI",8,96,62,158
https://kawalpemilu.org#16909,"LUBUK BERNAI, BATANG ASAM, TANJUNG JABUNG BARAT, JAMBI",9,150,25,175
https://kawalpemilu.org#16909,"LUBUK BERNAI, BATANG ASAM, TANJUNG JABUNG BARAT, JAMBI",10,107,71,178
https://kawalpemilu.org#16909,"LUBUK BERNAI, BATANG ASAM, TANJUNG JABUNG BARAT, JAMBI",11,139,30,169
https://kawalpemilu.org#16909,"LUBUK BERNAI, BATANG ASAM, TANJUNG JABUNG BARAT, JAMBI",12,138,57,195
https://kawalpemilu.org#16909,"LUBUK BERNAI, BATANG ASAM, TANJUNG JABUNG BARAT, JAMBI",13,114,26,140
https://kawalpemilu.org#16909,"LUBUK BERNAI, BATANG ASAM, TANJUNG JABUNG BARAT, JAMBI",14,112,10,122
https://kawalpemilu.org#84644,"RAWAMEDANG, BATANG ASAM, TANJUNG JABUNG BARAT, JAMBI",1,202,40,242
https://kawalpemilu.org#84644,"RAWAMEDANG, BATANG ASAM, TANJUNG JABUNG BARAT, JAMBI",2,229,32,261
https://kawalpemilu.org#84644,"RAWAMEDANG, BATANG ASAM, TANJUNG JABUNG BARAT, JAMBI",3,121,18,139
https://kawalpemilu.org#84644,"RAWAMEDANG, BATANG ASAM, TANJUNG JABUNG BARAT, JAMBI",4,131,20,151
https://kawalpemilu.org#84644,"RAWAMEDANG, BATANG ASAM, TANJUNG JABUNG BARAT, JAMBI",5,199,41,240
https://kawalpemilu.org#84644,"RAWAMEDANG, BATANG ASAM, TANJUNG JABUNG BARAT, JAMBI",6,146,14,160
https://kawalpemilu.org#84644,"RAWAMEDANG, BATANG ASAM, TANJUNG JABUNG BARAT, JAMBI",7,161,42,203
https://kawalpemilu.org#84645,"SUNGAIPENOBAN, BATANG ASAM, TANJUNG JABUNG BARAT, JAMBI",1,171,16,187
https://kawalpemilu.org#84645,"SUNGAIPENOBAN, BATANG ASAM, TANJUNG JABUNG BARAT, JAMBI",2,143,14,158
https://kawalpemilu.org#84645,"SUNGAIPENOBAN, BATANG ASAM, TANJUNG JABUNG BARAT, JAMBI",3,210,1,211
https://kawalpemilu.org#84645,"SUNGAIPENOBAN, BATANG ASAM, TANJUNG JABUNG BARAT, JAMBI",4,190,8,198
https://kawalpemilu.org#84645,"SUNGAIPENOBAN, BATANG ASAM, TANJUNG JABUNG BARAT, JAMBI",5,155,15,170
https://kawalpemilu.org#84645,"SUNGAIPENOBAN, BATANG ASAM, TANJUNG JABUNG BARAT, JAMBI",6,109,15,124
https://kawalpemilu.org#84646,"RAWANGKEMPAS, BATANG ASAM, TANJUNG JABUNG BARAT, JAMBI",1,214,18,232
https://kawalpemilu.org#84646,"RAWANGKEMPAS, BATANG ASAM, TANJUNG JABUNG BARAT, JAMBI",2,208,1,209
https://kawalpemilu.org#84646,"RAWANGKEMPAS, BATANG ASAM, TANJUNG JABUNG BARAT, JAMBI",3,207,20,227
https://kawalpemilu.org#84647,"LUBUK LAWAS, BATANG ASAM, TANJUNG JABUNG BARAT, JAMBI",1,55,80,135
https://kawalpemilu.org#84647,"LUBUK LAWAS, BATANG ASAM, TANJUNG JABUNG BARAT, JAMBI",2,62,79,141
https://kawalpemilu.org#84648,"SUNGAIBADAR, BATANG ASAM, TANJUNG JABUNG BARAT, JAMBI",1,93,144,241
https://kawalpemilu.org#84648,"SUNGAIBADAR, BATANG ASAM, TANJUNG JABUNG BARAT, JAMBI",2,80,78,158
https://kawalpemilu.org#84648,"SUNGAIBADAR, BATANG ASAM, TANJUNG JABUNG BARAT, JAMBI",3,77,50,127
https://kawalpemilu.org#16911,"LUBUK KAMBING, RENAH MENDALUH, TANJUNG JABUNG BARAT, JAMBI",1,100,102,202
https://kawalpemilu.org#16911,"LUBUK KAMBING, RENAH MENDALUH, TANJUNG JABUNG BARAT, JAMBI",2,141,78,219
https://kawalpemilu.org#16911,"LUBUK KAMBING, RENAH MENDALUH, TANJUNG JABUNG BARAT, JAMBI",3,85,72,157
https://kawalpemilu.org#16911,"LUBUK KAMBING, RENAH MENDALUH, TANJUNG JABUNG BARAT, JAMBI",4,66,70,136
https://kawalpemilu.org#16911,"LUBUK KAMBING, RENAH MENDALUH, TANJUNG JABUNG BARAT, JAMBI",5,79,104,183
https://kawalpemilu.org#16911,"LUBUK KAMBING, RENAH MENDALUH, TANJUNG JABUNG BARAT, JAMBI",6,102,130,232
https://kawalpemilu.org#16911,"LUBUK KAMBING, RENAH MENDALUH, TANJUNG JABUNG BARAT, JAMBI",7,0,0,0
https://kawalpemilu.org#16912,"PULAUPAUH, RENAH MENDALUH, TANJUNG JABUNG BARAT, JAMBI",1,64,102,166
https://kawalpemilu.org#16912,"PULAUPAUH, RENAH MENDALUH, TANJUNG JABUNG BARAT, JAMBI",2,55,90,145
https://kawalpemilu.org#16912,"PULAUPAUH, RENAH MENDALUH, TANJUNG JABUNG BARAT, JAMBI",3,78,49,127
https://kawalpemilu.org#16912,"PULAUPAUH, RENAH MENDALUH, TANJUNG JABUNG BARAT, JAMBI",4,144,82,226
https://kawalpemilu.org#16913,"RANTAU BENAR, RENAH MENDALUH, TANJUNG JABUNG BARAT, JAMBI",1,67,75,142
https://kawalpemilu.org#16913,"RANTAU BENAR, RENAH MENDALUH, TANJUNG JABUNG BARAT, JAMBI",2,54,82,136
https://kawalpemilu.org#16913,"RANTAU BENAR, RENAH MENDALUH, TANJUNG JABUNG BARAT, JAMBI",3,64,83,147
https://kawalpemilu.org#16913,"RANTAU BENAR, RENAH MENDALUH, TANJUNG JABUNG BARAT, JAMBI",4,69,102,171
https://kawalpemilu.org#16913,"RANTAU BENAR, RENAH MENDALUH, TANJUNG JABUNG BARAT, JAMBI",5,95,75,170
https://kawalpemilu.org#16913,"RANTAU BENAR, RENAH MENDALUH, TANJUNG JABUNG BARAT, JAMBI",6,78,51,129
https://kawalpemilu.org#16913,"RANTAU BENAR, RENAH MENDALUH, TANJUNG JABUNG BARAT, JAMBI",7,116,57,173
https://kawalpemilu.org#16914,"LAMPISI, RENAH MENDALUH, TANJUNG JABUNG BARAT, JAMBI",1,115,74,189
https://kawalpemilu.org#16914,"LAMPISI, RENAH MENDALUH, TANJUNG JABUNG BARAT, JAMBI",2,93,33,126
https://kawalpemilu.org#16914,"LAMPISI, RENAH MENDALUH, TANJUNG JABUNG BARAT, JAMBI",3,118,55,173
https://kawalpemilu.org#16914,"LAMPISI, RENAH MENDALUH, TANJUNG JABUNG BARAT, JAMBI",4,140,28,168
https://kawalpemilu.org#16914,"LAMPISI, RENAH MENDALUH, TANJUNG JABUNG BARAT, JAMBI",5,132,55,187
https://kawalpemilu.org#16914,"LAMPISI, RENAH MENDALUH, TANJUNG JABUNG BARAT, JAMBI",6,87,82,169
https://kawalpemilu.org#16914,"LAMPISI, RENAH MENDALUH, TANJUNG JABUNG BARAT, JAMBI",7,156,67,223
https://kawalpemilu.org#16914,"LAMPISI, RENAH MENDALUH, TANJUNG JABUNG BARAT, JAMBI",8,92,24,116
https://kawalpemilu.org#16914,"LAMPISI, RENAH MENDALUH, TANJUNG JABUNG BARAT, JAMBI",9,119,53,172
https://kawalpemilu.org#16915,"CINTA DAMAI, RENAH MENDALUH, TANJUNG JABUNG BARAT, JAMBI",1,126,39,165
https://kawalpemilu.org#16915,"CINTA DAMAI, RENAH MENDALUH, TANJUNG JABUNG BARAT, JAMBI",2,100,40,140
https://kawalpemilu.org#16915,"CINTA DAMAI, RENAH MENDALUH, TANJUNG JABUNG BARAT, JAMBI",3,86,48,134
https://kawalpemilu.org#16915,"CINTA DAMAI, RENAH MENDALUH, TANJUNG JABUNG BARAT, JAMBI",4,127,32,159
https://kawalpemilu.org#16916,"SUNGAIROTAN, RENAH MENDALUH, TANJUNG JABUNG BARAT, JAMBI",1,82,74,156
https://kawalpemilu.org#16916,"SUNGAIROTAN, RENAH MENDALUH, TANJUNG JABUNG BARAT, JAMBI",2,77,44,121
https://kawalpemilu.org#16916,"SUNGAIROTAN, RENAH MENDALUH, TANJUNG JABUNG BARAT, JAMBI",3,71,69,140
https://kawalpemilu.org#16916,"SUNGAIROTAN, RENAH MENDALUH, TANJUNG JABUNG BARAT, JAMBI",4,81,53,134
https://kawalpemilu.org#84649,"MUARADANAU, RENAH MENDALUH, TANJUNG JABUNG BARAT, JAMBI",1,129,32,161
https://kawalpemilu.org#84649,"MUARADANAU, RENAH MENDALUH, TANJUNG JABUNG BARAT, JAMBI",2,123,27,150
https://kawalpemilu.org#84649,"MUARADANAU, RENAH MENDALUH, TANJUNG JABUNG BARAT, JAMBI",3,86,44,130
https://kawalpemilu.org#84650,"TANAHTUMBUH, RENAH MENDALUH, TANJUNG JABUNG BARAT, JAMBI",1,168,31,199
https://kawalpemilu.org#84650,"TANAHTUMBUH, RENAH MENDALUH, TANJUNG JABUNG BARAT, JAMBI",2,198,44,242
https://kawalpemilu.org#84650,"TANAHTUMBUH, RENAH MENDALUH, TANJUNG JABUNG BARAT, JAMBI",3,174,30,204
https://kawalpemilu.org#84651,"SUNGAIPAUR, RENAH MENDALUH, TANJUNG JABUNG BARAT, JAMBI",1,199,10,209
https://kawalpemilu.org#84651,"SUNGAIPAUR, RENAH MENDALUH, TANJUNG JABUNG BARAT, JAMBI",2,135,22,157
https://kawalpemilu.org#84651,"SUNGAIPAUR, RENAH MENDALUH, TANJUNG JABUNG BARAT, JAMBI",3,144,23,167
https://kawalpemilu.org#84651,"SUNGAIPAUR, RENAH MENDALUH, TANJUNG JABUNG BARAT, JAMBI",4,147,15,162
https://kawalpemilu.org#84652,"BUKITBAKAR, RENAH MENDALUH, TANJUNG JABUNG BARAT, JAMBI",1,148,21,169
https://kawalpemilu.org#84652,"BUKITBAKAR, RENAH MENDALUH, TANJUNG JABUNG BARAT, JAMBI",2,201,21,222
https://kawalpemilu.org#16918,"RANTAU BADAK, MUARA PAPALIK, TANJUNG JABUNG BARAT, JAMBI",1,109,111,220
https://kawalpemilu.org#16918,"RANTAU BADAK, MUARA PAPALIK, TANJUNG JABUNG BARAT, JAMBI",2,164,24,188
https://kawalpemilu.org#16918,"RANTAU BADAK, MUARA PAPALIK, TANJUNG JABUNG BARAT, JAMBI",3,153,31,184
https://kawalpemilu.org#16918,"RANTAU BADAK, MUARA PAPALIK, TANJUNG JABUNG BARAT, JAMBI",4,63,35,98
https://kawalpemilu.org#16919,"DUSUN MUDO, MUARA PAPALIK, TANJUNG JABUNG BARAT, JAMBI",1,41,67,108
https://kawalpemilu.org#16919,"DUSUN MUDO, MUARA PAPALIK, TANJUNG JABUNG BARAT, JAMBI",2,37,54,91
https://kawalpemilu.org#16919,"DUSUN MUDO, MUARA PAPALIK, TANJUNG JABUNG BARAT, JAMBI",3,52,51,103
https://kawalpemilu.org#16919,"DUSUN MUDO, MUARA PAPALIK, TANJUNG JABUNG BARAT, JAMBI",4,52,45,97
https://kawalpemilu.org#16919,"DUSUN MUDO, MUARA PAPALIK, TANJUNG JABUNG BARAT, JAMBI",5,126,96,222
https://kawalpemilu.org#16919,"DUSUN MUDO, MUARA PAPALIK, TANJUNG JABUNG BARAT, JAMBI",6,144,64,208
https://kawalpemilu.org#16919,"DUSUN MUDO, MUARA PAPALIK, TANJUNG JABUNG BARAT, JAMBI",7,122,20,142
https://kawalpemilu.org#16919,"DUSUN MUDO, MUARA PAPALIK, TANJUNG JABUNG BARAT, JAMBI",8,36,31,67
https://kawalpemilu.org#16919,"DUSUN MUDO, MUARA PAPALIK, TANJUNG JABUNG BARAT, JAMBI",9,49,48,97
https://kawalpemilu.org#16919,"DUSUN MUDO, MUARA PAPALIK, TANJUNG JABUNG BARAT, JAMBI",10,31,28,59
https://kawalpemilu.org#16919,"DUSUN MUDO, MUARA PAPALIK, TANJUNG JABUNG BARAT, JAMBI",11,60,37,97
https://kawalpemilu.org#16919,"DUSUN MUDO, MUARA PAPALIK, TANJUNG JABUNG BARAT, JAMBI",12,72,13,85
https://kawalpemilu.org#16920,"INTAN JAYA, MUARA PAPALIK, TANJUNG JABUNG BARAT, JAMBI",1,82,60,142
https://kawalpemilu.org#16920,"INTAN JAYA, MUARA PAPALIK, TANJUNG JABUNG BARAT, JAMBI",2,96,28,124
https://kawalpemilu.org#16920,"INTAN JAYA, MUARA PAPALIK, TANJUNG JABUNG BARAT, JAMBI",3,67,128,195
https://kawalpemilu.org#16921,"BUKIT INDAH, MUARA PAPALIK, TANJUNG JABUNG BARAT, JAMBI",1,80,61,141
https://kawalpemilu.org#16921,"BUKIT INDAH, MUARA PAPALIK, TANJUNG JABUNG BARAT, JAMBI",2,88,61,149
https://kawalpemilu.org#16921,"BUKIT INDAH, MUARA PAPALIK, TANJUNG JABUNG BARAT, JAMBI",3,130,44,174
https://kawalpemilu.org#16921,"BUKIT INDAH, MUARA PAPALIK, TANJUNG JABUNG BARAT, JAMBI",4,115,45,160
https://kawalpemilu.org#16922,"KEMANG MANIS, MUARA PAPALIK, TANJUNG JABUNG BARAT, JAMBI",2,81,58,139
https://kawalpemilu.org#16922,"KEMANG MANIS, MUARA PAPALIK, TANJUNG JABUNG BARAT, JAMBI",3,110,34,144
https://kawalpemilu.org#84653,"RANTAU BADAK LAMO, MUARA PAPALIK, TANJUNG JABUNG BARAT, JAMBI",1,46,84,130
https://kawalpemilu.org#84653,"RANTAU BADAK LAMO, MUARA PAPALIK, TANJUNG JABUNG BARAT, JAMBI",2,73,78,151
https://kawalpemilu.org#84653,"RANTAU BADAK LAMO, MUARA PAPALIK, TANJUNG JABUNG BARAT, JAMBI",3,89,103,192
https://kawalpemilu.org#84653,"RANTAU BADAK LAMO, MUARA PAPALIK, TANJUNG JABUNG BARAT, JAMBI",4,67,65,132
https://kawalpemilu.org#84653,"RANTAU BADAK LAMO, MUARA PAPALIK, TANJUNG JABUNG BARAT, JAMBI",5,57,28,85
https://kawalpemilu.org#84654,"LUBUK SEBONTAN, MUARA PAPALIK, TANJUNG JABUNG BARAT, JAMBI",1,73,56,129
https://kawalpemilu.org#84654,"LUBUK SEBONTAN, MUARA PAPALIK, TANJUNG JABUNG BARAT, JAMBI",2,106,85,191
https://kawalpemilu.org#84655,"SUNGAIPAPAUH, MUARA PAPALIK, TANJUNG JABUNG BARAT, JAMBI",1,140,47,187
https://kawalpemilu.org#84655,"SUNGAIPAPAUH, MUARA PAPALIK, TANJUNG JABUNG BARAT, JAMBI",2,137,21,158
https://kawalpemilu.org#84656,"SUNGAIMULUK, MUARA PAPALIK, TANJUNG JABUNG BARAT, JAMBI",1,162,38,200
https://kawalpemilu.org#84656,"SUNGAIMULUK, MUARA PAPALIK, TANJUNG JABUNG BARAT, JAMBI",2,165,72,237
https://kawalpemilu.org#89512,"PEMATANG BALAM, MUARA PAPALIK, TANJUNG JABUNG BARAT, JAMBI",1,158,43,201
https://kawalpemilu.org#89512,"PEMATANG BALAM, MUARA PAPALIK, TANJUNG JABUNG BARAT, JAMBI",2,123,34,157
https://kawalpemilu.org#16924,"TUNGKAL V, SEBERANG KOTA, TANJUNG JABUNG BARAT, JAMBI",1,61,58,119
https://kawalpemilu.org#16924,"TUNGKAL V, SEBERANG KOTA, TANJUNG JABUNG BARAT, JAMBI",2,73,85,158
https://kawalpemilu.org#16924,"TUNGKAL V, SEBERANG KOTA, TANJUNG JABUNG BARAT, JAMBI",3,39,114,153
https://kawalpemilu.org#16924,"TUNGKAL V, SEBERANG KOTA, TANJUNG JABUNG BARAT, JAMBI",4,77,131,208
https://kawalpemilu.org#16924,"TUNGKAL V, SEBERANG KOTA, TANJUNG JABUNG BARAT, JAMBI",5,80,81,161
https://kawalpemilu.org#16925,"TUNGKAL IV DESA, SEBERANG KOTA, TANJUNG JABUNG BARAT, JAMBI",1,48,165,213
https://kawalpemilu.org#16925,"TUNGKAL IV DESA, SEBERANG KOTA, TANJUNG JABUNG BARAT, JAMBI",2,35,212,247
https://kawalpemilu.org#16925,"TUNGKAL IV DESA, SEBERANG KOTA, TANJUNG JABUNG BARAT, JAMBI",3,41,168,209
https://kawalpemilu.org#16926,"KUALA BARU, SEBERANG KOTA, TANJUNG JABUNG BARAT, JAMBI",1,53,66,119
https://kawalpemilu.org#16926,"KUALA BARU, SEBERANG KOTA, TANJUNG JABUNG BARAT, JAMBI",2,66,67,133
https://kawalpemilu.org#16926,"KUALA BARU, SEBERANG KOTA, TANJUNG JABUNG BARAT, JAMBI",3,55,95,150
https://kawalpemilu.org#16926,"KUALA BARU, SEBERANG KOTA, TANJUNG JABUNG BARAT, JAMBI",4,69,71,140
https://kawalpemilu.org#16927,"TELUKPULAI RAYA, SEBERANG KOTA, TANJUNG JABUNG BARAT, JAMBI",1,61,93,154
https://kawalpemilu.org#16927,"TELUKPULAI RAYA, SEBERANG KOTA, TANJUNG JABUNG BARAT, JAMBI",2,91,85,176
https://kawalpemilu.org#16927,"TELUKPULAI RAYA, SEBERANG KOTA, TANJUNG JABUNG BARAT, JAMBI",3,106,89,195
https://kawalpemilu.org#16927,"TELUKPULAI RAYA, SEBERANG KOTA, TANJUNG JABUNG BARAT, JAMBI",4,113,127,240
https://kawalpemilu.org#16927,"TELUKPULAI RAYA, SEBERANG KOTA, TANJUNG JABUNG BARAT, JAMBI",5,78,96,174
https://kawalpemilu.org#16927,"TELUKPULAI RAYA, SEBERANG KOTA, TANJUNG JABUNG BARAT, JAMBI",6,99,114,213
https://kawalpemilu.org#84657,"MEKAR ALAM, SEBERANG KOTA, TANJUNG JABUNG BARAT, JAMBI",1,43,190,233
https://kawalpemilu.org#84657,"MEKAR ALAM, SEBERANG KOTA, TANJUNG JABUNG BARAT, JAMBI",2,25,130,155
https://kawalpemilu.org#84657,"MEKAR ALAM, SEBERANG KOTA, TANJUNG JABUNG BARAT, JAMBI",3,55,117,172
https://kawalpemilu.org#84658,"KUALA KAHAR, SEBERANG KOTA, TANJUNG JABUNG BARAT, JAMBI",1,47,129,176
https://kawalpemilu.org#84658,"KUALA KAHAR, SEBERANG KOTA, TANJUNG JABUNG BARAT, JAMBI",2,27,93,120
https://kawalpemilu.org#84658,"KUALA KAHAR, SEBERANG KOTA, TANJUNG JABUNG BARAT, JAMBI",3,77,136,213
https://kawalpemilu.org#84659,"MUARASEBERANG, SEBERANG KOTA, TANJUNG JABUNG BARAT, JAMBI",1,101,131,232
https://kawalpemilu.org#84659,"MUARASEBERANG, SEBERANG KOTA, TANJUNG JABUNG BARAT, JAMBI",2,43,85,128
https://kawalpemilu.org#84659,"MUARASEBERANG, SEBERANG KOTA, TANJUNG JABUNG BARAT, JAMBI",3,95,64,159
https://kawalpemilu.org#89530,"HARAPAN JAYA, SEBERANG KOTA, TANJUNG JABUNG BARAT, JAMBI",1,84,142,226
https://kawalpemilu.org#89530,"HARAPAN JAYA, SEBERANG KOTA, TANJUNG JABUNG BARAT, JAMBI",2,60,115,175
https://kawalpemilu.org#89530,"HARAPAN JAYA, SEBERANG KOTA, TANJUNG JABUNG BARAT, JAMBI",3,50,145,195
https://kawalpemilu.org#89530,"HARAPAN JAYA, SEBERANG KOTA, TANJUNG JABUNG BARAT, JAMBI",4,32,115,147
https://kawalpemilu.org#16929,"BRAM ITAM KIRI, BRAM ITAM, TANJUNG JABUNG BARAT, JAMBI",1,54,158,212
https://kawalpemilu.org#16929,"BRAM ITAM KIRI, BRAM ITAM, TANJUNG JABUNG BARAT, JAMBI",2,127,108,235
https://kawalpemilu.org#16929,"BRAM ITAM KIRI, BRAM ITAM, TANJUNG JABUNG BARAT, JAMBI",3,86,145,231
https://kawalpemilu.org#16929,"BRAM ITAM KIRI, BRAM ITAM, TANJUNG JABUNG BARAT, JAMBI",4,52,196,248
https://kawalpemilu.org#16929,"BRAM ITAM KIRI, BRAM ITAM, TANJUNG JABUNG BARAT, JAMBI",5,36,111,147
https://kawalpemilu.org#16929,"BRAM ITAM KIRI, BRAM ITAM, TANJUNG JABUNG BARAT, JAMBI",6,76,147,223
https://kawalpemilu.org#16929,"BRAM ITAM KIRI, BRAM ITAM, TANJUNG JABUNG BARAT, JAMBI",7,67,145,212
https://kawalpemilu.org#16929,"BRAM ITAM KIRI, BRAM ITAM, TANJUNG JABUNG BARAT, JAMBI",8,82,128,210
https://kawalpemilu.org#16929,"BRAM ITAM KIRI, BRAM ITAM, TANJUNG JABUNG BARAT, JAMBI",9,74,167,241
https://kawalpemilu.org#16929,"BRAM ITAM KIRI, BRAM ITAM, TANJUNG JABUNG BARAT, JAMBI",10,89,72,161
https://kawalpemilu.org#16929,"BRAM ITAM KIRI, BRAM ITAM, TANJUNG JABUNG BARAT, JAMBI",11,106,20,126
https://kawalpemilu.org#16929,"BRAM ITAM KIRI, BRAM ITAM, TANJUNG JABUNG BARAT, JAMBI",12,35,92,127
https://kawalpemilu.org#16930,"BRAM ITAM KANAN, BRAM ITAM, TANJUNG JABUNG BARAT, JAMBI",1,106,100,206
https://kawalpemilu.org#16930,"BRAM ITAM KANAN, BRAM ITAM, TANJUNG JABUNG BARAT, JAMBI",2,118,90,208
https://kawalpemilu.org#16930,"BRAM ITAM KANAN, BRAM ITAM, TANJUNG JABUNG BARAT, JAMBI",3,101,91,192
https://kawalpemilu.org#16930,"BRAM ITAM KANAN, BRAM ITAM, TANJUNG JABUNG BARAT, JAMBI",4,102,117,219
https://kawalpemilu.org#16930,"BRAM ITAM KANAN, BRAM ITAM, TANJUNG JABUNG BARAT, JAMBI",5,121,14,135
https://kawalpemilu.org#16930,"BRAM ITAM KANAN, BRAM ITAM, TANJUNG JABUNG BARAT, JAMBI",6,160,64,224
https://kawalpemilu.org#16931,"TANJUNGSENJULANG, BRAM ITAM, TANJUNG JABUNG BARAT, JAMBI",1,86,156,242
https://kawalpemilu.org#16931,"TANJUNGSENJULANG, BRAM ITAM, TANJUNG JABUNG BARAT, JAMBI",2,59,127,186
https://kawalpemilu.org#16932,"PEMBENGIS, BRAM ITAM, TANJUNG JABUNG BARAT, JAMBI",1,71,132,203
https://kawalpemilu.org#16932,"PEMBENGIS, BRAM ITAM, TANJUNG JABUNG BARAT, JAMBI",2,68,115,183
https://kawalpemilu.org#16932,"PEMBENGIS, BRAM ITAM, TANJUNG JABUNG BARAT, JAMBI",3,50,134,184
https://kawalpemilu.org#16932,"PEMBENGIS, BRAM ITAM, TANJUNG JABUNG BARAT, JAMBI",4,60,148,208
https://kawalpemilu.org#16932,"PEMBENGIS, BRAM ITAM, TANJUNG JABUNG BARAT, JAMBI",5,50,143,193
https://kawalpemilu.org#16932,"PEMBENGIS, BRAM ITAM, TANJUNG JABUNG BARAT, JAMBI",6,61,102,163
https://kawalpemilu.org#16932,"PEMBENGIS, BRAM ITAM, TANJUNG JABUNG BARAT, JAMBI",7,0,0,0
https://kawalpemilu.org#16932,"PEMBENGIS, BRAM ITAM, TANJUNG JABUNG BARAT, JAMBI",8,83,85,168
https://kawalpemilu.org#16932,"PEMBENGIS, BRAM ITAM, TANJUNG JABUNG BARAT, JAMBI",9,44,163,207
https://kawalpemilu.org#16932,"PEMBENGIS, BRAM ITAM, TANJUNG JABUNG BARAT, JAMBI",10,71,138,209
https://kawalpemilu.org#84660,"BRAM ITAM RAYA, BRAM ITAM, TANJUNG JABUNG BARAT, JAMBI",1,142,95,237
https://kawalpemilu.org#84660,"BRAM ITAM RAYA, BRAM ITAM, TANJUNG JABUNG BARAT, JAMBI",2,71,120,191
https://kawalpemilu.org#84660,"BRAM ITAM RAYA, BRAM ITAM, TANJUNG JABUNG BARAT, JAMBI",3,123,70,193
https://kawalpemilu.org#84660,"BRAM ITAM RAYA, BRAM ITAM, TANJUNG JABUNG BARAT, JAMBI",4,73,125,198
https://kawalpemilu.org#84660,"BRAM ITAM RAYA, BRAM ITAM, TANJUNG JABUNG BARAT, JAMBI",5,101,69,170
https://kawalpemilu.org#84660,"BRAM ITAM RAYA, BRAM ITAM, TANJUNG JABUNG BARAT, JAMBI",6,75,43,118
https://kawalpemilu.org#84660,"BRAM ITAM RAYA, BRAM ITAM, TANJUNG JABUNG BARAT, JAMBI",7,135,74,209
https://kawalpemilu.org#84660,"BRAM ITAM RAYA, BRAM ITAM, TANJUNG JABUNG BARAT, JAMBI",8,76,95,5
https://kawalpemilu.org#84660,"BRAM ITAM RAYA, BRAM ITAM, TANJUNG JABUNG BARAT, JAMBI",9,98,55,153
https://kawalpemilu.org#84660,"BRAM ITAM RAYA, BRAM ITAM, TANJUNG JABUNG BARAT, JAMBI",10,76,34,110
https://kawalpemilu.org#84660,"BRAM ITAM RAYA, BRAM ITAM, TANJUNG JABUNG BARAT, JAMBI",11,79,60,139
https://kawalpemilu.org#84661,"PANTAIGADING, BRAM ITAM, TANJUNG JABUNG BARAT, JAMBI",1,37,105,142
https://kawalpemilu.org#84661,"PANTAIGADING, BRAM ITAM, TANJUNG JABUNG BARAT, JAMBI",2,52,79,131
https://kawalpemilu.org#84661,"PANTAIGADING, BRAM ITAM, TANJUNG JABUNG BARAT, JAMBI",3,68,42,110
https://kawalpemilu.org#84661,"PANTAIGADING, BRAM ITAM, TANJUNG JABUNG BARAT, JAMBI",4,106,59,165
https://kawalpemilu.org#84662,"JATI EMAS, BRAM ITAM, TANJUNG JABUNG BARAT, JAMBI",1,125,54,179
https://kawalpemilu.org#84662,"JATI EMAS, BRAM ITAM, TANJUNG JABUNG BARAT, JAMBI",2,128,88,216
https://kawalpemilu.org#84662,"JATI EMAS, BRAM ITAM, TANJUNG JABUNG BARAT, JAMBI",4,70,68,138
https://kawalpemilu.org#89527,"KEMUNING, BRAM ITAM, TANJUNG JABUNG BARAT, JAMBI",1,52,144,196
https://kawalpemilu.org#89527,"KEMUNING, BRAM ITAM, TANJUNG JABUNG BARAT, JAMBI",2,59,186,245
https://kawalpemilu.org#89527,"KEMUNING, BRAM ITAM, TANJUNG JABUNG BARAT, JAMBI",3,28,92,120
https://kawalpemilu.org#89528,"MEKAR TANJUNG, BRAM ITAM, TANJUNG JABUNG BARAT, JAMBI",1,32,132,164
https://kawalpemilu.org#89528,"MEKAR TANJUNG, BRAM ITAM, TANJUNG JABUNG BARAT, JAMBI",2,56,109,165
https://kawalpemilu.org#89528,"MEKAR TANJUNG, BRAM ITAM, TANJUNG JABUNG BARAT, JAMBI",3,26,152,178
https://kawalpemilu.org#89529,"SEMAU, BRAM ITAM, TANJUNG JABUNG BARAT, JAMBI",1,33,143,176
https://kawalpemilu.org#89529,"SEMAU, BRAM ITAM, TANJUNG JABUNG BARAT, JAMBI",2,56,134,190
https://kawalpemilu.org#89529,"SEMAU, BRAM ITAM, TANJUNG JABUNG BARAT, JAMBI",3,49,124,173
https://kawalpemilu.org#16934,"BETARA KIRI, KUALA BETARA, TANJUNG JABUNG BARAT, JAMBI",1,84,159,243
https://kawalpemilu.org#16934,"BETARA KIRI, KUALA BETARA, TANJUNG JABUNG BARAT, JAMBI",2,110,148,258
https://kawalpemilu.org#16934,"BETARA KIRI, KUALA BETARA, TANJUNG JABUNG BARAT, JAMBI",3,83,96,179
https://kawalpemilu.org#16934,"BETARA KIRI, KUALA BETARA, TANJUNG JABUNG BARAT, JAMBI",4,109,103,212
https://kawalpemilu.org#16934,"BETARA KIRI, KUALA BETARA, TANJUNG JABUNG BARAT, JAMBI",5,50,55,105
https://kawalpemilu.org#16935,"SUNGAIDUALAP, KUALA BETARA, TANJUNG JABUNG BARAT, JAMBI",1,148,36,184
https://kawalpemilu.org#16935,"SUNGAIDUALAP, KUALA BETARA, TANJUNG JABUNG BARAT, JAMBI",2,89,31,120
https://kawalpemilu.org#16935,"SUNGAIDUALAP, KUALA BETARA, TANJUNG JABUNG BARAT, JAMBI",3,58,56,114
https://kawalpemilu.org#16935,"SUNGAIDUALAP, KUALA BETARA, TANJUNG JABUNG BARAT, JAMBI",4,97,80,177
https://kawalpemilu.org#16935,"SUNGAIDUALAP, KUALA BETARA, TANJUNG JABUNG BARAT, JAMBI",5,93,69,162
https://kawalpemilu.org#16935,"SUNGAIDUALAP, KUALA BETARA, TANJUNG JABUNG BARAT, JAMBI",6,59,9,68
https://kawalpemilu.org#16936,"BETARA KANAN, KUALA BETARA, TANJUNG JABUNG BARAT, JAMBI",1,40,96,136
https://kawalpemilu.org#16936,"BETARA KANAN, KUALA BETARA, TANJUNG JABUNG BARAT, JAMBI",2,63,93,156
https://kawalpemilu.org#16936,"BETARA KANAN, KUALA BETARA, TANJUNG JABUNG BARAT, JAMBI",3,121,109,230
https://kawalpemilu.org#16936,"BETARA KANAN, KUALA BETARA, TANJUNG JABUNG BARAT, JAMBI",4,65,99,164
https://kawalpemilu.org#16936,"BETARA KANAN, KUALA BETARA, TANJUNG JABUNG BARAT, JAMBI",5,60,86,146
https://kawalpemilu.org#16937,"SUNGAIGEBAR, KUALA BETARA, TANJUNG JABUNG BARAT, JAMBI",1,93,75,168
https://kawalpemilu.org#16937,"SUNGAIGEBAR, KUALA BETARA, TANJUNG JABUNG BARAT, JAMBI",2,123,90,213
https://kawalpemilu.org#16937,"SUNGAIGEBAR, KUALA BETARA, TANJUNG JABUNG BARAT, JAMBI",3,85,146,231
https://kawalpemilu.org#84663,"DATARAN PINANG, KUALA BETARA, TANJUNG JABUNG BARAT, JAMBI",1,45,63,108
https://kawalpemilu.org#84663,"DATARAN PINANG, KUALA BETARA, TANJUNG JABUNG BARAT, JAMBI",2,94,87,181
https://kawalpemilu.org#84663,"DATARAN PINANG, KUALA BETARA, TANJUNG JABUNG BARAT, JAMBI",3,60,54,114
https://kawalpemilu.org#84663,"DATARAN PINANG, KUALA BETARA, TANJUNG JABUNG BARAT, JAMBI",4,69,177,246
https://kawalpemilu.org#84663,"DATARAN PINANG, KUALA BETARA, TANJUNG JABUNG BARAT, JAMBI",5,91,91,182
https://kawalpemilu.org#84664,"TANJUNGPASIR, KUALA BETARA, TANJUNG JABUNG BARAT, JAMBI",1,128,104,232
https://kawalpemilu.org#84664,"TANJUNGPASIR, KUALA BETARA, TANJUNG JABUNG BARAT, JAMBI",2,114,74,188
https://kawalpemilu.org#84664,"TANJUNGPASIR, KUALA BETARA, TANJUNG JABUNG BARAT, JAMBI",3,78,142,220
https://kawalpemilu.org#84664,"TANJUNGPASIR, KUALA BETARA, TANJUNG JABUNG BARAT, JAMBI",4,119,76,195
https://kawalpemilu.org#84664,"TANJUNGPASIR, KUALA BETARA, TANJUNG JABUNG BARAT, JAMBI",5,43,115,158
https://kawalpemilu.org#84664,"TANJUNGPASIR, KUALA BETARA, TANJUNG JABUNG BARAT, JAMBI",6,48,111,159
https://kawalpemilu.org#84665,"SUNGAIGEBAR BARAT, KUALA BETARA, TANJUNG JABUNG BARAT, JAMBI",1,89,61,150
https://kawalpemilu.org#84665,"SUNGAIGEBAR BARAT, KUALA BETARA, TANJUNG JABUNG BARAT, JAMBI",2,45,106,151
https://kawalpemilu.org#84665,"SUNGAIGEBAR BARAT, KUALA BETARA, TANJUNG JABUNG BARAT, JAMBI",3,101,139,240
https://kawalpemilu.org#84665,"SUNGAIGEBAR BARAT, KUALA BETARA, TANJUNG JABUNG BARAT, JAMBI",4,62,91,153
https://kawalpemilu.org#84666,"SUNGAIDUNGUN, KUALA BETARA, TANJUNG JABUNG BARAT, JAMBI",1,76,79,155
https://kawalpemilu.org#84666,"SUNGAIDUNGUN, KUALA BETARA, TANJUNG JABUNG BARAT, JAMBI",2,67,114,181
https://kawalpemilu.org#84666,"SUNGAIDUNGUN, KUALA BETARA, TANJUNG JABUNG BARAT, JAMBI",3,102,79,181
https://kawalpemilu.org#84666,"SUNGAIDUNGUN, KUALA BETARA, TANJUNG JABUNG BARAT, JAMBI",4,67,66,133
https://kawalpemilu.org#89535,"KUALA INDAH, KUALA BETARA, TANJUNG JABUNG BARAT, JAMBI",1,106,106,212
https://kawalpemilu.org#89535,"KUALA INDAH, KUALA BETARA, TANJUNG JABUNG BARAT, JAMBI",2,38,102,140
https://kawalpemilu.org#89535,"KUALA INDAH, KUALA BETARA, TANJUNG JABUNG BARAT, JAMBI",3,72,133,205
https://kawalpemilu.org#89536,"SUAK LABU, KUALA BETARA, TANJUNG JABUNG BARAT, JAMBI",1,88,139,227
https://kawalpemilu.org#89536,"SUAK LABU, KUALA BETARA, TANJUNG JABUNG BARAT, JAMBI",2,44,181,225
https://kawalpemilu.org#89536,"SUAK LABU, KUALA BETARA, TANJUNG JABUNG BARAT, JAMBI",3,106,51,157
https://kawalpemilu.org#89536,"SUAK LABU, KUALA BETARA, TANJUNG JABUNG BARAT, JAMBI",4,70,79,149
https://kawalpemilu.org#16939,"SENYERANG, SENYERANG, TANJUNG JABUNG BARAT, JAMBI",1,52,81,133
https://kawalpemilu.org#16939,"SENYERANG, SENYERANG, TANJUNG JABUNG BARAT, JAMBI",2,63,46,109
https://kawalpemilu.org#16939,"SENYERANG, SENYERANG, TANJUNG JABUNG BARAT, JAMBI",3,67,59,126
https://kawalpemilu.org#16939,"SENYERANG, SENYERANG, TANJUNG JABUNG BARAT, JAMBI",4,95,61,156
https://kawalpemilu.org#16939,"SENYERANG, SENYERANG, TANJUNG JABUNG BARAT, JAMBI",5,71,161,232
https://kawalpemilu.org#16939,"SENYERANG, SENYERANG, TANJUNG JABUNG BARAT, JAMBI",6,56,112,168
https://kawalpemilu.org#16939,"SENYERANG, SENYERANG, TANJUNG JABUNG BARAT, JAMBI",7,68,89,157
https://kawalpemilu.org#16939,"SENYERANG, SENYERANG, TANJUNG JABUNG BARAT, JAMBI",8,48,62,110
https://kawalpemilu.org#16939,"SENYERANG, SENYERANG, TANJUNG JABUNG BARAT, JAMBI",9,88,136,224
https://kawalpemilu.org#16939,"SENYERANG, SENYERANG, TANJUNG JABUNG BARAT, JAMBI",10,77,66,143
https://kawalpemilu.org#16939,"SENYERANG, SENYERANG, TANJUNG JABUNG BARAT, JAMBI",11,57,67,124
https://kawalpemilu.org#16939,"SENYERANG, SENYERANG, TANJUNG JABUNG BARAT, JAMBI",12,77,97,174
https://kawalpemilu.org#16939,"SENYERANG, SENYERANG, TANJUNG JABUNG BARAT, JAMBI",13,168,31,199
https://kawalpemilu.org#16939,"SENYERANG, SENYERANG, TANJUNG JABUNG BARAT, JAMBI",14,74,91,165
https://kawalpemilu.org#16939,"SENYERANG, SENYERANG, TANJUNG JABUNG BARAT, JAMBI",15,101,14,115
https://kawalpemilu.org#16939,"SENYERANG, SENYERANG, TANJUNG JABUNG BARAT, JAMBI",16,136,91,227
https://kawalpemilu.org#16939,"SENYERANG, SENYERANG, TANJUNG JABUNG BARAT, JAMBI",17,8,25,33
https://kawalpemilu.org#16940,"SUNGAIKAYU ARO, SENYERANG, TANJUNG JABUNG BARAT, JAMBI",1,66,163,229
https://kawalpemilu.org#16940,"SUNGAIKAYU ARO, SENYERANG, TANJUNG JABUNG BARAT, JAMBI",2,152,60,212
https://kawalpemilu.org#16940,"SUNGAIKAYU ARO, SENYERANG, TANJUNG JABUNG BARAT, JAMBI",3,121,96,217
https://kawalpemilu.org#16940,"SUNGAIKAYU ARO, SENYERANG, TANJUNG JABUNG BARAT, JAMBI",4,117,78,195
https://kawalpemilu.org#16940,"SUNGAIKAYU ARO, SENYERANG, TANJUNG JABUNG BARAT, JAMBI",5,34,77,111
https://kawalpemilu.org#16940,"SUNGAIKAYU ARO, SENYERANG, TANJUNG JABUNG BARAT, JAMBI",6,163,39,202
https://kawalpemilu.org#16940,"SUNGAIKAYU ARO, SENYERANG, TANJUNG JABUNG BARAT, JAMBI",7,74,42,116
https://kawalpemilu.org#16941,"TELUKKETAPANG, SENYERANG, TANJUNG JABUNG BARAT, JAMBI",1,61,141,202
https://kawalpemilu.org#16941,"TELUKKETAPANG, SENYERANG, TANJUNG JABUNG BARAT, JAMBI",2,52,124,176
https://kawalpemilu.org#16941,"TELUKKETAPANG, SENYERANG, TANJUNG JABUNG BARAT, JAMBI",3,57,156,213
https://kawalpemilu.org#16941,"TELUKKETAPANG, SENYERANG, TANJUNG JABUNG BARAT, JAMBI",4,49,114,163
https://kawalpemilu.org#16941,"TELUKKETAPANG, SENYERANG, TANJUNG JABUNG BARAT, JAMBI",5,35,93,128
https://kawalpemilu.org#16941,"TELUKKETAPANG, SENYERANG, TANJUNG JABUNG BARAT, JAMBI",6,50,77,127
https://kawalpemilu.org#16942,"SUNGAIRAMBAI, SENYERANG, TANJUNG JABUNG BARAT, JAMBI",1,91,159,250
https://kawalpemilu.org#16942,"SUNGAIRAMBAI, SENYERANG, TANJUNG JABUNG BARAT, JAMBI",2,42,107,149
https://kawalpemilu.org#16942,"SUNGAIRAMBAI, SENYERANG, TANJUNG JABUNG BARAT, JAMBI",3,55,95,150
https://kawalpemilu.org#16942,"SUNGAIRAMBAI, SENYERANG, TANJUNG JABUNG BARAT, JAMBI",4,50,169,219
https://kawalpemilu.org#16942,"SUNGAIRAMBAI, SENYERANG, TANJUNG JABUNG BARAT, JAMBI",5,65,65,130
https://kawalpemilu.org#16942,"SUNGAIRAMBAI, SENYERANG, TANJUNG JABUNG BARAT, JAMBI",6,70,75,145
https://kawalpemilu.org#16942,"SUNGAIRAMBAI, SENYERANG, TANJUNG JABUNG BARAT, JAMBI",7,176,65,241
https://kawalpemilu.org#16942,"SUNGAIRAMBAI, SENYERANG, TANJUNG JABUNG BARAT, JAMBI",8,107,115,222
https://kawalpemilu.org#16942,"SUNGAIRAMBAI, SENYERANG, TANJUNG JABUNG BARAT, JAMBI",9,103,56,159
https://kawalpemilu.org#16943,"MARGO RUKUN, SENYERANG, TANJUNG JABUNG BARAT, JAMBI",1,111,115,226
https://kawalpemilu.org#16943,"MARGO RUKUN, SENYERANG, TANJUNG JABUNG BARAT, JAMBI",2,82,76,158
https://kawalpemilu.org#16943,"MARGO RUKUN, SENYERANG, TANJUNG JABUNG BARAT, JAMBI",3,98,85,183
https://kawalpemilu.org#16943,"MARGO RUKUN, SENYERANG, TANJUNG JABUNG BARAT, JAMBI",4,66,58,124
https://kawalpemilu.org#16943,"MARGO RUKUN, SENYERANG, TANJUNG JABUNG BARAT, JAMBI",5,98,69,167
https://kawalpemilu.org#16943,"MARGO RUKUN, SENYERANG, TANJUNG JABUNG BARAT, JAMBI",6,129,105,234
https://kawalpemilu.org#16943,"MARGO RUKUN, SENYERANG, TANJUNG JABUNG BARAT, JAMBI",7,87,141,228
https://kawalpemilu.org#16943,"MARGO RUKUN, SENYERANG, TANJUNG JABUNG BARAT, JAMBI",8,129,83,212
https://kawalpemilu.org#16944,"LUMAHAN, SENYERANG, TANJUNG JABUNG BARAT, JAMBI",1,108,102,210
https://kawalpemilu.org#16944,"LUMAHAN, SENYERANG, TANJUNG JABUNG BARAT, JAMBI",2,102,129,231
https://kawalpemilu.org#16944,"LUMAHAN, SENYERANG, TANJUNG JABUNG BARAT, JAMBI",3,72,28,100
https://kawalpemilu.org#16944,"LUMAHAN, SENYERANG, TANJUNG JABUNG BARAT, JAMBI",4,81,94,175
https://kawalpemilu.org#16944,"LUMAHAN, SENYERANG, TANJUNG JABUNG BARAT, JAMBI",5,111,48,159
https://kawalpemilu.org#16944,"LUMAHAN, SENYERANG, TANJUNG JABUNG BARAT, JAMBI",6,98,93,191
https://kawalpemilu.org#16945,"KEMPAS JAYA, SENYERANG, TANJUNG JABUNG BARAT, JAMBI",1,108,111,219
https://kawalpemilu.org#16945,"KEMPAS JAYA, SENYERANG, TANJUNG JABUNG BARAT, JAMBI",2,90,37,127
https://kawalpemilu.org#16945,"KEMPAS JAYA, SENYERANG, TANJUNG JABUNG BARAT, JAMBI",3,54,36,90
https://kawalpemilu.org#16945,"KEMPAS JAYA, SENYERANG, TANJUNG JABUNG BARAT, JAMBI",4,70,141,211
https://kawalpemilu.org#16945,"KEMPAS JAYA, SENYERANG, TANJUNG JABUNG BARAT, JAMBI",5,152,45,197
https://kawalpemilu.org#16945,"KEMPAS JAYA, SENYERANG, TANJUNG JABUNG BARAT, JAMBI",7,35,135,170
https://kawalpemilu.org#16945,"KEMPAS JAYA, SENYERANG, TANJUNG JABUNG BARAT, JAMBI",8,45,80,125
https://kawalpemilu.org#16945,"KEMPAS JAYA, SENYERANG, TANJUNG JABUNG BARAT, JAMBI",9,98,129,227
https://kawalpemilu.org#16945,"KEMPAS JAYA, SENYERANG, TANJUNG JABUNG BARAT, JAMBI",10,99,39,138
https://kawalpemilu.org#16945,"KEMPAS JAYA, SENYERANG, TANJUNG JABUNG BARAT, JAMBI",11,60,81,141
https://kawalpemilu.org#16945,"KEMPAS JAYA, SENYERANG, TANJUNG JABUNG BARAT, JAMBI",12,136,91,227
https://kawalpemilu.org#84667,"SUNGAILANDAK, SENYERANG, TANJUNG JABUNG BARAT, JAMBI",1,107,47,154
https://kawalpemilu.org#84667,"SUNGAILANDAK, SENYERANG, TANJUNG JABUNG BARAT, JAMBI",2,115,89,204
https://kawalpemilu.org#84667,"SUNGAILANDAK, SENYERANG, TANJUNG JABUNG BARAT, JAMBI",3,184,26,210
https://kawalpemilu.org#84667,"SUNGAILANDAK, SENYERANG, TANJUNG JABUNG BARAT, JAMBI",4,96,83,14
https://kawalpemilu.org#84667,"SUNGAILANDAK, SENYERANG, TANJUNG JABUNG BARAT, JAMBI",5,86,61,147
https://kawalpemilu.org#84667,"SUNGAILANDAK, SENYERANG, TANJUNG JABUNG BARAT, JAMBI",6,118,16,134
https://kawalpemilu.org#84667,"SUNGAILANDAK, SENYERANG, TANJUNG JABUNG BARAT, JAMBI",7,148,59,207
https://kawalpemilu.org#84667,"SUNGAILANDAK, SENYERANG, TANJUNG JABUNG BARAT, JAMBI",8,148,37,185
https://kawalpemilu.org#84668,"SUNGSANG, SENYERANG, TANJUNG JABUNG BARAT, JAMBI",1,106,141,247
https://kawalpemilu.org#84668,"SUNGSANG, SENYERANG, TANJUNG JABUNG BARAT, JAMBI",2,93,143,236
https://kawalpemilu.org#84668,"SUNGSANG, SENYERANG, TANJUNG JABUNG BARAT, JAMBI",3,122,102,224
https://kawalpemilu.org#84668,"SUNGSANG, SENYERANG, TANJUNG JABUNG BARAT, JAMBI",4,101,94,195
https://kawalpemilu.org#84668,"SUNGSANG, SENYERANG, TANJUNG JABUNG BARAT, JAMBI",5,56,43,99
https://kawalpemilu.org#84669,"SUNGAIKEPAYANG, SENYERANG, TANJUNG JABUNG BARAT, JAMBI",1,39,85,124
https://kawalpemilu.org#84669,"SUNGAIKEPAYANG, SENYERANG, TANJUNG JABUNG BARAT, JAMBI",2,44,82,126
https://kawalpemilu.org#84669,"SUNGAIKEPAYANG, SENYERANG, TANJUNG JABUNG BARAT, JAMBI",3,37,138,175
https://kawalpemilu.org#84669,"SUNGAIKEPAYANG, SENYERANG, TANJUNG JABUNG BARAT, JAMBI",4,61,63,124
https://kawalpemilu.org#84669,"SUNGAIKEPAYANG, SENYERANG, TANJUNG JABUNG BARAT, JAMBI",5,124,88,212
https://kawalpemilu.org#16948,"MUARA SABAK ILIR, MUARA SABAK TIMUR, TANJUNG JABUNG TIMUR, JAMBI",1,72,147,219
https://kawalpemilu.org#16948,"MUARA SABAK ILIR, MUARA SABAK TIMUR, TANJUNG JABUNG TIMUR, JAMBI",2,64,97,161
https://kawalpemilu.org#16948,"MUARA SABAK ILIR, MUARA SABAK TIMUR, TANJUNG JABUNG TIMUR, JAMBI",3,83,152,235
https://kawalpemilu.org#16948,"MUARA SABAK ILIR, MUARA SABAK TIMUR, TANJUNG JABUNG TIMUR, JAMBI",4,113,130,243
https://kawalpemilu.org#16948,"MUARA SABAK ILIR, MUARA SABAK TIMUR, TANJUNG JABUNG TIMUR, JAMBI",5,106,119,225
https://kawalpemilu.org#16948,"MUARA SABAK ILIR, MUARA SABAK TIMUR, TANJUNG JABUNG TIMUR, JAMBI",6,106,108,214
https://kawalpemilu.org#16948,"MUARA SABAK ILIR, MUARA SABAK TIMUR, TANJUNG JABUNG TIMUR, JAMBI",7,141,95,236
https://kawalpemilu.org#16948,"MUARA SABAK ILIR, MUARA SABAK TIMUR, TANJUNG JABUNG TIMUR, JAMBI",8,129,65,194
https://kawalpemilu.org#16948,"MUARA SABAK ILIR, MUARA SABAK TIMUR, TANJUNG JABUNG TIMUR, JAMBI",9,35,68,103
https://kawalpemilu.org#16948,"MUARA SABAK ILIR, MUARA SABAK TIMUR, TANJUNG JABUNG TIMUR, JAMBI",10,54,99,153
https://kawalpemilu.org#16948,"MUARA SABAK ILIR, MUARA SABAK TIMUR, TANJUNG JABUNG TIMUR, JAMBI",11,88,142,230
https://kawalpemilu.org#16949,"MUARA SABAK ULU, MUARA SABAK TIMUR, TANJUNG JABUNG TIMUR, JAMBI",1,100,114,214
https://kawalpemilu.org#16949,"MUARA SABAK ULU, MUARA SABAK TIMUR, TANJUNG JABUNG TIMUR, JAMBI",2,68,100,168
https://kawalpemilu.org#16949,"MUARA SABAK ULU, MUARA SABAK TIMUR, TANJUNG JABUNG TIMUR, JAMBI",3,79,117,196
https://kawalpemilu.org#16949,"MUARA SABAK ULU, MUARA SABAK TIMUR, TANJUNG JABUNG TIMUR, JAMBI",4,111,110,221
https://kawalpemilu.org#16949,"MUARA SABAK ULU, MUARA SABAK TIMUR, TANJUNG JABUNG TIMUR, JAMBI",5,93,80,173
https://kawalpemilu.org#16949,"MUARA SABAK ULU, MUARA SABAK TIMUR, TANJUNG JABUNG TIMUR, JAMBI",6,59,95,154
https://kawalpemilu.org#16949,"MUARA SABAK ULU, MUARA SABAK TIMUR, TANJUNG JABUNG TIMUR, JAMBI",7,104,118,222
https://kawalpemilu.org#16949,"MUARA SABAK ULU, MUARA SABAK TIMUR, TANJUNG JABUNG TIMUR, JAMBI",8,130,122,252
https://kawalpemilu.org#16949,"MUARA SABAK ULU, MUARA SABAK TIMUR, TANJUNG JABUNG TIMUR, JAMBI",9,54,148,202
https://kawalpemilu.org#16949,"MUARA SABAK ULU, MUARA SABAK TIMUR, TANJUNG JABUNG TIMUR, JAMBI",10,46,60,106
https://kawalpemilu.org#16949,"MUARA SABAK ULU, MUARA SABAK TIMUR, TANJUNG JABUNG TIMUR, JAMBI",11,78,72,150
https://kawalpemilu.org#16949,"MUARA SABAK ULU, MUARA SABAK TIMUR, TANJUNG JABUNG TIMUR, JAMBI",12,33,67,100
https://kawalpemilu.org#16950,"ALANG-ALANG, MUARA SABAK TIMUR, TANJUNG JABUNG TIMUR, JAMBI",1,49,111,160
https://kawalpemilu.org#16950,"ALANG-ALANG, MUARA SABAK TIMUR, TANJUNG JABUNG TIMUR, JAMBI",2,57,99,156
https://kawalpemilu.org#16950,"ALANG-ALANG, MUARA SABAK TIMUR, TANJUNG JABUNG TIMUR, JAMBI",3,101,73,174
https://kawalpemilu.org#16950,"ALANG-ALANG, MUARA SABAK TIMUR, TANJUNG JABUNG TIMUR, JAMBI",4,63,135,198
https://kawalpemilu.org#16950,"ALANG-ALANG, MUARA SABAK TIMUR, TANJUNG JABUNG TIMUR, JAMBI",5,68,77,145
https://kawalpemilu.org#16951,"LAMBUR, MUARA SABAK TIMUR, TANJUNG JABUNG TIMUR, JAMBI",1,152,75,227
https://kawalpemilu.org#16951,"LAMBUR, MUARA SABAK TIMUR, TANJUNG JABUNG TIMUR, JAMBI",2,144,80,224
https://kawalpemilu.org#16951,"LAMBUR, MUARA SABAK TIMUR, TANJUNG JABUNG TIMUR, JAMBI",3,124,97,221
https://kawalpemilu.org#16951,"LAMBUR, MUARA SABAK TIMUR, TANJUNG JABUNG TIMUR, JAMBI",4,102,66,168
https://kawalpemilu.org#16951,"LAMBUR, MUARA SABAK TIMUR, TANJUNG JABUNG TIMUR, JAMBI",5,129,107,236
https://kawalpemilu.org#16951,"LAMBUR, MUARA SABAK TIMUR, TANJUNG JABUNG TIMUR, JAMBI",6,74,105,179
https://kawalpemilu.org#16951,"LAMBUR, MUARA SABAK TIMUR, TANJUNG JABUNG TIMUR, JAMBI",7,76,98,174
https://kawalpemilu.org#16951,"LAMBUR, MUARA SABAK TIMUR, TANJUNG JABUNG TIMUR, JAMBI",8,138,102,240
https://kawalpemilu.org#16951,"LAMBUR, MUARA SABAK TIMUR, TANJUNG JABUNG TIMUR, JAMBI",9,83,93,176
https://kawalpemilu.org#16951,"LAMBUR, MUARA SABAK TIMUR, TANJUNG JABUNG TIMUR, JAMBI",10,66,75,141
https://kawalpemilu.org#16951,"LAMBUR, MUARA SABAK TIMUR, TANJUNG JABUNG TIMUR, JAMBI",11,63,75,138
https://kawalpemilu.org#16951,"LAMBUR, MUARA SABAK TIMUR, TANJUNG JABUNG TIMUR, JAMBI",12,60,58,118
https://kawalpemilu.org#16951,"LAMBUR, MUARA SABAK TIMUR, TANJUNG JABUNG TIMUR, JAMBI",13,124,75,199
https://kawalpemilu.org#16951,"LAMBUR, MUARA SABAK TIMUR, TANJUNG JABUNG TIMUR, JAMBI",14,61,66,127
https://kawalpemilu.org#16951,"LAMBUR, MUARA SABAK TIMUR, TANJUNG JABUNG TIMUR, JAMBI",15,43,31,74
https://kawalpemilu.org#16951,"LAMBUR, MUARA SABAK TIMUR, TANJUNG JABUNG TIMUR, JAMBI",16,93,29,122
https://kawalpemilu.org#16951,"LAMBUR, MUARA SABAK TIMUR, TANJUNG JABUNG TIMUR, JAMBI",17,0,11,11
https://kawalpemilu.org#16952,"SIMBUR NAIK, MUARA SABAK TIMUR, TANJUNG JABUNG TIMUR, JAMBI",1,33,87,120
https://kawalpemilu.org#16952,"SIMBUR NAIK, MUARA SABAK TIMUR, TANJUNG JABUNG TIMUR, JAMBI",2,66,120,186
https://kawalpemilu.org#16952,"SIMBUR NAIK, MUARA SABAK TIMUR, TANJUNG JABUNG TIMUR, JAMBI",3,89,134,223
https://kawalpemilu.org#16952,"SIMBUR NAIK, MUARA SABAK TIMUR, TANJUNG JABUNG TIMUR, JAMBI",4,48,98,146
https://kawalpemilu.org#16952,"SIMBUR NAIK, MUARA SABAK TIMUR, TANJUNG JABUNG TIMUR, JAMBI",5,34,60,94
https://kawalpemilu.org#16952,"SIMBUR NAIK, MUARA SABAK TIMUR, TANJUNG JABUNG TIMUR, JAMBI",6,61,135,196
https://kawalpemilu.org#16952,"SIMBUR NAIK, MUARA SABAK TIMUR, TANJUNG JABUNG TIMUR, JAMBI",7,72,137,209
https://kawalpemilu.org#16952,"SIMBUR NAIK, MUARA SABAK TIMUR, TANJUNG JABUNG TIMUR, JAMBI",8,26,91,117
https://kawalpemilu.org#16952,"SIMBUR NAIK, MUARA SABAK TIMUR, TANJUNG JABUNG TIMUR, JAMBI",9,46,119,165
https://kawalpemilu.org#16952,"SIMBUR NAIK, MUARA SABAK TIMUR, TANJUNG JABUNG TIMUR, JAMBI",10,47,84,131
https://kawalpemilu.org#16952,"SIMBUR NAIK, MUARA SABAK TIMUR, TANJUNG JABUNG TIMUR, JAMBI",11,57,140,197
https://kawalpemilu.org#16952,"SIMBUR NAIK, MUARA SABAK TIMUR, TANJUNG JABUNG TIMUR, JAMBI",12,37,60,97
https://kawalpemilu.org#16952,"SIMBUR NAIK, MUARA SABAK TIMUR, TANJUNG JABUNG TIMUR, JAMBI",13,85,41,126
https://kawalpemilu.org#16952,"SIMBUR NAIK, MUARA SABAK TIMUR, TANJUNG JABUNG TIMUR, JAMBI",14,23,56,79
https://kawalpemilu.org#16952,"SIMBUR NAIK, MUARA SABAK TIMUR, TANJUNG JABUNG TIMUR, JAMBI",15,55,123,178
https://kawalpemilu.org#16952,"SIMBUR NAIK, MUARA SABAK TIMUR, TANJUNG JABUNG TIMUR, JAMBI",16,36,82,118
https://kawalpemilu.org#16952,"SIMBUR NAIK, MUARA SABAK TIMUR, TANJUNG JABUNG TIMUR, JAMBI",17,40,41,81
https://kawalpemilu.org#16952,"SIMBUR NAIK, MUARA SABAK TIMUR, TANJUNG JABUNG TIMUR, JAMBI",18,14,49,63
https://kawalpemilu.org#16953,"LAMBUR I, MUARA SABAK TIMUR, TANJUNG JABUNG TIMUR, JAMBI",1,153,104,257
https://kawalpemilu.org#16953,"LAMBUR I, MUARA SABAK TIMUR, TANJUNG JABUNG TIMUR, JAMBI",2,160,84,244
https://kawalpemilu.org#16953,"LAMBUR I, MUARA SABAK TIMUR, TANJUNG JABUNG TIMUR, JAMBI",3,128,119,247
https://kawalpemilu.org#16953,"LAMBUR I, MUARA SABAK TIMUR, TANJUNG JABUNG TIMUR, JAMBI",4,122,129,251
https://kawalpemilu.org#16953,"LAMBUR I, MUARA SABAK TIMUR, TANJUNG JABUNG TIMUR, JAMBI",5,153,81,234
https://kawalpemilu.org#16953,"LAMBUR I, MUARA SABAK TIMUR, TANJUNG JABUNG TIMUR, JAMBI",6,159,56,215
https://kawalpemilu.org#16953,"LAMBUR I, MUARA SABAK TIMUR, TANJUNG JABUNG TIMUR, JAMBI",7,137,52,189
https://kawalpemilu.org#16953,"LAMBUR I, MUARA SABAK TIMUR, TANJUNG JABUNG TIMUR, JAMBI",8,95,61,156
https://kawalpemilu.org#16953,"LAMBUR I, MUARA SABAK TIMUR, TANJUNG JABUNG TIMUR, JAMBI",9,118,100,218
https://kawalpemilu.org#16954,"LAMBUR II, MUARA SABAK TIMUR, TANJUNG JABUNG TIMUR, JAMBI",1,214,48,262
https://kawalpemilu.org#16954,"LAMBUR II, MUARA SABAK TIMUR, TANJUNG JABUNG TIMUR, JAMBI",2,173,46,219
https://kawalpemilu.org#16954,"LAMBUR II, MUARA SABAK TIMUR, TANJUNG JABUNG TIMUR, JAMBI",3,201,38,239
https://kawalpemilu.org#16954,"LAMBUR II, MUARA SABAK TIMUR, TANJUNG JABUNG TIMUR, JAMBI",4,143,95,238
https://kawalpemilu.org#16954,"LAMBUR II, MUARA SABAK TIMUR, TANJUNG JABUNG TIMUR, JAMBI",5,168,83,251
https://kawalpemilu.org#16954,"LAMBUR II, MUARA SABAK TIMUR, TANJUNG JABUNG TIMUR, JAMBI",6,173,69,242
https://kawalpemilu.org#16954,"LAMBUR II, MUARA SABAK TIMUR, TANJUNG JABUNG TIMUR, JAMBI",7,200,36,236
https://kawalpemilu.org#16954,"LAMBUR II, MUARA SABAK TIMUR, TANJUNG JABUNG TIMUR, JAMBI",8,110,143,253
https://kawalpemilu.org#16954,"LAMBUR II, MUARA SABAK TIMUR, TANJUNG JABUNG TIMUR, JAMBI",9,150,69,219
https://kawalpemilu.org#16954,"LAMBUR II, MUARA SABAK TIMUR, TANJUNG JABUNG TIMUR, JAMBI",10,37,66,103
https://kawalpemilu.org#16954,"LAMBUR II, MUARA SABAK TIMUR, TANJUNG JABUNG TIMUR, JAMBI",11,24,32,56
https://kawalpemilu.org#16954,"LAMBUR II, MUARA SABAK TIMUR, TANJUNG JABUNG TIMUR, JAMBI",12,152,25,177
https://kawalpemilu.org#16954,"LAMBUR II, MUARA SABAK TIMUR, TANJUNG JABUNG TIMUR, JAMBI",13,80,79,159
https://kawalpemilu.org#16954,"LAMBUR II, MUARA SABAK TIMUR, TANJUNG JABUNG TIMUR, JAMBI",14,137,29,166
https://kawalpemilu.org#16955,"KOTA RAJA, MUARA SABAK TIMUR, TANJUNG JABUNG TIMUR, JAMBI",1,60,61,121
https://kawalpemilu.org#16955,"KOTA RAJA, MUARA SABAK TIMUR, TANJUNG JABUNG TIMUR, JAMBI",2,154,89,243
https://kawalpemilu.org#16955,"KOTA RAJA, MUARA SABAK TIMUR, TANJUNG JABUNG TIMUR, JAMBI",3,131,104,235
https://kawalpemilu.org#16955,"KOTA RAJA, MUARA SABAK TIMUR, TANJUNG JABUNG TIMUR, JAMBI",4,84,139,223
https://kawalpemilu.org#16955,"KOTA RAJA, MUARA SABAK TIMUR, TANJUNG JABUNG TIMUR, JAMBI",5,120,96,216
https://kawalpemilu.org#16955,"KOTA RAJA, MUARA SABAK TIMUR, TANJUNG JABUNG TIMUR, JAMBI",6,33,28,61
https://kawalpemilu.org#16956,"SIAU DALAM, MUARA SABAK TIMUR, TANJUNG JABUNG TIMUR, JAMBI",1,149,73,222
https://kawalpemilu.org#16956,"SIAU DALAM, MUARA SABAK TIMUR, TANJUNG JABUNG TIMUR, JAMBI",2,143,89,232
https://kawalpemilu.org#16956,"SIAU DALAM, MUARA SABAK TIMUR, TANJUNG JABUNG TIMUR, JAMBI",3,68,13,81
https://kawalpemilu.org#16956,"SIAU DALAM, MUARA SABAK TIMUR, TANJUNG JABUNG TIMUR, JAMBI",4,101,141,242
https://kawalpemilu.org#16956,"SIAU DALAM, MUARA SABAK TIMUR, TANJUNG JABUNG TIMUR, JAMBI",5,137,86,223
https://kawalpemilu.org#16956,"SIAU DALAM, MUARA SABAK TIMUR, TANJUNG JABUNG TIMUR, JAMBI",6,83,50,133
https://kawalpemilu.org#16956,"SIAU DALAM, MUARA SABAK TIMUR, TANJUNG JABUNG TIMUR, JAMBI",7,160,87,247
https://kawalpemilu.org#16956,"SIAU DALAM, MUARA SABAK TIMUR, TANJUNG JABUNG TIMUR, JAMBI",8,138,58,196
https://kawalpemilu.org#16957,"SUNGAIULAR, MUARA SABAK TIMUR, TANJUNG JABUNG TIMUR, JAMBI",1,70,34,104
https://kawalpemilu.org#16957,"SUNGAIULAR, MUARA SABAK TIMUR, TANJUNG JABUNG TIMUR, JAMBI",2,62,52,114
https://kawalpemilu.org#16957,"SUNGAIULAR, MUARA SABAK TIMUR, TANJUNG JABUNG TIMUR, JAMBI",3,51,43,94
https://kawalpemilu.org#16958,"KOTA HARAPAN, MUARA SABAK TIMUR, TANJUNG JABUNG TIMUR, JAMBI",1,82,43,125
https://kawalpemilu.org#16958,"KOTA HARAPAN, MUARA SABAK TIMUR, TANJUNG JABUNG TIMUR, JAMBI",2,72,63,135
https://kawalpemilu.org#16958,"KOTA HARAPAN, MUARA SABAK TIMUR, TANJUNG JABUNG TIMUR, JAMBI",3,57,32,89
https://kawalpemilu.org#16958,"KOTA HARAPAN, MUARA SABAK TIMUR, TANJUNG JABUNG TIMUR, JAMBI",4,81,69,150
https://kawalpemilu.org#16958,"KOTA HARAPAN, MUARA SABAK TIMUR, TANJUNG JABUNG TIMUR, JAMBI",5,71,92,163
https://kawalpemilu.org#16958,"KOTA HARAPAN, MUARA SABAK TIMUR, TANJUNG JABUNG TIMUR, JAMBI",6,62,123,185
https://kawalpemilu.org#16958,"KOTA HARAPAN, MUARA SABAK TIMUR, TANJUNG JABUNG TIMUR, JAMBI",7,68,71,139
https://kawalpemilu.org#16958,"KOTA HARAPAN, MUARA SABAK TIMUR, TANJUNG JABUNG TIMUR, JAMBI",8,21,23,44
https://kawalpemilu.org#16958,"KOTA HARAPAN, MUARA SABAK TIMUR, TANJUNG JABUNG TIMUR, JAMBI",9,24,22,46
https://kawalpemilu.org#16959,"KUALA SIMBUR, MUARA SABAK TIMUR, TANJUNG JABUNG TIMUR, JAMBI",1,55,123,178
https://kawalpemilu.org#16959,"KUALA SIMBUR, MUARA SABAK TIMUR, TANJUNG JABUNG TIMUR, JAMBI",2,57,72,129
https://kawalpemilu.org#16959,"KUALA SIMBUR, MUARA SABAK TIMUR, TANJUNG JABUNG TIMUR, JAMBI",3,144,21,165
https://kawalpemilu.org#16959,"KUALA SIMBUR, MUARA SABAK TIMUR, TANJUNG JABUNG TIMUR, JAMBI",4,67,47,114
https://kawalpemilu.org#16961,"NIPAH PANJANG I, NIPAH PANJANG, TANJUNG JABUNG TIMUR, JAMBI",1,76,76,152
https://kawalpemilu.org#16961,"NIPAH PANJANG I, NIPAH PANJANG, TANJUNG JABUNG TIMUR, JAMBI",2,60,177,237
https://kawalpemilu.org#16961,"NIPAH PANJANG I, NIPAH PANJANG, TANJUNG JABUNG TIMUR, JAMBI",3,98,98,196
https://kawalpemilu.org#16961,"NIPAH PANJANG I, NIPAH PANJANG, TANJUNG JABUNG TIMUR, JAMBI",4,67,115,182
https://kawalpemilu.org#16961,"NIPAH PANJANG I, NIPAH PANJANG, TANJUNG JABUNG TIMUR, JAMBI",5,47,174,221
https://kawalpemilu.org#16961,"NIPAH PANJANG I, NIPAH PANJANG, TANJUNG JABUNG TIMUR, JAMBI",6,85,140,225
https://kawalpemilu.org#16961,"NIPAH PANJANG I, NIPAH PANJANG, TANJUNG JABUNG TIMUR, JAMBI",7,95,117,212
https://kawalpemilu.org#16961,"NIPAH PANJANG I, NIPAH PANJANG, TANJUNG JABUNG TIMUR, JAMBI",8,42,152,194
https://kawalpemilu.org#16961,"NIPAH PANJANG I, NIPAH PANJANG, TANJUNG JABUNG TIMUR, JAMBI",9,78,124,202
https://kawalpemilu.org#16961,"NIPAH PANJANG I, NIPAH PANJANG, TANJUNG JABUNG TIMUR, JAMBI",10,76,127,203
https://kawalpemilu.org#16961,"NIPAH PANJANG I, NIPAH PANJANG, TANJUNG JABUNG TIMUR, JAMBI",11,67,90,157
https://kawalpemilu.org#16961,"NIPAH PANJANG I, NIPAH PANJANG, TANJUNG JABUNG TIMUR, JAMBI",12,36,150,186
https://kawalpemilu.org#16961,"NIPAH PANJANG I, NIPAH PANJANG, TANJUNG JABUNG TIMUR, JAMBI",13,45,176,221
https://kawalpemilu.org#16961,"NIPAH PANJANG I, NIPAH PANJANG, TANJUNG JABUNG TIMUR, JAMBI",14,61,82,143
https://kawalpemilu.org#16961,"NIPAH PANJANG I, NIPAH PANJANG, TANJUNG JABUNG TIMUR, JAMBI",15,55,20,75
https://kawalpemilu.org#16961,"NIPAH PANJANG I, NIPAH PANJANG, TANJUNG JABUNG TIMUR, JAMBI",16,50,68,118
https://kawalpemilu.org#16961,"NIPAH PANJANG I, NIPAH PANJANG, TANJUNG JABUNG TIMUR, JAMBI",17,39,128,167
https://kawalpemilu.org#16961,"NIPAH PANJANG I, NIPAH PANJANG, TANJUNG JABUNG TIMUR, JAMBI",18,55,84,139
https://kawalpemilu.org#16961,"NIPAH PANJANG I, NIPAH PANJANG, TANJUNG JABUNG TIMUR, JAMBI",19,35,89,124
https://kawalpemilu.org#16961,"NIPAH PANJANG I, NIPAH PANJANG, TANJUNG JABUNG TIMUR, JAMBI",20,30,82,112
https://kawalpemilu.org#16961,"NIPAH PANJANG I, NIPAH PANJANG, TANJUNG JABUNG TIMUR, JAMBI",21,77,161,238
https://kawalpemilu.org#16961,"NIPAH PANJANG I, NIPAH PANJANG, TANJUNG JABUNG TIMUR, JAMBI",22,57,138,195
https://kawalpemilu.org#16962,"NIPAH PANJANG II, NIPAH PANJANG, TANJUNG JABUNG TIMUR, JAMBI",1,127,119,246
https://kawalpemilu.org#16962,"NIPAH PANJANG II, NIPAH PANJANG, TANJUNG JABUNG TIMUR, JAMBI",2,91,135,226
https://kawalpemilu.org#16962,"NIPAH PANJANG II, NIPAH PANJANG, TANJUNG JABUNG TIMUR, JAMBI",3,47,88,135
https://kawalpemilu.org#16962,"NIPAH PANJANG II, NIPAH PANJANG, TANJUNG JABUNG TIMUR, JAMBI",4,71,154,225
https://kawalpemilu.org#16962,"NIPAH PANJANG II, NIPAH PANJANG, TANJUNG JABUNG TIMUR, JAMBI",5,83,134,217
https://kawalpemilu.org#16962,"NIPAH PANJANG II, NIPAH PANJANG, TANJUNG JABUNG TIMUR, JAMBI",6,33,78,111
https://kawalpemilu.org#16962,"NIPAH PANJANG II, NIPAH PANJANG, TANJUNG JABUNG TIMUR, JAMBI",7,44,133,177
https://kawalpemilu.org#16962,"NIPAH PANJANG II, NIPAH PANJANG, TANJUNG JABUNG TIMUR, JAMBI",8,63,179,242
https://kawalpemilu.org#16962,"NIPAH PANJANG II, NIPAH PANJANG, TANJUNG JABUNG TIMUR, JAMBI",9,73,135,208
https://kawalpemilu.org#16962,"NIPAH PANJANG II, NIPAH PANJANG, TANJUNG JABUNG TIMUR, JAMBI",10,58,146,204
https://kawalpemilu.org#16962,"NIPAH PANJANG II, NIPAH PANJANG, TANJUNG JABUNG TIMUR, JAMBI",11,50,109,159
https://kawalpemilu.org#16962,"NIPAH PANJANG II, NIPAH PANJANG, TANJUNG JABUNG TIMUR, JAMBI",12,79,106,185
https://kawalpemilu.org#16962,"NIPAH PANJANG II, NIPAH PANJANG, TANJUNG JABUNG TIMUR, JAMBI",13,67,155,222
https://kawalpemilu.org#16962,"NIPAH PANJANG II, NIPAH PANJANG, TANJUNG JABUNG TIMUR, JAMBI",14,60,100,160
https://kawalpemilu.org#16962,"NIPAH PANJANG II, NIPAH PANJANG, TANJUNG JABUNG TIMUR, JAMBI",15,79,117,196
https://kawalpemilu.org#16962,"NIPAH PANJANG II, NIPAH PANJANG, TANJUNG JABUNG TIMUR, JAMBI",16,100,134,234
https://kawalpemilu.org#16962,"NIPAH PANJANG II, NIPAH PANJANG, TANJUNG JABUNG TIMUR, JAMBI",17,84,95,179
https://kawalpemilu.org#16962,"NIPAH PANJANG II, NIPAH PANJANG, TANJUNG JABUNG TIMUR, JAMBI",18,74,146,220
https://kawalpemilu.org#16962,"NIPAH PANJANG II, NIPAH PANJANG, TANJUNG JABUNG TIMUR, JAMBI",19,73,138,211
https://kawalpemilu.org#16962,"NIPAH PANJANG II, NIPAH PANJANG, TANJUNG JABUNG TIMUR, JAMBI",20,123,114,237
https://kawalpemilu.org#16962,"NIPAH PANJANG II, NIPAH PANJANG, TANJUNG JABUNG TIMUR, JAMBI",21,70,135,205
https://kawalpemilu.org#16962,"NIPAH PANJANG II, NIPAH PANJANG, TANJUNG JABUNG TIMUR, JAMBI",22,53,131,184
https://kawalpemilu.org#16962,"NIPAH PANJANG II, NIPAH PANJANG, TANJUNG JABUNG TIMUR, JAMBI",23,109,52,161
https://kawalpemilu.org#16962,"NIPAH PANJANG II, NIPAH PANJANG, TANJUNG JABUNG TIMUR, JAMBI",24,58,103,161
https://kawalpemilu.org#16962,"NIPAH PANJANG II, NIPAH PANJANG, TANJUNG JABUNG TIMUR, JAMBI",25,79,83,162
https://kawalpemilu.org#16962,"NIPAH PANJANG II, NIPAH PANJANG, TANJUNG JABUNG TIMUR, JAMBI",26,74,157,231
https://kawalpemilu.org#16963,"SIMPANG JELITA, NIPAH PANJANG, TANJUNG JABUNG TIMUR, JAMBI",1,76,102,178
https://kawalpemilu.org#16963,"SIMPANG JELITA, NIPAH PANJANG, TANJUNG JABUNG TIMUR, JAMBI",2,55,61,116
https://kawalpemilu.org#16963,"SIMPANG JELITA, NIPAH PANJANG, TANJUNG JABUNG TIMUR, JAMBI",3,56,50,106
https://kawalpemilu.org#16964,"SIMPANG DATUK, NIPAH PANJANG, TANJUNG JABUNG TIMUR, JAMBI",1,77,92,169
https://kawalpemilu.org#16964,"SIMPANG DATUK, NIPAH PANJANG, TANJUNG JABUNG TIMUR, JAMBI",2,95,123,218
https://kawalpemilu.org#16964,"SIMPANG DATUK, NIPAH PANJANG, TANJUNG JABUNG TIMUR, JAMBI",3,86,174,260
https://kawalpemilu.org#16964,"SIMPANG DATUK, NIPAH PANJANG, TANJUNG JABUNG TIMUR, JAMBI",4,20,103,123
https://kawalpemilu.org#16965,"TELUK KIJING, NIPAH PANJANG, TANJUNG JABUNG TIMUR, JAMBI",1,139,98,237
https://kawalpemilu.org#16965,"TELUK KIJING, NIPAH PANJANG, TANJUNG JABUNG TIMUR, JAMBI",2,164,75,239
https://kawalpemilu.org#16965,"TELUK KIJING, NIPAH PANJANG, TANJUNG JABUNG TIMUR, JAMBI",3,118,78,196
https://kawalpemilu.org#16965,"TELUK KIJING, NIPAH PANJANG, TANJUNG JABUNG TIMUR, JAMBI",4,40,13,53
https://kawalpemilu.org#16966,"SUNGAI RAYA, NIPAH PANJANG, TANJUNG JABUNG TIMUR, JAMBI",1,92,110,202
https://kawalpemilu.org#16966,"SUNGAI RAYA, NIPAH PANJANG, TANJUNG JABUNG TIMUR, JAMBI",2,87,105,192
https://kawalpemilu.org#16966,"SUNGAI RAYA, NIPAH PANJANG, TANJUNG JABUNG TIMUR, JAMBI",3,97,85,182
https://kawalpemilu.org#16966,"SUNGAI RAYA, NIPAH PANJANG, TANJUNG JABUNG TIMUR, JAMBI",4,59,38,97
https://kawalpemilu.org#16966,"SUNGAI RAYA, NIPAH PANJANG, TANJUNG JABUNG TIMUR, JAMBI",5,52,30,82
https://kawalpemilu.org#16967,"PEMUSIRAN, NIPAH PANJANG, TANJUNG JABUNG TIMUR, JAMBI",1,125,72,197
https://kawalpemilu.org#16967,"PEMUSIRAN, NIPAH PANJANG, TANJUNG JABUNG TIMUR, JAMBI",2,71,100,171
https://kawalpemilu.org#16967,"PEMUSIRAN, NIPAH PANJANG, TANJUNG JABUNG TIMUR, JAMBI",3,88,106,194
https://kawalpemilu.org#16967,"PEMUSIRAN, NIPAH PANJANG, TANJUNG JABUNG TIMUR, JAMBI",4,62,63,125
https://kawalpemilu.org#16968,"SUNGAI TERING, NIPAH PANJANG, TANJUNG JABUNG TIMUR, JAMBI",1,97,124,221
https://kawalpemilu.org#16968,"SUNGAI TERING, NIPAH PANJANG, TANJUNG JABUNG TIMUR, JAMBI",2,37,94,131
https://kawalpemilu.org#16968,"SUNGAI TERING, NIPAH PANJANG, TANJUNG JABUNG TIMUR, JAMBI",3,94,71,165
https://kawalpemilu.org#16968,"SUNGAI TERING, NIPAH PANJANG, TANJUNG JABUNG TIMUR, JAMBI",4,103,120,223
https://kawalpemilu.org#16968,"SUNGAI TERING, NIPAH PANJANG, TANJUNG JABUNG TIMUR, JAMBI",5,169,38,207
https://kawalpemilu.org#16968,"SUNGAI TERING, NIPAH PANJANG, TANJUNG JABUNG TIMUR, JAMBI",6,86,72,158
https://kawalpemilu.org#16968,"SUNGAI TERING, NIPAH PANJANG, TANJUNG JABUNG TIMUR, JAMBI",7,71,45,116
https://kawalpemilu.org#16969,"SUNGAI JERUK, NIPAH PANJANG, TANJUNG JABUNG TIMUR, JAMBI",1,193,35,228
https://kawalpemilu.org#16969,"SUNGAI JERUK, NIPAH PANJANG, TANJUNG JABUNG TIMUR, JAMBI",2,105,119,224
https://kawalpemilu.org#16969,"SUNGAI JERUK, NIPAH PANJANG, TANJUNG JABUNG TIMUR, JAMBI",3,77,123,200
https://kawalpemilu.org#16969,"SUNGAI JERUK, NIPAH PANJANG, TANJUNG JABUNG TIMUR, JAMBI",4,46,37,83
https://kawalpemilu.org#16969,"SUNGAI JERUK, NIPAH PANJANG, TANJUNG JABUNG TIMUR, JAMBI",5,87,77,164
https://kawalpemilu.org#16970,"BUNGA TANJUNG, NIPAH PANJANG, TANJUNG JABUNG TIMUR, JAMBI",1,88,138,226
https://kawalpemilu.org#16970,"BUNGA TANJUNG, NIPAH PANJANG, TANJUNG JABUNG TIMUR, JAMBI",2,125,91,216
https://kawalpemilu.org#16970,"BUNGA TANJUNG, NIPAH PANJANG, TANJUNG JABUNG TIMUR, JAMBI",3,141,65,206
https://kawalpemilu.org#16970,"BUNGA TANJUNG, NIPAH PANJANG, TANJUNG JABUNG TIMUR, JAMBI",4,155,95,250
https://kawalpemilu.org#16970,"BUNGA TANJUNG, NIPAH PANJANG, TANJUNG JABUNG TIMUR, JAMBI",5,44,19,63
https://kawalpemilu.org#16972,"MENDAHARA ILIR, MENDAHARA, TANJUNG JABUNG TIMUR, JAMBI",1,112,100,212
https://kawalpemilu.org#16972,"MENDAHARA ILIR, MENDAHARA, TANJUNG JABUNG TIMUR, JAMBI",2,84,114,198
https://kawalpemilu.org#16972,"MENDAHARA ILIR, MENDAHARA, TANJUNG JABUNG TIMUR, JAMBI",3,105,112,217
https://kawalpemilu.org#16972,"MENDAHARA ILIR, MENDAHARA, TANJUNG JABUNG TIMUR, JAMBI",4,64,126,190
https://kawalpemilu.org#16972,"MENDAHARA ILIR, MENDAHARA, TANJUNG JABUNG TIMUR, JAMBI",5,67,90,157
https://kawalpemilu.org#16972,"MENDAHARA ILIR, MENDAHARA, TANJUNG JABUNG TIMUR, JAMBI",6,83,99,182
https://kawalpemilu.org#16972,"MENDAHARA ILIR, MENDAHARA, TANJUNG JABUNG TIMUR, JAMBI",7,144,96,240
https://kawalpemilu.org#16972,"MENDAHARA ILIR, MENDAHARA, TANJUNG JABUNG TIMUR, JAMBI",8,138,102,240
https://kawalpemilu.org#16972,"MENDAHARA ILIR, MENDAHARA, TANJUNG JABUNG TIMUR, JAMBI",9,104,122,226
https://kawalpemilu.org#16972,"MENDAHARA ILIR, MENDAHARA, TANJUNG JABUNG TIMUR, JAMBI",10,100,112,212
https://kawalpemilu.org#16972,"MENDAHARA ILIR, MENDAHARA, TANJUNG JABUNG TIMUR, JAMBI",11,92,150,242
https://kawalpemilu.org#16972,"MENDAHARA ILIR, MENDAHARA, TANJUNG JABUNG TIMUR, JAMBI",12,117,142,259
https://kawalpemilu.org#16972,"MENDAHARA ILIR, MENDAHARA, TANJUNG JABUNG TIMUR, JAMBI",13,105,122,227
https://kawalpemilu.org#16972,"MENDAHARA ILIR, MENDAHARA, TANJUNG JABUNG TIMUR, JAMBI",14,71,114,185
https://kawalpemilu.org#16972,"MENDAHARA ILIR, MENDAHARA, TANJUNG JABUNG TIMUR, JAMBI",15,112,71,183
https://kawalpemilu.org#16972,"MENDAHARA ILIR, MENDAHARA, TANJUNG JABUNG TIMUR, JAMBI",16,143,80,223
https://kawalpemilu.org#16972,"MENDAHARA ILIR, MENDAHARA, TANJUNG JABUNG TIMUR, JAMBI",17,115,55,170
https://kawalpemilu.org#16972,"MENDAHARA ILIR, MENDAHARA, TANJUNG JABUNG TIMUR, JAMBI",18,75,64,139
https://kawalpemilu.org#16972,"MENDAHARA ILIR, MENDAHARA, TANJUNG JABUNG TIMUR, JAMBI",19,61,53,114
https://kawalpemilu.org#16972,"MENDAHARA ILIR, MENDAHARA, TANJUNG JABUNG TIMUR, JAMBI",20,80,99,179
https://kawalpemilu.org#16972,"MENDAHARA ILIR, MENDAHARA, TANJUNG JABUNG TIMUR, JAMBI",21,89,97,186
https://kawalpemilu.org#16972,"MENDAHARA ILIR, MENDAHARA, TANJUNG JABUNG TIMUR, JAMBI",22,74,50,124
https://kawalpemilu.org#16972,"MENDAHARA ILIR, MENDAHARA, TANJUNG JABUNG TIMUR, JAMBI",23,77,79,156
https://kawalpemilu.org#16973,"PANGKAL DURI, MENDAHARA, TANJUNG JABUNG TIMUR, JAMBI",1,99,81,180
https://kawalpemilu.org#16973,"PANGKAL DURI, MENDAHARA, TANJUNG JABUNG TIMUR, JAMBI",2,89,69,158
https://kawalpemilu.org#16973,"PANGKAL DURI, MENDAHARA, TANJUNG JABUNG TIMUR, JAMBI",3,81,103,184
https://kawalpemilu.org#16973,"PANGKAL DURI, MENDAHARA, TANJUNG JABUNG TIMUR, JAMBI",4,63,92,155
https://kawalpemilu.org#16973,"PANGKAL DURI, MENDAHARA, TANJUNG JABUNG TIMUR, JAMBI",5,113,95,208
https://kawalpemilu.org#16973,"PANGKAL DURI, MENDAHARA, TANJUNG JABUNG TIMUR, JAMBI",6,98,49,147
https://kawalpemilu.org#16973,"PANGKAL DURI, MENDAHARA, TANJUNG JABUNG TIMUR, JAMBI",7,92,49,141
https://kawalpemilu.org#16973,"PANGKAL DURI, MENDAHARA, TANJUNG JABUNG TIMUR, JAMBI",8,75,91,166
https://kawalpemilu.org#16973,"PANGKAL DURI, MENDAHARA, TANJUNG JABUNG TIMUR, JAMBI",9,55,60,115
https://kawalpemilu.org#16973,"PANGKAL DURI, MENDAHARA, TANJUNG JABUNG TIMUR, JAMBI",10,80,61,141
https://kawalpemilu.org#16973,"PANGKAL DURI, MENDAHARA, TANJUNG JABUNG TIMUR, JAMBI",11,86,49,135
https://kawalpemilu.org#16974,"MENDAHARA TENGAH, MENDAHARA, TANJUNG JABUNG TIMUR, JAMBI",1,39,137,176
https://kawalpemilu.org#16974,"MENDAHARA TENGAH, MENDAHARA, TANJUNG JABUNG TIMUR, JAMBI",2,44,150,194
https://kawalpemilu.org#16974,"MENDAHARA TENGAH, MENDAHARA, TANJUNG JABUNG TIMUR, JAMBI",3,37,99,136
https://kawalpemilu.org#16974,"MENDAHARA TENGAH, MENDAHARA, TANJUNG JABUNG TIMUR, JAMBI",4,113,106,219
https://kawalpemilu.org#16974,"MENDAHARA TENGAH, MENDAHARA, TANJUNG JABUNG TIMUR, JAMBI",5,68,136,204
https://kawalpemilu.org#16974,"MENDAHARA TENGAH, MENDAHARA, TANJUNG JABUNG TIMUR, JAMBI",6,41,117,158
https://kawalpemilu.org#16974,"MENDAHARA TENGAH, MENDAHARA, TANJUNG JABUNG TIMUR, JAMBI",7,82,152,238
https://kawalpemilu.org#16974,"MENDAHARA TENGAH, MENDAHARA, TANJUNG JABUNG TIMUR, JAMBI",8,83,155,238
https://kawalpemilu.org#16974,"MENDAHARA TENGAH, MENDAHARA, TANJUNG JABUNG TIMUR, JAMBI",9,99,142,241
https://kawalpemilu.org#16974,"MENDAHARA TENGAH, MENDAHARA, TANJUNG JABUNG TIMUR, JAMBI",10,60,60,120
https://kawalpemilu.org#16974,"MENDAHARA TENGAH, MENDAHARA, TANJUNG JABUNG TIMUR, JAMBI",11,100,110,210
https://kawalpemilu.org#16974,"MENDAHARA TENGAH, MENDAHARA, TANJUNG JABUNG TIMUR, JAMBI",12,125,107,232
https://kawalpemilu.org#16975,"LAGAN ILIR, MENDAHARA, TANJUNG JABUNG TIMUR, JAMBI",1,127,143,270
https://kawalpemilu.org#16975,"LAGAN ILIR, MENDAHARA, TANJUNG JABUNG TIMUR, JAMBI",2,141,56,197
https://kawalpemilu.org#16975,"LAGAN ILIR, MENDAHARA, TANJUNG JABUNG TIMUR, JAMBI",3,72,130,202
https://kawalpemilu.org#16975,"LAGAN ILIR, MENDAHARA, TANJUNG JABUNG TIMUR, JAMBI",4,111,91,202
https://kawalpemilu.org#16975,"LAGAN ILIR, MENDAHARA, TANJUNG JABUNG TIMUR, JAMBI",5,95,116,211
https://kawalpemilu.org#16976,"SINAR KALIMANTAN, MENDAHARA, TANJUNG JABUNG TIMUR, JAMBI",1,126,97,223
https://kawalpemilu.org#16976,"SINAR KALIMANTAN, MENDAHARA, TANJUNG JABUNG TIMUR, JAMBI",2,144,102,246
https://kawalpemilu.org#16976,"SINAR KALIMANTAN, MENDAHARA, TANJUNG JABUNG TIMUR, JAMBI",3,65,44,109
https://kawalpemilu.org#16977,"SUNGAI TAWAR, MENDAHARA, TANJUNG JABUNG TIMUR, JAMBI",1,174,105,279
https://kawalpemilu.org#16977,"SUNGAI TAWAR, MENDAHARA, TANJUNG JABUNG TIMUR, JAMBI",2,127,116,243
https://kawalpemilu.org#16977,"SUNGAI TAWAR, MENDAHARA, TANJUNG JABUNG TIMUR, JAMBI",3,109,28,137
https://kawalpemilu.org#16977,"SUNGAI TAWAR, MENDAHARA, TANJUNG JABUNG TIMUR, JAMBI",4,160,55,215
https://kawalpemilu.org#16977,"SUNGAI TAWAR, MENDAHARA, TANJUNG JABUNG TIMUR, JAMBI",5,192,23,215
https://kawalpemilu.org#16977,"SUNGAI TAWAR, MENDAHARA, TANJUNG JABUNG TIMUR, JAMBI",6,164,31,195
https://kawalpemilu.org#16977,"SUNGAI TAWAR, MENDAHARA, TANJUNG JABUNG TIMUR, JAMBI",7,178,68,246
https://kawalpemilu.org#16977,"SUNGAI TAWAR, MENDAHARA, TANJUNG JABUNG TIMUR, JAMBI",8,140,45,185
https://kawalpemilu.org#16977,"SUNGAI TAWAR, MENDAHARA, TANJUNG JABUNG TIMUR, JAMBI",9,123,68,191
https://kawalpemilu.org#16978,"BAKTI IDAMAN, MENDAHARA, TANJUNG JABUNG TIMUR, JAMBI",1,63,181,244
https://kawalpemilu.org#16978,"BAKTI IDAMAN, MENDAHARA, TANJUNG JABUNG TIMUR, JAMBI",2,131,38,169
https://kawalpemilu.org#16978,"BAKTI IDAMAN, MENDAHARA, TANJUNG JABUNG TIMUR, JAMBI",3,132,66,198
https://kawalpemilu.org#16978,"BAKTI IDAMAN, MENDAHARA, TANJUNG JABUNG TIMUR, JAMBI",4,154,60,214
https://kawalpemilu.org#16978,"BAKTI IDAMAN, MENDAHARA, TANJUNG JABUNG TIMUR, JAMBI",5,114,29,143
https://kawalpemilu.org#16978,"BAKTI IDAMAN, MENDAHARA, TANJUNG JABUNG TIMUR, JAMBI",6,209,59,268
https://kawalpemilu.org#16978,"BAKTI IDAMAN, MENDAHARA, TANJUNG JABUNG TIMUR, JAMBI",7,60,17,77
https://kawalpemilu.org#16978,"BAKTI IDAMAN, MENDAHARA, TANJUNG JABUNG TIMUR, JAMBI",8,81,36,117
https://kawalpemilu.org#16978,"BAKTI IDAMAN, MENDAHARA, TANJUNG JABUNG TIMUR, JAMBI",9,110,49,159
https://kawalpemilu.org#16978,"BAKTI IDAMAN, MENDAHARA, TANJUNG JABUNG TIMUR, JAMBI",10,94,72,166
https://kawalpemilu.org#16979,"MERBAU, MENDAHARA, TANJUNG JABUNG TIMUR, JAMBI",1,143,96,239
https://kawalpemilu.org#16979,"MERBAU, MENDAHARA, TANJUNG JABUNG TIMUR, JAMBI",2,138,116,254
https://kawalpemilu.org#16979,"MERBAU, MENDAHARA, TANJUNG JABUNG TIMUR, JAMBI",3,67,94,161
https://kawalpemilu.org#16979,"MERBAU, MENDAHARA, TANJUNG JABUNG TIMUR, JAMBI",4,106,64,170
https://kawalpemilu.org#16979,"MERBAU, MENDAHARA, TANJUNG JABUNG TIMUR, JAMBI",5,141,104,245
https://kawalpemilu.org#16979,"MERBAU, MENDAHARA, TANJUNG JABUNG TIMUR, JAMBI",6,201,40,241
https://kawalpemilu.org#16979,"MERBAU, MENDAHARA, TANJUNG JABUNG TIMUR, JAMBI",7,116,114,230
https://kawalpemilu.org#16979,"MERBAU, MENDAHARA, TANJUNG JABUNG TIMUR, JAMBI",8,106,98,204
https://kawalpemilu.org#16979,"MERBAU, MENDAHARA, TANJUNG JABUNG TIMUR, JAMBI",9,123,55,178
https://kawalpemilu.org#16980,"PANGKAL DURI ILIR, MENDAHARA, TANJUNG JABUNG TIMUR, JAMBI",1,112,107,219
https://kawalpemilu.org#16980,"PANGKAL DURI ILIR, MENDAHARA, TANJUNG JABUNG TIMUR, JAMBI",2,65,87,152
https://kawalpemilu.org#16980,"PANGKAL DURI ILIR, MENDAHARA, TANJUNG JABUNG TIMUR, JAMBI",3,68,125,193
https://kawalpemilu.org#16980,"PANGKAL DURI ILIR, MENDAHARA, TANJUNG JABUNG TIMUR, JAMBI",4,133,63,196
https://kawalpemilu.org#16980,"PANGKAL DURI ILIR, MENDAHARA, TANJUNG JABUNG TIMUR, JAMBI",5,55,26,81
https://kawalpemilu.org#16982,"BANDAR JAYA, RANTAU RASAU, TANJUNG JABUNG TIMUR, JAMBI",1,116,105,221
https://kawalpemilu.org#16982,"BANDAR JAYA, RANTAU RASAU, TANJUNG JABUNG TIMUR, JAMBI",2,114,55,169
https://kawalpemilu.org#16982,"BANDAR JAYA, RANTAU RASAU, TANJUNG JABUNG TIMUR, JAMBI",3,156,41,197
https://kawalpemilu.org#16982,"BANDAR JAYA, RANTAU RASAU, TANJUNG JABUNG TIMUR, JAMBI",4,126,98,224
https://kawalpemilu.org#16982,"BANDAR JAYA, RANTAU RASAU, TANJUNG JABUNG TIMUR, JAMBI",5,136,37,173
https://kawalpemilu.org#16982,"BANDAR JAYA, RANTAU RASAU, TANJUNG JABUNG TIMUR, JAMBI",6,118,61,179
https://kawalpemilu.org#16982,"BANDAR JAYA, RANTAU RASAU, TANJUNG JABUNG TIMUR, JAMBI",7,121,58,179
https://kawalpemilu.org#16982,"BANDAR JAYA, RANTAU RASAU, TANJUNG JABUNG TIMUR, JAMBI",8,88,130,218
https://kawalpemilu.org#16982,"BANDAR JAYA, RANTAU RASAU, TANJUNG JABUNG TIMUR, JAMBI",9,151,79,230
https://kawalpemilu.org#16982,"BANDAR JAYA, RANTAU RASAU, TANJUNG JABUNG TIMUR, JAMBI",10,138,69,207
https://kawalpemilu.org#16982,"BANDAR JAYA, RANTAU RASAU, TANJUNG JABUNG TIMUR, JAMBI",11,119,70,189
https://kawalpemilu.org#16982,"BANDAR JAYA, RANTAU RASAU, TANJUNG JABUNG TIMUR, JAMBI",12,138,64,202
https://kawalpemilu.org#16982,"BANDAR JAYA, RANTAU RASAU, TANJUNG JABUNG TIMUR, JAMBI",13,179,69,248
https://kawalpemilu.org#16982,"BANDAR JAYA, RANTAU RASAU, TANJUNG JABUNG TIMUR, JAMBI",14,112,133,245
https://kawalpemilu.org#16983,"RANTAU RASAU I, RANTAU RASAU, TANJUNG JABUNG TIMUR, JAMBI",1,134,63,197
https://kawalpemilu.org#16983,"RANTAU RASAU I, RANTAU RASAU, TANJUNG JABUNG TIMUR, JAMBI",2,149,47,196
https://kawalpemilu.org#16983,"RANTAU RASAU I, RANTAU RASAU, TANJUNG JABUNG TIMUR, JAMBI",3,89,118,207
https://kawalpemilu.org#16983,"RANTAU RASAU I, RANTAU RASAU, TANJUNG JABUNG TIMUR, JAMBI",4,150,53,203
https://kawalpemilu.org#16983,"RANTAU RASAU I, RANTAU RASAU, TANJUNG JABUNG TIMUR, JAMBI",5,118,78,196
https://kawalpemilu.org#16983,"RANTAU RASAU I, RANTAU RASAU, TANJUNG JABUNG TIMUR, JAMBI",6,142,71,213
https://kawalpemilu.org#16983,"RANTAU RASAU I, RANTAU RASAU, TANJUNG JABUNG TIMUR, JAMBI",7,100,106,206
https://kawalpemilu.org#16983,"RANTAU RASAU I, RANTAU RASAU, TANJUNG JABUNG TIMUR, JAMBI",8,131,66,197
https://kawalpemilu.org#16984,"RANTAU RASAU II, RANTAU RASAU, TANJUNG JABUNG TIMUR, JAMBI",1,183,52,235
https://kawalpemilu.org#16984,"RANTAU RASAU II, RANTAU RASAU, TANJUNG JABUNG TIMUR, JAMBI",2,117,74,191
https://kawalpemilu.org#16984,"RANTAU RASAU II, RANTAU RASAU, TANJUNG JABUNG TIMUR, JAMBI",3,124,41,165
https://kawalpemilu.org#16984,"RANTAU RASAU II, RANTAU RASAU, TANJUNG JABUNG TIMUR, JAMBI",4,111,38,149
https://kawalpemilu.org#16984,"RANTAU RASAU II, RANTAU RASAU, TANJUNG JABUNG TIMUR, JAMBI",5,89,115,204
https://kawalpemilu.org#16984,"RANTAU RASAU II, RANTAU RASAU, TANJUNG JABUNG TIMUR, JAMBI",6,99,102,201
https://kawalpemilu.org#16984,"RANTAU RASAU II, RANTAU RASAU, TANJUNG JABUNG TIMUR, JAMBI",7,102,138,240
https://kawalpemilu.org#16984,"RANTAU RASAU II, RANTAU RASAU, TANJUNG JABUNG TIMUR, JAMBI",8,90,78,168
https://kawalpemilu.org#16984,"RANTAU RASAU II, RANTAU RASAU, TANJUNG JABUNG TIMUR, JAMBI",9,78,125,203
https://kawalpemilu.org#16985,"HARAPAN MAKMUR, RANTAU RASAU, TANJUNG JABUNG TIMUR, JAMBI",1,182,47,229
https://kawalpemilu.org#16985,"HARAPAN MAKMUR, RANTAU RASAU, TANJUNG JABUNG TIMUR, JAMBI",2,103,45,148
https://kawalpemilu.org#16985,"HARAPAN MAKMUR, RANTAU RASAU, TANJUNG JABUNG TIMUR, JAMBI",3,125,40,165
https://kawalpemilu.org#16985,"HARAPAN MAKMUR, RANTAU RASAU, TANJUNG JABUNG TIMUR, JAMBI",4,124,89,213
https://kawalpemilu.org#16985,"HARAPAN MAKMUR, RANTAU RASAU, TANJUNG JABUNG TIMUR, JAMBI",5,153,30,183
https://kawalpemilu.org#16985,"HARAPAN MAKMUR, RANTAU RASAU, TANJUNG JABUNG TIMUR, JAMBI",6,176,36,212
https://kawalpemilu.org#16985,"HARAPAN MAKMUR, RANTAU RASAU, TANJUNG JABUNG TIMUR, JAMBI",7,114,97,211
https://kawalpemilu.org#16985,"HARAPAN MAKMUR, RANTAU RASAU, TANJUNG JABUNG TIMUR, JAMBI",8,156,35,191
https://kawalpemilu.org#16985,"HARAPAN MAKMUR, RANTAU RASAU, TANJUNG JABUNG TIMUR, JAMBI",9,211,19,230
https://kawalpemilu.org#16985,"HARAPAN MAKMUR, RANTAU RASAU, TANJUNG JABUNG TIMUR, JAMBI",10,98,47,145
https://kawalpemilu.org#16986,"BANGUN KARYA, RANTAU RASAU, TANJUNG JABUNG TIMUR, JAMBI",1,88,123,211
https://kawalpemilu.org#16986,"BANGUN KARYA, RANTAU RASAU, TANJUNG JABUNG TIMUR, JAMBI",2,52,159,211
https://kawalpemilu.org#16986,"BANGUN KARYA, RANTAU RASAU, TANJUNG JABUNG TIMUR, JAMBI",3,166,43,209
https://kawalpemilu.org#16986,"BANGUN KARYA, RANTAU RASAU, TANJUNG JABUNG TIMUR, JAMBI",4,142,62,204
https://kawalpemilu.org#16986,"BANGUN KARYA, RANTAU RASAU, TANJUNG JABUNG TIMUR, JAMBI",5,153,41,194
https://kawalpemilu.org#16986,"BANGUN KARYA, RANTAU RASAU, TANJUNG JABUNG TIMUR, JAMBI",6,146,50,196
https://kawalpemilu.org#16986,"BANGUN KARYA, RANTAU RASAU, TANJUNG JABUNG TIMUR, JAMBI",7,140,77,217
https://kawalpemilu.org#16987,"RANTAU JAYA, RANTAU RASAU, TANJUNG JABUNG TIMUR, JAMBI",1,69,100,169
https://kawalpemilu.org#16987,"RANTAU JAYA, RANTAU RASAU, TANJUNG JABUNG TIMUR, JAMBI",2,103,106,209
https://kawalpemilu.org#16987,"RANTAU JAYA, RANTAU RASAU, TANJUNG JABUNG TIMUR, JAMBI",3,123,111,234
https://kawalpemilu.org#16987,"RANTAU JAYA, RANTAU RASAU, TANJUNG JABUNG TIMUR, JAMBI",4,96,73,169
https://kawalpemilu.org#16987,"RANTAU JAYA, RANTAU RASAU, TANJUNG JABUNG TIMUR, JAMBI",5,139,96,235
https://kawalpemilu.org#16987,"RANTAU JAYA, RANTAU RASAU, TANJUNG JABUNG TIMUR, JAMBI",6,146,95,241
https://kawalpemilu.org#16987,"RANTAU JAYA, RANTAU RASAU, TANJUNG JABUNG TIMUR, JAMBI",7,105,53,158
https://kawalpemilu.org#16987,"RANTAU JAYA, RANTAU RASAU, TANJUNG JABUNG TIMUR, JAMBI",8,81,44,125
https://kawalpemilu.org#16987,"RANTAU JAYA, RANTAU RASAU, TANJUNG JABUNG TIMUR, JAMBI",9,180,69,249
https://kawalpemilu.org#16987,"RANTAU JAYA, RANTAU RASAU, TANJUNG JABUNG TIMUR, JAMBI",10,175,65,240
https://kawalpemilu.org#16988,"SUNGAI DUSUN, RANTAU RASAU, TANJUNG JABUNG TIMUR, JAMBI",1,64,134,198
https://kawalpemilu.org#16989,"KARYA BAKTI, RANTAU RASAU, TANJUNG JABUNG TIMUR, JAMBI",1,98,103,201
https://kawalpemilu.org#16989,"KARYA BAKTI, RANTAU RASAU, TANJUNG JABUNG TIMUR, JAMBI",2,60,120,180
https://kawalpemilu.org#16989,"KARYA BAKTI, RANTAU RASAU, TANJUNG JABUNG TIMUR, JAMBI",3,136,50,186
https://kawalpemilu.org#16989,"KARYA BAKTI, RANTAU RASAU, TANJUNG JABUNG TIMUR, JAMBI",4,90,100,190
https://kawalpemilu.org#16989,"KARYA BAKTI, RANTAU RASAU, TANJUNG JABUNG TIMUR, JAMBI",5,145,84,229
https://kawalpemilu.org#16990,"MARGA MULYA, RANTAU RASAU, TANJUNG JABUNG TIMUR, JAMBI",1,139,87,226
https://kawalpemilu.org#16990,"MARGA MULYA, RANTAU RASAU, TANJUNG JABUNG TIMUR, JAMBI",2,133,34,167
https://kawalpemilu.org#16990,"MARGA MULYA, RANTAU RASAU, TANJUNG JABUNG TIMUR, JAMBI",3,191,36,227
https://kawalpemilu.org#16991,"PEMATANG MAYAN, RANTAU RASAU, TANJUNG JABUNG TIMUR, JAMBI",1,203,53,256
https://kawalpemilu.org#16991,"PEMATANG MAYAN, RANTAU RASAU, TANJUNG JABUNG TIMUR, JAMBI",2,120,34,154
https://kawalpemilu.org#16991,"PEMATANG MAYAN, RANTAU RASAU, TANJUNG JABUNG TIMUR, JAMBI",3,107,64,171
https://kawalpemilu.org#16991,"PEMATANG MAYAN, RANTAU RASAU, TANJUNG JABUNG TIMUR, JAMBI",4,105,34,139
https://kawalpemilu.org#16992,"TRI MULYA, RANTAU RASAU, TANJUNG JABUNG TIMUR, JAMBI",1,204,38,242
https://kawalpemilu.org#16992,"TRI MULYA, RANTAU RASAU, TANJUNG JABUNG TIMUR, JAMBI",2,220,24,244
https://kawalpemilu.org#16992,"TRI MULYA, RANTAU RASAU, TANJUNG JABUNG TIMUR, JAMBI",3,189,24,213
https://kawalpemilu.org#16992,"TRI MULYA, RANTAU RASAU, TANJUNG JABUNG TIMUR, JAMBI",4,187,49,236
https://kawalpemilu.org#16992,"TRI MULYA, RANTAU RASAU, TANJUNG JABUNG TIMUR, JAMBI",5,150,50,200
https://kawalpemilu.org#16992,"TRI MULYA, RANTAU RASAU, TANJUNG JABUNG TIMUR, JAMBI",6,103,92,195
https://kawalpemilu.org#16994,"SUNGAI LOKAN, S A D U, TANJUNG JABUNG TIMUR, JAMBI",1,92,147,239
https://kawalpemilu.org#16994,"SUNGAI LOKAN, S A D U, TANJUNG JABUNG TIMUR, JAMBI",2,72,147,219
https://kawalpemilu.org#16994,"SUNGAI LOKAN, S A D U, TANJUNG JABUNG TIMUR, JAMBI",3,96,113,209
https://kawalpemilu.org#16994,"SUNGAI LOKAN, S A D U, TANJUNG JABUNG TIMUR, JAMBI",4,65,32,97
https://kawalpemilu.org#16994,"SUNGAI LOKAN, S A D U, TANJUNG JABUNG TIMUR, JAMBI",5,84,62,146
https://kawalpemilu.org#16994,"SUNGAI LOKAN, S A D U, TANJUNG JABUNG TIMUR, JAMBI",6,81,98,179
https://kawalpemilu.org#16995,"SUNGAI SAYANG, S A D U, TANJUNG JABUNG TIMUR, JAMBI",1,98,94,192
https://kawalpemilu.org#16995,"SUNGAI SAYANG, S A D U, TANJUNG JABUNG TIMUR, JAMBI",2,114,66,180
https://kawalpemilu.org#16995,"SUNGAI SAYANG, S A D U, TANJUNG JABUNG TIMUR, JAMBI",3,102,119,221
https://kawalpemilu.org#16995,"SUNGAI SAYANG, S A D U, TANJUNG JABUNG TIMUR, JAMBI",4,107,44,151
https://kawalpemilu.org#16995,"SUNGAI SAYANG, S A D U, TANJUNG JABUNG TIMUR, JAMBI",5,68,31,99
https://kawalpemilu.org#16996,"AIR HITAM LAUT, S A D U, TANJUNG JABUNG TIMUR, JAMBI",1,126,98,224
https://kawalpemilu.org#16996,"AIR HITAM LAUT, S A D U, TANJUNG JABUNG TIMUR, JAMBI",2,88,123,211
https://kawalpemilu.org#16996,"AIR HITAM LAUT, S A D U, TANJUNG JABUNG TIMUR, JAMBI",3,162,60,222
https://kawalpemilu.org#16996,"AIR HITAM LAUT, S A D U, TANJUNG JABUNG TIMUR, JAMBI",4,146,111,257
https://kawalpemilu.org#16996,"AIR HITAM LAUT, S A D U, TANJUNG JABUNG TIMUR, JAMBI",5,125,104,229
https://kawalpemilu.org#16996,"AIR HITAM LAUT, S A D U, TANJUNG JABUNG TIMUR, JAMBI",6,39,63,102
https://kawalpemilu.org#16997,"SUNGAI JAMBAT, S A D U, TANJUNG JABUNG TIMUR, JAMBI",1,63,173,200
https://kawalpemilu.org#16997,"SUNGAI JAMBAT, S A D U, TANJUNG JABUNG TIMUR, JAMBI",2,89,130,219
https://kawalpemilu.org#16997,"SUNGAI JAMBAT, S A D U, TANJUNG JABUNG TIMUR, JAMBI",3,67,105,172
https://kawalpemilu.org#16997,"SUNGAI JAMBAT, S A D U, TANJUNG JABUNG TIMUR, JAMBI",4,62,106,168
https://kawalpemilu.org#16997,"SUNGAI JAMBAT, S A D U, TANJUNG JABUNG TIMUR, JAMBI",5,101,137,238
https://kawalpemilu.org#16997,"SUNGAI JAMBAT, S A D U, TANJUNG JABUNG TIMUR, JAMBI",6,83,81,164
https://kawalpemilu.org#16997,"SUNGAI JAMBAT, S A D U, TANJUNG JABUNG TIMUR, JAMBI",7,86,101,187
https://kawalpemilu.org#16997,"SUNGAI JAMBAT, S A D U, TANJUNG JABUNG TIMUR, JAMBI",8,47,112,159
https://kawalpemilu.org#16997,"SUNGAI JAMBAT, S A D U, TANJUNG JABUNG TIMUR, JAMBI",9,65,77,142
https://kawalpemilu.org#16997,"SUNGAI JAMBAT, S A D U, TANJUNG JABUNG TIMUR, JAMBI",10,81,88,169
https://kawalpemilu.org#16997,"SUNGAI JAMBAT, S A D U, TANJUNG JABUNG TIMUR, JAMBI",11,61,182,243
https://kawalpemilu.org#16998,"SUNGAI ITIK, S A D U, TANJUNG JABUNG TIMUR, JAMBI",1,76,127,203
https://kawalpemilu.org#16998,"SUNGAI ITIK, S A D U, TANJUNG JABUNG TIMUR, JAMBI",2,67,125,192
https://kawalpemilu.org#16998,"SUNGAI ITIK, S A D U, TANJUNG JABUNG TIMUR, JAMBI",3,103,131,234
https://kawalpemilu.org#16998,"SUNGAI ITIK, S A D U, TANJUNG JABUNG TIMUR, JAMBI",4,165,90,255
https://kawalpemilu.org#16998,"SUNGAI ITIK, S A D U, TANJUNG JABUNG TIMUR, JAMBI",5,126,131,257
https://kawalpemilu.org#16998,"SUNGAI ITIK, S A D U, TANJUNG JABUNG TIMUR, JAMBI",6,108,131,239
https://kawalpemilu.org#16999,"SUNGAI BENUH, S A D U, TANJUNG JABUNG TIMUR, JAMBI",1,21,32,53
https://kawalpemilu.org#16999,"SUNGAI BENUH, S A D U, TANJUNG JABUNG TIMUR, JAMBI",2,27,12,39
https://kawalpemilu.org#17000,"SUNGAI CEMARA, S A D U, TANJUNG JABUNG TIMUR, JAMBI",1,79,75,154
https://kawalpemilu.org#17000,"SUNGAI CEMARA, S A D U, TANJUNG JABUNG TIMUR, JAMBI",2,46,39,85
https://kawalpemilu.org#17000,"SUNGAI CEMARA, S A D U, TANJUNG JABUNG TIMUR, JAMBI",3,72,57,129
https://kawalpemilu.org#17001,"REMAU BAKU TUO, S A D U, TANJUNG JABUNG TIMUR, JAMBI",1,79,95,174
https://kawalpemilu.org#17001,"REMAU BAKU TUO, S A D U, TANJUNG JABUNG TIMUR, JAMBI",2,161,84,245
https://kawalpemilu.org#17002,"LABUHAN PERING, S A D U, TANJUNG JABUNG TIMUR, JAMBI",1,90,97,187
https://kawalpemilu.org#17002,"LABUHAN PERING, S A D U, TANJUNG JABUNG TIMUR, JAMBI",2,78,64,142
https://kawalpemilu.org#17002,"LABUHAN PERING, S A D U, TANJUNG JABUNG TIMUR, JAMBI",3,97,52,149
https://kawalpemilu.org#17002,"LABUHAN PERING, S A D U, TANJUNG JABUNG TIMUR, JAMBI",4,83,48,131
https://kawalpemilu.org#17002,"LABUHAN PERING, S A D U, TANJUNG JABUNG TIMUR, JAMBI",5,150,45,195
https://kawalpemilu.org#17002,"LABUHAN PERING, S A D U, TANJUNG JABUNG TIMUR, JAMBI",6,46,27,73
https://kawalpemilu.org#17004,"RANTAU INDAH, DENDANG, TANJUNG JABUNG TIMUR, JAMBI",1,162,55,217
https://kawalpemilu.org#17004,"RANTAU INDAH, DENDANG, TANJUNG JABUNG TIMUR, JAMBI",2,120,65,185
https://kawalpemilu.org#17004,"RANTAU INDAH, DENDANG, TANJUNG JABUNG TIMUR, JAMBI",3,224,35,259
https://kawalpemilu.org#17004,"RANTAU INDAH, DENDANG, TANJUNG JABUNG TIMUR, JAMBI",4,181,39,220
https://kawalpemilu.org#17004,"RANTAU INDAH, DENDANG, TANJUNG JABUNG TIMUR, JAMBI",5,179,46,225
https://kawalpemilu.org#17004,"RANTAU INDAH, DENDANG, TANJUNG JABUNG TIMUR, JAMBI",6,140,65,205
https://kawalpemilu.org#17004,"RANTAU INDAH, DENDANG, TANJUNG JABUNG TIMUR, JAMBI",7,128,47,175
https://kawalpemilu.org#17004,"RANTAU INDAH, DENDANG, TANJUNG JABUNG TIMUR, JAMBI",8,162,55,217
https://kawalpemilu.org#17004,"RANTAU INDAH, DENDANG, TANJUNG JABUNG TIMUR, JAMBI",9,55,25,80
https://kawalpemilu.org#17004,"RANTAU INDAH, DENDANG, TANJUNG JABUNG TIMUR, JAMBI",10,185,52,237
https://kawalpemilu.org#17004,"RANTAU INDAH, DENDANG, TANJUNG JABUNG TIMUR, JAMBI",11,119,50,169
https://kawalpemilu.org#17004,"RANTAU INDAH, DENDANG, TANJUNG JABUNG TIMUR, JAMBI",12,185,59,244
https://kawalpemilu.org#17004,"RANTAU INDAH, DENDANG, TANJUNG JABUNG TIMUR, JAMBI",13,169,45,214
https://kawalpemilu.org#17004,"RANTAU INDAH, DENDANG, TANJUNG JABUNG TIMUR, JAMBI",14,147,37,184
https://kawalpemilu.org#17004,"RANTAU INDAH, DENDANG, TANJUNG JABUNG TIMUR, JAMBI",15,153,45,198
https://kawalpemilu.org#17005,"KUALA DENDANG, DENDANG, TANJUNG JABUNG TIMUR, JAMBI",1,166,68,234
https://kawalpemilu.org#17005,"KUALA DENDANG, DENDANG, TANJUNG JABUNG TIMUR, JAMBI",2,151,60,211
https://kawalpemilu.org#17005,"KUALA DENDANG, DENDANG, TANJUNG JABUNG TIMUR, JAMBI",3,124,101,225
https://kawalpemilu.org#17005,"KUALA DENDANG, DENDANG, TANJUNG JABUNG TIMUR, JAMBI",4,86,84,170
https://kawalpemilu.org#17005,"KUALA DENDANG, DENDANG, TANJUNG JABUNG TIMUR, JAMBI",5,87,41,128
https://kawalpemilu.org#17005,"KUALA DENDANG, DENDANG, TANJUNG JABUNG TIMUR, JAMBI",6,47,52,99
https://kawalpemilu.org#17006,"KOTO KANDIS DENDANG, DENDANG, TANJUNG JABUNG TIMUR, JAMBI",1,127,76,203
https://kawalpemilu.org#17006,"KOTO KANDIS DENDANG, DENDANG, TANJUNG JABUNG TIMUR, JAMBI",2,170,36,206
https://kawalpemilu.org#17006,"KOTO KANDIS DENDANG, DENDANG, TANJUNG JABUNG TIMUR, JAMBI",3,147,30,177
https://kawalpemilu.org#17007,"KOTO KANDIS, DENDANG, TANJUNG JABUNG TIMUR, JAMBI",1,109,33,142
https://kawalpemilu.org#17007,"KOTO KANDIS, DENDANG, TANJUNG JABUNG TIMUR, JAMBI",2,149,99,248
https://kawalpemilu.org#17007,"KOTO KANDIS, DENDANG, TANJUNG JABUNG TIMUR, JAMBI",3,147,30,177
https://kawalpemilu.org#17007,"KOTO KANDIS, DENDANG, TANJUNG JABUNG TIMUR, JAMBI",4,97,108,205
https://kawalpemilu.org#17007,"KOTO KANDIS, DENDANG, TANJUNG JABUNG TIMUR, JAMBI",5,104,127,231
https://kawalpemilu.org#17007,"KOTO KANDIS, DENDANG, TANJUNG JABUNG TIMUR, JAMBI",6,36,11,47
https://kawalpemilu.org#17007,"KOTO KANDIS, DENDANG, TANJUNG JABUNG TIMUR, JAMBI",7,122,97,219
https://kawalpemilu.org#17008,"SIDO MUKTI, DENDANG, TANJUNG JABUNG TIMUR, JAMBI",1,149,102,251
https://kawalpemilu.org#17008,"SIDO MUKTI, DENDANG, TANJUNG JABUNG TIMUR, JAMBI",2,171,74,245
https://kawalpemilu.org#17008,"SIDO MUKTI, DENDANG, TANJUNG JABUNG TIMUR, JAMBI",3,169,72,241
https://kawalpemilu.org#17008,"SIDO MUKTI, DENDANG, TANJUNG JABUNG TIMUR, JAMBI",4,202,54,256
https://kawalpemilu.org#17008,"SIDO MUKTI, DENDANG, TANJUNG JABUNG TIMUR, JAMBI",5,157,33,190
https://kawalpemilu.org#17008,"SIDO MUKTI, DENDANG, TANJUNG JABUNG TIMUR, JAMBI",6,161,70,231
https://kawalpemilu.org#17008,"SIDO MUKTI, DENDANG, TANJUNG JABUNG TIMUR, JAMBI",7,113,58,171
https://kawalpemilu.org#17008,"SIDO MUKTI, DENDANG, TANJUNG JABUNG TIMUR, JAMBI",8,136,70,206
https://kawalpemilu.org#17008,"SIDO MUKTI, DENDANG, TANJUNG JABUNG TIMUR, JAMBI",9,142,51,193
https://kawalpemilu.org#17008,"SIDO MUKTI, DENDANG, TANJUNG JABUNG TIMUR, JAMBI",10,192,47,239
https://kawalpemilu.org#17009,"CATUR RAHAYU, DENDANG, TANJUNG JABUNG TIMUR, JAMBI",1,181,31,212
https://kawalpemilu.org#17009,"CATUR RAHAYU, DENDANG, TANJUNG JABUNG TIMUR, JAMBI",2,229,11,240
https://kawalpemilu.org#17009,"CATUR RAHAYU, DENDANG, TANJUNG JABUNG TIMUR, JAMBI",3,160,90,250
https://kawalpemilu.org#17009,"CATUR RAHAYU, DENDANG, TANJUNG JABUNG TIMUR, JAMBI",4,179,71,250
https://kawalpemilu.org#17009,"CATUR RAHAYU, DENDANG, TANJUNG JABUNG TIMUR, JAMBI",5,213,17,230
https://kawalpemilu.org#17009,"CATUR RAHAYU, DENDANG, TANJUNG JABUNG TIMUR, JAMBI",6,206,21,227
https://kawalpemilu.org#17009,"CATUR RAHAYU, DENDANG, TANJUNG JABUNG TIMUR, JAMBI",7,128,40,168
https://kawalpemilu.org#17010,"JATI MULYO, DENDANG, TANJUNG JABUNG TIMUR, JAMBI",1,218,20,238
https://kawalpemilu.org#17010,"JATI MULYO, DENDANG, TANJUNG JABUNG TIMUR, JAMBI",2,227,12,239
https://kawalpemilu.org#17012,"KAMPUNG SINGKEP, MUARA SABAK BARAT, TANJUNG JABUNG TIMUR, JAMBI",1,15,8,23
https://kawalpemilu.org#17012,"KAMPUNG SINGKEP, MUARA SABAK BARAT, TANJUNG JABUNG TIMUR, JAMBI",2,200,50,250
https://kawalpemilu.org#17012,"KAMPUNG SINGKEP, MUARA SABAK BARAT, TANJUNG JABUNG TIMUR, JAMBI",3,178,70,248
https://kawalpemilu.org#17012,"KAMPUNG SINGKEP, MUARA SABAK BARAT, TANJUNG JABUNG TIMUR, JAMBI",4,146,60,206
https://kawalpemilu.org#17012,"KAMPUNG SINGKEP, MUARA SABAK BARAT, TANJUNG JABUNG TIMUR, JAMBI",5,182,77,259
https://kawalpemilu.org#17012,"KAMPUNG SINGKEP, MUARA SABAK BARAT, TANJUNG JABUNG TIMUR, JAMBI",6,89,93,182
https://kawalpemilu.org#17012,"KAMPUNG SINGKEP, MUARA SABAK BARAT, TANJUNG JABUNG TIMUR, JAMBI",7,31,5,36
https://kawalpemilu.org#17012,"KAMPUNG SINGKEP, MUARA SABAK BARAT, TANJUNG JABUNG TIMUR, JAMBI",8,155,72,227
https://kawalpemilu.org#17012,"KAMPUNG SINGKEP, MUARA SABAK BARAT, TANJUNG JABUNG TIMUR, JAMBI",9,80,97,177
https://kawalpemilu.org#17013,"NIBUNG PUTIH, MUARA SABAK BARAT, TANJUNG JABUNG TIMUR, JAMBI",1,89,135,224
https://kawalpemilu.org#17013,"NIBUNG PUTIH, MUARA SABAK BARAT, TANJUNG JABUNG TIMUR, JAMBI",2,141,112,253
https://kawalpemilu.org#17013,"NIBUNG PUTIH, MUARA SABAK BARAT, TANJUNG JABUNG TIMUR, JAMBI",3,77,133,210
https://kawalpemilu.org#17013,"NIBUNG PUTIH, MUARA SABAK BARAT, TANJUNG JABUNG TIMUR, JAMBI",4,90,112,202
https://kawalpemilu.org#17013,"NIBUNG PUTIH, MUARA SABAK BARAT, TANJUNG JABUNG TIMUR, JAMBI",5,110,111,221
https://kawalpemilu.org#17014,"RANO, MUARA SABAK BARAT, TANJUNG JABUNG TIMUR, JAMBI",1,70,55,125
https://kawalpemilu.org#17014,"RANO, MUARA SABAK BARAT, TANJUNG JABUNG TIMUR, JAMBI",2,123,131,254
https://kawalpemilu.org#17014,"RANO, MUARA SABAK BARAT, TANJUNG JABUNG TIMUR, JAMBI",3,54,83,137
https://kawalpemilu.org#17014,"RANO, MUARA SABAK BARAT, TANJUNG JABUNG TIMUR, JAMBI",4,89,140,229
https://kawalpemilu.org#17014,"RANO, MUARA SABAK BARAT, TANJUNG JABUNG TIMUR, JAMBI",5,104,145,249
https://kawalpemilu.org#17014,"RANO, MUARA SABAK BARAT, TANJUNG JABUNG TIMUR, JAMBI",6,175,66,241
https://kawalpemilu.org#17014,"RANO, MUARA SABAK BARAT, TANJUNG JABUNG TIMUR, JAMBI",7,107,83,190
https://kawalpemilu.org#17014,"RANO, MUARA SABAK BARAT, TANJUNG JABUNG TIMUR, JAMBI",8,86,56,142
https://kawalpemilu.org#17014,"RANO, MUARA SABAK BARAT, TANJUNG JABUNG TIMUR, JAMBI",9,64,81,145
https://kawalpemilu.org#17015,"TALANG BABAT, MUARA SABAK BARAT, TANJUNG JABUNG TIMUR, JAMBI",1,75,174,249
https://kawalpemilu.org#17015,"TALANG BABAT, MUARA SABAK BARAT, TANJUNG JABUNG TIMUR, JAMBI",2,118,126,244
https://kawalpemilu.org#17015,"TALANG BABAT, MUARA SABAK BARAT, TANJUNG JABUNG TIMUR, JAMBI",3,80,122,202
https://kawalpemilu.org#17015,"TALANG BABAT, MUARA SABAK BARAT, TANJUNG JABUNG TIMUR, JAMBI",4,100,152,252
https://kawalpemilu.org#17015,"TALANG BABAT, MUARA SABAK BARAT, TANJUNG JABUNG TIMUR, JAMBI",5,119,121,240
https://kawalpemilu.org#17015,"TALANG BABAT, MUARA SABAK BARAT, TANJUNG JABUNG TIMUR, JAMBI",6,96,146,242
https://kawalpemilu.org#17015,"TALANG BABAT, MUARA SABAK BARAT, TANJUNG JABUNG TIMUR, JAMBI",7,155,76,231
https://kawalpemilu.org#17015,"TALANG BABAT, MUARA SABAK BARAT, TANJUNG JABUNG TIMUR, JAMBI",8,100,127,227
https://kawalpemilu.org#17015,"TALANG BABAT, MUARA SABAK BARAT, TANJUNG JABUNG TIMUR, JAMBI",9,93,89,182
https://kawalpemilu.org#17016,"PARIT CULUM I, MUARA SABAK BARAT, TANJUNG JABUNG TIMUR, JAMBI",1,44,182,226
https://kawalpemilu.org#17016,"PARIT CULUM I, MUARA SABAK BARAT, TANJUNG JABUNG TIMUR, JAMBI",2,42,142,184
https://kawalpemilu.org#17016,"PARIT CULUM I, MUARA SABAK BARAT, TANJUNG JABUNG TIMUR, JAMBI",3,62,138,200
https://kawalpemilu.org#17016,"PARIT CULUM I, MUARA SABAK BARAT, TANJUNG JABUNG TIMUR, JAMBI",4,75,108,183
https://kawalpemilu.org#17016,"PARIT CULUM I, MUARA SABAK BARAT, TANJUNG JABUNG TIMUR, JAMBI",5,94,150,244
https://kawalpemilu.org#17016,"PARIT CULUM I, MUARA SABAK BARAT, TANJUNG JABUNG TIMUR, JAMBI",6,67,114,181
https://kawalpemilu.org#17016,"PARIT CULUM I, MUARA SABAK BARAT, TANJUNG JABUNG TIMUR, JAMBI",7,93,127,220
https://kawalpemilu.org#17016,"PARIT CULUM I, MUARA SABAK BARAT, TANJUNG JABUNG TIMUR, JAMBI",8,99,104,203
https://kawalpemilu.org#17016,"PARIT CULUM I, MUARA SABAK BARAT, TANJUNG JABUNG TIMUR, JAMBI",9,31,141,172
https://kawalpemilu.org#17016,"PARIT CULUM I, MUARA SABAK BARAT, TANJUNG JABUNG TIMUR, JAMBI",10,68,136,204
https://kawalpemilu.org#17016,"PARIT CULUM I, MUARA SABAK BARAT, TANJUNG JABUNG TIMUR, JAMBI",11,51,102,153
https://kawalpemilu.org#17016,"PARIT CULUM I, MUARA SABAK BARAT, TANJUNG JABUNG TIMUR, JAMBI",12,61,108,169
https://kawalpemilu.org#17016,"PARIT CULUM I, MUARA SABAK BARAT, TANJUNG JABUNG TIMUR, JAMBI",13,72,147,219
https://kawalpemilu.org#17016,"PARIT CULUM I, MUARA SABAK BARAT, TANJUNG JABUNG TIMUR, JAMBI",14,73,116,189
https://kawalpemilu.org#17016,"PARIT CULUM I, MUARA SABAK BARAT, TANJUNG JABUNG TIMUR, JAMBI",15,77,101,178
https://kawalpemilu.org#17016,"PARIT CULUM I, MUARA SABAK BARAT, TANJUNG JABUNG TIMUR, JAMBI",16,93,151,244
https://kawalpemilu.org#17017,"PARIT CULUM II, MUARA SABAK BARAT, TANJUNG JABUNG TIMUR, JAMBI",1,168,91,259
https://kawalpemilu.org#17017,"PARIT CULUM II, MUARA SABAK BARAT, TANJUNG JABUNG TIMUR, JAMBI",2,134,28,162
https://kawalpemilu.org#17017,"PARIT CULUM II, MUARA SABAK BARAT, TANJUNG JABUNG TIMUR, JAMBI",3,153,16,169
https://kawalpemilu.org#17017,"PARIT CULUM II, MUARA SABAK BARAT, TANJUNG JABUNG TIMUR, JAMBI",4,115,74,189
https://kawalpemilu.org#17017,"PARIT CULUM II, MUARA SABAK BARAT, TANJUNG JABUNG TIMUR, JAMBI",5,137,48,185
https://kawalpemilu.org#17017,"PARIT CULUM II, MUARA SABAK BARAT, TANJUNG JABUNG TIMUR, JAMBI",6,100,82,182
https://kawalpemilu.org#17018,"TELUK DAWAN, MUARA SABAK BARAT, TANJUNG JABUNG TIMUR, JAMBI",1,108,136,244
https://kawalpemilu.org#17018,"TELUK DAWAN, MUARA SABAK BARAT, TANJUNG JABUNG TIMUR, JAMBI",2,63,167,231
https://kawalpemilu.org#17018,"TELUK DAWAN, MUARA SABAK BARAT, TANJUNG JABUNG TIMUR, JAMBI",3,150,20,170
https://kawalpemilu.org#17018,"TELUK DAWAN, MUARA SABAK BARAT, TANJUNG JABUNG TIMUR, JAMBI",4,121,37,158
https://kawalpemilu.org#17018,"TELUK DAWAN, MUARA SABAK BARAT, TANJUNG JABUNG TIMUR, JAMBI",5,96,173,269
https://kawalpemilu.org#17020,"KAMPUNG LAUT, KUALA JAMBI, TANJUNG JABUNG TIMUR, JAMBI",1,124,80,204
https://kawalpemilu.org#17020,"KAMPUNG LAUT, KUALA JAMBI, TANJUNG JABUNG TIMUR, JAMBI",2,150,89,239
https://kawalpemilu.org#17020,"KAMPUNG LAUT, KUALA JAMBI, TANJUNG JABUNG TIMUR, JAMBI",3,89,124,213
https://kawalpemilu.org#17020,"KAMPUNG LAUT, KUALA JAMBI, TANJUNG JABUNG TIMUR, JAMBI",5,91,110,201
https://kawalpemilu.org#17020,"KAMPUNG LAUT, KUALA JAMBI, TANJUNG JABUNG TIMUR, JAMBI",6,69,116,185
https://kawalpemilu.org#17020,"KAMPUNG LAUT, KUALA JAMBI, TANJUNG JABUNG TIMUR, JAMBI",7,130,75,205
https://kawalpemilu.org#17020,"KAMPUNG LAUT, KUALA JAMBI, TANJUNG JABUNG TIMUR, JAMBI",9,54,66,120
https://kawalpemilu.org#17020,"KAMPUNG LAUT, KUALA JAMBI, TANJUNG JABUNG TIMUR, JAMBI",10,113,103,216
https://kawalpemilu.org#17020,"KAMPUNG LAUT, KUALA JAMBI, TANJUNG JABUNG TIMUR, JAMBI",11,73,117,190
https://kawalpemilu.org#17020,"KAMPUNG LAUT, KUALA JAMBI, TANJUNG JABUNG TIMUR, JAMBI",12,86,125,211
https://kawalpemilu.org#17020,"KAMPUNG LAUT, KUALA JAMBI, TANJUNG JABUNG TIMUR, JAMBI",13,113,96,209
https://kawalpemilu.org#17021,"TANJUNG SOLOK, KUALA JAMBI, TANJUNG JABUNG TIMUR, JAMBI",1,90,118,208
https://kawalpemilu.org#17021,"TANJUNG SOLOK, KUALA JAMBI, TANJUNG JABUNG TIMUR, JAMBI",2,73,118,191
https://kawalpemilu.org#17021,"TANJUNG SOLOK, KUALA JAMBI, TANJUNG JABUNG TIMUR, JAMBI",3,120,109,229
https://kawalpemilu.org#17021,"TANJUNG SOLOK, KUALA JAMBI, TANJUNG JABUNG TIMUR, JAMBI",4,91,136,227
https://kawalpemilu.org#17021,"TANJUNG SOLOK, KUALA JAMBI, TANJUNG JABUNG TIMUR, JAMBI",5,83,112,195
https://kawalpemilu.org#17021,"TANJUNG SOLOK, KUALA JAMBI, TANJUNG JABUNG TIMUR, JAMBI",6,50,103,153
https://kawalpemilu.org#17021,"TANJUNG SOLOK, KUALA JAMBI, TANJUNG JABUNG TIMUR, JAMBI",7,43,123,166
https://kawalpemilu.org#17021,"TANJUNG SOLOK, KUALA JAMBI, TANJUNG JABUNG TIMUR, JAMBI",8,116,73,189
https://kawalpemilu.org#17021,"TANJUNG SOLOK, KUALA JAMBI, TANJUNG JABUNG TIMUR, JAMBI",9,138,66,204
https://kawalpemilu.org#17021,"TANJUNG SOLOK, KUALA JAMBI, TANJUNG JABUNG TIMUR, JAMBI",10,102,56,158
https://kawalpemilu.org#17021,"TANJUNG SOLOK, KUALA JAMBI, TANJUNG JABUNG TIMUR, JAMBI",11,172,83,255
https://kawalpemilu.org#17021,"TANJUNG SOLOK, KUALA JAMBI, TANJUNG JABUNG TIMUR, JAMBI",12,100,95,195
https://kawalpemilu.org#17021,"TANJUNG SOLOK, KUALA JAMBI, TANJUNG JABUNG TIMUR, JAMBI",13,71,71,142
https://kawalpemilu.org#17021,"TANJUNG SOLOK, KUALA JAMBI, TANJUNG JABUNG TIMUR, JAMBI",14,95,52,147
https://kawalpemilu.org#17022,"TELUK MAJELIS, KUALA JAMBI, TANJUNG JABUNG TIMUR, JAMBI",1,90,135,225
https://kawalpemilu.org#17022,"TELUK MAJELIS, KUALA JAMBI, TANJUNG JABUNG TIMUR, JAMBI",2,101,130,231
https://kawalpemilu.org#17022,"TELUK MAJELIS, KUALA JAMBI, TANJUNG JABUNG TIMUR, JAMBI",3,62,174,236
https://kawalpemilu.org#17022,"TELUK MAJELIS, KUALA JAMBI, TANJUNG JABUNG TIMUR, JAMBI",4,32,154,186
https://kawalpemilu.org#17022,"TELUK MAJELIS, KUALA JAMBI, TANJUNG JABUNG TIMUR, JAMBI",5,91,109,200
https://kawalpemilu.org#17022,"TELUK MAJELIS, KUALA JAMBI, TANJUNG JABUNG TIMUR, JAMBI",6,131,119,250
https://kawalpemilu.org#17022,"TELUK MAJELIS, KUALA JAMBI, TANJUNG JABUNG TIMUR, JAMBI",7,78,112,190
https://kawalpemilu.org#17023,"KUALA LAGAN, KUALA JAMBI, TANJUNG JABUNG TIMUR, JAMBI",1,106,119,225
https://kawalpemilu.org#17023,"KUALA LAGAN, KUALA JAMBI, TANJUNG JABUNG TIMUR, JAMBI",2,126,87,213
https://kawalpemilu.org#17023,"KUALA LAGAN, KUALA JAMBI, TANJUNG JABUNG TIMUR, JAMBI",3,105,77,182
https://kawalpemilu.org#17024,"MAJELIS HIDAYAH, KUALA JAMBI, TANJUNG JABUNG TIMUR, JAMBI",1,64,144,208
https://kawalpemilu.org#17024,"MAJELIS HIDAYAH, KUALA JAMBI, TANJUNG JABUNG TIMUR, JAMBI",2,84,126,210
https://kawalpemilu.org#17024,"MAJELIS HIDAYAH, KUALA JAMBI, TANJUNG JABUNG TIMUR, JAMBI",3,111,100,211
https://kawalpemilu.org#17024,"MAJELIS HIDAYAH, KUALA JAMBI, TANJUNG JABUNG TIMUR, JAMBI",4,155,79,234
https://kawalpemilu.org#17024,"MAJELIS HIDAYAH, KUALA JAMBI, TANJUNG JABUNG TIMUR, JAMBI",5,87,112,199
https://kawalpemilu.org#17024,"MAJELIS HIDAYAH, KUALA JAMBI, TANJUNG JABUNG TIMUR, JAMBI",6,84,100,184
https://kawalpemilu.org#17025,"MANUNGGAL MAKMUR, KUALA JAMBI, TANJUNG JABUNG TIMUR, JAMBI",1,57,20,77
https://kawalpemilu.org#17025,"MANUNGGAL MAKMUR, KUALA JAMBI, TANJUNG JABUNG TIMUR, JAMBI",2,118,33,151
https://kawalpemilu.org#17025,"MANUNGGAL MAKMUR, KUALA JAMBI, TANJUNG JABUNG TIMUR, JAMBI",3,85,34,119
https://kawalpemilu.org#17027,"SIMPANG TUAN, MENDAHARA ULU, TANJUNG JABUNG TIMUR, JAMBI",1,144,17,161
https://kawalpemilu.org#17027,"SIMPANG TUAN, MENDAHARA ULU, TANJUNG JABUNG TIMUR, JAMBI",2,122,136,258
https://kawalpemilu.org#17027,"SIMPANG TUAN, MENDAHARA ULU, TANJUNG JABUNG TIMUR, JAMBI",3,158,97,255
https://kawalpemilu.org#17027,"SIMPANG TUAN, MENDAHARA ULU, TANJUNG JABUNG TIMUR, JAMBI",4,101,45,146
https://kawalpemilu.org#17027,"SIMPANG TUAN, MENDAHARA ULU, TANJUNG JABUNG TIMUR, JAMBI",5,60,98,158
https://kawalpemilu.org#17027,"SIMPANG TUAN, MENDAHARA ULU, TANJUNG JABUNG TIMUR, JAMBI",6,154,75,229
https://kawalpemilu.org#17028,"PEMATANG RAHIM, MENDAHARA ULU, TANJUNG JABUNG TIMUR, JAMBI",1,106,47,153
https://kawalpemilu.org#17028,"PEMATANG RAHIM, MENDAHARA ULU, TANJUNG JABUNG TIMUR, JAMBI",2,84,81,165
https://kawalpemilu.org#17028,"PEMATANG RAHIM, MENDAHARA ULU, TANJUNG JABUNG TIMUR, JAMBI",3,79,83,162
https://kawalpemilu.org#17028,"PEMATANG RAHIM, MENDAHARA ULU, TANJUNG JABUNG TIMUR, JAMBI",4,91,62,153
https://kawalpemilu.org#17028,"PEMATANG RAHIM, MENDAHARA ULU, TANJUNG JABUNG TIMUR, JAMBI",5,130,54,184
https://kawalpemilu.org#17028,"PEMATANG RAHIM, MENDAHARA ULU, TANJUNG JABUNG TIMUR, JAMBI",6,112,71,183
https://kawalpemilu.org#17028,"PEMATANG RAHIM, MENDAHARA ULU, TANJUNG JABUNG TIMUR, JAMBI",7,33,31,64
https://kawalpemilu.org#17028,"PEMATANG RAHIM, MENDAHARA ULU, TANJUNG JABUNG TIMUR, JAMBI",8,89,86,175
https://kawalpemilu.org#17028,"PEMATANG RAHIM, MENDAHARA ULU, TANJUNG JABUNG TIMUR, JAMBI",9,120,47,167
https://kawalpemilu.org#17028,"PEMATANG RAHIM, MENDAHARA ULU, TANJUNG JABUNG TIMUR, JAMBI",10,91,43,134
https://kawalpemilu.org#17028,"PEMATANG RAHIM, MENDAHARA ULU, TANJUNG JABUNG TIMUR, JAMBI",11,111,35,146
https://kawalpemilu.org#17028,"PEMATANG RAHIM, MENDAHARA ULU, TANJUNG JABUNG TIMUR, JAMBI",12,114,86,200
https://kawalpemilu.org#17029,"SUNGAI TOMAN, MENDAHARA ULU, TANJUNG JABUNG TIMUR, JAMBI",1,84,71,155
https://kawalpemilu.org#17029,"SUNGAI TOMAN, MENDAHARA ULU, TANJUNG JABUNG TIMUR, JAMBI",2,140,94,234
https://kawalpemilu.org#17029,"SUNGAI TOMAN, MENDAHARA ULU, TANJUNG JABUNG TIMUR, JAMBI",3,118,91,209
https://kawalpemilu.org#17029,"SUNGAI TOMAN, MENDAHARA ULU, TANJUNG JABUNG TIMUR, JAMBI",4,131,103,234
https://kawalpemilu.org#17029,"SUNGAI TOMAN, MENDAHARA ULU, TANJUNG JABUNG TIMUR, JAMBI",5,115,79,194
https://kawalpemilu.org#17029,"SUNGAI TOMAN, MENDAHARA ULU, TANJUNG JABUNG TIMUR, JAMBI",6,98,34,132
https://kawalpemilu.org#17029,"SUNGAI TOMAN, MENDAHARA ULU, TANJUNG JABUNG TIMUR, JAMBI",7,90,23,113
https://kawalpemilu.org#17030,"BUKIT TEMPURUNG, MENDAHARA ULU, TANJUNG JABUNG TIMUR, JAMBI",1,66,91,157
https://kawalpemilu.org#17030,"BUKIT TEMPURUNG, MENDAHARA ULU, TANJUNG JABUNG TIMUR, JAMBI",2,50,77,127
https://kawalpemilu.org#17030,"BUKIT TEMPURUNG, MENDAHARA ULU, TANJUNG JABUNG TIMUR, JAMBI",3,85,94,179
https://kawalpemilu.org#17030,"BUKIT TEMPURUNG, MENDAHARA ULU, TANJUNG JABUNG TIMUR, JAMBI",4,116,67,183
https://kawalpemilu.org#17031,"SINAR WAJO, MENDAHARA ULU, TANJUNG JABUNG TIMUR, JAMBI",1,137,99,236
https://kawalpemilu.org#17031,"SINAR WAJO, MENDAHARA ULU, TANJUNG JABUNG TIMUR, JAMBI",2,105,134,239
https://kawalpemilu.org#17031,"SINAR WAJO, MENDAHARA ULU, TANJUNG JABUNG TIMUR, JAMBI",3,103,78,181
https://kawalpemilu.org#17031,"SINAR WAJO, MENDAHARA ULU, TANJUNG JABUNG TIMUR, JAMBI",4,159,22,181
https://kawalpemilu.org#17031,"SINAR WAJO, MENDAHARA ULU, TANJUNG JABUNG TIMUR, JAMBI",5,168,93,261
https://kawalpemilu.org#17031,"SINAR WAJO, MENDAHARA ULU, TANJUNG JABUNG TIMUR, JAMBI",6,63,35,98
https://kawalpemilu.org#17031,"SINAR WAJO, MENDAHARA ULU, TANJUNG JABUNG TIMUR, JAMBI",7,57,43,100
https://kawalpemilu.org#17032,"SUNGAI BERAS, MENDAHARA ULU, TANJUNG JABUNG TIMUR, JAMBI",1,141,111,252
https://kawalpemilu.org#17032,"SUNGAI BERAS, MENDAHARA ULU, TANJUNG JABUNG TIMUR, JAMBI",2,135,111,246
https://kawalpemilu.org#17032,"SUNGAI BERAS, MENDAHARA ULU, TANJUNG JABUNG TIMUR, JAMBI",3,178,44,222
https://kawalpemilu.org#17032,"SUNGAI BERAS, MENDAHARA ULU, TANJUNG JABUNG TIMUR, JAMBI",4,99,88,187
https://kawalpemilu.org#17032,"SUNGAI BERAS, MENDAHARA ULU, TANJUNG JABUNG TIMUR, JAMBI",5,188,64,252
https://kawalpemilu.org#17032,"SUNGAI BERAS, MENDAHARA ULU, TANJUNG JABUNG TIMUR, JAMBI",6,145,44,189
https://kawalpemilu.org#17032,"SUNGAI BERAS, MENDAHARA ULU, TANJUNG JABUNG TIMUR, JAMBI",7,72,116,188
https://kawalpemilu.org#17032,"SUNGAI BERAS, MENDAHARA ULU, TANJUNG JABUNG TIMUR, JAMBI",8,63,142,205
https://kawalpemilu.org#17032,"SUNGAI BERAS, MENDAHARA ULU, TANJUNG JABUNG TIMUR, JAMBI",9,83,23,106
https://kawalpemilu.org#17032,"SUNGAI BERAS, MENDAHARA ULU, TANJUNG JABUNG TIMUR, JAMBI",10,94,54,148
https://kawalpemilu.org#17032,"SUNGAI BERAS, MENDAHARA ULU, TANJUNG JABUNG TIMUR, JAMBI",11,89,53,142
https://kawalpemilu.org#17033,"MENCOLOK, MENDAHARA ULU, TANJUNG JABUNG TIMUR, JAMBI",1,116,52,168
https://kawalpemilu.org#17033,"MENCOLOK, MENDAHARA ULU, TANJUNG JABUNG TIMUR, JAMBI",2,143,43,186
https://kawalpemilu.org#17033,"MENCOLOK, MENDAHARA ULU, TANJUNG JABUNG TIMUR, JAMBI",3,133,44,177
https://kawalpemilu.org#17033,"MENCOLOK, MENDAHARA ULU, TANJUNG JABUNG TIMUR, JAMBI",4,142,43,185
https://kawalpemilu.org#17033,"MENCOLOK, MENDAHARA ULU, TANJUNG JABUNG TIMUR, JAMBI",5,72,35,107
https://kawalpemilu.org#17035,"PANDAN JAYA, GERAGAI, TANJUNG JABUNG TIMUR, JAMBI",1,177,28,205
https://kawalpemilu.org#17035,"PANDAN JAYA, GERAGAI, TANJUNG JABUNG TIMUR, JAMBI",2,147,111,258
https://kawalpemilu.org#17035,"PANDAN JAYA, GERAGAI, TANJUNG JABUNG TIMUR, JAMBI",3,175,99,274
https://kawalpemilu.org#17035,"PANDAN JAYA, GERAGAI, TANJUNG JABUNG TIMUR, JAMBI",4,104,161,265
https://kawalpemilu.org#17035,"PANDAN JAYA, GERAGAI, TANJUNG JABUNG TIMUR, JAMBI",5,109,109,218
https://kawalpemilu.org#17035,"PANDAN JAYA, GERAGAI, TANJUNG JABUNG TIMUR, JAMBI",6,159,113,272
https://kawalpemilu.org#17035,"PANDAN JAYA, GERAGAI, TANJUNG JABUNG TIMUR, JAMBI",7,174,89,263
https://kawalpemilu.org#17035,"PANDAN JAYA, GERAGAI, TANJUNG JABUNG TIMUR, JAMBI",8,170,52,222
https://kawalpemilu.org#17035,"PANDAN JAYA, GERAGAI, TANJUNG JABUNG TIMUR, JAMBI",9,120,136,256
https://kawalpemilu.org#17035,"PANDAN JAYA, GERAGAI, TANJUNG JABUNG TIMUR, JAMBI",10,69,142,211
https://kawalpemilu.org#17035,"PANDAN JAYA, GERAGAI, TANJUNG JABUNG TIMUR, JAMBI",11,83,69,152
https://kawalpemilu.org#17035,"PANDAN JAYA, GERAGAI, TANJUNG JABUNG TIMUR, JAMBI",12,70,145,215
https://kawalpemilu.org#17035,"PANDAN JAYA, GERAGAI, TANJUNG JABUNG TIMUR, JAMBI",13,78,196,274
https://kawalpemilu.org#17035,"PANDAN JAYA, GERAGAI, TANJUNG JABUNG TIMUR, JAMBI",14,175,45,220
https://kawalpemilu.org#17035,"PANDAN JAYA, GERAGAI, TANJUNG JABUNG TIMUR, JAMBI",15,109,79,188
https://kawalpemilu.org#17035,"PANDAN JAYA, GERAGAI, TANJUNG JABUNG TIMUR, JAMBI",16,122,36,158
https://kawalpemilu.org#17035,"PANDAN JAYA, GERAGAI, TANJUNG JABUNG TIMUR, JAMBI",17,150,43,193
https://kawalpemilu.org#17036,"LAGAN ULU, GERAGAI, TANJUNG JABUNG TIMUR, JAMBI",2,32,114,146
https://kawalpemilu.org#17036,"LAGAN ULU, GERAGAI, TANJUNG JABUNG TIMUR, JAMBI",3,80,112,192
https://kawalpemilu.org#17036,"LAGAN ULU, GERAGAI, TANJUNG JABUNG TIMUR, JAMBI",4,90,161,251
https://kawalpemilu.org#17036,"LAGAN ULU, GERAGAI, TANJUNG JABUNG TIMUR, JAMBI",5,57,171,228
https://kawalpemilu.org#17036,"LAGAN ULU, GERAGAI, TANJUNG JABUNG TIMUR, JAMBI",6,126,43,169
https://kawalpemilu.org#17036,"LAGAN ULU, GERAGAI, TANJUNG JABUNG TIMUR, JAMBI",7,71,123,194
https://kawalpemilu.org#17036,"LAGAN ULU, GERAGAI, TANJUNG JABUNG TIMUR, JAMBI",8,51,96,147
https://kawalpemilu.org#17037,"LAGAN TENGAH, GERAGAI, TANJUNG JABUNG TIMUR, JAMBI",1,78,171,249
https://kawalpemilu.org#17037,"LAGAN TENGAH, GERAGAI, TANJUNG JABUNG TIMUR, JAMBI",2,30,185,215
https://kawalpemilu.org#17037,"LAGAN TENGAH, GERAGAI, TANJUNG JABUNG TIMUR, JAMBI",3,36,163,199
https://kawalpemilu.org#17037,"LAGAN TENGAH, GERAGAI, TANJUNG JABUNG TIMUR, JAMBI",4,107,49,156
https://kawalpemilu.org#17037,"LAGAN TENGAH, GERAGAI, TANJUNG JABUNG TIMUR, JAMBI",5,92,94,186
https://kawalpemilu.org#17037,"LAGAN TENGAH, GERAGAI, TANJUNG JABUNG TIMUR, JAMBI",6,175,65,240
https://kawalpemilu.org#17037,"LAGAN TENGAH, GERAGAI, TANJUNG JABUNG TIMUR, JAMBI",7,86,123,209
https://kawalpemilu.org#17037,"LAGAN TENGAH, GERAGAI, TANJUNG JABUNG TIMUR, JAMBI",8,110,92,202
https://kawalpemilu.org#17037,"LAGAN TENGAH, GERAGAI, TANJUNG JABUNG TIMUR, JAMBI",9,173,79,252
https://kawalpemilu.org#17037,"LAGAN TENGAH, GERAGAI, TANJUNG JABUNG TIMUR, JAMBI",10,137,61,198
https://kawalpemilu.org#17037,"LAGAN TENGAH, GERAGAI, TANJUNG JABUNG TIMUR, JAMBI",11,180,87,267
https://kawalpemilu.org#17038,"PANDAN MAKMUR, GERAGAI, TANJUNG JABUNG TIMUR, JAMBI",1,225,39,264
https://kawalpemilu.org#17038,"PANDAN MAKMUR, GERAGAI, TANJUNG JABUNG TIMUR, JAMBI",2,182,66,248
https://kawalpemilu.org#17038,"PANDAN MAKMUR, GERAGAI, TANJUNG JABUNG TIMUR, JAMBI",3,201,19,220
https://kawalpemilu.org#17038,"PANDAN MAKMUR, GERAGAI, TANJUNG JABUNG TIMUR, JAMBI",4,147,18,165
https://kawalpemilu.org#17038,"PANDAN MAKMUR, GERAGAI, TANJUNG JABUNG TIMUR, JAMBI",5,168,30,198
https://kawalpemilu.org#17038,"PANDAN MAKMUR, GERAGAI, TANJUNG JABUNG TIMUR, JAMBI",6,122,33,155
https://kawalpemilu.org#17039,"PANDAN LAGAN, GERAGAI, TANJUNG JABUNG TIMUR, JAMBI",1,128,109,237
https://kawalpemilu.org#17039,"PANDAN LAGAN, GERAGAI, TANJUNG JABUNG TIMUR, JAMBI",2,146,56,202
https://kawalpemilu.org#17039,"PANDAN LAGAN, GERAGAI, TANJUNG JABUNG TIMUR, JAMBI",3,197,36,233
https://kawalpemilu.org#17039,"PANDAN LAGAN, GERAGAI, TANJUNG JABUNG TIMUR, JAMBI",4,177,31,208
https://kawalpemilu.org#17039,"PANDAN LAGAN, GERAGAI, TANJUNG JABUNG TIMUR, JAMBI",5,191,37,228
https://kawalpemilu.org#17039,"PANDAN LAGAN, GERAGAI, TANJUNG JABUNG TIMUR, JAMBI",6,183,29,212
https://kawalpemilu.org#17039,"PANDAN LAGAN, GERAGAI, TANJUNG JABUNG TIMUR, JAMBI",7,213,9,222
https://kawalpemilu.org#17040,"SUKA MAJU, GERAGAI, TANJUNG JABUNG TIMUR, JAMBI",1,226,45,271
https://kawalpemilu.org#17040,"SUKA MAJU, GERAGAI, TANJUNG JABUNG TIMUR, JAMBI",2,204,36,240
https://kawalpemilu.org#17040,"SUKA MAJU, GERAGAI, TANJUNG JABUNG TIMUR, JAMBI",3,189,59,248
https://kawalpemilu.org#17040,"SUKA MAJU, GERAGAI, TANJUNG JABUNG TIMUR, JAMBI",4,137,17,154
https://kawalpemilu.org#17040,"SUKA MAJU, GERAGAI, TANJUNG JABUNG TIMUR, JAMBI",5,213,22,235
https://kawalpemilu.org#17040,"SUKA MAJU, GERAGAI, TANJUNG JABUNG TIMUR, JAMBI",6,9,41,50
https://kawalpemilu.org#17040,"SUKA MAJU, GERAGAI, TANJUNG JABUNG TIMUR, JAMBI",7,173,52,225
https://kawalpemilu.org#17040,"SUKA MAJU, GERAGAI, TANJUNG JABUNG TIMUR, JAMBI",8,174,23,197
https://kawalpemilu.org#17040,"SUKA MAJU, GERAGAI, TANJUNG JABUNG TIMUR, JAMBI",9,143,21,164
https://kawalpemilu.org#17040,"SUKA MAJU, GERAGAI, TANJUNG JABUNG TIMUR, JAMBI",10,19,72,91
https://kawalpemilu.org#17041,"KOTA BARU, GERAGAI, TANJUNG JABUNG TIMUR, JAMBI",1,205,54,259
https://kawalpemilu.org#17041,"KOTA BARU, GERAGAI, TANJUNG JABUNG TIMUR, JAMBI",2,156,59,215
https://kawalpemilu.org#17041,"KOTA BARU, GERAGAI, TANJUNG JABUNG TIMUR, JAMBI",3,178,61,251
https://kawalpemilu.org#17041,"KOTA BARU, GERAGAI, TANJUNG JABUNG TIMUR, JAMBI",4,148,39,187
https://kawalpemilu.org#17041,"KOTA BARU, GERAGAI, TANJUNG JABUNG TIMUR, JAMBI",5,213,37,250
https://kawalpemilu.org#17041,"KOTA BARU, GERAGAI, TANJUNG JABUNG TIMUR, JAMBI",6,162,44,206
https://kawalpemilu.org#17042,"RANTAU KARYA, GERAGAI, TANJUNG JABUNG TIMUR, JAMBI",1,181,57,238
https://kawalpemilu.org#17042,"RANTAU KARYA, GERAGAI, TANJUNG JABUNG TIMUR, JAMBI",2,238,19,257
https://kawalpemilu.org#17042,"RANTAU KARYA, GERAGAI, TANJUNG JABUNG TIMUR, JAMBI",3,202,31,233
https://kawalpemilu.org#17043,"PANDAN SEJAHTERA, GERAGAI, TANJUNG JABUNG TIMUR, JAMBI",1,172,48,220
https://kawalpemilu.org#17043,"PANDAN SEJAHTERA, GERAGAI, TANJUNG JABUNG TIMUR, JAMBI",2,0,0,0
https://kawalpemilu.org#17043,"PANDAN SEJAHTERA, GERAGAI, TANJUNG JABUNG TIMUR, JAMBI",3,183,41,224
https://kawalpemilu.org#17043,"PANDAN SEJAHTERA, GERAGAI, TANJUNG JABUNG TIMUR, JAMBI",4,163,32,195
https://kawalpemilu.org#17043,"PANDAN SEJAHTERA, GERAGAI, TANJUNG JABUNG TIMUR, JAMBI",5,155,77,232
https://kawalpemilu.org#17043,"PANDAN SEJAHTERA, GERAGAI, TANJUNG JABUNG TIMUR, JAMBI",6,180,43,223
https://kawalpemilu.org#17045,"SIMPANG, BERBAK, TANJUNG JABUNG TIMUR, JAMBI",1,172,61,233
https://kawalpemilu.org#17045,"SIMPANG, BERBAK, TANJUNG JABUNG TIMUR, JAMBI",2,115,100,215
https://kawalpemilu.org#17045,"SIMPANG, BERBAK, TANJUNG JABUNG TIMUR, JAMBI",3,86,59,145
https://kawalpemilu.org#17045,"SIMPANG, BERBAK, TANJUNG JABUNG TIMUR, JAMBI",4,90,62,152
https://kawalpemilu.org#17045,"SIMPANG, BERBAK, TANJUNG JABUNG TIMUR, JAMBI",5,131,24,155
https://kawalpemilu.org#17045,"SIMPANG, BERBAK, TANJUNG JABUNG TIMUR, JAMBI",6,112,65,177
https://kawalpemilu.org#17045,"SIMPANG, BERBAK, TANJUNG JABUNG TIMUR, JAMBI",7,133,53,186
https://kawalpemilu.org#17046,"RANTAU RASAU, BERBAK, TANJUNG JABUNG TIMUR, JAMBI",1,101,74,175
https://kawalpemilu.org#17046,"RANTAU RASAU, BERBAK, TANJUNG JABUNG TIMUR, JAMBI",2,85,107,192
https://kawalpemilu.org#17046,"RANTAU RASAU, BERBAK, TANJUNG JABUNG TIMUR, JAMBI",3,63,80,143
https://kawalpemilu.org#17046,"RANTAU RASAU, BERBAK, TANJUNG JABUNG TIMUR, JAMBI",4,31,131,162
https://kawalpemilu.org#17046,"RANTAU RASAU, BERBAK, TANJUNG JABUNG TIMUR, JAMBI",5,200,20,220
https://kawalpemilu.org#17046,"RANTAU RASAU, BERBAK, TANJUNG JABUNG TIMUR, JAMBI",6,135,32,167
https://kawalpemilu.org#17046,"RANTAU RASAU, BERBAK, TANJUNG JABUNG TIMUR, JAMBI",7,177,74,251
https://kawalpemilu.org#17046,"RANTAU RASAU, BERBAK, TANJUNG JABUNG TIMUR, JAMBI",8,90,100,190
https://kawalpemilu.org#17046,"RANTAU RASAU, BERBAK, TANJUNG JABUNG TIMUR, JAMBI",9,55,61,116
https://kawalpemilu.org#17046,"RANTAU RASAU, BERBAK, TANJUNG JABUNG TIMUR, JAMBI",10,77,80,157
https://kawalpemilu.org#17047,"RANTAU MAKMUR, BERBAK, TANJUNG JABUNG TIMUR, JAMBI",1,136,120,256
https://kawalpemilu.org#17047,"RANTAU MAKMUR, BERBAK, TANJUNG JABUNG TIMUR, JAMBI",2,98,121,219
https://kawalpemilu.org#17047,"RANTAU MAKMUR, BERBAK, TANJUNG JABUNG TIMUR, JAMBI",3,138,43,181
https://kawalpemilu.org#17047,"RANTAU MAKMUR, BERBAK, TANJUNG JABUNG TIMUR, JAMBI",4,115,51,166
https://kawalpemilu.org#17047,"RANTAU MAKMUR, BERBAK, TANJUNG JABUNG TIMUR, JAMBI",5,61,39,100
https://kawalpemilu.org#17047,"RANTAU MAKMUR, BERBAK, TANJUNG JABUNG TIMUR, JAMBI",6,141,93,234
https://kawalpemilu.org#17047,"RANTAU MAKMUR, BERBAK, TANJUNG JABUNG TIMUR, JAMBI",7,83,76,159
https://kawalpemilu.org#17047,"RANTAU MAKMUR, BERBAK, TANJUNG JABUNG TIMUR, JAMBI",8,83,54,137
https://kawalpemilu.org#17047,"RANTAU MAKMUR, BERBAK, TANJUNG JABUNG TIMUR, JAMBI",9,105,33,138
https://kawalpemilu.org#17047,"RANTAU MAKMUR, BERBAK, TANJUNG JABUNG TIMUR, JAMBI",10,98,68,166
https://kawalpemilu.org#17048,"SUNGAI RAMBUT, BERBAK, TANJUNG JABUNG TIMUR, JAMBI",1,121,44,165
https://kawalpemilu.org#17048,"SUNGAI RAMBUT, BERBAK, TANJUNG JABUNG TIMUR, JAMBI",2,116,67,183
https://kawalpemilu.org#17049,"RAWA SARI, BERBAK, TANJUNG JABUNG TIMUR, JAMBI",1,86,67,153
https://kawalpemilu.org#17049,"RAWA SARI, BERBAK, TANJUNG JABUNG TIMUR, JAMBI",2,123,36,159
https://kawalpemilu.org#17049,"RAWA SARI, BERBAK, TANJUNG JABUNG TIMUR, JAMBI",3,2,58,60
https://kawalpemilu.org#17049,"RAWA SARI, BERBAK, TANJUNG JABUNG TIMUR, JAMBI",4,100,16,116
https://kawalpemilu.org#17050,"TELAGA LIMO, BERBAK, TANJUNG JABUNG TIMUR, JAMBI",1,181,62,243
https://kawalpemilu.org#17050,"TELAGA LIMO, BERBAK, TANJUNG JABUNG TIMUR, JAMBI",2,168,35,203
https://kawalpemilu.org#17050,"TELAGA LIMO, BERBAK, TANJUNG JABUNG TIMUR, JAMBI",3,133,34,167
https://kawalpemilu.org#17053,"PEDUKUN, TANAH TUMBUH, BUNGO, JAMBI",1,41,134,175
https://kawalpemilu.org#17053,"PEDUKUN, TANAH TUMBUH, BUNGO, JAMBI",2,33,158,191
https://kawalpemilu.org#17053,"PEDUKUN, TANAH TUMBUH, BUNGO, JAMBI",3,46,176,222
https://kawalpemilu.org#17053,"PEDUKUN, TANAH TUMBUH, BUNGO, JAMBI",4,38,141,179
https://kawalpemilu.org#17053,"PEDUKUN, TANAH TUMBUH, BUNGO, JAMBI",5,37,160,197
https://kawalpemilu.org#17053,"PEDUKUN, TANAH TUMBUH, BUNGO, JAMBI",6,35,139,174
https://kawalpemilu.org#17054,"LUBUK NIUR, TANAH TUMBUH, BUNGO, JAMBI",1,19,169,188
https://kawalpemilu.org#17054,"LUBUK NIUR, TANAH TUMBUH, BUNGO, JAMBI",2,20,157,177
https://kawalpemilu.org#17054,"LUBUK NIUR, TANAH TUMBUH, BUNGO, JAMBI",3,30,165,195
https://kawalpemilu.org#17054,"LUBUK NIUR, TANAH TUMBUH, BUNGO, JAMBI",4,35,159,194
https://kawalpemilu.org#17055,"TELUK KECIMBUNG, TANAH TUMBUH, BUNGO, JAMBI",1,20,196,216
https://kawalpemilu.org#17055,"TELUK KECIMBUNG, TANAH TUMBUH, BUNGO, JAMBI",2,22,181,203
https://kawalpemilu.org#17055,"TELUK KECIMBUNG, TANAH TUMBUH, BUNGO, JAMBI",3,17,180,197
https://kawalpemilu.org#17055,"TELUK KECIMBUNG, TANAH TUMBUH, BUNGO, JAMBI",4,20,241,261
https://kawalpemilu.org#17056,"TANAH TUMBUH, TANAH TUMBUH, BUNGO, JAMBI",1,30,209,239
https://kawalpemilu.org#17056,"TANAH TUMBUH, TANAH TUMBUH, BUNGO, JAMBI",2,36,153,189
https://kawalpemilu.org#17056,"TANAH TUMBUH, TANAH TUMBUH, BUNGO, JAMBI",3,24,179,203
https://kawalpemilu.org#17056,"TANAH TUMBUH, TANAH TUMBUH, BUNGO, JAMBI",4,22,211,233
https://kawalpemilu.org#17057,"RAMBAH, TANAH TUMBUH, BUNGO, JAMBI",1,58,136,194
https://kawalpemilu.org#17057,"RAMBAH, TANAH TUMBUH, BUNGO, JAMBI",2,41,123,164
https://kawalpemilu.org#17057,"RAMBAH, TANAH TUMBUH, BUNGO, JAMBI",3,74,112,186
https://kawalpemilu.org#17057,"RAMBAH, TANAH TUMBUH, BUNGO, JAMBI",4,47,130,177
https://kawalpemilu.org#17057,"RAMBAH, TANAH TUMBUH, BUNGO, JAMBI",5,55,154,209
https://kawalpemilu.org#17058,"TEBING TINGGI ULEH, TANAH TUMBUH, BUNGO, JAMBI",1,65,136,201
https://kawalpemilu.org#17058,"TEBING TINGGI ULEH, TANAH TUMBUH, BUNGO, JAMBI",2,98,108,206
https://kawalpemilu.org#17058,"TEBING TINGGI ULEH, TANAH TUMBUH, BUNGO, JAMBI",3,51,132,183
https://kawalpemilu.org#17058,"TEBING TINGGI ULEH, TANAH TUMBUH, BUNGO, JAMBI",4,65,114,179
https://kawalpemilu.org#17058,"TEBING TINGGI ULEH, TANAH TUMBUH, BUNGO, JAMBI",5,65,64,129
https://kawalpemilu.org#17059,"BUKIT KEMANG BARU, TANAH TUMBUH, BUNGO, JAMBI",1,58,137,195
https://kawalpemilu.org#17059,"BUKIT KEMANG BARU, TANAH TUMBUH, BUNGO, JAMBI",3,69,134,203
https://kawalpemilu.org#17059,"BUKIT KEMANG BARU, TANAH TUMBUH, BUNGO, JAMBI",4,47,128,175
https://kawalpemilu.org#17059,"BUKIT KEMANG BARU, TANAH TUMBUH, BUNGO, JAMBI",5,109,94,203
https://kawalpemilu.org#17059,"BUKIT KEMANG BARU, TANAH TUMBUH, BUNGO, JAMBI",6,53,74,127
https://kawalpemilu.org#17059,"BUKIT KEMANG BARU, TANAH TUMBUH, BUNGO, JAMBI",7,131,125,256
https://kawalpemilu.org#17059,"BUKIT KEMANG BARU, TANAH TUMBUH, BUNGO, JAMBI",8,60,214,274
https://kawalpemilu.org#17060,"PANJANG, TANAH TUMBUH, BUNGO, JAMBI",1,23,111,134
https://kawalpemilu.org#17060,"PANJANG, TANAH TUMBUH, BUNGO, JAMBI",2,53,156,209
https://kawalpemilu.org#17060,"PANJANG, TANAH TUMBUH, BUNGO, JAMBI",3,25,125,150
https://kawalpemilu.org#17060,"PANJANG, TANAH TUMBUH, BUNGO, JAMBI",4,28,102,130
https://kawalpemilu.org#17060,"PANJANG, TANAH TUMBUH, BUNGO, JAMBI",5,24,132,156
https://kawalpemilu.org#17061,"PERENTI LUWEH, TANAH TUMBUH, BUNGO, JAMBI",1,43,144,187
https://kawalpemilu.org#17061,"PERENTI LUWEH, TANAH TUMBUH, BUNGO, JAMBI",2,51,76,127
https://kawalpemilu.org#17061,"PERENTI LUWEH, TANAH TUMBUH, BUNGO, JAMBI",3,46,108,154
https://kawalpemilu.org#17061,"PERENTI LUWEH, TANAH TUMBUH, BUNGO, JAMBI",4,59,51,110
https://kawalpemilu.org#17062,"RENAH JELMU, TANAH TUMBUH, BUNGO, JAMBI",1,123,71,194
https://kawalpemilu.org#17062,"RENAH JELMU, TANAH TUMBUH, BUNGO, JAMBI",2,167,62,229
https://kawalpemilu.org#17062,"RENAH JELMU, TANAH TUMBUH, BUNGO, JAMBI",3,94,53,147
https://kawalpemilu.org#17062,"RENAH JELMU, TANAH TUMBUH, BUNGO, JAMBI",4,100,38,138
https://kawalpemilu.org#17063,"KOTO JAYO, TANAH TUMBUH, BUNGO, JAMBI",1,35,169,204
https://kawalpemilu.org#17063,"KOTO JAYO, TANAH TUMBUH, BUNGO, JAMBI",2,31,178,209
https://kawalpemilu.org#17063,"KOTO JAYO, TANAH TUMBUH, BUNGO, JAMBI",3,34,143,177
https://kawalpemilu.org#17063,"KOTO JAYO, TANAH TUMBUH, BUNGO, JAMBI",4,24,146,170
https://kawalpemilu.org#17063,"KOTO JAYO, TANAH TUMBUH, BUNGO, JAMBI",5,21,190,211
https://kawalpemilu.org#17065,"RANTAU DUKU, RANTAU PANDAN, BUNGO, JAMBI",1,34,235,269
https://kawalpemilu.org#17065,"RANTAU DUKU, RANTAU PANDAN, BUNGO, JAMBI",2,44,193,237
https://kawalpemilu.org#17065,"RANTAU DUKU, RANTAU PANDAN, BUNGO, JAMBI",3,14,158,172
https://kawalpemilu.org#17065,"RANTAU DUKU, RANTAU PANDAN, BUNGO, JAMBI",4,30,217,247
https://kawalpemilu.org#17065,"RANTAU DUKU, RANTAU PANDAN, BUNGO, JAMBI",5,39,235,274
https://kawalpemilu.org#17065,"RANTAU DUKU, RANTAU PANDAN, BUNGO, JAMBI",6,23,161,184
https://kawalpemilu.org#17065,"RANTAU DUKU, RANTAU PANDAN, BUNGO, JAMBI",7,45,129,174
https://kawalpemilu.org#17066,"TALANG SUNGAI BUNGO, RANTAU PANDAN, BUNGO, JAMBI",1,40,129,169
https://kawalpemilu.org#17066,"TALANG SUNGAI BUNGO, RANTAU PANDAN, BUNGO, JAMBI",2,39,171,210
https://kawalpemilu.org#17067,"RANTAU PANDAN, RANTAU PANDAN, BUNGO, JAMBI",1,77,63,140
https://kawalpemilu.org#17067,"RANTAU PANDAN, RANTAU PANDAN, BUNGO, JAMBI",2,39,127,166
https://kawalpemilu.org#17067,"RANTAU PANDAN, RANTAU PANDAN, BUNGO, JAMBI",3,34,118,152
https://kawalpemilu.org#17067,"RANTAU PANDAN, RANTAU PANDAN, BUNGO, JAMBI",4,18,143,161
https://kawalpemilu.org#17067,"RANTAU PANDAN, RANTAU PANDAN, BUNGO, JAMBI",5,33,78,111
https://kawalpemilu.org#17067,"RANTAU PANDAN, RANTAU PANDAN, BUNGO, JAMBI",6,30,138,168
https://kawalpemilu.org#17067,"RANTAU PANDAN, RANTAU PANDAN, BUNGO, JAMBI",7,52,152,204
https://kawalpemilu.org#17067,"RANTAU PANDAN, RANTAU PANDAN, BUNGO, JAMBI",8,97,137,234
https://kawalpemilu.org#17067,"RANTAU PANDAN, RANTAU PANDAN, BUNGO, JAMBI",9,44,144,188
https://kawalpemilu.org#17067,"RANTAU PANDAN, RANTAU PANDAN, BUNGO, JAMBI",10,72,175,247
https://kawalpemilu.org#17067,"RANTAU PANDAN, RANTAU PANDAN, BUNGO, JAMBI",11,55,166,221
https://kawalpemilu.org#17067,"RANTAU PANDAN, RANTAU PANDAN, BUNGO, JAMBI",12,38,152,190
https://kawalpemilu.org#17068,"LEBAN, RANTAU PANDAN, BUNGO, JAMBI",1,26,232,258
https://kawalpemilu.org#17068,"LEBAN, RANTAU PANDAN, BUNGO, JAMBI",2,14,223,237
https://kawalpemilu.org#17068,"LEBAN, RANTAU PANDAN, BUNGO, JAMBI",3,34,130,164
https://kawalpemilu.org#17068,"LEBAN, RANTAU PANDAN, BUNGO, JAMBI",4,12,138,150
https://kawalpemilu.org#17068,"LEBAN, RANTAU PANDAN, BUNGO, JAMBI",5,20,191,211
https://kawalpemilu.org#17069,"LUBUK KAYU ARO, RANTAU PANDAN, BUNGO, JAMBI",1,26,195,221
https://kawalpemilu.org#17069,"LUBUK KAYU ARO, RANTAU PANDAN, BUNGO, JAMBI",2,35,187,222
https://kawalpemilu.org#17069,"LUBUK KAYU ARO, RANTAU PANDAN, BUNGO, JAMBI",3,56,180,236
https://kawalpemilu.org#17070,"LUBUK MAYAN, RANTAU PANDAN, BUNGO, JAMBI",1,47,115,162
https://kawalpemilu.org#17070,"LUBUK MAYAN, RANTAU PANDAN, BUNGO, JAMBI",2,71,103,174
https://kawalpemilu.org#17070,"LUBUK MAYAN, RANTAU PANDAN, BUNGO, JAMBI",3,80,138,218
https://kawalpemilu.org#17072,"TANJUNG GEDANG, PASAR MUARO BUNGO, BUNGO, JAMBI",1,58,192,250
https://kawalpemilu.org#17072,"TANJUNG GEDANG, PASAR MUARO BUNGO, BUNGO, JAMBI",2,54,172,226
https://kawalpemilu.org#17072,"TANJUNG GEDANG, PASAR MUARO BUNGO, BUNGO, JAMBI",3,57,129,186
https://kawalpemilu.org#17072,"TANJUNG GEDANG, PASAR MUARO BUNGO, BUNGO, JAMBI",4,53,135,188
https://kawalpemilu.org#17072,"TANJUNG GEDANG, PASAR MUARO BUNGO, BUNGO, JAMBI",5,69,204,273
https://kawalpemilu.org#17072,"TANJUNG GEDANG, PASAR MUARO BUNGO, BUNGO, JAMBI",6,56,140,196
https://kawalpemilu.org#17072,"TANJUNG GEDANG, PASAR MUARO BUNGO, BUNGO, JAMBI",7,55,154,209
https://kawalpemilu.org#17072,"TANJUNG GEDANG, PASAR MUARO BUNGO, BUNGO, JAMBI",8,29,96,125
https://kawalpemilu.org#17073,"BUNGO TIMUR, PASAR MUARO BUNGO, BUNGO, JAMBI",1,36,116,152
https://kawalpemilu.org#17073,"BUNGO TIMUR, PASAR MUARO BUNGO, BUNGO, JAMBI",2,75,157,232
https://kawalpemilu.org#17073,"BUNGO TIMUR, PASAR MUARO BUNGO, BUNGO, JAMBI",3,47,92,139
https://kawalpemilu.org#17073,"BUNGO TIMUR, PASAR MUARO BUNGO, BUNGO, JAMBI",4,36,94,130
https://kawalpemilu.org#17073,"BUNGO TIMUR, PASAR MUARO BUNGO, BUNGO, JAMBI",5,47,173,220
https://kawalpemilu.org#17073,"BUNGO TIMUR, PASAR MUARO BUNGO, BUNGO, JAMBI",6,40,171,211
https://kawalpemilu.org#17073,"BUNGO TIMUR, PASAR MUARO BUNGO, BUNGO, JAMBI",7,51,143,194
https://kawalpemilu.org#17073,"BUNGO TIMUR, PASAR MUARO BUNGO, BUNGO, JAMBI",8,29,216,245
https://kawalpemilu.org#17073,"BUNGO TIMUR, PASAR MUARO BUNGO, BUNGO, JAMBI",9,45,114,159
https://kawalpemilu.org#17073,"BUNGO TIMUR, PASAR MUARO BUNGO, BUNGO, JAMBI",10,25,96,121
https://kawalpemilu.org#17074,"BUNGO BARAT, PASAR MUARO BUNGO, BUNGO, JAMBI",1,16,215,231
https://kawalpemilu.org#17074,"BUNGO BARAT, PASAR MUARO BUNGO, BUNGO, JAMBI",2,49,127,127
https://kawalpemilu.org#17074,"BUNGO BARAT, PASAR MUARO BUNGO, BUNGO, JAMBI",3,29,93,122
https://kawalpemilu.org#17074,"BUNGO BARAT, PASAR MUARO BUNGO, BUNGO, JAMBI",4,41,131,172
https://kawalpemilu.org#17074,"BUNGO BARAT, PASAR MUARO BUNGO, BUNGO, JAMBI",5,28,128,156
https://kawalpemilu.org#17074,"BUNGO BARAT, PASAR MUARO BUNGO, BUNGO, JAMBI",6,57,168,225
https://kawalpemilu.org#17074,"BUNGO BARAT, PASAR MUARO BUNGO, BUNGO, JAMBI",7,70,166,236
https://kawalpemilu.org#17074,"BUNGO BARAT, PASAR MUARO BUNGO, BUNGO, JAMBI",8,79,108,187
https://kawalpemilu.org#17074,"BUNGO BARAT, PASAR MUARO BUNGO, BUNGO, JAMBI",9,26,62,88
https://kawalpemilu.org#17074,"BUNGO BARAT, PASAR MUARO BUNGO, BUNGO, JAMBI",10,25,85,108
https://kawalpemilu.org#17074,"BUNGO BARAT, PASAR MUARO BUNGO, BUNGO, JAMBI",11,80,58,138
https://kawalpemilu.org#17075,"JAYA SETIA, PASAR MUARO BUNGO, BUNGO, JAMBI",1,51,143,194
https://kawalpemilu.org#17075,"JAYA SETIA, PASAR MUARO BUNGO, BUNGO, JAMBI",2,48,132,180
https://kawalpemilu.org#17075,"JAYA SETIA, PASAR MUARO BUNGO, BUNGO, JAMBI",3,74,129,203
https://kawalpemilu.org#17075,"JAYA SETIA, PASAR MUARO BUNGO, BUNGO, JAMBI",4,63,156,219
https://kawalpemilu.org#17075,"JAYA SETIA, PASAR MUARO BUNGO, BUNGO, JAMBI",5,104,150,254
https://kawalpemilu.org#17075,"JAYA SETIA, PASAR MUARO BUNGO, BUNGO, JAMBI",6,60,163,223
https://kawalpemilu.org#17075,"JAYA SETIA, PASAR MUARO BUNGO, BUNGO, JAMBI",7,41,111,152
https://kawalpemilu.org#17075,"JAYA SETIA, PASAR MUARO BUNGO, BUNGO, JAMBI",8,27,173,200
https://kawalpemilu.org#17075,"JAYA SETIA, PASAR MUARO BUNGO, BUNGO, JAMBI",9,33,225,258
https://kawalpemilu.org#17075,"JAYA SETIA, PASAR MUARO BUNGO, BUNGO, JAMBI",10,29,189,218
https://kawalpemilu.org#17075,"JAYA SETIA, PASAR MUARO BUNGO, BUNGO, JAMBI",11,40,176,216
https://kawalpemilu.org#17075,"JAYA SETIA, PASAR MUARO BUNGO, BUNGO, JAMBI",12,50,132,182
https://kawalpemilu.org#17075,"JAYA SETIA, PASAR MUARO BUNGO, BUNGO, JAMBI",13,32,203,235
https://kawalpemilu.org#17075,"JAYA SETIA, PASAR MUARO BUNGO, BUNGO, JAMBI",14,42,147,189
https://kawalpemilu.org#17075,"JAYA SETIA, PASAR MUARO BUNGO, BUNGO, JAMBI",15,61,210,271
https://kawalpemilu.org#17075,"JAYA SETIA, PASAR MUARO BUNGO, BUNGO, JAMBI",16,22,182,204
https://kawalpemilu.org#17075,"JAYA SETIA, PASAR MUARO BUNGO, BUNGO, JAMBI",17,56,208,264
https://kawalpemilu.org#17076,"BATANG BUNGO, PASAR MUARO BUNGO, BUNGO, JAMBI",1,72,176,248
https://kawalpemilu.org#17076,"BATANG BUNGO, PASAR MUARO BUNGO, BUNGO, JAMBI",2,21,117,138
https://kawalpemilu.org#17076,"BATANG BUNGO, PASAR MUARO BUNGO, BUNGO, JAMBI",3,20,134,154
https://kawalpemilu.org#17076,"BATANG BUNGO, PASAR MUARO BUNGO, BUNGO, JAMBI",4,28,204,232
https://kawalpemilu.org#17076,"BATANG BUNGO, PASAR MUARO BUNGO, BUNGO, JAMBI",5,16,201,217
https://kawalpemilu.org#17076,"BATANG BUNGO, PASAR MUARO BUNGO, BUNGO, JAMBI",6,42,89,131
https://kawalpemilu.org#17076,"BATANG BUNGO, PASAR MUARO BUNGO, BUNGO, JAMBI",7,25,126,151
https://kawalpemilu.org#17076,"BATANG BUNGO, PASAR MUARO BUNGO, BUNGO, JAMBI",8,59,137,196
https://kawalpemilu.org#17076,"BATANG BUNGO, PASAR MUARO BUNGO, BUNGO, JAMBI",9,25,81,106
https://kawalpemilu.org#17076,"BATANG BUNGO, PASAR MUARO BUNGO, BUNGO, JAMBI",10,108,96,204
https://kawalpemilu.org#17076,"BATANG BUNGO, PASAR MUARO BUNGO, BUNGO, JAMBI",11,135,59,194
https://kawalpemilu.org#17076,"BATANG BUNGO, PASAR MUARO BUNGO, BUNGO, JAMBI",13,10,105,115
https://kawalpemilu.org#17076,"BATANG BUNGO, PASAR MUARO BUNGO, BUNGO, JAMBI",14,52,92,144
https://kawalpemilu.org#17078,"TANJUNG BELIT, JUJUHAN, BUNGO, JAMBI",1,43,126,169
https://kawalpemilu.org#17078,"TANJUNG BELIT, JUJUHAN, BUNGO, JAMBI",2,35,153,188
https://kawalpemilu.org#17078,"TANJUNG BELIT, JUJUHAN, BUNGO, JAMBI",3,27,199,226
https://kawalpemilu.org#17078,"TANJUNG BELIT, JUJUHAN, BUNGO, JAMBI",4,25,93,118
https://kawalpemilu.org#17078,"TANJUNG BELIT, JUJUHAN, BUNGO, JAMBI",5,34,167,201
https://kawalpemilu.org#17079,"RANTAU IKIL, JUJUHAN, BUNGO, JAMBI",1,40,186,226
https://kawalpemilu.org#17079,"RANTAU IKIL, JUJUHAN, BUNGO, JAMBI",2,27,177,204
https://kawalpemilu.org#17079,"RANTAU IKIL, JUJUHAN, BUNGO, JAMBI",3,23,152,175
https://kawalpemilu.org#17079,"RANTAU IKIL, JUJUHAN, BUNGO, JAMBI",4,24,98,122
https://kawalpemilu.org#17079,"RANTAU IKIL, JUJUHAN, BUNGO, JAMBI",5,32,206,238
https://kawalpemilu.org#17079,"RANTAU IKIL, JUJUHAN, BUNGO, JAMBI",6,69,115,184
https://kawalpemilu.org#17079,"RANTAU IKIL, JUJUHAN, BUNGO, JAMBI",7,127,102,229
https://kawalpemilu.org#17079,"RANTAU IKIL, JUJUHAN, BUNGO, JAMBI",8,179,65,244
https://kawalpemilu.org#17079,"RANTAU IKIL, JUJUHAN, BUNGO, JAMBI",9,143,75,218
https://kawalpemilu.org#17079,"RANTAU IKIL, JUJUHAN, BUNGO, JAMBI",10,48,125,173
https://kawalpemilu.org#17080,"PULAU JELMU, JUJUHAN, BUNGO, JAMBI",1,76,152,228
https://kawalpemilu.org#17080,"PULAU JELMU, JUJUHAN, BUNGO, JAMBI",2,29,146,175
https://kawalpemilu.org#17080,"PULAU JELMU, JUJUHAN, BUNGO, JAMBI",3,24,191,215
https://kawalpemilu.org#17080,"PULAU JELMU, JUJUHAN, BUNGO, JAMBI",4,24,198,222
https://kawalpemilu.org#17081,"SIRIH SEKAPUR, JUJUHAN, BUNGO, JAMBI",1,24,176,200
https://kawalpemilu.org#17081,"SIRIH SEKAPUR, JUJUHAN, BUNGO, JAMBI",2,20,169,189
https://kawalpemilu.org#17081,"SIRIH SEKAPUR, JUJUHAN, BUNGO, JAMBI",3,26,181,207
https://kawalpemilu.org#17081,"SIRIH SEKAPUR, JUJUHAN, BUNGO, JAMBI",4,46,172,218
https://kawalpemilu.org#17081,"SIRIH SEKAPUR, JUJUHAN, BUNGO, JAMBI",5,40,211,251
https://kawalpemilu.org#17081,"SIRIH SEKAPUR, JUJUHAN, BUNGO, JAMBI",6,16,182,198
https://kawalpemilu.org#17081,"SIRIH SEKAPUR, JUJUHAN, BUNGO, JAMBI",7,50,180,230
https://kawalpemilu.org#17081,"SIRIH SEKAPUR, JUJUHAN, BUNGO, JAMBI",8,49,159,208
https://kawalpemilu.org#17081,"SIRIH SEKAPUR, JUJUHAN, BUNGO, JAMBI",9,47,169,216
https://kawalpemilu.org#17082,"UJUNG TANJUNG, JUJUHAN, BUNGO, JAMBI",1,24,104,128
https://kawalpemilu.org#17082,"UJUNG TANJUNG, JUJUHAN, BUNGO, JAMBI",2,29,160,189
https://kawalpemilu.org#17082,"UJUNG TANJUNG, JUJUHAN, BUNGO, JAMBI",3,54,171,225
https://kawalpemilu.org#17082,"UJUNG TANJUNG, JUJUHAN, BUNGO, JAMBI",4,51,152,203
https://kawalpemilu.org#17082,"UJUNG TANJUNG, JUJUHAN, BUNGO, JAMBI",5,77,71,148
https://kawalpemilu.org#17082,"UJUNG TANJUNG, JUJUHAN, BUNGO, JAMBI",6,47,182,229
https://kawalpemilu.org#17083,"JUMBAK, JUJUHAN, BUNGO, JAMBI",1,16,199,210
https://kawalpemilu.org#17083,"JUMBAK, JUJUHAN, BUNGO, JAMBI",2,8,185,193
https://kawalpemilu.org#17083,"JUMBAK, JUJUHAN, BUNGO, JAMBI",3,15,203,218
https://kawalpemilu.org#17084,"RANTAU PANJANG, JUJUHAN, BUNGO, JAMBI",1,27,205,232
https://kawalpemilu.org#17084,"RANTAU PANJANG, JUJUHAN, BUNGO, JAMBI",2,32,202,234
https://kawalpemilu.org#17084,"RANTAU PANJANG, JUJUHAN, BUNGO, JAMBI",3,17,243,260
https://kawalpemilu.org#17085,"TALANG PAMESUN, JUJUHAN, BUNGO, JAMBI",1,33,148,181
https://kawalpemilu.org#17085,"TALANG PAMESUN, JUJUHAN, BUNGO, JAMBI",2,32,101,133
https://kawalpemilu.org#17085,"TALANG PAMESUN, JUJUHAN, BUNGO, JAMBI",3,24,122,146
https://kawalpemilu.org#17085,"TALANG PAMESUN, JUJUHAN, BUNGO, JAMBI",4,19,90,109
https://kawalpemilu.org#17085,"TALANG PAMESUN, JUJUHAN, BUNGO, JAMBI",5,59,67,126
https://kawalpemilu.org#17085,"TALANG PAMESUN, JUJUHAN, BUNGO, JAMBI",6,86,71,157
https://kawalpemilu.org#84670,"BARU BALAI PANJANG, JUJUHAN, BUNGO, JAMBI",1,64,110,174
https://kawalpemilu.org#84670,"BARU BALAI PANJANG, JUJUHAN, BUNGO, JAMBI",2,56,111,167
https://kawalpemilu.org#84671,"SIRIH SEKAPUR PERKEMBANGAN, JUJUHAN, BUNGO, JAMBI",1,97,91,188
https://kawalpemilu.org#84671,"SIRIH SEKAPUR PERKEMBANGAN, JUJUHAN, BUNGO, JAMBI",2,105,67,172
https://kawalpemilu.org#84671,"SIRIH SEKAPUR PERKEMBANGAN, JUJUHAN, BUNGO, JAMBI",3,112,91,203
https://kawalpemilu.org#84671,"SIRIH SEKAPUR PERKEMBANGAN, JUJUHAN, BUNGO, JAMBI",4,119,73,192
https://kawalpemilu.org#84671,"SIRIH SEKAPUR PERKEMBANGAN, JUJUHAN, BUNGO, JAMBI",5,129,87,216
https://kawalpemilu.org#17087,"TELUK PANDAK, TANAH SEPENGGAL, BUNGO, JAMBI",1,5,162,167
https://kawalpemilu.org#17087,"TELUK PANDAK, TANAH SEPENGGAL, BUNGO, JAMBI",2,4,199,203
https://kawalpemilu.org#17087,"TELUK PANDAK, TANAH SEPENGGAL, BUNGO, JAMBI",3,7,211,218
https://kawalpemilu.org#17087,"TELUK PANDAK, TANAH SEPENGGAL, BUNGO, JAMBI",4,13,179,192
https://kawalpemilu.org#17087,"TELUK PANDAK, TANAH SEPENGGAL, BUNGO, JAMBI",5,13,175,188
https://kawalpemilu.org#17087,"TELUK PANDAK, TANAH SEPENGGAL, BUNGO, JAMBI",6,5,218,223
https://kawalpemilu.org#17087,"TELUK PANDAK, TANAH SEPENGGAL, BUNGO, JAMBI",7,18,207,225
https://kawalpemilu.org#17087,"TELUK PANDAK, TANAH SEPENGGAL, BUNGO, JAMBI",8,7,219,226
https://kawalpemilu.org#17087,"TELUK PANDAK, TANAH SEPENGGAL, BUNGO, JAMBI",9,18,201,219
https://kawalpemilu.org#17087,"TELUK PANDAK, TANAH SEPENGGAL, BUNGO, JAMBI",10,17,211,228
https://kawalpemilu.org#17087,"TELUK PANDAK, TANAH SEPENGGAL, BUNGO, JAMBI",11,23,211,234
https://kawalpemilu.org#17088,"EMPELU, TANAH SEPENGGAL, BUNGO, JAMBI",1,3,189,192
https://kawalpemilu.org#17088,"EMPELU, TANAH SEPENGGAL, BUNGO, JAMBI",2,10,194,204
https://kawalpemilu.org#17088,"EMPELU, TANAH SEPENGGAL, BUNGO, JAMBI",3,6,181,187
https://kawalpemilu.org#17088,"EMPELU, TANAH SEPENGGAL, BUNGO, JAMBI",4,8,200,208
https://kawalpemilu.org#17088,"EMPELU, TANAH SEPENGGAL, BUNGO, JAMBI",5,8,168,176
https://kawalpemilu.org#17088,"EMPELU, TANAH SEPENGGAL, BUNGO, JAMBI",6,14,213,227
https://kawalpemilu.org#17088,"EMPELU, TANAH SEPENGGAL, BUNGO, JAMBI",7,20,219,239
https://kawalpemilu.org#17088,"EMPELU, TANAH SEPENGGAL, BUNGO, JAMBI",8,26,174,200
https://kawalpemilu.org#17088,"EMPELU, TANAH SEPENGGAL, BUNGO, JAMBI",9,12,202,214
https://kawalpemilu.org#17088,"EMPELU, TANAH SEPENGGAL, BUNGO, JAMBI",10,8,160,168
https://kawalpemilu.org#17088,"EMPELU, TANAH SEPENGGAL, BUNGO, JAMBI",11,16,169,185
https://kawalpemilu.org#17088,"EMPELU, TANAH SEPENGGAL, BUNGO, JAMBI",12,22,157,179
https://kawalpemilu.org#17089,"PASAR LUBUK LANDAI, TANAH SEPENGGAL, BUNGO, JAMBI",1,36,172,208
https://kawalpemilu.org#17089,"PASAR LUBUK LANDAI, TANAH SEPENGGAL, BUNGO, JAMBI",2,30,189,219
https://kawalpemilu.org#17089,"PASAR LUBUK LANDAI, TANAH SEPENGGAL, BUNGO, JAMBI",3,40,132,172
https://kawalpemilu.org#17089,"PASAR LUBUK LANDAI, TANAH SEPENGGAL, BUNGO, JAMBI",4,55,125,180
https://kawalpemilu.org#17089,"PASAR LUBUK LANDAI, TANAH SEPENGGAL, BUNGO, JAMBI",5,29,132,161
https://kawalpemilu.org#17089,"PASAR LUBUK LANDAI, TANAH SEPENGGAL, BUNGO, JAMBI",6,38,128,166
https://kawalpemilu.org#17090,"SUNGAI GAMBIR, TANAH SEPENGGAL, BUNGO, JAMBI",1,80,112,192
https://kawalpemilu.org#17090,"SUNGAI GAMBIR, TANAH SEPENGGAL, BUNGO, JAMBI",2,80,125,205
https://kawalpemilu.org#17090,"SUNGAI GAMBIR, TANAH SEPENGGAL, BUNGO, JAMBI",3,63,116,179
https://kawalpemilu.org#17090,"SUNGAI GAMBIR, TANAH SEPENGGAL, BUNGO, JAMBI",4,57,186,243
https://kawalpemilu.org#17090,"SUNGAI GAMBIR, TANAH SEPENGGAL, BUNGO, JAMBI",5,89,109,198
https://kawalpemilu.org#17090,"SUNGAI GAMBIR, TANAH SEPENGGAL, BUNGO, JAMBI",6,47,81,128
https://kawalpemilu.org#17090,"SUNGAI GAMBIR, TANAH SEPENGGAL, BUNGO, JAMBI",7,55,157,212
https://kawalpemilu.org#17090,"SUNGAI GAMBIR, TANAH SEPENGGAL, BUNGO, JAMBI",8,22,105,127
https://kawalpemilu.org#17090,"SUNGAI GAMBIR, TANAH SEPENGGAL, BUNGO, JAMBI",9,76,106,182
https://kawalpemilu.org#17090,"SUNGAI GAMBIR, TANAH SEPENGGAL, BUNGO, JAMBI",10,36,122,158
https://kawalpemilu.org#17091,"CANDI, TANAH SEPENGGAL, BUNGO, JAMBI",1,20,132,152
https://kawalpemilu.org#17091,"CANDI, TANAH SEPENGGAL, BUNGO, JAMBI",2,23,162,185
https://kawalpemilu.org#17091,"CANDI, TANAH SEPENGGAL, BUNGO, JAMBI",3,30,201,231
https://kawalpemilu.org#17091,"CANDI, TANAH SEPENGGAL, BUNGO, JAMBI",4,35,126,161
https://kawalpemilu.org#17091,"CANDI, TANAH SEPENGGAL, BUNGO, JAMBI",5,30,161,191
https://kawalpemilu.org#17091,"CANDI, TANAH SEPENGGAL, BUNGO, JAMBI",6,50,170,220
https://kawalpemilu.org#17091,"CANDI, TANAH SEPENGGAL, BUNGO, JAMBI",7,39,174,197
https://kawalpemilu.org#17091,"CANDI, TANAH SEPENGGAL, BUNGO, JAMBI",8,50,155,205
https://kawalpemilu.org#17091,"CANDI, TANAH SEPENGGAL, BUNGO, JAMBI",9,42,192,234
https://kawalpemilu.org#17091,"CANDI, TANAH SEPENGGAL, BUNGO, JAMBI",10,66,194,260
https://kawalpemilu.org#17092,"TANJUNG, TANAH SEPENGGAL, BUNGO, JAMBI",1,55,189,244
https://kawalpemilu.org#17092,"TANJUNG, TANAH SEPENGGAL, BUNGO, JAMBI",2,43,179,222
https://kawalpemilu.org#17092,"TANJUNG, TANAH SEPENGGAL, BUNGO, JAMBI",3,18,218,236
https://kawalpemilu.org#17092,"TANJUNG, TANAH SEPENGGAL, BUNGO, JAMBI",4,49,179,228
https://kawalpemilu.org#17092,"TANJUNG, TANAH SEPENGGAL, BUNGO, JAMBI",5,28,177,205
https://kawalpemilu.org#17092,"TANJUNG, TANAH SEPENGGAL, BUNGO, JAMBI",6,31,171,202
https://kawalpemilu.org#17093,"TANAH BEKALI, TANAH SEPENGGAL, BUNGO, JAMBI",1,47,172,219
https://kawalpemilu.org#17093,"TANAH BEKALI, TANAH SEPENGGAL, BUNGO, JAMBI",2,68,154,222
https://kawalpemilu.org#17093,"TANAH BEKALI, TANAH SEPENGGAL, BUNGO, JAMBI",3,68,120,188
https://kawalpemilu.org#17093,"TANAH BEKALI, TANAH SEPENGGAL, BUNGO, JAMBI",4,69,112,181
https://kawalpemilu.org#17093,"TANAH BEKALI, TANAH SEPENGGAL, BUNGO, JAMBI",5,49,120,169
https://kawalpemilu.org#17093,"TANAH BEKALI, TANAH SEPENGGAL, BUNGO, JAMBI",6,41,124,165
https://kawalpemilu.org#17094,"TELENTAM, TANAH SEPENGGAL, BUNGO, JAMBI",1,108,147,255
https://kawalpemilu.org#17094,"TELENTAM, TANAH SEPENGGAL, BUNGO, JAMBI",2,85,123,208
https://kawalpemilu.org#17094,"TELENTAM, TANAH SEPENGGAL, BUNGO, JAMBI",3,83,161,244
https://kawalpemilu.org#17094,"TELENTAM, TANAH SEPENGGAL, BUNGO, JAMBI",4,45,102,147
https://kawalpemilu.org#17095,"PASAR RANTAU EMBACANG, TANAH SEPENGGAL, BUNGO, JAMBI",1,34,149,183
https://kawalpemilu.org#17095,"PASAR RANTAU EMBACANG, TANAH SEPENGGAL, BUNGO, JAMBI",2,48,120,168
https://kawalpemilu.org#17095,"PASAR RANTAU EMBACANG, TANAH SEPENGGAL, BUNGO, JAMBI",3,34,119,153
https://kawalpemilu.org#17095,"PASAR RANTAU EMBACANG, TANAH SEPENGGAL, BUNGO, JAMBI",4,53,114,167
https://kawalpemilu.org#17096,"TENAM, TANAH SEPENGGAL, BUNGO, JAMBI",1,89,159,248
https://kawalpemilu.org#17096,"TENAM, TANAH SEPENGGAL, BUNGO, JAMBI",2,107,146,253
https://kawalpemilu.org#17098,"BARU PELEPAT, PELEPAT, BUNGO, JAMBI",1,194,74,268
https://kawalpemilu.org#17098,"BARU PELEPAT, PELEPAT, BUNGO, JAMBI",2,225,54,279
https://kawalpemilu.org#17098,"BARU PELEPAT, PELEPAT, BUNGO, JAMBI",3,159,52,211
https://kawalpemilu.org#17098,"BARU PELEPAT, PELEPAT, BUNGO, JAMBI",4,96,48,144
https://kawalpemilu.org#17098,"BARU PELEPAT, PELEPAT, BUNGO, JAMBI",5,96,51,147
https://kawalpemilu.org#17099,"DWI KARYA BAKTI, PELEPAT, BUNGO, JAMBI",1,107,70,177
https://kawalpemilu.org#17099,"DWI KARYA BAKTI, PELEPAT, BUNGO, JAMBI",2,151,92,243
https://kawalpemilu.org#17099,"DWI KARYA BAKTI, PELEPAT, BUNGO, JAMBI",3,136,103,239
https://kawalpemilu.org#17099,"DWI KARYA BAKTI, PELEPAT, BUNGO, JAMBI",4,125,109,234
https://kawalpemilu.org#17099,"DWI KARYA BAKTI, PELEPAT, BUNGO, JAMBI",5,41,48,89
https://kawalpemilu.org#17099,"DWI KARYA BAKTI, PELEPAT, BUNGO, JAMBI",6,99,69,168
https://kawalpemilu.org#17099,"DWI KARYA BAKTI, PELEPAT, BUNGO, JAMBI",7,61,118,179
https://kawalpemilu.org#17099,"DWI KARYA BAKTI, PELEPAT, BUNGO, JAMBI",8,165,109,274
https://kawalpemilu.org#17100,"RANTAU KELOYANG, PELEPAT, BUNGO, JAMBI",1,55,130,185
https://kawalpemilu.org#17100,"RANTAU KELOYANG, PELEPAT, BUNGO, JAMBI",2,73,124,197
https://kawalpemilu.org#17100,"RANTAU KELOYANG, PELEPAT, BUNGO, JAMBI",3,76,136,212
https://kawalpemilu.org#17100,"RANTAU KELOYANG, PELEPAT, BUNGO, JAMBI",4,103,119,222
https://kawalpemilu.org#17100,"RANTAU KELOYANG, PELEPAT, BUNGO, JAMBI",5,105,88,193
https://kawalpemilu.org#17100,"RANTAU KELOYANG, PELEPAT, BUNGO, JAMBI",6,86,115,201
https://kawalpemilu.org#17100,"RANTAU KELOYANG, PELEPAT, BUNGO, JAMBI",7,79,139,218
https://kawalpemilu.org#17100,"RANTAU KELOYANG, PELEPAT, BUNGO, JAMBI",8,75,105,180
https://kawalpemilu.org#17100,"RANTAU KELOYANG, PELEPAT, BUNGO, JAMBI",9,94,74,168
https://kawalpemilu.org#17100,"RANTAU KELOYANG, PELEPAT, BUNGO, JAMBI",10,85,108,193
https://kawalpemilu.org#17100,"RANTAU KELOYANG, PELEPAT, BUNGO, JAMBI",11,80,97,177
https://kawalpemilu.org#17100,"RANTAU KELOYANG, PELEPAT, BUNGO, JAMBI",12,103,83,186
https://kawalpemilu.org#17101,"BALAI JAYA, PELEPAT, BUNGO, JAMBI",1,47,110,157
https://kawalpemilu.org#17101,"BALAI JAYA, PELEPAT, BUNGO, JAMBI",2,81,81,162
https://kawalpemilu.org#17101,"BALAI JAYA, PELEPAT, BUNGO, JAMBI",3,89,105,194
https://kawalpemilu.org#17101,"BALAI JAYA, PELEPAT, BUNGO, JAMBI",4,71,73,144
https://kawalpemilu.org#17102,"RANTEL, PELEPAT, BUNGO, JAMBI",1,78,65,143
https://kawalpemilu.org#17102,"RANTEL, PELEPAT, BUNGO, JAMBI",2,72,43,115
https://kawalpemilu.org#17102,"RANTEL, PELEPAT, BUNGO, JAMBI",3,132,104,236
https://kawalpemilu.org#17103,"SENAMAT, PELEPAT, BUNGO, JAMBI",1,57,126,183
https://kawalpemilu.org#17103,"SENAMAT, PELEPAT, BUNGO, JAMBI",2,51,114,165
https://kawalpemilu.org#17103,"SENAMAT, PELEPAT, BUNGO, JAMBI",3,69,104,173
https://kawalpemilu.org#17103,"SENAMAT, PELEPAT, BUNGO, JAMBI",4,116,103,219
https://kawalpemilu.org#17103,"SENAMAT, PELEPAT, BUNGO, JAMBI",6,59,98,157
https://kawalpemilu.org#17103,"SENAMAT, PELEPAT, BUNGO, JAMBI",7,31,98,129
https://kawalpemilu.org#17103,"SENAMAT, PELEPAT, BUNGO, JAMBI",8,36,250,286
https://kawalpemilu.org#17103,"SENAMAT, PELEPAT, BUNGO, JAMBI",9,57,148,205
https://kawalpemilu.org#17103,"SENAMAT, PELEPAT, BUNGO, JAMBI",10,88,139,227
https://kawalpemilu.org#17103,"SENAMAT, PELEPAT, BUNGO, JAMBI",11,127,113,240
https://kawalpemilu.org#17103,"SENAMAT, PELEPAT, BUNGO, JAMBI",12,112,64,176
https://kawalpemilu.org#17103,"SENAMAT, PELEPAT, BUNGO, JAMBI",13,106,65,171
https://kawalpemilu.org#17103,"SENAMAT, PELEPAT, BUNGO, JAMBI",14,104,82,186
https://kawalpemilu.org#17103,"SENAMAT, PELEPAT, BUNGO, JAMBI",15,132,105,237
https://kawalpemilu.org#17103,"SENAMAT, PELEPAT, BUNGO, JAMBI",16,137,95,232
https://kawalpemilu.org#17103,"SENAMAT, PELEPAT, BUNGO, JAMBI",17,119,82,201
https://kawalpemilu.org#17103,"SENAMAT, PELEPAT, BUNGO, JAMBI",18,118,55,173
https://kawalpemilu.org#17104,"SUNGAI BERINGIN, PELEPAT, BUNGO, JAMBI",1,57,151,208
https://kawalpemilu.org#17104,"SUNGAI BERINGIN, PELEPAT, BUNGO, JAMBI",2,52,157,209
https://kawalpemilu.org#17104,"SUNGAI BERINGIN, PELEPAT, BUNGO, JAMBI",3,77,99,176
https://kawalpemilu.org#17105,"SUNGAI GURUN, PELEPAT, BUNGO, JAMBI",1,75,106,181
https://kawalpemilu.org#17105,"SUNGAI GURUN, PELEPAT, BUNGO, JAMBI",2,73,110,183
https://kawalpemilu.org#17105,"SUNGAI GURUN, PELEPAT, BUNGO, JAMBI",3,58,124,182
https://kawalpemilu.org#17105,"SUNGAI GURUN, PELEPAT, BUNGO, JAMBI",4,77,159,236
https://kawalpemilu.org#17106,"BATU KERBAU, PELEPAT, BUNGO, JAMBI",1,49,96,145
https://kawalpemilu.org#17106,"BATU KERBAU, PELEPAT, BUNGO, JAMBI",2,91,86,177
https://kawalpemilu.org#17106,"BATU KERBAU, PELEPAT, BUNGO, JAMBI",3,92,87,179
https://kawalpemilu.org#17106,"BATU KERBAU, PELEPAT, BUNGO, JAMBI",4,58,76,134
https://kawalpemilu.org#17106,"BATU KERBAU, PELEPAT, BUNGO, JAMBI",5,85,51,136
https://kawalpemilu.org#17107,"GAPURA SUCI, PELEPAT, BUNGO, JAMBI",1,110,90,200
https://kawalpemilu.org#17107,"GAPURA SUCI, PELEPAT, BUNGO, JAMBI",2,133,56,189
https://kawalpemilu.org#17107,"GAPURA SUCI, PELEPAT, BUNGO, JAMBI",3,87,77,164
https://kawalpemilu.org#17107,"GAPURA SUCI, PELEPAT, BUNGO, JAMBI",4,173,63,236
https://kawalpemilu.org#17107,"GAPURA SUCI, PELEPAT, BUNGO, JAMBI",5,78,90,168
https://kawalpemilu.org#17107,"GAPURA SUCI, PELEPAT, BUNGO, JAMBI",6,89,119,208
https://kawalpemilu.org#17107,"GAPURA SUCI, PELEPAT, BUNGO, JAMBI",7,46,63,109
https://kawalpemilu.org#17107,"GAPURA SUCI, PELEPAT, BUNGO, JAMBI",8,93,126,219
https://kawalpemilu.org#17107,"GAPURA SUCI, PELEPAT, BUNGO, JAMBI",9,100,58,158
https://kawalpemilu.org#17107,"GAPURA SUCI, PELEPAT, BUNGO, JAMBI",10,143,85,228
https://kawalpemilu.org#17107,"GAPURA SUCI, PELEPAT, BUNGO, JAMBI",11,61,87,148
https://kawalpemilu.org#17107,"GAPURA SUCI, PELEPAT, BUNGO, JAMBI",12,101,90,191
https://kawalpemilu.org#17108,"MULYA BAKTI, PELEPAT, BUNGO, JAMBI",1,171,57,228
https://kawalpemilu.org#17108,"MULYA BAKTI, PELEPAT, BUNGO, JAMBI",2,137,56,193
https://kawalpemilu.org#17108,"MULYA BAKTI, PELEPAT, BUNGO, JAMBI",3,110,70,180
https://kawalpemilu.org#17108,"MULYA BAKTI, PELEPAT, BUNGO, JAMBI",4,144,57,201
https://kawalpemilu.org#17108,"MULYA BAKTI, PELEPAT, BUNGO, JAMBI",5,119,51,170
https://kawalpemilu.org#17108,"MULYA BAKTI, PELEPAT, BUNGO, JAMBI",6,129,86,215
https://kawalpemilu.org#17108,"MULYA BAKTI, PELEPAT, BUNGO, JAMBI",7,115,111,226
https://kawalpemilu.org#17109,"MULYA JAYA, PELEPAT, BUNGO, JAMBI",1,147,61,208
https://kawalpemilu.org#17109,"MULYA JAYA, PELEPAT, BUNGO, JAMBI",2,142,100,242
https://kawalpemilu.org#17109,"MULYA JAYA, PELEPAT, BUNGO, JAMBI",3,108,90,198
https://kawalpemilu.org#17109,"MULYA JAYA, PELEPAT, BUNGO, JAMBI",4,162,80,242
https://kawalpemilu.org#17110,"CILODANG, PELEPAT, BUNGO, JAMBI",1,139,119,258
https://kawalpemilu.org#17110,"CILODANG, PELEPAT, BUNGO, JAMBI",2,192,65,275
https://kawalpemilu.org#17110,"CILODANG, PELEPAT, BUNGO, JAMBI",3,112,32,144
https://kawalpemilu.org#17110,"CILODANG, PELEPAT, BUNGO, JAMBI",4,179,57,236
https://kawalpemilu.org#17110,"CILODANG, PELEPAT, BUNGO, JAMBI",5,117,88,205
https://kawalpemilu.org#17110,"CILODANG, PELEPAT, BUNGO, JAMBI",6,38,39,77
https://kawalpemilu.org#17110,"CILODANG, PELEPAT, BUNGO, JAMBI",7,71,45,116
https://kawalpemilu.org#84672,"BUKITTELAGO, PELEPAT, BUNGO, JAMBI",1,21,138,159
https://kawalpemilu.org#84672,"BUKITTELAGO, PELEPAT, BUNGO, JAMBI",2,33,188,221
https://kawalpemilu.org#84672,"BUKITTELAGO, PELEPAT, BUNGO, JAMBI",3,90,83,173
https://kawalpemilu.org#84673,"SEKAMPIL, PELEPAT, BUNGO, JAMBI",1,60,132,192
https://kawalpemilu.org#84673,"SEKAMPIL, PELEPAT, BUNGO, JAMBI",2,38,69,107
https://kawalpemilu.org#84673,"SEKAMPIL, PELEPAT, BUNGO, JAMBI",3,14,45,59
https://kawalpemilu.org#84673,"SEKAMPIL, PELEPAT, BUNGO, JAMBI",4,61,62,123
https://kawalpemilu.org#17112,"TANJUNG BUNGO, LIMBUR LUBUK MENGKUANG, BUNGO, JAMBI",1,31,190,221
https://kawalpemilu.org#17113,"TUO LBK. MENGKUANG, LIMBUR LUBUK MENGKUANG, BUNGO, JAMBI",1,36,192,228
https://kawalpemilu.org#17114,"PAUH AGUNG, LIMBUR LUBUK MENGKUANG, BUNGO, JAMBI",1,23,146,169
https://kawalpemilu.org#17114,"PAUH AGUNG, LIMBUR LUBUK MENGKUANG, BUNGO, JAMBI",2,16,168,184
https://kawalpemilu.org#17114,"PAUH AGUNG, LIMBUR LUBUK MENGKUANG, BUNGO, JAMBI",3,23,173,196
https://kawalpemilu.org#17114,"PAUH AGUNG, LIMBUR LUBUK MENGKUANG, BUNGO, JAMBI",4,32,189,221
https://kawalpemilu.org#17115,"TUO LIMBUR, LIMBUR LUBUK MENGKUANG, BUNGO, JAMBI",1,40,166,206
https://kawalpemilu.org#17115,"TUO LIMBUR, LIMBUR LUBUK MENGKUANG, BUNGO, JAMBI",2,48,161,209
https://kawalpemilu.org#17115,"TUO LIMBUR, LIMBUR LUBUK MENGKUANG, BUNGO, JAMBI",3,16,220,236
https://kawalpemilu.org#17115,"TUO LIMBUR, LIMBUR LUBUK MENGKUANG, BUNGO, JAMBI",4,17,205,222
https://kawalpemilu.org#17115,"TUO LIMBUR, LIMBUR LUBUK MENGKUANG, BUNGO, JAMBI",5,24,144,168
https://kawalpemilu.org#17116,"RENAH SUNGAI BESAR, LIMBUR LUBUK MENGKUANG, BUNGO, JAMBI",1,21,201,222
https://kawalpemilu.org#17116,"RENAH SUNGAI BESAR, LIMBUR LUBUK MENGKUANG, BUNGO, JAMBI",2,14,212,226
https://kawalpemilu.org#17117,"MUARO TEBO PANDAK, LIMBUR LUBUK MENGKUANG, BUNGO, JAMBI",1,7,238,245
https://kawalpemilu.org#17118,"RANTAU TIPU, LIMBUR LUBUK MENGKUANG, BUNGO, JAMBI",1,24,205,229
https://kawalpemilu.org#17118,"RANTAU TIPU, LIMBUR LUBUK MENGKUANG, BUNGO, JAMBI",2,8,225,233
https://kawalpemilu.org#17118,"RANTAU TIPU, LIMBUR LUBUK MENGKUANG, BUNGO, JAMBI",3,6,264,270
https://kawalpemilu.org#17118,"RANTAU TIPU, LIMBUR LUBUK MENGKUANG, BUNGO, JAMBI",4,16,261,277
https://kawalpemilu.org#17118,"RANTAU TIPU, LIMBUR LUBUK MENGKUANG, BUNGO, JAMBI",5,5,222,227
https://kawalpemilu.org#17118,"RANTAU TIPU, LIMBUR LUBUK MENGKUANG, BUNGO, JAMBI",6,21,185,206
https://kawalpemilu.org#17118,"RANTAU TIPU, LIMBUR LUBUK MENGKUANG, BUNGO, JAMBI",7,51,224,275
https://kawalpemilu.org#17119,"BARU LBK. MENGKUANG, LIMBUR LUBUK MENGKUANG, BUNGO, JAMBI",1,7,124,131
https://kawalpemilu.org#17119,"BARU LBK. MENGKUANG, LIMBUR LUBUK MENGKUANG, BUNGO, JAMBI",2,18,125,143
https://kawalpemilu.org#17120,"LBK. TANAH TERBAN, LIMBUR LUBUK MENGKUANG, BUNGO, JAMBI",1,18,161,179
https://kawalpemilu.org#17120,"LBK. TANAH TERBAN, LIMBUR LUBUK MENGKUANG, BUNGO, JAMBI",2,15,146,161
https://kawalpemilu.org#17120,"LBK. TANAH TERBAN, LIMBUR LUBUK MENGKUANG, BUNGO, JAMBI",3,15,145,160
https://kawalpemilu.org#17121,"PEMUNYIAN, LIMBUR LUBUK MENGKUANG, BUNGO, JAMBI",1,16,155,171
https://kawalpemilu.org#17121,"PEMUNYIAN, LIMBUR LUBUK MENGKUANG, BUNGO, JAMBI",2,19,148,167
https://kawalpemilu.org#17121,"PEMUNYIAN, LIMBUR LUBUK MENGKUANG, BUNGO, JAMBI",3,22,132,154
https://kawalpemilu.org#17121,"PEMUNYIAN, LIMBUR LUBUK MENGKUANG, BUNGO, JAMBI",4,40,91,131
https://kawalpemilu.org#17121,"PEMUNYIAN, LIMBUR LUBUK MENGKUANG, BUNGO, JAMBI",5,35,150,185
https://kawalpemilu.org#17122,"RENAH SUNGAI IPUH, LIMBUR LUBUK MENGKUANG, BUNGO, JAMBI",1,14,219,233
https://kawalpemilu.org#17122,"RENAH SUNGAI IPUH, LIMBUR LUBUK MENGKUANG, BUNGO, JAMBI",2,23,201,224
https://kawalpemilu.org#17122,"RENAH SUNGAI IPUH, LIMBUR LUBUK MENGKUANG, BUNGO, JAMBI",3,20,196,216
https://kawalpemilu.org#17122,"RENAH SUNGAI IPUH, LIMBUR LUBUK MENGKUANG, BUNGO, JAMBI",4,13,215,228
https://kawalpemilu.org#17123,"TEBO JAYA, LIMBUR LUBUK MENGKUANG, BUNGO, JAMBI",1,96,136,232
https://kawalpemilu.org#17123,"TEBO JAYA, LIMBUR LUBUK MENGKUANG, BUNGO, JAMBI",2,57,172,229
https://kawalpemilu.org#17123,"TEBO JAYA, LIMBUR LUBUK MENGKUANG, BUNGO, JAMBI",3,65,220,285
https://kawalpemilu.org#17123,"TEBO JAYA, LIMBUR LUBUK MENGKUANG, BUNGO, JAMBI",4,60,184,244
https://kawalpemilu.org#17123,"TEBO JAYA, LIMBUR LUBUK MENGKUANG, BUNGO, JAMBI",5,49,239,288
https://kawalpemilu.org#17124,"SEKAR MENGKUANG, LIMBUR LUBUK MENGKUANG, BUNGO, JAMBI",1,53,177,230
https://kawalpemilu.org#17124,"SEKAR MENGKUANG, LIMBUR LUBUK MENGKUANG, BUNGO, JAMBI",2,66,171,237
https://kawalpemilu.org#17124,"SEKAR MENGKUANG, LIMBUR LUBUK MENGKUANG, BUNGO, JAMBI",3,94,171,265
https://kawalpemilu.org#17124,"SEKAR MENGKUANG, LIMBUR LUBUK MENGKUANG, BUNGO, JAMBI",4,79,161,240
https://kawalpemilu.org#17124,"SEKAR MENGKUANG, LIMBUR LUBUK MENGKUANG, BUNGO, JAMBI",5,48,120,168
https://kawalpemilu.org#17124,"SEKAR MENGKUANG, LIMBUR LUBUK MENGKUANG, BUNGO, JAMBI",6,61,77,138
https://kawalpemilu.org#17125,"LIMBUR BARU, LIMBUR LUBUK MENGKUANG, BUNGO, JAMBI",1,53,221,274
https://kawalpemilu.org#17125,"LIMBUR BARU, LIMBUR LUBUK MENGKUANG, BUNGO, JAMBI",2,34,213,247
https://kawalpemilu.org#17125,"LIMBUR BARU, LIMBUR LUBUK MENGKUANG, BUNGO, JAMBI",3,52,221,273
https://kawalpemilu.org#17125,"LIMBUR BARU, LIMBUR LUBUK MENGKUANG, BUNGO, JAMBI",4,25,241,266
https://kawalpemilu.org#17127,"MANGUN JAYO, MUKO-MUKO BATHIN VII, BUNGO, JAMBI",1,36,209,245
https://kawalpemilu.org#17127,"MANGUN JAYO, MUKO-MUKO BATHIN VII, BUNGO, JAMBI",2,43,202,245
https://kawalpemilu.org#17127,"MANGUN JAYO, MUKO-MUKO BATHIN VII, BUNGO, JAMBI",3,43,211,254
https://kawalpemilu.org#17127,"MANGUN JAYO, MUKO-MUKO BATHIN VII, BUNGO, JAMBI",4,55,190,245
https://kawalpemilu.org#17128,"TANJUNG AGUNG, MUKO-MUKO BATHIN VII, BUNGO, JAMBI",1,8,178,186
https://kawalpemilu.org#17128,"TANJUNG AGUNG, MUKO-MUKO BATHIN VII, BUNGO, JAMBI",2,23,156,179
https://kawalpemilu.org#17128,"TANJUNG AGUNG, MUKO-MUKO BATHIN VII, BUNGO, JAMBI",3,31,226,257
https://kawalpemilu.org#17128,"TANJUNG AGUNG, MUKO-MUKO BATHIN VII, BUNGO, JAMBI",4,21,239,260
https://kawalpemilu.org#17128,"TANJUNG AGUNG, MUKO-MUKO BATHIN VII, BUNGO, JAMBI",5,20,245,265
https://kawalpemilu.org#17128,"TANJUNG AGUNG, MUKO-MUKO BATHIN VII, BUNGO, JAMBI",6,37,226,263
https://kawalpemilu.org#17128,"TANJUNG AGUNG, MUKO-MUKO BATHIN VII, BUNGO, JAMBI",7,28,231,259
https://kawalpemilu.org#17128,"TANJUNG AGUNG, MUKO-MUKO BATHIN VII, BUNGO, JAMBI",8,34,252,286
https://kawalpemilu.org#17129,"TEBAT, MUKO-MUKO BATHIN VII, BUNGO, JAMBI",1,63,194,257
https://kawalpemilu.org#17129,"TEBAT, MUKO-MUKO BATHIN VII, BUNGO, JAMBI",2,40,204,244
https://kawalpemilu.org#17129,"TEBAT, MUKO-MUKO BATHIN VII, BUNGO, JAMBI",3,25,263,288
https://kawalpemilu.org#17129,"TEBAT, MUKO-MUKO BATHIN VII, BUNGO, JAMBI",4,36,253,289
https://kawalpemilu.org#17130,"BARU PUSAT JALO, MUKO-MUKO BATHIN VII, BUNGO, JAMBI",1,26,155,181
https://kawalpemilu.org#17130,"BARU PUSAT JALO, MUKO-MUKO BATHIN VII, BUNGO, JAMBI",2,23,134,157
https://kawalpemilu.org#17130,"BARU PUSAT JALO, MUKO-MUKO BATHIN VII, BUNGO, JAMBI",3,59,125,184
https://kawalpemilu.org#17131,"BEDARO, MUKO-MUKO BATHIN VII, BUNGO, JAMBI",1,21,149,170
https://kawalpemilu.org#17131,"BEDARO, MUKO-MUKO BATHIN VII, BUNGO, JAMBI",2,41,113,154
https://kawalpemilu.org#17131,"BEDARO, MUKO-MUKO BATHIN VII, BUNGO, JAMBI",3,32,155,187
https://kawalpemilu.org#17131,"BEDARO, MUKO-MUKO BATHIN VII, BUNGO, JAMBI",4,40,183,223
https://kawalpemilu.org#17131,"BEDARO, MUKO-MUKO BATHIN VII, BUNGO, JAMBI",5,27,202,229
https://kawalpemilu.org#17131,"BEDARO, MUKO-MUKO BATHIN VII, BUNGO, JAMBI",6,11,225,236
https://kawalpemilu.org#17131,"BEDARO, MUKO-MUKO BATHIN VII, BUNGO, JAMBI",7,46,212,258
https://kawalpemilu.org#17131,"BEDARO, MUKO-MUKO BATHIN VII, BUNGO, JAMBI",8,48,159,207
https://kawalpemilu.org#17131,"BEDARO, MUKO-MUKO BATHIN VII, BUNGO, JAMBI",9,41,131,172
https://kawalpemilu.org#17131,"BEDARO, MUKO-MUKO BATHIN VII, BUNGO, JAMBI",10,42,126,168
https://kawalpemilu.org#17132,"TEBING TINGGI, MUKO-MUKO BATHIN VII, BUNGO, JAMBI",1,25,143,168
https://kawalpemilu.org#17132,"TEBING TINGGI, MUKO-MUKO BATHIN VII, BUNGO, JAMBI",2,12,204,216
https://kawalpemilu.org#17132,"TEBING TINGGI, MUKO-MUKO BATHIN VII, BUNGO, JAMBI",3,17,184,201
https://kawalpemilu.org#17132,"TEBING TINGGI, MUKO-MUKO BATHIN VII, BUNGO, JAMBI",4,9,201,210
https://kawalpemilu.org#17133,"DATAR, MUKO-MUKO BATHIN VII, BUNGO, JAMBI",1,60,156,216
https://kawalpemilu.org#17133,"DATAR, MUKO-MUKO BATHIN VII, BUNGO, JAMBI",2,53,162,215
https://kawalpemilu.org#17133,"DATAR, MUKO-MUKO BATHIN VII, BUNGO, JAMBI",3,83,151,234
https://kawalpemilu.org#17134,"SUKA JAYA, MUKO-MUKO BATHIN VII, BUNGO, JAMBI",1,13,116,129
https://kawalpemilu.org#17134,"SUKA JAYA, MUKO-MUKO BATHIN VII, BUNGO, JAMBI",2,20,184,204
https://kawalpemilu.org#17134,"SUKA JAYA, MUKO-MUKO BATHIN VII, BUNGO, JAMBI",3,33,193,226
https://kawalpemilu.org#17134,"SUKA JAYA, MUKO-MUKO BATHIN VII, BUNGO, JAMBI",4,23,171,194
https://kawalpemilu.org#84674,"PEKAN JUM'AT, MUKO-MUKO BATHIN VII, BUNGO, JAMBI",1,14,195,209
https://kawalpemilu.org#84674,"PEKAN JUM'AT, MUKO-MUKO BATHIN VII, BUNGO, JAMBI",2,16,175,191
https://kawalpemilu.org#17136,"KOTO JAYO, PELEPAT ILIR, BUNGO, JAMBI",1,29,209,238
https://kawalpemilu.org#17136,"KOTO JAYO, PELEPAT ILIR, BUNGO, JAMBI",2,24,172,196
https://kawalpemilu.org#17136,"KOTO JAYO, PELEPAT ILIR, BUNGO, JAMBI",3,22,138,160
https://kawalpemilu.org#17136,"KOTO JAYO, PELEPAT ILIR, BUNGO, JAMBI",4,33,171,204
https://kawalpemilu.org#17136,"KOTO JAYO, PELEPAT ILIR, BUNGO, JAMBI",5,46,127,173
https://kawalpemilu.org#17137,"DANAU, PELEPAT ILIR, BUNGO, JAMBI",1,5,170,175
https://kawalpemilu.org#17137,"DANAU, PELEPAT ILIR, BUNGO, JAMBI",2,9,208,217
https://kawalpemilu.org#17137,"DANAU, PELEPAT ILIR, BUNGO, JAMBI",3,12,116,128
https://kawalpemilu.org#17137,"DANAU, PELEPAT ILIR, BUNGO, JAMBI",4,16,200,216
https://kawalpemilu.org#17137,"DANAU, PELEPAT ILIR, BUNGO, JAMBI",5,10,109,119
https://kawalpemilu.org#17137,"DANAU, PELEPAT ILIR, BUNGO, JAMBI",6,27,55,82
https://kawalpemilu.org#17137,"DANAU, PELEPAT ILIR, BUNGO, JAMBI",7,38,64,102
https://kawalpemilu.org#17137,"DANAU, PELEPAT ILIR, BUNGO, JAMBI",8,64,50,114
https://kawalpemilu.org#17137,"DANAU, PELEPAT ILIR, BUNGO, JAMBI",9,38,43,81
https://kawalpemilu.org#17138,"MUARA KUAMANG, PELEPAT ILIR, BUNGO, JAMBI",1,11,170,181
https://kawalpemilu.org#17138,"MUARA KUAMANG, PELEPAT ILIR, BUNGO, JAMBI",2,15,153,168
https://kawalpemilu.org#17138,"MUARA KUAMANG, PELEPAT ILIR, BUNGO, JAMBI",3,10,186,196
https://kawalpemilu.org#17138,"MUARA KUAMANG, PELEPAT ILIR, BUNGO, JAMBI",4,19,169,188
https://kawalpemilu.org#17139,"LUBUK, PELEPAT ILIR, BUNGO, JAMBI",1,55,79,134
https://kawalpemilu.org#17139,"LUBUK, PELEPAT ILIR, BUNGO, JAMBI",2,73,87,160
https://kawalpemilu.org#17139,"LUBUK, PELEPAT ILIR, BUNGO, JAMBI",3,95,135,230
https://kawalpemilu.org#17140,"PURWOSARI, PELEPAT ILIR, BUNGO, JAMBI",1,43,157,200
https://kawalpemilu.org#17140,"PURWOSARI, PELEPAT ILIR, BUNGO, JAMBI",2,96,196,292
https://kawalpemilu.org#17140,"PURWOSARI, PELEPAT ILIR, BUNGO, JAMBI",3,112,169,281
https://kawalpemilu.org#17140,"PURWOSARI, PELEPAT ILIR, BUNGO, JAMBI",4,113,27,140
https://kawalpemilu.org#17140,"PURWOSARI, PELEPAT ILIR, BUNGO, JAMBI",5,175,20,195
https://kawalpemilu.org#17140,"PURWOSARI, PELEPAT ILIR, BUNGO, JAMBI",6,194,45,239
https://kawalpemilu.org#17140,"PURWOSARI, PELEPAT ILIR, BUNGO, JAMBI",7,143,157,300
https://kawalpemilu.org#17140,"PURWOSARI, PELEPAT ILIR, BUNGO, JAMBI",8,110,149,259
https://kawalpemilu.org#17140,"PURWOSARI, PELEPAT ILIR, BUNGO, JAMBI",9,137,114,251
https://kawalpemilu.org#17140,"PURWOSARI, PELEPAT ILIR, BUNGO, JAMBI",10,198,38,236
https://kawalpemilu.org#17140,"PURWOSARI, PELEPAT ILIR, BUNGO, JAMBI",11,146,76,222
https://kawalpemilu.org#17140,"PURWOSARI, PELEPAT ILIR, BUNGO, JAMBI",13,143,119,262
https://kawalpemilu.org#17140,"PURWOSARI, PELEPAT ILIR, BUNGO, JAMBI",15,183,62,245
https://kawalpemilu.org#17140,"PURWOSARI, PELEPAT ILIR, BUNGO, JAMBI",16,143,23,166
https://kawalpemilu.org#17140,"PURWOSARI, PELEPAT ILIR, BUNGO, JAMBI",17,129,82,211
https://kawalpemilu.org#17140,"PURWOSARI, PELEPAT ILIR, BUNGO, JAMBI",18,209,17,226
https://kawalpemilu.org#17141,"LEMBAH KUAMANG, PELEPAT ILIR, BUNGO, JAMBI",1,148,73,221
https://kawalpemilu.org#17141,"LEMBAH KUAMANG, PELEPAT ILIR, BUNGO, JAMBI",2,149,61,210
https://kawalpemilu.org#17141,"LEMBAH KUAMANG, PELEPAT ILIR, BUNGO, JAMBI",3,118,108,226
https://kawalpemilu.org#17141,"LEMBAH KUAMANG, PELEPAT ILIR, BUNGO, JAMBI",4,152,74,226
https://kawalpemilu.org#17141,"LEMBAH KUAMANG, PELEPAT ILIR, BUNGO, JAMBI",5,194,61,255
https://kawalpemilu.org#17141,"LEMBAH KUAMANG, PELEPAT ILIR, BUNGO, JAMBI",6,161,44,205
https://kawalpemilu.org#17141,"LEMBAH KUAMANG, PELEPAT ILIR, BUNGO, JAMBI",7,173,44,217
https://kawalpemilu.org#17141,"LEMBAH KUAMANG, PELEPAT ILIR, BUNGO, JAMBI",8,173,71,244
https://kawalpemilu.org#17141,"LEMBAH KUAMANG, PELEPAT ILIR, BUNGO, JAMBI",9,121,72,193
https://kawalpemilu.org#17141,"LEMBAH KUAMANG, PELEPAT ILIR, BUNGO, JAMBI",10,138,60,198
https://kawalpemilu.org#17142,"SUMBER HARAPAN, PELEPAT ILIR, BUNGO, JAMBI",1,121,34,155
https://kawalpemilu.org#17142,"SUMBER HARAPAN, PELEPAT ILIR, BUNGO, JAMBI",2,143,62,205
https://kawalpemilu.org#17142,"SUMBER HARAPAN, PELEPAT ILIR, BUNGO, JAMBI",3,125,35,160
https://kawalpemilu.org#17142,"SUMBER HARAPAN, PELEPAT ILIR, BUNGO, JAMBI",4,163,58,221
https://kawalpemilu.org#17142,"SUMBER HARAPAN, PELEPAT ILIR, BUNGO, JAMBI",5,136,22,158
https://kawalpemilu.org#17142,"SUMBER HARAPAN, PELEPAT ILIR, BUNGO, JAMBI",6,135,57,192
https://kawalpemilu.org#17142,"SUMBER HARAPAN, PELEPAT ILIR, BUNGO, JAMBI",7,154,82,236
https://kawalpemilu.org#17142,"SUMBER HARAPAN, PELEPAT ILIR, BUNGO, JAMBI",8,138,97,235
https://kawalpemilu.org#17142,"SUMBER HARAPAN, PELEPAT ILIR, BUNGO, JAMBI",9,100,118,218
https://kawalpemilu.org#17142,"SUMBER HARAPAN, PELEPAT ILIR, BUNGO, JAMBI",10,200,49,240
https://kawalpemilu.org#17142,"SUMBER HARAPAN, PELEPAT ILIR, BUNGO, JAMBI",11,132,29,161
https://kawalpemilu.org#17143,"DAYA MURNI, PELEPAT ILIR, BUNGO, JAMBI",1,179,45,224
https://kawalpemilu.org#17143,"DAYA MURNI, PELEPAT ILIR, BUNGO, JAMBI",2,156,62,218
https://kawalpemilu.org#17143,"DAYA MURNI, PELEPAT ILIR, BUNGO, JAMBI",3,154,82,236
https://kawalpemilu.org#17143,"DAYA MURNI, PELEPAT ILIR, BUNGO, JAMBI",4,112,70,182
https://kawalpemilu.org#17143,"DAYA MURNI, PELEPAT ILIR, BUNGO, JAMBI",5,96,96,198
https://kawalpemilu.org#17143,"DAYA MURNI, PELEPAT ILIR, BUNGO, JAMBI",6,82,164,246
https://kawalpemilu.org#17143,"DAYA MURNI, PELEPAT ILIR, BUNGO, JAMBI",7,107,125,232
https://kawalpemilu.org#17143,"DAYA MURNI, PELEPAT ILIR, BUNGO, JAMBI",8,125,51,176
https://kawalpemilu.org#17143,"DAYA MURNI, PELEPAT ILIR, BUNGO, JAMBI",9,153,34,187
https://kawalpemilu.org#17144,"SUMBER MULYA, PELEPAT ILIR, BUNGO, JAMBI",1,102,52,154
https://kawalpemilu.org#17144,"SUMBER MULYA, PELEPAT ILIR, BUNGO, JAMBI",2,106,40,146
https://kawalpemilu.org#17144,"SUMBER MULYA, PELEPAT ILIR, BUNGO, JAMBI",3,133,73,206
https://kawalpemilu.org#17144,"SUMBER MULYA, PELEPAT ILIR, BUNGO, JAMBI",4,120,18,138
https://kawalpemilu.org#17144,"SUMBER MULYA, PELEPAT ILIR, BUNGO, JAMBI",5,139,26,165
https://kawalpemilu.org#17144,"SUMBER MULYA, PELEPAT ILIR, BUNGO, JAMBI",6,181,40,221
https://kawalpemilu.org#17145,"MAJU JAYA, PELEPAT ILIR, BUNGO, JAMBI",1,161,30,191
https://kawalpemilu.org#17145,"MAJU JAYA, PELEPAT ILIR, BUNGO, JAMBI",2,160,16,176
https://kawalpemilu.org#17145,"MAJU JAYA, PELEPAT ILIR, BUNGO, JAMBI",3,187,36,223
https://kawalpemilu.org#17145,"MAJU JAYA, PELEPAT ILIR, BUNGO, JAMBI",4,157,32,189
https://kawalpemilu.org#17145,"MAJU JAYA, PELEPAT ILIR, BUNGO, JAMBI",5,140,47,187
https://kawalpemilu.org#17145,"MAJU JAYA, PELEPAT ILIR, BUNGO, JAMBI",6,155,28,183
https://kawalpemilu.org#17145,"MAJU JAYA, PELEPAT ILIR, BUNGO, JAMBI",7,164,41,205
https://kawalpemilu.org#17145,"MAJU JAYA, PELEPAT ILIR, BUNGO, JAMBI",8,138,41,179
https://kawalpemilu.org#17146,"TIRTA MULYA, PELEPAT ILIR, BUNGO, JAMBI",1,151,88,239
https://kawalpemilu.org#17146,"TIRTA MULYA, PELEPAT ILIR, BUNGO, JAMBI",2,93,96,189
https://kawalpemilu.org#17146,"TIRTA MULYA, PELEPAT ILIR, BUNGO, JAMBI",3,112,89,201
https://kawalpemilu.org#17146,"TIRTA MULYA, PELEPAT ILIR, BUNGO, JAMBI",4,162,59,221
https://kawalpemilu.org#17146,"TIRTA MULYA, PELEPAT ILIR, BUNGO, JAMBI",5,219,32,251
https://kawalpemilu.org#17146,"TIRTA MULYA, PELEPAT ILIR, BUNGO, JAMBI",6,193,46,239
https://kawalpemilu.org#17146,"TIRTA MULYA, PELEPAT ILIR, BUNGO, JAMBI",7,192,32,224
https://kawalpemilu.org#17146,"TIRTA MULYA, PELEPAT ILIR, BUNGO, JAMBI",8,202,38,240
https://kawalpemilu.org#17146,"TIRTA MULYA, PELEPAT ILIR, BUNGO, JAMBI",9,216,40,256
https://kawalpemilu.org#17147,"LINGGA KUAMANG, PELEPAT ILIR, BUNGO, JAMBI",1,105,47,152
https://kawalpemilu.org#17147,"LINGGA KUAMANG, PELEPAT ILIR, BUNGO, JAMBI",2,147,68,215
https://kawalpemilu.org#17147,"LINGGA KUAMANG, PELEPAT ILIR, BUNGO, JAMBI",3,152,63,215
https://kawalpemilu.org#17147,"LINGGA KUAMANG, PELEPAT ILIR, BUNGO, JAMBI",4,128,110,238
https://kawalpemilu.org#17147,"LINGGA KUAMANG, PELEPAT ILIR, BUNGO, JAMBI",5,111,106,217
https://kawalpemilu.org#17147,"LINGGA KUAMANG, PELEPAT ILIR, BUNGO, JAMBI",6,109,109,218
https://kawalpemilu.org#17147,"LINGGA KUAMANG, PELEPAT ILIR, BUNGO, JAMBI",7,147,88,235
https://kawalpemilu.org#17147,"LINGGA KUAMANG, PELEPAT ILIR, BUNGO, JAMBI",8,118,91,209
https://kawalpemilu.org#17147,"LINGGA KUAMANG, PELEPAT ILIR, BUNGO, JAMBI",9,138,75,213
https://kawalpemilu.org#17147,"LINGGA KUAMANG, PELEPAT ILIR, BUNGO, JAMBI",10,114,95,209
https://kawalpemilu.org#17147,"LINGGA KUAMANG, PELEPAT ILIR, BUNGO, JAMBI",11,107,130,237
https://kawalpemilu.org#17148,"BANGUN HARJO, PELEPAT ILIR, BUNGO, JAMBI",1,136,92,228
https://kawalpemilu.org#17148,"BANGUN HARJO, PELEPAT ILIR, BUNGO, JAMBI",2,122,55,177
https://kawalpemilu.org#17148,"BANGUN HARJO, PELEPAT ILIR, BUNGO, JAMBI",3,145,54,199
https://kawalpemilu.org#17148,"BANGUN HARJO, PELEPAT ILIR, BUNGO, JAMBI",4,123,34,157
https://kawalpemilu.org#17148,"BANGUN HARJO, PELEPAT ILIR, BUNGO, JAMBI",5,167,33,200
https://kawalpemilu.org#17148,"BANGUN HARJO, PELEPAT ILIR, BUNGO, JAMBI",6,169,48,217
https://kawalpemilu.org#17148,"BANGUN HARJO, PELEPAT ILIR, BUNGO, JAMBI",7,134,57,191
https://kawalpemilu.org#17148,"BANGUN HARJO, PELEPAT ILIR, BUNGO, JAMBI",8,178,49,227
https://kawalpemilu.org#17148,"BANGUN HARJO, PELEPAT ILIR, BUNGO, JAMBI",9,84,61,145
https://kawalpemilu.org#17149,"KUNING GADING, PELEPAT ILIR, BUNGO, JAMBI",1,138,76,214
https://kawalpemilu.org#17149,"KUNING GADING, PELEPAT ILIR, BUNGO, JAMBI",2,129,84,213
https://kawalpemilu.org#17149,"KUNING GADING, PELEPAT ILIR, BUNGO, JAMBI",3,98,131,229
https://kawalpemilu.org#17149,"KUNING GADING, PELEPAT ILIR, BUNGO, JAMBI",4,150,71,221
https://kawalpemilu.org#17149,"KUNING GADING, PELEPAT ILIR, BUNGO, JAMBI",5,178,41,219
https://kawalpemilu.org#17149,"KUNING GADING, PELEPAT ILIR, BUNGO, JAMBI",6,83,64,147
https://kawalpemilu.org#17149,"KUNING GADING, PELEPAT ILIR, BUNGO, JAMBI",7,133,111,244
https://kawalpemilu.org#17149,"KUNING GADING, PELEPAT ILIR, BUNGO, JAMBI",8,143,59,202
https://kawalpemilu.org#17149,"KUNING GADING, PELEPAT ILIR, BUNGO, JAMBI",9,164,78,242
https://kawalpemilu.org#17150,"KUAMANG JAYA, PELEPAT ILIR, BUNGO, JAMBI",1,109,112,221
https://kawalpemilu.org#17150,"KUAMANG JAYA, PELEPAT ILIR, BUNGO, JAMBI",2,141,52,193
https://kawalpemilu.org#17150,"KUAMANG JAYA, PELEPAT ILIR, BUNGO, JAMBI",3,163,47,210
https://kawalpemilu.org#17150,"KUAMANG JAYA, PELEPAT ILIR, BUNGO, JAMBI",4,112,111,223
https://kawalpemilu.org#17150,"KUAMANG JAYA, PELEPAT ILIR, BUNGO, JAMBI",5,165,27,192
https://kawalpemilu.org#17151,"KARYA HARAPAN MUKTI, PELEPAT ILIR, BUNGO, JAMBI",1,223,31,254
https://kawalpemilu.org#17151,"KARYA HARAPAN MUKTI, PELEPAT ILIR, BUNGO, JAMBI",2,216,42,258
https://kawalpemilu.org#17151,"KARYA HARAPAN MUKTI, PELEPAT ILIR, BUNGO, JAMBI",3,212,46,258
https://kawalpemilu.org#17151,"KARYA HARAPAN MUKTI, PELEPAT ILIR, BUNGO, JAMBI",4,174,46,220
https://kawalpemilu.org#17151,"KARYA HARAPAN MUKTI, PELEPAT ILIR, BUNGO, JAMBI",5,153,39,192
https://kawalpemilu.org#17151,"KARYA HARAPAN MUKTI, PELEPAT ILIR, BUNGO, JAMBI",6,163,63,226
https://kawalpemilu.org#17151,"KARYA HARAPAN MUKTI, PELEPAT ILIR, BUNGO, JAMBI",7,195,24,219
https://kawalpemilu.org#17151,"KARYA HARAPAN MUKTI, PELEPAT ILIR, BUNGO, JAMBI",8,167,28,195
https://kawalpemilu.org#17151,"KARYA HARAPAN MUKTI, PELEPAT ILIR, BUNGO, JAMBI",9,160,46,206
https://kawalpemilu.org#17151,"KARYA HARAPAN MUKTI, PELEPAT ILIR, BUNGO, JAMBI",10,34,105,139
https://kawalpemilu.org#17152,"PADANG PALANGEH, PELEPAT ILIR, BUNGO, JAMBI",1,8,151,159
https://kawalpemilu.org#17152,"PADANG PALANGEH, PELEPAT ILIR, BUNGO, JAMBI",2,22,192,214
https://kawalpemilu.org#17152,"PADANG PALANGEH, PELEPAT ILIR, BUNGO, JAMBI",3,12,124,136
https://kawalpemilu.org#17152,"PADANG PALANGEH, PELEPAT ILIR, BUNGO, JAMBI",4,13,166,179
https://kawalpemilu.org#17152,"PADANG PALANGEH, PELEPAT ILIR, BUNGO, JAMBI",5,28,158,186
https://kawalpemilu.org#17152,"PADANG PALANGEH, PELEPAT ILIR, BUNGO, JAMBI",6,19,154,173
https://kawalpemilu.org#17152,"PADANG PALANGEH, PELEPAT ILIR, BUNGO, JAMBI",7,24,194,218
https://kawalpemilu.org#17154,"TANJUNG MENANTI, BATIN II BABEKO, BUNGO, JAMBI",1,29,135,164
https://kawalpemilu.org#17154,"TANJUNG MENANTI, BATIN II BABEKO, BUNGO, JAMBI",2,39,162,201
https://kawalpemilu.org#17154,"TANJUNG MENANTI, BATIN II BABEKO, BUNGO, JAMBI",3,45,158,203
https://kawalpemilu.org#17154,"TANJUNG MENANTI, BATIN II BABEKO, BUNGO, JAMBI",4,59,97,156
https://kawalpemilu.org#17154,"TANJUNG MENANTI, BATIN II BABEKO, BUNGO, JAMBI",5,34,106,140
https://kawalpemilu.org#17155,"BABEKO, BATIN II BABEKO, BUNGO, JAMBI",1,35,197,232
https://kawalpemilu.org#17155,"BABEKO, BATIN II BABEKO, BUNGO, JAMBI",2,31,212,243
https://kawalpemilu.org#17155,"BABEKO, BATIN II BABEKO, BUNGO, JAMBI",3,39,226,265
https://kawalpemilu.org#17155,"BABEKO, BATIN II BABEKO, BUNGO, JAMBI",4,29,222,251
https://kawalpemilu.org#17156,"SEPUNGGUR, BATIN II BABEKO, BUNGO, JAMBI",1,134,88,222
https://kawalpemilu.org#17156,"SEPUNGGUR, BATIN II BABEKO, BUNGO, JAMBI",2,77,159,236
https://kawalpemilu.org#17156,"SEPUNGGUR, BATIN II BABEKO, BUNGO, JAMBI",3,90,138,328
https://kawalpemilu.org#17156,"SEPUNGGUR, BATIN II BABEKO, BUNGO, JAMBI",4,74,165,239
https://kawalpemilu.org#17156,"SEPUNGGUR, BATIN II BABEKO, BUNGO, JAMBI",5,67,176,243
https://kawalpemilu.org#17156,"SEPUNGGUR, BATIN II BABEKO, BUNGO, JAMBI",6,110,90,200
https://kawalpemilu.org#17156,"SEPUNGGUR, BATIN II BABEKO, BUNGO, JAMBI",7,121,127,248
https://kawalpemilu.org#17156,"SEPUNGGUR, BATIN II BABEKO, BUNGO, JAMBI",8,135,103,238
https://kawalpemilu.org#17156,"SEPUNGGUR, BATIN II BABEKO, BUNGO, JAMBI",9,133,110,243
https://kawalpemilu.org#17157,"SIMPANG BEBEKO, BATIN II BABEKO, BUNGO, JAMBI",1,69,91,160
https://kawalpemilu.org#17157,"SIMPANG BEBEKO, BATIN II BABEKO, BUNGO, JAMBI",2,79,63,142
https://kawalpemilu.org#17157,"SIMPANG BEBEKO, BATIN II BABEKO, BUNGO, JAMBI",3,50,183,233
https://kawalpemilu.org#17157,"SIMPANG BEBEKO, BATIN II BABEKO, BUNGO, JAMBI",4,37,170,207
https://kawalpemilu.org#17157,"SIMPANG BEBEKO, BATIN II BABEKO, BUNGO, JAMBI",5,34,210,244
https://kawalpemilu.org#17157,"SIMPANG BEBEKO, BATIN II BABEKO, BUNGO, JAMBI",6,75,102,177
https://kawalpemilu.org#17157,"SIMPANG BEBEKO, BATIN II BABEKO, BUNGO, JAMBI",7,133,81,214
https://kawalpemilu.org#17157,"SIMPANG BEBEKO, BATIN II BABEKO, BUNGO, JAMBI",8,105,70,175
https://kawalpemilu.org#17157,"SIMPANG BEBEKO, BATIN II BABEKO, BUNGO, JAMBI",9,109,71,180
https://kawalpemilu.org#17158,"SUKA MAKMUR, BATIN II BABEKO, BUNGO, JAMBI",1,97,112,209
https://kawalpemilu.org#17158,"SUKA MAKMUR, BATIN II BABEKO, BUNGO, JAMBI",2,90,81,171
https://kawalpemilu.org#17158,"SUKA MAKMUR, BATIN II BABEKO, BUNGO, JAMBI",3,74,98,172
https://kawalpemilu.org#17158,"SUKA MAKMUR, BATIN II BABEKO, BUNGO, JAMBI",4,97,107,204
https://kawalpemilu.org#17158,"SUKA MAKMUR, BATIN II BABEKO, BUNGO, JAMBI",5,103,62,165
https://kawalpemilu.org#84675,"TUO SEPUNGGUR, BATIN II BABEKO, BUNGO, JAMBI",1,51,191,242
https://kawalpemilu.org#84675,"TUO SEPUNGGUR, BATIN II BABEKO, BUNGO, JAMBI",2,32,185,217
https://kawalpemilu.org#84675,"TUO SEPUNGGUR, BATIN II BABEKO, BUNGO, JAMBI",3,46,145,191
https://kawalpemilu.org#84675,"TUO SEPUNGGUR, BATIN II BABEKO, BUNGO, JAMBI",4,31,136,167
https://kawalpemilu.org#84675,"TUO SEPUNGGUR, BATIN II BABEKO, BUNGO, JAMBI",5,21,148,174
https://kawalpemilu.org#17160,"MANGGIS, BATHIN III, BUNGO, JAMBI",1,88,87,175
https://kawalpemilu.org#17160,"MANGGIS, BATHIN III, BUNGO, JAMBI",2,89,93,182
https://kawalpemilu.org#17160,"MANGGIS, BATHIN III, BUNGO, JAMBI",3,88,169,257
https://kawalpemilu.org#17160,"MANGGIS, BATHIN III, BUNGO, JAMBI",4,82,97,179
https://kawalpemilu.org#17160,"MANGGIS, BATHIN III, BUNGO, JAMBI",5,93,93,186
https://kawalpemilu.org#17160,"MANGGIS, BATHIN III, BUNGO, JAMBI",6,56,163,219
https://kawalpemilu.org#17160,"MANGGIS, BATHIN III, BUNGO, JAMBI",7,48,131,179
https://kawalpemilu.org#17160,"MANGGIS, BATHIN III, BUNGO, JAMBI",8,49,175,224
https://kawalpemilu.org#17160,"MANGGIS, BATHIN III, BUNGO, JAMBI",9,35,105,140
https://kawalpemilu.org#17160,"MANGGIS, BATHIN III, BUNGO, JAMBI",10,67,169,236
https://kawalpemilu.org#17160,"MANGGIS, BATHIN III, BUNGO, JAMBI",11,53,167,220
https://kawalpemilu.org#17160,"MANGGIS, BATHIN III, BUNGO, JAMBI",12,0,0,0
https://kawalpemilu.org#17160,"MANGGIS, BATHIN III, BUNGO, JAMBI",13,86,153,239
https://kawalpemilu.org#17160,"MANGGIS, BATHIN III, BUNGO, JAMBI",14,42,171,213
https://kawalpemilu.org#17160,"MANGGIS, BATHIN III, BUNGO, JAMBI",15,56,170,226
https://kawalpemilu.org#17160,"MANGGIS, BATHIN III, BUNGO, JAMBI",16,125,86,211
https://kawalpemilu.org#17160,"MANGGIS, BATHIN III, BUNGO, JAMBI",17,47,149,196
https://kawalpemilu.org#17160,"MANGGIS, BATHIN III, BUNGO, JAMBI",18,56,141,197
https://kawalpemilu.org#17160,"MANGGIS, BATHIN III, BUNGO, JAMBI",19,62,120,182
https://kawalpemilu.org#17160,"MANGGIS, BATHIN III, BUNGO, JAMBI",20,56,84,140
https://kawalpemilu.org#17160,"MANGGIS, BATHIN III, BUNGO, JAMBI",21,33,88,121
https://kawalpemilu.org#17161,"BUNGO TAMAN AGUNG, BATHIN III, BUNGO, JAMBI",1,97,146,243
https://kawalpemilu.org#17161,"BUNGO TAMAN AGUNG, BATHIN III, BUNGO, JAMBI",2,109,114,223
https://kawalpemilu.org#17161,"BUNGO TAMAN AGUNG, BATHIN III, BUNGO, JAMBI",3,64,124,188
https://kawalpemilu.org#17161,"BUNGO TAMAN AGUNG, BATHIN III, BUNGO, JAMBI",4,89,165,254
https://kawalpemilu.org#17161,"BUNGO TAMAN AGUNG, BATHIN III, BUNGO, JAMBI",5,49,99,148
https://kawalpemilu.org#17161,"BUNGO TAMAN AGUNG, BATHIN III, BUNGO, JAMBI",6,49,133,182
https://kawalpemilu.org#17161,"BUNGO TAMAN AGUNG, BATHIN III, BUNGO, JAMBI",7,71,162,233
https://kawalpemilu.org#17162,"SUNGAI BINJAI, BATHIN III, BUNGO, JAMBI",1,80,167,247
https://kawalpemilu.org#17162,"SUNGAI BINJAI, BATHIN III, BUNGO, JAMBI",2,94,154,248
https://kawalpemilu.org#17162,"SUNGAI BINJAI, BATHIN III, BUNGO, JAMBI",3,96,164,260
https://kawalpemilu.org#17162,"SUNGAI BINJAI, BATHIN III, BUNGO, JAMBI",4,148,119,267
https://kawalpemilu.org#17162,"SUNGAI BINJAI, BATHIN III, BUNGO, JAMBI",5,75,132,207
https://kawalpemilu.org#17162,"SUNGAI BINJAI, BATHIN III, BUNGO, JAMBI",6,52,143,195
https://kawalpemilu.org#17162,"SUNGAI BINJAI, BATHIN III, BUNGO, JAMBI",7,53,168,221
https://kawalpemilu.org#17162,"SUNGAI BINJAI, BATHIN III, BUNGO, JAMBI",8,66,155,221
https://kawalpemilu.org#17162,"SUNGAI BINJAI, BATHIN III, BUNGO, JAMBI",9,79,88,167
https://kawalpemilu.org#17162,"SUNGAI BINJAI, BATHIN III, BUNGO, JAMBI",10,57,134,191
https://kawalpemilu.org#17162,"SUNGAI BINJAI, BATHIN III, BUNGO, JAMBI",11,49,163,186
https://kawalpemilu.org#17163,"LUBUK BENTENG, BATHIN III, BUNGO, JAMBI",1,35,121,156
https://kawalpemilu.org#17163,"LUBUK BENTENG, BATHIN III, BUNGO, JAMBI",2,24,152,152
https://kawalpemilu.org#17163,"LUBUK BENTENG, BATHIN III, BUNGO, JAMBI",3,39,156,195
https://kawalpemilu.org#17163,"LUBUK BENTENG, BATHIN III, BUNGO, JAMBI",4,28,127,155
https://kawalpemilu.org#17164,"AIR GEMURUH, BATHIN III, BUNGO, JAMBI",1,44,157,201
https://kawalpemilu.org#17164,"AIR GEMURUH, BATHIN III, BUNGO, JAMBI",2,39,168,207
https://kawalpemilu.org#17164,"AIR GEMURUH, BATHIN III, BUNGO, JAMBI",3,34,156,190
https://kawalpemilu.org#17164,"AIR GEMURUH, BATHIN III, BUNGO, JAMBI",4,27,153,180
https://kawalpemilu.org#17164,"AIR GEMURUH, BATHIN III, BUNGO, JAMBI",5,39,150,189
https://kawalpemilu.org#17164,"AIR GEMURUH, BATHIN III, BUNGO, JAMBI",6,55,126,181
https://kawalpemilu.org#17164,"AIR GEMURUH, BATHIN III, BUNGO, JAMBI",7,61,102,163
https://kawalpemilu.org#17164,"AIR GEMURUH, BATHIN III, BUNGO, JAMBI",8,57,95,152
https://kawalpemilu.org#17164,"AIR GEMURUH, BATHIN III, BUNGO, JAMBI",9,45,119,164
https://kawalpemilu.org#17165,"PURWO BHAKTI, BATHIN III, BUNGO, JAMBI",1,127,124,251
https://kawalpemilu.org#17165,"PURWO BHAKTI, BATHIN III, BUNGO, JAMBI",2,73,157,234
https://kawalpemilu.org#17165,"PURWO BHAKTI, BATHIN III, BUNGO, JAMBI",3,66,188,254
https://kawalpemilu.org#17165,"PURWO BHAKTI, BATHIN III, BUNGO, JAMBI",4,89,141,230
https://kawalpemilu.org#17165,"PURWO BHAKTI, BATHIN III, BUNGO, JAMBI",5,121,137,258
https://kawalpemilu.org#17165,"PURWO BHAKTI, BATHIN III, BUNGO, JAMBI",6,81,87,168
https://kawalpemilu.org#17165,"PURWO BHAKTI, BATHIN III, BUNGO, JAMBI",7,60,190,250
https://kawalpemilu.org#17166,"SARANA JAYA, BATHIN III, BUNGO, JAMBI",1,58,147,205
https://kawalpemilu.org#17166,"SARANA JAYA, BATHIN III, BUNGO, JAMBI",2,52,119,171
https://kawalpemilu.org#17166,"SARANA JAYA, BATHIN III, BUNGO, JAMBI",3,36,156,192
https://kawalpemilu.org#17166,"SARANA JAYA, BATHIN III, BUNGO, JAMBI",4,31,130,161
https://kawalpemilu.org#17166,"SARANA JAYA, BATHIN III, BUNGO, JAMBI",5,29,126,155
https://kawalpemilu.org#17167,"TELUK PANJANG, BATHIN III, BUNGO, JAMBI",1,25,184,209
https://kawalpemilu.org#17167,"TELUK PANJANG, BATHIN III, BUNGO, JAMBI",2,52,147,199
https://kawalpemilu.org#17167,"TELUK PANJANG, BATHIN III, BUNGO, JAMBI",3,83,145,228
https://kawalpemilu.org#17167,"TELUK PANJANG, BATHIN III, BUNGO, JAMBI",4,72,146,218
https://kawalpemilu.org#17169,"SUNGAI PINANG, BUNGO DANI, BUNGO, JAMBI",1,45,183,228
https://kawalpemilu.org#17169,"SUNGAI PINANG, BUNGO DANI, BUNGO, JAMBI",2,47,110,157
https://kawalpemilu.org#17169,"SUNGAI PINANG, BUNGO DANI, BUNGO, JAMBI",3,45,193,238
https://kawalpemilu.org#17169,"SUNGAI PINANG, BUNGO DANI, BUNGO, JAMBI",4,19,187,206
https://kawalpemilu.org#17169,"SUNGAI PINANG, BUNGO DANI, BUNGO, JAMBI",5,22,137,159
https://kawalpemilu.org#17169,"SUNGAI PINANG, BUNGO DANI, BUNGO, JAMBI",6,110,95,205
https://kawalpemilu.org#17169,"SUNGAI PINANG, BUNGO DANI, BUNGO, JAMBI",7,92,128,220
https://kawalpemilu.org#17169,"SUNGAI PINANG, BUNGO DANI, BUNGO, JAMBI",9,70,82,152
https://kawalpemilu.org#17169,"SUNGAI PINANG, BUNGO DANI, BUNGO, JAMBI",10,21,218,239
https://kawalpemilu.org#17169,"SUNGAI PINANG, BUNGO DANI, BUNGO, JAMBI",11,100,159,259
https://kawalpemilu.org#17169,"SUNGAI PINANG, BUNGO DANI, BUNGO, JAMBI",12,121,155,276
https://kawalpemilu.org#17169,"SUNGAI PINANG, BUNGO DANI, BUNGO, JAMBI",13,165,104,269
https://kawalpemilu.org#17169,"SUNGAI PINANG, BUNGO DANI, BUNGO, JAMBI",14,106,185,291
https://kawalpemilu.org#17169,"SUNGAI PINANG, BUNGO DANI, BUNGO, JAMBI",15,164,88,252
https://kawalpemilu.org#17169,"SUNGAI PINANG, BUNGO DANI, BUNGO, JAMBI",16,74,169,243
https://kawalpemilu.org#17169,"SUNGAI PINANG, BUNGO DANI, BUNGO, JAMBI",17,95,157,252
https://kawalpemilu.org#17169,"SUNGAI PINANG, BUNGO DANI, BUNGO, JAMBI",18,62,151,213
https://kawalpemilu.org#17169,"SUNGAI PINANG, BUNGO DANI, BUNGO, JAMBI",19,95,157,252
https://kawalpemilu.org#17169,"SUNGAI PINANG, BUNGO DANI, BUNGO, JAMBI",20,160,112,272
https://kawalpemilu.org#17169,"SUNGAI PINANG, BUNGO DANI, BUNGO, JAMBI",21,139,126,265
https://kawalpemilu.org#17169,"SUNGAI PINANG, BUNGO DANI, BUNGO, JAMBI",22,102,97,199
https://kawalpemilu.org#17169,"SUNGAI PINANG, BUNGO DANI, BUNGO, JAMBI",24,53,44,97
https://kawalpemilu.org#17170,"SUNGAI KERJAN, BUNGO DANI, BUNGO, JAMBI",1,86,141,227
https://kawalpemilu.org#17170,"SUNGAI KERJAN, BUNGO DANI, BUNGO, JAMBI",2,77,154,231
https://kawalpemilu.org#17170,"SUNGAI KERJAN, BUNGO DANI, BUNGO, JAMBI",3,68,175,243
https://kawalpemilu.org#17170,"SUNGAI KERJAN, BUNGO DANI, BUNGO, JAMBI",4,31,144,175
https://kawalpemilu.org#17170,"SUNGAI KERJAN, BUNGO DANI, BUNGO, JAMBI",5,49,118,167
https://kawalpemilu.org#17170,"SUNGAI KERJAN, BUNGO DANI, BUNGO, JAMBI",6,119,120,239
https://kawalpemilu.org#17170,"SUNGAI KERJAN, BUNGO DANI, BUNGO, JAMBI",7,35,170,205
https://kawalpemilu.org#17170,"SUNGAI KERJAN, BUNGO DANI, BUNGO, JAMBI",8,124,80,204
https://kawalpemilu.org#17170,"SUNGAI KERJAN, BUNGO DANI, BUNGO, JAMBI",9,38,226,264
https://kawalpemilu.org#17170,"SUNGAI KERJAN, BUNGO DANI, BUNGO, JAMBI",10,58,171,229
https://kawalpemilu.org#17170,"SUNGAI KERJAN, BUNGO DANI, BUNGO, JAMBI",11,64,176,240
https://kawalpemilu.org#17170,"SUNGAI KERJAN, BUNGO DANI, BUNGO, JAMBI",12,50,172,222
https://kawalpemilu.org#17170,"SUNGAI KERJAN, BUNGO DANI, BUNGO, JAMBI",13,110,116,226
https://kawalpemilu.org#17170,"SUNGAI KERJAN, BUNGO DANI, BUNGO, JAMBI",14,64,199,263
https://kawalpemilu.org#17170,"SUNGAI KERJAN, BUNGO DANI, BUNGO, JAMBI",15,71,215,286
https://kawalpemilu.org#17170,"SUNGAI KERJAN, BUNGO DANI, BUNGO, JAMBI",16,56,196,251
https://kawalpemilu.org#17170,"SUNGAI KERJAN, BUNGO DANI, BUNGO, JAMBI",17,115,137,252
https://kawalpemilu.org#17170,"SUNGAI KERJAN, BUNGO DANI, BUNGO, JAMBI",18,20,104,124
https://kawalpemilu.org#17170,"SUNGAI KERJAN, BUNGO DANI, BUNGO, JAMBI",19,113,97,210
https://kawalpemilu.org#17170,"SUNGAI KERJAN, BUNGO DANI, BUNGO, JAMBI",20,40,70,110
https://kawalpemilu.org#17171,"TALANG PANTAI, BUNGO DANI, BUNGO, JAMBI",1,62,160,222
https://kawalpemilu.org#17171,"TALANG PANTAI, BUNGO DANI, BUNGO, JAMBI",2,78,182,260
https://kawalpemilu.org#17171,"TALANG PANTAI, BUNGO DANI, BUNGO, JAMBI",3,54,182,236
https://kawalpemilu.org#17171,"TALANG PANTAI, BUNGO DANI, BUNGO, JAMBI",4,34,189,223
https://kawalpemilu.org#17171,"TALANG PANTAI, BUNGO DANI, BUNGO, JAMBI",5,23,167,190
https://kawalpemilu.org#17171,"TALANG PANTAI, BUNGO DANI, BUNGO, JAMBI",6,22,199,221
https://kawalpemilu.org#17171,"TALANG PANTAI, BUNGO DANI, BUNGO, JAMBI",7,33,158,191
https://kawalpemilu.org#17171,"TALANG PANTAI, BUNGO DANI, BUNGO, JAMBI",8,14,220,234
https://kawalpemilu.org#17171,"TALANG PANTAI, BUNGO DANI, BUNGO, JAMBI",9,53,93,146
https://kawalpemilu.org#17171,"TALANG PANTAI, BUNGO DANI, BUNGO, JAMBI",10,58,65,123
https://kawalpemilu.org#17172,"SUNGAI ARANG, BUNGO DANI, BUNGO, JAMBI",1,55,234,289
https://kawalpemilu.org#17172,"SUNGAI ARANG, BUNGO DANI, BUNGO, JAMBI",2,52,177,229
https://kawalpemilu.org#17172,"SUNGAI ARANG, BUNGO DANI, BUNGO, JAMBI",3,38,180,218
https://kawalpemilu.org#17172,"SUNGAI ARANG, BUNGO DANI, BUNGO, JAMBI",4,43,183,226
https://kawalpemilu.org#17172,"SUNGAI ARANG, BUNGO DANI, BUNGO, JAMBI",5,48,184,232
https://kawalpemilu.org#17172,"SUNGAI ARANG, BUNGO DANI, BUNGO, JAMBI",6,54,162,216
https://kawalpemilu.org#17172,"SUNGAI ARANG, BUNGO DANI, BUNGO, JAMBI",7,54,170,224
https://kawalpemilu.org#17172,"SUNGAI ARANG, BUNGO DANI, BUNGO, JAMBI",8,45,126,171
https://kawalpemilu.org#17172,"SUNGAI ARANG, BUNGO DANI, BUNGO, JAMBI",9,97,148,245
https://kawalpemilu.org#17172,"SUNGAI ARANG, BUNGO DANI, BUNGO, JAMBI",10,50,177,227
https://kawalpemilu.org#17172,"SUNGAI ARANG, BUNGO DANI, BUNGO, JAMBI",11,55,201,256
https://kawalpemilu.org#17173,"PULAU PEKAN, BUNGO DANI, BUNGO, JAMBI",1,21,165,186
https://kawalpemilu.org#17173,"PULAU PEKAN, BUNGO DANI, BUNGO, JAMBI",2,21,159,180
https://kawalpemilu.org#17173,"PULAU PEKAN, BUNGO DANI, BUNGO, JAMBI",3,19,165,184
https://kawalpemilu.org#17175,"PASIR PUTIH, RIMBO TENGAH, BUNGO, JAMBI",1,68,160,228
https://kawalpemilu.org#17175,"PASIR PUTIH, RIMBO TENGAH, BUNGO, JAMBI",2,31,43,74
https://kawalpemilu.org#17175,"PASIR PUTIH, RIMBO TENGAH, BUNGO, JAMBI",3,36,92,128
https://kawalpemilu.org#17175,"PASIR PUTIH, RIMBO TENGAH, BUNGO, JAMBI",4,23,77,100
https://kawalpemilu.org#17175,"PASIR PUTIH, RIMBO TENGAH, BUNGO, JAMBI",5,62,197,259
https://kawalpemilu.org#17175,"PASIR PUTIH, RIMBO TENGAH, BUNGO, JAMBI",6,48,125,173
https://kawalpemilu.org#17175,"PASIR PUTIH, RIMBO TENGAH, BUNGO, JAMBI",7,41,117,158
https://kawalpemilu.org#17175,"PASIR PUTIH, RIMBO TENGAH, BUNGO, JAMBI",8,67,202,269
https://kawalpemilu.org#17175,"PASIR PUTIH, RIMBO TENGAH, BUNGO, JAMBI",9,31,136,167
https://kawalpemilu.org#17175,"PASIR PUTIH, RIMBO TENGAH, BUNGO, JAMBI",10,44,116,160
https://kawalpemilu.org#17175,"PASIR PUTIH, RIMBO TENGAH, BUNGO, JAMBI",11,28,140,168
https://kawalpemilu.org#17175,"PASIR PUTIH, RIMBO TENGAH, BUNGO, JAMBI",12,29,163,192
https://kawalpemilu.org#17175,"PASIR PUTIH, RIMBO TENGAH, BUNGO, JAMBI",13,25,92,117
https://kawalpemilu.org#17175,"PASIR PUTIH, RIMBO TENGAH, BUNGO, JAMBI",14,42,145,187
https://kawalpemilu.org#17175,"PASIR PUTIH, RIMBO TENGAH, BUNGO, JAMBI",15,38,134,172
https://kawalpemilu.org#17175,"PASIR PUTIH, RIMBO TENGAH, BUNGO, JAMBI",16,88,161,249
https://kawalpemilu.org#17175,"PASIR PUTIH, RIMBO TENGAH, BUNGO, JAMBI",17,35,159,194
https://kawalpemilu.org#17175,"PASIR PUTIH, RIMBO TENGAH, BUNGO, JAMBI",18,36,184,220
https://kawalpemilu.org#17175,"PASIR PUTIH, RIMBO TENGAH, BUNGO, JAMBI",19,60,142,202
https://kawalpemilu.org#17175,"PASIR PUTIH, RIMBO TENGAH, BUNGO, JAMBI",20,69,140,209
https://kawalpemilu.org#17175,"PASIR PUTIH, RIMBO TENGAH, BUNGO, JAMBI",21,72,124,196
https://kawalpemilu.org#17175,"PASIR PUTIH, RIMBO TENGAH, BUNGO, JAMBI",22,116,97,213
https://kawalpemilu.org#17175,"PASIR PUTIH, RIMBO TENGAH, BUNGO, JAMBI",23,35,132,167
https://kawalpemilu.org#17175,"PASIR PUTIH, RIMBO TENGAH, BUNGO, JAMBI",24,44,118,162
https://kawalpemilu.org#17175,"PASIR PUTIH, RIMBO TENGAH, BUNGO, JAMBI",25,39,191,230
https://kawalpemilu.org#17175,"PASIR PUTIH, RIMBO TENGAH, BUNGO, JAMBI",26,45,179,224
https://kawalpemilu.org#17175,"PASIR PUTIH, RIMBO TENGAH, BUNGO, JAMBI",27,60,169,229
https://kawalpemilu.org#17175,"PASIR PUTIH, RIMBO TENGAH, BUNGO, JAMBI",28,77,127,204
https://kawalpemilu.org#17175,"PASIR PUTIH, RIMBO TENGAH, BUNGO, JAMBI",29,68,194,262
https://kawalpemilu.org#17175,"PASIR PUTIH, RIMBO TENGAH, BUNGO, JAMBI",30,55,102,157
https://kawalpemilu.org#17175,"PASIR PUTIH, RIMBO TENGAH, BUNGO, JAMBI",31,38,222,260
https://kawalpemilu.org#17175,"PASIR PUTIH, RIMBO TENGAH, BUNGO, JAMBI",32,78,60,138
https://kawalpemilu.org#17175,"PASIR PUTIH, RIMBO TENGAH, BUNGO, JAMBI",33,28,92,120
https://kawalpemilu.org#17176,"CADIKA, RIMBO TENGAH, BUNGO, JAMBI",1,31,153,184
https://kawalpemilu.org#17176,"CADIKA, RIMBO TENGAH, BUNGO, JAMBI",2,24,118,142
https://kawalpemilu.org#17176,"CADIKA, RIMBO TENGAH, BUNGO, JAMBI",3,35,173,208
https://kawalpemilu.org#17176,"CADIKA, RIMBO TENGAH, BUNGO, JAMBI",4,71,213,284
https://kawalpemilu.org#17176,"CADIKA, RIMBO TENGAH, BUNGO, JAMBI",5,18,113,131
https://kawalpemilu.org#17176,"CADIKA, RIMBO TENGAH, BUNGO, JAMBI",6,130,111,241
https://kawalpemilu.org#17176,"CADIKA, RIMBO TENGAH, BUNGO, JAMBI",7,40,174,214
https://kawalpemilu.org#17176,"CADIKA, RIMBO TENGAH, BUNGO, JAMBI",8,60,148,208
https://kawalpemilu.org#17176,"CADIKA, RIMBO TENGAH, BUNGO, JAMBI",9,33,190,223
https://kawalpemilu.org#17176,"CADIKA, RIMBO TENGAH, BUNGO, JAMBI",10,27,119,146
https://kawalpemilu.org#17176,"CADIKA, RIMBO TENGAH, BUNGO, JAMBI",11,89,204,293
https://kawalpemilu.org#17176,"CADIKA, RIMBO TENGAH, BUNGO, JAMBI",12,51,221,272
https://kawalpemilu.org#17176,"CADIKA, RIMBO TENGAH, BUNGO, JAMBI",13,66,157,223
https://kawalpemilu.org#17176,"CADIKA, RIMBO TENGAH, BUNGO, JAMBI",14,35,191,226
https://kawalpemilu.org#17176,"CADIKA, RIMBO TENGAH, BUNGO, JAMBI",15,77,199,276
https://kawalpemilu.org#17176,"CADIKA, RIMBO TENGAH, BUNGO, JAMBI",16,69,89,158
https://kawalpemilu.org#17176,"CADIKA, RIMBO TENGAH, BUNGO, JAMBI",17,96,149,245
https://kawalpemilu.org#17177,"SUNGAI MENGKUANG, RIMBO TENGAH, BUNGO, JAMBI",1,82,146,228
https://kawalpemilu.org#17177,"SUNGAI MENGKUANG, RIMBO TENGAH, BUNGO, JAMBI",2,98,137,6
https://kawalpemilu.org#17177,"SUNGAI MENGKUANG, RIMBO TENGAH, BUNGO, JAMBI",3,69,161,230
https://kawalpemilu.org#17177,"SUNGAI MENGKUANG, RIMBO TENGAH, BUNGO, JAMBI",4,100,132,232
https://kawalpemilu.org#17177,"SUNGAI MENGKUANG, RIMBO TENGAH, BUNGO, JAMBI",5,92,104,196
https://kawalpemilu.org#17177,"SUNGAI MENGKUANG, RIMBO TENGAH, BUNGO, JAMBI",6,61,181,242
https://kawalpemilu.org#17177,"SUNGAI MENGKUANG, RIMBO TENGAH, BUNGO, JAMBI",7,137,84,221
https://kawalpemilu.org#17177,"SUNGAI MENGKUANG, RIMBO TENGAH, BUNGO, JAMBI",8,55,145,200
https://kawalpemilu.org#17177,"SUNGAI MENGKUANG, RIMBO TENGAH, BUNGO, JAMBI",9,98,167,265
https://kawalpemilu.org#17177,"SUNGAI MENGKUANG, RIMBO TENGAH, BUNGO, JAMBI",10,74,191,265
https://kawalpemilu.org#17177,"SUNGAI MENGKUANG, RIMBO TENGAH, BUNGO, JAMBI",11,105,133,238
https://kawalpemilu.org#17177,"SUNGAI MENGKUANG, RIMBO TENGAH, BUNGO, JAMBI",12,87,156,243
https://kawalpemilu.org#17177,"SUNGAI MENGKUANG, RIMBO TENGAH, BUNGO, JAMBI",13,88,136,224
https://kawalpemilu.org#17177,"SUNGAI MENGKUANG, RIMBO TENGAH, BUNGO, JAMBI",14,91,116,207
https://kawalpemilu.org#17177,"SUNGAI MENGKUANG, RIMBO TENGAH, BUNGO, JAMBI",17,114,136,250
https://kawalpemilu.org#17177,"SUNGAI MENGKUANG, RIMBO TENGAH, BUNGO, JAMBI",18,111,127,238
https://kawalpemilu.org#17177,"SUNGAI MENGKUANG, RIMBO TENGAH, BUNGO, JAMBI",19,80,137,217
https://kawalpemilu.org#17177,"SUNGAI MENGKUANG, RIMBO TENGAH, BUNGO, JAMBI",20,20,68,88
https://kawalpemilu.org#17177,"SUNGAI MENGKUANG, RIMBO TENGAH, BUNGO, JAMBI",21,48,96,144
https://kawalpemilu.org#17178,"SUNGAI BULUH, RIMBO TENGAH, BUNGO, JAMBI",1,110,113,223
https://kawalpemilu.org#17178,"SUNGAI BULUH, RIMBO TENGAH, BUNGO, JAMBI",2,108,104,212
https://kawalpemilu.org#17178,"SUNGAI BULUH, RIMBO TENGAH, BUNGO, JAMBI",3,130,107,237
https://kawalpemilu.org#17178,"SUNGAI BULUH, RIMBO TENGAH, BUNGO, JAMBI",4,95,102,197
https://kawalpemilu.org#17178,"SUNGAI BULUH, RIMBO TENGAH, BUNGO, JAMBI",5,116,97,213
https://kawalpemilu.org#17178,"SUNGAI BULUH, RIMBO TENGAH, BUNGO, JAMBI",6,195,67,262
https://kawalpemilu.org#17178,"SUNGAI BULUH, RIMBO TENGAH, BUNGO, JAMBI",7,160,66,226
https://kawalpemilu.org#17180,"MUARA BUAT, BATHIN III ULU, BUNGO, JAMBI",1,23,148,171
https://kawalpemilu.org#17180,"MUARA BUAT, BATHIN III ULU, BUNGO, JAMBI",2,48,112,160
https://kawalpemilu.org#17180,"MUARA BUAT, BATHIN III ULU, BUNGO, JAMBI",3,20,141,161
https://kawalpemilu.org#17180,"MUARA BUAT, BATHIN III ULU, BUNGO, JAMBI",4,13,30,43
https://kawalpemilu.org#17181,"BUAT, BATHIN III ULU, BUNGO, JAMBI",1,30,38,68
https://kawalpemilu.org#17181,"BUAT, BATHIN III ULU, BUNGO, JAMBI",2,38,70,108
https://kawalpemilu.org#17181,"BUAT, BATHIN III ULU, BUNGO, JAMBI",3,31,92,123
https://kawalpemilu.org#17181,"BUAT, BATHIN III ULU, BUNGO, JAMBI",4,47,157,204
https://kawalpemilu.org#17181,"BUAT, BATHIN III ULU, BUNGO, JAMBI",5,19,96,115
https://kawalpemilu.org#17182,"LAMAN PANJANG, BATHIN III ULU, BUNGO, JAMBI",1,61,102,163
https://kawalpemilu.org#17182,"LAMAN PANJANG, BATHIN III ULU, BUNGO, JAMBI",2,52,80,132
https://kawalpemilu.org#17182,"LAMAN PANJANG, BATHIN III ULU, BUNGO, JAMBI",3,60,123,183
https://kawalpemilu.org#17183,"KARAK APUNG, BATHIN III ULU, BUNGO, JAMBI",1,21,112,133
https://kawalpemilu.org#17183,"KARAK APUNG, BATHIN III ULU, BUNGO, JAMBI",2,36,164,200
https://kawalpemilu.org#17183,"KARAK APUNG, BATHIN III ULU, BUNGO, JAMBI",3,31,128,159
https://kawalpemilu.org#17183,"KARAK APUNG, BATHIN III ULU, BUNGO, JAMBI",4,81,36,117
https://kawalpemilu.org#17183,"KARAK APUNG, BATHIN III ULU, BUNGO, JAMBI",5,77,61,138
https://kawalpemilu.org#17184,"TIMBOLASI, BATHIN III ULU, BUNGO, JAMBI",1,47,114,161
https://kawalpemilu.org#17184,"TIMBOLASI, BATHIN III ULU, BUNGO, JAMBI",2,22,75,97
https://kawalpemilu.org#17184,"TIMBOLASI, BATHIN III ULU, BUNGO, JAMBI",3,11,98,109
https://kawalpemilu.org#17184,"TIMBOLASI, BATHIN III ULU, BUNGO, JAMBI",4,63,19,82
https://kawalpemilu.org#17184,"TIMBOLASI, BATHIN III ULU, BUNGO, JAMBI",5,12,203,215
https://kawalpemilu.org#17185,"SENAMAT ULU, BATHIN III ULU, BUNGO, JAMBI",1,62,97,159
https://kawalpemilu.org#17185,"SENAMAT ULU, BATHIN III ULU, BUNGO, JAMBI",2,65,72,137
https://kawalpemilu.org#17185,"SENAMAT ULU, BATHIN III ULU, BUNGO, JAMBI",3,44,64,108
https://kawalpemilu.org#17185,"SENAMAT ULU, BATHIN III ULU, BUNGO, JAMBI",4,57,105,162
https://kawalpemilu.org#17186,"AUR CINO, BATHIN III ULU, BUNGO, JAMBI",1,67,90,157
https://kawalpemilu.org#17186,"AUR CINO, BATHIN III ULU, BUNGO, JAMBI",2,65,88,153
https://kawalpemilu.org#17187,"LUBUK BERINGIN, BATHIN III ULU, BUNGO, JAMBI",1,19,106,125
https://kawalpemilu.org#17187,"LUBUK BERINGIN, BATHIN III ULU, BUNGO, JAMBI",2,41,105,146
https://kawalpemilu.org#17188,"SUNGAI TELANG, BATHIN III ULU, BUNGO, JAMBI",1,38,107,145
https://kawalpemilu.org#17188,"SUNGAI TELANG, BATHIN III ULU, BUNGO, JAMBI",2,47,112,159
https://kawalpemilu.org#17188,"SUNGAI TELANG, BATHIN III ULU, BUNGO, JAMBI",3,89,157,246
https://kawalpemilu.org#17188,"SUNGAI TELANG, BATHIN III ULU, BUNGO, JAMBI",4,66,166,232
https://kawalpemilu.org#17188,"SUNGAI TELANG, BATHIN III ULU, BUNGO, JAMBI",5,40,88,128
https://kawalpemilu.org#17188,"SUNGAI TELANG, BATHIN III ULU, BUNGO, JAMBI",6,43,142,185
https://kawalpemilu.org#17190,"PELAYANG, BATHIN II PELAYANG, BUNGO, JAMBI",1,26,134,160
https://kawalpemilu.org#17190,"PELAYANG, BATHIN II PELAYANG, BUNGO, JAMBI",2,52,149,201
https://kawalpemilu.org#17190,"PELAYANG, BATHIN II PELAYANG, BUNGO, JAMBI",3,75,139,214
https://kawalpemilu.org#17190,"PELAYANG, BATHIN II PELAYANG, BUNGO, JAMBI",4,68,124,192
https://kawalpemilu.org#17190,"PELAYANG, BATHIN II PELAYANG, BUNGO, JAMBI",5,75,152,227
https://kawalpemilu.org#17190,"PELAYANG, BATHIN II PELAYANG, BUNGO, JAMBI",6,97,121,218
https://kawalpemilu.org#17191,"PENINJAU, BATHIN II PELAYANG, BUNGO, JAMBI",1,48,101,149
https://kawalpemilu.org#17191,"PENINJAU, BATHIN II PELAYANG, BUNGO, JAMBI",2,53,100,153
https://kawalpemilu.org#17191,"PENINJAU, BATHIN II PELAYANG, BUNGO, JAMBI",4,41,121,162
https://kawalpemilu.org#17191,"PENINJAU, BATHIN II PELAYANG, BUNGO, JAMBI",5,35,160,185
https://kawalpemilu.org#17191,"PENINJAU, BATHIN II PELAYANG, BUNGO, JAMBI",6,43,171,214
https://kawalpemilu.org#17192,"TALANG SELUNGKO, BATHIN II PELAYANG, BUNGO, JAMBI",1,70,71,141
https://kawalpemilu.org#17192,"TALANG SELUNGKO, BATHIN II PELAYANG, BUNGO, JAMBI",2,35,108,143
https://kawalpemilu.org#17192,"TALANG SELUNGKO, BATHIN II PELAYANG, BUNGO, JAMBI",3,145,83,228
https://kawalpemilu.org#17192,"TALANG SELUNGKO, BATHIN II PELAYANG, BUNGO, JAMBI",4,86,88,174
https://kawalpemilu.org#17192,"TALANG SELUNGKO, BATHIN II PELAYANG, BUNGO, JAMBI",5,113,46,159
https://kawalpemilu.org#17193,"PULAU KERAKAP, BATHIN II PELAYANG, BUNGO, JAMBI",1,0,0,0
https://kawalpemilu.org#17193,"PULAU KERAKAP, BATHIN II PELAYANG, BUNGO, JAMBI",2,123,50,173
https://kawalpemilu.org#17193,"PULAU KERAKAP, BATHIN II PELAYANG, BUNGO, JAMBI",3,122,41,163
https://kawalpemilu.org#17193,"PULAU KERAKAP, BATHIN II PELAYANG, BUNGO, JAMBI",4,24,26,50
https://kawalpemilu.org#17193,"PULAU KERAKAP, BATHIN II PELAYANG, BUNGO, JAMBI",5,22,30,52
https://kawalpemilu.org#17194,"SEBERANG JAYA, BATHIN II PELAYANG, BUNGO, JAMBI",1,52,121,173
https://kawalpemilu.org#17194,"SEBERANG JAYA, BATHIN II PELAYANG, BUNGO, JAMBI",2,46,162,208
https://kawalpemilu.org#17194,"SEBERANG JAYA, BATHIN II PELAYANG, BUNGO, JAMBI",3,40,116,156
https://kawalpemilu.org#17194,"SEBERANG JAYA, BATHIN II PELAYANG, BUNGO, JAMBI",4,68,169,237
https://kawalpemilu.org#17197,"TANAH PERIUK, TANAH SEPENGGAL LINTAS, BUNGO, JAMBI",1,21,199,220
https://kawalpemilu.org#17197,"TANAH PERIUK, TANAH SEPENGGAL LINTAS, BUNGO, JAMBI",2,18,155,173
https://kawalpemilu.org#17197,"TANAH PERIUK, TANAH SEPENGGAL LINTAS, BUNGO, JAMBI",3,36,173,209
https://kawalpemilu.org#17197,"TANAH PERIUK, TANAH SEPENGGAL LINTAS, BUNGO, JAMBI",4,25,201,226
https://kawalpemilu.org#17197,"TANAH PERIUK, TANAH SEPENGGAL LINTAS, BUNGO, JAMBI",5,46,200,246
https://kawalpemilu.org#17197,"TANAH PERIUK, TANAH SEPENGGAL LINTAS, BUNGO, JAMBI",6,39,184,223
https://kawalpemilu.org#17197,"TANAH PERIUK, TANAH SEPENGGAL LINTAS, BUNGO, JAMBI",7,35,227,262
https://kawalpemilu.org#17197,"TANAH PERIUK, TANAH SEPENGGAL LINTAS, BUNGO, JAMBI",8,43,237,280
https://kawalpemilu.org#17197,"TANAH PERIUK, TANAH SEPENGGAL LINTAS, BUNGO, JAMBI",9,29,232,261
https://kawalpemilu.org#17197,"TANAH PERIUK, TANAH SEPENGGAL LINTAS, BUNGO, JAMBI",10,31,240,271
https://kawalpemilu.org#17197,"TANAH PERIUK, TANAH SEPENGGAL LINTAS, BUNGO, JAMBI",11,44,241,285
https://kawalpemilu.org#17197,"TANAH PERIUK, TANAH SEPENGGAL LINTAS, BUNGO, JAMBI",12,47,226,273
https://kawalpemilu.org#17198,"LUBUK LANDAI, TANAH SEPENGGAL LINTAS, BUNGO, JAMBI",1,34,167,201
https://kawalpemilu.org#17198,"LUBUK LANDAI, TANAH SEPENGGAL LINTAS, BUNGO, JAMBI",2,43,173,216
https://kawalpemilu.org#17198,"LUBUK LANDAI, TANAH SEPENGGAL LINTAS, BUNGO, JAMBI",3,52,135,187
https://kawalpemilu.org#17198,"LUBUK LANDAI, TANAH SEPENGGAL LINTAS, BUNGO, JAMBI",4,42,160,202
https://kawalpemilu.org#17198,"LUBUK LANDAI, TANAH SEPENGGAL LINTAS, BUNGO, JAMBI",5,26,158,184
https://kawalpemilu.org#17198,"LUBUK LANDAI, TANAH SEPENGGAL LINTAS, BUNGO, JAMBI",6,40,205,245
https://kawalpemilu.org#17198,"LUBUK LANDAI, TANAH SEPENGGAL LINTAS, BUNGO, JAMBI",7,38,154,192
https://kawalpemilu.org#17198,"LUBUK LANDAI, TANAH SEPENGGAL LINTAS, BUNGO, JAMBI",8,39,177,216
https://kawalpemilu.org#17198,"LUBUK LANDAI, TANAH SEPENGGAL LINTAS, BUNGO, JAMBI",9,36,188,224
https://kawalpemilu.org#17198,"LUBUK LANDAI, TANAH SEPENGGAL LINTAS, BUNGO, JAMBI",10,35,198,233
https://kawalpemilu.org#17198,"LUBUK LANDAI, TANAH SEPENGGAL LINTAS, BUNGO, JAMBI",11,41,206,247
https://kawalpemilu.org#17198,"LUBUK LANDAI, TANAH SEPENGGAL LINTAS, BUNGO, JAMBI",12,40,179,219
https://kawalpemilu.org#17198,"LUBUK LANDAI, TANAH SEPENGGAL LINTAS, BUNGO, JAMBI",13,56,167,223
https://kawalpemilu.org#17198,"LUBUK LANDAI, TANAH SEPENGGAL LINTAS, BUNGO, JAMBI",14,40,173,213
https://kawalpemilu.org#17198,"LUBUK LANDAI, TANAH SEPENGGAL LINTAS, BUNGO, JAMBI",15,44,193,237
https://kawalpemilu.org#17198,"LUBUK LANDAI, TANAH SEPENGGAL LINTAS, BUNGO, JAMBI",16,47,155,202
https://kawalpemilu.org#17199,"RANTAU EMBACANG, TANAH SEPENGGAL LINTAS, BUNGO, JAMBI",1,9,163,172
https://kawalpemilu.org#17199,"RANTAU EMBACANG, TANAH SEPENGGAL LINTAS, BUNGO, JAMBI",2,6,172,178
https://kawalpemilu.org#17199,"RANTAU EMBACANG, TANAH SEPENGGAL LINTAS, BUNGO, JAMBI",3,32,226,258
https://kawalpemilu.org#17199,"RANTAU EMBACANG, TANAH SEPENGGAL LINTAS, BUNGO, JAMBI",4,20,221,241
https://kawalpemilu.org#17199,"RANTAU EMBACANG, TANAH SEPENGGAL LINTAS, BUNGO, JAMBI",5,12,110,122
https://kawalpemilu.org#17200,"TEBING TINGGI, TANAH SEPENGGAL LINTAS, BUNGO, JAMBI",1,26,131,157
https://kawalpemilu.org#17200,"TEBING TINGGI, TANAH SEPENGGAL LINTAS, BUNGO, JAMBI",2,32,128,160
https://kawalpemilu.org#17200,"TEBING TINGGI, TANAH SEPENGGAL LINTAS, BUNGO, JAMBI",3,16,123,139
https://kawalpemilu.org#17200,"TEBING TINGGI, TANAH SEPENGGAL LINTAS, BUNGO, JAMBI",4,23,127,150
https://kawalpemilu.org#17201,"EMBACANG GEDANG, TANAH SEPENGGAL LINTAS, BUNGO, JAMBI",1,50,111,161
https://kawalpemilu.org#17201,"EMBACANG GEDANG, TANAH SEPENGGAL LINTAS, BUNGO, JAMBI",2,88,152,240
https://kawalpemilu.org#17201,"EMBACANG GEDANG, TANAH SEPENGGAL LINTAS, BUNGO, JAMBI",3,53,112,165
https://kawalpemilu.org#17201,"EMBACANG GEDANG, TANAH SEPENGGAL LINTAS, BUNGO, JAMBI",4,57,128,185
https://kawalpemilu.org#17201,"EMBACANG GEDANG, TANAH SEPENGGAL LINTAS, BUNGO, JAMBI",5,62,152,214
https://kawalpemilu.org#17201,"EMBACANG GEDANG, TANAH SEPENGGAL LINTAS, BUNGO, JAMBI",7,22,246,268
https://kawalpemilu.org#17202,"SUNGAI PURI, TANAH SEPENGGAL LINTAS, BUNGO, JAMBI",1,51,162,213
https://kawalpemilu.org#17202,"SUNGAI PURI, TANAH SEPENGGAL LINTAS, BUNGO, JAMBI",2,42,173,215
https://kawalpemilu.org#17203,"PAKU AJI, TANAH SEPENGGAL LINTAS, BUNGO, JAMBI",1,6,115,121
https://kawalpemilu.org#17203,"PAKU AJI, TANAH SEPENGGAL LINTAS, BUNGO, JAMBI",2,9,113,122
https://kawalpemilu.org#17203,"PAKU AJI, TANAH SEPENGGAL LINTAS, BUNGO, JAMBI",3,14,111,125
https://kawalpemilu.org#17203,"PAKU AJI, TANAH SEPENGGAL LINTAS, BUNGO, JAMBI",4,12,107,119
https://kawalpemilu.org#17204,"PEMATANG PANJANG, TANAH SEPENGGAL LINTAS, BUNGO, JAMBI",1,101,120,3
https://kawalpemilu.org#17204,"PEMATANG PANJANG, TANAH SEPENGGAL LINTAS, BUNGO, JAMBI",2,118,124,242
https://kawalpemilu.org#17204,"PEMATANG PANJANG, TANAH SEPENGGAL LINTAS, BUNGO, JAMBI",3,81,124,205
https://kawalpemilu.org#17205,"SUNGAI LILIN, TANAH SEPENGGAL LINTAS, BUNGO, JAMBI",1,63,177,240
https://kawalpemilu.org#17205,"SUNGAI LILIN, TANAH SEPENGGAL LINTAS, BUNGO, JAMBI",2,61,182,243
https://kawalpemilu.org#17205,"SUNGAI LILIN, TANAH SEPENGGAL LINTAS, BUNGO, JAMBI",3,58,154,212
https://kawalpemilu.org#17205,"SUNGAI LILIN, TANAH SEPENGGAL LINTAS, BUNGO, JAMBI",4,26,188,214
https://kawalpemilu.org#17205,"SUNGAI LILIN, TANAH SEPENGGAL LINTAS, BUNGO, JAMBI",5,55,170,225
https://kawalpemilu.org#17205,"SUNGAI LILIN, TANAH SEPENGGAL LINTAS, BUNGO, JAMBI",6,47,198,245
https://kawalpemilu.org#17205,"SUNGAI LILIN, TANAH SEPENGGAL LINTAS, BUNGO, JAMBI",7,48,191,259
https://kawalpemilu.org#17206,"SUNGAI TEMBANG, TANAH SEPENGGAL LINTAS, BUNGO, JAMBI",1,19,175,194
https://kawalpemilu.org#17206,"SUNGAI TEMBANG, TANAH SEPENGGAL LINTAS, BUNGO, JAMBI",2,27,170,197
https://kawalpemilu.org#17206,"SUNGAI TEMBANG, TANAH SEPENGGAL LINTAS, BUNGO, JAMBI",3,21,195,216
https://kawalpemilu.org#17206,"SUNGAI TEMBANG, TANAH SEPENGGAL LINTAS, BUNGO, JAMBI",4,20,181,201
https://kawalpemilu.org#17206,"SUNGAI TEMBANG, TANAH SEPENGGAL LINTAS, BUNGO, JAMBI",5,38,182,220
https://kawalpemilu.org#17206,"SUNGAI TEMBANG, TANAH SEPENGGAL LINTAS, BUNGO, JAMBI",6,34,141,175
https://kawalpemilu.org#17206,"SUNGAI TEMBANG, TANAH SEPENGGAL LINTAS, BUNGO, JAMBI",7,37,115,152
https://kawalpemilu.org#17208,"SUNGAI MANCUR, TANAH SEPENGGAL LINTAS, BUNGO, JAMBI",1,12,171,183
https://kawalpemilu.org#17208,"SUNGAI MANCUR, TANAH SEPENGGAL LINTAS, BUNGO, JAMBI",2,9,169,178
https://kawalpemilu.org#17208,"SUNGAI MANCUR, TANAH SEPENGGAL LINTAS, BUNGO, JAMBI",3,25,178,203
https://kawalpemilu.org#17208,"SUNGAI MANCUR, TANAH SEPENGGAL LINTAS, BUNGO, JAMBI",4,32,181,213
https://kawalpemilu.org#89430,"RANTAU MAKMUR, TANAH SEPENGGAL LINTAS, BUNGO, JAMBI",1,22,182,204
https://kawalpemilu.org#89430,"RANTAU MAKMUR, TANAH SEPENGGAL LINTAS, BUNGO, JAMBI",2,57,203,260
https://kawalpemilu.org#89430,"RANTAU MAKMUR, TANAH SEPENGGAL LINTAS, BUNGO, JAMBI",3,50,105,155
https://kawalpemilu.org#17196,"TEPIAN DANTO, JUJUHAN ILIR, BUNGO, JAMBI",1,37,122,159
https://kawalpemilu.org#17196,"TEPIAN DANTO, JUJUHAN ILIR, BUNGO, JAMBI",2,30,142,172
https://kawalpemilu.org#17196,"TEPIAN DANTO, JUJUHAN ILIR, BUNGO, JAMBI",3,21,117,138
https://kawalpemilu.org#17209,"AUR GADING, JUJUHAN ILIR, BUNGO, JAMBI",1,18,208,226
https://kawalpemilu.org#17209,"AUR GADING, JUJUHAN ILIR, BUNGO, JAMBI",2,18,214,232
https://kawalpemilu.org#17210,"PULAU BATU, JUJUHAN ILIR, BUNGO, JAMBI",1,15,161,176
https://kawalpemilu.org#17210,"PULAU BATU, JUJUHAN ILIR, BUNGO, JAMBI",2,5,165,170
https://kawalpemilu.org#17210,"PULAU BATU, JUJUHAN ILIR, BUNGO, JAMBI",3,20,177,197
https://kawalpemilu.org#17210,"PULAU BATU, JUJUHAN ILIR, BUNGO, JAMBI",4,11,177,188
https://kawalpemilu.org#17210,"PULAU BATU, JUJUHAN ILIR, BUNGO, JAMBI",5,18,133,151
https://kawalpemilu.org#17210,"PULAU BATU, JUJUHAN ILIR, BUNGO, JAMBI",6,56,106,162
https://kawalpemilu.org#17210,"PULAU BATU, JUJUHAN ILIR, BUNGO, JAMBI",7,22,125,147
https://kawalpemilu.org#17211,"SARI MULYA, JUJUHAN ILIR, BUNGO, JAMBI",1,172,74,246
https://kawalpemilu.org#17211,"SARI MULYA, JUJUHAN ILIR, BUNGO, JAMBI",2,115,71,186
https://kawalpemilu.org#17211,"SARI MULYA, JUJUHAN ILIR, BUNGO, JAMBI",3,191,46,237
https://kawalpemilu.org#17211,"SARI MULYA, JUJUHAN ILIR, BUNGO, JAMBI",4,148,77,225
https://kawalpemilu.org#17211,"SARI MULYA, JUJUHAN ILIR, BUNGO, JAMBI",5,127,107,234
https://kawalpemilu.org#17211,"SARI MULYA, JUJUHAN ILIR, BUNGO, JAMBI",6,90,105,195
https://kawalpemilu.org#17211,"SARI MULYA, JUJUHAN ILIR, BUNGO, JAMBI",7,86,137,223
https://kawalpemilu.org#17211,"SARI MULYA, JUJUHAN ILIR, BUNGO, JAMBI",8,140,61,201
https://kawalpemilu.org#17211,"SARI MULYA, JUJUHAN ILIR, BUNGO, JAMBI",9,158,44,202
https://kawalpemilu.org#17212,"BUKIT SARI, JUJUHAN ILIR, BUNGO, JAMBI",1,72,105,177
https://kawalpemilu.org#17212,"BUKIT SARI, JUJUHAN ILIR, BUNGO, JAMBI",2,101,92,193
https://kawalpemilu.org#17212,"BUKIT SARI, JUJUHAN ILIR, BUNGO, JAMBI",3,103,75,178
https://kawalpemilu.org#17212,"BUKIT SARI, JUJUHAN ILIR, BUNGO, JAMBI",4,119,94,213
https://kawalpemilu.org#17212,"BUKIT SARI, JUJUHAN ILIR, BUNGO, JAMBI",5,126,86,212
https://kawalpemilu.org#17212,"BUKIT SARI, JUJUHAN ILIR, BUNGO, JAMBI",6,124,105,229
https://kawalpemilu.org#17212,"BUKIT SARI, JUJUHAN ILIR, BUNGO, JAMBI",7,108,102,210
https://kawalpemilu.org#17212,"BUKIT SARI, JUJUHAN ILIR, BUNGO, JAMBI",8,115,88,203
https://kawalpemilu.org#17212,"BUKIT SARI, JUJUHAN ILIR, BUNGO, JAMBI",9,132,87,219
https://kawalpemilu.org#17213,"LUBUK TENAM, JUJUHAN ILIR, BUNGO, JAMBI",1,61,151,212
https://kawalpemilu.org#17213,"LUBUK TENAM, JUJUHAN ILIR, BUNGO, JAMBI",2,26,154,180
https://kawalpemilu.org#17214,"KUAMANG, JUJUHAN ILIR, BUNGO, JAMBI",1,35,106,141
https://kawalpemilu.org#17214,"KUAMANG, JUJUHAN ILIR, BUNGO, JAMBI",2,51,109,160
https://kawalpemilu.org#17217,"MUARA TEBO, TEBO TENGAH, TEBO, JAMBI",1,11,118,129
https://kawalpemilu.org#17217,"MUARA TEBO, TEBO TENGAH, TEBO, JAMBI",2,30,172,202
https://kawalpemilu.org#17217,"MUARA TEBO, TEBO TENGAH, TEBO, JAMBI",3,28,202,230
https://kawalpemilu.org#17217,"MUARA TEBO, TEBO TENGAH, TEBO, JAMBI",4,25,170,195
https://kawalpemilu.org#17217,"MUARA TEBO, TEBO TENGAH, TEBO, JAMBI",5,27,132,159
https://kawalpemilu.org#17217,"MUARA TEBO, TEBO TENGAH, TEBO, JAMBI",6,19,182,201
https://kawalpemilu.org#17217,"MUARA TEBO, TEBO TENGAH, TEBO, JAMBI",7,18,167,185
https://kawalpemilu.org#17217,"MUARA TEBO, TEBO TENGAH, TEBO, JAMBI",8,36,159,196
https://kawalpemilu.org#17217,"MUARA TEBO, TEBO TENGAH, TEBO, JAMBI",9,23,106,129
https://kawalpemilu.org#17217,"MUARA TEBO, TEBO TENGAH, TEBO, JAMBI",10,25,177,202
https://kawalpemilu.org#17217,"MUARA TEBO, TEBO TENGAH, TEBO, JAMBI",11,40,219,259
https://kawalpemilu.org#17217,"MUARA TEBO, TEBO TENGAH, TEBO, JAMBI",12,33,111,144
https://kawalpemilu.org#17217,"MUARA TEBO, TEBO TENGAH, TEBO, JAMBI",13,11,64,75
https://kawalpemilu.org#17217,"MUARA TEBO, TEBO TENGAH, TEBO, JAMBI",14,34,177,211
https://kawalpemilu.org#17218,"TEBING TINGGI, TEBO TENGAH, TEBO, JAMBI",1,17,101,118
https://kawalpemilu.org#17218,"TEBING TINGGI, TEBO TENGAH, TEBO, JAMBI",2,33,174,207
https://kawalpemilu.org#17218,"TEBING TINGGI, TEBO TENGAH, TEBO, JAMBI",3,38,190,228
https://kawalpemilu.org#17218,"TEBING TINGGI, TEBO TENGAH, TEBO, JAMBI",4,46,194,240
https://kawalpemilu.org#17218,"TEBING TINGGI, TEBO TENGAH, TEBO, JAMBI",5,75,101,176
https://kawalpemilu.org#17218,"TEBING TINGGI, TEBO TENGAH, TEBO, JAMBI",6,41,89,130
https://kawalpemilu.org#17218,"TEBING TINGGI, TEBO TENGAH, TEBO, JAMBI",7,35,76,111
https://kawalpemilu.org#17218,"TEBING TINGGI, TEBO TENGAH, TEBO, JAMBI",8,34,92,126
https://kawalpemilu.org#17218,"TEBING TINGGI, TEBO TENGAH, TEBO, JAMBI",9,61,110,171
https://kawalpemilu.org#17218,"TEBING TINGGI, TEBO TENGAH, TEBO, JAMBI",10,23,98,121
https://kawalpemilu.org#17218,"TEBING TINGGI, TEBO TENGAH, TEBO, JAMBI",11,35,108,143
https://kawalpemilu.org#17218,"TEBING TINGGI, TEBO TENGAH, TEBO, JAMBI",12,17,126,143
https://kawalpemilu.org#17218,"TEBING TINGGI, TEBO TENGAH, TEBO, JAMBI",13,22,163,185
https://kawalpemilu.org#17218,"TEBING TINGGI, TEBO TENGAH, TEBO, JAMBI",14,40,146,186
https://kawalpemilu.org#17218,"TEBING TINGGI, TEBO TENGAH, TEBO, JAMBI",15,25,104,129
https://kawalpemilu.org#17218,"TEBING TINGGI, TEBO TENGAH, TEBO, JAMBI",16,48,196,244
https://kawalpemilu.org#17218,"TEBING TINGGI, TEBO TENGAH, TEBO, JAMBI",17,32,121,153
https://kawalpemilu.org#17218,"TEBING TINGGI, TEBO TENGAH, TEBO, JAMBI",18,39,56,95
https://kawalpemilu.org#17218,"TEBING TINGGI, TEBO TENGAH, TEBO, JAMBI",19,44,127,171
https://kawalpemilu.org#17218,"TEBING TINGGI, TEBO TENGAH, TEBO, JAMBI",20,31,73,104
https://kawalpemilu.org#17218,"TEBING TINGGI, TEBO TENGAH, TEBO, JAMBI",21,51,162,213
https://kawalpemilu.org#17218,"TEBING TINGGI, TEBO TENGAH, TEBO, JAMBI",22,101,106,207
https://kawalpemilu.org#17218,"TEBING TINGGI, TEBO TENGAH, TEBO, JAMBI",23,83,123,206
https://kawalpemilu.org#17218,"TEBING TINGGI, TEBO TENGAH, TEBO, JAMBI",24,63,99,162
https://kawalpemilu.org#17218,"TEBING TINGGI, TEBO TENGAH, TEBO, JAMBI",25,140,35,175
https://kawalpemilu.org#17218,"TEBING TINGGI, TEBO TENGAH, TEBO, JAMBI",26,61,113,174
https://kawalpemilu.org#17218,"TEBING TINGGI, TEBO TENGAH, TEBO, JAMBI",27,38,86,124
https://kawalpemilu.org#17218,"TEBING TINGGI, TEBO TENGAH, TEBO, JAMBI",28,16,216,232
https://kawalpemilu.org#17218,"TEBING TINGGI, TEBO TENGAH, TEBO, JAMBI",29,43,163,206
https://kawalpemilu.org#17218,"TEBING TINGGI, TEBO TENGAH, TEBO, JAMBI",30,49,173,222
https://kawalpemilu.org#17218,"TEBING TINGGI, TEBO TENGAH, TEBO, JAMBI",31,113,114,227
https://kawalpemilu.org#17218,"TEBING TINGGI, TEBO TENGAH, TEBO, JAMBI",32,26,75,101
https://kawalpemilu.org#17218,"TEBING TINGGI, TEBO TENGAH, TEBO, JAMBI",33,14,137,151
https://kawalpemilu.org#17218,"TEBING TINGGI, TEBO TENGAH, TEBO, JAMBI",34,54,104,158
https://kawalpemilu.org#17218,"TEBING TINGGI, TEBO TENGAH, TEBO, JAMBI",35,61,142,203
https://kawalpemilu.org#17219,"BEDARO RAMPAK, TEBO TENGAH, TEBO, JAMBI",1,90,118,208
https://kawalpemilu.org#17219,"BEDARO RAMPAK, TEBO TENGAH, TEBO, JAMBI",2,65,121,186
https://kawalpemilu.org#17219,"BEDARO RAMPAK, TEBO TENGAH, TEBO, JAMBI",3,99,124,223
https://kawalpemilu.org#17219,"BEDARO RAMPAK, TEBO TENGAH, TEBO, JAMBI",4,42,158,200
https://kawalpemilu.org#17219,"BEDARO RAMPAK, TEBO TENGAH, TEBO, JAMBI",5,63,155,218
https://kawalpemilu.org#17219,"BEDARO RAMPAK, TEBO TENGAH, TEBO, JAMBI",6,51,158,209
https://kawalpemilu.org#17219,"BEDARO RAMPAK, TEBO TENGAH, TEBO, JAMBI",7,30,168,198
https://kawalpemilu.org#17219,"BEDARO RAMPAK, TEBO TENGAH, TEBO, JAMBI",8,39,176,215
https://kawalpemilu.org#17219,"BEDARO RAMPAK, TEBO TENGAH, TEBO, JAMBI",9,44,149,193
https://kawalpemilu.org#17219,"BEDARO RAMPAK, TEBO TENGAH, TEBO, JAMBI",10,80,98,178
https://kawalpemilu.org#17220,"MANGUN JAYO, TEBO TENGAH, TEBO, JAMBI",1,13,177,190
https://kawalpemilu.org#17220,"MANGUN JAYO, TEBO TENGAH, TEBO, JAMBI",2,15,131,146
https://kawalpemilu.org#17220,"MANGUN JAYO, TEBO TENGAH, TEBO, JAMBI",3,24,171,195
https://kawalpemilu.org#17220,"MANGUN JAYO, TEBO TENGAH, TEBO, JAMBI",4,19,146,165
https://kawalpemilu.org#17220,"MANGUN JAYO, TEBO TENGAH, TEBO, JAMBI",5,67,128,195
https://kawalpemilu.org#17220,"MANGUN JAYO, TEBO TENGAH, TEBO, JAMBI",6,140,52,192
https://kawalpemilu.org#17220,"MANGUN JAYO, TEBO TENGAH, TEBO, JAMBI",7,66,159,225
https://kawalpemilu.org#17220,"MANGUN JAYO, TEBO TENGAH, TEBO, JAMBI",8,14,91,105
https://kawalpemilu.org#17220,"MANGUN JAYO, TEBO TENGAH, TEBO, JAMBI",9,5,169,174
https://kawalpemilu.org#17220,"MANGUN JAYO, TEBO TENGAH, TEBO, JAMBI",10,120,83,203
https://kawalpemilu.org#17220,"MANGUN JAYO, TEBO TENGAH, TEBO, JAMBI",11,11,83,94
https://kawalpemilu.org#17220,"MANGUN JAYO, TEBO TENGAH, TEBO, JAMBI",12,2,75,77
https://kawalpemilu.org#17220,"MANGUN JAYO, TEBO TENGAH, TEBO, JAMBI",13,20,120,140
https://kawalpemilu.org#17221,"TELUK PANDAK, TEBO TENGAH, TEBO, JAMBI",2,31,101,132
https://kawalpemilu.org#17221,"TELUK PANDAK, TEBO TENGAH, TEBO, JAMBI",3,15,110,125
https://kawalpemilu.org#17221,"TELUK PANDAK, TEBO TENGAH, TEBO, JAMBI",4,19,191,210
https://kawalpemilu.org#17221,"TELUK PANDAK, TEBO TENGAH, TEBO, JAMBI",5,21,173,194
https://kawalpemilu.org#17221,"TELUK PANDAK, TEBO TENGAH, TEBO, JAMBI",6,62,20,82
https://kawalpemilu.org#17222,"TENGAH ULU, TEBO TENGAH, TEBO, JAMBI",1,44,126,170
https://kawalpemilu.org#17222,"TENGAH ULU, TEBO TENGAH, TEBO, JAMBI",2,41,154,195
https://kawalpemilu.org#17222,"TENGAH ULU, TEBO TENGAH, TEBO, JAMBI",3,77,100,177
https://kawalpemilu.org#17222,"TENGAH ULU, TEBO TENGAH, TEBO, JAMBI",4,67,76,143
https://kawalpemilu.org#17222,"TENGAH ULU, TEBO TENGAH, TEBO, JAMBI",5,58,41,99
https://kawalpemilu.org#17223,"SEMABU, TEBO TENGAH, TEBO, JAMBI",1,29,186,215
https://kawalpemilu.org#17223,"SEMABU, TEBO TENGAH, TEBO, JAMBI",2,19,195,214
https://kawalpemilu.org#17223,"SEMABU, TEBO TENGAH, TEBO, JAMBI",3,27,205,232
https://kawalpemilu.org#17223,"SEMABU, TEBO TENGAH, TEBO, JAMBI",4,50,151,201
https://kawalpemilu.org#17223,"SEMABU, TEBO TENGAH, TEBO, JAMBI",5,133,66,199
https://kawalpemilu.org#17224,"KANDANG, TEBO TENGAH, TEBO, JAMBI",1,56,98,154
https://kawalpemilu.org#17224,"KANDANG, TEBO TENGAH, TEBO, JAMBI",2,70,99,169
https://kawalpemilu.org#17224,"KANDANG, TEBO TENGAH, TEBO, JAMBI",3,83,81,164
https://kawalpemilu.org#17224,"KANDANG, TEBO TENGAH, TEBO, JAMBI",4,141,51,192
https://kawalpemilu.org#17224,"KANDANG, TEBO TENGAH, TEBO, JAMBI",5,75,23,98
https://kawalpemilu.org#17224,"KANDANG, TEBO TENGAH, TEBO, JAMBI",6,66,4,2
https://kawalpemilu.org#17224,"KANDANG, TEBO TENGAH, TEBO, JAMBI",7,111,9,120
https://kawalpemilu.org#17224,"KANDANG, TEBO TENGAH, TEBO, JAMBI",8,82,17,99
https://kawalpemilu.org#17225,"PELAYANG, TEBO TENGAH, TEBO, JAMBI",1,112,35,147
https://kawalpemilu.org#17225,"PELAYANG, TEBO TENGAH, TEBO, JAMBI",2,117,55,172
https://kawalpemilu.org#17225,"PELAYANG, TEBO TENGAH, TEBO, JAMBI",3,99,118,217
https://kawalpemilu.org#17225,"PELAYANG, TEBO TENGAH, TEBO, JAMBI",4,181,68,249
https://kawalpemilu.org#17225,"PELAYANG, TEBO TENGAH, TEBO, JAMBI",5,121,44,165
https://kawalpemilu.org#17225,"PELAYANG, TEBO TENGAH, TEBO, JAMBI",6,109,18,127
https://kawalpemilu.org#17225,"PELAYANG, TEBO TENGAH, TEBO, JAMBI",7,97,49,146
https://kawalpemilu.org#17226,"SUNGAI KERUH, TEBO TENGAH, TEBO, JAMBI",1,78,118,196
https://kawalpemilu.org#17226,"SUNGAI KERUH, TEBO TENGAH, TEBO, JAMBI",2,87,99,186
https://kawalpemilu.org#17226,"SUNGAI KERUH, TEBO TENGAH, TEBO, JAMBI",3,74,79,151
https://kawalpemilu.org#17226,"SUNGAI KERUH, TEBO TENGAH, TEBO, JAMBI",4,81,60,141
https://kawalpemilu.org#17226,"SUNGAI KERUH, TEBO TENGAH, TEBO, JAMBI",5,106,67,173
https://kawalpemilu.org#17226,"SUNGAI KERUH, TEBO TENGAH, TEBO, JAMBI",6,66,40,106
https://kawalpemilu.org#17226,"SUNGAI KERUH, TEBO TENGAH, TEBO, JAMBI",7,96,109,205
https://kawalpemilu.org#17226,"SUNGAI KERUH, TEBO TENGAH, TEBO, JAMBI",8,27,26,53
https://kawalpemilu.org#17226,"SUNGAI KERUH, TEBO TENGAH, TEBO, JAMBI",9,115,62,177
https://kawalpemilu.org#17226,"SUNGAI KERUH, TEBO TENGAH, TEBO, JAMBI",10,58,36,94
https://kawalpemilu.org#17226,"SUNGAI KERUH, TEBO TENGAH, TEBO, JAMBI",11,37,24,61
https://kawalpemilu.org#17226,"SUNGAI KERUH, TEBO TENGAH, TEBO, JAMBI",12,56,39,95
https://kawalpemilu.org#17226,"SUNGAI KERUH, TEBO TENGAH, TEBO, JAMBI",13,76,36,112
https://kawalpemilu.org#17226,"SUNGAI KERUH, TEBO TENGAH, TEBO, JAMBI",14,74,56,130
https://kawalpemilu.org#17227,"ABURAN BATANG TEBO, TEBO TENGAH, TEBO, JAMBI",1,38,105,143
https://kawalpemilu.org#17227,"ABURAN BATANG TEBO, TEBO TENGAH, TEBO, JAMBI",2,70,105,175
https://kawalpemilu.org#17227,"ABURAN BATANG TEBO, TEBO TENGAH, TEBO, JAMBI",3,21,133,154
https://kawalpemilu.org#17227,"ABURAN BATANG TEBO, TEBO TENGAH, TEBO, JAMBI",4,22,133,155
https://kawalpemilu.org#17227,"ABURAN BATANG TEBO, TEBO TENGAH, TEBO, JAMBI",5,65,84,149
https://kawalpemilu.org#17227,"ABURAN BATANG TEBO, TEBO TENGAH, TEBO, JAMBI",6,66,128,194
https://kawalpemilu.org#17227,"ABURAN BATANG TEBO, TEBO TENGAH, TEBO, JAMBI",7,16,70,86
https://kawalpemilu.org#17228,"SUNGAI ALAI, TEBO TENGAH, TEBO, JAMBI",1,25,89,114
https://kawalpemilu.org#17228,"SUNGAI ALAI, TEBO TENGAH, TEBO, JAMBI",2,40,179,219
https://kawalpemilu.org#17228,"SUNGAI ALAI, TEBO TENGAH, TEBO, JAMBI",3,129,97,226
https://kawalpemilu.org#17228,"SUNGAI ALAI, TEBO TENGAH, TEBO, JAMBI",4,86,85,171
https://kawalpemilu.org#17228,"SUNGAI ALAI, TEBO TENGAH, TEBO, JAMBI",5,135,82,217
https://kawalpemilu.org#17228,"SUNGAI ALAI, TEBO TENGAH, TEBO, JAMBI",6,83,158,241
https://kawalpemilu.org#17228,"SUNGAI ALAI, TEBO TENGAH, TEBO, JAMBI",7,46,134,180
https://kawalpemilu.org#17228,"SUNGAI ALAI, TEBO TENGAH, TEBO, JAMBI",8,77,117,194
https://kawalpemilu.org#17230,"SUNGAI BENGKAL, TEBO ILIR, TEBO, JAMBI",1,126,120,246
https://kawalpemilu.org#17230,"SUNGAI BENGKAL, TEBO ILIR, TEBO, JAMBI",2,59,196,255
https://kawalpemilu.org#17230,"SUNGAI BENGKAL, TEBO ILIR, TEBO, JAMBI",3,114,119,233
https://kawalpemilu.org#17230,"SUNGAI BENGKAL, TEBO ILIR, TEBO, JAMBI",4,88,126,214
https://kawalpemilu.org#17230,"SUNGAI BENGKAL, TEBO ILIR, TEBO, JAMBI",5,74,120,194
https://kawalpemilu.org#17230,"SUNGAI BENGKAL, TEBO ILIR, TEBO, JAMBI",6,78,173,251
https://kawalpemilu.org#17230,"SUNGAI BENGKAL, TEBO ILIR, TEBO, JAMBI",7,120,102,222
https://kawalpemilu.org#17230,"SUNGAI BENGKAL, TEBO ILIR, TEBO, JAMBI",8,120,108,228
https://kawalpemilu.org#17230,"SUNGAI BENGKAL, TEBO ILIR, TEBO, JAMBI",9,72,115,187
https://kawalpemilu.org#17230,"SUNGAI BENGKAL, TEBO ILIR, TEBO, JAMBI",10,159,79,238
https://kawalpemilu.org#17230,"SUNGAI BENGKAL, TEBO ILIR, TEBO, JAMBI",11,85,111,196
https://kawalpemilu.org#17230,"SUNGAI BENGKAL, TEBO ILIR, TEBO, JAMBI",12,85,111,196
https://kawalpemilu.org#17230,"SUNGAI BENGKAL, TEBO ILIR, TEBO, JAMBI",13,104,109,213
https://kawalpemilu.org#17230,"SUNGAI BENGKAL, TEBO ILIR, TEBO, JAMBI",14,108,104,212
https://kawalpemilu.org#17230,"SUNGAI BENGKAL, TEBO ILIR, TEBO, JAMBI",15,119,107,226
https://kawalpemilu.org#17230,"SUNGAI BENGKAL, TEBO ILIR, TEBO, JAMBI",16,122,130,232
https://kawalpemilu.org#17230,"SUNGAI BENGKAL, TEBO ILIR, TEBO, JAMBI",17,79,6,85
https://kawalpemilu.org#17230,"SUNGAI BENGKAL, TEBO ILIR, TEBO, JAMBI",18,85,134,221
https://kawalpemilu.org#17230,"SUNGAI BENGKAL, TEBO ILIR, TEBO, JAMBI",19,140,71,211
https://kawalpemilu.org#17231,"SUNGAI ARO, TEBO ILIR, TEBO, JAMBI",1,134,34,168
https://kawalpemilu.org#17231,"SUNGAI ARO, TEBO ILIR, TEBO, JAMBI",2,65,69,134
https://kawalpemilu.org#17231,"SUNGAI ARO, TEBO ILIR, TEBO, JAMBI",3,119,52,171
https://kawalpemilu.org#17231,"SUNGAI ARO, TEBO ILIR, TEBO, JAMBI",4,111,82,193
https://kawalpemilu.org#17231,"SUNGAI ARO, TEBO ILIR, TEBO, JAMBI",5,131,74,205
https://kawalpemilu.org#17231,"SUNGAI ARO, TEBO ILIR, TEBO, JAMBI",6,100,78,178
https://kawalpemilu.org#17232,"TELUK RENDAH PASAR, TEBO ILIR, TEBO, JAMBI",1,68,145,213
https://kawalpemilu.org#17232,"TELUK RENDAH PASAR, TEBO ILIR, TEBO, JAMBI",2,48,169,217
https://kawalpemilu.org#17232,"TELUK RENDAH PASAR, TEBO ILIR, TEBO, JAMBI",3,52,147,199
https://kawalpemilu.org#17232,"TELUK RENDAH PASAR, TEBO ILIR, TEBO, JAMBI",4,130,57,187
https://kawalpemilu.org#17232,"TELUK RENDAH PASAR, TEBO ILIR, TEBO, JAMBI",5,150,35,185
https://kawalpemilu.org#17232,"TELUK RENDAH PASAR, TEBO ILIR, TEBO, JAMBI",6,144,27,171
https://kawalpemilu.org#17232,"TELUK RENDAH PASAR, TEBO ILIR, TEBO, JAMBI",7,136,42,178
https://kawalpemilu.org#17233,"TELUK RENDAH ULU, TEBO ILIR, TEBO, JAMBI",1,22,218,240
https://kawalpemilu.org#17233,"TELUK RENDAH ULU, TEBO ILIR, TEBO, JAMBI",2,42,189,231
https://kawalpemilu.org#17233,"TELUK RENDAH ULU, TEBO ILIR, TEBO, JAMBI",3,63,171,234
https://kawalpemilu.org#17233,"TELUK RENDAH ULU, TEBO ILIR, TEBO, JAMBI",4,58,177,235
https://kawalpemilu.org#17233,"TELUK RENDAH ULU, TEBO ILIR, TEBO, JAMBI",5,76,121,197
https://kawalpemilu.org#17233,"TELUK RENDAH ULU, TEBO ILIR, TEBO, JAMBI",6,135,85,220
https://kawalpemilu.org#17234,"TELUK RENDAH ILIR, TEBO ILIR, TEBO, JAMBI",1,12,189,201
https://kawalpemilu.org#17234,"TELUK RENDAH ILIR, TEBO ILIR, TEBO, JAMBI",2,10,162,172
https://kawalpemilu.org#17234,"TELUK RENDAH ILIR, TEBO ILIR, TEBO, JAMBI",3,5,201,206
https://kawalpemilu.org#17234,"TELUK RENDAH ILIR, TEBO ILIR, TEBO, JAMBI",4,20,182,202
https://kawalpemilu.org#17234,"TELUK RENDAH ILIR, TEBO ILIR, TEBO, JAMBI",5,11,197,208
https://kawalpemilu.org#17234,"TELUK RENDAH ILIR, TEBO ILIR, TEBO, JAMBI",6,4,169,173
https://kawalpemilu.org#17235,"TUO ILIR, TEBO ILIR, TEBO, JAMBI",1,29,196,225
https://kawalpemilu.org#17235,"TUO ILIR, TEBO ILIR, TEBO, JAMBI",2,67,121,188
https://kawalpemilu.org#17235,"TUO ILIR, TEBO ILIR, TEBO, JAMBI",3,38,181,219
https://kawalpemilu.org#17235,"TUO ILIR, TEBO ILIR, TEBO, JAMBI",4,22,191,213
https://kawalpemilu.org#17235,"TUO ILIR, TEBO ILIR, TEBO, JAMBI",5,19,122,141
https://kawalpemilu.org#17235,"TUO ILIR, TEBO ILIR, TEBO, JAMBI",6,43,141,184
https://kawalpemilu.org#17235,"TUO ILIR, TEBO ILIR, TEBO, JAMBI",7,30,118,148
https://kawalpemilu.org#17235,"TUO ILIR, TEBO ILIR, TEBO, JAMBI",8,35,75,109
https://kawalpemilu.org#17235,"TUO ILIR, TEBO ILIR, TEBO, JAMBI",9,3,62,65
https://kawalpemilu.org#17235,"TUO ILIR, TEBO ILIR, TEBO, JAMBI",10,44,104,148
https://kawalpemilu.org#17236,"BETUNG BEDARAH TIMUR, TEBO ILIR, TEBO, JAMBI",1,73,141,214
https://kawalpemilu.org#17236,"BETUNG BEDARAH TIMUR, TEBO ILIR, TEBO, JAMBI",2,68,141,209
https://kawalpemilu.org#17236,"BETUNG BEDARAH TIMUR, TEBO ILIR, TEBO, JAMBI",3,43,173,216
https://kawalpemilu.org#17236,"BETUNG BEDARAH TIMUR, TEBO ILIR, TEBO, JAMBI",4,65,99,164
https://kawalpemilu.org#17236,"BETUNG BEDARAH TIMUR, TEBO ILIR, TEBO, JAMBI",5,49,138,187
https://kawalpemilu.org#17236,"BETUNG BEDARAH TIMUR, TEBO ILIR, TEBO, JAMBI",6,51,133,184
https://kawalpemilu.org#17236,"BETUNG BEDARAH TIMUR, TEBO ILIR, TEBO, JAMBI",7,36,132,168
https://kawalpemilu.org#17236,"BETUNG BEDARAH TIMUR, TEBO ILIR, TEBO, JAMBI",8,26,168,196
https://kawalpemilu.org#17236,"BETUNG BEDARAH TIMUR, TEBO ILIR, TEBO, JAMBI",9,27,187,214
https://kawalpemilu.org#17236,"BETUNG BEDARAH TIMUR, TEBO ILIR, TEBO, JAMBI",10,69,178,247
https://kawalpemilu.org#17237,"BETUNG BEDARAH BARAT, TEBO ILIR, TEBO, JAMBI",1,29,159,188
https://kawalpemilu.org#17237,"BETUNG BEDARAH BARAT, TEBO ILIR, TEBO, JAMBI",2,28,133,161
https://kawalpemilu.org#17237,"BETUNG BEDARAH BARAT, TEBO ILIR, TEBO, JAMBI",3,28,184,212
https://kawalpemilu.org#17237,"BETUNG BEDARAH BARAT, TEBO ILIR, TEBO, JAMBI",4,47,133,180
https://kawalpemilu.org#17237,"BETUNG BEDARAH BARAT, TEBO ILIR, TEBO, JAMBI",5,40,107,147
https://kawalpemilu.org#17237,"BETUNG BEDARAH BARAT, TEBO ILIR, TEBO, JAMBI",6,81,91,172
https://kawalpemilu.org#17237,"BETUNG BEDARAH BARAT, TEBO ILIR, TEBO, JAMBI",7,83,81,164
https://kawalpemilu.org#17237,"BETUNG BEDARAH BARAT, TEBO ILIR, TEBO, JAMBI",8,116,110,226
https://kawalpemilu.org#17238,"KUNANGAN, TEBO ILIR, TEBO, JAMBI",1,101,96,197
https://kawalpemilu.org#17238,"KUNANGAN, TEBO ILIR, TEBO, JAMBI",2,107,79,186
https://kawalpemilu.org#17238,"KUNANGAN, TEBO ILIR, TEBO, JAMBI",3,72,83,155
https://kawalpemilu.org#17239,"MUARA KETALO, TEBO ILIR, TEBO, JAMBI",1,60,148,208
https://kawalpemilu.org#17239,"MUARA KETALO, TEBO ILIR, TEBO, JAMBI",2,80,139,219
https://kawalpemilu.org#17239,"MUARA KETALO, TEBO ILIR, TEBO, JAMBI",3,76,135,211
https://kawalpemilu.org#17239,"MUARA KETALO, TEBO ILIR, TEBO, JAMBI",4,38,92,130
https://kawalpemilu.org#17239,"MUARA KETALO, TEBO ILIR, TEBO, JAMBI",5,36,104,140
https://kawalpemilu.org#17239,"MUARA KETALO, TEBO ILIR, TEBO, JAMBI",6,158,20,178
https://kawalpemilu.org#17240,"SUNGAI BENGKAL BARAT, TEBO ILIR, TEBO, JAMBI",1,43,45,88
https://kawalpemilu.org#17240,"SUNGAI BENGKAL BARAT, TEBO ILIR, TEBO, JAMBI",2,88,122,210
https://kawalpemilu.org#17240,"SUNGAI BENGKAL BARAT, TEBO ILIR, TEBO, JAMBI",3,43,131,174
https://kawalpemilu.org#17240,"SUNGAI BENGKAL BARAT, TEBO ILIR, TEBO, JAMBI",4,52,75,127
https://kawalpemilu.org#17240,"SUNGAI BENGKAL BARAT, TEBO ILIR, TEBO, JAMBI",5,68,61,129
https://kawalpemilu.org#17240,"SUNGAI BENGKAL BARAT, TEBO ILIR, TEBO, JAMBI",6,59,94,153
https://kawalpemilu.org#17242,"PULAUTEMIANG, TEBO ULU, TEBO, JAMBI",1,24,172,196
https://kawalpemilu.org#17242,"PULAUTEMIANG, TEBO ULU, TEBO, JAMBI",2,27,134,161
https://kawalpemilu.org#17242,"PULAUTEMIANG, TEBO ULU, TEBO, JAMBI",3,37,140,177
https://kawalpemilu.org#17242,"PULAUTEMIANG, TEBO ULU, TEBO, JAMBI",4,41,178,219
https://kawalpemilu.org#17242,"PULAUTEMIANG, TEBO ULU, TEBO, JAMBI",5,22,117,139
https://kawalpemilu.org#17242,"PULAUTEMIANG, TEBO ULU, TEBO, JAMBI",6,28,181,209
https://kawalpemilu.org#17242,"PULAUTEMIANG, TEBO ULU, TEBO, JAMBI",7,56,140,196
https://kawalpemilu.org#17242,"PULAUTEMIANG, TEBO ULU, TEBO, JAMBI",8,73,157,230
https://kawalpemilu.org#17242,"PULAUTEMIANG, TEBO ULU, TEBO, JAMBI",9,25,112,137
https://kawalpemilu.org#17242,"PULAUTEMIANG, TEBO ULU, TEBO, JAMBI",10,40,104,144
https://kawalpemilu.org#17242,"PULAUTEMIANG, TEBO ULU, TEBO, JAMBI",11,43,162,205
https://kawalpemilu.org#17242,"PULAUTEMIANG, TEBO ULU, TEBO, JAMBI",12,21,115,136
https://kawalpemilu.org#17242,"PULAUTEMIANG, TEBO ULU, TEBO, JAMBI",13,33,95,128
https://kawalpemilu.org#17242,"PULAUTEMIANG, TEBO ULU, TEBO, JAMBI",14,43,79,122
https://kawalpemilu.org#17242,"PULAUTEMIANG, TEBO ULU, TEBO, JAMBI",15,66,121,187
https://kawalpemilu.org#17242,"PULAUTEMIANG, TEBO ULU, TEBO, JAMBI",16,97,115,212
https://kawalpemilu.org#17242,"PULAUTEMIANG, TEBO ULU, TEBO, JAMBI",17,30,94,124
https://kawalpemilu.org#17243,"SUNGAIRAMBAI, TEBO ULU, TEBO, JAMBI",1,20,129,149
https://kawalpemilu.org#17243,"SUNGAIRAMBAI, TEBO ULU, TEBO, JAMBI",2,38,124,162
https://kawalpemilu.org#17243,"SUNGAIRAMBAI, TEBO ULU, TEBO, JAMBI",3,22,132,154
https://kawalpemilu.org#17243,"SUNGAIRAMBAI, TEBO ULU, TEBO, JAMBI",4,16,121,137
https://kawalpemilu.org#17243,"SUNGAIRAMBAI, TEBO ULU, TEBO, JAMBI",5,45,141,186
https://kawalpemilu.org#17243,"SUNGAIRAMBAI, TEBO ULU, TEBO, JAMBI",6,80,48,128
https://kawalpemilu.org#17243,"SUNGAIRAMBAI, TEBO ULU, TEBO, JAMBI",7,71,72,143
https://kawalpemilu.org#17243,"SUNGAIRAMBAI, TEBO ULU, TEBO, JAMBI",8,39,85,124
https://kawalpemilu.org#17243,"SUNGAIRAMBAI, TEBO ULU, TEBO, JAMBI",9,57,103,160
https://kawalpemilu.org#17244,"PAGAR PUDING, TEBO ULU, TEBO, JAMBI",1,25,168,189
https://kawalpemilu.org#17244,"PAGAR PUDING, TEBO ULU, TEBO, JAMBI",2,2,207,209
https://kawalpemilu.org#17244,"PAGAR PUDING, TEBO ULU, TEBO, JAMBI",3,11,171,182
https://kawalpemilu.org#17244,"PAGAR PUDING, TEBO ULU, TEBO, JAMBI",4,12,158,170
https://kawalpemilu.org#17244,"PAGAR PUDING, TEBO ULU, TEBO, JAMBI",5,26,203,229
https://kawalpemilu.org#17244,"PAGAR PUDING, TEBO ULU, TEBO, JAMBI",6,24,134,158
https://kawalpemilu.org#17244,"PAGAR PUDING, TEBO ULU, TEBO, JAMBI",7,15,211,226
https://kawalpemilu.org#17244,"PAGAR PUDING, TEBO ULU, TEBO, JAMBI",8,25,125,150
https://kawalpemilu.org#17244,"PAGAR PUDING, TEBO ULU, TEBO, JAMBI",9,6,114,120
https://kawalpemilu.org#17244,"PAGAR PUDING, TEBO ULU, TEBO, JAMBI",10,9,138,147
https://kawalpemilu.org#17244,"PAGAR PUDING, TEBO ULU, TEBO, JAMBI",11,28,172,200
https://kawalpemilu.org#17244,"PAGAR PUDING, TEBO ULU, TEBO, JAMBI",12,16,183,199
https://kawalpemilu.org#17245,"TELUKKEMBANG JAMBU, TEBO ULU, TEBO, JAMBI",1,19,181,200
https://kawalpemilu.org#17245,"TELUKKEMBANG JAMBU, TEBO ULU, TEBO, JAMBI",2,23,150,173
https://kawalpemilu.org#17245,"TELUKKEMBANG JAMBU, TEBO ULU, TEBO, JAMBI",3,34,167,201
https://kawalpemilu.org#17245,"TELUKKEMBANG JAMBU, TEBO ULU, TEBO, JAMBI",4,23,180,203
https://kawalpemilu.org#17245,"TELUKKEMBANG JAMBU, TEBO ULU, TEBO, JAMBI",5,46,147,193
https://kawalpemilu.org#17245,"TELUKKEMBANG JAMBU, TEBO ULU, TEBO, JAMBI",6,25,150,175
https://kawalpemilu.org#17245,"TELUKKEMBANG JAMBU, TEBO ULU, TEBO, JAMBI",7,35,168,203
https://kawalpemilu.org#17246,"TELUKKASAI RAMBAHAN, TEBO ULU, TEBO, JAMBI",1,61,107,168
https://kawalpemilu.org#17246,"TELUKKASAI RAMBAHAN, TEBO ULU, TEBO, JAMBI",2,61,75,136
https://kawalpemilu.org#17246,"TELUKKASAI RAMBAHAN, TEBO ULU, TEBO, JAMBI",3,21,138,159
https://kawalpemilu.org#17246,"TELUKKASAI RAMBAHAN, TEBO ULU, TEBO, JAMBI",4,22,126,148
https://kawalpemilu.org#17247,"RANTAU LANGKAP, TEBO ULU, TEBO, JAMBI",1,16,146,162
https://kawalpemilu.org#17247,"RANTAU LANGKAP, TEBO ULU, TEBO, JAMBI",2,26,172,198
https://kawalpemilu.org#17247,"RANTAU LANGKAP, TEBO ULU, TEBO, JAMBI",3,35,177,212
https://kawalpemilu.org#17247,"RANTAU LANGKAP, TEBO ULU, TEBO, JAMBI",4,17,141,158
https://kawalpemilu.org#17247,"RANTAU LANGKAP, TEBO ULU, TEBO, JAMBI",5,13,162,175
https://kawalpemilu.org#17248,"TANJUNGALUR, TEBO ULU, TEBO, JAMBI",1,20,127,147
https://kawalpemilu.org#17248,"TANJUNGALUR, TEBO ULU, TEBO, JAMBI",2,14,165,179
https://kawalpemilu.org#17248,"TANJUNGALUR, TEBO ULU, TEBO, JAMBI",3,22,118,140
https://kawalpemilu.org#17248,"TANJUNGALUR, TEBO ULU, TEBO, JAMBI",4,23,169,192
https://kawalpemilu.org#17248,"TANJUNGALUR, TEBO ULU, TEBO, JAMBI",5,25,118,143
https://kawalpemilu.org#17249,"BUNGO TANJUNG, TEBO ULU, TEBO, JAMBI",1,11,168,179
https://kawalpemilu.org#17249,"BUNGO TANJUNG, TEBO ULU, TEBO, JAMBI",2,3,145,148
https://kawalpemilu.org#17249,"BUNGO TANJUNG, TEBO ULU, TEBO, JAMBI",3,4,156,160
https://kawalpemilu.org#17249,"BUNGO TANJUNG, TEBO ULU, TEBO, JAMBI",4,2,126,128
https://kawalpemilu.org#17249,"BUNGO TANJUNG, TEBO ULU, TEBO, JAMBI",5,6,171,177
https://kawalpemilu.org#17250,"PULAUPANJANG, TEBO ULU, TEBO, JAMBI",1,44,134,178
https://kawalpemilu.org#17250,"PULAUPANJANG, TEBO ULU, TEBO, JAMBI",2,32,158,190
https://kawalpemilu.org#17250,"PULAUPANJANG, TEBO ULU, TEBO, JAMBI",3,26,142,168
https://kawalpemilu.org#17250,"PULAUPANJANG, TEBO ULU, TEBO, JAMBI",4,33,162,195
https://kawalpemilu.org#17250,"PULAUPANJANG, TEBO ULU, TEBO, JAMBI",5,17,169,186
https://kawalpemilu.org#17250,"PULAUPANJANG, TEBO ULU, TEBO, JAMBI",6,8,190,198
https://kawalpemilu.org#17251,"LUBUK BENTENG, TEBO ULU, TEBO, JAMBI",1,32,122,154
https://kawalpemilu.org#17251,"LUBUK BENTENG, TEBO ULU, TEBO, JAMBI",2,58,103,161
https://kawalpemilu.org#17251,"LUBUK BENTENG, TEBO ULU, TEBO, JAMBI",3,48,125,173
https://kawalpemilu.org#17251,"LUBUK BENTENG, TEBO ULU, TEBO, JAMBI",4,76,153,229
https://kawalpemilu.org#17251,"LUBUK BENTENG, TEBO ULU, TEBO, JAMBI",5,69,94,163
https://kawalpemilu.org#17251,"LUBUK BENTENG, TEBO ULU, TEBO, JAMBI",6,71,65,136
https://kawalpemilu.org#17252,"TELUKKUALI, TEBO ULU, TEBO, JAMBI",1,80,73,153
https://kawalpemilu.org#17252,"TELUKKUALI, TEBO ULU, TEBO, JAMBI",2,47,105,152
https://kawalpemilu.org#17252,"TELUKKUALI, TEBO ULU, TEBO, JAMBI",3,23,94,117
https://kawalpemilu.org#17252,"TELUKKUALI, TEBO ULU, TEBO, JAMBI",4,54,112,166
https://kawalpemilu.org#17252,"TELUKKUALI, TEBO ULU, TEBO, JAMBI",5,46,104,150
https://kawalpemilu.org#17252,"TELUKKUALI, TEBO ULU, TEBO, JAMBI",6,114,41,155
https://kawalpemilu.org#17252,"TELUKKUALI, TEBO ULU, TEBO, JAMBI",7,117,114,231
https://kawalpemilu.org#17252,"TELUKKUALI, TEBO ULU, TEBO, JAMBI",8,94,121,215
https://kawalpemilu.org#17252,"TELUKKUALI, TEBO ULU, TEBO, JAMBI",9,38,155,193
https://kawalpemilu.org#17252,"TELUKKUALI, TEBO ULU, TEBO, JAMBI",10,61,113,174
https://kawalpemilu.org#17252,"TELUKKUALI, TEBO ULU, TEBO, JAMBI",11,42,137,179
https://kawalpemilu.org#17252,"TELUKKUALI, TEBO ULU, TEBO, JAMBI",12,63,144,207
https://kawalpemilu.org#17252,"TELUKKUALI, TEBO ULU, TEBO, JAMBI",13,34,123,157
https://kawalpemilu.org#17253,"MELAKO INTAN, TEBO ULU, TEBO, JAMBI",1,107,109,216
https://kawalpemilu.org#17253,"MELAKO INTAN, TEBO ULU, TEBO, JAMBI",2,46,126,172
https://kawalpemilu.org#17253,"MELAKO INTAN, TEBO ULU, TEBO, JAMBI",3,86,97,183
https://kawalpemilu.org#17253,"MELAKO INTAN, TEBO ULU, TEBO, JAMBI",4,71,80,151
https://kawalpemilu.org#17253,"MELAKO INTAN, TEBO ULU, TEBO, JAMBI",5,54,73,127
https://kawalpemilu.org#87307,"JAMBU, TEBO ULU, TEBO, JAMBI",1,16,180,196
https://kawalpemilu.org#87307,"JAMBU, TEBO ULU, TEBO, JAMBI",2,27,158,185
https://kawalpemilu.org#87307,"JAMBU, TEBO ULU, TEBO, JAMBI",3,17,151,168
https://kawalpemilu.org#87307,"JAMBU, TEBO ULU, TEBO, JAMBI",5,5,130,135
https://kawalpemilu.org#87307,"JAMBU, TEBO ULU, TEBO, JAMBI",6,7,120,127
https://kawalpemilu.org#87308,"PULAUJELMU, TEBO ULU, TEBO, JAMBI",1,27,129,156
https://kawalpemilu.org#87308,"PULAUJELMU, TEBO ULU, TEBO, JAMBI",2,21,95,116
https://kawalpemilu.org#87308,"PULAUJELMU, TEBO ULU, TEBO, JAMBI",3,10,166,176
https://kawalpemilu.org#87309,"MEDAN SERI RAMBAHAN, TEBO ULU, TEBO, JAMBI",1,21,136,157
https://kawalpemilu.org#87309,"MEDAN SERI RAMBAHAN, TEBO ULU, TEBO, JAMBI",2,29,145,174
https://kawalpemilu.org#87309,"MEDAN SERI RAMBAHAN, TEBO ULU, TEBO, JAMBI",3,15,134,149
https://kawalpemilu.org#87309,"MEDAN SERI RAMBAHAN, TEBO ULU, TEBO, JAMBI",4,48,108,156
https://kawalpemilu.org#87310,"ULAK BANJIR RAMBAHAN, TEBO ULU, TEBO, JAMBI",1,66,88,154
https://kawalpemilu.org#87310,"ULAK BANJIR RAMBAHAN, TEBO ULU, TEBO, JAMBI",2,58,95,153
https://kawalpemilu.org#87310,"ULAK BANJIR RAMBAHAN, TEBO ULU, TEBO, JAMBI",3,81,56,137
https://kawalpemilu.org#87310,"ULAK BANJIR RAMBAHAN, TEBO ULU, TEBO, JAMBI",4,80,91,171
https://kawalpemilu.org#87310,"ULAK BANJIR RAMBAHAN, TEBO ULU, TEBO, JAMBI",5,88,85,173
https://kawalpemilu.org#87310,"ULAK BANJIR RAMBAHAN, TEBO ULU, TEBO, JAMBI",6,29,138,167
https://kawalpemilu.org#87311,"TELUKPANDAN RAMBAHAN, TEBO ULU, TEBO, JAMBI",1,57,92,149
https://kawalpemilu.org#87311,"TELUKPANDAN RAMBAHAN, TEBO ULU, TEBO, JAMBI",2,23,76,99
https://kawalpemilu.org#87311,"TELUKPANDAN RAMBAHAN, TEBO ULU, TEBO, JAMBI",3,72,143,215
https://kawalpemilu.org#87311,"TELUKPANDAN RAMBAHAN, TEBO ULU, TEBO, JAMBI",4,46,137,183
https://kawalpemilu.org#17255,"WIROTHO AGUNG, RIMBO BUJANG, TEBO, JAMBI",1,160,56,216
https://kawalpemilu.org#17255,"WIROTHO AGUNG, RIMBO BUJANG, TEBO, JAMBI",2,138,70,208
https://kawalpemilu.org#17255,"WIROTHO AGUNG, RIMBO BUJANG, TEBO, JAMBI",3,145,38,183
https://kawalpemilu.org#17255,"WIROTHO AGUNG, RIMBO BUJANG, TEBO, JAMBI",4,102,61,163
https://kawalpemilu.org#17255,"WIROTHO AGUNG, RIMBO BUJANG, TEBO, JAMBI",5,109,69,178
https://kawalpemilu.org#17255,"WIROTHO AGUNG, RIMBO BUJANG, TEBO, JAMBI",6,121,37,158
https://kawalpemilu.org#17255,"WIROTHO AGUNG, RIMBO BUJANG, TEBO, JAMBI",7,133,52,185
https://kawalpemilu.org#17255,"WIROTHO AGUNG, RIMBO BUJANG, TEBO, JAMBI",8,118,59,177
https://kawalpemilu.org#17255,"WIROTHO AGUNG, RIMBO BUJANG, TEBO, JAMBI",9,119,68,186
https://kawalpemilu.org#17255,"WIROTHO AGUNG, RIMBO BUJANG, TEBO, JAMBI",10,106,66,172
https://kawalpemilu.org#17255,"WIROTHO AGUNG, RIMBO BUJANG, TEBO, JAMBI",11,158,38,196
https://kawalpemilu.org#17255,"WIROTHO AGUNG, RIMBO BUJANG, TEBO, JAMBI",12,102,60,162
https://kawalpemilu.org#17255,"WIROTHO AGUNG, RIMBO BUJANG, TEBO, JAMBI",13,87,77,164
https://kawalpemilu.org#17255,"WIROTHO AGUNG, RIMBO BUJANG, TEBO, JAMBI",14,126,85,211
https://kawalpemilu.org#17255,"WIROTHO AGUNG, RIMBO BUJANG, TEBO, JAMBI",15,138,109,247
https://kawalpemilu.org#17255,"WIROTHO AGUNG, RIMBO BUJANG, TEBO, JAMBI",16,80,187,267
https://kawalpemilu.org#17255,"WIROTHO AGUNG, RIMBO BUJANG, TEBO, JAMBI",17,37,105,142
https://kawalpemilu.org#17255,"WIROTHO AGUNG, RIMBO BUJANG, TEBO, JAMBI",18,54,125,179
https://kawalpemilu.org#17255,"WIROTHO AGUNG, RIMBO BUJANG, TEBO, JAMBI",19,72,112,184
https://kawalpemilu.org#17255,"WIROTHO AGUNG, RIMBO BUJANG, TEBO, JAMBI",20,75,97,172
https://kawalpemilu.org#17255,"WIROTHO AGUNG, RIMBO BUJANG, TEBO, JAMBI",21,80,98,178
https://kawalpemilu.org#17255,"WIROTHO AGUNG, RIMBO BUJANG, TEBO, JAMBI",22,114,87,201
https://kawalpemilu.org#17255,"WIROTHO AGUNG, RIMBO BUJANG, TEBO, JAMBI",23,80,95,175
https://kawalpemilu.org#17255,"WIROTHO AGUNG, RIMBO BUJANG, TEBO, JAMBI",24,50,150,200
https://kawalpemilu.org#17255,"WIROTHO AGUNG, RIMBO BUJANG, TEBO, JAMBI",25,54,117,171
https://kawalpemilu.org#17255,"WIROTHO AGUNG, RIMBO BUJANG, TEBO, JAMBI",26,17,135,152
https://kawalpemilu.org#17255,"WIROTHO AGUNG, RIMBO BUJANG, TEBO, JAMBI",27,32,131,163
https://kawalpemilu.org#17255,"WIROTHO AGUNG, RIMBO BUJANG, TEBO, JAMBI",28,53,116,169
https://kawalpemilu.org#17255,"WIROTHO AGUNG, RIMBO BUJANG, TEBO, JAMBI",29,70,115,185
https://kawalpemilu.org#17255,"WIROTHO AGUNG, RIMBO BUJANG, TEBO, JAMBI",30,102,113,215
https://kawalpemilu.org#17255,"WIROTHO AGUNG, RIMBO BUJANG, TEBO, JAMBI",31,31,115,146
https://kawalpemilu.org#17255,"WIROTHO AGUNG, RIMBO BUJANG, TEBO, JAMBI",32,33,119,152
https://kawalpemilu.org#17255,"WIROTHO AGUNG, RIMBO BUJANG, TEBO, JAMBI",33,116,88,204
https://kawalpemilu.org#17255,"WIROTHO AGUNG, RIMBO BUJANG, TEBO, JAMBI",34,35,136,171
https://kawalpemilu.org#17255,"WIROTHO AGUNG, RIMBO BUJANG, TEBO, JAMBI",35,74,137,211
https://kawalpemilu.org#17255,"WIROTHO AGUNG, RIMBO BUJANG, TEBO, JAMBI",36,75,110,185
https://kawalpemilu.org#17255,"WIROTHO AGUNG, RIMBO BUJANG, TEBO, JAMBI",37,99,95,194
https://kawalpemilu.org#17255,"WIROTHO AGUNG, RIMBO BUJANG, TEBO, JAMBI",38,97,78,175
https://kawalpemilu.org#17255,"WIROTHO AGUNG, RIMBO BUJANG, TEBO, JAMBI",39,64,86,150
https://kawalpemilu.org#17255,"WIROTHO AGUNG, RIMBO BUJANG, TEBO, JAMBI",40,56,76,132
https://kawalpemilu.org#17255,"WIROTHO AGUNG, RIMBO BUJANG, TEBO, JAMBI",41,91,109,200
https://kawalpemilu.org#17255,"WIROTHO AGUNG, RIMBO BUJANG, TEBO, JAMBI",42,93,118,211
https://kawalpemilu.org#17255,"WIROTHO AGUNG, RIMBO BUJANG, TEBO, JAMBI",43,98,96,194
https://kawalpemilu.org#17255,"WIROTHO AGUNG, RIMBO BUJANG, TEBO, JAMBI",44,75,82,157
https://kawalpemilu.org#17255,"WIROTHO AGUNG, RIMBO BUJANG, TEBO, JAMBI",45,74,82,156
https://kawalpemilu.org#17255,"WIROTHO AGUNG, RIMBO BUJANG, TEBO, JAMBI",46,120,97,217
https://kawalpemilu.org#17255,"WIROTHO AGUNG, RIMBO BUJANG, TEBO, JAMBI",47,121,103,224
https://kawalpemilu.org#17255,"WIROTHO AGUNG, RIMBO BUJANG, TEBO, JAMBI",48,64,56,120
https://kawalpemilu.org#17255,"WIROTHO AGUNG, RIMBO BUJANG, TEBO, JAMBI",49,88,103,191
https://kawalpemilu.org#17255,"WIROTHO AGUNG, RIMBO BUJANG, TEBO, JAMBI",50,99,131,230
https://kawalpemilu.org#17255,"WIROTHO AGUNG, RIMBO BUJANG, TEBO, JAMBI",51,110,112,222
https://kawalpemilu.org#17255,"WIROTHO AGUNG, RIMBO BUJANG, TEBO, JAMBI",52,86,97,183
https://kawalpemilu.org#17255,"WIROTHO AGUNG, RIMBO BUJANG, TEBO, JAMBI",53,156,64,220
https://kawalpemilu.org#17255,"WIROTHO AGUNG, RIMBO BUJANG, TEBO, JAMBI",54,112,50,162
https://kawalpemilu.org#17255,"WIROTHO AGUNG, RIMBO BUJANG, TEBO, JAMBI",55,133,35,168
https://kawalpemilu.org#17255,"WIROTHO AGUNG, RIMBO BUJANG, TEBO, JAMBI",56,139,50,189
https://kawalpemilu.org#17256,"PERINTIS, RIMBO BUJANG, TEBO, JAMBI",1,149,93,242
https://kawalpemilu.org#17256,"PERINTIS, RIMBO BUJANG, TEBO, JAMBI",2,146,77,223
https://kawalpemilu.org#17256,"PERINTIS, RIMBO BUJANG, TEBO, JAMBI",3,98,137,235
https://kawalpemilu.org#17256,"PERINTIS, RIMBO BUJANG, TEBO, JAMBI",4,109,99,208
https://kawalpemilu.org#17256,"PERINTIS, RIMBO BUJANG, TEBO, JAMBI",5,78,83,161
https://kawalpemilu.org#17256,"PERINTIS, RIMBO BUJANG, TEBO, JAMBI",6,115,83,198
https://kawalpemilu.org#17256,"PERINTIS, RIMBO BUJANG, TEBO, JAMBI",7,126,89,215
https://kawalpemilu.org#17256,"PERINTIS, RIMBO BUJANG, TEBO, JAMBI",8,49,145,194
https://kawalpemilu.org#17256,"PERINTIS, RIMBO BUJANG, TEBO, JAMBI",9,101,80,181
https://kawalpemilu.org#17256,"PERINTIS, RIMBO BUJANG, TEBO, JAMBI",10,91,90,181
https://kawalpemilu.org#17256,"PERINTIS, RIMBO BUJANG, TEBO, JAMBI",11,127,92,219
https://kawalpemilu.org#17256,"PERINTIS, RIMBO BUJANG, TEBO, JAMBI",12,117,40,157
https://kawalpemilu.org#17256,"PERINTIS, RIMBO BUJANG, TEBO, JAMBI",13,160,72,232
https://kawalpemilu.org#17256,"PERINTIS, RIMBO BUJANG, TEBO, JAMBI",14,133,66,199
https://kawalpemilu.org#17256,"PERINTIS, RIMBO BUJANG, TEBO, JAMBI",15,83,30,113
https://kawalpemilu.org#17256,"PERINTIS, RIMBO BUJANG, TEBO, JAMBI",16,117,64,181
https://kawalpemilu.org#17256,"PERINTIS, RIMBO BUJANG, TEBO, JAMBI",17,141,36,177
https://kawalpemilu.org#17256,"PERINTIS, RIMBO BUJANG, TEBO, JAMBI",18,90,81,171
https://kawalpemilu.org#17256,"PERINTIS, RIMBO BUJANG, TEBO, JAMBI",19,68,98,166
https://kawalpemilu.org#17256,"PERINTIS, RIMBO BUJANG, TEBO, JAMBI",20,46,124,170
https://kawalpemilu.org#17256,"PERINTIS, RIMBO BUJANG, TEBO, JAMBI",21,106,97,203
https://kawalpemilu.org#17256,"PERINTIS, RIMBO BUJANG, TEBO, JAMBI",22,127,24,151
https://kawalpemilu.org#17256,"PERINTIS, RIMBO BUJANG, TEBO, JAMBI",23,136,57,193
https://kawalpemilu.org#17256,"PERINTIS, RIMBO BUJANG, TEBO, JAMBI",24,101,113,214
https://kawalpemilu.org#17256,"PERINTIS, RIMBO BUJANG, TEBO, JAMBI",25,71,121,192
https://kawalpemilu.org#17256,"PERINTIS, RIMBO BUJANG, TEBO, JAMBI",26,69,64,133
https://kawalpemilu.org#17256,"PERINTIS, RIMBO BUJANG, TEBO, JAMBI",27,106,76,182
https://kawalpemilu.org#17256,"PERINTIS, RIMBO BUJANG, TEBO, JAMBI",28,120,91,211
https://kawalpemilu.org#17256,"PERINTIS, RIMBO BUJANG, TEBO, JAMBI",29,125,74,199
https://kawalpemilu.org#17256,"PERINTIS, RIMBO BUJANG, TEBO, JAMBI",30,85,84,169
https://kawalpemilu.org#17256,"PERINTIS, RIMBO BUJANG, TEBO, JAMBI",31,114,113,227
https://kawalpemilu.org#17256,"PERINTIS, RIMBO BUJANG, TEBO, JAMBI",32,0,0,0
https://kawalpemilu.org#17256,"PERINTIS, RIMBO BUJANG, TEBO, JAMBI",33,91,96,187
https://kawalpemilu.org#17256,"PERINTIS, RIMBO BUJANG, TEBO, JAMBI",34,93,63,156
https://kawalpemilu.org#17257,"RIMBO MULYO, RIMBO BUJANG, TEBO, JAMBI",1,107,65,172
https://kawalpemilu.org#17257,"RIMBO MULYO, RIMBO BUJANG, TEBO, JAMBI",2,111,147,258
https://kawalpemilu.org#17257,"RIMBO MULYO, RIMBO BUJANG, TEBO, JAMBI",3,46,125,171
https://kawalpemilu.org#17257,"RIMBO MULYO, RIMBO BUJANG, TEBO, JAMBI",4,150,115,265
https://kawalpemilu.org#17257,"RIMBO MULYO, RIMBO BUJANG, TEBO, JAMBI",5,194,63,257
https://kawalpemilu.org#17257,"RIMBO MULYO, RIMBO BUJANG, TEBO, JAMBI",6,144,22,166
https://kawalpemilu.org#17257,"RIMBO MULYO, RIMBO BUJANG, TEBO, JAMBI",7,140,96,236
https://kawalpemilu.org#17257,"RIMBO MULYO, RIMBO BUJANG, TEBO, JAMBI",8,97,102,199
https://kawalpemilu.org#17257,"RIMBO MULYO, RIMBO BUJANG, TEBO, JAMBI",9,108,86,194
https://kawalpemilu.org#17257,"RIMBO MULYO, RIMBO BUJANG, TEBO, JAMBI",10,93,53,146
https://kawalpemilu.org#17257,"RIMBO MULYO, RIMBO BUJANG, TEBO, JAMBI",11,109,61,170
https://kawalpemilu.org#17257,"RIMBO MULYO, RIMBO BUJANG, TEBO, JAMBI",12,95,61,156
https://kawalpemilu.org#17257,"RIMBO MULYO, RIMBO BUJANG, TEBO, JAMBI",13,88,45,133
https://kawalpemilu.org#17257,"RIMBO MULYO, RIMBO BUJANG, TEBO, JAMBI",14,140,45,185
https://kawalpemilu.org#17257,"RIMBO MULYO, RIMBO BUJANG, TEBO, JAMBI",15,127,92,219
https://kawalpemilu.org#17257,"RIMBO MULYO, RIMBO BUJANG, TEBO, JAMBI",16,122,87,209
https://kawalpemilu.org#17257,"RIMBO MULYO, RIMBO BUJANG, TEBO, JAMBI",17,86,112,198
https://kawalpemilu.org#17257,"RIMBO MULYO, RIMBO BUJANG, TEBO, JAMBI",18,86,54,140
https://kawalpemilu.org#17257,"RIMBO MULYO, RIMBO BUJANG, TEBO, JAMBI",19,79,135,214
https://kawalpemilu.org#17257,"RIMBO MULYO, RIMBO BUJANG, TEBO, JAMBI",20,122,126,248
https://kawalpemilu.org#17257,"RIMBO MULYO, RIMBO BUJANG, TEBO, JAMBI",21,96,95,191
https://kawalpemilu.org#17257,"RIMBO MULYO, RIMBO BUJANG, TEBO, JAMBI",22,108,79,187
https://kawalpemilu.org#17257,"RIMBO MULYO, RIMBO BUJANG, TEBO, JAMBI",23,46,67,113
https://kawalpemilu.org#17258,"PURWO HARJO, RIMBO BUJANG, TEBO, JAMBI",2,120,93,213
https://kawalpemilu.org#17258,"PURWO HARJO, RIMBO BUJANG, TEBO, JAMBI",3,115,104,219
https://kawalpemilu.org#17258,"PURWO HARJO, RIMBO BUJANG, TEBO, JAMBI",4,76,157,233
https://kawalpemilu.org#17258,"PURWO HARJO, RIMBO BUJANG, TEBO, JAMBI",5,139,79,218
https://kawalpemilu.org#17258,"PURWO HARJO, RIMBO BUJANG, TEBO, JAMBI",6,105,69,174
https://kawalpemilu.org#17258,"PURWO HARJO, RIMBO BUJANG, TEBO, JAMBI",7,52,69,121
https://kawalpemilu.org#17258,"PURWO HARJO, RIMBO BUJANG, TEBO, JAMBI",8,89,50,139
https://kawalpemilu.org#17258,"PURWO HARJO, RIMBO BUJANG, TEBO, JAMBI",9,124,30,154
https://kawalpemilu.org#17258,"PURWO HARJO, RIMBO BUJANG, TEBO, JAMBI",10,87,56,143
https://kawalpemilu.org#17258,"PURWO HARJO, RIMBO BUJANG, TEBO, JAMBI",11,114,39,153
https://kawalpemilu.org#17258,"PURWO HARJO, RIMBO BUJANG, TEBO, JAMBI",12,97,64,161
https://kawalpemilu.org#17258,"PURWO HARJO, RIMBO BUJANG, TEBO, JAMBI",13,97,88,185
https://kawalpemilu.org#17258,"PURWO HARJO, RIMBO BUJANG, TEBO, JAMBI",14,100,45,145
https://kawalpemilu.org#17258,"PURWO HARJO, RIMBO BUJANG, TEBO, JAMBI",15,156,100,256
https://kawalpemilu.org#17258,"PURWO HARJO, RIMBO BUJANG, TEBO, JAMBI",16,126,87,213
https://kawalpemilu.org#17258,"PURWO HARJO, RIMBO BUJANG, TEBO, JAMBI",17,187,49,236
https://kawalpemilu.org#17258,"PURWO HARJO, RIMBO BUJANG, TEBO, JAMBI",18,205,68,273
https://kawalpemilu.org#17258,"PURWO HARJO, RIMBO BUJANG, TEBO, JAMBI",19,123,89,212
https://kawalpemilu.org#17258,"PURWO HARJO, RIMBO BUJANG, TEBO, JAMBI",20,146,53,199
https://kawalpemilu.org#17259,"TEGAL ARUM, RIMBO BUJANG, TEBO, JAMBI",1,118,102,220
https://kawalpemilu.org#17259,"TEGAL ARUM, RIMBO BUJANG, TEBO, JAMBI",2,136,79,215
https://kawalpemilu.org#17259,"TEGAL ARUM, RIMBO BUJANG, TEBO, JAMBI",3,174,52,226
https://kawalpemilu.org#17259,"TEGAL ARUM, RIMBO BUJANG, TEBO, JAMBI",4,99,45,144
https://kawalpemilu.org#17259,"TEGAL ARUM, RIMBO BUJANG, TEBO, JAMBI",5,46,54,100
https://kawalpemilu.org#17259,"TEGAL ARUM, RIMBO BUJANG, TEBO, JAMBI",6,95,105,200
https://kawalpemilu.org#17259,"TEGAL ARUM, RIMBO BUJANG, TEBO, JAMBI",7,92,60,152
https://kawalpemilu.org#17259,"TEGAL ARUM, RIMBO BUJANG, TEBO, JAMBI",8,131,117,248
https://kawalpemilu.org#17259,"TEGAL ARUM, RIMBO BUJANG, TEBO, JAMBI",9,91,106,197
https://kawalpemilu.org#17259,"TEGAL ARUM, RIMBO BUJANG, TEBO, JAMBI",10,149,94,243
https://kawalpemilu.org#17259,"TEGAL ARUM, RIMBO BUJANG, TEBO, JAMBI",11,143,88,231
https://kawalpemilu.org#17259,"TEGAL ARUM, RIMBO BUJANG, TEBO, JAMBI",12,187,59,246
https://kawalpemilu.org#17259,"TEGAL ARUM, RIMBO BUJANG, TEBO, JAMBI",13,122,66,188
https://kawalpemilu.org#17259,"TEGAL ARUM, RIMBO BUJANG, TEBO, JAMBI",14,64,113,177
https://kawalpemilu.org#17259,"TEGAL ARUM, RIMBO BUJANG, TEBO, JAMBI",15,100,90,190
https://kawalpemilu.org#17259,"TEGAL ARUM, RIMBO BUJANG, TEBO, JAMBI",16,125,45,170
https://kawalpemilu.org#17259,"TEGAL ARUM, RIMBO BUJANG, TEBO, JAMBI",17,110,47,157
https://kawalpemilu.org#17259,"TEGAL ARUM, RIMBO BUJANG, TEBO, JAMBI",18,86,104,190
https://kawalpemilu.org#17259,"TEGAL ARUM, RIMBO BUJANG, TEBO, JAMBI",19,95,50,145
https://kawalpemilu.org#17259,"TEGAL ARUM, RIMBO BUJANG, TEBO, JAMBI",20,115,67,182
https://kawalpemilu.org#17259,"TEGAL ARUM, RIMBO BUJANG, TEBO, JAMBI",21,95,120,215
https://kawalpemilu.org#17259,"TEGAL ARUM, RIMBO BUJANG, TEBO, JAMBI",22,126,78,204
https://kawalpemilu.org#17259,"TEGAL ARUM, RIMBO BUJANG, TEBO, JAMBI",23,108,128,236
https://kawalpemilu.org#17260,"TIRTA KENCANA, RIMBO BUJANG, TEBO, JAMBI",1,155,51,206
https://kawalpemilu.org#17260,"TIRTA KENCANA, RIMBO BUJANG, TEBO, JAMBI",2,127,64,191
https://kawalpemilu.org#17260,"TIRTA KENCANA, RIMBO BUJANG, TEBO, JAMBI",3,131,49,180
https://kawalpemilu.org#17260,"TIRTA KENCANA, RIMBO BUJANG, TEBO, JAMBI",4,135,58,193
https://kawalpemilu.org#17260,"TIRTA KENCANA, RIMBO BUJANG, TEBO, JAMBI",5,89,61,150
https://kawalpemilu.org#17260,"TIRTA KENCANA, RIMBO BUJANG, TEBO, JAMBI",6,141,79,220
https://kawalpemilu.org#17260,"TIRTA KENCANA, RIMBO BUJANG, TEBO, JAMBI",7,93,51,144
https://kawalpemilu.org#17260,"TIRTA KENCANA, RIMBO BUJANG, TEBO, JAMBI",8,116,69,185
https://kawalpemilu.org#17260,"TIRTA KENCANA, RIMBO BUJANG, TEBO, JAMBI",9,143,51,194
https://kawalpemilu.org#17260,"TIRTA KENCANA, RIMBO BUJANG, TEBO, JAMBI",10,99,116,215
https://kawalpemilu.org#17260,"TIRTA KENCANA, RIMBO BUJANG, TEBO, JAMBI",11,151,70,221
https://kawalpemilu.org#17260,"TIRTA KENCANA, RIMBO BUJANG, TEBO, JAMBI",12,116,83,199
https://kawalpemilu.org#17260,"TIRTA KENCANA, RIMBO BUJANG, TEBO, JAMBI",13,140,24,164
https://kawalpemilu.org#17260,"TIRTA KENCANA, RIMBO BUJANG, TEBO, JAMBI",14,141,26,167
https://kawalpemilu.org#17260,"TIRTA KENCANA, RIMBO BUJANG, TEBO, JAMBI",15,137,52,189
https://kawalpemilu.org#17260,"TIRTA KENCANA, RIMBO BUJANG, TEBO, JAMBI",16,102,45,147
https://kawalpemilu.org#17260,"TIRTA KENCANA, RIMBO BUJANG, TEBO, JAMBI",17,161,54,215
https://kawalpemilu.org#17260,"TIRTA KENCANA, RIMBO BUJANG, TEBO, JAMBI",18,83,101,184
https://kawalpemilu.org#17260,"TIRTA KENCANA, RIMBO BUJANG, TEBO, JAMBI",19,139,80,219
https://kawalpemilu.org#17260,"TIRTA KENCANA, RIMBO BUJANG, TEBO, JAMBI",20,163,41,204
https://kawalpemilu.org#17260,"TIRTA KENCANA, RIMBO BUJANG, TEBO, JAMBI",21,140,70,210
https://kawalpemilu.org#17260,"TIRTA KENCANA, RIMBO BUJANG, TEBO, JAMBI",22,115,92,207
https://kawalpemilu.org#17261,"SAPTA MULIA, RIMBO BUJANG, TEBO, JAMBI",1,139,97,236
https://kawalpemilu.org#17261,"SAPTA MULIA, RIMBO BUJANG, TEBO, JAMBI",2,91,95,186
https://kawalpemilu.org#17261,"SAPTA MULIA, RIMBO BUJANG, TEBO, JAMBI",3,99,100,199
https://kawalpemilu.org#17261,"SAPTA MULIA, RIMBO BUJANG, TEBO, JAMBI",4,43,78,121
https://kawalpemilu.org#17261,"SAPTA MULIA, RIMBO BUJANG, TEBO, JAMBI",5,71,122,193
https://kawalpemilu.org#17261,"SAPTA MULIA, RIMBO BUJANG, TEBO, JAMBI",6,69,136,205
https://kawalpemilu.org#17261,"SAPTA MULIA, RIMBO BUJANG, TEBO, JAMBI",7,103,66,169
https://kawalpemilu.org#17261,"SAPTA MULIA, RIMBO BUJANG, TEBO, JAMBI",8,49,87,136
https://kawalpemilu.org#17261,"SAPTA MULIA, RIMBO BUJANG, TEBO, JAMBI",9,130,105,235
https://kawalpemilu.org#17261,"SAPTA MULIA, RIMBO BUJANG, TEBO, JAMBI",10,137,48,185
https://kawalpemilu.org#17261,"SAPTA MULIA, RIMBO BUJANG, TEBO, JAMBI",11,130,54,184
https://kawalpemilu.org#17261,"SAPTA MULIA, RIMBO BUJANG, TEBO, JAMBI",12,78,46,124
https://kawalpemilu.org#17261,"SAPTA MULIA, RIMBO BUJANG, TEBO, JAMBI",13,130,45,175
https://kawalpemilu.org#17261,"SAPTA MULIA, RIMBO BUJANG, TEBO, JAMBI",14,100,66,166
https://kawalpemilu.org#17261,"SAPTA MULIA, RIMBO BUJANG, TEBO, JAMBI",15,142,70,212
https://kawalpemilu.org#17261,"SAPTA MULIA, RIMBO BUJANG, TEBO, JAMBI",16,127,111,238
https://kawalpemilu.org#17261,"SAPTA MULIA, RIMBO BUJANG, TEBO, JAMBI",17,129,96,225
https://kawalpemilu.org#17261,"SAPTA MULIA, RIMBO BUJANG, TEBO, JAMBI",18,125,29,154
https://kawalpemilu.org#17261,"SAPTA MULIA, RIMBO BUJANG, TEBO, JAMBI",19,108,56,164
https://kawalpemilu.org#17261,"SAPTA MULIA, RIMBO BUJANG, TEBO, JAMBI",20,157,39,196
https://kawalpemilu.org#17262,"PEMATANG SAPAT, RIMBO BUJANG, TEBO, JAMBI",1,52,82,135
https://kawalpemilu.org#17262,"PEMATANG SAPAT, RIMBO BUJANG, TEBO, JAMBI",2,89,124,213
https://kawalpemilu.org#17262,"PEMATANG SAPAT, RIMBO BUJANG, TEBO, JAMBI",3,70,55,125
https://kawalpemilu.org#17262,"PEMATANG SAPAT, RIMBO BUJANG, TEBO, JAMBI",4,109,116,225
https://kawalpemilu.org#17262,"PEMATANG SAPAT, RIMBO BUJANG, TEBO, JAMBI",5,120,102,222
https://kawalpemilu.org#17262,"PEMATANG SAPAT, RIMBO BUJANG, TEBO, JAMBI",6,70,116,186
https://kawalpemilu.org#17264,"TELUK SINGKAWANG, SUMAY, TEBO, JAMBI",1,68,173,241
https://kawalpemilu.org#17264,"TELUK SINGKAWANG, SUMAY, TEBO, JAMBI",2,59,158,217
https://kawalpemilu.org#17264,"TELUK SINGKAWANG, SUMAY, TEBO, JAMBI",3,74,149,223
https://kawalpemilu.org#17264,"TELUK SINGKAWANG, SUMAY, TEBO, JAMBI",4,91,149,240
https://kawalpemilu.org#17264,"TELUK SINGKAWANG, SUMAY, TEBO, JAMBI",5,64,149,213
https://kawalpemilu.org#17264,"TELUK SINGKAWANG, SUMAY, TEBO, JAMBI",6,63,178,241
https://kawalpemilu.org#17264,"TELUK SINGKAWANG, SUMAY, TEBO, JAMBI",7,54,131,185
https://kawalpemilu.org#17264,"TELUK SINGKAWANG, SUMAY, TEBO, JAMBI",8,194,49,243
https://kawalpemilu.org#17264,"TELUK SINGKAWANG, SUMAY, TEBO, JAMBI",9,125,45,170
https://kawalpemilu.org#17265,"LEMBAK BUNGUR, SUMAY, TEBO, JAMBI",1,51,187,238
https://kawalpemilu.org#17265,"LEMBAK BUNGUR, SUMAY, TEBO, JAMBI",2,39,138,177
https://kawalpemilu.org#17265,"LEMBAK BUNGUR, SUMAY, TEBO, JAMBI",3,38,130,168
https://kawalpemilu.org#17266,"TELUK LANGKAP, SUMAY, TEBO, JAMBI",1,42,74,116
https://kawalpemilu.org#17266,"TELUK LANGKAP, SUMAY, TEBO, JAMBI",2,55,147,202
https://kawalpemilu.org#17266,"TELUK LANGKAP, SUMAY, TEBO, JAMBI",3,90,159,249
https://kawalpemilu.org#17266,"TELUK LANGKAP, SUMAY, TEBO, JAMBI",4,80,81,161
https://kawalpemilu.org#17266,"TELUK LANGKAP, SUMAY, TEBO, JAMBI",5,43,103,146
https://kawalpemilu.org#17267,"TAMBUN ARANG, SUMAY, TEBO, JAMBI",1,57,113,170
https://kawalpemilu.org#17267,"TAMBUN ARANG, SUMAY, TEBO, JAMBI",2,104,75,179
https://kawalpemilu.org#17267,"TAMBUN ARANG, SUMAY, TEBO, JAMBI",3,76,128,204
https://kawalpemilu.org#17267,"TAMBUN ARANG, SUMAY, TEBO, JAMBI",4,77,102,179
https://kawalpemilu.org#17267,"TAMBUN ARANG, SUMAY, TEBO, JAMBI",5,71,100,171
https://kawalpemilu.org#17268,"PUNTI KALO, SUMAY, TEBO, JAMBI",1,61,163,224
https://kawalpemilu.org#17268,"PUNTI KALO, SUMAY, TEBO, JAMBI",2,39,198,237
https://kawalpemilu.org#17268,"PUNTI KALO, SUMAY, TEBO, JAMBI",3,30,116,146
https://kawalpemilu.org#17268,"PUNTI KALO, SUMAY, TEBO, JAMBI",4,53,165,218
https://kawalpemilu.org#17268,"PUNTI KALO, SUMAY, TEBO, JAMBI",5,54,147,201
https://kawalpemilu.org#17268,"PUNTI KALO, SUMAY, TEBO, JAMBI",6,17,160,177
https://kawalpemilu.org#17268,"PUNTI KALO, SUMAY, TEBO, JAMBI",7,53,174,227
https://kawalpemilu.org#17269,"JATI BELARIK, SUMAY, TEBO, JAMBI",1,30,200,230
https://kawalpemilu.org#17269,"JATI BELARIK, SUMAY, TEBO, JAMBI",2,53,169,222
https://kawalpemilu.org#17270,"TUO SUMAY, SUMAY, TEBO, JAMBI",1,37,212,249
https://kawalpemilu.org#17270,"TUO SUMAY, SUMAY, TEBO, JAMBI",2,28,163,191
https://kawalpemilu.org#17270,"TUO SUMAY, SUMAY, TEBO, JAMBI",3,73,172,245
https://kawalpemilu.org#17270,"TUO SUMAY, SUMAY, TEBO, JAMBI",4,34,172,206
https://kawalpemilu.org#17270,"TUO SUMAY, SUMAY, TEBO, JAMBI",6,26,98,124
https://kawalpemilu.org#17270,"TUO SUMAY, SUMAY, TEBO, JAMBI",7,53,142,195
https://kawalpemilu.org#17270,"TUO SUMAY, SUMAY, TEBO, JAMBI",8,97,82,179
https://kawalpemilu.org#17270,"TUO SUMAY, SUMAY, TEBO, JAMBI",9,50,35,85
https://kawalpemilu.org#17270,"TUO SUMAY, SUMAY, TEBO, JAMBI",10,73,76,149
https://kawalpemilu.org#17270,"TUO SUMAY, SUMAY, TEBO, JAMBI",11,57,45,102
https://kawalpemilu.org#17271,"TERITI, SUMAY, TEBO, JAMBI",1,82,172,254
https://kawalpemilu.org#17271,"TERITI, SUMAY, TEBO, JAMBI",2,56,196,252
https://kawalpemilu.org#17271,"TERITI, SUMAY, TEBO, JAMBI",3,45,163,208
https://kawalpemilu.org#17272,"SUO-SUO, SUMAY, TEBO, JAMBI",1,41,150,191
https://kawalpemilu.org#17272,"SUO-SUO, SUMAY, TEBO, JAMBI",2,33,148,181
https://kawalpemilu.org#17272,"SUO-SUO, SUMAY, TEBO, JAMBI",3,100,76,176
https://kawalpemilu.org#17272,"SUO-SUO, SUMAY, TEBO, JAMBI",4,68,76,144
https://kawalpemilu.org#17272,"SUO-SUO, SUMAY, TEBO, JAMBI",5,44,47,91
https://kawalpemilu.org#17272,"SUO-SUO, SUMAY, TEBO, JAMBI",6,56,124,16
https://kawalpemilu.org#17272,"SUO-SUO, SUMAY, TEBO, JAMBI",7,96,145,241
https://kawalpemilu.org#17272,"SUO-SUO, SUMAY, TEBO, JAMBI",8,60,41,101
https://kawalpemilu.org#17272,"SUO-SUO, SUMAY, TEBO, JAMBI",9,136,13,149
https://kawalpemilu.org#17273,"MUARA SEKALO, SUMAY, TEBO, JAMBI",1,86,108,194
https://kawalpemilu.org#17273,"MUARA SEKALO, SUMAY, TEBO, JAMBI",2,82,71,153
https://kawalpemilu.org#17273,"MUARA SEKALO, SUMAY, TEBO, JAMBI",3,85,84,169
https://kawalpemilu.org#17274,"SEMAMBU, SUMAY, TEBO, JAMBI",1,83,137,220
https://kawalpemilu.org#17274,"SEMAMBU, SUMAY, TEBO, JAMBI",2,77,75,152
https://kawalpemilu.org#17274,"SEMAMBU, SUMAY, TEBO, JAMBI",3,91,102,193
https://kawalpemilu.org#17274,"SEMAMBU, SUMAY, TEBO, JAMBI",4,126,60,186
https://kawalpemilu.org#17275,"PEMAYUNGAN, SUMAY, TEBO, JAMBI",1,155,86,241
https://kawalpemilu.org#17275,"PEMAYUNGAN, SUMAY, TEBO, JAMBI",2,233,6,239
https://kawalpemilu.org#17275,"PEMAYUNGAN, SUMAY, TEBO, JAMBI",3,201,12,213
https://kawalpemilu.org#17275,"PEMAYUNGAN, SUMAY, TEBO, JAMBI",4,121,3,124
https://kawalpemilu.org#17277,"PUCUK JAMBI, VII KOTO, TEBO, JAMBI",1,53,81,134
https://kawalpemilu.org#17277,"PUCUK JAMBI, VII KOTO, TEBO, JAMBI",2,44,61,105
https://kawalpemilu.org#17277,"PUCUK JAMBI, VII KOTO, TEBO, JAMBI",3,92,120,212
https://kawalpemilu.org#17277,"PUCUK JAMBI, VII KOTO, TEBO, JAMBI",4,95,119,214
https://kawalpemilu.org#17277,"PUCUK JAMBI, VII KOTO, TEBO, JAMBI",6,78,178,256
https://kawalpemilu.org#17277,"PUCUK JAMBI, VII KOTO, TEBO, JAMBI",7,105,87,192
https://kawalpemilu.org#17277,"PUCUK JAMBI, VII KOTO, TEBO, JAMBI",8,113,101,214
https://kawalpemilu.org#17277,"PUCUK JAMBI, VII KOTO, TEBO, JAMBI",9,89,55,144
https://kawalpemilu.org#17278,"KUAMANG, VII KOTO, TEBO, JAMBI",1,93,147,240
https://kawalpemilu.org#17278,"KUAMANG, VII KOTO, TEBO, JAMBI",2,56,184,240
https://kawalpemilu.org#17278,"KUAMANG, VII KOTO, TEBO, JAMBI",3,67,177,244
https://kawalpemilu.org#17278,"KUAMANG, VII KOTO, TEBO, JAMBI",4,49,197,246
https://kawalpemilu.org#17278,"KUAMANG, VII KOTO, TEBO, JAMBI",5,59,189,248
https://kawalpemilu.org#17279,"TELUK KAYU PUTIH, VII KOTO, TEBO, JAMBI",1,49,128,177
https://kawalpemilu.org#17279,"TELUK KAYU PUTIH, VII KOTO, TEBO, JAMBI",2,22,88,110
https://kawalpemilu.org#17279,"TELUK KAYU PUTIH, VII KOTO, TEBO, JAMBI",3,82,126,208
https://kawalpemilu.org#17279,"TELUK KAYU PUTIH, VII KOTO, TEBO, JAMBI",4,51,188,239
https://kawalpemilu.org#17279,"TELUK KAYU PUTIH, VII KOTO, TEBO, JAMBI",5,48,151,199
https://kawalpemilu.org#17279,"TELUK KAYU PUTIH, VII KOTO, TEBO, JAMBI",6,38,153,191
https://kawalpemilu.org#17279,"TELUK KAYU PUTIH, VII KOTO, TEBO, JAMBI",7,38,193,231
https://kawalpemilu.org#17279,"TELUK KAYU PUTIH, VII KOTO, TEBO, JAMBI",8,15,96,111
https://kawalpemilu.org#17279,"TELUK KAYU PUTIH, VII KOTO, TEBO, JAMBI",9,87,126,213
https://kawalpemilu.org#17279,"TELUK KAYU PUTIH, VII KOTO, TEBO, JAMBI",10,36,65,101
https://kawalpemilu.org#17279,"TELUK KAYU PUTIH, VII KOTO, TEBO, JAMBI",11,62,106,168
https://kawalpemilu.org#17279,"TELUK KAYU PUTIH, VII KOTO, TEBO, JAMBI",12,57,114,171
https://kawalpemilu.org#17279,"TELUK KAYU PUTIH, VII KOTO, TEBO, JAMBI",13,107,35,142
https://kawalpemilu.org#17279,"TELUK KAYU PUTIH, VII KOTO, TEBO, JAMBI",14,88,70,158
https://kawalpemilu.org#17279,"TELUK KAYU PUTIH, VII KOTO, TEBO, JAMBI",15,116,65,181
https://kawalpemilu.org#17280,"SUNGAI ABANG, VII KOTO, TEBO, JAMBI",1,25,146,171
https://kawalpemilu.org#17280,"SUNGAI ABANG, VII KOTO, TEBO, JAMBI",2,23,109,132
https://kawalpemilu.org#17280,"SUNGAI ABANG, VII KOTO, TEBO, JAMBI",3,40,77,117
https://kawalpemilu.org#17280,"SUNGAI ABANG, VII KOTO, TEBO, JAMBI",4,42,112,154
https://kawalpemilu.org#17280,"SUNGAI ABANG, VII KOTO, TEBO, JAMBI",5,49,141,195
https://kawalpemilu.org#17280,"SUNGAI ABANG, VII KOTO, TEBO, JAMBI",6,59,112,171
https://kawalpemilu.org#17280,"SUNGAI ABANG, VII KOTO, TEBO, JAMBI",7,69,49,118
https://kawalpemilu.org#17280,"SUNGAI ABANG, VII KOTO, TEBO, JAMBI",8,58,32,90
https://kawalpemilu.org#17280,"SUNGAI ABANG, VII KOTO, TEBO, JAMBI",9,198,22,220
https://kawalpemilu.org#17280,"SUNGAI ABANG, VII KOTO, TEBO, JAMBI",10,190,13,203
https://kawalpemilu.org#17281,"AUR CINO, VII KOTO, TEBO, JAMBI",1,33,154,187
https://kawalpemilu.org#17281,"AUR CINO, VII KOTO, TEBO, JAMBI",2,21,62,83
https://kawalpemilu.org#17281,"AUR CINO, VII KOTO, TEBO, JAMBI",3,44,119,163
https://kawalpemilu.org#17281,"AUR CINO, VII KOTO, TEBO, JAMBI",4,36,133,169
https://kawalpemilu.org#17281,"AUR CINO, VII KOTO, TEBO, JAMBI",5,22,150,172
https://kawalpemilu.org#17281,"AUR CINO, VII KOTO, TEBO, JAMBI",6,23,105,128
https://kawalpemilu.org#17281,"AUR CINO, VII KOTO, TEBO, JAMBI",7,46,124,170
https://kawalpemilu.org#17281,"AUR CINO, VII KOTO, TEBO, JAMBI",8,63,26,89
https://kawalpemilu.org#17281,"AUR CINO, VII KOTO, TEBO, JAMBI",9,167,30,197
https://kawalpemilu.org#17282,"DUSUN BARU, VII KOTO, TEBO, JAMBI",1,45,168,213
https://kawalpemilu.org#17282,"DUSUN BARU, VII KOTO, TEBO, JAMBI",2,41,135,176
https://kawalpemilu.org#17282,"DUSUN BARU, VII KOTO, TEBO, JAMBI",3,71,147,218
https://kawalpemilu.org#17283,"MUARA NIRO, VII KOTO, TEBO, JAMBI",1,21,169,190
https://kawalpemilu.org#17283,"MUARA NIRO, VII KOTO, TEBO, JAMBI",2,18,125,143
https://kawalpemilu.org#17284,"TABUN, VII KOTO, TEBO, JAMBI",1,47,173,225
https://kawalpemilu.org#17284,"TABUN, VII KOTO, TEBO, JAMBI",2,17,144,161
https://kawalpemilu.org#17284,"TABUN, VII KOTO, TEBO, JAMBI",3,10,112,122
https://kawalpemilu.org#17284,"TABUN, VII KOTO, TEBO, JAMBI",4,24,159,183
https://kawalpemilu.org#17284,"TABUN, VII KOTO, TEBO, JAMBI",5,47,4,51
https://kawalpemilu.org#17285,"MUARA TABUN, VII KOTO, TEBO, JAMBI",1,50,160,210
https://kawalpemilu.org#17285,"MUARA TABUN, VII KOTO, TEBO, JAMBI",2,69,136,205
https://kawalpemilu.org#17286,"TELUK LANCANG, VII KOTO, TEBO, JAMBI",1,56,124,180
https://kawalpemilu.org#17286,"TELUK LANCANG, VII KOTO, TEBO, JAMBI",2,33,138,171
https://kawalpemilu.org#17286,"TELUK LANCANG, VII KOTO, TEBO, JAMBI",3,56,124,180
https://kawalpemilu.org#17286,"TELUK LANCANG, VII KOTO, TEBO, JAMBI",4,80,112,192
https://kawalpemilu.org#17288,"SUKA DAMAI, RIMBO ULU, TEBO, JAMBI",1,93,104,197
https://kawalpemilu.org#17288,"SUKA DAMAI, RIMBO ULU, TEBO, JAMBI",2,169,32,201
https://kawalpemilu.org#17288,"SUKA DAMAI, RIMBO ULU, TEBO, JAMBI",3,123,82,205
https://kawalpemilu.org#17288,"SUKA DAMAI, RIMBO ULU, TEBO, JAMBI",4,87,115,202
https://kawalpemilu.org#17288,"SUKA DAMAI, RIMBO ULU, TEBO, JAMBI",5,156,42,198
https://kawalpemilu.org#17288,"SUKA DAMAI, RIMBO ULU, TEBO, JAMBI",6,162,67,229
https://kawalpemilu.org#17288,"SUKA DAMAI, RIMBO ULU, TEBO, JAMBI",7,117,89,206
https://kawalpemilu.org#17288,"SUKA DAMAI, RIMBO ULU, TEBO, JAMBI",8,93,105,198
https://kawalpemilu.org#17288,"SUKA DAMAI, RIMBO ULU, TEBO, JAMBI",9,113,58,171
https://kawalpemilu.org#17288,"SUKA DAMAI, RIMBO ULU, TEBO, JAMBI",10,47,90,137
https://kawalpemilu.org#17288,"SUKA DAMAI, RIMBO ULU, TEBO, JAMBI",11,100,102,202
https://kawalpemilu.org#17288,"SUKA DAMAI, RIMBO ULU, TEBO, JAMBI",12,87,73,160
https://kawalpemilu.org#17288,"SUKA DAMAI, RIMBO ULU, TEBO, JAMBI",13,71,159,230
https://kawalpemilu.org#17288,"SUKA DAMAI, RIMBO ULU, TEBO, JAMBI",14,113,129,242
https://kawalpemilu.org#17288,"SUKA DAMAI, RIMBO ULU, TEBO, JAMBI",15,122,127,249
https://kawalpemilu.org#17288,"SUKA DAMAI, RIMBO ULU, TEBO, JAMBI",16,131,109,240
https://kawalpemilu.org#17288,"SUKA DAMAI, RIMBO ULU, TEBO, JAMBI",17,79,139,218
https://kawalpemilu.org#17288,"SUKA DAMAI, RIMBO ULU, TEBO, JAMBI",18,90,79,169
https://kawalpemilu.org#17288,"SUKA DAMAI, RIMBO ULU, TEBO, JAMBI",19,96,46,142
https://kawalpemilu.org#17288,"SUKA DAMAI, RIMBO ULU, TEBO, JAMBI",20,155,94,249
https://kawalpemilu.org#17288,"SUKA DAMAI, RIMBO ULU, TEBO, JAMBI",21,162,88,250
https://kawalpemilu.org#17288,"SUKA DAMAI, RIMBO ULU, TEBO, JAMBI",22,135,93,228
https://kawalpemilu.org#17288,"SUKA DAMAI, RIMBO ULU, TEBO, JAMBI",23,110,54,164
https://kawalpemilu.org#17288,"SUKA DAMAI, RIMBO ULU, TEBO, JAMBI",24,167,72,239
https://kawalpemilu.org#17289,"WANAREJA, RIMBO ULU, TEBO, JAMBI",1,131,103,234
https://kawalpemilu.org#17289,"WANAREJA, RIMBO ULU, TEBO, JAMBI",2,121,105,226
https://kawalpemilu.org#17289,"WANAREJA, RIMBO ULU, TEBO, JAMBI",3,140,83,223
https://kawalpemilu.org#17289,"WANAREJA, RIMBO ULU, TEBO, JAMBI",4,78,95,173
https://kawalpemilu.org#17289,"WANAREJA, RIMBO ULU, TEBO, JAMBI",5,106,99,205
https://kawalpemilu.org#17289,"WANAREJA, RIMBO ULU, TEBO, JAMBI",6,116,122,238
https://kawalpemilu.org#17289,"WANAREJA, RIMBO ULU, TEBO, JAMBI",7,193,56,249
https://kawalpemilu.org#17289,"WANAREJA, RIMBO ULU, TEBO, JAMBI",8,156,101,257
https://kawalpemilu.org#17289,"WANAREJA, RIMBO ULU, TEBO, JAMBI",9,139,116,255
https://kawalpemilu.org#17289,"WANAREJA, RIMBO ULU, TEBO, JAMBI",10,141,132,273
https://kawalpemilu.org#17289,"WANAREJA, RIMBO ULU, TEBO, JAMBI",11,130,134,264
https://kawalpemilu.org#17289,"WANAREJA, RIMBO ULU, TEBO, JAMBI",12,134,126,260
https://kawalpemilu.org#17289,"WANAREJA, RIMBO ULU, TEBO, JAMBI",13,136,113,249
https://kawalpemilu.org#17289,"WANAREJA, RIMBO ULU, TEBO, JAMBI",14,82,85,167
https://kawalpemilu.org#17289,"WANAREJA, RIMBO ULU, TEBO, JAMBI",15,107,128,235
https://kawalpemilu.org#17289,"WANAREJA, RIMBO ULU, TEBO, JAMBI",16,101,104,205
https://kawalpemilu.org#17289,"WANAREJA, RIMBO ULU, TEBO, JAMBI",17,88,84,172
https://kawalpemilu.org#17289,"WANAREJA, RIMBO ULU, TEBO, JAMBI",18,93,138,231
https://kawalpemilu.org#17289,"WANAREJA, RIMBO ULU, TEBO, JAMBI",19,100,84,184
https://kawalpemilu.org#17289,"WANAREJA, RIMBO ULU, TEBO, JAMBI",20,126,85,211
https://kawalpemilu.org#17289,"WANAREJA, RIMBO ULU, TEBO, JAMBI",21,117,49,166
https://kawalpemilu.org#17289,"WANAREJA, RIMBO ULU, TEBO, JAMBI",22,92,58,150
https://kawalpemilu.org#17289,"WANAREJA, RIMBO ULU, TEBO, JAMBI",23,139,69,208
https://kawalpemilu.org#17289,"WANAREJA, RIMBO ULU, TEBO, JAMBI",24,98,52,150
https://kawalpemilu.org#17289,"WANAREJA, RIMBO ULU, TEBO, JAMBI",25,151,42,193
https://kawalpemilu.org#17289,"WANAREJA, RIMBO ULU, TEBO, JAMBI",26,149,70,219
https://kawalpemilu.org#17290,"SUMBER SARI, RIMBO ULU, TEBO, JAMBI",1,122,83,205
https://kawalpemilu.org#17290,"SUMBER SARI, RIMBO ULU, TEBO, JAMBI",2,122,22,144
https://kawalpemilu.org#17290,"SUMBER SARI, RIMBO ULU, TEBO, JAMBI",3,135,72,207
https://kawalpemilu.org#17290,"SUMBER SARI, RIMBO ULU, TEBO, JAMBI",4,99,42,141
https://kawalpemilu.org#17290,"SUMBER SARI, RIMBO ULU, TEBO, JAMBI",5,114,45,159
https://kawalpemilu.org#17290,"SUMBER SARI, RIMBO ULU, TEBO, JAMBI",6,151,34,185
https://kawalpemilu.org#17290,"SUMBER SARI, RIMBO ULU, TEBO, JAMBI",7,107,41,148
https://kawalpemilu.org#17290,"SUMBER SARI, RIMBO ULU, TEBO, JAMBI",8,133,18,151
https://kawalpemilu.org#17290,"SUMBER SARI, RIMBO ULU, TEBO, JAMBI",9,147,50,197
https://kawalpemilu.org#17290,"SUMBER SARI, RIMBO ULU, TEBO, JAMBI",10,147,89,236
https://kawalpemilu.org#17290,"SUMBER SARI, RIMBO ULU, TEBO, JAMBI",11,102,72,174
https://kawalpemilu.org#17290,"SUMBER SARI, RIMBO ULU, TEBO, JAMBI",12,121,74,195
https://kawalpemilu.org#17290,"SUMBER SARI, RIMBO ULU, TEBO, JAMBI",13,170,44,214
https://kawalpemilu.org#17290,"SUMBER SARI, RIMBO ULU, TEBO, JAMBI",14,79,27,106
https://kawalpemilu.org#17290,"SUMBER SARI, RIMBO ULU, TEBO, JAMBI",15,74,81,155
https://kawalpemilu.org#17290,"SUMBER SARI, RIMBO ULU, TEBO, JAMBI",16,160,66,226
https://kawalpemilu.org#17290,"SUMBER SARI, RIMBO ULU, TEBO, JAMBI",17,67,104,171
https://kawalpemilu.org#17290,"SUMBER SARI, RIMBO ULU, TEBO, JAMBI",18,88,118,206
https://kawalpemilu.org#17290,"SUMBER SARI, RIMBO ULU, TEBO, JAMBI",19,154,61,215
https://kawalpemilu.org#17290,"SUMBER SARI, RIMBO ULU, TEBO, JAMBI",20,95,90,185
https://kawalpemilu.org#17290,"SUMBER SARI, RIMBO ULU, TEBO, JAMBI",21,134,108,242
https://kawalpemilu.org#17290,"SUMBER SARI, RIMBO ULU, TEBO, JAMBI",22,141,77,218
https://kawalpemilu.org#17290,"SUMBER SARI, RIMBO ULU, TEBO, JAMBI",23,169,49,218
https://kawalpemilu.org#17290,"SUMBER SARI, RIMBO ULU, TEBO, JAMBI",24,167,70,237
https://kawalpemilu.org#17291,"SIDO RUKUN, RIMBO ULU, TEBO, JAMBI",1,106,119,225
https://kawalpemilu.org#17291,"SIDO RUKUN, RIMBO ULU, TEBO, JAMBI",2,99,106,205
https://kawalpemilu.org#17291,"SIDO RUKUN, RIMBO ULU, TEBO, JAMBI",3,151,92,243
https://kawalpemilu.org#17291,"SIDO RUKUN, RIMBO ULU, TEBO, JAMBI",4,150,48,198
https://kawalpemilu.org#17291,"SIDO RUKUN, RIMBO ULU, TEBO, JAMBI",5,124,102,226
https://kawalpemilu.org#17291,"SIDO RUKUN, RIMBO ULU, TEBO, JAMBI",6,146,103,249
https://kawalpemilu.org#17291,"SIDO RUKUN, RIMBO ULU, TEBO, JAMBI",7,80,62,142
https://kawalpemilu.org#17291,"SIDO RUKUN, RIMBO ULU, TEBO, JAMBI",8,179,67,246
https://kawalpemilu.org#17291,"SIDO RUKUN, RIMBO ULU, TEBO, JAMBI",9,146,38,184
https://kawalpemilu.org#17291,"SIDO RUKUN, RIMBO ULU, TEBO, JAMBI",10,111,47,158
https://kawalpemilu.org#17291,"SIDO RUKUN, RIMBO ULU, TEBO, JAMBI",11,104,89,193
https://kawalpemilu.org#17291,"SIDO RUKUN, RIMBO ULU, TEBO, JAMBI",12,112,26,138
https://kawalpemilu.org#17291,"SIDO RUKUN, RIMBO ULU, TEBO, JAMBI",13,94,81,175
https://kawalpemilu.org#17291,"SIDO RUKUN, RIMBO ULU, TEBO, JAMBI",14,145,111,256
https://kawalpemilu.org#17291,"SIDO RUKUN, RIMBO ULU, TEBO, JAMBI",15,198,38,236
https://kawalpemilu.org#17291,"SIDO RUKUN, RIMBO ULU, TEBO, JAMBI",16,125,27,152
https://kawalpemilu.org#17291,"SIDO RUKUN, RIMBO ULU, TEBO, JAMBI",17,157,44,201
https://kawalpemilu.org#17291,"SIDO RUKUN, RIMBO ULU, TEBO, JAMBI",18,147,78,225
https://kawalpemilu.org#17291,"SIDO RUKUN, RIMBO ULU, TEBO, JAMBI",19,116,33,149
https://kawalpemilu.org#17292,"SUNGAI PANDAN, RIMBO ULU, TEBO, JAMBI",1,43,158,201
https://kawalpemilu.org#17292,"SUNGAI PANDAN, RIMBO ULU, TEBO, JAMBI",2,110,123,233
https://kawalpemilu.org#17292,"SUNGAI PANDAN, RIMBO ULU, TEBO, JAMBI",3,81,137,218
https://kawalpemilu.org#17292,"SUNGAI PANDAN, RIMBO ULU, TEBO, JAMBI",4,40,114,154
https://kawalpemilu.org#17293,"SUKA MAJU, RIMBO ULU, TEBO, JAMBI",1,114,46,160
https://kawalpemilu.org#17293,"SUKA MAJU, RIMBO ULU, TEBO, JAMBI",2,93,39,132
https://kawalpemilu.org#17293,"SUKA MAJU, RIMBO ULU, TEBO, JAMBI",3,111,21,132
https://kawalpemilu.org#17293,"SUKA MAJU, RIMBO ULU, TEBO, JAMBI",5,119,36,155
https://kawalpemilu.org#17293,"SUKA MAJU, RIMBO ULU, TEBO, JAMBI",6,135,28,163
https://kawalpemilu.org#17293,"SUKA MAJU, RIMBO ULU, TEBO, JAMBI",7,172,47,219
https://kawalpemilu.org#17293,"SUKA MAJU, RIMBO ULU, TEBO, JAMBI",8,125,56,181
https://kawalpemilu.org#17293,"SUKA MAJU, RIMBO ULU, TEBO, JAMBI",9,135,40,175
https://kawalpemilu.org#17293,"SUKA MAJU, RIMBO ULU, TEBO, JAMBI",10,188,26,214
https://kawalpemilu.org#17293,"SUKA MAJU, RIMBO ULU, TEBO, JAMBI",11,209,27,236
https://kawalpemilu.org#17293,"SUKA MAJU, RIMBO ULU, TEBO, JAMBI",12,150,24,174
https://kawalpemilu.org#17293,"SUKA MAJU, RIMBO ULU, TEBO, JAMBI",13,131,107,238
https://kawalpemilu.org#17293,"SUKA MAJU, RIMBO ULU, TEBO, JAMBI",14,126,78,204
https://kawalpemilu.org#17293,"SUKA MAJU, RIMBO ULU, TEBO, JAMBI",15,102,68,170
https://kawalpemilu.org#17293,"SUKA MAJU, RIMBO ULU, TEBO, JAMBI",16,95,57,152
https://kawalpemilu.org#17293,"SUKA MAJU, RIMBO ULU, TEBO, JAMBI",17,118,63,181
https://kawalpemilu.org#17293,"SUKA MAJU, RIMBO ULU, TEBO, JAMBI",18,111,39,150
https://kawalpemilu.org#17293,"SUKA MAJU, RIMBO ULU, TEBO, JAMBI",19,137,122,259
https://kawalpemilu.org#17293,"SUKA MAJU, RIMBO ULU, TEBO, JAMBI",20,161,37,198
https://kawalpemilu.org#17293,"SUKA MAJU, RIMBO ULU, TEBO, JAMBI",21,172,66,238
https://kawalpemilu.org#17293,"SUKA MAJU, RIMBO ULU, TEBO, JAMBI",22,108,59,167
https://kawalpemilu.org#17295,"GIRIWINANGUN, RIMBO ILIR, TEBO, JAMBI",1,112,81,193
https://kawalpemilu.org#17295,"GIRIWINANGUN, RIMBO ILIR, TEBO, JAMBI",2,80,131,211
https://kawalpemilu.org#17295,"GIRIWINANGUN, RIMBO ILIR, TEBO, JAMBI",3,88,119,207
https://kawalpemilu.org#17295,"GIRIWINANGUN, RIMBO ILIR, TEBO, JAMBI",4,115,92,207
https://kawalpemilu.org#17295,"GIRIWINANGUN, RIMBO ILIR, TEBO, JAMBI",5,106,109,215
https://kawalpemilu.org#17295,"GIRIWINANGUN, RIMBO ILIR, TEBO, JAMBI",6,150,66,216
https://kawalpemilu.org#17295,"GIRIWINANGUN, RIMBO ILIR, TEBO, JAMBI",7,116,75,191
https://kawalpemilu.org#17295,"GIRIWINANGUN, RIMBO ILIR, TEBO, JAMBI",8,113,75,188
https://kawalpemilu.org#17295,"GIRIWINANGUN, RIMBO ILIR, TEBO, JAMBI",9,130,67,197
https://kawalpemilu.org#17295,"GIRIWINANGUN, RIMBO ILIR, TEBO, JAMBI",10,105,99,204
https://kawalpemilu.org#17295,"GIRIWINANGUN, RIMBO ILIR, TEBO, JAMBI",11,0,0,0
https://kawalpemilu.org#17295,"GIRIWINANGUN, RIMBO ILIR, TEBO, JAMBI",12,102,107,209
https://kawalpemilu.org#17295,"GIRIWINANGUN, RIMBO ILIR, TEBO, JAMBI",13,105,81,186
https://kawalpemilu.org#17295,"GIRIWINANGUN, RIMBO ILIR, TEBO, JAMBI",14,93,114,207
https://kawalpemilu.org#17295,"GIRIWINANGUN, RIMBO ILIR, TEBO, JAMBI",15,95,132,227
https://kawalpemilu.org#17295,"GIRIWINANGUN, RIMBO ILIR, TEBO, JAMBI",16,39,109,148
https://kawalpemilu.org#17295,"GIRIWINANGUN, RIMBO ILIR, TEBO, JAMBI",17,87,62,149
https://kawalpemilu.org#17296,"SIDOREJO, RIMBO ILIR, TEBO, JAMBI",1,97,86,183
https://kawalpemilu.org#17296,"SIDOREJO, RIMBO ILIR, TEBO, JAMBI",2,72,109,181
https://kawalpemilu.org#17296,"SIDOREJO, RIMBO ILIR, TEBO, JAMBI",3,57,90,147
https://kawalpemilu.org#17296,"SIDOREJO, RIMBO ILIR, TEBO, JAMBI",4,59,160,219
https://kawalpemilu.org#17296,"SIDOREJO, RIMBO ILIR, TEBO, JAMBI",5,76,70,146
https://kawalpemilu.org#17296,"SIDOREJO, RIMBO ILIR, TEBO, JAMBI",6,121,43,164
https://kawalpemilu.org#17296,"SIDOREJO, RIMBO ILIR, TEBO, JAMBI",7,76,87,163
https://kawalpemilu.org#17297,"PULUNG REJO, RIMBO ILIR, TEBO, JAMBI",1,52,141,193
https://kawalpemilu.org#17297,"PULUNG REJO, RIMBO ILIR, TEBO, JAMBI",3,48,98,146
https://kawalpemilu.org#17297,"PULUNG REJO, RIMBO ILIR, TEBO, JAMBI",4,76,77,153
https://kawalpemilu.org#17297,"PULUNG REJO, RIMBO ILIR, TEBO, JAMBI",5,122,83,205
https://kawalpemilu.org#17297,"PULUNG REJO, RIMBO ILIR, TEBO, JAMBI",6,44,128,172
https://kawalpemilu.org#17297,"PULUNG REJO, RIMBO ILIR, TEBO, JAMBI",7,35,103,138
https://kawalpemilu.org#17297,"PULUNG REJO, RIMBO ILIR, TEBO, JAMBI",8,81,104,185
https://kawalpemilu.org#17297,"PULUNG REJO, RIMBO ILIR, TEBO, JAMBI",9,99,99,198
https://kawalpemilu.org#17298,"KARANG DADI, RIMBO ILIR, TEBO, JAMBI",1,92,92,184
https://kawalpemilu.org#17298,"KARANG DADI, RIMBO ILIR, TEBO, JAMBI",2,88,88,176
https://kawalpemilu.org#17298,"KARANG DADI, RIMBO ILIR, TEBO, JAMBI",3,77,70,147
https://kawalpemilu.org#17298,"KARANG DADI, RIMBO ILIR, TEBO, JAMBI",4,102,85,187
https://kawalpemilu.org#17298,"KARANG DADI, RIMBO ILIR, TEBO, JAMBI",5,80,103,183
https://kawalpemilu.org#17298,"KARANG DADI, RIMBO ILIR, TEBO, JAMBI",6,130,67,197
https://kawalpemilu.org#17298,"KARANG DADI, RIMBO ILIR, TEBO, JAMBI",7,52,48,100
https://kawalpemilu.org#17298,"KARANG DADI, RIMBO ILIR, TEBO, JAMBI",8,49,89,138
https://kawalpemilu.org#17298,"KARANG DADI, RIMBO ILIR, TEBO, JAMBI",9,68,30,98
https://kawalpemilu.org#17298,"KARANG DADI, RIMBO ILIR, TEBO, JAMBI",10,44,130,174
https://kawalpemilu.org#17298,"KARANG DADI, RIMBO ILIR, TEBO, JAMBI",11,51,143,194
https://kawalpemilu.org#17299,"GIRI PURNO, RIMBO ILIR, TEBO, JAMBI",1,85,102,187
https://kawalpemilu.org#17299,"GIRI PURNO, RIMBO ILIR, TEBO, JAMBI",2,87,56,143
https://kawalpemilu.org#17299,"GIRI PURNO, RIMBO ILIR, TEBO, JAMBI",3,99,73,172
https://kawalpemilu.org#17299,"GIRI PURNO, RIMBO ILIR, TEBO, JAMBI",4,88,81,169
https://kawalpemilu.org#17299,"GIRI PURNO, RIMBO ILIR, TEBO, JAMBI",5,68,100,168
https://kawalpemilu.org#17299,"GIRI PURNO, RIMBO ILIR, TEBO, JAMBI",6,62,130,192
https://kawalpemilu.org#17299,"GIRI PURNO, RIMBO ILIR, TEBO, JAMBI",7,57,138,195
https://kawalpemilu.org#17299,"GIRI PURNO, RIMBO ILIR, TEBO, JAMBI",8,71,121,192
https://kawalpemilu.org#17299,"GIRI PURNO, RIMBO ILIR, TEBO, JAMBI",9,66,87,153
https://kawalpemilu.org#17300,"SUMBER AGUNG, RIMBO ILIR, TEBO, JAMBI",1,53,170,223
https://kawalpemilu.org#17300,"SUMBER AGUNG, RIMBO ILIR, TEBO, JAMBI",2,111,103,214
https://kawalpemilu.org#17300,"SUMBER AGUNG, RIMBO ILIR, TEBO, JAMBI",3,98,120,218
https://kawalpemilu.org#17300,"SUMBER AGUNG, RIMBO ILIR, TEBO, JAMBI",4,90,120,210
https://kawalpemilu.org#17300,"SUMBER AGUNG, RIMBO ILIR, TEBO, JAMBI",5,111,99,210
https://kawalpemilu.org#17300,"SUMBER AGUNG, RIMBO ILIR, TEBO, JAMBI",6,79,140,219
https://kawalpemilu.org#17300,"SUMBER AGUNG, RIMBO ILIR, TEBO, JAMBI",7,125,97,222
https://kawalpemilu.org#17300,"SUMBER AGUNG, RIMBO ILIR, TEBO, JAMBI",8,41,172,213
https://kawalpemilu.org#17301,"SARIMULYA, RIMBO ILIR, TEBO, JAMBI",1,152,71,223
https://kawalpemilu.org#17301,"SARIMULYA, RIMBO ILIR, TEBO, JAMBI",2,105,112,217
https://kawalpemilu.org#17301,"SARIMULYA, RIMBO ILIR, TEBO, JAMBI",3,152,75,227
https://kawalpemilu.org#17301,"SARIMULYA, RIMBO ILIR, TEBO, JAMBI",4,102,97,199
https://kawalpemilu.org#17301,"SARIMULYA, RIMBO ILIR, TEBO, JAMBI",5,110,109,219
https://kawalpemilu.org#17301,"SARIMULYA, RIMBO ILIR, TEBO, JAMBI",6,134,67,201
https://kawalpemilu.org#17301,"SARIMULYA, RIMBO ILIR, TEBO, JAMBI",8,114,69,183
https://kawalpemilu.org#17301,"SARIMULYA, RIMBO ILIR, TEBO, JAMBI",9,138,59,197
https://kawalpemilu.org#17301,"SARIMULYA, RIMBO ILIR, TEBO, JAMBI",10,29,155,184
https://kawalpemilu.org#17301,"SARIMULYA, RIMBO ILIR, TEBO, JAMBI",11,26,229,255
https://kawalpemilu.org#17302,"SEPAKAT BERSATU, RIMBO ILIR, TEBO, JAMBI",1,131,28,159
https://kawalpemilu.org#17302,"SEPAKAT BERSATU, RIMBO ILIR, TEBO, JAMBI",2,121,25,146
https://kawalpemilu.org#17302,"SEPAKAT BERSATU, RIMBO ILIR, TEBO, JAMBI",3,71,40,111
https://kawalpemilu.org#17302,"SEPAKAT BERSATU, RIMBO ILIR, TEBO, JAMBI",4,100,26,126
https://kawalpemilu.org#17302,"SEPAKAT BERSATU, RIMBO ILIR, TEBO, JAMBI",5,119,53,172
https://kawalpemilu.org#17303,"RANTAU KEMBANG, RIMBO ILIR, TEBO, JAMBI",1,78,91,169
https://kawalpemilu.org#17303,"RANTAU KEMBANG, RIMBO ILIR, TEBO, JAMBI",2,142,56,198
https://kawalpemilu.org#17303,"RANTAU KEMBANG, RIMBO ILIR, TEBO, JAMBI",3,108,67,175
https://kawalpemilu.org#17303,"RANTAU KEMBANG, RIMBO ILIR, TEBO, JAMBI",5,97,56,153
https://kawalpemilu.org#17305,"MUARA KILIS, TENGAH ILIR, TEBO, JAMBI",1,55,162,217
https://kawalpemilu.org#17305,"MUARA KILIS, TENGAH ILIR, TEBO, JAMBI",2,58,110,168
https://kawalpemilu.org#17305,"MUARA KILIS, TENGAH ILIR, TEBO, JAMBI",3,84,128,212
https://kawalpemilu.org#17305,"MUARA KILIS, TENGAH ILIR, TEBO, JAMBI",4,86,82,168
https://kawalpemilu.org#17305,"MUARA KILIS, TENGAH ILIR, TEBO, JAMBI",5,54,128,182
https://kawalpemilu.org#17305,"MUARA KILIS, TENGAH ILIR, TEBO, JAMBI",6,46,150,196
https://kawalpemilu.org#17305,"MUARA KILIS, TENGAH ILIR, TEBO, JAMBI",7,120,103,223
https://kawalpemilu.org#17305,"MUARA KILIS, TENGAH ILIR, TEBO, JAMBI",8,163,83,201
https://kawalpemilu.org#17305,"MUARA KILIS, TENGAH ILIR, TEBO, JAMBI",9,225,23,248
https://kawalpemilu.org#17305,"MUARA KILIS, TENGAH ILIR, TEBO, JAMBI",10,168,9,177
https://kawalpemilu.org#17305,"MUARA KILIS, TENGAH ILIR, TEBO, JAMBI",12,110,20,130
https://kawalpemilu.org#17305,"MUARA KILIS, TENGAH ILIR, TEBO, JAMBI",13,141,4,145
https://kawalpemilu.org#17305,"MUARA KILIS, TENGAH ILIR, TEBO, JAMBI",14,65,2,67
https://kawalpemilu.org#17305,"MUARA KILIS, TENGAH ILIR, TEBO, JAMBI",15,112,6,118
https://kawalpemilu.org#17305,"MUARA KILIS, TENGAH ILIR, TEBO, JAMBI",16,120,6,126
https://kawalpemilu.org#17306,"PENAPALAN, TENGAH ILIR, TEBO, JAMBI",1,100,158,258
https://kawalpemilu.org#17306,"PENAPALAN, TENGAH ILIR, TEBO, JAMBI",2,115,101,216
https://kawalpemilu.org#17306,"PENAPALAN, TENGAH ILIR, TEBO, JAMBI",3,72,116,188
https://kawalpemilu.org#17306,"PENAPALAN, TENGAH ILIR, TEBO, JAMBI",4,84,92,176
https://kawalpemilu.org#17306,"PENAPALAN, TENGAH ILIR, TEBO, JAMBI",5,128,68,196
https://kawalpemilu.org#17306,"PENAPALAN, TENGAH ILIR, TEBO, JAMBI",6,64,17,81
https://kawalpemilu.org#17306,"PENAPALAN, TENGAH ILIR, TEBO, JAMBI",7,77,41,118
https://kawalpemilu.org#17306,"PENAPALAN, TENGAH ILIR, TEBO, JAMBI",8,92,64,156
https://kawalpemilu.org#17307,"MENGUPEH, TENGAH ILIR, TEBO, JAMBI",1,18,161,179
https://kawalpemilu.org#17307,"MENGUPEH, TENGAH ILIR, TEBO, JAMBI",2,49,175,224
https://kawalpemilu.org#17307,"MENGUPEH, TENGAH ILIR, TEBO, JAMBI",3,81,143,224
https://kawalpemilu.org#17307,"MENGUPEH, TENGAH ILIR, TEBO, JAMBI",4,44,172,216
https://kawalpemilu.org#17307,"MENGUPEH, TENGAH ILIR, TEBO, JAMBI",5,0,0,0
https://kawalpemilu.org#17307,"MENGUPEH, TENGAH ILIR, TEBO, JAMBI",6,106,105,211
https://kawalpemilu.org#17307,"MENGUPEH, TENGAH ILIR, TEBO, JAMBI",7,117,44,161
https://kawalpemilu.org#17307,"MENGUPEH, TENGAH ILIR, TEBO, JAMBI",8,97,55,152
https://kawalpemilu.org#17307,"MENGUPEH, TENGAH ILIR, TEBO, JAMBI",9,64,64,128
https://kawalpemilu.org#17307,"MENGUPEH, TENGAH ILIR, TEBO, JAMBI",10,89,80,169
https://kawalpemilu.org#17307,"MENGUPEH, TENGAH ILIR, TEBO, JAMBI",11,101,50,151
https://kawalpemilu.org#17307,"MENGUPEH, TENGAH ILIR, TEBO, JAMBI",12,135,13,148
https://kawalpemilu.org#17308,"RANTAU API, TENGAH ILIR, TEBO, JAMBI",1,78,147,225
https://kawalpemilu.org#17308,"RANTAU API, TENGAH ILIR, TEBO, JAMBI",2,74,176,250
https://kawalpemilu.org#17308,"RANTAU API, TENGAH ILIR, TEBO, JAMBI",3,33,76,109
https://kawalpemilu.org#17308,"RANTAU API, TENGAH ILIR, TEBO, JAMBI",4,47,134,181
https://kawalpemilu.org#17308,"RANTAU API, TENGAH ILIR, TEBO, JAMBI",5,85,74,159
https://kawalpemilu.org#17308,"RANTAU API, TENGAH ILIR, TEBO, JAMBI",6,88,79,167
https://kawalpemilu.org#17308,"RANTAU API, TENGAH ILIR, TEBO, JAMBI",7,115,58,173
https://kawalpemilu.org#17308,"RANTAU API, TENGAH ILIR, TEBO, JAMBI",8,96,50,146
https://kawalpemilu.org#17308,"RANTAU API, TENGAH ILIR, TEBO, JAMBI",9,93,27,120
https://kawalpemilu.org#17308,"RANTAU API, TENGAH ILIR, TEBO, JAMBI",10,33,20,53
https://kawalpemilu.org#17309,"LUBUK MANDARSAH, TENGAH ILIR, TEBO, JAMBI",1,234,42,276
https://kawalpemilu.org#17309,"LUBUK MANDARSAH, TENGAH ILIR, TEBO, JAMBI",2,153,123,276
https://kawalpemilu.org#17309,"LUBUK MANDARSAH, TENGAH ILIR, TEBO, JAMBI",3,0,0,0
https://kawalpemilu.org#17309,"LUBUK MANDARSAH, TENGAH ILIR, TEBO, JAMBI",4,92,123,215
https://kawalpemilu.org#17309,"LUBUK MANDARSAH, TENGAH ILIR, TEBO, JAMBI",5,133,95,228
https://kawalpemilu.org#17309,"LUBUK MANDARSAH, TENGAH ILIR, TEBO, JAMBI",6,154,38,192
https://kawalpemilu.org#17309,"LUBUK MANDARSAH, TENGAH ILIR, TEBO, JAMBI",7,178,30,208
https://kawalpemilu.org#17309,"LUBUK MANDARSAH, TENGAH ILIR, TEBO, JAMBI",8,153,18,171
https://kawalpemilu.org#17309,"LUBUK MANDARSAH, TENGAH ILIR, TEBO, JAMBI",9,167,47,214
https://kawalpemilu.org#17309,"LUBUK MANDARSAH, TENGAH ILIR, TEBO, JAMBI",10,195,35,230
https://kawalpemilu.org#17309,"LUBUK MANDARSAH, TENGAH ILIR, TEBO, JAMBI",11,136,16,152
https://kawalpemilu.org#17309,"LUBUK MANDARSAH, TENGAH ILIR, TEBO, JAMBI",12,144,32,176
https://kawalpemilu.org#17309,"LUBUK MANDARSAH, TENGAH ILIR, TEBO, JAMBI",13,48,6,90
https://kawalpemilu.org#17309,"LUBUK MANDARSAH, TENGAH ILIR, TEBO, JAMBI",14,149,5,154
https://kawalpemilu.org#17309,"LUBUK MANDARSAH, TENGAH ILIR, TEBO, JAMBI",15,161,17,178
https://kawalpemilu.org#17309,"LUBUK MANDARSAH, TENGAH ILIR, TEBO, JAMBI",16,168,25,193
https://kawalpemilu.org#17309,"LUBUK MANDARSAH, TENGAH ILIR, TEBO, JAMBI",17,178,32,210
https://kawalpemilu.org#17309,"LUBUK MANDARSAH, TENGAH ILIR, TEBO, JAMBI",18,161,31,192
https://kawalpemilu.org#17309,"LUBUK MANDARSAH, TENGAH ILIR, TEBO, JAMBI",19,184,12,196
https://kawalpemilu.org#17309,"LUBUK MANDARSAH, TENGAH ILIR, TEBO, JAMBI",20,187,26,213
https://kawalpemilu.org#17309,"LUBUK MANDARSAH, TENGAH ILIR, TEBO, JAMBI",21,222,34,256
https://kawalpemilu.org#17309,"LUBUK MANDARSAH, TENGAH ILIR, TEBO, JAMBI",22,133,108,241
https://kawalpemilu.org#17309,"LUBUK MANDARSAH, TENGAH ILIR, TEBO, JAMBI",24,215,25,240
https://kawalpemilu.org#17309,"LUBUK MANDARSAH, TENGAH ILIR, TEBO, JAMBI",25,131,23,154
https://kawalpemilu.org#17309,"LUBUK MANDARSAH, TENGAH ILIR, TEBO, JAMBI",26,157,21,178
https://kawalpemilu.org#17309,"LUBUK MANDARSAH, TENGAH ILIR, TEBO, JAMBI",27,134,15,149
https://kawalpemilu.org#17309,"LUBUK MANDARSAH, TENGAH ILIR, TEBO, JAMBI",28,145,7,152
https://kawalpemilu.org#17309,"LUBUK MANDARSAH, TENGAH ILIR, TEBO, JAMBI",29,186,14,200
https://kawalpemilu.org#17309,"LUBUK MANDARSAH, TENGAH ILIR, TEBO, JAMBI",30,171,12,183
https://kawalpemilu.org#17309,"LUBUK MANDARSAH, TENGAH ILIR, TEBO, JAMBI",31,168,12,180
https://kawalpemilu.org#17309,"LUBUK MANDARSAH, TENGAH ILIR, TEBO, JAMBI",32,133,5,138
https://kawalpemilu.org#17311,"PINANG BELAI, SERAI SERUMPUN, TEBO, JAMBI",1,145,48,193
https://kawalpemilu.org#17311,"PINANG BELAI, SERAI SERUMPUN, TEBO, JAMBI",2,164,48,212
https://kawalpemilu.org#17311,"PINANG BELAI, SERAI SERUMPUN, TEBO, JAMBI",3,111,46,157
https://kawalpemilu.org#17311,"PINANG BELAI, SERAI SERUMPUN, TEBO, JAMBI",4,114,39,153
https://kawalpemilu.org#17311,"PINANG BELAI, SERAI SERUMPUN, TEBO, JAMBI",5,49,46,95
https://kawalpemilu.org#17312,"SEKUTUR JAYA, SERAI SERUMPUN, TEBO, JAMBI",1,159,78,237
https://kawalpemilu.org#17312,"SEKUTUR JAYA, SERAI SERUMPUN, TEBO, JAMBI",2,122,112,234
https://kawalpemilu.org#17312,"SEKUTUR JAYA, SERAI SERUMPUN, TEBO, JAMBI",3,31,17,48
https://kawalpemilu.org#17313,"BUKIT PEMUATAN, SERAI SERUMPUN, TEBO, JAMBI",1,148,69,217
https://kawalpemilu.org#17313,"BUKIT PEMUATAN, SERAI SERUMPUN, TEBO, JAMBI",2,106,118,224
https://kawalpemilu.org#17313,"BUKIT PEMUATAN, SERAI SERUMPUN, TEBO, JAMBI",3,6,22,28
https://kawalpemilu.org#17313,"BUKIT PEMUATAN, SERAI SERUMPUN, TEBO, JAMBI",4,91,122,213
https://kawalpemilu.org#17314,"NAPAL PUTIH, SERAI SERUMPUN, TEBO, JAMBI",1,94,43,137
https://kawalpemilu.org#17314,"NAPAL PUTIH, SERAI SERUMPUN, TEBO, JAMBI",2,104,25,129
https://kawalpemilu.org#17314,"NAPAL PUTIH, SERAI SERUMPUN, TEBO, JAMBI",3,95,14,109
https://kawalpemilu.org#17314,"NAPAL PUTIH, SERAI SERUMPUN, TEBO, JAMBI",4,106,18,124
https://kawalpemilu.org#17314,"NAPAL PUTIH, SERAI SERUMPUN, TEBO, JAMBI",5,95,8,103
https://kawalpemilu.org#17314,"NAPAL PUTIH, SERAI SERUMPUN, TEBO, JAMBI",6,88,6,94
https://kawalpemilu.org#17315,"SAKO MAKMUR, SERAI SERUMPUN, TEBO, JAMBI",1,133,68,201
https://kawalpemilu.org#17315,"SAKO MAKMUR, SERAI SERUMPUN, TEBO, JAMBI",2,130,43,173
https://kawalpemilu.org#17315,"SAKO MAKMUR, SERAI SERUMPUN, TEBO, JAMBI",3,158,59,217
https://kawalpemilu.org#17316,"PAGAR PUDING LAMO, SERAI SERUMPUN, TEBO, JAMBI",1,14,169,183
https://kawalpemilu.org#17316,"PAGAR PUDING LAMO, SERAI SERUMPUN, TEBO, JAMBI",2,7,185,192
https://kawalpemilu.org#17316,"PAGAR PUDING LAMO, SERAI SERUMPUN, TEBO, JAMBI",3,22,151,173
https://kawalpemilu.org#17316,"PAGAR PUDING LAMO, SERAI SERUMPUN, TEBO, JAMBI",4,13,148,161
https://kawalpemilu.org#17316,"PAGAR PUDING LAMO, SERAI SERUMPUN, TEBO, JAMBI",5,19,185,204
https://kawalpemilu.org#17316,"PAGAR PUDING LAMO, SERAI SERUMPUN, TEBO, JAMBI",6,11,129,140
https://kawalpemilu.org#17317,"TANJUNG AUR, SERAI SERUMPUN, TEBO, JAMBI",1,33,175,208
https://kawalpemilu.org#17317,"TANJUNG AUR, SERAI SERUMPUN, TEBO, JAMBI",2,41,194,235
https://kawalpemilu.org#17318,"TELUK MELINTANG, SERAI SERUMPUN, TEBO, JAMBI",1,45,196,241
https://kawalpemilu.org#17318,"TELUK MELINTANG, SERAI SERUMPUN, TEBO, JAMBI",2,31,161,192
https://kawalpemilu.org#17318,"TELUK MELINTANG, SERAI SERUMPUN, TEBO, JAMBI",3,7,119,126
https://kawalpemilu.org#17320,"TELUK KEPAYANG PULAU INDAH, VII KOTO ILIR, TEBO, JAMBI",1,72,121,193
https://kawalpemilu.org#17320,"TELUK KEPAYANG PULAU INDAH, VII KOTO ILIR, TEBO, JAMBI",2,97,130,227
https://kawalpemilu.org#17320,"TELUK KEPAYANG PULAU INDAH, VII KOTO ILIR, TEBO, JAMBI",3,57,146,203
https://kawalpemilu.org#17320,"TELUK KEPAYANG PULAU INDAH, VII KOTO ILIR, TEBO, JAMBI",4,45,196,241
https://kawalpemilu.org#17320,"TELUK KEPAYANG PULAU INDAH, VII KOTO ILIR, TEBO, JAMBI",5,29,127,156
https://kawalpemilu.org#17320,"TELUK KEPAYANG PULAU INDAH, VII KOTO ILIR, TEBO, JAMBI",6,59,107,166
https://kawalpemilu.org#17320,"TELUK KEPAYANG PULAU INDAH, VII KOTO ILIR, TEBO, JAMBI",7,60,140,200
https://kawalpemilu.org#17321,"BALAI RAJO, VII KOTO ILIR, TEBO, JAMBI",1,26,121,147
https://kawalpemilu.org#17321,"BALAI RAJO, VII KOTO ILIR, TEBO, JAMBI",2,37,64,101
https://kawalpemilu.org#17321,"BALAI RAJO, VII KOTO ILIR, TEBO, JAMBI",3,73,141,214
https://kawalpemilu.org#17321,"BALAI RAJO, VII KOTO ILIR, TEBO, JAMBI",4,77,70,147
https://kawalpemilu.org#17321,"BALAI RAJO, VII KOTO ILIR, TEBO, JAMBI",5,35,106,141
https://kawalpemilu.org#17321,"BALAI RAJO, VII KOTO ILIR, TEBO, JAMBI",6,46,132,178
https://kawalpemilu.org#17321,"BALAI RAJO, VII KOTO ILIR, TEBO, JAMBI",7,25,101,126
https://kawalpemilu.org#17321,"BALAI RAJO, VII KOTO ILIR, TEBO, JAMBI",8,16,78,94
https://kawalpemilu.org#17321,"BALAI RAJO, VII KOTO ILIR, TEBO, JAMBI",9,139,65,204
https://kawalpemilu.org#17321,"BALAI RAJO, VII KOTO ILIR, TEBO, JAMBI",10,45,42,87
https://kawalpemilu.org#17321,"BALAI RAJO, VII KOTO ILIR, TEBO, JAMBI",11,173,5,178
https://kawalpemilu.org#17321,"BALAI RAJO, VII KOTO ILIR, TEBO, JAMBI",12,176,4,180
https://kawalpemilu.org#17321,"BALAI RAJO, VII KOTO ILIR, TEBO, JAMBI",13,177,17,194
https://kawalpemilu.org#17321,"BALAI RAJO, VII KOTO ILIR, TEBO, JAMBI",14,119,28,147
https://kawalpemilu.org#17321,"BALAI RAJO, VII KOTO ILIR, TEBO, JAMBI",15,83,9,92
https://kawalpemilu.org#17321,"BALAI RAJO, VII KOTO ILIR, TEBO, JAMBI",16,63,4,67
https://kawalpemilu.org#17321,"BALAI RAJO, VII KOTO ILIR, TEBO, JAMBI",17,75,10,85
https://kawalpemilu.org#17321,"BALAI RAJO, VII KOTO ILIR, TEBO, JAMBI",18,140,14,154
https://kawalpemilu.org#17321,"BALAI RAJO, VII KOTO ILIR, TEBO, JAMBI",19,103,47,150
https://kawalpemilu.org#17321,"BALAI RAJO, VII KOTO ILIR, TEBO, JAMBI",20,172,10,182
https://kawalpemilu.org#17322,"CERMIN ALAM, VII KOTO ILIR, TEBO, JAMBI",1,65,103,168
https://kawalpemilu.org#17322,"CERMIN ALAM, VII KOTO ILIR, TEBO, JAMBI",2,59,116,175
https://kawalpemilu.org#17322,"CERMIN ALAM, VII KOTO ILIR, TEBO, JAMBI",3,73,60,133
https://kawalpemilu.org#17322,"CERMIN ALAM, VII KOTO ILIR, TEBO, JAMBI",4,88,36,124
https://kawalpemilu.org#17322,"CERMIN ALAM, VII KOTO ILIR, TEBO, JAMBI",5,110,122,232
https://kawalpemilu.org#17322,"CERMIN ALAM, VII KOTO ILIR, TEBO, JAMBI",6,101,53,154
https://kawalpemilu.org#17322,"CERMIN ALAM, VII KOTO ILIR, TEBO, JAMBI",7,102,30,132
https://kawalpemilu.org#17322,"CERMIN ALAM, VII KOTO ILIR, TEBO, JAMBI",8,117,57,174
https://kawalpemilu.org#17322,"CERMIN ALAM, VII KOTO ILIR, TEBO, JAMBI",9,127,34,161
https://kawalpemilu.org#17322,"CERMIN ALAM, VII KOTO ILIR, TEBO, JAMBI",10,113,24,137
https://kawalpemilu.org#17322,"CERMIN ALAM, VII KOTO ILIR, TEBO, JAMBI",11,97,18,115
https://kawalpemilu.org#17323,"SUNGAI KARANG, VII KOTO ILIR, TEBO, JAMBI",1,156,48,204
https://kawalpemilu.org#17323,"SUNGAI KARANG, VII KOTO ILIR, TEBO, JAMBI",2,189,38,227
https://kawalpemilu.org#17323,"SUNGAI KARANG, VII KOTO ILIR, TEBO, JAMBI",3,200,29,229
https://kawalpemilu.org#17323,"SUNGAI KARANG, VII KOTO ILIR, TEBO, JAMBI",4,142,28,170
https://kawalpemilu.org#17323,"SUNGAI KARANG, VII KOTO ILIR, TEBO, JAMBI",5,119,47,166
https://kawalpemilu.org#17323,"SUNGAI KARANG, VII KOTO ILIR, TEBO, JAMBI",6,75,48,123
https://kawalpemilu.org#17323,"SUNGAI KARANG, VII KOTO ILIR, TEBO, JAMBI",7,114,9,123
https://kawalpemilu.org#17323,"SUNGAI KARANG, VII KOTO ILIR, TEBO, JAMBI",8,81,4,85
https://kawalpemilu.org#17324,"PASEBAN, VII KOTO ILIR, TEBO, JAMBI",1,58,137,195
https://kawalpemilu.org#17324,"PASEBAN, VII KOTO ILIR, TEBO, JAMBI",2,69,131,201
https://kawalpemilu.org#17324,"PASEBAN, VII KOTO ILIR, TEBO, JAMBI",3,39,160,199
https://kawalpemilu.org#17324,"PASEBAN, VII KOTO ILIR, TEBO, JAMBI",4,75,129,204
https://kawalpemilu.org#17324,"PASEBAN, VII KOTO ILIR, TEBO, JAMBI",5,43,108,151
https://kawalpemilu.org#17324,"PASEBAN, VII KOTO ILIR, TEBO, JAMBI",6,38,79,117
https://kawalpemilu.org#17324,"PASEBAN, VII KOTO ILIR, TEBO, JAMBI",7,93,6,99
https://kawalpemilu.org#87312,"PASIR MAYANG, VII KOTO ILIR, TEBO, JAMBI",1,47,32,79
https://kawalpemilu.org#87312,"PASIR MAYANG, VII KOTO ILIR, TEBO, JAMBI",2,114,63,177
https://kawalpemilu.org#87312,"PASIR MAYANG, VII KOTO ILIR, TEBO, JAMBI",3,80,62,142
https://kawalpemilu.org#87312,"PASIR MAYANG, VII KOTO ILIR, TEBO, JAMBI",4,48,14,62
https://kawalpemilu.org#17326,"TANAH GARO, MUARA TABIR, TEBO, JAMBI",1,10,84,94
https://kawalpemilu.org#17326,"TANAH GARO, MUARA TABIR, TEBO, JAMBI",2,27,92,119
https://kawalpemilu.org#17326,"TANAH GARO, MUARA TABIR, TEBO, JAMBI",3,51,121,172
https://kawalpemilu.org#17326,"TANAH GARO, MUARA TABIR, TEBO, JAMBI",4,60,121,181
https://kawalpemilu.org#17326,"TANAH GARO, MUARA TABIR, TEBO, JAMBI",5,65,85,150
https://kawalpemilu.org#17326,"TANAH GARO, MUARA TABIR, TEBO, JAMBI",6,41,111,152
https://kawalpemilu.org#17327,"PINTAS TUO, MUARA TABIR, TEBO, JAMBI",1,47,154,201
https://kawalpemilu.org#17327,"PINTAS TUO, MUARA TABIR, TEBO, JAMBI",2,45,102,147
https://kawalpemilu.org#17327,"PINTAS TUO, MUARA TABIR, TEBO, JAMBI",3,47,130,177
https://kawalpemilu.org#17327,"PINTAS TUO, MUARA TABIR, TEBO, JAMBI",4,21,142,163
https://kawalpemilu.org#17327,"PINTAS TUO, MUARA TABIR, TEBO, JAMBI",5,30,125,155
https://kawalpemilu.org#17327,"PINTAS TUO, MUARA TABIR, TEBO, JAMBI",6,71,154,225
https://kawalpemilu.org#17327,"PINTAS TUO, MUARA TABIR, TEBO, JAMBI",7,38,112,150
https://kawalpemilu.org#17327,"PINTAS TUO, MUARA TABIR, TEBO, JAMBI",8,56,115,171
https://kawalpemilu.org#17328,"EMBACANG GEDANG, MUARA TABIR, TEBO, JAMBI",1,77,137,214
https://kawalpemilu.org#17328,"EMBACANG GEDANG, MUARA TABIR, TEBO, JAMBI",2,70,93,163
https://kawalpemilu.org#17328,"EMBACANG GEDANG, MUARA TABIR, TEBO, JAMBI",3,65,144,209
https://kawalpemilu.org#17328,"EMBACANG GEDANG, MUARA TABIR, TEBO, JAMBI",4,37,169,206
https://kawalpemilu.org#17328,"EMBACANG GEDANG, MUARA TABIR, TEBO, JAMBI",5,64,104,168
https://kawalpemilu.org#17328,"EMBACANG GEDANG, MUARA TABIR, TEBO, JAMBI",6,59,104,163
https://kawalpemilu.org#17328,"EMBACANG GEDANG, MUARA TABIR, TEBO, JAMBI",7,36,111,147
https://kawalpemilu.org#17328,"EMBACANG GEDANG, MUARA TABIR, TEBO, JAMBI",8,68,24,92
https://kawalpemilu.org#17329,"BANGUN SERANTEN, MUARA TABIR, TEBO, JAMBI",1,110,38,148
https://kawalpemilu.org#17329,"BANGUN SERANTEN, MUARA TABIR, TEBO, JAMBI",2,128,33,161
https://kawalpemilu.org#17329,"BANGUN SERANTEN, MUARA TABIR, TEBO, JAMBI",3,120,30,150
https://kawalpemilu.org#17329,"BANGUN SERANTEN, MUARA TABIR, TEBO, JAMBI",4,91,111,202
https://kawalpemilu.org#17329,"BANGUN SERANTEN, MUARA TABIR, TEBO, JAMBI",5,149,44,193
https://kawalpemilu.org#17329,"BANGUN SERANTEN, MUARA TABIR, TEBO, JAMBI",6,106,84,190
https://kawalpemilu.org#17329,"BANGUN SERANTEN, MUARA TABIR, TEBO, JAMBI",7,170,58,228
https://kawalpemilu.org#17329,"BANGUN SERANTEN, MUARA TABIR, TEBO, JAMBI",8,140,28,168
https://kawalpemilu.org#17329,"BANGUN SERANTEN, MUARA TABIR, TEBO, JAMBI",9,135,56,191
https://kawalpemilu.org#17329,"BANGUN SERANTEN, MUARA TABIR, TEBO, JAMBI",10,100,62,162
https://kawalpemilu.org#17329,"BANGUN SERANTEN, MUARA TABIR, TEBO, JAMBI",11,124,39,163
https://kawalpemilu.org#17329,"BANGUN SERANTEN, MUARA TABIR, TEBO, JAMBI",12,130,51,181
https://kawalpemilu.org#17330,"TAMBUN ARANG, MUARA TABIR, TEBO, JAMBI",2,21,144,165
https://kawalpemilu.org#17330,"TAMBUN ARANG, MUARA TABIR, TEBO, JAMBI",3,27,137,164
https://kawalpemilu.org#17330,"TAMBUN ARANG, MUARA TABIR, TEBO, JAMBI",4,30,168,198
https://kawalpemilu.org#17330,"TAMBUN ARANG, MUARA TABIR, TEBO, JAMBI",5,25,118,143
https://kawalpemilu.org#17331,"SUNGAI JERNIH, MUARA TABIR, TEBO, JAMBI",1,125,39,164
https://kawalpemilu.org#17331,"SUNGAI JERNIH, MUARA TABIR, TEBO, JAMBI",2,134,18,152
https://kawalpemilu.org#17331,"SUNGAI JERNIH, MUARA TABIR, TEBO, JAMBI",3,120,26,146
https://kawalpemilu.org#17331,"SUNGAI JERNIH, MUARA TABIR, TEBO, JAMBI",4,116,26,142
https://kawalpemilu.org#17331,"SUNGAI JERNIH, MUARA TABIR, TEBO, JAMBI",5,206,52,259
https://kawalpemilu.org#17331,"SUNGAI JERNIH, MUARA TABIR, TEBO, JAMBI",6,143,28,171
https://kawalpemilu.org#17331,"SUNGAI JERNIH, MUARA TABIR, TEBO, JAMBI",7,151,7,158
https://kawalpemilu.org#17331,"SUNGAI JERNIH, MUARA TABIR, TEBO, JAMBI",8,131,35,166
https://kawalpemilu.org#17331,"SUNGAI JERNIH, MUARA TABIR, TEBO, JAMBI",9,91,32,123
https://kawalpemilu.org#17331,"SUNGAI JERNIH, MUARA TABIR, TEBO, JAMBI",10,117,27,144
https://kawalpemilu.org#17331,"SUNGAI JERNIH, MUARA TABIR, TEBO, JAMBI",11,145,29,174
https://kawalpemilu.org#17331,"SUNGAI JERNIH, MUARA TABIR, TEBO, JAMBI",12,103,29,132
https://kawalpemilu.org#17332,"BANGKO PINTAS, MUARA TABIR, TEBO, JAMBI",1,54,96,150
https://kawalpemilu.org#17332,"BANGKO PINTAS, MUARA TABIR, TEBO, JAMBI",2,59,66,125
https://kawalpemilu.org#17332,"BANGKO PINTAS, MUARA TABIR, TEBO, JAMBI",3,60,117,177
https://kawalpemilu.org#17332,"BANGKO PINTAS, MUARA TABIR, TEBO, JAMBI",4,94,117,211
https://kawalpemilu.org#87313,"OLAK KEMANG, MUARA TABIR, TEBO, JAMBI",1,122,28,150
https://kawalpemilu.org#87313,"OLAK KEMANG, MUARA TABIR, TEBO, JAMBI",2,133,35,168
https://kawalpemilu.org#87313,"OLAK KEMANG, MUARA TABIR, TEBO, JAMBI",3,174,24,198
https://kawalpemilu.org#87313,"OLAK KEMANG, MUARA TABIR, TEBO, JAMBI",4,102,17,119
https://kawalpemilu.org#17335,"SIMPANG IV SIPIN, TELANAIPURA, KOTA JAMBI, JAMBI",1,45,152,197
https://kawalpemilu.org#17335,"SIMPANG IV SIPIN, TELANAIPURA, KOTA JAMBI, JAMBI",2,38,53,91
https://kawalpemilu.org#17335,"SIMPANG IV SIPIN, TELANAIPURA, KOTA JAMBI, JAMBI",3,58,127,185
https://kawalpemilu.org#17335,"SIMPANG IV SIPIN, TELANAIPURA, KOTA JAMBI, JAMBI",4,37,122,159
https://kawalpemilu.org#17335,"SIMPANG IV SIPIN, TELANAIPURA, KOTA JAMBI, JAMBI",5,37,112,149
https://kawalpemilu.org#17335,"SIMPANG IV SIPIN, TELANAIPURA, KOTA JAMBI, JAMBI",6,68,99,167
https://kawalpemilu.org#17335,"SIMPANG IV SIPIN, TELANAIPURA, KOTA JAMBI, JAMBI",7,55,191,246
https://kawalpemilu.org#17335,"SIMPANG IV SIPIN, TELANAIPURA, KOTA JAMBI, JAMBI",8,24,99,123
https://kawalpemilu.org#17335,"SIMPANG IV SIPIN, TELANAIPURA, KOTA JAMBI, JAMBI",9,34,110,144
https://kawalpemilu.org#17335,"SIMPANG IV SIPIN, TELANAIPURA, KOTA JAMBI, JAMBI",10,69,75,144
https://kawalpemilu.org#17335,"SIMPANG IV SIPIN, TELANAIPURA, KOTA JAMBI, JAMBI",11,60,79,139
https://kawalpemilu.org#17335,"SIMPANG IV SIPIN, TELANAIPURA, KOTA JAMBI, JAMBI",12,33,94,127
https://kawalpemilu.org#17335,"SIMPANG IV SIPIN, TELANAIPURA, KOTA JAMBI, JAMBI",13,91,68,159
https://kawalpemilu.org#17335,"SIMPANG IV SIPIN, TELANAIPURA, KOTA JAMBI, JAMBI",14,45,134,179
https://kawalpemilu.org#17335,"SIMPANG IV SIPIN, TELANAIPURA, KOTA JAMBI, JAMBI",15,37,121,158
https://kawalpemilu.org#17335,"SIMPANG IV SIPIN, TELANAIPURA, KOTA JAMBI, JAMBI",16,37,115,152
https://kawalpemilu.org#17335,"SIMPANG IV SIPIN, TELANAIPURA, KOTA JAMBI, JAMBI",17,47,94,141
https://kawalpemilu.org#17335,"SIMPANG IV SIPIN, TELANAIPURA, KOTA JAMBI, JAMBI",18,56,159,215
https://kawalpemilu.org#17335,"SIMPANG IV SIPIN, TELANAIPURA, KOTA JAMBI, JAMBI",19,62,140,202
https://kawalpemilu.org#17335,"SIMPANG IV SIPIN, TELANAIPURA, KOTA JAMBI, JAMBI",20,45,138,183
https://kawalpemilu.org#17335,"SIMPANG IV SIPIN, TELANAIPURA, KOTA JAMBI, JAMBI",21,65,163,228
https://kawalpemilu.org#17335,"SIMPANG IV SIPIN, TELANAIPURA, KOTA JAMBI, JAMBI",22,87,150,237
https://kawalpemilu.org#17335,"SIMPANG IV SIPIN, TELANAIPURA, KOTA JAMBI, JAMBI",23,34,151,185
https://kawalpemilu.org#17335,"SIMPANG IV SIPIN, TELANAIPURA, KOTA JAMBI, JAMBI",24,39,141,180
https://kawalpemilu.org#17335,"SIMPANG IV SIPIN, TELANAIPURA, KOTA JAMBI, JAMBI",25,37,81,118
https://kawalpemilu.org#17335,"SIMPANG IV SIPIN, TELANAIPURA, KOTA JAMBI, JAMBI",26,52,163,215
https://kawalpemilu.org#17335,"SIMPANG IV SIPIN, TELANAIPURA, KOTA JAMBI, JAMBI",27,78,71,149
https://kawalpemilu.org#17335,"SIMPANG IV SIPIN, TELANAIPURA, KOTA JAMBI, JAMBI",28,77,68,145
https://kawalpemilu.org#17335,"SIMPANG IV SIPIN, TELANAIPURA, KOTA JAMBI, JAMBI",29,67,151,218
https://kawalpemilu.org#17335,"SIMPANG IV SIPIN, TELANAIPURA, KOTA JAMBI, JAMBI",30,38,102,140
https://kawalpemilu.org#17335,"SIMPANG IV SIPIN, TELANAIPURA, KOTA JAMBI, JAMBI",31,27,99,126
https://kawalpemilu.org#17335,"SIMPANG IV SIPIN, TELANAIPURA, KOTA JAMBI, JAMBI",32,78,117,195
https://kawalpemilu.org#17335,"SIMPANG IV SIPIN, TELANAIPURA, KOTA JAMBI, JAMBI",33,102,129,231
https://kawalpemilu.org#17335,"SIMPANG IV SIPIN, TELANAIPURA, KOTA JAMBI, JAMBI",34,35,74,109
https://kawalpemilu.org#17335,"SIMPANG IV SIPIN, TELANAIPURA, KOTA JAMBI, JAMBI",35,39,64,103
https://kawalpemilu.org#17335,"SIMPANG IV SIPIN, TELANAIPURA, KOTA JAMBI, JAMBI",36,66,117,183
https://kawalpemilu.org#17335,"SIMPANG IV SIPIN, TELANAIPURA, KOTA JAMBI, JAMBI",38,82,110,192
https://kawalpemilu.org#17335,"SIMPANG IV SIPIN, TELANAIPURA, KOTA JAMBI, JAMBI",39,109,132,241
https://kawalpemilu.org#17335,"SIMPANG IV SIPIN, TELANAIPURA, KOTA JAMBI, JAMBI",40,39,174,213
https://kawalpemilu.org#17335,"SIMPANG IV SIPIN, TELANAIPURA, KOTA JAMBI, JAMBI",41,72,111,183
https://kawalpemilu.org#17335,"SIMPANG IV SIPIN, TELANAIPURA, KOTA JAMBI, JAMBI",42,27,126,153
https://kawalpemilu.org#17335,"SIMPANG IV SIPIN, TELANAIPURA, KOTA JAMBI, JAMBI",43,54,67,121
https://kawalpemilu.org#17336,"BULURAN KENALI, TELANAIPURA, KOTA JAMBI, JAMBI",1,79,116,195
https://kawalpemilu.org#17336,"BULURAN KENALI, TELANAIPURA, KOTA JAMBI, JAMBI",2,58,50,108
https://kawalpemilu.org#17336,"BULURAN KENALI, TELANAIPURA, KOTA JAMBI, JAMBI",3,40,102,142
https://kawalpemilu.org#17336,"BULURAN KENALI, TELANAIPURA, KOTA JAMBI, JAMBI",4,34,185,219
https://kawalpemilu.org#17336,"BULURAN KENALI, TELANAIPURA, KOTA JAMBI, JAMBI",5,78,166,244
https://kawalpemilu.org#17336,"BULURAN KENALI, TELANAIPURA, KOTA JAMBI, JAMBI",7,44,97,141
https://kawalpemilu.org#17336,"BULURAN KENALI, TELANAIPURA, KOTA JAMBI, JAMBI",8,46,98,144
https://kawalpemilu.org#17336,"BULURAN KENALI, TELANAIPURA, KOTA JAMBI, JAMBI",9,76,170,246
https://kawalpemilu.org#17336,"BULURAN KENALI, TELANAIPURA, KOTA JAMBI, JAMBI",10,47,126,173
https://kawalpemilu.org#17336,"BULURAN KENALI, TELANAIPURA, KOTA JAMBI, JAMBI",11,32,82,114
https://kawalpemilu.org#17336,"BULURAN KENALI, TELANAIPURA, KOTA JAMBI, JAMBI",12,55,186,241
https://kawalpemilu.org#17336,"BULURAN KENALI, TELANAIPURA, KOTA JAMBI, JAMBI",13,50,103,153
https://kawalpemilu.org#17336,"BULURAN KENALI, TELANAIPURA, KOTA JAMBI, JAMBI",14,39,105,144
https://kawalpemilu.org#17336,"BULURAN KENALI, TELANAIPURA, KOTA JAMBI, JAMBI",15,74,84,158
https://kawalpemilu.org#17336,"BULURAN KENALI, TELANAIPURA, KOTA JAMBI, JAMBI",16,58,201,259
https://kawalpemilu.org#17336,"BULURAN KENALI, TELANAIPURA, KOTA JAMBI, JAMBI",17,41,162,203
https://kawalpemilu.org#17336,"BULURAN KENALI, TELANAIPURA, KOTA JAMBI, JAMBI",18,53,161,214
https://kawalpemilu.org#17336,"BULURAN KENALI, TELANAIPURA, KOTA JAMBI, JAMBI",19,35,158,193
https://kawalpemilu.org#17336,"BULURAN KENALI, TELANAIPURA, KOTA JAMBI, JAMBI",20,64,130,194
https://kawalpemilu.org#17336,"BULURAN KENALI, TELANAIPURA, KOTA JAMBI, JAMBI",21,69,116,185
https://kawalpemilu.org#17336,"BULURAN KENALI, TELANAIPURA, KOTA JAMBI, JAMBI",22,36,149,185
https://kawalpemilu.org#17336,"BULURAN KENALI, TELANAIPURA, KOTA JAMBI, JAMBI",23,32,102,134
https://kawalpemilu.org#17336,"BULURAN KENALI, TELANAIPURA, KOTA JAMBI, JAMBI",24,18,68,86
https://kawalpemilu.org#17336,"BULURAN KENALI, TELANAIPURA, KOTA JAMBI, JAMBI",25,30,103,133
https://kawalpemilu.org#17337,"TELUK KENALI, TELANAIPURA, KOTA JAMBI, JAMBI",1,86,153,239
https://kawalpemilu.org#17337,"TELUK KENALI, TELANAIPURA, KOTA JAMBI, JAMBI",2,43,199,242
https://kawalpemilu.org#17337,"TELUK KENALI, TELANAIPURA, KOTA JAMBI, JAMBI",3,60,156,216
https://kawalpemilu.org#17337,"TELUK KENALI, TELANAIPURA, KOTA JAMBI, JAMBI",4,95,149,244
https://kawalpemilu.org#17338,"TELANAIPURA, TELANAIPURA, KOTA JAMBI, JAMBI",1,80,140,220
https://kawalpemilu.org#17338,"TELANAIPURA, TELANAIPURA, KOTA JAMBI, JAMBI",2,41,86,127
https://kawalpemilu.org#17338,"TELANAIPURA, TELANAIPURA, KOTA JAMBI, JAMBI",3,54,122,176
https://kawalpemilu.org#17338,"TELANAIPURA, TELANAIPURA, KOTA JAMBI, JAMBI",4,48,132,180
https://kawalpemilu.org#17338,"TELANAIPURA, TELANAIPURA, KOTA JAMBI, JAMBI",5,39,113,152
https://kawalpemilu.org#17338,"TELANAIPURA, TELANAIPURA, KOTA JAMBI, JAMBI",6,36,96,132
https://kawalpemilu.org#17338,"TELANAIPURA, TELANAIPURA, KOTA JAMBI, JAMBI",7,49,129,178
https://kawalpemilu.org#17338,"TELANAIPURA, TELANAIPURA, KOTA JAMBI, JAMBI",8,38,130,168
https://kawalpemilu.org#17338,"TELANAIPURA, TELANAIPURA, KOTA JAMBI, JAMBI",9,38,86,124
https://kawalpemilu.org#17338,"TELANAIPURA, TELANAIPURA, KOTA JAMBI, JAMBI",10,28,94,122
https://kawalpemilu.org#17338,"TELANAIPURA, TELANAIPURA, KOTA JAMBI, JAMBI",11,52,66,118
https://kawalpemilu.org#17338,"TELANAIPURA, TELANAIPURA, KOTA JAMBI, JAMBI",12,37,88,125
https://kawalpemilu.org#17338,"TELANAIPURA, TELANAIPURA, KOTA JAMBI, JAMBI",13,53,116,169
https://kawalpemilu.org#17338,"TELANAIPURA, TELANAIPURA, KOTA JAMBI, JAMBI",14,64,144,208
https://kawalpemilu.org#17338,"TELANAIPURA, TELANAIPURA, KOTA JAMBI, JAMBI",15,42,59,101
https://kawalpemilu.org#17344,"PENYENGAT RENDAH, TELANAIPURA, KOTA JAMBI, JAMBI",1,55,177,232
https://kawalpemilu.org#17344,"PENYENGAT RENDAH, TELANAIPURA, KOTA JAMBI, JAMBI",2,22,117,139
https://kawalpemilu.org#17344,"PENYENGAT RENDAH, TELANAIPURA, KOTA JAMBI, JAMBI",3,18,106,124
https://kawalpemilu.org#17344,"PENYENGAT RENDAH, TELANAIPURA, KOTA JAMBI, JAMBI",4,18,144,162
https://kawalpemilu.org#17344,"PENYENGAT RENDAH, TELANAIPURA, KOTA JAMBI, JAMBI",5,24,168,192
https://kawalpemilu.org#17344,"PENYENGAT RENDAH, TELANAIPURA, KOTA JAMBI, JAMBI",6,30,92,122
https://kawalpemilu.org#17344,"PENYENGAT RENDAH, TELANAIPURA, KOTA JAMBI, JAMBI",7,70,161,231
https://kawalpemilu.org#17344,"PENYENGAT RENDAH, TELANAIPURA, KOTA JAMBI, JAMBI",8,60,131,191
https://kawalpemilu.org#17344,"PENYENGAT RENDAH, TELANAIPURA, KOTA JAMBI, JAMBI",9,48,134,182
https://kawalpemilu.org#17344,"PENYENGAT RENDAH, TELANAIPURA, KOTA JAMBI, JAMBI",10,119,94,213
https://kawalpemilu.org#17344,"PENYENGAT RENDAH, TELANAIPURA, KOTA JAMBI, JAMBI",11,113,65,178
https://kawalpemilu.org#17344,"PENYENGAT RENDAH, TELANAIPURA, KOTA JAMBI, JAMBI",12,45,111,156
https://kawalpemilu.org#17344,"PENYENGAT RENDAH, TELANAIPURA, KOTA JAMBI, JAMBI",13,62,112,174
https://kawalpemilu.org#17344,"PENYENGAT RENDAH, TELANAIPURA, KOTA JAMBI, JAMBI",14,96,106,202
https://kawalpemilu.org#17344,"PENYENGAT RENDAH, TELANAIPURA, KOTA JAMBI, JAMBI",15,71,124,195
https://kawalpemilu.org#17344,"PENYENGAT RENDAH, TELANAIPURA, KOTA JAMBI, JAMBI",16,67,116,183
https://kawalpemilu.org#17344,"PENYENGAT RENDAH, TELANAIPURA, KOTA JAMBI, JAMBI",17,37,145,0
https://kawalpemilu.org#17344,"PENYENGAT RENDAH, TELANAIPURA, KOTA JAMBI, JAMBI",18,44,104,144
https://kawalpemilu.org#17344,"PENYENGAT RENDAH, TELANAIPURA, KOTA JAMBI, JAMBI",19,39,93,132
https://kawalpemilu.org#17344,"PENYENGAT RENDAH, TELANAIPURA, KOTA JAMBI, JAMBI",20,79,60,139
https://kawalpemilu.org#17344,"PENYENGAT RENDAH, TELANAIPURA, KOTA JAMBI, JAMBI",21,53,84,137
https://kawalpemilu.org#17344,"PENYENGAT RENDAH, TELANAIPURA, KOTA JAMBI, JAMBI",22,80,154,234
https://kawalpemilu.org#17344,"PENYENGAT RENDAH, TELANAIPURA, KOTA JAMBI, JAMBI",23,110,104,214
https://kawalpemilu.org#17344,"PENYENGAT RENDAH, TELANAIPURA, KOTA JAMBI, JAMBI",24,80,110,190
https://kawalpemilu.org#17344,"PENYENGAT RENDAH, TELANAIPURA, KOTA JAMBI, JAMBI",25,76,88,164
https://kawalpemilu.org#17344,"PENYENGAT RENDAH, TELANAIPURA, KOTA JAMBI, JAMBI",26,51,93,144
https://kawalpemilu.org#17344,"PENYENGAT RENDAH, TELANAIPURA, KOTA JAMBI, JAMBI",27,74,99,173
https://kawalpemilu.org#17344,"PENYENGAT RENDAH, TELANAIPURA, KOTA JAMBI, JAMBI",28,48,138,186
https://kawalpemilu.org#17344,"PENYENGAT RENDAH, TELANAIPURA, KOTA JAMBI, JAMBI",29,58,67,125
https://kawalpemilu.org#17344,"PENYENGAT RENDAH, TELANAIPURA, KOTA JAMBI, JAMBI",30,69,70,139
https://kawalpemilu.org#17344,"PENYENGAT RENDAH, TELANAIPURA, KOTA JAMBI, JAMBI",31,85,102,187
https://kawalpemilu.org#17344,"PENYENGAT RENDAH, TELANAIPURA, KOTA JAMBI, JAMBI",32,71,68,139
https://kawalpemilu.org#17344,"PENYENGAT RENDAH, TELANAIPURA, KOTA JAMBI, JAMBI",33,62,98,160
https://kawalpemilu.org#17344,"PENYENGAT RENDAH, TELANAIPURA, KOTA JAMBI, JAMBI",34,53,81,134
https://kawalpemilu.org#17344,"PENYENGAT RENDAH, TELANAIPURA, KOTA JAMBI, JAMBI",35,65,99,164
https://kawalpemilu.org#17344,"PENYENGAT RENDAH, TELANAIPURA, KOTA JAMBI, JAMBI",36,49,96,145
https://kawalpemilu.org#17344,"PENYENGAT RENDAH, TELANAIPURA, KOTA JAMBI, JAMBI",37,47,85,132
https://kawalpemilu.org#17344,"PENYENGAT RENDAH, TELANAIPURA, KOTA JAMBI, JAMBI",38,97,137,234
https://kawalpemilu.org#17344,"PENYENGAT RENDAH, TELANAIPURA, KOTA JAMBI, JAMBI",39,47,129,176
https://kawalpemilu.org#17344,"PENYENGAT RENDAH, TELANAIPURA, KOTA JAMBI, JAMBI",40,37,81,118
https://kawalpemilu.org#17344,"PENYENGAT RENDAH, TELANAIPURA, KOTA JAMBI, JAMBI",41,50,121,171
https://kawalpemilu.org#17345,"PEMATANG SULUR, TELANAIPURA, KOTA JAMBI, JAMBI",1,47,154,201
https://kawalpemilu.org#17345,"PEMATANG SULUR, TELANAIPURA, KOTA JAMBI, JAMBI",2,42,126,168
https://kawalpemilu.org#17345,"PEMATANG SULUR, TELANAIPURA, KOTA JAMBI, JAMBI",3,70,136,206
https://kawalpemilu.org#17345,"PEMATANG SULUR, TELANAIPURA, KOTA JAMBI, JAMBI",4,37,97,134
https://kawalpemilu.org#17345,"PEMATANG SULUR, TELANAIPURA, KOTA JAMBI, JAMBI",5,47,77,124
https://kawalpemilu.org#17345,"PEMATANG SULUR, TELANAIPURA, KOTA JAMBI, JAMBI",6,44,157,201
https://kawalpemilu.org#17345,"PEMATANG SULUR, TELANAIPURA, KOTA JAMBI, JAMBI",7,60,149,209
https://kawalpemilu.org#17345,"PEMATANG SULUR, TELANAIPURA, KOTA JAMBI, JAMBI",8,67,89,156
https://kawalpemilu.org#17345,"PEMATANG SULUR, TELANAIPURA, KOTA JAMBI, JAMBI",9,63,144,207
https://kawalpemilu.org#17345,"PEMATANG SULUR, TELANAIPURA, KOTA JAMBI, JAMBI",10,53,116,169
https://kawalpemilu.org#17345,"PEMATANG SULUR, TELANAIPURA, KOTA JAMBI, JAMBI",11,30,112,142
https://kawalpemilu.org#17345,"PEMATANG SULUR, TELANAIPURA, KOTA JAMBI, JAMBI",12,77,139,216
https://kawalpemilu.org#17345,"PEMATANG SULUR, TELANAIPURA, KOTA JAMBI, JAMBI",13,70,83,153
https://kawalpemilu.org#17345,"PEMATANG SULUR, TELANAIPURA, KOTA JAMBI, JAMBI",14,69,60,129
https://kawalpemilu.org#17345,"PEMATANG SULUR, TELANAIPURA, KOTA JAMBI, JAMBI",15,27,101,128
https://kawalpemilu.org#17345,"PEMATANG SULUR, TELANAIPURA, KOTA JAMBI, JAMBI",16,28,89,117
https://kawalpemilu.org#17345,"PEMATANG SULUR, TELANAIPURA, KOTA JAMBI, JAMBI",17,47,155,202
https://kawalpemilu.org#17345,"PEMATANG SULUR, TELANAIPURA, KOTA JAMBI, JAMBI",18,51,71,122
https://kawalpemilu.org#17345,"PEMATANG SULUR, TELANAIPURA, KOTA JAMBI, JAMBI",19,41,76,117
https://kawalpemilu.org#17345,"PEMATANG SULUR, TELANAIPURA, KOTA JAMBI, JAMBI",20,58,144,202
https://kawalpemilu.org#17345,"PEMATANG SULUR, TELANAIPURA, KOTA JAMBI, JAMBI",21,92,114,206
https://kawalpemilu.org#17345,"PEMATANG SULUR, TELANAIPURA, KOTA JAMBI, JAMBI",22,69,146,215
https://kawalpemilu.org#17345,"PEMATANG SULUR, TELANAIPURA, KOTA JAMBI, JAMBI",23,79,120,199
https://kawalpemilu.org#17345,"PEMATANG SULUR, TELANAIPURA, KOTA JAMBI, JAMBI",24,57,134,191
https://kawalpemilu.org#17345,"PEMATANG SULUR, TELANAIPURA, KOTA JAMBI, JAMBI",25,67,115,182
https://kawalpemilu.org#17345,"PEMATANG SULUR, TELANAIPURA, KOTA JAMBI, JAMBI",26,67,102,169
https://kawalpemilu.org#17345,"PEMATANG SULUR, TELANAIPURA, KOTA JAMBI, JAMBI",27,54,110,164
https://kawalpemilu.org#17345,"PEMATANG SULUR, TELANAIPURA, KOTA JAMBI, JAMBI",28,100,94,194
https://kawalpemilu.org#17345,"PEMATANG SULUR, TELANAIPURA, KOTA JAMBI, JAMBI",29,91,125,216
https://kawalpemilu.org#17345,"PEMATANG SULUR, TELANAIPURA, KOTA JAMBI, JAMBI",30,26,59,85
https://kawalpemilu.org#17345,"PEMATANG SULUR, TELANAIPURA, KOTA JAMBI, JAMBI",31,52,94,146
https://kawalpemilu.org#17345,"PEMATANG SULUR, TELANAIPURA, KOTA JAMBI, JAMBI",32,56,73,129
https://kawalpemilu.org#17345,"PEMATANG SULUR, TELANAIPURA, KOTA JAMBI, JAMBI",33,58,95,153
https://kawalpemilu.org#17345,"PEMATANG SULUR, TELANAIPURA, KOTA JAMBI, JAMBI",34,59,87,146
https://kawalpemilu.org#17345,"PEMATANG SULUR, TELANAIPURA, KOTA JAMBI, JAMBI",35,47,170,217
https://kawalpemilu.org#17345,"PEMATANG SULUR, TELANAIPURA, KOTA JAMBI, JAMBI",36,30,80,110
https://kawalpemilu.org#17345,"PEMATANG SULUR, TELANAIPURA, KOTA JAMBI, JAMBI",37,56,170,226
https://kawalpemilu.org#17345,"PEMATANG SULUR, TELANAIPURA, KOTA JAMBI, JAMBI",38,60,151,211
https://kawalpemilu.org#17345,"PEMATANG SULUR, TELANAIPURA, KOTA JAMBI, JAMBI",39,17,103,120
https://kawalpemilu.org#17348,"PASIR PUTIH, JAMBI SELATAN, KOTA JAMBI, JAMBI",1,83,64,147
https://kawalpemilu.org#17348,"PASIR PUTIH, JAMBI SELATAN, KOTA JAMBI, JAMBI",2,65,95,160
https://kawalpemilu.org#17348,"PASIR PUTIH, JAMBI SELATAN, KOTA JAMBI, JAMBI",3,64,76,140
https://kawalpemilu.org#17348,"PASIR PUTIH, JAMBI SELATAN, KOTA JAMBI, JAMBI",4,83,66,149
https://kawalpemilu.org#17348,"PASIR PUTIH, JAMBI SELATAN, KOTA JAMBI, JAMBI",5,78,91,169
https://kawalpemilu.org#17348,"PASIR PUTIH, JAMBI SELATAN, KOTA JAMBI, JAMBI",6,74,143,217
https://kawalpemilu.org#17348,"PASIR PUTIH, JAMBI SELATAN, KOTA JAMBI, JAMBI",7,74,110,184
https://kawalpemilu.org#17348,"PASIR PUTIH, JAMBI SELATAN, KOTA JAMBI, JAMBI",8,113,151,264
https://kawalpemilu.org#17348,"PASIR PUTIH, JAMBI SELATAN, KOTA JAMBI, JAMBI",9,103,95,198
https://kawalpemilu.org#17348,"PASIR PUTIH, JAMBI SELATAN, KOTA JAMBI, JAMBI",10,98,64,162
https://kawalpemilu.org#17348,"PASIR PUTIH, JAMBI SELATAN, KOTA JAMBI, JAMBI",11,34,97,131
https://kawalpemilu.org#17348,"PASIR PUTIH, JAMBI SELATAN, KOTA JAMBI, JAMBI",12,97,100,197
https://kawalpemilu.org#17348,"PASIR PUTIH, JAMBI SELATAN, KOTA JAMBI, JAMBI",13,103,104,207
https://kawalpemilu.org#17348,"PASIR PUTIH, JAMBI SELATAN, KOTA JAMBI, JAMBI",14,109,103,212
https://kawalpemilu.org#17348,"PASIR PUTIH, JAMBI SELATAN, KOTA JAMBI, JAMBI",15,93,74,167
https://kawalpemilu.org#17348,"PASIR PUTIH, JAMBI SELATAN, KOTA JAMBI, JAMBI",17,67,110,177
https://kawalpemilu.org#17348,"PASIR PUTIH, JAMBI SELATAN, KOTA JAMBI, JAMBI",18,34,97,131
https://kawalpemilu.org#17348,"PASIR PUTIH, JAMBI SELATAN, KOTA JAMBI, JAMBI",19,43,87,130
https://kawalpemilu.org#17348,"PASIR PUTIH, JAMBI SELATAN, KOTA JAMBI, JAMBI",20,110,127,237
https://kawalpemilu.org#17348,"PASIR PUTIH, JAMBI SELATAN, KOTA JAMBI, JAMBI",21,100,124,224
https://kawalpemilu.org#17348,"PASIR PUTIH, JAMBI SELATAN, KOTA JAMBI, JAMBI",22,91,104,195
https://kawalpemilu.org#17348,"PASIR PUTIH, JAMBI SELATAN, KOTA JAMBI, JAMBI",23,105,102,207
https://kawalpemilu.org#17348,"PASIR PUTIH, JAMBI SELATAN, KOTA JAMBI, JAMBI",24,101,108,209
https://kawalpemilu.org#17348,"PASIR PUTIH, JAMBI SELATAN, KOTA JAMBI, JAMBI",25,97,118,215
https://kawalpemilu.org#17348,"PASIR PUTIH, JAMBI SELATAN, KOTA JAMBI, JAMBI",26,84,136,220
https://kawalpemilu.org#17348,"PASIR PUTIH, JAMBI SELATAN, KOTA JAMBI, JAMBI",27,87,89,176
https://kawalpemilu.org#17348,"PASIR PUTIH, JAMBI SELATAN, KOTA JAMBI, JAMBI",28,67,97,164
https://kawalpemilu.org#17348,"PASIR PUTIH, JAMBI SELATAN, KOTA JAMBI, JAMBI",29,80,94,174
https://kawalpemilu.org#17348,"PASIR PUTIH, JAMBI SELATAN, KOTA JAMBI, JAMBI",30,99,79,178
https://kawalpemilu.org#17348,"PASIR PUTIH, JAMBI SELATAN, KOTA JAMBI, JAMBI",31,72,112,184
https://kawalpemilu.org#17348,"PASIR PUTIH, JAMBI SELATAN, KOTA JAMBI, JAMBI",32,93,96,189
https://kawalpemilu.org#17348,"PASIR PUTIH, JAMBI SELATAN, KOTA JAMBI, JAMBI",33,117,114,231
https://kawalpemilu.org#17348,"PASIR PUTIH, JAMBI SELATAN, KOTA JAMBI, JAMBI",34,78,156,234
https://kawalpemilu.org#17348,"PASIR PUTIH, JAMBI SELATAN, KOTA JAMBI, JAMBI",35,88,162,250
https://kawalpemilu.org#17348,"PASIR PUTIH, JAMBI SELATAN, KOTA JAMBI, JAMBI",36,69,96,165
https://kawalpemilu.org#17348,"PASIR PUTIH, JAMBI SELATAN, KOTA JAMBI, JAMBI",37,80,89,169
https://kawalpemilu.org#17348,"PASIR PUTIH, JAMBI SELATAN, KOTA JAMBI, JAMBI",38,84,81,165
https://kawalpemilu.org#17348,"PASIR PUTIH, JAMBI SELATAN, KOTA JAMBI, JAMBI",39,79,74,153
https://kawalpemilu.org#17348,"PASIR PUTIH, JAMBI SELATAN, KOTA JAMBI, JAMBI",40,117,128,245
https://kawalpemilu.org#17348,"PASIR PUTIH, JAMBI SELATAN, KOTA JAMBI, JAMBI",41,79,121,200
https://kawalpemilu.org#17349,"TAMBAK SARI, JAMBI SELATAN, KOTA JAMBI, JAMBI",1,129,106,235
https://kawalpemilu.org#17349,"TAMBAK SARI, JAMBI SELATAN, KOTA JAMBI, JAMBI",2,103,136,239
https://kawalpemilu.org#17349,"TAMBAK SARI, JAMBI SELATAN, KOTA JAMBI, JAMBI",3,46,103,149
https://kawalpemilu.org#17349,"TAMBAK SARI, JAMBI SELATAN, KOTA JAMBI, JAMBI",4,93,130,223
https://kawalpemilu.org#17349,"TAMBAK SARI, JAMBI SELATAN, KOTA JAMBI, JAMBI",5,45,118,163
https://kawalpemilu.org#17349,"TAMBAK SARI, JAMBI SELATAN, KOTA JAMBI, JAMBI",6,68,108,176
https://kawalpemilu.org#17349,"TAMBAK SARI, JAMBI SELATAN, KOTA JAMBI, JAMBI",7,48,125,173
https://kawalpemilu.org#17349,"TAMBAK SARI, JAMBI SELATAN, KOTA JAMBI, JAMBI",8,68,153,221
https://kawalpemilu.org#17349,"TAMBAK SARI, JAMBI SELATAN, KOTA JAMBI, JAMBI",9,80,84,164
https://kawalpemilu.org#17349,"TAMBAK SARI, JAMBI SELATAN, KOTA JAMBI, JAMBI",10,54,95,149
https://kawalpemilu.org#17349,"TAMBAK SARI, JAMBI SELATAN, KOTA JAMBI, JAMBI",11,30,103,133
https://kawalpemilu.org#17349,"TAMBAK SARI, JAMBI SELATAN, KOTA JAMBI, JAMBI",12,84,79,163
https://kawalpemilu.org#17349,"TAMBAK SARI, JAMBI SELATAN, KOTA JAMBI, JAMBI",13,108,63,171
https://kawalpemilu.org#17349,"TAMBAK SARI, JAMBI SELATAN, KOTA JAMBI, JAMBI",14,83,149,232
https://kawalpemilu.org#17349,"TAMBAK SARI, JAMBI SELATAN, KOTA JAMBI, JAMBI",15,72,115,187
https://kawalpemilu.org#17349,"TAMBAK SARI, JAMBI SELATAN, KOTA JAMBI, JAMBI",16,97,150,247
https://kawalpemilu.org#17349,"TAMBAK SARI, JAMBI SELATAN, KOTA JAMBI, JAMBI",17,32,87,119
https://kawalpemilu.org#17349,"TAMBAK SARI, JAMBI SELATAN, KOTA JAMBI, JAMBI",18,49,55,104
https://kawalpemilu.org#17349,"TAMBAK SARI, JAMBI SELATAN, KOTA JAMBI, JAMBI",19,56,122,178
https://kawalpemilu.org#17349,"TAMBAK SARI, JAMBI SELATAN, KOTA JAMBI, JAMBI",20,34,84,118
https://kawalpemilu.org#17349,"TAMBAK SARI, JAMBI SELATAN, KOTA JAMBI, JAMBI",21,53,70,123
https://kawalpemilu.org#17349,"TAMBAK SARI, JAMBI SELATAN, KOTA JAMBI, JAMBI",22,55,102,157
https://kawalpemilu.org#17349,"TAMBAK SARI, JAMBI SELATAN, KOTA JAMBI, JAMBI",23,108,69,177
https://kawalpemilu.org#17349,"TAMBAK SARI, JAMBI SELATAN, KOTA JAMBI, JAMBI",24,118,75,193
https://kawalpemilu.org#17349,"TAMBAK SARI, JAMBI SELATAN, KOTA JAMBI, JAMBI",25,100,129,229
https://kawalpemilu.org#17349,"TAMBAK SARI, JAMBI SELATAN, KOTA JAMBI, JAMBI",26,46,122,168
https://kawalpemilu.org#17349,"TAMBAK SARI, JAMBI SELATAN, KOTA JAMBI, JAMBI",27,55,119,174
https://kawalpemilu.org#17349,"TAMBAK SARI, JAMBI SELATAN, KOTA JAMBI, JAMBI",28,66,192,258
https://kawalpemilu.org#17349,"TAMBAK SARI, JAMBI SELATAN, KOTA JAMBI, JAMBI",29,56,102,158
https://kawalpemilu.org#17349,"TAMBAK SARI, JAMBI SELATAN, KOTA JAMBI, JAMBI",30,24,127,151
https://kawalpemilu.org#17349,"TAMBAK SARI, JAMBI SELATAN, KOTA JAMBI, JAMBI",31,94,98,192
https://kawalpemilu.org#17349,"TAMBAK SARI, JAMBI SELATAN, KOTA JAMBI, JAMBI",32,91,108,199
https://kawalpemilu.org#17349,"TAMBAK SARI, JAMBI SELATAN, KOTA JAMBI, JAMBI",33,88,53,141
https://kawalpemilu.org#17350,"THEHOK, JAMBI SELATAN, KOTA JAMBI, JAMBI",1,119,20,139
https://kawalpemilu.org#17350,"THEHOK, JAMBI SELATAN, KOTA JAMBI, JAMBI",2,115,95,210
https://kawalpemilu.org#17350,"THEHOK, JAMBI SELATAN, KOTA JAMBI, JAMBI",3,50,83,133
https://kawalpemilu.org#17350,"THEHOK, JAMBI SELATAN, KOTA JAMBI, JAMBI",4,83,127,210
https://kawalpemilu.org#17350,"THEHOK, JAMBI SELATAN, KOTA JAMBI, JAMBI",5,96,86,182
https://kawalpemilu.org#17350,"THEHOK, JAMBI SELATAN, KOTA JAMBI, JAMBI",6,88,112,200
https://kawalpemilu.org#17350,"THEHOK, JAMBI SELATAN, KOTA JAMBI, JAMBI",7,51,91,142
https://kawalpemilu.org#17350,"THEHOK, JAMBI SELATAN, KOTA JAMBI, JAMBI",8,59,95,154
https://kawalpemilu.org#17350,"THEHOK, JAMBI SELATAN, KOTA JAMBI, JAMBI",9,90,131,221
https://kawalpemilu.org#17350,"THEHOK, JAMBI SELATAN, KOTA JAMBI, JAMBI",10,127,45,172
https://kawalpemilu.org#17350,"THEHOK, JAMBI SELATAN, KOTA JAMBI, JAMBI",11,75,99,174
https://kawalpemilu.org#17350,"THEHOK, JAMBI SELATAN, KOTA JAMBI, JAMBI",12,78,80,158
https://kawalpemilu.org#17350,"THEHOK, JAMBI SELATAN, KOTA JAMBI, JAMBI",13,79,94,173
https://kawalpemilu.org#17350,"THEHOK, JAMBI SELATAN, KOTA JAMBI, JAMBI",14,62,60,122
https://kawalpemilu.org#17350,"THEHOK, JAMBI SELATAN, KOTA JAMBI, JAMBI",15,49,58,107
https://kawalpemilu.org#17350,"THEHOK, JAMBI SELATAN, KOTA JAMBI, JAMBI",16,63,163,226
https://kawalpemilu.org#17350,"THEHOK, JAMBI SELATAN, KOTA JAMBI, JAMBI",17,91,100,191
https://kawalpemilu.org#17350,"THEHOK, JAMBI SELATAN, KOTA JAMBI, JAMBI",18,49,58,107
https://kawalpemilu.org#17350,"THEHOK, JAMBI SELATAN, KOTA JAMBI, JAMBI",19,84,79,163
https://kawalpemilu.org#17350,"THEHOK, JAMBI SELATAN, KOTA JAMBI, JAMBI",20,71,79,150
https://kawalpemilu.org#17350,"THEHOK, JAMBI SELATAN, KOTA JAMBI, JAMBI",21,76,64,140
https://kawalpemilu.org#17350,"THEHOK, JAMBI SELATAN, KOTA JAMBI, JAMBI",22,74,46,120
https://kawalpemilu.org#17350,"THEHOK, JAMBI SELATAN, KOTA JAMBI, JAMBI",23,83,97,180
https://kawalpemilu.org#17350,"THEHOK, JAMBI SELATAN, KOTA JAMBI, JAMBI",24,84,72,156
https://kawalpemilu.org#17350,"THEHOK, JAMBI SELATAN, KOTA JAMBI, JAMBI",25,67,83,150
https://kawalpemilu.org#17350,"THEHOK, JAMBI SELATAN, KOTA JAMBI, JAMBI",26,58,84,142
https://kawalpemilu.org#17350,"THEHOK, JAMBI SELATAN, KOTA JAMBI, JAMBI",27,117,107,224
https://kawalpemilu.org#17350,"THEHOK, JAMBI SELATAN, KOTA JAMBI, JAMBI",28,116,86,202
https://kawalpemilu.org#17350,"THEHOK, JAMBI SELATAN, KOTA JAMBI, JAMBI",29,90,88,178
https://kawalpemilu.org#17350,"THEHOK, JAMBI SELATAN, KOTA JAMBI, JAMBI",30,101,82,183
https://kawalpemilu.org#17350,"THEHOK, JAMBI SELATAN, KOTA JAMBI, JAMBI",31,97,124,221
https://kawalpemilu.org#17350,"THEHOK, JAMBI SELATAN, KOTA JAMBI, JAMBI",32,81,85,166
https://kawalpemilu.org#17350,"THEHOK, JAMBI SELATAN, KOTA JAMBI, JAMBI",33,78,70,148
https://kawalpemilu.org#17350,"THEHOK, JAMBI SELATAN, KOTA JAMBI, JAMBI",34,50,79,129
https://kawalpemilu.org#17350,"THEHOK, JAMBI SELATAN, KOTA JAMBI, JAMBI",35,101,52,153
https://kawalpemilu.org#17350,"THEHOK, JAMBI SELATAN, KOTA JAMBI, JAMBI",36,63,72,135
https://kawalpemilu.org#17350,"THEHOK, JAMBI SELATAN, KOTA JAMBI, JAMBI",37,54,70,124
https://kawalpemilu.org#17350,"THEHOK, JAMBI SELATAN, KOTA JAMBI, JAMBI",38,49,48,97
https://kawalpemilu.org#17350,"THEHOK, JAMBI SELATAN, KOTA JAMBI, JAMBI",39,34,62,96
https://kawalpemilu.org#17350,"THEHOK, JAMBI SELATAN, KOTA JAMBI, JAMBI",40,93,130,223
https://kawalpemilu.org#17350,"THEHOK, JAMBI SELATAN, KOTA JAMBI, JAMBI",41,83,127,210
https://kawalpemilu.org#17350,"THEHOK, JAMBI SELATAN, KOTA JAMBI, JAMBI",42,80,137,217
https://kawalpemilu.org#17350,"THEHOK, JAMBI SELATAN, KOTA JAMBI, JAMBI",43,84,126,210
https://kawalpemilu.org#17350,"THEHOK, JAMBI SELATAN, KOTA JAMBI, JAMBI",44,56,94,150
https://kawalpemilu.org#17350,"THEHOK, JAMBI SELATAN, KOTA JAMBI, JAMBI",45,61,85,146
https://kawalpemilu.org#17350,"THEHOK, JAMBI SELATAN, KOTA JAMBI, JAMBI",46,66,114,180
https://kawalpemilu.org#17350,"THEHOK, JAMBI SELATAN, KOTA JAMBI, JAMBI",47,61,109,170
https://kawalpemilu.org#17350,"THEHOK, JAMBI SELATAN, KOTA JAMBI, JAMBI",48,69,136,205
https://kawalpemilu.org#17350,"THEHOK, JAMBI SELATAN, KOTA JAMBI, JAMBI",49,86,127,213
https://kawalpemilu.org#17350,"THEHOK, JAMBI SELATAN, KOTA JAMBI, JAMBI",50,48,122,170
https://kawalpemilu.org#17350,"THEHOK, JAMBI SELATAN, KOTA JAMBI, JAMBI",51,105,148,253
https://kawalpemilu.org#17350,"THEHOK, JAMBI SELATAN, KOTA JAMBI, JAMBI",52,37,109,146
https://kawalpemilu.org#17350,"THEHOK, JAMBI SELATAN, KOTA JAMBI, JAMBI",53,56,102,158
https://kawalpemilu.org#17350,"THEHOK, JAMBI SELATAN, KOTA JAMBI, JAMBI",54,70,153,223
https://kawalpemilu.org#17350,"THEHOK, JAMBI SELATAN, KOTA JAMBI, JAMBI",55,120,86,206
https://kawalpemilu.org#17350,"THEHOK, JAMBI SELATAN, KOTA JAMBI, JAMBI",56,54,118,172
https://kawalpemilu.org#17350,"THEHOK, JAMBI SELATAN, KOTA JAMBI, JAMBI",57,82,134,216
https://kawalpemilu.org#17350,"THEHOK, JAMBI SELATAN, KOTA JAMBI, JAMBI",58,46,84,130
https://kawalpemilu.org#17350,"THEHOK, JAMBI SELATAN, KOTA JAMBI, JAMBI",59,46,63,109
https://kawalpemilu.org#17350,"THEHOK, JAMBI SELATAN, KOTA JAMBI, JAMBI",60,26,52,78
https://kawalpemilu.org#17350,"THEHOK, JAMBI SELATAN, KOTA JAMBI, JAMBI",61,50,101,151
https://kawalpemilu.org#17350,"THEHOK, JAMBI SELATAN, KOTA JAMBI, JAMBI",62,42,101,143
https://kawalpemilu.org#17350,"THEHOK, JAMBI SELATAN, KOTA JAMBI, JAMBI",63,27,45,72
https://kawalpemilu.org#17351,"WIJAYA PURA, JAMBI SELATAN, KOTA JAMBI, JAMBI",1,80,69,149
https://kawalpemilu.org#17351,"WIJAYA PURA, JAMBI SELATAN, KOTA JAMBI, JAMBI",2,62,122,184
https://kawalpemilu.org#17351,"WIJAYA PURA, JAMBI SELATAN, KOTA JAMBI, JAMBI",3,45,127,172
https://kawalpemilu.org#17351,"WIJAYA PURA, JAMBI SELATAN, KOTA JAMBI, JAMBI",4,99,148,247
https://kawalpemilu.org#17351,"WIJAYA PURA, JAMBI SELATAN, KOTA JAMBI, JAMBI",5,53,122,175
https://kawalpemilu.org#17351,"WIJAYA PURA, JAMBI SELATAN, KOTA JAMBI, JAMBI",6,130,127,257
https://kawalpemilu.org#17351,"WIJAYA PURA, JAMBI SELATAN, KOTA JAMBI, JAMBI",7,92,111,203
https://kawalpemilu.org#17351,"WIJAYA PURA, JAMBI SELATAN, KOTA JAMBI, JAMBI",8,133,54,187
https://kawalpemilu.org#17351,"WIJAYA PURA, JAMBI SELATAN, KOTA JAMBI, JAMBI",9,70,52,122
https://kawalpemilu.org#17351,"WIJAYA PURA, JAMBI SELATAN, KOTA JAMBI, JAMBI",10,124,137,261
https://kawalpemilu.org#17351,"WIJAYA PURA, JAMBI SELATAN, KOTA JAMBI, JAMBI",11,56,110,166
https://kawalpemilu.org#17351,"WIJAYA PURA, JAMBI SELATAN, KOTA JAMBI, JAMBI",12,86,154,240
https://kawalpemilu.org#17351,"WIJAYA PURA, JAMBI SELATAN, KOTA JAMBI, JAMBI",13,80,95,175
https://kawalpemilu.org#17351,"WIJAYA PURA, JAMBI SELATAN, KOTA JAMBI, JAMBI",14,96,107,203
https://kawalpemilu.org#17351,"WIJAYA PURA, JAMBI SELATAN, KOTA JAMBI, JAMBI",15,75,123,198
https://kawalpemilu.org#17351,"WIJAYA PURA, JAMBI SELATAN, KOTA JAMBI, JAMBI",16,66,40,106
https://kawalpemilu.org#17351,"WIJAYA PURA, JAMBI SELATAN, KOTA JAMBI, JAMBI",17,48,66,114
https://kawalpemilu.org#17351,"WIJAYA PURA, JAMBI SELATAN, KOTA JAMBI, JAMBI",18,75,140,215
https://kawalpemilu.org#17351,"WIJAYA PURA, JAMBI SELATAN, KOTA JAMBI, JAMBI",19,95,61,156
https://kawalpemilu.org#17351,"WIJAYA PURA, JAMBI SELATAN, KOTA JAMBI, JAMBI",20,39,79,118
https://kawalpemilu.org#17351,"WIJAYA PURA, JAMBI SELATAN, KOTA JAMBI, JAMBI",21,80,84,164
https://kawalpemilu.org#17351,"WIJAYA PURA, JAMBI SELATAN, KOTA JAMBI, JAMBI",22,128,95,223
https://kawalpemilu.org#17351,"WIJAYA PURA, JAMBI SELATAN, KOTA JAMBI, JAMBI",23,52,84,136
https://kawalpemilu.org#17351,"WIJAYA PURA, JAMBI SELATAN, KOTA JAMBI, JAMBI",24,55,104,159
https://kawalpemilu.org#17352,"PAKUAN BARU, JAMBI SELATAN, KOTA JAMBI, JAMBI",1,62,107,169
https://kawalpemilu.org#17352,"PAKUAN BARU, JAMBI SELATAN, KOTA JAMBI, JAMBI",2,77,58,135
https://kawalpemilu.org#17352,"PAKUAN BARU, JAMBI SELATAN, KOTA JAMBI, JAMBI",3,74,112,186
https://kawalpemilu.org#17352,"PAKUAN BARU, JAMBI SELATAN, KOTA JAMBI, JAMBI",4,91,85,176
https://kawalpemilu.org#17352,"PAKUAN BARU, JAMBI SELATAN, KOTA JAMBI, JAMBI",5,99,160,259
https://kawalpemilu.org#17352,"PAKUAN BARU, JAMBI SELATAN, KOTA JAMBI, JAMBI",6,101,132,233
https://kawalpemilu.org#17352,"PAKUAN BARU, JAMBI SELATAN, KOTA JAMBI, JAMBI",7,109,122,231
https://kawalpemilu.org#17352,"PAKUAN BARU, JAMBI SELATAN, KOTA JAMBI, JAMBI",8,118,115,233
https://kawalpemilu.org#17352,"PAKUAN BARU, JAMBI SELATAN, KOTA JAMBI, JAMBI",9,49,84,133
https://kawalpemilu.org#17352,"PAKUAN BARU, JAMBI SELATAN, KOTA JAMBI, JAMBI",10,62,80,142
https://kawalpemilu.org#17352,"PAKUAN BARU, JAMBI SELATAN, KOTA JAMBI, JAMBI",11,71,162,233
https://kawalpemilu.org#17352,"PAKUAN BARU, JAMBI SELATAN, KOTA JAMBI, JAMBI",12,123,116,239
https://kawalpemilu.org#17352,"PAKUAN BARU, JAMBI SELATAN, KOTA JAMBI, JAMBI",13,43,103,146
https://kawalpemilu.org#17352,"PAKUAN BARU, JAMBI SELATAN, KOTA JAMBI, JAMBI",14,79,114,193
https://kawalpemilu.org#17352,"PAKUAN BARU, JAMBI SELATAN, KOTA JAMBI, JAMBI",15,87,179,266
https://kawalpemilu.org#17352,"PAKUAN BARU, JAMBI SELATAN, KOTA JAMBI, JAMBI",16,99,104,203
https://kawalpemilu.org#17352,"PAKUAN BARU, JAMBI SELATAN, KOTA JAMBI, JAMBI",17,85,107,192
https://kawalpemilu.org#17352,"PAKUAN BARU, JAMBI SELATAN, KOTA JAMBI, JAMBI",18,68,141,209
https://kawalpemilu.org#17352,"PAKUAN BARU, JAMBI SELATAN, KOTA JAMBI, JAMBI",19,94,64,158
https://kawalpemilu.org#17352,"PAKUAN BARU, JAMBI SELATAN, KOTA JAMBI, JAMBI",20,90,59,149
https://kawalpemilu.org#17352,"PAKUAN BARU, JAMBI SELATAN, KOTA JAMBI, JAMBI",21,70,49,119
https://kawalpemilu.org#17352,"PAKUAN BARU, JAMBI SELATAN, KOTA JAMBI, JAMBI",22,73,27,100
https://kawalpemilu.org#17352,"PAKUAN BARU, JAMBI SELATAN, KOTA JAMBI, JAMBI",23,128,70,198
https://kawalpemilu.org#17352,"PAKUAN BARU, JAMBI SELATAN, KOTA JAMBI, JAMBI",24,65,89,154
https://kawalpemilu.org#17357,"SIJENJANG, JAMBI TIMUR, KOTA JAMBI, JAMBI",1,88,130,218
https://kawalpemilu.org#17357,"SIJENJANG, JAMBI TIMUR, KOTA JAMBI, JAMBI",2,84,144,228
https://kawalpemilu.org#17357,"SIJENJANG, JAMBI TIMUR, KOTA JAMBI, JAMBI",3,103,111,214
https://kawalpemilu.org#17357,"SIJENJANG, JAMBI TIMUR, KOTA JAMBI, JAMBI",4,43,117,160
https://kawalpemilu.org#17357,"SIJENJANG, JAMBI TIMUR, KOTA JAMBI, JAMBI",5,43,130,173
https://kawalpemilu.org#17357,"SIJENJANG, JAMBI TIMUR, KOTA JAMBI, JAMBI",6,37,112,149
https://kawalpemilu.org#17357,"SIJENJANG, JAMBI TIMUR, KOTA JAMBI, JAMBI",7,42,100,142
https://kawalpemilu.org#17357,"SIJENJANG, JAMBI TIMUR, KOTA JAMBI, JAMBI",8,60,85,145
https://kawalpemilu.org#17357,"SIJENJANG, JAMBI TIMUR, KOTA JAMBI, JAMBI",9,106,44,150
https://kawalpemilu.org#17357,"SIJENJANG, JAMBI TIMUR, KOTA JAMBI, JAMBI",10,115,30,145
https://kawalpemilu.org#17357,"SIJENJANG, JAMBI TIMUR, KOTA JAMBI, JAMBI",11,66,104,170
https://kawalpemilu.org#17357,"SIJENJANG, JAMBI TIMUR, KOTA JAMBI, JAMBI",12,54,154,208
https://kawalpemilu.org#17357,"SIJENJANG, JAMBI TIMUR, KOTA JAMBI, JAMBI",13,184,56,240
https://kawalpemilu.org#17357,"SIJENJANG, JAMBI TIMUR, KOTA JAMBI, JAMBI",14,101,122,223
https://kawalpemilu.org#17358,"KASANG JAYA, JAMBI TIMUR, KOTA JAMBI, JAMBI",1,62,82,144
https://kawalpemilu.org#17358,"KASANG JAYA, JAMBI TIMUR, KOTA JAMBI, JAMBI",2,53,94,147
https://kawalpemilu.org#17358,"KASANG JAYA, JAMBI TIMUR, KOTA JAMBI, JAMBI",3,85,72,157
https://kawalpemilu.org#17358,"KASANG JAYA, JAMBI TIMUR, KOTA JAMBI, JAMBI",4,73,91,164
https://kawalpemilu.org#17358,"KASANG JAYA, JAMBI TIMUR, KOTA JAMBI, JAMBI",5,110,109,219
https://kawalpemilu.org#17358,"KASANG JAYA, JAMBI TIMUR, KOTA JAMBI, JAMBI",6,122,134,256
https://kawalpemilu.org#17358,"KASANG JAYA, JAMBI TIMUR, KOTA JAMBI, JAMBI",8,52,168,220
https://kawalpemilu.org#17358,"KASANG JAYA, JAMBI TIMUR, KOTA JAMBI, JAMBI",9,86,158,244
https://kawalpemilu.org#17358,"KASANG JAYA, JAMBI TIMUR, KOTA JAMBI, JAMBI",10,99,103,202
https://kawalpemilu.org#17358,"KASANG JAYA, JAMBI TIMUR, KOTA JAMBI, JAMBI",11,77,121,198
https://kawalpemilu.org#17358,"KASANG JAYA, JAMBI TIMUR, KOTA JAMBI, JAMBI",12,76,93,169
https://kawalpemilu.org#17358,"KASANG JAYA, JAMBI TIMUR, KOTA JAMBI, JAMBI",13,53,114,167
https://kawalpemilu.org#17358,"KASANG JAYA, JAMBI TIMUR, KOTA JAMBI, JAMBI",14,72,75,147
https://kawalpemilu.org#17358,"KASANG JAYA, JAMBI TIMUR, KOTA JAMBI, JAMBI",15,60,86,146
https://kawalpemilu.org#17358,"KASANG JAYA, JAMBI TIMUR, KOTA JAMBI, JAMBI",16,66,79,145
https://kawalpemilu.org#17358,"KASANG JAYA, JAMBI TIMUR, KOTA JAMBI, JAMBI",17,60,88,148
https://kawalpemilu.org#17358,"KASANG JAYA, JAMBI TIMUR, KOTA JAMBI, JAMBI",18,62,108,170
https://kawalpemilu.org#17358,"KASANG JAYA, JAMBI TIMUR, KOTA JAMBI, JAMBI",19,94,89,183
https://kawalpemilu.org#17358,"KASANG JAYA, JAMBI TIMUR, KOTA JAMBI, JAMBI",20,81,96,177
https://kawalpemilu.org#17358,"KASANG JAYA, JAMBI TIMUR, KOTA JAMBI, JAMBI",21,86,92,178
https://kawalpemilu.org#17359,"TALANG BANJAR, JAMBI TIMUR, KOTA JAMBI, JAMBI",1,82,6,88
https://kawalpemilu.org#17359,"TALANG BANJAR, JAMBI TIMUR, KOTA JAMBI, JAMBI",2,171,31,202
https://kawalpemilu.org#17359,"TALANG BANJAR, JAMBI TIMUR, KOTA JAMBI, JAMBI",3,139,73,212
https://kawalpemilu.org#17359,"TALANG BANJAR, JAMBI TIMUR, KOTA JAMBI, JAMBI",4,89,46,135
https://kawalpemilu.org#17359,"TALANG BANJAR, JAMBI TIMUR, KOTA JAMBI, JAMBI",5,92,34,126
https://kawalpemilu.org#17359,"TALANG BANJAR, JAMBI TIMUR, KOTA JAMBI, JAMBI",6,68,54,122
https://kawalpemilu.org#17359,"TALANG BANJAR, JAMBI TIMUR, KOTA JAMBI, JAMBI",7,137,75,212
https://kawalpemilu.org#17359,"TALANG BANJAR, JAMBI TIMUR, KOTA JAMBI, JAMBI",8,70,44,114
https://kawalpemilu.org#17359,"TALANG BANJAR, JAMBI TIMUR, KOTA JAMBI, JAMBI",9,71,87,158
https://kawalpemilu.org#17359,"TALANG BANJAR, JAMBI TIMUR, KOTA JAMBI, JAMBI",10,61,76,137
https://kawalpemilu.org#17359,"TALANG BANJAR, JAMBI TIMUR, KOTA JAMBI, JAMBI",11,132,19,151
https://kawalpemilu.org#17359,"TALANG BANJAR, JAMBI TIMUR, KOTA JAMBI, JAMBI",12,81,55,136
https://kawalpemilu.org#17359,"TALANG BANJAR, JAMBI TIMUR, KOTA JAMBI, JAMBI",13,69,62,131
https://kawalpemilu.org#17359,"TALANG BANJAR, JAMBI TIMUR, KOTA JAMBI, JAMBI",14,118,111,229
https://kawalpemilu.org#17359,"TALANG BANJAR, JAMBI TIMUR, KOTA JAMBI, JAMBI",15,177,101,278
https://kawalpemilu.org#17359,"TALANG BANJAR, JAMBI TIMUR, KOTA JAMBI, JAMBI",16,103,109,212
https://kawalpemilu.org#17359,"TALANG BANJAR, JAMBI TIMUR, KOTA JAMBI, JAMBI",17,87,78,165
https://kawalpemilu.org#17359,"TALANG BANJAR, JAMBI TIMUR, KOTA JAMBI, JAMBI",18,69,43,112
https://kawalpemilu.org#17359,"TALANG BANJAR, JAMBI TIMUR, KOTA JAMBI, JAMBI",19,60,56,116
https://kawalpemilu.org#17359,"TALANG BANJAR, JAMBI TIMUR, KOTA JAMBI, JAMBI",20,92,135,227
https://kawalpemilu.org#17359,"TALANG BANJAR, JAMBI TIMUR, KOTA JAMBI, JAMBI",21,85,141,226
https://kawalpemilu.org#17359,"TALANG BANJAR, JAMBI TIMUR, KOTA JAMBI, JAMBI",22,112,113,225
https://kawalpemilu.org#17359,"TALANG BANJAR, JAMBI TIMUR, KOTA JAMBI, JAMBI",23,98,60,158
https://kawalpemilu.org#17359,"TALANG BANJAR, JAMBI TIMUR, KOTA JAMBI, JAMBI",24,122,55,177
https://kawalpemilu.org#17359,"TALANG BANJAR, JAMBI TIMUR, KOTA JAMBI, JAMBI",25,114,51,165
https://kawalpemilu.org#17359,"TALANG BANJAR, JAMBI TIMUR, KOTA JAMBI, JAMBI",26,68,57,125
https://kawalpemilu.org#17359,"TALANG BANJAR, JAMBI TIMUR, KOTA JAMBI, JAMBI",27,111,30,141
https://kawalpemilu.org#17359,"TALANG BANJAR, JAMBI TIMUR, KOTA JAMBI, JAMBI",28,87,79,166
https://kawalpemilu.org#17359,"TALANG BANJAR, JAMBI TIMUR, KOTA JAMBI, JAMBI",29,82,68,150
https://kawalpemilu.org#17359,"TALANG BANJAR, JAMBI TIMUR, KOTA JAMBI, JAMBI",30,102,68,170
https://kawalpemilu.org#17359,"TALANG BANJAR, JAMBI TIMUR, KOTA JAMBI, JAMBI",31,100,91,191
https://kawalpemilu.org#17359,"TALANG BANJAR, JAMBI TIMUR, KOTA JAMBI, JAMBI",32,85,107,192
https://kawalpemilu.org#17359,"TALANG BANJAR, JAMBI TIMUR, KOTA JAMBI, JAMBI",33,103,99,202
https://kawalpemilu.org#17359,"TALANG BANJAR, JAMBI TIMUR, KOTA JAMBI, JAMBI",34,111,99,210
https://kawalpemilu.org#17359,"TALANG BANJAR, JAMBI TIMUR, KOTA JAMBI, JAMBI",35,64,108,172
https://kawalpemilu.org#17359,"TALANG BANJAR, JAMBI TIMUR, KOTA JAMBI, JAMBI",36,91,105,196
https://kawalpemilu.org#17359,"TALANG BANJAR, JAMBI TIMUR, KOTA JAMBI, JAMBI",37,140,70,210
https://kawalpemilu.org#17359,"TALANG BANJAR, JAMBI TIMUR, KOTA JAMBI, JAMBI",38,128,80,208
https://kawalpemilu.org#17359,"TALANG BANJAR, JAMBI TIMUR, KOTA JAMBI, JAMBI",39,119,124,243
https://kawalpemilu.org#17359,"TALANG BANJAR, JAMBI TIMUR, KOTA JAMBI, JAMBI",40,144,100,244
https://kawalpemilu.org#17359,"TALANG BANJAR, JAMBI TIMUR, KOTA JAMBI, JAMBI",41,135,91,226
https://kawalpemilu.org#17359,"TALANG BANJAR, JAMBI TIMUR, KOTA JAMBI, JAMBI",42,124,87,211
https://kawalpemilu.org#17359,"TALANG BANJAR, JAMBI TIMUR, KOTA JAMBI, JAMBI",43,87,102,189
https://kawalpemilu.org#17359,"TALANG BANJAR, JAMBI TIMUR, KOTA JAMBI, JAMBI",44,95,94,189
https://kawalpemilu.org#17359,"TALANG BANJAR, JAMBI TIMUR, KOTA JAMBI, JAMBI",45,93,119,212
https://kawalpemilu.org#17360,"BUDIMAN, JAMBI TIMUR, KOTA JAMBI, JAMBI",1,89,15,104
https://kawalpemilu.org#17360,"BUDIMAN, JAMBI TIMUR, KOTA JAMBI, JAMBI",2,105,77,182
https://kawalpemilu.org#17360,"BUDIMAN, JAMBI TIMUR, KOTA JAMBI, JAMBI",3,82,143,225
https://kawalpemilu.org#17360,"BUDIMAN, JAMBI TIMUR, KOTA JAMBI, JAMBI",4,96,35,131
https://kawalpemilu.org#17360,"BUDIMAN, JAMBI TIMUR, KOTA JAMBI, JAMBI",5,121,92,213
https://kawalpemilu.org#17360,"BUDIMAN, JAMBI TIMUR, KOTA JAMBI, JAMBI",6,84,53,137
https://kawalpemilu.org#17360,"BUDIMAN, JAMBI TIMUR, KOTA JAMBI, JAMBI",7,105,82,187
https://kawalpemilu.org#17360,"BUDIMAN, JAMBI TIMUR, KOTA JAMBI, JAMBI",8,66,106,172
https://kawalpemilu.org#17360,"BUDIMAN, JAMBI TIMUR, KOTA JAMBI, JAMBI",9,70,48,118
https://kawalpemilu.org#17360,"BUDIMAN, JAMBI TIMUR, KOTA JAMBI, JAMBI",10,119,54,173
https://kawalpemilu.org#17360,"BUDIMAN, JAMBI TIMUR, KOTA JAMBI, JAMBI",11,65,37,102
https://kawalpemilu.org#17360,"BUDIMAN, JAMBI TIMUR, KOTA JAMBI, JAMBI",12,120,14,134
https://kawalpemilu.org#17360,"BUDIMAN, JAMBI TIMUR, KOTA JAMBI, JAMBI",13,145,27,172
https://kawalpemilu.org#17360,"BUDIMAN, JAMBI TIMUR, KOTA JAMBI, JAMBI",14,79,72,151
https://kawalpemilu.org#17360,"BUDIMAN, JAMBI TIMUR, KOTA JAMBI, JAMBI",15,91,28,119
https://kawalpemilu.org#17360,"BUDIMAN, JAMBI TIMUR, KOTA JAMBI, JAMBI",16,105,107,212
https://kawalpemilu.org#17360,"BUDIMAN, JAMBI TIMUR, KOTA JAMBI, JAMBI",17,79,43,122
https://kawalpemilu.org#17360,"BUDIMAN, JAMBI TIMUR, KOTA JAMBI, JAMBI",18,91,28,119
https://kawalpemilu.org#17361,"SULANJANA, JAMBI TIMUR, KOTA JAMBI, JAMBI",1,100,21,121
https://kawalpemilu.org#17361,"SULANJANA, JAMBI TIMUR, KOTA JAMBI, JAMBI",2,72,36,108
https://kawalpemilu.org#17361,"SULANJANA, JAMBI TIMUR, KOTA JAMBI, JAMBI",3,35,106,141
https://kawalpemilu.org#17361,"SULANJANA, JAMBI TIMUR, KOTA JAMBI, JAMBI",4,43,102,145
https://kawalpemilu.org#17361,"SULANJANA, JAMBI TIMUR, KOTA JAMBI, JAMBI",5,96,8,104
https://kawalpemilu.org#17361,"SULANJANA, JAMBI TIMUR, KOTA JAMBI, JAMBI",6,69,27,96
https://kawalpemilu.org#17361,"SULANJANA, JAMBI TIMUR, KOTA JAMBI, JAMBI",7,98,6,104
https://kawalpemilu.org#17361,"SULANJANA, JAMBI TIMUR, KOTA JAMBI, JAMBI",8,109,64,173
https://kawalpemilu.org#17361,"SULANJANA, JAMBI TIMUR, KOTA JAMBI, JAMBI",9,102,67,169
https://kawalpemilu.org#17361,"SULANJANA, JAMBI TIMUR, KOTA JAMBI, JAMBI",10,56,63,119
https://kawalpemilu.org#17361,"SULANJANA, JAMBI TIMUR, KOTA JAMBI, JAMBI",11,15,133,148
https://kawalpemilu.org#17361,"SULANJANA, JAMBI TIMUR, KOTA JAMBI, JAMBI",12,131,40,171
https://kawalpemilu.org#17361,"SULANJANA, JAMBI TIMUR, KOTA JAMBI, JAMBI",13,99,12,111
https://kawalpemilu.org#17361,"SULANJANA, JAMBI TIMUR, KOTA JAMBI, JAMBI",14,86,86,172
https://kawalpemilu.org#17361,"SULANJANA, JAMBI TIMUR, KOTA JAMBI, JAMBI",15,131,53,184
https://kawalpemilu.org#17361,"SULANJANA, JAMBI TIMUR, KOTA JAMBI, JAMBI",16,89,30,119
https://kawalpemilu.org#17361,"SULANJANA, JAMBI TIMUR, KOTA JAMBI, JAMBI",17,99,60,159
https://kawalpemilu.org#17362,"KASANG, JAMBI TIMUR, KOTA JAMBI, JAMBI",1,65,92,157
https://kawalpemilu.org#17362,"KASANG, JAMBI TIMUR, KOTA JAMBI, JAMBI",2,69,67,136
https://kawalpemilu.org#17362,"KASANG, JAMBI TIMUR, KOTA JAMBI, JAMBI",3,73,65,138
https://kawalpemilu.org#17362,"KASANG, JAMBI TIMUR, KOTA JAMBI, JAMBI",4,54,103,157
https://kawalpemilu.org#17362,"KASANG, JAMBI TIMUR, KOTA JAMBI, JAMBI",5,66,100,166
https://kawalpemilu.org#17362,"KASANG, JAMBI TIMUR, KOTA JAMBI, JAMBI",6,62,82,144
https://kawalpemilu.org#17362,"KASANG, JAMBI TIMUR, KOTA JAMBI, JAMBI",7,58,89,147
https://kawalpemilu.org#17362,"KASANG, JAMBI TIMUR, KOTA JAMBI, JAMBI",8,67,124,191
https://kawalpemilu.org#17362,"KASANG, JAMBI TIMUR, KOTA JAMBI, JAMBI",9,78,84,162
https://kawalpemilu.org#17362,"KASANG, JAMBI TIMUR, KOTA JAMBI, JAMBI",10,95,105,200
https://kawalpemilu.org#17362,"KASANG, JAMBI TIMUR, KOTA JAMBI, JAMBI",11,105,73,178
https://kawalpemilu.org#17362,"KASANG, JAMBI TIMUR, KOTA JAMBI, JAMBI",12,71,94,165
https://kawalpemilu.org#17362,"KASANG, JAMBI TIMUR, KOTA JAMBI, JAMBI",13,71,91,162
https://kawalpemilu.org#17362,"KASANG, JAMBI TIMUR, KOTA JAMBI, JAMBI",14,63,101,164
https://kawalpemilu.org#17362,"KASANG, JAMBI TIMUR, KOTA JAMBI, JAMBI",15,91,85,176
https://kawalpemilu.org#17362,"KASANG, JAMBI TIMUR, KOTA JAMBI, JAMBI",16,80,70,150
https://kawalpemilu.org#17362,"KASANG, JAMBI TIMUR, KOTA JAMBI, JAMBI",17,120,152,272
https://kawalpemilu.org#17362,"KASANG, JAMBI TIMUR, KOTA JAMBI, JAMBI",18,104,83,187
https://kawalpemilu.org#17362,"KASANG, JAMBI TIMUR, KOTA JAMBI, JAMBI",19,146,89,235
https://kawalpemilu.org#17363,"TANJUNG SARI, JAMBI TIMUR, KOTA JAMBI, JAMBI",1,111,97,209
https://kawalpemilu.org#17363,"TANJUNG SARI, JAMBI TIMUR, KOTA JAMBI, JAMBI",2,112,124,234
https://kawalpemilu.org#17363,"TANJUNG SARI, JAMBI TIMUR, KOTA JAMBI, JAMBI",3,114,86,200
https://kawalpemilu.org#17363,"TANJUNG SARI, JAMBI TIMUR, KOTA JAMBI, JAMBI",4,62,54,116
https://kawalpemilu.org#17363,"TANJUNG SARI, JAMBI TIMUR, KOTA JAMBI, JAMBI",5,107,75,182
https://kawalpemilu.org#17363,"TANJUNG SARI, JAMBI TIMUR, KOTA JAMBI, JAMBI",6,93,70,163
https://kawalpemilu.org#17363,"TANJUNG SARI, JAMBI TIMUR, KOTA JAMBI, JAMBI",7,89,97,186
https://kawalpemilu.org#17363,"TANJUNG SARI, JAMBI TIMUR, KOTA JAMBI, JAMBI",8,77,100,177
https://kawalpemilu.org#17363,"TANJUNG SARI, JAMBI TIMUR, KOTA JAMBI, JAMBI",9,128,101,229
https://kawalpemilu.org#17363,"TANJUNG SARI, JAMBI TIMUR, KOTA JAMBI, JAMBI",10,57,84,141
https://kawalpemilu.org#17363,"TANJUNG SARI, JAMBI TIMUR, KOTA JAMBI, JAMBI",11,109,72,181
https://kawalpemilu.org#17363,"TANJUNG SARI, JAMBI TIMUR, KOTA JAMBI, JAMBI",12,93,168,261
https://kawalpemilu.org#17363,"TANJUNG SARI, JAMBI TIMUR, KOTA JAMBI, JAMBI",13,77,90,167
https://kawalpemilu.org#17363,"TANJUNG SARI, JAMBI TIMUR, KOTA JAMBI, JAMBI",14,108,82,190
https://kawalpemilu.org#17363,"TANJUNG SARI, JAMBI TIMUR, KOTA JAMBI, JAMBI",15,51,79,130
https://kawalpemilu.org#17363,"TANJUNG SARI, JAMBI TIMUR, KOTA JAMBI, JAMBI",16,90,74,164
https://kawalpemilu.org#17363,"TANJUNG SARI, JAMBI TIMUR, KOTA JAMBI, JAMBI",17,108,71,179
https://kawalpemilu.org#17363,"TANJUNG SARI, JAMBI TIMUR, KOTA JAMBI, JAMBI",18,74,42,116
https://kawalpemilu.org#17363,"TANJUNG SARI, JAMBI TIMUR, KOTA JAMBI, JAMBI",19,96,121,217
https://kawalpemilu.org#17363,"TANJUNG SARI, JAMBI TIMUR, KOTA JAMBI, JAMBI",20,90,148,238
https://kawalpemilu.org#17363,"TANJUNG SARI, JAMBI TIMUR, KOTA JAMBI, JAMBI",21,74,111,185
https://kawalpemilu.org#17363,"TANJUNG SARI, JAMBI TIMUR, KOTA JAMBI, JAMBI",22,87,77,164
https://kawalpemilu.org#17363,"TANJUNG SARI, JAMBI TIMUR, KOTA JAMBI, JAMBI",23,54,107,161
https://kawalpemilu.org#17363,"TANJUNG SARI, JAMBI TIMUR, KOTA JAMBI, JAMBI",24,56,96,152
https://kawalpemilu.org#17363,"TANJUNG SARI, JAMBI TIMUR, KOTA JAMBI, JAMBI",25,71,93,164
https://kawalpemilu.org#17363,"TANJUNG SARI, JAMBI TIMUR, KOTA JAMBI, JAMBI",26,52,99,151
https://kawalpemilu.org#17363,"TANJUNG SARI, JAMBI TIMUR, KOTA JAMBI, JAMBI",27,67,70,137
https://kawalpemilu.org#17363,"TANJUNG SARI, JAMBI TIMUR, KOTA JAMBI, JAMBI",28,64,77,167
https://kawalpemilu.org#17363,"TANJUNG SARI, JAMBI TIMUR, KOTA JAMBI, JAMBI",29,94,108,202
https://kawalpemilu.org#17364,"RAJAWALI, JAMBI TIMUR, KOTA JAMBI, JAMBI",1,55,60,115
https://kawalpemilu.org#17364,"RAJAWALI, JAMBI TIMUR, KOTA JAMBI, JAMBI",2,79,69,148
https://kawalpemilu.org#17364,"RAJAWALI, JAMBI TIMUR, KOTA JAMBI, JAMBI",3,74,13,87
https://kawalpemilu.org#17364,"RAJAWALI, JAMBI TIMUR, KOTA JAMBI, JAMBI",4,68,36,104
https://kawalpemilu.org#17364,"RAJAWALI, JAMBI TIMUR, KOTA JAMBI, JAMBI",5,37,28,65
https://kawalpemilu.org#17364,"RAJAWALI, JAMBI TIMUR, KOTA JAMBI, JAMBI",6,93,99,192
https://kawalpemilu.org#17364,"RAJAWALI, JAMBI TIMUR, KOTA JAMBI, JAMBI",7,75,30,105
https://kawalpemilu.org#17364,"RAJAWALI, JAMBI TIMUR, KOTA JAMBI, JAMBI",8,148,74,222
https://kawalpemilu.org#17364,"RAJAWALI, JAMBI TIMUR, KOTA JAMBI, JAMBI",9,108,73,181
https://kawalpemilu.org#17364,"RAJAWALI, JAMBI TIMUR, KOTA JAMBI, JAMBI",10,81,54,135
https://kawalpemilu.org#17364,"RAJAWALI, JAMBI TIMUR, KOTA JAMBI, JAMBI",11,95,130,225
https://kawalpemilu.org#17364,"RAJAWALI, JAMBI TIMUR, KOTA JAMBI, JAMBI",12,89,141,230
https://kawalpemilu.org#17364,"RAJAWALI, JAMBI TIMUR, KOTA JAMBI, JAMBI",13,81,104,185
https://kawalpemilu.org#17364,"RAJAWALI, JAMBI TIMUR, KOTA JAMBI, JAMBI",14,31,105,136
https://kawalpemilu.org#17364,"RAJAWALI, JAMBI TIMUR, KOTA JAMBI, JAMBI",15,109,148,257
https://kawalpemilu.org#17364,"RAJAWALI, JAMBI TIMUR, KOTA JAMBI, JAMBI",16,47,75,122
https://kawalpemilu.org#17364,"RAJAWALI, JAMBI TIMUR, KOTA JAMBI, JAMBI",17,35,100,135
https://kawalpemilu.org#17364,"RAJAWALI, JAMBI TIMUR, KOTA JAMBI, JAMBI",18,51,80,131
https://kawalpemilu.org#17364,"RAJAWALI, JAMBI TIMUR, KOTA JAMBI, JAMBI",19,43,56,99
https://kawalpemilu.org#17364,"RAJAWALI, JAMBI TIMUR, KOTA JAMBI, JAMBI",20,95,140,235
https://kawalpemilu.org#17364,"RAJAWALI, JAMBI TIMUR, KOTA JAMBI, JAMBI",21,85,147,232
https://kawalpemilu.org#17364,"RAJAWALI, JAMBI TIMUR, KOTA JAMBI, JAMBI",22,156,83,239
https://kawalpemilu.org#17364,"RAJAWALI, JAMBI TIMUR, KOTA JAMBI, JAMBI",23,134,38,172
https://kawalpemilu.org#17364,"RAJAWALI, JAMBI TIMUR, KOTA JAMBI, JAMBI",24,111,42,153
https://kawalpemilu.org#17364,"RAJAWALI, JAMBI TIMUR, KOTA JAMBI, JAMBI",25,128,48,176
https://kawalpemilu.org#17364,"RAJAWALI, JAMBI TIMUR, KOTA JAMBI, JAMBI",26,92,31,123
https://kawalpemilu.org#17364,"RAJAWALI, JAMBI TIMUR, KOTA JAMBI, JAMBI",27,90,20,110
https://kawalpemilu.org#17364,"RAJAWALI, JAMBI TIMUR, KOTA JAMBI, JAMBI",28,37,54,91
https://kawalpemilu.org#17366,"TANJUNG PINANG, JAMBI TIMUR, KOTA JAMBI, JAMBI",1,137,38,175
https://kawalpemilu.org#17366,"TANJUNG PINANG, JAMBI TIMUR, KOTA JAMBI, JAMBI",2,85,94,179
https://kawalpemilu.org#17366,"TANJUNG PINANG, JAMBI TIMUR, KOTA JAMBI, JAMBI",3,40,9,49
https://kawalpemilu.org#17366,"TANJUNG PINANG, JAMBI TIMUR, KOTA JAMBI, JAMBI",4,161,53,214
https://kawalpemilu.org#17366,"TANJUNG PINANG, JAMBI TIMUR, KOTA JAMBI, JAMBI",5,77,74,151
https://kawalpemilu.org#17366,"TANJUNG PINANG, JAMBI TIMUR, KOTA JAMBI, JAMBI",6,71,65,136
https://kawalpemilu.org#17366,"TANJUNG PINANG, JAMBI TIMUR, KOTA JAMBI, JAMBI",7,58,69,127
https://kawalpemilu.org#17366,"TANJUNG PINANG, JAMBI TIMUR, KOTA JAMBI, JAMBI",8,60,76,136
https://kawalpemilu.org#17366,"TANJUNG PINANG, JAMBI TIMUR, KOTA JAMBI, JAMBI",9,54,100,154
https://kawalpemilu.org#17366,"TANJUNG PINANG, JAMBI TIMUR, KOTA JAMBI, JAMBI",10,154,56,210
https://kawalpemilu.org#17366,"TANJUNG PINANG, JAMBI TIMUR, KOTA JAMBI, JAMBI",11,117,97,214
https://kawalpemilu.org#17366,"TANJUNG PINANG, JAMBI TIMUR, KOTA JAMBI, JAMBI",12,176,50,226
https://kawalpemilu.org#17366,"TANJUNG PINANG, JAMBI TIMUR, KOTA JAMBI, JAMBI",13,72,117,189
https://kawalpemilu.org#17366,"TANJUNG PINANG, JAMBI TIMUR, KOTA JAMBI, JAMBI",14,62,96,158
https://kawalpemilu.org#17366,"TANJUNG PINANG, JAMBI TIMUR, KOTA JAMBI, JAMBI",15,49,97,146
https://kawalpemilu.org#17366,"TANJUNG PINANG, JAMBI TIMUR, KOTA JAMBI, JAMBI",16,72,93,165
https://kawalpemilu.org#17366,"TANJUNG PINANG, JAMBI TIMUR, KOTA JAMBI, JAMBI",17,157,56,213
https://kawalpemilu.org#17366,"TANJUNG PINANG, JAMBI TIMUR, KOTA JAMBI, JAMBI",18,139,70,209
https://kawalpemilu.org#17366,"TANJUNG PINANG, JAMBI TIMUR, KOTA JAMBI, JAMBI",19,76,51,127
https://kawalpemilu.org#17366,"TANJUNG PINANG, JAMBI TIMUR, KOTA JAMBI, JAMBI",20,74,32,106
https://kawalpemilu.org#17366,"TANJUNG PINANG, JAMBI TIMUR, KOTA JAMBI, JAMBI",21,82,62,144
https://kawalpemilu.org#17366,"TANJUNG PINANG, JAMBI TIMUR, KOTA JAMBI, JAMBI",22,93,66,156
https://kawalpemilu.org#17366,"TANJUNG PINANG, JAMBI TIMUR, KOTA JAMBI, JAMBI",23,87,54,141
https://kawalpemilu.org#17366,"TANJUNG PINANG, JAMBI TIMUR, KOTA JAMBI, JAMBI",24,124,81,205
https://kawalpemilu.org#17366,"TANJUNG PINANG, JAMBI TIMUR, KOTA JAMBI, JAMBI",25,75,43,118
https://kawalpemilu.org#17366,"TANJUNG PINANG, JAMBI TIMUR, KOTA JAMBI, JAMBI",26,69,46,115
https://kawalpemilu.org#17366,"TANJUNG PINANG, JAMBI TIMUR, KOTA JAMBI, JAMBI",27,74,64,138
https://kawalpemilu.org#17366,"TANJUNG PINANG, JAMBI TIMUR, KOTA JAMBI, JAMBI",28,94,77,171
https://kawalpemilu.org#17366,"TANJUNG PINANG, JAMBI TIMUR, KOTA JAMBI, JAMBI",29,70,77,147
https://kawalpemilu.org#17366,"TANJUNG PINANG, JAMBI TIMUR, KOTA JAMBI, JAMBI",30,88,119,207
https://kawalpemilu.org#17366,"TANJUNG PINANG, JAMBI TIMUR, KOTA JAMBI, JAMBI",31,115,68,183
https://kawalpemilu.org#17366,"TANJUNG PINANG, JAMBI TIMUR, KOTA JAMBI, JAMBI",32,145,110,255
https://kawalpemilu.org#17366,"TANJUNG PINANG, JAMBI TIMUR, KOTA JAMBI, JAMBI",33,143,87,230
https://kawalpemilu.org#17366,"TANJUNG PINANG, JAMBI TIMUR, KOTA JAMBI, JAMBI",34,112,90,5
https://kawalpemilu.org#17366,"TANJUNG PINANG, JAMBI TIMUR, KOTA JAMBI, JAMBI",35,122,128,250
https://kawalpemilu.org#17366,"TANJUNG PINANG, JAMBI TIMUR, KOTA JAMBI, JAMBI",36,110,62,172
https://kawalpemilu.org#17366,"TANJUNG PINANG, JAMBI TIMUR, KOTA JAMBI, JAMBI",37,90,57,147
https://kawalpemilu.org#17366,"TANJUNG PINANG, JAMBI TIMUR, KOTA JAMBI, JAMBI",38,132,83,215
https://kawalpemilu.org#17366,"TANJUNG PINANG, JAMBI TIMUR, KOTA JAMBI, JAMBI",39,88,64,152
https://kawalpemilu.org#17366,"TANJUNG PINANG, JAMBI TIMUR, KOTA JAMBI, JAMBI",40,71,66,137
https://kawalpemilu.org#17366,"TANJUNG PINANG, JAMBI TIMUR, KOTA JAMBI, JAMBI",41,61,56,117
https://kawalpemilu.org#17366,"TANJUNG PINANG, JAMBI TIMUR, KOTA JAMBI, JAMBI",42,57,68,125
https://kawalpemilu.org#17368,"BERINGIN, PASAR JAMBI, KOTA JAMBI, JAMBI",1,81,64,145
https://kawalpemilu.org#17368,"BERINGIN, PASAR JAMBI, KOTA JAMBI, JAMBI",2,32,91,123
https://kawalpemilu.org#17368,"BERINGIN, PASAR JAMBI, KOTA JAMBI, JAMBI",3,26,89,115
https://kawalpemilu.org#17368,"BERINGIN, PASAR JAMBI, KOTA JAMBI, JAMBI",4,62,57,119
https://kawalpemilu.org#17368,"BERINGIN, PASAR JAMBI, KOTA JAMBI, JAMBI",5,57,167,224
https://kawalpemilu.org#17368,"BERINGIN, PASAR JAMBI, KOTA JAMBI, JAMBI",6,30,79,109
https://kawalpemilu.org#17368,"BERINGIN, PASAR JAMBI, KOTA JAMBI, JAMBI",7,36,81,117
https://kawalpemilu.org#17368,"BERINGIN, PASAR JAMBI, KOTA JAMBI, JAMBI",8,64,168,232
https://kawalpemilu.org#17368,"BERINGIN, PASAR JAMBI, KOTA JAMBI, JAMBI",9,30,91,121
https://kawalpemilu.org#17368,"BERINGIN, PASAR JAMBI, KOTA JAMBI, JAMBI",10,86,102,188
https://kawalpemilu.org#17368,"BERINGIN, PASAR JAMBI, KOTA JAMBI, JAMBI",11,53,60,113
https://kawalpemilu.org#17368,"BERINGIN, PASAR JAMBI, KOTA JAMBI, JAMBI",12,70,178,248
https://kawalpemilu.org#17368,"BERINGIN, PASAR JAMBI, KOTA JAMBI, JAMBI",13,70,137,207
https://kawalpemilu.org#17368,"BERINGIN, PASAR JAMBI, KOTA JAMBI, JAMBI",14,69,46,115
https://kawalpemilu.org#17369,"ORANG KAYO HITAM, PASAR JAMBI, KOTA JAMBI, JAMBI",1,112,19,131
https://kawalpemilu.org#17369,"ORANG KAYO HITAM, PASAR JAMBI, KOTA JAMBI, JAMBI",2,54,66,120
https://kawalpemilu.org#17369,"ORANG KAYO HITAM, PASAR JAMBI, KOTA JAMBI, JAMBI",3,108,78,186
https://kawalpemilu.org#17369,"ORANG KAYO HITAM, PASAR JAMBI, KOTA JAMBI, JAMBI",4,86,121,207
https://kawalpemilu.org#17369,"ORANG KAYO HITAM, PASAR JAMBI, KOTA JAMBI, JAMBI",5,132,28,160
https://kawalpemilu.org#17369,"ORANG KAYO HITAM, PASAR JAMBI, KOTA JAMBI, JAMBI",6,71,64,135
https://kawalpemilu.org#17370,"PASAR JAMBI, PASAR JAMBI, KOTA JAMBI, JAMBI",1,152,43,196
https://kawalpemilu.org#17370,"PASAR JAMBI, PASAR JAMBI, KOTA JAMBI, JAMBI",2,157,18,175
https://kawalpemilu.org#17371,"SUNGAI ASAM, PASAR JAMBI, KOTA JAMBI, JAMBI",1,97,37,134
https://kawalpemilu.org#17371,"SUNGAI ASAM, PASAR JAMBI, KOTA JAMBI, JAMBI",2,77,78,155
https://kawalpemilu.org#17371,"SUNGAI ASAM, PASAR JAMBI, KOTA JAMBI, JAMBI",3,79,34,113
https://kawalpemilu.org#17371,"SUNGAI ASAM, PASAR JAMBI, KOTA JAMBI, JAMBI",4,69,98,167
https://kawalpemilu.org#17371,"SUNGAI ASAM, PASAR JAMBI, KOTA JAMBI, JAMBI",5,58,131,189
https://kawalpemilu.org#17371,"SUNGAI ASAM, PASAR JAMBI, KOTA JAMBI, JAMBI",6,63,88,151
https://kawalpemilu.org#17371,"SUNGAI ASAM, PASAR JAMBI, KOTA JAMBI, JAMBI",7,95,150,245
https://kawalpemilu.org#17371,"SUNGAI ASAM, PASAR JAMBI, KOTA JAMBI, JAMBI",8,103,93,196
https://kawalpemilu.org#17371,"SUNGAI ASAM, PASAR JAMBI, KOTA JAMBI, JAMBI",9,96,138,234
https://kawalpemilu.org#17371,"SUNGAI ASAM, PASAR JAMBI, KOTA JAMBI, JAMBI",10,73,84,157
https://kawalpemilu.org#17371,"SUNGAI ASAM, PASAR JAMBI, KOTA JAMBI, JAMBI",11,77,77,154
https://kawalpemilu.org#17371,"SUNGAI ASAM, PASAR JAMBI, KOTA JAMBI, JAMBI",12,108,85,193
https://kawalpemilu.org#17371,"SUNGAI ASAM, PASAR JAMBI, KOTA JAMBI, JAMBI",13,59,26,85
https://kawalpemilu.org#17371,"SUNGAI ASAM, PASAR JAMBI, KOTA JAMBI, JAMBI",14,17,125,142
https://kawalpemilu.org#17371,"SUNGAI ASAM, PASAR JAMBI, KOTA JAMBI, JAMBI",15,49,127,1
https://kawalpemilu.org#17371,"SUNGAI ASAM, PASAR JAMBI, KOTA JAMBI, JAMBI",16,97,137,234
https://kawalpemilu.org#17371,"SUNGAI ASAM, PASAR JAMBI, KOTA JAMBI, JAMBI",17,35,190,225
https://kawalpemilu.org#17371,"SUNGAI ASAM, PASAR JAMBI, KOTA JAMBI, JAMBI",18,21,141,162
https://kawalpemilu.org#17371,"SUNGAI ASAM, PASAR JAMBI, KOTA JAMBI, JAMBI",19,117,85,202
https://kawalpemilu.org#17373,"ARAB MELAYU, PELAYANGAN, KOTA JAMBI, JAMBI",1,21,118,139
https://kawalpemilu.org#17373,"ARAB MELAYU, PELAYANGAN, KOTA JAMBI, JAMBI",2,21,118,139
https://kawalpemilu.org#17373,"ARAB MELAYU, PELAYANGAN, KOTA JAMBI, JAMBI",3,33,136,169
https://kawalpemilu.org#17373,"ARAB MELAYU, PELAYANGAN, KOTA JAMBI, JAMBI",4,26,152,178
https://kawalpemilu.org#17373,"ARAB MELAYU, PELAYANGAN, KOTA JAMBI, JAMBI",5,64,169,233
https://kawalpemilu.org#17373,"ARAB MELAYU, PELAYANGAN, KOTA JAMBI, JAMBI",6,44,130,174
https://kawalpemilu.org#17373,"ARAB MELAYU, PELAYANGAN, KOTA JAMBI, JAMBI",7,54,138,192
https://kawalpemilu.org#17373,"ARAB MELAYU, PELAYANGAN, KOTA JAMBI, JAMBI",8,27,127,154
https://kawalpemilu.org#17373,"ARAB MELAYU, PELAYANGAN, KOTA JAMBI, JAMBI",9,25,121,146
https://kawalpemilu.org#17373,"ARAB MELAYU, PELAYANGAN, KOTA JAMBI, JAMBI",10,27,125,152
https://kawalpemilu.org#17373,"ARAB MELAYU, PELAYANGAN, KOTA JAMBI, JAMBI",11,14,136,150
https://kawalpemilu.org#17373,"ARAB MELAYU, PELAYANGAN, KOTA JAMBI, JAMBI",12,2,179,181
https://kawalpemilu.org#17374,"MUDUNG LAUT, PELAYANGAN, KOTA JAMBI, JAMBI",1,10,159,169
https://kawalpemilu.org#17374,"MUDUNG LAUT, PELAYANGAN, KOTA JAMBI, JAMBI",2,7,125,132
https://kawalpemilu.org#17374,"MUDUNG LAUT, PELAYANGAN, KOTA JAMBI, JAMBI",3,9,120,129
https://kawalpemilu.org#17374,"MUDUNG LAUT, PELAYANGAN, KOTA JAMBI, JAMBI",4,31,186,217
https://kawalpemilu.org#17374,"MUDUNG LAUT, PELAYANGAN, KOTA JAMBI, JAMBI",5,57,134,191
https://kawalpemilu.org#17374,"MUDUNG LAUT, PELAYANGAN, KOTA JAMBI, JAMBI",6,43,145,188
https://kawalpemilu.org#17374,"MUDUNG LAUT, PELAYANGAN, KOTA JAMBI, JAMBI",7,58,76,134
https://kawalpemilu.org#17374,"MUDUNG LAUT, PELAYANGAN, KOTA JAMBI, JAMBI",8,55,108,163
https://kawalpemilu.org#17375,"JELMU, PELAYANGAN, KOTA JAMBI, JAMBI",1,19,151,170
https://kawalpemilu.org#17375,"JELMU, PELAYANGAN, KOTA JAMBI, JAMBI",2,36,193,229
https://kawalpemilu.org#17376,"TENGAH, PELAYANGAN, KOTA JAMBI, JAMBI",1,28,198,226
https://kawalpemilu.org#17376,"TENGAH, PELAYANGAN, KOTA JAMBI, JAMBI",2,8,138,146
https://kawalpemilu.org#17376,"TENGAH, PELAYANGAN, KOTA JAMBI, JAMBI",3,23,141,164
https://kawalpemilu.org#17377,"TAHTUL YAMAN, PELAYANGAN, KOTA JAMBI, JAMBI",1,43,154,197
https://kawalpemilu.org#17377,"TAHTUL YAMAN, PELAYANGAN, KOTA JAMBI, JAMBI",2,31,207,238
https://kawalpemilu.org#17377,"TAHTUL YAMAN, PELAYANGAN, KOTA JAMBI, JAMBI",3,48,204,252
https://kawalpemilu.org#17377,"TAHTUL YAMAN, PELAYANGAN, KOTA JAMBI, JAMBI",4,73,147,220
https://kawalpemilu.org#17377,"TAHTUL YAMAN, PELAYANGAN, KOTA JAMBI, JAMBI",5,18,228,246
https://kawalpemilu.org#17377,"TAHTUL YAMAN, PELAYANGAN, KOTA JAMBI, JAMBI",6,36,184,220
https://kawalpemilu.org#17377,"TAHTUL YAMAN, PELAYANGAN, KOTA JAMBI, JAMBI",7,7,111,118
https://kawalpemilu.org#17377,"TAHTUL YAMAN, PELAYANGAN, KOTA JAMBI, JAMBI",8,22,133,155
https://kawalpemilu.org#17377,"TAHTUL YAMAN, PELAYANGAN, KOTA JAMBI, JAMBI",9,32,246,278
https://kawalpemilu.org#17377,"TAHTUL YAMAN, PELAYANGAN, KOTA JAMBI, JAMBI",10,27,152,179
https://kawalpemilu.org#17377,"TAHTUL YAMAN, PELAYANGAN, KOTA JAMBI, JAMBI",11,74,152,226
https://kawalpemilu.org#17377,"TAHTUL YAMAN, PELAYANGAN, KOTA JAMBI, JAMBI",12,122,108,230
https://kawalpemilu.org#17378,"TANJUNG JOHOR, PELAYANGAN, KOTA JAMBI, JAMBI",1,31,176,207
https://kawalpemilu.org#17378,"TANJUNG JOHOR, PELAYANGAN, KOTA JAMBI, JAMBI",2,19,124,143
https://kawalpemilu.org#17378,"TANJUNG JOHOR, PELAYANGAN, KOTA JAMBI, JAMBI",3,29,125,154
https://kawalpemilu.org#17378,"TANJUNG JOHOR, PELAYANGAN, KOTA JAMBI, JAMBI",4,28,206,234
https://kawalpemilu.org#17378,"TANJUNG JOHOR, PELAYANGAN, KOTA JAMBI, JAMBI",5,25,214,239
https://kawalpemilu.org#17378,"TANJUNG JOHOR, PELAYANGAN, KOTA JAMBI, JAMBI",6,88,170,258
https://kawalpemilu.org#17378,"TANJUNG JOHOR, PELAYANGAN, KOTA JAMBI, JAMBI",7,120,69,189
https://kawalpemilu.org#17380,"PASIR PANJANG, DANAU TELUK, KOTA JAMBI, JAMBI",1,57,142,199
https://kawalpemilu.org#17380,"PASIR PANJANG, DANAU TELUK, KOTA JAMBI, JAMBI",2,45,99,144
https://kawalpemilu.org#17380,"PASIR PANJANG, DANAU TELUK, KOTA JAMBI, JAMBI",3,46,95,141
https://kawalpemilu.org#17380,"PASIR PANJANG, DANAU TELUK, KOTA JAMBI, JAMBI",4,21,140,161
https://kawalpemilu.org#17380,"PASIR PANJANG, DANAU TELUK, KOTA JAMBI, JAMBI",5,54,152,206
https://kawalpemilu.org#17380,"PASIR PANJANG, DANAU TELUK, KOTA JAMBI, JAMBI",6,53,85,138
https://kawalpemilu.org#17381,"TANJUNG RADEN, DANAU TELUK, KOTA JAMBI, JAMBI",1,27,121,148
https://kawalpemilu.org#17381,"TANJUNG RADEN, DANAU TELUK, KOTA JAMBI, JAMBI",2,35,149,184
https://kawalpemilu.org#17381,"TANJUNG RADEN, DANAU TELUK, KOTA JAMBI, JAMBI",3,44,100,144
https://kawalpemilu.org#17381,"TANJUNG RADEN, DANAU TELUK, KOTA JAMBI, JAMBI",4,44,100,144
https://kawalpemilu.org#17381,"TANJUNG RADEN, DANAU TELUK, KOTA JAMBI, JAMBI",5,32,136,168
https://kawalpemilu.org#17381,"TANJUNG RADEN, DANAU TELUK, KOTA JAMBI, JAMBI",6,44,134,178
https://kawalpemilu.org#17381,"TANJUNG RADEN, DANAU TELUK, KOTA JAMBI, JAMBI",7,73,161,234
https://kawalpemilu.org#17381,"TANJUNG RADEN, DANAU TELUK, KOTA JAMBI, JAMBI",8,49,172,221
https://kawalpemilu.org#17381,"TANJUNG RADEN, DANAU TELUK, KOTA JAMBI, JAMBI",9,60,91,151
https://kawalpemilu.org#17381,"TANJUNG RADEN, DANAU TELUK, KOTA JAMBI, JAMBI",10,55,114,169
https://kawalpemilu.org#17382,"OLAK KEMANG, DANAU TELUK, KOTA JAMBI, JAMBI",1,66,149,215
https://kawalpemilu.org#17382,"OLAK KEMANG, DANAU TELUK, KOTA JAMBI, JAMBI",2,30,157,187
https://kawalpemilu.org#17382,"OLAK KEMANG, DANAU TELUK, KOTA JAMBI, JAMBI",3,27,139,166
https://kawalpemilu.org#17382,"OLAK KEMANG, DANAU TELUK, KOTA JAMBI, JAMBI",4,45,171,216
https://kawalpemilu.org#17382,"OLAK KEMANG, DANAU TELUK, KOTA JAMBI, JAMBI",5,37,143,180
https://kawalpemilu.org#17382,"OLAK KEMANG, DANAU TELUK, KOTA JAMBI, JAMBI",6,49,135,184
https://kawalpemilu.org#17382,"OLAK KEMANG, DANAU TELUK, KOTA JAMBI, JAMBI",7,24,100,124
https://kawalpemilu.org#17382,"OLAK KEMANG, DANAU TELUK, KOTA JAMBI, JAMBI",8,22,90,112
https://kawalpemilu.org#17382,"OLAK KEMANG, DANAU TELUK, KOTA JAMBI, JAMBI",9,24,172,196
https://kawalpemilu.org#17382,"OLAK KEMANG, DANAU TELUK, KOTA JAMBI, JAMBI",10,29,146,175
https://kawalpemilu.org#17382,"OLAK KEMANG, DANAU TELUK, KOTA JAMBI, JAMBI",11,66,197,263
https://kawalpemilu.org#17382,"OLAK KEMANG, DANAU TELUK, KOTA JAMBI, JAMBI",12,48,137,185
https://kawalpemilu.org#17382,"OLAK KEMANG, DANAU TELUK, KOTA JAMBI, JAMBI",13,41,235,276
https://kawalpemilu.org#17382,"OLAK KEMANG, DANAU TELUK, KOTA JAMBI, JAMBI",14,55,203,258
https://kawalpemilu.org#17382,"OLAK KEMANG, DANAU TELUK, KOTA JAMBI, JAMBI",15,40,98,138
https://kawalpemilu.org#17383,"TANJUNG PASIR, DANAU TELUK, KOTA JAMBI, JAMBI",1,26,153,179
https://kawalpemilu.org#17383,"TANJUNG PASIR, DANAU TELUK, KOTA JAMBI, JAMBI",2,13,111,124
https://kawalpemilu.org#17383,"TANJUNG PASIR, DANAU TELUK, KOTA JAMBI, JAMBI",3,50,174,224
https://kawalpemilu.org#17383,"TANJUNG PASIR, DANAU TELUK, KOTA JAMBI, JAMBI",4,26,143,169
https://kawalpemilu.org#17383,"TANJUNG PASIR, DANAU TELUK, KOTA JAMBI, JAMBI",5,27,123,150
https://kawalpemilu.org#17383,"TANJUNG PASIR, DANAU TELUK, KOTA JAMBI, JAMBI",6,32,169,201
https://kawalpemilu.org#17384,"ULU GEDONG, DANAU TELUK, KOTA JAMBI, JAMBI",1,26,150,176
https://kawalpemilu.org#17384,"ULU GEDONG, DANAU TELUK, KOTA JAMBI, JAMBI",2,36,155,191
https://kawalpemilu.org#17384,"ULU GEDONG, DANAU TELUK, KOTA JAMBI, JAMBI",3,37,198,235
https://kawalpemilu.org#17384,"ULU GEDONG, DANAU TELUK, KOTA JAMBI, JAMBI",4,14,95,109
https://kawalpemilu.org#17384,"ULU GEDONG, DANAU TELUK, KOTA JAMBI, JAMBI",5,31,191,222
https://kawalpemilu.org#17384,"ULU GEDONG, DANAU TELUK, KOTA JAMBI, JAMBI",6,25,194,219
https://kawalpemilu.org#17384,"ULU GEDONG, DANAU TELUK, KOTA JAMBI, JAMBI",7,28,138,166
https://kawalpemilu.org#17384,"ULU GEDONG, DANAU TELUK, KOTA JAMBI, JAMBI",8,35,118,153
https://kawalpemilu.org#17384,"ULU GEDONG, DANAU TELUK, KOTA JAMBI, JAMBI",9,12,156,168
https://kawalpemilu.org#17386,"SUKA KARYA, KOTA BARU, KOTA JAMBI, JAMBI",1,96,128,224
https://kawalpemilu.org#17386,"SUKA KARYA, KOTA BARU, KOTA JAMBI, JAMBI",2,119,95,214
https://kawalpemilu.org#17386,"SUKA KARYA, KOTA BARU, KOTA JAMBI, JAMBI",3,115,119,234
https://kawalpemilu.org#17386,"SUKA KARYA, KOTA BARU, KOTA JAMBI, JAMBI",4,77,48,125
https://kawalpemilu.org#17386,"SUKA KARYA, KOTA BARU, KOTA JAMBI, JAMBI",5,80,32,112
https://kawalpemilu.org#17386,"SUKA KARYA, KOTA BARU, KOTA JAMBI, JAMBI",6,86,72,158
https://kawalpemilu.org#17386,"SUKA KARYA, KOTA BARU, KOTA JAMBI, JAMBI",7,100,45,145
https://kawalpemilu.org#17386,"SUKA KARYA, KOTA BARU, KOTA JAMBI, JAMBI",8,66,108,174
https://kawalpemilu.org#17386,"SUKA KARYA, KOTA BARU, KOTA JAMBI, JAMBI",9,84,94,178
https://kawalpemilu.org#17386,"SUKA KARYA, KOTA BARU, KOTA JAMBI, JAMBI",10,98,125,223
https://kawalpemilu.org#17386,"SUKA KARYA, KOTA BARU, KOTA JAMBI, JAMBI",11,104,127,231
https://kawalpemilu.org#17386,"SUKA KARYA, KOTA BARU, KOTA JAMBI, JAMBI",12,75,91,166
https://kawalpemilu.org#17386,"SUKA KARYA, KOTA BARU, KOTA JAMBI, JAMBI",13,65,100,165
https://kawalpemilu.org#17386,"SUKA KARYA, KOTA BARU, KOTA JAMBI, JAMBI",14,84,114,198
https://kawalpemilu.org#17386,"SUKA KARYA, KOTA BARU, KOTA JAMBI, JAMBI",15,61,79,140
https://kawalpemilu.org#17386,"SUKA KARYA, KOTA BARU, KOTA JAMBI, JAMBI",16,53,69,122
https://kawalpemilu.org#17386,"SUKA KARYA, KOTA BARU, KOTA JAMBI, JAMBI",17,93,159,252
https://kawalpemilu.org#17386,"SUKA KARYA, KOTA BARU, KOTA JAMBI, JAMBI",18,94,140,234
https://kawalpemilu.org#17386,"SUKA KARYA, KOTA BARU, KOTA JAMBI, JAMBI",19,76,160,236
https://kawalpemilu.org#17386,"SUKA KARYA, KOTA BARU, KOTA JAMBI, JAMBI",20,45,113,158
https://kawalpemilu.org#17386,"SUKA KARYA, KOTA BARU, KOTA JAMBI, JAMBI",21,72,164,236
https://kawalpemilu.org#17386,"SUKA KARYA, KOTA BARU, KOTA JAMBI, JAMBI",22,94,88,182
https://kawalpemilu.org#17386,"SUKA KARYA, KOTA BARU, KOTA JAMBI, JAMBI",23,71,103,174
https://kawalpemilu.org#17386,"SUKA KARYA, KOTA BARU, KOTA JAMBI, JAMBI",24,82,134,216
https://kawalpemilu.org#17386,"SUKA KARYA, KOTA BARU, KOTA JAMBI, JAMBI",25,131,116,247
https://kawalpemilu.org#17386,"SUKA KARYA, KOTA BARU, KOTA JAMBI, JAMBI",26,94,62,156
https://kawalpemilu.org#17387,"SIMPANG III SIPIN, KOTA BARU, KOTA JAMBI, JAMBI",1,79,85,164
https://kawalpemilu.org#17387,"SIMPANG III SIPIN, KOTA BARU, KOTA JAMBI, JAMBI",2,76,109,185
https://kawalpemilu.org#17387,"SIMPANG III SIPIN, KOTA BARU, KOTA JAMBI, JAMBI",3,91,170,261
https://kawalpemilu.org#17387,"SIMPANG III SIPIN, KOTA BARU, KOTA JAMBI, JAMBI",4,43,82,125
https://kawalpemilu.org#17387,"SIMPANG III SIPIN, KOTA BARU, KOTA JAMBI, JAMBI",5,60,87,147
https://kawalpemilu.org#17387,"SIMPANG III SIPIN, KOTA BARU, KOTA JAMBI, JAMBI",6,124,88,212
https://kawalpemilu.org#17387,"SIMPANG III SIPIN, KOTA BARU, KOTA JAMBI, JAMBI",7,67,159,226
https://kawalpemilu.org#17387,"SIMPANG III SIPIN, KOTA BARU, KOTA JAMBI, JAMBI",8,80,91,171
https://kawalpemilu.org#17387,"SIMPANG III SIPIN, KOTA BARU, KOTA JAMBI, JAMBI",9,110,124,234
https://kawalpemilu.org#17387,"SIMPANG III SIPIN, KOTA BARU, KOTA JAMBI, JAMBI",10,84,168,252
https://kawalpemilu.org#17387,"SIMPANG III SIPIN, KOTA BARU, KOTA JAMBI, JAMBI",11,156,120,276
https://kawalpemilu.org#17387,"SIMPANG III SIPIN, KOTA BARU, KOTA JAMBI, JAMBI",12,56,93,149
https://kawalpemilu.org#17387,"SIMPANG III SIPIN, KOTA BARU, KOTA JAMBI, JAMBI",13,88,91,179
https://kawalpemilu.org#17387,"SIMPANG III SIPIN, KOTA BARU, KOTA JAMBI, JAMBI",14,60,117,177
https://kawalpemilu.org#17387,"SIMPANG III SIPIN, KOTA BARU, KOTA JAMBI, JAMBI",15,78,160,238
https://kawalpemilu.org#17387,"SIMPANG III SIPIN, KOTA BARU, KOTA JAMBI, JAMBI",16,99,141,240
https://kawalpemilu.org#17387,"SIMPANG III SIPIN, KOTA BARU, KOTA JAMBI, JAMBI",17,45,119,164
https://kawalpemilu.org#17387,"SIMPANG III SIPIN, KOTA BARU, KOTA JAMBI, JAMBI",18,44,89,133
https://kawalpemilu.org#17387,"SIMPANG III SIPIN, KOTA BARU, KOTA JAMBI, JAMBI",19,82,111,193
https://kawalpemilu.org#17387,"SIMPANG III SIPIN, KOTA BARU, KOTA JAMBI, JAMBI",20,55,96,151
https://kawalpemilu.org#17387,"SIMPANG III SIPIN, KOTA BARU, KOTA JAMBI, JAMBI",21,30,81,111
https://kawalpemilu.org#17387,"SIMPANG III SIPIN, KOTA BARU, KOTA JAMBI, JAMBI",22,45,117,162
https://kawalpemilu.org#17387,"SIMPANG III SIPIN, KOTA BARU, KOTA JAMBI, JAMBI",23,62,77,139
https://kawalpemilu.org#17387,"SIMPANG III SIPIN, KOTA BARU, KOTA JAMBI, JAMBI",24,73,126,199
https://kawalpemilu.org#17387,"SIMPANG III SIPIN, KOTA BARU, KOTA JAMBI, JAMBI",25,101,86,187
https://kawalpemilu.org#17387,"SIMPANG III SIPIN, KOTA BARU, KOTA JAMBI, JAMBI",26,113,76,189
https://kawalpemilu.org#17387,"SIMPANG III SIPIN, KOTA BARU, KOTA JAMBI, JAMBI",27,74,73,147
https://kawalpemilu.org#17387,"SIMPANG III SIPIN, KOTA BARU, KOTA JAMBI, JAMBI",28,67,111,178
https://kawalpemilu.org#17387,"SIMPANG III SIPIN, KOTA BARU, KOTA JAMBI, JAMBI",29,81,78,159
https://kawalpemilu.org#17387,"SIMPANG III SIPIN, KOTA BARU, KOTA JAMBI, JAMBI",30,78,63,141
https://kawalpemilu.org#17387,"SIMPANG III SIPIN, KOTA BARU, KOTA JAMBI, JAMBI",31,44,129,173
https://kawalpemilu.org#17387,"SIMPANG III SIPIN, KOTA BARU, KOTA JAMBI, JAMBI",32,73,96,169
https://kawalpemilu.org#17387,"SIMPANG III SIPIN, KOTA BARU, KOTA JAMBI, JAMBI",33,60,106,166
https://kawalpemilu.org#17387,"SIMPANG III SIPIN, KOTA BARU, KOTA JAMBI, JAMBI",34,55,81,136
https://kawalpemilu.org#17387,"SIMPANG III SIPIN, KOTA BARU, KOTA JAMBI, JAMBI",35,57,120,177
https://kawalpemilu.org#17387,"SIMPANG III SIPIN, KOTA BARU, KOTA JAMBI, JAMBI",36,29,110,139
https://kawalpemilu.org#17387,"SIMPANG III SIPIN, KOTA BARU, KOTA JAMBI, JAMBI",37,101,121,222
https://kawalpemilu.org#17387,"SIMPANG III SIPIN, KOTA BARU, KOTA JAMBI, JAMBI",38,51,89,140
https://kawalpemilu.org#17387,"SIMPANG III SIPIN, KOTA BARU, KOTA JAMBI, JAMBI",39,66,157,223
https://kawalpemilu.org#17387,"SIMPANG III SIPIN, KOTA BARU, KOTA JAMBI, JAMBI",40,27,100,127
https://kawalpemilu.org#17387,"SIMPANG III SIPIN, KOTA BARU, KOTA JAMBI, JAMBI",41,64,95,159
https://kawalpemilu.org#17387,"SIMPANG III SIPIN, KOTA BARU, KOTA JAMBI, JAMBI",42,64,107,171
https://kawalpemilu.org#17387,"SIMPANG III SIPIN, KOTA BARU, KOTA JAMBI, JAMBI",43,52,101,153
https://kawalpemilu.org#17387,"SIMPANG III SIPIN, KOTA BARU, KOTA JAMBI, JAMBI",44,47,114,161
https://kawalpemilu.org#17387,"SIMPANG III SIPIN, KOTA BARU, KOTA JAMBI, JAMBI",45,70,123,193
https://kawalpemilu.org#17387,"SIMPANG III SIPIN, KOTA BARU, KOTA JAMBI, JAMBI",46,47,150,197
https://kawalpemilu.org#17387,"SIMPANG III SIPIN, KOTA BARU, KOTA JAMBI, JAMBI",47,40,118,158
https://kawalpemilu.org#17387,"SIMPANG III SIPIN, KOTA BARU, KOTA JAMBI, JAMBI",48,40,90,130
https://kawalpemilu.org#17387,"SIMPANG III SIPIN, KOTA BARU, KOTA JAMBI, JAMBI",49,54,180,234
https://kawalpemilu.org#17387,"SIMPANG III SIPIN, KOTA BARU, KOTA JAMBI, JAMBI",50,56,80,136
https://kawalpemilu.org#17387,"SIMPANG III SIPIN, KOTA BARU, KOTA JAMBI, JAMBI",51,50,97,147
https://kawalpemilu.org#17387,"SIMPANG III SIPIN, KOTA BARU, KOTA JAMBI, JAMBI",52,39,104,143
https://kawalpemilu.org#17387,"SIMPANG III SIPIN, KOTA BARU, KOTA JAMBI, JAMBI",53,74,123,197
https://kawalpemilu.org#17387,"SIMPANG III SIPIN, KOTA BARU, KOTA JAMBI, JAMBI",54,97,85,182
https://kawalpemilu.org#17387,"SIMPANG III SIPIN, KOTA BARU, KOTA JAMBI, JAMBI",55,116,101,217
https://kawalpemilu.org#17387,"SIMPANG III SIPIN, KOTA BARU, KOTA JAMBI, JAMBI",56,57,83,140
https://kawalpemilu.org#17387,"SIMPANG III SIPIN, KOTA BARU, KOTA JAMBI, JAMBI",57,72,87,159
https://kawalpemilu.org#17387,"SIMPANG III SIPIN, KOTA BARU, KOTA JAMBI, JAMBI",58,58,80,138
https://kawalpemilu.org#17387,"SIMPANG III SIPIN, KOTA BARU, KOTA JAMBI, JAMBI",59,43,119,162
https://kawalpemilu.org#17387,"SIMPANG III SIPIN, KOTA BARU, KOTA JAMBI, JAMBI",60,72,88,160
https://kawalpemilu.org#17387,"SIMPANG III SIPIN, KOTA BARU, KOTA JAMBI, JAMBI",61,73,77,150
https://kawalpemilu.org#17387,"SIMPANG III SIPIN, KOTA BARU, KOTA JAMBI, JAMBI",62,75,94,169
https://kawalpemilu.org#17387,"SIMPANG III SIPIN, KOTA BARU, KOTA JAMBI, JAMBI",63,60,73,133
https://kawalpemilu.org#17387,"SIMPANG III SIPIN, KOTA BARU, KOTA JAMBI, JAMBI",64,39,105,144
https://kawalpemilu.org#17387,"SIMPANG III SIPIN, KOTA BARU, KOTA JAMBI, JAMBI",65,86,45,131
https://kawalpemilu.org#17389,"PAAL  LIMA, KOTA BARU, KOTA JAMBI, JAMBI",1,110,94,204
https://kawalpemilu.org#17389,"PAAL  LIMA, KOTA BARU, KOTA JAMBI, JAMBI",2,80,89,169
https://kawalpemilu.org#17389,"PAAL  LIMA, KOTA BARU, KOTA JAMBI, JAMBI",3,110,70,180
https://kawalpemilu.org#17389,"PAAL  LIMA, KOTA BARU, KOTA JAMBI, JAMBI",4,43,43,86
https://kawalpemilu.org#17389,"PAAL  LIMA, KOTA BARU, KOTA JAMBI, JAMBI",5,77,173,250
https://kawalpemilu.org#17389,"PAAL  LIMA, KOTA BARU, KOTA JAMBI, JAMBI",6,57,98,155
https://kawalpemilu.org#17389,"PAAL  LIMA, KOTA BARU, KOTA JAMBI, JAMBI",7,61,70,131
https://kawalpemilu.org#17389,"PAAL  LIMA, KOTA BARU, KOTA JAMBI, JAMBI",8,45,103,148
https://kawalpemilu.org#17389,"PAAL  LIMA, KOTA BARU, KOTA JAMBI, JAMBI",9,52,145,197
https://kawalpemilu.org#17389,"PAAL  LIMA, KOTA BARU, KOTA JAMBI, JAMBI",10,60,116,176
https://kawalpemilu.org#17389,"PAAL  LIMA, KOTA BARU, KOTA JAMBI, JAMBI",11,79,166,245
https://kawalpemilu.org#17389,"PAAL  LIMA, KOTA BARU, KOTA JAMBI, JAMBI",12,84,98,182
https://kawalpemilu.org#17389,"PAAL  LIMA, KOTA BARU, KOTA JAMBI, JAMBI",13,136,85,221
https://kawalpemilu.org#17389,"PAAL  LIMA, KOTA BARU, KOTA JAMBI, JAMBI",14,133,102,235
https://kawalpemilu.org#17389,"PAAL  LIMA, KOTA BARU, KOTA JAMBI, JAMBI",15,101,152,253
https://kawalpemilu.org#17389,"PAAL  LIMA, KOTA BARU, KOTA JAMBI, JAMBI",16,36,116,152
https://kawalpemilu.org#17389,"PAAL  LIMA, KOTA BARU, KOTA JAMBI, JAMBI",17,36,77,113
https://kawalpemilu.org#17389,"PAAL  LIMA, KOTA BARU, KOTA JAMBI, JAMBI",18,40,116,156
https://kawalpemilu.org#17389,"PAAL  LIMA, KOTA BARU, KOTA JAMBI, JAMBI",19,83,88,171
https://kawalpemilu.org#17389,"PAAL  LIMA, KOTA BARU, KOTA JAMBI, JAMBI",20,87,127,214
https://kawalpemilu.org#17389,"PAAL  LIMA, KOTA BARU, KOTA JAMBI, JAMBI",21,99,119,218
https://kawalpemilu.org#17389,"PAAL  LIMA, KOTA BARU, KOTA JAMBI, JAMBI",22,36,103,139
https://kawalpemilu.org#17389,"PAAL  LIMA, KOTA BARU, KOTA JAMBI, JAMBI",23,46,101,147
https://kawalpemilu.org#17389,"PAAL  LIMA, KOTA BARU, KOTA JAMBI, JAMBI",24,73,118,191
https://kawalpemilu.org#17389,"PAAL  LIMA, KOTA BARU, KOTA JAMBI, JAMBI",25,44,120,164
https://kawalpemilu.org#17389,"PAAL  LIMA, KOTA BARU, KOTA JAMBI, JAMBI",26,74,131,205
https://kawalpemilu.org#17389,"PAAL  LIMA, KOTA BARU, KOTA JAMBI, JAMBI",27,62,111,173
https://kawalpemilu.org#17389,"PAAL  LIMA, KOTA BARU, KOTA JAMBI, JAMBI",28,38,85,123
https://kawalpemilu.org#17389,"PAAL  LIMA, KOTA BARU, KOTA JAMBI, JAMBI",29,108,82,190
https://kawalpemilu.org#17389,"PAAL  LIMA, KOTA BARU, KOTA JAMBI, JAMBI",30,66,120,186
https://kawalpemilu.org#17389,"PAAL  LIMA, KOTA BARU, KOTA JAMBI, JAMBI",31,42,113,155
https://kawalpemilu.org#17389,"PAAL  LIMA, KOTA BARU, KOTA JAMBI, JAMBI",32,105,164,269
https://kawalpemilu.org#17389,"PAAL  LIMA, KOTA BARU, KOTA JAMBI, JAMBI",33,96,124,220
https://kawalpemilu.org#17389,"PAAL  LIMA, KOTA BARU, KOTA JAMBI, JAMBI",34,94,89,183
https://kawalpemilu.org#17389,"PAAL  LIMA, KOTA BARU, KOTA JAMBI, JAMBI",35,110,132,242
https://kawalpemilu.org#17389,"PAAL  LIMA, KOTA BARU, KOTA JAMBI, JAMBI",36,21,49,70
https://kawalpemilu.org#17389,"PAAL  LIMA, KOTA BARU, KOTA JAMBI, JAMBI",37,102,162,264
https://kawalpemilu.org#17389,"PAAL  LIMA, KOTA BARU, KOTA JAMBI, JAMBI",38,126,149,275
https://kawalpemilu.org#17389,"PAAL  LIMA, KOTA BARU, KOTA JAMBI, JAMBI",39,43,163,206
https://kawalpemilu.org#17389,"PAAL  LIMA, KOTA BARU, KOTA JAMBI, JAMBI",40,72,133,205
https://kawalpemilu.org#17389,"PAAL  LIMA, KOTA BARU, KOTA JAMBI, JAMBI",41,80,101,181
https://kawalpemilu.org#17389,"PAAL  LIMA, KOTA BARU, KOTA JAMBI, JAMBI",42,106,130,236
https://kawalpemilu.org#17389,"PAAL  LIMA, KOTA BARU, KOTA JAMBI, JAMBI",43,50,61,111
https://kawalpemilu.org#17389,"PAAL  LIMA, KOTA BARU, KOTA JAMBI, JAMBI",44,39,62,101
https://kawalpemilu.org#17389,"PAAL  LIMA, KOTA BARU, KOTA JAMBI, JAMBI",45,122,90,212
https://kawalpemilu.org#17389,"PAAL  LIMA, KOTA BARU, KOTA JAMBI, JAMBI",46,116,103,219
https://kawalpemilu.org#17390,"KENALI ASAM BAWAH, KOTA BARU, KOTA JAMBI, JAMBI",1,65,95,160
https://kawalpemilu.org#17390,"KENALI ASAM BAWAH, KOTA BARU, KOTA JAMBI, JAMBI",2,97,140,237
https://kawalpemilu.org#17390,"KENALI ASAM BAWAH, KOTA BARU, KOTA JAMBI, JAMBI",3,34,113,147
https://kawalpemilu.org#17390,"KENALI ASAM BAWAH, KOTA BARU, KOTA JAMBI, JAMBI",4,47,112,159
https://kawalpemilu.org#17390,"KENALI ASAM BAWAH, KOTA BARU, KOTA JAMBI, JAMBI",5,55,103,158
https://kawalpemilu.org#17390,"KENALI ASAM BAWAH, KOTA BARU, KOTA JAMBI, JAMBI",6,98,128,226
https://kawalpemilu.org#17390,"KENALI ASAM BAWAH, KOTA BARU, KOTA JAMBI, JAMBI",7,100,102,202
https://kawalpemilu.org#17390,"KENALI ASAM BAWAH, KOTA BARU, KOTA JAMBI, JAMBI",8,105,89,194
https://kawalpemilu.org#17390,"KENALI ASAM BAWAH, KOTA BARU, KOTA JAMBI, JAMBI",9,94,49,143
https://kawalpemilu.org#17390,"KENALI ASAM BAWAH, KOTA BARU, KOTA JAMBI, JAMBI",10,95,44,139
https://kawalpemilu.org#17390,"KENALI ASAM BAWAH, KOTA BARU, KOTA JAMBI, JAMBI",11,130,118,248
https://kawalpemilu.org#17390,"KENALI ASAM BAWAH, KOTA BARU, KOTA JAMBI, JAMBI",12,111,133,244
https://kawalpemilu.org#17390,"KENALI ASAM BAWAH, KOTA BARU, KOTA JAMBI, JAMBI",13,73,135,208
https://kawalpemilu.org#17390,"KENALI ASAM BAWAH, KOTA BARU, KOTA JAMBI, JAMBI",14,76,94,170
https://kawalpemilu.org#17390,"KENALI ASAM BAWAH, KOTA BARU, KOTA JAMBI, JAMBI",15,88,155,243
https://kawalpemilu.org#17390,"KENALI ASAM BAWAH, KOTA BARU, KOTA JAMBI, JAMBI",16,78,100,178
https://kawalpemilu.org#17390,"KENALI ASAM BAWAH, KOTA BARU, KOTA JAMBI, JAMBI",17,84,121,205
https://kawalpemilu.org#17390,"KENALI ASAM BAWAH, KOTA BARU, KOTA JAMBI, JAMBI",18,64,87,151
https://kawalpemilu.org#17390,"KENALI ASAM BAWAH, KOTA BARU, KOTA JAMBI, JAMBI",19,88,155,243
https://kawalpemilu.org#17390,"KENALI ASAM BAWAH, KOTA BARU, KOTA JAMBI, JAMBI",20,39,114,153
https://kawalpemilu.org#17390,"KENALI ASAM BAWAH, KOTA BARU, KOTA JAMBI, JAMBI",21,120,112,232
https://kawalpemilu.org#17390,"KENALI ASAM BAWAH, KOTA BARU, KOTA JAMBI, JAMBI",22,87,107,194
https://kawalpemilu.org#17390,"KENALI ASAM BAWAH, KOTA BARU, KOTA JAMBI, JAMBI",23,61,104,165
https://kawalpemilu.org#17390,"KENALI ASAM BAWAH, KOTA BARU, KOTA JAMBI, JAMBI",24,42,99,141
https://kawalpemilu.org#17390,"KENALI ASAM BAWAH, KOTA BARU, KOTA JAMBI, JAMBI",25,62,100,162
https://kawalpemilu.org#17390,"KENALI ASAM BAWAH, KOTA BARU, KOTA JAMBI, JAMBI",26,70,91,161
https://kawalpemilu.org#17390,"KENALI ASAM BAWAH, KOTA BARU, KOTA JAMBI, JAMBI",27,81,113,194
https://kawalpemilu.org#17390,"KENALI ASAM BAWAH, KOTA BARU, KOTA JAMBI, JAMBI",28,59,102,161
https://kawalpemilu.org#17390,"KENALI ASAM BAWAH, KOTA BARU, KOTA JAMBI, JAMBI",29,79,122,201
https://kawalpemilu.org#17390,"KENALI ASAM BAWAH, KOTA BARU, KOTA JAMBI, JAMBI",30,98,114,212
https://kawalpemilu.org#17390,"KENALI ASAM BAWAH, KOTA BARU, KOTA JAMBI, JAMBI",31,95,103,198
https://kawalpemilu.org#17390,"KENALI ASAM BAWAH, KOTA BARU, KOTA JAMBI, JAMBI",32,84,158,242
https://kawalpemilu.org#17390,"KENALI ASAM BAWAH, KOTA BARU, KOTA JAMBI, JAMBI",33,68,112,180
https://kawalpemilu.org#17390,"KENALI ASAM BAWAH, KOTA BARU, KOTA JAMBI, JAMBI",34,34,57,91
https://kawalpemilu.org#17390,"KENALI ASAM BAWAH, KOTA BARU, KOTA JAMBI, JAMBI",35,123,39,162
https://kawalpemilu.org#17390,"KENALI ASAM BAWAH, KOTA BARU, KOTA JAMBI, JAMBI",36,122,43,165
https://kawalpemilu.org#17390,"KENALI ASAM BAWAH, KOTA BARU, KOTA JAMBI, JAMBI",37,89,143,232
https://kawalpemilu.org#17390,"KENALI ASAM BAWAH, KOTA BARU, KOTA JAMBI, JAMBI",38,87,119,206
https://kawalpemilu.org#17390,"KENALI ASAM BAWAH, KOTA BARU, KOTA JAMBI, JAMBI",39,89,149,238
https://kawalpemilu.org#17390,"KENALI ASAM BAWAH, KOTA BARU, KOTA JAMBI, JAMBI",40,137,98,235
https://kawalpemilu.org#17390,"KENALI ASAM BAWAH, KOTA BARU, KOTA JAMBI, JAMBI",41,93,89,182
https://kawalpemilu.org#17390,"KENALI ASAM BAWAH, KOTA BARU, KOTA JAMBI, JAMBI",42,82,94,176
https://kawalpemilu.org#17390,"KENALI ASAM BAWAH, KOTA BARU, KOTA JAMBI, JAMBI",43,82,120,202
https://kawalpemilu.org#17390,"KENALI ASAM BAWAH, KOTA BARU, KOTA JAMBI, JAMBI",44,61,130,191
https://kawalpemilu.org#17390,"KENALI ASAM BAWAH, KOTA BARU, KOTA JAMBI, JAMBI",45,68,128,196
https://kawalpemilu.org#17390,"KENALI ASAM BAWAH, KOTA BARU, KOTA JAMBI, JAMBI",46,69,129,198
https://kawalpemilu.org#17390,"KENALI ASAM BAWAH, KOTA BARU, KOTA JAMBI, JAMBI",47,120,74,194
https://kawalpemilu.org#17390,"KENALI ASAM BAWAH, KOTA BARU, KOTA JAMBI, JAMBI",48,79,127,206
https://kawalpemilu.org#17390,"KENALI ASAM BAWAH, KOTA BARU, KOTA JAMBI, JAMBI",49,79,158,237
https://kawalpemilu.org#17390,"KENALI ASAM BAWAH, KOTA BARU, KOTA JAMBI, JAMBI",50,77,124,201
https://kawalpemilu.org#17390,"KENALI ASAM BAWAH, KOTA BARU, KOTA JAMBI, JAMBI",51,88,135,223
https://kawalpemilu.org#17390,"KENALI ASAM BAWAH, KOTA BARU, KOTA JAMBI, JAMBI",52,66,135,201
https://kawalpemilu.org#17390,"KENALI ASAM BAWAH, KOTA BARU, KOTA JAMBI, JAMBI",53,78,121,199
https://kawalpemilu.org#17390,"KENALI ASAM BAWAH, KOTA BARU, KOTA JAMBI, JAMBI",54,66,123,189
https://kawalpemilu.org#17390,"KENALI ASAM BAWAH, KOTA BARU, KOTA JAMBI, JAMBI",55,129,117,246
https://kawalpemilu.org#17390,"KENALI ASAM BAWAH, KOTA BARU, KOTA JAMBI, JAMBI",56,53,164,219
https://kawalpemilu.org#17390,"KENALI ASAM BAWAH, KOTA BARU, KOTA JAMBI, JAMBI",57,118,32,150
https://kawalpemilu.org#17390,"KENALI ASAM BAWAH, KOTA BARU, KOTA JAMBI, JAMBI",58,90,85,175
https://kawalpemilu.org#17390,"KENALI ASAM BAWAH, KOTA BARU, KOTA JAMBI, JAMBI",59,39,143,182
https://kawalpemilu.org#17390,"KENALI ASAM BAWAH, KOTA BARU, KOTA JAMBI, JAMBI",60,74,97,171
https://kawalpemilu.org#17390,"KENALI ASAM BAWAH, KOTA BARU, KOTA JAMBI, JAMBI",61,138,108,246
https://kawalpemilu.org#17390,"KENALI ASAM BAWAH, KOTA BARU, KOTA JAMBI, JAMBI",62,88,93,181
https://kawalpemilu.org#17390,"KENALI ASAM BAWAH, KOTA BARU, KOTA JAMBI, JAMBI",63,93,141,234
https://kawalpemilu.org#17390,"KENALI ASAM BAWAH, KOTA BARU, KOTA JAMBI, JAMBI",64,42,100,142
https://kawalpemilu.org#17390,"KENALI ASAM BAWAH, KOTA BARU, KOTA JAMBI, JAMBI",65,43,106,149
https://kawalpemilu.org#17390,"KENALI ASAM BAWAH, KOTA BARU, KOTA JAMBI, JAMBI",66,59,75,134
https://kawalpemilu.org#17390,"KENALI ASAM BAWAH, KOTA BARU, KOTA JAMBI, JAMBI",67,79,88,167
https://kawalpemilu.org#17391,"KENALI ASAM ATAS, KOTA BARU, KOTA JAMBI, JAMBI",1,77,120,197
https://kawalpemilu.org#17391,"KENALI ASAM ATAS, KOTA BARU, KOTA JAMBI, JAMBI",2,59,69,128
https://kawalpemilu.org#17391,"KENALI ASAM ATAS, KOTA BARU, KOTA JAMBI, JAMBI",3,51,102,153
https://kawalpemilu.org#17391,"KENALI ASAM ATAS, KOTA BARU, KOTA JAMBI, JAMBI",4,99,92,191
https://kawalpemilu.org#17391,"KENALI ASAM ATAS, KOTA BARU, KOTA JAMBI, JAMBI",5,111,145,256
https://kawalpemilu.org#17391,"KENALI ASAM ATAS, KOTA BARU, KOTA JAMBI, JAMBI",6,95,139,234
https://kawalpemilu.org#17391,"KENALI ASAM ATAS, KOTA BARU, KOTA JAMBI, JAMBI",7,58,71,129
https://kawalpemilu.org#17391,"KENALI ASAM ATAS, KOTA BARU, KOTA JAMBI, JAMBI",8,71,59,130
https://kawalpemilu.org#17391,"KENALI ASAM ATAS, KOTA BARU, KOTA JAMBI, JAMBI",9,98,106,204
https://kawalpemilu.org#17391,"KENALI ASAM ATAS, KOTA BARU, KOTA JAMBI, JAMBI",10,89,126,215
https://kawalpemilu.org#17391,"KENALI ASAM ATAS, KOTA BARU, KOTA JAMBI, JAMBI",11,98,86,184
https://kawalpemilu.org#17391,"KENALI ASAM ATAS, KOTA BARU, KOTA JAMBI, JAMBI",12,79,136,215
https://kawalpemilu.org#17391,"KENALI ASAM ATAS, KOTA BARU, KOTA JAMBI, JAMBI",13,63,186,249
https://kawalpemilu.org#17391,"KENALI ASAM ATAS, KOTA BARU, KOTA JAMBI, JAMBI",14,50,151,201
https://kawalpemilu.org#17391,"KENALI ASAM ATAS, KOTA BARU, KOTA JAMBI, JAMBI",15,72,121,193
https://kawalpemilu.org#17391,"KENALI ASAM ATAS, KOTA BARU, KOTA JAMBI, JAMBI",16,76,118,194
https://kawalpemilu.org#17391,"KENALI ASAM ATAS, KOTA BARU, KOTA JAMBI, JAMBI",17,63,120,183
https://kawalpemilu.org#17391,"KENALI ASAM ATAS, KOTA BARU, KOTA JAMBI, JAMBI",18,79,142,221
https://kawalpemilu.org#17391,"KENALI ASAM ATAS, KOTA BARU, KOTA JAMBI, JAMBI",19,69,103,172
https://kawalpemilu.org#17391,"KENALI ASAM ATAS, KOTA BARU, KOTA JAMBI, JAMBI",20,80,137,217
https://kawalpemilu.org#17391,"KENALI ASAM ATAS, KOTA BARU, KOTA JAMBI, JAMBI",21,62,139,201
https://kawalpemilu.org#17391,"KENALI ASAM ATAS, KOTA BARU, KOTA JAMBI, JAMBI",22,94,100,194
https://kawalpemilu.org#17391,"KENALI ASAM ATAS, KOTA BARU, KOTA JAMBI, JAMBI",23,98,157,255
https://kawalpemilu.org#17391,"KENALI ASAM ATAS, KOTA BARU, KOTA JAMBI, JAMBI",24,39,60,99
https://kawalpemilu.org#17391,"KENALI ASAM ATAS, KOTA BARU, KOTA JAMBI, JAMBI",25,24,49,73
https://kawalpemilu.org#17397,"TALANG JAUH, JELUTUNG, KOTA JAMBI, JAMBI",1,244,13,257
https://kawalpemilu.org#17397,"TALANG JAUH, JELUTUNG, KOTA JAMBI, JAMBI",2,193,9,202
https://kawalpemilu.org#17397,"TALANG JAUH, JELUTUNG, KOTA JAMBI, JAMBI",3,122,19,141
https://kawalpemilu.org#17397,"TALANG JAUH, JELUTUNG, KOTA JAMBI, JAMBI",4,87,57,144
https://kawalpemilu.org#17397,"TALANG JAUH, JELUTUNG, KOTA JAMBI, JAMBI",5,68,123,191
https://kawalpemilu.org#17397,"TALANG JAUH, JELUTUNG, KOTA JAMBI, JAMBI",6,74,50,124
https://kawalpemilu.org#17397,"TALANG JAUH, JELUTUNG, KOTA JAMBI, JAMBI",7,61,18,79
https://kawalpemilu.org#17397,"TALANG JAUH, JELUTUNG, KOTA JAMBI, JAMBI",8,142,4,146
https://kawalpemilu.org#17397,"TALANG JAUH, JELUTUNG, KOTA JAMBI, JAMBI",9,84,15,99
https://kawalpemilu.org#17397,"TALANG JAUH, JELUTUNG, KOTA JAMBI, JAMBI",10,165,41,206
https://kawalpemilu.org#17397,"TALANG JAUH, JELUTUNG, KOTA JAMBI, JAMBI",11,84,20,104
https://kawalpemilu.org#17398,"CEMPAKA PUTIH, JELUTUNG, KOTA JAMBI, JAMBI",1,148,46,194
https://kawalpemilu.org#17398,"CEMPAKA PUTIH, JELUTUNG, KOTA JAMBI, JAMBI",2,59,80,139
https://kawalpemilu.org#17398,"CEMPAKA PUTIH, JELUTUNG, KOTA JAMBI, JAMBI",3,78,57,135
https://kawalpemilu.org#17398,"CEMPAKA PUTIH, JELUTUNG, KOTA JAMBI, JAMBI",4,58,81,139
https://kawalpemilu.org#17398,"CEMPAKA PUTIH, JELUTUNG, KOTA JAMBI, JAMBI",5,64,73,137
https://kawalpemilu.org#17398,"CEMPAKA PUTIH, JELUTUNG, KOTA JAMBI, JAMBI",6,116,109,225
https://kawalpemilu.org#17398,"CEMPAKA PUTIH, JELUTUNG, KOTA JAMBI, JAMBI",7,129,59,188
https://kawalpemilu.org#17398,"CEMPAKA PUTIH, JELUTUNG, KOTA JAMBI, JAMBI",8,65,63,128
https://kawalpemilu.org#17398,"CEMPAKA PUTIH, JELUTUNG, KOTA JAMBI, JAMBI",9,86,115,201
https://kawalpemilu.org#17398,"CEMPAKA PUTIH, JELUTUNG, KOTA JAMBI, JAMBI",10,105,108,213
https://kawalpemilu.org#17398,"CEMPAKA PUTIH, JELUTUNG, KOTA JAMBI, JAMBI",11,122,109,231
https://kawalpemilu.org#17398,"CEMPAKA PUTIH, JELUTUNG, KOTA JAMBI, JAMBI",12,53,89,142
https://kawalpemilu.org#17398,"CEMPAKA PUTIH, JELUTUNG, KOTA JAMBI, JAMBI",13,91,96,187
https://kawalpemilu.org#17398,"CEMPAKA PUTIH, JELUTUNG, KOTA JAMBI, JAMBI",14,155,38,193
https://kawalpemilu.org#17398,"CEMPAKA PUTIH, JELUTUNG, KOTA JAMBI, JAMBI",15,87,14,101
https://kawalpemilu.org#17398,"CEMPAKA PUTIH, JELUTUNG, KOTA JAMBI, JAMBI",16,93,23,116
https://kawalpemilu.org#17398,"CEMPAKA PUTIH, JELUTUNG, KOTA JAMBI, JAMBI",17,93,50,143
https://kawalpemilu.org#17398,"CEMPAKA PUTIH, JELUTUNG, KOTA JAMBI, JAMBI",18,79,102,181
https://kawalpemilu.org#17398,"CEMPAKA PUTIH, JELUTUNG, KOTA JAMBI, JAMBI",19,50,85,135
https://kawalpemilu.org#17398,"CEMPAKA PUTIH, JELUTUNG, KOTA JAMBI, JAMBI",20,81,30,111
https://kawalpemilu.org#17398,"CEMPAKA PUTIH, JELUTUNG, KOTA JAMBI, JAMBI",21,58,88,146
https://kawalpemilu.org#17398,"CEMPAKA PUTIH, JELUTUNG, KOTA JAMBI, JAMBI",22,52,124,176
https://kawalpemilu.org#17398,"CEMPAKA PUTIH, JELUTUNG, KOTA JAMBI, JAMBI",23,52,127,179
https://kawalpemilu.org#17398,"CEMPAKA PUTIH, JELUTUNG, KOTA JAMBI, JAMBI",24,113,101,214
https://kawalpemilu.org#17399,"KEBUN HANDIL, JELUTUNG, KOTA JAMBI, JAMBI",1,76,72,148
https://kawalpemilu.org#17399,"KEBUN HANDIL, JELUTUNG, KOTA JAMBI, JAMBI",2,78,98,176
https://kawalpemilu.org#17399,"KEBUN HANDIL, JELUTUNG, KOTA JAMBI, JAMBI",3,131,63,194
https://kawalpemilu.org#17399,"KEBUN HANDIL, JELUTUNG, KOTA JAMBI, JAMBI",4,93,38,131
https://kawalpemilu.org#17399,"KEBUN HANDIL, JELUTUNG, KOTA JAMBI, JAMBI",5,129,56,185
https://kawalpemilu.org#17399,"KEBUN HANDIL, JELUTUNG, KOTA JAMBI, JAMBI",6,82,31,113
https://kawalpemilu.org#17399,"KEBUN HANDIL, JELUTUNG, KOTA JAMBI, JAMBI",7,58,32,90
https://kawalpemilu.org#17399,"KEBUN HANDIL, JELUTUNG, KOTA JAMBI, JAMBI",8,135,98,233
https://kawalpemilu.org#17399,"KEBUN HANDIL, JELUTUNG, KOTA JAMBI, JAMBI",9,151,102,253
https://kawalpemilu.org#17399,"KEBUN HANDIL, JELUTUNG, KOTA JAMBI, JAMBI",10,79,147,226
https://kawalpemilu.org#17399,"KEBUN HANDIL, JELUTUNG, KOTA JAMBI, JAMBI",11,109,25,134
https://kawalpemilu.org#17399,"KEBUN HANDIL, JELUTUNG, KOTA JAMBI, JAMBI",12,61,77,138
https://kawalpemilu.org#17399,"KEBUN HANDIL, JELUTUNG, KOTA JAMBI, JAMBI",13,91,96,187
https://kawalpemilu.org#17399,"KEBUN HANDIL, JELUTUNG, KOTA JAMBI, JAMBI",14,91,130,221
https://kawalpemilu.org#17399,"KEBUN HANDIL, JELUTUNG, KOTA JAMBI, JAMBI",15,76,88,164
https://kawalpemilu.org#17399,"KEBUN HANDIL, JELUTUNG, KOTA JAMBI, JAMBI",16,50,66,116
https://kawalpemilu.org#17399,"KEBUN HANDIL, JELUTUNG, KOTA JAMBI, JAMBI",17,89,126,215
https://kawalpemilu.org#17399,"KEBUN HANDIL, JELUTUNG, KOTA JAMBI, JAMBI",18,138,120,258
https://kawalpemilu.org#17399,"KEBUN HANDIL, JELUTUNG, KOTA JAMBI, JAMBI",19,49,141,190
https://kawalpemilu.org#17399,"KEBUN HANDIL, JELUTUNG, KOTA JAMBI, JAMBI",20,106,122,228
https://kawalpemilu.org#17399,"KEBUN HANDIL, JELUTUNG, KOTA JAMBI, JAMBI",21,49,58,107
https://kawalpemilu.org#17399,"KEBUN HANDIL, JELUTUNG, KOTA JAMBI, JAMBI",22,112,107,219
https://kawalpemilu.org#17399,"KEBUN HANDIL, JELUTUNG, KOTA JAMBI, JAMBI",23,94,126,220
https://kawalpemilu.org#17399,"KEBUN HANDIL, JELUTUNG, KOTA JAMBI, JAMBI",24,63,116,179
https://kawalpemilu.org#17399,"KEBUN HANDIL, JELUTUNG, KOTA JAMBI, JAMBI",25,60,138,198
https://kawalpemilu.org#17399,"KEBUN HANDIL, JELUTUNG, KOTA JAMBI, JAMBI",26,94,89,0
https://kawalpemilu.org#17399,"KEBUN HANDIL, JELUTUNG, KOTA JAMBI, JAMBI",27,88,74,162
https://kawalpemilu.org#17399,"KEBUN HANDIL, JELUTUNG, KOTA JAMBI, JAMBI",28,132,23,155
https://kawalpemilu.org#17400,"LEBAK BANDUNG, JELUTUNG, KOTA JAMBI, JAMBI",1,70,180,250
https://kawalpemilu.org#17400,"LEBAK BANDUNG, JELUTUNG, KOTA JAMBI, JAMBI",2,52,106,158
https://kawalpemilu.org#17400,"LEBAK BANDUNG, JELUTUNG, KOTA JAMBI, JAMBI",3,41,87,128
https://kawalpemilu.org#17400,"LEBAK BANDUNG, JELUTUNG, KOTA JAMBI, JAMBI",4,84,94,178
https://kawalpemilu.org#17400,"LEBAK BANDUNG, JELUTUNG, KOTA JAMBI, JAMBI",5,29,116,145
https://kawalpemilu.org#17400,"LEBAK BANDUNG, JELUTUNG, KOTA JAMBI, JAMBI",6,40,90,130
https://kawalpemilu.org#17400,"LEBAK BANDUNG, JELUTUNG, KOTA JAMBI, JAMBI",7,34,124,158
https://kawalpemilu.org#17400,"LEBAK BANDUNG, JELUTUNG, KOTA JAMBI, JAMBI",8,38,146,184
https://kawalpemilu.org#17400,"LEBAK BANDUNG, JELUTUNG, KOTA JAMBI, JAMBI",9,54,81,135
https://kawalpemilu.org#17400,"LEBAK BANDUNG, JELUTUNG, KOTA JAMBI, JAMBI",10,101,85,186
https://kawalpemilu.org#17400,"LEBAK BANDUNG, JELUTUNG, KOTA JAMBI, JAMBI",11,44,111,155
https://kawalpemilu.org#17400,"LEBAK BANDUNG, JELUTUNG, KOTA JAMBI, JAMBI",12,99,88,187
https://kawalpemilu.org#17400,"LEBAK BANDUNG, JELUTUNG, KOTA JAMBI, JAMBI",13,86,61,147
https://kawalpemilu.org#17400,"LEBAK BANDUNG, JELUTUNG, KOTA JAMBI, JAMBI",14,48,92,140
https://kawalpemilu.org#17400,"LEBAK BANDUNG, JELUTUNG, KOTA JAMBI, JAMBI",15,96,139,235
https://kawalpemilu.org#17400,"LEBAK BANDUNG, JELUTUNG, KOTA JAMBI, JAMBI",16,31,79,110
https://kawalpemilu.org#17400,"LEBAK BANDUNG, JELUTUNG, KOTA JAMBI, JAMBI",17,30,131,161
https://kawalpemilu.org#17400,"LEBAK BANDUNG, JELUTUNG, KOTA JAMBI, JAMBI",18,60,180,240
https://kawalpemilu.org#17400,"LEBAK BANDUNG, JELUTUNG, KOTA JAMBI, JAMBI",19,96,100,196
https://kawalpemilu.org#17400,"LEBAK BANDUNG, JELUTUNG, KOTA JAMBI, JAMBI",20,102,108,210
https://kawalpemilu.org#17400,"LEBAK BANDUNG, JELUTUNG, KOTA JAMBI, JAMBI",21,101,147,248
https://kawalpemilu.org#17400,"LEBAK BANDUNG, JELUTUNG, KOTA JAMBI, JAMBI",22,36,105,141
https://kawalpemilu.org#17400,"LEBAK BANDUNG, JELUTUNG, KOTA JAMBI, JAMBI",23,121,90,211
https://kawalpemilu.org#17400,"LEBAK BANDUNG, JELUTUNG, KOTA JAMBI, JAMBI",24,75,119,194
https://kawalpemilu.org#17400,"LEBAK BANDUNG, JELUTUNG, KOTA JAMBI, JAMBI",25,125,130,255
https://kawalpemilu.org#17400,"LEBAK BANDUNG, JELUTUNG, KOTA JAMBI, JAMBI",26,39,68,107
https://kawalpemilu.org#17400,"LEBAK BANDUNG, JELUTUNG, KOTA JAMBI, JAMBI",27,97,75,172
https://kawalpemilu.org#17400,"LEBAK BANDUNG, JELUTUNG, KOTA JAMBI, JAMBI",28,69,110,179
https://kawalpemilu.org#17400,"LEBAK BANDUNG, JELUTUNG, KOTA JAMBI, JAMBI",29,40,110,150
https://kawalpemilu.org#17400,"LEBAK BANDUNG, JELUTUNG, KOTA JAMBI, JAMBI",30,35,87,122
https://kawalpemilu.org#17400,"LEBAK BANDUNG, JELUTUNG, KOTA JAMBI, JAMBI",31,88,79,167
https://kawalpemilu.org#17400,"LEBAK BANDUNG, JELUTUNG, KOTA JAMBI, JAMBI",32,74,130,204
https://kawalpemilu.org#17400,"LEBAK BANDUNG, JELUTUNG, KOTA JAMBI, JAMBI",33,61,102,163
https://kawalpemilu.org#17400,"LEBAK BANDUNG, JELUTUNG, KOTA JAMBI, JAMBI",34,60,27,87
https://kawalpemilu.org#17400,"LEBAK BANDUNG, JELUTUNG, KOTA JAMBI, JAMBI",35,108,66,174
https://kawalpemilu.org#17400,"LEBAK BANDUNG, JELUTUNG, KOTA JAMBI, JAMBI",36,52,67,119
https://kawalpemilu.org#17401,"PAYO LEBAR, JELUTUNG, KOTA JAMBI, JAMBI",1,37,60,97
https://kawalpemilu.org#17401,"PAYO LEBAR, JELUTUNG, KOTA JAMBI, JAMBI",2,47,143,190
https://kawalpemilu.org#17401,"PAYO LEBAR, JELUTUNG, KOTA JAMBI, JAMBI",3,69,188,257
https://kawalpemilu.org#17401,"PAYO LEBAR, JELUTUNG, KOTA JAMBI, JAMBI",4,112,136,248
https://kawalpemilu.org#17401,"PAYO LEBAR, JELUTUNG, KOTA JAMBI, JAMBI",5,38,110,148
https://kawalpemilu.org#17401,"PAYO LEBAR, JELUTUNG, KOTA JAMBI, JAMBI",6,117,156,273
https://kawalpemilu.org#17401,"PAYO LEBAR, JELUTUNG, KOTA JAMBI, JAMBI",7,22,105,127
https://kawalpemilu.org#17401,"PAYO LEBAR, JELUTUNG, KOTA JAMBI, JAMBI",8,122,128,250
https://kawalpemilu.org#17401,"PAYO LEBAR, JELUTUNG, KOTA JAMBI, JAMBI",9,89,48,137
https://kawalpemilu.org#17401,"PAYO LEBAR, JELUTUNG, KOTA JAMBI, JAMBI",10,56,67,123
https://kawalpemilu.org#17401,"PAYO LEBAR, JELUTUNG, KOTA JAMBI, JAMBI",11,63,84,147
https://kawalpemilu.org#17401,"PAYO LEBAR, JELUTUNG, KOTA JAMBI, JAMBI",12,48,63,111
https://kawalpemilu.org#17401,"PAYO LEBAR, JELUTUNG, KOTA JAMBI, JAMBI",13,77,104,181
https://kawalpemilu.org#17401,"PAYO LEBAR, JELUTUNG, KOTA JAMBI, JAMBI",14,94,86,180
https://kawalpemilu.org#17401,"PAYO LEBAR, JELUTUNG, KOTA JAMBI, JAMBI",15,73,138,211
https://kawalpemilu.org#17401,"PAYO LEBAR, JELUTUNG, KOTA JAMBI, JAMBI",16,62,67,129
https://kawalpemilu.org#17401,"PAYO LEBAR, JELUTUNG, KOTA JAMBI, JAMBI",17,101,122,223
https://kawalpemilu.org#17401,"PAYO LEBAR, JELUTUNG, KOTA JAMBI, JAMBI",18,96,70,166
https://kawalpemilu.org#17401,"PAYO LEBAR, JELUTUNG, KOTA JAMBI, JAMBI",19,77,86,163
https://kawalpemilu.org#17401,"PAYO LEBAR, JELUTUNG, KOTA JAMBI, JAMBI",20,111,122,233
https://kawalpemilu.org#17401,"PAYO LEBAR, JELUTUNG, KOTA JAMBI, JAMBI",21,81,92,173
https://kawalpemilu.org#17401,"PAYO LEBAR, JELUTUNG, KOTA JAMBI, JAMBI",22,74,70,144
https://kawalpemilu.org#17401,"PAYO LEBAR, JELUTUNG, KOTA JAMBI, JAMBI",23,76,104,180
https://kawalpemilu.org#17401,"PAYO LEBAR, JELUTUNG, KOTA JAMBI, JAMBI",24,84,108,192
https://kawalpemilu.org#17401,"PAYO LEBAR, JELUTUNG, KOTA JAMBI, JAMBI",25,112,156,268
https://kawalpemilu.org#17401,"PAYO LEBAR, JELUTUNG, KOTA JAMBI, JAMBI",26,45,106,151
https://kawalpemilu.org#17401,"PAYO LEBAR, JELUTUNG, KOTA JAMBI, JAMBI",27,65,100,165
https://kawalpemilu.org#17401,"PAYO LEBAR, JELUTUNG, KOTA JAMBI, JAMBI",28,95,148,243
https://kawalpemilu.org#17402,"JELUTUNG, JELUTUNG, KOTA JAMBI, JAMBI",1,65,108,173
https://kawalpemilu.org#17402,"JELUTUNG, JELUTUNG, KOTA JAMBI, JAMBI",2,34,76,110
https://kawalpemilu.org#17402,"JELUTUNG, JELUTUNG, KOTA JAMBI, JAMBI",3,80,113,193
https://kawalpemilu.org#17402,"JELUTUNG, JELUTUNG, KOTA JAMBI, JAMBI",4,50,61,111
https://kawalpemilu.org#17402,"JELUTUNG, JELUTUNG, KOTA JAMBI, JAMBI",5,90,83,173
https://kawalpemilu.org#17402,"JELUTUNG, JELUTUNG, KOTA JAMBI, JAMBI",6,54,81,135
https://kawalpemilu.org#17402,"JELUTUNG, JELUTUNG, KOTA JAMBI, JAMBI",7,33,98,131
https://kawalpemilu.org#17402,"JELUTUNG, JELUTUNG, KOTA JAMBI, JAMBI",8,44,52,96
https://kawalpemilu.org#17402,"JELUTUNG, JELUTUNG, KOTA JAMBI, JAMBI",9,57,96,153
https://kawalpemilu.org#17402,"JELUTUNG, JELUTUNG, KOTA JAMBI, JAMBI",10,60,90,150
https://kawalpemilu.org#17402,"JELUTUNG, JELUTUNG, KOTA JAMBI, JAMBI",11,54,90,144
https://kawalpemilu.org#17402,"JELUTUNG, JELUTUNG, KOTA JAMBI, JAMBI",12,87,140,227
https://kawalpemilu.org#17402,"JELUTUNG, JELUTUNG, KOTA JAMBI, JAMBI",13,92,123,215
https://kawalpemilu.org#17402,"JELUTUNG, JELUTUNG, KOTA JAMBI, JAMBI",14,113,107,220
https://kawalpemilu.org#17402,"JELUTUNG, JELUTUNG, KOTA JAMBI, JAMBI",15,125,48,173
https://kawalpemilu.org#17402,"JELUTUNG, JELUTUNG, KOTA JAMBI, JAMBI",16,100,64,164
https://kawalpemilu.org#17402,"JELUTUNG, JELUTUNG, KOTA JAMBI, JAMBI",17,135,93,228
https://kawalpemilu.org#17402,"JELUTUNG, JELUTUNG, KOTA JAMBI, JAMBI",18,125,34,159
https://kawalpemilu.org#17402,"JELUTUNG, JELUTUNG, KOTA JAMBI, JAMBI",19,57,98,155
https://kawalpemilu.org#17402,"JELUTUNG, JELUTUNG, KOTA JAMBI, JAMBI",20,105,86,191
https://kawalpemilu.org#17402,"JELUTUNG, JELUTUNG, KOTA JAMBI, JAMBI",21,85,56,141
https://kawalpemilu.org#17402,"JELUTUNG, JELUTUNG, KOTA JAMBI, JAMBI",22,82,36,118
https://kawalpemilu.org#17402,"JELUTUNG, JELUTUNG, KOTA JAMBI, JAMBI",23,106,108,214
https://kawalpemilu.org#17402,"JELUTUNG, JELUTUNG, KOTA JAMBI, JAMBI",24,84,139,223
https://kawalpemilu.org#17402,"JELUTUNG, JELUTUNG, KOTA JAMBI, JAMBI",25,156,90,246
https://kawalpemilu.org#17402,"JELUTUNG, JELUTUNG, KOTA JAMBI, JAMBI",26,94,83,177
https://kawalpemilu.org#17402,"JELUTUNG, JELUTUNG, KOTA JAMBI, JAMBI",27,86,49,135
https://kawalpemilu.org#17402,"JELUTUNG, JELUTUNG, KOTA JAMBI, JAMBI",28,72,40,112
https://kawalpemilu.org#17402,"JELUTUNG, JELUTUNG, KOTA JAMBI, JAMBI",29,146,68,214
https://kawalpemilu.org#17402,"JELUTUNG, JELUTUNG, KOTA JAMBI, JAMBI",30,46,127,173
https://kawalpemilu.org#17402,"JELUTUNG, JELUTUNG, KOTA JAMBI, JAMBI",31,66,103,169
https://kawalpemilu.org#17402,"JELUTUNG, JELUTUNG, KOTA JAMBI, JAMBI",32,67,109,176
https://kawalpemilu.org#17402,"JELUTUNG, JELUTUNG, KOTA JAMBI, JAMBI",33,39,67,106
https://kawalpemilu.org#17402,"JELUTUNG, JELUTUNG, KOTA JAMBI, JAMBI",34,39,64,103
https://kawalpemilu.org#17402,"JELUTUNG, JELUTUNG, KOTA JAMBI, JAMBI",35,62,106,168
https://kawalpemilu.org#17402,"JELUTUNG, JELUTUNG, KOTA JAMBI, JAMBI",36,65,218,283
https://kawalpemilu.org#17402,"JELUTUNG, JELUTUNG, KOTA JAMBI, JAMBI",37,41,108,149
https://kawalpemilu.org#17402,"JELUTUNG, JELUTUNG, KOTA JAMBI, JAMBI",38,25,118,143
https://kawalpemilu.org#17402,"JELUTUNG, JELUTUNG, KOTA JAMBI, JAMBI",39,58,81,139
https://kawalpemilu.org#17402,"JELUTUNG, JELUTUNG, KOTA JAMBI, JAMBI",40,57,104,2
https://kawalpemilu.org#17402,"JELUTUNG, JELUTUNG, KOTA JAMBI, JAMBI",41,108,123,231
https://kawalpemilu.org#17402,"JELUTUNG, JELUTUNG, KOTA JAMBI, JAMBI",42,85,76,161
https://kawalpemilu.org#17402,"JELUTUNG, JELUTUNG, KOTA JAMBI, JAMBI",43,66,148,214
https://kawalpemilu.org#17402,"JELUTUNG, JELUTUNG, KOTA JAMBI, JAMBI",44,61,94,155
https://kawalpemilu.org#17402,"JELUTUNG, JELUTUNG, KOTA JAMBI, JAMBI",45,51,95,146
https://kawalpemilu.org#17402,"JELUTUNG, JELUTUNG, KOTA JAMBI, JAMBI",46,101,134,235
https://kawalpemilu.org#17402,"JELUTUNG, JELUTUNG, KOTA JAMBI, JAMBI",47,68,124,192
https://kawalpemilu.org#17402,"JELUTUNG, JELUTUNG, KOTA JAMBI, JAMBI",48,73,114,187
https://kawalpemilu.org#17402,"JELUTUNG, JELUTUNG, KOTA JAMBI, JAMBI",49,66,104,170
https://kawalpemilu.org#17402,"JELUTUNG, JELUTUNG, KOTA JAMBI, JAMBI",50,60,85,145
https://kawalpemilu.org#17402,"JELUTUNG, JELUTUNG, KOTA JAMBI, JAMBI",51,57,100,157
https://kawalpemilu.org#17402,"JELUTUNG, JELUTUNG, KOTA JAMBI, JAMBI",52,72,91,163
https://kawalpemilu.org#17403,"HANDIL JAYA, JELUTUNG, KOTA JAMBI, JAMBI",1,88,156,244
https://kawalpemilu.org#17403,"HANDIL JAYA, JELUTUNG, KOTA JAMBI, JAMBI",2,158,82,240
https://kawalpemilu.org#17403,"HANDIL JAYA, JELUTUNG, KOTA JAMBI, JAMBI",3,110,94,204
https://kawalpemilu.org#17403,"HANDIL JAYA, JELUTUNG, KOTA JAMBI, JAMBI",4,106,73,179
https://kawalpemilu.org#17403,"HANDIL JAYA, JELUTUNG, KOTA JAMBI, JAMBI",5,52,78,130
https://kawalpemilu.org#17403,"HANDIL JAYA, JELUTUNG, KOTA JAMBI, JAMBI",6,73,75,148
https://kawalpemilu.org#17403,"HANDIL JAYA, JELUTUNG, KOTA JAMBI, JAMBI",7,43,95,138
https://kawalpemilu.org#17403,"HANDIL JAYA, JELUTUNG, KOTA JAMBI, JAMBI",8,36,94,130
https://kawalpemilu.org#17403,"HANDIL JAYA, JELUTUNG, KOTA JAMBI, JAMBI",9,37,81,118
https://kawalpemilu.org#17403,"HANDIL JAYA, JELUTUNG, KOTA JAMBI, JAMBI",10,79,147,226
https://kawalpemilu.org#17403,"HANDIL JAYA, JELUTUNG, KOTA JAMBI, JAMBI",11,103,110,213
https://kawalpemilu.org#17403,"HANDIL JAYA, JELUTUNG, KOTA JAMBI, JAMBI",12,64,177,241
https://kawalpemilu.org#17403,"HANDIL JAYA, JELUTUNG, KOTA JAMBI, JAMBI",13,41,78,119
https://kawalpemilu.org#17403,"HANDIL JAYA, JELUTUNG, KOTA JAMBI, JAMBI",14,58,102,160
https://kawalpemilu.org#17403,"HANDIL JAYA, JELUTUNG, KOTA JAMBI, JAMBI",15,50,117,167
https://kawalpemilu.org#17403,"HANDIL JAYA, JELUTUNG, KOTA JAMBI, JAMBI",16,30,93,123
https://kawalpemilu.org#17403,"HANDIL JAYA, JELUTUNG, KOTA JAMBI, JAMBI",17,39,106,145
https://kawalpemilu.org#17403,"HANDIL JAYA, JELUTUNG, KOTA JAMBI, JAMBI",18,76,128,204
https://kawalpemilu.org#17403,"HANDIL JAYA, JELUTUNG, KOTA JAMBI, JAMBI",19,55,84,139
https://kawalpemilu.org#17403,"HANDIL JAYA, JELUTUNG, KOTA JAMBI, JAMBI",20,36,109,145
https://kawalpemilu.org#17403,"HANDIL JAYA, JELUTUNG, KOTA JAMBI, JAMBI",21,26,83,109
https://kawalpemilu.org#17403,"HANDIL JAYA, JELUTUNG, KOTA JAMBI, JAMBI",22,74,153,227
https://kawalpemilu.org#17403,"HANDIL JAYA, JELUTUNG, KOTA JAMBI, JAMBI",23,72,111,183
https://kawalpemilu.org#17403,"HANDIL JAYA, JELUTUNG, KOTA JAMBI, JAMBI",24,56,117,173
https://kawalpemilu.org#17403,"HANDIL JAYA, JELUTUNG, KOTA JAMBI, JAMBI",25,81,117,198
https://kawalpemilu.org#17403,"HANDIL JAYA, JELUTUNG, KOTA JAMBI, JAMBI",26,70,140,210
https://kawalpemilu.org#17403,"HANDIL JAYA, JELUTUNG, KOTA JAMBI, JAMBI",27,144,77,221
https://kawalpemilu.org#17403,"HANDIL JAYA, JELUTUNG, KOTA JAMBI, JAMBI",28,75,150,225
https://kawalpemilu.org#17388,"RAWA SARI, ALAM BARAJO, KOTA JAMBI, JAMBI",1,69,65,134
https://kawalpemilu.org#17388,"RAWA SARI, ALAM BARAJO, KOTA JAMBI, JAMBI",2,39,98,137
https://kawalpemilu.org#17388,"RAWA SARI, ALAM BARAJO, KOTA JAMBI, JAMBI",3,32,91,123
https://kawalpemilu.org#17388,"RAWA SARI, ALAM BARAJO, KOTA JAMBI, JAMBI",4,42,112,154
https://kawalpemilu.org#17388,"RAWA SARI, ALAM BARAJO, KOTA JAMBI, JAMBI",5,61,106,167
https://kawalpemilu.org#17388,"RAWA SARI, ALAM BARAJO, KOTA JAMBI, JAMBI",6,66,113,179
https://kawalpemilu.org#17388,"RAWA SARI, ALAM BARAJO, KOTA JAMBI, JAMBI",7,71,141,212
https://kawalpemilu.org#17388,"RAWA SARI, ALAM BARAJO, KOTA JAMBI, JAMBI",8,74,151,225
https://kawalpemilu.org#17388,"RAWA SARI, ALAM BARAJO, KOTA JAMBI, JAMBI",9,145,111,256
https://kawalpemilu.org#17388,"RAWA SARI, ALAM BARAJO, KOTA JAMBI, JAMBI",10,32,104,136
https://kawalpemilu.org#17388,"RAWA SARI, ALAM BARAJO, KOTA JAMBI, JAMBI",11,38,92,130
https://kawalpemilu.org#17388,"RAWA SARI, ALAM BARAJO, KOTA JAMBI, JAMBI",12,68,173,241
https://kawalpemilu.org#17388,"RAWA SARI, ALAM BARAJO, KOTA JAMBI, JAMBI",13,92,152,244
https://kawalpemilu.org#17388,"RAWA SARI, ALAM BARAJO, KOTA JAMBI, JAMBI",14,82,132,214
https://kawalpemilu.org#17388,"RAWA SARI, ALAM BARAJO, KOTA JAMBI, JAMBI",15,104,92,196
https://kawalpemilu.org#17388,"RAWA SARI, ALAM BARAJO, KOTA JAMBI, JAMBI",16,90,92,182
https://kawalpemilu.org#17388,"RAWA SARI, ALAM BARAJO, KOTA JAMBI, JAMBI",17,56,95,151
https://kawalpemilu.org#17388,"RAWA SARI, ALAM BARAJO, KOTA JAMBI, JAMBI",18,43,121,164
https://kawalpemilu.org#17388,"RAWA SARI, ALAM BARAJO, KOTA JAMBI, JAMBI",19,86,116,202
https://kawalpemilu.org#17388,"RAWA SARI, ALAM BARAJO, KOTA JAMBI, JAMBI",20,80,49,129
https://kawalpemilu.org#17388,"RAWA SARI, ALAM BARAJO, KOTA JAMBI, JAMBI",21,73,83,156
https://kawalpemilu.org#17388,"RAWA SARI, ALAM BARAJO, KOTA JAMBI, JAMBI",22,52,116,168
https://kawalpemilu.org#17388,"RAWA SARI, ALAM BARAJO, KOTA JAMBI, JAMBI",23,47,135,182
https://kawalpemilu.org#17388,"RAWA SARI, ALAM BARAJO, KOTA JAMBI, JAMBI",24,86,124,210
https://kawalpemilu.org#17388,"RAWA SARI, ALAM BARAJO, KOTA JAMBI, JAMBI",25,80,127,207
https://kawalpemilu.org#17388,"RAWA SARI, ALAM BARAJO, KOTA JAMBI, JAMBI",26,81,110,191
https://kawalpemilu.org#17388,"RAWA SARI, ALAM BARAJO, KOTA JAMBI, JAMBI",27,79,121,200
https://kawalpemilu.org#17388,"RAWA SARI, ALAM BARAJO, KOTA JAMBI, JAMBI",28,63,142,205
https://kawalpemilu.org#17388,"RAWA SARI, ALAM BARAJO, KOTA JAMBI, JAMBI",29,60,160,220
https://kawalpemilu.org#17388,"RAWA SARI, ALAM BARAJO, KOTA JAMBI, JAMBI",30,55,114,169
https://kawalpemilu.org#17388,"RAWA SARI, ALAM BARAJO, KOTA JAMBI, JAMBI",31,61,114,175
https://kawalpemilu.org#17388,"RAWA SARI, ALAM BARAJO, KOTA JAMBI, JAMBI",32,30,119,149
https://kawalpemilu.org#17388,"RAWA SARI, ALAM BARAJO, KOTA JAMBI, JAMBI",33,43,125,165
https://kawalpemilu.org#17388,"RAWA SARI, ALAM BARAJO, KOTA JAMBI, JAMBI",34,52,101,153
https://kawalpemilu.org#17388,"RAWA SARI, ALAM BARAJO, KOTA JAMBI, JAMBI",35,40,132,172
https://kawalpemilu.org#17388,"RAWA SARI, ALAM BARAJO, KOTA JAMBI, JAMBI",36,54,115,169
https://kawalpemilu.org#17388,"RAWA SARI, ALAM BARAJO, KOTA JAMBI, JAMBI",37,87,71,158
https://kawalpemilu.org#17388,"RAWA SARI, ALAM BARAJO, KOTA JAMBI, JAMBI",38,75,103,178
https://kawalpemilu.org#17388,"RAWA SARI, ALAM BARAJO, KOTA JAMBI, JAMBI",39,67,125,192
https://kawalpemilu.org#17388,"RAWA SARI, ALAM BARAJO, KOTA JAMBI, JAMBI",40,57,112,169
https://kawalpemilu.org#17388,"RAWA SARI, ALAM BARAJO, KOTA JAMBI, JAMBI",41,90,99,189
https://kawalpemilu.org#17388,"RAWA SARI, ALAM BARAJO, KOTA JAMBI, JAMBI",42,92,101,193
https://kawalpemilu.org#17388,"RAWA SARI, ALAM BARAJO, KOTA JAMBI, JAMBI",43,225,21,246
https://kawalpemilu.org#17388,"RAWA SARI, ALAM BARAJO, KOTA JAMBI, JAMBI",44,98,39,137
https://kawalpemilu.org#17388,"RAWA SARI, ALAM BARAJO, KOTA JAMBI, JAMBI",45,90,31,121
https://kawalpemilu.org#17388,"RAWA SARI, ALAM BARAJO, KOTA JAMBI, JAMBI",46,22,67,89
https://kawalpemilu.org#17388,"RAWA SARI, ALAM BARAJO, KOTA JAMBI, JAMBI",47,43,66,109
https://kawalpemilu.org#17388,"RAWA SARI, ALAM BARAJO, KOTA JAMBI, JAMBI",48,41,116,157
https://kawalpemilu.org#17388,"RAWA SARI, ALAM BARAJO, KOTA JAMBI, JAMBI",49,15,67,82
https://kawalpemilu.org#17388,"RAWA SARI, ALAM BARAJO, KOTA JAMBI, JAMBI",50,6,60,66
https://kawalpemilu.org#17388,"RAWA SARI, ALAM BARAJO, KOTA JAMBI, JAMBI",51,8,68,76
https://kawalpemilu.org#17388,"RAWA SARI, ALAM BARAJO, KOTA JAMBI, JAMBI",52,17,69,86
https://kawalpemilu.org#17388,"RAWA SARI, ALAM BARAJO, KOTA JAMBI, JAMBI",53,14,63,77
https://kawalpemilu.org#17388,"RAWA SARI, ALAM BARAJO, KOTA JAMBI, JAMBI",54,55,92,147
https://kawalpemilu.org#17392,"KENALI BESAR, ALAM BARAJO, KOTA JAMBI, JAMBI",1,82,90,172
https://kawalpemilu.org#17392,"KENALI BESAR, ALAM BARAJO, KOTA JAMBI, JAMBI",2,65,126,191
https://kawalpemilu.org#17392,"KENALI BESAR, ALAM BARAJO, KOTA JAMBI, JAMBI",3,50,156,206
https://kawalpemilu.org#17392,"KENALI BESAR, ALAM BARAJO, KOTA JAMBI, JAMBI",4,62,140,202
https://kawalpemilu.org#17392,"KENALI BESAR, ALAM BARAJO, KOTA JAMBI, JAMBI",5,70,166,236
https://kawalpemilu.org#17392,"KENALI BESAR, ALAM BARAJO, KOTA JAMBI, JAMBI",6,64,156,220
https://kawalpemilu.org#17392,"KENALI BESAR, ALAM BARAJO, KOTA JAMBI, JAMBI",7,59,144,203
https://kawalpemilu.org#17392,"KENALI BESAR, ALAM BARAJO, KOTA JAMBI, JAMBI",8,47,124,171
https://kawalpemilu.org#17392,"KENALI BESAR, ALAM BARAJO, KOTA JAMBI, JAMBI",9,30,131,161
https://kawalpemilu.org#17392,"KENALI BESAR, ALAM BARAJO, KOTA JAMBI, JAMBI",10,46,128,174
https://kawalpemilu.org#17392,"KENALI BESAR, ALAM BARAJO, KOTA JAMBI, JAMBI",11,54,107,161
https://kawalpemilu.org#17392,"KENALI BESAR, ALAM BARAJO, KOTA JAMBI, JAMBI",12,44,152,196
https://kawalpemilu.org#17392,"KENALI BESAR, ALAM BARAJO, KOTA JAMBI, JAMBI",13,60,153,213
https://kawalpemilu.org#17392,"KENALI BESAR, ALAM BARAJO, KOTA JAMBI, JAMBI",14,61,84,145
https://kawalpemilu.org#17392,"KENALI BESAR, ALAM BARAJO, KOTA JAMBI, JAMBI",15,78,104,182
https://kawalpemilu.org#17392,"KENALI BESAR, ALAM BARAJO, KOTA JAMBI, JAMBI",16,68,159,227
https://kawalpemilu.org#17392,"KENALI BESAR, ALAM BARAJO, KOTA JAMBI, JAMBI",17,54,133,187
https://kawalpemilu.org#17392,"KENALI BESAR, ALAM BARAJO, KOTA JAMBI, JAMBI",18,75,104,179
https://kawalpemilu.org#17392,"KENALI BESAR, ALAM BARAJO, KOTA JAMBI, JAMBI",19,78,104,182
https://kawalpemilu.org#17392,"KENALI BESAR, ALAM BARAJO, KOTA JAMBI, JAMBI",20,67,115,182
https://kawalpemilu.org#17392,"KENALI BESAR, ALAM BARAJO, KOTA JAMBI, JAMBI",21,69,106,175
https://kawalpemilu.org#17392,"KENALI BESAR, ALAM BARAJO, KOTA JAMBI, JAMBI",22,85,109,194
https://kawalpemilu.org#17392,"KENALI BESAR, ALAM BARAJO, KOTA JAMBI, JAMBI",24,44,112,156
https://kawalpemilu.org#17392,"KENALI BESAR, ALAM BARAJO, KOTA JAMBI, JAMBI",25,43,176,219
https://kawalpemilu.org#17392,"KENALI BESAR, ALAM BARAJO, KOTA JAMBI, JAMBI",26,58,137,195
https://kawalpemilu.org#17392,"KENALI BESAR, ALAM BARAJO, KOTA JAMBI, JAMBI",27,41,163,204
https://kawalpemilu.org#17392,"KENALI BESAR, ALAM BARAJO, KOTA JAMBI, JAMBI",28,52,129,181
https://kawalpemilu.org#17392,"KENALI BESAR, ALAM BARAJO, KOTA JAMBI, JAMBI",29,33,86,119
https://kawalpemilu.org#17392,"KENALI BESAR, ALAM BARAJO, KOTA JAMBI, JAMBI",30,38,129,167
https://kawalpemilu.org#17392,"KENALI BESAR, ALAM BARAJO, KOTA JAMBI, JAMBI",31,32,115,147
https://kawalpemilu.org#17392,"KENALI BESAR, ALAM BARAJO, KOTA JAMBI, JAMBI",32,24,139,163
https://kawalpemilu.org#17392,"KENALI BESAR, ALAM BARAJO, KOTA JAMBI, JAMBI",33,55,129,184
https://kawalpemilu.org#17392,"KENALI BESAR, ALAM BARAJO, KOTA JAMBI, JAMBI",34,46,133,179
https://kawalpemilu.org#17392,"KENALI BESAR, ALAM BARAJO, KOTA JAMBI, JAMBI",35,72,125,197
https://kawalpemilu.org#17392,"KENALI BESAR, ALAM BARAJO, KOTA JAMBI, JAMBI",36,75,117,192
https://kawalpemilu.org#17392,"KENALI BESAR, ALAM BARAJO, KOTA JAMBI, JAMBI",37,35,148,181
https://kawalpemilu.org#17392,"KENALI BESAR, ALAM BARAJO, KOTA JAMBI, JAMBI",38,76,142,218
https://kawalpemilu.org#17392,"KENALI BESAR, ALAM BARAJO, KOTA JAMBI, JAMBI",39,30,113,143
https://kawalpemilu.org#17392,"KENALI BESAR, ALAM BARAJO, KOTA JAMBI, JAMBI",40,57,100,157
https://kawalpemilu.org#17392,"KENALI BESAR, ALAM BARAJO, KOTA JAMBI, JAMBI",41,41,88,129
https://kawalpemilu.org#17392,"KENALI BESAR, ALAM BARAJO, KOTA JAMBI, JAMBI",42,33,75,108
https://kawalpemilu.org#17392,"KENALI BESAR, ALAM BARAJO, KOTA JAMBI, JAMBI",43,26,99,125
https://kawalpemilu.org#17392,"KENALI BESAR, ALAM BARAJO, KOTA JAMBI, JAMBI",44,35,124,159
https://kawalpemilu.org#17392,"KENALI BESAR, ALAM BARAJO, KOTA JAMBI, JAMBI",45,33,140,173
https://kawalpemilu.org#17392,"KENALI BESAR, ALAM BARAJO, KOTA JAMBI, JAMBI",46,28,125,153
https://kawalpemilu.org#17392,"KENALI BESAR, ALAM BARAJO, KOTA JAMBI, JAMBI",47,31,84,115
https://kawalpemilu.org#17392,"KENALI BESAR, ALAM BARAJO, KOTA JAMBI, JAMBI",48,83,72,155
https://kawalpemilu.org#17392,"KENALI BESAR, ALAM BARAJO, KOTA JAMBI, JAMBI",49,47,72,119
https://kawalpemilu.org#17392,"KENALI BESAR, ALAM BARAJO, KOTA JAMBI, JAMBI",50,47,69,116
https://kawalpemilu.org#17392,"KENALI BESAR, ALAM BARAJO, KOTA JAMBI, JAMBI",51,89,101,190
https://kawalpemilu.org#17392,"KENALI BESAR, ALAM BARAJO, KOTA JAMBI, JAMBI",52,71,106,177
https://kawalpemilu.org#17392,"KENALI BESAR, ALAM BARAJO, KOTA JAMBI, JAMBI",53,14,63,77
https://kawalpemilu.org#17392,"KENALI BESAR, ALAM BARAJO, KOTA JAMBI, JAMBI",54,44,102,146
https://kawalpemilu.org#17392,"KENALI BESAR, ALAM BARAJO, KOTA JAMBI, JAMBI",55,41,103,144
https://kawalpemilu.org#17392,"KENALI BESAR, ALAM BARAJO, KOTA JAMBI, JAMBI",56,67,156,223
https://kawalpemilu.org#17392,"KENALI BESAR, ALAM BARAJO, KOTA JAMBI, JAMBI",57,67,98,165
https://kawalpemilu.org#17392,"KENALI BESAR, ALAM BARAJO, KOTA JAMBI, JAMBI",58,53,122,175
https://kawalpemilu.org#17392,"KENALI BESAR, ALAM BARAJO, KOTA JAMBI, JAMBI",59,57,99,156
https://kawalpemilu.org#17392,"KENALI BESAR, ALAM BARAJO, KOTA JAMBI, JAMBI",60,67,212,279
https://kawalpemilu.org#17392,"KENALI BESAR, ALAM BARAJO, KOTA JAMBI, JAMBI",61,63,122,185
https://kawalpemilu.org#17392,"KENALI BESAR, ALAM BARAJO, KOTA JAMBI, JAMBI",62,144,122,266
https://kawalpemilu.org#17392,"KENALI BESAR, ALAM BARAJO, KOTA JAMBI, JAMBI",63,129,134,263
https://kawalpemilu.org#17392,"KENALI BESAR, ALAM BARAJO, KOTA JAMBI, JAMBI",64,51,92,143
https://kawalpemilu.org#17392,"KENALI BESAR, ALAM BARAJO, KOTA JAMBI, JAMBI",65,36,88,124
https://kawalpemilu.org#17392,"KENALI BESAR, ALAM BARAJO, KOTA JAMBI, JAMBI",66,89,115,204
https://kawalpemilu.org#17392,"KENALI BESAR, ALAM BARAJO, KOTA JAMBI, JAMBI",67,100,110,210
https://kawalpemilu.org#17392,"KENALI BESAR, ALAM BARAJO, KOTA JAMBI, JAMBI",68,59,110,169
https://kawalpemilu.org#17392,"KENALI BESAR, ALAM BARAJO, KOTA JAMBI, JAMBI",69,98,153,251
https://kawalpemilu.org#17392,"KENALI BESAR, ALAM BARAJO, KOTA JAMBI, JAMBI",70,51,124,175
https://kawalpemilu.org#17392,"KENALI BESAR, ALAM BARAJO, KOTA JAMBI, JAMBI",72,29,70,99
https://kawalpemilu.org#17392,"KENALI BESAR, ALAM BARAJO, KOTA JAMBI, JAMBI",73,67,144,211
https://kawalpemilu.org#17392,"KENALI BESAR, ALAM BARAJO, KOTA JAMBI, JAMBI",74,67,133,200
https://kawalpemilu.org#17392,"KENALI BESAR, ALAM BARAJO, KOTA JAMBI, JAMBI",75,56,137,193
https://kawalpemilu.org#17392,"KENALI BESAR, ALAM BARAJO, KOTA JAMBI, JAMBI",76,48,101,149
https://kawalpemilu.org#17392,"KENALI BESAR, ALAM BARAJO, KOTA JAMBI, JAMBI",77,34,80,114
https://kawalpemilu.org#17392,"KENALI BESAR, ALAM BARAJO, KOTA JAMBI, JAMBI",78,44,128,172
https://kawalpemilu.org#17392,"KENALI BESAR, ALAM BARAJO, KOTA JAMBI, JAMBI",79,45,127,172
https://kawalpemilu.org#17392,"KENALI BESAR, ALAM BARAJO, KOTA JAMBI, JAMBI",80,34,79,113
https://kawalpemilu.org#17392,"KENALI BESAR, ALAM BARAJO, KOTA JAMBI, JAMBI",81,36,113,149
https://kawalpemilu.org#17392,"KENALI BESAR, ALAM BARAJO, KOTA JAMBI, JAMBI",82,49,175,225
https://kawalpemilu.org#17392,"KENALI BESAR, ALAM BARAJO, KOTA JAMBI, JAMBI",83,33,121,154
https://kawalpemilu.org#17392,"KENALI BESAR, ALAM BARAJO, KOTA JAMBI, JAMBI",84,28,111,139
https://kawalpemilu.org#17392,"KENALI BESAR, ALAM BARAJO, KOTA JAMBI, JAMBI",85,63,116,179
https://kawalpemilu.org#17392,"KENALI BESAR, ALAM BARAJO, KOTA JAMBI, JAMBI",86,63,140,203
https://kawalpemilu.org#17392,"KENALI BESAR, ALAM BARAJO, KOTA JAMBI, JAMBI",87,52,120,172
https://kawalpemilu.org#17392,"KENALI BESAR, ALAM BARAJO, KOTA JAMBI, JAMBI",88,43,72,115
https://kawalpemilu.org#17392,"KENALI BESAR, ALAM BARAJO, KOTA JAMBI, JAMBI",89,67,108,175
https://kawalpemilu.org#17392,"KENALI BESAR, ALAM BARAJO, KOTA JAMBI, JAMBI",90,54,95,149
https://kawalpemilu.org#17392,"KENALI BESAR, ALAM BARAJO, KOTA JAMBI, JAMBI",91,78,140,218
https://kawalpemilu.org#17392,"KENALI BESAR, ALAM BARAJO, KOTA JAMBI, JAMBI",92,64,167,231
https://kawalpemilu.org#17392,"KENALI BESAR, ALAM BARAJO, KOTA JAMBI, JAMBI",93,62,126,188
https://kawalpemilu.org#17392,"KENALI BESAR, ALAM BARAJO, KOTA JAMBI, JAMBI",94,67,153,220
https://kawalpemilu.org#17392,"KENALI BESAR, ALAM BARAJO, KOTA JAMBI, JAMBI",95,40,92,132
https://kawalpemilu.org#17392,"KENALI BESAR, ALAM BARAJO, KOTA JAMBI, JAMBI",96,64,78,142
https://kawalpemilu.org#17392,"KENALI BESAR, ALAM BARAJO, KOTA JAMBI, JAMBI",97,69,60,129
https://kawalpemilu.org#17392,"KENALI BESAR, ALAM BARAJO, KOTA JAMBI, JAMBI",98,95,57,152
https://kawalpemilu.org#17392,"KENALI BESAR, ALAM BARAJO, KOTA JAMBI, JAMBI",99,43,78,121
https://kawalpemilu.org#17392,"KENALI BESAR, ALAM BARAJO, KOTA JAMBI, JAMBI",100,48,85,133
https://kawalpemilu.org#17392,"KENALI BESAR, ALAM BARAJO, KOTA JAMBI, JAMBI",101,23,93,116
https://kawalpemilu.org#17392,"KENALI BESAR, ALAM BARAJO, KOTA JAMBI, JAMBI",102,26,109,135
https://kawalpemilu.org#17392,"KENALI BESAR, ALAM BARAJO, KOTA JAMBI, JAMBI",103,26,110,136
https://kawalpemilu.org#17392,"KENALI BESAR, ALAM BARAJO, KOTA JAMBI, JAMBI",104,39,99,138
https://kawalpemilu.org#17392,"KENALI BESAR, ALAM BARAJO, KOTA JAMBI, JAMBI",105,36,70,106
https://kawalpemilu.org#17392,"KENALI BESAR, ALAM BARAJO, KOTA JAMBI, JAMBI",106,22,100,122
https://kawalpemilu.org#17392,"KENALI BESAR, ALAM BARAJO, KOTA JAMBI, JAMBI",107,45,71,116
https://kawalpemilu.org#17392,"KENALI BESAR, ALAM BARAJO, KOTA JAMBI, JAMBI",108,57,55,112
https://kawalpemilu.org#17392,"KENALI BESAR, ALAM BARAJO, KOTA JAMBI, JAMBI",109,116,115,231
https://kawalpemilu.org#17392,"KENALI BESAR, ALAM BARAJO, KOTA JAMBI, JAMBI",110,111,112,223
https://kawalpemilu.org#17392,"KENALI BESAR, ALAM BARAJO, KOTA JAMBI, JAMBI",111,69,80,149
https://kawalpemilu.org#17392,"KENALI BESAR, ALAM BARAJO, KOTA JAMBI, JAMBI",112,60,120,180
https://kawalpemilu.org#17392,"KENALI BESAR, ALAM BARAJO, KOTA JAMBI, JAMBI",113,45,75,120
https://kawalpemilu.org#17392,"KENALI BESAR, ALAM BARAJO, KOTA JAMBI, JAMBI",114,84,165,248
https://kawalpemilu.org#17392,"KENALI BESAR, ALAM BARAJO, KOTA JAMBI, JAMBI",115,56,127,183
https://kawalpemilu.org#17392,"KENALI BESAR, ALAM BARAJO, KOTA JAMBI, JAMBI",116,73,105,178
https://kawalpemilu.org#17392,"KENALI BESAR, ALAM BARAJO, KOTA JAMBI, JAMBI",117,34,65,99
https://kawalpemilu.org#17392,"KENALI BESAR, ALAM BARAJO, KOTA JAMBI, JAMBI",118,65,72,137
https://kawalpemilu.org#17392,"KENALI BESAR, ALAM BARAJO, KOTA JAMBI, JAMBI",119,43,57,100
https://kawalpemilu.org#17392,"KENALI BESAR, ALAM BARAJO, KOTA JAMBI, JAMBI",120,54,55,109
https://kawalpemilu.org#17392,"KENALI BESAR, ALAM BARAJO, KOTA JAMBI, JAMBI",121,38,86,124
https://kawalpemilu.org#17392,"KENALI BESAR, ALAM BARAJO, KOTA JAMBI, JAMBI",122,73,171,244
https://kawalpemilu.org#17392,"KENALI BESAR, ALAM BARAJO, KOTA JAMBI, JAMBI",123,70,107,177
https://kawalpemilu.org#17392,"KENALI BESAR, ALAM BARAJO, KOTA JAMBI, JAMBI",124,78,38,116
https://kawalpemilu.org#17392,"KENALI BESAR, ALAM BARAJO, KOTA JAMBI, JAMBI",125,49,57,106
https://kawalpemilu.org#17392,"KENALI BESAR, ALAM BARAJO, KOTA JAMBI, JAMBI",126,20,72,92
https://kawalpemilu.org#17392,"KENALI BESAR, ALAM BARAJO, KOTA JAMBI, JAMBI",127,24,86,110
https://kawalpemilu.org#17392,"KENALI BESAR, ALAM BARAJO, KOTA JAMBI, JAMBI",128,46,122,168
https://kawalpemilu.org#17392,"KENALI BESAR, ALAM BARAJO, KOTA JAMBI, JAMBI",129,27,146,173
https://kawalpemilu.org#17392,"KENALI BESAR, ALAM BARAJO, KOTA JAMBI, JAMBI",130,39,126,165
https://kawalpemilu.org#17392,"KENALI BESAR, ALAM BARAJO, KOTA JAMBI, JAMBI",131,29,74,103
https://kawalpemilu.org#17393,"MAYANG MANGURAI, ALAM BARAJO, KOTA JAMBI, JAMBI",1,129,96,225
https://kawalpemilu.org#17393,"MAYANG MANGURAI, ALAM BARAJO, KOTA JAMBI, JAMBI",2,137,88,225
https://kawalpemilu.org#17393,"MAYANG MANGURAI, ALAM BARAJO, KOTA JAMBI, JAMBI",3,139,37,176
https://kawalpemilu.org#17393,"MAYANG MANGURAI, ALAM BARAJO, KOTA JAMBI, JAMBI",4,94,69,163
https://kawalpemilu.org#17393,"MAYANG MANGURAI, ALAM BARAJO, KOTA JAMBI, JAMBI",5,135,58,193
https://kawalpemilu.org#17393,"MAYANG MANGURAI, ALAM BARAJO, KOTA JAMBI, JAMBI",6,88,146,234
https://kawalpemilu.org#17393,"MAYANG MANGURAI, ALAM BARAJO, KOTA JAMBI, JAMBI",7,71,146,217
https://kawalpemilu.org#17393,"MAYANG MANGURAI, ALAM BARAJO, KOTA JAMBI, JAMBI",8,111,136,247
https://kawalpemilu.org#17393,"MAYANG MANGURAI, ALAM BARAJO, KOTA JAMBI, JAMBI",9,78,142,220
https://kawalpemilu.org#17393,"MAYANG MANGURAI, ALAM BARAJO, KOTA JAMBI, JAMBI",10,77,137,214
https://kawalpemilu.org#17393,"MAYANG MANGURAI, ALAM BARAJO, KOTA JAMBI, JAMBI",11,75,86,161
https://kawalpemilu.org#17393,"MAYANG MANGURAI, ALAM BARAJO, KOTA JAMBI, JAMBI",12,64,115,179
https://kawalpemilu.org#17393,"MAYANG MANGURAI, ALAM BARAJO, KOTA JAMBI, JAMBI",13,59,72,131
https://kawalpemilu.org#17393,"MAYANG MANGURAI, ALAM BARAJO, KOTA JAMBI, JAMBI",14,63,85,148
https://kawalpemilu.org#17393,"MAYANG MANGURAI, ALAM BARAJO, KOTA JAMBI, JAMBI",15,51,115,166
https://kawalpemilu.org#17393,"MAYANG MANGURAI, ALAM BARAJO, KOTA JAMBI, JAMBI",16,87,44,131
https://kawalpemilu.org#17393,"MAYANG MANGURAI, ALAM BARAJO, KOTA JAMBI, JAMBI",17,68,144,212
https://kawalpemilu.org#17393,"MAYANG MANGURAI, ALAM BARAJO, KOTA JAMBI, JAMBI",18,80,184,264
https://kawalpemilu.org#17393,"MAYANG MANGURAI, ALAM BARAJO, KOTA JAMBI, JAMBI",19,72,92,164
https://kawalpemilu.org#17393,"MAYANG MANGURAI, ALAM BARAJO, KOTA JAMBI, JAMBI",20,83,144,227
https://kawalpemilu.org#17393,"MAYANG MANGURAI, ALAM BARAJO, KOTA JAMBI, JAMBI",21,68,127,195
https://kawalpemilu.org#17393,"MAYANG MANGURAI, ALAM BARAJO, KOTA JAMBI, JAMBI",22,96,125,221
https://kawalpemilu.org#17393,"MAYANG MANGURAI, ALAM BARAJO, KOTA JAMBI, JAMBI",23,60,126,186
https://kawalpemilu.org#17393,"MAYANG MANGURAI, ALAM BARAJO, KOTA JAMBI, JAMBI",24,49,103,152
https://kawalpemilu.org#17393,"MAYANG MANGURAI, ALAM BARAJO, KOTA JAMBI, JAMBI",25,52,149,201
https://kawalpemilu.org#17393,"MAYANG MANGURAI, ALAM BARAJO, KOTA JAMBI, JAMBI",26,77,110,187
https://kawalpemilu.org#17393,"MAYANG MANGURAI, ALAM BARAJO, KOTA JAMBI, JAMBI",27,42,97,139
https://kawalpemilu.org#17393,"MAYANG MANGURAI, ALAM BARAJO, KOTA JAMBI, JAMBI",28,52,97,149
https://kawalpemilu.org#17393,"MAYANG MANGURAI, ALAM BARAJO, KOTA JAMBI, JAMBI",29,55,103,158
https://kawalpemilu.org#17393,"MAYANG MANGURAI, ALAM BARAJO, KOTA JAMBI, JAMBI",30,33,79,112
https://kawalpemilu.org#17393,"MAYANG MANGURAI, ALAM BARAJO, KOTA JAMBI, JAMBI",31,95,87,182
https://kawalpemilu.org#17393,"MAYANG MANGURAI, ALAM BARAJO, KOTA JAMBI, JAMBI",32,81,118,199
https://kawalpemilu.org#17393,"MAYANG MANGURAI, ALAM BARAJO, KOTA JAMBI, JAMBI",33,63,127,190
https://kawalpemilu.org#17393,"MAYANG MANGURAI, ALAM BARAJO, KOTA JAMBI, JAMBI",34,72,127,199
https://kawalpemilu.org#17393,"MAYANG MANGURAI, ALAM BARAJO, KOTA JAMBI, JAMBI",35,70,112,182
https://kawalpemilu.org#17393,"MAYANG MANGURAI, ALAM BARAJO, KOTA JAMBI, JAMBI",36,91,100,191
https://kawalpemilu.org#17393,"MAYANG MANGURAI, ALAM BARAJO, KOTA JAMBI, JAMBI",37,54,108,162
https://kawalpemilu.org#17393,"MAYANG MANGURAI, ALAM BARAJO, KOTA JAMBI, JAMBI",38,58,124,182
https://kawalpemilu.org#17393,"MAYANG MANGURAI, ALAM BARAJO, KOTA JAMBI, JAMBI",39,93,96,189
https://kawalpemilu.org#17393,"MAYANG MANGURAI, ALAM BARAJO, KOTA JAMBI, JAMBI",40,104,84,188
https://kawalpemilu.org#17393,"MAYANG MANGURAI, ALAM BARAJO, KOTA JAMBI, JAMBI",41,103,130,233
https://kawalpemilu.org#17393,"MAYANG MANGURAI, ALAM BARAJO, KOTA JAMBI, JAMBI",42,76,121,197
https://kawalpemilu.org#17393,"MAYANG MANGURAI, ALAM BARAJO, KOTA JAMBI, JAMBI",43,45,81,126
https://kawalpemilu.org#17393,"MAYANG MANGURAI, ALAM BARAJO, KOTA JAMBI, JAMBI",44,47,74,121
https://kawalpemilu.org#17393,"MAYANG MANGURAI, ALAM BARAJO, KOTA JAMBI, JAMBI",45,72,123,195
https://kawalpemilu.org#17393,"MAYANG MANGURAI, ALAM BARAJO, KOTA JAMBI, JAMBI",46,75,98,173
https://kawalpemilu.org#17393,"MAYANG MANGURAI, ALAM BARAJO, KOTA JAMBI, JAMBI",47,61,85,146
https://kawalpemilu.org#17393,"MAYANG MANGURAI, ALAM BARAJO, KOTA JAMBI, JAMBI",48,77,91,168
https://kawalpemilu.org#17393,"MAYANG MANGURAI, ALAM BARAJO, KOTA JAMBI, JAMBI",49,61,88,149
https://kawalpemilu.org#17393,"MAYANG MANGURAI, ALAM BARAJO, KOTA JAMBI, JAMBI",50,94,134,228
https://kawalpemilu.org#17393,"MAYANG MANGURAI, ALAM BARAJO, KOTA JAMBI, JAMBI",51,65,128,193
https://kawalpemilu.org#17393,"MAYANG MANGURAI, ALAM BARAJO, KOTA JAMBI, JAMBI",52,103,85,188
https://kawalpemilu.org#17393,"MAYANG MANGURAI, ALAM BARAJO, KOTA JAMBI, JAMBI",53,100,101,201
https://kawalpemilu.org#17393,"MAYANG MANGURAI, ALAM BARAJO, KOTA JAMBI, JAMBI",54,52,159,211
https://kawalpemilu.org#17393,"MAYANG MANGURAI, ALAM BARAJO, KOTA JAMBI, JAMBI",55,61,109,170
https://kawalpemilu.org#17393,"MAYANG MANGURAI, ALAM BARAJO, KOTA JAMBI, JAMBI",56,75,128,203
https://kawalpemilu.org#17393,"MAYANG MANGURAI, ALAM BARAJO, KOTA JAMBI, JAMBI",57,30,69,99
https://kawalpemilu.org#17393,"MAYANG MANGURAI, ALAM BARAJO, KOTA JAMBI, JAMBI",58,70,100,170
https://kawalpemilu.org#17393,"MAYANG MANGURAI, ALAM BARAJO, KOTA JAMBI, JAMBI",59,73,73,146
https://kawalpemilu.org#17393,"MAYANG MANGURAI, ALAM BARAJO, KOTA JAMBI, JAMBI",60,71,87,158
https://kawalpemilu.org#17393,"MAYANG MANGURAI, ALAM BARAJO, KOTA JAMBI, JAMBI",61,120,111,231
https://kawalpemilu.org#17393,"MAYANG MANGURAI, ALAM BARAJO, KOTA JAMBI, JAMBI",62,74,128,202
https://kawalpemilu.org#17393,"MAYANG MANGURAI, ALAM BARAJO, KOTA JAMBI, JAMBI",63,49,85,134
https://kawalpemilu.org#17393,"MAYANG MANGURAI, ALAM BARAJO, KOTA JAMBI, JAMBI",64,41,107,148
https://kawalpemilu.org#17394,"BELIUNG, ALAM BARAJO, KOTA JAMBI, JAMBI",1,52,99,151
https://kawalpemilu.org#17394,"BELIUNG, ALAM BARAJO, KOTA JAMBI, JAMBI",2,68,68,136
https://kawalpemilu.org#17394,"BELIUNG, ALAM BARAJO, KOTA JAMBI, JAMBI",3,47,84,131
https://kawalpemilu.org#17394,"BELIUNG, ALAM BARAJO, KOTA JAMBI, JAMBI",4,42,82,124
https://kawalpemilu.org#17394,"BELIUNG, ALAM BARAJO, KOTA JAMBI, JAMBI",5,56,170,226
https://kawalpemilu.org#17394,"BELIUNG, ALAM BARAJO, KOTA JAMBI, JAMBI",6,24,90,114
https://kawalpemilu.org#17394,"BELIUNG, ALAM BARAJO, KOTA JAMBI, JAMBI",7,47,103,150
https://kawalpemilu.org#17394,"BELIUNG, ALAM BARAJO, KOTA JAMBI, JAMBI",8,46,103,149
https://kawalpemilu.org#17394,"BELIUNG, ALAM BARAJO, KOTA JAMBI, JAMBI",9,62,170,232
https://kawalpemilu.org#17394,"BELIUNG, ALAM BARAJO, KOTA JAMBI, JAMBI",10,96,128,224
https://kawalpemilu.org#17394,"BELIUNG, ALAM BARAJO, KOTA JAMBI, JAMBI",11,64,117,181
https://kawalpemilu.org#17394,"BELIUNG, ALAM BARAJO, KOTA JAMBI, JAMBI",12,66,114,180
https://kawalpemilu.org#17394,"BELIUNG, ALAM BARAJO, KOTA JAMBI, JAMBI",13,87,159,246
https://kawalpemilu.org#17394,"BELIUNG, ALAM BARAJO, KOTA JAMBI, JAMBI",14,75,114,189
https://kawalpemilu.org#17394,"BELIUNG, ALAM BARAJO, KOTA JAMBI, JAMBI",15,73,108,181
https://kawalpemilu.org#17394,"BELIUNG, ALAM BARAJO, KOTA JAMBI, JAMBI",16,69,104,173
https://kawalpemilu.org#17394,"BELIUNG, ALAM BARAJO, KOTA JAMBI, JAMBI",17,43,82,125
https://kawalpemilu.org#17394,"BELIUNG, ALAM BARAJO, KOTA JAMBI, JAMBI",18,35,71,106
https://kawalpemilu.org#17394,"BELIUNG, ALAM BARAJO, KOTA JAMBI, JAMBI",19,33,102,135
https://kawalpemilu.org#17394,"BELIUNG, ALAM BARAJO, KOTA JAMBI, JAMBI",20,44,110,154
https://kawalpemilu.org#17394,"BELIUNG, ALAM BARAJO, KOTA JAMBI, JAMBI",21,65,182,247
https://kawalpemilu.org#17394,"BELIUNG, ALAM BARAJO, KOTA JAMBI, JAMBI",22,41,136,177
https://kawalpemilu.org#17394,"BELIUNG, ALAM BARAJO, KOTA JAMBI, JAMBI",23,21,114,135
https://kawalpemilu.org#17394,"BELIUNG, ALAM BARAJO, KOTA JAMBI, JAMBI",24,47,103,150
https://kawalpemilu.org#17394,"BELIUNG, ALAM BARAJO, KOTA JAMBI, JAMBI",25,56,110,166
https://kawalpemilu.org#17394,"BELIUNG, ALAM BARAJO, KOTA JAMBI, JAMBI",26,65,86,151
https://kawalpemilu.org#17394,"BELIUNG, ALAM BARAJO, KOTA JAMBI, JAMBI",27,75,70,145
https://kawalpemilu.org#17394,"BELIUNG, ALAM BARAJO, KOTA JAMBI, JAMBI",28,38,197,235
https://kawalpemilu.org#17395,"BAGAN PETE, ALAM BARAJO, KOTA JAMBI, JAMBI",1,59,107,166
https://kawalpemilu.org#17395,"BAGAN PETE, ALAM BARAJO, KOTA JAMBI, JAMBI",2,56,129,185
https://kawalpemilu.org#17395,"BAGAN PETE, ALAM BARAJO, KOTA JAMBI, JAMBI",3,29,107,136
https://kawalpemilu.org#17395,"BAGAN PETE, ALAM BARAJO, KOTA JAMBI, JAMBI",4,37,91,128
https://kawalpemilu.org#17395,"BAGAN PETE, ALAM BARAJO, KOTA JAMBI, JAMBI",5,21,95,116
https://kawalpemilu.org#17395,"BAGAN PETE, ALAM BARAJO, KOTA JAMBI, JAMBI",6,50,78,128
https://kawalpemilu.org#17395,"BAGAN PETE, ALAM BARAJO, KOTA JAMBI, JAMBI",7,54,80,134
https://kawalpemilu.org#17395,"BAGAN PETE, ALAM BARAJO, KOTA JAMBI, JAMBI",8,77,111,188
https://kawalpemilu.org#17395,"BAGAN PETE, ALAM BARAJO, KOTA JAMBI, JAMBI",9,80,109,189
https://kawalpemilu.org#17395,"BAGAN PETE, ALAM BARAJO, KOTA JAMBI, JAMBI",10,59,101,160
https://kawalpemilu.org#17395,"BAGAN PETE, ALAM BARAJO, KOTA JAMBI, JAMBI",11,48,53,101
https://kawalpemilu.org#17395,"BAGAN PETE, ALAM BARAJO, KOTA JAMBI, JAMBI",12,98,115,213
https://kawalpemilu.org#17395,"BAGAN PETE, ALAM BARAJO, KOTA JAMBI, JAMBI",13,92,131,223
https://kawalpemilu.org#17395,"BAGAN PETE, ALAM BARAJO, KOTA JAMBI, JAMBI",14,93,106,199
https://kawalpemilu.org#17395,"BAGAN PETE, ALAM BARAJO, KOTA JAMBI, JAMBI",15,110,102,212
https://kawalpemilu.org#17395,"BAGAN PETE, ALAM BARAJO, KOTA JAMBI, JAMBI",16,106,109,215
https://kawalpemilu.org#17395,"BAGAN PETE, ALAM BARAJO, KOTA JAMBI, JAMBI",17,80,68,148
https://kawalpemilu.org#17395,"BAGAN PETE, ALAM BARAJO, KOTA JAMBI, JAMBI",18,85,83,168
https://kawalpemilu.org#17395,"BAGAN PETE, ALAM BARAJO, KOTA JAMBI, JAMBI",19,77,107,184
https://kawalpemilu.org#17395,"BAGAN PETE, ALAM BARAJO, KOTA JAMBI, JAMBI",20,54,124,178
https://kawalpemilu.org#17395,"BAGAN PETE, ALAM BARAJO, KOTA JAMBI, JAMBI",21,57,113,170
https://kawalpemilu.org#17395,"BAGAN PETE, ALAM BARAJO, KOTA JAMBI, JAMBI",22,93,173,266
https://kawalpemilu.org#17395,"BAGAN PETE, ALAM BARAJO, KOTA JAMBI, JAMBI",23,70,119,189
https://kawalpemilu.org#17395,"BAGAN PETE, ALAM BARAJO, KOTA JAMBI, JAMBI",24,41,123,164
https://kawalpemilu.org#17395,"BAGAN PETE, ALAM BARAJO, KOTA JAMBI, JAMBI",25,72,131,203
https://kawalpemilu.org#17395,"BAGAN PETE, ALAM BARAJO, KOTA JAMBI, JAMBI",26,40,50,90
https://kawalpemilu.org#17395,"BAGAN PETE, ALAM BARAJO, KOTA JAMBI, JAMBI",27,46,83,129
https://kawalpemilu.org#17395,"BAGAN PETE, ALAM BARAJO, KOTA JAMBI, JAMBI",28,61,60,121
https://kawalpemilu.org#17395,"BAGAN PETE, ALAM BARAJO, KOTA JAMBI, JAMBI",29,47,101,148
https://kawalpemilu.org#17395,"BAGAN PETE, ALAM BARAJO, KOTA JAMBI, JAMBI",30,27,105,132
https://kawalpemilu.org#17395,"BAGAN PETE, ALAM BARAJO, KOTA JAMBI, JAMBI",31,34,95,129
https://kawalpemilu.org#17395,"BAGAN PETE, ALAM BARAJO, KOTA JAMBI, JAMBI",32,83,117,200
https://kawalpemilu.org#17395,"BAGAN PETE, ALAM BARAJO, KOTA JAMBI, JAMBI",33,42,82,124
https://kawalpemilu.org#17395,"BAGAN PETE, ALAM BARAJO, KOTA JAMBI, JAMBI",34,26,124,150
https://kawalpemilu.org#17395,"BAGAN PETE, ALAM BARAJO, KOTA JAMBI, JAMBI",35,98,80,178
https://kawalpemilu.org#17395,"BAGAN PETE, ALAM BARAJO, KOTA JAMBI, JAMBI",36,121,62,183
https://kawalpemilu.org#17395,"BAGAN PETE, ALAM BARAJO, KOTA JAMBI, JAMBI",37,40,73,113
https://kawalpemilu.org#17395,"BAGAN PETE, ALAM BARAJO, KOTA JAMBI, JAMBI",38,64,53,117
https://kawalpemilu.org#17395,"BAGAN PETE, ALAM BARAJO, KOTA JAMBI, JAMBI",39,58,40,98
https://kawalpemilu.org#17395,"BAGAN PETE, ALAM BARAJO, KOTA JAMBI, JAMBI",40,91,132,223
https://kawalpemilu.org#17395,"BAGAN PETE, ALAM BARAJO, KOTA JAMBI, JAMBI",41,93,102,195
https://kawalpemilu.org#17395,"BAGAN PETE, ALAM BARAJO, KOTA JAMBI, JAMBI",42,117,73,190
https://kawalpemilu.org#17395,"BAGAN PETE, ALAM BARAJO, KOTA JAMBI, JAMBI",43,102,78,180
https://kawalpemilu.org#17395,"BAGAN PETE, ALAM BARAJO, KOTA JAMBI, JAMBI",44,51,109,160
https://kawalpemilu.org#17395,"BAGAN PETE, ALAM BARAJO, KOTA JAMBI, JAMBI",45,57,105,162
https://kawalpemilu.org#17395,"BAGAN PETE, ALAM BARAJO, KOTA JAMBI, JAMBI",46,73,147,220
https://kawalpemilu.org#17395,"BAGAN PETE, ALAM BARAJO, KOTA JAMBI, JAMBI",47,77,190,186
https://kawalpemilu.org#17395,"BAGAN PETE, ALAM BARAJO, KOTA JAMBI, JAMBI",48,46,85,131
https://kawalpemilu.org#17395,"BAGAN PETE, ALAM BARAJO, KOTA JAMBI, JAMBI",49,51,77,128
https://kawalpemilu.org#17395,"BAGAN PETE, ALAM BARAJO, KOTA JAMBI, JAMBI",50,43,69,112
https://kawalpemilu.org#17395,"BAGAN PETE, ALAM BARAJO, KOTA JAMBI, JAMBI",51,57,88,145
https://kawalpemilu.org#17395,"BAGAN PETE, ALAM BARAJO, KOTA JAMBI, JAMBI",52,74,62,136
https://kawalpemilu.org#17395,"BAGAN PETE, ALAM BARAJO, KOTA JAMBI, JAMBI",53,49,92,141
https://kawalpemilu.org#17395,"BAGAN PETE, ALAM BARAJO, KOTA JAMBI, JAMBI",54,67,60,127
https://kawalpemilu.org#17395,"BAGAN PETE, ALAM BARAJO, KOTA JAMBI, JAMBI",55,62,123,185
https://kawalpemilu.org#17395,"BAGAN PETE, ALAM BARAJO, KOTA JAMBI, JAMBI",56,83,84,167
https://kawalpemilu.org#17395,"BAGAN PETE, ALAM BARAJO, KOTA JAMBI, JAMBI",57,55,91,146
https://kawalpemilu.org#17395,"BAGAN PETE, ALAM BARAJO, KOTA JAMBI, JAMBI",58,50,97,147
https://kawalpemilu.org#17339,"SUNGAI PUTRI, DANAU SIPIN, KOTA JAMBI, JAMBI",1,36,133,169
https://kawalpemilu.org#17339,"SUNGAI PUTRI, DANAU SIPIN, KOTA JAMBI, JAMBI",2,25,109,134
https://kawalpemilu.org#17339,"SUNGAI PUTRI, DANAU SIPIN, KOTA JAMBI, JAMBI",3,73,98,171
https://kawalpemilu.org#17339,"SUNGAI PUTRI, DANAU SIPIN, KOTA JAMBI, JAMBI",4,80,68,148
https://kawalpemilu.org#17339,"SUNGAI PUTRI, DANAU SIPIN, KOTA JAMBI, JAMBI",5,48,123,171
https://kawalpemilu.org#17339,"SUNGAI PUTRI, DANAU SIPIN, KOTA JAMBI, JAMBI",6,51,77,128
https://kawalpemilu.org#17339,"SUNGAI PUTRI, DANAU SIPIN, KOTA JAMBI, JAMBI",7,49,104,153
https://kawalpemilu.org#17339,"SUNGAI PUTRI, DANAU SIPIN, KOTA JAMBI, JAMBI",8,73,147,220
https://kawalpemilu.org#17339,"SUNGAI PUTRI, DANAU SIPIN, KOTA JAMBI, JAMBI",9,23,86,109
https://kawalpemilu.org#17339,"SUNGAI PUTRI, DANAU SIPIN, KOTA JAMBI, JAMBI",10,50,153,203
https://kawalpemilu.org#17339,"SUNGAI PUTRI, DANAU SIPIN, KOTA JAMBI, JAMBI",11,44,91,135
https://kawalpemilu.org#17339,"SUNGAI PUTRI, DANAU SIPIN, KOTA JAMBI, JAMBI",12,53,95,148
https://kawalpemilu.org#17339,"SUNGAI PUTRI, DANAU SIPIN, KOTA JAMBI, JAMBI",13,48,101,149
https://kawalpemilu.org#17339,"SUNGAI PUTRI, DANAU SIPIN, KOTA JAMBI, JAMBI",14,32,106,139
https://kawalpemilu.org#17339,"SUNGAI PUTRI, DANAU SIPIN, KOTA JAMBI, JAMBI",15,39,83,122
https://kawalpemilu.org#17339,"SUNGAI PUTRI, DANAU SIPIN, KOTA JAMBI, JAMBI",16,78,65,143
https://kawalpemilu.org#17339,"SUNGAI PUTRI, DANAU SIPIN, KOTA JAMBI, JAMBI",17,23,78,101
https://kawalpemilu.org#17339,"SUNGAI PUTRI, DANAU SIPIN, KOTA JAMBI, JAMBI",18,46,128,174
https://kawalpemilu.org#17339,"SUNGAI PUTRI, DANAU SIPIN, KOTA JAMBI, JAMBI",19,44,186,230
https://kawalpemilu.org#17339,"SUNGAI PUTRI, DANAU SIPIN, KOTA JAMBI, JAMBI",20,46,128,174
https://kawalpemilu.org#17339,"SUNGAI PUTRI, DANAU SIPIN, KOTA JAMBI, JAMBI",21,73,159,232
https://kawalpemilu.org#17339,"SUNGAI PUTRI, DANAU SIPIN, KOTA JAMBI, JAMBI",22,71,155,226
https://kawalpemilu.org#17339,"SUNGAI PUTRI, DANAU SIPIN, KOTA JAMBI, JAMBI",23,54,103,157
https://kawalpemilu.org#17339,"SUNGAI PUTRI, DANAU SIPIN, KOTA JAMBI, JAMBI",24,71,102,0
https://kawalpemilu.org#17339,"SUNGAI PUTRI, DANAU SIPIN, KOTA JAMBI, JAMBI",25,84,130,214
https://kawalpemilu.org#17339,"SUNGAI PUTRI, DANAU SIPIN, KOTA JAMBI, JAMBI",26,54,145,199
https://kawalpemilu.org#17339,"SUNGAI PUTRI, DANAU SIPIN, KOTA JAMBI, JAMBI",27,33,73,106
https://kawalpemilu.org#17339,"SUNGAI PUTRI, DANAU SIPIN, KOTA JAMBI, JAMBI",28,46,87,133
https://kawalpemilu.org#17339,"SUNGAI PUTRI, DANAU SIPIN, KOTA JAMBI, JAMBI",29,51,126,177
https://kawalpemilu.org#17340,"MURNI, DANAU SIPIN, KOTA JAMBI, JAMBI",1,93,138,231
https://kawalpemilu.org#17340,"MURNI, DANAU SIPIN, KOTA JAMBI, JAMBI",2,87,153,240
https://kawalpemilu.org#17340,"MURNI, DANAU SIPIN, KOTA JAMBI, JAMBI",3,67,131,198
https://kawalpemilu.org#17340,"MURNI, DANAU SIPIN, KOTA JAMBI, JAMBI",4,41,115,156
https://kawalpemilu.org#17340,"MURNI, DANAU SIPIN, KOTA JAMBI, JAMBI",5,68,115,183
https://kawalpemilu.org#17340,"MURNI, DANAU SIPIN, KOTA JAMBI, JAMBI",6,22,113,135
https://kawalpemilu.org#17340,"MURNI, DANAU SIPIN, KOTA JAMBI, JAMBI",7,51,64,115
https://kawalpemilu.org#17340,"MURNI, DANAU SIPIN, KOTA JAMBI, JAMBI",8,48,108,156
https://kawalpemilu.org#17340,"MURNI, DANAU SIPIN, KOTA JAMBI, JAMBI",9,66,146,212
https://kawalpemilu.org#17340,"MURNI, DANAU SIPIN, KOTA JAMBI, JAMBI",10,50,108,158
https://kawalpemilu.org#17340,"MURNI, DANAU SIPIN, KOTA JAMBI, JAMBI",11,34,90,124
https://kawalpemilu.org#17340,"MURNI, DANAU SIPIN, KOTA JAMBI, JAMBI",12,34,75,109
https://kawalpemilu.org#17340,"MURNI, DANAU SIPIN, KOTA JAMBI, JAMBI",13,64,89,153
https://kawalpemilu.org#17340,"MURNI, DANAU SIPIN, KOTA JAMBI, JAMBI",14,28,111,139
https://kawalpemilu.org#17340,"MURNI, DANAU SIPIN, KOTA JAMBI, JAMBI",15,70,63,133
https://kawalpemilu.org#17340,"MURNI, DANAU SIPIN, KOTA JAMBI, JAMBI",16,96,98,194
https://kawalpemilu.org#17340,"MURNI, DANAU SIPIN, KOTA JAMBI, JAMBI",17,95,149,244
https://kawalpemilu.org#17340,"MURNI, DANAU SIPIN, KOTA JAMBI, JAMBI",18,80,116,196
https://kawalpemilu.org#17341,"SOLOK SIPIN, DANAU SIPIN, KOTA JAMBI, JAMBI",1,68,141,209
https://kawalpemilu.org#17341,"SOLOK SIPIN, DANAU SIPIN, KOTA JAMBI, JAMBI",2,75,123,198
https://kawalpemilu.org#17341,"SOLOK SIPIN, DANAU SIPIN, KOTA JAMBI, JAMBI",3,102,115,217
https://kawalpemilu.org#17341,"SOLOK SIPIN, DANAU SIPIN, KOTA JAMBI, JAMBI",4,40,90,130
https://kawalpemilu.org#17341,"SOLOK SIPIN, DANAU SIPIN, KOTA JAMBI, JAMBI",5,46,72,118
https://kawalpemilu.org#17341,"SOLOK SIPIN, DANAU SIPIN, KOTA JAMBI, JAMBI",6,56,61,117
https://kawalpemilu.org#17341,"SOLOK SIPIN, DANAU SIPIN, KOTA JAMBI, JAMBI",7,91,173,264
https://kawalpemilu.org#17341,"SOLOK SIPIN, DANAU SIPIN, KOTA JAMBI, JAMBI",8,87,117,204
https://kawalpemilu.org#17341,"SOLOK SIPIN, DANAU SIPIN, KOTA JAMBI, JAMBI",9,110,160,270
https://kawalpemilu.org#17341,"SOLOK SIPIN, DANAU SIPIN, KOTA JAMBI, JAMBI",10,71,182,253
https://kawalpemilu.org#17341,"SOLOK SIPIN, DANAU SIPIN, KOTA JAMBI, JAMBI",11,47,83,130
https://kawalpemilu.org#17341,"SOLOK SIPIN, DANAU SIPIN, KOTA JAMBI, JAMBI",12,65,100,165
https://kawalpemilu.org#17341,"SOLOK SIPIN, DANAU SIPIN, KOTA JAMBI, JAMBI",13,91,161,252
https://kawalpemilu.org#17341,"SOLOK SIPIN, DANAU SIPIN, KOTA JAMBI, JAMBI",14,82,116,198
https://kawalpemilu.org#17341,"SOLOK SIPIN, DANAU SIPIN, KOTA JAMBI, JAMBI",15,84,107,191
https://kawalpemilu.org#17341,"SOLOK SIPIN, DANAU SIPIN, KOTA JAMBI, JAMBI",16,95,75,170
https://kawalpemilu.org#17341,"SOLOK SIPIN, DANAU SIPIN, KOTA JAMBI, JAMBI",17,65,70,135
https://kawalpemilu.org#17341,"SOLOK SIPIN, DANAU SIPIN, KOTA JAMBI, JAMBI",18,65,98,163
https://kawalpemilu.org#17341,"SOLOK SIPIN, DANAU SIPIN, KOTA JAMBI, JAMBI",19,59,113,172
https://kawalpemilu.org#17341,"SOLOK SIPIN, DANAU SIPIN, KOTA JAMBI, JAMBI",20,59,137,196
https://kawalpemilu.org#17341,"SOLOK SIPIN, DANAU SIPIN, KOTA JAMBI, JAMBI",21,51,133,184
https://kawalpemilu.org#17341,"SOLOK SIPIN, DANAU SIPIN, KOTA JAMBI, JAMBI",22,77,114,191
https://kawalpemilu.org#17341,"SOLOK SIPIN, DANAU SIPIN, KOTA JAMBI, JAMBI",23,74,92,166
https://kawalpemilu.org#17341,"SOLOK SIPIN, DANAU SIPIN, KOTA JAMBI, JAMBI",24,63,105,177
https://kawalpemilu.org#17341,"SOLOK SIPIN, DANAU SIPIN, KOTA JAMBI, JAMBI",25,67,107,174
https://kawalpemilu.org#17341,"SOLOK SIPIN, DANAU SIPIN, KOTA JAMBI, JAMBI",26,47,142,189
https://kawalpemilu.org#17341,"SOLOK SIPIN, DANAU SIPIN, KOTA JAMBI, JAMBI",27,91,108,199
https://kawalpemilu.org#17341,"SOLOK SIPIN, DANAU SIPIN, KOTA JAMBI, JAMBI",28,47,136,183
https://kawalpemilu.org#17341,"SOLOK SIPIN, DANAU SIPIN, KOTA JAMBI, JAMBI",29,83,125,0
https://kawalpemilu.org#17341,"SOLOK SIPIN, DANAU SIPIN, KOTA JAMBI, JAMBI",30,39,101,140
https://kawalpemilu.org#17341,"SOLOK SIPIN, DANAU SIPIN, KOTA JAMBI, JAMBI",31,86,61,147
https://kawalpemilu.org#17341,"SOLOK SIPIN, DANAU SIPIN, KOTA JAMBI, JAMBI",32,28,102,130
https://kawalpemilu.org#17341,"SOLOK SIPIN, DANAU SIPIN, KOTA JAMBI, JAMBI",33,40,69,109
https://kawalpemilu.org#17342,"SELAMAT, DANAU SIPIN, KOTA JAMBI, JAMBI",1,74,102,176
https://kawalpemilu.org#17342,"SELAMAT, DANAU SIPIN, KOTA JAMBI, JAMBI",2,70,91,161
https://kawalpemilu.org#17342,"SELAMAT, DANAU SIPIN, KOTA JAMBI, JAMBI",3,85,165,250
https://kawalpemilu.org#17342,"SELAMAT, DANAU SIPIN, KOTA JAMBI, JAMBI",4,53,60,113
https://kawalpemilu.org#17342,"SELAMAT, DANAU SIPIN, KOTA JAMBI, JAMBI",5,66,66,132
https://kawalpemilu.org#17342,"SELAMAT, DANAU SIPIN, KOTA JAMBI, JAMBI",6,40,176,216
https://kawalpemilu.org#17342,"SELAMAT, DANAU SIPIN, KOTA JAMBI, JAMBI",7,28,83,111
https://kawalpemilu.org#17342,"SELAMAT, DANAU SIPIN, KOTA JAMBI, JAMBI",8,78,137,215
https://kawalpemilu.org#17342,"SELAMAT, DANAU SIPIN, KOTA JAMBI, JAMBI",9,56,121,177
https://kawalpemilu.org#17342,"SELAMAT, DANAU SIPIN, KOTA JAMBI, JAMBI",10,44,101,145
https://kawalpemilu.org#17342,"SELAMAT, DANAU SIPIN, KOTA JAMBI, JAMBI",11,50,101,151
https://kawalpemilu.org#17342,"SELAMAT, DANAU SIPIN, KOTA JAMBI, JAMBI",12,27,94,121
https://kawalpemilu.org#17342,"SELAMAT, DANAU SIPIN, KOTA JAMBI, JAMBI",13,44,121,165
https://kawalpemilu.org#17342,"SELAMAT, DANAU SIPIN, KOTA JAMBI, JAMBI",14,49,83,132
https://kawalpemilu.org#17342,"SELAMAT, DANAU SIPIN, KOTA JAMBI, JAMBI",15,44,61,105
https://kawalpemilu.org#17342,"SELAMAT, DANAU SIPIN, KOTA JAMBI, JAMBI",16,25,59,84
https://kawalpemilu.org#17342,"SELAMAT, DANAU SIPIN, KOTA JAMBI, JAMBI",17,41,93,134
https://kawalpemilu.org#17342,"SELAMAT, DANAU SIPIN, KOTA JAMBI, JAMBI",18,39,78,117
https://kawalpemilu.org#17342,"SELAMAT, DANAU SIPIN, KOTA JAMBI, JAMBI",19,40,87,127
https://kawalpemilu.org#17342,"SELAMAT, DANAU SIPIN, KOTA JAMBI, JAMBI",20,59,97,156
https://kawalpemilu.org#17342,"SELAMAT, DANAU SIPIN, KOTA JAMBI, JAMBI",21,80,62,142
https://kawalpemilu.org#17342,"SELAMAT, DANAU SIPIN, KOTA JAMBI, JAMBI",22,38,88,126
https://kawalpemilu.org#17342,"SELAMAT, DANAU SIPIN, KOTA JAMBI, JAMBI",23,89,149,238
https://kawalpemilu.org#17342,"SELAMAT, DANAU SIPIN, KOTA JAMBI, JAMBI",25,35,144,179
https://kawalpemilu.org#17342,"SELAMAT, DANAU SIPIN, KOTA JAMBI, JAMBI",26,55,104,159
https://kawalpemilu.org#17342,"SELAMAT, DANAU SIPIN, KOTA JAMBI, JAMBI",27,35,88,123
https://kawalpemilu.org#17342,"SELAMAT, DANAU SIPIN, KOTA JAMBI, JAMBI",28,70,147,217
https://kawalpemilu.org#17342,"SELAMAT, DANAU SIPIN, KOTA JAMBI, JAMBI",29,36,87,123
https://kawalpemilu.org#17342,"SELAMAT, DANAU SIPIN, KOTA JAMBI, JAMBI",30,64,104,168
https://kawalpemilu.org#17342,"SELAMAT, DANAU SIPIN, KOTA JAMBI, JAMBI",31,10,108,118
https://kawalpemilu.org#17342,"SELAMAT, DANAU SIPIN, KOTA JAMBI, JAMBI",32,49,74,123
https://kawalpemilu.org#17343,"LEGOK, DANAU SIPIN, KOTA JAMBI, JAMBI",1,93,127,220
https://kawalpemilu.org#17343,"LEGOK, DANAU SIPIN, KOTA JAMBI, JAMBI",2,87,93,180
https://kawalpemilu.org#17343,"LEGOK, DANAU SIPIN, KOTA JAMBI, JAMBI",3,67,143,210
https://kawalpemilu.org#17343,"LEGOK, DANAU SIPIN, KOTA JAMBI, JAMBI",4,83,79,162
https://kawalpemilu.org#17343,"LEGOK, DANAU SIPIN, KOTA JAMBI, JAMBI",5,45,107,152
https://kawalpemilu.org#17343,"LEGOK, DANAU SIPIN, KOTA JAMBI, JAMBI",6,57,116,173
https://kawalpemilu.org#17343,"LEGOK, DANAU SIPIN, KOTA JAMBI, JAMBI",7,77,103,180
https://kawalpemilu.org#17343,"LEGOK, DANAU SIPIN, KOTA JAMBI, JAMBI",8,17,99,116
https://kawalpemilu.org#17343,"LEGOK, DANAU SIPIN, KOTA JAMBI, JAMBI",9,58,137,195
https://kawalpemilu.org#17343,"LEGOK, DANAU SIPIN, KOTA JAMBI, JAMBI",10,77,121,198
https://kawalpemilu.org#17343,"LEGOK, DANAU SIPIN, KOTA JAMBI, JAMBI",11,51,110,161
https://kawalpemilu.org#17343,"LEGOK, DANAU SIPIN, KOTA JAMBI, JAMBI",12,44,79,123
https://kawalpemilu.org#17343,"LEGOK, DANAU SIPIN, KOTA JAMBI, JAMBI",13,43,140,183
https://kawalpemilu.org#17343,"LEGOK, DANAU SIPIN, KOTA JAMBI, JAMBI",14,78,80,158
https://kawalpemilu.org#17343,"LEGOK, DANAU SIPIN, KOTA JAMBI, JAMBI",15,59,61,120
https://kawalpemilu.org#17343,"LEGOK, DANAU SIPIN, KOTA JAMBI, JAMBI",16,50,93,143
https://kawalpemilu.org#17343,"LEGOK, DANAU SIPIN, KOTA JAMBI, JAMBI",17,47,110,157
https://kawalpemilu.org#17343,"LEGOK, DANAU SIPIN, KOTA JAMBI, JAMBI",18,29,111,140
https://kawalpemilu.org#17343,"LEGOK, DANAU SIPIN, KOTA JAMBI, JAMBI",19,117,121,238
https://kawalpemilu.org#17343,"LEGOK, DANAU SIPIN, KOTA JAMBI, JAMBI",20,70,137,207
https://kawalpemilu.org#17343,"LEGOK, DANAU SIPIN, KOTA JAMBI, JAMBI",21,71,101,172
https://kawalpemilu.org#17343,"LEGOK, DANAU SIPIN, KOTA JAMBI, JAMBI",22,70,102,172
https://kawalpemilu.org#17343,"LEGOK, DANAU SIPIN, KOTA JAMBI, JAMBI",23,58,138,196
https://kawalpemilu.org#17343,"LEGOK, DANAU SIPIN, KOTA JAMBI, JAMBI",24,50,108,158
https://kawalpemilu.org#17343,"LEGOK, DANAU SIPIN, KOTA JAMBI, JAMBI",25,86,86,172
https://kawalpemilu.org#17343,"LEGOK, DANAU SIPIN, KOTA JAMBI, JAMBI",26,76,174,250
https://kawalpemilu.org#17343,"LEGOK, DANAU SIPIN, KOTA JAMBI, JAMBI",27,58,108,166
https://kawalpemilu.org#17343,"LEGOK, DANAU SIPIN, KOTA JAMBI, JAMBI",28,46,81,127
https://kawalpemilu.org#17343,"LEGOK, DANAU SIPIN, KOTA JAMBI, JAMBI",29,67,49,116
https://kawalpemilu.org#17343,"LEGOK, DANAU SIPIN, KOTA JAMBI, JAMBI",30,61,67,128
https://kawalpemilu.org#17343,"LEGOK, DANAU SIPIN, KOTA JAMBI, JAMBI",31,102,97,199
https://kawalpemilu.org#17343,"LEGOK, DANAU SIPIN, KOTA JAMBI, JAMBI",32,56,44,100
https://kawalpemilu.org#17343,"LEGOK, DANAU SIPIN, KOTA JAMBI, JAMBI",33,64,53,117
https://kawalpemilu.org#17343,"LEGOK, DANAU SIPIN, KOTA JAMBI, JAMBI",34,67,36,111
https://kawalpemilu.org#17343,"LEGOK, DANAU SIPIN, KOTA JAMBI, JAMBI",35,69,67,136
https://kawalpemilu.org#17343,"LEGOK, DANAU SIPIN, KOTA JAMBI, JAMBI",36,69,75,144
https://kawalpemilu.org#17343,"LEGOK, DANAU SIPIN, KOTA JAMBI, JAMBI",37,101,64,171
https://kawalpemilu.org#17343,"LEGOK, DANAU SIPIN, KOTA JAMBI, JAMBI",38,79,89,168
https://kawalpemilu.org#17343,"LEGOK, DANAU SIPIN, KOTA JAMBI, JAMBI",39,56,109,165
https://kawalpemilu.org#17343,"LEGOK, DANAU SIPIN, KOTA JAMBI, JAMBI",40,76,63,139
https://kawalpemilu.org#17343,"LEGOK, DANAU SIPIN, KOTA JAMBI, JAMBI",41,81,87,168
https://kawalpemilu.org#17343,"LEGOK, DANAU SIPIN, KOTA JAMBI, JAMBI",42,92,157,249
https://kawalpemilu.org#17343,"LEGOK, DANAU SIPIN, KOTA JAMBI, JAMBI",43,76,193,269
https://kawalpemilu.org#17343,"LEGOK, DANAU SIPIN, KOTA JAMBI, JAMBI",44,49,46,92
https://kawalpemilu.org#17347,"TALANG BAKUNG, PAAL MERAH, KOTA JAMBI, JAMBI",1,92,113,205
https://kawalpemilu.org#17347,"TALANG BAKUNG, PAAL MERAH, KOTA JAMBI, JAMBI",2,119,117,236
https://kawalpemilu.org#17347,"TALANG BAKUNG, PAAL MERAH, KOTA JAMBI, JAMBI",3,103,155,258
https://kawalpemilu.org#17347,"TALANG BAKUNG, PAAL MERAH, KOTA JAMBI, JAMBI",4,100,149,249
https://kawalpemilu.org#17347,"TALANG BAKUNG, PAAL MERAH, KOTA JAMBI, JAMBI",5,98,102,200
https://kawalpemilu.org#17347,"TALANG BAKUNG, PAAL MERAH, KOTA JAMBI, JAMBI",6,87,89,176
https://kawalpemilu.org#17347,"TALANG BAKUNG, PAAL MERAH, KOTA JAMBI, JAMBI",7,46,52,98
https://kawalpemilu.org#17347,"TALANG BAKUNG, PAAL MERAH, KOTA JAMBI, JAMBI",8,86,141,227
https://kawalpemilu.org#17347,"TALANG BAKUNG, PAAL MERAH, KOTA JAMBI, JAMBI",9,116,114,230
https://kawalpemilu.org#17347,"TALANG BAKUNG, PAAL MERAH, KOTA JAMBI, JAMBI",10,76,93,169
https://kawalpemilu.org#17347,"TALANG BAKUNG, PAAL MERAH, KOTA JAMBI, JAMBI",11,64,80,144
https://kawalpemilu.org#17347,"TALANG BAKUNG, PAAL MERAH, KOTA JAMBI, JAMBI",12,56,80,136
https://kawalpemilu.org#17347,"TALANG BAKUNG, PAAL MERAH, KOTA JAMBI, JAMBI",13,86,70,156
https://kawalpemilu.org#17347,"TALANG BAKUNG, PAAL MERAH, KOTA JAMBI, JAMBI",14,66,79,145
https://kawalpemilu.org#17347,"TALANG BAKUNG, PAAL MERAH, KOTA JAMBI, JAMBI",15,71,68,139
https://kawalpemilu.org#17347,"TALANG BAKUNG, PAAL MERAH, KOTA JAMBI, JAMBI",16,116,98,214
https://kawalpemilu.org#17347,"TALANG BAKUNG, PAAL MERAH, KOTA JAMBI, JAMBI",17,105,72,177
https://kawalpemilu.org#17347,"TALANG BAKUNG, PAAL MERAH, KOTA JAMBI, JAMBI",18,103,40,143
https://kawalpemilu.org#17347,"TALANG BAKUNG, PAAL MERAH, KOTA JAMBI, JAMBI",19,87,99,186
https://kawalpemilu.org#17347,"TALANG BAKUNG, PAAL MERAH, KOTA JAMBI, JAMBI",20,75,121,196
https://kawalpemilu.org#17347,"TALANG BAKUNG, PAAL MERAH, KOTA JAMBI, JAMBI",21,104,116,220
https://kawalpemilu.org#17347,"TALANG BAKUNG, PAAL MERAH, KOTA JAMBI, JAMBI",22,99,87,186
https://kawalpemilu.org#17347,"TALANG BAKUNG, PAAL MERAH, KOTA JAMBI, JAMBI",23,54,70,124
https://kawalpemilu.org#17347,"TALANG BAKUNG, PAAL MERAH, KOTA JAMBI, JAMBI",24,99,56,155
https://kawalpemilu.org#17347,"TALANG BAKUNG, PAAL MERAH, KOTA JAMBI, JAMBI",25,112,69,181
https://kawalpemilu.org#17347,"TALANG BAKUNG, PAAL MERAH, KOTA JAMBI, JAMBI",26,0,0,0
https://kawalpemilu.org#17347,"TALANG BAKUNG, PAAL MERAH, KOTA JAMBI, JAMBI",27,116,97,213
https://kawalpemilu.org#17347,"TALANG BAKUNG, PAAL MERAH, KOTA JAMBI, JAMBI",28,78,99,177
https://kawalpemilu.org#17347,"TALANG BAKUNG, PAAL MERAH, KOTA JAMBI, JAMBI",29,80,162,242
https://kawalpemilu.org#17347,"TALANG BAKUNG, PAAL MERAH, KOTA JAMBI, JAMBI",30,64,170,234
https://kawalpemilu.org#17347,"TALANG BAKUNG, PAAL MERAH, KOTA JAMBI, JAMBI",31,65,95,160
https://kawalpemilu.org#17347,"TALANG BAKUNG, PAAL MERAH, KOTA JAMBI, JAMBI",32,86,97,183
https://kawalpemilu.org#17347,"TALANG BAKUNG, PAAL MERAH, KOTA JAMBI, JAMBI",33,71,99,170
https://kawalpemilu.org#17347,"TALANG BAKUNG, PAAL MERAH, KOTA JAMBI, JAMBI",34,85,95,180
https://kawalpemilu.org#17347,"TALANG BAKUNG, PAAL MERAH, KOTA JAMBI, JAMBI",35,107,79,186
https://kawalpemilu.org#17347,"TALANG BAKUNG, PAAL MERAH, KOTA JAMBI, JAMBI",36,121,131,252
https://kawalpemilu.org#17347,"TALANG BAKUNG, PAAL MERAH, KOTA JAMBI, JAMBI",37,81,144,225
https://kawalpemilu.org#17347,"TALANG BAKUNG, PAAL MERAH, KOTA JAMBI, JAMBI",38,66,106,172
https://kawalpemilu.org#17347,"TALANG BAKUNG, PAAL MERAH, KOTA JAMBI, JAMBI",39,122,87,209
https://kawalpemilu.org#17347,"TALANG BAKUNG, PAAL MERAH, KOTA JAMBI, JAMBI",40,85,115,200
https://kawalpemilu.org#17347,"TALANG BAKUNG, PAAL MERAH, KOTA JAMBI, JAMBI",41,70,92,162
https://kawalpemilu.org#17347,"TALANG BAKUNG, PAAL MERAH, KOTA JAMBI, JAMBI",42,68,66,134
https://kawalpemilu.org#17347,"TALANG BAKUNG, PAAL MERAH, KOTA JAMBI, JAMBI",43,30,98,128
https://kawalpemilu.org#17347,"TALANG BAKUNG, PAAL MERAH, KOTA JAMBI, JAMBI",44,0,0,167
https://kawalpemilu.org#17347,"TALANG BAKUNG, PAAL MERAH, KOTA JAMBI, JAMBI",45,35,94,129
https://kawalpemilu.org#17347,"TALANG BAKUNG, PAAL MERAH, KOTA JAMBI, JAMBI",46,139,108,247
https://kawalpemilu.org#17347,"TALANG BAKUNG, PAAL MERAH, KOTA JAMBI, JAMBI",47,84,82,166
https://kawalpemilu.org#17347,"TALANG BAKUNG, PAAL MERAH, KOTA JAMBI, JAMBI",48,78,106,184
https://kawalpemilu.org#17347,"TALANG BAKUNG, PAAL MERAH, KOTA JAMBI, JAMBI",49,77,121,198
https://kawalpemilu.org#17347,"TALANG BAKUNG, PAAL MERAH, KOTA JAMBI, JAMBI",50,84,66,150
https://kawalpemilu.org#17347,"TALANG BAKUNG, PAAL MERAH, KOTA JAMBI, JAMBI",51,66,73,139
https://kawalpemilu.org#17347,"TALANG BAKUNG, PAAL MERAH, KOTA JAMBI, JAMBI",52,45,91,136
https://kawalpemilu.org#17347,"TALANG BAKUNG, PAAL MERAH, KOTA JAMBI, JAMBI",53,63,170,233
https://kawalpemilu.org#17347,"TALANG BAKUNG, PAAL MERAH, KOTA JAMBI, JAMBI",54,78,152,230
https://kawalpemilu.org#17347,"TALANG BAKUNG, PAAL MERAH, KOTA JAMBI, JAMBI",55,105,108,213
https://kawalpemilu.org#17347,"TALANG BAKUNG, PAAL MERAH, KOTA JAMBI, JAMBI",56,86,91,177
https://kawalpemilu.org#17347,"TALANG BAKUNG, PAAL MERAH, KOTA JAMBI, JAMBI",57,102,96,198
https://kawalpemilu.org#17347,"TALANG BAKUNG, PAAL MERAH, KOTA JAMBI, JAMBI",58,95,104,199
https://kawalpemilu.org#17347,"TALANG BAKUNG, PAAL MERAH, KOTA JAMBI, JAMBI",59,66,77,143
https://kawalpemilu.org#17347,"TALANG BAKUNG, PAAL MERAH, KOTA JAMBI, JAMBI",60,160,95,255
https://kawalpemilu.org#17347,"TALANG BAKUNG, PAAL MERAH, KOTA JAMBI, JAMBI",61,147,99,246
https://kawalpemilu.org#17347,"TALANG BAKUNG, PAAL MERAH, KOTA JAMBI, JAMBI",62,75,39,114
https://kawalpemilu.org#17347,"TALANG BAKUNG, PAAL MERAH, KOTA JAMBI, JAMBI",63,29,76,105
https://kawalpemilu.org#17347,"TALANG BAKUNG, PAAL MERAH, KOTA JAMBI, JAMBI",64,92,104,196
https://kawalpemilu.org#17347,"TALANG BAKUNG, PAAL MERAH, KOTA JAMBI, JAMBI",65,100,123,223
https://kawalpemilu.org#17347,"TALANG BAKUNG, PAAL MERAH, KOTA JAMBI, JAMBI",66,96,100,196
https://kawalpemilu.org#17347,"TALANG BAKUNG, PAAL MERAH, KOTA JAMBI, JAMBI",67,89,107,196
https://kawalpemilu.org#17347,"TALANG BAKUNG, PAAL MERAH, KOTA JAMBI, JAMBI",68,91,123,214
https://kawalpemilu.org#17347,"TALANG BAKUNG, PAAL MERAH, KOTA JAMBI, JAMBI",69,102,101,203
https://kawalpemilu.org#17347,"TALANG BAKUNG, PAAL MERAH, KOTA JAMBI, JAMBI",70,135,159,294
https://kawalpemilu.org#17347,"TALANG BAKUNG, PAAL MERAH, KOTA JAMBI, JAMBI",71,97,139,236
https://kawalpemilu.org#17347,"TALANG BAKUNG, PAAL MERAH, KOTA JAMBI, JAMBI",72,90,102,192
https://kawalpemilu.org#17347,"TALANG BAKUNG, PAAL MERAH, KOTA JAMBI, JAMBI",73,117,63,180
https://kawalpemilu.org#17347,"TALANG BAKUNG, PAAL MERAH, KOTA JAMBI, JAMBI",74,77,73,150
https://kawalpemilu.org#17347,"TALANG BAKUNG, PAAL MERAH, KOTA JAMBI, JAMBI",75,29,42,71
https://kawalpemilu.org#17353,"PAAL MERAH, PAAL MERAH, KOTA JAMBI, JAMBI",1,143,73,216
https://kawalpemilu.org#17353,"PAAL MERAH, PAAL MERAH, KOTA JAMBI, JAMBI",2,121,98,219
https://kawalpemilu.org#17353,"PAAL MERAH, PAAL MERAH, KOTA JAMBI, JAMBI",3,153,77,230
https://kawalpemilu.org#17353,"PAAL MERAH, PAAL MERAH, KOTA JAMBI, JAMBI",4,76,98,174
https://kawalpemilu.org#17353,"PAAL MERAH, PAAL MERAH, KOTA JAMBI, JAMBI",5,100,102,202
https://kawalpemilu.org#17353,"PAAL MERAH, PAAL MERAH, KOTA JAMBI, JAMBI",6,77,95,172
https://kawalpemilu.org#17353,"PAAL MERAH, PAAL MERAH, KOTA JAMBI, JAMBI",7,87,65,152
https://kawalpemilu.org#17353,"PAAL MERAH, PAAL MERAH, KOTA JAMBI, JAMBI",8,126,121,247
https://kawalpemilu.org#17353,"PAAL MERAH, PAAL MERAH, KOTA JAMBI, JAMBI",9,49,106,155
https://kawalpemilu.org#17353,"PAAL MERAH, PAAL MERAH, KOTA JAMBI, JAMBI",10,127,118,245
https://kawalpemilu.org#17353,"PAAL MERAH, PAAL MERAH, KOTA JAMBI, JAMBI",11,92,111,203
https://kawalpemilu.org#17353,"PAAL MERAH, PAAL MERAH, KOTA JAMBI, JAMBI",12,88,100,188
https://kawalpemilu.org#17353,"PAAL MERAH, PAAL MERAH, KOTA JAMBI, JAMBI",13,118,63,181
https://kawalpemilu.org#17353,"PAAL MERAH, PAAL MERAH, KOTA JAMBI, JAMBI",14,109,114,223
https://kawalpemilu.org#17353,"PAAL MERAH, PAAL MERAH, KOTA JAMBI, JAMBI",15,98,123,221
https://kawalpemilu.org#17353,"PAAL MERAH, PAAL MERAH, KOTA JAMBI, JAMBI",16,105,131,236
https://kawalpemilu.org#17353,"PAAL MERAH, PAAL MERAH, KOTA JAMBI, JAMBI",17,100,125,225
https://kawalpemilu.org#17353,"PAAL MERAH, PAAL MERAH, KOTA JAMBI, JAMBI",18,83,111,194
https://kawalpemilu.org#17353,"PAAL MERAH, PAAL MERAH, KOTA JAMBI, JAMBI",19,79,136,215
https://kawalpemilu.org#17353,"PAAL MERAH, PAAL MERAH, KOTA JAMBI, JAMBI",21,76,139,215
https://kawalpemilu.org#17353,"PAAL MERAH, PAAL MERAH, KOTA JAMBI, JAMBI",22,88,124,212
https://kawalpemilu.org#17353,"PAAL MERAH, PAAL MERAH, KOTA JAMBI, JAMBI",23,51,59,110
https://kawalpemilu.org#17353,"PAAL MERAH, PAAL MERAH, KOTA JAMBI, JAMBI",24,53,115,168
https://kawalpemilu.org#17353,"PAAL MERAH, PAAL MERAH, KOTA JAMBI, JAMBI",25,94,73,167
https://kawalpemilu.org#17353,"PAAL MERAH, PAAL MERAH, KOTA JAMBI, JAMBI",26,111,81,192
https://kawalpemilu.org#17353,"PAAL MERAH, PAAL MERAH, KOTA JAMBI, JAMBI",27,72,123,195
https://kawalpemilu.org#17353,"PAAL MERAH, PAAL MERAH, KOTA JAMBI, JAMBI",28,107,108,215
https://kawalpemilu.org#17353,"PAAL MERAH, PAAL MERAH, KOTA JAMBI, JAMBI",29,116,67,183
https://kawalpemilu.org#17353,"PAAL MERAH, PAAL MERAH, KOTA JAMBI, JAMBI",30,75,49,124
https://kawalpemilu.org#17353,"PAAL MERAH, PAAL MERAH, KOTA JAMBI, JAMBI",31,98,99,197
https://kawalpemilu.org#17353,"PAAL MERAH, PAAL MERAH, KOTA JAMBI, JAMBI",32,68,44,112
https://kawalpemilu.org#17353,"PAAL MERAH, PAAL MERAH, KOTA JAMBI, JAMBI",33,121,40,161
https://kawalpemilu.org#17353,"PAAL MERAH, PAAL MERAH, KOTA JAMBI, JAMBI",34,95,127,222
https://kawalpemilu.org#17353,"PAAL MERAH, PAAL MERAH, KOTA JAMBI, JAMBI",35,67,105,172
https://kawalpemilu.org#17353,"PAAL MERAH, PAAL MERAH, KOTA JAMBI, JAMBI",36,85,169,254
https://kawalpemilu.org#17353,"PAAL MERAH, PAAL MERAH, KOTA JAMBI, JAMBI",37,85,93,178
https://kawalpemilu.org#17353,"PAAL MERAH, PAAL MERAH, KOTA JAMBI, JAMBI",38,111,51,162
https://kawalpemilu.org#17353,"PAAL MERAH, PAAL MERAH, KOTA JAMBI, JAMBI",39,116,121,237
https://kawalpemilu.org#17353,"PAAL MERAH, PAAL MERAH, KOTA JAMBI, JAMBI",40,100,90,190
https://kawalpemilu.org#17353,"PAAL MERAH, PAAL MERAH, KOTA JAMBI, JAMBI",41,91,142,233
https://kawalpemilu.org#17353,"PAAL MERAH, PAAL MERAH, KOTA JAMBI, JAMBI",42,81,28,109
https://kawalpemilu.org#17354,"EKA JAYA, PAAL MERAH, KOTA JAMBI, JAMBI",1,71,112,183
https://kawalpemilu.org#17354,"EKA JAYA, PAAL MERAH, KOTA JAMBI, JAMBI",2,65,85,150
https://kawalpemilu.org#17354,"EKA JAYA, PAAL MERAH, KOTA JAMBI, JAMBI",3,24,73,97
https://kawalpemilu.org#17354,"EKA JAYA, PAAL MERAH, KOTA JAMBI, JAMBI",4,82,98,180
https://kawalpemilu.org#17354,"EKA JAYA, PAAL MERAH, KOTA JAMBI, JAMBI",5,57,101,158
https://kawalpemilu.org#17354,"EKA JAYA, PAAL MERAH, KOTA JAMBI, JAMBI",6,36,125,161
https://kawalpemilu.org#17354,"EKA JAYA, PAAL MERAH, KOTA JAMBI, JAMBI",7,119,128,247
https://kawalpemilu.org#17354,"EKA JAYA, PAAL MERAH, KOTA JAMBI, JAMBI",8,73,98,171
https://kawalpemilu.org#17354,"EKA JAYA, PAAL MERAH, KOTA JAMBI, JAMBI",9,92,160,252
https://kawalpemilu.org#17354,"EKA JAYA, PAAL MERAH, KOTA JAMBI, JAMBI",10,104,108,212
https://kawalpemilu.org#17354,"EKA JAYA, PAAL MERAH, KOTA JAMBI, JAMBI",11,83,129,212
https://kawalpemilu.org#17354,"EKA JAYA, PAAL MERAH, KOTA JAMBI, JAMBI",12,101,114,215
https://kawalpemilu.org#17354,"EKA JAYA, PAAL MERAH, KOTA JAMBI, JAMBI",13,94,104,198
https://kawalpemilu.org#17354,"EKA JAYA, PAAL MERAH, KOTA JAMBI, JAMBI",14,65,80,145
https://kawalpemilu.org#17354,"EKA JAYA, PAAL MERAH, KOTA JAMBI, JAMBI",15,98,111,209
https://kawalpemilu.org#17354,"EKA JAYA, PAAL MERAH, KOTA JAMBI, JAMBI",16,86,84,170
https://kawalpemilu.org#17354,"EKA JAYA, PAAL MERAH, KOTA JAMBI, JAMBI",17,102,93,195
https://kawalpemilu.org#17354,"EKA JAYA, PAAL MERAH, KOTA JAMBI, JAMBI",18,110,127,237
https://kawalpemilu.org#17354,"EKA JAYA, PAAL MERAH, KOTA JAMBI, JAMBI",19,138,97,235
https://kawalpemilu.org#17354,"EKA JAYA, PAAL MERAH, KOTA JAMBI, JAMBI",20,82,71,153
https://kawalpemilu.org#17354,"EKA JAYA, PAAL MERAH, KOTA JAMBI, JAMBI",21,82,65,147
https://kawalpemilu.org#17354,"EKA JAYA, PAAL MERAH, KOTA JAMBI, JAMBI",22,76,103,179
https://kawalpemilu.org#17354,"EKA JAYA, PAAL MERAH, KOTA JAMBI, JAMBI",23,75,93,168
https://kawalpemilu.org#17354,"EKA JAYA, PAAL MERAH, KOTA JAMBI, JAMBI",24,105,110,215
https://kawalpemilu.org#17354,"EKA JAYA, PAAL MERAH, KOTA JAMBI, JAMBI",25,78,70,148
https://kawalpemilu.org#17354,"EKA JAYA, PAAL MERAH, KOTA JAMBI, JAMBI",26,76,136,212
https://kawalpemilu.org#17354,"EKA JAYA, PAAL MERAH, KOTA JAMBI, JAMBI",27,68,111,179
https://kawalpemilu.org#17354,"EKA JAYA, PAAL MERAH, KOTA JAMBI, JAMBI",28,86,136,222
https://kawalpemilu.org#17354,"EKA JAYA, PAAL MERAH, KOTA JAMBI, JAMBI",29,80,82,162
https://kawalpemilu.org#17354,"EKA JAYA, PAAL MERAH, KOTA JAMBI, JAMBI",30,71,69,140
https://kawalpemilu.org#17354,"EKA JAYA, PAAL MERAH, KOTA JAMBI, JAMBI",31,101,108,209
https://kawalpemilu.org#17354,"EKA JAYA, PAAL MERAH, KOTA JAMBI, JAMBI",32,106,109,215
https://kawalpemilu.org#17354,"EKA JAYA, PAAL MERAH, KOTA JAMBI, JAMBI",33,123,132,255
https://kawalpemilu.org#17354,"EKA JAYA, PAAL MERAH, KOTA JAMBI, JAMBI",34,87,72,159
https://kawalpemilu.org#17354,"EKA JAYA, PAAL MERAH, KOTA JAMBI, JAMBI",35,61,89,150
https://kawalpemilu.org#17354,"EKA JAYA, PAAL MERAH, KOTA JAMBI, JAMBI",36,52,105,157
https://kawalpemilu.org#17354,"EKA JAYA, PAAL MERAH, KOTA JAMBI, JAMBI",37,85,125,210
https://kawalpemilu.org#17354,"EKA JAYA, PAAL MERAH, KOTA JAMBI, JAMBI",38,50,93,143
https://kawalpemilu.org#17354,"EKA JAYA, PAAL MERAH, KOTA JAMBI, JAMBI",39,96,79,175
https://kawalpemilu.org#17354,"EKA JAYA, PAAL MERAH, KOTA JAMBI, JAMBI",40,87,110,197
https://kawalpemilu.org#17354,"EKA JAYA, PAAL MERAH, KOTA JAMBI, JAMBI",41,158,121,279
https://kawalpemilu.org#17354,"EKA JAYA, PAAL MERAH, KOTA JAMBI, JAMBI",42,108,81,189
https://kawalpemilu.org#17354,"EKA JAYA, PAAL MERAH, KOTA JAMBI, JAMBI",43,63,59,122
https://kawalpemilu.org#17354,"EKA JAYA, PAAL MERAH, KOTA JAMBI, JAMBI",44,109,104,213
https://kawalpemilu.org#17354,"EKA JAYA, PAAL MERAH, KOTA JAMBI, JAMBI",45,108,112,220
https://kawalpemilu.org#17354,"EKA JAYA, PAAL MERAH, KOTA JAMBI, JAMBI",46,53,80,133
https://kawalpemilu.org#17354,"EKA JAYA, PAAL MERAH, KOTA JAMBI, JAMBI",47,70,117,187
https://kawalpemilu.org#17354,"EKA JAYA, PAAL MERAH, KOTA JAMBI, JAMBI",48,30,70,100
https://kawalpemilu.org#17354,"EKA JAYA, PAAL MERAH, KOTA JAMBI, JAMBI",49,112,59,171
https://kawalpemilu.org#17354,"EKA JAYA, PAAL MERAH, KOTA JAMBI, JAMBI",50,115,94,209
https://kawalpemilu.org#17354,"EKA JAYA, PAAL MERAH, KOTA JAMBI, JAMBI",51,100,115,215
https://kawalpemilu.org#17354,"EKA JAYA, PAAL MERAH, KOTA JAMBI, JAMBI",52,98,90,188
https://kawalpemilu.org#17354,"EKA JAYA, PAAL MERAH, KOTA JAMBI, JAMBI",53,110,87,197
https://kawalpemilu.org#17354,"EKA JAYA, PAAL MERAH, KOTA JAMBI, JAMBI",54,57,83,140
https://kawalpemilu.org#17354,"EKA JAYA, PAAL MERAH, KOTA JAMBI, JAMBI",55,100,44,144
https://kawalpemilu.org#17354,"EKA JAYA, PAAL MERAH, KOTA JAMBI, JAMBI",56,88,40,128
https://kawalpemilu.org#17354,"EKA JAYA, PAAL MERAH, KOTA JAMBI, JAMBI",57,58,135,193
https://kawalpemilu.org#17354,"EKA JAYA, PAAL MERAH, KOTA JAMBI, JAMBI",58,79,78,157
https://kawalpemilu.org#17354,"EKA JAYA, PAAL MERAH, KOTA JAMBI, JAMBI",59,78,92,170
https://kawalpemilu.org#17354,"EKA JAYA, PAAL MERAH, KOTA JAMBI, JAMBI",60,74,131,205
https://kawalpemilu.org#17354,"EKA JAYA, PAAL MERAH, KOTA JAMBI, JAMBI",61,90,140,230
https://kawalpemilu.org#17354,"EKA JAYA, PAAL MERAH, KOTA JAMBI, JAMBI",62,69,65,134
https://kawalpemilu.org#17354,"EKA JAYA, PAAL MERAH, KOTA JAMBI, JAMBI",63,68,142,210
https://kawalpemilu.org#17354,"EKA JAYA, PAAL MERAH, KOTA JAMBI, JAMBI",64,67,83,150
https://kawalpemilu.org#17354,"EKA JAYA, PAAL MERAH, KOTA JAMBI, JAMBI",65,55,98,153
https://kawalpemilu.org#17354,"EKA JAYA, PAAL MERAH, KOTA JAMBI, JAMBI",66,74,65,139
https://kawalpemilu.org#17354,"EKA JAYA, PAAL MERAH, KOTA JAMBI, JAMBI",67,129,98,227
https://kawalpemilu.org#17354,"EKA JAYA, PAAL MERAH, KOTA JAMBI, JAMBI",68,86,104,190
https://kawalpemilu.org#17354,"EKA JAYA, PAAL MERAH, KOTA JAMBI, JAMBI",69,99,118,217
https://kawalpemilu.org#17354,"EKA JAYA, PAAL MERAH, KOTA JAMBI, JAMBI",70,78,130,208
https://kawalpemilu.org#17354,"EKA JAYA, PAAL MERAH, KOTA JAMBI, JAMBI",71,42,60,102
https://kawalpemilu.org#17354,"EKA JAYA, PAAL MERAH, KOTA JAMBI, JAMBI",72,118,151,269
https://kawalpemilu.org#17354,"EKA JAYA, PAAL MERAH, KOTA JAMBI, JAMBI",73,54,62,116
https://kawalpemilu.org#17354,"EKA JAYA, PAAL MERAH, KOTA JAMBI, JAMBI",74,80,57,137
https://kawalpemilu.org#17354,"EKA JAYA, PAAL MERAH, KOTA JAMBI, JAMBI",75,69,79,148
https://kawalpemilu.org#17354,"EKA JAYA, PAAL MERAH, KOTA JAMBI, JAMBI",76,130,115,245
https://kawalpemilu.org#17354,"EKA JAYA, PAAL MERAH, KOTA JAMBI, JAMBI",77,39,86,125
https://kawalpemilu.org#17354,"EKA JAYA, PAAL MERAH, KOTA JAMBI, JAMBI",78,73,137,210
https://kawalpemilu.org#17354,"EKA JAYA, PAAL MERAH, KOTA JAMBI, JAMBI",79,87,110,197
https://kawalpemilu.org#17354,"EKA JAYA, PAAL MERAH, KOTA JAMBI, JAMBI",80,82,90,172
https://kawalpemilu.org#17354,"EKA JAYA, PAAL MERAH, KOTA JAMBI, JAMBI",81,66,71,137
https://kawalpemilu.org#17354,"EKA JAYA, PAAL MERAH, KOTA JAMBI, JAMBI",82,60,65,125
https://kawalpemilu.org#17354,"EKA JAYA, PAAL MERAH, KOTA JAMBI, JAMBI",83,101,115,216
https://kawalpemilu.org#17354,"EKA JAYA, PAAL MERAH, KOTA JAMBI, JAMBI",84,106,135,241
https://kawalpemilu.org#17354,"EKA JAYA, PAAL MERAH, KOTA JAMBI, JAMBI",85,125,133,258
https://kawalpemilu.org#17354,"EKA JAYA, PAAL MERAH, KOTA JAMBI, JAMBI",86,64,56,120
https://kawalpemilu.org#17355,"LINGKAR SELATAN, PAAL MERAH, KOTA JAMBI, JAMBI",1,49,36,85
https://kawalpemilu.org#17355,"LINGKAR SELATAN, PAAL MERAH, KOTA JAMBI, JAMBI",2,61,76,137
https://kawalpemilu.org#17355,"LINGKAR SELATAN, PAAL MERAH, KOTA JAMBI, JAMBI",3,106,81,187
https://kawalpemilu.org#17355,"LINGKAR SELATAN, PAAL MERAH, KOTA JAMBI, JAMBI",4,87,111,198
https://kawalpemilu.org#17355,"LINGKAR SELATAN, PAAL MERAH, KOTA JAMBI, JAMBI",5,120,43,163
https://kawalpemilu.org#17355,"LINGKAR SELATAN, PAAL MERAH, KOTA JAMBI, JAMBI",6,90,111,201
https://kawalpemilu.org#17355,"LINGKAR SELATAN, PAAL MERAH, KOTA JAMBI, JAMBI",7,87,116,203
https://kawalpemilu.org#17355,"LINGKAR SELATAN, PAAL MERAH, KOTA JAMBI, JAMBI",8,94,91,185
https://kawalpemilu.org#17355,"LINGKAR SELATAN, PAAL MERAH, KOTA JAMBI, JAMBI",9,80,93,173
https://kawalpemilu.org#17355,"LINGKAR SELATAN, PAAL MERAH, KOTA JAMBI, JAMBI",10,78,123,201
https://kawalpemilu.org#17355,"LINGKAR SELATAN, PAAL MERAH, KOTA JAMBI, JAMBI",11,95,47,142
https://kawalpemilu.org#17355,"LINGKAR SELATAN, PAAL MERAH, KOTA JAMBI, JAMBI",12,88,35,123
https://kawalpemilu.org#17355,"LINGKAR SELATAN, PAAL MERAH, KOTA JAMBI, JAMBI",13,67,107,174
https://kawalpemilu.org#17355,"LINGKAR SELATAN, PAAL MERAH, KOTA JAMBI, JAMBI",14,52,82,134
https://kawalpemilu.org#17355,"LINGKAR SELATAN, PAAL MERAH, KOTA JAMBI, JAMBI",15,139,117,256
https://kawalpemilu.org#17355,"LINGKAR SELATAN, PAAL MERAH, KOTA JAMBI, JAMBI",16,123,87,210
https://kawalpemilu.org#17355,"LINGKAR SELATAN, PAAL MERAH, KOTA JAMBI, JAMBI",17,103,110,213
https://kawalpemilu.org#17355,"LINGKAR SELATAN, PAAL MERAH, KOTA JAMBI, JAMBI",18,107,82,189
https://kawalpemilu.org#17355,"LINGKAR SELATAN, PAAL MERAH, KOTA JAMBI, JAMBI",19,85,116,201
https://kawalpemilu.org#17355,"LINGKAR SELATAN, PAAL MERAH, KOTA JAMBI, JAMBI",20,149,84,233
https://kawalpemilu.org#17355,"LINGKAR SELATAN, PAAL MERAH, KOTA JAMBI, JAMBI",21,114,119,233
https://kawalpemilu.org#17355,"LINGKAR SELATAN, PAAL MERAH, KOTA JAMBI, JAMBI",22,112,109,221
https://kawalpemilu.org#17355,"LINGKAR SELATAN, PAAL MERAH, KOTA JAMBI, JAMBI",23,90,93,183
https://kawalpemilu.org#17355,"LINGKAR SELATAN, PAAL MERAH, KOTA JAMBI, JAMBI",24,46,72,118
https://kawalpemilu.org#17355,"LINGKAR SELATAN, PAAL MERAH, KOTA JAMBI, JAMBI",25,59,122,181
https://kawalpemilu.org#17355,"LINGKAR SELATAN, PAAL MERAH, KOTA JAMBI, JAMBI",26,104,100,204
https://kawalpemilu.org#17355,"LINGKAR SELATAN, PAAL MERAH, KOTA JAMBI, JAMBI",27,115,139,254
https://kawalpemilu.org#17355,"LINGKAR SELATAN, PAAL MERAH, KOTA JAMBI, JAMBI",28,72,114,186
https://kawalpemilu.org#17355,"LINGKAR SELATAN, PAAL MERAH, KOTA JAMBI, JAMBI",29,45,58,103
https://kawalpemilu.org#17355,"LINGKAR SELATAN, PAAL MERAH, KOTA JAMBI, JAMBI",30,68,101,169
https://kawalpemilu.org#17355,"LINGKAR SELATAN, PAAL MERAH, KOTA JAMBI, JAMBI",31,58,77,135
https://kawalpemilu.org#17355,"LINGKAR SELATAN, PAAL MERAH, KOTA JAMBI, JAMBI",32,66,66,132
https://kawalpemilu.org#17355,"LINGKAR SELATAN, PAAL MERAH, KOTA JAMBI, JAMBI",33,82,139,221
https://kawalpemilu.org#17355,"LINGKAR SELATAN, PAAL MERAH, KOTA JAMBI, JAMBI",34,79,108,187
https://kawalpemilu.org#17355,"LINGKAR SELATAN, PAAL MERAH, KOTA JAMBI, JAMBI",35,81,101,182
https://kawalpemilu.org#17355,"LINGKAR SELATAN, PAAL MERAH, KOTA JAMBI, JAMBI",36,161,68,229
https://kawalpemilu.org#17355,"LINGKAR SELATAN, PAAL MERAH, KOTA JAMBI, JAMBI",37,124,76,200
https://kawalpemilu.org#17355,"LINGKAR SELATAN, PAAL MERAH, KOTA JAMBI, JAMBI",38,119,113,232
https://kawalpemilu.org#17355,"LINGKAR SELATAN, PAAL MERAH, KOTA JAMBI, JAMBI",39,161,106,267
https://kawalpemilu.org#17355,"LINGKAR SELATAN, PAAL MERAH, KOTA JAMBI, JAMBI",40,143,55,198
https://kawalpemilu.org#17355,"LINGKAR SELATAN, PAAL MERAH, KOTA JAMBI, JAMBI",41,52,82,134
https://kawalpemilu.org#17355,"LINGKAR SELATAN, PAAL MERAH, KOTA JAMBI, JAMBI",42,88,119,207
https://kawalpemilu.org#17355,"LINGKAR SELATAN, PAAL MERAH, KOTA JAMBI, JAMBI",44,37,84,121
https://kawalpemilu.org#17355,"LINGKAR SELATAN, PAAL MERAH, KOTA JAMBI, JAMBI",45,52,87,139
https://kawalpemilu.org#17355,"LINGKAR SELATAN, PAAL MERAH, KOTA JAMBI, JAMBI",46,89,134,223
https://kawalpemilu.org#17355,"LINGKAR SELATAN, PAAL MERAH, KOTA JAMBI, JAMBI",47,52,82,134
https://kawalpemilu.org#17355,"LINGKAR SELATAN, PAAL MERAH, KOTA JAMBI, JAMBI",48,70,75,145
https://kawalpemilu.org#17355,"LINGKAR SELATAN, PAAL MERAH, KOTA JAMBI, JAMBI",49,67,74,141
https://kawalpemilu.org#17355,"LINGKAR SELATAN, PAAL MERAH, KOTA JAMBI, JAMBI",50,55,109,164
https://kawalpemilu.org#17355,"LINGKAR SELATAN, PAAL MERAH, KOTA JAMBI, JAMBI",51,59,86,145
https://kawalpemilu.org#17355,"LINGKAR SELATAN, PAAL MERAH, KOTA JAMBI, JAMBI",52,32,99,131
https://kawalpemilu.org#17355,"LINGKAR SELATAN, PAAL MERAH, KOTA JAMBI, JAMBI",53,37,82,119
https://kawalpemilu.org#17355,"LINGKAR SELATAN, PAAL MERAH, KOTA JAMBI, JAMBI",54,71,61,132
https://kawalpemilu.org#17355,"LINGKAR SELATAN, PAAL MERAH, KOTA JAMBI, JAMBI",55,60,78,138
https://kawalpemilu.org#17355,"LINGKAR SELATAN, PAAL MERAH, KOTA JAMBI, JAMBI",56,69,89,158
https://kawalpemilu.org#17355,"LINGKAR SELATAN, PAAL MERAH, KOTA JAMBI, JAMBI",57,90,56,146
https://kawalpemilu.org#17355,"LINGKAR SELATAN, PAAL MERAH, KOTA JAMBI, JAMBI",58,115,120,235
https://kawalpemilu.org#17355,"LINGKAR SELATAN, PAAL MERAH, KOTA JAMBI, JAMBI",59,84,68,152
https://kawalpemilu.org#17355,"LINGKAR SELATAN, PAAL MERAH, KOTA JAMBI, JAMBI",60,115,124,239
https://kawalpemilu.org#17355,"LINGKAR SELATAN, PAAL MERAH, KOTA JAMBI, JAMBI",61,86,58,144
https://kawalpemilu.org#17355,"LINGKAR SELATAN, PAAL MERAH, KOTA JAMBI, JAMBI",62,62,69,131
https://kawalpemilu.org#17355,"LINGKAR SELATAN, PAAL MERAH, KOTA JAMBI, JAMBI",63,109,58,167
https://kawalpemilu.org#17355,"LINGKAR SELATAN, PAAL MERAH, KOTA JAMBI, JAMBI",64,49,105,154
https://kawalpemilu.org#17355,"LINGKAR SELATAN, PAAL MERAH, KOTA JAMBI, JAMBI",65,56,69,125
https://kawalpemilu.org#17355,"LINGKAR SELATAN, PAAL MERAH, KOTA JAMBI, JAMBI",66,61,64,125
https://kawalpemilu.org#17365,"PAYO SELINCAH, PAAL MERAH, KOTA JAMBI, JAMBI",1,105,53,158
https://kawalpemilu.org#17365,"PAYO SELINCAH, PAAL MERAH, KOTA JAMBI, JAMBI",2,48,74,122
https://kawalpemilu.org#17365,"PAYO SELINCAH, PAAL MERAH, KOTA JAMBI, JAMBI",3,79,76,155
https://kawalpemilu.org#17365,"PAYO SELINCAH, PAAL MERAH, KOTA JAMBI, JAMBI",4,85,59,144
https://kawalpemilu.org#17365,"PAYO SELINCAH, PAAL MERAH, KOTA JAMBI, JAMBI",5,44,100,144
https://kawalpemilu.org#17365,"PAYO SELINCAH, PAAL MERAH, KOTA JAMBI, JAMBI",6,75,75,150
https://kawalpemilu.org#17365,"PAYO SELINCAH, PAAL MERAH, KOTA JAMBI, JAMBI",7,77,70,147
https://kawalpemilu.org#17365,"PAYO SELINCAH, PAAL MERAH, KOTA JAMBI, JAMBI",9,91,63,154
https://kawalpemilu.org#17365,"PAYO SELINCAH, PAAL MERAH, KOTA JAMBI, JAMBI",14,92,55,147
https://kawalpemilu.org#17365,"PAYO SELINCAH, PAAL MERAH, KOTA JAMBI, JAMBI",15,28,106,134
https://kawalpemilu.org#17365,"PAYO SELINCAH, PAAL MERAH, KOTA JAMBI, JAMBI",16,36,81,117
https://kawalpemilu.org#17365,"PAYO SELINCAH, PAAL MERAH, KOTA JAMBI, JAMBI",17,56,32,88
https://kawalpemilu.org#17365,"PAYO SELINCAH, PAAL MERAH, KOTA JAMBI, JAMBI",18,101,25,126
https://kawalpemilu.org#17365,"PAYO SELINCAH, PAAL MERAH, KOTA JAMBI, JAMBI",19,75,109,184
https://kawalpemilu.org#17365,"PAYO SELINCAH, PAAL MERAH, KOTA JAMBI, JAMBI",20,34,30,64
https://kawalpemilu.org#17365,"PAYO SELINCAH, PAAL MERAH, KOTA JAMBI, JAMBI",21,65,83,148
https://kawalpemilu.org#17365,"PAYO SELINCAH, PAAL MERAH, KOTA JAMBI, JAMBI",22,95,55,150
https://kawalpemilu.org#17365,"PAYO SELINCAH, PAAL MERAH, KOTA JAMBI, JAMBI",24,105,62,167
https://kawalpemilu.org#17365,"PAYO SELINCAH, PAAL MERAH, KOTA JAMBI, JAMBI",25,144,71,215
https://kawalpemilu.org#17365,"PAYO SELINCAH, PAAL MERAH, KOTA JAMBI, JAMBI",26,124,55,179
https://kawalpemilu.org#17365,"PAYO SELINCAH, PAAL MERAH, KOTA JAMBI, JAMBI",28,71,41,112
https://kawalpemilu.org#17365,"PAYO SELINCAH, PAAL MERAH, KOTA JAMBI, JAMBI",30,139,112,251
https://kawalpemilu.org#17365,"PAYO SELINCAH, PAAL MERAH, KOTA JAMBI, JAMBI",32,64,36,100
https://kawalpemilu.org#17365,"PAYO SELINCAH, PAAL MERAH, KOTA JAMBI, JAMBI",34,52,41,93
https://kawalpemilu.org#17365,"PAYO SELINCAH, PAAL MERAH, KOTA JAMBI, JAMBI",35,93,119,212
https://kawalpemilu.org#17365,"PAYO SELINCAH, PAAL MERAH, KOTA JAMBI, JAMBI",36,87,103,190
https://kawalpemilu.org#17365,"PAYO SELINCAH, PAAL MERAH, KOTA JAMBI, JAMBI",39,90,137,227
https://kawalpemilu.org#17365,"PAYO SELINCAH, PAAL MERAH, KOTA JAMBI, JAMBI",40,72,125,197
https://kawalpemilu.org#17365,"PAYO SELINCAH, PAAL MERAH, KOTA JAMBI, JAMBI",43,72,84,156
https://kawalpemilu.org#17365,"PAYO SELINCAH, PAAL MERAH, KOTA JAMBI, JAMBI",44,53,73,126
https://kawalpemilu.org#17365,"PAYO SELINCAH, PAAL MERAH, KOTA JAMBI, JAMBI",46,37,35,72
https://kawalpemilu.org#17365,"PAYO SELINCAH, PAAL MERAH, KOTA JAMBI, JAMBI",47,77,117,194
