Link KawalPemilu,Nama Kelurahan,Nomor TPS,Suara 01,Suara 02,Suara Sah
https://kawalpemilu.org#25408,"TANJUNG PINANG BARAT, TANJUNG PINANG BARAT, KOTA TANJUNGPINANG, KEPULAUAN RIAU",1,104,130,234
https://kawalpemilu.org#25408,"TANJUNG PINANG BARAT, TANJUNG PINANG BARAT, KOTA TANJUNGPINANG, KEPULAUAN RIAU",2,128,46,174
https://kawalpemilu.org#25408,"TANJUNG PINANG BARAT, TANJUNG PINANG BARAT, KOTA TANJUNGPINANG, KEPULAUAN RIAU",3,124,95,219
https://kawalpemilu.org#25408,"TANJUNG PINANG BARAT, TANJUNG PINANG BARAT, KOTA TANJUNGPINANG, KEPULAUAN RIAU",4,109,150,259
https://kawalpemilu.org#25408,"TANJUNG PINANG BARAT, TANJUNG PINANG BARAT, KOTA TANJUNGPINANG, KEPULAUAN RIAU",5,140,55,195
https://kawalpemilu.org#25408,"TANJUNG PINANG BARAT, TANJUNG PINANG BARAT, KOTA TANJUNGPINANG, KEPULAUAN RIAU",6,118,75,193
https://kawalpemilu.org#25408,"TANJUNG PINANG BARAT, TANJUNG PINANG BARAT, KOTA TANJUNGPINANG, KEPULAUAN RIAU",7,134,94,228
https://kawalpemilu.org#25408,"TANJUNG PINANG BARAT, TANJUNG PINANG BARAT, KOTA TANJUNGPINANG, KEPULAUAN RIAU",8,106,121,227
https://kawalpemilu.org#25408,"TANJUNG PINANG BARAT, TANJUNG PINANG BARAT, KOTA TANJUNGPINANG, KEPULAUAN RIAU",9,140,102,242
https://kawalpemilu.org#25408,"TANJUNG PINANG BARAT, TANJUNG PINANG BARAT, KOTA TANJUNGPINANG, KEPULAUAN RIAU",10,85,115,200
https://kawalpemilu.org#25408,"TANJUNG PINANG BARAT, TANJUNG PINANG BARAT, KOTA TANJUNGPINANG, KEPULAUAN RIAU",11,52,64,116
https://kawalpemilu.org#25408,"TANJUNG PINANG BARAT, TANJUNG PINANG BARAT, KOTA TANJUNGPINANG, KEPULAUAN RIAU",12,85,101,186
https://kawalpemilu.org#25408,"TANJUNG PINANG BARAT, TANJUNG PINANG BARAT, KOTA TANJUNGPINANG, KEPULAUAN RIAU",13,65,146,211
https://kawalpemilu.org#25408,"TANJUNG PINANG BARAT, TANJUNG PINANG BARAT, KOTA TANJUNGPINANG, KEPULAUAN RIAU",14,60,129,189
https://kawalpemilu.org#25408,"TANJUNG PINANG BARAT, TANJUNG PINANG BARAT, KOTA TANJUNGPINANG, KEPULAUAN RIAU",15,97,84,181
https://kawalpemilu.org#25408,"TANJUNG PINANG BARAT, TANJUNG PINANG BARAT, KOTA TANJUNGPINANG, KEPULAUAN RIAU",16,73,155,228
https://kawalpemilu.org#25408,"TANJUNG PINANG BARAT, TANJUNG PINANG BARAT, KOTA TANJUNGPINANG, KEPULAUAN RIAU",17,107,101,208
https://kawalpemilu.org#25408,"TANJUNG PINANG BARAT, TANJUNG PINANG BARAT, KOTA TANJUNGPINANG, KEPULAUAN RIAU",18,80,67,147
https://kawalpemilu.org#25408,"TANJUNG PINANG BARAT, TANJUNG PINANG BARAT, KOTA TANJUNGPINANG, KEPULAUAN RIAU",19,145,106,251
https://kawalpemilu.org#25408,"TANJUNG PINANG BARAT, TANJUNG PINANG BARAT, KOTA TANJUNGPINANG, KEPULAUAN RIAU",20,82,161,243
https://kawalpemilu.org#25408,"TANJUNG PINANG BARAT, TANJUNG PINANG BARAT, KOTA TANJUNGPINANG, KEPULAUAN RIAU",21,74,150,224
https://kawalpemilu.org#25408,"TANJUNG PINANG BARAT, TANJUNG PINANG BARAT, KOTA TANJUNGPINANG, KEPULAUAN RIAU",23,153,77,230
https://kawalpemilu.org#25408,"TANJUNG PINANG BARAT, TANJUNG PINANG BARAT, KOTA TANJUNGPINANG, KEPULAUAN RIAU",24,92,120,212
https://kawalpemilu.org#25408,"TANJUNG PINANG BARAT, TANJUNG PINANG BARAT, KOTA TANJUNGPINANG, KEPULAUAN RIAU",25,107,120,227
https://kawalpemilu.org#25408,"TANJUNG PINANG BARAT, TANJUNG PINANG BARAT, KOTA TANJUNGPINANG, KEPULAUAN RIAU",26,85,145,230
https://kawalpemilu.org#25408,"TANJUNG PINANG BARAT, TANJUNG PINANG BARAT, KOTA TANJUNGPINANG, KEPULAUAN RIAU",27,122,127,249
https://kawalpemilu.org#25408,"TANJUNG PINANG BARAT, TANJUNG PINANG BARAT, KOTA TANJUNGPINANG, KEPULAUAN RIAU",28,80,131,211
https://kawalpemilu.org#25408,"TANJUNG PINANG BARAT, TANJUNG PINANG BARAT, KOTA TANJUNGPINANG, KEPULAUAN RIAU",29,107,79,186
https://kawalpemilu.org#25408,"TANJUNG PINANG BARAT, TANJUNG PINANG BARAT, KOTA TANJUNGPINANG, KEPULAUAN RIAU",30,97,103,200
https://kawalpemilu.org#25408,"TANJUNG PINANG BARAT, TANJUNG PINANG BARAT, KOTA TANJUNGPINANG, KEPULAUAN RIAU",31,107,167,274
https://kawalpemilu.org#25408,"TANJUNG PINANG BARAT, TANJUNG PINANG BARAT, KOTA TANJUNGPINANG, KEPULAUAN RIAU",32,138,78,216
https://kawalpemilu.org#25408,"TANJUNG PINANG BARAT, TANJUNG PINANG BARAT, KOTA TANJUNGPINANG, KEPULAUAN RIAU",33,86,125,211
https://kawalpemilu.org#25408,"TANJUNG PINANG BARAT, TANJUNG PINANG BARAT, KOTA TANJUNGPINANG, KEPULAUAN RIAU",34,156,46,202
https://kawalpemilu.org#25408,"TANJUNG PINANG BARAT, TANJUNG PINANG BARAT, KOTA TANJUNGPINANG, KEPULAUAN RIAU",35,129,53,182
https://kawalpemilu.org#25408,"TANJUNG PINANG BARAT, TANJUNG PINANG BARAT, KOTA TANJUNGPINANG, KEPULAUAN RIAU",36,128,59,187
https://kawalpemilu.org#25408,"TANJUNG PINANG BARAT, TANJUNG PINANG BARAT, KOTA TANJUNGPINANG, KEPULAUAN RIAU",37,98,138,236
https://kawalpemilu.org#25408,"TANJUNG PINANG BARAT, TANJUNG PINANG BARAT, KOTA TANJUNGPINANG, KEPULAUAN RIAU",38,96,102,198
https://kawalpemilu.org#25408,"TANJUNG PINANG BARAT, TANJUNG PINANG BARAT, KOTA TANJUNGPINANG, KEPULAUAN RIAU",39,94,111,205
https://kawalpemilu.org#25408,"TANJUNG PINANG BARAT, TANJUNG PINANG BARAT, KOTA TANJUNGPINANG, KEPULAUAN RIAU",40,81,104,185
https://kawalpemilu.org#25408,"TANJUNG PINANG BARAT, TANJUNG PINANG BARAT, KOTA TANJUNGPINANG, KEPULAUAN RIAU",41,170,46,216
https://kawalpemilu.org#25408,"TANJUNG PINANG BARAT, TANJUNG PINANG BARAT, KOTA TANJUNGPINANG, KEPULAUAN RIAU",42,76,112,188
https://kawalpemilu.org#25408,"TANJUNG PINANG BARAT, TANJUNG PINANG BARAT, KOTA TANJUNGPINANG, KEPULAUAN RIAU",43,71,120,191
https://kawalpemilu.org#25409,"KEMBOJA, TANJUNG PINANG BARAT, KOTA TANJUNGPINANG, KEPULAUAN RIAU",1,176,6,182
https://kawalpemilu.org#25409,"KEMBOJA, TANJUNG PINANG BARAT, KOTA TANJUNGPINANG, KEPULAUAN RIAU",2,130,14,144
https://kawalpemilu.org#25409,"KEMBOJA, TANJUNG PINANG BARAT, KOTA TANJUNGPINANG, KEPULAUAN RIAU",3,135,28,163
https://kawalpemilu.org#25409,"KEMBOJA, TANJUNG PINANG BARAT, KOTA TANJUNGPINANG, KEPULAUAN RIAU",4,174,19,193
https://kawalpemilu.org#25409,"KEMBOJA, TANJUNG PINANG BARAT, KOTA TANJUNGPINANG, KEPULAUAN RIAU",5,150,5,155
https://kawalpemilu.org#25409,"KEMBOJA, TANJUNG PINANG BARAT, KOTA TANJUNGPINANG, KEPULAUAN RIAU",6,138,31,169
https://kawalpemilu.org#25409,"KEMBOJA, TANJUNG PINANG BARAT, KOTA TANJUNGPINANG, KEPULAUAN RIAU",7,159,19,178
https://kawalpemilu.org#25409,"KEMBOJA, TANJUNG PINANG BARAT, KOTA TANJUNGPINANG, KEPULAUAN RIAU",8,164,9,173
https://kawalpemilu.org#25409,"KEMBOJA, TANJUNG PINANG BARAT, KOTA TANJUNGPINANG, KEPULAUAN RIAU",9,163,16,0
https://kawalpemilu.org#25409,"KEMBOJA, TANJUNG PINANG BARAT, KOTA TANJUNGPINANG, KEPULAUAN RIAU",10,155,5,160
https://kawalpemilu.org#25409,"KEMBOJA, TANJUNG PINANG BARAT, KOTA TANJUNGPINANG, KEPULAUAN RIAU",11,140,21,161
https://kawalpemilu.org#25409,"KEMBOJA, TANJUNG PINANG BARAT, KOTA TANJUNGPINANG, KEPULAUAN RIAU",12,86,81,167
https://kawalpemilu.org#25409,"KEMBOJA, TANJUNG PINANG BARAT, KOTA TANJUNGPINANG, KEPULAUAN RIAU",13,98,110,208
https://kawalpemilu.org#25409,"KEMBOJA, TANJUNG PINANG BARAT, KOTA TANJUNGPINANG, KEPULAUAN RIAU",14,113,107,220
https://kawalpemilu.org#25409,"KEMBOJA, TANJUNG PINANG BARAT, KOTA TANJUNGPINANG, KEPULAUAN RIAU",15,90,126,216
https://kawalpemilu.org#25409,"KEMBOJA, TANJUNG PINANG BARAT, KOTA TANJUNGPINANG, KEPULAUAN RIAU",16,125,88,212
https://kawalpemilu.org#25409,"KEMBOJA, TANJUNG PINANG BARAT, KOTA TANJUNGPINANG, KEPULAUAN RIAU",17,138,86,224
https://kawalpemilu.org#25409,"KEMBOJA, TANJUNG PINANG BARAT, KOTA TANJUNGPINANG, KEPULAUAN RIAU",18,186,6,192
https://kawalpemilu.org#25409,"KEMBOJA, TANJUNG PINANG BARAT, KOTA TANJUNGPINANG, KEPULAUAN RIAU",19,170,9,179
https://kawalpemilu.org#25409,"KEMBOJA, TANJUNG PINANG BARAT, KOTA TANJUNGPINANG, KEPULAUAN RIAU",20,174,11,185
https://kawalpemilu.org#25409,"KEMBOJA, TANJUNG PINANG BARAT, KOTA TANJUNGPINANG, KEPULAUAN RIAU",21,114,25,139
https://kawalpemilu.org#25409,"KEMBOJA, TANJUNG PINANG BARAT, KOTA TANJUNGPINANG, KEPULAUAN RIAU",22,117,39,156
https://kawalpemilu.org#25409,"KEMBOJA, TANJUNG PINANG BARAT, KOTA TANJUNGPINANG, KEPULAUAN RIAU",23,112,22,134
https://kawalpemilu.org#25409,"KEMBOJA, TANJUNG PINANG BARAT, KOTA TANJUNGPINANG, KEPULAUAN RIAU",24,86,22,108
https://kawalpemilu.org#25409,"KEMBOJA, TANJUNG PINANG BARAT, KOTA TANJUNGPINANG, KEPULAUAN RIAU",25,98,68,166
https://kawalpemilu.org#25409,"KEMBOJA, TANJUNG PINANG BARAT, KOTA TANJUNGPINANG, KEPULAUAN RIAU",26,109,49,158
https://kawalpemilu.org#25409,"KEMBOJA, TANJUNG PINANG BARAT, KOTA TANJUNGPINANG, KEPULAUAN RIAU",27,175,50,225
https://kawalpemilu.org#25409,"KEMBOJA, TANJUNG PINANG BARAT, KOTA TANJUNGPINANG, KEPULAUAN RIAU",28,141,28,169
https://kawalpemilu.org#25409,"KEMBOJA, TANJUNG PINANG BARAT, KOTA TANJUNGPINANG, KEPULAUAN RIAU",29,164,22,168
https://kawalpemilu.org#25409,"KEMBOJA, TANJUNG PINANG BARAT, KOTA TANJUNGPINANG, KEPULAUAN RIAU",30,133,46,179
https://kawalpemilu.org#25409,"KEMBOJA, TANJUNG PINANG BARAT, KOTA TANJUNGPINANG, KEPULAUAN RIAU",31,140,43,183
https://kawalpemilu.org#25409,"KEMBOJA, TANJUNG PINANG BARAT, KOTA TANJUNGPINANG, KEPULAUAN RIAU",32,102,97,199
https://kawalpemilu.org#25409,"KEMBOJA, TANJUNG PINANG BARAT, KOTA TANJUNGPINANG, KEPULAUAN RIAU",33,112,84,196
https://kawalpemilu.org#25409,"KEMBOJA, TANJUNG PINANG BARAT, KOTA TANJUNGPINANG, KEPULAUAN RIAU",34,103,124,227
https://kawalpemilu.org#25409,"KEMBOJA, TANJUNG PINANG BARAT, KOTA TANJUNGPINANG, KEPULAUAN RIAU",35,115,107,222
https://kawalpemilu.org#25409,"KEMBOJA, TANJUNG PINANG BARAT, KOTA TANJUNGPINANG, KEPULAUAN RIAU",36,97,113,210
https://kawalpemilu.org#25409,"KEMBOJA, TANJUNG PINANG BARAT, KOTA TANJUNGPINANG, KEPULAUAN RIAU",37,72,134,206
https://kawalpemilu.org#25410,"KAMPUNG BARU, TANJUNG PINANG BARAT, KOTA TANJUNGPINANG, KEPULAUAN RIAU",1,106,72,178
https://kawalpemilu.org#25410,"KAMPUNG BARU, TANJUNG PINANG BARAT, KOTA TANJUNGPINANG, KEPULAUAN RIAU",2,138,74,212
https://kawalpemilu.org#25410,"KAMPUNG BARU, TANJUNG PINANG BARAT, KOTA TANJUNGPINANG, KEPULAUAN RIAU",3,112,96,208
https://kawalpemilu.org#25410,"KAMPUNG BARU, TANJUNG PINANG BARAT, KOTA TANJUNGPINANG, KEPULAUAN RIAU",4,142,110,252
https://kawalpemilu.org#25410,"KAMPUNG BARU, TANJUNG PINANG BARAT, KOTA TANJUNGPINANG, KEPULAUAN RIAU",5,84,61,145
https://kawalpemilu.org#25410,"KAMPUNG BARU, TANJUNG PINANG BARAT, KOTA TANJUNGPINANG, KEPULAUAN RIAU",6,151,85,236
https://kawalpemilu.org#25410,"KAMPUNG BARU, TANJUNG PINANG BARAT, KOTA TANJUNGPINANG, KEPULAUAN RIAU",7,79,124,203
https://kawalpemilu.org#25410,"KAMPUNG BARU, TANJUNG PINANG BARAT, KOTA TANJUNGPINANG, KEPULAUAN RIAU",8,145,47,192
https://kawalpemilu.org#25410,"KAMPUNG BARU, TANJUNG PINANG BARAT, KOTA TANJUNGPINANG, KEPULAUAN RIAU",9,134,29,163
https://kawalpemilu.org#25410,"KAMPUNG BARU, TANJUNG PINANG BARAT, KOTA TANJUNGPINANG, KEPULAUAN RIAU",10,81,76,157
https://kawalpemilu.org#25410,"KAMPUNG BARU, TANJUNG PINANG BARAT, KOTA TANJUNGPINANG, KEPULAUAN RIAU",11,96,124,220
https://kawalpemilu.org#25410,"KAMPUNG BARU, TANJUNG PINANG BARAT, KOTA TANJUNGPINANG, KEPULAUAN RIAU",12,63,98,161
https://kawalpemilu.org#25410,"KAMPUNG BARU, TANJUNG PINANG BARAT, KOTA TANJUNGPINANG, KEPULAUAN RIAU",13,156,27,183
https://kawalpemilu.org#25410,"KAMPUNG BARU, TANJUNG PINANG BARAT, KOTA TANJUNGPINANG, KEPULAUAN RIAU",14,157,109,266
https://kawalpemilu.org#25410,"KAMPUNG BARU, TANJUNG PINANG BARAT, KOTA TANJUNGPINANG, KEPULAUAN RIAU",15,114,122,236
https://kawalpemilu.org#25410,"KAMPUNG BARU, TANJUNG PINANG BARAT, KOTA TANJUNGPINANG, KEPULAUAN RIAU",16,115,81,196
https://kawalpemilu.org#25410,"KAMPUNG BARU, TANJUNG PINANG BARAT, KOTA TANJUNGPINANG, KEPULAUAN RIAU",17,184,42,226
https://kawalpemilu.org#25410,"KAMPUNG BARU, TANJUNG PINANG BARAT, KOTA TANJUNGPINANG, KEPULAUAN RIAU",18,70,99,169
https://kawalpemilu.org#25410,"KAMPUNG BARU, TANJUNG PINANG BARAT, KOTA TANJUNGPINANG, KEPULAUAN RIAU",19,128,58,186
https://kawalpemilu.org#25410,"KAMPUNG BARU, TANJUNG PINANG BARAT, KOTA TANJUNGPINANG, KEPULAUAN RIAU",20,143,70,213
https://kawalpemilu.org#25410,"KAMPUNG BARU, TANJUNG PINANG BARAT, KOTA TANJUNGPINANG, KEPULAUAN RIAU",21,125,68,193
https://kawalpemilu.org#25410,"KAMPUNG BARU, TANJUNG PINANG BARAT, KOTA TANJUNGPINANG, KEPULAUAN RIAU",22,187,29,216
https://kawalpemilu.org#25410,"KAMPUNG BARU, TANJUNG PINANG BARAT, KOTA TANJUNGPINANG, KEPULAUAN RIAU",23,133,106,239
https://kawalpemilu.org#25410,"KAMPUNG BARU, TANJUNG PINANG BARAT, KOTA TANJUNGPINANG, KEPULAUAN RIAU",24,93,139,232
https://kawalpemilu.org#25410,"KAMPUNG BARU, TANJUNG PINANG BARAT, KOTA TANJUNGPINANG, KEPULAUAN RIAU",25,154,80,234
https://kawalpemilu.org#25410,"KAMPUNG BARU, TANJUNG PINANG BARAT, KOTA TANJUNGPINANG, KEPULAUAN RIAU",26,199,21,220
https://kawalpemilu.org#25410,"KAMPUNG BARU, TANJUNG PINANG BARAT, KOTA TANJUNGPINANG, KEPULAUAN RIAU",27,105,139,244
https://kawalpemilu.org#25410,"KAMPUNG BARU, TANJUNG PINANG BARAT, KOTA TANJUNGPINANG, KEPULAUAN RIAU",28,149,101,250
https://kawalpemilu.org#25411,"BUKIT CERMIN, TANJUNG PINANG BARAT, KOTA TANJUNGPINANG, KEPULAUAN RIAU",1,100,111,211
https://kawalpemilu.org#25411,"BUKIT CERMIN, TANJUNG PINANG BARAT, KOTA TANJUNGPINANG, KEPULAUAN RIAU",2,90,120,210
https://kawalpemilu.org#25411,"BUKIT CERMIN, TANJUNG PINANG BARAT, KOTA TANJUNGPINANG, KEPULAUAN RIAU",3,76,147,223
https://kawalpemilu.org#25411,"BUKIT CERMIN, TANJUNG PINANG BARAT, KOTA TANJUNGPINANG, KEPULAUAN RIAU",4,111,106,217
https://kawalpemilu.org#25411,"BUKIT CERMIN, TANJUNG PINANG BARAT, KOTA TANJUNGPINANG, KEPULAUAN RIAU",5,82,101,183
https://kawalpemilu.org#25411,"BUKIT CERMIN, TANJUNG PINANG BARAT, KOTA TANJUNGPINANG, KEPULAUAN RIAU",6,90,99,189
https://kawalpemilu.org#25411,"BUKIT CERMIN, TANJUNG PINANG BARAT, KOTA TANJUNGPINANG, KEPULAUAN RIAU",7,106,105,211
https://kawalpemilu.org#25411,"BUKIT CERMIN, TANJUNG PINANG BARAT, KOTA TANJUNGPINANG, KEPULAUAN RIAU",8,120,96,216
https://kawalpemilu.org#25411,"BUKIT CERMIN, TANJUNG PINANG BARAT, KOTA TANJUNGPINANG, KEPULAUAN RIAU",9,125,84,209
https://kawalpemilu.org#25411,"BUKIT CERMIN, TANJUNG PINANG BARAT, KOTA TANJUNGPINANG, KEPULAUAN RIAU",10,88,111,199
https://kawalpemilu.org#25411,"BUKIT CERMIN, TANJUNG PINANG BARAT, KOTA TANJUNGPINANG, KEPULAUAN RIAU",11,96,107,203
https://kawalpemilu.org#25411,"BUKIT CERMIN, TANJUNG PINANG BARAT, KOTA TANJUNGPINANG, KEPULAUAN RIAU",12,110,130,240
https://kawalpemilu.org#25411,"BUKIT CERMIN, TANJUNG PINANG BARAT, KOTA TANJUNGPINANG, KEPULAUAN RIAU",13,108,107,215
https://kawalpemilu.org#25411,"BUKIT CERMIN, TANJUNG PINANG BARAT, KOTA TANJUNGPINANG, KEPULAUAN RIAU",14,118,86,204
https://kawalpemilu.org#25411,"BUKIT CERMIN, TANJUNG PINANG BARAT, KOTA TANJUNGPINANG, KEPULAUAN RIAU",16,114,87,201
https://kawalpemilu.org#25411,"BUKIT CERMIN, TANJUNG PINANG BARAT, KOTA TANJUNGPINANG, KEPULAUAN RIAU",17,93,129,222
https://kawalpemilu.org#25411,"BUKIT CERMIN, TANJUNG PINANG BARAT, KOTA TANJUNGPINANG, KEPULAUAN RIAU",18,94,126,220
https://kawalpemilu.org#25411,"BUKIT CERMIN, TANJUNG PINANG BARAT, KOTA TANJUNGPINANG, KEPULAUAN RIAU",19,123,101,224
https://kawalpemilu.org#25411,"BUKIT CERMIN, TANJUNG PINANG BARAT, KOTA TANJUNGPINANG, KEPULAUAN RIAU",20,150,79,229
https://kawalpemilu.org#25411,"BUKIT CERMIN, TANJUNG PINANG BARAT, KOTA TANJUNGPINANG, KEPULAUAN RIAU",21,140,95,235
https://kawalpemilu.org#25411,"BUKIT CERMIN, TANJUNG PINANG BARAT, KOTA TANJUNGPINANG, KEPULAUAN RIAU",22,103,117,220
https://kawalpemilu.org#25411,"BUKIT CERMIN, TANJUNG PINANG BARAT, KOTA TANJUNGPINANG, KEPULAUAN RIAU",23,134,90,224
https://kawalpemilu.org#25413,"MELAYU KOTA PIRING, TANJUNG PINANG TIMUR, KOTA TANJUNGPINANG, KEPULAUAN RIAU",1,73,108,181
https://kawalpemilu.org#25413,"MELAYU KOTA PIRING, TANJUNG PINANG TIMUR, KOTA TANJUNGPINANG, KEPULAUAN RIAU",2,78,125,203
https://kawalpemilu.org#25413,"MELAYU KOTA PIRING, TANJUNG PINANG TIMUR, KOTA TANJUNGPINANG, KEPULAUAN RIAU",3,74,122,196
https://kawalpemilu.org#25413,"MELAYU KOTA PIRING, TANJUNG PINANG TIMUR, KOTA TANJUNGPINANG, KEPULAUAN RIAU",4,111,128,239
https://kawalpemilu.org#25413,"MELAYU KOTA PIRING, TANJUNG PINANG TIMUR, KOTA TANJUNGPINANG, KEPULAUAN RIAU",5,71,139,210
https://kawalpemilu.org#25413,"MELAYU KOTA PIRING, TANJUNG PINANG TIMUR, KOTA TANJUNGPINANG, KEPULAUAN RIAU",6,87,123,210
https://kawalpemilu.org#25413,"MELAYU KOTA PIRING, TANJUNG PINANG TIMUR, KOTA TANJUNGPINANG, KEPULAUAN RIAU",7,99,113,212
https://kawalpemilu.org#25413,"MELAYU KOTA PIRING, TANJUNG PINANG TIMUR, KOTA TANJUNGPINANG, KEPULAUAN RIAU",8,60,85,145
https://kawalpemilu.org#25413,"MELAYU KOTA PIRING, TANJUNG PINANG TIMUR, KOTA TANJUNGPINANG, KEPULAUAN RIAU",9,107,86,193
https://kawalpemilu.org#25413,"MELAYU KOTA PIRING, TANJUNG PINANG TIMUR, KOTA TANJUNGPINANG, KEPULAUAN RIAU",10,112,83,195
https://kawalpemilu.org#25413,"MELAYU KOTA PIRING, TANJUNG PINANG TIMUR, KOTA TANJUNGPINANG, KEPULAUAN RIAU",11,172,41,213
https://kawalpemilu.org#25413,"MELAYU KOTA PIRING, TANJUNG PINANG TIMUR, KOTA TANJUNGPINANG, KEPULAUAN RIAU",12,156,80,236
https://kawalpemilu.org#25413,"MELAYU KOTA PIRING, TANJUNG PINANG TIMUR, KOTA TANJUNGPINANG, KEPULAUAN RIAU",13,117,96,213
https://kawalpemilu.org#25413,"MELAYU KOTA PIRING, TANJUNG PINANG TIMUR, KOTA TANJUNGPINANG, KEPULAUAN RIAU",14,94,94,188
https://kawalpemilu.org#25413,"MELAYU KOTA PIRING, TANJUNG PINANG TIMUR, KOTA TANJUNGPINANG, KEPULAUAN RIAU",15,202,40,242
https://kawalpemilu.org#25413,"MELAYU KOTA PIRING, TANJUNG PINANG TIMUR, KOTA TANJUNGPINANG, KEPULAUAN RIAU",16,129,104,233
https://kawalpemilu.org#25413,"MELAYU KOTA PIRING, TANJUNG PINANG TIMUR, KOTA TANJUNGPINANG, KEPULAUAN RIAU",17,117,88,205
https://kawalpemilu.org#25413,"MELAYU KOTA PIRING, TANJUNG PINANG TIMUR, KOTA TANJUNGPINANG, KEPULAUAN RIAU",18,161,88,249
https://kawalpemilu.org#25413,"MELAYU KOTA PIRING, TANJUNG PINANG TIMUR, KOTA TANJUNGPINANG, KEPULAUAN RIAU",19,132,70,202
https://kawalpemilu.org#25413,"MELAYU KOTA PIRING, TANJUNG PINANG TIMUR, KOTA TANJUNGPINANG, KEPULAUAN RIAU",20,115,118,233
https://kawalpemilu.org#25413,"MELAYU KOTA PIRING, TANJUNG PINANG TIMUR, KOTA TANJUNGPINANG, KEPULAUAN RIAU",21,132,82,214
https://kawalpemilu.org#25413,"MELAYU KOTA PIRING, TANJUNG PINANG TIMUR, KOTA TANJUNGPINANG, KEPULAUAN RIAU",22,116,78,194
https://kawalpemilu.org#25413,"MELAYU KOTA PIRING, TANJUNG PINANG TIMUR, KOTA TANJUNGPINANG, KEPULAUAN RIAU",23,128,109,237
https://kawalpemilu.org#25413,"MELAYU KOTA PIRING, TANJUNG PINANG TIMUR, KOTA TANJUNGPINANG, KEPULAUAN RIAU",24,135,94,229
https://kawalpemilu.org#25413,"MELAYU KOTA PIRING, TANJUNG PINANG TIMUR, KOTA TANJUNGPINANG, KEPULAUAN RIAU",25,84,80,164
https://kawalpemilu.org#25413,"MELAYU KOTA PIRING, TANJUNG PINANG TIMUR, KOTA TANJUNGPINANG, KEPULAUAN RIAU",26,111,106,217
https://kawalpemilu.org#25413,"MELAYU KOTA PIRING, TANJUNG PINANG TIMUR, KOTA TANJUNGPINANG, KEPULAUAN RIAU",27,117,100,217
https://kawalpemilu.org#25413,"MELAYU KOTA PIRING, TANJUNG PINANG TIMUR, KOTA TANJUNGPINANG, KEPULAUAN RIAU",28,110,90,200
https://kawalpemilu.org#25413,"MELAYU KOTA PIRING, TANJUNG PINANG TIMUR, KOTA TANJUNGPINANG, KEPULAUAN RIAU",29,130,74,204
https://kawalpemilu.org#25413,"MELAYU KOTA PIRING, TANJUNG PINANG TIMUR, KOTA TANJUNGPINANG, KEPULAUAN RIAU",30,119,124,243
https://kawalpemilu.org#25413,"MELAYU KOTA PIRING, TANJUNG PINANG TIMUR, KOTA TANJUNGPINANG, KEPULAUAN RIAU",31,94,142,236
https://kawalpemilu.org#25413,"MELAYU KOTA PIRING, TANJUNG PINANG TIMUR, KOTA TANJUNGPINANG, KEPULAUAN RIAU",32,103,105,208
https://kawalpemilu.org#25413,"MELAYU KOTA PIRING, TANJUNG PINANG TIMUR, KOTA TANJUNGPINANG, KEPULAUAN RIAU",33,80,121,201
https://kawalpemilu.org#25413,"MELAYU KOTA PIRING, TANJUNG PINANG TIMUR, KOTA TANJUNGPINANG, KEPULAUAN RIAU",34,89,113,202
https://kawalpemilu.org#25413,"MELAYU KOTA PIRING, TANJUNG PINANG TIMUR, KOTA TANJUNGPINANG, KEPULAUAN RIAU",35,85,87,172
https://kawalpemilu.org#25413,"MELAYU KOTA PIRING, TANJUNG PINANG TIMUR, KOTA TANJUNGPINANG, KEPULAUAN RIAU",36,73,126,199
https://kawalpemilu.org#25413,"MELAYU KOTA PIRING, TANJUNG PINANG TIMUR, KOTA TANJUNGPINANG, KEPULAUAN RIAU",37,116,140,256
https://kawalpemilu.org#25413,"MELAYU KOTA PIRING, TANJUNG PINANG TIMUR, KOTA TANJUNGPINANG, KEPULAUAN RIAU",38,108,150,258
https://kawalpemilu.org#25413,"MELAYU KOTA PIRING, TANJUNG PINANG TIMUR, KOTA TANJUNGPINANG, KEPULAUAN RIAU",39,115,141,256
https://kawalpemilu.org#25413,"MELAYU KOTA PIRING, TANJUNG PINANG TIMUR, KOTA TANJUNGPINANG, KEPULAUAN RIAU",40,103,144,247
https://kawalpemilu.org#25414,"KAMPUNG BULANG, TANJUNG PINANG TIMUR, KOTA TANJUNGPINANG, KEPULAUAN RIAU",1,97,120,217
https://kawalpemilu.org#25414,"KAMPUNG BULANG, TANJUNG PINANG TIMUR, KOTA TANJUNGPINANG, KEPULAUAN RIAU",2,160,104,264
https://kawalpemilu.org#25414,"KAMPUNG BULANG, TANJUNG PINANG TIMUR, KOTA TANJUNGPINANG, KEPULAUAN RIAU",3,100,126,226
https://kawalpemilu.org#25414,"KAMPUNG BULANG, TANJUNG PINANG TIMUR, KOTA TANJUNGPINANG, KEPULAUAN RIAU",4,101,145,246
https://kawalpemilu.org#25414,"KAMPUNG BULANG, TANJUNG PINANG TIMUR, KOTA TANJUNGPINANG, KEPULAUAN RIAU",5,162,19,181
https://kawalpemilu.org#25414,"KAMPUNG BULANG, TANJUNG PINANG TIMUR, KOTA TANJUNGPINANG, KEPULAUAN RIAU",6,175,11,186
https://kawalpemilu.org#25414,"KAMPUNG BULANG, TANJUNG PINANG TIMUR, KOTA TANJUNGPINANG, KEPULAUAN RIAU",7,172,43,215
https://kawalpemilu.org#25414,"KAMPUNG BULANG, TANJUNG PINANG TIMUR, KOTA TANJUNGPINANG, KEPULAUAN RIAU",8,144,92,236
https://kawalpemilu.org#25414,"KAMPUNG BULANG, TANJUNG PINANG TIMUR, KOTA TANJUNGPINANG, KEPULAUAN RIAU",9,92,119,211
https://kawalpemilu.org#25414,"KAMPUNG BULANG, TANJUNG PINANG TIMUR, KOTA TANJUNGPINANG, KEPULAUAN RIAU",10,126,112,238
https://kawalpemilu.org#25414,"KAMPUNG BULANG, TANJUNG PINANG TIMUR, KOTA TANJUNGPINANG, KEPULAUAN RIAU",11,174,57,231
https://kawalpemilu.org#25414,"KAMPUNG BULANG, TANJUNG PINANG TIMUR, KOTA TANJUNGPINANG, KEPULAUAN RIAU",12,139,55,194
https://kawalpemilu.org#25414,"KAMPUNG BULANG, TANJUNG PINANG TIMUR, KOTA TANJUNGPINANG, KEPULAUAN RIAU",13,142,91,233
https://kawalpemilu.org#25414,"KAMPUNG BULANG, TANJUNG PINANG TIMUR, KOTA TANJUNGPINANG, KEPULAUAN RIAU",14,136,93,229
https://kawalpemilu.org#25414,"KAMPUNG BULANG, TANJUNG PINANG TIMUR, KOTA TANJUNGPINANG, KEPULAUAN RIAU",15,102,74,176
https://kawalpemilu.org#25414,"KAMPUNG BULANG, TANJUNG PINANG TIMUR, KOTA TANJUNGPINANG, KEPULAUAN RIAU",16,120,111,231
https://kawalpemilu.org#25414,"KAMPUNG BULANG, TANJUNG PINANG TIMUR, KOTA TANJUNGPINANG, KEPULAUAN RIAU",17,130,81,211
https://kawalpemilu.org#25414,"KAMPUNG BULANG, TANJUNG PINANG TIMUR, KOTA TANJUNGPINANG, KEPULAUAN RIAU",18,159,55,214
https://kawalpemilu.org#25414,"KAMPUNG BULANG, TANJUNG PINANG TIMUR, KOTA TANJUNGPINANG, KEPULAUAN RIAU",19,130,80,210
https://kawalpemilu.org#25414,"KAMPUNG BULANG, TANJUNG PINANG TIMUR, KOTA TANJUNGPINANG, KEPULAUAN RIAU",20,105,65,170
https://kawalpemilu.org#25414,"KAMPUNG BULANG, TANJUNG PINANG TIMUR, KOTA TANJUNGPINANG, KEPULAUAN RIAU",21,138,42,1
https://kawalpemilu.org#25414,"KAMPUNG BULANG, TANJUNG PINANG TIMUR, KOTA TANJUNGPINANG, KEPULAUAN RIAU",22,118,71,189
https://kawalpemilu.org#25415,"AIR RAJA, TANJUNG PINANG TIMUR, KOTA TANJUNGPINANG, KEPULAUAN RIAU",1,56,112,168
https://kawalpemilu.org#25415,"AIR RAJA, TANJUNG PINANG TIMUR, KOTA TANJUNGPINANG, KEPULAUAN RIAU",2,111,147,258
https://kawalpemilu.org#25415,"AIR RAJA, TANJUNG PINANG TIMUR, KOTA TANJUNGPINANG, KEPULAUAN RIAU",3,69,82,151
https://kawalpemilu.org#25415,"AIR RAJA, TANJUNG PINANG TIMUR, KOTA TANJUNGPINANG, KEPULAUAN RIAU",4,95,119,214
https://kawalpemilu.org#25415,"AIR RAJA, TANJUNG PINANG TIMUR, KOTA TANJUNGPINANG, KEPULAUAN RIAU",5,81,174,255
https://kawalpemilu.org#25415,"AIR RAJA, TANJUNG PINANG TIMUR, KOTA TANJUNGPINANG, KEPULAUAN RIAU",6,76,165,241
https://kawalpemilu.org#25415,"AIR RAJA, TANJUNG PINANG TIMUR, KOTA TANJUNGPINANG, KEPULAUAN RIAU",7,94,93,187
https://kawalpemilu.org#25415,"AIR RAJA, TANJUNG PINANG TIMUR, KOTA TANJUNGPINANG, KEPULAUAN RIAU",8,103,76,179
https://kawalpemilu.org#25415,"AIR RAJA, TANJUNG PINANG TIMUR, KOTA TANJUNGPINANG, KEPULAUAN RIAU",9,89,96,185
https://kawalpemilu.org#25415,"AIR RAJA, TANJUNG PINANG TIMUR, KOTA TANJUNGPINANG, KEPULAUAN RIAU",10,75,136,211
https://kawalpemilu.org#25415,"AIR RAJA, TANJUNG PINANG TIMUR, KOTA TANJUNGPINANG, KEPULAUAN RIAU",11,115,108,223
https://kawalpemilu.org#25415,"AIR RAJA, TANJUNG PINANG TIMUR, KOTA TANJUNGPINANG, KEPULAUAN RIAU",12,91,111,202
https://kawalpemilu.org#25415,"AIR RAJA, TANJUNG PINANG TIMUR, KOTA TANJUNGPINANG, KEPULAUAN RIAU",13,91,126,217
https://kawalpemilu.org#25415,"AIR RAJA, TANJUNG PINANG TIMUR, KOTA TANJUNGPINANG, KEPULAUAN RIAU",14,111,114,225
https://kawalpemilu.org#25415,"AIR RAJA, TANJUNG PINANG TIMUR, KOTA TANJUNGPINANG, KEPULAUAN RIAU",15,118,88,206
https://kawalpemilu.org#25415,"AIR RAJA, TANJUNG PINANG TIMUR, KOTA TANJUNGPINANG, KEPULAUAN RIAU",16,154,89,243
https://kawalpemilu.org#25415,"AIR RAJA, TANJUNG PINANG TIMUR, KOTA TANJUNGPINANG, KEPULAUAN RIAU",17,79,150,229
https://kawalpemilu.org#25415,"AIR RAJA, TANJUNG PINANG TIMUR, KOTA TANJUNGPINANG, KEPULAUAN RIAU",18,85,150,235
https://kawalpemilu.org#25415,"AIR RAJA, TANJUNG PINANG TIMUR, KOTA TANJUNGPINANG, KEPULAUAN RIAU",19,107,133,240
https://kawalpemilu.org#25415,"AIR RAJA, TANJUNG PINANG TIMUR, KOTA TANJUNGPINANG, KEPULAUAN RIAU",20,134,48,2
https://kawalpemilu.org#25415,"AIR RAJA, TANJUNG PINANG TIMUR, KOTA TANJUNGPINANG, KEPULAUAN RIAU",21,113,81,194
https://kawalpemilu.org#25415,"AIR RAJA, TANJUNG PINANG TIMUR, KOTA TANJUNGPINANG, KEPULAUAN RIAU",22,106,108,214
https://kawalpemilu.org#25415,"AIR RAJA, TANJUNG PINANG TIMUR, KOTA TANJUNGPINANG, KEPULAUAN RIAU",23,112,83,195
https://kawalpemilu.org#25415,"AIR RAJA, TANJUNG PINANG TIMUR, KOTA TANJUNGPINANG, KEPULAUAN RIAU",24,70,75,145
https://kawalpemilu.org#25415,"AIR RAJA, TANJUNG PINANG TIMUR, KOTA TANJUNGPINANG, KEPULAUAN RIAU",25,98,90,188
https://kawalpemilu.org#25415,"AIR RAJA, TANJUNG PINANG TIMUR, KOTA TANJUNGPINANG, KEPULAUAN RIAU",26,84,129,213
https://kawalpemilu.org#25415,"AIR RAJA, TANJUNG PINANG TIMUR, KOTA TANJUNGPINANG, KEPULAUAN RIAU",27,84,122,206
https://kawalpemilu.org#25415,"AIR RAJA, TANJUNG PINANG TIMUR, KOTA TANJUNGPINANG, KEPULAUAN RIAU",28,86,128,214
https://kawalpemilu.org#25415,"AIR RAJA, TANJUNG PINANG TIMUR, KOTA TANJUNGPINANG, KEPULAUAN RIAU",29,58,89,147
https://kawalpemilu.org#25415,"AIR RAJA, TANJUNG PINANG TIMUR, KOTA TANJUNGPINANG, KEPULAUAN RIAU",30,43,90,133
https://kawalpemilu.org#25416,"BATU IX, TANJUNG PINANG TIMUR, KOTA TANJUNGPINANG, KEPULAUAN RIAU",1,103,140,243
https://kawalpemilu.org#25416,"BATU IX, TANJUNG PINANG TIMUR, KOTA TANJUNGPINANG, KEPULAUAN RIAU",2,127,124,251
https://kawalpemilu.org#25416,"BATU IX, TANJUNG PINANG TIMUR, KOTA TANJUNGPINANG, KEPULAUAN RIAU",3,118,139,257
https://kawalpemilu.org#25416,"BATU IX, TANJUNG PINANG TIMUR, KOTA TANJUNGPINANG, KEPULAUAN RIAU",4,90,139,229
https://kawalpemilu.org#25416,"BATU IX, TANJUNG PINANG TIMUR, KOTA TANJUNGPINANG, KEPULAUAN RIAU",5,112,107,219
https://kawalpemilu.org#25416,"BATU IX, TANJUNG PINANG TIMUR, KOTA TANJUNGPINANG, KEPULAUAN RIAU",6,89,144,233
https://kawalpemilu.org#25416,"BATU IX, TANJUNG PINANG TIMUR, KOTA TANJUNGPINANG, KEPULAUAN RIAU",7,79,113,192
https://kawalpemilu.org#25416,"BATU IX, TANJUNG PINANG TIMUR, KOTA TANJUNGPINANG, KEPULAUAN RIAU",8,94,110,204
https://kawalpemilu.org#25416,"BATU IX, TANJUNG PINANG TIMUR, KOTA TANJUNGPINANG, KEPULAUAN RIAU",9,130,110,240
https://kawalpemilu.org#25416,"BATU IX, TANJUNG PINANG TIMUR, KOTA TANJUNGPINANG, KEPULAUAN RIAU",10,131,141,272
https://kawalpemilu.org#25416,"BATU IX, TANJUNG PINANG TIMUR, KOTA TANJUNGPINANG, KEPULAUAN RIAU",11,145,119,264
https://kawalpemilu.org#25416,"BATU IX, TANJUNG PINANG TIMUR, KOTA TANJUNGPINANG, KEPULAUAN RIAU",12,134,99,233
https://kawalpemilu.org#25416,"BATU IX, TANJUNG PINANG TIMUR, KOTA TANJUNGPINANG, KEPULAUAN RIAU",13,163,126,189
https://kawalpemilu.org#25416,"BATU IX, TANJUNG PINANG TIMUR, KOTA TANJUNGPINANG, KEPULAUAN RIAU",14,104,135,239
https://kawalpemilu.org#25416,"BATU IX, TANJUNG PINANG TIMUR, KOTA TANJUNGPINANG, KEPULAUAN RIAU",15,130,115,245
https://kawalpemilu.org#25416,"BATU IX, TANJUNG PINANG TIMUR, KOTA TANJUNGPINANG, KEPULAUAN RIAU",16,80,139,219
https://kawalpemilu.org#25416,"BATU IX, TANJUNG PINANG TIMUR, KOTA TANJUNGPINANG, KEPULAUAN RIAU",17,107,147,254
https://kawalpemilu.org#25416,"BATU IX, TANJUNG PINANG TIMUR, KOTA TANJUNGPINANG, KEPULAUAN RIAU",18,126,121,247
https://kawalpemilu.org#25416,"BATU IX, TANJUNG PINANG TIMUR, KOTA TANJUNGPINANG, KEPULAUAN RIAU",19,136,146,282
https://kawalpemilu.org#25416,"BATU IX, TANJUNG PINANG TIMUR, KOTA TANJUNGPINANG, KEPULAUAN RIAU",20,83,200,283
https://kawalpemilu.org#25416,"BATU IX, TANJUNG PINANG TIMUR, KOTA TANJUNGPINANG, KEPULAUAN RIAU",21,78,173,251
https://kawalpemilu.org#25416,"BATU IX, TANJUNG PINANG TIMUR, KOTA TANJUNGPINANG, KEPULAUAN RIAU",22,93,138,232
https://kawalpemilu.org#25416,"BATU IX, TANJUNG PINANG TIMUR, KOTA TANJUNGPINANG, KEPULAUAN RIAU",23,60,173,233
https://kawalpemilu.org#25416,"BATU IX, TANJUNG PINANG TIMUR, KOTA TANJUNGPINANG, KEPULAUAN RIAU",24,129,74,203
https://kawalpemilu.org#25416,"BATU IX, TANJUNG PINANG TIMUR, KOTA TANJUNGPINANG, KEPULAUAN RIAU",25,122,104,226
https://kawalpemilu.org#25416,"BATU IX, TANJUNG PINANG TIMUR, KOTA TANJUNGPINANG, KEPULAUAN RIAU",26,125,82,207
https://kawalpemilu.org#25416,"BATU IX, TANJUNG PINANG TIMUR, KOTA TANJUNGPINANG, KEPULAUAN RIAU",27,72,106,178
https://kawalpemilu.org#25416,"BATU IX, TANJUNG PINANG TIMUR, KOTA TANJUNGPINANG, KEPULAUAN RIAU",28,87,108,195
https://kawalpemilu.org#25416,"BATU IX, TANJUNG PINANG TIMUR, KOTA TANJUNGPINANG, KEPULAUAN RIAU",29,109,138,247
https://kawalpemilu.org#25416,"BATU IX, TANJUNG PINANG TIMUR, KOTA TANJUNGPINANG, KEPULAUAN RIAU",30,134,137,271
https://kawalpemilu.org#25416,"BATU IX, TANJUNG PINANG TIMUR, KOTA TANJUNGPINANG, KEPULAUAN RIAU",31,159,114,273
https://kawalpemilu.org#25416,"BATU IX, TANJUNG PINANG TIMUR, KOTA TANJUNGPINANG, KEPULAUAN RIAU",32,90,130,220
https://kawalpemilu.org#25416,"BATU IX, TANJUNG PINANG TIMUR, KOTA TANJUNGPINANG, KEPULAUAN RIAU",33,104,97,201
https://kawalpemilu.org#25416,"BATU IX, TANJUNG PINANG TIMUR, KOTA TANJUNGPINANG, KEPULAUAN RIAU",34,102,221,323
https://kawalpemilu.org#25416,"BATU IX, TANJUNG PINANG TIMUR, KOTA TANJUNGPINANG, KEPULAUAN RIAU",35,109,95,204
https://kawalpemilu.org#25416,"BATU IX, TANJUNG PINANG TIMUR, KOTA TANJUNGPINANG, KEPULAUAN RIAU",36,121,154,275
https://kawalpemilu.org#25416,"BATU IX, TANJUNG PINANG TIMUR, KOTA TANJUNGPINANG, KEPULAUAN RIAU",37,93,100,193
https://kawalpemilu.org#25416,"BATU IX, TANJUNG PINANG TIMUR, KOTA TANJUNGPINANG, KEPULAUAN RIAU",38,106,167,273
https://kawalpemilu.org#25416,"BATU IX, TANJUNG PINANG TIMUR, KOTA TANJUNGPINANG, KEPULAUAN RIAU",39,150,127,277
https://kawalpemilu.org#25416,"BATU IX, TANJUNG PINANG TIMUR, KOTA TANJUNGPINANG, KEPULAUAN RIAU",40,148,107,255
https://kawalpemilu.org#25416,"BATU IX, TANJUNG PINANG TIMUR, KOTA TANJUNGPINANG, KEPULAUAN RIAU",41,117,90,207
https://kawalpemilu.org#25416,"BATU IX, TANJUNG PINANG TIMUR, KOTA TANJUNGPINANG, KEPULAUAN RIAU",42,115,132,247
https://kawalpemilu.org#25416,"BATU IX, TANJUNG PINANG TIMUR, KOTA TANJUNGPINANG, KEPULAUAN RIAU",43,87,176,263
https://kawalpemilu.org#25416,"BATU IX, TANJUNG PINANG TIMUR, KOTA TANJUNGPINANG, KEPULAUAN RIAU",44,94,98,192
https://kawalpemilu.org#25416,"BATU IX, TANJUNG PINANG TIMUR, KOTA TANJUNGPINANG, KEPULAUAN RIAU",45,84,139,223
https://kawalpemilu.org#25416,"BATU IX, TANJUNG PINANG TIMUR, KOTA TANJUNGPINANG, KEPULAUAN RIAU",46,138,105,243
https://kawalpemilu.org#25416,"BATU IX, TANJUNG PINANG TIMUR, KOTA TANJUNGPINANG, KEPULAUAN RIAU",47,112,114,226
https://kawalpemilu.org#25416,"BATU IX, TANJUNG PINANG TIMUR, KOTA TANJUNGPINANG, KEPULAUAN RIAU",48,99,99,198
https://kawalpemilu.org#25416,"BATU IX, TANJUNG PINANG TIMUR, KOTA TANJUNGPINANG, KEPULAUAN RIAU",49,105,99,204
https://kawalpemilu.org#25416,"BATU IX, TANJUNG PINANG TIMUR, KOTA TANJUNGPINANG, KEPULAUAN RIAU",50,92,179,271
https://kawalpemilu.org#25416,"BATU IX, TANJUNG PINANG TIMUR, KOTA TANJUNGPINANG, KEPULAUAN RIAU",51,161,102,262
https://kawalpemilu.org#25416,"BATU IX, TANJUNG PINANG TIMUR, KOTA TANJUNGPINANG, KEPULAUAN RIAU",52,101,134,235
https://kawalpemilu.org#25416,"BATU IX, TANJUNG PINANG TIMUR, KOTA TANJUNGPINANG, KEPULAUAN RIAU",53,133,95,228
https://kawalpemilu.org#25416,"BATU IX, TANJUNG PINANG TIMUR, KOTA TANJUNGPINANG, KEPULAUAN RIAU",54,81,120,201
https://kawalpemilu.org#25416,"BATU IX, TANJUNG PINANG TIMUR, KOTA TANJUNGPINANG, KEPULAUAN RIAU",55,94,147,241
https://kawalpemilu.org#25416,"BATU IX, TANJUNG PINANG TIMUR, KOTA TANJUNGPINANG, KEPULAUAN RIAU",56,84,88,172
https://kawalpemilu.org#25416,"BATU IX, TANJUNG PINANG TIMUR, KOTA TANJUNGPINANG, KEPULAUAN RIAU",57,119,113,232
https://kawalpemilu.org#25416,"BATU IX, TANJUNG PINANG TIMUR, KOTA TANJUNGPINANG, KEPULAUAN RIAU",58,102,147,249
https://kawalpemilu.org#25416,"BATU IX, TANJUNG PINANG TIMUR, KOTA TANJUNGPINANG, KEPULAUAN RIAU",59,121,151,272
https://kawalpemilu.org#25416,"BATU IX, TANJUNG PINANG TIMUR, KOTA TANJUNGPINANG, KEPULAUAN RIAU",60,40,82,122
https://kawalpemilu.org#25417,"PINANG KENCANA, TANJUNG PINANG TIMUR, KOTA TANJUNGPINANG, KEPULAUAN RIAU",1,56,89,145
https://kawalpemilu.org#25417,"PINANG KENCANA, TANJUNG PINANG TIMUR, KOTA TANJUNGPINANG, KEPULAUAN RIAU",2,63,85,148
https://kawalpemilu.org#25417,"PINANG KENCANA, TANJUNG PINANG TIMUR, KOTA TANJUNGPINANG, KEPULAUAN RIAU",3,82,147,229
https://kawalpemilu.org#25417,"PINANG KENCANA, TANJUNG PINANG TIMUR, KOTA TANJUNGPINANG, KEPULAUAN RIAU",4,103,162,265
https://kawalpemilu.org#25417,"PINANG KENCANA, TANJUNG PINANG TIMUR, KOTA TANJUNGPINANG, KEPULAUAN RIAU",5,66,104,170
https://kawalpemilu.org#25417,"PINANG KENCANA, TANJUNG PINANG TIMUR, KOTA TANJUNGPINANG, KEPULAUAN RIAU",6,74,138,212
https://kawalpemilu.org#25417,"PINANG KENCANA, TANJUNG PINANG TIMUR, KOTA TANJUNGPINANG, KEPULAUAN RIAU",7,83,102,185
https://kawalpemilu.org#25417,"PINANG KENCANA, TANJUNG PINANG TIMUR, KOTA TANJUNGPINANG, KEPULAUAN RIAU",8,92,98,190
https://kawalpemilu.org#25417,"PINANG KENCANA, TANJUNG PINANG TIMUR, KOTA TANJUNGPINANG, KEPULAUAN RIAU",9,156,66,222
https://kawalpemilu.org#25417,"PINANG KENCANA, TANJUNG PINANG TIMUR, KOTA TANJUNGPINANG, KEPULAUAN RIAU",10,88,66,154
https://kawalpemilu.org#25417,"PINANG KENCANA, TANJUNG PINANG TIMUR, KOTA TANJUNGPINANG, KEPULAUAN RIAU",11,95,97,192
https://kawalpemilu.org#25417,"PINANG KENCANA, TANJUNG PINANG TIMUR, KOTA TANJUNGPINANG, KEPULAUAN RIAU",12,118,106,224
https://kawalpemilu.org#25417,"PINANG KENCANA, TANJUNG PINANG TIMUR, KOTA TANJUNGPINANG, KEPULAUAN RIAU",13,107,99,206
https://kawalpemilu.org#25417,"PINANG KENCANA, TANJUNG PINANG TIMUR, KOTA TANJUNGPINANG, KEPULAUAN RIAU",14,146,88,234
https://kawalpemilu.org#25417,"PINANG KENCANA, TANJUNG PINANG TIMUR, KOTA TANJUNGPINANG, KEPULAUAN RIAU",15,155,86,241
https://kawalpemilu.org#25417,"PINANG KENCANA, TANJUNG PINANG TIMUR, KOTA TANJUNGPINANG, KEPULAUAN RIAU",16,104,171,275
https://kawalpemilu.org#25417,"PINANG KENCANA, TANJUNG PINANG TIMUR, KOTA TANJUNGPINANG, KEPULAUAN RIAU",17,65,134,199
https://kawalpemilu.org#25417,"PINANG KENCANA, TANJUNG PINANG TIMUR, KOTA TANJUNGPINANG, KEPULAUAN RIAU",18,154,138,292
https://kawalpemilu.org#25417,"PINANG KENCANA, TANJUNG PINANG TIMUR, KOTA TANJUNGPINANG, KEPULAUAN RIAU",19,157,130,287
https://kawalpemilu.org#25417,"PINANG KENCANA, TANJUNG PINANG TIMUR, KOTA TANJUNGPINANG, KEPULAUAN RIAU",20,109,138,247
https://kawalpemilu.org#25417,"PINANG KENCANA, TANJUNG PINANG TIMUR, KOTA TANJUNGPINANG, KEPULAUAN RIAU",21,117,158,275
https://kawalpemilu.org#25417,"PINANG KENCANA, TANJUNG PINANG TIMUR, KOTA TANJUNGPINANG, KEPULAUAN RIAU",22,100,126,226
https://kawalpemilu.org#25417,"PINANG KENCANA, TANJUNG PINANG TIMUR, KOTA TANJUNGPINANG, KEPULAUAN RIAU",23,93,128,221
https://kawalpemilu.org#25417,"PINANG KENCANA, TANJUNG PINANG TIMUR, KOTA TANJUNGPINANG, KEPULAUAN RIAU",24,57,84,141
https://kawalpemilu.org#25417,"PINANG KENCANA, TANJUNG PINANG TIMUR, KOTA TANJUNGPINANG, KEPULAUAN RIAU",25,73,133,206
https://kawalpemilu.org#25417,"PINANG KENCANA, TANJUNG PINANG TIMUR, KOTA TANJUNGPINANG, KEPULAUAN RIAU",26,46,157,203
https://kawalpemilu.org#25417,"PINANG KENCANA, TANJUNG PINANG TIMUR, KOTA TANJUNGPINANG, KEPULAUAN RIAU",27,126,84,210
https://kawalpemilu.org#25417,"PINANG KENCANA, TANJUNG PINANG TIMUR, KOTA TANJUNGPINANG, KEPULAUAN RIAU",28,97,131,228
https://kawalpemilu.org#25417,"PINANG KENCANA, TANJUNG PINANG TIMUR, KOTA TANJUNGPINANG, KEPULAUAN RIAU",29,113,138,251
https://kawalpemilu.org#25417,"PINANG KENCANA, TANJUNG PINANG TIMUR, KOTA TANJUNGPINANG, KEPULAUAN RIAU",30,95,147,242
https://kawalpemilu.org#25417,"PINANG KENCANA, TANJUNG PINANG TIMUR, KOTA TANJUNGPINANG, KEPULAUAN RIAU",31,87,90,177
https://kawalpemilu.org#25417,"PINANG KENCANA, TANJUNG PINANG TIMUR, KOTA TANJUNGPINANG, KEPULAUAN RIAU",32,119,149,268
https://kawalpemilu.org#25417,"PINANG KENCANA, TANJUNG PINANG TIMUR, KOTA TANJUNGPINANG, KEPULAUAN RIAU",34,90,84,174
https://kawalpemilu.org#25417,"PINANG KENCANA, TANJUNG PINANG TIMUR, KOTA TANJUNGPINANG, KEPULAUAN RIAU",35,103,128,231
https://kawalpemilu.org#25417,"PINANG KENCANA, TANJUNG PINANG TIMUR, KOTA TANJUNGPINANG, KEPULAUAN RIAU",36,72,126,198
https://kawalpemilu.org#25417,"PINANG KENCANA, TANJUNG PINANG TIMUR, KOTA TANJUNGPINANG, KEPULAUAN RIAU",37,94,139,233
https://kawalpemilu.org#25417,"PINANG KENCANA, TANJUNG PINANG TIMUR, KOTA TANJUNGPINANG, KEPULAUAN RIAU",38,107,140,247
https://kawalpemilu.org#25417,"PINANG KENCANA, TANJUNG PINANG TIMUR, KOTA TANJUNGPINANG, KEPULAUAN RIAU",39,85,126,211
https://kawalpemilu.org#25417,"PINANG KENCANA, TANJUNG PINANG TIMUR, KOTA TANJUNGPINANG, KEPULAUAN RIAU",40,78,117,195
https://kawalpemilu.org#25417,"PINANG KENCANA, TANJUNG PINANG TIMUR, KOTA TANJUNGPINANG, KEPULAUAN RIAU",41,105,132,237
https://kawalpemilu.org#25417,"PINANG KENCANA, TANJUNG PINANG TIMUR, KOTA TANJUNGPINANG, KEPULAUAN RIAU",42,118,134,252
https://kawalpemilu.org#25417,"PINANG KENCANA, TANJUNG PINANG TIMUR, KOTA TANJUNGPINANG, KEPULAUAN RIAU",43,102,131,233
https://kawalpemilu.org#25417,"PINANG KENCANA, TANJUNG PINANG TIMUR, KOTA TANJUNGPINANG, KEPULAUAN RIAU",44,125,121,246
https://kawalpemilu.org#25417,"PINANG KENCANA, TANJUNG PINANG TIMUR, KOTA TANJUNGPINANG, KEPULAUAN RIAU",45,143,79,222
https://kawalpemilu.org#25417,"PINANG KENCANA, TANJUNG PINANG TIMUR, KOTA TANJUNGPINANG, KEPULAUAN RIAU",46,127,78,205
https://kawalpemilu.org#25417,"PINANG KENCANA, TANJUNG PINANG TIMUR, KOTA TANJUNGPINANG, KEPULAUAN RIAU",47,89,79,168
https://kawalpemilu.org#25417,"PINANG KENCANA, TANJUNG PINANG TIMUR, KOTA TANJUNGPINANG, KEPULAUAN RIAU",48,69,79,148
https://kawalpemilu.org#25417,"PINANG KENCANA, TANJUNG PINANG TIMUR, KOTA TANJUNGPINANG, KEPULAUAN RIAU",49,93,115,208
https://kawalpemilu.org#25417,"PINANG KENCANA, TANJUNG PINANG TIMUR, KOTA TANJUNGPINANG, KEPULAUAN RIAU",50,94,126,220
https://kawalpemilu.org#25417,"PINANG KENCANA, TANJUNG PINANG TIMUR, KOTA TANJUNGPINANG, KEPULAUAN RIAU",51,69,106,175
https://kawalpemilu.org#25417,"PINANG KENCANA, TANJUNG PINANG TIMUR, KOTA TANJUNGPINANG, KEPULAUAN RIAU",52,104,155,259
https://kawalpemilu.org#25417,"PINANG KENCANA, TANJUNG PINANG TIMUR, KOTA TANJUNGPINANG, KEPULAUAN RIAU",53,74,99,173
https://kawalpemilu.org#25417,"PINANG KENCANA, TANJUNG PINANG TIMUR, KOTA TANJUNGPINANG, KEPULAUAN RIAU",54,72,101,173
https://kawalpemilu.org#25417,"PINANG KENCANA, TANJUNG PINANG TIMUR, KOTA TANJUNGPINANG, KEPULAUAN RIAU",55,67,99,166
https://kawalpemilu.org#25417,"PINANG KENCANA, TANJUNG PINANG TIMUR, KOTA TANJUNGPINANG, KEPULAUAN RIAU",56,64,110,174
https://kawalpemilu.org#25417,"PINANG KENCANA, TANJUNG PINANG TIMUR, KOTA TANJUNGPINANG, KEPULAUAN RIAU",57,53,108,161
https://kawalpemilu.org#25417,"PINANG KENCANA, TANJUNG PINANG TIMUR, KOTA TANJUNGPINANG, KEPULAUAN RIAU",58,54,114,168
https://kawalpemilu.org#25417,"PINANG KENCANA, TANJUNG PINANG TIMUR, KOTA TANJUNGPINANG, KEPULAUAN RIAU",59,145,105,250
https://kawalpemilu.org#25417,"PINANG KENCANA, TANJUNG PINANG TIMUR, KOTA TANJUNGPINANG, KEPULAUAN RIAU",60,108,102,210
https://kawalpemilu.org#25417,"PINANG KENCANA, TANJUNG PINANG TIMUR, KOTA TANJUNGPINANG, KEPULAUAN RIAU",61,122,49,171
https://kawalpemilu.org#25417,"PINANG KENCANA, TANJUNG PINANG TIMUR, KOTA TANJUNGPINANG, KEPULAUAN RIAU",62,110,70,180
https://kawalpemilu.org#25417,"PINANG KENCANA, TANJUNG PINANG TIMUR, KOTA TANJUNGPINANG, KEPULAUAN RIAU",63,169,83,252
https://kawalpemilu.org#25417,"PINANG KENCANA, TANJUNG PINANG TIMUR, KOTA TANJUNGPINANG, KEPULAUAN RIAU",64,134,140,274
https://kawalpemilu.org#25417,"PINANG KENCANA, TANJUNG PINANG TIMUR, KOTA TANJUNGPINANG, KEPULAUAN RIAU",65,118,139,257
https://kawalpemilu.org#25417,"PINANG KENCANA, TANJUNG PINANG TIMUR, KOTA TANJUNGPINANG, KEPULAUAN RIAU",66,79,116,195
https://kawalpemilu.org#25417,"PINANG KENCANA, TANJUNG PINANG TIMUR, KOTA TANJUNGPINANG, KEPULAUAN RIAU",67,125,149,274
https://kawalpemilu.org#25417,"PINANG KENCANA, TANJUNG PINANG TIMUR, KOTA TANJUNGPINANG, KEPULAUAN RIAU",68,87,176,263
https://kawalpemilu.org#25417,"PINANG KENCANA, TANJUNG PINANG TIMUR, KOTA TANJUNGPINANG, KEPULAUAN RIAU",69,121,132,253
https://kawalpemilu.org#25419,"TANJUNG PINANG KOTA, TANJUNG PINANG KOTA, KOTA TANJUNGPINANG, KEPULAUAN RIAU",1,79,90,169
https://kawalpemilu.org#25419,"TANJUNG PINANG KOTA, TANJUNG PINANG KOTA, KOTA TANJUNGPINANG, KEPULAUAN RIAU",2,131,12,143
https://kawalpemilu.org#25419,"TANJUNG PINANG KOTA, TANJUNG PINANG KOTA, KOTA TANJUNGPINANG, KEPULAUAN RIAU",3,154,19,173
https://kawalpemilu.org#25419,"TANJUNG PINANG KOTA, TANJUNG PINANG KOTA, KOTA TANJUNGPINANG, KEPULAUAN RIAU",4,169,6,175
https://kawalpemilu.org#25419,"TANJUNG PINANG KOTA, TANJUNG PINANG KOTA, KOTA TANJUNGPINANG, KEPULAUAN RIAU",5,169,16,185
https://kawalpemilu.org#25419,"TANJUNG PINANG KOTA, TANJUNG PINANG KOTA, KOTA TANJUNGPINANG, KEPULAUAN RIAU",6,126,15,141
https://kawalpemilu.org#25419,"TANJUNG PINANG KOTA, TANJUNG PINANG KOTA, KOTA TANJUNGPINANG, KEPULAUAN RIAU",7,146,6,152
https://kawalpemilu.org#25419,"TANJUNG PINANG KOTA, TANJUNG PINANG KOTA, KOTA TANJUNGPINANG, KEPULAUAN RIAU",8,192,10,202
https://kawalpemilu.org#25419,"TANJUNG PINANG KOTA, TANJUNG PINANG KOTA, KOTA TANJUNGPINANG, KEPULAUAN RIAU",9,162,10,172
https://kawalpemilu.org#25419,"TANJUNG PINANG KOTA, TANJUNG PINANG KOTA, KOTA TANJUNGPINANG, KEPULAUAN RIAU",10,162,8,170
https://kawalpemilu.org#25419,"TANJUNG PINANG KOTA, TANJUNG PINANG KOTA, KOTA TANJUNGPINANG, KEPULAUAN RIAU",11,146,4,150
https://kawalpemilu.org#25419,"TANJUNG PINANG KOTA, TANJUNG PINANG KOTA, KOTA TANJUNGPINANG, KEPULAUAN RIAU",12,133,12,145
https://kawalpemilu.org#25419,"TANJUNG PINANG KOTA, TANJUNG PINANG KOTA, KOTA TANJUNGPINANG, KEPULAUAN RIAU",13,168,15,183
https://kawalpemilu.org#25419,"TANJUNG PINANG KOTA, TANJUNG PINANG KOTA, KOTA TANJUNGPINANG, KEPULAUAN RIAU",14,205,5,210
https://kawalpemilu.org#25419,"TANJUNG PINANG KOTA, TANJUNG PINANG KOTA, KOTA TANJUNGPINANG, KEPULAUAN RIAU",15,180,23,203
https://kawalpemilu.org#25419,"TANJUNG PINANG KOTA, TANJUNG PINANG KOTA, KOTA TANJUNGPINANG, KEPULAUAN RIAU",16,113,29,142
https://kawalpemilu.org#25419,"TANJUNG PINANG KOTA, TANJUNG PINANG KOTA, KOTA TANJUNGPINANG, KEPULAUAN RIAU",17,137,10,147
https://kawalpemilu.org#25419,"TANJUNG PINANG KOTA, TANJUNG PINANG KOTA, KOTA TANJUNGPINANG, KEPULAUAN RIAU",18,97,16,113
https://kawalpemilu.org#25420,"KAMPUNG BUGIS, TANJUNG PINANG KOTA, KOTA TANJUNGPINANG, KEPULAUAN RIAU",1,144,79,223
https://kawalpemilu.org#25420,"KAMPUNG BUGIS, TANJUNG PINANG KOTA, KOTA TANJUNGPINANG, KEPULAUAN RIAU",2,88,144,232
https://kawalpemilu.org#25420,"KAMPUNG BUGIS, TANJUNG PINANG KOTA, KOTA TANJUNGPINANG, KEPULAUAN RIAU",3,109,111,220
https://kawalpemilu.org#25420,"KAMPUNG BUGIS, TANJUNG PINANG KOTA, KOTA TANJUNGPINANG, KEPULAUAN RIAU",4,97,114,211
https://kawalpemilu.org#25420,"KAMPUNG BUGIS, TANJUNG PINANG KOTA, KOTA TANJUNGPINANG, KEPULAUAN RIAU",5,104,100,204
https://kawalpemilu.org#25420,"KAMPUNG BUGIS, TANJUNG PINANG KOTA, KOTA TANJUNGPINANG, KEPULAUAN RIAU",6,110,103,213
https://kawalpemilu.org#25420,"KAMPUNG BUGIS, TANJUNG PINANG KOTA, KOTA TANJUNGPINANG, KEPULAUAN RIAU",7,83,127,210
https://kawalpemilu.org#25420,"KAMPUNG BUGIS, TANJUNG PINANG KOTA, KOTA TANJUNGPINANG, KEPULAUAN RIAU",8,127,97,224
https://kawalpemilu.org#25420,"KAMPUNG BUGIS, TANJUNG PINANG KOTA, KOTA TANJUNGPINANG, KEPULAUAN RIAU",9,127,101,228
https://kawalpemilu.org#25420,"KAMPUNG BUGIS, TANJUNG PINANG KOTA, KOTA TANJUNGPINANG, KEPULAUAN RIAU",10,93,91,184
https://kawalpemilu.org#25420,"KAMPUNG BUGIS, TANJUNG PINANG KOTA, KOTA TANJUNGPINANG, KEPULAUAN RIAU",11,131,76,207
https://kawalpemilu.org#25420,"KAMPUNG BUGIS, TANJUNG PINANG KOTA, KOTA TANJUNGPINANG, KEPULAUAN RIAU",12,135,77,212
https://kawalpemilu.org#25420,"KAMPUNG BUGIS, TANJUNG PINANG KOTA, KOTA TANJUNGPINANG, KEPULAUAN RIAU",13,125,88,213
https://kawalpemilu.org#25420,"KAMPUNG BUGIS, TANJUNG PINANG KOTA, KOTA TANJUNGPINANG, KEPULAUAN RIAU",14,112,87,199
https://kawalpemilu.org#25420,"KAMPUNG BUGIS, TANJUNG PINANG KOTA, KOTA TANJUNGPINANG, KEPULAUAN RIAU",15,174,77,251
https://kawalpemilu.org#25420,"KAMPUNG BUGIS, TANJUNG PINANG KOTA, KOTA TANJUNGPINANG, KEPULAUAN RIAU",16,170,74,244
https://kawalpemilu.org#25420,"KAMPUNG BUGIS, TANJUNG PINANG KOTA, KOTA TANJUNGPINANG, KEPULAUAN RIAU",17,130,73,203
https://kawalpemilu.org#25420,"KAMPUNG BUGIS, TANJUNG PINANG KOTA, KOTA TANJUNGPINANG, KEPULAUAN RIAU",18,153,80,233
https://kawalpemilu.org#25420,"KAMPUNG BUGIS, TANJUNG PINANG KOTA, KOTA TANJUNGPINANG, KEPULAUAN RIAU",19,103,60,163
https://kawalpemilu.org#25420,"KAMPUNG BUGIS, TANJUNG PINANG KOTA, KOTA TANJUNGPINANG, KEPULAUAN RIAU",20,153,70,223
https://kawalpemilu.org#25420,"KAMPUNG BUGIS, TANJUNG PINANG KOTA, KOTA TANJUNGPINANG, KEPULAUAN RIAU",21,146,87,233
https://kawalpemilu.org#25420,"KAMPUNG BUGIS, TANJUNG PINANG KOTA, KOTA TANJUNGPINANG, KEPULAUAN RIAU",22,114,36,150
https://kawalpemilu.org#25421,"SENGGARANG, TANJUNG PINANG KOTA, KOTA TANJUNGPINANG, KEPULAUAN RIAU",1,161,1,162
https://kawalpemilu.org#25421,"SENGGARANG, TANJUNG PINANG KOTA, KOTA TANJUNGPINANG, KEPULAUAN RIAU",2,108,6,114
https://kawalpemilu.org#25421,"SENGGARANG, TANJUNG PINANG KOTA, KOTA TANJUNGPINANG, KEPULAUAN RIAU",3,154,6,160
https://kawalpemilu.org#25421,"SENGGARANG, TANJUNG PINANG KOTA, KOTA TANJUNGPINANG, KEPULAUAN RIAU",4,179,4,183
https://kawalpemilu.org#25421,"SENGGARANG, TANJUNG PINANG KOTA, KOTA TANJUNGPINANG, KEPULAUAN RIAU",5,84,109,193
https://kawalpemilu.org#25421,"SENGGARANG, TANJUNG PINANG KOTA, KOTA TANJUNGPINANG, KEPULAUAN RIAU",6,105,127,232
https://kawalpemilu.org#25421,"SENGGARANG, TANJUNG PINANG KOTA, KOTA TANJUNGPINANG, KEPULAUAN RIAU",7,146,84,230
https://kawalpemilu.org#25421,"SENGGARANG, TANJUNG PINANG KOTA, KOTA TANJUNGPINANG, KEPULAUAN RIAU",8,115,126,243
https://kawalpemilu.org#25421,"SENGGARANG, TANJUNG PINANG KOTA, KOTA TANJUNGPINANG, KEPULAUAN RIAU",9,108,80,188
https://kawalpemilu.org#25421,"SENGGARANG, TANJUNG PINANG KOTA, KOTA TANJUNGPINANG, KEPULAUAN RIAU",10,146,78,224
https://kawalpemilu.org#25421,"SENGGARANG, TANJUNG PINANG KOTA, KOTA TANJUNGPINANG, KEPULAUAN RIAU",11,122,111,233
https://kawalpemilu.org#25422,"PENYENGAT, TANJUNG PINANG KOTA, KOTA TANJUNGPINANG, KEPULAUAN RIAU",1,87,137,224
https://kawalpemilu.org#25422,"PENYENGAT, TANJUNG PINANG KOTA, KOTA TANJUNGPINANG, KEPULAUAN RIAU",2,90,126,216
https://kawalpemilu.org#25422,"PENYENGAT, TANJUNG PINANG KOTA, KOTA TANJUNGPINANG, KEPULAUAN RIAU",3,73,139,212
https://kawalpemilu.org#25422,"PENYENGAT, TANJUNG PINANG KOTA, KOTA TANJUNGPINANG, KEPULAUAN RIAU",4,83,122,205
https://kawalpemilu.org#25422,"PENYENGAT, TANJUNG PINANG KOTA, KOTA TANJUNGPINANG, KEPULAUAN RIAU",5,57,141,198
https://kawalpemilu.org#25422,"PENYENGAT, TANJUNG PINANG KOTA, KOTA TANJUNGPINANG, KEPULAUAN RIAU",6,58,159,217
https://kawalpemilu.org#25422,"PENYENGAT, TANJUNG PINANG KOTA, KOTA TANJUNGPINANG, KEPULAUAN RIAU",7,96,107,203
https://kawalpemilu.org#25424,"TANJUNG PINANG TIMUR, BUKIT BESTARI, KOTA TANJUNGPINANG, KEPULAUAN RIAU",1,129,117,246
https://kawalpemilu.org#25424,"TANJUNG PINANG TIMUR, BUKIT BESTARI, KOTA TANJUNGPINANG, KEPULAUAN RIAU",2,127,95,222
https://kawalpemilu.org#25424,"TANJUNG PINANG TIMUR, BUKIT BESTARI, KOTA TANJUNGPINANG, KEPULAUAN RIAU",3,105,91,196
https://kawalpemilu.org#25424,"TANJUNG PINANG TIMUR, BUKIT BESTARI, KOTA TANJUNGPINANG, KEPULAUAN RIAU",4,80,95,175
https://kawalpemilu.org#25424,"TANJUNG PINANG TIMUR, BUKIT BESTARI, KOTA TANJUNGPINANG, KEPULAUAN RIAU",5,100,118,218
https://kawalpemilu.org#25424,"TANJUNG PINANG TIMUR, BUKIT BESTARI, KOTA TANJUNGPINANG, KEPULAUAN RIAU",6,92,51,143
https://kawalpemilu.org#25424,"TANJUNG PINANG TIMUR, BUKIT BESTARI, KOTA TANJUNGPINANG, KEPULAUAN RIAU",7,109,155,264
https://kawalpemilu.org#25424,"TANJUNG PINANG TIMUR, BUKIT BESTARI, KOTA TANJUNGPINANG, KEPULAUAN RIAU",8,87,110,197
https://kawalpemilu.org#25424,"TANJUNG PINANG TIMUR, BUKIT BESTARI, KOTA TANJUNGPINANG, KEPULAUAN RIAU",9,79,107,186
https://kawalpemilu.org#25424,"TANJUNG PINANG TIMUR, BUKIT BESTARI, KOTA TANJUNGPINANG, KEPULAUAN RIAU",10,133,88,221
https://kawalpemilu.org#25424,"TANJUNG PINANG TIMUR, BUKIT BESTARI, KOTA TANJUNGPINANG, KEPULAUAN RIAU",11,135,79,214
https://kawalpemilu.org#25424,"TANJUNG PINANG TIMUR, BUKIT BESTARI, KOTA TANJUNGPINANG, KEPULAUAN RIAU",12,95,136,231
https://kawalpemilu.org#25424,"TANJUNG PINANG TIMUR, BUKIT BESTARI, KOTA TANJUNGPINANG, KEPULAUAN RIAU",13,78,94,172
https://kawalpemilu.org#25424,"TANJUNG PINANG TIMUR, BUKIT BESTARI, KOTA TANJUNGPINANG, KEPULAUAN RIAU",14,120,138,258
https://kawalpemilu.org#25424,"TANJUNG PINANG TIMUR, BUKIT BESTARI, KOTA TANJUNGPINANG, KEPULAUAN RIAU",15,120,117,237
https://kawalpemilu.org#25424,"TANJUNG PINANG TIMUR, BUKIT BESTARI, KOTA TANJUNGPINANG, KEPULAUAN RIAU",16,155,99,254
https://kawalpemilu.org#25424,"TANJUNG PINANG TIMUR, BUKIT BESTARI, KOTA TANJUNGPINANG, KEPULAUAN RIAU",17,124,129,253
https://kawalpemilu.org#25424,"TANJUNG PINANG TIMUR, BUKIT BESTARI, KOTA TANJUNGPINANG, KEPULAUAN RIAU",18,115,40,155
https://kawalpemilu.org#25424,"TANJUNG PINANG TIMUR, BUKIT BESTARI, KOTA TANJUNGPINANG, KEPULAUAN RIAU",19,181,24,205
https://kawalpemilu.org#25424,"TANJUNG PINANG TIMUR, BUKIT BESTARI, KOTA TANJUNGPINANG, KEPULAUAN RIAU",20,130,80,210
https://kawalpemilu.org#25424,"TANJUNG PINANG TIMUR, BUKIT BESTARI, KOTA TANJUNGPINANG, KEPULAUAN RIAU",21,125,94,219
https://kawalpemilu.org#25424,"TANJUNG PINANG TIMUR, BUKIT BESTARI, KOTA TANJUNGPINANG, KEPULAUAN RIAU",22,127,91,218
https://kawalpemilu.org#25424,"TANJUNG PINANG TIMUR, BUKIT BESTARI, KOTA TANJUNGPINANG, KEPULAUAN RIAU",23,209,24,233
https://kawalpemilu.org#25424,"TANJUNG PINANG TIMUR, BUKIT BESTARI, KOTA TANJUNGPINANG, KEPULAUAN RIAU",24,99,119,218
https://kawalpemilu.org#25424,"TANJUNG PINANG TIMUR, BUKIT BESTARI, KOTA TANJUNGPINANG, KEPULAUAN RIAU",25,113,94,207
https://kawalpemilu.org#25425,"DOMPAK, BUKIT BESTARI, KOTA TANJUNGPINANG, KEPULAUAN RIAU",1,81,71,152
https://kawalpemilu.org#25425,"DOMPAK, BUKIT BESTARI, KOTA TANJUNGPINANG, KEPULAUAN RIAU",2,124,113,237
https://kawalpemilu.org#25425,"DOMPAK, BUKIT BESTARI, KOTA TANJUNGPINANG, KEPULAUAN RIAU",3,88,51,139
https://kawalpemilu.org#25425,"DOMPAK, BUKIT BESTARI, KOTA TANJUNGPINANG, KEPULAUAN RIAU",4,102,91,193
https://kawalpemilu.org#25425,"DOMPAK, BUKIT BESTARI, KOTA TANJUNGPINANG, KEPULAUAN RIAU",5,102,80,182
https://kawalpemilu.org#25425,"DOMPAK, BUKIT BESTARI, KOTA TANJUNGPINANG, KEPULAUAN RIAU",6,82,56,138
https://kawalpemilu.org#25425,"DOMPAK, BUKIT BESTARI, KOTA TANJUNGPINANG, KEPULAUAN RIAU",7,137,109,246
https://kawalpemilu.org#25425,"DOMPAK, BUKIT BESTARI, KOTA TANJUNGPINANG, KEPULAUAN RIAU",8,121,134,255
https://kawalpemilu.org#25425,"DOMPAK, BUKIT BESTARI, KOTA TANJUNGPINANG, KEPULAUAN RIAU",9,119,123,242
https://kawalpemilu.org#25425,"DOMPAK, BUKIT BESTARI, KOTA TANJUNGPINANG, KEPULAUAN RIAU",10,88,43,131
https://kawalpemilu.org#25426,"TANJUNG AYUN SAKTI, BUKIT BESTARI, KOTA TANJUNGPINANG, KEPULAUAN RIAU",1,98,88,186
https://kawalpemilu.org#25426,"TANJUNG AYUN SAKTI, BUKIT BESTARI, KOTA TANJUNGPINANG, KEPULAUAN RIAU",2,87,121,208
https://kawalpemilu.org#25426,"TANJUNG AYUN SAKTI, BUKIT BESTARI, KOTA TANJUNGPINANG, KEPULAUAN RIAU",3,49,131,180
https://kawalpemilu.org#25426,"TANJUNG AYUN SAKTI, BUKIT BESTARI, KOTA TANJUNGPINANG, KEPULAUAN RIAU",4,90,108,198
https://kawalpemilu.org#25426,"TANJUNG AYUN SAKTI, BUKIT BESTARI, KOTA TANJUNGPINANG, KEPULAUAN RIAU",5,87,104,3
https://kawalpemilu.org#25426,"TANJUNG AYUN SAKTI, BUKIT BESTARI, KOTA TANJUNGPINANG, KEPULAUAN RIAU",6,119,92,211
https://kawalpemilu.org#25426,"TANJUNG AYUN SAKTI, BUKIT BESTARI, KOTA TANJUNGPINANG, KEPULAUAN RIAU",7,115,107,222
https://kawalpemilu.org#25426,"TANJUNG AYUN SAKTI, BUKIT BESTARI, KOTA TANJUNGPINANG, KEPULAUAN RIAU",8,106,86,192
https://kawalpemilu.org#25426,"TANJUNG AYUN SAKTI, BUKIT BESTARI, KOTA TANJUNGPINANG, KEPULAUAN RIAU",9,116,95,211
https://kawalpemilu.org#25426,"TANJUNG AYUN SAKTI, BUKIT BESTARI, KOTA TANJUNGPINANG, KEPULAUAN RIAU",10,120,87,207
https://kawalpemilu.org#25426,"TANJUNG AYUN SAKTI, BUKIT BESTARI, KOTA TANJUNGPINANG, KEPULAUAN RIAU",11,99,89,188
https://kawalpemilu.org#25426,"TANJUNG AYUN SAKTI, BUKIT BESTARI, KOTA TANJUNGPINANG, KEPULAUAN RIAU",12,118,110,228
https://kawalpemilu.org#25426,"TANJUNG AYUN SAKTI, BUKIT BESTARI, KOTA TANJUNGPINANG, KEPULAUAN RIAU",13,104,142,246
https://kawalpemilu.org#25426,"TANJUNG AYUN SAKTI, BUKIT BESTARI, KOTA TANJUNGPINANG, KEPULAUAN RIAU",14,56,73,129
https://kawalpemilu.org#25426,"TANJUNG AYUN SAKTI, BUKIT BESTARI, KOTA TANJUNGPINANG, KEPULAUAN RIAU",15,118,103,221
https://kawalpemilu.org#25426,"TANJUNG AYUN SAKTI, BUKIT BESTARI, KOTA TANJUNGPINANG, KEPULAUAN RIAU",16,108,88,196
https://kawalpemilu.org#25426,"TANJUNG AYUN SAKTI, BUKIT BESTARI, KOTA TANJUNGPINANG, KEPULAUAN RIAU",17,37,92,129
https://kawalpemilu.org#25426,"TANJUNG AYUN SAKTI, BUKIT BESTARI, KOTA TANJUNGPINANG, KEPULAUAN RIAU",18,75,106,181
https://kawalpemilu.org#25426,"TANJUNG AYUN SAKTI, BUKIT BESTARI, KOTA TANJUNGPINANG, KEPULAUAN RIAU",19,78,125,203
https://kawalpemilu.org#25426,"TANJUNG AYUN SAKTI, BUKIT BESTARI, KOTA TANJUNGPINANG, KEPULAUAN RIAU",20,120,78,198
https://kawalpemilu.org#25426,"TANJUNG AYUN SAKTI, BUKIT BESTARI, KOTA TANJUNGPINANG, KEPULAUAN RIAU",21,114,80,194
https://kawalpemilu.org#25426,"TANJUNG AYUN SAKTI, BUKIT BESTARI, KOTA TANJUNGPINANG, KEPULAUAN RIAU",22,105,103,208
https://kawalpemilu.org#25426,"TANJUNG AYUN SAKTI, BUKIT BESTARI, KOTA TANJUNGPINANG, KEPULAUAN RIAU",23,112,36,148
https://kawalpemilu.org#25426,"TANJUNG AYUN SAKTI, BUKIT BESTARI, KOTA TANJUNGPINANG, KEPULAUAN RIAU",24,106,43,149
https://kawalpemilu.org#25426,"TANJUNG AYUN SAKTI, BUKIT BESTARI, KOTA TANJUNGPINANG, KEPULAUAN RIAU",25,70,84,154
https://kawalpemilu.org#25426,"TANJUNG AYUN SAKTI, BUKIT BESTARI, KOTA TANJUNGPINANG, KEPULAUAN RIAU",26,120,122,242
https://kawalpemilu.org#25426,"TANJUNG AYUN SAKTI, BUKIT BESTARI, KOTA TANJUNGPINANG, KEPULAUAN RIAU",27,133,83,216
https://kawalpemilu.org#25426,"TANJUNG AYUN SAKTI, BUKIT BESTARI, KOTA TANJUNGPINANG, KEPULAUAN RIAU",28,77,102,179
https://kawalpemilu.org#25426,"TANJUNG AYUN SAKTI, BUKIT BESTARI, KOTA TANJUNGPINANG, KEPULAUAN RIAU",29,100,85,185
https://kawalpemilu.org#25426,"TANJUNG AYUN SAKTI, BUKIT BESTARI, KOTA TANJUNGPINANG, KEPULAUAN RIAU",30,105,95,200
https://kawalpemilu.org#25426,"TANJUNG AYUN SAKTI, BUKIT BESTARI, KOTA TANJUNGPINANG, KEPULAUAN RIAU",31,47,83,130
https://kawalpemilu.org#25426,"TANJUNG AYUN SAKTI, BUKIT BESTARI, KOTA TANJUNGPINANG, KEPULAUAN RIAU",32,25,39,64
https://kawalpemilu.org#25427,"SEI JANG, BUKIT BESTARI, KOTA TANJUNGPINANG, KEPULAUAN RIAU",1,137,71,208
https://kawalpemilu.org#25427,"SEI JANG, BUKIT BESTARI, KOTA TANJUNGPINANG, KEPULAUAN RIAU",2,63,79,142
https://kawalpemilu.org#25427,"SEI JANG, BUKIT BESTARI, KOTA TANJUNGPINANG, KEPULAUAN RIAU",3,109,67,176
https://kawalpemilu.org#25427,"SEI JANG, BUKIT BESTARI, KOTA TANJUNGPINANG, KEPULAUAN RIAU",4,128,51,179
https://kawalpemilu.org#25427,"SEI JANG, BUKIT BESTARI, KOTA TANJUNGPINANG, KEPULAUAN RIAU",5,119,76,195
https://kawalpemilu.org#25427,"SEI JANG, BUKIT BESTARI, KOTA TANJUNGPINANG, KEPULAUAN RIAU",6,144,88,232
https://kawalpemilu.org#25427,"SEI JANG, BUKIT BESTARI, KOTA TANJUNGPINANG, KEPULAUAN RIAU",7,147,101,248
https://kawalpemilu.org#25427,"SEI JANG, BUKIT BESTARI, KOTA TANJUNGPINANG, KEPULAUAN RIAU",8,86,151,237
https://kawalpemilu.org#25427,"SEI JANG, BUKIT BESTARI, KOTA TANJUNGPINANG, KEPULAUAN RIAU",9,54,99,153
https://kawalpemilu.org#25427,"SEI JANG, BUKIT BESTARI, KOTA TANJUNGPINANG, KEPULAUAN RIAU",10,132,63,195
https://kawalpemilu.org#25427,"SEI JANG, BUKIT BESTARI, KOTA TANJUNGPINANG, KEPULAUAN RIAU",11,87,144,231
https://kawalpemilu.org#25427,"SEI JANG, BUKIT BESTARI, KOTA TANJUNGPINANG, KEPULAUAN RIAU",12,49,89,138
https://kawalpemilu.org#25427,"SEI JANG, BUKIT BESTARI, KOTA TANJUNGPINANG, KEPULAUAN RIAU",13,90,106,196
https://kawalpemilu.org#25427,"SEI JANG, BUKIT BESTARI, KOTA TANJUNGPINANG, KEPULAUAN RIAU",14,58,54,112
https://kawalpemilu.org#25427,"SEI JANG, BUKIT BESTARI, KOTA TANJUNGPINANG, KEPULAUAN RIAU",15,120,105,225
https://kawalpemilu.org#25427,"SEI JANG, BUKIT BESTARI, KOTA TANJUNGPINANG, KEPULAUAN RIAU",16,82,60,142
https://kawalpemilu.org#25427,"SEI JANG, BUKIT BESTARI, KOTA TANJUNGPINANG, KEPULAUAN RIAU",17,107,110,217
https://kawalpemilu.org#25427,"SEI JANG, BUKIT BESTARI, KOTA TANJUNGPINANG, KEPULAUAN RIAU",18,118,50,168
https://kawalpemilu.org#25427,"SEI JANG, BUKIT BESTARI, KOTA TANJUNGPINANG, KEPULAUAN RIAU",19,113,111,224
https://kawalpemilu.org#25427,"SEI JANG, BUKIT BESTARI, KOTA TANJUNGPINANG, KEPULAUAN RIAU",20,64,79,143
https://kawalpemilu.org#25427,"SEI JANG, BUKIT BESTARI, KOTA TANJUNGPINANG, KEPULAUAN RIAU",21,67,85,152
https://kawalpemilu.org#25427,"SEI JANG, BUKIT BESTARI, KOTA TANJUNGPINANG, KEPULAUAN RIAU",22,80,46,126
https://kawalpemilu.org#25427,"SEI JANG, BUKIT BESTARI, KOTA TANJUNGPINANG, KEPULAUAN RIAU",23,56,75,131
https://kawalpemilu.org#25427,"SEI JANG, BUKIT BESTARI, KOTA TANJUNGPINANG, KEPULAUAN RIAU",24,58,66,124
https://kawalpemilu.org#25427,"SEI JANG, BUKIT BESTARI, KOTA TANJUNGPINANG, KEPULAUAN RIAU",25,63,73,136
https://kawalpemilu.org#25427,"SEI JANG, BUKIT BESTARI, KOTA TANJUNGPINANG, KEPULAUAN RIAU",26,94,118,212
https://kawalpemilu.org#25427,"SEI JANG, BUKIT BESTARI, KOTA TANJUNGPINANG, KEPULAUAN RIAU",27,50,53,103
https://kawalpemilu.org#25427,"SEI JANG, BUKIT BESTARI, KOTA TANJUNGPINANG, KEPULAUAN RIAU",28,112,112,224
https://kawalpemilu.org#25427,"SEI JANG, BUKIT BESTARI, KOTA TANJUNGPINANG, KEPULAUAN RIAU",29,65,57,122
https://kawalpemilu.org#25427,"SEI JANG, BUKIT BESTARI, KOTA TANJUNGPINANG, KEPULAUAN RIAU",30,70,72,142
https://kawalpemilu.org#25427,"SEI JANG, BUKIT BESTARI, KOTA TANJUNGPINANG, KEPULAUAN RIAU",31,96,45,141
https://kawalpemilu.org#25427,"SEI JANG, BUKIT BESTARI, KOTA TANJUNGPINANG, KEPULAUAN RIAU",32,118,107,225
https://kawalpemilu.org#25427,"SEI JANG, BUKIT BESTARI, KOTA TANJUNGPINANG, KEPULAUAN RIAU",33,57,86,143
https://kawalpemilu.org#25427,"SEI JANG, BUKIT BESTARI, KOTA TANJUNGPINANG, KEPULAUAN RIAU",34,46,56,102
https://kawalpemilu.org#25427,"SEI JANG, BUKIT BESTARI, KOTA TANJUNGPINANG, KEPULAUAN RIAU",35,50,52,102
https://kawalpemilu.org#25427,"SEI JANG, BUKIT BESTARI, KOTA TANJUNGPINANG, KEPULAUAN RIAU",36,96,69,165
https://kawalpemilu.org#25427,"SEI JANG, BUKIT BESTARI, KOTA TANJUNGPINANG, KEPULAUAN RIAU",37,105,85,190
https://kawalpemilu.org#25427,"SEI JANG, BUKIT BESTARI, KOTA TANJUNGPINANG, KEPULAUAN RIAU",38,83,110,193
https://kawalpemilu.org#25427,"SEI JANG, BUKIT BESTARI, KOTA TANJUNGPINANG, KEPULAUAN RIAU",39,139,115,254
https://kawalpemilu.org#25427,"SEI JANG, BUKIT BESTARI, KOTA TANJUNGPINANG, KEPULAUAN RIAU",40,130,120,250
https://kawalpemilu.org#25427,"SEI JANG, BUKIT BESTARI, KOTA TANJUNGPINANG, KEPULAUAN RIAU",41,107,113,220
https://kawalpemilu.org#25427,"SEI JANG, BUKIT BESTARI, KOTA TANJUNGPINANG, KEPULAUAN RIAU",42,115,122,237
https://kawalpemilu.org#25427,"SEI JANG, BUKIT BESTARI, KOTA TANJUNGPINANG, KEPULAUAN RIAU",43,134,101,235
https://kawalpemilu.org#25427,"SEI JANG, BUKIT BESTARI, KOTA TANJUNGPINANG, KEPULAUAN RIAU",44,88,74,162
https://kawalpemilu.org#25427,"SEI JANG, BUKIT BESTARI, KOTA TANJUNGPINANG, KEPULAUAN RIAU",45,125,66,191
https://kawalpemilu.org#25427,"SEI JANG, BUKIT BESTARI, KOTA TANJUNGPINANG, KEPULAUAN RIAU",46,135,123,258
https://kawalpemilu.org#25427,"SEI JANG, BUKIT BESTARI, KOTA TANJUNGPINANG, KEPULAUAN RIAU",47,128,79,207
https://kawalpemilu.org#25427,"SEI JANG, BUKIT BESTARI, KOTA TANJUNGPINANG, KEPULAUAN RIAU",48,159,85,244
https://kawalpemilu.org#25427,"SEI JANG, BUKIT BESTARI, KOTA TANJUNGPINANG, KEPULAUAN RIAU",49,213,40,253
https://kawalpemilu.org#25427,"SEI JANG, BUKIT BESTARI, KOTA TANJUNGPINANG, KEPULAUAN RIAU",50,128,34,162
https://kawalpemilu.org#25427,"SEI JANG, BUKIT BESTARI, KOTA TANJUNGPINANG, KEPULAUAN RIAU",51,83,124,207
https://kawalpemilu.org#25427,"SEI JANG, BUKIT BESTARI, KOTA TANJUNGPINANG, KEPULAUAN RIAU",52,88,58,146
https://kawalpemilu.org#25428,"TANJUNG UNGGAT, BUKIT BESTARI, KOTA TANJUNGPINANG, KEPULAUAN RIAU",1,119,54,173
https://kawalpemilu.org#25428,"TANJUNG UNGGAT, BUKIT BESTARI, KOTA TANJUNGPINANG, KEPULAUAN RIAU",2,135,49,184
https://kawalpemilu.org#25428,"TANJUNG UNGGAT, BUKIT BESTARI, KOTA TANJUNGPINANG, KEPULAUAN RIAU",3,120,102,222
https://kawalpemilu.org#25428,"TANJUNG UNGGAT, BUKIT BESTARI, KOTA TANJUNGPINANG, KEPULAUAN RIAU",4,119,73,192
https://kawalpemilu.org#25428,"TANJUNG UNGGAT, BUKIT BESTARI, KOTA TANJUNGPINANG, KEPULAUAN RIAU",5,152,40,192
https://kawalpemilu.org#25428,"TANJUNG UNGGAT, BUKIT BESTARI, KOTA TANJUNGPINANG, KEPULAUAN RIAU",6,167,37,204
https://kawalpemilu.org#25428,"TANJUNG UNGGAT, BUKIT BESTARI, KOTA TANJUNGPINANG, KEPULAUAN RIAU",7,116,77,193
https://kawalpemilu.org#25428,"TANJUNG UNGGAT, BUKIT BESTARI, KOTA TANJUNGPINANG, KEPULAUAN RIAU",8,122,117,239
https://kawalpemilu.org#25428,"TANJUNG UNGGAT, BUKIT BESTARI, KOTA TANJUNGPINANG, KEPULAUAN RIAU",9,117,89,206
https://kawalpemilu.org#25428,"TANJUNG UNGGAT, BUKIT BESTARI, KOTA TANJUNGPINANG, KEPULAUAN RIAU",10,125,101,226
https://kawalpemilu.org#25428,"TANJUNG UNGGAT, BUKIT BESTARI, KOTA TANJUNGPINANG, KEPULAUAN RIAU",11,111,109,220
https://kawalpemilu.org#25428,"TANJUNG UNGGAT, BUKIT BESTARI, KOTA TANJUNGPINANG, KEPULAUAN RIAU",12,131,81,212
https://kawalpemilu.org#25428,"TANJUNG UNGGAT, BUKIT BESTARI, KOTA TANJUNGPINANG, KEPULAUAN RIAU",13,134,74,208
https://kawalpemilu.org#25428,"TANJUNG UNGGAT, BUKIT BESTARI, KOTA TANJUNGPINANG, KEPULAUAN RIAU",14,80,129,209
https://kawalpemilu.org#25428,"TANJUNG UNGGAT, BUKIT BESTARI, KOTA TANJUNGPINANG, KEPULAUAN RIAU",15,123,95,218
https://kawalpemilu.org#25428,"TANJUNG UNGGAT, BUKIT BESTARI, KOTA TANJUNGPINANG, KEPULAUAN RIAU",16,161,68,229
https://kawalpemilu.org#25428,"TANJUNG UNGGAT, BUKIT BESTARI, KOTA TANJUNGPINANG, KEPULAUAN RIAU",17,78,100,178
https://kawalpemilu.org#25428,"TANJUNG UNGGAT, BUKIT BESTARI, KOTA TANJUNGPINANG, KEPULAUAN RIAU",18,99,75,174
https://kawalpemilu.org#25428,"TANJUNG UNGGAT, BUKIT BESTARI, KOTA TANJUNGPINANG, KEPULAUAN RIAU",19,120,81,201
https://kawalpemilu.org#25428,"TANJUNG UNGGAT, BUKIT BESTARI, KOTA TANJUNGPINANG, KEPULAUAN RIAU",20,108,80,188
https://kawalpemilu.org#25428,"TANJUNG UNGGAT, BUKIT BESTARI, KOTA TANJUNGPINANG, KEPULAUAN RIAU",21,71,92,163
https://kawalpemilu.org#25428,"TANJUNG UNGGAT, BUKIT BESTARI, KOTA TANJUNGPINANG, KEPULAUAN RIAU",22,62,85,147
https://kawalpemilu.org#25428,"TANJUNG UNGGAT, BUKIT BESTARI, KOTA TANJUNGPINANG, KEPULAUAN RIAU",23,128,84,212
https://kawalpemilu.org#25428,"TANJUNG UNGGAT, BUKIT BESTARI, KOTA TANJUNGPINANG, KEPULAUAN RIAU",24,130,53,183
https://kawalpemilu.org#25428,"TANJUNG UNGGAT, BUKIT BESTARI, KOTA TANJUNGPINANG, KEPULAUAN RIAU",25,139,65,204
https://kawalpemilu.org#25428,"TANJUNG UNGGAT, BUKIT BESTARI, KOTA TANJUNGPINANG, KEPULAUAN RIAU",26,151,81,232
https://kawalpemilu.org#25428,"TANJUNG UNGGAT, BUKIT BESTARI, KOTA TANJUNGPINANG, KEPULAUAN RIAU",27,152,68,220
https://kawalpemilu.org#25428,"TANJUNG UNGGAT, BUKIT BESTARI, KOTA TANJUNGPINANG, KEPULAUAN RIAU",28,195,57,252
https://kawalpemilu.org#25428,"TANJUNG UNGGAT, BUKIT BESTARI, KOTA TANJUNGPINANG, KEPULAUAN RIAU",29,148,56,204
https://kawalpemilu.org#25428,"TANJUNG UNGGAT, BUKIT BESTARI, KOTA TANJUNGPINANG, KEPULAUAN RIAU",30,155,96,251
https://kawalpemilu.org#25428,"TANJUNG UNGGAT, BUKIT BESTARI, KOTA TANJUNGPINANG, KEPULAUAN RIAU",31,122,119,241
https://kawalpemilu.org#25428,"TANJUNG UNGGAT, BUKIT BESTARI, KOTA TANJUNGPINANG, KEPULAUAN RIAU",32,134,63,197
https://kawalpemilu.org#25428,"TANJUNG UNGGAT, BUKIT BESTARI, KOTA TANJUNGPINANG, KEPULAUAN RIAU",33,132,46,178
https://kawalpemilu.org#25428,"TANJUNG UNGGAT, BUKIT BESTARI, KOTA TANJUNGPINANG, KEPULAUAN RIAU",34,56,63,119
https://kawalpemilu.org#25428,"TANJUNG UNGGAT, BUKIT BESTARI, KOTA TANJUNGPINANG, KEPULAUAN RIAU",35,176,39,215
https://kawalpemilu.org#25428,"TANJUNG UNGGAT, BUKIT BESTARI, KOTA TANJUNGPINANG, KEPULAUAN RIAU",36,90,117,207
https://kawalpemilu.org#25428,"TANJUNG UNGGAT, BUKIT BESTARI, KOTA TANJUNGPINANG, KEPULAUAN RIAU",37,87,122,209
https://kawalpemilu.org#25428,"TANJUNG UNGGAT, BUKIT BESTARI, KOTA TANJUNGPINANG, KEPULAUAN RIAU",38,133,54,187
https://kawalpemilu.org#25431,"TEREMPA, SIANTAN, KEPULAUAN ANAMBAS, KEPULAUAN RIAU",1,96,60,156
https://kawalpemilu.org#25431,"TEREMPA, SIANTAN, KEPULAUAN ANAMBAS, KEPULAUAN RIAU",2,95,45,140
https://kawalpemilu.org#25431,"TEREMPA, SIANTAN, KEPULAUAN ANAMBAS, KEPULAUAN RIAU",3,111,86,197
https://kawalpemilu.org#25431,"TEREMPA, SIANTAN, KEPULAUAN ANAMBAS, KEPULAUAN RIAU",4,82,70,152
https://kawalpemilu.org#25431,"TEREMPA, SIANTAN, KEPULAUAN ANAMBAS, KEPULAUAN RIAU",5,94,81,175
https://kawalpemilu.org#25431,"TEREMPA, SIANTAN, KEPULAUAN ANAMBAS, KEPULAUAN RIAU",6,110,44,154
https://kawalpemilu.org#25431,"TEREMPA, SIANTAN, KEPULAUAN ANAMBAS, KEPULAUAN RIAU",7,83,42,125
https://kawalpemilu.org#25431,"TEREMPA, SIANTAN, KEPULAUAN ANAMBAS, KEPULAUAN RIAU",8,53,74,127
https://kawalpemilu.org#25431,"TEREMPA, SIANTAN, KEPULAUAN ANAMBAS, KEPULAUAN RIAU",9,93,75,168
https://kawalpemilu.org#25431,"TEREMPA, SIANTAN, KEPULAUAN ANAMBAS, KEPULAUAN RIAU",10,115,64,179
https://kawalpemilu.org#25431,"TEREMPA, SIANTAN, KEPULAUAN ANAMBAS, KEPULAUAN RIAU",11,104,73,177
https://kawalpemilu.org#25431,"TEREMPA, SIANTAN, KEPULAUAN ANAMBAS, KEPULAUAN RIAU",12,106,73,179
https://kawalpemilu.org#25432,"TEREMPA BARAT, SIANTAN, KEPULAUAN ANAMBAS, KEPULAUAN RIAU",1,141,99,240
https://kawalpemilu.org#25432,"TEREMPA BARAT, SIANTAN, KEPULAUAN ANAMBAS, KEPULAUAN RIAU",2,132,98,230
https://kawalpemilu.org#25432,"TEREMPA BARAT, SIANTAN, KEPULAUAN ANAMBAS, KEPULAUAN RIAU",3,96,108,204
https://kawalpemilu.org#25432,"TEREMPA BARAT, SIANTAN, KEPULAUAN ANAMBAS, KEPULAUAN RIAU",4,106,89,195
https://kawalpemilu.org#25432,"TEREMPA BARAT, SIANTAN, KEPULAUAN ANAMBAS, KEPULAUAN RIAU",5,84,79,163
https://kawalpemilu.org#25432,"TEREMPA BARAT, SIANTAN, KEPULAUAN ANAMBAS, KEPULAUAN RIAU",6,118,83,201
https://kawalpemilu.org#25432,"TEREMPA BARAT, SIANTAN, KEPULAUAN ANAMBAS, KEPULAUAN RIAU",7,138,65,203
https://kawalpemilu.org#25432,"TEREMPA BARAT, SIANTAN, KEPULAUAN ANAMBAS, KEPULAUAN RIAU",8,129,37,166
https://kawalpemilu.org#87357,"TAREMPA SELATAN, SIANTAN, KEPULAUAN ANAMBAS, KEPULAUAN RIAU",1,74,96,170
https://kawalpemilu.org#87357,"TAREMPA SELATAN, SIANTAN, KEPULAUAN ANAMBAS, KEPULAUAN RIAU",2,85,82,167
https://kawalpemilu.org#87357,"TAREMPA SELATAN, SIANTAN, KEPULAUAN ANAMBAS, KEPULAUAN RIAU",3,82,141,223
https://kawalpemilu.org#87357,"TAREMPA SELATAN, SIANTAN, KEPULAUAN ANAMBAS, KEPULAUAN RIAU",4,126,76,202
https://kawalpemilu.org#87358,"TAREMPA TIMUR, SIANTAN, KEPULAUAN ANAMBAS, KEPULAUAN RIAU",1,80,75,155
https://kawalpemilu.org#87358,"TAREMPA TIMUR, SIANTAN, KEPULAUAN ANAMBAS, KEPULAUAN RIAU",2,74,57,131
https://kawalpemilu.org#87358,"TAREMPA TIMUR, SIANTAN, KEPULAUAN ANAMBAS, KEPULAUAN RIAU",3,137,73,210
https://kawalpemilu.org#87358,"TAREMPA TIMUR, SIANTAN, KEPULAUAN ANAMBAS, KEPULAUAN RIAU",4,149,103,252
https://kawalpemilu.org#87358,"TAREMPA TIMUR, SIANTAN, KEPULAUAN ANAMBAS, KEPULAUAN RIAU",5,125,126,251
https://kawalpemilu.org#87358,"TAREMPA TIMUR, SIANTAN, KEPULAUAN ANAMBAS, KEPULAUAN RIAU",6,94,24,118
https://kawalpemilu.org#87358,"TAREMPA TIMUR, SIANTAN, KEPULAUAN ANAMBAS, KEPULAUAN RIAU",7,99,42,141
https://kawalpemilu.org#87359,"PESISIR TIMUR, SIANTAN, KEPULAUAN ANAMBAS, KEPULAUAN RIAU",1,140,63,203
https://kawalpemilu.org#87359,"PESISIR TIMUR, SIANTAN, KEPULAUAN ANAMBAS, KEPULAUAN RIAU",2,161,77,238
https://kawalpemilu.org#87360,"SRI TANJUNG, SIANTAN, KEPULAUAN ANAMBAS, KEPULAUAN RIAU",1,187,40,227
https://kawalpemilu.org#87360,"SRI TANJUNG, SIANTAN, KEPULAUAN ANAMBAS, KEPULAUAN RIAU",2,214,39,253
https://kawalpemilu.org#87361,"TAREMPA BARAT DAYA, SIANTAN, KEPULAUAN ANAMBAS, KEPULAUAN RIAU",1,68,66,134
https://kawalpemilu.org#87361,"TAREMPA BARAT DAYA, SIANTAN, KEPULAUAN ANAMBAS, KEPULAUAN RIAU",2,78,16,94
https://kawalpemilu.org#25434,"MUBUR, PALMATAK, KEPULAUAN ANAMBAS, KEPULAUAN RIAU",1,109,73,182
https://kawalpemilu.org#25434,"MUBUR, PALMATAK, KEPULAUAN ANAMBAS, KEPULAUAN RIAU",2,44,100,144
https://kawalpemilu.org#25434,"MUBUR, PALMATAK, KEPULAUAN ANAMBAS, KEPULAUAN RIAU",3,55,12,67
https://kawalpemilu.org#25435,"TEBANG, PALMATAK, KEPULAUAN ANAMBAS, KEPULAUAN RIAU",1,116,83,199
https://kawalpemilu.org#25435,"TEBANG, PALMATAK, KEPULAUAN ANAMBAS, KEPULAUAN RIAU",2,117,72,189
https://kawalpemilu.org#25435,"TEBANG, PALMATAK, KEPULAUAN ANAMBAS, KEPULAUAN RIAU",3,69,47,116
https://kawalpemilu.org#25435,"TEBANG, PALMATAK, KEPULAUAN ANAMBAS, KEPULAUAN RIAU",4,84,67,151
https://kawalpemilu.org#25436,"PIABUNG, PALMATAK, KEPULAUAN ANAMBAS, KEPULAUAN RIAU",1,154,90,244
https://kawalpemilu.org#25436,"PIABUNG, PALMATAK, KEPULAUAN ANAMBAS, KEPULAUAN RIAU",2,130,97,227
https://kawalpemilu.org#25436,"PIABUNG, PALMATAK, KEPULAUAN ANAMBAS, KEPULAUAN RIAU",3,88,55,143
https://kawalpemilu.org#25437,"LADAN, PALMATAK, KEPULAUAN ANAMBAS, KEPULAUAN RIAU",1,152,63,215
https://kawalpemilu.org#25437,"LADAN, PALMATAK, KEPULAUAN ANAMBAS, KEPULAUAN RIAU",2,149,63,212
https://kawalpemilu.org#25437,"LADAN, PALMATAK, KEPULAUAN ANAMBAS, KEPULAUAN RIAU",3,155,56,211
https://kawalpemilu.org#25437,"LADAN, PALMATAK, KEPULAUAN ANAMBAS, KEPULAUAN RIAU",4,163,20,183
https://kawalpemilu.org#25437,"LADAN, PALMATAK, KEPULAUAN ANAMBAS, KEPULAUAN RIAU",5,109,60,169
https://kawalpemilu.org#25437,"LADAN, PALMATAK, KEPULAUAN ANAMBAS, KEPULAUAN RIAU",6,126,30,156
https://kawalpemilu.org#25438,"PAYALAMAN, PALMATAK, KEPULAUAN ANAMBAS, KEPULAUAN RIAU",1,126,88,214
https://kawalpemilu.org#25438,"PAYALAMAN, PALMATAK, KEPULAUAN ANAMBAS, KEPULAUAN RIAU",2,122,98,220
https://kawalpemilu.org#25438,"PAYALAMAN, PALMATAK, KEPULAUAN ANAMBAS, KEPULAUAN RIAU",3,88,74,162
https://kawalpemilu.org#25438,"PAYALAMAN, PALMATAK, KEPULAUAN ANAMBAS, KEPULAUAN RIAU",4,69,41,110
https://kawalpemilu.org#25438,"PAYALAMAN, PALMATAK, KEPULAUAN ANAMBAS, KEPULAUAN RIAU",5,27,22,49
https://kawalpemilu.org#25439,"CANDI, PALMATAK, KEPULAUAN ANAMBAS, KEPULAUAN RIAU",1,173,48,221
https://kawalpemilu.org#25439,"CANDI, PALMATAK, KEPULAUAN ANAMBAS, KEPULAUAN RIAU",2,151,44,195
https://kawalpemilu.org#25440,"PUTIK, PALMATAK, KEPULAUAN ANAMBAS, KEPULAUAN RIAU",1,213,41,254
https://kawalpemilu.org#25440,"PUTIK, PALMATAK, KEPULAUAN ANAMBAS, KEPULAUAN RIAU",2,166,32,198
https://kawalpemilu.org#25440,"PUTIK, PALMATAK, KEPULAUAN ANAMBAS, KEPULAUAN RIAU",3,184,37,221
https://kawalpemilu.org#25440,"PUTIK, PALMATAK, KEPULAUAN ANAMBAS, KEPULAUAN RIAU",4,97,29,126
https://kawalpemilu.org#25440,"PUTIK, PALMATAK, KEPULAUAN ANAMBAS, KEPULAUAN RIAU",5,123,47,170
https://kawalpemilu.org#25441,"LANGIR, PALMATAK, KEPULAUAN ANAMBAS, KEPULAUAN RIAU",1,89,60,149
https://kawalpemilu.org#25441,"LANGIR, PALMATAK, KEPULAUAN ANAMBAS, KEPULAUAN RIAU",2,90,38,128
https://kawalpemilu.org#25442,"BAYAT, PALMATAK, KEPULAUAN ANAMBAS, KEPULAUAN RIAU",1,156,46,202
https://kawalpemilu.org#25442,"BAYAT, PALMATAK, KEPULAUAN ANAMBAS, KEPULAUAN RIAU",2,119,45,164
https://kawalpemilu.org#87399,"TELUK BAYUR, PALMATAK, KEPULAUAN ANAMBAS, KEPULAUAN RIAU",1,143,86,229
https://kawalpemilu.org#87400,"MATAK, PALMATAK, KEPULAUAN ANAMBAS, KEPULAUAN RIAU",1,118,126,244
https://kawalpemilu.org#87401,"BATU AMPAR, PALMATAK, KEPULAUAN ANAMBAS, KEPULAUAN RIAU",1,114,58,172
https://kawalpemilu.org#87401,"BATU AMPAR, PALMATAK, KEPULAUAN ANAMBAS, KEPULAUAN RIAU",2,120,16,136
https://kawalpemilu.org#87402,"PAYAMARAM, PALMATAK, KEPULAUAN ANAMBAS, KEPULAUAN RIAU",1,114,89,203
https://kawalpemilu.org#87402,"PAYAMARAM, PALMATAK, KEPULAUAN ANAMBAS, KEPULAUAN RIAU",2,51,59,110
https://kawalpemilu.org#87402,"PAYAMARAM, PALMATAK, KEPULAUAN ANAMBAS, KEPULAUAN RIAU",3,64,42,106
https://kawalpemilu.org#87402,"PAYAMARAM, PALMATAK, KEPULAUAN ANAMBAS, KEPULAUAN RIAU",4,24,43,67
https://kawalpemilu.org#87403,"PIASAN, PALMATAK, KEPULAUAN ANAMBAS, KEPULAUAN RIAU",1,167,85,252
https://kawalpemilu.org#87403,"PIASAN, PALMATAK, KEPULAUAN ANAMBAS, KEPULAUAN RIAU",2,104,32,136
https://kawalpemilu.org#87404,"BELIBAK, PALMATAK, KEPULAUAN ANAMBAS, KEPULAUAN RIAU",1,127,38,165
https://kawalpemilu.org#25444,"NYAMUK, SIANTAN TIMUR, KEPULAUAN ANAMBAS, KEPULAUAN RIAU",1,195,54,249
https://kawalpemilu.org#25444,"NYAMUK, SIANTAN TIMUR, KEPULAUAN ANAMBAS, KEPULAUAN RIAU",2,79,46,125
https://kawalpemilu.org#25444,"NYAMUK, SIANTAN TIMUR, KEPULAUAN ANAMBAS, KEPULAUAN RIAU",3,167,44,211
https://kawalpemilu.org#25444,"NYAMUK, SIANTAN TIMUR, KEPULAUAN ANAMBAS, KEPULAUAN RIAU",4,198,10,208
https://kawalpemilu.org#25445,"BATU BELAH, SIANTAN TIMUR, KEPULAUAN ANAMBAS, KEPULAUAN RIAU",1,189,26,215
https://kawalpemilu.org#25445,"BATU BELAH, SIANTAN TIMUR, KEPULAUAN ANAMBAS, KEPULAUAN RIAU",2,186,32,218
https://kawalpemilu.org#25446,"MUNJAN, SIANTAN TIMUR, KEPULAUAN ANAMBAS, KEPULAUAN RIAU",1,151,29,180
https://kawalpemilu.org#25446,"MUNJAN, SIANTAN TIMUR, KEPULAUAN ANAMBAS, KEPULAUAN RIAU",2,194,43,237
https://kawalpemilu.org#25446,"MUNJAN, SIANTAN TIMUR, KEPULAUAN ANAMBAS, KEPULAUAN RIAU",3,53,59,112
https://kawalpemilu.org#87390,"SERAT, SIANTAN TIMUR, KEPULAUAN ANAMBAS, KEPULAUAN RIAU",1,177,36,213
https://kawalpemilu.org#87391,"AIR PUTIH, SIANTAN TIMUR, KEPULAUAN ANAMBAS, KEPULAUAN RIAU",1,76,48,124
https://kawalpemilu.org#87391,"AIR PUTIH, SIANTAN TIMUR, KEPULAUAN ANAMBAS, KEPULAUAN RIAU",2,92,30,122
https://kawalpemilu.org#87392,"TEMBURUN, SIANTAN TIMUR, KEPULAUAN ANAMBAS, KEPULAUAN RIAU",1,202,60,262
https://kawalpemilu.org#25448,"KIABU, SIANTAN SELATAN, KEPULAUAN ANAMBAS, KEPULAUAN RIAU",1,137,76,213
https://kawalpemilu.org#25448,"KIABU, SIANTAN SELATAN, KEPULAUAN ANAMBAS, KEPULAUAN RIAU",2,112,83,195
https://kawalpemilu.org#25449,"TELAGA, SIANTAN SELATAN, KEPULAUAN ANAMBAS, KEPULAUAN RIAU",1,98,31,129
https://kawalpemilu.org#25449,"TELAGA, SIANTAN SELATAN, KEPULAUAN ANAMBAS, KEPULAUAN RIAU",2,114,7,121
https://kawalpemilu.org#25450,"MENGKAIT, SIANTAN SELATAN, KEPULAUAN ANAMBAS, KEPULAUAN RIAU",1,197,5,202
https://kawalpemilu.org#25450,"MENGKAIT, SIANTAN SELATAN, KEPULAUAN ANAMBAS, KEPULAUAN RIAU",2,150,7,157
https://kawalpemilu.org#25450,"MENGKAIT, SIANTAN SELATAN, KEPULAUAN ANAMBAS, KEPULAUAN RIAU",3,158,8,166
https://kawalpemilu.org#25451,"TIANGAU, SIANTAN SELATAN, KEPULAUAN ANAMBAS, KEPULAUAN RIAU",1,57,48,105
https://kawalpemilu.org#25451,"TIANGAU, SIANTAN SELATAN, KEPULAUAN ANAMBAS, KEPULAUAN RIAU",2,82,145,227
https://kawalpemilu.org#25452,"TELAGA KECIL, SIANTAN SELATAN, KEPULAUAN ANAMBAS, KEPULAUAN RIAU",1,98,54,152
https://kawalpemilu.org#25453,"LINGAI, SIANTAN SELATAN, KEPULAUAN ANAMBAS, KEPULAUAN RIAU",1,154,20,174
https://kawalpemilu.org#87393,"AIR BINI, SIANTAN SELATAN, KEPULAUAN ANAMBAS, KEPULAUAN RIAU",1,94,115,209
https://kawalpemilu.org#87393,"AIR BINI, SIANTAN SELATAN, KEPULAUAN ANAMBAS, KEPULAUAN RIAU",2,75,38,113
https://kawalpemilu.org#25455,"KUALA MARAS, JEMAJA TIMUR, KEPULAUAN ANAMBAS, KEPULAUAN RIAU",1,126,71,197
https://kawalpemilu.org#25455,"KUALA MARAS, JEMAJA TIMUR, KEPULAUAN ANAMBAS, KEPULAUAN RIAU",2,139,42,181
https://kawalpemilu.org#25455,"KUALA MARAS, JEMAJA TIMUR, KEPULAUAN ANAMBAS, KEPULAUAN RIAU",3,57,48,105
https://kawalpemilu.org#25456,"ULU MARAS, JEMAJA TIMUR, KEPULAUAN ANAMBAS, KEPULAUAN RIAU",1,142,94,236
https://kawalpemilu.org#25456,"ULU MARAS, JEMAJA TIMUR, KEPULAUAN ANAMBAS, KEPULAUAN RIAU",2,92,57,149
https://kawalpemilu.org#25456,"ULU MARAS, JEMAJA TIMUR, KEPULAUAN ANAMBAS, KEPULAUAN RIAU",3,69,47,116
https://kawalpemilu.org#25457,"BUKIT PADI, JEMAJA TIMUR, KEPULAUAN ANAMBAS, KEPULAUAN RIAU",1,136,50,186
https://kawalpemilu.org#25457,"BUKIT PADI, JEMAJA TIMUR, KEPULAUAN ANAMBAS, KEPULAUAN RIAU",2,77,79,156
https://kawalpemilu.org#25458,"GENTING PULUR, JEMAJA TIMUR, KEPULAUAN ANAMBAS, KEPULAUAN RIAU",1,139,92,231
https://kawalpemilu.org#25460,"LETUNG, JEMAJA, KEPULAUAN ANAMBAS, KEPULAUAN RIAU",1,105,98,203
https://kawalpemilu.org#25460,"LETUNG, JEMAJA, KEPULAUAN ANAMBAS, KEPULAUAN RIAU",2,83,106,189
https://kawalpemilu.org#25460,"LETUNG, JEMAJA, KEPULAUAN ANAMBAS, KEPULAUAN RIAU",3,92,94,186
https://kawalpemilu.org#25460,"LETUNG, JEMAJA, KEPULAUAN ANAMBAS, KEPULAUAN RIAU",4,113,89,202
https://kawalpemilu.org#25460,"LETUNG, JEMAJA, KEPULAUAN ANAMBAS, KEPULAUAN RIAU",5,75,58,133
https://kawalpemilu.org#25460,"LETUNG, JEMAJA, KEPULAUAN ANAMBAS, KEPULAUAN RIAU",6,64,44,108
https://kawalpemilu.org#25460,"LETUNG, JEMAJA, KEPULAUAN ANAMBAS, KEPULAUAN RIAU",7,107,50,157
https://kawalpemilu.org#25460,"LETUNG, JEMAJA, KEPULAUAN ANAMBAS, KEPULAUAN RIAU",8,60,44,104
https://kawalpemilu.org#25461,"MAMPOK, JEMAJA, KEPULAUAN ANAMBAS, KEPULAUAN RIAU",1,77,39,116
https://kawalpemilu.org#25461,"MAMPOK, JEMAJA, KEPULAUAN ANAMBAS, KEPULAUAN RIAU",2,126,32,158
https://kawalpemilu.org#25461,"MAMPOK, JEMAJA, KEPULAUAN ANAMBAS, KEPULAUAN RIAU",3,131,34,165
https://kawalpemilu.org#25462,"REWAK, JEMAJA, KEPULAUAN ANAMBAS, KEPULAUAN RIAU",1,83,20,103
https://kawalpemilu.org#25462,"REWAK, JEMAJA, KEPULAUAN ANAMBAS, KEPULAUAN RIAU",2,89,79,168
https://kawalpemilu.org#25462,"REWAK, JEMAJA, KEPULAUAN ANAMBAS, KEPULAUAN RIAU",3,119,54,173
https://kawalpemilu.org#25463,"KERAMUT, JEMAJA, KEPULAUAN ANAMBAS, KEPULAUAN RIAU",1,24,93,117
https://kawalpemilu.org#25463,"KERAMUT, JEMAJA, KEPULAUAN ANAMBAS, KEPULAUAN RIAU",2,77,92,169
https://kawalpemilu.org#25464,"IMPOL, JEMAJA, KEPULAUAN ANAMBAS, KEPULAUAN RIAU",1,172,40,212
https://kawalpemilu.org#25465,"AIR BIRU, JEMAJA, KEPULAUAN ANAMBAS, KEPULAUAN RIAU",1,133,98,231
https://kawalpemilu.org#25466,"SUNGGAK, JEMAJA, KEPULAUAN ANAMBAS, KEPULAUAN RIAU",1,117,62,179
https://kawalpemilu.org#87394,"BATU BERAPIT, JEMAJA, KEPULAUAN ANAMBAS, KEPULAUAN RIAU",1,96,98,194
https://kawalpemilu.org#87394,"BATU BERAPIT, JEMAJA, KEPULAUAN ANAMBAS, KEPULAUAN RIAU",2,93,94,187
https://kawalpemilu.org#87394,"BATU BERAPIT, JEMAJA, KEPULAUAN ANAMBAS, KEPULAUAN RIAU",3,55,62,117
https://kawalpemilu.org#87394,"BATU BERAPIT, JEMAJA, KEPULAUAN ANAMBAS, KEPULAUAN RIAU",4,74,36,110
https://kawalpemilu.org#87395,"LANDAK, JEMAJA, KEPULAUAN ANAMBAS, KEPULAUAN RIAU",1,97,44,141
https://kawalpemilu.org#87395,"LANDAK, JEMAJA, KEPULAUAN ANAMBAS, KEPULAUAN RIAU",2,114,65,179
https://kawalpemilu.org#25468,"AIR ASUK, SIANTAN TENGAH, KEPULAUAN ANAMBAS, KEPULAUAN RIAU",1,116,76,192
https://kawalpemilu.org#25468,"AIR ASUK, SIANTAN TENGAH, KEPULAUAN ANAMBAS, KEPULAUAN RIAU",2,129,76,205
https://kawalpemilu.org#25469,"AIR SENA, SIANTAN TENGAH, KEPULAUAN ANAMBAS, KEPULAUAN RIAU",1,222,25,247
https://kawalpemilu.org#25469,"AIR SENA, SIANTAN TENGAH, KEPULAUAN ANAMBAS, KEPULAUAN RIAU",2,202,27,229
https://kawalpemilu.org#25470,"TELUK SIANTAN, SIANTAN TENGAH, KEPULAUAN ANAMBAS, KEPULAUAN RIAU",1,77,98,175
https://kawalpemilu.org#25470,"TELUK SIANTAN, SIANTAN TENGAH, KEPULAUAN ANAMBAS, KEPULAUAN RIAU",2,128,46,174
https://kawalpemilu.org#25470,"TELUK SIANTAN, SIANTAN TENGAH, KEPULAUAN ANAMBAS, KEPULAUAN RIAU",3,77,42,119
https://kawalpemilu.org#87396,"LIDI, SIANTAN TENGAH, KEPULAUAN ANAMBAS, KEPULAUAN RIAU",1,141,46,187
https://kawalpemilu.org#87397,"LIUK, SIANTAN TENGAH, KEPULAUAN ANAMBAS, KEPULAUAN RIAU",1,147,10,157
https://kawalpemilu.org#87398,"TELUK SUNTING, SIANTAN TENGAH, KEPULAUAN ANAMBAS, KEPULAUAN RIAU",1,139,68,207
https://kawalpemilu.org#25473,"KAWAL, GUNUNG KIJANG, BINTAN, KEPULAUAN RIAU",1,109,86,195
https://kawalpemilu.org#25473,"KAWAL, GUNUNG KIJANG, BINTAN, KEPULAUAN RIAU",2,127,102,229
https://kawalpemilu.org#25473,"KAWAL, GUNUNG KIJANG, BINTAN, KEPULAUAN RIAU",3,160,64,224
https://kawalpemilu.org#25473,"KAWAL, GUNUNG KIJANG, BINTAN, KEPULAUAN RIAU",4,180,45,225
https://kawalpemilu.org#25473,"KAWAL, GUNUNG KIJANG, BINTAN, KEPULAUAN RIAU",5,129,78,207
https://kawalpemilu.org#25473,"KAWAL, GUNUNG KIJANG, BINTAN, KEPULAUAN RIAU",6,162,73,235
https://kawalpemilu.org#25473,"KAWAL, GUNUNG KIJANG, BINTAN, KEPULAUAN RIAU",7,156,92,248
https://kawalpemilu.org#25473,"KAWAL, GUNUNG KIJANG, BINTAN, KEPULAUAN RIAU",8,153,62,215
https://kawalpemilu.org#25473,"KAWAL, GUNUNG KIJANG, BINTAN, KEPULAUAN RIAU",9,134,103,237
https://kawalpemilu.org#25473,"KAWAL, GUNUNG KIJANG, BINTAN, KEPULAUAN RIAU",10,107,90,197
https://kawalpemilu.org#25473,"KAWAL, GUNUNG KIJANG, BINTAN, KEPULAUAN RIAU",11,133,113,246
https://kawalpemilu.org#25473,"KAWAL, GUNUNG KIJANG, BINTAN, KEPULAUAN RIAU",12,149,70,219
https://kawalpemilu.org#25473,"KAWAL, GUNUNG KIJANG, BINTAN, KEPULAUAN RIAU",13,124,83,207
https://kawalpemilu.org#25473,"KAWAL, GUNUNG KIJANG, BINTAN, KEPULAUAN RIAU",14,119,99,218
https://kawalpemilu.org#25473,"KAWAL, GUNUNG KIJANG, BINTAN, KEPULAUAN RIAU",15,107,89,196
https://kawalpemilu.org#25473,"KAWAL, GUNUNG KIJANG, BINTAN, KEPULAUAN RIAU",16,136,87,223
https://kawalpemilu.org#25473,"KAWAL, GUNUNG KIJANG, BINTAN, KEPULAUAN RIAU",17,100,56,156
https://kawalpemilu.org#25473,"KAWAL, GUNUNG KIJANG, BINTAN, KEPULAUAN RIAU",18,86,80,166
https://kawalpemilu.org#25474,"GUNUNG KIJANG, GUNUNG KIJANG, BINTAN, KEPULAUAN RIAU",1,167,82,249
https://kawalpemilu.org#25474,"GUNUNG KIJANG, GUNUNG KIJANG, BINTAN, KEPULAUAN RIAU",2,139,109,248
https://kawalpemilu.org#25474,"GUNUNG KIJANG, GUNUNG KIJANG, BINTAN, KEPULAUAN RIAU",3,89,44,133
https://kawalpemilu.org#25474,"GUNUNG KIJANG, GUNUNG KIJANG, BINTAN, KEPULAUAN RIAU",4,186,80,266
https://kawalpemilu.org#25474,"GUNUNG KIJANG, GUNUNG KIJANG, BINTAN, KEPULAUAN RIAU",5,171,58,229
https://kawalpemilu.org#25474,"GUNUNG KIJANG, GUNUNG KIJANG, BINTAN, KEPULAUAN RIAU",6,98,138,236
https://kawalpemilu.org#25474,"GUNUNG KIJANG, GUNUNG KIJANG, BINTAN, KEPULAUAN RIAU",7,132,52,184
https://kawalpemilu.org#25474,"GUNUNG KIJANG, GUNUNG KIJANG, BINTAN, KEPULAUAN RIAU",8,68,127,195
https://kawalpemilu.org#25474,"GUNUNG KIJANG, GUNUNG KIJANG, BINTAN, KEPULAUAN RIAU",9,28,89,117
https://kawalpemilu.org#25475,"MALANG RAPAT, GUNUNG KIJANG, BINTAN, KEPULAUAN RIAU",1,149,76,225
https://kawalpemilu.org#25475,"MALANG RAPAT, GUNUNG KIJANG, BINTAN, KEPULAUAN RIAU",2,170,89,259
https://kawalpemilu.org#25475,"MALANG RAPAT, GUNUNG KIJANG, BINTAN, KEPULAUAN RIAU",3,184,77,261
https://kawalpemilu.org#25475,"MALANG RAPAT, GUNUNG KIJANG, BINTAN, KEPULAUAN RIAU",4,196,32,228
https://kawalpemilu.org#25475,"MALANG RAPAT, GUNUNG KIJANG, BINTAN, KEPULAUAN RIAU",5,184,57,241
https://kawalpemilu.org#25475,"MALANG RAPAT, GUNUNG KIJANG, BINTAN, KEPULAUAN RIAU",6,113,47,160
https://kawalpemilu.org#25475,"MALANG RAPAT, GUNUNG KIJANG, BINTAN, KEPULAUAN RIAU",7,93,47,140
https://kawalpemilu.org#25476,"TELUK BAKAU, GUNUNG KIJANG, BINTAN, KEPULAUAN RIAU",1,153,97,250
https://kawalpemilu.org#25476,"TELUK BAKAU, GUNUNG KIJANG, BINTAN, KEPULAUAN RIAU",2,161,60,221
https://kawalpemilu.org#25476,"TELUK BAKAU, GUNUNG KIJANG, BINTAN, KEPULAUAN RIAU",3,124,119,243
https://kawalpemilu.org#25476,"TELUK BAKAU, GUNUNG KIJANG, BINTAN, KEPULAUAN RIAU",4,186,50,236
https://kawalpemilu.org#25476,"TELUK BAKAU, GUNUNG KIJANG, BINTAN, KEPULAUAN RIAU",5,110,61,171
https://kawalpemilu.org#25476,"TELUK BAKAU, GUNUNG KIJANG, BINTAN, KEPULAUAN RIAU",6,102,56,158
https://kawalpemilu.org#25478,"KIJANG KOTA, BINTAN TIMUR, BINTAN, KEPULAUAN RIAU",2,85,109,194
https://kawalpemilu.org#25478,"KIJANG KOTA, BINTAN TIMUR, BINTAN, KEPULAUAN RIAU",3,113,83,196
https://kawalpemilu.org#25478,"KIJANG KOTA, BINTAN TIMUR, BINTAN, KEPULAUAN RIAU",4,128,139,267
https://kawalpemilu.org#25478,"KIJANG KOTA, BINTAN TIMUR, BINTAN, KEPULAUAN RIAU",5,107,96,203
https://kawalpemilu.org#25478,"KIJANG KOTA, BINTAN TIMUR, BINTAN, KEPULAUAN RIAU",6,124,96,220
https://kawalpemilu.org#25478,"KIJANG KOTA, BINTAN TIMUR, BINTAN, KEPULAUAN RIAU",7,139,107,246
https://kawalpemilu.org#25478,"KIJANG KOTA, BINTAN TIMUR, BINTAN, KEPULAUAN RIAU",8,128,115,243
https://kawalpemilu.org#25478,"KIJANG KOTA, BINTAN TIMUR, BINTAN, KEPULAUAN RIAU",9,84,110,194
https://kawalpemilu.org#25478,"KIJANG KOTA, BINTAN TIMUR, BINTAN, KEPULAUAN RIAU",10,161,76,237
https://kawalpemilu.org#25478,"KIJANG KOTA, BINTAN TIMUR, BINTAN, KEPULAUAN RIAU",11,118,150,268
https://kawalpemilu.org#25478,"KIJANG KOTA, BINTAN TIMUR, BINTAN, KEPULAUAN RIAU",12,105,54,159
https://kawalpemilu.org#25478,"KIJANG KOTA, BINTAN TIMUR, BINTAN, KEPULAUAN RIAU",13,113,57,170
https://kawalpemilu.org#25478,"KIJANG KOTA, BINTAN TIMUR, BINTAN, KEPULAUAN RIAU",14,134,86,220
https://kawalpemilu.org#25478,"KIJANG KOTA, BINTAN TIMUR, BINTAN, KEPULAUAN RIAU",15,153,62,215
https://kawalpemilu.org#25478,"KIJANG KOTA, BINTAN TIMUR, BINTAN, KEPULAUAN RIAU",16,78,93,171
https://kawalpemilu.org#25478,"KIJANG KOTA, BINTAN TIMUR, BINTAN, KEPULAUAN RIAU",17,156,63,219
https://kawalpemilu.org#25478,"KIJANG KOTA, BINTAN TIMUR, BINTAN, KEPULAUAN RIAU",18,81,69,150
https://kawalpemilu.org#25478,"KIJANG KOTA, BINTAN TIMUR, BINTAN, KEPULAUAN RIAU",19,96,116,212
https://kawalpemilu.org#25478,"KIJANG KOTA, BINTAN TIMUR, BINTAN, KEPULAUAN RIAU",20,67,122,189
https://kawalpemilu.org#25478,"KIJANG KOTA, BINTAN TIMUR, BINTAN, KEPULAUAN RIAU",21,123,50,173
https://kawalpemilu.org#25478,"KIJANG KOTA, BINTAN TIMUR, BINTAN, KEPULAUAN RIAU",22,94,75,169
https://kawalpemilu.org#25478,"KIJANG KOTA, BINTAN TIMUR, BINTAN, KEPULAUAN RIAU",23,168,32,200
https://kawalpemilu.org#25478,"KIJANG KOTA, BINTAN TIMUR, BINTAN, KEPULAUAN RIAU",24,111,128,239
https://kawalpemilu.org#25478,"KIJANG KOTA, BINTAN TIMUR, BINTAN, KEPULAUAN RIAU",25,104,85,189
https://kawalpemilu.org#25478,"KIJANG KOTA, BINTAN TIMUR, BINTAN, KEPULAUAN RIAU",26,143,85,228
https://kawalpemilu.org#25478,"KIJANG KOTA, BINTAN TIMUR, BINTAN, KEPULAUAN RIAU",27,110,107,217
https://kawalpemilu.org#25478,"KIJANG KOTA, BINTAN TIMUR, BINTAN, KEPULAUAN RIAU",28,103,124,227
https://kawalpemilu.org#25478,"KIJANG KOTA, BINTAN TIMUR, BINTAN, KEPULAUAN RIAU",29,108,89,197
https://kawalpemilu.org#25478,"KIJANG KOTA, BINTAN TIMUR, BINTAN, KEPULAUAN RIAU",30,168,50,218
https://kawalpemilu.org#25478,"KIJANG KOTA, BINTAN TIMUR, BINTAN, KEPULAUAN RIAU",31,172,102,274
https://kawalpemilu.org#25478,"KIJANG KOTA, BINTAN TIMUR, BINTAN, KEPULAUAN RIAU",32,139,106,245
https://kawalpemilu.org#25478,"KIJANG KOTA, BINTAN TIMUR, BINTAN, KEPULAUAN RIAU",33,130,77,207
https://kawalpemilu.org#25478,"KIJANG KOTA, BINTAN TIMUR, BINTAN, KEPULAUAN RIAU",34,95,88,183
https://kawalpemilu.org#25478,"KIJANG KOTA, BINTAN TIMUR, BINTAN, KEPULAUAN RIAU",35,119,128,247
https://kawalpemilu.org#25478,"KIJANG KOTA, BINTAN TIMUR, BINTAN, KEPULAUAN RIAU",36,83,157,239
https://kawalpemilu.org#25478,"KIJANG KOTA, BINTAN TIMUR, BINTAN, KEPULAUAN RIAU",37,128,114,242
https://kawalpemilu.org#25478,"KIJANG KOTA, BINTAN TIMUR, BINTAN, KEPULAUAN RIAU",38,123,128,251
https://kawalpemilu.org#25478,"KIJANG KOTA, BINTAN TIMUR, BINTAN, KEPULAUAN RIAU",39,119,123,242
https://kawalpemilu.org#25478,"KIJANG KOTA, BINTAN TIMUR, BINTAN, KEPULAUAN RIAU",40,131,79,210
https://kawalpemilu.org#25478,"KIJANG KOTA, BINTAN TIMUR, BINTAN, KEPULAUAN RIAU",41,108,134,242
https://kawalpemilu.org#25478,"KIJANG KOTA, BINTAN TIMUR, BINTAN, KEPULAUAN RIAU",42,95,45,140
https://kawalpemilu.org#25478,"KIJANG KOTA, BINTAN TIMUR, BINTAN, KEPULAUAN RIAU",43,102,107,209
https://kawalpemilu.org#25478,"KIJANG KOTA, BINTAN TIMUR, BINTAN, KEPULAUAN RIAU",44,96,108,204
https://kawalpemilu.org#25478,"KIJANG KOTA, BINTAN TIMUR, BINTAN, KEPULAUAN RIAU",45,145,49,194
https://kawalpemilu.org#25478,"KIJANG KOTA, BINTAN TIMUR, BINTAN, KEPULAUAN RIAU",46,126,121,247
https://kawalpemilu.org#25478,"KIJANG KOTA, BINTAN TIMUR, BINTAN, KEPULAUAN RIAU",47,109,87,196
https://kawalpemilu.org#25478,"KIJANG KOTA, BINTAN TIMUR, BINTAN, KEPULAUAN RIAU",48,122,109,231
https://kawalpemilu.org#25478,"KIJANG KOTA, BINTAN TIMUR, BINTAN, KEPULAUAN RIAU",49,109,135,244
https://kawalpemilu.org#25478,"KIJANG KOTA, BINTAN TIMUR, BINTAN, KEPULAUAN RIAU",50,84,153,237
https://kawalpemilu.org#25478,"KIJANG KOTA, BINTAN TIMUR, BINTAN, KEPULAUAN RIAU",51,83,101,184
https://kawalpemilu.org#25478,"KIJANG KOTA, BINTAN TIMUR, BINTAN, KEPULAUAN RIAU",52,116,119,235
https://kawalpemilu.org#25478,"KIJANG KOTA, BINTAN TIMUR, BINTAN, KEPULAUAN RIAU",53,91,79,170
https://kawalpemilu.org#25478,"KIJANG KOTA, BINTAN TIMUR, BINTAN, KEPULAUAN RIAU",54,119,123,242
https://kawalpemilu.org#25478,"KIJANG KOTA, BINTAN TIMUR, BINTAN, KEPULAUAN RIAU",55,120,135,255
https://kawalpemilu.org#25478,"KIJANG KOTA, BINTAN TIMUR, BINTAN, KEPULAUAN RIAU",56,101,143,244
https://kawalpemilu.org#25478,"KIJANG KOTA, BINTAN TIMUR, BINTAN, KEPULAUAN RIAU",57,112,24,136
https://kawalpemilu.org#25478,"KIJANG KOTA, BINTAN TIMUR, BINTAN, KEPULAUAN RIAU",58,104,87,191
https://kawalpemilu.org#25478,"KIJANG KOTA, BINTAN TIMUR, BINTAN, KEPULAUAN RIAU",59,94,78,172
https://kawalpemilu.org#25478,"KIJANG KOTA, BINTAN TIMUR, BINTAN, KEPULAUAN RIAU",60,70,102,172
https://kawalpemilu.org#25478,"KIJANG KOTA, BINTAN TIMUR, BINTAN, KEPULAUAN RIAU",61,120,84,204
https://kawalpemilu.org#25478,"KIJANG KOTA, BINTAN TIMUR, BINTAN, KEPULAUAN RIAU",62,84,103,187
https://kawalpemilu.org#25478,"KIJANG KOTA, BINTAN TIMUR, BINTAN, KEPULAUAN RIAU",63,101,103,204
https://kawalpemilu.org#25478,"KIJANG KOTA, BINTAN TIMUR, BINTAN, KEPULAUAN RIAU",64,109,80,189
https://kawalpemilu.org#25478,"KIJANG KOTA, BINTAN TIMUR, BINTAN, KEPULAUAN RIAU",65,123,67,190
https://kawalpemilu.org#25478,"KIJANG KOTA, BINTAN TIMUR, BINTAN, KEPULAUAN RIAU",66,141,85,226
https://kawalpemilu.org#25478,"KIJANG KOTA, BINTAN TIMUR, BINTAN, KEPULAUAN RIAU",67,114,68,182
https://kawalpemilu.org#25478,"KIJANG KOTA, BINTAN TIMUR, BINTAN, KEPULAUAN RIAU",68,73,54,127
https://kawalpemilu.org#25478,"KIJANG KOTA, BINTAN TIMUR, BINTAN, KEPULAUAN RIAU",69,87,57,144
https://kawalpemilu.org#25478,"KIJANG KOTA, BINTAN TIMUR, BINTAN, KEPULAUAN RIAU",70,92,44,136
https://kawalpemilu.org#25478,"KIJANG KOTA, BINTAN TIMUR, BINTAN, KEPULAUAN RIAU",71,98,116,214
https://kawalpemilu.org#25478,"KIJANG KOTA, BINTAN TIMUR, BINTAN, KEPULAUAN RIAU",72,82,95,177
https://kawalpemilu.org#25478,"KIJANG KOTA, BINTAN TIMUR, BINTAN, KEPULAUAN RIAU",73,25,54,79
https://kawalpemilu.org#25478,"KIJANG KOTA, BINTAN TIMUR, BINTAN, KEPULAUAN RIAU",74,75,70,145
https://kawalpemilu.org#25478,"KIJANG KOTA, BINTAN TIMUR, BINTAN, KEPULAUAN RIAU",75,85,62,147
https://kawalpemilu.org#25479,"SUNGAI LEKOP, BINTAN TIMUR, BINTAN, KEPULAUAN RIAU",1,111,83,194
https://kawalpemilu.org#25479,"SUNGAI LEKOP, BINTAN TIMUR, BINTAN, KEPULAUAN RIAU",2,141,126,267
https://kawalpemilu.org#25479,"SUNGAI LEKOP, BINTAN TIMUR, BINTAN, KEPULAUAN RIAU",3,112,110,212
https://kawalpemilu.org#25479,"SUNGAI LEKOP, BINTAN TIMUR, BINTAN, KEPULAUAN RIAU",4,96,170,266
https://kawalpemilu.org#25479,"SUNGAI LEKOP, BINTAN TIMUR, BINTAN, KEPULAUAN RIAU",5,123,88,211
https://kawalpemilu.org#25479,"SUNGAI LEKOP, BINTAN TIMUR, BINTAN, KEPULAUAN RIAU",6,160,107,267
https://kawalpemilu.org#25479,"SUNGAI LEKOP, BINTAN TIMUR, BINTAN, KEPULAUAN RIAU",7,82,96,178
https://kawalpemilu.org#25479,"SUNGAI LEKOP, BINTAN TIMUR, BINTAN, KEPULAUAN RIAU",8,118,142,260
https://kawalpemilu.org#25479,"SUNGAI LEKOP, BINTAN TIMUR, BINTAN, KEPULAUAN RIAU",9,115,163,278
https://kawalpemilu.org#25479,"SUNGAI LEKOP, BINTAN TIMUR, BINTAN, KEPULAUAN RIAU",10,121,138,259
https://kawalpemilu.org#25479,"SUNGAI LEKOP, BINTAN TIMUR, BINTAN, KEPULAUAN RIAU",11,126,108,234
https://kawalpemilu.org#25479,"SUNGAI LEKOP, BINTAN TIMUR, BINTAN, KEPULAUAN RIAU",12,118,85,203
https://kawalpemilu.org#25479,"SUNGAI LEKOP, BINTAN TIMUR, BINTAN, KEPULAUAN RIAU",13,119,92,211
https://kawalpemilu.org#25479,"SUNGAI LEKOP, BINTAN TIMUR, BINTAN, KEPULAUAN RIAU",14,98,140,238
https://kawalpemilu.org#25479,"SUNGAI LEKOP, BINTAN TIMUR, BINTAN, KEPULAUAN RIAU",15,96,159,255
https://kawalpemilu.org#25479,"SUNGAI LEKOP, BINTAN TIMUR, BINTAN, KEPULAUAN RIAU",16,118,146,264
https://kawalpemilu.org#25479,"SUNGAI LEKOP, BINTAN TIMUR, BINTAN, KEPULAUAN RIAU",17,95,116,211
https://kawalpemilu.org#25479,"SUNGAI LEKOP, BINTAN TIMUR, BINTAN, KEPULAUAN RIAU",18,95,82,177
https://kawalpemilu.org#25479,"SUNGAI LEKOP, BINTAN TIMUR, BINTAN, KEPULAUAN RIAU",19,81,120,201
https://kawalpemilu.org#25480,"GUNUNG LENGKUAS, BINTAN TIMUR, BINTAN, KEPULAUAN RIAU",1,151,75,226
https://kawalpemilu.org#25480,"GUNUNG LENGKUAS, BINTAN TIMUR, BINTAN, KEPULAUAN RIAU",2,114,130,244
https://kawalpemilu.org#25480,"GUNUNG LENGKUAS, BINTAN TIMUR, BINTAN, KEPULAUAN RIAU",3,113,125,238
https://kawalpemilu.org#25480,"GUNUNG LENGKUAS, BINTAN TIMUR, BINTAN, KEPULAUAN RIAU",4,116,120,236
https://kawalpemilu.org#25480,"GUNUNG LENGKUAS, BINTAN TIMUR, BINTAN, KEPULAUAN RIAU",5,119,93,212
https://kawalpemilu.org#25480,"GUNUNG LENGKUAS, BINTAN TIMUR, BINTAN, KEPULAUAN RIAU",6,84,103,187
https://kawalpemilu.org#25480,"GUNUNG LENGKUAS, BINTAN TIMUR, BINTAN, KEPULAUAN RIAU",7,84,119,203
https://kawalpemilu.org#25480,"GUNUNG LENGKUAS, BINTAN TIMUR, BINTAN, KEPULAUAN RIAU",8,104,90,194
https://kawalpemilu.org#25480,"GUNUNG LENGKUAS, BINTAN TIMUR, BINTAN, KEPULAUAN RIAU",9,186,50,236
https://kawalpemilu.org#25480,"GUNUNG LENGKUAS, BINTAN TIMUR, BINTAN, KEPULAUAN RIAU",10,195,32,227
https://kawalpemilu.org#25480,"GUNUNG LENGKUAS, BINTAN TIMUR, BINTAN, KEPULAUAN RIAU",11,113,98,211
https://kawalpemilu.org#25480,"GUNUNG LENGKUAS, BINTAN TIMUR, BINTAN, KEPULAUAN RIAU",12,121,98,219
https://kawalpemilu.org#25480,"GUNUNG LENGKUAS, BINTAN TIMUR, BINTAN, KEPULAUAN RIAU",13,90,82,172
https://kawalpemilu.org#25480,"GUNUNG LENGKUAS, BINTAN TIMUR, BINTAN, KEPULAUAN RIAU",14,120,105,225
https://kawalpemilu.org#25480,"GUNUNG LENGKUAS, BINTAN TIMUR, BINTAN, KEPULAUAN RIAU",15,140,135,275
https://kawalpemilu.org#25480,"GUNUNG LENGKUAS, BINTAN TIMUR, BINTAN, KEPULAUAN RIAU",16,91,107,198
https://kawalpemilu.org#25480,"GUNUNG LENGKUAS, BINTAN TIMUR, BINTAN, KEPULAUAN RIAU",17,141,60,201
https://kawalpemilu.org#25481,"SUNGAI ENAM, BINTAN TIMUR, BINTAN, KEPULAUAN RIAU",1,88,102,190
https://kawalpemilu.org#25481,"SUNGAI ENAM, BINTAN TIMUR, BINTAN, KEPULAUAN RIAU",2,94,172,266
https://kawalpemilu.org#25481,"SUNGAI ENAM, BINTAN TIMUR, BINTAN, KEPULAUAN RIAU",3,99,93,192
https://kawalpemilu.org#25481,"SUNGAI ENAM, BINTAN TIMUR, BINTAN, KEPULAUAN RIAU",4,110,59,169
https://kawalpemilu.org#25481,"SUNGAI ENAM, BINTAN TIMUR, BINTAN, KEPULAUAN RIAU",5,100,44,144
https://kawalpemilu.org#25481,"SUNGAI ENAM, BINTAN TIMUR, BINTAN, KEPULAUAN RIAU",6,106,102,208
https://kawalpemilu.org#25481,"SUNGAI ENAM, BINTAN TIMUR, BINTAN, KEPULAUAN RIAU",7,129,56,185
https://kawalpemilu.org#25481,"SUNGAI ENAM, BINTAN TIMUR, BINTAN, KEPULAUAN RIAU",8,99,50,149
https://kawalpemilu.org#25483,"TANJUNG UBAN KOTA, BINTAN UTARA, BINTAN, KEPULAUAN RIAU",1,96,97,193
https://kawalpemilu.org#25483,"TANJUNG UBAN KOTA, BINTAN UTARA, BINTAN, KEPULAUAN RIAU",2,109,128,237
https://kawalpemilu.org#25483,"TANJUNG UBAN KOTA, BINTAN UTARA, BINTAN, KEPULAUAN RIAU",3,117,95,212
https://kawalpemilu.org#25483,"TANJUNG UBAN KOTA, BINTAN UTARA, BINTAN, KEPULAUAN RIAU",4,96,85,181
https://kawalpemilu.org#25483,"TANJUNG UBAN KOTA, BINTAN UTARA, BINTAN, KEPULAUAN RIAU",5,121,109,230
https://kawalpemilu.org#25483,"TANJUNG UBAN KOTA, BINTAN UTARA, BINTAN, KEPULAUAN RIAU",6,176,83,159
https://kawalpemilu.org#25483,"TANJUNG UBAN KOTA, BINTAN UTARA, BINTAN, KEPULAUAN RIAU",7,106,98,204
https://kawalpemilu.org#25483,"TANJUNG UBAN KOTA, BINTAN UTARA, BINTAN, KEPULAUAN RIAU",8,163,117,280
https://kawalpemilu.org#25483,"TANJUNG UBAN KOTA, BINTAN UTARA, BINTAN, KEPULAUAN RIAU",9,110,139,249
https://kawalpemilu.org#25483,"TANJUNG UBAN KOTA, BINTAN UTARA, BINTAN, KEPULAUAN RIAU",10,161,91,252
https://kawalpemilu.org#25483,"TANJUNG UBAN KOTA, BINTAN UTARA, BINTAN, KEPULAUAN RIAU",11,91,113,204
https://kawalpemilu.org#25483,"TANJUNG UBAN KOTA, BINTAN UTARA, BINTAN, KEPULAUAN RIAU",12,157,105,262
https://kawalpemilu.org#25483,"TANJUNG UBAN KOTA, BINTAN UTARA, BINTAN, KEPULAUAN RIAU",13,139,103,242
https://kawalpemilu.org#25483,"TANJUNG UBAN KOTA, BINTAN UTARA, BINTAN, KEPULAUAN RIAU",14,142,85,227
https://kawalpemilu.org#25483,"TANJUNG UBAN KOTA, BINTAN UTARA, BINTAN, KEPULAUAN RIAU",15,107,87,194
https://kawalpemilu.org#25483,"TANJUNG UBAN KOTA, BINTAN UTARA, BINTAN, KEPULAUAN RIAU",16,104,88,192
https://kawalpemilu.org#25483,"TANJUNG UBAN KOTA, BINTAN UTARA, BINTAN, KEPULAUAN RIAU",17,111,100,211
https://kawalpemilu.org#25483,"TANJUNG UBAN KOTA, BINTAN UTARA, BINTAN, KEPULAUAN RIAU",18,67,68,135
https://kawalpemilu.org#25483,"TANJUNG UBAN KOTA, BINTAN UTARA, BINTAN, KEPULAUAN RIAU",19,64,64,128
https://kawalpemilu.org#25483,"TANJUNG UBAN KOTA, BINTAN UTARA, BINTAN, KEPULAUAN RIAU",20,109,88,197
https://kawalpemilu.org#25483,"TANJUNG UBAN KOTA, BINTAN UTARA, BINTAN, KEPULAUAN RIAU",21,89,44,133
https://kawalpemilu.org#25483,"TANJUNG UBAN KOTA, BINTAN UTARA, BINTAN, KEPULAUAN RIAU",22,70,54,124
https://kawalpemilu.org#25484,"TANJUNG UBAN UTARA, BINTAN UTARA, BINTAN, KEPULAUAN RIAU",1,61,82,143
https://kawalpemilu.org#25484,"TANJUNG UBAN UTARA, BINTAN UTARA, BINTAN, KEPULAUAN RIAU",2,66,87,153
https://kawalpemilu.org#25484,"TANJUNG UBAN UTARA, BINTAN UTARA, BINTAN, KEPULAUAN RIAU",3,87,90,177
https://kawalpemilu.org#25484,"TANJUNG UBAN UTARA, BINTAN UTARA, BINTAN, KEPULAUAN RIAU",4,137,94,231
https://kawalpemilu.org#25484,"TANJUNG UBAN UTARA, BINTAN UTARA, BINTAN, KEPULAUAN RIAU",5,100,105,205
https://kawalpemilu.org#25484,"TANJUNG UBAN UTARA, BINTAN UTARA, BINTAN, KEPULAUAN RIAU",6,123,128,251
https://kawalpemilu.org#25484,"TANJUNG UBAN UTARA, BINTAN UTARA, BINTAN, KEPULAUAN RIAU",7,125,132,257
https://kawalpemilu.org#25484,"TANJUNG UBAN UTARA, BINTAN UTARA, BINTAN, KEPULAUAN RIAU",8,114,112,226
https://kawalpemilu.org#25484,"TANJUNG UBAN UTARA, BINTAN UTARA, BINTAN, KEPULAUAN RIAU",9,101,52,153
https://kawalpemilu.org#25484,"TANJUNG UBAN UTARA, BINTAN UTARA, BINTAN, KEPULAUAN RIAU",10,107,106,213
https://kawalpemilu.org#25484,"TANJUNG UBAN UTARA, BINTAN UTARA, BINTAN, KEPULAUAN RIAU",11,70,94,164
https://kawalpemilu.org#25484,"TANJUNG UBAN UTARA, BINTAN UTARA, BINTAN, KEPULAUAN RIAU",12,71,103,174
https://kawalpemilu.org#25484,"TANJUNG UBAN UTARA, BINTAN UTARA, BINTAN, KEPULAUAN RIAU",13,132,141,273
https://kawalpemilu.org#25485,"TANJUNG UBAN SELATAN, BINTAN UTARA, BINTAN, KEPULAUAN RIAU",1,135,103,238
https://kawalpemilu.org#25485,"TANJUNG UBAN SELATAN, BINTAN UTARA, BINTAN, KEPULAUAN RIAU",2,157,124,281
https://kawalpemilu.org#25485,"TANJUNG UBAN SELATAN, BINTAN UTARA, BINTAN, KEPULAUAN RIAU",3,106,99,205
https://kawalpemilu.org#25485,"TANJUNG UBAN SELATAN, BINTAN UTARA, BINTAN, KEPULAUAN RIAU",4,111,106,217
https://kawalpemilu.org#25485,"TANJUNG UBAN SELATAN, BINTAN UTARA, BINTAN, KEPULAUAN RIAU",5,124,73,197
https://kawalpemilu.org#25485,"TANJUNG UBAN SELATAN, BINTAN UTARA, BINTAN, KEPULAUAN RIAU",6,94,90,184
https://kawalpemilu.org#25485,"TANJUNG UBAN SELATAN, BINTAN UTARA, BINTAN, KEPULAUAN RIAU",7,141,99,240
https://kawalpemilu.org#25485,"TANJUNG UBAN SELATAN, BINTAN UTARA, BINTAN, KEPULAUAN RIAU",8,89,60,149
https://kawalpemilu.org#25485,"TANJUNG UBAN SELATAN, BINTAN UTARA, BINTAN, KEPULAUAN RIAU",9,63,115,178
https://kawalpemilu.org#25485,"TANJUNG UBAN SELATAN, BINTAN UTARA, BINTAN, KEPULAUAN RIAU",10,124,112,236
https://kawalpemilu.org#25485,"TANJUNG UBAN SELATAN, BINTAN UTARA, BINTAN, KEPULAUAN RIAU",11,92,122,214
https://kawalpemilu.org#25485,"TANJUNG UBAN SELATAN, BINTAN UTARA, BINTAN, KEPULAUAN RIAU",12,85,85,170
https://kawalpemilu.org#25485,"TANJUNG UBAN SELATAN, BINTAN UTARA, BINTAN, KEPULAUAN RIAU",13,52,123,175
https://kawalpemilu.org#25485,"TANJUNG UBAN SELATAN, BINTAN UTARA, BINTAN, KEPULAUAN RIAU",14,114,81,195
https://kawalpemilu.org#25485,"TANJUNG UBAN SELATAN, BINTAN UTARA, BINTAN, KEPULAUAN RIAU",15,139,82,221
https://kawalpemilu.org#25485,"TANJUNG UBAN SELATAN, BINTAN UTARA, BINTAN, KEPULAUAN RIAU",16,118,96,214
https://kawalpemilu.org#25486,"TANJUNG UBAN TIMUR, BINTAN UTARA, BINTAN, KEPULAUAN RIAU",1,101,121,222
https://kawalpemilu.org#25486,"TANJUNG UBAN TIMUR, BINTAN UTARA, BINTAN, KEPULAUAN RIAU",2,76,149,225
https://kawalpemilu.org#25486,"TANJUNG UBAN TIMUR, BINTAN UTARA, BINTAN, KEPULAUAN RIAU",3,135,129,264
https://kawalpemilu.org#25487,"LANCANG KUNING, BINTAN UTARA, BINTAN, KEPULAUAN RIAU",1,122,122,244
https://kawalpemilu.org#25487,"LANCANG KUNING, BINTAN UTARA, BINTAN, KEPULAUAN RIAU",2,131,142,273
https://kawalpemilu.org#25487,"LANCANG KUNING, BINTAN UTARA, BINTAN, KEPULAUAN RIAU",3,133,72,205
https://kawalpemilu.org#25487,"LANCANG KUNING, BINTAN UTARA, BINTAN, KEPULAUAN RIAU",4,70,45,115
https://kawalpemilu.org#25489,"TEMBELING TANJUNG, TELUK BINTAN, BINTAN, KEPULAUAN RIAU",1,94,131,225
https://kawalpemilu.org#25489,"TEMBELING TANJUNG, TELUK BINTAN, BINTAN, KEPULAUAN RIAU",2,135,99,234
https://kawalpemilu.org#25489,"TEMBELING TANJUNG, TELUK BINTAN, BINTAN, KEPULAUAN RIAU",3,146,98,244
https://kawalpemilu.org#25489,"TEMBELING TANJUNG, TELUK BINTAN, BINTAN, KEPULAUAN RIAU",4,95,117,212
https://kawalpemilu.org#25489,"TEMBELING TANJUNG, TELUK BINTAN, BINTAN, KEPULAUAN RIAU",5,132,91,223
https://kawalpemilu.org#25489,"TEMBELING TANJUNG, TELUK BINTAN, BINTAN, KEPULAUAN RIAU",6,93,52,145
https://kawalpemilu.org#25489,"TEMBELING TANJUNG, TELUK BINTAN, BINTAN, KEPULAUAN RIAU",7,96,83,179
https://kawalpemilu.org#25490,"BINTAN BUYU, TELUK BINTAN, BINTAN, KEPULAUAN RIAU",1,114,77,191
https://kawalpemilu.org#25490,"BINTAN BUYU, TELUK BINTAN, BINTAN, KEPULAUAN RIAU",2,122,93,215
https://kawalpemilu.org#25490,"BINTAN BUYU, TELUK BINTAN, BINTAN, KEPULAUAN RIAU",3,151,85,236
https://kawalpemilu.org#25490,"BINTAN BUYU, TELUK BINTAN, BINTAN, KEPULAUAN RIAU",4,202,41,243
https://kawalpemilu.org#25490,"BINTAN BUYU, TELUK BINTAN, BINTAN, KEPULAUAN RIAU",5,155,44,199
https://kawalpemilu.org#25490,"BINTAN BUYU, TELUK BINTAN, BINTAN, KEPULAUAN RIAU",6,134,116,250
https://kawalpemilu.org#25490,"BINTAN BUYU, TELUK BINTAN, BINTAN, KEPULAUAN RIAU",7,55,81,136
https://kawalpemilu.org#25490,"BINTAN BUYU, TELUK BINTAN, BINTAN, KEPULAUAN RIAU",8,108,83,191
https://kawalpemilu.org#25491,"PANGKIL, TELUK BINTAN, BINTAN, KEPULAUAN RIAU",1,51,192,243
https://kawalpemilu.org#25491,"PANGKIL, TELUK BINTAN, BINTAN, KEPULAUAN RIAU",2,43,189,232
https://kawalpemilu.org#25491,"PANGKIL, TELUK BINTAN, BINTAN, KEPULAUAN RIAU",3,98,151,249
https://kawalpemilu.org#25491,"PANGKIL, TELUK BINTAN, BINTAN, KEPULAUAN RIAU",4,26,96,122
https://kawalpemilu.org#25492,"PENAGA, TELUK BINTAN, BINTAN, KEPULAUAN RIAU",1,72,73,145
https://kawalpemilu.org#25492,"PENAGA, TELUK BINTAN, BINTAN, KEPULAUAN RIAU",2,149,25,174
https://kawalpemilu.org#25492,"PENAGA, TELUK BINTAN, BINTAN, KEPULAUAN RIAU",3,150,134,284
https://kawalpemilu.org#25492,"PENAGA, TELUK BINTAN, BINTAN, KEPULAUAN RIAU",4,133,57,190
https://kawalpemilu.org#25492,"PENAGA, TELUK BINTAN, BINTAN, KEPULAUAN RIAU",5,115,88,203
https://kawalpemilu.org#25492,"PENAGA, TELUK BINTAN, BINTAN, KEPULAUAN RIAU",6,127,29,156
https://kawalpemilu.org#25493,"PENGUJAN, TELUK BINTAN, BINTAN, KEPULAUAN RIAU",1,110,160,270
https://kawalpemilu.org#25493,"PENGUJAN, TELUK BINTAN, BINTAN, KEPULAUAN RIAU",2,102,89,191
https://kawalpemilu.org#25493,"PENGUJAN, TELUK BINTAN, BINTAN, KEPULAUAN RIAU",3,92,72,164
https://kawalpemilu.org#25493,"PENGUJAN, TELUK BINTAN, BINTAN, KEPULAUAN RIAU",4,128,129,257
https://kawalpemilu.org#25494,"TEMBELING, TELUK BINTAN, BINTAN, KEPULAUAN RIAU",1,97,61,158
https://kawalpemilu.org#25494,"TEMBELING, TELUK BINTAN, BINTAN, KEPULAUAN RIAU",2,154,89,243
https://kawalpemilu.org#25494,"TEMBELING, TELUK BINTAN, BINTAN, KEPULAUAN RIAU",3,137,49,186
https://kawalpemilu.org#25494,"TEMBELING, TELUK BINTAN, BINTAN, KEPULAUAN RIAU",4,71,84,155
https://kawalpemilu.org#25496,"TELUK SEKUNI, TAMBELAN, BINTAN, KEPULAUAN RIAU",1,105,49,154
https://kawalpemilu.org#25496,"TELUK SEKUNI, TAMBELAN, BINTAN, KEPULAUAN RIAU",2,101,58,159
https://kawalpemilu.org#25496,"TELUK SEKUNI, TAMBELAN, BINTAN, KEPULAUAN RIAU",3,96,56,152
https://kawalpemilu.org#25497,"BATU LEPUK, TAMBELAN, BINTAN, KEPULAUAN RIAU",1,100,65,165
https://kawalpemilu.org#25497,"BATU LEPUK, TAMBELAN, BINTAN, KEPULAUAN RIAU",2,145,42,187
https://kawalpemilu.org#25498,"KAMPUNG HILIR, TAMBELAN, BINTAN, KEPULAUAN RIAU",1,137,65,202
https://kawalpemilu.org#25498,"KAMPUNG HILIR, TAMBELAN, BINTAN, KEPULAUAN RIAU",2,152,66,218
https://kawalpemilu.org#25498,"KAMPUNG HILIR, TAMBELAN, BINTAN, KEPULAUAN RIAU",3,133,50,183
https://kawalpemilu.org#25498,"KAMPUNG HILIR, TAMBELAN, BINTAN, KEPULAUAN RIAU",4,132,77,209
https://kawalpemilu.org#25499,"KAMPUNG MELAYU, TAMBELAN, BINTAN, KEPULAUAN RIAU",1,129,71,200
https://kawalpemilu.org#25499,"KAMPUNG MELAYU, TAMBELAN, BINTAN, KEPULAUAN RIAU",2,99,58,157
https://kawalpemilu.org#25500,"PULAU MENTEBUNG, TAMBELAN, BINTAN, KEPULAUAN RIAU",1,136,18,154
https://kawalpemilu.org#25501,"PULAU PINANG, TAMBELAN, BINTAN, KEPULAUAN RIAU",1,83,15,98
https://kawalpemilu.org#25502,"KUKUP, TAMBELAN, BINTAN, KEPULAUAN RIAU",1,147,77,224
https://kawalpemilu.org#25502,"KUKUP, TAMBELAN, BINTAN, KEPULAUAN RIAU",2,107,42,149
https://kawalpemilu.org#25502,"KUKUP, TAMBELAN, BINTAN, KEPULAUAN RIAU",3,75,56,131
https://kawalpemilu.org#25503,"PULAU PENGIKIK, TAMBELAN, BINTAN, KEPULAUAN RIAU",1,51,42,93
https://kawalpemilu.org#25505,"KOTA BARU, TELOK SEBONG, BINTAN, KEPULAUAN RIAU",1,168,69,237
https://kawalpemilu.org#25505,"KOTA BARU, TELOK SEBONG, BINTAN, KEPULAUAN RIAU",2,139,89,228
https://kawalpemilu.org#25505,"KOTA BARU, TELOK SEBONG, BINTAN, KEPULAUAN RIAU",3,167,81,248
https://kawalpemilu.org#25505,"KOTA BARU, TELOK SEBONG, BINTAN, KEPULAUAN RIAU",4,156,85,241
https://kawalpemilu.org#25505,"KOTA BARU, TELOK SEBONG, BINTAN, KEPULAUAN RIAU",5,149,85,234
https://kawalpemilu.org#25505,"KOTA BARU, TELOK SEBONG, BINTAN, KEPULAUAN RIAU",6,81,60,141
https://kawalpemilu.org#25506,"BERAKIT, TELOK SEBONG, BINTAN, KEPULAUAN RIAU",1,157,81,238
https://kawalpemilu.org#25506,"BERAKIT, TELOK SEBONG, BINTAN, KEPULAUAN RIAU",2,138,73,211
https://kawalpemilu.org#25506,"BERAKIT, TELOK SEBONG, BINTAN, KEPULAUAN RIAU",3,162,76,238
https://kawalpemilu.org#25506,"BERAKIT, TELOK SEBONG, BINTAN, KEPULAUAN RIAU",4,166,75,241
https://kawalpemilu.org#25506,"BERAKIT, TELOK SEBONG, BINTAN, KEPULAUAN RIAU",5,127,59,186
https://kawalpemilu.org#25507,"EKANG ANCULAI, TELOK SEBONG, BINTAN, KEPULAUAN RIAU",1,124,109,233
https://kawalpemilu.org#25507,"EKANG ANCULAI, TELOK SEBONG, BINTAN, KEPULAUAN RIAU",2,90,60,150
https://kawalpemilu.org#25507,"EKANG ANCULAI, TELOK SEBONG, BINTAN, KEPULAUAN RIAU",3,131,86,217
https://kawalpemilu.org#25507,"EKANG ANCULAI, TELOK SEBONG, BINTAN, KEPULAUAN RIAU",4,129,79,208
https://kawalpemilu.org#25507,"EKANG ANCULAI, TELOK SEBONG, BINTAN, KEPULAUAN RIAU",5,123,86,209
https://kawalpemilu.org#25508,"PENGUDANG, TELOK SEBONG, BINTAN, KEPULAUAN RIAU",1,124,101,225
https://kawalpemilu.org#25508,"PENGUDANG, TELOK SEBONG, BINTAN, KEPULAUAN RIAU",2,155,24,179
https://kawalpemilu.org#25508,"PENGUDANG, TELOK SEBONG, BINTAN, KEPULAUAN RIAU",3,113,145,258
https://kawalpemilu.org#25509,"SEBONG LAGOI, TELOK SEBONG, BINTAN, KEPULAUAN RIAU",1,136,66,202
https://kawalpemilu.org#25509,"SEBONG LAGOI, TELOK SEBONG, BINTAN, KEPULAUAN RIAU",2,118,108,226
https://kawalpemilu.org#25509,"SEBONG LAGOI, TELOK SEBONG, BINTAN, KEPULAUAN RIAU",3,83,111,194
https://kawalpemilu.org#25509,"SEBONG LAGOI, TELOK SEBONG, BINTAN, KEPULAUAN RIAU",4,128,93,221
https://kawalpemilu.org#25509,"SEBONG LAGOI, TELOK SEBONG, BINTAN, KEPULAUAN RIAU",5,147,70,217
https://kawalpemilu.org#25509,"SEBONG LAGOI, TELOK SEBONG, BINTAN, KEPULAUAN RIAU",6,108,99,207
https://kawalpemilu.org#25509,"SEBONG LAGOI, TELOK SEBONG, BINTAN, KEPULAUAN RIAU",7,106,94,200
https://kawalpemilu.org#25509,"SEBONG LAGOI, TELOK SEBONG, BINTAN, KEPULAUAN RIAU",8,117,97,214
https://kawalpemilu.org#25509,"SEBONG LAGOI, TELOK SEBONG, BINTAN, KEPULAUAN RIAU",9,112,48,160
https://kawalpemilu.org#25509,"SEBONG LAGOI, TELOK SEBONG, BINTAN, KEPULAUAN RIAU",10,77,59,136
https://kawalpemilu.org#25509,"SEBONG LAGOI, TELOK SEBONG, BINTAN, KEPULAUAN RIAU",11,141,92,233
https://kawalpemilu.org#25510,"SEBONG PEREH, TELOK SEBONG, BINTAN, KEPULAUAN RIAU",1,149,66,215
https://kawalpemilu.org#25510,"SEBONG PEREH, TELOK SEBONG, BINTAN, KEPULAUAN RIAU",2,136,95,231
https://kawalpemilu.org#25510,"SEBONG PEREH, TELOK SEBONG, BINTAN, KEPULAUAN RIAU",3,181,61,242
https://kawalpemilu.org#25510,"SEBONG PEREH, TELOK SEBONG, BINTAN, KEPULAUAN RIAU",4,148,85,233
https://kawalpemilu.org#25510,"SEBONG PEREH, TELOK SEBONG, BINTAN, KEPULAUAN RIAU",5,147,87,234
https://kawalpemilu.org#25510,"SEBONG PEREH, TELOK SEBONG, BINTAN, KEPULAUAN RIAU",6,115,104,219
https://kawalpemilu.org#25510,"SEBONG PEREH, TELOK SEBONG, BINTAN, KEPULAUAN RIAU",7,123,65,188
https://kawalpemilu.org#25510,"SEBONG PEREH, TELOK SEBONG, BINTAN, KEPULAUAN RIAU",8,154,59,213
https://kawalpemilu.org#25510,"SEBONG PEREH, TELOK SEBONG, BINTAN, KEPULAUAN RIAU",9,138,65,203
https://kawalpemilu.org#25510,"SEBONG PEREH, TELOK SEBONG, BINTAN, KEPULAUAN RIAU",10,46,32,78
https://kawalpemilu.org#25511,"SRI BINTAN, TELOK SEBONG, BINTAN, KEPULAUAN RIAU",1,181,52,233
https://kawalpemilu.org#25511,"SRI BINTAN, TELOK SEBONG, BINTAN, KEPULAUAN RIAU",2,156,63,219
https://kawalpemilu.org#25511,"SRI BINTAN, TELOK SEBONG, BINTAN, KEPULAUAN RIAU",3,120,91,211
https://kawalpemilu.org#25511,"SRI BINTAN, TELOK SEBONG, BINTAN, KEPULAUAN RIAU",4,145,57,202
https://kawalpemilu.org#25511,"SRI BINTAN, TELOK SEBONG, BINTAN, KEPULAUAN RIAU",5,117,86,203
https://kawalpemilu.org#25511,"SRI BINTAN, TELOK SEBONG, BINTAN, KEPULAUAN RIAU",6,158,53,211
https://kawalpemilu.org#25513,"TOAPAYA ASRI, TOAPAYA, BINTAN, KEPULAUAN RIAU",1,125,119,244
https://kawalpemilu.org#25513,"TOAPAYA ASRI, TOAPAYA, BINTAN, KEPULAUAN RIAU",2,144,106,250
https://kawalpemilu.org#25513,"TOAPAYA ASRI, TOAPAYA, BINTAN, KEPULAUAN RIAU",3,135,110,245
https://kawalpemilu.org#25513,"TOAPAYA ASRI, TOAPAYA, BINTAN, KEPULAUAN RIAU",4,102,96,198
https://kawalpemilu.org#25513,"TOAPAYA ASRI, TOAPAYA, BINTAN, KEPULAUAN RIAU",5,138,46,184
https://kawalpemilu.org#25513,"TOAPAYA ASRI, TOAPAYA, BINTAN, KEPULAUAN RIAU",6,147,84,231
https://kawalpemilu.org#25513,"TOAPAYA ASRI, TOAPAYA, BINTAN, KEPULAUAN RIAU",7,126,101,227
https://kawalpemilu.org#25513,"TOAPAYA ASRI, TOAPAYA, BINTAN, KEPULAUAN RIAU",8,190,47,237
https://kawalpemilu.org#25513,"TOAPAYA ASRI, TOAPAYA, BINTAN, KEPULAUAN RIAU",9,114,118,232
https://kawalpemilu.org#25513,"TOAPAYA ASRI, TOAPAYA, BINTAN, KEPULAUAN RIAU",10,112,80,192
https://kawalpemilu.org#25513,"TOAPAYA ASRI, TOAPAYA, BINTAN, KEPULAUAN RIAU",11,77,55,132
https://kawalpemilu.org#25514,"TOAPAYA, TOAPAYA, BINTAN, KEPULAUAN RIAU",1,115,86,201
https://kawalpemilu.org#25514,"TOAPAYA, TOAPAYA, BINTAN, KEPULAUAN RIAU",2,129,67,196
https://kawalpemilu.org#25514,"TOAPAYA, TOAPAYA, BINTAN, KEPULAUAN RIAU",3,161,44,205
https://kawalpemilu.org#25514,"TOAPAYA, TOAPAYA, BINTAN, KEPULAUAN RIAU",4,78,123,201
https://kawalpemilu.org#25515,"TOAPAYA UTARA, TOAPAYA, BINTAN, KEPULAUAN RIAU",1,182,71,253
https://kawalpemilu.org#25515,"TOAPAYA UTARA, TOAPAYA, BINTAN, KEPULAUAN RIAU",2,169,59,228
https://kawalpemilu.org#25515,"TOAPAYA UTARA, TOAPAYA, BINTAN, KEPULAUAN RIAU",3,143,75,218
https://kawalpemilu.org#25515,"TOAPAYA UTARA, TOAPAYA, BINTAN, KEPULAUAN RIAU",4,169,68,237
https://kawalpemilu.org#25516,"TOAPAYA SELATAN, TOAPAYA, BINTAN, KEPULAUAN RIAU",1,108,103,211
https://kawalpemilu.org#25516,"TOAPAYA SELATAN, TOAPAYA, BINTAN, KEPULAUAN RIAU",2,152,85,237
https://kawalpemilu.org#25516,"TOAPAYA SELATAN, TOAPAYA, BINTAN, KEPULAUAN RIAU",3,101,89,190
https://kawalpemilu.org#25516,"TOAPAYA SELATAN, TOAPAYA, BINTAN, KEPULAUAN RIAU",4,127,91,218
https://kawalpemilu.org#25516,"TOAPAYA SELATAN, TOAPAYA, BINTAN, KEPULAUAN RIAU",5,127,84,211
https://kawalpemilu.org#25516,"TOAPAYA SELATAN, TOAPAYA, BINTAN, KEPULAUAN RIAU",6,105,57,162
https://kawalpemilu.org#25516,"TOAPAYA SELATAN, TOAPAYA, BINTAN, KEPULAUAN RIAU",7,96,81,177
https://kawalpemilu.org#25516,"TOAPAYA SELATAN, TOAPAYA, BINTAN, KEPULAUAN RIAU",8,85,68,153
https://kawalpemilu.org#25516,"TOAPAYA SELATAN, TOAPAYA, BINTAN, KEPULAUAN RIAU",9,96,62,158
https://kawalpemilu.org#25516,"TOAPAYA SELATAN, TOAPAYA, BINTAN, KEPULAUAN RIAU",10,112,65,177
https://kawalpemilu.org#25516,"TOAPAYA SELATAN, TOAPAYA, BINTAN, KEPULAUAN RIAU",11,121,103,224
https://kawalpemilu.org#25516,"TOAPAYA SELATAN, TOAPAYA, BINTAN, KEPULAUAN RIAU",12,157,73,230
https://kawalpemilu.org#25516,"TOAPAYA SELATAN, TOAPAYA, BINTAN, KEPULAUAN RIAU",13,119,62,181
https://kawalpemilu.org#25516,"TOAPAYA SELATAN, TOAPAYA, BINTAN, KEPULAUAN RIAU",14,118,61,179
https://kawalpemilu.org#25516,"TOAPAYA SELATAN, TOAPAYA, BINTAN, KEPULAUAN RIAU",15,122,107,229
https://kawalpemilu.org#25516,"TOAPAYA SELATAN, TOAPAYA, BINTAN, KEPULAUAN RIAU",16,83,71,154
https://kawalpemilu.org#25518,"MANTANG BARU, MANTANG, BINTAN, KEPULAUAN RIAU",1,118,88,206
https://kawalpemilu.org#25518,"MANTANG BARU, MANTANG, BINTAN, KEPULAUAN RIAU",2,99,100,199
https://kawalpemilu.org#25518,"MANTANG BARU, MANTANG, BINTAN, KEPULAUAN RIAU",3,89,62,151
https://kawalpemilu.org#25519,"MANTANG BESAR, MANTANG, BINTAN, KEPULAUAN RIAU",1,161,96,257
https://kawalpemilu.org#25519,"MANTANG BESAR, MANTANG, BINTAN, KEPULAUAN RIAU",2,179,39,215
https://kawalpemilu.org#25519,"MANTANG BESAR, MANTANG, BINTAN, KEPULAUAN RIAU",3,105,93,198
https://kawalpemilu.org#25519,"MANTANG BESAR, MANTANG, BINTAN, KEPULAUAN RIAU",4,39,48,87
https://kawalpemilu.org#25520,"MANTANG LAMA, MANTANG, BINTAN, KEPULAUAN RIAU",1,148,69,217
https://kawalpemilu.org#25520,"MANTANG LAMA, MANTANG, BINTAN, KEPULAUAN RIAU",2,140,98,238
https://kawalpemilu.org#25520,"MANTANG LAMA, MANTANG, BINTAN, KEPULAUAN RIAU",3,160,81,241
https://kawalpemilu.org#25521,"DENDUN, MANTANG, BINTAN, KEPULAUAN RIAU",1,65,143,208
https://kawalpemilu.org#25521,"DENDUN, MANTANG, BINTAN, KEPULAUAN RIAU",2,72,180,252
https://kawalpemilu.org#25521,"DENDUN, MANTANG, BINTAN, KEPULAUAN RIAU",3,78,102,180
https://kawalpemilu.org#25523,"KELONG, BINTAN PESISIR, BINTAN, KEPULAUAN RIAU",1,161,30,191
https://kawalpemilu.org#25523,"KELONG, BINTAN PESISIR, BINTAN, KEPULAUAN RIAU",2,124,42,166
https://kawalpemilu.org#25523,"KELONG, BINTAN PESISIR, BINTAN, KEPULAUAN RIAU",3,187,31,218
https://kawalpemilu.org#25523,"KELONG, BINTAN PESISIR, BINTAN, KEPULAUAN RIAU",4,141,5,146
https://kawalpemilu.org#25523,"KELONG, BINTAN PESISIR, BINTAN, KEPULAUAN RIAU",5,149,26,175
https://kawalpemilu.org#25523,"KELONG, BINTAN PESISIR, BINTAN, KEPULAUAN RIAU",6,104,25,129
https://kawalpemilu.org#25523,"KELONG, BINTAN PESISIR, BINTAN, KEPULAUAN RIAU",7,136,42,178
https://kawalpemilu.org#25523,"KELONG, BINTAN PESISIR, BINTAN, KEPULAUAN RIAU",8,122,15,137
https://kawalpemilu.org#25524,"MAPUR, BINTAN PESISIR, BINTAN, KEPULAUAN RIAU",1,163,51,214
https://kawalpemilu.org#25524,"MAPUR, BINTAN PESISIR, BINTAN, KEPULAUAN RIAU",2,84,15,99
https://kawalpemilu.org#25524,"MAPUR, BINTAN PESISIR, BINTAN, KEPULAUAN RIAU",3,147,41,188
https://kawalpemilu.org#25525,"NUMBING, BINTAN PESISIR, BINTAN, KEPULAUAN RIAU",1,91,64,155
https://kawalpemilu.org#25525,"NUMBING, BINTAN PESISIR, BINTAN, KEPULAUAN RIAU",2,86,62,148
https://kawalpemilu.org#25525,"NUMBING, BINTAN PESISIR, BINTAN, KEPULAUAN RIAU",3,96,115,211
https://kawalpemilu.org#25525,"NUMBING, BINTAN PESISIR, BINTAN, KEPULAUAN RIAU",4,137,28,165
https://kawalpemilu.org#25525,"NUMBING, BINTAN PESISIR, BINTAN, KEPULAUAN RIAU",5,174,30,204
https://kawalpemilu.org#25525,"NUMBING, BINTAN PESISIR, BINTAN, KEPULAUAN RIAU",6,169,38,207
https://kawalpemilu.org#25525,"NUMBING, BINTAN PESISIR, BINTAN, KEPULAUAN RIAU",7,92,14,106
https://kawalpemilu.org#25525,"NUMBING, BINTAN PESISIR, BINTAN, KEPULAUAN RIAU",8,26,32,58
https://kawalpemilu.org#25525,"NUMBING, BINTAN PESISIR, BINTAN, KEPULAUAN RIAU",9,69,51,120
https://kawalpemilu.org#25525,"NUMBING, BINTAN PESISIR, BINTAN, KEPULAUAN RIAU",10,76,22,98
https://kawalpemilu.org#25526,"AIR GELUBI, BINTAN PESISIR, BINTAN, KEPULAUAN RIAU",1,147,48,195
https://kawalpemilu.org#25526,"AIR GELUBI, BINTAN PESISIR, BINTAN, KEPULAUAN RIAU",2,98,40,138
https://kawalpemilu.org#25526,"AIR GELUBI, BINTAN PESISIR, BINTAN, KEPULAUAN RIAU",3,148,54,202
https://kawalpemilu.org#25528,"TELUK LOBAM, SERI KUALA LOBAM, BINTAN, KEPULAUAN RIAU",1,165,125,290
https://kawalpemilu.org#25528,"TELUK LOBAM, SERI KUALA LOBAM, BINTAN, KEPULAUAN RIAU",2,159,108,267
https://kawalpemilu.org#25528,"TELUK LOBAM, SERI KUALA LOBAM, BINTAN, KEPULAUAN RIAU",3,111,117,228
https://kawalpemilu.org#25528,"TELUK LOBAM, SERI KUALA LOBAM, BINTAN, KEPULAUAN RIAU",4,134,113,247
https://kawalpemilu.org#25528,"TELUK LOBAM, SERI KUALA LOBAM, BINTAN, KEPULAUAN RIAU",5,206,58,264
https://kawalpemilu.org#25529,"TANJUNG PERMAI, SERI KUALA LOBAM, BINTAN, KEPULAUAN RIAU",1,87,128,215
https://kawalpemilu.org#25529,"TANJUNG PERMAI, SERI KUALA LOBAM, BINTAN, KEPULAUAN RIAU",2,80,153,233
https://kawalpemilu.org#25529,"TANJUNG PERMAI, SERI KUALA LOBAM, BINTAN, KEPULAUAN RIAU",3,113,123,236
https://kawalpemilu.org#25529,"TANJUNG PERMAI, SERI KUALA LOBAM, BINTAN, KEPULAUAN RIAU",4,87,149,236
https://kawalpemilu.org#25529,"TANJUNG PERMAI, SERI KUALA LOBAM, BINTAN, KEPULAUAN RIAU",5,64,125,189
https://kawalpemilu.org#25529,"TANJUNG PERMAI, SERI KUALA LOBAM, BINTAN, KEPULAUAN RIAU",6,107,86,193
https://kawalpemilu.org#25529,"TANJUNG PERMAI, SERI KUALA LOBAM, BINTAN, KEPULAUAN RIAU",7,86,83,169
https://kawalpemilu.org#25529,"TANJUNG PERMAI, SERI KUALA LOBAM, BINTAN, KEPULAUAN RIAU",8,97,80,177
https://kawalpemilu.org#25529,"TANJUNG PERMAI, SERI KUALA LOBAM, BINTAN, KEPULAUAN RIAU",9,70,95,165
https://kawalpemilu.org#25529,"TANJUNG PERMAI, SERI KUALA LOBAM, BINTAN, KEPULAUAN RIAU",10,58,69,127
https://kawalpemilu.org#25529,"TANJUNG PERMAI, SERI KUALA LOBAM, BINTAN, KEPULAUAN RIAU",11,79,78,157
https://kawalpemilu.org#25530,"BUSUNG, SERI KUALA LOBAM, BINTAN, KEPULAUAN RIAU",1,126,95,221
https://kawalpemilu.org#25530,"BUSUNG, SERI KUALA LOBAM, BINTAN, KEPULAUAN RIAU",2,121,90,211
https://kawalpemilu.org#25530,"BUSUNG, SERI KUALA LOBAM, BINTAN, KEPULAUAN RIAU",3,129,108,237
https://kawalpemilu.org#25530,"BUSUNG, SERI KUALA LOBAM, BINTAN, KEPULAUAN RIAU",4,148,79,227
https://kawalpemilu.org#25531,"TELUK SASAH, SERI KUALA LOBAM, BINTAN, KEPULAUAN RIAU",1,134,141,275
https://kawalpemilu.org#25531,"TELUK SASAH, SERI KUALA LOBAM, BINTAN, KEPULAUAN RIAU",2,125,70,195
https://kawalpemilu.org#25531,"TELUK SASAH, SERI KUALA LOBAM, BINTAN, KEPULAUAN RIAU",3,117,94,211
https://kawalpemilu.org#25531,"TELUK SASAH, SERI KUALA LOBAM, BINTAN, KEPULAUAN RIAU",4,98,107,205
https://kawalpemilu.org#25531,"TELUK SASAH, SERI KUALA LOBAM, BINTAN, KEPULAUAN RIAU",5,143,64,207
https://kawalpemilu.org#25531,"TELUK SASAH, SERI KUALA LOBAM, BINTAN, KEPULAUAN RIAU",6,70,104,174
https://kawalpemilu.org#25531,"TELUK SASAH, SERI KUALA LOBAM, BINTAN, KEPULAUAN RIAU",7,136,96,232
https://kawalpemilu.org#25531,"TELUK SASAH, SERI KUALA LOBAM, BINTAN, KEPULAUAN RIAU",8,126,118,244
https://kawalpemilu.org#25531,"TELUK SASAH, SERI KUALA LOBAM, BINTAN, KEPULAUAN RIAU",9,100,81,181
https://kawalpemilu.org#25531,"TELUK SASAH, SERI KUALA LOBAM, BINTAN, KEPULAUAN RIAU",10,114,130,244
https://kawalpemilu.org#25531,"TELUK SASAH, SERI KUALA LOBAM, BINTAN, KEPULAUAN RIAU",11,127,129,256
https://kawalpemilu.org#25531,"TELUK SASAH, SERI KUALA LOBAM, BINTAN, KEPULAUAN RIAU",12,145,127,272
https://kawalpemilu.org#25531,"TELUK SASAH, SERI KUALA LOBAM, BINTAN, KEPULAUAN RIAU",13,148,141,289
https://kawalpemilu.org#25531,"TELUK SASAH, SERI KUALA LOBAM, BINTAN, KEPULAUAN RIAU",14,143,90,233
https://kawalpemilu.org#25531,"TELUK SASAH, SERI KUALA LOBAM, BINTAN, KEPULAUAN RIAU",15,154,58,212
https://kawalpemilu.org#25531,"TELUK SASAH, SERI KUALA LOBAM, BINTAN, KEPULAUAN RIAU",16,119,106,225
https://kawalpemilu.org#25531,"TELUK SASAH, SERI KUALA LOBAM, BINTAN, KEPULAUAN RIAU",17,115,107,222
https://kawalpemilu.org#25532,"KUALA SEMPANG, SERI KUALA LOBAM, BINTAN, KEPULAUAN RIAU",1,74,38,112
https://kawalpemilu.org#25532,"KUALA SEMPANG, SERI KUALA LOBAM, BINTAN, KEPULAUAN RIAU",2,103,86,189
https://kawalpemilu.org#25532,"KUALA SEMPANG, SERI KUALA LOBAM, BINTAN, KEPULAUAN RIAU",3,169,58,227
https://kawalpemilu.org#25532,"KUALA SEMPANG, SERI KUALA LOBAM, BINTAN, KEPULAUAN RIAU",4,134,104,238
https://kawalpemilu.org#25532,"KUALA SEMPANG, SERI KUALA LOBAM, BINTAN, KEPULAUAN RIAU",5,161,23,184
https://kawalpemilu.org#25532,"KUALA SEMPANG, SERI KUALA LOBAM, BINTAN, KEPULAUAN RIAU",6,101,37,138
https://kawalpemilu.org#25535,"MORO, MORO, KARIMUN, KEPULAUAN RIAU",1,83,57,140
https://kawalpemilu.org#25535,"MORO, MORO, KARIMUN, KEPULAUAN RIAU",2,49,110,5
https://kawalpemilu.org#25535,"MORO, MORO, KARIMUN, KEPULAUAN RIAU",3,93,142,235
https://kawalpemilu.org#25535,"MORO, MORO, KARIMUN, KEPULAUAN RIAU",4,96,90,186
https://kawalpemilu.org#25535,"MORO, MORO, KARIMUN, KEPULAUAN RIAU",5,71,51,122
https://kawalpemilu.org#25535,"MORO, MORO, KARIMUN, KEPULAUAN RIAU",6,114,106,220
https://kawalpemilu.org#25535,"MORO, MORO, KARIMUN, KEPULAUAN RIAU",7,98,89,187
https://kawalpemilu.org#25535,"MORO, MORO, KARIMUN, KEPULAUAN RIAU",8,106,76,182
https://kawalpemilu.org#25535,"MORO, MORO, KARIMUN, KEPULAUAN RIAU",9,84,140,224
https://kawalpemilu.org#25535,"MORO, MORO, KARIMUN, KEPULAUAN RIAU",10,100,73,173
https://kawalpemilu.org#25535,"MORO, MORO, KARIMUN, KEPULAUAN RIAU",11,149,89,238
https://kawalpemilu.org#25536,"PAUH, MORO, KARIMUN, KEPULAUAN RIAU",1,120,80,200
https://kawalpemilu.org#25536,"PAUH, MORO, KARIMUN, KEPULAUAN RIAU",2,111,82,193
https://kawalpemilu.org#25536,"PAUH, MORO, KARIMUN, KEPULAUAN RIAU",3,84,42,126
https://kawalpemilu.org#25536,"PAUH, MORO, KARIMUN, KEPULAUAN RIAU",4,109,50,159
https://kawalpemilu.org#25537,"SUGIE, MORO, KARIMUN, KEPULAUAN RIAU",1,70,79,149
https://kawalpemilu.org#25537,"SUGIE, MORO, KARIMUN, KEPULAUAN RIAU",2,93,92,185
https://kawalpemilu.org#25537,"SUGIE, MORO, KARIMUN, KEPULAUAN RIAU",3,97,36,133
https://kawalpemilu.org#25537,"SUGIE, MORO, KARIMUN, KEPULAUAN RIAU",4,94,10,104
https://kawalpemilu.org#25537,"SUGIE, MORO, KARIMUN, KEPULAUAN RIAU",5,38,22,60
https://kawalpemilu.org#25537,"SUGIE, MORO, KARIMUN, KEPULAUAN RIAU",6,93,75,16
https://kawalpemilu.org#25537,"SUGIE, MORO, KARIMUN, KEPULAUAN RIAU",7,51,28,79
https://kawalpemilu.org#25538,"KEBAN, MORO, KARIMUN, KEPULAUAN RIAU",1,52,165,217
https://kawalpemilu.org#25538,"KEBAN, MORO, KARIMUN, KEPULAUAN RIAU",2,59,174,233
https://kawalpemilu.org#25538,"KEBAN, MORO, KARIMUN, KEPULAUAN RIAU",3,39,132,171
https://kawalpemilu.org#25538,"KEBAN, MORO, KARIMUN, KEPULAUAN RIAU",4,42,101,143
https://kawalpemilu.org#25539,"SELAT MIE, MORO, KARIMUN, KEPULAUAN RIAU",1,89,105,194
https://kawalpemilu.org#25539,"SELAT MIE, MORO, KARIMUN, KEPULAUAN RIAU",2,134,48,182
https://kawalpemilu.org#25539,"SELAT MIE, MORO, KARIMUN, KEPULAUAN RIAU",3,97,33,130
https://kawalpemilu.org#25539,"SELAT MIE, MORO, KARIMUN, KEPULAUAN RIAU",4,88,26,114
https://kawalpemilu.org#25539,"SELAT MIE, MORO, KARIMUN, KEPULAUAN RIAU",5,50,114,164
https://kawalpemilu.org#25539,"SELAT MIE, MORO, KARIMUN, KEPULAUAN RIAU",6,54,28,82
https://kawalpemilu.org#25540,"TANJUNG PELANDUK, MORO, KARIMUN, KEPULAUAN RIAU",1,71,93,164
https://kawalpemilu.org#25540,"TANJUNG PELANDUK, MORO, KARIMUN, KEPULAUAN RIAU",2,74,80,154
https://kawalpemilu.org#25540,"TANJUNG PELANDUK, MORO, KARIMUN, KEPULAUAN RIAU",3,103,46,149
https://kawalpemilu.org#25541,"JANG, MORO, KARIMUN, KEPULAUAN RIAU",1,122,51,173
https://kawalpemilu.org#25541,"JANG, MORO, KARIMUN, KEPULAUAN RIAU",2,105,86,191
https://kawalpemilu.org#25541,"JANG, MORO, KARIMUN, KEPULAUAN RIAU",3,70,136,206
https://kawalpemilu.org#25541,"JANG, MORO, KARIMUN, KEPULAUAN RIAU",4,68,77,145
https://kawalpemilu.org#25541,"JANG, MORO, KARIMUN, KEPULAUAN RIAU",5,87,49,136
https://kawalpemilu.org#25541,"JANG, MORO, KARIMUN, KEPULAUAN RIAU",6,74,85,159
https://kawalpemilu.org#87367,"MORO TIMUR, MORO, KARIMUN, KEPULAUAN RIAU",2,53,30,83
https://kawalpemilu.org#87367,"MORO TIMUR, MORO, KARIMUN, KEPULAUAN RIAU",3,88,95,183
https://kawalpemilu.org#87367,"MORO TIMUR, MORO, KARIMUN, KEPULAUAN RIAU",4,109,105,214
https://kawalpemilu.org#87367,"MORO TIMUR, MORO, KARIMUN, KEPULAUAN RIAU",5,88,72,160
https://kawalpemilu.org#87367,"MORO TIMUR, MORO, KARIMUN, KEPULAUAN RIAU",6,52,45,97
https://kawalpemilu.org#87367,"MORO TIMUR, MORO, KARIMUN, KEPULAUAN RIAU",7,32,43,75
https://kawalpemilu.org#87367,"MORO TIMUR, MORO, KARIMUN, KEPULAUAN RIAU",8,79,57,136
https://kawalpemilu.org#87367,"MORO TIMUR, MORO, KARIMUN, KEPULAUAN RIAU",9,109,42,151
https://kawalpemilu.org#87367,"MORO TIMUR, MORO, KARIMUN, KEPULAUAN RIAU",10,122,95,217
https://kawalpemilu.org#87367,"MORO TIMUR, MORO, KARIMUN, KEPULAUAN RIAU",11,167,38,205
https://kawalpemilu.org#87368,"NIUR PERMAI, MORO, KARIMUN, KEPULAUAN RIAU",1,55,103,158
https://kawalpemilu.org#87368,"NIUR PERMAI, MORO, KARIMUN, KEPULAUAN RIAU",2,46,78,124
https://kawalpemilu.org#87368,"NIUR PERMAI, MORO, KARIMUN, KEPULAUAN RIAU",3,30,144,174
https://kawalpemilu.org#87368,"NIUR PERMAI, MORO, KARIMUN, KEPULAUAN RIAU",4,64,118,182
https://kawalpemilu.org#87369,"RAWAJAYA, MORO, KARIMUN, KEPULAUAN RIAU",1,59,151,210
https://kawalpemilu.org#87369,"RAWAJAYA, MORO, KARIMUN, KEPULAUAN RIAU",2,83,21,104
https://kawalpemilu.org#87369,"RAWAJAYA, MORO, KARIMUN, KEPULAUAN RIAU",3,159,56,215
https://kawalpemilu.org#87370,"BULUH PATAH, MORO, KARIMUN, KEPULAUAN RIAU",1,107,88,195
https://kawalpemilu.org#87371,"PULAUMORO, MORO, KARIMUN, KEPULAUAN RIAU",1,88,26,114
https://kawalpemilu.org#87371,"PULAUMORO, MORO, KARIMUN, KEPULAUAN RIAU",2,158,23,181
https://kawalpemilu.org#87371,"PULAUMORO, MORO, KARIMUN, KEPULAUAN RIAU",3,105,57,162
https://kawalpemilu.org#87371,"PULAUMORO, MORO, KARIMUN, KEPULAUAN RIAU",4,65,31,96
https://kawalpemilu.org#25543,"TANJUNGBATU BARAT, KUNDUR, KARIMUN, KEPULAUAN RIAU",1,127,37,164
https://kawalpemilu.org#25543,"TANJUNGBATU BARAT, KUNDUR, KARIMUN, KEPULAUAN RIAU",2,141,32,173
https://kawalpemilu.org#25543,"TANJUNGBATU BARAT, KUNDUR, KARIMUN, KEPULAUAN RIAU",3,110,35,145
https://kawalpemilu.org#25543,"TANJUNGBATU BARAT, KUNDUR, KARIMUN, KEPULAUAN RIAU",4,97,94,191
https://kawalpemilu.org#25543,"TANJUNGBATU BARAT, KUNDUR, KARIMUN, KEPULAUAN RIAU",5,97,72,169
https://kawalpemilu.org#25543,"TANJUNGBATU BARAT, KUNDUR, KARIMUN, KEPULAUAN RIAU",6,114,50,164
https://kawalpemilu.org#25543,"TANJUNGBATU BARAT, KUNDUR, KARIMUN, KEPULAUAN RIAU",7,92,43,135
https://kawalpemilu.org#25543,"TANJUNGBATU BARAT, KUNDUR, KARIMUN, KEPULAUAN RIAU",8,83,62,145
https://kawalpemilu.org#25543,"TANJUNGBATU BARAT, KUNDUR, KARIMUN, KEPULAUAN RIAU",9,121,104,225
https://kawalpemilu.org#25543,"TANJUNGBATU BARAT, KUNDUR, KARIMUN, KEPULAUAN RIAU",10,85,80,165
https://kawalpemilu.org#25543,"TANJUNGBATU BARAT, KUNDUR, KARIMUN, KEPULAUAN RIAU",11,107,71,178
https://kawalpemilu.org#25543,"TANJUNGBATU BARAT, KUNDUR, KARIMUN, KEPULAUAN RIAU",12,115,69,184
https://kawalpemilu.org#25543,"TANJUNGBATU BARAT, KUNDUR, KARIMUN, KEPULAUAN RIAU",13,123,34,157
https://kawalpemilu.org#25543,"TANJUNGBATU BARAT, KUNDUR, KARIMUN, KEPULAUAN RIAU",14,113,49,162
https://kawalpemilu.org#25543,"TANJUNGBATU BARAT, KUNDUR, KARIMUN, KEPULAUAN RIAU",15,138,39,171
https://kawalpemilu.org#25543,"TANJUNGBATU BARAT, KUNDUR, KARIMUN, KEPULAUAN RIAU",16,92,46,138
https://kawalpemilu.org#25543,"TANJUNGBATU BARAT, KUNDUR, KARIMUN, KEPULAUAN RIAU",17,88,56,144
https://kawalpemilu.org#25543,"TANJUNGBATU BARAT, KUNDUR, KARIMUN, KEPULAUAN RIAU",18,101,58,159
https://kawalpemilu.org#25543,"TANJUNGBATU BARAT, KUNDUR, KARIMUN, KEPULAUAN RIAU",19,114,43,157
https://kawalpemilu.org#25543,"TANJUNGBATU BARAT, KUNDUR, KARIMUN, KEPULAUAN RIAU",20,131,48,179
https://kawalpemilu.org#25544,"TANJUNGBATU KOTA, KUNDUR, KARIMUN, KEPULAUAN RIAU",1,69,30,99
https://kawalpemilu.org#25544,"TANJUNGBATU KOTA, KUNDUR, KARIMUN, KEPULAUAN RIAU",2,69,40,109
https://kawalpemilu.org#25544,"TANJUNGBATU KOTA, KUNDUR, KARIMUN, KEPULAUAN RIAU",3,67,41,108
https://kawalpemilu.org#25544,"TANJUNGBATU KOTA, KUNDUR, KARIMUN, KEPULAUAN RIAU",4,67,65,132
https://kawalpemilu.org#25544,"TANJUNGBATU KOTA, KUNDUR, KARIMUN, KEPULAUAN RIAU",5,92,53,145
https://kawalpemilu.org#25544,"TANJUNGBATU KOTA, KUNDUR, KARIMUN, KEPULAUAN RIAU",6,125,64,189
https://kawalpemilu.org#25544,"TANJUNGBATU KOTA, KUNDUR, KARIMUN, KEPULAUAN RIAU",7,73,51,124
https://kawalpemilu.org#25544,"TANJUNGBATU KOTA, KUNDUR, KARIMUN, KEPULAUAN RIAU",8,118,97,215
https://kawalpemilu.org#25544,"TANJUNGBATU KOTA, KUNDUR, KARIMUN, KEPULAUAN RIAU",9,79,63,142
https://kawalpemilu.org#25544,"TANJUNGBATU KOTA, KUNDUR, KARIMUN, KEPULAUAN RIAU",10,73,83,156
https://kawalpemilu.org#25544,"TANJUNGBATU KOTA, KUNDUR, KARIMUN, KEPULAUAN RIAU",11,98,70,168
https://kawalpemilu.org#25544,"TANJUNGBATU KOTA, KUNDUR, KARIMUN, KEPULAUAN RIAU",12,66,89,155
https://kawalpemilu.org#25544,"TANJUNGBATU KOTA, KUNDUR, KARIMUN, KEPULAUAN RIAU",13,102,70,172
https://kawalpemilu.org#25544,"TANJUNGBATU KOTA, KUNDUR, KARIMUN, KEPULAUAN RIAU",14,77,66,143
https://kawalpemilu.org#25544,"TANJUNGBATU KOTA, KUNDUR, KARIMUN, KEPULAUAN RIAU",15,55,77,132
https://kawalpemilu.org#25544,"TANJUNGBATU KOTA, KUNDUR, KARIMUN, KEPULAUAN RIAU",16,99,41,140
https://kawalpemilu.org#25544,"TANJUNGBATU KOTA, KUNDUR, KARIMUN, KEPULAUAN RIAU",17,64,74,138
https://kawalpemilu.org#25544,"TANJUNGBATU KOTA, KUNDUR, KARIMUN, KEPULAUAN RIAU",18,53,56,109
https://kawalpemilu.org#25544,"TANJUNGBATU KOTA, KUNDUR, KARIMUN, KEPULAUAN RIAU",19,59,102,161
https://kawalpemilu.org#25544,"TANJUNGBATU KOTA, KUNDUR, KARIMUN, KEPULAUAN RIAU",20,67,63,130
https://kawalpemilu.org#25544,"TANJUNGBATU KOTA, KUNDUR, KARIMUN, KEPULAUAN RIAU",21,95,88,183
https://kawalpemilu.org#25544,"TANJUNGBATU KOTA, KUNDUR, KARIMUN, KEPULAUAN RIAU",22,90,60,150
https://kawalpemilu.org#25544,"TANJUNGBATU KOTA, KUNDUR, KARIMUN, KEPULAUAN RIAU",23,102,73,175
https://kawalpemilu.org#25544,"TANJUNGBATU KOTA, KUNDUR, KARIMUN, KEPULAUAN RIAU",24,62,62,124
https://kawalpemilu.org#25544,"TANJUNGBATU KOTA, KUNDUR, KARIMUN, KEPULAUAN RIAU",25,108,7,115
https://kawalpemilu.org#25544,"TANJUNGBATU KOTA, KUNDUR, KARIMUN, KEPULAUAN RIAU",26,124,60,184
https://kawalpemilu.org#25544,"TANJUNGBATU KOTA, KUNDUR, KARIMUN, KEPULAUAN RIAU",27,130,45,175
https://kawalpemilu.org#25544,"TANJUNGBATU KOTA, KUNDUR, KARIMUN, KEPULAUAN RIAU",28,177,4,181
https://kawalpemilu.org#25544,"TANJUNGBATU KOTA, KUNDUR, KARIMUN, KEPULAUAN RIAU",29,78,66,144
https://kawalpemilu.org#25544,"TANJUNGBATU KOTA, KUNDUR, KARIMUN, KEPULAUAN RIAU",30,67,69,136
https://kawalpemilu.org#25544,"TANJUNGBATU KOTA, KUNDUR, KARIMUN, KEPULAUAN RIAU",31,81,70,151
https://kawalpemilu.org#25544,"TANJUNGBATU KOTA, KUNDUR, KARIMUN, KEPULAUAN RIAU",32,136,63,199
https://kawalpemilu.org#25544,"TANJUNGBATU KOTA, KUNDUR, KARIMUN, KEPULAUAN RIAU",33,106,66,172
https://kawalpemilu.org#25544,"TANJUNGBATU KOTA, KUNDUR, KARIMUN, KEPULAUAN RIAU",34,70,39,109
https://kawalpemilu.org#25544,"TANJUNGBATU KOTA, KUNDUR, KARIMUN, KEPULAUAN RIAU",35,50,33,83
https://kawalpemilu.org#25544,"TANJUNGBATU KOTA, KUNDUR, KARIMUN, KEPULAUAN RIAU",36,136,17,153
https://kawalpemilu.org#25544,"TANJUNGBATU KOTA, KUNDUR, KARIMUN, KEPULAUAN RIAU",37,62,69,131
https://kawalpemilu.org#25544,"TANJUNGBATU KOTA, KUNDUR, KARIMUN, KEPULAUAN RIAU",38,82,80,162
https://kawalpemilu.org#25544,"TANJUNGBATU KOTA, KUNDUR, KARIMUN, KEPULAUAN RIAU",39,81,84,165
https://kawalpemilu.org#25544,"TANJUNGBATU KOTA, KUNDUR, KARIMUN, KEPULAUAN RIAU",40,76,47,123
https://kawalpemilu.org#25544,"TANJUNGBATU KOTA, KUNDUR, KARIMUN, KEPULAUAN RIAU",41,69,53,122
https://kawalpemilu.org#25544,"TANJUNGBATU KOTA, KUNDUR, KARIMUN, KEPULAUAN RIAU",42,99,73,172
https://kawalpemilu.org#25544,"TANJUNGBATU KOTA, KUNDUR, KARIMUN, KEPULAUAN RIAU",43,46,43,89
https://kawalpemilu.org#25546,"SEBESI, KUNDUR, KARIMUN, KEPULAUAN RIAU",1,54,89,143
https://kawalpemilu.org#25546,"SEBESI, KUNDUR, KARIMUN, KEPULAUAN RIAU",2,109,65,174
https://kawalpemilu.org#25546,"SEBESI, KUNDUR, KARIMUN, KEPULAUAN RIAU",3,118,75,193
https://kawalpemilu.org#25546,"SEBESI, KUNDUR, KARIMUN, KEPULAUAN RIAU",4,127,76,203
https://kawalpemilu.org#25546,"SEBESI, KUNDUR, KARIMUN, KEPULAUAN RIAU",5,111,120,231
https://kawalpemilu.org#25546,"SEBESI, KUNDUR, KARIMUN, KEPULAUAN RIAU",6,119,72,191
https://kawalpemilu.org#25546,"SEBESI, KUNDUR, KARIMUN, KEPULAUAN RIAU",7,127,83,210
https://kawalpemilu.org#25546,"SEBESI, KUNDUR, KARIMUN, KEPULAUAN RIAU",8,107,62,169
https://kawalpemilu.org#25546,"SEBESI, KUNDUR, KARIMUN, KEPULAUAN RIAU",9,116,95,211
https://kawalpemilu.org#25546,"SEBESI, KUNDUR, KARIMUN, KEPULAUAN RIAU",10,63,124,187
https://kawalpemilu.org#25547,"SEI UNGAR, KUNDUR, KARIMUN, KEPULAUAN RIAU",1,100,64,164
https://kawalpemilu.org#25547,"SEI UNGAR, KUNDUR, KARIMUN, KEPULAUAN RIAU",2,125,37,162
https://kawalpemilu.org#25547,"SEI UNGAR, KUNDUR, KARIMUN, KEPULAUAN RIAU",3,106,88,194
https://kawalpemilu.org#25547,"SEI UNGAR, KUNDUR, KARIMUN, KEPULAUAN RIAU",4,51,106,157
https://kawalpemilu.org#25547,"SEI UNGAR, KUNDUR, KARIMUN, KEPULAUAN RIAU",5,66,103,169
https://kawalpemilu.org#25547,"SEI UNGAR, KUNDUR, KARIMUN, KEPULAUAN RIAU",6,120,96,216
https://kawalpemilu.org#25547,"SEI UNGAR, KUNDUR, KARIMUN, KEPULAUAN RIAU",7,99,96,195
https://kawalpemilu.org#25547,"SEI UNGAR, KUNDUR, KARIMUN, KEPULAUAN RIAU",8,63,121,184
https://kawalpemilu.org#25547,"SEI UNGAR, KUNDUR, KARIMUN, KEPULAUAN RIAU",9,108,118,226
https://kawalpemilu.org#25547,"SEI UNGAR, KUNDUR, KARIMUN, KEPULAUAN RIAU",10,90,111,201
https://kawalpemilu.org#25548,"LUBUK, KUNDUR, KARIMUN, KEPULAUAN RIAU",1,151,64,215
https://kawalpemilu.org#25548,"LUBUK, KUNDUR, KARIMUN, KEPULAUAN RIAU",2,108,83,191
https://kawalpemilu.org#25548,"LUBUK, KUNDUR, KARIMUN, KEPULAUAN RIAU",3,126,55,181
https://kawalpemilu.org#25548,"LUBUK, KUNDUR, KARIMUN, KEPULAUAN RIAU",4,116,88,204
https://kawalpemilu.org#25548,"LUBUK, KUNDUR, KARIMUN, KEPULAUAN RIAU",5,124,29,153
https://kawalpemilu.org#25548,"LUBUK, KUNDUR, KARIMUN, KEPULAUAN RIAU",6,141,40,181
https://kawalpemilu.org#25548,"LUBUK, KUNDUR, KARIMUN, KEPULAUAN RIAU",7,116,33,149
https://kawalpemilu.org#25548,"LUBUK, KUNDUR, KARIMUN, KEPULAUAN RIAU",8,111,56,167
https://kawalpemilu.org#87372,"GADING SARI, KUNDUR, KARIMUN, KEPULAUAN RIAU",1,132,46,178
https://kawalpemilu.org#87372,"GADING SARI, KUNDUR, KARIMUN, KEPULAUAN RIAU",2,123,61,184
https://kawalpemilu.org#87372,"GADING SARI, KUNDUR, KARIMUN, KEPULAUAN RIAU",3,83,84,167
https://kawalpemilu.org#87372,"GADING SARI, KUNDUR, KARIMUN, KEPULAUAN RIAU",4,93,84,177
https://kawalpemilu.org#87372,"GADING SARI, KUNDUR, KARIMUN, KEPULAUAN RIAU",5,93,115,208
https://kawalpemilu.org#87372,"GADING SARI, KUNDUR, KARIMUN, KEPULAUAN RIAU",6,69,68,137
https://kawalpemilu.org#87372,"GADING SARI, KUNDUR, KARIMUN, KEPULAUAN RIAU",7,45,68,113
https://kawalpemilu.org#87372,"GADING SARI, KUNDUR, KARIMUN, KEPULAUAN RIAU",8,63,58,121
https://kawalpemilu.org#25552,"TANJUNGBALAI, KARIMUN, KARIMUN, KEPULAUAN RIAU",1,40,117,157
https://kawalpemilu.org#25552,"TANJUNGBALAI, KARIMUN, KARIMUN, KEPULAUAN RIAU",2,39,78,117
https://kawalpemilu.org#25552,"TANJUNGBALAI, KARIMUN, KARIMUN, KEPULAUAN RIAU",3,45,88,133
https://kawalpemilu.org#25552,"TANJUNGBALAI, KARIMUN, KARIMUN, KEPULAUAN RIAU",4,49,95,144
https://kawalpemilu.org#25552,"TANJUNGBALAI, KARIMUN, KARIMUN, KEPULAUAN RIAU",5,44,149,193
https://kawalpemilu.org#25552,"TANJUNGBALAI, KARIMUN, KARIMUN, KEPULAUAN RIAU",6,45,117,162
https://kawalpemilu.org#25552,"TANJUNGBALAI, KARIMUN, KARIMUN, KEPULAUAN RIAU",7,35,101,136
https://kawalpemilu.org#25552,"TANJUNGBALAI, KARIMUN, KARIMUN, KEPULAUAN RIAU",8,33,176,209
https://kawalpemilu.org#25552,"TANJUNGBALAI, KARIMUN, KARIMUN, KEPULAUAN RIAU",9,32,87,119
https://kawalpemilu.org#25552,"TANJUNGBALAI, KARIMUN, KARIMUN, KEPULAUAN RIAU",10,51,108,159
https://kawalpemilu.org#25552,"TANJUNGBALAI, KARIMUN, KARIMUN, KEPULAUAN RIAU",11,54,104,158
https://kawalpemilu.org#25552,"TANJUNGBALAI, KARIMUN, KARIMUN, KEPULAUAN RIAU",12,39,60,99
https://kawalpemilu.org#25552,"TANJUNGBALAI, KARIMUN, KARIMUN, KEPULAUAN RIAU",13,34,50,84
https://kawalpemilu.org#25552,"TANJUNGBALAI, KARIMUN, KARIMUN, KEPULAUAN RIAU",14,39,52,91
https://kawalpemilu.org#25552,"TANJUNGBALAI, KARIMUN, KARIMUN, KEPULAUAN RIAU",15,53,45,98
https://kawalpemilu.org#25552,"TANJUNGBALAI, KARIMUN, KARIMUN, KEPULAUAN RIAU",16,53,69,122
https://kawalpemilu.org#25552,"TANJUNGBALAI, KARIMUN, KARIMUN, KEPULAUAN RIAU",17,78,76,154
https://kawalpemilu.org#25552,"TANJUNGBALAI, KARIMUN, KARIMUN, KEPULAUAN RIAU",18,111,137,248
https://kawalpemilu.org#25552,"TANJUNGBALAI, KARIMUN, KARIMUN, KEPULAUAN RIAU",19,118,115,233
https://kawalpemilu.org#25552,"TANJUNGBALAI, KARIMUN, KARIMUN, KEPULAUAN RIAU",20,73,79,152
https://kawalpemilu.org#25552,"TANJUNGBALAI, KARIMUN, KARIMUN, KEPULAUAN RIAU",21,104,89,193
https://kawalpemilu.org#25552,"TANJUNGBALAI, KARIMUN, KARIMUN, KEPULAUAN RIAU",22,96,88,184
https://kawalpemilu.org#25552,"TANJUNGBALAI, KARIMUN, KARIMUN, KEPULAUAN RIAU",23,80,61,141
https://kawalpemilu.org#25552,"TANJUNGBALAI, KARIMUN, KARIMUN, KEPULAUAN RIAU",24,64,80,144
https://kawalpemilu.org#25553,"TELUKAIR, KARIMUN, KARIMUN, KEPULAUAN RIAU",1,76,173,249
https://kawalpemilu.org#25553,"TELUKAIR, KARIMUN, KARIMUN, KEPULAUAN RIAU",2,75,154,229
https://kawalpemilu.org#25553,"TELUKAIR, KARIMUN, KARIMUN, KEPULAUAN RIAU",3,76,139,215
https://kawalpemilu.org#25553,"TELUKAIR, KARIMUN, KARIMUN, KEPULAUAN RIAU",4,48,160,208
https://kawalpemilu.org#25553,"TELUKAIR, KARIMUN, KARIMUN, KEPULAUAN RIAU",5,51,144,195
https://kawalpemilu.org#25553,"TELUKAIR, KARIMUN, KARIMUN, KEPULAUAN RIAU",6,74,114,188
https://kawalpemilu.org#25553,"TELUKAIR, KARIMUN, KARIMUN, KEPULAUAN RIAU",7,68,127,195
https://kawalpemilu.org#25553,"TELUKAIR, KARIMUN, KARIMUN, KEPULAUAN RIAU",8,48,158,206
https://kawalpemilu.org#25553,"TELUKAIR, KARIMUN, KARIMUN, KEPULAUAN RIAU",9,80,162,242
https://kawalpemilu.org#25553,"TELUKAIR, KARIMUN, KARIMUN, KEPULAUAN RIAU",10,55,129,184
https://kawalpemilu.org#25553,"TELUKAIR, KARIMUN, KARIMUN, KEPULAUAN RIAU",11,49,100,149
https://kawalpemilu.org#25553,"TELUKAIR, KARIMUN, KARIMUN, KEPULAUAN RIAU",12,78,121,199
https://kawalpemilu.org#25553,"TELUKAIR, KARIMUN, KARIMUN, KEPULAUAN RIAU",13,144,8,152
https://kawalpemilu.org#25553,"TELUKAIR, KARIMUN, KARIMUN, KEPULAUAN RIAU",14,82,135,217
https://kawalpemilu.org#25553,"TELUKAIR, KARIMUN, KARIMUN, KEPULAUAN RIAU",15,70,197,267
https://kawalpemilu.org#25554,"SUNGAILAKAM TIMUR, KARIMUN, KARIMUN, KEPULAUAN RIAU",1,123,19,142
https://kawalpemilu.org#25554,"SUNGAILAKAM TIMUR, KARIMUN, KARIMUN, KEPULAUAN RIAU",2,137,7,144
https://kawalpemilu.org#25554,"SUNGAILAKAM TIMUR, KARIMUN, KARIMUN, KEPULAUAN RIAU",3,105,28,133
https://kawalpemilu.org#25554,"SUNGAILAKAM TIMUR, KARIMUN, KARIMUN, KEPULAUAN RIAU",4,33,7,40
https://kawalpemilu.org#25554,"SUNGAILAKAM TIMUR, KARIMUN, KARIMUN, KEPULAUAN RIAU",5,61,35,96
https://kawalpemilu.org#25554,"SUNGAILAKAM TIMUR, KARIMUN, KARIMUN, KEPULAUAN RIAU",6,39,35,74
https://kawalpemilu.org#25554,"SUNGAILAKAM TIMUR, KARIMUN, KARIMUN, KEPULAUAN RIAU",7,62,83,145
https://kawalpemilu.org#25554,"SUNGAILAKAM TIMUR, KARIMUN, KARIMUN, KEPULAUAN RIAU",8,43,81,124
https://kawalpemilu.org#25554,"SUNGAILAKAM TIMUR, KARIMUN, KARIMUN, KEPULAUAN RIAU",9,115,12,127
https://kawalpemilu.org#25554,"SUNGAILAKAM TIMUR, KARIMUN, KARIMUN, KEPULAUAN RIAU",10,91,16,107
https://kawalpemilu.org#25554,"SUNGAILAKAM TIMUR, KARIMUN, KARIMUN, KEPULAUAN RIAU",12,63,55,118
https://kawalpemilu.org#25554,"SUNGAILAKAM TIMUR, KARIMUN, KARIMUN, KEPULAUAN RIAU",13,56,103,159
https://kawalpemilu.org#25554,"SUNGAILAKAM TIMUR, KARIMUN, KARIMUN, KEPULAUAN RIAU",14,91,71,162
https://kawalpemilu.org#25554,"SUNGAILAKAM TIMUR, KARIMUN, KARIMUN, KEPULAUAN RIAU",15,67,78,145
https://kawalpemilu.org#25554,"SUNGAILAKAM TIMUR, KARIMUN, KARIMUN, KEPULAUAN RIAU",16,77,66,143
https://kawalpemilu.org#25554,"SUNGAILAKAM TIMUR, KARIMUN, KARIMUN, KEPULAUAN RIAU",17,81,61,142
https://kawalpemilu.org#25554,"SUNGAILAKAM TIMUR, KARIMUN, KARIMUN, KEPULAUAN RIAU",18,65,69,134
https://kawalpemilu.org#25554,"SUNGAILAKAM TIMUR, KARIMUN, KARIMUN, KEPULAUAN RIAU",19,83,66,149
https://kawalpemilu.org#25554,"SUNGAILAKAM TIMUR, KARIMUN, KARIMUN, KEPULAUAN RIAU",20,102,86,188
https://kawalpemilu.org#25554,"SUNGAILAKAM TIMUR, KARIMUN, KARIMUN, KEPULAUAN RIAU",21,64,83,147
https://kawalpemilu.org#25554,"SUNGAILAKAM TIMUR, KARIMUN, KARIMUN, KEPULAUAN RIAU",22,53,72,125
https://kawalpemilu.org#25554,"SUNGAILAKAM TIMUR, KARIMUN, KARIMUN, KEPULAUAN RIAU",23,53,44,97
https://kawalpemilu.org#25554,"SUNGAILAKAM TIMUR, KARIMUN, KARIMUN, KEPULAUAN RIAU",25,50,92,142
https://kawalpemilu.org#25554,"SUNGAILAKAM TIMUR, KARIMUN, KARIMUN, KEPULAUAN RIAU",26,32,110,142
https://kawalpemilu.org#25554,"SUNGAILAKAM TIMUR, KARIMUN, KARIMUN, KEPULAUAN RIAU",27,58,93,151
https://kawalpemilu.org#25554,"SUNGAILAKAM TIMUR, KARIMUN, KARIMUN, KEPULAUAN RIAU",28,73,95,168
https://kawalpemilu.org#25554,"SUNGAILAKAM TIMUR, KARIMUN, KARIMUN, KEPULAUAN RIAU",29,84,110,194
https://kawalpemilu.org#25554,"SUNGAILAKAM TIMUR, KARIMUN, KARIMUN, KEPULAUAN RIAU",30,121,20,141
https://kawalpemilu.org#25554,"SUNGAILAKAM TIMUR, KARIMUN, KARIMUN, KEPULAUAN RIAU",31,86,37,123
https://kawalpemilu.org#25554,"SUNGAILAKAM TIMUR, KARIMUN, KARIMUN, KEPULAUAN RIAU",32,147,31,178
https://kawalpemilu.org#25555,"LUBUK SEMUT, KARIMUN, KARIMUN, KEPULAUAN RIAU",1,101,91,192
https://kawalpemilu.org#25555,"LUBUK SEMUT, KARIMUN, KARIMUN, KEPULAUAN RIAU",2,91,113,204
https://kawalpemilu.org#25555,"LUBUK SEMUT, KARIMUN, KARIMUN, KEPULAUAN RIAU",3,80,129,209
https://kawalpemilu.org#25555,"LUBUK SEMUT, KARIMUN, KARIMUN, KEPULAUAN RIAU",4,82,135,217
https://kawalpemilu.org#25555,"LUBUK SEMUT, KARIMUN, KARIMUN, KEPULAUAN RIAU",6,67,108,175
https://kawalpemilu.org#25555,"LUBUK SEMUT, KARIMUN, KARIMUN, KEPULAUAN RIAU",7,0,0,0
https://kawalpemilu.org#25555,"LUBUK SEMUT, KARIMUN, KARIMUN, KEPULAUAN RIAU",8,97,117,214
https://kawalpemilu.org#25555,"LUBUK SEMUT, KARIMUN, KARIMUN, KEPULAUAN RIAU",9,97,120,217
https://kawalpemilu.org#25555,"LUBUK SEMUT, KARIMUN, KARIMUN, KEPULAUAN RIAU",10,70,117,187
https://kawalpemilu.org#25555,"LUBUK SEMUT, KARIMUN, KARIMUN, KEPULAUAN RIAU",11,72,105,177
https://kawalpemilu.org#25555,"LUBUK SEMUT, KARIMUN, KARIMUN, KEPULAUAN RIAU",12,77,142,219
https://kawalpemilu.org#25555,"LUBUK SEMUT, KARIMUN, KARIMUN, KEPULAUAN RIAU",13,67,109,176
https://kawalpemilu.org#25555,"LUBUK SEMUT, KARIMUN, KARIMUN, KEPULAUAN RIAU",14,110,79,189
https://kawalpemilu.org#25556,"PARIT, KARIMUN, KARIMUN, KEPULAUAN RIAU",1,81,104,185
https://kawalpemilu.org#25556,"PARIT, KARIMUN, KARIMUN, KEPULAUAN RIAU",2,99,102,201
https://kawalpemilu.org#25556,"PARIT, KARIMUN, KARIMUN, KEPULAUAN RIAU",3,81,107,188
https://kawalpemilu.org#25556,"PARIT, KARIMUN, KARIMUN, KEPULAUAN RIAU",4,112,131,243
https://kawalpemilu.org#25556,"PARIT, KARIMUN, KARIMUN, KEPULAUAN RIAU",5,96,100,196
https://kawalpemilu.org#25557,"TULANG, KARIMUN, KARIMUN, KEPULAUAN RIAU",1,92,146,238
https://kawalpemilu.org#25557,"TULANG, KARIMUN, KARIMUN, KEPULAUAN RIAU",2,81,136,217
https://kawalpemilu.org#25557,"TULANG, KARIMUN, KARIMUN, KEPULAUAN RIAU",3,80,129,209
https://kawalpemilu.org#25557,"TULANG, KARIMUN, KARIMUN, KEPULAUAN RIAU",4,116,30,146
https://kawalpemilu.org#84861,"SUNGAILAKAM BARAT, KARIMUN, KARIMUN, KEPULAUAN RIAU",1,91,80,171
https://kawalpemilu.org#84861,"SUNGAILAKAM BARAT, KARIMUN, KARIMUN, KEPULAUAN RIAU",2,72,69,141
https://kawalpemilu.org#84861,"SUNGAILAKAM BARAT, KARIMUN, KARIMUN, KEPULAUAN RIAU",3,39,70,109
https://kawalpemilu.org#84861,"SUNGAILAKAM BARAT, KARIMUN, KARIMUN, KEPULAUAN RIAU",4,82,79,161
https://kawalpemilu.org#84861,"SUNGAILAKAM BARAT, KARIMUN, KARIMUN, KEPULAUAN RIAU",5,60,84,144
https://kawalpemilu.org#84861,"SUNGAILAKAM BARAT, KARIMUN, KARIMUN, KEPULAUAN RIAU",6,59,106,165
https://kawalpemilu.org#84861,"SUNGAILAKAM BARAT, KARIMUN, KARIMUN, KEPULAUAN RIAU",7,94,79,173
https://kawalpemilu.org#84861,"SUNGAILAKAM BARAT, KARIMUN, KARIMUN, KEPULAUAN RIAU",8,66,63,129
https://kawalpemilu.org#84861,"SUNGAILAKAM BARAT, KARIMUN, KARIMUN, KEPULAUAN RIAU",9,99,48,147
https://kawalpemilu.org#84861,"SUNGAILAKAM BARAT, KARIMUN, KARIMUN, KEPULAUAN RIAU",10,77,101,178
https://kawalpemilu.org#84861,"SUNGAILAKAM BARAT, KARIMUN, KARIMUN, KEPULAUAN RIAU",11,60,61,121
https://kawalpemilu.org#84861,"SUNGAILAKAM BARAT, KARIMUN, KARIMUN, KEPULAUAN RIAU",12,79,78,157
https://kawalpemilu.org#84861,"SUNGAILAKAM BARAT, KARIMUN, KARIMUN, KEPULAUAN RIAU",13,45,90,135
https://kawalpemilu.org#84861,"SUNGAILAKAM BARAT, KARIMUN, KARIMUN, KEPULAUAN RIAU",14,91,118,209
https://kawalpemilu.org#84861,"SUNGAILAKAM BARAT, KARIMUN, KARIMUN, KEPULAUAN RIAU",15,81,92,173
https://kawalpemilu.org#84861,"SUNGAILAKAM BARAT, KARIMUN, KARIMUN, KEPULAUAN RIAU",16,74,98,172
https://kawalpemilu.org#84861,"SUNGAILAKAM BARAT, KARIMUN, KARIMUN, KEPULAUAN RIAU",17,79,126,205
https://kawalpemilu.org#84861,"SUNGAILAKAM BARAT, KARIMUN, KARIMUN, KEPULAUAN RIAU",18,101,131,232
https://kawalpemilu.org#84861,"SUNGAILAKAM BARAT, KARIMUN, KARIMUN, KEPULAUAN RIAU",19,82,111,193
https://kawalpemilu.org#84861,"SUNGAILAKAM BARAT, KARIMUN, KARIMUN, KEPULAUAN RIAU",20,51,93,144
https://kawalpemilu.org#84861,"SUNGAILAKAM BARAT, KARIMUN, KARIMUN, KEPULAUAN RIAU",22,79,82,162
https://kawalpemilu.org#84861,"SUNGAILAKAM BARAT, KARIMUN, KARIMUN, KEPULAUAN RIAU",23,69,53,122
https://kawalpemilu.org#84861,"SUNGAILAKAM BARAT, KARIMUN, KARIMUN, KEPULAUAN RIAU",24,73,80,153
https://kawalpemilu.org#84861,"SUNGAILAKAM BARAT, KARIMUN, KARIMUN, KEPULAUAN RIAU",25,63,59,0
https://kawalpemilu.org#84861,"SUNGAILAKAM BARAT, KARIMUN, KARIMUN, KEPULAUAN RIAU",26,153,6,159
https://kawalpemilu.org#84861,"SUNGAILAKAM BARAT, KARIMUN, KARIMUN, KEPULAUAN RIAU",27,91,2,93
https://kawalpemilu.org#84861,"SUNGAILAKAM BARAT, KARIMUN, KARIMUN, KEPULAUAN RIAU",28,50,58,108
https://kawalpemilu.org#84861,"SUNGAILAKAM BARAT, KARIMUN, KARIMUN, KEPULAUAN RIAU",29,80,72,152
https://kawalpemilu.org#84861,"SUNGAILAKAM BARAT, KARIMUN, KARIMUN, KEPULAUAN RIAU",30,64,95,159
https://kawalpemilu.org#84861,"SUNGAILAKAM BARAT, KARIMUN, KARIMUN, KEPULAUAN RIAU",31,92,49,141
https://kawalpemilu.org#84861,"SUNGAILAKAM BARAT, KARIMUN, KARIMUN, KEPULAUAN RIAU",32,111,53,164
https://kawalpemilu.org#84861,"SUNGAILAKAM BARAT, KARIMUN, KARIMUN, KEPULAUAN RIAU",33,86,53,139
https://kawalpemilu.org#87374,"TANJUNGBALAI KOTA, KARIMUN, KARIMUN, KEPULAUAN RIAU",1,88,45,133
https://kawalpemilu.org#87374,"TANJUNGBALAI KOTA, KARIMUN, KARIMUN, KEPULAUAN RIAU",2,109,20,129
https://kawalpemilu.org#87374,"TANJUNGBALAI KOTA, KARIMUN, KARIMUN, KEPULAUAN RIAU",3,97,13,110
https://kawalpemilu.org#87374,"TANJUNGBALAI KOTA, KARIMUN, KARIMUN, KEPULAUAN RIAU",4,97,4,101
https://kawalpemilu.org#87374,"TANJUNGBALAI KOTA, KARIMUN, KARIMUN, KEPULAUAN RIAU",5,121,5,126
https://kawalpemilu.org#87374,"TANJUNGBALAI KOTA, KARIMUN, KARIMUN, KEPULAUAN RIAU",6,117,61,178
https://kawalpemilu.org#87374,"TANJUNGBALAI KOTA, KARIMUN, KARIMUN, KEPULAUAN RIAU",7,91,65,156
https://kawalpemilu.org#87374,"TANJUNGBALAI KOTA, KARIMUN, KARIMUN, KEPULAUAN RIAU",8,76,67,143
https://kawalpemilu.org#87374,"TANJUNGBALAI KOTA, KARIMUN, KARIMUN, KEPULAUAN RIAU",9,134,14,148
https://kawalpemilu.org#87374,"TANJUNGBALAI KOTA, KARIMUN, KARIMUN, KEPULAUAN RIAU",10,109,12,121
https://kawalpemilu.org#87374,"TANJUNGBALAI KOTA, KARIMUN, KARIMUN, KEPULAUAN RIAU",11,131,57,188
https://kawalpemilu.org#87374,"TANJUNGBALAI KOTA, KARIMUN, KARIMUN, KEPULAUAN RIAU",12,39,60,99
https://kawalpemilu.org#87374,"TANJUNGBALAI KOTA, KARIMUN, KARIMUN, KEPULAUAN RIAU",13,144,8,152
https://kawalpemilu.org#87374,"TANJUNGBALAI KOTA, KARIMUN, KARIMUN, KEPULAUAN RIAU",14,144,13,157
https://kawalpemilu.org#87374,"TANJUNGBALAI KOTA, KARIMUN, KARIMUN, KEPULAUAN RIAU",15,164,38,202
https://kawalpemilu.org#87374,"TANJUNGBALAI KOTA, KARIMUN, KARIMUN, KEPULAUAN RIAU",16,70,187,257
https://kawalpemilu.org#87374,"TANJUNGBALAI KOTA, KARIMUN, KARIMUN, KEPULAUAN RIAU",17,71,124,195
https://kawalpemilu.org#87374,"TANJUNGBALAI KOTA, KARIMUN, KARIMUN, KEPULAUAN RIAU",18,87,113,200
https://kawalpemilu.org#87374,"TANJUNGBALAI KOTA, KARIMUN, KARIMUN, KEPULAUAN RIAU",20,124,144,268
https://kawalpemilu.org#87374,"TANJUNGBALAI KOTA, KARIMUN, KARIMUN, KEPULAUAN RIAU",21,77,77,154
https://kawalpemilu.org#87374,"TANJUNGBALAI KOTA, KARIMUN, KARIMUN, KEPULAUAN RIAU",22,51,135,186
https://kawalpemilu.org#87375,"SELATMENDAUN, KARIMUN, KARIMUN, KEPULAUAN RIAU",1,71,118,189
https://kawalpemilu.org#87375,"SELATMENDAUN, KARIMUN, KARIMUN, KEPULAUAN RIAU",2,57,130,187
https://kawalpemilu.org#87375,"SELATMENDAUN, KARIMUN, KARIMUN, KEPULAUAN RIAU",3,124,100,224
https://kawalpemilu.org#25559,"MERAL KOTA, MERAL, KARIMUN, KEPULAUAN RIAU",1,48,125,173
https://kawalpemilu.org#25559,"MERAL KOTA, MERAL, KARIMUN, KEPULAUAN RIAU",2,81,93,174
https://kawalpemilu.org#25559,"MERAL KOTA, MERAL, KARIMUN, KEPULAUAN RIAU",3,65,80,145
https://kawalpemilu.org#25559,"MERAL KOTA, MERAL, KARIMUN, KEPULAUAN RIAU",4,124,30,154
https://kawalpemilu.org#25559,"MERAL KOTA, MERAL, KARIMUN, KEPULAUAN RIAU",5,104,39,143
https://kawalpemilu.org#25559,"MERAL KOTA, MERAL, KARIMUN, KEPULAUAN RIAU",6,134,23,157
https://kawalpemilu.org#25559,"MERAL KOTA, MERAL, KARIMUN, KEPULAUAN RIAU",7,108,102,210
https://kawalpemilu.org#25559,"MERAL KOTA, MERAL, KARIMUN, KEPULAUAN RIAU",8,171,72,243
https://kawalpemilu.org#25559,"MERAL KOTA, MERAL, KARIMUN, KEPULAUAN RIAU",9,121,37,158
https://kawalpemilu.org#25559,"MERAL KOTA, MERAL, KARIMUN, KEPULAUAN RIAU",10,111,29,140
https://kawalpemilu.org#25559,"MERAL KOTA, MERAL, KARIMUN, KEPULAUAN RIAU",11,100,22,122
https://kawalpemilu.org#25559,"MERAL KOTA, MERAL, KARIMUN, KEPULAUAN RIAU",12,42,110,152
https://kawalpemilu.org#25559,"MERAL KOTA, MERAL, KARIMUN, KEPULAUAN RIAU",13,88,119,207
https://kawalpemilu.org#25559,"MERAL KOTA, MERAL, KARIMUN, KEPULAUAN RIAU",14,57,122,179
https://kawalpemilu.org#25559,"MERAL KOTA, MERAL, KARIMUN, KEPULAUAN RIAU",15,113,11,124
https://kawalpemilu.org#25559,"MERAL KOTA, MERAL, KARIMUN, KEPULAUAN RIAU",16,100,27,127
https://kawalpemilu.org#25559,"MERAL KOTA, MERAL, KARIMUN, KEPULAUAN RIAU",17,139,5,144
https://kawalpemilu.org#25559,"MERAL KOTA, MERAL, KARIMUN, KEPULAUAN RIAU",18,118,13,131
https://kawalpemilu.org#25559,"MERAL KOTA, MERAL, KARIMUN, KEPULAUAN RIAU",19,128,10,138
https://kawalpemilu.org#25559,"MERAL KOTA, MERAL, KARIMUN, KEPULAUAN RIAU",20,115,10,125
https://kawalpemilu.org#25559,"MERAL KOTA, MERAL, KARIMUN, KEPULAUAN RIAU",21,126,10,136
https://kawalpemilu.org#25559,"MERAL KOTA, MERAL, KARIMUN, KEPULAUAN RIAU",22,104,10,114
https://kawalpemilu.org#25559,"MERAL KOTA, MERAL, KARIMUN, KEPULAUAN RIAU",23,122,12,134
https://kawalpemilu.org#25559,"MERAL KOTA, MERAL, KARIMUN, KEPULAUAN RIAU",24,135,5,140
https://kawalpemilu.org#25560,"BARAN BARAT, MERAL, KARIMUN, KEPULAUAN RIAU",1,64,83,147
https://kawalpemilu.org#25560,"BARAN BARAT, MERAL, KARIMUN, KEPULAUAN RIAU",2,57,70,127
https://kawalpemilu.org#25560,"BARAN BARAT, MERAL, KARIMUN, KEPULAUAN RIAU",3,58,72,130
https://kawalpemilu.org#25560,"BARAN BARAT, MERAL, KARIMUN, KEPULAUAN RIAU",4,158,52,210
https://kawalpemilu.org#25560,"BARAN BARAT, MERAL, KARIMUN, KEPULAUAN RIAU",5,101,51,152
https://kawalpemilu.org#25560,"BARAN BARAT, MERAL, KARIMUN, KEPULAUAN RIAU",6,133,40,173
https://kawalpemilu.org#25560,"BARAN BARAT, MERAL, KARIMUN, KEPULAUAN RIAU",7,43,25,68
https://kawalpemilu.org#25560,"BARAN BARAT, MERAL, KARIMUN, KEPULAUAN RIAU",8,73,99,172
https://kawalpemilu.org#25560,"BARAN BARAT, MERAL, KARIMUN, KEPULAUAN RIAU",9,62,109,171
https://kawalpemilu.org#25560,"BARAN BARAT, MERAL, KARIMUN, KEPULAUAN RIAU",10,43,3,46
https://kawalpemilu.org#25560,"BARAN BARAT, MERAL, KARIMUN, KEPULAUAN RIAU",11,114,6,120
https://kawalpemilu.org#25560,"BARAN BARAT, MERAL, KARIMUN, KEPULAUAN RIAU",12,85,4,89
https://kawalpemilu.org#25560,"BARAN BARAT, MERAL, KARIMUN, KEPULAUAN RIAU",13,113,8,121
https://kawalpemilu.org#25560,"BARAN BARAT, MERAL, KARIMUN, KEPULAUAN RIAU",14,148,11,159
https://kawalpemilu.org#25560,"BARAN BARAT, MERAL, KARIMUN, KEPULAUAN RIAU",15,91,49,140
https://kawalpemilu.org#25560,"BARAN BARAT, MERAL, KARIMUN, KEPULAUAN RIAU",16,84,79,163
https://kawalpemilu.org#25560,"BARAN BARAT, MERAL, KARIMUN, KEPULAUAN RIAU",17,52,98,150
https://kawalpemilu.org#25560,"BARAN BARAT, MERAL, KARIMUN, KEPULAUAN RIAU",18,64,113,177
https://kawalpemilu.org#25560,"BARAN BARAT, MERAL, KARIMUN, KEPULAUAN RIAU",19,69,129,198
https://kawalpemilu.org#25560,"BARAN BARAT, MERAL, KARIMUN, KEPULAUAN RIAU",20,71,91,162
https://kawalpemilu.org#25560,"BARAN BARAT, MERAL, KARIMUN, KEPULAUAN RIAU",21,84,150,234
https://kawalpemilu.org#25560,"BARAN BARAT, MERAL, KARIMUN, KEPULAUAN RIAU",22,88,137,225
https://kawalpemilu.org#25560,"BARAN BARAT, MERAL, KARIMUN, KEPULAUAN RIAU",23,81,78,159
https://kawalpemilu.org#25560,"BARAN BARAT, MERAL, KARIMUN, KEPULAUAN RIAU",24,110,122,232
https://kawalpemilu.org#25560,"BARAN BARAT, MERAL, KARIMUN, KEPULAUAN RIAU",25,108,102,210
https://kawalpemilu.org#25560,"BARAN BARAT, MERAL, KARIMUN, KEPULAUAN RIAU",26,98,70,168
https://kawalpemilu.org#25560,"BARAN BARAT, MERAL, KARIMUN, KEPULAUAN RIAU",27,87,112,199
https://kawalpemilu.org#25561,"SEI RAYA, MERAL, KARIMUN, KEPULAUAN RIAU",1,94,95,189
https://kawalpemilu.org#25561,"SEI RAYA, MERAL, KARIMUN, KEPULAUAN RIAU",2,113,105,218
https://kawalpemilu.org#25561,"SEI RAYA, MERAL, KARIMUN, KEPULAUAN RIAU",3,65,108,173
https://kawalpemilu.org#25561,"SEI RAYA, MERAL, KARIMUN, KEPULAUAN RIAU",4,66,146,212
https://kawalpemilu.org#25561,"SEI RAYA, MERAL, KARIMUN, KEPULAUAN RIAU",5,74,123,197
https://kawalpemilu.org#25561,"SEI RAYA, MERAL, KARIMUN, KEPULAUAN RIAU",6,89,147,236
https://kawalpemilu.org#25561,"SEI RAYA, MERAL, KARIMUN, KEPULAUAN RIAU",7,95,148,243
https://kawalpemilu.org#25561,"SEI RAYA, MERAL, KARIMUN, KEPULAUAN RIAU",8,107,157,264
https://kawalpemilu.org#25561,"SEI RAYA, MERAL, KARIMUN, KEPULAUAN RIAU",9,89,144,233
https://kawalpemilu.org#25561,"SEI RAYA, MERAL, KARIMUN, KEPULAUAN RIAU",10,108,112,220
https://kawalpemilu.org#25561,"SEI RAYA, MERAL, KARIMUN, KEPULAUAN RIAU",11,83,112,195
https://kawalpemilu.org#25561,"SEI RAYA, MERAL, KARIMUN, KEPULAUAN RIAU",12,108,88,196
https://kawalpemilu.org#25561,"SEI RAYA, MERAL, KARIMUN, KEPULAUAN RIAU",13,84,78,162
https://kawalpemilu.org#25561,"SEI RAYA, MERAL, KARIMUN, KEPULAUAN RIAU",14,77,101,178
https://kawalpemilu.org#25561,"SEI RAYA, MERAL, KARIMUN, KEPULAUAN RIAU",15,84,148,232
https://kawalpemilu.org#25561,"SEI RAYA, MERAL, KARIMUN, KEPULAUAN RIAU",16,82,111,193
https://kawalpemilu.org#87376,"BARAN TIMUR, MERAL, KARIMUN, KEPULAUAN RIAU",1,79,65,144
https://kawalpemilu.org#87376,"BARAN TIMUR, MERAL, KARIMUN, KEPULAUAN RIAU",2,147,108,255
https://kawalpemilu.org#87376,"BARAN TIMUR, MERAL, KARIMUN, KEPULAUAN RIAU",3,97,93,190
https://kawalpemilu.org#87376,"BARAN TIMUR, MERAL, KARIMUN, KEPULAUAN RIAU",4,87,61,148
https://kawalpemilu.org#87376,"BARAN TIMUR, MERAL, KARIMUN, KEPULAUAN RIAU",5,90,60,150
https://kawalpemilu.org#87376,"BARAN TIMUR, MERAL, KARIMUN, KEPULAUAN RIAU",6,101,67,168
https://kawalpemilu.org#87376,"BARAN TIMUR, MERAL, KARIMUN, KEPULAUAN RIAU",7,58,73,131
https://kawalpemilu.org#87376,"BARAN TIMUR, MERAL, KARIMUN, KEPULAUAN RIAU",8,87,57,144
https://kawalpemilu.org#87376,"BARAN TIMUR, MERAL, KARIMUN, KEPULAUAN RIAU",9,105,82,187
https://kawalpemilu.org#87376,"BARAN TIMUR, MERAL, KARIMUN, KEPULAUAN RIAU",10,88,61,149
https://kawalpemilu.org#87376,"BARAN TIMUR, MERAL, KARIMUN, KEPULAUAN RIAU",12,102,74,156
https://kawalpemilu.org#87376,"BARAN TIMUR, MERAL, KARIMUN, KEPULAUAN RIAU",13,88,72,160
https://kawalpemilu.org#87376,"BARAN TIMUR, MERAL, KARIMUN, KEPULAUAN RIAU",14,121,52,173
https://kawalpemilu.org#87376,"BARAN TIMUR, MERAL, KARIMUN, KEPULAUAN RIAU",15,101,48,149
https://kawalpemilu.org#87376,"BARAN TIMUR, MERAL, KARIMUN, KEPULAUAN RIAU",16,114,78,192
https://kawalpemilu.org#87376,"BARAN TIMUR, MERAL, KARIMUN, KEPULAUAN RIAU",17,93,85,178
https://kawalpemilu.org#87376,"BARAN TIMUR, MERAL, KARIMUN, KEPULAUAN RIAU",18,96,52,148
https://kawalpemilu.org#87376,"BARAN TIMUR, MERAL, KARIMUN, KEPULAUAN RIAU",19,88,59,147
https://kawalpemilu.org#87376,"BARAN TIMUR, MERAL, KARIMUN, KEPULAUAN RIAU",20,61,48,109
https://kawalpemilu.org#87376,"BARAN TIMUR, MERAL, KARIMUN, KEPULAUAN RIAU",21,68,84,102
https://kawalpemilu.org#87377,"SUNGAI PASIR, MERAL, KARIMUN, KEPULAUAN RIAU",1,157,24,181
https://kawalpemilu.org#87377,"SUNGAI PASIR, MERAL, KARIMUN, KEPULAUAN RIAU",2,124,19,143
https://kawalpemilu.org#87377,"SUNGAI PASIR, MERAL, KARIMUN, KEPULAUAN RIAU",3,93,83,176
https://kawalpemilu.org#87377,"SUNGAI PASIR, MERAL, KARIMUN, KEPULAUAN RIAU",4,77,61,138
https://kawalpemilu.org#87377,"SUNGAI PASIR, MERAL, KARIMUN, KEPULAUAN RIAU",5,64,84,148
https://kawalpemilu.org#87377,"SUNGAI PASIR, MERAL, KARIMUN, KEPULAUAN RIAU",6,85,122,207
https://kawalpemilu.org#87377,"SUNGAI PASIR, MERAL, KARIMUN, KEPULAUAN RIAU",7,74,35,109
https://kawalpemilu.org#87377,"SUNGAI PASIR, MERAL, KARIMUN, KEPULAUAN RIAU",8,62,39,101
https://kawalpemilu.org#87377,"SUNGAI PASIR, MERAL, KARIMUN, KEPULAUAN RIAU",9,45,40,85
https://kawalpemilu.org#87377,"SUNGAI PASIR, MERAL, KARIMUN, KEPULAUAN RIAU",10,59,120,179
https://kawalpemilu.org#87377,"SUNGAI PASIR, MERAL, KARIMUN, KEPULAUAN RIAU",11,54,125,179
https://kawalpemilu.org#87377,"SUNGAI PASIR, MERAL, KARIMUN, KEPULAUAN RIAU",12,56,105,161
https://kawalpemilu.org#87377,"SUNGAI PASIR, MERAL, KARIMUN, KEPULAUAN RIAU",13,93,92,185
https://kawalpemilu.org#87377,"SUNGAI PASIR, MERAL, KARIMUN, KEPULAUAN RIAU",14,126,69,195
https://kawalpemilu.org#87377,"SUNGAI PASIR, MERAL, KARIMUN, KEPULAUAN RIAU",15,82,60,142
https://kawalpemilu.org#87377,"SUNGAI PASIR, MERAL, KARIMUN, KEPULAUAN RIAU",16,77,63,140
https://kawalpemilu.org#87377,"SUNGAI PASIR, MERAL, KARIMUN, KEPULAUAN RIAU",17,85,137,222
https://kawalpemilu.org#87377,"SUNGAI PASIR, MERAL, KARIMUN, KEPULAUAN RIAU",18,90,130,220
https://kawalpemilu.org#87377,"SUNGAI PASIR, MERAL, KARIMUN, KEPULAUAN RIAU",19,70,95,165
https://kawalpemilu.org#87377,"SUNGAI PASIR, MERAL, KARIMUN, KEPULAUAN RIAU",20,149,75,224
https://kawalpemilu.org#87377,"SUNGAI PASIR, MERAL, KARIMUN, KEPULAUAN RIAU",21,137,64,201
https://kawalpemilu.org#87377,"SUNGAI PASIR, MERAL, KARIMUN, KEPULAUAN RIAU",22,137,91,228
https://kawalpemilu.org#87377,"SUNGAI PASIR, MERAL, KARIMUN, KEPULAUAN RIAU",23,130,115,245
https://kawalpemilu.org#87377,"SUNGAI PASIR, MERAL, KARIMUN, KEPULAUAN RIAU",24,120,96,216
https://kawalpemilu.org#87377,"SUNGAI PASIR, MERAL, KARIMUN, KEPULAUAN RIAU",25,123,69,192
https://kawalpemilu.org#87377,"SUNGAI PASIR, MERAL, KARIMUN, KEPULAUAN RIAU",26,103,112,215
https://kawalpemilu.org#87377,"SUNGAI PASIR, MERAL, KARIMUN, KEPULAUAN RIAU",27,120,101,221
https://kawalpemilu.org#87377,"SUNGAI PASIR, MERAL, KARIMUN, KEPULAUAN RIAU",28,109,89,198
https://kawalpemilu.org#87378,"PARIT BENUT, MERAL, KARIMUN, KEPULAUAN RIAU",1,96,120,216
https://kawalpemilu.org#87378,"PARIT BENUT, MERAL, KARIMUN, KEPULAUAN RIAU",2,104,132,236
https://kawalpemilu.org#87378,"PARIT BENUT, MERAL, KARIMUN, KEPULAUAN RIAU",3,63,156,219
https://kawalpemilu.org#87378,"PARIT BENUT, MERAL, KARIMUN, KEPULAUAN RIAU",4,78,135,213
https://kawalpemilu.org#87378,"PARIT BENUT, MERAL, KARIMUN, KEPULAUAN RIAU",5,86,84,170
https://kawalpemilu.org#87378,"PARIT BENUT, MERAL, KARIMUN, KEPULAUAN RIAU",6,74,73,147
https://kawalpemilu.org#87378,"PARIT BENUT, MERAL, KARIMUN, KEPULAUAN RIAU",7,133,90,223
https://kawalpemilu.org#87378,"PARIT BENUT, MERAL, KARIMUN, KEPULAUAN RIAU",8,55,120,175
https://kawalpemilu.org#87378,"PARIT BENUT, MERAL, KARIMUN, KEPULAUAN RIAU",9,84,120,204
https://kawalpemilu.org#87378,"PARIT BENUT, MERAL, KARIMUN, KEPULAUAN RIAU",10,87,141,228
https://kawalpemilu.org#87378,"PARIT BENUT, MERAL, KARIMUN, KEPULAUAN RIAU",11,80,121,201
https://kawalpemilu.org#87378,"PARIT BENUT, MERAL, KARIMUN, KEPULAUAN RIAU",12,73,151,224
https://kawalpemilu.org#87378,"PARIT BENUT, MERAL, KARIMUN, KEPULAUAN RIAU",13,86,125,211
https://kawalpemilu.org#87378,"PARIT BENUT, MERAL, KARIMUN, KEPULAUAN RIAU",14,74,134,208
https://kawalpemilu.org#25565,"TEBING, TEBING, KARIMUN, KEPULAUAN RIAU",1,104,100,204
https://kawalpemilu.org#25565,"TEBING, TEBING, KARIMUN, KEPULAUAN RIAU",2,99,122,221
https://kawalpemilu.org#25565,"TEBING, TEBING, KARIMUN, KEPULAUAN RIAU",3,134,89,223
https://kawalpemilu.org#25565,"TEBING, TEBING, KARIMUN, KEPULAUAN RIAU",4,85,118,203
https://kawalpemilu.org#25565,"TEBING, TEBING, KARIMUN, KEPULAUAN RIAU",5,71,129,200
https://kawalpemilu.org#25565,"TEBING, TEBING, KARIMUN, KEPULAUAN RIAU",6,66,118,184
https://kawalpemilu.org#25565,"TEBING, TEBING, KARIMUN, KEPULAUAN RIAU",7,119,107,226
https://kawalpemilu.org#25565,"TEBING, TEBING, KARIMUN, KEPULAUAN RIAU",8,115,101,216
https://kawalpemilu.org#25565,"TEBING, TEBING, KARIMUN, KEPULAUAN RIAU",9,222,4,226
https://kawalpemilu.org#25565,"TEBING, TEBING, KARIMUN, KEPULAUAN RIAU",10,111,111,222
https://kawalpemilu.org#25565,"TEBING, TEBING, KARIMUN, KEPULAUAN RIAU",11,129,122,251
https://kawalpemilu.org#25565,"TEBING, TEBING, KARIMUN, KEPULAUAN RIAU",12,106,102,208
https://kawalpemilu.org#25565,"TEBING, TEBING, KARIMUN, KEPULAUAN RIAU",13,137,86,223
https://kawalpemilu.org#25565,"TEBING, TEBING, KARIMUN, KEPULAUAN RIAU",14,115,137,252
https://kawalpemilu.org#25566,"TELUK UMA, TEBING, KARIMUN, KEPULAUAN RIAU",1,100,101,201
https://kawalpemilu.org#25566,"TELUK UMA, TEBING, KARIMUN, KEPULAUAN RIAU",2,91,46,137
https://kawalpemilu.org#25566,"TELUK UMA, TEBING, KARIMUN, KEPULAUAN RIAU",3,84,77,161
https://kawalpemilu.org#25566,"TELUK UMA, TEBING, KARIMUN, KEPULAUAN RIAU",5,82,111,193
https://kawalpemilu.org#25566,"TELUK UMA, TEBING, KARIMUN, KEPULAUAN RIAU",6,52,92,144
https://kawalpemilu.org#25566,"TELUK UMA, TEBING, KARIMUN, KEPULAUAN RIAU",7,93,70,163
https://kawalpemilu.org#25566,"TELUK UMA, TEBING, KARIMUN, KEPULAUAN RIAU",8,81,74,155
https://kawalpemilu.org#25566,"TELUK UMA, TEBING, KARIMUN, KEPULAUAN RIAU",9,83,77,160
https://kawalpemilu.org#25566,"TELUK UMA, TEBING, KARIMUN, KEPULAUAN RIAU",10,56,57,113
https://kawalpemilu.org#25566,"TELUK UMA, TEBING, KARIMUN, KEPULAUAN RIAU",11,46,81,127
https://kawalpemilu.org#25566,"TELUK UMA, TEBING, KARIMUN, KEPULAUAN RIAU",12,44,120,164
https://kawalpemilu.org#25566,"TELUK UMA, TEBING, KARIMUN, KEPULAUAN RIAU",13,51,65,116
https://kawalpemilu.org#25566,"TELUK UMA, TEBING, KARIMUN, KEPULAUAN RIAU",14,41,75,116
https://kawalpemilu.org#25566,"TELUK UMA, TEBING, KARIMUN, KEPULAUAN RIAU",15,54,101,155
https://kawalpemilu.org#25566,"TELUK UMA, TEBING, KARIMUN, KEPULAUAN RIAU",16,47,123,170
https://kawalpemilu.org#25566,"TELUK UMA, TEBING, KARIMUN, KEPULAUAN RIAU",17,61,116,177
https://kawalpemilu.org#25566,"TELUK UMA, TEBING, KARIMUN, KEPULAUAN RIAU",18,65,109,174
https://kawalpemilu.org#25566,"TELUK UMA, TEBING, KARIMUN, KEPULAUAN RIAU",19,43,158,158
https://kawalpemilu.org#25566,"TELUK UMA, TEBING, KARIMUN, KEPULAUAN RIAU",20,34,111,145
https://kawalpemilu.org#25567,"KAPLING, TEBING, KARIMUN, KEPULAUAN RIAU",1,52,75,127
https://kawalpemilu.org#25567,"KAPLING, TEBING, KARIMUN, KEPULAUAN RIAU",2,96,58,154
https://kawalpemilu.org#25567,"KAPLING, TEBING, KARIMUN, KEPULAUAN RIAU",3,56,77,133
https://kawalpemilu.org#25567,"KAPLING, TEBING, KARIMUN, KEPULAUAN RIAU",4,82,110,192
https://kawalpemilu.org#25567,"KAPLING, TEBING, KARIMUN, KEPULAUAN RIAU",5,61,61,122
https://kawalpemilu.org#25567,"KAPLING, TEBING, KARIMUN, KEPULAUAN RIAU",6,78,77,155
https://kawalpemilu.org#25567,"KAPLING, TEBING, KARIMUN, KEPULAUAN RIAU",7,35,40,75
https://kawalpemilu.org#25567,"KAPLING, TEBING, KARIMUN, KEPULAUAN RIAU",8,44,40,84
https://kawalpemilu.org#25567,"KAPLING, TEBING, KARIMUN, KEPULAUAN RIAU",10,93,72,165
https://kawalpemilu.org#25567,"KAPLING, TEBING, KARIMUN, KEPULAUAN RIAU",11,85,55,140
https://kawalpemilu.org#25567,"KAPLING, TEBING, KARIMUN, KEPULAUAN RIAU",12,64,72,136
https://kawalpemilu.org#25567,"KAPLING, TEBING, KARIMUN, KEPULAUAN RIAU",13,76,59,135
https://kawalpemilu.org#25567,"KAPLING, TEBING, KARIMUN, KEPULAUAN RIAU",14,90,23,113
https://kawalpemilu.org#25567,"KAPLING, TEBING, KARIMUN, KEPULAUAN RIAU",15,94,133,227
https://kawalpemilu.org#25567,"KAPLING, TEBING, KARIMUN, KEPULAUAN RIAU",16,99,17,116
https://kawalpemilu.org#25567,"KAPLING, TEBING, KARIMUN, KEPULAUAN RIAU",17,77,56,133
https://kawalpemilu.org#25568,"PAMAK, TEBING, KARIMUN, KEPULAUAN RIAU",1,113,70,183
https://kawalpemilu.org#25568,"PAMAK, TEBING, KARIMUN, KEPULAUAN RIAU",2,91,126,217
https://kawalpemilu.org#25568,"PAMAK, TEBING, KARIMUN, KEPULAUAN RIAU",3,87,89,176
https://kawalpemilu.org#25568,"PAMAK, TEBING, KARIMUN, KEPULAUAN RIAU",4,82,125,207
https://kawalpemilu.org#25568,"PAMAK, TEBING, KARIMUN, KEPULAUAN RIAU",5,68,92,160
https://kawalpemilu.org#25568,"PAMAK, TEBING, KARIMUN, KEPULAUAN RIAU",6,78,107,185
https://kawalpemilu.org#25568,"PAMAK, TEBING, KARIMUN, KEPULAUAN RIAU",7,56,119,175
https://kawalpemilu.org#25568,"PAMAK, TEBING, KARIMUN, KEPULAUAN RIAU",8,74,93,167
https://kawalpemilu.org#25568,"PAMAK, TEBING, KARIMUN, KEPULAUAN RIAU",9,55,100,155
https://kawalpemilu.org#25568,"PAMAK, TEBING, KARIMUN, KEPULAUAN RIAU",10,104,82,186
https://kawalpemilu.org#25568,"PAMAK, TEBING, KARIMUN, KEPULAUAN RIAU",11,184,17,201
https://kawalpemilu.org#25568,"PAMAK, TEBING, KARIMUN, KEPULAUAN RIAU",12,79,55,134
https://kawalpemilu.org#25568,"PAMAK, TEBING, KARIMUN, KEPULAUAN RIAU",13,88,66,154
https://kawalpemilu.org#25569,"HARJOSARI, TEBING, KARIMUN, KEPULAUAN RIAU",1,85,67,152
https://kawalpemilu.org#25569,"HARJOSARI, TEBING, KARIMUN, KEPULAUAN RIAU",2,120,83,203
https://kawalpemilu.org#25569,"HARJOSARI, TEBING, KARIMUN, KEPULAUAN RIAU",3,74,58,132
https://kawalpemilu.org#25569,"HARJOSARI, TEBING, KARIMUN, KEPULAUAN RIAU",4,104,68,172
https://kawalpemilu.org#25569,"HARJOSARI, TEBING, KARIMUN, KEPULAUAN RIAU",5,83,126,209
https://kawalpemilu.org#25569,"HARJOSARI, TEBING, KARIMUN, KEPULAUAN RIAU",6,68,88,156
https://kawalpemilu.org#25569,"HARJOSARI, TEBING, KARIMUN, KEPULAUAN RIAU",7,132,70,202
https://kawalpemilu.org#25569,"HARJOSARI, TEBING, KARIMUN, KEPULAUAN RIAU",8,107,84,191
https://kawalpemilu.org#25569,"HARJOSARI, TEBING, KARIMUN, KEPULAUAN RIAU",9,125,88,213
https://kawalpemilu.org#25569,"HARJOSARI, TEBING, KARIMUN, KEPULAUAN RIAU",10,69,101,170
https://kawalpemilu.org#25569,"HARJOSARI, TEBING, KARIMUN, KEPULAUAN RIAU",11,84,103,187
https://kawalpemilu.org#25571,"PONGKAR, TEBING, KARIMUN, KEPULAUAN RIAU",1,105,101,206
https://kawalpemilu.org#25571,"PONGKAR, TEBING, KARIMUN, KEPULAUAN RIAU",3,65,71,136
https://kawalpemilu.org#25571,"PONGKAR, TEBING, KARIMUN, KEPULAUAN RIAU",4,81,65,146
https://kawalpemilu.org#25571,"PONGKAR, TEBING, KARIMUN, KEPULAUAN RIAU",5,75,94,169
https://kawalpemilu.org#25571,"PONGKAR, TEBING, KARIMUN, KEPULAUAN RIAU",6,77,92,169
https://kawalpemilu.org#25571,"PONGKAR, TEBING, KARIMUN, KEPULAUAN RIAU",7,57,81,138
https://kawalpemilu.org#25571,"PONGKAR, TEBING, KARIMUN, KEPULAUAN RIAU",8,51,92,143
https://kawalpemilu.org#25571,"PONGKAR, TEBING, KARIMUN, KEPULAUAN RIAU",9,84,128,212
https://kawalpemilu.org#25571,"PONGKAR, TEBING, KARIMUN, KEPULAUAN RIAU",10,84,106,190
https://kawalpemilu.org#25573,"BURU, BURU, KARIMUN, KEPULAUAN RIAU",1,99,14,113
https://kawalpemilu.org#25573,"BURU, BURU, KARIMUN, KEPULAUAN RIAU",2,107,26,133
https://kawalpemilu.org#25573,"BURU, BURU, KARIMUN, KEPULAUAN RIAU",3,76,78,154
https://kawalpemilu.org#25573,"BURU, BURU, KARIMUN, KEPULAUAN RIAU",4,51,98,149
https://kawalpemilu.org#25573,"BURU, BURU, KARIMUN, KEPULAUAN RIAU",5,66,69,135
https://kawalpemilu.org#25573,"BURU, BURU, KARIMUN, KEPULAUAN RIAU",6,61,124,185
https://kawalpemilu.org#25573,"BURU, BURU, KARIMUN, KEPULAUAN RIAU",7,49,89,138
https://kawalpemilu.org#25573,"BURU, BURU, KARIMUN, KEPULAUAN RIAU",8,82,107,189
https://kawalpemilu.org#25573,"BURU, BURU, KARIMUN, KEPULAUAN RIAU",9,119,52,171
https://kawalpemilu.org#25573,"BURU, BURU, KARIMUN, KEPULAUAN RIAU",10,94,96,190
https://kawalpemilu.org#25573,"BURU, BURU, KARIMUN, KEPULAUAN RIAU",11,114,69,183
https://kawalpemilu.org#25574,"LUBUK PUDING, BURU, KARIMUN, KEPULAUAN RIAU",1,100,107,207
https://kawalpemilu.org#25574,"LUBUK PUDING, BURU, KARIMUN, KEPULAUAN RIAU",2,95,82,177
https://kawalpemilu.org#25574,"LUBUK PUDING, BURU, KARIMUN, KEPULAUAN RIAU",3,87,112,199
https://kawalpemilu.org#25574,"LUBUK PUDING, BURU, KARIMUN, KEPULAUAN RIAU",4,34,156,190
https://kawalpemilu.org#25574,"LUBUK PUDING, BURU, KARIMUN, KEPULAUAN RIAU",5,58,166,224
https://kawalpemilu.org#25574,"LUBUK PUDING, BURU, KARIMUN, KEPULAUAN RIAU",6,83,124,207
https://kawalpemilu.org#25574,"LUBUK PUDING, BURU, KARIMUN, KEPULAUAN RIAU",7,55,127,182
https://kawalpemilu.org#25574,"LUBUK PUDING, BURU, KARIMUN, KEPULAUAN RIAU",8,60,138,198
https://kawalpemilu.org#25574,"LUBUK PUDING, BURU, KARIMUN, KEPULAUAN RIAU",9,53,103,156
https://kawalpemilu.org#25574,"LUBUK PUDING, BURU, KARIMUN, KEPULAUAN RIAU",10,60,91,151
https://kawalpemilu.org#25574,"LUBUK PUDING, BURU, KARIMUN, KEPULAUAN RIAU",11,87,97,184
https://kawalpemilu.org#25575,"TANJUNG HUTAN, BURU, KARIMUN, KEPULAUAN RIAU",1,152,52,204
https://kawalpemilu.org#25575,"TANJUNG HUTAN, BURU, KARIMUN, KEPULAUAN RIAU",2,116,75,191
https://kawalpemilu.org#25575,"TANJUNG HUTAN, BURU, KARIMUN, KEPULAUAN RIAU",3,110,101,211
https://kawalpemilu.org#25575,"TANJUNG HUTAN, BURU, KARIMUN, KEPULAUAN RIAU",4,146,74,220
https://kawalpemilu.org#25575,"TANJUNG HUTAN, BURU, KARIMUN, KEPULAUAN RIAU",5,31,52,83
https://kawalpemilu.org#25575,"TANJUNG HUTAN, BURU, KARIMUN, KEPULAUAN RIAU",6,104,59,163
https://kawalpemilu.org#25576,"TANJUNG BATU KECIL, BURU, KARIMUN, KEPULAUAN RIAU",1,95,71,166
https://kawalpemilu.org#25576,"TANJUNG BATU KECIL, BURU, KARIMUN, KEPULAUAN RIAU",2,104,90,194
https://kawalpemilu.org#25576,"TANJUNG BATU KECIL, BURU, KARIMUN, KEPULAUAN RIAU",3,78,102,180
https://kawalpemilu.org#25576,"TANJUNG BATU KECIL, BURU, KARIMUN, KEPULAUAN RIAU",4,79,67,146
https://kawalpemilu.org#25576,"TANJUNG BATU KECIL, BURU, KARIMUN, KEPULAUAN RIAU",5,110,43,153
https://kawalpemilu.org#25576,"TANJUNG BATU KECIL, BURU, KARIMUN, KEPULAUAN RIAU",6,137,38,175
https://kawalpemilu.org#25578,"PERAYUN, KUNDUR UTARA, KARIMUN, KEPULAUAN RIAU",2,85,90,175
https://kawalpemilu.org#25578,"PERAYUN, KUNDUR UTARA, KARIMUN, KEPULAUAN RIAU",3,111,44,155
https://kawalpemilu.org#25578,"PERAYUN, KUNDUR UTARA, KARIMUN, KEPULAUAN RIAU",4,120,84,204
https://kawalpemilu.org#25578,"PERAYUN, KUNDUR UTARA, KARIMUN, KEPULAUAN RIAU",5,126,72,198
https://kawalpemilu.org#25579,"TANJUNGBERLIAN BARAT, KUNDUR UTARA, KARIMUN, KEPULAUAN RIAU",1,92,40,132
https://kawalpemilu.org#25579,"TANJUNGBERLIAN BARAT, KUNDUR UTARA, KARIMUN, KEPULAUAN RIAU",2,81,61,142
https://kawalpemilu.org#25579,"TANJUNGBERLIAN BARAT, KUNDUR UTARA, KARIMUN, KEPULAUAN RIAU",3,88,55,143
https://kawalpemilu.org#25579,"TANJUNGBERLIAN BARAT, KUNDUR UTARA, KARIMUN, KEPULAUAN RIAU",4,74,62,136
https://kawalpemilu.org#25579,"TANJUNGBERLIAN BARAT, KUNDUR UTARA, KARIMUN, KEPULAUAN RIAU",5,88,60,148
https://kawalpemilu.org#25579,"TANJUNGBERLIAN BARAT, KUNDUR UTARA, KARIMUN, KEPULAUAN RIAU",6,75,48,123
https://kawalpemilu.org#25579,"TANJUNGBERLIAN BARAT, KUNDUR UTARA, KARIMUN, KEPULAUAN RIAU",7,98,32,130
https://kawalpemilu.org#25579,"TANJUNGBERLIAN BARAT, KUNDUR UTARA, KARIMUN, KEPULAUAN RIAU",8,111,42,153
https://kawalpemilu.org#25579,"TANJUNGBERLIAN BARAT, KUNDUR UTARA, KARIMUN, KEPULAUAN RIAU",9,107,40,147
https://kawalpemilu.org#25579,"TANJUNGBERLIAN BARAT, KUNDUR UTARA, KARIMUN, KEPULAUAN RIAU",10,105,53,158
https://kawalpemilu.org#25580,"SEI UNGAR UTARA, KUNDUR UTARA, KARIMUN, KEPULAUAN RIAU",1,118,49,167
https://kawalpemilu.org#25580,"SEI UNGAR UTARA, KUNDUR UTARA, KARIMUN, KEPULAUAN RIAU",2,87,63,150
https://kawalpemilu.org#25580,"SEI UNGAR UTARA, KUNDUR UTARA, KARIMUN, KEPULAUAN RIAU",3,79,47,126
https://kawalpemilu.org#25580,"SEI UNGAR UTARA, KUNDUR UTARA, KARIMUN, KEPULAUAN RIAU",4,128,72,200
https://kawalpemilu.org#25580,"SEI UNGAR UTARA, KUNDUR UTARA, KARIMUN, KEPULAUAN RIAU",5,120,74,194
https://kawalpemilu.org#25580,"SEI UNGAR UTARA, KUNDUR UTARA, KARIMUN, KEPULAUAN RIAU",6,76,101,177
https://kawalpemilu.org#25580,"SEI UNGAR UTARA, KUNDUR UTARA, KARIMUN, KEPULAUAN RIAU",7,77,60,137
https://kawalpemilu.org#25580,"SEI UNGAR UTARA, KUNDUR UTARA, KARIMUN, KEPULAUAN RIAU",8,53,46,99
https://kawalpemilu.org#25581,"TELUK RADANG, KUNDUR UTARA, KARIMUN, KEPULAUAN RIAU",1,101,116,217
https://kawalpemilu.org#25581,"TELUK RADANG, KUNDUR UTARA, KARIMUN, KEPULAUAN RIAU",2,143,71,214
https://kawalpemilu.org#25581,"TELUK RADANG, KUNDUR UTARA, KARIMUN, KEPULAUAN RIAU",3,127,95,222
https://kawalpemilu.org#25581,"TELUK RADANG, KUNDUR UTARA, KARIMUN, KEPULAUAN RIAU",4,112,65,177
https://kawalpemilu.org#25581,"TELUK RADANG, KUNDUR UTARA, KARIMUN, KEPULAUAN RIAU",5,137,81,218
https://kawalpemilu.org#87379,"TANJUNGBERLIAN KOTA, KUNDUR UTARA, KARIMUN, KEPULAUAN RIAU",1,124,25,149
https://kawalpemilu.org#87379,"TANJUNGBERLIAN KOTA, KUNDUR UTARA, KARIMUN, KEPULAUAN RIAU",2,104,114,218
https://kawalpemilu.org#87379,"TANJUNGBERLIAN KOTA, KUNDUR UTARA, KARIMUN, KEPULAUAN RIAU",3,52,112,164
https://kawalpemilu.org#87379,"TANJUNGBERLIAN KOTA, KUNDUR UTARA, KARIMUN, KEPULAUAN RIAU",4,62,114,176
https://kawalpemilu.org#87379,"TANJUNGBERLIAN KOTA, KUNDUR UTARA, KARIMUN, KEPULAUAN RIAU",5,22,117,139
https://kawalpemilu.org#87379,"TANJUNGBERLIAN KOTA, KUNDUR UTARA, KARIMUN, KEPULAUAN RIAU",6,56,49,105
https://kawalpemilu.org#87379,"TANJUNGBERLIAN KOTA, KUNDUR UTARA, KARIMUN, KEPULAUAN RIAU",7,94,48,142
https://kawalpemilu.org#87379,"TANJUNGBERLIAN KOTA, KUNDUR UTARA, KARIMUN, KEPULAUAN RIAU",8,38,36,74
https://kawalpemilu.org#87379,"TANJUNGBERLIAN KOTA, KUNDUR UTARA, KARIMUN, KEPULAUAN RIAU",9,44,68,112
https://kawalpemilu.org#87379,"TANJUNGBERLIAN KOTA, KUNDUR UTARA, KARIMUN, KEPULAUAN RIAU",10,76,66,142
https://kawalpemilu.org#87379,"TANJUNGBERLIAN KOTA, KUNDUR UTARA, KARIMUN, KEPULAUAN RIAU",11,103,54,157
https://kawalpemilu.org#87379,"TANJUNGBERLIAN KOTA, KUNDUR UTARA, KARIMUN, KEPULAUAN RIAU",12,119,74,193
https://kawalpemilu.org#87379,"TANJUNGBERLIAN KOTA, KUNDUR UTARA, KARIMUN, KEPULAUAN RIAU",13,84,73,157
https://kawalpemilu.org#87379,"TANJUNGBERLIAN KOTA, KUNDUR UTARA, KARIMUN, KEPULAUAN RIAU",14,79,71,150
https://kawalpemilu.org#87379,"TANJUNGBERLIAN KOTA, KUNDUR UTARA, KARIMUN, KEPULAUAN RIAU",15,81,86,167
https://kawalpemilu.org#25587,"SAWANG, KUNDUR BARAT, KARIMUN, KEPULAUAN RIAU",1,160,61,221
https://kawalpemilu.org#25587,"SAWANG, KUNDUR BARAT, KARIMUN, KEPULAUAN RIAU",2,119,71,190
https://kawalpemilu.org#25587,"SAWANG, KUNDUR BARAT, KARIMUN, KEPULAUAN RIAU",3,89,96,185
https://kawalpemilu.org#25587,"SAWANG, KUNDUR BARAT, KARIMUN, KEPULAUAN RIAU",4,127,83,210
https://kawalpemilu.org#25587,"SAWANG, KUNDUR BARAT, KARIMUN, KEPULAUAN RIAU",5,117,66,183
https://kawalpemilu.org#25587,"SAWANG, KUNDUR BARAT, KARIMUN, KEPULAUAN RIAU",6,106,97,203
https://kawalpemilu.org#25587,"SAWANG, KUNDUR BARAT, KARIMUN, KEPULAUAN RIAU",7,114,72,186
https://kawalpemilu.org#25587,"SAWANG, KUNDUR BARAT, KARIMUN, KEPULAUAN RIAU",8,121,50,171
https://kawalpemilu.org#25587,"SAWANG, KUNDUR BARAT, KARIMUN, KEPULAUAN RIAU",9,149,9,158
https://kawalpemilu.org#25587,"SAWANG, KUNDUR BARAT, KARIMUN, KEPULAUAN RIAU",10,127,53,180
https://kawalpemilu.org#25587,"SAWANG, KUNDUR BARAT, KARIMUN, KEPULAUAN RIAU",11,114,91,205
https://kawalpemilu.org#25587,"SAWANG, KUNDUR BARAT, KARIMUN, KEPULAUAN RIAU",12,109,26,135
https://kawalpemilu.org#25587,"SAWANG, KUNDUR BARAT, KARIMUN, KEPULAUAN RIAU",13,94,75,169
https://kawalpemilu.org#25587,"SAWANG, KUNDUR BARAT, KARIMUN, KEPULAUAN RIAU",14,99,85,184
https://kawalpemilu.org#25587,"SAWANG, KUNDUR BARAT, KARIMUN, KEPULAUAN RIAU",15,52,116,168
https://kawalpemilu.org#25587,"SAWANG, KUNDUR BARAT, KARIMUN, KEPULAUAN RIAU",16,60,65,0
https://kawalpemilu.org#25588,"SAWANG SELATAN, KUNDUR BARAT, KARIMUN, KEPULAUAN RIAU",1,127,13,140
https://kawalpemilu.org#25588,"SAWANG SELATAN, KUNDUR BARAT, KARIMUN, KEPULAUAN RIAU",2,99,36,135
https://kawalpemilu.org#25588,"SAWANG SELATAN, KUNDUR BARAT, KARIMUN, KEPULAUAN RIAU",3,118,49,167
https://kawalpemilu.org#25588,"SAWANG SELATAN, KUNDUR BARAT, KARIMUN, KEPULAUAN RIAU",4,82,60,142
https://kawalpemilu.org#25588,"SAWANG SELATAN, KUNDUR BARAT, KARIMUN, KEPULAUAN RIAU",5,143,47,190
https://kawalpemilu.org#25588,"SAWANG SELATAN, KUNDUR BARAT, KARIMUN, KEPULAUAN RIAU",6,88,66,154
https://kawalpemilu.org#25588,"SAWANG SELATAN, KUNDUR BARAT, KARIMUN, KEPULAUAN RIAU",7,98,47,145
https://kawalpemilu.org#25588,"SAWANG SELATAN, KUNDUR BARAT, KARIMUN, KEPULAUAN RIAU",8,107,38,145
https://kawalpemilu.org#25588,"SAWANG SELATAN, KUNDUR BARAT, KARIMUN, KEPULAUAN RIAU",9,138,42,180
https://kawalpemilu.org#25588,"SAWANG SELATAN, KUNDUR BARAT, KARIMUN, KEPULAUAN RIAU",10,103,94,197
https://kawalpemilu.org#25588,"SAWANG SELATAN, KUNDUR BARAT, KARIMUN, KEPULAUAN RIAU",11,141,77,218
https://kawalpemilu.org#25589,"SAWANG LAUT, KUNDUR BARAT, KARIMUN, KEPULAUAN RIAU",1,128,72,200
https://kawalpemilu.org#25589,"SAWANG LAUT, KUNDUR BARAT, KARIMUN, KEPULAUAN RIAU",2,105,65,170
https://kawalpemilu.org#25589,"SAWANG LAUT, KUNDUR BARAT, KARIMUN, KEPULAUAN RIAU",3,136,32,168
https://kawalpemilu.org#25589,"SAWANG LAUT, KUNDUR BARAT, KARIMUN, KEPULAUAN RIAU",4,92,106,198
https://kawalpemilu.org#25589,"SAWANG LAUT, KUNDUR BARAT, KARIMUN, KEPULAUAN RIAU",5,79,78,157
https://kawalpemilu.org#25589,"SAWANG LAUT, KUNDUR BARAT, KARIMUN, KEPULAUAN RIAU",6,85,53,138
https://kawalpemilu.org#25589,"SAWANG LAUT, KUNDUR BARAT, KARIMUN, KEPULAUAN RIAU",7,137,75,212
https://kawalpemilu.org#25589,"SAWANG LAUT, KUNDUR BARAT, KARIMUN, KEPULAUAN RIAU",8,96,30,126
https://kawalpemilu.org#25589,"SAWANG LAUT, KUNDUR BARAT, KARIMUN, KEPULAUAN RIAU",9,95,63,158
https://kawalpemilu.org#25589,"SAWANG LAUT, KUNDUR BARAT, KARIMUN, KEPULAUAN RIAU",10,147,45,192
https://kawalpemilu.org#25590,"KUNDUR, KUNDUR BARAT, KARIMUN, KEPULAUAN RIAU",1,122,54,176
https://kawalpemilu.org#25590,"KUNDUR, KUNDUR BARAT, KARIMUN, KEPULAUAN RIAU",2,117,67,148
https://kawalpemilu.org#25590,"KUNDUR, KUNDUR BARAT, KARIMUN, KEPULAUAN RIAU",3,167,59,226
https://kawalpemilu.org#25590,"KUNDUR, KUNDUR BARAT, KARIMUN, KEPULAUAN RIAU",4,106,38,144
https://kawalpemilu.org#25590,"KUNDUR, KUNDUR BARAT, KARIMUN, KEPULAUAN RIAU",5,131,56,187
https://kawalpemilu.org#25590,"KUNDUR, KUNDUR BARAT, KARIMUN, KEPULAUAN RIAU",6,110,35,145
https://kawalpemilu.org#25590,"KUNDUR, KUNDUR BARAT, KARIMUN, KEPULAUAN RIAU",7,175,33,208
https://kawalpemilu.org#25590,"KUNDUR, KUNDUR BARAT, KARIMUN, KEPULAUAN RIAU",8,152,51,203
https://kawalpemilu.org#25590,"KUNDUR, KUNDUR BARAT, KARIMUN, KEPULAUAN RIAU",9,152,29,181
https://kawalpemilu.org#25590,"KUNDUR, KUNDUR BARAT, KARIMUN, KEPULAUAN RIAU",10,154,56,210
https://kawalpemilu.org#25590,"KUNDUR, KUNDUR BARAT, KARIMUN, KEPULAUAN RIAU",11,89,28,117
https://kawalpemilu.org#25591,"GEMURUH, KUNDUR BARAT, KARIMUN, KEPULAUAN RIAU",1,112,43,155
https://kawalpemilu.org#25591,"GEMURUH, KUNDUR BARAT, KARIMUN, KEPULAUAN RIAU",2,104,71,175
https://kawalpemilu.org#25591,"GEMURUH, KUNDUR BARAT, KARIMUN, KEPULAUAN RIAU",3,149,46,195
https://kawalpemilu.org#25591,"GEMURUH, KUNDUR BARAT, KARIMUN, KEPULAUAN RIAU",4,132,72,204
https://kawalpemilu.org#25591,"GEMURUH, KUNDUR BARAT, KARIMUN, KEPULAUAN RIAU",5,179,45,224
https://kawalpemilu.org#25591,"GEMURUH, KUNDUR BARAT, KARIMUN, KEPULAUAN RIAU",6,166,39,205
https://kawalpemilu.org#25591,"GEMURUH, KUNDUR BARAT, KARIMUN, KEPULAUAN RIAU",7,72,70,142
https://kawalpemilu.org#25591,"GEMURUH, KUNDUR BARAT, KARIMUN, KEPULAUAN RIAU",8,67,88,155
https://kawalpemilu.org#25591,"GEMURUH, KUNDUR BARAT, KARIMUN, KEPULAUAN RIAU",9,62,63,125
https://kawalpemilu.org#25591,"GEMURUH, KUNDUR BARAT, KARIMUN, KEPULAUAN RIAU",10,71,88,159
https://kawalpemilu.org#25591,"GEMURUH, KUNDUR BARAT, KARIMUN, KEPULAUAN RIAU",11,56,69,125
https://kawalpemilu.org#25593,"TELAGA TUJUH, DURAI, KARIMUN, KEPULAUAN RIAU",1,77,43,120
https://kawalpemilu.org#25593,"TELAGA TUJUH, DURAI, KARIMUN, KEPULAUAN RIAU",2,93,66,159
https://kawalpemilu.org#25593,"TELAGA TUJUH, DURAI, KARIMUN, KEPULAUAN RIAU",3,77,87,164
https://kawalpemilu.org#25593,"TELAGA TUJUH, DURAI, KARIMUN, KEPULAUAN RIAU",4,67,96,163
https://kawalpemilu.org#25593,"TELAGA TUJUH, DURAI, KARIMUN, KEPULAUAN RIAU",5,62,88,150
https://kawalpemilu.org#25593,"TELAGA TUJUH, DURAI, KARIMUN, KEPULAUAN RIAU",6,77,66,143
https://kawalpemilu.org#25593,"TELAGA TUJUH, DURAI, KARIMUN, KEPULAUAN RIAU",7,108,42,150
https://kawalpemilu.org#25594,"SANGLAR, DURAI, KARIMUN, KEPULAUAN RIAU",1,140,48,188
https://kawalpemilu.org#25594,"SANGLAR, DURAI, KARIMUN, KEPULAUAN RIAU",2,49,79,128
https://kawalpemilu.org#25594,"SANGLAR, DURAI, KARIMUN, KEPULAUAN RIAU",3,50,65,115
https://kawalpemilu.org#25594,"SANGLAR, DURAI, KARIMUN, KEPULAUAN RIAU",4,50,117,167
https://kawalpemilu.org#25594,"SANGLAR, DURAI, KARIMUN, KEPULAUAN RIAU",5,132,35,167
https://kawalpemilu.org#25594,"SANGLAR, DURAI, KARIMUN, KEPULAUAN RIAU",6,59,22,81
https://kawalpemilu.org#25594,"SANGLAR, DURAI, KARIMUN, KEPULAUAN RIAU",7,71,9,80
https://kawalpemilu.org#25595,"TANJUNG KILANG, DURAI, KARIMUN, KEPULAUAN RIAU",1,104,31,135
https://kawalpemilu.org#25595,"TANJUNG KILANG, DURAI, KARIMUN, KEPULAUAN RIAU",2,70,42,112
https://kawalpemilu.org#25595,"TANJUNG KILANG, DURAI, KARIMUN, KEPULAUAN RIAU",3,83,43,126
https://kawalpemilu.org#25595,"TANJUNG KILANG, DURAI, KARIMUN, KEPULAUAN RIAU",4,76,66,142
https://kawalpemilu.org#25595,"TANJUNG KILANG, DURAI, KARIMUN, KEPULAUAN RIAU",5,35,53,88
https://kawalpemilu.org#25595,"TANJUNG KILANG, DURAI, KARIMUN, KEPULAUAN RIAU",6,112,34,146
https://kawalpemilu.org#25595,"TANJUNG KILANG, DURAI, KARIMUN, KEPULAUAN RIAU",7,23,72,95
https://kawalpemilu.org#25596,"SEMEMBANG, DURAI, KARIMUN, KEPULAUAN RIAU",1,58,135,193
https://kawalpemilu.org#25596,"SEMEMBANG, DURAI, KARIMUN, KEPULAUAN RIAU",2,108,95,203
https://kawalpemilu.org#25596,"SEMEMBANG, DURAI, KARIMUN, KEPULAUAN RIAU",3,24,53,77
https://kawalpemilu.org#25596,"SEMEMBANG, DURAI, KARIMUN, KEPULAUAN RIAU",4,27,50,77
https://kawalpemilu.org#25596,"SEMEMBANG, DURAI, KARIMUN, KEPULAUAN RIAU",5,139,31,170
https://kawalpemilu.org#25562,"PASIR PANJANG, MERAL BARAT, KARIMUN, KEPULAUAN RIAU",1,77,152,229
https://kawalpemilu.org#25562,"PASIR PANJANG, MERAL BARAT, KARIMUN, KEPULAUAN RIAU",2,78,134,212
https://kawalpemilu.org#25562,"PASIR PANJANG, MERAL BARAT, KARIMUN, KEPULAUAN RIAU",3,64,102,166
https://kawalpemilu.org#25562,"PASIR PANJANG, MERAL BARAT, KARIMUN, KEPULAUAN RIAU",4,68,100,168
https://kawalpemilu.org#25562,"PASIR PANJANG, MERAL BARAT, KARIMUN, KEPULAUAN RIAU",5,89,104,193
https://kawalpemilu.org#25562,"PASIR PANJANG, MERAL BARAT, KARIMUN, KEPULAUAN RIAU",6,97,128,225
https://kawalpemilu.org#25562,"PASIR PANJANG, MERAL BARAT, KARIMUN, KEPULAUAN RIAU",7,210,36,246
https://kawalpemilu.org#25562,"PASIR PANJANG, MERAL BARAT, KARIMUN, KEPULAUAN RIAU",8,170,7,177
https://kawalpemilu.org#25562,"PASIR PANJANG, MERAL BARAT, KARIMUN, KEPULAUAN RIAU",9,60,145,205
https://kawalpemilu.org#25562,"PASIR PANJANG, MERAL BARAT, KARIMUN, KEPULAUAN RIAU",10,126,107,233
https://kawalpemilu.org#25562,"PASIR PANJANG, MERAL BARAT, KARIMUN, KEPULAUAN RIAU",11,58,116,174
https://kawalpemilu.org#25562,"PASIR PANJANG, MERAL BARAT, KARIMUN, KEPULAUAN RIAU",12,47,99,146
https://kawalpemilu.org#25562,"PASIR PANJANG, MERAL BARAT, KARIMUN, KEPULAUAN RIAU",13,92,95,187
https://kawalpemilu.org#25562,"PASIR PANJANG, MERAL BARAT, KARIMUN, KEPULAUAN RIAU",14,63,94,157
https://kawalpemilu.org#25563,"PANGKE, MERAL BARAT, KARIMUN, KEPULAUAN RIAU",1,157,100,257
https://kawalpemilu.org#25563,"PANGKE, MERAL BARAT, KARIMUN, KEPULAUAN RIAU",2,133,94,227
https://kawalpemilu.org#25563,"PANGKE, MERAL BARAT, KARIMUN, KEPULAUAN RIAU",3,80,56,136
https://kawalpemilu.org#25563,"PANGKE, MERAL BARAT, KARIMUN, KEPULAUAN RIAU",4,117,111,228
https://kawalpemilu.org#25563,"PANGKE, MERAL BARAT, KARIMUN, KEPULAUAN RIAU",5,152,87,239
https://kawalpemilu.org#25563,"PANGKE, MERAL BARAT, KARIMUN, KEPULAUAN RIAU",6,112,60,172
https://kawalpemilu.org#25563,"PANGKE, MERAL BARAT, KARIMUN, KEPULAUAN RIAU",7,144,92,236
https://kawalpemilu.org#25563,"PANGKE, MERAL BARAT, KARIMUN, KEPULAUAN RIAU",8,165,71,236
https://kawalpemilu.org#25570,"DARUSSALAM, MERAL BARAT, KARIMUN, KEPULAUAN RIAU",1,51,125,176
https://kawalpemilu.org#25570,"DARUSSALAM, MERAL BARAT, KARIMUN, KEPULAUAN RIAU",2,55,182,237
https://kawalpemilu.org#25570,"DARUSSALAM, MERAL BARAT, KARIMUN, KEPULAUAN RIAU",3,98,66,164
https://kawalpemilu.org#25570,"DARUSSALAM, MERAL BARAT, KARIMUN, KEPULAUAN RIAU",4,102,129,231
https://kawalpemilu.org#25570,"DARUSSALAM, MERAL BARAT, KARIMUN, KEPULAUAN RIAU",5,43,75,118
https://kawalpemilu.org#25570,"DARUSSALAM, MERAL BARAT, KARIMUN, KEPULAUAN RIAU",6,51,110,161
https://kawalpemilu.org#25570,"DARUSSALAM, MERAL BARAT, KARIMUN, KEPULAUAN RIAU",7,88,99,187
https://kawalpemilu.org#25570,"DARUSSALAM, MERAL BARAT, KARIMUN, KEPULAUAN RIAU",8,33,125,158
https://kawalpemilu.org#25570,"DARUSSALAM, MERAL BARAT, KARIMUN, KEPULAUAN RIAU",9,27,76,103
https://kawalpemilu.org#25570,"DARUSSALAM, MERAL BARAT, KARIMUN, KEPULAUAN RIAU",10,72,84,156
https://kawalpemilu.org#25570,"DARUSSALAM, MERAL BARAT, KARIMUN, KEPULAUAN RIAU",11,131,50,181
https://kawalpemilu.org#25570,"DARUSSALAM, MERAL BARAT, KARIMUN, KEPULAUAN RIAU",12,137,67,204
https://kawalpemilu.org#25570,"DARUSSALAM, MERAL BARAT, KARIMUN, KEPULAUAN RIAU",13,42,126,168
https://kawalpemilu.org#87383,"PANGKE BARAT, MERAL BARAT, KARIMUN, KEPULAUAN RIAU",1,120,70,190
https://kawalpemilu.org#87383,"PANGKE BARAT, MERAL BARAT, KARIMUN, KEPULAUAN RIAU",2,100,88,188
https://kawalpemilu.org#87383,"PANGKE BARAT, MERAL BARAT, KARIMUN, KEPULAUAN RIAU",3,70,69,139
https://kawalpemilu.org#87383,"PANGKE BARAT, MERAL BARAT, KARIMUN, KEPULAUAN RIAU",4,98,95,193
https://kawalpemilu.org#87383,"PANGKE BARAT, MERAL BARAT, KARIMUN, KEPULAUAN RIAU",5,70,68,138
https://kawalpemilu.org#87383,"PANGKE BARAT, MERAL BARAT, KARIMUN, KEPULAUAN RIAU",6,119,101,220
https://kawalpemilu.org#87383,"PANGKE BARAT, MERAL BARAT, KARIMUN, KEPULAUAN RIAU",7,91,99,190
https://kawalpemilu.org#25545,"ALAI, UNGAR, KARIMUN, KEPULAUAN RIAU",1,117,81,198
https://kawalpemilu.org#25545,"ALAI, UNGAR, KARIMUN, KEPULAUAN RIAU",2,92,79,171
https://kawalpemilu.org#25545,"ALAI, UNGAR, KARIMUN, KEPULAUAN RIAU",3,129,71,200
https://kawalpemilu.org#25545,"ALAI, UNGAR, KARIMUN, KEPULAUAN RIAU",4,90,70,160
https://kawalpemilu.org#25545,"ALAI, UNGAR, KARIMUN, KEPULAUAN RIAU",5,89,86,175
https://kawalpemilu.org#25545,"ALAI, UNGAR, KARIMUN, KEPULAUAN RIAU",6,142,48,190
https://kawalpemilu.org#25545,"ALAI, UNGAR, KARIMUN, KEPULAUAN RIAU",7,109,85,194
https://kawalpemilu.org#25545,"ALAI, UNGAR, KARIMUN, KEPULAUAN RIAU",8,115,86,201
https://kawalpemilu.org#25549,"BATU LIMAU, UNGAR, KARIMUN, KEPULAUAN RIAU",1,121,68,189
https://kawalpemilu.org#25549,"BATU LIMAU, UNGAR, KARIMUN, KEPULAUAN RIAU",2,146,54,200
https://kawalpemilu.org#25549,"BATU LIMAU, UNGAR, KARIMUN, KEPULAUAN RIAU",3,138,76,214
https://kawalpemilu.org#25549,"BATU LIMAU, UNGAR, KARIMUN, KEPULAUAN RIAU",4,147,57,204
https://kawalpemilu.org#25550,"NGAL, UNGAR, KARIMUN, KEPULAUAN RIAU",1,53,71,124
https://kawalpemilu.org#25550,"NGAL, UNGAR, KARIMUN, KEPULAUAN RIAU",2,62,23,85
https://kawalpemilu.org#25550,"NGAL, UNGAR, KARIMUN, KEPULAUAN RIAU",3,49,23,72
https://kawalpemilu.org#25550,"NGAL, UNGAR, KARIMUN, KEPULAUAN RIAU",4,89,41,130
https://kawalpemilu.org#87384,"SUNGAIBULUH, UNGAR, KARIMUN, KEPULAUAN RIAU",1,134,57,191
https://kawalpemilu.org#87384,"SUNGAIBULUH, UNGAR, KARIMUN, KEPULAUAN RIAU",2,95,94,189
https://kawalpemilu.org#87384,"SUNGAIBULUH, UNGAR, KARIMUN, KEPULAUAN RIAU",3,103,85,188
https://kawalpemilu.org#25582,"SEBELE, BELAT, KARIMUN, KEPULAUAN RIAU",1,88,75,163
https://kawalpemilu.org#25582,"SEBELE, BELAT, KARIMUN, KEPULAUAN RIAU",2,97,74,171
https://kawalpemilu.org#25582,"SEBELE, BELAT, KARIMUN, KEPULAUAN RIAU",3,92,81,173
https://kawalpemilu.org#25582,"SEBELE, BELAT, KARIMUN, KEPULAUAN RIAU",4,79,35,114
https://kawalpemilu.org#25582,"SEBELE, BELAT, KARIMUN, KEPULAUAN RIAU",5,99,27,126
https://kawalpemilu.org#25583,"PENARAH, BELAT, KARIMUN, KEPULAUAN RIAU",1,83,118,201
https://kawalpemilu.org#25583,"PENARAH, BELAT, KARIMUN, KEPULAUAN RIAU",2,104,104,208
https://kawalpemilu.org#25583,"PENARAH, BELAT, KARIMUN, KEPULAUAN RIAU",3,98,94,192
https://kawalpemilu.org#25583,"PENARAH, BELAT, KARIMUN, KEPULAUAN RIAU",4,143,44,187
https://kawalpemilu.org#25584,"LEBUH, BELAT, KARIMUN, KEPULAUAN RIAU",1,72,67,139
https://kawalpemilu.org#25584,"LEBUH, BELAT, KARIMUN, KEPULAUAN RIAU",2,105,38,143
https://kawalpemilu.org#25584,"LEBUH, BELAT, KARIMUN, KEPULAUAN RIAU",3,112,32,144
https://kawalpemilu.org#25584,"LEBUH, BELAT, KARIMUN, KEPULAUAN RIAU",4,84,31,115
https://kawalpemilu.org#25584,"LEBUH, BELAT, KARIMUN, KEPULAUAN RIAU",5,95,25,120
https://kawalpemilu.org#25585,"SEI ASAM, BELAT, KARIMUN, KEPULAUAN RIAU",1,125,77,202
https://kawalpemilu.org#25585,"SEI ASAM, BELAT, KARIMUN, KEPULAUAN RIAU",2,110,78,188
https://kawalpemilu.org#25585,"SEI ASAM, BELAT, KARIMUN, KEPULAUAN RIAU",3,79,25,104
https://kawalpemilu.org#25585,"SEI ASAM, BELAT, KARIMUN, KEPULAUAN RIAU",4,95,39,134
https://kawalpemilu.org#25585,"SEI ASAM, BELAT, KARIMUN, KEPULAUAN RIAU",5,66,22,88
https://kawalpemilu.org#87385,"TEBIAS, BELAT, KARIMUN, KEPULAUAN RIAU",1,110,86,196
https://kawalpemilu.org#87385,"TEBIAS, BELAT, KARIMUN, KEPULAUAN RIAU",2,105,57,162
https://kawalpemilu.org#87385,"TEBIAS, BELAT, KARIMUN, KEPULAUAN RIAU",3,94,39,133
https://kawalpemilu.org#87386,"DEGONG, BELAT, KARIMUN, KEPULAUAN RIAU",1,88,39,127
https://kawalpemilu.org#87386,"DEGONG, BELAT, KARIMUN, KEPULAUAN RIAU",2,90,32,122
https://kawalpemilu.org#87386,"DEGONG, BELAT, KARIMUN, KEPULAUAN RIAU",3,95,26,121
https://kawalpemilu.org#25599,"SABANG BARAT, MIDAI, NATUNA, KEPULAUAN RIAU",1,113,74,187
https://kawalpemilu.org#25599,"SABANG BARAT, MIDAI, NATUNA, KEPULAUAN RIAU",2,113,76,189
https://kawalpemilu.org#25599,"SABANG BARAT, MIDAI, NATUNA, KEPULAUAN RIAU",3,73,88,161
https://kawalpemilu.org#25599,"SABANG BARAT, MIDAI, NATUNA, KEPULAUAN RIAU",4,111,63,174
https://kawalpemilu.org#25599,"SABANG BARAT, MIDAI, NATUNA, KEPULAUAN RIAU",5,110,71,181
https://kawalpemilu.org#25599,"SABANG BARAT, MIDAI, NATUNA, KEPULAUAN RIAU",6,100,75,175
https://kawalpemilu.org#25599,"SABANG BARAT, MIDAI, NATUNA, KEPULAUAN RIAU",7,57,109,166
https://kawalpemilu.org#25599,"SABANG BARAT, MIDAI, NATUNA, KEPULAUAN RIAU",8,146,35,181
https://kawalpemilu.org#25600,"SEBELAT, MIDAI, NATUNA, KEPULAUAN RIAU",1,51,100,151
https://kawalpemilu.org#25600,"SEBELAT, MIDAI, NATUNA, KEPULAUAN RIAU",2,39,108,147
https://kawalpemilu.org#25603,"AIR PUTIH, MIDAI, NATUNA, KEPULAUAN RIAU",1,72,85,157
https://kawalpemilu.org#25603,"AIR PUTIH, MIDAI, NATUNA, KEPULAUAN RIAU",2,38,48,86
https://kawalpemilu.org#25606,"SEDANAU, BUNGURAN BARAT, NATUNA, KEPULAUAN RIAU",1,106,109,215
https://kawalpemilu.org#25606,"SEDANAU, BUNGURAN BARAT, NATUNA, KEPULAUAN RIAU",2,80,97,177
https://kawalpemilu.org#25606,"SEDANAU, BUNGURAN BARAT, NATUNA, KEPULAUAN RIAU",3,59,104,163
https://kawalpemilu.org#25606,"SEDANAU, BUNGURAN BARAT, NATUNA, KEPULAUAN RIAU",4,135,101,236
https://kawalpemilu.org#25606,"SEDANAU, BUNGURAN BARAT, NATUNA, KEPULAUAN RIAU",5,145,98,243
https://kawalpemilu.org#25606,"SEDANAU, BUNGURAN BARAT, NATUNA, KEPULAUAN RIAU",6,147,78,225
https://kawalpemilu.org#25606,"SEDANAU, BUNGURAN BARAT, NATUNA, KEPULAUAN RIAU",7,123,93,216
https://kawalpemilu.org#25606,"SEDANAU, BUNGURAN BARAT, NATUNA, KEPULAUAN RIAU",8,129,59,188
https://kawalpemilu.org#25606,"SEDANAU, BUNGURAN BARAT, NATUNA, KEPULAUAN RIAU",9,103,35,138
https://kawalpemilu.org#25606,"SEDANAU, BUNGURAN BARAT, NATUNA, KEPULAUAN RIAU",10,142,58,200
https://kawalpemilu.org#25606,"SEDANAU, BUNGURAN BARAT, NATUNA, KEPULAUAN RIAU",11,94,91,185
https://kawalpemilu.org#25606,"SEDANAU, BUNGURAN BARAT, NATUNA, KEPULAUAN RIAU",12,93,87,180
https://kawalpemilu.org#25606,"SEDANAU, BUNGURAN BARAT, NATUNA, KEPULAUAN RIAU",13,138,62,200
https://kawalpemilu.org#25606,"SEDANAU, BUNGURAN BARAT, NATUNA, KEPULAUAN RIAU",14,140,68,208
https://kawalpemilu.org#25606,"SEDANAU, BUNGURAN BARAT, NATUNA, KEPULAUAN RIAU",15,46,18,64
https://kawalpemilu.org#25606,"SEDANAU, BUNGURAN BARAT, NATUNA, KEPULAUAN RIAU",16,84,75,159
https://kawalpemilu.org#25606,"SEDANAU, BUNGURAN BARAT, NATUNA, KEPULAUAN RIAU",17,131,32,163
https://kawalpemilu.org#25608,"MEKAR JAYA, BUNGURAN BARAT, NATUNA, KEPULAUAN RIAU",1,117,23,140
https://kawalpemilu.org#25608,"MEKAR JAYA, BUNGURAN BARAT, NATUNA, KEPULAUAN RIAU",2,146,22,168
https://kawalpemilu.org#25612,"BINJAI, BUNGURAN BARAT, NATUNA, KEPULAUAN RIAU",1,145,81,226
https://kawalpemilu.org#25613,"PIAN TENGAH, BUNGURAN BARAT, NATUNA, KEPULAUAN RIAU",1,130,17,147
https://kawalpemilu.org#25613,"PIAN TENGAH, BUNGURAN BARAT, NATUNA, KEPULAUAN RIAU",2,117,14,131
https://kawalpemilu.org#88093,"SELAUT, BUNGURAN BARAT, NATUNA, KEPULAUAN RIAU",1,181,32,213
https://kawalpemilu.org#25616,"SERASAN, SERASAN, NATUNA, KEPULAUAN RIAU",1,91,123,214
https://kawalpemilu.org#25616,"SERASAN, SERASAN, NATUNA, KEPULAUAN RIAU",2,150,88,238
https://kawalpemilu.org#25616,"SERASAN, SERASAN, NATUNA, KEPULAUAN RIAU",3,99,122,221
https://kawalpemilu.org#25616,"SERASAN, SERASAN, NATUNA, KEPULAUAN RIAU",4,110,111,221
https://kawalpemilu.org#25616,"SERASAN, SERASAN, NATUNA, KEPULAUAN RIAU",5,138,80,218
https://kawalpemilu.org#25617,"KAMPUNG HILIR, SERASAN, NATUNA, KEPULAUAN RIAU",1,63,70,133
https://kawalpemilu.org#25617,"KAMPUNG HILIR, SERASAN, NATUNA, KEPULAUAN RIAU",2,75,74,149
https://kawalpemilu.org#25618,"BATU BERIAN, SERASAN, NATUNA, KEPULAUAN RIAU",1,164,40,204
https://kawalpemilu.org#25618,"BATU BERIAN, SERASAN, NATUNA, KEPULAUAN RIAU",2,171,44,215
https://kawalpemilu.org#25619,"TANJUNG SETELUNG, SERASAN, NATUNA, KEPULAUAN RIAU",1,86,50,136
https://kawalpemilu.org#25619,"TANJUNG SETELUNG, SERASAN, NATUNA, KEPULAUAN RIAU",2,110,58,168
https://kawalpemilu.org#25620,"TANJUNG BALAU, SERASAN, NATUNA, KEPULAUAN RIAU",1,104,60,164
https://kawalpemilu.org#25620,"TANJUNG BALAU, SERASAN, NATUNA, KEPULAUAN RIAU",2,63,64,127
https://kawalpemilu.org#88094,"PANGKALAN, SERASAN, NATUNA, KEPULAUAN RIAU",1,84,78,162
https://kawalpemilu.org#88094,"PANGKALAN, SERASAN, NATUNA, KEPULAUAN RIAU",2,71,71,142
https://kawalpemilu.org#88095,"JERMALIK, SERASAN, NATUNA, KEPULAUAN RIAU",1,38,88,126
https://kawalpemilu.org#88095,"JERMALIK, SERASAN, NATUNA, KEPULAUAN RIAU",2,20,93,113
https://kawalpemilu.org#25622,"RANAI KOTA, BUNGURAN TIMUR, NATUNA, KEPULAUAN RIAU",1,78,88,166
https://kawalpemilu.org#25622,"RANAI KOTA, BUNGURAN TIMUR, NATUNA, KEPULAUAN RIAU",2,133,92,225
https://kawalpemilu.org#25622,"RANAI KOTA, BUNGURAN TIMUR, NATUNA, KEPULAUAN RIAU",3,116,112,228
https://kawalpemilu.org#25622,"RANAI KOTA, BUNGURAN TIMUR, NATUNA, KEPULAUAN RIAU",4,122,110,232
https://kawalpemilu.org#25622,"RANAI KOTA, BUNGURAN TIMUR, NATUNA, KEPULAUAN RIAU",5,98,102,200
https://kawalpemilu.org#25622,"RANAI KOTA, BUNGURAN TIMUR, NATUNA, KEPULAUAN RIAU",6,149,108,257
https://kawalpemilu.org#25622,"RANAI KOTA, BUNGURAN TIMUR, NATUNA, KEPULAUAN RIAU",7,87,52,139
https://kawalpemilu.org#25622,"RANAI KOTA, BUNGURAN TIMUR, NATUNA, KEPULAUAN RIAU",8,92,75,167
https://kawalpemilu.org#25622,"RANAI KOTA, BUNGURAN TIMUR, NATUNA, KEPULAUAN RIAU",9,111,60,171
https://kawalpemilu.org#25622,"RANAI KOTA, BUNGURAN TIMUR, NATUNA, KEPULAUAN RIAU",10,136,124,260
https://kawalpemilu.org#25622,"RANAI KOTA, BUNGURAN TIMUR, NATUNA, KEPULAUAN RIAU",11,97,92,189
https://kawalpemilu.org#25622,"RANAI KOTA, BUNGURAN TIMUR, NATUNA, KEPULAUAN RIAU",12,87,79,166
https://kawalpemilu.org#25622,"RANAI KOTA, BUNGURAN TIMUR, NATUNA, KEPULAUAN RIAU",13,124,55,179
https://kawalpemilu.org#25622,"RANAI KOTA, BUNGURAN TIMUR, NATUNA, KEPULAUAN RIAU",14,69,76,145
https://kawalpemilu.org#25622,"RANAI KOTA, BUNGURAN TIMUR, NATUNA, KEPULAUAN RIAU",15,86,106,192
https://kawalpemilu.org#25622,"RANAI KOTA, BUNGURAN TIMUR, NATUNA, KEPULAUAN RIAU",16,86,43,129
https://kawalpemilu.org#25622,"RANAI KOTA, BUNGURAN TIMUR, NATUNA, KEPULAUAN RIAU",17,124,96,220
https://kawalpemilu.org#25622,"RANAI KOTA, BUNGURAN TIMUR, NATUNA, KEPULAUAN RIAU",18,76,98,174
https://kawalpemilu.org#25622,"RANAI KOTA, BUNGURAN TIMUR, NATUNA, KEPULAUAN RIAU",19,130,125,255
https://kawalpemilu.org#25622,"RANAI KOTA, BUNGURAN TIMUR, NATUNA, KEPULAUAN RIAU",20,117,108,225
https://kawalpemilu.org#25622,"RANAI KOTA, BUNGURAN TIMUR, NATUNA, KEPULAUAN RIAU",21,113,64,177
https://kawalpemilu.org#25622,"RANAI KOTA, BUNGURAN TIMUR, NATUNA, KEPULAUAN RIAU",22,136,103,239
https://kawalpemilu.org#25622,"RANAI KOTA, BUNGURAN TIMUR, NATUNA, KEPULAUAN RIAU",23,117,109,226
https://kawalpemilu.org#25622,"RANAI KOTA, BUNGURAN TIMUR, NATUNA, KEPULAUAN RIAU",24,91,55,146
https://kawalpemilu.org#25622,"RANAI KOTA, BUNGURAN TIMUR, NATUNA, KEPULAUAN RIAU",25,184,70,254
https://kawalpemilu.org#25622,"RANAI KOTA, BUNGURAN TIMUR, NATUNA, KEPULAUAN RIAU",26,107,47,154
https://kawalpemilu.org#25622,"RANAI KOTA, BUNGURAN TIMUR, NATUNA, KEPULAUAN RIAU",27,149,56,205
https://kawalpemilu.org#25622,"RANAI KOTA, BUNGURAN TIMUR, NATUNA, KEPULAUAN RIAU",28,78,67,145
https://kawalpemilu.org#25622,"RANAI KOTA, BUNGURAN TIMUR, NATUNA, KEPULAUAN RIAU",29,82,93,175
https://kawalpemilu.org#25622,"RANAI KOTA, BUNGURAN TIMUR, NATUNA, KEPULAUAN RIAU",30,86,74,160
https://kawalpemilu.org#25622,"RANAI KOTA, BUNGURAN TIMUR, NATUNA, KEPULAUAN RIAU",31,97,94,191
https://kawalpemilu.org#25622,"RANAI KOTA, BUNGURAN TIMUR, NATUNA, KEPULAUAN RIAU",32,140,80,220
https://kawalpemilu.org#25623,"RANAI DARAT, BUNGURAN TIMUR, NATUNA, KEPULAUAN RIAU",1,152,104,256
https://kawalpemilu.org#25623,"RANAI DARAT, BUNGURAN TIMUR, NATUNA, KEPULAUAN RIAU",2,137,118,255
https://kawalpemilu.org#25623,"RANAI DARAT, BUNGURAN TIMUR, NATUNA, KEPULAUAN RIAU",3,137,97,234
https://kawalpemilu.org#25623,"RANAI DARAT, BUNGURAN TIMUR, NATUNA, KEPULAUAN RIAU",4,84,81,165
https://kawalpemilu.org#25623,"RANAI DARAT, BUNGURAN TIMUR, NATUNA, KEPULAUAN RIAU",5,143,122,265
https://kawalpemilu.org#25623,"RANAI DARAT, BUNGURAN TIMUR, NATUNA, KEPULAUAN RIAU",6,130,91,221
https://kawalpemilu.org#25623,"RANAI DARAT, BUNGURAN TIMUR, NATUNA, KEPULAUAN RIAU",7,143,90,233
https://kawalpemilu.org#25624,"BANDARSYAH, BUNGURAN TIMUR, NATUNA, KEPULAUAN RIAU",1,110,118,228
https://kawalpemilu.org#25624,"BANDARSYAH, BUNGURAN TIMUR, NATUNA, KEPULAUAN RIAU",2,76,68,144
https://kawalpemilu.org#25624,"BANDARSYAH, BUNGURAN TIMUR, NATUNA, KEPULAUAN RIAU",3,107,139,246
https://kawalpemilu.org#25624,"BANDARSYAH, BUNGURAN TIMUR, NATUNA, KEPULAUAN RIAU",4,187,63,250
https://kawalpemilu.org#25624,"BANDARSYAH, BUNGURAN TIMUR, NATUNA, KEPULAUAN RIAU",5,131,125,256
https://kawalpemilu.org#25624,"BANDARSYAH, BUNGURAN TIMUR, NATUNA, KEPULAUAN RIAU",6,133,121,254
https://kawalpemilu.org#25624,"BANDARSYAH, BUNGURAN TIMUR, NATUNA, KEPULAUAN RIAU",7,138,84,222
https://kawalpemilu.org#25624,"BANDARSYAH, BUNGURAN TIMUR, NATUNA, KEPULAUAN RIAU",8,126,122,248
https://kawalpemilu.org#25624,"BANDARSYAH, BUNGURAN TIMUR, NATUNA, KEPULAUAN RIAU",9,124,100,224
https://kawalpemilu.org#25624,"BANDARSYAH, BUNGURAN TIMUR, NATUNA, KEPULAUAN RIAU",10,131,83,214
https://kawalpemilu.org#25624,"BANDARSYAH, BUNGURAN TIMUR, NATUNA, KEPULAUAN RIAU",11,141,50,191
https://kawalpemilu.org#25624,"BANDARSYAH, BUNGURAN TIMUR, NATUNA, KEPULAUAN RIAU",12,134,44,178
https://kawalpemilu.org#25624,"BANDARSYAH, BUNGURAN TIMUR, NATUNA, KEPULAUAN RIAU",13,101,54,155
https://kawalpemilu.org#25625,"SUNGAI ULU, BUNGURAN TIMUR, NATUNA, KEPULAUAN RIAU",1,146,62,208
https://kawalpemilu.org#25625,"SUNGAI ULU, BUNGURAN TIMUR, NATUNA, KEPULAUAN RIAU",2,115,62,177
https://kawalpemilu.org#25625,"SUNGAI ULU, BUNGURAN TIMUR, NATUNA, KEPULAUAN RIAU",3,175,65,240
https://kawalpemilu.org#25625,"SUNGAI ULU, BUNGURAN TIMUR, NATUNA, KEPULAUAN RIAU",4,63,68,131
https://kawalpemilu.org#25625,"SUNGAI ULU, BUNGURAN TIMUR, NATUNA, KEPULAUAN RIAU",5,189,64,253
https://kawalpemilu.org#25626,"SEPEMPANG, BUNGURAN TIMUR, NATUNA, KEPULAUAN RIAU",1,160,77,237
https://kawalpemilu.org#25626,"SEPEMPANG, BUNGURAN TIMUR, NATUNA, KEPULAUAN RIAU",2,139,71,210
https://kawalpemilu.org#25626,"SEPEMPANG, BUNGURAN TIMUR, NATUNA, KEPULAUAN RIAU",3,151,104,255
https://kawalpemilu.org#25626,"SEPEMPANG, BUNGURAN TIMUR, NATUNA, KEPULAUAN RIAU",4,154,95,249
https://kawalpemilu.org#25626,"SEPEMPANG, BUNGURAN TIMUR, NATUNA, KEPULAUAN RIAU",5,151,70,221
https://kawalpemilu.org#25627,"BATU GAJAH, BUNGURAN TIMUR, NATUNA, KEPULAUAN RIAU",1,147,75,222
https://kawalpemilu.org#25627,"BATU GAJAH, BUNGURAN TIMUR, NATUNA, KEPULAUAN RIAU",2,124,71,195
https://kawalpemilu.org#25627,"BATU GAJAH, BUNGURAN TIMUR, NATUNA, KEPULAUAN RIAU",3,164,80,244
https://kawalpemilu.org#25629,"KELARIK UTARA, BUNGURAN UTARA, NATUNA, KEPULAUAN RIAU",1,165,82,247
https://kawalpemilu.org#25629,"KELARIK UTARA, BUNGURAN UTARA, NATUNA, KEPULAUAN RIAU",2,78,27,110
https://kawalpemilu.org#25629,"KELARIK UTARA, BUNGURAN UTARA, NATUNA, KEPULAUAN RIAU",3,115,47,162
https://kawalpemilu.org#25630,"KELARIK, BUNGURAN UTARA, NATUNA, KEPULAUAN RIAU",1,141,46,187
https://kawalpemilu.org#25630,"KELARIK, BUNGURAN UTARA, NATUNA, KEPULAUAN RIAU",2,122,71,193
https://kawalpemilu.org#25630,"KELARIK, BUNGURAN UTARA, NATUNA, KEPULAUAN RIAU",3,107,86,193
https://kawalpemilu.org#25631,"KELARIK BARAT, BUNGURAN UTARA, NATUNA, KEPULAUAN RIAU",1,82,53,135
https://kawalpemilu.org#25631,"KELARIK BARAT, BUNGURAN UTARA, NATUNA, KEPULAUAN RIAU",2,104,34,138
https://kawalpemilu.org#25632,"KELARIK AIR MALI, BUNGURAN UTARA, NATUNA, KEPULAUAN RIAU",1,103,76,179
https://kawalpemilu.org#25632,"KELARIK AIR MALI, BUNGURAN UTARA, NATUNA, KEPULAUAN RIAU",2,165,44,209
https://kawalpemilu.org#25633,"TELUK BUTON, BUNGURAN UTARA, NATUNA, KEPULAUAN RIAU",1,157,80,237
https://kawalpemilu.org#25634,"BELAKANG GUNUNG, BUNGURAN UTARA, NATUNA, KEPULAUAN RIAU",1,118,96,214
https://kawalpemilu.org#25635,"SELUAN BARAT, BUNGURAN UTARA, NATUNA, KEPULAUAN RIAU",1,102,76,178
https://kawalpemilu.org#25636,"GUNUNG DURIAN, BUNGURAN UTARA, NATUNA, KEPULAUAN RIAU",1,173,78,251
https://kawalpemilu.org#25638,"SUBI, SUBI, NATUNA, KEPULAUAN RIAU",1,42,61,103
https://kawalpemilu.org#25638,"SUBI, SUBI, NATUNA, KEPULAUAN RIAU",2,128,102,230
https://kawalpemilu.org#25639,"SUBI BESAR, SUBI, NATUNA, KEPULAUAN RIAU",1,144,45,189
https://kawalpemilu.org#25640,"MELIAH, SUBI, NATUNA, KEPULAUAN RIAU",1,105,94,199
https://kawalpemilu.org#25641,"PULAU PANJANG, SUBI, NATUNA, KEPULAUAN RIAU",1,108,72,180
https://kawalpemilu.org#25641,"PULAU PANJANG, SUBI, NATUNA, KEPULAUAN RIAU",2,93,36,129
https://kawalpemilu.org#25642,"TERAYAK, SUBI, NATUNA, KEPULAUAN RIAU",1,148,78,226
https://kawalpemilu.org#25643,"PULAU KERDAU, SUBI, NATUNA, KEPULAUAN RIAU",1,101,54,155
https://kawalpemilu.org#25644,"SUBI BESAR TIMUR, SUBI, NATUNA, KEPULAUAN RIAU",1,154,29,183
https://kawalpemilu.org#25645,"MELIAH SELATAN, SUBI, NATUNA, KEPULAUAN RIAU",1,87,53,140
https://kawalpemilu.org#25647,"TANJUNG PALA, PULAU LAUT, NATUNA, KEPULAUAN RIAU",1,203,48,251
https://kawalpemilu.org#25647,"TANJUNG PALA, PULAU LAUT, NATUNA, KEPULAUAN RIAU",2,219,35,254
https://kawalpemilu.org#25648,"AIR PAYANG, PULAU LAUT, NATUNA, KEPULAUAN RIAU",1,159,52,211
https://kawalpemilu.org#25648,"AIR PAYANG, PULAU LAUT, NATUNA, KEPULAUAN RIAU",2,136,51,187
https://kawalpemilu.org#25648,"AIR PAYANG, PULAU LAUT, NATUNA, KEPULAUAN RIAU",3,152,61,213
https://kawalpemilu.org#25649,"KADUR, PULAU LAUT, NATUNA, KEPULAUAN RIAU",1,188,34,222
https://kawalpemilu.org#25652,"SABANG MAWANG, PULAU TIGA, NATUNA, KEPULAUAN RIAU",1,154,46,200
https://kawalpemilu.org#25652,"SABANG MAWANG, PULAU TIGA, NATUNA, KEPULAUAN RIAU",2,159,45,204
https://kawalpemilu.org#25653,"SEDEDAP, PULAU TIGA, NATUNA, KEPULAUAN RIAU",1,152,70,222
https://kawalpemilu.org#25654,"TANJUNG BATANG, PULAU TIGA, NATUNA, KEPULAUAN RIAU",1,143,42,185
https://kawalpemilu.org#25654,"TANJUNG BATANG, PULAU TIGA, NATUNA, KEPULAUAN RIAU",2,156,29,185
https://kawalpemilu.org#25654,"TANJUNG BATANG, PULAU TIGA, NATUNA, KEPULAUAN RIAU",3,120,58,178
https://kawalpemilu.org#25655,"SERANTAS, PULAU TIGA, NATUNA, KEPULAUAN RIAU",1,156,90,246
https://kawalpemilu.org#25655,"SERANTAS, PULAU TIGA, NATUNA, KEPULAUAN RIAU",2,137,14,151
https://kawalpemilu.org#25656,"SABANG MAWANG BARAT, PULAU TIGA, NATUNA, KEPULAUAN RIAU",1,84,35,119
https://kawalpemilu.org#25656,"SABANG MAWANG BARAT, PULAU TIGA, NATUNA, KEPULAUAN RIAU",2,97,42,139
https://kawalpemilu.org#25660,"TELUK LABUH, PULAU TIGA, NATUNA, KEPULAUAN RIAU",1,155,89,244
https://kawalpemilu.org#25662,"TANJUNG, BUNGURAN TIMUR LAUT, NATUNA, KEPULAUAN RIAU",1,128,56,184
https://kawalpemilu.org#25662,"TANJUNG, BUNGURAN TIMUR LAUT, NATUNA, KEPULAUAN RIAU",2,138,56,194
https://kawalpemilu.org#25662,"TANJUNG, BUNGURAN TIMUR LAUT, NATUNA, KEPULAUAN RIAU",3,82,87,169
https://kawalpemilu.org#25663,"CERUK, BUNGURAN TIMUR LAUT, NATUNA, KEPULAUAN RIAU",1,160,66,226
https://kawalpemilu.org#25663,"CERUK, BUNGURAN TIMUR LAUT, NATUNA, KEPULAUAN RIAU",2,128,88,216
https://kawalpemilu.org#25663,"CERUK, BUNGURAN TIMUR LAUT, NATUNA, KEPULAUAN RIAU",3,99,78,177
https://kawalpemilu.org#25664,"KELANGA, BUNGURAN TIMUR LAUT, NATUNA, KEPULAUAN RIAU",1,140,82,222
https://kawalpemilu.org#25664,"KELANGA, BUNGURAN TIMUR LAUT, NATUNA, KEPULAUAN RIAU",2,143,69,212
https://kawalpemilu.org#25664,"KELANGA, BUNGURAN TIMUR LAUT, NATUNA, KEPULAUAN RIAU",3,120,85,205
https://kawalpemilu.org#25665,"PENGADAH, BUNGURAN TIMUR LAUT, NATUNA, KEPULAUAN RIAU",1,88,41,129
https://kawalpemilu.org#25665,"PENGADAH, BUNGURAN TIMUR LAUT, NATUNA, KEPULAUAN RIAU",2,121,57,178
https://kawalpemilu.org#25666,"SEBADAI HULU, BUNGURAN TIMUR LAUT, NATUNA, KEPULAUAN RIAU",1,168,91,259
https://kawalpemilu.org#25667,"LIMAU MANIS, BUNGURAN TIMUR LAUT, NATUNA, KEPULAUAN RIAU",1,168,59,227
https://kawalpemilu.org#25667,"LIMAU MANIS, BUNGURAN TIMUR LAUT, NATUNA, KEPULAUAN RIAU",2,141,98,239
https://kawalpemilu.org#25668,"SELEMAM, BUNGURAN TIMUR LAUT, NATUNA, KEPULAUAN RIAU",1,195,73,268
https://kawalpemilu.org#25670,"HARAPAN JAYA, BUNGURAN TENGAH, NATUNA, KEPULAUAN RIAU",1,135,86,221
https://kawalpemilu.org#25670,"HARAPAN JAYA, BUNGURAN TENGAH, NATUNA, KEPULAUAN RIAU",2,166,73,239
https://kawalpemilu.org#25670,"HARAPAN JAYA, BUNGURAN TENGAH, NATUNA, KEPULAUAN RIAU",3,146,58,204
https://kawalpemilu.org#25670,"HARAPAN JAYA, BUNGURAN TENGAH, NATUNA, KEPULAUAN RIAU",4,165,57,222
https://kawalpemilu.org#25671,"TAPAU, BUNGURAN TENGAH, NATUNA, KEPULAUAN RIAU",1,174,39,213
https://kawalpemilu.org#25671,"TAPAU, BUNGURAN TENGAH, NATUNA, KEPULAUAN RIAU",2,157,44,201
https://kawalpemilu.org#25671,"TAPAU, BUNGURAN TENGAH, NATUNA, KEPULAUAN RIAU",3,159,45,204
https://kawalpemilu.org#25672,"AIR LENGIT, BUNGURAN TENGAH, NATUNA, KEPULAUAN RIAU",1,196,29,225
https://kawalpemilu.org#25672,"AIR LENGIT, BUNGURAN TENGAH, NATUNA, KEPULAUAN RIAU",2,146,52,198
https://kawalpemilu.org#25672,"AIR LENGIT, BUNGURAN TENGAH, NATUNA, KEPULAUAN RIAU",3,158,59,217
https://kawalpemilu.org#25674,"CEMAGA, BUNGURAN SELATAN, NATUNA, KEPULAUAN RIAU",1,99,60,159
https://kawalpemilu.org#25674,"CEMAGA, BUNGURAN SELATAN, NATUNA, KEPULAUAN RIAU",2,134,57,191
https://kawalpemilu.org#25674,"CEMAGA, BUNGURAN SELATAN, NATUNA, KEPULAUAN RIAU",3,157,40,197
https://kawalpemilu.org#25675,"CEMAGA SELATAN, BUNGURAN SELATAN, NATUNA, KEPULAUAN RIAU",1,197,35,232
https://kawalpemilu.org#25675,"CEMAGA SELATAN, BUNGURAN SELATAN, NATUNA, KEPULAUAN RIAU",2,214,41,255
https://kawalpemilu.org#25676,"CEMAGA UTARA, BUNGURAN SELATAN, NATUNA, KEPULAUAN RIAU",1,164,85,249
https://kawalpemilu.org#25676,"CEMAGA UTARA, BUNGURAN SELATAN, NATUNA, KEPULAUAN RIAU",2,165,83,248
https://kawalpemilu.org#25677,"CEMAGA TENGAH, BUNGURAN SELATAN, NATUNA, KEPULAUAN RIAU",1,109,47,156
https://kawalpemilu.org#25677,"CEMAGA TENGAH, BUNGURAN SELATAN, NATUNA, KEPULAUAN RIAU",2,116,45,161
https://kawalpemilu.org#25679,"ARUNG AYAM, SERASAN TIMUR, NATUNA, KEPULAUAN RIAU",1,68,142,210
https://kawalpemilu.org#25679,"ARUNG AYAM, SERASAN TIMUR, NATUNA, KEPULAUAN RIAU",2,115,84,199
https://kawalpemilu.org#25679,"ARUNG AYAM, SERASAN TIMUR, NATUNA, KEPULAUAN RIAU",3,97,66,163
https://kawalpemilu.org#25680,"AIR NUSA, SERASAN TIMUR, NATUNA, KEPULAUAN RIAU",1,97,75,172
https://kawalpemilu.org#25680,"AIR NUSA, SERASAN TIMUR, NATUNA, KEPULAUAN RIAU",2,110,66,176
https://kawalpemilu.org#25680,"AIR NUSA, SERASAN TIMUR, NATUNA, KEPULAUAN RIAU",3,115,46,161
https://kawalpemilu.org#25681,"PAYAK, SERASAN TIMUR, NATUNA, KEPULAUAN RIAU",1,93,74,167
https://kawalpemilu.org#25681,"PAYAK, SERASAN TIMUR, NATUNA, KEPULAUAN RIAU",2,144,60,204
https://kawalpemilu.org#25682,"AIR RINGAU, SERASAN TIMUR, NATUNA, KEPULAUAN RIAU",1,119,110,229
https://kawalpemilu.org#25682,"AIR RINGAU, SERASAN TIMUR, NATUNA, KEPULAUAN RIAU",2,100,59,159
https://kawalpemilu.org#25607,"SEDANAU TIMUR, BUNGURAN BATUBI, NATUNA, KEPULAUAN RIAU",1,132,103,235
https://kawalpemilu.org#25609,"BATUBI JAYA, BUNGURAN BATUBI, NATUNA, KEPULAUAN RIAU",1,180,33,213
https://kawalpemilu.org#25609,"BATUBI JAYA, BUNGURAN BATUBI, NATUNA, KEPULAUAN RIAU",2,155,49,204
https://kawalpemilu.org#25609,"BATUBI JAYA, BUNGURAN BATUBI, NATUNA, KEPULAUAN RIAU",3,175,38,213
https://kawalpemilu.org#25609,"BATUBI JAYA, BUNGURAN BATUBI, NATUNA, KEPULAUAN RIAU",4,192,30,222
https://kawalpemilu.org#25610,"GUNUNG PUTRI, BUNGURAN BATUBI, NATUNA, KEPULAUAN RIAU",1,160,27,187
https://kawalpemilu.org#25610,"GUNUNG PUTRI, BUNGURAN BATUBI, NATUNA, KEPULAUAN RIAU",2,186,48,234
https://kawalpemilu.org#25610,"GUNUNG PUTRI, BUNGURAN BATUBI, NATUNA, KEPULAUAN RIAU",3,103,28,131
https://kawalpemilu.org#25610,"GUNUNG PUTRI, BUNGURAN BATUBI, NATUNA, KEPULAUAN RIAU",4,105,31,136
https://kawalpemilu.org#25611,"SEDARAT BARU, BUNGURAN BATUBI, NATUNA, KEPULAUAN RIAU",1,87,56,143
https://kawalpemilu.org#25611,"SEDARAT BARU, BUNGURAN BATUBI, NATUNA, KEPULAUAN RIAU",2,84,49,133
https://kawalpemilu.org#25614,"SEMEDANG, BUNGURAN BATUBI, NATUNA, KEPULAUAN RIAU",1,166,66,0
https://kawalpemilu.org#25651,"PULAU TIGA, PULAU TIGA BARAT, NATUNA, KEPULAUAN RIAU",1,153,86,239
https://kawalpemilu.org#25651,"PULAU TIGA, PULAU TIGA BARAT, NATUNA, KEPULAUAN RIAU",2,135,103,238
https://kawalpemilu.org#25657,"TANJUNG KUMBIK UTARA, PULAU TIGA BARAT, NATUNA, KEPULAUAN RIAU",1,97,45,142
https://kawalpemilu.org#25657,"TANJUNG KUMBIK UTARA, PULAU TIGA BARAT, NATUNA, KEPULAUAN RIAU",2,76,59,135
https://kawalpemilu.org#25658,"SETUMUK, PULAU TIGA BARAT, NATUNA, KEPULAUAN RIAU",1,159,55,214
https://kawalpemilu.org#25659,"SELADING, PULAU TIGA BARAT, NATUNA, KEPULAUAN RIAU",1,195,62,257
https://kawalpemilu.org#25601,"BATU BELANAK, SUAK MIDAI, NATUNA, KEPULAUAN RIAU",1,104,106,210
https://kawalpemilu.org#25601,"BATU BELANAK, SUAK MIDAI, NATUNA, KEPULAUAN RIAU",2,46,76,122
https://kawalpemilu.org#25602,"GUNUNG JAMBAT, SUAK MIDAI, NATUNA, KEPULAUAN RIAU",1,79,116,195
https://kawalpemilu.org#25602,"GUNUNG JAMBAT, SUAK MIDAI, NATUNA, KEPULAUAN RIAU",2,77,94,171
https://kawalpemilu.org#25604,"AIR KUMPAI, SUAK MIDAI, NATUNA, KEPULAUAN RIAU",1,73,65,138
https://kawalpemilu.org#25604,"AIR KUMPAI, SUAK MIDAI, NATUNA, KEPULAUAN RIAU",2,77,75,152
https://kawalpemilu.org#25685,"DABO, SINGKEP, LINGGA, KEPULAUAN RIAU",1,100,55,155
https://kawalpemilu.org#25685,"DABO, SINGKEP, LINGGA, KEPULAUAN RIAU",2,68,84,152
https://kawalpemilu.org#25685,"DABO, SINGKEP, LINGGA, KEPULAUAN RIAU",3,106,18,124
https://kawalpemilu.org#25685,"DABO, SINGKEP, LINGGA, KEPULAUAN RIAU",4,53,69,122
https://kawalpemilu.org#25685,"DABO, SINGKEP, LINGGA, KEPULAUAN RIAU",5,89,55,144
https://kawalpemilu.org#25685,"DABO, SINGKEP, LINGGA, KEPULAUAN RIAU",6,100,28,128
https://kawalpemilu.org#25685,"DABO, SINGKEP, LINGGA, KEPULAUAN RIAU",7,73,72,145
https://kawalpemilu.org#25685,"DABO, SINGKEP, LINGGA, KEPULAUAN RIAU",8,116,101,217
https://kawalpemilu.org#25685,"DABO, SINGKEP, LINGGA, KEPULAUAN RIAU",9,67,108,175
https://kawalpemilu.org#25685,"DABO, SINGKEP, LINGGA, KEPULAUAN RIAU",10,112,66,178
https://kawalpemilu.org#25685,"DABO, SINGKEP, LINGGA, KEPULAUAN RIAU",11,96,133,229
https://kawalpemilu.org#25685,"DABO, SINGKEP, LINGGA, KEPULAUAN RIAU",12,42,97,139
https://kawalpemilu.org#25685,"DABO, SINGKEP, LINGGA, KEPULAUAN RIAU",13,76,54,130
https://kawalpemilu.org#25685,"DABO, SINGKEP, LINGGA, KEPULAUAN RIAU",14,81,68,149
https://kawalpemilu.org#25685,"DABO, SINGKEP, LINGGA, KEPULAUAN RIAU",15,47,59,106
https://kawalpemilu.org#25685,"DABO, SINGKEP, LINGGA, KEPULAUAN RIAU",16,68,101,169
https://kawalpemilu.org#25685,"DABO, SINGKEP, LINGGA, KEPULAUAN RIAU",17,56,138,194
https://kawalpemilu.org#25685,"DABO, SINGKEP, LINGGA, KEPULAUAN RIAU",18,103,95,198
https://kawalpemilu.org#25685,"DABO, SINGKEP, LINGGA, KEPULAUAN RIAU",19,84,81,165
https://kawalpemilu.org#25685,"DABO, SINGKEP, LINGGA, KEPULAUAN RIAU",20,98,79,177
https://kawalpemilu.org#25685,"DABO, SINGKEP, LINGGA, KEPULAUAN RIAU",21,84,121,205
https://kawalpemilu.org#25685,"DABO, SINGKEP, LINGGA, KEPULAUAN RIAU",22,83,66,149
https://kawalpemilu.org#25685,"DABO, SINGKEP, LINGGA, KEPULAUAN RIAU",23,42,49,91
https://kawalpemilu.org#25685,"DABO, SINGKEP, LINGGA, KEPULAUAN RIAU",24,75,62,137
https://kawalpemilu.org#25685,"DABO, SINGKEP, LINGGA, KEPULAUAN RIAU",25,95,51,146
https://kawalpemilu.org#25685,"DABO, SINGKEP, LINGGA, KEPULAUAN RIAU",26,53,65,118
https://kawalpemilu.org#25685,"DABO, SINGKEP, LINGGA, KEPULAUAN RIAU",27,56,66,122
https://kawalpemilu.org#25685,"DABO, SINGKEP, LINGGA, KEPULAUAN RIAU",28,16,21,37
https://kawalpemilu.org#25686,"DABO LAMA, SINGKEP, LINGGA, KEPULAUAN RIAU",1,101,95,196
https://kawalpemilu.org#25686,"DABO LAMA, SINGKEP, LINGGA, KEPULAUAN RIAU",2,52,71,123
https://kawalpemilu.org#25686,"DABO LAMA, SINGKEP, LINGGA, KEPULAUAN RIAU",3,64,56,120
https://kawalpemilu.org#25686,"DABO LAMA, SINGKEP, LINGGA, KEPULAUAN RIAU",4,60,38,98
https://kawalpemilu.org#25686,"DABO LAMA, SINGKEP, LINGGA, KEPULAUAN RIAU",5,105,81,186
https://kawalpemilu.org#25686,"DABO LAMA, SINGKEP, LINGGA, KEPULAUAN RIAU",6,63,34,97
https://kawalpemilu.org#25686,"DABO LAMA, SINGKEP, LINGGA, KEPULAUAN RIAU",7,57,53,110
https://kawalpemilu.org#25686,"DABO LAMA, SINGKEP, LINGGA, KEPULAUAN RIAU",8,55,84,139
https://kawalpemilu.org#25686,"DABO LAMA, SINGKEP, LINGGA, KEPULAUAN RIAU",9,63,43,106
https://kawalpemilu.org#25686,"DABO LAMA, SINGKEP, LINGGA, KEPULAUAN RIAU",10,68,40,108
https://kawalpemilu.org#25686,"DABO LAMA, SINGKEP, LINGGA, KEPULAUAN RIAU",11,35,46,81
https://kawalpemilu.org#25686,"DABO LAMA, SINGKEP, LINGGA, KEPULAUAN RIAU",12,55,51,106
https://kawalpemilu.org#25686,"DABO LAMA, SINGKEP, LINGGA, KEPULAUAN RIAU",13,45,75,120
https://kawalpemilu.org#25686,"DABO LAMA, SINGKEP, LINGGA, KEPULAUAN RIAU",14,88,16,104
https://kawalpemilu.org#25686,"DABO LAMA, SINGKEP, LINGGA, KEPULAUAN RIAU",15,71,57,128
https://kawalpemilu.org#25686,"DABO LAMA, SINGKEP, LINGGA, KEPULAUAN RIAU",16,38,29,67
https://kawalpemilu.org#25686,"DABO LAMA, SINGKEP, LINGGA, KEPULAUAN RIAU",17,103,68,171
https://kawalpemilu.org#25692,"TANJUNG HARAPAN, SINGKEP, LINGGA, KEPULAUAN RIAU",1,72,107,179
https://kawalpemilu.org#25692,"TANJUNG HARAPAN, SINGKEP, LINGGA, KEPULAUAN RIAU",2,105,92,197
https://kawalpemilu.org#25692,"TANJUNG HARAPAN, SINGKEP, LINGGA, KEPULAUAN RIAU",3,97,57,154
https://kawalpemilu.org#25692,"TANJUNG HARAPAN, SINGKEP, LINGGA, KEPULAUAN RIAU",4,70,116,186
https://kawalpemilu.org#25692,"TANJUNG HARAPAN, SINGKEP, LINGGA, KEPULAUAN RIAU",5,97,90,187
https://kawalpemilu.org#25692,"TANJUNG HARAPAN, SINGKEP, LINGGA, KEPULAUAN RIAU",6,93,116,209
https://kawalpemilu.org#25692,"TANJUNG HARAPAN, SINGKEP, LINGGA, KEPULAUAN RIAU",7,125,94,219
https://kawalpemilu.org#25692,"TANJUNG HARAPAN, SINGKEP, LINGGA, KEPULAUAN RIAU",8,61,121,182
https://kawalpemilu.org#25693,"BATU BERDAUN, SINGKEP, LINGGA, KEPULAUAN RIAU",1,71,91,162
https://kawalpemilu.org#25693,"BATU BERDAUN, SINGKEP, LINGGA, KEPULAUAN RIAU",2,67,113,180
https://kawalpemilu.org#25693,"BATU BERDAUN, SINGKEP, LINGGA, KEPULAUAN RIAU",3,90,79,169
https://kawalpemilu.org#25693,"BATU BERDAUN, SINGKEP, LINGGA, KEPULAUAN RIAU",4,68,67,135
https://kawalpemilu.org#25693,"BATU BERDAUN, SINGKEP, LINGGA, KEPULAUAN RIAU",5,92,86,178
https://kawalpemilu.org#25693,"BATU BERDAUN, SINGKEP, LINGGA, KEPULAUAN RIAU",6,112,97,209
https://kawalpemilu.org#25693,"BATU BERDAUN, SINGKEP, LINGGA, KEPULAUAN RIAU",7,60,63,123
https://kawalpemilu.org#25693,"BATU BERDAUN, SINGKEP, LINGGA, KEPULAUAN RIAU",8,67,92,159
https://kawalpemilu.org#25693,"BATU BERDAUN, SINGKEP, LINGGA, KEPULAUAN RIAU",9,82,77,159
https://kawalpemilu.org#25693,"BATU BERDAUN, SINGKEP, LINGGA, KEPULAUAN RIAU",10,70,80,150
https://kawalpemilu.org#25693,"BATU BERDAUN, SINGKEP, LINGGA, KEPULAUAN RIAU",11,69,61,130
https://kawalpemilu.org#25693,"BATU BERDAUN, SINGKEP, LINGGA, KEPULAUAN RIAU",12,90,108,198
https://kawalpemilu.org#25694,"BATU KACANG, SINGKEP, LINGGA, KEPULAUAN RIAU",1,99,74,173
https://kawalpemilu.org#25694,"BATU KACANG, SINGKEP, LINGGA, KEPULAUAN RIAU",2,121,0,160
https://kawalpemilu.org#25694,"BATU KACANG, SINGKEP, LINGGA, KEPULAUAN RIAU",3,94,47,141
https://kawalpemilu.org#25694,"BATU KACANG, SINGKEP, LINGGA, KEPULAUAN RIAU",4,71,14,85
https://kawalpemilu.org#25694,"BATU KACANG, SINGKEP, LINGGA, KEPULAUAN RIAU",5,109,62,171
https://kawalpemilu.org#25694,"BATU KACANG, SINGKEP, LINGGA, KEPULAUAN RIAU",6,90,56,146
https://kawalpemilu.org#928225,"SUNGAILUMPUR, SINGKEP, LINGGA, KEPULAUAN RIAU",1,28,32,60
https://kawalpemilu.org#928225,"SUNGAILUMPUR, SINGKEP, LINGGA, KEPULAUAN RIAU",2,108,97,205
https://kawalpemilu.org#928225,"SUNGAILUMPUR, SINGKEP, LINGGA, KEPULAUAN RIAU",3,82,60,142
https://kawalpemilu.org#928225,"SUNGAILUMPUR, SINGKEP, LINGGA, KEPULAUAN RIAU",4,88,109,197
https://kawalpemilu.org#928225,"SUNGAILUMPUR, SINGKEP, LINGGA, KEPULAUAN RIAU",6,111,64,175
https://kawalpemilu.org#928225,"SUNGAILUMPUR, SINGKEP, LINGGA, KEPULAUAN RIAU",7,87,93,180
https://kawalpemilu.org#928225,"SUNGAILUMPUR, SINGKEP, LINGGA, KEPULAUAN RIAU",8,72,102,174
https://kawalpemilu.org#928225,"SUNGAILUMPUR, SINGKEP, LINGGA, KEPULAUAN RIAU",9,97,86,183
https://kawalpemilu.org#928225,"SUNGAILUMPUR, SINGKEP, LINGGA, KEPULAUAN RIAU",10,54,33,87
https://kawalpemilu.org#25697,"DAIK, LINGGA, LINGGA, KEPULAUAN RIAU",1,64,102,166
https://kawalpemilu.org#25697,"DAIK, LINGGA, LINGGA, KEPULAUAN RIAU",2,79,106,185
https://kawalpemilu.org#25697,"DAIK, LINGGA, LINGGA, KEPULAUAN RIAU",3,106,126,232
https://kawalpemilu.org#25697,"DAIK, LINGGA, LINGGA, KEPULAUAN RIAU",4,72,115,187
https://kawalpemilu.org#25697,"DAIK, LINGGA, LINGGA, KEPULAUAN RIAU",5,66,147,213
https://kawalpemilu.org#25697,"DAIK, LINGGA, LINGGA, KEPULAUAN RIAU",6,68,89,157
https://kawalpemilu.org#25697,"DAIK, LINGGA, LINGGA, KEPULAUAN RIAU",7,110,64,174
https://kawalpemilu.org#25697,"DAIK, LINGGA, LINGGA, KEPULAUAN RIAU",8,59,157,216
https://kawalpemilu.org#25697,"DAIK, LINGGA, LINGGA, KEPULAUAN RIAU",9,53,131,184
https://kawalpemilu.org#25697,"DAIK, LINGGA, LINGGA, KEPULAUAN RIAU",10,45,77,122
https://kawalpemilu.org#25697,"DAIK, LINGGA, LINGGA, KEPULAUAN RIAU",11,68,123,191
https://kawalpemilu.org#25697,"DAIK, LINGGA, LINGGA, KEPULAUAN RIAU",12,66,142,208
https://kawalpemilu.org#25697,"DAIK, LINGGA, LINGGA, KEPULAUAN RIAU",13,79,31,110
https://kawalpemilu.org#25697,"DAIK, LINGGA, LINGGA, KEPULAUAN RIAU",14,56,51,107
https://kawalpemilu.org#25697,"DAIK, LINGGA, LINGGA, KEPULAUAN RIAU",15,45,127,172
https://kawalpemilu.org#25698,"PEKAJANG, LINGGA, LINGGA, KEPULAUAN RIAU",1,100,36,136
https://kawalpemilu.org#25698,"PEKAJANG, LINGGA, LINGGA, KEPULAUAN RIAU",2,98,26,124
https://kawalpemilu.org#25699,"KELOMBOK, LINGGA, LINGGA, KEPULAUAN RIAU",1,130,78,208
https://kawalpemilu.org#25700,"MEPAR, LINGGA, LINGGA, KEPULAUAN RIAU",1,108,65,173
https://kawalpemilu.org#25700,"MEPAR, LINGGA, LINGGA, KEPULAUAN RIAU",2,125,22,147
https://kawalpemilu.org#25700,"MEPAR, LINGGA, LINGGA, KEPULAUAN RIAU",3,134,56,190
https://kawalpemilu.org#25700,"MEPAR, LINGGA, LINGGA, KEPULAUAN RIAU",4,113,50,163
https://kawalpemilu.org#25703,"KELUMU, LINGGA, LINGGA, KEPULAUAN RIAU",1,141,31,172
https://kawalpemilu.org#25703,"KELUMU, LINGGA, LINGGA, KEPULAUAN RIAU",2,145,40,185
https://kawalpemilu.org#25703,"KELUMU, LINGGA, LINGGA, KEPULAUAN RIAU",3,139,15,154
https://kawalpemilu.org#25704,"MENTUDA, LINGGA, LINGGA, KEPULAUAN RIAU",1,159,66,225
https://kawalpemilu.org#25704,"MENTUDA, LINGGA, LINGGA, KEPULAUAN RIAU",2,157,15,172
https://kawalpemilu.org#25704,"MENTUDA, LINGGA, LINGGA, KEPULAUAN RIAU",3,138,25,163
https://kawalpemilu.org#25704,"MENTUDA, LINGGA, LINGGA, KEPULAUAN RIAU",4,118,34,152
https://kawalpemilu.org#25705,"MERAWANG, LINGGA, LINGGA, KEPULAUAN RIAU",2,107,130,237
https://kawalpemilu.org#25705,"MERAWANG, LINGGA, LINGGA, KEPULAUAN RIAU",3,112,71,183
https://kawalpemilu.org#25706,"PANGGAK DARAT, LINGGA, LINGGA, KEPULAUAN RIAU",1,64,124,188
https://kawalpemilu.org#25706,"PANGGAK DARAT, LINGGA, LINGGA, KEPULAUAN RIAU",2,97,85,182
https://kawalpemilu.org#25707,"PANGGAK LAUT, LINGGA, LINGGA, KEPULAUAN RIAU",1,133,42,175
https://kawalpemilu.org#25707,"PANGGAK LAUT, LINGGA, LINGGA, KEPULAUAN RIAU",2,96,61,157
https://kawalpemilu.org#25708,"MUSAI, LINGGA, LINGGA, KEPULAUAN RIAU",1,90,69,159
https://kawalpemilu.org#25708,"MUSAI, LINGGA, LINGGA, KEPULAUAN RIAU",2,40,47,87
https://kawalpemilu.org#25708,"MUSAI, LINGGA, LINGGA, KEPULAUAN RIAU",3,69,52,121
https://kawalpemilu.org#928229,"NEREKEH, LINGGA, LINGGA, KEPULAUAN RIAU",1,112,99,211
https://kawalpemilu.org#25716,"SENAYANG, SENAYANG, LINGGA, KEPULAUAN RIAU",1,103,43,146
https://kawalpemilu.org#25716,"SENAYANG, SENAYANG, LINGGA, KEPULAUAN RIAU",2,65,66,131
https://kawalpemilu.org#25716,"SENAYANG, SENAYANG, LINGGA, KEPULAUAN RIAU",4,70,68,138
https://kawalpemilu.org#25716,"SENAYANG, SENAYANG, LINGGA, KEPULAUAN RIAU",5,101,68,169
https://kawalpemilu.org#25716,"SENAYANG, SENAYANG, LINGGA, KEPULAUAN RIAU",6,89,63,152
https://kawalpemilu.org#25716,"SENAYANG, SENAYANG, LINGGA, KEPULAUAN RIAU",7,68,52,120
https://kawalpemilu.org#25716,"SENAYANG, SENAYANG, LINGGA, KEPULAUAN RIAU",8,54,50,104
https://kawalpemilu.org#25716,"SENAYANG, SENAYANG, LINGGA, KEPULAUAN RIAU",9,51,52,103
https://kawalpemilu.org#25716,"SENAYANG, SENAYANG, LINGGA, KEPULAUAN RIAU",10,55,47,102
https://kawalpemilu.org#25716,"SENAYANG, SENAYANG, LINGGA, KEPULAUAN RIAU",11,112,29,141
https://kawalpemilu.org#25717,"MAMUT, SENAYANG, LINGGA, KEPULAUAN RIAU",1,143,94,237
https://kawalpemilu.org#25717,"MAMUT, SENAYANG, LINGGA, KEPULAUAN RIAU",2,54,18,72
https://kawalpemilu.org#25718,"PASIR PANJANG, SENAYANG, LINGGA, KEPULAUAN RIAU",1,105,54,159
https://kawalpemilu.org#25718,"PASIR PANJANG, SENAYANG, LINGGA, KEPULAUAN RIAU",2,77,122,199
https://kawalpemilu.org#25718,"PASIR PANJANG, SENAYANG, LINGGA, KEPULAUAN RIAU",3,104,54,158
https://kawalpemilu.org#25718,"PASIR PANJANG, SENAYANG, LINGGA, KEPULAUAN RIAU",4,63,29,92
https://kawalpemilu.org#25719,"REJAI, SENAYANG, LINGGA, KEPULAUAN RIAU",1,136,29,165
https://kawalpemilu.org#25719,"REJAI, SENAYANG, LINGGA, KEPULAUAN RIAU",2,120,37,157
https://kawalpemilu.org#25719,"REJAI, SENAYANG, LINGGA, KEPULAUAN RIAU",3,148,41,189
https://kawalpemilu.org#25719,"REJAI, SENAYANG, LINGGA, KEPULAUAN RIAU",4,102,59,161
https://kawalpemilu.org#25719,"REJAI, SENAYANG, LINGGA, KEPULAUAN RIAU",5,155,67,222
https://kawalpemilu.org#25719,"REJAI, SENAYANG, LINGGA, KEPULAUAN RIAU",6,118,35,153
https://kawalpemilu.org#25720,"TEMIANG, SENAYANG, LINGGA, KEPULAUAN RIAU",1,164,30,194
https://kawalpemilu.org#25720,"TEMIANG, SENAYANG, LINGGA, KEPULAUAN RIAU",2,69,30,99
https://kawalpemilu.org#25721,"PULAU MEDANG, SENAYANG, LINGGA, KEPULAUAN RIAU",1,139,81,220
https://kawalpemilu.org#25721,"PULAU MEDANG, SENAYANG, LINGGA, KEPULAUAN RIAU",2,116,17,133
https://kawalpemilu.org#25721,"PULAU MEDANG, SENAYANG, LINGGA, KEPULAUAN RIAU",3,82,35,117
https://kawalpemilu.org#25722,"MENSANAK, SENAYANG, LINGGA, KEPULAUAN RIAU",1,79,87,166
https://kawalpemilu.org#25722,"MENSANAK, SENAYANG, LINGGA, KEPULAUAN RIAU",2,164,39,203
https://kawalpemilu.org#25722,"MENSANAK, SENAYANG, LINGGA, KEPULAUAN RIAU",3,124,79,203
https://kawalpemilu.org#25722,"MENSANAK, SENAYANG, LINGGA, KEPULAUAN RIAU",4,98,21,119
https://kawalpemilu.org#25723,"TANJUNG KELIT, SENAYANG, LINGGA, KEPULAUAN RIAU",1,152,45,197
https://kawalpemilu.org#25723,"TANJUNG KELIT, SENAYANG, LINGGA, KEPULAUAN RIAU",2,153,32,185
https://kawalpemilu.org#25723,"TANJUNG KELIT, SENAYANG, LINGGA, KEPULAUAN RIAU",3,90,38,128
https://kawalpemilu.org#25723,"TANJUNG KELIT, SENAYANG, LINGGA, KEPULAUAN RIAU",4,84,10,94
https://kawalpemilu.org#25723,"TANJUNG KELIT, SENAYANG, LINGGA, KEPULAUAN RIAU",5,154,12,166
https://kawalpemilu.org#25723,"TANJUNG KELIT, SENAYANG, LINGGA, KEPULAUAN RIAU",6,106,17,123
https://kawalpemilu.org#25724,"PULAU BATANG, SENAYANG, LINGGA, KEPULAUAN RIAU",1,33,158,191
https://kawalpemilu.org#25724,"PULAU BATANG, SENAYANG, LINGGA, KEPULAUAN RIAU",2,98,61,159
https://kawalpemilu.org#25724,"PULAU BATANG, SENAYANG, LINGGA, KEPULAUAN RIAU",3,112,82,194
https://kawalpemilu.org#25724,"PULAU BATANG, SENAYANG, LINGGA, KEPULAUAN RIAU",4,98,90,188
https://kawalpemilu.org#25725,"BENAN, SENAYANG, LINGGA, KEPULAUAN RIAU",1,145,52,197
https://kawalpemilu.org#25725,"BENAN, SENAYANG, LINGGA, KEPULAUAN RIAU",2,130,70,200
https://kawalpemilu.org#25725,"BENAN, SENAYANG, LINGGA, KEPULAUAN RIAU",3,75,27,102
https://kawalpemilu.org#25726,"BATU BELUBANG, SENAYANG, LINGGA, KEPULAUAN RIAU",1,144,15,159
https://kawalpemilu.org#25726,"BATU BELUBANG, SENAYANG, LINGGA, KEPULAUAN RIAU",2,168,39,207
https://kawalpemilu.org#25726,"BATU BELUBANG, SENAYANG, LINGGA, KEPULAUAN RIAU",3,166,33,199
https://kawalpemilu.org#25726,"BATU BELUBANG, SENAYANG, LINGGA, KEPULAUAN RIAU",4,115,32,147
https://kawalpemilu.org#25726,"BATU BELUBANG, SENAYANG, LINGGA, KEPULAUAN RIAU",5,72,32,104
https://kawalpemilu.org#89271,"LABOH, SENAYANG, LINGGA, KEPULAUAN RIAU",1,179,33,212
https://kawalpemilu.org#89271,"LABOH, SENAYANG, LINGGA, KEPULAUAN RIAU",2,156,42,198
https://kawalpemilu.org#89271,"LABOH, SENAYANG, LINGGA, KEPULAUAN RIAU",3,114,50,164
https://kawalpemilu.org#89271,"LABOH, SENAYANG, LINGGA, KEPULAUAN RIAU",4,93,19,112
https://kawalpemilu.org#89272,"PENAAH, SENAYANG, LINGGA, KEPULAUAN RIAU",1,81,73,154
https://kawalpemilu.org#89272,"PENAAH, SENAYANG, LINGGA, KEPULAUAN RIAU",2,78,82,160
https://kawalpemilu.org#89272,"PENAAH, SENAYANG, LINGGA, KEPULAUAN RIAU",3,103,17,120
https://kawalpemilu.org#89272,"PENAAH, SENAYANG, LINGGA, KEPULAUAN RIAU",4,94,6,100
https://kawalpemilu.org#89273,"CEMPA, SENAYANG, LINGGA, KEPULAUAN RIAU",1,122,49,171
https://kawalpemilu.org#89273,"CEMPA, SENAYANG, LINGGA, KEPULAUAN RIAU",2,139,48,187
https://kawalpemilu.org#89274,"BARAN, SENAYANG, LINGGA, KEPULAUAN RIAU",1,101,50,151
https://kawalpemilu.org#89274,"BARAN, SENAYANG, LINGGA, KEPULAUAN RIAU",2,117,71,188
https://kawalpemilu.org#89274,"BARAN, SENAYANG, LINGGA, KEPULAUAN RIAU",3,94,4,98
https://kawalpemilu.org#89274,"BARAN, SENAYANG, LINGGA, KEPULAUAN RIAU",4,87,11,98
https://kawalpemilu.org#89275,"PULAUDUYUNG, SENAYANG, LINGGA, KEPULAUAN RIAU",1,109,38,147
https://kawalpemilu.org#89275,"PULAUDUYUNG, SENAYANG, LINGGA, KEPULAUAN RIAU",2,72,20,92
https://kawalpemilu.org#928226,"TAJUR BIRU, SENAYANG, LINGGA, KEPULAUAN RIAU",1,107,70,177
https://kawalpemilu.org#928226,"TAJUR BIRU, SENAYANG, LINGGA, KEPULAUAN RIAU",2,80,67,147
https://kawalpemilu.org#928226,"TAJUR BIRU, SENAYANG, LINGGA, KEPULAUAN RIAU",3,139,12,151
https://kawalpemilu.org#928226,"TAJUR BIRU, SENAYANG, LINGGA, KEPULAUAN RIAU",4,150,20,170
https://kawalpemilu.org#928226,"TAJUR BIRU, SENAYANG, LINGGA, KEPULAUAN RIAU",5,102,66,168
https://kawalpemilu.org#928226,"TAJUR BIRU, SENAYANG, LINGGA, KEPULAUAN RIAU",6,116,60,176
https://kawalpemilu.org#928227,"TANJUNGLIPAT, SENAYANG, LINGGA, KEPULAUAN RIAU",1,111,9,120
https://kawalpemilu.org#928227,"TANJUNGLIPAT, SENAYANG, LINGGA, KEPULAUAN RIAU",2,93,32,125
https://kawalpemilu.org#928227,"TANJUNGLIPAT, SENAYANG, LINGGA, KEPULAUAN RIAU",3,80,43,123
https://kawalpemilu.org#928227,"TANJUNGLIPAT, SENAYANG, LINGGA, KEPULAUAN RIAU",4,101,25,126
https://kawalpemilu.org#928228,"PULAUBUKIT, SENAYANG, LINGGA, KEPULAUAN RIAU",1,106,27,133
https://kawalpemilu.org#928228,"PULAUBUKIT, SENAYANG, LINGGA, KEPULAUAN RIAU",2,102,67,169
https://kawalpemilu.org#928228,"PULAUBUKIT, SENAYANG, LINGGA, KEPULAUAN RIAU",3,46,27,73
https://kawalpemilu.org#25728,"PANCUR, LINGGA UTARA, LINGGA, KEPULAUAN RIAU",1,102,25,127
https://kawalpemilu.org#25728,"PANCUR, LINGGA UTARA, LINGGA, KEPULAUAN RIAU",2,61,84,145
https://kawalpemilu.org#25728,"PANCUR, LINGGA UTARA, LINGGA, KEPULAUAN RIAU",3,149,24,173
https://kawalpemilu.org#25728,"PANCUR, LINGGA UTARA, LINGGA, KEPULAUAN RIAU",4,171,3,174
https://kawalpemilu.org#25728,"PANCUR, LINGGA UTARA, LINGGA, KEPULAUAN RIAU",5,71,14,85
https://kawalpemilu.org#25728,"PANCUR, LINGGA UTARA, LINGGA, KEPULAUAN RIAU",6,75,31,106
https://kawalpemilu.org#25729,"BUKIT HARAPAN, LINGGA UTARA, LINGGA, KEPULAUAN RIAU",1,164,84,248
https://kawalpemilu.org#25729,"BUKIT HARAPAN, LINGGA UTARA, LINGGA, KEPULAUAN RIAU",2,75,82,157
https://kawalpemilu.org#25729,"BUKIT HARAPAN, LINGGA UTARA, LINGGA, KEPULAUAN RIAU",3,117,35,152
https://kawalpemilu.org#25730,"DUARA, LINGGA UTARA, LINGGA, KEPULAUAN RIAU",1,123,105,228
https://kawalpemilu.org#25730,"DUARA, LINGGA UTARA, LINGGA, KEPULAUAN RIAU",2,80,126,206
https://kawalpemilu.org#25730,"DUARA, LINGGA UTARA, LINGGA, KEPULAUAN RIAU",3,71,121,192
https://kawalpemilu.org#25730,"DUARA, LINGGA UTARA, LINGGA, KEPULAUAN RIAU",4,72,128,200
https://kawalpemilu.org#25731,"LIMBUNG, LINGGA UTARA, LINGGA, KEPULAUAN RIAU",1,163,27,190
https://kawalpemilu.org#25731,"LIMBUNG, LINGGA UTARA, LINGGA, KEPULAUAN RIAU",2,102,60,162
https://kawalpemilu.org#25731,"LIMBUNG, LINGGA UTARA, LINGGA, KEPULAUAN RIAU",3,142,60,202
https://kawalpemilu.org#25731,"LIMBUNG, LINGGA UTARA, LINGGA, KEPULAUAN RIAU",4,76,6,82
https://kawalpemilu.org#25731,"LIMBUNG, LINGGA UTARA, LINGGA, KEPULAUAN RIAU",5,106,9,115
https://kawalpemilu.org#25731,"LIMBUNG, LINGGA UTARA, LINGGA, KEPULAUAN RIAU",6,79,32,111
https://kawalpemilu.org#25731,"LIMBUNG, LINGGA UTARA, LINGGA, KEPULAUAN RIAU",7,110,31,141
https://kawalpemilu.org#25732,"RESUN, LINGGA UTARA, LINGGA, KEPULAUAN RIAU",1,69,109,178
https://kawalpemilu.org#25732,"RESUN, LINGGA UTARA, LINGGA, KEPULAUAN RIAU",2,38,133,171
https://kawalpemilu.org#25733,"SEKANAH, LINGGA UTARA, LINGGA, KEPULAUAN RIAU",1,133,66,199
https://kawalpemilu.org#25733,"SEKANAH, LINGGA UTARA, LINGGA, KEPULAUAN RIAU",2,163,53,216
https://kawalpemilu.org#25733,"SEKANAH, LINGGA UTARA, LINGGA, KEPULAUAN RIAU",3,89,65,154
https://kawalpemilu.org#25734,"TELUK, LINGGA UTARA, LINGGA, KEPULAUAN RIAU",1,69,69,138
https://kawalpemilu.org#25734,"TELUK, LINGGA UTARA, LINGGA, KEPULAUAN RIAU",2,113,52,165
https://kawalpemilu.org#25735,"LINAU, LINGGA UTARA, LINGGA, KEPULAUAN RIAU",1,112,49,161
https://kawalpemilu.org#25735,"LINAU, LINGGA UTARA, LINGGA, KEPULAUAN RIAU",2,139,31,170
https://kawalpemilu.org#91349,"SUNGAIBESAR, LINGGA UTARA, LINGGA, KEPULAUAN RIAU",1,167,82,249
https://kawalpemilu.org#91349,"SUNGAIBESAR, LINGGA UTARA, LINGGA, KEPULAUAN RIAU",2,117,69,186
https://kawalpemilu.org#91350,"RANTAU PANJANG, LINGGA UTARA, LINGGA, KEPULAUAN RIAU",1,84,93,177
https://kawalpemilu.org#91350,"RANTAU PANJANG, LINGGA UTARA, LINGGA, KEPULAUAN RIAU",2,109,93,202
https://kawalpemilu.org#928230,"BELUNGKUR, LINGGA UTARA, LINGGA, KEPULAUAN RIAU",1,101,63,164
https://kawalpemilu.org#928230,"BELUNGKUR, LINGGA UTARA, LINGGA, KEPULAUAN RIAU",2,147,22,169
https://kawalpemilu.org#928231,"RESUN PESISIR, LINGGA UTARA, LINGGA, KEPULAUAN RIAU",1,113,44,157
https://kawalpemilu.org#928231,"RESUN PESISIR, LINGGA UTARA, LINGGA, KEPULAUAN RIAU",2,144,93,237
https://kawalpemilu.org#928231,"RESUN PESISIR, LINGGA UTARA, LINGGA, KEPULAUAN RIAU",3,92,60,152
https://kawalpemilu.org#25737,"RAYA, SINGKEP BARAT, LINGGA, KEPULAUAN RIAU",1,64,67,131
https://kawalpemilu.org#25737,"RAYA, SINGKEP BARAT, LINGGA, KEPULAUAN RIAU",2,80,69,149
https://kawalpemilu.org#25737,"RAYA, SINGKEP BARAT, LINGGA, KEPULAUAN RIAU",3,104,70,174
https://kawalpemilu.org#25737,"RAYA, SINGKEP BARAT, LINGGA, KEPULAUAN RIAU",4,100,29,129
https://kawalpemilu.org#25737,"RAYA, SINGKEP BARAT, LINGGA, KEPULAUAN RIAU",5,99,53,152
https://kawalpemilu.org#25737,"RAYA, SINGKEP BARAT, LINGGA, KEPULAUAN RIAU",6,94,41,135
https://kawalpemilu.org#25738,"BAKONG, SINGKEP BARAT, LINGGA, KEPULAUAN RIAU",1,107,34,141
https://kawalpemilu.org#25738,"BAKONG, SINGKEP BARAT, LINGGA, KEPULAUAN RIAU",2,96,22,118
https://kawalpemilu.org#25738,"BAKONG, SINGKEP BARAT, LINGGA, KEPULAUAN RIAU",3,96,19,115
https://kawalpemilu.org#25738,"BAKONG, SINGKEP BARAT, LINGGA, KEPULAUAN RIAU",4,94,36,130
https://kawalpemilu.org#25738,"BAKONG, SINGKEP BARAT, LINGGA, KEPULAUAN RIAU",5,75,34,109
https://kawalpemilu.org#25739,"KUALA RAYA, SINGKEP BARAT, LINGGA, KEPULAUAN RIAU",1,91,79,170
https://kawalpemilu.org#25739,"KUALA RAYA, SINGKEP BARAT, LINGGA, KEPULAUAN RIAU",2,81,66,147
https://kawalpemilu.org#25739,"KUALA RAYA, SINGKEP BARAT, LINGGA, KEPULAUAN RIAU",3,76,22,98
https://kawalpemilu.org#25739,"KUALA RAYA, SINGKEP BARAT, LINGGA, KEPULAUAN RIAU",4,79,69,148
https://kawalpemilu.org#25740,"MAROK TUA, SINGKEP BARAT, LINGGA, KEPULAUAN RIAU",1,116,46,162
https://kawalpemilu.org#25740,"MAROK TUA, SINGKEP BARAT, LINGGA, KEPULAUAN RIAU",2,118,34,152
https://kawalpemilu.org#25740,"MAROK TUA, SINGKEP BARAT, LINGGA, KEPULAUAN RIAU",3,143,23,166
https://kawalpemilu.org#25740,"MAROK TUA, SINGKEP BARAT, LINGGA, KEPULAUAN RIAU",4,173,22,195
https://kawalpemilu.org#25740,"MAROK TUA, SINGKEP BARAT, LINGGA, KEPULAUAN RIAU",5,84,7,91
https://kawalpemilu.org#25740,"MAROK TUA, SINGKEP BARAT, LINGGA, KEPULAUAN RIAU",6,86,22,108
https://kawalpemilu.org#25740,"MAROK TUA, SINGKEP BARAT, LINGGA, KEPULAUAN RIAU",7,103,25,128
https://kawalpemilu.org#25740,"MAROK TUA, SINGKEP BARAT, LINGGA, KEPULAUAN RIAU",8,119,29,148
https://kawalpemilu.org#25742,"SUNGAI BULUH, SINGKEP BARAT, LINGGA, KEPULAUAN RIAU",1,84,94,174
https://kawalpemilu.org#25742,"SUNGAI BULUH, SINGKEP BARAT, LINGGA, KEPULAUAN RIAU",2,90,78,168
https://kawalpemilu.org#25742,"SUNGAI BULUH, SINGKEP BARAT, LINGGA, KEPULAUAN RIAU",3,83,56,139
https://kawalpemilu.org#25742,"SUNGAI BULUH, SINGKEP BARAT, LINGGA, KEPULAUAN RIAU",4,101,82,183
https://kawalpemilu.org#25742,"SUNGAI BULUH, SINGKEP BARAT, LINGGA, KEPULAUAN RIAU",5,145,22,167
https://kawalpemilu.org#25742,"SUNGAI BULUH, SINGKEP BARAT, LINGGA, KEPULAUAN RIAU",6,77,77,154
https://kawalpemilu.org#25743,"SUNGAIRAYA, SINGKEP BARAT, LINGGA, KEPULAUAN RIAU",1,88,45,133
https://kawalpemilu.org#25743,"SUNGAIRAYA, SINGKEP BARAT, LINGGA, KEPULAUAN RIAU",2,117,83,200
https://kawalpemilu.org#25743,"SUNGAIRAYA, SINGKEP BARAT, LINGGA, KEPULAUAN RIAU",3,100,61,161
https://kawalpemilu.org#25743,"SUNGAIRAYA, SINGKEP BARAT, LINGGA, KEPULAUAN RIAU",4,52,52,104
https://kawalpemilu.org#25744,"SUNGAIHARAPAN, SINGKEP BARAT, LINGGA, KEPULAUAN RIAU",1,133,68,201
https://kawalpemilu.org#25744,"SUNGAIHARAPAN, SINGKEP BARAT, LINGGA, KEPULAUAN RIAU",2,75,88,163
https://kawalpemilu.org#25744,"SUNGAIHARAPAN, SINGKEP BARAT, LINGGA, KEPULAUAN RIAU",3,145,86,231
https://kawalpemilu.org#25744,"SUNGAIHARAPAN, SINGKEP BARAT, LINGGA, KEPULAUAN RIAU",4,100,56,156
https://kawalpemilu.org#25745,"JAQOH, SINGKEP BARAT, LINGGA, KEPULAUAN RIAU",1,116,59,175
https://kawalpemilu.org#25745,"JAQOH, SINGKEP BARAT, LINGGA, KEPULAUAN RIAU",2,119,65,184
https://kawalpemilu.org#91356,"TINJUL, SINGKEP BARAT, LINGGA, KEPULAUAN RIAU",1,97,29,126
https://kawalpemilu.org#91356,"TINJUL, SINGKEP BARAT, LINGGA, KEPULAUAN RIAU",2,107,26,133
https://kawalpemilu.org#91356,"TINJUL, SINGKEP BARAT, LINGGA, KEPULAUAN RIAU",3,73,37,110
https://kawalpemilu.org#91356,"TINJUL, SINGKEP BARAT, LINGGA, KEPULAUAN RIAU",4,83,37,120
https://kawalpemilu.org#91357,"LANGKAP, SINGKEP BARAT, LINGGA, KEPULAUAN RIAU",1,121,36,157
https://kawalpemilu.org#91357,"LANGKAP, SINGKEP BARAT, LINGGA, KEPULAUAN RIAU",2,205,22,227
https://kawalpemilu.org#91357,"LANGKAP, SINGKEP BARAT, LINGGA, KEPULAUAN RIAU",3,63,9,72
https://kawalpemilu.org#91358,"TANJUNGIRAT, SINGKEP BARAT, LINGGA, KEPULAUAN RIAU",1,138,12,150
https://kawalpemilu.org#91358,"TANJUNGIRAT, SINGKEP BARAT, LINGGA, KEPULAUAN RIAU",2,178,13,197
https://kawalpemilu.org#91358,"TANJUNGIRAT, SINGKEP BARAT, LINGGA, KEPULAUAN RIAU",3,146,37,183
https://kawalpemilu.org#928232,"BUKITBELAH, SINGKEP BARAT, LINGGA, KEPULAUAN RIAU",1,91,46,137
https://kawalpemilu.org#928232,"BUKITBELAH, SINGKEP BARAT, LINGGA, KEPULAUAN RIAU",2,65,54,119
https://kawalpemilu.org#25687,"BERINDAT, SINGKEP PESISIR, LINGGA, KEPULAUAN RIAU",1,121,72,193
https://kawalpemilu.org#25687,"BERINDAT, SINGKEP PESISIR, LINGGA, KEPULAUAN RIAU",2,157,52,209
https://kawalpemilu.org#25688,"KOTE, SINGKEP PESISIR, LINGGA, KEPULAUAN RIAU",1,70,56,126
https://kawalpemilu.org#25688,"KOTE, SINGKEP PESISIR, LINGGA, KEPULAUAN RIAU",2,80,89,169
https://kawalpemilu.org#25688,"KOTE, SINGKEP PESISIR, LINGGA, KEPULAUAN RIAU",3,72,65,137
https://kawalpemilu.org#25688,"KOTE, SINGKEP PESISIR, LINGGA, KEPULAUAN RIAU",4,92,91,183
https://kawalpemilu.org#25689,"LANJUT, SINGKEP PESISIR, LINGGA, KEPULAUAN RIAU",1,125,81,206
https://kawalpemilu.org#25689,"LANJUT, SINGKEP PESISIR, LINGGA, KEPULAUAN RIAU",2,97,104,201
https://kawalpemilu.org#25689,"LANJUT, SINGKEP PESISIR, LINGGA, KEPULAUAN RIAU",3,91,29,120
https://kawalpemilu.org#25689,"LANJUT, SINGKEP PESISIR, LINGGA, KEPULAUAN RIAU",4,73,38,111
https://kawalpemilu.org#25695,"SEDAMAI, SINGKEP PESISIR, LINGGA, KEPULAUAN RIAU",1,98,119,217
https://kawalpemilu.org#25695,"SEDAMAI, SINGKEP PESISIR, LINGGA, KEPULAUAN RIAU",2,110,79,189
https://kawalpemilu.org#25695,"SEDAMAI, SINGKEP PESISIR, LINGGA, KEPULAUAN RIAU",3,51,64,115
https://kawalpemilu.org#928233,"PERSING, SINGKEP PESISIR, LINGGA, KEPULAUAN RIAU",1,118,27,145
https://kawalpemilu.org#928233,"PERSING, SINGKEP PESISIR, LINGGA, KEPULAUAN RIAU",2,77,43,120
https://kawalpemilu.org#928234,"PELAKAK, SINGKEP PESISIR, LINGGA, KEPULAUAN RIAU",1,108,29,137
https://kawalpemilu.org#928234,"PELAKAK, SINGKEP PESISIR, LINGGA, KEPULAUAN RIAU",2,89,43,132
https://kawalpemilu.org#25709,"KERANDIN, LINGGA TIMUR, LINGGA, KEPULAUAN RIAU",1,100,71,171
https://kawalpemilu.org#25709,"KERANDIN, LINGGA TIMUR, LINGGA, KEPULAUAN RIAU",2,111,51,162
https://kawalpemilu.org#25709,"KERANDIN, LINGGA TIMUR, LINGGA, KEPULAUAN RIAU",3,48,52,100
https://kawalpemilu.org#25710,"PEKAKA, LINGGA TIMUR, LINGGA, KEPULAUAN RIAU",1,72,61,133
https://kawalpemilu.org#25710,"PEKAKA, LINGGA TIMUR, LINGGA, KEPULAUAN RIAU",2,60,115,175
https://kawalpemilu.org#25711,"KETON, LINGGA TIMUR, LINGGA, KEPULAUAN RIAU",1,79,69,148
https://kawalpemilu.org#25712,"SEI PINANG, LINGGA TIMUR, LINGGA, KEPULAUAN RIAU",1,144,34,178
https://kawalpemilu.org#25712,"SEI PINANG, LINGGA TIMUR, LINGGA, KEPULAUAN RIAU",2,136,37,173
https://kawalpemilu.org#25712,"SEI PINANG, LINGGA TIMUR, LINGGA, KEPULAUAN RIAU",3,136,33,169
https://kawalpemilu.org#25712,"SEI PINANG, LINGGA TIMUR, LINGGA, KEPULAUAN RIAU",4,104,42,146
https://kawalpemilu.org#25714,"KUDUNG, LINGGA TIMUR, LINGGA, KEPULAUAN RIAU",1,93,50,143
https://kawalpemilu.org#25714,"KUDUNG, LINGGA TIMUR, LINGGA, KEPULAUAN RIAU",2,147,57,204
https://kawalpemilu.org#25714,"KUDUNG, LINGGA TIMUR, LINGGA, KEPULAUAN RIAU",3,135,43,178
https://kawalpemilu.org#89287,"BUKITLANGKAP, LINGGA TIMUR, LINGGA, KEPULAUAN RIAU",1,72,34,106
https://kawalpemilu.org#89287,"BUKITLANGKAP, LINGGA TIMUR, LINGGA, KEPULAUAN RIAU",2,106,18,124
https://kawalpemilu.org#25701,"PENUBA, SELAYAR, LINGGA, KEPULAUAN RIAU",1,125,94,219
https://kawalpemilu.org#25701,"PENUBA, SELAYAR, LINGGA, KEPULAUAN RIAU",2,173,33,206
https://kawalpemilu.org#25701,"PENUBA, SELAYAR, LINGGA, KEPULAUAN RIAU",3,81,142,223
https://kawalpemilu.org#25701,"PENUBA, SELAYAR, LINGGA, KEPULAUAN RIAU",4,109,66,175
https://kawalpemilu.org#25702,"SELAYAR, SELAYAR, LINGGA, KEPULAUAN RIAU",1,89,78,167
https://kawalpemilu.org#25702,"SELAYAR, SELAYAR, LINGGA, KEPULAUAN RIAU",2,97,44,141
https://kawalpemilu.org#25702,"SELAYAR, SELAYAR, LINGGA, KEPULAUAN RIAU",3,73,86,159
https://kawalpemilu.org#928236,"PENUBA TIMUR, SELAYAR, LINGGA, KEPULAUAN RIAU",1,155,41,196
https://kawalpemilu.org#928236,"PENUBA TIMUR, SELAYAR, LINGGA, KEPULAUAN RIAU",2,139,49,188
https://kawalpemilu.org#928237,"PANTAI HARAPAN, SELAYAR, LINGGA, KEPULAUAN RIAU",1,100,73,173
https://kawalpemilu.org#928237,"PANTAI HARAPAN, SELAYAR, LINGGA, KEPULAUAN RIAU",2,91,68,159
https://kawalpemilu.org#25690,"MAROK KECIL, SINGKEP SELATAN, LINGGA, KEPULAUAN RIAU",1,90,82,172
https://kawalpemilu.org#25690,"MAROK KECIL, SINGKEP SELATAN, LINGGA, KEPULAUAN RIAU",2,97,50,147
https://kawalpemilu.org#25690,"MAROK KECIL, SINGKEP SELATAN, LINGGA, KEPULAUAN RIAU",3,69,55,124
https://kawalpemilu.org#25690,"MAROK KECIL, SINGKEP SELATAN, LINGGA, KEPULAUAN RIAU",4,86,65,151
https://kawalpemilu.org#25691,"BERHALA, SINGKEP SELATAN, LINGGA, KEPULAUAN RIAU",1,47,61,108
https://kawalpemilu.org#25691,"BERHALA, SINGKEP SELATAN, LINGGA, KEPULAUAN RIAU",2,70,23,93
https://kawalpemilu.org#25691,"BERHALA, SINGKEP SELATAN, LINGGA, KEPULAUAN RIAU",3,71,44,115
https://kawalpemilu.org#931117,"RESANG, SINGKEP SELATAN, LINGGA, KEPULAUAN RIAU",1,28,89,117
https://kawalpemilu.org#931117,"RESANG, SINGKEP SELATAN, LINGGA, KEPULAUAN RIAU",2,105,126,231
https://kawalpemilu.org#931117,"RESANG, SINGKEP SELATAN, LINGGA, KEPULAUAN RIAU",3,59,59,118
https://kawalpemilu.org#25741,"POSEK, KEPULAUAN POSEK, LINGGA, KEPULAUAN RIAU",1,73,32,105
https://kawalpemilu.org#25741,"POSEK, KEPULAUAN POSEK, LINGGA, KEPULAUAN RIAU",2,142,23,165
https://kawalpemilu.org#25741,"POSEK, KEPULAUAN POSEK, LINGGA, KEPULAUAN RIAU",3,75,49,124
https://kawalpemilu.org#25741,"POSEK, KEPULAUAN POSEK, LINGGA, KEPULAUAN RIAU",4,152,24,176
https://kawalpemilu.org#25741,"POSEK, KEPULAUAN POSEK, LINGGA, KEPULAUAN RIAU",5,101,44,145
https://kawalpemilu.org#25741,"POSEK, KEPULAUAN POSEK, LINGGA, KEPULAUAN RIAU",6,58,53,111
https://kawalpemilu.org#91354,"BUSUNG PANJANG, KEPULAUAN POSEK, LINGGA, KEPULAUAN RIAU",1,121,36,157
https://kawalpemilu.org#91354,"BUSUNG PANJANG, KEPULAUAN POSEK, LINGGA, KEPULAUAN RIAU",2,100,44,144
https://kawalpemilu.org#91354,"BUSUNG PANJANG, KEPULAUAN POSEK, LINGGA, KEPULAUAN RIAU",3,99,36,135
https://kawalpemilu.org#91355,"SUAK BUAYA, KEPULAUAN POSEK, LINGGA, KEPULAUAN RIAU",1,148,28,176
https://kawalpemilu.org#91355,"SUAK BUAYA, KEPULAUAN POSEK, LINGGA, KEPULAUAN RIAU",2,194,22,216
https://kawalpemilu.org#25748,"SEKANAK RAYA, BELAKANG PADANG, KOTA BATAM, KEPULAUAN RIAU",1,147,73,220
https://kawalpemilu.org#25748,"SEKANAK RAYA, BELAKANG PADANG, KOTA BATAM, KEPULAUAN RIAU",2,100,85,185
https://kawalpemilu.org#25748,"SEKANAK RAYA, BELAKANG PADANG, KOTA BATAM, KEPULAUAN RIAU",3,81,31,112
https://kawalpemilu.org#25748,"SEKANAK RAYA, BELAKANG PADANG, KOTA BATAM, KEPULAUAN RIAU",4,153,47,200
https://kawalpemilu.org#25748,"SEKANAK RAYA, BELAKANG PADANG, KOTA BATAM, KEPULAUAN RIAU",5,147,78,225
https://kawalpemilu.org#25748,"SEKANAK RAYA, BELAKANG PADANG, KOTA BATAM, KEPULAUAN RIAU",6,121,119,240
https://kawalpemilu.org#25748,"SEKANAK RAYA, BELAKANG PADANG, KOTA BATAM, KEPULAUAN RIAU",7,83,37,120
https://kawalpemilu.org#25748,"SEKANAK RAYA, BELAKANG PADANG, KOTA BATAM, KEPULAUAN RIAU",8,94,102,196
https://kawalpemilu.org#25748,"SEKANAK RAYA, BELAKANG PADANG, KOTA BATAM, KEPULAUAN RIAU",9,108,78,186
https://kawalpemilu.org#25748,"SEKANAK RAYA, BELAKANG PADANG, KOTA BATAM, KEPULAUAN RIAU",10,53,44,97
https://kawalpemilu.org#25748,"SEKANAK RAYA, BELAKANG PADANG, KOTA BATAM, KEPULAUAN RIAU",11,70,43,113
https://kawalpemilu.org#25748,"SEKANAK RAYA, BELAKANG PADANG, KOTA BATAM, KEPULAUAN RIAU",12,87,59,146
https://kawalpemilu.org#25748,"SEKANAK RAYA, BELAKANG PADANG, KOTA BATAM, KEPULAUAN RIAU",13,90,87,177
https://kawalpemilu.org#25748,"SEKANAK RAYA, BELAKANG PADANG, KOTA BATAM, KEPULAUAN RIAU",14,110,131,241
https://kawalpemilu.org#25748,"SEKANAK RAYA, BELAKANG PADANG, KOTA BATAM, KEPULAUAN RIAU",15,93,77,170
https://kawalpemilu.org#25748,"SEKANAK RAYA, BELAKANG PADANG, KOTA BATAM, KEPULAUAN RIAU",16,127,33,160
https://kawalpemilu.org#25748,"SEKANAK RAYA, BELAKANG PADANG, KOTA BATAM, KEPULAUAN RIAU",17,90,82,172
https://kawalpemilu.org#25748,"SEKANAK RAYA, BELAKANG PADANG, KOTA BATAM, KEPULAUAN RIAU",18,97,41,138
https://kawalpemilu.org#25748,"SEKANAK RAYA, BELAKANG PADANG, KOTA BATAM, KEPULAUAN RIAU",19,114,29,143
https://kawalpemilu.org#25748,"SEKANAK RAYA, BELAKANG PADANG, KOTA BATAM, KEPULAUAN RIAU",20,60,34,94
https://kawalpemilu.org#25748,"SEKANAK RAYA, BELAKANG PADANG, KOTA BATAM, KEPULAUAN RIAU",21,109,21,130
https://kawalpemilu.org#25749,"PEMPING, BELAKANG PADANG, KOTA BATAM, KEPULAUAN RIAU",1,82,20,102
https://kawalpemilu.org#25749,"PEMPING, BELAKANG PADANG, KOTA BATAM, KEPULAUAN RIAU",2,151,52,203
https://kawalpemilu.org#25749,"PEMPING, BELAKANG PADANG, KOTA BATAM, KEPULAUAN RIAU",3,43,189,232
https://kawalpemilu.org#25750,"PULAU TERUNG, BELAKANG PADANG, KOTA BATAM, KEPULAUAN RIAU",1,126,71,197
https://kawalpemilu.org#25750,"PULAU TERUNG, BELAKANG PADANG, KOTA BATAM, KEPULAUAN RIAU",2,79,98,177
https://kawalpemilu.org#25750,"PULAU TERUNG, BELAKANG PADANG, KOTA BATAM, KEPULAUAN RIAU",3,130,81,211
https://kawalpemilu.org#25750,"PULAU TERUNG, BELAKANG PADANG, KOTA BATAM, KEPULAUAN RIAU",4,59,120,179
https://kawalpemilu.org#25750,"PULAU TERUNG, BELAKANG PADANG, KOTA BATAM, KEPULAUAN RIAU",5,77,110,187
https://kawalpemilu.org#25750,"PULAU TERUNG, BELAKANG PADANG, KOTA BATAM, KEPULAUAN RIAU",6,75,57,132
https://kawalpemilu.org#25750,"PULAU TERUNG, BELAKANG PADANG, KOTA BATAM, KEPULAUAN RIAU",7,114,64,178
https://kawalpemilu.org#25750,"PULAU TERUNG, BELAKANG PADANG, KOTA BATAM, KEPULAUAN RIAU",8,40,84,124
https://kawalpemilu.org#25750,"PULAU TERUNG, BELAKANG PADANG, KOTA BATAM, KEPULAUAN RIAU",9,106,76,182
https://kawalpemilu.org#25750,"PULAU TERUNG, BELAKANG PADANG, KOTA BATAM, KEPULAUAN RIAU",10,36,123,159
https://kawalpemilu.org#25750,"PULAU TERUNG, BELAKANG PADANG, KOTA BATAM, KEPULAUAN RIAU",11,32,30,62
https://kawalpemilu.org#25750,"PULAU TERUNG, BELAKANG PADANG, KOTA BATAM, KEPULAUAN RIAU",12,46,84,130
https://kawalpemilu.org#25751,"PECONG, BELAKANG PADANG, KOTA BATAM, KEPULAUAN RIAU",1,119,80,199
https://kawalpemilu.org#25751,"PECONG, BELAKANG PADANG, KOTA BATAM, KEPULAUAN RIAU",2,74,105,179
https://kawalpemilu.org#25751,"PECONG, BELAKANG PADANG, KOTA BATAM, KEPULAUAN RIAU",3,85,92,177
https://kawalpemilu.org#25752,"KASU, BELAKANG PADANG, KOTA BATAM, KEPULAUAN RIAU",1,109,87,196
https://kawalpemilu.org#25752,"KASU, BELAKANG PADANG, KOTA BATAM, KEPULAUAN RIAU",2,109,68,177
https://kawalpemilu.org#25752,"KASU, BELAKANG PADANG, KOTA BATAM, KEPULAUAN RIAU",3,116,66,182
https://kawalpemilu.org#25752,"KASU, BELAKANG PADANG, KOTA BATAM, KEPULAUAN RIAU",4,96,83,181
https://kawalpemilu.org#25752,"KASU, BELAKANG PADANG, KOTA BATAM, KEPULAUAN RIAU",5,89,85,174
https://kawalpemilu.org#25752,"KASU, BELAKANG PADANG, KOTA BATAM, KEPULAUAN RIAU",6,112,81,193
https://kawalpemilu.org#25752,"KASU, BELAKANG PADANG, KOTA BATAM, KEPULAUAN RIAU",7,170,62,232
https://kawalpemilu.org#25752,"KASU, BELAKANG PADANG, KOTA BATAM, KEPULAUAN RIAU",8,142,73,215
https://kawalpemilu.org#25752,"KASU, BELAKANG PADANG, KOTA BATAM, KEPULAUAN RIAU",9,123,39,162
https://kawalpemilu.org#25752,"KASU, BELAKANG PADANG, KOTA BATAM, KEPULAUAN RIAU",10,138,48,186
https://kawalpemilu.org#25752,"KASU, BELAKANG PADANG, KOTA BATAM, KEPULAUAN RIAU",11,135,16,151
https://kawalpemilu.org#25753,"TANJUNG SARI, BELAKANG PADANG, KOTA BATAM, KEPULAUAN RIAU",1,66,58,124
https://kawalpemilu.org#25753,"TANJUNG SARI, BELAKANG PADANG, KOTA BATAM, KEPULAUAN RIAU",2,116,76,192
https://kawalpemilu.org#25753,"TANJUNG SARI, BELAKANG PADANG, KOTA BATAM, KEPULAUAN RIAU",3,53,68,121
https://kawalpemilu.org#25753,"TANJUNG SARI, BELAKANG PADANG, KOTA BATAM, KEPULAUAN RIAU",4,66,58,124
https://kawalpemilu.org#25753,"TANJUNG SARI, BELAKANG PADANG, KOTA BATAM, KEPULAUAN RIAU",5,82,35,117
https://kawalpemilu.org#25753,"TANJUNG SARI, BELAKANG PADANG, KOTA BATAM, KEPULAUAN RIAU",6,91,26,117
https://kawalpemilu.org#25753,"TANJUNG SARI, BELAKANG PADANG, KOTA BATAM, KEPULAUAN RIAU",7,124,61,185
https://kawalpemilu.org#25753,"TANJUNG SARI, BELAKANG PADANG, KOTA BATAM, KEPULAUAN RIAU",10,143,71,214
https://kawalpemilu.org#25753,"TANJUNG SARI, BELAKANG PADANG, KOTA BATAM, KEPULAUAN RIAU",11,127,72,199
https://kawalpemilu.org#25753,"TANJUNG SARI, BELAKANG PADANG, KOTA BATAM, KEPULAUAN RIAU",12,90,36,126
https://kawalpemilu.org#25753,"TANJUNG SARI, BELAKANG PADANG, KOTA BATAM, KEPULAUAN RIAU",13,161,36,197
https://kawalpemilu.org#25753,"TANJUNG SARI, BELAKANG PADANG, KOTA BATAM, KEPULAUAN RIAU",14,177,56,233
https://kawalpemilu.org#25753,"TANJUNG SARI, BELAKANG PADANG, KOTA BATAM, KEPULAUAN RIAU",15,102,35,137
https://kawalpemilu.org#25753,"TANJUNG SARI, BELAKANG PADANG, KOTA BATAM, KEPULAUAN RIAU",16,89,138,227
https://kawalpemilu.org#25753,"TANJUNG SARI, BELAKANG PADANG, KOTA BATAM, KEPULAUAN RIAU",17,120,67,187
https://kawalpemilu.org#25753,"TANJUNG SARI, BELAKANG PADANG, KOTA BATAM, KEPULAUAN RIAU",18,72,88,160
https://kawalpemilu.org#25753,"TANJUNG SARI, BELAKANG PADANG, KOTA BATAM, KEPULAUAN RIAU",19,61,53,114
https://kawalpemilu.org#25755,"TANJUNG SENGKUANG, BATU AMPAR, KOTA BATAM, KEPULAUAN RIAU",1,45,107,152
https://kawalpemilu.org#25755,"TANJUNG SENGKUANG, BATU AMPAR, KOTA BATAM, KEPULAUAN RIAU",2,36,92,128
https://kawalpemilu.org#25755,"TANJUNG SENGKUANG, BATU AMPAR, KOTA BATAM, KEPULAUAN RIAU",3,64,157,221
https://kawalpemilu.org#25755,"TANJUNG SENGKUANG, BATU AMPAR, KOTA BATAM, KEPULAUAN RIAU",4,48,115,163
https://kawalpemilu.org#25755,"TANJUNG SENGKUANG, BATU AMPAR, KOTA BATAM, KEPULAUAN RIAU",5,28,77,105
https://kawalpemilu.org#25755,"TANJUNG SENGKUANG, BATU AMPAR, KOTA BATAM, KEPULAUAN RIAU",6,43,112,155
https://kawalpemilu.org#25755,"TANJUNG SENGKUANG, BATU AMPAR, KOTA BATAM, KEPULAUAN RIAU",7,38,101,139
https://kawalpemilu.org#25755,"TANJUNG SENGKUANG, BATU AMPAR, KOTA BATAM, KEPULAUAN RIAU",8,58,186,244
https://kawalpemilu.org#25755,"TANJUNG SENGKUANG, BATU AMPAR, KOTA BATAM, KEPULAUAN RIAU",9,51,73,124
https://kawalpemilu.org#25755,"TANJUNG SENGKUANG, BATU AMPAR, KOTA BATAM, KEPULAUAN RIAU",10,60,157,217
https://kawalpemilu.org#25755,"TANJUNG SENGKUANG, BATU AMPAR, KOTA BATAM, KEPULAUAN RIAU",11,96,141,237
https://kawalpemilu.org#25755,"TANJUNG SENGKUANG, BATU AMPAR, KOTA BATAM, KEPULAUAN RIAU",12,72,65,137
https://kawalpemilu.org#25755,"TANJUNG SENGKUANG, BATU AMPAR, KOTA BATAM, KEPULAUAN RIAU",13,8,82,90
https://kawalpemilu.org#25755,"TANJUNG SENGKUANG, BATU AMPAR, KOTA BATAM, KEPULAUAN RIAU",14,77,73,250
https://kawalpemilu.org#25755,"TANJUNG SENGKUANG, BATU AMPAR, KOTA BATAM, KEPULAUAN RIAU",15,46,121,167
https://kawalpemilu.org#25755,"TANJUNG SENGKUANG, BATU AMPAR, KOTA BATAM, KEPULAUAN RIAU",16,54,140,194
https://kawalpemilu.org#25755,"TANJUNG SENGKUANG, BATU AMPAR, KOTA BATAM, KEPULAUAN RIAU",17,55,67,122
https://kawalpemilu.org#25755,"TANJUNG SENGKUANG, BATU AMPAR, KOTA BATAM, KEPULAUAN RIAU",18,77,72,149
https://kawalpemilu.org#25755,"TANJUNG SENGKUANG, BATU AMPAR, KOTA BATAM, KEPULAUAN RIAU",19,47,103,150
https://kawalpemilu.org#25755,"TANJUNG SENGKUANG, BATU AMPAR, KOTA BATAM, KEPULAUAN RIAU",20,54,107,161
https://kawalpemilu.org#25755,"TANJUNG SENGKUANG, BATU AMPAR, KOTA BATAM, KEPULAUAN RIAU",21,23,105,128
https://kawalpemilu.org#25755,"TANJUNG SENGKUANG, BATU AMPAR, KOTA BATAM, KEPULAUAN RIAU",22,65,83,148
https://kawalpemilu.org#25755,"TANJUNG SENGKUANG, BATU AMPAR, KOTA BATAM, KEPULAUAN RIAU",23,89,69,158
https://kawalpemilu.org#25755,"TANJUNG SENGKUANG, BATU AMPAR, KOTA BATAM, KEPULAUAN RIAU",24,59,64,123
https://kawalpemilu.org#25755,"TANJUNG SENGKUANG, BATU AMPAR, KOTA BATAM, KEPULAUAN RIAU",25,77,57,134
https://kawalpemilu.org#25755,"TANJUNG SENGKUANG, BATU AMPAR, KOTA BATAM, KEPULAUAN RIAU",27,62,93,155
https://kawalpemilu.org#25755,"TANJUNG SENGKUANG, BATU AMPAR, KOTA BATAM, KEPULAUAN RIAU",28,109,60,169
https://kawalpemilu.org#25755,"TANJUNG SENGKUANG, BATU AMPAR, KOTA BATAM, KEPULAUAN RIAU",29,90,53,143
https://kawalpemilu.org#25755,"TANJUNG SENGKUANG, BATU AMPAR, KOTA BATAM, KEPULAUAN RIAU",30,108,97,205
https://kawalpemilu.org#25755,"TANJUNG SENGKUANG, BATU AMPAR, KOTA BATAM, KEPULAUAN RIAU",31,41,63,104
https://kawalpemilu.org#25755,"TANJUNG SENGKUANG, BATU AMPAR, KOTA BATAM, KEPULAUAN RIAU",32,51,95,146
https://kawalpemilu.org#25755,"TANJUNG SENGKUANG, BATU AMPAR, KOTA BATAM, KEPULAUAN RIAU",33,65,128,193
https://kawalpemilu.org#25755,"TANJUNG SENGKUANG, BATU AMPAR, KOTA BATAM, KEPULAUAN RIAU",34,56,102,158
https://kawalpemilu.org#25755,"TANJUNG SENGKUANG, BATU AMPAR, KOTA BATAM, KEPULAUAN RIAU",35,162,64,226
https://kawalpemilu.org#25755,"TANJUNG SENGKUANG, BATU AMPAR, KOTA BATAM, KEPULAUAN RIAU",36,64,122,186
https://kawalpemilu.org#25755,"TANJUNG SENGKUANG, BATU AMPAR, KOTA BATAM, KEPULAUAN RIAU",37,49,113,162
https://kawalpemilu.org#25755,"TANJUNG SENGKUANG, BATU AMPAR, KOTA BATAM, KEPULAUAN RIAU",38,42,69,111
https://kawalpemilu.org#25755,"TANJUNG SENGKUANG, BATU AMPAR, KOTA BATAM, KEPULAUAN RIAU",39,63,60,123
https://kawalpemilu.org#25755,"TANJUNG SENGKUANG, BATU AMPAR, KOTA BATAM, KEPULAUAN RIAU",40,65,79,144
https://kawalpemilu.org#25755,"TANJUNG SENGKUANG, BATU AMPAR, KOTA BATAM, KEPULAUAN RIAU",41,91,98,189
https://kawalpemilu.org#25755,"TANJUNG SENGKUANG, BATU AMPAR, KOTA BATAM, KEPULAUAN RIAU",42,63,111,174
https://kawalpemilu.org#25755,"TANJUNG SENGKUANG, BATU AMPAR, KOTA BATAM, KEPULAUAN RIAU",43,59,63,122
https://kawalpemilu.org#25755,"TANJUNG SENGKUANG, BATU AMPAR, KOTA BATAM, KEPULAUAN RIAU",44,81,88,169
https://kawalpemilu.org#25755,"TANJUNG SENGKUANG, BATU AMPAR, KOTA BATAM, KEPULAUAN RIAU",45,68,56,124
https://kawalpemilu.org#25755,"TANJUNG SENGKUANG, BATU AMPAR, KOTA BATAM, KEPULAUAN RIAU",46,58,54,112
https://kawalpemilu.org#25755,"TANJUNG SENGKUANG, BATU AMPAR, KOTA BATAM, KEPULAUAN RIAU",47,56,74,130
https://kawalpemilu.org#25755,"TANJUNG SENGKUANG, BATU AMPAR, KOTA BATAM, KEPULAUAN RIAU",48,115,109,224
https://kawalpemilu.org#25755,"TANJUNG SENGKUANG, BATU AMPAR, KOTA BATAM, KEPULAUAN RIAU",49,65,55,120
https://kawalpemilu.org#25755,"TANJUNG SENGKUANG, BATU AMPAR, KOTA BATAM, KEPULAUAN RIAU",50,7,62,69
https://kawalpemilu.org#25755,"TANJUNG SENGKUANG, BATU AMPAR, KOTA BATAM, KEPULAUAN RIAU",51,17,67,84
https://kawalpemilu.org#25755,"TANJUNG SENGKUANG, BATU AMPAR, KOTA BATAM, KEPULAUAN RIAU",53,69,152,221
https://kawalpemilu.org#25755,"TANJUNG SENGKUANG, BATU AMPAR, KOTA BATAM, KEPULAUAN RIAU",54,58,80,138
https://kawalpemilu.org#25755,"TANJUNG SENGKUANG, BATU AMPAR, KOTA BATAM, KEPULAUAN RIAU",55,88,97,185
https://kawalpemilu.org#25755,"TANJUNG SENGKUANG, BATU AMPAR, KOTA BATAM, KEPULAUAN RIAU",56,56,136,192
https://kawalpemilu.org#25755,"TANJUNG SENGKUANG, BATU AMPAR, KOTA BATAM, KEPULAUAN RIAU",57,75,125,200
https://kawalpemilu.org#25755,"TANJUNG SENGKUANG, BATU AMPAR, KOTA BATAM, KEPULAUAN RIAU",58,39,112,151
https://kawalpemilu.org#25755,"TANJUNG SENGKUANG, BATU AMPAR, KOTA BATAM, KEPULAUAN RIAU",59,91,141,232
https://kawalpemilu.org#25755,"TANJUNG SENGKUANG, BATU AMPAR, KOTA BATAM, KEPULAUAN RIAU",60,61,144,205
https://kawalpemilu.org#25755,"TANJUNG SENGKUANG, BATU AMPAR, KOTA BATAM, KEPULAUAN RIAU",61,62,139,201
https://kawalpemilu.org#25755,"TANJUNG SENGKUANG, BATU AMPAR, KOTA BATAM, KEPULAUAN RIAU",62,51,145,196
https://kawalpemilu.org#25755,"TANJUNG SENGKUANG, BATU AMPAR, KOTA BATAM, KEPULAUAN RIAU",63,75,137,212
https://kawalpemilu.org#25755,"TANJUNG SENGKUANG, BATU AMPAR, KOTA BATAM, KEPULAUAN RIAU",64,49,159,208
https://kawalpemilu.org#25755,"TANJUNG SENGKUANG, BATU AMPAR, KOTA BATAM, KEPULAUAN RIAU",65,59,161,220
https://kawalpemilu.org#25755,"TANJUNG SENGKUANG, BATU AMPAR, KOTA BATAM, KEPULAUAN RIAU",66,50,56,106
https://kawalpemilu.org#25755,"TANJUNG SENGKUANG, BATU AMPAR, KOTA BATAM, KEPULAUAN RIAU",67,68,127,195
https://kawalpemilu.org#25755,"TANJUNG SENGKUANG, BATU AMPAR, KOTA BATAM, KEPULAUAN RIAU",68,59,120,179
https://kawalpemilu.org#25755,"TANJUNG SENGKUANG, BATU AMPAR, KOTA BATAM, KEPULAUAN RIAU",69,49,46,95
https://kawalpemilu.org#25755,"TANJUNG SENGKUANG, BATU AMPAR, KOTA BATAM, KEPULAUAN RIAU",70,65,47,112
https://kawalpemilu.org#25755,"TANJUNG SENGKUANG, BATU AMPAR, KOTA BATAM, KEPULAUAN RIAU",71,81,118,199
https://kawalpemilu.org#25755,"TANJUNG SENGKUANG, BATU AMPAR, KOTA BATAM, KEPULAUAN RIAU",72,41,103,144
https://kawalpemilu.org#25755,"TANJUNG SENGKUANG, BATU AMPAR, KOTA BATAM, KEPULAUAN RIAU",73,76,132,208
https://kawalpemilu.org#25755,"TANJUNG SENGKUANG, BATU AMPAR, KOTA BATAM, KEPULAUAN RIAU",74,82,75,157
https://kawalpemilu.org#25755,"TANJUNG SENGKUANG, BATU AMPAR, KOTA BATAM, KEPULAUAN RIAU",75,40,69,109
https://kawalpemilu.org#25755,"TANJUNG SENGKUANG, BATU AMPAR, KOTA BATAM, KEPULAUAN RIAU",76,49,84,133
https://kawalpemilu.org#25755,"TANJUNG SENGKUANG, BATU AMPAR, KOTA BATAM, KEPULAUAN RIAU",77,55,197,252
https://kawalpemilu.org#25755,"TANJUNG SENGKUANG, BATU AMPAR, KOTA BATAM, KEPULAUAN RIAU",78,38,43,81
https://kawalpemilu.org#25755,"TANJUNG SENGKUANG, BATU AMPAR, KOTA BATAM, KEPULAUAN RIAU",79,66,133,199
https://kawalpemilu.org#25755,"TANJUNG SENGKUANG, BATU AMPAR, KOTA BATAM, KEPULAUAN RIAU",80,102,112,214
https://kawalpemilu.org#25755,"TANJUNG SENGKUANG, BATU AMPAR, KOTA BATAM, KEPULAUAN RIAU",81,57,51,108
https://kawalpemilu.org#25755,"TANJUNG SENGKUANG, BATU AMPAR, KOTA BATAM, KEPULAUAN RIAU",82,81,157,238
https://kawalpemilu.org#25755,"TANJUNG SENGKUANG, BATU AMPAR, KOTA BATAM, KEPULAUAN RIAU",83,79,112,191
https://kawalpemilu.org#25755,"TANJUNG SENGKUANG, BATU AMPAR, KOTA BATAM, KEPULAUAN RIAU",84,72,65,137
https://kawalpemilu.org#25755,"TANJUNG SENGKUANG, BATU AMPAR, KOTA BATAM, KEPULAUAN RIAU",85,33,53,86
https://kawalpemilu.org#25756,"SUNGAI JODOH, BATU AMPAR, KOTA BATAM, KEPULAUAN RIAU",1,161,20,181
https://kawalpemilu.org#25756,"SUNGAI JODOH, BATU AMPAR, KOTA BATAM, KEPULAUAN RIAU",3,148,46,194
https://kawalpemilu.org#25756,"SUNGAI JODOH, BATU AMPAR, KOTA BATAM, KEPULAUAN RIAU",5,108,50,158
https://kawalpemilu.org#25756,"SUNGAI JODOH, BATU AMPAR, KOTA BATAM, KEPULAUAN RIAU",6,42,105,147
https://kawalpemilu.org#25756,"SUNGAI JODOH, BATU AMPAR, KOTA BATAM, KEPULAUAN RIAU",9,80,107,187
https://kawalpemilu.org#25756,"SUNGAI JODOH, BATU AMPAR, KOTA BATAM, KEPULAUAN RIAU",10,96,92,188
https://kawalpemilu.org#25756,"SUNGAI JODOH, BATU AMPAR, KOTA BATAM, KEPULAUAN RIAU",19,99,24,123
https://kawalpemilu.org#25756,"SUNGAI JODOH, BATU AMPAR, KOTA BATAM, KEPULAUAN RIAU",20,127,25,152
https://kawalpemilu.org#25756,"SUNGAI JODOH, BATU AMPAR, KOTA BATAM, KEPULAUAN RIAU",21,127,25,152
https://kawalpemilu.org#25756,"SUNGAI JODOH, BATU AMPAR, KOTA BATAM, KEPULAUAN RIAU",25,237,35,272
https://kawalpemilu.org#25756,"SUNGAI JODOH, BATU AMPAR, KOTA BATAM, KEPULAUAN RIAU",27,122,39,161
https://kawalpemilu.org#25756,"SUNGAI JODOH, BATU AMPAR, KOTA BATAM, KEPULAUAN RIAU",28,103,24,127
https://kawalpemilu.org#25756,"SUNGAI JODOH, BATU AMPAR, KOTA BATAM, KEPULAUAN RIAU",41,33,21,54
https://kawalpemilu.org#25756,"SUNGAI JODOH, BATU AMPAR, KOTA BATAM, KEPULAUAN RIAU",45,105,49,154
https://kawalpemilu.org#25756,"SUNGAI JODOH, BATU AMPAR, KOTA BATAM, KEPULAUAN RIAU",46,85,30,115
https://kawalpemilu.org#25756,"SUNGAI JODOH, BATU AMPAR, KOTA BATAM, KEPULAUAN RIAU",53,101,54,155
https://kawalpemilu.org#25756,"SUNGAI JODOH, BATU AMPAR, KOTA BATAM, KEPULAUAN RIAU",55,103,83,186
https://kawalpemilu.org#25756,"SUNGAI JODOH, BATU AMPAR, KOTA BATAM, KEPULAUAN RIAU",57,79,17,96
https://kawalpemilu.org#25757,"BATU  MERAH, BATU AMPAR, KOTA BATAM, KEPULAUAN RIAU",1,72,133,205
https://kawalpemilu.org#25757,"BATU  MERAH, BATU AMPAR, KOTA BATAM, KEPULAUAN RIAU",2,47,78,125
https://kawalpemilu.org#25757,"BATU  MERAH, BATU AMPAR, KOTA BATAM, KEPULAUAN RIAU",3,72,155,227
https://kawalpemilu.org#25757,"BATU  MERAH, BATU AMPAR, KOTA BATAM, KEPULAUAN RIAU",4,81,126,207
https://kawalpemilu.org#25757,"BATU  MERAH, BATU AMPAR, KOTA BATAM, KEPULAUAN RIAU",5,67,105,172
https://kawalpemilu.org#25757,"BATU  MERAH, BATU AMPAR, KOTA BATAM, KEPULAUAN RIAU",6,59,129,188
https://kawalpemilu.org#25757,"BATU  MERAH, BATU AMPAR, KOTA BATAM, KEPULAUAN RIAU",8,77,41,118
https://kawalpemilu.org#25757,"BATU  MERAH, BATU AMPAR, KOTA BATAM, KEPULAUAN RIAU",9,101,21,122
https://kawalpemilu.org#25757,"BATU  MERAH, BATU AMPAR, KOTA BATAM, KEPULAUAN RIAU",10,110,110,220
https://kawalpemilu.org#25757,"BATU  MERAH, BATU AMPAR, KOTA BATAM, KEPULAUAN RIAU",11,91,116,207
https://kawalpemilu.org#25757,"BATU  MERAH, BATU AMPAR, KOTA BATAM, KEPULAUAN RIAU",12,58,102,160
https://kawalpemilu.org#25757,"BATU  MERAH, BATU AMPAR, KOTA BATAM, KEPULAUAN RIAU",15,54,113,167
https://kawalpemilu.org#25757,"BATU  MERAH, BATU AMPAR, KOTA BATAM, KEPULAUAN RIAU",17,52,99,151
https://kawalpemilu.org#25757,"BATU  MERAH, BATU AMPAR, KOTA BATAM, KEPULAUAN RIAU",18,60,133,193
https://kawalpemilu.org#25757,"BATU  MERAH, BATU AMPAR, KOTA BATAM, KEPULAUAN RIAU",19,40,33,73
https://kawalpemilu.org#25757,"BATU  MERAH, BATU AMPAR, KOTA BATAM, KEPULAUAN RIAU",21,64,145,209
https://kawalpemilu.org#25758,"KAMPUNG SERAYA, BATU AMPAR, KOTA BATAM, KEPULAUAN RIAU",2,128,68,196
https://kawalpemilu.org#25758,"KAMPUNG SERAYA, BATU AMPAR, KOTA BATAM, KEPULAUAN RIAU",3,120,72,192
https://kawalpemilu.org#25758,"KAMPUNG SERAYA, BATU AMPAR, KOTA BATAM, KEPULAUAN RIAU",5,140,49,189
https://kawalpemilu.org#25758,"KAMPUNG SERAYA, BATU AMPAR, KOTA BATAM, KEPULAUAN RIAU",7,134,60,194
https://kawalpemilu.org#25758,"KAMPUNG SERAYA, BATU AMPAR, KOTA BATAM, KEPULAUAN RIAU",8,69,12,81
https://kawalpemilu.org#25758,"KAMPUNG SERAYA, BATU AMPAR, KOTA BATAM, KEPULAUAN RIAU",9,73,26,199
https://kawalpemilu.org#25758,"KAMPUNG SERAYA, BATU AMPAR, KOTA BATAM, KEPULAUAN RIAU",10,113,92,205
https://kawalpemilu.org#25758,"KAMPUNG SERAYA, BATU AMPAR, KOTA BATAM, KEPULAUAN RIAU",11,0,0,0
https://kawalpemilu.org#25758,"KAMPUNG SERAYA, BATU AMPAR, KOTA BATAM, KEPULAUAN RIAU",12,53,75,126
https://kawalpemilu.org#25758,"KAMPUNG SERAYA, BATU AMPAR, KOTA BATAM, KEPULAUAN RIAU",14,63,92,155
https://kawalpemilu.org#25758,"KAMPUNG SERAYA, BATU AMPAR, KOTA BATAM, KEPULAUAN RIAU",15,60,62,122
https://kawalpemilu.org#25758,"KAMPUNG SERAYA, BATU AMPAR, KOTA BATAM, KEPULAUAN RIAU",16,107,105,212
https://kawalpemilu.org#25758,"KAMPUNG SERAYA, BATU AMPAR, KOTA BATAM, KEPULAUAN RIAU",17,89,76,165
https://kawalpemilu.org#25758,"KAMPUNG SERAYA, BATU AMPAR, KOTA BATAM, KEPULAUAN RIAU",18,82,65,147
https://kawalpemilu.org#25758,"KAMPUNG SERAYA, BATU AMPAR, KOTA BATAM, KEPULAUAN RIAU",21,38,62,100
https://kawalpemilu.org#25758,"KAMPUNG SERAYA, BATU AMPAR, KOTA BATAM, KEPULAUAN RIAU",22,134,57,191
https://kawalpemilu.org#25758,"KAMPUNG SERAYA, BATU AMPAR, KOTA BATAM, KEPULAUAN RIAU",23,78,55,133
https://kawalpemilu.org#25758,"KAMPUNG SERAYA, BATU AMPAR, KOTA BATAM, KEPULAUAN RIAU",24,41,54,95
https://kawalpemilu.org#25758,"KAMPUNG SERAYA, BATU AMPAR, KOTA BATAM, KEPULAUAN RIAU",26,33,23,58
https://kawalpemilu.org#25758,"KAMPUNG SERAYA, BATU AMPAR, KOTA BATAM, KEPULAUAN RIAU",27,71,117,188
https://kawalpemilu.org#25758,"KAMPUNG SERAYA, BATU AMPAR, KOTA BATAM, KEPULAUAN RIAU",29,83,39,122
https://kawalpemilu.org#25758,"KAMPUNG SERAYA, BATU AMPAR, KOTA BATAM, KEPULAUAN RIAU",31,14,23,37
https://kawalpemilu.org#25758,"KAMPUNG SERAYA, BATU AMPAR, KOTA BATAM, KEPULAUAN RIAU",32,102,99,201
https://kawalpemilu.org#25758,"KAMPUNG SERAYA, BATU AMPAR, KOTA BATAM, KEPULAUAN RIAU",33,38,12,50
https://kawalpemilu.org#25760,"TANJUNG RIAU, SEKUPANG, KOTA BATAM, KEPULAUAN RIAU",1,84,102,186
https://kawalpemilu.org#25760,"TANJUNG RIAU, SEKUPANG, KOTA BATAM, KEPULAUAN RIAU",2,88,193,281
https://kawalpemilu.org#25760,"TANJUNG RIAU, SEKUPANG, KOTA BATAM, KEPULAUAN RIAU",3,81,167,248
https://kawalpemilu.org#25760,"TANJUNG RIAU, SEKUPANG, KOTA BATAM, KEPULAUAN RIAU",4,101,165,266
https://kawalpemilu.org#25760,"TANJUNG RIAU, SEKUPANG, KOTA BATAM, KEPULAUAN RIAU",7,77,149,226
https://kawalpemilu.org#25760,"TANJUNG RIAU, SEKUPANG, KOTA BATAM, KEPULAUAN RIAU",8,83,145,228
https://kawalpemilu.org#25760,"TANJUNG RIAU, SEKUPANG, KOTA BATAM, KEPULAUAN RIAU",9,76,171,247
https://kawalpemilu.org#25760,"TANJUNG RIAU, SEKUPANG, KOTA BATAM, KEPULAUAN RIAU",10,132,107,239
https://kawalpemilu.org#25760,"TANJUNG RIAU, SEKUPANG, KOTA BATAM, KEPULAUAN RIAU",11,50,24,74
https://kawalpemilu.org#25760,"TANJUNG RIAU, SEKUPANG, KOTA BATAM, KEPULAUAN RIAU",12,112,49,161
https://kawalpemilu.org#25760,"TANJUNG RIAU, SEKUPANG, KOTA BATAM, KEPULAUAN RIAU",13,148,38,186
https://kawalpemilu.org#25760,"TANJUNG RIAU, SEKUPANG, KOTA BATAM, KEPULAUAN RIAU",14,134,98,232
https://kawalpemilu.org#25760,"TANJUNG RIAU, SEKUPANG, KOTA BATAM, KEPULAUAN RIAU",15,107,164,271
https://kawalpemilu.org#25760,"TANJUNG RIAU, SEKUPANG, KOTA BATAM, KEPULAUAN RIAU",16,70,134,204
https://kawalpemilu.org#25760,"TANJUNG RIAU, SEKUPANG, KOTA BATAM, KEPULAUAN RIAU",17,96,163,259
https://kawalpemilu.org#25760,"TANJUNG RIAU, SEKUPANG, KOTA BATAM, KEPULAUAN RIAU",18,101,143,244
https://kawalpemilu.org#25760,"TANJUNG RIAU, SEKUPANG, KOTA BATAM, KEPULAUAN RIAU",19,114,144,258
https://kawalpemilu.org#25760,"TANJUNG RIAU, SEKUPANG, KOTA BATAM, KEPULAUAN RIAU",20,101,106,207
https://kawalpemilu.org#25760,"TANJUNG RIAU, SEKUPANG, KOTA BATAM, KEPULAUAN RIAU",21,117,109,226
https://kawalpemilu.org#25760,"TANJUNG RIAU, SEKUPANG, KOTA BATAM, KEPULAUAN RIAU",22,82,169,251
https://kawalpemilu.org#25760,"TANJUNG RIAU, SEKUPANG, KOTA BATAM, KEPULAUAN RIAU",24,84,171,255
https://kawalpemilu.org#25760,"TANJUNG RIAU, SEKUPANG, KOTA BATAM, KEPULAUAN RIAU",25,54,141,195
https://kawalpemilu.org#25760,"TANJUNG RIAU, SEKUPANG, KOTA BATAM, KEPULAUAN RIAU",26,67,137,204
https://kawalpemilu.org#25760,"TANJUNG RIAU, SEKUPANG, KOTA BATAM, KEPULAUAN RIAU",27,12,87,99
https://kawalpemilu.org#25760,"TANJUNG RIAU, SEKUPANG, KOTA BATAM, KEPULAUAN RIAU",28,116,130,246
https://kawalpemilu.org#25760,"TANJUNG RIAU, SEKUPANG, KOTA BATAM, KEPULAUAN RIAU",29,62,85,147
https://kawalpemilu.org#25760,"TANJUNG RIAU, SEKUPANG, KOTA BATAM, KEPULAUAN RIAU",30,88,157,245
https://kawalpemilu.org#25760,"TANJUNG RIAU, SEKUPANG, KOTA BATAM, KEPULAUAN RIAU",31,66,123,189
https://kawalpemilu.org#25760,"TANJUNG RIAU, SEKUPANG, KOTA BATAM, KEPULAUAN RIAU",32,77,138,215
https://kawalpemilu.org#25760,"TANJUNG RIAU, SEKUPANG, KOTA BATAM, KEPULAUAN RIAU",33,102,169,271
https://kawalpemilu.org#25760,"TANJUNG RIAU, SEKUPANG, KOTA BATAM, KEPULAUAN RIAU",34,95,129,224
https://kawalpemilu.org#25760,"TANJUNG RIAU, SEKUPANG, KOTA BATAM, KEPULAUAN RIAU",36,77,69,146
https://kawalpemilu.org#25760,"TANJUNG RIAU, SEKUPANG, KOTA BATAM, KEPULAUAN RIAU",37,64,188,252
https://kawalpemilu.org#25760,"TANJUNG RIAU, SEKUPANG, KOTA BATAM, KEPULAUAN RIAU",38,40,108,148
https://kawalpemilu.org#25760,"TANJUNG RIAU, SEKUPANG, KOTA BATAM, KEPULAUAN RIAU",39,148,84,232
https://kawalpemilu.org#25760,"TANJUNG RIAU, SEKUPANG, KOTA BATAM, KEPULAUAN RIAU",40,134,128,262
https://kawalpemilu.org#25760,"TANJUNG RIAU, SEKUPANG, KOTA BATAM, KEPULAUAN RIAU",41,77,87,164
https://kawalpemilu.org#25760,"TANJUNG RIAU, SEKUPANG, KOTA BATAM, KEPULAUAN RIAU",42,122,126,248
https://kawalpemilu.org#25760,"TANJUNG RIAU, SEKUPANG, KOTA BATAM, KEPULAUAN RIAU",43,85,90,175
https://kawalpemilu.org#25760,"TANJUNG RIAU, SEKUPANG, KOTA BATAM, KEPULAUAN RIAU",44,106,109,215
https://kawalpemilu.org#25760,"TANJUNG RIAU, SEKUPANG, KOTA BATAM, KEPULAUAN RIAU",45,94,153,253
https://kawalpemilu.org#25760,"TANJUNG RIAU, SEKUPANG, KOTA BATAM, KEPULAUAN RIAU",46,71,99,170
https://kawalpemilu.org#25760,"TANJUNG RIAU, SEKUPANG, KOTA BATAM, KEPULAUAN RIAU",47,103,125,228
https://kawalpemilu.org#25760,"TANJUNG RIAU, SEKUPANG, KOTA BATAM, KEPULAUAN RIAU",48,49,178,227
https://kawalpemilu.org#25760,"TANJUNG RIAU, SEKUPANG, KOTA BATAM, KEPULAUAN RIAU",49,86,109,195
https://kawalpemilu.org#25760,"TANJUNG RIAU, SEKUPANG, KOTA BATAM, KEPULAUAN RIAU",50,109,120,229
https://kawalpemilu.org#25760,"TANJUNG RIAU, SEKUPANG, KOTA BATAM, KEPULAUAN RIAU",51,90,154,244
https://kawalpemilu.org#25760,"TANJUNG RIAU, SEKUPANG, KOTA BATAM, KEPULAUAN RIAU",52,77,122,199
https://kawalpemilu.org#25760,"TANJUNG RIAU, SEKUPANG, KOTA BATAM, KEPULAUAN RIAU",53,109,149,258
https://kawalpemilu.org#25760,"TANJUNG RIAU, SEKUPANG, KOTA BATAM, KEPULAUAN RIAU",54,98,117,215
https://kawalpemilu.org#25760,"TANJUNG RIAU, SEKUPANG, KOTA BATAM, KEPULAUAN RIAU",55,78,58,136
https://kawalpemilu.org#25760,"TANJUNG RIAU, SEKUPANG, KOTA BATAM, KEPULAUAN RIAU",56,85,167,252
https://kawalpemilu.org#25760,"TANJUNG RIAU, SEKUPANG, KOTA BATAM, KEPULAUAN RIAU",57,73,87,160
https://kawalpemilu.org#25760,"TANJUNG RIAU, SEKUPANG, KOTA BATAM, KEPULAUAN RIAU",58,94,100,194
https://kawalpemilu.org#25760,"TANJUNG RIAU, SEKUPANG, KOTA BATAM, KEPULAUAN RIAU",59,50,84,134
https://kawalpemilu.org#25761,"TIBAN INDAH, SEKUPANG, KOTA BATAM, KEPULAUAN RIAU",1,87,137,224
https://kawalpemilu.org#25761,"TIBAN INDAH, SEKUPANG, KOTA BATAM, KEPULAUAN RIAU",2,70,48,118
https://kawalpemilu.org#25761,"TIBAN INDAH, SEKUPANG, KOTA BATAM, KEPULAUAN RIAU",3,69,129,198
https://kawalpemilu.org#25761,"TIBAN INDAH, SEKUPANG, KOTA BATAM, KEPULAUAN RIAU",4,68,163,231
https://kawalpemilu.org#25761,"TIBAN INDAH, SEKUPANG, KOTA BATAM, KEPULAUAN RIAU",5,94,134,228
https://kawalpemilu.org#25761,"TIBAN INDAH, SEKUPANG, KOTA BATAM, KEPULAUAN RIAU",6,98,41,139
https://kawalpemilu.org#25761,"TIBAN INDAH, SEKUPANG, KOTA BATAM, KEPULAUAN RIAU",7,83,93,176
https://kawalpemilu.org#25761,"TIBAN INDAH, SEKUPANG, KOTA BATAM, KEPULAUAN RIAU",8,59,80,139
https://kawalpemilu.org#25761,"TIBAN INDAH, SEKUPANG, KOTA BATAM, KEPULAUAN RIAU",9,104,123,228
https://kawalpemilu.org#25761,"TIBAN INDAH, SEKUPANG, KOTA BATAM, KEPULAUAN RIAU",10,49,65,114
https://kawalpemilu.org#25761,"TIBAN INDAH, SEKUPANG, KOTA BATAM, KEPULAUAN RIAU",11,110,122,232
https://kawalpemilu.org#25761,"TIBAN INDAH, SEKUPANG, KOTA BATAM, KEPULAUAN RIAU",12,62,81,143
https://kawalpemilu.org#25761,"TIBAN INDAH, SEKUPANG, KOTA BATAM, KEPULAUAN RIAU",13,141,12,153
https://kawalpemilu.org#25761,"TIBAN INDAH, SEKUPANG, KOTA BATAM, KEPULAUAN RIAU",14,69,79,148
https://kawalpemilu.org#25761,"TIBAN INDAH, SEKUPANG, KOTA BATAM, KEPULAUAN RIAU",15,63,146,209
https://kawalpemilu.org#25761,"TIBAN INDAH, SEKUPANG, KOTA BATAM, KEPULAUAN RIAU",16,88,113,201
https://kawalpemilu.org#25761,"TIBAN INDAH, SEKUPANG, KOTA BATAM, KEPULAUAN RIAU",17,74,58,132
https://kawalpemilu.org#25761,"TIBAN INDAH, SEKUPANG, KOTA BATAM, KEPULAUAN RIAU",18,45,109,154
https://kawalpemilu.org#25761,"TIBAN INDAH, SEKUPANG, KOTA BATAM, KEPULAUAN RIAU",20,40,118,158
https://kawalpemilu.org#25761,"TIBAN INDAH, SEKUPANG, KOTA BATAM, KEPULAUAN RIAU",22,87,90,177
https://kawalpemilu.org#25761,"TIBAN INDAH, SEKUPANG, KOTA BATAM, KEPULAUAN RIAU",23,135,108,243
https://kawalpemilu.org#25761,"TIBAN INDAH, SEKUPANG, KOTA BATAM, KEPULAUAN RIAU",24,94,71,165
https://kawalpemilu.org#25761,"TIBAN INDAH, SEKUPANG, KOTA BATAM, KEPULAUAN RIAU",25,87,50,137
https://kawalpemilu.org#25761,"TIBAN INDAH, SEKUPANG, KOTA BATAM, KEPULAUAN RIAU",26,70,117,187
https://kawalpemilu.org#25761,"TIBAN INDAH, SEKUPANG, KOTA BATAM, KEPULAUAN RIAU",28,62,89,151
https://kawalpemilu.org#25761,"TIBAN INDAH, SEKUPANG, KOTA BATAM, KEPULAUAN RIAU",29,56,111,167
https://kawalpemilu.org#25761,"TIBAN INDAH, SEKUPANG, KOTA BATAM, KEPULAUAN RIAU",30,74,42,116
https://kawalpemilu.org#25761,"TIBAN INDAH, SEKUPANG, KOTA BATAM, KEPULAUAN RIAU",31,77,105,182
https://kawalpemilu.org#25761,"TIBAN INDAH, SEKUPANG, KOTA BATAM, KEPULAUAN RIAU",32,52,80,132
https://kawalpemilu.org#25761,"TIBAN INDAH, SEKUPANG, KOTA BATAM, KEPULAUAN RIAU",33,55,56,111
https://kawalpemilu.org#25761,"TIBAN INDAH, SEKUPANG, KOTA BATAM, KEPULAUAN RIAU",34,38,65,103
https://kawalpemilu.org#25761,"TIBAN INDAH, SEKUPANG, KOTA BATAM, KEPULAUAN RIAU",35,91,142,233
https://kawalpemilu.org#25761,"TIBAN INDAH, SEKUPANG, KOTA BATAM, KEPULAUAN RIAU",36,91,93,184
https://kawalpemilu.org#25761,"TIBAN INDAH, SEKUPANG, KOTA BATAM, KEPULAUAN RIAU",37,132,138,270
https://kawalpemilu.org#25761,"TIBAN INDAH, SEKUPANG, KOTA BATAM, KEPULAUAN RIAU",38,64,114,178
https://kawalpemilu.org#25761,"TIBAN INDAH, SEKUPANG, KOTA BATAM, KEPULAUAN RIAU",39,98,92,190
https://kawalpemilu.org#25761,"TIBAN INDAH, SEKUPANG, KOTA BATAM, KEPULAUAN RIAU",40,71,131,202
https://kawalpemilu.org#25761,"TIBAN INDAH, SEKUPANG, KOTA BATAM, KEPULAUAN RIAU",41,57,112,169
https://kawalpemilu.org#25761,"TIBAN INDAH, SEKUPANG, KOTA BATAM, KEPULAUAN RIAU",42,67,121,188
https://kawalpemilu.org#25761,"TIBAN INDAH, SEKUPANG, KOTA BATAM, KEPULAUAN RIAU",43,82,107,189
https://kawalpemilu.org#25761,"TIBAN INDAH, SEKUPANG, KOTA BATAM, KEPULAUAN RIAU",44,82,121,203
https://kawalpemilu.org#25761,"TIBAN INDAH, SEKUPANG, KOTA BATAM, KEPULAUAN RIAU",45,112,121,233
https://kawalpemilu.org#25761,"TIBAN INDAH, SEKUPANG, KOTA BATAM, KEPULAUAN RIAU",46,97,135,0
https://kawalpemilu.org#25761,"TIBAN INDAH, SEKUPANG, KOTA BATAM, KEPULAUAN RIAU",47,107,85,192
https://kawalpemilu.org#25761,"TIBAN INDAH, SEKUPANG, KOTA BATAM, KEPULAUAN RIAU",48,42,103,145
https://kawalpemilu.org#25761,"TIBAN INDAH, SEKUPANG, KOTA BATAM, KEPULAUAN RIAU",49,96,98,194
https://kawalpemilu.org#25761,"TIBAN INDAH, SEKUPANG, KOTA BATAM, KEPULAUAN RIAU",50,57,119,176
https://kawalpemilu.org#25761,"TIBAN INDAH, SEKUPANG, KOTA BATAM, KEPULAUAN RIAU",51,60,110,170
https://kawalpemilu.org#25761,"TIBAN INDAH, SEKUPANG, KOTA BATAM, KEPULAUAN RIAU",52,80,67,147
https://kawalpemilu.org#25761,"TIBAN INDAH, SEKUPANG, KOTA BATAM, KEPULAUAN RIAU",53,92,102,194
https://kawalpemilu.org#25761,"TIBAN INDAH, SEKUPANG, KOTA BATAM, KEPULAUAN RIAU",54,68,126,194
https://kawalpemilu.org#25761,"TIBAN INDAH, SEKUPANG, KOTA BATAM, KEPULAUAN RIAU",55,104,7,111
https://kawalpemilu.org#25761,"TIBAN INDAH, SEKUPANG, KOTA BATAM, KEPULAUAN RIAU",56,46,107,153
https://kawalpemilu.org#25761,"TIBAN INDAH, SEKUPANG, KOTA BATAM, KEPULAUAN RIAU",57,36,50,86
https://kawalpemilu.org#25761,"TIBAN INDAH, SEKUPANG, KOTA BATAM, KEPULAUAN RIAU",58,140,71,211
https://kawalpemilu.org#25761,"TIBAN INDAH, SEKUPANG, KOTA BATAM, KEPULAUAN RIAU",59,57,87,144
https://kawalpemilu.org#25761,"TIBAN INDAH, SEKUPANG, KOTA BATAM, KEPULAUAN RIAU",60,64,68,132
https://kawalpemilu.org#25761,"TIBAN INDAH, SEKUPANG, KOTA BATAM, KEPULAUAN RIAU",61,78,144,222
https://kawalpemilu.org#25761,"TIBAN INDAH, SEKUPANG, KOTA BATAM, KEPULAUAN RIAU",62,66,102,168
https://kawalpemilu.org#25761,"TIBAN INDAH, SEKUPANG, KOTA BATAM, KEPULAUAN RIAU",63,60,75,135
https://kawalpemilu.org#25761,"TIBAN INDAH, SEKUPANG, KOTA BATAM, KEPULAUAN RIAU",64,59,70,129
https://kawalpemilu.org#25762,"PATAM LESTARI, SEKUPANG, KOTA BATAM, KEPULAUAN RIAU",2,87,155,242
https://kawalpemilu.org#25762,"PATAM LESTARI, SEKUPANG, KOTA BATAM, KEPULAUAN RIAU",4,92,171,263
https://kawalpemilu.org#25762,"PATAM LESTARI, SEKUPANG, KOTA BATAM, KEPULAUAN RIAU",7,126,138,264
https://kawalpemilu.org#25762,"PATAM LESTARI, SEKUPANG, KOTA BATAM, KEPULAUAN RIAU",9,76,146,222
https://kawalpemilu.org#25762,"PATAM LESTARI, SEKUPANG, KOTA BATAM, KEPULAUAN RIAU",10,97,124,221
https://kawalpemilu.org#25762,"PATAM LESTARI, SEKUPANG, KOTA BATAM, KEPULAUAN RIAU",11,79,152,231
https://kawalpemilu.org#25762,"PATAM LESTARI, SEKUPANG, KOTA BATAM, KEPULAUAN RIAU",12,80,122,202
https://kawalpemilu.org#25762,"PATAM LESTARI, SEKUPANG, KOTA BATAM, KEPULAUAN RIAU",13,122,100,222
https://kawalpemilu.org#25762,"PATAM LESTARI, SEKUPANG, KOTA BATAM, KEPULAUAN RIAU",14,80,119,199
https://kawalpemilu.org#25762,"PATAM LESTARI, SEKUPANG, KOTA BATAM, KEPULAUAN RIAU",15,97,163,260
https://kawalpemilu.org#25762,"PATAM LESTARI, SEKUPANG, KOTA BATAM, KEPULAUAN RIAU",16,78,99,177
https://kawalpemilu.org#25762,"PATAM LESTARI, SEKUPANG, KOTA BATAM, KEPULAUAN RIAU",17,93,157,250
https://kawalpemilu.org#25762,"PATAM LESTARI, SEKUPANG, KOTA BATAM, KEPULAUAN RIAU",18,68,152,220
https://kawalpemilu.org#25762,"PATAM LESTARI, SEKUPANG, KOTA BATAM, KEPULAUAN RIAU",20,102,130,232
https://kawalpemilu.org#25762,"PATAM LESTARI, SEKUPANG, KOTA BATAM, KEPULAUAN RIAU",21,184,73,257
https://kawalpemilu.org#25762,"PATAM LESTARI, SEKUPANG, KOTA BATAM, KEPULAUAN RIAU",22,97,127,224
https://kawalpemilu.org#25762,"PATAM LESTARI, SEKUPANG, KOTA BATAM, KEPULAUAN RIAU",23,119,143,262
https://kawalpemilu.org#25762,"PATAM LESTARI, SEKUPANG, KOTA BATAM, KEPULAUAN RIAU",24,107,103,210
https://kawalpemilu.org#25762,"PATAM LESTARI, SEKUPANG, KOTA BATAM, KEPULAUAN RIAU",25,62,180,242
https://kawalpemilu.org#25762,"PATAM LESTARI, SEKUPANG, KOTA BATAM, KEPULAUAN RIAU",26,68,150,218
https://kawalpemilu.org#25762,"PATAM LESTARI, SEKUPANG, KOTA BATAM, KEPULAUAN RIAU",27,90,152,242
https://kawalpemilu.org#25762,"PATAM LESTARI, SEKUPANG, KOTA BATAM, KEPULAUAN RIAU",28,81,137,218
https://kawalpemilu.org#25762,"PATAM LESTARI, SEKUPANG, KOTA BATAM, KEPULAUAN RIAU",29,96,103,199
https://kawalpemilu.org#25762,"PATAM LESTARI, SEKUPANG, KOTA BATAM, KEPULAUAN RIAU",30,58,93,151
https://kawalpemilu.org#25762,"PATAM LESTARI, SEKUPANG, KOTA BATAM, KEPULAUAN RIAU",31,57,120,177
https://kawalpemilu.org#25762,"PATAM LESTARI, SEKUPANG, KOTA BATAM, KEPULAUAN RIAU",32,74,114,188
https://kawalpemilu.org#25762,"PATAM LESTARI, SEKUPANG, KOTA BATAM, KEPULAUAN RIAU",33,93,154,247
https://kawalpemilu.org#25762,"PATAM LESTARI, SEKUPANG, KOTA BATAM, KEPULAUAN RIAU",34,108,139,247
https://kawalpemilu.org#25762,"PATAM LESTARI, SEKUPANG, KOTA BATAM, KEPULAUAN RIAU",35,94,100,194
https://kawalpemilu.org#25762,"PATAM LESTARI, SEKUPANG, KOTA BATAM, KEPULAUAN RIAU",36,107,145,252
https://kawalpemilu.org#25762,"PATAM LESTARI, SEKUPANG, KOTA BATAM, KEPULAUAN RIAU",37,61,139,200
https://kawalpemilu.org#25762,"PATAM LESTARI, SEKUPANG, KOTA BATAM, KEPULAUAN RIAU",38,120,135,255
https://kawalpemilu.org#25762,"PATAM LESTARI, SEKUPANG, KOTA BATAM, KEPULAUAN RIAU",39,120,150,270
https://kawalpemilu.org#25762,"PATAM LESTARI, SEKUPANG, KOTA BATAM, KEPULAUAN RIAU",40,76,154,230
https://kawalpemilu.org#25762,"PATAM LESTARI, SEKUPANG, KOTA BATAM, KEPULAUAN RIAU",41,112,124,236
https://kawalpemilu.org#25762,"PATAM LESTARI, SEKUPANG, KOTA BATAM, KEPULAUAN RIAU",42,135,110,245
https://kawalpemilu.org#25762,"PATAM LESTARI, SEKUPANG, KOTA BATAM, KEPULAUAN RIAU",43,70,170,240
https://kawalpemilu.org#25762,"PATAM LESTARI, SEKUPANG, KOTA BATAM, KEPULAUAN RIAU",44,118,122,240
https://kawalpemilu.org#25762,"PATAM LESTARI, SEKUPANG, KOTA BATAM, KEPULAUAN RIAU",45,123,147,270
https://kawalpemilu.org#25762,"PATAM LESTARI, SEKUPANG, KOTA BATAM, KEPULAUAN RIAU",46,93,150,243
https://kawalpemilu.org#25762,"PATAM LESTARI, SEKUPANG, KOTA BATAM, KEPULAUAN RIAU",47,102,120,222
https://kawalpemilu.org#25762,"PATAM LESTARI, SEKUPANG, KOTA BATAM, KEPULAUAN RIAU",48,97,78,175
https://kawalpemilu.org#25762,"PATAM LESTARI, SEKUPANG, KOTA BATAM, KEPULAUAN RIAU",49,94,131,225
https://kawalpemilu.org#25762,"PATAM LESTARI, SEKUPANG, KOTA BATAM, KEPULAUAN RIAU",50,159,129,288
https://kawalpemilu.org#25762,"PATAM LESTARI, SEKUPANG, KOTA BATAM, KEPULAUAN RIAU",51,88,132,220
https://kawalpemilu.org#25762,"PATAM LESTARI, SEKUPANG, KOTA BATAM, KEPULAUAN RIAU",52,111,113,224
https://kawalpemilu.org#25762,"PATAM LESTARI, SEKUPANG, KOTA BATAM, KEPULAUAN RIAU",53,77,143,220
https://kawalpemilu.org#25763,"TIBAN LAMA, SEKUPANG, KOTA BATAM, KEPULAUAN RIAU",1,72,186,258
https://kawalpemilu.org#25763,"TIBAN LAMA, SEKUPANG, KOTA BATAM, KEPULAUAN RIAU",5,98,141,239
https://kawalpemilu.org#25763,"TIBAN LAMA, SEKUPANG, KOTA BATAM, KEPULAUAN RIAU",6,55,76,131
https://kawalpemilu.org#25763,"TIBAN LAMA, SEKUPANG, KOTA BATAM, KEPULAUAN RIAU",7,68,118,186
https://kawalpemilu.org#25763,"TIBAN LAMA, SEKUPANG, KOTA BATAM, KEPULAUAN RIAU",8,92,152,244
https://kawalpemilu.org#25763,"TIBAN LAMA, SEKUPANG, KOTA BATAM, KEPULAUAN RIAU",9,82,136,218
https://kawalpemilu.org#25763,"TIBAN LAMA, SEKUPANG, KOTA BATAM, KEPULAUAN RIAU",10,0,0,0
https://kawalpemilu.org#25763,"TIBAN LAMA, SEKUPANG, KOTA BATAM, KEPULAUAN RIAU",11,41,105,146
https://kawalpemilu.org#25763,"TIBAN LAMA, SEKUPANG, KOTA BATAM, KEPULAUAN RIAU",12,107,177,284
https://kawalpemilu.org#25763,"TIBAN LAMA, SEKUPANG, KOTA BATAM, KEPULAUAN RIAU",14,157,18,175
https://kawalpemilu.org#25763,"TIBAN LAMA, SEKUPANG, KOTA BATAM, KEPULAUAN RIAU",15,34,114,148
https://kawalpemilu.org#25763,"TIBAN LAMA, SEKUPANG, KOTA BATAM, KEPULAUAN RIAU",16,116,107,223
https://kawalpemilu.org#25763,"TIBAN LAMA, SEKUPANG, KOTA BATAM, KEPULAUAN RIAU",17,41,137,178
https://kawalpemilu.org#25763,"TIBAN LAMA, SEKUPANG, KOTA BATAM, KEPULAUAN RIAU",18,97,129,226
https://kawalpemilu.org#25763,"TIBAN LAMA, SEKUPANG, KOTA BATAM, KEPULAUAN RIAU",19,124,80,204
https://kawalpemilu.org#25763,"TIBAN LAMA, SEKUPANG, KOTA BATAM, KEPULAUAN RIAU",20,26,132,158
https://kawalpemilu.org#25763,"TIBAN LAMA, SEKUPANG, KOTA BATAM, KEPULAUAN RIAU",21,88,146,234
https://kawalpemilu.org#25763,"TIBAN LAMA, SEKUPANG, KOTA BATAM, KEPULAUAN RIAU",22,75,203,278
https://kawalpemilu.org#25763,"TIBAN LAMA, SEKUPANG, KOTA BATAM, KEPULAUAN RIAU",23,125,0,125
https://kawalpemilu.org#25763,"TIBAN LAMA, SEKUPANG, KOTA BATAM, KEPULAUAN RIAU",24,74,129,203
https://kawalpemilu.org#25763,"TIBAN LAMA, SEKUPANG, KOTA BATAM, KEPULAUAN RIAU",25,91,190,281
https://kawalpemilu.org#25763,"TIBAN LAMA, SEKUPANG, KOTA BATAM, KEPULAUAN RIAU",26,70,214,284
https://kawalpemilu.org#25763,"TIBAN LAMA, SEKUPANG, KOTA BATAM, KEPULAUAN RIAU",27,126,84,210
https://kawalpemilu.org#25763,"TIBAN LAMA, SEKUPANG, KOTA BATAM, KEPULAUAN RIAU",29,113,110,223
https://kawalpemilu.org#25763,"TIBAN LAMA, SEKUPANG, KOTA BATAM, KEPULAUAN RIAU",30,226,6,232
https://kawalpemilu.org#25763,"TIBAN LAMA, SEKUPANG, KOTA BATAM, KEPULAUAN RIAU",31,239,23,262
https://kawalpemilu.org#25763,"TIBAN LAMA, SEKUPANG, KOTA BATAM, KEPULAUAN RIAU",32,140,134,274
https://kawalpemilu.org#25763,"TIBAN LAMA, SEKUPANG, KOTA BATAM, KEPULAUAN RIAU",33,27,185,212
https://kawalpemilu.org#25763,"TIBAN LAMA, SEKUPANG, KOTA BATAM, KEPULAUAN RIAU",34,163,49,212
https://kawalpemilu.org#25763,"TIBAN LAMA, SEKUPANG, KOTA BATAM, KEPULAUAN RIAU",35,113,155,268
https://kawalpemilu.org#25763,"TIBAN LAMA, SEKUPANG, KOTA BATAM, KEPULAUAN RIAU",36,126,121,247
https://kawalpemilu.org#25763,"TIBAN LAMA, SEKUPANG, KOTA BATAM, KEPULAUAN RIAU",41,62,111,173
https://kawalpemilu.org#25763,"TIBAN LAMA, SEKUPANG, KOTA BATAM, KEPULAUAN RIAU",42,65,105,170
https://kawalpemilu.org#25763,"TIBAN LAMA, SEKUPANG, KOTA BATAM, KEPULAUAN RIAU",43,62,62,124
https://kawalpemilu.org#25764,"SUNGAI HARAPAN, SEKUPANG, KOTA BATAM, KEPULAUAN RIAU",1,94,83,177
https://kawalpemilu.org#25764,"SUNGAI HARAPAN, SEKUPANG, KOTA BATAM, KEPULAUAN RIAU",2,43,169,212
https://kawalpemilu.org#25764,"SUNGAI HARAPAN, SEKUPANG, KOTA BATAM, KEPULAUAN RIAU",3,76,113,189
https://kawalpemilu.org#25764,"SUNGAI HARAPAN, SEKUPANG, KOTA BATAM, KEPULAUAN RIAU",4,80,148,228
https://kawalpemilu.org#25764,"SUNGAI HARAPAN, SEKUPANG, KOTA BATAM, KEPULAUAN RIAU",5,93,178,271
https://kawalpemilu.org#25764,"SUNGAI HARAPAN, SEKUPANG, KOTA BATAM, KEPULAUAN RIAU",6,85,99,184
https://kawalpemilu.org#25764,"SUNGAI HARAPAN, SEKUPANG, KOTA BATAM, KEPULAUAN RIAU",7,128,44,172
https://kawalpemilu.org#25764,"SUNGAI HARAPAN, SEKUPANG, KOTA BATAM, KEPULAUAN RIAU",8,90,55,145
https://kawalpemilu.org#25764,"SUNGAI HARAPAN, SEKUPANG, KOTA BATAM, KEPULAUAN RIAU",9,240,28,268
https://kawalpemilu.org#25764,"SUNGAI HARAPAN, SEKUPANG, KOTA BATAM, KEPULAUAN RIAU",10,272,18,290
https://kawalpemilu.org#25764,"SUNGAI HARAPAN, SEKUPANG, KOTA BATAM, KEPULAUAN RIAU",11,167,40,207
https://kawalpemilu.org#25764,"SUNGAI HARAPAN, SEKUPANG, KOTA BATAM, KEPULAUAN RIAU",12,78,137,215
https://kawalpemilu.org#25764,"SUNGAI HARAPAN, SEKUPANG, KOTA BATAM, KEPULAUAN RIAU",14,57,102,159
https://kawalpemilu.org#25764,"SUNGAI HARAPAN, SEKUPANG, KOTA BATAM, KEPULAUAN RIAU",15,57,69,126
https://kawalpemilu.org#25764,"SUNGAI HARAPAN, SEKUPANG, KOTA BATAM, KEPULAUAN RIAU",18,61,92,153
https://kawalpemilu.org#25764,"SUNGAI HARAPAN, SEKUPANG, KOTA BATAM, KEPULAUAN RIAU",19,39,132,171
https://kawalpemilu.org#25764,"SUNGAI HARAPAN, SEKUPANG, KOTA BATAM, KEPULAUAN RIAU",21,46,140,186
https://kawalpemilu.org#25764,"SUNGAI HARAPAN, SEKUPANG, KOTA BATAM, KEPULAUAN RIAU",22,53,60,113
https://kawalpemilu.org#25764,"SUNGAI HARAPAN, SEKUPANG, KOTA BATAM, KEPULAUAN RIAU",23,177,106,283
https://kawalpemilu.org#25764,"SUNGAI HARAPAN, SEKUPANG, KOTA BATAM, KEPULAUAN RIAU",24,41,100,0
https://kawalpemilu.org#25764,"SUNGAI HARAPAN, SEKUPANG, KOTA BATAM, KEPULAUAN RIAU",25,58,80,138
https://kawalpemilu.org#25764,"SUNGAI HARAPAN, SEKUPANG, KOTA BATAM, KEPULAUAN RIAU",26,66,146,212
https://kawalpemilu.org#25764,"SUNGAI HARAPAN, SEKUPANG, KOTA BATAM, KEPULAUAN RIAU",27,53,126,179
https://kawalpemilu.org#25764,"SUNGAI HARAPAN, SEKUPANG, KOTA BATAM, KEPULAUAN RIAU",28,76,83,159
https://kawalpemilu.org#25764,"SUNGAI HARAPAN, SEKUPANG, KOTA BATAM, KEPULAUAN RIAU",29,81,65,146
https://kawalpemilu.org#25764,"SUNGAI HARAPAN, SEKUPANG, KOTA BATAM, KEPULAUAN RIAU",30,108,119,227
https://kawalpemilu.org#25764,"SUNGAI HARAPAN, SEKUPANG, KOTA BATAM, KEPULAUAN RIAU",31,89,78,167
https://kawalpemilu.org#25764,"SUNGAI HARAPAN, SEKUPANG, KOTA BATAM, KEPULAUAN RIAU",32,213,6,219
https://kawalpemilu.org#25764,"SUNGAI HARAPAN, SEKUPANG, KOTA BATAM, KEPULAUAN RIAU",33,233,14,247
https://kawalpemilu.org#25764,"SUNGAI HARAPAN, SEKUPANG, KOTA BATAM, KEPULAUAN RIAU",34,75,123,198
https://kawalpemilu.org#25764,"SUNGAI HARAPAN, SEKUPANG, KOTA BATAM, KEPULAUAN RIAU",35,132,137,269
https://kawalpemilu.org#25764,"SUNGAI HARAPAN, SEKUPANG, KOTA BATAM, KEPULAUAN RIAU",36,91,106,197
https://kawalpemilu.org#25764,"SUNGAI HARAPAN, SEKUPANG, KOTA BATAM, KEPULAUAN RIAU",37,80,106,186
https://kawalpemilu.org#25764,"SUNGAI HARAPAN, SEKUPANG, KOTA BATAM, KEPULAUAN RIAU",38,174,12,186
https://kawalpemilu.org#25764,"SUNGAI HARAPAN, SEKUPANG, KOTA BATAM, KEPULAUAN RIAU",39,58,157,215
https://kawalpemilu.org#25764,"SUNGAI HARAPAN, SEKUPANG, KOTA BATAM, KEPULAUAN RIAU",40,102,127,229
https://kawalpemilu.org#25764,"SUNGAI HARAPAN, SEKUPANG, KOTA BATAM, KEPULAUAN RIAU",41,62,126,188
https://kawalpemilu.org#25764,"SUNGAI HARAPAN, SEKUPANG, KOTA BATAM, KEPULAUAN RIAU",42,65,123,188
https://kawalpemilu.org#25764,"SUNGAI HARAPAN, SEKUPANG, KOTA BATAM, KEPULAUAN RIAU",43,61,142,203
https://kawalpemilu.org#25764,"SUNGAI HARAPAN, SEKUPANG, KOTA BATAM, KEPULAUAN RIAU",45,17,64,81
https://kawalpemilu.org#25764,"SUNGAI HARAPAN, SEKUPANG, KOTA BATAM, KEPULAUAN RIAU",46,62,160,222
https://kawalpemilu.org#25764,"SUNGAI HARAPAN, SEKUPANG, KOTA BATAM, KEPULAUAN RIAU",47,48,79,127
https://kawalpemilu.org#25764,"SUNGAI HARAPAN, SEKUPANG, KOTA BATAM, KEPULAUAN RIAU",48,64,36,100
https://kawalpemilu.org#25764,"SUNGAI HARAPAN, SEKUPANG, KOTA BATAM, KEPULAUAN RIAU",49,68,111,179
https://kawalpemilu.org#25764,"SUNGAI HARAPAN, SEKUPANG, KOTA BATAM, KEPULAUAN RIAU",50,25,46,71
https://kawalpemilu.org#25765,"TANJUNG PINGGIR, SEKUPANG, KOTA BATAM, KEPULAUAN RIAU",2,53,175,228
https://kawalpemilu.org#25765,"TANJUNG PINGGIR, SEKUPANG, KOTA BATAM, KEPULAUAN RIAU",3,76,78,154
https://kawalpemilu.org#25765,"TANJUNG PINGGIR, SEKUPANG, KOTA BATAM, KEPULAUAN RIAU",4,41,72,113
https://kawalpemilu.org#25765,"TANJUNG PINGGIR, SEKUPANG, KOTA BATAM, KEPULAUAN RIAU",5,96,106,202
https://kawalpemilu.org#25765,"TANJUNG PINGGIR, SEKUPANG, KOTA BATAM, KEPULAUAN RIAU",6,101,79,180
https://kawalpemilu.org#25765,"TANJUNG PINGGIR, SEKUPANG, KOTA BATAM, KEPULAUAN RIAU",7,53,127,180
https://kawalpemilu.org#25765,"TANJUNG PINGGIR, SEKUPANG, KOTA BATAM, KEPULAUAN RIAU",8,48,116,164
https://kawalpemilu.org#25765,"TANJUNG PINGGIR, SEKUPANG, KOTA BATAM, KEPULAUAN RIAU",9,52,140,192
https://kawalpemilu.org#25765,"TANJUNG PINGGIR, SEKUPANG, KOTA BATAM, KEPULAUAN RIAU",10,21,35,56
https://kawalpemilu.org#25765,"TANJUNG PINGGIR, SEKUPANG, KOTA BATAM, KEPULAUAN RIAU",11,38,69,107
https://kawalpemilu.org#25765,"TANJUNG PINGGIR, SEKUPANG, KOTA BATAM, KEPULAUAN RIAU",12,107,115,222
https://kawalpemilu.org#25765,"TANJUNG PINGGIR, SEKUPANG, KOTA BATAM, KEPULAUAN RIAU",13,23,44,67
https://kawalpemilu.org#25765,"TANJUNG PINGGIR, SEKUPANG, KOTA BATAM, KEPULAUAN RIAU",14,46,52,98
https://kawalpemilu.org#25766,"TIBAN BARU, SEKUPANG, KOTA BATAM, KEPULAUAN RIAU",1,107,118,225
https://kawalpemilu.org#25766,"TIBAN BARU, SEKUPANG, KOTA BATAM, KEPULAUAN RIAU",2,100,123,223
https://kawalpemilu.org#25766,"TIBAN BARU, SEKUPANG, KOTA BATAM, KEPULAUAN RIAU",3,57,119,176
https://kawalpemilu.org#25766,"TIBAN BARU, SEKUPANG, KOTA BATAM, KEPULAUAN RIAU",4,38,91,129
https://kawalpemilu.org#25766,"TIBAN BARU, SEKUPANG, KOTA BATAM, KEPULAUAN RIAU",5,74,105,179
https://kawalpemilu.org#25766,"TIBAN BARU, SEKUPANG, KOTA BATAM, KEPULAUAN RIAU",6,98,48,146
https://kawalpemilu.org#25766,"TIBAN BARU, SEKUPANG, KOTA BATAM, KEPULAUAN RIAU",7,76,168,244
https://kawalpemilu.org#25766,"TIBAN BARU, SEKUPANG, KOTA BATAM, KEPULAUAN RIAU",8,92,152,244
https://kawalpemilu.org#25766,"TIBAN BARU, SEKUPANG, KOTA BATAM, KEPULAUAN RIAU",9,91,137,228
https://kawalpemilu.org#25766,"TIBAN BARU, SEKUPANG, KOTA BATAM, KEPULAUAN RIAU",10,54,112,166
https://kawalpemilu.org#25766,"TIBAN BARU, SEKUPANG, KOTA BATAM, KEPULAUAN RIAU",11,75,126,201
https://kawalpemilu.org#25766,"TIBAN BARU, SEKUPANG, KOTA BATAM, KEPULAUAN RIAU",12,98,160,258
https://kawalpemilu.org#25766,"TIBAN BARU, SEKUPANG, KOTA BATAM, KEPULAUAN RIAU",13,74,93,167
https://kawalpemilu.org#25766,"TIBAN BARU, SEKUPANG, KOTA BATAM, KEPULAUAN RIAU",14,50,128,178
https://kawalpemilu.org#25766,"TIBAN BARU, SEKUPANG, KOTA BATAM, KEPULAUAN RIAU",15,67,95,162
https://kawalpemilu.org#25766,"TIBAN BARU, SEKUPANG, KOTA BATAM, KEPULAUAN RIAU",16,86,131,217
https://kawalpemilu.org#25766,"TIBAN BARU, SEKUPANG, KOTA BATAM, KEPULAUAN RIAU",17,40,76,116
https://kawalpemilu.org#25766,"TIBAN BARU, SEKUPANG, KOTA BATAM, KEPULAUAN RIAU",18,68,104,172
https://kawalpemilu.org#25766,"TIBAN BARU, SEKUPANG, KOTA BATAM, KEPULAUAN RIAU",19,54,98,152
https://kawalpemilu.org#25766,"TIBAN BARU, SEKUPANG, KOTA BATAM, KEPULAUAN RIAU",20,71,95,166
https://kawalpemilu.org#25766,"TIBAN BARU, SEKUPANG, KOTA BATAM, KEPULAUAN RIAU",21,86,121,207
https://kawalpemilu.org#25766,"TIBAN BARU, SEKUPANG, KOTA BATAM, KEPULAUAN RIAU",22,54,107,161
https://kawalpemilu.org#25766,"TIBAN BARU, SEKUPANG, KOTA BATAM, KEPULAUAN RIAU",23,85,96,181
https://kawalpemilu.org#25766,"TIBAN BARU, SEKUPANG, KOTA BATAM, KEPULAUAN RIAU",24,100,143,243
https://kawalpemilu.org#25766,"TIBAN BARU, SEKUPANG, KOTA BATAM, KEPULAUAN RIAU",25,68,79,147
https://kawalpemilu.org#25766,"TIBAN BARU, SEKUPANG, KOTA BATAM, KEPULAUAN RIAU",26,45,100,145
https://kawalpemilu.org#25766,"TIBAN BARU, SEKUPANG, KOTA BATAM, KEPULAUAN RIAU",27,83,167,250
https://kawalpemilu.org#25766,"TIBAN BARU, SEKUPANG, KOTA BATAM, KEPULAUAN RIAU",28,59,164,223
https://kawalpemilu.org#25766,"TIBAN BARU, SEKUPANG, KOTA BATAM, KEPULAUAN RIAU",29,115,172,287
https://kawalpemilu.org#25766,"TIBAN BARU, SEKUPANG, KOTA BATAM, KEPULAUAN RIAU",30,74,98,172
https://kawalpemilu.org#25766,"TIBAN BARU, SEKUPANG, KOTA BATAM, KEPULAUAN RIAU",31,61,104,165
https://kawalpemilu.org#25766,"TIBAN BARU, SEKUPANG, KOTA BATAM, KEPULAUAN RIAU",32,69,147,216
https://kawalpemilu.org#25766,"TIBAN BARU, SEKUPANG, KOTA BATAM, KEPULAUAN RIAU",33,73,154,227
https://kawalpemilu.org#25766,"TIBAN BARU, SEKUPANG, KOTA BATAM, KEPULAUAN RIAU",34,80,139,219
https://kawalpemilu.org#25766,"TIBAN BARU, SEKUPANG, KOTA BATAM, KEPULAUAN RIAU",35,25,80,105
https://kawalpemilu.org#25766,"TIBAN BARU, SEKUPANG, KOTA BATAM, KEPULAUAN RIAU",36,76,90,166
https://kawalpemilu.org#25766,"TIBAN BARU, SEKUPANG, KOTA BATAM, KEPULAUAN RIAU",37,72,165,237
https://kawalpemilu.org#25766,"TIBAN BARU, SEKUPANG, KOTA BATAM, KEPULAUAN RIAU",38,31,49,80
https://kawalpemilu.org#25766,"TIBAN BARU, SEKUPANG, KOTA BATAM, KEPULAUAN RIAU",39,112,138,250
https://kawalpemilu.org#25766,"TIBAN BARU, SEKUPANG, KOTA BATAM, KEPULAUAN RIAU",40,118,149,267
https://kawalpemilu.org#25766,"TIBAN BARU, SEKUPANG, KOTA BATAM, KEPULAUAN RIAU",41,72,112,184
https://kawalpemilu.org#25766,"TIBAN BARU, SEKUPANG, KOTA BATAM, KEPULAUAN RIAU",42,48,112,160
https://kawalpemilu.org#25766,"TIBAN BARU, SEKUPANG, KOTA BATAM, KEPULAUAN RIAU",43,82,133,215
https://kawalpemilu.org#25766,"TIBAN BARU, SEKUPANG, KOTA BATAM, KEPULAUAN RIAU",44,112,113,225
https://kawalpemilu.org#25766,"TIBAN BARU, SEKUPANG, KOTA BATAM, KEPULAUAN RIAU",45,78,110,188
https://kawalpemilu.org#25766,"TIBAN BARU, SEKUPANG, KOTA BATAM, KEPULAUAN RIAU",46,72,120,192
https://kawalpemilu.org#25766,"TIBAN BARU, SEKUPANG, KOTA BATAM, KEPULAUAN RIAU",47,64,135,199
https://kawalpemilu.org#25766,"TIBAN BARU, SEKUPANG, KOTA BATAM, KEPULAUAN RIAU",48,70,133,203
https://kawalpemilu.org#25766,"TIBAN BARU, SEKUPANG, KOTA BATAM, KEPULAUAN RIAU",49,61,95,156
https://kawalpemilu.org#25766,"TIBAN BARU, SEKUPANG, KOTA BATAM, KEPULAUAN RIAU",50,38,103,141
https://kawalpemilu.org#25766,"TIBAN BARU, SEKUPANG, KOTA BATAM, KEPULAUAN RIAU",51,49,104,153
https://kawalpemilu.org#25766,"TIBAN BARU, SEKUPANG, KOTA BATAM, KEPULAUAN RIAU",52,38,82,120
https://kawalpemilu.org#25766,"TIBAN BARU, SEKUPANG, KOTA BATAM, KEPULAUAN RIAU",53,82,93,175
https://kawalpemilu.org#25766,"TIBAN BARU, SEKUPANG, KOTA BATAM, KEPULAUAN RIAU",56,69,138,207
https://kawalpemilu.org#25766,"TIBAN BARU, SEKUPANG, KOTA BATAM, KEPULAUAN RIAU",57,80,132,212
https://kawalpemilu.org#25766,"TIBAN BARU, SEKUPANG, KOTA BATAM, KEPULAUAN RIAU",58,49,113,162
https://kawalpemilu.org#25766,"TIBAN BARU, SEKUPANG, KOTA BATAM, KEPULAUAN RIAU",60,45,78,123
https://kawalpemilu.org#25766,"TIBAN BARU, SEKUPANG, KOTA BATAM, KEPULAUAN RIAU",61,73,113,186
https://kawalpemilu.org#25766,"TIBAN BARU, SEKUPANG, KOTA BATAM, KEPULAUAN RIAU",62,67,103,170
https://kawalpemilu.org#25766,"TIBAN BARU, SEKUPANG, KOTA BATAM, KEPULAUAN RIAU",63,67,117,184
https://kawalpemilu.org#25768,"KABIL, NONGSA, KOTA BATAM, KEPULAUAN RIAU",1,108,90,198
https://kawalpemilu.org#25768,"KABIL, NONGSA, KOTA BATAM, KEPULAUAN RIAU",2,136,77,213
https://kawalpemilu.org#25768,"KABIL, NONGSA, KOTA BATAM, KEPULAUAN RIAU",3,68,85,153
https://kawalpemilu.org#25768,"KABIL, NONGSA, KOTA BATAM, KEPULAUAN RIAU",4,72,49,121
https://kawalpemilu.org#25768,"KABIL, NONGSA, KOTA BATAM, KEPULAUAN RIAU",5,148,71,219
https://kawalpemilu.org#25768,"KABIL, NONGSA, KOTA BATAM, KEPULAUAN RIAU",6,117,51,168
https://kawalpemilu.org#25768,"KABIL, NONGSA, KOTA BATAM, KEPULAUAN RIAU",7,127,101,228
https://kawalpemilu.org#25768,"KABIL, NONGSA, KOTA BATAM, KEPULAUAN RIAU",8,126,55,181
https://kawalpemilu.org#25768,"KABIL, NONGSA, KOTA BATAM, KEPULAUAN RIAU",9,196,56,252
https://kawalpemilu.org#25768,"KABIL, NONGSA, KOTA BATAM, KEPULAUAN RIAU",10,72,142,214
https://kawalpemilu.org#25768,"KABIL, NONGSA, KOTA BATAM, KEPULAUAN RIAU",12,111,107,218
https://kawalpemilu.org#25768,"KABIL, NONGSA, KOTA BATAM, KEPULAUAN RIAU",13,80,87,167
https://kawalpemilu.org#25768,"KABIL, NONGSA, KOTA BATAM, KEPULAUAN RIAU",14,57,100,157
https://kawalpemilu.org#25768,"KABIL, NONGSA, KOTA BATAM, KEPULAUAN RIAU",15,85,100,185
https://kawalpemilu.org#25768,"KABIL, NONGSA, KOTA BATAM, KEPULAUAN RIAU",16,39,42,81
https://kawalpemilu.org#25768,"KABIL, NONGSA, KOTA BATAM, KEPULAUAN RIAU",17,45,75,120
https://kawalpemilu.org#25768,"KABIL, NONGSA, KOTA BATAM, KEPULAUAN RIAU",18,85,28,113
https://kawalpemilu.org#25768,"KABIL, NONGSA, KOTA BATAM, KEPULAUAN RIAU",19,100,73,173
https://kawalpemilu.org#25768,"KABIL, NONGSA, KOTA BATAM, KEPULAUAN RIAU",20,94,127,221
https://kawalpemilu.org#25768,"KABIL, NONGSA, KOTA BATAM, KEPULAUAN RIAU",21,41,89,130
https://kawalpemilu.org#25768,"KABIL, NONGSA, KOTA BATAM, KEPULAUAN RIAU",22,41,93,134
https://kawalpemilu.org#25768,"KABIL, NONGSA, KOTA BATAM, KEPULAUAN RIAU",23,43,72,115
https://kawalpemilu.org#25768,"KABIL, NONGSA, KOTA BATAM, KEPULAUAN RIAU",24,47,81,128
https://kawalpemilu.org#25768,"KABIL, NONGSA, KOTA BATAM, KEPULAUAN RIAU",25,64,120,184
https://kawalpemilu.org#25768,"KABIL, NONGSA, KOTA BATAM, KEPULAUAN RIAU",26,43,65,108
https://kawalpemilu.org#25768,"KABIL, NONGSA, KOTA BATAM, KEPULAUAN RIAU",27,66,95,161
https://kawalpemilu.org#25768,"KABIL, NONGSA, KOTA BATAM, KEPULAUAN RIAU",28,40,73,113
https://kawalpemilu.org#25768,"KABIL, NONGSA, KOTA BATAM, KEPULAUAN RIAU",29,60,76,136
https://kawalpemilu.org#25768,"KABIL, NONGSA, KOTA BATAM, KEPULAUAN RIAU",30,80,72,152
https://kawalpemilu.org#25768,"KABIL, NONGSA, KOTA BATAM, KEPULAUAN RIAU",31,145,118,263
https://kawalpemilu.org#25768,"KABIL, NONGSA, KOTA BATAM, KEPULAUAN RIAU",32,91,119,210
https://kawalpemilu.org#25768,"KABIL, NONGSA, KOTA BATAM, KEPULAUAN RIAU",33,101,95,196
https://kawalpemilu.org#25768,"KABIL, NONGSA, KOTA BATAM, KEPULAUAN RIAU",34,56,88,144
https://kawalpemilu.org#25768,"KABIL, NONGSA, KOTA BATAM, KEPULAUAN RIAU",35,78,102,180
https://kawalpemilu.org#25768,"KABIL, NONGSA, KOTA BATAM, KEPULAUAN RIAU",36,96,88,184
https://kawalpemilu.org#25768,"KABIL, NONGSA, KOTA BATAM, KEPULAUAN RIAU",37,91,100,191
https://kawalpemilu.org#25768,"KABIL, NONGSA, KOTA BATAM, KEPULAUAN RIAU",38,112,86,198
https://kawalpemilu.org#25768,"KABIL, NONGSA, KOTA BATAM, KEPULAUAN RIAU",40,66,96,162
https://kawalpemilu.org#25768,"KABIL, NONGSA, KOTA BATAM, KEPULAUAN RIAU",41,59,103,162
https://kawalpemilu.org#25768,"KABIL, NONGSA, KOTA BATAM, KEPULAUAN RIAU",42,60,117,177
https://kawalpemilu.org#25768,"KABIL, NONGSA, KOTA BATAM, KEPULAUAN RIAU",43,55,112,167
https://kawalpemilu.org#25768,"KABIL, NONGSA, KOTA BATAM, KEPULAUAN RIAU",44,73,95,168
https://kawalpemilu.org#25768,"KABIL, NONGSA, KOTA BATAM, KEPULAUAN RIAU",45,0,0,0
https://kawalpemilu.org#25768,"KABIL, NONGSA, KOTA BATAM, KEPULAUAN RIAU",46,74,86,160
https://kawalpemilu.org#25768,"KABIL, NONGSA, KOTA BATAM, KEPULAUAN RIAU",47,80,109,189
https://kawalpemilu.org#25768,"KABIL, NONGSA, KOTA BATAM, KEPULAUAN RIAU",48,67,113,180
https://kawalpemilu.org#25768,"KABIL, NONGSA, KOTA BATAM, KEPULAUAN RIAU",49,90,102,192
https://kawalpemilu.org#25768,"KABIL, NONGSA, KOTA BATAM, KEPULAUAN RIAU",50,84,102,186
https://kawalpemilu.org#25768,"KABIL, NONGSA, KOTA BATAM, KEPULAUAN RIAU",51,103,68,171
https://kawalpemilu.org#25768,"KABIL, NONGSA, KOTA BATAM, KEPULAUAN RIAU",52,72,96,168
https://kawalpemilu.org#25768,"KABIL, NONGSA, KOTA BATAM, KEPULAUAN RIAU",54,78,88,166
https://kawalpemilu.org#25768,"KABIL, NONGSA, KOTA BATAM, KEPULAUAN RIAU",55,80,118,198
https://kawalpemilu.org#25768,"KABIL, NONGSA, KOTA BATAM, KEPULAUAN RIAU",56,90,101,191
https://kawalpemilu.org#25768,"KABIL, NONGSA, KOTA BATAM, KEPULAUAN RIAU",57,82,104,186
https://kawalpemilu.org#25768,"KABIL, NONGSA, KOTA BATAM, KEPULAUAN RIAU",58,91,57,148
https://kawalpemilu.org#25768,"KABIL, NONGSA, KOTA BATAM, KEPULAUAN RIAU",59,67,76,143
https://kawalpemilu.org#25768,"KABIL, NONGSA, KOTA BATAM, KEPULAUAN RIAU",61,102,73,175
https://kawalpemilu.org#25768,"KABIL, NONGSA, KOTA BATAM, KEPULAUAN RIAU",62,65,76,141
https://kawalpemilu.org#25768,"KABIL, NONGSA, KOTA BATAM, KEPULAUAN RIAU",63,82,86,168
https://kawalpemilu.org#25768,"KABIL, NONGSA, KOTA BATAM, KEPULAUAN RIAU",64,90,52,142
https://kawalpemilu.org#25768,"KABIL, NONGSA, KOTA BATAM, KEPULAUAN RIAU",65,146,78,224
https://kawalpemilu.org#25768,"KABIL, NONGSA, KOTA BATAM, KEPULAUAN RIAU",66,124,77,201
https://kawalpemilu.org#25768,"KABIL, NONGSA, KOTA BATAM, KEPULAUAN RIAU",67,117,70,187
https://kawalpemilu.org#25768,"KABIL, NONGSA, KOTA BATAM, KEPULAUAN RIAU",68,83,75,158
https://kawalpemilu.org#25768,"KABIL, NONGSA, KOTA BATAM, KEPULAUAN RIAU",69,81,104,185
https://kawalpemilu.org#25768,"KABIL, NONGSA, KOTA BATAM, KEPULAUAN RIAU",70,93,122,215
https://kawalpemilu.org#25768,"KABIL, NONGSA, KOTA BATAM, KEPULAUAN RIAU",71,88,123,211
https://kawalpemilu.org#25768,"KABIL, NONGSA, KOTA BATAM, KEPULAUAN RIAU",72,124,112,236
https://kawalpemilu.org#25768,"KABIL, NONGSA, KOTA BATAM, KEPULAUAN RIAU",73,124,87,211
https://kawalpemilu.org#25768,"KABIL, NONGSA, KOTA BATAM, KEPULAUAN RIAU",74,105,74,179
https://kawalpemilu.org#25768,"KABIL, NONGSA, KOTA BATAM, KEPULAUAN RIAU",75,119,106,225
https://kawalpemilu.org#25768,"KABIL, NONGSA, KOTA BATAM, KEPULAUAN RIAU",76,111,84,195
https://kawalpemilu.org#25768,"KABIL, NONGSA, KOTA BATAM, KEPULAUAN RIAU",78,152,94,246
https://kawalpemilu.org#25768,"KABIL, NONGSA, KOTA BATAM, KEPULAUAN RIAU",79,154,84,238
https://kawalpemilu.org#25768,"KABIL, NONGSA, KOTA BATAM, KEPULAUAN RIAU",80,152,88,240
https://kawalpemilu.org#25768,"KABIL, NONGSA, KOTA BATAM, KEPULAUAN RIAU",81,165,61,226
https://kawalpemilu.org#25768,"KABIL, NONGSA, KOTA BATAM, KEPULAUAN RIAU",82,83,118,201
https://kawalpemilu.org#25768,"KABIL, NONGSA, KOTA BATAM, KEPULAUAN RIAU",83,70,70,140
https://kawalpemilu.org#25768,"KABIL, NONGSA, KOTA BATAM, KEPULAUAN RIAU",84,46,97,143
https://kawalpemilu.org#25768,"KABIL, NONGSA, KOTA BATAM, KEPULAUAN RIAU",85,38,33,71
https://kawalpemilu.org#25768,"KABIL, NONGSA, KOTA BATAM, KEPULAUAN RIAU",86,66,29,95
https://kawalpemilu.org#25768,"KABIL, NONGSA, KOTA BATAM, KEPULAUAN RIAU",87,60,55,115
https://kawalpemilu.org#25769,"SAMBAU, NONGSA, KOTA BATAM, KEPULAUAN RIAU",1,95,96,191
https://kawalpemilu.org#25769,"SAMBAU, NONGSA, KOTA BATAM, KEPULAUAN RIAU",2,91,81,172
https://kawalpemilu.org#25769,"SAMBAU, NONGSA, KOTA BATAM, KEPULAUAN RIAU",3,112,111,223
https://kawalpemilu.org#25769,"SAMBAU, NONGSA, KOTA BATAM, KEPULAUAN RIAU",4,127,105,232
https://kawalpemilu.org#25769,"SAMBAU, NONGSA, KOTA BATAM, KEPULAUAN RIAU",6,79,99,178
https://kawalpemilu.org#25769,"SAMBAU, NONGSA, KOTA BATAM, KEPULAUAN RIAU",7,105,117,222
https://kawalpemilu.org#25769,"SAMBAU, NONGSA, KOTA BATAM, KEPULAUAN RIAU",8,171,108,279
https://kawalpemilu.org#25769,"SAMBAU, NONGSA, KOTA BATAM, KEPULAUAN RIAU",9,101,121,222
https://kawalpemilu.org#25769,"SAMBAU, NONGSA, KOTA BATAM, KEPULAUAN RIAU",10,57,176,233
https://kawalpemilu.org#25769,"SAMBAU, NONGSA, KOTA BATAM, KEPULAUAN RIAU",11,76,95,171
https://kawalpemilu.org#25769,"SAMBAU, NONGSA, KOTA BATAM, KEPULAUAN RIAU",12,108,85,193
https://kawalpemilu.org#25769,"SAMBAU, NONGSA, KOTA BATAM, KEPULAUAN RIAU",13,104,152,256
https://kawalpemilu.org#25769,"SAMBAU, NONGSA, KOTA BATAM, KEPULAUAN RIAU",14,27,136,163
https://kawalpemilu.org#25769,"SAMBAU, NONGSA, KOTA BATAM, KEPULAUAN RIAU",15,173,73,246
https://kawalpemilu.org#25769,"SAMBAU, NONGSA, KOTA BATAM, KEPULAUAN RIAU",16,138,70,208
https://kawalpemilu.org#25769,"SAMBAU, NONGSA, KOTA BATAM, KEPULAUAN RIAU",17,80,107,187
https://kawalpemilu.org#25769,"SAMBAU, NONGSA, KOTA BATAM, KEPULAUAN RIAU",18,76,94,170
https://kawalpemilu.org#25769,"SAMBAU, NONGSA, KOTA BATAM, KEPULAUAN RIAU",19,61,122,184
https://kawalpemilu.org#25769,"SAMBAU, NONGSA, KOTA BATAM, KEPULAUAN RIAU",20,39,153,192
https://kawalpemilu.org#25769,"SAMBAU, NONGSA, KOTA BATAM, KEPULAUAN RIAU",21,105,117,222
https://kawalpemilu.org#25769,"SAMBAU, NONGSA, KOTA BATAM, KEPULAUAN RIAU",22,84,163,247
https://kawalpemilu.org#25769,"SAMBAU, NONGSA, KOTA BATAM, KEPULAUAN RIAU",23,110,149,259
https://kawalpemilu.org#25769,"SAMBAU, NONGSA, KOTA BATAM, KEPULAUAN RIAU",24,107,89,196
https://kawalpemilu.org#25769,"SAMBAU, NONGSA, KOTA BATAM, KEPULAUAN RIAU",25,72,89,161
https://kawalpemilu.org#25769,"SAMBAU, NONGSA, KOTA BATAM, KEPULAUAN RIAU",26,35,131,166
https://kawalpemilu.org#25769,"SAMBAU, NONGSA, KOTA BATAM, KEPULAUAN RIAU",27,105,69,174
https://kawalpemilu.org#25770,"BATU BESAR, NONGSA, KOTA BATAM, KEPULAUAN RIAU",1,54,116,170
https://kawalpemilu.org#25770,"BATU BESAR, NONGSA, KOTA BATAM, KEPULAUAN RIAU",2,78,167,245
https://kawalpemilu.org#25770,"BATU BESAR, NONGSA, KOTA BATAM, KEPULAUAN RIAU",3,154,26,180
https://kawalpemilu.org#25770,"BATU BESAR, NONGSA, KOTA BATAM, KEPULAUAN RIAU",4,118,151,269
https://kawalpemilu.org#25770,"BATU BESAR, NONGSA, KOTA BATAM, KEPULAUAN RIAU",5,85,55,140
https://kawalpemilu.org#25770,"BATU BESAR, NONGSA, KOTA BATAM, KEPULAUAN RIAU",6,71,85,156
https://kawalpemilu.org#25770,"BATU BESAR, NONGSA, KOTA BATAM, KEPULAUAN RIAU",7,58,93,151
https://kawalpemilu.org#25770,"BATU BESAR, NONGSA, KOTA BATAM, KEPULAUAN RIAU",8,70,191,191
https://kawalpemilu.org#25770,"BATU BESAR, NONGSA, KOTA BATAM, KEPULAUAN RIAU",9,100,100,200
https://kawalpemilu.org#25770,"BATU BESAR, NONGSA, KOTA BATAM, KEPULAUAN RIAU",10,95,91,186
https://kawalpemilu.org#25770,"BATU BESAR, NONGSA, KOTA BATAM, KEPULAUAN RIAU",11,70,123,193
https://kawalpemilu.org#25770,"BATU BESAR, NONGSA, KOTA BATAM, KEPULAUAN RIAU",12,74,163,237
https://kawalpemilu.org#25770,"BATU BESAR, NONGSA, KOTA BATAM, KEPULAUAN RIAU",13,63,179,242
https://kawalpemilu.org#25770,"BATU BESAR, NONGSA, KOTA BATAM, KEPULAUAN RIAU",15,85,124,209
https://kawalpemilu.org#25770,"BATU BESAR, NONGSA, KOTA BATAM, KEPULAUAN RIAU",16,63,122,185
https://kawalpemilu.org#25770,"BATU BESAR, NONGSA, KOTA BATAM, KEPULAUAN RIAU",17,77,146,223
https://kawalpemilu.org#25770,"BATU BESAR, NONGSA, KOTA BATAM, KEPULAUAN RIAU",18,65,98,163
https://kawalpemilu.org#25770,"BATU BESAR, NONGSA, KOTA BATAM, KEPULAUAN RIAU",19,48,142,190
https://kawalpemilu.org#25770,"BATU BESAR, NONGSA, KOTA BATAM, KEPULAUAN RIAU",20,59,105,164
https://kawalpemilu.org#25770,"BATU BESAR, NONGSA, KOTA BATAM, KEPULAUAN RIAU",21,75,153,228
https://kawalpemilu.org#25770,"BATU BESAR, NONGSA, KOTA BATAM, KEPULAUAN RIAU",22,80,155,235
https://kawalpemilu.org#25770,"BATU BESAR, NONGSA, KOTA BATAM, KEPULAUAN RIAU",23,90,156,246
https://kawalpemilu.org#25770,"BATU BESAR, NONGSA, KOTA BATAM, KEPULAUAN RIAU",24,83,149,232
https://kawalpemilu.org#25770,"BATU BESAR, NONGSA, KOTA BATAM, KEPULAUAN RIAU",25,136,119,255
https://kawalpemilu.org#25770,"BATU BESAR, NONGSA, KOTA BATAM, KEPULAUAN RIAU",26,108,123,231
https://kawalpemilu.org#25770,"BATU BESAR, NONGSA, KOTA BATAM, KEPULAUAN RIAU",27,82,145,227
https://kawalpemilu.org#25770,"BATU BESAR, NONGSA, KOTA BATAM, KEPULAUAN RIAU",28,99,130,229
https://kawalpemilu.org#25770,"BATU BESAR, NONGSA, KOTA BATAM, KEPULAUAN RIAU",29,107,150,257
https://kawalpemilu.org#25770,"BATU BESAR, NONGSA, KOTA BATAM, KEPULAUAN RIAU",30,96,110,206
https://kawalpemilu.org#25770,"BATU BESAR, NONGSA, KOTA BATAM, KEPULAUAN RIAU",31,79,117,3
https://kawalpemilu.org#25770,"BATU BESAR, NONGSA, KOTA BATAM, KEPULAUAN RIAU",32,89,115,204
https://kawalpemilu.org#25770,"BATU BESAR, NONGSA, KOTA BATAM, KEPULAUAN RIAU",33,89,107,196
https://kawalpemilu.org#25770,"BATU BESAR, NONGSA, KOTA BATAM, KEPULAUAN RIAU",34,64,122,186
https://kawalpemilu.org#25770,"BATU BESAR, NONGSA, KOTA BATAM, KEPULAUAN RIAU",35,74,142,216
https://kawalpemilu.org#25770,"BATU BESAR, NONGSA, KOTA BATAM, KEPULAUAN RIAU",36,90,154,244
https://kawalpemilu.org#25770,"BATU BESAR, NONGSA, KOTA BATAM, KEPULAUAN RIAU",37,101,113,214
https://kawalpemilu.org#25770,"BATU BESAR, NONGSA, KOTA BATAM, KEPULAUAN RIAU",38,72,177,249
https://kawalpemilu.org#25770,"BATU BESAR, NONGSA, KOTA BATAM, KEPULAUAN RIAU",39,68,133,201
https://kawalpemilu.org#25770,"BATU BESAR, NONGSA, KOTA BATAM, KEPULAUAN RIAU",40,55,172,227
https://kawalpemilu.org#25770,"BATU BESAR, NONGSA, KOTA BATAM, KEPULAUAN RIAU",41,57,143,200
https://kawalpemilu.org#25770,"BATU BESAR, NONGSA, KOTA BATAM, KEPULAUAN RIAU",42,67,138,205
https://kawalpemilu.org#25770,"BATU BESAR, NONGSA, KOTA BATAM, KEPULAUAN RIAU",43,81,151,232
https://kawalpemilu.org#25770,"BATU BESAR, NONGSA, KOTA BATAM, KEPULAUAN RIAU",44,69,148,217
https://kawalpemilu.org#25770,"BATU BESAR, NONGSA, KOTA BATAM, KEPULAUAN RIAU",45,97,116,213
https://kawalpemilu.org#25770,"BATU BESAR, NONGSA, KOTA BATAM, KEPULAUAN RIAU",46,62,147,209
https://kawalpemilu.org#25770,"BATU BESAR, NONGSA, KOTA BATAM, KEPULAUAN RIAU",47,73,153,226
https://kawalpemilu.org#25770,"BATU BESAR, NONGSA, KOTA BATAM, KEPULAUAN RIAU",48,67,142,209
https://kawalpemilu.org#25770,"BATU BESAR, NONGSA, KOTA BATAM, KEPULAUAN RIAU",49,77,64,141
https://kawalpemilu.org#25770,"BATU BESAR, NONGSA, KOTA BATAM, KEPULAUAN RIAU",50,64,128,192
https://kawalpemilu.org#25770,"BATU BESAR, NONGSA, KOTA BATAM, KEPULAUAN RIAU",51,48,123,171
https://kawalpemilu.org#25770,"BATU BESAR, NONGSA, KOTA BATAM, KEPULAUAN RIAU",52,77,179,256
https://kawalpemilu.org#25770,"BATU BESAR, NONGSA, KOTA BATAM, KEPULAUAN RIAU",53,49,165,214
https://kawalpemilu.org#25770,"BATU BESAR, NONGSA, KOTA BATAM, KEPULAUAN RIAU",54,66,140,206
https://kawalpemilu.org#25770,"BATU BESAR, NONGSA, KOTA BATAM, KEPULAUAN RIAU",55,71,138,209
https://kawalpemilu.org#25770,"BATU BESAR, NONGSA, KOTA BATAM, KEPULAUAN RIAU",56,74,152,226
https://kawalpemilu.org#25770,"BATU BESAR, NONGSA, KOTA BATAM, KEPULAUAN RIAU",57,33,143,176
https://kawalpemilu.org#25770,"BATU BESAR, NONGSA, KOTA BATAM, KEPULAUAN RIAU",58,23,144,167
https://kawalpemilu.org#25770,"BATU BESAR, NONGSA, KOTA BATAM, KEPULAUAN RIAU",59,37,151,188
https://kawalpemilu.org#25770,"BATU BESAR, NONGSA, KOTA BATAM, KEPULAUAN RIAU",60,57,143,200
https://kawalpemilu.org#25770,"BATU BESAR, NONGSA, KOTA BATAM, KEPULAUAN RIAU",61,58,124,182
https://kawalpemilu.org#25770,"BATU BESAR, NONGSA, KOTA BATAM, KEPULAUAN RIAU",62,55,142,197
https://kawalpemilu.org#25770,"BATU BESAR, NONGSA, KOTA BATAM, KEPULAUAN RIAU",63,63,156,219
https://kawalpemilu.org#25770,"BATU BESAR, NONGSA, KOTA BATAM, KEPULAUAN RIAU",64,57,194,251
https://kawalpemilu.org#25770,"BATU BESAR, NONGSA, KOTA BATAM, KEPULAUAN RIAU",65,143,127,270
https://kawalpemilu.org#25770,"BATU BESAR, NONGSA, KOTA BATAM, KEPULAUAN RIAU",66,105,152,257
https://kawalpemilu.org#25770,"BATU BESAR, NONGSA, KOTA BATAM, KEPULAUAN RIAU",67,192,51,243
https://kawalpemilu.org#25770,"BATU BESAR, NONGSA, KOTA BATAM, KEPULAUAN RIAU",68,147,78,225
https://kawalpemilu.org#25770,"BATU BESAR, NONGSA, KOTA BATAM, KEPULAUAN RIAU",69,145,68,213
https://kawalpemilu.org#25770,"BATU BESAR, NONGSA, KOTA BATAM, KEPULAUAN RIAU",70,114,21,135
https://kawalpemilu.org#25770,"BATU BESAR, NONGSA, KOTA BATAM, KEPULAUAN RIAU",71,43,48,91
https://kawalpemilu.org#25770,"BATU BESAR, NONGSA, KOTA BATAM, KEPULAUAN RIAU",72,105,129,234
https://kawalpemilu.org#25770,"BATU BESAR, NONGSA, KOTA BATAM, KEPULAUAN RIAU",73,56,87,143
https://kawalpemilu.org#25770,"BATU BESAR, NONGSA, KOTA BATAM, KEPULAUAN RIAU",74,55,14,69
https://kawalpemilu.org#25770,"BATU BESAR, NONGSA, KOTA BATAM, KEPULAUAN RIAU",75,25,51,76
https://kawalpemilu.org#25770,"BATU BESAR, NONGSA, KOTA BATAM, KEPULAUAN RIAU",76,48,59,107
https://kawalpemilu.org#25770,"BATU BESAR, NONGSA, KOTA BATAM, KEPULAUAN RIAU",77,54,96,150
https://kawalpemilu.org#25770,"BATU BESAR, NONGSA, KOTA BATAM, KEPULAUAN RIAU",78,86,93,179
https://kawalpemilu.org#25771,"NGENANG, NONGSA, KOTA BATAM, KEPULAUAN RIAU",1,83,101,184
https://kawalpemilu.org#25771,"NGENANG, NONGSA, KOTA BATAM, KEPULAUAN RIAU",2,105,85,190
https://kawalpemilu.org#25771,"NGENANG, NONGSA, KOTA BATAM, KEPULAUAN RIAU",3,49,45,94
https://kawalpemilu.org#25771,"NGENANG, NONGSA, KOTA BATAM, KEPULAUAN RIAU",4,129,9,138
https://kawalpemilu.org#25771,"NGENANG, NONGSA, KOTA BATAM, KEPULAUAN RIAU",5,105,9,114
https://kawalpemilu.org#25773,"BULANG LINTANG, BULANG, KOTA BATAM, KEPULAUAN RIAU",1,92,128,220
https://kawalpemilu.org#25773,"BULANG LINTANG, BULANG, KOTA BATAM, KEPULAUAN RIAU",2,150,61,211
https://kawalpemilu.org#25773,"BULANG LINTANG, BULANG, KOTA BATAM, KEPULAUAN RIAU",3,154,84,238
https://kawalpemilu.org#25773,"BULANG LINTANG, BULANG, KOTA BATAM, KEPULAUAN RIAU",4,34,23,57
https://kawalpemilu.org#25773,"BULANG LINTANG, BULANG, KOTA BATAM, KEPULAUAN RIAU",5,141,54,195
https://kawalpemilu.org#25774,"PULAU BULUH, BULANG, KOTA BATAM, KEPULAUAN RIAU",1,145,69,214
https://kawalpemilu.org#25774,"PULAU BULUH, BULANG, KOTA BATAM, KEPULAUAN RIAU",2,111,103,214
https://kawalpemilu.org#25774,"PULAU BULUH, BULANG, KOTA BATAM, KEPULAUAN RIAU",3,127,66,193
https://kawalpemilu.org#25774,"PULAU BULUH, BULANG, KOTA BATAM, KEPULAUAN RIAU",4,121,48,169
https://kawalpemilu.org#25774,"PULAU BULUH, BULANG, KOTA BATAM, KEPULAUAN RIAU",5,144,52,196
https://kawalpemilu.org#25774,"PULAU BULUH, BULANG, KOTA BATAM, KEPULAUAN RIAU",6,184,59,243
https://kawalpemilu.org#25774,"PULAU BULUH, BULANG, KOTA BATAM, KEPULAUAN RIAU",7,161,55,216
https://kawalpemilu.org#25774,"PULAU BULUH, BULANG, KOTA BATAM, KEPULAUAN RIAU",8,93,38,131
https://kawalpemilu.org#25775,"TEMOYONG, BULANG, KOTA BATAM, KEPULAUAN RIAU",1,93,77,170
https://kawalpemilu.org#25775,"TEMOYONG, BULANG, KOTA BATAM, KEPULAUAN RIAU",2,107,63,170
https://kawalpemilu.org#25775,"TEMOYONG, BULANG, KOTA BATAM, KEPULAUAN RIAU",3,97,76,173
https://kawalpemilu.org#25775,"TEMOYONG, BULANG, KOTA BATAM, KEPULAUAN RIAU",4,98,68,166
https://kawalpemilu.org#25775,"TEMOYONG, BULANG, KOTA BATAM, KEPULAUAN RIAU",5,102,19,121
https://kawalpemilu.org#25776,"BATU LEGONG, BULANG, KOTA BATAM, KEPULAUAN RIAU",1,131,129,260
https://kawalpemilu.org#25776,"BATU LEGONG, BULANG, KOTA BATAM, KEPULAUAN RIAU",2,103,145,248
https://kawalpemilu.org#25776,"BATU LEGONG, BULANG, KOTA BATAM, KEPULAUAN RIAU",3,55,52,107
https://kawalpemilu.org#25776,"BATU LEGONG, BULANG, KOTA BATAM, KEPULAUAN RIAU",4,82,32,114
https://kawalpemilu.org#25777,"PANTAI GELAM, BULANG, KOTA BATAM, KEPULAUAN RIAU",1,76,71,147
https://kawalpemilu.org#25777,"PANTAI GELAM, BULANG, KOTA BATAM, KEPULAUAN RIAU",2,115,140,255
https://kawalpemilu.org#25777,"PANTAI GELAM, BULANG, KOTA BATAM, KEPULAUAN RIAU",3,107,121,228
https://kawalpemilu.org#25778,"PULAU SETOKOK, BULANG, KOTA BATAM, KEPULAUAN RIAU",1,150,124,274
https://kawalpemilu.org#25778,"PULAU SETOKOK, BULANG, KOTA BATAM, KEPULAUAN RIAU",2,139,119,258
https://kawalpemilu.org#25778,"PULAU SETOKOK, BULANG, KOTA BATAM, KEPULAUAN RIAU",3,141,108,249
https://kawalpemilu.org#25778,"PULAU SETOKOK, BULANG, KOTA BATAM, KEPULAUAN RIAU",4,25,138,163
https://kawalpemilu.org#25778,"PULAU SETOKOK, BULANG, KOTA BATAM, KEPULAUAN RIAU",5,113,148,261
https://kawalpemilu.org#25778,"PULAU SETOKOK, BULANG, KOTA BATAM, KEPULAUAN RIAU",6,73,189,262
https://kawalpemilu.org#25778,"PULAU SETOKOK, BULANG, KOTA BATAM, KEPULAUAN RIAU",7,66,180,246
https://kawalpemilu.org#25778,"PULAU SETOKOK, BULANG, KOTA BATAM, KEPULAUAN RIAU",8,30,220,250
https://kawalpemilu.org#25780,"BATU SELICIN, LUBUK BAJA, KOTA BATAM, KEPULAUAN RIAU",1,110,47,157
https://kawalpemilu.org#25780,"BATU SELICIN, LUBUK BAJA, KOTA BATAM, KEPULAUAN RIAU",2,78,79,157
https://kawalpemilu.org#25780,"BATU SELICIN, LUBUK BAJA, KOTA BATAM, KEPULAUAN RIAU",3,78,85,163
https://kawalpemilu.org#25780,"BATU SELICIN, LUBUK BAJA, KOTA BATAM, KEPULAUAN RIAU",4,196,11,207
https://kawalpemilu.org#25780,"BATU SELICIN, LUBUK BAJA, KOTA BATAM, KEPULAUAN RIAU",5,111,87,198
https://kawalpemilu.org#25780,"BATU SELICIN, LUBUK BAJA, KOTA BATAM, KEPULAUAN RIAU",6,84,60,144
https://kawalpemilu.org#25780,"BATU SELICIN, LUBUK BAJA, KOTA BATAM, KEPULAUAN RIAU",7,143,15,158
https://kawalpemilu.org#25780,"BATU SELICIN, LUBUK BAJA, KOTA BATAM, KEPULAUAN RIAU",8,133,88,221
https://kawalpemilu.org#25780,"BATU SELICIN, LUBUK BAJA, KOTA BATAM, KEPULAUAN RIAU",9,77,59,136
https://kawalpemilu.org#25780,"BATU SELICIN, LUBUK BAJA, KOTA BATAM, KEPULAUAN RIAU",10,82,57,139
https://kawalpemilu.org#25780,"BATU SELICIN, LUBUK BAJA, KOTA BATAM, KEPULAUAN RIAU",11,114,123,237
https://kawalpemilu.org#25780,"BATU SELICIN, LUBUK BAJA, KOTA BATAM, KEPULAUAN RIAU",12,106,44,150
https://kawalpemilu.org#25780,"BATU SELICIN, LUBUK BAJA, KOTA BATAM, KEPULAUAN RIAU",13,96,53,149
https://kawalpemilu.org#25780,"BATU SELICIN, LUBUK BAJA, KOTA BATAM, KEPULAUAN RIAU",14,50,31,81
https://kawalpemilu.org#25780,"BATU SELICIN, LUBUK BAJA, KOTA BATAM, KEPULAUAN RIAU",15,116,14,130
https://kawalpemilu.org#25780,"BATU SELICIN, LUBUK BAJA, KOTA BATAM, KEPULAUAN RIAU",16,86,29,115
https://kawalpemilu.org#25780,"BATU SELICIN, LUBUK BAJA, KOTA BATAM, KEPULAUAN RIAU",18,141,82,223
https://kawalpemilu.org#25780,"BATU SELICIN, LUBUK BAJA, KOTA BATAM, KEPULAUAN RIAU",19,223,11,234
https://kawalpemilu.org#25780,"BATU SELICIN, LUBUK BAJA, KOTA BATAM, KEPULAUAN RIAU",20,208,12,220
https://kawalpemilu.org#25780,"BATU SELICIN, LUBUK BAJA, KOTA BATAM, KEPULAUAN RIAU",21,171,5,176
https://kawalpemilu.org#25780,"BATU SELICIN, LUBUK BAJA, KOTA BATAM, KEPULAUAN RIAU",22,183,40,223
https://kawalpemilu.org#25780,"BATU SELICIN, LUBUK BAJA, KOTA BATAM, KEPULAUAN RIAU",23,185,3,188
https://kawalpemilu.org#25780,"BATU SELICIN, LUBUK BAJA, KOTA BATAM, KEPULAUAN RIAU",24,182,9,191
https://kawalpemilu.org#25780,"BATU SELICIN, LUBUK BAJA, KOTA BATAM, KEPULAUAN RIAU",25,157,8,165
https://kawalpemilu.org#25780,"BATU SELICIN, LUBUK BAJA, KOTA BATAM, KEPULAUAN RIAU",26,195,28,223
https://kawalpemilu.org#25780,"BATU SELICIN, LUBUK BAJA, KOTA BATAM, KEPULAUAN RIAU",27,99,7,106
https://kawalpemilu.org#25780,"BATU SELICIN, LUBUK BAJA, KOTA BATAM, KEPULAUAN RIAU",28,259,20,279
https://kawalpemilu.org#25780,"BATU SELICIN, LUBUK BAJA, KOTA BATAM, KEPULAUAN RIAU",29,34,5,1
https://kawalpemilu.org#25780,"BATU SELICIN, LUBUK BAJA, KOTA BATAM, KEPULAUAN RIAU",30,199,20,219
https://kawalpemilu.org#25780,"BATU SELICIN, LUBUK BAJA, KOTA BATAM, KEPULAUAN RIAU",31,157,9,166
https://kawalpemilu.org#25780,"BATU SELICIN, LUBUK BAJA, KOTA BATAM, KEPULAUAN RIAU",32,181,17,198
https://kawalpemilu.org#25780,"BATU SELICIN, LUBUK BAJA, KOTA BATAM, KEPULAUAN RIAU",33,164,6,170
https://kawalpemilu.org#25780,"BATU SELICIN, LUBUK BAJA, KOTA BATAM, KEPULAUAN RIAU",36,173,43,216
https://kawalpemilu.org#25780,"BATU SELICIN, LUBUK BAJA, KOTA BATAM, KEPULAUAN RIAU",38,86,11,97
https://kawalpemilu.org#25780,"BATU SELICIN, LUBUK BAJA, KOTA BATAM, KEPULAUAN RIAU",39,118,2,120
https://kawalpemilu.org#25780,"BATU SELICIN, LUBUK BAJA, KOTA BATAM, KEPULAUAN RIAU",40,139,24,163
https://kawalpemilu.org#25780,"BATU SELICIN, LUBUK BAJA, KOTA BATAM, KEPULAUAN RIAU",41,185,26,211
https://kawalpemilu.org#25780,"BATU SELICIN, LUBUK BAJA, KOTA BATAM, KEPULAUAN RIAU",42,224,13,237
https://kawalpemilu.org#25780,"BATU SELICIN, LUBUK BAJA, KOTA BATAM, KEPULAUAN RIAU",43,250,18,268
https://kawalpemilu.org#25780,"BATU SELICIN, LUBUK BAJA, KOTA BATAM, KEPULAUAN RIAU",44,98,3,101
https://kawalpemilu.org#25781,"KAMPUNG PELITA, LUBUK BAJA, KOTA BATAM, KEPULAUAN RIAU",1,103,103,206
https://kawalpemilu.org#25781,"KAMPUNG PELITA, LUBUK BAJA, KOTA BATAM, KEPULAUAN RIAU",2,56,102,158
https://kawalpemilu.org#25781,"KAMPUNG PELITA, LUBUK BAJA, KOTA BATAM, KEPULAUAN RIAU",3,92,91,183
https://kawalpemilu.org#25781,"KAMPUNG PELITA, LUBUK BAJA, KOTA BATAM, KEPULAUAN RIAU",4,98,62,160
https://kawalpemilu.org#25781,"KAMPUNG PELITA, LUBUK BAJA, KOTA BATAM, KEPULAUAN RIAU",5,56,78,134
https://kawalpemilu.org#25781,"KAMPUNG PELITA, LUBUK BAJA, KOTA BATAM, KEPULAUAN RIAU",6,127,94,221
https://kawalpemilu.org#25781,"KAMPUNG PELITA, LUBUK BAJA, KOTA BATAM, KEPULAUAN RIAU",7,106,44,150
https://kawalpemilu.org#25781,"KAMPUNG PELITA, LUBUK BAJA, KOTA BATAM, KEPULAUAN RIAU",8,95,39,134
https://kawalpemilu.org#25781,"KAMPUNG PELITA, LUBUK BAJA, KOTA BATAM, KEPULAUAN RIAU",9,108,97,205
https://kawalpemilu.org#25781,"KAMPUNG PELITA, LUBUK BAJA, KOTA BATAM, KEPULAUAN RIAU",10,112,107,219
https://kawalpemilu.org#25781,"KAMPUNG PELITA, LUBUK BAJA, KOTA BATAM, KEPULAUAN RIAU",11,75,68,143
https://kawalpemilu.org#25781,"KAMPUNG PELITA, LUBUK BAJA, KOTA BATAM, KEPULAUAN RIAU",12,166,47,213
https://kawalpemilu.org#25781,"KAMPUNG PELITA, LUBUK BAJA, KOTA BATAM, KEPULAUAN RIAU",13,77,197,274
https://kawalpemilu.org#25781,"KAMPUNG PELITA, LUBUK BAJA, KOTA BATAM, KEPULAUAN RIAU",14,24,206,230
https://kawalpemilu.org#25781,"KAMPUNG PELITA, LUBUK BAJA, KOTA BATAM, KEPULAUAN RIAU",15,23,166,189
https://kawalpemilu.org#25781,"KAMPUNG PELITA, LUBUK BAJA, KOTA BATAM, KEPULAUAN RIAU",16,22,44,66
https://kawalpemilu.org#25781,"KAMPUNG PELITA, LUBUK BAJA, KOTA BATAM, KEPULAUAN RIAU",17,154,46,200
https://kawalpemilu.org#25781,"KAMPUNG PELITA, LUBUK BAJA, KOTA BATAM, KEPULAUAN RIAU",18,163,34,197
https://kawalpemilu.org#25781,"KAMPUNG PELITA, LUBUK BAJA, KOTA BATAM, KEPULAUAN RIAU",19,39,22,61
https://kawalpemilu.org#25781,"KAMPUNG PELITA, LUBUK BAJA, KOTA BATAM, KEPULAUAN RIAU",20,59,90,149
https://kawalpemilu.org#25782,"BALOI INDAH, LUBUK BAJA, KOTA BATAM, KEPULAUAN RIAU",1,140,127,267
https://kawalpemilu.org#25782,"BALOI INDAH, LUBUK BAJA, KOTA BATAM, KEPULAUAN RIAU",2,125,164,289
https://kawalpemilu.org#25782,"BALOI INDAH, LUBUK BAJA, KOTA BATAM, KEPULAUAN RIAU",3,111,83,194
https://kawalpemilu.org#25782,"BALOI INDAH, LUBUK BAJA, KOTA BATAM, KEPULAUAN RIAU",4,88,91,179
https://kawalpemilu.org#25782,"BALOI INDAH, LUBUK BAJA, KOTA BATAM, KEPULAUAN RIAU",5,131,90,221
https://kawalpemilu.org#25782,"BALOI INDAH, LUBUK BAJA, KOTA BATAM, KEPULAUAN RIAU",6,101,127,228
https://kawalpemilu.org#25782,"BALOI INDAH, LUBUK BAJA, KOTA BATAM, KEPULAUAN RIAU",7,96,91,187
https://kawalpemilu.org#25782,"BALOI INDAH, LUBUK BAJA, KOTA BATAM, KEPULAUAN RIAU",8,94,44,138
https://kawalpemilu.org#25782,"BALOI INDAH, LUBUK BAJA, KOTA BATAM, KEPULAUAN RIAU",9,71,100,171
https://kawalpemilu.org#25782,"BALOI INDAH, LUBUK BAJA, KOTA BATAM, KEPULAUAN RIAU",10,88,95,183
https://kawalpemilu.org#25782,"BALOI INDAH, LUBUK BAJA, KOTA BATAM, KEPULAUAN RIAU",11,67,130,197
https://kawalpemilu.org#25782,"BALOI INDAH, LUBUK BAJA, KOTA BATAM, KEPULAUAN RIAU",12,113,78,191
https://kawalpemilu.org#25782,"BALOI INDAH, LUBUK BAJA, KOTA BATAM, KEPULAUAN RIAU",13,85,126,211
https://kawalpemilu.org#25782,"BALOI INDAH, LUBUK BAJA, KOTA BATAM, KEPULAUAN RIAU",14,210,13,223
https://kawalpemilu.org#25782,"BALOI INDAH, LUBUK BAJA, KOTA BATAM, KEPULAUAN RIAU",15,150,60,210
https://kawalpemilu.org#25782,"BALOI INDAH, LUBUK BAJA, KOTA BATAM, KEPULAUAN RIAU",16,122,45,167
https://kawalpemilu.org#25782,"BALOI INDAH, LUBUK BAJA, KOTA BATAM, KEPULAUAN RIAU",17,124,95,219
https://kawalpemilu.org#25782,"BALOI INDAH, LUBUK BAJA, KOTA BATAM, KEPULAUAN RIAU",18,99,44,143
https://kawalpemilu.org#25782,"BALOI INDAH, LUBUK BAJA, KOTA BATAM, KEPULAUAN RIAU",19,78,34,112
https://kawalpemilu.org#25782,"BALOI INDAH, LUBUK BAJA, KOTA BATAM, KEPULAUAN RIAU",21,87,63,150
https://kawalpemilu.org#25782,"BALOI INDAH, LUBUK BAJA, KOTA BATAM, KEPULAUAN RIAU",22,60,34,94
https://kawalpemilu.org#25782,"BALOI INDAH, LUBUK BAJA, KOTA BATAM, KEPULAUAN RIAU",23,56,46,102
https://kawalpemilu.org#25782,"BALOI INDAH, LUBUK BAJA, KOTA BATAM, KEPULAUAN RIAU",24,61,55,116
https://kawalpemilu.org#25782,"BALOI INDAH, LUBUK BAJA, KOTA BATAM, KEPULAUAN RIAU",25,85,54,139
https://kawalpemilu.org#25782,"BALOI INDAH, LUBUK BAJA, KOTA BATAM, KEPULAUAN RIAU",26,115,85,200
https://kawalpemilu.org#25782,"BALOI INDAH, LUBUK BAJA, KOTA BATAM, KEPULAUAN RIAU",27,72,55,127
https://kawalpemilu.org#25782,"BALOI INDAH, LUBUK BAJA, KOTA BATAM, KEPULAUAN RIAU",28,93,59,152
https://kawalpemilu.org#25782,"BALOI INDAH, LUBUK BAJA, KOTA BATAM, KEPULAUAN RIAU",29,49,64,113
https://kawalpemilu.org#25782,"BALOI INDAH, LUBUK BAJA, KOTA BATAM, KEPULAUAN RIAU",30,66,81,147
https://kawalpemilu.org#25782,"BALOI INDAH, LUBUK BAJA, KOTA BATAM, KEPULAUAN RIAU",31,80,96,176
https://kawalpemilu.org#25782,"BALOI INDAH, LUBUK BAJA, KOTA BATAM, KEPULAUAN RIAU",33,186,15,201
https://kawalpemilu.org#25782,"BALOI INDAH, LUBUK BAJA, KOTA BATAM, KEPULAUAN RIAU",35,169,12,181
https://kawalpemilu.org#25782,"BALOI INDAH, LUBUK BAJA, KOTA BATAM, KEPULAUAN RIAU",36,190,24,214
https://kawalpemilu.org#25782,"BALOI INDAH, LUBUK BAJA, KOTA BATAM, KEPULAUAN RIAU",37,169,41,210
https://kawalpemilu.org#25782,"BALOI INDAH, LUBUK BAJA, KOTA BATAM, KEPULAUAN RIAU",39,65,169,234
https://kawalpemilu.org#25782,"BALOI INDAH, LUBUK BAJA, KOTA BATAM, KEPULAUAN RIAU",40,120,18,138
https://kawalpemilu.org#25782,"BALOI INDAH, LUBUK BAJA, KOTA BATAM, KEPULAUAN RIAU",41,197,23,220
https://kawalpemilu.org#25782,"BALOI INDAH, LUBUK BAJA, KOTA BATAM, KEPULAUAN RIAU",43,125,15,140
https://kawalpemilu.org#25782,"BALOI INDAH, LUBUK BAJA, KOTA BATAM, KEPULAUAN RIAU",44,117,10,127
https://kawalpemilu.org#25782,"BALOI INDAH, LUBUK BAJA, KOTA BATAM, KEPULAUAN RIAU",45,99,12,111
https://kawalpemilu.org#25782,"BALOI INDAH, LUBUK BAJA, KOTA BATAM, KEPULAUAN RIAU",46,153,28,181
https://kawalpemilu.org#25782,"BALOI INDAH, LUBUK BAJA, KOTA BATAM, KEPULAUAN RIAU",47,151,20,171
https://kawalpemilu.org#25782,"BALOI INDAH, LUBUK BAJA, KOTA BATAM, KEPULAUAN RIAU",48,182,3,185
https://kawalpemilu.org#25782,"BALOI INDAH, LUBUK BAJA, KOTA BATAM, KEPULAUAN RIAU",49,228,24,252
https://kawalpemilu.org#25782,"BALOI INDAH, LUBUK BAJA, KOTA BATAM, KEPULAUAN RIAU",50,103,50,153
https://kawalpemilu.org#25782,"BALOI INDAH, LUBUK BAJA, KOTA BATAM, KEPULAUAN RIAU",51,222,29,251
https://kawalpemilu.org#25782,"BALOI INDAH, LUBUK BAJA, KOTA BATAM, KEPULAUAN RIAU",52,195,21,216
https://kawalpemilu.org#25782,"BALOI INDAH, LUBUK BAJA, KOTA BATAM, KEPULAUAN RIAU",53,204,63,267
https://kawalpemilu.org#25782,"BALOI INDAH, LUBUK BAJA, KOTA BATAM, KEPULAUAN RIAU",54,94,52,146
https://kawalpemilu.org#25782,"BALOI INDAH, LUBUK BAJA, KOTA BATAM, KEPULAUAN RIAU",55,113,146,259
https://kawalpemilu.org#25782,"BALOI INDAH, LUBUK BAJA, KOTA BATAM, KEPULAUAN RIAU",56,98,102,200
https://kawalpemilu.org#25782,"BALOI INDAH, LUBUK BAJA, KOTA BATAM, KEPULAUAN RIAU",57,127,1,128
https://kawalpemilu.org#25782,"BALOI INDAH, LUBUK BAJA, KOTA BATAM, KEPULAUAN RIAU",58,249,8,257
https://kawalpemilu.org#25782,"BALOI INDAH, LUBUK BAJA, KOTA BATAM, KEPULAUAN RIAU",59,137,9,146
https://kawalpemilu.org#25782,"BALOI INDAH, LUBUK BAJA, KOTA BATAM, KEPULAUAN RIAU",61,132,13,145
https://kawalpemilu.org#25782,"BALOI INDAH, LUBUK BAJA, KOTA BATAM, KEPULAUAN RIAU",62,233,16,249
https://kawalpemilu.org#25782,"BALOI INDAH, LUBUK BAJA, KOTA BATAM, KEPULAUAN RIAU",63,196,4,200
https://kawalpemilu.org#25782,"BALOI INDAH, LUBUK BAJA, KOTA BATAM, KEPULAUAN RIAU",65,232,10,242
https://kawalpemilu.org#25782,"BALOI INDAH, LUBUK BAJA, KOTA BATAM, KEPULAUAN RIAU",66,228,17,245
https://kawalpemilu.org#25782,"BALOI INDAH, LUBUK BAJA, KOTA BATAM, KEPULAUAN RIAU",67,145,14,159
https://kawalpemilu.org#25782,"BALOI INDAH, LUBUK BAJA, KOTA BATAM, KEPULAUAN RIAU",68,103,57,160
https://kawalpemilu.org#25782,"BALOI INDAH, LUBUK BAJA, KOTA BATAM, KEPULAUAN RIAU",69,111,23,134
https://kawalpemilu.org#25782,"BALOI INDAH, LUBUK BAJA, KOTA BATAM, KEPULAUAN RIAU",70,105,96,201
https://kawalpemilu.org#25783,"TANJUNG UMA, LUBUK BAJA, KOTA BATAM, KEPULAUAN RIAU",1,81,104,185
https://kawalpemilu.org#25783,"TANJUNG UMA, LUBUK BAJA, KOTA BATAM, KEPULAUAN RIAU",2,54,139,193
https://kawalpemilu.org#25783,"TANJUNG UMA, LUBUK BAJA, KOTA BATAM, KEPULAUAN RIAU",3,64,121,185
https://kawalpemilu.org#25783,"TANJUNG UMA, LUBUK BAJA, KOTA BATAM, KEPULAUAN RIAU",4,58,124,182
https://kawalpemilu.org#25783,"TANJUNG UMA, LUBUK BAJA, KOTA BATAM, KEPULAUAN RIAU",5,61,131,192
https://kawalpemilu.org#25783,"TANJUNG UMA, LUBUK BAJA, KOTA BATAM, KEPULAUAN RIAU",6,74,162,236
https://kawalpemilu.org#25783,"TANJUNG UMA, LUBUK BAJA, KOTA BATAM, KEPULAUAN RIAU",7,64,134,198
https://kawalpemilu.org#25783,"TANJUNG UMA, LUBUK BAJA, KOTA BATAM, KEPULAUAN RIAU",8,91,179,270
https://kawalpemilu.org#25783,"TANJUNG UMA, LUBUK BAJA, KOTA BATAM, KEPULAUAN RIAU",9,66,128,194
https://kawalpemilu.org#25783,"TANJUNG UMA, LUBUK BAJA, KOTA BATAM, KEPULAUAN RIAU",10,57,108,165
https://kawalpemilu.org#25783,"TANJUNG UMA, LUBUK BAJA, KOTA BATAM, KEPULAUAN RIAU",11,58,100,158
https://kawalpemilu.org#25783,"TANJUNG UMA, LUBUK BAJA, KOTA BATAM, KEPULAUAN RIAU",12,118,123,241
https://kawalpemilu.org#25783,"TANJUNG UMA, LUBUK BAJA, KOTA BATAM, KEPULAUAN RIAU",13,90,151,241
https://kawalpemilu.org#25783,"TANJUNG UMA, LUBUK BAJA, KOTA BATAM, KEPULAUAN RIAU",14,56,64,120
https://kawalpemilu.org#25783,"TANJUNG UMA, LUBUK BAJA, KOTA BATAM, KEPULAUAN RIAU",15,88,134,222
https://kawalpemilu.org#25783,"TANJUNG UMA, LUBUK BAJA, KOTA BATAM, KEPULAUAN RIAU",16,97,147,244
https://kawalpemilu.org#25783,"TANJUNG UMA, LUBUK BAJA, KOTA BATAM, KEPULAUAN RIAU",17,74,75,149
https://kawalpemilu.org#25783,"TANJUNG UMA, LUBUK BAJA, KOTA BATAM, KEPULAUAN RIAU",18,51,98,149
https://kawalpemilu.org#25783,"TANJUNG UMA, LUBUK BAJA, KOTA BATAM, KEPULAUAN RIAU",19,57,30,87
https://kawalpemilu.org#25783,"TANJUNG UMA, LUBUK BAJA, KOTA BATAM, KEPULAUAN RIAU",20,67,23,90
https://kawalpemilu.org#25783,"TANJUNG UMA, LUBUK BAJA, KOTA BATAM, KEPULAUAN RIAU",21,55,26,81
https://kawalpemilu.org#25783,"TANJUNG UMA, LUBUK BAJA, KOTA BATAM, KEPULAUAN RIAU",22,26,45,71
https://kawalpemilu.org#25783,"TANJUNG UMA, LUBUK BAJA, KOTA BATAM, KEPULAUAN RIAU",23,74,72,146
https://kawalpemilu.org#25783,"TANJUNG UMA, LUBUK BAJA, KOTA BATAM, KEPULAUAN RIAU",24,96,110,206
https://kawalpemilu.org#25783,"TANJUNG UMA, LUBUK BAJA, KOTA BATAM, KEPULAUAN RIAU",25,94,155,249
https://kawalpemilu.org#25783,"TANJUNG UMA, LUBUK BAJA, KOTA BATAM, KEPULAUAN RIAU",26,69,121,190
https://kawalpemilu.org#25783,"TANJUNG UMA, LUBUK BAJA, KOTA BATAM, KEPULAUAN RIAU",27,78,144,222
https://kawalpemilu.org#25783,"TANJUNG UMA, LUBUK BAJA, KOTA BATAM, KEPULAUAN RIAU",28,75,132,207
https://kawalpemilu.org#25783,"TANJUNG UMA, LUBUK BAJA, KOTA BATAM, KEPULAUAN RIAU",29,56,119,175
https://kawalpemilu.org#25783,"TANJUNG UMA, LUBUK BAJA, KOTA BATAM, KEPULAUAN RIAU",30,71,128,199
https://kawalpemilu.org#25783,"TANJUNG UMA, LUBUK BAJA, KOTA BATAM, KEPULAUAN RIAU",31,111,123,234
https://kawalpemilu.org#25783,"TANJUNG UMA, LUBUK BAJA, KOTA BATAM, KEPULAUAN RIAU",32,101,148,249
https://kawalpemilu.org#25783,"TANJUNG UMA, LUBUK BAJA, KOTA BATAM, KEPULAUAN RIAU",33,88,62,50
https://kawalpemilu.org#25783,"TANJUNG UMA, LUBUK BAJA, KOTA BATAM, KEPULAUAN RIAU",35,166,27,193
https://kawalpemilu.org#25783,"TANJUNG UMA, LUBUK BAJA, KOTA BATAM, KEPULAUAN RIAU",37,48,116,164
https://kawalpemilu.org#25783,"TANJUNG UMA, LUBUK BAJA, KOTA BATAM, KEPULAUAN RIAU",38,98,163,261
https://kawalpemilu.org#25783,"TANJUNG UMA, LUBUK BAJA, KOTA BATAM, KEPULAUAN RIAU",41,94,100,194
https://kawalpemilu.org#25783,"TANJUNG UMA, LUBUK BAJA, KOTA BATAM, KEPULAUAN RIAU",42,39,99,138
https://kawalpemilu.org#25783,"TANJUNG UMA, LUBUK BAJA, KOTA BATAM, KEPULAUAN RIAU",43,90,76,166
https://kawalpemilu.org#25783,"TANJUNG UMA, LUBUK BAJA, KOTA BATAM, KEPULAUAN RIAU",44,91,104,195
https://kawalpemilu.org#25783,"TANJUNG UMA, LUBUK BAJA, KOTA BATAM, KEPULAUAN RIAU",45,138,64,202
https://kawalpemilu.org#25783,"TANJUNG UMA, LUBUK BAJA, KOTA BATAM, KEPULAUAN RIAU",46,152,36,188
https://kawalpemilu.org#25783,"TANJUNG UMA, LUBUK BAJA, KOTA BATAM, KEPULAUAN RIAU",47,136,49,185
https://kawalpemilu.org#25783,"TANJUNG UMA, LUBUK BAJA, KOTA BATAM, KEPULAUAN RIAU",48,160,44,204
https://kawalpemilu.org#25783,"TANJUNG UMA, LUBUK BAJA, KOTA BATAM, KEPULAUAN RIAU",49,232,19,251
https://kawalpemilu.org#25783,"TANJUNG UMA, LUBUK BAJA, KOTA BATAM, KEPULAUAN RIAU",50,215,19,234
https://kawalpemilu.org#25783,"TANJUNG UMA, LUBUK BAJA, KOTA BATAM, KEPULAUAN RIAU",51,206,21,227
https://kawalpemilu.org#25783,"TANJUNG UMA, LUBUK BAJA, KOTA BATAM, KEPULAUAN RIAU",52,167,24,191
https://kawalpemilu.org#25783,"TANJUNG UMA, LUBUK BAJA, KOTA BATAM, KEPULAUAN RIAU",53,195,23,218
https://kawalpemilu.org#25783,"TANJUNG UMA, LUBUK BAJA, KOTA BATAM, KEPULAUAN RIAU",54,90,104,194
https://kawalpemilu.org#25783,"TANJUNG UMA, LUBUK BAJA, KOTA BATAM, KEPULAUAN RIAU",55,64,91,155
https://kawalpemilu.org#25783,"TANJUNG UMA, LUBUK BAJA, KOTA BATAM, KEPULAUAN RIAU",56,92,71,163
https://kawalpemilu.org#25783,"TANJUNG UMA, LUBUK BAJA, KOTA BATAM, KEPULAUAN RIAU",57,75,122,197
https://kawalpemilu.org#25783,"TANJUNG UMA, LUBUK BAJA, KOTA BATAM, KEPULAUAN RIAU",58,63,87,150
https://kawalpemilu.org#25783,"TANJUNG UMA, LUBUK BAJA, KOTA BATAM, KEPULAUAN RIAU",59,76,71,147
https://kawalpemilu.org#25783,"TANJUNG UMA, LUBUK BAJA, KOTA BATAM, KEPULAUAN RIAU",60,110,141,251
https://kawalpemilu.org#25783,"TANJUNG UMA, LUBUK BAJA, KOTA BATAM, KEPULAUAN RIAU",61,53,72,125
https://kawalpemilu.org#25784,"LUBUK BAJA KOTA, LUBUK BAJA, KOTA BATAM, KEPULAUAN RIAU",1,104,36,140
https://kawalpemilu.org#25784,"LUBUK BAJA KOTA, LUBUK BAJA, KOTA BATAM, KEPULAUAN RIAU",2,150,38,188
https://kawalpemilu.org#25784,"LUBUK BAJA KOTA, LUBUK BAJA, KOTA BATAM, KEPULAUAN RIAU",3,144,56,200
https://kawalpemilu.org#25784,"LUBUK BAJA KOTA, LUBUK BAJA, KOTA BATAM, KEPULAUAN RIAU",4,149,13,162
https://kawalpemilu.org#25784,"LUBUK BAJA KOTA, LUBUK BAJA, KOTA BATAM, KEPULAUAN RIAU",5,115,11,126
https://kawalpemilu.org#25784,"LUBUK BAJA KOTA, LUBUK BAJA, KOTA BATAM, KEPULAUAN RIAU",7,131,15,146
https://kawalpemilu.org#25784,"LUBUK BAJA KOTA, LUBUK BAJA, KOTA BATAM, KEPULAUAN RIAU",8,131,7,138
https://kawalpemilu.org#25784,"LUBUK BAJA KOTA, LUBUK BAJA, KOTA BATAM, KEPULAUAN RIAU",10,93,51,144
https://kawalpemilu.org#25784,"LUBUK BAJA KOTA, LUBUK BAJA, KOTA BATAM, KEPULAUAN RIAU",11,115,36,151
https://kawalpemilu.org#25784,"LUBUK BAJA KOTA, LUBUK BAJA, KOTA BATAM, KEPULAUAN RIAU",12,119,40,159
https://kawalpemilu.org#25784,"LUBUK BAJA KOTA, LUBUK BAJA, KOTA BATAM, KEPULAUAN RIAU",13,71,26,97
https://kawalpemilu.org#25784,"LUBUK BAJA KOTA, LUBUK BAJA, KOTA BATAM, KEPULAUAN RIAU",14,149,12,161
https://kawalpemilu.org#25784,"LUBUK BAJA KOTA, LUBUK BAJA, KOTA BATAM, KEPULAUAN RIAU",17,176,9,185
https://kawalpemilu.org#25784,"LUBUK BAJA KOTA, LUBUK BAJA, KOTA BATAM, KEPULAUAN RIAU",18,133,3,136
https://kawalpemilu.org#25784,"LUBUK BAJA KOTA, LUBUK BAJA, KOTA BATAM, KEPULAUAN RIAU",19,134,21,155
https://kawalpemilu.org#25784,"LUBUK BAJA KOTA, LUBUK BAJA, KOTA BATAM, KEPULAUAN RIAU",21,151,33,184
https://kawalpemilu.org#25784,"LUBUK BAJA KOTA, LUBUK BAJA, KOTA BATAM, KEPULAUAN RIAU",22,118,30,148
https://kawalpemilu.org#25784,"LUBUK BAJA KOTA, LUBUK BAJA, KOTA BATAM, KEPULAUAN RIAU",23,109,33,142
https://kawalpemilu.org#25784,"LUBUK BAJA KOTA, LUBUK BAJA, KOTA BATAM, KEPULAUAN RIAU",25,104,51,155
https://kawalpemilu.org#25784,"LUBUK BAJA KOTA, LUBUK BAJA, KOTA BATAM, KEPULAUAN RIAU",26,96,15,111
https://kawalpemilu.org#25784,"LUBUK BAJA KOTA, LUBUK BAJA, KOTA BATAM, KEPULAUAN RIAU",27,64,9,73
https://kawalpemilu.org#25784,"LUBUK BAJA KOTA, LUBUK BAJA, KOTA BATAM, KEPULAUAN RIAU",28,84,29,113
https://kawalpemilu.org#25784,"LUBUK BAJA KOTA, LUBUK BAJA, KOTA BATAM, KEPULAUAN RIAU",29,75,36,111
https://kawalpemilu.org#25784,"LUBUK BAJA KOTA, LUBUK BAJA, KOTA BATAM, KEPULAUAN RIAU",30,107,30,137
https://kawalpemilu.org#25784,"LUBUK BAJA KOTA, LUBUK BAJA, KOTA BATAM, KEPULAUAN RIAU",31,122,5,127
https://kawalpemilu.org#25784,"LUBUK BAJA KOTA, LUBUK BAJA, KOTA BATAM, KEPULAUAN RIAU",32,125,14,139
https://kawalpemilu.org#25784,"LUBUK BAJA KOTA, LUBUK BAJA, KOTA BATAM, KEPULAUAN RIAU",33,73,123,196
https://kawalpemilu.org#25784,"LUBUK BAJA KOTA, LUBUK BAJA, KOTA BATAM, KEPULAUAN RIAU",34,126,80,206
https://kawalpemilu.org#25784,"LUBUK BAJA KOTA, LUBUK BAJA, KOTA BATAM, KEPULAUAN RIAU",36,97,55,152
https://kawalpemilu.org#25784,"LUBUK BAJA KOTA, LUBUK BAJA, KOTA BATAM, KEPULAUAN RIAU",38,217,27,244
https://kawalpemilu.org#25784,"LUBUK BAJA KOTA, LUBUK BAJA, KOTA BATAM, KEPULAUAN RIAU",39,151,54,205
https://kawalpemilu.org#25784,"LUBUK BAJA KOTA, LUBUK BAJA, KOTA BATAM, KEPULAUAN RIAU",40,65,43,108
https://kawalpemilu.org#25784,"LUBUK BAJA KOTA, LUBUK BAJA, KOTA BATAM, KEPULAUAN RIAU",41,116,64,180
https://kawalpemilu.org#25784,"LUBUK BAJA KOTA, LUBUK BAJA, KOTA BATAM, KEPULAUAN RIAU",43,79,46,125
https://kawalpemilu.org#25784,"LUBUK BAJA KOTA, LUBUK BAJA, KOTA BATAM, KEPULAUAN RIAU",44,98,63,161
https://kawalpemilu.org#25784,"LUBUK BAJA KOTA, LUBUK BAJA, KOTA BATAM, KEPULAUAN RIAU",45,72,35,107
https://kawalpemilu.org#25784,"LUBUK BAJA KOTA, LUBUK BAJA, KOTA BATAM, KEPULAUAN RIAU",47,69,23,92
https://kawalpemilu.org#25784,"LUBUK BAJA KOTA, LUBUK BAJA, KOTA BATAM, KEPULAUAN RIAU",48,128,16,144
https://kawalpemilu.org#25786,"TANJUNG PIAYU, SEI BEDUK, KOTA BATAM, KEPULAUAN RIAU",1,174,79,253
https://kawalpemilu.org#25786,"TANJUNG PIAYU, SEI BEDUK, KOTA BATAM, KEPULAUAN RIAU",2,163,68,231
https://kawalpemilu.org#25786,"TANJUNG PIAYU, SEI BEDUK, KOTA BATAM, KEPULAUAN RIAU",3,146,86,232
https://kawalpemilu.org#25786,"TANJUNG PIAYU, SEI BEDUK, KOTA BATAM, KEPULAUAN RIAU",4,130,110,240
https://kawalpemilu.org#25786,"TANJUNG PIAYU, SEI BEDUK, KOTA BATAM, KEPULAUAN RIAU",5,129,110,239
https://kawalpemilu.org#25786,"TANJUNG PIAYU, SEI BEDUK, KOTA BATAM, KEPULAUAN RIAU",6,87,35,122
https://kawalpemilu.org#25786,"TANJUNG PIAYU, SEI BEDUK, KOTA BATAM, KEPULAUAN RIAU",7,108,127,235
https://kawalpemilu.org#25786,"TANJUNG PIAYU, SEI BEDUK, KOTA BATAM, KEPULAUAN RIAU",8,122,128,250
https://kawalpemilu.org#25786,"TANJUNG PIAYU, SEI BEDUK, KOTA BATAM, KEPULAUAN RIAU",9,120,112,232
https://kawalpemilu.org#25786,"TANJUNG PIAYU, SEI BEDUK, KOTA BATAM, KEPULAUAN RIAU",10,145,144,289
https://kawalpemilu.org#25786,"TANJUNG PIAYU, SEI BEDUK, KOTA BATAM, KEPULAUAN RIAU",12,124,155,279
https://kawalpemilu.org#25786,"TANJUNG PIAYU, SEI BEDUK, KOTA BATAM, KEPULAUAN RIAU",13,34,169,203
https://kawalpemilu.org#25786,"TANJUNG PIAYU, SEI BEDUK, KOTA BATAM, KEPULAUAN RIAU",14,149,89,238
https://kawalpemilu.org#25786,"TANJUNG PIAYU, SEI BEDUK, KOTA BATAM, KEPULAUAN RIAU",15,175,106,281
https://kawalpemilu.org#25786,"TANJUNG PIAYU, SEI BEDUK, KOTA BATAM, KEPULAUAN RIAU",16,104,103,207
https://kawalpemilu.org#25786,"TANJUNG PIAYU, SEI BEDUK, KOTA BATAM, KEPULAUAN RIAU",17,137,114,251
https://kawalpemilu.org#25786,"TANJUNG PIAYU, SEI BEDUK, KOTA BATAM, KEPULAUAN RIAU",18,165,53,218
https://kawalpemilu.org#25786,"TANJUNG PIAYU, SEI BEDUK, KOTA BATAM, KEPULAUAN RIAU",19,102,19,121
https://kawalpemilu.org#25786,"TANJUNG PIAYU, SEI BEDUK, KOTA BATAM, KEPULAUAN RIAU",20,62,182,244
https://kawalpemilu.org#25786,"TANJUNG PIAYU, SEI BEDUK, KOTA BATAM, KEPULAUAN RIAU",21,57,64,121
https://kawalpemilu.org#25786,"TANJUNG PIAYU, SEI BEDUK, KOTA BATAM, KEPULAUAN RIAU",22,54,77,131
https://kawalpemilu.org#25786,"TANJUNG PIAYU, SEI BEDUK, KOTA BATAM, KEPULAUAN RIAU",23,103,89,192
https://kawalpemilu.org#25786,"TANJUNG PIAYU, SEI BEDUK, KOTA BATAM, KEPULAUAN RIAU",24,91,109,200
https://kawalpemilu.org#25786,"TANJUNG PIAYU, SEI BEDUK, KOTA BATAM, KEPULAUAN RIAU",25,103,99,202
https://kawalpemilu.org#25786,"TANJUNG PIAYU, SEI BEDUK, KOTA BATAM, KEPULAUAN RIAU",26,126,28,154
https://kawalpemilu.org#25786,"TANJUNG PIAYU, SEI BEDUK, KOTA BATAM, KEPULAUAN RIAU",28,81,78,159
https://kawalpemilu.org#25786,"TANJUNG PIAYU, SEI BEDUK, KOTA BATAM, KEPULAUAN RIAU",29,140,86,226
https://kawalpemilu.org#25786,"TANJUNG PIAYU, SEI BEDUK, KOTA BATAM, KEPULAUAN RIAU",30,115,144,259
https://kawalpemilu.org#25786,"TANJUNG PIAYU, SEI BEDUK, KOTA BATAM, KEPULAUAN RIAU",31,90,84,174
https://kawalpemilu.org#25786,"TANJUNG PIAYU, SEI BEDUK, KOTA BATAM, KEPULAUAN RIAU",32,118,126,244
https://kawalpemilu.org#25786,"TANJUNG PIAYU, SEI BEDUK, KOTA BATAM, KEPULAUAN RIAU",33,0,0,0
https://kawalpemilu.org#25786,"TANJUNG PIAYU, SEI BEDUK, KOTA BATAM, KEPULAUAN RIAU",35,78,45,123
https://kawalpemilu.org#25786,"TANJUNG PIAYU, SEI BEDUK, KOTA BATAM, KEPULAUAN RIAU",36,56,25,81
https://kawalpemilu.org#25786,"TANJUNG PIAYU, SEI BEDUK, KOTA BATAM, KEPULAUAN RIAU",37,192,50,242
https://kawalpemilu.org#25786,"TANJUNG PIAYU, SEI BEDUK, KOTA BATAM, KEPULAUAN RIAU",38,126,9,135
https://kawalpemilu.org#25786,"TANJUNG PIAYU, SEI BEDUK, KOTA BATAM, KEPULAUAN RIAU",39,179,25,204
https://kawalpemilu.org#25786,"TANJUNG PIAYU, SEI BEDUK, KOTA BATAM, KEPULAUAN RIAU",40,138,115,253
https://kawalpemilu.org#25786,"TANJUNG PIAYU, SEI BEDUK, KOTA BATAM, KEPULAUAN RIAU",41,144,123,267
https://kawalpemilu.org#25786,"TANJUNG PIAYU, SEI BEDUK, KOTA BATAM, KEPULAUAN RIAU",42,124,129,253
https://kawalpemilu.org#25786,"TANJUNG PIAYU, SEI BEDUK, KOTA BATAM, KEPULAUAN RIAU",43,91,137,228
https://kawalpemilu.org#25786,"TANJUNG PIAYU, SEI BEDUK, KOTA BATAM, KEPULAUAN RIAU",44,81,66,147
https://kawalpemilu.org#25786,"TANJUNG PIAYU, SEI BEDUK, KOTA BATAM, KEPULAUAN RIAU",45,89,78,151
https://kawalpemilu.org#25786,"TANJUNG PIAYU, SEI BEDUK, KOTA BATAM, KEPULAUAN RIAU",46,86,112,198
https://kawalpemilu.org#25786,"TANJUNG PIAYU, SEI BEDUK, KOTA BATAM, KEPULAUAN RIAU",47,56,57,113
https://kawalpemilu.org#25786,"TANJUNG PIAYU, SEI BEDUK, KOTA BATAM, KEPULAUAN RIAU",48,107,41,148
https://kawalpemilu.org#25786,"TANJUNG PIAYU, SEI BEDUK, KOTA BATAM, KEPULAUAN RIAU",49,110,117,227
https://kawalpemilu.org#25787,"DURIANGKANG, SEI BEDUK, KOTA BATAM, KEPULAUAN RIAU",1,104,88,192
https://kawalpemilu.org#25787,"DURIANGKANG, SEI BEDUK, KOTA BATAM, KEPULAUAN RIAU",2,122,95,217
https://kawalpemilu.org#25787,"DURIANGKANG, SEI BEDUK, KOTA BATAM, KEPULAUAN RIAU",3,97,109,206
https://kawalpemilu.org#25787,"DURIANGKANG, SEI BEDUK, KOTA BATAM, KEPULAUAN RIAU",4,129,112,241
https://kawalpemilu.org#25787,"DURIANGKANG, SEI BEDUK, KOTA BATAM, KEPULAUAN RIAU",5,77,147,224
https://kawalpemilu.org#25787,"DURIANGKANG, SEI BEDUK, KOTA BATAM, KEPULAUAN RIAU",6,118,128,246
https://kawalpemilu.org#25787,"DURIANGKANG, SEI BEDUK, KOTA BATAM, KEPULAUAN RIAU",7,98,139,237
https://kawalpemilu.org#25787,"DURIANGKANG, SEI BEDUK, KOTA BATAM, KEPULAUAN RIAU",8,100,150,250
https://kawalpemilu.org#25787,"DURIANGKANG, SEI BEDUK, KOTA BATAM, KEPULAUAN RIAU",9,80,169,249
https://kawalpemilu.org#25787,"DURIANGKANG, SEI BEDUK, KOTA BATAM, KEPULAUAN RIAU",10,94,139,233
https://kawalpemilu.org#25787,"DURIANGKANG, SEI BEDUK, KOTA BATAM, KEPULAUAN RIAU",11,101,111,212
https://kawalpemilu.org#25787,"DURIANGKANG, SEI BEDUK, KOTA BATAM, KEPULAUAN RIAU",12,50,108,158
https://kawalpemilu.org#25787,"DURIANGKANG, SEI BEDUK, KOTA BATAM, KEPULAUAN RIAU",13,31,102,133
https://kawalpemilu.org#25787,"DURIANGKANG, SEI BEDUK, KOTA BATAM, KEPULAUAN RIAU",14,72,123,195
https://kawalpemilu.org#25787,"DURIANGKANG, SEI BEDUK, KOTA BATAM, KEPULAUAN RIAU",15,74,144,218
https://kawalpemilu.org#25787,"DURIANGKANG, SEI BEDUK, KOTA BATAM, KEPULAUAN RIAU",16,97,118,215
https://kawalpemilu.org#25787,"DURIANGKANG, SEI BEDUK, KOTA BATAM, KEPULAUAN RIAU",17,102,121,223
https://kawalpemilu.org#25787,"DURIANGKANG, SEI BEDUK, KOTA BATAM, KEPULAUAN RIAU",18,65,118,183
https://kawalpemilu.org#25787,"DURIANGKANG, SEI BEDUK, KOTA BATAM, KEPULAUAN RIAU",19,90,152,245
https://kawalpemilu.org#25787,"DURIANGKANG, SEI BEDUK, KOTA BATAM, KEPULAUAN RIAU",20,90,152,242
https://kawalpemilu.org#25787,"DURIANGKANG, SEI BEDUK, KOTA BATAM, KEPULAUAN RIAU",21,219,37,256
https://kawalpemilu.org#25787,"DURIANGKANG, SEI BEDUK, KOTA BATAM, KEPULAUAN RIAU",22,168,7,175
https://kawalpemilu.org#25787,"DURIANGKANG, SEI BEDUK, KOTA BATAM, KEPULAUAN RIAU",23,150,136,286
https://kawalpemilu.org#25787,"DURIANGKANG, SEI BEDUK, KOTA BATAM, KEPULAUAN RIAU",24,159,97,256
https://kawalpemilu.org#25787,"DURIANGKANG, SEI BEDUK, KOTA BATAM, KEPULAUAN RIAU",25,190,76,266
https://kawalpemilu.org#25787,"DURIANGKANG, SEI BEDUK, KOTA BATAM, KEPULAUAN RIAU",26,93,142,235
https://kawalpemilu.org#25787,"DURIANGKANG, SEI BEDUK, KOTA BATAM, KEPULAUAN RIAU",27,159,47,206
https://kawalpemilu.org#25787,"DURIANGKANG, SEI BEDUK, KOTA BATAM, KEPULAUAN RIAU",28,91,101,192
https://kawalpemilu.org#25787,"DURIANGKANG, SEI BEDUK, KOTA BATAM, KEPULAUAN RIAU",29,120,93,213
https://kawalpemilu.org#25787,"DURIANGKANG, SEI BEDUK, KOTA BATAM, KEPULAUAN RIAU",30,110,115,225
https://kawalpemilu.org#25787,"DURIANGKANG, SEI BEDUK, KOTA BATAM, KEPULAUAN RIAU",31,62,79,141
https://kawalpemilu.org#25787,"DURIANGKANG, SEI BEDUK, KOTA BATAM, KEPULAUAN RIAU",32,89,93,182
https://kawalpemilu.org#25787,"DURIANGKANG, SEI BEDUK, KOTA BATAM, KEPULAUAN RIAU",34,126,125,251
https://kawalpemilu.org#25787,"DURIANGKANG, SEI BEDUK, KOTA BATAM, KEPULAUAN RIAU",35,65,62,127
https://kawalpemilu.org#25787,"DURIANGKANG, SEI BEDUK, KOTA BATAM, KEPULAUAN RIAU",36,113,137,250
https://kawalpemilu.org#25787,"DURIANGKANG, SEI BEDUK, KOTA BATAM, KEPULAUAN RIAU",37,47,74,121
https://kawalpemilu.org#25787,"DURIANGKANG, SEI BEDUK, KOTA BATAM, KEPULAUAN RIAU",38,56,84,140
https://kawalpemilu.org#25787,"DURIANGKANG, SEI BEDUK, KOTA BATAM, KEPULAUAN RIAU",39,61,64,125
https://kawalpemilu.org#25787,"DURIANGKANG, SEI BEDUK, KOTA BATAM, KEPULAUAN RIAU",40,187,44,231
https://kawalpemilu.org#25787,"DURIANGKANG, SEI BEDUK, KOTA BATAM, KEPULAUAN RIAU",41,180,43,223
https://kawalpemilu.org#25787,"DURIANGKANG, SEI BEDUK, KOTA BATAM, KEPULAUAN RIAU",42,119,23,142
https://kawalpemilu.org#25787,"DURIANGKANG, SEI BEDUK, KOTA BATAM, KEPULAUAN RIAU",43,98,130,228
https://kawalpemilu.org#25787,"DURIANGKANG, SEI BEDUK, KOTA BATAM, KEPULAUAN RIAU",45,55,47,102
https://kawalpemilu.org#25787,"DURIANGKANG, SEI BEDUK, KOTA BATAM, KEPULAUAN RIAU",46,150,39,189
https://kawalpemilu.org#25787,"DURIANGKANG, SEI BEDUK, KOTA BATAM, KEPULAUAN RIAU",47,51,104,155
https://kawalpemilu.org#25788,"MANGSANG, SEI BEDUK, KOTA BATAM, KEPULAUAN RIAU",1,141,95,236
https://kawalpemilu.org#25788,"MANGSANG, SEI BEDUK, KOTA BATAM, KEPULAUAN RIAU",2,59,103,162
https://kawalpemilu.org#25788,"MANGSANG, SEI BEDUK, KOTA BATAM, KEPULAUAN RIAU",3,97,86,183
https://kawalpemilu.org#25788,"MANGSANG, SEI BEDUK, KOTA BATAM, KEPULAUAN RIAU",4,142,41,183
https://kawalpemilu.org#25788,"MANGSANG, SEI BEDUK, KOTA BATAM, KEPULAUAN RIAU",5,111,44,155
https://kawalpemilu.org#25788,"MANGSANG, SEI BEDUK, KOTA BATAM, KEPULAUAN RIAU",6,49,78,127
https://kawalpemilu.org#25788,"MANGSANG, SEI BEDUK, KOTA BATAM, KEPULAUAN RIAU",7,81,48,129
https://kawalpemilu.org#25788,"MANGSANG, SEI BEDUK, KOTA BATAM, KEPULAUAN RIAU",8,160,120,280
https://kawalpemilu.org#25788,"MANGSANG, SEI BEDUK, KOTA BATAM, KEPULAUAN RIAU",9,65,52,117
https://kawalpemilu.org#25788,"MANGSANG, SEI BEDUK, KOTA BATAM, KEPULAUAN RIAU",10,80,53,133
https://kawalpemilu.org#25788,"MANGSANG, SEI BEDUK, KOTA BATAM, KEPULAUAN RIAU",11,88,49,137
https://kawalpemilu.org#25788,"MANGSANG, SEI BEDUK, KOTA BATAM, KEPULAUAN RIAU",12,108,160,268
https://kawalpemilu.org#25788,"MANGSANG, SEI BEDUK, KOTA BATAM, KEPULAUAN RIAU",13,234,41,275
https://kawalpemilu.org#25788,"MANGSANG, SEI BEDUK, KOTA BATAM, KEPULAUAN RIAU",14,143,80,223
https://kawalpemilu.org#25788,"MANGSANG, SEI BEDUK, KOTA BATAM, KEPULAUAN RIAU",15,94,102,196
https://kawalpemilu.org#25788,"MANGSANG, SEI BEDUK, KOTA BATAM, KEPULAUAN RIAU",16,181,27,208
https://kawalpemilu.org#25788,"MANGSANG, SEI BEDUK, KOTA BATAM, KEPULAUAN RIAU",17,74,126,200
https://kawalpemilu.org#25788,"MANGSANG, SEI BEDUK, KOTA BATAM, KEPULAUAN RIAU",18,70,90,160
https://kawalpemilu.org#25788,"MANGSANG, SEI BEDUK, KOTA BATAM, KEPULAUAN RIAU",19,96,44,140
https://kawalpemilu.org#25788,"MANGSANG, SEI BEDUK, KOTA BATAM, KEPULAUAN RIAU",20,151,91,242
https://kawalpemilu.org#25788,"MANGSANG, SEI BEDUK, KOTA BATAM, KEPULAUAN RIAU",21,117,54,171
https://kawalpemilu.org#25788,"MANGSANG, SEI BEDUK, KOTA BATAM, KEPULAUAN RIAU",22,106,37,143
https://kawalpemilu.org#25788,"MANGSANG, SEI BEDUK, KOTA BATAM, KEPULAUAN RIAU",23,95,123,218
https://kawalpemilu.org#25788,"MANGSANG, SEI BEDUK, KOTA BATAM, KEPULAUAN RIAU",24,40,66,106
https://kawalpemilu.org#25788,"MANGSANG, SEI BEDUK, KOTA BATAM, KEPULAUAN RIAU",25,40,88,128
https://kawalpemilu.org#25788,"MANGSANG, SEI BEDUK, KOTA BATAM, KEPULAUAN RIAU",26,83,108,191
https://kawalpemilu.org#25788,"MANGSANG, SEI BEDUK, KOTA BATAM, KEPULAUAN RIAU",27,49,106,155
https://kawalpemilu.org#25788,"MANGSANG, SEI BEDUK, KOTA BATAM, KEPULAUAN RIAU",28,42,118,160
https://kawalpemilu.org#25788,"MANGSANG, SEI BEDUK, KOTA BATAM, KEPULAUAN RIAU",29,33,115,148
https://kawalpemilu.org#25788,"MANGSANG, SEI BEDUK, KOTA BATAM, KEPULAUAN RIAU",30,64,145,209
https://kawalpemilu.org#25788,"MANGSANG, SEI BEDUK, KOTA BATAM, KEPULAUAN RIAU",31,74,82,156
https://kawalpemilu.org#25788,"MANGSANG, SEI BEDUK, KOTA BATAM, KEPULAUAN RIAU",32,66,45,111
https://kawalpemilu.org#25788,"MANGSANG, SEI BEDUK, KOTA BATAM, KEPULAUAN RIAU",33,40,65,105
https://kawalpemilu.org#25788,"MANGSANG, SEI BEDUK, KOTA BATAM, KEPULAUAN RIAU",34,106,40,146
https://kawalpemilu.org#25788,"MANGSANG, SEI BEDUK, KOTA BATAM, KEPULAUAN RIAU",35,79,111,190
https://kawalpemilu.org#25788,"MANGSANG, SEI BEDUK, KOTA BATAM, KEPULAUAN RIAU",36,164,71,235
https://kawalpemilu.org#25788,"MANGSANG, SEI BEDUK, KOTA BATAM, KEPULAUAN RIAU",37,91,41,132
https://kawalpemilu.org#25788,"MANGSANG, SEI BEDUK, KOTA BATAM, KEPULAUAN RIAU",38,94,87,181
https://kawalpemilu.org#25788,"MANGSANG, SEI BEDUK, KOTA BATAM, KEPULAUAN RIAU",39,45,32,77
https://kawalpemilu.org#25788,"MANGSANG, SEI BEDUK, KOTA BATAM, KEPULAUAN RIAU",40,76,86,162
https://kawalpemilu.org#25788,"MANGSANG, SEI BEDUK, KOTA BATAM, KEPULAUAN RIAU",41,77,128,205
https://kawalpemilu.org#25788,"MANGSANG, SEI BEDUK, KOTA BATAM, KEPULAUAN RIAU",42,46,92,138
https://kawalpemilu.org#25788,"MANGSANG, SEI BEDUK, KOTA BATAM, KEPULAUAN RIAU",43,42,94,136
https://kawalpemilu.org#25788,"MANGSANG, SEI BEDUK, KOTA BATAM, KEPULAUAN RIAU",44,74,122,196
https://kawalpemilu.org#25788,"MANGSANG, SEI BEDUK, KOTA BATAM, KEPULAUAN RIAU",45,102,54,156
https://kawalpemilu.org#25788,"MANGSANG, SEI BEDUK, KOTA BATAM, KEPULAUAN RIAU",46,71,36,107
https://kawalpemilu.org#25788,"MANGSANG, SEI BEDUK, KOTA BATAM, KEPULAUAN RIAU",47,80,34,114
https://kawalpemilu.org#25788,"MANGSANG, SEI BEDUK, KOTA BATAM, KEPULAUAN RIAU",48,83,51,134
https://kawalpemilu.org#25788,"MANGSANG, SEI BEDUK, KOTA BATAM, KEPULAUAN RIAU",49,92,63,155
https://kawalpemilu.org#25788,"MANGSANG, SEI BEDUK, KOTA BATAM, KEPULAUAN RIAU",50,85,66,151
https://kawalpemilu.org#25788,"MANGSANG, SEI BEDUK, KOTA BATAM, KEPULAUAN RIAU",51,43,60,103
https://kawalpemilu.org#25788,"MANGSANG, SEI BEDUK, KOTA BATAM, KEPULAUAN RIAU",52,50,123,173
https://kawalpemilu.org#25788,"MANGSANG, SEI BEDUK, KOTA BATAM, KEPULAUAN RIAU",53,44,102,146
https://kawalpemilu.org#25788,"MANGSANG, SEI BEDUK, KOTA BATAM, KEPULAUAN RIAU",54,67,98,165
https://kawalpemilu.org#25788,"MANGSANG, SEI BEDUK, KOTA BATAM, KEPULAUAN RIAU",55,74,50,0
https://kawalpemilu.org#25788,"MANGSANG, SEI BEDUK, KOTA BATAM, KEPULAUAN RIAU",56,53,14,67
https://kawalpemilu.org#25788,"MANGSANG, SEI BEDUK, KOTA BATAM, KEPULAUAN RIAU",57,45,72,117
https://kawalpemilu.org#25788,"MANGSANG, SEI BEDUK, KOTA BATAM, KEPULAUAN RIAU",58,129,16,145
https://kawalpemilu.org#25788,"MANGSANG, SEI BEDUK, KOTA BATAM, KEPULAUAN RIAU",59,181,28,209
https://kawalpemilu.org#25788,"MANGSANG, SEI BEDUK, KOTA BATAM, KEPULAUAN RIAU",60,193,18,211
https://kawalpemilu.org#25788,"MANGSANG, SEI BEDUK, KOTA BATAM, KEPULAUAN RIAU",61,147,12,159
https://kawalpemilu.org#25788,"MANGSANG, SEI BEDUK, KOTA BATAM, KEPULAUAN RIAU",63,48,188,236
https://kawalpemilu.org#25788,"MANGSANG, SEI BEDUK, KOTA BATAM, KEPULAUAN RIAU",64,68,56,124
https://kawalpemilu.org#25788,"MANGSANG, SEI BEDUK, KOTA BATAM, KEPULAUAN RIAU",65,92,137,229
https://kawalpemilu.org#25788,"MANGSANG, SEI BEDUK, KOTA BATAM, KEPULAUAN RIAU",66,33,67,100
https://kawalpemilu.org#25788,"MANGSANG, SEI BEDUK, KOTA BATAM, KEPULAUAN RIAU",67,64,138,202
https://kawalpemilu.org#25788,"MANGSANG, SEI BEDUK, KOTA BATAM, KEPULAUAN RIAU",68,50,12,62
https://kawalpemilu.org#25788,"MANGSANG, SEI BEDUK, KOTA BATAM, KEPULAUAN RIAU",69,81,93,174
https://kawalpemilu.org#25788,"MANGSANG, SEI BEDUK, KOTA BATAM, KEPULAUAN RIAU",70,62,161,223
https://kawalpemilu.org#25788,"MANGSANG, SEI BEDUK, KOTA BATAM, KEPULAUAN RIAU",71,228,37,265
https://kawalpemilu.org#25788,"MANGSANG, SEI BEDUK, KOTA BATAM, KEPULAUAN RIAU",72,203,54,257
https://kawalpemilu.org#25788,"MANGSANG, SEI BEDUK, KOTA BATAM, KEPULAUAN RIAU",73,19,93,112
https://kawalpemilu.org#25788,"MANGSANG, SEI BEDUK, KOTA BATAM, KEPULAUAN RIAU",74,77,53,130
https://kawalpemilu.org#25788,"MANGSANG, SEI BEDUK, KOTA BATAM, KEPULAUAN RIAU",75,98,51,149
https://kawalpemilu.org#25788,"MANGSANG, SEI BEDUK, KOTA BATAM, KEPULAUAN RIAU",76,92,56,148
https://kawalpemilu.org#25788,"MANGSANG, SEI BEDUK, KOTA BATAM, KEPULAUAN RIAU",77,54,84,138
https://kawalpemilu.org#25788,"MANGSANG, SEI BEDUK, KOTA BATAM, KEPULAUAN RIAU",78,85,50,135
https://kawalpemilu.org#25788,"MANGSANG, SEI BEDUK, KOTA BATAM, KEPULAUAN RIAU",79,93,124,217
https://kawalpemilu.org#25788,"MANGSANG, SEI BEDUK, KOTA BATAM, KEPULAUAN RIAU",80,83,34,117
https://kawalpemilu.org#25788,"MANGSANG, SEI BEDUK, KOTA BATAM, KEPULAUAN RIAU",83,100,90,190
https://kawalpemilu.org#25788,"MANGSANG, SEI BEDUK, KOTA BATAM, KEPULAUAN RIAU",84,58,115,0
https://kawalpemilu.org#25788,"MANGSANG, SEI BEDUK, KOTA BATAM, KEPULAUAN RIAU",85,34,88,122
https://kawalpemilu.org#25788,"MANGSANG, SEI BEDUK, KOTA BATAM, KEPULAUAN RIAU",86,127,10,137
https://kawalpemilu.org#25788,"MANGSANG, SEI BEDUK, KOTA BATAM, KEPULAUAN RIAU",87,183,33,216
https://kawalpemilu.org#25788,"MANGSANG, SEI BEDUK, KOTA BATAM, KEPULAUAN RIAU",88,213,22,235
https://kawalpemilu.org#25788,"MANGSANG, SEI BEDUK, KOTA BATAM, KEPULAUAN RIAU",89,217,22,239
https://kawalpemilu.org#25788,"MANGSANG, SEI BEDUK, KOTA BATAM, KEPULAUAN RIAU",91,37,79,116
https://kawalpemilu.org#25788,"MANGSANG, SEI BEDUK, KOTA BATAM, KEPULAUAN RIAU",92,45,82,127
https://kawalpemilu.org#25788,"MANGSANG, SEI BEDUK, KOTA BATAM, KEPULAUAN RIAU",93,56,40,96
https://kawalpemilu.org#25788,"MANGSANG, SEI BEDUK, KOTA BATAM, KEPULAUAN RIAU",94,83,43,126
https://kawalpemilu.org#25788,"MANGSANG, SEI BEDUK, KOTA BATAM, KEPULAUAN RIAU",95,96,30,126
https://kawalpemilu.org#25788,"MANGSANG, SEI BEDUK, KOTA BATAM, KEPULAUAN RIAU",96,129,54,183
https://kawalpemilu.org#25788,"MANGSANG, SEI BEDUK, KOTA BATAM, KEPULAUAN RIAU",97,71,58,129
https://kawalpemilu.org#25788,"MANGSANG, SEI BEDUK, KOTA BATAM, KEPULAUAN RIAU",98,128,118,246
https://kawalpemilu.org#25788,"MANGSANG, SEI BEDUK, KOTA BATAM, KEPULAUAN RIAU",99,114,81,195
https://kawalpemilu.org#25788,"MANGSANG, SEI BEDUK, KOTA BATAM, KEPULAUAN RIAU",100,97,142,239
https://kawalpemilu.org#25788,"MANGSANG, SEI BEDUK, KOTA BATAM, KEPULAUAN RIAU",101,46,66,112
https://kawalpemilu.org#25788,"MANGSANG, SEI BEDUK, KOTA BATAM, KEPULAUAN RIAU",102,88,154,242
https://kawalpemilu.org#25788,"MANGSANG, SEI BEDUK, KOTA BATAM, KEPULAUAN RIAU",103,90,121,211
https://kawalpemilu.org#25788,"MANGSANG, SEI BEDUK, KOTA BATAM, KEPULAUAN RIAU",104,49,52,101
https://kawalpemilu.org#25788,"MANGSANG, SEI BEDUK, KOTA BATAM, KEPULAUAN RIAU",105,122,53,175
https://kawalpemilu.org#25788,"MANGSANG, SEI BEDUK, KOTA BATAM, KEPULAUAN RIAU",106,83,117,200
https://kawalpemilu.org#25788,"MANGSANG, SEI BEDUK, KOTA BATAM, KEPULAUAN RIAU",107,153,78,231
https://kawalpemilu.org#25788,"MANGSANG, SEI BEDUK, KOTA BATAM, KEPULAUAN RIAU",108,80,114,194
https://kawalpemilu.org#25788,"MANGSANG, SEI BEDUK, KOTA BATAM, KEPULAUAN RIAU",109,87,63,150
https://kawalpemilu.org#25788,"MANGSANG, SEI BEDUK, KOTA BATAM, KEPULAUAN RIAU",110,74,71,145
https://kawalpemilu.org#25789,"MUKA KUNING, SEI BEDUK, KOTA BATAM, KEPULAUAN RIAU",1,133,44,177
https://kawalpemilu.org#25789,"MUKA KUNING, SEI BEDUK, KOTA BATAM, KEPULAUAN RIAU",2,46,132,178
https://kawalpemilu.org#25789,"MUKA KUNING, SEI BEDUK, KOTA BATAM, KEPULAUAN RIAU",3,78,150,228
https://kawalpemilu.org#25789,"MUKA KUNING, SEI BEDUK, KOTA BATAM, KEPULAUAN RIAU",4,47,62,109
https://kawalpemilu.org#25789,"MUKA KUNING, SEI BEDUK, KOTA BATAM, KEPULAUAN RIAU",5,61,51,112
https://kawalpemilu.org#25789,"MUKA KUNING, SEI BEDUK, KOTA BATAM, KEPULAUAN RIAU",6,108,81,189
https://kawalpemilu.org#25789,"MUKA KUNING, SEI BEDUK, KOTA BATAM, KEPULAUAN RIAU",7,145,27,172
https://kawalpemilu.org#25789,"MUKA KUNING, SEI BEDUK, KOTA BATAM, KEPULAUAN RIAU",8,98,107,205
https://kawalpemilu.org#25789,"MUKA KUNING, SEI BEDUK, KOTA BATAM, KEPULAUAN RIAU",9,121,53,174
https://kawalpemilu.org#25789,"MUKA KUNING, SEI BEDUK, KOTA BATAM, KEPULAUAN RIAU",10,32,44,76
https://kawalpemilu.org#25789,"MUKA KUNING, SEI BEDUK, KOTA BATAM, KEPULAUAN RIAU",11,84,99,183
https://kawalpemilu.org#25789,"MUKA KUNING, SEI BEDUK, KOTA BATAM, KEPULAUAN RIAU",14,161,13,174
https://kawalpemilu.org#25789,"MUKA KUNING, SEI BEDUK, KOTA BATAM, KEPULAUAN RIAU",15,70,87,157
https://kawalpemilu.org#25789,"MUKA KUNING, SEI BEDUK, KOTA BATAM, KEPULAUAN RIAU",16,49,53,102
https://kawalpemilu.org#25789,"MUKA KUNING, SEI BEDUK, KOTA BATAM, KEPULAUAN RIAU",17,46,71,117
https://kawalpemilu.org#25789,"MUKA KUNING, SEI BEDUK, KOTA BATAM, KEPULAUAN RIAU",18,61,8,69
https://kawalpemilu.org#25789,"MUKA KUNING, SEI BEDUK, KOTA BATAM, KEPULAUAN RIAU",19,72,19,91
https://kawalpemilu.org#25789,"MUKA KUNING, SEI BEDUK, KOTA BATAM, KEPULAUAN RIAU",20,99,130,229
https://kawalpemilu.org#25789,"MUKA KUNING, SEI BEDUK, KOTA BATAM, KEPULAUAN RIAU",21,53,162,215
https://kawalpemilu.org#25789,"MUKA KUNING, SEI BEDUK, KOTA BATAM, KEPULAUAN RIAU",22,27,74,101
https://kawalpemilu.org#25789,"MUKA KUNING, SEI BEDUK, KOTA BATAM, KEPULAUAN RIAU",23,55,83,138
https://kawalpemilu.org#25789,"MUKA KUNING, SEI BEDUK, KOTA BATAM, KEPULAUAN RIAU",24,172,73,245
https://kawalpemilu.org#25789,"MUKA KUNING, SEI BEDUK, KOTA BATAM, KEPULAUAN RIAU",25,223,63,286
https://kawalpemilu.org#25789,"MUKA KUNING, SEI BEDUK, KOTA BATAM, KEPULAUAN RIAU",26,201,58,259
https://kawalpemilu.org#25789,"MUKA KUNING, SEI BEDUK, KOTA BATAM, KEPULAUAN RIAU",27,228,72,300
https://kawalpemilu.org#25789,"MUKA KUNING, SEI BEDUK, KOTA BATAM, KEPULAUAN RIAU",28,234,64,298
https://kawalpemilu.org#25789,"MUKA KUNING, SEI BEDUK, KOTA BATAM, KEPULAUAN RIAU",29,91,67,158
https://kawalpemilu.org#25789,"MUKA KUNING, SEI BEDUK, KOTA BATAM, KEPULAUAN RIAU",30,165,54,219
https://kawalpemilu.org#25791,"SIJANTUNG, GALANG, KOTA BATAM, KEPULAUAN RIAU",1,152,90,242
https://kawalpemilu.org#25791,"SIJANTUNG, GALANG, KOTA BATAM, KEPULAUAN RIAU",4,116,86,202
https://kawalpemilu.org#25791,"SIJANTUNG, GALANG, KOTA BATAM, KEPULAUAN RIAU",5,224,56,280
https://kawalpemilu.org#25792,"KARAS, GALANG, KOTA BATAM, KEPULAUAN RIAU",1,134,143,277
https://kawalpemilu.org#25792,"KARAS, GALANG, KOTA BATAM, KEPULAUAN RIAU",2,76,163,239
https://kawalpemilu.org#25792,"KARAS, GALANG, KOTA BATAM, KEPULAUAN RIAU",3,76,177,253
https://kawalpemilu.org#25792,"KARAS, GALANG, KOTA BATAM, KEPULAUAN RIAU",4,116,134,250
https://kawalpemilu.org#25792,"KARAS, GALANG, KOTA BATAM, KEPULAUAN RIAU",5,37,101,138
https://kawalpemilu.org#25792,"KARAS, GALANG, KOTA BATAM, KEPULAUAN RIAU",6,45,107,152
https://kawalpemilu.org#25792,"KARAS, GALANG, KOTA BATAM, KEPULAUAN RIAU",7,33,120,153
https://kawalpemilu.org#25792,"KARAS, GALANG, KOTA BATAM, KEPULAUAN RIAU",8,115,106,221
https://kawalpemilu.org#25793,"SEMBULANG, GALANG, KOTA BATAM, KEPULAUAN RIAU",1,78,71,149
https://kawalpemilu.org#25793,"SEMBULANG, GALANG, KOTA BATAM, KEPULAUAN RIAU",2,246,31,277
https://kawalpemilu.org#25793,"SEMBULANG, GALANG, KOTA BATAM, KEPULAUAN RIAU",3,263,20,283
https://kawalpemilu.org#25793,"SEMBULANG, GALANG, KOTA BATAM, KEPULAUAN RIAU",4,177,47,224
https://kawalpemilu.org#25793,"SEMBULANG, GALANG, KOTA BATAM, KEPULAUAN RIAU",5,116,118,234
https://kawalpemilu.org#25793,"SEMBULANG, GALANG, KOTA BATAM, KEPULAUAN RIAU",6,200,65,265
https://kawalpemilu.org#25793,"SEMBULANG, GALANG, KOTA BATAM, KEPULAUAN RIAU",7,139,108,247
https://kawalpemilu.org#25794,"SUBANG MAS, GALANG, KOTA BATAM, KEPULAUAN RIAU",1,140,63,203
https://kawalpemilu.org#25794,"SUBANG MAS, GALANG, KOTA BATAM, KEPULAUAN RIAU",3,79,5,84
https://kawalpemilu.org#25795,"REMPANG CATE, GALANG, KOTA BATAM, KEPULAUAN RIAU",2,174,93,267
https://kawalpemilu.org#25795,"REMPANG CATE, GALANG, KOTA BATAM, KEPULAUAN RIAU",3,127,68,199
https://kawalpemilu.org#25795,"REMPANG CATE, GALANG, KOTA BATAM, KEPULAUAN RIAU",4,89,41,130
https://kawalpemilu.org#25795,"REMPANG CATE, GALANG, KOTA BATAM, KEPULAUAN RIAU",6,169,73,242
https://kawalpemilu.org#25795,"REMPANG CATE, GALANG, KOTA BATAM, KEPULAUAN RIAU",7,115,51,166
https://kawalpemilu.org#25795,"REMPANG CATE, GALANG, KOTA BATAM, KEPULAUAN RIAU",8,106,40,146
https://kawalpemilu.org#25795,"REMPANG CATE, GALANG, KOTA BATAM, KEPULAUAN RIAU",9,99,32,131
https://kawalpemilu.org#25795,"REMPANG CATE, GALANG, KOTA BATAM, KEPULAUAN RIAU",10,100,49,149
https://kawalpemilu.org#25796,"AIR RAJA, GALANG, KOTA BATAM, KEPULAUAN RIAU",1,97,116,213
https://kawalpemilu.org#25796,"AIR RAJA, GALANG, KOTA BATAM, KEPULAUAN RIAU",2,78,80,158
https://kawalpemilu.org#25797,"PULAU ABANG, GALANG, KOTA BATAM, KEPULAUAN RIAU",1,92,137,229
https://kawalpemilu.org#25797,"PULAU ABANG, GALANG, KOTA BATAM, KEPULAUAN RIAU",2,83,90,173
https://kawalpemilu.org#25797,"PULAU ABANG, GALANG, KOTA BATAM, KEPULAUAN RIAU",3,158,63,221
https://kawalpemilu.org#25797,"PULAU ABANG, GALANG, KOTA BATAM, KEPULAUAN RIAU",4,105,85,190
https://kawalpemilu.org#25797,"PULAU ABANG, GALANG, KOTA BATAM, KEPULAUAN RIAU",5,78,65,143
https://kawalpemilu.org#25798,"GALANG BARU, GALANG, KOTA BATAM, KEPULAUAN RIAU",1,100,126,226
https://kawalpemilu.org#25798,"GALANG BARU, GALANG, KOTA BATAM, KEPULAUAN RIAU",3,93,29,122
https://kawalpemilu.org#25798,"GALANG BARU, GALANG, KOTA BATAM, KEPULAUAN RIAU",4,35,32,67
https://kawalpemilu.org#25798,"GALANG BARU, GALANG, KOTA BATAM, KEPULAUAN RIAU",5,75,52,127
https://kawalpemilu.org#25798,"GALANG BARU, GALANG, KOTA BATAM, KEPULAUAN RIAU",6,191,29,220
https://kawalpemilu.org#25798,"GALANG BARU, GALANG, KOTA BATAM, KEPULAUAN RIAU",7,108,8,116
https://kawalpemilu.org#25798,"GALANG BARU, GALANG, KOTA BATAM, KEPULAUAN RIAU",8,75,87,162
https://kawalpemilu.org#25798,"GALANG BARU, GALANG, KOTA BATAM, KEPULAUAN RIAU",9,112,72,184
https://kawalpemilu.org#25798,"GALANG BARU, GALANG, KOTA BATAM, KEPULAUAN RIAU",10,40,72,112
https://kawalpemilu.org#25798,"GALANG BARU, GALANG, KOTA BATAM, KEPULAUAN RIAU",12,87,19,106
https://kawalpemilu.org#25800,"BENGKONG LAUT, BENGKONG, KOTA BATAM, KEPULAUAN RIAU",1,49,146,195
https://kawalpemilu.org#25800,"BENGKONG LAUT, BENGKONG, KOTA BATAM, KEPULAUAN RIAU",2,77,199,276
https://kawalpemilu.org#25800,"BENGKONG LAUT, BENGKONG, KOTA BATAM, KEPULAUAN RIAU",3,46,143,189
https://kawalpemilu.org#25800,"BENGKONG LAUT, BENGKONG, KOTA BATAM, KEPULAUAN RIAU",4,66,152,218
https://kawalpemilu.org#25800,"BENGKONG LAUT, BENGKONG, KOTA BATAM, KEPULAUAN RIAU",5,79,166,245
https://kawalpemilu.org#25800,"BENGKONG LAUT, BENGKONG, KOTA BATAM, KEPULAUAN RIAU",6,86,156,242
https://kawalpemilu.org#25800,"BENGKONG LAUT, BENGKONG, KOTA BATAM, KEPULAUAN RIAU",7,62,100,162
https://kawalpemilu.org#25800,"BENGKONG LAUT, BENGKONG, KOTA BATAM, KEPULAUAN RIAU",8,118,139,257
https://kawalpemilu.org#25800,"BENGKONG LAUT, BENGKONG, KOTA BATAM, KEPULAUAN RIAU",9,40,72,112
https://kawalpemilu.org#25800,"BENGKONG LAUT, BENGKONG, KOTA BATAM, KEPULAUAN RIAU",10,144,127,271
https://kawalpemilu.org#25800,"BENGKONG LAUT, BENGKONG, KOTA BATAM, KEPULAUAN RIAU",11,109,129,238
https://kawalpemilu.org#25800,"BENGKONG LAUT, BENGKONG, KOTA BATAM, KEPULAUAN RIAU",12,84,74,158
https://kawalpemilu.org#25800,"BENGKONG LAUT, BENGKONG, KOTA BATAM, KEPULAUAN RIAU",13,108,137,245
https://kawalpemilu.org#25800,"BENGKONG LAUT, BENGKONG, KOTA BATAM, KEPULAUAN RIAU",14,40,144,184
https://kawalpemilu.org#25800,"BENGKONG LAUT, BENGKONG, KOTA BATAM, KEPULAUAN RIAU",15,94,76,170
https://kawalpemilu.org#25800,"BENGKONG LAUT, BENGKONG, KOTA BATAM, KEPULAUAN RIAU",16,197,74,271
https://kawalpemilu.org#25800,"BENGKONG LAUT, BENGKONG, KOTA BATAM, KEPULAUAN RIAU",17,72,148,220
https://kawalpemilu.org#25800,"BENGKONG LAUT, BENGKONG, KOTA BATAM, KEPULAUAN RIAU",18,92,119,211
https://kawalpemilu.org#25800,"BENGKONG LAUT, BENGKONG, KOTA BATAM, KEPULAUAN RIAU",19,159,87,246
https://kawalpemilu.org#25800,"BENGKONG LAUT, BENGKONG, KOTA BATAM, KEPULAUAN RIAU",20,91,149,240
https://kawalpemilu.org#25800,"BENGKONG LAUT, BENGKONG, KOTA BATAM, KEPULAUAN RIAU",21,76,146,222
https://kawalpemilu.org#25800,"BENGKONG LAUT, BENGKONG, KOTA BATAM, KEPULAUAN RIAU",22,85,123,208
https://kawalpemilu.org#25800,"BENGKONG LAUT, BENGKONG, KOTA BATAM, KEPULAUAN RIAU",23,71,73,144
https://kawalpemilu.org#25800,"BENGKONG LAUT, BENGKONG, KOTA BATAM, KEPULAUAN RIAU",24,43,120,163
https://kawalpemilu.org#25800,"BENGKONG LAUT, BENGKONG, KOTA BATAM, KEPULAUAN RIAU",25,101,133,234
https://kawalpemilu.org#25800,"BENGKONG LAUT, BENGKONG, KOTA BATAM, KEPULAUAN RIAU",26,73,108,181
https://kawalpemilu.org#25800,"BENGKONG LAUT, BENGKONG, KOTA BATAM, KEPULAUAN RIAU",27,31,93,123
https://kawalpemilu.org#25800,"BENGKONG LAUT, BENGKONG, KOTA BATAM, KEPULAUAN RIAU",28,208,49,257
https://kawalpemilu.org#25800,"BENGKONG LAUT, BENGKONG, KOTA BATAM, KEPULAUAN RIAU",29,116,51,167
https://kawalpemilu.org#25800,"BENGKONG LAUT, BENGKONG, KOTA BATAM, KEPULAUAN RIAU",30,145,17,162
https://kawalpemilu.org#25800,"BENGKONG LAUT, BENGKONG, KOTA BATAM, KEPULAUAN RIAU",31,66,85,151
https://kawalpemilu.org#25800,"BENGKONG LAUT, BENGKONG, KOTA BATAM, KEPULAUAN RIAU",32,108,110,218
https://kawalpemilu.org#25800,"BENGKONG LAUT, BENGKONG, KOTA BATAM, KEPULAUAN RIAU",33,94,156,250
https://kawalpemilu.org#25800,"BENGKONG LAUT, BENGKONG, KOTA BATAM, KEPULAUAN RIAU",34,66,50,116
https://kawalpemilu.org#25800,"BENGKONG LAUT, BENGKONG, KOTA BATAM, KEPULAUAN RIAU",35,90,134,224
https://kawalpemilu.org#25800,"BENGKONG LAUT, BENGKONG, KOTA BATAM, KEPULAUAN RIAU",36,73,101,174
https://kawalpemilu.org#25800,"BENGKONG LAUT, BENGKONG, KOTA BATAM, KEPULAUAN RIAU",37,61,99,160
https://kawalpemilu.org#25800,"BENGKONG LAUT, BENGKONG, KOTA BATAM, KEPULAUAN RIAU",38,54,99,153
https://kawalpemilu.org#25800,"BENGKONG LAUT, BENGKONG, KOTA BATAM, KEPULAUAN RIAU",39,44,144,188
https://kawalpemilu.org#25800,"BENGKONG LAUT, BENGKONG, KOTA BATAM, KEPULAUAN RIAU",40,58,140,198
https://kawalpemilu.org#25800,"BENGKONG LAUT, BENGKONG, KOTA BATAM, KEPULAUAN RIAU",41,50,174,224
https://kawalpemilu.org#25800,"BENGKONG LAUT, BENGKONG, KOTA BATAM, KEPULAUAN RIAU",42,211,34,245
https://kawalpemilu.org#25800,"BENGKONG LAUT, BENGKONG, KOTA BATAM, KEPULAUAN RIAU",43,153,41,194
https://kawalpemilu.org#25800,"BENGKONG LAUT, BENGKONG, KOTA BATAM, KEPULAUAN RIAU",44,227,52,279
https://kawalpemilu.org#25800,"BENGKONG LAUT, BENGKONG, KOTA BATAM, KEPULAUAN RIAU",45,160,27,187
https://kawalpemilu.org#25800,"BENGKONG LAUT, BENGKONG, KOTA BATAM, KEPULAUAN RIAU",46,114,146,260
https://kawalpemilu.org#25800,"BENGKONG LAUT, BENGKONG, KOTA BATAM, KEPULAUAN RIAU",47,99,163,262
https://kawalpemilu.org#25800,"BENGKONG LAUT, BENGKONG, KOTA BATAM, KEPULAUAN RIAU",48,125,123,248
https://kawalpemilu.org#25801,"BENGKONG INDAH, BENGKONG, KOTA BATAM, KEPULAUAN RIAU",1,117,94,211
https://kawalpemilu.org#25801,"BENGKONG INDAH, BENGKONG, KOTA BATAM, KEPULAUAN RIAU",2,105,46,151
https://kawalpemilu.org#25801,"BENGKONG INDAH, BENGKONG, KOTA BATAM, KEPULAUAN RIAU",3,146,75,221
https://kawalpemilu.org#25801,"BENGKONG INDAH, BENGKONG, KOTA BATAM, KEPULAUAN RIAU",4,72,196,268
https://kawalpemilu.org#25801,"BENGKONG INDAH, BENGKONG, KOTA BATAM, KEPULAUAN RIAU",5,117,31,148
https://kawalpemilu.org#25801,"BENGKONG INDAH, BENGKONG, KOTA BATAM, KEPULAUAN RIAU",6,180,20,200
https://kawalpemilu.org#25801,"BENGKONG INDAH, BENGKONG, KOTA BATAM, KEPULAUAN RIAU",7,79,167,246
https://kawalpemilu.org#25801,"BENGKONG INDAH, BENGKONG, KOTA BATAM, KEPULAUAN RIAU",8,76,185,261
https://kawalpemilu.org#25801,"BENGKONG INDAH, BENGKONG, KOTA BATAM, KEPULAUAN RIAU",9,61,147,208
https://kawalpemilu.org#25801,"BENGKONG INDAH, BENGKONG, KOTA BATAM, KEPULAUAN RIAU",10,72,146,218
https://kawalpemilu.org#25801,"BENGKONG INDAH, BENGKONG, KOTA BATAM, KEPULAUAN RIAU",11,61,138,199
https://kawalpemilu.org#25801,"BENGKONG INDAH, BENGKONG, KOTA BATAM, KEPULAUAN RIAU",12,95,140,235
https://kawalpemilu.org#25801,"BENGKONG INDAH, BENGKONG, KOTA BATAM, KEPULAUAN RIAU",13,76,144,220
https://kawalpemilu.org#25801,"BENGKONG INDAH, BENGKONG, KOTA BATAM, KEPULAUAN RIAU",14,123,114,237
https://kawalpemilu.org#25801,"BENGKONG INDAH, BENGKONG, KOTA BATAM, KEPULAUAN RIAU",15,96,79,175
https://kawalpemilu.org#25801,"BENGKONG INDAH, BENGKONG, KOTA BATAM, KEPULAUAN RIAU",16,120,95,215
https://kawalpemilu.org#25801,"BENGKONG INDAH, BENGKONG, KOTA BATAM, KEPULAUAN RIAU",18,77,147,224
https://kawalpemilu.org#25801,"BENGKONG INDAH, BENGKONG, KOTA BATAM, KEPULAUAN RIAU",19,103,119,222
https://kawalpemilu.org#25801,"BENGKONG INDAH, BENGKONG, KOTA BATAM, KEPULAUAN RIAU",20,97,59,156
https://kawalpemilu.org#25801,"BENGKONG INDAH, BENGKONG, KOTA BATAM, KEPULAUAN RIAU",21,51,123,174
https://kawalpemilu.org#25801,"BENGKONG INDAH, BENGKONG, KOTA BATAM, KEPULAUAN RIAU",22,0,0,0
https://kawalpemilu.org#25801,"BENGKONG INDAH, BENGKONG, KOTA BATAM, KEPULAUAN RIAU",23,47,139,186
https://kawalpemilu.org#25801,"BENGKONG INDAH, BENGKONG, KOTA BATAM, KEPULAUAN RIAU",24,65,67,132
https://kawalpemilu.org#25801,"BENGKONG INDAH, BENGKONG, KOTA BATAM, KEPULAUAN RIAU",25,84,112,196
https://kawalpemilu.org#25801,"BENGKONG INDAH, BENGKONG, KOTA BATAM, KEPULAUAN RIAU",26,98,107,205
https://kawalpemilu.org#25801,"BENGKONG INDAH, BENGKONG, KOTA BATAM, KEPULAUAN RIAU",27,65,81,146
https://kawalpemilu.org#25801,"BENGKONG INDAH, BENGKONG, KOTA BATAM, KEPULAUAN RIAU",28,70,108,178
https://kawalpemilu.org#25801,"BENGKONG INDAH, BENGKONG, KOTA BATAM, KEPULAUAN RIAU",29,68,158,226
https://kawalpemilu.org#25801,"BENGKONG INDAH, BENGKONG, KOTA BATAM, KEPULAUAN RIAU",30,89,134,223
https://kawalpemilu.org#25801,"BENGKONG INDAH, BENGKONG, KOTA BATAM, KEPULAUAN RIAU",32,40,111,151
https://kawalpemilu.org#25801,"BENGKONG INDAH, BENGKONG, KOTA BATAM, KEPULAUAN RIAU",33,91,191,282
https://kawalpemilu.org#25801,"BENGKONG INDAH, BENGKONG, KOTA BATAM, KEPULAUAN RIAU",34,118,49,167
https://kawalpemilu.org#25801,"BENGKONG INDAH, BENGKONG, KOTA BATAM, KEPULAUAN RIAU",35,83,101,184
https://kawalpemilu.org#25801,"BENGKONG INDAH, BENGKONG, KOTA BATAM, KEPULAUAN RIAU",36,60,121,181
https://kawalpemilu.org#25801,"BENGKONG INDAH, BENGKONG, KOTA BATAM, KEPULAUAN RIAU",37,42,86,128
https://kawalpemilu.org#25801,"BENGKONG INDAH, BENGKONG, KOTA BATAM, KEPULAUAN RIAU",38,54,104,158
https://kawalpemilu.org#25801,"BENGKONG INDAH, BENGKONG, KOTA BATAM, KEPULAUAN RIAU",39,58,151,209
https://kawalpemilu.org#25801,"BENGKONG INDAH, BENGKONG, KOTA BATAM, KEPULAUAN RIAU",40,61,180,241
https://kawalpemilu.org#25801,"BENGKONG INDAH, BENGKONG, KOTA BATAM, KEPULAUAN RIAU",41,58,152,210
https://kawalpemilu.org#25801,"BENGKONG INDAH, BENGKONG, KOTA BATAM, KEPULAUAN RIAU",42,74,98,172
https://kawalpemilu.org#25801,"BENGKONG INDAH, BENGKONG, KOTA BATAM, KEPULAUAN RIAU",43,82,168,250
https://kawalpemilu.org#25801,"BENGKONG INDAH, BENGKONG, KOTA BATAM, KEPULAUAN RIAU",44,30,117,147
https://kawalpemilu.org#25801,"BENGKONG INDAH, BENGKONG, KOTA BATAM, KEPULAUAN RIAU",45,67,100,167
https://kawalpemilu.org#25801,"BENGKONG INDAH, BENGKONG, KOTA BATAM, KEPULAUAN RIAU",46,99,68,167
https://kawalpemilu.org#25801,"BENGKONG INDAH, BENGKONG, KOTA BATAM, KEPULAUAN RIAU",47,104,23,127
https://kawalpemilu.org#25801,"BENGKONG INDAH, BENGKONG, KOTA BATAM, KEPULAUAN RIAU",48,165,7,171
https://kawalpemilu.org#25801,"BENGKONG INDAH, BENGKONG, KOTA BATAM, KEPULAUAN RIAU",49,35,108,143
https://kawalpemilu.org#25801,"BENGKONG INDAH, BENGKONG, KOTA BATAM, KEPULAUAN RIAU",50,54,107,161
https://kawalpemilu.org#25802,"SADAI, BENGKONG, KOTA BATAM, KEPULAUAN RIAU",2,62,131,193
https://kawalpemilu.org#25802,"SADAI, BENGKONG, KOTA BATAM, KEPULAUAN RIAU",3,81,119,200
https://kawalpemilu.org#25802,"SADAI, BENGKONG, KOTA BATAM, KEPULAUAN RIAU",4,75,88,163
https://kawalpemilu.org#25802,"SADAI, BENGKONG, KOTA BATAM, KEPULAUAN RIAU",6,86,126,212
https://kawalpemilu.org#25802,"SADAI, BENGKONG, KOTA BATAM, KEPULAUAN RIAU",7,102,120,222
https://kawalpemilu.org#25802,"SADAI, BENGKONG, KOTA BATAM, KEPULAUAN RIAU",8,67,185,252
https://kawalpemilu.org#25802,"SADAI, BENGKONG, KOTA BATAM, KEPULAUAN RIAU",9,73,61,134
https://kawalpemilu.org#25802,"SADAI, BENGKONG, KOTA BATAM, KEPULAUAN RIAU",10,70,111,181
https://kawalpemilu.org#25802,"SADAI, BENGKONG, KOTA BATAM, KEPULAUAN RIAU",11,62,150,212
https://kawalpemilu.org#25802,"SADAI, BENGKONG, KOTA BATAM, KEPULAUAN RIAU",12,91,100,191
https://kawalpemilu.org#25802,"SADAI, BENGKONG, KOTA BATAM, KEPULAUAN RIAU",14,98,122,220
https://kawalpemilu.org#25802,"SADAI, BENGKONG, KOTA BATAM, KEPULAUAN RIAU",15,41,109,150
https://kawalpemilu.org#25802,"SADAI, BENGKONG, KOTA BATAM, KEPULAUAN RIAU",16,63,200,263
https://kawalpemilu.org#25802,"SADAI, BENGKONG, KOTA BATAM, KEPULAUAN RIAU",17,67,116,183
https://kawalpemilu.org#25802,"SADAI, BENGKONG, KOTA BATAM, KEPULAUAN RIAU",18,100,175,275
https://kawalpemilu.org#25802,"SADAI, BENGKONG, KOTA BATAM, KEPULAUAN RIAU",19,70,121,191
https://kawalpemilu.org#25802,"SADAI, BENGKONG, KOTA BATAM, KEPULAUAN RIAU",21,90,191,281
https://kawalpemilu.org#25802,"SADAI, BENGKONG, KOTA BATAM, KEPULAUAN RIAU",22,63,127,190
https://kawalpemilu.org#25802,"SADAI, BENGKONG, KOTA BATAM, KEPULAUAN RIAU",24,112,182,294
https://kawalpemilu.org#25802,"SADAI, BENGKONG, KOTA BATAM, KEPULAUAN RIAU",25,123,151,274
https://kawalpemilu.org#25802,"SADAI, BENGKONG, KOTA BATAM, KEPULAUAN RIAU",26,58,70,128
https://kawalpemilu.org#25802,"SADAI, BENGKONG, KOTA BATAM, KEPULAUAN RIAU",28,70,97,167
https://kawalpemilu.org#25802,"SADAI, BENGKONG, KOTA BATAM, KEPULAUAN RIAU",29,58,92,150
https://kawalpemilu.org#25802,"SADAI, BENGKONG, KOTA BATAM, KEPULAUAN RIAU",31,62,166,228
https://kawalpemilu.org#25802,"SADAI, BENGKONG, KOTA BATAM, KEPULAUAN RIAU",34,74,143,217
https://kawalpemilu.org#25802,"SADAI, BENGKONG, KOTA BATAM, KEPULAUAN RIAU",35,100,95,195
https://kawalpemilu.org#25802,"SADAI, BENGKONG, KOTA BATAM, KEPULAUAN RIAU",36,172,90,262
https://kawalpemilu.org#25802,"SADAI, BENGKONG, KOTA BATAM, KEPULAUAN RIAU",38,105,151,256
https://kawalpemilu.org#25802,"SADAI, BENGKONG, KOTA BATAM, KEPULAUAN RIAU",39,108,95,203
https://kawalpemilu.org#25802,"SADAI, BENGKONG, KOTA BATAM, KEPULAUAN RIAU",40,105,50,155
https://kawalpemilu.org#25802,"SADAI, BENGKONG, KOTA BATAM, KEPULAUAN RIAU",41,72,175,247
https://kawalpemilu.org#25802,"SADAI, BENGKONG, KOTA BATAM, KEPULAUAN RIAU",42,58,126,184
https://kawalpemilu.org#25802,"SADAI, BENGKONG, KOTA BATAM, KEPULAUAN RIAU",43,76,123,200
https://kawalpemilu.org#25802,"SADAI, BENGKONG, KOTA BATAM, KEPULAUAN RIAU",44,59,80,139
https://kawalpemilu.org#25802,"SADAI, BENGKONG, KOTA BATAM, KEPULAUAN RIAU",45,59,87,146
https://kawalpemilu.org#25802,"SADAI, BENGKONG, KOTA BATAM, KEPULAUAN RIAU",46,80,87,167
https://kawalpemilu.org#25802,"SADAI, BENGKONG, KOTA BATAM, KEPULAUAN RIAU",47,127,154,281
https://kawalpemilu.org#25802,"SADAI, BENGKONG, KOTA BATAM, KEPULAUAN RIAU",48,88,111,199
https://kawalpemilu.org#25802,"SADAI, BENGKONG, KOTA BATAM, KEPULAUAN RIAU",49,83,145,228
https://kawalpemilu.org#25802,"SADAI, BENGKONG, KOTA BATAM, KEPULAUAN RIAU",50,42,163,205
https://kawalpemilu.org#25802,"SADAI, BENGKONG, KOTA BATAM, KEPULAUAN RIAU",51,61,197,258
https://kawalpemilu.org#25802,"SADAI, BENGKONG, KOTA BATAM, KEPULAUAN RIAU",52,55,213,268
https://kawalpemilu.org#25802,"SADAI, BENGKONG, KOTA BATAM, KEPULAUAN RIAU",53,74,132,206
https://kawalpemilu.org#25802,"SADAI, BENGKONG, KOTA BATAM, KEPULAUAN RIAU",54,57,166,223
https://kawalpemilu.org#25802,"SADAI, BENGKONG, KOTA BATAM, KEPULAUAN RIAU",55,79,148,227
https://kawalpemilu.org#25802,"SADAI, BENGKONG, KOTA BATAM, KEPULAUAN RIAU",56,91,142,233
https://kawalpemilu.org#25802,"SADAI, BENGKONG, KOTA BATAM, KEPULAUAN RIAU",57,113,134,247
https://kawalpemilu.org#25802,"SADAI, BENGKONG, KOTA BATAM, KEPULAUAN RIAU",58,103,149,252
https://kawalpemilu.org#25802,"SADAI, BENGKONG, KOTA BATAM, KEPULAUAN RIAU",59,87,193,280
https://kawalpemilu.org#25802,"SADAI, BENGKONG, KOTA BATAM, KEPULAUAN RIAU",60,73,139,212
https://kawalpemilu.org#25802,"SADAI, BENGKONG, KOTA BATAM, KEPULAUAN RIAU",61,132,122,254
https://kawalpemilu.org#25802,"SADAI, BENGKONG, KOTA BATAM, KEPULAUAN RIAU",62,53,124,177
https://kawalpemilu.org#25802,"SADAI, BENGKONG, KOTA BATAM, KEPULAUAN RIAU",63,76,183,259
https://kawalpemilu.org#25802,"SADAI, BENGKONG, KOTA BATAM, KEPULAUAN RIAU",64,88,158,246
https://kawalpemilu.org#25802,"SADAI, BENGKONG, KOTA BATAM, KEPULAUAN RIAU",65,85,141,226
https://kawalpemilu.org#25802,"SADAI, BENGKONG, KOTA BATAM, KEPULAUAN RIAU",66,89,158,247
https://kawalpemilu.org#25802,"SADAI, BENGKONG, KOTA BATAM, KEPULAUAN RIAU",67,66,146,212
https://kawalpemilu.org#25802,"SADAI, BENGKONG, KOTA BATAM, KEPULAUAN RIAU",68,256,31,287
https://kawalpemilu.org#25802,"SADAI, BENGKONG, KOTA BATAM, KEPULAUAN RIAU",69,234,35,269
https://kawalpemilu.org#25802,"SADAI, BENGKONG, KOTA BATAM, KEPULAUAN RIAU",70,214,67,281
https://kawalpemilu.org#25802,"SADAI, BENGKONG, KOTA BATAM, KEPULAUAN RIAU",71,157,28,185
https://kawalpemilu.org#25802,"SADAI, BENGKONG, KOTA BATAM, KEPULAUAN RIAU",72,143,31,174
https://kawalpemilu.org#25802,"SADAI, BENGKONG, KOTA BATAM, KEPULAUAN RIAU",74,111,66,177
https://kawalpemilu.org#25802,"SADAI, BENGKONG, KOTA BATAM, KEPULAUAN RIAU",75,90,97,187
https://kawalpemilu.org#25802,"SADAI, BENGKONG, KOTA BATAM, KEPULAUAN RIAU",76,132,98,230
https://kawalpemilu.org#25802,"SADAI, BENGKONG, KOTA BATAM, KEPULAUAN RIAU",77,138,135,273
https://kawalpemilu.org#25802,"SADAI, BENGKONG, KOTA BATAM, KEPULAUAN RIAU",78,108,132,240
https://kawalpemilu.org#25802,"SADAI, BENGKONG, KOTA BATAM, KEPULAUAN RIAU",79,213,41,254
https://kawalpemilu.org#25802,"SADAI, BENGKONG, KOTA BATAM, KEPULAUAN RIAU",80,65,147,212
https://kawalpemilu.org#25802,"SADAI, BENGKONG, KOTA BATAM, KEPULAUAN RIAU",82,61,125,186
https://kawalpemilu.org#25802,"SADAI, BENGKONG, KOTA BATAM, KEPULAUAN RIAU",83,133,30,163
https://kawalpemilu.org#25802,"SADAI, BENGKONG, KOTA BATAM, KEPULAUAN RIAU",84,94,156,250
https://kawalpemilu.org#25802,"SADAI, BENGKONG, KOTA BATAM, KEPULAUAN RIAU",85,190,9,199
https://kawalpemilu.org#25802,"SADAI, BENGKONG, KOTA BATAM, KEPULAUAN RIAU",86,48,74,122
https://kawalpemilu.org#25802,"SADAI, BENGKONG, KOTA BATAM, KEPULAUAN RIAU",87,29,85,114
https://kawalpemilu.org#25803,"TANJUNG BUNTUNG, BENGKONG, KOTA BATAM, KEPULAUAN RIAU",1,50,114,164
https://kawalpemilu.org#25803,"TANJUNG BUNTUNG, BENGKONG, KOTA BATAM, KEPULAUAN RIAU",2,67,101,168
https://kawalpemilu.org#25803,"TANJUNG BUNTUNG, BENGKONG, KOTA BATAM, KEPULAUAN RIAU",3,83,142,225
https://kawalpemilu.org#25803,"TANJUNG BUNTUNG, BENGKONG, KOTA BATAM, KEPULAUAN RIAU",4,41,61,94
https://kawalpemilu.org#25803,"TANJUNG BUNTUNG, BENGKONG, KOTA BATAM, KEPULAUAN RIAU",5,87,140,227
https://kawalpemilu.org#25803,"TANJUNG BUNTUNG, BENGKONG, KOTA BATAM, KEPULAUAN RIAU",6,32,71,103
https://kawalpemilu.org#25803,"TANJUNG BUNTUNG, BENGKONG, KOTA BATAM, KEPULAUAN RIAU",8,77,154,231
https://kawalpemilu.org#25803,"TANJUNG BUNTUNG, BENGKONG, KOTA BATAM, KEPULAUAN RIAU",9,150,134,284
https://kawalpemilu.org#25803,"TANJUNG BUNTUNG, BENGKONG, KOTA BATAM, KEPULAUAN RIAU",10,130,126,256
https://kawalpemilu.org#25803,"TANJUNG BUNTUNG, BENGKONG, KOTA BATAM, KEPULAUAN RIAU",11,132,88,220
https://kawalpemilu.org#25803,"TANJUNG BUNTUNG, BENGKONG, KOTA BATAM, KEPULAUAN RIAU",12,108,162,270
https://kawalpemilu.org#25803,"TANJUNG BUNTUNG, BENGKONG, KOTA BATAM, KEPULAUAN RIAU",13,110,79,189
https://kawalpemilu.org#25803,"TANJUNG BUNTUNG, BENGKONG, KOTA BATAM, KEPULAUAN RIAU",14,163,123,286
https://kawalpemilu.org#25803,"TANJUNG BUNTUNG, BENGKONG, KOTA BATAM, KEPULAUAN RIAU",15,102,164,266
https://kawalpemilu.org#25803,"TANJUNG BUNTUNG, BENGKONG, KOTA BATAM, KEPULAUAN RIAU",16,70,43,113
https://kawalpemilu.org#25803,"TANJUNG BUNTUNG, BENGKONG, KOTA BATAM, KEPULAUAN RIAU",17,133,148,281
https://kawalpemilu.org#25803,"TANJUNG BUNTUNG, BENGKONG, KOTA BATAM, KEPULAUAN RIAU",18,137,154,291
https://kawalpemilu.org#25803,"TANJUNG BUNTUNG, BENGKONG, KOTA BATAM, KEPULAUAN RIAU",19,87,96,183
https://kawalpemilu.org#25803,"TANJUNG BUNTUNG, BENGKONG, KOTA BATAM, KEPULAUAN RIAU",20,174,4,178
https://kawalpemilu.org#25803,"TANJUNG BUNTUNG, BENGKONG, KOTA BATAM, KEPULAUAN RIAU",21,233,15,248
https://kawalpemilu.org#25803,"TANJUNG BUNTUNG, BENGKONG, KOTA BATAM, KEPULAUAN RIAU",22,273,3,276
https://kawalpemilu.org#25803,"TANJUNG BUNTUNG, BENGKONG, KOTA BATAM, KEPULAUAN RIAU",23,204,10,214
https://kawalpemilu.org#25803,"TANJUNG BUNTUNG, BENGKONG, KOTA BATAM, KEPULAUAN RIAU",24,251,11,262
https://kawalpemilu.org#25803,"TANJUNG BUNTUNG, BENGKONG, KOTA BATAM, KEPULAUAN RIAU",25,199,29,228
https://kawalpemilu.org#25803,"TANJUNG BUNTUNG, BENGKONG, KOTA BATAM, KEPULAUAN RIAU",26,219,0,219
https://kawalpemilu.org#25803,"TANJUNG BUNTUNG, BENGKONG, KOTA BATAM, KEPULAUAN RIAU",27,233,6,239
https://kawalpemilu.org#25803,"TANJUNG BUNTUNG, BENGKONG, KOTA BATAM, KEPULAUAN RIAU",28,111,117,228
https://kawalpemilu.org#25803,"TANJUNG BUNTUNG, BENGKONG, KOTA BATAM, KEPULAUAN RIAU",29,86,115,201
https://kawalpemilu.org#25803,"TANJUNG BUNTUNG, BENGKONG, KOTA BATAM, KEPULAUAN RIAU",30,68,194,262
https://kawalpemilu.org#25803,"TANJUNG BUNTUNG, BENGKONG, KOTA BATAM, KEPULAUAN RIAU",31,80,133,213
https://kawalpemilu.org#25803,"TANJUNG BUNTUNG, BENGKONG, KOTA BATAM, KEPULAUAN RIAU",32,64,71,135
https://kawalpemilu.org#25803,"TANJUNG BUNTUNG, BENGKONG, KOTA BATAM, KEPULAUAN RIAU",33,193,107,300
https://kawalpemilu.org#25803,"TANJUNG BUNTUNG, BENGKONG, KOTA BATAM, KEPULAUAN RIAU",34,94,90,184
https://kawalpemilu.org#25803,"TANJUNG BUNTUNG, BENGKONG, KOTA BATAM, KEPULAUAN RIAU",35,119,89,208
https://kawalpemilu.org#25803,"TANJUNG BUNTUNG, BENGKONG, KOTA BATAM, KEPULAUAN RIAU",36,197,56,253
https://kawalpemilu.org#25803,"TANJUNG BUNTUNG, BENGKONG, KOTA BATAM, KEPULAUAN RIAU",38,145,58,203
https://kawalpemilu.org#25803,"TANJUNG BUNTUNG, BENGKONG, KOTA BATAM, KEPULAUAN RIAU",40,81,97,178
https://kawalpemilu.org#25803,"TANJUNG BUNTUNG, BENGKONG, KOTA BATAM, KEPULAUAN RIAU",41,99,178,277
https://kawalpemilu.org#25803,"TANJUNG BUNTUNG, BENGKONG, KOTA BATAM, KEPULAUAN RIAU",42,125,123,248
https://kawalpemilu.org#25803,"TANJUNG BUNTUNG, BENGKONG, KOTA BATAM, KEPULAUAN RIAU",43,63,209,272
https://kawalpemilu.org#25803,"TANJUNG BUNTUNG, BENGKONG, KOTA BATAM, KEPULAUAN RIAU",44,56,149,205
https://kawalpemilu.org#25803,"TANJUNG BUNTUNG, BENGKONG, KOTA BATAM, KEPULAUAN RIAU",45,163,86,249
https://kawalpemilu.org#25803,"TANJUNG BUNTUNG, BENGKONG, KOTA BATAM, KEPULAUAN RIAU",46,37,73,110
https://kawalpemilu.org#25803,"TANJUNG BUNTUNG, BENGKONG, KOTA BATAM, KEPULAUAN RIAU",47,38,112,150
https://kawalpemilu.org#25803,"TANJUNG BUNTUNG, BENGKONG, KOTA BATAM, KEPULAUAN RIAU",48,60,104,164
https://kawalpemilu.org#25803,"TANJUNG BUNTUNG, BENGKONG, KOTA BATAM, KEPULAUAN RIAU",49,142,55,197
https://kawalpemilu.org#25803,"TANJUNG BUNTUNG, BENGKONG, KOTA BATAM, KEPULAUAN RIAU",50,71,83,154
https://kawalpemilu.org#25803,"TANJUNG BUNTUNG, BENGKONG, KOTA BATAM, KEPULAUAN RIAU",51,66,87,153
https://kawalpemilu.org#25803,"TANJUNG BUNTUNG, BENGKONG, KOTA BATAM, KEPULAUAN RIAU",52,163,79,242
https://kawalpemilu.org#25803,"TANJUNG BUNTUNG, BENGKONG, KOTA BATAM, KEPULAUAN RIAU",53,88,52,140
https://kawalpemilu.org#25803,"TANJUNG BUNTUNG, BENGKONG, KOTA BATAM, KEPULAUAN RIAU",54,117,124,241
https://kawalpemilu.org#25803,"TANJUNG BUNTUNG, BENGKONG, KOTA BATAM, KEPULAUAN RIAU",56,105,145,250
https://kawalpemilu.org#25803,"TANJUNG BUNTUNG, BENGKONG, KOTA BATAM, KEPULAUAN RIAU",57,106,138,244
https://kawalpemilu.org#25803,"TANJUNG BUNTUNG, BENGKONG, KOTA BATAM, KEPULAUAN RIAU",59,131,103,234
https://kawalpemilu.org#25803,"TANJUNG BUNTUNG, BENGKONG, KOTA BATAM, KEPULAUAN RIAU",60,143,117,260
https://kawalpemilu.org#25803,"TANJUNG BUNTUNG, BENGKONG, KOTA BATAM, KEPULAUAN RIAU",61,107,173,280
https://kawalpemilu.org#25803,"TANJUNG BUNTUNG, BENGKONG, KOTA BATAM, KEPULAUAN RIAU",62,120,116,236
https://kawalpemilu.org#25803,"TANJUNG BUNTUNG, BENGKONG, KOTA BATAM, KEPULAUAN RIAU",63,114,112,226
https://kawalpemilu.org#25803,"TANJUNG BUNTUNG, BENGKONG, KOTA BATAM, KEPULAUAN RIAU",64,87,128,215
https://kawalpemilu.org#25803,"TANJUNG BUNTUNG, BENGKONG, KOTA BATAM, KEPULAUAN RIAU",65,111,138,249
https://kawalpemilu.org#25803,"TANJUNG BUNTUNG, BENGKONG, KOTA BATAM, KEPULAUAN RIAU",66,163,39,202
https://kawalpemilu.org#25803,"TANJUNG BUNTUNG, BENGKONG, KOTA BATAM, KEPULAUAN RIAU",67,69,136,205
https://kawalpemilu.org#25803,"TANJUNG BUNTUNG, BENGKONG, KOTA BATAM, KEPULAUAN RIAU",68,73,158,231
https://kawalpemilu.org#25803,"TANJUNG BUNTUNG, BENGKONG, KOTA BATAM, KEPULAUAN RIAU",69,68,124,192
https://kawalpemilu.org#25803,"TANJUNG BUNTUNG, BENGKONG, KOTA BATAM, KEPULAUAN RIAU",70,134,120,254
https://kawalpemilu.org#25803,"TANJUNG BUNTUNG, BENGKONG, KOTA BATAM, KEPULAUAN RIAU",71,179,79,258
https://kawalpemilu.org#25803,"TANJUNG BUNTUNG, BENGKONG, KOTA BATAM, KEPULAUAN RIAU",72,221,42,263
https://kawalpemilu.org#25803,"TANJUNG BUNTUNG, BENGKONG, KOTA BATAM, KEPULAUAN RIAU",73,152,38,190
https://kawalpemilu.org#25803,"TANJUNG BUNTUNG, BENGKONG, KOTA BATAM, KEPULAUAN RIAU",74,140,125,265
https://kawalpemilu.org#25803,"TANJUNG BUNTUNG, BENGKONG, KOTA BATAM, KEPULAUAN RIAU",75,88,132,220
https://kawalpemilu.org#25803,"TANJUNG BUNTUNG, BENGKONG, KOTA BATAM, KEPULAUAN RIAU",76,128,68,196
https://kawalpemilu.org#25803,"TANJUNG BUNTUNG, BENGKONG, KOTA BATAM, KEPULAUAN RIAU",77,59,105,164
https://kawalpemilu.org#25803,"TANJUNG BUNTUNG, BENGKONG, KOTA BATAM, KEPULAUAN RIAU",78,56,85,141
https://kawalpemilu.org#25803,"TANJUNG BUNTUNG, BENGKONG, KOTA BATAM, KEPULAUAN RIAU",79,86,134,220
https://kawalpemilu.org#25803,"TANJUNG BUNTUNG, BENGKONG, KOTA BATAM, KEPULAUAN RIAU",80,101,142,243
https://kawalpemilu.org#25803,"TANJUNG BUNTUNG, BENGKONG, KOTA BATAM, KEPULAUAN RIAU",81,116,119,235
https://kawalpemilu.org#25803,"TANJUNG BUNTUNG, BENGKONG, KOTA BATAM, KEPULAUAN RIAU",82,60,85,145
https://kawalpemilu.org#25805,"TELUK TERING, BATAM KOTA, KOTA BATAM, KEPULAUAN RIAU",1,134,53,187
https://kawalpemilu.org#25805,"TELUK TERING, BATAM KOTA, KOTA BATAM, KEPULAUAN RIAU",2,109,58,167
https://kawalpemilu.org#25805,"TELUK TERING, BATAM KOTA, KOTA BATAM, KEPULAUAN RIAU",3,113,80,193
https://kawalpemilu.org#25805,"TELUK TERING, BATAM KOTA, KOTA BATAM, KEPULAUAN RIAU",4,157,71,228
https://kawalpemilu.org#25805,"TELUK TERING, BATAM KOTA, KOTA BATAM, KEPULAUAN RIAU",5,128,61,189
https://kawalpemilu.org#25805,"TELUK TERING, BATAM KOTA, KOTA BATAM, KEPULAUAN RIAU",6,190,42,232
https://kawalpemilu.org#25805,"TELUK TERING, BATAM KOTA, KOTA BATAM, KEPULAUAN RIAU",7,134,76,210
https://kawalpemilu.org#25805,"TELUK TERING, BATAM KOTA, KOTA BATAM, KEPULAUAN RIAU",8,141,44,185
https://kawalpemilu.org#25805,"TELUK TERING, BATAM KOTA, KOTA BATAM, KEPULAUAN RIAU",9,133,58,191
https://kawalpemilu.org#25805,"TELUK TERING, BATAM KOTA, KOTA BATAM, KEPULAUAN RIAU",10,167,30,197
https://kawalpemilu.org#25805,"TELUK TERING, BATAM KOTA, KOTA BATAM, KEPULAUAN RIAU",11,254,34,288
https://kawalpemilu.org#25805,"TELUK TERING, BATAM KOTA, KOTA BATAM, KEPULAUAN RIAU",12,113,65,178
https://kawalpemilu.org#25805,"TELUK TERING, BATAM KOTA, KOTA BATAM, KEPULAUAN RIAU",13,184,19,203
https://kawalpemilu.org#25805,"TELUK TERING, BATAM KOTA, KOTA BATAM, KEPULAUAN RIAU",14,130,15,145
https://kawalpemilu.org#25805,"TELUK TERING, BATAM KOTA, KOTA BATAM, KEPULAUAN RIAU",15,117,78,195
https://kawalpemilu.org#25805,"TELUK TERING, BATAM KOTA, KOTA BATAM, KEPULAUAN RIAU",16,152,22,174
https://kawalpemilu.org#25805,"TELUK TERING, BATAM KOTA, KOTA BATAM, KEPULAUAN RIAU",17,268,30,298
https://kawalpemilu.org#25805,"TELUK TERING, BATAM KOTA, KOTA BATAM, KEPULAUAN RIAU",18,226,20,246
https://kawalpemilu.org#25805,"TELUK TERING, BATAM KOTA, KOTA BATAM, KEPULAUAN RIAU",19,272,19,291
https://kawalpemilu.org#25805,"TELUK TERING, BATAM KOTA, KOTA BATAM, KEPULAUAN RIAU",20,213,13,226
https://kawalpemilu.org#25805,"TELUK TERING, BATAM KOTA, KOTA BATAM, KEPULAUAN RIAU",21,291,12,303
https://kawalpemilu.org#25805,"TELUK TERING, BATAM KOTA, KOTA BATAM, KEPULAUAN RIAU",22,260,20,280
https://kawalpemilu.org#25805,"TELUK TERING, BATAM KOTA, KOTA BATAM, KEPULAUAN RIAU",23,188,5,193
https://kawalpemilu.org#25805,"TELUK TERING, BATAM KOTA, KOTA BATAM, KEPULAUAN RIAU",24,195,18,213
https://kawalpemilu.org#25805,"TELUK TERING, BATAM KOTA, KOTA BATAM, KEPULAUAN RIAU",25,145,22,167
https://kawalpemilu.org#25805,"TELUK TERING, BATAM KOTA, KOTA BATAM, KEPULAUAN RIAU",26,146,55,201
https://kawalpemilu.org#25805,"TELUK TERING, BATAM KOTA, KOTA BATAM, KEPULAUAN RIAU",27,84,85,169
https://kawalpemilu.org#25805,"TELUK TERING, BATAM KOTA, KOTA BATAM, KEPULAUAN RIAU",28,145,94,239
https://kawalpemilu.org#25805,"TELUK TERING, BATAM KOTA, KOTA BATAM, KEPULAUAN RIAU",30,239,30,269
https://kawalpemilu.org#25805,"TELUK TERING, BATAM KOTA, KOTA BATAM, KEPULAUAN RIAU",31,111,16,127
https://kawalpemilu.org#25805,"TELUK TERING, BATAM KOTA, KOTA BATAM, KEPULAUAN RIAU",32,97,14,111
https://kawalpemilu.org#25805,"TELUK TERING, BATAM KOTA, KOTA BATAM, KEPULAUAN RIAU",34,98,47,145
https://kawalpemilu.org#25805,"TELUK TERING, BATAM KOTA, KOTA BATAM, KEPULAUAN RIAU",37,63,112,175
https://kawalpemilu.org#25805,"TELUK TERING, BATAM KOTA, KOTA BATAM, KEPULAUAN RIAU",38,148,85,233
https://kawalpemilu.org#25805,"TELUK TERING, BATAM KOTA, KOTA BATAM, KEPULAUAN RIAU",39,84,75,159
https://kawalpemilu.org#25805,"TELUK TERING, BATAM KOTA, KOTA BATAM, KEPULAUAN RIAU",41,91,34,125
https://kawalpemilu.org#25805,"TELUK TERING, BATAM KOTA, KOTA BATAM, KEPULAUAN RIAU",42,187,13,200
https://kawalpemilu.org#25805,"TELUK TERING, BATAM KOTA, KOTA BATAM, KEPULAUAN RIAU",43,209,29,238
https://kawalpemilu.org#25805,"TELUK TERING, BATAM KOTA, KOTA BATAM, KEPULAUAN RIAU",44,177,31,208
https://kawalpemilu.org#25805,"TELUK TERING, BATAM KOTA, KOTA BATAM, KEPULAUAN RIAU",45,63,58,121
https://kawalpemilu.org#25805,"TELUK TERING, BATAM KOTA, KOTA BATAM, KEPULAUAN RIAU",46,253,46,299
https://kawalpemilu.org#25805,"TELUK TERING, BATAM KOTA, KOTA BATAM, KEPULAUAN RIAU",47,119,12,131
https://kawalpemilu.org#25805,"TELUK TERING, BATAM KOTA, KOTA BATAM, KEPULAUAN RIAU",48,73,129,202
https://kawalpemilu.org#25805,"TELUK TERING, BATAM KOTA, KOTA BATAM, KEPULAUAN RIAU",49,116,14,130
https://kawalpemilu.org#25806,"TAMAN BALOI, BATAM KOTA, KOTA BATAM, KEPULAUAN RIAU",1,193,31,224
https://kawalpemilu.org#25806,"TAMAN BALOI, BATAM KOTA, KOTA BATAM, KEPULAUAN RIAU",2,133,83,216
https://kawalpemilu.org#25806,"TAMAN BALOI, BATAM KOTA, KOTA BATAM, KEPULAUAN RIAU",3,195,47,242
https://kawalpemilu.org#25806,"TAMAN BALOI, BATAM KOTA, KOTA BATAM, KEPULAUAN RIAU",4,110,52,162
https://kawalpemilu.org#25806,"TAMAN BALOI, BATAM KOTA, KOTA BATAM, KEPULAUAN RIAU",5,153,14,167
https://kawalpemilu.org#25806,"TAMAN BALOI, BATAM KOTA, KOTA BATAM, KEPULAUAN RIAU",6,137,59,196
https://kawalpemilu.org#25806,"TAMAN BALOI, BATAM KOTA, KOTA BATAM, KEPULAUAN RIAU",7,162,49,211
https://kawalpemilu.org#25806,"TAMAN BALOI, BATAM KOTA, KOTA BATAM, KEPULAUAN RIAU",8,108,31,139
https://kawalpemilu.org#25806,"TAMAN BALOI, BATAM KOTA, KOTA BATAM, KEPULAUAN RIAU",9,181,47,228
https://kawalpemilu.org#25806,"TAMAN BALOI, BATAM KOTA, KOTA BATAM, KEPULAUAN RIAU",10,201,33,234
https://kawalpemilu.org#25806,"TAMAN BALOI, BATAM KOTA, KOTA BATAM, KEPULAUAN RIAU",11,131,19,150
https://kawalpemilu.org#25806,"TAMAN BALOI, BATAM KOTA, KOTA BATAM, KEPULAUAN RIAU",12,145,31,176
https://kawalpemilu.org#25806,"TAMAN BALOI, BATAM KOTA, KOTA BATAM, KEPULAUAN RIAU",13,227,42,269
https://kawalpemilu.org#25806,"TAMAN BALOI, BATAM KOTA, KOTA BATAM, KEPULAUAN RIAU",14,203,36,239
https://kawalpemilu.org#25806,"TAMAN BALOI, BATAM KOTA, KOTA BATAM, KEPULAUAN RIAU",15,187,23,210
https://kawalpemilu.org#25806,"TAMAN BALOI, BATAM KOTA, KOTA BATAM, KEPULAUAN RIAU",16,204,44,248
https://kawalpemilu.org#25806,"TAMAN BALOI, BATAM KOTA, KOTA BATAM, KEPULAUAN RIAU",17,123,35,158
https://kawalpemilu.org#25806,"TAMAN BALOI, BATAM KOTA, KOTA BATAM, KEPULAUAN RIAU",18,189,16,205
https://kawalpemilu.org#25806,"TAMAN BALOI, BATAM KOTA, KOTA BATAM, KEPULAUAN RIAU",19,106,42,148
https://kawalpemilu.org#25806,"TAMAN BALOI, BATAM KOTA, KOTA BATAM, KEPULAUAN RIAU",20,165,61,226
https://kawalpemilu.org#25806,"TAMAN BALOI, BATAM KOTA, KOTA BATAM, KEPULAUAN RIAU",21,190,27,217
https://kawalpemilu.org#25806,"TAMAN BALOI, BATAM KOTA, KOTA BATAM, KEPULAUAN RIAU",22,133,70,203
https://kawalpemilu.org#25806,"TAMAN BALOI, BATAM KOTA, KOTA BATAM, KEPULAUAN RIAU",23,201,38,239
https://kawalpemilu.org#25806,"TAMAN BALOI, BATAM KOTA, KOTA BATAM, KEPULAUAN RIAU",24,114,17,131
https://kawalpemilu.org#25806,"TAMAN BALOI, BATAM KOTA, KOTA BATAM, KEPULAUAN RIAU",25,132,124,256
https://kawalpemilu.org#25806,"TAMAN BALOI, BATAM KOTA, KOTA BATAM, KEPULAUAN RIAU",26,115,111,226
https://kawalpemilu.org#25806,"TAMAN BALOI, BATAM KOTA, KOTA BATAM, KEPULAUAN RIAU",27,109,155,264
https://kawalpemilu.org#25806,"TAMAN BALOI, BATAM KOTA, KOTA BATAM, KEPULAUAN RIAU",28,154,130,284
https://kawalpemilu.org#25806,"TAMAN BALOI, BATAM KOTA, KOTA BATAM, KEPULAUAN RIAU",29,101,119,220
https://kawalpemilu.org#25806,"TAMAN BALOI, BATAM KOTA, KOTA BATAM, KEPULAUAN RIAU",30,83,74,157
https://kawalpemilu.org#25806,"TAMAN BALOI, BATAM KOTA, KOTA BATAM, KEPULAUAN RIAU",31,240,19,259
https://kawalpemilu.org#25806,"TAMAN BALOI, BATAM KOTA, KOTA BATAM, KEPULAUAN RIAU",32,145,63,208
https://kawalpemilu.org#25806,"TAMAN BALOI, BATAM KOTA, KOTA BATAM, KEPULAUAN RIAU",33,207,47,254
https://kawalpemilu.org#25806,"TAMAN BALOI, BATAM KOTA, KOTA BATAM, KEPULAUAN RIAU",34,126,65,191
https://kawalpemilu.org#25806,"TAMAN BALOI, BATAM KOTA, KOTA BATAM, KEPULAUAN RIAU",35,81,59,140
https://kawalpemilu.org#25806,"TAMAN BALOI, BATAM KOTA, KOTA BATAM, KEPULAUAN RIAU",36,83,34,117
https://kawalpemilu.org#25806,"TAMAN BALOI, BATAM KOTA, KOTA BATAM, KEPULAUAN RIAU",37,105,48,153
https://kawalpemilu.org#25806,"TAMAN BALOI, BATAM KOTA, KOTA BATAM, KEPULAUAN RIAU",38,104,45,149
https://kawalpemilu.org#25806,"TAMAN BALOI, BATAM KOTA, KOTA BATAM, KEPULAUAN RIAU",39,129,32,161
https://kawalpemilu.org#25806,"TAMAN BALOI, BATAM KOTA, KOTA BATAM, KEPULAUAN RIAU",40,168,47,215
https://kawalpemilu.org#25806,"TAMAN BALOI, BATAM KOTA, KOTA BATAM, KEPULAUAN RIAU",41,212,51,263
https://kawalpemilu.org#25806,"TAMAN BALOI, BATAM KOTA, KOTA BATAM, KEPULAUAN RIAU",42,101,18,119
https://kawalpemilu.org#25806,"TAMAN BALOI, BATAM KOTA, KOTA BATAM, KEPULAUAN RIAU",43,104,24,128
https://kawalpemilu.org#25806,"TAMAN BALOI, BATAM KOTA, KOTA BATAM, KEPULAUAN RIAU",44,131,20,151
https://kawalpemilu.org#25806,"TAMAN BALOI, BATAM KOTA, KOTA BATAM, KEPULAUAN RIAU",45,105,50,155
https://kawalpemilu.org#25806,"TAMAN BALOI, BATAM KOTA, KOTA BATAM, KEPULAUAN RIAU",46,148,48,196
https://kawalpemilu.org#25806,"TAMAN BALOI, BATAM KOTA, KOTA BATAM, KEPULAUAN RIAU",47,190,100,290
https://kawalpemilu.org#25806,"TAMAN BALOI, BATAM KOTA, KOTA BATAM, KEPULAUAN RIAU",48,156,70,226
https://kawalpemilu.org#25806,"TAMAN BALOI, BATAM KOTA, KOTA BATAM, KEPULAUAN RIAU",49,164,73,237
https://kawalpemilu.org#25806,"TAMAN BALOI, BATAM KOTA, KOTA BATAM, KEPULAUAN RIAU",50,144,77,221
https://kawalpemilu.org#25806,"TAMAN BALOI, BATAM KOTA, KOTA BATAM, KEPULAUAN RIAU",51,97,64,161
https://kawalpemilu.org#25806,"TAMAN BALOI, BATAM KOTA, KOTA BATAM, KEPULAUAN RIAU",52,119,50,169
https://kawalpemilu.org#25806,"TAMAN BALOI, BATAM KOTA, KOTA BATAM, KEPULAUAN RIAU",53,218,27,245
https://kawalpemilu.org#25806,"TAMAN BALOI, BATAM KOTA, KOTA BATAM, KEPULAUAN RIAU",54,64,19,83
https://kawalpemilu.org#25806,"TAMAN BALOI, BATAM KOTA, KOTA BATAM, KEPULAUAN RIAU",55,83,14,97
https://kawalpemilu.org#25806,"TAMAN BALOI, BATAM KOTA, KOTA BATAM, KEPULAUAN RIAU",56,154,13,167
https://kawalpemilu.org#25806,"TAMAN BALOI, BATAM KOTA, KOTA BATAM, KEPULAUAN RIAU",57,158,63,221
https://kawalpemilu.org#25807,"SUKAJADI, BATAM KOTA, KOTA BATAM, KEPULAUAN RIAU",1,178,42,220
https://kawalpemilu.org#25807,"SUKAJADI, BATAM KOTA, KOTA BATAM, KEPULAUAN RIAU",2,200,63,263
https://kawalpemilu.org#25807,"SUKAJADI, BATAM KOTA, KOTA BATAM, KEPULAUAN RIAU",3,165,54,219
https://kawalpemilu.org#25807,"SUKAJADI, BATAM KOTA, KOTA BATAM, KEPULAUAN RIAU",4,231,29,260
https://kawalpemilu.org#25807,"SUKAJADI, BATAM KOTA, KOTA BATAM, KEPULAUAN RIAU",5,175,50,225
https://kawalpemilu.org#25807,"SUKAJADI, BATAM KOTA, KOTA BATAM, KEPULAUAN RIAU",6,202,72,274
https://kawalpemilu.org#25807,"SUKAJADI, BATAM KOTA, KOTA BATAM, KEPULAUAN RIAU",7,128,138,266
https://kawalpemilu.org#25807,"SUKAJADI, BATAM KOTA, KOTA BATAM, KEPULAUAN RIAU",8,69,82,151
https://kawalpemilu.org#25807,"SUKAJADI, BATAM KOTA, KOTA BATAM, KEPULAUAN RIAU",9,52,124,176
https://kawalpemilu.org#25807,"SUKAJADI, BATAM KOTA, KOTA BATAM, KEPULAUAN RIAU",10,56,72,128
https://kawalpemilu.org#25807,"SUKAJADI, BATAM KOTA, KOTA BATAM, KEPULAUAN RIAU",11,65,115,180
https://kawalpemilu.org#25807,"SUKAJADI, BATAM KOTA, KOTA BATAM, KEPULAUAN RIAU",13,155,66,221
https://kawalpemilu.org#25807,"SUKAJADI, BATAM KOTA, KOTA BATAM, KEPULAUAN RIAU",14,8,39,47
https://kawalpemilu.org#25808,"BELIAN, BATAM KOTA, KOTA BATAM, KEPULAUAN RIAU",2,107,89,196
https://kawalpemilu.org#25808,"BELIAN, BATAM KOTA, KOTA BATAM, KEPULAUAN RIAU",3,134,106,240
https://kawalpemilu.org#25808,"BELIAN, BATAM KOTA, KOTA BATAM, KEPULAUAN RIAU",4,101,104,205
https://kawalpemilu.org#25808,"BELIAN, BATAM KOTA, KOTA BATAM, KEPULAUAN RIAU",5,75,173,248
https://kawalpemilu.org#25808,"BELIAN, BATAM KOTA, KOTA BATAM, KEPULAUAN RIAU",6,81,112,193
https://kawalpemilu.org#25808,"BELIAN, BATAM KOTA, KOTA BATAM, KEPULAUAN RIAU",7,72,111,183
https://kawalpemilu.org#25808,"BELIAN, BATAM KOTA, KOTA BATAM, KEPULAUAN RIAU",8,73,170,243
https://kawalpemilu.org#25808,"BELIAN, BATAM KOTA, KOTA BATAM, KEPULAUAN RIAU",9,74,102,176
https://kawalpemilu.org#25808,"BELIAN, BATAM KOTA, KOTA BATAM, KEPULAUAN RIAU",10,111,106,217
https://kawalpemilu.org#25808,"BELIAN, BATAM KOTA, KOTA BATAM, KEPULAUAN RIAU",11,101,148,249
https://kawalpemilu.org#25808,"BELIAN, BATAM KOTA, KOTA BATAM, KEPULAUAN RIAU",12,61,69,130
https://kawalpemilu.org#25808,"BELIAN, BATAM KOTA, KOTA BATAM, KEPULAUAN RIAU",13,97,169,266
https://kawalpemilu.org#25808,"BELIAN, BATAM KOTA, KOTA BATAM, KEPULAUAN RIAU",14,88,151,239
https://kawalpemilu.org#25808,"BELIAN, BATAM KOTA, KOTA BATAM, KEPULAUAN RIAU",15,62,144,206
https://kawalpemilu.org#25808,"BELIAN, BATAM KOTA, KOTA BATAM, KEPULAUAN RIAU",16,166,132,298
https://kawalpemilu.org#25808,"BELIAN, BATAM KOTA, KOTA BATAM, KEPULAUAN RIAU",17,65,136,201
https://kawalpemilu.org#25808,"BELIAN, BATAM KOTA, KOTA BATAM, KEPULAUAN RIAU",18,76,115,191
https://kawalpemilu.org#25808,"BELIAN, BATAM KOTA, KOTA BATAM, KEPULAUAN RIAU",19,55,106,161
https://kawalpemilu.org#25808,"BELIAN, BATAM KOTA, KOTA BATAM, KEPULAUAN RIAU",21,82,159,241
https://kawalpemilu.org#25808,"BELIAN, BATAM KOTA, KOTA BATAM, KEPULAUAN RIAU",22,94,123,217
https://kawalpemilu.org#25808,"BELIAN, BATAM KOTA, KOTA BATAM, KEPULAUAN RIAU",23,76,99,175
https://kawalpemilu.org#25808,"BELIAN, BATAM KOTA, KOTA BATAM, KEPULAUAN RIAU",24,144,69,213
https://kawalpemilu.org#25808,"BELIAN, BATAM KOTA, KOTA BATAM, KEPULAUAN RIAU",25,111,69,180
https://kawalpemilu.org#25808,"BELIAN, BATAM KOTA, KOTA BATAM, KEPULAUAN RIAU",26,67,120,187
https://kawalpemilu.org#25808,"BELIAN, BATAM KOTA, KOTA BATAM, KEPULAUAN RIAU",27,56,98,154
https://kawalpemilu.org#25808,"BELIAN, BATAM KOTA, KOTA BATAM, KEPULAUAN RIAU",28,54,112,166
https://kawalpemilu.org#25808,"BELIAN, BATAM KOTA, KOTA BATAM, KEPULAUAN RIAU",29,126,135,261
https://kawalpemilu.org#25808,"BELIAN, BATAM KOTA, KOTA BATAM, KEPULAUAN RIAU",30,91,173,264
https://kawalpemilu.org#25808,"BELIAN, BATAM KOTA, KOTA BATAM, KEPULAUAN RIAU",31,67,142,209
https://kawalpemilu.org#25808,"BELIAN, BATAM KOTA, KOTA BATAM, KEPULAUAN RIAU",32,76,124,200
https://kawalpemilu.org#25808,"BELIAN, BATAM KOTA, KOTA BATAM, KEPULAUAN RIAU",33,41,96,137
https://kawalpemilu.org#25808,"BELIAN, BATAM KOTA, KOTA BATAM, KEPULAUAN RIAU",34,112,139,251
https://kawalpemilu.org#25808,"BELIAN, BATAM KOTA, KOTA BATAM, KEPULAUAN RIAU",35,93,104,197
https://kawalpemilu.org#25808,"BELIAN, BATAM KOTA, KOTA BATAM, KEPULAUAN RIAU",36,49,110,159
https://kawalpemilu.org#25808,"BELIAN, BATAM KOTA, KOTA BATAM, KEPULAUAN RIAU",37,63,134,197
https://kawalpemilu.org#25808,"BELIAN, BATAM KOTA, KOTA BATAM, KEPULAUAN RIAU",38,111,132,243
https://kawalpemilu.org#25808,"BELIAN, BATAM KOTA, KOTA BATAM, KEPULAUAN RIAU",39,129,147,276
https://kawalpemilu.org#25808,"BELIAN, BATAM KOTA, KOTA BATAM, KEPULAUAN RIAU",40,104,144,248
https://kawalpemilu.org#25808,"BELIAN, BATAM KOTA, KOTA BATAM, KEPULAUAN RIAU",41,97,133,230
https://kawalpemilu.org#25808,"BELIAN, BATAM KOTA, KOTA BATAM, KEPULAUAN RIAU",42,58,67,125
https://kawalpemilu.org#25808,"BELIAN, BATAM KOTA, KOTA BATAM, KEPULAUAN RIAU",43,130,145,275
https://kawalpemilu.org#25808,"BELIAN, BATAM KOTA, KOTA BATAM, KEPULAUAN RIAU",44,110,160,270
https://kawalpemilu.org#25808,"BELIAN, BATAM KOTA, KOTA BATAM, KEPULAUAN RIAU",45,98,138,236
https://kawalpemilu.org#25808,"BELIAN, BATAM KOTA, KOTA BATAM, KEPULAUAN RIAU",46,107,129,236
https://kawalpemilu.org#25808,"BELIAN, BATAM KOTA, KOTA BATAM, KEPULAUAN RIAU",47,43,145,188
https://kawalpemilu.org#25808,"BELIAN, BATAM KOTA, KOTA BATAM, KEPULAUAN RIAU",48,56,116,172
https://kawalpemilu.org#25808,"BELIAN, BATAM KOTA, KOTA BATAM, KEPULAUAN RIAU",49,111,72,183
https://kawalpemilu.org#25808,"BELIAN, BATAM KOTA, KOTA BATAM, KEPULAUAN RIAU",50,114,84,198
https://kawalpemilu.org#25808,"BELIAN, BATAM KOTA, KOTA BATAM, KEPULAUAN RIAU",51,70,82,152
https://kawalpemilu.org#25808,"BELIAN, BATAM KOTA, KOTA BATAM, KEPULAUAN RIAU",52,58,92,150
https://kawalpemilu.org#25808,"BELIAN, BATAM KOTA, KOTA BATAM, KEPULAUAN RIAU",53,69,129,198
https://kawalpemilu.org#25808,"BELIAN, BATAM KOTA, KOTA BATAM, KEPULAUAN RIAU",54,66,142,208
https://kawalpemilu.org#25808,"BELIAN, BATAM KOTA, KOTA BATAM, KEPULAUAN RIAU",55,94,74,168
https://kawalpemilu.org#25808,"BELIAN, BATAM KOTA, KOTA BATAM, KEPULAUAN RIAU",56,76,117,193
https://kawalpemilu.org#25808,"BELIAN, BATAM KOTA, KOTA BATAM, KEPULAUAN RIAU",57,83,159,242
https://kawalpemilu.org#25808,"BELIAN, BATAM KOTA, KOTA BATAM, KEPULAUAN RIAU",58,46,139,185
https://kawalpemilu.org#25808,"BELIAN, BATAM KOTA, KOTA BATAM, KEPULAUAN RIAU",59,103,179,282
https://kawalpemilu.org#25808,"BELIAN, BATAM KOTA, KOTA BATAM, KEPULAUAN RIAU",60,127,113,240
https://kawalpemilu.org#25808,"BELIAN, BATAM KOTA, KOTA BATAM, KEPULAUAN RIAU",61,62,122,184
https://kawalpemilu.org#25808,"BELIAN, BATAM KOTA, KOTA BATAM, KEPULAUAN RIAU",62,51,123,174
https://kawalpemilu.org#25808,"BELIAN, BATAM KOTA, KOTA BATAM, KEPULAUAN RIAU",63,87,162,249
https://kawalpemilu.org#25808,"BELIAN, BATAM KOTA, KOTA BATAM, KEPULAUAN RIAU",64,59,125,184
https://kawalpemilu.org#25808,"BELIAN, BATAM KOTA, KOTA BATAM, KEPULAUAN RIAU",65,83,148,231
https://kawalpemilu.org#25808,"BELIAN, BATAM KOTA, KOTA BATAM, KEPULAUAN RIAU",66,48,83,131
https://kawalpemilu.org#25808,"BELIAN, BATAM KOTA, KOTA BATAM, KEPULAUAN RIAU",67,106,146,252
https://kawalpemilu.org#25808,"BELIAN, BATAM KOTA, KOTA BATAM, KEPULAUAN RIAU",68,66,74,140
https://kawalpemilu.org#25808,"BELIAN, BATAM KOTA, KOTA BATAM, KEPULAUAN RIAU",69,102,151,253
https://kawalpemilu.org#25808,"BELIAN, BATAM KOTA, KOTA BATAM, KEPULAUAN RIAU",70,98,162,260
https://kawalpemilu.org#25808,"BELIAN, BATAM KOTA, KOTA BATAM, KEPULAUAN RIAU",71,74,184,258
https://kawalpemilu.org#25808,"BELIAN, BATAM KOTA, KOTA BATAM, KEPULAUAN RIAU",72,117,160,277
https://kawalpemilu.org#25808,"BELIAN, BATAM KOTA, KOTA BATAM, KEPULAUAN RIAU",74,103,132,235
https://kawalpemilu.org#25808,"BELIAN, BATAM KOTA, KOTA BATAM, KEPULAUAN RIAU",75,102,128,230
https://kawalpemilu.org#25808,"BELIAN, BATAM KOTA, KOTA BATAM, KEPULAUAN RIAU",76,85,143,228
https://kawalpemilu.org#25808,"BELIAN, BATAM KOTA, KOTA BATAM, KEPULAUAN RIAU",78,204,91,295
https://kawalpemilu.org#25808,"BELIAN, BATAM KOTA, KOTA BATAM, KEPULAUAN RIAU",79,165,128,293
https://kawalpemilu.org#25808,"BELIAN, BATAM KOTA, KOTA BATAM, KEPULAUAN RIAU",80,93,163,256
https://kawalpemilu.org#25808,"BELIAN, BATAM KOTA, KOTA BATAM, KEPULAUAN RIAU",81,72,116,188
https://kawalpemilu.org#25808,"BELIAN, BATAM KOTA, KOTA BATAM, KEPULAUAN RIAU",82,62,110,172
https://kawalpemilu.org#25808,"BELIAN, BATAM KOTA, KOTA BATAM, KEPULAUAN RIAU",83,81,110,191
https://kawalpemilu.org#25808,"BELIAN, BATAM KOTA, KOTA BATAM, KEPULAUAN RIAU",84,45,66,111
https://kawalpemilu.org#25808,"BELIAN, BATAM KOTA, KOTA BATAM, KEPULAUAN RIAU",85,72,74,146
https://kawalpemilu.org#25808,"BELIAN, BATAM KOTA, KOTA BATAM, KEPULAUAN RIAU",86,75,132,207
https://kawalpemilu.org#25808,"BELIAN, BATAM KOTA, KOTA BATAM, KEPULAUAN RIAU",87,57,91,148
https://kawalpemilu.org#25808,"BELIAN, BATAM KOTA, KOTA BATAM, KEPULAUAN RIAU",88,119,110,229
https://kawalpemilu.org#25808,"BELIAN, BATAM KOTA, KOTA BATAM, KEPULAUAN RIAU",89,87,121,208
https://kawalpemilu.org#25808,"BELIAN, BATAM KOTA, KOTA BATAM, KEPULAUAN RIAU",90,93,81,174
https://kawalpemilu.org#25808,"BELIAN, BATAM KOTA, KOTA BATAM, KEPULAUAN RIAU",91,127,145,272
https://kawalpemilu.org#25808,"BELIAN, BATAM KOTA, KOTA BATAM, KEPULAUAN RIAU",92,90,140,230
https://kawalpemilu.org#25808,"BELIAN, BATAM KOTA, KOTA BATAM, KEPULAUAN RIAU",93,99,172,271
https://kawalpemilu.org#25808,"BELIAN, BATAM KOTA, KOTA BATAM, KEPULAUAN RIAU",94,84,96,181
https://kawalpemilu.org#25808,"BELIAN, BATAM KOTA, KOTA BATAM, KEPULAUAN RIAU",95,62,111,173
https://kawalpemilu.org#25808,"BELIAN, BATAM KOTA, KOTA BATAM, KEPULAUAN RIAU",96,61,96,157
https://kawalpemilu.org#25808,"BELIAN, BATAM KOTA, KOTA BATAM, KEPULAUAN RIAU",97,77,138,215
https://kawalpemilu.org#25808,"BELIAN, BATAM KOTA, KOTA BATAM, KEPULAUAN RIAU",98,103,150,253
https://kawalpemilu.org#25808,"BELIAN, BATAM KOTA, KOTA BATAM, KEPULAUAN RIAU",99,100,119,219
https://kawalpemilu.org#25808,"BELIAN, BATAM KOTA, KOTA BATAM, KEPULAUAN RIAU",100,53,121,174
https://kawalpemilu.org#25808,"BELIAN, BATAM KOTA, KOTA BATAM, KEPULAUAN RIAU",101,53,94,147
https://kawalpemilu.org#25808,"BELIAN, BATAM KOTA, KOTA BATAM, KEPULAUAN RIAU",102,68,122,190
https://kawalpemilu.org#25808,"BELIAN, BATAM KOTA, KOTA BATAM, KEPULAUAN RIAU",103,84,171,255
https://kawalpemilu.org#25808,"BELIAN, BATAM KOTA, KOTA BATAM, KEPULAUAN RIAU",104,61,157,218
https://kawalpemilu.org#25808,"BELIAN, BATAM KOTA, KOTA BATAM, KEPULAUAN RIAU",105,109,111,220
https://kawalpemilu.org#25808,"BELIAN, BATAM KOTA, KOTA BATAM, KEPULAUAN RIAU",106,126,160,286
https://kawalpemilu.org#25808,"BELIAN, BATAM KOTA, KOTA BATAM, KEPULAUAN RIAU",107,98,147,245
https://kawalpemilu.org#25808,"BELIAN, BATAM KOTA, KOTA BATAM, KEPULAUAN RIAU",108,86,116,202
https://kawalpemilu.org#25808,"BELIAN, BATAM KOTA, KOTA BATAM, KEPULAUAN RIAU",109,63,103,166
https://kawalpemilu.org#25808,"BELIAN, BATAM KOTA, KOTA BATAM, KEPULAUAN RIAU",110,48,101,149
https://kawalpemilu.org#25808,"BELIAN, BATAM KOTA, KOTA BATAM, KEPULAUAN RIAU",111,59,131,190
https://kawalpemilu.org#25808,"BELIAN, BATAM KOTA, KOTA BATAM, KEPULAUAN RIAU",112,43,90,133
https://kawalpemilu.org#25808,"BELIAN, BATAM KOTA, KOTA BATAM, KEPULAUAN RIAU",113,61,152,213
https://kawalpemilu.org#25808,"BELIAN, BATAM KOTA, KOTA BATAM, KEPULAUAN RIAU",114,79,90,169
https://kawalpemilu.org#25808,"BELIAN, BATAM KOTA, KOTA BATAM, KEPULAUAN RIAU",115,86,123,209
https://kawalpemilu.org#25808,"BELIAN, BATAM KOTA, KOTA BATAM, KEPULAUAN RIAU",116,61,172,233
https://kawalpemilu.org#25808,"BELIAN, BATAM KOTA, KOTA BATAM, KEPULAUAN RIAU",117,67,92,159
https://kawalpemilu.org#25808,"BELIAN, BATAM KOTA, KOTA BATAM, KEPULAUAN RIAU",118,73,132,205
https://kawalpemilu.org#25808,"BELIAN, BATAM KOTA, KOTA BATAM, KEPULAUAN RIAU",119,73,114,187
https://kawalpemilu.org#25808,"BELIAN, BATAM KOTA, KOTA BATAM, KEPULAUAN RIAU",121,124,91,215
https://kawalpemilu.org#25808,"BELIAN, BATAM KOTA, KOTA BATAM, KEPULAUAN RIAU",122,275,53,328
https://kawalpemilu.org#25808,"BELIAN, BATAM KOTA, KOTA BATAM, KEPULAUAN RIAU",123,102,149,251
https://kawalpemilu.org#25808,"BELIAN, BATAM KOTA, KOTA BATAM, KEPULAUAN RIAU",124,42,93,135
https://kawalpemilu.org#25808,"BELIAN, BATAM KOTA, KOTA BATAM, KEPULAUAN RIAU",125,90,166,256
https://kawalpemilu.org#25808,"BELIAN, BATAM KOTA, KOTA BATAM, KEPULAUAN RIAU",126,132,96,228
https://kawalpemilu.org#25808,"BELIAN, BATAM KOTA, KOTA BATAM, KEPULAUAN RIAU",127,61,83,144
https://kawalpemilu.org#25808,"BELIAN, BATAM KOTA, KOTA BATAM, KEPULAUAN RIAU",128,86,103,189
https://kawalpemilu.org#25808,"BELIAN, BATAM KOTA, KOTA BATAM, KEPULAUAN RIAU",129,67,95,162
https://kawalpemilu.org#25808,"BELIAN, BATAM KOTA, KOTA BATAM, KEPULAUAN RIAU",130,35,64,99
https://kawalpemilu.org#25808,"BELIAN, BATAM KOTA, KOTA BATAM, KEPULAUAN RIAU",131,57,151,208
https://kawalpemilu.org#25808,"BELIAN, BATAM KOTA, KOTA BATAM, KEPULAUAN RIAU",132,63,94,157
https://kawalpemilu.org#25808,"BELIAN, BATAM KOTA, KOTA BATAM, KEPULAUAN RIAU",134,63,117,180
https://kawalpemilu.org#25808,"BELIAN, BATAM KOTA, KOTA BATAM, KEPULAUAN RIAU",135,102,118,220
https://kawalpemilu.org#25808,"BELIAN, BATAM KOTA, KOTA BATAM, KEPULAUAN RIAU",136,67,116,183
https://kawalpemilu.org#25808,"BELIAN, BATAM KOTA, KOTA BATAM, KEPULAUAN RIAU",137,95,108,203
https://kawalpemilu.org#25808,"BELIAN, BATAM KOTA, KOTA BATAM, KEPULAUAN RIAU",138,46,72,118
https://kawalpemilu.org#25808,"BELIAN, BATAM KOTA, KOTA BATAM, KEPULAUAN RIAU",139,99,123,222
https://kawalpemilu.org#25808,"BELIAN, BATAM KOTA, KOTA BATAM, KEPULAUAN RIAU",140,71,113,184
https://kawalpemilu.org#25808,"BELIAN, BATAM KOTA, KOTA BATAM, KEPULAUAN RIAU",141,105,148,253
https://kawalpemilu.org#25808,"BELIAN, BATAM KOTA, KOTA BATAM, KEPULAUAN RIAU",142,70,123,193
https://kawalpemilu.org#25808,"BELIAN, BATAM KOTA, KOTA BATAM, KEPULAUAN RIAU",144,82,150,232
https://kawalpemilu.org#25808,"BELIAN, BATAM KOTA, KOTA BATAM, KEPULAUAN RIAU",145,103,105,208
https://kawalpemilu.org#25808,"BELIAN, BATAM KOTA, KOTA BATAM, KEPULAUAN RIAU",146,52,162,214
https://kawalpemilu.org#25808,"BELIAN, BATAM KOTA, KOTA BATAM, KEPULAUAN RIAU",147,110,167,277
https://kawalpemilu.org#25808,"BELIAN, BATAM KOTA, KOTA BATAM, KEPULAUAN RIAU",148,119,113,232
https://kawalpemilu.org#25808,"BELIAN, BATAM KOTA, KOTA BATAM, KEPULAUAN RIAU",149,71,50,121
https://kawalpemilu.org#25808,"BELIAN, BATAM KOTA, KOTA BATAM, KEPULAUAN RIAU",150,85,79,164
https://kawalpemilu.org#25808,"BELIAN, BATAM KOTA, KOTA BATAM, KEPULAUAN RIAU",151,69,128,197
https://kawalpemilu.org#25808,"BELIAN, BATAM KOTA, KOTA BATAM, KEPULAUAN RIAU",152,55,102,157
https://kawalpemilu.org#25808,"BELIAN, BATAM KOTA, KOTA BATAM, KEPULAUAN RIAU",153,63,91,154
https://kawalpemilu.org#25808,"BELIAN, BATAM KOTA, KOTA BATAM, KEPULAUAN RIAU",154,86,211,297
https://kawalpemilu.org#25808,"BELIAN, BATAM KOTA, KOTA BATAM, KEPULAUAN RIAU",155,115,61,176
https://kawalpemilu.org#25808,"BELIAN, BATAM KOTA, KOTA BATAM, KEPULAUAN RIAU",156,70,80,150
https://kawalpemilu.org#25808,"BELIAN, BATAM KOTA, KOTA BATAM, KEPULAUAN RIAU",157,47,35,82
https://kawalpemilu.org#25808,"BELIAN, BATAM KOTA, KOTA BATAM, KEPULAUAN RIAU",158,13,46,59
https://kawalpemilu.org#25808,"BELIAN, BATAM KOTA, KOTA BATAM, KEPULAUAN RIAU",159,52,99,151
https://kawalpemilu.org#25808,"BELIAN, BATAM KOTA, KOTA BATAM, KEPULAUAN RIAU",160,51,109,160
https://kawalpemilu.org#25808,"BELIAN, BATAM KOTA, KOTA BATAM, KEPULAUAN RIAU",161,73,129,202
https://kawalpemilu.org#25808,"BELIAN, BATAM KOTA, KOTA BATAM, KEPULAUAN RIAU",162,90,114,204
https://kawalpemilu.org#25808,"BELIAN, BATAM KOTA, KOTA BATAM, KEPULAUAN RIAU",163,83,90,173
https://kawalpemilu.org#25808,"BELIAN, BATAM KOTA, KOTA BATAM, KEPULAUAN RIAU",164,91,87,178
https://kawalpemilu.org#25808,"BELIAN, BATAM KOTA, KOTA BATAM, KEPULAUAN RIAU",165,90,114,204
https://kawalpemilu.org#25808,"BELIAN, BATAM KOTA, KOTA BATAM, KEPULAUAN RIAU",166,66,166,182
https://kawalpemilu.org#25808,"BELIAN, BATAM KOTA, KOTA BATAM, KEPULAUAN RIAU",167,62,129,191
https://kawalpemilu.org#25808,"BELIAN, BATAM KOTA, KOTA BATAM, KEPULAUAN RIAU",168,94,36,130
https://kawalpemilu.org#25809,"SUNGAI PANAS, BATAM KOTA, KOTA BATAM, KEPULAUAN RIAU",1,44,119,163
https://kawalpemilu.org#25809,"SUNGAI PANAS, BATAM KOTA, KOTA BATAM, KEPULAUAN RIAU",2,189,36,225
https://kawalpemilu.org#25809,"SUNGAI PANAS, BATAM KOTA, KOTA BATAM, KEPULAUAN RIAU",3,60,91,151
https://kawalpemilu.org#25809,"SUNGAI PANAS, BATAM KOTA, KOTA BATAM, KEPULAUAN RIAU",4,92,169,261
https://kawalpemilu.org#25809,"SUNGAI PANAS, BATAM KOTA, KOTA BATAM, KEPULAUAN RIAU",5,67,210,277
https://kawalpemilu.org#25809,"SUNGAI PANAS, BATAM KOTA, KOTA BATAM, KEPULAUAN RIAU",6,73,93,166
https://kawalpemilu.org#25809,"SUNGAI PANAS, BATAM KOTA, KOTA BATAM, KEPULAUAN RIAU",7,48,81,129
https://kawalpemilu.org#25809,"SUNGAI PANAS, BATAM KOTA, KOTA BATAM, KEPULAUAN RIAU",8,88,49,137
https://kawalpemilu.org#25809,"SUNGAI PANAS, BATAM KOTA, KOTA BATAM, KEPULAUAN RIAU",10,55,91,146
https://kawalpemilu.org#25809,"SUNGAI PANAS, BATAM KOTA, KOTA BATAM, KEPULAUAN RIAU",11,44,80,124
https://kawalpemilu.org#25809,"SUNGAI PANAS, BATAM KOTA, KOTA BATAM, KEPULAUAN RIAU",13,21,92,113
https://kawalpemilu.org#25809,"SUNGAI PANAS, BATAM KOTA, KOTA BATAM, KEPULAUAN RIAU",14,32,71,103
https://kawalpemilu.org#25809,"SUNGAI PANAS, BATAM KOTA, KOTA BATAM, KEPULAUAN RIAU",16,121,91,212
https://kawalpemilu.org#25809,"SUNGAI PANAS, BATAM KOTA, KOTA BATAM, KEPULAUAN RIAU",17,115,91,206
https://kawalpemilu.org#25809,"SUNGAI PANAS, BATAM KOTA, KOTA BATAM, KEPULAUAN RIAU",18,136,74,210
https://kawalpemilu.org#25809,"SUNGAI PANAS, BATAM KOTA, KOTA BATAM, KEPULAUAN RIAU",19,72,51,123
https://kawalpemilu.org#25809,"SUNGAI PANAS, BATAM KOTA, KOTA BATAM, KEPULAUAN RIAU",20,73,97,170
https://kawalpemilu.org#25809,"SUNGAI PANAS, BATAM KOTA, KOTA BATAM, KEPULAUAN RIAU",21,84,120,204
https://kawalpemilu.org#25809,"SUNGAI PANAS, BATAM KOTA, KOTA BATAM, KEPULAUAN RIAU",22,77,91,168
https://kawalpemilu.org#25809,"SUNGAI PANAS, BATAM KOTA, KOTA BATAM, KEPULAUAN RIAU",23,81,75,156
https://kawalpemilu.org#25809,"SUNGAI PANAS, BATAM KOTA, KOTA BATAM, KEPULAUAN RIAU",24,108,103,211
https://kawalpemilu.org#25809,"SUNGAI PANAS, BATAM KOTA, KOTA BATAM, KEPULAUAN RIAU",25,138,69,207
https://kawalpemilu.org#25809,"SUNGAI PANAS, BATAM KOTA, KOTA BATAM, KEPULAUAN RIAU",26,35,83,118
https://kawalpemilu.org#25809,"SUNGAI PANAS, BATAM KOTA, KOTA BATAM, KEPULAUAN RIAU",27,172,40,212
https://kawalpemilu.org#25809,"SUNGAI PANAS, BATAM KOTA, KOTA BATAM, KEPULAUAN RIAU",28,189,39,228
https://kawalpemilu.org#25809,"SUNGAI PANAS, BATAM KOTA, KOTA BATAM, KEPULAUAN RIAU",29,183,41,224
https://kawalpemilu.org#25809,"SUNGAI PANAS, BATAM KOTA, KOTA BATAM, KEPULAUAN RIAU",30,138,16,154
https://kawalpemilu.org#25809,"SUNGAI PANAS, BATAM KOTA, KOTA BATAM, KEPULAUAN RIAU",31,143,89,232
https://kawalpemilu.org#25809,"SUNGAI PANAS, BATAM KOTA, KOTA BATAM, KEPULAUAN RIAU",32,121,50,171
https://kawalpemilu.org#25809,"SUNGAI PANAS, BATAM KOTA, KOTA BATAM, KEPULAUAN RIAU",33,111,30,141
https://kawalpemilu.org#25809,"SUNGAI PANAS, BATAM KOTA, KOTA BATAM, KEPULAUAN RIAU",34,184,29,213
https://kawalpemilu.org#25809,"SUNGAI PANAS, BATAM KOTA, KOTA BATAM, KEPULAUAN RIAU",35,89,141,230
https://kawalpemilu.org#25809,"SUNGAI PANAS, BATAM KOTA, KOTA BATAM, KEPULAUAN RIAU",36,45,125,170
https://kawalpemilu.org#25809,"SUNGAI PANAS, BATAM KOTA, KOTA BATAM, KEPULAUAN RIAU",37,95,59,154
https://kawalpemilu.org#25809,"SUNGAI PANAS, BATAM KOTA, KOTA BATAM, KEPULAUAN RIAU",38,102,71,173
https://kawalpemilu.org#25809,"SUNGAI PANAS, BATAM KOTA, KOTA BATAM, KEPULAUAN RIAU",39,110,108,218
https://kawalpemilu.org#25809,"SUNGAI PANAS, BATAM KOTA, KOTA BATAM, KEPULAUAN RIAU",40,72,51,123
https://kawalpemilu.org#25809,"SUNGAI PANAS, BATAM KOTA, KOTA BATAM, KEPULAUAN RIAU",41,59,71,130
https://kawalpemilu.org#25809,"SUNGAI PANAS, BATAM KOTA, KOTA BATAM, KEPULAUAN RIAU",42,98,48,146
https://kawalpemilu.org#25809,"SUNGAI PANAS, BATAM KOTA, KOTA BATAM, KEPULAUAN RIAU",43,214,40,256
https://kawalpemilu.org#25809,"SUNGAI PANAS, BATAM KOTA, KOTA BATAM, KEPULAUAN RIAU",44,74,79,153
https://kawalpemilu.org#25809,"SUNGAI PANAS, BATAM KOTA, KOTA BATAM, KEPULAUAN RIAU",45,74,104,178
https://kawalpemilu.org#25809,"SUNGAI PANAS, BATAM KOTA, KOTA BATAM, KEPULAUAN RIAU",46,104,62,166
https://kawalpemilu.org#25809,"SUNGAI PANAS, BATAM KOTA, KOTA BATAM, KEPULAUAN RIAU",49,51,105,156
https://kawalpemilu.org#25809,"SUNGAI PANAS, BATAM KOTA, KOTA BATAM, KEPULAUAN RIAU",50,50,88,138
https://kawalpemilu.org#25809,"SUNGAI PANAS, BATAM KOTA, KOTA BATAM, KEPULAUAN RIAU",51,79,66,145
https://kawalpemilu.org#25809,"SUNGAI PANAS, BATAM KOTA, KOTA BATAM, KEPULAUAN RIAU",52,163,14,177
https://kawalpemilu.org#25809,"SUNGAI PANAS, BATAM KOTA, KOTA BATAM, KEPULAUAN RIAU",53,154,13,167
https://kawalpemilu.org#25809,"SUNGAI PANAS, BATAM KOTA, KOTA BATAM, KEPULAUAN RIAU",56,166,34,200
https://kawalpemilu.org#25809,"SUNGAI PANAS, BATAM KOTA, KOTA BATAM, KEPULAUAN RIAU",57,210,37,247
https://kawalpemilu.org#25809,"SUNGAI PANAS, BATAM KOTA, KOTA BATAM, KEPULAUAN RIAU",58,160,31,191
https://kawalpemilu.org#25809,"SUNGAI PANAS, BATAM KOTA, KOTA BATAM, KEPULAUAN RIAU",59,117,114,231
https://kawalpemilu.org#25809,"SUNGAI PANAS, BATAM KOTA, KOTA BATAM, KEPULAUAN RIAU",60,128,133,261
https://kawalpemilu.org#25809,"SUNGAI PANAS, BATAM KOTA, KOTA BATAM, KEPULAUAN RIAU",61,69,83,152
https://kawalpemilu.org#25809,"SUNGAI PANAS, BATAM KOTA, KOTA BATAM, KEPULAUAN RIAU",62,135,32,167
https://kawalpemilu.org#25809,"SUNGAI PANAS, BATAM KOTA, KOTA BATAM, KEPULAUAN RIAU",63,172,36,208
https://kawalpemilu.org#25809,"SUNGAI PANAS, BATAM KOTA, KOTA BATAM, KEPULAUAN RIAU",64,187,43,230
https://kawalpemilu.org#25809,"SUNGAI PANAS, BATAM KOTA, KOTA BATAM, KEPULAUAN RIAU",66,157,23,180
https://kawalpemilu.org#25809,"SUNGAI PANAS, BATAM KOTA, KOTA BATAM, KEPULAUAN RIAU",67,79,163,242
https://kawalpemilu.org#25809,"SUNGAI PANAS, BATAM KOTA, KOTA BATAM, KEPULAUAN RIAU",68,122,50,172
https://kawalpemilu.org#25809,"SUNGAI PANAS, BATAM KOTA, KOTA BATAM, KEPULAUAN RIAU",69,120,45,165
https://kawalpemilu.org#25809,"SUNGAI PANAS, BATAM KOTA, KOTA BATAM, KEPULAUAN RIAU",70,141,46,187
https://kawalpemilu.org#25809,"SUNGAI PANAS, BATAM KOTA, KOTA BATAM, KEPULAUAN RIAU",71,110,25,135
https://kawalpemilu.org#25809,"SUNGAI PANAS, BATAM KOTA, KOTA BATAM, KEPULAUAN RIAU",72,125,46,171
https://kawalpemilu.org#25809,"SUNGAI PANAS, BATAM KOTA, KOTA BATAM, KEPULAUAN RIAU",73,128,35,163
https://kawalpemilu.org#25809,"SUNGAI PANAS, BATAM KOTA, KOTA BATAM, KEPULAUAN RIAU",75,98,54,152
https://kawalpemilu.org#25809,"SUNGAI PANAS, BATAM KOTA, KOTA BATAM, KEPULAUAN RIAU",76,126,30,156
https://kawalpemilu.org#25809,"SUNGAI PANAS, BATAM KOTA, KOTA BATAM, KEPULAUAN RIAU",77,68,94,162
https://kawalpemilu.org#25809,"SUNGAI PANAS, BATAM KOTA, KOTA BATAM, KEPULAUAN RIAU",78,135,17,152
https://kawalpemilu.org#25809,"SUNGAI PANAS, BATAM KOTA, KOTA BATAM, KEPULAUAN RIAU",79,96,12,108
https://kawalpemilu.org#25810,"BALOI PERMAI, BATAM KOTA, KOTA BATAM, KEPULAUAN RIAU",1,106,66,172
https://kawalpemilu.org#25810,"BALOI PERMAI, BATAM KOTA, KOTA BATAM, KEPULAUAN RIAU",2,86,64,150
https://kawalpemilu.org#25810,"BALOI PERMAI, BATAM KOTA, KOTA BATAM, KEPULAUAN RIAU",3,62,80,142
https://kawalpemilu.org#25810,"BALOI PERMAI, BATAM KOTA, KOTA BATAM, KEPULAUAN RIAU",4,95,72,167
https://kawalpemilu.org#25810,"BALOI PERMAI, BATAM KOTA, KOTA BATAM, KEPULAUAN RIAU",5,86,64,150
https://kawalpemilu.org#25810,"BALOI PERMAI, BATAM KOTA, KOTA BATAM, KEPULAUAN RIAU",6,182,70,252
https://kawalpemilu.org#25810,"BALOI PERMAI, BATAM KOTA, KOTA BATAM, KEPULAUAN RIAU",7,134,48,182
https://kawalpemilu.org#25810,"BALOI PERMAI, BATAM KOTA, KOTA BATAM, KEPULAUAN RIAU",8,80,41,121
https://kawalpemilu.org#25810,"BALOI PERMAI, BATAM KOTA, KOTA BATAM, KEPULAUAN RIAU",9,64,61,125
https://kawalpemilu.org#25810,"BALOI PERMAI, BATAM KOTA, KOTA BATAM, KEPULAUAN RIAU",10,143,45,188
https://kawalpemilu.org#25810,"BALOI PERMAI, BATAM KOTA, KOTA BATAM, KEPULAUAN RIAU",11,112,49,161
https://kawalpemilu.org#25810,"BALOI PERMAI, BATAM KOTA, KOTA BATAM, KEPULAUAN RIAU",12,141,42,183
https://kawalpemilu.org#25810,"BALOI PERMAI, BATAM KOTA, KOTA BATAM, KEPULAUAN RIAU",13,125,27,153
https://kawalpemilu.org#25810,"BALOI PERMAI, BATAM KOTA, KOTA BATAM, KEPULAUAN RIAU",14,177,45,222
https://kawalpemilu.org#25810,"BALOI PERMAI, BATAM KOTA, KOTA BATAM, KEPULAUAN RIAU",15,90,132,222
https://kawalpemilu.org#25810,"BALOI PERMAI, BATAM KOTA, KOTA BATAM, KEPULAUAN RIAU",16,99,143,242
https://kawalpemilu.org#25810,"BALOI PERMAI, BATAM KOTA, KOTA BATAM, KEPULAUAN RIAU",17,94,121,215
https://kawalpemilu.org#25810,"BALOI PERMAI, BATAM KOTA, KOTA BATAM, KEPULAUAN RIAU",18,108,110,218
https://kawalpemilu.org#25810,"BALOI PERMAI, BATAM KOTA, KOTA BATAM, KEPULAUAN RIAU",19,104,122,226
https://kawalpemilu.org#25810,"BALOI PERMAI, BATAM KOTA, KOTA BATAM, KEPULAUAN RIAU",20,129,112,241
https://kawalpemilu.org#25810,"BALOI PERMAI, BATAM KOTA, KOTA BATAM, KEPULAUAN RIAU",21,77,87,164
https://kawalpemilu.org#25810,"BALOI PERMAI, BATAM KOTA, KOTA BATAM, KEPULAUAN RIAU",22,97,104,201
https://kawalpemilu.org#25810,"BALOI PERMAI, BATAM KOTA, KOTA BATAM, KEPULAUAN RIAU",23,117,100,217
https://kawalpemilu.org#25810,"BALOI PERMAI, BATAM KOTA, KOTA BATAM, KEPULAUAN RIAU",24,99,103,202
https://kawalpemilu.org#25810,"BALOI PERMAI, BATAM KOTA, KOTA BATAM, KEPULAUAN RIAU",25,72,99,171
https://kawalpemilu.org#25810,"BALOI PERMAI, BATAM KOTA, KOTA BATAM, KEPULAUAN RIAU",26,79,91,170
https://kawalpemilu.org#25810,"BALOI PERMAI, BATAM KOTA, KOTA BATAM, KEPULAUAN RIAU",27,33,119,152
https://kawalpemilu.org#25810,"BALOI PERMAI, BATAM KOTA, KOTA BATAM, KEPULAUAN RIAU",28,65,108,173
https://kawalpemilu.org#25810,"BALOI PERMAI, BATAM KOTA, KOTA BATAM, KEPULAUAN RIAU",29,0,0,0
https://kawalpemilu.org#25810,"BALOI PERMAI, BATAM KOTA, KOTA BATAM, KEPULAUAN RIAU",30,76,130,206
https://kawalpemilu.org#25810,"BALOI PERMAI, BATAM KOTA, KOTA BATAM, KEPULAUAN RIAU",31,96,114,210
https://kawalpemilu.org#25810,"BALOI PERMAI, BATAM KOTA, KOTA BATAM, KEPULAUAN RIAU",32,91,108,199
https://kawalpemilu.org#25810,"BALOI PERMAI, BATAM KOTA, KOTA BATAM, KEPULAUAN RIAU",33,75,126,201
https://kawalpemilu.org#25810,"BALOI PERMAI, BATAM KOTA, KOTA BATAM, KEPULAUAN RIAU",34,63,119,182
https://kawalpemilu.org#25810,"BALOI PERMAI, BATAM KOTA, KOTA BATAM, KEPULAUAN RIAU",35,96,94,190
https://kawalpemilu.org#25810,"BALOI PERMAI, BATAM KOTA, KOTA BATAM, KEPULAUAN RIAU",36,40,100,140
https://kawalpemilu.org#25810,"BALOI PERMAI, BATAM KOTA, KOTA BATAM, KEPULAUAN RIAU",37,85,104,189
https://kawalpemilu.org#25810,"BALOI PERMAI, BATAM KOTA, KOTA BATAM, KEPULAUAN RIAU",38,68,87,155
https://kawalpemilu.org#25810,"BALOI PERMAI, BATAM KOTA, KOTA BATAM, KEPULAUAN RIAU",39,60,61,121
https://kawalpemilu.org#25810,"BALOI PERMAI, BATAM KOTA, KOTA BATAM, KEPULAUAN RIAU",40,137,112,249
https://kawalpemilu.org#25810,"BALOI PERMAI, BATAM KOTA, KOTA BATAM, KEPULAUAN RIAU",41,128,118,246
https://kawalpemilu.org#25810,"BALOI PERMAI, BATAM KOTA, KOTA BATAM, KEPULAUAN RIAU",42,124,107,231
https://kawalpemilu.org#25810,"BALOI PERMAI, BATAM KOTA, KOTA BATAM, KEPULAUAN RIAU",43,83,116,199
https://kawalpemilu.org#25810,"BALOI PERMAI, BATAM KOTA, KOTA BATAM, KEPULAUAN RIAU",44,84,118,202
https://kawalpemilu.org#25810,"BALOI PERMAI, BATAM KOTA, KOTA BATAM, KEPULAUAN RIAU",45,106,113,219
https://kawalpemilu.org#25810,"BALOI PERMAI, BATAM KOTA, KOTA BATAM, KEPULAUAN RIAU",46,110,156,266
https://kawalpemilu.org#25810,"BALOI PERMAI, BATAM KOTA, KOTA BATAM, KEPULAUAN RIAU",47,92,139,231
https://kawalpemilu.org#25810,"BALOI PERMAI, BATAM KOTA, KOTA BATAM, KEPULAUAN RIAU",48,66,117,183
https://kawalpemilu.org#25810,"BALOI PERMAI, BATAM KOTA, KOTA BATAM, KEPULAUAN RIAU",49,204,89,293
https://kawalpemilu.org#25810,"BALOI PERMAI, BATAM KOTA, KOTA BATAM, KEPULAUAN RIAU",50,184,101,285
https://kawalpemilu.org#25810,"BALOI PERMAI, BATAM KOTA, KOTA BATAM, KEPULAUAN RIAU",51,107,137,244
https://kawalpemilu.org#25810,"BALOI PERMAI, BATAM KOTA, KOTA BATAM, KEPULAUAN RIAU",52,119,150,269
https://kawalpemilu.org#25810,"BALOI PERMAI, BATAM KOTA, KOTA BATAM, KEPULAUAN RIAU",53,80,90,170
https://kawalpemilu.org#25810,"BALOI PERMAI, BATAM KOTA, KOTA BATAM, KEPULAUAN RIAU",54,63,67,130
https://kawalpemilu.org#25810,"BALOI PERMAI, BATAM KOTA, KOTA BATAM, KEPULAUAN RIAU",55,43,75,118
https://kawalpemilu.org#25810,"BALOI PERMAI, BATAM KOTA, KOTA BATAM, KEPULAUAN RIAU",56,105,106,211
https://kawalpemilu.org#25810,"BALOI PERMAI, BATAM KOTA, KOTA BATAM, KEPULAUAN RIAU",57,48,49,97
https://kawalpemilu.org#25810,"BALOI PERMAI, BATAM KOTA, KOTA BATAM, KEPULAUAN RIAU",58,104,127,231
https://kawalpemilu.org#25810,"BALOI PERMAI, BATAM KOTA, KOTA BATAM, KEPULAUAN RIAU",59,67,116,183
https://kawalpemilu.org#25810,"BALOI PERMAI, BATAM KOTA, KOTA BATAM, KEPULAUAN RIAU",60,97,146,243
https://kawalpemilu.org#25810,"BALOI PERMAI, BATAM KOTA, KOTA BATAM, KEPULAUAN RIAU",61,89,156,245
https://kawalpemilu.org#25810,"BALOI PERMAI, BATAM KOTA, KOTA BATAM, KEPULAUAN RIAU",62,94,88,182
https://kawalpemilu.org#25810,"BALOI PERMAI, BATAM KOTA, KOTA BATAM, KEPULAUAN RIAU",63,137,104,241
https://kawalpemilu.org#25810,"BALOI PERMAI, BATAM KOTA, KOTA BATAM, KEPULAUAN RIAU",64,93,112,205
https://kawalpemilu.org#25810,"BALOI PERMAI, BATAM KOTA, KOTA BATAM, KEPULAUAN RIAU",65,68,58,126
https://kawalpemilu.org#25810,"BALOI PERMAI, BATAM KOTA, KOTA BATAM, KEPULAUAN RIAU",66,103,100,203
https://kawalpemilu.org#25810,"BALOI PERMAI, BATAM KOTA, KOTA BATAM, KEPULAUAN RIAU",67,79,111,190
https://kawalpemilu.org#25810,"BALOI PERMAI, BATAM KOTA, KOTA BATAM, KEPULAUAN RIAU",68,98,118,216
https://kawalpemilu.org#25810,"BALOI PERMAI, BATAM KOTA, KOTA BATAM, KEPULAUAN RIAU",69,49,70,119
https://kawalpemilu.org#25810,"BALOI PERMAI, BATAM KOTA, KOTA BATAM, KEPULAUAN RIAU",70,63,31,94
https://kawalpemilu.org#25810,"BALOI PERMAI, BATAM KOTA, KOTA BATAM, KEPULAUAN RIAU",71,101,61,162
https://kawalpemilu.org#25810,"BALOI PERMAI, BATAM KOTA, KOTA BATAM, KEPULAUAN RIAU",72,115,52,167
https://kawalpemilu.org#25810,"BALOI PERMAI, BATAM KOTA, KOTA BATAM, KEPULAUAN RIAU",73,186,27,213
https://kawalpemilu.org#25810,"BALOI PERMAI, BATAM KOTA, KOTA BATAM, KEPULAUAN RIAU",74,88,125,213
https://kawalpemilu.org#25810,"BALOI PERMAI, BATAM KOTA, KOTA BATAM, KEPULAUAN RIAU",75,151,18,170
https://kawalpemilu.org#25810,"BALOI PERMAI, BATAM KOTA, KOTA BATAM, KEPULAUAN RIAU",77,198,28,226
https://kawalpemilu.org#25810,"BALOI PERMAI, BATAM KOTA, KOTA BATAM, KEPULAUAN RIAU",78,184,73,257
https://kawalpemilu.org#25810,"BALOI PERMAI, BATAM KOTA, KOTA BATAM, KEPULAUAN RIAU",79,5,64,69
https://kawalpemilu.org#25810,"BALOI PERMAI, BATAM KOTA, KOTA BATAM, KEPULAUAN RIAU",80,62,154,216
https://kawalpemilu.org#25810,"BALOI PERMAI, BATAM KOTA, KOTA BATAM, KEPULAUAN RIAU",81,61,111,172
https://kawalpemilu.org#25810,"BALOI PERMAI, BATAM KOTA, KOTA BATAM, KEPULAUAN RIAU",82,59,92,151
https://kawalpemilu.org#25810,"BALOI PERMAI, BATAM KOTA, KOTA BATAM, KEPULAUAN RIAU",83,109,130,239
https://kawalpemilu.org#25810,"BALOI PERMAI, BATAM KOTA, KOTA BATAM, KEPULAUAN RIAU",84,77,88,165
https://kawalpemilu.org#25810,"BALOI PERMAI, BATAM KOTA, KOTA BATAM, KEPULAUAN RIAU",85,64,100,164
https://kawalpemilu.org#25810,"BALOI PERMAI, BATAM KOTA, KOTA BATAM, KEPULAUAN RIAU",86,80,100,180
https://kawalpemilu.org#25810,"BALOI PERMAI, BATAM KOTA, KOTA BATAM, KEPULAUAN RIAU",88,81,10,91
https://kawalpemilu.org#25810,"BALOI PERMAI, BATAM KOTA, KOTA BATAM, KEPULAUAN RIAU",89,78,13,91
https://kawalpemilu.org#25810,"BALOI PERMAI, BATAM KOTA, KOTA BATAM, KEPULAUAN RIAU",90,88,73,161
https://kawalpemilu.org#25810,"BALOI PERMAI, BATAM KOTA, KOTA BATAM, KEPULAUAN RIAU",91,83,95,178
https://kawalpemilu.org#25812,"TEMBESI, SAGULUNG, KOTA BATAM, KEPULAUAN RIAU",1,88,61,149
https://kawalpemilu.org#25812,"TEMBESI, SAGULUNG, KOTA BATAM, KEPULAUAN RIAU",2,89,78,167
https://kawalpemilu.org#25812,"TEMBESI, SAGULUNG, KOTA BATAM, KEPULAUAN RIAU",3,136,23,159
https://kawalpemilu.org#25812,"TEMBESI, SAGULUNG, KOTA BATAM, KEPULAUAN RIAU",4,26,86,112
https://kawalpemilu.org#25812,"TEMBESI, SAGULUNG, KOTA BATAM, KEPULAUAN RIAU",5,104,29,133
https://kawalpemilu.org#25812,"TEMBESI, SAGULUNG, KOTA BATAM, KEPULAUAN RIAU",6,118,100,218
https://kawalpemilu.org#25812,"TEMBESI, SAGULUNG, KOTA BATAM, KEPULAUAN RIAU",7,100,36,136
https://kawalpemilu.org#25812,"TEMBESI, SAGULUNG, KOTA BATAM, KEPULAUAN RIAU",8,132,86,218
https://kawalpemilu.org#25812,"TEMBESI, SAGULUNG, KOTA BATAM, KEPULAUAN RIAU",10,74,99,173
https://kawalpemilu.org#25812,"TEMBESI, SAGULUNG, KOTA BATAM, KEPULAUAN RIAU",11,196,15,211
https://kawalpemilu.org#25812,"TEMBESI, SAGULUNG, KOTA BATAM, KEPULAUAN RIAU",12,177,4,181
https://kawalpemilu.org#25812,"TEMBESI, SAGULUNG, KOTA BATAM, KEPULAUAN RIAU",14,151,10,161
https://kawalpemilu.org#25812,"TEMBESI, SAGULUNG, KOTA BATAM, KEPULAUAN RIAU",15,104,10,114
https://kawalpemilu.org#25812,"TEMBESI, SAGULUNG, KOTA BATAM, KEPULAUAN RIAU",16,117,75,192
https://kawalpemilu.org#25812,"TEMBESI, SAGULUNG, KOTA BATAM, KEPULAUAN RIAU",17,206,24,230
https://kawalpemilu.org#25812,"TEMBESI, SAGULUNG, KOTA BATAM, KEPULAUAN RIAU",18,179,50,229
https://kawalpemilu.org#25812,"TEMBESI, SAGULUNG, KOTA BATAM, KEPULAUAN RIAU",19,43,99,142
https://kawalpemilu.org#25812,"TEMBESI, SAGULUNG, KOTA BATAM, KEPULAUAN RIAU",20,29,234,263
https://kawalpemilu.org#25812,"TEMBESI, SAGULUNG, KOTA BATAM, KEPULAUAN RIAU",21,72,154,226
https://kawalpemilu.org#25812,"TEMBESI, SAGULUNG, KOTA BATAM, KEPULAUAN RIAU",23,47,100,147
https://kawalpemilu.org#25812,"TEMBESI, SAGULUNG, KOTA BATAM, KEPULAUAN RIAU",24,118,132,250
https://kawalpemilu.org#25812,"TEMBESI, SAGULUNG, KOTA BATAM, KEPULAUAN RIAU",25,90,174,264
https://kawalpemilu.org#25812,"TEMBESI, SAGULUNG, KOTA BATAM, KEPULAUAN RIAU",26,69,119,188
https://kawalpemilu.org#25812,"TEMBESI, SAGULUNG, KOTA BATAM, KEPULAUAN RIAU",27,128,37,165
https://kawalpemilu.org#25812,"TEMBESI, SAGULUNG, KOTA BATAM, KEPULAUAN RIAU",28,129,43,172
https://kawalpemilu.org#25812,"TEMBESI, SAGULUNG, KOTA BATAM, KEPULAUAN RIAU",29,160,46,206
https://kawalpemilu.org#25812,"TEMBESI, SAGULUNG, KOTA BATAM, KEPULAUAN RIAU",30,48,140,188
https://kawalpemilu.org#25812,"TEMBESI, SAGULUNG, KOTA BATAM, KEPULAUAN RIAU",31,71,79,150
https://kawalpemilu.org#25812,"TEMBESI, SAGULUNG, KOTA BATAM, KEPULAUAN RIAU",32,144,29,173
https://kawalpemilu.org#25812,"TEMBESI, SAGULUNG, KOTA BATAM, KEPULAUAN RIAU",33,20,59,79
https://kawalpemilu.org#25812,"TEMBESI, SAGULUNG, KOTA BATAM, KEPULAUAN RIAU",34,21,46,67
https://kawalpemilu.org#25812,"TEMBESI, SAGULUNG, KOTA BATAM, KEPULAUAN RIAU",35,56,90,146
https://kawalpemilu.org#25812,"TEMBESI, SAGULUNG, KOTA BATAM, KEPULAUAN RIAU",36,41,120,161
https://kawalpemilu.org#25812,"TEMBESI, SAGULUNG, KOTA BATAM, KEPULAUAN RIAU",37,74,62,136
https://kawalpemilu.org#25812,"TEMBESI, SAGULUNG, KOTA BATAM, KEPULAUAN RIAU",38,62,86,148
https://kawalpemilu.org#25812,"TEMBESI, SAGULUNG, KOTA BATAM, KEPULAUAN RIAU",39,68,179,247
https://kawalpemilu.org#25812,"TEMBESI, SAGULUNG, KOTA BATAM, KEPULAUAN RIAU",40,97,123,220
https://kawalpemilu.org#25812,"TEMBESI, SAGULUNG, KOTA BATAM, KEPULAUAN RIAU",41,94,97,191
https://kawalpemilu.org#25812,"TEMBESI, SAGULUNG, KOTA BATAM, KEPULAUAN RIAU",42,88,158,246
https://kawalpemilu.org#25812,"TEMBESI, SAGULUNG, KOTA BATAM, KEPULAUAN RIAU",43,125,88,213
https://kawalpemilu.org#25812,"TEMBESI, SAGULUNG, KOTA BATAM, KEPULAUAN RIAU",44,26,157,183
https://kawalpemilu.org#25812,"TEMBESI, SAGULUNG, KOTA BATAM, KEPULAUAN RIAU",45,43,123,166
https://kawalpemilu.org#25812,"TEMBESI, SAGULUNG, KOTA BATAM, KEPULAUAN RIAU",46,42,104,146
https://kawalpemilu.org#25812,"TEMBESI, SAGULUNG, KOTA BATAM, KEPULAUAN RIAU",47,32,139,171
https://kawalpemilu.org#25812,"TEMBESI, SAGULUNG, KOTA BATAM, KEPULAUAN RIAU",48,37,150,187
https://kawalpemilu.org#25812,"TEMBESI, SAGULUNG, KOTA BATAM, KEPULAUAN RIAU",49,100,158,258
https://kawalpemilu.org#25812,"TEMBESI, SAGULUNG, KOTA BATAM, KEPULAUAN RIAU",51,73,151,224
https://kawalpemilu.org#25812,"TEMBESI, SAGULUNG, KOTA BATAM, KEPULAUAN RIAU",52,106,187,293
https://kawalpemilu.org#25812,"TEMBESI, SAGULUNG, KOTA BATAM, KEPULAUAN RIAU",53,50,118,168
https://kawalpemilu.org#25812,"TEMBESI, SAGULUNG, KOTA BATAM, KEPULAUAN RIAU",54,89,181,270
https://kawalpemilu.org#25812,"TEMBESI, SAGULUNG, KOTA BATAM, KEPULAUAN RIAU",55,109,93,202
https://kawalpemilu.org#25812,"TEMBESI, SAGULUNG, KOTA BATAM, KEPULAUAN RIAU",56,97,148,245
https://kawalpemilu.org#25812,"TEMBESI, SAGULUNG, KOTA BATAM, KEPULAUAN RIAU",57,94,101,195
https://kawalpemilu.org#25812,"TEMBESI, SAGULUNG, KOTA BATAM, KEPULAUAN RIAU",58,59,125,184
https://kawalpemilu.org#25812,"TEMBESI, SAGULUNG, KOTA BATAM, KEPULAUAN RIAU",59,42,147,189
https://kawalpemilu.org#25812,"TEMBESI, SAGULUNG, KOTA BATAM, KEPULAUAN RIAU",60,45,136,181
https://kawalpemilu.org#25812,"TEMBESI, SAGULUNG, KOTA BATAM, KEPULAUAN RIAU",61,103,121,224
https://kawalpemilu.org#25812,"TEMBESI, SAGULUNG, KOTA BATAM, KEPULAUAN RIAU",62,96,121,217
https://kawalpemilu.org#25812,"TEMBESI, SAGULUNG, KOTA BATAM, KEPULAUAN RIAU",63,86,81,167
https://kawalpemilu.org#25812,"TEMBESI, SAGULUNG, KOTA BATAM, KEPULAUAN RIAU",64,38,122,160
https://kawalpemilu.org#25812,"TEMBESI, SAGULUNG, KOTA BATAM, KEPULAUAN RIAU",65,119,130,249
https://kawalpemilu.org#25812,"TEMBESI, SAGULUNG, KOTA BATAM, KEPULAUAN RIAU",68,85,143,228
https://kawalpemilu.org#25812,"TEMBESI, SAGULUNG, KOTA BATAM, KEPULAUAN RIAU",69,173,85,258
https://kawalpemilu.org#25812,"TEMBESI, SAGULUNG, KOTA BATAM, KEPULAUAN RIAU",70,173,80,253
https://kawalpemilu.org#25812,"TEMBESI, SAGULUNG, KOTA BATAM, KEPULAUAN RIAU",71,87,106,193
https://kawalpemilu.org#25812,"TEMBESI, SAGULUNG, KOTA BATAM, KEPULAUAN RIAU",72,104,61,165
https://kawalpemilu.org#25812,"TEMBESI, SAGULUNG, KOTA BATAM, KEPULAUAN RIAU",73,65,113,178
https://kawalpemilu.org#25812,"TEMBESI, SAGULUNG, KOTA BATAM, KEPULAUAN RIAU",74,49,125,174
https://kawalpemilu.org#25812,"TEMBESI, SAGULUNG, KOTA BATAM, KEPULAUAN RIAU",75,64,163,227
https://kawalpemilu.org#25812,"TEMBESI, SAGULUNG, KOTA BATAM, KEPULAUAN RIAU",76,130,88,218
https://kawalpemilu.org#25812,"TEMBESI, SAGULUNG, KOTA BATAM, KEPULAUAN RIAU",78,103,94,197
https://kawalpemilu.org#25812,"TEMBESI, SAGULUNG, KOTA BATAM, KEPULAUAN RIAU",79,67,44,111
https://kawalpemilu.org#25812,"TEMBESI, SAGULUNG, KOTA BATAM, KEPULAUAN RIAU",80,113,85,198
https://kawalpemilu.org#25812,"TEMBESI, SAGULUNG, KOTA BATAM, KEPULAUAN RIAU",81,134,124,258
https://kawalpemilu.org#25812,"TEMBESI, SAGULUNG, KOTA BATAM, KEPULAUAN RIAU",82,163,65,228
https://kawalpemilu.org#25812,"TEMBESI, SAGULUNG, KOTA BATAM, KEPULAUAN RIAU",83,134,93,227
https://kawalpemilu.org#25812,"TEMBESI, SAGULUNG, KOTA BATAM, KEPULAUAN RIAU",84,151,50,201
https://kawalpemilu.org#25812,"TEMBESI, SAGULUNG, KOTA BATAM, KEPULAUAN RIAU",85,83,124,207
https://kawalpemilu.org#25812,"TEMBESI, SAGULUNG, KOTA BATAM, KEPULAUAN RIAU",86,58,144,202
https://kawalpemilu.org#25812,"TEMBESI, SAGULUNG, KOTA BATAM, KEPULAUAN RIAU",87,63,115,178
https://kawalpemilu.org#25812,"TEMBESI, SAGULUNG, KOTA BATAM, KEPULAUAN RIAU",88,87,115,202
https://kawalpemilu.org#25812,"TEMBESI, SAGULUNG, KOTA BATAM, KEPULAUAN RIAU",89,67,69,136
https://kawalpemilu.org#25812,"TEMBESI, SAGULUNG, KOTA BATAM, KEPULAUAN RIAU",91,55,81,136
https://kawalpemilu.org#25812,"TEMBESI, SAGULUNG, KOTA BATAM, KEPULAUAN RIAU",92,160,56,216
https://kawalpemilu.org#25812,"TEMBESI, SAGULUNG, KOTA BATAM, KEPULAUAN RIAU",93,126,120,246
https://kawalpemilu.org#25812,"TEMBESI, SAGULUNG, KOTA BATAM, KEPULAUAN RIAU",94,87,168,255
https://kawalpemilu.org#25812,"TEMBESI, SAGULUNG, KOTA BATAM, KEPULAUAN RIAU",95,89,100,189
https://kawalpemilu.org#25812,"TEMBESI, SAGULUNG, KOTA BATAM, KEPULAUAN RIAU",96,105,113,218
https://kawalpemilu.org#25812,"TEMBESI, SAGULUNG, KOTA BATAM, KEPULAUAN RIAU",97,160,101,261
https://kawalpemilu.org#25812,"TEMBESI, SAGULUNG, KOTA BATAM, KEPULAUAN RIAU",98,74,132,206
https://kawalpemilu.org#25812,"TEMBESI, SAGULUNG, KOTA BATAM, KEPULAUAN RIAU",99,66,124,190
https://kawalpemilu.org#25812,"TEMBESI, SAGULUNG, KOTA BATAM, KEPULAUAN RIAU",100,79,118,197
https://kawalpemilu.org#25812,"TEMBESI, SAGULUNG, KOTA BATAM, KEPULAUAN RIAU",101,81,97,178
https://kawalpemilu.org#25812,"TEMBESI, SAGULUNG, KOTA BATAM, KEPULAUAN RIAU",102,29,177,206
https://kawalpemilu.org#25812,"TEMBESI, SAGULUNG, KOTA BATAM, KEPULAUAN RIAU",103,88,112,200
https://kawalpemilu.org#25812,"TEMBESI, SAGULUNG, KOTA BATAM, KEPULAUAN RIAU",104,102,99,201
https://kawalpemilu.org#25812,"TEMBESI, SAGULUNG, KOTA BATAM, KEPULAUAN RIAU",105,47,57,104
https://kawalpemilu.org#25812,"TEMBESI, SAGULUNG, KOTA BATAM, KEPULAUAN RIAU",106,118,107,225
https://kawalpemilu.org#25812,"TEMBESI, SAGULUNG, KOTA BATAM, KEPULAUAN RIAU",108,105,89,194
https://kawalpemilu.org#25812,"TEMBESI, SAGULUNG, KOTA BATAM, KEPULAUAN RIAU",109,169,66,235
https://kawalpemilu.org#25812,"TEMBESI, SAGULUNG, KOTA BATAM, KEPULAUAN RIAU",110,115,76,191
https://kawalpemilu.org#25812,"TEMBESI, SAGULUNG, KOTA BATAM, KEPULAUAN RIAU",111,66,86,152
https://kawalpemilu.org#25812,"TEMBESI, SAGULUNG, KOTA BATAM, KEPULAUAN RIAU",112,128,138,266
https://kawalpemilu.org#25812,"TEMBESI, SAGULUNG, KOTA BATAM, KEPULAUAN RIAU",113,197,21,218
https://kawalpemilu.org#25812,"TEMBESI, SAGULUNG, KOTA BATAM, KEPULAUAN RIAU",114,172,20,192
https://kawalpemilu.org#25812,"TEMBESI, SAGULUNG, KOTA BATAM, KEPULAUAN RIAU",115,72,165,237
https://kawalpemilu.org#25812,"TEMBESI, SAGULUNG, KOTA BATAM, KEPULAUAN RIAU",116,84,129,213
https://kawalpemilu.org#25812,"TEMBESI, SAGULUNG, KOTA BATAM, KEPULAUAN RIAU",117,122,66,188
https://kawalpemilu.org#25812,"TEMBESI, SAGULUNG, KOTA BATAM, KEPULAUAN RIAU",118,114,19,133
https://kawalpemilu.org#25812,"TEMBESI, SAGULUNG, KOTA BATAM, KEPULAUAN RIAU",119,68,116,184
https://kawalpemilu.org#25812,"TEMBESI, SAGULUNG, KOTA BATAM, KEPULAUAN RIAU",120,54,101,155
https://kawalpemilu.org#25812,"TEMBESI, SAGULUNG, KOTA BATAM, KEPULAUAN RIAU",121,102,86,188
https://kawalpemilu.org#25812,"TEMBESI, SAGULUNG, KOTA BATAM, KEPULAUAN RIAU",122,93,37,130
https://kawalpemilu.org#25812,"TEMBESI, SAGULUNG, KOTA BATAM, KEPULAUAN RIAU",124,107,38,145
https://kawalpemilu.org#25812,"TEMBESI, SAGULUNG, KOTA BATAM, KEPULAUAN RIAU",125,134,48,182
https://kawalpemilu.org#25812,"TEMBESI, SAGULUNG, KOTA BATAM, KEPULAUAN RIAU",126,110,42,152
https://kawalpemilu.org#25812,"TEMBESI, SAGULUNG, KOTA BATAM, KEPULAUAN RIAU",127,70,156,226
https://kawalpemilu.org#25812,"TEMBESI, SAGULUNG, KOTA BATAM, KEPULAUAN RIAU",128,64,150,214
https://kawalpemilu.org#25812,"TEMBESI, SAGULUNG, KOTA BATAM, KEPULAUAN RIAU",129,51,148,199
https://kawalpemilu.org#25813,"SUNGAI BINTI, SAGULUNG, KOTA BATAM, KEPULAUAN RIAU",1,59,107,166
https://kawalpemilu.org#25813,"SUNGAI BINTI, SAGULUNG, KOTA BATAM, KEPULAUAN RIAU",3,79,62,141
https://kawalpemilu.org#25813,"SUNGAI BINTI, SAGULUNG, KOTA BATAM, KEPULAUAN RIAU",4,80,97,177
https://kawalpemilu.org#25813,"SUNGAI BINTI, SAGULUNG, KOTA BATAM, KEPULAUAN RIAU",5,74,77,151
https://kawalpemilu.org#25813,"SUNGAI BINTI, SAGULUNG, KOTA BATAM, KEPULAUAN RIAU",6,74,97,171
https://kawalpemilu.org#25813,"SUNGAI BINTI, SAGULUNG, KOTA BATAM, KEPULAUAN RIAU",7,55,129,184
https://kawalpemilu.org#25813,"SUNGAI BINTI, SAGULUNG, KOTA BATAM, KEPULAUAN RIAU",8,72,106,178
https://kawalpemilu.org#25813,"SUNGAI BINTI, SAGULUNG, KOTA BATAM, KEPULAUAN RIAU",9,38,93,131
https://kawalpemilu.org#25813,"SUNGAI BINTI, SAGULUNG, KOTA BATAM, KEPULAUAN RIAU",10,43,207,250
https://kawalpemilu.org#25813,"SUNGAI BINTI, SAGULUNG, KOTA BATAM, KEPULAUAN RIAU",11,84,69,153
https://kawalpemilu.org#25813,"SUNGAI BINTI, SAGULUNG, KOTA BATAM, KEPULAUAN RIAU",14,31,131,162
https://kawalpemilu.org#25813,"SUNGAI BINTI, SAGULUNG, KOTA BATAM, KEPULAUAN RIAU",15,21,120,141
https://kawalpemilu.org#25813,"SUNGAI BINTI, SAGULUNG, KOTA BATAM, KEPULAUAN RIAU",18,41,123,164
https://kawalpemilu.org#25813,"SUNGAI BINTI, SAGULUNG, KOTA BATAM, KEPULAUAN RIAU",19,55,151,206
https://kawalpemilu.org#25813,"SUNGAI BINTI, SAGULUNG, KOTA BATAM, KEPULAUAN RIAU",20,38,108,146
https://kawalpemilu.org#25813,"SUNGAI BINTI, SAGULUNG, KOTA BATAM, KEPULAUAN RIAU",21,98,118,216
https://kawalpemilu.org#25813,"SUNGAI BINTI, SAGULUNG, KOTA BATAM, KEPULAUAN RIAU",22,211,14,225
https://kawalpemilu.org#25813,"SUNGAI BINTI, SAGULUNG, KOTA BATAM, KEPULAUAN RIAU",23,63,84,147
https://kawalpemilu.org#25813,"SUNGAI BINTI, SAGULUNG, KOTA BATAM, KEPULAUAN RIAU",24,157,96,253
https://kawalpemilu.org#25813,"SUNGAI BINTI, SAGULUNG, KOTA BATAM, KEPULAUAN RIAU",26,37,129,166
https://kawalpemilu.org#25813,"SUNGAI BINTI, SAGULUNG, KOTA BATAM, KEPULAUAN RIAU",27,28,107,135
https://kawalpemilu.org#25813,"SUNGAI BINTI, SAGULUNG, KOTA BATAM, KEPULAUAN RIAU",28,140,89,229
https://kawalpemilu.org#25813,"SUNGAI BINTI, SAGULUNG, KOTA BATAM, KEPULAUAN RIAU",29,79,169,248
https://kawalpemilu.org#25813,"SUNGAI BINTI, SAGULUNG, KOTA BATAM, KEPULAUAN RIAU",30,64,69,133
https://kawalpemilu.org#25813,"SUNGAI BINTI, SAGULUNG, KOTA BATAM, KEPULAUAN RIAU",31,79,59,138
https://kawalpemilu.org#25813,"SUNGAI BINTI, SAGULUNG, KOTA BATAM, KEPULAUAN RIAU",32,106,36,142
https://kawalpemilu.org#25813,"SUNGAI BINTI, SAGULUNG, KOTA BATAM, KEPULAUAN RIAU",33,43,108,151
https://kawalpemilu.org#25813,"SUNGAI BINTI, SAGULUNG, KOTA BATAM, KEPULAUAN RIAU",34,33,120,153
https://kawalpemilu.org#25813,"SUNGAI BINTI, SAGULUNG, KOTA BATAM, KEPULAUAN RIAU",35,65,171,236
https://kawalpemilu.org#25813,"SUNGAI BINTI, SAGULUNG, KOTA BATAM, KEPULAUAN RIAU",36,82,106,188
https://kawalpemilu.org#25813,"SUNGAI BINTI, SAGULUNG, KOTA BATAM, KEPULAUAN RIAU",38,29,66,95
https://kawalpemilu.org#25813,"SUNGAI BINTI, SAGULUNG, KOTA BATAM, KEPULAUAN RIAU",39,30,111,141
https://kawalpemilu.org#25813,"SUNGAI BINTI, SAGULUNG, KOTA BATAM, KEPULAUAN RIAU",40,22,88,110
https://kawalpemilu.org#25813,"SUNGAI BINTI, SAGULUNG, KOTA BATAM, KEPULAUAN RIAU",41,67,101,168
https://kawalpemilu.org#25813,"SUNGAI BINTI, SAGULUNG, KOTA BATAM, KEPULAUAN RIAU",42,115,147,262
https://kawalpemilu.org#25813,"SUNGAI BINTI, SAGULUNG, KOTA BATAM, KEPULAUAN RIAU",44,140,95,235
https://kawalpemilu.org#25813,"SUNGAI BINTI, SAGULUNG, KOTA BATAM, KEPULAUAN RIAU",45,125,31,156
https://kawalpemilu.org#25813,"SUNGAI BINTI, SAGULUNG, KOTA BATAM, KEPULAUAN RIAU",47,96,84,180
https://kawalpemilu.org#25813,"SUNGAI BINTI, SAGULUNG, KOTA BATAM, KEPULAUAN RIAU",48,104,98,202
https://kawalpemilu.org#25813,"SUNGAI BINTI, SAGULUNG, KOTA BATAM, KEPULAUAN RIAU",49,78,68,146
https://kawalpemilu.org#25813,"SUNGAI BINTI, SAGULUNG, KOTA BATAM, KEPULAUAN RIAU",51,45,100,145
https://kawalpemilu.org#25813,"SUNGAI BINTI, SAGULUNG, KOTA BATAM, KEPULAUAN RIAU",53,79,150,229
https://kawalpemilu.org#25813,"SUNGAI BINTI, SAGULUNG, KOTA BATAM, KEPULAUAN RIAU",55,46,91,137
https://kawalpemilu.org#25813,"SUNGAI BINTI, SAGULUNG, KOTA BATAM, KEPULAUAN RIAU",56,69,141,210
https://kawalpemilu.org#25813,"SUNGAI BINTI, SAGULUNG, KOTA BATAM, KEPULAUAN RIAU",57,96,78,174
https://kawalpemilu.org#25813,"SUNGAI BINTI, SAGULUNG, KOTA BATAM, KEPULAUAN RIAU",58,104,51,155
https://kawalpemilu.org#25813,"SUNGAI BINTI, SAGULUNG, KOTA BATAM, KEPULAUAN RIAU",59,113,59,172
https://kawalpemilu.org#25813,"SUNGAI BINTI, SAGULUNG, KOTA BATAM, KEPULAUAN RIAU",61,50,37,87
https://kawalpemilu.org#25813,"SUNGAI BINTI, SAGULUNG, KOTA BATAM, KEPULAUAN RIAU",62,48,63,111
https://kawalpemilu.org#25813,"SUNGAI BINTI, SAGULUNG, KOTA BATAM, KEPULAUAN RIAU",63,31,50,81
https://kawalpemilu.org#25813,"SUNGAI BINTI, SAGULUNG, KOTA BATAM, KEPULAUAN RIAU",64,56,86,142
https://kawalpemilu.org#25813,"SUNGAI BINTI, SAGULUNG, KOTA BATAM, KEPULAUAN RIAU",65,57,54,111
https://kawalpemilu.org#25813,"SUNGAI BINTI, SAGULUNG, KOTA BATAM, KEPULAUAN RIAU",67,73,61,134
https://kawalpemilu.org#25813,"SUNGAI BINTI, SAGULUNG, KOTA BATAM, KEPULAUAN RIAU",68,81,45,126
https://kawalpemilu.org#25813,"SUNGAI BINTI, SAGULUNG, KOTA BATAM, KEPULAUAN RIAU",69,141,83,224
https://kawalpemilu.org#25813,"SUNGAI BINTI, SAGULUNG, KOTA BATAM, KEPULAUAN RIAU",70,73,63,136
https://kawalpemilu.org#25813,"SUNGAI BINTI, SAGULUNG, KOTA BATAM, KEPULAUAN RIAU",72,38,45,83
https://kawalpemilu.org#25813,"SUNGAI BINTI, SAGULUNG, KOTA BATAM, KEPULAUAN RIAU",73,36,34,70
https://kawalpemilu.org#25813,"SUNGAI BINTI, SAGULUNG, KOTA BATAM, KEPULAUAN RIAU",74,55,96,151
https://kawalpemilu.org#25813,"SUNGAI BINTI, SAGULUNG, KOTA BATAM, KEPULAUAN RIAU",75,45,73,118
https://kawalpemilu.org#25813,"SUNGAI BINTI, SAGULUNG, KOTA BATAM, KEPULAUAN RIAU",76,74,79,153
https://kawalpemilu.org#25813,"SUNGAI BINTI, SAGULUNG, KOTA BATAM, KEPULAUAN RIAU",77,107,61,168
https://kawalpemilu.org#25813,"SUNGAI BINTI, SAGULUNG, KOTA BATAM, KEPULAUAN RIAU",78,102,62,164
https://kawalpemilu.org#25813,"SUNGAI BINTI, SAGULUNG, KOTA BATAM, KEPULAUAN RIAU",79,52,151,203
https://kawalpemilu.org#25813,"SUNGAI BINTI, SAGULUNG, KOTA BATAM, KEPULAUAN RIAU",80,83,64,147
https://kawalpemilu.org#25813,"SUNGAI BINTI, SAGULUNG, KOTA BATAM, KEPULAUAN RIAU",81,72,60,132
https://kawalpemilu.org#25813,"SUNGAI BINTI, SAGULUNG, KOTA BATAM, KEPULAUAN RIAU",82,58,126,184
https://kawalpemilu.org#25814,"SUNGAI LEKOP, SAGULUNG, KOTA BATAM, KEPULAUAN RIAU",1,94,152,246
https://kawalpemilu.org#25814,"SUNGAI LEKOP, SAGULUNG, KOTA BATAM, KEPULAUAN RIAU",2,135,134,269
https://kawalpemilu.org#25814,"SUNGAI LEKOP, SAGULUNG, KOTA BATAM, KEPULAUAN RIAU",3,55,86,141
https://kawalpemilu.org#25814,"SUNGAI LEKOP, SAGULUNG, KOTA BATAM, KEPULAUAN RIAU",4,104,101,205
https://kawalpemilu.org#25814,"SUNGAI LEKOP, SAGULUNG, KOTA BATAM, KEPULAUAN RIAU",6,84,62,146
https://kawalpemilu.org#25814,"SUNGAI LEKOP, SAGULUNG, KOTA BATAM, KEPULAUAN RIAU",7,42,99,141
https://kawalpemilu.org#25814,"SUNGAI LEKOP, SAGULUNG, KOTA BATAM, KEPULAUAN RIAU",10,139,57,196
https://kawalpemilu.org#25814,"SUNGAI LEKOP, SAGULUNG, KOTA BATAM, KEPULAUAN RIAU",11,107,124,231
https://kawalpemilu.org#25814,"SUNGAI LEKOP, SAGULUNG, KOTA BATAM, KEPULAUAN RIAU",12,120,88,208
https://kawalpemilu.org#25814,"SUNGAI LEKOP, SAGULUNG, KOTA BATAM, KEPULAUAN RIAU",13,75,42,117
https://kawalpemilu.org#25814,"SUNGAI LEKOP, SAGULUNG, KOTA BATAM, KEPULAUAN RIAU",14,141,129,270
https://kawalpemilu.org#25814,"SUNGAI LEKOP, SAGULUNG, KOTA BATAM, KEPULAUAN RIAU",15,141,45,186
https://kawalpemilu.org#25814,"SUNGAI LEKOP, SAGULUNG, KOTA BATAM, KEPULAUAN RIAU",16,120,58,178
https://kawalpemilu.org#25814,"SUNGAI LEKOP, SAGULUNG, KOTA BATAM, KEPULAUAN RIAU",17,97,146,243
https://kawalpemilu.org#25814,"SUNGAI LEKOP, SAGULUNG, KOTA BATAM, KEPULAUAN RIAU",18,80,131,211
https://kawalpemilu.org#25814,"SUNGAI LEKOP, SAGULUNG, KOTA BATAM, KEPULAUAN RIAU",19,111,168,279
https://kawalpemilu.org#25814,"SUNGAI LEKOP, SAGULUNG, KOTA BATAM, KEPULAUAN RIAU",20,174,55,229
https://kawalpemilu.org#25814,"SUNGAI LEKOP, SAGULUNG, KOTA BATAM, KEPULAUAN RIAU",21,86,90,176
https://kawalpemilu.org#25814,"SUNGAI LEKOP, SAGULUNG, KOTA BATAM, KEPULAUAN RIAU",22,76,104,180
https://kawalpemilu.org#25814,"SUNGAI LEKOP, SAGULUNG, KOTA BATAM, KEPULAUAN RIAU",23,225,40,265
https://kawalpemilu.org#25814,"SUNGAI LEKOP, SAGULUNG, KOTA BATAM, KEPULAUAN RIAU",24,30,93,123
https://kawalpemilu.org#25814,"SUNGAI LEKOP, SAGULUNG, KOTA BATAM, KEPULAUAN RIAU",25,58,107,165
https://kawalpemilu.org#25814,"SUNGAI LEKOP, SAGULUNG, KOTA BATAM, KEPULAUAN RIAU",26,158,25,183
https://kawalpemilu.org#25814,"SUNGAI LEKOP, SAGULUNG, KOTA BATAM, KEPULAUAN RIAU",27,120,22,142
https://kawalpemilu.org#25814,"SUNGAI LEKOP, SAGULUNG, KOTA BATAM, KEPULAUAN RIAU",28,145,102,247
https://kawalpemilu.org#25814,"SUNGAI LEKOP, SAGULUNG, KOTA BATAM, KEPULAUAN RIAU",29,139,119,258
https://kawalpemilu.org#25814,"SUNGAI LEKOP, SAGULUNG, KOTA BATAM, KEPULAUAN RIAU",30,117,55,172
https://kawalpemilu.org#25814,"SUNGAI LEKOP, SAGULUNG, KOTA BATAM, KEPULAUAN RIAU",31,136,125,261
https://kawalpemilu.org#25814,"SUNGAI LEKOP, SAGULUNG, KOTA BATAM, KEPULAUAN RIAU",32,54,71,125
https://kawalpemilu.org#25814,"SUNGAI LEKOP, SAGULUNG, KOTA BATAM, KEPULAUAN RIAU",34,21,46,67
https://kawalpemilu.org#25814,"SUNGAI LEKOP, SAGULUNG, KOTA BATAM, KEPULAUAN RIAU",35,89,151,240
https://kawalpemilu.org#25814,"SUNGAI LEKOP, SAGULUNG, KOTA BATAM, KEPULAUAN RIAU",36,90,129,219
https://kawalpemilu.org#25814,"SUNGAI LEKOP, SAGULUNG, KOTA BATAM, KEPULAUAN RIAU",38,92,71,163
https://kawalpemilu.org#25814,"SUNGAI LEKOP, SAGULUNG, KOTA BATAM, KEPULAUAN RIAU",39,160,39,199
https://kawalpemilu.org#25814,"SUNGAI LEKOP, SAGULUNG, KOTA BATAM, KEPULAUAN RIAU",40,38,91,129
https://kawalpemilu.org#25814,"SUNGAI LEKOP, SAGULUNG, KOTA BATAM, KEPULAUAN RIAU",41,113,111,224
https://kawalpemilu.org#25814,"SUNGAI LEKOP, SAGULUNG, KOTA BATAM, KEPULAUAN RIAU",42,72,102,174
https://kawalpemilu.org#25814,"SUNGAI LEKOP, SAGULUNG, KOTA BATAM, KEPULAUAN RIAU",43,139,74,213
https://kawalpemilu.org#25814,"SUNGAI LEKOP, SAGULUNG, KOTA BATAM, KEPULAUAN RIAU",44,48,93,141
https://kawalpemilu.org#25814,"SUNGAI LEKOP, SAGULUNG, KOTA BATAM, KEPULAUAN RIAU",45,55,84,139
https://kawalpemilu.org#25814,"SUNGAI LEKOP, SAGULUNG, KOTA BATAM, KEPULAUAN RIAU",47,143,116,259
https://kawalpemilu.org#25814,"SUNGAI LEKOP, SAGULUNG, KOTA BATAM, KEPULAUAN RIAU",49,160,60,1
https://kawalpemilu.org#25814,"SUNGAI LEKOP, SAGULUNG, KOTA BATAM, KEPULAUAN RIAU",50,108,51,159
https://kawalpemilu.org#25814,"SUNGAI LEKOP, SAGULUNG, KOTA BATAM, KEPULAUAN RIAU",51,57,127,184
https://kawalpemilu.org#25814,"SUNGAI LEKOP, SAGULUNG, KOTA BATAM, KEPULAUAN RIAU",52,95,17,112
https://kawalpemilu.org#25814,"SUNGAI LEKOP, SAGULUNG, KOTA BATAM, KEPULAUAN RIAU",53,186,65,251
https://kawalpemilu.org#25814,"SUNGAI LEKOP, SAGULUNG, KOTA BATAM, KEPULAUAN RIAU",54,104,60,164
https://kawalpemilu.org#25814,"SUNGAI LEKOP, SAGULUNG, KOTA BATAM, KEPULAUAN RIAU",55,152,98,250
https://kawalpemilu.org#25814,"SUNGAI LEKOP, SAGULUNG, KOTA BATAM, KEPULAUAN RIAU",56,112,13,125
https://kawalpemilu.org#25815,"SAGULUNG KOTA, SAGULUNG, KOTA BATAM, KEPULAUAN RIAU",1,63,83,146
https://kawalpemilu.org#25815,"SAGULUNG KOTA, SAGULUNG, KOTA BATAM, KEPULAUAN RIAU",2,60,87,147
https://kawalpemilu.org#25815,"SAGULUNG KOTA, SAGULUNG, KOTA BATAM, KEPULAUAN RIAU",3,64,105,169
https://kawalpemilu.org#25815,"SAGULUNG KOTA, SAGULUNG, KOTA BATAM, KEPULAUAN RIAU",4,51,79,130
https://kawalpemilu.org#25815,"SAGULUNG KOTA, SAGULUNG, KOTA BATAM, KEPULAUAN RIAU",5,46,58,104
https://kawalpemilu.org#25815,"SAGULUNG KOTA, SAGULUNG, KOTA BATAM, KEPULAUAN RIAU",6,59,88,147
https://kawalpemilu.org#25815,"SAGULUNG KOTA, SAGULUNG, KOTA BATAM, KEPULAUAN RIAU",7,98,36,134
https://kawalpemilu.org#25815,"SAGULUNG KOTA, SAGULUNG, KOTA BATAM, KEPULAUAN RIAU",8,36,38,74
https://kawalpemilu.org#25815,"SAGULUNG KOTA, SAGULUNG, KOTA BATAM, KEPULAUAN RIAU",9,39,132,171
https://kawalpemilu.org#25815,"SAGULUNG KOTA, SAGULUNG, KOTA BATAM, KEPULAUAN RIAU",10,74,68,142
https://kawalpemilu.org#25815,"SAGULUNG KOTA, SAGULUNG, KOTA BATAM, KEPULAUAN RIAU",12,18,56,74
https://kawalpemilu.org#25815,"SAGULUNG KOTA, SAGULUNG, KOTA BATAM, KEPULAUAN RIAU",13,10,67,77
https://kawalpemilu.org#25815,"SAGULUNG KOTA, SAGULUNG, KOTA BATAM, KEPULAUAN RIAU",14,32,100,132
https://kawalpemilu.org#25815,"SAGULUNG KOTA, SAGULUNG, KOTA BATAM, KEPULAUAN RIAU",15,28,66,94
https://kawalpemilu.org#25815,"SAGULUNG KOTA, SAGULUNG, KOTA BATAM, KEPULAUAN RIAU",16,24,77,101
https://kawalpemilu.org#25815,"SAGULUNG KOTA, SAGULUNG, KOTA BATAM, KEPULAUAN RIAU",17,26,123,149
https://kawalpemilu.org#25815,"SAGULUNG KOTA, SAGULUNG, KOTA BATAM, KEPULAUAN RIAU",18,29,154,183
https://kawalpemilu.org#25815,"SAGULUNG KOTA, SAGULUNG, KOTA BATAM, KEPULAUAN RIAU",19,40,111,151
https://kawalpemilu.org#25815,"SAGULUNG KOTA, SAGULUNG, KOTA BATAM, KEPULAUAN RIAU",20,35,89,124
https://kawalpemilu.org#25815,"SAGULUNG KOTA, SAGULUNG, KOTA BATAM, KEPULAUAN RIAU",21,50,78,128
https://kawalpemilu.org#25815,"SAGULUNG KOTA, SAGULUNG, KOTA BATAM, KEPULAUAN RIAU",22,39,66,105
https://kawalpemilu.org#25815,"SAGULUNG KOTA, SAGULUNG, KOTA BATAM, KEPULAUAN RIAU",23,29,104,133
https://kawalpemilu.org#25815,"SAGULUNG KOTA, SAGULUNG, KOTA BATAM, KEPULAUAN RIAU",24,41,83,124
https://kawalpemilu.org#25815,"SAGULUNG KOTA, SAGULUNG, KOTA BATAM, KEPULAUAN RIAU",25,57,128,185
https://kawalpemilu.org#25815,"SAGULUNG KOTA, SAGULUNG, KOTA BATAM, KEPULAUAN RIAU",26,59,122,181
https://kawalpemilu.org#25815,"SAGULUNG KOTA, SAGULUNG, KOTA BATAM, KEPULAUAN RIAU",27,75,119,194
https://kawalpemilu.org#25815,"SAGULUNG KOTA, SAGULUNG, KOTA BATAM, KEPULAUAN RIAU",31,37,79,116
https://kawalpemilu.org#25815,"SAGULUNG KOTA, SAGULUNG, KOTA BATAM, KEPULAUAN RIAU",32,50,93,143
https://kawalpemilu.org#25815,"SAGULUNG KOTA, SAGULUNG, KOTA BATAM, KEPULAUAN RIAU",33,28,58,86
https://kawalpemilu.org#25815,"SAGULUNG KOTA, SAGULUNG, KOTA BATAM, KEPULAUAN RIAU",34,34,80,114
https://kawalpemilu.org#25815,"SAGULUNG KOTA, SAGULUNG, KOTA BATAM, KEPULAUAN RIAU",35,41,88,129
https://kawalpemilu.org#25815,"SAGULUNG KOTA, SAGULUNG, KOTA BATAM, KEPULAUAN RIAU",36,32,59,91
https://kawalpemilu.org#25815,"SAGULUNG KOTA, SAGULUNG, KOTA BATAM, KEPULAUAN RIAU",37,38,81,119
https://kawalpemilu.org#25815,"SAGULUNG KOTA, SAGULUNG, KOTA BATAM, KEPULAUAN RIAU",38,65,101,166
https://kawalpemilu.org#25815,"SAGULUNG KOTA, SAGULUNG, KOTA BATAM, KEPULAUAN RIAU",39,74,104,178
https://kawalpemilu.org#25815,"SAGULUNG KOTA, SAGULUNG, KOTA BATAM, KEPULAUAN RIAU",40,42,95,137
https://kawalpemilu.org#25815,"SAGULUNG KOTA, SAGULUNG, KOTA BATAM, KEPULAUAN RIAU",41,62,122,184
https://kawalpemilu.org#25815,"SAGULUNG KOTA, SAGULUNG, KOTA BATAM, KEPULAUAN RIAU",42,57,94,151
https://kawalpemilu.org#25815,"SAGULUNG KOTA, SAGULUNG, KOTA BATAM, KEPULAUAN RIAU",43,78,144,222
https://kawalpemilu.org#25815,"SAGULUNG KOTA, SAGULUNG, KOTA BATAM, KEPULAUAN RIAU",44,66,122,188
https://kawalpemilu.org#25815,"SAGULUNG KOTA, SAGULUNG, KOTA BATAM, KEPULAUAN RIAU",45,38,80,118
https://kawalpemilu.org#25815,"SAGULUNG KOTA, SAGULUNG, KOTA BATAM, KEPULAUAN RIAU",46,45,101,146
https://kawalpemilu.org#25815,"SAGULUNG KOTA, SAGULUNG, KOTA BATAM, KEPULAUAN RIAU",47,74,167,241
https://kawalpemilu.org#25815,"SAGULUNG KOTA, SAGULUNG, KOTA BATAM, KEPULAUAN RIAU",48,72,173,245
https://kawalpemilu.org#25815,"SAGULUNG KOTA, SAGULUNG, KOTA BATAM, KEPULAUAN RIAU",49,66,174,240
https://kawalpemilu.org#25815,"SAGULUNG KOTA, SAGULUNG, KOTA BATAM, KEPULAUAN RIAU",50,23,77,100
https://kawalpemilu.org#25815,"SAGULUNG KOTA, SAGULUNG, KOTA BATAM, KEPULAUAN RIAU",51,70,105,175
https://kawalpemilu.org#25815,"SAGULUNG KOTA, SAGULUNG, KOTA BATAM, KEPULAUAN RIAU",52,49,65,114
https://kawalpemilu.org#25815,"SAGULUNG KOTA, SAGULUNG, KOTA BATAM, KEPULAUAN RIAU",54,33,47,80
https://kawalpemilu.org#25815,"SAGULUNG KOTA, SAGULUNG, KOTA BATAM, KEPULAUAN RIAU",56,69,73,142
https://kawalpemilu.org#25815,"SAGULUNG KOTA, SAGULUNG, KOTA BATAM, KEPULAUAN RIAU",57,83,63,146
https://kawalpemilu.org#25815,"SAGULUNG KOTA, SAGULUNG, KOTA BATAM, KEPULAUAN RIAU",59,53,85,138
https://kawalpemilu.org#25815,"SAGULUNG KOTA, SAGULUNG, KOTA BATAM, KEPULAUAN RIAU",60,107,70,177
https://kawalpemilu.org#25815,"SAGULUNG KOTA, SAGULUNG, KOTA BATAM, KEPULAUAN RIAU",61,50,66,116
https://kawalpemilu.org#25815,"SAGULUNG KOTA, SAGULUNG, KOTA BATAM, KEPULAUAN RIAU",62,59,69,128
https://kawalpemilu.org#25815,"SAGULUNG KOTA, SAGULUNG, KOTA BATAM, KEPULAUAN RIAU",63,152,17,169
https://kawalpemilu.org#25815,"SAGULUNG KOTA, SAGULUNG, KOTA BATAM, KEPULAUAN RIAU",64,58,71,129
https://kawalpemilu.org#25815,"SAGULUNG KOTA, SAGULUNG, KOTA BATAM, KEPULAUAN RIAU",65,74,49,123
https://kawalpemilu.org#25815,"SAGULUNG KOTA, SAGULUNG, KOTA BATAM, KEPULAUAN RIAU",66,141,35,176
https://kawalpemilu.org#25815,"SAGULUNG KOTA, SAGULUNG, KOTA BATAM, KEPULAUAN RIAU",67,92,25,117
https://kawalpemilu.org#25815,"SAGULUNG KOTA, SAGULUNG, KOTA BATAM, KEPULAUAN RIAU",68,136,21,157
https://kawalpemilu.org#25815,"SAGULUNG KOTA, SAGULUNG, KOTA BATAM, KEPULAUAN RIAU",69,124,13,137
https://kawalpemilu.org#25815,"SAGULUNG KOTA, SAGULUNG, KOTA BATAM, KEPULAUAN RIAU",70,140,8,148
https://kawalpemilu.org#25815,"SAGULUNG KOTA, SAGULUNG, KOTA BATAM, KEPULAUAN RIAU",71,148,6,154
https://kawalpemilu.org#25815,"SAGULUNG KOTA, SAGULUNG, KOTA BATAM, KEPULAUAN RIAU",72,38,52,90
https://kawalpemilu.org#25815,"SAGULUNG KOTA, SAGULUNG, KOTA BATAM, KEPULAUAN RIAU",73,39,57,96
https://kawalpemilu.org#25815,"SAGULUNG KOTA, SAGULUNG, KOTA BATAM, KEPULAUAN RIAU",74,148,52,200
https://kawalpemilu.org#25815,"SAGULUNG KOTA, SAGULUNG, KOTA BATAM, KEPULAUAN RIAU",77,47,100,147
https://kawalpemilu.org#25815,"SAGULUNG KOTA, SAGULUNG, KOTA BATAM, KEPULAUAN RIAU",78,65,79,144
https://kawalpemilu.org#25815,"SAGULUNG KOTA, SAGULUNG, KOTA BATAM, KEPULAUAN RIAU",79,27,95,122
https://kawalpemilu.org#25815,"SAGULUNG KOTA, SAGULUNG, KOTA BATAM, KEPULAUAN RIAU",80,46,153,199
https://kawalpemilu.org#25815,"SAGULUNG KOTA, SAGULUNG, KOTA BATAM, KEPULAUAN RIAU",81,92,153,245
https://kawalpemilu.org#25815,"SAGULUNG KOTA, SAGULUNG, KOTA BATAM, KEPULAUAN RIAU",82,31,103,134
https://kawalpemilu.org#25815,"SAGULUNG KOTA, SAGULUNG, KOTA BATAM, KEPULAUAN RIAU",84,171,56,227
https://kawalpemilu.org#25815,"SAGULUNG KOTA, SAGULUNG, KOTA BATAM, KEPULAUAN RIAU",85,106,86,192
https://kawalpemilu.org#25815,"SAGULUNG KOTA, SAGULUNG, KOTA BATAM, KEPULAUAN RIAU",88,87,113,200
https://kawalpemilu.org#25815,"SAGULUNG KOTA, SAGULUNG, KOTA BATAM, KEPULAUAN RIAU",89,44,66,110
https://kawalpemilu.org#25815,"SAGULUNG KOTA, SAGULUNG, KOTA BATAM, KEPULAUAN RIAU",90,129,35,164
https://kawalpemilu.org#25815,"SAGULUNG KOTA, SAGULUNG, KOTA BATAM, KEPULAUAN RIAU",91,41,103,144
https://kawalpemilu.org#25815,"SAGULUNG KOTA, SAGULUNG, KOTA BATAM, KEPULAUAN RIAU",92,90,95,185
https://kawalpemilu.org#25815,"SAGULUNG KOTA, SAGULUNG, KOTA BATAM, KEPULAUAN RIAU",93,59,122,181
https://kawalpemilu.org#25815,"SAGULUNG KOTA, SAGULUNG, KOTA BATAM, KEPULAUAN RIAU",94,72,170,242
https://kawalpemilu.org#25816,"SUNGAI LANGKAI, SAGULUNG, KOTA BATAM, KEPULAUAN RIAU",1,86,118,204
https://kawalpemilu.org#25816,"SUNGAI LANGKAI, SAGULUNG, KOTA BATAM, KEPULAUAN RIAU",2,80,63,143
https://kawalpemilu.org#25816,"SUNGAI LANGKAI, SAGULUNG, KOTA BATAM, KEPULAUAN RIAU",4,135,88,223
https://kawalpemilu.org#25816,"SUNGAI LANGKAI, SAGULUNG, KOTA BATAM, KEPULAUAN RIAU",5,88,75,163
https://kawalpemilu.org#25816,"SUNGAI LANGKAI, SAGULUNG, KOTA BATAM, KEPULAUAN RIAU",6,55,103,158
https://kawalpemilu.org#25816,"SUNGAI LANGKAI, SAGULUNG, KOTA BATAM, KEPULAUAN RIAU",7,33,49,82
https://kawalpemilu.org#25816,"SUNGAI LANGKAI, SAGULUNG, KOTA BATAM, KEPULAUAN RIAU",8,28,84,112
https://kawalpemilu.org#25816,"SUNGAI LANGKAI, SAGULUNG, KOTA BATAM, KEPULAUAN RIAU",11,92,107,199
https://kawalpemilu.org#25816,"SUNGAI LANGKAI, SAGULUNG, KOTA BATAM, KEPULAUAN RIAU",12,179,11,190
https://kawalpemilu.org#25816,"SUNGAI LANGKAI, SAGULUNG, KOTA BATAM, KEPULAUAN RIAU",13,101,49,150
https://kawalpemilu.org#25816,"SUNGAI LANGKAI, SAGULUNG, KOTA BATAM, KEPULAUAN RIAU",14,109,46,155
https://kawalpemilu.org#25816,"SUNGAI LANGKAI, SAGULUNG, KOTA BATAM, KEPULAUAN RIAU",15,119,43,162
https://kawalpemilu.org#25816,"SUNGAI LANGKAI, SAGULUNG, KOTA BATAM, KEPULAUAN RIAU",17,201,9,210
https://kawalpemilu.org#25816,"SUNGAI LANGKAI, SAGULUNG, KOTA BATAM, KEPULAUAN RIAU",19,164,16,180
https://kawalpemilu.org#25816,"SUNGAI LANGKAI, SAGULUNG, KOTA BATAM, KEPULAUAN RIAU",20,213,14,227
https://kawalpemilu.org#25816,"SUNGAI LANGKAI, SAGULUNG, KOTA BATAM, KEPULAUAN RIAU",21,71,8,79
https://kawalpemilu.org#25816,"SUNGAI LANGKAI, SAGULUNG, KOTA BATAM, KEPULAUAN RIAU",23,99,27,126
https://kawalpemilu.org#25816,"SUNGAI LANGKAI, SAGULUNG, KOTA BATAM, KEPULAUAN RIAU",24,121,70,191
https://kawalpemilu.org#25816,"SUNGAI LANGKAI, SAGULUNG, KOTA BATAM, KEPULAUAN RIAU",28,206,38,244
https://kawalpemilu.org#25816,"SUNGAI LANGKAI, SAGULUNG, KOTA BATAM, KEPULAUAN RIAU",29,176,9,185
https://kawalpemilu.org#25816,"SUNGAI LANGKAI, SAGULUNG, KOTA BATAM, KEPULAUAN RIAU",30,92,148,240
https://kawalpemilu.org#25816,"SUNGAI LANGKAI, SAGULUNG, KOTA BATAM, KEPULAUAN RIAU",31,198,17,215
https://kawalpemilu.org#25816,"SUNGAI LANGKAI, SAGULUNG, KOTA BATAM, KEPULAUAN RIAU",32,117,89,206
https://kawalpemilu.org#25816,"SUNGAI LANGKAI, SAGULUNG, KOTA BATAM, KEPULAUAN RIAU",33,110,36,146
https://kawalpemilu.org#25816,"SUNGAI LANGKAI, SAGULUNG, KOTA BATAM, KEPULAUAN RIAU",34,114,40,154
https://kawalpemilu.org#25816,"SUNGAI LANGKAI, SAGULUNG, KOTA BATAM, KEPULAUAN RIAU",36,69,129,198
https://kawalpemilu.org#25816,"SUNGAI LANGKAI, SAGULUNG, KOTA BATAM, KEPULAUAN RIAU",37,65,156,221
https://kawalpemilu.org#25816,"SUNGAI LANGKAI, SAGULUNG, KOTA BATAM, KEPULAUAN RIAU",38,49,152,201
https://kawalpemilu.org#25816,"SUNGAI LANGKAI, SAGULUNG, KOTA BATAM, KEPULAUAN RIAU",40,23,53,76
https://kawalpemilu.org#25816,"SUNGAI LANGKAI, SAGULUNG, KOTA BATAM, KEPULAUAN RIAU",41,82,65,147
https://kawalpemilu.org#25816,"SUNGAI LANGKAI, SAGULUNG, KOTA BATAM, KEPULAUAN RIAU",43,128,74,202
https://kawalpemilu.org#25816,"SUNGAI LANGKAI, SAGULUNG, KOTA BATAM, KEPULAUAN RIAU",44,70,97,167
https://kawalpemilu.org#25816,"SUNGAI LANGKAI, SAGULUNG, KOTA BATAM, KEPULAUAN RIAU",45,66,96,162
https://kawalpemilu.org#25816,"SUNGAI LANGKAI, SAGULUNG, KOTA BATAM, KEPULAUAN RIAU",46,66,26,92
https://kawalpemilu.org#25816,"SUNGAI LANGKAI, SAGULUNG, KOTA BATAM, KEPULAUAN RIAU",47,47,63,110
https://kawalpemilu.org#25816,"SUNGAI LANGKAI, SAGULUNG, KOTA BATAM, KEPULAUAN RIAU",48,65,110,175
https://kawalpemilu.org#25816,"SUNGAI LANGKAI, SAGULUNG, KOTA BATAM, KEPULAUAN RIAU",50,73,102,175
https://kawalpemilu.org#25816,"SUNGAI LANGKAI, SAGULUNG, KOTA BATAM, KEPULAUAN RIAU",52,39,46,85
https://kawalpemilu.org#25816,"SUNGAI LANGKAI, SAGULUNG, KOTA BATAM, KEPULAUAN RIAU",53,44,107,151
https://kawalpemilu.org#25816,"SUNGAI LANGKAI, SAGULUNG, KOTA BATAM, KEPULAUAN RIAU",54,0,0,157
https://kawalpemilu.org#25816,"SUNGAI LANGKAI, SAGULUNG, KOTA BATAM, KEPULAUAN RIAU",55,24,79,103
https://kawalpemilu.org#25816,"SUNGAI LANGKAI, SAGULUNG, KOTA BATAM, KEPULAUAN RIAU",56,22,82,104
https://kawalpemilu.org#25816,"SUNGAI LANGKAI, SAGULUNG, KOTA BATAM, KEPULAUAN RIAU",59,80,4,84
https://kawalpemilu.org#25816,"SUNGAI LANGKAI, SAGULUNG, KOTA BATAM, KEPULAUAN RIAU",60,41,70,111
https://kawalpemilu.org#25816,"SUNGAI LANGKAI, SAGULUNG, KOTA BATAM, KEPULAUAN RIAU",61,48,90,138
https://kawalpemilu.org#25816,"SUNGAI LANGKAI, SAGULUNG, KOTA BATAM, KEPULAUAN RIAU",62,80,63,143
https://kawalpemilu.org#25816,"SUNGAI LANGKAI, SAGULUNG, KOTA BATAM, KEPULAUAN RIAU",63,66,56,122
https://kawalpemilu.org#25816,"SUNGAI LANGKAI, SAGULUNG, KOTA BATAM, KEPULAUAN RIAU",64,84,86,170
https://kawalpemilu.org#25816,"SUNGAI LANGKAI, SAGULUNG, KOTA BATAM, KEPULAUAN RIAU",65,56,99,155
https://kawalpemilu.org#25816,"SUNGAI LANGKAI, SAGULUNG, KOTA BATAM, KEPULAUAN RIAU",66,59,126,185
https://kawalpemilu.org#25816,"SUNGAI LANGKAI, SAGULUNG, KOTA BATAM, KEPULAUAN RIAU",67,41,96,137
https://kawalpemilu.org#25816,"SUNGAI LANGKAI, SAGULUNG, KOTA BATAM, KEPULAUAN RIAU",68,44,53,97
https://kawalpemilu.org#25816,"SUNGAI LANGKAI, SAGULUNG, KOTA BATAM, KEPULAUAN RIAU",69,23,64,87
https://kawalpemilu.org#25816,"SUNGAI LANGKAI, SAGULUNG, KOTA BATAM, KEPULAUAN RIAU",70,31,60,91
https://kawalpemilu.org#25816,"SUNGAI LANGKAI, SAGULUNG, KOTA BATAM, KEPULAUAN RIAU",71,62,95,157
https://kawalpemilu.org#25816,"SUNGAI LANGKAI, SAGULUNG, KOTA BATAM, KEPULAUAN RIAU",72,33,97,130
https://kawalpemilu.org#25816,"SUNGAI LANGKAI, SAGULUNG, KOTA BATAM, KEPULAUAN RIAU",74,27,134,161
https://kawalpemilu.org#25816,"SUNGAI LANGKAI, SAGULUNG, KOTA BATAM, KEPULAUAN RIAU",75,51,89,140
https://kawalpemilu.org#25816,"SUNGAI LANGKAI, SAGULUNG, KOTA BATAM, KEPULAUAN RIAU",76,35,81,116
https://kawalpemilu.org#25816,"SUNGAI LANGKAI, SAGULUNG, KOTA BATAM, KEPULAUAN RIAU",77,24,30,54
https://kawalpemilu.org#25816,"SUNGAI LANGKAI, SAGULUNG, KOTA BATAM, KEPULAUAN RIAU",78,37,93,130
https://kawalpemilu.org#25816,"SUNGAI LANGKAI, SAGULUNG, KOTA BATAM, KEPULAUAN RIAU",79,36,67,103
https://kawalpemilu.org#25816,"SUNGAI LANGKAI, SAGULUNG, KOTA BATAM, KEPULAUAN RIAU",80,61,58,119
https://kawalpemilu.org#25816,"SUNGAI LANGKAI, SAGULUNG, KOTA BATAM, KEPULAUAN RIAU",81,30,64,94
https://kawalpemilu.org#25816,"SUNGAI LANGKAI, SAGULUNG, KOTA BATAM, KEPULAUAN RIAU",82,57,141,198
https://kawalpemilu.org#25816,"SUNGAI LANGKAI, SAGULUNG, KOTA BATAM, KEPULAUAN RIAU",83,44,109,153
https://kawalpemilu.org#25816,"SUNGAI LANGKAI, SAGULUNG, KOTA BATAM, KEPULAUAN RIAU",84,53,95,148
https://kawalpemilu.org#25816,"SUNGAI LANGKAI, SAGULUNG, KOTA BATAM, KEPULAUAN RIAU",85,44,114,158
https://kawalpemilu.org#25816,"SUNGAI LANGKAI, SAGULUNG, KOTA BATAM, KEPULAUAN RIAU",86,51,122,173
https://kawalpemilu.org#25816,"SUNGAI LANGKAI, SAGULUNG, KOTA BATAM, KEPULAUAN RIAU",87,43,115,158
https://kawalpemilu.org#25816,"SUNGAI LANGKAI, SAGULUNG, KOTA BATAM, KEPULAUAN RIAU",88,54,168,222
https://kawalpemilu.org#25816,"SUNGAI LANGKAI, SAGULUNG, KOTA BATAM, KEPULAUAN RIAU",89,62,171,233
https://kawalpemilu.org#25816,"SUNGAI LANGKAI, SAGULUNG, KOTA BATAM, KEPULAUAN RIAU",90,46,96,142
https://kawalpemilu.org#25816,"SUNGAI LANGKAI, SAGULUNG, KOTA BATAM, KEPULAUAN RIAU",92,57,125,182
https://kawalpemilu.org#25816,"SUNGAI LANGKAI, SAGULUNG, KOTA BATAM, KEPULAUAN RIAU",93,53,171,224
https://kawalpemilu.org#25816,"SUNGAI LANGKAI, SAGULUNG, KOTA BATAM, KEPULAUAN RIAU",95,73,94,167
https://kawalpemilu.org#25816,"SUNGAI LANGKAI, SAGULUNG, KOTA BATAM, KEPULAUAN RIAU",96,55,103,158
https://kawalpemilu.org#25816,"SUNGAI LANGKAI, SAGULUNG, KOTA BATAM, KEPULAUAN RIAU",97,81,21,102
https://kawalpemilu.org#25816,"SUNGAI LANGKAI, SAGULUNG, KOTA BATAM, KEPULAUAN RIAU",99,81,100,181
https://kawalpemilu.org#25816,"SUNGAI LANGKAI, SAGULUNG, KOTA BATAM, KEPULAUAN RIAU",100,57,57,114
https://kawalpemilu.org#25816,"SUNGAI LANGKAI, SAGULUNG, KOTA BATAM, KEPULAUAN RIAU",101,38,62,100
https://kawalpemilu.org#25816,"SUNGAI LANGKAI, SAGULUNG, KOTA BATAM, KEPULAUAN RIAU",102,68,81,149
https://kawalpemilu.org#25816,"SUNGAI LANGKAI, SAGULUNG, KOTA BATAM, KEPULAUAN RIAU",103,118,105,223
https://kawalpemilu.org#25816,"SUNGAI LANGKAI, SAGULUNG, KOTA BATAM, KEPULAUAN RIAU",104,145,103,248
https://kawalpemilu.org#25816,"SUNGAI LANGKAI, SAGULUNG, KOTA BATAM, KEPULAUAN RIAU",105,67,105,172
https://kawalpemilu.org#25816,"SUNGAI LANGKAI, SAGULUNG, KOTA BATAM, KEPULAUAN RIAU",107,19,78,97
https://kawalpemilu.org#25816,"SUNGAI LANGKAI, SAGULUNG, KOTA BATAM, KEPULAUAN RIAU",108,40,88,128
https://kawalpemilu.org#25816,"SUNGAI LANGKAI, SAGULUNG, KOTA BATAM, KEPULAUAN RIAU",109,41,111,152
https://kawalpemilu.org#25816,"SUNGAI LANGKAI, SAGULUNG, KOTA BATAM, KEPULAUAN RIAU",110,58,184,242
https://kawalpemilu.org#25816,"SUNGAI LANGKAI, SAGULUNG, KOTA BATAM, KEPULAUAN RIAU",111,60,50,110
https://kawalpemilu.org#25816,"SUNGAI LANGKAI, SAGULUNG, KOTA BATAM, KEPULAUAN RIAU",112,113,42,155
https://kawalpemilu.org#25816,"SUNGAI LANGKAI, SAGULUNG, KOTA BATAM, KEPULAUAN RIAU",114,72,52,124
https://kawalpemilu.org#25816,"SUNGAI LANGKAI, SAGULUNG, KOTA BATAM, KEPULAUAN RIAU",116,98,97,195
https://kawalpemilu.org#25816,"SUNGAI LANGKAI, SAGULUNG, KOTA BATAM, KEPULAUAN RIAU",117,88,11,99
https://kawalpemilu.org#25816,"SUNGAI LANGKAI, SAGULUNG, KOTA BATAM, KEPULAUAN RIAU",118,119,74,193
https://kawalpemilu.org#25816,"SUNGAI LANGKAI, SAGULUNG, KOTA BATAM, KEPULAUAN RIAU",120,92,67,159
https://kawalpemilu.org#25816,"SUNGAI LANGKAI, SAGULUNG, KOTA BATAM, KEPULAUAN RIAU",121,101,52,153
https://kawalpemilu.org#25816,"SUNGAI LANGKAI, SAGULUNG, KOTA BATAM, KEPULAUAN RIAU",122,83,104,187
https://kawalpemilu.org#25816,"SUNGAI LANGKAI, SAGULUNG, KOTA BATAM, KEPULAUAN RIAU",123,124,92,216
https://kawalpemilu.org#25816,"SUNGAI LANGKAI, SAGULUNG, KOTA BATAM, KEPULAUAN RIAU",124,111,84,195
https://kawalpemilu.org#25816,"SUNGAI LANGKAI, SAGULUNG, KOTA BATAM, KEPULAUAN RIAU",125,72,143,215
https://kawalpemilu.org#25816,"SUNGAI LANGKAI, SAGULUNG, KOTA BATAM, KEPULAUAN RIAU",126,54,89,143
https://kawalpemilu.org#25816,"SUNGAI LANGKAI, SAGULUNG, KOTA BATAM, KEPULAUAN RIAU",128,96,123,219
https://kawalpemilu.org#25816,"SUNGAI LANGKAI, SAGULUNG, KOTA BATAM, KEPULAUAN RIAU",130,113,135,248
https://kawalpemilu.org#25816,"SUNGAI LANGKAI, SAGULUNG, KOTA BATAM, KEPULAUAN RIAU",131,152,31,183
https://kawalpemilu.org#25816,"SUNGAI LANGKAI, SAGULUNG, KOTA BATAM, KEPULAUAN RIAU",132,100,59,159
https://kawalpemilu.org#25816,"SUNGAI LANGKAI, SAGULUNG, KOTA BATAM, KEPULAUAN RIAU",133,46,82,128
https://kawalpemilu.org#25816,"SUNGAI LANGKAI, SAGULUNG, KOTA BATAM, KEPULAUAN RIAU",134,88,76,164
https://kawalpemilu.org#25816,"SUNGAI LANGKAI, SAGULUNG, KOTA BATAM, KEPULAUAN RIAU",135,79,69,148
https://kawalpemilu.org#25816,"SUNGAI LANGKAI, SAGULUNG, KOTA BATAM, KEPULAUAN RIAU",136,68,70,138
https://kawalpemilu.org#25816,"SUNGAI LANGKAI, SAGULUNG, KOTA BATAM, KEPULAUAN RIAU",137,62,71,133
https://kawalpemilu.org#25816,"SUNGAI LANGKAI, SAGULUNG, KOTA BATAM, KEPULAUAN RIAU",139,65,57,122
https://kawalpemilu.org#25816,"SUNGAI LANGKAI, SAGULUNG, KOTA BATAM, KEPULAUAN RIAU",140,61,77,138
https://kawalpemilu.org#25817,"SUNGAI PELUNGGUT, SAGULUNG, KOTA BATAM, KEPULAUAN RIAU",1,102,125,227
https://kawalpemilu.org#25817,"SUNGAI PELUNGGUT, SAGULUNG, KOTA BATAM, KEPULAUAN RIAU",2,71,69,140
https://kawalpemilu.org#25817,"SUNGAI PELUNGGUT, SAGULUNG, KOTA BATAM, KEPULAUAN RIAU",3,81,144,225
https://kawalpemilu.org#25817,"SUNGAI PELUNGGUT, SAGULUNG, KOTA BATAM, KEPULAUAN RIAU",4,101,98,199
https://kawalpemilu.org#25817,"SUNGAI PELUNGGUT, SAGULUNG, KOTA BATAM, KEPULAUAN RIAU",5,55,124,179
https://kawalpemilu.org#25817,"SUNGAI PELUNGGUT, SAGULUNG, KOTA BATAM, KEPULAUAN RIAU",6,126,124,250
https://kawalpemilu.org#25817,"SUNGAI PELUNGGUT, SAGULUNG, KOTA BATAM, KEPULAUAN RIAU",7,87,161,248
https://kawalpemilu.org#25817,"SUNGAI PELUNGGUT, SAGULUNG, KOTA BATAM, KEPULAUAN RIAU",8,54,61,115
https://kawalpemilu.org#25817,"SUNGAI PELUNGGUT, SAGULUNG, KOTA BATAM, KEPULAUAN RIAU",9,94,32,126
https://kawalpemilu.org#25817,"SUNGAI PELUNGGUT, SAGULUNG, KOTA BATAM, KEPULAUAN RIAU",10,86,39,125
https://kawalpemilu.org#25817,"SUNGAI PELUNGGUT, SAGULUNG, KOTA BATAM, KEPULAUAN RIAU",11,59,67,126
https://kawalpemilu.org#25817,"SUNGAI PELUNGGUT, SAGULUNG, KOTA BATAM, KEPULAUAN RIAU",12,103,153,256
https://kawalpemilu.org#25817,"SUNGAI PELUNGGUT, SAGULUNG, KOTA BATAM, KEPULAUAN RIAU",13,143,43,186
https://kawalpemilu.org#25817,"SUNGAI PELUNGGUT, SAGULUNG, KOTA BATAM, KEPULAUAN RIAU",14,173,90,265
https://kawalpemilu.org#25817,"SUNGAI PELUNGGUT, SAGULUNG, KOTA BATAM, KEPULAUAN RIAU",15,179,76,255
https://kawalpemilu.org#25817,"SUNGAI PELUNGGUT, SAGULUNG, KOTA BATAM, KEPULAUAN RIAU",16,114,26,140
https://kawalpemilu.org#25817,"SUNGAI PELUNGGUT, SAGULUNG, KOTA BATAM, KEPULAUAN RIAU",17,122,12,134
https://kawalpemilu.org#25817,"SUNGAI PELUNGGUT, SAGULUNG, KOTA BATAM, KEPULAUAN RIAU",18,72,53,125
https://kawalpemilu.org#25817,"SUNGAI PELUNGGUT, SAGULUNG, KOTA BATAM, KEPULAUAN RIAU",19,112,12,124
https://kawalpemilu.org#25817,"SUNGAI PELUNGGUT, SAGULUNG, KOTA BATAM, KEPULAUAN RIAU",20,120,104,224
https://kawalpemilu.org#25817,"SUNGAI PELUNGGUT, SAGULUNG, KOTA BATAM, KEPULAUAN RIAU",22,167,16,183
https://kawalpemilu.org#25817,"SUNGAI PELUNGGUT, SAGULUNG, KOTA BATAM, KEPULAUAN RIAU",23,168,61,229
https://kawalpemilu.org#25817,"SUNGAI PELUNGGUT, SAGULUNG, KOTA BATAM, KEPULAUAN RIAU",25,104,73,177
https://kawalpemilu.org#25817,"SUNGAI PELUNGGUT, SAGULUNG, KOTA BATAM, KEPULAUAN RIAU",26,204,66,270
https://kawalpemilu.org#25817,"SUNGAI PELUNGGUT, SAGULUNG, KOTA BATAM, KEPULAUAN RIAU",27,0,0,0
https://kawalpemilu.org#25817,"SUNGAI PELUNGGUT, SAGULUNG, KOTA BATAM, KEPULAUAN RIAU",28,134,92,226
https://kawalpemilu.org#25817,"SUNGAI PELUNGGUT, SAGULUNG, KOTA BATAM, KEPULAUAN RIAU",29,139,82,221
https://kawalpemilu.org#25817,"SUNGAI PELUNGGUT, SAGULUNG, KOTA BATAM, KEPULAUAN RIAU",30,169,73,242
https://kawalpemilu.org#25817,"SUNGAI PELUNGGUT, SAGULUNG, KOTA BATAM, KEPULAUAN RIAU",31,174,52,226
https://kawalpemilu.org#25817,"SUNGAI PELUNGGUT, SAGULUNG, KOTA BATAM, KEPULAUAN RIAU",32,164,19,183
https://kawalpemilu.org#25817,"SUNGAI PELUNGGUT, SAGULUNG, KOTA BATAM, KEPULAUAN RIAU",33,234,43,277
https://kawalpemilu.org#25817,"SUNGAI PELUNGGUT, SAGULUNG, KOTA BATAM, KEPULAUAN RIAU",34,78,96,174
https://kawalpemilu.org#25817,"SUNGAI PELUNGGUT, SAGULUNG, KOTA BATAM, KEPULAUAN RIAU",35,157,27,184
https://kawalpemilu.org#25817,"SUNGAI PELUNGGUT, SAGULUNG, KOTA BATAM, KEPULAUAN RIAU",36,178,57,235
https://kawalpemilu.org#25817,"SUNGAI PELUNGGUT, SAGULUNG, KOTA BATAM, KEPULAUAN RIAU",37,139,48,187
https://kawalpemilu.org#25817,"SUNGAI PELUNGGUT, SAGULUNG, KOTA BATAM, KEPULAUAN RIAU",38,146,33,179
https://kawalpemilu.org#25817,"SUNGAI PELUNGGUT, SAGULUNG, KOTA BATAM, KEPULAUAN RIAU",39,125,24,149
https://kawalpemilu.org#25817,"SUNGAI PELUNGGUT, SAGULUNG, KOTA BATAM, KEPULAUAN RIAU",40,102,76,178
https://kawalpemilu.org#25817,"SUNGAI PELUNGGUT, SAGULUNG, KOTA BATAM, KEPULAUAN RIAU",41,62,79,141
https://kawalpemilu.org#25817,"SUNGAI PELUNGGUT, SAGULUNG, KOTA BATAM, KEPULAUAN RIAU",42,0,0,125
https://kawalpemilu.org#25817,"SUNGAI PELUNGGUT, SAGULUNG, KOTA BATAM, KEPULAUAN RIAU",44,165,58,223
https://kawalpemilu.org#25817,"SUNGAI PELUNGGUT, SAGULUNG, KOTA BATAM, KEPULAUAN RIAU",45,69,51,120
https://kawalpemilu.org#25817,"SUNGAI PELUNGGUT, SAGULUNG, KOTA BATAM, KEPULAUAN RIAU",46,50,51,101
https://kawalpemilu.org#25817,"SUNGAI PELUNGGUT, SAGULUNG, KOTA BATAM, KEPULAUAN RIAU",47,95,42,137
https://kawalpemilu.org#25817,"SUNGAI PELUNGGUT, SAGULUNG, KOTA BATAM, KEPULAUAN RIAU",48,83,60,143
https://kawalpemilu.org#25817,"SUNGAI PELUNGGUT, SAGULUNG, KOTA BATAM, KEPULAUAN RIAU",49,150,54,204
https://kawalpemilu.org#25817,"SUNGAI PELUNGGUT, SAGULUNG, KOTA BATAM, KEPULAUAN RIAU",50,33,114,147
https://kawalpemilu.org#25817,"SUNGAI PELUNGGUT, SAGULUNG, KOTA BATAM, KEPULAUAN RIAU",51,123,68,191
https://kawalpemilu.org#25817,"SUNGAI PELUNGGUT, SAGULUNG, KOTA BATAM, KEPULAUAN RIAU",52,85,66,151
https://kawalpemilu.org#25817,"SUNGAI PELUNGGUT, SAGULUNG, KOTA BATAM, KEPULAUAN RIAU",53,197,45,242
https://kawalpemilu.org#25817,"SUNGAI PELUNGGUT, SAGULUNG, KOTA BATAM, KEPULAUAN RIAU",54,149,55,204
https://kawalpemilu.org#25817,"SUNGAI PELUNGGUT, SAGULUNG, KOTA BATAM, KEPULAUAN RIAU",55,202,15,217
https://kawalpemilu.org#25817,"SUNGAI PELUNGGUT, SAGULUNG, KOTA BATAM, KEPULAUAN RIAU",56,185,1,186
https://kawalpemilu.org#25817,"SUNGAI PELUNGGUT, SAGULUNG, KOTA BATAM, KEPULAUAN RIAU",57,97,143,240
https://kawalpemilu.org#25817,"SUNGAI PELUNGGUT, SAGULUNG, KOTA BATAM, KEPULAUAN RIAU",58,70,107,177
https://kawalpemilu.org#25817,"SUNGAI PELUNGGUT, SAGULUNG, KOTA BATAM, KEPULAUAN RIAU",59,80,128,208
https://kawalpemilu.org#25817,"SUNGAI PELUNGGUT, SAGULUNG, KOTA BATAM, KEPULAUAN RIAU",60,98,147,245
https://kawalpemilu.org#25817,"SUNGAI PELUNGGUT, SAGULUNG, KOTA BATAM, KEPULAUAN RIAU",61,71,139,210
https://kawalpemilu.org#25817,"SUNGAI PELUNGGUT, SAGULUNG, KOTA BATAM, KEPULAUAN RIAU",62,128,30,158
https://kawalpemilu.org#25817,"SUNGAI PELUNGGUT, SAGULUNG, KOTA BATAM, KEPULAUAN RIAU",63,54,70,124
https://kawalpemilu.org#25817,"SUNGAI PELUNGGUT, SAGULUNG, KOTA BATAM, KEPULAUAN RIAU",64,97,38,135
https://kawalpemilu.org#25817,"SUNGAI PELUNGGUT, SAGULUNG, KOTA BATAM, KEPULAUAN RIAU",65,90,65,155
https://kawalpemilu.org#25817,"SUNGAI PELUNGGUT, SAGULUNG, KOTA BATAM, KEPULAUAN RIAU",66,87,56,143
https://kawalpemilu.org#25817,"SUNGAI PELUNGGUT, SAGULUNG, KOTA BATAM, KEPULAUAN RIAU",67,142,74,216
https://kawalpemilu.org#25817,"SUNGAI PELUNGGUT, SAGULUNG, KOTA BATAM, KEPULAUAN RIAU",68,146,87,233
https://kawalpemilu.org#25817,"SUNGAI PELUNGGUT, SAGULUNG, KOTA BATAM, KEPULAUAN RIAU",70,128,96,224
https://kawalpemilu.org#25817,"SUNGAI PELUNGGUT, SAGULUNG, KOTA BATAM, KEPULAUAN RIAU",71,80,38,118
https://kawalpemilu.org#25817,"SUNGAI PELUNGGUT, SAGULUNG, KOTA BATAM, KEPULAUAN RIAU",73,84,58,142
https://kawalpemilu.org#25817,"SUNGAI PELUNGGUT, SAGULUNG, KOTA BATAM, KEPULAUAN RIAU",74,78,53,131
https://kawalpemilu.org#25817,"SUNGAI PELUNGGUT, SAGULUNG, KOTA BATAM, KEPULAUAN RIAU",75,44,68,112
https://kawalpemilu.org#25817,"SUNGAI PELUNGGUT, SAGULUNG, KOTA BATAM, KEPULAUAN RIAU",76,44,75,119
https://kawalpemilu.org#25817,"SUNGAI PELUNGGUT, SAGULUNG, KOTA BATAM, KEPULAUAN RIAU",77,71,83,154
https://kawalpemilu.org#25817,"SUNGAI PELUNGGUT, SAGULUNG, KOTA BATAM, KEPULAUAN RIAU",78,109,57,166
https://kawalpemilu.org#25817,"SUNGAI PELUNGGUT, SAGULUNG, KOTA BATAM, KEPULAUAN RIAU",80,47,46,93
https://kawalpemilu.org#25819,"BUKIT TEMPAYAN, BATU AJI, KOTA BATAM, KEPULAUAN RIAU",1,65,176,241
https://kawalpemilu.org#25819,"BUKIT TEMPAYAN, BATU AJI, KOTA BATAM, KEPULAUAN RIAU",2,64,174,238
https://kawalpemilu.org#25819,"BUKIT TEMPAYAN, BATU AJI, KOTA BATAM, KEPULAUAN RIAU",3,63,135,198
https://kawalpemilu.org#25819,"BUKIT TEMPAYAN, BATU AJI, KOTA BATAM, KEPULAUAN RIAU",4,48,136,184
https://kawalpemilu.org#25819,"BUKIT TEMPAYAN, BATU AJI, KOTA BATAM, KEPULAUAN RIAU",5,78,100,178
https://kawalpemilu.org#25819,"BUKIT TEMPAYAN, BATU AJI, KOTA BATAM, KEPULAUAN RIAU",6,88,148,236
https://kawalpemilu.org#25819,"BUKIT TEMPAYAN, BATU AJI, KOTA BATAM, KEPULAUAN RIAU",7,72,132,204
https://kawalpemilu.org#25819,"BUKIT TEMPAYAN, BATU AJI, KOTA BATAM, KEPULAUAN RIAU",8,125,130,255
https://kawalpemilu.org#25819,"BUKIT TEMPAYAN, BATU AJI, KOTA BATAM, KEPULAUAN RIAU",9,68,98,166
https://kawalpemilu.org#25819,"BUKIT TEMPAYAN, BATU AJI, KOTA BATAM, KEPULAUAN RIAU",10,56,175,231
https://kawalpemilu.org#25819,"BUKIT TEMPAYAN, BATU AJI, KOTA BATAM, KEPULAUAN RIAU",11,104,170,274
https://kawalpemilu.org#25819,"BUKIT TEMPAYAN, BATU AJI, KOTA BATAM, KEPULAUAN RIAU",12,67,200,267
https://kawalpemilu.org#25819,"BUKIT TEMPAYAN, BATU AJI, KOTA BATAM, KEPULAUAN RIAU",13,89,180,269
https://kawalpemilu.org#25819,"BUKIT TEMPAYAN, BATU AJI, KOTA BATAM, KEPULAUAN RIAU",14,91,152,243
https://kawalpemilu.org#25819,"BUKIT TEMPAYAN, BATU AJI, KOTA BATAM, KEPULAUAN RIAU",15,62,136,198
https://kawalpemilu.org#25819,"BUKIT TEMPAYAN, BATU AJI, KOTA BATAM, KEPULAUAN RIAU",16,114,63,177
https://kawalpemilu.org#25819,"BUKIT TEMPAYAN, BATU AJI, KOTA BATAM, KEPULAUAN RIAU",17,83,171,254
https://kawalpemilu.org#25819,"BUKIT TEMPAYAN, BATU AJI, KOTA BATAM, KEPULAUAN RIAU",18,107,137,244
https://kawalpemilu.org#25819,"BUKIT TEMPAYAN, BATU AJI, KOTA BATAM, KEPULAUAN RIAU",19,120,95,215
https://kawalpemilu.org#25819,"BUKIT TEMPAYAN, BATU AJI, KOTA BATAM, KEPULAUAN RIAU",20,123,115,238
https://kawalpemilu.org#25819,"BUKIT TEMPAYAN, BATU AJI, KOTA BATAM, KEPULAUAN RIAU",21,109,146,255
https://kawalpemilu.org#25819,"BUKIT TEMPAYAN, BATU AJI, KOTA BATAM, KEPULAUAN RIAU",22,141,114,255
https://kawalpemilu.org#25819,"BUKIT TEMPAYAN, BATU AJI, KOTA BATAM, KEPULAUAN RIAU",23,144,118,262
https://kawalpemilu.org#25819,"BUKIT TEMPAYAN, BATU AJI, KOTA BATAM, KEPULAUAN RIAU",24,126,143,269
https://kawalpemilu.org#25819,"BUKIT TEMPAYAN, BATU AJI, KOTA BATAM, KEPULAUAN RIAU",25,110,121,231
https://kawalpemilu.org#25819,"BUKIT TEMPAYAN, BATU AJI, KOTA BATAM, KEPULAUAN RIAU",26,179,87,266
https://kawalpemilu.org#25819,"BUKIT TEMPAYAN, BATU AJI, KOTA BATAM, KEPULAUAN RIAU",27,185,73,258
https://kawalpemilu.org#25819,"BUKIT TEMPAYAN, BATU AJI, KOTA BATAM, KEPULAUAN RIAU",28,164,65,229
https://kawalpemilu.org#25819,"BUKIT TEMPAYAN, BATU AJI, KOTA BATAM, KEPULAUAN RIAU",29,147,82,229
https://kawalpemilu.org#25819,"BUKIT TEMPAYAN, BATU AJI, KOTA BATAM, KEPULAUAN RIAU",30,77,109,186
https://kawalpemilu.org#25819,"BUKIT TEMPAYAN, BATU AJI, KOTA BATAM, KEPULAUAN RIAU",31,136,128,264
https://kawalpemilu.org#25819,"BUKIT TEMPAYAN, BATU AJI, KOTA BATAM, KEPULAUAN RIAU",32,109,128,237
https://kawalpemilu.org#25819,"BUKIT TEMPAYAN, BATU AJI, KOTA BATAM, KEPULAUAN RIAU",33,92,96,188
https://kawalpemilu.org#25819,"BUKIT TEMPAYAN, BATU AJI, KOTA BATAM, KEPULAUAN RIAU",34,70,107,177
https://kawalpemilu.org#25819,"BUKIT TEMPAYAN, BATU AJI, KOTA BATAM, KEPULAUAN RIAU",35,79,12,91
https://kawalpemilu.org#25819,"BUKIT TEMPAYAN, BATU AJI, KOTA BATAM, KEPULAUAN RIAU",36,63,41,104
https://kawalpemilu.org#25820,"BULIANG, BATU AJI, KOTA BATAM, KEPULAUAN RIAU",1,114,88,202
https://kawalpemilu.org#25820,"BULIANG, BATU AJI, KOTA BATAM, KEPULAUAN RIAU",2,124,73,197
https://kawalpemilu.org#25820,"BULIANG, BATU AJI, KOTA BATAM, KEPULAUAN RIAU",3,64,68,132
https://kawalpemilu.org#25820,"BULIANG, BATU AJI, KOTA BATAM, KEPULAUAN RIAU",4,113,67,180
https://kawalpemilu.org#25820,"BULIANG, BATU AJI, KOTA BATAM, KEPULAUAN RIAU",5,108,137,245
https://kawalpemilu.org#25820,"BULIANG, BATU AJI, KOTA BATAM, KEPULAUAN RIAU",6,132,108,240
https://kawalpemilu.org#25820,"BULIANG, BATU AJI, KOTA BATAM, KEPULAUAN RIAU",7,100,146,246
https://kawalpemilu.org#25820,"BULIANG, BATU AJI, KOTA BATAM, KEPULAUAN RIAU",8,93,126,219
https://kawalpemilu.org#25820,"BULIANG, BATU AJI, KOTA BATAM, KEPULAUAN RIAU",9,81,138,219
https://kawalpemilu.org#25820,"BULIANG, BATU AJI, KOTA BATAM, KEPULAUAN RIAU",10,87,118,205
https://kawalpemilu.org#25820,"BULIANG, BATU AJI, KOTA BATAM, KEPULAUAN RIAU",11,121,147,268
https://kawalpemilu.org#25820,"BULIANG, BATU AJI, KOTA BATAM, KEPULAUAN RIAU",12,65,141,206
https://kawalpemilu.org#25820,"BULIANG, BATU AJI, KOTA BATAM, KEPULAUAN RIAU",13,82,179,261
https://kawalpemilu.org#25820,"BULIANG, BATU AJI, KOTA BATAM, KEPULAUAN RIAU",14,61,117,178
https://kawalpemilu.org#25820,"BULIANG, BATU AJI, KOTA BATAM, KEPULAUAN RIAU",15,74,158,232
https://kawalpemilu.org#25820,"BULIANG, BATU AJI, KOTA BATAM, KEPULAUAN RIAU",16,68,126,194
https://kawalpemilu.org#25820,"BULIANG, BATU AJI, KOTA BATAM, KEPULAUAN RIAU",17,101,164,265
https://kawalpemilu.org#25820,"BULIANG, BATU AJI, KOTA BATAM, KEPULAUAN RIAU",19,58,88,146
https://kawalpemilu.org#25820,"BULIANG, BATU AJI, KOTA BATAM, KEPULAUAN RIAU",20,134,30,164
https://kawalpemilu.org#25820,"BULIANG, BATU AJI, KOTA BATAM, KEPULAUAN RIAU",21,80,69,149
https://kawalpemilu.org#25820,"BULIANG, BATU AJI, KOTA BATAM, KEPULAUAN RIAU",22,63,39,102
https://kawalpemilu.org#25820,"BULIANG, BATU AJI, KOTA BATAM, KEPULAUAN RIAU",23,105,28,133
https://kawalpemilu.org#25820,"BULIANG, BATU AJI, KOTA BATAM, KEPULAUAN RIAU",24,80,36,116
https://kawalpemilu.org#25820,"BULIANG, BATU AJI, KOTA BATAM, KEPULAUAN RIAU",25,82,64,146
https://kawalpemilu.org#25820,"BULIANG, BATU AJI, KOTA BATAM, KEPULAUAN RIAU",26,76,96,172
https://kawalpemilu.org#25820,"BULIANG, BATU AJI, KOTA BATAM, KEPULAUAN RIAU",27,145,17,162
https://kawalpemilu.org#25820,"BULIANG, BATU AJI, KOTA BATAM, KEPULAUAN RIAU",28,62,182,244
https://kawalpemilu.org#25820,"BULIANG, BATU AJI, KOTA BATAM, KEPULAUAN RIAU",29,86,96,182
https://kawalpemilu.org#25820,"BULIANG, BATU AJI, KOTA BATAM, KEPULAUAN RIAU",30,85,187,272
https://kawalpemilu.org#25820,"BULIANG, BATU AJI, KOTA BATAM, KEPULAUAN RIAU",31,65,64,129
https://kawalpemilu.org#25820,"BULIANG, BATU AJI, KOTA BATAM, KEPULAUAN RIAU",32,49,92,141
https://kawalpemilu.org#25820,"BULIANG, BATU AJI, KOTA BATAM, KEPULAUAN RIAU",33,56,128,184
https://kawalpemilu.org#25820,"BULIANG, BATU AJI, KOTA BATAM, KEPULAUAN RIAU",35,82,93,175
https://kawalpemilu.org#25820,"BULIANG, BATU AJI, KOTA BATAM, KEPULAUAN RIAU",37,98,165,263
https://kawalpemilu.org#25820,"BULIANG, BATU AJI, KOTA BATAM, KEPULAUAN RIAU",38,95,163,258
https://kawalpemilu.org#25820,"BULIANG, BATU AJI, KOTA BATAM, KEPULAUAN RIAU",39,104,129,233
https://kawalpemilu.org#25820,"BULIANG, BATU AJI, KOTA BATAM, KEPULAUAN RIAU",40,101,125,226
https://kawalpemilu.org#25820,"BULIANG, BATU AJI, KOTA BATAM, KEPULAUAN RIAU",41,119,115,234
https://kawalpemilu.org#25820,"BULIANG, BATU AJI, KOTA BATAM, KEPULAUAN RIAU",42,88,123,211
https://kawalpemilu.org#25820,"BULIANG, BATU AJI, KOTA BATAM, KEPULAUAN RIAU",43,110,67,177
https://kawalpemilu.org#25820,"BULIANG, BATU AJI, KOTA BATAM, KEPULAUAN RIAU",44,102,78,180
https://kawalpemilu.org#25820,"BULIANG, BATU AJI, KOTA BATAM, KEPULAUAN RIAU",45,170,98,268
https://kawalpemilu.org#25820,"BULIANG, BATU AJI, KOTA BATAM, KEPULAUAN RIAU",46,93,45,138
https://kawalpemilu.org#25820,"BULIANG, BATU AJI, KOTA BATAM, KEPULAUAN RIAU",48,49,97,146
https://kawalpemilu.org#25820,"BULIANG, BATU AJI, KOTA BATAM, KEPULAUAN RIAU",49,101,176,277
https://kawalpemilu.org#25820,"BULIANG, BATU AJI, KOTA BATAM, KEPULAUAN RIAU",51,53,97,150
https://kawalpemilu.org#25820,"BULIANG, BATU AJI, KOTA BATAM, KEPULAUAN RIAU",52,59,77,136
https://kawalpemilu.org#25820,"BULIANG, BATU AJI, KOTA BATAM, KEPULAUAN RIAU",53,92,81,173
https://kawalpemilu.org#25820,"BULIANG, BATU AJI, KOTA BATAM, KEPULAUAN RIAU",54,97,116,213
https://kawalpemilu.org#25820,"BULIANG, BATU AJI, KOTA BATAM, KEPULAUAN RIAU",55,84,106,190
https://kawalpemilu.org#25820,"BULIANG, BATU AJI, KOTA BATAM, KEPULAUAN RIAU",56,58,96,154
https://kawalpemilu.org#25820,"BULIANG, BATU AJI, KOTA BATAM, KEPULAUAN RIAU",57,62,106,168
https://kawalpemilu.org#25820,"BULIANG, BATU AJI, KOTA BATAM, KEPULAUAN RIAU",59,75,69,144
https://kawalpemilu.org#25820,"BULIANG, BATU AJI, KOTA BATAM, KEPULAUAN RIAU",60,105,83,188
https://kawalpemilu.org#25820,"BULIANG, BATU AJI, KOTA BATAM, KEPULAUAN RIAU",61,85,100,185
https://kawalpemilu.org#25820,"BULIANG, BATU AJI, KOTA BATAM, KEPULAUAN RIAU",62,49,113,162
https://kawalpemilu.org#25820,"BULIANG, BATU AJI, KOTA BATAM, KEPULAUAN RIAU",63,71,63,134
https://kawalpemilu.org#25820,"BULIANG, BATU AJI, KOTA BATAM, KEPULAUAN RIAU",64,71,58,129
https://kawalpemilu.org#25820,"BULIANG, BATU AJI, KOTA BATAM, KEPULAUAN RIAU",65,114,107,221
https://kawalpemilu.org#25820,"BULIANG, BATU AJI, KOTA BATAM, KEPULAUAN RIAU",66,165,97,262
https://kawalpemilu.org#25820,"BULIANG, BATU AJI, KOTA BATAM, KEPULAUAN RIAU",67,108,89,197
https://kawalpemilu.org#25820,"BULIANG, BATU AJI, KOTA BATAM, KEPULAUAN RIAU",68,98,125,223
https://kawalpemilu.org#25820,"BULIANG, BATU AJI, KOTA BATAM, KEPULAUAN RIAU",69,77,142,219
https://kawalpemilu.org#25820,"BULIANG, BATU AJI, KOTA BATAM, KEPULAUAN RIAU",70,62,141,203
https://kawalpemilu.org#25820,"BULIANG, BATU AJI, KOTA BATAM, KEPULAUAN RIAU",71,55,68,123
https://kawalpemilu.org#25820,"BULIANG, BATU AJI, KOTA BATAM, KEPULAUAN RIAU",72,82,99,181
https://kawalpemilu.org#25820,"BULIANG, BATU AJI, KOTA BATAM, KEPULAUAN RIAU",73,65,108,173
https://kawalpemilu.org#25820,"BULIANG, BATU AJI, KOTA BATAM, KEPULAUAN RIAU",74,62,99,161
https://kawalpemilu.org#25820,"BULIANG, BATU AJI, KOTA BATAM, KEPULAUAN RIAU",75,91,84,175
https://kawalpemilu.org#25820,"BULIANG, BATU AJI, KOTA BATAM, KEPULAUAN RIAU",76,232,41,273
https://kawalpemilu.org#25820,"BULIANG, BATU AJI, KOTA BATAM, KEPULAUAN RIAU",77,76,126,202
https://kawalpemilu.org#25820,"BULIANG, BATU AJI, KOTA BATAM, KEPULAUAN RIAU",78,96,153,249
https://kawalpemilu.org#25820,"BULIANG, BATU AJI, KOTA BATAM, KEPULAUAN RIAU",79,159,50,209
https://kawalpemilu.org#25820,"BULIANG, BATU AJI, KOTA BATAM, KEPULAUAN RIAU",80,256,11,267
https://kawalpemilu.org#25820,"BULIANG, BATU AJI, KOTA BATAM, KEPULAUAN RIAU",81,189,9,198
https://kawalpemilu.org#25820,"BULIANG, BATU AJI, KOTA BATAM, KEPULAUAN RIAU",83,54,89,143
https://kawalpemilu.org#25820,"BULIANG, BATU AJI, KOTA BATAM, KEPULAUAN RIAU",84,160,31,191
https://kawalpemilu.org#25820,"BULIANG, BATU AJI, KOTA BATAM, KEPULAUAN RIAU",85,226,63,289
https://kawalpemilu.org#25820,"BULIANG, BATU AJI, KOTA BATAM, KEPULAUAN RIAU",86,43,250,293
https://kawalpemilu.org#25820,"BULIANG, BATU AJI, KOTA BATAM, KEPULAUAN RIAU",87,57,235,292
https://kawalpemilu.org#25820,"BULIANG, BATU AJI, KOTA BATAM, KEPULAUAN RIAU",88,167,83,250
https://kawalpemilu.org#25820,"BULIANG, BATU AJI, KOTA BATAM, KEPULAUAN RIAU",89,88,132,220
https://kawalpemilu.org#25820,"BULIANG, BATU AJI, KOTA BATAM, KEPULAUAN RIAU",90,140,98,238
https://kawalpemilu.org#25820,"BULIANG, BATU AJI, KOTA BATAM, KEPULAUAN RIAU",91,95,74,169
https://kawalpemilu.org#25820,"BULIANG, BATU AJI, KOTA BATAM, KEPULAUAN RIAU",92,95,152,247
https://kawalpemilu.org#25820,"BULIANG, BATU AJI, KOTA BATAM, KEPULAUAN RIAU",93,185,82,267
https://kawalpemilu.org#25820,"BULIANG, BATU AJI, KOTA BATAM, KEPULAUAN RIAU",94,114,27,141
https://kawalpemilu.org#25820,"BULIANG, BATU AJI, KOTA BATAM, KEPULAUAN RIAU",95,192,40,232
https://kawalpemilu.org#25820,"BULIANG, BATU AJI, KOTA BATAM, KEPULAUAN RIAU",96,164,22,186
https://kawalpemilu.org#25820,"BULIANG, BATU AJI, KOTA BATAM, KEPULAUAN RIAU",97,124,13,137
https://kawalpemilu.org#25820,"BULIANG, BATU AJI, KOTA BATAM, KEPULAUAN RIAU",98,38,64,102
https://kawalpemilu.org#25821,"KIBING, BATU AJI, KOTA BATAM, KEPULAUAN RIAU",1,178,89,267
https://kawalpemilu.org#25821,"KIBING, BATU AJI, KOTA BATAM, KEPULAUAN RIAU",2,152,123,275
https://kawalpemilu.org#25821,"KIBING, BATU AJI, KOTA BATAM, KEPULAUAN RIAU",3,113,94,207
https://kawalpemilu.org#25821,"KIBING, BATU AJI, KOTA BATAM, KEPULAUAN RIAU",4,189,52,241
https://kawalpemilu.org#25821,"KIBING, BATU AJI, KOTA BATAM, KEPULAUAN RIAU",5,72,158,230
https://kawalpemilu.org#25821,"KIBING, BATU AJI, KOTA BATAM, KEPULAUAN RIAU",6,171,1,172
https://kawalpemilu.org#25821,"KIBING, BATU AJI, KOTA BATAM, KEPULAUAN RIAU",7,69,26,95
https://kawalpemilu.org#25821,"KIBING, BATU AJI, KOTA BATAM, KEPULAUAN RIAU",8,48,27,75
https://kawalpemilu.org#25821,"KIBING, BATU AJI, KOTA BATAM, KEPULAUAN RIAU",9,64,38,102
https://kawalpemilu.org#25821,"KIBING, BATU AJI, KOTA BATAM, KEPULAUAN RIAU",10,99,48,147
https://kawalpemilu.org#25821,"KIBING, BATU AJI, KOTA BATAM, KEPULAUAN RIAU",11,154,60,214
https://kawalpemilu.org#25821,"KIBING, BATU AJI, KOTA BATAM, KEPULAUAN RIAU",12,131,108,239
https://kawalpemilu.org#25821,"KIBING, BATU AJI, KOTA BATAM, KEPULAUAN RIAU",13,126,15,141
https://kawalpemilu.org#25821,"KIBING, BATU AJI, KOTA BATAM, KEPULAUAN RIAU",14,183,50,233
https://kawalpemilu.org#25821,"KIBING, BATU AJI, KOTA BATAM, KEPULAUAN RIAU",15,110,68,178
https://kawalpemilu.org#25821,"KIBING, BATU AJI, KOTA BATAM, KEPULAUAN RIAU",16,149,29,178
https://kawalpemilu.org#25821,"KIBING, BATU AJI, KOTA BATAM, KEPULAUAN RIAU",17,137,4,141
https://kawalpemilu.org#25821,"KIBING, BATU AJI, KOTA BATAM, KEPULAUAN RIAU",18,156,12,168
https://kawalpemilu.org#25821,"KIBING, BATU AJI, KOTA BATAM, KEPULAUAN RIAU",19,115,6,121
https://kawalpemilu.org#25821,"KIBING, BATU AJI, KOTA BATAM, KEPULAUAN RIAU",20,168,9,177
https://kawalpemilu.org#25821,"KIBING, BATU AJI, KOTA BATAM, KEPULAUAN RIAU",21,230,11,241
https://kawalpemilu.org#25821,"KIBING, BATU AJI, KOTA BATAM, KEPULAUAN RIAU",22,180,9,189
https://kawalpemilu.org#25821,"KIBING, BATU AJI, KOTA BATAM, KEPULAUAN RIAU",23,47,111,158
https://kawalpemilu.org#25821,"KIBING, BATU AJI, KOTA BATAM, KEPULAUAN RIAU",24,44,125,169
https://kawalpemilu.org#25821,"KIBING, BATU AJI, KOTA BATAM, KEPULAUAN RIAU",25,14,107,121
https://kawalpemilu.org#25821,"KIBING, BATU AJI, KOTA BATAM, KEPULAUAN RIAU",26,8,80,88
https://kawalpemilu.org#25821,"KIBING, BATU AJI, KOTA BATAM, KEPULAUAN RIAU",27,54,62,116
https://kawalpemilu.org#25821,"KIBING, BATU AJI, KOTA BATAM, KEPULAUAN RIAU",28,87,204,292
https://kawalpemilu.org#25821,"KIBING, BATU AJI, KOTA BATAM, KEPULAUAN RIAU",29,39,210,249
https://kawalpemilu.org#25821,"KIBING, BATU AJI, KOTA BATAM, KEPULAUAN RIAU",30,133,112,245
https://kawalpemilu.org#25821,"KIBING, BATU AJI, KOTA BATAM, KEPULAUAN RIAU",31,184,47,231
https://kawalpemilu.org#25821,"KIBING, BATU AJI, KOTA BATAM, KEPULAUAN RIAU",32,137,47,184
https://kawalpemilu.org#25821,"KIBING, BATU AJI, KOTA BATAM, KEPULAUAN RIAU",33,140,34,174
https://kawalpemilu.org#25821,"KIBING, BATU AJI, KOTA BATAM, KEPULAUAN RIAU",34,112,49,161
https://kawalpemilu.org#25821,"KIBING, BATU AJI, KOTA BATAM, KEPULAUAN RIAU",35,35,82,117
https://kawalpemilu.org#25821,"KIBING, BATU AJI, KOTA BATAM, KEPULAUAN RIAU",36,59,139,198
https://kawalpemilu.org#25821,"KIBING, BATU AJI, KOTA BATAM, KEPULAUAN RIAU",37,89,135,224
https://kawalpemilu.org#25821,"KIBING, BATU AJI, KOTA BATAM, KEPULAUAN RIAU",38,254,6,260
https://kawalpemilu.org#25821,"KIBING, BATU AJI, KOTA BATAM, KEPULAUAN RIAU",39,109,92,201
https://kawalpemilu.org#25821,"KIBING, BATU AJI, KOTA BATAM, KEPULAUAN RIAU",40,75,108,183
https://kawalpemilu.org#25821,"KIBING, BATU AJI, KOTA BATAM, KEPULAUAN RIAU",41,106,139,245
https://kawalpemilu.org#25821,"KIBING, BATU AJI, KOTA BATAM, KEPULAUAN RIAU",42,112,171,283
https://kawalpemilu.org#25821,"KIBING, BATU AJI, KOTA BATAM, KEPULAUAN RIAU",43,148,114,262
https://kawalpemilu.org#25821,"KIBING, BATU AJI, KOTA BATAM, KEPULAUAN RIAU",44,49,76,125
https://kawalpemilu.org#25821,"KIBING, BATU AJI, KOTA BATAM, KEPULAUAN RIAU",45,106,184,290
https://kawalpemilu.org#25821,"KIBING, BATU AJI, KOTA BATAM, KEPULAUAN RIAU",46,110,185,295
https://kawalpemilu.org#25821,"KIBING, BATU AJI, KOTA BATAM, KEPULAUAN RIAU",47,115,167,282
https://kawalpemilu.org#25821,"KIBING, BATU AJI, KOTA BATAM, KEPULAUAN RIAU",48,99,151,250
https://kawalpemilu.org#25821,"KIBING, BATU AJI, KOTA BATAM, KEPULAUAN RIAU",49,138,131,269
https://kawalpemilu.org#25821,"KIBING, BATU AJI, KOTA BATAM, KEPULAUAN RIAU",50,47,108,155
https://kawalpemilu.org#25821,"KIBING, BATU AJI, KOTA BATAM, KEPULAUAN RIAU",51,92,134,226
https://kawalpemilu.org#25821,"KIBING, BATU AJI, KOTA BATAM, KEPULAUAN RIAU",52,288,9,297
https://kawalpemilu.org#25821,"KIBING, BATU AJI, KOTA BATAM, KEPULAUAN RIAU",53,155,123,278
https://kawalpemilu.org#25821,"KIBING, BATU AJI, KOTA BATAM, KEPULAUAN RIAU",54,116,171,287
https://kawalpemilu.org#25821,"KIBING, BATU AJI, KOTA BATAM, KEPULAUAN RIAU",55,224,73,297
https://kawalpemilu.org#25821,"KIBING, BATU AJI, KOTA BATAM, KEPULAUAN RIAU",56,220,80,300
https://kawalpemilu.org#25821,"KIBING, BATU AJI, KOTA BATAM, KEPULAUAN RIAU",57,139,57,196
https://kawalpemilu.org#25821,"KIBING, BATU AJI, KOTA BATAM, KEPULAUAN RIAU",58,269,9,278
https://kawalpemilu.org#25821,"KIBING, BATU AJI, KOTA BATAM, KEPULAUAN RIAU",59,237,8,245
https://kawalpemilu.org#25821,"KIBING, BATU AJI, KOTA BATAM, KEPULAUAN RIAU",60,188,9,197
https://kawalpemilu.org#25821,"KIBING, BATU AJI, KOTA BATAM, KEPULAUAN RIAU",61,118,19,137
https://kawalpemilu.org#25821,"KIBING, BATU AJI, KOTA BATAM, KEPULAUAN RIAU",62,166,14,180
https://kawalpemilu.org#25821,"KIBING, BATU AJI, KOTA BATAM, KEPULAUAN RIAU",63,251,9,260
https://kawalpemilu.org#25821,"KIBING, BATU AJI, KOTA BATAM, KEPULAUAN RIAU",64,211,9,220
https://kawalpemilu.org#25821,"KIBING, BATU AJI, KOTA BATAM, KEPULAUAN RIAU",65,214,20,234
https://kawalpemilu.org#25821,"KIBING, BATU AJI, KOTA BATAM, KEPULAUAN RIAU",66,269,21,290
https://kawalpemilu.org#25821,"KIBING, BATU AJI, KOTA BATAM, KEPULAUAN RIAU",67,199,11,210
https://kawalpemilu.org#25821,"KIBING, BATU AJI, KOTA BATAM, KEPULAUAN RIAU",68,68,102,170
https://kawalpemilu.org#25821,"KIBING, BATU AJI, KOTA BATAM, KEPULAUAN RIAU",69,137,100,237
https://kawalpemilu.org#25821,"KIBING, BATU AJI, KOTA BATAM, KEPULAUAN RIAU",70,77,16,93
https://kawalpemilu.org#25822,"TANJUNG UNCANG, BATU AJI, KOTA BATAM, KEPULAUAN RIAU",1,225,37,262
https://kawalpemilu.org#25822,"TANJUNG UNCANG, BATU AJI, KOTA BATAM, KEPULAUAN RIAU",2,141,107,248
https://kawalpemilu.org#25822,"TANJUNG UNCANG, BATU AJI, KOTA BATAM, KEPULAUAN RIAU",3,169,33,202
https://kawalpemilu.org#25822,"TANJUNG UNCANG, BATU AJI, KOTA BATAM, KEPULAUAN RIAU",4,191,43,234
https://kawalpemilu.org#25822,"TANJUNG UNCANG, BATU AJI, KOTA BATAM, KEPULAUAN RIAU",5,88,156,244
https://kawalpemilu.org#25822,"TANJUNG UNCANG, BATU AJI, KOTA BATAM, KEPULAUAN RIAU",6,106,153,252
https://kawalpemilu.org#25822,"TANJUNG UNCANG, BATU AJI, KOTA BATAM, KEPULAUAN RIAU",7,85,141,2
https://kawalpemilu.org#25822,"TANJUNG UNCANG, BATU AJI, KOTA BATAM, KEPULAUAN RIAU",8,95,182,277
https://kawalpemilu.org#25822,"TANJUNG UNCANG, BATU AJI, KOTA BATAM, KEPULAUAN RIAU",9,133,120,253
https://kawalpemilu.org#25822,"TANJUNG UNCANG, BATU AJI, KOTA BATAM, KEPULAUAN RIAU",10,123,88,211
https://kawalpemilu.org#25822,"TANJUNG UNCANG, BATU AJI, KOTA BATAM, KEPULAUAN RIAU",12,165,115,280
https://kawalpemilu.org#25822,"TANJUNG UNCANG, BATU AJI, KOTA BATAM, KEPULAUAN RIAU",13,81,89,170
https://kawalpemilu.org#25822,"TANJUNG UNCANG, BATU AJI, KOTA BATAM, KEPULAUAN RIAU",14,108,155,263
https://kawalpemilu.org#25822,"TANJUNG UNCANG, BATU AJI, KOTA BATAM, KEPULAUAN RIAU",15,157,122,279
https://kawalpemilu.org#25822,"TANJUNG UNCANG, BATU AJI, KOTA BATAM, KEPULAUAN RIAU",16,113,165,278
https://kawalpemilu.org#25822,"TANJUNG UNCANG, BATU AJI, KOTA BATAM, KEPULAUAN RIAU",17,92,173,265
https://kawalpemilu.org#25822,"TANJUNG UNCANG, BATU AJI, KOTA BATAM, KEPULAUAN RIAU",18,103,123,226
https://kawalpemilu.org#25822,"TANJUNG UNCANG, BATU AJI, KOTA BATAM, KEPULAUAN RIAU",19,88,169,257
https://kawalpemilu.org#25822,"TANJUNG UNCANG, BATU AJI, KOTA BATAM, KEPULAUAN RIAU",21,90,117,207
https://kawalpemilu.org#25822,"TANJUNG UNCANG, BATU AJI, KOTA BATAM, KEPULAUAN RIAU",23,86,183,269
https://kawalpemilu.org#25822,"TANJUNG UNCANG, BATU AJI, KOTA BATAM, KEPULAUAN RIAU",24,96,196,292
https://kawalpemilu.org#25822,"TANJUNG UNCANG, BATU AJI, KOTA BATAM, KEPULAUAN RIAU",25,115,155,270
https://kawalpemilu.org#25822,"TANJUNG UNCANG, BATU AJI, KOTA BATAM, KEPULAUAN RIAU",26,105,126,231
https://kawalpemilu.org#25822,"TANJUNG UNCANG, BATU AJI, KOTA BATAM, KEPULAUAN RIAU",27,48,117,165
https://kawalpemilu.org#25822,"TANJUNG UNCANG, BATU AJI, KOTA BATAM, KEPULAUAN RIAU",28,103,174,277
https://kawalpemilu.org#25822,"TANJUNG UNCANG, BATU AJI, KOTA BATAM, KEPULAUAN RIAU",30,105,138,243
https://kawalpemilu.org#25822,"TANJUNG UNCANG, BATU AJI, KOTA BATAM, KEPULAUAN RIAU",31,109,162,271
https://kawalpemilu.org#25822,"TANJUNG UNCANG, BATU AJI, KOTA BATAM, KEPULAUAN RIAU",32,123,137,260
https://kawalpemilu.org#25822,"TANJUNG UNCANG, BATU AJI, KOTA BATAM, KEPULAUAN RIAU",33,112,139,251
https://kawalpemilu.org#25822,"TANJUNG UNCANG, BATU AJI, KOTA BATAM, KEPULAUAN RIAU",34,102,144,246
https://kawalpemilu.org#25822,"TANJUNG UNCANG, BATU AJI, KOTA BATAM, KEPULAUAN RIAU",36,135,130,265
https://kawalpemilu.org#25822,"TANJUNG UNCANG, BATU AJI, KOTA BATAM, KEPULAUAN RIAU",37,103,144,247
https://kawalpemilu.org#25822,"TANJUNG UNCANG, BATU AJI, KOTA BATAM, KEPULAUAN RIAU",38,136,143,279
https://kawalpemilu.org#25822,"TANJUNG UNCANG, BATU AJI, KOTA BATAM, KEPULAUAN RIAU",39,136,151,287
https://kawalpemilu.org#25822,"TANJUNG UNCANG, BATU AJI, KOTA BATAM, KEPULAUAN RIAU",40,122,157,279
https://kawalpemilu.org#25822,"TANJUNG UNCANG, BATU AJI, KOTA BATAM, KEPULAUAN RIAU",41,77,33,110
https://kawalpemilu.org#25822,"TANJUNG UNCANG, BATU AJI, KOTA BATAM, KEPULAUAN RIAU",42,108,156,264
https://kawalpemilu.org#25822,"TANJUNG UNCANG, BATU AJI, KOTA BATAM, KEPULAUAN RIAU",43,148,135,283
https://kawalpemilu.org#25822,"TANJUNG UNCANG, BATU AJI, KOTA BATAM, KEPULAUAN RIAU",45,192,112,304
https://kawalpemilu.org#25822,"TANJUNG UNCANG, BATU AJI, KOTA BATAM, KEPULAUAN RIAU",46,110,158,268
https://kawalpemilu.org#25822,"TANJUNG UNCANG, BATU AJI, KOTA BATAM, KEPULAUAN RIAU",47,242,13,255
https://kawalpemilu.org#25822,"TANJUNG UNCANG, BATU AJI, KOTA BATAM, KEPULAUAN RIAU",49,209,42,251
https://kawalpemilu.org#25822,"TANJUNG UNCANG, BATU AJI, KOTA BATAM, KEPULAUAN RIAU",50,120,70,190
https://kawalpemilu.org#25822,"TANJUNG UNCANG, BATU AJI, KOTA BATAM, KEPULAUAN RIAU",52,155,133,288
https://kawalpemilu.org#25822,"TANJUNG UNCANG, BATU AJI, KOTA BATAM, KEPULAUAN RIAU",53,100,168,268
https://kawalpemilu.org#25822,"TANJUNG UNCANG, BATU AJI, KOTA BATAM, KEPULAUAN RIAU",54,120,136,256
https://kawalpemilu.org#25822,"TANJUNG UNCANG, BATU AJI, KOTA BATAM, KEPULAUAN RIAU",55,97,117,214
https://kawalpemilu.org#25822,"TANJUNG UNCANG, BATU AJI, KOTA BATAM, KEPULAUAN RIAU",56,82,126,208
https://kawalpemilu.org#25822,"TANJUNG UNCANG, BATU AJI, KOTA BATAM, KEPULAUAN RIAU",57,95,158,253
https://kawalpemilu.org#25822,"TANJUNG UNCANG, BATU AJI, KOTA BATAM, KEPULAUAN RIAU",58,92,163,255
https://kawalpemilu.org#25822,"TANJUNG UNCANG, BATU AJI, KOTA BATAM, KEPULAUAN RIAU",59,87,167,254
https://kawalpemilu.org#25822,"TANJUNG UNCANG, BATU AJI, KOTA BATAM, KEPULAUAN RIAU",60,124,144,268
https://kawalpemilu.org#25822,"TANJUNG UNCANG, BATU AJI, KOTA BATAM, KEPULAUAN RIAU",61,124,154,278
https://kawalpemilu.org#25822,"TANJUNG UNCANG, BATU AJI, KOTA BATAM, KEPULAUAN RIAU",62,118,137,255
https://kawalpemilu.org#25822,"TANJUNG UNCANG, BATU AJI, KOTA BATAM, KEPULAUAN RIAU",63,117,144,261
https://kawalpemilu.org#25822,"TANJUNG UNCANG, BATU AJI, KOTA BATAM, KEPULAUAN RIAU",64,88,149,237
https://kawalpemilu.org#25822,"TANJUNG UNCANG, BATU AJI, KOTA BATAM, KEPULAUAN RIAU",65,98,111,209
https://kawalpemilu.org#25822,"TANJUNG UNCANG, BATU AJI, KOTA BATAM, KEPULAUAN RIAU",66,122,94,216
https://kawalpemilu.org#25822,"TANJUNG UNCANG, BATU AJI, KOTA BATAM, KEPULAUAN RIAU",67,56,78,134
https://kawalpemilu.org#25822,"TANJUNG UNCANG, BATU AJI, KOTA BATAM, KEPULAUAN RIAU",68,170,87,257
https://kawalpemilu.org#25822,"TANJUNG UNCANG, BATU AJI, KOTA BATAM, KEPULAUAN RIAU",69,70,113,183
https://kawalpemilu.org#25822,"TANJUNG UNCANG, BATU AJI, KOTA BATAM, KEPULAUAN RIAU",70,64,85,149
https://kawalpemilu.org#25822,"TANJUNG UNCANG, BATU AJI, KOTA BATAM, KEPULAUAN RIAU",71,78,84,162
https://kawalpemilu.org#25822,"TANJUNG UNCANG, BATU AJI, KOTA BATAM, KEPULAUAN RIAU",72,89,136,225
https://kawalpemilu.org#25822,"TANJUNG UNCANG, BATU AJI, KOTA BATAM, KEPULAUAN RIAU",73,124,116,240
https://kawalpemilu.org#25822,"TANJUNG UNCANG, BATU AJI, KOTA BATAM, KEPULAUAN RIAU",75,84,132,216
https://kawalpemilu.org#25822,"TANJUNG UNCANG, BATU AJI, KOTA BATAM, KEPULAUAN RIAU",76,93,83,176
https://kawalpemilu.org#25822,"TANJUNG UNCANG, BATU AJI, KOTA BATAM, KEPULAUAN RIAU",77,56,116,172
https://kawalpemilu.org#25822,"TANJUNG UNCANG, BATU AJI, KOTA BATAM, KEPULAUAN RIAU",78,137,105,242
https://kawalpemilu.org#25822,"TANJUNG UNCANG, BATU AJI, KOTA BATAM, KEPULAUAN RIAU",80,45,56,101
https://kawalpemilu.org#25822,"TANJUNG UNCANG, BATU AJI, KOTA BATAM, KEPULAUAN RIAU",81,0,135,135
