Link KawalPemilu,Nama Kelurahan,Nomor TPS,Suara 01,Suara 02,Suara Sah
https://kawalpemilu.org#-990414,"Kabul, Kabul, Afganistan, Luar Negeri",1001,18,13,31
https://kawalpemilu.org#-990414,"Kabul, Kabul, Afganistan, Luar Negeri",1,0,0,0
https://kawalpemilu.org#-990684,"Pretoria, Pretoria, Afrika Selatan, Luar Negeri",1001,27,2,29
https://kawalpemilu.org#-990684,"Pretoria, Pretoria, Afrika Selatan, Luar Negeri",1,73,39,112
https://kawalpemilu.org#-990964,"Cape Town, Cape Town, Afrika Selatan, Luar Negeri",1001,2,2,4
https://kawalpemilu.org#-990964,"Cape Town, Cape Town, Afrika Selatan, Luar Negeri",1,52,16,68
https://kawalpemilu.org#-990964,"Cape Town, Cape Town, Afrika Selatan, Luar Negeri",2001,23,17,40
https://kawalpemilu.org#-990044,"Alger, Alger, Aljazair, Luar Negeri",1001,1,0,1
https://kawalpemilu.org#-990044,"Alger, Alger, Aljazair, Luar Negeri",1,311,169,480
https://kawalpemilu.org#-990044,"Alger, Alger, Aljazair, Luar Negeri",2,165,95,260
https://kawalpemilu.org#-990904,"Washington D.C., Washington D.C., Amerika Serikat, Luar Negeri",1,683,236,919
https://kawalpemilu.org#-990904,"Washington D.C., Washington D.C., Amerika Serikat, Luar Negeri",1001,430,116,546
https://kawalpemilu.org#-991164,"New York, New York, Amerika Serikat, Luar Negeri",1001,477,76,553
https://kawalpemilu.org#-991164,"New York, New York, Amerika Serikat, Luar Negeri",1002,496,67,563
https://kawalpemilu.org#-991164,"New York, New York, Amerika Serikat, Luar Negeri",1003,522,23,545
https://kawalpemilu.org#-991164,"New York, New York, Amerika Serikat, Luar Negeri",1005,0,0,0
https://kawalpemilu.org#-991164,"New York, New York, Amerika Serikat, Luar Negeri",1,417,88,505
https://kawalpemilu.org#-991164,"New York, New York, Amerika Serikat, Luar Negeri",2,406,87,493
https://kawalpemilu.org#-991124,"Los Angeles, Los Angeles, Amerika Serikat, Luar Negeri",1001,569,36,605
https://kawalpemilu.org#-991124,"Los Angeles, Los Angeles, Amerika Serikat, Luar Negeri",1002,577,39,616
https://kawalpemilu.org#-991124,"Los Angeles, Los Angeles, Amerika Serikat, Luar Negeri",1003,569,32,601
https://kawalpemilu.org#-991124,"Los Angeles, Los Angeles, Amerika Serikat, Luar Negeri",1004,542,31,573
https://kawalpemilu.org#-991124,"Los Angeles, Los Angeles, Amerika Serikat, Luar Negeri",1005,603,47,650
https://kawalpemilu.org#-991124,"Los Angeles, Los Angeles, Amerika Serikat, Luar Negeri",1006,699,51,750
https://kawalpemilu.org#-991124,"Los Angeles, Los Angeles, Amerika Serikat, Luar Negeri",1,297,35,332
https://kawalpemilu.org#-991124,"Los Angeles, Los Angeles, Amerika Serikat, Luar Negeri",2,414,45,459
https://kawalpemilu.org#-991054,"Houston, Houston, Amerika Serikat, Luar Negeri",1001,971,93,1064
https://kawalpemilu.org#-991054,"Houston, Houston, Amerika Serikat, Luar Negeri",1002,1078,124,1202
https://kawalpemilu.org#-991054,"Houston, Houston, Amerika Serikat, Luar Negeri",1,352,50,402
https://kawalpemilu.org#-991054,"Houston, Houston, Amerika Serikat, Luar Negeri",2,351,65,416
https://kawalpemilu.org#-990974,"Chicago, Chicago, Amerika Serikat, Luar Negeri",1,415,49,464
https://kawalpemilu.org#-991214,"San Francisco, San Francisco, Amerika Serikat, Luar Negeri",1,380,38,418
https://kawalpemilu.org#-990724,"Riyadh, Riyadh, Arab Saudi, Luar Negeri",1001,10,11,21
https://kawalpemilu.org#-990724,"Riyadh, Riyadh, Arab Saudi, Luar Negeri",1,360,499,859
https://kawalpemilu.org#-990724,"Riyadh, Riyadh, Arab Saudi, Luar Negeri",2,405,580,985
https://kawalpemilu.org#-990724,"Riyadh, Riyadh, Arab Saudi, Luar Negeri",3,271,351,622
https://kawalpemilu.org#-990724,"Riyadh, Riyadh, Arab Saudi, Luar Negeri",4,264,317,581
https://kawalpemilu.org#-990724,"Riyadh, Riyadh, Arab Saudi, Luar Negeri",5,253,392,645
https://kawalpemilu.org#-990724,"Riyadh, Riyadh, Arab Saudi, Luar Negeri",6,288,340,628
https://kawalpemilu.org#-990724,"Riyadh, Riyadh, Arab Saudi, Luar Negeri",7,430,455,885
https://kawalpemilu.org#-990724,"Riyadh, Riyadh, Arab Saudi, Luar Negeri",8,346,407,753
https://kawalpemilu.org#-990724,"Riyadh, Riyadh, Arab Saudi, Luar Negeri",2001,183,292,475
https://kawalpemilu.org#-990724,"Riyadh, Riyadh, Arab Saudi, Luar Negeri",2002,311,446,757
https://kawalpemilu.org#-990724,"Riyadh, Riyadh, Arab Saudi, Luar Negeri",2003,91,291,382
https://kawalpemilu.org#-990724,"Riyadh, Riyadh, Arab Saudi, Luar Negeri",2004,192,445,637
https://kawalpemilu.org#-990724,"Riyadh, Riyadh, Arab Saudi, Luar Negeri",2005,18,39,57
https://kawalpemilu.org#-990724,"Riyadh, Riyadh, Arab Saudi, Luar Negeri",2006,65,92,157
https://kawalpemilu.org#-990724,"Riyadh, Riyadh, Arab Saudi, Luar Negeri",2007,89,176,265
https://kawalpemilu.org#-991074,"Jeddah, Jeddah, Arab Saudi, Luar Negeri",1,785,1188,1973
https://kawalpemilu.org#-991074,"Jeddah, Jeddah, Arab Saudi, Luar Negeri",2,495,1039,1534
https://kawalpemilu.org#-991074,"Jeddah, Jeddah, Arab Saudi, Luar Negeri",3,435,692,1127
https://kawalpemilu.org#-991074,"Jeddah, Jeddah, Arab Saudi, Luar Negeri",4,228,350,578
https://kawalpemilu.org#-991074,"Jeddah, Jeddah, Arab Saudi, Luar Negeri",5,277,1004,1281
https://kawalpemilu.org#-991074,"Jeddah, Jeddah, Arab Saudi, Luar Negeri",6,195,587,782
https://kawalpemilu.org#-991074,"Jeddah, Jeddah, Arab Saudi, Luar Negeri",2001,101,516,617
https://kawalpemilu.org#-991074,"Jeddah, Jeddah, Arab Saudi, Luar Negeri",2002,109,640,749
https://kawalpemilu.org#-991074,"Jeddah, Jeddah, Arab Saudi, Luar Negeri",2003,109,493,602
https://kawalpemilu.org#-991074,"Jeddah, Jeddah, Arab Saudi, Luar Negeri",2004,159,784,943
https://kawalpemilu.org#-991074,"Jeddah, Jeddah, Arab Saudi, Luar Negeri",2005,103,414,517
https://kawalpemilu.org#-991074,"Jeddah, Jeddah, Arab Saudi, Luar Negeri",2006,73,401,474
https://kawalpemilu.org#-991074,"Jeddah, Jeddah, Arab Saudi, Luar Negeri",2007,129,599,728
https://kawalpemilu.org#-991074,"Jeddah, Jeddah, Arab Saudi, Luar Negeri",2008,118,186,304
https://kawalpemilu.org#-991074,"Jeddah, Jeddah, Arab Saudi, Luar Negeri",2009,139,145,284
https://kawalpemilu.org#-991074,"Jeddah, Jeddah, Arab Saudi, Luar Negeri",2010,61,130,191
https://kawalpemilu.org#-991074,"Jeddah, Jeddah, Arab Saudi, Luar Negeri",2011,40,41,81
https://kawalpemilu.org#-991074,"Jeddah, Jeddah, Arab Saudi, Luar Negeri",2012,18,59,77
https://kawalpemilu.org#-991074,"Jeddah, Jeddah, Arab Saudi, Luar Negeri",2013,24,70,94
https://kawalpemilu.org#-991074,"Jeddah, Jeddah, Arab Saudi, Luar Negeri",2014,76,101,177
https://kawalpemilu.org#-991074,"Jeddah, Jeddah, Arab Saudi, Luar Negeri",2015,13,52,65
https://kawalpemilu.org#-991074,"Jeddah, Jeddah, Arab Saudi, Luar Negeri",2016,43,116,159
https://kawalpemilu.org#-991074,"Jeddah, Jeddah, Arab Saudi, Luar Negeri",2017,100,120,220
https://kawalpemilu.org#-991074,"Jeddah, Jeddah, Arab Saudi, Luar Negeri",2018,96,156,252
https://kawalpemilu.org#-990254,"Buenos Aires, Buenos Aires, Argentina, Luar Negeri",1001,40,6,46
https://kawalpemilu.org#-990254,"Buenos Aires, Buenos Aires, Argentina, Luar Negeri",1,58,8,66
https://kawalpemilu.org#-990254,"Buenos Aires, Buenos Aires, Argentina, Luar Negeri",2001,18,0,18
https://kawalpemilu.org#-990254,"Buenos Aires, Buenos Aires, Argentina, Luar Negeri",2002,4,1,5
https://kawalpemilu.org#-990254,"Buenos Aires, Buenos Aires, Argentina, Luar Negeri",2003,4,5,9
https://kawalpemilu.org#-991204,"Perth, Perth, Australia, Luar Negeri",1,172,29,201
https://kawalpemilu.org#-991204,"Perth, Perth, Australia, Luar Negeri",2,126,15,141
https://kawalpemilu.org#-991204,"Perth, Perth, Australia, Luar Negeri",3,157,16,173
https://kawalpemilu.org#-991204,"Perth, Perth, Australia, Luar Negeri",4,96,11,107
https://kawalpemilu.org#-991204,"Perth, Perth, Australia, Luar Negeri",5,146,12,158
https://kawalpemilu.org#-991204,"Perth, Perth, Australia, Luar Negeri",6,271,24,295
https://kawalpemilu.org#-991204,"Perth, Perth, Australia, Luar Negeri",7,146,33,179
https://kawalpemilu.org#-991204,"Perth, Perth, Australia, Luar Negeri",8,211,49,260
https://kawalpemilu.org#-991204,"Perth, Perth, Australia, Luar Negeri",9,126,15,141
https://kawalpemilu.org#-991204,"Perth, Perth, Australia, Luar Negeri",10,316,28,344
https://kawalpemilu.org#-991204,"Perth, Perth, Australia, Luar Negeri",11,162,25,187
https://kawalpemilu.org#-991204,"Perth, Perth, Australia, Luar Negeri",12,178,27,205
https://kawalpemilu.org#-991204,"Perth, Perth, Australia, Luar Negeri",13,176,40,216
https://kawalpemilu.org#-991204,"Perth, Perth, Australia, Luar Negeri",14,223,78,301
https://kawalpemilu.org#-991204,"Perth, Perth, Australia, Luar Negeri",15,234,34,268
https://kawalpemilu.org#-991204,"Perth, Perth, Australia, Luar Negeri",16,271,24,295
https://kawalpemilu.org#-991204,"Perth, Perth, Australia, Luar Negeri",17,267,28,295
https://kawalpemilu.org#-991204,"Perth, Perth, Australia, Luar Negeri",18,63,13,76
https://kawalpemilu.org#-991204,"Perth, Perth, Australia, Luar Negeri",1001,641,94,735
https://kawalpemilu.org#-990264,"Canberra, Canberra, Australia, Luar Negeri",1,280,82,362
https://kawalpemilu.org#-990264,"Canberra, Canberra, Australia, Luar Negeri",2,291,87,378
https://kawalpemilu.org#-990264,"Canberra, Canberra, Australia, Luar Negeri",1001,11,4,15
https://kawalpemilu.org#-991144,"Melbourne, Melbourne, Australia, Luar Negeri",1001,655,88,743
https://kawalpemilu.org#-991144,"Melbourne, Melbourne, Australia, Luar Negeri",1,312,34,346
https://kawalpemilu.org#-991144,"Melbourne, Melbourne, Australia, Luar Negeri",2,295,42,337
https://kawalpemilu.org#-991144,"Melbourne, Melbourne, Australia, Luar Negeri",3,301,44,345
https://kawalpemilu.org#-991144,"Melbourne, Melbourne, Australia, Luar Negeri",4,294,39,333
https://kawalpemilu.org#-991144,"Melbourne, Melbourne, Australia, Luar Negeri",5,284,41,325
https://kawalpemilu.org#-991144,"Melbourne, Melbourne, Australia, Luar Negeri",6,296,43,339
https://kawalpemilu.org#-991144,"Melbourne, Melbourne, Australia, Luar Negeri",7,309,39,348
https://kawalpemilu.org#-991144,"Melbourne, Melbourne, Australia, Luar Negeri",8,286,38,324
https://kawalpemilu.org#-991144,"Melbourne, Melbourne, Australia, Luar Negeri",9,281,38,319
https://kawalpemilu.org#-991144,"Melbourne, Melbourne, Australia, Luar Negeri",10,281,20,301
https://kawalpemilu.org#-991144,"Melbourne, Melbourne, Australia, Luar Negeri",11,300,40,340
https://kawalpemilu.org#-991144,"Melbourne, Melbourne, Australia, Luar Negeri",12,272,36,308
https://kawalpemilu.org#-991144,"Melbourne, Melbourne, Australia, Luar Negeri",13,312,31,343
https://kawalpemilu.org#-991144,"Melbourne, Melbourne, Australia, Luar Negeri",14,291,36,327
https://kawalpemilu.org#-991144,"Melbourne, Melbourne, Australia, Luar Negeri",16,295,40,335
https://kawalpemilu.org#-991144,"Melbourne, Melbourne, Australia, Luar Negeri",17,307,31,338
https://kawalpemilu.org#-991144,"Melbourne, Melbourne, Australia, Luar Negeri",18,282,53,335
https://kawalpemilu.org#-991144,"Melbourne, Melbourne, Australia, Luar Negeri",19,314,38,352
https://kawalpemilu.org#-991144,"Melbourne, Melbourne, Australia, Luar Negeri",20,299,14,313
https://kawalpemilu.org#-991144,"Melbourne, Melbourne, Australia, Luar Negeri",21,303,30,333
https://kawalpemilu.org#-991144,"Melbourne, Melbourne, Australia, Luar Negeri",22,342,42,384
https://kawalpemilu.org#-991264,"Darwin, Darwin, Australia, Luar Negeri",1001,40,13,53
https://kawalpemilu.org#-991264,"Darwin, Darwin, Australia, Luar Negeri",1,467,97,564
https://kawalpemilu.org#-991234,"Sydney, Sydney, Australia, Luar Negeri",1001,996,194,1190
https://kawalpemilu.org#-991234,"Sydney, Sydney, Australia, Luar Negeri",1002,1016,198,1214
https://kawalpemilu.org#-991234,"Sydney, Sydney, Australia, Luar Negeri",1,489,41,530
https://kawalpemilu.org#-991234,"Sydney, Sydney, Australia, Luar Negeri",2,463,39,502
https://kawalpemilu.org#-991234,"Sydney, Sydney, Australia, Luar Negeri",3,455,22,477
https://kawalpemilu.org#-991234,"Sydney, Sydney, Australia, Luar Negeri",4,457,39,496
https://kawalpemilu.org#-991234,"Sydney, Sydney, Australia, Luar Negeri",5,753,32,785
https://kawalpemilu.org#-991234,"Sydney, Sydney, Australia, Luar Negeri",6,603,29,632
https://kawalpemilu.org#-991234,"Sydney, Sydney, Australia, Luar Negeri",7,593,37,630
https://kawalpemilu.org#-991234,"Sydney, Sydney, Australia, Luar Negeri",8,615,32,647
https://kawalpemilu.org#-991234,"Sydney, Sydney, Australia, Luar Negeri",9,747,49,796
https://kawalpemilu.org#-991234,"Sydney, Sydney, Australia, Luar Negeri",10,301,44,345
https://kawalpemilu.org#-991234,"Sydney, Sydney, Australia, Luar Negeri",11,341,31,372
https://kawalpemilu.org#-991234,"Sydney, Sydney, Australia, Luar Negeri",12,304,61,365
https://kawalpemilu.org#-991234,"Sydney, Sydney, Australia, Luar Negeri",13,409,245,654
https://kawalpemilu.org#-991234,"Sydney, Sydney, Australia, Luar Negeri",14,449,225,674
https://kawalpemilu.org#-991234,"Sydney, Sydney, Australia, Luar Negeri",15,582,89,671
https://kawalpemilu.org#-991234,"Sydney, Sydney, Australia, Luar Negeri",16,199,46,245
https://kawalpemilu.org#-991234,"Sydney, Sydney, Australia, Luar Negeri",17,212,63,275
https://kawalpemilu.org#-991234,"Sydney, Sydney, Australia, Luar Negeri",18,224,26,250
https://kawalpemilu.org#-991234,"Sydney, Sydney, Australia, Luar Negeri",19,394,102,496
https://kawalpemilu.org#-991234,"Sydney, Sydney, Australia, Luar Negeri",20,491,85,576
https://kawalpemilu.org#-991234,"Sydney, Sydney, Australia, Luar Negeri",21,253,106,359
https://kawalpemilu.org#-991234,"Sydney, Sydney, Australia, Luar Negeri",22,319,84,403
https://kawalpemilu.org#-990924,"Wina, Wina, Austria, Luar Negeri",1001,243,54,297
https://kawalpemilu.org#-990924,"Wina, Wina, Austria, Luar Negeri",1,285,74,359
https://kawalpemilu.org#-990114,"Baku, Baku, Azerbaijan, Luar Negeri",1,49,25,74
https://kawalpemilu.org#-990524,"Manama, Manama, Bahrain, Luar Negeri",1,103,123,226
https://kawalpemilu.org#-990524,"Manama, Manama, Bahrain, Luar Negeri",2,124,98,222
https://kawalpemilu.org#-990524,"Manama, Manama, Bahrain, Luar Negeri",1001,4,1,5
https://kawalpemilu.org#-990524,"Manama, Manama, Bahrain, Luar Negeri",2001,71,53,124
https://kawalpemilu.org#-990524,"Manama, Manama, Bahrain, Luar Negeri",2002,102,67,169
https://kawalpemilu.org#-990524,"Manama, Manama, Bahrain, Luar Negeri",2003,85,64,149
https://kawalpemilu.org#-990334,"Dhaka, Dhaka, Bangladesh, Luar Negeri",1,92,55,147
https://kawalpemilu.org#-990334,"Dhaka, Dhaka, Bangladesh, Luar Negeri",1001,51,18,69
https://kawalpemilu.org#-990324,"Den Haag, Den Haag, Belanda, Luar Negeri",1001,803,141,944
https://kawalpemilu.org#-990324,"Den Haag, Den Haag, Belanda, Luar Negeri",1002,782,139,921
https://kawalpemilu.org#-990324,"Den Haag, Den Haag, Belanda, Luar Negeri",1,735,159,894
https://kawalpemilu.org#-990324,"Den Haag, Den Haag, Belanda, Luar Negeri",2,736,144,880
https://kawalpemilu.org#-990324,"Den Haag, Den Haag, Belanda, Luar Negeri",3,693,160,853
https://kawalpemilu.org#-990324,"Den Haag, Den Haag, Belanda, Luar Negeri",4,718,154,872
https://kawalpemilu.org#-990324,"Den Haag, Den Haag, Belanda, Luar Negeri",5,780,193,973
https://kawalpemilu.org#-990224,"Brussels, Brussels, Belgia, Luar Negeri",1001,337,52,389
https://kawalpemilu.org#-990224,"Brussels, Brussels, Belgia, Luar Negeri",1,141,31,172
https://kawalpemilu.org#-990224,"Brussels, Brussels, Belgia, Luar Negeri",2,142,37,179
https://kawalpemilu.org#-990224,"Brussels, Brussels, Belgia, Luar Negeri",3,156,50,206
https://kawalpemilu.org#-990224,"Brussels, Brussels, Belgia, Luar Negeri",2001,30,5,35
https://kawalpemilu.org#-990764,"Sarajevo, Sarajevo, Bosnia-Herzegovina, Luar Negeri",1001,4,1,5
https://kawalpemilu.org#-990204,"Brasilia, Brasilia, Brasil, Luar Negeri",1001,85,8,93
https://kawalpemilu.org#-990204,"Brasilia, Brasilia, Brasil, Luar Negeri",1,27,8,35
https://kawalpemilu.org#-990204,"Brasilia, Brasilia, Brasil, Luar Negeri",2,42,4,46
https://kawalpemilu.org#-990124,"Bandar Seri Begawan, Bandar Seri Begawan, Brunei Darussalam, Luar Negeri",2,376,168,544
https://kawalpemilu.org#-990124,"Bandar Seri Begawan, Bandar Seri Begawan, Brunei Darussalam, Luar Negeri",3,259,124,383
https://kawalpemilu.org#-990124,"Bandar Seri Begawan, Bandar Seri Begawan, Brunei Darussalam, Luar Negeri",4,305,138,443
https://kawalpemilu.org#-990124,"Bandar Seri Begawan, Bandar Seri Begawan, Brunei Darussalam, Luar Negeri",5,233,132,365
https://kawalpemilu.org#-990124,"Bandar Seri Begawan, Bandar Seri Begawan, Brunei Darussalam, Luar Negeri",7,329,175,504
https://kawalpemilu.org#-990124,"Bandar Seri Begawan, Bandar Seri Begawan, Brunei Darussalam, Luar Negeri",9,284,121,405
https://kawalpemilu.org#-990124,"Bandar Seri Begawan, Bandar Seri Begawan, Brunei Darussalam, Luar Negeri",10,299,152,451
https://kawalpemilu.org#-990124,"Bandar Seri Begawan, Bandar Seri Begawan, Brunei Darussalam, Luar Negeri",11,303,154,457
https://kawalpemilu.org#-990124,"Bandar Seri Begawan, Bandar Seri Begawan, Brunei Darussalam, Luar Negeri",12,267,120,387
https://kawalpemilu.org#-990124,"Bandar Seri Begawan, Bandar Seri Begawan, Brunei Darussalam, Luar Negeri",13,327,156,483
https://kawalpemilu.org#-990124,"Bandar Seri Begawan, Bandar Seri Begawan, Brunei Darussalam, Luar Negeri",14,273,115,388
https://kawalpemilu.org#-990124,"Bandar Seri Begawan, Bandar Seri Begawan, Brunei Darussalam, Luar Negeri",15,337,130,467
https://kawalpemilu.org#-990124,"Bandar Seri Begawan, Bandar Seri Begawan, Brunei Darussalam, Luar Negeri",16,387,146,533
https://kawalpemilu.org#-990124,"Bandar Seri Begawan, Bandar Seri Begawan, Brunei Darussalam, Luar Negeri",17,324,128,452
https://kawalpemilu.org#-990124,"Bandar Seri Begawan, Bandar Seri Begawan, Brunei Darussalam, Luar Negeri",18,352,110,462
https://kawalpemilu.org#-990124,"Bandar Seri Begawan, Bandar Seri Begawan, Brunei Darussalam, Luar Negeri",19,290,127,417
https://kawalpemilu.org#-990124,"Bandar Seri Begawan, Bandar Seri Begawan, Brunei Darussalam, Luar Negeri",20,310,149,459
https://kawalpemilu.org#-990124,"Bandar Seri Begawan, Bandar Seri Begawan, Brunei Darussalam, Luar Negeri",21,362,144,506
https://kawalpemilu.org#-990124,"Bandar Seri Begawan, Bandar Seri Begawan, Brunei Darussalam, Luar Negeri",22,413,162,575
https://kawalpemilu.org#-990124,"Bandar Seri Begawan, Bandar Seri Begawan, Brunei Darussalam, Luar Negeri",23,221,108,329
https://kawalpemilu.org#-990124,"Bandar Seri Begawan, Bandar Seri Begawan, Brunei Darussalam, Luar Negeri",24,275,116,391
https://kawalpemilu.org#-990124,"Bandar Seri Begawan, Bandar Seri Begawan, Brunei Darussalam, Luar Negeri",25,129,53,182
https://kawalpemilu.org#-990124,"Bandar Seri Begawan, Bandar Seri Begawan, Brunei Darussalam, Luar Negeri",1001,451,179,630
https://kawalpemilu.org#-990794,"Sofia, Sofia, Bulgaria, Luar Negeri",1001,18,3,21
https://kawalpemilu.org#-990794,"Sofia, Sofia, Bulgaria, Luar Negeri",1,31,6,37
https://kawalpemilu.org#-990454,"Kopenhagen, Kopenhagen, Denmark, Luar Negeri",1001,323,42,365
https://kawalpemilu.org#-990454,"Kopenhagen, Kopenhagen, Denmark, Luar Negeri",1,117,34,151
https://kawalpemilu.org#-990704,"Quito, Quito, Ekuador, Luar Negeri",1001,20,1,21
https://kawalpemilu.org#-990704,"Quito, Quito, Ekuador, Luar Negeri",1,26,9,35
https://kawalpemilu.org#-990034,"Addis Ababa, Addis Ababa, Ethiopia, Luar Negeri",1,27,15,42
https://kawalpemilu.org#-990814,"Suva, Suva, Fiji, Luar Negeri",1001,1,0,1
https://kawalpemilu.org#-990814,"Suva, Suva, Fiji, Luar Negeri",2001,127,51,178
https://kawalpemilu.org#-990984,"Davao City, Davao City, Filipina, Luar Negeri",1,73,51,124
https://kawalpemilu.org#-990984,"Davao City, Davao City, Filipina, Luar Negeri",2,37,64,101
https://kawalpemilu.org#-990984,"Davao City, Davao City, Filipina, Luar Negeri",3,33,28,61
https://kawalpemilu.org#-990984,"Davao City, Davao City, Filipina, Luar Negeri",2001,61,44,105
https://kawalpemilu.org#-990984,"Davao City, Davao City, Filipina, Luar Negeri",2002,47,53,100
https://kawalpemilu.org#-990984,"Davao City, Davao City, Filipina, Luar Negeri",2003,10,57,67
https://kawalpemilu.org#-990984,"Davao City, Davao City, Filipina, Luar Negeri",2004,134,71,205
https://kawalpemilu.org#-990984,"Davao City, Davao City, Filipina, Luar Negeri",2005,13,30,43
https://kawalpemilu.org#-990984,"Davao City, Davao City, Filipina, Luar Negeri",2006,76,9,85
https://kawalpemilu.org#-990984,"Davao City, Davao City, Filipina, Luar Negeri",2007,58,28,86
https://kawalpemilu.org#-990534,"Manila, Manila, Filipina, Luar Negeri",1,554,48,602
https://kawalpemilu.org#-990534,"Manila, Manila, Filipina, Luar Negeri",2,501,42,543
https://kawalpemilu.org#-990534,"Manila, Manila, Filipina, Luar Negeri",2002,48,0,48
https://kawalpemilu.org#-990394,"Helsinki, Helsinki, Finlandia, Luar Negeri",1001,184,35,219
https://kawalpemilu.org#-990394,"Helsinki, Helsinki, Finlandia, Luar Negeri",1,160,29,189
https://kawalpemilu.org#-990244,"Budapest, Budapest, Hongaria, Luar Negeri",1,132,45,177
https://kawalpemilu.org#-990594,"New Delhi, New Delhi, India, Luar Negeri",1001,67,21,88
https://kawalpemilu.org#-990594,"New Delhi, New Delhi, India, Luar Negeri",1,109,85,194
https://kawalpemilu.org#-991154,"Mumbai, Mumbai, India, Luar Negeri",1001,143,64,207
https://kawalpemilu.org#-991154,"Mumbai, Mumbai, India, Luar Negeri",1,67,26,93
https://kawalpemilu.org#-990504,"London, London, Inggris, Luar Negeri",1001,1667,531,2198
https://kawalpemilu.org#-990504,"London, London, Inggris, Luar Negeri",1,404,135,539
https://kawalpemilu.org#-990504,"London, London, Inggris, Luar Negeri",2,402,111,513
https://kawalpemilu.org#-990504,"London, London, Inggris, Luar Negeri",3,495,165,660
https://kawalpemilu.org#-990104,"Baghdad, Baghdad, Irak, Luar Negeri",1,87,50,137
https://kawalpemilu.org#-990834,"Tehran, Tehran, Iran, Luar Negeri",1001,24,0,24
https://kawalpemilu.org#-990834,"Tehran, Tehran, Iran, Luar Negeri",1,44,22,66
https://kawalpemilu.org#-990834,"Tehran, Tehran, Iran, Luar Negeri",2,162,1,163
https://kawalpemilu.org#-990734,"Roma, Roma, Italia, Luar Negeri",1001,314,44,358
https://kawalpemilu.org#-990734,"Roma, Roma, Italia, Luar Negeri",1,229,48,277
https://kawalpemilu.org#-990734,"Roma, Roma, Italia, Luar Negeri",2001,199,41,240
https://kawalpemilu.org#-990734,"Roma, Roma, Italia, Luar Negeri",2002,108,44,152
https://kawalpemilu.org#-990734,"Roma, Roma, Italia, Luar Negeri",2003,30,4,34
https://kawalpemilu.org#-991184,"Osaka, Osaka, Jepang, Luar Negeri",1001,337,199,536
https://kawalpemilu.org#-991184,"Osaka, Osaka, Jepang, Luar Negeri",1002,0,0,0
https://kawalpemilu.org#-991184,"Osaka, Osaka, Jepang, Luar Negeri",1003,485,397,882
https://kawalpemilu.org#-991184,"Osaka, Osaka, Jepang, Luar Negeri",1004,0,0,0
https://kawalpemilu.org#-991184,"Osaka, Osaka, Jepang, Luar Negeri",1,337,199,536
https://kawalpemilu.org#-990844,"Tokyo, Tokyo, Jepang, Luar Negeri",1001,526,377,903
https://kawalpemilu.org#-990844,"Tokyo, Tokyo, Jepang, Luar Negeri",1002,529,395,924
https://kawalpemilu.org#-990844,"Tokyo, Tokyo, Jepang, Luar Negeri",1003,628,369,997
https://kawalpemilu.org#-990844,"Tokyo, Tokyo, Jepang, Luar Negeri",1004,631,323,954
https://kawalpemilu.org#-990844,"Tokyo, Tokyo, Jepang, Luar Negeri",1005,575,362,937
https://kawalpemilu.org#-990844,"Tokyo, Tokyo, Jepang, Luar Negeri",1006,580,404,984
https://kawalpemilu.org#-990844,"Tokyo, Tokyo, Jepang, Luar Negeri",1007,564,383,947
https://kawalpemilu.org#-990844,"Tokyo, Tokyo, Jepang, Luar Negeri",1008,580,350,930
https://kawalpemilu.org#-990844,"Tokyo, Tokyo, Jepang, Luar Negeri",1,1342,571,1913
https://kawalpemilu.org#-991004,"Frankfurt, Frankfurt, Jerman, Luar Negeri",1001,791,158,949
https://kawalpemilu.org#-991004,"Frankfurt, Frankfurt, Jerman, Luar Negeri",1002,768,127,895
https://kawalpemilu.org#-991004,"Frankfurt, Frankfurt, Jerman, Luar Negeri",1003,795,124,919
https://kawalpemilu.org#-991004,"Frankfurt, Frankfurt, Jerman, Luar Negeri",1004,773,154,927
https://kawalpemilu.org#-991004,"Frankfurt, Frankfurt, Jerman, Luar Negeri",1005,792,133,925
https://kawalpemilu.org#-991004,"Frankfurt, Frankfurt, Jerman, Luar Negeri",1,434,100,534
https://kawalpemilu.org#-990174,"Berlin, Berlin, Jerman, Luar Negeri",1001,467,107,574
https://kawalpemilu.org#-990174,"Berlin, Berlin, Jerman, Luar Negeri",1,307,122,429
https://kawalpemilu.org#-990174,"Berlin, Berlin, Jerman, Luar Negeri",2,305,96,401
https://kawalpemilu.org#-990174,"Berlin, Berlin, Jerman, Luar Negeri",3,305,104,409
https://kawalpemilu.org#-991024,"Hamburg, Hamburg, Jerman, Luar Negeri",1001,694,166,860
https://kawalpemilu.org#-991024,"Hamburg, Hamburg, Jerman, Luar Negeri",1002,495,126,621
https://kawalpemilu.org#-991024,"Hamburg, Hamburg, Jerman, Luar Negeri",1,186,59,245
https://kawalpemilu.org#-991024,"Hamburg, Hamburg, Jerman, Luar Negeri",2,193,88,281
https://kawalpemilu.org#-990654,"Phnom Penh, Phnom Penh, Kamboja, Luar Negeri",1,205,53,258
https://kawalpemilu.org#-990654,"Phnom Penh, Phnom Penh, Kamboja, Luar Negeri",2001,616,43,659
https://kawalpemilu.org#-990654,"Phnom Penh, Phnom Penh, Kamboja, Luar Negeri",2002,816,30,846
https://kawalpemilu.org#-990654,"Phnom Penh, Phnom Penh, Kamboja, Luar Negeri",2003,642,30,672
https://kawalpemilu.org#-990654,"Phnom Penh, Phnom Penh, Kamboja, Luar Negeri",2004,739,46,785
https://kawalpemilu.org#-991254,"Vancouver, Vancouver, Kanada, Luar Negeri",1001,784,76,860
https://kawalpemilu.org#-991254,"Vancouver, Vancouver, Kanada, Luar Negeri",1,336,19,355
https://kawalpemilu.org#-991254,"Vancouver, Vancouver, Kanada, Luar Negeri",2,289,12,301
https://kawalpemilu.org#-991254,"Vancouver, Vancouver, Kanada, Luar Negeri",3,355,33,388
https://kawalpemilu.org#-991254,"Vancouver, Vancouver, Kanada, Luar Negeri",2001,124,37,161
https://kawalpemilu.org#-991254,"Vancouver, Vancouver, Kanada, Luar Negeri",2002,200,19,219
https://kawalpemilu.org#-991244,"Toronto, Toronto, Kanada, Luar Negeri",1001,868,125,993
https://kawalpemilu.org#-991244,"Toronto, Toronto, Kanada, Luar Negeri",1,681,89,770
https://kawalpemilu.org#-990614,"Ottawa, Ottawa, Kanada, Luar Negeri",1,389,70,459
https://kawalpemilu.org#-990084,"Astana, Astana, Kazakhstan, Luar Negeri",1001,30,5,35
https://kawalpemilu.org#-990084,"Astana, Astana, Kazakhstan, Luar Negeri",1,18,9,27
https://kawalpemilu.org#-990584,"Nairobi, Nairobi, Kenya, Luar Negeri",1001,64,37,101
https://kawalpemilu.org#-990584,"Nairobi, Nairobi, Kenya, Luar Negeri",1,63,8,71
https://kawalpemilu.org#-990584,"Nairobi, Nairobi, Kenya, Luar Negeri",2001,155,53,208
https://kawalpemilu.org#-990584,"Nairobi, Nairobi, Kenya, Luar Negeri",2002,48,8,56
https://kawalpemilu.org#-990584,"Nairobi, Nairobi, Kenya, Luar Negeri",2003,10,2,12
https://kawalpemilu.org#-990774,"Seoul, Seoul, Korea Selatan, Luar Negeri",1001,139,67,206
https://kawalpemilu.org#-990774,"Seoul, Seoul, Korea Selatan, Luar Negeri",1002,158,75,233
https://kawalpemilu.org#-990774,"Seoul, Seoul, Korea Selatan, Luar Negeri",1003,207,94,301
https://kawalpemilu.org#-990774,"Seoul, Seoul, Korea Selatan, Luar Negeri",1004,571,193,764
https://kawalpemilu.org#-990774,"Seoul, Seoul, Korea Selatan, Luar Negeri",1005,419,138,557
https://kawalpemilu.org#-990774,"Seoul, Seoul, Korea Selatan, Luar Negeri",1006,469,254,723
https://kawalpemilu.org#-990774,"Seoul, Seoul, Korea Selatan, Luar Negeri",1007,100,42,142
https://kawalpemilu.org#-990774,"Seoul, Seoul, Korea Selatan, Luar Negeri",1,273,112,385
https://kawalpemilu.org#-990774,"Seoul, Seoul, Korea Selatan, Luar Negeri",2,355,132,487
https://kawalpemilu.org#-990774,"Seoul, Seoul, Korea Selatan, Luar Negeri",3,225,95,320
https://kawalpemilu.org#-990774,"Seoul, Seoul, Korea Selatan, Luar Negeri",4,104,48,152
https://kawalpemilu.org#-990774,"Seoul, Seoul, Korea Selatan, Luar Negeri",5,126,44,170
https://kawalpemilu.org#-990774,"Seoul, Seoul, Korea Selatan, Luar Negeri",6,221,171,392
https://kawalpemilu.org#-990774,"Seoul, Seoul, Korea Selatan, Luar Negeri",7,254,134,388
https://kawalpemilu.org#-990774,"Seoul, Seoul, Korea Selatan, Luar Negeri",8,161,60,221
https://kawalpemilu.org#-990774,"Seoul, Seoul, Korea Selatan, Luar Negeri",9,175,81,256
https://kawalpemilu.org#-990774,"Seoul, Seoul, Korea Selatan, Luar Negeri",10,155,89,244
https://kawalpemilu.org#-990774,"Seoul, Seoul, Korea Selatan, Luar Negeri",11,164,105,269
https://kawalpemilu.org#-990774,"Seoul, Seoul, Korea Selatan, Luar Negeri",12,85,53,138
https://kawalpemilu.org#-990774,"Seoul, Seoul, Korea Selatan, Luar Negeri",13,242,139,381
https://kawalpemilu.org#-990774,"Seoul, Seoul, Korea Selatan, Luar Negeri",2001,60,38,98
https://kawalpemilu.org#-990774,"Seoul, Seoul, Korea Selatan, Luar Negeri",2002,94,100,194
https://kawalpemilu.org#-990774,"Seoul, Seoul, Korea Selatan, Luar Negeri",2003,40,33,73
https://kawalpemilu.org#-990694,"Pyong Yang, Pyong Yang, Korea Utara, Luar Negeri",1,21,3,24
https://kawalpemilu.org#-990954,"Zagreb, Zagreb, Kroasia, Luar Negeri",1001,10,0,10
https://kawalpemilu.org#-990954,"Zagreb, Zagreb, Kroasia, Luar Negeri",1,28,8,36
https://kawalpemilu.org#-990384,"Havana, Havana, Kuba, Luar Negeri",1,23,11,34
https://kawalpemilu.org#-990474,"Kuwait City, Kuwait City, Kuwait, Luar Negeri",1,132,190,322
https://kawalpemilu.org#-990474,"Kuwait City, Kuwait City, Kuwait, Luar Negeri",2,206,155,361
https://kawalpemilu.org#-990474,"Kuwait City, Kuwait City, Kuwait, Luar Negeri",3,152,155,307
https://kawalpemilu.org#-990474,"Kuwait City, Kuwait City, Kuwait, Luar Negeri",4,187,160,347
https://kawalpemilu.org#-990474,"Kuwait City, Kuwait City, Kuwait, Luar Negeri",5,183,189,372
https://kawalpemilu.org#-990474,"Kuwait City, Kuwait City, Kuwait, Luar Negeri",6,165,147,312
https://kawalpemilu.org#-990474,"Kuwait City, Kuwait City, Kuwait, Luar Negeri",7,190,156,346
https://kawalpemilu.org#-990474,"Kuwait City, Kuwait City, Kuwait, Luar Negeri",2001,79,25,104
https://kawalpemilu.org#-990884,"Vientiane, Vientiane, Laos, Luar Negeri",1001,19,5,24
https://kawalpemilu.org#-990884,"Vientiane, Vientiane, Laos, Luar Negeri",1,59,14,73
https://kawalpemilu.org#-990884,"Vientiane, Vientiane, Laos, Luar Negeri",2001,16,19,35
https://kawalpemilu.org#-990884,"Vientiane, Vientiane, Laos, Luar Negeri",2002,17,25,42
https://kawalpemilu.org#-990154,"Beirut, Beirut, Lebanon, Luar Negeri",1,110,61,171
https://kawalpemilu.org#-990854,"Tripoli, Tripoli, Libya, Luar Negeri",1,4,40,44
https://kawalpemilu.org#-990464,"Kuala Lumpur, Kuala Lumpur, Malaysia, Luar Negeri",1019,102,80,182
https://kawalpemilu.org#-990464,"Kuala Lumpur, Kuala Lumpur, Malaysia, Luar Negeri",1085,117,98,215
https://kawalpemilu.org#-990464,"Kuala Lumpur, Kuala Lumpur, Malaysia, Luar Negeri",1,143,109,252
https://kawalpemilu.org#-990464,"Kuala Lumpur, Kuala Lumpur, Malaysia, Luar Negeri",2,190,143,333
https://kawalpemilu.org#-990464,"Kuala Lumpur, Kuala Lumpur, Malaysia, Luar Negeri",3,182,127,309
https://kawalpemilu.org#-990464,"Kuala Lumpur, Kuala Lumpur, Malaysia, Luar Negeri",4,164,118,282
https://kawalpemilu.org#-990464,"Kuala Lumpur, Kuala Lumpur, Malaysia, Luar Negeri",5,181,133,314
https://kawalpemilu.org#-990464,"Kuala Lumpur, Kuala Lumpur, Malaysia, Luar Negeri",6,139,82,221
https://kawalpemilu.org#-990464,"Kuala Lumpur, Kuala Lumpur, Malaysia, Luar Negeri",7,173,146,319
https://kawalpemilu.org#-990464,"Kuala Lumpur, Kuala Lumpur, Malaysia, Luar Negeri",8,156,108,264
https://kawalpemilu.org#-990464,"Kuala Lumpur, Kuala Lumpur, Malaysia, Luar Negeri",9,160,114,274
https://kawalpemilu.org#-990464,"Kuala Lumpur, Kuala Lumpur, Malaysia, Luar Negeri",10,179,149,328
https://kawalpemilu.org#-990464,"Kuala Lumpur, Kuala Lumpur, Malaysia, Luar Negeri",12,186,151,337
https://kawalpemilu.org#-990464,"Kuala Lumpur, Kuala Lumpur, Malaysia, Luar Negeri",13,259,163,422
https://kawalpemilu.org#-990464,"Kuala Lumpur, Kuala Lumpur, Malaysia, Luar Negeri",16,150,104,254
https://kawalpemilu.org#-990464,"Kuala Lumpur, Kuala Lumpur, Malaysia, Luar Negeri",18,140,112,252
https://kawalpemilu.org#-990464,"Kuala Lumpur, Kuala Lumpur, Malaysia, Luar Negeri",19,102,80,182
https://kawalpemilu.org#-990464,"Kuala Lumpur, Kuala Lumpur, Malaysia, Luar Negeri",20,161,130,291
https://kawalpemilu.org#-990464,"Kuala Lumpur, Kuala Lumpur, Malaysia, Luar Negeri",21,128,129,257
https://kawalpemilu.org#-990464,"Kuala Lumpur, Kuala Lumpur, Malaysia, Luar Negeri",22,142,106,248
https://kawalpemilu.org#-990464,"Kuala Lumpur, Kuala Lumpur, Malaysia, Luar Negeri",24,174,122,296
https://kawalpemilu.org#-990464,"Kuala Lumpur, Kuala Lumpur, Malaysia, Luar Negeri",25,172,97,269
https://kawalpemilu.org#-990464,"Kuala Lumpur, Kuala Lumpur, Malaysia, Luar Negeri",27,99,81,180
https://kawalpemilu.org#-990464,"Kuala Lumpur, Kuala Lumpur, Malaysia, Luar Negeri",29,119,101,220
https://kawalpemilu.org#-990464,"Kuala Lumpur, Kuala Lumpur, Malaysia, Luar Negeri",35,73,68,141
https://kawalpemilu.org#-990464,"Kuala Lumpur, Kuala Lumpur, Malaysia, Luar Negeri",36,81,49,130
https://kawalpemilu.org#-990464,"Kuala Lumpur, Kuala Lumpur, Malaysia, Luar Negeri",37,100,65,165
https://kawalpemilu.org#-990464,"Kuala Lumpur, Kuala Lumpur, Malaysia, Luar Negeri",40,86,92,178
https://kawalpemilu.org#-990464,"Kuala Lumpur, Kuala Lumpur, Malaysia, Luar Negeri",42,50,45,95
https://kawalpemilu.org#-990464,"Kuala Lumpur, Kuala Lumpur, Malaysia, Luar Negeri",46,35,30,65
https://kawalpemilu.org#-990464,"Kuala Lumpur, Kuala Lumpur, Malaysia, Luar Negeri",47,59,39,98
https://kawalpemilu.org#-990464,"Kuala Lumpur, Kuala Lumpur, Malaysia, Luar Negeri",51,43,33,76
https://kawalpemilu.org#-990464,"Kuala Lumpur, Kuala Lumpur, Malaysia, Luar Negeri",55,44,20,64
https://kawalpemilu.org#-990464,"Kuala Lumpur, Kuala Lumpur, Malaysia, Luar Negeri",56,37,30,67
https://kawalpemilu.org#-990464,"Kuala Lumpur, Kuala Lumpur, Malaysia, Luar Negeri",57,16,15,31
https://kawalpemilu.org#-990464,"Kuala Lumpur, Kuala Lumpur, Malaysia, Luar Negeri",58,27,22,49
https://kawalpemilu.org#-990464,"Kuala Lumpur, Kuala Lumpur, Malaysia, Luar Negeri",61,33,29,62
https://kawalpemilu.org#-990464,"Kuala Lumpur, Kuala Lumpur, Malaysia, Luar Negeri",62,21,22,43
https://kawalpemilu.org#-990464,"Kuala Lumpur, Kuala Lumpur, Malaysia, Luar Negeri",63,35,28,63
https://kawalpemilu.org#-990464,"Kuala Lumpur, Kuala Lumpur, Malaysia, Luar Negeri",66,70,66,136
https://kawalpemilu.org#-990464,"Kuala Lumpur, Kuala Lumpur, Malaysia, Luar Negeri",68,26,26,52
https://kawalpemilu.org#-990464,"Kuala Lumpur, Kuala Lumpur, Malaysia, Luar Negeri",74,51,33,84
https://kawalpemilu.org#-990464,"Kuala Lumpur, Kuala Lumpur, Malaysia, Luar Negeri",75,41,42,83
https://kawalpemilu.org#-990464,"Kuala Lumpur, Kuala Lumpur, Malaysia, Luar Negeri",76,55,56,111
https://kawalpemilu.org#-990464,"Kuala Lumpur, Kuala Lumpur, Malaysia, Luar Negeri",77,166,131,297
https://kawalpemilu.org#-990464,"Kuala Lumpur, Kuala Lumpur, Malaysia, Luar Negeri",78,159,115,274
https://kawalpemilu.org#-990464,"Kuala Lumpur, Kuala Lumpur, Malaysia, Luar Negeri",79,181,124,305
https://kawalpemilu.org#-990464,"Kuala Lumpur, Kuala Lumpur, Malaysia, Luar Negeri",80,188,122,310
https://kawalpemilu.org#-990464,"Kuala Lumpur, Kuala Lumpur, Malaysia, Luar Negeri",88,127,94,221
https://kawalpemilu.org#-990464,"Kuala Lumpur, Kuala Lumpur, Malaysia, Luar Negeri",90,113,100,213
https://kawalpemilu.org#-990464,"Kuala Lumpur, Kuala Lumpur, Malaysia, Luar Negeri",95,94,75,169
https://kawalpemilu.org#-990464,"Kuala Lumpur, Kuala Lumpur, Malaysia, Luar Negeri",96,111,102,213
https://kawalpemilu.org#-990464,"Kuala Lumpur, Kuala Lumpur, Malaysia, Luar Negeri",97,130,86,216
https://kawalpemilu.org#-990464,"Kuala Lumpur, Kuala Lumpur, Malaysia, Luar Negeri",98,24,30,54
https://kawalpemilu.org#-990464,"Kuala Lumpur, Kuala Lumpur, Malaysia, Luar Negeri",99,78,67,145
https://kawalpemilu.org#-990464,"Kuala Lumpur, Kuala Lumpur, Malaysia, Luar Negeri",154,67,33,100
https://kawalpemilu.org#-990464,"Kuala Lumpur, Kuala Lumpur, Malaysia, Luar Negeri",157,78,69,147
https://kawalpemilu.org#-990464,"Kuala Lumpur, Kuala Lumpur, Malaysia, Luar Negeri",158,42,28,70
https://kawalpemilu.org#-990464,"Kuala Lumpur, Kuala Lumpur, Malaysia, Luar Negeri",159,38,38,76
https://kawalpemilu.org#-990464,"Kuala Lumpur, Kuala Lumpur, Malaysia, Luar Negeri",160,81,61,142
https://kawalpemilu.org#-990464,"Kuala Lumpur, Kuala Lumpur, Malaysia, Luar Negeri",161,41,39,80
https://kawalpemilu.org#-990464,"Kuala Lumpur, Kuala Lumpur, Malaysia, Luar Negeri",167,115,50,165
https://kawalpemilu.org#-990464,"Kuala Lumpur, Kuala Lumpur, Malaysia, Luar Negeri",170,67,44,111
https://kawalpemilu.org#-990464,"Kuala Lumpur, Kuala Lumpur, Malaysia, Luar Negeri",2001,356,70,426
https://kawalpemilu.org#-990464,"Kuala Lumpur, Kuala Lumpur, Malaysia, Luar Negeri",2003,325,82,407
https://kawalpemilu.org#-990464,"Kuala Lumpur, Kuala Lumpur, Malaysia, Luar Negeri",2004,434,93,527
https://kawalpemilu.org#-990464,"Kuala Lumpur, Kuala Lumpur, Malaysia, Luar Negeri",2012,171,66,237
https://kawalpemilu.org#-990464,"Kuala Lumpur, Kuala Lumpur, Malaysia, Luar Negeri",2019,71,21,92
https://kawalpemilu.org#-990464,"Kuala Lumpur, Kuala Lumpur, Malaysia, Luar Negeri",2021,55,23,78
https://kawalpemilu.org#-990464,"Kuala Lumpur, Kuala Lumpur, Malaysia, Luar Negeri",2025,256,38,294
https://kawalpemilu.org#-990464,"Kuala Lumpur, Kuala Lumpur, Malaysia, Luar Negeri",2026,14,29,43
https://kawalpemilu.org#-991194,"Penang, Penang, Malaysia, Luar Negeri",1,480,193,673
https://kawalpemilu.org#-991104,"Kota Kinabalu, Kota Kinabalu, Malaysia, Luar Negeri",1,98,19,117
https://kawalpemilu.org#-991104,"Kota Kinabalu, Kota Kinabalu, Malaysia, Luar Negeri",7,169,23,192
https://kawalpemilu.org#-991104,"Kota Kinabalu, Kota Kinabalu, Malaysia, Luar Negeri",9,95,23,118
https://kawalpemilu.org#-991104,"Kota Kinabalu, Kota Kinabalu, Malaysia, Luar Negeri",13,139,22,161
https://kawalpemilu.org#-991104,"Kota Kinabalu, Kota Kinabalu, Malaysia, Luar Negeri",2152,197,34,231
https://kawalpemilu.org#-991104,"Kota Kinabalu, Kota Kinabalu, Malaysia, Luar Negeri",2154,143,19,162
https://kawalpemilu.org#-991104,"Kota Kinabalu, Kota Kinabalu, Malaysia, Luar Negeri",2155,131,25,156
https://kawalpemilu.org#-991104,"Kota Kinabalu, Kota Kinabalu, Malaysia, Luar Negeri",2156,161,23,184
https://kawalpemilu.org#-991104,"Kota Kinabalu, Kota Kinabalu, Malaysia, Luar Negeri",2157,113,21,134
https://kawalpemilu.org#-991104,"Kota Kinabalu, Kota Kinabalu, Malaysia, Luar Negeri",2158,143,22,165
https://kawalpemilu.org#-991104,"Kota Kinabalu, Kota Kinabalu, Malaysia, Luar Negeri",2159,99,25,124
https://kawalpemilu.org#-991104,"Kota Kinabalu, Kota Kinabalu, Malaysia, Luar Negeri",2160,0,0,0
https://kawalpemilu.org#-991084,"Johor Bahru, Johor Bahru, Malaysia, Luar Negeri",10,145,91,236
https://kawalpemilu.org#-991084,"Johor Bahru, Johor Bahru, Malaysia, Luar Negeri",2002,134,29,163
https://kawalpemilu.org#-991084,"Johor Bahru, Johor Bahru, Malaysia, Luar Negeri",2003,91,97,188
https://kawalpemilu.org#-991084,"Johor Bahru, Johor Bahru, Malaysia, Luar Negeri",2004,89,107,196
https://kawalpemilu.org#-991084,"Johor Bahru, Johor Bahru, Malaysia, Luar Negeri",2006,92,52,144
https://kawalpemilu.org#-991084,"Johor Bahru, Johor Bahru, Malaysia, Luar Negeri",2007,143,40,183
https://kawalpemilu.org#-991084,"Johor Bahru, Johor Bahru, Malaysia, Luar Negeri",2008,162,109,271
https://kawalpemilu.org#-991084,"Johor Bahru, Johor Bahru, Malaysia, Luar Negeri",2009,173,102,275
https://kawalpemilu.org#-991084,"Johor Bahru, Johor Bahru, Malaysia, Luar Negeri",2010,145,91,236
https://kawalpemilu.org#-991084,"Johor Bahru, Johor Bahru, Malaysia, Luar Negeri",2012,153,71,224
https://kawalpemilu.org#-991084,"Johor Bahru, Johor Bahru, Malaysia, Luar Negeri",2013,122,33,155
https://kawalpemilu.org#-991084,"Johor Bahru, Johor Bahru, Malaysia, Luar Negeri",2014,95,38,133
https://kawalpemilu.org#-991084,"Johor Bahru, Johor Bahru, Malaysia, Luar Negeri",2015,123,37,160
https://kawalpemilu.org#-991084,"Johor Bahru, Johor Bahru, Malaysia, Luar Negeri",2016,110,27,137
https://kawalpemilu.org#-991084,"Johor Bahru, Johor Bahru, Malaysia, Luar Negeri",2017,150,42,192
https://kawalpemilu.org#-991084,"Johor Bahru, Johor Bahru, Malaysia, Luar Negeri",2018,182,41,223
https://kawalpemilu.org#-991084,"Johor Bahru, Johor Bahru, Malaysia, Luar Negeri",2020,223,58,281
https://kawalpemilu.org#-991084,"Johor Bahru, Johor Bahru, Malaysia, Luar Negeri",2023,75,79,154
https://kawalpemilu.org#-991084,"Johor Bahru, Johor Bahru, Malaysia, Luar Negeri",2024,103,89,192
https://kawalpemilu.org#-991084,"Johor Bahru, Johor Bahru, Malaysia, Luar Negeri",2027,77,64,141
https://kawalpemilu.org#-991084,"Johor Bahru, Johor Bahru, Malaysia, Luar Negeri",2028,32,76,108
https://kawalpemilu.org#-991084,"Johor Bahru, Johor Bahru, Malaysia, Luar Negeri",2029,112,172,284
https://kawalpemilu.org#-991084,"Johor Bahru, Johor Bahru, Malaysia, Luar Negeri",2031,109,52,161
https://kawalpemilu.org#-991084,"Johor Bahru, Johor Bahru, Malaysia, Luar Negeri",2032,216,30,246
https://kawalpemilu.org#-991084,"Johor Bahru, Johor Bahru, Malaysia, Luar Negeri",2033,137,69,206
https://kawalpemilu.org#-991084,"Johor Bahru, Johor Bahru, Malaysia, Luar Negeri",2034,107,82,189
https://kawalpemilu.org#-991084,"Johor Bahru, Johor Bahru, Malaysia, Luar Negeri",2035,187,70,257
https://kawalpemilu.org#-991084,"Johor Bahru, Johor Bahru, Malaysia, Luar Negeri",2036,193,56,249
https://kawalpemilu.org#-991084,"Johor Bahru, Johor Bahru, Malaysia, Luar Negeri",2037,181,54,235
https://kawalpemilu.org#-991084,"Johor Bahru, Johor Bahru, Malaysia, Luar Negeri",2040,179,36,215
https://kawalpemilu.org#-991084,"Johor Bahru, Johor Bahru, Malaysia, Luar Negeri",2042,262,32,294
https://kawalpemilu.org#-991084,"Johor Bahru, Johor Bahru, Malaysia, Luar Negeri",2043,184,41,225
https://kawalpemilu.org#-991084,"Johor Bahru, Johor Bahru, Malaysia, Luar Negeri",2044,63,111,174
https://kawalpemilu.org#-991084,"Johor Bahru, Johor Bahru, Malaysia, Luar Negeri",2046,164,42,206
https://kawalpemilu.org#-991084,"Johor Bahru, Johor Bahru, Malaysia, Luar Negeri",2047,121,79,200
https://kawalpemilu.org#-991084,"Johor Bahru, Johor Bahru, Malaysia, Luar Negeri",2048,163,39,202
https://kawalpemilu.org#-991084,"Johor Bahru, Johor Bahru, Malaysia, Luar Negeri",2049,173,33,206
https://kawalpemilu.org#-991084,"Johor Bahru, Johor Bahru, Malaysia, Luar Negeri",2051,62,34,96
https://kawalpemilu.org#-991084,"Johor Bahru, Johor Bahru, Malaysia, Luar Negeri",2052,116,84,200
https://kawalpemilu.org#-991084,"Johor Bahru, Johor Bahru, Malaysia, Luar Negeri",2053,157,34,191
https://kawalpemilu.org#-991084,"Johor Bahru, Johor Bahru, Malaysia, Luar Negeri",2054,63,94,157
https://kawalpemilu.org#-991084,"Johor Bahru, Johor Bahru, Malaysia, Luar Negeri",2055,159,60,219
https://kawalpemilu.org#-991084,"Johor Bahru, Johor Bahru, Malaysia, Luar Negeri",2056,133,60,193
https://kawalpemilu.org#-991084,"Johor Bahru, Johor Bahru, Malaysia, Luar Negeri",2057,73,47,120
https://kawalpemilu.org#-991084,"Johor Bahru, Johor Bahru, Malaysia, Luar Negeri",2058,125,82,207
https://kawalpemilu.org#-991084,"Johor Bahru, Johor Bahru, Malaysia, Luar Negeri",2059,140,102,242
https://kawalpemilu.org#-991084,"Johor Bahru, Johor Bahru, Malaysia, Luar Negeri",2060,95,142,237
https://kawalpemilu.org#-991084,"Johor Bahru, Johor Bahru, Malaysia, Luar Negeri",2061,108,58,166
https://kawalpemilu.org#-991084,"Johor Bahru, Johor Bahru, Malaysia, Luar Negeri",2062,55,79,134
https://kawalpemilu.org#-991084,"Johor Bahru, Johor Bahru, Malaysia, Luar Negeri",2063,110,59,169
https://kawalpemilu.org#-991084,"Johor Bahru, Johor Bahru, Malaysia, Luar Negeri",2065,135,70,205
https://kawalpemilu.org#-991084,"Johor Bahru, Johor Bahru, Malaysia, Luar Negeri",2066,151,27,178
https://kawalpemilu.org#-991084,"Johor Bahru, Johor Bahru, Malaysia, Luar Negeri",2068,125,52,177
https://kawalpemilu.org#-991084,"Johor Bahru, Johor Bahru, Malaysia, Luar Negeri",2069,86,53,139
https://kawalpemilu.org#-991084,"Johor Bahru, Johor Bahru, Malaysia, Luar Negeri",2070,123,79,202
https://kawalpemilu.org#-991084,"Johor Bahru, Johor Bahru, Malaysia, Luar Negeri",2071,130,160,290
https://kawalpemilu.org#-991084,"Johor Bahru, Johor Bahru, Malaysia, Luar Negeri",2072,128,86,214
https://kawalpemilu.org#-991084,"Johor Bahru, Johor Bahru, Malaysia, Luar Negeri",2073,140,51,191
https://kawalpemilu.org#-991084,"Johor Bahru, Johor Bahru, Malaysia, Luar Negeri",2074,196,101,297
https://kawalpemilu.org#-991084,"Johor Bahru, Johor Bahru, Malaysia, Luar Negeri",2075,228,77,305
https://kawalpemilu.org#-991084,"Johor Bahru, Johor Bahru, Malaysia, Luar Negeri",2077,153,72,225
https://kawalpemilu.org#-991084,"Johor Bahru, Johor Bahru, Malaysia, Luar Negeri",2078,95,37,132
https://kawalpemilu.org#-991084,"Johor Bahru, Johor Bahru, Malaysia, Luar Negeri",2079,95,64,159
https://kawalpemilu.org#-991084,"Johor Bahru, Johor Bahru, Malaysia, Luar Negeri",2080,165,81,246
https://kawalpemilu.org#-991084,"Johor Bahru, Johor Bahru, Malaysia, Luar Negeri",2081,143,48,191
https://kawalpemilu.org#-991084,"Johor Bahru, Johor Bahru, Malaysia, Luar Negeri",2082,66,101,167
https://kawalpemilu.org#-991084,"Johor Bahru, Johor Bahru, Malaysia, Luar Negeri",2083,161,73,234
https://kawalpemilu.org#-991084,"Johor Bahru, Johor Bahru, Malaysia, Luar Negeri",2084,191,57,248
https://kawalpemilu.org#-991084,"Johor Bahru, Johor Bahru, Malaysia, Luar Negeri",2085,124,36,160
https://kawalpemilu.org#-991084,"Johor Bahru, Johor Bahru, Malaysia, Luar Negeri",2086,119,79,198
https://kawalpemilu.org#-991084,"Johor Bahru, Johor Bahru, Malaysia, Luar Negeri",2087,130,77,207
https://kawalpemilu.org#-991084,"Johor Bahru, Johor Bahru, Malaysia, Luar Negeri",2088,117,65,182
https://kawalpemilu.org#-991084,"Johor Bahru, Johor Bahru, Malaysia, Luar Negeri",2089,99,39,138
https://kawalpemilu.org#-991084,"Johor Bahru, Johor Bahru, Malaysia, Luar Negeri",2090,185,52,237
https://kawalpemilu.org#-991084,"Johor Bahru, Johor Bahru, Malaysia, Luar Negeri",2092,163,43,206
https://kawalpemilu.org#-991084,"Johor Bahru, Johor Bahru, Malaysia, Luar Negeri",2093,62,12,74
https://kawalpemilu.org#-991084,"Johor Bahru, Johor Bahru, Malaysia, Luar Negeri",2095,111,30,141
https://kawalpemilu.org#-991084,"Johor Bahru, Johor Bahru, Malaysia, Luar Negeri",2096,140,42,182
https://kawalpemilu.org#-991084,"Johor Bahru, Johor Bahru, Malaysia, Luar Negeri",2098,145,32,177
https://kawalpemilu.org#-991084,"Johor Bahru, Johor Bahru, Malaysia, Luar Negeri",2100,185,41,226
https://kawalpemilu.org#-991084,"Johor Bahru, Johor Bahru, Malaysia, Luar Negeri",2101,88,70,158
https://kawalpemilu.org#-991084,"Johor Bahru, Johor Bahru, Malaysia, Luar Negeri",2102,153,95,248
https://kawalpemilu.org#-991084,"Johor Bahru, Johor Bahru, Malaysia, Luar Negeri",2105,205,54,259
https://kawalpemilu.org#-991084,"Johor Bahru, Johor Bahru, Malaysia, Luar Negeri",2106,178,78,256
https://kawalpemilu.org#-991084,"Johor Bahru, Johor Bahru, Malaysia, Luar Negeri",2109,70,106,176
https://kawalpemilu.org#-991084,"Johor Bahru, Johor Bahru, Malaysia, Luar Negeri",2110,134,50,184
https://kawalpemilu.org#-991084,"Johor Bahru, Johor Bahru, Malaysia, Luar Negeri",2112,131,31,162
https://kawalpemilu.org#-991084,"Johor Bahru, Johor Bahru, Malaysia, Luar Negeri",2113,135,12,147
https://kawalpemilu.org#-991084,"Johor Bahru, Johor Bahru, Malaysia, Luar Negeri",2116,105,23,128
https://kawalpemilu.org#-991084,"Johor Bahru, Johor Bahru, Malaysia, Luar Negeri",2117,209,36,245
https://kawalpemilu.org#-991084,"Johor Bahru, Johor Bahru, Malaysia, Luar Negeri",2118,144,75,219
https://kawalpemilu.org#-991084,"Johor Bahru, Johor Bahru, Malaysia, Luar Negeri",2119,122,70,192
https://kawalpemilu.org#-991084,"Johor Bahru, Johor Bahru, Malaysia, Luar Negeri",2120,131,35,166
https://kawalpemilu.org#-991084,"Johor Bahru, Johor Bahru, Malaysia, Luar Negeri",2121,141,63,204
https://kawalpemilu.org#-991084,"Johor Bahru, Johor Bahru, Malaysia, Luar Negeri",2123,209,36,245
https://kawalpemilu.org#-991084,"Johor Bahru, Johor Bahru, Malaysia, Luar Negeri",2125,147,34,181
https://kawalpemilu.org#-991084,"Johor Bahru, Johor Bahru, Malaysia, Luar Negeri",2126,178,33,211
https://kawalpemilu.org#-991084,"Johor Bahru, Johor Bahru, Malaysia, Luar Negeri",2127,158,44,202
https://kawalpemilu.org#-991084,"Johor Bahru, Johor Bahru, Malaysia, Luar Negeri",2129,149,99,248
https://kawalpemilu.org#-991084,"Johor Bahru, Johor Bahru, Malaysia, Luar Negeri",2130,214,88,302
https://kawalpemilu.org#-991084,"Johor Bahru, Johor Bahru, Malaysia, Luar Negeri",2131,165,21,186
https://kawalpemilu.org#-991084,"Johor Bahru, Johor Bahru, Malaysia, Luar Negeri",2133,169,22,191
https://kawalpemilu.org#-991084,"Johor Bahru, Johor Bahru, Malaysia, Luar Negeri",2134,254,43,297
https://kawalpemilu.org#-991084,"Johor Bahru, Johor Bahru, Malaysia, Luar Negeri",2135,260,41,301
https://kawalpemilu.org#-991084,"Johor Bahru, Johor Bahru, Malaysia, Luar Negeri",2136,193,28,221
https://kawalpemilu.org#-991084,"Johor Bahru, Johor Bahru, Malaysia, Luar Negeri",2141,272,32,304
https://kawalpemilu.org#-991084,"Johor Bahru, Johor Bahru, Malaysia, Luar Negeri",2142,121,91,212
https://kawalpemilu.org#-991084,"Johor Bahru, Johor Bahru, Malaysia, Luar Negeri",2145,152,44,196
https://kawalpemilu.org#-991084,"Johor Bahru, Johor Bahru, Malaysia, Luar Negeri",2146,208,35,243
https://kawalpemilu.org#-991084,"Johor Bahru, Johor Bahru, Malaysia, Luar Negeri",2147,212,70,282
https://kawalpemilu.org#-991084,"Johor Bahru, Johor Bahru, Malaysia, Luar Negeri",2149,105,82,187
https://kawalpemilu.org#-991084,"Johor Bahru, Johor Bahru, Malaysia, Luar Negeri",2150,134,71,205
https://kawalpemilu.org#-991084,"Johor Bahru, Johor Bahru, Malaysia, Luar Negeri",2162,130,64,194
https://kawalpemilu.org#-991084,"Johor Bahru, Johor Bahru, Malaysia, Luar Negeri",2165,135,47,182
https://kawalpemilu.org#-991084,"Johor Bahru, Johor Bahru, Malaysia, Luar Negeri",2166,172,46,218
https://kawalpemilu.org#-991084,"Johor Bahru, Johor Bahru, Malaysia, Luar Negeri",2172,115,44,159
https://kawalpemilu.org#-991084,"Johor Bahru, Johor Bahru, Malaysia, Luar Negeri",2173,226,53,279
https://kawalpemilu.org#-991084,"Johor Bahru, Johor Bahru, Malaysia, Luar Negeri",2175,232,95,327
https://kawalpemilu.org#-991084,"Johor Bahru, Johor Bahru, Malaysia, Luar Negeri",2176,92,34,126
https://kawalpemilu.org#-991084,"Johor Bahru, Johor Bahru, Malaysia, Luar Negeri",2177,114,104,218
https://kawalpemilu.org#-991084,"Johor Bahru, Johor Bahru, Malaysia, Luar Negeri",2179,42,63,105
https://kawalpemilu.org#-991084,"Johor Bahru, Johor Bahru, Malaysia, Luar Negeri",2180,113,49,162
https://kawalpemilu.org#-991084,"Johor Bahru, Johor Bahru, Malaysia, Luar Negeri",2181,219,48,267
https://kawalpemilu.org#-991084,"Johor Bahru, Johor Bahru, Malaysia, Luar Negeri",2182,121,91,212
https://kawalpemilu.org#-991084,"Johor Bahru, Johor Bahru, Malaysia, Luar Negeri",2183,145,105,250
https://kawalpemilu.org#-991084,"Johor Bahru, Johor Bahru, Malaysia, Luar Negeri",2184,181,31,212
https://kawalpemilu.org#-991084,"Johor Bahru, Johor Bahru, Malaysia, Luar Negeri",2185,58,80,138
https://kawalpemilu.org#-991084,"Johor Bahru, Johor Bahru, Malaysia, Luar Negeri",2186,65,20,85
https://kawalpemilu.org#-991084,"Johor Bahru, Johor Bahru, Malaysia, Luar Negeri",2187,110,118,228
https://kawalpemilu.org#-991084,"Johor Bahru, Johor Bahru, Malaysia, Luar Negeri",2188,61,72,133
https://kawalpemilu.org#-991084,"Johor Bahru, Johor Bahru, Malaysia, Luar Negeri",2189,84,81,165
https://kawalpemilu.org#-991084,"Johor Bahru, Johor Bahru, Malaysia, Luar Negeri",2190,81,63,144
https://kawalpemilu.org#-991084,"Johor Bahru, Johor Bahru, Malaysia, Luar Negeri",2191,73,106,179
https://kawalpemilu.org#-991084,"Johor Bahru, Johor Bahru, Malaysia, Luar Negeri",2192,64,5,69
https://kawalpemilu.org#-991084,"Johor Bahru, Johor Bahru, Malaysia, Luar Negeri",2193,53,32,85
https://kawalpemilu.org#-991084,"Johor Bahru, Johor Bahru, Malaysia, Luar Negeri",2194,120,65,185
https://kawalpemilu.org#-991084,"Johor Bahru, Johor Bahru, Malaysia, Luar Negeri",2195,75,91,166
https://kawalpemilu.org#-991084,"Johor Bahru, Johor Bahru, Malaysia, Luar Negeri",2196,168,68,236
https://kawalpemilu.org#-991084,"Johor Bahru, Johor Bahru, Malaysia, Luar Negeri",2197,160,19,179
https://kawalpemilu.org#-991084,"Johor Bahru, Johor Bahru, Malaysia, Luar Negeri",2200,142,141,283
https://kawalpemilu.org#-991084,"Johor Bahru, Johor Bahru, Malaysia, Luar Negeri",2202,74,71,145
https://kawalpemilu.org#-991084,"Johor Bahru, Johor Bahru, Malaysia, Luar Negeri",2203,60,97,157
https://kawalpemilu.org#-991084,"Johor Bahru, Johor Bahru, Malaysia, Luar Negeri",2204,181,50,231
https://kawalpemilu.org#-991084,"Johor Bahru, Johor Bahru, Malaysia, Luar Negeri",2205,90,107,197
https://kawalpemilu.org#-991084,"Johor Bahru, Johor Bahru, Malaysia, Luar Negeri",2206,98,74,172
https://kawalpemilu.org#-991084,"Johor Bahru, Johor Bahru, Malaysia, Luar Negeri",2208,44,17,61
https://kawalpemilu.org#-991084,"Johor Bahru, Johor Bahru, Malaysia, Luar Negeri",2209,27,7,34
https://kawalpemilu.org#-991084,"Johor Bahru, Johor Bahru, Malaysia, Luar Negeri",2210,106,15,121
https://kawalpemilu.org#-991084,"Johor Bahru, Johor Bahru, Malaysia, Luar Negeri",2211,150,33,183
https://kawalpemilu.org#-991084,"Johor Bahru, Johor Bahru, Malaysia, Luar Negeri",2212,159,50,209
https://kawalpemilu.org#-991084,"Johor Bahru, Johor Bahru, Malaysia, Luar Negeri",2213,55,76,131
https://kawalpemilu.org#-991084,"Johor Bahru, Johor Bahru, Malaysia, Luar Negeri",2214,64,124,188
https://kawalpemilu.org#-991084,"Johor Bahru, Johor Bahru, Malaysia, Luar Negeri",2215,138,25,163
https://kawalpemilu.org#-991084,"Johor Bahru, Johor Bahru, Malaysia, Luar Negeri",2217,101,43,144
https://kawalpemilu.org#-991084,"Johor Bahru, Johor Bahru, Malaysia, Luar Negeri",2218,64,85,149
https://kawalpemilu.org#-991084,"Johor Bahru, Johor Bahru, Malaysia, Luar Negeri",2219,125,49,174
https://kawalpemilu.org#-991084,"Johor Bahru, Johor Bahru, Malaysia, Luar Negeri",2221,93,67,160
https://kawalpemilu.org#-991084,"Johor Bahru, Johor Bahru, Malaysia, Luar Negeri",2223,122,77,199
https://kawalpemilu.org#-991084,"Johor Bahru, Johor Bahru, Malaysia, Luar Negeri",2224,180,45,225
https://kawalpemilu.org#-991084,"Johor Bahru, Johor Bahru, Malaysia, Luar Negeri",2225,180,53,233
https://kawalpemilu.org#-991084,"Johor Bahru, Johor Bahru, Malaysia, Luar Negeri",2226,44,143,187
https://kawalpemilu.org#-991084,"Johor Bahru, Johor Bahru, Malaysia, Luar Negeri",2227,184,25,209
https://kawalpemilu.org#-991084,"Johor Bahru, Johor Bahru, Malaysia, Luar Negeri",2228,93,114,207
https://kawalpemilu.org#-991084,"Johor Bahru, Johor Bahru, Malaysia, Luar Negeri",2229,71,29,100
https://kawalpemilu.org#-991084,"Johor Bahru, Johor Bahru, Malaysia, Luar Negeri",2231,109,37,146
https://kawalpemilu.org#-991084,"Johor Bahru, Johor Bahru, Malaysia, Luar Negeri",2233,68,51,119
https://kawalpemilu.org#-991084,"Johor Bahru, Johor Bahru, Malaysia, Luar Negeri",2234,96,63,159
https://kawalpemilu.org#-991084,"Johor Bahru, Johor Bahru, Malaysia, Luar Negeri",2235,110,26,136
https://kawalpemilu.org#-991084,"Johor Bahru, Johor Bahru, Malaysia, Luar Negeri",2238,78,64,142
https://kawalpemilu.org#-991084,"Johor Bahru, Johor Bahru, Malaysia, Luar Negeri",2239,110,55,165
https://kawalpemilu.org#-991084,"Johor Bahru, Johor Bahru, Malaysia, Luar Negeri",2240,78,80,158
https://kawalpemilu.org#-991084,"Johor Bahru, Johor Bahru, Malaysia, Luar Negeri",2242,90,31,121
https://kawalpemilu.org#-991084,"Johor Bahru, Johor Bahru, Malaysia, Luar Negeri",2244,94,111,205
https://kawalpemilu.org#-991084,"Johor Bahru, Johor Bahru, Malaysia, Luar Negeri",2245,160,88,248
https://kawalpemilu.org#-991084,"Johor Bahru, Johor Bahru, Malaysia, Luar Negeri",2246,27,87,114
https://kawalpemilu.org#-991084,"Johor Bahru, Johor Bahru, Malaysia, Luar Negeri",2247,29,19,48
https://kawalpemilu.org#-991084,"Johor Bahru, Johor Bahru, Malaysia, Luar Negeri",2249,108,69,177
https://kawalpemilu.org#-991084,"Johor Bahru, Johor Bahru, Malaysia, Luar Negeri",2250,107,14,121
https://kawalpemilu.org#-991084,"Johor Bahru, Johor Bahru, Malaysia, Luar Negeri",2251,155,32,187
https://kawalpemilu.org#-991084,"Johor Bahru, Johor Bahru, Malaysia, Luar Negeri",2253,75,65,140
https://kawalpemilu.org#-991084,"Johor Bahru, Johor Bahru, Malaysia, Luar Negeri",2254,78,58,136
https://kawalpemilu.org#-991084,"Johor Bahru, Johor Bahru, Malaysia, Luar Negeri",2257,139,57,196
https://kawalpemilu.org#-991084,"Johor Bahru, Johor Bahru, Malaysia, Luar Negeri",2258,80,130,210
https://kawalpemilu.org#-991084,"Johor Bahru, Johor Bahru, Malaysia, Luar Negeri",2259,124,28,152
https://kawalpemilu.org#-991084,"Johor Bahru, Johor Bahru, Malaysia, Luar Negeri",2261,110,41,151
https://kawalpemilu.org#-991084,"Johor Bahru, Johor Bahru, Malaysia, Luar Negeri",2262,93,34,127
https://kawalpemilu.org#-991084,"Johor Bahru, Johor Bahru, Malaysia, Luar Negeri",2263,82,66,148
https://kawalpemilu.org#-991084,"Johor Bahru, Johor Bahru, Malaysia, Luar Negeri",2265,62,42,104
https://kawalpemilu.org#-991084,"Johor Bahru, Johor Bahru, Malaysia, Luar Negeri",2266,44,143,187
https://kawalpemilu.org#-991084,"Johor Bahru, Johor Bahru, Malaysia, Luar Negeri",2267,106,14,120
https://kawalpemilu.org#-991084,"Johor Bahru, Johor Bahru, Malaysia, Luar Negeri",2269,48,104,152
https://kawalpemilu.org#-991084,"Johor Bahru, Johor Bahru, Malaysia, Luar Negeri",2270,56,37,93
https://kawalpemilu.org#-991084,"Johor Bahru, Johor Bahru, Malaysia, Luar Negeri",2271,76,85,161
https://kawalpemilu.org#-991084,"Johor Bahru, Johor Bahru, Malaysia, Luar Negeri",2272,56,24,80
https://kawalpemilu.org#-991084,"Johor Bahru, Johor Bahru, Malaysia, Luar Negeri",2273,67,70,137
https://kawalpemilu.org#-991084,"Johor Bahru, Johor Bahru, Malaysia, Luar Negeri",2275,80,50,130
https://kawalpemilu.org#-991084,"Johor Bahru, Johor Bahru, Malaysia, Luar Negeri",2276,104,76,180
https://kawalpemilu.org#-991084,"Johor Bahru, Johor Bahru, Malaysia, Luar Negeri",2277,97,113,210
https://kawalpemilu.org#-991084,"Johor Bahru, Johor Bahru, Malaysia, Luar Negeri",2280,22,48,70
https://kawalpemilu.org#-991084,"Johor Bahru, Johor Bahru, Malaysia, Luar Negeri",2281,88,166,254
https://kawalpemilu.org#-991084,"Johor Bahru, Johor Bahru, Malaysia, Luar Negeri",2282,136,74,210
https://kawalpemilu.org#-991084,"Johor Bahru, Johor Bahru, Malaysia, Luar Negeri",2283,94,25,119
https://kawalpemilu.org#-991084,"Johor Bahru, Johor Bahru, Malaysia, Luar Negeri",2288,75,50,125
https://kawalpemilu.org#-991084,"Johor Bahru, Johor Bahru, Malaysia, Luar Negeri",2290,187,58,245
https://kawalpemilu.org#-990424,"Kairo, Kairo, Mesir, Luar Negeri",1001,19,2,21
https://kawalpemilu.org#-990424,"Kairo, Kairo, Mesir, Luar Negeri",1,100,316,416
https://kawalpemilu.org#-990424,"Kairo, Kairo, Mesir, Luar Negeri",2,103,313,416
https://kawalpemilu.org#-990424,"Kairo, Kairo, Mesir, Luar Negeri",3,97,323,420
https://kawalpemilu.org#-990424,"Kairo, Kairo, Mesir, Luar Negeri",4,86,325,411
https://kawalpemilu.org#-990424,"Kairo, Kairo, Mesir, Luar Negeri",5,89,333,422
https://kawalpemilu.org#-990424,"Kairo, Kairo, Mesir, Luar Negeri",6,88,331,419
https://kawalpemilu.org#-990424,"Kairo, Kairo, Mesir, Luar Negeri",7,107,318,425
https://kawalpemilu.org#-990424,"Kairo, Kairo, Mesir, Luar Negeri",8,137,280,417
https://kawalpemilu.org#-990424,"Kairo, Kairo, Mesir, Luar Negeri",9,109,317,426
https://kawalpemilu.org#-990424,"Kairo, Kairo, Mesir, Luar Negeri",10,105,293,398
https://kawalpemilu.org#-990424,"Kairo, Kairo, Mesir, Luar Negeri",11,115,294,409
https://kawalpemilu.org#-990424,"Kairo, Kairo, Mesir, Luar Negeri",12,97,303,400
https://kawalpemilu.org#-990424,"Kairo, Kairo, Mesir, Luar Negeri",13,96,320,416
https://kawalpemilu.org#-990424,"Kairo, Kairo, Mesir, Luar Negeri",14,87,300,387
https://kawalpemilu.org#-990424,"Kairo, Kairo, Mesir, Luar Negeri",15,95,299,394
https://kawalpemilu.org#-990424,"Kairo, Kairo, Mesir, Luar Negeri",2001,67,72,139
https://kawalpemilu.org#-990554,"Mexico City, Mexico City, Mexico, Luar Negeri",1001,32,6,38
https://kawalpemilu.org#-990554,"Mexico City, Mexico City, Mexico, Luar Negeri",1,78,20,98
https://kawalpemilu.org#-990714,"Rabat, Rabat, Morocco, Luar Negeri",1,125,97,222
https://kawalpemilu.org#-990544,"Maputo, Maputo, Mozambik, Luar Negeri",1001,14,3,17
https://kawalpemilu.org#-990544,"Maputo, Maputo, Mozambik, Luar Negeri",1,29,12,41
https://kawalpemilu.org#-990544,"Maputo, Maputo, Mozambik, Luar Negeri",2001,25,7,32
https://kawalpemilu.org#-990544,"Maputo, Maputo, Mozambik, Luar Negeri",2002,9,10,19
https://kawalpemilu.org#-990944,"Yangon, Yangon, Myanmar, Luar Negeri",1,151,51,202
https://kawalpemilu.org#-990934,"Windhoek, Windhoek, Namibia, Luar Negeri",1001,0,0,0
https://kawalpemilu.org#-990934,"Windhoek, Windhoek, Namibia, Luar Negeri",1,32,6,38
https://kawalpemilu.org#-990934,"Windhoek, Windhoek, Namibia, Luar Negeri",2001,21,9,30
https://kawalpemilu.org#-990934,"Windhoek, Windhoek, Namibia, Luar Negeri",2002,49,18,67
https://kawalpemilu.org#-990024,"Abuja, Abuja, Nigeria, Luar Negeri",1001,25,13,38
https://kawalpemilu.org#-990024,"Abuja, Abuja, Nigeria, Luar Negeri",1002,27,8,35
https://kawalpemilu.org#-990024,"Abuja, Abuja, Nigeria, Luar Negeri",1003,620,307,927
https://kawalpemilu.org#-990024,"Abuja, Abuja, Nigeria, Luar Negeri",1005,12,2,14
https://kawalpemilu.org#-990024,"Abuja, Abuja, Nigeria, Luar Negeri",1006,22,3,25
https://kawalpemilu.org#-990024,"Abuja, Abuja, Nigeria, Luar Negeri",1007,13,0,13
https://kawalpemilu.org#-990024,"Abuja, Abuja, Nigeria, Luar Negeri",1008,122,40,162
https://kawalpemilu.org#-990024,"Abuja, Abuja, Nigeria, Luar Negeri",1,130,25,155
https://kawalpemilu.org#-990024,"Abuja, Abuja, Nigeria, Luar Negeri",1009,9,0,9
https://kawalpemilu.org#-990604,"Oslo, Oslo, Norwegia, Luar Negeri",1001,388,85,473
https://kawalpemilu.org#-990604,"Oslo, Oslo, Norwegia, Luar Negeri",1,124,31,155
https://kawalpemilu.org#-990574,"Muscat, Muscat, Oman, Luar Negeri",1,127,112,239
https://kawalpemilu.org#-990574,"Muscat, Muscat, Oman, Luar Negeri",2,118,87,205
https://kawalpemilu.org#-990574,"Muscat, Muscat, Oman, Luar Negeri",3,160,119,279
https://kawalpemilu.org#-990574,"Muscat, Muscat, Oman, Luar Negeri",4,104,94,198
https://kawalpemilu.org#-990574,"Muscat, Muscat, Oman, Luar Negeri",5,30,60,90
https://kawalpemilu.org#-990574,"Muscat, Muscat, Oman, Luar Negeri",2001,85,31,116
https://kawalpemilu.org#-990574,"Muscat, Muscat, Oman, Luar Negeri",2002,5,5,10
https://kawalpemilu.org#-990404,"Islamabad, Islamabad, Pakistan, Luar Negeri",1001,25,36,61
https://kawalpemilu.org#-990404,"Islamabad, Islamabad, Pakistan, Luar Negeri",1,56,189,245
https://kawalpemilu.org#-991094,"Karachi, Karachi, Pakistan, Luar Negeri",1,27,174,201
https://kawalpemilu.org#-990624,"Panama City, Panama City, Panama, Luar Negeri",1001,7,0,7
https://kawalpemilu.org#-990624,"Panama City, Panama City, Panama, Luar Negeri",1,35,4,39
https://kawalpemilu.org#-990624,"Panama City, Panama City, Panama, Luar Negeri",2001,27,21,48
https://kawalpemilu.org#-991294,"Vanimo, Vanimo, Papua Nugini, Luar Negeri",1,113,19,132
https://kawalpemilu.org#-991294,"Vanimo, Vanimo, Papua Nugini, Luar Negeri",2001,343,217,560
https://kawalpemilu.org#-990664,"Port Moresby, Port Moresby, Papua Nugini, Luar Negeri",1001,131,7,138
https://kawalpemilu.org#-991174,"Noumea, Noumea, Perancis, Luar Negeri",1001,4,0,4
https://kawalpemilu.org#-991174,"Noumea, Noumea, Perancis, Luar Negeri",1,188,22,210
https://kawalpemilu.org#-991174,"Noumea, Noumea, Perancis, Luar Negeri",2001,25,4,29
https://kawalpemilu.org#-991134,"Marseille, Marseille, Perancis, Luar Negeri",1001,314,67,381
https://kawalpemilu.org#-991134,"Marseille, Marseille, Perancis, Luar Negeri",1,58,28,86
https://kawalpemilu.org#-990644,"Paris, Paris, Perancis, Luar Negeri",1001,798,120,918
https://kawalpemilu.org#-990644,"Paris, Paris, Perancis, Luar Negeri",1,266,46,312
https://kawalpemilu.org#-990644,"Paris, Paris, Perancis, Luar Negeri",2,245,48,293
https://kawalpemilu.org#-990644,"Paris, Paris, Perancis, Luar Negeri",3,237,52,289
https://kawalpemilu.org#-990484,"Lima, Lima, Peru, Luar Negeri",1001,21,2,23
https://kawalpemilu.org#-990484,"Lima, Lima, Peru, Luar Negeri",1,41,11,52
https://kawalpemilu.org#-990484,"Lima, Lima, Peru, Luar Negeri",2001,2,2,4
https://kawalpemilu.org#-990894,"Warsawa, Warsawa, Polandia, Luar Negeri",1001,107,50,157
https://kawalpemilu.org#-990894,"Warsawa, Warsawa, Polandia, Luar Negeri",1,119,71,190
https://kawalpemilu.org#-990494,"Lisabon, Lisabon, Portugal, Luar Negeri",1001,51,9,60
https://kawalpemilu.org#-990494,"Lisabon, Lisabon, Portugal, Luar Negeri",2001,53,5,58
https://kawalpemilu.org#-990354,"Doha, Doha, Qatar, Luar Negeri",1,118,120,238
https://kawalpemilu.org#-990354,"Doha, Doha, Qatar, Luar Negeri",2,74,104,178
https://kawalpemilu.org#-990354,"Doha, Doha, Qatar, Luar Negeri",3,97,123,220
https://kawalpemilu.org#-990354,"Doha, Doha, Qatar, Luar Negeri",4,123,112,235
https://kawalpemilu.org#-990354,"Doha, Doha, Qatar, Luar Negeri",5,104,115,219
https://kawalpemilu.org#-990354,"Doha, Doha, Qatar, Luar Negeri",6,126,142,268
https://kawalpemilu.org#-990354,"Doha, Doha, Qatar, Luar Negeri",7,67,105,172
https://kawalpemilu.org#-990354,"Doha, Doha, Qatar, Luar Negeri",8,120,98,218
https://kawalpemilu.org#-990354,"Doha, Doha, Qatar, Luar Negeri",9,106,119,225
https://kawalpemilu.org#-990354,"Doha, Doha, Qatar, Luar Negeri",10,45,220,265
https://kawalpemilu.org#-990354,"Doha, Doha, Qatar, Luar Negeri",11,64,195,259
https://kawalpemilu.org#-990354,"Doha, Doha, Qatar, Luar Negeri",12,58,234,292
https://kawalpemilu.org#-990354,"Doha, Doha, Qatar, Luar Negeri",13,56,140,196
https://kawalpemilu.org#-990354,"Doha, Doha, Qatar, Luar Negeri",14,81,184,265
https://kawalpemilu.org#-990354,"Doha, Doha, Qatar, Luar Negeri",15,68,184,252
https://kawalpemilu.org#-990354,"Doha, Doha, Qatar, Luar Negeri",16,89,263,352
https://kawalpemilu.org#-990354,"Doha, Doha, Qatar, Luar Negeri",17,44,101,145
https://kawalpemilu.org#-990354,"Doha, Doha, Qatar, Luar Negeri",2001,39,51,90
https://kawalpemilu.org#-990354,"Doha, Doha, Qatar, Luar Negeri",2002,15,22,37
https://kawalpemilu.org#-990674,"Praha, Praha, Republik Ceko, Luar Negeri",1001,30,4,34
https://kawalpemilu.org#-990674,"Praha, Praha, Republik Ceko, Luar Negeri",1,150,29,179
https://kawalpemilu.org#-990674,"Praha, Praha, Republik Ceko, Luar Negeri",2001,20,1,21
https://kawalpemilu.org#-991044,"Hong Kong, Hong Kong, Republik Rakyat Tiongkok, Luar Negeri",1002,735,89,824
https://kawalpemilu.org#-991044,"Hong Kong, Hong Kong, Republik Rakyat Tiongkok, Luar Negeri",1003,791,109,900
https://kawalpemilu.org#-991044,"Hong Kong, Hong Kong, Republik Rakyat Tiongkok, Luar Negeri",1009,0,0,0
https://kawalpemilu.org#-991044,"Hong Kong, Hong Kong, Republik Rakyat Tiongkok, Luar Negeri",1014,480,84,564
https://kawalpemilu.org#-991044,"Hong Kong, Hong Kong, Republik Rakyat Tiongkok, Luar Negeri",1015,425,60,485
https://kawalpemilu.org#-991044,"Hong Kong, Hong Kong, Republik Rakyat Tiongkok, Luar Negeri",1016,535,84,619
https://kawalpemilu.org#-991044,"Hong Kong, Hong Kong, Republik Rakyat Tiongkok, Luar Negeri",1019,1250,201,1451
https://kawalpemilu.org#-991044,"Hong Kong, Hong Kong, Republik Rakyat Tiongkok, Luar Negeri",1,452,85,537
https://kawalpemilu.org#-991044,"Hong Kong, Hong Kong, Republik Rakyat Tiongkok, Luar Negeri",2,535,94,629
https://kawalpemilu.org#-991044,"Hong Kong, Hong Kong, Republik Rakyat Tiongkok, Luar Negeri",9,540,85,625
https://kawalpemilu.org#-991044,"Hong Kong, Hong Kong, Republik Rakyat Tiongkok, Luar Negeri",14,494,85,579
https://kawalpemilu.org#-991044,"Hong Kong, Hong Kong, Republik Rakyat Tiongkok, Luar Negeri",19,1250,201,1451
https://kawalpemilu.org#-991044,"Hong Kong, Hong Kong, Republik Rakyat Tiongkok, Luar Negeri",27,933,132,1065
https://kawalpemilu.org#-991044,"Hong Kong, Hong Kong, Republik Rakyat Tiongkok, Luar Negeri",28,916,142,1058
https://kawalpemilu.org#-991044,"Hong Kong, Hong Kong, Republik Rakyat Tiongkok, Luar Negeri",29,706,103,809
https://kawalpemilu.org#-991044,"Hong Kong, Hong Kong, Republik Rakyat Tiongkok, Luar Negeri",30,373,55,428
https://kawalpemilu.org#-991044,"Hong Kong, Hong Kong, Republik Rakyat Tiongkok, Luar Negeri",31,1778,286,2064
https://kawalpemilu.org#-991224,"Shanghai, Shanghai, Republik Rakyat Tiongkok, Luar Negeri",1001,1083,374,1457
https://kawalpemilu.org#-991224,"Shanghai, Shanghai, Republik Rakyat Tiongkok, Luar Negeri",1,544,62,606
https://kawalpemilu.org#-991224,"Shanghai, Shanghai, Republik Rakyat Tiongkok, Luar Negeri",2,540,70,610
https://kawalpemilu.org#-990144,"Beijing, Beijing, Republik Rakyat Tiongkok, Luar Negeri",1001,212,74,286
https://kawalpemilu.org#-990144,"Beijing, Beijing, Republik Rakyat Tiongkok, Luar Negeri",1002,227,77,304
https://kawalpemilu.org#-990144,"Beijing, Beijing, Republik Rakyat Tiongkok, Luar Negeri",1003,73,31,104
https://kawalpemilu.org#-990144,"Beijing, Beijing, Republik Rakyat Tiongkok, Luar Negeri",1004,57,13,70
https://kawalpemilu.org#-990144,"Beijing, Beijing, Republik Rakyat Tiongkok, Luar Negeri",1005,101,28,129
https://kawalpemilu.org#-990144,"Beijing, Beijing, Republik Rakyat Tiongkok, Luar Negeri",1,370,50,420
https://kawalpemilu.org#-990144,"Beijing, Beijing, Republik Rakyat Tiongkok, Luar Negeri",2,418,54,472
https://kawalpemilu.org#-990234,"Bucharest, Bucharest, Rumania, Luar Negeri",1001,39,0,39
https://kawalpemilu.org#-990564,"Moskow, Moskow, Rusia, Luar Negeri",1001,132,58,190
https://kawalpemilu.org#-990564,"Moskow, Moskow, Rusia, Luar Negeri",1,272,91,363
https://kawalpemilu.org#-991284,"Tawau, Tawau, Sabah, Luar Negeri",1,192,19,211
https://kawalpemilu.org#-991284,"Tawau, Tawau, Sabah, Luar Negeri",2,165,23,188
https://kawalpemilu.org#-991284,"Tawau, Tawau, Sabah, Luar Negeri",3,221,19,240
https://kawalpemilu.org#-991284,"Tawau, Tawau, Sabah, Luar Negeri",4,210,25,235
https://kawalpemilu.org#-990914,"Wellington, Wellington, Selandia Baru, Luar Negeri",1001,394,60,454
https://kawalpemilu.org#-990914,"Wellington, Wellington, Selandia Baru, Luar Negeri",1002,0,0,0
https://kawalpemilu.org#-990914,"Wellington, Wellington, Selandia Baru, Luar Negeri",1003,426,71,497
https://kawalpemilu.org#-990914,"Wellington, Wellington, Selandia Baru, Luar Negeri",1004,419,66,485
https://kawalpemilu.org#-990914,"Wellington, Wellington, Selandia Baru, Luar Negeri",1,196,30,226
https://kawalpemilu.org#-990914,"Wellington, Wellington, Selandia Baru, Luar Negeri",2,151,39,190
https://kawalpemilu.org#-990294,"Dakar, Dakar, Senegal, Luar Negeri",1001,7,1,8
https://kawalpemilu.org#-990294,"Dakar, Dakar, Senegal, Luar Negeri",1002,162,190,352
https://kawalpemilu.org#-990294,"Dakar, Dakar, Senegal, Luar Negeri",1,19,10,29
https://kawalpemilu.org#-990164,"Beograd, Beograd, Serbia, Luar Negeri",1001,4,0,4
https://kawalpemilu.org#-990784,"Singapura, Singapura, Singapura, Luar Negeri",1001,1461,144,1605
https://kawalpemilu.org#-990784,"Singapura, Singapura, Singapura, Luar Negeri",1002,1173,159,1332
https://kawalpemilu.org#-990784,"Singapura, Singapura, Singapura, Luar Negeri",1003,1045,123,1168
https://kawalpemilu.org#-990784,"Singapura, Singapura, Singapura, Luar Negeri",1004,1065,132,1197
https://kawalpemilu.org#-990784,"Singapura, Singapura, Singapura, Luar Negeri",1005,1189,158,1347
https://kawalpemilu.org#-990784,"Singapura, Singapura, Singapura, Luar Negeri",1006,993,133,1126
https://kawalpemilu.org#-990784,"Singapura, Singapura, Singapura, Luar Negeri",1007,1123,126,1249
https://kawalpemilu.org#-990784,"Singapura, Singapura, Singapura, Luar Negeri",1008,1137,104,1241
https://kawalpemilu.org#-990784,"Singapura, Singapura, Singapura, Luar Negeri",1009,1047,144,1191
https://kawalpemilu.org#-990784,"Singapura, Singapura, Singapura, Luar Negeri",1,624,100,724
https://kawalpemilu.org#-990784,"Singapura, Singapura, Singapura, Luar Negeri",2,538,96,634
https://kawalpemilu.org#-990784,"Singapura, Singapura, Singapura, Luar Negeri",3,767,126,893
https://kawalpemilu.org#-990784,"Singapura, Singapura, Singapura, Luar Negeri",4,584,120,704
https://kawalpemilu.org#-990784,"Singapura, Singapura, Singapura, Luar Negeri",5,612,108,720
https://kawalpemilu.org#-990784,"Singapura, Singapura, Singapura, Luar Negeri",6,679,112,791
https://kawalpemilu.org#-990784,"Singapura, Singapura, Singapura, Luar Negeri",7,671,126,797
https://kawalpemilu.org#-990784,"Singapura, Singapura, Singapura, Luar Negeri",8,685,108,793
https://kawalpemilu.org#-990784,"Singapura, Singapura, Singapura, Luar Negeri",9,454,67,521
https://kawalpemilu.org#-990784,"Singapura, Singapura, Singapura, Luar Negeri",10,468,69,537
https://kawalpemilu.org#-990784,"Singapura, Singapura, Singapura, Luar Negeri",11,474,62,536
https://kawalpemilu.org#-990784,"Singapura, Singapura, Singapura, Luar Negeri",12,450,60,510
https://kawalpemilu.org#-990784,"Singapura, Singapura, Singapura, Luar Negeri",13,548,88,636
https://kawalpemilu.org#-990784,"Singapura, Singapura, Singapura, Luar Negeri",14,546,87,633
https://kawalpemilu.org#-990784,"Singapura, Singapura, Singapura, Luar Negeri",15,462,63,525
https://kawalpemilu.org#-990784,"Singapura, Singapura, Singapura, Luar Negeri",16,458,65,523
https://kawalpemilu.org#-990784,"Singapura, Singapura, Singapura, Luar Negeri",17,612,80,692
https://kawalpemilu.org#-990784,"Singapura, Singapura, Singapura, Luar Negeri",18,590,86,676
https://kawalpemilu.org#-990784,"Singapura, Singapura, Singapura, Luar Negeri",19,457,54,511
https://kawalpemilu.org#-990784,"Singapura, Singapura, Singapura, Luar Negeri",20,449,70,519
https://kawalpemilu.org#-990784,"Singapura, Singapura, Singapura, Luar Negeri",21,833,124,957
https://kawalpemilu.org#-990784,"Singapura, Singapura, Singapura, Luar Negeri",22,704,108,812
https://kawalpemilu.org#-990784,"Singapura, Singapura, Singapura, Luar Negeri",23,590,73,663
https://kawalpemilu.org#-990784,"Singapura, Singapura, Singapura, Luar Negeri",24,686,115,801
https://kawalpemilu.org#-990784,"Singapura, Singapura, Singapura, Luar Negeri",25,699,100,799
https://kawalpemilu.org#-990784,"Singapura, Singapura, Singapura, Luar Negeri",26,1011,122,1133
https://kawalpemilu.org#-990784,"Singapura, Singapura, Singapura, Luar Negeri",27,718,101,819
https://kawalpemilu.org#-990784,"Singapura, Singapura, Singapura, Luar Negeri",28,699,115,814
https://kawalpemilu.org#-990784,"Singapura, Singapura, Singapura, Luar Negeri",29,923,126,1049
https://kawalpemilu.org#-990784,"Singapura, Singapura, Singapura, Luar Negeri",30,742,121,863
https://kawalpemilu.org#-990784,"Singapura, Singapura, Singapura, Luar Negeri",31,702,102,804
https://kawalpemilu.org#-990784,"Singapura, Singapura, Singapura, Luar Negeri",32,588,92,680
https://kawalpemilu.org#-990784,"Singapura, Singapura, Singapura, Luar Negeri",33,762,109,871
https://kawalpemilu.org#-990784,"Singapura, Singapura, Singapura, Luar Negeri",34,672,97,769
https://kawalpemilu.org#-990784,"Singapura, Singapura, Singapura, Luar Negeri",35,731,95,826
https://kawalpemilu.org#-990784,"Singapura, Singapura, Singapura, Luar Negeri",36,611,93,704
https://kawalpemilu.org#-990784,"Singapura, Singapura, Singapura, Luar Negeri",37,593,85,678
https://kawalpemilu.org#-990784,"Singapura, Singapura, Singapura, Luar Negeri",38,619,85,704
https://kawalpemilu.org#-990784,"Singapura, Singapura, Singapura, Luar Negeri",39,703,98,801
https://kawalpemilu.org#-990784,"Singapura, Singapura, Singapura, Luar Negeri",40,562,80,642
https://kawalpemilu.org#-990784,"Singapura, Singapura, Singapura, Luar Negeri",41,558,97,655
https://kawalpemilu.org#-990784,"Singapura, Singapura, Singapura, Luar Negeri",42,531,61,592
https://kawalpemilu.org#-990784,"Singapura, Singapura, Singapura, Luar Negeri",43,504,89,593
https://kawalpemilu.org#-990784,"Singapura, Singapura, Singapura, Luar Negeri",44,645,88,733
https://kawalpemilu.org#-990784,"Singapura, Singapura, Singapura, Luar Negeri",45,640,101,741
https://kawalpemilu.org#-990784,"Singapura, Singapura, Singapura, Luar Negeri",46,761,107,868
https://kawalpemilu.org#-990784,"Singapura, Singapura, Singapura, Luar Negeri",47,619,89,708
https://kawalpemilu.org#-990784,"Singapura, Singapura, Singapura, Luar Negeri",48,735,88,823
https://kawalpemilu.org#-990784,"Singapura, Singapura, Singapura, Luar Negeri",49,729,83,812
https://kawalpemilu.org#-990784,"Singapura, Singapura, Singapura, Luar Negeri",50,780,86,866
https://kawalpemilu.org#-990214,"Bratislava, Bratislava, Slowakia, Luar Negeri",1001,9,3,12
https://kawalpemilu.org#-990214,"Bratislava, Bratislava, Slowakia, Luar Negeri",1,36,9,45
https://kawalpemilu.org#-990514,"Madrid, Madrid, Spanyol, Luar Negeri",1001,392,59,451
https://kawalpemilu.org#-990514,"Madrid, Madrid, Spanyol, Luar Negeri",1,195,50,245
https://kawalpemilu.org#-990284,"Colombo, Colombo, Sri Langka, Luar Negeri",1001,207,37,244
https://kawalpemilu.org#-990284,"Colombo, Colombo, Sri Langka, Luar Negeri",1,91,22,113
https://kawalpemilu.org#-990434,"Khartoum, Khartoum, Sudan, Luar Negeri",1,92,325,417
https://kawalpemilu.org#-990434,"Khartoum, Khartoum, Sudan, Luar Negeri",2,68,321,389
https://kawalpemilu.org#-990304,"Damascus, Damascus, Suriah, Luar Negeri",1,28,50,78
https://kawalpemilu.org#-990634,"Paramaribo, Paramaribo, Suriname, Luar Negeri",1,113,36,149
https://kawalpemilu.org#-990634,"Paramaribo, Paramaribo, Suriname, Luar Negeri",2001,81,45,126
https://kawalpemilu.org#-990634,"Paramaribo, Paramaribo, Suriname, Luar Negeri",2002,19,8,27
https://kawalpemilu.org#-990804,"Stockholm, Stockholm, Swedia, Luar Negeri",1001,468,68,536
https://kawalpemilu.org#-990804,"Stockholm, Stockholm, Swedia, Luar Negeri",1,190,39,229
https://kawalpemilu.org#-990184,"Bern, Bern, Swiss, Luar Negeri",1,153,52,205
https://kawalpemilu.org#-991304,"Taipei, Taipei, Taiwan, Luar Negeri",1001,948,161,1109
https://kawalpemilu.org#-991304,"Taipei, Taipei, Taiwan, Luar Negeri",1002,922,148,1070
https://kawalpemilu.org#-991304,"Taipei, Taipei, Taiwan, Luar Negeri",1003,953,123,1076
https://kawalpemilu.org#-991304,"Taipei, Taipei, Taiwan, Luar Negeri",1004,945,146,1091
https://kawalpemilu.org#-991304,"Taipei, Taipei, Taiwan, Luar Negeri",1005,967,154,1121
https://kawalpemilu.org#-991304,"Taipei, Taipei, Taiwan, Luar Negeri",1006,958,130,1088
https://kawalpemilu.org#-991304,"Taipei, Taipei, Taiwan, Luar Negeri",1007,912,136,1048
https://kawalpemilu.org#-991304,"Taipei, Taipei, Taiwan, Luar Negeri",1008,1039,148,1187
https://kawalpemilu.org#-991304,"Taipei, Taipei, Taiwan, Luar Negeri",1009,889,128,1017
https://kawalpemilu.org#-991304,"Taipei, Taipei, Taiwan, Luar Negeri",1010,1129,171,1300
https://kawalpemilu.org#-991304,"Taipei, Taipei, Taiwan, Luar Negeri",1011,971,134,1105
https://kawalpemilu.org#-991304,"Taipei, Taipei, Taiwan, Luar Negeri",1012,1022,141,1163
https://kawalpemilu.org#-991304,"Taipei, Taipei, Taiwan, Luar Negeri",1013,999,118,1117
https://kawalpemilu.org#-991304,"Taipei, Taipei, Taiwan, Luar Negeri",1014,933,122,1055
https://kawalpemilu.org#-991304,"Taipei, Taipei, Taiwan, Luar Negeri",1015,920,120,1040
https://kawalpemilu.org#-991304,"Taipei, Taipei, Taiwan, Luar Negeri",1016,1064,142,1206
https://kawalpemilu.org#-991304,"Taipei, Taipei, Taiwan, Luar Negeri",1017,1106,171,1277
https://kawalpemilu.org#-991304,"Taipei, Taipei, Taiwan, Luar Negeri",1018,1137,140,1277
https://kawalpemilu.org#-991304,"Taipei, Taipei, Taiwan, Luar Negeri",1019,1183,199,1382
https://kawalpemilu.org#-991304,"Taipei, Taipei, Taiwan, Luar Negeri",1020,1204,172,1376
https://kawalpemilu.org#-991304,"Taipei, Taipei, Taiwan, Luar Negeri",1021,1217,176,1393
https://kawalpemilu.org#-991304,"Taipei, Taipei, Taiwan, Luar Negeri",1022,1113,154,1267
https://kawalpemilu.org#-991304,"Taipei, Taipei, Taiwan, Luar Negeri",1023,1568,208,1776
https://kawalpemilu.org#-991304,"Taipei, Taipei, Taiwan, Luar Negeri",1024,1168,175,1343
https://kawalpemilu.org#-991304,"Taipei, Taipei, Taiwan, Luar Negeri",1025,1067,128,1195
https://kawalpemilu.org#-991304,"Taipei, Taipei, Taiwan, Luar Negeri",1026,1107,142,1249
https://kawalpemilu.org#-991304,"Taipei, Taipei, Taiwan, Luar Negeri",1027,1143,162,1305
https://kawalpemilu.org#-991304,"Taipei, Taipei, Taiwan, Luar Negeri",1028,1043,154,1197
https://kawalpemilu.org#-991304,"Taipei, Taipei, Taiwan, Luar Negeri",1029,937,122,1059
https://kawalpemilu.org#-991304,"Taipei, Taipei, Taiwan, Luar Negeri",1030,1329,200,1529
https://kawalpemilu.org#-991304,"Taipei, Taipei, Taiwan, Luar Negeri",1031,1162,198,1360
https://kawalpemilu.org#-991304,"Taipei, Taipei, Taiwan, Luar Negeri",1032,1107,168,1275
https://kawalpemilu.org#-991304,"Taipei, Taipei, Taiwan, Luar Negeri",1033,1221,197,1418
https://kawalpemilu.org#-991304,"Taipei, Taipei, Taiwan, Luar Negeri",1034,1121,173,1294
https://kawalpemilu.org#-991304,"Taipei, Taipei, Taiwan, Luar Negeri",1035,1354,246,1600
https://kawalpemilu.org#-991304,"Taipei, Taipei, Taiwan, Luar Negeri",1036,1147,154,1301
https://kawalpemilu.org#-991304,"Taipei, Taipei, Taiwan, Luar Negeri",1037,990,173,1163
https://kawalpemilu.org#-991304,"Taipei, Taipei, Taiwan, Luar Negeri",1038,955,147,1102
https://kawalpemilu.org#-991304,"Taipei, Taipei, Taiwan, Luar Negeri",1039,913,145,1058
https://kawalpemilu.org#-991304,"Taipei, Taipei, Taiwan, Luar Negeri",1040,1112,154,1266
https://kawalpemilu.org#-991304,"Taipei, Taipei, Taiwan, Luar Negeri",1041,1213,165,1378
https://kawalpemilu.org#-991304,"Taipei, Taipei, Taiwan, Luar Negeri",1042,1196,202,1398
https://kawalpemilu.org#-991304,"Taipei, Taipei, Taiwan, Luar Negeri",1043,1053,161,1214
https://kawalpemilu.org#-991304,"Taipei, Taipei, Taiwan, Luar Negeri",1044,1092,142,1234
https://kawalpemilu.org#-991304,"Taipei, Taipei, Taiwan, Luar Negeri",1045,1205,356,1561
https://kawalpemilu.org#-991304,"Taipei, Taipei, Taiwan, Luar Negeri",1046,944,131,1075
https://kawalpemilu.org#-991304,"Taipei, Taipei, Taiwan, Luar Negeri",1047,966,113,1079
https://kawalpemilu.org#-991304,"Taipei, Taipei, Taiwan, Luar Negeri",1048,965,132,1097
https://kawalpemilu.org#-991304,"Taipei, Taipei, Taiwan, Luar Negeri",1049,1065,1065,2130
https://kawalpemilu.org#-991304,"Taipei, Taipei, Taiwan, Luar Negeri",1050,1158,177,1335
https://kawalpemilu.org#-991304,"Taipei, Taipei, Taiwan, Luar Negeri",1051,1111,188,1299
https://kawalpemilu.org#-991304,"Taipei, Taipei, Taiwan, Luar Negeri",1052,930,173,1103
https://kawalpemilu.org#-991304,"Taipei, Taipei, Taiwan, Luar Negeri",1053,1070,159,1229
https://kawalpemilu.org#-991304,"Taipei, Taipei, Taiwan, Luar Negeri",1054,1006,125,1131
https://kawalpemilu.org#-991304,"Taipei, Taipei, Taiwan, Luar Negeri",1055,954,167,1121
https://kawalpemilu.org#-991304,"Taipei, Taipei, Taiwan, Luar Negeri",1056,978,134,1112
https://kawalpemilu.org#-991304,"Taipei, Taipei, Taiwan, Luar Negeri",1057,760,102,862
https://kawalpemilu.org#-991304,"Taipei, Taipei, Taiwan, Luar Negeri",1058,630,66,696
https://kawalpemilu.org#-991304,"Taipei, Taipei, Taiwan, Luar Negeri",1,508,108,616
https://kawalpemilu.org#-991304,"Taipei, Taipei, Taiwan, Luar Negeri",2,401,87,488
https://kawalpemilu.org#-991304,"Taipei, Taipei, Taiwan, Luar Negeri",3,390,86,476
https://kawalpemilu.org#-991304,"Taipei, Taipei, Taiwan, Luar Negeri",4,259,49,308
https://kawalpemilu.org#-991304,"Taipei, Taipei, Taiwan, Luar Negeri",5,242,27,269
https://kawalpemilu.org#-991304,"Taipei, Taipei, Taiwan, Luar Negeri",6,333,44,377
https://kawalpemilu.org#-991304,"Taipei, Taipei, Taiwan, Luar Negeri",7,324,62,386
https://kawalpemilu.org#-991304,"Taipei, Taipei, Taiwan, Luar Negeri",8,164,29,193
https://kawalpemilu.org#-991304,"Taipei, Taipei, Taiwan, Luar Negeri",9,345,83,428
https://kawalpemilu.org#-991304,"Taipei, Taipei, Taiwan, Luar Negeri",10,349,127,476
https://kawalpemilu.org#-991304,"Taipei, Taipei, Taiwan, Luar Negeri",11,109,34,143
https://kawalpemilu.org#-991304,"Taipei, Taipei, Taiwan, Luar Negeri",13,395,117,512
https://kawalpemilu.org#-991304,"Taipei, Taipei, Taiwan, Luar Negeri",14,115,19,134
https://kawalpemilu.org#-991304,"Taipei, Taipei, Taiwan, Luar Negeri",15,348,98,446
https://kawalpemilu.org#-991304,"Taipei, Taipei, Taiwan, Luar Negeri",16,100,26,126
https://kawalpemilu.org#-991304,"Taipei, Taipei, Taiwan, Luar Negeri",17,509,78,587
https://kawalpemilu.org#-991304,"Taipei, Taipei, Taiwan, Luar Negeri",18,218,79,297
https://kawalpemilu.org#-991304,"Taipei, Taipei, Taiwan, Luar Negeri",19,308,72,380
https://kawalpemilu.org#-991304,"Taipei, Taipei, Taiwan, Luar Negeri",20,122,30,152
https://kawalpemilu.org#-991304,"Taipei, Taipei, Taiwan, Luar Negeri",21,176,22,198
https://kawalpemilu.org#-991304,"Taipei, Taipei, Taiwan, Luar Negeri",22,87,27,114
https://kawalpemilu.org#-991304,"Taipei, Taipei, Taiwan, Luar Negeri",23,146,38,184
https://kawalpemilu.org#-991304,"Taipei, Taipei, Taiwan, Luar Negeri",24,110,29,139
https://kawalpemilu.org#-991304,"Taipei, Taipei, Taiwan, Luar Negeri",25,188,52,240
https://kawalpemilu.org#-991304,"Taipei, Taipei, Taiwan, Luar Negeri",26,114,17,131
https://kawalpemilu.org#-991304,"Taipei, Taipei, Taiwan, Luar Negeri",27,219,47,266
https://kawalpemilu.org#-991304,"Taipei, Taipei, Taiwan, Luar Negeri",28,95,12,107
https://kawalpemilu.org#-991304,"Taipei, Taipei, Taiwan, Luar Negeri",29,333,69,402
https://kawalpemilu.org#-991304,"Taipei, Taipei, Taiwan, Luar Negeri",30,187,42,229
https://kawalpemilu.org#-991304,"Taipei, Taipei, Taiwan, Luar Negeri",31,350,67,417
https://kawalpemilu.org#-991304,"Taipei, Taipei, Taiwan, Luar Negeri",32,372,49,421
https://kawalpemilu.org#-991304,"Taipei, Taipei, Taiwan, Luar Negeri",33,255,43,298
https://kawalpemilu.org#-991304,"Taipei, Taipei, Taiwan, Luar Negeri",34,554,103,657
https://kawalpemilu.org#-991304,"Taipei, Taipei, Taiwan, Luar Negeri",2001,359,49,408
https://kawalpemilu.org#-991304,"Taipei, Taipei, Taiwan, Luar Negeri",2002,125,17,142
https://kawalpemilu.org#-991304,"Taipei, Taipei, Taiwan, Luar Negeri",2003,63,6,69
https://kawalpemilu.org#-991304,"Taipei, Taipei, Taiwan, Luar Negeri",2004,132,18,150
https://kawalpemilu.org#-991274,"Songkhla, Songkhla, Thailand, Luar Negeri",1001,51,25,76
https://kawalpemilu.org#-991274,"Songkhla, Songkhla, Thailand, Luar Negeri",1,81,77,158
https://kawalpemilu.org#-991274,"Songkhla, Songkhla, Thailand, Luar Negeri",2001,20,40,60
https://kawalpemilu.org#-990134,"Bangkok, Bangkok, Thailand, Luar Negeri",1001,263,63,326
https://kawalpemilu.org#-990134,"Bangkok, Bangkok, Thailand, Luar Negeri",1,365,157,522
https://kawalpemilu.org#-990134,"Bangkok, Bangkok, Thailand, Luar Negeri",2,390,98,488
https://kawalpemilu.org#-990134,"Bangkok, Bangkok, Thailand, Luar Negeri",2001,14,4,18
https://kawalpemilu.org#-990344,"Dili, Dili, Timor Leste, Luar Negeri",1,285,78,363
https://kawalpemilu.org#-990344,"Dili, Dili, Timor Leste, Luar Negeri",2,332,67,399
https://kawalpemilu.org#-990344,"Dili, Dili, Timor Leste, Luar Negeri",4,360,64,424
https://kawalpemilu.org#-990344,"Dili, Dili, Timor Leste, Luar Negeri",5,336,84,420
https://kawalpemilu.org#-990344,"Dili, Dili, Timor Leste, Luar Negeri",2001,40,2,42
https://kawalpemilu.org#-990344,"Dili, Dili, Timor Leste, Luar Negeri",2002,76,17,93
https://kawalpemilu.org#-990344,"Dili, Dili, Timor Leste, Luar Negeri",2003,38,7,45
https://kawalpemilu.org#-990344,"Dili, Dili, Timor Leste, Luar Negeri",2004,43,9,52
https://kawalpemilu.org#-990344,"Dili, Dili, Timor Leste, Luar Negeri",2005,54,10,64
https://kawalpemilu.org#-990344,"Dili, Dili, Timor Leste, Luar Negeri",2006,42,1,43
https://kawalpemilu.org#-991014,"Guangzhou, Guangzhou, Tiongkok, Luar Negeri",1001,329,23,352
https://kawalpemilu.org#-991014,"Guangzhou, Guangzhou, Tiongkok, Luar Negeri",1,443,28,471
https://kawalpemilu.org#-991014,"Guangzhou, Guangzhou, Tiongkok, Luar Negeri",2,600,41,641
https://kawalpemilu.org#-991014,"Guangzhou, Guangzhou, Tiongkok, Luar Negeri",2001,329,23,352
https://kawalpemilu.org#-991014,"Guangzhou, Guangzhou, Tiongkok, Luar Negeri",2002,92,17,109
https://kawalpemilu.org#-991014,"Guangzhou, Guangzhou, Tiongkok, Luar Negeri",2003,27,16,43
https://kawalpemilu.org#-991014,"Guangzhou, Guangzhou, Tiongkok, Luar Negeri",2004,110,10,120
https://kawalpemilu.org#-990864,"Tunis, Tunis, Tunisia, Luar Negeri",1001,0,2,2
https://kawalpemilu.org#-990864,"Tunis, Tunis, Tunisia, Luar Negeri",1,66,64,130
https://kawalpemilu.org#-990064,"Ankara, Ankara, Turki, Luar Negeri",1001,199,389,588
https://kawalpemilu.org#-990064,"Ankara, Ankara, Turki, Luar Negeri",1,79,164,243
https://kawalpemilu.org#-991064,"Istanbul, Istanbul, Turki, Luar Negeri",1001,59,134,193
https://kawalpemilu.org#-991064,"Istanbul, Istanbul, Turki, Luar Negeri",1,201,325,526
https://kawalpemilu.org#-991064,"Istanbul, Istanbul, Turki, Luar Negeri",2001,21,109,130
https://kawalpemilu.org#-990444,"Kiev, Kiev, Ukrania, Luar Negeri",1001,16,0,16
https://kawalpemilu.org#-990444,"Kiev, Kiev, Ukrania, Luar Negeri",1,26,8,34
https://kawalpemilu.org#-990994,"Dubai, Dubai, Uni Emirat Arab, Luar Negeri",1,186,133,319
https://kawalpemilu.org#-990994,"Dubai, Dubai, Uni Emirat Arab, Luar Negeri",2,105,63,168
https://kawalpemilu.org#-990994,"Dubai, Dubai, Uni Emirat Arab, Luar Negeri",3,183,113,296
https://kawalpemilu.org#-990994,"Dubai, Dubai, Uni Emirat Arab, Luar Negeri",4,202,138,340
https://kawalpemilu.org#-990994,"Dubai, Dubai, Uni Emirat Arab, Luar Negeri",5,249,179,428
https://kawalpemilu.org#-990994,"Dubai, Dubai, Uni Emirat Arab, Luar Negeri",6,155,102,257
https://kawalpemilu.org#-990994,"Dubai, Dubai, Uni Emirat Arab, Luar Negeri",7,171,121,292
https://kawalpemilu.org#-990994,"Dubai, Dubai, Uni Emirat Arab, Luar Negeri",8,204,147,351
https://kawalpemilu.org#-990994,"Dubai, Dubai, Uni Emirat Arab, Luar Negeri",2001,88,41,129
https://kawalpemilu.org#-990994,"Dubai, Dubai, Uni Emirat Arab, Luar Negeri",2002,105,63,168
https://kawalpemilu.org#-990014,"Abu Dhabi, Abu Dhabi, Uni Emirat Arab, Luar Negeri",1,115,154,269
https://kawalpemilu.org#-990014,"Abu Dhabi, Abu Dhabi, Uni Emirat Arab, Luar Negeri",2,90,102,192
https://kawalpemilu.org#-990014,"Abu Dhabi, Abu Dhabi, Uni Emirat Arab, Luar Negeri",3,101,101,202
https://kawalpemilu.org#-990014,"Abu Dhabi, Abu Dhabi, Uni Emirat Arab, Luar Negeri",4,92,106,198
https://kawalpemilu.org#-990014,"Abu Dhabi, Abu Dhabi, Uni Emirat Arab, Luar Negeri",5,123,137,260
https://kawalpemilu.org#-990014,"Abu Dhabi, Abu Dhabi, Uni Emirat Arab, Luar Negeri",6,125,126,251
https://kawalpemilu.org#-990014,"Abu Dhabi, Abu Dhabi, Uni Emirat Arab, Luar Negeri",7,114,120,234
https://kawalpemilu.org#-990014,"Abu Dhabi, Abu Dhabi, Uni Emirat Arab, Luar Negeri",8,92,123,215
https://kawalpemilu.org#-990014,"Abu Dhabi, Abu Dhabi, Uni Emirat Arab, Luar Negeri",1001,54,120,174
https://kawalpemilu.org#-990014,"Abu Dhabi, Abu Dhabi, Uni Emirat Arab, Luar Negeri",2001,53,214,267
https://kawalpemilu.org#-990014,"Abu Dhabi, Abu Dhabi, Uni Emirat Arab, Luar Negeri",2002,70,199,269
https://kawalpemilu.org#-990014,"Abu Dhabi, Abu Dhabi, Uni Emirat Arab, Luar Negeri",2003,95,143,238
https://kawalpemilu.org#-990824,"Tashkent, Tashkent, Uzbekistan, Luar Negeri",1001,23,6,29
https://kawalpemilu.org#-990824,"Tashkent, Tashkent, Uzbekistan, Luar Negeri",1,28,12,40
https://kawalpemilu.org#-990874,"Vatikan, Vatikan, Vatikan, Luar Negeri",1001,451,3,454
https://kawalpemilu.org#-990874,"Vatikan, Vatikan, Vatikan, Luar Negeri",1,392,4,396
https://kawalpemilu.org#-990874,"Vatikan, Vatikan, Vatikan, Luar Negeri",2,329,5,334
https://kawalpemilu.org#-990364,"Hanoi, Hanoi, Vietnam, Luar Negeri",1001,24,3,27
https://kawalpemilu.org#-990364,"Hanoi, Hanoi, Vietnam, Luar Negeri",1,137,60,197
https://kawalpemilu.org#-991034,"Ho Chi Minh City, Ho Chi Minh City, Vietnam, Luar Negeri",1001,5,0,5
https://kawalpemilu.org#-991034,"Ho Chi Minh City, Ho Chi Minh City, Vietnam, Luar Negeri",1,322,111,433
https://kawalpemilu.org#-990744,"Sana'a, Sana'a, Yaman, Luar Negeri",1001,1,51,52
https://kawalpemilu.org#-990744,"Sana'a, Sana'a, Yaman, Luar Negeri",1,73,651,724
https://kawalpemilu.org#-990744,"Sana'a, Sana'a, Yaman, Luar Negeri",2,17,491,508
https://kawalpemilu.org#-990744,"Sana'a, Sana'a, Yaman, Luar Negeri",3,60,436,496
https://kawalpemilu.org#-990744,"Sana'a, Sana'a, Yaman, Luar Negeri",2001,10,63,73
https://kawalpemilu.org#-990054,"Amman, Amman, Yordania, Luar Negeri",1,94,147,241
https://kawalpemilu.org#-990054,"Amman, Amman, Yordania, Luar Negeri",2,81,148,229
https://kawalpemilu.org#-990054,"Amman, Amman, Yordania, Luar Negeri",1001,4,5,9
https://kawalpemilu.org#-990054,"Amman, Amman, Yordania, Luar Negeri",2001,37,15,52
https://kawalpemilu.org#-990094,"Athena, Athena, Yunani, Luar Negeri",1001,17,4,21
https://kawalpemilu.org#-990094,"Athena, Athena, Yunani, Luar Negeri",1,248,57,305
https://kawalpemilu.org#-990094,"Athena, Athena, Yunani, Luar Negeri",2,250,55,305
https://kawalpemilu.org#-990094,"Athena, Athena, Yunani, Luar Negeri",2001,19,4,23
https://kawalpemilu.org#-990094,"Athena, Athena, Yunani, Luar Negeri",2002,14,1,15
https://kawalpemilu.org#-990374,"Harare, Harare, Zimbabwe, Luar Negeri",1,27,5,32
https://kawalpemilu.org#-990374,"Harare, Harare, Zimbabwe, Luar Negeri",3,58,19,77
