Link KawalPemilu,Nama Kelurahan,Nomor TPS,Suara 01,Suara 02,Suara Sah
https://kawalpemilu.org#77088,"GOTALAMO, MOROTAI SELATAN, PULAU MOROTAI, MALUKU UTARA",1,28,147,175
https://kawalpemilu.org#77088,"GOTALAMO, MOROTAI SELATAN, PULAU MOROTAI, MALUKU UTARA",2,44,163,207
https://kawalpemilu.org#77088,"GOTALAMO, MOROTAI SELATAN, PULAU MOROTAI, MALUKU UTARA",3,31,146,177
https://kawalpemilu.org#77088,"GOTALAMO, MOROTAI SELATAN, PULAU MOROTAI, MALUKU UTARA",4,51,165,216
https://kawalpemilu.org#77088,"GOTALAMO, MOROTAI SELATAN, PULAU MOROTAI, MALUKU UTARA",5,58,158,216
https://kawalpemilu.org#77088,"GOTALAMO, MOROTAI SELATAN, PULAU MOROTAI, MALUKU UTARA",6,21,144,165
https://kawalpemilu.org#77088,"GOTALAMO, MOROTAI SELATAN, PULAU MOROTAI, MALUKU UTARA",7,43,136,179
https://kawalpemilu.org#77088,"GOTALAMO, MOROTAI SELATAN, PULAU MOROTAI, MALUKU UTARA",8,39,162,201
https://kawalpemilu.org#77089,"DARUBA, MOROTAI SELATAN, PULAU MOROTAI, MALUKU UTARA",1,49,172,221
https://kawalpemilu.org#77089,"DARUBA, MOROTAI SELATAN, PULAU MOROTAI, MALUKU UTARA",2,46,179,225
https://kawalpemilu.org#77089,"DARUBA, MOROTAI SELATAN, PULAU MOROTAI, MALUKU UTARA",3,35,198,233
https://kawalpemilu.org#77089,"DARUBA, MOROTAI SELATAN, PULAU MOROTAI, MALUKU UTARA",4,22,173,195
https://kawalpemilu.org#77089,"DARUBA, MOROTAI SELATAN, PULAU MOROTAI, MALUKU UTARA",5,35,153,188
https://kawalpemilu.org#77089,"DARUBA, MOROTAI SELATAN, PULAU MOROTAI, MALUKU UTARA",6,51,164,215
https://kawalpemilu.org#77089,"DARUBA, MOROTAI SELATAN, PULAU MOROTAI, MALUKU UTARA",7,53,110,163
https://kawalpemilu.org#77090,"DARAME, MOROTAI SELATAN, PULAU MOROTAI, MALUKU UTARA",1,109,73,182
https://kawalpemilu.org#77090,"DARAME, MOROTAI SELATAN, PULAU MOROTAI, MALUKU UTARA",2,100,56,156
https://kawalpemilu.org#77090,"DARAME, MOROTAI SELATAN, PULAU MOROTAI, MALUKU UTARA",3,118,68,186
https://kawalpemilu.org#77090,"DARAME, MOROTAI SELATAN, PULAU MOROTAI, MALUKU UTARA",4,72,98,170
https://kawalpemilu.org#77090,"DARAME, MOROTAI SELATAN, PULAU MOROTAI, MALUKU UTARA",5,126,42,168
https://kawalpemilu.org#77090,"DARAME, MOROTAI SELATAN, PULAU MOROTAI, MALUKU UTARA",6,145,50,195
https://kawalpemilu.org#77091,"WAWAMA, MOROTAI SELATAN, PULAU MOROTAI, MALUKU UTARA",1,89,157,246
https://kawalpemilu.org#77091,"WAWAMA, MOROTAI SELATAN, PULAU MOROTAI, MALUKU UTARA",2,66,167,233
https://kawalpemilu.org#77091,"WAWAMA, MOROTAI SELATAN, PULAU MOROTAI, MALUKU UTARA",3,83,149,232
https://kawalpemilu.org#77091,"WAWAMA, MOROTAI SELATAN, PULAU MOROTAI, MALUKU UTARA",4,70,173,243
https://kawalpemilu.org#77092,"PANDANGA, MOROTAI SELATAN, PULAU MOROTAI, MALUKU UTARA",1,69,158,227
https://kawalpemilu.org#77092,"PANDANGA, MOROTAI SELATAN, PULAU MOROTAI, MALUKU UTARA",2,63,166,229
https://kawalpemilu.org#77092,"PANDANGA, MOROTAI SELATAN, PULAU MOROTAI, MALUKU UTARA",3,73,147,220
https://kawalpemilu.org#77093,"JUANGA, MOROTAI SELATAN, PULAU MOROTAI, MALUKU UTARA",1,60,228,288
https://kawalpemilu.org#77093,"JUANGA, MOROTAI SELATAN, PULAU MOROTAI, MALUKU UTARA",2,62,200,262
https://kawalpemilu.org#77094,"TOTODOKU, MOROTAI SELATAN, PULAU MOROTAI, MALUKU UTARA",1,59,172,231
https://kawalpemilu.org#77094,"TOTODOKU, MOROTAI SELATAN, PULAU MOROTAI, MALUKU UTARA",2,36,197,233
https://kawalpemilu.org#77095,"MOMOJIU, MOROTAI SELATAN, PULAU MOROTAI, MALUKU UTARA",1,56,125,181
https://kawalpemilu.org#77095,"MOMOJIU, MOROTAI SELATAN, PULAU MOROTAI, MALUKU UTARA",2,55,105,160
https://kawalpemilu.org#77096,"SABATAI BARU, MOROTAI SELATAN, PULAU MOROTAI, MALUKU UTARA",1,238,21,259
https://kawalpemilu.org#77096,"SABATAI BARU, MOROTAI SELATAN, PULAU MOROTAI, MALUKU UTARA",2,222,21,243
https://kawalpemilu.org#77097,"SABATAI TUA, MOROTAI SELATAN, PULAU MOROTAI, MALUKU UTARA",1,50,192,242
https://kawalpemilu.org#77098,"DAEO, MOROTAI SELATAN, PULAU MOROTAI, MALUKU UTARA",1,76,183,259
https://kawalpemilu.org#77098,"DAEO, MOROTAI SELATAN, PULAU MOROTAI, MALUKU UTARA",2,96,146,242
https://kawalpemilu.org#77098,"DAEO, MOROTAI SELATAN, PULAU MOROTAI, MALUKU UTARA",3,63,181,244
https://kawalpemilu.org#77099,"DEHEGILA, MOROTAI SELATAN, PULAU MOROTAI, MALUKU UTARA",1,51,134,185
https://kawalpemilu.org#77099,"DEHEGILA, MOROTAI SELATAN, PULAU MOROTAI, MALUKU UTARA",2,56,30,86
https://kawalpemilu.org#77099,"DEHEGILA, MOROTAI SELATAN, PULAU MOROTAI, MALUKU UTARA",3,33,120,153
https://kawalpemilu.org#77100,"PILOWO, MOROTAI SELATAN, PULAU MOROTAI, MALUKU UTARA",1,86,74,160
https://kawalpemilu.org#77100,"PILOWO, MOROTAI SELATAN, PULAU MOROTAI, MALUKU UTARA",2,167,9,176
https://kawalpemilu.org#77101,"GALO-GALO, MOROTAI SELATAN, PULAU MOROTAI, MALUKU UTARA",1,45,138,183
https://kawalpemilu.org#77101,"GALO-GALO, MOROTAI SELATAN, PULAU MOROTAI, MALUKU UTARA",2,46,110,156
https://kawalpemilu.org#77102,"KOLORAY, MOROTAI SELATAN, PULAU MOROTAI, MALUKU UTARA",1,31,158,189
https://kawalpemilu.org#77102,"KOLORAY, MOROTAI SELATAN, PULAU MOROTAI, MALUKU UTARA",2,33,120,153
https://kawalpemilu.org#77103,"YAYASAN, MOROTAI SELATAN, PULAU MOROTAI, MALUKU UTARA",1,66,130,196
https://kawalpemilu.org#77103,"YAYASAN, MOROTAI SELATAN, PULAU MOROTAI, MALUKU UTARA",2,52,119,171
https://kawalpemilu.org#77103,"YAYASAN, MOROTAI SELATAN, PULAU MOROTAI, MALUKU UTARA",3,43,125,168
https://kawalpemilu.org#77103,"YAYASAN, MOROTAI SELATAN, PULAU MOROTAI, MALUKU UTARA",4,51,116,167
https://kawalpemilu.org#77104,"JOUBELA, MOROTAI SELATAN, PULAU MOROTAI, MALUKU UTARA",1,55,147,202
https://kawalpemilu.org#77104,"JOUBELA, MOROTAI SELATAN, PULAU MOROTAI, MALUKU UTARA",2,61,125,186
https://kawalpemilu.org#77104,"JOUBELA, MOROTAI SELATAN, PULAU MOROTAI, MALUKU UTARA",3,42,144,186
https://kawalpemilu.org#77105,"AHA, MOROTAI SELATAN, PULAU MOROTAI, MALUKU UTARA",1,134,105,239
https://kawalpemilu.org#77106,"MUHAJIRIN, MOROTAI SELATAN, PULAU MOROTAI, MALUKU UTARA",1,42,105,147
https://kawalpemilu.org#77106,"MUHAJIRIN, MOROTAI SELATAN, PULAU MOROTAI, MALUKU UTARA",2,23,106,129
https://kawalpemilu.org#77106,"MUHAJIRIN, MOROTAI SELATAN, PULAU MOROTAI, MALUKU UTARA",3,27,120,147
https://kawalpemilu.org#77106,"MUHAJIRIN, MOROTAI SELATAN, PULAU MOROTAI, MALUKU UTARA",4,26,136,162
https://kawalpemilu.org#77107,"MANDIRI, MOROTAI SELATAN, PULAU MOROTAI, MALUKU UTARA",1,58,92,150
https://kawalpemilu.org#87942,"FALILA, MOROTAI SELATAN, PULAU MOROTAI, MALUKU UTARA",1,157,5,162
https://kawalpemilu.org#87943,"SABALA, MOROTAI SELATAN, PULAU MOROTAI, MALUKU UTARA",1,20,112,132
https://kawalpemilu.org#87943,"SABALA, MOROTAI SELATAN, PULAU MOROTAI, MALUKU UTARA",2,20,117,137
https://kawalpemilu.org#87944,"DAEO MAJIKO, MOROTAI SELATAN, PULAU MOROTAI, MALUKU UTARA",1,57,163,220
https://kawalpemilu.org#87944,"DAEO MAJIKO, MOROTAI SELATAN, PULAU MOROTAI, MALUKU UTARA",2,139,66,205
https://kawalpemilu.org#87944,"DAEO MAJIKO, MOROTAI SELATAN, PULAU MOROTAI, MALUKU UTARA",3,55,127,182
https://kawalpemilu.org#87945,"MORODADI, MOROTAI SELATAN, PULAU MOROTAI, MALUKU UTARA",1,80,119,199
https://kawalpemilu.org#87945,"MORODADI, MOROTAI SELATAN, PULAU MOROTAI, MALUKU UTARA",2,71,134,205
https://kawalpemilu.org#87946,"NAKAMURA, MOROTAI SELATAN, PULAU MOROTAI, MALUKU UTARA",1,89,59,148
https://kawalpemilu.org#87946,"NAKAMURA, MOROTAI SELATAN, PULAU MOROTAI, MALUKU UTARA",2,80,73,153
https://kawalpemilu.org#77109,"WAYABULA, MOROTAI SELATAN BARAT, PULAU MOROTAI, MALUKU UTARA",1,28,157,185
https://kawalpemilu.org#77109,"WAYABULA, MOROTAI SELATAN BARAT, PULAU MOROTAI, MALUKU UTARA",3,57,126,183
https://kawalpemilu.org#77110,"TILEY, MOROTAI SELATAN BARAT, PULAU MOROTAI, MALUKU UTARA",1,25,174,199
https://kawalpemilu.org#77110,"TILEY, MOROTAI SELATAN BARAT, PULAU MOROTAI, MALUKU UTARA",2,68,143,211
https://kawalpemilu.org#77111,"NGELE-NGELE KECIL, MOROTAI SELATAN BARAT, PULAU MOROTAI, MALUKU UTARA",1,94,143,237
https://kawalpemilu.org#77112,"CUCUMARE, MOROTAI SELATAN BARAT, PULAU MOROTAI, MALUKU UTARA",1,54,160,214
https://kawalpemilu.org#77112,"CUCUMARE, MOROTAI SELATAN BARAT, PULAU MOROTAI, MALUKU UTARA",2,62,168,230
https://kawalpemilu.org#77113,"ARU IRIAN, MOROTAI SELATAN BARAT, PULAU MOROTAI, MALUKU UTARA",1,174,3,177
https://kawalpemilu.org#77114,"WARINGIN, MOROTAI SELATAN BARAT, PULAU MOROTAI, MALUKU UTARA",1,94,113,207
https://kawalpemilu.org#77114,"WARINGIN, MOROTAI SELATAN BARAT, PULAU MOROTAI, MALUKU UTARA",2,196,9,205
https://kawalpemilu.org#77115,"TUTUHU, MOROTAI SELATAN BARAT, PULAU MOROTAI, MALUKU UTARA",1,196,8,204
https://kawalpemilu.org#77115,"TUTUHU, MOROTAI SELATAN BARAT, PULAU MOROTAI, MALUKU UTARA",2,147,9,156
https://kawalpemilu.org#77115,"TUTUHU, MOROTAI SELATAN BARAT, PULAU MOROTAI, MALUKU UTARA",3,159,3,162
https://kawalpemilu.org#77116,"CIO GERONG, MOROTAI SELATAN BARAT, PULAU MOROTAI, MALUKU UTARA",1,175,11,186
https://kawalpemilu.org#77116,"CIO GERONG, MOROTAI SELATAN BARAT, PULAU MOROTAI, MALUKU UTARA",2,163,5,168
https://kawalpemilu.org#77117,"POSI-POSI, MOROTAI SELATAN BARAT, PULAU MOROTAI, MALUKU UTARA",1,257,8,265
https://kawalpemilu.org#77117,"POSI-POSI, MOROTAI SELATAN BARAT, PULAU MOROTAI, MALUKU UTARA",2,253,3,256
https://kawalpemilu.org#77117,"POSI-POSI, MOROTAI SELATAN BARAT, PULAU MOROTAI, MALUKU UTARA",3,239,7,246
https://kawalpemilu.org#77118,"ARU BURUNG, MOROTAI SELATAN BARAT, PULAU MOROTAI, MALUKU UTARA",1,184,2,186
https://kawalpemilu.org#77118,"ARU BURUNG, MOROTAI SELATAN BARAT, PULAU MOROTAI, MALUKU UTARA",2,179,8,187
https://kawalpemilu.org#77119,"LOU MADORO, MOROTAI SELATAN BARAT, PULAU MOROTAI, MALUKU UTARA",1,164,3,167
https://kawalpemilu.org#77119,"LOU MADORO, MOROTAI SELATAN BARAT, PULAU MOROTAI, MALUKU UTARA",2,176,3,179
https://kawalpemilu.org#77119,"LOU MADORO, MOROTAI SELATAN BARAT, PULAU MOROTAI, MALUKU UTARA",3,171,1,172
https://kawalpemilu.org#77120,"LEO-LEO, MOROTAI SELATAN BARAT, PULAU MOROTAI, MALUKU UTARA",1,192,1,193
https://kawalpemilu.org#77120,"LEO-LEO, MOROTAI SELATAN BARAT, PULAU MOROTAI, MALUKU UTARA",2,184,1,185
https://kawalpemilu.org#77120,"LEO-LEO, MOROTAI SELATAN BARAT, PULAU MOROTAI, MALUKU UTARA",3,215,1,216
https://kawalpemilu.org#77120,"LEO-LEO, MOROTAI SELATAN BARAT, PULAU MOROTAI, MALUKU UTARA",4,189,0,189
https://kawalpemilu.org#77120,"LEO-LEO, MOROTAI SELATAN BARAT, PULAU MOROTAI, MALUKU UTARA",5,155,0,155
https://kawalpemilu.org#77121,"SAMI NYAMAU, MOROTAI SELATAN BARAT, PULAU MOROTAI, MALUKU UTARA",1,177,1,178
https://kawalpemilu.org#77121,"SAMI NYAMAU, MOROTAI SELATAN BARAT, PULAU MOROTAI, MALUKU UTARA",2,170,0,170
https://kawalpemilu.org#77122,"NGELE-NGELE BESAR, MOROTAI SELATAN BARAT, PULAU MOROTAI, MALUKU UTARA",1,20,147,167
https://kawalpemilu.org#77123,"RAJA, MOROTAI SELATAN BARAT, PULAU MOROTAI, MALUKU UTARA",1,210,2,212
https://kawalpemilu.org#77123,"RAJA, MOROTAI SELATAN BARAT, PULAU MOROTAI, MALUKU UTARA",2,207,1,208
https://kawalpemilu.org#77124,"CIO DALAM, MOROTAI SELATAN BARAT, PULAU MOROTAI, MALUKU UTARA",1,216,8,224
https://kawalpemilu.org#77125,"USBAR PANTAI, MOROTAI SELATAN BARAT, PULAU MOROTAI, MALUKU UTARA",1,26,157,183
https://kawalpemilu.org#87299,"TILEY PANTAI, MOROTAI SELATAN BARAT, PULAU MOROTAI, MALUKU UTARA",1,141,4,145
https://kawalpemilu.org#87299,"TILEY PANTAI, MOROTAI SELATAN BARAT, PULAU MOROTAI, MALUKU UTARA",2,147,4,151
https://kawalpemilu.org#87301,"CIO MALOLEO, MOROTAI SELATAN BARAT, PULAU MOROTAI, MALUKU UTARA",1,141,6,147
https://kawalpemilu.org#87301,"CIO MALOLEO, MOROTAI SELATAN BARAT, PULAU MOROTAI, MALUKU UTARA",2,119,22,141
https://kawalpemilu.org#87302,"BOBULA, MOROTAI SELATAN BARAT, PULAU MOROTAI, MALUKU UTARA",1,41,101,142
https://kawalpemilu.org#87302,"BOBULA, MOROTAI SELATAN BARAT, PULAU MOROTAI, MALUKU UTARA",2,78,50,128
https://kawalpemilu.org#77127,"PANGEO, MOROTAI JAYA, PULAU MOROTAI, MALUKU UTARA",1,85,158,243
https://kawalpemilu.org#77127,"PANGEO, MOROTAI JAYA, PULAU MOROTAI, MALUKU UTARA",2,70,174,244
https://kawalpemilu.org#77128,"SOPI, MOROTAI JAYA, PULAU MOROTAI, MALUKU UTARA",1,80,118,198
https://kawalpemilu.org#77128,"SOPI, MOROTAI JAYA, PULAU MOROTAI, MALUKU UTARA",2,74,129,203
https://kawalpemilu.org#77128,"SOPI, MOROTAI JAYA, PULAU MOROTAI, MALUKU UTARA",3,35,150,185
https://kawalpemilu.org#77129,"BERE BERE KECIL, MOROTAI JAYA, PULAU MOROTAI, MALUKU UTARA",1,189,6,195
https://kawalpemilu.org#77129,"BERE BERE KECIL, MOROTAI JAYA, PULAU MOROTAI, MALUKU UTARA",2,168,9,177
https://kawalpemilu.org#77130,"TITIGOGOLI, MOROTAI JAYA, PULAU MOROTAI, MALUKU UTARA",1,240,24,264
https://kawalpemilu.org#77131,"HAPO, MOROTAI JAYA, PULAU MOROTAI, MALUKU UTARA",1,27,106,133
https://kawalpemilu.org#77131,"HAPO, MOROTAI JAYA, PULAU MOROTAI, MALUKU UTARA",2,15,132,147
https://kawalpemilu.org#77132,"LIBANO, MOROTAI JAYA, PULAU MOROTAI, MALUKU UTARA",1,121,10,131
https://kawalpemilu.org#77132,"LIBANO, MOROTAI JAYA, PULAU MOROTAI, MALUKU UTARA",2,117,12,129
https://kawalpemilu.org#77133,"ARU, MOROTAI JAYA, PULAU MOROTAI, MALUKU UTARA",1,126,9,135
https://kawalpemilu.org#77133,"ARU, MOROTAI JAYA, PULAU MOROTAI, MALUKU UTARA",2,123,9,132
https://kawalpemilu.org#77134,"TOWARA, MOROTAI JAYA, PULAU MOROTAI, MALUKU UTARA",1,61,129,190
https://kawalpemilu.org#77134,"TOWARA, MOROTAI JAYA, PULAU MOROTAI, MALUKU UTARA",2,209,1,210
https://kawalpemilu.org#77135,"CENDANA, MOROTAI JAYA, PULAU MOROTAI, MALUKU UTARA",1,195,5,200
https://kawalpemilu.org#77135,"CENDANA, MOROTAI JAYA, PULAU MOROTAI, MALUKU UTARA",2,167,3,170
https://kawalpemilu.org#87933,"SOPI MAJIKO, MOROTAI JAYA, PULAU MOROTAI, MALUKU UTARA",1,200,7,207
https://kawalpemilu.org#87933,"SOPI MAJIKO, MOROTAI JAYA, PULAU MOROTAI, MALUKU UTARA",2,178,4,182
https://kawalpemilu.org#87933,"SOPI MAJIKO, MOROTAI JAYA, PULAU MOROTAI, MALUKU UTARA",3,229,9,238
https://kawalpemilu.org#87933,"SOPI MAJIKO, MOROTAI JAYA, PULAU MOROTAI, MALUKU UTARA",4,176,33,209
https://kawalpemilu.org#87933,"SOPI MAJIKO, MOROTAI JAYA, PULAU MOROTAI, MALUKU UTARA",5,168,13,181
https://kawalpemilu.org#87934,"GORUGO, MOROTAI JAYA, PULAU MOROTAI, MALUKU UTARA",1,130,3,133
https://kawalpemilu.org#87934,"GORUGO, MOROTAI JAYA, PULAU MOROTAI, MALUKU UTARA",2,127,3,130
https://kawalpemilu.org#87936,"LOLEO, MOROTAI JAYA, PULAU MOROTAI, MALUKU UTARA",1,133,106,239
https://kawalpemilu.org#87936,"LOLEO, MOROTAI JAYA, PULAU MOROTAI, MALUKU UTARA",2,84,124,208
https://kawalpemilu.org#87939,"CEMPAKA, MOROTAI JAYA, PULAU MOROTAI, MALUKU UTARA",1,172,10,182
https://kawalpemilu.org#87941,"PODIMOR PADANGE, MOROTAI JAYA, PULAU MOROTAI, MALUKU UTARA",1,79,2,81
https://kawalpemilu.org#77137,"BERE-BERE, MOROTAI UTARA, PULAU MOROTAI, MALUKU UTARA",1,47,145,192
https://kawalpemilu.org#77137,"BERE-BERE, MOROTAI UTARA, PULAU MOROTAI, MALUKU UTARA",2,45,156,201
https://kawalpemilu.org#77138,"SAKITA, MOROTAI UTARA, PULAU MOROTAI, MALUKU UTARA",1,161,24,185
https://kawalpemilu.org#77138,"SAKITA, MOROTAI UTARA, PULAU MOROTAI, MALUKU UTARA",2,186,4,190
https://kawalpemilu.org#77138,"SAKITA, MOROTAI UTARA, PULAU MOROTAI, MALUKU UTARA",3,183,14,197
https://kawalpemilu.org#77139,"TAWAKALI, MOROTAI UTARA, PULAU MOROTAI, MALUKU UTARA",1,199,1,200
https://kawalpemilu.org#77139,"TAWAKALI, MOROTAI UTARA, PULAU MOROTAI, MALUKU UTARA",2,180,4,184
https://kawalpemilu.org#77140,"YAO, MOROTAI UTARA, PULAU MOROTAI, MALUKU UTARA",1,170,14,184
https://kawalpemilu.org#77140,"YAO, MOROTAI UTARA, PULAU MOROTAI, MALUKU UTARA",2,173,4,177
https://kawalpemilu.org#77140,"YAO, MOROTAI UTARA, PULAU MOROTAI, MALUKU UTARA",3,181,5,186
https://kawalpemilu.org#77141,"BIDO, MOROTAI UTARA, PULAU MOROTAI, MALUKU UTARA",1,190,15,205
https://kawalpemilu.org#77141,"BIDO, MOROTAI UTARA, PULAU MOROTAI, MALUKU UTARA",2,186,19,205
https://kawalpemilu.org#77141,"BIDO, MOROTAI UTARA, PULAU MOROTAI, MALUKU UTARA",3,176,10,186
https://kawalpemilu.org#77142,"GORUA, MOROTAI UTARA, PULAU MOROTAI, MALUKU UTARA",1,71,120,191
https://kawalpemilu.org#77142,"GORUA, MOROTAI UTARA, PULAU MOROTAI, MALUKU UTARA",2,66,141,207
https://kawalpemilu.org#77143,"KORAGO, MOROTAI UTARA, PULAU MOROTAI, MALUKU UTARA",1,160,19,179
https://kawalpemilu.org#77143,"KORAGO, MOROTAI UTARA, PULAU MOROTAI, MALUKU UTARA",2,157,22,179
https://kawalpemilu.org#77143,"KORAGO, MOROTAI UTARA, PULAU MOROTAI, MALUKU UTARA",3,165,13,178
https://kawalpemilu.org#77144,"LUSUO, MOROTAI UTARA, PULAU MOROTAI, MALUKU UTARA",1,24,174,198
https://kawalpemilu.org#77144,"LUSUO, MOROTAI UTARA, PULAU MOROTAI, MALUKU UTARA",2,73,102,175
https://kawalpemilu.org#77144,"LUSUO, MOROTAI UTARA, PULAU MOROTAI, MALUKU UTARA",3,11,163,174
https://kawalpemilu.org#77144,"LUSUO, MOROTAI UTARA, PULAU MOROTAI, MALUKU UTARA",4,27,167,194
https://kawalpemilu.org#77145,"KENARI, MOROTAI UTARA, PULAU MOROTAI, MALUKU UTARA",1,42,145,187
https://kawalpemilu.org#77145,"KENARI, MOROTAI UTARA, PULAU MOROTAI, MALUKU UTARA",3,62,130,192
https://kawalpemilu.org#87356,"LOLEO JAYA, MOROTAI UTARA, PULAU MOROTAI, MALUKU UTARA",1,158,9,167
https://kawalpemilu.org#87356,"LOLEO JAYA, MOROTAI UTARA, PULAU MOROTAI, MALUKU UTARA",2,162,9,171
https://kawalpemilu.org#87356,"LOLEO JAYA, MOROTAI UTARA, PULAU MOROTAI, MALUKU UTARA",3,167,4,171
https://kawalpemilu.org#87926,"MABA, MOROTAI UTARA, PULAU MOROTAI, MALUKU UTARA",1,19,147,166
https://kawalpemilu.org#87926,"MABA, MOROTAI UTARA, PULAU MOROTAI, MALUKU UTARA",2,21,144,165
https://kawalpemilu.org#87927,"TANJUNG SALEH, MOROTAI UTARA, PULAU MOROTAI, MALUKU UTARA",1,23,164,187
https://kawalpemilu.org#87927,"TANJUNG SALEH, MOROTAI UTARA, PULAU MOROTAI, MALUKU UTARA",2,37,161,198
https://kawalpemilu.org#87928,"GOA HIRA, MOROTAI UTARA, PULAU MOROTAI, MALUKU UTARA",1,11,121,132
https://kawalpemilu.org#87928,"GOA HIRA, MOROTAI UTARA, PULAU MOROTAI, MALUKU UTARA",2,27,83,110
https://kawalpemilu.org#87931,"GORUA SELATAN, MOROTAI UTARA, PULAU MOROTAI, MALUKU UTARA",1,97,72,169
https://kawalpemilu.org#87931,"GORUA SELATAN, MOROTAI UTARA, PULAU MOROTAI, MALUKU UTARA",2,69,89,158
https://kawalpemilu.org#77147,"BUHO-BUHO, MOROTAI TIMUR, PULAU MOROTAI, MALUKU UTARA",1,209,2,211
https://kawalpemilu.org#77147,"BUHO-BUHO, MOROTAI TIMUR, PULAU MOROTAI, MALUKU UTARA",2,195,0,195
https://kawalpemilu.org#77148,"WEWEMO, MOROTAI TIMUR, PULAU MOROTAI, MALUKU UTARA",1,18,139,157
https://kawalpemilu.org#77148,"WEWEMO, MOROTAI TIMUR, PULAU MOROTAI, MALUKU UTARA",2,12,139,151
https://kawalpemilu.org#77149,"MIRA, MOROTAI TIMUR, PULAU MOROTAI, MALUKU UTARA",1,86,173,259
https://kawalpemilu.org#77149,"MIRA, MOROTAI TIMUR, PULAU MOROTAI, MALUKU UTARA",2,40,213,253
https://kawalpemilu.org#77150,"LIFAO, MOROTAI TIMUR, PULAU MOROTAI, MALUKU UTARA",1,143,2,145
https://kawalpemilu.org#77151,"RAHMAT, MOROTAI TIMUR, PULAU MOROTAI, MALUKU UTARA",1,34,177,211
https://kawalpemilu.org#77151,"RAHMAT, MOROTAI TIMUR, PULAU MOROTAI, MALUKU UTARA",2,45,153,198
https://kawalpemilu.org#77152,"SAMBIKI TUA, MOROTAI TIMUR, PULAU MOROTAI, MALUKU UTARA",1,35,140,175
https://kawalpemilu.org#77152,"SAMBIKI TUA, MOROTAI TIMUR, PULAU MOROTAI, MALUKU UTARA",2,53,99,152
https://kawalpemilu.org#77153,"SANGOWO, MOROTAI TIMUR, PULAU MOROTAI, MALUKU UTARA",1,115,112,227
https://kawalpemilu.org#77153,"SANGOWO, MOROTAI TIMUR, PULAU MOROTAI, MALUKU UTARA",2,63,152,215
https://kawalpemilu.org#77154,"SAMBIKI BARU, MOROTAI TIMUR, PULAU MOROTAI, MALUKU UTARA",1,182,20,202
https://kawalpemilu.org#77154,"SAMBIKI BARU, MOROTAI TIMUR, PULAU MOROTAI, MALUKU UTARA",2,203,11,214
https://kawalpemilu.org#77154,"SAMBIKI BARU, MOROTAI TIMUR, PULAU MOROTAI, MALUKU UTARA",3,180,13,193
https://kawalpemilu.org#87919,"SANGOWO BARAT, MOROTAI TIMUR, PULAU MOROTAI, MALUKU UTARA",1,32,191,223
https://kawalpemilu.org#87919,"SANGOWO BARAT, MOROTAI TIMUR, PULAU MOROTAI, MALUKU UTARA",2,23,183,206
https://kawalpemilu.org#87919,"SANGOWO BARAT, MOROTAI TIMUR, PULAU MOROTAI, MALUKU UTARA",3,20,196,216
https://kawalpemilu.org#87920,"SANGOWO TIMUR, MOROTAI TIMUR, PULAU MOROTAI, MALUKU UTARA",1,55,235,290
https://kawalpemilu.org#87920,"SANGOWO TIMUR, MOROTAI TIMUR, PULAU MOROTAI, MALUKU UTARA",2,44,224,271
https://kawalpemilu.org#87920,"SANGOWO TIMUR, MOROTAI TIMUR, PULAU MOROTAI, MALUKU UTARA",3,21,224,245
https://kawalpemilu.org#87921,"SESELI JAYA, MOROTAI TIMUR, PULAU MOROTAI, MALUKU UTARA",1,195,11,206
https://kawalpemilu.org#87921,"SESELI JAYA, MOROTAI TIMUR, PULAU MOROTAI, MALUKU UTARA",2,190,3,193
https://kawalpemilu.org#87922,"HINO, MOROTAI TIMUR, PULAU MOROTAI, MALUKU UTARA",1,148,1,149
https://kawalpemilu.org#87922,"HINO, MOROTAI TIMUR, PULAU MOROTAI, MALUKU UTARA",2,154,3,157
https://kawalpemilu.org#87923,"GOSOMA MALUKU, MOROTAI TIMUR, PULAU MOROTAI, MALUKU UTARA",1,28,112,140
https://kawalpemilu.org#87923,"GOSOMA MALUKU, MOROTAI TIMUR, PULAU MOROTAI, MALUKU UTARA",2,110,20,130
https://kawalpemilu.org#87924,"GAMLAMO, MOROTAI TIMUR, PULAU MOROTAI, MALUKU UTARA",1,41,109,150
https://kawalpemilu.org#87924,"GAMLAMO, MOROTAI TIMUR, PULAU MOROTAI, MALUKU UTARA",2,30,116,146
https://kawalpemilu.org#87925,"DOKU MIRA, MOROTAI TIMUR, PULAU MOROTAI, MALUKU UTARA",1,23,113,136
https://kawalpemilu.org#87925,"DOKU MIRA, MOROTAI TIMUR, PULAU MOROTAI, MALUKU UTARA",2,38,94,132
https://kawalpemilu.org#77157,"GUFASA, JAILOLO, HALMAHERA BARAT, MALUKU UTARA",1,36,93,129
https://kawalpemilu.org#77157,"GUFASA, JAILOLO, HALMAHERA BARAT, MALUKU UTARA",2,43,87,130
https://kawalpemilu.org#77157,"GUFASA, JAILOLO, HALMAHERA BARAT, MALUKU UTARA",3,58,90,148
https://kawalpemilu.org#77157,"GUFASA, JAILOLO, HALMAHERA BARAT, MALUKU UTARA",4,60,111,171
https://kawalpemilu.org#77158,"GUAIMAADU, JAILOLO, HALMAHERA BARAT, MALUKU UTARA",1,35,111,146
https://kawalpemilu.org#77158,"GUAIMAADU, JAILOLO, HALMAHERA BARAT, MALUKU UTARA",2,40,151,191
https://kawalpemilu.org#77158,"GUAIMAADU, JAILOLO, HALMAHERA BARAT, MALUKU UTARA",3,41,129,170
https://kawalpemilu.org#77158,"GUAIMAADU, JAILOLO, HALMAHERA BARAT, MALUKU UTARA",4,47,162,209
https://kawalpemilu.org#77158,"GUAIMAADU, JAILOLO, HALMAHERA BARAT, MALUKU UTARA",5,45,148,193
https://kawalpemilu.org#77158,"GUAIMAADU, JAILOLO, HALMAHERA BARAT, MALUKU UTARA",6,49,104,153
https://kawalpemilu.org#77159,"JALAN BARU, JAILOLO, HALMAHERA BARAT, MALUKU UTARA",1,45,185,230
https://kawalpemilu.org#77159,"JALAN BARU, JAILOLO, HALMAHERA BARAT, MALUKU UTARA",2,50,213,263
https://kawalpemilu.org#77159,"JALAN BARU, JAILOLO, HALMAHERA BARAT, MALUKU UTARA",3,51,146,197
https://kawalpemilu.org#77159,"JALAN BARU, JAILOLO, HALMAHERA BARAT, MALUKU UTARA",4,26,88,114
https://kawalpemilu.org#77159,"JALAN BARU, JAILOLO, HALMAHERA BARAT, MALUKU UTARA",5,39,88,127
https://kawalpemilu.org#77159,"JALAN BARU, JAILOLO, HALMAHERA BARAT, MALUKU UTARA",6,26,118,144
https://kawalpemilu.org#77160,"GAM LAMO, JAILOLO, HALMAHERA BARAT, MALUKU UTARA",1,31,122,153
https://kawalpemilu.org#77160,"GAM LAMO, JAILOLO, HALMAHERA BARAT, MALUKU UTARA",2,15,109,124
https://kawalpemilu.org#77160,"GAM LAMO, JAILOLO, HALMAHERA BARAT, MALUKU UTARA",3,18,133,151
https://kawalpemilu.org#77160,"GAM LAMO, JAILOLO, HALMAHERA BARAT, MALUKU UTARA",4,28,117,145
https://kawalpemilu.org#77160,"GAM LAMO, JAILOLO, HALMAHERA BARAT, MALUKU UTARA",5,19,125,144
https://kawalpemilu.org#77161,"SOAKONORA, JAILOLO, HALMAHERA BARAT, MALUKU UTARA",1,133,20,153
https://kawalpemilu.org#77161,"SOAKONORA, JAILOLO, HALMAHERA BARAT, MALUKU UTARA",2,47,139,186
https://kawalpemilu.org#77161,"SOAKONORA, JAILOLO, HALMAHERA BARAT, MALUKU UTARA",3,150,19,169
https://kawalpemilu.org#77161,"SOAKONORA, JAILOLO, HALMAHERA BARAT, MALUKU UTARA",4,127,10,137
https://kawalpemilu.org#77161,"SOAKONORA, JAILOLO, HALMAHERA BARAT, MALUKU UTARA",5,69,139,208
https://kawalpemilu.org#77161,"SOAKONORA, JAILOLO, HALMAHERA BARAT, MALUKU UTARA",6,162,7,169
https://kawalpemilu.org#77162,"GALALA, JAILOLO, HALMAHERA BARAT, MALUKU UTARA",1,35,190,225
https://kawalpemilu.org#77162,"GALALA, JAILOLO, HALMAHERA BARAT, MALUKU UTARA",2,53,181,234
https://kawalpemilu.org#77162,"GALALA, JAILOLO, HALMAHERA BARAT, MALUKU UTARA",3,60,175,235
https://kawalpemilu.org#77162,"GALALA, JAILOLO, HALMAHERA BARAT, MALUKU UTARA",4,55,86,141
https://kawalpemilu.org#77163,"BOBANEHENA, JAILOLO, HALMAHERA BARAT, MALUKU UTARA",1,130,130,260
https://kawalpemilu.org#77163,"BOBANEHENA, JAILOLO, HALMAHERA BARAT, MALUKU UTARA",2,87,122,209
https://kawalpemilu.org#77163,"BOBANEHENA, JAILOLO, HALMAHERA BARAT, MALUKU UTARA",3,51,76,127
https://kawalpemilu.org#77163,"BOBANEHENA, JAILOLO, HALMAHERA BARAT, MALUKU UTARA",4,71,48,119
https://kawalpemilu.org#77163,"BOBANEHENA, JAILOLO, HALMAHERA BARAT, MALUKU UTARA",5,71,113,184
https://kawalpemilu.org#77163,"BOBANEHENA, JAILOLO, HALMAHERA BARAT, MALUKU UTARA",6,74,81,155
https://kawalpemilu.org#77164,"PAYO, JAILOLO, HALMAHERA BARAT, MALUKU UTARA",1,16,146,162
https://kawalpemilu.org#77164,"PAYO, JAILOLO, HALMAHERA BARAT, MALUKU UTARA",2,29,144,173
https://kawalpemilu.org#77164,"PAYO, JAILOLO, HALMAHERA BARAT, MALUKU UTARA",3,11,142,153
https://kawalpemilu.org#77165,"BOBO, JAILOLO, HALMAHERA BARAT, MALUKU UTARA",1,49,194,243
https://kawalpemilu.org#77165,"BOBO, JAILOLO, HALMAHERA BARAT, MALUKU UTARA",2,26,234,260
https://kawalpemilu.org#77166,"SARIA, JAILOLO, HALMAHERA BARAT, MALUKU UTARA",1,27,167,194
https://kawalpemilu.org#77166,"SARIA, JAILOLO, HALMAHERA BARAT, MALUKU UTARA",2,37,169,206
https://kawalpemilu.org#77167,"IDAM DEHE, JAILOLO, HALMAHERA BARAT, MALUKU UTARA",1,195,4,199
https://kawalpemilu.org#77168,"IDAMDEHE GAMSUNGI, JAILOLO, HALMAHERA BARAT, MALUKU UTARA",1,146,7,153
https://kawalpemilu.org#77168,"IDAMDEHE GAMSUNGI, JAILOLO, HALMAHERA BARAT, MALUKU UTARA",2,121,2,123
https://kawalpemilu.org#77169,"MARMABATI, JAILOLO, HALMAHERA BARAT, MALUKU UTARA",1,90,126,216
https://kawalpemilu.org#77170,"GAMTALA, JAILOLO, HALMAHERA BARAT, MALUKU UTARA",1,228,4,232
https://kawalpemilu.org#77170,"GAMTALA, JAILOLO, HALMAHERA BARAT, MALUKU UTARA",2,219,3,222
https://kawalpemilu.org#77171,"LOLORY, JAILOLO, HALMAHERA BARAT, MALUKU UTARA",1,185,12,197
https://kawalpemilu.org#77171,"LOLORY, JAILOLO, HALMAHERA BARAT, MALUKU UTARA",2,185,19,204
https://kawalpemilu.org#77172,"TOBOSO, JAILOLO, HALMAHERA BARAT, MALUKU UTARA",1,199,6,205
https://kawalpemilu.org#77172,"TOBOSO, JAILOLO, HALMAHERA BARAT, MALUKU UTARA",2,199,7,206
https://kawalpemilu.org#77173,"HOKU-HOKU KIE, JAILOLO, HALMAHERA BARAT, MALUKU UTARA",1,154,25,179
https://kawalpemilu.org#77173,"HOKU-HOKU KIE, JAILOLO, HALMAHERA BARAT, MALUKU UTARA",2,162,9,171
https://kawalpemilu.org#77173,"HOKU-HOKU KIE, JAILOLO, HALMAHERA BARAT, MALUKU UTARA",3,152,3,155
https://kawalpemilu.org#77174,"ACANGO, JAILOLO, HALMAHERA BARAT, MALUKU UTARA",1,112,71,183
https://kawalpemilu.org#77174,"ACANGO, JAILOLO, HALMAHERA BARAT, MALUKU UTARA",2,64,120,184
https://kawalpemilu.org#77175,"TEDENG, JAILOLO, HALMAHERA BARAT, MALUKU UTARA",1,127,11,138
https://kawalpemilu.org#77175,"TEDENG, JAILOLO, HALMAHERA BARAT, MALUKU UTARA",2,146,18,164
https://kawalpemilu.org#77175,"TEDENG, JAILOLO, HALMAHERA BARAT, MALUKU UTARA",3,127,15,142
https://kawalpemilu.org#77175,"TEDENG, JAILOLO, HALMAHERA BARAT, MALUKU UTARA",4,161,11,172
https://kawalpemilu.org#77175,"TEDENG, JAILOLO, HALMAHERA BARAT, MALUKU UTARA",5,189,19,208
https://kawalpemilu.org#77175,"TEDENG, JAILOLO, HALMAHERA BARAT, MALUKU UTARA",6,177,6,183
https://kawalpemilu.org#77175,"TEDENG, JAILOLO, HALMAHERA BARAT, MALUKU UTARA",7,103,7,110
https://kawalpemilu.org#77175,"TEDENG, JAILOLO, HALMAHERA BARAT, MALUKU UTARA",8,106,6,112
https://kawalpemilu.org#77176,"AKEDIRI, JAILOLO, HALMAHERA BARAT, MALUKU UTARA",1,157,22,179
https://kawalpemilu.org#77176,"AKEDIRI, JAILOLO, HALMAHERA BARAT, MALUKU UTARA",2,100,75,175
https://kawalpemilu.org#77176,"AKEDIRI, JAILOLO, HALMAHERA BARAT, MALUKU UTARA",3,106,68,174
https://kawalpemilu.org#77176,"AKEDIRI, JAILOLO, HALMAHERA BARAT, MALUKU UTARA",4,96,35,131
https://kawalpemilu.org#77176,"AKEDIRI, JAILOLO, HALMAHERA BARAT, MALUKU UTARA",5,61,97,158
https://kawalpemilu.org#77176,"AKEDIRI, JAILOLO, HALMAHERA BARAT, MALUKU UTARA",6,16,141,157
https://kawalpemilu.org#77177,"PORNITY, JAILOLO, HALMAHERA BARAT, MALUKU UTARA",1,179,24,203
https://kawalpemilu.org#77177,"PORNITY, JAILOLO, HALMAHERA BARAT, MALUKU UTARA",2,164,13,177
https://kawalpemilu.org#77177,"PORNITY, JAILOLO, HALMAHERA BARAT, MALUKU UTARA",3,148,10,158
https://kawalpemilu.org#77177,"PORNITY, JAILOLO, HALMAHERA BARAT, MALUKU UTARA",4,140,33,173
https://kawalpemilu.org#77178,"BUKU MATITI, JAILOLO, HALMAHERA BARAT, MALUKU UTARA",1,249,7,256
https://kawalpemilu.org#77178,"BUKU MATITI, JAILOLO, HALMAHERA BARAT, MALUKU UTARA",2,207,18,225
https://kawalpemilu.org#77178,"BUKU MATITI, JAILOLO, HALMAHERA BARAT, MALUKU UTARA",3,211,13,224
https://kawalpemilu.org#77179,"TODOWONGI, JAILOLO, HALMAHERA BARAT, MALUKU UTARA",1,136,7,143
https://kawalpemilu.org#77179,"TODOWONGI, JAILOLO, HALMAHERA BARAT, MALUKU UTARA",2,201,6,207
https://kawalpemilu.org#77179,"TODOWONGI, JAILOLO, HALMAHERA BARAT, MALUKU UTARA",3,153,5,158
https://kawalpemilu.org#77180,"TUADA, JAILOLO, HALMAHERA BARAT, MALUKU UTARA",1,64,138,202
https://kawalpemilu.org#77180,"TUADA, JAILOLO, HALMAHERA BARAT, MALUKU UTARA",2,46,105,151
https://kawalpemilu.org#77180,"TUADA, JAILOLO, HALMAHERA BARAT, MALUKU UTARA",3,31,90,121
https://kawalpemilu.org#77181,"MATUI, JAILOLO, HALMAHERA BARAT, MALUKU UTARA",1,53,204,257
https://kawalpemilu.org#77182,"BUKU BUALAWA, JAILOLO, HALMAHERA BARAT, MALUKU UTARA",1,78,72,151
https://kawalpemilu.org#77182,"BUKU BUALAWA, JAILOLO, HALMAHERA BARAT, MALUKU UTARA",2,56,81,137
https://kawalpemilu.org#77183,"TAURO, JAILOLO, HALMAHERA BARAT, MALUKU UTARA",1,78,64,142
https://kawalpemilu.org#77183,"TAURO, JAILOLO, HALMAHERA BARAT, MALUKU UTARA",2,73,170,243
https://kawalpemilu.org#77183,"TAURO, JAILOLO, HALMAHERA BARAT, MALUKU UTARA",3,110,2,112
https://kawalpemilu.org#77183,"TAURO, JAILOLO, HALMAHERA BARAT, MALUKU UTARA",4,195,10,205
https://kawalpemilu.org#77184,"HATE BICARA, JAILOLO, HALMAHERA BARAT, MALUKU UTARA",1,59,95,154
https://kawalpemilu.org#77184,"HATE BICARA, JAILOLO, HALMAHERA BARAT, MALUKU UTARA",2,41,143,184
https://kawalpemilu.org#77184,"HATE BICARA, JAILOLO, HALMAHERA BARAT, MALUKU UTARA",3,37,101,138
https://kawalpemilu.org#77184,"HATE BICARA, JAILOLO, HALMAHERA BARAT, MALUKU UTARA",4,44,127,171
https://kawalpemilu.org#77185,"GUARIA, JAILOLO, HALMAHERA BARAT, MALUKU UTARA",1,201,1,202
https://kawalpemilu.org#928844,"PATENG, JAILOLO, HALMAHERA BARAT, MALUKU UTARA",1,0,0,0
https://kawalpemilu.org#928844,"PATENG, JAILOLO, HALMAHERA BARAT, MALUKU UTARA",2,33,199,232
https://kawalpemilu.org#928844,"PATENG, JAILOLO, HALMAHERA BARAT, MALUKU UTARA",3,22,123,145
https://kawalpemilu.org#928845,"BOBO JIKO, JAILOLO, HALMAHERA BARAT, MALUKU UTARA",1,30,146,176
https://kawalpemilu.org#928845,"BOBO JIKO, JAILOLO, HALMAHERA BARAT, MALUKU UTARA",2,29,154,183
https://kawalpemilu.org#928846,"ULO, JAILOLO, HALMAHERA BARAT, MALUKU UTARA",1,169,14,183
https://kawalpemilu.org#928847,"KURIPASAI, JAILOLO, HALMAHERA BARAT, MALUKU UTARA",1,122,82,204
https://kawalpemilu.org#928847,"KURIPASAI, JAILOLO, HALMAHERA BARAT, MALUKU UTARA",2,173,21,194
https://kawalpemilu.org#928848,"BUKU MAADU, JAILOLO, HALMAHERA BARAT, MALUKU UTARA",1,115,17,132
https://kawalpemilu.org#928848,"BUKU MAADU, JAILOLO, HALMAHERA BARAT, MALUKU UTARA",2,85,48,133
https://kawalpemilu.org#77187,"KEDI, LOLODA, HALMAHERA BARAT, MALUKU UTARA",1,189,3,192
https://kawalpemilu.org#77187,"KEDI, LOLODA, HALMAHERA BARAT, MALUKU UTARA",2,171,8,179
https://kawalpemilu.org#77187,"KEDI, LOLODA, HALMAHERA BARAT, MALUKU UTARA",3,173,18,191
https://kawalpemilu.org#77188,"SOASIO, LOLODA, HALMAHERA BARAT, MALUKU UTARA",1,57,70,127
https://kawalpemilu.org#77188,"SOASIO, LOLODA, HALMAHERA BARAT, MALUKU UTARA",2,59,66,125
https://kawalpemilu.org#77189,"TOTALA, LOLODA, HALMAHERA BARAT, MALUKU UTARA",1,197,8,205
https://kawalpemilu.org#77190,"TOLOFUO, LOLODA, HALMAHERA BARAT, MALUKU UTARA",1,51,136,187
https://kawalpemilu.org#77190,"TOLOFUO, LOLODA, HALMAHERA BARAT, MALUKU UTARA",2,34,140,174
https://kawalpemilu.org#77191,"TUGUIS, LOLODA, HALMAHERA BARAT, MALUKU UTARA",1,176,18,194
https://kawalpemilu.org#77191,"TUGUIS, LOLODA, HALMAHERA BARAT, MALUKU UTARA",2,210,33,243
https://kawalpemilu.org#77192,"TASYE, LOLODA, HALMAHERA BARAT, MALUKU UTARA",1,202,3,205
https://kawalpemilu.org#77193,"LABA BESAR, LOLODA, HALMAHERA BARAT, MALUKU UTARA",1,148,29,177
https://kawalpemilu.org#77193,"LABA BESAR, LOLODA, HALMAHERA BARAT, MALUKU UTARA",2,104,25,129
https://kawalpemilu.org#77194,"LABA KECIL, LOLODA, HALMAHERA BARAT, MALUKU UTARA",1,108,11,119
https://kawalpemilu.org#77195,"JANO, LOLODA, HALMAHERA BARAT, MALUKU UTARA",1,174,13,187
https://kawalpemilu.org#77195,"JANO, LOLODA, HALMAHERA BARAT, MALUKU UTARA",2,83,11,94
https://kawalpemilu.org#77196,"BAKUN, LOLODA, HALMAHERA BARAT, MALUKU UTARA",1,162,5,167
https://kawalpemilu.org#77197,"BUO, LOLODA, HALMAHERA BARAT, MALUKU UTARA",1,216,67,283
https://kawalpemilu.org#77197,"BUO, LOLODA, HALMAHERA BARAT, MALUKU UTARA",2,174,20,194
https://kawalpemilu.org#77197,"BUO, LOLODA, HALMAHERA BARAT, MALUKU UTARA",3,141,18,159
https://kawalpemilu.org#77198,"BAKUN PANTE, LOLODA, HALMAHERA BARAT, MALUKU UTARA",1,116,40,156
https://kawalpemilu.org#77198,"BAKUN PANTE, LOLODA, HALMAHERA BARAT, MALUKU UTARA",2,130,14,144
https://kawalpemilu.org#77199,"BARATAKU, LOLODA, HALMAHERA BARAT, MALUKU UTARA",1,152,4,156
https://kawalpemilu.org#77199,"BARATAKU, LOLODA, HALMAHERA BARAT, MALUKU UTARA",2,143,2,145
https://kawalpemilu.org#77200,"GAM KAHE, LOLODA, HALMAHERA BARAT, MALUKU UTARA",1,169,26,195
https://kawalpemilu.org#77201,"PUMA DADAR, LOLODA, HALMAHERA BARAT, MALUKU UTARA",1,180,7,187
https://kawalpemilu.org#77201,"PUMA DADAR, LOLODA, HALMAHERA BARAT, MALUKU UTARA",2,154,7,161
https://kawalpemilu.org#77202,"BAJA, LOLODA, HALMAHERA BARAT, MALUKU UTARA",1,99,98,197
https://kawalpemilu.org#77202,"BAJA, LOLODA, HALMAHERA BARAT, MALUKU UTARA",2,128,3,131
https://kawalpemilu.org#77202,"BAJA, LOLODA, HALMAHERA BARAT, MALUKU UTARA",3,138,2,140
https://kawalpemilu.org#77203,"KAHATOLA, LOLODA, HALMAHERA BARAT, MALUKU UTARA",1,20,111,131
https://kawalpemilu.org#77203,"KAHATOLA, LOLODA, HALMAHERA BARAT, MALUKU UTARA",2,25,109,134
https://kawalpemilu.org#77204,"JANGE LILI, LOLODA, HALMAHERA BARAT, MALUKU UTARA",1,109,3,112
https://kawalpemilu.org#77206,"BOSALA, LOLODA, HALMAHERA BARAT, MALUKU UTARA",1,123,25,148
https://kawalpemilu.org#77206,"BOSALA, LOLODA, HALMAHERA BARAT, MALUKU UTARA",2,120,3,123
https://kawalpemilu.org#77207,"SALU, LOLODA, HALMAHERA BARAT, MALUKU UTARA",1,148,13,161
https://kawalpemilu.org#77208,"TOSOMOLO, LOLODA, HALMAHERA BARAT, MALUKU UTARA",1,128,28,156
https://kawalpemilu.org#928849,"BANTOLI, LOLODA, HALMAHERA BARAT, MALUKU UTARA",1,108,2,110
https://kawalpemilu.org#928850,"LINGGUA, LOLODA, HALMAHERA BARAT, MALUKU UTARA",1,99,4,103
https://kawalpemilu.org#928851,"TOMODO, LOLODA, HALMAHERA BARAT, MALUKU UTARA",1,177,10,187
https://kawalpemilu.org#928852,"TOTALA JAYA, LOLODA, HALMAHERA BARAT, MALUKU UTARA",1,131,12,143
https://kawalpemilu.org#928853,"BILOTE, LOLODA, HALMAHERA BARAT, MALUKU UTARA",1,57,16,73
https://kawalpemilu.org#928854,"ARUKU, LOLODA, HALMAHERA BARAT, MALUKU UTARA",1,93,0,93
https://kawalpemilu.org#77210,"TOGOLA WAYOLI, IBU, HALMAHERA BARAT, MALUKU UTARA",1,106,34,140
https://kawalpemilu.org#77210,"TOGOLA WAYOLI, IBU, HALMAHERA BARAT, MALUKU UTARA",2,107,20,127
https://kawalpemilu.org#77211,"TOGOLA SANGIR, IBU, HALMAHERA BARAT, MALUKU UTARA",1,202,25,227
https://kawalpemilu.org#77211,"TOGOLA SANGIR, IBU, HALMAHERA BARAT, MALUKU UTARA",2,200,35,235
https://kawalpemilu.org#77212,"TAHAFO, IBU, HALMAHERA BARAT, MALUKU UTARA",1,64,81,145
https://kawalpemilu.org#77212,"TAHAFO, IBU, HALMAHERA BARAT, MALUKU UTARA",2,64,81,145
https://kawalpemilu.org#77213,"TONGUTE TERNATE, IBU, HALMAHERA BARAT, MALUKU UTARA",1,37,139,176
https://kawalpemilu.org#77213,"TONGUTE TERNATE, IBU, HALMAHERA BARAT, MALUKU UTARA",2,29,79,108
https://kawalpemilu.org#77213,"TONGUTE TERNATE, IBU, HALMAHERA BARAT, MALUKU UTARA",3,64,95,159
https://kawalpemilu.org#77213,"TONGUTE TERNATE, IBU, HALMAHERA BARAT, MALUKU UTARA",4,37,116,153
https://kawalpemilu.org#77214,"AKESIBU, IBU, HALMAHERA BARAT, MALUKU UTARA",1,175,33,208
https://kawalpemilu.org#77214,"AKESIBU, IBU, HALMAHERA BARAT, MALUKU UTARA",2,174,22,196
https://kawalpemilu.org#77215,"MARITANGO, IBU, HALMAHERA BARAT, MALUKU UTARA",1,135,9,144
https://kawalpemilu.org#77215,"MARITANGO, IBU, HALMAHERA BARAT, MALUKU UTARA",2,135,8,143
https://kawalpemilu.org#77216,"KIE ICI, IBU, HALMAHERA BARAT, MALUKU UTARA",1,157,19,176
https://kawalpemilu.org#77216,"KIE ICI, IBU, HALMAHERA BARAT, MALUKU UTARA",2,170,29,199
https://kawalpemilu.org#77216,"KIE ICI, IBU, HALMAHERA BARAT, MALUKU UTARA",3,172,13,185
https://kawalpemilu.org#77217,"TONGUTE GOIN, IBU, HALMAHERA BARAT, MALUKU UTARA",1,129,19,148
https://kawalpemilu.org#77217,"TONGUTE GOIN, IBU, HALMAHERA BARAT, MALUKU UTARA",2,173,15,188
https://kawalpemilu.org#77217,"TONGUTE GOIN, IBU, HALMAHERA BARAT, MALUKU UTARA",3,126,14,140
https://kawalpemilu.org#77218,"TUNGUTE SUNGI, IBU, HALMAHERA BARAT, MALUKU UTARA",1,115,13,128
https://kawalpemilu.org#77218,"TUNGUTE SUNGI, IBU, HALMAHERA BARAT, MALUKU UTARA",2,171,15,186
https://kawalpemilu.org#77219,"GAM ICI, IBU, HALMAHERA BARAT, MALUKU UTARA",1,18,214,232
https://kawalpemilu.org#77219,"GAM ICI, IBU, HALMAHERA BARAT, MALUKU UTARA",2,32,155,187
https://kawalpemilu.org#77220,"TOBAOL, IBU, HALMAHERA BARAT, MALUKU UTARA",1,138,3,141
https://kawalpemilu.org#77220,"TOBAOL, IBU, HALMAHERA BARAT, MALUKU UTARA",2,197,4,201
https://kawalpemilu.org#77221,"GAMLAMO, IBU, HALMAHERA BARAT, MALUKU UTARA",1,32,155,187
https://kawalpemilu.org#77222,"NAGA, IBU, HALMAHERA BARAT, MALUKU UTARA",1,149,36,185
https://kawalpemilu.org#77222,"NAGA, IBU, HALMAHERA BARAT, MALUKU UTARA",2,116,11,127
https://kawalpemilu.org#928855,"SOANA MASUNGI, IBU, HALMAHERA BARAT, MALUKU UTARA",1,138,13,151
https://kawalpemilu.org#928855,"SOANA MASUNGI, IBU, HALMAHERA BARAT, MALUKU UTARA",2,149,6,155
https://kawalpemilu.org#928856,"TONGUTE TERNATE SELATAN, IBU, HALMAHERA BARAT, MALUKU UTARA",1,91,103,194
https://kawalpemilu.org#928857,"AKE BOSO, IBU, HALMAHERA BARAT, MALUKU UTARA",1,210,25,235
https://kawalpemilu.org#928858,"KAMPUNG BARU, IBU, HALMAHERA BARAT, MALUKU UTARA",1,12,183,195
https://kawalpemilu.org#77224,"SUSUPU, SAHU, HALMAHERA BARAT, MALUKU UTARA",1,23,146,169
https://kawalpemilu.org#77224,"SUSUPU, SAHU, HALMAHERA BARAT, MALUKU UTARA",2,11,104,115
https://kawalpemilu.org#77224,"SUSUPU, SAHU, HALMAHERA BARAT, MALUKU UTARA",3,10,108,118
https://kawalpemilu.org#77224,"SUSUPU, SAHU, HALMAHERA BARAT, MALUKU UTARA",4,17,160,177
https://kawalpemilu.org#77225,"LAKO AKELAMO, SAHU, HALMAHERA BARAT, MALUKU UTARA",1,20,68,88
https://kawalpemilu.org#77225,"LAKO AKELAMO, SAHU, HALMAHERA BARAT, MALUKU UTARA",2,23,74,97
https://kawalpemilu.org#77226,"TARUBA, SAHU, HALMAHERA BARAT, MALUKU UTARA",1,44,163,207
https://kawalpemilu.org#77227,"TODAHE, SAHU, HALMAHERA BARAT, MALUKU UTARA",1,125,12,137
https://kawalpemilu.org#77227,"TODAHE, SAHU, HALMAHERA BARAT, MALUKU UTARA",2,142,8,150
https://kawalpemilu.org#77228,"PEOT, SAHU, HALMAHERA BARAT, MALUKU UTARA",1,70,116,186
https://kawalpemilu.org#77228,"PEOT, SAHU, HALMAHERA BARAT, MALUKU UTARA",2,154,52,206
https://kawalpemilu.org#77229,"SASUR, SAHU, HALMAHERA BARAT, MALUKU UTARA",1,248,1,249
https://kawalpemilu.org#77229,"SASUR, SAHU, HALMAHERA BARAT, MALUKU UTARA",2,143,4,147
https://kawalpemilu.org#77229,"SASUR, SAHU, HALMAHERA BARAT, MALUKU UTARA",3,142,1,143
https://kawalpemilu.org#77230,"GORO GORO, SAHU, HALMAHERA BARAT, MALUKU UTARA",1,207,5,212
https://kawalpemilu.org#77230,"GORO GORO, SAHU, HALMAHERA BARAT, MALUKU UTARA",2,231,2,233
https://kawalpemilu.org#77231,"TACIM, SAHU, HALMAHERA BARAT, MALUKU UTARA",1,31,149,180
https://kawalpemilu.org#77231,"TACIM, SAHU, HALMAHERA BARAT, MALUKU UTARA",2,38,138,173
https://kawalpemilu.org#77232,"BALISOANG, SAHU, HALMAHERA BARAT, MALUKU UTARA",1,213,3,216
https://kawalpemilu.org#77232,"BALISOANG, SAHU, HALMAHERA BARAT, MALUKU UTARA",2,197,8,205
https://kawalpemilu.org#77233,"WORAT-WORAT, SAHU, HALMAHERA BARAT, MALUKU UTARA",1,258,16,274
https://kawalpemilu.org#77234,"TACICI, SAHU, HALMAHERA BARAT, MALUKU UTARA",1,178,8,186
https://kawalpemilu.org#77235,"TARAUDU, SAHU, HALMAHERA BARAT, MALUKU UTARA",1,228,23,251
https://kawalpemilu.org#77236,"GOLO, SAHU, HALMAHERA BARAT, MALUKU UTARA",1,163,14,177
https://kawalpemilu.org#77236,"GOLO, SAHU, HALMAHERA BARAT, MALUKU UTARA",2,175,7,182
https://kawalpemilu.org#77237,"LAKO AKEDERI, SAHU, HALMAHERA BARAT, MALUKU UTARA",1,123,63,186
https://kawalpemilu.org#77238,"JARA KORE, SAHU, HALMAHERA BARAT, MALUKU UTARA",1,20,124,144
https://kawalpemilu.org#77238,"JARA KORE, SAHU, HALMAHERA BARAT, MALUKU UTARA",2,20,134,154
https://kawalpemilu.org#77239,"ROPU TENGAH BALU, SAHU, HALMAHERA BARAT, MALUKU UTARA",1,48,172,220
https://kawalpemilu.org#77239,"ROPU TENGAH BALU, SAHU, HALMAHERA BARAT, MALUKU UTARA",2,32,92,124
https://kawalpemilu.org#77239,"ROPU TENGAH BALU, SAHU, HALMAHERA BARAT, MALUKU UTARA",3,27,103,130
https://kawalpemilu.org#928859,"DERE, SAHU, HALMAHERA BARAT, MALUKU UTARA",1,150,4,154
https://kawalpemilu.org#928859,"DERE, SAHU, HALMAHERA BARAT, MALUKU UTARA",2,147,2,149
https://kawalpemilu.org#928860,"BALISOAN UTARA, SAHU, HALMAHERA BARAT, MALUKU UTARA",1,158,6,164
https://kawalpemilu.org#928860,"BALISOAN UTARA, SAHU, HALMAHERA BARAT, MALUKU UTARA",2,201,3,204
https://kawalpemilu.org#928861,"SASUR PANTAI, SAHU, HALMAHERA BARAT, MALUKU UTARA",1,123,4,127
https://kawalpemilu.org#928861,"SASUR PANTAI, SAHU, HALMAHERA BARAT, MALUKU UTARA",2,137,3,140
https://kawalpemilu.org#77241,"SIDANGOLI GAM, JAILOLO SELATAN, HALMAHERA BARAT, MALUKU UTARA",1,64,76,140
https://kawalpemilu.org#77241,"SIDANGOLI GAM, JAILOLO SELATAN, HALMAHERA BARAT, MALUKU UTARA",2,50,153,203
https://kawalpemilu.org#77241,"SIDANGOLI GAM, JAILOLO SELATAN, HALMAHERA BARAT, MALUKU UTARA",3,37,100,137
https://kawalpemilu.org#77241,"SIDANGOLI GAM, JAILOLO SELATAN, HALMAHERA BARAT, MALUKU UTARA",4,64,109,173
https://kawalpemilu.org#77241,"SIDANGOLI GAM, JAILOLO SELATAN, HALMAHERA BARAT, MALUKU UTARA",5,40,59,99
https://kawalpemilu.org#77241,"SIDANGOLI GAM, JAILOLO SELATAN, HALMAHERA BARAT, MALUKU UTARA",6,51,103,154
https://kawalpemilu.org#77241,"SIDANGOLI GAM, JAILOLO SELATAN, HALMAHERA BARAT, MALUKU UTARA",7,37,85,122
https://kawalpemilu.org#77241,"SIDANGOLI GAM, JAILOLO SELATAN, HALMAHERA BARAT, MALUKU UTARA",8,45,51,96
https://kawalpemilu.org#77242,"SIDONGOLI DEHE, JAILOLO SELATAN, HALMAHERA BARAT, MALUKU UTARA",1,89,132,221
https://kawalpemilu.org#77242,"SIDONGOLI DEHE, JAILOLO SELATAN, HALMAHERA BARAT, MALUKU UTARA",2,100,129,229
https://kawalpemilu.org#77242,"SIDONGOLI DEHE, JAILOLO SELATAN, HALMAHERA BARAT, MALUKU UTARA",3,79,69,148
https://kawalpemilu.org#77242,"SIDONGOLI DEHE, JAILOLO SELATAN, HALMAHERA BARAT, MALUKU UTARA",4,60,72,132
https://kawalpemilu.org#77242,"SIDONGOLI DEHE, JAILOLO SELATAN, HALMAHERA BARAT, MALUKU UTARA",5,87,133,220
https://kawalpemilu.org#77242,"SIDONGOLI DEHE, JAILOLO SELATAN, HALMAHERA BARAT, MALUKU UTARA",6,33,38,71
https://kawalpemilu.org#77243,"DOMATO, JAILOLO SELATAN, HALMAHERA BARAT, MALUKU UTARA",1,182,18,200
https://kawalpemilu.org#77243,"DOMATO, JAILOLO SELATAN, HALMAHERA BARAT, MALUKU UTARA",2,134,17,151
https://kawalpemilu.org#77243,"DOMATO, JAILOLO SELATAN, HALMAHERA BARAT, MALUKU UTARA",3,138,20,158
https://kawalpemilu.org#77244,"TATALEKA, JAILOLO SELATAN, HALMAHERA BARAT, MALUKU UTARA",1,38,180,218
https://kawalpemilu.org#77245,"GAMLENGE, JAILOLO SELATAN, HALMAHERA BARAT, MALUKU UTARA",1,178,83,261
https://kawalpemilu.org#77246,"AKEJAILOLO, JAILOLO SELATAN, HALMAHERA BARAT, MALUKU UTARA",1,99,125,224
https://kawalpemilu.org#77247,"BIAMAAHI, JAILOLO SELATAN, HALMAHERA BARAT, MALUKU UTARA",1,139,52,191
https://kawalpemilu.org#77247,"BIAMAAHI, JAILOLO SELATAN, HALMAHERA BARAT, MALUKU UTARA",2,176,7,183
https://kawalpemilu.org#77248,"TUGURACI, JAILOLO SELATAN, HALMAHERA BARAT, MALUKU UTARA",1,125,4,129
https://kawalpemilu.org#77248,"TUGURACI, JAILOLO SELATAN, HALMAHERA BARAT, MALUKU UTARA",2,101,28,129
https://kawalpemilu.org#77249,"AKEARA, JAILOLO SELATAN, HALMAHERA BARAT, MALUKU UTARA",1,166,11,177
https://kawalpemilu.org#77249,"AKEARA, JAILOLO SELATAN, HALMAHERA BARAT, MALUKU UTARA",2,165,14,179
https://kawalpemilu.org#77250,"AKELAHA, JAILOLO SELATAN, HALMAHERA BARAT, MALUKU UTARA",1,135,2,137
https://kawalpemilu.org#77250,"AKELAHA, JAILOLO SELATAN, HALMAHERA BARAT, MALUKU UTARA",2,128,29,157
https://kawalpemilu.org#77251,"DODINGA, JAILOLO SELATAN, HALMAHERA BARAT, MALUKU UTARA",1,129,149,278
https://kawalpemilu.org#77251,"DODINGA, JAILOLO SELATAN, HALMAHERA BARAT, MALUKU UTARA",2,109,127,236
https://kawalpemilu.org#77252,"TEWE, JAILOLO SELATAN, HALMAHERA BARAT, MALUKU UTARA",1,121,76,197
https://kawalpemilu.org#77253,"TONIKU, JAILOLO SELATAN, HALMAHERA BARAT, MALUKU UTARA",1,52,87,139
https://kawalpemilu.org#77253,"TONIKU, JAILOLO SELATAN, HALMAHERA BARAT, MALUKU UTARA",2,36,162,198
https://kawalpemilu.org#77253,"TONIKU, JAILOLO SELATAN, HALMAHERA BARAT, MALUKU UTARA",3,31,125,156
https://kawalpemilu.org#77253,"TONIKU, JAILOLO SELATAN, HALMAHERA BARAT, MALUKU UTARA",4,28,121,149
https://kawalpemilu.org#77254,"RIORIBATI, JAILOLO SELATAN, HALMAHERA BARAT, MALUKU UTARA",1,171,12,183
https://kawalpemilu.org#77254,"RIORIBATI, JAILOLO SELATAN, HALMAHERA BARAT, MALUKU UTARA",2,130,18,148
https://kawalpemilu.org#77255,"TABA DAMAI (DB), JAILOLO SELATAN, HALMAHERA BARAT, MALUKU UTARA",1,16,148,164
https://kawalpemilu.org#77255,"TABA DAMAI (DB), JAILOLO SELATAN, HALMAHERA BARAT, MALUKU UTARA",2,17,131,148
https://kawalpemilu.org#77255,"TABA DAMAI (DB), JAILOLO SELATAN, HALMAHERA BARAT, MALUKU UTARA",3,17,110,127
https://kawalpemilu.org#77256,"MOISO, JAILOLO SELATAN, HALMAHERA BARAT, MALUKU UTARA",1,23,201,224
https://kawalpemilu.org#77256,"MOISO, JAILOLO SELATAN, HALMAHERA BARAT, MALUKU UTARA",2,43,190,233
https://kawalpemilu.org#77257,"BRAHA, JAILOLO SELATAN, HALMAHERA BARAT, MALUKU UTARA",1,52,100,152
https://kawalpemilu.org#77257,"BRAHA, JAILOLO SELATAN, HALMAHERA BARAT, MALUKU UTARA",2,44,107,151
https://kawalpemilu.org#77258,"BANGKIT RAHMAT, JAILOLO SELATAN, HALMAHERA BARAT, MALUKU UTARA",1,46,111,157
https://kawalpemilu.org#77258,"BANGKIT RAHMAT, JAILOLO SELATAN, HALMAHERA BARAT, MALUKU UTARA",2,26,57,83
https://kawalpemilu.org#928862,"BOBANE DANO, JAILOLO SELATAN, HALMAHERA BARAT, MALUKU UTARA",1,142,2,144
https://kawalpemilu.org#928863,"SUKA DAMAI, JAILOLO SELATAN, HALMAHERA BARAT, MALUKU UTARA",1,76,85,161
https://kawalpemilu.org#928863,"SUKA DAMAI, JAILOLO SELATAN, HALMAHERA BARAT, MALUKU UTARA",2,42,4,46
https://kawalpemilu.org#928864,"HIJRAH, JAILOLO SELATAN, HALMAHERA BARAT, MALUKU UTARA",1,38,110,148
https://kawalpemilu.org#928864,"HIJRAH, JAILOLO SELATAN, HALMAHERA BARAT, MALUKU UTARA",2,17,24,41
https://kawalpemilu.org#928865,"RATEM, JAILOLO SELATAN, HALMAHERA BARAT, MALUKU UTARA",1,31,68,99
https://kawalpemilu.org#77267,"PODOL, IBU UTARA, HALMAHERA BARAT, MALUKU UTARA",1,134,9,143
https://kawalpemilu.org#77267,"PODOL, IBU UTARA, HALMAHERA BARAT, MALUKU UTARA",2,123,15,138
https://kawalpemilu.org#77267,"PODOL, IBU UTARA, HALMAHERA BARAT, MALUKU UTARA",3,126,12,138
https://kawalpemilu.org#77267,"PODOL, IBU UTARA, HALMAHERA BARAT, MALUKU UTARA",4,123,11,134
https://kawalpemilu.org#77268,"TENGOWANGO, IBU UTARA, HALMAHERA BARAT, MALUKU UTARA",1,131,6,137
https://kawalpemilu.org#77269,"TOGOWO, IBU UTARA, HALMAHERA BARAT, MALUKU UTARA",1,159,4,163
https://kawalpemilu.org#77269,"TOGOWO, IBU UTARA, HALMAHERA BARAT, MALUKU UTARA",2,142,5,147
https://kawalpemilu.org#77270,"DUONO, IBU UTARA, HALMAHERA BARAT, MALUKU UTARA",1,126,6,132
https://kawalpemilu.org#77270,"DUONO, IBU UTARA, HALMAHERA BARAT, MALUKU UTARA",2,121,2,123
https://kawalpemilu.org#77270,"DUONO, IBU UTARA, HALMAHERA BARAT, MALUKU UTARA",3,120,5,125
https://kawalpemilu.org#77270,"DUONO, IBU UTARA, HALMAHERA BARAT, MALUKU UTARA",4,136,7,143
https://kawalpemilu.org#77271,"GOIN, IBU UTARA, HALMAHERA BARAT, MALUKU UTARA",1,169,13,182
https://kawalpemilu.org#77271,"GOIN, IBU UTARA, HALMAHERA BARAT, MALUKU UTARA",2,172,15,187
https://kawalpemilu.org#77272,"SANGAJI NYEKU, IBU UTARA, HALMAHERA BARAT, MALUKU UTARA",1,98,29,127
https://kawalpemilu.org#77272,"SANGAJI NYEKU, IBU UTARA, HALMAHERA BARAT, MALUKU UTARA",2,88,36,124
https://kawalpemilu.org#77273,"TUGUIS, IBU UTARA, HALMAHERA BARAT, MALUKU UTARA",1,164,74,238
https://kawalpemilu.org#77274,"TOGOREBA SUNGI, IBU UTARA, HALMAHERA BARAT, MALUKU UTARA",1,133,50,183
https://kawalpemilu.org#77274,"TOGOREBA SUNGI, IBU UTARA, HALMAHERA BARAT, MALUKU UTARA",2,126,38,164
https://kawalpemilu.org#77275,"BARONA, IBU UTARA, HALMAHERA BARAT, MALUKU UTARA",1,159,11,170
https://kawalpemilu.org#77275,"BARONA, IBU UTARA, HALMAHERA BARAT, MALUKU UTARA",2,141,9,150
https://kawalpemilu.org#77276,"TODOKE, IBU UTARA, HALMAHERA BARAT, MALUKU UTARA",1,194,36,230
https://kawalpemilu.org#77277,"TOLISAOR, IBU UTARA, HALMAHERA BARAT, MALUKU UTARA",1,154,5,159
https://kawalpemilu.org#77277,"TOLISAOR, IBU UTARA, HALMAHERA BARAT, MALUKU UTARA",2,141,5,146
https://kawalpemilu.org#77278,"PASALULU, IBU UTARA, HALMAHERA BARAT, MALUKU UTARA",1,126,22,148
https://kawalpemilu.org#77278,"PASALULU, IBU UTARA, HALMAHERA BARAT, MALUKU UTARA",2,136,52,188
https://kawalpemilu.org#77279,"TOGOREBA TUA, IBU UTARA, HALMAHERA BARAT, MALUKU UTARA",1,151,21,172
https://kawalpemilu.org#77279,"TOGOREBA TUA, IBU UTARA, HALMAHERA BARAT, MALUKU UTARA",2,206,18,224
https://kawalpemilu.org#77279,"TOGOREBA TUA, IBU UTARA, HALMAHERA BARAT, MALUKU UTARA",3,141,31,172
https://kawalpemilu.org#928866,"TUKUOKU, IBU UTARA, HALMAHERA BARAT, MALUKU UTARA",1,209,17,226
https://kawalpemilu.org#928867,"SOASANGAJI, IBU UTARA, HALMAHERA BARAT, MALUKU UTARA",1,135,61,196
https://kawalpemilu.org#928868,"ARU JAYA, IBU UTARA, HALMAHERA BARAT, MALUKU UTARA",1,131,12,143
https://kawalpemilu.org#928868,"ARU JAYA, IBU UTARA, HALMAHERA BARAT, MALUKU UTARA",2,129,13,142
https://kawalpemilu.org#77264,"GAMSUNGI, IBU SELATAN, HALMAHERA BARAT, MALUKU UTARA",1,16,116,132
https://kawalpemilu.org#77264,"GAMSUNGI, IBU SELATAN, HALMAHERA BARAT, MALUKU UTARA",2,16,181,197
https://kawalpemilu.org#77264,"GAMSUNGI, IBU SELATAN, HALMAHERA BARAT, MALUKU UTARA",3,11,99,110
https://kawalpemilu.org#77281,"TOSOA, IBU SELATAN, HALMAHERA BARAT, MALUKU UTARA",1,178,23,201
https://kawalpemilu.org#77281,"TOSOA, IBU SELATAN, HALMAHERA BARAT, MALUKU UTARA",2,185,19,204
https://kawalpemilu.org#77282,"TOBOBOL, IBU SELATAN, HALMAHERA BARAT, MALUKU UTARA",1,161,0,161
https://kawalpemilu.org#77282,"TOBOBOL, IBU SELATAN, HALMAHERA BARAT, MALUKU UTARA",2,156,1,157
https://kawalpemilu.org#77283,"BARU, IBU SELATAN, HALMAHERA BARAT, MALUKU UTARA",1,206,4,210
https://kawalpemilu.org#77283,"BARU, IBU SELATAN, HALMAHERA BARAT, MALUKU UTARA",2,226,2,228
https://kawalpemilu.org#77283,"BARU, IBU SELATAN, HALMAHERA BARAT, MALUKU UTARA",3,172,3,175
https://kawalpemilu.org#77284,"NANAS, IBU SELATAN, HALMAHERA BARAT, MALUKU UTARA",1,129,5,134
https://kawalpemilu.org#77284,"NANAS, IBU SELATAN, HALMAHERA BARAT, MALUKU UTARA",2,113,11,124
https://kawalpemilu.org#77285,"JERE, IBU SELATAN, HALMAHERA BARAT, MALUKU UTARA",1,235,7,242
https://kawalpemilu.org#77287,"BATAKA, IBU SELATAN, HALMAHERA BARAT, MALUKU UTARA",1,137,16,153
https://kawalpemilu.org#77287,"BATAKA, IBU SELATAN, HALMAHERA BARAT, MALUKU UTARA",2,141,14,155
https://kawalpemilu.org#77287,"BATAKA, IBU SELATAN, HALMAHERA BARAT, MALUKU UTARA",3,123,25,148
https://kawalpemilu.org#77287,"BATAKA, IBU SELATAN, HALMAHERA BARAT, MALUKU UTARA",4,137,13,150
https://kawalpemilu.org#77287,"BATAKA, IBU SELATAN, HALMAHERA BARAT, MALUKU UTARA",5,145,21,166
https://kawalpemilu.org#77287,"BATAKA, IBU SELATAN, HALMAHERA BARAT, MALUKU UTARA",6,98,44,142
https://kawalpemilu.org#77288,"TALAGA, IBU SELATAN, HALMAHERA BARAT, MALUKU UTARA",1,19,105,124
https://kawalpemilu.org#77288,"TALAGA, IBU SELATAN, HALMAHERA BARAT, MALUKU UTARA",2,12,137,149
https://kawalpemilu.org#77288,"TALAGA, IBU SELATAN, HALMAHERA BARAT, MALUKU UTARA",3,31,98,129
https://kawalpemilu.org#77288,"TALAGA, IBU SELATAN, HALMAHERA BARAT, MALUKU UTARA",4,44,112,156
https://kawalpemilu.org#77289,"TOBELOS, IBU SELATAN, HALMAHERA BARAT, MALUKU UTARA",1,100,23,123
https://kawalpemilu.org#77289,"TOBELOS, IBU SELATAN, HALMAHERA BARAT, MALUKU UTARA",2,132,13,145
https://kawalpemilu.org#77290,"GAMKONORA, IBU SELATAN, HALMAHERA BARAT, MALUKU UTARA",1,49,184,233
https://kawalpemilu.org#77290,"GAMKONORA, IBU SELATAN, HALMAHERA BARAT, MALUKU UTARA",2,26,114,140
https://kawalpemilu.org#77291,"SARAU, IBU SELATAN, HALMAHERA BARAT, MALUKU UTARA",1,171,29,200
https://kawalpemilu.org#77291,"SARAU, IBU SELATAN, HALMAHERA BARAT, MALUKU UTARA",2,260,43,303
https://kawalpemilu.org#77292,"NGAWET, IBU SELATAN, HALMAHERA BARAT, MALUKU UTARA",1,234,13,247
https://kawalpemilu.org#77293,"ADU, IBU SELATAN, HALMAHERA BARAT, MALUKU UTARA",1,198,11,209
https://kawalpemilu.org#77293,"ADU, IBU SELATAN, HALMAHERA BARAT, MALUKU UTARA",2,188,11,199
https://kawalpemilu.org#928869,"GAMSIDA, IBU SELATAN, HALMAHERA BARAT, MALUKU UTARA",1,118,13,131
https://kawalpemilu.org#928869,"GAMSIDA, IBU SELATAN, HALMAHERA BARAT, MALUKU UTARA",2,208,5,213
https://kawalpemilu.org#928869,"GAMSIDA, IBU SELATAN, HALMAHERA BARAT, MALUKU UTARA",3,213,9,222
https://kawalpemilu.org#928869,"GAMSIDA, IBU SELATAN, HALMAHERA BARAT, MALUKU UTARA",4,139,0,139
https://kawalpemilu.org#928870,"NGALO NGALO, IBU SELATAN, HALMAHERA BARAT, MALUKU UTARA",1,185,6,191
https://kawalpemilu.org#928870,"NGALO NGALO, IBU SELATAN, HALMAHERA BARAT, MALUKU UTARA",2,178,5,183
https://kawalpemilu.org#928871,"TUGUAER, IBU SELATAN, HALMAHERA BARAT, MALUKU UTARA",1,203,10,2
https://kawalpemilu.org#928871,"TUGUAER, IBU SELATAN, HALMAHERA BARAT, MALUKU UTARA",2,195,3,198
https://kawalpemilu.org#77295,"LOCE, SAHU TIMUR, HALMAHERA BARAT, MALUKU UTARA",1,131,16,147
https://kawalpemilu.org#77295,"LOCE, SAHU TIMUR, HALMAHERA BARAT, MALUKU UTARA",2,123,26,149
https://kawalpemilu.org#77296,"IDAM GAMLAMO, SAHU TIMUR, HALMAHERA BARAT, MALUKU UTARA",1,188,16,204
https://kawalpemilu.org#77296,"IDAM GAMLAMO, SAHU TIMUR, HALMAHERA BARAT, MALUKU UTARA",2,178,10,188
https://kawalpemilu.org#77297,"GAMOMENG, SAHU TIMUR, HALMAHERA BARAT, MALUKU UTARA",1,149,10,159
https://kawalpemilu.org#77297,"GAMOMENG, SAHU TIMUR, HALMAHERA BARAT, MALUKU UTARA",2,169,49,218
https://kawalpemilu.org#77298,"AKELAMO, SAHU TIMUR, HALMAHERA BARAT, MALUKU UTARA",1,158,45,203
https://kawalpemilu.org#77298,"AKELAMO, SAHU TIMUR, HALMAHERA BARAT, MALUKU UTARA",2,155,42,197
https://kawalpemilu.org#77298,"AKELAMO, SAHU TIMUR, HALMAHERA BARAT, MALUKU UTARA",3,137,55,192
https://kawalpemilu.org#77299,"TARAUDU KUSU, SAHU TIMUR, HALMAHERA BARAT, MALUKU UTARA",1,183,36,219
https://kawalpemilu.org#77300,"AWER, SAHU TIMUR, HALMAHERA BARAT, MALUKU UTARA",1,211,11,222
https://kawalpemilu.org#77300,"AWER, SAHU TIMUR, HALMAHERA BARAT, MALUKU UTARA",2,194,7,201
https://kawalpemilu.org#77301,"AKETOLA, SAHU TIMUR, HALMAHERA BARAT, MALUKU UTARA",1,158,8,166
https://kawalpemilu.org#77301,"AKETOLA, SAHU TIMUR, HALMAHERA BARAT, MALUKU UTARA",2,166,9,175
https://kawalpemilu.org#77302,"TIBOBO, SAHU TIMUR, HALMAHERA BARAT, MALUKU UTARA",1,156,6,162
https://kawalpemilu.org#77302,"TIBOBO, SAHU TIMUR, HALMAHERA BARAT, MALUKU UTARA",2,179,9,188
https://kawalpemilu.org#77303,"HOKU- HOKU GAM, SAHU TIMUR, HALMAHERA BARAT, MALUKU UTARA",1,201,5,206
https://kawalpemilu.org#77304,"GAMIYEL, SAHU TIMUR, HALMAHERA BARAT, MALUKU UTARA",1,127,5,132
https://kawalpemilu.org#77304,"GAMIYEL, SAHU TIMUR, HALMAHERA BARAT, MALUKU UTARA",2,122,3,125
https://kawalpemilu.org#77305,"GOLAGO KUSUMA, SAHU TIMUR, HALMAHERA BARAT, MALUKU UTARA",1,190,88,278
https://kawalpemilu.org#77306,"NGAON, SAHU TIMUR, HALMAHERA BARAT, MALUKU UTARA",1,161,11,172
https://kawalpemilu.org#77307,"GAMSUGI, SAHU TIMUR, HALMAHERA BARAT, MALUKU UTARA",1,168,7,175
https://kawalpemilu.org#77308,"TABA CAMPAKA, SAHU TIMUR, HALMAHERA BARAT, MALUKU UTARA",1,12,121,133
https://kawalpemilu.org#77308,"TABA CAMPAKA, SAHU TIMUR, HALMAHERA BARAT, MALUKU UTARA",2,18,109,127
https://kawalpemilu.org#77309,"CAMPAKA, SAHU TIMUR, HALMAHERA BARAT, MALUKU UTARA",1,141,13,154
https://kawalpemilu.org#77310,"GOAL, SAHU TIMUR, HALMAHERA BARAT, MALUKU UTARA",1,146,4,150
https://kawalpemilu.org#77310,"GOAL, SAHU TIMUR, HALMAHERA BARAT, MALUKU UTARA",2,147,8,155
https://kawalpemilu.org#928872,"SIDODADI, SAHU TIMUR, HALMAHERA BARAT, MALUKU UTARA",1,100,52,152
https://kawalpemilu.org#928872,"SIDODADI, SAHU TIMUR, HALMAHERA BARAT, MALUKU UTARA",2,89,28,117
https://kawalpemilu.org#928873,"AIR PANAS, SAHU TIMUR, HALMAHERA BARAT, MALUKU UTARA",1,70,56,126
https://kawalpemilu.org#928873,"AIR PANAS, SAHU TIMUR, HALMAHERA BARAT, MALUKU UTARA",2,99,38,137
https://kawalpemilu.org#77313,"NUSLIKO, WEDA, HALMAHERA TENGAH, MALUKU UTARA",1,129,18,147
https://kawalpemilu.org#77313,"NUSLIKO, WEDA, HALMAHERA TENGAH, MALUKU UTARA",2,125,8,133
https://kawalpemilu.org#77314,"WERE, WEDA, HALMAHERA TENGAH, MALUKU UTARA",1,100,117,217
https://kawalpemilu.org#77314,"WERE, WEDA, HALMAHERA TENGAH, MALUKU UTARA",2,92,97,189
https://kawalpemilu.org#77314,"WERE, WEDA, HALMAHERA TENGAH, MALUKU UTARA",3,89,123,212
https://kawalpemilu.org#77314,"WERE, WEDA, HALMAHERA TENGAH, MALUKU UTARA",4,95,116,211
https://kawalpemilu.org#77314,"WERE, WEDA, HALMAHERA TENGAH, MALUKU UTARA",5,94,132,226
https://kawalpemilu.org#77314,"WERE, WEDA, HALMAHERA TENGAH, MALUKU UTARA",6,77,122,199
https://kawalpemilu.org#77314,"WERE, WEDA, HALMAHERA TENGAH, MALUKU UTARA",7,92,124,216
https://kawalpemilu.org#77314,"WERE, WEDA, HALMAHERA TENGAH, MALUKU UTARA",8,80,94,174
https://kawalpemilu.org#77319,"GOENG, WEDA, HALMAHERA TENGAH, MALUKU UTARA",1,173,20,193
https://kawalpemilu.org#77320,"FIDY JAYA, WEDA, HALMAHERA TENGAH, MALUKU UTARA",1,115,92,207
https://kawalpemilu.org#77320,"FIDY JAYA, WEDA, HALMAHERA TENGAH, MALUKU UTARA",2,91,63,154
https://kawalpemilu.org#77320,"FIDY JAYA, WEDA, HALMAHERA TENGAH, MALUKU UTARA",3,87,58,145
https://kawalpemilu.org#77320,"FIDY JAYA, WEDA, HALMAHERA TENGAH, MALUKU UTARA",4,101,81,182
https://kawalpemilu.org#77320,"FIDY JAYA, WEDA, HALMAHERA TENGAH, MALUKU UTARA",5,100,72,172
https://kawalpemilu.org#77320,"FIDY JAYA, WEDA, HALMAHERA TENGAH, MALUKU UTARA",6,93,73,166
https://kawalpemilu.org#77320,"FIDY JAYA, WEDA, HALMAHERA TENGAH, MALUKU UTARA",7,96,71,167
https://kawalpemilu.org#77320,"FIDY JAYA, WEDA, HALMAHERA TENGAH, MALUKU UTARA",8,128,68,196
https://kawalpemilu.org#77321,"SIDANGA, WEDA, HALMAHERA TENGAH, MALUKU UTARA",1,199,12,211
https://kawalpemilu.org#77321,"SIDANGA, WEDA, HALMAHERA TENGAH, MALUKU UTARA",2,190,10,200
https://kawalpemilu.org#86110,"NURWEDA, WEDA, HALMAHERA TENGAH, MALUKU UTARA",1,122,125,247
https://kawalpemilu.org#86110,"NURWEDA, WEDA, HALMAHERA TENGAH, MALUKU UTARA",2,93,124,217
https://kawalpemilu.org#86110,"NURWEDA, WEDA, HALMAHERA TENGAH, MALUKU UTARA",3,77,93,170
https://kawalpemilu.org#86111,"WEDANA, WEDA, HALMAHERA TENGAH, MALUKU UTARA",1,97,154,251
https://kawalpemilu.org#86111,"WEDANA, WEDA, HALMAHERA TENGAH, MALUKU UTARA",2,87,148,235
https://kawalpemilu.org#77324,"BAKA JAYA, PATANI, HALMAHERA TENGAH, MALUKU UTARA",1,124,28,152
https://kawalpemilu.org#77324,"BAKA JAYA, PATANI, HALMAHERA TENGAH, MALUKU UTARA",2,124,42,166
https://kawalpemilu.org#77326,"WAILEGI, PATANI, HALMAHERA TENGAH, MALUKU UTARA",1,120,154,274
https://kawalpemilu.org#77326,"WAILEGI, PATANI, HALMAHERA TENGAH, MALUKU UTARA",2,97,135,232
https://kawalpemilu.org#77327,"KIPAI, PATANI, HALMAHERA TENGAH, MALUKU UTARA",1,68,113,181
https://kawalpemilu.org#77327,"KIPAI, PATANI, HALMAHERA TENGAH, MALUKU UTARA",2,80,68,148
https://kawalpemilu.org#77327,"KIPAI, PATANI, HALMAHERA TENGAH, MALUKU UTARA",3,47,129,176
https://kawalpemilu.org#77327,"KIPAI, PATANI, HALMAHERA TENGAH, MALUKU UTARA",4,57,87,144
https://kawalpemilu.org#77328,"YEISOWO, PATANI, HALMAHERA TENGAH, MALUKU UTARA",1,136,75,211
https://kawalpemilu.org#77328,"YEISOWO, PATANI, HALMAHERA TENGAH, MALUKU UTARA",2,119,73,192
https://kawalpemilu.org#77328,"YEISOWO, PATANI, HALMAHERA TENGAH, MALUKU UTARA",3,114,100,214
https://kawalpemilu.org#77331,"YONDELIU, PATANI, HALMAHERA TENGAH, MALUKU UTARA",1,120,80,200
https://kawalpemilu.org#77331,"YONDELIU, PATANI, HALMAHERA TENGAH, MALUKU UTARA",2,101,91,192
https://kawalpemilu.org#77331,"YONDELIU, PATANI, HALMAHERA TENGAH, MALUKU UTARA",3,113,90,203
https://kawalpemilu.org#77333,"KAPALEO, PULAU GEBE, HALMAHERA TENGAH, MALUKU UTARA",1,81,89,170
https://kawalpemilu.org#77333,"KAPALEO, PULAU GEBE, HALMAHERA TENGAH, MALUKU UTARA",2,75,87,162
https://kawalpemilu.org#77333,"KAPALEO, PULAU GEBE, HALMAHERA TENGAH, MALUKU UTARA",3,56,80,136
https://kawalpemilu.org#77333,"KAPALEO, PULAU GEBE, HALMAHERA TENGAH, MALUKU UTARA",4,76,82,158
https://kawalpemilu.org#77334,"KACEPI, PULAU GEBE, HALMAHERA TENGAH, MALUKU UTARA",1,107,106,213
https://kawalpemilu.org#77334,"KACEPI, PULAU GEBE, HALMAHERA TENGAH, MALUKU UTARA",2,86,102,188
https://kawalpemilu.org#77335,"SANAFI, PULAU GEBE, HALMAHERA TENGAH, MALUKU UTARA",1,71,81,152
https://kawalpemilu.org#77335,"SANAFI, PULAU GEBE, HALMAHERA TENGAH, MALUKU UTARA",2,59,103,154
https://kawalpemilu.org#77336,"UMERA, PULAU GEBE, HALMAHERA TENGAH, MALUKU UTARA",1,82,78,160
https://kawalpemilu.org#77336,"UMERA, PULAU GEBE, HALMAHERA TENGAH, MALUKU UTARA",2,87,93,180
https://kawalpemilu.org#77337,"UMIYAL, PULAU GEBE, HALMAHERA TENGAH, MALUKU UTARA",1,118,72,190
https://kawalpemilu.org#77337,"UMIYAL, PULAU GEBE, HALMAHERA TENGAH, MALUKU UTARA",2,146,57,203
https://kawalpemilu.org#77338,"SONOF KACEPO, PULAU GEBE, HALMAHERA TENGAH, MALUKU UTARA",1,156,74,230
https://kawalpemilu.org#86112,"ELFANUN, PULAU GEBE, HALMAHERA TENGAH, MALUKU UTARA",1,74,163,237
https://kawalpemilu.org#86112,"ELFANUN, PULAU GEBE, HALMAHERA TENGAH, MALUKU UTARA",2,63,141,204
https://kawalpemilu.org#86113,"YANG, PULAU GEBE, HALMAHERA TENGAH, MALUKU UTARA",1,107,108,215
https://kawalpemilu.org#77340,"SAGEA, WEDA UTARA, HALMAHERA TENGAH, MALUKU UTARA",1,135,106,241
https://kawalpemilu.org#77340,"SAGEA, WEDA UTARA, HALMAHERA TENGAH, MALUKU UTARA",2,109,127,236
https://kawalpemilu.org#77341,"GEMAF, WEDA UTARA, HALMAHERA TENGAH, MALUKU UTARA",1,245,7,252
https://kawalpemilu.org#77341,"GEMAF, WEDA UTARA, HALMAHERA TENGAH, MALUKU UTARA",2,231,10,241
https://kawalpemilu.org#77342,"WALEH, WEDA UTARA, HALMAHERA TENGAH, MALUKU UTARA",1,142,67,209
https://kawalpemilu.org#77342,"WALEH, WEDA UTARA, HALMAHERA TENGAH, MALUKU UTARA",2,153,65,218
https://kawalpemilu.org#77342,"WALEH, WEDA UTARA, HALMAHERA TENGAH, MALUKU UTARA",3,133,89,222
https://kawalpemilu.org#77342,"WALEH, WEDA UTARA, HALMAHERA TENGAH, MALUKU UTARA",4,145,55,200
https://kawalpemilu.org#77346,"FRITU, WEDA UTARA, HALMAHERA TENGAH, MALUKU UTARA",2,251,16,267
https://kawalpemilu.org#86114,"KIYA, WEDA UTARA, HALMAHERA TENGAH, MALUKU UTARA",1,76,152,228
https://kawalpemilu.org#86114,"KIYA, WEDA UTARA, HALMAHERA TENGAH, MALUKU UTARA",2,54,134,188
https://kawalpemilu.org#77348,"WAIRORO INDAH, WEDA SELATAN, HALMAHERA TENGAH, MALUKU UTARA",1,128,103,231
https://kawalpemilu.org#77348,"WAIRORO INDAH, WEDA SELATAN, HALMAHERA TENGAH, MALUKU UTARA",2,163,56,218
https://kawalpemilu.org#77348,"WAIRORO INDAH, WEDA SELATAN, HALMAHERA TENGAH, MALUKU UTARA",3,136,57,193
https://kawalpemilu.org#77349,"KLUTING JAYA, WEDA SELATAN, HALMAHERA TENGAH, MALUKU UTARA",1,130,88,218
https://kawalpemilu.org#77349,"KLUTING JAYA, WEDA SELATAN, HALMAHERA TENGAH, MALUKU UTARA",2,94,92,186
https://kawalpemilu.org#77349,"KLUTING JAYA, WEDA SELATAN, HALMAHERA TENGAH, MALUKU UTARA",3,115,78,193
https://kawalpemilu.org#77350,"SOSOWOMO, WEDA SELATAN, HALMAHERA TENGAH, MALUKU UTARA",1,224,17,241
https://kawalpemilu.org#77350,"SOSOWOMO, WEDA SELATAN, HALMAHERA TENGAH, MALUKU UTARA",2,200,19,219
https://kawalpemilu.org#77351,"TILOPE, WEDA SELATAN, HALMAHERA TENGAH, MALUKU UTARA",1,114,18,132
https://kawalpemilu.org#77351,"TILOPE, WEDA SELATAN, HALMAHERA TENGAH, MALUKU UTARA",2,135,14,149
https://kawalpemilu.org#77352,"LOLEO, WEDA SELATAN, HALMAHERA TENGAH, MALUKU UTARA",1,145,106,251
https://kawalpemilu.org#77352,"LOLEO, WEDA SELATAN, HALMAHERA TENGAH, MALUKU UTARA",2,65,177,242
https://kawalpemilu.org#77353,"LEMBAH ASRI, WEDA SELATAN, HALMAHERA TENGAH, MALUKU UTARA",1,114,102,216
https://kawalpemilu.org#77353,"LEMBAH ASRI, WEDA SELATAN, HALMAHERA TENGAH, MALUKU UTARA",2,56,97,153
https://kawalpemilu.org#77354,"SUMBER SARI, WEDA SELATAN, HALMAHERA TENGAH, MALUKU UTARA",1,150,43,193
https://kawalpemilu.org#77354,"SUMBER SARI, WEDA SELATAN, HALMAHERA TENGAH, MALUKU UTARA",2,116,51,167
https://kawalpemilu.org#86116,"AIR SALOBAR, WEDA SELATAN, HALMAHERA TENGAH, MALUKU UTARA",1,126,117,243
https://kawalpemilu.org#86116,"AIR SALOBAR, WEDA SELATAN, HALMAHERA TENGAH, MALUKU UTARA",2,104,97,201
https://kawalpemilu.org#77356,"GEMIA, PATANI UTARA, HALMAHERA TENGAH, MALUKU UTARA",1,123,103,226
https://kawalpemilu.org#77356,"GEMIA, PATANI UTARA, HALMAHERA TENGAH, MALUKU UTARA",2,94,114,208
https://kawalpemilu.org#77356,"GEMIA, PATANI UTARA, HALMAHERA TENGAH, MALUKU UTARA",3,112,97,209
https://kawalpemilu.org#77356,"GEMIA, PATANI UTARA, HALMAHERA TENGAH, MALUKU UTARA",4,97,117,214
https://kawalpemilu.org#77357,"TEPELEO, PATANI UTARA, HALMAHERA TENGAH, MALUKU UTARA",1,97,110,207
https://kawalpemilu.org#77357,"TEPELEO, PATANI UTARA, HALMAHERA TENGAH, MALUKU UTARA",2,106,126,232
https://kawalpemilu.org#77357,"TEPELEO, PATANI UTARA, HALMAHERA TENGAH, MALUKU UTARA",3,114,83,197
https://kawalpemilu.org#77357,"TEPELEO, PATANI UTARA, HALMAHERA TENGAH, MALUKU UTARA",4,93,92,185
https://kawalpemilu.org#77357,"TEPELEO, PATANI UTARA, HALMAHERA TENGAH, MALUKU UTARA",5,113,104,217
https://kawalpemilu.org#77361,"BILIFITU, PATANI UTARA, HALMAHERA TENGAH, MALUKU UTARA",1,95,32,127
https://kawalpemilu.org#77361,"BILIFITU, PATANI UTARA, HALMAHERA TENGAH, MALUKU UTARA",2,171,41,212
https://kawalpemilu.org#77361,"BILIFITU, PATANI UTARA, HALMAHERA TENGAH, MALUKU UTARA",3,155,54,209
https://kawalpemilu.org#77362,"TEPELEO BATUDUA, PATANI UTARA, HALMAHERA TENGAH, MALUKU UTARA",1,103,86,189
https://kawalpemilu.org#77362,"TEPELEO BATUDUA, PATANI UTARA, HALMAHERA TENGAH, MALUKU UTARA",2,92,118,210
https://kawalpemilu.org#77362,"TEPELEO BATUDUA, PATANI UTARA, HALMAHERA TENGAH, MALUKU UTARA",3,118,92,210
https://kawalpemilu.org#77362,"TEPELEO BATUDUA, PATANI UTARA, HALMAHERA TENGAH, MALUKU UTARA",4,117,89,206
https://kawalpemilu.org#77362,"TEPELEO BATUDUA, PATANI UTARA, HALMAHERA TENGAH, MALUKU UTARA",5,91,68,159
https://kawalpemilu.org#77363,"PANTURA JAYA, PATANI UTARA, HALMAHERA TENGAH, MALUKU UTARA",1,99,68,167
https://kawalpemilu.org#77363,"PANTURA JAYA, PATANI UTARA, HALMAHERA TENGAH, MALUKU UTARA",2,78,90,168
https://kawalpemilu.org#86119,"MALIFORO, PATANI UTARA, HALMAHERA TENGAH, MALUKU UTARA",1,100,72,172
https://kawalpemilu.org#86119,"MALIFORO, PATANI UTARA, HALMAHERA TENGAH, MALUKU UTARA",2,103,56,159
https://kawalpemilu.org#77315,"KOBE, WEDA TENGAH, HALMAHERA TENGAH, MALUKU UTARA",1,210,63,273
https://kawalpemilu.org#77318,"SAWAI ITEPO, WEDA TENGAH, HALMAHERA TENGAH, MALUKU UTARA",1,197,4,201
https://kawalpemilu.org#77318,"SAWAI ITEPO, WEDA TENGAH, HALMAHERA TENGAH, MALUKU UTARA",2,190,13,203
https://kawalpemilu.org#86121,"LILILEF WAIBULAN, WEDA TENGAH, HALMAHERA TENGAH, MALUKU UTARA",1,95,107,202
https://kawalpemilu.org#86121,"LILILEF WAIBULAN, WEDA TENGAH, HALMAHERA TENGAH, MALUKU UTARA",2,133,1,134
https://kawalpemilu.org#86121,"LILILEF WAIBULAN, WEDA TENGAH, HALMAHERA TENGAH, MALUKU UTARA",3,118,99,217
https://kawalpemilu.org#86121,"LILILEF WAIBULAN, WEDA TENGAH, HALMAHERA TENGAH, MALUKU UTARA",4,73,77,150
https://kawalpemilu.org#86122,"LILILEF  SAWAI, WEDA TENGAH, HALMAHERA TENGAH, MALUKU UTARA",1,179,14,193
https://kawalpemilu.org#86122,"LILILEF  SAWAI, WEDA TENGAH, HALMAHERA TENGAH, MALUKU UTARA",2,192,8,200
https://kawalpemilu.org#86122,"LILILEF  SAWAI, WEDA TENGAH, HALMAHERA TENGAH, MALUKU UTARA",3,174,19,193
https://kawalpemilu.org#86123,"WOEKOB, WEDA TENGAH, HALMAHERA TENGAH, MALUKU UTARA",1,205,52,257
https://kawalpemilu.org#86124,"WOEJERANA, WEDA TENGAH, HALMAHERA TENGAH, MALUKU UTARA",1,157,46,203
https://kawalpemilu.org#86125,"KULO JAYA, WEDA TENGAH, HALMAHERA TENGAH, MALUKU UTARA",1,155,26,181
https://kawalpemilu.org#77325,"BANEMO, PATANI BARAT, HALMAHERA TENGAH, MALUKU UTARA",1,76,146,222
https://kawalpemilu.org#77325,"BANEMO, PATANI BARAT, HALMAHERA TENGAH, MALUKU UTARA",2,73,145,218
https://kawalpemilu.org#77329,"BOBANE JAYA, PATANI BARAT, HALMAHERA TENGAH, MALUKU UTARA",1,70,95,165
https://kawalpemilu.org#77329,"BOBANE JAYA, PATANI BARAT, HALMAHERA TENGAH, MALUKU UTARA",2,62,91,153
https://kawalpemilu.org#77329,"BOBANE JAYA, PATANI BARAT, HALMAHERA TENGAH, MALUKU UTARA",3,80,87,167
https://kawalpemilu.org#77329,"BOBANE JAYA, PATANI BARAT, HALMAHERA TENGAH, MALUKU UTARA",4,68,88,156
https://kawalpemilu.org#77329,"BOBANE JAYA, PATANI BARAT, HALMAHERA TENGAH, MALUKU UTARA",5,70,91,161
https://kawalpemilu.org#77330,"BOBANE INDAH, PATANI BARAT, HALMAHERA TENGAH, MALUKU UTARA",1,51,113,164
https://kawalpemilu.org#77330,"BOBANE INDAH, PATANI BARAT, HALMAHERA TENGAH, MALUKU UTARA",2,72,125,197
https://kawalpemilu.org#77330,"BOBANE INDAH, PATANI BARAT, HALMAHERA TENGAH, MALUKU UTARA",3,46,140,186
https://kawalpemilu.org#86126,"MAREALA, PATANI BARAT, HALMAHERA TENGAH, MALUKU UTARA",1,122,92,214
https://kawalpemilu.org#86126,"MAREALA, PATANI BARAT, HALMAHERA TENGAH, MALUKU UTARA",2,126,109,235
https://kawalpemilu.org#86127,"SIBENPOPE, PATANI BARAT, HALMAHERA TENGAH, MALUKU UTARA",1,227,3,230
https://kawalpemilu.org#77343,"YEKE, WEDA TIMUR, HALMAHERA TENGAH, MALUKU UTARA",1,155,4,159
https://kawalpemilu.org#77343,"YEKE, WEDA TIMUR, HALMAHERA TENGAH, MALUKU UTARA",2,163,8,171
https://kawalpemilu.org#77344,"MESSA, WEDA TIMUR, HALMAHERA TENGAH, MALUKU UTARA",1,191,79,270
https://kawalpemilu.org#77345,"DOTTE, WEDA TIMUR, HALMAHERA TENGAH, MALUKU UTARA",1,111,121,232
https://kawalpemilu.org#77345,"DOTTE, WEDA TIMUR, HALMAHERA TENGAH, MALUKU UTARA",2,83,124,207
https://kawalpemilu.org#86115,"KOTALO, WEDA TIMUR, HALMAHERA TENGAH, MALUKU UTARA",1,118,69,187
https://kawalpemilu.org#86115,"KOTALO, WEDA TIMUR, HALMAHERA TENGAH, MALUKU UTARA",2,111,65,176
https://kawalpemilu.org#77358,"PENITI, PATANI TIMUR, HALMAHERA TENGAH, MALUKU UTARA",1,69,110,179
https://kawalpemilu.org#77358,"PENITI, PATANI TIMUR, HALMAHERA TENGAH, MALUKU UTARA",2,70,92,162
https://kawalpemilu.org#77358,"PENITI, PATANI TIMUR, HALMAHERA TENGAH, MALUKU UTARA",3,90,99,189
https://kawalpemilu.org#77359,"MASURE, PATANI TIMUR, HALMAHERA TENGAH, MALUKU UTARA",1,117,112,229
https://kawalpemilu.org#77359,"MASURE, PATANI TIMUR, HALMAHERA TENGAH, MALUKU UTARA",2,122,118,240
https://kawalpemilu.org#77360,"SAKAM, PATANI TIMUR, HALMAHERA TENGAH, MALUKU UTARA",1,118,37,155
https://kawalpemilu.org#77360,"SAKAM, PATANI TIMUR, HALMAHERA TENGAH, MALUKU UTARA",2,99,32,131
https://kawalpemilu.org#86117,"PALO, PATANI TIMUR, HALMAHERA TENGAH, MALUKU UTARA",1,155,44,199
https://kawalpemilu.org#86118,"DAMULI, PATANI TIMUR, HALMAHERA TENGAH, MALUKU UTARA",1,74,115,189
https://kawalpemilu.org#86118,"DAMULI, PATANI TIMUR, HALMAHERA TENGAH, MALUKU UTARA",2,71,110,181
https://kawalpemilu.org#86120,"NURSIFA, PATANI TIMUR, HALMAHERA TENGAH, MALUKU UTARA",1,143,113,256
https://kawalpemilu.org#77366,"SOA-SIO, GALELA, HALMAHERA UTARA, MALUKU UTARA",1,20,119,139
https://kawalpemilu.org#77366,"SOA-SIO, GALELA, HALMAHERA UTARA, MALUKU UTARA",2,37,142,179
https://kawalpemilu.org#77366,"SOA-SIO, GALELA, HALMAHERA UTARA, MALUKU UTARA",3,15,161,176
https://kawalpemilu.org#77366,"SOA-SIO, GALELA, HALMAHERA UTARA, MALUKU UTARA",4,45,123,168
https://kawalpemilu.org#77366,"SOA-SIO, GALELA, HALMAHERA UTARA, MALUKU UTARA",5,37,161,198
https://kawalpemilu.org#77367,"PUNE, GALELA, HALMAHERA UTARA, MALUKU UTARA",1,62,152,214
https://kawalpemilu.org#77367,"PUNE, GALELA, HALMAHERA UTARA, MALUKU UTARA",2,46,166,211
https://kawalpemilu.org#77368,"MAMUYA, GALELA, HALMAHERA UTARA, MALUKU UTARA",1,25,205,230
https://kawalpemilu.org#77368,"MAMUYA, GALELA, HALMAHERA UTARA, MALUKU UTARA",2,25,224,249
https://kawalpemilu.org#77368,"MAMUYA, GALELA, HALMAHERA UTARA, MALUKU UTARA",3,27,188,215
https://kawalpemilu.org#77368,"MAMUYA, GALELA, HALMAHERA UTARA, MALUKU UTARA",4,184,11,195
https://kawalpemilu.org#77368,"MAMUYA, GALELA, HALMAHERA UTARA, MALUKU UTARA",5,168,9,177
https://kawalpemilu.org#77368,"MAMUYA, GALELA, HALMAHERA UTARA, MALUKU UTARA",6,186,2,188
https://kawalpemilu.org#77369,"TOWEKA, GALELA, HALMAHERA UTARA, MALUKU UTARA",1,13,171,184
https://kawalpemilu.org#77369,"TOWEKA, GALELA, HALMAHERA UTARA, MALUKU UTARA",2,11,177,188
https://kawalpemilu.org#77370,"SIMAU, GALELA, HALMAHERA UTARA, MALUKU UTARA",1,38,145,183
https://kawalpemilu.org#77370,"SIMAU, GALELA, HALMAHERA UTARA, MALUKU UTARA",2,38,146,184
https://kawalpemilu.org#77370,"SIMAU, GALELA, HALMAHERA UTARA, MALUKU UTARA",3,21,174,195
https://kawalpemilu.org#77371,"BARATAKU, GALELA, HALMAHERA UTARA, MALUKU UTARA",1,10,197,207
https://kawalpemilu.org#77371,"BARATAKU, GALELA, HALMAHERA UTARA, MALUKU UTARA",2,19,174,193
https://kawalpemilu.org#77371,"BARATAKU, GALELA, HALMAHERA UTARA, MALUKU UTARA",3,15,182,197
https://kawalpemilu.org#77372,"TOWARA, GALELA, HALMAHERA UTARA, MALUKU UTARA",1,35,201,236
https://kawalpemilu.org#77372,"TOWARA, GALELA, HALMAHERA UTARA, MALUKU UTARA",2,36,205,241
https://kawalpemilu.org#77374,"GAMSUNGI, TOBELO, HALMAHERA UTARA, MALUKU UTARA",1,82,115,197
https://kawalpemilu.org#77374,"GAMSUNGI, TOBELO, HALMAHERA UTARA, MALUKU UTARA",5,103,137,240
https://kawalpemilu.org#77374,"GAMSUNGI, TOBELO, HALMAHERA UTARA, MALUKU UTARA",7,229,20,249
https://kawalpemilu.org#77374,"GAMSUNGI, TOBELO, HALMAHERA UTARA, MALUKU UTARA",8,63,137,200
https://kawalpemilu.org#77374,"GAMSUNGI, TOBELO, HALMAHERA UTARA, MALUKU UTARA",11,120,87,207
https://kawalpemilu.org#77374,"GAMSUNGI, TOBELO, HALMAHERA UTARA, MALUKU UTARA",12,72,152,224
https://kawalpemilu.org#77374,"GAMSUNGI, TOBELO, HALMAHERA UTARA, MALUKU UTARA",15,0,0,239
https://kawalpemilu.org#77375,"GURA, TOBELO, HALMAHERA UTARA, MALUKU UTARA",1,136,70,206
https://kawalpemilu.org#77375,"GURA, TOBELO, HALMAHERA UTARA, MALUKU UTARA",2,114,45,159
https://kawalpemilu.org#77375,"GURA, TOBELO, HALMAHERA UTARA, MALUKU UTARA",3,174,3,177
https://kawalpemilu.org#77375,"GURA, TOBELO, HALMAHERA UTARA, MALUKU UTARA",4,169,14,183
https://kawalpemilu.org#77375,"GURA, TOBELO, HALMAHERA UTARA, MALUKU UTARA",5,164,86,250
https://kawalpemilu.org#77375,"GURA, TOBELO, HALMAHERA UTARA, MALUKU UTARA",6,172,32,204
https://kawalpemilu.org#77375,"GURA, TOBELO, HALMAHERA UTARA, MALUKU UTARA",7,154,66,220
https://kawalpemilu.org#77375,"GURA, TOBELO, HALMAHERA UTARA, MALUKU UTARA",8,152,51,203
https://kawalpemilu.org#77375,"GURA, TOBELO, HALMAHERA UTARA, MALUKU UTARA",9,187,2,189
https://kawalpemilu.org#77375,"GURA, TOBELO, HALMAHERA UTARA, MALUKU UTARA",10,171,27,198
https://kawalpemilu.org#77375,"GURA, TOBELO, HALMAHERA UTARA, MALUKU UTARA",11,112,51,163
https://kawalpemilu.org#77375,"GURA, TOBELO, HALMAHERA UTARA, MALUKU UTARA",12,178,4,182
https://kawalpemilu.org#77375,"GURA, TOBELO, HALMAHERA UTARA, MALUKU UTARA",13,130,15,145
https://kawalpemilu.org#77376,"WARI, TOBELO, HALMAHERA UTARA, MALUKU UTARA",3,106,5,111
https://kawalpemilu.org#77376,"WARI, TOBELO, HALMAHERA UTARA, MALUKU UTARA",4,130,88,218
https://kawalpemilu.org#77376,"WARI, TOBELO, HALMAHERA UTARA, MALUKU UTARA",7,121,26,147
https://kawalpemilu.org#77376,"WARI, TOBELO, HALMAHERA UTARA, MALUKU UTARA",8,133,18,151
https://kawalpemilu.org#77377,"KAKARA, TOBELO, HALMAHERA UTARA, MALUKU UTARA",1,219,25,244
https://kawalpemilu.org#77377,"KAKARA, TOBELO, HALMAHERA UTARA, MALUKU UTARA",2,214,35,249
https://kawalpemilu.org#77378,"KUMO, TOBELO, HALMAHERA UTARA, MALUKU UTARA",1,177,2,179
https://kawalpemilu.org#77378,"KUMO, TOBELO, HALMAHERA UTARA, MALUKU UTARA",2,192,1,193
https://kawalpemilu.org#77379,"GOSOMA, TOBELO, HALMAHERA UTARA, MALUKU UTARA",1,99,42,141
https://kawalpemilu.org#77379,"GOSOMA, TOBELO, HALMAHERA UTARA, MALUKU UTARA",2,57,26,83
https://kawalpemilu.org#77379,"GOSOMA, TOBELO, HALMAHERA UTARA, MALUKU UTARA",3,70,71,141
https://kawalpemilu.org#77379,"GOSOMA, TOBELO, HALMAHERA UTARA, MALUKU UTARA",4,51,56,107
https://kawalpemilu.org#77379,"GOSOMA, TOBELO, HALMAHERA UTARA, MALUKU UTARA",5,98,28,126
https://kawalpemilu.org#77379,"GOSOMA, TOBELO, HALMAHERA UTARA, MALUKU UTARA",6,136,18,154
https://kawalpemilu.org#77379,"GOSOMA, TOBELO, HALMAHERA UTARA, MALUKU UTARA",7,154,5,159
https://kawalpemilu.org#77379,"GOSOMA, TOBELO, HALMAHERA UTARA, MALUKU UTARA",8,130,9,139
https://kawalpemilu.org#77379,"GOSOMA, TOBELO, HALMAHERA UTARA, MALUKU UTARA",9,63,61,124
https://kawalpemilu.org#77379,"GOSOMA, TOBELO, HALMAHERA UTARA, MALUKU UTARA",10,104,53,157
https://kawalpemilu.org#77379,"GOSOMA, TOBELO, HALMAHERA UTARA, MALUKU UTARA",11,61,64,125
https://kawalpemilu.org#77379,"GOSOMA, TOBELO, HALMAHERA UTARA, MALUKU UTARA",12,98,67,165
https://kawalpemilu.org#77379,"GOSOMA, TOBELO, HALMAHERA UTARA, MALUKU UTARA",13,70,80,150
https://kawalpemilu.org#77379,"GOSOMA, TOBELO, HALMAHERA UTARA, MALUKU UTARA",14,39,50,89
https://kawalpemilu.org#77379,"GOSOMA, TOBELO, HALMAHERA UTARA, MALUKU UTARA",15,49,96,145
https://kawalpemilu.org#77379,"GOSOMA, TOBELO, HALMAHERA UTARA, MALUKU UTARA",16,43,92,135
https://kawalpemilu.org#77379,"GOSOMA, TOBELO, HALMAHERA UTARA, MALUKU UTARA",17,95,21,116
https://kawalpemilu.org#77379,"GOSOMA, TOBELO, HALMAHERA UTARA, MALUKU UTARA",18,82,31,113
https://kawalpemilu.org#77379,"GOSOMA, TOBELO, HALMAHERA UTARA, MALUKU UTARA",19,114,39,153
https://kawalpemilu.org#77379,"GOSOMA, TOBELO, HALMAHERA UTARA, MALUKU UTARA",20,105,22,127
https://kawalpemilu.org#77379,"GOSOMA, TOBELO, HALMAHERA UTARA, MALUKU UTARA",21,157,8,165
https://kawalpemilu.org#77379,"GOSOMA, TOBELO, HALMAHERA UTARA, MALUKU UTARA",22,162,6,168
https://kawalpemilu.org#77379,"GOSOMA, TOBELO, HALMAHERA UTARA, MALUKU UTARA",23,169,15,184
https://kawalpemilu.org#77379,"GOSOMA, TOBELO, HALMAHERA UTARA, MALUKU UTARA",24,113,11,124
https://kawalpemilu.org#77380,"RAWAJAYA, TOBELO, HALMAHERA UTARA, MALUKU UTARA",1,47,64,111
https://kawalpemilu.org#77380,"RAWAJAYA, TOBELO, HALMAHERA UTARA, MALUKU UTARA",2,60,92,152
https://kawalpemilu.org#77380,"RAWAJAYA, TOBELO, HALMAHERA UTARA, MALUKU UTARA",3,44,138,182
https://kawalpemilu.org#77380,"RAWAJAYA, TOBELO, HALMAHERA UTARA, MALUKU UTARA",4,55,123,178
https://kawalpemilu.org#77380,"RAWAJAYA, TOBELO, HALMAHERA UTARA, MALUKU UTARA",5,56,80,136
https://kawalpemilu.org#77380,"RAWAJAYA, TOBELO, HALMAHERA UTARA, MALUKU UTARA",6,81,127,208
https://kawalpemilu.org#77380,"RAWAJAYA, TOBELO, HALMAHERA UTARA, MALUKU UTARA",7,56,139,195
https://kawalpemilu.org#77380,"RAWAJAYA, TOBELO, HALMAHERA UTARA, MALUKU UTARA",8,43,67,110
https://kawalpemilu.org#77380,"RAWAJAYA, TOBELO, HALMAHERA UTARA, MALUKU UTARA",9,34,79,113
https://kawalpemilu.org#77380,"RAWAJAYA, TOBELO, HALMAHERA UTARA, MALUKU UTARA",10,50,100,150
https://kawalpemilu.org#77380,"RAWAJAYA, TOBELO, HALMAHERA UTARA, MALUKU UTARA",11,36,103,139
https://kawalpemilu.org#77380,"RAWAJAYA, TOBELO, HALMAHERA UTARA, MALUKU UTARA",12,57,85,142
https://kawalpemilu.org#77380,"RAWAJAYA, TOBELO, HALMAHERA UTARA, MALUKU UTARA",14,37,120,157
https://kawalpemilu.org#77380,"RAWAJAYA, TOBELO, HALMAHERA UTARA, MALUKU UTARA",15,64,63,127
https://kawalpemilu.org#77381,"MKCM, TOBELO, HALMAHERA UTARA, MALUKU UTARA",1,220,3,223
https://kawalpemilu.org#77381,"MKCM, TOBELO, HALMAHERA UTARA, MALUKU UTARA",2,149,9,158
https://kawalpemilu.org#77381,"MKCM, TOBELO, HALMAHERA UTARA, MALUKU UTARA",3,204,6,210
https://kawalpemilu.org#77381,"MKCM, TOBELO, HALMAHERA UTARA, MALUKU UTARA",4,214,10,224
https://kawalpemilu.org#77381,"MKCM, TOBELO, HALMAHERA UTARA, MALUKU UTARA",5,181,4,185
https://kawalpemilu.org#77381,"MKCM, TOBELO, HALMAHERA UTARA, MALUKU UTARA",6,192,5,197
https://kawalpemilu.org#77381,"MKCM, TOBELO, HALMAHERA UTARA, MALUKU UTARA",7,170,5,175
https://kawalpemilu.org#77382,"TAGALAYA, TOBELO, HALMAHERA UTARA, MALUKU UTARA",1,149,0,149
https://kawalpemilu.org#77382,"TAGALAYA, TOBELO, HALMAHERA UTARA, MALUKU UTARA",2,144,0,144
https://kawalpemilu.org#77383,"WARI INO, TOBELO, HALMAHERA UTARA, MALUKU UTARA",1,122,3,125
https://kawalpemilu.org#77383,"WARI INO, TOBELO, HALMAHERA UTARA, MALUKU UTARA",2,135,2,137
https://kawalpemilu.org#77385,"KUPA KUPA, TOBELO SELATAN, HALMAHERA UTARA, MALUKU UTARA",1,160,1,160
https://kawalpemilu.org#77385,"KUPA KUPA, TOBELO SELATAN, HALMAHERA UTARA, MALUKU UTARA",2,172,0,172
https://kawalpemilu.org#77385,"KUPA KUPA, TOBELO SELATAN, HALMAHERA UTARA, MALUKU UTARA",3,184,2,186
https://kawalpemilu.org#77385,"KUPA KUPA, TOBELO SELATAN, HALMAHERA UTARA, MALUKU UTARA",4,167,1,168
https://kawalpemilu.org#77386,"GAMHOKU, TOBELO SELATAN, HALMAHERA UTARA, MALUKU UTARA",1,131,37,168
https://kawalpemilu.org#77386,"GAMHOKU, TOBELO SELATAN, HALMAHERA UTARA, MALUKU UTARA",2,143,20,163
https://kawalpemilu.org#77386,"GAMHOKU, TOBELO SELATAN, HALMAHERA UTARA, MALUKU UTARA",3,114,48,162
https://kawalpemilu.org#77386,"GAMHOKU, TOBELO SELATAN, HALMAHERA UTARA, MALUKU UTARA",4,136,44,180
https://kawalpemilu.org#77387,"EFI EFI, TOBELO SELATAN, HALMAHERA UTARA, MALUKU UTARA",1,176,15,191
https://kawalpemilu.org#77387,"EFI EFI, TOBELO SELATAN, HALMAHERA UTARA, MALUKU UTARA",2,182,10,192
https://kawalpemilu.org#77387,"EFI EFI, TOBELO SELATAN, HALMAHERA UTARA, MALUKU UTARA",3,178,7,185
https://kawalpemilu.org#77387,"EFI EFI, TOBELO SELATAN, HALMAHERA UTARA, MALUKU UTARA",4,178,3,181
https://kawalpemilu.org#77388,"TOMAHALU, TOBELO SELATAN, HALMAHERA UTARA, MALUKU UTARA",1,177,12,189
https://kawalpemilu.org#77388,"TOMAHALU, TOBELO SELATAN, HALMAHERA UTARA, MALUKU UTARA",2,141,5,146
https://kawalpemilu.org#77388,"TOMAHALU, TOBELO SELATAN, HALMAHERA UTARA, MALUKU UTARA",4,152,15,167
https://kawalpemilu.org#77389,"PACA, TOBELO SELATAN, HALMAHERA UTARA, MALUKU UTARA",1,192,17,209
https://kawalpemilu.org#77389,"PACA, TOBELO SELATAN, HALMAHERA UTARA, MALUKU UTARA",2,199,6,205
https://kawalpemilu.org#77389,"PACA, TOBELO SELATAN, HALMAHERA UTARA, MALUKU UTARA",3,136,5,141
https://kawalpemilu.org#77389,"PACA, TOBELO SELATAN, HALMAHERA UTARA, MALUKU UTARA",4,258,14,272
https://kawalpemilu.org#77389,"PACA, TOBELO SELATAN, HALMAHERA UTARA, MALUKU UTARA",5,188,7,195
https://kawalpemilu.org#77389,"PACA, TOBELO SELATAN, HALMAHERA UTARA, MALUKU UTARA",6,131,5,136
https://kawalpemilu.org#77390,"LELEOTO, TOBELO SELATAN, HALMAHERA UTARA, MALUKU UTARA",1,167,5,172
https://kawalpemilu.org#77390,"LELEOTO, TOBELO SELATAN, HALMAHERA UTARA, MALUKU UTARA",2,180,3,183
https://kawalpemilu.org#77390,"LELEOTO, TOBELO SELATAN, HALMAHERA UTARA, MALUKU UTARA",3,182,5,187
https://kawalpemilu.org#77390,"LELEOTO, TOBELO SELATAN, HALMAHERA UTARA, MALUKU UTARA",4,209,4,213
https://kawalpemilu.org#77390,"LELEOTO, TOBELO SELATAN, HALMAHERA UTARA, MALUKU UTARA",5,200,9,209
https://kawalpemilu.org#77391,"TOBE, TOBELO SELATAN, HALMAHERA UTARA, MALUKU UTARA",1,184,11,195
https://kawalpemilu.org#77391,"TOBE, TOBELO SELATAN, HALMAHERA UTARA, MALUKU UTARA",2,171,16,187
https://kawalpemilu.org#77392,"KAKARA B, TOBELO SELATAN, HALMAHERA UTARA, MALUKU UTARA",1,158,3,161
https://kawalpemilu.org#77392,"KAKARA B, TOBELO SELATAN, HALMAHERA UTARA, MALUKU UTARA",2,163,6,169
https://kawalpemilu.org#77393,"TALAGA PACA, TOBELO SELATAN, HALMAHERA UTARA, MALUKU UTARA",1,206,2,208
https://kawalpemilu.org#77393,"TALAGA PACA, TOBELO SELATAN, HALMAHERA UTARA, MALUKU UTARA",2,125,4,129
https://kawalpemilu.org#77394,"TIOUA, TOBELO SELATAN, HALMAHERA UTARA, MALUKU UTARA",1,216,4,220
https://kawalpemilu.org#77394,"TIOUA, TOBELO SELATAN, HALMAHERA UTARA, MALUKU UTARA",2,126,5,131
https://kawalpemilu.org#77394,"TIOUA, TOBELO SELATAN, HALMAHERA UTARA, MALUKU UTARA",3,129,6,135
https://kawalpemilu.org#77394,"TIOUA, TOBELO SELATAN, HALMAHERA UTARA, MALUKU UTARA",4,197,4,201
https://kawalpemilu.org#77395,"PALE, TOBELO SELATAN, HALMAHERA UTARA, MALUKU UTARA",1,107,100,207
https://kawalpemilu.org#77395,"PALE, TOBELO SELATAN, HALMAHERA UTARA, MALUKU UTARA",2,99,78,177
https://kawalpemilu.org#77395,"PALE, TOBELO SELATAN, HALMAHERA UTARA, MALUKU UTARA",3,107,113,220
https://kawalpemilu.org#77395,"PALE, TOBELO SELATAN, HALMAHERA UTARA, MALUKU UTARA",4,99,55,154
https://kawalpemilu.org#77396,"KUPA-KUPA SELATAN (HALEHE), TOBELO SELATAN, HALMAHERA UTARA, MALUKU UTARA",1,169,5,174
https://kawalpemilu.org#77396,"KUPA-KUPA SELATAN (HALEHE), TOBELO SELATAN, HALMAHERA UTARA, MALUKU UTARA",2,193,0,193
https://kawalpemilu.org#77396,"KUPA-KUPA SELATAN (HALEHE), TOBELO SELATAN, HALMAHERA UTARA, MALUKU UTARA",3,188,4,192
https://kawalpemilu.org#77396,"KUPA-KUPA SELATAN (HALEHE), TOBELO SELATAN, HALMAHERA UTARA, MALUKU UTARA",4,173,3,176
https://kawalpemilu.org#77397,"LEMAH INO, TOBELO SELATAN, HALMAHERA UTARA, MALUKU UTARA",1,164,5,169
https://kawalpemilu.org#77397,"LEMAH INO, TOBELO SELATAN, HALMAHERA UTARA, MALUKU UTARA",2,174,6,180
https://kawalpemilu.org#77400,"JATI, KAO, HALMAHERA UTARA, MALUKU UTARA",2,230,8,238
https://kawalpemilu.org#77414,"NGOFAKIAHA, MALIFUT, HALMAHERA UTARA, MALUKU UTARA",1,48,85,133
https://kawalpemilu.org#77414,"NGOFAKIAHA, MALIFUT, HALMAHERA UTARA, MALUKU UTARA",2,57,92,149
https://kawalpemilu.org#77415,"NGOFAGITA, MALIFUT, HALMAHERA UTARA, MALUKU UTARA",1,87,154,241
https://kawalpemilu.org#77416,"SAMSUMA, MALIFUT, HALMAHERA UTARA, MALUKU UTARA",1,66,176,242
https://kawalpemilu.org#77416,"SAMSUMA, MALIFUT, HALMAHERA UTARA, MALUKU UTARA",2,61,153,214
https://kawalpemilu.org#77417,"TAHANE, MALIFUT, HALMAHERA UTARA, MALUKU UTARA",1,20,160,180
https://kawalpemilu.org#77417,"TAHANE, MALIFUT, HALMAHERA UTARA, MALUKU UTARA",2,33,115,148
https://kawalpemilu.org#77417,"TAHANE, MALIFUT, HALMAHERA UTARA, MALUKU UTARA",3,32,114,146
https://kawalpemilu.org#77417,"TAHANE, MALIFUT, HALMAHERA UTARA, MALUKU UTARA",4,31,139,170
https://kawalpemilu.org#77418,"MATSA, MALIFUT, HALMAHERA UTARA, MALUKU UTARA",1,34,183,217
https://kawalpemilu.org#77418,"MATSA, MALIFUT, HALMAHERA UTARA, MALUKU UTARA",2,14,148,162
https://kawalpemilu.org#77420,"TALAPAO, MALIFUT, HALMAHERA UTARA, MALUKU UTARA",1,57,126,183
https://kawalpemilu.org#77421,"TAFASOHO, MALIFUT, HALMAHERA UTARA, MALUKU UTARA",1,40,113,153
https://kawalpemilu.org#77422,"SABALEH, MALIFUT, HALMAHERA UTARA, MALUKU UTARA",1,5,131,136
https://kawalpemilu.org#77423,"TAGONO, MALIFUT, HALMAHERA UTARA, MALUKU UTARA",1,37,179,216
https://kawalpemilu.org#77424,"SOMA, MALIFUT, HALMAHERA UTARA, MALUKU UTARA",1,15,107,122
https://kawalpemilu.org#77424,"SOMA, MALIFUT, HALMAHERA UTARA, MALUKU UTARA",2,47,72,119
https://kawalpemilu.org#77426,"MALAPA, MALIFUT, HALMAHERA UTARA, MALUKU UTARA",1,43,127,170
https://kawalpemilu.org#77427,"MAILOA, MALIFUT, HALMAHERA UTARA, MALUKU UTARA",1,38,70,108
https://kawalpemilu.org#77427,"MAILOA, MALIFUT, HALMAHERA UTARA, MALUKU UTARA",2,46,108,154
https://kawalpemilu.org#77428,"PELERI, MALIFUT, HALMAHERA UTARA, MALUKU UTARA",1,50,173,223
https://kawalpemilu.org#77428,"PELERI, MALIFUT, HALMAHERA UTARA, MALUKU UTARA",2,30,186,216
https://kawalpemilu.org#77429,"BUKIT TINGGI, MALIFUT, HALMAHERA UTARA, MALUKU UTARA",1,17,148,165
https://kawalpemilu.org#77429,"BUKIT TINGGI, MALIFUT, HALMAHERA UTARA, MALUKU UTARA",2,22,147,169
https://kawalpemilu.org#77430,"TERPADU, MALIFUT, HALMAHERA UTARA, MALUKU UTARA",1,56,69,125
https://kawalpemilu.org#77431,"TABOBO, MALIFUT, HALMAHERA UTARA, MALUKU UTARA",1,31,101,132
https://kawalpemilu.org#77431,"TABOBO, MALIFUT, HALMAHERA UTARA, MALUKU UTARA",2,66,80,146
https://kawalpemilu.org#77431,"TABOBO, MALIFUT, HALMAHERA UTARA, MALUKU UTARA",3,139,64,203
https://kawalpemilu.org#77431,"TABOBO, MALIFUT, HALMAHERA UTARA, MALUKU UTARA",4,11,120,131
https://kawalpemilu.org#77433,"SOSOL, MALIFUT, HALMAHERA UTARA, MALUKU UTARA",1,154,5,159
https://kawalpemilu.org#77433,"SOSOL, MALIFUT, HALMAHERA UTARA, MALUKU UTARA",2,129,11,140
https://kawalpemilu.org#77433,"SOSOL, MALIFUT, HALMAHERA UTARA, MALUKU UTARA",3,154,8,162
https://kawalpemilu.org#77433,"SOSOL, MALIFUT, HALMAHERA UTARA, MALUKU UTARA",4,131,6,137
https://kawalpemilu.org#77434,"WANGEOTAK, MALIFUT, HALMAHERA UTARA, MALUKU UTARA",1,200,9,209
https://kawalpemilu.org#77434,"WANGEOTAK, MALIFUT, HALMAHERA UTARA, MALUKU UTARA",2,157,8,165
https://kawalpemilu.org#77435,"GAYOK, MALIFUT, HALMAHERA UTARA, MALUKU UTARA",1,162,6,168
https://kawalpemilu.org#77435,"GAYOK, MALIFUT, HALMAHERA UTARA, MALUKU UTARA",2,147,9,156
https://kawalpemilu.org#77437,"DORUME, LOLODA UTARA, HALMAHERA UTARA, MALUKU UTARA",1,195,0,195
https://kawalpemilu.org#77437,"DORUME, LOLODA UTARA, HALMAHERA UTARA, MALUKU UTARA",2,184,0,184
https://kawalpemilu.org#77438,"APULEA, LOLODA UTARA, HALMAHERA UTARA, MALUKU UTARA",1,215,4,219
https://kawalpemilu.org#77439,"ASIMIRO, LOLODA UTARA, HALMAHERA UTARA, MALUKU UTARA",1,152,6,158
https://kawalpemilu.org#77439,"ASIMIRO, LOLODA UTARA, HALMAHERA UTARA, MALUKU UTARA",2,151,6,157
https://kawalpemilu.org#77440,"DOITIA, LOLODA UTARA, HALMAHERA UTARA, MALUKU UTARA",1,175,3,178
https://kawalpemilu.org#77440,"DOITIA, LOLODA UTARA, HALMAHERA UTARA, MALUKU UTARA",2,153,2,155
https://kawalpemilu.org#77441,"NGAJAM, LOLODA UTARA, HALMAHERA UTARA, MALUKU UTARA",1,211,2,213
https://kawalpemilu.org#77442,"KAILUPA, LOLODA UTARA, HALMAHERA UTARA, MALUKU UTARA",1,144,0,144
https://kawalpemilu.org#77442,"KAILUPA, LOLODA UTARA, HALMAHERA UTARA, MALUKU UTARA",2,156,1,157
https://kawalpemilu.org#77443,"GISIK, LOLODA UTARA, HALMAHERA UTARA, MALUKU UTARA",1,116,15,131
https://kawalpemilu.org#77443,"GISIK, LOLODA UTARA, HALMAHERA UTARA, MALUKU UTARA",2,113,19,132
https://kawalpemilu.org#77444,"KAPA KAPA, LOLODA UTARA, HALMAHERA UTARA, MALUKU UTARA",1,153,3,156
https://kawalpemilu.org#77445,"POCAO, LOLODA UTARA, HALMAHERA UTARA, MALUKU UTARA",1,29,169,198
https://kawalpemilu.org#77445,"POCAO, LOLODA UTARA, HALMAHERA UTARA, MALUKU UTARA",2,54,151,205
https://kawalpemilu.org#77446,"TATE, LOLODA UTARA, HALMAHERA UTARA, MALUKU UTARA",1,8,118,126
https://kawalpemilu.org#77446,"TATE, LOLODA UTARA, HALMAHERA UTARA, MALUKU UTARA",2,21,118,139
https://kawalpemilu.org#77447,"POSI- POSI, LOLODA UTARA, HALMAHERA UTARA, MALUKU UTARA",2,146,7,153
https://kawalpemilu.org#77447,"POSI- POSI, LOLODA UTARA, HALMAHERA UTARA, MALUKU UTARA",3,147,5,152
https://kawalpemilu.org#77448,"SUPU, LOLODA UTARA, HALMAHERA UTARA, MALUKU UTARA",1,9,207,216
https://kawalpemilu.org#77448,"SUPU, LOLODA UTARA, HALMAHERA UTARA, MALUKU UTARA",2,18,193,211
https://kawalpemilu.org#77448,"SUPU, LOLODA UTARA, HALMAHERA UTARA, MALUKU UTARA",3,30,183,213
https://kawalpemilu.org#77448,"SUPU, LOLODA UTARA, HALMAHERA UTARA, MALUKU UTARA",4,17,196,213
https://kawalpemilu.org#77449,"IGO, LOLODA UTARA, HALMAHERA UTARA, MALUKU UTARA",1,166,3,169
https://kawalpemilu.org#77449,"IGO, LOLODA UTARA, HALMAHERA UTARA, MALUKU UTARA",2,172,3,175
https://kawalpemilu.org#77450,"GALAO, LOLODA UTARA, HALMAHERA UTARA, MALUKU UTARA",1,12,152,164
https://kawalpemilu.org#77451,"TERU-TERU, LOLODA UTARA, HALMAHERA UTARA, MALUKU UTARA",1,190,5,195
https://kawalpemilu.org#77452,"WORIMOI, LOLODA UTARA, HALMAHERA UTARA, MALUKU UTARA",1,52,96,148
https://kawalpemilu.org#77453,"PODOL, LOLODA UTARA, HALMAHERA UTARA, MALUKU UTARA",1,142,9,151
https://kawalpemilu.org#77454,"MOMOJIU, LOLODA UTARA, HALMAHERA UTARA, MALUKU UTARA",1,205,3,208
https://kawalpemilu.org#77456,"GORUA, TOBELO UTARA, HALMAHERA UTARA, MALUKU UTARA",1,33,143,176
https://kawalpemilu.org#77456,"GORUA, TOBELO UTARA, HALMAHERA UTARA, MALUKU UTARA",2,33,177,210
https://kawalpemilu.org#77456,"GORUA, TOBELO UTARA, HALMAHERA UTARA, MALUKU UTARA",3,44,156,200
https://kawalpemilu.org#77456,"GORUA, TOBELO UTARA, HALMAHERA UTARA, MALUKU UTARA",4,24,192,216
https://kawalpemilu.org#77456,"GORUA, TOBELO UTARA, HALMAHERA UTARA, MALUKU UTARA",5,37,122,159
https://kawalpemilu.org#77456,"GORUA, TOBELO UTARA, HALMAHERA UTARA, MALUKU UTARA",6,18,176,194
https://kawalpemilu.org#77457,"POPILO, TOBELO UTARA, HALMAHERA UTARA, MALUKU UTARA",1,22,152,174
https://kawalpemilu.org#77457,"POPILO, TOBELO UTARA, HALMAHERA UTARA, MALUKU UTARA",2,21,112,133
https://kawalpemilu.org#77457,"POPILO, TOBELO UTARA, HALMAHERA UTARA, MALUKU UTARA",3,19,163,182
https://kawalpemilu.org#77457,"POPILO, TOBELO UTARA, HALMAHERA UTARA, MALUKU UTARA",4,23,194,217
https://kawalpemilu.org#77457,"POPILO, TOBELO UTARA, HALMAHERA UTARA, MALUKU UTARA",5,24,123,147
https://kawalpemilu.org#77457,"POPILO, TOBELO UTARA, HALMAHERA UTARA, MALUKU UTARA",6,22,151,173
https://kawalpemilu.org#77458,"LUARI, TOBELO UTARA, HALMAHERA UTARA, MALUKU UTARA",1,61,145,206
https://kawalpemilu.org#77458,"LUARI, TOBELO UTARA, HALMAHERA UTARA, MALUKU UTARA",2,54,132,186
https://kawalpemilu.org#77458,"LUARI, TOBELO UTARA, HALMAHERA UTARA, MALUKU UTARA",3,63,148,211
https://kawalpemilu.org#77458,"LUARI, TOBELO UTARA, HALMAHERA UTARA, MALUKU UTARA",4,59,128,187
https://kawalpemilu.org#77459,"POPILO UTARA, TOBELO UTARA, HALMAHERA UTARA, MALUKU UTARA",1,142,5,147
https://kawalpemilu.org#77459,"POPILO UTARA, TOBELO UTARA, HALMAHERA UTARA, MALUKU UTARA",2,132,3,135
https://kawalpemilu.org#77460,"TOLONUO, TOBELO UTARA, HALMAHERA UTARA, MALUKU UTARA",1,32,153,185
https://kawalpemilu.org#77460,"TOLONUO, TOBELO UTARA, HALMAHERA UTARA, MALUKU UTARA",2,21,181,202
https://kawalpemilu.org#77460,"TOLONUO, TOBELO UTARA, HALMAHERA UTARA, MALUKU UTARA",3,15,185,200
https://kawalpemilu.org#77461,"GORUA SELATAN, TOBELO UTARA, HALMAHERA UTARA, MALUKU UTARA",2,63,83,146
https://kawalpemilu.org#77461,"GORUA SELATAN, TOBELO UTARA, HALMAHERA UTARA, MALUKU UTARA",3,26,63,89
https://kawalpemilu.org#77461,"GORUA SELATAN, TOBELO UTARA, HALMAHERA UTARA, MALUKU UTARA",4,61,75,136
https://kawalpemilu.org#77461,"GORUA SELATAN, TOBELO UTARA, HALMAHERA UTARA, MALUKU UTARA",5,72,83,155
https://kawalpemilu.org#77461,"GORUA SELATAN, TOBELO UTARA, HALMAHERA UTARA, MALUKU UTARA",6,47,71,118
https://kawalpemilu.org#77461,"GORUA SELATAN, TOBELO UTARA, HALMAHERA UTARA, MALUKU UTARA",7,64,61,125
https://kawalpemilu.org#77462,"GORUA UTARA, TOBELO UTARA, HALMAHERA UTARA, MALUKU UTARA",1,26,181,207
https://kawalpemilu.org#77462,"GORUA UTARA, TOBELO UTARA, HALMAHERA UTARA, MALUKU UTARA",2,28,164,192
https://kawalpemilu.org#77462,"GORUA UTARA, TOBELO UTARA, HALMAHERA UTARA, MALUKU UTARA",3,26,169,195
https://kawalpemilu.org#77463,"KOKOTA JAYA, TOBELO UTARA, HALMAHERA UTARA, MALUKU UTARA",1,172,4,176
https://kawalpemilu.org#77463,"KOKOTA JAYA, TOBELO UTARA, HALMAHERA UTARA, MALUKU UTARA",2,163,5,168
https://kawalpemilu.org#77463,"KOKOTA JAYA, TOBELO UTARA, HALMAHERA UTARA, MALUKU UTARA",3,175,2,177
https://kawalpemilu.org#77464,"RUKO, TOBELO UTARA, HALMAHERA UTARA, MALUKU UTARA",1,164,6,170
https://kawalpemilu.org#77464,"RUKO, TOBELO UTARA, HALMAHERA UTARA, MALUKU UTARA",2,172,3,175
https://kawalpemilu.org#77464,"RUKO, TOBELO UTARA, HALMAHERA UTARA, MALUKU UTARA",3,163,7,170
https://kawalpemilu.org#77465,"TOLONUO SELATAN, TOBELO UTARA, HALMAHERA UTARA, MALUKU UTARA",1,43,199,242
https://kawalpemilu.org#77465,"TOLONUO SELATAN, TOBELO UTARA, HALMAHERA UTARA, MALUKU UTARA",2,87,149,236
https://kawalpemilu.org#77467,"UPA, TOBELO TENGAH, HALMAHERA UTARA, MALUKU UTARA",1,197,4,201
https://kawalpemilu.org#77467,"UPA, TOBELO TENGAH, HALMAHERA UTARA, MALUKU UTARA",2,213,2,215
https://kawalpemilu.org#77468,"PITU, TOBELO TENGAH, HALMAHERA UTARA, MALUKU UTARA",1,182,11,193
https://kawalpemilu.org#77468,"PITU, TOBELO TENGAH, HALMAHERA UTARA, MALUKU UTARA",2,185,7,192
https://kawalpemilu.org#77468,"PITU, TOBELO TENGAH, HALMAHERA UTARA, MALUKU UTARA",4,182,4,186
https://kawalpemilu.org#77469,"WOSIA, TOBELO TENGAH, HALMAHERA UTARA, MALUKU UTARA",1,155,6,161
https://kawalpemilu.org#77469,"WOSIA, TOBELO TENGAH, HALMAHERA UTARA, MALUKU UTARA",2,190,11,201
https://kawalpemilu.org#77469,"WOSIA, TOBELO TENGAH, HALMAHERA UTARA, MALUKU UTARA",3,161,5,166
https://kawalpemilu.org#77469,"WOSIA, TOBELO TENGAH, HALMAHERA UTARA, MALUKU UTARA",5,194,4,198
https://kawalpemilu.org#77469,"WOSIA, TOBELO TENGAH, HALMAHERA UTARA, MALUKU UTARA",6,209,5,214
https://kawalpemilu.org#77469,"WOSIA, TOBELO TENGAH, HALMAHERA UTARA, MALUKU UTARA",7,136,7,143
https://kawalpemilu.org#77469,"WOSIA, TOBELO TENGAH, HALMAHERA UTARA, MALUKU UTARA",8,175,9,184
https://kawalpemilu.org#77469,"WOSIA, TOBELO TENGAH, HALMAHERA UTARA, MALUKU UTARA",9,149,9,158
https://kawalpemilu.org#77470,"WKO, TOBELO TENGAH, HALMAHERA UTARA, MALUKU UTARA",1,177,8,185
https://kawalpemilu.org#77470,"WKO, TOBELO TENGAH, HALMAHERA UTARA, MALUKU UTARA",2,148,9,157
https://kawalpemilu.org#77470,"WKO, TOBELO TENGAH, HALMAHERA UTARA, MALUKU UTARA",3,195,4,199
https://kawalpemilu.org#77470,"WKO, TOBELO TENGAH, HALMAHERA UTARA, MALUKU UTARA",4,172,2,174
https://kawalpemilu.org#77470,"WKO, TOBELO TENGAH, HALMAHERA UTARA, MALUKU UTARA",5,199,3,202
https://kawalpemilu.org#77471,"KALI PITU, TOBELO TENGAH, HALMAHERA UTARA, MALUKU UTARA",1,225,6,231
https://kawalpemilu.org#77471,"KALI PITU, TOBELO TENGAH, HALMAHERA UTARA, MALUKU UTARA",2,227,3,230
https://kawalpemilu.org#77472,"KALI UPA, TOBELO TENGAH, HALMAHERA UTARA, MALUKU UTARA",1,200,9,209
https://kawalpemilu.org#77472,"KALI UPA, TOBELO TENGAH, HALMAHERA UTARA, MALUKU UTARA",2,195,7,202
https://kawalpemilu.org#77473,"LINA INO, TOBELO TENGAH, HALMAHERA UTARA, MALUKU UTARA",1,248,9,257
https://kawalpemilu.org#77473,"LINA INO, TOBELO TENGAH, HALMAHERA UTARA, MALUKU UTARA",2,230,11,241
https://kawalpemilu.org#77473,"LINA INO, TOBELO TENGAH, HALMAHERA UTARA, MALUKU UTARA",3,144,5,149
https://kawalpemilu.org#77473,"LINA INO, TOBELO TENGAH, HALMAHERA UTARA, MALUKU UTARA",4,242,2,244
https://kawalpemilu.org#77473,"LINA INO, TOBELO TENGAH, HALMAHERA UTARA, MALUKU UTARA",5,218,2,220
https://kawalpemilu.org#77473,"LINA INO, TOBELO TENGAH, HALMAHERA UTARA, MALUKU UTARA",6,139,5,144
https://kawalpemilu.org#77473,"LINA INO, TOBELO TENGAH, HALMAHERA UTARA, MALUKU UTARA",7,143,8,151
https://kawalpemilu.org#77474,"MAHIA, TOBELO TENGAH, HALMAHERA UTARA, MALUKU UTARA",1,146,8,154
https://kawalpemilu.org#77474,"MAHIA, TOBELO TENGAH, HALMAHERA UTARA, MALUKU UTARA",2,111,5,116
https://kawalpemilu.org#77474,"MAHIA, TOBELO TENGAH, HALMAHERA UTARA, MALUKU UTARA",3,172,5,177
https://kawalpemilu.org#77474,"MAHIA, TOBELO TENGAH, HALMAHERA UTARA, MALUKU UTARA",4,199,2,201
https://kawalpemilu.org#77474,"MAHIA, TOBELO TENGAH, HALMAHERA UTARA, MALUKU UTARA",5,172,5,177
https://kawalpemilu.org#77474,"MAHIA, TOBELO TENGAH, HALMAHERA UTARA, MALUKU UTARA",6,145,4,149
https://kawalpemilu.org#77474,"MAHIA, TOBELO TENGAH, HALMAHERA UTARA, MALUKU UTARA",7,204,5,209
https://kawalpemilu.org#77475,"TANJUNG NIARA, TOBELO TENGAH, HALMAHERA UTARA, MALUKU UTARA",1,209,5,214
https://kawalpemilu.org#77475,"TANJUNG NIARA, TOBELO TENGAH, HALMAHERA UTARA, MALUKU UTARA",2,178,9,187
https://kawalpemilu.org#77475,"TANJUNG NIARA, TOBELO TENGAH, HALMAHERA UTARA, MALUKU UTARA",3,198,3,201
https://kawalpemilu.org#77475,"TANJUNG NIARA, TOBELO TENGAH, HALMAHERA UTARA, MALUKU UTARA",4,175,14,189
https://kawalpemilu.org#77477,"YARO, TOBELO TIMUR, HALMAHERA UTARA, MALUKU UTARA",1,182,3,185
https://kawalpemilu.org#77477,"YARO, TOBELO TIMUR, HALMAHERA UTARA, MALUKU UTARA",2,159,4,163
https://kawalpemilu.org#77477,"YARO, TOBELO TIMUR, HALMAHERA UTARA, MALUKU UTARA",3,181,6,187
https://kawalpemilu.org#77477,"YARO, TOBELO TIMUR, HALMAHERA UTARA, MALUKU UTARA",4,169,6,175
https://kawalpemilu.org#77478,"MAWEA, TOBELO TIMUR, HALMAHERA UTARA, MALUKU UTARA",1,162,12,174
https://kawalpemilu.org#77478,"MAWEA, TOBELO TIMUR, HALMAHERA UTARA, MALUKU UTARA",2,116,11,127
https://kawalpemilu.org#77478,"MAWEA, TOBELO TIMUR, HALMAHERA UTARA, MALUKU UTARA",3,145,5,150
https://kawalpemilu.org#77478,"MAWEA, TOBELO TIMUR, HALMAHERA UTARA, MALUKU UTARA",4,169,9,178
https://kawalpemilu.org#77478,"MAWEA, TOBELO TIMUR, HALMAHERA UTARA, MALUKU UTARA",5,117,17,134
https://kawalpemilu.org#77479,"METI, TOBELO TIMUR, HALMAHERA UTARA, MALUKU UTARA",1,168,8,176
https://kawalpemilu.org#77479,"METI, TOBELO TIMUR, HALMAHERA UTARA, MALUKU UTARA",2,168,3,171
https://kawalpemilu.org#77479,"METI, TOBELO TIMUR, HALMAHERA UTARA, MALUKU UTARA",3,204,8,212
https://kawalpemilu.org#77479,"METI, TOBELO TIMUR, HALMAHERA UTARA, MALUKU UTARA",4,214,5,219
https://kawalpemilu.org#77479,"METI, TOBELO TIMUR, HALMAHERA UTARA, MALUKU UTARA",5,176,3,179
https://kawalpemilu.org#77480,"KATANA, TOBELO TIMUR, HALMAHERA UTARA, MALUKU UTARA",1,172,8,180
https://kawalpemilu.org#77480,"KATANA, TOBELO TIMUR, HALMAHERA UTARA, MALUKU UTARA",2,144,28,172
https://kawalpemilu.org#77480,"KATANA, TOBELO TIMUR, HALMAHERA UTARA, MALUKU UTARA",3,164,17,181
https://kawalpemilu.org#77481,"GONGA, TOBELO TIMUR, HALMAHERA UTARA, MALUKU UTARA",1,103,2,105
https://kawalpemilu.org#77481,"GONGA, TOBELO TIMUR, HALMAHERA UTARA, MALUKU UTARA",2,165,7,172
https://kawalpemilu.org#77481,"GONGA, TOBELO TIMUR, HALMAHERA UTARA, MALUKU UTARA",3,130,4,134
https://kawalpemilu.org#77482,"TODOKUIHA, TOBELO TIMUR, HALMAHERA UTARA, MALUKU UTARA",1,149,16,165
https://kawalpemilu.org#77482,"TODOKUIHA, TOBELO TIMUR, HALMAHERA UTARA, MALUKU UTARA",2,140,12,152
https://kawalpemilu.org#77482,"TODOKUIHA, TOBELO TIMUR, HALMAHERA UTARA, MALUKU UTARA",3,186,13,199
https://kawalpemilu.org#77482,"TODOKUIHA, TOBELO TIMUR, HALMAHERA UTARA, MALUKU UTARA",4,128,14,142
https://kawalpemilu.org#77484,"KUSURI, TOBELO BARAT, HALMAHERA UTARA, MALUKU UTARA",1,226,6,232
https://kawalpemilu.org#77484,"KUSURI, TOBELO BARAT, HALMAHERA UTARA, MALUKU UTARA",2,153,8,161
https://kawalpemilu.org#77484,"KUSURI, TOBELO BARAT, HALMAHERA UTARA, MALUKU UTARA",3,201,0,201
https://kawalpemilu.org#77484,"KUSURI, TOBELO BARAT, HALMAHERA UTARA, MALUKU UTARA",4,225,3,228
https://kawalpemilu.org#77484,"KUSURI, TOBELO BARAT, HALMAHERA UTARA, MALUKU UTARA",5,229,8,237
https://kawalpemilu.org#77484,"KUSURI, TOBELO BARAT, HALMAHERA UTARA, MALUKU UTARA",6,117,1,118
https://kawalpemilu.org#77484,"KUSURI, TOBELO BARAT, HALMAHERA UTARA, MALUKU UTARA",7,112,1,113
https://kawalpemilu.org#77484,"KUSURI, TOBELO BARAT, HALMAHERA UTARA, MALUKU UTARA",8,157,14,171
https://kawalpemilu.org#77484,"KUSURI, TOBELO BARAT, HALMAHERA UTARA, MALUKU UTARA",9,147,6,155
https://kawalpemilu.org#77485,"SUKAMAJU, TOBELO BARAT, HALMAHERA UTARA, MALUKU UTARA",1,148,12,160
https://kawalpemilu.org#77485,"SUKAMAJU, TOBELO BARAT, HALMAHERA UTARA, MALUKU UTARA",2,154,5,159
https://kawalpemilu.org#77485,"SUKAMAJU, TOBELO BARAT, HALMAHERA UTARA, MALUKU UTARA",3,61,52,113
https://kawalpemilu.org#77486,"TOGOLIUA, TOBELO BARAT, HALMAHERA UTARA, MALUKU UTARA",1,19,117,136
https://kawalpemilu.org#77486,"TOGOLIUA, TOBELO BARAT, HALMAHERA UTARA, MALUKU UTARA",2,20,164,184
https://kawalpemilu.org#77486,"TOGOLIUA, TOBELO BARAT, HALMAHERA UTARA, MALUKU UTARA",3,14,114,128
https://kawalpemilu.org#77486,"TOGOLIUA, TOBELO BARAT, HALMAHERA UTARA, MALUKU UTARA",4,25,117,142
https://kawalpemilu.org#77487,"BIRINOA, TOBELO BARAT, HALMAHERA UTARA, MALUKU UTARA",2,160,1,161
https://kawalpemilu.org#77488,"WANGONGIRA, TOBELO BARAT, HALMAHERA UTARA, MALUKU UTARA",1,99,9,108
https://kawalpemilu.org#77488,"WANGONGIRA, TOBELO BARAT, HALMAHERA UTARA, MALUKU UTARA",2,116,3,119
https://kawalpemilu.org#77490,"SOATABARU, GALELA BARAT, HALMAHERA UTARA, MALUKU UTARA",1,143,38,181
https://kawalpemilu.org#77490,"SOATABARU, GALELA BARAT, HALMAHERA UTARA, MALUKU UTARA",2,144,26,170
https://kawalpemilu.org#77490,"SOATABARU, GALELA BARAT, HALMAHERA UTARA, MALUKU UTARA",3,176,18,194
https://kawalpemilu.org#77490,"SOATABARU, GALELA BARAT, HALMAHERA UTARA, MALUKU UTARA",4,181,6,187
https://kawalpemilu.org#77491,"DOKULAMO, GALELA BARAT, HALMAHERA UTARA, MALUKU UTARA",1,94,121,215
https://kawalpemilu.org#77491,"DOKULAMO, GALELA BARAT, HALMAHERA UTARA, MALUKU UTARA",2,92,158,250
https://kawalpemilu.org#77491,"DOKULAMO, GALELA BARAT, HALMAHERA UTARA, MALUKU UTARA",3,53,160,213
https://kawalpemilu.org#77491,"DOKULAMO, GALELA BARAT, HALMAHERA UTARA, MALUKU UTARA",4,47,154,201
https://kawalpemilu.org#77491,"DOKULAMO, GALELA BARAT, HALMAHERA UTARA, MALUKU UTARA",5,127,66,193
https://kawalpemilu.org#77491,"DOKULAMO, GALELA BARAT, HALMAHERA UTARA, MALUKU UTARA",6,80,132,212
https://kawalpemilu.org#77492,"DUMA, GALELA BARAT, HALMAHERA UTARA, MALUKU UTARA",1,92,1,93
https://kawalpemilu.org#77492,"DUMA, GALELA BARAT, HALMAHERA UTARA, MALUKU UTARA",2,100,1,101
https://kawalpemilu.org#77492,"DUMA, GALELA BARAT, HALMAHERA UTARA, MALUKU UTARA",3,183,10,193
https://kawalpemilu.org#77492,"DUMA, GALELA BARAT, HALMAHERA UTARA, MALUKU UTARA",4,208,7,215
https://kawalpemilu.org#77492,"DUMA, GALELA BARAT, HALMAHERA UTARA, MALUKU UTARA",5,162,10,172
https://kawalpemilu.org#77492,"DUMA, GALELA BARAT, HALMAHERA UTARA, MALUKU UTARA",6,162,3,165
https://kawalpemilu.org#77493,"GOTALAMO, GALELA BARAT, HALMAHERA UTARA, MALUKU UTARA",1,23,144,167
https://kawalpemilu.org#77493,"GOTALAMO, GALELA BARAT, HALMAHERA UTARA, MALUKU UTARA",2,16,136,152
https://kawalpemilu.org#77494,"MAKETE, GALELA BARAT, HALMAHERA UTARA, MALUKU UTARA",1,214,8,222
https://kawalpemilu.org#77495,"NGIDIHO, GALELA BARAT, HALMAHERA UTARA, MALUKU UTARA",1,22,157,179
https://kawalpemilu.org#77495,"NGIDIHO, GALELA BARAT, HALMAHERA UTARA, MALUKU UTARA",2,40,131,171
https://kawalpemilu.org#77495,"NGIDIHO, GALELA BARAT, HALMAHERA UTARA, MALUKU UTARA",3,19,124,143
https://kawalpemilu.org#77495,"NGIDIHO, GALELA BARAT, HALMAHERA UTARA, MALUKU UTARA",4,30,141,171
https://kawalpemilu.org#77495,"NGIDIHO, GALELA BARAT, HALMAHERA UTARA, MALUKU UTARA",5,11,136,147
https://kawalpemilu.org#77495,"NGIDIHO, GALELA BARAT, HALMAHERA UTARA, MALUKU UTARA",6,58,108,166
https://kawalpemilu.org#77496,"ROKO, GALELA BARAT, HALMAHERA UTARA, MALUKU UTARA",2,192,12,204
https://kawalpemilu.org#77496,"ROKO, GALELA BARAT, HALMAHERA UTARA, MALUKU UTARA",3,180,9,189
https://kawalpemilu.org#77497,"SAMUDA, GALELA BARAT, HALMAHERA UTARA, MALUKU UTARA",1,185,2,187
https://kawalpemilu.org#77497,"SAMUDA, GALELA BARAT, HALMAHERA UTARA, MALUKU UTARA",2,187,5,192
https://kawalpemilu.org#77497,"SAMUDA, GALELA BARAT, HALMAHERA UTARA, MALUKU UTARA",3,201,1,202
https://kawalpemilu.org#77498,"KIRA, GALELA BARAT, HALMAHERA UTARA, MALUKU UTARA",1,51,113,164
https://kawalpemilu.org#77498,"KIRA, GALELA BARAT, HALMAHERA UTARA, MALUKU UTARA",2,44,171,215
https://kawalpemilu.org#77498,"KIRA, GALELA BARAT, HALMAHERA UTARA, MALUKU UTARA",3,86,103,189
https://kawalpemilu.org#77500,"LIMAU, GALELA UTARA, HALMAHERA UTARA, MALUKU UTARA",1,88,116,204
https://kawalpemilu.org#77500,"LIMAU, GALELA UTARA, HALMAHERA UTARA, MALUKU UTARA",2,66,145,211
https://kawalpemilu.org#77501,"LALONGA, GALELA UTARA, HALMAHERA UTARA, MALUKU UTARA",1,51,130,181
https://kawalpemilu.org#77501,"LALONGA, GALELA UTARA, HALMAHERA UTARA, MALUKU UTARA",2,66,132,198
https://kawalpemilu.org#77502,"BOBISINGO, GALELA UTARA, HALMAHERA UTARA, MALUKU UTARA",1,26,171,197
https://kawalpemilu.org#77502,"BOBISINGO, GALELA UTARA, HALMAHERA UTARA, MALUKU UTARA",2,21,201,222
https://kawalpemilu.org#77502,"BOBISINGO, GALELA UTARA, HALMAHERA UTARA, MALUKU UTARA",3,70,139,209
https://kawalpemilu.org#77503,"SALIMULI, GALELA UTARA, HALMAHERA UTARA, MALUKU UTARA",1,74,91,165
https://kawalpemilu.org#77503,"SALIMULI, GALELA UTARA, HALMAHERA UTARA, MALUKU UTARA",2,76,81,157
https://kawalpemilu.org#77503,"SALIMULI, GALELA UTARA, HALMAHERA UTARA, MALUKU UTARA",3,82,89,171
https://kawalpemilu.org#77503,"SALIMULI, GALELA UTARA, HALMAHERA UTARA, MALUKU UTARA",4,97,47,144
https://kawalpemilu.org#77504,"TUTUMALOLEO, GALELA UTARA, HALMAHERA UTARA, MALUKU UTARA",1,25,186,211
https://kawalpemilu.org#77504,"TUTUMALOLEO, GALELA UTARA, HALMAHERA UTARA, MALUKU UTARA",2,18,209,227
https://kawalpemilu.org#77505,"SALUTA, GALELA UTARA, HALMAHERA UTARA, MALUKU UTARA",1,141,17,158
https://kawalpemilu.org#77505,"SALUTA, GALELA UTARA, HALMAHERA UTARA, MALUKU UTARA",2,118,24,142
https://kawalpemilu.org#77505,"SALUTA, GALELA UTARA, HALMAHERA UTARA, MALUKU UTARA",3,148,28,176
https://kawalpemilu.org#77505,"SALUTA, GALELA UTARA, HALMAHERA UTARA, MALUKU UTARA",4,59,94,153
https://kawalpemilu.org#77506,"JERE, GALELA UTARA, HALMAHERA UTARA, MALUKU UTARA",1,30,146,176
https://kawalpemilu.org#77506,"JERE, GALELA UTARA, HALMAHERA UTARA, MALUKU UTARA",2,32,137,169
https://kawalpemilu.org#77507,"DODOWO, GALELA UTARA, HALMAHERA UTARA, MALUKU UTARA",1,99,92,191
https://kawalpemilu.org#77507,"DODOWO, GALELA UTARA, HALMAHERA UTARA, MALUKU UTARA",2,124,78,202
https://kawalpemilu.org#77508,"TOGASA, GALELA UTARA, HALMAHERA UTARA, MALUKU UTARA",1,171,16,187
https://kawalpemilu.org#77508,"TOGASA, GALELA UTARA, HALMAHERA UTARA, MALUKU UTARA",2,163,30,193
https://kawalpemilu.org#77509,"BERINGIN JAYA, GALELA UTARA, HALMAHERA UTARA, MALUKU UTARA",1,131,50,181
https://kawalpemilu.org#77510,"PELITA, GALELA UTARA, HALMAHERA UTARA, MALUKU UTARA",1,172,5,177
https://kawalpemilu.org#77510,"PELITA, GALELA UTARA, HALMAHERA UTARA, MALUKU UTARA",2,181,1,182
https://kawalpemilu.org#77511,"JERE TUA, GALELA UTARA, HALMAHERA UTARA, MALUKU UTARA",1,13,141,154
https://kawalpemilu.org#77513,"SEKI, GALELA SELATAN, HALMAHERA UTARA, MALUKU UTARA",1,79,65,144
https://kawalpemilu.org#77513,"SEKI, GALELA SELATAN, HALMAHERA UTARA, MALUKU UTARA",2,49,111,160
https://kawalpemilu.org#77513,"SEKI, GALELA SELATAN, HALMAHERA UTARA, MALUKU UTARA",3,96,62,158
https://kawalpemilu.org#77514,"TOGAWA, GALELA SELATAN, HALMAHERA UTARA, MALUKU UTARA",1,118,115,233
https://kawalpemilu.org#77514,"TOGAWA, GALELA SELATAN, HALMAHERA UTARA, MALUKU UTARA",2,86,102,188
https://kawalpemilu.org#77514,"TOGAWA, GALELA SELATAN, HALMAHERA UTARA, MALUKU UTARA",3,130,88,218
https://kawalpemilu.org#77514,"TOGAWA, GALELA SELATAN, HALMAHERA UTARA, MALUKU UTARA",4,94,119,213
https://kawalpemilu.org#77515,"SOAKONORA, GALELA SELATAN, HALMAHERA UTARA, MALUKU UTARA",1,85,112,197
https://kawalpemilu.org#77515,"SOAKONORA, GALELA SELATAN, HALMAHERA UTARA, MALUKU UTARA",2,56,120,176
https://kawalpemilu.org#77515,"SOAKONORA, GALELA SELATAN, HALMAHERA UTARA, MALUKU UTARA",3,56,96,152
https://kawalpemilu.org#77515,"SOAKONORA, GALELA SELATAN, HALMAHERA UTARA, MALUKU UTARA",4,29,131,160
https://kawalpemilu.org#77515,"SOAKONORA, GALELA SELATAN, HALMAHERA UTARA, MALUKU UTARA",5,97,79,176
https://kawalpemilu.org#77515,"SOAKONORA, GALELA SELATAN, HALMAHERA UTARA, MALUKU UTARA",6,98,103,201
https://kawalpemilu.org#77515,"SOAKONORA, GALELA SELATAN, HALMAHERA UTARA, MALUKU UTARA",7,55,109,164
https://kawalpemilu.org#77515,"SOAKONORA, GALELA SELATAN, HALMAHERA UTARA, MALUKU UTARA",8,44,114,158
https://kawalpemilu.org#77515,"SOAKONORA, GALELA SELATAN, HALMAHERA UTARA, MALUKU UTARA",9,65,104,169
https://kawalpemilu.org#77516,"IGOBULA, GALELA SELATAN, HALMAHERA UTARA, MALUKU UTARA",1,0,0,0
https://kawalpemilu.org#77516,"IGOBULA, GALELA SELATAN, HALMAHERA UTARA, MALUKU UTARA",2,60,226,286
https://kawalpemilu.org#77516,"IGOBULA, GALELA SELATAN, HALMAHERA UTARA, MALUKU UTARA",3,39,154,193
https://kawalpemilu.org#77516,"IGOBULA, GALELA SELATAN, HALMAHERA UTARA, MALUKU UTARA",4,46,166,212
https://kawalpemilu.org#77516,"IGOBULA, GALELA SELATAN, HALMAHERA UTARA, MALUKU UTARA",5,14,158,199
https://kawalpemilu.org#77516,"IGOBULA, GALELA SELATAN, HALMAHERA UTARA, MALUKU UTARA",6,66,189,255
https://kawalpemilu.org#77516,"IGOBULA, GALELA SELATAN, HALMAHERA UTARA, MALUKU UTARA",7,0,0,181
https://kawalpemilu.org#77517,"BALE, GALELA SELATAN, HALMAHERA UTARA, MALUKU UTARA",1,127,2,129
https://kawalpemilu.org#77517,"BALE, GALELA SELATAN, HALMAHERA UTARA, MALUKU UTARA",2,148,5,153
https://kawalpemilu.org#77518,"TOGAWA BESI, GALELA SELATAN, HALMAHERA UTARA, MALUKU UTARA",1,37,118,155
https://kawalpemilu.org#77518,"TOGAWA BESI, GALELA SELATAN, HALMAHERA UTARA, MALUKU UTARA",2,62,115,177
https://kawalpemilu.org#77518,"TOGAWA BESI, GALELA SELATAN, HALMAHERA UTARA, MALUKU UTARA",3,48,125,173
https://kawalpemilu.org#77519,"ORI, GALELA SELATAN, HALMAHERA UTARA, MALUKU UTARA",1,74,155,229
https://kawalpemilu.org#77519,"ORI, GALELA SELATAN, HALMAHERA UTARA, MALUKU UTARA",2,45,154,199
https://kawalpemilu.org#77521,"SALUBE, LOLODA KEPULAUAN, HALMAHERA UTARA, MALUKU UTARA",1,22,123,145
https://kawalpemilu.org#77521,"SALUBE, LOLODA KEPULAUAN, HALMAHERA UTARA, MALUKU UTARA",2,23,137,160
https://kawalpemilu.org#77521,"SALUBE, LOLODA KEPULAUAN, HALMAHERA UTARA, MALUKU UTARA",4,18,154,172
https://kawalpemilu.org#77521,"SALUBE, LOLODA KEPULAUAN, HALMAHERA UTARA, MALUKU UTARA",5,81,167,185
https://kawalpemilu.org#77522,"DAMA, LOLODA KEPULAUAN, HALMAHERA UTARA, MALUKU UTARA",1,29,137,166
https://kawalpemilu.org#77522,"DAMA, LOLODA KEPULAUAN, HALMAHERA UTARA, MALUKU UTARA",2,25,115,144
https://kawalpemilu.org#77522,"DAMA, LOLODA KEPULAUAN, HALMAHERA UTARA, MALUKU UTARA",3,37,138,175
https://kawalpemilu.org#77522,"DAMA, LOLODA KEPULAUAN, HALMAHERA UTARA, MALUKU UTARA",4,42,121,163
https://kawalpemilu.org#77522,"DAMA, LOLODA KEPULAUAN, HALMAHERA UTARA, MALUKU UTARA",5,32,113,145
https://kawalpemilu.org#77523,"DOWONGGILA, LOLODA KEPULAUAN, HALMAHERA UTARA, MALUKU UTARA",1,149,1,150
https://kawalpemilu.org#77523,"DOWONGGILA, LOLODA KEPULAUAN, HALMAHERA UTARA, MALUKU UTARA",2,112,0,112
https://kawalpemilu.org#77525,"JIKOLAMO, LOLODA KEPULAUAN, HALMAHERA UTARA, MALUKU UTARA",1,41,98,139
https://kawalpemilu.org#77526,"DAGASULI, LOLODA KEPULAUAN, HALMAHERA UTARA, MALUKU UTARA",1,29,143,172
https://kawalpemilu.org#77526,"DAGASULI, LOLODA KEPULAUAN, HALMAHERA UTARA, MALUKU UTARA",3,10,117,127
https://kawalpemilu.org#77527,"DEDETA, LOLODA KEPULAUAN, HALMAHERA UTARA, MALUKU UTARA",1,13,151,164
https://kawalpemilu.org#77527,"DEDETA, LOLODA KEPULAUAN, HALMAHERA UTARA, MALUKU UTARA",2,9,258,267
https://kawalpemilu.org#77528,"FITAKO, LOLODA KEPULAUAN, HALMAHERA UTARA, MALUKU UTARA",2,42,140,182
https://kawalpemilu.org#77529,"TOBO TOBO, LOLODA KEPULAUAN, HALMAHERA UTARA, MALUKU UTARA",1,89,68,157
https://kawalpemilu.org#77529,"TOBO TOBO, LOLODA KEPULAUAN, HALMAHERA UTARA, MALUKU UTARA",2,122,87,209
https://kawalpemilu.org#77529,"TOBO TOBO, LOLODA KEPULAUAN, HALMAHERA UTARA, MALUKU UTARA",3,98,47,145
https://kawalpemilu.org#77530,"CERA, LOLODA KEPULAUAN, HALMAHERA UTARA, MALUKU UTARA",1,119,0,119
https://kawalpemilu.org#77530,"CERA, LOLODA KEPULAUAN, HALMAHERA UTARA, MALUKU UTARA",2,118,1,119
https://kawalpemilu.org#930474,"TUAKARA, LOLODA KEPULAUAN, HALMAHERA UTARA, MALUKU UTARA",1,19,216,235
https://kawalpemilu.org#77532,"WATETO, KAO UTARA, HALMAHERA UTARA, MALUKU UTARA",1,232,2,234
https://kawalpemilu.org#77532,"WATETO, KAO UTARA, HALMAHERA UTARA, MALUKU UTARA",2,233,4,233
https://kawalpemilu.org#77533,"GULO, KAO UTARA, HALMAHERA UTARA, MALUKU UTARA",1,185,8,193
https://kawalpemilu.org#77533,"GULO, KAO UTARA, HALMAHERA UTARA, MALUKU UTARA",2,166,0,166
https://kawalpemilu.org#77533,"GULO, KAO UTARA, HALMAHERA UTARA, MALUKU UTARA",3,174,5,179
https://kawalpemilu.org#77534,"TUNUO, KAO UTARA, HALMAHERA UTARA, MALUKU UTARA",1,178,7,185
https://kawalpemilu.org#77534,"TUNUO, KAO UTARA, HALMAHERA UTARA, MALUKU UTARA",2,191,6,197
https://kawalpemilu.org#77534,"TUNUO, KAO UTARA, HALMAHERA UTARA, MALUKU UTARA",3,180,5,185
https://kawalpemilu.org#77535,"PEDIWANG, KAO UTARA, HALMAHERA UTARA, MALUKU UTARA",1,198,33,231
https://kawalpemilu.org#77535,"PEDIWANG, KAO UTARA, HALMAHERA UTARA, MALUKU UTARA",2,178,22,200
https://kawalpemilu.org#77535,"PEDIWANG, KAO UTARA, HALMAHERA UTARA, MALUKU UTARA",3,210,38,248
https://kawalpemilu.org#77535,"PEDIWANG, KAO UTARA, HALMAHERA UTARA, MALUKU UTARA",4,201,37,238
https://kawalpemilu.org#77536,"BORI, KAO UTARA, HALMAHERA UTARA, MALUKU UTARA",1,164,19,183
https://kawalpemilu.org#77536,"BORI, KAO UTARA, HALMAHERA UTARA, MALUKU UTARA",2,145,13,158
https://kawalpemilu.org#77536,"BORI, KAO UTARA, HALMAHERA UTARA, MALUKU UTARA",3,180,6,186
https://kawalpemilu.org#77536,"BORI, KAO UTARA, HALMAHERA UTARA, MALUKU UTARA",4,128,12,140
https://kawalpemilu.org#77537,"DORO, KAO UTARA, HALMAHERA UTARA, MALUKU UTARA",1,145,16,161
https://kawalpemilu.org#77537,"DORO, KAO UTARA, HALMAHERA UTARA, MALUKU UTARA",2,192,14,206
https://kawalpemilu.org#77537,"DORO, KAO UTARA, HALMAHERA UTARA, MALUKU UTARA",3,165,21,186
https://kawalpemilu.org#77537,"DORO, KAO UTARA, HALMAHERA UTARA, MALUKU UTARA",4,162,12,174
https://kawalpemilu.org#77537,"DORO, KAO UTARA, HALMAHERA UTARA, MALUKU UTARA",5,214,18,232
https://kawalpemilu.org#77538,"DARU, KAO UTARA, HALMAHERA UTARA, MALUKU UTARA",1,160,19,179
https://kawalpemilu.org#77538,"DARU, KAO UTARA, HALMAHERA UTARA, MALUKU UTARA",2,170,9,179
https://kawalpemilu.org#77538,"DARU, KAO UTARA, HALMAHERA UTARA, MALUKU UTARA",3,188,15,203
https://kawalpemilu.org#77538,"DARU, KAO UTARA, HALMAHERA UTARA, MALUKU UTARA",4,170,11,181
https://kawalpemilu.org#77538,"DARU, KAO UTARA, HALMAHERA UTARA, MALUKU UTARA",5,185,6,192
https://kawalpemilu.org#77538,"DARU, KAO UTARA, HALMAHERA UTARA, MALUKU UTARA",6,164,14,178
https://kawalpemilu.org#77539,"BOBALE, KAO UTARA, HALMAHERA UTARA, MALUKU UTARA",1,169,2,171
https://kawalpemilu.org#77539,"BOBALE, KAO UTARA, HALMAHERA UTARA, MALUKU UTARA",2,185,1,186
https://kawalpemilu.org#77539,"BOBALE, KAO UTARA, HALMAHERA UTARA, MALUKU UTARA",3,176,3,179
https://kawalpemilu.org#77540,"GAMLAHA, KAO UTARA, HALMAHERA UTARA, MALUKU UTARA",1,220,12,232
https://kawalpemilu.org#77540,"GAMLAHA, KAO UTARA, HALMAHERA UTARA, MALUKU UTARA",2,191,15,206
https://kawalpemilu.org#77540,"GAMLAHA, KAO UTARA, HALMAHERA UTARA, MALUKU UTARA",3,226,6,232
https://kawalpemilu.org#77541,"BOULAMO, KAO UTARA, HALMAHERA UTARA, MALUKU UTARA",1,131,8,139
https://kawalpemilu.org#77542,"WARUDU, KAO UTARA, HALMAHERA UTARA, MALUKU UTARA",1,217,9,226
https://kawalpemilu.org#77543,"DOWONGIMAITI, KAO UTARA, HALMAHERA UTARA, MALUKU UTARA",1,192,3,195
https://kawalpemilu.org#77545,"GAGA APOK, KAO BARAT, HALMAHERA UTARA, MALUKU UTARA",1,149,9,158
https://kawalpemilu.org#77546,"NGOALI, KAO BARAT, HALMAHERA UTARA, MALUKU UTARA",1,181,4,185
https://kawalpemilu.org#77547,"MOMODA, KAO BARAT, HALMAHERA UTARA, MALUKU UTARA",1,140,4,144
https://kawalpemilu.org#77548,"TOLIWANG, KAO BARAT, HALMAHERA UTARA, MALUKU UTARA",1,218,3,221
https://kawalpemilu.org#77548,"TOLIWANG, KAO BARAT, HALMAHERA UTARA, MALUKU UTARA",2,219,1,220
https://kawalpemilu.org#77549,"TOLABIT, KAO BARAT, HALMAHERA UTARA, MALUKU UTARA",1,238,6,244
https://kawalpemilu.org#77550,"LELESENG, KAO BARAT, HALMAHERA UTARA, MALUKU UTARA",1,171,6,177
https://kawalpemilu.org#77551,"SOA HUKUM, KAO BARAT, HALMAHERA UTARA, MALUKU UTARA",1,200,5,205
https://kawalpemilu.org#77552,"SOA MAETEK, KAO BARAT, HALMAHERA UTARA, MALUKU UTARA",1,151,41,192
https://kawalpemilu.org#77552,"SOA MAETEK, KAO BARAT, HALMAHERA UTARA, MALUKU UTARA",2,178,27,205
https://kawalpemilu.org#77552,"SOA MAETEK, KAO BARAT, HALMAHERA UTARA, MALUKU UTARA",3,189,9,198
https://kawalpemilu.org#77553,"BAILENGIT, KAO BARAT, HALMAHERA UTARA, MALUKU UTARA",1,148,16,164
https://kawalpemilu.org#77553,"BAILENGIT, KAO BARAT, HALMAHERA UTARA, MALUKU UTARA",2,128,21,149
https://kawalpemilu.org#77554,"TUGUIS, KAO BARAT, HALMAHERA UTARA, MALUKU UTARA",1,124,7,131
https://kawalpemilu.org#77554,"TUGUIS, KAO BARAT, HALMAHERA UTARA, MALUKU UTARA",2,124,6,130
https://kawalpemilu.org#77555,"PARSEBA, KAO BARAT, HALMAHERA UTARA, MALUKU UTARA",1,176,9,185
https://kawalpemilu.org#77556,"PITAGO, KAO BARAT, HALMAHERA UTARA, MALUKU UTARA",1,145,20,165
https://kawalpemilu.org#77556,"PITAGO, KAO BARAT, HALMAHERA UTARA, MALUKU UTARA",2,149,4,153
https://kawalpemilu.org#77557,"KAI, KAO BARAT, HALMAHERA UTARA, MALUKU UTARA",1,179,13,192
https://kawalpemilu.org#77557,"KAI, KAO BARAT, HALMAHERA UTARA, MALUKU UTARA",2,185,17,202
https://kawalpemilu.org#77558,"TOBOULAMO, KAO BARAT, HALMAHERA UTARA, MALUKU UTARA",1,200,10,210
https://kawalpemilu.org#77559,"MAKARTI, KAO BARAT, HALMAHERA UTARA, MALUKU UTARA",1,167,27,194
https://kawalpemilu.org#77559,"MAKARTI, KAO BARAT, HALMAHERA UTARA, MALUKU UTARA",2,138,26,164
https://kawalpemilu.org#77560,"SANGAJI JAYA, KAO BARAT, HALMAHERA UTARA, MALUKU UTARA",1,179,3,182
https://kawalpemilu.org#77561,"TAKIMO, KAO BARAT, HALMAHERA UTARA, MALUKU UTARA",1,100,1,101
https://kawalpemilu.org#77562,"TORAWAT, KAO BARAT, HALMAHERA UTARA, MALUKU UTARA",1,199,5,204
https://kawalpemilu.org#77563,"WONOSARI, KAO BARAT, HALMAHERA UTARA, MALUKU UTARA",1,129,41,170
https://kawalpemilu.org#77564,"BERINGIN AGUNG, KAO BARAT, HALMAHERA UTARA, MALUKU UTARA",1,99,25,124
https://kawalpemilu.org#77564,"BERINGIN AGUNG, KAO BARAT, HALMAHERA UTARA, MALUKU UTARA",2,94,30,124
https://kawalpemilu.org#77565,"MARGOMOLYO, KAO BARAT, HALMAHERA UTARA, MALUKU UTARA",1,137,10,147
https://kawalpemilu.org#77565,"MARGOMOLYO, KAO BARAT, HALMAHERA UTARA, MALUKU UTARA",2,131,14,145
https://kawalpemilu.org#77567,"TIOWOR, KAO TELUK, HALMAHERA UTARA, MALUKU UTARA",1,26,111,137
https://kawalpemilu.org#77567,"TIOWOR, KAO TELUK, HALMAHERA UTARA, MALUKU UTARA",2,48,105,153
https://kawalpemilu.org#77568,"MAKAELING, KAO TELUK, HALMAHERA UTARA, MALUKU UTARA",1,63,140,203
https://kawalpemilu.org#77568,"MAKAELING, KAO TELUK, HALMAHERA UTARA, MALUKU UTARA",2,42,153,195
https://kawalpemilu.org#77569,"TABANOMA, KAO TELUK, HALMAHERA UTARA, MALUKU UTARA",1,20,170,190
https://kawalpemilu.org#77570,"BARUMADEHE, KAO TELUK, HALMAHERA UTARA, MALUKU UTARA",1,34,146,181
https://kawalpemilu.org#77571,"KUNTUM MEKAR, KAO TELUK, HALMAHERA UTARA, MALUKU UTARA",1,8,107,115
https://kawalpemilu.org#77571,"KUNTUM MEKAR, KAO TELUK, HALMAHERA UTARA, MALUKU UTARA",2,26,104,130
https://kawalpemilu.org#77572,"PASIR PUTIH, KAO TELUK, HALMAHERA UTARA, MALUKU UTARA",1,120,2,122
https://kawalpemilu.org#77572,"PASIR PUTIH, KAO TELUK, HALMAHERA UTARA, MALUKU UTARA",2,174,4,178
https://kawalpemilu.org#77573,"BOBANEIGO, KAO TELUK, HALMAHERA UTARA, MALUKU UTARA",1,31,79,110
https://kawalpemilu.org#77573,"BOBANEIGO, KAO TELUK, HALMAHERA UTARA, MALUKU UTARA",2,21,39,60
https://kawalpemilu.org#77573,"BOBANEIGO, KAO TELUK, HALMAHERA UTARA, MALUKU UTARA",3,15,42,57
https://kawalpemilu.org#77573,"BOBANEIGO, KAO TELUK, HALMAHERA UTARA, MALUKU UTARA",4,41,90,131
https://kawalpemilu.org#77573,"BOBANEIGO, KAO TELUK, HALMAHERA UTARA, MALUKU UTARA",5,42,60,102
https://kawalpemilu.org#77573,"BOBANEIGO, KAO TELUK, HALMAHERA UTARA, MALUKU UTARA",6,0,0,0
https://kawalpemilu.org#77573,"BOBANEIGO, KAO TELUK, HALMAHERA UTARA, MALUKU UTARA",7,26,55,81
https://kawalpemilu.org#77573,"BOBANEIGO, KAO TELUK, HALMAHERA UTARA, MALUKU UTARA",8,43,83,126
https://kawalpemilu.org#77573,"BOBANEIGO, KAO TELUK, HALMAHERA UTARA, MALUKU UTARA",9,19,44,63
https://kawalpemilu.org#77573,"BOBANEIGO, KAO TELUK, HALMAHERA UTARA, MALUKU UTARA",10,57,82,139
https://kawalpemilu.org#77573,"BOBANEIGO, KAO TELUK, HALMAHERA UTARA, MALUKU UTARA",11,38,82,120
https://kawalpemilu.org#77574,"TETEWANG, KAO TELUK, HALMAHERA UTARA, MALUKU UTARA",1,38,5,43
https://kawalpemilu.org#77574,"TETEWANG, KAO TELUK, HALMAHERA UTARA, MALUKU UTARA",2,44,2,46
https://kawalpemilu.org#77574,"TETEWANG, KAO TELUK, HALMAHERA UTARA, MALUKU UTARA",3,47,60,107
https://kawalpemilu.org#77574,"TETEWANG, KAO TELUK, HALMAHERA UTARA, MALUKU UTARA",4,119,22,141
https://kawalpemilu.org#77574,"TETEWANG, KAO TELUK, HALMAHERA UTARA, MALUKU UTARA",5,79,4,83
https://kawalpemilu.org#77575,"AKELAMO KAO, KAO TELUK, HALMAHERA UTARA, MALUKU UTARA",1,65,123,188
https://kawalpemilu.org#77575,"AKELAMO KAO, KAO TELUK, HALMAHERA UTARA, MALUKU UTARA",2,49,73,122
https://kawalpemilu.org#77575,"AKELAMO KAO, KAO TELUK, HALMAHERA UTARA, MALUKU UTARA",3,9,109,118
https://kawalpemilu.org#77575,"AKELAMO KAO, KAO TELUK, HALMAHERA UTARA, MALUKU UTARA",4,20,130,150
https://kawalpemilu.org#77575,"AKELAMO KAO, KAO TELUK, HALMAHERA UTARA, MALUKU UTARA",5,0,0,0
https://kawalpemilu.org#77576,"GAMSUNGI, KAO TELUK, HALMAHERA UTARA, MALUKU UTARA",1,36,3,39
https://kawalpemilu.org#77576,"GAMSUNGI, KAO TELUK, HALMAHERA UTARA, MALUKU UTARA",2,91,10,101
https://kawalpemilu.org#77577,"DUM-DUM, KAO TELUK, HALMAHERA UTARA, MALUKU UTARA",1,77,5,82
https://kawalpemilu.org#77577,"DUM-DUM, KAO TELUK, HALMAHERA UTARA, MALUKU UTARA",2,125,2,127
https://kawalpemilu.org#77580,"RABUTDAIYO, PULAU MAKIAN, HALMAHERA SELATAN, MALUKU UTARA",1,50,180,230
https://kawalpemilu.org#77580,"RABUTDAIYO, PULAU MAKIAN, HALMAHERA SELATAN, MALUKU UTARA",2,36,177,213
https://kawalpemilu.org#77580,"RABUTDAIYO, PULAU MAKIAN, HALMAHERA SELATAN, MALUKU UTARA",3,45,170,215
https://kawalpemilu.org#77581,"WAIKYON, PULAU MAKIAN, HALMAHERA SELATAN, MALUKU UTARA",1,53,139,192
https://kawalpemilu.org#77583,"WALO, PULAU MAKIAN, HALMAHERA SELATAN, MALUKU UTARA",1,78,122,200
https://kawalpemilu.org#77584,"DALAM, PULAU MAKIAN, HALMAHERA SELATAN, MALUKU UTARA",1,48,90,138
https://kawalpemilu.org#77584,"DALAM, PULAU MAKIAN, HALMAHERA SELATAN, MALUKU UTARA",2,63,74,137
https://kawalpemilu.org#77586,"KYOWOR, PULAU MAKIAN, HALMAHERA SELATAN, MALUKU UTARA",1,42,102,144
https://kawalpemilu.org#77586,"KYOWOR, PULAU MAKIAN, HALMAHERA SELATAN, MALUKU UTARA",3,30,109,139
https://kawalpemilu.org#77587,"MATAN TENGIN, PULAU MAKIAN, HALMAHERA SELATAN, MALUKU UTARA",1,22,109,131
https://kawalpemilu.org#77587,"MATAN TENGIN, PULAU MAKIAN, HALMAHERA SELATAN, MALUKU UTARA",3,16,78,94
https://kawalpemilu.org#77587,"MATAN TENGIN, PULAU MAKIAN, HALMAHERA SELATAN, MALUKU UTARA",4,4,89,93
https://kawalpemilu.org#77588,"SANGAPATI, PULAU MAKIAN, HALMAHERA SELATAN, MALUKU UTARA",1,46,169,215
https://kawalpemilu.org#77588,"SANGAPATI, PULAU MAKIAN, HALMAHERA SELATAN, MALUKU UTARA",2,21,144,165
https://kawalpemilu.org#77588,"SANGAPATI, PULAU MAKIAN, HALMAHERA SELATAN, MALUKU UTARA",3,35,146,181
https://kawalpemilu.org#77588,"SANGAPATI, PULAU MAKIAN, HALMAHERA SELATAN, MALUKU UTARA",4,11,150,161
https://kawalpemilu.org#77590,"PLOIYLI, PULAU MAKIAN, HALMAHERA SELATAN, MALUKU UTARA",1,38,175,213
https://kawalpemilu.org#77590,"PLOIYLI, PULAU MAKIAN, HALMAHERA SELATAN, MALUKU UTARA",2,27,180,207
https://kawalpemilu.org#77591,"DAURI, PULAU MAKIAN, HALMAHERA SELATAN, MALUKU UTARA",1,52,119,171
https://kawalpemilu.org#77591,"DAURI, PULAU MAKIAN, HALMAHERA SELATAN, MALUKU UTARA",2,41,140,181
https://kawalpemilu.org#77591,"DAURI, PULAU MAKIAN, HALMAHERA SELATAN, MALUKU UTARA",3,44,111,155
https://kawalpemilu.org#77591,"DAURI, PULAU MAKIAN, HALMAHERA SELATAN, MALUKU UTARA",4,58,105,163
https://kawalpemilu.org#77593,"WAILOA, PULAU MAKIAN, HALMAHERA SELATAN, MALUKU UTARA",1,60,65,125
https://kawalpemilu.org#77593,"WAILOA, PULAU MAKIAN, HALMAHERA SELATAN, MALUKU UTARA",2,71,60,131
https://kawalpemilu.org#77594,"WAIGITANG, PULAU MAKIAN, HALMAHERA SELATAN, MALUKU UTARA",1,12,157,169
https://kawalpemilu.org#77594,"WAIGITANG, PULAU MAKIAN, HALMAHERA SELATAN, MALUKU UTARA",2,12,141,153
https://kawalpemilu.org#77596,"SIKO, KAYOA, HALMAHERA SELATAN, MALUKU UTARA",1,80,156,236
https://kawalpemilu.org#77597,"GAFI, KAYOA, HALMAHERA SELATAN, MALUKU UTARA",1,83,88,171
https://kawalpemilu.org#77598,"LAIGOMA, KAYOA, HALMAHERA SELATAN, MALUKU UTARA",1,11,112,123
https://kawalpemilu.org#77599,"LIGUA, KAYOA, HALMAHERA SELATAN, MALUKU UTARA",1,16,42,58
https://kawalpemilu.org#77600,"KIDA, KAYOA, HALMAHERA SELATAN, MALUKU UTARA",1,6,108,114
https://kawalpemilu.org#77601,"BULI, KAYOA, HALMAHERA SELATAN, MALUKU UTARA",1,38,148,186
https://kawalpemilu.org#77602,"TALIMAU, KAYOA, HALMAHERA SELATAN, MALUKU UTARA",1,100,114,214
https://kawalpemilu.org#77602,"TALIMAU, KAYOA, HALMAHERA SELATAN, MALUKU UTARA",2,121,110,231
https://kawalpemilu.org#77603,"GUNANGE, KAYOA, HALMAHERA SELATAN, MALUKU UTARA",1,50,84,134
https://kawalpemilu.org#77603,"GUNANGE, KAYOA, HALMAHERA SELATAN, MALUKU UTARA",2,56,84,140
https://kawalpemilu.org#77604,"LELEI, KAYOA, HALMAHERA SELATAN, MALUKU UTARA",1,39,157,196
https://kawalpemilu.org#77604,"LELEI, KAYOA, HALMAHERA SELATAN, MALUKU UTARA",2,67,114,181
https://kawalpemilu.org#77605,"BAJO, KAYOA, HALMAHERA SELATAN, MALUKU UTARA",1,42,128,170
https://kawalpemilu.org#77605,"BAJO, KAYOA, HALMAHERA SELATAN, MALUKU UTARA",2,38,190,228
https://kawalpemilu.org#77605,"BAJO, KAYOA, HALMAHERA SELATAN, MALUKU UTARA",4,36,154,190
https://kawalpemilu.org#77605,"BAJO, KAYOA, HALMAHERA SELATAN, MALUKU UTARA",5,28,144,172
https://kawalpemilu.org#77606,"GURUAPIN, KAYOA, HALMAHERA SELATAN, MALUKU UTARA",1,30,154,0
https://kawalpemilu.org#77606,"GURUAPIN, KAYOA, HALMAHERA SELATAN, MALUKU UTARA",2,26,137,163
https://kawalpemilu.org#77606,"GURUAPIN, KAYOA, HALMAHERA SELATAN, MALUKU UTARA",3,29,109,138
https://kawalpemilu.org#77606,"GURUAPIN, KAYOA, HALMAHERA SELATAN, MALUKU UTARA",4,29,126,155
https://kawalpemilu.org#77606,"GURUAPIN, KAYOA, HALMAHERA SELATAN, MALUKU UTARA",5,32,130,162
https://kawalpemilu.org#77606,"GURUAPIN, KAYOA, HALMAHERA SELATAN, MALUKU UTARA",7,30,109,139
https://kawalpemilu.org#77606,"GURUAPIN, KAYOA, HALMAHERA SELATAN, MALUKU UTARA",8,23,129,152
https://kawalpemilu.org#77607,"KARAMAT, KAYOA, HALMAHERA SELATAN, MALUKU UTARA",1,25,173,198
https://kawalpemilu.org#77608,"TAWABI, KAYOA, HALMAHERA SELATAN, MALUKU UTARA",1,32,86,118
https://kawalpemilu.org#77608,"TAWABI, KAYOA, HALMAHERA SELATAN, MALUKU UTARA",2,30,80,110
https://kawalpemilu.org#77611,"MAFA, GANE TIMUR, HALMAHERA SELATAN, MALUKU UTARA",1,68,103,171
https://kawalpemilu.org#77611,"MAFA, GANE TIMUR, HALMAHERA SELATAN, MALUKU UTARA",2,56,74,130
https://kawalpemilu.org#77611,"MAFA, GANE TIMUR, HALMAHERA SELATAN, MALUKU UTARA",3,56,103,159
https://kawalpemilu.org#77611,"MAFA, GANE TIMUR, HALMAHERA SELATAN, MALUKU UTARA",4,38,69,107
https://kawalpemilu.org#77612,"FOYA, GANE TIMUR, HALMAHERA SELATAN, MALUKU UTARA",1,48,106,154
https://kawalpemilu.org#77612,"FOYA, GANE TIMUR, HALMAHERA SELATAN, MALUKU UTARA",2,59,102,161
https://kawalpemilu.org#77612,"FOYA, GANE TIMUR, HALMAHERA SELATAN, MALUKU UTARA",3,51,102,153
https://kawalpemilu.org#77613,"TOBARU, GANE TIMUR, HALMAHERA SELATAN, MALUKU UTARA",1,165,13,178
https://kawalpemilu.org#77613,"TOBARU, GANE TIMUR, HALMAHERA SELATAN, MALUKU UTARA",2,152,8,160
https://kawalpemilu.org#77614,"FOYA TOBARU, GANE TIMUR, HALMAHERA SELATAN, MALUKU UTARA",1,201,10,211
https://kawalpemilu.org#77614,"FOYA TOBARU, GANE TIMUR, HALMAHERA SELATAN, MALUKU UTARA",2,109,44,153
https://kawalpemilu.org#77614,"FOYA TOBARU, GANE TIMUR, HALMAHERA SELATAN, MALUKU UTARA",3,113,43,155
https://kawalpemilu.org#77615,"LALUBI, GANE TIMUR, HALMAHERA SELATAN, MALUKU UTARA",1,179,8,187
https://kawalpemilu.org#77615,"LALUBI, GANE TIMUR, HALMAHERA SELATAN, MALUKU UTARA",2,114,2,116
https://kawalpemilu.org#77615,"LALUBI, GANE TIMUR, HALMAHERA SELATAN, MALUKU UTARA",3,98,8,98
https://kawalpemilu.org#77615,"LALUBI, GANE TIMUR, HALMAHERA SELATAN, MALUKU UTARA",4,200,9,209
https://kawalpemilu.org#77616,"AKELAMO, GANE TIMUR, HALMAHERA SELATAN, MALUKU UTARA",1,128,5,133
https://kawalpemilu.org#77616,"AKELAMO, GANE TIMUR, HALMAHERA SELATAN, MALUKU UTARA",2,175,1,176
https://kawalpemilu.org#77616,"AKELAMO, GANE TIMUR, HALMAHERA SELATAN, MALUKU UTARA",3,116,11,127
https://kawalpemilu.org#77616,"AKELAMO, GANE TIMUR, HALMAHERA SELATAN, MALUKU UTARA",4,153,9,162
https://kawalpemilu.org#77617,"BATONAM, GANE TIMUR, HALMAHERA SELATAN, MALUKU UTARA",1,130,25,155
https://kawalpemilu.org#77617,"BATONAM, GANE TIMUR, HALMAHERA SELATAN, MALUKU UTARA",2,112,37,149
https://kawalpemilu.org#77618,"WOSI, GANE TIMUR, HALMAHERA SELATAN, MALUKU UTARA",1,58,135,193
https://kawalpemilu.org#77618,"WOSI, GANE TIMUR, HALMAHERA SELATAN, MALUKU UTARA",2,64,127,191
https://kawalpemilu.org#77619,"SUMBER MAKMUR, GANE TIMUR, HALMAHERA SELATAN, MALUKU UTARA",1,202,26,228
https://kawalpemilu.org#77619,"SUMBER MAKMUR, GANE TIMUR, HALMAHERA SELATAN, MALUKU UTARA",2,71,3,74
https://kawalpemilu.org#77619,"SUMBER MAKMUR, GANE TIMUR, HALMAHERA SELATAN, MALUKU UTARA",4,42,8,50
https://kawalpemilu.org#77620,"KOTALOOW, GANE TIMUR, HALMAHERA SELATAN, MALUKU UTARA",1,24,117,141
https://kawalpemilu.org#77620,"KOTALOOW, GANE TIMUR, HALMAHERA SELATAN, MALUKU UTARA",2,22,91,113
https://kawalpemilu.org#77621,"KEBUN RAJA, GANE TIMUR, HALMAHERA SELATAN, MALUKU UTARA",1,126,126,252
https://kawalpemilu.org#77621,"KEBUN RAJA, GANE TIMUR, HALMAHERA SELATAN, MALUKU UTARA",2,115,113,228
https://kawalpemilu.org#77622,"TANJUNG JERE, GANE TIMUR, HALMAHERA SELATAN, MALUKU UTARA",1,85,120,205
https://kawalpemilu.org#77624,"DORO, GANE BARAT, HALMAHERA SELATAN, MALUKU UTARA",1,39,140,179
https://kawalpemilu.org#77624,"DORO, GANE BARAT, HALMAHERA SELATAN, MALUKU UTARA",2,47,119,166
https://kawalpemilu.org#77625,"KOITITI, GANE BARAT, HALMAHERA SELATAN, MALUKU UTARA",1,95,105,200
https://kawalpemilu.org#77625,"KOITITI, GANE BARAT, HALMAHERA SELATAN, MALUKU UTARA",2,84,115,199
https://kawalpemilu.org#77625,"KOITITI, GANE BARAT, HALMAHERA SELATAN, MALUKU UTARA",3,90,107,197
https://kawalpemilu.org#77625,"KOITITI, GANE BARAT, HALMAHERA SELATAN, MALUKU UTARA",4,79,114,193
https://kawalpemilu.org#77626,"CANGO, GANE BARAT, HALMAHERA SELATAN, MALUKU UTARA",1,48,98,146
https://kawalpemilu.org#77626,"CANGO, GANE BARAT, HALMAHERA SELATAN, MALUKU UTARA",2,57,113,170
https://kawalpemilu.org#77626,"CANGO, GANE BARAT, HALMAHERA SELATAN, MALUKU UTARA",3,46,110,156
https://kawalpemilu.org#77627,"SAKETA, GANE BARAT, HALMAHERA SELATAN, MALUKU UTARA",1,49,146,195
https://kawalpemilu.org#77627,"SAKETA, GANE BARAT, HALMAHERA SELATAN, MALUKU UTARA",2,40,150,190
https://kawalpemilu.org#77627,"SAKETA, GANE BARAT, HALMAHERA SELATAN, MALUKU UTARA",3,15,64,79
https://kawalpemilu.org#77627,"SAKETA, GANE BARAT, HALMAHERA SELATAN, MALUKU UTARA",6,37,155,192
https://kawalpemilu.org#77627,"SAKETA, GANE BARAT, HALMAHERA SELATAN, MALUKU UTARA",7,39,147,186
https://kawalpemilu.org#77628,"BALITATA, GANE BARAT, HALMAHERA SELATAN, MALUKU UTARA",1,27,95,122
https://kawalpemilu.org#77628,"BALITATA, GANE BARAT, HALMAHERA SELATAN, MALUKU UTARA",2,25,108,133
https://kawalpemilu.org#77629,"OHA, GANE BARAT, HALMAHERA SELATAN, MALUKU UTARA",1,96,107,203
https://kawalpemilu.org#77629,"OHA, GANE BARAT, HALMAHERA SELATAN, MALUKU UTARA",2,90,92,182
https://kawalpemilu.org#77630,"PAPACEDA, GANE BARAT, HALMAHERA SELATAN, MALUKU UTARA",2,50,150,200
https://kawalpemilu.org#77631,"LEMO LEMO, GANE BARAT, HALMAHERA SELATAN, MALUKU UTARA",1,66,58,124
https://kawalpemilu.org#77631,"LEMO LEMO, GANE BARAT, HALMAHERA SELATAN, MALUKU UTARA",2,62,80,142
https://kawalpemilu.org#77632,"BUMI RAHMAT, GANE BARAT, HALMAHERA SELATAN, MALUKU UTARA",1,29,97,126
https://kawalpemilu.org#77632,"BUMI RAHMAT, GANE BARAT, HALMAHERA SELATAN, MALUKU UTARA",2,39,90,129
https://kawalpemilu.org#77633,"TABAMASA, GANE BARAT, HALMAHERA SELATAN, MALUKU UTARA",1,28,126,154
https://kawalpemilu.org#77635,"WAYALOAR, OBI SELATAN, HALMAHERA SELATAN, MALUKU UTARA",2,123,47,170
https://kawalpemilu.org#77635,"WAYALOAR, OBI SELATAN, HALMAHERA SELATAN, MALUKU UTARA",3,142,9,151
https://kawalpemilu.org#77635,"WAYALOAR, OBI SELATAN, HALMAHERA SELATAN, MALUKU UTARA",4,131,30,161
https://kawalpemilu.org#77635,"WAYALOAR, OBI SELATAN, HALMAHERA SELATAN, MALUKU UTARA",7,115,35,150
https://kawalpemilu.org#77635,"WAYALOAR, OBI SELATAN, HALMAHERA SELATAN, MALUKU UTARA",8,136,35,171
https://kawalpemilu.org#77636,"FLUK, OBI SELATAN, HALMAHERA SELATAN, MALUKU UTARA",1,24,210,234
https://kawalpemilu.org#77636,"FLUK, OBI SELATAN, HALMAHERA SELATAN, MALUKU UTARA",2,36,184,220
https://kawalpemilu.org#77636,"FLUK, OBI SELATAN, HALMAHERA SELATAN, MALUKU UTARA",3,39,197,236
https://kawalpemilu.org#77636,"FLUK, OBI SELATAN, HALMAHERA SELATAN, MALUKU UTARA",4,38,172,210
https://kawalpemilu.org#77637,"BOBO, OBI SELATAN, HALMAHERA SELATAN, MALUKU UTARA",1,128,6,134
https://kawalpemilu.org#77637,"BOBO, OBI SELATAN, HALMAHERA SELATAN, MALUKU UTARA",2,130,10,138
https://kawalpemilu.org#77637,"BOBO, OBI SELATAN, HALMAHERA SELATAN, MALUKU UTARA",3,127,5,132
https://kawalpemilu.org#77637,"BOBO, OBI SELATAN, HALMAHERA SELATAN, MALUKU UTARA",4,142,2,144
https://kawalpemilu.org#77637,"BOBO, OBI SELATAN, HALMAHERA SELATAN, MALUKU UTARA",5,131,2,133
https://kawalpemilu.org#77638,"MANO, OBI SELATAN, HALMAHERA SELATAN, MALUKU UTARA",1,26,221,247
https://kawalpemilu.org#77638,"MANO, OBI SELATAN, HALMAHERA SELATAN, MALUKU UTARA",3,23,174,197
https://kawalpemilu.org#77638,"MANO, OBI SELATAN, HALMAHERA SELATAN, MALUKU UTARA",4,47,176,223
https://kawalpemilu.org#77638,"MANO, OBI SELATAN, HALMAHERA SELATAN, MALUKU UTARA",5,31,223,254
https://kawalpemilu.org#77639,"LOLEO, OBI SELATAN, HALMAHERA SELATAN, MALUKU UTARA",1,37,129,166
https://kawalpemilu.org#77640,"SOLIGI, OBI SELATAN, HALMAHERA SELATAN, MALUKU UTARA",3,31,176,207
https://kawalpemilu.org#77640,"SOLIGI, OBI SELATAN, HALMAHERA SELATAN, MALUKU UTARA",4,22,158,180
https://kawalpemilu.org#77640,"SOLIGI, OBI SELATAN, HALMAHERA SELATAN, MALUKU UTARA",5,27,151,178
https://kawalpemilu.org#77641,"GAMBARU, OBI SELATAN, HALMAHERA SELATAN, MALUKU UTARA",1,31,155,186
https://kawalpemilu.org#77642,"OCIMALOLEO, OBI SELATAN, HALMAHERA SELATAN, MALUKU UTARA",1,221,21,242
https://kawalpemilu.org#77642,"OCIMALOLEO, OBI SELATAN, HALMAHERA SELATAN, MALUKU UTARA",2,224,23,247
https://kawalpemilu.org#77644,"LAIWUI, OBI, HALMAHERA SELATAN, MALUKU UTARA",1,64,84,148
https://kawalpemilu.org#77644,"LAIWUI, OBI, HALMAHERA SELATAN, MALUKU UTARA",2,50,124,174
https://kawalpemilu.org#77644,"LAIWUI, OBI, HALMAHERA SELATAN, MALUKU UTARA",3,33,139,172
https://kawalpemilu.org#77644,"LAIWUI, OBI, HALMAHERA SELATAN, MALUKU UTARA",4,31,108,139
https://kawalpemilu.org#77644,"LAIWUI, OBI, HALMAHERA SELATAN, MALUKU UTARA",5,45,109,154
https://kawalpemilu.org#77644,"LAIWUI, OBI, HALMAHERA SELATAN, MALUKU UTARA",6,39,100,139
https://kawalpemilu.org#77645,"BARU, OBI, HALMAHERA SELATAN, MALUKU UTARA",1,58,143,201
https://kawalpemilu.org#77645,"BARU, OBI, HALMAHERA SELATAN, MALUKU UTARA",2,55,132,187
https://kawalpemilu.org#77645,"BARU, OBI, HALMAHERA SELATAN, MALUKU UTARA",3,146,9,155
https://kawalpemilu.org#77645,"BARU, OBI, HALMAHERA SELATAN, MALUKU UTARA",4,66,103,169
https://kawalpemilu.org#77645,"BARU, OBI, HALMAHERA SELATAN, MALUKU UTARA",5,41,124,165
https://kawalpemilu.org#77645,"BARU, OBI, HALMAHERA SELATAN, MALUKU UTARA",6,64,139,203
https://kawalpemilu.org#77646,"BUTON, OBI, HALMAHERA SELATAN, MALUKU UTARA",1,53,148,201
https://kawalpemilu.org#77646,"BUTON, OBI, HALMAHERA SELATAN, MALUKU UTARA",2,48,137,185
https://kawalpemilu.org#77646,"BUTON, OBI, HALMAHERA SELATAN, MALUKU UTARA",3,57,105,162
https://kawalpemilu.org#77646,"BUTON, OBI, HALMAHERA SELATAN, MALUKU UTARA",4,55,102,157
https://kawalpemilu.org#77647,"JIKOTAMO, OBI, HALMAHERA SELATAN, MALUKU UTARA",1,56,92,148
https://kawalpemilu.org#77647,"JIKOTAMO, OBI, HALMAHERA SELATAN, MALUKU UTARA",2,51,75,126
https://kawalpemilu.org#77647,"JIKOTAMO, OBI, HALMAHERA SELATAN, MALUKU UTARA",3,56,104,160
https://kawalpemilu.org#77647,"JIKOTAMO, OBI, HALMAHERA SELATAN, MALUKU UTARA",4,58,116,174
https://kawalpemilu.org#77647,"JIKOTAMO, OBI, HALMAHERA SELATAN, MALUKU UTARA",6,47,104,151
https://kawalpemilu.org#77647,"JIKOTAMO, OBI, HALMAHERA SELATAN, MALUKU UTARA",7,42,81,123
https://kawalpemilu.org#77647,"JIKOTAMO, OBI, HALMAHERA SELATAN, MALUKU UTARA",9,46,92,138
https://kawalpemilu.org#77648,"SAMBIKI, OBI, HALMAHERA SELATAN, MALUKU UTARA",2,54,109,163
https://kawalpemilu.org#77648,"SAMBIKI, OBI, HALMAHERA SELATAN, MALUKU UTARA",3,38,96,134
https://kawalpemilu.org#77648,"SAMBIKI, OBI, HALMAHERA SELATAN, MALUKU UTARA",5,39,122,161
https://kawalpemilu.org#77648,"SAMBIKI, OBI, HALMAHERA SELATAN, MALUKU UTARA",6,46,108,154
https://kawalpemilu.org#77648,"SAMBIKI, OBI, HALMAHERA SELATAN, MALUKU UTARA",7,46,116,162
https://kawalpemilu.org#77649,"ANGGAI, OBI, HALMAHERA SELATAN, MALUKU UTARA",1,74,77,151
https://kawalpemilu.org#77649,"ANGGAI, OBI, HALMAHERA SELATAN, MALUKU UTARA",2,57,98,155
https://kawalpemilu.org#77649,"ANGGAI, OBI, HALMAHERA SELATAN, MALUKU UTARA",3,36,63,99
https://kawalpemilu.org#77649,"ANGGAI, OBI, HALMAHERA SELATAN, MALUKU UTARA",5,40,115,155
https://kawalpemilu.org#77649,"ANGGAI, OBI, HALMAHERA SELATAN, MALUKU UTARA",6,70,73,143
https://kawalpemilu.org#77650,"AIR MANGGA INDAH, OBI, HALMAHERA SELATAN, MALUKU UTARA",1,241,5,246
https://kawalpemilu.org#77650,"AIR MANGGA INDAH, OBI, HALMAHERA SELATAN, MALUKU UTARA",2,243,10,0
https://kawalpemilu.org#77650,"AIR MANGGA INDAH, OBI, HALMAHERA SELATAN, MALUKU UTARA",3,250,1,251
https://kawalpemilu.org#77651,"AKEGULA, OBI, HALMAHERA SELATAN, MALUKU UTARA",1,99,109,208
https://kawalpemilu.org#77651,"AKEGULA, OBI, HALMAHERA SELATAN, MALUKU UTARA",2,78,134,212
https://kawalpemilu.org#77654,"BABANG, BACAN TIMUR, HALMAHERA SELATAN, MALUKU UTARA",3,22,70,92
https://kawalpemilu.org#77654,"BABANG, BACAN TIMUR, HALMAHERA SELATAN, MALUKU UTARA",4,70,92,162
https://kawalpemilu.org#77654,"BABANG, BACAN TIMUR, HALMAHERA SELATAN, MALUKU UTARA",5,85,94,179
https://kawalpemilu.org#77654,"BABANG, BACAN TIMUR, HALMAHERA SELATAN, MALUKU UTARA",6,43,96,139
https://kawalpemilu.org#77654,"BABANG, BACAN TIMUR, HALMAHERA SELATAN, MALUKU UTARA",7,40,85,125
https://kawalpemilu.org#77654,"BABANG, BACAN TIMUR, HALMAHERA SELATAN, MALUKU UTARA",8,30,98,128
https://kawalpemilu.org#77654,"BABANG, BACAN TIMUR, HALMAHERA SELATAN, MALUKU UTARA",10,29,87,116
https://kawalpemilu.org#77654,"BABANG, BACAN TIMUR, HALMAHERA SELATAN, MALUKU UTARA",11,70,127,197
https://kawalpemilu.org#77654,"BABANG, BACAN TIMUR, HALMAHERA SELATAN, MALUKU UTARA",12,47,97,144
https://kawalpemilu.org#77655,"BORI, BACAN TIMUR, HALMAHERA SELATAN, MALUKU UTARA",1,115,71,186
https://kawalpemilu.org#77655,"BORI, BACAN TIMUR, HALMAHERA SELATAN, MALUKU UTARA",2,114,58,272
https://kawalpemilu.org#77655,"BORI, BACAN TIMUR, HALMAHERA SELATAN, MALUKU UTARA",4,96,76,172
https://kawalpemilu.org#77656,"NYONYIFI, BACAN TIMUR, HALMAHERA SELATAN, MALUKU UTARA",1,46,70,116
https://kawalpemilu.org#77657,"SABATANG, BACAN TIMUR, HALMAHERA SELATAN, MALUKU UTARA",2,69,138,207
https://kawalpemilu.org#77658,"GORO-GORO, BACAN TIMUR, HALMAHERA SELATAN, MALUKU UTARA",1,97,85,182
https://kawalpemilu.org#77658,"GORO-GORO, BACAN TIMUR, HALMAHERA SELATAN, MALUKU UTARA",2,82,75,157
https://kawalpemilu.org#77660,"TIMLONGA, BACAN TIMUR, HALMAHERA SELATAN, MALUKU UTARA",1,95,80,175
https://kawalpemilu.org#77662,"WAYAMIGA, BACAN TIMUR, HALMAHERA SELATAN, MALUKU UTARA",1,52,96,148
https://kawalpemilu.org#77662,"WAYAMIGA, BACAN TIMUR, HALMAHERA SELATAN, MALUKU UTARA",2,44,79,123
https://kawalpemilu.org#77662,"WAYAMIGA, BACAN TIMUR, HALMAHERA SELATAN, MALUKU UTARA",3,34,83,117
https://kawalpemilu.org#77662,"WAYAMIGA, BACAN TIMUR, HALMAHERA SELATAN, MALUKU UTARA",4,43,98,141
https://kawalpemilu.org#77662,"WAYAMIGA, BACAN TIMUR, HALMAHERA SELATAN, MALUKU UTARA",5,48,89,137
https://kawalpemilu.org#77662,"WAYAMIGA, BACAN TIMUR, HALMAHERA SELATAN, MALUKU UTARA",6,26,84,110
https://kawalpemilu.org#77665,"LABUHA, BACAN, HALMAHERA SELATAN, MALUKU UTARA",2,107,99,206
https://kawalpemilu.org#77665,"LABUHA, BACAN, HALMAHERA SELATAN, MALUKU UTARA",3,105,124,229
https://kawalpemilu.org#77665,"LABUHA, BACAN, HALMAHERA SELATAN, MALUKU UTARA",4,84,118,202
https://kawalpemilu.org#77665,"LABUHA, BACAN, HALMAHERA SELATAN, MALUKU UTARA",5,122,137,259
https://kawalpemilu.org#77665,"LABUHA, BACAN, HALMAHERA SELATAN, MALUKU UTARA",6,66,108,174
https://kawalpemilu.org#77665,"LABUHA, BACAN, HALMAHERA SELATAN, MALUKU UTARA",7,93,100,193
https://kawalpemilu.org#77665,"LABUHA, BACAN, HALMAHERA SELATAN, MALUKU UTARA",8,102,95,197
https://kawalpemilu.org#77665,"LABUHA, BACAN, HALMAHERA SELATAN, MALUKU UTARA",9,80,103,183
https://kawalpemilu.org#77665,"LABUHA, BACAN, HALMAHERA SELATAN, MALUKU UTARA",11,81,121,202
https://kawalpemilu.org#77665,"LABUHA, BACAN, HALMAHERA SELATAN, MALUKU UTARA",12,47,107,154
https://kawalpemilu.org#77667,"AMASING KALI, BACAN, HALMAHERA SELATAN, MALUKU UTARA",1,58,160,218
https://kawalpemilu.org#77667,"AMASING KALI, BACAN, HALMAHERA SELATAN, MALUKU UTARA",2,43,174,217
https://kawalpemilu.org#77668,"TOMORI, BACAN, HALMAHERA SELATAN, MALUKU UTARA",1,136,56,192
https://kawalpemilu.org#77668,"TOMORI, BACAN, HALMAHERA SELATAN, MALUKU UTARA",2,117,76,193
https://kawalpemilu.org#77668,"TOMORI, BACAN, HALMAHERA SELATAN, MALUKU UTARA",3,110,88,198
https://kawalpemilu.org#77668,"TOMORI, BACAN, HALMAHERA SELATAN, MALUKU UTARA",4,62,70,132
https://kawalpemilu.org#77668,"TOMORI, BACAN, HALMAHERA SELATAN, MALUKU UTARA",5,133,56,189
https://kawalpemilu.org#77668,"TOMORI, BACAN, HALMAHERA SELATAN, MALUKU UTARA",6,101,81,182
https://kawalpemilu.org#77668,"TOMORI, BACAN, HALMAHERA SELATAN, MALUKU UTARA",7,77,67,142
https://kawalpemilu.org#77668,"TOMORI, BACAN, HALMAHERA SELATAN, MALUKU UTARA",8,61,91,152
https://kawalpemilu.org#77668,"TOMORI, BACAN, HALMAHERA SELATAN, MALUKU UTARA",9,63,80,143
https://kawalpemilu.org#77670,"BELANG BELANG, BACAN, HALMAHERA SELATAN, MALUKU UTARA",2,46,133,179
https://kawalpemilu.org#77672,"KAPUTUSANG, BACAN, HALMAHERA SELATAN, MALUKU UTARA",1,144,59,203
https://kawalpemilu.org#77672,"KAPUTUSANG, BACAN, HALMAHERA SELATAN, MALUKU UTARA",2,157,45,202
https://kawalpemilu.org#77673,"AMASING KOTA BARAT, BACAN, HALMAHERA SELATAN, MALUKU UTARA",1,32,124,156
https://kawalpemilu.org#77673,"AMASING KOTA BARAT, BACAN, HALMAHERA SELATAN, MALUKU UTARA",2,45,121,166
https://kawalpemilu.org#77673,"AMASING KOTA BARAT, BACAN, HALMAHERA SELATAN, MALUKU UTARA",3,31,116,147
https://kawalpemilu.org#77673,"AMASING KOTA BARAT, BACAN, HALMAHERA SELATAN, MALUKU UTARA",4,31,113,144
https://kawalpemilu.org#77673,"AMASING KOTA BARAT, BACAN, HALMAHERA SELATAN, MALUKU UTARA",5,46,107,153
https://kawalpemilu.org#77673,"AMASING KOTA BARAT, BACAN, HALMAHERA SELATAN, MALUKU UTARA",6,26,111,137
https://kawalpemilu.org#77674,"AMASING KOTA UTARA, BACAN, HALMAHERA SELATAN, MALUKU UTARA",1,41,141,182
https://kawalpemilu.org#77674,"AMASING KOTA UTARA, BACAN, HALMAHERA SELATAN, MALUKU UTARA",3,39,129,168
https://kawalpemilu.org#77674,"AMASING KOTA UTARA, BACAN, HALMAHERA SELATAN, MALUKU UTARA",4,25,87,112
https://kawalpemilu.org#77676,"SUMA TINGGI, BACAN, HALMAHERA SELATAN, MALUKU UTARA",2,49,59,108
https://kawalpemilu.org#77677,"HIDAYAT, BACAN, HALMAHERA SELATAN, MALUKU UTARA",1,65,113,178
https://kawalpemilu.org#77677,"HIDAYAT, BACAN, HALMAHERA SELATAN, MALUKU UTARA",2,62,131,193
https://kawalpemilu.org#77677,"HIDAYAT, BACAN, HALMAHERA SELATAN, MALUKU UTARA",3,53,106,159
https://kawalpemilu.org#77677,"HIDAYAT, BACAN, HALMAHERA SELATAN, MALUKU UTARA",4,53,135,188
https://kawalpemilu.org#77680,"INDARI, BACAN BARAT, HALMAHERA SELATAN, MALUKU UTARA",1,81,148,229
https://kawalpemilu.org#77680,"INDARI, BACAN BARAT, HALMAHERA SELATAN, MALUKU UTARA",2,81,146,227
https://kawalpemilu.org#77681,"TAWABI, BACAN BARAT, HALMAHERA SELATAN, MALUKU UTARA",1,68,80,148
https://kawalpemilu.org#77681,"TAWABI, BACAN BARAT, HALMAHERA SELATAN, MALUKU UTARA",2,104,49,153
https://kawalpemilu.org#77682,"WIRING, BACAN BARAT, HALMAHERA SELATAN, MALUKU UTARA",1,52,153,205
https://kawalpemilu.org#77684,"KUSUBIBI, BACAN BARAT, HALMAHERA SELATAN, MALUKU UTARA",1,78,104,182
https://kawalpemilu.org#77684,"KUSUBIBI, BACAN BARAT, HALMAHERA SELATAN, MALUKU UTARA",2,121,38,159
https://kawalpemilu.org#77684,"KUSUBIBI, BACAN BARAT, HALMAHERA SELATAN, MALUKU UTARA",3,74,71,145
https://kawalpemilu.org#77685,"KOKOTU, BACAN BARAT, HALMAHERA SELATAN, MALUKU UTARA",1,50,124,174
https://kawalpemilu.org#77686,"NANG, BACAN BARAT, HALMAHERA SELATAN, MALUKU UTARA",1,87,141,228
https://kawalpemilu.org#77688,"MALAPAT, MAKIAN BARAT, HALMAHERA SELATAN, MALUKU UTARA",1,50,146,196
https://kawalpemilu.org#77689,"BOBAWAE, MAKIAN BARAT, HALMAHERA SELATAN, MALUKU UTARA",1,24,129,153
https://kawalpemilu.org#77689,"BOBAWAE, MAKIAN BARAT, HALMAHERA SELATAN, MALUKU UTARA",2,42,106,148
https://kawalpemilu.org#77690,"OMBAWA, MAKIAN BARAT, HALMAHERA SELATAN, MALUKU UTARA",1,36,69,105
https://kawalpemilu.org#77691,"TEGONO, MAKIAN BARAT, HALMAHERA SELATAN, MALUKU UTARA",1,20,142,162
https://kawalpemilu.org#77692,"MATEKETEN, MAKIAN BARAT, HALMAHERA SELATAN, MALUKU UTARA",1,16,133,149
https://kawalpemilu.org#77692,"MATEKETEN, MAKIAN BARAT, HALMAHERA SELATAN, MALUKU UTARA",2,9,127,136
https://kawalpemilu.org#77693,"TALAPAO, MAKIAN BARAT, HALMAHERA SELATAN, MALUKU UTARA",1,17,134,151
https://kawalpemilu.org#77693,"TALAPAO, MAKIAN BARAT, HALMAHERA SELATAN, MALUKU UTARA",2,13,157,170
https://kawalpemilu.org#77694,"SABALEI, MAKIAN BARAT, HALMAHERA SELATAN, MALUKU UTARA",1,11,239,250
https://kawalpemilu.org#77694,"SABALEI, MAKIAN BARAT, HALMAHERA SELATAN, MALUKU UTARA",2,4,118,122
https://kawalpemilu.org#77694,"SABALEI, MAKIAN BARAT, HALMAHERA SELATAN, MALUKU UTARA",3,4,215,219
https://kawalpemilu.org#77694,"SABALEI, MAKIAN BARAT, HALMAHERA SELATAN, MALUKU UTARA",4,1,132,133
https://kawalpemilu.org#77696,"BOKIMIAKE, KAYOA BARAT, HALMAHERA SELATAN, MALUKU UTARA",1,70,80,150
https://kawalpemilu.org#77696,"BOKIMIAKE, KAYOA BARAT, HALMAHERA SELATAN, MALUKU UTARA",3,49,106,155
https://kawalpemilu.org#77697,"HATEJAWA, KAYOA BARAT, HALMAHERA SELATAN, MALUKU UTARA",1,19,123,142
https://kawalpemilu.org#77698,"BUSUA, KAYOA BARAT, HALMAHERA SELATAN, MALUKU UTARA",1,23,154,176
https://kawalpemilu.org#77698,"BUSUA, KAYOA BARAT, HALMAHERA SELATAN, MALUKU UTARA",2,22,149,171
https://kawalpemilu.org#77698,"BUSUA, KAYOA BARAT, HALMAHERA SELATAN, MALUKU UTARA",3,30,159,189
https://kawalpemilu.org#77698,"BUSUA, KAYOA BARAT, HALMAHERA SELATAN, MALUKU UTARA",4,22,146,168
https://kawalpemilu.org#77698,"BUSUA, KAYOA BARAT, HALMAHERA SELATAN, MALUKU UTARA",5,22,166,188
https://kawalpemilu.org#77698,"BUSUA, KAYOA BARAT, HALMAHERA SELATAN, MALUKU UTARA",6,24,155,179
https://kawalpemilu.org#77698,"BUSUA, KAYOA BARAT, HALMAHERA SELATAN, MALUKU UTARA",7,31,171,202
https://kawalpemilu.org#77699,"FOFAO, KAYOA BARAT, HALMAHERA SELATAN, MALUKU UTARA",1,24,81,105
https://kawalpemilu.org#77699,"FOFAO, KAYOA BARAT, HALMAHERA SELATAN, MALUKU UTARA",2,51,29,80
https://kawalpemilu.org#77701,"NGUTE-NGUTE, KAYOA SELATAN, HALMAHERA SELATAN, MALUKU UTARA",1,81,41,122
https://kawalpemilu.org#77702,"LALUIN, KAYOA SELATAN, HALMAHERA SELATAN, MALUKU UTARA",1,81,144,225
https://kawalpemilu.org#77702,"LALUIN, KAYOA SELATAN, HALMAHERA SELATAN, MALUKU UTARA",2,98,125,223
https://kawalpemilu.org#77702,"LALUIN, KAYOA SELATAN, HALMAHERA SELATAN, MALUKU UTARA",3,72,133,205
https://kawalpemilu.org#77702,"LALUIN, KAYOA SELATAN, HALMAHERA SELATAN, MALUKU UTARA",4,92,117,209
https://kawalpemilu.org#77702,"LALUIN, KAYOA SELATAN, HALMAHERA SELATAN, MALUKU UTARA",5,85,111,196
https://kawalpemilu.org#77702,"LALUIN, KAYOA SELATAN, HALMAHERA SELATAN, MALUKU UTARA",6,69,130,199
https://kawalpemilu.org#77703,"POSI-POSI, KAYOA SELATAN, HALMAHERA SELATAN, MALUKU UTARA",1,29,106,135
https://kawalpemilu.org#77703,"POSI-POSI, KAYOA SELATAN, HALMAHERA SELATAN, MALUKU UTARA",2,63,176,239
https://kawalpemilu.org#77703,"POSI-POSI, KAYOA SELATAN, HALMAHERA SELATAN, MALUKU UTARA",3,38,95,133
https://kawalpemilu.org#77704,"SAGAWELE, KAYOA SELATAN, HALMAHERA SELATAN, MALUKU UTARA",1,21,102,123
https://kawalpemilu.org#77704,"SAGAWELE, KAYOA SELATAN, HALMAHERA SELATAN, MALUKU UTARA",2,32,98,130
https://kawalpemilu.org#77704,"SAGAWELE, KAYOA SELATAN, HALMAHERA SELATAN, MALUKU UTARA",3,37,89,126
https://kawalpemilu.org#77704,"SAGAWELE, KAYOA SELATAN, HALMAHERA SELATAN, MALUKU UTARA",4,22,86,108
https://kawalpemilu.org#77705,"ORIMAKURUNGA, KAYOA SELATAN, HALMAHERA SELATAN, MALUKU UTARA",1,66,149,215
https://kawalpemilu.org#77705,"ORIMAKURUNGA, KAYOA SELATAN, HALMAHERA SELATAN, MALUKU UTARA",2,60,118,178
https://kawalpemilu.org#77705,"ORIMAKURUNGA, KAYOA SELATAN, HALMAHERA SELATAN, MALUKU UTARA",3,64,97,161
https://kawalpemilu.org#77706,"PASIR PUTIH, KAYOA SELATAN, HALMAHERA SELATAN, MALUKU UTARA",1,64,111,175
https://kawalpemilu.org#77708,"MODAYAMA, KAYOA UTARA, HALMAHERA SELATAN, MALUKU UTARA",1,31,166,197
https://kawalpemilu.org#77708,"MODAYAMA, KAYOA UTARA, HALMAHERA SELATAN, MALUKU UTARA",2,35,169,204
https://kawalpemilu.org#77709,"LAROMABATI, KAYOA UTARA, HALMAHERA SELATAN, MALUKU UTARA",2,49,66,115
https://kawalpemilu.org#77709,"LAROMABATI, KAYOA UTARA, HALMAHERA SELATAN, MALUKU UTARA",3,18,86,104
https://kawalpemilu.org#77709,"LAROMABATI, KAYOA UTARA, HALMAHERA SELATAN, MALUKU UTARA",4,34,60,94
https://kawalpemilu.org#77710,"GAYAP, KAYOA UTARA, HALMAHERA SELATAN, MALUKU UTARA",1,65,69,134
https://kawalpemilu.org#77710,"GAYAP, KAYOA UTARA, HALMAHERA SELATAN, MALUKU UTARA",2,49,65,114
https://kawalpemilu.org#77711,"AKE JAILOLO, KAYOA UTARA, HALMAHERA SELATAN, MALUKU UTARA",1,20,142,162
https://kawalpemilu.org#77712,"WAYASIPANG, KAYOA UTARA, HALMAHERA SELATAN, MALUKU UTARA",1,55,92,147
https://kawalpemilu.org#77713,"NGOKOMALAKO, KAYOA UTARA, HALMAHERA SELATAN, MALUKU UTARA",1,45,71,116
https://kawalpemilu.org#77713,"NGOKOMALAKO, KAYOA UTARA, HALMAHERA SELATAN, MALUKU UTARA",2,50,66,116
https://kawalpemilu.org#77715,"SIDOPO, BACAN BARAT UTARA, HALMAHERA SELATAN, MALUKU UTARA",2,28,101,129
https://kawalpemilu.org#77716,"LOIT, BACAN BARAT UTARA, HALMAHERA SELATAN, MALUKU UTARA",1,51,140,191
https://kawalpemilu.org#77716,"LOIT, BACAN BARAT UTARA, HALMAHERA SELATAN, MALUKU UTARA",2,79,102,181
https://kawalpemilu.org#77718,"JOJAME, BACAN BARAT UTARA, HALMAHERA SELATAN, MALUKU UTARA",2,70,109,179
https://kawalpemilu.org#77719,"YABA, BACAN BARAT UTARA, HALMAHERA SELATAN, MALUKU UTARA",1,145,33,178
https://kawalpemilu.org#77719,"YABA, BACAN BARAT UTARA, HALMAHERA SELATAN, MALUKU UTARA",2,27,0,27
https://kawalpemilu.org#77719,"YABA, BACAN BARAT UTARA, HALMAHERA SELATAN, MALUKU UTARA",3,128,56,184
https://kawalpemilu.org#77721,"GETI BARU, BACAN BARAT UTARA, HALMAHERA SELATAN, MALUKU UTARA",1,83,66,149
https://kawalpemilu.org#77721,"GETI BARU, BACAN BARAT UTARA, HALMAHERA SELATAN, MALUKU UTARA",2,67,87,154
https://kawalpemilu.org#77722,"GILALANG, BACAN BARAT UTARA, HALMAHERA SELATAN, MALUKU UTARA",1,137,92,229
https://kawalpemilu.org#77724,"SIDANGA, KASIRUTA BARAT, HALMAHERA SELATAN, MALUKU UTARA",1,32,110,142
https://kawalpemilu.org#77724,"SIDANGA, KASIRUTA BARAT, HALMAHERA SELATAN, MALUKU UTARA",2,30,121,151
https://kawalpemilu.org#77725,"LATA LATA, KASIRUTA BARAT, HALMAHERA SELATAN, MALUKU UTARA",1,159,5,164
https://kawalpemilu.org#77725,"LATA LATA, KASIRUTA BARAT, HALMAHERA SELATAN, MALUKU UTARA",2,149,7,156
https://kawalpemilu.org#77726,"SENGGA BARU, KASIRUTA BARAT, HALMAHERA SELATAN, MALUKU UTARA",1,55,103,158
https://kawalpemilu.org#77726,"SENGGA BARU, KASIRUTA BARAT, HALMAHERA SELATAN, MALUKU UTARA",2,34,110,144
https://kawalpemilu.org#77727,"ARUMAMANG, KASIRUTA BARAT, HALMAHERA SELATAN, MALUKU UTARA",1,39,208,247
https://kawalpemilu.org#77727,"ARUMAMANG, KASIRUTA BARAT, HALMAHERA SELATAN, MALUKU UTARA",2,57,204,261
https://kawalpemilu.org#77728,"PALAMEA, KASIRUTA BARAT, HALMAHERA SELATAN, MALUKU UTARA",1,91,98,189
https://kawalpemilu.org#77728,"PALAMEA, KASIRUTA BARAT, HALMAHERA SELATAN, MALUKU UTARA",2,88,97,185
https://kawalpemilu.org#77729,"DOKO, KASIRUTA BARAT, HALMAHERA SELATAN, MALUKU UTARA",1,39,181,220
https://kawalpemilu.org#77729,"DOKO, KASIRUTA BARAT, HALMAHERA SELATAN, MALUKU UTARA",2,44,176,220
https://kawalpemilu.org#77730,"BISORI, KASIRUTA BARAT, HALMAHERA SELATAN, MALUKU UTARA",2,73,74,147
https://kawalpemilu.org#77731,"MARIKAPAL, KASIRUTA BARAT, HALMAHERA SELATAN, MALUKU UTARA",1,70,44,114
https://kawalpemilu.org#77732,"KUKUPANG, KASIRUTA BARAT, HALMAHERA SELATAN, MALUKU UTARA",1,50,126,176
https://kawalpemilu.org#77733,"IMBU IMBU, KASIRUTA BARAT, HALMAHERA SELATAN, MALUKU UTARA",1,105,73,178
https://kawalpemilu.org#77735,"LOLEO JAYA, KASIRUTA TIMUR, HALMAHERA SELATAN, MALUKU UTARA",1,56,136,192
https://kawalpemilu.org#77735,"LOLEO JAYA, KASIRUTA TIMUR, HALMAHERA SELATAN, MALUKU UTARA",2,45,128,173
https://kawalpemilu.org#77735,"LOLEO JAYA, KASIRUTA TIMUR, HALMAHERA SELATAN, MALUKU UTARA",3,39,138,177
https://kawalpemilu.org#77735,"LOLEO JAYA, KASIRUTA TIMUR, HALMAHERA SELATAN, MALUKU UTARA",4,60,116,176
https://kawalpemilu.org#77736,"TAWA, KASIRUTA TIMUR, HALMAHERA SELATAN, MALUKU UTARA",1,30,145,175
https://kawalpemilu.org#77736,"TAWA, KASIRUTA TIMUR, HALMAHERA SELATAN, MALUKU UTARA",3,15,159,174
https://kawalpemilu.org#77737,"MARITUSO, KASIRUTA TIMUR, HALMAHERA SELATAN, MALUKU UTARA",2,66,131,197
https://kawalpemilu.org#77737,"MARITUSO, KASIRUTA TIMUR, HALMAHERA SELATAN, MALUKU UTARA",3,14,37,51
https://kawalpemilu.org#77739,"LOLEO MEKAR, KASIRUTA TIMUR, HALMAHERA SELATAN, MALUKU UTARA",1,131,76,207
https://kawalpemilu.org#77740,"TUTUHU, KASIRUTA TIMUR, HALMAHERA SELATAN, MALUKU UTARA",1,15,120,135
https://kawalpemilu.org#77741,"JERET, KASIRUTA TIMUR, HALMAHERA SELATAN, MALUKU UTARA",1,114,69,183
https://kawalpemilu.org#77742,"KASIRUTA DALAM, KASIRUTA TIMUR, HALMAHERA SELATAN, MALUKU UTARA",1,76,65,141
https://kawalpemilu.org#77742,"KASIRUTA DALAM, KASIRUTA TIMUR, HALMAHERA SELATAN, MALUKU UTARA",2,88,55,143
https://kawalpemilu.org#77744,"KAMPUNG MAKIAN, BACAN SELATAN, HALMAHERA SELATAN, MALUKU UTARA",1,26,115,141
https://kawalpemilu.org#77744,"KAMPUNG MAKIAN, BACAN SELATAN, HALMAHERA SELATAN, MALUKU UTARA",2,22,115,137
https://kawalpemilu.org#77744,"KAMPUNG MAKIAN, BACAN SELATAN, HALMAHERA SELATAN, MALUKU UTARA",3,20,82,102
https://kawalpemilu.org#77744,"KAMPUNG MAKIAN, BACAN SELATAN, HALMAHERA SELATAN, MALUKU UTARA",4,43,109,152
https://kawalpemilu.org#77744,"KAMPUNG MAKIAN, BACAN SELATAN, HALMAHERA SELATAN, MALUKU UTARA",5,35,137,172
https://kawalpemilu.org#77744,"KAMPUNG MAKIAN, BACAN SELATAN, HALMAHERA SELATAN, MALUKU UTARA",6,32,118,150
https://kawalpemilu.org#77744,"KAMPUNG MAKIAN, BACAN SELATAN, HALMAHERA SELATAN, MALUKU UTARA",7,26,145,171
https://kawalpemilu.org#77744,"KAMPUNG MAKIAN, BACAN SELATAN, HALMAHERA SELATAN, MALUKU UTARA",8,11,65,76
https://kawalpemilu.org#77744,"KAMPUNG MAKIAN, BACAN SELATAN, HALMAHERA SELATAN, MALUKU UTARA",9,24,107,131
https://kawalpemilu.org#77745,"MANDAWONG, BACAN SELATAN, HALMAHERA SELATAN, MALUKU UTARA",1,41,130,171
https://kawalpemilu.org#77745,"MANDAWONG, BACAN SELATAN, HALMAHERA SELATAN, MALUKU UTARA",2,43,88,131
https://kawalpemilu.org#77745,"MANDAWONG, BACAN SELATAN, HALMAHERA SELATAN, MALUKU UTARA",3,44,115,159
https://kawalpemilu.org#77745,"MANDAWONG, BACAN SELATAN, HALMAHERA SELATAN, MALUKU UTARA",4,50,135,185
https://kawalpemilu.org#77745,"MANDAWONG, BACAN SELATAN, HALMAHERA SELATAN, MALUKU UTARA",5,30,139,169
https://kawalpemilu.org#77745,"MANDAWONG, BACAN SELATAN, HALMAHERA SELATAN, MALUKU UTARA",6,23,108,131
https://kawalpemilu.org#77745,"MANDAWONG, BACAN SELATAN, HALMAHERA SELATAN, MALUKU UTARA",7,30,126,156
https://kawalpemilu.org#77745,"MANDAWONG, BACAN SELATAN, HALMAHERA SELATAN, MALUKU UTARA",8,28,100,128
https://kawalpemilu.org#77745,"MANDAWONG, BACAN SELATAN, HALMAHERA SELATAN, MALUKU UTARA",9,22,108,130
https://kawalpemilu.org#77745,"MANDAWONG, BACAN SELATAN, HALMAHERA SELATAN, MALUKU UTARA",10,42,116,158
https://kawalpemilu.org#77746,"KUPAL, BACAN SELATAN, HALMAHERA SELATAN, MALUKU UTARA",1,32,90,122
https://kawalpemilu.org#77746,"KUPAL, BACAN SELATAN, HALMAHERA SELATAN, MALUKU UTARA",2,28,95,123
https://kawalpemilu.org#77746,"KUPAL, BACAN SELATAN, HALMAHERA SELATAN, MALUKU UTARA",3,34,102,136
https://kawalpemilu.org#77746,"KUPAL, BACAN SELATAN, HALMAHERA SELATAN, MALUKU UTARA",4,32,106,138
https://kawalpemilu.org#77746,"KUPAL, BACAN SELATAN, HALMAHERA SELATAN, MALUKU UTARA",6,39,87,126
https://kawalpemilu.org#77746,"KUPAL, BACAN SELATAN, HALMAHERA SELATAN, MALUKU UTARA",7,29,76,105
https://kawalpemilu.org#77747,"GANDASULI, BACAN SELATAN, HALMAHERA SELATAN, MALUKU UTARA",1,61,105,166
https://kawalpemilu.org#77747,"GANDASULI, BACAN SELATAN, HALMAHERA SELATAN, MALUKU UTARA",2,53,137,190
https://kawalpemilu.org#77747,"GANDASULI, BACAN SELATAN, HALMAHERA SELATAN, MALUKU UTARA",3,33,132,165
https://kawalpemilu.org#77747,"GANDASULI, BACAN SELATAN, HALMAHERA SELATAN, MALUKU UTARA",4,69,122,191
https://kawalpemilu.org#77747,"GANDASULI, BACAN SELATAN, HALMAHERA SELATAN, MALUKU UTARA",5,36,135,171
https://kawalpemilu.org#77747,"GANDASULI, BACAN SELATAN, HALMAHERA SELATAN, MALUKU UTARA",6,57,142,199
https://kawalpemilu.org#77747,"GANDASULI, BACAN SELATAN, HALMAHERA SELATAN, MALUKU UTARA",7,45,134,179
https://kawalpemilu.org#77748,"SAWADAI, BACAN SELATAN, HALMAHERA SELATAN, MALUKU UTARA",1,38,61,99
https://kawalpemilu.org#77748,"SAWADAI, BACAN SELATAN, HALMAHERA SELATAN, MALUKU UTARA",2,65,139,204
https://kawalpemilu.org#77749,"TUWOKONA, BACAN SELATAN, HALMAHERA SELATAN, MALUKU UTARA",1,50,96,146
https://kawalpemilu.org#77749,"TUWOKONA, BACAN SELATAN, HALMAHERA SELATAN, MALUKU UTARA",3,57,113,170
https://kawalpemilu.org#77749,"TUWOKONA, BACAN SELATAN, HALMAHERA SELATAN, MALUKU UTARA",4,23,66,89
https://kawalpemilu.org#77751,"TEMBAL, BACAN SELATAN, HALMAHERA SELATAN, MALUKU UTARA",6,36,98,134
https://kawalpemilu.org#77752,"KUBUNG, BACAN SELATAN, HALMAHERA SELATAN, MALUKU UTARA",1,55,108,163
https://kawalpemilu.org#77752,"KUBUNG, BACAN SELATAN, HALMAHERA SELATAN, MALUKU UTARA",2,50,104,154
https://kawalpemilu.org#77753,"PANAMBOANG, BACAN SELATAN, HALMAHERA SELATAN, MALUKU UTARA",2,78,105,183
https://kawalpemilu.org#77753,"PANAMBOANG, BACAN SELATAN, HALMAHERA SELATAN, MALUKU UTARA",3,129,18,147
https://kawalpemilu.org#77753,"PANAMBOANG, BACAN SELATAN, HALMAHERA SELATAN, MALUKU UTARA",4,116,39,155
https://kawalpemilu.org#77753,"PANAMBOANG, BACAN SELATAN, HALMAHERA SELATAN, MALUKU UTARA",5,63,93,156
https://kawalpemilu.org#77753,"PANAMBOANG, BACAN SELATAN, HALMAHERA SELATAN, MALUKU UTARA",6,83,66,149
https://kawalpemilu.org#77755,"SAWANAKAR, KEPULAUAN BOTANGLOMANG, HALMAHERA SELATAN, MALUKU UTARA",1,89,119,208
https://kawalpemilu.org#77756,"BAJO, KEPULAUAN BOTANGLOMANG, HALMAHERA SELATAN, MALUKU UTARA",1,31,120,151
https://kawalpemilu.org#77756,"BAJO, KEPULAUAN BOTANGLOMANG, HALMAHERA SELATAN, MALUKU UTARA",2,47,98,145
https://kawalpemilu.org#77756,"BAJO, KEPULAUAN BOTANGLOMANG, HALMAHERA SELATAN, MALUKU UTARA",3,52,155,207
https://kawalpemilu.org#77756,"BAJO, KEPULAUAN BOTANGLOMANG, HALMAHERA SELATAN, MALUKU UTARA",4,47,129,176
https://kawalpemilu.org#77756,"BAJO, KEPULAUAN BOTANGLOMANG, HALMAHERA SELATAN, MALUKU UTARA",5,38,135,173
https://kawalpemilu.org#77756,"BAJO, KEPULAUAN BOTANGLOMANG, HALMAHERA SELATAN, MALUKU UTARA",6,52,109,161
https://kawalpemilu.org#77756,"BAJO, KEPULAUAN BOTANGLOMANG, HALMAHERA SELATAN, MALUKU UTARA",7,51,98,149
https://kawalpemilu.org#77756,"BAJO, KEPULAUAN BOTANGLOMANG, HALMAHERA SELATAN, MALUKU UTARA",8,52,150,202
https://kawalpemilu.org#77757,"TANJUNG OBIT, KEPULAUAN BOTANGLOMANG, HALMAHERA SELATAN, MALUKU UTARA",1,27,180,207
https://kawalpemilu.org#77758,"PRAPAKANDA, KEPULAUAN BOTANGLOMANG, HALMAHERA SELATAN, MALUKU UTARA",1,29,155,184
https://kawalpemilu.org#77758,"PRAPAKANDA, KEPULAUAN BOTANGLOMANG, HALMAHERA SELATAN, MALUKU UTARA",2,44,157,201
https://kawalpemilu.org#77758,"PRAPAKANDA, KEPULAUAN BOTANGLOMANG, HALMAHERA SELATAN, MALUKU UTARA",3,54,144,198
https://kawalpemilu.org#77759,"TOIN, KEPULAUAN BOTANGLOMANG, HALMAHERA SELATAN, MALUKU UTARA",1,83,99,182
https://kawalpemilu.org#77759,"TOIN, KEPULAUAN BOTANGLOMANG, HALMAHERA SELATAN, MALUKU UTARA",2,83,101,184
https://kawalpemilu.org#77760,"KAMPUNG BARU, KEPULAUAN BOTANGLOMANG, HALMAHERA SELATAN, MALUKU UTARA",1,129,38,167
https://kawalpemilu.org#77760,"KAMPUNG BARU, KEPULAUAN BOTANGLOMANG, HALMAHERA SELATAN, MALUKU UTARA",2,91,42,133
https://kawalpemilu.org#77761,"BATUTAGA, KEPULAUAN BOTANGLOMANG, HALMAHERA SELATAN, MALUKU UTARA",1,80,153,233
https://kawalpemilu.org#77762,"PAISUMBAOS, KEPULAUAN BOTANGLOMANG, HALMAHERA SELATAN, MALUKU UTARA",1,62,110,172
https://kawalpemilu.org#77762,"PAISUMBAOS, KEPULAUAN BOTANGLOMANG, HALMAHERA SELATAN, MALUKU UTARA",2,70,107,177
https://kawalpemilu.org#77764,"LELE, MANDIOLI SELATAN, HALMAHERA SELATAN, MALUKU UTARA",1,59,45,104
https://kawalpemilu.org#77764,"LELE, MANDIOLI SELATAN, HALMAHERA SELATAN, MALUKU UTARA",2,83,36,119
https://kawalpemilu.org#77764,"LELE, MANDIOLI SELATAN, HALMAHERA SELATAN, MALUKU UTARA",3,72,35,107
https://kawalpemilu.org#77764,"LELE, MANDIOLI SELATAN, HALMAHERA SELATAN, MALUKU UTARA",4,76,44,120
https://kawalpemilu.org#77765,"BAHU, MANDIOLI SELATAN, HALMAHERA SELATAN, MALUKU UTARA",1,47,184,231
https://kawalpemilu.org#77765,"BAHU, MANDIOLI SELATAN, HALMAHERA SELATAN, MALUKU UTARA",2,44,178,222
https://kawalpemilu.org#77766,"JIKO, MANDIOLI SELATAN, HALMAHERA SELATAN, MALUKU UTARA",1,44,146,190
https://kawalpemilu.org#77766,"JIKO, MANDIOLI SELATAN, HALMAHERA SELATAN, MALUKU UTARA",2,32,138,170
https://kawalpemilu.org#77766,"JIKO, MANDIOLI SELATAN, HALMAHERA SELATAN, MALUKU UTARA",3,36,109,145
https://kawalpemilu.org#77766,"JIKO, MANDIOLI SELATAN, HALMAHERA SELATAN, MALUKU UTARA",4,34,131,165
https://kawalpemilu.org#77766,"JIKO, MANDIOLI SELATAN, HALMAHERA SELATAN, MALUKU UTARA",5,40,113,153
https://kawalpemilu.org#77767,"GALALA, MANDIOLI SELATAN, HALMAHERA SELATAN, MALUKU UTARA",1,106,38,144
https://kawalpemilu.org#77767,"GALALA, MANDIOLI SELATAN, HALMAHERA SELATAN, MALUKU UTARA",2,121,40,161
https://kawalpemilu.org#77767,"GALALA, MANDIOLI SELATAN, HALMAHERA SELATAN, MALUKU UTARA",3,132,59,191
https://kawalpemilu.org#77767,"GALALA, MANDIOLI SELATAN, HALMAHERA SELATAN, MALUKU UTARA",4,84,46,130
https://kawalpemilu.org#77767,"GALALA, MANDIOLI SELATAN, HALMAHERA SELATAN, MALUKU UTARA",5,70,60,130
https://kawalpemilu.org#77767,"GALALA, MANDIOLI SELATAN, HALMAHERA SELATAN, MALUKU UTARA",6,72,105,177
https://kawalpemilu.org#77768,"TABALEMA, MANDIOLI SELATAN, HALMAHERA SELATAN, MALUKU UTARA",1,52,97,149
https://kawalpemilu.org#77768,"TABALEMA, MANDIOLI SELATAN, HALMAHERA SELATAN, MALUKU UTARA",2,97,116,213
https://kawalpemilu.org#77769,"YOYOK, MANDIOLI SELATAN, HALMAHERA SELATAN, MALUKU UTARA",1,68,104,172
https://kawalpemilu.org#77771,"PELITA, MANDIOLI UTARA, HALMAHERA SELATAN, MALUKU UTARA",2,28,84,112
https://kawalpemilu.org#77771,"PELITA, MANDIOLI UTARA, HALMAHERA SELATAN, MALUKU UTARA",3,11,82,93
https://kawalpemilu.org#77771,"PELITA, MANDIOLI UTARA, HALMAHERA SELATAN, MALUKU UTARA",4,29,126,155
https://kawalpemilu.org#77772,"INDONG, MANDIOLI UTARA, HALMAHERA SELATAN, MALUKU UTARA",1,22,81,103
https://kawalpemilu.org#77772,"INDONG, MANDIOLI UTARA, HALMAHERA SELATAN, MALUKU UTARA",2,36,91,127
https://kawalpemilu.org#77772,"INDONG, MANDIOLI UTARA, HALMAHERA SELATAN, MALUKU UTARA",3,13,115,128
https://kawalpemilu.org#77772,"INDONG, MANDIOLI UTARA, HALMAHERA SELATAN, MALUKU UTARA",4,27,128,155
https://kawalpemilu.org#77773,"WAYA, MANDIOLI UTARA, HALMAHERA SELATAN, MALUKU UTARA",1,121,55,176
https://kawalpemilu.org#77774,"LELEONGUSU, MANDIOLI UTARA, HALMAHERA SELATAN, MALUKU UTARA",1,117,1,118
https://kawalpemilu.org#77775,"AKEDABO, MANDIOLI UTARA, HALMAHERA SELATAN, MALUKU UTARA",1,81,6,87
https://kawalpemilu.org#77775,"AKEDABO, MANDIOLI UTARA, HALMAHERA SELATAN, MALUKU UTARA",2,92,4,96
https://kawalpemilu.org#77776,"BOBO, MANDIOLI UTARA, HALMAHERA SELATAN, MALUKU UTARA",1,52,90,142
https://kawalpemilu.org#77778,"WAYAUA, BACAN TIMUR SELATAN, HALMAHERA SELATAN, MALUKU UTARA",1,147,40,187
https://kawalpemilu.org#77778,"WAYAUA, BACAN TIMUR SELATAN, HALMAHERA SELATAN, MALUKU UTARA",3,48,85,133
https://kawalpemilu.org#77778,"WAYAUA, BACAN TIMUR SELATAN, HALMAHERA SELATAN, MALUKU UTARA",4,184,47,231
https://kawalpemilu.org#77778,"WAYAUA, BACAN TIMUR SELATAN, HALMAHERA SELATAN, MALUKU UTARA",5,75,115,190
https://kawalpemilu.org#77778,"WAYAUA, BACAN TIMUR SELATAN, HALMAHERA SELATAN, MALUKU UTARA",6,69,88,157
https://kawalpemilu.org#77778,"WAYAUA, BACAN TIMUR SELATAN, HALMAHERA SELATAN, MALUKU UTARA",7,32,82,114
https://kawalpemilu.org#77779,"SILANG, BACAN TIMUR SELATAN, HALMAHERA SELATAN, MALUKU UTARA",1,83,124,207
https://kawalpemilu.org#77779,"SILANG, BACAN TIMUR SELATAN, HALMAHERA SELATAN, MALUKU UTARA",2,3,27,30
https://kawalpemilu.org#77779,"SILANG, BACAN TIMUR SELATAN, HALMAHERA SELATAN, MALUKU UTARA",3,70,101,171
https://kawalpemilu.org#77780,"LIARO, BACAN TIMUR SELATAN, HALMAHERA SELATAN, MALUKU UTARA",1,66,101,167
https://kawalpemilu.org#77780,"LIARO, BACAN TIMUR SELATAN, HALMAHERA SELATAN, MALUKU UTARA",2,74,88,162
https://kawalpemilu.org#77780,"LIARO, BACAN TIMUR SELATAN, HALMAHERA SELATAN, MALUKU UTARA",3,91,100,191
https://kawalpemilu.org#77781,"PIGARAJA, BACAN TIMUR SELATAN, HALMAHERA SELATAN, MALUKU UTARA",1,69,98,167
https://kawalpemilu.org#77781,"PIGARAJA, BACAN TIMUR SELATAN, HALMAHERA SELATAN, MALUKU UTARA",2,73,94,167
https://kawalpemilu.org#77781,"PIGARAJA, BACAN TIMUR SELATAN, HALMAHERA SELATAN, MALUKU UTARA",3,66,83,149
https://kawalpemilu.org#77781,"PIGARAJA, BACAN TIMUR SELATAN, HALMAHERA SELATAN, MALUKU UTARA",4,80,93,173
https://kawalpemilu.org#77782,"WAYAKUBA, BACAN TIMUR SELATAN, HALMAHERA SELATAN, MALUKU UTARA",1,64,160,224
https://kawalpemilu.org#77783,"TABANGAME, BACAN TIMUR SELATAN, HALMAHERA SELATAN, MALUKU UTARA",1,9,138,147
https://kawalpemilu.org#77784,"TABAJAYA, BACAN TIMUR SELATAN, HALMAHERA SELATAN, MALUKU UTARA",1,28,133,161
https://kawalpemilu.org#77786,"WAYATIM, BACAN TIMUR TENGAH, HALMAHERA SELATAN, MALUKU UTARA",1,28,104,132
https://kawalpemilu.org#77787,"TOMARA, BACAN TIMUR TENGAH, HALMAHERA SELATAN, MALUKU UTARA",1,28,120,148
https://kawalpemilu.org#77787,"TOMARA, BACAN TIMUR TENGAH, HALMAHERA SELATAN, MALUKU UTARA",2,25,110,135
https://kawalpemilu.org#77787,"TOMARA, BACAN TIMUR TENGAH, HALMAHERA SELATAN, MALUKU UTARA",3,22,104,126
https://kawalpemilu.org#77788,"TUTUPA, BACAN TIMUR TENGAH, HALMAHERA SELATAN, MALUKU UTARA",1,100,52,152
https://kawalpemilu.org#77788,"TUTUPA, BACAN TIMUR TENGAH, HALMAHERA SELATAN, MALUKU UTARA",2,94,62,156
https://kawalpemilu.org#77789,"TABAPOMA, BACAN TIMUR TENGAH, HALMAHERA SELATAN, MALUKU UTARA",1,45,124,169
https://kawalpemilu.org#77789,"TABAPOMA, BACAN TIMUR TENGAH, HALMAHERA SELATAN, MALUKU UTARA",2,52,132,184
https://kawalpemilu.org#77790,"BIBINOI, BACAN TIMUR TENGAH, HALMAHERA SELATAN, MALUKU UTARA",1,122,101,223
https://kawalpemilu.org#77790,"BIBINOI, BACAN TIMUR TENGAH, HALMAHERA SELATAN, MALUKU UTARA",2,84,104,188
https://kawalpemilu.org#77790,"BIBINOI, BACAN TIMUR TENGAH, HALMAHERA SELATAN, MALUKU UTARA",3,110,82,192
https://kawalpemilu.org#77790,"BIBINOI, BACAN TIMUR TENGAH, HALMAHERA SELATAN, MALUKU UTARA",4,47,124,171
https://kawalpemilu.org#77791,"SONGA, BACAN TIMUR TENGAH, HALMAHERA SELATAN, MALUKU UTARA",1,134,64,198
https://kawalpemilu.org#77791,"SONGA, BACAN TIMUR TENGAH, HALMAHERA SELATAN, MALUKU UTARA",2,197,10,207
https://kawalpemilu.org#77791,"SONGA, BACAN TIMUR TENGAH, HALMAHERA SELATAN, MALUKU UTARA",3,78,98,176
https://kawalpemilu.org#77792,"TAWA, BACAN TIMUR TENGAH, HALMAHERA SELATAN, MALUKU UTARA",1,122,19,141
https://kawalpemilu.org#77792,"TAWA, BACAN TIMUR TENGAH, HALMAHERA SELATAN, MALUKU UTARA",2,118,10,128
https://kawalpemilu.org#77792,"TAWA, BACAN TIMUR TENGAH, HALMAHERA SELATAN, MALUKU UTARA",3,139,24,163
https://kawalpemilu.org#77794,"AWIS, GANE BARAT SELATAN, HALMAHERA SELATAN, MALUKU UTARA",1,35,157,192
https://kawalpemilu.org#77795,"DOWORA, GANE BARAT SELATAN, HALMAHERA SELATAN, MALUKU UTARA",1,34,145,179
https://kawalpemilu.org#77795,"DOWORA, GANE BARAT SELATAN, HALMAHERA SELATAN, MALUKU UTARA",2,24,118,142
https://kawalpemilu.org#77795,"DOWORA, GANE BARAT SELATAN, HALMAHERA SELATAN, MALUKU UTARA",3,40,124,164
https://kawalpemilu.org#77795,"DOWORA, GANE BARAT SELATAN, HALMAHERA SELATAN, MALUKU UTARA",4,33,122,155
https://kawalpemilu.org#77796,"GANE DALAM, GANE BARAT SELATAN, HALMAHERA SELATAN, MALUKU UTARA",1,41,126,167
https://kawalpemilu.org#77796,"GANE DALAM, GANE BARAT SELATAN, HALMAHERA SELATAN, MALUKU UTARA",2,51,165,216
https://kawalpemilu.org#77796,"GANE DALAM, GANE BARAT SELATAN, HALMAHERA SELATAN, MALUKU UTARA",3,36,126,162
https://kawalpemilu.org#77798,"PASIPALELE, GANE BARAT SELATAN, HALMAHERA SELATAN, MALUKU UTARA",1,114,53,167
https://kawalpemilu.org#77798,"PASIPALELE, GANE BARAT SELATAN, HALMAHERA SELATAN, MALUKU UTARA",2,124,69,193
https://kawalpemilu.org#77798,"PASIPALELE, GANE BARAT SELATAN, HALMAHERA SELATAN, MALUKU UTARA",3,123,36,159
https://kawalpemilu.org#77799,"SEKELY, GANE BARAT SELATAN, HALMAHERA SELATAN, MALUKU UTARA",1,88,115,203
https://kawalpemilu.org#77800,"TAWA, GANE BARAT SELATAN, HALMAHERA SELATAN, MALUKU UTARA",1,23,116,139
https://kawalpemilu.org#77800,"TAWA, GANE BARAT SELATAN, HALMAHERA SELATAN, MALUKU UTARA",2,11,117,128
https://kawalpemilu.org#77801,"YAMLI, GANE BARAT SELATAN, HALMAHERA SELATAN, MALUKU UTARA",1,182,5,187
https://kawalpemilu.org#77804,"BOSO, GANE BARAT UTARA, HALMAHERA SELATAN, MALUKU UTARA",1,188,12,200
https://kawalpemilu.org#77804,"BOSO, GANE BARAT UTARA, HALMAHERA SELATAN, MALUKU UTARA",2,181,21,202
https://kawalpemilu.org#77805,"DOLIK, GANE BARAT UTARA, HALMAHERA SELATAN, MALUKU UTARA",1,57,138,193
https://kawalpemilu.org#77805,"DOLIK, GANE BARAT UTARA, HALMAHERA SELATAN, MALUKU UTARA",2,44,104,148
https://kawalpemilu.org#77805,"DOLIK, GANE BARAT UTARA, HALMAHERA SELATAN, MALUKU UTARA",3,43,127,170
https://kawalpemilu.org#77805,"DOLIK, GANE BARAT UTARA, HALMAHERA SELATAN, MALUKU UTARA",4,54,117,171
https://kawalpemilu.org#77805,"DOLIK, GANE BARAT UTARA, HALMAHERA SELATAN, MALUKU UTARA",5,51,106,157
https://kawalpemilu.org#77806,"FULAI, GANE BARAT UTARA, HALMAHERA SELATAN, MALUKU UTARA",1,41,80,121
https://kawalpemilu.org#77806,"FULAI, GANE BARAT UTARA, HALMAHERA SELATAN, MALUKU UTARA",2,22,80,102
https://kawalpemilu.org#77807,"GUMIRAH, GANE BARAT UTARA, HALMAHERA SELATAN, MALUKU UTARA",1,32,77,109
https://kawalpemilu.org#77807,"GUMIRAH, GANE BARAT UTARA, HALMAHERA SELATAN, MALUKU UTARA",2,45,87,132
https://kawalpemilu.org#77808,"MOLOKU, GANE BARAT UTARA, HALMAHERA SELATAN, MALUKU UTARA",1,40,105,145
https://kawalpemilu.org#77808,"MOLOKU, GANE BARAT UTARA, HALMAHERA SELATAN, MALUKU UTARA",2,36,114,150
https://kawalpemilu.org#77809,"NURJIHAT, GANE BARAT UTARA, HALMAHERA SELATAN, MALUKU UTARA",1,31,89,120
https://kawalpemilu.org#77810,"POSI POSI, GANE BARAT UTARA, HALMAHERA SELATAN, MALUKU UTARA",1,75,89,164
https://kawalpemilu.org#77811,"SAMAT, GANE BARAT UTARA, HALMAHERA SELATAN, MALUKU UTARA",1,37,135,172
https://kawalpemilu.org#77812,"SAMO, GANE BARAT UTARA, HALMAHERA SELATAN, MALUKU UTARA",1,45,124,169
https://kawalpemilu.org#77812,"SAMO, GANE BARAT UTARA, HALMAHERA SELATAN, MALUKU UTARA",2,42,137,179
https://kawalpemilu.org#77813,"SUKA DAMAI, GANE BARAT UTARA, HALMAHERA SELATAN, MALUKU UTARA",1,150,12,162
https://kawalpemilu.org#77814,"TOKAKA, GANE BARAT UTARA, HALMAHERA SELATAN, MALUKU UTARA",1,44,128,172
https://kawalpemilu.org#77814,"TOKAKA, GANE BARAT UTARA, HALMAHERA SELATAN, MALUKU UTARA",2,40,142,182
https://kawalpemilu.org#77816,"GONONE, KEPULAUAN JORONGA, HALMAHERA SELATAN, MALUKU UTARA",1,215,34,249
https://kawalpemilu.org#77817,"KUKUPANG, KEPULAUAN JORONGA, HALMAHERA SELATAN, MALUKU UTARA",1,64,188,252
https://kawalpemilu.org#77817,"KUKUPANG, KEPULAUAN JORONGA, HALMAHERA SELATAN, MALUKU UTARA",2,62,155,217
https://kawalpemilu.org#77817,"KUKUPANG, KEPULAUAN JORONGA, HALMAHERA SELATAN, MALUKU UTARA",3,71,142,213
https://kawalpemilu.org#77817,"KUKUPANG, KEPULAUAN JORONGA, HALMAHERA SELATAN, MALUKU UTARA",4,71,192,263
https://kawalpemilu.org#77819,"LIBOBA HIJRAH, KEPULAUAN JORONGA, HALMAHERA SELATAN, MALUKU UTARA",1,48,85,133
https://kawalpemilu.org#77820,"PULAU GALA, KEPULAUAN JORONGA, HALMAHERA SELATAN, MALUKU UTARA",2,146,37,183
https://kawalpemilu.org#77820,"PULAU GALA, KEPULAUAN JORONGA, HALMAHERA SELATAN, MALUKU UTARA",3,136,31,167
https://kawalpemilu.org#77821,"TAWABI, KEPULAUAN JORONGA, HALMAHERA SELATAN, MALUKU UTARA",1,69,109,178
https://kawalpemilu.org#77821,"TAWABI, KEPULAUAN JORONGA, HALMAHERA SELATAN, MALUKU UTARA",2,88,108,196
https://kawalpemilu.org#77821,"TAWABI, KEPULAUAN JORONGA, HALMAHERA SELATAN, MALUKU UTARA",3,92,76,168
https://kawalpemilu.org#77822,"YOMEN, KEPULAUAN JORONGA, HALMAHERA SELATAN, MALUKU UTARA",2,100,70,170
https://kawalpemilu.org#77824,"GAIMU, GANE TIMUR SELATAN, HALMAHERA SELATAN, MALUKU UTARA",1,91,42,133
https://kawalpemilu.org#77825,"GANE LUAR, GANE TIMUR SELATAN, HALMAHERA SELATAN, MALUKU UTARA",1,30,180,210
https://kawalpemilu.org#77825,"GANE LUAR, GANE TIMUR SELATAN, HALMAHERA SELATAN, MALUKU UTARA",4,23,145,168
https://kawalpemilu.org#77826,"KUWO, GANE TIMUR SELATAN, HALMAHERA SELATAN, MALUKU UTARA",2,155,2,157
https://kawalpemilu.org#77826,"KUWO, GANE TIMUR SELATAN, HALMAHERA SELATAN, MALUKU UTARA",3,108,6,114
https://kawalpemilu.org#77826,"KUWO, GANE TIMUR SELATAN, HALMAHERA SELATAN, MALUKU UTARA",4,136,2,138
https://kawalpemilu.org#77827,"RANGA RANGA, GANE TIMUR SELATAN, HALMAHERA SELATAN, MALUKU UTARA",1,154,7,161
https://kawalpemilu.org#77827,"RANGA RANGA, GANE TIMUR SELATAN, HALMAHERA SELATAN, MALUKU UTARA",2,169,9,178
https://kawalpemilu.org#77828,"SAWAT, GANE TIMUR SELATAN, HALMAHERA SELATAN, MALUKU UTARA",1,6,96,102
https://kawalpemilu.org#77830,"BISUI, GANE TIMUR TENGAH, HALMAHERA SELATAN, MALUKU UTARA",1,55,107,162
https://kawalpemilu.org#77830,"BISUI, GANE TIMUR TENGAH, HALMAHERA SELATAN, MALUKU UTARA",2,51,117,168
https://kawalpemilu.org#77830,"BISUI, GANE TIMUR TENGAH, HALMAHERA SELATAN, MALUKU UTARA",3,54,111,165
https://kawalpemilu.org#77830,"BISUI, GANE TIMUR TENGAH, HALMAHERA SELATAN, MALUKU UTARA",4,44,110,154
https://kawalpemilu.org#77831,"LELEWI, GANE TIMUR TENGAH, HALMAHERA SELATAN, MALUKU UTARA",1,54,94,148
https://kawalpemilu.org#77832,"LUIM, GANE TIMUR TENGAH, HALMAHERA SELATAN, MALUKU UTARA",1,180,13,193
https://kawalpemilu.org#77833,"MATUTING, GANE TIMUR TENGAH, HALMAHERA SELATAN, MALUKU UTARA",1,50,146,196
https://kawalpemilu.org#77833,"MATUTING, GANE TIMUR TENGAH, HALMAHERA SELATAN, MALUKU UTARA",2,40,139,179
https://kawalpemilu.org#77834,"MATUTING TANJUNG, GANE TIMUR TENGAH, HALMAHERA SELATAN, MALUKU UTARA",1,155,0,155
https://kawalpemilu.org#77834,"MATUTING TANJUNG, GANE TIMUR TENGAH, HALMAHERA SELATAN, MALUKU UTARA",2,142,2,144
https://kawalpemilu.org#77835,"TABAHIDAYAH, GANE TIMUR TENGAH, HALMAHERA SELATAN, MALUKU UTARA",1,11,151,162
https://kawalpemilu.org#77835,"TABAHIDAYAH, GANE TIMUR TENGAH, HALMAHERA SELATAN, MALUKU UTARA",2,12,132,144
https://kawalpemilu.org#77836,"TABAHIJRAH, GANE TIMUR TENGAH, HALMAHERA SELATAN, MALUKU UTARA",1,32,89,121
https://kawalpemilu.org#77837,"TAGEA, GANE TIMUR TENGAH, HALMAHERA SELATAN, MALUKU UTARA",1,158,24,182
https://kawalpemilu.org#77839,"ALAM KENANGA, OBI BARAT, HALMAHERA SELATAN, MALUKU UTARA",1,32,43,75
https://kawalpemilu.org#77840,"ALAM PELITA, OBI BARAT, HALMAHERA SELATAN, MALUKU UTARA",1,129,133,242
https://kawalpemilu.org#77841,"JIKOHAI, OBI BARAT, HALMAHERA SELATAN, MALUKU UTARA",1,121,46,167
https://kawalpemilu.org#77841,"JIKOHAI, OBI BARAT, HALMAHERA SELATAN, MALUKU UTARA",2,106,73,179
https://kawalpemilu.org#77841,"JIKOHAI, OBI BARAT, HALMAHERA SELATAN, MALUKU UTARA",3,121,56,177
https://kawalpemilu.org#77841,"JIKOHAI, OBI BARAT, HALMAHERA SELATAN, MALUKU UTARA",4,112,63,175
https://kawalpemilu.org#77842,"MANATAHAN, OBI BARAT, HALMAHERA SELATAN, MALUKU UTARA",1,98,85,183
https://kawalpemilu.org#77842,"MANATAHAN, OBI BARAT, HALMAHERA SELATAN, MALUKU UTARA",2,177,62,179
https://kawalpemilu.org#77842,"MANATAHAN, OBI BARAT, HALMAHERA SELATAN, MALUKU UTARA",3,111,68,179
https://kawalpemilu.org#77842,"MANATAHAN, OBI BARAT, HALMAHERA SELATAN, MALUKU UTARA",4,86,56,142
https://kawalpemilu.org#77843,"SOA SANGAJI, OBI BARAT, HALMAHERA SELATAN, MALUKU UTARA",1,75,44,119
https://kawalpemilu.org#77843,"SOA SANGAJI, OBI BARAT, HALMAHERA SELATAN, MALUKU UTARA",2,88,30,118
https://kawalpemilu.org#77844,"TAPA, OBI BARAT, HALMAHERA SELATAN, MALUKU UTARA",2,132,11,143
https://kawalpemilu.org#77846,"KELO, OBI TIMUR, HALMAHERA SELATAN, MALUKU UTARA",1,81,80,161
https://kawalpemilu.org#77846,"KELO, OBI TIMUR, HALMAHERA SELATAN, MALUKU UTARA",2,77,67,144
https://kawalpemilu.org#77847,"SUM, OBI TIMUR, HALMAHERA SELATAN, MALUKU UTARA",1,157,45,202
https://kawalpemilu.org#77847,"SUM, OBI TIMUR, HALMAHERA SELATAN, MALUKU UTARA",2,174,12,186
https://kawalpemilu.org#77847,"SUM, OBI TIMUR, HALMAHERA SELATAN, MALUKU UTARA",3,227,10,237
https://kawalpemilu.org#77847,"SUM, OBI TIMUR, HALMAHERA SELATAN, MALUKU UTARA",4,219,6,225
https://kawalpemilu.org#77849,"WOOI, OBI TIMUR, HALMAHERA SELATAN, MALUKU UTARA",1,150,10,160
https://kawalpemilu.org#77849,"WOOI, OBI TIMUR, HALMAHERA SELATAN, MALUKU UTARA",2,163,27,190
https://kawalpemilu.org#77849,"WOOI, OBI TIMUR, HALMAHERA SELATAN, MALUKU UTARA",3,156,10,166
https://kawalpemilu.org#77849,"WOOI, OBI TIMUR, HALMAHERA SELATAN, MALUKU UTARA",4,152,10,162
https://kawalpemilu.org#77849,"WOOI, OBI TIMUR, HALMAHERA SELATAN, MALUKU UTARA",5,160,35,195
https://kawalpemilu.org#77849,"WOOI, OBI TIMUR, HALMAHERA SELATAN, MALUKU UTARA",6,140,26,166
https://kawalpemilu.org#77851,"CAP, OBI UTARA, HALMAHERA SELATAN, MALUKU UTARA",1,49,153,202
https://kawalpemilu.org#77851,"CAP, OBI UTARA, HALMAHERA SELATAN, MALUKU UTARA",2,43,147,190
https://kawalpemilu.org#77852,"MADOPOLO, OBI UTARA, HALMAHERA SELATAN, MALUKU UTARA",1,59,119,178
https://kawalpemilu.org#77852,"MADOPOLO, OBI UTARA, HALMAHERA SELATAN, MALUKU UTARA",2,67,137,204
https://kawalpemilu.org#77852,"MADOPOLO, OBI UTARA, HALMAHERA SELATAN, MALUKU UTARA",3,65,143,208
https://kawalpemilu.org#77852,"MADOPOLO, OBI UTARA, HALMAHERA SELATAN, MALUKU UTARA",4,43,4,47
https://kawalpemilu.org#77852,"MADOPOLO, OBI UTARA, HALMAHERA SELATAN, MALUKU UTARA",5,57,118,175
https://kawalpemilu.org#77852,"MADOPOLO, OBI UTARA, HALMAHERA SELATAN, MALUKU UTARA",6,72,110,182
https://kawalpemilu.org#77852,"MADOPOLO, OBI UTARA, HALMAHERA SELATAN, MALUKU UTARA",7,68,160,228
https://kawalpemilu.org#77853,"GALALA, OBI UTARA, HALMAHERA SELATAN, MALUKU UTARA",1,172,4,176
https://kawalpemilu.org#77853,"GALALA, OBI UTARA, HALMAHERA SELATAN, MALUKU UTARA",2,175,2,177
https://kawalpemilu.org#77854,"MADOPOLO BARAT, OBI UTARA, HALMAHERA SELATAN, MALUKU UTARA",1,74,116,190
https://kawalpemilu.org#77854,"MADOPOLO BARAT, OBI UTARA, HALMAHERA SELATAN, MALUKU UTARA",2,76,126,202
https://kawalpemilu.org#77854,"MADOPOLO BARAT, OBI UTARA, HALMAHERA SELATAN, MALUKU UTARA",3,70,106,176
https://kawalpemilu.org#77854,"MADOPOLO BARAT, OBI UTARA, HALMAHERA SELATAN, MALUKU UTARA",4,54,135,189
https://kawalpemilu.org#77854,"MADOPOLO BARAT, OBI UTARA, HALMAHERA SELATAN, MALUKU UTARA",5,74,115,189
https://kawalpemilu.org#77855,"WARINGI, OBI UTARA, HALMAHERA SELATAN, MALUKU UTARA",1,54,161,215
https://kawalpemilu.org#77855,"WARINGI, OBI UTARA, HALMAHERA SELATAN, MALUKU UTARA",2,81,134,215
https://kawalpemilu.org#77856,"PASIR PUTIH, OBI UTARA, HALMAHERA SELATAN, MALUKU UTARA",3,67,87,154
https://kawalpemilu.org#77856,"PASIR PUTIH, OBI UTARA, HALMAHERA SELATAN, MALUKU UTARA",4,63,85,148
https://kawalpemilu.org#77857,"MADOPOLO TIMUR, OBI UTARA, HALMAHERA SELATAN, MALUKU UTARA",1,87,120,207
https://kawalpemilu.org#77857,"MADOPOLO TIMUR, OBI UTARA, HALMAHERA SELATAN, MALUKU UTARA",2,51,140,191
https://kawalpemilu.org#77857,"MADOPOLO TIMUR, OBI UTARA, HALMAHERA SELATAN, MALUKU UTARA",3,57,122,179
https://kawalpemilu.org#77857,"MADOPOLO TIMUR, OBI UTARA, HALMAHERA SELATAN, MALUKU UTARA",4,55,149,204
https://kawalpemilu.org#77860,"WAITINA, MANGOLI TIMUR, KEPULAUAN SULA, MALUKU UTARA",1,30,186,216
https://kawalpemilu.org#77860,"WAITINA, MANGOLI TIMUR, KEPULAUAN SULA, MALUKU UTARA",2,17,163,180
https://kawalpemilu.org#77860,"WAITINA, MANGOLI TIMUR, KEPULAUAN SULA, MALUKU UTARA",3,15,130,145
https://kawalpemilu.org#77860,"WAITINA, MANGOLI TIMUR, KEPULAUAN SULA, MALUKU UTARA",4,14,172,186
https://kawalpemilu.org#77860,"WAITINA, MANGOLI TIMUR, KEPULAUAN SULA, MALUKU UTARA",5,17,101,118
https://kawalpemilu.org#77860,"WAITINA, MANGOLI TIMUR, KEPULAUAN SULA, MALUKU UTARA",6,8,128,136
https://kawalpemilu.org#77861,"KOU, MANGOLI TIMUR, KEPULAUAN SULA, MALUKU UTARA",1,6,186,192
https://kawalpemilu.org#77861,"KOU, MANGOLI TIMUR, KEPULAUAN SULA, MALUKU UTARA",2,18,156,174
https://kawalpemilu.org#77861,"KOU, MANGOLI TIMUR, KEPULAUAN SULA, MALUKU UTARA",3,7,168,175
https://kawalpemilu.org#77861,"KOU, MANGOLI TIMUR, KEPULAUAN SULA, MALUKU UTARA",4,12,150,162
https://kawalpemilu.org#77862,"WAITAMELA, MANGOLI TIMUR, KEPULAUAN SULA, MALUKU UTARA",1,7,141,148
https://kawalpemilu.org#77862,"WAITAMELA, MANGOLI TIMUR, KEPULAUAN SULA, MALUKU UTARA",2,22,99,121
https://kawalpemilu.org#77862,"WAITAMELA, MANGOLI TIMUR, KEPULAUAN SULA, MALUKU UTARA",3,21,110,131
https://kawalpemilu.org#86128,"KARAMAT TITDOY, MANGOLI TIMUR, KEPULAUAN SULA, MALUKU UTARA",2,16,122,138
https://kawalpemilu.org#77864,"MANGON, SANANA, KEPULAUAN SULA, MALUKU UTARA",1,12,70,82
https://kawalpemilu.org#77864,"MANGON, SANANA, KEPULAUAN SULA, MALUKU UTARA",2,46,126,172
https://kawalpemilu.org#77864,"MANGON, SANANA, KEPULAUAN SULA, MALUKU UTARA",3,15,116,131
https://kawalpemilu.org#77864,"MANGON, SANANA, KEPULAUAN SULA, MALUKU UTARA",4,28,105,133
https://kawalpemilu.org#77864,"MANGON, SANANA, KEPULAUAN SULA, MALUKU UTARA",5,53,149,202
https://kawalpemilu.org#77864,"MANGON, SANANA, KEPULAUAN SULA, MALUKU UTARA",6,36,93,129
https://kawalpemilu.org#77864,"MANGON, SANANA, KEPULAUAN SULA, MALUKU UTARA",7,35,112,147
https://kawalpemilu.org#77864,"MANGON, SANANA, KEPULAUAN SULA, MALUKU UTARA",8,43,125,168
https://kawalpemilu.org#77864,"MANGON, SANANA, KEPULAUAN SULA, MALUKU UTARA",9,14,87,101
https://kawalpemilu.org#77864,"MANGON, SANANA, KEPULAUAN SULA, MALUKU UTARA",10,54,154,208
https://kawalpemilu.org#77864,"MANGON, SANANA, KEPULAUAN SULA, MALUKU UTARA",11,22,71,93
https://kawalpemilu.org#77864,"MANGON, SANANA, KEPULAUAN SULA, MALUKU UTARA",12,15,78,93
https://kawalpemilu.org#77864,"MANGON, SANANA, KEPULAUAN SULA, MALUKU UTARA",13,31,69,100
https://kawalpemilu.org#77864,"MANGON, SANANA, KEPULAUAN SULA, MALUKU UTARA",14,27,99,126
https://kawalpemilu.org#77864,"MANGON, SANANA, KEPULAUAN SULA, MALUKU UTARA",15,33,83,116
https://kawalpemilu.org#77864,"MANGON, SANANA, KEPULAUAN SULA, MALUKU UTARA",16,23,75,98
https://kawalpemilu.org#77865,"FAGUDU, SANANA, KEPULAUAN SULA, MALUKU UTARA",1,36,98,134
https://kawalpemilu.org#77865,"FAGUDU, SANANA, KEPULAUAN SULA, MALUKU UTARA",2,25,105,130
https://kawalpemilu.org#77865,"FAGUDU, SANANA, KEPULAUAN SULA, MALUKU UTARA",3,65,129,194
https://kawalpemilu.org#77865,"FAGUDU, SANANA, KEPULAUAN SULA, MALUKU UTARA",4,25,91,116
https://kawalpemilu.org#77865,"FAGUDU, SANANA, KEPULAUAN SULA, MALUKU UTARA",5,30,157,187
https://kawalpemilu.org#77865,"FAGUDU, SANANA, KEPULAUAN SULA, MALUKU UTARA",6,45,118,163
https://kawalpemilu.org#77865,"FAGUDU, SANANA, KEPULAUAN SULA, MALUKU UTARA",7,52,68,118
https://kawalpemilu.org#77865,"FAGUDU, SANANA, KEPULAUAN SULA, MALUKU UTARA",8,21,145,166
https://kawalpemilu.org#77865,"FAGUDU, SANANA, KEPULAUAN SULA, MALUKU UTARA",9,26,107,133
https://kawalpemilu.org#77865,"FAGUDU, SANANA, KEPULAUAN SULA, MALUKU UTARA",10,25,98,123
https://kawalpemilu.org#77866,"WAIBAU, SANANA, KEPULAUAN SULA, MALUKU UTARA",1,44,203,247
https://kawalpemilu.org#77866,"WAIBAU, SANANA, KEPULAUAN SULA, MALUKU UTARA",2,49,222,271
https://kawalpemilu.org#77866,"WAIBAU, SANANA, KEPULAUAN SULA, MALUKU UTARA",3,62,198,260
https://kawalpemilu.org#77866,"WAIBAU, SANANA, KEPULAUAN SULA, MALUKU UTARA",4,41,184,225
https://kawalpemilu.org#77867,"FALAHU, SANANA, KEPULAUAN SULA, MALUKU UTARA",1,11,67,78
https://kawalpemilu.org#77867,"FALAHU, SANANA, KEPULAUAN SULA, MALUKU UTARA",2,47,118,165
https://kawalpemilu.org#77867,"FALAHU, SANANA, KEPULAUAN SULA, MALUKU UTARA",3,42,135,177
https://kawalpemilu.org#77867,"FALAHU, SANANA, KEPULAUAN SULA, MALUKU UTARA",4,35,111,146
https://kawalpemilu.org#77867,"FALAHU, SANANA, KEPULAUAN SULA, MALUKU UTARA",5,28,110,138
https://kawalpemilu.org#77867,"FALAHU, SANANA, KEPULAUAN SULA, MALUKU UTARA",6,29,149,178
https://kawalpemilu.org#77868,"FATCEI, SANANA, KEPULAUAN SULA, MALUKU UTARA",1,47,110,157
https://kawalpemilu.org#77868,"FATCEI, SANANA, KEPULAUAN SULA, MALUKU UTARA",2,32,132,164
https://kawalpemilu.org#77868,"FATCEI, SANANA, KEPULAUAN SULA, MALUKU UTARA",3,48,171,219
https://kawalpemilu.org#77868,"FATCEI, SANANA, KEPULAUAN SULA, MALUKU UTARA",4,26,83,109
https://kawalpemilu.org#77868,"FATCEI, SANANA, KEPULAUAN SULA, MALUKU UTARA",5,71,143,214
https://kawalpemilu.org#77868,"FATCEI, SANANA, KEPULAUAN SULA, MALUKU UTARA",6,41,91,132
https://kawalpemilu.org#77868,"FATCEI, SANANA, KEPULAUAN SULA, MALUKU UTARA",7,41,121,162
https://kawalpemilu.org#77868,"FATCEI, SANANA, KEPULAUAN SULA, MALUKU UTARA",8,30,87,117
https://kawalpemilu.org#77868,"FATCEI, SANANA, KEPULAUAN SULA, MALUKU UTARA",9,29,71,100
https://kawalpemilu.org#77869,"FOGI, SANANA, KEPULAUAN SULA, MALUKU UTARA",1,32,145,177
https://kawalpemilu.org#77869,"FOGI, SANANA, KEPULAUAN SULA, MALUKU UTARA",2,27,130,143
https://kawalpemilu.org#77869,"FOGI, SANANA, KEPULAUAN SULA, MALUKU UTARA",3,19,84,103
https://kawalpemilu.org#77869,"FOGI, SANANA, KEPULAUAN SULA, MALUKU UTARA",4,37,132,169
https://kawalpemilu.org#77869,"FOGI, SANANA, KEPULAUAN SULA, MALUKU UTARA",5,45,149,194
https://kawalpemilu.org#77869,"FOGI, SANANA, KEPULAUAN SULA, MALUKU UTARA",6,80,155,235
https://kawalpemilu.org#77869,"FOGI, SANANA, KEPULAUAN SULA, MALUKU UTARA",7,51,153,204
https://kawalpemilu.org#77869,"FOGI, SANANA, KEPULAUAN SULA, MALUKU UTARA",8,73,60,133
https://kawalpemilu.org#77869,"FOGI, SANANA, KEPULAUAN SULA, MALUKU UTARA",9,1,82,83
https://kawalpemilu.org#77869,"FOGI, SANANA, KEPULAUAN SULA, MALUKU UTARA",10,23,65,88
https://kawalpemilu.org#77869,"FOGI, SANANA, KEPULAUAN SULA, MALUKU UTARA",11,28,113,141
https://kawalpemilu.org#77869,"FOGI, SANANA, KEPULAUAN SULA, MALUKU UTARA",12,22,93,115
https://kawalpemilu.org#77869,"FOGI, SANANA, KEPULAUAN SULA, MALUKU UTARA",13,21,96,117
https://kawalpemilu.org#77869,"FOGI, SANANA, KEPULAUAN SULA, MALUKU UTARA",14,18,79,97
https://kawalpemilu.org#77869,"FOGI, SANANA, KEPULAUAN SULA, MALUKU UTARA",15,56,81,137
https://kawalpemilu.org#77869,"FOGI, SANANA, KEPULAUAN SULA, MALUKU UTARA",16,34,47,81
https://kawalpemilu.org#77869,"FOGI, SANANA, KEPULAUAN SULA, MALUKU UTARA",17,32,52,84
https://kawalpemilu.org#77869,"FOGI, SANANA, KEPULAUAN SULA, MALUKU UTARA",18,36,84,120
https://kawalpemilu.org#77869,"FOGI, SANANA, KEPULAUAN SULA, MALUKU UTARA",19,14,76,90
https://kawalpemilu.org#77869,"FOGI, SANANA, KEPULAUAN SULA, MALUKU UTARA",20,57,55,112
https://kawalpemilu.org#77870,"WAIHAMA, SANANA, KEPULAUAN SULA, MALUKU UTARA",1,43,195,238
https://kawalpemilu.org#77870,"WAIHAMA, SANANA, KEPULAUAN SULA, MALUKU UTARA",2,44,188,232
https://kawalpemilu.org#77870,"WAIHAMA, SANANA, KEPULAUAN SULA, MALUKU UTARA",3,44,172,216
https://kawalpemilu.org#77870,"WAIHAMA, SANANA, KEPULAUAN SULA, MALUKU UTARA",4,47,176,223
https://kawalpemilu.org#77870,"WAIHAMA, SANANA, KEPULAUAN SULA, MALUKU UTARA",5,24,161,185
https://kawalpemilu.org#77870,"WAIHAMA, SANANA, KEPULAUAN SULA, MALUKU UTARA",6,51,164,215
https://kawalpemilu.org#77871,"WAI IPA, SANANA, KEPULAUAN SULA, MALUKU UTARA",1,23,209,232
https://kawalpemilu.org#77871,"WAI IPA, SANANA, KEPULAUAN SULA, MALUKU UTARA",2,42,164,206
https://kawalpemilu.org#77871,"WAI IPA, SANANA, KEPULAUAN SULA, MALUKU UTARA",3,6,146,152
https://kawalpemilu.org#77871,"WAI IPA, SANANA, KEPULAUAN SULA, MALUKU UTARA",4,15,194,209
https://kawalpemilu.org#77871,"WAI IPA, SANANA, KEPULAUAN SULA, MALUKU UTARA",5,37,161,198
https://kawalpemilu.org#77871,"WAI IPA, SANANA, KEPULAUAN SULA, MALUKU UTARA",6,24,181,205
https://kawalpemilu.org#77871,"WAI IPA, SANANA, KEPULAUAN SULA, MALUKU UTARA",7,21,119,140
https://kawalpemilu.org#77872,"UMALOYA, SANANA, KEPULAUAN SULA, MALUKU UTARA",1,26,138,164
https://kawalpemilu.org#77872,"UMALOYA, SANANA, KEPULAUAN SULA, MALUKU UTARA",2,35,160,195
https://kawalpemilu.org#77872,"UMALOYA, SANANA, KEPULAUAN SULA, MALUKU UTARA",3,24,165,189
https://kawalpemilu.org#77872,"UMALOYA, SANANA, KEPULAUAN SULA, MALUKU UTARA",4,23,155,178
https://kawalpemilu.org#77873,"PASTINA, SANANA, KEPULAUAN SULA, MALUKU UTARA",1,13,180,193
https://kawalpemilu.org#77873,"PASTINA, SANANA, KEPULAUAN SULA, MALUKU UTARA",2,40,183,223
https://kawalpemilu.org#77873,"PASTINA, SANANA, KEPULAUAN SULA, MALUKU UTARA",3,11,181,192
https://kawalpemilu.org#77874,"WAILAU, SANANA, KEPULAUAN SULA, MALUKU UTARA",1,29,200,229
https://kawalpemilu.org#77874,"WAILAU, SANANA, KEPULAUAN SULA, MALUKU UTARA",2,26,168,194
https://kawalpemilu.org#77874,"WAILAU, SANANA, KEPULAUAN SULA, MALUKU UTARA",3,28,174,202
https://kawalpemilu.org#77874,"WAILAU, SANANA, KEPULAUAN SULA, MALUKU UTARA",4,26,141,167
https://kawalpemilu.org#77874,"WAILAU, SANANA, KEPULAUAN SULA, MALUKU UTARA",5,19,157,176
https://kawalpemilu.org#77874,"WAILAU, SANANA, KEPULAUAN SULA, MALUKU UTARA",6,16,128,144
https://kawalpemilu.org#77874,"WAILAU, SANANA, KEPULAUAN SULA, MALUKU UTARA",7,20,128,148
https://kawalpemilu.org#77876,"WAI INA, SULABESI BARAT, KEPULAUAN SULA, MALUKU UTARA",1,26,139,165
https://kawalpemilu.org#77876,"WAI INA, SULABESI BARAT, KEPULAUAN SULA, MALUKU UTARA",3,22,168,190
https://kawalpemilu.org#77876,"WAI INA, SULABESI BARAT, KEPULAUAN SULA, MALUKU UTARA",4,26,152,178
https://kawalpemilu.org#77877,"KABAU PANTAI, SULABESI BARAT, KEPULAUAN SULA, MALUKU UTARA",1,28,132,160
https://kawalpemilu.org#77877,"KABAU PANTAI, SULABESI BARAT, KEPULAUAN SULA, MALUKU UTARA",2,25,133,158
https://kawalpemilu.org#77877,"KABAU PANTAI, SULABESI BARAT, KEPULAUAN SULA, MALUKU UTARA",3,20,135,141
https://kawalpemilu.org#77877,"KABAU PANTAI, SULABESI BARAT, KEPULAUAN SULA, MALUKU UTARA",4,31,156,187
https://kawalpemilu.org#77878,"ONA, SULABESI BARAT, KEPULAUAN SULA, MALUKU UTARA",1,35,201,236
https://kawalpemilu.org#77878,"ONA, SULABESI BARAT, KEPULAUAN SULA, MALUKU UTARA",2,32,201,233
https://kawalpemilu.org#77878,"ONA, SULABESI BARAT, KEPULAUAN SULA, MALUKU UTARA",3,18,162,180
https://kawalpemilu.org#86130,"KABAU DARAT, SULABESI BARAT, KEPULAUAN SULA, MALUKU UTARA",1,22,97,119
https://kawalpemilu.org#86130,"KABAU DARAT, SULABESI BARAT, KEPULAUAN SULA, MALUKU UTARA",2,35,91,126
https://kawalpemilu.org#86131,"NAHI, SULABESI BARAT, KEPULAUAN SULA, MALUKU UTARA",1,15,164,179
https://kawalpemilu.org#86131,"NAHI, SULABESI BARAT, KEPULAUAN SULA, MALUKU UTARA",2,16,152,168
https://kawalpemilu.org#86131,"NAHI, SULABESI BARAT, KEPULAUAN SULA, MALUKU UTARA",3,8,95,103
https://kawalpemilu.org#86132,"PARATINA, SULABESI BARAT, KEPULAUAN SULA, MALUKU UTARA",1,9,183,192
https://kawalpemilu.org#77891,"DOFA, MANGOLI BARAT, KEPULAUAN SULA, MALUKU UTARA",1,26,176,202
https://kawalpemilu.org#77891,"DOFA, MANGOLI BARAT, KEPULAUAN SULA, MALUKU UTARA",2,15,172,187
https://kawalpemilu.org#77891,"DOFA, MANGOLI BARAT, KEPULAUAN SULA, MALUKU UTARA",3,10,180,190
https://kawalpemilu.org#77891,"DOFA, MANGOLI BARAT, KEPULAUAN SULA, MALUKU UTARA",4,24,132,156
https://kawalpemilu.org#77891,"DOFA, MANGOLI BARAT, KEPULAUAN SULA, MALUKU UTARA",5,34,132,166
https://kawalpemilu.org#77891,"DOFA, MANGOLI BARAT, KEPULAUAN SULA, MALUKU UTARA",7,16,126,142
https://kawalpemilu.org#77892,"LEKOKADAI, MANGOLI BARAT, KEPULAUAN SULA, MALUKU UTARA",1,79,128,207
https://kawalpemilu.org#77892,"LEKOKADAI, MANGOLI BARAT, KEPULAUAN SULA, MALUKU UTARA",2,172,44,216
https://kawalpemilu.org#77892,"LEKOKADAI, MANGOLI BARAT, KEPULAUAN SULA, MALUKU UTARA",3,104,92,196
https://kawalpemilu.org#77892,"LEKOKADAI, MANGOLI BARAT, KEPULAUAN SULA, MALUKU UTARA",4,100,92,192
https://kawalpemilu.org#77893,"LEKOSULA, MANGOLI BARAT, KEPULAUAN SULA, MALUKU UTARA",1,68,156,224
https://kawalpemilu.org#77893,"LEKOSULA, MANGOLI BARAT, KEPULAUAN SULA, MALUKU UTARA",2,55,155,210
https://kawalpemilu.org#77894,"PAS IPA, MANGOLI BARAT, KEPULAUAN SULA, MALUKU UTARA",1,34,120,154
https://kawalpemilu.org#77894,"PAS IPA, MANGOLI BARAT, KEPULAUAN SULA, MALUKU UTARA",2,25,121,146
https://kawalpemilu.org#77894,"PAS IPA, MANGOLI BARAT, KEPULAUAN SULA, MALUKU UTARA",3,26,134,160
https://kawalpemilu.org#77894,"PAS IPA, MANGOLI BARAT, KEPULAUAN SULA, MALUKU UTARA",4,30,131,161
https://kawalpemilu.org#86140,"JOHOR, MANGOLI BARAT, KEPULAUAN SULA, MALUKU UTARA",1,7,73,80
https://kawalpemilu.org#86141,"LELYABA, MANGOLI BARAT, KEPULAUAN SULA, MALUKU UTARA",1,15,63,78
https://kawalpemilu.org#90844,"PELITA, MANGOLI BARAT, KEPULAUAN SULA, MALUKU UTARA",1,73,158,231
https://kawalpemilu.org#90844,"PELITA, MANGOLI BARAT, KEPULAUAN SULA, MALUKU UTARA",2,91,133,224
https://kawalpemilu.org#90844,"PELITA, MANGOLI BARAT, KEPULAUAN SULA, MALUKU UTARA",3,85,115,200
https://kawalpemilu.org#77896,"WAIBOGA, SULABESI TENGAH, KEPULAUAN SULA, MALUKU UTARA",1,23,174,197
https://kawalpemilu.org#77896,"WAIBOGA, SULABESI TENGAH, KEPULAUAN SULA, MALUKU UTARA",2,50,154,204
https://kawalpemilu.org#77896,"WAIBOGA, SULABESI TENGAH, KEPULAUAN SULA, MALUKU UTARA",3,18,141,159
https://kawalpemilu.org#77896,"WAIBOGA, SULABESI TENGAH, KEPULAUAN SULA, MALUKU UTARA",4,19,164,183
https://kawalpemilu.org#77896,"WAIBOGA, SULABESI TENGAH, KEPULAUAN SULA, MALUKU UTARA",5,49,142,191
https://kawalpemilu.org#77896,"WAIBOGA, SULABESI TENGAH, KEPULAUAN SULA, MALUKU UTARA",6,24,171,195
https://kawalpemilu.org#77896,"WAIBOGA, SULABESI TENGAH, KEPULAUAN SULA, MALUKU UTARA",7,17,144,161
https://kawalpemilu.org#77896,"WAIBOGA, SULABESI TENGAH, KEPULAUAN SULA, MALUKU UTARA",8,17,177,194
https://kawalpemilu.org#77897,"SOAMOLE, SULABESI TENGAH, KEPULAUAN SULA, MALUKU UTARA",1,29,125,154
https://kawalpemilu.org#77897,"SOAMOLE, SULABESI TENGAH, KEPULAUAN SULA, MALUKU UTARA",2,10,142,152
https://kawalpemilu.org#77897,"SOAMOLE, SULABESI TENGAH, KEPULAUAN SULA, MALUKU UTARA",3,32,104,136
https://kawalpemilu.org#77898,"WAIMAN, SULABESI TENGAH, KEPULAUAN SULA, MALUKU UTARA",1,16,225,241
https://kawalpemilu.org#77898,"WAIMAN, SULABESI TENGAH, KEPULAUAN SULA, MALUKU UTARA",2,5,202,207
https://kawalpemilu.org#77899,"FAT IBA, SULABESI TENGAH, KEPULAUAN SULA, MALUKU UTARA",1,12,202,214
https://kawalpemilu.org#77899,"FAT IBA, SULABESI TENGAH, KEPULAUAN SULA, MALUKU UTARA",2,7,108,115
https://kawalpemilu.org#77899,"FAT IBA, SULABESI TENGAH, KEPULAUAN SULA, MALUKU UTARA",3,7,107,114
https://kawalpemilu.org#77899,"FAT IBA, SULABESI TENGAH, KEPULAUAN SULA, MALUKU UTARA",4,7,159,166
https://kawalpemilu.org#77900,"BEGA, SULABESI TENGAH, KEPULAUAN SULA, MALUKU UTARA",1,28,192,220
https://kawalpemilu.org#77900,"BEGA, SULABESI TENGAH, KEPULAUAN SULA, MALUKU UTARA",2,24,133,157
https://kawalpemilu.org#77900,"BEGA, SULABESI TENGAH, KEPULAUAN SULA, MALUKU UTARA",3,82,101,183
https://kawalpemilu.org#77900,"BEGA, SULABESI TENGAH, KEPULAUAN SULA, MALUKU UTARA",4,54,134,188
https://kawalpemilu.org#86142,"MANAF, SULABESI TENGAH, KEPULAUAN SULA, MALUKU UTARA",1,20,118,138
https://kawalpemilu.org#77902,"WAIGOIYOFA, SULABESI TIMUR, KEPULAUAN SULA, MALUKU UTARA",1,58,86,144
https://kawalpemilu.org#77902,"WAIGOIYOFA, SULABESI TIMUR, KEPULAUAN SULA, MALUKU UTARA",2,42,136,178
https://kawalpemilu.org#77903,"BALEHA, SULABESI TIMUR, KEPULAUAN SULA, MALUKU UTARA",1,74,122,196
https://kawalpemilu.org#77903,"BALEHA, SULABESI TIMUR, KEPULAUAN SULA, MALUKU UTARA",2,69,152,221
https://kawalpemilu.org#77904,"FATKAUYON, SULABESI TIMUR, KEPULAUAN SULA, MALUKU UTARA",1,31,140,171
https://kawalpemilu.org#77904,"FATKAUYON, SULABESI TIMUR, KEPULAUAN SULA, MALUKU UTARA",2,37,153,190
https://kawalpemilu.org#77905,"WAILIA, SULABESI TIMUR, KEPULAUAN SULA, MALUKU UTARA",1,36,140,176
https://kawalpemilu.org#77905,"WAILIA, SULABESI TIMUR, KEPULAUAN SULA, MALUKU UTARA",3,26,104,130
https://kawalpemilu.org#86143,"WAISEPA, SULABESI TIMUR, KEPULAUAN SULA, MALUKU UTARA",1,61,75,136
https://kawalpemilu.org#89622,"SAMA, SULABESI TIMUR, KEPULAUAN SULA, MALUKU UTARA",1,55,119,174
https://kawalpemilu.org#89622,"SAMA, SULABESI TIMUR, KEPULAUAN SULA, MALUKU UTARA",2,50,99,149
https://kawalpemilu.org#77907,"WAIGAI, SULABESI SELATAN, KEPULAUAN SULA, MALUKU UTARA",1,12,178,190
https://kawalpemilu.org#77907,"WAIGAI, SULABESI SELATAN, KEPULAUAN SULA, MALUKU UTARA",2,17,175,192
https://kawalpemilu.org#77907,"WAIGAI, SULABESI SELATAN, KEPULAUAN SULA, MALUKU UTARA",3,19,158,177
https://kawalpemilu.org#77907,"WAIGAI, SULABESI SELATAN, KEPULAUAN SULA, MALUKU UTARA",4,22,185,207
https://kawalpemilu.org#77908,"FUATA, SULABESI SELATAN, KEPULAUAN SULA, MALUKU UTARA",1,15,160,175
https://kawalpemilu.org#77908,"FUATA, SULABESI SELATAN, KEPULAUAN SULA, MALUKU UTARA",2,21,156,177
https://kawalpemilu.org#77908,"FUATA, SULABESI SELATAN, KEPULAUAN SULA, MALUKU UTARA",3,5,152,157
https://kawalpemilu.org#77909,"SKOM, SULABESI SELATAN, KEPULAUAN SULA, MALUKU UTARA",1,17,180,197
https://kawalpemilu.org#77909,"SKOM, SULABESI SELATAN, KEPULAUAN SULA, MALUKU UTARA",2,23,168,191
https://kawalpemilu.org#77909,"SKOM, SULABESI SELATAN, KEPULAUAN SULA, MALUKU UTARA",3,42,137,179
https://kawalpemilu.org#86144,"WAINIB, SULABESI SELATAN, KEPULAUAN SULA, MALUKU UTARA",1,21,123,144
https://kawalpemilu.org#86144,"WAINIB, SULABESI SELATAN, KEPULAUAN SULA, MALUKU UTARA",2,41,112,153
https://kawalpemilu.org#86144,"WAINIB, SULABESI SELATAN, KEPULAUAN SULA, MALUKU UTARA",3,22,117,139
https://kawalpemilu.org#86145,"WAI TAMUA, SULABESI SELATAN, KEPULAUAN SULA, MALUKU UTARA",1,31,176,207
https://kawalpemilu.org#86145,"WAI TAMUA, SULABESI SELATAN, KEPULAUAN SULA, MALUKU UTARA",2,32,131,163
https://kawalpemilu.org#77911,"KAWATA, MANGOLI UTARA TIMUR, KEPULAUAN SULA, MALUKU UTARA",1,28,110,138
https://kawalpemilu.org#77911,"KAWATA, MANGOLI UTARA TIMUR, KEPULAUAN SULA, MALUKU UTARA",2,22,137,159
https://kawalpemilu.org#77911,"KAWATA, MANGOLI UTARA TIMUR, KEPULAUAN SULA, MALUKU UTARA",3,35,132,167
https://kawalpemilu.org#77911,"KAWATA, MANGOLI UTARA TIMUR, KEPULAUAN SULA, MALUKU UTARA",4,12,123,135
https://kawalpemilu.org#77911,"KAWATA, MANGOLI UTARA TIMUR, KEPULAUAN SULA, MALUKU UTARA",5,15,120,135
https://kawalpemilu.org#77911,"KAWATA, MANGOLI UTARA TIMUR, KEPULAUAN SULA, MALUKU UTARA",6,13,188,201
https://kawalpemilu.org#77912,"WAISAKAI, MANGOLI UTARA TIMUR, KEPULAUAN SULA, MALUKU UTARA",1,30,226,256
https://kawalpemilu.org#77912,"WAISAKAI, MANGOLI UTARA TIMUR, KEPULAUAN SULA, MALUKU UTARA",2,8,249,257
https://kawalpemilu.org#77912,"WAISAKAI, MANGOLI UTARA TIMUR, KEPULAUAN SULA, MALUKU UTARA",3,34,31,65
https://kawalpemilu.org#77912,"WAISAKAI, MANGOLI UTARA TIMUR, KEPULAUAN SULA, MALUKU UTARA",4,10,225,235
https://kawalpemilu.org#77913,"PELITA JAYA, MANGOLI UTARA TIMUR, KEPULAUAN SULA, MALUKU UTARA",1,61,193,258
https://kawalpemilu.org#86146,"WAISUM, MANGOLI UTARA TIMUR, KEPULAUAN SULA, MALUKU UTARA",1,121,91,212
https://kawalpemilu.org#77915,"BURUAKOL, MANGOLI TENGAH, KEPULAUAN SULA, MALUKU UTARA",1,35,178,213
https://kawalpemilu.org#77915,"BURUAKOL, MANGOLI TENGAH, KEPULAUAN SULA, MALUKU UTARA",2,30,144,174
https://kawalpemilu.org#77916,"CAPALULU, MANGOLI TENGAH, KEPULAUAN SULA, MALUKU UTARA",1,27,194,221
https://kawalpemilu.org#77916,"CAPALULU, MANGOLI TENGAH, KEPULAUAN SULA, MALUKU UTARA",2,34,175,209
https://kawalpemilu.org#77916,"CAPALULU, MANGOLI TENGAH, KEPULAUAN SULA, MALUKU UTARA",3,31,180,211
https://kawalpemilu.org#77916,"CAPALULU, MANGOLI TENGAH, KEPULAUAN SULA, MALUKU UTARA",4,58,118,176
https://kawalpemilu.org#77917,"URIFOLA, MANGOLI TENGAH, KEPULAUAN SULA, MALUKU UTARA",1,41,132,173
https://kawalpemilu.org#77917,"URIFOLA, MANGOLI TENGAH, KEPULAUAN SULA, MALUKU UTARA",2,21,104,125
https://kawalpemilu.org#77918,"MANGOLI, MANGOLI TENGAH, KEPULAUAN SULA, MALUKU UTARA",1,25,183,208
https://kawalpemilu.org#77918,"MANGOLI, MANGOLI TENGAH, KEPULAUAN SULA, MALUKU UTARA",2,25,162,187
https://kawalpemilu.org#77918,"MANGOLI, MANGOLI TENGAH, KEPULAUAN SULA, MALUKU UTARA",3,13,166,179
https://kawalpemilu.org#77918,"MANGOLI, MANGOLI TENGAH, KEPULAUAN SULA, MALUKU UTARA",4,25,155,180
https://kawalpemilu.org#77918,"MANGOLI, MANGOLI TENGAH, KEPULAUAN SULA, MALUKU UTARA",5,19,160,179
https://kawalpemilu.org#77918,"MANGOLI, MANGOLI TENGAH, KEPULAUAN SULA, MALUKU UTARA",6,14,190,204
https://kawalpemilu.org#77918,"MANGOLI, MANGOLI TENGAH, KEPULAUAN SULA, MALUKU UTARA",7,16,155,171
https://kawalpemilu.org#77919,"WAILOBA, MANGOLI TENGAH, KEPULAUAN SULA, MALUKU UTARA",1,50,106,156
https://kawalpemilu.org#77919,"WAILOBA, MANGOLI TENGAH, KEPULAUAN SULA, MALUKU UTARA",2,76,23,99
https://kawalpemilu.org#77919,"WAILOBA, MANGOLI TENGAH, KEPULAUAN SULA, MALUKU UTARA",3,56,89,145
https://kawalpemilu.org#86147,"PASLAL, MANGOLI TENGAH, KEPULAUAN SULA, MALUKU UTARA",1,22,173,195
https://kawalpemilu.org#86148,"WAITULIA, MANGOLI TENGAH, KEPULAUAN SULA, MALUKU UTARA",1,50,135,185
https://kawalpemilu.org#86148,"WAITULIA, MANGOLI TENGAH, KEPULAUAN SULA, MALUKU UTARA",2,22,87,109
https://kawalpemilu.org#86149,"WAI U, MANGOLI TENGAH, KEPULAUAN SULA, MALUKU UTARA",1,63,130,193
https://kawalpemilu.org#928874,"JERE, MANGOLI TENGAH, KEPULAUAN SULA, MALUKU UTARA",1,5,174,179
https://kawalpemilu.org#77921,"KAPORO, MANGOLI SELATAN, KEPULAUAN SULA, MALUKU UTARA",1,14,182,196
https://kawalpemilu.org#77921,"KAPORO, MANGOLI SELATAN, KEPULAUAN SULA, MALUKU UTARA",2,17,163,180
https://kawalpemilu.org#77922,"WAIKAFIA, MANGOLI SELATAN, KEPULAUAN SULA, MALUKU UTARA",1,22,200,222
https://kawalpemilu.org#77922,"WAIKAFIA, MANGOLI SELATAN, KEPULAUAN SULA, MALUKU UTARA",2,16,175,191
https://kawalpemilu.org#77922,"WAIKAFIA, MANGOLI SELATAN, KEPULAUAN SULA, MALUKU UTARA",3,23,162,185
https://kawalpemilu.org#77923,"BUYA, MANGOLI SELATAN, KEPULAUAN SULA, MALUKU UTARA",1,25,179,204
https://kawalpemilu.org#77923,"BUYA, MANGOLI SELATAN, KEPULAUAN SULA, MALUKU UTARA",2,16,178,194
https://kawalpemilu.org#77923,"BUYA, MANGOLI SELATAN, KEPULAUAN SULA, MALUKU UTARA",3,52,147,199
https://kawalpemilu.org#77923,"BUYA, MANGOLI SELATAN, KEPULAUAN SULA, MALUKU UTARA",4,18,190,208
https://kawalpemilu.org#77924,"AUPONHIA, MANGOLI SELATAN, KEPULAUAN SULA, MALUKU UTARA",1,104,91,195
https://kawalpemilu.org#77924,"AUPONHIA, MANGOLI SELATAN, KEPULAUAN SULA, MALUKU UTARA",2,104,80,184
https://kawalpemilu.org#77924,"AUPONHIA, MANGOLI SELATAN, KEPULAUAN SULA, MALUKU UTARA",3,99,56,155
https://kawalpemilu.org#86150,"WAILAB, MANGOLI SELATAN, KEPULAUAN SULA, MALUKU UTARA",1,26,154,180
https://kawalpemilu.org#86150,"WAILAB, MANGOLI SELATAN, KEPULAUAN SULA, MALUKU UTARA",2,34,135,169
https://kawalpemilu.org#86150,"WAILAB, MANGOLI SELATAN, KEPULAUAN SULA, MALUKU UTARA",3,24,73,97
https://kawalpemilu.org#77926,"FALABISAHAYA, MANGOLI UTARA, KEPULAUAN SULA, MALUKU UTARA",1,38,106,144
https://kawalpemilu.org#77926,"FALABISAHAYA, MANGOLI UTARA, KEPULAUAN SULA, MALUKU UTARA",2,89,91,180
https://kawalpemilu.org#77926,"FALABISAHAYA, MANGOLI UTARA, KEPULAUAN SULA, MALUKU UTARA",3,69,86,155
https://kawalpemilu.org#77926,"FALABISAHAYA, MANGOLI UTARA, KEPULAUAN SULA, MALUKU UTARA",4,50,112,162
https://kawalpemilu.org#77926,"FALABISAHAYA, MANGOLI UTARA, KEPULAUAN SULA, MALUKU UTARA",5,58,84,142
https://kawalpemilu.org#77926,"FALABISAHAYA, MANGOLI UTARA, KEPULAUAN SULA, MALUKU UTARA",6,78,97,175
https://kawalpemilu.org#77926,"FALABISAHAYA, MANGOLI UTARA, KEPULAUAN SULA, MALUKU UTARA",7,98,73,171
https://kawalpemilu.org#77926,"FALABISAHAYA, MANGOLI UTARA, KEPULAUAN SULA, MALUKU UTARA",8,83,88,171
https://kawalpemilu.org#77926,"FALABISAHAYA, MANGOLI UTARA, KEPULAUAN SULA, MALUKU UTARA",9,44,114,158
https://kawalpemilu.org#77926,"FALABISAHAYA, MANGOLI UTARA, KEPULAUAN SULA, MALUKU UTARA",10,75,99,174
https://kawalpemilu.org#77926,"FALABISAHAYA, MANGOLI UTARA, KEPULAUAN SULA, MALUKU UTARA",11,59,140,199
https://kawalpemilu.org#77926,"FALABISAHAYA, MANGOLI UTARA, KEPULAUAN SULA, MALUKU UTARA",12,79,73,152
https://kawalpemilu.org#77926,"FALABISAHAYA, MANGOLI UTARA, KEPULAUAN SULA, MALUKU UTARA",13,38,36,74
https://kawalpemilu.org#77926,"FALABISAHAYA, MANGOLI UTARA, KEPULAUAN SULA, MALUKU UTARA",14,69,78,147
https://kawalpemilu.org#77926,"FALABISAHAYA, MANGOLI UTARA, KEPULAUAN SULA, MALUKU UTARA",15,56,78,134
https://kawalpemilu.org#77926,"FALABISAHAYA, MANGOLI UTARA, KEPULAUAN SULA, MALUKU UTARA",16,69,68,137
https://kawalpemilu.org#77927,"MODAPIA, MANGOLI UTARA, KEPULAUAN SULA, MALUKU UTARA",1,20,135,155
https://kawalpemilu.org#77927,"MODAPIA, MANGOLI UTARA, KEPULAUAN SULA, MALUKU UTARA",2,17,126,143
https://kawalpemilu.org#86151,"MODAPUHI, MANGOLI UTARA, KEPULAUAN SULA, MALUKU UTARA",1,54,174,228
https://kawalpemilu.org#86152,"PASTABULU, MANGOLI UTARA, KEPULAUAN SULA, MALUKU UTARA",2,45,121,166
https://kawalpemilu.org#86152,"PASTABULU, MANGOLI UTARA, KEPULAUAN SULA, MALUKU UTARA",3,47,71,118
https://kawalpemilu.org#86153,"SANIAHAYA, MANGOLI UTARA, KEPULAUAN SULA, MALUKU UTARA",1,143,85,228
https://kawalpemilu.org#86154,"MINALULI, MANGOLI UTARA, KEPULAUAN SULA, MALUKU UTARA",1,87,106,193
https://kawalpemilu.org#86155,"MODAPUHI TRANS, MANGOLI UTARA, KEPULAUAN SULA, MALUKU UTARA",1,97,51,148
https://kawalpemilu.org#77949,"POHEA, SANANA UTARA, KEPULAUAN SULA, MALUKU UTARA",1,33,164,197
https://kawalpemilu.org#77949,"POHEA, SANANA UTARA, KEPULAUAN SULA, MALUKU UTARA",2,61,176,237
https://kawalpemilu.org#77949,"POHEA, SANANA UTARA, KEPULAUAN SULA, MALUKU UTARA",3,51,134,185
https://kawalpemilu.org#77950,"FUKWEU, SANANA UTARA, KEPULAUAN SULA, MALUKU UTARA",1,39,198,237
https://kawalpemilu.org#77950,"FUKWEU, SANANA UTARA, KEPULAUAN SULA, MALUKU UTARA",2,41,191,232
https://kawalpemilu.org#77951,"MALBUFA, SANANA UTARA, KEPULAUAN SULA, MALUKU UTARA",1,64,141,205
https://kawalpemilu.org#77951,"MALBUFA, SANANA UTARA, KEPULAUAN SULA, MALUKU UTARA",2,69,101,170
https://kawalpemilu.org#77951,"MALBUFA, SANANA UTARA, KEPULAUAN SULA, MALUKU UTARA",3,95,122,217
https://kawalpemilu.org#86167,"MAN-GEGA, SANANA UTARA, KEPULAUAN SULA, MALUKU UTARA",1,46,156,202
https://kawalpemilu.org#86167,"MAN-GEGA, SANANA UTARA, KEPULAUAN SULA, MALUKU UTARA",2,47,112,159
https://kawalpemilu.org#86167,"MAN-GEGA, SANANA UTARA, KEPULAUAN SULA, MALUKU UTARA",3,57,140,197
https://kawalpemilu.org#86168,"WAININ, SANANA UTARA, KEPULAUAN SULA, MALUKU UTARA",1,89,147,236
https://kawalpemilu.org#86169,"FOKALIK, SANANA UTARA, KEPULAUAN SULA, MALUKU UTARA",1,100,94,194
https://kawalpemilu.org#89626,"BAJO, SANANA UTARA, KEPULAUAN SULA, MALUKU UTARA",1,69,139,208
https://kawalpemilu.org#89626,"BAJO, SANANA UTARA, KEPULAUAN SULA, MALUKU UTARA",2,84,103,187
https://kawalpemilu.org#89626,"BAJO, SANANA UTARA, KEPULAUAN SULA, MALUKU UTARA",3,116,73,189
https://kawalpemilu.org#89626,"BAJO, SANANA UTARA, KEPULAUAN SULA, MALUKU UTARA",4,64,83,147
https://kawalpemilu.org#77958,"SUBAIM, WASILE, HALMAHERA TIMUR, MALUKU UTARA",1,28,140,168
https://kawalpemilu.org#77958,"SUBAIM, WASILE, HALMAHERA TIMUR, MALUKU UTARA",2,61,94,155
https://kawalpemilu.org#77958,"SUBAIM, WASILE, HALMAHERA TIMUR, MALUKU UTARA",3,40,115,155
https://kawalpemilu.org#77958,"SUBAIM, WASILE, HALMAHERA TIMUR, MALUKU UTARA",4,64,104,168
https://kawalpemilu.org#77959,"CEMARA JAYA, WASILE, HALMAHERA TIMUR, MALUKU UTARA",1,149,84,233
https://kawalpemilu.org#77959,"CEMARA JAYA, WASILE, HALMAHERA TIMUR, MALUKU UTARA",2,51,124,175
https://kawalpemilu.org#77959,"CEMARA JAYA, WASILE, HALMAHERA TIMUR, MALUKU UTARA",3,92,40,132
https://kawalpemilu.org#77959,"CEMARA JAYA, WASILE, HALMAHERA TIMUR, MALUKU UTARA",4,122,74,196
https://kawalpemilu.org#77959,"CEMARA JAYA, WASILE, HALMAHERA TIMUR, MALUKU UTARA",5,95,77,172
https://kawalpemilu.org#77959,"CEMARA JAYA, WASILE, HALMAHERA TIMUR, MALUKU UTARA",6,103,46,149
https://kawalpemilu.org#77960,"BUMI RESTU, WASILE, HALMAHERA TIMUR, MALUKU UTARA",1,103,86,189
https://kawalpemilu.org#77960,"BUMI RESTU, WASILE, HALMAHERA TIMUR, MALUKU UTARA",2,139,64,203
https://kawalpemilu.org#77960,"BUMI RESTU, WASILE, HALMAHERA TIMUR, MALUKU UTARA",3,78,114,192
https://kawalpemilu.org#77960,"BUMI RESTU, WASILE, HALMAHERA TIMUR, MALUKU UTARA",4,56,92,148
https://kawalpemilu.org#77960,"BUMI RESTU, WASILE, HALMAHERA TIMUR, MALUKU UTARA",5,104,83,187
https://kawalpemilu.org#77960,"BUMI RESTU, WASILE, HALMAHERA TIMUR, MALUKU UTARA",6,96,37,133
https://kawalpemilu.org#77960,"BUMI RESTU, WASILE, HALMAHERA TIMUR, MALUKU UTARA",7,56,88,144
https://kawalpemilu.org#77960,"BUMI RESTU, WASILE, HALMAHERA TIMUR, MALUKU UTARA",8,87,65,152
https://kawalpemilu.org#77961,"BATU RAJA, WASILE, HALMAHERA TIMUR, MALUKU UTARA",1,65,77,142
https://kawalpemilu.org#77961,"BATU RAJA, WASILE, HALMAHERA TIMUR, MALUKU UTARA",2,65,62,127
https://kawalpemilu.org#77961,"BATU RAJA, WASILE, HALMAHERA TIMUR, MALUKU UTARA",3,39,81,120
https://kawalpemilu.org#77961,"BATU RAJA, WASILE, HALMAHERA TIMUR, MALUKU UTARA",4,72,105,177
https://kawalpemilu.org#77961,"BATU RAJA, WASILE, HALMAHERA TIMUR, MALUKU UTARA",5,37,63,100
https://kawalpemilu.org#77961,"BATU RAJA, WASILE, HALMAHERA TIMUR, MALUKU UTARA",6,98,80,178
https://kawalpemilu.org#77961,"BATU RAJA, WASILE, HALMAHERA TIMUR, MALUKU UTARA",7,78,82,160
https://kawalpemilu.org#77961,"BATU RAJA, WASILE, HALMAHERA TIMUR, MALUKU UTARA",8,78,70,148
https://kawalpemilu.org#77962,"MEKAR SARI, WASILE, HALMAHERA TIMUR, MALUKU UTARA",1,85,125,210
https://kawalpemilu.org#77962,"MEKAR SARI, WASILE, HALMAHERA TIMUR, MALUKU UTARA",2,108,70,178
https://kawalpemilu.org#77962,"MEKAR SARI, WASILE, HALMAHERA TIMUR, MALUKU UTARA",3,74,150,224
https://kawalpemilu.org#77962,"MEKAR SARI, WASILE, HALMAHERA TIMUR, MALUKU UTARA",4,68,96,164
https://kawalpemilu.org#77962,"MEKAR SARI, WASILE, HALMAHERA TIMUR, MALUKU UTARA",5,55,122,177
https://kawalpemilu.org#77962,"MEKAR SARI, WASILE, HALMAHERA TIMUR, MALUKU UTARA",6,41,116,157
https://kawalpemilu.org#77963,"GULAPAPO, WASILE, HALMAHERA TIMUR, MALUKU UTARA",1,118,14,132
https://kawalpemilu.org#91028,"WAISUBA, WASILE, HALMAHERA TIMUR, MALUKU UTARA",1,47,94,141
https://kawalpemilu.org#91028,"WAISUBA, WASILE, HALMAHERA TIMUR, MALUKU UTARA",2,43,92,135
https://kawalpemilu.org#77965,"BULI, MABA, HALMAHERA TIMUR, MALUKU UTARA",1,136,55,191
https://kawalpemilu.org#77965,"BULI, MABA, HALMAHERA TIMUR, MALUKU UTARA",2,124,60,184
https://kawalpemilu.org#77965,"BULI, MABA, HALMAHERA TIMUR, MALUKU UTARA",3,150,51,201
https://kawalpemilu.org#77965,"BULI, MABA, HALMAHERA TIMUR, MALUKU UTARA",4,122,58,180
https://kawalpemilu.org#77965,"BULI, MABA, HALMAHERA TIMUR, MALUKU UTARA",5,117,28,145
https://kawalpemilu.org#77966,"BULI ASAL, MABA, HALMAHERA TIMUR, MALUKU UTARA",1,117,26,143
https://kawalpemilu.org#77966,"BULI ASAL, MABA, HALMAHERA TIMUR, MALUKU UTARA",2,157,17,174
https://kawalpemilu.org#77966,"BULI ASAL, MABA, HALMAHERA TIMUR, MALUKU UTARA",3,117,8,125
https://kawalpemilu.org#77967,"BULI KARYA, MABA, HALMAHERA TIMUR, MALUKU UTARA",1,73,97,170
https://kawalpemilu.org#77967,"BULI KARYA, MABA, HALMAHERA TIMUR, MALUKU UTARA",2,87,137,224
https://kawalpemilu.org#77967,"BULI KARYA, MABA, HALMAHERA TIMUR, MALUKU UTARA",3,78,101,179
https://kawalpemilu.org#77967,"BULI KARYA, MABA, HALMAHERA TIMUR, MALUKU UTARA",4,63,97,160
https://kawalpemilu.org#77968,"WAYAFLI, MABA, HALMAHERA TIMUR, MALUKU UTARA",1,142,12,154
https://kawalpemilu.org#77968,"WAYAFLI, MABA, HALMAHERA TIMUR, MALUKU UTARA",2,142,53,195
https://kawalpemilu.org#77968,"WAYAFLI, MABA, HALMAHERA TIMUR, MALUKU UTARA",3,113,28,141
https://kawalpemilu.org#77969,"SAILAL, MABA, HALMAHERA TIMUR, MALUKU UTARA",1,104,31,135
https://kawalpemilu.org#77969,"SAILAL, MABA, HALMAHERA TIMUR, MALUKU UTARA",2,205,39,244
https://kawalpemilu.org#77969,"SAILAL, MABA, HALMAHERA TIMUR, MALUKU UTARA",3,141,39,180
https://kawalpemilu.org#77969,"SAILAL, MABA, HALMAHERA TIMUR, MALUKU UTARA",4,127,24,151
https://kawalpemilu.org#77970,"GELTOLI, MABA, HALMAHERA TIMUR, MALUKU UTARA",1,181,58,239
https://kawalpemilu.org#77970,"GELTOLI, MABA, HALMAHERA TIMUR, MALUKU UTARA",2,197,44,241
https://kawalpemilu.org#77970,"GELTOLI, MABA, HALMAHERA TIMUR, MALUKU UTARA",3,243,49,292
https://kawalpemilu.org#77970,"GELTOLI, MABA, HALMAHERA TIMUR, MALUKU UTARA",4,191,46,237
https://kawalpemilu.org#77971,"PEKAULANG, MABA, HALMAHERA TIMUR, MALUKU UTARA",1,108,121,229
https://kawalpemilu.org#91030,"TELUK BULI, MABA, HALMAHERA TIMUR, MALUKU UTARA",1,87,140,227
https://kawalpemilu.org#91030,"TELUK BULI, MABA, HALMAHERA TIMUR, MALUKU UTARA",2,66,127,193
https://kawalpemilu.org#91031,"GAMESAN, MABA, HALMAHERA TIMUR, MALUKU UTARA",1,139,27,166
https://kawalpemilu.org#91031,"GAMESAN, MABA, HALMAHERA TIMUR, MALUKU UTARA",2,130,15,145
https://kawalpemilu.org#91032,"BABURINO, MABA, HALMAHERA TIMUR, MALUKU UTARA",1,213,12,225
https://kawalpemilu.org#77973,"BICOLI, MABA SELATAN, HALMAHERA TIMUR, MALUKU UTARA",1,51,141,192
https://kawalpemilu.org#77973,"BICOLI, MABA SELATAN, HALMAHERA TIMUR, MALUKU UTARA",2,79,154,233
https://kawalpemilu.org#77973,"BICOLI, MABA SELATAN, HALMAHERA TIMUR, MALUKU UTARA",3,63,139,202
https://kawalpemilu.org#77973,"BICOLI, MABA SELATAN, HALMAHERA TIMUR, MALUKU UTARA",4,68,129,197
https://kawalpemilu.org#77973,"BICOLI, MABA SELATAN, HALMAHERA TIMUR, MALUKU UTARA",5,91,141,232
https://kawalpemilu.org#77974,"WACI, MABA SELATAN, HALMAHERA TIMUR, MALUKU UTARA",1,58,105,163
https://kawalpemilu.org#77974,"WACI, MABA SELATAN, HALMAHERA TIMUR, MALUKU UTARA",2,44,97,141
https://kawalpemilu.org#77974,"WACI, MABA SELATAN, HALMAHERA TIMUR, MALUKU UTARA",3,62,106,168
https://kawalpemilu.org#77974,"WACI, MABA SELATAN, HALMAHERA TIMUR, MALUKU UTARA",4,61,88,149
https://kawalpemilu.org#77975,"PETELEI, MABA SELATAN, HALMAHERA TIMUR, MALUKU UTARA",1,76,80,156
https://kawalpemilu.org#77975,"PETELEI, MABA SELATAN, HALMAHERA TIMUR, MALUKU UTARA",2,82,101,183
https://kawalpemilu.org#77975,"PETELEI, MABA SELATAN, HALMAHERA TIMUR, MALUKU UTARA",3,97,63,160
https://kawalpemilu.org#77976,"LOLEOLAMO, MABA SELATAN, HALMAHERA TIMUR, MALUKU UTARA",1,51,80,131
https://kawalpemilu.org#77976,"LOLEOLAMO, MABA SELATAN, HALMAHERA TIMUR, MALUKU UTARA",2,55,66,121
https://kawalpemilu.org#77977,"GOTOWASI, MABA SELATAN, HALMAHERA TIMUR, MALUKU UTARA",1,120,99,219
https://kawalpemilu.org#77977,"GOTOWASI, MABA SELATAN, HALMAHERA TIMUR, MALUKU UTARA",2,102,109,211
https://kawalpemilu.org#77977,"GOTOWASI, MABA SELATAN, HALMAHERA TIMUR, MALUKU UTARA",3,125,96,221
https://kawalpemilu.org#77977,"GOTOWASI, MABA SELATAN, HALMAHERA TIMUR, MALUKU UTARA",4,87,104,191
https://kawalpemilu.org#77978,"KASUBA, MABA SELATAN, HALMAHERA TIMUR, MALUKU UTARA",1,52,126,178
https://kawalpemilu.org#77978,"KASUBA, MABA SELATAN, HALMAHERA TIMUR, MALUKU UTARA",2,46,108,154
https://kawalpemilu.org#77978,"KASUBA, MABA SELATAN, HALMAHERA TIMUR, MALUKU UTARA",3,43,141,184
https://kawalpemilu.org#91033,"MOMOLE, MABA SELATAN, HALMAHERA TIMUR, MALUKU UTARA",1,35,139,174
https://kawalpemilu.org#91033,"MOMOLE, MABA SELATAN, HALMAHERA TIMUR, MALUKU UTARA",2,40,119,159
https://kawalpemilu.org#91033,"MOMOLE, MABA SELATAN, HALMAHERA TIMUR, MALUKU UTARA",3,31,148,179
https://kawalpemilu.org#91033,"MOMOLE, MABA SELATAN, HALMAHERA TIMUR, MALUKU UTARA",4,37,136,173
https://kawalpemilu.org#91034,"SIL, MABA SELATAN, HALMAHERA TIMUR, MALUKU UTARA",1,113,130,243
https://kawalpemilu.org#91035,"SOWOLI, MABA SELATAN, HALMAHERA TIMUR, MALUKU UTARA",1,114,42,156
https://kawalpemilu.org#77980,"NUSA JAYA, WASILE SELATAN, HALMAHERA TIMUR, MALUKU UTARA",1,21,145,166
https://kawalpemilu.org#77980,"NUSA JAYA, WASILE SELATAN, HALMAHERA TIMUR, MALUKU UTARA",2,20,159,179
https://kawalpemilu.org#77981,"NUSA AMBU, WASILE SELATAN, HALMAHERA TIMUR, MALUKU UTARA",1,20,95,115
https://kawalpemilu.org#77982,"LOLEBA, WASILE SELATAN, HALMAHERA TIMUR, MALUKU UTARA",1,218,11,229
https://kawalpemilu.org#77982,"LOLEBA, WASILE SELATAN, HALMAHERA TIMUR, MALUKU UTARA",2,201,9,210
https://kawalpemilu.org#77983,"WAIJOI, WASILE SELATAN, HALMAHERA TIMUR, MALUKU UTARA",1,254,7,261
https://kawalpemilu.org#77983,"WAIJOI, WASILE SELATAN, HALMAHERA TIMUR, MALUKU UTARA",2,205,9,214
https://kawalpemilu.org#77984,"PINTATU, WASILE SELATAN, HALMAHERA TIMUR, MALUKU UTARA",1,263,14,277
https://kawalpemilu.org#77984,"PINTATU, WASILE SELATAN, HALMAHERA TIMUR, MALUKU UTARA",2,183,17,200
https://kawalpemilu.org#77985,"MINAMIN, WASILE SELATAN, HALMAHERA TIMUR, MALUKU UTARA",1,157,26,183
https://kawalpemilu.org#77985,"MINAMIN, WASILE SELATAN, HALMAHERA TIMUR, MALUKU UTARA",2,179,15,194
https://kawalpemilu.org#77986,"SARAMAAKE, WASILE SELATAN, HALMAHERA TIMUR, MALUKU UTARA",1,36,155,191
https://kawalpemilu.org#77986,"SARAMAAKE, WASILE SELATAN, HALMAHERA TIMUR, MALUKU UTARA",2,43,154,197
https://kawalpemilu.org#77987,"FAYAUL, WASILE SELATAN, HALMAHERA TIMUR, MALUKU UTARA",1,69,153,222
https://kawalpemilu.org#77988,"BINAGARA, WASILE SELATAN, HALMAHERA TIMUR, MALUKU UTARA",1,89,56,145
https://kawalpemilu.org#77988,"BINAGARA, WASILE SELATAN, HALMAHERA TIMUR, MALUKU UTARA",2,84,42,126
https://kawalpemilu.org#77989,"WASILE, WASILE SELATAN, HALMAHERA TIMUR, MALUKU UTARA",1,173,4,177
https://kawalpemilu.org#77989,"WASILE, WASILE SELATAN, HALMAHERA TIMUR, MALUKU UTARA",2,164,15,179
https://kawalpemilu.org#77990,"TOMARES, WASILE SELATAN, HALMAHERA TIMUR, MALUKU UTARA",1,185,16,201
https://kawalpemilu.org#77990,"TOMARES, WASILE SELATAN, HALMAHERA TIMUR, MALUKU UTARA",2,136,14,150
https://kawalpemilu.org#77991,"TABANALOU, WASILE SELATAN, HALMAHERA TIMUR, MALUKU UTARA",1,18,89,107
https://kawalpemilu.org#77991,"TABANALOU, WASILE SELATAN, HALMAHERA TIMUR, MALUKU UTARA",2,15,101,116
https://kawalpemilu.org#77992,"SAOLAT, WASILE SELATAN, HALMAHERA TIMUR, MALUKU UTARA",2,136,11,147
https://kawalpemilu.org#77993,"NANAS, WASILE SELATAN, HALMAHERA TIMUR, MALUKU UTARA",1,101,26,127
https://kawalpemilu.org#91036,"TALAGA JAYA, WASILE SELATAN, HALMAHERA TIMUR, MALUKU UTARA",1,33,115,148
https://kawalpemilu.org#91036,"TALAGA JAYA, WASILE SELATAN, HALMAHERA TIMUR, MALUKU UTARA",2,41,120,161
https://kawalpemilu.org#91038,"SONDO-SONDO, WASILE SELATAN, HALMAHERA TIMUR, MALUKU UTARA",1,49,87,136
https://kawalpemilu.org#91038,"SONDO-SONDO, WASILE SELATAN, HALMAHERA TIMUR, MALUKU UTARA",2,29,104,133
https://kawalpemilu.org#91039,"INO JAYA, WASILE SELATAN, HALMAHERA TIMUR, MALUKU UTARA",1,107,12,119
https://kawalpemilu.org#91039,"INO JAYA, WASILE SELATAN, HALMAHERA TIMUR, MALUKU UTARA",2,154,66,220
https://kawalpemilu.org#91040,"AKE JAWI, WASILE SELATAN, HALMAHERA TIMUR, MALUKU UTARA",1,87,50,137
https://kawalpemilu.org#91040,"AKE JAWI, WASILE SELATAN, HALMAHERA TIMUR, MALUKU UTARA",2,106,31,137
https://kawalpemilu.org#91041,"EKOR, WASILE SELATAN, HALMAHERA TIMUR, MALUKU UTARA",1,32,143,175
https://kawalpemilu.org#91041,"EKOR, WASILE SELATAN, HALMAHERA TIMUR, MALUKU UTARA",2,14,108,122
https://kawalpemilu.org#91042,"EKORINO, WASILE SELATAN, HALMAHERA TIMUR, MALUKU UTARA",1,172,13,185
https://kawalpemilu.org#91042,"EKORINO, WASILE SELATAN, HALMAHERA TIMUR, MALUKU UTARA",2,126,23,149
https://kawalpemilu.org#91044,"TANURE, WASILE SELATAN, HALMAHERA TIMUR, MALUKU UTARA",1,147,6,153
https://kawalpemilu.org#91045,"YAWAL, WASILE SELATAN, HALMAHERA TIMUR, MALUKU UTARA",1,51,9,60
https://kawalpemilu.org#91045,"YAWAL, WASILE SELATAN, HALMAHERA TIMUR, MALUKU UTARA",2,52,8,60
https://kawalpemilu.org#91046,"BUKUTIO, WASILE SELATAN, HALMAHERA TIMUR, MALUKU UTARA",1,171,42,213
https://kawalpemilu.org#77995,"HATETABAKO, WASILE TENGAH, HALMAHERA TIMUR, MALUKU UTARA",1,128,24,152
https://kawalpemilu.org#77995,"HATETABAKO, WASILE TENGAH, HALMAHERA TIMUR, MALUKU UTARA",2,126,26,152
https://kawalpemilu.org#77995,"HATETABAKO, WASILE TENGAH, HALMAHERA TIMUR, MALUKU UTARA",3,130,33,163
https://kawalpemilu.org#77996,"LOLOBATA, WASILE TENGAH, HALMAHERA TIMUR, MALUKU UTARA",1,25,135,160
https://kawalpemilu.org#77996,"LOLOBATA, WASILE TENGAH, HALMAHERA TIMUR, MALUKU UTARA",2,11,148,159
https://kawalpemilu.org#77996,"LOLOBATA, WASILE TENGAH, HALMAHERA TIMUR, MALUKU UTARA",3,25,163,188
https://kawalpemilu.org#77997,"PUAO, WASILE TENGAH, HALMAHERA TIMUR, MALUKU UTARA",1,179,11,190
https://kawalpemilu.org#77997,"PUAO, WASILE TENGAH, HALMAHERA TIMUR, MALUKU UTARA",2,214,6,220
https://kawalpemilu.org#77998,"FOLY, WASILE TENGAH, HALMAHERA TIMUR, MALUKU UTARA",1,39,110,149
https://kawalpemilu.org#77998,"FOLY, WASILE TENGAH, HALMAHERA TIMUR, MALUKU UTARA",2,81,54,135
https://kawalpemilu.org#77998,"FOLY, WASILE TENGAH, HALMAHERA TIMUR, MALUKU UTARA",3,112,42,154
https://kawalpemilu.org#77999,"NYAOLAKO, WASILE TENGAH, HALMAHERA TIMUR, MALUKU UTARA",1,139,14,153
https://kawalpemilu.org#78000,"BOKIMAAKE, WASILE TENGAH, HALMAHERA TIMUR, MALUKU UTARA",1,32,185,217
https://kawalpemilu.org#78000,"BOKIMAAKE, WASILE TENGAH, HALMAHERA TIMUR, MALUKU UTARA",2,33,170,203
https://kawalpemilu.org#78001,"SILALAYANG, WASILE TENGAH, HALMAHERA TIMUR, MALUKU UTARA",1,183,6,189
https://kawalpemilu.org#78001,"SILALAYANG, WASILE TENGAH, HALMAHERA TIMUR, MALUKU UTARA",2,172,7,179
https://kawalpemilu.org#78002,"KAKARAINO, WASILE TENGAH, HALMAHERA TIMUR, MALUKU UTARA",1,109,18,127
https://kawalpemilu.org#78002,"KAKARAINO, WASILE TENGAH, HALMAHERA TIMUR, MALUKU UTARA",2,123,4,127
https://kawalpemilu.org#78004,"LABI-LABI, WASILE UTARA, HALMAHERA TIMUR, MALUKU UTARA",1,81,37,118
https://kawalpemilu.org#78004,"LABI-LABI, WASILE UTARA, HALMAHERA TIMUR, MALUKU UTARA",2,168,13,181
https://kawalpemilu.org#78004,"LABI-LABI, WASILE UTARA, HALMAHERA TIMUR, MALUKU UTARA",3,105,29,134
https://kawalpemilu.org#78005,"IGA, WASILE UTARA, HALMAHERA TIMUR, MALUKU UTARA",1,124,18,142
https://kawalpemilu.org#78005,"IGA, WASILE UTARA, HALMAHERA TIMUR, MALUKU UTARA",2,127,29,156
https://kawalpemilu.org#78005,"IGA, WASILE UTARA, HALMAHERA TIMUR, MALUKU UTARA",3,135,11,146
https://kawalpemilu.org#78005,"IGA, WASILE UTARA, HALMAHERA TIMUR, MALUKU UTARA",4,140,7,147
https://kawalpemilu.org#78006,"TATAM, WASILE UTARA, HALMAHERA TIMUR, MALUKU UTARA",1,149,38,187
https://kawalpemilu.org#78006,"TATAM, WASILE UTARA, HALMAHERA TIMUR, MALUKU UTARA",2,147,34,181
https://kawalpemilu.org#78007,"MARIMOI, WASILE UTARA, HALMAHERA TIMUR, MALUKU UTARA",1,35,108,143
https://kawalpemilu.org#78007,"MARIMOI, WASILE UTARA, HALMAHERA TIMUR, MALUKU UTARA",2,24,128,152
https://kawalpemilu.org#78008,"BOLOLO, WASILE UTARA, HALMAHERA TIMUR, MALUKU UTARA",1,125,4,129
https://kawalpemilu.org#78008,"BOLOLO, WASILE UTARA, HALMAHERA TIMUR, MALUKU UTARA",2,88,7,95
https://kawalpemilu.org#78009,"HILAITETOR, WASILE UTARA, HALMAHERA TIMUR, MALUKU UTARA",1,161,1,162
https://kawalpemilu.org#78009,"HILAITETOR, WASILE UTARA, HALMAHERA TIMUR, MALUKU UTARA",2,188,2,190
https://kawalpemilu.org#78009,"HILAITETOR, WASILE UTARA, HALMAHERA TIMUR, MALUKU UTARA",3,40,3,43
https://kawalpemilu.org#91047,"DOWONGI JAYA, WASILE UTARA, HALMAHERA TIMUR, MALUKU UTARA",1,137,43,180
https://kawalpemilu.org#91048,"MAJIKO TONGONE, WASILE UTARA, HALMAHERA TIMUR, MALUKU UTARA",1,8,76,84
https://kawalpemilu.org#91048,"MAJIKO TONGONE, WASILE UTARA, HALMAHERA TIMUR, MALUKU UTARA",2,13,83,96
https://kawalpemilu.org#78011,"DODAGA, WASILE TIMUR, HALMAHERA TIMUR, MALUKU UTARA",1,74,149,223
https://kawalpemilu.org#78011,"DODAGA, WASILE TIMUR, HALMAHERA TIMUR, MALUKU UTARA",2,123,50,173
https://kawalpemilu.org#78011,"DODAGA, WASILE TIMUR, HALMAHERA TIMUR, MALUKU UTARA",3,40,175,215
https://kawalpemilu.org#78011,"DODAGA, WASILE TIMUR, HALMAHERA TIMUR, MALUKU UTARA",4,16,42,58
https://kawalpemilu.org#78011,"DODAGA, WASILE TIMUR, HALMAHERA TIMUR, MALUKU UTARA",5,149,56,205
https://kawalpemilu.org#78011,"DODAGA, WASILE TIMUR, HALMAHERA TIMUR, MALUKU UTARA",6,105,36,141
https://kawalpemilu.org#78011,"DODAGA, WASILE TIMUR, HALMAHERA TIMUR, MALUKU UTARA",7,21,61,82
https://kawalpemilu.org#78012,"DAKAINO, WASILE TIMUR, HALMAHERA TIMUR, MALUKU UTARA",1,66,104,170
https://kawalpemilu.org#78012,"DAKAINO, WASILE TIMUR, HALMAHERA TIMUR, MALUKU UTARA",2,54,102,156
https://kawalpemilu.org#78012,"DAKAINO, WASILE TIMUR, HALMAHERA TIMUR, MALUKU UTARA",3,84,52,136
https://kawalpemilu.org#78012,"DAKAINO, WASILE TIMUR, HALMAHERA TIMUR, MALUKU UTARA",4,47,87,134
https://kawalpemilu.org#78012,"DAKAINO, WASILE TIMUR, HALMAHERA TIMUR, MALUKU UTARA",5,76,62,138
https://kawalpemilu.org#78013,"AKE DAGA, WASILE TIMUR, HALMAHERA TIMUR, MALUKU UTARA",1,76,110,186
https://kawalpemilu.org#78013,"AKE DAGA, WASILE TIMUR, HALMAHERA TIMUR, MALUKU UTARA",2,84,92,176
https://kawalpemilu.org#78013,"AKE DAGA, WASILE TIMUR, HALMAHERA TIMUR, MALUKU UTARA",3,78,123,201
https://kawalpemilu.org#78013,"AKE DAGA, WASILE TIMUR, HALMAHERA TIMUR, MALUKU UTARA",4,69,88,157
https://kawalpemilu.org#78014,"TOBOINO, WASILE TIMUR, HALMAHERA TIMUR, MALUKU UTARA",2,95,62,157
https://kawalpemilu.org#78014,"TOBOINO, WASILE TIMUR, HALMAHERA TIMUR, MALUKU UTARA",3,74,102,176
https://kawalpemilu.org#78014,"TOBOINO, WASILE TIMUR, HALMAHERA TIMUR, MALUKU UTARA",4,87,96,183
https://kawalpemilu.org#78015,"TUTULING JAYA, WASILE TIMUR, HALMAHERA TIMUR, MALUKU UTARA",1,71,147,218
https://kawalpemilu.org#78015,"TUTULING JAYA, WASILE TIMUR, HALMAHERA TIMUR, MALUKU UTARA",2,92,131,223
https://kawalpemilu.org#78015,"TUTULING JAYA, WASILE TIMUR, HALMAHERA TIMUR, MALUKU UTARA",3,91,52,143
https://kawalpemilu.org#78015,"TUTULING JAYA, WASILE TIMUR, HALMAHERA TIMUR, MALUKU UTARA",4,65,121,186
https://kawalpemilu.org#78015,"TUTULING JAYA, WASILE TIMUR, HALMAHERA TIMUR, MALUKU UTARA",5,86,118,204
https://kawalpemilu.org#78016,"WOKA JAYA, WASILE TIMUR, HALMAHERA TIMUR, MALUKU UTARA",1,88,109,197
https://kawalpemilu.org#78016,"WOKA JAYA, WASILE TIMUR, HALMAHERA TIMUR, MALUKU UTARA",2,67,122,189
https://kawalpemilu.org#78016,"WOKA JAYA, WASILE TIMUR, HALMAHERA TIMUR, MALUKU UTARA",3,24,111,135
https://kawalpemilu.org#91049,"RAWAMANGUN, WASILE TIMUR, HALMAHERA TIMUR, MALUKU UTARA",1,38,139,177
https://kawalpemilu.org#91049,"RAWAMANGUN, WASILE TIMUR, HALMAHERA TIMUR, MALUKU UTARA",2,33,99,132
https://kawalpemilu.org#91049,"RAWAMANGUN, WASILE TIMUR, HALMAHERA TIMUR, MALUKU UTARA",3,20,117,137
https://kawalpemilu.org#91049,"RAWAMANGUN, WASILE TIMUR, HALMAHERA TIMUR, MALUKU UTARA",4,55,116,171
https://kawalpemilu.org#91050,"SIDO MULYO, WASILE TIMUR, HALMAHERA TIMUR, MALUKU UTARA",1,69,109,178
https://kawalpemilu.org#91050,"SIDO MULYO, WASILE TIMUR, HALMAHERA TIMUR, MALUKU UTARA",2,102,112,214
https://kawalpemilu.org#91050,"SIDO MULYO, WASILE TIMUR, HALMAHERA TIMUR, MALUKU UTARA",3,96,94,190
https://kawalpemilu.org#91050,"SIDO MULYO, WASILE TIMUR, HALMAHERA TIMUR, MALUKU UTARA",4,108,110,218
https://kawalpemilu.org#78018,"WAYAMLI, MABA TENGAH, HALMAHERA TIMUR, MALUKU UTARA",1,38,75,113
https://kawalpemilu.org#78018,"WAYAMLI, MABA TENGAH, HALMAHERA TIMUR, MALUKU UTARA",2,31,70,101
https://kawalpemilu.org#78018,"WAYAMLI, MABA TENGAH, HALMAHERA TIMUR, MALUKU UTARA",3,17,86,103
https://kawalpemilu.org#78018,"WAYAMLI, MABA TENGAH, HALMAHERA TIMUR, MALUKU UTARA",4,18,77,95
https://kawalpemilu.org#78019,"BERINGIN LAMO, MABA TENGAH, HALMAHERA TIMUR, MALUKU UTARA",1,105,28,133
https://kawalpemilu.org#78019,"BERINGIN LAMO, MABA TENGAH, HALMAHERA TIMUR, MALUKU UTARA",2,69,49,118
https://kawalpemilu.org#78020,"MIAF, MABA TENGAH, HALMAHERA TIMUR, MALUKU UTARA",2,3,55,58
https://kawalpemilu.org#78020,"MIAF, MABA TENGAH, HALMAHERA TIMUR, MALUKU UTARA",3,87,18,105
https://kawalpemilu.org#78021,"BANGUL, MABA TENGAH, HALMAHERA TIMUR, MALUKU UTARA",1,143,66,209
https://kawalpemilu.org#78022,"MARASIPNO, MABA TENGAH, HALMAHERA TIMUR, MALUKU UTARA",1,73,108,181
https://kawalpemilu.org#78023,"DOROLAMO, MABA TENGAH, HALMAHERA TIMUR, MALUKU UTARA",1,135,15,150
https://kawalpemilu.org#78024,"MARATANA JAYA, MABA TENGAH, HALMAHERA TIMUR, MALUKU UTARA",1,117,34,151
https://kawalpemilu.org#78024,"MARATANA JAYA, MABA TENGAH, HALMAHERA TIMUR, MALUKU UTARA",2,106,32,138
https://kawalpemilu.org#78024,"MARATANA JAYA, MABA TENGAH, HALMAHERA TIMUR, MALUKU UTARA",3,109,29,138
https://kawalpemilu.org#78025,"BEBSILI, MABA TENGAH, HALMAHERA TIMUR, MALUKU UTARA",1,128,13,141
https://kawalpemilu.org#91051,"YAWANLI, MABA TENGAH, HALMAHERA TIMUR, MALUKU UTARA",1,24,93,117
https://kawalpemilu.org#91051,"YAWANLI, MABA TENGAH, HALMAHERA TIMUR, MALUKU UTARA",2,41,118,159
https://kawalpemilu.org#91051,"YAWANLI, MABA TENGAH, HALMAHERA TIMUR, MALUKU UTARA",3,33,101,134
https://kawalpemilu.org#91052,"GAIFOLI, MABA TENGAH, HALMAHERA TIMUR, MALUKU UTARA",1,90,89,179
https://kawalpemilu.org#91053,"BABASARAM, MABA TENGAH, HALMAHERA TIMUR, MALUKU UTARA",1,104,70,174
https://kawalpemilu.org#91053,"BABASARAM, MABA TENGAH, HALMAHERA TIMUR, MALUKU UTARA",2,60,40,100
https://kawalpemilu.org#91053,"BABASARAM, MABA TENGAH, HALMAHERA TIMUR, MALUKU UTARA",3,61,42,106
https://kawalpemilu.org#91054,"TATANGAPU, MABA TENGAH, HALMAHERA TIMUR, MALUKU UTARA",1,73,80,153
https://kawalpemilu.org#78027,"SOSOLAT, MABA UTARA, HALMAHERA TIMUR, MALUKU UTARA",1,190,8,198
https://kawalpemilu.org#78027,"SOSOLAT, MABA UTARA, HALMAHERA TIMUR, MALUKU UTARA",2,182,6,188
https://kawalpemilu.org#78027,"SOSOLAT, MABA UTARA, HALMAHERA TIMUR, MALUKU UTARA",3,160,12,172
https://kawalpemilu.org#78028,"DOROSAGU, MABA UTARA, HALMAHERA TIMUR, MALUKU UTARA",1,105,16,121
https://kawalpemilu.org#78028,"DOROSAGU, MABA UTARA, HALMAHERA TIMUR, MALUKU UTARA",2,130,87,217
https://kawalpemilu.org#78028,"DOROSAGU, MABA UTARA, HALMAHERA TIMUR, MALUKU UTARA",3,109,43,152
https://kawalpemilu.org#78029,"PATLEAN, MABA UTARA, HALMAHERA TIMUR, MALUKU UTARA",1,16,103,119
https://kawalpemilu.org#78029,"PATLEAN, MABA UTARA, HALMAHERA TIMUR, MALUKU UTARA",2,20,77,97
https://kawalpemilu.org#78029,"PATLEAN, MABA UTARA, HALMAHERA TIMUR, MALUKU UTARA",3,18,121,139
https://kawalpemilu.org#78029,"PATLEAN, MABA UTARA, HALMAHERA TIMUR, MALUKU UTARA",4,7,91,98
https://kawalpemilu.org#78030,"LOLASITA, MABA UTARA, HALMAHERA TIMUR, MALUKU UTARA",1,38,113,151
https://kawalpemilu.org#78030,"LOLASITA, MABA UTARA, HALMAHERA TIMUR, MALUKU UTARA",2,27,186,213
https://kawalpemilu.org#78030,"LOLASITA, MABA UTARA, HALMAHERA TIMUR, MALUKU UTARA",3,41,112,153
https://kawalpemilu.org#78031,"WASILEO, MABA UTARA, HALMAHERA TIMUR, MALUKU UTARA",1,104,123,227
https://kawalpemilu.org#78031,"WASILEO, MABA UTARA, HALMAHERA TIMUR, MALUKU UTARA",2,37,119,156
https://kawalpemilu.org#78031,"WASILEO, MABA UTARA, HALMAHERA TIMUR, MALUKU UTARA",3,61,111,172
https://kawalpemilu.org#78031,"WASILEO, MABA UTARA, HALMAHERA TIMUR, MALUKU UTARA",4,73,125,198
https://kawalpemilu.org#78031,"WASILEO, MABA UTARA, HALMAHERA TIMUR, MALUKU UTARA",5,72,94,166
https://kawalpemilu.org#78032,"PUMLANGA, MABA UTARA, HALMAHERA TIMUR, MALUKU UTARA",1,113,26,139
https://kawalpemilu.org#78032,"PUMLANGA, MABA UTARA, HALMAHERA TIMUR, MALUKU UTARA",2,112,27,139
https://kawalpemilu.org#78032,"PUMLANGA, MABA UTARA, HALMAHERA TIMUR, MALUKU UTARA",4,111,35,146
https://kawalpemilu.org#78033,"JARA-JARA, MABA UTARA, HALMAHERA TIMUR, MALUKU UTARA",1,123,39,162
https://kawalpemilu.org#78033,"JARA-JARA, MABA UTARA, HALMAHERA TIMUR, MALUKU UTARA",2,160,2,162
https://kawalpemilu.org#78033,"JARA-JARA, MABA UTARA, HALMAHERA TIMUR, MALUKU UTARA",3,180,7,187
https://kawalpemilu.org#78033,"JARA-JARA, MABA UTARA, HALMAHERA TIMUR, MALUKU UTARA",4,119,5,124
https://kawalpemilu.org#91055,"DOROMOI, MABA UTARA, HALMAHERA TIMUR, MALUKU UTARA",1,217,4,221
https://kawalpemilu.org#91055,"DOROMOI, MABA UTARA, HALMAHERA TIMUR, MALUKU UTARA",2,207,5,212
https://kawalpemilu.org#91056,"LILI, MABA UTARA, HALMAHERA TIMUR, MALUKU UTARA",1,86,19,105
https://kawalpemilu.org#91056,"LILI, MABA UTARA, HALMAHERA TIMUR, MALUKU UTARA",2,86,12,98
https://kawalpemilu.org#91057,"PATLEAN JAYA, MABA UTARA, HALMAHERA TIMUR, MALUKU UTARA",1,84,69,153
https://kawalpemilu.org#91057,"PATLEAN JAYA, MABA UTARA, HALMAHERA TIMUR, MALUKU UTARA",2,53,71,124
https://kawalpemilu.org#78035,"WAILUKUM, KOTA MABA, HALMAHERA TIMUR, MALUKU UTARA",1,102,105,207
https://kawalpemilu.org#78035,"WAILUKUM, KOTA MABA, HALMAHERA TIMUR, MALUKU UTARA",2,126,60,186
https://kawalpemilu.org#78035,"WAILUKUM, KOTA MABA, HALMAHERA TIMUR, MALUKU UTARA",3,118,80,198
https://kawalpemilu.org#78036,"SOA LAIPOH, KOTA MABA, HALMAHERA TIMUR, MALUKU UTARA",1,38,109,147
https://kawalpemilu.org#78036,"SOA LAIPOH, KOTA MABA, HALMAHERA TIMUR, MALUKU UTARA",2,88,174,262
https://kawalpemilu.org#78036,"SOA LAIPOH, KOTA MABA, HALMAHERA TIMUR, MALUKU UTARA",3,36,91,127
https://kawalpemilu.org#78036,"SOA LAIPOH, KOTA MABA, HALMAHERA TIMUR, MALUKU UTARA",4,101,29,130
https://kawalpemilu.org#78037,"SOA SANGAJI, KOTA MABA, HALMAHERA TIMUR, MALUKU UTARA",1,67,133,200
https://kawalpemilu.org#78037,"SOA SANGAJI, KOTA MABA, HALMAHERA TIMUR, MALUKU UTARA",2,55,130,185
https://kawalpemilu.org#78037,"SOA SANGAJI, KOTA MABA, HALMAHERA TIMUR, MALUKU UTARA",3,75,112,187
https://kawalpemilu.org#78037,"SOA SANGAJI, KOTA MABA, HALMAHERA TIMUR, MALUKU UTARA",4,36,7,43
https://kawalpemilu.org#78038,"SOAGIMALAHA, KOTA MABA, HALMAHERA TIMUR, MALUKU UTARA",1,0,0,0
https://kawalpemilu.org#78038,"SOAGIMALAHA, KOTA MABA, HALMAHERA TIMUR, MALUKU UTARA",2,81,103,184
https://kawalpemilu.org#78038,"SOAGIMALAHA, KOTA MABA, HALMAHERA TIMUR, MALUKU UTARA",3,59,97,156
https://kawalpemilu.org#78038,"SOAGIMALAHA, KOTA MABA, HALMAHERA TIMUR, MALUKU UTARA",4,83,128,211
https://kawalpemilu.org#78038,"SOAGIMALAHA, KOTA MABA, HALMAHERA TIMUR, MALUKU UTARA",5,37,74,111
https://kawalpemilu.org#78038,"SOAGIMALAHA, KOTA MABA, HALMAHERA TIMUR, MALUKU UTARA",6,52,89,141
https://kawalpemilu.org#78038,"SOAGIMALAHA, KOTA MABA, HALMAHERA TIMUR, MALUKU UTARA",7,52,110,162
https://kawalpemilu.org#78038,"SOAGIMALAHA, KOTA MABA, HALMAHERA TIMUR, MALUKU UTARA",8,73,124,197
https://kawalpemilu.org#78038,"SOAGIMALAHA, KOTA MABA, HALMAHERA TIMUR, MALUKU UTARA",9,75,115,190
https://kawalpemilu.org#78038,"SOAGIMALAHA, KOTA MABA, HALMAHERA TIMUR, MALUKU UTARA",10,69,81,150
https://kawalpemilu.org#78038,"SOAGIMALAHA, KOTA MABA, HALMAHERA TIMUR, MALUKU UTARA",11,33,65,98
https://kawalpemilu.org#78038,"SOAGIMALAHA, KOTA MABA, HALMAHERA TIMUR, MALUKU UTARA",12,38,88,126
https://kawalpemilu.org#78038,"SOAGIMALAHA, KOTA MABA, HALMAHERA TIMUR, MALUKU UTARA",13,59,92,151
https://kawalpemilu.org#78038,"SOAGIMALAHA, KOTA MABA, HALMAHERA TIMUR, MALUKU UTARA",14,60,109,169
https://kawalpemilu.org#78039,"MABA SANGAJI, KOTA MABA, HALMAHERA TIMUR, MALUKU UTARA",1,115,149,264
https://kawalpemilu.org#78039,"MABA SANGAJI, KOTA MABA, HALMAHERA TIMUR, MALUKU UTARA",2,114,128,242
https://kawalpemilu.org#78039,"MABA SANGAJI, KOTA MABA, HALMAHERA TIMUR, MALUKU UTARA",3,77,79,156
https://kawalpemilu.org#78039,"MABA SANGAJI, KOTA MABA, HALMAHERA TIMUR, MALUKU UTARA",4,87,113,200
https://kawalpemilu.org#78039,"MABA SANGAJI, KOTA MABA, HALMAHERA TIMUR, MALUKU UTARA",5,60,98,158
https://kawalpemilu.org#91058,"TEWIL, KOTA MABA, HALMAHERA TIMUR, MALUKU UTARA",1,119,9,128
https://kawalpemilu.org#91058,"TEWIL, KOTA MABA, HALMAHERA TIMUR, MALUKU UTARA",2,124,5,129
https://kawalpemilu.org#78042,"JAMBULA, PULAU TERNATE, KOTA TERNATE, MALUKU UTARA",1,26,68,94
https://kawalpemilu.org#78042,"JAMBULA, PULAU TERNATE, KOTA TERNATE, MALUKU UTARA",2,50,138,188
https://kawalpemilu.org#78042,"JAMBULA, PULAU TERNATE, KOTA TERNATE, MALUKU UTARA",3,49,117,166
https://kawalpemilu.org#78042,"JAMBULA, PULAU TERNATE, KOTA TERNATE, MALUKU UTARA",4,58,107,165
https://kawalpemilu.org#78042,"JAMBULA, PULAU TERNATE, KOTA TERNATE, MALUKU UTARA",5,40,105,145
https://kawalpemilu.org#78042,"JAMBULA, PULAU TERNATE, KOTA TERNATE, MALUKU UTARA",6,33,87,120
https://kawalpemilu.org#78042,"JAMBULA, PULAU TERNATE, KOTA TERNATE, MALUKU UTARA",7,27,97,124
https://kawalpemilu.org#78042,"JAMBULA, PULAU TERNATE, KOTA TERNATE, MALUKU UTARA",8,32,84,116
https://kawalpemilu.org#78042,"JAMBULA, PULAU TERNATE, KOTA TERNATE, MALUKU UTARA",9,58,108,166
https://kawalpemilu.org#78042,"JAMBULA, PULAU TERNATE, KOTA TERNATE, MALUKU UTARA",10,34,168,202
https://kawalpemilu.org#78042,"JAMBULA, PULAU TERNATE, KOTA TERNATE, MALUKU UTARA",11,24,129,153
https://kawalpemilu.org#78043,"FORAMADIAHI, PULAU TERNATE, KOTA TERNATE, MALUKU UTARA",1,49,153,202
https://kawalpemilu.org#78043,"FORAMADIAHI, PULAU TERNATE, KOTA TERNATE, MALUKU UTARA",2,15,56,71
https://kawalpemilu.org#78043,"FORAMADIAHI, PULAU TERNATE, KOTA TERNATE, MALUKU UTARA",3,71,152,223
https://kawalpemilu.org#78043,"FORAMADIAHI, PULAU TERNATE, KOTA TERNATE, MALUKU UTARA",4,61,133,194
https://kawalpemilu.org#78044,"KASTELA, PULAU TERNATE, KOTA TERNATE, MALUKU UTARA",1,127,128,236
https://kawalpemilu.org#78044,"KASTELA, PULAU TERNATE, KOTA TERNATE, MALUKU UTARA",2,67,102,169
https://kawalpemilu.org#78044,"KASTELA, PULAU TERNATE, KOTA TERNATE, MALUKU UTARA",3,56,68,124
https://kawalpemilu.org#78045,"RUA, PULAU TERNATE, KOTA TERNATE, MALUKU UTARA",1,112,97,209
https://kawalpemilu.org#78045,"RUA, PULAU TERNATE, KOTA TERNATE, MALUKU UTARA",2,102,93,195
https://kawalpemilu.org#78045,"RUA, PULAU TERNATE, KOTA TERNATE, MALUKU UTARA",3,100,119,219
https://kawalpemilu.org#78045,"RUA, PULAU TERNATE, KOTA TERNATE, MALUKU UTARA",4,95,115,210
https://kawalpemilu.org#78046,"AFE TADUMA, PULAU TERNATE, KOTA TERNATE, MALUKU UTARA",1,88,136,224
https://kawalpemilu.org#78046,"AFE TADUMA, PULAU TERNATE, KOTA TERNATE, MALUKU UTARA",2,30,159,189
https://kawalpemilu.org#78046,"AFE TADUMA, PULAU TERNATE, KOTA TERNATE, MALUKU UTARA",3,47,151,198
https://kawalpemilu.org#78047,"TOGAFO, PULAU TERNATE, KOTA TERNATE, MALUKU UTARA",1,105,218,233
https://kawalpemilu.org#78047,"TOGAFO, PULAU TERNATE, KOTA TERNATE, MALUKU UTARA",2,127,123,250
https://kawalpemilu.org#78048,"LOTO, PULAU TERNATE, KOTA TERNATE, MALUKU UTARA",1,58,133,191
https://kawalpemilu.org#78048,"LOTO, PULAU TERNATE, KOTA TERNATE, MALUKU UTARA",2,55,86,141
https://kawalpemilu.org#78048,"LOTO, PULAU TERNATE, KOTA TERNATE, MALUKU UTARA",3,59,128,187
https://kawalpemilu.org#78048,"LOTO, PULAU TERNATE, KOTA TERNATE, MALUKU UTARA",4,43,78,121
https://kawalpemilu.org#78049,"TAKOME, PULAU TERNATE, KOTA TERNATE, MALUKU UTARA",1,48,138,186
https://kawalpemilu.org#78049,"TAKOME, PULAU TERNATE, KOTA TERNATE, MALUKU UTARA",2,47,141,188
https://kawalpemilu.org#78049,"TAKOME, PULAU TERNATE, KOTA TERNATE, MALUKU UTARA",3,45,114,159
https://kawalpemilu.org#78049,"TAKOME, PULAU TERNATE, KOTA TERNATE, MALUKU UTARA",4,35,139,174
https://kawalpemilu.org#78050,"SULAMADAHA, PULAU TERNATE, KOTA TERNATE, MALUKU UTARA",1,80,114,194
https://kawalpemilu.org#78050,"SULAMADAHA, PULAU TERNATE, KOTA TERNATE, MALUKU UTARA",2,64,159,223
https://kawalpemilu.org#78050,"SULAMADAHA, PULAU TERNATE, KOTA TERNATE, MALUKU UTARA",3,60,145,205
https://kawalpemilu.org#78050,"SULAMADAHA, PULAU TERNATE, KOTA TERNATE, MALUKU UTARA",4,69,95,194
https://kawalpemilu.org#78050,"SULAMADAHA, PULAU TERNATE, KOTA TERNATE, MALUKU UTARA",5,29,86,115
https://kawalpemilu.org#78050,"SULAMADAHA, PULAU TERNATE, KOTA TERNATE, MALUKU UTARA",6,46,90,123
https://kawalpemilu.org#78051,"TOBOLOLO, PULAU TERNATE, KOTA TERNATE, MALUKU UTARA",1,38,154,192
https://kawalpemilu.org#78051,"TOBOLOLO, PULAU TERNATE, KOTA TERNATE, MALUKU UTARA",2,19,179,198
https://kawalpemilu.org#78051,"TOBOLOLO, PULAU TERNATE, KOTA TERNATE, MALUKU UTARA",3,34,175,209
https://kawalpemilu.org#78051,"TOBOLOLO, PULAU TERNATE, KOTA TERNATE, MALUKU UTARA",4,28,153,181
https://kawalpemilu.org#78052,"BULA, PULAU TERNATE, KOTA TERNATE, MALUKU UTARA",1,52,208,260
https://kawalpemilu.org#78052,"BULA, PULAU TERNATE, KOTA TERNATE, MALUKU UTARA",2,83,165,248
https://kawalpemilu.org#78053,"KULABA, PULAU TERNATE, KOTA TERNATE, MALUKU UTARA",1,50,140,190
https://kawalpemilu.org#78053,"KULABA, PULAU TERNATE, KOTA TERNATE, MALUKU UTARA",2,41,138,179
https://kawalpemilu.org#78053,"KULABA, PULAU TERNATE, KOTA TERNATE, MALUKU UTARA",3,47,140,187
https://kawalpemilu.org#78053,"KULABA, PULAU TERNATE, KOTA TERNATE, MALUKU UTARA",4,45,122,167
https://kawalpemilu.org#78053,"KULABA, PULAU TERNATE, KOTA TERNATE, MALUKU UTARA",5,55,126,181
https://kawalpemilu.org#78053,"KULABA, PULAU TERNATE, KOTA TERNATE, MALUKU UTARA",6,51,120,171
https://kawalpemilu.org#78058,"DORPEDU, PULAU TERNATE, KOTA TERNATE, MALUKU UTARA",1,84,106,190
https://kawalpemilu.org#78058,"DORPEDU, PULAU TERNATE, KOTA TERNATE, MALUKU UTARA",2,77,117,194
https://kawalpemilu.org#78060,"SASA, KOTA TERNATE SELATAN, KOTA TERNATE, MALUKU UTARA",1,38,139,177
https://kawalpemilu.org#78060,"SASA, KOTA TERNATE SELATAN, KOTA TERNATE, MALUKU UTARA",2,40,90,130
https://kawalpemilu.org#78060,"SASA, KOTA TERNATE SELATAN, KOTA TERNATE, MALUKU UTARA",3,30,161,191
https://kawalpemilu.org#78060,"SASA, KOTA TERNATE SELATAN, KOTA TERNATE, MALUKU UTARA",4,64,178,242
https://kawalpemilu.org#78060,"SASA, KOTA TERNATE SELATAN, KOTA TERNATE, MALUKU UTARA",5,43,82,125
https://kawalpemilu.org#78060,"SASA, KOTA TERNATE SELATAN, KOTA TERNATE, MALUKU UTARA",6,69,118,187
https://kawalpemilu.org#78060,"SASA, KOTA TERNATE SELATAN, KOTA TERNATE, MALUKU UTARA",7,36,105,141
https://kawalpemilu.org#78060,"SASA, KOTA TERNATE SELATAN, KOTA TERNATE, MALUKU UTARA",8,25,94,119
https://kawalpemilu.org#78060,"SASA, KOTA TERNATE SELATAN, KOTA TERNATE, MALUKU UTARA",9,43,124,167
https://kawalpemilu.org#78061,"GAMBESI, KOTA TERNATE SELATAN, KOTA TERNATE, MALUKU UTARA",1,40,159,199
https://kawalpemilu.org#78061,"GAMBESI, KOTA TERNATE SELATAN, KOTA TERNATE, MALUKU UTARA",2,70,158,228
https://kawalpemilu.org#78061,"GAMBESI, KOTA TERNATE SELATAN, KOTA TERNATE, MALUKU UTARA",3,56,107,163
https://kawalpemilu.org#78061,"GAMBESI, KOTA TERNATE SELATAN, KOTA TERNATE, MALUKU UTARA",4,67,141,207
https://kawalpemilu.org#78061,"GAMBESI, KOTA TERNATE SELATAN, KOTA TERNATE, MALUKU UTARA",5,62,138,201
https://kawalpemilu.org#78061,"GAMBESI, KOTA TERNATE SELATAN, KOTA TERNATE, MALUKU UTARA",6,50,160,210
https://kawalpemilu.org#78062,"FITU, KOTA TERNATE SELATAN, KOTA TERNATE, MALUKU UTARA",1,94,109,203
https://kawalpemilu.org#78062,"FITU, KOTA TERNATE SELATAN, KOTA TERNATE, MALUKU UTARA",2,74,105,179
https://kawalpemilu.org#78062,"FITU, KOTA TERNATE SELATAN, KOTA TERNATE, MALUKU UTARA",3,45,131,176
https://kawalpemilu.org#78062,"FITU, KOTA TERNATE SELATAN, KOTA TERNATE, MALUKU UTARA",4,14,122,136
https://kawalpemilu.org#78062,"FITU, KOTA TERNATE SELATAN, KOTA TERNATE, MALUKU UTARA",5,46,123,169
https://kawalpemilu.org#78062,"FITU, KOTA TERNATE SELATAN, KOTA TERNATE, MALUKU UTARA",6,44,93,137
https://kawalpemilu.org#78062,"FITU, KOTA TERNATE SELATAN, KOTA TERNATE, MALUKU UTARA",7,48,97,145
https://kawalpemilu.org#78062,"FITU, KOTA TERNATE SELATAN, KOTA TERNATE, MALUKU UTARA",8,35,87,122
https://kawalpemilu.org#78062,"FITU, KOTA TERNATE SELATAN, KOTA TERNATE, MALUKU UTARA",9,47,116,163
https://kawalpemilu.org#78062,"FITU, KOTA TERNATE SELATAN, KOTA TERNATE, MALUKU UTARA",10,30,91,121
https://kawalpemilu.org#78062,"FITU, KOTA TERNATE SELATAN, KOTA TERNATE, MALUKU UTARA",11,49,111,160
https://kawalpemilu.org#78062,"FITU, KOTA TERNATE SELATAN, KOTA TERNATE, MALUKU UTARA",12,28,91,119
https://kawalpemilu.org#78063,"KALUMATA, KOTA TERNATE SELATAN, KOTA TERNATE, MALUKU UTARA",1,103,120,223
https://kawalpemilu.org#78063,"KALUMATA, KOTA TERNATE SELATAN, KOTA TERNATE, MALUKU UTARA",2,98,164,262
https://kawalpemilu.org#78063,"KALUMATA, KOTA TERNATE SELATAN, KOTA TERNATE, MALUKU UTARA",3,99,127,226
https://kawalpemilu.org#78063,"KALUMATA, KOTA TERNATE SELATAN, KOTA TERNATE, MALUKU UTARA",4,58,130,188
https://kawalpemilu.org#78063,"KALUMATA, KOTA TERNATE SELATAN, KOTA TERNATE, MALUKU UTARA",5,63,128,191
https://kawalpemilu.org#78063,"KALUMATA, KOTA TERNATE SELATAN, KOTA TERNATE, MALUKU UTARA",6,49,102,151
https://kawalpemilu.org#78063,"KALUMATA, KOTA TERNATE SELATAN, KOTA TERNATE, MALUKU UTARA",7,48,140,188
https://kawalpemilu.org#78063,"KALUMATA, KOTA TERNATE SELATAN, KOTA TERNATE, MALUKU UTARA",8,56,152,208
https://kawalpemilu.org#78063,"KALUMATA, KOTA TERNATE SELATAN, KOTA TERNATE, MALUKU UTARA",9,76,83,159
https://kawalpemilu.org#78063,"KALUMATA, KOTA TERNATE SELATAN, KOTA TERNATE, MALUKU UTARA",10,48,148,196
https://kawalpemilu.org#78063,"KALUMATA, KOTA TERNATE SELATAN, KOTA TERNATE, MALUKU UTARA",11,46,144,190
https://kawalpemilu.org#78063,"KALUMATA, KOTA TERNATE SELATAN, KOTA TERNATE, MALUKU UTARA",12,74,131,205
https://kawalpemilu.org#78063,"KALUMATA, KOTA TERNATE SELATAN, KOTA TERNATE, MALUKU UTARA",13,60,161,223
https://kawalpemilu.org#78063,"KALUMATA, KOTA TERNATE SELATAN, KOTA TERNATE, MALUKU UTARA",14,68,153,221
https://kawalpemilu.org#78063,"KALUMATA, KOTA TERNATE SELATAN, KOTA TERNATE, MALUKU UTARA",15,85,196,281
https://kawalpemilu.org#78063,"KALUMATA, KOTA TERNATE SELATAN, KOTA TERNATE, MALUKU UTARA",16,81,142,223
https://kawalpemilu.org#78063,"KALUMATA, KOTA TERNATE SELATAN, KOTA TERNATE, MALUKU UTARA",17,84,135,219
https://kawalpemilu.org#78063,"KALUMATA, KOTA TERNATE SELATAN, KOTA TERNATE, MALUKU UTARA",18,56,92,148
https://kawalpemilu.org#78063,"KALUMATA, KOTA TERNATE SELATAN, KOTA TERNATE, MALUKU UTARA",19,30,157,187
https://kawalpemilu.org#78063,"KALUMATA, KOTA TERNATE SELATAN, KOTA TERNATE, MALUKU UTARA",20,63,109,172
https://kawalpemilu.org#78063,"KALUMATA, KOTA TERNATE SELATAN, KOTA TERNATE, MALUKU UTARA",21,69,140,209
https://kawalpemilu.org#78063,"KALUMATA, KOTA TERNATE SELATAN, KOTA TERNATE, MALUKU UTARA",22,51,169,220
https://kawalpemilu.org#78063,"KALUMATA, KOTA TERNATE SELATAN, KOTA TERNATE, MALUKU UTARA",23,48,163,211
https://kawalpemilu.org#78063,"KALUMATA, KOTA TERNATE SELATAN, KOTA TERNATE, MALUKU UTARA",24,73,211,284
https://kawalpemilu.org#78063,"KALUMATA, KOTA TERNATE SELATAN, KOTA TERNATE, MALUKU UTARA",25,106,189,295
https://kawalpemilu.org#78064,"KAYU MERAH, KOTA TERNATE SELATAN, KOTA TERNATE, MALUKU UTARA",1,59,129,188
https://kawalpemilu.org#78064,"KAYU MERAH, KOTA TERNATE SELATAN, KOTA TERNATE, MALUKU UTARA",2,65,114,179
https://kawalpemilu.org#78064,"KAYU MERAH, KOTA TERNATE SELATAN, KOTA TERNATE, MALUKU UTARA",3,78,175,253
https://kawalpemilu.org#78064,"KAYU MERAH, KOTA TERNATE SELATAN, KOTA TERNATE, MALUKU UTARA",4,58,138,196
https://kawalpemilu.org#78064,"KAYU MERAH, KOTA TERNATE SELATAN, KOTA TERNATE, MALUKU UTARA",5,56,130,186
https://kawalpemilu.org#78064,"KAYU MERAH, KOTA TERNATE SELATAN, KOTA TERNATE, MALUKU UTARA",6,43,108,151
https://kawalpemilu.org#78064,"KAYU MERAH, KOTA TERNATE SELATAN, KOTA TERNATE, MALUKU UTARA",8,26,108,134
https://kawalpemilu.org#78064,"KAYU MERAH, KOTA TERNATE SELATAN, KOTA TERNATE, MALUKU UTARA",9,24,157,181
https://kawalpemilu.org#78064,"KAYU MERAH, KOTA TERNATE SELATAN, KOTA TERNATE, MALUKU UTARA",10,55,129,184
https://kawalpemilu.org#78064,"KAYU MERAH, KOTA TERNATE SELATAN, KOTA TERNATE, MALUKU UTARA",11,51,112,163
https://kawalpemilu.org#78064,"KAYU MERAH, KOTA TERNATE SELATAN, KOTA TERNATE, MALUKU UTARA",12,44,104,148
https://kawalpemilu.org#78064,"KAYU MERAH, KOTA TERNATE SELATAN, KOTA TERNATE, MALUKU UTARA",13,28,86,114
https://kawalpemilu.org#78064,"KAYU MERAH, KOTA TERNATE SELATAN, KOTA TERNATE, MALUKU UTARA",14,18,106,124
https://kawalpemilu.org#78064,"KAYU MERAH, KOTA TERNATE SELATAN, KOTA TERNATE, MALUKU UTARA",15,29,169,198
https://kawalpemilu.org#78064,"KAYU MERAH, KOTA TERNATE SELATAN, KOTA TERNATE, MALUKU UTARA",16,36,166,202
https://kawalpemilu.org#78065,"BASTIONG TALANGAME, KOTA TERNATE SELATAN, KOTA TERNATE, MALUKU UTARA",1,50,69,119
https://kawalpemilu.org#78065,"BASTIONG TALANGAME, KOTA TERNATE SELATAN, KOTA TERNATE, MALUKU UTARA",2,71,105,176
https://kawalpemilu.org#78065,"BASTIONG TALANGAME, KOTA TERNATE SELATAN, KOTA TERNATE, MALUKU UTARA",3,53,78,131
https://kawalpemilu.org#78065,"BASTIONG TALANGAME, KOTA TERNATE SELATAN, KOTA TERNATE, MALUKU UTARA",4,54,101,155
https://kawalpemilu.org#78065,"BASTIONG TALANGAME, KOTA TERNATE SELATAN, KOTA TERNATE, MALUKU UTARA",5,43,76,119
https://kawalpemilu.org#78065,"BASTIONG TALANGAME, KOTA TERNATE SELATAN, KOTA TERNATE, MALUKU UTARA",6,73,115,188
https://kawalpemilu.org#78065,"BASTIONG TALANGAME, KOTA TERNATE SELATAN, KOTA TERNATE, MALUKU UTARA",7,79,106,185
https://kawalpemilu.org#78065,"BASTIONG TALANGAME, KOTA TERNATE SELATAN, KOTA TERNATE, MALUKU UTARA",8,43,79,122
https://kawalpemilu.org#78065,"BASTIONG TALANGAME, KOTA TERNATE SELATAN, KOTA TERNATE, MALUKU UTARA",9,44,70,114
https://kawalpemilu.org#78065,"BASTIONG TALANGAME, KOTA TERNATE SELATAN, KOTA TERNATE, MALUKU UTARA",10,53,101,154
https://kawalpemilu.org#78065,"BASTIONG TALANGAME, KOTA TERNATE SELATAN, KOTA TERNATE, MALUKU UTARA",11,0,0,117
https://kawalpemilu.org#78065,"BASTIONG TALANGAME, KOTA TERNATE SELATAN, KOTA TERNATE, MALUKU UTARA",12,46,78,124
https://kawalpemilu.org#78065,"BASTIONG TALANGAME, KOTA TERNATE SELATAN, KOTA TERNATE, MALUKU UTARA",13,38,78,116
https://kawalpemilu.org#78065,"BASTIONG TALANGAME, KOTA TERNATE SELATAN, KOTA TERNATE, MALUKU UTARA",14,33,78,111
https://kawalpemilu.org#78065,"BASTIONG TALANGAME, KOTA TERNATE SELATAN, KOTA TERNATE, MALUKU UTARA",15,42,82,124
https://kawalpemilu.org#78065,"BASTIONG TALANGAME, KOTA TERNATE SELATAN, KOTA TERNATE, MALUKU UTARA",16,74,79,153
https://kawalpemilu.org#78065,"BASTIONG TALANGAME, KOTA TERNATE SELATAN, KOTA TERNATE, MALUKU UTARA",17,41,79,120
https://kawalpemilu.org#78066,"UBO-UBO, KOTA TERNATE SELATAN, KOTA TERNATE, MALUKU UTARA",1,80,166,246
https://kawalpemilu.org#78066,"UBO-UBO, KOTA TERNATE SELATAN, KOTA TERNATE, MALUKU UTARA",2,77,112,189
https://kawalpemilu.org#78066,"UBO-UBO, KOTA TERNATE SELATAN, KOTA TERNATE, MALUKU UTARA",3,85,142,227
https://kawalpemilu.org#78066,"UBO-UBO, KOTA TERNATE SELATAN, KOTA TERNATE, MALUKU UTARA",4,69,178,247
https://kawalpemilu.org#78066,"UBO-UBO, KOTA TERNATE SELATAN, KOTA TERNATE, MALUKU UTARA",5,53,186,239
https://kawalpemilu.org#78066,"UBO-UBO, KOTA TERNATE SELATAN, KOTA TERNATE, MALUKU UTARA",6,54,153,207
https://kawalpemilu.org#78067,"MANGGA DUA, KOTA TERNATE SELATAN, KOTA TERNATE, MALUKU UTARA",1,39,122,161
https://kawalpemilu.org#78067,"MANGGA DUA, KOTA TERNATE SELATAN, KOTA TERNATE, MALUKU UTARA",2,43,181,224
https://kawalpemilu.org#78067,"MANGGA DUA, KOTA TERNATE SELATAN, KOTA TERNATE, MALUKU UTARA",3,40,131,171
https://kawalpemilu.org#78067,"MANGGA DUA, KOTA TERNATE SELATAN, KOTA TERNATE, MALUKU UTARA",4,67,136,203
https://kawalpemilu.org#78067,"MANGGA DUA, KOTA TERNATE SELATAN, KOTA TERNATE, MALUKU UTARA",5,85,147,232
https://kawalpemilu.org#78067,"MANGGA DUA, KOTA TERNATE SELATAN, KOTA TERNATE, MALUKU UTARA",6,50,83,133
https://kawalpemilu.org#78067,"MANGGA DUA, KOTA TERNATE SELATAN, KOTA TERNATE, MALUKU UTARA",7,44,138,182
https://kawalpemilu.org#78067,"MANGGA DUA, KOTA TERNATE SELATAN, KOTA TERNATE, MALUKU UTARA",8,34,87,121
https://kawalpemilu.org#78067,"MANGGA DUA, KOTA TERNATE SELATAN, KOTA TERNATE, MALUKU UTARA",9,54,127,181
https://kawalpemilu.org#78068,"JATI, KOTA TERNATE SELATAN, KOTA TERNATE, MALUKU UTARA",1,66,147,213
https://kawalpemilu.org#78068,"JATI, KOTA TERNATE SELATAN, KOTA TERNATE, MALUKU UTARA",2,65,111,176
https://kawalpemilu.org#78068,"JATI, KOTA TERNATE SELATAN, KOTA TERNATE, MALUKU UTARA",3,47,154,201
https://kawalpemilu.org#78068,"JATI, KOTA TERNATE SELATAN, KOTA TERNATE, MALUKU UTARA",4,61,167,228
https://kawalpemilu.org#78068,"JATI, KOTA TERNATE SELATAN, KOTA TERNATE, MALUKU UTARA",5,73,165,238
https://kawalpemilu.org#78068,"JATI, KOTA TERNATE SELATAN, KOTA TERNATE, MALUKU UTARA",6,75,139,214
https://kawalpemilu.org#78068,"JATI, KOTA TERNATE SELATAN, KOTA TERNATE, MALUKU UTARA",7,72,128,200
https://kawalpemilu.org#78068,"JATI, KOTA TERNATE SELATAN, KOTA TERNATE, MALUKU UTARA",8,46,114,160
https://kawalpemilu.org#78068,"JATI, KOTA TERNATE SELATAN, KOTA TERNATE, MALUKU UTARA",9,53,158,211
https://kawalpemilu.org#78068,"JATI, KOTA TERNATE SELATAN, KOTA TERNATE, MALUKU UTARA",10,65,164,229
https://kawalpemilu.org#78068,"JATI, KOTA TERNATE SELATAN, KOTA TERNATE, MALUKU UTARA",11,73,154,227
https://kawalpemilu.org#78068,"JATI, KOTA TERNATE SELATAN, KOTA TERNATE, MALUKU UTARA",12,55,175,230
https://kawalpemilu.org#78068,"JATI, KOTA TERNATE SELATAN, KOTA TERNATE, MALUKU UTARA",13,74,146,220
https://kawalpemilu.org#78068,"JATI, KOTA TERNATE SELATAN, KOTA TERNATE, MALUKU UTARA",14,54,72,126
https://kawalpemilu.org#78069,"TOBOKO, KOTA TERNATE SELATAN, KOTA TERNATE, MALUKU UTARA",1,73,127,200
https://kawalpemilu.org#78069,"TOBOKO, KOTA TERNATE SELATAN, KOTA TERNATE, MALUKU UTARA",2,86,111,197
https://kawalpemilu.org#78069,"TOBOKO, KOTA TERNATE SELATAN, KOTA TERNATE, MALUKU UTARA",3,64,140,204
https://kawalpemilu.org#78069,"TOBOKO, KOTA TERNATE SELATAN, KOTA TERNATE, MALUKU UTARA",4,41,115,156
https://kawalpemilu.org#78069,"TOBOKO, KOTA TERNATE SELATAN, KOTA TERNATE, MALUKU UTARA",5,67,119,186
https://kawalpemilu.org#78069,"TOBOKO, KOTA TERNATE SELATAN, KOTA TERNATE, MALUKU UTARA",6,56,128,184
https://kawalpemilu.org#78070,"TANAH TINGGI, KOTA TERNATE SELATAN, KOTA TERNATE, MALUKU UTARA",1,51,157,208
https://kawalpemilu.org#78070,"TANAH TINGGI, KOTA TERNATE SELATAN, KOTA TERNATE, MALUKU UTARA",2,29,99,128
https://kawalpemilu.org#78070,"TANAH TINGGI, KOTA TERNATE SELATAN, KOTA TERNATE, MALUKU UTARA",3,55,166,221
https://kawalpemilu.org#78070,"TANAH TINGGI, KOTA TERNATE SELATAN, KOTA TERNATE, MALUKU UTARA",4,53,193,246
https://kawalpemilu.org#78070,"TANAH TINGGI, KOTA TERNATE SELATAN, KOTA TERNATE, MALUKU UTARA",5,71,153,224
https://kawalpemilu.org#78070,"TANAH TINGGI, KOTA TERNATE SELATAN, KOTA TERNATE, MALUKU UTARA",6,63,134,197
https://kawalpemilu.org#78070,"TANAH TINGGI, KOTA TERNATE SELATAN, KOTA TERNATE, MALUKU UTARA",7,66,109,175
https://kawalpemilu.org#78070,"TANAH TINGGI, KOTA TERNATE SELATAN, KOTA TERNATE, MALUKU UTARA",8,29,103,132
https://kawalpemilu.org#78070,"TANAH TINGGI, KOTA TERNATE SELATAN, KOTA TERNATE, MALUKU UTARA",9,52,174,226
https://kawalpemilu.org#78070,"TANAH TINGGI, KOTA TERNATE SELATAN, KOTA TERNATE, MALUKU UTARA",10,36,72,108
https://kawalpemilu.org#78071,"TANAH TINGGI BARAT, KOTA TERNATE SELATAN, KOTA TERNATE, MALUKU UTARA",1,75,177,252
https://kawalpemilu.org#78071,"TANAH TINGGI BARAT, KOTA TERNATE SELATAN, KOTA TERNATE, MALUKU UTARA",2,57,145,202
https://kawalpemilu.org#78071,"TANAH TINGGI BARAT, KOTA TERNATE SELATAN, KOTA TERNATE, MALUKU UTARA",3,78,170,248
https://kawalpemilu.org#78071,"TANAH TINGGI BARAT, KOTA TERNATE SELATAN, KOTA TERNATE, MALUKU UTARA",4,72,173,245
https://kawalpemilu.org#78071,"TANAH TINGGI BARAT, KOTA TERNATE SELATAN, KOTA TERNATE, MALUKU UTARA",5,44,118,162
https://kawalpemilu.org#78071,"TANAH TINGGI BARAT, KOTA TERNATE SELATAN, KOTA TERNATE, MALUKU UTARA",6,94,146,240
https://kawalpemilu.org#78072,"MANGGA DUA UTARA, KOTA TERNATE SELATAN, KOTA TERNATE, MALUKU UTARA",1,75,140,215
https://kawalpemilu.org#78072,"MANGGA DUA UTARA, KOTA TERNATE SELATAN, KOTA TERNATE, MALUKU UTARA",2,69,189,258
https://kawalpemilu.org#78072,"MANGGA DUA UTARA, KOTA TERNATE SELATAN, KOTA TERNATE, MALUKU UTARA",3,45,152,197
https://kawalpemilu.org#78072,"MANGGA DUA UTARA, KOTA TERNATE SELATAN, KOTA TERNATE, MALUKU UTARA",4,38,165,203
https://kawalpemilu.org#78072,"MANGGA DUA UTARA, KOTA TERNATE SELATAN, KOTA TERNATE, MALUKU UTARA",5,103,125,228
https://kawalpemilu.org#78072,"MANGGA DUA UTARA, KOTA TERNATE SELATAN, KOTA TERNATE, MALUKU UTARA",6,59,78,137
https://kawalpemilu.org#78072,"MANGGA DUA UTARA, KOTA TERNATE SELATAN, KOTA TERNATE, MALUKU UTARA",7,45,103,148
https://kawalpemilu.org#78072,"MANGGA DUA UTARA, KOTA TERNATE SELATAN, KOTA TERNATE, MALUKU UTARA",8,69,162,231
https://kawalpemilu.org#78072,"MANGGA DUA UTARA, KOTA TERNATE SELATAN, KOTA TERNATE, MALUKU UTARA",9,75,134,209
https://kawalpemilu.org#78072,"MANGGA DUA UTARA, KOTA TERNATE SELATAN, KOTA TERNATE, MALUKU UTARA",10,37,119,156
https://kawalpemilu.org#78073,"JATI PERUMNAS, KOTA TERNATE SELATAN, KOTA TERNATE, MALUKU UTARA",1,39,138,177
https://kawalpemilu.org#78073,"JATI PERUMNAS, KOTA TERNATE SELATAN, KOTA TERNATE, MALUKU UTARA",2,63,124,187
https://kawalpemilu.org#78073,"JATI PERUMNAS, KOTA TERNATE SELATAN, KOTA TERNATE, MALUKU UTARA",3,68,114,182
https://kawalpemilu.org#78073,"JATI PERUMNAS, KOTA TERNATE SELATAN, KOTA TERNATE, MALUKU UTARA",4,32,137,169
https://kawalpemilu.org#78073,"JATI PERUMNAS, KOTA TERNATE SELATAN, KOTA TERNATE, MALUKU UTARA",5,39,116,155
https://kawalpemilu.org#78073,"JATI PERUMNAS, KOTA TERNATE SELATAN, KOTA TERNATE, MALUKU UTARA",7,50,147,197
https://kawalpemilu.org#78073,"JATI PERUMNAS, KOTA TERNATE SELATAN, KOTA TERNATE, MALUKU UTARA",8,50,111,161
https://kawalpemilu.org#78074,"TABONA, KOTA TERNATE SELATAN, KOTA TERNATE, MALUKU UTARA",1,34,116,150
https://kawalpemilu.org#78074,"TABONA, KOTA TERNATE SELATAN, KOTA TERNATE, MALUKU UTARA",2,44,157,201
https://kawalpemilu.org#78074,"TABONA, KOTA TERNATE SELATAN, KOTA TERNATE, MALUKU UTARA",3,57,112,169
https://kawalpemilu.org#78074,"TABONA, KOTA TERNATE SELATAN, KOTA TERNATE, MALUKU UTARA",4,46,178,224
https://kawalpemilu.org#78074,"TABONA, KOTA TERNATE SELATAN, KOTA TERNATE, MALUKU UTARA",5,49,153,202
https://kawalpemilu.org#78074,"TABONA, KOTA TERNATE SELATAN, KOTA TERNATE, MALUKU UTARA",6,36,147,183
https://kawalpemilu.org#78074,"TABONA, KOTA TERNATE SELATAN, KOTA TERNATE, MALUKU UTARA",7,40,115,155
https://kawalpemilu.org#78074,"TABONA, KOTA TERNATE SELATAN, KOTA TERNATE, MALUKU UTARA",8,45,85,130
https://kawalpemilu.org#78074,"TABONA, KOTA TERNATE SELATAN, KOTA TERNATE, MALUKU UTARA",9,40,51,91
https://kawalpemilu.org#78074,"TABONA, KOTA TERNATE SELATAN, KOTA TERNATE, MALUKU UTARA",10,39,148,187
https://kawalpemilu.org#78074,"TABONA, KOTA TERNATE SELATAN, KOTA TERNATE, MALUKU UTARA",11,40,136,176
https://kawalpemilu.org#78074,"TABONA, KOTA TERNATE SELATAN, KOTA TERNATE, MALUKU UTARA",12,41,127,168
https://kawalpemilu.org#78075,"BASTIONG KARANCE, KOTA TERNATE SELATAN, KOTA TERNATE, MALUKU UTARA",1,97,91,188
https://kawalpemilu.org#78075,"BASTIONG KARANCE, KOTA TERNATE SELATAN, KOTA TERNATE, MALUKU UTARA",2,59,70,129
https://kawalpemilu.org#78075,"BASTIONG KARANCE, KOTA TERNATE SELATAN, KOTA TERNATE, MALUKU UTARA",3,66,77,143
https://kawalpemilu.org#78075,"BASTIONG KARANCE, KOTA TERNATE SELATAN, KOTA TERNATE, MALUKU UTARA",4,85,90,175
https://kawalpemilu.org#78075,"BASTIONG KARANCE, KOTA TERNATE SELATAN, KOTA TERNATE, MALUKU UTARA",5,43,87,130
https://kawalpemilu.org#78075,"BASTIONG KARANCE, KOTA TERNATE SELATAN, KOTA TERNATE, MALUKU UTARA",6,44,113,157
https://kawalpemilu.org#78075,"BASTIONG KARANCE, KOTA TERNATE SELATAN, KOTA TERNATE, MALUKU UTARA",7,38,74,112
https://kawalpemilu.org#78075,"BASTIONG KARANCE, KOTA TERNATE SELATAN, KOTA TERNATE, MALUKU UTARA",8,43,144,187
https://kawalpemilu.org#78075,"BASTIONG KARANCE, KOTA TERNATE SELATAN, KOTA TERNATE, MALUKU UTARA",9,33,49,82
https://kawalpemilu.org#78075,"BASTIONG KARANCE, KOTA TERNATE SELATAN, KOTA TERNATE, MALUKU UTARA",10,63,81,144
https://kawalpemilu.org#78075,"BASTIONG KARANCE, KOTA TERNATE SELATAN, KOTA TERNATE, MALUKU UTARA",11,49,68,117
https://kawalpemilu.org#78075,"BASTIONG KARANCE, KOTA TERNATE SELATAN, KOTA TERNATE, MALUKU UTARA",12,83,98,181
https://kawalpemilu.org#78075,"BASTIONG KARANCE, KOTA TERNATE SELATAN, KOTA TERNATE, MALUKU UTARA",13,43,89,132
https://kawalpemilu.org#78075,"BASTIONG KARANCE, KOTA TERNATE SELATAN, KOTA TERNATE, MALUKU UTARA",14,33,105,138
https://kawalpemilu.org#78075,"BASTIONG KARANCE, KOTA TERNATE SELATAN, KOTA TERNATE, MALUKU UTARA",15,32,91,123
https://kawalpemilu.org#78075,"BASTIONG KARANCE, KOTA TERNATE SELATAN, KOTA TERNATE, MALUKU UTARA",16,12,85,97
https://kawalpemilu.org#78076,"NGADE, KOTA TERNATE SELATAN, KOTA TERNATE, MALUKU UTARA",1,58,159,217
https://kawalpemilu.org#78076,"NGADE, KOTA TERNATE SELATAN, KOTA TERNATE, MALUKU UTARA",2,71,167,238
https://kawalpemilu.org#78076,"NGADE, KOTA TERNATE SELATAN, KOTA TERNATE, MALUKU UTARA",3,55,147,202
https://kawalpemilu.org#78076,"NGADE, KOTA TERNATE SELATAN, KOTA TERNATE, MALUKU UTARA",4,64,147,211
https://kawalpemilu.org#78076,"NGADE, KOTA TERNATE SELATAN, KOTA TERNATE, MALUKU UTARA",5,66,193,259
https://kawalpemilu.org#78078,"SOA, KOTA TERNATE UTARA, KOTA TERNATE, MALUKU UTARA",1,55,111,166
https://kawalpemilu.org#78078,"SOA, KOTA TERNATE UTARA, KOTA TERNATE, MALUKU UTARA",2,40,116,156
https://kawalpemilu.org#78078,"SOA, KOTA TERNATE UTARA, KOTA TERNATE, MALUKU UTARA",3,75,134,209
https://kawalpemilu.org#78078,"SOA, KOTA TERNATE UTARA, KOTA TERNATE, MALUKU UTARA",4,49,132,181
https://kawalpemilu.org#78078,"SOA, KOTA TERNATE UTARA, KOTA TERNATE, MALUKU UTARA",5,41,132,173
https://kawalpemilu.org#78078,"SOA, KOTA TERNATE UTARA, KOTA TERNATE, MALUKU UTARA",6,51,116,167
https://kawalpemilu.org#78078,"SOA, KOTA TERNATE UTARA, KOTA TERNATE, MALUKU UTARA",7,58,118,176
https://kawalpemilu.org#78078,"SOA, KOTA TERNATE UTARA, KOTA TERNATE, MALUKU UTARA",8,47,97,144
https://kawalpemilu.org#78078,"SOA, KOTA TERNATE UTARA, KOTA TERNATE, MALUKU UTARA",9,33,84,117
https://kawalpemilu.org#78078,"SOA, KOTA TERNATE UTARA, KOTA TERNATE, MALUKU UTARA",10,74,105,179
https://kawalpemilu.org#78078,"SOA, KOTA TERNATE UTARA, KOTA TERNATE, MALUKU UTARA",11,46,117,163
https://kawalpemilu.org#78078,"SOA, KOTA TERNATE UTARA, KOTA TERNATE, MALUKU UTARA",12,38,116,154
https://kawalpemilu.org#78078,"SOA, KOTA TERNATE UTARA, KOTA TERNATE, MALUKU UTARA",13,47,91,138
https://kawalpemilu.org#78078,"SOA, KOTA TERNATE UTARA, KOTA TERNATE, MALUKU UTARA",14,42,72,114
https://kawalpemilu.org#78079,"SOA SIO, KOTA TERNATE UTARA, KOTA TERNATE, MALUKU UTARA",1,88,114,202
https://kawalpemilu.org#78079,"SOA SIO, KOTA TERNATE UTARA, KOTA TERNATE, MALUKU UTARA",2,63,132,195
https://kawalpemilu.org#78079,"SOA SIO, KOTA TERNATE UTARA, KOTA TERNATE, MALUKU UTARA",3,68,116,184
https://kawalpemilu.org#78079,"SOA SIO, KOTA TERNATE UTARA, KOTA TERNATE, MALUKU UTARA",4,67,139,207
https://kawalpemilu.org#78079,"SOA SIO, KOTA TERNATE UTARA, KOTA TERNATE, MALUKU UTARA",5,40,151,191
https://kawalpemilu.org#78080,"KASTURIAN, KOTA TERNATE UTARA, KOTA TERNATE, MALUKU UTARA",1,47,113,160
https://kawalpemilu.org#78080,"KASTURIAN, KOTA TERNATE UTARA, KOTA TERNATE, MALUKU UTARA",2,39,160,199
https://kawalpemilu.org#78080,"KASTURIAN, KOTA TERNATE UTARA, KOTA TERNATE, MALUKU UTARA",3,57,129,186
https://kawalpemilu.org#78080,"KASTURIAN, KOTA TERNATE UTARA, KOTA TERNATE, MALUKU UTARA",4,39,117,156
https://kawalpemilu.org#78080,"KASTURIAN, KOTA TERNATE UTARA, KOTA TERNATE, MALUKU UTARA",5,58,176,234
https://kawalpemilu.org#78080,"KASTURIAN, KOTA TERNATE UTARA, KOTA TERNATE, MALUKU UTARA",6,55,110,165
https://kawalpemilu.org#78080,"KASTURIAN, KOTA TERNATE UTARA, KOTA TERNATE, MALUKU UTARA",7,48,114,162
https://kawalpemilu.org#78080,"KASTURIAN, KOTA TERNATE UTARA, KOTA TERNATE, MALUKU UTARA",8,64,108,172
https://kawalpemilu.org#78080,"KASTURIAN, KOTA TERNATE UTARA, KOTA TERNATE, MALUKU UTARA",9,58,97,155
https://kawalpemilu.org#78080,"KASTURIAN, KOTA TERNATE UTARA, KOTA TERNATE, MALUKU UTARA",10,81,138,219
https://kawalpemilu.org#78081,"SALERO, KOTA TERNATE UTARA, KOTA TERNATE, MALUKU UTARA",1,43,104,147
https://kawalpemilu.org#78081,"SALERO, KOTA TERNATE UTARA, KOTA TERNATE, MALUKU UTARA",2,47,109,156
https://kawalpemilu.org#78081,"SALERO, KOTA TERNATE UTARA, KOTA TERNATE, MALUKU UTARA",3,40,96,136
https://kawalpemilu.org#78081,"SALERO, KOTA TERNATE UTARA, KOTA TERNATE, MALUKU UTARA",4,43,82,125
https://kawalpemilu.org#78081,"SALERO, KOTA TERNATE UTARA, KOTA TERNATE, MALUKU UTARA",5,39,108,147
https://kawalpemilu.org#78081,"SALERO, KOTA TERNATE UTARA, KOTA TERNATE, MALUKU UTARA",6,56,116,172
https://kawalpemilu.org#78081,"SALERO, KOTA TERNATE UTARA, KOTA TERNATE, MALUKU UTARA",7,30,84,114
https://kawalpemilu.org#78081,"SALERO, KOTA TERNATE UTARA, KOTA TERNATE, MALUKU UTARA",8,46,91,137
https://kawalpemilu.org#78081,"SALERO, KOTA TERNATE UTARA, KOTA TERNATE, MALUKU UTARA",9,40,84,124
https://kawalpemilu.org#78081,"SALERO, KOTA TERNATE UTARA, KOTA TERNATE, MALUKU UTARA",10,46,86,132
https://kawalpemilu.org#78081,"SALERO, KOTA TERNATE UTARA, KOTA TERNATE, MALUKU UTARA",11,36,81,117
https://kawalpemilu.org#78082,"TOBOLEU, KOTA TERNATE UTARA, KOTA TERNATE, MALUKU UTARA",1,60,116,176
https://kawalpemilu.org#78082,"TOBOLEU, KOTA TERNATE UTARA, KOTA TERNATE, MALUKU UTARA",2,58,147,205
https://kawalpemilu.org#78082,"TOBOLEU, KOTA TERNATE UTARA, KOTA TERNATE, MALUKU UTARA",3,45,132,177
https://kawalpemilu.org#78082,"TOBOLEU, KOTA TERNATE UTARA, KOTA TERNATE, MALUKU UTARA",4,28,94,122
https://kawalpemilu.org#78082,"TOBOLEU, KOTA TERNATE UTARA, KOTA TERNATE, MALUKU UTARA",5,35,92,127
https://kawalpemilu.org#78082,"TOBOLEU, KOTA TERNATE UTARA, KOTA TERNATE, MALUKU UTARA",6,27,142,169
https://kawalpemilu.org#78082,"TOBOLEU, KOTA TERNATE UTARA, KOTA TERNATE, MALUKU UTARA",7,44,98,142
https://kawalpemilu.org#78082,"TOBOLEU, KOTA TERNATE UTARA, KOTA TERNATE, MALUKU UTARA",8,60,100,160
https://kawalpemilu.org#78082,"TOBOLEU, KOTA TERNATE UTARA, KOTA TERNATE, MALUKU UTARA",9,37,175,212
https://kawalpemilu.org#78082,"TOBOLEU, KOTA TERNATE UTARA, KOTA TERNATE, MALUKU UTARA",10,58,132,190
https://kawalpemilu.org#78082,"TOBOLEU, KOTA TERNATE UTARA, KOTA TERNATE, MALUKU UTARA",11,29,118,147
https://kawalpemilu.org#78082,"TOBOLEU, KOTA TERNATE UTARA, KOTA TERNATE, MALUKU UTARA",12,20,92,112
https://kawalpemilu.org#78082,"TOBOLEU, KOTA TERNATE UTARA, KOTA TERNATE, MALUKU UTARA",13,34,111,145
https://kawalpemilu.org#78082,"TOBOLEU, KOTA TERNATE UTARA, KOTA TERNATE, MALUKU UTARA",14,31,107,138
https://kawalpemilu.org#78082,"TOBOLEU, KOTA TERNATE UTARA, KOTA TERNATE, MALUKU UTARA",15,32,119,151
https://kawalpemilu.org#78082,"TOBOLEU, KOTA TERNATE UTARA, KOTA TERNATE, MALUKU UTARA",16,35,133,168
https://kawalpemilu.org#78083,"SANGADJI, KOTA TERNATE UTARA, KOTA TERNATE, MALUKU UTARA",1,38,126,164
https://kawalpemilu.org#78083,"SANGADJI, KOTA TERNATE UTARA, KOTA TERNATE, MALUKU UTARA",2,52,140,192
https://kawalpemilu.org#78083,"SANGADJI, KOTA TERNATE UTARA, KOTA TERNATE, MALUKU UTARA",3,23,111,134
https://kawalpemilu.org#78083,"SANGADJI, KOTA TERNATE UTARA, KOTA TERNATE, MALUKU UTARA",4,39,84,123
https://kawalpemilu.org#78083,"SANGADJI, KOTA TERNATE UTARA, KOTA TERNATE, MALUKU UTARA",5,63,111,174
https://kawalpemilu.org#78083,"SANGADJI, KOTA TERNATE UTARA, KOTA TERNATE, MALUKU UTARA",6,75,98,173
https://kawalpemilu.org#78083,"SANGADJI, KOTA TERNATE UTARA, KOTA TERNATE, MALUKU UTARA",7,62,142,204
https://kawalpemilu.org#78083,"SANGADJI, KOTA TERNATE UTARA, KOTA TERNATE, MALUKU UTARA",8,56,109,165
https://kawalpemilu.org#78083,"SANGADJI, KOTA TERNATE UTARA, KOTA TERNATE, MALUKU UTARA",9,37,68,105
https://kawalpemilu.org#78083,"SANGADJI, KOTA TERNATE UTARA, KOTA TERNATE, MALUKU UTARA",10,30,108,138
https://kawalpemilu.org#78083,"SANGADJI, KOTA TERNATE UTARA, KOTA TERNATE, MALUKU UTARA",11,13,152,165
https://kawalpemilu.org#78083,"SANGADJI, KOTA TERNATE UTARA, KOTA TERNATE, MALUKU UTARA",12,40,95,135
https://kawalpemilu.org#78083,"SANGADJI, KOTA TERNATE UTARA, KOTA TERNATE, MALUKU UTARA",13,33,127,160
https://kawalpemilu.org#78083,"SANGADJI, KOTA TERNATE UTARA, KOTA TERNATE, MALUKU UTARA",14,72,114,186
https://kawalpemilu.org#78083,"SANGADJI, KOTA TERNATE UTARA, KOTA TERNATE, MALUKU UTARA",15,37,100,137
https://kawalpemilu.org#78083,"SANGADJI, KOTA TERNATE UTARA, KOTA TERNATE, MALUKU UTARA",16,54,110,164
https://kawalpemilu.org#78083,"SANGADJI, KOTA TERNATE UTARA, KOTA TERNATE, MALUKU UTARA",17,43,90,133
https://kawalpemilu.org#78083,"SANGADJI, KOTA TERNATE UTARA, KOTA TERNATE, MALUKU UTARA",18,40,63,103
https://kawalpemilu.org#78084,"DUFA-DUFA, KOTA TERNATE UTARA, KOTA TERNATE, MALUKU UTARA",1,66,115,181
https://kawalpemilu.org#78084,"DUFA-DUFA, KOTA TERNATE UTARA, KOTA TERNATE, MALUKU UTARA",2,39,118,157
https://kawalpemilu.org#78084,"DUFA-DUFA, KOTA TERNATE UTARA, KOTA TERNATE, MALUKU UTARA",3,53,101,154
https://kawalpemilu.org#78084,"DUFA-DUFA, KOTA TERNATE UTARA, KOTA TERNATE, MALUKU UTARA",4,45,133,178
https://kawalpemilu.org#78084,"DUFA-DUFA, KOTA TERNATE UTARA, KOTA TERNATE, MALUKU UTARA",5,44,110,154
https://kawalpemilu.org#78084,"DUFA-DUFA, KOTA TERNATE UTARA, KOTA TERNATE, MALUKU UTARA",6,57,139,196
https://kawalpemilu.org#78084,"DUFA-DUFA, KOTA TERNATE UTARA, KOTA TERNATE, MALUKU UTARA",7,30,120,150
https://kawalpemilu.org#78084,"DUFA-DUFA, KOTA TERNATE UTARA, KOTA TERNATE, MALUKU UTARA",8,64,199,263
https://kawalpemilu.org#78084,"DUFA-DUFA, KOTA TERNATE UTARA, KOTA TERNATE, MALUKU UTARA",9,70,178,248
https://kawalpemilu.org#78084,"DUFA-DUFA, KOTA TERNATE UTARA, KOTA TERNATE, MALUKU UTARA",10,40,142,182
https://kawalpemilu.org#78084,"DUFA-DUFA, KOTA TERNATE UTARA, KOTA TERNATE, MALUKU UTARA",11,49,107,156
https://kawalpemilu.org#78084,"DUFA-DUFA, KOTA TERNATE UTARA, KOTA TERNATE, MALUKU UTARA",12,39,105,144
https://kawalpemilu.org#78084,"DUFA-DUFA, KOTA TERNATE UTARA, KOTA TERNATE, MALUKU UTARA",13,45,111,156
https://kawalpemilu.org#78084,"DUFA-DUFA, KOTA TERNATE UTARA, KOTA TERNATE, MALUKU UTARA",14,42,86,128
https://kawalpemilu.org#78084,"DUFA-DUFA, KOTA TERNATE UTARA, KOTA TERNATE, MALUKU UTARA",15,35,130,165
https://kawalpemilu.org#78084,"DUFA-DUFA, KOTA TERNATE UTARA, KOTA TERNATE, MALUKU UTARA",16,49,100,149
https://kawalpemilu.org#78085,"TAFURE, KOTA TERNATE UTARA, KOTA TERNATE, MALUKU UTARA",1,49,103,152
https://kawalpemilu.org#78085,"TAFURE, KOTA TERNATE UTARA, KOTA TERNATE, MALUKU UTARA",2,56,118,174
https://kawalpemilu.org#78085,"TAFURE, KOTA TERNATE UTARA, KOTA TERNATE, MALUKU UTARA",3,68,128,196
https://kawalpemilu.org#78085,"TAFURE, KOTA TERNATE UTARA, KOTA TERNATE, MALUKU UTARA",4,35,112,147
https://kawalpemilu.org#78085,"TAFURE, KOTA TERNATE UTARA, KOTA TERNATE, MALUKU UTARA",5,19,97,116
https://kawalpemilu.org#78085,"TAFURE, KOTA TERNATE UTARA, KOTA TERNATE, MALUKU UTARA",6,47,113,160
https://kawalpemilu.org#78085,"TAFURE, KOTA TERNATE UTARA, KOTA TERNATE, MALUKU UTARA",7,35,80,115
https://kawalpemilu.org#78085,"TAFURE, KOTA TERNATE UTARA, KOTA TERNATE, MALUKU UTARA",8,55,136,191
https://kawalpemilu.org#78085,"TAFURE, KOTA TERNATE UTARA, KOTA TERNATE, MALUKU UTARA",9,24,54,78
https://kawalpemilu.org#78085,"TAFURE, KOTA TERNATE UTARA, KOTA TERNATE, MALUKU UTARA",10,38,81,119
https://kawalpemilu.org#78085,"TAFURE, KOTA TERNATE UTARA, KOTA TERNATE, MALUKU UTARA",11,73,89,162
https://kawalpemilu.org#78085,"TAFURE, KOTA TERNATE UTARA, KOTA TERNATE, MALUKU UTARA",12,36,84,120
https://kawalpemilu.org#78085,"TAFURE, KOTA TERNATE UTARA, KOTA TERNATE, MALUKU UTARA",13,14,58,72
https://kawalpemilu.org#78085,"TAFURE, KOTA TERNATE UTARA, KOTA TERNATE, MALUKU UTARA",14,23,77,100
https://kawalpemilu.org#78086,"TABAM, KOTA TERNATE UTARA, KOTA TERNATE, MALUKU UTARA",1,56,94,150
https://kawalpemilu.org#78086,"TABAM, KOTA TERNATE UTARA, KOTA TERNATE, MALUKU UTARA",2,64,77,141
https://kawalpemilu.org#78086,"TABAM, KOTA TERNATE UTARA, KOTA TERNATE, MALUKU UTARA",3,58,90,148
https://kawalpemilu.org#78086,"TABAM, KOTA TERNATE UTARA, KOTA TERNATE, MALUKU UTARA",4,52,89,141
https://kawalpemilu.org#78086,"TABAM, KOTA TERNATE UTARA, KOTA TERNATE, MALUKU UTARA",5,69,77,146
https://kawalpemilu.org#78086,"TABAM, KOTA TERNATE UTARA, KOTA TERNATE, MALUKU UTARA",6,70,101,171
https://kawalpemilu.org#78087,"SANGO, KOTA TERNATE UTARA, KOTA TERNATE, MALUKU UTARA",1,63,113,176
https://kawalpemilu.org#78087,"SANGO, KOTA TERNATE UTARA, KOTA TERNATE, MALUKU UTARA",2,34,128,162
https://kawalpemilu.org#78087,"SANGO, KOTA TERNATE UTARA, KOTA TERNATE, MALUKU UTARA",3,51,161,167
https://kawalpemilu.org#78087,"SANGO, KOTA TERNATE UTARA, KOTA TERNATE, MALUKU UTARA",4,52,99,151
https://kawalpemilu.org#78087,"SANGO, KOTA TERNATE UTARA, KOTA TERNATE, MALUKU UTARA",5,45,112,157
https://kawalpemilu.org#78087,"SANGO, KOTA TERNATE UTARA, KOTA TERNATE, MALUKU UTARA",6,45,140,185
https://kawalpemilu.org#78088,"TARAU, KOTA TERNATE UTARA, KOTA TERNATE, MALUKU UTARA",1,94,101,195
https://kawalpemilu.org#78088,"TARAU, KOTA TERNATE UTARA, KOTA TERNATE, MALUKU UTARA",2,78,117,195
https://kawalpemilu.org#78088,"TARAU, KOTA TERNATE UTARA, KOTA TERNATE, MALUKU UTARA",3,70,118,188
https://kawalpemilu.org#78088,"TARAU, KOTA TERNATE UTARA, KOTA TERNATE, MALUKU UTARA",4,91,81,172
https://kawalpemilu.org#78089,"SANGAJI UTARA, KOTA TERNATE UTARA, KOTA TERNATE, MALUKU UTARA",1,53,162,215
https://kawalpemilu.org#78089,"SANGAJI UTARA, KOTA TERNATE UTARA, KOTA TERNATE, MALUKU UTARA",2,43,188,231
https://kawalpemilu.org#78089,"SANGAJI UTARA, KOTA TERNATE UTARA, KOTA TERNATE, MALUKU UTARA",3,22,124,146
https://kawalpemilu.org#78089,"SANGAJI UTARA, KOTA TERNATE UTARA, KOTA TERNATE, MALUKU UTARA",4,47,118,165
https://kawalpemilu.org#78089,"SANGAJI UTARA, KOTA TERNATE UTARA, KOTA TERNATE, MALUKU UTARA",5,65,135,200
https://kawalpemilu.org#78089,"SANGAJI UTARA, KOTA TERNATE UTARA, KOTA TERNATE, MALUKU UTARA",6,33,164,197
https://kawalpemilu.org#78089,"SANGAJI UTARA, KOTA TERNATE UTARA, KOTA TERNATE, MALUKU UTARA",7,24,105,129
https://kawalpemilu.org#78089,"SANGAJI UTARA, KOTA TERNATE UTARA, KOTA TERNATE, MALUKU UTARA",8,43,138,181
https://kawalpemilu.org#78089,"SANGAJI UTARA, KOTA TERNATE UTARA, KOTA TERNATE, MALUKU UTARA",9,22,106,128
https://kawalpemilu.org#78089,"SANGAJI UTARA, KOTA TERNATE UTARA, KOTA TERNATE, MALUKU UTARA",10,36,110,146
https://kawalpemilu.org#78089,"SANGAJI UTARA, KOTA TERNATE UTARA, KOTA TERNATE, MALUKU UTARA",11,37,115,152
https://kawalpemilu.org#78089,"SANGAJI UTARA, KOTA TERNATE UTARA, KOTA TERNATE, MALUKU UTARA",12,27,81,108
https://kawalpemilu.org#78089,"SANGAJI UTARA, KOTA TERNATE UTARA, KOTA TERNATE, MALUKU UTARA",13,25,89,114
https://kawalpemilu.org#78090,"AKEHUDA, KOTA TERNATE UTARA, KOTA TERNATE, MALUKU UTARA",1,51,117,168
https://kawalpemilu.org#78090,"AKEHUDA, KOTA TERNATE UTARA, KOTA TERNATE, MALUKU UTARA",2,27,131,158
https://kawalpemilu.org#78090,"AKEHUDA, KOTA TERNATE UTARA, KOTA TERNATE, MALUKU UTARA",3,61,94,155
https://kawalpemilu.org#78090,"AKEHUDA, KOTA TERNATE UTARA, KOTA TERNATE, MALUKU UTARA",4,75,104,179
https://kawalpemilu.org#78090,"AKEHUDA, KOTA TERNATE UTARA, KOTA TERNATE, MALUKU UTARA",5,55,135,190
https://kawalpemilu.org#78090,"AKEHUDA, KOTA TERNATE UTARA, KOTA TERNATE, MALUKU UTARA",6,60,92,152
https://kawalpemilu.org#78090,"AKEHUDA, KOTA TERNATE UTARA, KOTA TERNATE, MALUKU UTARA",7,42,102,144
https://kawalpemilu.org#78090,"AKEHUDA, KOTA TERNATE UTARA, KOTA TERNATE, MALUKU UTARA",8,58,72,130
https://kawalpemilu.org#78090,"AKEHUDA, KOTA TERNATE UTARA, KOTA TERNATE, MALUKU UTARA",9,58,75,133
https://kawalpemilu.org#78090,"AKEHUDA, KOTA TERNATE UTARA, KOTA TERNATE, MALUKU UTARA",10,29,66,95
https://kawalpemilu.org#78090,"AKEHUDA, KOTA TERNATE UTARA, KOTA TERNATE, MALUKU UTARA",11,44,67,111
https://kawalpemilu.org#78090,"AKEHUDA, KOTA TERNATE UTARA, KOTA TERNATE, MALUKU UTARA",12,38,91,129
https://kawalpemilu.org#78091,"TUBO, KOTA TERNATE UTARA, KOTA TERNATE, MALUKU UTARA",1,48,100,148
https://kawalpemilu.org#78091,"TUBO, KOTA TERNATE UTARA, KOTA TERNATE, MALUKU UTARA",2,49,139,188
https://kawalpemilu.org#78091,"TUBO, KOTA TERNATE UTARA, KOTA TERNATE, MALUKU UTARA",3,54,109,163
https://kawalpemilu.org#78091,"TUBO, KOTA TERNATE UTARA, KOTA TERNATE, MALUKU UTARA",4,49,126,175
https://kawalpemilu.org#78091,"TUBO, KOTA TERNATE UTARA, KOTA TERNATE, MALUKU UTARA",5,48,118,166
https://kawalpemilu.org#78091,"TUBO, KOTA TERNATE UTARA, KOTA TERNATE, MALUKU UTARA",6,70,109,179
https://kawalpemilu.org#78091,"TUBO, KOTA TERNATE UTARA, KOTA TERNATE, MALUKU UTARA",7,46,132,178
https://kawalpemilu.org#78093,"TAKOFI, PULAU MOTI, KOTA TERNATE, MALUKU UTARA",1,11,134,145
https://kawalpemilu.org#78093,"TAKOFI, PULAU MOTI, KOTA TERNATE, MALUKU UTARA",2,14,141,155
https://kawalpemilu.org#78093,"TAKOFI, PULAU MOTI, KOTA TERNATE, MALUKU UTARA",3,12,127,139
https://kawalpemilu.org#78094,"MOTI KOTA, PULAU MOTI, KOTA TERNATE, MALUKU UTARA",1,29,152,181
https://kawalpemilu.org#78094,"MOTI KOTA, PULAU MOTI, KOTA TERNATE, MALUKU UTARA",2,45,130,175
https://kawalpemilu.org#78094,"MOTI KOTA, PULAU MOTI, KOTA TERNATE, MALUKU UTARA",3,34,143,177
https://kawalpemilu.org#78094,"MOTI KOTA, PULAU MOTI, KOTA TERNATE, MALUKU UTARA",4,37,150,187
https://kawalpemilu.org#78095,"TAFAMUTU, PULAU MOTI, KOTA TERNATE, MALUKU UTARA",1,17,164,181
https://kawalpemilu.org#78095,"TAFAMUTU, PULAU MOTI, KOTA TERNATE, MALUKU UTARA",2,14,176,190
https://kawalpemilu.org#78095,"TAFAMUTU, PULAU MOTI, KOTA TERNATE, MALUKU UTARA",3,19,182,201
https://kawalpemilu.org#78096,"TAFAGA, PULAU MOTI, KOTA TERNATE, MALUKU UTARA",1,10,198,208
https://kawalpemilu.org#78096,"TAFAGA, PULAU MOTI, KOTA TERNATE, MALUKU UTARA",2,16,185,201
https://kawalpemilu.org#78097,"FIGUR, PULAU MOTI, KOTA TERNATE, MALUKU UTARA",1,65,122,187
https://kawalpemilu.org#78097,"FIGUR, PULAU MOTI, KOTA TERNATE, MALUKU UTARA",2,24,116,140
https://kawalpemilu.org#78098,"TADENAS, PULAU MOTI, KOTA TERNATE, MALUKU UTARA",1,35,102,137
https://kawalpemilu.org#78098,"TADENAS, PULAU MOTI, KOTA TERNATE, MALUKU UTARA",2,16,112,128
https://kawalpemilu.org#78100,"MAYAU, PULAU BATANG DUA, KOTA TERNATE, MALUKU UTARA",1,147,13,160
https://kawalpemilu.org#78100,"MAYAU, PULAU BATANG DUA, KOTA TERNATE, MALUKU UTARA",2,154,9,163
https://kawalpemilu.org#78100,"MAYAU, PULAU BATANG DUA, KOTA TERNATE, MALUKU UTARA",3,119,3,122
https://kawalpemilu.org#78100,"MAYAU, PULAU BATANG DUA, KOTA TERNATE, MALUKU UTARA",4,104,2,106
https://kawalpemilu.org#78101,"TIFURE, PULAU BATANG DUA, KOTA TERNATE, MALUKU UTARA",1,146,33,179
https://kawalpemilu.org#78101,"TIFURE, PULAU BATANG DUA, KOTA TERNATE, MALUKU UTARA",2,103,17,120
https://kawalpemilu.org#78102,"LELEWI, PULAU BATANG DUA, KOTA TERNATE, MALUKU UTARA",1,169,7,176
https://kawalpemilu.org#78102,"LELEWI, PULAU BATANG DUA, KOTA TERNATE, MALUKU UTARA",2,113,3,116
https://kawalpemilu.org#78103,"BIDO, PULAU BATANG DUA, KOTA TERNATE, MALUKU UTARA",1,251,3,254
https://kawalpemilu.org#78104,"PANTE SAGU, PULAU BATANG DUA, KOTA TERNATE, MALUKU UTARA",1,125,2,127
https://kawalpemilu.org#78105,"PERUM BERSATU, PULAU BATANG DUA, KOTA TERNATE, MALUKU UTARA",1,66,5,71
https://kawalpemilu.org#78107,"TAKOMA, KOTA TERNATE TENGAH, KOTA TERNATE, MALUKU UTARA",1,63,125,188
https://kawalpemilu.org#78107,"TAKOMA, KOTA TERNATE TENGAH, KOTA TERNATE, MALUKU UTARA",2,48,86,134
https://kawalpemilu.org#78107,"TAKOMA, KOTA TERNATE TENGAH, KOTA TERNATE, MALUKU UTARA",3,59,97,156
https://kawalpemilu.org#78107,"TAKOMA, KOTA TERNATE TENGAH, KOTA TERNATE, MALUKU UTARA",4,68,127,195
https://kawalpemilu.org#78107,"TAKOMA, KOTA TERNATE TENGAH, KOTA TERNATE, MALUKU UTARA",5,60,92,152
https://kawalpemilu.org#78107,"TAKOMA, KOTA TERNATE TENGAH, KOTA TERNATE, MALUKU UTARA",6,83,58,141
https://kawalpemilu.org#78108,"TANAH RAJA, KOTA TERNATE TENGAH, KOTA TERNATE, MALUKU UTARA",1,59,101,160
https://kawalpemilu.org#78108,"TANAH RAJA, KOTA TERNATE TENGAH, KOTA TERNATE, MALUKU UTARA",2,55,81,136
https://kawalpemilu.org#78108,"TANAH RAJA, KOTA TERNATE TENGAH, KOTA TERNATE, MALUKU UTARA",3,98,85,183
https://kawalpemilu.org#78108,"TANAH RAJA, KOTA TERNATE TENGAH, KOTA TERNATE, MALUKU UTARA",4,70,48,118
https://kawalpemilu.org#78109,"MUHAJIRIN, KOTA TERNATE TENGAH, KOTA TERNATE, MALUKU UTARA",1,67,97,164
https://kawalpemilu.org#78109,"MUHAJIRIN, KOTA TERNATE TENGAH, KOTA TERNATE, MALUKU UTARA",2,58,105,163
https://kawalpemilu.org#78109,"MUHAJIRIN, KOTA TERNATE TENGAH, KOTA TERNATE, MALUKU UTARA",3,44,160,204
https://kawalpemilu.org#78109,"MUHAJIRIN, KOTA TERNATE TENGAH, KOTA TERNATE, MALUKU UTARA",4,98,48,146
https://kawalpemilu.org#78109,"MUHAJIRIN, KOTA TERNATE TENGAH, KOTA TERNATE, MALUKU UTARA",5,73,92,165
https://kawalpemilu.org#78109,"MUHAJIRIN, KOTA TERNATE TENGAH, KOTA TERNATE, MALUKU UTARA",6,4,31,35
https://kawalpemilu.org#78110,"STADION, KOTA TERNATE TENGAH, KOTA TERNATE, MALUKU UTARA",1,73,113,186
https://kawalpemilu.org#78110,"STADION, KOTA TERNATE TENGAH, KOTA TERNATE, MALUKU UTARA",2,120,84,204
https://kawalpemilu.org#78110,"STADION, KOTA TERNATE TENGAH, KOTA TERNATE, MALUKU UTARA",3,67,87,154
https://kawalpemilu.org#78110,"STADION, KOTA TERNATE TENGAH, KOTA TERNATE, MALUKU UTARA",4,78,83,161
https://kawalpemilu.org#78111,"MALIARO, KOTA TERNATE TENGAH, KOTA TERNATE, MALUKU UTARA",1,58,107,165
https://kawalpemilu.org#78111,"MALIARO, KOTA TERNATE TENGAH, KOTA TERNATE, MALUKU UTARA",2,62,107,169
https://kawalpemilu.org#78111,"MALIARO, KOTA TERNATE TENGAH, KOTA TERNATE, MALUKU UTARA",3,64,143,207
https://kawalpemilu.org#78111,"MALIARO, KOTA TERNATE TENGAH, KOTA TERNATE, MALUKU UTARA",4,51,109,160
https://kawalpemilu.org#78111,"MALIARO, KOTA TERNATE TENGAH, KOTA TERNATE, MALUKU UTARA",5,71,155,226
https://kawalpemilu.org#78111,"MALIARO, KOTA TERNATE TENGAH, KOTA TERNATE, MALUKU UTARA",6,52,128,180
https://kawalpemilu.org#78111,"MALIARO, KOTA TERNATE TENGAH, KOTA TERNATE, MALUKU UTARA",7,63,173,236
https://kawalpemilu.org#78111,"MALIARO, KOTA TERNATE TENGAH, KOTA TERNATE, MALUKU UTARA",8,37,119,156
https://kawalpemilu.org#78111,"MALIARO, KOTA TERNATE TENGAH, KOTA TERNATE, MALUKU UTARA",9,36,129,165
https://kawalpemilu.org#78111,"MALIARO, KOTA TERNATE TENGAH, KOTA TERNATE, MALUKU UTARA",10,60,116,176
https://kawalpemilu.org#78111,"MALIARO, KOTA TERNATE TENGAH, KOTA TERNATE, MALUKU UTARA",11,71,146,217
https://kawalpemilu.org#78111,"MALIARO, KOTA TERNATE TENGAH, KOTA TERNATE, MALUKU UTARA",12,49,106,155
https://kawalpemilu.org#78111,"MALIARO, KOTA TERNATE TENGAH, KOTA TERNATE, MALUKU UTARA",13,38,68,106
https://kawalpemilu.org#78111,"MALIARO, KOTA TERNATE TENGAH, KOTA TERNATE, MALUKU UTARA",14,54,125,179
https://kawalpemilu.org#78111,"MALIARO, KOTA TERNATE TENGAH, KOTA TERNATE, MALUKU UTARA",15,53,101,154
https://kawalpemilu.org#78111,"MALIARO, KOTA TERNATE TENGAH, KOTA TERNATE, MALUKU UTARA",16,72,96,168
https://kawalpemilu.org#78111,"MALIARO, KOTA TERNATE TENGAH, KOTA TERNATE, MALUKU UTARA",17,52,96,148
https://kawalpemilu.org#78111,"MALIARO, KOTA TERNATE TENGAH, KOTA TERNATE, MALUKU UTARA",18,41,108,149
https://kawalpemilu.org#78111,"MALIARO, KOTA TERNATE TENGAH, KOTA TERNATE, MALUKU UTARA",19,38,102,140
https://kawalpemilu.org#78111,"MALIARO, KOTA TERNATE TENGAH, KOTA TERNATE, MALUKU UTARA",20,35,128,163
https://kawalpemilu.org#78111,"MALIARO, KOTA TERNATE TENGAH, KOTA TERNATE, MALUKU UTARA",21,23,118,141
https://kawalpemilu.org#78111,"MALIARO, KOTA TERNATE TENGAH, KOTA TERNATE, MALUKU UTARA",22,46,104,150
https://kawalpemilu.org#78111,"MALIARO, KOTA TERNATE TENGAH, KOTA TERNATE, MALUKU UTARA",23,46,134,180
https://kawalpemilu.org#78112,"KAMPUNG PISANG, KOTA TERNATE TENGAH, KOTA TERNATE, MALUKU UTARA",1,51,128,179
https://kawalpemilu.org#78112,"KAMPUNG PISANG, KOTA TERNATE TENGAH, KOTA TERNATE, MALUKU UTARA",2,40,134,174
https://kawalpemilu.org#78112,"KAMPUNG PISANG, KOTA TERNATE TENGAH, KOTA TERNATE, MALUKU UTARA",3,44,109,153
https://kawalpemilu.org#78112,"KAMPUNG PISANG, KOTA TERNATE TENGAH, KOTA TERNATE, MALUKU UTARA",4,91,118,209
https://kawalpemilu.org#78112,"KAMPUNG PISANG, KOTA TERNATE TENGAH, KOTA TERNATE, MALUKU UTARA",5,59,120,179
https://kawalpemilu.org#78112,"KAMPUNG PISANG, KOTA TERNATE TENGAH, KOTA TERNATE, MALUKU UTARA",6,39,117,156
https://kawalpemilu.org#78112,"KAMPUNG PISANG, KOTA TERNATE TENGAH, KOTA TERNATE, MALUKU UTARA",7,56,112,168
https://kawalpemilu.org#78113,"MARIKURUBU, KOTA TERNATE TENGAH, KOTA TERNATE, MALUKU UTARA",1,66,157,223
https://kawalpemilu.org#78113,"MARIKURUBU, KOTA TERNATE TENGAH, KOTA TERNATE, MALUKU UTARA",2,46,177,223
https://kawalpemilu.org#78113,"MARIKURUBU, KOTA TERNATE TENGAH, KOTA TERNATE, MALUKU UTARA",3,38,110,148
https://kawalpemilu.org#78113,"MARIKURUBU, KOTA TERNATE TENGAH, KOTA TERNATE, MALUKU UTARA",4,58,155,213
https://kawalpemilu.org#78113,"MARIKURUBU, KOTA TERNATE TENGAH, KOTA TERNATE, MALUKU UTARA",5,34,146,180
https://kawalpemilu.org#78113,"MARIKURUBU, KOTA TERNATE TENGAH, KOTA TERNATE, MALUKU UTARA",6,46,148,194
https://kawalpemilu.org#78113,"MARIKURUBU, KOTA TERNATE TENGAH, KOTA TERNATE, MALUKU UTARA",7,47,202,249
https://kawalpemilu.org#78113,"MARIKURUBU, KOTA TERNATE TENGAH, KOTA TERNATE, MALUKU UTARA",8,82,140,222
https://kawalpemilu.org#78113,"MARIKURUBU, KOTA TERNATE TENGAH, KOTA TERNATE, MALUKU UTARA",9,42,161,203
https://kawalpemilu.org#78113,"MARIKURUBU, KOTA TERNATE TENGAH, KOTA TERNATE, MALUKU UTARA",10,42,90,132
https://kawalpemilu.org#78113,"MARIKURUBU, KOTA TERNATE TENGAH, KOTA TERNATE, MALUKU UTARA",11,67,140,207
https://kawalpemilu.org#78113,"MARIKURUBU, KOTA TERNATE TENGAH, KOTA TERNATE, MALUKU UTARA",12,82,136,218
https://kawalpemilu.org#78113,"MARIKURUBU, KOTA TERNATE TENGAH, KOTA TERNATE, MALUKU UTARA",13,53,133,186
https://kawalpemilu.org#78113,"MARIKURUBU, KOTA TERNATE TENGAH, KOTA TERNATE, MALUKU UTARA",14,39,122,161
https://kawalpemilu.org#78113,"MARIKURUBU, KOTA TERNATE TENGAH, KOTA TERNATE, MALUKU UTARA",15,46,138,184
https://kawalpemilu.org#78113,"MARIKURUBU, KOTA TERNATE TENGAH, KOTA TERNATE, MALUKU UTARA",16,46,126,172
https://kawalpemilu.org#78113,"MARIKURUBU, KOTA TERNATE TENGAH, KOTA TERNATE, MALUKU UTARA",17,26,193,219
https://kawalpemilu.org#78114,"KOTA BARU, KOTA TERNATE TENGAH, KOTA TERNATE, MALUKU UTARA",1,111,99,210
https://kawalpemilu.org#78114,"KOTA BARU, KOTA TERNATE TENGAH, KOTA TERNATE, MALUKU UTARA",2,64,149,213
https://kawalpemilu.org#78114,"KOTA BARU, KOTA TERNATE TENGAH, KOTA TERNATE, MALUKU UTARA",3,103,159,262
https://kawalpemilu.org#78114,"KOTA BARU, KOTA TERNATE TENGAH, KOTA TERNATE, MALUKU UTARA",4,32,78,110
https://kawalpemilu.org#78114,"KOTA BARU, KOTA TERNATE TENGAH, KOTA TERNATE, MALUKU UTARA",5,56,142,198
https://kawalpemilu.org#78114,"KOTA BARU, KOTA TERNATE TENGAH, KOTA TERNATE, MALUKU UTARA",6,34,137,171
https://kawalpemilu.org#78114,"KOTA BARU, KOTA TERNATE TENGAH, KOTA TERNATE, MALUKU UTARA",7,39,93,132
https://kawalpemilu.org#78114,"KOTA BARU, KOTA TERNATE TENGAH, KOTA TERNATE, MALUKU UTARA",8,48,99,147
https://kawalpemilu.org#78114,"KOTA BARU, KOTA TERNATE TENGAH, KOTA TERNATE, MALUKU UTARA",9,45,150,195
https://kawalpemilu.org#78115,"GAMALAMA, KOTA TERNATE TENGAH, KOTA TERNATE, MALUKU UTARA",1,45,67,112
https://kawalpemilu.org#78115,"GAMALAMA, KOTA TERNATE TENGAH, KOTA TERNATE, MALUKU UTARA",2,100,66,166
https://kawalpemilu.org#78115,"GAMALAMA, KOTA TERNATE TENGAH, KOTA TERNATE, MALUKU UTARA",3,48,42,90
https://kawalpemilu.org#78115,"GAMALAMA, KOTA TERNATE TENGAH, KOTA TERNATE, MALUKU UTARA",4,58,80,138
https://kawalpemilu.org#78115,"GAMALAMA, KOTA TERNATE TENGAH, KOTA TERNATE, MALUKU UTARA",5,40,58,98
https://kawalpemilu.org#78115,"GAMALAMA, KOTA TERNATE TENGAH, KOTA TERNATE, MALUKU UTARA",6,80,35,115
https://kawalpemilu.org#78115,"GAMALAMA, KOTA TERNATE TENGAH, KOTA TERNATE, MALUKU UTARA",7,76,68,144
https://kawalpemilu.org#78115,"GAMALAMA, KOTA TERNATE TENGAH, KOTA TERNATE, MALUKU UTARA",8,44,59,103
https://kawalpemilu.org#78115,"GAMALAMA, KOTA TERNATE TENGAH, KOTA TERNATE, MALUKU UTARA",9,66,78,144
https://kawalpemilu.org#78115,"GAMALAMA, KOTA TERNATE TENGAH, KOTA TERNATE, MALUKU UTARA",10,68,77,145
https://kawalpemilu.org#78116,"KALUMPANG, KOTA TERNATE TENGAH, KOTA TERNATE, MALUKU UTARA",1,137,120,257
https://kawalpemilu.org#78116,"KALUMPANG, KOTA TERNATE TENGAH, KOTA TERNATE, MALUKU UTARA",2,77,104,181
https://kawalpemilu.org#78116,"KALUMPANG, KOTA TERNATE TENGAH, KOTA TERNATE, MALUKU UTARA",3,47,148,195
https://kawalpemilu.org#78116,"KALUMPANG, KOTA TERNATE TENGAH, KOTA TERNATE, MALUKU UTARA",4,80,70,150
https://kawalpemilu.org#78116,"KALUMPANG, KOTA TERNATE TENGAH, KOTA TERNATE, MALUKU UTARA",5,53,95,148
https://kawalpemilu.org#78116,"KALUMPANG, KOTA TERNATE TENGAH, KOTA TERNATE, MALUKU UTARA",6,92,134,226
https://kawalpemilu.org#78116,"KALUMPANG, KOTA TERNATE TENGAH, KOTA TERNATE, MALUKU UTARA",7,70,121,191
https://kawalpemilu.org#78116,"KALUMPANG, KOTA TERNATE TENGAH, KOTA TERNATE, MALUKU UTARA",8,73,128,201
https://kawalpemilu.org#78116,"KALUMPANG, KOTA TERNATE TENGAH, KOTA TERNATE, MALUKU UTARA",9,60,64,124
https://kawalpemilu.org#78116,"KALUMPANG, KOTA TERNATE TENGAH, KOTA TERNATE, MALUKU UTARA",10,53,96,149
https://kawalpemilu.org#78116,"KALUMPANG, KOTA TERNATE TENGAH, KOTA TERNATE, MALUKU UTARA",11,51,100,151
https://kawalpemilu.org#78116,"KALUMPANG, KOTA TERNATE TENGAH, KOTA TERNATE, MALUKU UTARA",12,62,112,174
https://kawalpemilu.org#78117,"MOYA, KOTA TERNATE TENGAH, KOTA TERNATE, MALUKU UTARA",1,30,143,173
https://kawalpemilu.org#78117,"MOYA, KOTA TERNATE TENGAH, KOTA TERNATE, MALUKU UTARA",2,47,182,229
https://kawalpemilu.org#78117,"MOYA, KOTA TERNATE TENGAH, KOTA TERNATE, MALUKU UTARA",3,42,196,238
https://kawalpemilu.org#78117,"MOYA, KOTA TERNATE TENGAH, KOTA TERNATE, MALUKU UTARA",4,29,121,150
https://kawalpemilu.org#78117,"MOYA, KOTA TERNATE TENGAH, KOTA TERNATE, MALUKU UTARA",5,65,136,201
https://kawalpemilu.org#78117,"MOYA, KOTA TERNATE TENGAH, KOTA TERNATE, MALUKU UTARA",6,66,178,244
https://kawalpemilu.org#78118,"SANTIONG, KOTA TERNATE TENGAH, KOTA TERNATE, MALUKU UTARA",1,60,128,188
https://kawalpemilu.org#78118,"SANTIONG, KOTA TERNATE TENGAH, KOTA TERNATE, MALUKU UTARA",2,40,124,164
https://kawalpemilu.org#78118,"SANTIONG, KOTA TERNATE TENGAH, KOTA TERNATE, MALUKU UTARA",3,65,112,177
https://kawalpemilu.org#78118,"SANTIONG, KOTA TERNATE TENGAH, KOTA TERNATE, MALUKU UTARA",4,47,107,154
https://kawalpemilu.org#78118,"SANTIONG, KOTA TERNATE TENGAH, KOTA TERNATE, MALUKU UTARA",5,69,129,198
https://kawalpemilu.org#78118,"SANTIONG, KOTA TERNATE TENGAH, KOTA TERNATE, MALUKU UTARA",6,54,112,166
https://kawalpemilu.org#78118,"SANTIONG, KOTA TERNATE TENGAH, KOTA TERNATE, MALUKU UTARA",7,55,77,132
https://kawalpemilu.org#78118,"SANTIONG, KOTA TERNATE TENGAH, KOTA TERNATE, MALUKU UTARA",8,103,122,225
https://kawalpemilu.org#78118,"SANTIONG, KOTA TERNATE TENGAH, KOTA TERNATE, MALUKU UTARA",9,51,134,185
https://kawalpemilu.org#78118,"SANTIONG, KOTA TERNATE TENGAH, KOTA TERNATE, MALUKU UTARA",10,47,95,142
https://kawalpemilu.org#78118,"SANTIONG, KOTA TERNATE TENGAH, KOTA TERNATE, MALUKU UTARA",11,28,111,139
https://kawalpemilu.org#78118,"SANTIONG, KOTA TERNATE TENGAH, KOTA TERNATE, MALUKU UTARA",12,38,113,151
https://kawalpemilu.org#78119,"MAKASSAR BARAT, KOTA TERNATE TENGAH, KOTA TERNATE, MALUKU UTARA",1,71,114,185
https://kawalpemilu.org#78119,"MAKASSAR BARAT, KOTA TERNATE TENGAH, KOTA TERNATE, MALUKU UTARA",2,73,116,189
https://kawalpemilu.org#78119,"MAKASSAR BARAT, KOTA TERNATE TENGAH, KOTA TERNATE, MALUKU UTARA",3,34,124,158
https://kawalpemilu.org#78119,"MAKASSAR BARAT, KOTA TERNATE TENGAH, KOTA TERNATE, MALUKU UTARA",4,49,124,173
https://kawalpemilu.org#78119,"MAKASSAR BARAT, KOTA TERNATE TENGAH, KOTA TERNATE, MALUKU UTARA",5,86,135,221
https://kawalpemilu.org#78119,"MAKASSAR BARAT, KOTA TERNATE TENGAH, KOTA TERNATE, MALUKU UTARA",6,68,179,247
https://kawalpemilu.org#78119,"MAKASSAR BARAT, KOTA TERNATE TENGAH, KOTA TERNATE, MALUKU UTARA",7,54,86,140
https://kawalpemilu.org#78119,"MAKASSAR BARAT, KOTA TERNATE TENGAH, KOTA TERNATE, MALUKU UTARA",8,45,106,151
https://kawalpemilu.org#78119,"MAKASSAR BARAT, KOTA TERNATE TENGAH, KOTA TERNATE, MALUKU UTARA",9,32,86,118
https://kawalpemilu.org#78119,"MAKASSAR BARAT, KOTA TERNATE TENGAH, KOTA TERNATE, MALUKU UTARA",10,56,104,160
https://kawalpemilu.org#78119,"MAKASSAR BARAT, KOTA TERNATE TENGAH, KOTA TERNATE, MALUKU UTARA",11,57,130,187
https://kawalpemilu.org#78119,"MAKASSAR BARAT, KOTA TERNATE TENGAH, KOTA TERNATE, MALUKU UTARA",12,73,121,194
https://kawalpemilu.org#78119,"MAKASSAR BARAT, KOTA TERNATE TENGAH, KOTA TERNATE, MALUKU UTARA",13,71,176,247
https://kawalpemilu.org#78120,"MAKASSAR TIMUR, KOTA TERNATE TENGAH, KOTA TERNATE, MALUKU UTARA",1,66,124,190
https://kawalpemilu.org#78120,"MAKASSAR TIMUR, KOTA TERNATE TENGAH, KOTA TERNATE, MALUKU UTARA",2,30,40,70
https://kawalpemilu.org#78120,"MAKASSAR TIMUR, KOTA TERNATE TENGAH, KOTA TERNATE, MALUKU UTARA",3,52,78,130
https://kawalpemilu.org#78120,"MAKASSAR TIMUR, KOTA TERNATE TENGAH, KOTA TERNATE, MALUKU UTARA",4,28,64,92
https://kawalpemilu.org#78120,"MAKASSAR TIMUR, KOTA TERNATE TENGAH, KOTA TERNATE, MALUKU UTARA",5,61,121,182
https://kawalpemilu.org#78120,"MAKASSAR TIMUR, KOTA TERNATE TENGAH, KOTA TERNATE, MALUKU UTARA",6,69,151,220
https://kawalpemilu.org#78120,"MAKASSAR TIMUR, KOTA TERNATE TENGAH, KOTA TERNATE, MALUKU UTARA",7,79,157,236
https://kawalpemilu.org#78120,"MAKASSAR TIMUR, KOTA TERNATE TENGAH, KOTA TERNATE, MALUKU UTARA",8,62,97,159
https://kawalpemilu.org#78120,"MAKASSAR TIMUR, KOTA TERNATE TENGAH, KOTA TERNATE, MALUKU UTARA",9,47,86,133
https://kawalpemilu.org#78120,"MAKASSAR TIMUR, KOTA TERNATE TENGAH, KOTA TERNATE, MALUKU UTARA",10,54,64,118
https://kawalpemilu.org#78120,"MAKASSAR TIMUR, KOTA TERNATE TENGAH, KOTA TERNATE, MALUKU UTARA",11,37,59,96
https://kawalpemilu.org#78120,"MAKASSAR TIMUR, KOTA TERNATE TENGAH, KOTA TERNATE, MALUKU UTARA",12,66,132,198
https://kawalpemilu.org#78120,"MAKASSAR TIMUR, KOTA TERNATE TENGAH, KOTA TERNATE, MALUKU UTARA",13,33,97,130
https://kawalpemilu.org#78120,"MAKASSAR TIMUR, KOTA TERNATE TENGAH, KOTA TERNATE, MALUKU UTARA",14,57,108,165
https://kawalpemilu.org#78120,"MAKASSAR TIMUR, KOTA TERNATE TENGAH, KOTA TERNATE, MALUKU UTARA",15,82,142,224
https://kawalpemilu.org#78120,"MAKASSAR TIMUR, KOTA TERNATE TENGAH, KOTA TERNATE, MALUKU UTARA",16,46,109,155
https://kawalpemilu.org#78120,"MAKASSAR TIMUR, KOTA TERNATE TENGAH, KOTA TERNATE, MALUKU UTARA",17,75,145,220
https://kawalpemilu.org#78120,"MAKASSAR TIMUR, KOTA TERNATE TENGAH, KOTA TERNATE, MALUKU UTARA",18,53,80,133
https://kawalpemilu.org#78120,"MAKASSAR TIMUR, KOTA TERNATE TENGAH, KOTA TERNATE, MALUKU UTARA",19,95,88,183
https://kawalpemilu.org#78120,"MAKASSAR TIMUR, KOTA TERNATE TENGAH, KOTA TERNATE, MALUKU UTARA",20,60,125,185
https://kawalpemilu.org#78121,"SALAHUDDIN, KOTA TERNATE TENGAH, KOTA TERNATE, MALUKU UTARA",1,60,161,221
https://kawalpemilu.org#78121,"SALAHUDDIN, KOTA TERNATE TENGAH, KOTA TERNATE, MALUKU UTARA",2,51,118,169
https://kawalpemilu.org#78121,"SALAHUDDIN, KOTA TERNATE TENGAH, KOTA TERNATE, MALUKU UTARA",3,91,163,254
https://kawalpemilu.org#78121,"SALAHUDDIN, KOTA TERNATE TENGAH, KOTA TERNATE, MALUKU UTARA",4,46,112,158
https://kawalpemilu.org#78121,"SALAHUDDIN, KOTA TERNATE TENGAH, KOTA TERNATE, MALUKU UTARA",5,77,225,302
https://kawalpemilu.org#78121,"SALAHUDDIN, KOTA TERNATE TENGAH, KOTA TERNATE, MALUKU UTARA",6,68,193,261
https://kawalpemilu.org#78121,"SALAHUDDIN, KOTA TERNATE TENGAH, KOTA TERNATE, MALUKU UTARA",7,38,179,217
https://kawalpemilu.org#78121,"SALAHUDDIN, KOTA TERNATE TENGAH, KOTA TERNATE, MALUKU UTARA",8,35,138,173
https://kawalpemilu.org#78121,"SALAHUDDIN, KOTA TERNATE TENGAH, KOTA TERNATE, MALUKU UTARA",9,57,118,175
https://kawalpemilu.org#78121,"SALAHUDDIN, KOTA TERNATE TENGAH, KOTA TERNATE, MALUKU UTARA",10,83,163,246
https://kawalpemilu.org#78121,"SALAHUDDIN, KOTA TERNATE TENGAH, KOTA TERNATE, MALUKU UTARA",11,58,100,158
https://kawalpemilu.org#78121,"SALAHUDDIN, KOTA TERNATE TENGAH, KOTA TERNATE, MALUKU UTARA",12,75,136,211
https://kawalpemilu.org#78054,"DORARI ISA, PULAU HIRI, KOTA TERNATE, MALUKU UTARA",1,85,112,197
https://kawalpemilu.org#78054,"DORARI ISA, PULAU HIRI, KOTA TERNATE, MALUKU UTARA",2,64,52,116
https://kawalpemilu.org#78055,"TOGOLOBE, PULAU HIRI, KOTA TERNATE, MALUKU UTARA",1,95,93,188
https://kawalpemilu.org#78055,"TOGOLOBE, PULAU HIRI, KOTA TERNATE, MALUKU UTARA",2,45,67,112
https://kawalpemilu.org#78056,"FAUDU, PULAU HIRI, KOTA TERNATE, MALUKU UTARA",1,28,166,194
https://kawalpemilu.org#78056,"FAUDU, PULAU HIRI, KOTA TERNATE, MALUKU UTARA",2,55,166,221
https://kawalpemilu.org#78057,"TOMAJIKO, PULAU HIRI, KOTA TERNATE, MALUKU UTARA",1,57,87,144
https://kawalpemilu.org#78057,"TOMAJIKO, PULAU HIRI, KOTA TERNATE, MALUKU UTARA",2,74,83,157
https://kawalpemilu.org#86172,"MADO, PULAU HIRI, KOTA TERNATE, MALUKU UTARA",1,135,59,194
https://kawalpemilu.org#86173,"TAFRAKA, PULAU HIRI, KOTA TERNATE, MALUKU UTARA",1,117,84,201
https://kawalpemilu.org#86173,"TAFRAKA, PULAU HIRI, KOTA TERNATE, MALUKU UTARA",2,56,82,138
https://kawalpemilu.org#78124,"SOASIO, TIDORE, KOTA TIDORE KEPULAUAN, MALUKU UTARA",1,46,95,141
https://kawalpemilu.org#78124,"SOASIO, TIDORE, KOTA TIDORE KEPULAUAN, MALUKU UTARA",2,96,107,203
https://kawalpemilu.org#78124,"SOASIO, TIDORE, KOTA TIDORE KEPULAUAN, MALUKU UTARA",3,70,63,133
https://kawalpemilu.org#78124,"SOASIO, TIDORE, KOTA TIDORE KEPULAUAN, MALUKU UTARA",4,48,94,142
https://kawalpemilu.org#78124,"SOASIO, TIDORE, KOTA TIDORE KEPULAUAN, MALUKU UTARA",5,105,121,226
https://kawalpemilu.org#78124,"SOASIO, TIDORE, KOTA TIDORE KEPULAUAN, MALUKU UTARA",6,64,79,143
https://kawalpemilu.org#78125,"GAMTUFKANGE, TIDORE, KOTA TIDORE KEPULAUAN, MALUKU UTARA",1,60,100,160
https://kawalpemilu.org#78125,"GAMTUFKANGE, TIDORE, KOTA TIDORE KEPULAUAN, MALUKU UTARA",2,104,93,197
https://kawalpemilu.org#78125,"GAMTUFKANGE, TIDORE, KOTA TIDORE KEPULAUAN, MALUKU UTARA",3,36,73,109
https://kawalpemilu.org#78125,"GAMTUFKANGE, TIDORE, KOTA TIDORE KEPULAUAN, MALUKU UTARA",4,52,123,175
https://kawalpemilu.org#78125,"GAMTUFKANGE, TIDORE, KOTA TIDORE KEPULAUAN, MALUKU UTARA",5,71,88,159
https://kawalpemilu.org#78125,"GAMTUFKANGE, TIDORE, KOTA TIDORE KEPULAUAN, MALUKU UTARA",6,96,101,197
https://kawalpemilu.org#78125,"GAMTUFKANGE, TIDORE, KOTA TIDORE KEPULAUAN, MALUKU UTARA",7,52,107,159
https://kawalpemilu.org#78126,"INDONESIANA, TIDORE, KOTA TIDORE KEPULAUAN, MALUKU UTARA",1,74,181,255
https://kawalpemilu.org#78126,"INDONESIANA, TIDORE, KOTA TIDORE KEPULAUAN, MALUKU UTARA",2,78,130,208
https://kawalpemilu.org#78126,"INDONESIANA, TIDORE, KOTA TIDORE KEPULAUAN, MALUKU UTARA",3,103,155,258
https://kawalpemilu.org#78126,"INDONESIANA, TIDORE, KOTA TIDORE KEPULAUAN, MALUKU UTARA",4,111,157,268
https://kawalpemilu.org#78126,"INDONESIANA, TIDORE, KOTA TIDORE KEPULAUAN, MALUKU UTARA",5,100,101,201
https://kawalpemilu.org#78126,"INDONESIANA, TIDORE, KOTA TIDORE KEPULAUAN, MALUKU UTARA",6,75,60,135
https://kawalpemilu.org#78127,"SELI, TIDORE, KOTA TIDORE KEPULAUAN, MALUKU UTARA",1,82,81,163
https://kawalpemilu.org#78127,"SELI, TIDORE, KOTA TIDORE KEPULAUAN, MALUKU UTARA",2,66,90,156
https://kawalpemilu.org#78127,"SELI, TIDORE, KOTA TIDORE KEPULAUAN, MALUKU UTARA",3,78,74,152
https://kawalpemilu.org#78127,"SELI, TIDORE, KOTA TIDORE KEPULAUAN, MALUKU UTARA",4,93,72,165
https://kawalpemilu.org#78128,"SOADARA, TIDORE, KOTA TIDORE KEPULAUAN, MALUKU UTARA",1,57,130,187
https://kawalpemilu.org#78128,"SOADARA, TIDORE, KOTA TIDORE KEPULAUAN, MALUKU UTARA",2,76,108,184
https://kawalpemilu.org#78128,"SOADARA, TIDORE, KOTA TIDORE KEPULAUAN, MALUKU UTARA",3,65,110,175
https://kawalpemilu.org#78129,"TOPO, TIDORE, KOTA TIDORE KEPULAUAN, MALUKU UTARA",1,85,103,188
https://kawalpemilu.org#78129,"TOPO, TIDORE, KOTA TIDORE KEPULAUAN, MALUKU UTARA",2,88,95,183
https://kawalpemilu.org#78129,"TOPO, TIDORE, KOTA TIDORE KEPULAUAN, MALUKU UTARA",3,52,54,106
https://kawalpemilu.org#78129,"TOPO, TIDORE, KOTA TIDORE KEPULAUAN, MALUKU UTARA",4,64,107,171
https://kawalpemilu.org#78129,"TOPO, TIDORE, KOTA TIDORE KEPULAUAN, MALUKU UTARA",5,72,85,157
https://kawalpemilu.org#78129,"TOPO, TIDORE, KOTA TIDORE KEPULAUAN, MALUKU UTARA",6,69,108,177
https://kawalpemilu.org#78130,"GURABUNGA, TIDORE, KOTA TIDORE KEPULAUAN, MALUKU UTARA",1,82,138,220
https://kawalpemilu.org#78130,"GURABUNGA, TIDORE, KOTA TIDORE KEPULAUAN, MALUKU UTARA",2,100,113,213
https://kawalpemilu.org#78131,"GOTO, TIDORE, KOTA TIDORE KEPULAUAN, MALUKU UTARA",1,102,95,197
https://kawalpemilu.org#78131,"GOTO, TIDORE, KOTA TIDORE KEPULAUAN, MALUKU UTARA",2,59,125,184
https://kawalpemilu.org#78131,"GOTO, TIDORE, KOTA TIDORE KEPULAUAN, MALUKU UTARA",3,50,103,153
https://kawalpemilu.org#78131,"GOTO, TIDORE, KOTA TIDORE KEPULAUAN, MALUKU UTARA",4,3,10,13
https://kawalpemilu.org#78131,"GOTO, TIDORE, KOTA TIDORE KEPULAUAN, MALUKU UTARA",5,53,154,207
https://kawalpemilu.org#78131,"GOTO, TIDORE, KOTA TIDORE KEPULAUAN, MALUKU UTARA",6,71,92,163
https://kawalpemilu.org#78131,"GOTO, TIDORE, KOTA TIDORE KEPULAUAN, MALUKU UTARA",7,63,93,156
https://kawalpemilu.org#78131,"GOTO, TIDORE, KOTA TIDORE KEPULAUAN, MALUKU UTARA",8,43,129,172
https://kawalpemilu.org#78131,"GOTO, TIDORE, KOTA TIDORE KEPULAUAN, MALUKU UTARA",9,63,133,196
https://kawalpemilu.org#78132,"TOMAGOBA, TIDORE, KOTA TIDORE KEPULAUAN, MALUKU UTARA",1,65,132,197
https://kawalpemilu.org#78132,"TOMAGOBA, TIDORE, KOTA TIDORE KEPULAUAN, MALUKU UTARA",2,51,97,148
https://kawalpemilu.org#78132,"TOMAGOBA, TIDORE, KOTA TIDORE KEPULAUAN, MALUKU UTARA",3,86,159,245
https://kawalpemilu.org#78132,"TOMAGOBA, TIDORE, KOTA TIDORE KEPULAUAN, MALUKU UTARA",4,91,136,227
https://kawalpemilu.org#78132,"TOMAGOBA, TIDORE, KOTA TIDORE KEPULAUAN, MALUKU UTARA",5,65,117,182
https://kawalpemilu.org#78132,"TOMAGOBA, TIDORE, KOTA TIDORE KEPULAUAN, MALUKU UTARA",6,70,126,196
https://kawalpemilu.org#78132,"TOMAGOBA, TIDORE, KOTA TIDORE KEPULAUAN, MALUKU UTARA",7,52,117,169
https://kawalpemilu.org#78132,"TOMAGOBA, TIDORE, KOTA TIDORE KEPULAUAN, MALUKU UTARA",8,63,150,213
https://kawalpemilu.org#78132,"TOMAGOBA, TIDORE, KOTA TIDORE KEPULAUAN, MALUKU UTARA",9,75,147,222
https://kawalpemilu.org#78133,"FOLARORA, TIDORE, KOTA TIDORE KEPULAUAN, MALUKU UTARA",1,53,161,214
https://kawalpemilu.org#78133,"FOLARORA, TIDORE, KOTA TIDORE KEPULAUAN, MALUKU UTARA",2,101,68,169
https://kawalpemilu.org#78133,"FOLARORA, TIDORE, KOTA TIDORE KEPULAUAN, MALUKU UTARA",3,57,101,158
https://kawalpemilu.org#78134,"TOPO TIGA, TIDORE, KOTA TIDORE KEPULAUAN, MALUKU UTARA",1,59,111,170
https://kawalpemilu.org#78134,"TOPO TIGA, TIDORE, KOTA TIDORE KEPULAUAN, MALUKU UTARA",2,59,114,173
https://kawalpemilu.org#928248,"TAMBULA, TIDORE, KOTA TIDORE KEPULAUAN, MALUKU UTARA",1,107,62,169
https://kawalpemilu.org#928248,"TAMBULA, TIDORE, KOTA TIDORE KEPULAUAN, MALUKU UTARA",2,78,104,182
https://kawalpemilu.org#928248,"TAMBULA, TIDORE, KOTA TIDORE KEPULAUAN, MALUKU UTARA",3,87,93,180
https://kawalpemilu.org#928249,"TUGUWAJI, TIDORE, KOTA TIDORE KEPULAUAN, MALUKU UTARA",1,50,192,242
https://kawalpemilu.org#928249,"TUGUWAJI, TIDORE, KOTA TIDORE KEPULAUAN, MALUKU UTARA",2,57,118,175
https://kawalpemilu.org#928249,"TUGUWAJI, TIDORE, KOTA TIDORE KEPULAUAN, MALUKU UTARA",3,73,134,207
https://kawalpemilu.org#928249,"TUGUWAJI, TIDORE, KOTA TIDORE KEPULAUAN, MALUKU UTARA",4,91,120,211
https://kawalpemilu.org#928249,"TUGUWAJI, TIDORE, KOTA TIDORE KEPULAUAN, MALUKU UTARA",5,62,85,147
https://kawalpemilu.org#928249,"TUGUWAJI, TIDORE, KOTA TIDORE KEPULAUAN, MALUKU UTARA",6,96,155,251
https://kawalpemilu.org#928249,"TUGUWAJI, TIDORE, KOTA TIDORE KEPULAUAN, MALUKU UTARA",7,42,63,105
https://kawalpemilu.org#78136,"GURAPING, OBA UTARA, KOTA TIDORE KEPULAUAN, MALUKU UTARA",1,55,83,138
https://kawalpemilu.org#78136,"GURAPING, OBA UTARA, KOTA TIDORE KEPULAUAN, MALUKU UTARA",2,55,113,168
https://kawalpemilu.org#78136,"GURAPING, OBA UTARA, KOTA TIDORE KEPULAUAN, MALUKU UTARA",3,58,113,171
https://kawalpemilu.org#78136,"GURAPING, OBA UTARA, KOTA TIDORE KEPULAUAN, MALUKU UTARA",4,56,158,214
https://kawalpemilu.org#78136,"GURAPING, OBA UTARA, KOTA TIDORE KEPULAUAN, MALUKU UTARA",5,76,107,183
https://kawalpemilu.org#78136,"GURAPING, OBA UTARA, KOTA TIDORE KEPULAUAN, MALUKU UTARA",6,49,83,132
https://kawalpemilu.org#78136,"GURAPING, OBA UTARA, KOTA TIDORE KEPULAUAN, MALUKU UTARA",7,63,96,159
https://kawalpemilu.org#78136,"GURAPING, OBA UTARA, KOTA TIDORE KEPULAUAN, MALUKU UTARA",8,53,115,168
https://kawalpemilu.org#78136,"GURAPING, OBA UTARA, KOTA TIDORE KEPULAUAN, MALUKU UTARA",9,64,136,200
https://kawalpemilu.org#78136,"GURAPING, OBA UTARA, KOTA TIDORE KEPULAUAN, MALUKU UTARA",10,72,117,189
https://kawalpemilu.org#78137,"SOFIFI, OBA UTARA, KOTA TIDORE KEPULAUAN, MALUKU UTARA",1,127,90,217
https://kawalpemilu.org#78137,"SOFIFI, OBA UTARA, KOTA TIDORE KEPULAUAN, MALUKU UTARA",2,110,90,200
https://kawalpemilu.org#78137,"SOFIFI, OBA UTARA, KOTA TIDORE KEPULAUAN, MALUKU UTARA",3,74,132,206
https://kawalpemilu.org#78137,"SOFIFI, OBA UTARA, KOTA TIDORE KEPULAUAN, MALUKU UTARA",4,95,103,198
https://kawalpemilu.org#78137,"SOFIFI, OBA UTARA, KOTA TIDORE KEPULAUAN, MALUKU UTARA",5,86,110,196
https://kawalpemilu.org#78137,"SOFIFI, OBA UTARA, KOTA TIDORE KEPULAUAN, MALUKU UTARA",6,78,117,195
https://kawalpemilu.org#78138,"KAIYASA, OBA UTARA, KOTA TIDORE KEPULAUAN, MALUKU UTARA",1,97,83,180
https://kawalpemilu.org#78138,"KAIYASA, OBA UTARA, KOTA TIDORE KEPULAUAN, MALUKU UTARA",2,73,96,169
https://kawalpemilu.org#78139,"OBA, OBA UTARA, KOTA TIDORE KEPULAUAN, MALUKU UTARA",1,108,104,212
https://kawalpemilu.org#78139,"OBA, OBA UTARA, KOTA TIDORE KEPULAUAN, MALUKU UTARA",2,87,131,218
https://kawalpemilu.org#78140,"SOMAHODE, OBA UTARA, KOTA TIDORE KEPULAUAN, MALUKU UTARA",1,114,77,191
https://kawalpemilu.org#78140,"SOMAHODE, OBA UTARA, KOTA TIDORE KEPULAUAN, MALUKU UTARA",2,139,53,192
https://kawalpemilu.org#78141,"AKE KOLANO, OBA UTARA, KOTA TIDORE KEPULAUAN, MALUKU UTARA",1,81,95,176
https://kawalpemilu.org#78141,"AKE KOLANO, OBA UTARA, KOTA TIDORE KEPULAUAN, MALUKU UTARA",2,214,25,239
https://kawalpemilu.org#78141,"AKE KOLANO, OBA UTARA, KOTA TIDORE KEPULAUAN, MALUKU UTARA",3,102,76,178
https://kawalpemilu.org#78142,"BALBAR, OBA UTARA, KOTA TIDORE KEPULAUAN, MALUKU UTARA",1,135,118,253
https://kawalpemilu.org#78142,"BALBAR, OBA UTARA, KOTA TIDORE KEPULAUAN, MALUKU UTARA",2,71,163,234
https://kawalpemilu.org#78142,"BALBAR, OBA UTARA, KOTA TIDORE KEPULAUAN, MALUKU UTARA",3,60,171,231
https://kawalpemilu.org#78143,"BUKIT DURIAN, OBA UTARA, KOTA TIDORE KEPULAUAN, MALUKU UTARA",1,80,88,168
https://kawalpemilu.org#78143,"BUKIT DURIAN, OBA UTARA, KOTA TIDORE KEPULAUAN, MALUKU UTARA",2,65,126,191
https://kawalpemilu.org#78143,"BUKIT DURIAN, OBA UTARA, KOTA TIDORE KEPULAUAN, MALUKU UTARA",3,193,64,257
https://kawalpemilu.org#78143,"BUKIT DURIAN, OBA UTARA, KOTA TIDORE KEPULAUAN, MALUKU UTARA",4,44,83,127
https://kawalpemilu.org#78143,"BUKIT DURIAN, OBA UTARA, KOTA TIDORE KEPULAUAN, MALUKU UTARA",5,79,120,199
https://kawalpemilu.org#78144,"GALALA, OBA UTARA, KOTA TIDORE KEPULAUAN, MALUKU UTARA",1,66,86,152
https://kawalpemilu.org#78144,"GALALA, OBA UTARA, KOTA TIDORE KEPULAUAN, MALUKU UTARA",2,106,88,194
https://kawalpemilu.org#78144,"GALALA, OBA UTARA, KOTA TIDORE KEPULAUAN, MALUKU UTARA",3,140,76,216
https://kawalpemilu.org#78144,"GALALA, OBA UTARA, KOTA TIDORE KEPULAUAN, MALUKU UTARA",4,67,76,143
https://kawalpemilu.org#78144,"GALALA, OBA UTARA, KOTA TIDORE KEPULAUAN, MALUKU UTARA",5,176,40,216
https://kawalpemilu.org#78144,"GALALA, OBA UTARA, KOTA TIDORE KEPULAUAN, MALUKU UTARA",6,130,93,223
https://kawalpemilu.org#78144,"GALALA, OBA UTARA, KOTA TIDORE KEPULAUAN, MALUKU UTARA",7,61,58,119
https://kawalpemilu.org#78144,"GALALA, OBA UTARA, KOTA TIDORE KEPULAUAN, MALUKU UTARA",8,60,48,108
https://kawalpemilu.org#78145,"AMPERA, OBA UTARA, KOTA TIDORE KEPULAUAN, MALUKU UTARA",1,143,65,208
https://kawalpemilu.org#78145,"AMPERA, OBA UTARA, KOTA TIDORE KEPULAUAN, MALUKU UTARA",2,123,96,219
https://kawalpemilu.org#78146,"KUSU, OBA UTARA, KOTA TIDORE KEPULAUAN, MALUKU UTARA",1,107,101,208
https://kawalpemilu.org#78146,"KUSU, OBA UTARA, KOTA TIDORE KEPULAUAN, MALUKU UTARA",2,138,32,170
https://kawalpemilu.org#78146,"KUSU, OBA UTARA, KOTA TIDORE KEPULAUAN, MALUKU UTARA",3,106,89,195
https://kawalpemilu.org#78146,"KUSU, OBA UTARA, KOTA TIDORE KEPULAUAN, MALUKU UTARA",4,137,21,158
https://kawalpemilu.org#78147,"GAROJOU, OBA UTARA, KOTA TIDORE KEPULAUAN, MALUKU UTARA",1,105,107,212
https://kawalpemilu.org#78147,"GAROJOU, OBA UTARA, KOTA TIDORE KEPULAUAN, MALUKU UTARA",2,56,85,141
https://kawalpemilu.org#78147,"GAROJOU, OBA UTARA, KOTA TIDORE KEPULAUAN, MALUKU UTARA",3,64,71,135
https://kawalpemilu.org#928250,"GOSALE, OBA UTARA, KOTA TIDORE KEPULAUAN, MALUKU UTARA",1,166,7,173
https://kawalpemilu.org#928250,"GOSALE, OBA UTARA, KOTA TIDORE KEPULAUAN, MALUKU UTARA",2,161,5,166
https://kawalpemilu.org#78149,"PAYAHE, OBA, KOTA TIDORE KEPULAUAN, MALUKU UTARA",1,54,144,198
https://kawalpemilu.org#78149,"PAYAHE, OBA, KOTA TIDORE KEPULAUAN, MALUKU UTARA",2,30,108,138
https://kawalpemilu.org#78149,"PAYAHE, OBA, KOTA TIDORE KEPULAUAN, MALUKU UTARA",3,41,124,165
https://kawalpemilu.org#78149,"PAYAHE, OBA, KOTA TIDORE KEPULAUAN, MALUKU UTARA",4,57,95,152
https://kawalpemilu.org#78149,"PAYAHE, OBA, KOTA TIDORE KEPULAUAN, MALUKU UTARA",5,134,10,144
https://kawalpemilu.org#78149,"PAYAHE, OBA, KOTA TIDORE KEPULAUAN, MALUKU UTARA",6,82,72,154
https://kawalpemilu.org#78149,"PAYAHE, OBA, KOTA TIDORE KEPULAUAN, MALUKU UTARA",7,58,86,144
https://kawalpemilu.org#78149,"PAYAHE, OBA, KOTA TIDORE KEPULAUAN, MALUKU UTARA",8,38,106,144
https://kawalpemilu.org#78149,"PAYAHE, OBA, KOTA TIDORE KEPULAUAN, MALUKU UTARA",9,88,112,200
https://kawalpemilu.org#78149,"PAYAHE, OBA, KOTA TIDORE KEPULAUAN, MALUKU UTARA",10,127,7,134
https://kawalpemilu.org#78150,"WODA, OBA, KOTA TIDORE KEPULAUAN, MALUKU UTARA",1,64,161,225
https://kawalpemilu.org#78151,"GITA, OBA, KOTA TIDORE KEPULAUAN, MALUKU UTARA",1,59,140,199
https://kawalpemilu.org#78151,"GITA, OBA, KOTA TIDORE KEPULAUAN, MALUKU UTARA",2,74,114,188
https://kawalpemilu.org#78151,"GITA, OBA, KOTA TIDORE KEPULAUAN, MALUKU UTARA",3,53,171,224
https://kawalpemilu.org#78151,"GITA, OBA, KOTA TIDORE KEPULAUAN, MALUKU UTARA",4,104,97,201
https://kawalpemilu.org#78152,"TOSEHO, OBA, KOTA TIDORE KEPULAUAN, MALUKU UTARA",1,39,134,173
https://kawalpemilu.org#78152,"TOSEHO, OBA, KOTA TIDORE KEPULAUAN, MALUKU UTARA",2,42,120,162
https://kawalpemilu.org#78152,"TOSEHO, OBA, KOTA TIDORE KEPULAUAN, MALUKU UTARA",3,47,123,170
https://kawalpemilu.org#78153,"KUSUSINOPA, OBA, KOTA TIDORE KEPULAUAN, MALUKU UTARA",1,53,129,182
https://kawalpemilu.org#78153,"KUSUSINOPA, OBA, KOTA TIDORE KEPULAUAN, MALUKU UTARA",2,171,36,207
https://kawalpemilu.org#78153,"KUSUSINOPA, OBA, KOTA TIDORE KEPULAUAN, MALUKU UTARA",3,59,155,214
https://kawalpemilu.org#78154,"BALE, OBA, KOTA TIDORE KEPULAUAN, MALUKU UTARA",1,53,148,201
https://kawalpemilu.org#78154,"BALE, OBA, KOTA TIDORE KEPULAUAN, MALUKU UTARA",2,44,170,214
https://kawalpemilu.org#78154,"BALE, OBA, KOTA TIDORE KEPULAUAN, MALUKU UTARA",3,33,177,210
https://kawalpemilu.org#78154,"BALE, OBA, KOTA TIDORE KEPULAUAN, MALUKU UTARA",4,32,73,105
https://kawalpemilu.org#78155,"KOLI, OBA, KOTA TIDORE KEPULAUAN, MALUKU UTARA",1,109,98,207
https://kawalpemilu.org#78155,"KOLI, OBA, KOTA TIDORE KEPULAUAN, MALUKU UTARA",2,140,66,206
https://kawalpemilu.org#78155,"KOLI, OBA, KOTA TIDORE KEPULAUAN, MALUKU UTARA",3,82,43,125
https://kawalpemilu.org#78155,"KOLI, OBA, KOTA TIDORE KEPULAUAN, MALUKU UTARA",4,109,54,163
https://kawalpemilu.org#78156,"KOSA, OBA, KOTA TIDORE KEPULAUAN, MALUKU UTARA",1,83,114,197
https://kawalpemilu.org#78156,"KOSA, OBA, KOTA TIDORE KEPULAUAN, MALUKU UTARA",2,75,130,205
https://kawalpemilu.org#78156,"KOSA, OBA, KOTA TIDORE KEPULAUAN, MALUKU UTARA",3,79,52,131
https://kawalpemilu.org#78157,"TULUI, OBA, KOTA TIDORE KEPULAUAN, MALUKU UTARA",1,26,134,160
https://kawalpemilu.org#78157,"TULUI, OBA, KOTA TIDORE KEPULAUAN, MALUKU UTARA",2,32,134,166
https://kawalpemilu.org#78157,"TULUI, OBA, KOTA TIDORE KEPULAUAN, MALUKU UTARA",3,30,124,154
https://kawalpemilu.org#928251,"TODAPA, OBA, KOTA TIDORE KEPULAUAN, MALUKU UTARA",1,45,176,221
https://kawalpemilu.org#928252,"TALASI, OBA, KOTA TIDORE KEPULAUAN, MALUKU UTARA",1,35,154,189
https://kawalpemilu.org#928253,"SIGELA YEF, OBA, KOTA TIDORE KEPULAUAN, MALUKU UTARA",1,65,76,141
https://kawalpemilu.org#928253,"SIGELA YEF, OBA, KOTA TIDORE KEPULAUAN, MALUKU UTARA",2,27,71,98
https://kawalpemilu.org#928254,"TALAGAMORI, OBA, KOTA TIDORE KEPULAUAN, MALUKU UTARA",1,39,181,220
https://kawalpemilu.org#78159,"TOLOA, TIDORE SELATAN, KOTA TIDORE KEPULAUAN, MALUKU UTARA",1,108,137,245
https://kawalpemilu.org#78159,"TOLOA, TIDORE SELATAN, KOTA TIDORE KEPULAUAN, MALUKU UTARA",2,71,85,156
https://kawalpemilu.org#78159,"TOLOA, TIDORE SELATAN, KOTA TIDORE KEPULAUAN, MALUKU UTARA",3,64,110,174
https://kawalpemilu.org#78159,"TOLOA, TIDORE SELATAN, KOTA TIDORE KEPULAUAN, MALUKU UTARA",4,42,136,178
https://kawalpemilu.org#78159,"TOLOA, TIDORE SELATAN, KOTA TIDORE KEPULAUAN, MALUKU UTARA",5,55,173,228
https://kawalpemilu.org#78159,"TOLOA, TIDORE SELATAN, KOTA TIDORE KEPULAUAN, MALUKU UTARA",6,58,107,165
https://kawalpemilu.org#78159,"TOLOA, TIDORE SELATAN, KOTA TIDORE KEPULAUAN, MALUKU UTARA",7,67,105,172
https://kawalpemilu.org#78159,"TOLOA, TIDORE SELATAN, KOTA TIDORE KEPULAUAN, MALUKU UTARA",8,101,79,180
https://kawalpemilu.org#78160,"DOKIRI, TIDORE SELATAN, KOTA TIDORE KEPULAUAN, MALUKU UTARA",1,93,118,211
https://kawalpemilu.org#78160,"DOKIRI, TIDORE SELATAN, KOTA TIDORE KEPULAUAN, MALUKU UTARA",2,32,155,187
https://kawalpemilu.org#78160,"DOKIRI, TIDORE SELATAN, KOTA TIDORE KEPULAUAN, MALUKU UTARA",3,48,161,209
https://kawalpemilu.org#78160,"DOKIRI, TIDORE SELATAN, KOTA TIDORE KEPULAUAN, MALUKU UTARA",4,26,191,217
https://kawalpemilu.org#78160,"DOKIRI, TIDORE SELATAN, KOTA TIDORE KEPULAUAN, MALUKU UTARA",5,25,185,210
https://kawalpemilu.org#78160,"DOKIRI, TIDORE SELATAN, KOTA TIDORE KEPULAUAN, MALUKU UTARA",6,56,140,196
https://kawalpemilu.org#78160,"DOKIRI, TIDORE SELATAN, KOTA TIDORE KEPULAUAN, MALUKU UTARA",7,48,151,199
https://kawalpemilu.org#78160,"DOKIRI, TIDORE SELATAN, KOTA TIDORE KEPULAUAN, MALUKU UTARA",8,50,169,219
https://kawalpemilu.org#78161,"TUGUIHA, TIDORE SELATAN, KOTA TIDORE KEPULAUAN, MALUKU UTARA",1,44,138,182
https://kawalpemilu.org#78161,"TUGUIHA, TIDORE SELATAN, KOTA TIDORE KEPULAUAN, MALUKU UTARA",2,46,134,180
https://kawalpemilu.org#78161,"TUGUIHA, TIDORE SELATAN, KOTA TIDORE KEPULAUAN, MALUKU UTARA",3,63,147,210
https://kawalpemilu.org#78161,"TUGUIHA, TIDORE SELATAN, KOTA TIDORE KEPULAUAN, MALUKU UTARA",4,50,135,185
https://kawalpemilu.org#78161,"TUGUIHA, TIDORE SELATAN, KOTA TIDORE KEPULAUAN, MALUKU UTARA",5,66,134,200
https://kawalpemilu.org#78162,"TOMALOU, TIDORE SELATAN, KOTA TIDORE KEPULAUAN, MALUKU UTARA",1,27,139,166
https://kawalpemilu.org#78162,"TOMALOU, TIDORE SELATAN, KOTA TIDORE KEPULAUAN, MALUKU UTARA",2,38,99,137
https://kawalpemilu.org#78162,"TOMALOU, TIDORE SELATAN, KOTA TIDORE KEPULAUAN, MALUKU UTARA",3,25,135,160
https://kawalpemilu.org#78162,"TOMALOU, TIDORE SELATAN, KOTA TIDORE KEPULAUAN, MALUKU UTARA",4,27,134,161
https://kawalpemilu.org#78162,"TOMALOU, TIDORE SELATAN, KOTA TIDORE KEPULAUAN, MALUKU UTARA",5,61,129,190
https://kawalpemilu.org#78162,"TOMALOU, TIDORE SELATAN, KOTA TIDORE KEPULAUAN, MALUKU UTARA",6,23,142,165
https://kawalpemilu.org#78162,"TOMALOU, TIDORE SELATAN, KOTA TIDORE KEPULAUAN, MALUKU UTARA",7,45,161,206
https://kawalpemilu.org#78162,"TOMALOU, TIDORE SELATAN, KOTA TIDORE KEPULAUAN, MALUKU UTARA",8,27,137,164
https://kawalpemilu.org#78162,"TOMALOU, TIDORE SELATAN, KOTA TIDORE KEPULAUAN, MALUKU UTARA",9,23,133,156
https://kawalpemilu.org#78162,"TOMALOU, TIDORE SELATAN, KOTA TIDORE KEPULAUAN, MALUKU UTARA",10,26,111,137
https://kawalpemilu.org#78162,"TOMALOU, TIDORE SELATAN, KOTA TIDORE KEPULAUAN, MALUKU UTARA",11,39,179,218
https://kawalpemilu.org#78162,"TOMALOU, TIDORE SELATAN, KOTA TIDORE KEPULAUAN, MALUKU UTARA",12,56,144,200
https://kawalpemilu.org#78163,"GURABATI, TIDORE SELATAN, KOTA TIDORE KEPULAUAN, MALUKU UTARA",1,95,100,195
https://kawalpemilu.org#78163,"GURABATI, TIDORE SELATAN, KOTA TIDORE KEPULAUAN, MALUKU UTARA",2,86,101,187
https://kawalpemilu.org#78163,"GURABATI, TIDORE SELATAN, KOTA TIDORE KEPULAUAN, MALUKU UTARA",3,70,35,105
https://kawalpemilu.org#78163,"GURABATI, TIDORE SELATAN, KOTA TIDORE KEPULAUAN, MALUKU UTARA",4,61,103,164
https://kawalpemilu.org#78163,"GURABATI, TIDORE SELATAN, KOTA TIDORE KEPULAUAN, MALUKU UTARA",5,80,109,189
https://kawalpemilu.org#78163,"GURABATI, TIDORE SELATAN, KOTA TIDORE KEPULAUAN, MALUKU UTARA",6,99,80,179
https://kawalpemilu.org#78163,"GURABATI, TIDORE SELATAN, KOTA TIDORE KEPULAUAN, MALUKU UTARA",7,81,90,171
https://kawalpemilu.org#78163,"GURABATI, TIDORE SELATAN, KOTA TIDORE KEPULAUAN, MALUKU UTARA",8,98,63,161
https://kawalpemilu.org#78163,"GURABATI, TIDORE SELATAN, KOTA TIDORE KEPULAUAN, MALUKU UTARA",9,67,90,157
https://kawalpemilu.org#78163,"GURABATI, TIDORE SELATAN, KOTA TIDORE KEPULAUAN, MALUKU UTARA",10,84,92,176
https://kawalpemilu.org#78164,"TONGOWAI, TIDORE SELATAN, KOTA TIDORE KEPULAUAN, MALUKU UTARA",1,32,120,152
https://kawalpemilu.org#78164,"TONGOWAI, TIDORE SELATAN, KOTA TIDORE KEPULAUAN, MALUKU UTARA",2,43,136,179
https://kawalpemilu.org#78164,"TONGOWAI, TIDORE SELATAN, KOTA TIDORE KEPULAUAN, MALUKU UTARA",3,41,123,164
https://kawalpemilu.org#78164,"TONGOWAI, TIDORE SELATAN, KOTA TIDORE KEPULAUAN, MALUKU UTARA",4,58,95,153
https://kawalpemilu.org#78164,"TONGOWAI, TIDORE SELATAN, KOTA TIDORE KEPULAUAN, MALUKU UTARA",5,37,101,138
https://kawalpemilu.org#78165,"MARE KOFO, TIDORE SELATAN, KOTA TIDORE KEPULAUAN, MALUKU UTARA",1,90,57,147
https://kawalpemilu.org#78165,"MARE KOFO, TIDORE SELATAN, KOTA TIDORE KEPULAUAN, MALUKU UTARA",2,99,51,150
https://kawalpemilu.org#78166,"MARE GAM, TIDORE SELATAN, KOTA TIDORE KEPULAUAN, MALUKU UTARA",1,76,71,147
https://kawalpemilu.org#78166,"MARE GAM, TIDORE SELATAN, KOTA TIDORE KEPULAUAN, MALUKU UTARA",2,69,74,143
https://kawalpemilu.org#78168,"RUM, TIDORE UTARA, KOTA TIDORE KEPULAUAN, MALUKU UTARA",1,64,120,184
https://kawalpemilu.org#78168,"RUM, TIDORE UTARA, KOTA TIDORE KEPULAUAN, MALUKU UTARA",2,89,145,234
https://kawalpemilu.org#78168,"RUM, TIDORE UTARA, KOTA TIDORE KEPULAUAN, MALUKU UTARA",3,48,114,162
https://kawalpemilu.org#78168,"RUM, TIDORE UTARA, KOTA TIDORE KEPULAUAN, MALUKU UTARA",4,27,144,171
https://kawalpemilu.org#78168,"RUM, TIDORE UTARA, KOTA TIDORE KEPULAUAN, MALUKU UTARA",5,89,120,209
https://kawalpemilu.org#78168,"RUM, TIDORE UTARA, KOTA TIDORE KEPULAUAN, MALUKU UTARA",6,49,10,59
https://kawalpemilu.org#78168,"RUM, TIDORE UTARA, KOTA TIDORE KEPULAUAN, MALUKU UTARA",7,114,107,221
https://kawalpemilu.org#78168,"RUM, TIDORE UTARA, KOTA TIDORE KEPULAUAN, MALUKU UTARA",8,72,100,172
https://kawalpemilu.org#78168,"RUM, TIDORE UTARA, KOTA TIDORE KEPULAUAN, MALUKU UTARA",9,42,124,166
https://kawalpemilu.org#78168,"RUM, TIDORE UTARA, KOTA TIDORE KEPULAUAN, MALUKU UTARA",10,23,121,144
https://kawalpemilu.org#78168,"RUM, TIDORE UTARA, KOTA TIDORE KEPULAUAN, MALUKU UTARA",11,78,116,194
https://kawalpemilu.org#78169,"FOBAHARU, TIDORE UTARA, KOTA TIDORE KEPULAUAN, MALUKU UTARA",1,65,143,208
https://kawalpemilu.org#78169,"FOBAHARU, TIDORE UTARA, KOTA TIDORE KEPULAUAN, MALUKU UTARA",2,66,145,211
https://kawalpemilu.org#78170,"JAYA, TIDORE UTARA, KOTA TIDORE KEPULAUAN, MALUKU UTARA",1,64,153,217
https://kawalpemilu.org#78170,"JAYA, TIDORE UTARA, KOTA TIDORE KEPULAUAN, MALUKU UTARA",2,33,59,92
https://kawalpemilu.org#78170,"JAYA, TIDORE UTARA, KOTA TIDORE KEPULAUAN, MALUKU UTARA",3,92,114,206
https://kawalpemilu.org#78171,"OME, TIDORE UTARA, KOTA TIDORE KEPULAUAN, MALUKU UTARA",1,55,175,230
https://kawalpemilu.org#78171,"OME, TIDORE UTARA, KOTA TIDORE KEPULAUAN, MALUKU UTARA",2,81,180,261
https://kawalpemilu.org#78171,"OME, TIDORE UTARA, KOTA TIDORE KEPULAUAN, MALUKU UTARA",3,38,103,141
https://kawalpemilu.org#78171,"OME, TIDORE UTARA, KOTA TIDORE KEPULAUAN, MALUKU UTARA",4,45,117,162
https://kawalpemilu.org#78171,"OME, TIDORE UTARA, KOTA TIDORE KEPULAUAN, MALUKU UTARA",5,32,138,170
https://kawalpemilu.org#78171,"OME, TIDORE UTARA, KOTA TIDORE KEPULAUAN, MALUKU UTARA",6,49,140,189
https://kawalpemilu.org#78172,"MAREKU, TIDORE UTARA, KOTA TIDORE KEPULAUAN, MALUKU UTARA",1,43,122,165
https://kawalpemilu.org#78172,"MAREKU, TIDORE UTARA, KOTA TIDORE KEPULAUAN, MALUKU UTARA",2,34,173,207
https://kawalpemilu.org#78172,"MAREKU, TIDORE UTARA, KOTA TIDORE KEPULAUAN, MALUKU UTARA",3,43,132,175
https://kawalpemilu.org#78172,"MAREKU, TIDORE UTARA, KOTA TIDORE KEPULAUAN, MALUKU UTARA",4,45,108,153
https://kawalpemilu.org#78172,"MAREKU, TIDORE UTARA, KOTA TIDORE KEPULAUAN, MALUKU UTARA",5,28,184,212
https://kawalpemilu.org#78172,"MAREKU, TIDORE UTARA, KOTA TIDORE KEPULAUAN, MALUKU UTARA",6,31,129,160
https://kawalpemilu.org#78172,"MAREKU, TIDORE UTARA, KOTA TIDORE KEPULAUAN, MALUKU UTARA",7,40,119,159
https://kawalpemilu.org#78173,"AFA AFA, TIDORE UTARA, KOTA TIDORE KEPULAUAN, MALUKU UTARA",1,41,139,180
https://kawalpemilu.org#78173,"AFA AFA, TIDORE UTARA, KOTA TIDORE KEPULAUAN, MALUKU UTARA",2,61,131,192
https://kawalpemilu.org#78173,"AFA AFA, TIDORE UTARA, KOTA TIDORE KEPULAUAN, MALUKU UTARA",3,68,59,127
https://kawalpemilu.org#78173,"AFA AFA, TIDORE UTARA, KOTA TIDORE KEPULAUAN, MALUKU UTARA",4,62,101,163
https://kawalpemilu.org#78173,"AFA AFA, TIDORE UTARA, KOTA TIDORE KEPULAUAN, MALUKU UTARA",5,56,84,140
https://kawalpemilu.org#78174,"BOBO, TIDORE UTARA, KOTA TIDORE KEPULAUAN, MALUKU UTARA",1,33,140,173
https://kawalpemilu.org#78174,"BOBO, TIDORE UTARA, KOTA TIDORE KEPULAUAN, MALUKU UTARA",2,35,109,144
https://kawalpemilu.org#78174,"BOBO, TIDORE UTARA, KOTA TIDORE KEPULAUAN, MALUKU UTARA",3,54,107,161
https://kawalpemilu.org#78174,"BOBO, TIDORE UTARA, KOTA TIDORE KEPULAUAN, MALUKU UTARA",4,65,111,176
https://kawalpemilu.org#78174,"BOBO, TIDORE UTARA, KOTA TIDORE KEPULAUAN, MALUKU UTARA",5,56,97,153
https://kawalpemilu.org#78174,"BOBO, TIDORE UTARA, KOTA TIDORE KEPULAUAN, MALUKU UTARA",6,61,108,169
https://kawalpemilu.org#78175,"GUBU KUSUMA, TIDORE UTARA, KOTA TIDORE KEPULAUAN, MALUKU UTARA",1,118,125,243
https://kawalpemilu.org#78175,"GUBU KUSUMA, TIDORE UTARA, KOTA TIDORE KEPULAUAN, MALUKU UTARA",2,100,114,214
https://kawalpemilu.org#78175,"GUBU KUSUMA, TIDORE UTARA, KOTA TIDORE KEPULAUAN, MALUKU UTARA",3,133,122,255
https://kawalpemilu.org#78176,"SIRONGO FOLARAHA, TIDORE UTARA, KOTA TIDORE KEPULAUAN, MALUKU UTARA",1,65,67,132
https://kawalpemilu.org#78176,"SIRONGO FOLARAHA, TIDORE UTARA, KOTA TIDORE KEPULAUAN, MALUKU UTARA",2,116,68,184
https://kawalpemilu.org#78176,"SIRONGO FOLARAHA, TIDORE UTARA, KOTA TIDORE KEPULAUAN, MALUKU UTARA",3,62,74,136
https://kawalpemilu.org#78177,"RUM BALIBUNGA, TIDORE UTARA, KOTA TIDORE KEPULAUAN, MALUKU UTARA",1,60,150,210
https://kawalpemilu.org#78177,"RUM BALIBUNGA, TIDORE UTARA, KOTA TIDORE KEPULAUAN, MALUKU UTARA",2,155,89,244
https://kawalpemilu.org#78177,"RUM BALIBUNGA, TIDORE UTARA, KOTA TIDORE KEPULAUAN, MALUKU UTARA",3,85,88,173
https://kawalpemilu.org#78177,"RUM BALIBUNGA, TIDORE UTARA, KOTA TIDORE KEPULAUAN, MALUKU UTARA",4,73,58,131
https://kawalpemilu.org#78177,"RUM BALIBUNGA, TIDORE UTARA, KOTA TIDORE KEPULAUAN, MALUKU UTARA",5,45,78,123
https://kawalpemilu.org#78177,"RUM BALIBUNGA, TIDORE UTARA, KOTA TIDORE KEPULAUAN, MALUKU UTARA",6,89,51,140
https://kawalpemilu.org#78178,"MAITARA, TIDORE UTARA, KOTA TIDORE KEPULAUAN, MALUKU UTARA",1,170,51,221
https://kawalpemilu.org#78179,"MAITARA SELATAN, TIDORE UTARA, KOTA TIDORE KEPULAUAN, MALUKU UTARA",1,197,38,235
https://kawalpemilu.org#78179,"MAITARA SELATAN, TIDORE UTARA, KOTA TIDORE KEPULAUAN, MALUKU UTARA",2,176,26,202
https://kawalpemilu.org#928255,"MAITARA UTARA, TIDORE UTARA, KOTA TIDORE KEPULAUAN, MALUKU UTARA",1,95,101,196
https://kawalpemilu.org#928255,"MAITARA UTARA, TIDORE UTARA, KOTA TIDORE KEPULAUAN, MALUKU UTARA",2,104,74,178
https://kawalpemilu.org#928256,"MAITARA TENGAH, TIDORE UTARA, KOTA TIDORE KEPULAUAN, MALUKU UTARA",1,115,52,167
https://kawalpemilu.org#928256,"MAITARA TENGAH, TIDORE UTARA, KOTA TIDORE KEPULAUAN, MALUKU UTARA",2,112,58,170
https://kawalpemilu.org#78181,"AKELAMO, OBA TENGAH, KOTA TIDORE KEPULAUAN, MALUKU UTARA",1,82,144,226
https://kawalpemilu.org#78181,"AKELAMO, OBA TENGAH, KOTA TIDORE KEPULAUAN, MALUKU UTARA",2,153,76,229
https://kawalpemilu.org#78182,"LOLA, OBA TENGAH, KOTA TIDORE KEPULAUAN, MALUKU UTARA",1,64,58,122
https://kawalpemilu.org#78182,"LOLA, OBA TENGAH, KOTA TIDORE KEPULAUAN, MALUKU UTARA",2,32,103,135
https://kawalpemilu.org#78182,"LOLA, OBA TENGAH, KOTA TIDORE KEPULAUAN, MALUKU UTARA",3,97,36,133
https://kawalpemilu.org#78182,"LOLA, OBA TENGAH, KOTA TIDORE KEPULAUAN, MALUKU UTARA",4,30,102,132
https://kawalpemilu.org#78183,"AKETOBOLOLO, OBA TENGAH, KOTA TIDORE KEPULAUAN, MALUKU UTARA",1,87,64,151
https://kawalpemilu.org#78183,"AKETOBOLOLO, OBA TENGAH, KOTA TIDORE KEPULAUAN, MALUKU UTARA",2,82,68,150
https://kawalpemilu.org#78183,"AKETOBOLOLO, OBA TENGAH, KOTA TIDORE KEPULAUAN, MALUKU UTARA",3,141,5,146
https://kawalpemilu.org#78183,"AKETOBOLOLO, OBA TENGAH, KOTA TIDORE KEPULAUAN, MALUKU UTARA",4,57,82,139
https://kawalpemilu.org#78184,"AKETOBATU, OBA TENGAH, KOTA TIDORE KEPULAUAN, MALUKU UTARA",1,79,75,154
https://kawalpemilu.org#78184,"AKETOBATU, OBA TENGAH, KOTA TIDORE KEPULAUAN, MALUKU UTARA",2,160,86,246
https://kawalpemilu.org#78185,"AKEDOTILOU, OBA TENGAH, KOTA TIDORE KEPULAUAN, MALUKU UTARA",1,51,125,176
https://kawalpemilu.org#78185,"AKEDOTILOU, OBA TENGAH, KOTA TIDORE KEPULAUAN, MALUKU UTARA",2,84,86,170
https://kawalpemilu.org#78185,"AKEDOTILOU, OBA TENGAH, KOTA TIDORE KEPULAUAN, MALUKU UTARA",3,45,90,135
https://kawalpemilu.org#78185,"AKEDOTILOU, OBA TENGAH, KOTA TIDORE KEPULAUAN, MALUKU UTARA",4,81,102,183
https://kawalpemilu.org#78186,"AKEGURACI, OBA TENGAH, KOTA TIDORE KEPULAUAN, MALUKU UTARA",1,53,107,160
https://kawalpemilu.org#78187,"AKESAI, OBA TENGAH, KOTA TIDORE KEPULAUAN, MALUKU UTARA",1,91,123,214
https://kawalpemilu.org#78188,"TOGEME, OBA TENGAH, KOTA TIDORE KEPULAUAN, MALUKU UTARA",1,45,138,183
https://kawalpemilu.org#78188,"TOGEME, OBA TENGAH, KOTA TIDORE KEPULAUAN, MALUKU UTARA",2,38,144,182
https://kawalpemilu.org#78189,"TADUPI, OBA TENGAH, KOTA TIDORE KEPULAUAN, MALUKU UTARA",1,114,142,256
https://kawalpemilu.org#78189,"TADUPI, OBA TENGAH, KOTA TIDORE KEPULAUAN, MALUKU UTARA",2,95,102,197
https://kawalpemilu.org#928257,"BARINGIN JAYA, OBA TENGAH, KOTA TIDORE KEPULAUAN, MALUKU UTARA",1,57,73,130
https://kawalpemilu.org#928257,"BARINGIN JAYA, OBA TENGAH, KOTA TIDORE KEPULAUAN, MALUKU UTARA",2,61,79,140
https://kawalpemilu.org#928258,"TAUNO, OBA TENGAH, KOTA TIDORE KEPULAUAN, MALUKU UTARA",1,25,112,137
https://kawalpemilu.org#928258,"TAUNO, OBA TENGAH, KOTA TIDORE KEPULAUAN, MALUKU UTARA",2,20,129,149
https://kawalpemilu.org#928259,"FANAHA, OBA TENGAH, KOTA TIDORE KEPULAUAN, MALUKU UTARA",1,20,127,147
https://kawalpemilu.org#928259,"FANAHA, OBA TENGAH, KOTA TIDORE KEPULAUAN, MALUKU UTARA",2,33,112,145
https://kawalpemilu.org#928260,"YEHU, OBA TENGAH, KOTA TIDORE KEPULAUAN, MALUKU UTARA",1,104,31,135
https://kawalpemilu.org#928260,"YEHU, OBA TENGAH, KOTA TIDORE KEPULAUAN, MALUKU UTARA",2,71,62,133
https://kawalpemilu.org#928261,"SIOKONA, OBA TENGAH, KOTA TIDORE KEPULAUAN, MALUKU UTARA",1,118,11,129
https://kawalpemilu.org#928261,"SIOKONA, OBA TENGAH, KOTA TIDORE KEPULAUAN, MALUKU UTARA",2,108,12,120
https://kawalpemilu.org#78191,"MAIDI, OBA SELATAN, KOTA TIDORE KEPULAUAN, MALUKU UTARA",1,35,107,142
https://kawalpemilu.org#78191,"MAIDI, OBA SELATAN, KOTA TIDORE KEPULAUAN, MALUKU UTARA",2,70,25,95
https://kawalpemilu.org#78191,"MAIDI, OBA SELATAN, KOTA TIDORE KEPULAUAN, MALUKU UTARA",3,117,76,193
https://kawalpemilu.org#78191,"MAIDI, OBA SELATAN, KOTA TIDORE KEPULAUAN, MALUKU UTARA",4,33,28,61
https://kawalpemilu.org#78191,"MAIDI, OBA SELATAN, KOTA TIDORE KEPULAUAN, MALUKU UTARA",5,38,109,147
https://kawalpemilu.org#78192,"LIFOFA, OBA SELATAN, KOTA TIDORE KEPULAUAN, MALUKU UTARA",1,69,199,268
https://kawalpemilu.org#78192,"LIFOFA, OBA SELATAN, KOTA TIDORE KEPULAUAN, MALUKU UTARA",2,125,136,261
https://kawalpemilu.org#78192,"LIFOFA, OBA SELATAN, KOTA TIDORE KEPULAUAN, MALUKU UTARA",3,141,6,147
https://kawalpemilu.org#78193,"HAGER, OBA SELATAN, KOTA TIDORE KEPULAUAN, MALUKU UTARA",1,34,93,127
https://kawalpemilu.org#78193,"HAGER, OBA SELATAN, KOTA TIDORE KEPULAUAN, MALUKU UTARA",2,38,97,135
https://kawalpemilu.org#78194,"WAMA, OBA SELATAN, KOTA TIDORE KEPULAUAN, MALUKU UTARA",1,16,127,143
https://kawalpemilu.org#78194,"WAMA, OBA SELATAN, KOTA TIDORE KEPULAUAN, MALUKU UTARA",2,46,142,188
https://kawalpemilu.org#78194,"WAMA, OBA SELATAN, KOTA TIDORE KEPULAUAN, MALUKU UTARA",3,17,112,129
https://kawalpemilu.org#78194,"WAMA, OBA SELATAN, KOTA TIDORE KEPULAUAN, MALUKU UTARA",4,39,127,166
https://kawalpemilu.org#78194,"WAMA, OBA SELATAN, KOTA TIDORE KEPULAUAN, MALUKU UTARA",5,40,109,149
https://kawalpemilu.org#78195,"SELAMALOFO, OBA SELATAN, KOTA TIDORE KEPULAUAN, MALUKU UTARA",1,55,159,214
https://kawalpemilu.org#78195,"SELAMALOFO, OBA SELATAN, KOTA TIDORE KEPULAUAN, MALUKU UTARA",2,169,9,178
https://kawalpemilu.org#78196,"TAGALAYA, OBA SELATAN, KOTA TIDORE KEPULAUAN, MALUKU UTARA",1,39,210,249
https://kawalpemilu.org#78197,"NUKU, OBA SELATAN, KOTA TIDORE KEPULAUAN, MALUKU UTARA",1,40,124,164
https://kawalpemilu.org#78197,"NUKU, OBA SELATAN, KOTA TIDORE KEPULAUAN, MALUKU UTARA",2,76,87,163
https://kawalpemilu.org#78199,"MAFUTUTU, TIDORE TIMUR, KOTA TIDORE KEPULAUAN, MALUKU UTARA",1,59,148,207
https://kawalpemilu.org#78199,"MAFUTUTU, TIDORE TIMUR, KOTA TIDORE KEPULAUAN, MALUKU UTARA",2,59,121,180
https://kawalpemilu.org#78199,"MAFUTUTU, TIDORE TIMUR, KOTA TIDORE KEPULAUAN, MALUKU UTARA",3,50,108,158
https://kawalpemilu.org#78199,"MAFUTUTU, TIDORE TIMUR, KOTA TIDORE KEPULAUAN, MALUKU UTARA",4,64,142,206
https://kawalpemilu.org#78199,"MAFUTUTU, TIDORE TIMUR, KOTA TIDORE KEPULAUAN, MALUKU UTARA",5,47,138,185
https://kawalpemilu.org#78199,"MAFUTUTU, TIDORE TIMUR, KOTA TIDORE KEPULAUAN, MALUKU UTARA",6,54,106,160
https://kawalpemilu.org#78200,"TOSA, TIDORE TIMUR, KOTA TIDORE KEPULAUAN, MALUKU UTARA",1,61,165,226
https://kawalpemilu.org#78200,"TOSA, TIDORE TIMUR, KOTA TIDORE KEPULAUAN, MALUKU UTARA",2,90,149,239
https://kawalpemilu.org#78201,"DOWORA, TIDORE TIMUR, KOTA TIDORE KEPULAUAN, MALUKU UTARA",1,49,119,168
https://kawalpemilu.org#78201,"DOWORA, TIDORE TIMUR, KOTA TIDORE KEPULAUAN, MALUKU UTARA",2,63,163,226
https://kawalpemilu.org#78201,"DOWORA, TIDORE TIMUR, KOTA TIDORE KEPULAUAN, MALUKU UTARA",3,97,127,224
https://kawalpemilu.org#78201,"DOWORA, TIDORE TIMUR, KOTA TIDORE KEPULAUAN, MALUKU UTARA",4,58,162,220
https://kawalpemilu.org#78202,"KALAODI, TIDORE TIMUR, KOTA TIDORE KEPULAUAN, MALUKU UTARA",1,54,97,151
https://kawalpemilu.org#78202,"KALAODI, TIDORE TIMUR, KOTA TIDORE KEPULAUAN, MALUKU UTARA",2,25,120,145
https://kawalpemilu.org#928262,"COBODOE, TIDORE TIMUR, KOTA TIDORE KEPULAUAN, MALUKU UTARA",1,85,115,200
https://kawalpemilu.org#928262,"COBODOE, TIDORE TIMUR, KOTA TIDORE KEPULAUAN, MALUKU UTARA",2,76,142,218
https://kawalpemilu.org#928262,"COBODOE, TIDORE TIMUR, KOTA TIDORE KEPULAUAN, MALUKU UTARA",3,71,108,179
https://kawalpemilu.org#928262,"COBODOE, TIDORE TIMUR, KOTA TIDORE KEPULAUAN, MALUKU UTARA",4,83,139,222
https://kawalpemilu.org#928262,"COBODOE, TIDORE TIMUR, KOTA TIDORE KEPULAUAN, MALUKU UTARA",5,70,112,182
https://kawalpemilu.org#928262,"COBODOE, TIDORE TIMUR, KOTA TIDORE KEPULAUAN, MALUKU UTARA",6,43,107,150
https://kawalpemilu.org#928263,"DOYADO, TIDORE TIMUR, KOTA TIDORE KEPULAUAN, MALUKU UTARA",1,76,129,205
https://kawalpemilu.org#928263,"DOYADO, TIDORE TIMUR, KOTA TIDORE KEPULAUAN, MALUKU UTARA",2,76,155,231
https://kawalpemilu.org#928263,"DOYADO, TIDORE TIMUR, KOTA TIDORE KEPULAUAN, MALUKU UTARA",3,92,124,216
https://kawalpemilu.org#928263,"DOYADO, TIDORE TIMUR, KOTA TIDORE KEPULAUAN, MALUKU UTARA",4,74,141,215
https://kawalpemilu.org#928264,"JIKO COBO, TIDORE TIMUR, KOTA TIDORE KEPULAUAN, MALUKU UTARA",1,43,142,185
https://kawalpemilu.org#928264,"JIKO COBO, TIDORE TIMUR, KOTA TIDORE KEPULAUAN, MALUKU UTARA",2,21,117,138
https://kawalpemilu.org#928264,"JIKO COBO, TIDORE TIMUR, KOTA TIDORE KEPULAUAN, MALUKU UTARA",3,24,143,167
https://kawalpemilu.org#928264,"JIKO COBO, TIDORE TIMUR, KOTA TIDORE KEPULAUAN, MALUKU UTARA",4,29,134,163
https://kawalpemilu.org#77880,"BOBONG, TALIABU BARAT, PULAU TALIABU, MALUKU UTARA",1,67,105,172
https://kawalpemilu.org#77880,"BOBONG, TALIABU BARAT, PULAU TALIABU, MALUKU UTARA",2,80,162,242
https://kawalpemilu.org#77880,"BOBONG, TALIABU BARAT, PULAU TALIABU, MALUKU UTARA",4,78,147,225
https://kawalpemilu.org#77880,"BOBONG, TALIABU BARAT, PULAU TALIABU, MALUKU UTARA",5,92,109,201
https://kawalpemilu.org#77880,"BOBONG, TALIABU BARAT, PULAU TALIABU, MALUKU UTARA",6,56,91,147
https://kawalpemilu.org#77880,"BOBONG, TALIABU BARAT, PULAU TALIABU, MALUKU UTARA",7,65,113,178
https://kawalpemilu.org#77880,"BOBONG, TALIABU BARAT, PULAU TALIABU, MALUKU UTARA",8,64,119,183
https://kawalpemilu.org#77881,"TALO, TALIABU BARAT, PULAU TALIABU, MALUKU UTARA",1,164,71,235
https://kawalpemilu.org#77881,"TALO, TALIABU BARAT, PULAU TALIABU, MALUKU UTARA",2,128,109,237
https://kawalpemilu.org#77882,"KAWALO, TALIABU BARAT, PULAU TALIABU, MALUKU UTARA",1,92,120,212
https://kawalpemilu.org#77882,"KAWALO, TALIABU BARAT, PULAU TALIABU, MALUKU UTARA",2,69,153,222
https://kawalpemilu.org#77883,"LIMBO, TALIABU BARAT, PULAU TALIABU, MALUKU UTARA",1,29,187,216
https://kawalpemilu.org#77883,"LIMBO, TALIABU BARAT, PULAU TALIABU, MALUKU UTARA",2,54,168,222
https://kawalpemilu.org#77883,"LIMBO, TALIABU BARAT, PULAU TALIABU, MALUKU UTARA",3,26,158,184
https://kawalpemilu.org#86133,"MARANTI JAYA, TALIABU BARAT, PULAU TALIABU, MALUKU UTARA",1,82,48,130
https://kawalpemilu.org#86134,"HOLBOTA, TALIABU BARAT, PULAU TALIABU, MALUKU UTARA",1,94,96,190
https://kawalpemilu.org#86135,"WAYO, TALIABU BARAT, PULAU TALIABU, MALUKU UTARA",2,87,123,210
https://kawalpemilu.org#86135,"WAYO, TALIABU BARAT, PULAU TALIABU, MALUKU UTARA",4,86,116,202
https://kawalpemilu.org#86135,"WAYO, TALIABU BARAT, PULAU TALIABU, MALUKU UTARA",5,15,23,38
https://kawalpemilu.org#89617,"KRAMAT, TALIABU BARAT, PULAU TALIABU, MALUKU UTARA",3,81,117,198
https://kawalpemilu.org#89617,"KRAMAT, TALIABU BARAT, PULAU TALIABU, MALUKU UTARA",4,97,110,207
https://kawalpemilu.org#89618,"PANCORAN, TALIABU BARAT, PULAU TALIABU, MALUKU UTARA",1,47,143,190
https://kawalpemilu.org#89618,"PANCORAN, TALIABU BARAT, PULAU TALIABU, MALUKU UTARA",2,53,120,173
https://kawalpemilu.org#89618,"PANCORAN, TALIABU BARAT, PULAU TALIABU, MALUKU UTARA",3,46,124,170
https://kawalpemilu.org#89619,"LOHO BUBBA, TALIABU BARAT, PULAU TALIABU, MALUKU UTARA",1,57,177,234
https://kawalpemilu.org#928875,"KILONG, TALIABU BARAT, PULAU TALIABU, MALUKU UTARA",1,117,47,164
https://kawalpemilu.org#928876,"RATAHAYA, TALIABU BARAT, PULAU TALIABU, MALUKU UTARA",1,126,92,218
https://kawalpemilu.org#928876,"RATAHAYA, TALIABU BARAT, PULAU TALIABU, MALUKU UTARA",2,51,6,57
https://kawalpemilu.org#928877,"WOYO, TALIABU BARAT, PULAU TALIABU, MALUKU UTARA",1,49,39,88
https://kawalpemilu.org#928877,"WOYO, TALIABU BARAT, PULAU TALIABU, MALUKU UTARA",2,64,125,189
https://kawalpemilu.org#928877,"WOYO, TALIABU BARAT, PULAU TALIABU, MALUKU UTARA",3,74,129,203
https://kawalpemilu.org#77885,"WAIKADAI, TALIABU TIMUR SELATAN, PULAU TALIABU, MALUKU UTARA",1,108,30,138
https://kawalpemilu.org#77885,"WAIKADAI, TALIABU TIMUR SELATAN, PULAU TALIABU, MALUKU UTARA",2,85,48,133
https://kawalpemilu.org#77886,"LOSSENG, TALIABU TIMUR SELATAN, PULAU TALIABU, MALUKU UTARA",1,49,177,226
https://kawalpemilu.org#77886,"LOSSENG, TALIABU TIMUR SELATAN, PULAU TALIABU, MALUKU UTARA",2,56,163,219
https://kawalpemilu.org#77887,"KAWADANG, TALIABU TIMUR SELATAN, PULAU TALIABU, MALUKU UTARA",1,75,103,178
https://kawalpemilu.org#77887,"KAWADANG, TALIABU TIMUR SELATAN, PULAU TALIABU, MALUKU UTARA",2,89,93,182
https://kawalpemilu.org#77887,"KAWADANG, TALIABU TIMUR SELATAN, PULAU TALIABU, MALUKU UTARA",3,110,71,181
https://kawalpemilu.org#77888,"SOFAN, TALIABU TIMUR SELATAN, PULAU TALIABU, MALUKU UTARA",1,59,84,143
https://kawalpemilu.org#77888,"SOFAN, TALIABU TIMUR SELATAN, PULAU TALIABU, MALUKU UTARA",3,102,44,146
https://kawalpemilu.org#77888,"SOFAN, TALIABU TIMUR SELATAN, PULAU TALIABU, MALUKU UTARA",4,87,64,151
https://kawalpemilu.org#86136,"MANTARARA, TALIABU TIMUR SELATAN, PULAU TALIABU, MALUKU UTARA",1,131,10,141
https://kawalpemilu.org#86137,"KAMAYA, TALIABU TIMUR SELATAN, PULAU TALIABU, MALUKU UTARA",1,32,100,132
https://kawalpemilu.org#86138,"WAIKOKA, TALIABU TIMUR SELATAN, PULAU TALIABU, MALUKU UTARA",1,49,65,114
https://kawalpemilu.org#86139,"WAIKADAI SULA, TALIABU TIMUR SELATAN, PULAU TALIABU, MALUKU UTARA",1,26,64,90
https://kawalpemilu.org#89621,"BELO, TALIABU TIMUR SELATAN, PULAU TALIABU, MALUKU UTARA",1,62,116,178
https://kawalpemilu.org#77929,"PENU, TALIABU TIMUR, PULAU TALIABU, MALUKU UTARA",2,139,54,193
https://kawalpemilu.org#77930,"PARIGI, TALIABU TIMUR, PULAU TALIABU, MALUKU UTARA",1,36,186,222
https://kawalpemilu.org#77930,"PARIGI, TALIABU TIMUR, PULAU TALIABU, MALUKU UTARA",2,34,149,183
https://kawalpemilu.org#77930,"PARIGI, TALIABU TIMUR, PULAU TALIABU, MALUKU UTARA",3,24,129,153
https://kawalpemilu.org#77931,"SAMUYA, TALIABU TIMUR, PULAU TALIABU, MALUKU UTARA",1,117,37,154
https://kawalpemilu.org#77931,"SAMUYA, TALIABU TIMUR, PULAU TALIABU, MALUKU UTARA",2,72,69,141
https://kawalpemilu.org#77931,"SAMUYA, TALIABU TIMUR, PULAU TALIABU, MALUKU UTARA",3,30,80,110
https://kawalpemilu.org#77931,"SAMUYA, TALIABU TIMUR, PULAU TALIABU, MALUKU UTARA",4,57,119,176
https://kawalpemilu.org#89623,"TUBANG, TALIABU TIMUR, PULAU TALIABU, MALUKU UTARA",1,70,98,168
https://kawalpemilu.org#89623,"TUBANG, TALIABU TIMUR, PULAU TALIABU, MALUKU UTARA",2,61,34,95
https://kawalpemilu.org#77933,"MANANGA, TALIABU UTARA, PULAU TALIABU, MALUKU UTARA",1,96,63,159
https://kawalpemilu.org#77933,"MANANGA, TALIABU UTARA, PULAU TALIABU, MALUKU UTARA",2,84,74,158
https://kawalpemilu.org#77934,"TANJUNG UNA, TALIABU UTARA, PULAU TALIABU, MALUKU UTARA",2,43,118,161
https://kawalpemilu.org#77934,"TANJUNG UNA, TALIABU UTARA, PULAU TALIABU, MALUKU UTARA",3,55,103,158
https://kawalpemilu.org#77934,"TANJUNG UNA, TALIABU UTARA, PULAU TALIABU, MALUKU UTARA",4,53,104,157
https://kawalpemilu.org#77935,"JORJOGA, TALIABU UTARA, PULAU TALIABU, MALUKU UTARA",2,39,96,135
https://kawalpemilu.org#77935,"JORJOGA, TALIABU UTARA, PULAU TALIABU, MALUKU UTARA",3,44,140,184
https://kawalpemilu.org#77935,"JORJOGA, TALIABU UTARA, PULAU TALIABU, MALUKU UTARA",4,62,122,184
https://kawalpemilu.org#77936,"GELA, TALIABU UTARA, PULAU TALIABU, MALUKU UTARA",1,56,58,114
https://kawalpemilu.org#77936,"GELA, TALIABU UTARA, PULAU TALIABU, MALUKU UTARA",3,60,76,136
https://kawalpemilu.org#77936,"GELA, TALIABU UTARA, PULAU TALIABU, MALUKU UTARA",4,47,81,128
https://kawalpemilu.org#77937,"MINTON, TALIABU UTARA, PULAU TALIABU, MALUKU UTARA",1,53,76,129
https://kawalpemilu.org#77937,"MINTON, TALIABU UTARA, PULAU TALIABU, MALUKU UTARA",2,58,99,157
https://kawalpemilu.org#77937,"MINTON, TALIABU UTARA, PULAU TALIABU, MALUKU UTARA",3,97,77,174
https://kawalpemilu.org#77938,"NUNCA, TALIABU UTARA, PULAU TALIABU, MALUKU UTARA",1,138,36,174
https://kawalpemilu.org#77938,"NUNCA, TALIABU UTARA, PULAU TALIABU, MALUKU UTARA",2,108,32,140
https://kawalpemilu.org#77938,"NUNCA, TALIABU UTARA, PULAU TALIABU, MALUKU UTARA",3,133,27,160
https://kawalpemilu.org#77939,"SAHU, TALIABU UTARA, PULAU TALIABU, MALUKU UTARA",1,80,91,171
https://kawalpemilu.org#77939,"SAHU, TALIABU UTARA, PULAU TALIABU, MALUKU UTARA",2,53,108,161
https://kawalpemilu.org#77939,"SAHU, TALIABU UTARA, PULAU TALIABU, MALUKU UTARA",3,76,75,151
https://kawalpemilu.org#77939,"SAHU, TALIABU UTARA, PULAU TALIABU, MALUKU UTARA",4,58,92,150
https://kawalpemilu.org#77939,"SAHU, TALIABU UTARA, PULAU TALIABU, MALUKU UTARA",5,62,84,146
https://kawalpemilu.org#86156,"MBONO, TALIABU UTARA, PULAU TALIABU, MALUKU UTARA",1,86,16,102
https://kawalpemilu.org#86157,"HAI, TALIABU UTARA, PULAU TALIABU, MALUKU UTARA",1,55,42,97
https://kawalpemilu.org#86158,"TIKONG, TALIABU UTARA, PULAU TALIABU, MALUKU UTARA",1,63,101,164
https://kawalpemilu.org#86158,"TIKONG, TALIABU UTARA, PULAU TALIABU, MALUKU UTARA",2,73,102,175
https://kawalpemilu.org#86158,"TIKONG, TALIABU UTARA, PULAU TALIABU, MALUKU UTARA",3,69,97,166
https://kawalpemilu.org#86158,"TIKONG, TALIABU UTARA, PULAU TALIABU, MALUKU UTARA",4,74,87,161
https://kawalpemilu.org#86158,"TIKONG, TALIABU UTARA, PULAU TALIABU, MALUKU UTARA",5,63,99,162
https://kawalpemilu.org#86160,"AIR BULAN, TALIABU UTARA, PULAU TALIABU, MALUKU UTARA",1,121,31,152
https://kawalpemilu.org#86161,"AIR KALIMAT, TALIABU UTARA, PULAU TALIABU, MALUKU UTARA",1,85,112,197
https://kawalpemilu.org#86162,"UFUNG, TALIABU UTARA, PULAU TALIABU, MALUKU UTARA",2,56,24,80
https://kawalpemilu.org#86170,"NATANG KUNING, TALIABU UTARA, PULAU TALIABU, MALUKU UTARA",1,117,19,136
https://kawalpemilu.org#89624,"PADANG, TALIABU UTARA, PULAU TALIABU, MALUKU UTARA",1,107,39,146
https://kawalpemilu.org#928880,"NUNU, TALIABU UTARA, PULAU TALIABU, MALUKU UTARA",1,76,111,187
https://kawalpemilu.org#928880,"NUNU, TALIABU UTARA, PULAU TALIABU, MALUKU UTARA",3,47,141,188
https://kawalpemilu.org#928881,"LONDON, TALIABU UTARA, PULAU TALIABU, MALUKU UTARA",1,108,86,194
https://kawalpemilu.org#928881,"LONDON, TALIABU UTARA, PULAU TALIABU, MALUKU UTARA",2,97,84,181
https://kawalpemilu.org#77941,"NGGELE, TALIABU BARAT LAUT, PULAU TALIABU, MALUKU UTARA",1,121,96,217
https://kawalpemilu.org#77941,"NGGELE, TALIABU BARAT LAUT, PULAU TALIABU, MALUKU UTARA",3,75,86,161
https://kawalpemilu.org#86163,"SALATI, TALIABU BARAT LAUT, PULAU TALIABU, MALUKU UTARA",1,84,98,182
https://kawalpemilu.org#86163,"SALATI, TALIABU BARAT LAUT, PULAU TALIABU, MALUKU UTARA",2,58,84,142
https://kawalpemilu.org#86164,"KASONGO, TALIABU BARAT LAUT, PULAU TALIABU, MALUKU UTARA",1,98,141,239
https://kawalpemilu.org#89625,"BERINGIN JAYA, TALIABU BARAT LAUT, PULAU TALIABU, MALUKU UTARA",1,105,92,197
https://kawalpemilu.org#89625,"BERINGIN JAYA, TALIABU BARAT LAUT, PULAU TALIABU, MALUKU UTARA",2,52,11,63
https://kawalpemilu.org#928878,"ONEMAY, TALIABU BARAT LAUT, PULAU TALIABU, MALUKU UTARA",1,82,100,182
https://kawalpemilu.org#928878,"ONEMAY, TALIABU BARAT LAUT, PULAU TALIABU, MALUKU UTARA",2,70,116,186
https://kawalpemilu.org#928878,"ONEMAY, TALIABU BARAT LAUT, PULAU TALIABU, MALUKU UTARA",3,46,119,165
https://kawalpemilu.org#928878,"ONEMAY, TALIABU BARAT LAUT, PULAU TALIABU, MALUKU UTARA",4,94,104,198
https://kawalpemilu.org#928878,"ONEMAY, TALIABU BARAT LAUT, PULAU TALIABU, MALUKU UTARA",5,94,52,146
https://kawalpemilu.org#77943,"BAHU, TALIABU SELATAN, PULAU TALIABU, MALUKU UTARA",2,64,90,154
https://kawalpemilu.org#77943,"BAHU, TALIABU SELATAN, PULAU TALIABU, MALUKU UTARA",3,57,107,164
https://kawalpemilu.org#77944,"BAPENU, TALIABU SELATAN, PULAU TALIABU, MALUKU UTARA",2,59,139,198
https://kawalpemilu.org#77944,"BAPENU, TALIABU SELATAN, PULAU TALIABU, MALUKU UTARA",3,50,150,200
https://kawalpemilu.org#77944,"BAPENU, TALIABU SELATAN, PULAU TALIABU, MALUKU UTARA",4,67,123,190
https://kawalpemilu.org#77945,"KILO, TALIABU SELATAN, PULAU TALIABU, MALUKU UTARA",1,183,20,203
https://kawalpemilu.org#77945,"KILO, TALIABU SELATAN, PULAU TALIABU, MALUKU UTARA",2,157,36,193
https://kawalpemilu.org#77945,"KILO, TALIABU SELATAN, PULAU TALIABU, MALUKU UTARA",3,16,6,22
https://kawalpemilu.org#77946,"PANCADO, TALIABU SELATAN, PULAU TALIABU, MALUKU UTARA",1,124,51,175
https://kawalpemilu.org#77946,"PANCADO, TALIABU SELATAN, PULAU TALIABU, MALUKU UTARA",2,87,93,180
https://kawalpemilu.org#77946,"PANCADO, TALIABU SELATAN, PULAU TALIABU, MALUKU UTARA",3,84,79,163
https://kawalpemilu.org#77946,"PANCADO, TALIABU SELATAN, PULAU TALIABU, MALUKU UTARA",4,17,48,65
https://kawalpemilu.org#77946,"PANCADO, TALIABU SELATAN, PULAU TALIABU, MALUKU UTARA",5,5,23,28
https://kawalpemilu.org#86165,"NGGAKI, TALIABU SELATAN, PULAU TALIABU, MALUKU UTARA",1,192,50,242
https://kawalpemilu.org#86166,"SUMBONG, TALIABU SELATAN, PULAU TALIABU, MALUKU UTARA",1,105,64,169
https://kawalpemilu.org#86166,"SUMBONG, TALIABU SELATAN, PULAU TALIABU, MALUKU UTARA",2,76,70,146
https://kawalpemilu.org#928883,"MALULI, TALIABU SELATAN, PULAU TALIABU, MALUKU UTARA",1,64,106,170
https://kawalpemilu.org#928883,"MALULI, TALIABU SELATAN, PULAU TALIABU, MALUKU UTARA",2,79,114,193
https://kawalpemilu.org#928883,"MALULI, TALIABU SELATAN, PULAU TALIABU, MALUKU UTARA",3,58,126,184
https://kawalpemilu.org#928884,"GALEBO, TALIABU SELATAN, PULAU TALIABU, MALUKU UTARA",1,20,133,153
https://kawalpemilu.org#928884,"GALEBO, TALIABU SELATAN, PULAU TALIABU, MALUKU UTARA",2,20,128,148
https://kawalpemilu.org#928885,"NGGOLI, TALIABU SELATAN, PULAU TALIABU, MALUKU UTARA",1,53,70,123
https://kawalpemilu.org#77953,"LEDE, LEDE, PULAU TALIABU, MALUKU UTARA",1,90,133,223
https://kawalpemilu.org#77953,"LEDE, LEDE, PULAU TALIABU, MALUKU UTARA",2,70,151,221
https://kawalpemilu.org#77953,"LEDE, LEDE, PULAU TALIABU, MALUKU UTARA",3,63,131,194
https://kawalpemilu.org#77953,"LEDE, LEDE, PULAU TALIABU, MALUKU UTARA",4,87,119,206
https://kawalpemilu.org#77953,"LEDE, LEDE, PULAU TALIABU, MALUKU UTARA",5,82,101,183
https://kawalpemilu.org#77953,"LEDE, LEDE, PULAU TALIABU, MALUKU UTARA",6,67,104,171
https://kawalpemilu.org#77954,"TODOLI, LEDE, PULAU TALIABU, MALUKU UTARA",2,27,138,165
https://kawalpemilu.org#77954,"TODOLI, LEDE, PULAU TALIABU, MALUKU UTARA",3,42,188,230
https://kawalpemilu.org#77954,"TODOLI, LEDE, PULAU TALIABU, MALUKU UTARA",4,19,187,206
https://kawalpemilu.org#77955,"TOLONG, LEDE, PULAU TALIABU, MALUKU UTARA",2,156,53,209
https://kawalpemilu.org#77955,"TOLONG, LEDE, PULAU TALIABU, MALUKU UTARA",3,54,24,78
https://kawalpemilu.org#86171,"LANGGANU, LEDE, PULAU TALIABU, MALUKU UTARA",1,134,57,191
https://kawalpemilu.org#86171,"LANGGANU, LEDE, PULAU TALIABU, MALUKU UTARA",2,86,94,180
https://kawalpemilu.org#86171,"LANGGANU, LEDE, PULAU TALIABU, MALUKU UTARA",3,72,121,193
https://kawalpemilu.org#86171,"LANGGANU, LEDE, PULAU TALIABU, MALUKU UTARA",4,113,86,199
https://kawalpemilu.org#928879,"BALOHANG, LEDE, PULAU TALIABU, MALUKU UTARA",1,108,122,230
https://kawalpemilu.org#928879,"BALOHANG, LEDE, PULAU TALIABU, MALUKU UTARA",2,84,127,211
https://kawalpemilu.org#928879,"BALOHANG, LEDE, PULAU TALIABU, MALUKU UTARA",4,73,161,234
https://kawalpemilu.org#77889,"KABUNU, TABONA, PULAU TALIABU, MALUKU UTARA",1,86,80,166
https://kawalpemilu.org#77889,"KABUNU, TABONA, PULAU TALIABU, MALUKU UTARA",2,72,93,165
https://kawalpemilu.org#77947,"TABONA, TABONA, PULAU TALIABU, MALUKU UTARA",1,30,151,181
https://kawalpemilu.org#77947,"TABONA, TABONA, PULAU TALIABU, MALUKU UTARA",2,32,140,172
https://kawalpemilu.org#77947,"TABONA, TABONA, PULAU TALIABU, MALUKU UTARA",3,29,114,143
https://kawalpemilu.org#928886,"PELENG, TABONA, PULAU TALIABU, MALUKU UTARA",1,24,83,107
https://kawalpemilu.org#928887,"FAYAUNANA, TABONA, PULAU TALIABU, MALUKU UTARA",1,66,43,109
https://kawalpemilu.org#928888,"HABUNUHA, TABONA, PULAU TALIABU, MALUKU UTARA",1,12,119,131
https://kawalpemilu.org#928888,"HABUNUHA, TABONA, PULAU TALIABU, MALUKU UTARA",2,24,107,131
https://kawalpemilu.org#928889,"KATAGA, TABONA, PULAU TALIABU, MALUKU UTARA",1,78,8,86
https://kawalpemilu.org#928890,"WOLIO, TABONA, PULAU TALIABU, MALUKU UTARA",1,27,110,137
https://kawalpemilu.org#928890,"WOLIO, TABONA, PULAU TALIABU, MALUKU UTARA",2,22,130,152
