Link KawalPemilu,Nama Kelurahan,Nomor TPS,Suara 01,Suara 02,Suara Sah
https://kawalpemilu.org#14089,"SELATPANJANG KOTA, TEBING TINGGI, KEPULAUAN MERANTI, RIAU",1,44,111,155
https://kawalpemilu.org#14089,"SELATPANJANG KOTA, TEBING TINGGI, KEPULAUAN MERANTI, RIAU",2,103,96,199
https://kawalpemilu.org#14089,"SELATPANJANG KOTA, TEBING TINGGI, KEPULAUAN MERANTI, RIAU",3,69,56,125
https://kawalpemilu.org#14089,"SELATPANJANG KOTA, TEBING TINGGI, KEPULAUAN MERANTI, RIAU",4,94,106,200
https://kawalpemilu.org#14089,"SELATPANJANG KOTA, TEBING TINGGI, KEPULAUAN MERANTI, RIAU",5,87,57,144
https://kawalpemilu.org#14089,"SELATPANJANG KOTA, TEBING TINGGI, KEPULAUAN MERANTI, RIAU",6,47,124,171
https://kawalpemilu.org#14089,"SELATPANJANG KOTA, TEBING TINGGI, KEPULAUAN MERANTI, RIAU",7,84,75,159
https://kawalpemilu.org#14089,"SELATPANJANG KOTA, TEBING TINGGI, KEPULAUAN MERANTI, RIAU",8,51,197,248
https://kawalpemilu.org#14089,"SELATPANJANG KOTA, TEBING TINGGI, KEPULAUAN MERANTI, RIAU",9,45,92,137
https://kawalpemilu.org#14089,"SELATPANJANG KOTA, TEBING TINGGI, KEPULAUAN MERANTI, RIAU",10,94,64,158
https://kawalpemilu.org#14089,"SELATPANJANG KOTA, TEBING TINGGI, KEPULAUAN MERANTI, RIAU",11,46,101,147
https://kawalpemilu.org#14089,"SELATPANJANG KOTA, TEBING TINGGI, KEPULAUAN MERANTI, RIAU",12,61,134,195
https://kawalpemilu.org#14089,"SELATPANJANG KOTA, TEBING TINGGI, KEPULAUAN MERANTI, RIAU",13,111,62,173
https://kawalpemilu.org#14089,"SELATPANJANG KOTA, TEBING TINGGI, KEPULAUAN MERANTI, RIAU",14,84,137,221
https://kawalpemilu.org#14089,"SELATPANJANG KOTA, TEBING TINGGI, KEPULAUAN MERANTI, RIAU",15,94,20,114
https://kawalpemilu.org#14089,"SELATPANJANG KOTA, TEBING TINGGI, KEPULAUAN MERANTI, RIAU",16,41,181,222
https://kawalpemilu.org#14089,"SELATPANJANG KOTA, TEBING TINGGI, KEPULAUAN MERANTI, RIAU",17,62,139,201
https://kawalpemilu.org#14089,"SELATPANJANG KOTA, TEBING TINGGI, KEPULAUAN MERANTI, RIAU",18,37,179,216
https://kawalpemilu.org#14089,"SELATPANJANG KOTA, TEBING TINGGI, KEPULAUAN MERANTI, RIAU",19,29,179,208
https://kawalpemilu.org#14089,"SELATPANJANG KOTA, TEBING TINGGI, KEPULAUAN MERANTI, RIAU",20,50,140,190
https://kawalpemilu.org#14089,"SELATPANJANG KOTA, TEBING TINGGI, KEPULAUAN MERANTI, RIAU",21,81,112,193
https://kawalpemilu.org#14089,"SELATPANJANG KOTA, TEBING TINGGI, KEPULAUAN MERANTI, RIAU",22,66,89,155
https://kawalpemilu.org#14089,"SELATPANJANG KOTA, TEBING TINGGI, KEPULAUAN MERANTI, RIAU",23,54,58,112
https://kawalpemilu.org#14089,"SELATPANJANG KOTA, TEBING TINGGI, KEPULAUAN MERANTI, RIAU",24,32,132,164
https://kawalpemilu.org#14089,"SELATPANJANG KOTA, TEBING TINGGI, KEPULAUAN MERANTI, RIAU",25,127,48,175
https://kawalpemilu.org#14089,"SELATPANJANG KOTA, TEBING TINGGI, KEPULAUAN MERANTI, RIAU",26,53,81,134
https://kawalpemilu.org#14089,"SELATPANJANG KOTA, TEBING TINGGI, KEPULAUAN MERANTI, RIAU",27,55,155,210
https://kawalpemilu.org#14089,"SELATPANJANG KOTA, TEBING TINGGI, KEPULAUAN MERANTI, RIAU",28,49,128,177
https://kawalpemilu.org#14089,"SELATPANJANG KOTA, TEBING TINGGI, KEPULAUAN MERANTI, RIAU",29,72,121,193
https://kawalpemilu.org#14089,"SELATPANJANG KOTA, TEBING TINGGI, KEPULAUAN MERANTI, RIAU",30,58,113,171
https://kawalpemilu.org#14089,"SELATPANJANG KOTA, TEBING TINGGI, KEPULAUAN MERANTI, RIAU",31,39,67,106
https://kawalpemilu.org#14090,"SELATPANJANG BARAT, TEBING TINGGI, KEPULAUAN MERANTI, RIAU",1,127,21,148
https://kawalpemilu.org#14090,"SELATPANJANG BARAT, TEBING TINGGI, KEPULAUAN MERANTI, RIAU",2,131,42,173
https://kawalpemilu.org#14090,"SELATPANJANG BARAT, TEBING TINGGI, KEPULAUAN MERANTI, RIAU",3,99,47,146
https://kawalpemilu.org#14090,"SELATPANJANG BARAT, TEBING TINGGI, KEPULAUAN MERANTI, RIAU",4,134,11,145
https://kawalpemilu.org#14090,"SELATPANJANG BARAT, TEBING TINGGI, KEPULAUAN MERANTI, RIAU",5,142,2,144
https://kawalpemilu.org#14090,"SELATPANJANG BARAT, TEBING TINGGI, KEPULAUAN MERANTI, RIAU",6,94,12,106
https://kawalpemilu.org#14090,"SELATPANJANG BARAT, TEBING TINGGI, KEPULAUAN MERANTI, RIAU",7,119,68,187
https://kawalpemilu.org#14090,"SELATPANJANG BARAT, TEBING TINGGI, KEPULAUAN MERANTI, RIAU",8,145,8,153
https://kawalpemilu.org#14090,"SELATPANJANG BARAT, TEBING TINGGI, KEPULAUAN MERANTI, RIAU",9,126,12,138
https://kawalpemilu.org#14090,"SELATPANJANG BARAT, TEBING TINGGI, KEPULAUAN MERANTI, RIAU",10,144,5,149
https://kawalpemilu.org#14090,"SELATPANJANG BARAT, TEBING TINGGI, KEPULAUAN MERANTI, RIAU",11,88,1,89
https://kawalpemilu.org#14090,"SELATPANJANG BARAT, TEBING TINGGI, KEPULAUAN MERANTI, RIAU",12,93,24,117
https://kawalpemilu.org#14090,"SELATPANJANG BARAT, TEBING TINGGI, KEPULAUAN MERANTI, RIAU",13,102,43,145
https://kawalpemilu.org#14090,"SELATPANJANG BARAT, TEBING TINGGI, KEPULAUAN MERANTI, RIAU",14,83,14,97
https://kawalpemilu.org#14090,"SELATPANJANG BARAT, TEBING TINGGI, KEPULAUAN MERANTI, RIAU",15,102,4,106
https://kawalpemilu.org#14090,"SELATPANJANG BARAT, TEBING TINGGI, KEPULAUAN MERANTI, RIAU",16,111,5,116
https://kawalpemilu.org#14090,"SELATPANJANG BARAT, TEBING TINGGI, KEPULAUAN MERANTI, RIAU",17,82,11,93
https://kawalpemilu.org#14091,"SELATPANJANG SELATAN, TEBING TINGGI, KEPULAUAN MERANTI, RIAU",1,87,11,98
https://kawalpemilu.org#14091,"SELATPANJANG SELATAN, TEBING TINGGI, KEPULAUAN MERANTI, RIAU",2,114,17,131
https://kawalpemilu.org#14091,"SELATPANJANG SELATAN, TEBING TINGGI, KEPULAUAN MERANTI, RIAU",3,90,45,135
https://kawalpemilu.org#14091,"SELATPANJANG SELATAN, TEBING TINGGI, KEPULAUAN MERANTI, RIAU",4,104,74,178
https://kawalpemilu.org#14091,"SELATPANJANG SELATAN, TEBING TINGGI, KEPULAUAN MERANTI, RIAU",5,141,8,149
https://kawalpemilu.org#14091,"SELATPANJANG SELATAN, TEBING TINGGI, KEPULAUAN MERANTI, RIAU",6,69,124,193
https://kawalpemilu.org#14091,"SELATPANJANG SELATAN, TEBING TINGGI, KEPULAUAN MERANTI, RIAU",7,45,119,164
https://kawalpemilu.org#14091,"SELATPANJANG SELATAN, TEBING TINGGI, KEPULAUAN MERANTI, RIAU",8,26,108,134
https://kawalpemilu.org#14091,"SELATPANJANG SELATAN, TEBING TINGGI, KEPULAUAN MERANTI, RIAU",9,86,96,182
https://kawalpemilu.org#14091,"SELATPANJANG SELATAN, TEBING TINGGI, KEPULAUAN MERANTI, RIAU",10,32,165,197
https://kawalpemilu.org#14091,"SELATPANJANG SELATAN, TEBING TINGGI, KEPULAUAN MERANTI, RIAU",11,82,81,163
https://kawalpemilu.org#14091,"SELATPANJANG SELATAN, TEBING TINGGI, KEPULAUAN MERANTI, RIAU",12,86,115,201
https://kawalpemilu.org#14091,"SELATPANJANG SELATAN, TEBING TINGGI, KEPULAUAN MERANTI, RIAU",13,65,7,72
https://kawalpemilu.org#14091,"SELATPANJANG SELATAN, TEBING TINGGI, KEPULAUAN MERANTI, RIAU",14,91,95,186
https://kawalpemilu.org#14091,"SELATPANJANG SELATAN, TEBING TINGGI, KEPULAUAN MERANTI, RIAU",15,86,110,196
https://kawalpemilu.org#14091,"SELATPANJANG SELATAN, TEBING TINGGI, KEPULAUAN MERANTI, RIAU",16,54,163,217
https://kawalpemilu.org#14091,"SELATPANJANG SELATAN, TEBING TINGGI, KEPULAUAN MERANTI, RIAU",17,56,136,192
https://kawalpemilu.org#14091,"SELATPANJANG SELATAN, TEBING TINGGI, KEPULAUAN MERANTI, RIAU",18,40,118,158
https://kawalpemilu.org#14091,"SELATPANJANG SELATAN, TEBING TINGGI, KEPULAUAN MERANTI, RIAU",19,118,9,127
https://kawalpemilu.org#14091,"SELATPANJANG SELATAN, TEBING TINGGI, KEPULAUAN MERANTI, RIAU",20,93,16,109
https://kawalpemilu.org#14091,"SELATPANJANG SELATAN, TEBING TINGGI, KEPULAUAN MERANTI, RIAU",21,75,113,188
https://kawalpemilu.org#14091,"SELATPANJANG SELATAN, TEBING TINGGI, KEPULAUAN MERANTI, RIAU",22,87,22,109
https://kawalpemilu.org#14091,"SELATPANJANG SELATAN, TEBING TINGGI, KEPULAUAN MERANTI, RIAU",23,88,70,158
https://kawalpemilu.org#14091,"SELATPANJANG SELATAN, TEBING TINGGI, KEPULAUAN MERANTI, RIAU",24,57,116,173
https://kawalpemilu.org#14091,"SELATPANJANG SELATAN, TEBING TINGGI, KEPULAUAN MERANTI, RIAU",25,25,61,86
https://kawalpemilu.org#14091,"SELATPANJANG SELATAN, TEBING TINGGI, KEPULAUAN MERANTI, RIAU",26,49,77,126
https://kawalpemilu.org#14091,"SELATPANJANG SELATAN, TEBING TINGGI, KEPULAUAN MERANTI, RIAU",27,74,95,169
https://kawalpemilu.org#14091,"SELATPANJANG SELATAN, TEBING TINGGI, KEPULAUAN MERANTI, RIAU",28,102,2,104
https://kawalpemilu.org#14091,"SELATPANJANG SELATAN, TEBING TINGGI, KEPULAUAN MERANTI, RIAU",29,52,177,229
https://kawalpemilu.org#14091,"SELATPANJANG SELATAN, TEBING TINGGI, KEPULAUAN MERANTI, RIAU",30,40,111,151
https://kawalpemilu.org#14092,"SELATPANJANG TIMUR, TEBING TINGGI, KEPULAUAN MERANTI, RIAU",1,64,168,232
https://kawalpemilu.org#14092,"SELATPANJANG TIMUR, TEBING TINGGI, KEPULAUAN MERANTI, RIAU",2,65,136,201
https://kawalpemilu.org#14092,"SELATPANJANG TIMUR, TEBING TINGGI, KEPULAUAN MERANTI, RIAU",3,58,88,146
https://kawalpemilu.org#14092,"SELATPANJANG TIMUR, TEBING TINGGI, KEPULAUAN MERANTI, RIAU",4,44,112,156
https://kawalpemilu.org#14092,"SELATPANJANG TIMUR, TEBING TINGGI, KEPULAUAN MERANTI, RIAU",5,48,195,243
https://kawalpemilu.org#14092,"SELATPANJANG TIMUR, TEBING TINGGI, KEPULAUAN MERANTI, RIAU",6,116,137,253
https://kawalpemilu.org#14092,"SELATPANJANG TIMUR, TEBING TINGGI, KEPULAUAN MERANTI, RIAU",7,32,128,160
https://kawalpemilu.org#14092,"SELATPANJANG TIMUR, TEBING TINGGI, KEPULAUAN MERANTI, RIAU",8,39,128,167
https://kawalpemilu.org#14092,"SELATPANJANG TIMUR, TEBING TINGGI, KEPULAUAN MERANTI, RIAU",9,53,147,200
https://kawalpemilu.org#14092,"SELATPANJANG TIMUR, TEBING TINGGI, KEPULAUAN MERANTI, RIAU",10,43,123,166
https://kawalpemilu.org#14092,"SELATPANJANG TIMUR, TEBING TINGGI, KEPULAUAN MERANTI, RIAU",11,53,83,136
https://kawalpemilu.org#14092,"SELATPANJANG TIMUR, TEBING TINGGI, KEPULAUAN MERANTI, RIAU",12,43,146,189
https://kawalpemilu.org#14092,"SELATPANJANG TIMUR, TEBING TINGGI, KEPULAUAN MERANTI, RIAU",13,67,99,166
https://kawalpemilu.org#14092,"SELATPANJANG TIMUR, TEBING TINGGI, KEPULAUAN MERANTI, RIAU",14,35,107,142
https://kawalpemilu.org#14092,"SELATPANJANG TIMUR, TEBING TINGGI, KEPULAUAN MERANTI, RIAU",15,38,134,172
https://kawalpemilu.org#14092,"SELATPANJANG TIMUR, TEBING TINGGI, KEPULAUAN MERANTI, RIAU",16,63,102,165
https://kawalpemilu.org#14092,"SELATPANJANG TIMUR, TEBING TINGGI, KEPULAUAN MERANTI, RIAU",17,35,186,221
https://kawalpemilu.org#14092,"SELATPANJANG TIMUR, TEBING TINGGI, KEPULAUAN MERANTI, RIAU",18,52,137,189
https://kawalpemilu.org#14092,"SELATPANJANG TIMUR, TEBING TINGGI, KEPULAUAN MERANTI, RIAU",20,54,174,228
https://kawalpemilu.org#14092,"SELATPANJANG TIMUR, TEBING TINGGI, KEPULAUAN MERANTI, RIAU",21,48,152,200
https://kawalpemilu.org#14092,"SELATPANJANG TIMUR, TEBING TINGGI, KEPULAUAN MERANTI, RIAU",22,48,101,149
https://kawalpemilu.org#14092,"SELATPANJANG TIMUR, TEBING TINGGI, KEPULAUAN MERANTI, RIAU",23,83,103,186
https://kawalpemilu.org#14092,"SELATPANJANG TIMUR, TEBING TINGGI, KEPULAUAN MERANTI, RIAU",24,40,87,127
https://kawalpemilu.org#14092,"SELATPANJANG TIMUR, TEBING TINGGI, KEPULAUAN MERANTI, RIAU",25,24,183,207
https://kawalpemilu.org#14092,"SELATPANJANG TIMUR, TEBING TINGGI, KEPULAUAN MERANTI, RIAU",26,38,172,210
https://kawalpemilu.org#14092,"SELATPANJANG TIMUR, TEBING TINGGI, KEPULAUAN MERANTI, RIAU",27,53,181,234
https://kawalpemilu.org#14092,"SELATPANJANG TIMUR, TEBING TINGGI, KEPULAUAN MERANTI, RIAU",28,65,92,157
https://kawalpemilu.org#14092,"SELATPANJANG TIMUR, TEBING TINGGI, KEPULAUAN MERANTI, RIAU",29,64,49,113
https://kawalpemilu.org#14092,"SELATPANJANG TIMUR, TEBING TINGGI, KEPULAUAN MERANTI, RIAU",30,54,97,151
https://kawalpemilu.org#14092,"SELATPANJANG TIMUR, TEBING TINGGI, KEPULAUAN MERANTI, RIAU",31,54,29,83
https://kawalpemilu.org#14092,"SELATPANJANG TIMUR, TEBING TINGGI, KEPULAUAN MERANTI, RIAU",32,65,130,195
https://kawalpemilu.org#14092,"SELATPANJANG TIMUR, TEBING TINGGI, KEPULAUAN MERANTI, RIAU",33,67,49,116
https://kawalpemilu.org#14092,"SELATPANJANG TIMUR, TEBING TINGGI, KEPULAUAN MERANTI, RIAU",34,109,61,170
https://kawalpemilu.org#14092,"SELATPANJANG TIMUR, TEBING TINGGI, KEPULAUAN MERANTI, RIAU",35,82,57,139
https://kawalpemilu.org#14092,"SELATPANJANG TIMUR, TEBING TINGGI, KEPULAUAN MERANTI, RIAU",36,98,41,139
https://kawalpemilu.org#14092,"SELATPANJANG TIMUR, TEBING TINGGI, KEPULAUAN MERANTI, RIAU",37,63,67,130
https://kawalpemilu.org#14092,"SELATPANJANG TIMUR, TEBING TINGGI, KEPULAUAN MERANTI, RIAU",38,29,68,97
https://kawalpemilu.org#14092,"SELATPANJANG TIMUR, TEBING TINGGI, KEPULAUAN MERANTI, RIAU",39,45,141,186
https://kawalpemilu.org#14092,"SELATPANJANG TIMUR, TEBING TINGGI, KEPULAUAN MERANTI, RIAU",40,38,143,181
https://kawalpemilu.org#14092,"SELATPANJANG TIMUR, TEBING TINGGI, KEPULAUAN MERANTI, RIAU",41,56,133,189
https://kawalpemilu.org#14092,"SELATPANJANG TIMUR, TEBING TINGGI, KEPULAUAN MERANTI, RIAU",42,54,112,166
https://kawalpemilu.org#14092,"SELATPANJANG TIMUR, TEBING TINGGI, KEPULAUAN MERANTI, RIAU",43,57,129,186
https://kawalpemilu.org#14092,"SELATPANJANG TIMUR, TEBING TINGGI, KEPULAUAN MERANTI, RIAU",44,47,141,188
https://kawalpemilu.org#14092,"SELATPANJANG TIMUR, TEBING TINGGI, KEPULAUAN MERANTI, RIAU",45,30,151,181
https://kawalpemilu.org#14092,"SELATPANJANG TIMUR, TEBING TINGGI, KEPULAUAN MERANTI, RIAU",46,53,136,189
https://kawalpemilu.org#14092,"SELATPANJANG TIMUR, TEBING TINGGI, KEPULAUAN MERANTI, RIAU",47,47,158,205
https://kawalpemilu.org#14092,"SELATPANJANG TIMUR, TEBING TINGGI, KEPULAUAN MERANTI, RIAU",48,26,149,175
https://kawalpemilu.org#14092,"SELATPANJANG TIMUR, TEBING TINGGI, KEPULAUAN MERANTI, RIAU",49,22,201,223
https://kawalpemilu.org#14092,"SELATPANJANG TIMUR, TEBING TINGGI, KEPULAUAN MERANTI, RIAU",50,69,93,162
https://kawalpemilu.org#14092,"SELATPANJANG TIMUR, TEBING TINGGI, KEPULAUAN MERANTI, RIAU",51,45,67,112
https://kawalpemilu.org#14093,"BANGLAS, TEBING TINGGI, KEPULAUAN MERANTI, RIAU",1,57,120,177
https://kawalpemilu.org#14093,"BANGLAS, TEBING TINGGI, KEPULAUAN MERANTI, RIAU",2,80,123,203
https://kawalpemilu.org#14093,"BANGLAS, TEBING TINGGI, KEPULAUAN MERANTI, RIAU",3,80,75,155
https://kawalpemilu.org#14093,"BANGLAS, TEBING TINGGI, KEPULAUAN MERANTI, RIAU",4,88,97,185
https://kawalpemilu.org#14093,"BANGLAS, TEBING TINGGI, KEPULAUAN MERANTI, RIAU",5,92,89,181
https://kawalpemilu.org#14093,"BANGLAS, TEBING TINGGI, KEPULAUAN MERANTI, RIAU",6,83,105,188
https://kawalpemilu.org#14093,"BANGLAS, TEBING TINGGI, KEPULAUAN MERANTI, RIAU",7,73,127,200
https://kawalpemilu.org#14093,"BANGLAS, TEBING TINGGI, KEPULAUAN MERANTI, RIAU",8,60,135,195
https://kawalpemilu.org#14093,"BANGLAS, TEBING TINGGI, KEPULAUAN MERANTI, RIAU",9,58,139,197
https://kawalpemilu.org#14093,"BANGLAS, TEBING TINGGI, KEPULAUAN MERANTI, RIAU",10,25,131,156
https://kawalpemilu.org#14093,"BANGLAS, TEBING TINGGI, KEPULAUAN MERANTI, RIAU",11,53,125,178
https://kawalpemilu.org#14093,"BANGLAS, TEBING TINGGI, KEPULAUAN MERANTI, RIAU",12,57,156,213
https://kawalpemilu.org#14093,"BANGLAS, TEBING TINGGI, KEPULAUAN MERANTI, RIAU",13,41,162,203
https://kawalpemilu.org#14093,"BANGLAS, TEBING TINGGI, KEPULAUAN MERANTI, RIAU",14,23,183,206
https://kawalpemilu.org#14093,"BANGLAS, TEBING TINGGI, KEPULAUAN MERANTI, RIAU",15,56,140,196
https://kawalpemilu.org#14093,"BANGLAS, TEBING TINGGI, KEPULAUAN MERANTI, RIAU",16,37,161,198
https://kawalpemilu.org#14093,"BANGLAS, TEBING TINGGI, KEPULAUAN MERANTI, RIAU",17,34,162,196
https://kawalpemilu.org#14093,"BANGLAS, TEBING TINGGI, KEPULAUAN MERANTI, RIAU",18,51,132,183
https://kawalpemilu.org#14093,"BANGLAS, TEBING TINGGI, KEPULAUAN MERANTI, RIAU",19,48,137,185
https://kawalpemilu.org#14094,"ALAH AIR, TEBING TINGGI, KEPULAUAN MERANTI, RIAU",1,41,170,211
https://kawalpemilu.org#14094,"ALAH AIR, TEBING TINGGI, KEPULAUAN MERANTI, RIAU",2,125,112,237
https://kawalpemilu.org#14094,"ALAH AIR, TEBING TINGGI, KEPULAUAN MERANTI, RIAU",3,89,115,204
https://kawalpemilu.org#14094,"ALAH AIR, TEBING TINGGI, KEPULAUAN MERANTI, RIAU",4,110,115,225
https://kawalpemilu.org#14094,"ALAH AIR, TEBING TINGGI, KEPULAUAN MERANTI, RIAU",5,82,133,215
https://kawalpemilu.org#14094,"ALAH AIR, TEBING TINGGI, KEPULAUAN MERANTI, RIAU",6,98,146,244
https://kawalpemilu.org#14094,"ALAH AIR, TEBING TINGGI, KEPULAUAN MERANTI, RIAU",7,80,120,200
https://kawalpemilu.org#14094,"ALAH AIR, TEBING TINGGI, KEPULAUAN MERANTI, RIAU",8,94,95,189
https://kawalpemilu.org#14094,"ALAH AIR, TEBING TINGGI, KEPULAUAN MERANTI, RIAU",9,141,44,185
https://kawalpemilu.org#14094,"ALAH AIR, TEBING TINGGI, KEPULAUAN MERANTI, RIAU",10,93,43,136
https://kawalpemilu.org#14094,"ALAH AIR, TEBING TINGGI, KEPULAUAN MERANTI, RIAU",11,87,147,234
https://kawalpemilu.org#14094,"ALAH AIR, TEBING TINGGI, KEPULAUAN MERANTI, RIAU",12,82,118,200
https://kawalpemilu.org#14094,"ALAH AIR, TEBING TINGGI, KEPULAUAN MERANTI, RIAU",13,98,119,217
https://kawalpemilu.org#14094,"ALAH AIR, TEBING TINGGI, KEPULAUAN MERANTI, RIAU",14,91,116,207
https://kawalpemilu.org#14094,"ALAH AIR, TEBING TINGGI, KEPULAUAN MERANTI, RIAU",15,74,126,200
https://kawalpemilu.org#14094,"ALAH AIR, TEBING TINGGI, KEPULAUAN MERANTI, RIAU",16,83,54,137
https://kawalpemilu.org#14095,"ALAH AIR TIMUR, TEBING TINGGI, KEPULAUAN MERANTI, RIAU",1,66,144,210
https://kawalpemilu.org#14095,"ALAH AIR TIMUR, TEBING TINGGI, KEPULAUAN MERANTI, RIAU",2,60,126,186
https://kawalpemilu.org#14095,"ALAH AIR TIMUR, TEBING TINGGI, KEPULAUAN MERANTI, RIAU",3,73,116,189
https://kawalpemilu.org#14095,"ALAH AIR TIMUR, TEBING TINGGI, KEPULAUAN MERANTI, RIAU",4,87,122,209
https://kawalpemilu.org#14095,"ALAH AIR TIMUR, TEBING TINGGI, KEPULAUAN MERANTI, RIAU",5,77,114,191
https://kawalpemilu.org#14095,"ALAH AIR TIMUR, TEBING TINGGI, KEPULAUAN MERANTI, RIAU",6,94,98,192
https://kawalpemilu.org#14095,"ALAH AIR TIMUR, TEBING TINGGI, KEPULAUAN MERANTI, RIAU",7,101,110,211
https://kawalpemilu.org#14095,"ALAH AIR TIMUR, TEBING TINGGI, KEPULAUAN MERANTI, RIAU",8,85,117,202
https://kawalpemilu.org#14095,"ALAH AIR TIMUR, TEBING TINGGI, KEPULAUAN MERANTI, RIAU",9,90,104,194
https://kawalpemilu.org#14095,"ALAH AIR TIMUR, TEBING TINGGI, KEPULAUAN MERANTI, RIAU",10,57,134,191
https://kawalpemilu.org#14096,"SESAP, TEBING TINGGI, KEPULAUAN MERANTI, RIAU",1,123,49,172
https://kawalpemilu.org#14096,"SESAP, TEBING TINGGI, KEPULAUAN MERANTI, RIAU",2,161,18,179
https://kawalpemilu.org#14104,"BANGLAS BARAT, TEBING TINGGI, KEPULAUAN MERANTI, RIAU",1,68,125,193
https://kawalpemilu.org#14104,"BANGLAS BARAT, TEBING TINGGI, KEPULAUAN MERANTI, RIAU",2,55,142,197
https://kawalpemilu.org#14104,"BANGLAS BARAT, TEBING TINGGI, KEPULAUAN MERANTI, RIAU",3,71,102,173
https://kawalpemilu.org#14104,"BANGLAS BARAT, TEBING TINGGI, KEPULAUAN MERANTI, RIAU",4,73,72,145
https://kawalpemilu.org#14104,"BANGLAS BARAT, TEBING TINGGI, KEPULAUAN MERANTI, RIAU",5,96,77,173
https://kawalpemilu.org#14104,"BANGLAS BARAT, TEBING TINGGI, KEPULAUAN MERANTI, RIAU",6,68,55,123
https://kawalpemilu.org#14104,"BANGLAS BARAT, TEBING TINGGI, KEPULAUAN MERANTI, RIAU",7,73,78,151
https://kawalpemilu.org#14104,"BANGLAS BARAT, TEBING TINGGI, KEPULAUAN MERANTI, RIAU",8,49,88,137
https://kawalpemilu.org#14104,"BANGLAS BARAT, TEBING TINGGI, KEPULAUAN MERANTI, RIAU",9,52,94,146
https://kawalpemilu.org#14104,"BANGLAS BARAT, TEBING TINGGI, KEPULAUAN MERANTI, RIAU",10,99,101,200
https://kawalpemilu.org#14104,"BANGLAS BARAT, TEBING TINGGI, KEPULAUAN MERANTI, RIAU",11,62,89,151
https://kawalpemilu.org#14104,"BANGLAS BARAT, TEBING TINGGI, KEPULAUAN MERANTI, RIAU",12,60,100,160
https://kawalpemilu.org#14104,"BANGLAS BARAT, TEBING TINGGI, KEPULAUAN MERANTI, RIAU",13,76,81,157
https://kawalpemilu.org#14104,"BANGLAS BARAT, TEBING TINGGI, KEPULAUAN MERANTI, RIAU",14,107,95,202
https://kawalpemilu.org#14106,"SEGOMENG, RANGSANG BARAT, KEPULAUAN MERANTI, RIAU",1,66,121,187
https://kawalpemilu.org#14106,"SEGOMENG, RANGSANG BARAT, KEPULAUAN MERANTI, RIAU",2,50,120,170
https://kawalpemilu.org#14106,"SEGOMENG, RANGSANG BARAT, KEPULAUAN MERANTI, RIAU",3,54,117,171
https://kawalpemilu.org#14106,"SEGOMENG, RANGSANG BARAT, KEPULAUAN MERANTI, RIAU",4,43,124,167
https://kawalpemilu.org#14107,"BANTAR, RANGSANG BARAT, KEPULAUAN MERANTI, RIAU",1,43,140,183
https://kawalpemilu.org#14107,"BANTAR, RANGSANG BARAT, KEPULAUAN MERANTI, RIAU",2,56,122,178
https://kawalpemilu.org#14107,"BANTAR, RANGSANG BARAT, KEPULAUAN MERANTI, RIAU",3,40,109,149
https://kawalpemilu.org#14107,"BANTAR, RANGSANG BARAT, KEPULAUAN MERANTI, RIAU",4,39,85,124
https://kawalpemilu.org#14107,"BANTAR, RANGSANG BARAT, KEPULAUAN MERANTI, RIAU",5,95,84,179
https://kawalpemilu.org#14107,"BANTAR, RANGSANG BARAT, KEPULAUAN MERANTI, RIAU",6,35,68,103
https://kawalpemilu.org#14107,"BANTAR, RANGSANG BARAT, KEPULAUAN MERANTI, RIAU",7,33,53,86
https://kawalpemilu.org#14107,"BANTAR, RANGSANG BARAT, KEPULAUAN MERANTI, RIAU",8,51,120,171
https://kawalpemilu.org#14108,"ANAK SETATAH, RANGSANG BARAT, KEPULAUAN MERANTI, RIAU",1,83,77,160
https://kawalpemilu.org#14108,"ANAK SETATAH, RANGSANG BARAT, KEPULAUAN MERANTI, RIAU",2,56,109,165
https://kawalpemilu.org#14108,"ANAK SETATAH, RANGSANG BARAT, KEPULAUAN MERANTI, RIAU",3,83,98,181
https://kawalpemilu.org#14108,"ANAK SETATAH, RANGSANG BARAT, KEPULAUAN MERANTI, RIAU",4,45,45,90
https://kawalpemilu.org#14108,"ANAK SETATAH, RANGSANG BARAT, KEPULAUAN MERANTI, RIAU",5,56,105,161
https://kawalpemilu.org#14109,"LEMANG, RANGSANG BARAT, KEPULAUAN MERANTI, RIAU",1,39,74,113
https://kawalpemilu.org#14109,"LEMANG, RANGSANG BARAT, KEPULAUAN MERANTI, RIAU",2,48,69,117
https://kawalpemilu.org#14109,"LEMANG, RANGSANG BARAT, KEPULAUAN MERANTI, RIAU",3,59,122,181
https://kawalpemilu.org#14109,"LEMANG, RANGSANG BARAT, KEPULAUAN MERANTI, RIAU",4,75,109,184
https://kawalpemilu.org#14109,"LEMANG, RANGSANG BARAT, KEPULAUAN MERANTI, RIAU",5,67,102,169
https://kawalpemilu.org#14110,"BOKOR, RANGSANG BARAT, KEPULAUAN MERANTI, RIAU",1,40,132,172
https://kawalpemilu.org#14110,"BOKOR, RANGSANG BARAT, KEPULAUAN MERANTI, RIAU",2,26,165,191
https://kawalpemilu.org#14110,"BOKOR, RANGSANG BARAT, KEPULAUAN MERANTI, RIAU",3,26,124,150
https://kawalpemilu.org#14110,"BOKOR, RANGSANG BARAT, KEPULAUAN MERANTI, RIAU",4,57,91,126
https://kawalpemilu.org#14110,"BOKOR, RANGSANG BARAT, KEPULAUAN MERANTI, RIAU",5,66,89,155
https://kawalpemilu.org#14110,"BOKOR, RANGSANG BARAT, KEPULAUAN MERANTI, RIAU",6,79,93,172
https://kawalpemilu.org#14110,"BOKOR, RANGSANG BARAT, KEPULAUAN MERANTI, RIAU",7,27,108,135
https://kawalpemilu.org#14110,"BOKOR, RANGSANG BARAT, KEPULAUAN MERANTI, RIAU",8,61,109,170
https://kawalpemilu.org#14110,"BOKOR, RANGSANG BARAT, KEPULAUAN MERANTI, RIAU",9,85,50,135
https://kawalpemilu.org#14110,"BOKOR, RANGSANG BARAT, KEPULAUAN MERANTI, RIAU",10,54,119,173
https://kawalpemilu.org#14110,"BOKOR, RANGSANG BARAT, KEPULAUAN MERANTI, RIAU",11,71,66,137
https://kawalpemilu.org#14111,"SUNGAI CINA, RANGSANG BARAT, KEPULAUAN MERANTI, RIAU",1,38,134,172
https://kawalpemilu.org#14111,"SUNGAI CINA, RANGSANG BARAT, KEPULAUAN MERANTI, RIAU",2,37,115,152
https://kawalpemilu.org#14111,"SUNGAI CINA, RANGSANG BARAT, KEPULAUAN MERANTI, RIAU",3,51,102,153
https://kawalpemilu.org#14111,"SUNGAI CINA, RANGSANG BARAT, KEPULAUAN MERANTI, RIAU",4,53,112,165
https://kawalpemilu.org#14111,"SUNGAI CINA, RANGSANG BARAT, KEPULAUAN MERANTI, RIAU",5,40,105,145
https://kawalpemilu.org#14111,"SUNGAI CINA, RANGSANG BARAT, KEPULAUAN MERANTI, RIAU",6,50,99,149
https://kawalpemilu.org#14112,"MELAI, RANGSANG BARAT, KEPULAUAN MERANTI, RIAU",1,22,103,125
https://kawalpemilu.org#14112,"MELAI, RANGSANG BARAT, KEPULAUAN MERANTI, RIAU",2,38,122,160
https://kawalpemilu.org#14112,"MELAI, RANGSANG BARAT, KEPULAUAN MERANTI, RIAU",3,21,72,93
https://kawalpemilu.org#14112,"MELAI, RANGSANG BARAT, KEPULAUAN MERANTI, RIAU",4,31,75,106
https://kawalpemilu.org#14112,"MELAI, RANGSANG BARAT, KEPULAUAN MERANTI, RIAU",5,59,88,147
https://kawalpemilu.org#14112,"MELAI, RANGSANG BARAT, KEPULAUAN MERANTI, RIAU",6,40,79,119
https://kawalpemilu.org#14112,"MELAI, RANGSANG BARAT, KEPULAUAN MERANTI, RIAU",7,26,83,109
https://kawalpemilu.org#14116,"TELAGA BARU, RANGSANG BARAT, KEPULAUAN MERANTI, RIAU",1,62,44,106
https://kawalpemilu.org#14116,"TELAGA BARU, RANGSANG BARAT, KEPULAUAN MERANTI, RIAU",2,49,58,107
https://kawalpemilu.org#14116,"TELAGA BARU, RANGSANG BARAT, KEPULAUAN MERANTI, RIAU",3,56,92,148
https://kawalpemilu.org#14116,"TELAGA BARU, RANGSANG BARAT, KEPULAUAN MERANTI, RIAU",4,51,75,126
https://kawalpemilu.org#14116,"TELAGA BARU, RANGSANG BARAT, KEPULAUAN MERANTI, RIAU",5,61,73,134
https://kawalpemilu.org#14117,"SIALANG PASUNG, RANGSANG BARAT, KEPULAUAN MERANTI, RIAU",1,60,101,161
https://kawalpemilu.org#14117,"SIALANG PASUNG, RANGSANG BARAT, KEPULAUAN MERANTI, RIAU",2,52,84,136
https://kawalpemilu.org#14117,"SIALANG PASUNG, RANGSANG BARAT, KEPULAUAN MERANTI, RIAU",3,53,64,117
https://kawalpemilu.org#14117,"SIALANG PASUNG, RANGSANG BARAT, KEPULAUAN MERANTI, RIAU",4,44,108,152
https://kawalpemilu.org#14117,"SIALANG PASUNG, RANGSANG BARAT, KEPULAUAN MERANTI, RIAU",5,65,107,172
https://kawalpemilu.org#14117,"SIALANG PASUNG, RANGSANG BARAT, KEPULAUAN MERANTI, RIAU",6,75,91,166
https://kawalpemilu.org#14117,"SIALANG PASUNG, RANGSANG BARAT, KEPULAUAN MERANTI, RIAU",7,114,29,143
https://kawalpemilu.org#14117,"SIALANG PASUNG, RANGSANG BARAT, KEPULAUAN MERANTI, RIAU",8,74,80,154
https://kawalpemilu.org#14118,"BINA MAJU, RANGSANG BARAT, KEPULAUAN MERANTI, RIAU",1,80,118,198
https://kawalpemilu.org#14118,"BINA MAJU, RANGSANG BARAT, KEPULAUAN MERANTI, RIAU",2,64,117,181
https://kawalpemilu.org#14118,"BINA MAJU, RANGSANG BARAT, KEPULAUAN MERANTI, RIAU",3,76,44,120
https://kawalpemilu.org#14118,"BINA MAJU, RANGSANG BARAT, KEPULAUAN MERANTI, RIAU",4,26,59,85
https://kawalpemilu.org#14118,"BINA MAJU, RANGSANG BARAT, KEPULAUAN MERANTI, RIAU",5,37,72,109
https://kawalpemilu.org#84527,"PERMAI, RANGSANG BARAT, KEPULAUAN MERANTI, RIAU",1,13,117,130
https://kawalpemilu.org#84527,"PERMAI, RANGSANG BARAT, KEPULAUAN MERANTI, RIAU",2,28,106,134
https://kawalpemilu.org#84527,"PERMAI, RANGSANG BARAT, KEPULAUAN MERANTI, RIAU",3,26,94,120
https://kawalpemilu.org#89468,"MEKAR BARU, RANGSANG BARAT, KEPULAUAN MERANTI, RIAU",1,63,92,155
https://kawalpemilu.org#89468,"MEKAR BARU, RANGSANG BARAT, KEPULAUAN MERANTI, RIAU",2,57,80,137
https://kawalpemilu.org#89468,"MEKAR BARU, RANGSANG BARAT, KEPULAUAN MERANTI, RIAU",3,49,125,174
https://kawalpemilu.org#14122,"TANJUNG SAMAK, RANGSANG, KEPULAUAN MERANTI, RIAU",1,84,88,172
https://kawalpemilu.org#14122,"TANJUNG SAMAK, RANGSANG, KEPULAUAN MERANTI, RIAU",2,66,72,138
https://kawalpemilu.org#14122,"TANJUNG SAMAK, RANGSANG, KEPULAUAN MERANTI, RIAU",3,87,76,163
https://kawalpemilu.org#14122,"TANJUNG SAMAK, RANGSANG, KEPULAUAN MERANTI, RIAU",4,141,46,187
https://kawalpemilu.org#14122,"TANJUNG SAMAK, RANGSANG, KEPULAUAN MERANTI, RIAU",5,77,69,146
https://kawalpemilu.org#14122,"TANJUNG SAMAK, RANGSANG, KEPULAUAN MERANTI, RIAU",6,118,59,177
https://kawalpemilu.org#14122,"TANJUNG SAMAK, RANGSANG, KEPULAUAN MERANTI, RIAU",7,103,70,173
https://kawalpemilu.org#14122,"TANJUNG SAMAK, RANGSANG, KEPULAUAN MERANTI, RIAU",8,81,67,148
https://kawalpemilu.org#14122,"TANJUNG SAMAK, RANGSANG, KEPULAUAN MERANTI, RIAU",9,110,64,174
https://kawalpemilu.org#14123,"TANJUNG MEDANG, RANGSANG, KEPULAUAN MERANTI, RIAU",1,83,10,93
https://kawalpemilu.org#14123,"TANJUNG MEDANG, RANGSANG, KEPULAUAN MERANTI, RIAU",2,170,40,210
https://kawalpemilu.org#14123,"TANJUNG MEDANG, RANGSANG, KEPULAUAN MERANTI, RIAU",3,112,23,135
https://kawalpemilu.org#14123,"TANJUNG MEDANG, RANGSANG, KEPULAUAN MERANTI, RIAU",4,51,9,60
https://kawalpemilu.org#14125,"GEMALA SARI, RANGSANG, KEPULAUAN MERANTI, RIAU",1,117,24,141
https://kawalpemilu.org#14125,"GEMALA SARI, RANGSANG, KEPULAUAN MERANTI, RIAU",2,117,46,163
https://kawalpemilu.org#14125,"GEMALA SARI, RANGSANG, KEPULAUAN MERANTI, RIAU",3,130,11,141
https://kawalpemilu.org#14125,"GEMALA SARI, RANGSANG, KEPULAUAN MERANTI, RIAU",4,98,55,153
https://kawalpemilu.org#14128,"TOPANG, RANGSANG, KEPULAUAN MERANTI, RIAU",1,73,92,165
https://kawalpemilu.org#14128,"TOPANG, RANGSANG, KEPULAUAN MERANTI, RIAU",2,56,108,164
https://kawalpemilu.org#14128,"TOPANG, RANGSANG, KEPULAUAN MERANTI, RIAU",3,40,122,162
https://kawalpemilu.org#14128,"TOPANG, RANGSANG, KEPULAUAN MERANTI, RIAU",4,42,119,161
https://kawalpemilu.org#14128,"TOPANG, RANGSANG, KEPULAUAN MERANTI, RIAU",5,42,94,136
https://kawalpemilu.org#14128,"TOPANG, RANGSANG, KEPULAUAN MERANTI, RIAU",6,63,94,157
https://kawalpemilu.org#14128,"TOPANG, RANGSANG, KEPULAUAN MERANTI, RIAU",7,98,72,170
https://kawalpemilu.org#14128,"TOPANG, RANGSANG, KEPULAUAN MERANTI, RIAU",8,124,30,154
https://kawalpemilu.org#14129,"PENYAGUN, RANGSANG, KEPULAUAN MERANTI, RIAU",1,71,61,132
https://kawalpemilu.org#14129,"PENYAGUN, RANGSANG, KEPULAUAN MERANTI, RIAU",2,100,103,203
https://kawalpemilu.org#14129,"PENYAGUN, RANGSANG, KEPULAUAN MERANTI, RIAU",3,72,82,154
https://kawalpemilu.org#14129,"PENYAGUN, RANGSANG, KEPULAUAN MERANTI, RIAU",4,54,72,126
https://kawalpemilu.org#14131,"REPAN, RANGSANG, KEPULAUAN MERANTI, RIAU",1,73,63,136
https://kawalpemilu.org#14131,"REPAN, RANGSANG, KEPULAUAN MERANTI, RIAU",2,66,55,121
https://kawalpemilu.org#14131,"REPAN, RANGSANG, KEPULAUAN MERANTI, RIAU",3,39,74,113
https://kawalpemilu.org#14132,"TANJUNG BAKAU, RANGSANG, KEPULAUAN MERANTI, RIAU",1,125,36,161
https://kawalpemilu.org#14132,"TANJUNG BAKAU, RANGSANG, KEPULAUAN MERANTI, RIAU",2,133,72,205
https://kawalpemilu.org#14132,"TANJUNG BAKAU, RANGSANG, KEPULAUAN MERANTI, RIAU",3,67,103,170
https://kawalpemilu.org#14132,"TANJUNG BAKAU, RANGSANG, KEPULAUAN MERANTI, RIAU",4,52,126,178
https://kawalpemilu.org#14132,"TANJUNG BAKAU, RANGSANG, KEPULAUAN MERANTI, RIAU",5,100,45,145
https://kawalpemilu.org#14132,"TANJUNG BAKAU, RANGSANG, KEPULAUAN MERANTI, RIAU",6,140,15,155
https://kawalpemilu.org#14133,"TELUK SAMAK, RANGSANG, KEPULAUAN MERANTI, RIAU",1,125,34,159
https://kawalpemilu.org#14133,"TELUK SAMAK, RANGSANG, KEPULAUAN MERANTI, RIAU",2,126,42,168
https://kawalpemilu.org#14133,"TELUK SAMAK, RANGSANG, KEPULAUAN MERANTI, RIAU",3,133,47,180
https://kawalpemilu.org#14133,"TELUK SAMAK, RANGSANG, KEPULAUAN MERANTI, RIAU",4,108,48,156
https://kawalpemilu.org#14134,"SUNGAI GAYUNG KIRI, RANGSANG, KEPULAUAN MERANTI, RIAU",1,115,28,143
https://kawalpemilu.org#14134,"SUNGAI GAYUNG KIRI, RANGSANG, KEPULAUAN MERANTI, RIAU",2,81,4,85
https://kawalpemilu.org#14134,"SUNGAI GAYUNG KIRI, RANGSANG, KEPULAUAN MERANTI, RIAU",3,100,10,110
https://kawalpemilu.org#14134,"SUNGAI GAYUNG KIRI, RANGSANG, KEPULAUAN MERANTI, RIAU",4,103,20,123
https://kawalpemilu.org#14134,"SUNGAI GAYUNG KIRI, RANGSANG, KEPULAUAN MERANTI, RIAU",5,43,36,79
https://kawalpemilu.org#84528,"CITRA DAMAI, RANGSANG, KEPULAUAN MERANTI, RIAU",1,120,94,214
https://kawalpemilu.org#84528,"CITRA DAMAI, RANGSANG, KEPULAUAN MERANTI, RIAU",2,124,50,174
https://kawalpemilu.org#84528,"CITRA DAMAI, RANGSANG, KEPULAUAN MERANTI, RIAU",3,138,37,175
https://kawalpemilu.org#84528,"CITRA DAMAI, RANGSANG, KEPULAUAN MERANTI, RIAU",4,118,74,192
https://kawalpemilu.org#84528,"CITRA DAMAI, RANGSANG, KEPULAUAN MERANTI, RIAU",5,142,36,178
https://kawalpemilu.org#84529,"TANJUNG GEMUK, RANGSANG, KEPULAUAN MERANTI, RIAU",1,144,39,183
https://kawalpemilu.org#84529,"TANJUNG GEMUK, RANGSANG, KEPULAUAN MERANTI, RIAU",2,115,45,160
https://kawalpemilu.org#84529,"TANJUNG GEMUK, RANGSANG, KEPULAUAN MERANTI, RIAU",3,77,21,98
https://kawalpemilu.org#89469,"DWI TUNGGAL, RANGSANG, KEPULAUAN MERANTI, RIAU",1,128,47,175
https://kawalpemilu.org#89469,"DWI TUNGGAL, RANGSANG, KEPULAUAN MERANTI, RIAU",2,150,18,168
https://kawalpemilu.org#89469,"DWI TUNGGAL, RANGSANG, KEPULAUAN MERANTI, RIAU",3,110,69,179
https://kawalpemilu.org#89469,"DWI TUNGGAL, RANGSANG, KEPULAUAN MERANTI, RIAU",4,175,34,209
https://kawalpemilu.org#89470,"WONOSARI, RANGSANG, KEPULAUAN MERANTI, RIAU",1,99,57,156
https://kawalpemilu.org#89470,"WONOSARI, RANGSANG, KEPULAUAN MERANTI, RIAU",2,80,27,107
https://kawalpemilu.org#89470,"WONOSARI, RANGSANG, KEPULAUAN MERANTI, RIAU",3,90,45,135
https://kawalpemilu.org#89471,"TEBUN, RANGSANG, KEPULAUAN MERANTI, RIAU",1,121,77,198
https://kawalpemilu.org#89471,"TEBUN, RANGSANG, KEPULAUAN MERANTI, RIAU",2,73,85,158
https://kawalpemilu.org#89471,"TEBUN, RANGSANG, KEPULAUAN MERANTI, RIAU",3,101,90,191
https://kawalpemilu.org#14136,"ALAI, TEBING TINGGI BARAT, KEPULAUAN MERANTI, RIAU",1,80,55,135
https://kawalpemilu.org#14136,"ALAI, TEBING TINGGI BARAT, KEPULAUAN MERANTI, RIAU",2,85,124,209
https://kawalpemilu.org#14136,"ALAI, TEBING TINGGI BARAT, KEPULAUAN MERANTI, RIAU",3,35,117,152
https://kawalpemilu.org#14136,"ALAI, TEBING TINGGI BARAT, KEPULAUAN MERANTI, RIAU",4,40,129,169
https://kawalpemilu.org#14136,"ALAI, TEBING TINGGI BARAT, KEPULAUAN MERANTI, RIAU",5,79,87,166
https://kawalpemilu.org#14136,"ALAI, TEBING TINGGI BARAT, KEPULAUAN MERANTI, RIAU",6,76,133,209
https://kawalpemilu.org#14137,"TENAN, TEBING TINGGI BARAT, KEPULAUAN MERANTI, RIAU",1,92,45,137
https://kawalpemilu.org#14137,"TENAN, TEBING TINGGI BARAT, KEPULAUAN MERANTI, RIAU",2,61,84,145
https://kawalpemilu.org#14137,"TENAN, TEBING TINGGI BARAT, KEPULAUAN MERANTI, RIAU",3,107,49,156
https://kawalpemilu.org#14137,"TENAN, TEBING TINGGI BARAT, KEPULAUAN MERANTI, RIAU",4,72,106,178
https://kawalpemilu.org#14138,"INSIT, TEBING TINGGI BARAT, KEPULAUAN MERANTI, RIAU",1,76,107,183
https://kawalpemilu.org#14138,"INSIT, TEBING TINGGI BARAT, KEPULAUAN MERANTI, RIAU",2,80,108,188
https://kawalpemilu.org#14138,"INSIT, TEBING TINGGI BARAT, KEPULAUAN MERANTI, RIAU",3,109,67,176
https://kawalpemilu.org#14138,"INSIT, TEBING TINGGI BARAT, KEPULAUAN MERANTI, RIAU",5,70,99,169
https://kawalpemilu.org#14138,"INSIT, TEBING TINGGI BARAT, KEPULAUAN MERANTI, RIAU",6,67,67,134
https://kawalpemilu.org#14139,"TANJUNG, TEBING TINGGI BARAT, KEPULAUAN MERANTI, RIAU",1,58,97,155
https://kawalpemilu.org#14139,"TANJUNG, TEBING TINGGI BARAT, KEPULAUAN MERANTI, RIAU",2,101,47,148
https://kawalpemilu.org#14139,"TANJUNG, TEBING TINGGI BARAT, KEPULAUAN MERANTI, RIAU",3,103,66,169
https://kawalpemilu.org#14139,"TANJUNG, TEBING TINGGI BARAT, KEPULAUAN MERANTI, RIAU",4,66,108,174
https://kawalpemilu.org#14140,"TANJUNG PERANAP, TEBING TINGGI BARAT, KEPULAUAN MERANTI, RIAU",1,141,46,187
https://kawalpemilu.org#14140,"TANJUNG PERANAP, TEBING TINGGI BARAT, KEPULAUAN MERANTI, RIAU",2,82,83,165
https://kawalpemilu.org#14140,"TANJUNG PERANAP, TEBING TINGGI BARAT, KEPULAUAN MERANTI, RIAU",3,131,52,183
https://kawalpemilu.org#14140,"TANJUNG PERANAP, TEBING TINGGI BARAT, KEPULAUAN MERANTI, RIAU",4,93,22,115
https://kawalpemilu.org#14140,"TANJUNG PERANAP, TEBING TINGGI BARAT, KEPULAUAN MERANTI, RIAU",5,130,25,155
https://kawalpemilu.org#14141,"KUNDUR, TEBING TINGGI BARAT, KEPULAUAN MERANTI, RIAU",1,131,56,187
https://kawalpemilu.org#14141,"KUNDUR, TEBING TINGGI BARAT, KEPULAUAN MERANTI, RIAU",2,98,76,174
https://kawalpemilu.org#14141,"KUNDUR, TEBING TINGGI BARAT, KEPULAUAN MERANTI, RIAU",3,124,42,166
https://kawalpemilu.org#14141,"KUNDUR, TEBING TINGGI BARAT, KEPULAUAN MERANTI, RIAU",4,147,28,175
https://kawalpemilu.org#14142,"MEKONG, TEBING TINGGI BARAT, KEPULAUAN MERANTI, RIAU",1,78,95,173
https://kawalpemilu.org#14142,"MEKONG, TEBING TINGGI BARAT, KEPULAUAN MERANTI, RIAU",2,85,78,163
https://kawalpemilu.org#14142,"MEKONG, TEBING TINGGI BARAT, KEPULAUAN MERANTI, RIAU",3,67,91,158
https://kawalpemilu.org#14142,"MEKONG, TEBING TINGGI BARAT, KEPULAUAN MERANTI, RIAU",4,61,95,156
https://kawalpemilu.org#14143,"BATANG MALAS, TEBING TINGGI BARAT, KEPULAUAN MERANTI, RIAU",1,76,99,175
https://kawalpemilu.org#14143,"BATANG MALAS, TEBING TINGGI BARAT, KEPULAUAN MERANTI, RIAU",2,59,101,160
https://kawalpemilu.org#14143,"BATANG MALAS, TEBING TINGGI BARAT, KEPULAUAN MERANTI, RIAU",3,82,83,165
https://kawalpemilu.org#84530,"MANTIASA, TEBING TINGGI BARAT, KEPULAUAN MERANTI, RIAU",1,80,96,176
https://kawalpemilu.org#84530,"MANTIASA, TEBING TINGGI BARAT, KEPULAUAN MERANTI, RIAU",2,71,96,167
https://kawalpemilu.org#84530,"MANTIASA, TEBING TINGGI BARAT, KEPULAUAN MERANTI, RIAU",3,102,55,157
https://kawalpemilu.org#84530,"MANTIASA, TEBING TINGGI BARAT, KEPULAUAN MERANTI, RIAU",4,92,69,161
https://kawalpemilu.org#84530,"MANTIASA, TEBING TINGGI BARAT, KEPULAUAN MERANTI, RIAU",5,106,54,160
https://kawalpemilu.org#84531,"GOGOK DARUSSALAM, TEBING TINGGI BARAT, KEPULAUAN MERANTI, RIAU",1,105,73,178
https://kawalpemilu.org#84531,"GOGOK DARUSSALAM, TEBING TINGGI BARAT, KEPULAUAN MERANTI, RIAU",2,84,95,179
https://kawalpemilu.org#84531,"GOGOK DARUSSALAM, TEBING TINGGI BARAT, KEPULAUAN MERANTI, RIAU",3,106,60,166
https://kawalpemilu.org#84531,"GOGOK DARUSSALAM, TEBING TINGGI BARAT, KEPULAUAN MERANTI, RIAU",4,116,55,171
https://kawalpemilu.org#84531,"GOGOK DARUSSALAM, TEBING TINGGI BARAT, KEPULAUAN MERANTI, RIAU",5,96,88,184
https://kawalpemilu.org#84532,"MAINI DARUL AMAN, TEBING TINGGI BARAT, KEPULAUAN MERANTI, RIAU",1,106,78,184
https://kawalpemilu.org#84532,"MAINI DARUL AMAN, TEBING TINGGI BARAT, KEPULAUAN MERANTI, RIAU",2,112,61,173
https://kawalpemilu.org#84532,"MAINI DARUL AMAN, TEBING TINGGI BARAT, KEPULAUAN MERANTI, RIAU",3,127,39,166
https://kawalpemilu.org#84533,"MENGKIKIP, TEBING TINGGI BARAT, KEPULAUAN MERANTI, RIAU",1,43,75,118
https://kawalpemilu.org#84533,"MENGKIKIP, TEBING TINGGI BARAT, KEPULAUAN MERANTI, RIAU",2,66,66,132
https://kawalpemilu.org#84533,"MENGKIKIP, TEBING TINGGI BARAT, KEPULAUAN MERANTI, RIAU",3,112,14,126
https://kawalpemilu.org#84534,"TANJUNG DARUL TAKZIM, TEBING TINGGI BARAT, KEPULAUAN MERANTI, RIAU",1,68,94,162
https://kawalpemilu.org#84534,"TANJUNG DARUL TAKZIM, TEBING TINGGI BARAT, KEPULAUAN MERANTI, RIAU",2,73,96,169
https://kawalpemilu.org#84534,"TANJUNG DARUL TAKZIM, TEBING TINGGI BARAT, KEPULAUAN MERANTI, RIAU",3,85,58,143
https://kawalpemilu.org#89472,"ALAI SELATAN, TEBING TINGGI BARAT, KEPULAUAN MERANTI, RIAU",1,55,112,167
https://kawalpemilu.org#89472,"ALAI SELATAN, TEBING TINGGI BARAT, KEPULAUAN MERANTI, RIAU",2,114,73,187
https://kawalpemilu.org#89472,"ALAI SELATAN, TEBING TINGGI BARAT, KEPULAUAN MERANTI, RIAU",3,43,102,145
https://kawalpemilu.org#89472,"ALAI SELATAN, TEBING TINGGI BARAT, KEPULAUAN MERANTI, RIAU",4,66,89,155
https://kawalpemilu.org#14145,"TELUK BELITUNG, MERBAU, KEPULAUAN MERANTI, RIAU",1,59,143,202
https://kawalpemilu.org#14145,"TELUK BELITUNG, MERBAU, KEPULAUAN MERANTI, RIAU",2,51,132,183
https://kawalpemilu.org#14145,"TELUK BELITUNG, MERBAU, KEPULAUAN MERANTI, RIAU",3,46,145,191
https://kawalpemilu.org#14145,"TELUK BELITUNG, MERBAU, KEPULAUAN MERANTI, RIAU",4,61,120,181
https://kawalpemilu.org#14145,"TELUK BELITUNG, MERBAU, KEPULAUAN MERANTI, RIAU",5,51,108,159
https://kawalpemilu.org#14145,"TELUK BELITUNG, MERBAU, KEPULAUAN MERANTI, RIAU",6,30,148,178
https://kawalpemilu.org#14145,"TELUK BELITUNG, MERBAU, KEPULAUAN MERANTI, RIAU",7,42,153,195
https://kawalpemilu.org#14145,"TELUK BELITUNG, MERBAU, KEPULAUAN MERANTI, RIAU",8,72,122,194
https://kawalpemilu.org#14145,"TELUK BELITUNG, MERBAU, KEPULAUAN MERANTI, RIAU",9,56,120,176
https://kawalpemilu.org#14145,"TELUK BELITUNG, MERBAU, KEPULAUAN MERANTI, RIAU",10,70,128,198
https://kawalpemilu.org#14145,"TELUK BELITUNG, MERBAU, KEPULAUAN MERANTI, RIAU",11,117,90,207
https://kawalpemilu.org#14145,"TELUK BELITUNG, MERBAU, KEPULAUAN MERANTI, RIAU",12,92,100,192
https://kawalpemilu.org#14145,"TELUK BELITUNG, MERBAU, KEPULAUAN MERANTI, RIAU",13,76,141,217
https://kawalpemilu.org#14145,"TELUK BELITUNG, MERBAU, KEPULAUAN MERANTI, RIAU",14,106,9,115
https://kawalpemilu.org#14145,"TELUK BELITUNG, MERBAU, KEPULAUAN MERANTI, RIAU",15,114,6,120
https://kawalpemilu.org#14146,"MERANTI BUNTING, MERBAU, KEPULAUAN MERANTI, RIAU",1,73,83,156
https://kawalpemilu.org#14146,"MERANTI BUNTING, MERBAU, KEPULAUAN MERANTI, RIAU",2,91,73,164
https://kawalpemilu.org#14147,"LUKIT, MERBAU, KEPULAUAN MERANTI, RIAU",1,117,56,173
https://kawalpemilu.org#14147,"LUKIT, MERBAU, KEPULAUAN MERANTI, RIAU",2,126,74,200
https://kawalpemilu.org#14147,"LUKIT, MERBAU, KEPULAUAN MERANTI, RIAU",3,132,58,190
https://kawalpemilu.org#14147,"LUKIT, MERBAU, KEPULAUAN MERANTI, RIAU",4,112,65,177
https://kawalpemilu.org#14147,"LUKIT, MERBAU, KEPULAUAN MERANTI, RIAU",5,121,51,172
https://kawalpemilu.org#14147,"LUKIT, MERBAU, KEPULAUAN MERANTI, RIAU",6,132,42,174
https://kawalpemilu.org#14148,"BAGAN MELIBUR, MERBAU, KEPULAUAN MERANTI, RIAU",1,66,101,167
https://kawalpemilu.org#14148,"BAGAN MELIBUR, MERBAU, KEPULAUAN MERANTI, RIAU",2,61,109,170
https://kawalpemilu.org#14148,"BAGAN MELIBUR, MERBAU, KEPULAUAN MERANTI, RIAU",3,60,111,171
https://kawalpemilu.org#14148,"BAGAN MELIBUR, MERBAU, KEPULAUAN MERANTI, RIAU",4,59,116,175
https://kawalpemilu.org#14148,"BAGAN MELIBUR, MERBAU, KEPULAUAN MERANTI, RIAU",5,63,108,171
https://kawalpemilu.org#14148,"BAGAN MELIBUR, MERBAU, KEPULAUAN MERANTI, RIAU",6,80,91,171
https://kawalpemilu.org#14148,"BAGAN MELIBUR, MERBAU, KEPULAUAN MERANTI, RIAU",7,43,95,138
https://kawalpemilu.org#14162,"PELANTAI, MERBAU, KEPULAUAN MERANTI, RIAU",1,35,142,177
https://kawalpemilu.org#14162,"PELANTAI, MERBAU, KEPULAUAN MERANTI, RIAU",2,42,130,172
https://kawalpemilu.org#14162,"PELANTAI, MERBAU, KEPULAUAN MERANTI, RIAU",3,35,122,157
https://kawalpemilu.org#14163,"TANJUNG KULIM, MERBAU, KEPULAUAN MERANTI, RIAU",1,74,65,139
https://kawalpemilu.org#14163,"TANJUNG KULIM, MERBAU, KEPULAUAN MERANTI, RIAU",2,47,79,126
https://kawalpemilu.org#14163,"TANJUNG KULIM, MERBAU, KEPULAUAN MERANTI, RIAU",3,65,54,119
https://kawalpemilu.org#14164,"MAYANG SARI, MERBAU, KEPULAUAN MERANTI, RIAU",1,78,90,168
https://kawalpemilu.org#14164,"MAYANG SARI, MERBAU, KEPULAUAN MERANTI, RIAU",2,63,96,159
https://kawalpemilu.org#14164,"MAYANG SARI, MERBAU, KEPULAUAN MERANTI, RIAU",3,75,75,150
https://kawalpemilu.org#14165,"MEKAR SARI, MERBAU, KEPULAUAN MERANTI, RIAU",1,87,84,171
https://kawalpemilu.org#14165,"MEKAR SARI, MERBAU, KEPULAUAN MERANTI, RIAU",2,119,78,197
https://kawalpemilu.org#14165,"MEKAR SARI, MERBAU, KEPULAUAN MERANTI, RIAU",3,115,64,179
https://kawalpemilu.org#14165,"MEKAR SARI, MERBAU, KEPULAUAN MERANTI, RIAU",4,114,34,148
https://kawalpemilu.org#14165,"MEKAR SARI, MERBAU, KEPULAUAN MERANTI, RIAU",5,71,24,95
https://kawalpemilu.org#89474,"SUNGAI ANAK KAMAL, MERBAU, KEPULAUAN MERANTI, RIAU",1,54,84,138
https://kawalpemilu.org#89474,"SUNGAI ANAK KAMAL, MERBAU, KEPULAUAN MERANTI, RIAU",2,83,59,142
https://kawalpemilu.org#89474,"SUNGAI ANAK KAMAL, MERBAU, KEPULAUAN MERANTI, RIAU",3,58,65,123
https://kawalpemilu.org#89475,"SUNGAI TENGAH, MERBAU, KEPULAUAN MERANTI, RIAU",1,88,102,190
https://kawalpemilu.org#89475,"SUNGAI TENGAH, MERBAU, KEPULAUAN MERANTI, RIAU",2,63,119,182
https://kawalpemilu.org#14156,"TELUK KETAPANG, PULAUMERBAU, KEPULAUAN MERANTI, RIAU",2,81,54,135
https://kawalpemilu.org#14156,"TELUK KETAPANG, PULAUMERBAU, KEPULAUAN MERANTI, RIAU",3,51,88,139
https://kawalpemilu.org#14156,"TELUK KETAPANG, PULAUMERBAU, KEPULAUAN MERANTI, RIAU",4,50,91,141
https://kawalpemilu.org#14157,"BARAN MELINTANG, PULAUMERBAU, KEPULAUAN MERANTI, RIAU",1,111,78,189
https://kawalpemilu.org#14157,"BARAN MELINTANG, PULAUMERBAU, KEPULAUAN MERANTI, RIAU",2,49,113,162
https://kawalpemilu.org#14157,"BARAN MELINTANG, PULAUMERBAU, KEPULAUAN MERANTI, RIAU",3,63,51,114
https://kawalpemilu.org#14157,"BARAN MELINTANG, PULAUMERBAU, KEPULAUAN MERANTI, RIAU",4,51,83,134
https://kawalpemilu.org#14157,"BARAN MELINTANG, PULAUMERBAU, KEPULAUAN MERANTI, RIAU",5,48,83,131
https://kawalpemilu.org#14157,"BARAN MELINTANG, PULAUMERBAU, KEPULAUAN MERANTI, RIAU",6,83,73,156
https://kawalpemilu.org#14158,"RENAK DUNGUN, PULAUMERBAU, KEPULAUAN MERANTI, RIAU",1,114,86,200
https://kawalpemilu.org#14158,"RENAK DUNGUN, PULAUMERBAU, KEPULAUAN MERANTI, RIAU",2,70,153,223
https://kawalpemilu.org#14158,"RENAK DUNGUN, PULAUMERBAU, KEPULAUAN MERANTI, RIAU",3,139,28,167
https://kawalpemilu.org#14158,"RENAK DUNGUN, PULAUMERBAU, KEPULAUAN MERANTI, RIAU",4,29,148,177
https://kawalpemilu.org#14158,"RENAK DUNGUN, PULAUMERBAU, KEPULAUAN MERANTI, RIAU",5,28,79,107
https://kawalpemilu.org#14158,"RENAK DUNGUN, PULAUMERBAU, KEPULAUAN MERANTI, RIAU",6,12,91,103
https://kawalpemilu.org#14159,"KUALA MERBAU, PULAUMERBAU, KEPULAUAN MERANTI, RIAU",1,48,121,169
https://kawalpemilu.org#14159,"KUALA MERBAU, PULAUMERBAU, KEPULAUAN MERANTI, RIAU",2,52,117,169
https://kawalpemilu.org#14159,"KUALA MERBAU, PULAUMERBAU, KEPULAUAN MERANTI, RIAU",3,77,110,187
https://kawalpemilu.org#14159,"KUALA MERBAU, PULAUMERBAU, KEPULAUAN MERANTI, RIAU",5,47,107,154
https://kawalpemilu.org#14159,"KUALA MERBAU, PULAUMERBAU, KEPULAUAN MERANTI, RIAU",7,51,108,159
https://kawalpemilu.org#14160,"CENTAI, PULAUMERBAU, KEPULAUAN MERANTI, RIAU",1,75,69,144
https://kawalpemilu.org#14160,"CENTAI, PULAUMERBAU, KEPULAUAN MERANTI, RIAU",2,28,86,114
https://kawalpemilu.org#14160,"CENTAI, PULAUMERBAU, KEPULAUAN MERANTI, RIAU",3,42,136,178
https://kawalpemilu.org#14160,"CENTAI, PULAUMERBAU, KEPULAUAN MERANTI, RIAU",4,36,93,129
https://kawalpemilu.org#14160,"CENTAI, PULAUMERBAU, KEPULAUAN MERANTI, RIAU",5,27,153,180
https://kawalpemilu.org#14161,"SEMUKUT, PULAUMERBAU, KEPULAUAN MERANTI, RIAU",1,52,98,150
https://kawalpemilu.org#14161,"SEMUKUT, PULAUMERBAU, KEPULAUAN MERANTI, RIAU",2,33,140,173
https://kawalpemilu.org#14161,"SEMUKUT, PULAUMERBAU, KEPULAUAN MERANTI, RIAU",4,61,112,173
https://kawalpemilu.org#14161,"SEMUKUT, PULAUMERBAU, KEPULAUAN MERANTI, RIAU",5,69,104,173
https://kawalpemilu.org#14161,"SEMUKUT, PULAUMERBAU, KEPULAUAN MERANTI, RIAU",6,31,129,163
https://kawalpemilu.org#14161,"SEMUKUT, PULAUMERBAU, KEPULAUAN MERANTI, RIAU",7,104,46,150
https://kawalpemilu.org#89477,"TANJUNGBUNGA, PULAUMERBAU, KEPULAUAN MERANTI, RIAU",1,52,88,140
https://kawalpemilu.org#89477,"TANJUNGBUNGA, PULAUMERBAU, KEPULAUAN MERANTI, RIAU",2,37,79,116
https://kawalpemilu.org#89477,"TANJUNGBUNGA, PULAUMERBAU, KEPULAUAN MERANTI, RIAU",3,89,80,169
https://kawalpemilu.org#89477,"TANJUNGBUNGA, PULAUMERBAU, KEPULAUAN MERANTI, RIAU",4,104,93,197
https://kawalpemilu.org#89478,"BATANG MERANTI, PULAUMERBAU, KEPULAUAN MERANTI, RIAU",1,18,143,161
https://kawalpemilu.org#89478,"BATANG MERANTI, PULAUMERBAU, KEPULAUAN MERANTI, RIAU",2,58,104,162
https://kawalpemilu.org#89478,"BATANG MERANTI, PULAUMERBAU, KEPULAUAN MERANTI, RIAU",3,37,100,137
https://kawalpemilu.org#89478,"BATANG MERANTI, PULAUMERBAU, KEPULAUAN MERANTI, RIAU",4,55,97,152
https://kawalpemilu.org#89479,"PANGKALAN BALAI, PULAUMERBAU, KEPULAUAN MERANTI, RIAU",1,31,107,138
https://kawalpemilu.org#89479,"PANGKALAN BALAI, PULAUMERBAU, KEPULAUAN MERANTI, RIAU",2,48,108,156
https://kawalpemilu.org#89479,"PANGKALAN BALAI, PULAUMERBAU, KEPULAUAN MERANTI, RIAU",3,81,62,143
https://kawalpemilu.org#89480,"PADANG KAMAL, PULAUMERBAU, KEPULAUAN MERANTI, RIAU",1,55,125,180
https://kawalpemilu.org#89480,"PADANG KAMAL, PULAUMERBAU, KEPULAUAN MERANTI, RIAU",2,74,87,161
https://kawalpemilu.org#89480,"PADANG KAMAL, PULAUMERBAU, KEPULAUAN MERANTI, RIAU",3,84,88,172
https://kawalpemilu.org#89481,"KETAPANG PERMAI, PULAUMERBAU, KEPULAUAN MERANTI, RIAU",1,75,88,163
https://kawalpemilu.org#89481,"KETAPANG PERMAI, PULAUMERBAU, KEPULAUAN MERANTI, RIAU",2,65,72,137
https://kawalpemilu.org#89481,"KETAPANG PERMAI, PULAUMERBAU, KEPULAUAN MERANTI, RIAU",3,91,71,162
https://kawalpemilu.org#14097,"LUKUN, TEBING TINGGI TIMUR, KEPULAUAN MERANTI, RIAU",1,74,69,147
https://kawalpemilu.org#14097,"LUKUN, TEBING TINGGI TIMUR, KEPULAUAN MERANTI, RIAU",3,89,93,182
https://kawalpemilu.org#14097,"LUKUN, TEBING TINGGI TIMUR, KEPULAUAN MERANTI, RIAU",4,46,68,114
https://kawalpemilu.org#14097,"LUKUN, TEBING TINGGI TIMUR, KEPULAUAN MERANTI, RIAU",5,49,53,102
https://kawalpemilu.org#14097,"LUKUN, TEBING TINGGI TIMUR, KEPULAUAN MERANTI, RIAU",6,78,54,132
https://kawalpemilu.org#14097,"LUKUN, TEBING TINGGI TIMUR, KEPULAUAN MERANTI, RIAU",7,100,71,171
https://kawalpemilu.org#14098,"SUNGAI TOHOR, TEBING TINGGI TIMUR, KEPULAUAN MERANTI, RIAU",1,95,66,161
https://kawalpemilu.org#14098,"SUNGAI TOHOR, TEBING TINGGI TIMUR, KEPULAUAN MERANTI, RIAU",2,70,120,190
https://kawalpemilu.org#14098,"SUNGAI TOHOR, TEBING TINGGI TIMUR, KEPULAUAN MERANTI, RIAU",3,58,108,166
https://kawalpemilu.org#14098,"SUNGAI TOHOR, TEBING TINGGI TIMUR, KEPULAUAN MERANTI, RIAU",4,89,117,206
https://kawalpemilu.org#14099,"NIPAH SENDANU, TEBING TINGGI TIMUR, KEPULAUAN MERANTI, RIAU",1,113,76,189
https://kawalpemilu.org#14099,"NIPAH SENDANU, TEBING TINGGI TIMUR, KEPULAUAN MERANTI, RIAU",2,134,62,196
https://kawalpemilu.org#14099,"NIPAH SENDANU, TEBING TINGGI TIMUR, KEPULAUAN MERANTI, RIAU",3,100,111,211
https://kawalpemilu.org#14100,"TANJUNG SARI, TEBING TINGGI TIMUR, KEPULAUAN MERANTI, RIAU",1,94,65,159
https://kawalpemilu.org#14100,"TANJUNG SARI, TEBING TINGGI TIMUR, KEPULAUAN MERANTI, RIAU",2,97,57,154
https://kawalpemilu.org#14100,"TANJUNG SARI, TEBING TINGGI TIMUR, KEPULAUAN MERANTI, RIAU",3,89,62,151
https://kawalpemilu.org#14100,"TANJUNG SARI, TEBING TINGGI TIMUR, KEPULAUAN MERANTI, RIAU",4,52,59,111
https://kawalpemilu.org#14101,"TANJUNG GADAI, TEBING TINGGI TIMUR, KEPULAUAN MERANTI, RIAU",1,94,78,172
https://kawalpemilu.org#14101,"TANJUNG GADAI, TEBING TINGGI TIMUR, KEPULAUAN MERANTI, RIAU",2,94,87,181
https://kawalpemilu.org#14101,"TANJUNG GADAI, TEBING TINGGI TIMUR, KEPULAUAN MERANTI, RIAU",3,79,83,162
https://kawalpemilu.org#14101,"TANJUNG GADAI, TEBING TINGGI TIMUR, KEPULAUAN MERANTI, RIAU",4,69,98,167
https://kawalpemilu.org#14101,"TANJUNG GADAI, TEBING TINGGI TIMUR, KEPULAUAN MERANTI, RIAU",5,104,83,187
https://kawalpemilu.org#14101,"TANJUNG GADAI, TEBING TINGGI TIMUR, KEPULAUAN MERANTI, RIAU",6,120,63,183
https://kawalpemilu.org#14102,"TELUK BUNTAL, TEBING TINGGI TIMUR, KEPULAUAN MERANTI, RIAU",1,95,119,214
https://kawalpemilu.org#14102,"TELUK BUNTAL, TEBING TINGGI TIMUR, KEPULAUAN MERANTI, RIAU",2,65,118,183
https://kawalpemilu.org#14102,"TELUK BUNTAL, TEBING TINGGI TIMUR, KEPULAUAN MERANTI, RIAU",3,73,99,172
https://kawalpemilu.org#14102,"TELUK BUNTAL, TEBING TINGGI TIMUR, KEPULAUAN MERANTI, RIAU",4,54,65,119
https://kawalpemilu.org#14103,"KEPAU BARU, TEBING TINGGI TIMUR, KEPULAUAN MERANTI, RIAU",1,136,47,183
https://kawalpemilu.org#14103,"KEPAU BARU, TEBING TINGGI TIMUR, KEPULAUAN MERANTI, RIAU",2,101,22,123
https://kawalpemilu.org#14103,"KEPAU BARU, TEBING TINGGI TIMUR, KEPULAUAN MERANTI, RIAU",3,58,5,63
https://kawalpemilu.org#14103,"KEPAU BARU, TEBING TINGGI TIMUR, KEPULAUAN MERANTI, RIAU",4,128,7,135
https://kawalpemilu.org#14103,"KEPAU BARU, TEBING TINGGI TIMUR, KEPULAUAN MERANTI, RIAU",5,124,9,133
https://kawalpemilu.org#14103,"KEPAU BARU, TEBING TINGGI TIMUR, KEPULAUAN MERANTI, RIAU",6,134,14,148
https://kawalpemilu.org#89483,"SUNGAI TOHOR BARAT, TEBING TINGGI TIMUR, KEPULAUAN MERANTI, RIAU",1,92,79,171
https://kawalpemilu.org#89483,"SUNGAI TOHOR BARAT, TEBING TINGGI TIMUR, KEPULAUAN MERANTI, RIAU",2,79,59,138
https://kawalpemilu.org#89483,"SUNGAI TOHOR BARAT, TEBING TINGGI TIMUR, KEPULAUAN MERANTI, RIAU",3,103,58,161
https://kawalpemilu.org#89483,"SUNGAI TOHOR BARAT, TEBING TINGGI TIMUR, KEPULAUAN MERANTI, RIAU",4,101,5,106
https://kawalpemilu.org#89484,"SENDANU DARUL IHSAN, TEBING TINGGI TIMUR, KEPULAUAN MERANTI, RIAU",1,102,78,180
https://kawalpemilu.org#89484,"SENDANU DARUL IHSAN, TEBING TINGGI TIMUR, KEPULAUAN MERANTI, RIAU",2,114,68,182
https://kawalpemilu.org#89484,"SENDANU DARUL IHSAN, TEBING TINGGI TIMUR, KEPULAUAN MERANTI, RIAU",3,94,134,228
https://kawalpemilu.org#89485,"BATIN SUIR, TEBING TINGGI TIMUR, KEPULAUAN MERANTI, RIAU",1,60,99,159
https://kawalpemilu.org#89485,"BATIN SUIR, TEBING TINGGI TIMUR, KEPULAUAN MERANTI, RIAU",2,34,57,91
https://kawalpemilu.org#89485,"BATIN SUIR, TEBING TINGGI TIMUR, KEPULAUAN MERANTI, RIAU",3,187,20,207
https://kawalpemilu.org#14149,"MENGKIRAU, TASIK PUTRI PUYU, KEPULAUAN MERANTI, RIAU",1,82,93,175
https://kawalpemilu.org#14149,"MENGKIRAU, TASIK PUTRI PUYU, KEPULAUAN MERANTI, RIAU",2,67,125,192
https://kawalpemilu.org#14149,"MENGKIRAU, TASIK PUTRI PUYU, KEPULAUAN MERANTI, RIAU",3,89,102,191
https://kawalpemilu.org#14149,"MENGKIRAU, TASIK PUTRI PUYU, KEPULAUAN MERANTI, RIAU",4,43,141,184
https://kawalpemilu.org#14149,"MENGKIRAU, TASIK PUTRI PUYU, KEPULAUAN MERANTI, RIAU",5,72,137,209
https://kawalpemilu.org#14149,"MENGKIRAU, TASIK PUTRI PUYU, KEPULAUAN MERANTI, RIAU",6,78,39,117
https://kawalpemilu.org#14149,"MENGKIRAU, TASIK PUTRI PUYU, KEPULAUAN MERANTI, RIAU",7,75,0,75
https://kawalpemilu.org#14149,"MENGKIRAU, TASIK PUTRI PUYU, KEPULAUAN MERANTI, RIAU",8,58,45,103
https://kawalpemilu.org#14150,"MENGKOPOT, TASIK PUTRI PUYU, KEPULAUAN MERANTI, RIAU",1,66,103,169
https://kawalpemilu.org#14150,"MENGKOPOT, TASIK PUTRI PUYU, KEPULAUAN MERANTI, RIAU",2,85,69,154
https://kawalpemilu.org#14150,"MENGKOPOT, TASIK PUTRI PUYU, KEPULAUAN MERANTI, RIAU",3,98,89,187
https://kawalpemilu.org#14150,"MENGKOPOT, TASIK PUTRI PUYU, KEPULAUAN MERANTI, RIAU",4,96,67,163
https://kawalpemilu.org#14150,"MENGKOPOT, TASIK PUTRI PUYU, KEPULAUAN MERANTI, RIAU",5,76,24,100
https://kawalpemilu.org#14151,"SELAT AKAR, TASIK PUTRI PUYU, KEPULAUAN MERANTI, RIAU",1,132,5,137
https://kawalpemilu.org#14151,"SELAT AKAR, TASIK PUTRI PUYU, KEPULAUAN MERANTI, RIAU",2,121,8,129
https://kawalpemilu.org#14151,"SELAT AKAR, TASIK PUTRI PUYU, KEPULAUAN MERANTI, RIAU",3,111,9,120
https://kawalpemilu.org#14151,"SELAT AKAR, TASIK PUTRI PUYU, KEPULAUAN MERANTI, RIAU",4,75,12,87
https://kawalpemilu.org#14151,"SELAT AKAR, TASIK PUTRI PUYU, KEPULAUAN MERANTI, RIAU",5,14,96,110
https://kawalpemilu.org#14151,"SELAT AKAR, TASIK PUTRI PUYU, KEPULAUAN MERANTI, RIAU",6,105,10,115
https://kawalpemilu.org#14151,"SELAT AKAR, TASIK PUTRI PUYU, KEPULAUAN MERANTI, RIAU",7,101,46,147
https://kawalpemilu.org#14151,"SELAT AKAR, TASIK PUTRI PUYU, KEPULAUAN MERANTI, RIAU",8,46,61,107
https://kawalpemilu.org#14152,"BANDUL, TASIK PUTRI PUYU, KEPULAUAN MERANTI, RIAU",1,114,19,133
https://kawalpemilu.org#14152,"BANDUL, TASIK PUTRI PUYU, KEPULAUAN MERANTI, RIAU",2,98,66,164
https://kawalpemilu.org#14152,"BANDUL, TASIK PUTRI PUYU, KEPULAUAN MERANTI, RIAU",3,12,193,205
https://kawalpemilu.org#14152,"BANDUL, TASIK PUTRI PUYU, KEPULAUAN MERANTI, RIAU",4,85,59,144
https://kawalpemilu.org#14152,"BANDUL, TASIK PUTRI PUYU, KEPULAUAN MERANTI, RIAU",5,80,84,164
https://kawalpemilu.org#14152,"BANDUL, TASIK PUTRI PUYU, KEPULAUAN MERANTI, RIAU",6,89,89,178
https://kawalpemilu.org#14152,"BANDUL, TASIK PUTRI PUYU, KEPULAUAN MERANTI, RIAU",7,50,104,154
https://kawalpemilu.org#14152,"BANDUL, TASIK PUTRI PUYU, KEPULAUAN MERANTI, RIAU",8,49,108,157
https://kawalpemilu.org#14152,"BANDUL, TASIK PUTRI PUYU, KEPULAUAN MERANTI, RIAU",9,92,75,167
https://kawalpemilu.org#14152,"BANDUL, TASIK PUTRI PUYU, KEPULAUAN MERANTI, RIAU",10,91,56,147
https://kawalpemilu.org#14152,"BANDUL, TASIK PUTRI PUYU, KEPULAUAN MERANTI, RIAU",11,70,68,138
https://kawalpemilu.org#14153,"KUDAP, TASIK PUTRI PUYU, KEPULAUAN MERANTI, RIAU",1,86,22,108
https://kawalpemilu.org#14153,"KUDAP, TASIK PUTRI PUYU, KEPULAUAN MERANTI, RIAU",2,103,3,106
https://kawalpemilu.org#14153,"KUDAP, TASIK PUTRI PUYU, KEPULAUAN MERANTI, RIAU",3,55,13,68
https://kawalpemilu.org#14153,"KUDAP, TASIK PUTRI PUYU, KEPULAUAN MERANTI, RIAU",4,72,5,77
https://kawalpemilu.org#14153,"KUDAP, TASIK PUTRI PUYU, KEPULAUAN MERANTI, RIAU",5,28,87,115
https://kawalpemilu.org#14153,"KUDAP, TASIK PUTRI PUYU, KEPULAUAN MERANTI, RIAU",6,28,82,110
https://kawalpemilu.org#14153,"KUDAP, TASIK PUTRI PUYU, KEPULAUAN MERANTI, RIAU",7,59,67,126
https://kawalpemilu.org#14153,"KUDAP, TASIK PUTRI PUYU, KEPULAUAN MERANTI, RIAU",8,32,98,130
https://kawalpemilu.org#14153,"KUDAP, TASIK PUTRI PUYU, KEPULAUAN MERANTI, RIAU",9,62,33,95
https://kawalpemilu.org#14153,"KUDAP, TASIK PUTRI PUYU, KEPULAUAN MERANTI, RIAU",10,61,20,81
https://kawalpemilu.org#14154,"DEDAP, TASIK PUTRI PUYU, KEPULAUAN MERANTI, RIAU",1,45,65,110
https://kawalpemilu.org#14154,"DEDAP, TASIK PUTRI PUYU, KEPULAUAN MERANTI, RIAU",2,39,98,137
https://kawalpemilu.org#14154,"DEDAP, TASIK PUTRI PUYU, KEPULAUAN MERANTI, RIAU",3,70,89,159
https://kawalpemilu.org#14154,"DEDAP, TASIK PUTRI PUYU, KEPULAUAN MERANTI, RIAU",4,22,152,174
https://kawalpemilu.org#14154,"DEDAP, TASIK PUTRI PUYU, KEPULAUAN MERANTI, RIAU",5,63,108,171
https://kawalpemilu.org#14154,"DEDAP, TASIK PUTRI PUYU, KEPULAUAN MERANTI, RIAU",6,23,143,166
https://kawalpemilu.org#14154,"DEDAP, TASIK PUTRI PUYU, KEPULAUAN MERANTI, RIAU",7,27,77,104
https://kawalpemilu.org#14154,"DEDAP, TASIK PUTRI PUYU, KEPULAUAN MERANTI, RIAU",8,24,85,109
https://kawalpemilu.org#14155,"TANJUNG PADANG, TASIK PUTRI PUYU, KEPULAUAN MERANTI, RIAU",1,104,26,130
https://kawalpemilu.org#14155,"TANJUNG PADANG, TASIK PUTRI PUYU, KEPULAUAN MERANTI, RIAU",2,94,56,150
https://kawalpemilu.org#14155,"TANJUNG PADANG, TASIK PUTRI PUYU, KEPULAUAN MERANTI, RIAU",3,110,3,113
https://kawalpemilu.org#14155,"TANJUNG PADANG, TASIK PUTRI PUYU, KEPULAUAN MERANTI, RIAU",4,33,91,124
https://kawalpemilu.org#14155,"TANJUNG PADANG, TASIK PUTRI PUYU, KEPULAUAN MERANTI, RIAU",5,32,73,105
https://kawalpemilu.org#89486,"PUTRI PUYU, TASIK PUTRI PUYU, KEPULAUAN MERANTI, RIAU",1,72,111,183
https://kawalpemilu.org#89486,"PUTRI PUYU, TASIK PUTRI PUYU, KEPULAUAN MERANTI, RIAU",2,110,26,136
https://kawalpemilu.org#89486,"PUTRI PUYU, TASIK PUTRI PUYU, KEPULAUAN MERANTI, RIAU",3,87,65,152
https://kawalpemilu.org#89486,"PUTRI PUYU, TASIK PUTRI PUYU, KEPULAUAN MERANTI, RIAU",4,61,57,118
https://kawalpemilu.org#89487,"MEKAR DELIMA, TASIK PUTRI PUYU, KEPULAUAN MERANTI, RIAU",1,40,102,142
https://kawalpemilu.org#89487,"MEKAR DELIMA, TASIK PUTRI PUYU, KEPULAUAN MERANTI, RIAU",2,51,71,122
https://kawalpemilu.org#89488,"TANJUNG PISANG, TASIK PUTRI PUYU, KEPULAUAN MERANTI, RIAU",1,125,30,155
https://kawalpemilu.org#89488,"TANJUNG PISANG, TASIK PUTRI PUYU, KEPULAUAN MERANTI, RIAU",2,102,77,179
https://kawalpemilu.org#89488,"TANJUNG PISANG, TASIK PUTRI PUYU, KEPULAUAN MERANTI, RIAU",3,91,78,169
https://kawalpemilu.org#14113,"KEDABU RAPAT, RANGSANG PESISIR, KEPULAUAN MERANTI, RIAU",1,59,76,135
https://kawalpemilu.org#14113,"KEDABU RAPAT, RANGSANG PESISIR, KEPULAUAN MERANTI, RIAU",2,32,92,124
https://kawalpemilu.org#14113,"KEDABU RAPAT, RANGSANG PESISIR, KEPULAUAN MERANTI, RIAU",3,56,79,135
https://kawalpemilu.org#14113,"KEDABU RAPAT, RANGSANG PESISIR, KEPULAUAN MERANTI, RIAU",4,36,107,143
https://kawalpemilu.org#14113,"KEDABU RAPAT, RANGSANG PESISIR, KEPULAUAN MERANTI, RIAU",5,52,76,128
https://kawalpemilu.org#14113,"KEDABU RAPAT, RANGSANG PESISIR, KEPULAUAN MERANTI, RIAU",6,65,128,193
https://kawalpemilu.org#14113,"KEDABU RAPAT, RANGSANG PESISIR, KEPULAUAN MERANTI, RIAU",7,45,113,158
https://kawalpemilu.org#14113,"KEDABU RAPAT, RANGSANG PESISIR, KEPULAUAN MERANTI, RIAU",8,26,74,100
https://kawalpemilu.org#14113,"KEDABU RAPAT, RANGSANG PESISIR, KEPULAUAN MERANTI, RIAU",9,45,104,149
https://kawalpemilu.org#14113,"KEDABU RAPAT, RANGSANG PESISIR, KEPULAUAN MERANTI, RIAU",10,60,112,172
https://kawalpemilu.org#14113,"KEDABU RAPAT, RANGSANG PESISIR, KEPULAUAN MERANTI, RIAU",11,42,50,92
https://kawalpemilu.org#14114,"KAYU ARA, RANGSANG PESISIR, KEPULAUAN MERANTI, RIAU",1,74,39,113
https://kawalpemilu.org#14114,"KAYU ARA, RANGSANG PESISIR, KEPULAUAN MERANTI, RIAU",2,50,52,102
https://kawalpemilu.org#14114,"KAYU ARA, RANGSANG PESISIR, KEPULAUAN MERANTI, RIAU",3,98,46,144
https://kawalpemilu.org#14114,"KAYU ARA, RANGSANG PESISIR, KEPULAUAN MERANTI, RIAU",4,52,99,151
https://kawalpemilu.org#14115,"SONDE, RANGSANG PESISIR, KEPULAUAN MERANTI, RIAU",1,124,32,156
https://kawalpemilu.org#14115,"SONDE, RANGSANG PESISIR, KEPULAUAN MERANTI, RIAU",2,158,35,193
https://kawalpemilu.org#14115,"SONDE, RANGSANG PESISIR, KEPULAUAN MERANTI, RIAU",3,172,20,192
https://kawalpemilu.org#14115,"SONDE, RANGSANG PESISIR, KEPULAUAN MERANTI, RIAU",4,107,10,117
https://kawalpemilu.org#14115,"SONDE, RANGSANG PESISIR, KEPULAUAN MERANTI, RIAU",5,156,24,180
https://kawalpemilu.org#14115,"SONDE, RANGSANG PESISIR, KEPULAUAN MERANTI, RIAU",6,133,26,159
https://kawalpemilu.org#14119,"SENDAUR, RANGSANG PESISIR, KEPULAUAN MERANTI, RIAU",1,66,129,195
https://kawalpemilu.org#14119,"SENDAUR, RANGSANG PESISIR, KEPULAUAN MERANTI, RIAU",2,65,124,189
https://kawalpemilu.org#14119,"SENDAUR, RANGSANG PESISIR, KEPULAUAN MERANTI, RIAU",3,48,86,134
https://kawalpemilu.org#14120,"TANAH MERAH, RANGSANG PESISIR, KEPULAUAN MERANTI, RIAU",1,47,131,178
https://kawalpemilu.org#14120,"TANAH MERAH, RANGSANG PESISIR, KEPULAUAN MERANTI, RIAU",2,75,108,183
https://kawalpemilu.org#14120,"TANAH MERAH, RANGSANG PESISIR, KEPULAUAN MERANTI, RIAU",3,57,112,169
https://kawalpemilu.org#14120,"TANAH MERAH, RANGSANG PESISIR, KEPULAUAN MERANTI, RIAU",4,50,131,181
https://kawalpemilu.org#14120,"TANAH MERAH, RANGSANG PESISIR, KEPULAUAN MERANTI, RIAU",5,85,86,171
https://kawalpemilu.org#14124,"SOKOP, RANGSANG PESISIR, KEPULAUAN MERANTI, RIAU",1,166,18,184
https://kawalpemilu.org#14124,"SOKOP, RANGSANG PESISIR, KEPULAUAN MERANTI, RIAU",2,139,6,145
https://kawalpemilu.org#14124,"SOKOP, RANGSANG PESISIR, KEPULAUAN MERANTI, RIAU",3,146,2,148
https://kawalpemilu.org#14124,"SOKOP, RANGSANG PESISIR, KEPULAUAN MERANTI, RIAU",4,109,5,114
https://kawalpemilu.org#14124,"SOKOP, RANGSANG PESISIR, KEPULAUAN MERANTI, RIAU",5,152,7,159
https://kawalpemilu.org#14126,"BETING, RANGSANG PESISIR, KEPULAUAN MERANTI, RIAU",1,113,3,116
https://kawalpemilu.org#14126,"BETING, RANGSANG PESISIR, KEPULAUAN MERANTI, RIAU",2,82,5,87
https://kawalpemilu.org#14126,"BETING, RANGSANG PESISIR, KEPULAUAN MERANTI, RIAU",3,120,11,131
https://kawalpemilu.org#14126,"BETING, RANGSANG PESISIR, KEPULAUAN MERANTI, RIAU",4,92,15,107
https://kawalpemilu.org#14126,"BETING, RANGSANG PESISIR, KEPULAUAN MERANTI, RIAU",5,67,83,150
https://kawalpemilu.org#14126,"BETING, RANGSANG PESISIR, KEPULAUAN MERANTI, RIAU",6,53,61,114
https://kawalpemilu.org#14127,"TANJUNG KEDABU, RANGSANG PESISIR, KEPULAUAN MERANTI, RIAU",1,145,27,172
https://kawalpemilu.org#14127,"TANJUNG KEDABU, RANGSANG PESISIR, KEPULAUAN MERANTI, RIAU",2,58,28,86
https://kawalpemilu.org#14127,"TANJUNG KEDABU, RANGSANG PESISIR, KEPULAUAN MERANTI, RIAU",3,144,38,182
https://kawalpemilu.org#14127,"TANJUNG KEDABU, RANGSANG PESISIR, KEPULAUAN MERANTI, RIAU",4,124,38,162
https://kawalpemilu.org#14127,"TANJUNG KEDABU, RANGSANG PESISIR, KEPULAUAN MERANTI, RIAU",5,120,32,152
https://kawalpemilu.org#14127,"TANJUNG KEDABU, RANGSANG PESISIR, KEPULAUAN MERANTI, RIAU",6,112,48,160
https://kawalpemilu.org#14127,"TANJUNG KEDABU, RANGSANG PESISIR, KEPULAUAN MERANTI, RIAU",7,144,13,157
https://kawalpemilu.org#14130,"BUNGUR, RANGSANG PESISIR, KEPULAUAN MERANTI, RIAU",1,89,75,164
https://kawalpemilu.org#14130,"BUNGUR, RANGSANG PESISIR, KEPULAUAN MERANTI, RIAU",2,67,53,120
https://kawalpemilu.org#14130,"BUNGUR, RANGSANG PESISIR, KEPULAUAN MERANTI, RIAU",3,113,47,160
https://kawalpemilu.org#14130,"BUNGUR, RANGSANG PESISIR, KEPULAUAN MERANTI, RIAU",4,98,56,154
https://kawalpemilu.org#14130,"BUNGUR, RANGSANG PESISIR, KEPULAUAN MERANTI, RIAU",5,84,54,138
https://kawalpemilu.org#14130,"BUNGUR, RANGSANG PESISIR, KEPULAUAN MERANTI, RIAU",6,98,105,204
https://kawalpemilu.org#14130,"BUNGUR, RANGSANG PESISIR, KEPULAUAN MERANTI, RIAU",7,185,3,188
https://kawalpemilu.org#89466,"TELESUNG, RANGSANG PESISIR, KEPULAUAN MERANTI, RIAU",1,45,47,92
https://kawalpemilu.org#89466,"TELESUNG, RANGSANG PESISIR, KEPULAUAN MERANTI, RIAU",2,114,19,133
https://kawalpemilu.org#89466,"TELESUNG, RANGSANG PESISIR, KEPULAUAN MERANTI, RIAU",3,72,33,105
https://kawalpemilu.org#89466,"TELESUNG, RANGSANG PESISIR, KEPULAUAN MERANTI, RIAU",4,58,53,111
https://kawalpemilu.org#89467,"TENGGAYUN RAYA, RANGSANG PESISIR, KEPULAUAN MERANTI, RIAU",1,89,49,138
https://kawalpemilu.org#89467,"TENGGAYUN RAYA, RANGSANG PESISIR, KEPULAUAN MERANTI, RIAU",2,77,71,148
https://kawalpemilu.org#89467,"TENGGAYUN RAYA, RANGSANG PESISIR, KEPULAUAN MERANTI, RIAU",3,87,34,121
https://kawalpemilu.org#14168,"BANGKINANG, BANGKINANG KOTA, KAMPAR, RIAU",1,16,165,181
https://kawalpemilu.org#14168,"BANGKINANG, BANGKINANG KOTA, KAMPAR, RIAU",2,19,266,285
https://kawalpemilu.org#14168,"BANGKINANG, BANGKINANG KOTA, KAMPAR, RIAU",3,16,150,166
https://kawalpemilu.org#14168,"BANGKINANG, BANGKINANG KOTA, KAMPAR, RIAU",4,17,164,181
https://kawalpemilu.org#14168,"BANGKINANG, BANGKINANG KOTA, KAMPAR, RIAU",5,25,165,190
https://kawalpemilu.org#14168,"BANGKINANG, BANGKINANG KOTA, KAMPAR, RIAU",6,18,96,114
https://kawalpemilu.org#14168,"BANGKINANG, BANGKINANG KOTA, KAMPAR, RIAU",7,10,142,152
https://kawalpemilu.org#14168,"BANGKINANG, BANGKINANG KOTA, KAMPAR, RIAU",8,19,176,195
https://kawalpemilu.org#14168,"BANGKINANG, BANGKINANG KOTA, KAMPAR, RIAU",9,19,156,175
https://kawalpemilu.org#14168,"BANGKINANG, BANGKINANG KOTA, KAMPAR, RIAU",10,7,184,191
https://kawalpemilu.org#14168,"BANGKINANG, BANGKINANG KOTA, KAMPAR, RIAU",11,9,204,213
https://kawalpemilu.org#14168,"BANGKINANG, BANGKINANG KOTA, KAMPAR, RIAU",12,15,162,177
https://kawalpemilu.org#14168,"BANGKINANG, BANGKINANG KOTA, KAMPAR, RIAU",13,22,164,186
https://kawalpemilu.org#14168,"BANGKINANG, BANGKINANG KOTA, KAMPAR, RIAU",14,48,164,212
https://kawalpemilu.org#14168,"BANGKINANG, BANGKINANG KOTA, KAMPAR, RIAU",15,24,111,135
https://kawalpemilu.org#14168,"BANGKINANG, BANGKINANG KOTA, KAMPAR, RIAU",16,22,160,182
https://kawalpemilu.org#14168,"BANGKINANG, BANGKINANG KOTA, KAMPAR, RIAU",17,12,211,223
https://kawalpemilu.org#14168,"BANGKINANG, BANGKINANG KOTA, KAMPAR, RIAU",18,10,211,221
https://kawalpemilu.org#14168,"BANGKINANG, BANGKINANG KOTA, KAMPAR, RIAU",19,19,160,179
https://kawalpemilu.org#14168,"BANGKINANG, BANGKINANG KOTA, KAMPAR, RIAU",20,6,133,139
https://kawalpemilu.org#14168,"BANGKINANG, BANGKINANG KOTA, KAMPAR, RIAU",21,12,147,159
https://kawalpemilu.org#14168,"BANGKINANG, BANGKINANG KOTA, KAMPAR, RIAU",22,6,128,134
https://kawalpemilu.org#14168,"BANGKINANG, BANGKINANG KOTA, KAMPAR, RIAU",23,31,169,200
https://kawalpemilu.org#14168,"BANGKINANG, BANGKINANG KOTA, KAMPAR, RIAU",24,31,217,248
https://kawalpemilu.org#14168,"BANGKINANG, BANGKINANG KOTA, KAMPAR, RIAU",25,15,199,214
https://kawalpemilu.org#14168,"BANGKINANG, BANGKINANG KOTA, KAMPAR, RIAU",26,8,134,142
https://kawalpemilu.org#14168,"BANGKINANG, BANGKINANG KOTA, KAMPAR, RIAU",27,18,122,140
https://kawalpemilu.org#14168,"BANGKINANG, BANGKINANG KOTA, KAMPAR, RIAU",28,9,170,179
https://kawalpemilu.org#14168,"BANGKINANG, BANGKINANG KOTA, KAMPAR, RIAU",29,12,186,198
https://kawalpemilu.org#14168,"BANGKINANG, BANGKINANG KOTA, KAMPAR, RIAU",30,19,168,187
https://kawalpemilu.org#14168,"BANGKINANG, BANGKINANG KOTA, KAMPAR, RIAU",31,20,127,147
https://kawalpemilu.org#14168,"BANGKINANG, BANGKINANG KOTA, KAMPAR, RIAU",32,17,146,163
https://kawalpemilu.org#14168,"BANGKINANG, BANGKINANG KOTA, KAMPAR, RIAU",33,16,97,113
https://kawalpemilu.org#14168,"BANGKINANG, BANGKINANG KOTA, KAMPAR, RIAU",34,12,202,214
https://kawalpemilu.org#14168,"BANGKINANG, BANGKINANG KOTA, KAMPAR, RIAU",35,11,160,171
https://kawalpemilu.org#14168,"BANGKINANG, BANGKINANG KOTA, KAMPAR, RIAU",37,12,137,149
https://kawalpemilu.org#14168,"BANGKINANG, BANGKINANG KOTA, KAMPAR, RIAU",38,7,139,146
https://kawalpemilu.org#14169,"LANGGINI, BANGKINANG KOTA, KAMPAR, RIAU",1,11,128,139
https://kawalpemilu.org#14169,"LANGGINI, BANGKINANG KOTA, KAMPAR, RIAU",2,10,172,182
https://kawalpemilu.org#14169,"LANGGINI, BANGKINANG KOTA, KAMPAR, RIAU",3,23,178,201
https://kawalpemilu.org#14169,"LANGGINI, BANGKINANG KOTA, KAMPAR, RIAU",4,22,192,214
https://kawalpemilu.org#14169,"LANGGINI, BANGKINANG KOTA, KAMPAR, RIAU",5,17,203,220
https://kawalpemilu.org#14169,"LANGGINI, BANGKINANG KOTA, KAMPAR, RIAU",6,11,177,188
https://kawalpemilu.org#14169,"LANGGINI, BANGKINANG KOTA, KAMPAR, RIAU",7,22,139,161
https://kawalpemilu.org#14169,"LANGGINI, BANGKINANG KOTA, KAMPAR, RIAU",8,20,141,161
https://kawalpemilu.org#14169,"LANGGINI, BANGKINANG KOTA, KAMPAR, RIAU",9,14,136,150
https://kawalpemilu.org#14169,"LANGGINI, BANGKINANG KOTA, KAMPAR, RIAU",10,26,194,220
https://kawalpemilu.org#14169,"LANGGINI, BANGKINANG KOTA, KAMPAR, RIAU",11,13,139,152
https://kawalpemilu.org#14169,"LANGGINI, BANGKINANG KOTA, KAMPAR, RIAU",12,31,178,209
https://kawalpemilu.org#14169,"LANGGINI, BANGKINANG KOTA, KAMPAR, RIAU",13,9,103,112
https://kawalpemilu.org#14169,"LANGGINI, BANGKINANG KOTA, KAMPAR, RIAU",14,14,167,181
https://kawalpemilu.org#14169,"LANGGINI, BANGKINANG KOTA, KAMPAR, RIAU",15,22,163,185
https://kawalpemilu.org#14169,"LANGGINI, BANGKINANG KOTA, KAMPAR, RIAU",16,17,173,190
https://kawalpemilu.org#14169,"LANGGINI, BANGKINANG KOTA, KAMPAR, RIAU",17,12,142,154
https://kawalpemilu.org#14169,"LANGGINI, BANGKINANG KOTA, KAMPAR, RIAU",18,33,240,273
https://kawalpemilu.org#14169,"LANGGINI, BANGKINANG KOTA, KAMPAR, RIAU",19,9,124,133
https://kawalpemilu.org#14169,"LANGGINI, BANGKINANG KOTA, KAMPAR, RIAU",20,17,152,169
https://kawalpemilu.org#14169,"LANGGINI, BANGKINANG KOTA, KAMPAR, RIAU",21,31,194,225
https://kawalpemilu.org#14169,"LANGGINI, BANGKINANG KOTA, KAMPAR, RIAU",22,12,114,126
https://kawalpemilu.org#14169,"LANGGINI, BANGKINANG KOTA, KAMPAR, RIAU",23,14,124,138
https://kawalpemilu.org#14169,"LANGGINI, BANGKINANG KOTA, KAMPAR, RIAU",24,9,130,139
https://kawalpemilu.org#14169,"LANGGINI, BANGKINANG KOTA, KAMPAR, RIAU",25,15,197,212
https://kawalpemilu.org#14169,"LANGGINI, BANGKINANG KOTA, KAMPAR, RIAU",26,23,98,121
https://kawalpemilu.org#14169,"LANGGINI, BANGKINANG KOTA, KAMPAR, RIAU",27,19,198,217
https://kawalpemilu.org#14169,"LANGGINI, BANGKINANG KOTA, KAMPAR, RIAU",28,7,146,153
https://kawalpemilu.org#14169,"LANGGINI, BANGKINANG KOTA, KAMPAR, RIAU",29,8,163,171
https://kawalpemilu.org#14169,"LANGGINI, BANGKINANG KOTA, KAMPAR, RIAU",30,21,163,184
https://kawalpemilu.org#14169,"LANGGINI, BANGKINANG KOTA, KAMPAR, RIAU",31,7,139,146
https://kawalpemilu.org#14169,"LANGGINI, BANGKINANG KOTA, KAMPAR, RIAU",32,19,134,153
https://kawalpemilu.org#14169,"LANGGINI, BANGKINANG KOTA, KAMPAR, RIAU",33,15,140,155
https://kawalpemilu.org#14169,"LANGGINI, BANGKINANG KOTA, KAMPAR, RIAU",34,23,120,143
https://kawalpemilu.org#14169,"LANGGINI, BANGKINANG KOTA, KAMPAR, RIAU",35,13,139,152
https://kawalpemilu.org#14169,"LANGGINI, BANGKINANG KOTA, KAMPAR, RIAU",36,7,105,112
https://kawalpemilu.org#14169,"LANGGINI, BANGKINANG KOTA, KAMPAR, RIAU",37,14,145,159
https://kawalpemilu.org#14169,"LANGGINI, BANGKINANG KOTA, KAMPAR, RIAU",38,18,155,173
https://kawalpemilu.org#14169,"LANGGINI, BANGKINANG KOTA, KAMPAR, RIAU",39,18,124,142
https://kawalpemilu.org#14169,"LANGGINI, BANGKINANG KOTA, KAMPAR, RIAU",40,15,96,111
https://kawalpemilu.org#14169,"LANGGINI, BANGKINANG KOTA, KAMPAR, RIAU",41,18,167,185
https://kawalpemilu.org#14169,"LANGGINI, BANGKINANG KOTA, KAMPAR, RIAU",43,2,109,111
https://kawalpemilu.org#14169,"LANGGINI, BANGKINANG KOTA, KAMPAR, RIAU",44,18,101,119
https://kawalpemilu.org#14169,"LANGGINI, BANGKINANG KOTA, KAMPAR, RIAU",45,45,154,199
https://kawalpemilu.org#14169,"LANGGINI, BANGKINANG KOTA, KAMPAR, RIAU",46,13,174,187
https://kawalpemilu.org#14170,"KUMANTAN, BANGKINANG KOTA, KAMPAR, RIAU",1,7,199,206
https://kawalpemilu.org#14170,"KUMANTAN, BANGKINANG KOTA, KAMPAR, RIAU",2,13,244,257
https://kawalpemilu.org#14170,"KUMANTAN, BANGKINANG KOTA, KAMPAR, RIAU",3,4,157,161
https://kawalpemilu.org#14170,"KUMANTAN, BANGKINANG KOTA, KAMPAR, RIAU",4,17,143,160
https://kawalpemilu.org#14170,"KUMANTAN, BANGKINANG KOTA, KAMPAR, RIAU",5,22,168,190
https://kawalpemilu.org#14170,"KUMANTAN, BANGKINANG KOTA, KAMPAR, RIAU",6,2,121,123
https://kawalpemilu.org#14170,"KUMANTAN, BANGKINANG KOTA, KAMPAR, RIAU",7,6,215,221
https://kawalpemilu.org#14170,"KUMANTAN, BANGKINANG KOTA, KAMPAR, RIAU",8,16,225,241
https://kawalpemilu.org#14170,"KUMANTAN, BANGKINANG KOTA, KAMPAR, RIAU",9,7,129,136
https://kawalpemilu.org#14170,"KUMANTAN, BANGKINANG KOTA, KAMPAR, RIAU",10,22,167,189
https://kawalpemilu.org#14170,"KUMANTAN, BANGKINANG KOTA, KAMPAR, RIAU",11,16,199,215
https://kawalpemilu.org#14170,"KUMANTAN, BANGKINANG KOTA, KAMPAR, RIAU",12,20,177,197
https://kawalpemilu.org#14170,"KUMANTAN, BANGKINANG KOTA, KAMPAR, RIAU",13,19,163,182
https://kawalpemilu.org#14170,"KUMANTAN, BANGKINANG KOTA, KAMPAR, RIAU",14,12,120,132
https://kawalpemilu.org#14170,"KUMANTAN, BANGKINANG KOTA, KAMPAR, RIAU",15,19,143,162
https://kawalpemilu.org#14170,"KUMANTAN, BANGKINANG KOTA, KAMPAR, RIAU",16,13,201,214
https://kawalpemilu.org#14170,"KUMANTAN, BANGKINANG KOTA, KAMPAR, RIAU",17,20,169,189
https://kawalpemilu.org#14171,"RIDAN PERMAI, BANGKINANG KOTA, KAMPAR, RIAU",1,30,200,230
https://kawalpemilu.org#14171,"RIDAN PERMAI, BANGKINANG KOTA, KAMPAR, RIAU",2,49,178,227
https://kawalpemilu.org#14171,"RIDAN PERMAI, BANGKINANG KOTA, KAMPAR, RIAU",3,17,184,201
https://kawalpemilu.org#14171,"RIDAN PERMAI, BANGKINANG KOTA, KAMPAR, RIAU",4,40,159,199
https://kawalpemilu.org#14171,"RIDAN PERMAI, BANGKINANG KOTA, KAMPAR, RIAU",5,20,233,253
https://kawalpemilu.org#14171,"RIDAN PERMAI, BANGKINANG KOTA, KAMPAR, RIAU",6,27,200,227
https://kawalpemilu.org#14171,"RIDAN PERMAI, BANGKINANG KOTA, KAMPAR, RIAU",7,88,140,228
https://kawalpemilu.org#14171,"RIDAN PERMAI, BANGKINANG KOTA, KAMPAR, RIAU",8,93,134,227
https://kawalpemilu.org#14171,"RIDAN PERMAI, BANGKINANG KOTA, KAMPAR, RIAU",9,38,179,217
https://kawalpemilu.org#14173,"AIR TIRIS, KAMPAR, KAMPAR, RIAU",2,16,174,190
https://kawalpemilu.org#14173,"AIR TIRIS, KAMPAR, KAMPAR, RIAU",3,15,272,287
https://kawalpemilu.org#14173,"AIR TIRIS, KAMPAR, KAMPAR, RIAU",4,7,201,208
https://kawalpemilu.org#14173,"AIR TIRIS, KAMPAR, KAMPAR, RIAU",5,6,187,193
https://kawalpemilu.org#14173,"AIR TIRIS, KAMPAR, KAMPAR, RIAU",6,11,247,258
https://kawalpemilu.org#14173,"AIR TIRIS, KAMPAR, KAMPAR, RIAU",7,6,217,223
https://kawalpemilu.org#14173,"AIR TIRIS, KAMPAR, KAMPAR, RIAU",8,9,266,275
https://kawalpemilu.org#14173,"AIR TIRIS, KAMPAR, KAMPAR, RIAU",9,8,224,232
https://kawalpemilu.org#14173,"AIR TIRIS, KAMPAR, KAMPAR, RIAU",10,7,226,233
https://kawalpemilu.org#14173,"AIR TIRIS, KAMPAR, KAMPAR, RIAU",11,23,171,194
https://kawalpemilu.org#14173,"AIR TIRIS, KAMPAR, KAMPAR, RIAU",12,8,198,206
https://kawalpemilu.org#14173,"AIR TIRIS, KAMPAR, KAMPAR, RIAU",13,6,167,173
https://kawalpemilu.org#14173,"AIR TIRIS, KAMPAR, KAMPAR, RIAU",14,6,219,225
https://kawalpemilu.org#14173,"AIR TIRIS, KAMPAR, KAMPAR, RIAU",15,16,175,191
https://kawalpemilu.org#14173,"AIR TIRIS, KAMPAR, KAMPAR, RIAU",16,15,239,254
https://kawalpemilu.org#14174,"BATU BELAH, KAMPAR, KAMPAR, RIAU",1,9,204,213
https://kawalpemilu.org#14174,"BATU BELAH, KAMPAR, KAMPAR, RIAU",2,8,222,230
https://kawalpemilu.org#14174,"BATU BELAH, KAMPAR, KAMPAR, RIAU",3,20,209,229
https://kawalpemilu.org#14174,"BATU BELAH, KAMPAR, KAMPAR, RIAU",4,12,196,208
https://kawalpemilu.org#14174,"BATU BELAH, KAMPAR, KAMPAR, RIAU",5,13,186,199
https://kawalpemilu.org#14174,"BATU BELAH, KAMPAR, KAMPAR, RIAU",6,9,250,259
https://kawalpemilu.org#14174,"BATU BELAH, KAMPAR, KAMPAR, RIAU",7,13,192,205
https://kawalpemilu.org#14174,"BATU BELAH, KAMPAR, KAMPAR, RIAU",8,20,185,205
https://kawalpemilu.org#14174,"BATU BELAH, KAMPAR, KAMPAR, RIAU",9,12,208,220
https://kawalpemilu.org#14174,"BATU BELAH, KAMPAR, KAMPAR, RIAU",10,9,195,204
https://kawalpemilu.org#14174,"BATU BELAH, KAMPAR, KAMPAR, RIAU",11,10,195,205
https://kawalpemilu.org#14174,"BATU BELAH, KAMPAR, KAMPAR, RIAU",12,8,197,205
https://kawalpemilu.org#14174,"BATU BELAH, KAMPAR, KAMPAR, RIAU",13,9,217,226
https://kawalpemilu.org#14174,"BATU BELAH, KAMPAR, KAMPAR, RIAU",14,7,211,218
https://kawalpemilu.org#14175,"TANJUNG BERULAK, KAMPAR, KAMPAR, RIAU",1,0,134,134
https://kawalpemilu.org#14175,"TANJUNG BERULAK, KAMPAR, KAMPAR, RIAU",2,11,151,162
https://kawalpemilu.org#14175,"TANJUNG BERULAK, KAMPAR, KAMPAR, RIAU",3,14,139,153
https://kawalpemilu.org#14175,"TANJUNG BERULAK, KAMPAR, KAMPAR, RIAU",4,6,187,193
https://kawalpemilu.org#14175,"TANJUNG BERULAK, KAMPAR, KAMPAR, RIAU",5,1,119,120
https://kawalpemilu.org#14175,"TANJUNG BERULAK, KAMPAR, KAMPAR, RIAU",6,1,138,139
https://kawalpemilu.org#14175,"TANJUNG BERULAK, KAMPAR, KAMPAR, RIAU",7,3,162,165
https://kawalpemilu.org#14175,"TANJUNG BERULAK, KAMPAR, KAMPAR, RIAU",8,18,219,237
https://kawalpemilu.org#14176,"RANAH, KAMPAR, KAMPAR, RIAU",1,13,208,221
https://kawalpemilu.org#14176,"RANAH, KAMPAR, KAMPAR, RIAU",2,23,219,242
https://kawalpemilu.org#14176,"RANAH, KAMPAR, KAMPAR, RIAU",3,12,161,173
https://kawalpemilu.org#14176,"RANAH, KAMPAR, KAMPAR, RIAU",4,5,162,167
https://kawalpemilu.org#14176,"RANAH, KAMPAR, KAMPAR, RIAU",5,6,171,177
https://kawalpemilu.org#14176,"RANAH, KAMPAR, KAMPAR, RIAU",6,12,148,160
https://kawalpemilu.org#14176,"RANAH, KAMPAR, KAMPAR, RIAU",7,3,154,157
https://kawalpemilu.org#14176,"RANAH, KAMPAR, KAMPAR, RIAU",8,4,160,164
https://kawalpemilu.org#14176,"RANAH, KAMPAR, KAMPAR, RIAU",9,3,163,166
https://kawalpemilu.org#14176,"RANAH, KAMPAR, KAMPAR, RIAU",10,3,176,179
https://kawalpemilu.org#14177,"PENYASAWAN, KAMPAR, KAMPAR, RIAU",1,8,165,173
https://kawalpemilu.org#14177,"PENYASAWAN, KAMPAR, KAMPAR, RIAU",2,0,174,174
https://kawalpemilu.org#14177,"PENYASAWAN, KAMPAR, KAMPAR, RIAU",3,3,166,169
https://kawalpemilu.org#14177,"PENYASAWAN, KAMPAR, KAMPAR, RIAU",4,3,168,171
https://kawalpemilu.org#14177,"PENYASAWAN, KAMPAR, KAMPAR, RIAU",5,13,173,186
https://kawalpemilu.org#14177,"PENYASAWAN, KAMPAR, KAMPAR, RIAU",6,5,191,196
https://kawalpemilu.org#14177,"PENYASAWAN, KAMPAR, KAMPAR, RIAU",7,0,188,188
https://kawalpemilu.org#14177,"PENYASAWAN, KAMPAR, KAMPAR, RIAU",8,11,176,187
https://kawalpemilu.org#14177,"PENYASAWAN, KAMPAR, KAMPAR, RIAU",9,7,214,221
https://kawalpemilu.org#14177,"PENYASAWAN, KAMPAR, KAMPAR, RIAU",10,5,242,247
https://kawalpemilu.org#14177,"PENYASAWAN, KAMPAR, KAMPAR, RIAU",11,11,227,238
https://kawalpemilu.org#14177,"PENYASAWAN, KAMPAR, KAMPAR, RIAU",12,12,220,232
https://kawalpemilu.org#14177,"PENYASAWAN, KAMPAR, KAMPAR, RIAU",13,12,229,241
https://kawalpemilu.org#14177,"PENYASAWAN, KAMPAR, KAMPAR, RIAU",14,11,213,224
https://kawalpemilu.org#14177,"PENYASAWAN, KAMPAR, KAMPAR, RIAU",15,11,202,213
https://kawalpemilu.org#14177,"PENYASAWAN, KAMPAR, KAMPAR, RIAU",16,4,203,207
https://kawalpemilu.org#14178,"RUMBIO, KAMPAR, KAMPAR, RIAU",1,4,144,148
https://kawalpemilu.org#14178,"RUMBIO, KAMPAR, KAMPAR, RIAU",2,12,134,146
https://kawalpemilu.org#14178,"RUMBIO, KAMPAR, KAMPAR, RIAU",3,15,195,210
https://kawalpemilu.org#14178,"RUMBIO, KAMPAR, KAMPAR, RIAU",4,13,209,222
https://kawalpemilu.org#14178,"RUMBIO, KAMPAR, KAMPAR, RIAU",5,9,204,213
https://kawalpemilu.org#14178,"RUMBIO, KAMPAR, KAMPAR, RIAU",6,12,190,202
https://kawalpemilu.org#14178,"RUMBIO, KAMPAR, KAMPAR, RIAU",7,4,191,195
https://kawalpemilu.org#14178,"RUMBIO, KAMPAR, KAMPAR, RIAU",8,7,148,155
https://kawalpemilu.org#14178,"RUMBIO, KAMPAR, KAMPAR, RIAU",9,4,148,152
https://kawalpemilu.org#14178,"RUMBIO, KAMPAR, KAMPAR, RIAU",10,6,154,160
https://kawalpemilu.org#14178,"RUMBIO, KAMPAR, KAMPAR, RIAU",11,10,132,142
https://kawalpemilu.org#14179,"PADANG MUTUNG, KAMPAR, KAMPAR, RIAU",1,82,128,210
https://kawalpemilu.org#14179,"PADANG MUTUNG, KAMPAR, KAMPAR, RIAU",2,62,132,194
https://kawalpemilu.org#14179,"PADANG MUTUNG, KAMPAR, KAMPAR, RIAU",3,10,142,152
https://kawalpemilu.org#14179,"PADANG MUTUNG, KAMPAR, KAMPAR, RIAU",4,8,223,231
https://kawalpemilu.org#14179,"PADANG MUTUNG, KAMPAR, KAMPAR, RIAU",5,19,215,234
https://kawalpemilu.org#14179,"PADANG MUTUNG, KAMPAR, KAMPAR, RIAU",6,9,179,188
https://kawalpemilu.org#14179,"PADANG MUTUNG, KAMPAR, KAMPAR, RIAU",7,11,170,181
https://kawalpemilu.org#14179,"PADANG MUTUNG, KAMPAR, KAMPAR, RIAU",8,7,146,153
https://kawalpemilu.org#14179,"PADANG MUTUNG, KAMPAR, KAMPAR, RIAU",9,5,173,178
https://kawalpemilu.org#14180,"PULAU JAMBU, KAMPAR, KAMPAR, RIAU",1,6,141,147
https://kawalpemilu.org#14180,"PULAU JAMBU, KAMPAR, KAMPAR, RIAU",2,4,128,132
https://kawalpemilu.org#14180,"PULAU JAMBU, KAMPAR, KAMPAR, RIAU",3,18,214,232
https://kawalpemilu.org#14180,"PULAU JAMBU, KAMPAR, KAMPAR, RIAU",4,23,216,239
https://kawalpemilu.org#14180,"PULAU JAMBU, KAMPAR, KAMPAR, RIAU",5,17,246,263
https://kawalpemilu.org#14181,"TJ. RAMBUTAN, KAMPAR, KAMPAR, RIAU",1,5,240,245
https://kawalpemilu.org#14181,"TJ. RAMBUTAN, KAMPAR, KAMPAR, RIAU",2,15,171,186
https://kawalpemilu.org#14181,"TJ. RAMBUTAN, KAMPAR, KAMPAR, RIAU",3,4,209,213
https://kawalpemilu.org#14181,"TJ. RAMBUTAN, KAMPAR, KAMPAR, RIAU",4,14,195,209
https://kawalpemilu.org#14181,"TJ. RAMBUTAN, KAMPAR, KAMPAR, RIAU",5,6,227,233
https://kawalpemilu.org#14181,"TJ. RAMBUTAN, KAMPAR, KAMPAR, RIAU",6,10,162,172
https://kawalpemilu.org#14182,"SIMPANG KUBU, KAMPAR, KAMPAR, RIAU",1,7,206,213
https://kawalpemilu.org#14182,"SIMPANG KUBU, KAMPAR, KAMPAR, RIAU",2,12,195,207
https://kawalpemilu.org#14182,"SIMPANG KUBU, KAMPAR, KAMPAR, RIAU",3,14,153,167
https://kawalpemilu.org#14182,"SIMPANG KUBU, KAMPAR, KAMPAR, RIAU",4,17,164,181
https://kawalpemilu.org#14182,"SIMPANG KUBU, KAMPAR, KAMPAR, RIAU",5,9,232,241
https://kawalpemilu.org#14182,"SIMPANG KUBU, KAMPAR, KAMPAR, RIAU",6,19,237,256
https://kawalpemilu.org#14182,"SIMPANG KUBU, KAMPAR, KAMPAR, RIAU",7,23,219,242
https://kawalpemilu.org#14183,"LIMAU MANIS, KAMPAR, KAMPAR, RIAU",1,5,186,191
https://kawalpemilu.org#14183,"LIMAU MANIS, KAMPAR, KAMPAR, RIAU",2,3,139,142
https://kawalpemilu.org#14183,"LIMAU MANIS, KAMPAR, KAMPAR, RIAU",3,4,141,145
https://kawalpemilu.org#14183,"LIMAU MANIS, KAMPAR, KAMPAR, RIAU",4,5,145,150
https://kawalpemilu.org#14183,"LIMAU MANIS, KAMPAR, KAMPAR, RIAU",5,11,170,181
https://kawalpemilu.org#14183,"LIMAU MANIS, KAMPAR, KAMPAR, RIAU",6,5,149,154
https://kawalpemilu.org#14183,"LIMAU MANIS, KAMPAR, KAMPAR, RIAU",7,7,116,123
https://kawalpemilu.org#14183,"LIMAU MANIS, KAMPAR, KAMPAR, RIAU",8,6,167,173
https://kawalpemilu.org#14184,"NAUMBAI, KAMPAR, KAMPAR, RIAU",1,6,174,180
https://kawalpemilu.org#14184,"NAUMBAI, KAMPAR, KAMPAR, RIAU",2,6,157,163
https://kawalpemilu.org#14184,"NAUMBAI, KAMPAR, KAMPAR, RIAU",3,8,141,149
https://kawalpemilu.org#14184,"NAUMBAI, KAMPAR, KAMPAR, RIAU",4,12,142,154
https://kawalpemilu.org#14184,"NAUMBAI, KAMPAR, KAMPAR, RIAU",5,17,229,246
https://kawalpemilu.org#14184,"NAUMBAI, KAMPAR, KAMPAR, RIAU",6,3,161,164
https://kawalpemilu.org#14184,"NAUMBAI, KAMPAR, KAMPAR, RIAU",7,5,148,153
https://kawalpemilu.org#84456,"PULAUTINGGI, KAMPAR, KAMPAR, RIAU",1,7,198,205
https://kawalpemilu.org#84456,"PULAUTINGGI, KAMPAR, KAMPAR, RIAU",2,6,192,198
https://kawalpemilu.org#84456,"PULAUTINGGI, KAMPAR, KAMPAR, RIAU",3,3,154,157
https://kawalpemilu.org#84456,"PULAUTINGGI, KAMPAR, KAMPAR, RIAU",4,5,152,157
https://kawalpemilu.org#84456,"PULAUTINGGI, KAMPAR, KAMPAR, RIAU",5,5,161,166
https://kawalpemilu.org#84456,"PULAUTINGGI, KAMPAR, KAMPAR, RIAU",6,7,169,176
https://kawalpemilu.org#84457,"RANAH BARU, KAMPAR, KAMPAR, RIAU",1,24,168,192
https://kawalpemilu.org#84457,"RANAH BARU, KAMPAR, KAMPAR, RIAU",2,14,156,170
https://kawalpemilu.org#84457,"RANAH BARU, KAMPAR, KAMPAR, RIAU",3,19,178,197
https://kawalpemilu.org#84457,"RANAH BARU, KAMPAR, KAMPAR, RIAU",4,29,176,205
https://kawalpemilu.org#84458,"BUKITRANAH, KAMPAR, KAMPAR, RIAU",1,15,170,185
https://kawalpemilu.org#84458,"BUKITRANAH, KAMPAR, KAMPAR, RIAU",2,11,214,225
https://kawalpemilu.org#84458,"BUKITRANAH, KAMPAR, KAMPAR, RIAU",3,34,196,230
https://kawalpemilu.org#84458,"BUKITRANAH, KAMPAR, KAMPAR, RIAU",4,12,168,180
https://kawalpemilu.org#84458,"BUKITRANAH, KAMPAR, KAMPAR, RIAU",5,23,210,233
https://kawalpemilu.org#84458,"BUKITRANAH, KAMPAR, KAMPAR, RIAU",6,26,205,231
https://kawalpemilu.org#84459,"PULAUSARAK, KAMPAR, KAMPAR, RIAU",1,15,168,183
https://kawalpemilu.org#84459,"PULAUSARAK, KAMPAR, KAMPAR, RIAU",2,23,156,179
https://kawalpemilu.org#84459,"PULAUSARAK, KAMPAR, KAMPAR, RIAU",3,10,207,217
https://kawalpemilu.org#84459,"PULAUSARAK, KAMPAR, KAMPAR, RIAU",4,17,194,211
https://kawalpemilu.org#84460,"KOTO TIBUN, KAMPAR, KAMPAR, RIAU",1,14,243,257
https://kawalpemilu.org#84460,"KOTO TIBUN, KAMPAR, KAMPAR, RIAU",2,12,131,143
https://kawalpemilu.org#84460,"KOTO TIBUN, KAMPAR, KAMPAR, RIAU",3,6,144,150
https://kawalpemilu.org#84460,"KOTO TIBUN, KAMPAR, KAMPAR, RIAU",4,19,241,260
https://kawalpemilu.org#84460,"KOTO TIBUN, KAMPAR, KAMPAR, RIAU",5,18,169,187
https://kawalpemilu.org#84460,"KOTO TIBUN, KAMPAR, KAMPAR, RIAU",6,9,169,178
https://kawalpemilu.org#84460,"KOTO TIBUN, KAMPAR, KAMPAR, RIAU",7,18,106,124
https://kawalpemilu.org#84460,"KOTO TIBUN, KAMPAR, KAMPAR, RIAU",8,11,125,136
https://kawalpemilu.org#84461,"RANAH SINGKUANG, KAMPAR, KAMPAR, RIAU",2,6,198,204
https://kawalpemilu.org#84461,"RANAH SINGKUANG, KAMPAR, KAMPAR, RIAU",3,7,174,181
https://kawalpemilu.org#84461,"RANAH SINGKUANG, KAMPAR, KAMPAR, RIAU",4,15,177,192
https://kawalpemilu.org#14186,"TAMBANG, TAMBANG, KAMPAR, RIAU",1,15,205,220
https://kawalpemilu.org#14186,"TAMBANG, TAMBANG, KAMPAR, RIAU",2,11,225,236
https://kawalpemilu.org#14186,"TAMBANG, TAMBANG, KAMPAR, RIAU",3,22,229,251
https://kawalpemilu.org#14186,"TAMBANG, TAMBANG, KAMPAR, RIAU",4,19,209,228
https://kawalpemilu.org#14186,"TAMBANG, TAMBANG, KAMPAR, RIAU",5,9,186,195
https://kawalpemilu.org#14186,"TAMBANG, TAMBANG, KAMPAR, RIAU",6,9,201,210
https://kawalpemilu.org#14186,"TAMBANG, TAMBANG, KAMPAR, RIAU",7,7,210,217
https://kawalpemilu.org#14186,"TAMBANG, TAMBANG, KAMPAR, RIAU",8,13,135,148
https://kawalpemilu.org#14187,"KUAPAN, TAMBANG, KAMPAR, RIAU",1,13,198,211
https://kawalpemilu.org#14187,"KUAPAN, TAMBANG, KAMPAR, RIAU",2,15,235,250
https://kawalpemilu.org#14187,"KUAPAN, TAMBANG, KAMPAR, RIAU",3,17,221,238
https://kawalpemilu.org#14187,"KUAPAN, TAMBANG, KAMPAR, RIAU",4,12,151,163
https://kawalpemilu.org#14187,"KUAPAN, TAMBANG, KAMPAR, RIAU",5,12,224,236
https://kawalpemilu.org#14187,"KUAPAN, TAMBANG, KAMPAR, RIAU",6,33,82,115
https://kawalpemilu.org#14187,"KUAPAN, TAMBANG, KAMPAR, RIAU",7,7,230,237
https://kawalpemilu.org#14187,"KUAPAN, TAMBANG, KAMPAR, RIAU",8,5,179,184
https://kawalpemilu.org#14187,"KUAPAN, TAMBANG, KAMPAR, RIAU",9,4,179,183
https://kawalpemilu.org#14187,"KUAPAN, TAMBANG, KAMPAR, RIAU",10,6,196,202
https://kawalpemilu.org#14188,"GOBAH, TAMBANG, KAMPAR, RIAU",1,3,180,183
https://kawalpemilu.org#14188,"GOBAH, TAMBANG, KAMPAR, RIAU",2,6,168,174
https://kawalpemilu.org#14188,"GOBAH, TAMBANG, KAMPAR, RIAU",3,1,179,180
https://kawalpemilu.org#14188,"GOBAH, TAMBANG, KAMPAR, RIAU",4,5,181,186
https://kawalpemilu.org#14188,"GOBAH, TAMBANG, KAMPAR, RIAU",5,5,163,168
https://kawalpemilu.org#14189,"TELUK KENIDAI, TAMBANG, KAMPAR, RIAU",1,7,172,179
https://kawalpemilu.org#14189,"TELUK KENIDAI, TAMBANG, KAMPAR, RIAU",2,28,157,185
https://kawalpemilu.org#14189,"TELUK KENIDAI, TAMBANG, KAMPAR, RIAU",3,20,139,159
https://kawalpemilu.org#14189,"TELUK KENIDAI, TAMBANG, KAMPAR, RIAU",4,26,93,119
https://kawalpemilu.org#14189,"TELUK KENIDAI, TAMBANG, KAMPAR, RIAU",5,10,160,170
https://kawalpemilu.org#14189,"TELUK KENIDAI, TAMBANG, KAMPAR, RIAU",6,20,170,190
https://kawalpemilu.org#14190,"AURSATI, TAMBANG, KAMPAR, RIAU",1,7,248,255
https://kawalpemilu.org#14190,"AURSATI, TAMBANG, KAMPAR, RIAU",2,6,182,188
https://kawalpemilu.org#14190,"AURSATI, TAMBANG, KAMPAR, RIAU",3,7,194,201
https://kawalpemilu.org#14190,"AURSATI, TAMBANG, KAMPAR, RIAU",4,9,229,238
https://kawalpemilu.org#14190,"AURSATI, TAMBANG, KAMPAR, RIAU",5,6,170,0
https://kawalpemilu.org#14190,"AURSATI, TAMBANG, KAMPAR, RIAU",6,1,193,194
https://kawalpemilu.org#14190,"AURSATI, TAMBANG, KAMPAR, RIAU",7,10,223,233
https://kawalpemilu.org#14191,"PADANG LUAS, TAMBANG, KAMPAR, RIAU",1,9,229,238
https://kawalpemilu.org#14191,"PADANG LUAS, TAMBANG, KAMPAR, RIAU",2,2,164,166
https://kawalpemilu.org#14191,"PADANG LUAS, TAMBANG, KAMPAR, RIAU",3,2,174,176
https://kawalpemilu.org#14191,"PADANG LUAS, TAMBANG, KAMPAR, RIAU",4,7,214,221
https://kawalpemilu.org#14191,"PADANG LUAS, TAMBANG, KAMPAR, RIAU",5,1,161,162
https://kawalpemilu.org#14191,"PADANG LUAS, TAMBANG, KAMPAR, RIAU",6,3,186,191
https://kawalpemilu.org#14192,"TERANTANG, TAMBANG, KAMPAR, RIAU",1,13,192,205
https://kawalpemilu.org#14192,"TERANTANG, TAMBANG, KAMPAR, RIAU",2,8,171,179
https://kawalpemilu.org#14192,"TERANTANG, TAMBANG, KAMPAR, RIAU",3,10,160,170
https://kawalpemilu.org#14192,"TERANTANG, TAMBANG, KAMPAR, RIAU",4,35,179,214
https://kawalpemilu.org#14192,"TERANTANG, TAMBANG, KAMPAR, RIAU",5,11,185,196
https://kawalpemilu.org#14192,"TERANTANG, TAMBANG, KAMPAR, RIAU",6,10,156,166
https://kawalpemilu.org#14192,"TERANTANG, TAMBANG, KAMPAR, RIAU",7,19,149,168
https://kawalpemilu.org#14192,"TERANTANG, TAMBANG, KAMPAR, RIAU",8,5,198,203
https://kawalpemilu.org#14193,"KUALU, TAMBANG, KAMPAR, RIAU",1,18,190,208
https://kawalpemilu.org#14193,"KUALU, TAMBANG, KAMPAR, RIAU",2,21,154,175
https://kawalpemilu.org#14193,"KUALU, TAMBANG, KAMPAR, RIAU",3,34,230,264
https://kawalpemilu.org#14193,"KUALU, TAMBANG, KAMPAR, RIAU",4,46,170,216
https://kawalpemilu.org#14193,"KUALU, TAMBANG, KAMPAR, RIAU",5,67,174,241
https://kawalpemilu.org#14193,"KUALU, TAMBANG, KAMPAR, RIAU",6,49,138,187
https://kawalpemilu.org#14193,"KUALU, TAMBANG, KAMPAR, RIAU",7,38,135,173
https://kawalpemilu.org#14193,"KUALU, TAMBANG, KAMPAR, RIAU",8,23,135,158
https://kawalpemilu.org#14193,"KUALU, TAMBANG, KAMPAR, RIAU",9,32,181,213
https://kawalpemilu.org#14193,"KUALU, TAMBANG, KAMPAR, RIAU",10,14,176,190
https://kawalpemilu.org#14193,"KUALU, TAMBANG, KAMPAR, RIAU",11,21,197,218
https://kawalpemilu.org#14193,"KUALU, TAMBANG, KAMPAR, RIAU",12,12,232,244
https://kawalpemilu.org#14193,"KUALU, TAMBANG, KAMPAR, RIAU",13,38,106,144
https://kawalpemilu.org#14193,"KUALU, TAMBANG, KAMPAR, RIAU",14,35,181,216
https://kawalpemilu.org#14193,"KUALU, TAMBANG, KAMPAR, RIAU",15,53,222,275
https://kawalpemilu.org#14193,"KUALU, TAMBANG, KAMPAR, RIAU",16,56,126,185
https://kawalpemilu.org#14193,"KUALU, TAMBANG, KAMPAR, RIAU",17,36,135,171
https://kawalpemilu.org#14193,"KUALU, TAMBANG, KAMPAR, RIAU",18,57,181,238
https://kawalpemilu.org#14193,"KUALU, TAMBANG, KAMPAR, RIAU",19,19,97,116
https://kawalpemilu.org#14193,"KUALU, TAMBANG, KAMPAR, RIAU",20,18,218,236
https://kawalpemilu.org#14193,"KUALU, TAMBANG, KAMPAR, RIAU",21,53,189,242
https://kawalpemilu.org#14193,"KUALU, TAMBANG, KAMPAR, RIAU",22,28,153,181
https://kawalpemilu.org#14193,"KUALU, TAMBANG, KAMPAR, RIAU",23,40,180,220
https://kawalpemilu.org#14193,"KUALU, TAMBANG, KAMPAR, RIAU",24,40,166,206
https://kawalpemilu.org#14193,"KUALU, TAMBANG, KAMPAR, RIAU",25,33,147,180
https://kawalpemilu.org#14193,"KUALU, TAMBANG, KAMPAR, RIAU",26,12,220,232
https://kawalpemilu.org#14193,"KUALU, TAMBANG, KAMPAR, RIAU",27,31,114,145
https://kawalpemilu.org#14194,"RIMBO PANJANG, TAMBANG, KAMPAR, RIAU",1,20,180,200
https://kawalpemilu.org#14194,"RIMBO PANJANG, TAMBANG, KAMPAR, RIAU",2,17,116,133
https://kawalpemilu.org#14194,"RIMBO PANJANG, TAMBANG, KAMPAR, RIAU",4,16,183,199
https://kawalpemilu.org#14194,"RIMBO PANJANG, TAMBANG, KAMPAR, RIAU",5,47,197,244
https://kawalpemilu.org#14194,"RIMBO PANJANG, TAMBANG, KAMPAR, RIAU",6,34,191,225
https://kawalpemilu.org#14194,"RIMBO PANJANG, TAMBANG, KAMPAR, RIAU",7,11,109,120
https://kawalpemilu.org#14194,"RIMBO PANJANG, TAMBANG, KAMPAR, RIAU",8,25,154,179
https://kawalpemilu.org#14194,"RIMBO PANJANG, TAMBANG, KAMPAR, RIAU",9,17,174,191
https://kawalpemilu.org#14194,"RIMBO PANJANG, TAMBANG, KAMPAR, RIAU",10,13,124,137
https://kawalpemilu.org#14194,"RIMBO PANJANG, TAMBANG, KAMPAR, RIAU",11,15,121,136
https://kawalpemilu.org#14194,"RIMBO PANJANG, TAMBANG, KAMPAR, RIAU",12,36,145,181
https://kawalpemilu.org#14194,"RIMBO PANJANG, TAMBANG, KAMPAR, RIAU",13,23,127,150
https://kawalpemilu.org#14194,"RIMBO PANJANG, TAMBANG, KAMPAR, RIAU",14,25,166,191
https://kawalpemilu.org#14194,"RIMBO PANJANG, TAMBANG, KAMPAR, RIAU",15,27,149,176
https://kawalpemilu.org#14194,"RIMBO PANJANG, TAMBANG, KAMPAR, RIAU",16,29,120,149
https://kawalpemilu.org#14195,"PARIT BARU, TAMBANG, KAMPAR, RIAU",1,11,169,180
https://kawalpemilu.org#14195,"PARIT BARU, TAMBANG, KAMPAR, RIAU",2,5,216,221
https://kawalpemilu.org#14195,"PARIT BARU, TAMBANG, KAMPAR, RIAU",3,6,191,197
https://kawalpemilu.org#14195,"PARIT BARU, TAMBANG, KAMPAR, RIAU",4,8,186,194
https://kawalpemilu.org#14196,"KEMANG INDAH, TAMBANG, KAMPAR, RIAU",1,8,222,230
https://kawalpemilu.org#14196,"KEMANG INDAH, TAMBANG, KAMPAR, RIAU",2,12,259,271
https://kawalpemilu.org#14196,"KEMANG INDAH, TAMBANG, KAMPAR, RIAU",3,4,175,179
https://kawalpemilu.org#14196,"KEMANG INDAH, TAMBANG, KAMPAR, RIAU",4,9,212,221
https://kawalpemilu.org#14196,"KEMANG INDAH, TAMBANG, KAMPAR, RIAU",5,6,179,185
https://kawalpemilu.org#14197,"KUALU NENAS, TAMBANG, KAMPAR, RIAU",1,33,250,283
https://kawalpemilu.org#14197,"KUALU NENAS, TAMBANG, KAMPAR, RIAU",2,27,252,279
https://kawalpemilu.org#14197,"KUALU NENAS, TAMBANG, KAMPAR, RIAU",3,35,245,280
https://kawalpemilu.org#14197,"KUALU NENAS, TAMBANG, KAMPAR, RIAU",4,34,191,225
https://kawalpemilu.org#14197,"KUALU NENAS, TAMBANG, KAMPAR, RIAU",5,7,238,245
https://kawalpemilu.org#14197,"KUALU NENAS, TAMBANG, KAMPAR, RIAU",6,35,192,227
https://kawalpemilu.org#14197,"KUALU NENAS, TAMBANG, KAMPAR, RIAU",7,20,224,244
https://kawalpemilu.org#14197,"KUALU NENAS, TAMBANG, KAMPAR, RIAU",8,11,226,237
https://kawalpemilu.org#14198,"TARAI BANGUN, TAMBANG, KAMPAR, RIAU",1,27,270,297
https://kawalpemilu.org#14198,"TARAI BANGUN, TAMBANG, KAMPAR, RIAU",2,35,165,200
https://kawalpemilu.org#14198,"TARAI BANGUN, TAMBANG, KAMPAR, RIAU",3,22,73,95
https://kawalpemilu.org#14198,"TARAI BANGUN, TAMBANG, KAMPAR, RIAU",4,19,212,231
https://kawalpemilu.org#14198,"TARAI BANGUN, TAMBANG, KAMPAR, RIAU",5,49,159,208
https://kawalpemilu.org#14198,"TARAI BANGUN, TAMBANG, KAMPAR, RIAU",6,41,144,185
https://kawalpemilu.org#14198,"TARAI BANGUN, TAMBANG, KAMPAR, RIAU",7,42,213,255
https://kawalpemilu.org#14198,"TARAI BANGUN, TAMBANG, KAMPAR, RIAU",8,35,181,216
https://kawalpemilu.org#14198,"TARAI BANGUN, TAMBANG, KAMPAR, RIAU",9,25,155,180
https://kawalpemilu.org#14198,"TARAI BANGUN, TAMBANG, KAMPAR, RIAU",10,49,180,229
https://kawalpemilu.org#14198,"TARAI BANGUN, TAMBANG, KAMPAR, RIAU",11,34,140,174
https://kawalpemilu.org#14198,"TARAI BANGUN, TAMBANG, KAMPAR, RIAU",12,48,161,209
https://kawalpemilu.org#14198,"TARAI BANGUN, TAMBANG, KAMPAR, RIAU",13,31,111,142
https://kawalpemilu.org#14198,"TARAI BANGUN, TAMBANG, KAMPAR, RIAU",14,20,114,134
https://kawalpemilu.org#14198,"TARAI BANGUN, TAMBANG, KAMPAR, RIAU",15,28,155,183
https://kawalpemilu.org#14198,"TARAI BANGUN, TAMBANG, KAMPAR, RIAU",16,19,171,190
https://kawalpemilu.org#14198,"TARAI BANGUN, TAMBANG, KAMPAR, RIAU",17,26,194,220
https://kawalpemilu.org#14198,"TARAI BANGUN, TAMBANG, KAMPAR, RIAU",18,15,168,183
https://kawalpemilu.org#14198,"TARAI BANGUN, TAMBANG, KAMPAR, RIAU",19,33,167,200
https://kawalpemilu.org#14198,"TARAI BANGUN, TAMBANG, KAMPAR, RIAU",20,35,142,177
https://kawalpemilu.org#14198,"TARAI BANGUN, TAMBANG, KAMPAR, RIAU",21,35,149,184
https://kawalpemilu.org#14198,"TARAI BANGUN, TAMBANG, KAMPAR, RIAU",22,82,174,256
https://kawalpemilu.org#14198,"TARAI BANGUN, TAMBANG, KAMPAR, RIAU",24,27,123,150
https://kawalpemilu.org#14198,"TARAI BANGUN, TAMBANG, KAMPAR, RIAU",25,43,135,178
https://kawalpemilu.org#14198,"TARAI BANGUN, TAMBANG, KAMPAR, RIAU",26,63,198,261
https://kawalpemilu.org#14198,"TARAI BANGUN, TAMBANG, KAMPAR, RIAU",27,14,182,196
https://kawalpemilu.org#14198,"TARAI BANGUN, TAMBANG, KAMPAR, RIAU",28,47,212,259
https://kawalpemilu.org#14198,"TARAI BANGUN, TAMBANG, KAMPAR, RIAU",29,31,214,245
https://kawalpemilu.org#14198,"TARAI BANGUN, TAMBANG, KAMPAR, RIAU",30,46,104,150
https://kawalpemilu.org#14198,"TARAI BANGUN, TAMBANG, KAMPAR, RIAU",31,27,136,163
https://kawalpemilu.org#14198,"TARAI BANGUN, TAMBANG, KAMPAR, RIAU",32,48,157,205
https://kawalpemilu.org#14199,"SUNGAI PINANG, TAMBANG, KAMPAR, RIAU",1,33,159,192
https://kawalpemilu.org#14199,"SUNGAI PINANG, TAMBANG, KAMPAR, RIAU",2,21,177,21
https://kawalpemilu.org#14199,"SUNGAI PINANG, TAMBANG, KAMPAR, RIAU",3,33,246,279
https://kawalpemilu.org#14199,"SUNGAI PINANG, TAMBANG, KAMPAR, RIAU",4,48,185,233
https://kawalpemilu.org#14199,"SUNGAI PINANG, TAMBANG, KAMPAR, RIAU",5,24,135,159
https://kawalpemilu.org#14199,"SUNGAI PINANG, TAMBANG, KAMPAR, RIAU",6,18,193,211
https://kawalpemilu.org#14199,"SUNGAI PINANG, TAMBANG, KAMPAR, RIAU",7,46,181,227
https://kawalpemilu.org#84462,"PULAUPERMAI, TAMBANG, KAMPAR, RIAU",1,14,202,216
https://kawalpemilu.org#84462,"PULAUPERMAI, TAMBANG, KAMPAR, RIAU",2,2,172,174
https://kawalpemilu.org#84462,"PULAUPERMAI, TAMBANG, KAMPAR, RIAU",3,6,215,221
https://kawalpemilu.org#84462,"PULAUPERMAI, TAMBANG, KAMPAR, RIAU",4,12,140,152
https://kawalpemilu.org#84462,"PULAUPERMAI, TAMBANG, KAMPAR, RIAU",5,8,197,205
https://kawalpemilu.org#84462,"PULAUPERMAI, TAMBANG, KAMPAR, RIAU",6,8,132,140
https://kawalpemilu.org#84462,"PULAUPERMAI, TAMBANG, KAMPAR, RIAU",7,14,197,211
https://kawalpemilu.org#84462,"PULAUPERMAI, TAMBANG, KAMPAR, RIAU",8,3,135,138
https://kawalpemilu.org#84463,"PALUNGRAYA, TAMBANG, KAMPAR, RIAU",1,9,137,146
https://kawalpemilu.org#84463,"PALUNGRAYA, TAMBANG, KAMPAR, RIAU",2,12,134,146
https://kawalpemilu.org#84463,"PALUNGRAYA, TAMBANG, KAMPAR, RIAU",3,9,136,145
https://kawalpemilu.org#84463,"PALUNGRAYA, TAMBANG, KAMPAR, RIAU",4,11,135,146
https://kawalpemilu.org#89599,"BALAM JAYA, TAMBANG, KAMPAR, RIAU",1,16,176,192
https://kawalpemilu.org#89599,"BALAM JAYA, TAMBANG, KAMPAR, RIAU",2,13,223,236
https://kawalpemilu.org#89599,"BALAM JAYA, TAMBANG, KAMPAR, RIAU",3,20,155,175
https://kawalpemilu.org#89599,"BALAM JAYA, TAMBANG, KAMPAR, RIAU",4,17,196,213
https://kawalpemilu.org#14201,"BATU BERSURAT, XIII KOTO KAMPAR, KAMPAR, RIAU",1,10,166,176
https://kawalpemilu.org#14201,"BATU BERSURAT, XIII KOTO KAMPAR, KAMPAR, RIAU",2,21,175,196
https://kawalpemilu.org#14201,"BATU BERSURAT, XIII KOTO KAMPAR, KAMPAR, RIAU",4,14,132,146
https://kawalpemilu.org#14201,"BATU BERSURAT, XIII KOTO KAMPAR, KAMPAR, RIAU",5,18,114,132
https://kawalpemilu.org#14201,"BATU BERSURAT, XIII KOTO KAMPAR, KAMPAR, RIAU",6,16,169,185
https://kawalpemilu.org#14201,"BATU BERSURAT, XIII KOTO KAMPAR, KAMPAR, RIAU",7,4,183,187
https://kawalpemilu.org#14201,"BATU BERSURAT, XIII KOTO KAMPAR, KAMPAR, RIAU",8,12,129,141
https://kawalpemilu.org#14201,"BATU BERSURAT, XIII KOTO KAMPAR, KAMPAR, RIAU",9,8,141,149
https://kawalpemilu.org#14201,"BATU BERSURAT, XIII KOTO KAMPAR, KAMPAR, RIAU",10,17,107,124
https://kawalpemilu.org#14202,"GUNUNG BUNGSU, XIII KOTO KAMPAR, KAMPAR, RIAU",1,12,134,146
https://kawalpemilu.org#14202,"GUNUNG BUNGSU, XIII KOTO KAMPAR, KAMPAR, RIAU",2,11,96,107
https://kawalpemilu.org#14202,"GUNUNG BUNGSU, XIII KOTO KAMPAR, KAMPAR, RIAU",4,12,109,121
https://kawalpemilu.org#14202,"GUNUNG BUNGSU, XIII KOTO KAMPAR, KAMPAR, RIAU",5,12,142,154
https://kawalpemilu.org#14202,"GUNUNG BUNGSU, XIII KOTO KAMPAR, KAMPAR, RIAU",6,2,97,99
https://kawalpemilu.org#14202,"GUNUNG BUNGSU, XIII KOTO KAMPAR, KAMPAR, RIAU",7,7,124,131
https://kawalpemilu.org#14202,"GUNUNG BUNGSU, XIII KOTO KAMPAR, KAMPAR, RIAU",8,19,98,117
https://kawalpemilu.org#14203,"KOTO TUO, XIII KOTO KAMPAR, KAMPAR, RIAU",1,18,190,208
https://kawalpemilu.org#14203,"KOTO TUO, XIII KOTO KAMPAR, KAMPAR, RIAU",2,17,167,184
https://kawalpemilu.org#14203,"KOTO TUO, XIII KOTO KAMPAR, KAMPAR, RIAU",3,30,179,209
https://kawalpemilu.org#14203,"KOTO TUO, XIII KOTO KAMPAR, KAMPAR, RIAU",4,20,139,159
https://kawalpemilu.org#14203,"KOTO TUO, XIII KOTO KAMPAR, KAMPAR, RIAU",5,53,28,81
https://kawalpemilu.org#14203,"KOTO TUO, XIII KOTO KAMPAR, KAMPAR, RIAU",6,15,177,192
https://kawalpemilu.org#14203,"KOTO TUO, XIII KOTO KAMPAR, KAMPAR, RIAU",7,15,166,181
https://kawalpemilu.org#14203,"KOTO TUO, XIII KOTO KAMPAR, KAMPAR, RIAU",8,13,178,191
https://kawalpemilu.org#14203,"KOTO TUO, XIII KOTO KAMPAR, KAMPAR, RIAU",9,5,130,135
https://kawalpemilu.org#14204,"BALUNG, XIII KOTO KAMPAR, KAMPAR, RIAU",1,17,148,165
https://kawalpemilu.org#14204,"BALUNG, XIII KOTO KAMPAR, KAMPAR, RIAU",2,7,168,175
https://kawalpemilu.org#14204,"BALUNG, XIII KOTO KAMPAR, KAMPAR, RIAU",3,15,218,233
https://kawalpemilu.org#14204,"BALUNG, XIII KOTO KAMPAR, KAMPAR, RIAU",4,43,33,76
https://kawalpemilu.org#14204,"BALUNG, XIII KOTO KAMPAR, KAMPAR, RIAU",5,8,153,161
https://kawalpemilu.org#14204,"BALUNG, XIII KOTO KAMPAR, KAMPAR, RIAU",6,8,153,161
https://kawalpemilu.org#14205,"MUARA TAKUS, XIII KOTO KAMPAR, KAMPAR, RIAU",1,15,178,193
https://kawalpemilu.org#14205,"MUARA TAKUS, XIII KOTO KAMPAR, KAMPAR, RIAU",2,13,184,197
https://kawalpemilu.org#14205,"MUARA TAKUS, XIII KOTO KAMPAR, KAMPAR, RIAU",3,119,44,163
https://kawalpemilu.org#14205,"MUARA TAKUS, XIII KOTO KAMPAR, KAMPAR, RIAU",4,27,157,184
https://kawalpemilu.org#14205,"MUARA TAKUS, XIII KOTO KAMPAR, KAMPAR, RIAU",5,25,162,187
https://kawalpemilu.org#14205,"MUARA TAKUS, XIII KOTO KAMPAR, KAMPAR, RIAU",6,129,57,186
https://kawalpemilu.org#14206,"PULAU GADANG, XIII KOTO KAMPAR, KAMPAR, RIAU",1,17,135,152
https://kawalpemilu.org#14206,"PULAU GADANG, XIII KOTO KAMPAR, KAMPAR, RIAU",2,23,144,167
https://kawalpemilu.org#14206,"PULAU GADANG, XIII KOTO KAMPAR, KAMPAR, RIAU",3,16,118,134
https://kawalpemilu.org#14206,"PULAU GADANG, XIII KOTO KAMPAR, KAMPAR, RIAU",4,29,119,148
https://kawalpemilu.org#14206,"PULAU GADANG, XIII KOTO KAMPAR, KAMPAR, RIAU",5,15,135,150
https://kawalpemilu.org#14206,"PULAU GADANG, XIII KOTO KAMPAR, KAMPAR, RIAU",6,11,160,171
https://kawalpemilu.org#14206,"PULAU GADANG, XIII KOTO KAMPAR, KAMPAR, RIAU",7,30,117,147
https://kawalpemilu.org#14206,"PULAU GADANG, XIII KOTO KAMPAR, KAMPAR, RIAU",8,30,121,151
https://kawalpemilu.org#14207,"TANJUNG ALAI, XIII KOTO KAMPAR, KAMPAR, RIAU",1,12,144,156
https://kawalpemilu.org#14207,"TANJUNG ALAI, XIII KOTO KAMPAR, KAMPAR, RIAU",2,21,136,157
https://kawalpemilu.org#14207,"TANJUNG ALAI, XIII KOTO KAMPAR, KAMPAR, RIAU",3,11,167,178
https://kawalpemilu.org#14207,"TANJUNG ALAI, XIII KOTO KAMPAR, KAMPAR, RIAU",4,4,176,180
https://kawalpemilu.org#14207,"TANJUNG ALAI, XIII KOTO KAMPAR, KAMPAR, RIAU",5,39,108,147
https://kawalpemilu.org#14207,"TANJUNG ALAI, XIII KOTO KAMPAR, KAMPAR, RIAU",6,9,149,158
https://kawalpemilu.org#14207,"TANJUNG ALAI, XIII KOTO KAMPAR, KAMPAR, RIAU",7,7,166,173
https://kawalpemilu.org#14207,"TANJUNG ALAI, XIII KOTO KAMPAR, KAMPAR, RIAU",8,11,159,170
https://kawalpemilu.org#14208,"RANAH SUNGKAI, XIII KOTO KAMPAR, KAMPAR, RIAU",1,2,139,141
https://kawalpemilu.org#14208,"RANAH SUNGKAI, XIII KOTO KAMPAR, KAMPAR, RIAU",2,5,153,158
https://kawalpemilu.org#14208,"RANAH SUNGKAI, XIII KOTO KAMPAR, KAMPAR, RIAU",3,10,214,224
https://kawalpemilu.org#14208,"RANAH SUNGKAI, XIII KOTO KAMPAR, KAMPAR, RIAU",4,11,154,165
https://kawalpemilu.org#14208,"RANAH SUNGKAI, XIII KOTO KAMPAR, KAMPAR, RIAU",5,6,145,151
https://kawalpemilu.org#14209,"LUBUK AGUNG, XIII KOTO KAMPAR, KAMPAR, RIAU",1,14,122,136
https://kawalpemilu.org#14209,"LUBUK AGUNG, XIII KOTO KAMPAR, KAMPAR, RIAU",2,34,138,172
https://kawalpemilu.org#14209,"LUBUK AGUNG, XIII KOTO KAMPAR, KAMPAR, RIAU",3,11,176,2
https://kawalpemilu.org#14209,"LUBUK AGUNG, XIII KOTO KAMPAR, KAMPAR, RIAU",4,28,183,211
https://kawalpemilu.org#14209,"LUBUK AGUNG, XIII KOTO KAMPAR, KAMPAR, RIAU",5,23,167,190
https://kawalpemilu.org#14210,"KOTO MESJID, XIII KOTO KAMPAR, KAMPAR, RIAU",1,19,125,144
https://kawalpemilu.org#14210,"KOTO MESJID, XIII KOTO KAMPAR, KAMPAR, RIAU",2,57,110,167
https://kawalpemilu.org#14210,"KOTO MESJID, XIII KOTO KAMPAR, KAMPAR, RIAU",3,26,144,170
https://kawalpemilu.org#14210,"KOTO MESJID, XIII KOTO KAMPAR, KAMPAR, RIAU",4,21,148,169
https://kawalpemilu.org#14210,"KOTO MESJID, XIII KOTO KAMPAR, KAMPAR, RIAU",5,19,111,130
https://kawalpemilu.org#14210,"KOTO MESJID, XIII KOTO KAMPAR, KAMPAR, RIAU",6,17,165,182
https://kawalpemilu.org#14210,"KOTO MESJID, XIII KOTO KAMPAR, KAMPAR, RIAU",7,22,133,155
https://kawalpemilu.org#14210,"KOTO MESJID, XIII KOTO KAMPAR, KAMPAR, RIAU",8,28,148,176
https://kawalpemilu.org#14211,"PONGKAI ISTIQOMAH, XIII KOTO KAMPAR, KAMPAR, RIAU",1,20,180,200
https://kawalpemilu.org#14211,"PONGKAI ISTIQOMAH, XIII KOTO KAMPAR, KAMPAR, RIAU",2,17,180,197
https://kawalpemilu.org#14212,"BINAMANG, XIII KOTO KAMPAR, KAMPAR, RIAU",1,10,172,182
https://kawalpemilu.org#14212,"BINAMANG, XIII KOTO KAMPAR, KAMPAR, RIAU",2,8,157,165
https://kawalpemilu.org#14212,"BINAMANG, XIII KOTO KAMPAR, KAMPAR, RIAU",3,23,141,164
https://kawalpemilu.org#14212,"BINAMANG, XIII KOTO KAMPAR, KAMPAR, RIAU",4,17,137,154
https://kawalpemilu.org#14213,"KOTO TUO BARAT, XIII KOTO KAMPAR, KAMPAR, RIAU",1,24,155,179
https://kawalpemilu.org#14213,"KOTO TUO BARAT, XIII KOTO KAMPAR, KAMPAR, RIAU",2,12,144,156
https://kawalpemilu.org#14213,"KOTO TUO BARAT, XIII KOTO KAMPAR, KAMPAR, RIAU",3,18,146,164
https://kawalpemilu.org#14213,"KOTO TUO BARAT, XIII KOTO KAMPAR, KAMPAR, RIAU",4,12,141,153
https://kawalpemilu.org#14215,"KUOK, KUOK, KAMPAR, RIAU",1,14,184,198
https://kawalpemilu.org#14215,"KUOK, KUOK, KAMPAR, RIAU",2,15,120,135
https://kawalpemilu.org#14215,"KUOK, KUOK, KAMPAR, RIAU",3,21,169,190
https://kawalpemilu.org#14215,"KUOK, KUOK, KAMPAR, RIAU",4,6,188,194
https://kawalpemilu.org#14215,"KUOK, KUOK, KAMPAR, RIAU",5,10,229,239
https://kawalpemilu.org#14215,"KUOK, KUOK, KAMPAR, RIAU",6,13,192,205
https://kawalpemilu.org#14215,"KUOK, KUOK, KAMPAR, RIAU",7,17,187,204
https://kawalpemilu.org#14215,"KUOK, KUOK, KAMPAR, RIAU",8,11,206,217
https://kawalpemilu.org#14215,"KUOK, KUOK, KAMPAR, RIAU",9,2,142,144
https://kawalpemilu.org#14215,"KUOK, KUOK, KAMPAR, RIAU",10,21,180,201
https://kawalpemilu.org#14215,"KUOK, KUOK, KAMPAR, RIAU",11,9,156,165
https://kawalpemilu.org#14215,"KUOK, KUOK, KAMPAR, RIAU",12,18,164,182
https://kawalpemilu.org#14215,"KUOK, KUOK, KAMPAR, RIAU",13,20,186,206
https://kawalpemilu.org#14215,"KUOK, KUOK, KAMPAR, RIAU",14,13,122,135
https://kawalpemilu.org#14215,"KUOK, KUOK, KAMPAR, RIAU",15,7,181,188
https://kawalpemilu.org#14215,"KUOK, KUOK, KAMPAR, RIAU",16,7,180,187
https://kawalpemilu.org#14215,"KUOK, KUOK, KAMPAR, RIAU",17,19,183,202
https://kawalpemilu.org#14215,"KUOK, KUOK, KAMPAR, RIAU",18,9,174,183
https://kawalpemilu.org#14215,"KUOK, KUOK, KAMPAR, RIAU",19,6,199,205
https://kawalpemilu.org#14215,"KUOK, KUOK, KAMPAR, RIAU",20,3,144,147
https://kawalpemilu.org#14215,"KUOK, KUOK, KAMPAR, RIAU",21,25,177,202
https://kawalpemilu.org#14215,"KUOK, KUOK, KAMPAR, RIAU",22,12,150,162
https://kawalpemilu.org#14215,"KUOK, KUOK, KAMPAR, RIAU",23,13,148,161
https://kawalpemilu.org#14216,"MERANGIN, KUOK, KAMPAR, RIAU",1,18,127,145
https://kawalpemilu.org#14216,"MERANGIN, KUOK, KAMPAR, RIAU",2,24,149,173
https://kawalpemilu.org#14216,"MERANGIN, KUOK, KAMPAR, RIAU",3,31,149,180
https://kawalpemilu.org#14216,"MERANGIN, KUOK, KAMPAR, RIAU",4,34,164,198
https://kawalpemilu.org#14216,"MERANGIN, KUOK, KAMPAR, RIAU",5,32,128,160
https://kawalpemilu.org#14217,"EMPAT BALAI, KUOK, KAMPAR, RIAU",1,3,137,140
https://kawalpemilu.org#14217,"EMPAT BALAI, KUOK, KAMPAR, RIAU",2,3,188,191
https://kawalpemilu.org#14217,"EMPAT BALAI, KUOK, KAMPAR, RIAU",3,10,151,161
https://kawalpemilu.org#14217,"EMPAT BALAI, KUOK, KAMPAR, RIAU",4,10,230,240
https://kawalpemilu.org#14217,"EMPAT BALAI, KUOK, KAMPAR, RIAU",5,11,200,211
https://kawalpemilu.org#14217,"EMPAT BALAI, KUOK, KAMPAR, RIAU",6,7,131,138
https://kawalpemilu.org#14217,"EMPAT BALAI, KUOK, KAMPAR, RIAU",7,21,168,188
https://kawalpemilu.org#14217,"EMPAT BALAI, KUOK, KAMPAR, RIAU",8,6,171,177
https://kawalpemilu.org#14217,"EMPAT BALAI, KUOK, KAMPAR, RIAU",9,32,159,191
https://kawalpemilu.org#14218,"PULAU JAMBU, KUOK, KAMPAR, RIAU",1,7,192,199
https://kawalpemilu.org#14218,"PULAU JAMBU, KUOK, KAMPAR, RIAU",2,6,201,207
https://kawalpemilu.org#14218,"PULAU JAMBU, KUOK, KAMPAR, RIAU",3,6,163,169
https://kawalpemilu.org#14218,"PULAU JAMBU, KUOK, KAMPAR, RIAU",4,7,166,173
https://kawalpemilu.org#14218,"PULAU JAMBU, KUOK, KAMPAR, RIAU",5,9,175,184
https://kawalpemilu.org#14218,"PULAU JAMBU, KUOK, KAMPAR, RIAU",6,11,174,185
https://kawalpemilu.org#14218,"PULAU JAMBU, KUOK, KAMPAR, RIAU",7,24,181,205
https://kawalpemilu.org#14218,"PULAU JAMBU, KUOK, KAMPAR, RIAU",8,8,168,176
https://kawalpemilu.org#14218,"PULAU JAMBU, KUOK, KAMPAR, RIAU",9,0,0,0
https://kawalpemilu.org#14218,"PULAU JAMBU, KUOK, KAMPAR, RIAU",10,8,179,187
https://kawalpemilu.org#14219,"SILAM, KUOK, KAMPAR, RIAU",1,66,100,166
https://kawalpemilu.org#14219,"SILAM, KUOK, KAMPAR, RIAU",2,34,123,157
https://kawalpemilu.org#14219,"SILAM, KUOK, KAMPAR, RIAU",3,18,176,194
https://kawalpemilu.org#14219,"SILAM, KUOK, KAMPAR, RIAU",4,26,111,137
https://kawalpemilu.org#14219,"SILAM, KUOK, KAMPAR, RIAU",5,31,144,175
https://kawalpemilu.org#14219,"SILAM, KUOK, KAMPAR, RIAU",6,36,143,179
https://kawalpemilu.org#14219,"SILAM, KUOK, KAMPAR, RIAU",7,29,101,130
https://kawalpemilu.org#14220,"BUKIT MELINTANG, KUOK, KAMPAR, RIAU",1,11,224,235
https://kawalpemilu.org#14220,"BUKIT MELINTANG, KUOK, KAMPAR, RIAU",2,28,192,220
https://kawalpemilu.org#14220,"BUKIT MELINTANG, KUOK, KAMPAR, RIAU",3,21,117,138
https://kawalpemilu.org#89598,"PULAUTARAP, KUOK, KAMPAR, RIAU",1,21,211,232
https://kawalpemilu.org#89598,"PULAUTARAP, KUOK, KAMPAR, RIAU",2,4,144,148
https://kawalpemilu.org#89598,"PULAUTARAP, KUOK, KAMPAR, RIAU",3,16,240,256
https://kawalpemilu.org#89598,"PULAUTARAP, KUOK, KAMPAR, RIAU",4,5,176,181
https://kawalpemilu.org#89598,"PULAUTARAP, KUOK, KAMPAR, RIAU",5,17,155,172
https://kawalpemilu.org#89598,"PULAUTARAP, KUOK, KAMPAR, RIAU",6,9,132,141
https://kawalpemilu.org#89598,"PULAUTARAP, KUOK, KAMPAR, RIAU",7,10,130,140
https://kawalpemilu.org#89601,"LERENG, KUOK, KAMPAR, RIAU",1,10,215,225
https://kawalpemilu.org#89601,"LERENG, KUOK, KAMPAR, RIAU",2,18,170,188
https://kawalpemilu.org#89601,"LERENG, KUOK, KAMPAR, RIAU",3,13,159,172
https://kawalpemilu.org#89601,"LERENG, KUOK, KAMPAR, RIAU",4,36,200,236
https://kawalpemilu.org#89601,"LERENG, KUOK, KAMPAR, RIAU",5,10,199,209
https://kawalpemilu.org#89601,"LERENG, KUOK, KAMPAR, RIAU",6,6,169,175
https://kawalpemilu.org#89601,"LERENG, KUOK, KAMPAR, RIAU",7,8,172,180
https://kawalpemilu.org#89602,"BATULANGKA KECIL, KUOK, KAMPAR, RIAU",1,31,188,219
https://kawalpemilu.org#89602,"BATULANGKA KECIL, KUOK, KAMPAR, RIAU",2,25,113,138
https://kawalpemilu.org#89602,"BATULANGKA KECIL, KUOK, KAMPAR, RIAU",3,52,194,246
https://kawalpemilu.org#89602,"BATULANGKA KECIL, KUOK, KAMPAR, RIAU",4,42,111,153
https://kawalpemilu.org#89602,"BATULANGKA KECIL, KUOK, KAMPAR, RIAU",5,40,95,135
https://kawalpemilu.org#89602,"BATULANGKA KECIL, KUOK, KAMPAR, RIAU",6,34,134,168
https://kawalpemilu.org#14222,"PANGKALAN BARU, SIAK HULU, KAMPAR, RIAU",2,25,163,188
https://kawalpemilu.org#14222,"PANGKALAN BARU, SIAK HULU, KAMPAR, RIAU",3,28,177,205
https://kawalpemilu.org#14222,"PANGKALAN BARU, SIAK HULU, KAMPAR, RIAU",4,51,146,197
https://kawalpemilu.org#14222,"PANGKALAN BARU, SIAK HULU, KAMPAR, RIAU",5,31,193,224
https://kawalpemilu.org#14222,"PANGKALAN BARU, SIAK HULU, KAMPAR, RIAU",6,71,96,167
https://kawalpemilu.org#14222,"PANGKALAN BARU, SIAK HULU, KAMPAR, RIAU",7,51,67,118
https://kawalpemilu.org#14222,"PANGKALAN BARU, SIAK HULU, KAMPAR, RIAU",9,34,156,190
https://kawalpemilu.org#14222,"PANGKALAN BARU, SIAK HULU, KAMPAR, RIAU",10,31,144,175
https://kawalpemilu.org#14222,"PANGKALAN BARU, SIAK HULU, KAMPAR, RIAU",11,24,147,171
https://kawalpemilu.org#14222,"PANGKALAN BARU, SIAK HULU, KAMPAR, RIAU",12,19,168,187
https://kawalpemilu.org#14222,"PANGKALAN BARU, SIAK HULU, KAMPAR, RIAU",13,48,143,191
https://kawalpemilu.org#14222,"PANGKALAN BARU, SIAK HULU, KAMPAR, RIAU",14,62,64,126
https://kawalpemilu.org#14223,"DESA BARU, SIAK HULU, KAMPAR, RIAU",1,40,156,196
https://kawalpemilu.org#14223,"DESA BARU, SIAK HULU, KAMPAR, RIAU",2,19,160,179
https://kawalpemilu.org#14223,"DESA BARU, SIAK HULU, KAMPAR, RIAU",3,39,120,159
https://kawalpemilu.org#14223,"DESA BARU, SIAK HULU, KAMPAR, RIAU",4,75,138,213
https://kawalpemilu.org#14223,"DESA BARU, SIAK HULU, KAMPAR, RIAU",5,32,89,121
https://kawalpemilu.org#14223,"DESA BARU, SIAK HULU, KAMPAR, RIAU",6,102,125,227
https://kawalpemilu.org#14223,"DESA BARU, SIAK HULU, KAMPAR, RIAU",7,85,52,137
https://kawalpemilu.org#14223,"DESA BARU, SIAK HULU, KAMPAR, RIAU",8,100,46,146
https://kawalpemilu.org#14223,"DESA BARU, SIAK HULU, KAMPAR, RIAU",9,0,0,0
https://kawalpemilu.org#14223,"DESA BARU, SIAK HULU, KAMPAR, RIAU",10,50,105,155
https://kawalpemilu.org#14223,"DESA BARU, SIAK HULU, KAMPAR, RIAU",11,113,122,235
https://kawalpemilu.org#14223,"DESA BARU, SIAK HULU, KAMPAR, RIAU",12,90,20,110
https://kawalpemilu.org#14223,"DESA BARU, SIAK HULU, KAMPAR, RIAU",13,144,7,151
https://kawalpemilu.org#14223,"DESA BARU, SIAK HULU, KAMPAR, RIAU",14,108,100,208
https://kawalpemilu.org#14223,"DESA BARU, SIAK HULU, KAMPAR, RIAU",15,68,100,168
https://kawalpemilu.org#14223,"DESA BARU, SIAK HULU, KAMPAR, RIAU",16,127,46,173
https://kawalpemilu.org#14223,"DESA BARU, SIAK HULU, KAMPAR, RIAU",17,15,151,166
https://kawalpemilu.org#14223,"DESA BARU, SIAK HULU, KAMPAR, RIAU",18,26,87,113
https://kawalpemilu.org#14223,"DESA BARU, SIAK HULU, KAMPAR, RIAU",19,125,74,199
https://kawalpemilu.org#14223,"DESA BARU, SIAK HULU, KAMPAR, RIAU",20,64,29,93
https://kawalpemilu.org#14223,"DESA BARU, SIAK HULU, KAMPAR, RIAU",21,107,107,214
https://kawalpemilu.org#14223,"DESA BARU, SIAK HULU, KAMPAR, RIAU",22,91,92,183
https://kawalpemilu.org#14223,"DESA BARU, SIAK HULU, KAMPAR, RIAU",23,95,35,130
https://kawalpemilu.org#14223,"DESA BARU, SIAK HULU, KAMPAR, RIAU",24,97,10,107
https://kawalpemilu.org#14223,"DESA BARU, SIAK HULU, KAMPAR, RIAU",25,79,88,167
https://kawalpemilu.org#14223,"DESA BARU, SIAK HULU, KAMPAR, RIAU",26,101,54,155
https://kawalpemilu.org#14224,"TERATAK BULUH, SIAK HULU, KAMPAR, RIAU",1,10,117,127
https://kawalpemilu.org#14224,"TERATAK BULUH, SIAK HULU, KAMPAR, RIAU",2,31,155,186
https://kawalpemilu.org#14224,"TERATAK BULUH, SIAK HULU, KAMPAR, RIAU",3,22,182,204
https://kawalpemilu.org#14224,"TERATAK BULUH, SIAK HULU, KAMPAR, RIAU",4,22,113,135
https://kawalpemilu.org#14224,"TERATAK BULUH, SIAK HULU, KAMPAR, RIAU",5,31,207,238
https://kawalpemilu.org#14224,"TERATAK BULUH, SIAK HULU, KAMPAR, RIAU",6,26,164,190
https://kawalpemilu.org#14224,"TERATAK BULUH, SIAK HULU, KAMPAR, RIAU",7,17,184,201
https://kawalpemilu.org#14224,"TERATAK BULUH, SIAK HULU, KAMPAR, RIAU",8,16,182,198
https://kawalpemilu.org#14224,"TERATAK BULUH, SIAK HULU, KAMPAR, RIAU",9,43,209,252
https://kawalpemilu.org#14224,"TERATAK BULUH, SIAK HULU, KAMPAR, RIAU",10,49,193,242
https://kawalpemilu.org#14224,"TERATAK BULUH, SIAK HULU, KAMPAR, RIAU",11,31,162,193
https://kawalpemilu.org#14224,"TERATAK BULUH, SIAK HULU, KAMPAR, RIAU",12,48,195,243
https://kawalpemilu.org#14224,"TERATAK BULUH, SIAK HULU, KAMPAR, RIAU",13,19,172,191
https://kawalpemilu.org#14225,"LUBUK SIAM, SIAK HULU, KAMPAR, RIAU",1,22,146,168
https://kawalpemilu.org#14225,"LUBUK SIAM, SIAK HULU, KAMPAR, RIAU",2,16,108,124
https://kawalpemilu.org#14225,"LUBUK SIAM, SIAK HULU, KAMPAR, RIAU",3,22,103,125
https://kawalpemilu.org#14225,"LUBUK SIAM, SIAK HULU, KAMPAR, RIAU",4,35,153,188
https://kawalpemilu.org#14225,"LUBUK SIAM, SIAK HULU, KAMPAR, RIAU",5,27,167,194
https://kawalpemilu.org#14225,"LUBUK SIAM, SIAK HULU, KAMPAR, RIAU",6,14,128,142
https://kawalpemilu.org#14226,"BULUH CINA, SIAK HULU, KAMPAR, RIAU",1,31,171,202
https://kawalpemilu.org#14226,"BULUH CINA, SIAK HULU, KAMPAR, RIAU",2,25,258,283
https://kawalpemilu.org#14226,"BULUH CINA, SIAK HULU, KAMPAR, RIAU",3,45,196,241
https://kawalpemilu.org#14226,"BULUH CINA, SIAK HULU, KAMPAR, RIAU",4,36,191,227
https://kawalpemilu.org#14227,"BULUH NIPIS, SIAK HULU, KAMPAR, RIAU",1,11,122,133
https://kawalpemilu.org#14227,"BULUH NIPIS, SIAK HULU, KAMPAR, RIAU",2,8,191,199
https://kawalpemilu.org#14227,"BULUH NIPIS, SIAK HULU, KAMPAR, RIAU",3,6,210,216
https://kawalpemilu.org#14227,"BULUH NIPIS, SIAK HULU, KAMPAR, RIAU",4,36,82,118
https://kawalpemilu.org#14227,"BULUH NIPIS, SIAK HULU, KAMPAR, RIAU",5,9,149,158
https://kawalpemilu.org#14227,"BULUH NIPIS, SIAK HULU, KAMPAR, RIAU",6,15,187,202
https://kawalpemilu.org#14228,"TANAH MERAH, SIAK HULU, KAMPAR, RIAU",1,153,43,196
https://kawalpemilu.org#14228,"TANAH MERAH, SIAK HULU, KAMPAR, RIAU",2,165,54,219
https://kawalpemilu.org#14228,"TANAH MERAH, SIAK HULU, KAMPAR, RIAU",3,150,110,260
https://kawalpemilu.org#14228,"TANAH MERAH, SIAK HULU, KAMPAR, RIAU",4,213,11,224
https://kawalpemilu.org#14228,"TANAH MERAH, SIAK HULU, KAMPAR, RIAU",5,56,66,122
https://kawalpemilu.org#14228,"TANAH MERAH, SIAK HULU, KAMPAR, RIAU",6,32,188,220
https://kawalpemilu.org#14228,"TANAH MERAH, SIAK HULU, KAMPAR, RIAU",7,28,158,186
https://kawalpemilu.org#14228,"TANAH MERAH, SIAK HULU, KAMPAR, RIAU",8,73,164,237
https://kawalpemilu.org#14228,"TANAH MERAH, SIAK HULU, KAMPAR, RIAU",9,34,110,144
https://kawalpemilu.org#14228,"TANAH MERAH, SIAK HULU, KAMPAR, RIAU",10,33,183,216
https://kawalpemilu.org#14228,"TANAH MERAH, SIAK HULU, KAMPAR, RIAU",11,14,156,170
https://kawalpemilu.org#14228,"TANAH MERAH, SIAK HULU, KAMPAR, RIAU",12,27,105,132
https://kawalpemilu.org#14228,"TANAH MERAH, SIAK HULU, KAMPAR, RIAU",13,26,172,198
https://kawalpemilu.org#14228,"TANAH MERAH, SIAK HULU, KAMPAR, RIAU",14,47,132,179
https://kawalpemilu.org#14228,"TANAH MERAH, SIAK HULU, KAMPAR, RIAU",15,22,122,144
https://kawalpemilu.org#14228,"TANAH MERAH, SIAK HULU, KAMPAR, RIAU",16,31,133,164
https://kawalpemilu.org#14228,"TANAH MERAH, SIAK HULU, KAMPAR, RIAU",17,52,219,271
https://kawalpemilu.org#14228,"TANAH MERAH, SIAK HULU, KAMPAR, RIAU",18,31,134,165
https://kawalpemilu.org#14228,"TANAH MERAH, SIAK HULU, KAMPAR, RIAU",19,20,194,214
https://kawalpemilu.org#14228,"TANAH MERAH, SIAK HULU, KAMPAR, RIAU",20,57,143,200
https://kawalpemilu.org#14228,"TANAH MERAH, SIAK HULU, KAMPAR, RIAU",21,48,135,183
https://kawalpemilu.org#14228,"TANAH MERAH, SIAK HULU, KAMPAR, RIAU",22,37,158,195
https://kawalpemilu.org#14228,"TANAH MERAH, SIAK HULU, KAMPAR, RIAU",23,161,4,165
https://kawalpemilu.org#14228,"TANAH MERAH, SIAK HULU, KAMPAR, RIAU",24,61,84,145
https://kawalpemilu.org#14228,"TANAH MERAH, SIAK HULU, KAMPAR, RIAU",25,53,116,169
https://kawalpemilu.org#14228,"TANAH MERAH, SIAK HULU, KAMPAR, RIAU",26,54,149,203
https://kawalpemilu.org#14228,"TANAH MERAH, SIAK HULU, KAMPAR, RIAU",27,62,80,142
https://kawalpemilu.org#14228,"TANAH MERAH, SIAK HULU, KAMPAR, RIAU",28,15,64,79
https://kawalpemilu.org#14228,"TANAH MERAH, SIAK HULU, KAMPAR, RIAU",29,104,65,169
https://kawalpemilu.org#14228,"TANAH MERAH, SIAK HULU, KAMPAR, RIAU",30,29,107,136
https://kawalpemilu.org#14228,"TANAH MERAH, SIAK HULU, KAMPAR, RIAU",31,26,146,172
https://kawalpemilu.org#14228,"TANAH MERAH, SIAK HULU, KAMPAR, RIAU",32,23,146,169
https://kawalpemilu.org#14228,"TANAH MERAH, SIAK HULU, KAMPAR, RIAU",33,155,5,160
https://kawalpemilu.org#14228,"TANAH MERAH, SIAK HULU, KAMPAR, RIAU",34,67,55,122
https://kawalpemilu.org#14228,"TANAH MERAH, SIAK HULU, KAMPAR, RIAU",35,25,110,135
https://kawalpemilu.org#14228,"TANAH MERAH, SIAK HULU, KAMPAR, RIAU",36,28,103,131
https://kawalpemilu.org#14228,"TANAH MERAH, SIAK HULU, KAMPAR, RIAU",37,16,106,122
https://kawalpemilu.org#14229,"PANDAU JAYA, SIAK HULU, KAMPAR, RIAU",1,28,160,188
https://kawalpemilu.org#14229,"PANDAU JAYA, SIAK HULU, KAMPAR, RIAU",2,83,59,142
https://kawalpemilu.org#14229,"PANDAU JAYA, SIAK HULU, KAMPAR, RIAU",3,57,78,135
https://kawalpemilu.org#14229,"PANDAU JAYA, SIAK HULU, KAMPAR, RIAU",4,141,21,162
https://kawalpemilu.org#14229,"PANDAU JAYA, SIAK HULU, KAMPAR, RIAU",7,90,100,190
https://kawalpemilu.org#14229,"PANDAU JAYA, SIAK HULU, KAMPAR, RIAU",8,101,48,149
https://kawalpemilu.org#14229,"PANDAU JAYA, SIAK HULU, KAMPAR, RIAU",9,48,79,127
https://kawalpemilu.org#14229,"PANDAU JAYA, SIAK HULU, KAMPAR, RIAU",10,51,154,205
https://kawalpemilu.org#14229,"PANDAU JAYA, SIAK HULU, KAMPAR, RIAU",11,73,139,212
https://kawalpemilu.org#14229,"PANDAU JAYA, SIAK HULU, KAMPAR, RIAU",12,39,133,172
https://kawalpemilu.org#14229,"PANDAU JAYA, SIAK HULU, KAMPAR, RIAU",13,16,106,122
https://kawalpemilu.org#14229,"PANDAU JAYA, SIAK HULU, KAMPAR, RIAU",14,20,79,99
https://kawalpemilu.org#14229,"PANDAU JAYA, SIAK HULU, KAMPAR, RIAU",15,23,81,104
https://kawalpemilu.org#14229,"PANDAU JAYA, SIAK HULU, KAMPAR, RIAU",16,21,97,118
https://kawalpemilu.org#14229,"PANDAU JAYA, SIAK HULU, KAMPAR, RIAU",17,36,132,168
https://kawalpemilu.org#14229,"PANDAU JAYA, SIAK HULU, KAMPAR, RIAU",18,56,133,189
https://kawalpemilu.org#14229,"PANDAU JAYA, SIAK HULU, KAMPAR, RIAU",19,34,143,177
https://kawalpemilu.org#14229,"PANDAU JAYA, SIAK HULU, KAMPAR, RIAU",20,30,193,223
https://kawalpemilu.org#14229,"PANDAU JAYA, SIAK HULU, KAMPAR, RIAU",21,63,194,257
https://kawalpemilu.org#14229,"PANDAU JAYA, SIAK HULU, KAMPAR, RIAU",23,42,168,210
https://kawalpemilu.org#14229,"PANDAU JAYA, SIAK HULU, KAMPAR, RIAU",24,28,141,169
https://kawalpemilu.org#14229,"PANDAU JAYA, SIAK HULU, KAMPAR, RIAU",25,46,116,162
https://kawalpemilu.org#14229,"PANDAU JAYA, SIAK HULU, KAMPAR, RIAU",26,45,90,135
https://kawalpemilu.org#14229,"PANDAU JAYA, SIAK HULU, KAMPAR, RIAU",27,36,113,149
https://kawalpemilu.org#14229,"PANDAU JAYA, SIAK HULU, KAMPAR, RIAU",28,27,50,77
https://kawalpemilu.org#14229,"PANDAU JAYA, SIAK HULU, KAMPAR, RIAU",29,38,163,201
https://kawalpemilu.org#14229,"PANDAU JAYA, SIAK HULU, KAMPAR, RIAU",30,41,112,153
https://kawalpemilu.org#14229,"PANDAU JAYA, SIAK HULU, KAMPAR, RIAU",31,68,178,246
https://kawalpemilu.org#14229,"PANDAU JAYA, SIAK HULU, KAMPAR, RIAU",32,20,131,151
https://kawalpemilu.org#14229,"PANDAU JAYA, SIAK HULU, KAMPAR, RIAU",33,21,127,148
https://kawalpemilu.org#14229,"PANDAU JAYA, SIAK HULU, KAMPAR, RIAU",34,21,171,192
https://kawalpemilu.org#14229,"PANDAU JAYA, SIAK HULU, KAMPAR, RIAU",35,64,158,222
https://kawalpemilu.org#14229,"PANDAU JAYA, SIAK HULU, KAMPAR, RIAU",36,56,159,215
https://kawalpemilu.org#14229,"PANDAU JAYA, SIAK HULU, KAMPAR, RIAU",37,55,155,210
https://kawalpemilu.org#14229,"PANDAU JAYA, SIAK HULU, KAMPAR, RIAU",38,28,118,146
https://kawalpemilu.org#14229,"PANDAU JAYA, SIAK HULU, KAMPAR, RIAU",39,32,173,205
https://kawalpemilu.org#14229,"PANDAU JAYA, SIAK HULU, KAMPAR, RIAU",40,37,100,137
https://kawalpemilu.org#14229,"PANDAU JAYA, SIAK HULU, KAMPAR, RIAU",41,48,210,258
https://kawalpemilu.org#14229,"PANDAU JAYA, SIAK HULU, KAMPAR, RIAU",42,43,116,159
https://kawalpemilu.org#14229,"PANDAU JAYA, SIAK HULU, KAMPAR, RIAU",43,23,146,169
https://kawalpemilu.org#14229,"PANDAU JAYA, SIAK HULU, KAMPAR, RIAU",44,25,104,129
https://kawalpemilu.org#14229,"PANDAU JAYA, SIAK HULU, KAMPAR, RIAU",45,30,139,169
https://kawalpemilu.org#14229,"PANDAU JAYA, SIAK HULU, KAMPAR, RIAU",46,15,107,122
https://kawalpemilu.org#14229,"PANDAU JAYA, SIAK HULU, KAMPAR, RIAU",47,34,162,196
https://kawalpemilu.org#14229,"PANDAU JAYA, SIAK HULU, KAMPAR, RIAU",48,24,91,115
https://kawalpemilu.org#14229,"PANDAU JAYA, SIAK HULU, KAMPAR, RIAU",49,29,92,121
https://kawalpemilu.org#14229,"PANDAU JAYA, SIAK HULU, KAMPAR, RIAU",50,33,110,143
https://kawalpemilu.org#14229,"PANDAU JAYA, SIAK HULU, KAMPAR, RIAU",51,32,123,155
https://kawalpemilu.org#14229,"PANDAU JAYA, SIAK HULU, KAMPAR, RIAU",52,31,95,126
https://kawalpemilu.org#14229,"PANDAU JAYA, SIAK HULU, KAMPAR, RIAU",53,72,98,170
https://kawalpemilu.org#14229,"PANDAU JAYA, SIAK HULU, KAMPAR, RIAU",54,96,107,203
https://kawalpemilu.org#14229,"PANDAU JAYA, SIAK HULU, KAMPAR, RIAU",55,111,106,217
https://kawalpemilu.org#14229,"PANDAU JAYA, SIAK HULU, KAMPAR, RIAU",56,25,135,160
https://kawalpemilu.org#14229,"PANDAU JAYA, SIAK HULU, KAMPAR, RIAU",57,48,187,235
https://kawalpemilu.org#14229,"PANDAU JAYA, SIAK HULU, KAMPAR, RIAU",58,49,113,162
https://kawalpemilu.org#14229,"PANDAU JAYA, SIAK HULU, KAMPAR, RIAU",59,37,78,115
https://kawalpemilu.org#14229,"PANDAU JAYA, SIAK HULU, KAMPAR, RIAU",60,29,116,145
https://kawalpemilu.org#14229,"PANDAU JAYA, SIAK HULU, KAMPAR, RIAU",61,62,97,159
https://kawalpemilu.org#14229,"PANDAU JAYA, SIAK HULU, KAMPAR, RIAU",62,15,125,140
https://kawalpemilu.org#14229,"PANDAU JAYA, SIAK HULU, KAMPAR, RIAU",63,12,70,82
https://kawalpemilu.org#14229,"PANDAU JAYA, SIAK HULU, KAMPAR, RIAU",64,55,57,112
https://kawalpemilu.org#14229,"PANDAU JAYA, SIAK HULU, KAMPAR, RIAU",66,133,6,139
https://kawalpemilu.org#14229,"PANDAU JAYA, SIAK HULU, KAMPAR, RIAU",67,96,48,144
https://kawalpemilu.org#14229,"PANDAU JAYA, SIAK HULU, KAMPAR, RIAU",68,36,121,157
https://kawalpemilu.org#14229,"PANDAU JAYA, SIAK HULU, KAMPAR, RIAU",69,18,110,128
https://kawalpemilu.org#14230,"TANJUNG BALAM, SIAK HULU, KAMPAR, RIAU",1,51,190,241
https://kawalpemilu.org#14230,"TANJUNG BALAM, SIAK HULU, KAMPAR, RIAU",2,82,160,242
https://kawalpemilu.org#14231,"KAPAU JAYA, SIAK HULU, KAMPAR, RIAU",1,18,220,238
https://kawalpemilu.org#14231,"KAPAU JAYA, SIAK HULU, KAMPAR, RIAU",2,38,189,227
https://kawalpemilu.org#14231,"KAPAU JAYA, SIAK HULU, KAMPAR, RIAU",3,147,78,225
https://kawalpemilu.org#14231,"KAPAU JAYA, SIAK HULU, KAMPAR, RIAU",4,115,33,148
https://kawalpemilu.org#14231,"KAPAU JAYA, SIAK HULU, KAMPAR, RIAU",5,49,77,126
https://kawalpemilu.org#14231,"KAPAU JAYA, SIAK HULU, KAMPAR, RIAU",6,25,160,185
https://kawalpemilu.org#14231,"KAPAU JAYA, SIAK HULU, KAMPAR, RIAU",7,144,76,220
https://kawalpemilu.org#14231,"KAPAU JAYA, SIAK HULU, KAMPAR, RIAU",8,113,39,152
https://kawalpemilu.org#14232,"PANGKALAN SERIK, SIAK HULU, KAMPAR, RIAU",1,12,158,170
https://kawalpemilu.org#14232,"PANGKALAN SERIK, SIAK HULU, KAMPAR, RIAU",2,20,146,166
https://kawalpemilu.org#14232,"PANGKALAN SERIK, SIAK HULU, KAMPAR, RIAU",3,37,141,178
https://kawalpemilu.org#14232,"PANGKALAN SERIK, SIAK HULU, KAMPAR, RIAU",4,13,168,181
https://kawalpemilu.org#14232,"PANGKALAN SERIK, SIAK HULU, KAMPAR, RIAU",5,40,139,179
https://kawalpemilu.org#14233,"KUBANG JAYA, SIAK HULU, KAMPAR, RIAU",1,40,145,185
https://kawalpemilu.org#14233,"KUBANG JAYA, SIAK HULU, KAMPAR, RIAU",2,39,189,228
https://kawalpemilu.org#14233,"KUBANG JAYA, SIAK HULU, KAMPAR, RIAU",3,39,175,214
https://kawalpemilu.org#14233,"KUBANG JAYA, SIAK HULU, KAMPAR, RIAU",4,46,72,118
https://kawalpemilu.org#14233,"KUBANG JAYA, SIAK HULU, KAMPAR, RIAU",5,32,175,207
https://kawalpemilu.org#14233,"KUBANG JAYA, SIAK HULU, KAMPAR, RIAU",6,36,148,184
https://kawalpemilu.org#14233,"KUBANG JAYA, SIAK HULU, KAMPAR, RIAU",7,71,145,216
https://kawalpemilu.org#14233,"KUBANG JAYA, SIAK HULU, KAMPAR, RIAU",8,48,90,138
https://kawalpemilu.org#14233,"KUBANG JAYA, SIAK HULU, KAMPAR, RIAU",9,69,153,222
https://kawalpemilu.org#14233,"KUBANG JAYA, SIAK HULU, KAMPAR, RIAU",10,63,102,165
https://kawalpemilu.org#14233,"KUBANG JAYA, SIAK HULU, KAMPAR, RIAU",11,36,179,215
https://kawalpemilu.org#14233,"KUBANG JAYA, SIAK HULU, KAMPAR, RIAU",12,66,120,186
https://kawalpemilu.org#14233,"KUBANG JAYA, SIAK HULU, KAMPAR, RIAU",13,30,126,156
https://kawalpemilu.org#14233,"KUBANG JAYA, SIAK HULU, KAMPAR, RIAU",14,76,181,257
https://kawalpemilu.org#14233,"KUBANG JAYA, SIAK HULU, KAMPAR, RIAU",15,113,175,288
https://kawalpemilu.org#14233,"KUBANG JAYA, SIAK HULU, KAMPAR, RIAU",16,51,185,236
https://kawalpemilu.org#14233,"KUBANG JAYA, SIAK HULU, KAMPAR, RIAU",18,67,125,192
https://kawalpemilu.org#14233,"KUBANG JAYA, SIAK HULU, KAMPAR, RIAU",20,34,134,168
https://kawalpemilu.org#14233,"KUBANG JAYA, SIAK HULU, KAMPAR, RIAU",21,73,202,275
https://kawalpemilu.org#14233,"KUBANG JAYA, SIAK HULU, KAMPAR, RIAU",23,60,147,207
https://kawalpemilu.org#14233,"KUBANG JAYA, SIAK HULU, KAMPAR, RIAU",24,41,145,186
https://kawalpemilu.org#14233,"KUBANG JAYA, SIAK HULU, KAMPAR, RIAU",25,57,132,189
https://kawalpemilu.org#14233,"KUBANG JAYA, SIAK HULU, KAMPAR, RIAU",26,27,100,127
https://kawalpemilu.org#14233,"KUBANG JAYA, SIAK HULU, KAMPAR, RIAU",27,32,137,169
https://kawalpemilu.org#14233,"KUBANG JAYA, SIAK HULU, KAMPAR, RIAU",28,42,186,228
https://kawalpemilu.org#14233,"KUBANG JAYA, SIAK HULU, KAMPAR, RIAU",29,58,139,197
https://kawalpemilu.org#14233,"KUBANG JAYA, SIAK HULU, KAMPAR, RIAU",30,39,160,199
https://kawalpemilu.org#14233,"KUBANG JAYA, SIAK HULU, KAMPAR, RIAU",31,39,114,153
https://kawalpemilu.org#14233,"KUBANG JAYA, SIAK HULU, KAMPAR, RIAU",32,25,67,92
https://kawalpemilu.org#14233,"KUBANG JAYA, SIAK HULU, KAMPAR, RIAU",33,34,135,169
https://kawalpemilu.org#14233,"KUBANG JAYA, SIAK HULU, KAMPAR, RIAU",34,25,120,145
https://kawalpemilu.org#14233,"KUBANG JAYA, SIAK HULU, KAMPAR, RIAU",35,76,146,222
https://kawalpemilu.org#14233,"KUBANG JAYA, SIAK HULU, KAMPAR, RIAU",36,27,86,113
https://kawalpemilu.org#14233,"KUBANG JAYA, SIAK HULU, KAMPAR, RIAU",37,30,111,141
https://kawalpemilu.org#14233,"KUBANG JAYA, SIAK HULU, KAMPAR, RIAU",38,26,85,111
https://kawalpemilu.org#14233,"KUBANG JAYA, SIAK HULU, KAMPAR, RIAU",39,35,131,166
https://kawalpemilu.org#14233,"KUBANG JAYA, SIAK HULU, KAMPAR, RIAU",40,15,96,111
https://kawalpemilu.org#14235,"LIPAT KAIN, KAMPAR KIRI, KAMPAR, RIAU",1,24,149,173
https://kawalpemilu.org#14235,"LIPAT KAIN, KAMPAR KIRI, KAMPAR, RIAU",2,16,132,148
https://kawalpemilu.org#14235,"LIPAT KAIN, KAMPAR KIRI, KAMPAR, RIAU",3,36,153,189
https://kawalpemilu.org#14235,"LIPAT KAIN, KAMPAR KIRI, KAMPAR, RIAU",4,34,147,181
https://kawalpemilu.org#14235,"LIPAT KAIN, KAMPAR KIRI, KAMPAR, RIAU",5,27,165,192
https://kawalpemilu.org#14235,"LIPAT KAIN, KAMPAR KIRI, KAMPAR, RIAU",6,36,215,251
https://kawalpemilu.org#14235,"LIPAT KAIN, KAMPAR KIRI, KAMPAR, RIAU",7,19,146,165
https://kawalpemilu.org#14235,"LIPAT KAIN, KAMPAR KIRI, KAMPAR, RIAU",8,24,144,168
https://kawalpemilu.org#14235,"LIPAT KAIN, KAMPAR KIRI, KAMPAR, RIAU",9,16,125,141
https://kawalpemilu.org#14235,"LIPAT KAIN, KAMPAR KIRI, KAMPAR, RIAU",10,42,116,158
https://kawalpemilu.org#14235,"LIPAT KAIN, KAMPAR KIRI, KAMPAR, RIAU",11,20,160,180
https://kawalpemilu.org#14235,"LIPAT KAIN, KAMPAR KIRI, KAMPAR, RIAU",12,21,144,165
https://kawalpemilu.org#14235,"LIPAT KAIN, KAMPAR KIRI, KAMPAR, RIAU",13,17,153,170
https://kawalpemilu.org#14236,"KUNTU, KAMPAR KIRI, KAMPAR, RIAU",1,8,149,157
https://kawalpemilu.org#14236,"KUNTU, KAMPAR KIRI, KAMPAR, RIAU",2,7,171,178
https://kawalpemilu.org#14236,"KUNTU, KAMPAR KIRI, KAMPAR, RIAU",3,5,140,145
https://kawalpemilu.org#14236,"KUNTU, KAMPAR KIRI, KAMPAR, RIAU",5,3,121,124
https://kawalpemilu.org#14236,"KUNTU, KAMPAR KIRI, KAMPAR, RIAU",7,17,153,170
https://kawalpemilu.org#14236,"KUNTU, KAMPAR KIRI, KAMPAR, RIAU",8,8,173,181
https://kawalpemilu.org#14236,"KUNTU, KAMPAR KIRI, KAMPAR, RIAU",9,9,129,138
https://kawalpemilu.org#14236,"KUNTU, KAMPAR KIRI, KAMPAR, RIAU",10,20,145,165
https://kawalpemilu.org#14236,"KUNTU, KAMPAR KIRI, KAMPAR, RIAU",11,4,132,136
https://kawalpemilu.org#14236,"KUNTU, KAMPAR KIRI, KAMPAR, RIAU",12,13,174,187
https://kawalpemilu.org#14237,"PADANG SAWAH, KAMPAR KIRI, KAMPAR, RIAU",1,45,197,242
https://kawalpemilu.org#14237,"PADANG SAWAH, KAMPAR KIRI, KAMPAR, RIAU",2,39,142,181
https://kawalpemilu.org#14237,"PADANG SAWAH, KAMPAR KIRI, KAMPAR, RIAU",3,24,144,168
https://kawalpemilu.org#14238,"DOMO, KAMPAR KIRI, KAMPAR, RIAU",3,17,162,179
https://kawalpemilu.org#14239,"IV KOTO SETINGKAI, KAMPAR KIRI, KAMPAR, RIAU",2,41,120,161
https://kawalpemilu.org#14239,"IV KOTO SETINGKAI, KAMPAR KIRI, KAMPAR, RIAU",3,0,0,0
https://kawalpemilu.org#14239,"IV KOTO SETINGKAI, KAMPAR KIRI, KAMPAR, RIAU",4,21,145,166
https://kawalpemilu.org#14240,"TELUK PAMAN, KAMPAR KIRI, KAMPAR, RIAU",3,32,161,193
https://kawalpemilu.org#14241,"SUNGAI GIRINGGING, KAMPAR KIRI, KAMPAR, RIAU",1,34,146,180
https://kawalpemilu.org#14241,"SUNGAI GIRINGGING, KAMPAR KIRI, KAMPAR, RIAU",2,101,81,182
https://kawalpemilu.org#14241,"SUNGAI GIRINGGING, KAMPAR KIRI, KAMPAR, RIAU",3,63,121,184
https://kawalpemilu.org#14242,"SUNGAI PAKU, KAMPAR KIRI, KAMPAR, RIAU",1,0,0,0
https://kawalpemilu.org#14242,"SUNGAI PAKU, KAMPAR KIRI, KAMPAR, RIAU",2,92,133,225
https://kawalpemilu.org#14242,"SUNGAI PAKU, KAMPAR KIRI, KAMPAR, RIAU",3,0,0,0
https://kawalpemilu.org#14245,"TANJUNG HARAPAN, KAMPAR KIRI, KAMPAR, RIAU",1,29,128,157
https://kawalpemilu.org#14246,"SUNGAI RAJA, KAMPAR KIRI, KAMPAR, RIAU",1,143,86,229
https://kawalpemilu.org#14246,"SUNGAI RAJA, KAMPAR KIRI, KAMPAR, RIAU",2,105,97,202
https://kawalpemilu.org#14247,"SUNGAI SARIK, KAMPAR KIRI, KAMPAR, RIAU",1,74,133,207
https://kawalpemilu.org#14247,"SUNGAI SARIK, KAMPAR KIRI, KAMPAR, RIAU",2,97,122,219
https://kawalpemilu.org#14247,"SUNGAI SARIK, KAMPAR KIRI, KAMPAR, RIAU",3,41,74,115
https://kawalpemilu.org#14248,"LIPAT KAIN UTARA, KAMPAR KIRI, KAMPAR, RIAU",2,26,142,168
https://kawalpemilu.org#14248,"LIPAT KAIN UTARA, KAMPAR KIRI, KAMPAR, RIAU",4,44,152,196
https://kawalpemilu.org#14248,"LIPAT KAIN UTARA, KAMPAR KIRI, KAMPAR, RIAU",5,18,125,143
https://kawalpemilu.org#14249,"LIPAT KAIN SELATAN, KAMPAR KIRI, KAMPAR, RIAU",1,0,0,0
https://kawalpemilu.org#14249,"LIPAT KAIN SELATAN, KAMPAR KIRI, KAMPAR, RIAU",2,19,132,151
https://kawalpemilu.org#14249,"LIPAT KAIN SELATAN, KAMPAR KIRI, KAMPAR, RIAU",3,46,140,186
https://kawalpemilu.org#14249,"LIPAT KAIN SELATAN, KAMPAR KIRI, KAMPAR, RIAU",5,192,34,226
https://kawalpemilu.org#14249,"LIPAT KAIN SELATAN, KAMPAR KIRI, KAMPAR, RIAU",6,28,138,166
https://kawalpemilu.org#14249,"LIPAT KAIN SELATAN, KAMPAR KIRI, KAMPAR, RIAU",7,28,131,159
https://kawalpemilu.org#14249,"LIPAT KAIN SELATAN, KAMPAR KIRI, KAMPAR, RIAU",8,76,106,182
https://kawalpemilu.org#14249,"LIPAT KAIN SELATAN, KAMPAR KIRI, KAMPAR, RIAU",9,105,97,202
https://kawalpemilu.org#14249,"LIPAT KAIN SELATAN, KAMPAR KIRI, KAMPAR, RIAU",10,76,84,160
https://kawalpemilu.org#14249,"LIPAT KAIN SELATAN, KAMPAR KIRI, KAMPAR, RIAU",11,26,108,134
https://kawalpemilu.org#14249,"LIPAT KAIN SELATAN, KAMPAR KIRI, KAMPAR, RIAU",12,88,47,135
https://kawalpemilu.org#14250,"KUNTU DARUSSALAM, KAMPAR KIRI, KAMPAR, RIAU",4,17,167,184
https://kawalpemilu.org#14250,"KUNTU DARUSSALAM, KAMPAR KIRI, KAMPAR, RIAU",5,15,164,179
https://kawalpemilu.org#14250,"KUNTU DARUSSALAM, KAMPAR KIRI, KAMPAR, RIAU",6,15,154,169
https://kawalpemilu.org#84464,"SUNGAIHARAPAN, KAMPAR KIRI, KAMPAR, RIAU",1,110,108,218
https://kawalpemilu.org#84465,"SUNGAILITI, KAMPAR KIRI, KAMPAR, RIAU",1,20,205,225
https://kawalpemilu.org#84465,"SUNGAILITI, KAMPAR KIRI, KAMPAR, RIAU",2,25,178,203
https://kawalpemilu.org#84465,"SUNGAILITI, KAMPAR KIRI, KAMPAR, RIAU",3,18,164,182
https://kawalpemilu.org#84465,"SUNGAILITI, KAMPAR KIRI, KAMPAR, RIAU",4,23,190,213
https://kawalpemilu.org#84465,"SUNGAILITI, KAMPAR KIRI, KAMPAR, RIAU",5,23,186,209
https://kawalpemilu.org#84465,"SUNGAILITI, KAMPAR KIRI, KAMPAR, RIAU",6,18,167,185
https://kawalpemilu.org#84466,"TELUKPAMAN TIMUR, KAMPAR KIRI, KAMPAR, RIAU",1,79,192,3
https://kawalpemilu.org#89603,"TANJUNGMAS, KAMPAR KIRI, KAMPAR, RIAU",1,56,137,193
https://kawalpemilu.org#89603,"TANJUNGMAS, KAMPAR KIRI, KAMPAR, RIAU",2,47,134,181
https://kawalpemilu.org#14252,"SUNGAI PAGAR, KAMPAR KIRI HILIR, KAMPAR, RIAU",1,33,167,200
https://kawalpemilu.org#14252,"SUNGAI PAGAR, KAMPAR KIRI HILIR, KAMPAR, RIAU",2,33,196,229
https://kawalpemilu.org#14252,"SUNGAI PAGAR, KAMPAR KIRI HILIR, KAMPAR, RIAU",3,26,140,166
https://kawalpemilu.org#14252,"SUNGAI PAGAR, KAMPAR KIRI HILIR, KAMPAR, RIAU",4,13,135,148
https://kawalpemilu.org#14252,"SUNGAI PAGAR, KAMPAR KIRI HILIR, KAMPAR, RIAU",5,19,160,179
https://kawalpemilu.org#14252,"SUNGAI PAGAR, KAMPAR KIRI HILIR, KAMPAR, RIAU",6,64,139,203
https://kawalpemilu.org#14252,"SUNGAI PAGAR, KAMPAR KIRI HILIR, KAMPAR, RIAU",7,26,167,193
https://kawalpemilu.org#14252,"SUNGAI PAGAR, KAMPAR KIRI HILIR, KAMPAR, RIAU",8,86,100,236
https://kawalpemilu.org#14252,"SUNGAI PAGAR, KAMPAR KIRI HILIR, KAMPAR, RIAU",9,26,118,144
https://kawalpemilu.org#14252,"SUNGAI PAGAR, KAMPAR KIRI HILIR, KAMPAR, RIAU",10,15,127,142
https://kawalpemilu.org#14254,"MENTULIK, KAMPAR KIRI HILIR, KAMPAR, RIAU",1,34,150,184
https://kawalpemilu.org#14254,"MENTULIK, KAMPAR KIRI HILIR, KAMPAR, RIAU",2,26,124,150
https://kawalpemilu.org#14254,"MENTULIK, KAMPAR KIRI HILIR, KAMPAR, RIAU",3,24,143,167
https://kawalpemilu.org#14254,"MENTULIK, KAMPAR KIRI HILIR, KAMPAR, RIAU",4,51,95,146
https://kawalpemilu.org#14255,"SUNGAI SMP. DUA, KAMPAR KIRI HILIR, KAMPAR, RIAU",1,56,149,205
https://kawalpemilu.org#14255,"SUNGAI SMP. DUA, KAMPAR KIRI HILIR, KAMPAR, RIAU",2,122,81,203
https://kawalpemilu.org#14255,"SUNGAI SMP. DUA, KAMPAR KIRI HILIR, KAMPAR, RIAU",3,112,100,212
https://kawalpemilu.org#14255,"SUNGAI SMP. DUA, KAMPAR KIRI HILIR, KAMPAR, RIAU",4,109,85,194
https://kawalpemilu.org#14255,"SUNGAI SMP. DUA, KAMPAR KIRI HILIR, KAMPAR, RIAU",5,75,115,190
https://kawalpemilu.org#14255,"SUNGAI SMP. DUA, KAMPAR KIRI HILIR, KAMPAR, RIAU",6,105,111,216
https://kawalpemilu.org#14256,"SUNGAI BUNGO, KAMPAR KIRI HILIR, KAMPAR, RIAU",1,60,151,211
https://kawalpemilu.org#14256,"SUNGAI BUNGO, KAMPAR KIRI HILIR, KAMPAR, RIAU",2,80,127,207
https://kawalpemilu.org#14257,"RANTAU KASIH, KAMPAR KIRI HILIR, KAMPAR, RIAU",1,61,94,155
https://kawalpemilu.org#14257,"RANTAU KASIH, KAMPAR KIRI HILIR, KAMPAR, RIAU",2,53,114,167
https://kawalpemilu.org#14258,"SUNGAI PETAI, KAMPAR KIRI HILIR, KAMPAR, RIAU",1,18,131,149
https://kawalpemilu.org#14258,"SUNGAI PETAI, KAMPAR KIRI HILIR, KAMPAR, RIAU",2,15,142,157
https://kawalpemilu.org#14258,"SUNGAI PETAI, KAMPAR KIRI HILIR, KAMPAR, RIAU",3,32,170,202
https://kawalpemilu.org#14258,"SUNGAI PETAI, KAMPAR KIRI HILIR, KAMPAR, RIAU",4,14,121,135
https://kawalpemilu.org#14258,"SUNGAI PETAI, KAMPAR KIRI HILIR, KAMPAR, RIAU",5,41,98,139
https://kawalpemilu.org#14258,"SUNGAI PETAI, KAMPAR KIRI HILIR, KAMPAR, RIAU",6,42,136,178
https://kawalpemilu.org#14259,"GADING PERMAI, KAMPAR KIRI HILIR, KAMPAR, RIAU",1,29,119,148
https://kawalpemilu.org#14259,"GADING PERMAI, KAMPAR KIRI HILIR, KAMPAR, RIAU",2,24,138,162
https://kawalpemilu.org#14260,"BANGUN SARI, KAMPAR KIRI HILIR, KAMPAR, RIAU",1,81,63,144
https://kawalpemilu.org#14260,"BANGUN SARI, KAMPAR KIRI HILIR, KAMPAR, RIAU",2,82,78,160
https://kawalpemilu.org#14260,"BANGUN SARI, KAMPAR KIRI HILIR, KAMPAR, RIAU",3,77,71,148
https://kawalpemilu.org#14260,"BANGUN SARI, KAMPAR KIRI HILIR, KAMPAR, RIAU",4,93,52,145
https://kawalpemilu.org#14267,"GEMA, KAMPAR KIRI HULU, KAMPAR, RIAU",1,12,243,255
https://kawalpemilu.org#14267,"GEMA, KAMPAR KIRI HULU, KAMPAR, RIAU",2,27,214,241
https://kawalpemilu.org#14267,"GEMA, KAMPAR KIRI HULU, KAMPAR, RIAU",3,16,222,238
https://kawalpemilu.org#14268,"TANJUNG BELIT, KAMPAR KIRI HULU, KAMPAR, RIAU",1,11,226,237
https://kawalpemilu.org#14268,"TANJUNG BELIT, KAMPAR KIRI HULU, KAMPAR, RIAU",2,8,227,235
https://kawalpemilu.org#14269,"TANJUNG BELIT SELATAN, KAMPAR KIRI HULU, KAMPAR, RIAU",1,17,156,173
https://kawalpemilu.org#14269,"TANJUNG BELIT SELATAN, KAMPAR KIRI HULU, KAMPAR, RIAU",2,9,157,166
https://kawalpemilu.org#14270,"KOTO LAMA, KAMPAR KIRI HULU, KAMPAR, RIAU",1,16,209,225
https://kawalpemilu.org#14270,"KOTO LAMA, KAMPAR KIRI HULU, KAMPAR, RIAU",2,15,144,159
https://kawalpemilu.org#14271,"BATU SANGGAN, KAMPAR KIRI HULU, KAMPAR, RIAU",1,11,117,128
https://kawalpemilu.org#14271,"BATU SANGGAN, KAMPAR KIRI HULU, KAMPAR, RIAU",2,3,85,88
https://kawalpemilu.org#14272,"AUR KUNING, KAMPAR KIRI HULU, KAMPAR, RIAU",1,11,173,184
https://kawalpemilu.org#14272,"AUR KUNING, KAMPAR KIRI HULU, KAMPAR, RIAU",2,16,144,160
https://kawalpemilu.org#14273,"LUDAI, KAMPAR KIRI HULU, KAMPAR, RIAU",1,13,150,163
https://kawalpemilu.org#14273,"LUDAI, KAMPAR KIRI HULU, KAMPAR, RIAU",2,7,71,78
https://kawalpemilu.org#14274,"TANJUNG KARANG, KAMPAR KIRI HULU, KAMPAR, RIAU",1,13,157,170
https://kawalpemilu.org#14274,"TANJUNG KARANG, KAMPAR KIRI HULU, KAMPAR, RIAU",2,8,128,136
https://kawalpemilu.org#14275,"BATU SASAK, KAMPAR KIRI HULU, KAMPAR, RIAU",1,22,206,228
https://kawalpemilu.org#14275,"BATU SASAK, KAMPAR KIRI HULU, KAMPAR, RIAU",2,36,180,216
https://kawalpemilu.org#14275,"BATU SASAK, KAMPAR KIRI HULU, KAMPAR, RIAU",3,16,211,227
https://kawalpemilu.org#14276,"PANGKALAN KAPAS, KAMPAR KIRI HULU, KAMPAR, RIAU",1,0,26,26
https://kawalpemilu.org#14276,"PANGKALAN KAPAS, KAMPAR KIRI HULU, KAMPAR, RIAU",2,2,124,126
https://kawalpemilu.org#14277,"KEBUN TINGGI, KAMPAR KIRI HULU, KAMPAR, RIAU",1,7,192,199
https://kawalpemilu.org#14278,"TANJUNG BERINGIN, KAMPAR KIRI HULU, KAMPAR, RIAU",1,9,147,156
https://kawalpemilu.org#14278,"TANJUNG BERINGIN, KAMPAR KIRI HULU, KAMPAR, RIAU",2,7,140,147
https://kawalpemilu.org#14279,"GAJAH BETALUT, KAMPAR KIRI HULU, KAMPAR, RIAU",1,7,241,248
https://kawalpemilu.org#14280,"DANAU SONTUL, KAMPAR KIRI HULU, KAMPAR, RIAU",1,33,181,214
https://kawalpemilu.org#14281,"PANGKALAN SERAI, KAMPAR KIRI HULU, KAMPAR, RIAU",1,2,87,89
https://kawalpemilu.org#14281,"PANGKALAN SERAI, KAMPAR KIRI HULU, KAMPAR, RIAU",2,6,101,107
https://kawalpemilu.org#14282,"DUA SEPAKAT, KAMPAR KIRI HULU, KAMPAR, RIAU",1,1,41,42
https://kawalpemilu.org#14282,"DUA SEPAKAT, KAMPAR KIRI HULU, KAMPAR, RIAU",2,1,51,52
https://kawalpemilu.org#14283,"TERUSAN, KAMPAR KIRI HULU, KAMPAR, RIAU",1,25,199,224
https://kawalpemilu.org#14284,"DERAS TAJAK, KAMPAR KIRI HULU, KAMPAR, RIAU",1,22,132,154
https://kawalpemilu.org#14285,"SUNGAI SANTI, KAMPAR KIRI HULU, KAMPAR, RIAU",1,19,80,99
https://kawalpemilu.org#14285,"SUNGAI SANTI, KAMPAR KIRI HULU, KAMPAR, RIAU",2,0,28,28
https://kawalpemilu.org#14287,"TANJUNG PERMAI, KAMPAR KIRI HULU, KAMPAR, RIAU",1,2,150,152
https://kawalpemilu.org#84467,"BUKITBETUNG, KAMPAR KIRI HULU, KAMPAR, RIAU",1,29,128,157
https://kawalpemilu.org#84467,"BUKITBETUNG, KAMPAR KIRI HULU, KAMPAR, RIAU",2,6,132,138
https://kawalpemilu.org#84468,"MUAROBIO, KAMPAR KIRI HULU, KAMPAR, RIAU",1,6,60,66
https://kawalpemilu.org#84469,"LUBUK BINGAU, KAMPAR KIRI HULU, KAMPAR, RIAU",1,8,95,103
https://kawalpemilu.org#14289,"PETAPAHAN, TAPUNG, KAMPAR, RIAU",1,9,198,207
https://kawalpemilu.org#14289,"PETAPAHAN, TAPUNG, KAMPAR, RIAU",2,9,180,189
https://kawalpemilu.org#14289,"PETAPAHAN, TAPUNG, KAMPAR, RIAU",3,24,177,201
https://kawalpemilu.org#14289,"PETAPAHAN, TAPUNG, KAMPAR, RIAU",4,205,61,266
https://kawalpemilu.org#14289,"PETAPAHAN, TAPUNG, KAMPAR, RIAU",5,193,97,290
https://kawalpemilu.org#14289,"PETAPAHAN, TAPUNG, KAMPAR, RIAU",6,164,117,281
https://kawalpemilu.org#14289,"PETAPAHAN, TAPUNG, KAMPAR, RIAU",7,141,83,224
https://kawalpemilu.org#14289,"PETAPAHAN, TAPUNG, KAMPAR, RIAU",8,52,162,214
https://kawalpemilu.org#14289,"PETAPAHAN, TAPUNG, KAMPAR, RIAU",9,78,119,197
https://kawalpemilu.org#14289,"PETAPAHAN, TAPUNG, KAMPAR, RIAU",10,99,117,216
https://kawalpemilu.org#14289,"PETAPAHAN, TAPUNG, KAMPAR, RIAU",11,109,98,207
https://kawalpemilu.org#14289,"PETAPAHAN, TAPUNG, KAMPAR, RIAU",12,38,167,205
https://kawalpemilu.org#14289,"PETAPAHAN, TAPUNG, KAMPAR, RIAU",13,43,207,250
https://kawalpemilu.org#14289,"PETAPAHAN, TAPUNG, KAMPAR, RIAU",14,65,172,237
https://kawalpemilu.org#14289,"PETAPAHAN, TAPUNG, KAMPAR, RIAU",15,160,56,216
https://kawalpemilu.org#14289,"PETAPAHAN, TAPUNG, KAMPAR, RIAU",16,64,151,215
https://kawalpemilu.org#14289,"PETAPAHAN, TAPUNG, KAMPAR, RIAU",17,191,41,232
https://kawalpemilu.org#14289,"PETAPAHAN, TAPUNG, KAMPAR, RIAU",18,151,34,185
https://kawalpemilu.org#14289,"PETAPAHAN, TAPUNG, KAMPAR, RIAU",19,129,49,178
https://kawalpemilu.org#14289,"PETAPAHAN, TAPUNG, KAMPAR, RIAU",20,114,65,179
https://kawalpemilu.org#14289,"PETAPAHAN, TAPUNG, KAMPAR, RIAU",21,34,228,262
https://kawalpemilu.org#14289,"PETAPAHAN, TAPUNG, KAMPAR, RIAU",22,124,13,137
https://kawalpemilu.org#14289,"PETAPAHAN, TAPUNG, KAMPAR, RIAU",23,156,36,192
https://kawalpemilu.org#14289,"PETAPAHAN, TAPUNG, KAMPAR, RIAU",24,2,123,125
https://kawalpemilu.org#14289,"PETAPAHAN, TAPUNG, KAMPAR, RIAU",25,32,114,146
https://kawalpemilu.org#14289,"PETAPAHAN, TAPUNG, KAMPAR, RIAU",26,144,109,253
https://kawalpemilu.org#14289,"PETAPAHAN, TAPUNG, KAMPAR, RIAU",27,43,105,148
https://kawalpemilu.org#14289,"PETAPAHAN, TAPUNG, KAMPAR, RIAU",28,95,85,180
https://kawalpemilu.org#14289,"PETAPAHAN, TAPUNG, KAMPAR, RIAU",29,49,120,169
https://kawalpemilu.org#14289,"PETAPAHAN, TAPUNG, KAMPAR, RIAU",30,39,113,152
https://kawalpemilu.org#14289,"PETAPAHAN, TAPUNG, KAMPAR, RIAU",31,30,38,68
https://kawalpemilu.org#14289,"PETAPAHAN, TAPUNG, KAMPAR, RIAU",32,146,26,174
https://kawalpemilu.org#14289,"PETAPAHAN, TAPUNG, KAMPAR, RIAU",33,153,65,218
https://kawalpemilu.org#14289,"PETAPAHAN, TAPUNG, KAMPAR, RIAU",34,50,58,108
https://kawalpemilu.org#14289,"PETAPAHAN, TAPUNG, KAMPAR, RIAU",35,204,38,242
https://kawalpemilu.org#14289,"PETAPAHAN, TAPUNG, KAMPAR, RIAU",36,78,38,116
https://kawalpemilu.org#14289,"PETAPAHAN, TAPUNG, KAMPAR, RIAU",37,92,49,141
https://kawalpemilu.org#14289,"PETAPAHAN, TAPUNG, KAMPAR, RIAU",38,107,31,138
https://kawalpemilu.org#14289,"PETAPAHAN, TAPUNG, KAMPAR, RIAU",39,123,72,195
https://kawalpemilu.org#14289,"PETAPAHAN, TAPUNG, KAMPAR, RIAU",40,134,11,145
https://kawalpemilu.org#14289,"PETAPAHAN, TAPUNG, KAMPAR, RIAU",41,75,62,137
https://kawalpemilu.org#14290,"PANTAI CERMIN, TAPUNG, KAMPAR, RIAU",1,19,207,226
https://kawalpemilu.org#14290,"PANTAI CERMIN, TAPUNG, KAMPAR, RIAU",2,8,164,172
https://kawalpemilu.org#14290,"PANTAI CERMIN, TAPUNG, KAMPAR, RIAU",3,41,166,207
https://kawalpemilu.org#14290,"PANTAI CERMIN, TAPUNG, KAMPAR, RIAU",4,82,150,232
https://kawalpemilu.org#14290,"PANTAI CERMIN, TAPUNG, KAMPAR, RIAU",5,75,112,187
https://kawalpemilu.org#14290,"PANTAI CERMIN, TAPUNG, KAMPAR, RIAU",6,65,130,195
https://kawalpemilu.org#14290,"PANTAI CERMIN, TAPUNG, KAMPAR, RIAU",7,55,129,184
https://kawalpemilu.org#14290,"PANTAI CERMIN, TAPUNG, KAMPAR, RIAU",8,185,6,191
https://kawalpemilu.org#14290,"PANTAI CERMIN, TAPUNG, KAMPAR, RIAU",9,118,10,128
https://kawalpemilu.org#14290,"PANTAI CERMIN, TAPUNG, KAMPAR, RIAU",10,218,8,226
https://kawalpemilu.org#14290,"PANTAI CERMIN, TAPUNG, KAMPAR, RIAU",11,211,14,225
https://kawalpemilu.org#14290,"PANTAI CERMIN, TAPUNG, KAMPAR, RIAU",12,144,18,162
https://kawalpemilu.org#14290,"PANTAI CERMIN, TAPUNG, KAMPAR, RIAU",13,131,58,189
https://kawalpemilu.org#14290,"PANTAI CERMIN, TAPUNG, KAMPAR, RIAU",14,151,31,182
https://kawalpemilu.org#14290,"PANTAI CERMIN, TAPUNG, KAMPAR, RIAU",15,118,9,127
https://kawalpemilu.org#14290,"PANTAI CERMIN, TAPUNG, KAMPAR, RIAU",16,164,12,176
https://kawalpemilu.org#14290,"PANTAI CERMIN, TAPUNG, KAMPAR, RIAU",17,15,171,186
https://kawalpemilu.org#14290,"PANTAI CERMIN, TAPUNG, KAMPAR, RIAU",18,57,153,210
https://kawalpemilu.org#14290,"PANTAI CERMIN, TAPUNG, KAMPAR, RIAU",19,44,117,161
https://kawalpemilu.org#14290,"PANTAI CERMIN, TAPUNG, KAMPAR, RIAU",21,70,113,183
https://kawalpemilu.org#14290,"PANTAI CERMIN, TAPUNG, KAMPAR, RIAU",22,195,0,195
https://kawalpemilu.org#14290,"PANTAI CERMIN, TAPUNG, KAMPAR, RIAU",23,104,15,119
https://kawalpemilu.org#14290,"PANTAI CERMIN, TAPUNG, KAMPAR, RIAU",24,202,10,212
https://kawalpemilu.org#14290,"PANTAI CERMIN, TAPUNG, KAMPAR, RIAU",25,198,5,203
https://kawalpemilu.org#14290,"PANTAI CERMIN, TAPUNG, KAMPAR, RIAU",26,147,7,154
https://kawalpemilu.org#14290,"PANTAI CERMIN, TAPUNG, KAMPAR, RIAU",27,88,30,118
https://kawalpemilu.org#14290,"PANTAI CERMIN, TAPUNG, KAMPAR, RIAU",28,159,11,170
https://kawalpemilu.org#14291,"PETAHAPAN JAYA, TAPUNG, KAMPAR, RIAU",1,100,134,234
https://kawalpemilu.org#14291,"PETAHAPAN JAYA, TAPUNG, KAMPAR, RIAU",2,86,107,193
https://kawalpemilu.org#14291,"PETAHAPAN JAYA, TAPUNG, KAMPAR, RIAU",3,115,120,235
https://kawalpemilu.org#14291,"PETAHAPAN JAYA, TAPUNG, KAMPAR, RIAU",4,74,93,167
https://kawalpemilu.org#14291,"PETAHAPAN JAYA, TAPUNG, KAMPAR, RIAU",5,71,160,231
https://kawalpemilu.org#14291,"PETAHAPAN JAYA, TAPUNG, KAMPAR, RIAU",6,121,117,238
https://kawalpemilu.org#14291,"PETAHAPAN JAYA, TAPUNG, KAMPAR, RIAU",7,100,129,229
https://kawalpemilu.org#14291,"PETAHAPAN JAYA, TAPUNG, KAMPAR, RIAU",8,97,93,190
https://kawalpemilu.org#14291,"PETAHAPAN JAYA, TAPUNG, KAMPAR, RIAU",9,108,111,219
https://kawalpemilu.org#14292,"MUKTI SARI, TAPUNG, KAMPAR, RIAU",1,115,47,162
https://kawalpemilu.org#14292,"MUKTI SARI, TAPUNG, KAMPAR, RIAU",2,179,55,234
https://kawalpemilu.org#14292,"MUKTI SARI, TAPUNG, KAMPAR, RIAU",3,138,37,175
https://kawalpemilu.org#14292,"MUKTI SARI, TAPUNG, KAMPAR, RIAU",4,143,38,181
https://kawalpemilu.org#14292,"MUKTI SARI, TAPUNG, KAMPAR, RIAU",5,131,38,169
https://kawalpemilu.org#14292,"MUKTI SARI, TAPUNG, KAMPAR, RIAU",6,147,62,209
https://kawalpemilu.org#14292,"MUKTI SARI, TAPUNG, KAMPAR, RIAU",7,149,52,201
https://kawalpemilu.org#14293,"SUNGAI PUTIH, TAPUNG, KAMPAR, RIAU",1,81,148,229
https://kawalpemilu.org#14293,"SUNGAI PUTIH, TAPUNG, KAMPAR, RIAU",2,55,196,251
https://kawalpemilu.org#14293,"SUNGAI PUTIH, TAPUNG, KAMPAR, RIAU",3,51,196,247
https://kawalpemilu.org#14293,"SUNGAI PUTIH, TAPUNG, KAMPAR, RIAU",4,56,97,153
https://kawalpemilu.org#14293,"SUNGAI PUTIH, TAPUNG, KAMPAR, RIAU",5,64,153,217
https://kawalpemilu.org#14293,"SUNGAI PUTIH, TAPUNG, KAMPAR, RIAU",6,34,126,160
https://kawalpemilu.org#14294,"INDRA SAKTI, TAPUNG, KAMPAR, RIAU",1,114,70,184
https://kawalpemilu.org#14294,"INDRA SAKTI, TAPUNG, KAMPAR, RIAU",2,143,97,240
https://kawalpemilu.org#14294,"INDRA SAKTI, TAPUNG, KAMPAR, RIAU",3,139,58,197
https://kawalpemilu.org#14294,"INDRA SAKTI, TAPUNG, KAMPAR, RIAU",4,123,37,160
https://kawalpemilu.org#14294,"INDRA SAKTI, TAPUNG, KAMPAR, RIAU",5,121,101,222
https://kawalpemilu.org#14294,"INDRA SAKTI, TAPUNG, KAMPAR, RIAU",6,140,60,200
https://kawalpemilu.org#14295,"GADING SARI, TAPUNG, KAMPAR, RIAU",1,95,84,179
https://kawalpemilu.org#14295,"GADING SARI, TAPUNG, KAMPAR, RIAU",2,110,71,181
https://kawalpemilu.org#14295,"GADING SARI, TAPUNG, KAMPAR, RIAU",3,145,78,223
https://kawalpemilu.org#14295,"GADING SARI, TAPUNG, KAMPAR, RIAU",4,148,51,199
https://kawalpemilu.org#14295,"GADING SARI, TAPUNG, KAMPAR, RIAU",5,63,132,195
https://kawalpemilu.org#14295,"GADING SARI, TAPUNG, KAMPAR, RIAU",6,76,71,147
https://kawalpemilu.org#14295,"GADING SARI, TAPUNG, KAMPAR, RIAU",7,88,42,130
https://kawalpemilu.org#14295,"GADING SARI, TAPUNG, KAMPAR, RIAU",8,116,59,175
https://kawalpemilu.org#14295,"GADING SARI, TAPUNG, KAMPAR, RIAU",9,79,38,117
https://kawalpemilu.org#14295,"GADING SARI, TAPUNG, KAMPAR, RIAU",10,46,125,171
https://kawalpemilu.org#14296,"SUMBER MAKMUR, TAPUNG, KAMPAR, RIAU",1,142,136,278
https://kawalpemilu.org#14296,"SUMBER MAKMUR, TAPUNG, KAMPAR, RIAU",2,110,82,192
https://kawalpemilu.org#14296,"SUMBER MAKMUR, TAPUNG, KAMPAR, RIAU",3,101,110,211
https://kawalpemilu.org#14296,"SUMBER MAKMUR, TAPUNG, KAMPAR, RIAU",4,89,110,199
https://kawalpemilu.org#14296,"SUMBER MAKMUR, TAPUNG, KAMPAR, RIAU",5,106,69,175
https://kawalpemilu.org#14296,"SUMBER MAKMUR, TAPUNG, KAMPAR, RIAU",6,141,49,190
https://kawalpemilu.org#14296,"SUMBER MAKMUR, TAPUNG, KAMPAR, RIAU",7,137,108,245
https://kawalpemilu.org#14296,"SUMBER MAKMUR, TAPUNG, KAMPAR, RIAU",8,70,122,192
https://kawalpemilu.org#14296,"SUMBER MAKMUR, TAPUNG, KAMPAR, RIAU",9,113,57,170
https://kawalpemilu.org#14296,"SUMBER MAKMUR, TAPUNG, KAMPAR, RIAU",10,149,69,218
https://kawalpemilu.org#14297,"PANCURAN GADING, TAPUNG, KAMPAR, RIAU",1,41,149,190
https://kawalpemilu.org#14297,"PANCURAN GADING, TAPUNG, KAMPAR, RIAU",2,38,137,175
https://kawalpemilu.org#14297,"PANCURAN GADING, TAPUNG, KAMPAR, RIAU",3,61,92,153
https://kawalpemilu.org#14297,"PANCURAN GADING, TAPUNG, KAMPAR, RIAU",4,45,121,166
https://kawalpemilu.org#14297,"PANCURAN GADING, TAPUNG, KAMPAR, RIAU",5,49,152,201
https://kawalpemilu.org#14297,"PANCURAN GADING, TAPUNG, KAMPAR, RIAU",6,77,76,153
https://kawalpemilu.org#14297,"PANCURAN GADING, TAPUNG, KAMPAR, RIAU",7,71,98,169
https://kawalpemilu.org#14297,"PANCURAN GADING, TAPUNG, KAMPAR, RIAU",8,83,72,155
https://kawalpemilu.org#14298,"SARI GALUH, TAPUNG, KAMPAR, RIAU",1,84,103,187
https://kawalpemilu.org#14298,"SARI GALUH, TAPUNG, KAMPAR, RIAU",2,148,107,255
https://kawalpemilu.org#14298,"SARI GALUH, TAPUNG, KAMPAR, RIAU",3,97,112,209
https://kawalpemilu.org#14298,"SARI GALUH, TAPUNG, KAMPAR, RIAU",4,134,83,217
https://kawalpemilu.org#14298,"SARI GALUH, TAPUNG, KAMPAR, RIAU",5,86,82,168
https://kawalpemilu.org#14298,"SARI GALUH, TAPUNG, KAMPAR, RIAU",6,82,91,173
https://kawalpemilu.org#14298,"SARI GALUH, TAPUNG, KAMPAR, RIAU",7,62,108,170
https://kawalpemilu.org#14298,"SARI GALUH, TAPUNG, KAMPAR, RIAU",8,66,94,160
https://kawalpemilu.org#14298,"SARI GALUH, TAPUNG, KAMPAR, RIAU",9,122,84,206
https://kawalpemilu.org#14298,"SARI GALUH, TAPUNG, KAMPAR, RIAU",10,79,56,135
https://kawalpemilu.org#14298,"SARI GALUH, TAPUNG, KAMPAR, RIAU",11,75,60,135
https://kawalpemilu.org#14299,"TRI MANUNGGAL, TAPUNG, KAMPAR, RIAU",1,112,60,172
https://kawalpemilu.org#14299,"TRI MANUNGGAL, TAPUNG, KAMPAR, RIAU",2,108,20,128
https://kawalpemilu.org#14299,"TRI MANUNGGAL, TAPUNG, KAMPAR, RIAU",3,96,38,134
https://kawalpemilu.org#14299,"TRI MANUNGGAL, TAPUNG, KAMPAR, RIAU",4,121,64,185
https://kawalpemilu.org#14299,"TRI MANUNGGAL, TAPUNG, KAMPAR, RIAU",5,126,40,166
https://kawalpemilu.org#14299,"TRI MANUNGGAL, TAPUNG, KAMPAR, RIAU",6,115,68,183
https://kawalpemilu.org#14299,"TRI MANUNGGAL, TAPUNG, KAMPAR, RIAU",7,125,59,184
https://kawalpemilu.org#14299,"TRI MANUNGGAL, TAPUNG, KAMPAR, RIAU",8,84,67,151
https://kawalpemilu.org#14299,"TRI MANUNGGAL, TAPUNG, KAMPAR, RIAU",9,80,71,151
https://kawalpemilu.org#14299,"TRI MANUNGGAL, TAPUNG, KAMPAR, RIAU",10,130,62,192
https://kawalpemilu.org#14299,"TRI MANUNGGAL, TAPUNG, KAMPAR, RIAU",11,97,56,153
https://kawalpemilu.org#14299,"TRI MANUNGGAL, TAPUNG, KAMPAR, RIAU",12,139,43,182
https://kawalpemilu.org#14300,"AIR TERBIT, TAPUNG, KAMPAR, RIAU",1,57,160,217
https://kawalpemilu.org#14300,"AIR TERBIT, TAPUNG, KAMPAR, RIAU",2,57,144,201
https://kawalpemilu.org#14300,"AIR TERBIT, TAPUNG, KAMPAR, RIAU",3,68,151,219
https://kawalpemilu.org#14300,"AIR TERBIT, TAPUNG, KAMPAR, RIAU",4,92,109,201
https://kawalpemilu.org#14301,"TANJUNG SAWIT, TAPUNG, KAMPAR, RIAU",1,123,44,167
https://kawalpemilu.org#14301,"TANJUNG SAWIT, TAPUNG, KAMPAR, RIAU",2,105,53,0
https://kawalpemilu.org#14301,"TANJUNG SAWIT, TAPUNG, KAMPAR, RIAU",3,93,146,239
https://kawalpemilu.org#14301,"TANJUNG SAWIT, TAPUNG, KAMPAR, RIAU",4,104,133,237
https://kawalpemilu.org#14301,"TANJUNG SAWIT, TAPUNG, KAMPAR, RIAU",5,114,168,282
https://kawalpemilu.org#14301,"TANJUNG SAWIT, TAPUNG, KAMPAR, RIAU",6,135,102,237
https://kawalpemilu.org#14301,"TANJUNG SAWIT, TAPUNG, KAMPAR, RIAU",7,126,109,235
https://kawalpemilu.org#14301,"TANJUNG SAWIT, TAPUNG, KAMPAR, RIAU",8,120,177,297
https://kawalpemilu.org#14301,"TANJUNG SAWIT, TAPUNG, KAMPAR, RIAU",9,169,124,293
https://kawalpemilu.org#14301,"TANJUNG SAWIT, TAPUNG, KAMPAR, RIAU",10,74,122,196
https://kawalpemilu.org#14301,"TANJUNG SAWIT, TAPUNG, KAMPAR, RIAU",11,106,61,167
https://kawalpemilu.org#14302,"PAGARUYUNG, TAPUNG, KAMPAR, RIAU",1,98,71,169
https://kawalpemilu.org#14302,"PAGARUYUNG, TAPUNG, KAMPAR, RIAU",2,76,116,192
https://kawalpemilu.org#14302,"PAGARUYUNG, TAPUNG, KAMPAR, RIAU",3,87,94,181
https://kawalpemilu.org#14302,"PAGARUYUNG, TAPUNG, KAMPAR, RIAU",4,74,100,174
https://kawalpemilu.org#14303,"SIBUAK, TAPUNG, KAMPAR, RIAU",1,109,91,200
https://kawalpemilu.org#14303,"SIBUAK, TAPUNG, KAMPAR, RIAU",2,120,114,234
https://kawalpemilu.org#14303,"SIBUAK, TAPUNG, KAMPAR, RIAU",3,47,147,194
https://kawalpemilu.org#14303,"SIBUAK, TAPUNG, KAMPAR, RIAU",4,93,113,206
https://kawalpemilu.org#14303,"SIBUAK, TAPUNG, KAMPAR, RIAU",5,106,98,204
https://kawalpemilu.org#14303,"SIBUAK, TAPUNG, KAMPAR, RIAU",6,70,133,203
https://kawalpemilu.org#14304,"PELAMBAYAN, TAPUNG, KAMPAR, RIAU",1,98,58,156
https://kawalpemilu.org#14304,"PELAMBAYAN, TAPUNG, KAMPAR, RIAU",2,97,46,143
https://kawalpemilu.org#14304,"PELAMBAYAN, TAPUNG, KAMPAR, RIAU",3,85,43,128
https://kawalpemilu.org#14304,"PELAMBAYAN, TAPUNG, KAMPAR, RIAU",4,119,55,174
https://kawalpemilu.org#14304,"PELAMBAYAN, TAPUNG, KAMPAR, RIAU",5,120,36,156
https://kawalpemilu.org#14304,"PELAMBAYAN, TAPUNG, KAMPAR, RIAU",6,92,44,136
https://kawalpemilu.org#14305,"KENANTAN, TAPUNG, KAMPAR, RIAU",1,104,73,177
https://kawalpemilu.org#14305,"KENANTAN, TAPUNG, KAMPAR, RIAU",2,74,78,152
https://kawalpemilu.org#14305,"KENANTAN, TAPUNG, KAMPAR, RIAU",3,57,113,170
https://kawalpemilu.org#14305,"KENANTAN, TAPUNG, KAMPAR, RIAU",4,71,192,263
https://kawalpemilu.org#14305,"KENANTAN, TAPUNG, KAMPAR, RIAU",5,97,80,177
https://kawalpemilu.org#14305,"KENANTAN, TAPUNG, KAMPAR, RIAU",6,63,81,144
https://kawalpemilu.org#14305,"KENANTAN, TAPUNG, KAMPAR, RIAU",7,85,106,191
https://kawalpemilu.org#14306,"INDRAPURI, TAPUNG, KAMPAR, RIAU",1,118,163,271
https://kawalpemilu.org#14306,"INDRAPURI, TAPUNG, KAMPAR, RIAU",2,103,143,246
https://kawalpemilu.org#14306,"INDRAPURI, TAPUNG, KAMPAR, RIAU",3,103,142,245
https://kawalpemilu.org#14306,"INDRAPURI, TAPUNG, KAMPAR, RIAU",4,91,127,218
https://kawalpemilu.org#14306,"INDRAPURI, TAPUNG, KAMPAR, RIAU",5,102,97,199
https://kawalpemilu.org#14306,"INDRAPURI, TAPUNG, KAMPAR, RIAU",6,153,123,276
https://kawalpemilu.org#14306,"INDRAPURI, TAPUNG, KAMPAR, RIAU",7,131,122,253
https://kawalpemilu.org#14306,"INDRAPURI, TAPUNG, KAMPAR, RIAU",8,133,100,233
https://kawalpemilu.org#14306,"INDRAPURI, TAPUNG, KAMPAR, RIAU",9,150,85,235
https://kawalpemilu.org#14306,"INDRAPURI, TAPUNG, KAMPAR, RIAU",10,98,80,178
https://kawalpemilu.org#14307,"SUNGAI LAMBU MAKMUR, TAPUNG, KAMPAR, RIAU",1,99,100,199
https://kawalpemilu.org#14307,"SUNGAI LAMBU MAKMUR, TAPUNG, KAMPAR, RIAU",2,116,77,193
https://kawalpemilu.org#14307,"SUNGAI LAMBU MAKMUR, TAPUNG, KAMPAR, RIAU",3,70,139,209
https://kawalpemilu.org#14307,"SUNGAI LAMBU MAKMUR, TAPUNG, KAMPAR, RIAU",4,60,144,204
https://kawalpemilu.org#14308,"MUARA MAHAT BARU, TAPUNG, KAMPAR, RIAU",1,15,148,163
https://kawalpemilu.org#14308,"MUARA MAHAT BARU, TAPUNG, KAMPAR, RIAU",2,20,123,143
https://kawalpemilu.org#14308,"MUARA MAHAT BARU, TAPUNG, KAMPAR, RIAU",3,26,113,139
https://kawalpemilu.org#14308,"MUARA MAHAT BARU, TAPUNG, KAMPAR, RIAU",4,26,189,215
https://kawalpemilu.org#14308,"MUARA MAHAT BARU, TAPUNG, KAMPAR, RIAU",5,6,116,122
https://kawalpemilu.org#14308,"MUARA MAHAT BARU, TAPUNG, KAMPAR, RIAU",6,16,128,144
https://kawalpemilu.org#14308,"MUARA MAHAT BARU, TAPUNG, KAMPAR, RIAU",7,19,124,143
https://kawalpemilu.org#14308,"MUARA MAHAT BARU, TAPUNG, KAMPAR, RIAU",8,17,135,152
https://kawalpemilu.org#14308,"MUARA MAHAT BARU, TAPUNG, KAMPAR, RIAU",9,18,125,143
https://kawalpemilu.org#14309,"KARYA INDAH, TAPUNG, KAMPAR, RIAU",1,20,99,119
https://kawalpemilu.org#14309,"KARYA INDAH, TAPUNG, KAMPAR, RIAU",2,50,113,163
https://kawalpemilu.org#14309,"KARYA INDAH, TAPUNG, KAMPAR, RIAU",3,70,116,186
https://kawalpemilu.org#14309,"KARYA INDAH, TAPUNG, KAMPAR, RIAU",4,98,36,134
https://kawalpemilu.org#14309,"KARYA INDAH, TAPUNG, KAMPAR, RIAU",5,95,63,158
https://kawalpemilu.org#14309,"KARYA INDAH, TAPUNG, KAMPAR, RIAU",6,52,125,177
https://kawalpemilu.org#14309,"KARYA INDAH, TAPUNG, KAMPAR, RIAU",7,69,114,183
https://kawalpemilu.org#14309,"KARYA INDAH, TAPUNG, KAMPAR, RIAU",8,90,90,180
https://kawalpemilu.org#14309,"KARYA INDAH, TAPUNG, KAMPAR, RIAU",9,34,125,163
https://kawalpemilu.org#14309,"KARYA INDAH, TAPUNG, KAMPAR, RIAU",10,87,86,173
https://kawalpemilu.org#14309,"KARYA INDAH, TAPUNG, KAMPAR, RIAU",11,37,85,122
https://kawalpemilu.org#14309,"KARYA INDAH, TAPUNG, KAMPAR, RIAU",12,45,37,82
https://kawalpemilu.org#14309,"KARYA INDAH, TAPUNG, KAMPAR, RIAU",13,29,87,115
https://kawalpemilu.org#14309,"KARYA INDAH, TAPUNG, KAMPAR, RIAU",14,41,73,114
https://kawalpemilu.org#14309,"KARYA INDAH, TAPUNG, KAMPAR, RIAU",15,78,78,156
https://kawalpemilu.org#14309,"KARYA INDAH, TAPUNG, KAMPAR, RIAU",16,32,126,158
https://kawalpemilu.org#14309,"KARYA INDAH, TAPUNG, KAMPAR, RIAU",17,77,82,159
https://kawalpemilu.org#14309,"KARYA INDAH, TAPUNG, KAMPAR, RIAU",18,168,89,257
https://kawalpemilu.org#14309,"KARYA INDAH, TAPUNG, KAMPAR, RIAU",19,48,47,95
https://kawalpemilu.org#14309,"KARYA INDAH, TAPUNG, KAMPAR, RIAU",20,109,39,148
https://kawalpemilu.org#14309,"KARYA INDAH, TAPUNG, KAMPAR, RIAU",21,44,71,115
https://kawalpemilu.org#14309,"KARYA INDAH, TAPUNG, KAMPAR, RIAU",22,118,100,218
https://kawalpemilu.org#14309,"KARYA INDAH, TAPUNG, KAMPAR, RIAU",23,37,72,109
https://kawalpemilu.org#14309,"KARYA INDAH, TAPUNG, KAMPAR, RIAU",24,43,80,123
https://kawalpemilu.org#14309,"KARYA INDAH, TAPUNG, KAMPAR, RIAU",25,44,94,138
https://kawalpemilu.org#14309,"KARYA INDAH, TAPUNG, KAMPAR, RIAU",26,50,81,131
https://kawalpemilu.org#14310,"KIJANG REJO, TAPUNG, KAMPAR, RIAU",1,185,27,212
https://kawalpemilu.org#14310,"KIJANG REJO, TAPUNG, KAMPAR, RIAU",2,181,52,233
https://kawalpemilu.org#14310,"KIJANG REJO, TAPUNG, KAMPAR, RIAU",3,159,64,223
https://kawalpemilu.org#14310,"KIJANG REJO, TAPUNG, KAMPAR, RIAU",4,143,44,187
https://kawalpemilu.org#14310,"KIJANG REJO, TAPUNG, KAMPAR, RIAU",5,166,44,210
https://kawalpemilu.org#14310,"KIJANG REJO, TAPUNG, KAMPAR, RIAU",6,136,69,205
https://kawalpemilu.org#14310,"KIJANG REJO, TAPUNG, KAMPAR, RIAU",7,179,50,229
https://kawalpemilu.org#14310,"KIJANG REJO, TAPUNG, KAMPAR, RIAU",8,154,67,221
https://kawalpemilu.org#14311,"SUNGAI AGUNG, TAPUNG, KAMPAR, RIAU",1,25,170,195
https://kawalpemilu.org#14311,"SUNGAI AGUNG, TAPUNG, KAMPAR, RIAU",2,138,49,187
https://kawalpemilu.org#14311,"SUNGAI AGUNG, TAPUNG, KAMPAR, RIAU",3,65,72,137
https://kawalpemilu.org#14311,"SUNGAI AGUNG, TAPUNG, KAMPAR, RIAU",4,54,63,117
https://kawalpemilu.org#14311,"SUNGAI AGUNG, TAPUNG, KAMPAR, RIAU",5,117,48,225
https://kawalpemilu.org#14311,"SUNGAI AGUNG, TAPUNG, KAMPAR, RIAU",6,143,25,168
https://kawalpemilu.org#14311,"SUNGAI AGUNG, TAPUNG, KAMPAR, RIAU",7,18,19,37
https://kawalpemilu.org#14311,"SUNGAI AGUNG, TAPUNG, KAMPAR, RIAU",8,30,23,53
https://kawalpemilu.org#14311,"SUNGAI AGUNG, TAPUNG, KAMPAR, RIAU",9,172,41,213
https://kawalpemilu.org#14311,"SUNGAI AGUNG, TAPUNG, KAMPAR, RIAU",10,20,165,185
https://kawalpemilu.org#14311,"SUNGAI AGUNG, TAPUNG, KAMPAR, RIAU",11,74,8,82
https://kawalpemilu.org#14311,"SUNGAI AGUNG, TAPUNG, KAMPAR, RIAU",12,108,32,140
https://kawalpemilu.org#14312,"BENCAH KELUBI, TAPUNG, KAMPAR, RIAU",1,31,218,249
https://kawalpemilu.org#14312,"BENCAH KELUBI, TAPUNG, KAMPAR, RIAU",2,68,170,238
https://kawalpemilu.org#14312,"BENCAH KELUBI, TAPUNG, KAMPAR, RIAU",3,125,143,268
https://kawalpemilu.org#14312,"BENCAH KELUBI, TAPUNG, KAMPAR, RIAU",4,47,241,288
https://kawalpemilu.org#14312,"BENCAH KELUBI, TAPUNG, KAMPAR, RIAU",5,85,132,217
https://kawalpemilu.org#14312,"BENCAH KELUBI, TAPUNG, KAMPAR, RIAU",6,132,147,279
https://kawalpemilu.org#89600,"BATUGAJAH, TAPUNG, KAMPAR, RIAU",1,88,95,183
https://kawalpemilu.org#89600,"BATUGAJAH, TAPUNG, KAMPAR, RIAU",2,121,89,210
https://kawalpemilu.org#14314,"KOTA GARO, TAPUNG HILIR, KAMPAR, RIAU",1,35,152,187
https://kawalpemilu.org#14314,"KOTA GARO, TAPUNG HILIR, KAMPAR, RIAU",2,30,196,226
https://kawalpemilu.org#14314,"KOTA GARO, TAPUNG HILIR, KAMPAR, RIAU",3,48,183,231
https://kawalpemilu.org#14314,"KOTA GARO, TAPUNG HILIR, KAMPAR, RIAU",4,68,189,257
https://kawalpemilu.org#14314,"KOTA GARO, TAPUNG HILIR, KAMPAR, RIAU",5,76,51,127
https://kawalpemilu.org#14314,"KOTA GARO, TAPUNG HILIR, KAMPAR, RIAU",6,74,9,83
https://kawalpemilu.org#14314,"KOTA GARO, TAPUNG HILIR, KAMPAR, RIAU",7,71,194,265
https://kawalpemilu.org#14314,"KOTA GARO, TAPUNG HILIR, KAMPAR, RIAU",8,165,79,244
https://kawalpemilu.org#14314,"KOTA GARO, TAPUNG HILIR, KAMPAR, RIAU",9,151,13,164
https://kawalpemilu.org#14314,"KOTA GARO, TAPUNG HILIR, KAMPAR, RIAU",10,66,10,76
https://kawalpemilu.org#14314,"KOTA GARO, TAPUNG HILIR, KAMPAR, RIAU",11,139,39,178
https://kawalpemilu.org#14314,"KOTA GARO, TAPUNG HILIR, KAMPAR, RIAU",12,183,8,191
https://kawalpemilu.org#14314,"KOTA GARO, TAPUNG HILIR, KAMPAR, RIAU",13,153,14,167
https://kawalpemilu.org#14314,"KOTA GARO, TAPUNG HILIR, KAMPAR, RIAU",14,176,63,239
https://kawalpemilu.org#14314,"KOTA GARO, TAPUNG HILIR, KAMPAR, RIAU",15,65,40,105
https://kawalpemilu.org#14314,"KOTA GARO, TAPUNG HILIR, KAMPAR, RIAU",16,143,46,189
https://kawalpemilu.org#14314,"KOTA GARO, TAPUNG HILIR, KAMPAR, RIAU",17,154,30,184
https://kawalpemilu.org#14314,"KOTA GARO, TAPUNG HILIR, KAMPAR, RIAU",18,21,110,131
https://kawalpemilu.org#14314,"KOTA GARO, TAPUNG HILIR, KAMPAR, RIAU",19,9,185,194
https://kawalpemilu.org#14314,"KOTA GARO, TAPUNG HILIR, KAMPAR, RIAU",20,24,125,149
https://kawalpemilu.org#14314,"KOTA GARO, TAPUNG HILIR, KAMPAR, RIAU",21,87,27,114
https://kawalpemilu.org#14314,"KOTA GARO, TAPUNG HILIR, KAMPAR, RIAU",22,35,190,225
https://kawalpemilu.org#14314,"KOTA GARO, TAPUNG HILIR, KAMPAR, RIAU",23,165,42,207
https://kawalpemilu.org#14314,"KOTA GARO, TAPUNG HILIR, KAMPAR, RIAU",24,148,44,192
https://kawalpemilu.org#14314,"KOTA GARO, TAPUNG HILIR, KAMPAR, RIAU",25,83,19,102
https://kawalpemilu.org#14314,"KOTA GARO, TAPUNG HILIR, KAMPAR, RIAU",26,165,59,224
https://kawalpemilu.org#14315,"SEKIJANG, TAPUNG HILIR, KAMPAR, RIAU",1,24,103,127
https://kawalpemilu.org#14315,"SEKIJANG, TAPUNG HILIR, KAMPAR, RIAU",2,17,136,153
https://kawalpemilu.org#14315,"SEKIJANG, TAPUNG HILIR, KAMPAR, RIAU",3,70,102,172
https://kawalpemilu.org#14315,"SEKIJANG, TAPUNG HILIR, KAMPAR, RIAU",4,74,105,179
https://kawalpemilu.org#14315,"SEKIJANG, TAPUNG HILIR, KAMPAR, RIAU",5,72,105,177
https://kawalpemilu.org#14315,"SEKIJANG, TAPUNG HILIR, KAMPAR, RIAU",6,76,163,239
https://kawalpemilu.org#14315,"SEKIJANG, TAPUNG HILIR, KAMPAR, RIAU",8,179,101,280
https://kawalpemilu.org#14315,"SEKIJANG, TAPUNG HILIR, KAMPAR, RIAU",9,87,60,147
https://kawalpemilu.org#14315,"SEKIJANG, TAPUNG HILIR, KAMPAR, RIAU",10,128,115,243
https://kawalpemilu.org#14315,"SEKIJANG, TAPUNG HILIR, KAMPAR, RIAU",11,91,47,138
https://kawalpemilu.org#14315,"SEKIJANG, TAPUNG HILIR, KAMPAR, RIAU",12,88,55,143
https://kawalpemilu.org#14315,"SEKIJANG, TAPUNG HILIR, KAMPAR, RIAU",13,54,92,146
https://kawalpemilu.org#14315,"SEKIJANG, TAPUNG HILIR, KAMPAR, RIAU",14,19,164,183
https://kawalpemilu.org#14315,"SEKIJANG, TAPUNG HILIR, KAMPAR, RIAU",15,71,171,242
https://kawalpemilu.org#14315,"SEKIJANG, TAPUNG HILIR, KAMPAR, RIAU",16,69,17,86
https://kawalpemilu.org#14315,"SEKIJANG, TAPUNG HILIR, KAMPAR, RIAU",17,20,104,124
https://kawalpemilu.org#14315,"SEKIJANG, TAPUNG HILIR, KAMPAR, RIAU",18,25,135,160
https://kawalpemilu.org#14315,"SEKIJANG, TAPUNG HILIR, KAMPAR, RIAU",19,50,110,160
https://kawalpemilu.org#14315,"SEKIJANG, TAPUNG HILIR, KAMPAR, RIAU",20,40,103,143
https://kawalpemilu.org#14315,"SEKIJANG, TAPUNG HILIR, KAMPAR, RIAU",21,65,117,182
https://kawalpemilu.org#14315,"SEKIJANG, TAPUNG HILIR, KAMPAR, RIAU",22,95,93,188
https://kawalpemilu.org#14315,"SEKIJANG, TAPUNG HILIR, KAMPAR, RIAU",23,94,67,161
https://kawalpemilu.org#14315,"SEKIJANG, TAPUNG HILIR, KAMPAR, RIAU",24,80,43,123
https://kawalpemilu.org#14315,"SEKIJANG, TAPUNG HILIR, KAMPAR, RIAU",25,63,57,120
https://kawalpemilu.org#14315,"SEKIJANG, TAPUNG HILIR, KAMPAR, RIAU",26,131,80,211
https://kawalpemilu.org#14316,"BERINGIN LESTARI, TAPUNG HILIR, KAMPAR, RIAU",1,118,63,181
https://kawalpemilu.org#14316,"BERINGIN LESTARI, TAPUNG HILIR, KAMPAR, RIAU",2,79,72,151
https://kawalpemilu.org#14316,"BERINGIN LESTARI, TAPUNG HILIR, KAMPAR, RIAU",3,44,116,160
https://kawalpemilu.org#14316,"BERINGIN LESTARI, TAPUNG HILIR, KAMPAR, RIAU",4,57,87,144
https://kawalpemilu.org#14316,"BERINGIN LESTARI, TAPUNG HILIR, KAMPAR, RIAU",5,31,115,146
https://kawalpemilu.org#14316,"BERINGIN LESTARI, TAPUNG HILIR, KAMPAR, RIAU",6,101,67,168
https://kawalpemilu.org#14316,"BERINGIN LESTARI, TAPUNG HILIR, KAMPAR, RIAU",7,79,63,142
https://kawalpemilu.org#14316,"BERINGIN LESTARI, TAPUNG HILIR, KAMPAR, RIAU",8,45,91,136
https://kawalpemilu.org#14316,"BERINGIN LESTARI, TAPUNG HILIR, KAMPAR, RIAU",9,34,101,135
https://kawalpemilu.org#14316,"BERINGIN LESTARI, TAPUNG HILIR, KAMPAR, RIAU",10,35,94,129
https://kawalpemilu.org#14317,"KOTA  BANGUN, TAPUNG HILIR, KAMPAR, RIAU",1,137,93,230
https://kawalpemilu.org#14317,"KOTA  BANGUN, TAPUNG HILIR, KAMPAR, RIAU",2,86,106,192
https://kawalpemilu.org#14317,"KOTA  BANGUN, TAPUNG HILIR, KAMPAR, RIAU",3,132,117,249
https://kawalpemilu.org#14317,"KOTA  BANGUN, TAPUNG HILIR, KAMPAR, RIAU",4,111,126,5
https://kawalpemilu.org#14317,"KOTA  BANGUN, TAPUNG HILIR, KAMPAR, RIAU",5,143,98,241
https://kawalpemilu.org#14317,"KOTA  BANGUN, TAPUNG HILIR, KAMPAR, RIAU",6,114,85,199
https://kawalpemilu.org#14317,"KOTA  BANGUN, TAPUNG HILIR, KAMPAR, RIAU",7,129,81,210
https://kawalpemilu.org#14317,"KOTA  BANGUN, TAPUNG HILIR, KAMPAR, RIAU",8,82,105,187
https://kawalpemilu.org#14317,"KOTA  BANGUN, TAPUNG HILIR, KAMPAR, RIAU",9,82,151,233
https://kawalpemilu.org#14317,"KOTA  BANGUN, TAPUNG HILIR, KAMPAR, RIAU",10,133,106,239
https://kawalpemilu.org#14317,"KOTA  BANGUN, TAPUNG HILIR, KAMPAR, RIAU",11,109,109,218
https://kawalpemilu.org#14317,"KOTA  BANGUN, TAPUNG HILIR, KAMPAR, RIAU",12,113,98,211
https://kawalpemilu.org#14318,"CINTA DAMAI, TAPUNG HILIR, KAMPAR, RIAU",1,101,105,206
https://kawalpemilu.org#14318,"CINTA DAMAI, TAPUNG HILIR, KAMPAR, RIAU",2,103,87,190
https://kawalpemilu.org#14318,"CINTA DAMAI, TAPUNG HILIR, KAMPAR, RIAU",3,101,61,162
https://kawalpemilu.org#14318,"CINTA DAMAI, TAPUNG HILIR, KAMPAR, RIAU",4,86,64,150
https://kawalpemilu.org#14318,"CINTA DAMAI, TAPUNG HILIR, KAMPAR, RIAU",5,115,81,196
https://kawalpemilu.org#14318,"CINTA DAMAI, TAPUNG HILIR, KAMPAR, RIAU",6,97,95,192
https://kawalpemilu.org#14318,"CINTA DAMAI, TAPUNG HILIR, KAMPAR, RIAU",7,102,59,161
https://kawalpemilu.org#14318,"CINTA DAMAI, TAPUNG HILIR, KAMPAR, RIAU",8,107,59,166
https://kawalpemilu.org#14319,"SUKA MAJU, TAPUNG HILIR, KAMPAR, RIAU",1,164,54,218
https://kawalpemilu.org#14319,"SUKA MAJU, TAPUNG HILIR, KAMPAR, RIAU",2,152,76,228
https://kawalpemilu.org#14319,"SUKA MAJU, TAPUNG HILIR, KAMPAR, RIAU",3,132,66,198
https://kawalpemilu.org#14319,"SUKA MAJU, TAPUNG HILIR, KAMPAR, RIAU",4,123,75,198
https://kawalpemilu.org#14319,"SUKA MAJU, TAPUNG HILIR, KAMPAR, RIAU",5,125,75,200
https://kawalpemilu.org#14320,"KOTA BARU, TAPUNG HILIR, KAMPAR, RIAU",1,125,72,197
https://kawalpemilu.org#14320,"KOTA BARU, TAPUNG HILIR, KAMPAR, RIAU",2,127,54,181
https://kawalpemilu.org#14320,"KOTA BARU, TAPUNG HILIR, KAMPAR, RIAU",3,235,24,259
https://kawalpemilu.org#14320,"KOTA BARU, TAPUNG HILIR, KAMPAR, RIAU",4,216,34,250
https://kawalpemilu.org#14320,"KOTA BARU, TAPUNG HILIR, KAMPAR, RIAU",5,144,25,169
https://kawalpemilu.org#14320,"KOTA BARU, TAPUNG HILIR, KAMPAR, RIAU",6,116,36,152
https://kawalpemilu.org#14320,"KOTA BARU, TAPUNG HILIR, KAMPAR, RIAU",7,124,39,163
https://kawalpemilu.org#14320,"KOTA BARU, TAPUNG HILIR, KAMPAR, RIAU",8,101,41,142
https://kawalpemilu.org#14320,"KOTA BARU, TAPUNG HILIR, KAMPAR, RIAU",9,33,137,170
https://kawalpemilu.org#14320,"KOTA BARU, TAPUNG HILIR, KAMPAR, RIAU",10,122,33,155
https://kawalpemilu.org#14320,"KOTA BARU, TAPUNG HILIR, KAMPAR, RIAU",11,127,55,182
https://kawalpemilu.org#14321,"TEBING LESTARI, TAPUNG HILIR, KAMPAR, RIAU",1,132,65,197
https://kawalpemilu.org#14321,"TEBING LESTARI, TAPUNG HILIR, KAMPAR, RIAU",2,128,62,190
https://kawalpemilu.org#14321,"TEBING LESTARI, TAPUNG HILIR, KAMPAR, RIAU",3,132,71,203
https://kawalpemilu.org#14321,"TEBING LESTARI, TAPUNG HILIR, KAMPAR, RIAU",4,104,81,185
https://kawalpemilu.org#14321,"TEBING LESTARI, TAPUNG HILIR, KAMPAR, RIAU",5,98,85,183
https://kawalpemilu.org#14321,"TEBING LESTARI, TAPUNG HILIR, KAMPAR, RIAU",6,118,73,191
https://kawalpemilu.org#14322,"TANAH TINGGI, TAPUNG HILIR, KAMPAR, RIAU",1,91,130,221
https://kawalpemilu.org#14322,"TANAH TINGGI, TAPUNG HILIR, KAMPAR, RIAU",2,100,81,181
https://kawalpemilu.org#14322,"TANAH TINGGI, TAPUNG HILIR, KAMPAR, RIAU",3,93,78,171
https://kawalpemilu.org#14322,"TANAH TINGGI, TAPUNG HILIR, KAMPAR, RIAU",4,110,64,174
https://kawalpemilu.org#14322,"TANAH TINGGI, TAPUNG HILIR, KAMPAR, RIAU",5,107,57,164
https://kawalpemilu.org#14322,"TANAH TINGGI, TAPUNG HILIR, KAMPAR, RIAU",6,97,58,155
https://kawalpemilu.org#14322,"TANAH TINGGI, TAPUNG HILIR, KAMPAR, RIAU",7,71,76,147
https://kawalpemilu.org#14322,"TANAH TINGGI, TAPUNG HILIR, KAMPAR, RIAU",8,77,70,147
https://kawalpemilu.org#14323,"KOTO AMAN, TAPUNG HILIR, KAMPAR, RIAU",1,10,86,96
https://kawalpemilu.org#14323,"KOTO AMAN, TAPUNG HILIR, KAMPAR, RIAU",2,55,121,176
https://kawalpemilu.org#14323,"KOTO AMAN, TAPUNG HILIR, KAMPAR, RIAU",3,46,137,183
https://kawalpemilu.org#14323,"KOTO AMAN, TAPUNG HILIR, KAMPAR, RIAU",4,6,78,84
https://kawalpemilu.org#14323,"KOTO AMAN, TAPUNG HILIR, KAMPAR, RIAU",5,58,126,184
https://kawalpemilu.org#14324,"TAPUNG LESTARI, TAPUNG HILIR, KAMPAR, RIAU",1,112,55,167
https://kawalpemilu.org#14324,"TAPUNG LESTARI, TAPUNG HILIR, KAMPAR, RIAU",2,130,67,197
https://kawalpemilu.org#14324,"TAPUNG LESTARI, TAPUNG HILIR, KAMPAR, RIAU",3,91,84,175
https://kawalpemilu.org#14324,"TAPUNG LESTARI, TAPUNG HILIR, KAMPAR, RIAU",4,123,50,173
https://kawalpemilu.org#14324,"TAPUNG LESTARI, TAPUNG HILIR, KAMPAR, RIAU",5,93,43,136
https://kawalpemilu.org#14324,"TAPUNG LESTARI, TAPUNG HILIR, KAMPAR, RIAU",6,119,68,187
https://kawalpemilu.org#14325,"TAPUNG MAKMUR, TAPUNG HILIR, KAMPAR, RIAU",1,134,60,194
https://kawalpemilu.org#14325,"TAPUNG MAKMUR, TAPUNG HILIR, KAMPAR, RIAU",2,119,66,185
https://kawalpemilu.org#14325,"TAPUNG MAKMUR, TAPUNG HILIR, KAMPAR, RIAU",3,115,78,193
https://kawalpemilu.org#14325,"TAPUNG MAKMUR, TAPUNG HILIR, KAMPAR, RIAU",4,102,81,183
https://kawalpemilu.org#14325,"TAPUNG MAKMUR, TAPUNG HILIR, KAMPAR, RIAU",5,112,56,168
https://kawalpemilu.org#14325,"TAPUNG MAKMUR, TAPUNG HILIR, KAMPAR, RIAU",6,117,59,176
https://kawalpemilu.org#14326,"TANDAN SARI, TAPUNG HILIR, KAMPAR, RIAU",1,109,100,209
https://kawalpemilu.org#14326,"TANDAN SARI, TAPUNG HILIR, KAMPAR, RIAU",2,99,50,149
https://kawalpemilu.org#14326,"TANDAN SARI, TAPUNG HILIR, KAMPAR, RIAU",3,124,83,207
https://kawalpemilu.org#14326,"TANDAN SARI, TAPUNG HILIR, KAMPAR, RIAU",4,110,48,158
https://kawalpemilu.org#14327,"GERBANG SARI, TAPUNG HILIR, KAMPAR, RIAU",1,114,47,161
https://kawalpemilu.org#14327,"GERBANG SARI, TAPUNG HILIR, KAMPAR, RIAU",2,83,84,167
https://kawalpemilu.org#14327,"GERBANG SARI, TAPUNG HILIR, KAMPAR, RIAU",3,122,71,193
https://kawalpemilu.org#14327,"GERBANG SARI, TAPUNG HILIR, KAMPAR, RIAU",4,131,51,182
https://kawalpemilu.org#14327,"GERBANG SARI, TAPUNG HILIR, KAMPAR, RIAU",5,116,52,168
https://kawalpemilu.org#14327,"GERBANG SARI, TAPUNG HILIR, KAMPAR, RIAU",6,103,51,154
https://kawalpemilu.org#14327,"GERBANG SARI, TAPUNG HILIR, KAMPAR, RIAU",7,141,49,190
https://kawalpemilu.org#14327,"GERBANG SARI, TAPUNG HILIR, KAMPAR, RIAU",8,124,46,170
https://kawalpemilu.org#14328,"KIJANG JAYA, TAPUNG HILIR, KAMPAR, RIAU",1,99,86,185
https://kawalpemilu.org#14328,"KIJANG JAYA, TAPUNG HILIR, KAMPAR, RIAU",2,96,80,176
https://kawalpemilu.org#14328,"KIJANG JAYA, TAPUNG HILIR, KAMPAR, RIAU",3,76,109,185
https://kawalpemilu.org#14328,"KIJANG JAYA, TAPUNG HILIR, KAMPAR, RIAU",4,72,124,196
https://kawalpemilu.org#14328,"KIJANG JAYA, TAPUNG HILIR, KAMPAR, RIAU",5,75,108,183
https://kawalpemilu.org#14328,"KIJANG JAYA, TAPUNG HILIR, KAMPAR, RIAU",6,67,67,134
https://kawalpemilu.org#14328,"KIJANG JAYA, TAPUNG HILIR, KAMPAR, RIAU",7,89,74,163
https://kawalpemilu.org#14328,"KIJANG JAYA, TAPUNG HILIR, KAMPAR, RIAU",8,72,81,153
https://kawalpemilu.org#14328,"KIJANG JAYA, TAPUNG HILIR, KAMPAR, RIAU",9,70,83,153
https://kawalpemilu.org#14328,"KIJANG JAYA, TAPUNG HILIR, KAMPAR, RIAU",10,53,81,134
https://kawalpemilu.org#14328,"KIJANG JAYA, TAPUNG HILIR, KAMPAR, RIAU",11,74,99,173
https://kawalpemilu.org#14328,"KIJANG JAYA, TAPUNG HILIR, KAMPAR, RIAU",12,68,127,195
https://kawalpemilu.org#14328,"KIJANG JAYA, TAPUNG HILIR, KAMPAR, RIAU",13,77,88,165
https://kawalpemilu.org#14328,"KIJANG JAYA, TAPUNG HILIR, KAMPAR, RIAU",14,91,49,140
https://kawalpemilu.org#14329,"KIJANG MAKMUR, TAPUNG HILIR, KAMPAR, RIAU",1,138,78,216
https://kawalpemilu.org#14329,"KIJANG MAKMUR, TAPUNG HILIR, KAMPAR, RIAU",2,96,50,146
https://kawalpemilu.org#14329,"KIJANG MAKMUR, TAPUNG HILIR, KAMPAR, RIAU",3,107,106,213
https://kawalpemilu.org#14329,"KIJANG MAKMUR, TAPUNG HILIR, KAMPAR, RIAU",4,138,93,231
https://kawalpemilu.org#14329,"KIJANG MAKMUR, TAPUNG HILIR, KAMPAR, RIAU",5,68,144,212
https://kawalpemilu.org#14329,"KIJANG MAKMUR, TAPUNG HILIR, KAMPAR, RIAU",7,117,116,233
https://kawalpemilu.org#14329,"KIJANG MAKMUR, TAPUNG HILIR, KAMPAR, RIAU",8,96,61,157
https://kawalpemilu.org#14329,"KIJANG MAKMUR, TAPUNG HILIR, KAMPAR, RIAU",9,89,47,136
https://kawalpemilu.org#14329,"KIJANG MAKMUR, TAPUNG HILIR, KAMPAR, RIAU",10,51,52,103
https://kawalpemilu.org#14329,"KIJANG MAKMUR, TAPUNG HILIR, KAMPAR, RIAU",11,130,56,186
https://kawalpemilu.org#14329,"KIJANG MAKMUR, TAPUNG HILIR, KAMPAR, RIAU",12,38,182,220
https://kawalpemilu.org#14331,"SINAMA NENEK, TAPUNG HULU, KAMPAR, RIAU",1,56,149,205
https://kawalpemilu.org#14331,"SINAMA NENEK, TAPUNG HULU, KAMPAR, RIAU",3,42,143,185
https://kawalpemilu.org#14331,"SINAMA NENEK, TAPUNG HULU, KAMPAR, RIAU",4,182,12,194
https://kawalpemilu.org#14331,"SINAMA NENEK, TAPUNG HULU, KAMPAR, RIAU",5,64,25,89
https://kawalpemilu.org#14331,"SINAMA NENEK, TAPUNG HULU, KAMPAR, RIAU",6,68,97,165
https://kawalpemilu.org#14331,"SINAMA NENEK, TAPUNG HULU, KAMPAR, RIAU",7,15,76,91
https://kawalpemilu.org#14331,"SINAMA NENEK, TAPUNG HULU, KAMPAR, RIAU",8,169,32,201
https://kawalpemilu.org#14331,"SINAMA NENEK, TAPUNG HULU, KAMPAR, RIAU",9,29,8,37
https://kawalpemilu.org#14331,"SINAMA NENEK, TAPUNG HULU, KAMPAR, RIAU",10,207,48,255
https://kawalpemilu.org#14331,"SINAMA NENEK, TAPUNG HULU, KAMPAR, RIAU",11,194,51,245
https://kawalpemilu.org#14331,"SINAMA NENEK, TAPUNG HULU, KAMPAR, RIAU",12,105,50,156
https://kawalpemilu.org#14331,"SINAMA NENEK, TAPUNG HULU, KAMPAR, RIAU",13,78,64,142
https://kawalpemilu.org#14331,"SINAMA NENEK, TAPUNG HULU, KAMPAR, RIAU",14,103,79,182
https://kawalpemilu.org#14331,"SINAMA NENEK, TAPUNG HULU, KAMPAR, RIAU",15,131,43,174
https://kawalpemilu.org#14331,"SINAMA NENEK, TAPUNG HULU, KAMPAR, RIAU",17,213,18,231
https://kawalpemilu.org#14331,"SINAMA NENEK, TAPUNG HULU, KAMPAR, RIAU",18,157,6,163
https://kawalpemilu.org#14331,"SINAMA NENEK, TAPUNG HULU, KAMPAR, RIAU",19,150,16,166
https://kawalpemilu.org#14331,"SINAMA NENEK, TAPUNG HULU, KAMPAR, RIAU",20,67,75,142
https://kawalpemilu.org#14331,"SINAMA NENEK, TAPUNG HULU, KAMPAR, RIAU",21,76,60,138
https://kawalpemilu.org#14331,"SINAMA NENEK, TAPUNG HULU, KAMPAR, RIAU",22,136,127,263
https://kawalpemilu.org#14331,"SINAMA NENEK, TAPUNG HULU, KAMPAR, RIAU",23,85,97,182
https://kawalpemilu.org#14331,"SINAMA NENEK, TAPUNG HULU, KAMPAR, RIAU",24,50,113,163
https://kawalpemilu.org#14331,"SINAMA NENEK, TAPUNG HULU, KAMPAR, RIAU",25,38,90,128
https://kawalpemilu.org#14331,"SINAMA NENEK, TAPUNG HULU, KAMPAR, RIAU",26,59,125,184
https://kawalpemilu.org#14331,"SINAMA NENEK, TAPUNG HULU, KAMPAR, RIAU",27,121,49,170
https://kawalpemilu.org#14331,"SINAMA NENEK, TAPUNG HULU, KAMPAR, RIAU",28,78,48,126
https://kawalpemilu.org#14331,"SINAMA NENEK, TAPUNG HULU, KAMPAR, RIAU",29,142,50,192
https://kawalpemilu.org#14331,"SINAMA NENEK, TAPUNG HULU, KAMPAR, RIAU",30,145,3,148
https://kawalpemilu.org#14331,"SINAMA NENEK, TAPUNG HULU, KAMPAR, RIAU",31,67,103,170
https://kawalpemilu.org#14331,"SINAMA NENEK, TAPUNG HULU, KAMPAR, RIAU",33,56,161,217
https://kawalpemilu.org#14332,"KASIKAN, TAPUNG HULU, KAMPAR, RIAU",1,84,107,191
https://kawalpemilu.org#14332,"KASIKAN, TAPUNG HULU, KAMPAR, RIAU",2,96,88,184
https://kawalpemilu.org#14332,"KASIKAN, TAPUNG HULU, KAMPAR, RIAU",3,58,82,140
https://kawalpemilu.org#14332,"KASIKAN, TAPUNG HULU, KAMPAR, RIAU",4,80,65,145
https://kawalpemilu.org#14332,"KASIKAN, TAPUNG HULU, KAMPAR, RIAU",5,11,126,137
https://kawalpemilu.org#14332,"KASIKAN, TAPUNG HULU, KAMPAR, RIAU",6,20,103,123
https://kawalpemilu.org#14332,"KASIKAN, TAPUNG HULU, KAMPAR, RIAU",7,68,91,159
https://kawalpemilu.org#14332,"KASIKAN, TAPUNG HULU, KAMPAR, RIAU",8,65,60,125
https://kawalpemilu.org#14332,"KASIKAN, TAPUNG HULU, KAMPAR, RIAU",9,90,71,161
https://kawalpemilu.org#14332,"KASIKAN, TAPUNG HULU, KAMPAR, RIAU",10,39,124,163
https://kawalpemilu.org#14332,"KASIKAN, TAPUNG HULU, KAMPAR, RIAU",11,40,99,139
https://kawalpemilu.org#14332,"KASIKAN, TAPUNG HULU, KAMPAR, RIAU",12,69,56,125
https://kawalpemilu.org#14332,"KASIKAN, TAPUNG HULU, KAMPAR, RIAU",14,36,99,135
https://kawalpemilu.org#14332,"KASIKAN, TAPUNG HULU, KAMPAR, RIAU",15,42,95,137
https://kawalpemilu.org#14332,"KASIKAN, TAPUNG HULU, KAMPAR, RIAU",16,37,98,135
https://kawalpemilu.org#14332,"KASIKAN, TAPUNG HULU, KAMPAR, RIAU",17,34,115,149
https://kawalpemilu.org#14332,"KASIKAN, TAPUNG HULU, KAMPAR, RIAU",18,40,117,157
https://kawalpemilu.org#14332,"KASIKAN, TAPUNG HULU, KAMPAR, RIAU",19,52,128,180
https://kawalpemilu.org#14332,"KASIKAN, TAPUNG HULU, KAMPAR, RIAU",20,64,30,94
https://kawalpemilu.org#14332,"KASIKAN, TAPUNG HULU, KAMPAR, RIAU",21,127,4,131
https://kawalpemilu.org#14332,"KASIKAN, TAPUNG HULU, KAMPAR, RIAU",22,131,2,133
https://kawalpemilu.org#14332,"KASIKAN, TAPUNG HULU, KAMPAR, RIAU",23,192,43,235
https://kawalpemilu.org#14332,"KASIKAN, TAPUNG HULU, KAMPAR, RIAU",24,113,66,179
https://kawalpemilu.org#14332,"KASIKAN, TAPUNG HULU, KAMPAR, RIAU",25,85,85,170
https://kawalpemilu.org#14332,"KASIKAN, TAPUNG HULU, KAMPAR, RIAU",26,64,90,154
https://kawalpemilu.org#14332,"KASIKAN, TAPUNG HULU, KAMPAR, RIAU",27,122,103,225
https://kawalpemilu.org#14332,"KASIKAN, TAPUNG HULU, KAMPAR, RIAU",28,142,10,152
https://kawalpemilu.org#14332,"KASIKAN, TAPUNG HULU, KAMPAR, RIAU",29,197,24,221
https://kawalpemilu.org#14332,"KASIKAN, TAPUNG HULU, KAMPAR, RIAU",30,97,16,113
https://kawalpemilu.org#14332,"KASIKAN, TAPUNG HULU, KAMPAR, RIAU",31,189,21,210
https://kawalpemilu.org#14332,"KASIKAN, TAPUNG HULU, KAMPAR, RIAU",32,57,92,149
https://kawalpemilu.org#14332,"KASIKAN, TAPUNG HULU, KAMPAR, RIAU",33,87,79,166
https://kawalpemilu.org#14332,"KASIKAN, TAPUNG HULU, KAMPAR, RIAU",34,61,106,167
https://kawalpemilu.org#14332,"KASIKAN, TAPUNG HULU, KAMPAR, RIAU",35,176,48,224
https://kawalpemilu.org#14332,"KASIKAN, TAPUNG HULU, KAMPAR, RIAU",36,160,46,206
https://kawalpemilu.org#14332,"KASIKAN, TAPUNG HULU, KAMPAR, RIAU",37,137,5,142
https://kawalpemilu.org#14332,"KASIKAN, TAPUNG HULU, KAMPAR, RIAU",38,85,9,94
https://kawalpemilu.org#14332,"KASIKAN, TAPUNG HULU, KAMPAR, RIAU",39,43,80,123
https://kawalpemilu.org#14332,"KASIKAN, TAPUNG HULU, KAMPAR, RIAU",40,90,37,127
https://kawalpemilu.org#14332,"KASIKAN, TAPUNG HULU, KAMPAR, RIAU",41,132,26,158
https://kawalpemilu.org#14332,"KASIKAN, TAPUNG HULU, KAMPAR, RIAU",42,75,68,143
https://kawalpemilu.org#14333,"BUKIT KEMUNING, TAPUNG HULU, KAMPAR, RIAU",1,120,89,209
https://kawalpemilu.org#14333,"BUKIT KEMUNING, TAPUNG HULU, KAMPAR, RIAU",2,133,58,191
https://kawalpemilu.org#14333,"BUKIT KEMUNING, TAPUNG HULU, KAMPAR, RIAU",3,142,65,207
https://kawalpemilu.org#14333,"BUKIT KEMUNING, TAPUNG HULU, KAMPAR, RIAU",4,124,76,200
https://kawalpemilu.org#14333,"BUKIT KEMUNING, TAPUNG HULU, KAMPAR, RIAU",5,153,59,212
https://kawalpemilu.org#14333,"BUKIT KEMUNING, TAPUNG HULU, KAMPAR, RIAU",6,140,90,230
https://kawalpemilu.org#14333,"BUKIT KEMUNING, TAPUNG HULU, KAMPAR, RIAU",7,80,118,198
https://kawalpemilu.org#14333,"BUKIT KEMUNING, TAPUNG HULU, KAMPAR, RIAU",8,96,127,223
https://kawalpemilu.org#14333,"BUKIT KEMUNING, TAPUNG HULU, KAMPAR, RIAU",9,110,108,218
https://kawalpemilu.org#14333,"BUKIT KEMUNING, TAPUNG HULU, KAMPAR, RIAU",10,150,63,213
https://kawalpemilu.org#14334,"DANAU LANCANG, TAPUNG HULU, KAMPAR, RIAU",1,92,147,239
https://kawalpemilu.org#14334,"DANAU LANCANG, TAPUNG HULU, KAMPAR, RIAU",2,188,39,227
https://kawalpemilu.org#14334,"DANAU LANCANG, TAPUNG HULU, KAMPAR, RIAU",3,121,61,182
https://kawalpemilu.org#14334,"DANAU LANCANG, TAPUNG HULU, KAMPAR, RIAU",4,205,37,242
https://kawalpemilu.org#14334,"DANAU LANCANG, TAPUNG HULU, KAMPAR, RIAU",5,149,32,181
https://kawalpemilu.org#14334,"DANAU LANCANG, TAPUNG HULU, KAMPAR, RIAU",6,154,55,209
https://kawalpemilu.org#14334,"DANAU LANCANG, TAPUNG HULU, KAMPAR, RIAU",7,139,50,189
https://kawalpemilu.org#14334,"DANAU LANCANG, TAPUNG HULU, KAMPAR, RIAU",8,170,36,206
https://kawalpemilu.org#14334,"DANAU LANCANG, TAPUNG HULU, KAMPAR, RIAU",9,155,36,191
https://kawalpemilu.org#14334,"DANAU LANCANG, TAPUNG HULU, KAMPAR, RIAU",10,155,53,208
https://kawalpemilu.org#14334,"DANAU LANCANG, TAPUNG HULU, KAMPAR, RIAU",13,130,63,193
https://kawalpemilu.org#14334,"DANAU LANCANG, TAPUNG HULU, KAMPAR, RIAU",15,127,63,190
https://kawalpemilu.org#14334,"DANAU LANCANG, TAPUNG HULU, KAMPAR, RIAU",17,191,41,232
https://kawalpemilu.org#14334,"DANAU LANCANG, TAPUNG HULU, KAMPAR, RIAU",19,188,16,204
https://kawalpemilu.org#14334,"DANAU LANCANG, TAPUNG HULU, KAMPAR, RIAU",20,212,53,265
https://kawalpemilu.org#14334,"DANAU LANCANG, TAPUNG HULU, KAMPAR, RIAU",21,217,38,255
https://kawalpemilu.org#14334,"DANAU LANCANG, TAPUNG HULU, KAMPAR, RIAU",22,199,17,216
https://kawalpemilu.org#14334,"DANAU LANCANG, TAPUNG HULU, KAMPAR, RIAU",23,79,39,118
https://kawalpemilu.org#14334,"DANAU LANCANG, TAPUNG HULU, KAMPAR, RIAU",24,168,31,199
https://kawalpemilu.org#14334,"DANAU LANCANG, TAPUNG HULU, KAMPAR, RIAU",26,186,38,224
https://kawalpemilu.org#14334,"DANAU LANCANG, TAPUNG HULU, KAMPAR, RIAU",27,146,25,171
https://kawalpemilu.org#14334,"DANAU LANCANG, TAPUNG HULU, KAMPAR, RIAU",28,102,67,169
https://kawalpemilu.org#14334,"DANAU LANCANG, TAPUNG HULU, KAMPAR, RIAU",29,92,75,167
https://kawalpemilu.org#14334,"DANAU LANCANG, TAPUNG HULU, KAMPAR, RIAU",30,161,37,198
https://kawalpemilu.org#14334,"DANAU LANCANG, TAPUNG HULU, KAMPAR, RIAU",34,212,11,223
https://kawalpemilu.org#14334,"DANAU LANCANG, TAPUNG HULU, KAMPAR, RIAU",35,154,62,216
https://kawalpemilu.org#14334,"DANAU LANCANG, TAPUNG HULU, KAMPAR, RIAU",36,88,21,109
https://kawalpemilu.org#14334,"DANAU LANCANG, TAPUNG HULU, KAMPAR, RIAU",37,95,49,144
https://kawalpemilu.org#14335,"MUARA INTAN, TAPUNG HULU, KAMPAR, RIAU",1,147,34,181
https://kawalpemilu.org#14335,"MUARA INTAN, TAPUNG HULU, KAMPAR, RIAU",2,147,40,187
https://kawalpemilu.org#14335,"MUARA INTAN, TAPUNG HULU, KAMPAR, RIAU",3,156,26,182
https://kawalpemilu.org#14336,"INTAN JAYA, TAPUNG HULU, KAMPAR, RIAU",1,104,40,144
https://kawalpemilu.org#14336,"INTAN JAYA, TAPUNG HULU, KAMPAR, RIAU",2,99,34,133
https://kawalpemilu.org#14336,"INTAN JAYA, TAPUNG HULU, KAMPAR, RIAU",3,98,58,156
https://kawalpemilu.org#14336,"INTAN JAYA, TAPUNG HULU, KAMPAR, RIAU",4,121,53,174
https://kawalpemilu.org#14337,"TANAH DATAR, TAPUNG HULU, KAMPAR, RIAU",1,124,65,189
https://kawalpemilu.org#14337,"TANAH DATAR, TAPUNG HULU, KAMPAR, RIAU",2,174,64,238
https://kawalpemilu.org#14337,"TANAH DATAR, TAPUNG HULU, KAMPAR, RIAU",3,136,74,210
https://kawalpemilu.org#14337,"TANAH DATAR, TAPUNG HULU, KAMPAR, RIAU",4,133,107,240
https://kawalpemilu.org#14338,"RIMBA JAYA, TAPUNG HULU, KAMPAR, RIAU",1,106,48,154
https://kawalpemilu.org#14338,"RIMBA JAYA, TAPUNG HULU, KAMPAR, RIAU",2,86,32,118
https://kawalpemilu.org#14338,"RIMBA JAYA, TAPUNG HULU, KAMPAR, RIAU",3,96,40,136
https://kawalpemilu.org#14338,"RIMBA JAYA, TAPUNG HULU, KAMPAR, RIAU",4,85,66,151
https://kawalpemilu.org#14338,"RIMBA JAYA, TAPUNG HULU, KAMPAR, RIAU",5,65,51,116
https://kawalpemilu.org#14338,"RIMBA JAYA, TAPUNG HULU, KAMPAR, RIAU",6,64,69,133
https://kawalpemilu.org#14338,"RIMBA JAYA, TAPUNG HULU, KAMPAR, RIAU",7,132,46,178
https://kawalpemilu.org#14338,"RIMBA JAYA, TAPUNG HULU, KAMPAR, RIAU",8,101,105,101
https://kawalpemilu.org#14339,"RIMBA MAKMUR, TAPUNG HULU, KAMPAR, RIAU",1,113,22,135
https://kawalpemilu.org#14339,"RIMBA MAKMUR, TAPUNG HULU, KAMPAR, RIAU",2,107,31,138
https://kawalpemilu.org#14339,"RIMBA MAKMUR, TAPUNG HULU, KAMPAR, RIAU",3,85,44,129
https://kawalpemilu.org#14339,"RIMBA MAKMUR, TAPUNG HULU, KAMPAR, RIAU",4,114,28,142
https://kawalpemilu.org#14339,"RIMBA MAKMUR, TAPUNG HULU, KAMPAR, RIAU",5,110,24,134
https://kawalpemilu.org#14339,"RIMBA MAKMUR, TAPUNG HULU, KAMPAR, RIAU",6,101,41,142
https://kawalpemilu.org#14339,"RIMBA MAKMUR, TAPUNG HULU, KAMPAR, RIAU",7,118,50,168
https://kawalpemilu.org#14339,"RIMBA MAKMUR, TAPUNG HULU, KAMPAR, RIAU",8,131,30,161
https://kawalpemilu.org#14340,"RIMBA BERINGIN, TAPUNG HULU, KAMPAR, RIAU",1,74,122,196
https://kawalpemilu.org#14340,"RIMBA BERINGIN, TAPUNG HULU, KAMPAR, RIAU",2,40,95,135
https://kawalpemilu.org#14340,"RIMBA BERINGIN, TAPUNG HULU, KAMPAR, RIAU",3,101,99,200
https://kawalpemilu.org#14340,"RIMBA BERINGIN, TAPUNG HULU, KAMPAR, RIAU",4,87,116,203
https://kawalpemilu.org#14340,"RIMBA BERINGIN, TAPUNG HULU, KAMPAR, RIAU",5,110,24,134
https://kawalpemilu.org#14340,"RIMBA BERINGIN, TAPUNG HULU, KAMPAR, RIAU",6,120,111,231
https://kawalpemilu.org#14340,"RIMBA BERINGIN, TAPUNG HULU, KAMPAR, RIAU",7,88,80,168
https://kawalpemilu.org#14340,"RIMBA BERINGIN, TAPUNG HULU, KAMPAR, RIAU",8,107,81,188
https://kawalpemilu.org#14340,"RIMBA BERINGIN, TAPUNG HULU, KAMPAR, RIAU",9,114,59,173
https://kawalpemilu.org#14340,"RIMBA BERINGIN, TAPUNG HULU, KAMPAR, RIAU",10,134,27,161
https://kawalpemilu.org#14340,"RIMBA BERINGIN, TAPUNG HULU, KAMPAR, RIAU",11,119,46,165
https://kawalpemilu.org#14340,"RIMBA BERINGIN, TAPUNG HULU, KAMPAR, RIAU",14,112,56,168
https://kawalpemilu.org#14340,"RIMBA BERINGIN, TAPUNG HULU, KAMPAR, RIAU",15,106,68,174
https://kawalpemilu.org#14341,"SUKARAMAI, TAPUNG HULU, KAMPAR, RIAU",1,121,86,207
https://kawalpemilu.org#14341,"SUKARAMAI, TAPUNG HULU, KAMPAR, RIAU",2,52,177,229
https://kawalpemilu.org#14341,"SUKARAMAI, TAPUNG HULU, KAMPAR, RIAU",3,67,150,217
https://kawalpemilu.org#14341,"SUKARAMAI, TAPUNG HULU, KAMPAR, RIAU",4,80,31,111
https://kawalpemilu.org#14341,"SUKARAMAI, TAPUNG HULU, KAMPAR, RIAU",5,101,109,210
https://kawalpemilu.org#14341,"SUKARAMAI, TAPUNG HULU, KAMPAR, RIAU",6,104,118,222
https://kawalpemilu.org#14341,"SUKARAMAI, TAPUNG HULU, KAMPAR, RIAU",7,122,64,186
https://kawalpemilu.org#14341,"SUKARAMAI, TAPUNG HULU, KAMPAR, RIAU",8,34,166,200
https://kawalpemilu.org#14341,"SUKARAMAI, TAPUNG HULU, KAMPAR, RIAU",9,48,134,182
https://kawalpemilu.org#14341,"SUKARAMAI, TAPUNG HULU, KAMPAR, RIAU",11,128,16,144
https://kawalpemilu.org#14341,"SUKARAMAI, TAPUNG HULU, KAMPAR, RIAU",12,126,11,137
https://kawalpemilu.org#14341,"SUKARAMAI, TAPUNG HULU, KAMPAR, RIAU",13,150,60,210
https://kawalpemilu.org#14341,"SUKARAMAI, TAPUNG HULU, KAMPAR, RIAU",14,73,112,185
https://kawalpemilu.org#14341,"SUKARAMAI, TAPUNG HULU, KAMPAR, RIAU",15,70,109,179
https://kawalpemilu.org#14341,"SUKARAMAI, TAPUNG HULU, KAMPAR, RIAU",16,44,173,217
https://kawalpemilu.org#14341,"SUKARAMAI, TAPUNG HULU, KAMPAR, RIAU",17,51,155,206
https://kawalpemilu.org#14341,"SUKARAMAI, TAPUNG HULU, KAMPAR, RIAU",18,63,108,171
https://kawalpemilu.org#14341,"SUKARAMAI, TAPUNG HULU, KAMPAR, RIAU",19,41,137,178
https://kawalpemilu.org#14342,"SUMBER SARI, TAPUNG HULU, KAMPAR, RIAU",1,132,77,209
https://kawalpemilu.org#14342,"SUMBER SARI, TAPUNG HULU, KAMPAR, RIAU",2,100,88,188
https://kawalpemilu.org#14342,"SUMBER SARI, TAPUNG HULU, KAMPAR, RIAU",3,88,86,174
https://kawalpemilu.org#14342,"SUMBER SARI, TAPUNG HULU, KAMPAR, RIAU",4,77,109,186
https://kawalpemilu.org#14342,"SUMBER SARI, TAPUNG HULU, KAMPAR, RIAU",5,56,131,187
https://kawalpemilu.org#14342,"SUMBER SARI, TAPUNG HULU, KAMPAR, RIAU",6,88,64,152
https://kawalpemilu.org#14342,"SUMBER SARI, TAPUNG HULU, KAMPAR, RIAU",7,113,113,226
https://kawalpemilu.org#14342,"SUMBER SARI, TAPUNG HULU, KAMPAR, RIAU",8,80,124,204
https://kawalpemilu.org#14342,"SUMBER SARI, TAPUNG HULU, KAMPAR, RIAU",9,110,43,153
https://kawalpemilu.org#14342,"SUMBER SARI, TAPUNG HULU, KAMPAR, RIAU",10,81,80,161
https://kawalpemilu.org#14342,"SUMBER SARI, TAPUNG HULU, KAMPAR, RIAU",11,64,60,124
https://kawalpemilu.org#14343,"KUSAU MAKMUR, TAPUNG HULU, KAMPAR, RIAU",1,151,71,222
https://kawalpemilu.org#14343,"KUSAU MAKMUR, TAPUNG HULU, KAMPAR, RIAU",2,199,56,255
https://kawalpemilu.org#14343,"KUSAU MAKMUR, TAPUNG HULU, KAMPAR, RIAU",3,161,57,218
https://kawalpemilu.org#14343,"KUSAU MAKMUR, TAPUNG HULU, KAMPAR, RIAU",4,174,54,228
https://kawalpemilu.org#14343,"KUSAU MAKMUR, TAPUNG HULU, KAMPAR, RIAU",5,181,5,186
https://kawalpemilu.org#14343,"KUSAU MAKMUR, TAPUNG HULU, KAMPAR, RIAU",6,172,86,258
https://kawalpemilu.org#14343,"KUSAU MAKMUR, TAPUNG HULU, KAMPAR, RIAU",7,137,33,170
https://kawalpemilu.org#14343,"KUSAU MAKMUR, TAPUNG HULU, KAMPAR, RIAU",8,172,14,186
https://kawalpemilu.org#14343,"KUSAU MAKMUR, TAPUNG HULU, KAMPAR, RIAU",9,138,27,165
https://kawalpemilu.org#14343,"KUSAU MAKMUR, TAPUNG HULU, KAMPAR, RIAU",10,86,31,117
https://kawalpemilu.org#14343,"KUSAU MAKMUR, TAPUNG HULU, KAMPAR, RIAU",11,78,17,95
https://kawalpemilu.org#84470,"TALANG DANTO, TAPUNG HULU, KAMPAR, RIAU",1,68,132,200
https://kawalpemilu.org#84470,"TALANG DANTO, TAPUNG HULU, KAMPAR, RIAU",3,79,75,154
https://kawalpemilu.org#84470,"TALANG DANTO, TAPUNG HULU, KAMPAR, RIAU",4,97,121,218
https://kawalpemilu.org#84470,"TALANG DANTO, TAPUNG HULU, KAMPAR, RIAU",5,189,54,243
https://kawalpemilu.org#84470,"TALANG DANTO, TAPUNG HULU, KAMPAR, RIAU",6,113,125,238
https://kawalpemilu.org#84470,"TALANG DANTO, TAPUNG HULU, KAMPAR, RIAU",7,104,79,183
https://kawalpemilu.org#84470,"TALANG DANTO, TAPUNG HULU, KAMPAR, RIAU",8,121,27,148
https://kawalpemilu.org#14345,"SALO, SALO, KAMPAR, RIAU",1,15,205,220
https://kawalpemilu.org#14345,"SALO, SALO, KAMPAR, RIAU",2,22,203,225
https://kawalpemilu.org#14345,"SALO, SALO, KAMPAR, RIAU",3,7,88,95
https://kawalpemilu.org#14345,"SALO, SALO, KAMPAR, RIAU",4,43,167,210
https://kawalpemilu.org#14345,"SALO, SALO, KAMPAR, RIAU",6,29,139,168
https://kawalpemilu.org#14345,"SALO, SALO, KAMPAR, RIAU",7,146,66,212
https://kawalpemilu.org#14345,"SALO, SALO, KAMPAR, RIAU",8,41,200,241
https://kawalpemilu.org#14345,"SALO, SALO, KAMPAR, RIAU",9,28,119,147
https://kawalpemilu.org#14345,"SALO, SALO, KAMPAR, RIAU",10,18,151,169
https://kawalpemilu.org#14345,"SALO, SALO, KAMPAR, RIAU",11,19,159,178
https://kawalpemilu.org#14345,"SALO, SALO, KAMPAR, RIAU",12,12,121,133
https://kawalpemilu.org#14345,"SALO, SALO, KAMPAR, RIAU",13,32,140,172
https://kawalpemilu.org#14345,"SALO, SALO, KAMPAR, RIAU",14,41,126,167
https://kawalpemilu.org#14345,"SALO, SALO, KAMPAR, RIAU",15,46,118,164
https://kawalpemilu.org#14345,"SALO, SALO, KAMPAR, RIAU",16,116,81,197
https://kawalpemilu.org#14345,"SALO, SALO, KAMPAR, RIAU",17,51,152,203
https://kawalpemilu.org#14345,"SALO, SALO, KAMPAR, RIAU",18,24,121,145
https://kawalpemilu.org#14345,"SALO, SALO, KAMPAR, RIAU",19,16,150,166
https://kawalpemilu.org#14346,"SIABU, SALO, KAMPAR, RIAU",1,69,203,272
https://kawalpemilu.org#14346,"SIABU, SALO, KAMPAR, RIAU",2,81,91,172
https://kawalpemilu.org#14346,"SIABU, SALO, KAMPAR, RIAU",3,121,90,211
https://kawalpemilu.org#14346,"SIABU, SALO, KAMPAR, RIAU",4,16,136,152
https://kawalpemilu.org#14346,"SIABU, SALO, KAMPAR, RIAU",5,15,218,233
https://kawalpemilu.org#14346,"SIABU, SALO, KAMPAR, RIAU",6,21,188,209
https://kawalpemilu.org#14346,"SIABU, SALO, KAMPAR, RIAU",7,124,57,181
https://kawalpemilu.org#14346,"SIABU, SALO, KAMPAR, RIAU",8,107,143,250
https://kawalpemilu.org#14346,"SIABU, SALO, KAMPAR, RIAU",9,65,65,130
https://kawalpemilu.org#14346,"SIABU, SALO, KAMPAR, RIAU",10,61,202,263
https://kawalpemilu.org#14346,"SIABU, SALO, KAMPAR, RIAU",11,55,136,191
https://kawalpemilu.org#14346,"SIABU, SALO, KAMPAR, RIAU",12,109,97,206
https://kawalpemilu.org#14346,"SIABU, SALO, KAMPAR, RIAU",13,17,132,149
https://kawalpemilu.org#14346,"SIABU, SALO, KAMPAR, RIAU",14,45,166,211
https://kawalpemilu.org#14347,"SALO TIMUR, SALO, KAMPAR, RIAU",1,24,213,237
https://kawalpemilu.org#14347,"SALO TIMUR, SALO, KAMPAR, RIAU",2,22,141,163
https://kawalpemilu.org#14347,"SALO TIMUR, SALO, KAMPAR, RIAU",3,32,181,213
https://kawalpemilu.org#14347,"SALO TIMUR, SALO, KAMPAR, RIAU",4,26,227,253
https://kawalpemilu.org#14347,"SALO TIMUR, SALO, KAMPAR, RIAU",5,14,169,183
https://kawalpemilu.org#14347,"SALO TIMUR, SALO, KAMPAR, RIAU",6,35,142,177
https://kawalpemilu.org#14347,"SALO TIMUR, SALO, KAMPAR, RIAU",7,14,150,164
https://kawalpemilu.org#14347,"SALO TIMUR, SALO, KAMPAR, RIAU",8,15,174,189
https://kawalpemilu.org#14347,"SALO TIMUR, SALO, KAMPAR, RIAU",9,28,215,243
https://kawalpemilu.org#14347,"SALO TIMUR, SALO, KAMPAR, RIAU",10,7,166,173
https://kawalpemilu.org#14347,"SALO TIMUR, SALO, KAMPAR, RIAU",11,22,183,205
https://kawalpemilu.org#14348,"SEPUNGGUK, SALO, KAMPAR, RIAU",1,10,225,235
https://kawalpemilu.org#14348,"SEPUNGGUK, SALO, KAMPAR, RIAU",2,7,174,181
https://kawalpemilu.org#14348,"SEPUNGGUK, SALO, KAMPAR, RIAU",3,6,202,208
https://kawalpemilu.org#14348,"SEPUNGGUK, SALO, KAMPAR, RIAU",4,20,197,217
https://kawalpemilu.org#14348,"SEPUNGGUK, SALO, KAMPAR, RIAU",5,19,195,214
https://kawalpemilu.org#14348,"SEPUNGGUK, SALO, KAMPAR, RIAU",6,9,245,254
https://kawalpemilu.org#14348,"SEPUNGGUK, SALO, KAMPAR, RIAU",7,12,144,156
https://kawalpemilu.org#14348,"SEPUNGGUK, SALO, KAMPAR, RIAU",8,4,147,151
https://kawalpemilu.org#14348,"SEPUNGGUK, SALO, KAMPAR, RIAU",9,30,214,244
https://kawalpemilu.org#14349,"GANTING DAMAI, SALO, KAMPAR, RIAU",1,31,208,239
https://kawalpemilu.org#14349,"GANTING DAMAI, SALO, KAMPAR, RIAU",2,39,167,206
https://kawalpemilu.org#14349,"GANTING DAMAI, SALO, KAMPAR, RIAU",3,32,90,122
https://kawalpemilu.org#14349,"GANTING DAMAI, SALO, KAMPAR, RIAU",4,36,167,203
https://kawalpemilu.org#14349,"GANTING DAMAI, SALO, KAMPAR, RIAU",5,38,139,177
https://kawalpemilu.org#14350,"GANTING, SALO, KAMPAR, RIAU",1,13,208,221
https://kawalpemilu.org#14350,"GANTING, SALO, KAMPAR, RIAU",2,13,140,153
https://kawalpemilu.org#14350,"GANTING, SALO, KAMPAR, RIAU",3,46,197,243
https://kawalpemilu.org#14350,"GANTING, SALO, KAMPAR, RIAU",4,12,215,227
https://kawalpemilu.org#14350,"GANTING, SALO, KAMPAR, RIAU",5,11,158,169
https://kawalpemilu.org#14350,"GANTING, SALO, KAMPAR, RIAU",6,23,207,230
https://kawalpemilu.org#14350,"GANTING, SALO, KAMPAR, RIAU",7,94,160,254
https://kawalpemilu.org#14352,"PULAU PAYUNG, RUMBIO JAYA, KAMPAR, RIAU",1,14,185,199
https://kawalpemilu.org#14352,"PULAU PAYUNG, RUMBIO JAYA, KAMPAR, RIAU",2,11,180,191
https://kawalpemilu.org#14352,"PULAU PAYUNG, RUMBIO JAYA, KAMPAR, RIAU",3,10,166,176
https://kawalpemilu.org#14352,"PULAU PAYUNG, RUMBIO JAYA, KAMPAR, RIAU",4,8,148,156
https://kawalpemilu.org#14352,"PULAU PAYUNG, RUMBIO JAYA, KAMPAR, RIAU",5,16,198,214
https://kawalpemilu.org#14352,"PULAU PAYUNG, RUMBIO JAYA, KAMPAR, RIAU",6,12,226,238
https://kawalpemilu.org#14352,"PULAU PAYUNG, RUMBIO JAYA, KAMPAR, RIAU",7,6,239,245
https://kawalpemilu.org#14352,"PULAU PAYUNG, RUMBIO JAYA, KAMPAR, RIAU",8,7,225,232
https://kawalpemilu.org#14352,"PULAU PAYUNG, RUMBIO JAYA, KAMPAR, RIAU",9,4,209,213
https://kawalpemilu.org#14352,"PULAU PAYUNG, RUMBIO JAYA, KAMPAR, RIAU",10,0,0,0
https://kawalpemilu.org#14353,"TERATAK, RUMBIO JAYA, KAMPAR, RIAU",1,15,231,246
https://kawalpemilu.org#14353,"TERATAK, RUMBIO JAYA, KAMPAR, RIAU",2,8,210,218
https://kawalpemilu.org#14353,"TERATAK, RUMBIO JAYA, KAMPAR, RIAU",3,15,225,240
https://kawalpemilu.org#14353,"TERATAK, RUMBIO JAYA, KAMPAR, RIAU",4,4,228,232
https://kawalpemilu.org#14353,"TERATAK, RUMBIO JAYA, KAMPAR, RIAU",5,11,213,224
https://kawalpemilu.org#14353,"TERATAK, RUMBIO JAYA, KAMPAR, RIAU",6,9,232,241
https://kawalpemilu.org#14353,"TERATAK, RUMBIO JAYA, KAMPAR, RIAU",7,7,240,247
https://kawalpemilu.org#14354,"ALAM PANJANG, RUMBIO JAYA, KAMPAR, RIAU",1,7,214,221
https://kawalpemilu.org#14354,"ALAM PANJANG, RUMBIO JAYA, KAMPAR, RIAU",2,2,174,176
https://kawalpemilu.org#14354,"ALAM PANJANG, RUMBIO JAYA, KAMPAR, RIAU",3,9,239,248
https://kawalpemilu.org#14354,"ALAM PANJANG, RUMBIO JAYA, KAMPAR, RIAU",4,11,152,163
https://kawalpemilu.org#14354,"ALAM PANJANG, RUMBIO JAYA, KAMPAR, RIAU",5,8,243,251
https://kawalpemilu.org#14354,"ALAM PANJANG, RUMBIO JAYA, KAMPAR, RIAU",6,6,172,178
https://kawalpemilu.org#14354,"ALAM PANJANG, RUMBIO JAYA, KAMPAR, RIAU",7,11,154,165
https://kawalpemilu.org#14354,"ALAM PANJANG, RUMBIO JAYA, KAMPAR, RIAU",8,9,129,138
https://kawalpemilu.org#14354,"ALAM PANJANG, RUMBIO JAYA, KAMPAR, RIAU",9,20,233,253
https://kawalpemilu.org#14354,"ALAM PANJANG, RUMBIO JAYA, KAMPAR, RIAU",10,8,231,239
https://kawalpemilu.org#14355,"BUKIT TERATAI, RUMBIO JAYA, KAMPAR, RIAU",1,76,189,265
https://kawalpemilu.org#14355,"BUKIT TERATAI, RUMBIO JAYA, KAMPAR, RIAU",2,114,145,259
https://kawalpemilu.org#14355,"BUKIT TERATAI, RUMBIO JAYA, KAMPAR, RIAU",3,82,192,274
https://kawalpemilu.org#14355,"BUKIT TERATAI, RUMBIO JAYA, KAMPAR, RIAU",4,85,140,225
https://kawalpemilu.org#14356,"BATANG BATINDIH, RUMBIO JAYA, KAMPAR, RIAU",1,85,167,252
https://kawalpemilu.org#14356,"BATANG BATINDIH, RUMBIO JAYA, KAMPAR, RIAU",2,95,124,219
https://kawalpemilu.org#14356,"BATANG BATINDIH, RUMBIO JAYA, KAMPAR, RIAU",3,88,139,227
https://kawalpemilu.org#14356,"BATANG BATINDIH, RUMBIO JAYA, KAMPAR, RIAU",4,100,125,225
https://kawalpemilu.org#14356,"BATANG BATINDIH, RUMBIO JAYA, KAMPAR, RIAU",5,85,117,202
https://kawalpemilu.org#14356,"BATANG BATINDIH, RUMBIO JAYA, KAMPAR, RIAU",6,97,120,217
https://kawalpemilu.org#14357,"TAMBUSAI, RUMBIO JAYA, KAMPAR, RIAU",1,112,135,247
https://kawalpemilu.org#14357,"TAMBUSAI, RUMBIO JAYA, KAMPAR, RIAU",2,127,125,252
https://kawalpemilu.org#14357,"TAMBUSAI, RUMBIO JAYA, KAMPAR, RIAU",3,124,136,260
https://kawalpemilu.org#14357,"TAMBUSAI, RUMBIO JAYA, KAMPAR, RIAU",4,97,138,235
https://kawalpemilu.org#14357,"TAMBUSAI, RUMBIO JAYA, KAMPAR, RIAU",5,118,130,248
https://kawalpemilu.org#84471,"SIMPANG PETAI, RUMBIO JAYA, KAMPAR, RIAU",1,0,0,0
https://kawalpemilu.org#84471,"SIMPANG PETAI, RUMBIO JAYA, KAMPAR, RIAU",2,69,104,173
https://kawalpemilu.org#84471,"SIMPANG PETAI, RUMBIO JAYA, KAMPAR, RIAU",3,5,245,250
https://kawalpemilu.org#84471,"SIMPANG PETAI, RUMBIO JAYA, KAMPAR, RIAU",4,10,169,179
https://kawalpemilu.org#14359,"PULAU, BANGKINANG, KAMPAR, RIAU",1,14,162,176
https://kawalpemilu.org#14359,"PULAU, BANGKINANG, KAMPAR, RIAU",3,21,171,192
https://kawalpemilu.org#14359,"PULAU, BANGKINANG, KAMPAR, RIAU",4,21,171,192
https://kawalpemilu.org#14359,"PULAU, BANGKINANG, KAMPAR, RIAU",5,5,172,177
https://kawalpemilu.org#14359,"PULAU, BANGKINANG, KAMPAR, RIAU",8,6,185,191
https://kawalpemilu.org#14359,"PULAU, BANGKINANG, KAMPAR, RIAU",9,13,187,200
https://kawalpemilu.org#14360,"PASIR SIALANG, BANGKINANG, KAMPAR, RIAU",1,2,238,240
https://kawalpemilu.org#14360,"PASIR SIALANG, BANGKINANG, KAMPAR, RIAU",2,4,195,199
https://kawalpemilu.org#14360,"PASIR SIALANG, BANGKINANG, KAMPAR, RIAU",3,2,179,181
https://kawalpemilu.org#14360,"PASIR SIALANG, BANGKINANG, KAMPAR, RIAU",4,10,181,191
https://kawalpemilu.org#14360,"PASIR SIALANG, BANGKINANG, KAMPAR, RIAU",6,18,197,215
https://kawalpemilu.org#14360,"PASIR SIALANG, BANGKINANG, KAMPAR, RIAU",7,15,145,160
https://kawalpemilu.org#14360,"PASIR SIALANG, BANGKINANG, KAMPAR, RIAU",8,83,117,200
https://kawalpemilu.org#14360,"PASIR SIALANG, BANGKINANG, KAMPAR, RIAU",9,118,86,204
https://kawalpemilu.org#14360,"PASIR SIALANG, BANGKINANG, KAMPAR, RIAU",10,0,0,0
https://kawalpemilu.org#14360,"PASIR SIALANG, BANGKINANG, KAMPAR, RIAU",11,179,56,235
https://kawalpemilu.org#14360,"PASIR SIALANG, BANGKINANG, KAMPAR, RIAU",12,127,67,194
https://kawalpemilu.org#14360,"PASIR SIALANG, BANGKINANG, KAMPAR, RIAU",14,26,199,225
https://kawalpemilu.org#14360,"PASIR SIALANG, BANGKINANG, KAMPAR, RIAU",15,2,210,212
https://kawalpemilu.org#14360,"PASIR SIALANG, BANGKINANG, KAMPAR, RIAU",16,10,195,205
https://kawalpemilu.org#14360,"PASIR SIALANG, BANGKINANG, KAMPAR, RIAU",17,8,181,189
https://kawalpemilu.org#14360,"PASIR SIALANG, BANGKINANG, KAMPAR, RIAU",18,9,173,182
https://kawalpemilu.org#14360,"PASIR SIALANG, BANGKINANG, KAMPAR, RIAU",19,14,209,223
https://kawalpemilu.org#14360,"PASIR SIALANG, BANGKINANG, KAMPAR, RIAU",20,15,202,217
https://kawalpemilu.org#14360,"PASIR SIALANG, BANGKINANG, KAMPAR, RIAU",21,40,87,127
https://kawalpemilu.org#14360,"PASIR SIALANG, BANGKINANG, KAMPAR, RIAU",22,80,107,187
https://kawalpemilu.org#14360,"PASIR SIALANG, BANGKINANG, KAMPAR, RIAU",23,90,68,158
https://kawalpemilu.org#14360,"PASIR SIALANG, BANGKINANG, KAMPAR, RIAU",24,88,66,154
https://kawalpemilu.org#14361,"PULAU LAWAS, BANGKINANG, KAMPAR, RIAU",2,17,199,216
https://kawalpemilu.org#14361,"PULAU LAWAS, BANGKINANG, KAMPAR, RIAU",3,9,166,175
https://kawalpemilu.org#14361,"PULAU LAWAS, BANGKINANG, KAMPAR, RIAU",6,3,169,172
https://kawalpemilu.org#14361,"PULAU LAWAS, BANGKINANG, KAMPAR, RIAU",9,16,167,183
https://kawalpemilu.org#14362,"MUARA UWAI, BANGKINANG, KAMPAR, RIAU",2,3,163,166
https://kawalpemilu.org#14362,"MUARA UWAI, BANGKINANG, KAMPAR, RIAU",6,10,180,190
https://kawalpemilu.org#14362,"MUARA UWAI, BANGKINANG, KAMPAR, RIAU",7,4,163,167
https://kawalpemilu.org#14362,"MUARA UWAI, BANGKINANG, KAMPAR, RIAU",8,7,123,130
https://kawalpemilu.org#14362,"MUARA UWAI, BANGKINANG, KAMPAR, RIAU",9,5,128,133
https://kawalpemilu.org#14362,"MUARA UWAI, BANGKINANG, KAMPAR, RIAU",10,3,173,176
https://kawalpemilu.org#14362,"MUARA UWAI, BANGKINANG, KAMPAR, RIAU",11,1,145,146
https://kawalpemilu.org#14362,"MUARA UWAI, BANGKINANG, KAMPAR, RIAU",14,6,143,149
https://kawalpemilu.org#14363,"LABOY JAYA, BANGKINANG, KAMPAR, RIAU",1,63,142,205
https://kawalpemilu.org#14363,"LABOY JAYA, BANGKINANG, KAMPAR, RIAU",2,69,87,156
https://kawalpemilu.org#14363,"LABOY JAYA, BANGKINANG, KAMPAR, RIAU",3,96,107,203
https://kawalpemilu.org#14363,"LABOY JAYA, BANGKINANG, KAMPAR, RIAU",4,79,94,173
https://kawalpemilu.org#14363,"LABOY JAYA, BANGKINANG, KAMPAR, RIAU",5,113,111,224
https://kawalpemilu.org#14363,"LABOY JAYA, BANGKINANG, KAMPAR, RIAU",6,93,98,191
https://kawalpemilu.org#14363,"LABOY JAYA, BANGKINANG, KAMPAR, RIAU",7,72,87,159
https://kawalpemilu.org#14363,"LABOY JAYA, BANGKINANG, KAMPAR, RIAU",8,86,131,217
https://kawalpemilu.org#14363,"LABOY JAYA, BANGKINANG, KAMPAR, RIAU",9,58,106,164
https://kawalpemilu.org#14363,"LABOY JAYA, BANGKINANG, KAMPAR, RIAU",10,89,129,218
https://kawalpemilu.org#14364,"BUKIT PAYUNG, BANGKINANG, KAMPAR, RIAU",1,116,108,224
https://kawalpemilu.org#14364,"BUKIT PAYUNG, BANGKINANG, KAMPAR, RIAU",2,136,72,208
https://kawalpemilu.org#14364,"BUKIT PAYUNG, BANGKINANG, KAMPAR, RIAU",4,83,112,195
https://kawalpemilu.org#14364,"BUKIT PAYUNG, BANGKINANG, KAMPAR, RIAU",7,178,29,207
https://kawalpemilu.org#14364,"BUKIT PAYUNG, BANGKINANG, KAMPAR, RIAU",8,129,86,215
https://kawalpemilu.org#14364,"BUKIT PAYUNG, BANGKINANG, KAMPAR, RIAU",9,104,45,149
https://kawalpemilu.org#14365,"SUKA MULYA, BANGKINANG, KAMPAR, RIAU",1,135,79,214
https://kawalpemilu.org#14365,"SUKA MULYA, BANGKINANG, KAMPAR, RIAU",2,140,71,211
https://kawalpemilu.org#14365,"SUKA MULYA, BANGKINANG, KAMPAR, RIAU",3,152,76,228
https://kawalpemilu.org#14365,"SUKA MULYA, BANGKINANG, KAMPAR, RIAU",4,87,70,157
https://kawalpemilu.org#14365,"SUKA MULYA, BANGKINANG, KAMPAR, RIAU",5,98,86,184
https://kawalpemilu.org#14365,"SUKA MULYA, BANGKINANG, KAMPAR, RIAU",6,122,87,209
https://kawalpemilu.org#14365,"SUKA MULYA, BANGKINANG, KAMPAR, RIAU",7,87,70,157
https://kawalpemilu.org#14365,"SUKA MULYA, BANGKINANG, KAMPAR, RIAU",8,101,98,199
https://kawalpemilu.org#14366,"BUKIT SEMBILAN, BANGKINANG, KAMPAR, RIAU",1,86,115,201
https://kawalpemilu.org#14366,"BUKIT SEMBILAN, BANGKINANG, KAMPAR, RIAU",2,61,125,186
https://kawalpemilu.org#14366,"BUKIT SEMBILAN, BANGKINANG, KAMPAR, RIAU",3,78,110,188
https://kawalpemilu.org#14366,"BUKIT SEMBILAN, BANGKINANG, KAMPAR, RIAU",4,92,100,192
https://kawalpemilu.org#14366,"BUKIT SEMBILAN, BANGKINANG, KAMPAR, RIAU",5,142,35,177
https://kawalpemilu.org#14366,"BUKIT SEMBILAN, BANGKINANG, KAMPAR, RIAU",6,159,34,193
https://kawalpemilu.org#14367,"BINUANG, BANGKINANG, KAMPAR, RIAU",1,3,143,146
https://kawalpemilu.org#14367,"BINUANG, BANGKINANG, KAMPAR, RIAU",2,8,240,248
https://kawalpemilu.org#14367,"BINUANG, BANGKINANG, KAMPAR, RIAU",3,5,167,172
https://kawalpemilu.org#14367,"BINUANG, BANGKINANG, KAMPAR, RIAU",4,5,205,210
https://kawalpemilu.org#14367,"BINUANG, BANGKINANG, KAMPAR, RIAU",5,2,162,164
https://kawalpemilu.org#14367,"BINUANG, BANGKINANG, KAMPAR, RIAU",6,4,194,198
https://kawalpemilu.org#14369,"KAMPUNG PINANG, PERHENTIAN RAJA, KAMPAR, RIAU",1,21,131,152
https://kawalpemilu.org#14369,"KAMPUNG PINANG, PERHENTIAN RAJA, KAMPAR, RIAU",2,27,189,216
https://kawalpemilu.org#14369,"KAMPUNG PINANG, PERHENTIAN RAJA, KAMPAR, RIAU",3,51,206,257
https://kawalpemilu.org#14369,"KAMPUNG PINANG, PERHENTIAN RAJA, KAMPAR, RIAU",4,33,64,97
https://kawalpemilu.org#14369,"KAMPUNG PINANG, PERHENTIAN RAJA, KAMPAR, RIAU",5,39,155,194
https://kawalpemilu.org#14370,"PANTAI RAJA, PERHENTIAN RAJA, KAMPAR, RIAU",1,79,177,256
https://kawalpemilu.org#14370,"PANTAI RAJA, PERHENTIAN RAJA, KAMPAR, RIAU",2,48,166,214
https://kawalpemilu.org#14370,"PANTAI RAJA, PERHENTIAN RAJA, KAMPAR, RIAU",3,54,194,248
https://kawalpemilu.org#14370,"PANTAI RAJA, PERHENTIAN RAJA, KAMPAR, RIAU",4,151,15,166
https://kawalpemilu.org#14370,"PANTAI RAJA, PERHENTIAN RAJA, KAMPAR, RIAU",5,57,98,155
https://kawalpemilu.org#14370,"PANTAI RAJA, PERHENTIAN RAJA, KAMPAR, RIAU",6,145,15,160
https://kawalpemilu.org#14370,"PANTAI RAJA, PERHENTIAN RAJA, KAMPAR, RIAU",7,73,151,224
https://kawalpemilu.org#14370,"PANTAI RAJA, PERHENTIAN RAJA, KAMPAR, RIAU",8,48,131,179
https://kawalpemilu.org#14370,"PANTAI RAJA, PERHENTIAN RAJA, KAMPAR, RIAU",9,74,158,232
https://kawalpemilu.org#14370,"PANTAI RAJA, PERHENTIAN RAJA, KAMPAR, RIAU",10,131,29,160
https://kawalpemilu.org#14370,"PANTAI RAJA, PERHENTIAN RAJA, KAMPAR, RIAU",11,81,79,160
https://kawalpemilu.org#14371,"HANGTUAH, PERHENTIAN RAJA, KAMPAR, RIAU",1,94,134,228
https://kawalpemilu.org#14371,"HANGTUAH, PERHENTIAN RAJA, KAMPAR, RIAU",2,106,122,228
https://kawalpemilu.org#14371,"HANGTUAH, PERHENTIAN RAJA, KAMPAR, RIAU",3,81,101,182
https://kawalpemilu.org#14371,"HANGTUAH, PERHENTIAN RAJA, KAMPAR, RIAU",5,145,65,210
https://kawalpemilu.org#14371,"HANGTUAH, PERHENTIAN RAJA, KAMPAR, RIAU",6,116,120,236
https://kawalpemilu.org#14371,"HANGTUAH, PERHENTIAN RAJA, KAMPAR, RIAU",7,89,113,202
https://kawalpemilu.org#14371,"HANGTUAH, PERHENTIAN RAJA, KAMPAR, RIAU",8,37,131,168
https://kawalpemilu.org#14371,"HANGTUAH, PERHENTIAN RAJA, KAMPAR, RIAU",9,128,47,175
https://kawalpemilu.org#14371,"HANGTUAH, PERHENTIAN RAJA, KAMPAR, RIAU",10,74,26,100
https://kawalpemilu.org#14371,"HANGTUAH, PERHENTIAN RAJA, KAMPAR, RIAU",11,74,126,200
https://kawalpemilu.org#14371,"HANGTUAH, PERHENTIAN RAJA, KAMPAR, RIAU",12,82,83,165
https://kawalpemilu.org#14371,"HANGTUAH, PERHENTIAN RAJA, KAMPAR, RIAU",13,61,104,165
https://kawalpemilu.org#14371,"HANGTUAH, PERHENTIAN RAJA, KAMPAR, RIAU",14,73,98,171
https://kawalpemilu.org#14371,"HANGTUAH, PERHENTIAN RAJA, KAMPAR, RIAU",15,94,103,197
https://kawalpemilu.org#14371,"HANGTUAH, PERHENTIAN RAJA, KAMPAR, RIAU",16,120,91,211
https://kawalpemilu.org#14371,"HANGTUAH, PERHENTIAN RAJA, KAMPAR, RIAU",17,100,90,190
https://kawalpemilu.org#14371,"HANGTUAH, PERHENTIAN RAJA, KAMPAR, RIAU",18,28,106,134
https://kawalpemilu.org#14372,"SIALANG KUBANG, PERHENTIAN RAJA, KAMPAR, RIAU",1,125,123,248
https://kawalpemilu.org#14372,"SIALANG KUBANG, PERHENTIAN RAJA, KAMPAR, RIAU",2,84,95,179
https://kawalpemilu.org#14372,"SIALANG KUBANG, PERHENTIAN RAJA, KAMPAR, RIAU",3,130,88,218
https://kawalpemilu.org#14372,"SIALANG KUBANG, PERHENTIAN RAJA, KAMPAR, RIAU",4,113,150,263
https://kawalpemilu.org#14372,"SIALANG KUBANG, PERHENTIAN RAJA, KAMPAR, RIAU",5,152,65,217
https://kawalpemilu.org#14372,"SIALANG KUBANG, PERHENTIAN RAJA, KAMPAR, RIAU",6,115,93,208
https://kawalpemilu.org#14372,"SIALANG KUBANG, PERHENTIAN RAJA, KAMPAR, RIAU",7,123,79,202
https://kawalpemilu.org#14372,"SIALANG KUBANG, PERHENTIAN RAJA, KAMPAR, RIAU",8,120,102,222
https://kawalpemilu.org#14372,"SIALANG KUBANG, PERHENTIAN RAJA, KAMPAR, RIAU",9,94,104,199
https://kawalpemilu.org#14372,"SIALANG KUBANG, PERHENTIAN RAJA, KAMPAR, RIAU",10,119,124,243
https://kawalpemilu.org#84472,"LUBUK SAKAT, PERHENTIAN RAJA, KAMPAR, RIAU",1,54,127,181
https://kawalpemilu.org#84472,"LUBUK SAKAT, PERHENTIAN RAJA, KAMPAR, RIAU",2,44,141,185
https://kawalpemilu.org#84472,"LUBUK SAKAT, PERHENTIAN RAJA, KAMPAR, RIAU",3,78,114,192
https://kawalpemilu.org#84472,"LUBUK SAKAT, PERHENTIAN RAJA, KAMPAR, RIAU",4,92,90,182
https://kawalpemilu.org#84472,"LUBUK SAKAT, PERHENTIAN RAJA, KAMPAR, RIAU",5,101,94,195
https://kawalpemilu.org#14374,"PULAU BIRANDANG, KAMPA, KAMPAR, RIAU",1,2,136,138
https://kawalpemilu.org#14374,"PULAU BIRANDANG, KAMPA, KAMPAR, RIAU",2,8,192,200
https://kawalpemilu.org#14374,"PULAU BIRANDANG, KAMPA, KAMPAR, RIAU",3,6,165,171
https://kawalpemilu.org#14374,"PULAU BIRANDANG, KAMPA, KAMPAR, RIAU",4,4,173,177
https://kawalpemilu.org#14374,"PULAU BIRANDANG, KAMPA, KAMPAR, RIAU",5,16,237,253
https://kawalpemilu.org#14374,"PULAU BIRANDANG, KAMPA, KAMPAR, RIAU",6,4,214,218
https://kawalpemilu.org#14374,"PULAU BIRANDANG, KAMPA, KAMPAR, RIAU",7,9,189,198
https://kawalpemilu.org#14374,"PULAU BIRANDANG, KAMPA, KAMPAR, RIAU",8,60,111,171
https://kawalpemilu.org#14374,"PULAU BIRANDANG, KAMPA, KAMPAR, RIAU",9,85,71,156
https://kawalpemilu.org#14374,"PULAU BIRANDANG, KAMPA, KAMPAR, RIAU",10,6,136,142
https://kawalpemilu.org#14374,"PULAU BIRANDANG, KAMPA, KAMPAR, RIAU",11,0,203,203
https://kawalpemilu.org#14374,"PULAU BIRANDANG, KAMPA, KAMPAR, RIAU",12,5,171,176
https://kawalpemilu.org#14374,"PULAU BIRANDANG, KAMPA, KAMPAR, RIAU",13,15,164,179
https://kawalpemilu.org#14374,"PULAU BIRANDANG, KAMPA, KAMPAR, RIAU",14,10,192,202
https://kawalpemilu.org#14374,"PULAU BIRANDANG, KAMPA, KAMPAR, RIAU",15,60,55,115
https://kawalpemilu.org#14375,"PULAU RAMBAI, KAMPA, KAMPAR, RIAU",1,4,170,174
https://kawalpemilu.org#14375,"PULAU RAMBAI, KAMPA, KAMPAR, RIAU",2,5,173,178
https://kawalpemilu.org#14375,"PULAU RAMBAI, KAMPA, KAMPAR, RIAU",3,7,231,238
https://kawalpemilu.org#14375,"PULAU RAMBAI, KAMPA, KAMPAR, RIAU",4,7,201,208
https://kawalpemilu.org#14375,"PULAU RAMBAI, KAMPA, KAMPAR, RIAU",5,0,139,139
https://kawalpemilu.org#14375,"PULAU RAMBAI, KAMPA, KAMPAR, RIAU",6,25,222,247
https://kawalpemilu.org#14375,"PULAU RAMBAI, KAMPA, KAMPAR, RIAU",7,0,0,0
https://kawalpemilu.org#14375,"PULAU RAMBAI, KAMPA, KAMPAR, RIAU",8,6,158,164
https://kawalpemilu.org#14375,"PULAU RAMBAI, KAMPA, KAMPAR, RIAU",9,10,189,199
https://kawalpemilu.org#14375,"PULAU RAMBAI, KAMPA, KAMPAR, RIAU",10,8,131,139
https://kawalpemilu.org#14376,"KAMPAR, KAMPA, KAMPAR, RIAU",1,11,167,178
https://kawalpemilu.org#14376,"KAMPAR, KAMPA, KAMPAR, RIAU",2,18,167,185
https://kawalpemilu.org#14376,"KAMPAR, KAMPA, KAMPAR, RIAU",3,13,247,260
https://kawalpemilu.org#14376,"KAMPAR, KAMPA, KAMPAR, RIAU",4,30,224,254
https://kawalpemilu.org#14376,"KAMPAR, KAMPA, KAMPAR, RIAU",5,87,175,262
https://kawalpemilu.org#14376,"KAMPAR, KAMPA, KAMPAR, RIAU",6,55,152,207
https://kawalpemilu.org#14376,"KAMPAR, KAMPA, KAMPAR, RIAU",7,97,138,235
https://kawalpemilu.org#14376,"KAMPAR, KAMPA, KAMPAR, RIAU",8,4,115,119
https://kawalpemilu.org#14376,"KAMPAR, KAMPA, KAMPAR, RIAU",9,7,143,150
https://kawalpemilu.org#14377,"KOTO PERAMBAHAN, KAMPA, KAMPAR, RIAU",1,7,99,106
https://kawalpemilu.org#14377,"KOTO PERAMBAHAN, KAMPA, KAMPAR, RIAU",2,5,139,144
https://kawalpemilu.org#14377,"KOTO PERAMBAHAN, KAMPA, KAMPAR, RIAU",3,12,124,136
https://kawalpemilu.org#14377,"KOTO PERAMBAHAN, KAMPA, KAMPAR, RIAU",4,7,175,182
https://kawalpemilu.org#14377,"KOTO PERAMBAHAN, KAMPA, KAMPAR, RIAU",5,4,158,162
https://kawalpemilu.org#14377,"KOTO PERAMBAHAN, KAMPA, KAMPAR, RIAU",6,0,0,0
https://kawalpemilu.org#14377,"KOTO PERAMBAHAN, KAMPA, KAMPAR, RIAU",7,3,154,157
https://kawalpemilu.org#14377,"KOTO PERAMBAHAN, KAMPA, KAMPAR, RIAU",8,14,144,158
https://kawalpemilu.org#14377,"KOTO PERAMBAHAN, KAMPA, KAMPAR, RIAU",9,13,133,146
https://kawalpemilu.org#14377,"KOTO PERAMBAHAN, KAMPA, KAMPAR, RIAU",10,8,198,206
https://kawalpemilu.org#14377,"KOTO PERAMBAHAN, KAMPA, KAMPAR, RIAU",11,13,121,134
https://kawalpemilu.org#14377,"KOTO PERAMBAHAN, KAMPA, KAMPAR, RIAU",13,7,202,209
https://kawalpemilu.org#14377,"KOTO PERAMBAHAN, KAMPA, KAMPAR, RIAU",14,8,152,160
https://kawalpemilu.org#14377,"KOTO PERAMBAHAN, KAMPA, KAMPAR, RIAU",16,7,148,155
https://kawalpemilu.org#14377,"KOTO PERAMBAHAN, KAMPA, KAMPAR, RIAU",17,11,147,158
https://kawalpemilu.org#14377,"KOTO PERAMBAHAN, KAMPA, KAMPAR, RIAU",18,10,165,175
https://kawalpemilu.org#14378,"SEI PUTIH, KAMPA, KAMPAR, RIAU",1,99,155,254
https://kawalpemilu.org#14378,"SEI PUTIH, KAMPA, KAMPAR, RIAU",2,56,94,150
https://kawalpemilu.org#14378,"SEI PUTIH, KAMPA, KAMPAR, RIAU",3,77,48,125
https://kawalpemilu.org#14379,"DELI MAKMUR, KAMPA, KAMPAR, RIAU",1,50,101,151
https://kawalpemilu.org#14379,"DELI MAKMUR, KAMPA, KAMPAR, RIAU",2,30,98,128
https://kawalpemilu.org#14379,"DELI MAKMUR, KAMPA, KAMPAR, RIAU",3,51,85,136
https://kawalpemilu.org#14379,"DELI MAKMUR, KAMPA, KAMPAR, RIAU",4,38,84,122
https://kawalpemilu.org#84473,"SUNGAITARAP, KAMPA, KAMPAR, RIAU",1,12,222,234
https://kawalpemilu.org#84473,"SUNGAITARAP, KAMPA, KAMPAR, RIAU",2,5,231,236
https://kawalpemilu.org#84473,"SUNGAITARAP, KAMPA, KAMPAR, RIAU",3,5,172,177
https://kawalpemilu.org#84473,"SUNGAITARAP, KAMPA, KAMPAR, RIAU",4,14,227,241
https://kawalpemilu.org#84474,"TANJUNGBUNGO, KAMPA, KAMPAR, RIAU",1,8,208,216
https://kawalpemilu.org#84474,"TANJUNGBUNGO, KAMPA, KAMPAR, RIAU",2,14,175,189
https://kawalpemilu.org#84474,"TANJUNGBUNGO, KAMPA, KAMPAR, RIAU",3,16,195,211
https://kawalpemilu.org#84474,"TANJUNGBUNGO, KAMPA, KAMPAR, RIAU",4,11,225,236
https://kawalpemilu.org#84474,"TANJUNGBUNGO, KAMPA, KAMPAR, RIAU",5,6,193,199
https://kawalpemilu.org#84474,"TANJUNGBUNGO, KAMPA, KAMPAR, RIAU",6,16,201,217
https://kawalpemilu.org#84475,"SAWAHBARU, KAMPA, KAMPAR, RIAU",1,16,224,240
https://kawalpemilu.org#84475,"SAWAHBARU, KAMPA, KAMPAR, RIAU",2,4,184,188
https://kawalpemilu.org#84475,"SAWAHBARU, KAMPA, KAMPAR, RIAU",3,11,206,217
https://kawalpemilu.org#84475,"SAWAHBARU, KAMPA, KAMPAR, RIAU",4,16,201,217
https://kawalpemilu.org#14381,"MUARA JALAI, KAMPAR UTARA, KAMPAR, RIAU",1,7,150,157
https://kawalpemilu.org#14381,"MUARA JALAI, KAMPAR UTARA, KAMPAR, RIAU",2,6,195,201
https://kawalpemilu.org#14381,"MUARA JALAI, KAMPAR UTARA, KAMPAR, RIAU",3,9,154,163
https://kawalpemilu.org#14381,"MUARA JALAI, KAMPAR UTARA, KAMPAR, RIAU",4,4,206,210
https://kawalpemilu.org#14381,"MUARA JALAI, KAMPAR UTARA, KAMPAR, RIAU",5,2,146,148
https://kawalpemilu.org#14381,"MUARA JALAI, KAMPAR UTARA, KAMPAR, RIAU",6,7,151,158
https://kawalpemilu.org#14381,"MUARA JALAI, KAMPAR UTARA, KAMPAR, RIAU",7,1,253,254
https://kawalpemilu.org#14381,"MUARA JALAI, KAMPAR UTARA, KAMPAR, RIAU",8,9,137,146
https://kawalpemilu.org#14381,"MUARA JALAI, KAMPAR UTARA, KAMPAR, RIAU",9,15,212,227
https://kawalpemilu.org#14381,"MUARA JALAI, KAMPAR UTARA, KAMPAR, RIAU",10,7,158,165
https://kawalpemilu.org#14382,"SAWAH, KAMPAR UTARA, KAMPAR, RIAU",1,5,154,159
https://kawalpemilu.org#14382,"SAWAH, KAMPAR UTARA, KAMPAR, RIAU",2,4,159,163
https://kawalpemilu.org#14382,"SAWAH, KAMPAR UTARA, KAMPAR, RIAU",3,14,227,241
https://kawalpemilu.org#14382,"SAWAH, KAMPAR UTARA, KAMPAR, RIAU",4,5,163,168
https://kawalpemilu.org#14382,"SAWAH, KAMPAR UTARA, KAMPAR, RIAU",5,4,224,228
https://kawalpemilu.org#14382,"SAWAH, KAMPAR UTARA, KAMPAR, RIAU",6,6,156,162
https://kawalpemilu.org#14382,"SAWAH, KAMPAR UTARA, KAMPAR, RIAU",7,3,180,183
https://kawalpemilu.org#14382,"SAWAH, KAMPAR UTARA, KAMPAR, RIAU",8,8,147,155
https://kawalpemilu.org#14382,"SAWAH, KAMPAR UTARA, KAMPAR, RIAU",9,7,160,167
https://kawalpemilu.org#14382,"SAWAH, KAMPAR UTARA, KAMPAR, RIAU",10,6,234,240
https://kawalpemilu.org#14383,"KAMPUNG PANJANG, KAMPAR UTARA, KAMPAR, RIAU",1,17,134,151
https://kawalpemilu.org#14383,"KAMPUNG PANJANG, KAMPAR UTARA, KAMPAR, RIAU",2,18,161,179
https://kawalpemilu.org#14383,"KAMPUNG PANJANG, KAMPAR UTARA, KAMPAR, RIAU",3,16,224,240
https://kawalpemilu.org#14383,"KAMPUNG PANJANG, KAMPAR UTARA, KAMPAR, RIAU",4,5,158,163
https://kawalpemilu.org#14383,"KAMPUNG PANJANG, KAMPAR UTARA, KAMPAR, RIAU",5,8,181,189
https://kawalpemilu.org#14384,"KAYU ARO, KAMPAR UTARA, KAMPAR, RIAU",1,36,53,89
https://kawalpemilu.org#14384,"KAYU ARO, KAMPAR UTARA, KAMPAR, RIAU",2,27,71,98
https://kawalpemilu.org#14384,"KAYU ARO, KAMPAR UTARA, KAMPAR, RIAU",3,72,66,138
https://kawalpemilu.org#14384,"KAYU ARO, KAMPAR UTARA, KAMPAR, RIAU",4,40,52,92
https://kawalpemilu.org#14385,"SEI TONANG, KAMPAR UTARA, KAMPAR, RIAU",1,3,176,179
https://kawalpemilu.org#14385,"SEI TONANG, KAMPAR UTARA, KAMPAR, RIAU",2,2,161,163
https://kawalpemilu.org#14385,"SEI TONANG, KAMPAR UTARA, KAMPAR, RIAU",4,2,149,151
https://kawalpemilu.org#14385,"SEI TONANG, KAMPAR UTARA, KAMPAR, RIAU",5,1,183,184
https://kawalpemilu.org#14385,"SEI TONANG, KAMPAR UTARA, KAMPAR, RIAU",6,6,171,177
https://kawalpemilu.org#14385,"SEI TONANG, KAMPAR UTARA, KAMPAR, RIAU",7,4,153,157
https://kawalpemilu.org#14385,"SEI TONANG, KAMPAR UTARA, KAMPAR, RIAU",8,3,133,136
https://kawalpemilu.org#14386,"SEI JALAU, KAMPAR UTARA, KAMPAR, RIAU",1,15,197,212
https://kawalpemilu.org#14386,"SEI JALAU, KAMPAR UTARA, KAMPAR, RIAU",2,14,251,265
https://kawalpemilu.org#14386,"SEI JALAU, KAMPAR UTARA, KAMPAR, RIAU",3,6,236,242
https://kawalpemilu.org#14386,"SEI JALAU, KAMPAR UTARA, KAMPAR, RIAU",4,11,224,235
https://kawalpemilu.org#14386,"SEI JALAU, KAMPAR UTARA, KAMPAR, RIAU",5,10,233,243
https://kawalpemilu.org#14386,"SEI JALAU, KAMPAR UTARA, KAMPAR, RIAU",6,10,246,256
https://kawalpemilu.org#14386,"SEI JALAU, KAMPAR UTARA, KAMPAR, RIAU",7,4,200,204
https://kawalpemilu.org#14386,"SEI JALAU, KAMPAR UTARA, KAMPAR, RIAU",8,5,188,193
https://kawalpemilu.org#14387,"SENDAYAN, KAMPAR UTARA, KAMPAR, RIAU",1,5,247,252
https://kawalpemilu.org#14387,"SENDAYAN, KAMPAR UTARA, KAMPAR, RIAU",2,13,189,202
https://kawalpemilu.org#14387,"SENDAYAN, KAMPAR UTARA, KAMPAR, RIAU",3,13,236,249
https://kawalpemilu.org#14387,"SENDAYAN, KAMPAR UTARA, KAMPAR, RIAU",4,5,187,192
https://kawalpemilu.org#14387,"SENDAYAN, KAMPAR UTARA, KAMPAR, RIAU",5,18,236,254
https://kawalpemilu.org#84476,"NAGA BERALIH, KAMPAR UTARA, KAMPAR, RIAU",1,13,178,191
https://kawalpemilu.org#84476,"NAGA BERALIH, KAMPAR UTARA, KAMPAR, RIAU",2,12,137,149
https://kawalpemilu.org#84476,"NAGA BERALIH, KAMPAR UTARA, KAMPAR, RIAU",3,12,223,235
https://kawalpemilu.org#84476,"NAGA BERALIH, KAMPAR UTARA, KAMPAR, RIAU",4,15,217,232
https://kawalpemilu.org#84476,"NAGA BERALIH, KAMPAR UTARA, KAMPAR, RIAU",5,6,190,196
https://kawalpemilu.org#84476,"NAGA BERALIH, KAMPAR UTARA, KAMPAR, RIAU",6,5,163,168
https://kawalpemilu.org#84476,"NAGA BERALIH, KAMPAR UTARA, KAMPAR, RIAU",7,11,184,195
https://kawalpemilu.org#14389,"SIMALINYANG, KAMPAR KIRI TENGAH, KAMPAR, RIAU",1,32,88,120
https://kawalpemilu.org#14389,"SIMALINYANG, KAMPAR KIRI TENGAH, KAMPAR, RIAU",2,30,141,171
https://kawalpemilu.org#14389,"SIMALINYANG, KAMPAR KIRI TENGAH, KAMPAR, RIAU",3,49,72,121
https://kawalpemilu.org#14389,"SIMALINYANG, KAMPAR KIRI TENGAH, KAMPAR, RIAU",4,36,120,156
https://kawalpemilu.org#14389,"SIMALINYANG, KAMPAR KIRI TENGAH, KAMPAR, RIAU",5,27,97,124
https://kawalpemilu.org#14389,"SIMALINYANG, KAMPAR KIRI TENGAH, KAMPAR, RIAU",6,34,107,141
https://kawalpemilu.org#14389,"SIMALINYANG, KAMPAR KIRI TENGAH, KAMPAR, RIAU",7,33,132,165
https://kawalpemilu.org#14389,"SIMALINYANG, KAMPAR KIRI TENGAH, KAMPAR, RIAU",8,48,126,174
https://kawalpemilu.org#14389,"SIMALINYANG, KAMPAR KIRI TENGAH, KAMPAR, RIAU",9,26,93,119
https://kawalpemilu.org#14389,"SIMALINYANG, KAMPAR KIRI TENGAH, KAMPAR, RIAU",10,47,113,160
https://kawalpemilu.org#14389,"SIMALINYANG, KAMPAR KIRI TENGAH, KAMPAR, RIAU",11,43,93,136
https://kawalpemilu.org#14389,"SIMALINYANG, KAMPAR KIRI TENGAH, KAMPAR, RIAU",12,58,88,146
https://kawalpemilu.org#14390,"BINA BARU, KAMPAR KIRI TENGAH, KAMPAR, RIAU",1,102,77,179
https://kawalpemilu.org#14390,"BINA BARU, KAMPAR KIRI TENGAH, KAMPAR, RIAU",2,75,73,148
https://kawalpemilu.org#14390,"BINA BARU, KAMPAR KIRI TENGAH, KAMPAR, RIAU",3,81,47,128
https://kawalpemilu.org#14390,"BINA BARU, KAMPAR KIRI TENGAH, KAMPAR, RIAU",4,120,52,172
https://kawalpemilu.org#14390,"BINA BARU, KAMPAR KIRI TENGAH, KAMPAR, RIAU",5,94,47,141
https://kawalpemilu.org#14390,"BINA BARU, KAMPAR KIRI TENGAH, KAMPAR, RIAU",6,91,59,150
https://kawalpemilu.org#14390,"BINA BARU, KAMPAR KIRI TENGAH, KAMPAR, RIAU",7,101,74,175
https://kawalpemilu.org#14390,"BINA BARU, KAMPAR KIRI TENGAH, KAMPAR, RIAU",8,90,62,152
https://kawalpemilu.org#14390,"BINA BARU, KAMPAR KIRI TENGAH, KAMPAR, RIAU",9,86,96,182
https://kawalpemilu.org#14390,"BINA BARU, KAMPAR KIRI TENGAH, KAMPAR, RIAU",10,94,71,165
https://kawalpemilu.org#14390,"BINA BARU, KAMPAR KIRI TENGAH, KAMPAR, RIAU",11,106,43,149
https://kawalpemilu.org#14390,"BINA BARU, KAMPAR KIRI TENGAH, KAMPAR, RIAU",12,116,34,150
https://kawalpemilu.org#14390,"BINA BARU, KAMPAR KIRI TENGAH, KAMPAR, RIAU",13,116,69,185
https://kawalpemilu.org#14390,"BINA BARU, KAMPAR KIRI TENGAH, KAMPAR, RIAU",14,83,57,140
https://kawalpemilu.org#14390,"BINA BARU, KAMPAR KIRI TENGAH, KAMPAR, RIAU",15,77,54,131
https://kawalpemilu.org#14390,"BINA BARU, KAMPAR KIRI TENGAH, KAMPAR, RIAU",16,111,64,175
https://kawalpemilu.org#14390,"BINA BARU, KAMPAR KIRI TENGAH, KAMPAR, RIAU",17,106,67,173
https://kawalpemilu.org#14390,"BINA BARU, KAMPAR KIRI TENGAH, KAMPAR, RIAU",18,78,124,202
https://kawalpemilu.org#14391,"HIDUP BARU, KAMPAR KIRI TENGAH, KAMPAR, RIAU",1,68,96,164
https://kawalpemilu.org#14391,"HIDUP BARU, KAMPAR KIRI TENGAH, KAMPAR, RIAU",2,58,93,151
https://kawalpemilu.org#14391,"HIDUP BARU, KAMPAR KIRI TENGAH, KAMPAR, RIAU",3,52,101,153
https://kawalpemilu.org#14391,"HIDUP BARU, KAMPAR KIRI TENGAH, KAMPAR, RIAU",4,86,78,164
https://kawalpemilu.org#14391,"HIDUP BARU, KAMPAR KIRI TENGAH, KAMPAR, RIAU",5,143,65,208
https://kawalpemilu.org#14391,"HIDUP BARU, KAMPAR KIRI TENGAH, KAMPAR, RIAU",6,78,77,155
https://kawalpemilu.org#14391,"HIDUP BARU, KAMPAR KIRI TENGAH, KAMPAR, RIAU",7,57,95,152
https://kawalpemilu.org#14391,"HIDUP BARU, KAMPAR KIRI TENGAH, KAMPAR, RIAU",8,36,110,146
https://kawalpemilu.org#14391,"HIDUP BARU, KAMPAR KIRI TENGAH, KAMPAR, RIAU",9,72,69,141
https://kawalpemilu.org#14392,"KARYA BAKTI, KAMPAR KIRI TENGAH, KAMPAR, RIAU",1,98,37,135
https://kawalpemilu.org#14392,"KARYA BAKTI, KAMPAR KIRI TENGAH, KAMPAR, RIAU",2,107,51,158
https://kawalpemilu.org#14392,"KARYA BAKTI, KAMPAR KIRI TENGAH, KAMPAR, RIAU",3,68,69,137
https://kawalpemilu.org#14392,"KARYA BAKTI, KAMPAR KIRI TENGAH, KAMPAR, RIAU",4,115,55,170
https://kawalpemilu.org#14392,"KARYA BAKTI, KAMPAR KIRI TENGAH, KAMPAR, RIAU",5,105,52,157
https://kawalpemilu.org#14392,"KARYA BAKTI, KAMPAR KIRI TENGAH, KAMPAR, RIAU",6,103,68,171
https://kawalpemilu.org#14392,"KARYA BAKTI, KAMPAR KIRI TENGAH, KAMPAR, RIAU",7,78,52,132
https://kawalpemilu.org#14392,"KARYA BAKTI, KAMPAR KIRI TENGAH, KAMPAR, RIAU",8,120,65,185
https://kawalpemilu.org#14393,"LUBUK SAKAI, KAMPAR KIRI TENGAH, KAMPAR, RIAU",1,150,51,201
https://kawalpemilu.org#14393,"LUBUK SAKAI, KAMPAR KIRI TENGAH, KAMPAR, RIAU",2,130,80,210
https://kawalpemilu.org#14393,"LUBUK SAKAI, KAMPAR KIRI TENGAH, KAMPAR, RIAU",3,137,37,174
https://kawalpemilu.org#14393,"LUBUK SAKAI, KAMPAR KIRI TENGAH, KAMPAR, RIAU",4,157,26,183
https://kawalpemilu.org#14393,"LUBUK SAKAI, KAMPAR KIRI TENGAH, KAMPAR, RIAU",5,158,65,223
https://kawalpemilu.org#14393,"LUBUK SAKAI, KAMPAR KIRI TENGAH, KAMPAR, RIAU",6,112,65,177
https://kawalpemilu.org#14394,"PENGHIDUPAN, KAMPAR KIRI TENGAH, KAMPAR, RIAU",1,48,164,212
https://kawalpemilu.org#14394,"PENGHIDUPAN, KAMPAR KIRI TENGAH, KAMPAR, RIAU",2,46,139,185
https://kawalpemilu.org#14394,"PENGHIDUPAN, KAMPAR KIRI TENGAH, KAMPAR, RIAU",3,67,127,194
https://kawalpemilu.org#14394,"PENGHIDUPAN, KAMPAR KIRI TENGAH, KAMPAR, RIAU",4,59,49,108
https://kawalpemilu.org#14394,"PENGHIDUPAN, KAMPAR KIRI TENGAH, KAMPAR, RIAU",5,72,82,154
https://kawalpemilu.org#14394,"PENGHIDUPAN, KAMPAR KIRI TENGAH, KAMPAR, RIAU",6,61,85,146
https://kawalpemilu.org#14394,"PENGHIDUPAN, KAMPAR KIRI TENGAH, KAMPAR, RIAU",7,48,163,211
https://kawalpemilu.org#14394,"PENGHIDUPAN, KAMPAR KIRI TENGAH, KAMPAR, RIAU",8,37,132,169
https://kawalpemilu.org#14394,"PENGHIDUPAN, KAMPAR KIRI TENGAH, KAMPAR, RIAU",9,49,103,152
https://kawalpemilu.org#14394,"PENGHIDUPAN, KAMPAR KIRI TENGAH, KAMPAR, RIAU",10,49,59,108
https://kawalpemilu.org#14394,"PENGHIDUPAN, KAMPAR KIRI TENGAH, KAMPAR, RIAU",11,62,67,129
https://kawalpemilu.org#14394,"PENGHIDUPAN, KAMPAR KIRI TENGAH, KAMPAR, RIAU",12,60,89,149
https://kawalpemilu.org#14395,"MAYANG PONGKAI, KAMPAR KIRI TENGAH, KAMPAR, RIAU",1,78,138,216
https://kawalpemilu.org#14395,"MAYANG PONGKAI, KAMPAR KIRI TENGAH, KAMPAR, RIAU",2,41,108,149
https://kawalpemilu.org#14395,"MAYANG PONGKAI, KAMPAR KIRI TENGAH, KAMPAR, RIAU",3,28,140,168
https://kawalpemilu.org#14395,"MAYANG PONGKAI, KAMPAR KIRI TENGAH, KAMPAR, RIAU",4,25,124,149
https://kawalpemilu.org#14395,"MAYANG PONGKAI, KAMPAR KIRI TENGAH, KAMPAR, RIAU",5,47,138,185
https://kawalpemilu.org#14395,"MAYANG PONGKAI, KAMPAR KIRI TENGAH, KAMPAR, RIAU",6,25,115,140
https://kawalpemilu.org#14395,"MAYANG PONGKAI, KAMPAR KIRI TENGAH, KAMPAR, RIAU",7,62,119,181
https://kawalpemilu.org#14395,"MAYANG PONGKAI, KAMPAR KIRI TENGAH, KAMPAR, RIAU",8,30,93,123
https://kawalpemilu.org#14396,"KOTO DAMAI, KAMPAR KIRI TENGAH, KAMPAR, RIAU",1,93,99,192
https://kawalpemilu.org#14396,"KOTO DAMAI, KAMPAR KIRI TENGAH, KAMPAR, RIAU",2,139,53,192
https://kawalpemilu.org#14396,"KOTO DAMAI, KAMPAR KIRI TENGAH, KAMPAR, RIAU",3,114,54,168
https://kawalpemilu.org#14396,"KOTO DAMAI, KAMPAR KIRI TENGAH, KAMPAR, RIAU",4,128,62,190
https://kawalpemilu.org#14396,"KOTO DAMAI, KAMPAR KIRI TENGAH, KAMPAR, RIAU",5,139,60,199
https://kawalpemilu.org#14396,"KOTO DAMAI, KAMPAR KIRI TENGAH, KAMPAR, RIAU",6,129,62,191
https://kawalpemilu.org#14397,"UTAMA KARYA, KAMPAR KIRI TENGAH, KAMPAR, RIAU",1,119,56,175
https://kawalpemilu.org#14397,"UTAMA KARYA, KAMPAR KIRI TENGAH, KAMPAR, RIAU",2,151,34,185
https://kawalpemilu.org#14397,"UTAMA KARYA, KAMPAR KIRI TENGAH, KAMPAR, RIAU",3,136,47,183
https://kawalpemilu.org#14397,"UTAMA KARYA, KAMPAR KIRI TENGAH, KAMPAR, RIAU",4,131,38,169
https://kawalpemilu.org#14398,"BUKIT SAKAI, KAMPAR KIRI TENGAH, KAMPAR, RIAU",1,111,72,183
https://kawalpemilu.org#14398,"BUKIT SAKAI, KAMPAR KIRI TENGAH, KAMPAR, RIAU",2,105,65,170
https://kawalpemilu.org#14398,"BUKIT SAKAI, KAMPAR KIRI TENGAH, KAMPAR, RIAU",3,90,82,172
https://kawalpemilu.org#14398,"BUKIT SAKAI, KAMPAR KIRI TENGAH, KAMPAR, RIAU",4,81,78,159
https://kawalpemilu.org#14399,"MEKAR JAYA, KAMPAR KIRI TENGAH, KAMPAR, RIAU",1,72,111,183
https://kawalpemilu.org#14399,"MEKAR JAYA, KAMPAR KIRI TENGAH, KAMPAR, RIAU",2,72,83,155
https://kawalpemilu.org#14399,"MEKAR JAYA, KAMPAR KIRI TENGAH, KAMPAR, RIAU",3,66,129,195
https://kawalpemilu.org#14399,"MEKAR JAYA, KAMPAR KIRI TENGAH, KAMPAR, RIAU",4,81,76,157
https://kawalpemilu.org#14399,"MEKAR JAYA, KAMPAR KIRI TENGAH, KAMPAR, RIAU",5,63,98,161
https://kawalpemilu.org#14399,"MEKAR JAYA, KAMPAR KIRI TENGAH, KAMPAR, RIAU",6,88,95,183
https://kawalpemilu.org#14401,"KEBUN DURIAN, GUNUNG SAHILAN, KAMPAR, RIAU",1,28,168,196
https://kawalpemilu.org#14401,"KEBUN DURIAN, GUNUNG SAHILAN, KAMPAR, RIAU",2,24,164,188
https://kawalpemilu.org#14401,"KEBUN DURIAN, GUNUNG SAHILAN, KAMPAR, RIAU",3,30,187,217
https://kawalpemilu.org#14401,"KEBUN DURIAN, GUNUNG SAHILAN, KAMPAR, RIAU",4,133,99,232
https://kawalpemilu.org#14401,"KEBUN DURIAN, GUNUNG SAHILAN, KAMPAR, RIAU",5,31,180,211
https://kawalpemilu.org#14401,"KEBUN DURIAN, GUNUNG SAHILAN, KAMPAR, RIAU",6,39,160,199
https://kawalpemilu.org#14401,"KEBUN DURIAN, GUNUNG SAHILAN, KAMPAR, RIAU",7,29,177,206
https://kawalpemilu.org#14402,"GUNUNG SAHILAN, GUNUNG SAHILAN, KAMPAR, RIAU",1,62,195,257
https://kawalpemilu.org#14402,"GUNUNG SAHILAN, GUNUNG SAHILAN, KAMPAR, RIAU",2,58,118,176
https://kawalpemilu.org#14402,"GUNUNG SAHILAN, GUNUNG SAHILAN, KAMPAR, RIAU",3,104,41,145
https://kawalpemilu.org#14402,"GUNUNG SAHILAN, GUNUNG SAHILAN, KAMPAR, RIAU",4,38,122,160
https://kawalpemilu.org#14403,"GUNUNG SARI, GUNUNG SAHILAN, KAMPAR, RIAU",1,143,66,209
https://kawalpemilu.org#14403,"GUNUNG SARI, GUNUNG SAHILAN, KAMPAR, RIAU",2,168,59,227
https://kawalpemilu.org#14403,"GUNUNG SARI, GUNUNG SAHILAN, KAMPAR, RIAU",3,111,32,143
https://kawalpemilu.org#14403,"GUNUNG SARI, GUNUNG SAHILAN, KAMPAR, RIAU",4,158,79,237
https://kawalpemilu.org#14403,"GUNUNG SARI, GUNUNG SAHILAN, KAMPAR, RIAU",5,120,11,131
https://kawalpemilu.org#14403,"GUNUNG SARI, GUNUNG SAHILAN, KAMPAR, RIAU",6,121,27,148
https://kawalpemilu.org#14403,"GUNUNG SARI, GUNUNG SAHILAN, KAMPAR, RIAU",7,110,39,149
https://kawalpemilu.org#14403,"GUNUNG SARI, GUNUNG SAHILAN, KAMPAR, RIAU",8,60,16,76
https://kawalpemilu.org#14403,"GUNUNG SARI, GUNUNG SAHILAN, KAMPAR, RIAU",9,80,15,95
https://kawalpemilu.org#14403,"GUNUNG SARI, GUNUNG SAHILAN, KAMPAR, RIAU",10,99,46,145
https://kawalpemilu.org#14403,"GUNUNG SARI, GUNUNG SAHILAN, KAMPAR, RIAU",11,119,10,129
https://kawalpemilu.org#14403,"GUNUNG SARI, GUNUNG SAHILAN, KAMPAR, RIAU",12,132,25,157
https://kawalpemilu.org#14403,"GUNUNG SARI, GUNUNG SAHILAN, KAMPAR, RIAU",13,93,5,98
https://kawalpemilu.org#14404,"SUKA MAKMUR, GUNUNG SAHILAN, KAMPAR, RIAU",1,110,82,192
https://kawalpemilu.org#14404,"SUKA MAKMUR, GUNUNG SAHILAN, KAMPAR, RIAU",2,178,67,245
https://kawalpemilu.org#14404,"SUKA MAKMUR, GUNUNG SAHILAN, KAMPAR, RIAU",3,130,105,235
https://kawalpemilu.org#14404,"SUKA MAKMUR, GUNUNG SAHILAN, KAMPAR, RIAU",4,103,86,189
https://kawalpemilu.org#14404,"SUKA MAKMUR, GUNUNG SAHILAN, KAMPAR, RIAU",5,112,62,174
https://kawalpemilu.org#14404,"SUKA MAKMUR, GUNUNG SAHILAN, KAMPAR, RIAU",6,164,58,222
https://kawalpemilu.org#14404,"SUKA MAKMUR, GUNUNG SAHILAN, KAMPAR, RIAU",7,138,92,230
https://kawalpemilu.org#14405,"SUBARAK, GUNUNG SAHILAN, KAMPAR, RIAU",1,63,136,199
https://kawalpemilu.org#14405,"SUBARAK, GUNUNG SAHILAN, KAMPAR, RIAU",2,60,108,168
https://kawalpemilu.org#14405,"SUBARAK, GUNUNG SAHILAN, KAMPAR, RIAU",3,54,147,201
https://kawalpemilu.org#14405,"SUBARAK, GUNUNG SAHILAN, KAMPAR, RIAU",4,105,30,135
https://kawalpemilu.org#84477,"SUNGAILIPAI, GUNUNG SAHILAN, KAMPAR, RIAU",1,42,145,187
https://kawalpemilu.org#84477,"SUNGAILIPAI, GUNUNG SAHILAN, KAMPAR, RIAU",2,36,121,157
https://kawalpemilu.org#84477,"SUNGAILIPAI, GUNUNG SAHILAN, KAMPAR, RIAU",3,63,106,169
https://kawalpemilu.org#84477,"SUNGAILIPAI, GUNUNG SAHILAN, KAMPAR, RIAU",4,51,138,189
https://kawalpemilu.org#84477,"SUNGAILIPAI, GUNUNG SAHILAN, KAMPAR, RIAU",5,50,100,150
https://kawalpemilu.org#84477,"SUNGAILIPAI, GUNUNG SAHILAN, KAMPAR, RIAU",6,51,77,128
https://kawalpemilu.org#84478,"SAHILAN DARUSSALAM, GUNUNG SAHILAN, KAMPAR, RIAU",1,34,172,206
https://kawalpemilu.org#84478,"SAHILAN DARUSSALAM, GUNUNG SAHILAN, KAMPAR, RIAU",2,38,191,229
https://kawalpemilu.org#84478,"SAHILAN DARUSSALAM, GUNUNG SAHILAN, KAMPAR, RIAU",3,22,178,200
https://kawalpemilu.org#84479,"GUNUNGMULYA, GUNUNG SAHILAN, KAMPAR, RIAU",1,141,30,171
https://kawalpemilu.org#84479,"GUNUNGMULYA, GUNUNG SAHILAN, KAMPAR, RIAU",2,136,32,168
https://kawalpemilu.org#84479,"GUNUNGMULYA, GUNUNG SAHILAN, KAMPAR, RIAU",3,151,23,174
https://kawalpemilu.org#84479,"GUNUNGMULYA, GUNUNG SAHILAN, KAMPAR, RIAU",4,151,38,189
https://kawalpemilu.org#84479,"GUNUNGMULYA, GUNUNG SAHILAN, KAMPAR, RIAU",5,171,42,213
https://kawalpemilu.org#84479,"GUNUNGMULYA, GUNUNG SAHILAN, KAMPAR, RIAU",6,118,28,146
https://kawalpemilu.org#84479,"GUNUNGMULYA, GUNUNG SAHILAN, KAMPAR, RIAU",7,114,38,152
https://kawalpemilu.org#84480,"MAKMUR SEJAHTERA, GUNUNG SAHILAN, KAMPAR, RIAU",1,144,40,184
https://kawalpemilu.org#84480,"MAKMUR SEJAHTERA, GUNUNG SAHILAN, KAMPAR, RIAU",2,107,29,136
https://kawalpemilu.org#84480,"MAKMUR SEJAHTERA, GUNUNG SAHILAN, KAMPAR, RIAU",3,162,34,196
https://kawalpemilu.org#84480,"MAKMUR SEJAHTERA, GUNUNG SAHILAN, KAMPAR, RIAU",4,135,44,179
https://kawalpemilu.org#84480,"MAKMUR SEJAHTERA, GUNUNG SAHILAN, KAMPAR, RIAU",5,114,34,148
https://kawalpemilu.org#84480,"MAKMUR SEJAHTERA, GUNUNG SAHILAN, KAMPAR, RIAU",6,159,41,200
https://kawalpemilu.org#14408,"SIBERUANG, KOTO KAMPAR HULU, KAMPAR, RIAU",1,27,158,185
https://kawalpemilu.org#14408,"SIBERUANG, KOTO KAMPAR HULU, KAMPAR, RIAU",2,11,183,194
https://kawalpemilu.org#14408,"SIBERUANG, KOTO KAMPAR HULU, KAMPAR, RIAU",3,10,194,204
https://kawalpemilu.org#14408,"SIBERUANG, KOTO KAMPAR HULU, KAMPAR, RIAU",4,11,81,92
https://kawalpemilu.org#14408,"SIBERUANG, KOTO KAMPAR HULU, KAMPAR, RIAU",5,55,160,215
https://kawalpemilu.org#14408,"SIBERUANG, KOTO KAMPAR HULU, KAMPAR, RIAU",6,112,113,225
https://kawalpemilu.org#14408,"SIBERUANG, KOTO KAMPAR HULU, KAMPAR, RIAU",7,108,58,166
https://kawalpemilu.org#14408,"SIBERUANG, KOTO KAMPAR HULU, KAMPAR, RIAU",8,10,156,166
https://kawalpemilu.org#14408,"SIBERUANG, KOTO KAMPAR HULU, KAMPAR, RIAU",9,16,187,203
https://kawalpemilu.org#14408,"SIBERUANG, KOTO KAMPAR HULU, KAMPAR, RIAU",10,14,197,211
https://kawalpemilu.org#14408,"SIBERUANG, KOTO KAMPAR HULU, KAMPAR, RIAU",11,110,54,164
https://kawalpemilu.org#14409,"BANDUR PICAK, KOTO KAMPAR HULU, KAMPAR, RIAU",1,10,121,131
https://kawalpemilu.org#14409,"BANDUR PICAK, KOTO KAMPAR HULU, KAMPAR, RIAU",2,14,199,213
https://kawalpemilu.org#14409,"BANDUR PICAK, KOTO KAMPAR HULU, KAMPAR, RIAU",3,45,142,187
https://kawalpemilu.org#14409,"BANDUR PICAK, KOTO KAMPAR HULU, KAMPAR, RIAU",4,8,190,198
https://kawalpemilu.org#14409,"BANDUR PICAK, KOTO KAMPAR HULU, KAMPAR, RIAU",5,9,160,169
https://kawalpemilu.org#14409,"BANDUR PICAK, KOTO KAMPAR HULU, KAMPAR, RIAU",6,9,189,198
https://kawalpemilu.org#14409,"BANDUR PICAK, KOTO KAMPAR HULU, KAMPAR, RIAU",7,8,192,200
https://kawalpemilu.org#14409,"BANDUR PICAK, KOTO KAMPAR HULU, KAMPAR, RIAU",8,48,135,183
https://kawalpemilu.org#14409,"BANDUR PICAK, KOTO KAMPAR HULU, KAMPAR, RIAU",9,7,161,168
https://kawalpemilu.org#14409,"BANDUR PICAK, KOTO KAMPAR HULU, KAMPAR, RIAU",10,9,116,125
https://kawalpemilu.org#14410,"GUNUNG MALELO, KOTO KAMPAR HULU, KAMPAR, RIAU",1,28,200,228
https://kawalpemilu.org#14410,"GUNUNG MALELO, KOTO KAMPAR HULU, KAMPAR, RIAU",2,13,162,175
https://kawalpemilu.org#14410,"GUNUNG MALELO, KOTO KAMPAR HULU, KAMPAR, RIAU",4,24,224,248
https://kawalpemilu.org#14410,"GUNUNG MALELO, KOTO KAMPAR HULU, KAMPAR, RIAU",5,39,67,106
https://kawalpemilu.org#14410,"GUNUNG MALELO, KOTO KAMPAR HULU, KAMPAR, RIAU",6,53,89,142
https://kawalpemilu.org#14410,"GUNUNG MALELO, KOTO KAMPAR HULU, KAMPAR, RIAU",8,79,78,157
https://kawalpemilu.org#14410,"GUNUNG MALELO, KOTO KAMPAR HULU, KAMPAR, RIAU",9,141,80,221
https://kawalpemilu.org#14410,"GUNUNG MALELO, KOTO KAMPAR HULU, KAMPAR, RIAU",10,78,22,100
https://kawalpemilu.org#14410,"GUNUNG MALELO, KOTO KAMPAR HULU, KAMPAR, RIAU",11,147,50,197
https://kawalpemilu.org#14410,"GUNUNG MALELO, KOTO KAMPAR HULU, KAMPAR, RIAU",12,64,26,90
https://kawalpemilu.org#14410,"GUNUNG MALELO, KOTO KAMPAR HULU, KAMPAR, RIAU",13,22,170,192
https://kawalpemilu.org#14410,"GUNUNG MALELO, KOTO KAMPAR HULU, KAMPAR, RIAU",14,22,155,177
https://kawalpemilu.org#14410,"GUNUNG MALELO, KOTO KAMPAR HULU, KAMPAR, RIAU",15,60,92,152
https://kawalpemilu.org#14411,"TABING, KOTO KAMPAR HULU, KAMPAR, RIAU",1,14,205,219
https://kawalpemilu.org#14411,"TABING, KOTO KAMPAR HULU, KAMPAR, RIAU",2,5,176,181
https://kawalpemilu.org#14411,"TABING, KOTO KAMPAR HULU, KAMPAR, RIAU",3,16,196,212
https://kawalpemilu.org#14411,"TABING, KOTO KAMPAR HULU, KAMPAR, RIAU",4,8,127,135
https://kawalpemilu.org#14411,"TABING, KOTO KAMPAR HULU, KAMPAR, RIAU",5,7,196,203
https://kawalpemilu.org#14411,"TABING, KOTO KAMPAR HULU, KAMPAR, RIAU",6,8,129,137
https://kawalpemilu.org#14412,"PONGKAI, KOTO KAMPAR HULU, KAMPAR, RIAU",1,33,93,126
https://kawalpemilu.org#14412,"PONGKAI, KOTO KAMPAR HULU, KAMPAR, RIAU",2,71,107,178
https://kawalpemilu.org#14412,"PONGKAI, KOTO KAMPAR HULU, KAMPAR, RIAU",3,44,78,122
https://kawalpemilu.org#14412,"PONGKAI, KOTO KAMPAR HULU, KAMPAR, RIAU",4,40,145,185
https://kawalpemilu.org#14413,"TANJUNG, KOTO KAMPAR HULU, KAMPAR, RIAU",1,20,207,227
https://kawalpemilu.org#14413,"TANJUNG, KOTO KAMPAR HULU, KAMPAR, RIAU",2,14,148,162
https://kawalpemilu.org#14413,"TANJUNG, KOTO KAMPAR HULU, KAMPAR, RIAU",3,6,177,183
https://kawalpemilu.org#14413,"TANJUNG, KOTO KAMPAR HULU, KAMPAR, RIAU",4,23,185,208
https://kawalpemilu.org#14413,"TANJUNG, KOTO KAMPAR HULU, KAMPAR, RIAU",5,8,177,185
https://kawalpemilu.org#14413,"TANJUNG, KOTO KAMPAR HULU, KAMPAR, RIAU",6,14,195,209
https://kawalpemilu.org#14413,"TANJUNG, KOTO KAMPAR HULU, KAMPAR, RIAU",7,8,168,176
https://kawalpemilu.org#14413,"TANJUNG, KOTO KAMPAR HULU, KAMPAR, RIAU",8,7,147,154
https://kawalpemilu.org#14413,"TANJUNG, KOTO KAMPAR HULU, KAMPAR, RIAU",9,19,165,184
https://kawalpemilu.org#14413,"TANJUNG, KOTO KAMPAR HULU, KAMPAR, RIAU",10,18,129,147
https://kawalpemilu.org#14413,"TANJUNG, KOTO KAMPAR HULU, KAMPAR, RIAU",11,15,135,150
https://kawalpemilu.org#14413,"TANJUNG, KOTO KAMPAR HULU, KAMPAR, RIAU",12,6,157,163
https://kawalpemilu.org#14413,"TANJUNG, KOTO KAMPAR HULU, KAMPAR, RIAU",13,2,152,154
https://kawalpemilu.org#14413,"TANJUNG, KOTO KAMPAR HULU, KAMPAR, RIAU",14,8,137,145
https://kawalpemilu.org#14416,"KAMPUNG DAGANG, RENGAT, INDRAGIRI HULU, RIAU",1,34,220,254
https://kawalpemilu.org#14416,"KAMPUNG DAGANG, RENGAT, INDRAGIRI HULU, RIAU",2,42,199,241
https://kawalpemilu.org#14416,"KAMPUNG DAGANG, RENGAT, INDRAGIRI HULU, RIAU",3,59,196,255
https://kawalpemilu.org#14416,"KAMPUNG DAGANG, RENGAT, INDRAGIRI HULU, RIAU",4,30,169,199
https://kawalpemilu.org#14416,"KAMPUNG DAGANG, RENGAT, INDRAGIRI HULU, RIAU",5,26,108,134
https://kawalpemilu.org#14416,"KAMPUNG DAGANG, RENGAT, INDRAGIRI HULU, RIAU",6,45,195,240
https://kawalpemilu.org#14416,"KAMPUNG DAGANG, RENGAT, INDRAGIRI HULU, RIAU",7,46,210,256
https://kawalpemilu.org#14416,"KAMPUNG DAGANG, RENGAT, INDRAGIRI HULU, RIAU",8,53,183,236
https://kawalpemilu.org#14416,"KAMPUNG DAGANG, RENGAT, INDRAGIRI HULU, RIAU",9,46,188,234
https://kawalpemilu.org#14416,"KAMPUNG DAGANG, RENGAT, INDRAGIRI HULU, RIAU",10,20,194,214
https://kawalpemilu.org#14416,"KAMPUNG DAGANG, RENGAT, INDRAGIRI HULU, RIAU",11,42,224,266
https://kawalpemilu.org#14416,"KAMPUNG DAGANG, RENGAT, INDRAGIRI HULU, RIAU",12,43,162,205
https://kawalpemilu.org#14416,"KAMPUNG DAGANG, RENGAT, INDRAGIRI HULU, RIAU",13,41,181,222
https://kawalpemilu.org#14416,"KAMPUNG DAGANG, RENGAT, INDRAGIRI HULU, RIAU",14,22,122,144
https://kawalpemilu.org#14417,"PASAR KOTA, RENGAT, INDRAGIRI HULU, RIAU",2,112,12,124
https://kawalpemilu.org#14417,"PASAR KOTA, RENGAT, INDRAGIRI HULU, RIAU",3,142,13,155
https://kawalpemilu.org#14418,"KAMPUNG BESAR KOTA, RENGAT, INDRAGIRI HULU, RIAU",1,26,186,212
https://kawalpemilu.org#14418,"KAMPUNG BESAR KOTA, RENGAT, INDRAGIRI HULU, RIAU",2,31,151,182
https://kawalpemilu.org#14418,"KAMPUNG BESAR KOTA, RENGAT, INDRAGIRI HULU, RIAU",3,24,185,209
https://kawalpemilu.org#14418,"KAMPUNG BESAR KOTA, RENGAT, INDRAGIRI HULU, RIAU",4,23,180,203
https://kawalpemilu.org#14418,"KAMPUNG BESAR KOTA, RENGAT, INDRAGIRI HULU, RIAU",5,31,115,146
https://kawalpemilu.org#14418,"KAMPUNG BESAR KOTA, RENGAT, INDRAGIRI HULU, RIAU",6,58,123,181
https://kawalpemilu.org#14418,"KAMPUNG BESAR KOTA, RENGAT, INDRAGIRI HULU, RIAU",7,38,108,146
https://kawalpemilu.org#14418,"KAMPUNG BESAR KOTA, RENGAT, INDRAGIRI HULU, RIAU",8,56,135,191
https://kawalpemilu.org#14418,"KAMPUNG BESAR KOTA, RENGAT, INDRAGIRI HULU, RIAU",9,69,61,130
https://kawalpemilu.org#14418,"KAMPUNG BESAR KOTA, RENGAT, INDRAGIRI HULU, RIAU",10,39,91,130
https://kawalpemilu.org#14418,"KAMPUNG BESAR KOTA, RENGAT, INDRAGIRI HULU, RIAU",11,55,98,153
https://kawalpemilu.org#14418,"KAMPUNG BESAR KOTA, RENGAT, INDRAGIRI HULU, RIAU",12,35,200,235
https://kawalpemilu.org#14418,"KAMPUNG BESAR KOTA, RENGAT, INDRAGIRI HULU, RIAU",13,41,154,195
https://kawalpemilu.org#14418,"KAMPUNG BESAR KOTA, RENGAT, INDRAGIRI HULU, RIAU",14,42,153,195
https://kawalpemilu.org#14418,"KAMPUNG BESAR KOTA, RENGAT, INDRAGIRI HULU, RIAU",15,37,141,178
https://kawalpemilu.org#14418,"KAMPUNG BESAR KOTA, RENGAT, INDRAGIRI HULU, RIAU",16,33,133,166
https://kawalpemilu.org#14418,"KAMPUNG BESAR KOTA, RENGAT, INDRAGIRI HULU, RIAU",17,37,106,143
https://kawalpemilu.org#14418,"KAMPUNG BESAR KOTA, RENGAT, INDRAGIRI HULU, RIAU",18,33,110,143
https://kawalpemilu.org#14418,"KAMPUNG BESAR KOTA, RENGAT, INDRAGIRI HULU, RIAU",19,20,66,86
https://kawalpemilu.org#14418,"KAMPUNG BESAR KOTA, RENGAT, INDRAGIRI HULU, RIAU",20,49,99,148
https://kawalpemilu.org#14418,"KAMPUNG BESAR KOTA, RENGAT, INDRAGIRI HULU, RIAU",21,27,116,143
https://kawalpemilu.org#14418,"KAMPUNG BESAR KOTA, RENGAT, INDRAGIRI HULU, RIAU",22,34,134,168
https://kawalpemilu.org#14418,"KAMPUNG BESAR KOTA, RENGAT, INDRAGIRI HULU, RIAU",23,22,168,190
https://kawalpemilu.org#14418,"KAMPUNG BESAR KOTA, RENGAT, INDRAGIRI HULU, RIAU",24,29,147,176
https://kawalpemilu.org#14418,"KAMPUNG BESAR KOTA, RENGAT, INDRAGIRI HULU, RIAU",25,38,146,184
https://kawalpemilu.org#14418,"KAMPUNG BESAR KOTA, RENGAT, INDRAGIRI HULU, RIAU",26,37,171,208
https://kawalpemilu.org#14419,"SEKIP HULU, RENGAT, INDRAGIRI HULU, RIAU",1,66,150,216
https://kawalpemilu.org#14419,"SEKIP HULU, RENGAT, INDRAGIRI HULU, RIAU",2,72,141,213
https://kawalpemilu.org#14419,"SEKIP HULU, RENGAT, INDRAGIRI HULU, RIAU",3,83,134,217
https://kawalpemilu.org#14419,"SEKIP HULU, RENGAT, INDRAGIRI HULU, RIAU",4,80,146,226
https://kawalpemilu.org#14419,"SEKIP HULU, RENGAT, INDRAGIRI HULU, RIAU",5,82,156,238
https://kawalpemilu.org#14419,"SEKIP HULU, RENGAT, INDRAGIRI HULU, RIAU",6,69,130,199
https://kawalpemilu.org#14419,"SEKIP HULU, RENGAT, INDRAGIRI HULU, RIAU",7,57,192,249
https://kawalpemilu.org#14419,"SEKIP HULU, RENGAT, INDRAGIRI HULU, RIAU",8,44,183,227
https://kawalpemilu.org#14419,"SEKIP HULU, RENGAT, INDRAGIRI HULU, RIAU",9,37,175,212
https://kawalpemilu.org#14419,"SEKIP HULU, RENGAT, INDRAGIRI HULU, RIAU",10,32,172,204
https://kawalpemilu.org#14419,"SEKIP HULU, RENGAT, INDRAGIRI HULU, RIAU",11,37,165,202
https://kawalpemilu.org#14419,"SEKIP HULU, RENGAT, INDRAGIRI HULU, RIAU",12,41,137,178
https://kawalpemilu.org#14419,"SEKIP HULU, RENGAT, INDRAGIRI HULU, RIAU",13,24,137,161
https://kawalpemilu.org#14419,"SEKIP HULU, RENGAT, INDRAGIRI HULU, RIAU",14,54,131,185
https://kawalpemilu.org#14419,"SEKIP HULU, RENGAT, INDRAGIRI HULU, RIAU",15,55,138,193
https://kawalpemilu.org#14419,"SEKIP HULU, RENGAT, INDRAGIRI HULU, RIAU",16,15,54,69
https://kawalpemilu.org#14420,"KAMPUNG BESAR SEBERANG, RENGAT, INDRAGIRI HULU, RIAU",1,71,143,214
https://kawalpemilu.org#14420,"KAMPUNG BESAR SEBERANG, RENGAT, INDRAGIRI HULU, RIAU",2,44,100,144
https://kawalpemilu.org#14420,"KAMPUNG BESAR SEBERANG, RENGAT, INDRAGIRI HULU, RIAU",3,46,175,221
https://kawalpemilu.org#14420,"KAMPUNG BESAR SEBERANG, RENGAT, INDRAGIRI HULU, RIAU",4,45,173,218
https://kawalpemilu.org#14420,"KAMPUNG BESAR SEBERANG, RENGAT, INDRAGIRI HULU, RIAU",5,47,193,240
https://kawalpemilu.org#14420,"KAMPUNG BESAR SEBERANG, RENGAT, INDRAGIRI HULU, RIAU",6,22,213,235
https://kawalpemilu.org#14420,"KAMPUNG BESAR SEBERANG, RENGAT, INDRAGIRI HULU, RIAU",7,55,102,157
https://kawalpemilu.org#14420,"KAMPUNG BESAR SEBERANG, RENGAT, INDRAGIRI HULU, RIAU",8,58,158,216
https://kawalpemilu.org#14421,"SEKIP HILIR, RENGAT, INDRAGIRI HULU, RIAU",1,59,190,249
https://kawalpemilu.org#14421,"SEKIP HILIR, RENGAT, INDRAGIRI HULU, RIAU",2,34,145,179
https://kawalpemilu.org#14421,"SEKIP HILIR, RENGAT, INDRAGIRI HULU, RIAU",3,44,197,241
https://kawalpemilu.org#14421,"SEKIP HILIR, RENGAT, INDRAGIRI HULU, RIAU",4,61,183,244
https://kawalpemilu.org#14421,"SEKIP HILIR, RENGAT, INDRAGIRI HULU, RIAU",5,61,190,251
https://kawalpemilu.org#14421,"SEKIP HILIR, RENGAT, INDRAGIRI HULU, RIAU",6,75,168,243
https://kawalpemilu.org#14421,"SEKIP HILIR, RENGAT, INDRAGIRI HULU, RIAU",7,74,172,246
https://kawalpemilu.org#14421,"SEKIP HILIR, RENGAT, INDRAGIRI HULU, RIAU",8,66,165,231
https://kawalpemilu.org#14421,"SEKIP HILIR, RENGAT, INDRAGIRI HULU, RIAU",9,71,157,228
https://kawalpemilu.org#14421,"SEKIP HILIR, RENGAT, INDRAGIRI HULU, RIAU",10,60,143,203
https://kawalpemilu.org#14421,"SEKIP HILIR, RENGAT, INDRAGIRI HULU, RIAU",11,11,96,107
https://kawalpemilu.org#14421,"SEKIP HILIR, RENGAT, INDRAGIRI HULU, RIAU",12,57,136,193
https://kawalpemilu.org#14421,"SEKIP HILIR, RENGAT, INDRAGIRI HULU, RIAU",13,74,107,181
https://kawalpemilu.org#14421,"SEKIP HILIR, RENGAT, INDRAGIRI HULU, RIAU",14,35,72,107
https://kawalpemilu.org#14422,"SUNGAI GUNTUNG TENGAH, RENGAT, INDRAGIRI HULU, RIAU",1,46,186,232
https://kawalpemilu.org#14422,"SUNGAI GUNTUNG TENGAH, RENGAT, INDRAGIRI HULU, RIAU",2,42,171,213
https://kawalpemilu.org#14422,"SUNGAI GUNTUNG TENGAH, RENGAT, INDRAGIRI HULU, RIAU",3,61,176,237
https://kawalpemilu.org#14423,"SUNGAI GUNTUNG HILIR, RENGAT, INDRAGIRI HULU, RIAU",1,60,162,222
https://kawalpemilu.org#14423,"SUNGAI GUNTUNG HILIR, RENGAT, INDRAGIRI HULU, RIAU",2,42,178,220
https://kawalpemilu.org#14423,"SUNGAI GUNTUNG HILIR, RENGAT, INDRAGIRI HULU, RIAU",3,36,209,245
https://kawalpemilu.org#14423,"SUNGAI GUNTUNG HILIR, RENGAT, INDRAGIRI HULU, RIAU",4,30,201,231
https://kawalpemilu.org#14424,"KUANTAN BABU, RENGAT, INDRAGIRI HULU, RIAU",1,105,122,227
https://kawalpemilu.org#14424,"KUANTAN BABU, RENGAT, INDRAGIRI HULU, RIAU",2,85,126,211
https://kawalpemilu.org#14424,"KUANTAN BABU, RENGAT, INDRAGIRI HULU, RIAU",3,80,126,206
https://kawalpemilu.org#14424,"KUANTAN BABU, RENGAT, INDRAGIRI HULU, RIAU",4,100,101,201
https://kawalpemilu.org#14424,"KUANTAN BABU, RENGAT, INDRAGIRI HULU, RIAU",5,68,152,220
https://kawalpemilu.org#14424,"KUANTAN BABU, RENGAT, INDRAGIRI HULU, RIAU",6,81,142,223
https://kawalpemilu.org#14424,"KUANTAN BABU, RENGAT, INDRAGIRI HULU, RIAU",7,79,149,228
https://kawalpemilu.org#14424,"KUANTAN BABU, RENGAT, INDRAGIRI HULU, RIAU",8,37,105,142
https://kawalpemilu.org#14424,"KUANTAN BABU, RENGAT, INDRAGIRI HULU, RIAU",9,62,94,156
https://kawalpemilu.org#14424,"KUANTAN BABU, RENGAT, INDRAGIRI HULU, RIAU",10,73,136,209
https://kawalpemilu.org#14425,"KAMPUNG PULAU, RENGAT, INDRAGIRI HULU, RIAU",1,38,188,226
https://kawalpemilu.org#14425,"KAMPUNG PULAU, RENGAT, INDRAGIRI HULU, RIAU",2,43,188,231
https://kawalpemilu.org#14425,"KAMPUNG PULAU, RENGAT, INDRAGIRI HULU, RIAU",3,53,181,234
https://kawalpemilu.org#14425,"KAMPUNG PULAU, RENGAT, INDRAGIRI HULU, RIAU",4,44,198,242
https://kawalpemilu.org#14425,"KAMPUNG PULAU, RENGAT, INDRAGIRI HULU, RIAU",5,42,193,235
https://kawalpemilu.org#14425,"KAMPUNG PULAU, RENGAT, INDRAGIRI HULU, RIAU",6,31,178,209
https://kawalpemilu.org#14425,"KAMPUNG PULAU, RENGAT, INDRAGIRI HULU, RIAU",7,52,189,241
https://kawalpemilu.org#14425,"KAMPUNG PULAU, RENGAT, INDRAGIRI HULU, RIAU",8,41,89,130
https://kawalpemilu.org#14425,"KAMPUNG PULAU, RENGAT, INDRAGIRI HULU, RIAU",9,48,187,235
https://kawalpemilu.org#14426,"SUNGAI BERINGIN, RENGAT, INDRAGIRI HULU, RIAU",1,26,130,156
https://kawalpemilu.org#14426,"SUNGAI BERINGIN, RENGAT, INDRAGIRI HULU, RIAU",2,52,187,239
https://kawalpemilu.org#14426,"SUNGAI BERINGIN, RENGAT, INDRAGIRI HULU, RIAU",3,49,192,241
https://kawalpemilu.org#14426,"SUNGAI BERINGIN, RENGAT, INDRAGIRI HULU, RIAU",4,63,154,217
https://kawalpemilu.org#14426,"SUNGAI BERINGIN, RENGAT, INDRAGIRI HULU, RIAU",5,59,158,217
https://kawalpemilu.org#14426,"SUNGAI BERINGIN, RENGAT, INDRAGIRI HULU, RIAU",6,41,157,198
https://kawalpemilu.org#14426,"SUNGAI BERINGIN, RENGAT, INDRAGIRI HULU, RIAU",7,60,169,229
https://kawalpemilu.org#14426,"SUNGAI BERINGIN, RENGAT, INDRAGIRI HULU, RIAU",8,72,161,233
https://kawalpemilu.org#14426,"SUNGAI BERINGIN, RENGAT, INDRAGIRI HULU, RIAU",9,26,172,198
https://kawalpemilu.org#14426,"SUNGAI BERINGIN, RENGAT, INDRAGIRI HULU, RIAU",10,32,180,212
https://kawalpemilu.org#14426,"SUNGAI BERINGIN, RENGAT, INDRAGIRI HULU, RIAU",11,30,75,105
https://kawalpemilu.org#14427,"PASIR KEMILU, RENGAT, INDRAGIRI HULU, RIAU",1,45,192,237
https://kawalpemilu.org#14427,"PASIR KEMILU, RENGAT, INDRAGIRI HULU, RIAU",2,31,182,213
https://kawalpemilu.org#14427,"PASIR KEMILU, RENGAT, INDRAGIRI HULU, RIAU",3,28,212,240
https://kawalpemilu.org#14427,"PASIR KEMILU, RENGAT, INDRAGIRI HULU, RIAU",4,55,161,216
https://kawalpemilu.org#14427,"PASIR KEMILU, RENGAT, INDRAGIRI HULU, RIAU",5,70,156,226
https://kawalpemilu.org#14427,"PASIR KEMILU, RENGAT, INDRAGIRI HULU, RIAU",6,50,174,224
https://kawalpemilu.org#14427,"PASIR KEMILU, RENGAT, INDRAGIRI HULU, RIAU",7,37,221,258
https://kawalpemilu.org#14427,"PASIR KEMILU, RENGAT, INDRAGIRI HULU, RIAU",8,36,203,239
https://kawalpemilu.org#14427,"PASIR KEMILU, RENGAT, INDRAGIRI HULU, RIAU",9,26,215,241
https://kawalpemilu.org#14427,"PASIR KEMILU, RENGAT, INDRAGIRI HULU, RIAU",10,45,164,209
https://kawalpemilu.org#14427,"PASIR KEMILU, RENGAT, INDRAGIRI HULU, RIAU",11,36,179,215
https://kawalpemilu.org#14427,"PASIR KEMILU, RENGAT, INDRAGIRI HULU, RIAU",12,40,183,223
https://kawalpemilu.org#14428,"RANTAU MAPESAI, RENGAT, INDRAGIRI HULU, RIAU",1,75,174,249
https://kawalpemilu.org#14428,"RANTAU MAPESAI, RENGAT, INDRAGIRI HULU, RIAU",2,93,139,232
https://kawalpemilu.org#14429,"PULAU GAJAH, RENGAT, INDRAGIRI HULU, RIAU",1,40,104,144
https://kawalpemilu.org#14429,"PULAU GAJAH, RENGAT, INDRAGIRI HULU, RIAU",2,13,153,166
https://kawalpemilu.org#14430,"SUNGAI RAYA, RENGAT, INDRAGIRI HULU, RIAU",2,40,125,165
https://kawalpemilu.org#14430,"SUNGAI RAYA, RENGAT, INDRAGIRI HULU, RIAU",3,55,168,223
https://kawalpemilu.org#14430,"SUNGAI RAYA, RENGAT, INDRAGIRI HULU, RIAU",4,25,185,210
https://kawalpemilu.org#14430,"SUNGAI RAYA, RENGAT, INDRAGIRI HULU, RIAU",5,33,78,111
https://kawalpemilu.org#14431,"RAWA BANGUN, RENGAT, INDRAGIRI HULU, RIAU",1,80,119,199
https://kawalpemilu.org#14431,"RAWA BANGUN, RENGAT, INDRAGIRI HULU, RIAU",2,26,92,118
https://kawalpemilu.org#14431,"RAWA BANGUN, RENGAT, INDRAGIRI HULU, RIAU",3,64,94,158
https://kawalpemilu.org#14431,"RAWA BANGUN, RENGAT, INDRAGIRI HULU, RIAU",4,92,99,191
https://kawalpemilu.org#14435,"PEMATANG REBA, RENGAT BARAT, INDRAGIRI HULU, RIAU",1,26,108,134
https://kawalpemilu.org#14435,"PEMATANG REBA, RENGAT BARAT, INDRAGIRI HULU, RIAU",2,36,189,225
https://kawalpemilu.org#14435,"PEMATANG REBA, RENGAT BARAT, INDRAGIRI HULU, RIAU",3,68,146,214
https://kawalpemilu.org#14435,"PEMATANG REBA, RENGAT BARAT, INDRAGIRI HULU, RIAU",4,35,202,237
https://kawalpemilu.org#14435,"PEMATANG REBA, RENGAT BARAT, INDRAGIRI HULU, RIAU",5,48,154,202
https://kawalpemilu.org#14435,"PEMATANG REBA, RENGAT BARAT, INDRAGIRI HULU, RIAU",6,34,216,250
https://kawalpemilu.org#14435,"PEMATANG REBA, RENGAT BARAT, INDRAGIRI HULU, RIAU",7,48,143,191
https://kawalpemilu.org#14435,"PEMATANG REBA, RENGAT BARAT, INDRAGIRI HULU, RIAU",8,37,199,236
https://kawalpemilu.org#14435,"PEMATANG REBA, RENGAT BARAT, INDRAGIRI HULU, RIAU",9,46,129,175
https://kawalpemilu.org#14435,"PEMATANG REBA, RENGAT BARAT, INDRAGIRI HULU, RIAU",10,65,126,191
https://kawalpemilu.org#14435,"PEMATANG REBA, RENGAT BARAT, INDRAGIRI HULU, RIAU",11,66,102,168
https://kawalpemilu.org#14435,"PEMATANG REBA, RENGAT BARAT, INDRAGIRI HULU, RIAU",12,86,126,212
https://kawalpemilu.org#14435,"PEMATANG REBA, RENGAT BARAT, INDRAGIRI HULU, RIAU",13,62,147,209
https://kawalpemilu.org#14435,"PEMATANG REBA, RENGAT BARAT, INDRAGIRI HULU, RIAU",14,84,123,207
https://kawalpemilu.org#14435,"PEMATANG REBA, RENGAT BARAT, INDRAGIRI HULU, RIAU",15,76,161,237
https://kawalpemilu.org#14435,"PEMATANG REBA, RENGAT BARAT, INDRAGIRI HULU, RIAU",16,60,154,214
https://kawalpemilu.org#14435,"PEMATANG REBA, RENGAT BARAT, INDRAGIRI HULU, RIAU",17,36,191,227
https://kawalpemilu.org#14435,"PEMATANG REBA, RENGAT BARAT, INDRAGIRI HULU, RIAU",18,29,151,180
https://kawalpemilu.org#14435,"PEMATANG REBA, RENGAT BARAT, INDRAGIRI HULU, RIAU",19,44,162,206
https://kawalpemilu.org#14435,"PEMATANG REBA, RENGAT BARAT, INDRAGIRI HULU, RIAU",20,60,130,190
https://kawalpemilu.org#14435,"PEMATANG REBA, RENGAT BARAT, INDRAGIRI HULU, RIAU",21,27,134,161
https://kawalpemilu.org#14435,"PEMATANG REBA, RENGAT BARAT, INDRAGIRI HULU, RIAU",22,88,117,205
https://kawalpemilu.org#14435,"PEMATANG REBA, RENGAT BARAT, INDRAGIRI HULU, RIAU",23,37,156,193
https://kawalpemilu.org#14435,"PEMATANG REBA, RENGAT BARAT, INDRAGIRI HULU, RIAU",24,46,142,188
https://kawalpemilu.org#14435,"PEMATANG REBA, RENGAT BARAT, INDRAGIRI HULU, RIAU",26,65,140,205
https://kawalpemilu.org#14435,"PEMATANG REBA, RENGAT BARAT, INDRAGIRI HULU, RIAU",27,31,197,236
https://kawalpemilu.org#14435,"PEMATANG REBA, RENGAT BARAT, INDRAGIRI HULU, RIAU",28,34,213,247
https://kawalpemilu.org#14435,"PEMATANG REBA, RENGAT BARAT, INDRAGIRI HULU, RIAU",29,61,126,187
https://kawalpemilu.org#14435,"PEMATANG REBA, RENGAT BARAT, INDRAGIRI HULU, RIAU",30,33,77,110
https://kawalpemilu.org#14435,"PEMATANG REBA, RENGAT BARAT, INDRAGIRI HULU, RIAU",31,39,152,191
https://kawalpemilu.org#14435,"PEMATANG REBA, RENGAT BARAT, INDRAGIRI HULU, RIAU",32,48,106,154
https://kawalpemilu.org#14436,"BARANGAN, RENGAT BARAT, INDRAGIRI HULU, RIAU",1,88,98,186
https://kawalpemilu.org#14436,"BARANGAN, RENGAT BARAT, INDRAGIRI HULU, RIAU",2,54,89,143
https://kawalpemilu.org#14437,"ALANG KEPAYANG, RENGAT BARAT, INDRAGIRI HULU, RIAU",1,39,152,191
https://kawalpemilu.org#14437,"ALANG KEPAYANG, RENGAT BARAT, INDRAGIRI HULU, RIAU",2,36,166,202
https://kawalpemilu.org#14437,"ALANG KEPAYANG, RENGAT BARAT, INDRAGIRI HULU, RIAU",3,45,155,200
https://kawalpemilu.org#14438,"KOTA LAMA, RENGAT BARAT, INDRAGIRI HULU, RIAU",1,27,227,254
https://kawalpemilu.org#14438,"KOTA LAMA, RENGAT BARAT, INDRAGIRI HULU, RIAU",2,36,181,217
https://kawalpemilu.org#14438,"KOTA LAMA, RENGAT BARAT, INDRAGIRI HULU, RIAU",3,70,173,243
https://kawalpemilu.org#14438,"KOTA LAMA, RENGAT BARAT, INDRAGIRI HULU, RIAU",4,58,100,158
https://kawalpemilu.org#14438,"KOTA LAMA, RENGAT BARAT, INDRAGIRI HULU, RIAU",5,57,94,151
https://kawalpemilu.org#14438,"KOTA LAMA, RENGAT BARAT, INDRAGIRI HULU, RIAU",6,66,167,233
https://kawalpemilu.org#14438,"KOTA LAMA, RENGAT BARAT, INDRAGIRI HULU, RIAU",7,42,151,193
https://kawalpemilu.org#14438,"KOTA LAMA, RENGAT BARAT, INDRAGIRI HULU, RIAU",8,77,89,166
https://kawalpemilu.org#14439,"REDANG, RENGAT BARAT, INDRAGIRI HULU, RIAU",1,50,200,250
https://kawalpemilu.org#14439,"REDANG, RENGAT BARAT, INDRAGIRI HULU, RIAU",2,67,159,226
https://kawalpemilu.org#14439,"REDANG, RENGAT BARAT, INDRAGIRI HULU, RIAU",3,69,168,237
https://kawalpemilu.org#14439,"REDANG, RENGAT BARAT, INDRAGIRI HULU, RIAU",4,108,126,234
https://kawalpemilu.org#14439,"REDANG, RENGAT BARAT, INDRAGIRI HULU, RIAU",5,55,152,207
https://kawalpemilu.org#14440,"PEKAN HERAN, RENGAT BARAT, INDRAGIRI HULU, RIAU",1,76,180,256
https://kawalpemilu.org#14440,"PEKAN HERAN, RENGAT BARAT, INDRAGIRI HULU, RIAU",2,49,175,224
https://kawalpemilu.org#14440,"PEKAN HERAN, RENGAT BARAT, INDRAGIRI HULU, RIAU",3,30,134,164
https://kawalpemilu.org#14440,"PEKAN HERAN, RENGAT BARAT, INDRAGIRI HULU, RIAU",4,19,175,194
https://kawalpemilu.org#14440,"PEKAN HERAN, RENGAT BARAT, INDRAGIRI HULU, RIAU",5,32,240,272
https://kawalpemilu.org#14440,"PEKAN HERAN, RENGAT BARAT, INDRAGIRI HULU, RIAU",6,49,160,209
https://kawalpemilu.org#14440,"PEKAN HERAN, RENGAT BARAT, INDRAGIRI HULU, RIAU",7,75,188,263
https://kawalpemilu.org#14440,"PEKAN HERAN, RENGAT BARAT, INDRAGIRI HULU, RIAU",8,56,110,166
https://kawalpemilu.org#14440,"PEKAN HERAN, RENGAT BARAT, INDRAGIRI HULU, RIAU",9,35,155,190
https://kawalpemilu.org#14441,"RANTAU BAKUNG, RENGAT BARAT, INDRAGIRI HULU, RIAU",1,49,198,247
https://kawalpemilu.org#14441,"RANTAU BAKUNG, RENGAT BARAT, INDRAGIRI HULU, RIAU",2,41,215,256
https://kawalpemilu.org#14441,"RANTAU BAKUNG, RENGAT BARAT, INDRAGIRI HULU, RIAU",3,72,132,204
https://kawalpemilu.org#14441,"RANTAU BAKUNG, RENGAT BARAT, INDRAGIRI HULU, RIAU",4,39,159,198
https://kawalpemilu.org#14442,"TALANG JERINJING, RENGAT BARAT, INDRAGIRI HULU, RIAU",1,55,145,200
https://kawalpemilu.org#14442,"TALANG JERINJING, RENGAT BARAT, INDRAGIRI HULU, RIAU",2,123,141,264
https://kawalpemilu.org#14442,"TALANG JERINJING, RENGAT BARAT, INDRAGIRI HULU, RIAU",3,68,152,220
https://kawalpemilu.org#14442,"TALANG JERINJING, RENGAT BARAT, INDRAGIRI HULU, RIAU",4,81,88,169
https://kawalpemilu.org#14442,"TALANG JERINJING, RENGAT BARAT, INDRAGIRI HULU, RIAU",5,131,79,210
https://kawalpemilu.org#14442,"TALANG JERINJING, RENGAT BARAT, INDRAGIRI HULU, RIAU",6,144,71,215
https://kawalpemilu.org#14442,"TALANG JERINJING, RENGAT BARAT, INDRAGIRI HULU, RIAU",7,49,191,240
https://kawalpemilu.org#14442,"TALANG JERINJING, RENGAT BARAT, INDRAGIRI HULU, RIAU",8,92,131,223
https://kawalpemilu.org#14442,"TALANG JERINJING, RENGAT BARAT, INDRAGIRI HULU, RIAU",9,62,172,234
https://kawalpemilu.org#14442,"TALANG JERINJING, RENGAT BARAT, INDRAGIRI HULU, RIAU",10,112,83,195
https://kawalpemilu.org#14442,"TALANG JERINJING, RENGAT BARAT, INDRAGIRI HULU, RIAU",11,141,45,186
https://kawalpemilu.org#14443,"SIALANG DUA DAHAN, RENGAT BARAT, INDRAGIRI HULU, RIAU",1,69,71,140
https://kawalpemilu.org#14443,"SIALANG DUA DAHAN, RENGAT BARAT, INDRAGIRI HULU, RIAU",2,126,122,248
https://kawalpemilu.org#14443,"SIALANG DUA DAHAN, RENGAT BARAT, INDRAGIRI HULU, RIAU",3,82,49,131
https://kawalpemilu.org#14444,"SUNGAI DAWU, RENGAT BARAT, INDRAGIRI HULU, RIAU",1,34,215,249
https://kawalpemilu.org#14444,"SUNGAI DAWU, RENGAT BARAT, INDRAGIRI HULU, RIAU",2,34,194,228
https://kawalpemilu.org#14444,"SUNGAI DAWU, RENGAT BARAT, INDRAGIRI HULU, RIAU",3,67,182,249
https://kawalpemilu.org#14444,"SUNGAI DAWU, RENGAT BARAT, INDRAGIRI HULU, RIAU",4,61,198,259
https://kawalpemilu.org#14445,"BUKIT PETALING, RENGAT BARAT, INDRAGIRI HULU, RIAU",1,83,144,227
https://kawalpemilu.org#14445,"BUKIT PETALING, RENGAT BARAT, INDRAGIRI HULU, RIAU",2,97,62,159
https://kawalpemilu.org#14445,"BUKIT PETALING, RENGAT BARAT, INDRAGIRI HULU, RIAU",3,138,69,207
https://kawalpemilu.org#14445,"BUKIT PETALING, RENGAT BARAT, INDRAGIRI HULU, RIAU",4,167,69,236
https://kawalpemilu.org#14446,"PEMATANG JAYA, RENGAT BARAT, INDRAGIRI HULU, RIAU",1,63,163,226
https://kawalpemilu.org#14446,"PEMATANG JAYA, RENGAT BARAT, INDRAGIRI HULU, RIAU",2,27,186,213
https://kawalpemilu.org#14446,"PEMATANG JAYA, RENGAT BARAT, INDRAGIRI HULU, RIAU",3,127,100,227
https://kawalpemilu.org#14446,"PEMATANG JAYA, RENGAT BARAT, INDRAGIRI HULU, RIAU",4,122,95,217
https://kawalpemilu.org#14446,"PEMATANG JAYA, RENGAT BARAT, INDRAGIRI HULU, RIAU",5,106,81,187
https://kawalpemilu.org#14446,"PEMATANG JAYA, RENGAT BARAT, INDRAGIRI HULU, RIAU",6,51,149,200
https://kawalpemilu.org#14446,"PEMATANG JAYA, RENGAT BARAT, INDRAGIRI HULU, RIAU",7,39,116,155
https://kawalpemilu.org#14446,"PEMATANG JAYA, RENGAT BARAT, INDRAGIRI HULU, RIAU",8,39,155,194
https://kawalpemilu.org#14446,"PEMATANG JAYA, RENGAT BARAT, INDRAGIRI HULU, RIAU",9,84,105,189
https://kawalpemilu.org#14446,"PEMATANG JAYA, RENGAT BARAT, INDRAGIRI HULU, RIAU",10,79,101,180
https://kawalpemilu.org#14446,"PEMATANG JAYA, RENGAT BARAT, INDRAGIRI HULU, RIAU",11,59,74,133
https://kawalpemilu.org#14447,"DANAU BARU, RENGAT BARAT, INDRAGIRI HULU, RIAU",1,37,211,248
https://kawalpemilu.org#14447,"DANAU BARU, RENGAT BARAT, INDRAGIRI HULU, RIAU",2,50,194,244
https://kawalpemilu.org#14447,"DANAU BARU, RENGAT BARAT, INDRAGIRI HULU, RIAU",3,31,220,251
https://kawalpemilu.org#14447,"DANAU BARU, RENGAT BARAT, INDRAGIRI HULU, RIAU",4,42,156,198
https://kawalpemilu.org#14448,"TANAH DATAR, RENGAT BARAT, INDRAGIRI HULU, RIAU",1,56,144,200
https://kawalpemilu.org#14448,"TANAH DATAR, RENGAT BARAT, INDRAGIRI HULU, RIAU",2,85,134,219
https://kawalpemilu.org#14448,"TANAH DATAR, RENGAT BARAT, INDRAGIRI HULU, RIAU",3,87,143,230
https://kawalpemilu.org#14448,"TANAH DATAR, RENGAT BARAT, INDRAGIRI HULU, RIAU",4,121,120,241
https://kawalpemilu.org#14448,"TANAH DATAR, RENGAT BARAT, INDRAGIRI HULU, RIAU",5,62,197,259
https://kawalpemilu.org#14448,"TANAH DATAR, RENGAT BARAT, INDRAGIRI HULU, RIAU",6,84,170,254
https://kawalpemilu.org#14448,"TANAH DATAR, RENGAT BARAT, INDRAGIRI HULU, RIAU",7,93,162,255
https://kawalpemilu.org#14449,"TANI MAKMUR, RENGAT BARAT, INDRAGIRI HULU, RIAU",1,84,91,175
https://kawalpemilu.org#14449,"TANI MAKMUR, RENGAT BARAT, INDRAGIRI HULU, RIAU",2,95,134,229
https://kawalpemilu.org#14449,"TANI MAKMUR, RENGAT BARAT, INDRAGIRI HULU, RIAU",3,133,102,235
https://kawalpemilu.org#14449,"TANI MAKMUR, RENGAT BARAT, INDRAGIRI HULU, RIAU",4,74,112,186
https://kawalpemilu.org#14449,"TANI MAKMUR, RENGAT BARAT, INDRAGIRI HULU, RIAU",5,81,108,189
https://kawalpemilu.org#14449,"TANI MAKMUR, RENGAT BARAT, INDRAGIRI HULU, RIAU",6,122,90,212
https://kawalpemilu.org#14449,"TANI MAKMUR, RENGAT BARAT, INDRAGIRI HULU, RIAU",7,101,105,206
https://kawalpemilu.org#14450,"SUNGAI BAUNG, RENGAT BARAT, INDRAGIRI HULU, RIAU",1,45,165,210
https://kawalpemilu.org#14450,"SUNGAI BAUNG, RENGAT BARAT, INDRAGIRI HULU, RIAU",2,23,161,184
https://kawalpemilu.org#14450,"SUNGAI BAUNG, RENGAT BARAT, INDRAGIRI HULU, RIAU",3,79,143,222
https://kawalpemilu.org#14450,"SUNGAI BAUNG, RENGAT BARAT, INDRAGIRI HULU, RIAU",4,83,117,200
https://kawalpemilu.org#14450,"SUNGAI BAUNG, RENGAT BARAT, INDRAGIRI HULU, RIAU",5,59,191,250
https://kawalpemilu.org#14450,"SUNGAI BAUNG, RENGAT BARAT, INDRAGIRI HULU, RIAU",6,39,118,157
https://kawalpemilu.org#14451,"DANAU TIGA, RENGAT BARAT, INDRAGIRI HULU, RIAU",1,79,126,205
https://kawalpemilu.org#14451,"DANAU TIGA, RENGAT BARAT, INDRAGIRI HULU, RIAU",2,73,71,144
https://kawalpemilu.org#14451,"DANAU TIGA, RENGAT BARAT, INDRAGIRI HULU, RIAU",3,66,52,118
https://kawalpemilu.org#14452,"AIR JERNIH, RENGAT BARAT, INDRAGIRI HULU, RIAU",1,27,189,216
https://kawalpemilu.org#14452,"AIR JERNIH, RENGAT BARAT, INDRAGIRI HULU, RIAU",2,42,173,215
https://kawalpemilu.org#14452,"AIR JERNIH, RENGAT BARAT, INDRAGIRI HULU, RIAU",3,48,146,194
https://kawalpemilu.org#14454,"SIMPANG KELAYANG, KELAYANG, INDRAGIRI HULU, RIAU",1,73,158,231
https://kawalpemilu.org#14454,"SIMPANG KELAYANG, KELAYANG, INDRAGIRI HULU, RIAU",2,45,130,175
https://kawalpemilu.org#14454,"SIMPANG KELAYANG, KELAYANG, INDRAGIRI HULU, RIAU",3,89,163,252
https://kawalpemilu.org#14454,"SIMPANG KELAYANG, KELAYANG, INDRAGIRI HULU, RIAU",4,57,158,215
https://kawalpemilu.org#14454,"SIMPANG KELAYANG, KELAYANG, INDRAGIRI HULU, RIAU",5,39,53,92
https://kawalpemilu.org#14454,"SIMPANG KELAYANG, KELAYANG, INDRAGIRI HULU, RIAU",6,33,107,140
https://kawalpemilu.org#14456,"PULAU SENGKILO, KELAYANG, INDRAGIRI HULU, RIAU",1,33,112,145
https://kawalpemilu.org#14456,"PULAU SENGKILO, KELAYANG, INDRAGIRI HULU, RIAU",2,32,193,225
https://kawalpemilu.org#14456,"PULAU SENGKILO, KELAYANG, INDRAGIRI HULU, RIAU",3,37,183,220
https://kawalpemilu.org#14456,"PULAU SENGKILO, KELAYANG, INDRAGIRI HULU, RIAU",4,26,186,212
https://kawalpemilu.org#14456,"PULAU SENGKILO, KELAYANG, INDRAGIRI HULU, RIAU",5,8,130,138
https://kawalpemilu.org#14456,"PULAU SENGKILO, KELAYANG, INDRAGIRI HULU, RIAU",6,62,97,159
https://kawalpemilu.org#14456,"PULAU SENGKILO, KELAYANG, INDRAGIRI HULU, RIAU",7,15,147,162
https://kawalpemilu.org#14457,"KOTA MEDAN, KELAYANG, INDRAGIRI HULU, RIAU",1,13,142,155
https://kawalpemilu.org#14457,"KOTA MEDAN, KELAYANG, INDRAGIRI HULU, RIAU",2,13,177,190
https://kawalpemilu.org#14457,"KOTA MEDAN, KELAYANG, INDRAGIRI HULU, RIAU",3,8,152,160
https://kawalpemilu.org#14457,"KOTA MEDAN, KELAYANG, INDRAGIRI HULU, RIAU",4,14,178,192
https://kawalpemilu.org#14457,"KOTA MEDAN, KELAYANG, INDRAGIRI HULU, RIAU",5,16,187,203
https://kawalpemilu.org#14457,"KOTA MEDAN, KELAYANG, INDRAGIRI HULU, RIAU",6,31,184,215
https://kawalpemilu.org#14458,"SIMPANG KOTA MEDAN, KELAYANG, INDRAGIRI HULU, RIAU",1,51,170,221
https://kawalpemilu.org#14458,"SIMPANG KOTA MEDAN, KELAYANG, INDRAGIRI HULU, RIAU",2,48,177,225
https://kawalpemilu.org#14458,"SIMPANG KOTA MEDAN, KELAYANG, INDRAGIRI HULU, RIAU",3,47,159,206
https://kawalpemilu.org#14458,"SIMPANG KOTA MEDAN, KELAYANG, INDRAGIRI HULU, RIAU",4,31,156,187
https://kawalpemilu.org#14458,"SIMPANG KOTA MEDAN, KELAYANG, INDRAGIRI HULU, RIAU",5,73,25,98
https://kawalpemilu.org#14458,"SIMPANG KOTA MEDAN, KELAYANG, INDRAGIRI HULU, RIAU",6,36,67,103
https://kawalpemilu.org#14459,"POLAK PISANG, KELAYANG, INDRAGIRI HULU, RIAU",1,19,183,202
https://kawalpemilu.org#14459,"POLAK PISANG, KELAYANG, INDRAGIRI HULU, RIAU",2,23,160,183
https://kawalpemilu.org#14459,"POLAK PISANG, KELAYANG, INDRAGIRI HULU, RIAU",3,21,69,90
https://kawalpemilu.org#14459,"POLAK PISANG, KELAYANG, INDRAGIRI HULU, RIAU",4,8,115,123
https://kawalpemilu.org#14460,"PELANGKO, KELAYANG, INDRAGIRI HULU, RIAU",2,97,132,229
https://kawalpemilu.org#14460,"PELANGKO, KELAYANG, INDRAGIRI HULU, RIAU",3,92,146,238
https://kawalpemilu.org#14460,"PELANGKO, KELAYANG, INDRAGIRI HULU, RIAU",4,114,105,219
https://kawalpemilu.org#14461,"TELUK SEJUAH, KELAYANG, INDRAGIRI HULU, RIAU",1,84,74,158
https://kawalpemilu.org#14461,"TELUK SEJUAH, KELAYANG, INDRAGIRI HULU, RIAU",2,85,96,181
https://kawalpemilu.org#14461,"TELUK SEJUAH, KELAYANG, INDRAGIRI HULU, RIAU",3,58,58,116
https://kawalpemilu.org#14462,"BONGKAL MALANG, KELAYANG, INDRAGIRI HULU, RIAU",1,84,178,262
https://kawalpemilu.org#14462,"BONGKAL MALANG, KELAYANG, INDRAGIRI HULU, RIAU",2,61,129,190
https://kawalpemilu.org#14462,"BONGKAL MALANG, KELAYANG, INDRAGIRI HULU, RIAU",3,101,95,196
https://kawalpemilu.org#14462,"BONGKAL MALANG, KELAYANG, INDRAGIRI HULU, RIAU",4,79,175,254
https://kawalpemilu.org#14462,"BONGKAL MALANG, KELAYANG, INDRAGIRI HULU, RIAU",5,84,165,249
https://kawalpemilu.org#14462,"BONGKAL MALANG, KELAYANG, INDRAGIRI HULU, RIAU",6,72,103,175
https://kawalpemilu.org#14463,"DUSUN TUA, KELAYANG, INDRAGIRI HULU, RIAU",1,78,117,195
https://kawalpemilu.org#14463,"DUSUN TUA, KELAYANG, INDRAGIRI HULU, RIAU",2,105,111,216
https://kawalpemilu.org#14464,"SUNGAI BANYAK IKAN, KELAYANG, INDRAGIRI HULU, RIAU",1,102,137,239
https://kawalpemilu.org#14464,"SUNGAI BANYAK IKAN, KELAYANG, INDRAGIRI HULU, RIAU",2,69,138,207
https://kawalpemilu.org#14464,"SUNGAI BANYAK IKAN, KELAYANG, INDRAGIRI HULU, RIAU",3,36,184,220
https://kawalpemilu.org#14464,"SUNGAI BANYAK IKAN, KELAYANG, INDRAGIRI HULU, RIAU",4,74,61,135
https://kawalpemilu.org#14465,"TANJUNG BELUDU, KELAYANG, INDRAGIRI HULU, RIAU",1,19,180,199
https://kawalpemilu.org#14465,"TANJUNG BELUDU, KELAYANG, INDRAGIRI HULU, RIAU",2,11,132,143
https://kawalpemilu.org#14465,"TANJUNG BELUDU, KELAYANG, INDRAGIRI HULU, RIAU",3,13,162,175
https://kawalpemilu.org#14465,"TANJUNG BELUDU, KELAYANG, INDRAGIRI HULU, RIAU",4,166,50,216
https://kawalpemilu.org#14465,"TANJUNG BELUDU, KELAYANG, INDRAGIRI HULU, RIAU",5,132,54,186
https://kawalpemilu.org#14465,"TANJUNG BELUDU, KELAYANG, INDRAGIRI HULU, RIAU",6,97,80,177
https://kawalpemilu.org#14465,"TANJUNG BELUDU, KELAYANG, INDRAGIRI HULU, RIAU",7,104,40,144
https://kawalpemilu.org#14466,"SUNGAI PASIR PUTIH, KELAYANG, INDRAGIRI HULU, RIAU",1,45,134,179
https://kawalpemilu.org#14466,"SUNGAI PASIR PUTIH, KELAYANG, INDRAGIRI HULU, RIAU",2,63,110,173
https://kawalpemilu.org#14466,"SUNGAI PASIR PUTIH, KELAYANG, INDRAGIRI HULU, RIAU",3,103,79,182
https://kawalpemilu.org#14466,"SUNGAI PASIR PUTIH, KELAYANG, INDRAGIRI HULU, RIAU",4,115,81,196
https://kawalpemilu.org#14466,"SUNGAI PASIR PUTIH, KELAYANG, INDRAGIRI HULU, RIAU",5,85,98,183
https://kawalpemilu.org#14467,"SUNGAI GOLANG, KELAYANG, INDRAGIRI HULU, RIAU",1,22,148,170
https://kawalpemilu.org#14467,"SUNGAI GOLANG, KELAYANG, INDRAGIRI HULU, RIAU",2,57,118,175
https://kawalpemilu.org#14467,"SUNGAI GOLANG, KELAYANG, INDRAGIRI HULU, RIAU",3,28,144,172
https://kawalpemilu.org#14468,"PASIR BERINGIN, KELAYANG, INDRAGIRI HULU, RIAU",1,18,209,227
https://kawalpemilu.org#14469,"SUNGAI KUNING BENIO, KELAYANG, INDRAGIRI HULU, RIAU",1,43,129,172
https://kawalpemilu.org#14469,"SUNGAI KUNING BENIO, KELAYANG, INDRAGIRI HULU, RIAU",2,64,137,201
https://kawalpemilu.org#14469,"SUNGAI KUNING BENIO, KELAYANG, INDRAGIRI HULU, RIAU",3,27,114,141
https://kawalpemilu.org#14469,"SUNGAI KUNING BENIO, KELAYANG, INDRAGIRI HULU, RIAU",4,41,128,169
https://kawalpemilu.org#14469,"SUNGAI KUNING BENIO, KELAYANG, INDRAGIRI HULU, RIAU",5,43,113,156
https://kawalpemilu.org#14470,"BUKIT SELANJUT, KELAYANG, INDRAGIRI HULU, RIAU",1,39,211,250
https://kawalpemilu.org#14470,"BUKIT SELANJUT, KELAYANG, INDRAGIRI HULU, RIAU",2,59,102,161
https://kawalpemilu.org#14470,"BUKIT SELANJUT, KELAYANG, INDRAGIRI HULU, RIAU",3,39,129,168
https://kawalpemilu.org#14470,"BUKIT SELANJUT, KELAYANG, INDRAGIRI HULU, RIAU",4,50,111,161
https://kawalpemilu.org#14471,"DUSUN TUA PELANG, KELAYANG, INDRAGIRI HULU, RIAU",1,51,165,216
https://kawalpemilu.org#14471,"DUSUN TUA PELANG, KELAYANG, INDRAGIRI HULU, RIAU",2,42,147,189
https://kawalpemilu.org#14471,"DUSUN TUA PELANG, KELAYANG, INDRAGIRI HULU, RIAU",3,39,69,108
https://kawalpemilu.org#14471,"DUSUN TUA PELANG, KELAYANG, INDRAGIRI HULU, RIAU",4,27,16,43
https://kawalpemilu.org#14471,"DUSUN TUA PELANG, KELAYANG, INDRAGIRI HULU, RIAU",5,49,89,138
https://kawalpemilu.org#14473,"AIR MOLEK I, PASIR PENYU, INDRAGIRI HULU, RIAU",1,31,77,108
https://kawalpemilu.org#14473,"AIR MOLEK I, PASIR PENYU, INDRAGIRI HULU, RIAU",2,49,131,180
https://kawalpemilu.org#14473,"AIR MOLEK I, PASIR PENYU, INDRAGIRI HULU, RIAU",3,56,153,209
https://kawalpemilu.org#14473,"AIR MOLEK I, PASIR PENYU, INDRAGIRI HULU, RIAU",4,29,224,253
https://kawalpemilu.org#14473,"AIR MOLEK I, PASIR PENYU, INDRAGIRI HULU, RIAU",5,31,147,178
https://kawalpemilu.org#14473,"AIR MOLEK I, PASIR PENYU, INDRAGIRI HULU, RIAU",6,43,213,256
https://kawalpemilu.org#14473,"AIR MOLEK I, PASIR PENYU, INDRAGIRI HULU, RIAU",7,40,166,206
https://kawalpemilu.org#14473,"AIR MOLEK I, PASIR PENYU, INDRAGIRI HULU, RIAU",8,65,132,197
https://kawalpemilu.org#14473,"AIR MOLEK I, PASIR PENYU, INDRAGIRI HULU, RIAU",9,45,202,247
https://kawalpemilu.org#14473,"AIR MOLEK I, PASIR PENYU, INDRAGIRI HULU, RIAU",10,49,171,220
https://kawalpemilu.org#14473,"AIR MOLEK I, PASIR PENYU, INDRAGIRI HULU, RIAU",11,49,169,218
https://kawalpemilu.org#14473,"AIR MOLEK I, PASIR PENYU, INDRAGIRI HULU, RIAU",12,39,182,221
https://kawalpemilu.org#14473,"AIR MOLEK I, PASIR PENYU, INDRAGIRI HULU, RIAU",13,39,209,248
https://kawalpemilu.org#14473,"AIR MOLEK I, PASIR PENYU, INDRAGIRI HULU, RIAU",14,66,63,129
https://kawalpemilu.org#14473,"AIR MOLEK I, PASIR PENYU, INDRAGIRI HULU, RIAU",16,38,151,189
https://kawalpemilu.org#14473,"AIR MOLEK I, PASIR PENYU, INDRAGIRI HULU, RIAU",17,45,167,212
https://kawalpemilu.org#14473,"AIR MOLEK I, PASIR PENYU, INDRAGIRI HULU, RIAU",18,29,185,214
https://kawalpemilu.org#14474,"KEMBANG HARUM, PASIR PENYU, INDRAGIRI HULU, RIAU",1,87,100,187
https://kawalpemilu.org#14474,"KEMBANG HARUM, PASIR PENYU, INDRAGIRI HULU, RIAU",2,77,70,147
https://kawalpemilu.org#14474,"KEMBANG HARUM, PASIR PENYU, INDRAGIRI HULU, RIAU",3,103,68,171
https://kawalpemilu.org#14474,"KEMBANG HARUM, PASIR PENYU, INDRAGIRI HULU, RIAU",4,109,74,183
https://kawalpemilu.org#14474,"KEMBANG HARUM, PASIR PENYU, INDRAGIRI HULU, RIAU",5,122,58,180
https://kawalpemilu.org#14474,"KEMBANG HARUM, PASIR PENYU, INDRAGIRI HULU, RIAU",6,109,49,158
https://kawalpemilu.org#14474,"KEMBANG HARUM, PASIR PENYU, INDRAGIRI HULU, RIAU",7,80,79,159
https://kawalpemilu.org#14475,"TANJUNG GADING, PASIR PENYU, INDRAGIRI HULU, RIAU",1,65,158,223
https://kawalpemilu.org#14475,"TANJUNG GADING, PASIR PENYU, INDRAGIRI HULU, RIAU",2,69,162,231
https://kawalpemilu.org#14475,"TANJUNG GADING, PASIR PENYU, INDRAGIRI HULU, RIAU",3,171,67,238
https://kawalpemilu.org#14475,"TANJUNG GADING, PASIR PENYU, INDRAGIRI HULU, RIAU",4,80,135,215
https://kawalpemilu.org#14475,"TANJUNG GADING, PASIR PENYU, INDRAGIRI HULU, RIAU",5,119,86,205
https://kawalpemilu.org#14475,"TANJUNG GADING, PASIR PENYU, INDRAGIRI HULU, RIAU",6,83,111,194
https://kawalpemilu.org#14475,"TANJUNG GADING, PASIR PENYU, INDRAGIRI HULU, RIAU",7,79,96,175
https://kawalpemilu.org#14475,"TANJUNG GADING, PASIR PENYU, INDRAGIRI HULU, RIAU",8,76,137,213
https://kawalpemilu.org#14475,"TANJUNG GADING, PASIR PENYU, INDRAGIRI HULU, RIAU",9,78,51,129
https://kawalpemilu.org#14476,"SEKAR MAWAR, PASIR PENYU, INDRAGIRI HULU, RIAU",1,124,84,208
https://kawalpemilu.org#14476,"SEKAR MAWAR, PASIR PENYU, INDRAGIRI HULU, RIAU",2,94,112,206
https://kawalpemilu.org#14476,"SEKAR MAWAR, PASIR PENYU, INDRAGIRI HULU, RIAU",3,123,106,229
https://kawalpemilu.org#14476,"SEKAR MAWAR, PASIR PENYU, INDRAGIRI HULU, RIAU",4,96,129,225
https://kawalpemilu.org#14476,"SEKAR MAWAR, PASIR PENYU, INDRAGIRI HULU, RIAU",5,84,127,211
https://kawalpemilu.org#14476,"SEKAR MAWAR, PASIR PENYU, INDRAGIRI HULU, RIAU",6,86,130,216
https://kawalpemilu.org#14476,"SEKAR MAWAR, PASIR PENYU, INDRAGIRI HULU, RIAU",7,81,68,149
https://kawalpemilu.org#14476,"SEKAR MAWAR, PASIR PENYU, INDRAGIRI HULU, RIAU",8,70,75,145
https://kawalpemilu.org#14476,"SEKAR MAWAR, PASIR PENYU, INDRAGIRI HULU, RIAU",9,111,69,180
https://kawalpemilu.org#14476,"SEKAR MAWAR, PASIR PENYU, INDRAGIRI HULU, RIAU",10,79,97,176
https://kawalpemilu.org#14476,"SEKAR MAWAR, PASIR PENYU, INDRAGIRI HULU, RIAU",11,85,80,165
https://kawalpemilu.org#14476,"SEKAR MAWAR, PASIR PENYU, INDRAGIRI HULU, RIAU",12,90,60,150
https://kawalpemilu.org#14476,"SEKAR MAWAR, PASIR PENYU, INDRAGIRI HULU, RIAU",13,83,64,147
https://kawalpemilu.org#14476,"SEKAR MAWAR, PASIR PENYU, INDRAGIRI HULU, RIAU",14,79,78,157
https://kawalpemilu.org#14477,"TANAH MERAH, PASIR PENYU, INDRAGIRI HULU, RIAU",1,87,103,190
https://kawalpemilu.org#14477,"TANAH MERAH, PASIR PENYU, INDRAGIRI HULU, RIAU",2,164,57,221
https://kawalpemilu.org#14477,"TANAH MERAH, PASIR PENYU, INDRAGIRI HULU, RIAU",3,71,91,162
https://kawalpemilu.org#14477,"TANAH MERAH, PASIR PENYU, INDRAGIRI HULU, RIAU",4,72,76,148
https://kawalpemilu.org#14477,"TANAH MERAH, PASIR PENYU, INDRAGIRI HULU, RIAU",5,110,68,178
https://kawalpemilu.org#14477,"TANAH MERAH, PASIR PENYU, INDRAGIRI HULU, RIAU",6,114,55,169
https://kawalpemilu.org#14477,"TANAH MERAH, PASIR PENYU, INDRAGIRI HULU, RIAU",7,109,63,174
https://kawalpemilu.org#14478,"PETALONGAN, PASIR PENYU, INDRAGIRI HULU, RIAU",1,21,144,165
https://kawalpemilu.org#14478,"PETALONGAN, PASIR PENYU, INDRAGIRI HULU, RIAU",2,10,141,151
https://kawalpemilu.org#14478,"PETALONGAN, PASIR PENYU, INDRAGIRI HULU, RIAU",3,40,158,198
https://kawalpemilu.org#14478,"PETALONGAN, PASIR PENYU, INDRAGIRI HULU, RIAU",4,41,178,219
https://kawalpemilu.org#14479,"AIR MOLEK II, PASIR PENYU, INDRAGIRI HULU, RIAU",1,83,120,203
https://kawalpemilu.org#14479,"AIR MOLEK II, PASIR PENYU, INDRAGIRI HULU, RIAU",2,72,128,200
https://kawalpemilu.org#14479,"AIR MOLEK II, PASIR PENYU, INDRAGIRI HULU, RIAU",3,43,161,204
https://kawalpemilu.org#14479,"AIR MOLEK II, PASIR PENYU, INDRAGIRI HULU, RIAU",4,33,143,176
https://kawalpemilu.org#14479,"AIR MOLEK II, PASIR PENYU, INDRAGIRI HULU, RIAU",5,74,139,213
https://kawalpemilu.org#14479,"AIR MOLEK II, PASIR PENYU, INDRAGIRI HULU, RIAU",6,64,123,187
https://kawalpemilu.org#14480,"PASIR KERANJI, PASIR PENYU, INDRAGIRI HULU, RIAU",1,61,152,213
https://kawalpemilu.org#14480,"PASIR KERANJI, PASIR PENYU, INDRAGIRI HULU, RIAU",2,41,180,221
https://kawalpemilu.org#14485,"JATIREJO, PASIR PENYU, INDRAGIRI HULU, RIAU",1,92,141,233
https://kawalpemilu.org#14485,"JATIREJO, PASIR PENYU, INDRAGIRI HULU, RIAU",2,77,158,235
https://kawalpemilu.org#14485,"JATIREJO, PASIR PENYU, INDRAGIRI HULU, RIAU",4,70,120,190
https://kawalpemilu.org#14486,"BATU GAJAH, PASIR PENYU, INDRAGIRI HULU, RIAU",1,86,133,219
https://kawalpemilu.org#14486,"BATU GAJAH, PASIR PENYU, INDRAGIRI HULU, RIAU",2,91,120,211
https://kawalpemilu.org#14486,"BATU GAJAH, PASIR PENYU, INDRAGIRI HULU, RIAU",3,60,144,204
https://kawalpemilu.org#14486,"BATU GAJAH, PASIR PENYU, INDRAGIRI HULU, RIAU",4,37,101,138
https://kawalpemilu.org#14486,"BATU GAJAH, PASIR PENYU, INDRAGIRI HULU, RIAU",5,67,116,183
https://kawalpemilu.org#14486,"BATU GAJAH, PASIR PENYU, INDRAGIRI HULU, RIAU",6,21,181,202
https://kawalpemilu.org#14486,"BATU GAJAH, PASIR PENYU, INDRAGIRI HULU, RIAU",7,83,103,186
https://kawalpemilu.org#14486,"BATU GAJAH, PASIR PENYU, INDRAGIRI HULU, RIAU",8,54,153,207
https://kawalpemilu.org#14487,"CANDIREJO, PASIR PENYU, INDRAGIRI HULU, RIAU",1,57,129,186
https://kawalpemilu.org#14487,"CANDIREJO, PASIR PENYU, INDRAGIRI HULU, RIAU",2,87,107,194
https://kawalpemilu.org#14487,"CANDIREJO, PASIR PENYU, INDRAGIRI HULU, RIAU",3,81,110,191
https://kawalpemilu.org#14487,"CANDIREJO, PASIR PENYU, INDRAGIRI HULU, RIAU",4,95,114,209
https://kawalpemilu.org#14487,"CANDIREJO, PASIR PENYU, INDRAGIRI HULU, RIAU",5,81,149,230
https://kawalpemilu.org#14487,"CANDIREJO, PASIR PENYU, INDRAGIRI HULU, RIAU",6,101,130,231
https://kawalpemilu.org#14487,"CANDIREJO, PASIR PENYU, INDRAGIRI HULU, RIAU",7,69,147,216
https://kawalpemilu.org#14487,"CANDIREJO, PASIR PENYU, INDRAGIRI HULU, RIAU",8,72,91,163
https://kawalpemilu.org#14487,"CANDIREJO, PASIR PENYU, INDRAGIRI HULU, RIAU",9,131,126,257
https://kawalpemilu.org#14487,"CANDIREJO, PASIR PENYU, INDRAGIRI HULU, RIAU",10,91,116,207
https://kawalpemilu.org#14487,"CANDIREJO, PASIR PENYU, INDRAGIRI HULU, RIAU",11,119,129,248
https://kawalpemilu.org#14487,"CANDIREJO, PASIR PENYU, INDRAGIRI HULU, RIAU",12,59,142,204
https://kawalpemilu.org#14487,"CANDIREJO, PASIR PENYU, INDRAGIRI HULU, RIAU",13,123,110,233
https://kawalpemilu.org#14487,"CANDIREJO, PASIR PENYU, INDRAGIRI HULU, RIAU",14,142,85,227
https://kawalpemilu.org#14487,"CANDIREJO, PASIR PENYU, INDRAGIRI HULU, RIAU",15,129,101,230
https://kawalpemilu.org#14488,"LEMBAH DUSUN GADING, PASIR PENYU, INDRAGIRI HULU, RIAU",1,39,96,135
https://kawalpemilu.org#14488,"LEMBAH DUSUN GADING, PASIR PENYU, INDRAGIRI HULU, RIAU",2,20,107,127
https://kawalpemilu.org#14489,"SERUMPUN JAYA, PASIR PENYU, INDRAGIRI HULU, RIAU",1,62,155,217
https://kawalpemilu.org#14489,"SERUMPUN JAYA, PASIR PENYU, INDRAGIRI HULU, RIAU",2,66,110,176
https://kawalpemilu.org#14489,"SERUMPUN JAYA, PASIR PENYU, INDRAGIRI HULU, RIAU",3,51,34,85
https://kawalpemilu.org#14491,"PERANAP, PERANAP, INDRAGIRI HULU, RIAU",1,38,209,247
https://kawalpemilu.org#14491,"PERANAP, PERANAP, INDRAGIRI HULU, RIAU",2,32,148,180
https://kawalpemilu.org#14491,"PERANAP, PERANAP, INDRAGIRI HULU, RIAU",3,52,196,248
https://kawalpemilu.org#14491,"PERANAP, PERANAP, INDRAGIRI HULU, RIAU",4,45,203,248
https://kawalpemilu.org#14491,"PERANAP, PERANAP, INDRAGIRI HULU, RIAU",5,32,214,246
https://kawalpemilu.org#14491,"PERANAP, PERANAP, INDRAGIRI HULU, RIAU",6,32,153,185
https://kawalpemilu.org#14491,"PERANAP, PERANAP, INDRAGIRI HULU, RIAU",7,30,155,185
https://kawalpemilu.org#14491,"PERANAP, PERANAP, INDRAGIRI HULU, RIAU",8,45,177,222
https://kawalpemilu.org#14491,"PERANAP, PERANAP, INDRAGIRI HULU, RIAU",9,79,170,249
https://kawalpemilu.org#14491,"PERANAP, PERANAP, INDRAGIRI HULU, RIAU",10,37,176,211
https://kawalpemilu.org#14491,"PERANAP, PERANAP, INDRAGIRI HULU, RIAU",11,38,180,218
https://kawalpemilu.org#14491,"PERANAP, PERANAP, INDRAGIRI HULU, RIAU",12,85,156,241
https://kawalpemilu.org#14491,"PERANAP, PERANAP, INDRAGIRI HULU, RIAU",13,63,219,282
https://kawalpemilu.org#14491,"PERANAP, PERANAP, INDRAGIRI HULU, RIAU",14,60,127,187
https://kawalpemilu.org#14491,"PERANAP, PERANAP, INDRAGIRI HULU, RIAU",15,56,181,248
https://kawalpemilu.org#14491,"PERANAP, PERANAP, INDRAGIRI HULU, RIAU",16,115,170,285
https://kawalpemilu.org#14491,"PERANAP, PERANAP, INDRAGIRI HULU, RIAU",17,24,157,181
https://kawalpemilu.org#14491,"PERANAP, PERANAP, INDRAGIRI HULU, RIAU",18,37,176,213
https://kawalpemilu.org#14491,"PERANAP, PERANAP, INDRAGIRI HULU, RIAU",19,36,179,215
https://kawalpemilu.org#14491,"PERANAP, PERANAP, INDRAGIRI HULU, RIAU",20,94,140,234
https://kawalpemilu.org#14492,"BATURIJAL HILIR, PERANAP, INDRAGIRI HULU, RIAU",1,25,151,176
https://kawalpemilu.org#14492,"BATURIJAL HILIR, PERANAP, INDRAGIRI HULU, RIAU",2,49,147,196
https://kawalpemilu.org#14492,"BATURIJAL HILIR, PERANAP, INDRAGIRI HULU, RIAU",3,29,144,173
https://kawalpemilu.org#14492,"BATURIJAL HILIR, PERANAP, INDRAGIRI HULU, RIAU",4,62,130,192
https://kawalpemilu.org#14492,"BATURIJAL HILIR, PERANAP, INDRAGIRI HULU, RIAU",5,79,71,150
https://kawalpemilu.org#14492,"BATURIJAL HILIR, PERANAP, INDRAGIRI HULU, RIAU",6,30,139,169
https://kawalpemilu.org#14492,"BATURIJAL HILIR, PERANAP, INDRAGIRI HULU, RIAU",7,51,122,173
https://kawalpemilu.org#14493,"SEMELINANG TEBING, PERANAP, INDRAGIRI HULU, RIAU",1,103,145,248
https://kawalpemilu.org#14493,"SEMELINANG TEBING, PERANAP, INDRAGIRI HULU, RIAU",2,45,122,167
https://kawalpemilu.org#14493,"SEMELINANG TEBING, PERANAP, INDRAGIRI HULU, RIAU",3,36,111,147
https://kawalpemilu.org#14493,"SEMELINANG TEBING, PERANAP, INDRAGIRI HULU, RIAU",4,80,70,150
https://kawalpemilu.org#14493,"SEMELINANG TEBING, PERANAP, INDRAGIRI HULU, RIAU",5,142,64,206
https://kawalpemilu.org#14493,"SEMELINANG TEBING, PERANAP, INDRAGIRI HULU, RIAU",6,64,33,97
https://kawalpemilu.org#14493,"SEMELINANG TEBING, PERANAP, INDRAGIRI HULU, RIAU",7,90,137,227
https://kawalpemilu.org#14493,"SEMELINANG TEBING, PERANAP, INDRAGIRI HULU, RIAU",8,47,97,144
https://kawalpemilu.org#14493,"SEMELINANG TEBING, PERANAP, INDRAGIRI HULU, RIAU",9,27,90,117
https://kawalpemilu.org#14494,"GUMANTI, PERANAP, INDRAGIRI HULU, RIAU",1,41,188,229
https://kawalpemilu.org#14494,"GUMANTI, PERANAP, INDRAGIRI HULU, RIAU",2,66,149,215
https://kawalpemilu.org#14494,"GUMANTI, PERANAP, INDRAGIRI HULU, RIAU",3,64,189,253
https://kawalpemilu.org#14494,"GUMANTI, PERANAP, INDRAGIRI HULU, RIAU",4,41,110,151
https://kawalpemilu.org#14494,"GUMANTI, PERANAP, INDRAGIRI HULU, RIAU",5,40,187,227
https://kawalpemilu.org#14494,"GUMANTI, PERANAP, INDRAGIRI HULU, RIAU",6,22,75,97
https://kawalpemilu.org#14495,"BATURIJAL HULU, PERANAP, INDRAGIRI HULU, RIAU",1,28,134,162
https://kawalpemilu.org#14495,"BATURIJAL HULU, PERANAP, INDRAGIRI HULU, RIAU",2,27,132,159
https://kawalpemilu.org#14495,"BATURIJAL HULU, PERANAP, INDRAGIRI HULU, RIAU",3,21,118,139
https://kawalpemilu.org#14495,"BATURIJAL HULU, PERANAP, INDRAGIRI HULU, RIAU",4,11,132,143
https://kawalpemilu.org#14495,"BATURIJAL HULU, PERANAP, INDRAGIRI HULU, RIAU",5,34,206,240
https://kawalpemilu.org#14495,"BATURIJAL HULU, PERANAP, INDRAGIRI HULU, RIAU",6,72,174,246
https://kawalpemilu.org#14496,"SEMELINANG DARAT, PERANAP, INDRAGIRI HULU, RIAU",1,66,165,231
https://kawalpemilu.org#14496,"SEMELINANG DARAT, PERANAP, INDRAGIRI HULU, RIAU",2,54,188,242
https://kawalpemilu.org#14496,"SEMELINANG DARAT, PERANAP, INDRAGIRI HULU, RIAU",3,73,157,230
https://kawalpemilu.org#14496,"SEMELINANG DARAT, PERANAP, INDRAGIRI HULU, RIAU",4,82,96,178
https://kawalpemilu.org#14496,"SEMELINANG DARAT, PERANAP, INDRAGIRI HULU, RIAU",5,65,92,157
https://kawalpemilu.org#14496,"SEMELINANG DARAT, PERANAP, INDRAGIRI HULU, RIAU",6,147,59,206
https://kawalpemilu.org#14497,"PAUH RANAP, PERANAP, INDRAGIRI HULU, RIAU",1,60,134,194
https://kawalpemilu.org#14497,"PAUH RANAP, PERANAP, INDRAGIRI HULU, RIAU",2,147,86,233
https://kawalpemilu.org#14497,"PAUH RANAP, PERANAP, INDRAGIRI HULU, RIAU",3,92,79,171
https://kawalpemilu.org#14497,"PAUH RANAP, PERANAP, INDRAGIRI HULU, RIAU",4,109,59,168
https://kawalpemilu.org#14497,"PAUH RANAP, PERANAP, INDRAGIRI HULU, RIAU",5,73,99,2
https://kawalpemilu.org#14497,"PAUH RANAP, PERANAP, INDRAGIRI HULU, RIAU",6,185,35,220
https://kawalpemilu.org#14497,"PAUH RANAP, PERANAP, INDRAGIRI HULU, RIAU",7,109,74,183
https://kawalpemilu.org#14497,"PAUH RANAP, PERANAP, INDRAGIRI HULU, RIAU",9,258,8,266
https://kawalpemilu.org#14497,"PAUH RANAP, PERANAP, INDRAGIRI HULU, RIAU",10,129,53,182
https://kawalpemilu.org#14497,"PAUH RANAP, PERANAP, INDRAGIRI HULU, RIAU",11,66,43,109
https://kawalpemilu.org#14497,"PAUH RANAP, PERANAP, INDRAGIRI HULU, RIAU",12,107,27,134
https://kawalpemilu.org#14497,"PAUH RANAP, PERANAP, INDRAGIRI HULU, RIAU",13,203,36,239
https://kawalpemilu.org#14497,"PAUH RANAP, PERANAP, INDRAGIRI HULU, RIAU",14,41,149,190
https://kawalpemilu.org#14497,"PAUH RANAP, PERANAP, INDRAGIRI HULU, RIAU",15,71,92,163
https://kawalpemilu.org#14497,"PAUH RANAP, PERANAP, INDRAGIRI HULU, RIAU",16,74,78,152
https://kawalpemilu.org#14497,"PAUH RANAP, PERANAP, INDRAGIRI HULU, RIAU",17,192,44,236
https://kawalpemilu.org#14497,"PAUH RANAP, PERANAP, INDRAGIRI HULU, RIAU",18,141,13,154
https://kawalpemilu.org#14497,"PAUH RANAP, PERANAP, INDRAGIRI HULU, RIAU",19,240,3,243
https://kawalpemilu.org#14497,"PAUH RANAP, PERANAP, INDRAGIRI HULU, RIAU",20,237,5,242
https://kawalpemilu.org#14498,"SERAI WANGI, PERANAP, INDRAGIRI HULU, RIAU",1,57,170,227
https://kawalpemilu.org#14498,"SERAI WANGI, PERANAP, INDRAGIRI HULU, RIAU",2,54,109,163
https://kawalpemilu.org#14498,"SERAI WANGI, PERANAP, INDRAGIRI HULU, RIAU",3,75,146,221
https://kawalpemilu.org#14498,"SERAI WANGI, PERANAP, INDRAGIRI HULU, RIAU",4,33,81,114
https://kawalpemilu.org#14499,"PANDAN WANGI, PERANAP, INDRAGIRI HULU, RIAU",1,134,85,219
https://kawalpemilu.org#14499,"PANDAN WANGI, PERANAP, INDRAGIRI HULU, RIAU",2,142,74,216
https://kawalpemilu.org#14499,"PANDAN WANGI, PERANAP, INDRAGIRI HULU, RIAU",3,115,114,229
https://kawalpemilu.org#14499,"PANDAN WANGI, PERANAP, INDRAGIRI HULU, RIAU",4,124,97,221
https://kawalpemilu.org#14499,"PANDAN WANGI, PERANAP, INDRAGIRI HULU, RIAU",5,107,106,213
https://kawalpemilu.org#14500,"KATIPO PURA, PERANAP, INDRAGIRI HULU, RIAU",1,116,125,241
https://kawalpemilu.org#14500,"KATIPO PURA, PERANAP, INDRAGIRI HULU, RIAU",2,60,208,268
https://kawalpemilu.org#14501,"BATU RIJAL BARAT, PERANAP, INDRAGIRI HULU, RIAU",1,35,205,240
https://kawalpemilu.org#14501,"BATU RIJAL BARAT, PERANAP, INDRAGIRI HULU, RIAU",2,45,177,222
https://kawalpemilu.org#14501,"BATU RIJAL BARAT, PERANAP, INDRAGIRI HULU, RIAU",3,40,184,224
https://kawalpemilu.org#14502,"SETAKO RAYA, PERANAP, INDRAGIRI HULU, RIAU",1,22,219,241
https://kawalpemilu.org#14502,"SETAKO RAYA, PERANAP, INDRAGIRI HULU, RIAU",2,29,221,250
https://kawalpemilu.org#14504,"PANGKALAN KASAI, SIBERIDA, INDRAGIRI HULU, RIAU",1,123,113,236
https://kawalpemilu.org#14504,"PANGKALAN KASAI, SIBERIDA, INDRAGIRI HULU, RIAU",2,111,43,154
https://kawalpemilu.org#14504,"PANGKALAN KASAI, SIBERIDA, INDRAGIRI HULU, RIAU",3,158,102,260
https://kawalpemilu.org#14504,"PANGKALAN KASAI, SIBERIDA, INDRAGIRI HULU, RIAU",4,25,146,171
https://kawalpemilu.org#14504,"PANGKALAN KASAI, SIBERIDA, INDRAGIRI HULU, RIAU",5,20,119,139
https://kawalpemilu.org#14504,"PANGKALAN KASAI, SIBERIDA, INDRAGIRI HULU, RIAU",6,52,196,248
https://kawalpemilu.org#14504,"PANGKALAN KASAI, SIBERIDA, INDRAGIRI HULU, RIAU",7,52,209,261
https://kawalpemilu.org#14504,"PANGKALAN KASAI, SIBERIDA, INDRAGIRI HULU, RIAU",8,27,142,169
https://kawalpemilu.org#14504,"PANGKALAN KASAI, SIBERIDA, INDRAGIRI HULU, RIAU",9,60,91,151
https://kawalpemilu.org#14504,"PANGKALAN KASAI, SIBERIDA, INDRAGIRI HULU, RIAU",10,98,98,196
https://kawalpemilu.org#14504,"PANGKALAN KASAI, SIBERIDA, INDRAGIRI HULU, RIAU",11,72,90,162
https://kawalpemilu.org#14504,"PANGKALAN KASAI, SIBERIDA, INDRAGIRI HULU, RIAU",12,112,105,217
https://kawalpemilu.org#14504,"PANGKALAN KASAI, SIBERIDA, INDRAGIRI HULU, RIAU",13,131,136,267
https://kawalpemilu.org#14504,"PANGKALAN KASAI, SIBERIDA, INDRAGIRI HULU, RIAU",14,97,137,234
https://kawalpemilu.org#14504,"PANGKALAN KASAI, SIBERIDA, INDRAGIRI HULU, RIAU",15,107,109,216
https://kawalpemilu.org#14504,"PANGKALAN KASAI, SIBERIDA, INDRAGIRI HULU, RIAU",16,133,107,240
https://kawalpemilu.org#14504,"PANGKALAN KASAI, SIBERIDA, INDRAGIRI HULU, RIAU",17,132,52,184
https://kawalpemilu.org#14504,"PANGKALAN KASAI, SIBERIDA, INDRAGIRI HULU, RIAU",18,160,54,214
https://kawalpemilu.org#14504,"PANGKALAN KASAI, SIBERIDA, INDRAGIRI HULU, RIAU",19,156,82,238
https://kawalpemilu.org#14504,"PANGKALAN KASAI, SIBERIDA, INDRAGIRI HULU, RIAU",20,155,116,271
https://kawalpemilu.org#14504,"PANGKALAN KASAI, SIBERIDA, INDRAGIRI HULU, RIAU",21,20,5,25
https://kawalpemilu.org#14504,"PANGKALAN KASAI, SIBERIDA, INDRAGIRI HULU, RIAU",22,25,81,106
https://kawalpemilu.org#14504,"PANGKALAN KASAI, SIBERIDA, INDRAGIRI HULU, RIAU",23,34,145,179
https://kawalpemilu.org#14504,"PANGKALAN KASAI, SIBERIDA, INDRAGIRI HULU, RIAU",24,49,168,217
https://kawalpemilu.org#14504,"PANGKALAN KASAI, SIBERIDA, INDRAGIRI HULU, RIAU",25,100,141,241
https://kawalpemilu.org#14504,"PANGKALAN KASAI, SIBERIDA, INDRAGIRI HULU, RIAU",26,150,101,251
https://kawalpemilu.org#14504,"PANGKALAN KASAI, SIBERIDA, INDRAGIRI HULU, RIAU",27,208,79,287
https://kawalpemilu.org#14504,"PANGKALAN KASAI, SIBERIDA, INDRAGIRI HULU, RIAU",28,34,154,188
https://kawalpemilu.org#14504,"PANGKALAN KASAI, SIBERIDA, INDRAGIRI HULU, RIAU",29,12,84,96
https://kawalpemilu.org#14504,"PANGKALAN KASAI, SIBERIDA, INDRAGIRI HULU, RIAU",30,112,88,200
https://kawalpemilu.org#14504,"PANGKALAN KASAI, SIBERIDA, INDRAGIRI HULU, RIAU",31,54,92,146
https://kawalpemilu.org#14504,"PANGKALAN KASAI, SIBERIDA, INDRAGIRI HULU, RIAU",32,92,121,213
https://kawalpemilu.org#14504,"PANGKALAN KASAI, SIBERIDA, INDRAGIRI HULU, RIAU",33,63,133,196
https://kawalpemilu.org#14504,"PANGKALAN KASAI, SIBERIDA, INDRAGIRI HULU, RIAU",34,97,77,174
https://kawalpemilu.org#14504,"PANGKALAN KASAI, SIBERIDA, INDRAGIRI HULU, RIAU",35,94,87,181
https://kawalpemilu.org#14504,"PANGKALAN KASAI, SIBERIDA, INDRAGIRI HULU, RIAU",36,83,137,220
https://kawalpemilu.org#14504,"PANGKALAN KASAI, SIBERIDA, INDRAGIRI HULU, RIAU",37,102,59,161
https://kawalpemilu.org#14504,"PANGKALAN KASAI, SIBERIDA, INDRAGIRI HULU, RIAU",38,164,38,202
https://kawalpemilu.org#14504,"PANGKALAN KASAI, SIBERIDA, INDRAGIRI HULU, RIAU",39,76,61,137
https://kawalpemilu.org#14504,"PANGKALAN KASAI, SIBERIDA, INDRAGIRI HULU, RIAU",40,31,128,159
https://kawalpemilu.org#14505,"KELESA, SIBERIDA, INDRAGIRI HULU, RIAU",1,89,143,232
https://kawalpemilu.org#14505,"KELESA, SIBERIDA, INDRAGIRI HULU, RIAU",2,118,86,204
https://kawalpemilu.org#14505,"KELESA, SIBERIDA, INDRAGIRI HULU, RIAU",3,147,100,247
https://kawalpemilu.org#14505,"KELESA, SIBERIDA, INDRAGIRI HULU, RIAU",4,38,32,70
https://kawalpemilu.org#14505,"KELESA, SIBERIDA, INDRAGIRI HULU, RIAU",5,113,25,138
https://kawalpemilu.org#14505,"KELESA, SIBERIDA, INDRAGIRI HULU, RIAU",6,117,56,173
https://kawalpemilu.org#14505,"KELESA, SIBERIDA, INDRAGIRI HULU, RIAU",7,82,61,143
https://kawalpemilu.org#14505,"KELESA, SIBERIDA, INDRAGIRI HULU, RIAU",8,87,46,133
https://kawalpemilu.org#14505,"KELESA, SIBERIDA, INDRAGIRI HULU, RIAU",9,70,56,126
https://kawalpemilu.org#14505,"KELESA, SIBERIDA, INDRAGIRI HULU, RIAU",10,118,36,154
https://kawalpemilu.org#14505,"KELESA, SIBERIDA, INDRAGIRI HULU, RIAU",11,45,16,61
https://kawalpemilu.org#14505,"KELESA, SIBERIDA, INDRAGIRI HULU, RIAU",12,80,14,94
https://kawalpemilu.org#14505,"KELESA, SIBERIDA, INDRAGIRI HULU, RIAU",13,134,80,214
https://kawalpemilu.org#14505,"KELESA, SIBERIDA, INDRAGIRI HULU, RIAU",15,85,61,146
https://kawalpemilu.org#14506,"BELIGAN, SIBERIDA, INDRAGIRI HULU, RIAU",1,52,159,211
https://kawalpemilu.org#14506,"BELIGAN, SIBERIDA, INDRAGIRI HULU, RIAU",2,57,174,231
https://kawalpemilu.org#14506,"BELIGAN, SIBERIDA, INDRAGIRI HULU, RIAU",3,79,144,223
https://kawalpemilu.org#14506,"BELIGAN, SIBERIDA, INDRAGIRI HULU, RIAU",4,65,130,195
https://kawalpemilu.org#14507,"SERESAM, SIBERIDA, INDRAGIRI HULU, RIAU",1,120,130,250
https://kawalpemilu.org#14507,"SERESAM, SIBERIDA, INDRAGIRI HULU, RIAU",2,98,136,234
https://kawalpemilu.org#14507,"SERESAM, SIBERIDA, INDRAGIRI HULU, RIAU",3,104,141,245
https://kawalpemilu.org#14507,"SERESAM, SIBERIDA, INDRAGIRI HULU, RIAU",5,90,141,231
https://kawalpemilu.org#14507,"SERESAM, SIBERIDA, INDRAGIRI HULU, RIAU",6,107,126,233
https://kawalpemilu.org#14507,"SERESAM, SIBERIDA, INDRAGIRI HULU, RIAU",7,105,132,237
https://kawalpemilu.org#14507,"SERESAM, SIBERIDA, INDRAGIRI HULU, RIAU",8,150,89,239
https://kawalpemilu.org#14508,"PAYA RUMBAI, SIBERIDA, INDRAGIRI HULU, RIAU",1,125,131,256
https://kawalpemilu.org#14508,"PAYA RUMBAI, SIBERIDA, INDRAGIRI HULU, RIAU",2,114,163,277
https://kawalpemilu.org#14508,"PAYA RUMBAI, SIBERIDA, INDRAGIRI HULU, RIAU",3,102,127,229
https://kawalpemilu.org#14508,"PAYA RUMBAI, SIBERIDA, INDRAGIRI HULU, RIAU",4,59,72,131
https://kawalpemilu.org#14508,"PAYA RUMBAI, SIBERIDA, INDRAGIRI HULU, RIAU",5,80,88,168
https://kawalpemilu.org#14509,"BUKIT MERANTI, SIBERIDA, INDRAGIRI HULU, RIAU",1,142,78,220
https://kawalpemilu.org#14509,"BUKIT MERANTI, SIBERIDA, INDRAGIRI HULU, RIAU",2,127,101,228
https://kawalpemilu.org#14509,"BUKIT MERANTI, SIBERIDA, INDRAGIRI HULU, RIAU",3,131,94,225
https://kawalpemilu.org#14509,"BUKIT MERANTI, SIBERIDA, INDRAGIRI HULU, RIAU",4,121,91,212
https://kawalpemilu.org#14509,"BUKIT MERANTI, SIBERIDA, INDRAGIRI HULU, RIAU",5,121,123,244
https://kawalpemilu.org#14509,"BUKIT MERANTI, SIBERIDA, INDRAGIRI HULU, RIAU",6,71,110,211
https://kawalpemilu.org#14509,"BUKIT MERANTI, SIBERIDA, INDRAGIRI HULU, RIAU",7,95,122,217
https://kawalpemilu.org#14509,"BUKIT MERANTI, SIBERIDA, INDRAGIRI HULU, RIAU",8,150,51,201
https://kawalpemilu.org#14510,"BULUH RAMPAI, SIBERIDA, INDRAGIRI HULU, RIAU",1,125,119,244
https://kawalpemilu.org#14510,"BULUH RAMPAI, SIBERIDA, INDRAGIRI HULU, RIAU",2,103,110,213
https://kawalpemilu.org#14510,"BULUH RAMPAI, SIBERIDA, INDRAGIRI HULU, RIAU",3,125,135,260
https://kawalpemilu.org#14510,"BULUH RAMPAI, SIBERIDA, INDRAGIRI HULU, RIAU",4,142,108,250
https://kawalpemilu.org#14510,"BULUH RAMPAI, SIBERIDA, INDRAGIRI HULU, RIAU",5,108,110,218
https://kawalpemilu.org#14510,"BULUH RAMPAI, SIBERIDA, INDRAGIRI HULU, RIAU",6,152,98,250
https://kawalpemilu.org#14510,"BULUH RAMPAI, SIBERIDA, INDRAGIRI HULU, RIAU",7,152,113,265
https://kawalpemilu.org#14510,"BULUH RAMPAI, SIBERIDA, INDRAGIRI HULU, RIAU",9,153,91,244
https://kawalpemilu.org#14510,"BULUH RAMPAI, SIBERIDA, INDRAGIRI HULU, RIAU",10,188,62,250
https://kawalpemilu.org#14510,"BULUH RAMPAI, SIBERIDA, INDRAGIRI HULU, RIAU",11,155,100,255
https://kawalpemilu.org#14510,"BULUH RAMPAI, SIBERIDA, INDRAGIRI HULU, RIAU",12,133,109,242
https://kawalpemilu.org#14510,"BULUH RAMPAI, SIBERIDA, INDRAGIRI HULU, RIAU",13,122,94,216
https://kawalpemilu.org#14510,"BULUH RAMPAI, SIBERIDA, INDRAGIRI HULU, RIAU",14,119,111,230
https://kawalpemilu.org#14510,"BULUH RAMPAI, SIBERIDA, INDRAGIRI HULU, RIAU",15,24,10,34
https://kawalpemilu.org#14511,"TITIAN RESAK, SIBERIDA, INDRAGIRI HULU, RIAU",1,84,114,198
https://kawalpemilu.org#14511,"TITIAN RESAK, SIBERIDA, INDRAGIRI HULU, RIAU",2,122,99,221
https://kawalpemilu.org#14511,"TITIAN RESAK, SIBERIDA, INDRAGIRI HULU, RIAU",3,140,102,242
https://kawalpemilu.org#14511,"TITIAN RESAK, SIBERIDA, INDRAGIRI HULU, RIAU",4,82,90,172
https://kawalpemilu.org#14511,"TITIAN RESAK, SIBERIDA, INDRAGIRI HULU, RIAU",5,121,92,213
https://kawalpemilu.org#14511,"TITIAN RESAK, SIBERIDA, INDRAGIRI HULU, RIAU",6,89,131,220
https://kawalpemilu.org#14511,"TITIAN RESAK, SIBERIDA, INDRAGIRI HULU, RIAU",7,62,159,221
https://kawalpemilu.org#14511,"TITIAN RESAK, SIBERIDA, INDRAGIRI HULU, RIAU",8,74,111,185
https://kawalpemilu.org#14511,"TITIAN RESAK, SIBERIDA, INDRAGIRI HULU, RIAU",9,87,88,175
https://kawalpemilu.org#14511,"TITIAN RESAK, SIBERIDA, INDRAGIRI HULU, RIAU",10,83,142,225
https://kawalpemilu.org#14511,"TITIAN RESAK, SIBERIDA, INDRAGIRI HULU, RIAU",12,84,143,227
https://kawalpemilu.org#14511,"TITIAN RESAK, SIBERIDA, INDRAGIRI HULU, RIAU",13,77,103,180
https://kawalpemilu.org#14511,"TITIAN RESAK, SIBERIDA, INDRAGIRI HULU, RIAU",14,112,126,238
https://kawalpemilu.org#14511,"TITIAN RESAK, SIBERIDA, INDRAGIRI HULU, RIAU",15,100,110,210
https://kawalpemilu.org#14511,"TITIAN RESAK, SIBERIDA, INDRAGIRI HULU, RIAU",16,71,109,180
https://kawalpemilu.org#14511,"TITIAN RESAK, SIBERIDA, INDRAGIRI HULU, RIAU",17,78,143,221
https://kawalpemilu.org#14512,"PETALA BUMI, SIBERIDA, INDRAGIRI HULU, RIAU",1,165,108,273
https://kawalpemilu.org#14512,"PETALA BUMI, SIBERIDA, INDRAGIRI HULU, RIAU",2,122,119,241
https://kawalpemilu.org#14512,"PETALA BUMI, SIBERIDA, INDRAGIRI HULU, RIAU",3,151,95,246
https://kawalpemilu.org#14512,"PETALA BUMI, SIBERIDA, INDRAGIRI HULU, RIAU",4,98,119,217
https://kawalpemilu.org#14512,"PETALA BUMI, SIBERIDA, INDRAGIRI HULU, RIAU",5,116,133,249
https://kawalpemilu.org#14512,"PETALA BUMI, SIBERIDA, INDRAGIRI HULU, RIAU",6,115,128,243
https://kawalpemilu.org#14512,"PETALA BUMI, SIBERIDA, INDRAGIRI HULU, RIAU",7,126,128,254
https://kawalpemilu.org#14512,"PETALA BUMI, SIBERIDA, INDRAGIRI HULU, RIAU",8,56,110,166
https://kawalpemilu.org#14512,"PETALA BUMI, SIBERIDA, INDRAGIRI HULU, RIAU",9,138,37,175
https://kawalpemilu.org#14513,"SIBABAT, SIBERIDA, INDRAGIRI HULU, RIAU",1,82,172,254
https://kawalpemilu.org#14513,"SIBABAT, SIBERIDA, INDRAGIRI HULU, RIAU",2,72,163,235
https://kawalpemilu.org#14513,"SIBABAT, SIBERIDA, INDRAGIRI HULU, RIAU",3,83,164,247
https://kawalpemilu.org#14513,"SIBABAT, SIBERIDA, INDRAGIRI HULU, RIAU",4,126,112,238
https://kawalpemilu.org#14513,"SIBABAT, SIBERIDA, INDRAGIRI HULU, RIAU",5,183,84,267
https://kawalpemilu.org#14513,"SIBABAT, SIBERIDA, INDRAGIRI HULU, RIAU",6,64,117,181
https://kawalpemilu.org#14513,"SIBABAT, SIBERIDA, INDRAGIRI HULU, RIAU",7,103,86,189
https://kawalpemilu.org#14513,"SIBABAT, SIBERIDA, INDRAGIRI HULU, RIAU",8,92,45,137
https://kawalpemilu.org#14514,"BANDAR PADANG, SIBERIDA, INDRAGIRI HULU, RIAU",1,54,172,226
https://kawalpemilu.org#14514,"BANDAR PADANG, SIBERIDA, INDRAGIRI HULU, RIAU",2,39,183,222
https://kawalpemilu.org#14514,"BANDAR PADANG, SIBERIDA, INDRAGIRI HULU, RIAU",3,53,173,226
https://kawalpemilu.org#14514,"BANDAR PADANG, SIBERIDA, INDRAGIRI HULU, RIAU",4,72,136,208
https://kawalpemilu.org#14514,"BANDAR PADANG, SIBERIDA, INDRAGIRI HULU, RIAU",5,117,95,212
https://kawalpemilu.org#14516,"ANAK TALANG, BATANG CENAKU, INDRAGIRI HULU, RIAU",1,129,87,216
https://kawalpemilu.org#14516,"ANAK TALANG, BATANG CENAKU, INDRAGIRI HULU, RIAU",2,73,107,180
https://kawalpemilu.org#14516,"ANAK TALANG, BATANG CENAKU, INDRAGIRI HULU, RIAU",3,198,21,219
https://kawalpemilu.org#14516,"ANAK TALANG, BATANG CENAKU, INDRAGIRI HULU, RIAU",4,106,122,228
https://kawalpemilu.org#14516,"ANAK TALANG, BATANG CENAKU, INDRAGIRI HULU, RIAU",5,153,49,202
https://kawalpemilu.org#14516,"ANAK TALANG, BATANG CENAKU, INDRAGIRI HULU, RIAU",6,149,22,171
https://kawalpemilu.org#14516,"ANAK TALANG, BATANG CENAKU, INDRAGIRI HULU, RIAU",7,134,9,143
https://kawalpemilu.org#14517,"BUKIT LINGKAR, BATANG CENAKU, INDRAGIRI HULU, RIAU",1,96,78,174
https://kawalpemilu.org#14517,"BUKIT LINGKAR, BATANG CENAKU, INDRAGIRI HULU, RIAU",2,66,107,173
https://kawalpemilu.org#14517,"BUKIT LINGKAR, BATANG CENAKU, INDRAGIRI HULU, RIAU",3,81,52,133
https://kawalpemilu.org#14517,"BUKIT LINGKAR, BATANG CENAKU, INDRAGIRI HULU, RIAU",4,97,57,154
https://kawalpemilu.org#14517,"BUKIT LINGKAR, BATANG CENAKU, INDRAGIRI HULU, RIAU",5,59,86,145
https://kawalpemilu.org#14517,"BUKIT LINGKAR, BATANG CENAKU, INDRAGIRI HULU, RIAU",6,168,62,230
https://kawalpemilu.org#14517,"BUKIT LINGKAR, BATANG CENAKU, INDRAGIRI HULU, RIAU",7,114,92,206
https://kawalpemilu.org#14517,"BUKIT LINGKAR, BATANG CENAKU, INDRAGIRI HULU, RIAU",8,88,77,165
https://kawalpemilu.org#14517,"BUKIT LINGKAR, BATANG CENAKU, INDRAGIRI HULU, RIAU",9,146,91,237
https://kawalpemilu.org#14517,"BUKIT LINGKAR, BATANG CENAKU, INDRAGIRI HULU, RIAU",10,62,93,155
https://kawalpemilu.org#14517,"BUKIT LINGKAR, BATANG CENAKU, INDRAGIRI HULU, RIAU",11,72,113,185
https://kawalpemilu.org#14518,"BUKIT LIPAI, BATANG CENAKU, INDRAGIRI HULU, RIAU",2,137,63,200
https://kawalpemilu.org#14518,"BUKIT LIPAI, BATANG CENAKU, INDRAGIRI HULU, RIAU",3,120,48,168
https://kawalpemilu.org#14518,"BUKIT LIPAI, BATANG CENAKU, INDRAGIRI HULU, RIAU",4,143,27,170
https://kawalpemilu.org#14518,"BUKIT LIPAI, BATANG CENAKU, INDRAGIRI HULU, RIAU",5,143,63,206
https://kawalpemilu.org#14518,"BUKIT LIPAI, BATANG CENAKU, INDRAGIRI HULU, RIAU",6,113,55,168
https://kawalpemilu.org#14518,"BUKIT LIPAI, BATANG CENAKU, INDRAGIRI HULU, RIAU",7,172,34,206
https://kawalpemilu.org#14518,"BUKIT LIPAI, BATANG CENAKU, INDRAGIRI HULU, RIAU",8,144,66,210
https://kawalpemilu.org#14518,"BUKIT LIPAI, BATANG CENAKU, INDRAGIRI HULU, RIAU",9,106,101,207
https://kawalpemilu.org#14518,"BUKIT LIPAI, BATANG CENAKU, INDRAGIRI HULU, RIAU",10,142,43,185
https://kawalpemilu.org#14518,"BUKIT LIPAI, BATANG CENAKU, INDRAGIRI HULU, RIAU",11,135,51,186
https://kawalpemilu.org#14519,"KUALA GADING, BATANG CENAKU, INDRAGIRI HULU, RIAU",1,137,104,241
https://kawalpemilu.org#14519,"KUALA GADING, BATANG CENAKU, INDRAGIRI HULU, RIAU",2,134,102,236
https://kawalpemilu.org#14519,"KUALA GADING, BATANG CENAKU, INDRAGIRI HULU, RIAU",3,152,73,225
https://kawalpemilu.org#14519,"KUALA GADING, BATANG CENAKU, INDRAGIRI HULU, RIAU",4,59,175,234
https://kawalpemilu.org#14519,"KUALA GADING, BATANG CENAKU, INDRAGIRI HULU, RIAU",5,90,25,115
https://kawalpemilu.org#14519,"KUALA GADING, BATANG CENAKU, INDRAGIRI HULU, RIAU",6,147,97,244
https://kawalpemilu.org#14519,"KUALA GADING, BATANG CENAKU, INDRAGIRI HULU, RIAU",8,136,44,180
https://kawalpemilu.org#14520,"KUALA KILAN, BATANG CENAKU, INDRAGIRI HULU, RIAU",1,41,120,161
https://kawalpemilu.org#14520,"KUALA KILAN, BATANG CENAKU, INDRAGIRI HULU, RIAU",2,56,159,215
https://kawalpemilu.org#14520,"KUALA KILAN, BATANG CENAKU, INDRAGIRI HULU, RIAU",3,36,139,175
https://kawalpemilu.org#14520,"KUALA KILAN, BATANG CENAKU, INDRAGIRI HULU, RIAU",4,56,128,184
https://kawalpemilu.org#14521,"KERUBUNG JAYA, BATANG CENAKU, INDRAGIRI HULU, RIAU",1,98,78,176
https://kawalpemilu.org#14521,"KERUBUNG JAYA, BATANG CENAKU, INDRAGIRI HULU, RIAU",2,123,54,177
https://kawalpemilu.org#14521,"KERUBUNG JAYA, BATANG CENAKU, INDRAGIRI HULU, RIAU",3,174,89,263
https://kawalpemilu.org#14521,"KERUBUNG JAYA, BATANG CENAKU, INDRAGIRI HULU, RIAU",4,113,74,187
https://kawalpemilu.org#14521,"KERUBUNG JAYA, BATANG CENAKU, INDRAGIRI HULU, RIAU",5,172,70,242
https://kawalpemilu.org#14521,"KERUBUNG JAYA, BATANG CENAKU, INDRAGIRI HULU, RIAU",6,183,18,201
https://kawalpemilu.org#14521,"KERUBUNG JAYA, BATANG CENAKU, INDRAGIRI HULU, RIAU",7,172,69,241
https://kawalpemilu.org#14521,"KERUBUNG JAYA, BATANG CENAKU, INDRAGIRI HULU, RIAU",8,113,106,219
https://kawalpemilu.org#14521,"KERUBUNG JAYA, BATANG CENAKU, INDRAGIRI HULU, RIAU",9,142,14,156
https://kawalpemilu.org#14522,"PEJANGKI, BATANG CENAKU, INDRAGIRI HULU, RIAU",1,61,90,151
https://kawalpemilu.org#14522,"PEJANGKI, BATANG CENAKU, INDRAGIRI HULU, RIAU",2,43,18,61
https://kawalpemilu.org#14522,"PEJANGKI, BATANG CENAKU, INDRAGIRI HULU, RIAU",3,43,105,148
https://kawalpemilu.org#14523,"PEMATANG MANGGIS, BATANG CENAKU, INDRAGIRI HULU, RIAU",1,191,23,214
https://kawalpemilu.org#14523,"PEMATANG MANGGIS, BATANG CENAKU, INDRAGIRI HULU, RIAU",2,178,39,217
https://kawalpemilu.org#14523,"PEMATANG MANGGIS, BATANG CENAKU, INDRAGIRI HULU, RIAU",3,164,53,217
https://kawalpemilu.org#14524,"SIPANG, BATANG CENAKU, INDRAGIRI HULU, RIAU",1,74,146,220
https://kawalpemilu.org#14524,"SIPANG, BATANG CENAKU, INDRAGIRI HULU, RIAU",2,58,165,223
https://kawalpemilu.org#14525,"TALANG BERSEMI, BATANG CENAKU, INDRAGIRI HULU, RIAU",1,145,93,238
https://kawalpemilu.org#14525,"TALANG BERSEMI, BATANG CENAKU, INDRAGIRI HULU, RIAU",2,119,39,158
https://kawalpemilu.org#14525,"TALANG BERSEMI, BATANG CENAKU, INDRAGIRI HULU, RIAU",3,120,112,232
https://kawalpemilu.org#14525,"TALANG BERSEMI, BATANG CENAKU, INDRAGIRI HULU, RIAU",4,116,55,171
https://kawalpemilu.org#14525,"TALANG BERSEMI, BATANG CENAKU, INDRAGIRI HULU, RIAU",5,43,41,84
https://kawalpemilu.org#14526,"TALANG MULYA, BATANG CENAKU, INDRAGIRI HULU, RIAU",1,188,40,228
https://kawalpemilu.org#14526,"TALANG MULYA, BATANG CENAKU, INDRAGIRI HULU, RIAU",2,139,76,215
https://kawalpemilu.org#14526,"TALANG MULYA, BATANG CENAKU, INDRAGIRI HULU, RIAU",3,166,61,227
https://kawalpemilu.org#14526,"TALANG MULYA, BATANG CENAKU, INDRAGIRI HULU, RIAU",4,182,42,224
https://kawalpemilu.org#14526,"TALANG MULYA, BATANG CENAKU, INDRAGIRI HULU, RIAU",5,200,45,245
https://kawalpemilu.org#14526,"TALANG MULYA, BATANG CENAKU, INDRAGIRI HULU, RIAU",6,171,58,229
https://kawalpemilu.org#14526,"TALANG MULYA, BATANG CENAKU, INDRAGIRI HULU, RIAU",7,167,51,218
https://kawalpemilu.org#14526,"TALANG MULYA, BATANG CENAKU, INDRAGIRI HULU, RIAU",8,183,32,215
https://kawalpemilu.org#14526,"TALANG MULYA, BATANG CENAKU, INDRAGIRI HULU, RIAU",9,158,55,213
https://kawalpemilu.org#14527,"PUNTI ANAI, BATANG CENAKU, INDRAGIRI HULU, RIAU",1,52,156,208
https://kawalpemilu.org#14527,"PUNTI ANAI, BATANG CENAKU, INDRAGIRI HULU, RIAU",2,54,149,203
https://kawalpemilu.org#14528,"PETALING JAYA, BATANG CENAKU, INDRAGIRI HULU, RIAU",1,142,88,230
https://kawalpemilu.org#14528,"PETALING JAYA, BATANG CENAKU, INDRAGIRI HULU, RIAU",2,132,64,196
https://kawalpemilu.org#14528,"PETALING JAYA, BATANG CENAKU, INDRAGIRI HULU, RIAU",3,148,62,210
https://kawalpemilu.org#14528,"PETALING JAYA, BATANG CENAKU, INDRAGIRI HULU, RIAU",4,131,55,186
https://kawalpemilu.org#14529,"CENAKU KECIL, BATANG CENAKU, INDRAGIRI HULU, RIAU",1,104,97,201
https://kawalpemilu.org#14529,"CENAKU KECIL, BATANG CENAKU, INDRAGIRI HULU, RIAU",2,68,85,153
https://kawalpemilu.org#14529,"CENAKU KECIL, BATANG CENAKU, INDRAGIRI HULU, RIAU",3,87,57,144
https://kawalpemilu.org#14529,"CENAKU KECIL, BATANG CENAKU, INDRAGIRI HULU, RIAU",4,105,41,146
https://kawalpemilu.org#14530,"ALIM, BATANG CENAKU, INDRAGIRI HULU, RIAU",1,126,88,214
https://kawalpemilu.org#14530,"ALIM, BATANG CENAKU, INDRAGIRI HULU, RIAU",2,177,40,217
https://kawalpemilu.org#14530,"ALIM, BATANG CENAKU, INDRAGIRI HULU, RIAU",3,107,6,113
https://kawalpemilu.org#14530,"ALIM, BATANG CENAKU, INDRAGIRI HULU, RIAU",4,119,63,182
https://kawalpemilu.org#14530,"ALIM, BATANG CENAKU, INDRAGIRI HULU, RIAU",5,167,22,189
https://kawalpemilu.org#14530,"ALIM, BATANG CENAKU, INDRAGIRI HULU, RIAU",6,39,3,42
https://kawalpemilu.org#14531,"AUR CINA, BATANG CENAKU, INDRAGIRI HULU, RIAU",1,94,90,184
https://kawalpemilu.org#14531,"AUR CINA, BATANG CENAKU, INDRAGIRI HULU, RIAU",2,54,157,211
https://kawalpemilu.org#14531,"AUR CINA, BATANG CENAKU, INDRAGIRI HULU, RIAU",3,137,53,190
https://kawalpemilu.org#14531,"AUR CINA, BATANG CENAKU, INDRAGIRI HULU, RIAU",4,111,114,225
https://kawalpemilu.org#14531,"AUR CINA, BATANG CENAKU, INDRAGIRI HULU, RIAU",5,65,131,196
https://kawalpemilu.org#14531,"AUR CINA, BATANG CENAKU, INDRAGIRI HULU, RIAU",6,97,95,192
https://kawalpemilu.org#14532,"LAHAI KEMUNING, BATANG CENAKU, INDRAGIRI HULU, RIAU",1,107,118,225
https://kawalpemilu.org#14532,"LAHAI KEMUNING, BATANG CENAKU, INDRAGIRI HULU, RIAU",2,171,59,230
https://kawalpemilu.org#14532,"LAHAI KEMUNING, BATANG CENAKU, INDRAGIRI HULU, RIAU",3,117,78,195
https://kawalpemilu.org#14532,"LAHAI KEMUNING, BATANG CENAKU, INDRAGIRI HULU, RIAU",4,151,60,211
https://kawalpemilu.org#14533,"KEPAYANG SARI, BATANG CENAKU, INDRAGIRI HULU, RIAU",1,173,41,214
https://kawalpemilu.org#14533,"KEPAYANG SARI, BATANG CENAKU, INDRAGIRI HULU, RIAU",2,135,49,184
https://kawalpemilu.org#14533,"KEPAYANG SARI, BATANG CENAKU, INDRAGIRI HULU, RIAU",3,112,118,230
https://kawalpemilu.org#14533,"KEPAYANG SARI, BATANG CENAKU, INDRAGIRI HULU, RIAU",4,88,2,90
https://kawalpemilu.org#14533,"KEPAYANG SARI, BATANG CENAKU, INDRAGIRI HULU, RIAU",5,213,19,232
https://kawalpemilu.org#14533,"KEPAYANG SARI, BATANG CENAKU, INDRAGIRI HULU, RIAU",6,116,103,219
https://kawalpemilu.org#14533,"KEPAYANG SARI, BATANG CENAKU, INDRAGIRI HULU, RIAU",7,130,73,203
https://kawalpemilu.org#14533,"KEPAYANG SARI, BATANG CENAKU, INDRAGIRI HULU, RIAU",8,53,161,214
https://kawalpemilu.org#14533,"KEPAYANG SARI, BATANG CENAKU, INDRAGIRI HULU, RIAU",9,211,5,216
https://kawalpemilu.org#14533,"KEPAYANG SARI, BATANG CENAKU, INDRAGIRI HULU, RIAU",10,122,9,131
https://kawalpemilu.org#14534,"BATU PAPAN, BATANG CENAKU, INDRAGIRI HULU, RIAU",1,122,120,242
https://kawalpemilu.org#14534,"BATU PAPAN, BATANG CENAKU, INDRAGIRI HULU, RIAU",2,100,136,236
https://kawalpemilu.org#14535,"SANGLAP, BATANG CENAKU, INDRAGIRI HULU, RIAU",1,54,161,215
https://kawalpemilu.org#14537,"SIAMBUL, BATANG GANGSAL, INDRAGIRI HULU, RIAU",1,122,17,139
https://kawalpemilu.org#14537,"SIAMBUL, BATANG GANGSAL, INDRAGIRI HULU, RIAU",2,135,20,155
https://kawalpemilu.org#14537,"SIAMBUL, BATANG GANGSAL, INDRAGIRI HULU, RIAU",3,85,35,120
https://kawalpemilu.org#14537,"SIAMBUL, BATANG GANGSAL, INDRAGIRI HULU, RIAU",4,108,63,171
https://kawalpemilu.org#14537,"SIAMBUL, BATANG GANGSAL, INDRAGIRI HULU, RIAU",5,123,24,147
https://kawalpemilu.org#14537,"SIAMBUL, BATANG GANGSAL, INDRAGIRI HULU, RIAU",6,141,55,196
https://kawalpemilu.org#14538,"RANTAU LANGSAT, BATANG GANGSAL, INDRAGIRI HULU, RIAU",1,10,186,196
https://kawalpemilu.org#14538,"RANTAU LANGSAT, BATANG GANGSAL, INDRAGIRI HULU, RIAU",2,69,26,95
https://kawalpemilu.org#14538,"RANTAU LANGSAT, BATANG GANGSAL, INDRAGIRI HULU, RIAU",3,7,99,106
https://kawalpemilu.org#14538,"RANTAU LANGSAT, BATANG GANGSAL, INDRAGIRI HULU, RIAU",4,39,67,106
https://kawalpemilu.org#14538,"RANTAU LANGSAT, BATANG GANGSAL, INDRAGIRI HULU, RIAU",5,25,70,95
https://kawalpemilu.org#14538,"RANTAU LANGSAT, BATANG GANGSAL, INDRAGIRI HULU, RIAU",6,5,83,88
https://kawalpemilu.org#14539,"SUNGAI AKAR, BATANG GANGSAL, INDRAGIRI HULU, RIAU",1,82,118,200
https://kawalpemilu.org#14539,"SUNGAI AKAR, BATANG GANGSAL, INDRAGIRI HULU, RIAU",2,100,108,208
https://kawalpemilu.org#14539,"SUNGAI AKAR, BATANG GANGSAL, INDRAGIRI HULU, RIAU",3,220,0,220
https://kawalpemilu.org#14539,"SUNGAI AKAR, BATANG GANGSAL, INDRAGIRI HULU, RIAU",4,173,59,232
https://kawalpemilu.org#14539,"SUNGAI AKAR, BATANG GANGSAL, INDRAGIRI HULU, RIAU",5,196,54,250
https://kawalpemilu.org#14539,"SUNGAI AKAR, BATANG GANGSAL, INDRAGIRI HULU, RIAU",6,183,45,228
https://kawalpemilu.org#14539,"SUNGAI AKAR, BATANG GANGSAL, INDRAGIRI HULU, RIAU",7,181,21,206
https://kawalpemilu.org#14539,"SUNGAI AKAR, BATANG GANGSAL, INDRAGIRI HULU, RIAU",8,155,1,156
https://kawalpemilu.org#14539,"SUNGAI AKAR, BATANG GANGSAL, INDRAGIRI HULU, RIAU",9,90,95,95
https://kawalpemilu.org#14539,"SUNGAI AKAR, BATANG GANGSAL, INDRAGIRI HULU, RIAU",10,180,62,242
https://kawalpemilu.org#14539,"SUNGAI AKAR, BATANG GANGSAL, INDRAGIRI HULU, RIAU",11,132,66,198
https://kawalpemilu.org#14539,"SUNGAI AKAR, BATANG GANGSAL, INDRAGIRI HULU, RIAU",13,193,36,229
https://kawalpemilu.org#14539,"SUNGAI AKAR, BATANG GANGSAL, INDRAGIRI HULU, RIAU",14,212,15,227
https://kawalpemilu.org#14539,"SUNGAI AKAR, BATANG GANGSAL, INDRAGIRI HULU, RIAU",15,163,26,189
https://kawalpemilu.org#14539,"SUNGAI AKAR, BATANG GANGSAL, INDRAGIRI HULU, RIAU",16,166,1,167
https://kawalpemilu.org#14539,"SUNGAI AKAR, BATANG GANGSAL, INDRAGIRI HULU, RIAU",17,80,35,115
https://kawalpemilu.org#14539,"SUNGAI AKAR, BATANG GANGSAL, INDRAGIRI HULU, RIAU",18,47,18,65
https://kawalpemilu.org#14540,"USUL, BATANG GANGSAL, INDRAGIRI HULU, RIAU",1,42,169,211
https://kawalpemilu.org#14540,"USUL, BATANG GANGSAL, INDRAGIRI HULU, RIAU",2,52,113,165
https://kawalpemilu.org#14540,"USUL, BATANG GANGSAL, INDRAGIRI HULU, RIAU",3,48,125,173
https://kawalpemilu.org#14540,"USUL, BATANG GANGSAL, INDRAGIRI HULU, RIAU",4,66,125,191
https://kawalpemilu.org#14541,"SEBERIDA, BATANG GANGSAL, INDRAGIRI HULU, RIAU",1,90,146,236
https://kawalpemilu.org#14541,"SEBERIDA, BATANG GANGSAL, INDRAGIRI HULU, RIAU",2,85,143,228
https://kawalpemilu.org#14541,"SEBERIDA, BATANG GANGSAL, INDRAGIRI HULU, RIAU",3,172,74,246
https://kawalpemilu.org#14541,"SEBERIDA, BATANG GANGSAL, INDRAGIRI HULU, RIAU",4,137,75,212
https://kawalpemilu.org#14541,"SEBERIDA, BATANG GANGSAL, INDRAGIRI HULU, RIAU",5,78,67,145
https://kawalpemilu.org#14541,"SEBERIDA, BATANG GANGSAL, INDRAGIRI HULU, RIAU",6,116,104,220
https://kawalpemilu.org#14541,"SEBERIDA, BATANG GANGSAL, INDRAGIRI HULU, RIAU",7,99,117,216
https://kawalpemilu.org#14541,"SEBERIDA, BATANG GANGSAL, INDRAGIRI HULU, RIAU",8,108,107,215
https://kawalpemilu.org#14541,"SEBERIDA, BATANG GANGSAL, INDRAGIRI HULU, RIAU",9,77,84,161
https://kawalpemilu.org#14541,"SEBERIDA, BATANG GANGSAL, INDRAGIRI HULU, RIAU",10,76,47,123
https://kawalpemilu.org#14541,"SEBERIDA, BATANG GANGSAL, INDRAGIRI HULU, RIAU",11,50,40,90
https://kawalpemilu.org#14542,"TALANG LAKAT, BATANG GANGSAL, INDRAGIRI HULU, RIAU",1,190,15,205
https://kawalpemilu.org#14542,"TALANG LAKAT, BATANG GANGSAL, INDRAGIRI HULU, RIAU",2,150,31,181
https://kawalpemilu.org#14542,"TALANG LAKAT, BATANG GANGSAL, INDRAGIRI HULU, RIAU",3,217,4,221
https://kawalpemilu.org#14542,"TALANG LAKAT, BATANG GANGSAL, INDRAGIRI HULU, RIAU",5,189,2,191
https://kawalpemilu.org#14542,"TALANG LAKAT, BATANG GANGSAL, INDRAGIRI HULU, RIAU",6,150,18,168
https://kawalpemilu.org#14542,"TALANG LAKAT, BATANG GANGSAL, INDRAGIRI HULU, RIAU",7,211,10,221
https://kawalpemilu.org#14543,"BELIMBING, BATANG GANGSAL, INDRAGIRI HULU, RIAU",1,117,111,228
https://kawalpemilu.org#14543,"BELIMBING, BATANG GANGSAL, INDRAGIRI HULU, RIAU",2,135,68,203
https://kawalpemilu.org#14543,"BELIMBING, BATANG GANGSAL, INDRAGIRI HULU, RIAU",3,106,41,147
https://kawalpemilu.org#14543,"BELIMBING, BATANG GANGSAL, INDRAGIRI HULU, RIAU",4,177,39,216
https://kawalpemilu.org#14543,"BELIMBING, BATANG GANGSAL, INDRAGIRI HULU, RIAU",5,204,84,288
https://kawalpemilu.org#14543,"BELIMBING, BATANG GANGSAL, INDRAGIRI HULU, RIAU",6,218,42,260
https://kawalpemilu.org#14543,"BELIMBING, BATANG GANGSAL, INDRAGIRI HULU, RIAU",7,155,37,192
https://kawalpemilu.org#14543,"BELIMBING, BATANG GANGSAL, INDRAGIRI HULU, RIAU",8,117,22,139
https://kawalpemilu.org#14543,"BELIMBING, BATANG GANGSAL, INDRAGIRI HULU, RIAU",9,144,28,172
https://kawalpemilu.org#14544,"RINGIN, BATANG GANGSAL, INDRAGIRI HULU, RIAU",1,105,77,182
https://kawalpemilu.org#14544,"RINGIN, BATANG GANGSAL, INDRAGIRI HULU, RIAU",2,84,84,168
https://kawalpemilu.org#14544,"RINGIN, BATANG GANGSAL, INDRAGIRI HULU, RIAU",3,181,70,251
https://kawalpemilu.org#14544,"RINGIN, BATANG GANGSAL, INDRAGIRI HULU, RIAU",4,84,73,157
https://kawalpemilu.org#14544,"RINGIN, BATANG GANGSAL, INDRAGIRI HULU, RIAU",5,55,40,95
https://kawalpemilu.org#14544,"RINGIN, BATANG GANGSAL, INDRAGIRI HULU, RIAU",6,51,116,167
https://kawalpemilu.org#14544,"RINGIN, BATANG GANGSAL, INDRAGIRI HULU, RIAU",7,147,68,215
https://kawalpemilu.org#14545,"PENYAGUAN, BATANG GANGSAL, INDRAGIRI HULU, RIAU",1,165,38,203
https://kawalpemilu.org#14545,"PENYAGUAN, BATANG GANGSAL, INDRAGIRI HULU, RIAU",2,89,45,134
https://kawalpemilu.org#14545,"PENYAGUAN, BATANG GANGSAL, INDRAGIRI HULU, RIAU",3,202,33,235
https://kawalpemilu.org#14545,"PENYAGUAN, BATANG GANGSAL, INDRAGIRI HULU, RIAU",4,118,64,182
https://kawalpemilu.org#14545,"PENYAGUAN, BATANG GANGSAL, INDRAGIRI HULU, RIAU",5,88,51,139
https://kawalpemilu.org#14546,"DANAU RAMBAI, BATANG GANGSAL, INDRAGIRI HULU, RIAU",1,151,77,228
https://kawalpemilu.org#14546,"DANAU RAMBAI, BATANG GANGSAL, INDRAGIRI HULU, RIAU",2,159,54,213
https://kawalpemilu.org#14546,"DANAU RAMBAI, BATANG GANGSAL, INDRAGIRI HULU, RIAU",3,192,5,197
https://kawalpemilu.org#14546,"DANAU RAMBAI, BATANG GANGSAL, INDRAGIRI HULU, RIAU",4,229,1,230
https://kawalpemilu.org#14546,"DANAU RAMBAI, BATANG GANGSAL, INDRAGIRI HULU, RIAU",5,225,49,274
https://kawalpemilu.org#14546,"DANAU RAMBAI, BATANG GANGSAL, INDRAGIRI HULU, RIAU",6,194,41,235
https://kawalpemilu.org#14546,"DANAU RAMBAI, BATANG GANGSAL, INDRAGIRI HULU, RIAU",7,136,77,213
https://kawalpemilu.org#14546,"DANAU RAMBAI, BATANG GANGSAL, INDRAGIRI HULU, RIAU",8,220,7,227
https://kawalpemilu.org#14546,"DANAU RAMBAI, BATANG GANGSAL, INDRAGIRI HULU, RIAU",9,162,71,233
https://kawalpemilu.org#14546,"DANAU RAMBAI, BATANG GANGSAL, INDRAGIRI HULU, RIAU",10,119,42,161
https://kawalpemilu.org#14546,"DANAU RAMBAI, BATANG GANGSAL, INDRAGIRI HULU, RIAU",11,159,12,171
https://kawalpemilu.org#14548,"JAPURA, LIRIK, INDRAGIRI HULU, RIAU",1,55,177,232
https://kawalpemilu.org#14548,"JAPURA, LIRIK, INDRAGIRI HULU, RIAU",2,75,137,212
https://kawalpemilu.org#14548,"JAPURA, LIRIK, INDRAGIRI HULU, RIAU",3,55,185,240
https://kawalpemilu.org#14548,"JAPURA, LIRIK, INDRAGIRI HULU, RIAU",4,47,126,173
https://kawalpemilu.org#14549,"SIDOMULYO, LIRIK, INDRAGIRI HULU, RIAU",1,106,127,233
https://kawalpemilu.org#14549,"SIDOMULYO, LIRIK, INDRAGIRI HULU, RIAU",2,128,114,242
https://kawalpemilu.org#14549,"SIDOMULYO, LIRIK, INDRAGIRI HULU, RIAU",3,120,113,233
https://kawalpemilu.org#14549,"SIDOMULYO, LIRIK, INDRAGIRI HULU, RIAU",4,110,131,241
https://kawalpemilu.org#14549,"SIDOMULYO, LIRIK, INDRAGIRI HULU, RIAU",5,113,124,237
https://kawalpemilu.org#14549,"SIDOMULYO, LIRIK, INDRAGIRI HULU, RIAU",6,118,120,238
https://kawalpemilu.org#14550,"PASIR RINGGIT, LIRIK, INDRAGIRI HULU, RIAU",1,26,199,225
https://kawalpemilu.org#14550,"PASIR RINGGIT, LIRIK, INDRAGIRI HULU, RIAU",2,57,175,232
https://kawalpemilu.org#14550,"PASIR RINGGIT, LIRIK, INDRAGIRI HULU, RIAU",3,60,130,190
https://kawalpemilu.org#14550,"PASIR RINGGIT, LIRIK, INDRAGIRI HULU, RIAU",4,53,168,221
https://kawalpemilu.org#14550,"PASIR RINGGIT, LIRIK, INDRAGIRI HULU, RIAU",5,101,138,239
https://kawalpemilu.org#14550,"PASIR RINGGIT, LIRIK, INDRAGIRI HULU, RIAU",6,56,130,186
https://kawalpemilu.org#14550,"PASIR RINGGIT, LIRIK, INDRAGIRI HULU, RIAU",7,51,100,151
https://kawalpemilu.org#14551,"GUDANG BATU, LIRIK, INDRAGIRI HULU, RIAU",1,113,127,240
https://kawalpemilu.org#14551,"GUDANG BATU, LIRIK, INDRAGIRI HULU, RIAU",2,111,113,224
https://kawalpemilu.org#14551,"GUDANG BATU, LIRIK, INDRAGIRI HULU, RIAU",3,68,132,200
https://kawalpemilu.org#14552,"SUNGAI SAGU, LIRIK, INDRAGIRI HULU, RIAU",1,157,90,247
https://kawalpemilu.org#14552,"SUNGAI SAGU, LIRIK, INDRAGIRI HULU, RIAU",2,105,101,206
https://kawalpemilu.org#14552,"SUNGAI SAGU, LIRIK, INDRAGIRI HULU, RIAU",3,137,96,233
https://kawalpemilu.org#14552,"SUNGAI SAGU, LIRIK, INDRAGIRI HULU, RIAU",4,133,100,233
https://kawalpemilu.org#14552,"SUNGAI SAGU, LIRIK, INDRAGIRI HULU, RIAU",5,137,101,238
https://kawalpemilu.org#14552,"SUNGAI SAGU, LIRIK, INDRAGIRI HULU, RIAU",6,91,125,216
https://kawalpemilu.org#14553,"LIRIK AREA, LIRIK, INDRAGIRI HULU, RIAU",1,36,103,139
https://kawalpemilu.org#14554,"REJOSARI, LIRIK, INDRAGIRI HULU, RIAU",1,90,132,222
https://kawalpemilu.org#14554,"REJOSARI, LIRIK, INDRAGIRI HULU, RIAU",2,76,159,235
https://kawalpemilu.org#14554,"REJOSARI, LIRIK, INDRAGIRI HULU, RIAU",3,81,142,223
https://kawalpemilu.org#14555,"LAMBANG SARI V, LIRIK, INDRAGIRI HULU, RIAU",1,90,153,243
https://kawalpemilu.org#14555,"LAMBANG SARI V, LIRIK, INDRAGIRI HULU, RIAU",2,83,139,222
https://kawalpemilu.org#14556,"LAMBANG SARI IV, LIRIK, INDRAGIRI HULU, RIAU",1,48,97,145
https://kawalpemilu.org#14557,"LAMBANG SARI I, II, III, LIRIK, INDRAGIRI HULU, RIAU",1,86,105,191
https://kawalpemilu.org#14557,"LAMBANG SARI I, II, III, LIRIK, INDRAGIRI HULU, RIAU",2,72,138,210
https://kawalpemilu.org#14557,"LAMBANG SARI I, II, III, LIRIK, INDRAGIRI HULU, RIAU",3,60,129,189
https://kawalpemilu.org#14558,"WONOSARI, LIRIK, INDRAGIRI HULU, RIAU",1,117,83,200
https://kawalpemilu.org#14558,"WONOSARI, LIRIK, INDRAGIRI HULU, RIAU",2,108,92,200
https://kawalpemilu.org#14558,"WONOSARI, LIRIK, INDRAGIRI HULU, RIAU",3,124,58,182
https://kawalpemilu.org#14558,"WONOSARI, LIRIK, INDRAGIRI HULU, RIAU",4,82,92,174
https://kawalpemilu.org#14559,"SEKO LUBUK TIGO, LIRIK, INDRAGIRI HULU, RIAU",1,76,153,229
https://kawalpemilu.org#14559,"SEKO LUBUK TIGO, LIRIK, INDRAGIRI HULU, RIAU",2,89,101,190
https://kawalpemilu.org#14559,"SEKO LUBUK TIGO, LIRIK, INDRAGIRI HULU, RIAU",3,78,104,182
https://kawalpemilu.org#14559,"SEKO LUBUK TIGO, LIRIK, INDRAGIRI HULU, RIAU",4,33,96,129
https://kawalpemilu.org#14559,"SEKO LUBUK TIGO, LIRIK, INDRAGIRI HULU, RIAU",5,46,113,159
https://kawalpemilu.org#14560,"BANJAR BALAM, LIRIK, INDRAGIRI HULU, RIAU",1,40,217,257
https://kawalpemilu.org#14560,"BANJAR BALAM, LIRIK, INDRAGIRI HULU, RIAU",2,59,148,207
https://kawalpemilu.org#14560,"BANJAR BALAM, LIRIK, INDRAGIRI HULU, RIAU",3,46,176,222
https://kawalpemilu.org#14560,"BANJAR BALAM, LIRIK, INDRAGIRI HULU, RIAU",4,54,67,121
https://kawalpemilu.org#14561,"REDANG SEKO, LIRIK, INDRAGIRI HULU, RIAU",1,93,138,231
https://kawalpemilu.org#14561,"REDANG SEKO, LIRIK, INDRAGIRI HULU, RIAU",2,94,97,191
https://kawalpemilu.org#14561,"REDANG SEKO, LIRIK, INDRAGIRI HULU, RIAU",3,69,171,240
https://kawalpemilu.org#14561,"REDANG SEKO, LIRIK, INDRAGIRI HULU, RIAU",4,90,45,135
https://kawalpemilu.org#14561,"REDANG SEKO, LIRIK, INDRAGIRI HULU, RIAU",5,76,39,115
https://kawalpemilu.org#14561,"REDANG SEKO, LIRIK, INDRAGIRI HULU, RIAU",6,134,76,210
https://kawalpemilu.org#14561,"REDANG SEKO, LIRIK, INDRAGIRI HULU, RIAU",7,107,101,208
https://kawalpemilu.org#14561,"REDANG SEKO, LIRIK, INDRAGIRI HULU, RIAU",8,83,80,163
https://kawalpemilu.org#14561,"REDANG SEKO, LIRIK, INDRAGIRI HULU, RIAU",9,105,119,224
https://kawalpemilu.org#14561,"REDANG SEKO, LIRIK, INDRAGIRI HULU, RIAU",10,130,41,171
https://kawalpemilu.org#14561,"REDANG SEKO, LIRIK, INDRAGIRI HULU, RIAU",11,144,65,209
https://kawalpemilu.org#14562,"SUKAJADI, LIRIK, INDRAGIRI HULU, RIAU",1,89,144,233
https://kawalpemilu.org#14562,"SUKAJADI, LIRIK, INDRAGIRI HULU, RIAU",2,83,155,238
https://kawalpemilu.org#14562,"SUKAJADI, LIRIK, INDRAGIRI HULU, RIAU",3,77,108,185
https://kawalpemilu.org#14563,"MEKAR SARI, LIRIK, INDRAGIRI HULU, RIAU",1,118,78,196
https://kawalpemilu.org#14563,"MEKAR SARI, LIRIK, INDRAGIRI HULU, RIAU",2,135,59,194
https://kawalpemilu.org#14563,"MEKAR SARI, LIRIK, INDRAGIRI HULU, RIAU",3,111,51,162
https://kawalpemilu.org#14563,"MEKAR SARI, LIRIK, INDRAGIRI HULU, RIAU",4,91,52,143
https://kawalpemilu.org#14564,"PASIR SIALANG JAYA, LIRIK, INDRAGIRI HULU, RIAU",1,60,146,206
https://kawalpemilu.org#14564,"PASIR SIALANG JAYA, LIRIK, INDRAGIRI HULU, RIAU",2,72,131,203
https://kawalpemilu.org#14564,"PASIR SIALANG JAYA, LIRIK, INDRAGIRI HULU, RIAU",3,54,201,255
https://kawalpemilu.org#14566,"TAMBAK, KUALA CENAKU, INDRAGIRI HULU, RIAU",1,42,210,252
https://kawalpemilu.org#14566,"TAMBAK, KUALA CENAKU, INDRAGIRI HULU, RIAU",2,47,156,203
https://kawalpemilu.org#14566,"TAMBAK, KUALA CENAKU, INDRAGIRI HULU, RIAU",3,43,168,211
https://kawalpemilu.org#14566,"TAMBAK, KUALA CENAKU, INDRAGIRI HULU, RIAU",4,18,220,238
https://kawalpemilu.org#14566,"TAMBAK, KUALA CENAKU, INDRAGIRI HULU, RIAU",5,34,217,251
https://kawalpemilu.org#14567,"KUALA CENAKU, KUALA CENAKU, INDRAGIRI HULU, RIAU",1,112,124,236
https://kawalpemilu.org#14567,"KUALA CENAKU, KUALA CENAKU, INDRAGIRI HULU, RIAU",2,86,166,252
https://kawalpemilu.org#14567,"KUALA CENAKU, KUALA CENAKU, INDRAGIRI HULU, RIAU",3,51,115,166
https://kawalpemilu.org#14567,"KUALA CENAKU, KUALA CENAKU, INDRAGIRI HULU, RIAU",4,53,168,221
https://kawalpemilu.org#14567,"KUALA CENAKU, KUALA CENAKU, INDRAGIRI HULU, RIAU",5,86,138,224
https://kawalpemilu.org#14568,"PULAU GELANG, KUALA CENAKU, INDRAGIRI HULU, RIAU",1,37,167,204
https://kawalpemilu.org#14568,"PULAU GELANG, KUALA CENAKU, INDRAGIRI HULU, RIAU",2,93,133,226
https://kawalpemilu.org#14568,"PULAU GELANG, KUALA CENAKU, INDRAGIRI HULU, RIAU",3,29,166,195
https://kawalpemilu.org#14568,"PULAU GELANG, KUALA CENAKU, INDRAGIRI HULU, RIAU",4,49,187,236
https://kawalpemilu.org#14568,"PULAU GELANG, KUALA CENAKU, INDRAGIRI HULU, RIAU",5,32,175,207
https://kawalpemilu.org#14568,"PULAU GELANG, KUALA CENAKU, INDRAGIRI HULU, RIAU",6,32,80,112
https://kawalpemilu.org#14569,"KUALA MULYA, KUALA CENAKU, INDRAGIRI HULU, RIAU",1,134,107,41
https://kawalpemilu.org#14569,"KUALA MULYA, KUALA CENAKU, INDRAGIRI HULU, RIAU",2,142,75,217
https://kawalpemilu.org#14569,"KUALA MULYA, KUALA CENAKU, INDRAGIRI HULU, RIAU",3,106,164,270
https://kawalpemilu.org#14569,"KUALA MULYA, KUALA CENAKU, INDRAGIRI HULU, RIAU",4,171,55,226
https://kawalpemilu.org#14569,"KUALA MULYA, KUALA CENAKU, INDRAGIRI HULU, RIAU",5,97,140,237
https://kawalpemilu.org#14570,"TANJUNG SARI, KUALA CENAKU, INDRAGIRI HULU, RIAU",1,99,81,180
https://kawalpemilu.org#14570,"TANJUNG SARI, KUALA CENAKU, INDRAGIRI HULU, RIAU",2,86,99,185
https://kawalpemilu.org#14570,"TANJUNG SARI, KUALA CENAKU, INDRAGIRI HULU, RIAU",3,109,57,166
https://kawalpemilu.org#14570,"TANJUNG SARI, KUALA CENAKU, INDRAGIRI HULU, RIAU",4,104,52,156
https://kawalpemilu.org#14570,"TANJUNG SARI, KUALA CENAKU, INDRAGIRI HULU, RIAU",5,98,68,166
https://kawalpemilu.org#14571,"RAWA SEKIP, KUALA CENAKU, INDRAGIRI HULU, RIAU",1,102,88,190
https://kawalpemilu.org#14571,"RAWA SEKIP, KUALA CENAKU, INDRAGIRI HULU, RIAU",2,102,95,197
https://kawalpemilu.org#14571,"RAWA SEKIP, KUALA CENAKU, INDRAGIRI HULU, RIAU",3,85,44,129
https://kawalpemilu.org#14572,"RAWA ASRI, KUALA CENAKU, INDRAGIRI HULU, RIAU",1,115,50,165
https://kawalpemilu.org#14572,"RAWA ASRI, KUALA CENAKU, INDRAGIRI HULU, RIAU",2,86,51,137
https://kawalpemilu.org#14573,"SUKAJADI, KUALA CENAKU, INDRAGIRI HULU, RIAU",1,145,49,194
https://kawalpemilu.org#14573,"SUKAJADI, KUALA CENAKU, INDRAGIRI HULU, RIAU",2,123,87,210
https://kawalpemilu.org#14573,"SUKAJADI, KUALA CENAKU, INDRAGIRI HULU, RIAU",3,157,74,231
https://kawalpemilu.org#14573,"SUKAJADI, KUALA CENAKU, INDRAGIRI HULU, RIAU",4,41,71,112
https://kawalpemilu.org#14574,"TELUK SUNGKAI, KUALA CENAKU, INDRAGIRI HULU, RIAU",1,73,93,166
https://kawalpemilu.org#14574,"TELUK SUNGKAI, KUALA CENAKU, INDRAGIRI HULU, RIAU",2,56,141,197
https://kawalpemilu.org#14574,"TELUK SUNGKAI, KUALA CENAKU, INDRAGIRI HULU, RIAU",3,45,145,190
https://kawalpemilu.org#14574,"TELUK SUNGKAI, KUALA CENAKU, INDRAGIRI HULU, RIAU",4,93,78,171
https://kawalpemilu.org#14575,"PULAU JUM'AT, KUALA CENAKU, INDRAGIRI HULU, RIAU",1,37,151,188
https://kawalpemilu.org#14575,"PULAU JUM'AT, KUALA CENAKU, INDRAGIRI HULU, RIAU",2,34,134,168
https://kawalpemilu.org#14575,"PULAU JUM'AT, KUALA CENAKU, INDRAGIRI HULU, RIAU",3,71,97,168
https://kawalpemilu.org#14577,"MORONG, SUNGAI LALA, INDRAGIRI HULU, RIAU",1,29,157,186
https://kawalpemilu.org#14577,"MORONG, SUNGAI LALA, INDRAGIRI HULU, RIAU",2,2,104,106
https://kawalpemilu.org#14577,"MORONG, SUNGAI LALA, INDRAGIRI HULU, RIAU",3,28,153,153
https://kawalpemilu.org#14578,"PASIR BONGKAL, SUNGAI LALA, INDRAGIRI HULU, RIAU",1,22,192,214
https://kawalpemilu.org#14578,"PASIR BONGKAL, SUNGAI LALA, INDRAGIRI HULU, RIAU",2,16,157,173
https://kawalpemilu.org#14578,"PASIR BONGKAL, SUNGAI LALA, INDRAGIRI HULU, RIAU",3,9,239,248
https://kawalpemilu.org#14578,"PASIR BONGKAL, SUNGAI LALA, INDRAGIRI HULU, RIAU",4,40,158,198
https://kawalpemilu.org#14579,"PASIR SELABAU, SUNGAI LALA, INDRAGIRI HULU, RIAU",1,29,199,228
https://kawalpemilu.org#14580,"PASIR BATU MANDI, SUNGAI LALA, INDRAGIRI HULU, RIAU",1,25,110,135
https://kawalpemilu.org#14580,"PASIR BATU MANDI, SUNGAI LALA, INDRAGIRI HULU, RIAU",2,32,125,157
https://kawalpemilu.org#14580,"PASIR BATU MANDI, SUNGAI LALA, INDRAGIRI HULU, RIAU",3,25,46,46
https://kawalpemilu.org#14581,"PASIR KELAMPAIAN, SUNGAI LALA, INDRAGIRI HULU, RIAU",1,70,148,218
https://kawalpemilu.org#14581,"PASIR KELAMPAIAN, SUNGAI LALA, INDRAGIRI HULU, RIAU",2,57,174,231
https://kawalpemilu.org#14582,"KUALA LALA, SUNGAI LALA, INDRAGIRI HULU, RIAU",1,123,90,213
https://kawalpemilu.org#14582,"KUALA LALA, SUNGAI LALA, INDRAGIRI HULU, RIAU",2,62,165,227
https://kawalpemilu.org#14583,"SUNGAI LALA, SUNGAI LALA, INDRAGIRI HULU, RIAU",1,48,163,211
https://kawalpemilu.org#14583,"SUNGAI LALA, SUNGAI LALA, INDRAGIRI HULU, RIAU",2,72,104,176
https://kawalpemilu.org#14583,"SUNGAI LALA, SUNGAI LALA, INDRAGIRI HULU, RIAU",3,71,143,214
https://kawalpemilu.org#14584,"KELAWAT, SUNGAI LALA, INDRAGIRI HULU, RIAU",1,77,98,175
https://kawalpemilu.org#14584,"KELAWAT, SUNGAI LALA, INDRAGIRI HULU, RIAU",2,77,64,141
https://kawalpemilu.org#14584,"KELAWAT, SUNGAI LALA, INDRAGIRI HULU, RIAU",3,173,55,228
https://kawalpemilu.org#14584,"KELAWAT, SUNGAI LALA, INDRAGIRI HULU, RIAU",4,98,90,188
https://kawalpemilu.org#14584,"KELAWAT, SUNGAI LALA, INDRAGIRI HULU, RIAU",5,85,86,171
https://kawalpemilu.org#14584,"KELAWAT, SUNGAI LALA, INDRAGIRI HULU, RIAU",6,89,90,179
https://kawalpemilu.org#14585,"PERKEBUNAN SEI PARIT, SUNGAI LALA, INDRAGIRI HULU, RIAU",1,35,129,164
https://kawalpemilu.org#14585,"PERKEBUNAN SEI PARIT, SUNGAI LALA, INDRAGIRI HULU, RIAU",2,52,178,230
https://kawalpemilu.org#14585,"PERKEBUNAN SEI PARIT, SUNGAI LALA, INDRAGIRI HULU, RIAU",3,90,115,205
https://kawalpemilu.org#14585,"PERKEBUNAN SEI PARIT, SUNGAI LALA, INDRAGIRI HULU, RIAU",4,34,121,155
https://kawalpemilu.org#14586,"PERKEBUNAN SEI LALA, SUNGAI LALA, INDRAGIRI HULU, RIAU",1,141,115,256
https://kawalpemilu.org#14586,"PERKEBUNAN SEI LALA, SUNGAI LALA, INDRAGIRI HULU, RIAU",2,128,113,241
https://kawalpemilu.org#14586,"PERKEBUNAN SEI LALA, SUNGAI LALA, INDRAGIRI HULU, RIAU",3,137,95,232
https://kawalpemilu.org#14586,"PERKEBUNAN SEI LALA, SUNGAI LALA, INDRAGIRI HULU, RIAU",4,133,105,238
https://kawalpemilu.org#14586,"PERKEBUNAN SEI LALA, SUNGAI LALA, INDRAGIRI HULU, RIAU",5,109,107,216
https://kawalpemilu.org#14586,"PERKEBUNAN SEI LALA, SUNGAI LALA, INDRAGIRI HULU, RIAU",6,120,106,226
https://kawalpemilu.org#14586,"PERKEBUNAN SEI LALA, SUNGAI LALA, INDRAGIRI HULU, RIAU",7,106,110,216
https://kawalpemilu.org#14586,"PERKEBUNAN SEI LALA, SUNGAI LALA, INDRAGIRI HULU, RIAU",8,97,109,206
https://kawalpemilu.org#14586,"PERKEBUNAN SEI LALA, SUNGAI LALA, INDRAGIRI HULU, RIAU",9,85,145,230
https://kawalpemilu.org#14586,"PERKEBUNAN SEI LALA, SUNGAI LALA, INDRAGIRI HULU, RIAU",10,96,127,223
https://kawalpemilu.org#14586,"PERKEBUNAN SEI LALA, SUNGAI LALA, INDRAGIRI HULU, RIAU",11,73,177,250
https://kawalpemilu.org#14587,"TANJUNG DANAU, SUNGAI LALA, INDRAGIRI HULU, RIAU",1,9,180,189
https://kawalpemilu.org#14587,"TANJUNG DANAU, SUNGAI LALA, INDRAGIRI HULU, RIAU",2,8,225,233
https://kawalpemilu.org#14587,"TANJUNG DANAU, SUNGAI LALA, INDRAGIRI HULU, RIAU",3,5,142,147
https://kawalpemilu.org#14588,"SUNGAI AIR PUTIH, SUNGAI LALA, INDRAGIRI HULU, RIAU",1,75,148,223
https://kawalpemilu.org#14588,"SUNGAI AIR PUTIH, SUNGAI LALA, INDRAGIRI HULU, RIAU",2,139,103,242
https://kawalpemilu.org#14588,"SUNGAI AIR PUTIH, SUNGAI LALA, INDRAGIRI HULU, RIAU",3,91,69,160
https://kawalpemilu.org#14590,"RIMPIAN, LUBUK BATU JAYA, INDRAGIRI HULU, RIAU",1,42,114,156
https://kawalpemilu.org#14590,"RIMPIAN, LUBUK BATU JAYA, INDRAGIRI HULU, RIAU",2,106,111,217
https://kawalpemilu.org#14590,"RIMPIAN, LUBUK BATU JAYA, INDRAGIRI HULU, RIAU",3,108,60,168
https://kawalpemilu.org#14590,"RIMPIAN, LUBUK BATU JAYA, INDRAGIRI HULU, RIAU",4,63,93,156
https://kawalpemilu.org#14590,"RIMPIAN, LUBUK BATU JAYA, INDRAGIRI HULU, RIAU",5,67,103,170
https://kawalpemilu.org#14590,"RIMPIAN, LUBUK BATU JAYA, INDRAGIRI HULU, RIAU",6,91,84,175
https://kawalpemilu.org#14590,"RIMPIAN, LUBUK BATU JAYA, INDRAGIRI HULU, RIAU",7,40,68,108
https://kawalpemilu.org#14590,"RIMPIAN, LUBUK BATU JAYA, INDRAGIRI HULU, RIAU",8,58,50,108
https://kawalpemilu.org#14590,"RIMPIAN, LUBUK BATU JAYA, INDRAGIRI HULU, RIAU",9,82,62,144
https://kawalpemilu.org#14591,"PONDOK GELUGUR, LUBUK BATU JAYA, INDRAGIRI HULU, RIAU",1,102,88,190
https://kawalpemilu.org#14591,"PONDOK GELUGUR, LUBUK BATU JAYA, INDRAGIRI HULU, RIAU",2,135,56,191
https://kawalpemilu.org#14592,"LUBUK BATU TINGGAL, LUBUK BATU JAYA, INDRAGIRI HULU, RIAU",1,76,147,223
https://kawalpemilu.org#14592,"LUBUK BATU TINGGAL, LUBUK BATU JAYA, INDRAGIRI HULU, RIAU",2,67,85,152
https://kawalpemilu.org#14592,"LUBUK BATU TINGGAL, LUBUK BATU JAYA, INDRAGIRI HULU, RIAU",3,100,134,234
https://kawalpemilu.org#14592,"LUBUK BATU TINGGAL, LUBUK BATU JAYA, INDRAGIRI HULU, RIAU",4,68,76,144
https://kawalpemilu.org#14592,"LUBUK BATU TINGGAL, LUBUK BATU JAYA, INDRAGIRI HULU, RIAU",5,49,104,153
https://kawalpemilu.org#14592,"LUBUK BATU TINGGAL, LUBUK BATU JAYA, INDRAGIRI HULU, RIAU",6,26,63,89
https://kawalpemilu.org#14592,"LUBUK BATU TINGGAL, LUBUK BATU JAYA, INDRAGIRI HULU, RIAU",7,160,28,188
https://kawalpemilu.org#14592,"LUBUK BATU TINGGAL, LUBUK BATU JAYA, INDRAGIRI HULU, RIAU",8,91,102,193
https://kawalpemilu.org#14593,"SUNGAI BEBERAS HILIR, LUBUK BATU JAYA, INDRAGIRI HULU, RIAU",1,98,108,206
https://kawalpemilu.org#14593,"SUNGAI BEBERAS HILIR, LUBUK BATU JAYA, INDRAGIRI HULU, RIAU",2,150,82,232
https://kawalpemilu.org#14593,"SUNGAI BEBERAS HILIR, LUBUK BATU JAYA, INDRAGIRI HULU, RIAU",3,131,114,245
https://kawalpemilu.org#14593,"SUNGAI BEBERAS HILIR, LUBUK BATU JAYA, INDRAGIRI HULU, RIAU",4,93,107,200
https://kawalpemilu.org#14593,"SUNGAI BEBERAS HILIR, LUBUK BATU JAYA, INDRAGIRI HULU, RIAU",5,134,108,242
https://kawalpemilu.org#14594,"KULIM JAYA, LUBUK BATU JAYA, INDRAGIRI HULU, RIAU",1,114,108,222
https://kawalpemilu.org#14594,"KULIM JAYA, LUBUK BATU JAYA, INDRAGIRI HULU, RIAU",2,101,75,176
https://kawalpemilu.org#14594,"KULIM JAYA, LUBUK BATU JAYA, INDRAGIRI HULU, RIAU",3,96,67,163
https://kawalpemilu.org#14594,"KULIM JAYA, LUBUK BATU JAYA, INDRAGIRI HULU, RIAU",4,39,70,109
https://kawalpemilu.org#14594,"KULIM JAYA, LUBUK BATU JAYA, INDRAGIRI HULU, RIAU",5,108,68,176
https://kawalpemilu.org#14594,"KULIM JAYA, LUBUK BATU JAYA, INDRAGIRI HULU, RIAU",6,61,111,172
https://kawalpemilu.org#14594,"KULIM JAYA, LUBUK BATU JAYA, INDRAGIRI HULU, RIAU",7,137,91,228
https://kawalpemilu.org#14594,"KULIM JAYA, LUBUK BATU JAYA, INDRAGIRI HULU, RIAU",8,74,102,176
https://kawalpemilu.org#14594,"KULIM JAYA, LUBUK BATU JAYA, INDRAGIRI HULU, RIAU",9,60,81,141
https://kawalpemilu.org#14594,"KULIM JAYA, LUBUK BATU JAYA, INDRAGIRI HULU, RIAU",10,70,58,128
https://kawalpemilu.org#14594,"KULIM JAYA, LUBUK BATU JAYA, INDRAGIRI HULU, RIAU",11,71,100,171
https://kawalpemilu.org#14594,"KULIM JAYA, LUBUK BATU JAYA, INDRAGIRI HULU, RIAU",12,118,37,155
https://kawalpemilu.org#14594,"KULIM JAYA, LUBUK BATU JAYA, INDRAGIRI HULU, RIAU",13,112,49,161
https://kawalpemilu.org#14594,"KULIM JAYA, LUBUK BATU JAYA, INDRAGIRI HULU, RIAU",14,83,50,133
https://kawalpemilu.org#14595,"SEI BERAS BERAS, LUBUK BATU JAYA, INDRAGIRI HULU, RIAU",1,124,117,241
https://kawalpemilu.org#14595,"SEI BERAS BERAS, LUBUK BATU JAYA, INDRAGIRI HULU, RIAU",2,98,125,223
https://kawalpemilu.org#14595,"SEI BERAS BERAS, LUBUK BATU JAYA, INDRAGIRI HULU, RIAU",3,93,126,219
https://kawalpemilu.org#14595,"SEI BERAS BERAS, LUBUK BATU JAYA, INDRAGIRI HULU, RIAU",4,58,119,177
https://kawalpemilu.org#14595,"SEI BERAS BERAS, LUBUK BATU JAYA, INDRAGIRI HULU, RIAU",5,127,96,223
https://kawalpemilu.org#14596,"TASIK JUANG, LUBUK BATU JAYA, INDRAGIRI HULU, RIAU",1,96,119,215
https://kawalpemilu.org#14596,"TASIK JUANG, LUBUK BATU JAYA, INDRAGIRI HULU, RIAU",2,76,141,217
https://kawalpemilu.org#14596,"TASIK JUANG, LUBUK BATU JAYA, INDRAGIRI HULU, RIAU",3,100,107,207
https://kawalpemilu.org#14596,"TASIK JUANG, LUBUK BATU JAYA, INDRAGIRI HULU, RIAU",4,66,68,134
https://kawalpemilu.org#14597,"PONTIAN MEKAR, LUBUK BATU JAYA, INDRAGIRI HULU, RIAU",1,165,99,264
https://kawalpemilu.org#14597,"PONTIAN MEKAR, LUBUK BATU JAYA, INDRAGIRI HULU, RIAU",2,140,94,234
https://kawalpemilu.org#14597,"PONTIAN MEKAR, LUBUK BATU JAYA, INDRAGIRI HULU, RIAU",3,153,72,225
https://kawalpemilu.org#14597,"PONTIAN MEKAR, LUBUK BATU JAYA, INDRAGIRI HULU, RIAU",4,120,92,212
https://kawalpemilu.org#14597,"PONTIAN MEKAR, LUBUK BATU JAYA, INDRAGIRI HULU, RIAU",5,125,77,202
https://kawalpemilu.org#14597,"PONTIAN MEKAR, LUBUK BATU JAYA, INDRAGIRI HULU, RIAU",6,158,53,211
https://kawalpemilu.org#14597,"PONTIAN MEKAR, LUBUK BATU JAYA, INDRAGIRI HULU, RIAU",7,121,79,200
https://kawalpemilu.org#14598,"AIR PUTIH, LUBUK BATU JAYA, INDRAGIRI HULU, RIAU",1,167,55,222
https://kawalpemilu.org#14598,"AIR PUTIH, LUBUK BATU JAYA, INDRAGIRI HULU, RIAU",2,186,51,237
https://kawalpemilu.org#14598,"AIR PUTIH, LUBUK BATU JAYA, INDRAGIRI HULU, RIAU",3,185,58,243
https://kawalpemilu.org#14598,"AIR PUTIH, LUBUK BATU JAYA, INDRAGIRI HULU, RIAU",4,149,54,203
https://kawalpemilu.org#14598,"AIR PUTIH, LUBUK BATU JAYA, INDRAGIRI HULU, RIAU",5,159,91,250
https://kawalpemilu.org#14598,"AIR PUTIH, LUBUK BATU JAYA, INDRAGIRI HULU, RIAU",6,120,76,196
https://kawalpemilu.org#14598,"AIR PUTIH, LUBUK BATU JAYA, INDRAGIRI HULU, RIAU",7,136,68,204
https://kawalpemilu.org#14598,"AIR PUTIH, LUBUK BATU JAYA, INDRAGIRI HULU, RIAU",8,135,104,239
https://kawalpemilu.org#14598,"AIR PUTIH, LUBUK BATU JAYA, INDRAGIRI HULU, RIAU",9,184,50,234
https://kawalpemilu.org#14598,"AIR PUTIH, LUBUK BATU JAYA, INDRAGIRI HULU, RIAU",10,103,43,146
https://kawalpemilu.org#14598,"AIR PUTIH, LUBUK BATU JAYA, INDRAGIRI HULU, RIAU",11,124,30,154
https://kawalpemilu.org#14598,"AIR PUTIH, LUBUK BATU JAYA, INDRAGIRI HULU, RIAU",12,160,58,218
https://kawalpemilu.org#14598,"AIR PUTIH, LUBUK BATU JAYA, INDRAGIRI HULU, RIAU",13,125,59,184
https://kawalpemilu.org#14600,"TALANG TUJUH BUAH TANGGA, RAKIT KULIM, INDRAGIRI HULU, RIAU",1,113,67,180
https://kawalpemilu.org#14600,"TALANG TUJUH BUAH TANGGA, RAKIT KULIM, INDRAGIRI HULU, RIAU",2,120,10,130
https://kawalpemilu.org#14600,"TALANG TUJUH BUAH TANGGA, RAKIT KULIM, INDRAGIRI HULU, RIAU",3,135,4,139
https://kawalpemilu.org#14600,"TALANG TUJUH BUAH TANGGA, RAKIT KULIM, INDRAGIRI HULU, RIAU",4,57,49,106
https://kawalpemilu.org#14600,"TALANG TUJUH BUAH TANGGA, RAKIT KULIM, INDRAGIRI HULU, RIAU",5,104,0,104
https://kawalpemilu.org#14601,"TALANG DURIAN CACAR, RAKIT KULIM, INDRAGIRI HULU, RIAU",1,98,63,161
https://kawalpemilu.org#14601,"TALANG DURIAN CACAR, RAKIT KULIM, INDRAGIRI HULU, RIAU",2,69,11,80
https://kawalpemilu.org#14601,"TALANG DURIAN CACAR, RAKIT KULIM, INDRAGIRI HULU, RIAU",3,90,19,109
https://kawalpemilu.org#14601,"TALANG DURIAN CACAR, RAKIT KULIM, INDRAGIRI HULU, RIAU",4,73,15,88
https://kawalpemilu.org#14601,"TALANG DURIAN CACAR, RAKIT KULIM, INDRAGIRI HULU, RIAU",5,106,14,120
https://kawalpemilu.org#14601,"TALANG DURIAN CACAR, RAKIT KULIM, INDRAGIRI HULU, RIAU",6,63,44,107
https://kawalpemilu.org#14601,"TALANG DURIAN CACAR, RAKIT KULIM, INDRAGIRI HULU, RIAU",7,111,4,119
https://kawalpemilu.org#14601,"TALANG DURIAN CACAR, RAKIT KULIM, INDRAGIRI HULU, RIAU",8,88,13,101
https://kawalpemilu.org#14602,"TALANG SELANTAI, RAKIT KULIM, INDRAGIRI HULU, RIAU",1,73,118,191
https://kawalpemilu.org#14603,"TALANG PERIGI, RAKIT KULIM, INDRAGIRI HULU, RIAU",1,50,51,101
https://kawalpemilu.org#14603,"TALANG PERIGI, RAKIT KULIM, INDRAGIRI HULU, RIAU",2,38,83,121
https://kawalpemilu.org#14603,"TALANG PERIGI, RAKIT KULIM, INDRAGIRI HULU, RIAU",3,44,65,109
https://kawalpemilu.org#14603,"TALANG PERIGI, RAKIT KULIM, INDRAGIRI HULU, RIAU",4,42,67,109
https://kawalpemilu.org#14604,"KUANTAN TENANG, RAKIT KULIM, INDRAGIRI HULU, RIAU",1,17,155,172
https://kawalpemilu.org#14604,"KUANTAN TENANG, RAKIT KULIM, INDRAGIRI HULU, RIAU",2,8,181,189
https://kawalpemilu.org#14604,"KUANTAN TENANG, RAKIT KULIM, INDRAGIRI HULU, RIAU",3,28,131,159
https://kawalpemilu.org#14604,"KUANTAN TENANG, RAKIT KULIM, INDRAGIRI HULU, RIAU",4,27,146,173
https://kawalpemilu.org#14604,"KUANTAN TENANG, RAKIT KULIM, INDRAGIRI HULU, RIAU",5,9,158,167
https://kawalpemilu.org#14605,"KOTA BARU, RAKIT KULIM, INDRAGIRI HULU, RIAU",1,21,181,202
https://kawalpemilu.org#14605,"KOTA BARU, RAKIT KULIM, INDRAGIRI HULU, RIAU",2,19,203,222
https://kawalpemilu.org#14605,"KOTA BARU, RAKIT KULIM, INDRAGIRI HULU, RIAU",3,9,211,220
https://kawalpemilu.org#14605,"KOTA BARU, RAKIT KULIM, INDRAGIRI HULU, RIAU",4,12,215,227
https://kawalpemilu.org#14606,"RIMBA SEMINAI, RAKIT KULIM, INDRAGIRI HULU, RIAU",1,23,160,183
https://kawalpemilu.org#14606,"RIMBA SEMINAI, RAKIT KULIM, INDRAGIRI HULU, RIAU",2,43,109,152
https://kawalpemilu.org#14606,"RIMBA SEMINAI, RAKIT KULIM, INDRAGIRI HULU, RIAU",3,101,41,142
https://kawalpemilu.org#14607,"KELAYANG, RAKIT KULIM, INDRAGIRI HULU, RIAU",1,61,146,207
https://kawalpemilu.org#14607,"KELAYANG, RAKIT KULIM, INDRAGIRI HULU, RIAU",2,61,73,134
https://kawalpemilu.org#14607,"KELAYANG, RAKIT KULIM, INDRAGIRI HULU, RIAU",3,55,85,140
https://kawalpemilu.org#14607,"KELAYANG, RAKIT KULIM, INDRAGIRI HULU, RIAU",4,31,101,132
https://kawalpemilu.org#14607,"KELAYANG, RAKIT KULIM, INDRAGIRI HULU, RIAU",5,47,127,174
https://kawalpemilu.org#14607,"KELAYANG, RAKIT KULIM, INDRAGIRI HULU, RIAU",6,56,143,199
https://kawalpemilu.org#14608,"TALANG GEDABU, RAKIT KULIM, INDRAGIRI HULU, RIAU",1,112,70,182
https://kawalpemilu.org#14608,"TALANG GEDABU, RAKIT KULIM, INDRAGIRI HULU, RIAU",2,79,117,196
https://kawalpemilu.org#14609,"TALANG SEI LIMAU, RAKIT KULIM, INDRAGIRI HULU, RIAU",1,128,84,212
https://kawalpemilu.org#14609,"TALANG SEI LIMAU, RAKIT KULIM, INDRAGIRI HULU, RIAU",2,62,32,94
https://kawalpemilu.org#14609,"TALANG SEI LIMAU, RAKIT KULIM, INDRAGIRI HULU, RIAU",3,36,22,58
https://kawalpemilu.org#14610,"TALANG SEI PARIT, RAKIT KULIM, INDRAGIRI HULU, RIAU",1,84,93,177
https://kawalpemilu.org#14610,"TALANG SEI PARIT, RAKIT KULIM, INDRAGIRI HULU, RIAU",2,85,100,195
https://kawalpemilu.org#14610,"TALANG SEI PARIT, RAKIT KULIM, INDRAGIRI HULU, RIAU",3,80,40,120
https://kawalpemilu.org#14611,"BATU SAWAR, RAKIT KULIM, INDRAGIRI HULU, RIAU",1,18,108,126
https://kawalpemilu.org#14611,"BATU SAWAR, RAKIT KULIM, INDRAGIRI HULU, RIAU",2,13,191,104
https://kawalpemilu.org#14612,"PETONGGAN, RAKIT KULIM, INDRAGIRI HULU, RIAU",1,56,151,207
https://kawalpemilu.org#14612,"PETONGGAN, RAKIT KULIM, INDRAGIRI HULU, RIAU",3,67,172,239
https://kawalpemilu.org#14612,"PETONGGAN, RAKIT KULIM, INDRAGIRI HULU, RIAU",4,74,107,181
https://kawalpemilu.org#14612,"PETONGGAN, RAKIT KULIM, INDRAGIRI HULU, RIAU",5,81,173,254
https://kawalpemilu.org#14613,"LUBUK SITARAK, RAKIT KULIM, INDRAGIRI HULU, RIAU",1,40,119,159
https://kawalpemilu.org#14613,"LUBUK SITARAK, RAKIT KULIM, INDRAGIRI HULU, RIAU",2,30,123,153
https://kawalpemilu.org#14613,"LUBUK SITARAK, RAKIT KULIM, INDRAGIRI HULU, RIAU",3,38,138,176
https://kawalpemilu.org#14613,"LUBUK SITARAK, RAKIT KULIM, INDRAGIRI HULU, RIAU",4,36,133,169
https://kawalpemilu.org#14613,"LUBUK SITARAK, RAKIT KULIM, INDRAGIRI HULU, RIAU",5,46,127,173
https://kawalpemilu.org#14614,"BUKIT INDAH, RAKIT KULIM, INDRAGIRI HULU, RIAU",1,154,65,219
https://kawalpemilu.org#14614,"BUKIT INDAH, RAKIT KULIM, INDRAGIRI HULU, RIAU",2,140,43,183
https://kawalpemilu.org#14614,"BUKIT INDAH, RAKIT KULIM, INDRAGIRI HULU, RIAU",3,145,26,171
https://kawalpemilu.org#14614,"BUKIT INDAH, RAKIT KULIM, INDRAGIRI HULU, RIAU",4,155,30,185
https://kawalpemilu.org#14615,"SUNGAI EKOK, RAKIT KULIM, INDRAGIRI HULU, RIAU",1,84,21,105
https://kawalpemilu.org#14616,"TALANG SUKA MAJU, RAKIT KULIM, INDRAGIRI HULU, RIAU",1,112,73,185
https://kawalpemilu.org#14616,"TALANG SUKA MAJU, RAKIT KULIM, INDRAGIRI HULU, RIAU",2,70,138,208
https://kawalpemilu.org#14616,"TALANG SUKA MAJU, RAKIT KULIM, INDRAGIRI HULU, RIAU",3,75,103,178
https://kawalpemilu.org#14617,"KAMPUNG BUNGA, RAKIT KULIM, INDRAGIRI HULU, RIAU",1,15,131,146
https://kawalpemilu.org#14617,"KAMPUNG BUNGA, RAKIT KULIM, INDRAGIRI HULU, RIAU",2,18,140,158
https://kawalpemilu.org#14618,"TALANG PRING JAYA, RAKIT KULIM, INDRAGIRI HULU, RIAU",1,103,15,118
https://kawalpemilu.org#14618,"TALANG PRING JAYA, RAKIT KULIM, INDRAGIRI HULU, RIAU",2,190,49,239
https://kawalpemilu.org#14618,"TALANG PRING JAYA, RAKIT KULIM, INDRAGIRI HULU, RIAU",3,151,44,195
https://kawalpemilu.org#14618,"TALANG PRING JAYA, RAKIT KULIM, INDRAGIRI HULU, RIAU",4,170,25,195
https://kawalpemilu.org#14618,"TALANG PRING JAYA, RAKIT KULIM, INDRAGIRI HULU, RIAU",5,100,30,130
https://kawalpemilu.org#14618,"TALANG PRING JAYA, RAKIT KULIM, INDRAGIRI HULU, RIAU",6,176,16,195
https://kawalpemilu.org#14618,"TALANG PRING JAYA, RAKIT KULIM, INDRAGIRI HULU, RIAU",7,116,33,149
https://kawalpemilu.org#14618,"TALANG PRING JAYA, RAKIT KULIM, INDRAGIRI HULU, RIAU",8,119,24,143
https://kawalpemilu.org#14620,"PESAJIAN, BATANG PERANAP, INDRAGIRI HULU, RIAU",1,31,182,213
https://kawalpemilu.org#14620,"PESAJIAN, BATANG PERANAP, INDRAGIRI HULU, RIAU",2,20,176,196
https://kawalpemilu.org#14620,"PESAJIAN, BATANG PERANAP, INDRAGIRI HULU, RIAU",3,129,7,136
https://kawalpemilu.org#14620,"PESAJIAN, BATANG PERANAP, INDRAGIRI HULU, RIAU",4,153,5,158
https://kawalpemilu.org#14620,"PESAJIAN, BATANG PERANAP, INDRAGIRI HULU, RIAU",5,202,6,208
https://kawalpemilu.org#14620,"PESAJIAN, BATANG PERANAP, INDRAGIRI HULU, RIAU",6,158,16,174
https://kawalpemilu.org#14620,"PESAJIAN, BATANG PERANAP, INDRAGIRI HULU, RIAU",7,237,3,240
https://kawalpemilu.org#14621,"PUNTI KAYU, BATANG PERANAP, INDRAGIRI HULU, RIAU",1,40,127,167
https://kawalpemilu.org#14621,"PUNTI KAYU, BATANG PERANAP, INDRAGIRI HULU, RIAU",2,76,57,133
https://kawalpemilu.org#14621,"PUNTI KAYU, BATANG PERANAP, INDRAGIRI HULU, RIAU",3,152,78,230
https://kawalpemilu.org#14621,"PUNTI KAYU, BATANG PERANAP, INDRAGIRI HULU, RIAU",4,143,13,156
https://kawalpemilu.org#14621,"PUNTI KAYU, BATANG PERANAP, INDRAGIRI HULU, RIAU",5,164,5,169
https://kawalpemilu.org#14621,"PUNTI KAYU, BATANG PERANAP, INDRAGIRI HULU, RIAU",6,68,89,157
https://kawalpemilu.org#14621,"PUNTI KAYU, BATANG PERANAP, INDRAGIRI HULU, RIAU",7,42,111,153
https://kawalpemilu.org#14621,"PUNTI KAYU, BATANG PERANAP, INDRAGIRI HULU, RIAU",8,160,3,163
https://kawalpemilu.org#14622,"PEMATANG, BATANG PERANAP, INDRAGIRI HULU, RIAU",1,56,138,194
https://kawalpemilu.org#14622,"PEMATANG, BATANG PERANAP, INDRAGIRI HULU, RIAU",2,33,183,216
https://kawalpemilu.org#14623,"SELUNAK, BATANG PERANAP, INDRAGIRI HULU, RIAU",1,42,154,196
https://kawalpemilu.org#14623,"SELUNAK, BATANG PERANAP, INDRAGIRI HULU, RIAU",2,29,121,150
https://kawalpemilu.org#14623,"SELUNAK, BATANG PERANAP, INDRAGIRI HULU, RIAU",3,64,193,257
https://kawalpemilu.org#14623,"SELUNAK, BATANG PERANAP, INDRAGIRI HULU, RIAU",4,90,112,202
https://kawalpemilu.org#14624,"SUKAMAJU, BATANG PERANAP, INDRAGIRI HULU, RIAU",1,39,131,170
https://kawalpemilu.org#14624,"SUKAMAJU, BATANG PERANAP, INDRAGIRI HULU, RIAU",2,34,170,204
https://kawalpemilu.org#14624,"SUKAMAJU, BATANG PERANAP, INDRAGIRI HULU, RIAU",3,28,193,221
https://kawalpemilu.org#14624,"SUKAMAJU, BATANG PERANAP, INDRAGIRI HULU, RIAU",4,35,114,149
https://kawalpemilu.org#14625,"PEMATANG BENTENG, BATANG PERANAP, INDRAGIRI HULU, RIAU",1,45,138,183
https://kawalpemilu.org#14625,"PEMATANG BENTENG, BATANG PERANAP, INDRAGIRI HULU, RIAU",2,63,162,225
https://kawalpemilu.org#14625,"PEMATANG BENTENG, BATANG PERANAP, INDRAGIRI HULU, RIAU",3,59,33,92
https://kawalpemilu.org#14626,"SENCANO JAYA, BATANG PERANAP, INDRAGIRI HULU, RIAU",1,117,54,171
https://kawalpemilu.org#14626,"SENCANO JAYA, BATANG PERANAP, INDRAGIRI HULU, RIAU",2,140,45,185
https://kawalpemilu.org#14626,"SENCANO JAYA, BATANG PERANAP, INDRAGIRI HULU, RIAU",3,91,91,182
https://kawalpemilu.org#14626,"SENCANO JAYA, BATANG PERANAP, INDRAGIRI HULU, RIAU",4,104,77,181
https://kawalpemilu.org#14627,"SUNGAI AUR, BATANG PERANAP, INDRAGIRI HULU, RIAU",1,178,48,226
https://kawalpemilu.org#14627,"SUNGAI AUR, BATANG PERANAP, INDRAGIRI HULU, RIAU",2,180,36,216
https://kawalpemilu.org#14627,"SUNGAI AUR, BATANG PERANAP, INDRAGIRI HULU, RIAU",3,150,57,207
https://kawalpemilu.org#14628,"PELADANGAN, BATANG PERANAP, INDRAGIRI HULU, RIAU",1,155,61,216
https://kawalpemilu.org#14628,"PELADANGAN, BATANG PERANAP, INDRAGIRI HULU, RIAU",2,109,49,158
https://kawalpemilu.org#14629,"KOTO TUO, BATANG PERANAP, INDRAGIRI HULU, RIAU",1,41,160,201
https://kawalpemilu.org#14632,"KOTA BENGKALIS, BENGKALIS, BENGKALIS, RIAU",1,154,25,179
https://kawalpemilu.org#14632,"KOTA BENGKALIS, BENGKALIS, BENGKALIS, RIAU",2,95,9,104
https://kawalpemilu.org#14632,"KOTA BENGKALIS, BENGKALIS, BENGKALIS, RIAU",3,171,11,182
https://kawalpemilu.org#14632,"KOTA BENGKALIS, BENGKALIS, BENGKALIS, RIAU",4,143,16,159
https://kawalpemilu.org#14632,"KOTA BENGKALIS, BENGKALIS, BENGKALIS, RIAU",5,162,19,181
https://kawalpemilu.org#14632,"KOTA BENGKALIS, BENGKALIS, BENGKALIS, RIAU",6,76,122,198
https://kawalpemilu.org#14632,"KOTA BENGKALIS, BENGKALIS, BENGKALIS, RIAU",7,89,102,191
https://kawalpemilu.org#14632,"KOTA BENGKALIS, BENGKALIS, BENGKALIS, RIAU",8,49,148,197
https://kawalpemilu.org#14632,"KOTA BENGKALIS, BENGKALIS, BENGKALIS, RIAU",9,111,87,198
https://kawalpemilu.org#14632,"KOTA BENGKALIS, BENGKALIS, BENGKALIS, RIAU",10,60,176,236
https://kawalpemilu.org#14632,"KOTA BENGKALIS, BENGKALIS, BENGKALIS, RIAU",11,64,141,205
https://kawalpemilu.org#14632,"KOTA BENGKALIS, BENGKALIS, BENGKALIS, RIAU",12,59,132,191
https://kawalpemilu.org#14632,"KOTA BENGKALIS, BENGKALIS, BENGKALIS, RIAU",13,77,112,189
https://kawalpemilu.org#14632,"KOTA BENGKALIS, BENGKALIS, BENGKALIS, RIAU",14,130,32,162
https://kawalpemilu.org#14632,"KOTA BENGKALIS, BENGKALIS, BENGKALIS, RIAU",15,111,34,145
https://kawalpemilu.org#14633,"DAMON, BENGKALIS, BENGKALIS, RIAU",3,72,123,195
https://kawalpemilu.org#14633,"DAMON, BENGKALIS, BENGKALIS, RIAU",4,70,119,189
https://kawalpemilu.org#14633,"DAMON, BENGKALIS, BENGKALIS, RIAU",5,55,140,195
https://kawalpemilu.org#14633,"DAMON, BENGKALIS, BENGKALIS, RIAU",6,142,53,195
https://kawalpemilu.org#14633,"DAMON, BENGKALIS, BENGKALIS, RIAU",8,58,67,125
https://kawalpemilu.org#14633,"DAMON, BENGKALIS, BENGKALIS, RIAU",9,112,109,221
https://kawalpemilu.org#14633,"DAMON, BENGKALIS, BENGKALIS, RIAU",10,118,33,151
https://kawalpemilu.org#14633,"DAMON, BENGKALIS, BENGKALIS, RIAU",11,46,182,228
https://kawalpemilu.org#14633,"DAMON, BENGKALIS, BENGKALIS, RIAU",12,70,107,177
https://kawalpemilu.org#14633,"DAMON, BENGKALIS, BENGKALIS, RIAU",13,24,110,134
https://kawalpemilu.org#14633,"DAMON, BENGKALIS, BENGKALIS, RIAU",14,146,4,150
https://kawalpemilu.org#14633,"DAMON, BENGKALIS, BENGKALIS, RIAU",15,183,32,215
https://kawalpemilu.org#14634,"RIMBA SEKAMPUNG, BENGKALIS, BENGKALIS, RIAU",1,46,128,174
https://kawalpemilu.org#14634,"RIMBA SEKAMPUNG, BENGKALIS, BENGKALIS, RIAU",2,50,208,258
https://kawalpemilu.org#14634,"RIMBA SEKAMPUNG, BENGKALIS, BENGKALIS, RIAU",3,39,89,128
https://kawalpemilu.org#14634,"RIMBA SEKAMPUNG, BENGKALIS, BENGKALIS, RIAU",4,75,176,251
https://kawalpemilu.org#14634,"RIMBA SEKAMPUNG, BENGKALIS, BENGKALIS, RIAU",5,35,168,203
https://kawalpemilu.org#14634,"RIMBA SEKAMPUNG, BENGKALIS, BENGKALIS, RIAU",7,65,123,188
https://kawalpemilu.org#14634,"RIMBA SEKAMPUNG, BENGKALIS, BENGKALIS, RIAU",8,44,180,224
https://kawalpemilu.org#14634,"RIMBA SEKAMPUNG, BENGKALIS, BENGKALIS, RIAU",9,26,101,127
https://kawalpemilu.org#14634,"RIMBA SEKAMPUNG, BENGKALIS, BENGKALIS, RIAU",10,46,94,140
https://kawalpemilu.org#14634,"RIMBA SEKAMPUNG, BENGKALIS, BENGKALIS, RIAU",12,60,125,185
https://kawalpemilu.org#14634,"RIMBA SEKAMPUNG, BENGKALIS, BENGKALIS, RIAU",13,57,160,217
https://kawalpemilu.org#14634,"RIMBA SEKAMPUNG, BENGKALIS, BENGKALIS, RIAU",15,19,163,182
https://kawalpemilu.org#14634,"RIMBA SEKAMPUNG, BENGKALIS, BENGKALIS, RIAU",16,56,122,178
https://kawalpemilu.org#14634,"RIMBA SEKAMPUNG, BENGKALIS, BENGKALIS, RIAU",17,44,172,216
https://kawalpemilu.org#14635,"KELAPAPATI, BENGKALIS, BENGKALIS, RIAU",1,79,168,247
https://kawalpemilu.org#14635,"KELAPAPATI, BENGKALIS, BENGKALIS, RIAU",2,55,177,232
https://kawalpemilu.org#14635,"KELAPAPATI, BENGKALIS, BENGKALIS, RIAU",3,29,138,167
https://kawalpemilu.org#14635,"KELAPAPATI, BENGKALIS, BENGKALIS, RIAU",4,30,122,152
https://kawalpemilu.org#14635,"KELAPAPATI, BENGKALIS, BENGKALIS, RIAU",5,63,182,245
https://kawalpemilu.org#14635,"KELAPAPATI, BENGKALIS, BENGKALIS, RIAU",6,111,77,188
https://kawalpemilu.org#14635,"KELAPAPATI, BENGKALIS, BENGKALIS, RIAU",7,38,84,122
https://kawalpemilu.org#14635,"KELAPAPATI, BENGKALIS, BENGKALIS, RIAU",8,31,105,136
https://kawalpemilu.org#14635,"KELAPAPATI, BENGKALIS, BENGKALIS, RIAU",9,46,170,216
https://kawalpemilu.org#14635,"KELAPAPATI, BENGKALIS, BENGKALIS, RIAU",10,51,147,198
https://kawalpemilu.org#14635,"KELAPAPATI, BENGKALIS, BENGKALIS, RIAU",11,47,183,230
https://kawalpemilu.org#14635,"KELAPAPATI, BENGKALIS, BENGKALIS, RIAU",12,54,193,247
https://kawalpemilu.org#14635,"KELAPAPATI, BENGKALIS, BENGKALIS, RIAU",13,56,159,215
https://kawalpemilu.org#14635,"KELAPAPATI, BENGKALIS, BENGKALIS, RIAU",14,63,197,260
https://kawalpemilu.org#14635,"KELAPAPATI, BENGKALIS, BENGKALIS, RIAU",15,44,202,246
https://kawalpemilu.org#14635,"KELAPAPATI, BENGKALIS, BENGKALIS, RIAU",16,37,143,180
https://kawalpemilu.org#14635,"KELAPAPATI, BENGKALIS, BENGKALIS, RIAU",17,49,194,243
https://kawalpemilu.org#14635,"KELAPAPATI, BENGKALIS, BENGKALIS, RIAU",18,48,112,160
https://kawalpemilu.org#14635,"KELAPAPATI, BENGKALIS, BENGKALIS, RIAU",19,32,100,132
https://kawalpemilu.org#14635,"KELAPAPATI, BENGKALIS, BENGKALIS, RIAU",20,22,113,135
https://kawalpemilu.org#14635,"KELAPAPATI, BENGKALIS, BENGKALIS, RIAU",21,41,166,207
https://kawalpemilu.org#14635,"KELAPAPATI, BENGKALIS, BENGKALIS, RIAU",22,23,97,120
https://kawalpemilu.org#14635,"KELAPAPATI, BENGKALIS, BENGKALIS, RIAU",23,59,204,263
https://kawalpemilu.org#14636,"PEDEKIK, BENGKALIS, BENGKALIS, RIAU",1,88,133,221
https://kawalpemilu.org#14636,"PEDEKIK, BENGKALIS, BENGKALIS, RIAU",2,43,182,225
https://kawalpemilu.org#14636,"PEDEKIK, BENGKALIS, BENGKALIS, RIAU",3,37,208,245
https://kawalpemilu.org#14636,"PEDEKIK, BENGKALIS, BENGKALIS, RIAU",4,24,151,175
https://kawalpemilu.org#14636,"PEDEKIK, BENGKALIS, BENGKALIS, RIAU",5,59,147,206
https://kawalpemilu.org#14636,"PEDEKIK, BENGKALIS, BENGKALIS, RIAU",6,40,144,184
https://kawalpemilu.org#14636,"PEDEKIK, BENGKALIS, BENGKALIS, RIAU",7,15,180,195
https://kawalpemilu.org#14636,"PEDEKIK, BENGKALIS, BENGKALIS, RIAU",8,51,88,139
https://kawalpemilu.org#14637,"PANGKALAN BATANG, BENGKALIS, BENGKALIS, RIAU",1,39,183,222
https://kawalpemilu.org#14637,"PANGKALAN BATANG, BENGKALIS, BENGKALIS, RIAU",2,40,214,254
https://kawalpemilu.org#14637,"PANGKALAN BATANG, BENGKALIS, BENGKALIS, RIAU",3,29,194,223
https://kawalpemilu.org#14637,"PANGKALAN BATANG, BENGKALIS, BENGKALIS, RIAU",4,48,206,254
https://kawalpemilu.org#14637,"PANGKALAN BATANG, BENGKALIS, BENGKALIS, RIAU",5,55,164,219
https://kawalpemilu.org#14637,"PANGKALAN BATANG, BENGKALIS, BENGKALIS, RIAU",6,32,156,188
https://kawalpemilu.org#14637,"PANGKALAN BATANG, BENGKALIS, BENGKALIS, RIAU",7,37,119,156
https://kawalpemilu.org#14638,"SEBAUK, BENGKALIS, BENGKALIS, RIAU",1,46,151,197
https://kawalpemilu.org#14638,"SEBAUK, BENGKALIS, BENGKALIS, RIAU",2,83,130,213
https://kawalpemilu.org#14638,"SEBAUK, BENGKALIS, BENGKALIS, RIAU",3,41,164,205
https://kawalpemilu.org#14638,"SEBAUK, BENGKALIS, BENGKALIS, RIAU",4,50,109,159
https://kawalpemilu.org#14639,"TELUKLATAK, BENGKALIS, BENGKALIS, RIAU",1,71,127,198
https://kawalpemilu.org#14639,"TELUKLATAK, BENGKALIS, BENGKALIS, RIAU",2,27,161,188
https://kawalpemilu.org#14639,"TELUKLATAK, BENGKALIS, BENGKALIS, RIAU",3,14,178,192
https://kawalpemilu.org#14639,"TELUKLATAK, BENGKALIS, BENGKALIS, RIAU",5,119,74,193
https://kawalpemilu.org#14639,"TELUKLATAK, BENGKALIS, BENGKALIS, RIAU",6,51,128,179
https://kawalpemilu.org#14639,"TELUKLATAK, BENGKALIS, BENGKALIS, RIAU",7,44,135,179
https://kawalpemilu.org#14639,"TELUKLATAK, BENGKALIS, BENGKALIS, RIAU",8,32,129,161
https://kawalpemilu.org#14640,"MESKOM, BENGKALIS, BENGKALIS, RIAU",1,60,142,202
https://kawalpemilu.org#14640,"MESKOM, BENGKALIS, BENGKALIS, RIAU",2,65,130,195
https://kawalpemilu.org#14640,"MESKOM, BENGKALIS, BENGKALIS, RIAU",3,59,173,232
https://kawalpemilu.org#14640,"MESKOM, BENGKALIS, BENGKALIS, RIAU",4,64,169,233
https://kawalpemilu.org#14640,"MESKOM, BENGKALIS, BENGKALIS, RIAU",5,97,130,227
https://kawalpemilu.org#14641,"SENGGORO, BENGKALIS, BENGKALIS, RIAU",1,45,173,218
https://kawalpemilu.org#14641,"SENGGORO, BENGKALIS, BENGKALIS, RIAU",2,25,191,216
https://kawalpemilu.org#14641,"SENGGORO, BENGKALIS, BENGKALIS, RIAU",4,52,222,274
https://kawalpemilu.org#14641,"SENGGORO, BENGKALIS, BENGKALIS, RIAU",5,63,175,238
https://kawalpemilu.org#14641,"SENGGORO, BENGKALIS, BENGKALIS, RIAU",6,29,168,197
https://kawalpemilu.org#14641,"SENGGORO, BENGKALIS, BENGKALIS, RIAU",7,78,209,287
https://kawalpemilu.org#14641,"SENGGORO, BENGKALIS, BENGKALIS, RIAU",8,43,167,210
https://kawalpemilu.org#14641,"SENGGORO, BENGKALIS, BENGKALIS, RIAU",9,54,216,270
https://kawalpemilu.org#14641,"SENGGORO, BENGKALIS, BENGKALIS, RIAU",10,53,147,200
https://kawalpemilu.org#14641,"SENGGORO, BENGKALIS, BENGKALIS, RIAU",11,39,191,230
https://kawalpemilu.org#14641,"SENGGORO, BENGKALIS, BENGKALIS, RIAU",12,62,171,233
https://kawalpemilu.org#14641,"SENGGORO, BENGKALIS, BENGKALIS, RIAU",13,61,137,198
https://kawalpemilu.org#14641,"SENGGORO, BENGKALIS, BENGKALIS, RIAU",14,46,173,219
https://kawalpemilu.org#14641,"SENGGORO, BENGKALIS, BENGKALIS, RIAU",15,76,200,276
https://kawalpemilu.org#14641,"SENGGORO, BENGKALIS, BENGKALIS, RIAU",16,42,141,183
https://kawalpemilu.org#14641,"SENGGORO, BENGKALIS, BENGKALIS, RIAU",17,61,132,193
https://kawalpemilu.org#14641,"SENGGORO, BENGKALIS, BENGKALIS, RIAU",18,71,122,193
https://kawalpemilu.org#14641,"SENGGORO, BENGKALIS, BENGKALIS, RIAU",19,71,110,181
https://kawalpemilu.org#14641,"SENGGORO, BENGKALIS, BENGKALIS, RIAU",20,85,124,209
https://kawalpemilu.org#14641,"SENGGORO, BENGKALIS, BENGKALIS, RIAU",21,57,125,182
https://kawalpemilu.org#14641,"SENGGORO, BENGKALIS, BENGKALIS, RIAU",22,75,148,223
https://kawalpemilu.org#14642,"AIR PUTIH, BENGKALIS, BENGKALIS, RIAU",1,36,225,261
https://kawalpemilu.org#14642,"AIR PUTIH, BENGKALIS, BENGKALIS, RIAU",2,62,204,266
https://kawalpemilu.org#14642,"AIR PUTIH, BENGKALIS, BENGKALIS, RIAU",3,64,183,247
https://kawalpemilu.org#14642,"AIR PUTIH, BENGKALIS, BENGKALIS, RIAU",4,56,171,227
https://kawalpemilu.org#14642,"AIR PUTIH, BENGKALIS, BENGKALIS, RIAU",5,57,195,252
https://kawalpemilu.org#14642,"AIR PUTIH, BENGKALIS, BENGKALIS, RIAU",7,48,198,246
https://kawalpemilu.org#14642,"AIR PUTIH, BENGKALIS, BENGKALIS, RIAU",8,46,149,195
https://kawalpemilu.org#14643,"SEI ALAM, BENGKALIS, BENGKALIS, RIAU",1,72,162,234
https://kawalpemilu.org#14643,"SEI ALAM, BENGKALIS, BENGKALIS, RIAU",2,43,189,232
https://kawalpemilu.org#14643,"SEI ALAM, BENGKALIS, BENGKALIS, RIAU",3,46,168,214
https://kawalpemilu.org#14643,"SEI ALAM, BENGKALIS, BENGKALIS, RIAU",4,41,188,231
https://kawalpemilu.org#14643,"SEI ALAM, BENGKALIS, BENGKALIS, RIAU",5,37,187,224
https://kawalpemilu.org#14643,"SEI ALAM, BENGKALIS, BENGKALIS, RIAU",6,61,157,218
https://kawalpemilu.org#14643,"SEI ALAM, BENGKALIS, BENGKALIS, RIAU",7,57,158,215
https://kawalpemilu.org#14644,"PENAMPI, BENGKALIS, BENGKALIS, RIAU",1,48,157,205
https://kawalpemilu.org#14644,"PENAMPI, BENGKALIS, BENGKALIS, RIAU",2,61,165,226
https://kawalpemilu.org#14644,"PENAMPI, BENGKALIS, BENGKALIS, RIAU",3,52,153,205
https://kawalpemilu.org#14644,"PENAMPI, BENGKALIS, BENGKALIS, RIAU",4,125,104,229
https://kawalpemilu.org#14645,"TEMERAN, BENGKALIS, BENGKALIS, RIAU",1,100,49,149
https://kawalpemilu.org#14645,"TEMERAN, BENGKALIS, BENGKALIS, RIAU",2,94,23,117
https://kawalpemilu.org#14645,"TEMERAN, BENGKALIS, BENGKALIS, RIAU",3,40,108,148
https://kawalpemilu.org#14645,"TEMERAN, BENGKALIS, BENGKALIS, RIAU",5,105,64,169
https://kawalpemilu.org#14645,"TEMERAN, BENGKALIS, BENGKALIS, RIAU",6,57,87,144
https://kawalpemilu.org#14646,"PENEBAL, BENGKALIS, BENGKALIS, RIAU",1,37,113,150
https://kawalpemilu.org#14646,"PENEBAL, BENGKALIS, BENGKALIS, RIAU",2,48,85,133
https://kawalpemilu.org#14646,"PENEBAL, BENGKALIS, BENGKALIS, RIAU",3,118,117,235
https://kawalpemilu.org#14646,"PENEBAL, BENGKALIS, BENGKALIS, RIAU",4,114,26,140
https://kawalpemilu.org#14646,"PENEBAL, BENGKALIS, BENGKALIS, RIAU",5,44,104,148
https://kawalpemilu.org#14646,"PENEBAL, BENGKALIS, BENGKALIS, RIAU",6,51,94,145
https://kawalpemilu.org#14646,"PENEBAL, BENGKALIS, BENGKALIS, RIAU",7,87,83,170
https://kawalpemilu.org#14647,"PEMATANG DUKU, BENGKALIS, BENGKALIS, RIAU",1,163,61,224
https://kawalpemilu.org#14647,"PEMATANG DUKU, BENGKALIS, BENGKALIS, RIAU",2,87,154,241
https://kawalpemilu.org#14647,"PEMATANG DUKU, BENGKALIS, BENGKALIS, RIAU",3,115,95,210
https://kawalpemilu.org#14647,"PEMATANG DUKU, BENGKALIS, BENGKALIS, RIAU",6,96,107,203
https://kawalpemilu.org#14648,"KETAM PUTIH, BENGKALIS, BENGKALIS, RIAU",1,82,85,167
https://kawalpemilu.org#14648,"KETAM PUTIH, BENGKALIS, BENGKALIS, RIAU",2,60,105,165
https://kawalpemilu.org#14648,"KETAM PUTIH, BENGKALIS, BENGKALIS, RIAU",3,38,92,130
https://kawalpemilu.org#14648,"KETAM PUTIH, BENGKALIS, BENGKALIS, RIAU",4,83,67,150
https://kawalpemilu.org#14648,"KETAM PUTIH, BENGKALIS, BENGKALIS, RIAU",5,98,60,158
https://kawalpemilu.org#14648,"KETAM PUTIH, BENGKALIS, BENGKALIS, RIAU",6,80,55,135
https://kawalpemilu.org#14649,"KELEMANTAN, BENGKALIS, BENGKALIS, RIAU",1,87,77,164
https://kawalpemilu.org#14649,"KELEMANTAN, BENGKALIS, BENGKALIS, RIAU",2,92,48,140
https://kawalpemilu.org#14649,"KELEMANTAN, BENGKALIS, BENGKALIS, RIAU",3,158,3,161
https://kawalpemilu.org#14650,"SEKODI, BENGKALIS, BENGKALIS, RIAU",1,135,63,198
https://kawalpemilu.org#14650,"SEKODI, BENGKALIS, BENGKALIS, RIAU",3,164,57,221
https://kawalpemilu.org#14650,"SEKODI, BENGKALIS, BENGKALIS, RIAU",4,101,95,196
https://kawalpemilu.org#14650,"SEKODI, BENGKALIS, BENGKALIS, RIAU",5,117,59,176
https://kawalpemilu.org#14651,"WONOSARI, BENGKALIS, BENGKALIS, RIAU",2,48,203,251
https://kawalpemilu.org#14651,"WONOSARI, BENGKALIS, BENGKALIS, RIAU",3,105,144,249
https://kawalpemilu.org#14651,"WONOSARI, BENGKALIS, BENGKALIS, RIAU",4,61,179,240
https://kawalpemilu.org#14651,"WONOSARI, BENGKALIS, BENGKALIS, RIAU",5,45,174,219
https://kawalpemilu.org#14651,"WONOSARI, BENGKALIS, BENGKALIS, RIAU",6,81,158,239
https://kawalpemilu.org#14651,"WONOSARI, BENGKALIS, BENGKALIS, RIAU",7,61,143,204
https://kawalpemilu.org#14651,"WONOSARI, BENGKALIS, BENGKALIS, RIAU",8,64,180,244
https://kawalpemilu.org#14651,"WONOSARI, BENGKALIS, BENGKALIS, RIAU",11,0,0,0
https://kawalpemilu.org#14651,"WONOSARI, BENGKALIS, BENGKALIS, RIAU",12,70,152,222
https://kawalpemilu.org#14651,"WONOSARI, BENGKALIS, BENGKALIS, RIAU",13,49,153,202
https://kawalpemilu.org#14651,"WONOSARI, BENGKALIS, BENGKALIS, RIAU",14,78,144,222
https://kawalpemilu.org#14651,"WONOSARI, BENGKALIS, BENGKALIS, RIAU",15,66,151,217
https://kawalpemilu.org#14651,"WONOSARI, BENGKALIS, BENGKALIS, RIAU",17,80,136,216
https://kawalpemilu.org#14651,"WONOSARI, BENGKALIS, BENGKALIS, RIAU",19,40,153,193
https://kawalpemilu.org#14651,"WONOSARI, BENGKALIS, BENGKALIS, RIAU",20,56,65,121
https://kawalpemilu.org#928937,"KUALA ALAM, BENGKALIS, BENGKALIS, RIAU",1,40,153,193
https://kawalpemilu.org#928937,"KUALA ALAM, BENGKALIS, BENGKALIS, RIAU",2,56,160,216
https://kawalpemilu.org#928937,"KUALA ALAM, BENGKALIS, BENGKALIS, RIAU",3,101,132,233
https://kawalpemilu.org#928937,"KUALA ALAM, BENGKALIS, BENGKALIS, RIAU",4,59,163,222
https://kawalpemilu.org#928937,"KUALA ALAM, BENGKALIS, BENGKALIS, RIAU",5,60,125,185
https://kawalpemilu.org#928937,"KUALA ALAM, BENGKALIS, BENGKALIS, RIAU",6,47,125,172
https://kawalpemilu.org#928938,"KELEBUK, BENGKALIS, BENGKALIS, RIAU",1,87,91,178
https://kawalpemilu.org#928938,"KELEBUK, BENGKALIS, BENGKALIS, RIAU",3,44,150,194
https://kawalpemilu.org#928939,"PALKUN, BENGKALIS, BENGKALIS, RIAU",1,87,32,119
https://kawalpemilu.org#928939,"PALKUN, BENGKALIS, BENGKALIS, RIAU",2,56,51,107
https://kawalpemilu.org#928939,"PALKUN, BENGKALIS, BENGKALIS, RIAU",3,79,40,119
https://kawalpemilu.org#928939,"PALKUN, BENGKALIS, BENGKALIS, RIAU",4,47,90,137
https://kawalpemilu.org#928940,"SUNGAIBATANG, BENGKALIS, BENGKALIS, RIAU",1,38,94,132
https://kawalpemilu.org#928940,"SUNGAIBATANG, BENGKALIS, BENGKALIS, RIAU",2,87,63,150
https://kawalpemilu.org#928940,"SUNGAIBATANG, BENGKALIS, BENGKALIS, RIAU",3,34,59,93
https://kawalpemilu.org#928940,"SUNGAIBATANG, BENGKALIS, BENGKALIS, RIAU",4,47,87,134
https://kawalpemilu.org#928940,"SUNGAIBATANG, BENGKALIS, BENGKALIS, RIAU",5,81,70,151
https://kawalpemilu.org#928940,"SUNGAIBATANG, BENGKALIS, BENGKALIS, RIAU",6,64,34,98
https://kawalpemilu.org#928941,"PRAPAT TUNGGAL, BENGKALIS, BENGKALIS, RIAU",1,52,85,137
https://kawalpemilu.org#928941,"PRAPAT TUNGGAL, BENGKALIS, BENGKALIS, RIAU",2,86,157,243
https://kawalpemilu.org#928941,"PRAPAT TUNGGAL, BENGKALIS, BENGKALIS, RIAU",3,134,95,229
https://kawalpemilu.org#928941,"PRAPAT TUNGGAL, BENGKALIS, BENGKALIS, RIAU",4,42,103,145
https://kawalpemilu.org#928942,"SIMPANG AYAM, BENGKALIS, BENGKALIS, RIAU",1,19,179,198
https://kawalpemilu.org#928942,"SIMPANG AYAM, BENGKALIS, BENGKALIS, RIAU",2,27,157,184
https://kawalpemilu.org#928942,"SIMPANG AYAM, BENGKALIS, BENGKALIS, RIAU",3,46,101,147
https://kawalpemilu.org#928942,"SIMPANG AYAM, BENGKALIS, BENGKALIS, RIAU",4,38,144,182
https://kawalpemilu.org#928943,"SENDEREK, BENGKALIS, BENGKALIS, RIAU",1,79,133,212
https://kawalpemilu.org#928943,"SENDEREK, BENGKALIS, BENGKALIS, RIAU",2,57,157,214
https://kawalpemilu.org#928943,"SENDEREK, BENGKALIS, BENGKALIS, RIAU",3,80,123,203
https://kawalpemilu.org#928943,"SENDEREK, BENGKALIS, BENGKALIS, RIAU",4,76,117,193
https://kawalpemilu.org#928944,"KELEMANTAN BARAT, BENGKALIS, BENGKALIS, RIAU",1,96,70,166
https://kawalpemilu.org#928944,"KELEMANTAN BARAT, BENGKALIS, BENGKALIS, RIAU",2,156,6,162
https://kawalpemilu.org#928944,"KELEMANTAN BARAT, BENGKALIS, BENGKALIS, RIAU",3,92,62,154
https://kawalpemilu.org#928945,"DAMAI, BENGKALIS, BENGKALIS, RIAU",1,81,142,223
https://kawalpemilu.org#928945,"DAMAI, BENGKALIS, BENGKALIS, RIAU",2,41,154,195
https://kawalpemilu.org#928945,"DAMAI, BENGKALIS, BENGKALIS, RIAU",3,61,173,234
https://kawalpemilu.org#928945,"DAMAI, BENGKALIS, BENGKALIS, RIAU",4,86,114,200
https://kawalpemilu.org#928946,"PANGKALAN BATANG BARAT, BENGKALIS, BENGKALIS, RIAU",1,23,134,157
https://kawalpemilu.org#928946,"PANGKALAN BATANG BARAT, BENGKALIS, BENGKALIS, RIAU",2,69,190,259
https://kawalpemilu.org#928946,"PANGKALAN BATANG BARAT, BENGKALIS, BENGKALIS, RIAU",3,111,137,248
https://kawalpemilu.org#928946,"PANGKALAN BATANG BARAT, BENGKALIS, BENGKALIS, RIAU",4,69,167,236
https://kawalpemilu.org#928946,"PANGKALAN BATANG BARAT, BENGKALIS, BENGKALIS, RIAU",5,28,110,138
https://kawalpemilu.org#928947,"PEMATANG DUKU TIMUR, BENGKALIS, BENGKALIS, RIAU",1,39,118,157
https://kawalpemilu.org#928947,"PEMATANG DUKU TIMUR, BENGKALIS, BENGKALIS, RIAU",2,48,175,223
https://kawalpemilu.org#928947,"PEMATANG DUKU TIMUR, BENGKALIS, BENGKALIS, RIAU",3,27,97,124
https://kawalpemilu.org#928947,"PEMATANG DUKU TIMUR, BENGKALIS, BENGKALIS, RIAU",4,63,72,135
https://kawalpemilu.org#928947,"PEMATANG DUKU TIMUR, BENGKALIS, BENGKALIS, RIAU",5,67,95,162
https://kawalpemilu.org#928947,"PEMATANG DUKU TIMUR, BENGKALIS, BENGKALIS, RIAU",6,67,95,162
https://kawalpemilu.org#14654,"BANTAN  AIR, BANTAN, BENGKALIS, RIAU",1,49,136,185
https://kawalpemilu.org#14654,"BANTAN  AIR, BANTAN, BENGKALIS, RIAU",2,93,106,199
https://kawalpemilu.org#14654,"BANTAN  AIR, BANTAN, BENGKALIS, RIAU",3,56,133,189
https://kawalpemilu.org#14654,"BANTAN  AIR, BANTAN, BENGKALIS, RIAU",4,78,94,172
https://kawalpemilu.org#14654,"BANTAN  AIR, BANTAN, BENGKALIS, RIAU",6,60,84,144
https://kawalpemilu.org#14655,"BANTAN TUA, BANTAN, BENGKALIS, RIAU",1,38,158,196
https://kawalpemilu.org#14655,"BANTAN TUA, BANTAN, BENGKALIS, RIAU",3,55,116,171
https://kawalpemilu.org#14655,"BANTAN TUA, BANTAN, BENGKALIS, RIAU",4,69,106,175
https://kawalpemilu.org#14655,"BANTAN TUA, BANTAN, BENGKALIS, RIAU",5,61,139,200
https://kawalpemilu.org#14655,"BANTAN TUA, BANTAN, BENGKALIS, RIAU",6,47,126,173
https://kawalpemilu.org#14655,"BANTAN TUA, BANTAN, BENGKALIS, RIAU",7,64,131,195
https://kawalpemilu.org#14656,"TELUKPAMBANG, BANTAN, BENGKALIS, RIAU",1,77,121,198
https://kawalpemilu.org#14656,"TELUKPAMBANG, BANTAN, BENGKALIS, RIAU",2,36,160,196
https://kawalpemilu.org#14656,"TELUKPAMBANG, BANTAN, BENGKALIS, RIAU",3,99,125,224
https://kawalpemilu.org#14657,"SELAT BARU, BANTAN, BENGKALIS, RIAU",1,37,163,200
https://kawalpemilu.org#14657,"SELAT BARU, BANTAN, BENGKALIS, RIAU",3,34,204,238
https://kawalpemilu.org#14657,"SELAT BARU, BANTAN, BENGKALIS, RIAU",4,22,157,179
https://kawalpemilu.org#14657,"SELAT BARU, BANTAN, BENGKALIS, RIAU",5,104,94,198
https://kawalpemilu.org#14657,"SELAT BARU, BANTAN, BENGKALIS, RIAU",6,95,88,183
https://kawalpemilu.org#14657,"SELAT BARU, BANTAN, BENGKALIS, RIAU",7,77,99,176
https://kawalpemilu.org#14657,"SELAT BARU, BANTAN, BENGKALIS, RIAU",8,41,148,189
https://kawalpemilu.org#14657,"SELAT BARU, BANTAN, BENGKALIS, RIAU",11,44,118,162
https://kawalpemilu.org#14657,"SELAT BARU, BANTAN, BENGKALIS, RIAU",12,72,109,181
https://kawalpemilu.org#14658,"TELUKLANCAR, BANTAN, BENGKALIS, RIAU",1,106,80,186
https://kawalpemilu.org#14658,"TELUKLANCAR, BANTAN, BENGKALIS, RIAU",3,54,118,172
https://kawalpemilu.org#14658,"TELUKLANCAR, BANTAN, BENGKALIS, RIAU",5,81,93,174
https://kawalpemilu.org#14658,"TELUKLANCAR, BANTAN, BENGKALIS, RIAU",6,41,139,180
https://kawalpemilu.org#14659,"KEMBUNG LUAR, BANTAN, BENGKALIS, RIAU",1,44,177,221
https://kawalpemilu.org#14659,"KEMBUNG LUAR, BANTAN, BENGKALIS, RIAU",2,68,97,165
https://kawalpemilu.org#14659,"KEMBUNG LUAR, BANTAN, BENGKALIS, RIAU",3,55,83,138
https://kawalpemilu.org#14659,"KEMBUNG LUAR, BANTAN, BENGKALIS, RIAU",4,83,47,130
https://kawalpemilu.org#14659,"KEMBUNG LUAR, BANTAN, BENGKALIS, RIAU",5,56,107,163
https://kawalpemilu.org#14659,"KEMBUNG LUAR, BANTAN, BENGKALIS, RIAU",6,64,97,161
https://kawalpemilu.org#14659,"KEMBUNG LUAR, BANTAN, BENGKALIS, RIAU",7,126,57,183
https://kawalpemilu.org#14660,"JANGKANG, BANTAN, BENGKALIS, RIAU",1,133,8,141
https://kawalpemilu.org#14660,"JANGKANG, BANTAN, BENGKALIS, RIAU",2,69,115,184
https://kawalpemilu.org#14660,"JANGKANG, BANTAN, BENGKALIS, RIAU",4,31,157,188
https://kawalpemilu.org#14660,"JANGKANG, BANTAN, BENGKALIS, RIAU",5,39,183,222
https://kawalpemilu.org#14660,"JANGKANG, BANTAN, BENGKALIS, RIAU",6,79,52,131
https://kawalpemilu.org#14660,"JANGKANG, BANTAN, BENGKALIS, RIAU",7,12,137,149
https://kawalpemilu.org#14661,"MUNTAI, BANTAN, BENGKALIS, RIAU",1,72,133,205
https://kawalpemilu.org#14661,"MUNTAI, BANTAN, BENGKALIS, RIAU",2,77,131,208
https://kawalpemilu.org#14661,"MUNTAI, BANTAN, BENGKALIS, RIAU",3,51,172,223
https://kawalpemilu.org#14661,"MUNTAI, BANTAN, BENGKALIS, RIAU",4,74,126,200
https://kawalpemilu.org#14661,"MUNTAI, BANTAN, BENGKALIS, RIAU",5,82,91,173
https://kawalpemilu.org#928948,"RESAM LAPIS, BANTAN, BENGKALIS, RIAU",1,68,160,228
https://kawalpemilu.org#928948,"RESAM LAPIS, BANTAN, BENGKALIS, RIAU",2,41,160,201
https://kawalpemilu.org#928948,"RESAM LAPIS, BANTAN, BENGKALIS, RIAU",3,58,138,196
https://kawalpemilu.org#928948,"RESAM LAPIS, BANTAN, BENGKALIS, RIAU",4,58,125,183
https://kawalpemilu.org#928948,"RESAM LAPIS, BANTAN, BENGKALIS, RIAU",5,59,132,191
https://kawalpemilu.org#928949,"BERANCAH, BANTAN, BENGKALIS, RIAU",1,63,126,189
https://kawalpemilu.org#928949,"BERANCAH, BANTAN, BENGKALIS, RIAU",2,84,93,177
https://kawalpemilu.org#928949,"BERANCAH, BANTAN, BENGKALIS, RIAU",3,88,94,182
https://kawalpemilu.org#928949,"BERANCAH, BANTAN, BENGKALIS, RIAU",4,67,118,185
https://kawalpemilu.org#928949,"BERANCAH, BANTAN, BENGKALIS, RIAU",5,52,154,206
https://kawalpemilu.org#928949,"BERANCAH, BANTAN, BENGKALIS, RIAU",6,95,88,183
https://kawalpemilu.org#928949,"BERANCAH, BANTAN, BENGKALIS, RIAU",7,148,12,160
https://kawalpemilu.org#928949,"BERANCAH, BANTAN, BENGKALIS, RIAU",8,127,63,190
https://kawalpemilu.org#928949,"BERANCAH, BANTAN, BENGKALIS, RIAU",9,62,79,141
https://kawalpemilu.org#928950,"ULU PULAU, BANTAN, BENGKALIS, RIAU",1,73,123,196
https://kawalpemilu.org#928950,"ULU PULAU, BANTAN, BENGKALIS, RIAU",2,71,175,246
https://kawalpemilu.org#928950,"ULU PULAU, BANTAN, BENGKALIS, RIAU",3,88,116,204
https://kawalpemilu.org#928950,"ULU PULAU, BANTAN, BENGKALIS, RIAU",4,86,147,233
https://kawalpemilu.org#928950,"ULU PULAU, BANTAN, BENGKALIS, RIAU",5,40,164,204
https://kawalpemilu.org#928951,"MENTAYAN, BANTAN, BENGKALIS, RIAU",1,50,142,192
https://kawalpemilu.org#928951,"MENTAYAN, BANTAN, BENGKALIS, RIAU",2,78,134,212
https://kawalpemilu.org#928951,"MENTAYAN, BANTAN, BENGKALIS, RIAU",3,50,79,129
https://kawalpemilu.org#928951,"MENTAYAN, BANTAN, BENGKALIS, RIAU",4,74,62,136
https://kawalpemilu.org#928952,"PAMPANG PESISIR, BANTAN, BENGKALIS, RIAU",1,93,100,193
https://kawalpemilu.org#928952,"PAMPANG PESISIR, BANTAN, BENGKALIS, RIAU",2,66,130,196
https://kawalpemilu.org#928952,"PAMPANG PESISIR, BANTAN, BENGKALIS, RIAU",3,56,150,206
https://kawalpemilu.org#928952,"PAMPANG PESISIR, BANTAN, BENGKALIS, RIAU",4,72,124,196
https://kawalpemilu.org#928953,"SUKAMAJU, BANTAN, BENGKALIS, RIAU",1,139,4,143
https://kawalpemilu.org#928953,"SUKAMAJU, BANTAN, BENGKALIS, RIAU",4,117,64,181
https://kawalpemilu.org#928953,"SUKAMAJU, BANTAN, BENGKALIS, RIAU",5,131,32,163
https://kawalpemilu.org#928953,"SUKAMAJU, BANTAN, BENGKALIS, RIAU",6,110,39,149
https://kawalpemilu.org#928953,"SUKAMAJU, BANTAN, BENGKALIS, RIAU",7,82,96,178
https://kawalpemilu.org#928954,"PAMPANG BARU, BANTAN, BENGKALIS, RIAU",1,0,0,0
https://kawalpemilu.org#928954,"PAMPANG BARU, BANTAN, BENGKALIS, RIAU",2,66,111,177
https://kawalpemilu.org#928954,"PAMPANG BARU, BANTAN, BENGKALIS, RIAU",3,73,104,177
https://kawalpemilu.org#928954,"PAMPANG BARU, BANTAN, BENGKALIS, RIAU",4,72,119,191
https://kawalpemilu.org#928954,"PAMPANG BARU, BANTAN, BENGKALIS, RIAU",5,83,70,153
https://kawalpemilu.org#928955,"KEMBUNG BARU, BANTAN, BENGKALIS, RIAU",1,126,46,172
https://kawalpemilu.org#928955,"KEMBUNG BARU, BANTAN, BENGKALIS, RIAU",2,95,101,196
https://kawalpemilu.org#928955,"KEMBUNG BARU, BANTAN, BENGKALIS, RIAU",3,110,10,120
https://kawalpemilu.org#928955,"KEMBUNG BARU, BANTAN, BENGKALIS, RIAU",4,135,4,139
https://kawalpemilu.org#928955,"KEMBUNG BARU, BANTAN, BENGKALIS, RIAU",5,41,141,182
https://kawalpemilu.org#928955,"KEMBUNG BARU, BANTAN, BENGKALIS, RIAU",6,131,2,133
https://kawalpemilu.org#928956,"PASIRAN, BANTAN, BENGKALIS, RIAU",1,46,133,179
https://kawalpemilu.org#928956,"PASIRAN, BANTAN, BENGKALIS, RIAU",2,34,144,178
https://kawalpemilu.org#928956,"PASIRAN, BANTAN, BENGKALIS, RIAU",3,40,177,217
https://kawalpemilu.org#928956,"PASIRAN, BANTAN, BENGKALIS, RIAU",4,38,162,200
https://kawalpemilu.org#928957,"BANTAN SARI, BANTAN, BENGKALIS, RIAU",1,59,121,180
https://kawalpemilu.org#928957,"BANTAN SARI, BANTAN, BENGKALIS, RIAU",2,79,117,196
https://kawalpemilu.org#928957,"BANTAN SARI, BANTAN, BENGKALIS, RIAU",3,55,130,185
https://kawalpemilu.org#928958,"BANTAN TIMUR, BANTAN, BENGKALIS, RIAU",1,84,89,173
https://kawalpemilu.org#928958,"BANTAN TIMUR, BANTAN, BENGKALIS, RIAU",2,50,134,184
https://kawalpemilu.org#928958,"BANTAN TIMUR, BANTAN, BENGKALIS, RIAU",3,64,91,155
https://kawalpemilu.org#928958,"BANTAN TIMUR, BANTAN, BENGKALIS, RIAU",4,109,22,131
https://kawalpemilu.org#928958,"BANTAN TIMUR, BANTAN, BENGKALIS, RIAU",5,102,26,128
https://kawalpemilu.org#928959,"TELUKPAPAL, BANTAN, BENGKALIS, RIAU",1,67,58,125
https://kawalpemilu.org#928959,"TELUKPAPAL, BANTAN, BENGKALIS, RIAU",2,88,48,136
https://kawalpemilu.org#928959,"TELUKPAPAL, BANTAN, BENGKALIS, RIAU",3,55,136,191
https://kawalpemilu.org#928959,"TELUKPAPAL, BANTAN, BENGKALIS, RIAU",4,64,127,191
https://kawalpemilu.org#928959,"TELUKPAPAL, BANTAN, BENGKALIS, RIAU",5,25,99,124
https://kawalpemilu.org#928959,"TELUKPAPAL, BANTAN, BENGKALIS, RIAU",6,60,75,135
https://kawalpemilu.org#928959,"TELUKPAPAL, BANTAN, BENGKALIS, RIAU",7,67,56,123
https://kawalpemilu.org#928959,"TELUKPAPAL, BANTAN, BENGKALIS, RIAU",8,42,93,135
https://kawalpemilu.org#928960,"MUNTAI BARAT, BANTAN, BENGKALIS, RIAU",1,71,49,120
https://kawalpemilu.org#928960,"MUNTAI BARAT, BANTAN, BENGKALIS, RIAU",2,67,127,194
https://kawalpemilu.org#928960,"MUNTAI BARAT, BANTAN, BENGKALIS, RIAU",3,79,97,176
https://kawalpemilu.org#928961,"DELUK, BANTAN, BENGKALIS, RIAU",1,30,165,195
https://kawalpemilu.org#928961,"DELUK, BANTAN, BENGKALIS, RIAU",2,38,136,174
https://kawalpemilu.org#928961,"DELUK, BANTAN, BENGKALIS, RIAU",3,49,120,169
https://kawalpemilu.org#928961,"DELUK, BANTAN, BENGKALIS, RIAU",4,30,174,204
https://kawalpemilu.org#14663,"SUNGAIPAKNING, BUKIT BATU, BENGKALIS, RIAU",1,39,126,165
https://kawalpemilu.org#14663,"SUNGAIPAKNING, BUKIT BATU, BENGKALIS, RIAU",2,43,106,149
https://kawalpemilu.org#14663,"SUNGAIPAKNING, BUKIT BATU, BENGKALIS, RIAU",3,54,102,156
https://kawalpemilu.org#14663,"SUNGAIPAKNING, BUKIT BATU, BENGKALIS, RIAU",5,32,121,153
https://kawalpemilu.org#14663,"SUNGAIPAKNING, BUKIT BATU, BENGKALIS, RIAU",6,84,140,224
https://kawalpemilu.org#14663,"SUNGAIPAKNING, BUKIT BATU, BENGKALIS, RIAU",7,75,138,213
https://kawalpemilu.org#14663,"SUNGAIPAKNING, BUKIT BATU, BENGKALIS, RIAU",8,61,141,202
https://kawalpemilu.org#14663,"SUNGAIPAKNING, BUKIT BATU, BENGKALIS, RIAU",9,44,180,224
https://kawalpemilu.org#14663,"SUNGAIPAKNING, BUKIT BATU, BENGKALIS, RIAU",10,31,125,156
https://kawalpemilu.org#14663,"SUNGAIPAKNING, BUKIT BATU, BENGKALIS, RIAU",11,37,187,224
https://kawalpemilu.org#14663,"SUNGAIPAKNING, BUKIT BATU, BENGKALIS, RIAU",12,37,100,137
https://kawalpemilu.org#14663,"SUNGAIPAKNING, BUKIT BATU, BENGKALIS, RIAU",13,35,100,135
https://kawalpemilu.org#14663,"SUNGAIPAKNING, BUKIT BATU, BENGKALIS, RIAU",14,52,71,123
https://kawalpemilu.org#14663,"SUNGAIPAKNING, BUKIT BATU, BENGKALIS, RIAU",15,26,75,101
https://kawalpemilu.org#14664,"SEJANGAT, BUKIT BATU, BENGKALIS, RIAU",1,36,143,179
https://kawalpemilu.org#14664,"SEJANGAT, BUKIT BATU, BENGKALIS, RIAU",2,58,190,248
https://kawalpemilu.org#14664,"SEJANGAT, BUKIT BATU, BENGKALIS, RIAU",3,81,118,199
https://kawalpemilu.org#14664,"SEJANGAT, BUKIT BATU, BENGKALIS, RIAU",4,38,157,195
https://kawalpemilu.org#14664,"SEJANGAT, BUKIT BATU, BENGKALIS, RIAU",5,49,167,216
https://kawalpemilu.org#14665,"DOMPAS, BUKIT BATU, BENGKALIS, RIAU",1,88,128,216
https://kawalpemilu.org#14665,"DOMPAS, BUKIT BATU, BENGKALIS, RIAU",2,29,145,174
https://kawalpemilu.org#14665,"DOMPAS, BUKIT BATU, BENGKALIS, RIAU",3,46,198,244
https://kawalpemilu.org#14665,"DOMPAS, BUKIT BATU, BENGKALIS, RIAU",4,26,124,150
https://kawalpemilu.org#14666,"PANGKALAN JAMBI, BUKIT BATU, BENGKALIS, RIAU",1,40,146,186
https://kawalpemilu.org#14666,"PANGKALAN JAMBI, BUKIT BATU, BENGKALIS, RIAU",2,46,146,192
https://kawalpemilu.org#14666,"PANGKALAN JAMBI, BUKIT BATU, BENGKALIS, RIAU",3,35,139,174
https://kawalpemilu.org#14666,"PANGKALAN JAMBI, BUKIT BATU, BENGKALIS, RIAU",4,47,112,159
https://kawalpemilu.org#14667,"SUNGAISELARI, BUKIT BATU, BENGKALIS, RIAU",1,52,134,186
https://kawalpemilu.org#14667,"SUNGAISELARI, BUKIT BATU, BENGKALIS, RIAU",2,74,91,165
https://kawalpemilu.org#14667,"SUNGAISELARI, BUKIT BATU, BENGKALIS, RIAU",3,81,79,160
https://kawalpemilu.org#14667,"SUNGAISELARI, BUKIT BATU, BENGKALIS, RIAU",4,90,118,208
https://kawalpemilu.org#14667,"SUNGAISELARI, BUKIT BATU, BENGKALIS, RIAU",5,73,100,173
https://kawalpemilu.org#14667,"SUNGAISELARI, BUKIT BATU, BENGKALIS, RIAU",6,52,107,159
https://kawalpemilu.org#14667,"SUNGAISELARI, BUKIT BATU, BENGKALIS, RIAU",7,65,109,174
https://kawalpemilu.org#14667,"SUNGAISELARI, BUKIT BATU, BENGKALIS, RIAU",8,95,82,177
https://kawalpemilu.org#14668,"BURUK BAKUL, BUKIT BATU, BENGKALIS, RIAU",1,48,147,195
https://kawalpemilu.org#14668,"BURUK BAKUL, BUKIT BATU, BENGKALIS, RIAU",2,52,122,174
https://kawalpemilu.org#14668,"BURUK BAKUL, BUKIT BATU, BENGKALIS, RIAU",3,36,146,182
https://kawalpemilu.org#14669,"BUKIT BATU, BUKIT BATU, BENGKALIS, RIAU",1,49,156,205
https://kawalpemilu.org#14669,"BUKIT BATU, BUKIT BATU, BENGKALIS, RIAU",2,46,172,218
https://kawalpemilu.org#14669,"BUKIT BATU, BUKIT BATU, BENGKALIS, RIAU",3,50,175,225
https://kawalpemilu.org#14670,"SUKAJADI, BUKIT BATU, BENGKALIS, RIAU",1,75,152,227
https://kawalpemilu.org#14670,"SUKAJADI, BUKIT BATU, BENGKALIS, RIAU",3,125,108,233
https://kawalpemilu.org#928962,"BATANG DUKU, BUKIT BATU, BENGKALIS, RIAU",1,31,96,127
https://kawalpemilu.org#928962,"BATANG DUKU, BUKIT BATU, BENGKALIS, RIAU",2,61,101,162
https://kawalpemilu.org#928962,"BATANG DUKU, BUKIT BATU, BENGKALIS, RIAU",3,92,103,195
https://kawalpemilu.org#928962,"BATANG DUKU, BUKIT BATU, BENGKALIS, RIAU",4,97,100,197
https://kawalpemilu.org#928962,"BATANG DUKU, BUKIT BATU, BENGKALIS, RIAU",5,54,119,173
https://kawalpemilu.org#928962,"BATANG DUKU, BUKIT BATU, BENGKALIS, RIAU",6,57,85,142
https://kawalpemilu.org#928962,"BATANG DUKU, BUKIT BATU, BENGKALIS, RIAU",7,64,118,182
https://kawalpemilu.org#928963,"PAKNING ASAL, BUKIT BATU, BENGKALIS, RIAU",1,44,122,166
https://kawalpemilu.org#928963,"PAKNING ASAL, BUKIT BATU, BENGKALIS, RIAU",2,87,158,245
https://kawalpemilu.org#928963,"PAKNING ASAL, BUKIT BATU, BENGKALIS, RIAU",3,110,108,218
https://kawalpemilu.org#928963,"PAKNING ASAL, BUKIT BATU, BENGKALIS, RIAU",6,119,110,229
https://kawalpemilu.org#928963,"PAKNING ASAL, BUKIT BATU, BENGKALIS, RIAU",7,45,99,144
https://kawalpemilu.org#928963,"PAKNING ASAL, BUKIT BATU, BENGKALIS, RIAU",8,86,156,242
https://kawalpemilu.org#928963,"PAKNING ASAL, BUKIT BATU, BENGKALIS, RIAU",9,57,190,247
https://kawalpemilu.org#928963,"PAKNING ASAL, BUKIT BATU, BENGKALIS, RIAU",10,32,101,133
https://kawalpemilu.org#14679,"AIR JAMBAN, MANDAU, BENGKALIS, RIAU",1,14,176,190
https://kawalpemilu.org#14679,"AIR JAMBAN, MANDAU, BENGKALIS, RIAU",3,23,105,128
https://kawalpemilu.org#14679,"AIR JAMBAN, MANDAU, BENGKALIS, RIAU",6,104,80,184
https://kawalpemilu.org#14679,"AIR JAMBAN, MANDAU, BENGKALIS, RIAU",7,62,122,184
https://kawalpemilu.org#14679,"AIR JAMBAN, MANDAU, BENGKALIS, RIAU",8,53,122,175
https://kawalpemilu.org#14679,"AIR JAMBAN, MANDAU, BENGKALIS, RIAU",9,65,87,152
https://kawalpemilu.org#14679,"AIR JAMBAN, MANDAU, BENGKALIS, RIAU",10,84,86,170
https://kawalpemilu.org#14679,"AIR JAMBAN, MANDAU, BENGKALIS, RIAU",11,131,97,228
https://kawalpemilu.org#14679,"AIR JAMBAN, MANDAU, BENGKALIS, RIAU",12,57,100,157
https://kawalpemilu.org#14679,"AIR JAMBAN, MANDAU, BENGKALIS, RIAU",13,130,5,135
https://kawalpemilu.org#14679,"AIR JAMBAN, MANDAU, BENGKALIS, RIAU",14,152,8,160
https://kawalpemilu.org#14679,"AIR JAMBAN, MANDAU, BENGKALIS, RIAU",15,77,72,149
https://kawalpemilu.org#14679,"AIR JAMBAN, MANDAU, BENGKALIS, RIAU",16,34,138,172
https://kawalpemilu.org#14679,"AIR JAMBAN, MANDAU, BENGKALIS, RIAU",17,121,43,164
https://kawalpemilu.org#14679,"AIR JAMBAN, MANDAU, BENGKALIS, RIAU",18,76,67,143
https://kawalpemilu.org#14679,"AIR JAMBAN, MANDAU, BENGKALIS, RIAU",20,45,153,198
https://kawalpemilu.org#14679,"AIR JAMBAN, MANDAU, BENGKALIS, RIAU",24,46,90,136
https://kawalpemilu.org#14679,"AIR JAMBAN, MANDAU, BENGKALIS, RIAU",27,33,106,139
https://kawalpemilu.org#14679,"AIR JAMBAN, MANDAU, BENGKALIS, RIAU",30,138,4,142
https://kawalpemilu.org#14679,"AIR JAMBAN, MANDAU, BENGKALIS, RIAU",31,102,3,105
https://kawalpemilu.org#14679,"AIR JAMBAN, MANDAU, BENGKALIS, RIAU",35,201,3,204
https://kawalpemilu.org#14679,"AIR JAMBAN, MANDAU, BENGKALIS, RIAU",36,30,255,285
https://kawalpemilu.org#14679,"AIR JAMBAN, MANDAU, BENGKALIS, RIAU",40,32,150,182
https://kawalpemilu.org#14679,"AIR JAMBAN, MANDAU, BENGKALIS, RIAU",42,18,84,102
https://kawalpemilu.org#14679,"AIR JAMBAN, MANDAU, BENGKALIS, RIAU",43,25,171,196
https://kawalpemilu.org#14679,"AIR JAMBAN, MANDAU, BENGKALIS, RIAU",44,18,123,141
https://kawalpemilu.org#14679,"AIR JAMBAN, MANDAU, BENGKALIS, RIAU",45,33,127,160
https://kawalpemilu.org#14679,"AIR JAMBAN, MANDAU, BENGKALIS, RIAU",46,80,95,175
https://kawalpemilu.org#14679,"AIR JAMBAN, MANDAU, BENGKALIS, RIAU",49,94,97,191
https://kawalpemilu.org#14679,"AIR JAMBAN, MANDAU, BENGKALIS, RIAU",51,26,110,136
https://kawalpemilu.org#14679,"AIR JAMBAN, MANDAU, BENGKALIS, RIAU",52,27,149,176
https://kawalpemilu.org#14679,"AIR JAMBAN, MANDAU, BENGKALIS, RIAU",53,18,127,145
https://kawalpemilu.org#14679,"AIR JAMBAN, MANDAU, BENGKALIS, RIAU",54,11,125,136
https://kawalpemilu.org#14679,"AIR JAMBAN, MANDAU, BENGKALIS, RIAU",55,26,160,186
https://kawalpemilu.org#14679,"AIR JAMBAN, MANDAU, BENGKALIS, RIAU",58,44,148,192
https://kawalpemilu.org#14679,"AIR JAMBAN, MANDAU, BENGKALIS, RIAU",59,23,129,152
https://kawalpemilu.org#14679,"AIR JAMBAN, MANDAU, BENGKALIS, RIAU",60,44,181,225
https://kawalpemilu.org#14679,"AIR JAMBAN, MANDAU, BENGKALIS, RIAU",61,32,223,255
https://kawalpemilu.org#14679,"AIR JAMBAN, MANDAU, BENGKALIS, RIAU",63,23,133,156
https://kawalpemilu.org#14679,"AIR JAMBAN, MANDAU, BENGKALIS, RIAU",65,13,142,155
https://kawalpemilu.org#14679,"AIR JAMBAN, MANDAU, BENGKALIS, RIAU",66,20,127,147
https://kawalpemilu.org#14679,"AIR JAMBAN, MANDAU, BENGKALIS, RIAU",67,55,125,180
https://kawalpemilu.org#14679,"AIR JAMBAN, MANDAU, BENGKALIS, RIAU",68,59,115,174
https://kawalpemilu.org#14679,"AIR JAMBAN, MANDAU, BENGKALIS, RIAU",69,43,91,134
https://kawalpemilu.org#14679,"AIR JAMBAN, MANDAU, BENGKALIS, RIAU",70,44,179,223
https://kawalpemilu.org#14679,"AIR JAMBAN, MANDAU, BENGKALIS, RIAU",73,8,157,165
https://kawalpemilu.org#14679,"AIR JAMBAN, MANDAU, BENGKALIS, RIAU",74,20,103,123
https://kawalpemilu.org#14679,"AIR JAMBAN, MANDAU, BENGKALIS, RIAU",75,51,194,245
https://kawalpemilu.org#14679,"AIR JAMBAN, MANDAU, BENGKALIS, RIAU",76,42,232,274
https://kawalpemilu.org#14679,"AIR JAMBAN, MANDAU, BENGKALIS, RIAU",77,35,126,161
https://kawalpemilu.org#14679,"AIR JAMBAN, MANDAU, BENGKALIS, RIAU",78,87,102,189
https://kawalpemilu.org#14679,"AIR JAMBAN, MANDAU, BENGKALIS, RIAU",79,35,50,85
https://kawalpemilu.org#14679,"AIR JAMBAN, MANDAU, BENGKALIS, RIAU",80,160,63,223
https://kawalpemilu.org#14679,"AIR JAMBAN, MANDAU, BENGKALIS, RIAU",81,40,98,138
https://kawalpemilu.org#14679,"AIR JAMBAN, MANDAU, BENGKALIS, RIAU",82,61,143,204
https://kawalpemilu.org#14679,"AIR JAMBAN, MANDAU, BENGKALIS, RIAU",83,49,163,212
https://kawalpemilu.org#14679,"AIR JAMBAN, MANDAU, BENGKALIS, RIAU",85,30,255,285
https://kawalpemilu.org#14679,"AIR JAMBAN, MANDAU, BENGKALIS, RIAU",86,39,160,199
https://kawalpemilu.org#14679,"AIR JAMBAN, MANDAU, BENGKALIS, RIAU",87,38,212,250
https://kawalpemilu.org#14679,"AIR JAMBAN, MANDAU, BENGKALIS, RIAU",88,34,109,143
https://kawalpemilu.org#14679,"AIR JAMBAN, MANDAU, BENGKALIS, RIAU",89,34,235,269
https://kawalpemilu.org#14679,"AIR JAMBAN, MANDAU, BENGKALIS, RIAU",90,40,166,206
https://kawalpemilu.org#14679,"AIR JAMBAN, MANDAU, BENGKALIS, RIAU",93,76,105,181
https://kawalpemilu.org#14679,"AIR JAMBAN, MANDAU, BENGKALIS, RIAU",94,69,72,141
https://kawalpemilu.org#14679,"AIR JAMBAN, MANDAU, BENGKALIS, RIAU",95,119,5,124
https://kawalpemilu.org#14679,"AIR JAMBAN, MANDAU, BENGKALIS, RIAU",96,65,61,126
https://kawalpemilu.org#14679,"AIR JAMBAN, MANDAU, BENGKALIS, RIAU",100,70,89,159
https://kawalpemilu.org#14679,"AIR JAMBAN, MANDAU, BENGKALIS, RIAU",101,163,3,166
https://kawalpemilu.org#14679,"AIR JAMBAN, MANDAU, BENGKALIS, RIAU",102,83,0,83
https://kawalpemilu.org#14679,"AIR JAMBAN, MANDAU, BENGKALIS, RIAU",107,17,114,131
https://kawalpemilu.org#14679,"AIR JAMBAN, MANDAU, BENGKALIS, RIAU",109,11,96,107
https://kawalpemilu.org#14679,"AIR JAMBAN, MANDAU, BENGKALIS, RIAU",110,42,158,200
https://kawalpemilu.org#14679,"AIR JAMBAN, MANDAU, BENGKALIS, RIAU",111,59,104,163
https://kawalpemilu.org#14679,"AIR JAMBAN, MANDAU, BENGKALIS, RIAU",113,23,102,125
https://kawalpemilu.org#14679,"AIR JAMBAN, MANDAU, BENGKALIS, RIAU",114,47,158,205
https://kawalpemilu.org#14679,"AIR JAMBAN, MANDAU, BENGKALIS, RIAU",116,5,133,138
https://kawalpemilu.org#14679,"AIR JAMBAN, MANDAU, BENGKALIS, RIAU",117,26,160,186
https://kawalpemilu.org#14679,"AIR JAMBAN, MANDAU, BENGKALIS, RIAU",118,66,165,231
https://kawalpemilu.org#14679,"AIR JAMBAN, MANDAU, BENGKALIS, RIAU",119,26,204,230
https://kawalpemilu.org#14679,"AIR JAMBAN, MANDAU, BENGKALIS, RIAU",120,46,119,165
https://kawalpemilu.org#14679,"AIR JAMBAN, MANDAU, BENGKALIS, RIAU",122,15,72,87
https://kawalpemilu.org#14679,"AIR JAMBAN, MANDAU, BENGKALIS, RIAU",124,11,112,123
https://kawalpemilu.org#14679,"AIR JAMBAN, MANDAU, BENGKALIS, RIAU",125,38,141,179
https://kawalpemilu.org#14679,"AIR JAMBAN, MANDAU, BENGKALIS, RIAU",126,24,149,173
https://kawalpemilu.org#14679,"AIR JAMBAN, MANDAU, BENGKALIS, RIAU",128,105,16,121
https://kawalpemilu.org#14679,"AIR JAMBAN, MANDAU, BENGKALIS, RIAU",129,48,83,131
https://kawalpemilu.org#14679,"AIR JAMBAN, MANDAU, BENGKALIS, RIAU",131,39,55,94
https://kawalpemilu.org#14679,"AIR JAMBAN, MANDAU, BENGKALIS, RIAU",133,33,53,86
https://kawalpemilu.org#14679,"AIR JAMBAN, MANDAU, BENGKALIS, RIAU",134,28,93,121
https://kawalpemilu.org#14679,"AIR JAMBAN, MANDAU, BENGKALIS, RIAU",135,35,78,113
https://kawalpemilu.org#14679,"AIR JAMBAN, MANDAU, BENGKALIS, RIAU",137,113,2,115
https://kawalpemilu.org#14679,"AIR JAMBAN, MANDAU, BENGKALIS, RIAU",138,42,83,125
https://kawalpemilu.org#14679,"AIR JAMBAN, MANDAU, BENGKALIS, RIAU",140,153,4,157
https://kawalpemilu.org#14679,"AIR JAMBAN, MANDAU, BENGKALIS, RIAU",142,13,85,98
https://kawalpemilu.org#14680,"BABUSSALAM, MANDAU, BENGKALIS, RIAU",6,19,174,193
https://kawalpemilu.org#14680,"BABUSSALAM, MANDAU, BENGKALIS, RIAU",11,16,201,217
https://kawalpemilu.org#14680,"BABUSSALAM, MANDAU, BENGKALIS, RIAU",12,19,171,190
https://kawalpemilu.org#14680,"BABUSSALAM, MANDAU, BENGKALIS, RIAU",18,34,147,181
https://kawalpemilu.org#14680,"BABUSSALAM, MANDAU, BENGKALIS, RIAU",20,8,195,203
https://kawalpemilu.org#14680,"BABUSSALAM, MANDAU, BENGKALIS, RIAU",21,16,178,194
https://kawalpemilu.org#14680,"BABUSSALAM, MANDAU, BENGKALIS, RIAU",22,17,194,211
https://kawalpemilu.org#14680,"BABUSSALAM, MANDAU, BENGKALIS, RIAU",23,17,123,140
https://kawalpemilu.org#14680,"BABUSSALAM, MANDAU, BENGKALIS, RIAU",26,15,245,260
https://kawalpemilu.org#14680,"BABUSSALAM, MANDAU, BENGKALIS, RIAU",27,57,160,217
https://kawalpemilu.org#14680,"BABUSSALAM, MANDAU, BENGKALIS, RIAU",28,7,184,191
https://kawalpemilu.org#14680,"BABUSSALAM, MANDAU, BENGKALIS, RIAU",29,30,238,268
https://kawalpemilu.org#14680,"BABUSSALAM, MANDAU, BENGKALIS, RIAU",33,20,190,210
https://kawalpemilu.org#14680,"BABUSSALAM, MANDAU, BENGKALIS, RIAU",35,17,158,175
https://kawalpemilu.org#14680,"BABUSSALAM, MANDAU, BENGKALIS, RIAU",37,28,211,239
https://kawalpemilu.org#14680,"BABUSSALAM, MANDAU, BENGKALIS, RIAU",39,20,111,131
https://kawalpemilu.org#14680,"BABUSSALAM, MANDAU, BENGKALIS, RIAU",41,7,63,70
https://kawalpemilu.org#14681,"BATANG SEROSA, MANDAU, BENGKALIS, RIAU",4,19,28,47
https://kawalpemilu.org#14682,"BALIK ALAM, MANDAU, BENGKALIS, RIAU",1,73,84,157
https://kawalpemilu.org#14682,"BALIK ALAM, MANDAU, BENGKALIS, RIAU",2,66,96,162
https://kawalpemilu.org#14682,"BALIK ALAM, MANDAU, BENGKALIS, RIAU",3,26,172,198
https://kawalpemilu.org#14682,"BALIK ALAM, MANDAU, BENGKALIS, RIAU",4,13,169,182
https://kawalpemilu.org#14682,"BALIK ALAM, MANDAU, BENGKALIS, RIAU",5,23,229,252
https://kawalpemilu.org#14682,"BALIK ALAM, MANDAU, BENGKALIS, RIAU",6,19,239,258
https://kawalpemilu.org#14682,"BALIK ALAM, MANDAU, BENGKALIS, RIAU",7,9,145,154
https://kawalpemilu.org#14682,"BALIK ALAM, MANDAU, BENGKALIS, RIAU",8,11,154,165
https://kawalpemilu.org#14682,"BALIK ALAM, MANDAU, BENGKALIS, RIAU",9,24,236,260
https://kawalpemilu.org#14682,"BALIK ALAM, MANDAU, BENGKALIS, RIAU",10,21,212,233
https://kawalpemilu.org#14682,"BALIK ALAM, MANDAU, BENGKALIS, RIAU",11,18,224,242
https://kawalpemilu.org#14682,"BALIK ALAM, MANDAU, BENGKALIS, RIAU",12,16,171,187
https://kawalpemilu.org#14682,"BALIK ALAM, MANDAU, BENGKALIS, RIAU",13,21,139,160
https://kawalpemilu.org#14682,"BALIK ALAM, MANDAU, BENGKALIS, RIAU",14,73,123,196
https://kawalpemilu.org#14682,"BALIK ALAM, MANDAU, BENGKALIS, RIAU",15,12,191,203
https://kawalpemilu.org#14682,"BALIK ALAM, MANDAU, BENGKALIS, RIAU",16,14,160,174
https://kawalpemilu.org#14682,"BALIK ALAM, MANDAU, BENGKALIS, RIAU",17,16,171,187
https://kawalpemilu.org#14682,"BALIK ALAM, MANDAU, BENGKALIS, RIAU",18,19,99,118
https://kawalpemilu.org#14682,"BALIK ALAM, MANDAU, BENGKALIS, RIAU",19,34,85,119
https://kawalpemilu.org#14682,"BALIK ALAM, MANDAU, BENGKALIS, RIAU",20,66,134,200
https://kawalpemilu.org#14682,"BALIK ALAM, MANDAU, BENGKALIS, RIAU",21,24,148,172
https://kawalpemilu.org#14682,"BALIK ALAM, MANDAU, BENGKALIS, RIAU",22,5,54,59
https://kawalpemilu.org#14682,"BALIK ALAM, MANDAU, BENGKALIS, RIAU",23,14,128,142
https://kawalpemilu.org#14682,"BALIK ALAM, MANDAU, BENGKALIS, RIAU",24,7,122,129
https://kawalpemilu.org#14684,"DURI BARAT, MANDAU, BENGKALIS, RIAU",2,18,65,83
https://kawalpemilu.org#14684,"DURI BARAT, MANDAU, BENGKALIS, RIAU",3,10,172,182
https://kawalpemilu.org#14684,"DURI BARAT, MANDAU, BENGKALIS, RIAU",5,10,119,129
https://kawalpemilu.org#14684,"DURI BARAT, MANDAU, BENGKALIS, RIAU",7,5,151,156
https://kawalpemilu.org#14684,"DURI BARAT, MANDAU, BENGKALIS, RIAU",8,13,103,116
https://kawalpemilu.org#14684,"DURI BARAT, MANDAU, BENGKALIS, RIAU",9,19,151,170
https://kawalpemilu.org#14684,"DURI BARAT, MANDAU, BENGKALIS, RIAU",10,2,107,109
https://kawalpemilu.org#14684,"DURI BARAT, MANDAU, BENGKALIS, RIAU",12,6,121,127
https://kawalpemilu.org#14684,"DURI BARAT, MANDAU, BENGKALIS, RIAU",13,11,148,159
https://kawalpemilu.org#14684,"DURI BARAT, MANDAU, BENGKALIS, RIAU",14,6,122,128
https://kawalpemilu.org#14684,"DURI BARAT, MANDAU, BENGKALIS, RIAU",15,6,173,179
https://kawalpemilu.org#14684,"DURI BARAT, MANDAU, BENGKALIS, RIAU",16,7,111,118
https://kawalpemilu.org#14684,"DURI BARAT, MANDAU, BENGKALIS, RIAU",17,1,111,112
https://kawalpemilu.org#14684,"DURI BARAT, MANDAU, BENGKALIS, RIAU",18,7,134,141
https://kawalpemilu.org#14684,"DURI BARAT, MANDAU, BENGKALIS, RIAU",20,20,152,172
https://kawalpemilu.org#14684,"DURI BARAT, MANDAU, BENGKALIS, RIAU",22,19,104,123
https://kawalpemilu.org#14684,"DURI BARAT, MANDAU, BENGKALIS, RIAU",23,9,136,145
https://kawalpemilu.org#14684,"DURI BARAT, MANDAU, BENGKALIS, RIAU",24,21,99,120
https://kawalpemilu.org#14684,"DURI BARAT, MANDAU, BENGKALIS, RIAU",25,17,241,258
https://kawalpemilu.org#14684,"DURI BARAT, MANDAU, BENGKALIS, RIAU",26,256,2,258
https://kawalpemilu.org#14684,"DURI BARAT, MANDAU, BENGKALIS, RIAU",27,16,183,199
https://kawalpemilu.org#14684,"DURI BARAT, MANDAU, BENGKALIS, RIAU",28,16,219,235
https://kawalpemilu.org#14684,"DURI BARAT, MANDAU, BENGKALIS, RIAU",29,19,145,164
https://kawalpemilu.org#14684,"DURI BARAT, MANDAU, BENGKALIS, RIAU",30,41,199,240
https://kawalpemilu.org#14684,"DURI BARAT, MANDAU, BENGKALIS, RIAU",31,8,125,133
https://kawalpemilu.org#14684,"DURI BARAT, MANDAU, BENGKALIS, RIAU",32,10,176,186
https://kawalpemilu.org#14684,"DURI BARAT, MANDAU, BENGKALIS, RIAU",33,25,140,165
https://kawalpemilu.org#14684,"DURI BARAT, MANDAU, BENGKALIS, RIAU",34,16,86,102
https://kawalpemilu.org#14684,"DURI BARAT, MANDAU, BENGKALIS, RIAU",35,30,131,161
https://kawalpemilu.org#14684,"DURI BARAT, MANDAU, BENGKALIS, RIAU",36,11,107,118
https://kawalpemilu.org#14684,"DURI BARAT, MANDAU, BENGKALIS, RIAU",37,189,74,263
https://kawalpemilu.org#14684,"DURI BARAT, MANDAU, BENGKALIS, RIAU",39,28,140,168
https://kawalpemilu.org#14684,"DURI BARAT, MANDAU, BENGKALIS, RIAU",41,3,141,144
https://kawalpemilu.org#14684,"DURI BARAT, MANDAU, BENGKALIS, RIAU",42,10,124,134
https://kawalpemilu.org#14684,"DURI BARAT, MANDAU, BENGKALIS, RIAU",43,7,125,132
https://kawalpemilu.org#14684,"DURI BARAT, MANDAU, BENGKALIS, RIAU",44,7,109,116
https://kawalpemilu.org#14684,"DURI BARAT, MANDAU, BENGKALIS, RIAU",45,0,110,110
https://kawalpemilu.org#14684,"DURI BARAT, MANDAU, BENGKALIS, RIAU",46,10,159,169
https://kawalpemilu.org#14684,"DURI BARAT, MANDAU, BENGKALIS, RIAU",47,4,134,138
https://kawalpemilu.org#14684,"DURI BARAT, MANDAU, BENGKALIS, RIAU",48,15,82,97
https://kawalpemilu.org#14684,"DURI BARAT, MANDAU, BENGKALIS, RIAU",49,42,120,162
https://kawalpemilu.org#14684,"DURI BARAT, MANDAU, BENGKALIS, RIAU",50,32,123,155
https://kawalpemilu.org#14685,"DURI TIMUR, MANDAU, BENGKALIS, RIAU",1,17,167,184
https://kawalpemilu.org#14685,"DURI TIMUR, MANDAU, BENGKALIS, RIAU",2,13,225,238
https://kawalpemilu.org#14685,"DURI TIMUR, MANDAU, BENGKALIS, RIAU",3,11,187,198
https://kawalpemilu.org#14685,"DURI TIMUR, MANDAU, BENGKALIS, RIAU",4,15,203,218
https://kawalpemilu.org#14685,"DURI TIMUR, MANDAU, BENGKALIS, RIAU",5,11,171,182
https://kawalpemilu.org#14685,"DURI TIMUR, MANDAU, BENGKALIS, RIAU",6,25,196,221
https://kawalpemilu.org#14685,"DURI TIMUR, MANDAU, BENGKALIS, RIAU",7,5,173,178
https://kawalpemilu.org#14685,"DURI TIMUR, MANDAU, BENGKALIS, RIAU",8,5,124,129
https://kawalpemilu.org#14685,"DURI TIMUR, MANDAU, BENGKALIS, RIAU",9,13,230,243
https://kawalpemilu.org#14685,"DURI TIMUR, MANDAU, BENGKALIS, RIAU",10,16,190,206
https://kawalpemilu.org#14685,"DURI TIMUR, MANDAU, BENGKALIS, RIAU",11,16,223,239
https://kawalpemilu.org#14685,"DURI TIMUR, MANDAU, BENGKALIS, RIAU",12,17,141,158
https://kawalpemilu.org#14685,"DURI TIMUR, MANDAU, BENGKALIS, RIAU",15,7,215,222
https://kawalpemilu.org#14685,"DURI TIMUR, MANDAU, BENGKALIS, RIAU",16,26,193,219
https://kawalpemilu.org#14685,"DURI TIMUR, MANDAU, BENGKALIS, RIAU",17,19,162,181
https://kawalpemilu.org#14685,"DURI TIMUR, MANDAU, BENGKALIS, RIAU",19,12,111,123
https://kawalpemilu.org#14685,"DURI TIMUR, MANDAU, BENGKALIS, RIAU",20,18,159,177
https://kawalpemilu.org#14685,"DURI TIMUR, MANDAU, BENGKALIS, RIAU",22,8,180,188
https://kawalpemilu.org#14685,"DURI TIMUR, MANDAU, BENGKALIS, RIAU",23,20,220,240
https://kawalpemilu.org#14686,"GAJAH SAKTI, MANDAU, BENGKALIS, RIAU",1,105,109,214
https://kawalpemilu.org#14686,"GAJAH SAKTI, MANDAU, BENGKALIS, RIAU",2,35,105,140
https://kawalpemilu.org#14686,"GAJAH SAKTI, MANDAU, BENGKALIS, RIAU",3,70,101,171
https://kawalpemilu.org#14686,"GAJAH SAKTI, MANDAU, BENGKALIS, RIAU",4,60,116,176
https://kawalpemilu.org#14686,"GAJAH SAKTI, MANDAU, BENGKALIS, RIAU",5,69,68,137
https://kawalpemilu.org#14686,"GAJAH SAKTI, MANDAU, BENGKALIS, RIAU",7,51,52,103
https://kawalpemilu.org#14686,"GAJAH SAKTI, MANDAU, BENGKALIS, RIAU",9,43,143,186
https://kawalpemilu.org#14686,"GAJAH SAKTI, MANDAU, BENGKALIS, RIAU",12,41,149,190
https://kawalpemilu.org#14686,"GAJAH SAKTI, MANDAU, BENGKALIS, RIAU",13,14,146,160
https://kawalpemilu.org#14686,"GAJAH SAKTI, MANDAU, BENGKALIS, RIAU",14,15,176,191
https://kawalpemilu.org#14686,"GAJAH SAKTI, MANDAU, BENGKALIS, RIAU",15,21,197,218
https://kawalpemilu.org#14686,"GAJAH SAKTI, MANDAU, BENGKALIS, RIAU",16,11,196,207
https://kawalpemilu.org#14686,"GAJAH SAKTI, MANDAU, BENGKALIS, RIAU",17,20,122,142
https://kawalpemilu.org#14686,"GAJAH SAKTI, MANDAU, BENGKALIS, RIAU",21,6,154,160
https://kawalpemilu.org#14686,"GAJAH SAKTI, MANDAU, BENGKALIS, RIAU",22,25,96,121
https://kawalpemilu.org#14686,"GAJAH SAKTI, MANDAU, BENGKALIS, RIAU",23,19,107,126
https://kawalpemilu.org#14686,"GAJAH SAKTI, MANDAU, BENGKALIS, RIAU",24,49,127,176
https://kawalpemilu.org#14686,"GAJAH SAKTI, MANDAU, BENGKALIS, RIAU",25,55,91,146
https://kawalpemilu.org#14686,"GAJAH SAKTI, MANDAU, BENGKALIS, RIAU",26,23,119,142
https://kawalpemilu.org#14686,"GAJAH SAKTI, MANDAU, BENGKALIS, RIAU",29,34,94,128
https://kawalpemilu.org#14686,"GAJAH SAKTI, MANDAU, BENGKALIS, RIAU",30,155,25,180
https://kawalpemilu.org#14686,"GAJAH SAKTI, MANDAU, BENGKALIS, RIAU",32,26,94,120
https://kawalpemilu.org#14686,"GAJAH SAKTI, MANDAU, BENGKALIS, RIAU",33,137,29,166
https://kawalpemilu.org#14686,"GAJAH SAKTI, MANDAU, BENGKALIS, RIAU",34,13,126,139
https://kawalpemilu.org#14686,"GAJAH SAKTI, MANDAU, BENGKALIS, RIAU",35,26,86,112
https://kawalpemilu.org#14686,"GAJAH SAKTI, MANDAU, BENGKALIS, RIAU",37,97,49,146
https://kawalpemilu.org#14686,"GAJAH SAKTI, MANDAU, BENGKALIS, RIAU",38,43,66,109
https://kawalpemilu.org#14686,"GAJAH SAKTI, MANDAU, BENGKALIS, RIAU",39,37,105,142
https://kawalpemilu.org#14686,"GAJAH SAKTI, MANDAU, BENGKALIS, RIAU",40,115,20,135
https://kawalpemilu.org#14686,"GAJAH SAKTI, MANDAU, BENGKALIS, RIAU",41,79,49,128
https://kawalpemilu.org#14686,"GAJAH SAKTI, MANDAU, BENGKALIS, RIAU",42,12,91,103
https://kawalpemilu.org#14686,"GAJAH SAKTI, MANDAU, BENGKALIS, RIAU",44,9,114,123
https://kawalpemilu.org#14686,"GAJAH SAKTI, MANDAU, BENGKALIS, RIAU",45,27,102,129
https://kawalpemilu.org#14687,"TALANG MANDI, MANDAU, BENGKALIS, RIAU",3,15,191,206
https://kawalpemilu.org#14687,"TALANG MANDI, MANDAU, BENGKALIS, RIAU",4,29,187,216
https://kawalpemilu.org#14687,"TALANG MANDI, MANDAU, BENGKALIS, RIAU",5,16,200,216
https://kawalpemilu.org#14687,"TALANG MANDI, MANDAU, BENGKALIS, RIAU",23,23,110,133
https://kawalpemilu.org#14687,"TALANG MANDI, MANDAU, BENGKALIS, RIAU",27,40,182,222
https://kawalpemilu.org#14687,"TALANG MANDI, MANDAU, BENGKALIS, RIAU",36,2,125,127
https://kawalpemilu.org#14687,"TALANG MANDI, MANDAU, BENGKALIS, RIAU",43,106,53,159
https://kawalpemilu.org#14687,"TALANG MANDI, MANDAU, BENGKALIS, RIAU",47,23,98,121
https://kawalpemilu.org#14687,"TALANG MANDI, MANDAU, BENGKALIS, RIAU",53,125,0,125
https://kawalpemilu.org#14687,"TALANG MANDI, MANDAU, BENGKALIS, RIAU",58,8,126,134
https://kawalpemilu.org#14687,"TALANG MANDI, MANDAU, BENGKALIS, RIAU",60,27,0,27
https://kawalpemilu.org#14688,"PEMATANG PUDU, MANDAU, BENGKALIS, RIAU",4,204,7,211
https://kawalpemilu.org#14688,"PEMATANG PUDU, MANDAU, BENGKALIS, RIAU",5,33,140,173
https://kawalpemilu.org#14688,"PEMATANG PUDU, MANDAU, BENGKALIS, RIAU",8,63,102,165
https://kawalpemilu.org#14688,"PEMATANG PUDU, MANDAU, BENGKALIS, RIAU",10,57,120,177
https://kawalpemilu.org#14688,"PEMATANG PUDU, MANDAU, BENGKALIS, RIAU",11,199,26,225
https://kawalpemilu.org#14688,"PEMATANG PUDU, MANDAU, BENGKALIS, RIAU",13,8,226,234
https://kawalpemilu.org#14688,"PEMATANG PUDU, MANDAU, BENGKALIS, RIAU",14,17,139,156
https://kawalpemilu.org#14688,"PEMATANG PUDU, MANDAU, BENGKALIS, RIAU",17,74,86,160
https://kawalpemilu.org#14688,"PEMATANG PUDU, MANDAU, BENGKALIS, RIAU",18,0,0,0
https://kawalpemilu.org#14688,"PEMATANG PUDU, MANDAU, BENGKALIS, RIAU",21,32,154,186
https://kawalpemilu.org#14688,"PEMATANG PUDU, MANDAU, BENGKALIS, RIAU",23,84,187,271
https://kawalpemilu.org#14688,"PEMATANG PUDU, MANDAU, BENGKALIS, RIAU",27,9,201,210
https://kawalpemilu.org#14688,"PEMATANG PUDU, MANDAU, BENGKALIS, RIAU",31,186,15,201
https://kawalpemilu.org#14688,"PEMATANG PUDU, MANDAU, BENGKALIS, RIAU",38,27,171,198
https://kawalpemilu.org#14688,"PEMATANG PUDU, MANDAU, BENGKALIS, RIAU",40,25,168,193
https://kawalpemilu.org#14688,"PEMATANG PUDU, MANDAU, BENGKALIS, RIAU",47,23,98,121
https://kawalpemilu.org#14688,"PEMATANG PUDU, MANDAU, BENGKALIS, RIAU",49,49,122,171
https://kawalpemilu.org#14688,"PEMATANG PUDU, MANDAU, BENGKALIS, RIAU",51,151,76,227
https://kawalpemilu.org#14688,"PEMATANG PUDU, MANDAU, BENGKALIS, RIAU",54,7,186,193
https://kawalpemilu.org#14688,"PEMATANG PUDU, MANDAU, BENGKALIS, RIAU",55,72,124,196
https://kawalpemilu.org#14688,"PEMATANG PUDU, MANDAU, BENGKALIS, RIAU",57,38,196,234
https://kawalpemilu.org#14688,"PEMATANG PUDU, MANDAU, BENGKALIS, RIAU",60,46,87,133
https://kawalpemilu.org#14688,"PEMATANG PUDU, MANDAU, BENGKALIS, RIAU",61,102,101,203
https://kawalpemilu.org#14688,"PEMATANG PUDU, MANDAU, BENGKALIS, RIAU",64,21,85,106
https://kawalpemilu.org#14688,"PEMATANG PUDU, MANDAU, BENGKALIS, RIAU",65,16,176,192
https://kawalpemilu.org#14688,"PEMATANG PUDU, MANDAU, BENGKALIS, RIAU",67,9,153,162
https://kawalpemilu.org#14688,"PEMATANG PUDU, MANDAU, BENGKALIS, RIAU",72,30,80,110
https://kawalpemilu.org#14689,"HARAPAN BARU, MANDAU, BENGKALIS, RIAU",2,78,49,127
https://kawalpemilu.org#14689,"HARAPAN BARU, MANDAU, BENGKALIS, RIAU",3,111,76,187
https://kawalpemilu.org#14689,"HARAPAN BARU, MANDAU, BENGKALIS, RIAU",5,106,26,132
https://kawalpemilu.org#14689,"HARAPAN BARU, MANDAU, BENGKALIS, RIAU",6,93,62,155
https://kawalpemilu.org#14689,"HARAPAN BARU, MANDAU, BENGKALIS, RIAU",7,57,35,92
https://kawalpemilu.org#14689,"HARAPAN BARU, MANDAU, BENGKALIS, RIAU",8,130,53,183
https://kawalpemilu.org#14689,"HARAPAN BARU, MANDAU, BENGKALIS, RIAU",9,59,149,208
https://kawalpemilu.org#14689,"HARAPAN BARU, MANDAU, BENGKALIS, RIAU",10,60,52,112
https://kawalpemilu.org#14689,"HARAPAN BARU, MANDAU, BENGKALIS, RIAU",11,112,68,180
https://kawalpemilu.org#14689,"HARAPAN BARU, MANDAU, BENGKALIS, RIAU",12,93,79,172
https://kawalpemilu.org#14689,"HARAPAN BARU, MANDAU, BENGKALIS, RIAU",13,102,27,129
https://kawalpemilu.org#14689,"HARAPAN BARU, MANDAU, BENGKALIS, RIAU",14,115,26,141
https://kawalpemilu.org#14689,"HARAPAN BARU, MANDAU, BENGKALIS, RIAU",15,82,67,149
https://kawalpemilu.org#14689,"HARAPAN BARU, MANDAU, BENGKALIS, RIAU",16,78,39,117
https://kawalpemilu.org#14689,"HARAPAN BARU, MANDAU, BENGKALIS, RIAU",17,60,28,88
https://kawalpemilu.org#928969,"BATHIN BETUAH, MANDAU, BENGKALIS, RIAU",1,142,35,177
https://kawalpemilu.org#928969,"BATHIN BETUAH, MANDAU, BENGKALIS, RIAU",3,134,25,159
https://kawalpemilu.org#928969,"BATHIN BETUAH, MANDAU, BENGKALIS, RIAU",4,133,23,156
https://kawalpemilu.org#928969,"BATHIN BETUAH, MANDAU, BENGKALIS, RIAU",5,105,15,120
https://kawalpemilu.org#928969,"BATHIN BETUAH, MANDAU, BENGKALIS, RIAU",6,147,26,173
https://kawalpemilu.org#928969,"BATHIN BETUAH, MANDAU, BENGKALIS, RIAU",7,101,40,141
https://kawalpemilu.org#928969,"BATHIN BETUAH, MANDAU, BENGKALIS, RIAU",8,137,79,216
https://kawalpemilu.org#928969,"BATHIN BETUAH, MANDAU, BENGKALIS, RIAU",10,154,57,211
https://kawalpemilu.org#14695,"BATU PANJANG, RUPAT, BENGKALIS, RIAU",1,31,103,134
https://kawalpemilu.org#14695,"BATU PANJANG, RUPAT, BENGKALIS, RIAU",2,94,90,184
https://kawalpemilu.org#14695,"BATU PANJANG, RUPAT, BENGKALIS, RIAU",3,59,111,170
https://kawalpemilu.org#14695,"BATU PANJANG, RUPAT, BENGKALIS, RIAU",4,31,74,105
https://kawalpemilu.org#14695,"BATU PANJANG, RUPAT, BENGKALIS, RIAU",5,59,158,217
https://kawalpemilu.org#14695,"BATU PANJANG, RUPAT, BENGKALIS, RIAU",6,65,136,201
https://kawalpemilu.org#14695,"BATU PANJANG, RUPAT, BENGKALIS, RIAU",7,65,91,156
https://kawalpemilu.org#14695,"BATU PANJANG, RUPAT, BENGKALIS, RIAU",8,73,104,177
https://kawalpemilu.org#14695,"BATU PANJANG, RUPAT, BENGKALIS, RIAU",9,124,42,166
https://kawalpemilu.org#14695,"BATU PANJANG, RUPAT, BENGKALIS, RIAU",10,58,78,136
https://kawalpemilu.org#14695,"BATU PANJANG, RUPAT, BENGKALIS, RIAU",11,67,94,161
https://kawalpemilu.org#14695,"BATU PANJANG, RUPAT, BENGKALIS, RIAU",12,42,76,118
https://kawalpemilu.org#14695,"BATU PANJANG, RUPAT, BENGKALIS, RIAU",13,46,98,144
https://kawalpemilu.org#14695,"BATU PANJANG, RUPAT, BENGKALIS, RIAU",14,97,65,162
https://kawalpemilu.org#14695,"BATU PANJANG, RUPAT, BENGKALIS, RIAU",15,102,68,170
https://kawalpemilu.org#14696,"PERGAM, RUPAT, BENGKALIS, RIAU",1,56,133,189
https://kawalpemilu.org#14696,"PERGAM, RUPAT, BENGKALIS, RIAU",2,98,115,213
https://kawalpemilu.org#14696,"PERGAM, RUPAT, BENGKALIS, RIAU",3,118,85,203
https://kawalpemilu.org#14696,"PERGAM, RUPAT, BENGKALIS, RIAU",4,145,40,185
https://kawalpemilu.org#14696,"PERGAM, RUPAT, BENGKALIS, RIAU",5,66,53,119
https://kawalpemilu.org#14696,"PERGAM, RUPAT, BENGKALIS, RIAU",6,90,145,235
https://kawalpemilu.org#14696,"PERGAM, RUPAT, BENGKALIS, RIAU",7,105,49,154
https://kawalpemilu.org#14696,"PERGAM, RUPAT, BENGKALIS, RIAU",8,70,57,127
https://kawalpemilu.org#14697,"TERKUL, RUPAT, BENGKALIS, RIAU",1,96,122,218
https://kawalpemilu.org#14697,"TERKUL, RUPAT, BENGKALIS, RIAU",2,56,84,140
https://kawalpemilu.org#14697,"TERKUL, RUPAT, BENGKALIS, RIAU",3,70,97,167
https://kawalpemilu.org#14697,"TERKUL, RUPAT, BENGKALIS, RIAU",4,84,65,149
https://kawalpemilu.org#14697,"TERKUL, RUPAT, BENGKALIS, RIAU",5,55,87,142
https://kawalpemilu.org#14697,"TERKUL, RUPAT, BENGKALIS, RIAU",6,92,136,228
https://kawalpemilu.org#14697,"TERKUL, RUPAT, BENGKALIS, RIAU",8,83,56,139
https://kawalpemilu.org#14697,"TERKUL, RUPAT, BENGKALIS, RIAU",9,142,65,207
https://kawalpemilu.org#14697,"TERKUL, RUPAT, BENGKALIS, RIAU",10,101,54,155
https://kawalpemilu.org#14697,"TERKUL, RUPAT, BENGKALIS, RIAU",11,70,86,156
https://kawalpemilu.org#14697,"TERKUL, RUPAT, BENGKALIS, RIAU",12,86,100,186
https://kawalpemilu.org#14697,"TERKUL, RUPAT, BENGKALIS, RIAU",13,48,105,153
https://kawalpemilu.org#14697,"TERKUL, RUPAT, BENGKALIS, RIAU",14,99,61,160
https://kawalpemilu.org#14698,"TANJUNGKAPAL, RUPAT, BENGKALIS, RIAU",2,63,76,139
https://kawalpemilu.org#14698,"TANJUNGKAPAL, RUPAT, BENGKALIS, RIAU",3,125,100,225
https://kawalpemilu.org#14698,"TANJUNGKAPAL, RUPAT, BENGKALIS, RIAU",4,48,68,116
https://kawalpemilu.org#14698,"TANJUNGKAPAL, RUPAT, BENGKALIS, RIAU",5,82,60,142
https://kawalpemilu.org#14698,"TANJUNGKAPAL, RUPAT, BENGKALIS, RIAU",6,119,19,138
https://kawalpemilu.org#14698,"TANJUNGKAPAL, RUPAT, BENGKALIS, RIAU",7,149,44,193
https://kawalpemilu.org#14698,"TANJUNGKAPAL, RUPAT, BENGKALIS, RIAU",8,86,120,206
https://kawalpemilu.org#14698,"TANJUNGKAPAL, RUPAT, BENGKALIS, RIAU",9,46,84,130
https://kawalpemilu.org#14698,"TANJUNGKAPAL, RUPAT, BENGKALIS, RIAU",10,40,97,137
https://kawalpemilu.org#14698,"TANJUNGKAPAL, RUPAT, BENGKALIS, RIAU",11,86,82,168
https://kawalpemilu.org#14698,"TANJUNGKAPAL, RUPAT, BENGKALIS, RIAU",12,125,20,145
https://kawalpemilu.org#14699,"SUNGAICINGAM, RUPAT, BENGKALIS, RIAU",1,91,63,154
https://kawalpemilu.org#14699,"SUNGAICINGAM, RUPAT, BENGKALIS, RIAU",3,92,111,203
https://kawalpemilu.org#14699,"SUNGAICINGAM, RUPAT, BENGKALIS, RIAU",4,107,50,157
https://kawalpemilu.org#14699,"SUNGAICINGAM, RUPAT, BENGKALIS, RIAU",5,104,20,124
https://kawalpemilu.org#14699,"SUNGAICINGAM, RUPAT, BENGKALIS, RIAU",6,54,61,115
https://kawalpemilu.org#14699,"SUNGAICINGAM, RUPAT, BENGKALIS, RIAU",7,56,84,140
https://kawalpemilu.org#14699,"SUNGAICINGAM, RUPAT, BENGKALIS, RIAU",8,61,55,116
https://kawalpemilu.org#14699,"SUNGAICINGAM, RUPAT, BENGKALIS, RIAU",9,89,31,120
https://kawalpemilu.org#14700,"TELUKLECAH, RUPAT, BENGKALIS, RIAU",1,96,115,211
https://kawalpemilu.org#14700,"TELUKLECAH, RUPAT, BENGKALIS, RIAU",2,70,118,188
https://kawalpemilu.org#14700,"TELUKLECAH, RUPAT, BENGKALIS, RIAU",3,40,85,125
https://kawalpemilu.org#14700,"TELUKLECAH, RUPAT, BENGKALIS, RIAU",4,137,101,238
https://kawalpemilu.org#14700,"TELUKLECAH, RUPAT, BENGKALIS, RIAU",5,54,69,123
https://kawalpemilu.org#14700,"TELUKLECAH, RUPAT, BENGKALIS, RIAU",6,69,94,163
https://kawalpemilu.org#14700,"TELUKLECAH, RUPAT, BENGKALIS, RIAU",7,43,85,128
https://kawalpemilu.org#14700,"TELUKLECAH, RUPAT, BENGKALIS, RIAU",8,45,66,111
https://kawalpemilu.org#14701,"MAKERUH, RUPAT, BENGKALIS, RIAU",1,83,105,188
https://kawalpemilu.org#14701,"MAKERUH, RUPAT, BENGKALIS, RIAU",2,78,120,198
https://kawalpemilu.org#14701,"MAKERUH, RUPAT, BENGKALIS, RIAU",3,145,19,164
https://kawalpemilu.org#14701,"MAKERUH, RUPAT, BENGKALIS, RIAU",4,35,103,138
https://kawalpemilu.org#14701,"MAKERUH, RUPAT, BENGKALIS, RIAU",5,60,54,114
https://kawalpemilu.org#14702,"HUTAN PANJANG, RUPAT, BENGKALIS, RIAU",1,199,5,204
https://kawalpemilu.org#14702,"HUTAN PANJANG, RUPAT, BENGKALIS, RIAU",2,167,7,174
https://kawalpemilu.org#14702,"HUTAN PANJANG, RUPAT, BENGKALIS, RIAU",3,181,13,194
https://kawalpemilu.org#14702,"HUTAN PANJANG, RUPAT, BENGKALIS, RIAU",4,130,27,157
https://kawalpemilu.org#14702,"HUTAN PANJANG, RUPAT, BENGKALIS, RIAU",5,201,35,236
https://kawalpemilu.org#14702,"HUTAN PANJANG, RUPAT, BENGKALIS, RIAU",6,135,19,154
https://kawalpemilu.org#14703,"PANGKALAN NYIRIH, RUPAT, BENGKALIS, RIAU",1,66,77,143
https://kawalpemilu.org#14703,"PANGKALAN NYIRIH, RUPAT, BENGKALIS, RIAU",2,102,83,185
https://kawalpemilu.org#14703,"PANGKALAN NYIRIH, RUPAT, BENGKALIS, RIAU",3,40,106,146
https://kawalpemilu.org#14703,"PANGKALAN NYIRIH, RUPAT, BENGKALIS, RIAU",4,86,139,225
https://kawalpemilu.org#14703,"PANGKALAN NYIRIH, RUPAT, BENGKALIS, RIAU",5,91,83,174
https://kawalpemilu.org#14703,"PANGKALAN NYIRIH, RUPAT, BENGKALIS, RIAU",6,18,124,142
https://kawalpemilu.org#14703,"PANGKALAN NYIRIH, RUPAT, BENGKALIS, RIAU",7,53,106,159
https://kawalpemilu.org#14703,"PANGKALAN NYIRIH, RUPAT, BENGKALIS, RIAU",8,55,120,175
https://kawalpemilu.org#14703,"PANGKALAN NYIRIH, RUPAT, BENGKALIS, RIAU",9,50,90,140
https://kawalpemilu.org#14704,"SUKARJO MESIN, RUPAT, BENGKALIS, RIAU",1,89,39,128
https://kawalpemilu.org#14704,"SUKARJO MESIN, RUPAT, BENGKALIS, RIAU",2,169,44,213
https://kawalpemilu.org#14704,"SUKARJO MESIN, RUPAT, BENGKALIS, RIAU",4,88,42,130
https://kawalpemilu.org#14704,"SUKARJO MESIN, RUPAT, BENGKALIS, RIAU",5,78,49,127
https://kawalpemilu.org#14704,"SUKARJO MESIN, RUPAT, BENGKALIS, RIAU",6,82,50,132
https://kawalpemilu.org#14704,"SUKARJO MESIN, RUPAT, BENGKALIS, RIAU",7,120,8,128
https://kawalpemilu.org#14705,"DARUL AMAN, RUPAT, BENGKALIS, RIAU",1,60,78,138
https://kawalpemilu.org#14705,"DARUL AMAN, RUPAT, BENGKALIS, RIAU",2,50,109,159
https://kawalpemilu.org#14705,"DARUL AMAN, RUPAT, BENGKALIS, RIAU",3,120,6,126
https://kawalpemilu.org#14705,"DARUL AMAN, RUPAT, BENGKALIS, RIAU",4,151,17,168
https://kawalpemilu.org#14705,"DARUL AMAN, RUPAT, BENGKALIS, RIAU",5,134,46,180
https://kawalpemilu.org#14705,"DARUL AMAN, RUPAT, BENGKALIS, RIAU",6,51,67,118
https://kawalpemilu.org#14706,"PARIT KEBUMEN, RUPAT, BENGKALIS, RIAU",1,81,91,172
https://kawalpemilu.org#14706,"PARIT KEBUMEN, RUPAT, BENGKALIS, RIAU",2,67,64,131
https://kawalpemilu.org#14706,"PARIT KEBUMEN, RUPAT, BENGKALIS, RIAU",3,109,139,248
https://kawalpemilu.org#14706,"PARIT KEBUMEN, RUPAT, BENGKALIS, RIAU",4,84,90,174
https://kawalpemilu.org#14706,"PARIT KEBUMEN, RUPAT, BENGKALIS, RIAU",5,67,84,151
https://kawalpemilu.org#928973,"SRI TANJUNG, RUPAT, BENGKALIS, RIAU",1,180,63,243
https://kawalpemilu.org#928973,"SRI TANJUNG, RUPAT, BENGKALIS, RIAU",2,117,29,146
https://kawalpemilu.org#928973,"SRI TANJUNG, RUPAT, BENGKALIS, RIAU",3,159,46,205
https://kawalpemilu.org#928973,"SRI TANJUNG, RUPAT, BENGKALIS, RIAU",4,113,16,129
https://kawalpemilu.org#928974,"PANCUR JAYA, RUPAT, BENGKALIS, RIAU",1,62,75,137
https://kawalpemilu.org#928974,"PANCUR JAYA, RUPAT, BENGKALIS, RIAU",2,182,32,214
https://kawalpemilu.org#928974,"PANCUR JAYA, RUPAT, BENGKALIS, RIAU",3,132,13,145
https://kawalpemilu.org#928974,"PANCUR JAYA, RUPAT, BENGKALIS, RIAU",4,98,32,130
https://kawalpemilu.org#928974,"PANCUR JAYA, RUPAT, BENGKALIS, RIAU",5,123,18,141
https://kawalpemilu.org#928975,"PANGKALAN PINANG, RUPAT, BENGKALIS, RIAU",1,63,95,158
https://kawalpemilu.org#928975,"PANGKALAN PINANG, RUPAT, BENGKALIS, RIAU",2,82,115,197
https://kawalpemilu.org#928975,"PANGKALAN PINANG, RUPAT, BENGKALIS, RIAU",3,89,69,158
https://kawalpemilu.org#928976,"DUNGUN BARU, RUPAT, BENGKALIS, RIAU",1,116,7,123
https://kawalpemilu.org#928976,"DUNGUN BARU, RUPAT, BENGKALIS, RIAU",2,80,12,92
https://kawalpemilu.org#928976,"DUNGUN BARU, RUPAT, BENGKALIS, RIAU",3,90,34,124
https://kawalpemilu.org#928976,"DUNGUN BARU, RUPAT, BENGKALIS, RIAU",4,122,9,131
https://kawalpemilu.org#928976,"DUNGUN BARU, RUPAT, BENGKALIS, RIAU",5,133,55,188
https://kawalpemilu.org#14708,"TANJUNGMEDANG, RUPAT UTARA, BENGKALIS, RIAU",2,123,13,136
https://kawalpemilu.org#14708,"TANJUNGMEDANG, RUPAT UTARA, BENGKALIS, RIAU",3,132,3,135
https://kawalpemilu.org#14708,"TANJUNGMEDANG, RUPAT UTARA, BENGKALIS, RIAU",4,130,65,195
https://kawalpemilu.org#14708,"TANJUNGMEDANG, RUPAT UTARA, BENGKALIS, RIAU",5,92,56,148
https://kawalpemilu.org#14708,"TANJUNGMEDANG, RUPAT UTARA, BENGKALIS, RIAU",6,104,83,187
https://kawalpemilu.org#14708,"TANJUNGMEDANG, RUPAT UTARA, BENGKALIS, RIAU",7,91,11,102
https://kawalpemilu.org#14708,"TANJUNGMEDANG, RUPAT UTARA, BENGKALIS, RIAU",8,112,5,117
https://kawalpemilu.org#14708,"TANJUNGMEDANG, RUPAT UTARA, BENGKALIS, RIAU",10,89,43,132
https://kawalpemilu.org#14709,"TELUKRHU, RUPAT UTARA, BENGKALIS, RIAU",1,119,52,171
https://kawalpemilu.org#14709,"TELUKRHU, RUPAT UTARA, BENGKALIS, RIAU",2,125,87,212
https://kawalpemilu.org#14709,"TELUKRHU, RUPAT UTARA, BENGKALIS, RIAU",3,74,73,147
https://kawalpemilu.org#14709,"TELUKRHU, RUPAT UTARA, BENGKALIS, RIAU",4,106,30,136
https://kawalpemilu.org#14709,"TELUKRHU, RUPAT UTARA, BENGKALIS, RIAU",5,105,31,136
https://kawalpemilu.org#14709,"TELUKRHU, RUPAT UTARA, BENGKALIS, RIAU",6,147,35,182
https://kawalpemilu.org#14709,"TELUKRHU, RUPAT UTARA, BENGKALIS, RIAU",7,72,30,102
https://kawalpemilu.org#14709,"TELUKRHU, RUPAT UTARA, BENGKALIS, RIAU",8,138,26,164
https://kawalpemilu.org#14710,"TANJUNGPUNAK, RUPAT UTARA, BENGKALIS, RIAU",1,102,135,237
https://kawalpemilu.org#14710,"TANJUNGPUNAK, RUPAT UTARA, BENGKALIS, RIAU",2,46,164,210
https://kawalpemilu.org#14710,"TANJUNGPUNAK, RUPAT UTARA, BENGKALIS, RIAU",3,121,26,147
https://kawalpemilu.org#14711,"KADUR, RUPAT UTARA, BENGKALIS, RIAU",1,71,102,173
https://kawalpemilu.org#14711,"KADUR, RUPAT UTARA, BENGKALIS, RIAU",2,79,123,202
https://kawalpemilu.org#14711,"KADUR, RUPAT UTARA, BENGKALIS, RIAU",3,135,52,187
https://kawalpemilu.org#14711,"KADUR, RUPAT UTARA, BENGKALIS, RIAU",5,107,54,161
https://kawalpemilu.org#14711,"KADUR, RUPAT UTARA, BENGKALIS, RIAU",6,67,70,137
https://kawalpemilu.org#14712,"TITI AKAR, RUPAT UTARA, BENGKALIS, RIAU",1,139,14,153
https://kawalpemilu.org#14712,"TITI AKAR, RUPAT UTARA, BENGKALIS, RIAU",2,106,39,145
https://kawalpemilu.org#14712,"TITI AKAR, RUPAT UTARA, BENGKALIS, RIAU",3,164,17,181
https://kawalpemilu.org#14712,"TITI AKAR, RUPAT UTARA, BENGKALIS, RIAU",4,103,4,107
https://kawalpemilu.org#14712,"TITI AKAR, RUPAT UTARA, BENGKALIS, RIAU",6,101,6,107
https://kawalpemilu.org#14712,"TITI AKAR, RUPAT UTARA, BENGKALIS, RIAU",8,20,29,49
https://kawalpemilu.org#14712,"TITI AKAR, RUPAT UTARA, BENGKALIS, RIAU",10,160,11,171
https://kawalpemilu.org#14712,"TITI AKAR, RUPAT UTARA, BENGKALIS, RIAU",11,100,5,105
https://kawalpemilu.org#14712,"TITI AKAR, RUPAT UTARA, BENGKALIS, RIAU",12,57,63,120
https://kawalpemilu.org#14712,"TITI AKAR, RUPAT UTARA, BENGKALIS, RIAU",13,110,7,117
https://kawalpemilu.org#14712,"TITI AKAR, RUPAT UTARA, BENGKALIS, RIAU",14,121,16,137
https://kawalpemilu.org#928977,"HUTAN AYU, RUPAT UTARA, BENGKALIS, RIAU",1,167,6,173
https://kawalpemilu.org#928977,"HUTAN AYU, RUPAT UTARA, BENGKALIS, RIAU",2,223,8,231
https://kawalpemilu.org#928977,"HUTAN AYU, RUPAT UTARA, BENGKALIS, RIAU",3,162,4,166
https://kawalpemilu.org#928978,"SUKA DAMAI, RUPAT UTARA, BENGKALIS, RIAU",1,66,90,156
https://kawalpemilu.org#928978,"SUKA DAMAI, RUPAT UTARA, BENGKALIS, RIAU",2,120,9,129
https://kawalpemilu.org#928978,"SUKA DAMAI, RUPAT UTARA, BENGKALIS, RIAU",3,51,89,140
https://kawalpemilu.org#928979,"PUTERI SEMBILAN, RUPAT UTARA, BENGKALIS, RIAU",1,96,73,169
https://kawalpemilu.org#928979,"PUTERI SEMBILAN, RUPAT UTARA, BENGKALIS, RIAU",2,93,134,227
https://kawalpemilu.org#928979,"PUTERI SEMBILAN, RUPAT UTARA, BENGKALIS, RIAU",3,85,43,128
https://kawalpemilu.org#928979,"PUTERI SEMBILAN, RUPAT UTARA, BENGKALIS, RIAU",4,70,106,176
https://kawalpemilu.org#928979,"PUTERI SEMBILAN, RUPAT UTARA, BENGKALIS, RIAU",5,63,47,110
https://kawalpemilu.org#14714,"LUBUK MUDA, SIAK KECIL, BENGKALIS, RIAU",1,73,212,285
https://kawalpemilu.org#14714,"LUBUK MUDA, SIAK KECIL, BENGKALIS, RIAU",2,36,202,238
https://kawalpemilu.org#14714,"LUBUK MUDA, SIAK KECIL, BENGKALIS, RIAU",4,49,136,185
https://kawalpemilu.org#14714,"LUBUK MUDA, SIAK KECIL, BENGKALIS, RIAU",5,73,113,186
https://kawalpemilu.org#14714,"LUBUK MUDA, SIAK KECIL, BENGKALIS, RIAU",6,62,82,144
https://kawalpemilu.org#14714,"LUBUK MUDA, SIAK KECIL, BENGKALIS, RIAU",7,65,170,235
https://kawalpemilu.org#14714,"LUBUK MUDA, SIAK KECIL, BENGKALIS, RIAU",8,64,80,144
https://kawalpemilu.org#14715,"BANDAR JAYA, SIAK KECIL, BENGKALIS, RIAU",1,114,49,163
https://kawalpemilu.org#14715,"BANDAR JAYA, SIAK KECIL, BENGKALIS, RIAU",3,109,56,165
https://kawalpemilu.org#14715,"BANDAR JAYA, SIAK KECIL, BENGKALIS, RIAU",4,143,29,172
https://kawalpemilu.org#14716,"SUNGAISIPUT, SIAK KECIL, BENGKALIS, RIAU",3,61,122,183
https://kawalpemilu.org#14717,"SADAR JAYA, SIAK KECIL, BENGKALIS, RIAU",1,144,54,198
https://kawalpemilu.org#14717,"SADAR JAYA, SIAK KECIL, BENGKALIS, RIAU",2,131,47,178
https://kawalpemilu.org#14717,"SADAR JAYA, SIAK KECIL, BENGKALIS, RIAU",3,205,48,253
https://kawalpemilu.org#14717,"SADAR JAYA, SIAK KECIL, BENGKALIS, RIAU",4,139,52,191
https://kawalpemilu.org#14717,"SADAR JAYA, SIAK KECIL, BENGKALIS, RIAU",5,108,68,176
https://kawalpemilu.org#14718,"LANGKAT, SIAK KECIL, BENGKALIS, RIAU",1,162,45,207
https://kawalpemilu.org#14718,"LANGKAT, SIAK KECIL, BENGKALIS, RIAU",2,63,106,169
https://kawalpemilu.org#14718,"LANGKAT, SIAK KECIL, BENGKALIS, RIAU",3,167,76,243
https://kawalpemilu.org#14718,"LANGKAT, SIAK KECIL, BENGKALIS, RIAU",4,78,147,225
https://kawalpemilu.org#14719,"TANJUNGDAMAI, SIAK KECIL, BENGKALIS, RIAU",2,113,81,194
https://kawalpemilu.org#14719,"TANJUNGDAMAI, SIAK KECIL, BENGKALIS, RIAU",3,126,66,192
https://kawalpemilu.org#14719,"TANJUNGDAMAI, SIAK KECIL, BENGKALIS, RIAU",4,137,64,201
https://kawalpemilu.org#14720,"LUBUK GAUNG, SIAK KECIL, BENGKALIS, RIAU",3,36,175,211
https://kawalpemilu.org#14720,"LUBUK GAUNG, SIAK KECIL, BENGKALIS, RIAU",4,56,118,174
https://kawalpemilu.org#14720,"LUBUK GAUNG, SIAK KECIL, BENGKALIS, RIAU",5,42,74,116
https://kawalpemilu.org#14720,"LUBUK GAUNG, SIAK KECIL, BENGKALIS, RIAU",6,70,71,141
https://kawalpemilu.org#14721,"SEPOTONG, SIAK KECIL, BENGKALIS, RIAU",2,19,91,110
https://kawalpemilu.org#14721,"SEPOTONG, SIAK KECIL, BENGKALIS, RIAU",3,98,113,211
https://kawalpemilu.org#14721,"SEPOTONG, SIAK KECIL, BENGKALIS, RIAU",4,55,44,99
https://kawalpemilu.org#14721,"SEPOTONG, SIAK KECIL, BENGKALIS, RIAU",5,53,113,166
https://kawalpemilu.org#14723,"TANJUNGBELIT, SIAK KECIL, BENGKALIS, RIAU",1,82,87,169
https://kawalpemilu.org#14723,"TANJUNGBELIT, SIAK KECIL, BENGKALIS, RIAU",2,42,117,159
https://kawalpemilu.org#14723,"TANJUNGBELIT, SIAK KECIL, BENGKALIS, RIAU",3,49,110,159
https://kawalpemilu.org#14723,"TANJUNGBELIT, SIAK KECIL, BENGKALIS, RIAU",4,164,77,241
https://kawalpemilu.org#14723,"TANJUNGBELIT, SIAK KECIL, BENGKALIS, RIAU",5,64,86,150
https://kawalpemilu.org#14723,"TANJUNGBELIT, SIAK KECIL, BENGKALIS, RIAU",7,45,120,165
https://kawalpemilu.org#14723,"TANJUNGBELIT, SIAK KECIL, BENGKALIS, RIAU",8,62,39,101
https://kawalpemilu.org#14724,"SUMBER JAYA, SIAK KECIL, BENGKALIS, RIAU",1,194,59,253
https://kawalpemilu.org#14725,"LUBUK GARAM, SIAK KECIL, BENGKALIS, RIAU",2,40,127,167
https://kawalpemilu.org#14725,"LUBUK GARAM, SIAK KECIL, BENGKALIS, RIAU",3,81,160,241
https://kawalpemilu.org#14725,"LUBUK GARAM, SIAK KECIL, BENGKALIS, RIAU",4,25,164,189
https://kawalpemilu.org#14725,"LUBUK GARAM, SIAK KECIL, BENGKALIS, RIAU",5,15,149,164
https://kawalpemilu.org#14726,"MUARA DUA, SIAK KECIL, BENGKALIS, RIAU",1,115,111,226
https://kawalpemilu.org#14726,"MUARA DUA, SIAK KECIL, BENGKALIS, RIAU",2,120,102,222
https://kawalpemilu.org#14726,"MUARA DUA, SIAK KECIL, BENGKALIS, RIAU",3,60,110,170
https://kawalpemilu.org#84483,"SUNGAILINAU, SIAK KECIL, BENGKALIS, RIAU",2,83,12,95
https://kawalpemilu.org#84483,"SUNGAILINAU, SIAK KECIL, BENGKALIS, RIAU",3,105,61,166
https://kawalpemilu.org#928980,"LIANG BANIR, SIAK KECIL, BENGKALIS, RIAU",1,32,182,214
https://kawalpemilu.org#928981,"TANJUNGDATUK, SIAK KECIL, BENGKALIS, RIAU",2,31,220,251
https://kawalpemilu.org#928982,"KOTO RAJA, SIAK KECIL, BENGKALIS, RIAU",1,40,125,165
https://kawalpemilu.org#928982,"KOTO RAJA, SIAK KECIL, BENGKALIS, RIAU",2,49,112,161
https://kawalpemilu.org#928982,"KOTO RAJA, SIAK KECIL, BENGKALIS, RIAU",3,54,135,189
https://kawalpemilu.org#928982,"KOTO RAJA, SIAK KECIL, BENGKALIS, RIAU",4,38,172,210
https://kawalpemilu.org#928982,"KOTO RAJA, SIAK KECIL, BENGKALIS, RIAU",5,50,62,112
https://kawalpemilu.org#928982,"KOTO RAJA, SIAK KECIL, BENGKALIS, RIAU",6,84,103,187
https://kawalpemilu.org#928983,"SUNGAINIBUNG, SIAK KECIL, BENGKALIS, RIAU",2,102,149,251
https://kawalpemilu.org#928983,"SUNGAINIBUNG, SIAK KECIL, BENGKALIS, RIAU",3,98,114,212
https://kawalpemilu.org#928983,"SUNGAINIBUNG, SIAK KECIL, BENGKALIS, RIAU",4,56,106,162
https://kawalpemilu.org#14728,"BALAI RAJA, PINGGIR, BENGKALIS, RIAU",1,124,69,193
https://kawalpemilu.org#14728,"BALAI RAJA, PINGGIR, BENGKALIS, RIAU",2,75,101,176
https://kawalpemilu.org#14728,"BALAI RAJA, PINGGIR, BENGKALIS, RIAU",4,87,129,216
https://kawalpemilu.org#14728,"BALAI RAJA, PINGGIR, BENGKALIS, RIAU",5,117,65,182
https://kawalpemilu.org#14728,"BALAI RAJA, PINGGIR, BENGKALIS, RIAU",6,131,92,223
https://kawalpemilu.org#14728,"BALAI RAJA, PINGGIR, BENGKALIS, RIAU",7,42,95,137
https://kawalpemilu.org#14728,"BALAI RAJA, PINGGIR, BENGKALIS, RIAU",8,241,2,243
https://kawalpemilu.org#14728,"BALAI RAJA, PINGGIR, BENGKALIS, RIAU",9,58,29,87
https://kawalpemilu.org#14728,"BALAI RAJA, PINGGIR, BENGKALIS, RIAU",10,163,77,240
https://kawalpemilu.org#14728,"BALAI RAJA, PINGGIR, BENGKALIS, RIAU",11,85,59,144
https://kawalpemilu.org#14728,"BALAI RAJA, PINGGIR, BENGKALIS, RIAU",12,94,151,245
https://kawalpemilu.org#14728,"BALAI RAJA, PINGGIR, BENGKALIS, RIAU",13,110,25,135
https://kawalpemilu.org#14728,"BALAI RAJA, PINGGIR, BENGKALIS, RIAU",14,72,148,220
https://kawalpemilu.org#14728,"BALAI RAJA, PINGGIR, BENGKALIS, RIAU",15,68,96,164
https://kawalpemilu.org#14728,"BALAI RAJA, PINGGIR, BENGKALIS, RIAU",16,185,4,189
https://kawalpemilu.org#14728,"BALAI RAJA, PINGGIR, BENGKALIS, RIAU",17,189,1,190
https://kawalpemilu.org#14728,"BALAI RAJA, PINGGIR, BENGKALIS, RIAU",18,173,43,216
https://kawalpemilu.org#14729,"TITIAN ANTUI, PINGGIR, BENGKALIS, RIAU",1,31,181,212
https://kawalpemilu.org#14729,"TITIAN ANTUI, PINGGIR, BENGKALIS, RIAU",2,33,161,194
https://kawalpemilu.org#14729,"TITIAN ANTUI, PINGGIR, BENGKALIS, RIAU",3,30,169,199
https://kawalpemilu.org#14729,"TITIAN ANTUI, PINGGIR, BENGKALIS, RIAU",4,10,183,193
https://kawalpemilu.org#14729,"TITIAN ANTUI, PINGGIR, BENGKALIS, RIAU",5,4,207,211
https://kawalpemilu.org#14729,"TITIAN ANTUI, PINGGIR, BENGKALIS, RIAU",6,8,153,161
https://kawalpemilu.org#14729,"TITIAN ANTUI, PINGGIR, BENGKALIS, RIAU",7,25,152,177
https://kawalpemilu.org#14729,"TITIAN ANTUI, PINGGIR, BENGKALIS, RIAU",8,60,123,183
https://kawalpemilu.org#14729,"TITIAN ANTUI, PINGGIR, BENGKALIS, RIAU",9,42,89,131
https://kawalpemilu.org#14729,"TITIAN ANTUI, PINGGIR, BENGKALIS, RIAU",10,35,107,142
https://kawalpemilu.org#14729,"TITIAN ANTUI, PINGGIR, BENGKALIS, RIAU",11,9,134,143
https://kawalpemilu.org#14729,"TITIAN ANTUI, PINGGIR, BENGKALIS, RIAU",13,183,1,184
https://kawalpemilu.org#14729,"TITIAN ANTUI, PINGGIR, BENGKALIS, RIAU",14,134,48,182
https://kawalpemilu.org#14729,"TITIAN ANTUI, PINGGIR, BENGKALIS, RIAU",15,162,30,192
https://kawalpemilu.org#14729,"TITIAN ANTUI, PINGGIR, BENGKALIS, RIAU",16,208,0,208
https://kawalpemilu.org#14729,"TITIAN ANTUI, PINGGIR, BENGKALIS, RIAU",18,264,0,264
https://kawalpemilu.org#14729,"TITIAN ANTUI, PINGGIR, BENGKALIS, RIAU",20,226,1,227
https://kawalpemilu.org#14729,"TITIAN ANTUI, PINGGIR, BENGKALIS, RIAU",21,209,0,209
https://kawalpemilu.org#14729,"TITIAN ANTUI, PINGGIR, BENGKALIS, RIAU",22,78,64,142
https://kawalpemilu.org#14729,"TITIAN ANTUI, PINGGIR, BENGKALIS, RIAU",23,210,6,216
https://kawalpemilu.org#14729,"TITIAN ANTUI, PINGGIR, BENGKALIS, RIAU",24,187,4,191
https://kawalpemilu.org#14729,"TITIAN ANTUI, PINGGIR, BENGKALIS, RIAU",25,203,4,207
https://kawalpemilu.org#14729,"TITIAN ANTUI, PINGGIR, BENGKALIS, RIAU",26,205,5,210
https://kawalpemilu.org#14729,"TITIAN ANTUI, PINGGIR, BENGKALIS, RIAU",28,248,5,253
https://kawalpemilu.org#14729,"TITIAN ANTUI, PINGGIR, BENGKALIS, RIAU",29,43,121,164
https://kawalpemilu.org#14729,"TITIAN ANTUI, PINGGIR, BENGKALIS, RIAU",30,138,43,181
https://kawalpemilu.org#14729,"TITIAN ANTUI, PINGGIR, BENGKALIS, RIAU",31,120,44,164
https://kawalpemilu.org#14729,"TITIAN ANTUI, PINGGIR, BENGKALIS, RIAU",32,67,142,209
https://kawalpemilu.org#14729,"TITIAN ANTUI, PINGGIR, BENGKALIS, RIAU",33,63,82,145
https://kawalpemilu.org#14729,"TITIAN ANTUI, PINGGIR, BENGKALIS, RIAU",34,113,89,202
https://kawalpemilu.org#14729,"TITIAN ANTUI, PINGGIR, BENGKALIS, RIAU",37,84,160,244
https://kawalpemilu.org#14729,"TITIAN ANTUI, PINGGIR, BENGKALIS, RIAU",39,137,0,137
https://kawalpemilu.org#14729,"TITIAN ANTUI, PINGGIR, BENGKALIS, RIAU",40,25,182,207
https://kawalpemilu.org#14729,"TITIAN ANTUI, PINGGIR, BENGKALIS, RIAU",42,162,3,165
https://kawalpemilu.org#14729,"TITIAN ANTUI, PINGGIR, BENGKALIS, RIAU",44,108,83,191
https://kawalpemilu.org#14729,"TITIAN ANTUI, PINGGIR, BENGKALIS, RIAU",45,82,76,158
https://kawalpemilu.org#14729,"TITIAN ANTUI, PINGGIR, BENGKALIS, RIAU",46,58,85,143
https://kawalpemilu.org#14729,"TITIAN ANTUI, PINGGIR, BENGKALIS, RIAU",47,109,71,180
https://kawalpemilu.org#14729,"TITIAN ANTUI, PINGGIR, BENGKALIS, RIAU",48,150,0,150
https://kawalpemilu.org#14730,"PINGGIR, PINGGIR, BENGKALIS, RIAU",2,79,115,194
https://kawalpemilu.org#14730,"PINGGIR, PINGGIR, BENGKALIS, RIAU",3,64,88,152
https://kawalpemilu.org#14730,"PINGGIR, PINGGIR, BENGKALIS, RIAU",4,141,109,250
https://kawalpemilu.org#14730,"PINGGIR, PINGGIR, BENGKALIS, RIAU",5,73,92,165
https://kawalpemilu.org#14730,"PINGGIR, PINGGIR, BENGKALIS, RIAU",6,94,80,174
https://kawalpemilu.org#14730,"PINGGIR, PINGGIR, BENGKALIS, RIAU",7,48,49,97
https://kawalpemilu.org#14730,"PINGGIR, PINGGIR, BENGKALIS, RIAU",8,79,114,193
https://kawalpemilu.org#14730,"PINGGIR, PINGGIR, BENGKALIS, RIAU",9,63,68,131
https://kawalpemilu.org#14730,"PINGGIR, PINGGIR, BENGKALIS, RIAU",10,50,90,140
https://kawalpemilu.org#14730,"PINGGIR, PINGGIR, BENGKALIS, RIAU",11,93,133,226
https://kawalpemilu.org#14730,"PINGGIR, PINGGIR, BENGKALIS, RIAU",13,128,107,235
https://kawalpemilu.org#14730,"PINGGIR, PINGGIR, BENGKALIS, RIAU",14,125,86,211
https://kawalpemilu.org#14730,"PINGGIR, PINGGIR, BENGKALIS, RIAU",15,137,7,144
https://kawalpemilu.org#14730,"PINGGIR, PINGGIR, BENGKALIS, RIAU",16,38,91,129
https://kawalpemilu.org#14730,"PINGGIR, PINGGIR, BENGKALIS, RIAU",17,64,94,158
https://kawalpemilu.org#14730,"PINGGIR, PINGGIR, BENGKALIS, RIAU",18,145,102,247
https://kawalpemilu.org#14730,"PINGGIR, PINGGIR, BENGKALIS, RIAU",19,102,100,202
https://kawalpemilu.org#14730,"PINGGIR, PINGGIR, BENGKALIS, RIAU",20,48,99,147
https://kawalpemilu.org#14730,"PINGGIR, PINGGIR, BENGKALIS, RIAU",22,108,70,178
https://kawalpemilu.org#14730,"PINGGIR, PINGGIR, BENGKALIS, RIAU",23,157,8,165
https://kawalpemilu.org#14731,"MUARA BASUNG, PINGGIR, BENGKALIS, RIAU",1,149,78,227
https://kawalpemilu.org#14731,"MUARA BASUNG, PINGGIR, BENGKALIS, RIAU",2,148,96,244
https://kawalpemilu.org#14731,"MUARA BASUNG, PINGGIR, BENGKALIS, RIAU",6,104,133,237
https://kawalpemilu.org#14731,"MUARA BASUNG, PINGGIR, BENGKALIS, RIAU",8,118,113,231
https://kawalpemilu.org#14731,"MUARA BASUNG, PINGGIR, BENGKALIS, RIAU",9,164,50,214
https://kawalpemilu.org#14731,"MUARA BASUNG, PINGGIR, BENGKALIS, RIAU",10,78,79,157
https://kawalpemilu.org#14731,"MUARA BASUNG, PINGGIR, BENGKALIS, RIAU",12,98,69,167
https://kawalpemilu.org#14731,"MUARA BASUNG, PINGGIR, BENGKALIS, RIAU",13,66,27,93
https://kawalpemilu.org#14731,"MUARA BASUNG, PINGGIR, BENGKALIS, RIAU",14,104,2,106
https://kawalpemilu.org#14731,"MUARA BASUNG, PINGGIR, BENGKALIS, RIAU",15,39,90,129
https://kawalpemilu.org#14731,"MUARA BASUNG, PINGGIR, BENGKALIS, RIAU",16,97,20,117
https://kawalpemilu.org#14731,"MUARA BASUNG, PINGGIR, BENGKALIS, RIAU",17,60,104,164
https://kawalpemilu.org#14731,"MUARA BASUNG, PINGGIR, BENGKALIS, RIAU",18,164,73,237
https://kawalpemilu.org#14731,"MUARA BASUNG, PINGGIR, BENGKALIS, RIAU",19,130,114,244
https://kawalpemilu.org#14731,"MUARA BASUNG, PINGGIR, BENGKALIS, RIAU",20,124,87,211
https://kawalpemilu.org#14731,"MUARA BASUNG, PINGGIR, BENGKALIS, RIAU",21,173,71,244
https://kawalpemilu.org#14731,"MUARA BASUNG, PINGGIR, BENGKALIS, RIAU",22,109,94,203
https://kawalpemilu.org#14731,"MUARA BASUNG, PINGGIR, BENGKALIS, RIAU",23,105,87,192
https://kawalpemilu.org#14731,"MUARA BASUNG, PINGGIR, BENGKALIS, RIAU",24,67,41,108
https://kawalpemilu.org#14731,"MUARA BASUNG, PINGGIR, BENGKALIS, RIAU",25,46,64,110
https://kawalpemilu.org#14731,"MUARA BASUNG, PINGGIR, BENGKALIS, RIAU",26,52,56,108
https://kawalpemilu.org#14732,"SEMUNAI, PINGGIR, BENGKALIS, RIAU",10,80,68,148
https://kawalpemilu.org#14733,"BALAI PUNGUT, PINGGIR, BENGKALIS, RIAU",1,46,136,182
https://kawalpemilu.org#14733,"BALAI PUNGUT, PINGGIR, BENGKALIS, RIAU",2,24,151,175
https://kawalpemilu.org#14733,"BALAI PUNGUT, PINGGIR, BENGKALIS, RIAU",3,55,178,233
https://kawalpemilu.org#14733,"BALAI PUNGUT, PINGGIR, BENGKALIS, RIAU",4,44,104,148
https://kawalpemilu.org#14733,"BALAI PUNGUT, PINGGIR, BENGKALIS, RIAU",5,51,124,175
https://kawalpemilu.org#14733,"BALAI PUNGUT, PINGGIR, BENGKALIS, RIAU",6,72,107,179
https://kawalpemilu.org#14733,"BALAI PUNGUT, PINGGIR, BENGKALIS, RIAU",7,67,117,184
https://kawalpemilu.org#14734,"TENGGANAU, PINGGIR, BENGKALIS, RIAU",1,41,88,129
https://kawalpemilu.org#14734,"TENGGANAU, PINGGIR, BENGKALIS, RIAU",4,90,55,145
https://kawalpemilu.org#14734,"TENGGANAU, PINGGIR, BENGKALIS, RIAU",5,215,3,218
https://kawalpemilu.org#14734,"TENGGANAU, PINGGIR, BENGKALIS, RIAU",6,158,53,211
https://kawalpemilu.org#14734,"TENGGANAU, PINGGIR, BENGKALIS, RIAU",8,75,121,196
https://kawalpemilu.org#14734,"TENGGANAU, PINGGIR, BENGKALIS, RIAU",10,103,140,243
https://kawalpemilu.org#14734,"TENGGANAU, PINGGIR, BENGKALIS, RIAU",13,42,25,67
https://kawalpemilu.org#14734,"TENGGANAU, PINGGIR, BENGKALIS, RIAU",14,70,91,161
https://kawalpemilu.org#14734,"TENGGANAU, PINGGIR, BENGKALIS, RIAU",15,30,147,177
https://kawalpemilu.org#14734,"TENGGANAU, PINGGIR, BENGKALIS, RIAU",16,92,78,170
https://kawalpemilu.org#14734,"TENGGANAU, PINGGIR, BENGKALIS, RIAU",17,93,64,157
https://kawalpemilu.org#14734,"TENGGANAU, PINGGIR, BENGKALIS, RIAU",18,179,4,183
https://kawalpemilu.org#928984,"SUNGAIMERANTI, PINGGIR, BENGKALIS, RIAU",1,70,85,155
https://kawalpemilu.org#928984,"SUNGAIMERANTI, PINGGIR, BENGKALIS, RIAU",2,109,59,168
https://kawalpemilu.org#928984,"SUNGAIMERANTI, PINGGIR, BENGKALIS, RIAU",3,71,120,191
https://kawalpemilu.org#928984,"SUNGAIMERANTI, PINGGIR, BENGKALIS, RIAU",4,51,116,167
https://kawalpemilu.org#928984,"SUNGAIMERANTI, PINGGIR, BENGKALIS, RIAU",5,71,121,192
https://kawalpemilu.org#928984,"SUNGAIMERANTI, PINGGIR, BENGKALIS, RIAU",6,33,62,95
https://kawalpemilu.org#928984,"SUNGAIMERANTI, PINGGIR, BENGKALIS, RIAU",7,108,116,224
https://kawalpemilu.org#928984,"SUNGAIMERANTI, PINGGIR, BENGKALIS, RIAU",8,137,97,234
https://kawalpemilu.org#928984,"SUNGAIMERANTI, PINGGIR, BENGKALIS, RIAU",10,65,6,71
https://kawalpemilu.org#928984,"SUNGAIMERANTI, PINGGIR, BENGKALIS, RIAU",11,63,39,102
https://kawalpemilu.org#928984,"SUNGAIMERANTI, PINGGIR, BENGKALIS, RIAU",12,88,69,157
https://kawalpemilu.org#928984,"SUNGAIMERANTI, PINGGIR, BENGKALIS, RIAU",13,184,65,249
https://kawalpemilu.org#928984,"SUNGAIMERANTI, PINGGIR, BENGKALIS, RIAU",14,75,23,98
https://kawalpemilu.org#928984,"SUNGAIMERANTI, PINGGIR, BENGKALIS, RIAU",15,88,103,191
https://kawalpemilu.org#928984,"SUNGAIMERANTI, PINGGIR, BENGKALIS, RIAU",16,62,71,133
https://kawalpemilu.org#928984,"SUNGAIMERANTI, PINGGIR, BENGKALIS, RIAU",17,112,80,192
https://kawalpemilu.org#928985,"PANGKALAN LIBUT, PINGGIR, BENGKALIS, RIAU",2,240,13,253
https://kawalpemilu.org#928985,"PANGKALAN LIBUT, PINGGIR, BENGKALIS, RIAU",5,68,9,77
https://kawalpemilu.org#928985,"PANGKALAN LIBUT, PINGGIR, BENGKALIS, RIAU",6,45,7,52
https://kawalpemilu.org#928985,"PANGKALAN LIBUT, PINGGIR, BENGKALIS, RIAU",7,140,9,149
https://kawalpemilu.org#928985,"PANGKALAN LIBUT, PINGGIR, BENGKALIS, RIAU",8,103,52,155
https://kawalpemilu.org#928985,"PANGKALAN LIBUT, PINGGIR, BENGKALIS, RIAU",10,130,6,136
https://kawalpemilu.org#928985,"PANGKALAN LIBUT, PINGGIR, BENGKALIS, RIAU",11,135,5,140
https://kawalpemilu.org#928985,"PANGKALAN LIBUT, PINGGIR, BENGKALIS, RIAU",12,125,51,176
https://kawalpemilu.org#928986,"BULUH APO, PINGGIR, BENGKALIS, RIAU",5,79,126,205
https://kawalpemilu.org#14671,"PARIT I API-API, BANDAR LAKSAMANA, BENGKALIS, RIAU",1,67,161,228
https://kawalpemilu.org#14671,"PARIT I API-API, BANDAR LAKSAMANA, BENGKALIS, RIAU",2,52,171,223
https://kawalpemilu.org#14672,"TEMIANG, BANDAR LAKSAMANA, BENGKALIS, RIAU",1,21,144,165
https://kawalpemilu.org#14672,"TEMIANG, BANDAR LAKSAMANA, BENGKALIS, RIAU",2,25,131,156
https://kawalpemilu.org#14672,"TEMIANG, BANDAR LAKSAMANA, BENGKALIS, RIAU",3,51,108,159
https://kawalpemilu.org#14672,"TEMIANG, BANDAR LAKSAMANA, BENGKALIS, RIAU",4,26,113,139
https://kawalpemilu.org#14672,"TEMIANG, BANDAR LAKSAMANA, BENGKALIS, RIAU",5,50,98,148
https://kawalpemilu.org#14672,"TEMIANG, BANDAR LAKSAMANA, BENGKALIS, RIAU",6,24,125,150
https://kawalpemilu.org#14673,"API - API, BANDAR LAKSAMANA, BENGKALIS, RIAU",1,61,98,159
https://kawalpemilu.org#14673,"API - API, BANDAR LAKSAMANA, BENGKALIS, RIAU",2,30,63,93
https://kawalpemilu.org#14673,"API - API, BANDAR LAKSAMANA, BENGKALIS, RIAU",3,39,176,215
https://kawalpemilu.org#14673,"API - API, BANDAR LAKSAMANA, BENGKALIS, RIAU",4,36,74,110
https://kawalpemilu.org#14673,"API - API, BANDAR LAKSAMANA, BENGKALIS, RIAU",5,33,155,188
https://kawalpemilu.org#14673,"API - API, BANDAR LAKSAMANA, BENGKALIS, RIAU",6,31,75,106
https://kawalpemilu.org#14674,"TENGGAYUN, BANDAR LAKSAMANA, BENGKALIS, RIAU",1,45,168,213
https://kawalpemilu.org#14674,"TENGGAYUN, BANDAR LAKSAMANA, BENGKALIS, RIAU",2,6,124,130
https://kawalpemilu.org#14674,"TENGGAYUN, BANDAR LAKSAMANA, BENGKALIS, RIAU",3,7,126,133
https://kawalpemilu.org#14674,"TENGGAYUN, BANDAR LAKSAMANA, BENGKALIS, RIAU",4,20,135,155
https://kawalpemilu.org#14674,"TENGGAYUN, BANDAR LAKSAMANA, BENGKALIS, RIAU",5,20,135,155
https://kawalpemilu.org#14674,"TENGGAYUN, BANDAR LAKSAMANA, BENGKALIS, RIAU",6,43,180,223
https://kawalpemilu.org#14674,"TENGGAYUN, BANDAR LAKSAMANA, BENGKALIS, RIAU",7,22,190,212
https://kawalpemilu.org#14675,"SEPAHAT, BANDAR LAKSAMANA, BENGKALIS, RIAU",1,26,208,234
https://kawalpemilu.org#14675,"SEPAHAT, BANDAR LAKSAMANA, BENGKALIS, RIAU",2,48,147,195
https://kawalpemilu.org#14675,"SEPAHAT, BANDAR LAKSAMANA, BENGKALIS, RIAU",3,57,148,205
https://kawalpemilu.org#14675,"SEPAHAT, BANDAR LAKSAMANA, BENGKALIS, RIAU",4,68,163,231
https://kawalpemilu.org#14676,"BUKITKERIKIL, BANDAR LAKSAMANA, BENGKALIS, RIAU",1,167,83,250
https://kawalpemilu.org#14676,"BUKITKERIKIL, BANDAR LAKSAMANA, BENGKALIS, RIAU",2,150,58,208
https://kawalpemilu.org#14676,"BUKITKERIKIL, BANDAR LAKSAMANA, BENGKALIS, RIAU",3,101,70,171
https://kawalpemilu.org#14676,"BUKITKERIKIL, BANDAR LAKSAMANA, BENGKALIS, RIAU",4,114,75,189
https://kawalpemilu.org#14676,"BUKITKERIKIL, BANDAR LAKSAMANA, BENGKALIS, RIAU",5,155,33,188
https://kawalpemilu.org#14676,"BUKITKERIKIL, BANDAR LAKSAMANA, BENGKALIS, RIAU",6,124,48,172
https://kawalpemilu.org#14676,"BUKITKERIKIL, BANDAR LAKSAMANA, BENGKALIS, RIAU",7,163,22,185
https://kawalpemilu.org#14676,"BUKITKERIKIL, BANDAR LAKSAMANA, BENGKALIS, RIAU",8,204,38,242
https://kawalpemilu.org#14676,"BUKITKERIKIL, BANDAR LAKSAMANA, BENGKALIS, RIAU",9,143,21,164
https://kawalpemilu.org#14676,"BUKITKERIKIL, BANDAR LAKSAMANA, BENGKALIS, RIAU",10,134,54,188
https://kawalpemilu.org#14676,"BUKITKERIKIL, BANDAR LAKSAMANA, BENGKALIS, RIAU",12,154,32,186
https://kawalpemilu.org#14676,"BUKITKERIKIL, BANDAR LAKSAMANA, BENGKALIS, RIAU",14,118,41,159
https://kawalpemilu.org#14676,"BUKITKERIKIL, BANDAR LAKSAMANA, BENGKALIS, RIAU",15,129,60,189
https://kawalpemilu.org#14676,"BUKITKERIKIL, BANDAR LAKSAMANA, BENGKALIS, RIAU",16,219,33,252
https://kawalpemilu.org#14677,"TANJUNGLEBAN, BANDAR LAKSAMANA, BENGKALIS, RIAU",1,79,131,210
https://kawalpemilu.org#14677,"TANJUNGLEBAN, BANDAR LAKSAMANA, BENGKALIS, RIAU",2,166,77,243
https://kawalpemilu.org#14677,"TANJUNGLEBAN, BANDAR LAKSAMANA, BENGKALIS, RIAU",3,100,25,125
https://kawalpemilu.org#14677,"TANJUNGLEBAN, BANDAR LAKSAMANA, BENGKALIS, RIAU",4,154,59,213
https://kawalpemilu.org#14677,"TANJUNGLEBAN, BANDAR LAKSAMANA, BENGKALIS, RIAU",5,114,101,215
https://kawalpemilu.org#14735,"BERINGIN, TALANG MUANDAU, BENGKALIS, RIAU",1,114,73,187
https://kawalpemilu.org#14735,"BERINGIN, TALANG MUANDAU, BENGKALIS, RIAU",2,118,115,233
https://kawalpemilu.org#14735,"BERINGIN, TALANG MUANDAU, BENGKALIS, RIAU",3,131,52,183
https://kawalpemilu.org#14735,"BERINGIN, TALANG MUANDAU, BENGKALIS, RIAU",4,150,30,180
https://kawalpemilu.org#14735,"BERINGIN, TALANG MUANDAU, BENGKALIS, RIAU",5,171,27,198
https://kawalpemilu.org#14736,"SERAI WANGI, TALANG MUANDAU, BENGKALIS, RIAU",2,100,51,151
https://kawalpemilu.org#14736,"SERAI WANGI, TALANG MUANDAU, BENGKALIS, RIAU",3,107,125,232
https://kawalpemilu.org#14736,"SERAI WANGI, TALANG MUANDAU, BENGKALIS, RIAU",4,157,74,231
https://kawalpemilu.org#14736,"SERAI WANGI, TALANG MUANDAU, BENGKALIS, RIAU",5,97,48,145
https://kawalpemilu.org#14736,"SERAI WANGI, TALANG MUANDAU, BENGKALIS, RIAU",6,87,57,144
https://kawalpemilu.org#14737,"TASIK SERAI, TALANG MUANDAU, BENGKALIS, RIAU",1,191,1,192
https://kawalpemilu.org#14737,"TASIK SERAI, TALANG MUANDAU, BENGKALIS, RIAU",2,227,5,232
https://kawalpemilu.org#14737,"TASIK SERAI, TALANG MUANDAU, BENGKALIS, RIAU",3,164,0,164
https://kawalpemilu.org#14737,"TASIK SERAI, TALANG MUANDAU, BENGKALIS, RIAU",4,167,2,169
https://kawalpemilu.org#14737,"TASIK SERAI, TALANG MUANDAU, BENGKALIS, RIAU",5,110,38,148
https://kawalpemilu.org#14737,"TASIK SERAI, TALANG MUANDAU, BENGKALIS, RIAU",6,205,10,215
https://kawalpemilu.org#14737,"TASIK SERAI, TALANG MUANDAU, BENGKALIS, RIAU",7,154,13,167
https://kawalpemilu.org#14737,"TASIK SERAI, TALANG MUANDAU, BENGKALIS, RIAU",8,200,58,258
https://kawalpemilu.org#14737,"TASIK SERAI, TALANG MUANDAU, BENGKALIS, RIAU",9,209,43,252
https://kawalpemilu.org#14737,"TASIK SERAI, TALANG MUANDAU, BENGKALIS, RIAU",10,165,55,220
https://kawalpemilu.org#14737,"TASIK SERAI, TALANG MUANDAU, BENGKALIS, RIAU",11,136,14,150
https://kawalpemilu.org#14737,"TASIK SERAI, TALANG MUANDAU, BENGKALIS, RIAU",13,227,4,231
https://kawalpemilu.org#14737,"TASIK SERAI, TALANG MUANDAU, BENGKALIS, RIAU",15,157,2,159
https://kawalpemilu.org#14737,"TASIK SERAI, TALANG MUANDAU, BENGKALIS, RIAU",17,110,28,138
https://kawalpemilu.org#14738,"MELIBUR, TALANG MUANDAU, BENGKALIS, RIAU",1,92,14,106
https://kawalpemilu.org#14738,"MELIBUR, TALANG MUANDAU, BENGKALIS, RIAU",2,125,48,173
https://kawalpemilu.org#14738,"MELIBUR, TALANG MUANDAU, BENGKALIS, RIAU",3,106,118,224
https://kawalpemilu.org#14738,"MELIBUR, TALANG MUANDAU, BENGKALIS, RIAU",4,123,26,149
https://kawalpemilu.org#14738,"MELIBUR, TALANG MUANDAU, BENGKALIS, RIAU",5,36,64,100
https://kawalpemilu.org#14739,"KUALA PENASO, TALANG MUANDAU, BENGKALIS, RIAU",1,111,89,200
https://kawalpemilu.org#14739,"KUALA PENASO, TALANG MUANDAU, BENGKALIS, RIAU",2,157,47,204
https://kawalpemilu.org#14739,"KUALA PENASO, TALANG MUANDAU, BENGKALIS, RIAU",3,98,48,146
https://kawalpemilu.org#14739,"KUALA PENASO, TALANG MUANDAU, BENGKALIS, RIAU",4,130,24,154
https://kawalpemilu.org#14740,"TASIK SERAI TIMUR, TALANG MUANDAU, BENGKALIS, RIAU",2,80,112,192
https://kawalpemilu.org#14740,"TASIK SERAI TIMUR, TALANG MUANDAU, BENGKALIS, RIAU",3,67,44,111
https://kawalpemilu.org#14740,"TASIK SERAI TIMUR, TALANG MUANDAU, BENGKALIS, RIAU",4,136,130,266
https://kawalpemilu.org#14740,"TASIK SERAI TIMUR, TALANG MUANDAU, BENGKALIS, RIAU",5,121,63,184
https://kawalpemilu.org#14740,"TASIK SERAI TIMUR, TALANG MUANDAU, BENGKALIS, RIAU",6,185,32,217
https://kawalpemilu.org#14740,"TASIK SERAI TIMUR, TALANG MUANDAU, BENGKALIS, RIAU",7,159,95,254
https://kawalpemilu.org#14740,"TASIK SERAI TIMUR, TALANG MUANDAU, BENGKALIS, RIAU",8,130,17,147
https://kawalpemilu.org#14740,"TASIK SERAI TIMUR, TALANG MUANDAU, BENGKALIS, RIAU",9,89,34,123
https://kawalpemilu.org#928987,"TASIK SERAI BARAT, TALANG MUANDAU, BENGKALIS, RIAU",2,142,1,143
https://kawalpemilu.org#928987,"TASIK SERAI BARAT, TALANG MUANDAU, BENGKALIS, RIAU",3,156,2,158
https://kawalpemilu.org#928987,"TASIK SERAI BARAT, TALANG MUANDAU, BENGKALIS, RIAU",4,177,47,224
https://kawalpemilu.org#928987,"TASIK SERAI BARAT, TALANG MUANDAU, BENGKALIS, RIAU",5,138,88,226
https://kawalpemilu.org#928987,"TASIK SERAI BARAT, TALANG MUANDAU, BENGKALIS, RIAU",6,125,28,153
https://kawalpemilu.org#928987,"TASIK SERAI BARAT, TALANG MUANDAU, BENGKALIS, RIAU",8,121,56,177
https://kawalpemilu.org#928987,"TASIK SERAI BARAT, TALANG MUANDAU, BENGKALIS, RIAU",9,113,60,173
https://kawalpemilu.org#928987,"TASIK SERAI BARAT, TALANG MUANDAU, BENGKALIS, RIAU",10,162,12,174
https://kawalpemilu.org#928987,"TASIK SERAI BARAT, TALANG MUANDAU, BENGKALIS, RIAU",11,100,34,134
https://kawalpemilu.org#928987,"TASIK SERAI BARAT, TALANG MUANDAU, BENGKALIS, RIAU",12,111,29,140
https://kawalpemilu.org#928987,"TASIK SERAI BARAT, TALANG MUANDAU, BENGKALIS, RIAU",13,168,15,183
https://kawalpemilu.org#928987,"TASIK SERAI BARAT, TALANG MUANDAU, BENGKALIS, RIAU",16,103,24,127
https://kawalpemilu.org#928987,"TASIK SERAI BARAT, TALANG MUANDAU, BENGKALIS, RIAU",17,84,45,129
https://kawalpemilu.org#928988,"TASIK TEBING SERAI, TALANG MUANDAU, BENGKALIS, RIAU",1,143,45,188
https://kawalpemilu.org#928988,"TASIK TEBING SERAI, TALANG MUANDAU, BENGKALIS, RIAU",2,187,28,215
https://kawalpemilu.org#928988,"TASIK TEBING SERAI, TALANG MUANDAU, BENGKALIS, RIAU",3,150,50,200
https://kawalpemilu.org#928988,"TASIK TEBING SERAI, TALANG MUANDAU, BENGKALIS, RIAU",4,103,2,105
https://kawalpemilu.org#928988,"TASIK TEBING SERAI, TALANG MUANDAU, BENGKALIS, RIAU",5,168,15,183
https://kawalpemilu.org#928989,"KOTO PAIT BERINGIN, TALANG MUANDAU, BENGKALIS, RIAU",1,84,94,180
https://kawalpemilu.org#928989,"KOTO PAIT BERINGIN, TALANG MUANDAU, BENGKALIS, RIAU",2,129,42,171
https://kawalpemilu.org#928989,"KOTO PAIT BERINGIN, TALANG MUANDAU, BENGKALIS, RIAU",3,160,45,205
https://kawalpemilu.org#928989,"KOTO PAIT BERINGIN, TALANG MUANDAU, BENGKALIS, RIAU",5,114,3,117
https://kawalpemilu.org#928989,"KOTO PAIT BERINGIN, TALANG MUANDAU, BENGKALIS, RIAU",6,111,19,130
https://kawalpemilu.org#14683,"BALAI MAKAM, BATHIN SOLAPAN, BENGKALIS, RIAU",4,137,57,194
https://kawalpemilu.org#14683,"BALAI MAKAM, BATHIN SOLAPAN, BENGKALIS, RIAU",7,24,108,132
https://kawalpemilu.org#14683,"BALAI MAKAM, BATHIN SOLAPAN, BENGKALIS, RIAU",11,8,149,157
https://kawalpemilu.org#14683,"BALAI MAKAM, BATHIN SOLAPAN, BENGKALIS, RIAU",14,45,189,234
https://kawalpemilu.org#14683,"BALAI MAKAM, BATHIN SOLAPAN, BENGKALIS, RIAU",18,36,119,155
https://kawalpemilu.org#14683,"BALAI MAKAM, BATHIN SOLAPAN, BENGKALIS, RIAU",22,17,194,211
https://kawalpemilu.org#14683,"BALAI MAKAM, BATHIN SOLAPAN, BENGKALIS, RIAU",27,33,108,141
https://kawalpemilu.org#14683,"BALAI MAKAM, BATHIN SOLAPAN, BENGKALIS, RIAU",29,91,58,149
https://kawalpemilu.org#14683,"BALAI MAKAM, BATHIN SOLAPAN, BENGKALIS, RIAU",31,44,125,169
https://kawalpemilu.org#14690,"PETANI, BATHIN SOLAPAN, BENGKALIS, RIAU",1,91,160,251
https://kawalpemilu.org#14690,"PETANI, BATHIN SOLAPAN, BENGKALIS, RIAU",3,51,130,181
https://kawalpemilu.org#14690,"PETANI, BATHIN SOLAPAN, BENGKALIS, RIAU",6,40,177,217
https://kawalpemilu.org#14690,"PETANI, BATHIN SOLAPAN, BENGKALIS, RIAU",7,62,67,129
https://kawalpemilu.org#14690,"PETANI, BATHIN SOLAPAN, BENGKALIS, RIAU",8,75,132,207
https://kawalpemilu.org#14690,"PETANI, BATHIN SOLAPAN, BENGKALIS, RIAU",9,131,57,188
https://kawalpemilu.org#14690,"PETANI, BATHIN SOLAPAN, BENGKALIS, RIAU",10,36,158,194
https://kawalpemilu.org#14690,"PETANI, BATHIN SOLAPAN, BENGKALIS, RIAU",11,45,132,177
https://kawalpemilu.org#14690,"PETANI, BATHIN SOLAPAN, BENGKALIS, RIAU",13,145,59,204
https://kawalpemilu.org#14690,"PETANI, BATHIN SOLAPAN, BENGKALIS, RIAU",14,110,44,154
https://kawalpemilu.org#14690,"PETANI, BATHIN SOLAPAN, BENGKALIS, RIAU",15,109,124,233
https://kawalpemilu.org#14690,"PETANI, BATHIN SOLAPAN, BENGKALIS, RIAU",16,94,34,128
https://kawalpemilu.org#14690,"PETANI, BATHIN SOLAPAN, BENGKALIS, RIAU",18,57,120,177
https://kawalpemilu.org#14690,"PETANI, BATHIN SOLAPAN, BENGKALIS, RIAU",19,138,59,197
https://kawalpemilu.org#14691,"SEBANGAR, BATHIN SOLAPAN, BENGKALIS, RIAU",12,85,69,154
https://kawalpemilu.org#14691,"SEBANGAR, BATHIN SOLAPAN, BENGKALIS, RIAU",23,46,79,125
https://kawalpemilu.org#14691,"SEBANGAR, BATHIN SOLAPAN, BENGKALIS, RIAU",29,90,20,110
https://kawalpemilu.org#14693,"BUMBUNG, BATHIN SOLAPAN, BENGKALIS, RIAU",1,211,35,246
https://kawalpemilu.org#14693,"BUMBUNG, BATHIN SOLAPAN, BENGKALIS, RIAU",2,195,77,272
https://kawalpemilu.org#14693,"BUMBUNG, BATHIN SOLAPAN, BENGKALIS, RIAU",3,147,87,234
https://kawalpemilu.org#14693,"BUMBUNG, BATHIN SOLAPAN, BENGKALIS, RIAU",4,132,103,235
https://kawalpemilu.org#14693,"BUMBUNG, BATHIN SOLAPAN, BENGKALIS, RIAU",5,95,79,174
https://kawalpemilu.org#14693,"BUMBUNG, BATHIN SOLAPAN, BENGKALIS, RIAU",7,100,105,205
https://kawalpemilu.org#14693,"BUMBUNG, BATHIN SOLAPAN, BENGKALIS, RIAU",8,160,59,219
https://kawalpemilu.org#14693,"BUMBUNG, BATHIN SOLAPAN, BENGKALIS, RIAU",10,112,88,200
https://kawalpemilu.org#14693,"BUMBUNG, BATHIN SOLAPAN, BENGKALIS, RIAU",11,109,58,167
https://kawalpemilu.org#14693,"BUMBUNG, BATHIN SOLAPAN, BENGKALIS, RIAU",12,179,22,201
https://kawalpemilu.org#14693,"BUMBUNG, BATHIN SOLAPAN, BENGKALIS, RIAU",13,98,56,154
https://kawalpemilu.org#14693,"BUMBUNG, BATHIN SOLAPAN, BENGKALIS, RIAU",14,155,55,210
https://kawalpemilu.org#14693,"BUMBUNG, BATHIN SOLAPAN, BENGKALIS, RIAU",16,89,28,117
https://kawalpemilu.org#84481,"KESUMO AMPAI, BATHIN SOLAPAN, BENGKALIS, RIAU",1,127,94,221
https://kawalpemilu.org#928964,"TAMBUSAI BATANG DUI, BATHIN SOLAPAN, BENGKALIS, RIAU",1,13,208,221
https://kawalpemilu.org#928964,"TAMBUSAI BATANG DUI, BATHIN SOLAPAN, BENGKALIS, RIAU",7,38,156,194
https://kawalpemilu.org#928964,"TAMBUSAI BATANG DUI, BATHIN SOLAPAN, BENGKALIS, RIAU",9,28,146,174
https://kawalpemilu.org#928964,"TAMBUSAI BATANG DUI, BATHIN SOLAPAN, BENGKALIS, RIAU",10,29,177,206
https://kawalpemilu.org#928964,"TAMBUSAI BATANG DUI, BATHIN SOLAPAN, BENGKALIS, RIAU",11,33,117,150
https://kawalpemilu.org#928964,"TAMBUSAI BATANG DUI, BATHIN SOLAPAN, BENGKALIS, RIAU",13,27,161,188
https://kawalpemilu.org#928964,"TAMBUSAI BATANG DUI, BATHIN SOLAPAN, BENGKALIS, RIAU",14,16,100,116
https://kawalpemilu.org#928964,"TAMBUSAI BATANG DUI, BATHIN SOLAPAN, BENGKALIS, RIAU",20,87,82,169
https://kawalpemilu.org#928964,"TAMBUSAI BATANG DUI, BATHIN SOLAPAN, BENGKALIS, RIAU",23,7,144,151
https://kawalpemilu.org#928964,"TAMBUSAI BATANG DUI, BATHIN SOLAPAN, BENGKALIS, RIAU",25,4,181,185
https://kawalpemilu.org#928964,"TAMBUSAI BATANG DUI, BATHIN SOLAPAN, BENGKALIS, RIAU",28,10,123,133
https://kawalpemilu.org#928964,"TAMBUSAI BATANG DUI, BATHIN SOLAPAN, BENGKALIS, RIAU",29,15,123,138
https://kawalpemilu.org#928965,"SIMPANG PADANG, BATHIN SOLAPAN, BENGKALIS, RIAU",2,20,140,160
https://kawalpemilu.org#928965,"SIMPANG PADANG, BATHIN SOLAPAN, BENGKALIS, RIAU",3,22,143,165
https://kawalpemilu.org#928965,"SIMPANG PADANG, BATHIN SOLAPAN, BENGKALIS, RIAU",5,16,172,188
https://kawalpemilu.org#928965,"SIMPANG PADANG, BATHIN SOLAPAN, BENGKALIS, RIAU",6,23,135,158
https://kawalpemilu.org#928965,"SIMPANG PADANG, BATHIN SOLAPAN, BENGKALIS, RIAU",7,19,163,182
https://kawalpemilu.org#928965,"SIMPANG PADANG, BATHIN SOLAPAN, BENGKALIS, RIAU",8,31,166,197
https://kawalpemilu.org#928965,"SIMPANG PADANG, BATHIN SOLAPAN, BENGKALIS, RIAU",9,17,149,166
https://kawalpemilu.org#928965,"SIMPANG PADANG, BATHIN SOLAPAN, BENGKALIS, RIAU",10,14,162,176
https://kawalpemilu.org#928965,"SIMPANG PADANG, BATHIN SOLAPAN, BENGKALIS, RIAU",11,13,162,175
https://kawalpemilu.org#928965,"SIMPANG PADANG, BATHIN SOLAPAN, BENGKALIS, RIAU",12,18,121,139
https://kawalpemilu.org#928965,"SIMPANG PADANG, BATHIN SOLAPAN, BENGKALIS, RIAU",13,22,208,230
https://kawalpemilu.org#928965,"SIMPANG PADANG, BATHIN SOLAPAN, BENGKALIS, RIAU",15,6,142,148
https://kawalpemilu.org#928965,"SIMPANG PADANG, BATHIN SOLAPAN, BENGKALIS, RIAU",16,23,128,151
https://kawalpemilu.org#928965,"SIMPANG PADANG, BATHIN SOLAPAN, BENGKALIS, RIAU",17,23,253,276
https://kawalpemilu.org#928965,"SIMPANG PADANG, BATHIN SOLAPAN, BENGKALIS, RIAU",19,23,200,223
https://kawalpemilu.org#928965,"SIMPANG PADANG, BATHIN SOLAPAN, BENGKALIS, RIAU",21,26,92,118
https://kawalpemilu.org#928965,"SIMPANG PADANG, BATHIN SOLAPAN, BENGKALIS, RIAU",22,18,184,202
https://kawalpemilu.org#928965,"SIMPANG PADANG, BATHIN SOLAPAN, BENGKALIS, RIAU",24,26,204,230
https://kawalpemilu.org#928965,"SIMPANG PADANG, BATHIN SOLAPAN, BENGKALIS, RIAU",25,13,149,162
https://kawalpemilu.org#928965,"SIMPANG PADANG, BATHIN SOLAPAN, BENGKALIS, RIAU",26,15,153,168
https://kawalpemilu.org#928965,"SIMPANG PADANG, BATHIN SOLAPAN, BENGKALIS, RIAU",27,8,163,171
https://kawalpemilu.org#928965,"SIMPANG PADANG, BATHIN SOLAPAN, BENGKALIS, RIAU",28,14,162,176
https://kawalpemilu.org#928965,"SIMPANG PADANG, BATHIN SOLAPAN, BENGKALIS, RIAU",29,22,188,210
https://kawalpemilu.org#928965,"SIMPANG PADANG, BATHIN SOLAPAN, BENGKALIS, RIAU",30,6,185,191
https://kawalpemilu.org#928965,"SIMPANG PADANG, BATHIN SOLAPAN, BENGKALIS, RIAU",31,11,236,247
https://kawalpemilu.org#928965,"SIMPANG PADANG, BATHIN SOLAPAN, BENGKALIS, RIAU",33,23,216,239
https://kawalpemilu.org#928965,"SIMPANG PADANG, BATHIN SOLAPAN, BENGKALIS, RIAU",34,18,123,141
https://kawalpemilu.org#928965,"SIMPANG PADANG, BATHIN SOLAPAN, BENGKALIS, RIAU",35,22,86,108
https://kawalpemilu.org#928965,"SIMPANG PADANG, BATHIN SOLAPAN, BENGKALIS, RIAU",36,18,102,120
https://kawalpemilu.org#928965,"SIMPANG PADANG, BATHIN SOLAPAN, BENGKALIS, RIAU",37,22,169,191
https://kawalpemilu.org#928965,"SIMPANG PADANG, BATHIN SOLAPAN, BENGKALIS, RIAU",38,20,86,106
https://kawalpemilu.org#928965,"SIMPANG PADANG, BATHIN SOLAPAN, BENGKALIS, RIAU",39,9,83,92
https://kawalpemilu.org#928966,"PEMATANG OBO, BATHIN SOLAPAN, BENGKALIS, RIAU",6,64,140,204
https://kawalpemilu.org#928966,"PEMATANG OBO, BATHIN SOLAPAN, BENGKALIS, RIAU",17,92,31,123
https://kawalpemilu.org#928967,"AIR KULIM, BATHIN SOLAPAN, BENGKALIS, RIAU",1,58,121,179
https://kawalpemilu.org#928967,"AIR KULIM, BATHIN SOLAPAN, BENGKALIS, RIAU",2,41,106,147
https://kawalpemilu.org#928967,"AIR KULIM, BATHIN SOLAPAN, BENGKALIS, RIAU",3,63,95,158
https://kawalpemilu.org#928967,"AIR KULIM, BATHIN SOLAPAN, BENGKALIS, RIAU",4,86,86,172
https://kawalpemilu.org#928967,"AIR KULIM, BATHIN SOLAPAN, BENGKALIS, RIAU",5,83,95,178
https://kawalpemilu.org#928967,"AIR KULIM, BATHIN SOLAPAN, BENGKALIS, RIAU",6,74,102,176
https://kawalpemilu.org#928967,"AIR KULIM, BATHIN SOLAPAN, BENGKALIS, RIAU",7,109,103,212
https://kawalpemilu.org#928967,"AIR KULIM, BATHIN SOLAPAN, BENGKALIS, RIAU",8,126,73,199
https://kawalpemilu.org#928967,"AIR KULIM, BATHIN SOLAPAN, BENGKALIS, RIAU",9,109,104,213
https://kawalpemilu.org#928967,"AIR KULIM, BATHIN SOLAPAN, BENGKALIS, RIAU",10,66,148,214
https://kawalpemilu.org#928967,"AIR KULIM, BATHIN SOLAPAN, BENGKALIS, RIAU",11,126,95,221
https://kawalpemilu.org#928967,"AIR KULIM, BATHIN SOLAPAN, BENGKALIS, RIAU",12,74,109,183
https://kawalpemilu.org#928967,"AIR KULIM, BATHIN SOLAPAN, BENGKALIS, RIAU",13,80,74,154
https://kawalpemilu.org#928967,"AIR KULIM, BATHIN SOLAPAN, BENGKALIS, RIAU",14,38,86,124
https://kawalpemilu.org#928967,"AIR KULIM, BATHIN SOLAPAN, BENGKALIS, RIAU",15,161,51,212
https://kawalpemilu.org#928967,"AIR KULIM, BATHIN SOLAPAN, BENGKALIS, RIAU",16,75,117,192
https://kawalpemilu.org#928967,"AIR KULIM, BATHIN SOLAPAN, BENGKALIS, RIAU",17,115,109,224
https://kawalpemilu.org#928967,"AIR KULIM, BATHIN SOLAPAN, BENGKALIS, RIAU",18,74,129,203
https://kawalpemilu.org#928970,"BONCAH MAHANG, BATHIN SOLAPAN, BENGKALIS, RIAU",1,124,57,180
https://kawalpemilu.org#928970,"BONCAH MAHANG, BATHIN SOLAPAN, BENGKALIS, RIAU",2,78,119,197
https://kawalpemilu.org#928970,"BONCAH MAHANG, BATHIN SOLAPAN, BENGKALIS, RIAU",3,81,51,132
https://kawalpemilu.org#928970,"BONCAH MAHANG, BATHIN SOLAPAN, BENGKALIS, RIAU",4,97,113,210
https://kawalpemilu.org#928970,"BONCAH MAHANG, BATHIN SOLAPAN, BENGKALIS, RIAU",5,76,125,201
https://kawalpemilu.org#928970,"BONCAH MAHANG, BATHIN SOLAPAN, BENGKALIS, RIAU",6,53,88,141
https://kawalpemilu.org#928970,"BONCAH MAHANG, BATHIN SOLAPAN, BENGKALIS, RIAU",7,138,89,227
https://kawalpemilu.org#928970,"BONCAH MAHANG, BATHIN SOLAPAN, BENGKALIS, RIAU",8,65,106,171
https://kawalpemilu.org#928970,"BONCAH MAHANG, BATHIN SOLAPAN, BENGKALIS, RIAU",9,53,113,166
https://kawalpemilu.org#928970,"BONCAH MAHANG, BATHIN SOLAPAN, BENGKALIS, RIAU",11,88,69,157
https://kawalpemilu.org#928970,"BONCAH MAHANG, BATHIN SOLAPAN, BENGKALIS, RIAU",12,121,94,215
https://kawalpemilu.org#928970,"BONCAH MAHANG, BATHIN SOLAPAN, BENGKALIS, RIAU",14,127,45,172
https://kawalpemilu.org#928970,"BONCAH MAHANG, BATHIN SOLAPAN, BENGKALIS, RIAU",16,100,113,213
https://kawalpemilu.org#928970,"BONCAH MAHANG, BATHIN SOLAPAN, BENGKALIS, RIAU",17,75,51,126
https://kawalpemilu.org#928970,"BONCAH MAHANG, BATHIN SOLAPAN, BENGKALIS, RIAU",18,103,54,157
https://kawalpemilu.org#928970,"BONCAH MAHANG, BATHIN SOLAPAN, BENGKALIS, RIAU",19,135,87,222
https://kawalpemilu.org#928970,"BONCAH MAHANG, BATHIN SOLAPAN, BENGKALIS, RIAU",20,133,106,239
https://kawalpemilu.org#928970,"BONCAH MAHANG, BATHIN SOLAPAN, BENGKALIS, RIAU",21,238,57,295
https://kawalpemilu.org#928970,"BONCAH MAHANG, BATHIN SOLAPAN, BENGKALIS, RIAU",22,158,48,206
https://kawalpemilu.org#928970,"BONCAH MAHANG, BATHIN SOLAPAN, BENGKALIS, RIAU",23,180,70,250
https://kawalpemilu.org#928970,"BONCAH MAHANG, BATHIN SOLAPAN, BENGKALIS, RIAU",24,145,64,209
https://kawalpemilu.org#928970,"BONCAH MAHANG, BATHIN SOLAPAN, BENGKALIS, RIAU",25,82,180,262
https://kawalpemilu.org#928970,"BONCAH MAHANG, BATHIN SOLAPAN, BENGKALIS, RIAU",26,150,99,249
https://kawalpemilu.org#928970,"BONCAH MAHANG, BATHIN SOLAPAN, BENGKALIS, RIAU",27,171,89,260
https://kawalpemilu.org#928970,"BONCAH MAHANG, BATHIN SOLAPAN, BENGKALIS, RIAU",28,128,115,243
https://kawalpemilu.org#928970,"BONCAH MAHANG, BATHIN SOLAPAN, BENGKALIS, RIAU",29,39,82,121
https://kawalpemilu.org#928970,"BONCAH MAHANG, BATHIN SOLAPAN, BENGKALIS, RIAU",30,26,79,105
https://kawalpemilu.org#928970,"BONCAH MAHANG, BATHIN SOLAPAN, BENGKALIS, RIAU",31,120,88,208
https://kawalpemilu.org#928970,"BONCAH MAHANG, BATHIN SOLAPAN, BENGKALIS, RIAU",32,133,58,191
https://kawalpemilu.org#928970,"BONCAH MAHANG, BATHIN SOLAPAN, BENGKALIS, RIAU",33,38,117,155
https://kawalpemilu.org#928970,"BONCAH MAHANG, BATHIN SOLAPAN, BENGKALIS, RIAU",34,109,48,157
https://kawalpemilu.org#928972,"BATHIN SOBANGA, BATHIN SOLAPAN, BENGKALIS, RIAU",1,104,70,174
https://kawalpemilu.org#928972,"BATHIN SOBANGA, BATHIN SOLAPAN, BENGKALIS, RIAU",2,113,70,183
https://kawalpemilu.org#928972,"BATHIN SOBANGA, BATHIN SOLAPAN, BENGKALIS, RIAU",3,197,42,239
https://kawalpemilu.org#928972,"BATHIN SOBANGA, BATHIN SOLAPAN, BENGKALIS, RIAU",4,105,93,198
https://kawalpemilu.org#928972,"BATHIN SOBANGA, BATHIN SOLAPAN, BENGKALIS, RIAU",5,216,54,270
https://kawalpemilu.org#928972,"BATHIN SOBANGA, BATHIN SOLAPAN, BENGKALIS, RIAU",6,179,24,203
https://kawalpemilu.org#928972,"BATHIN SOBANGA, BATHIN SOLAPAN, BENGKALIS, RIAU",7,131,73,204
https://kawalpemilu.org#928972,"BATHIN SOBANGA, BATHIN SOLAPAN, BENGKALIS, RIAU",8,85,47,132
https://kawalpemilu.org#14743,"PULAUKIJANG, Reteh, INDRAGIRI HILIR, RIAU",1,52,123,175
https://kawalpemilu.org#14743,"PULAUKIJANG, Reteh, INDRAGIRI HILIR, RIAU",2,67,145,212
https://kawalpemilu.org#14743,"PULAUKIJANG, Reteh, INDRAGIRI HILIR, RIAU",3,71,139,210
https://kawalpemilu.org#14743,"PULAUKIJANG, Reteh, INDRAGIRI HILIR, RIAU",4,67,139,206
https://kawalpemilu.org#14743,"PULAUKIJANG, Reteh, INDRAGIRI HILIR, RIAU",5,91,96,187
https://kawalpemilu.org#14743,"PULAUKIJANG, Reteh, INDRAGIRI HILIR, RIAU",6,50,142,192
https://kawalpemilu.org#14743,"PULAUKIJANG, Reteh, INDRAGIRI HILIR, RIAU",7,75,111,186
https://kawalpemilu.org#14743,"PULAUKIJANG, Reteh, INDRAGIRI HILIR, RIAU",8,62,153,215
https://kawalpemilu.org#14743,"PULAUKIJANG, Reteh, INDRAGIRI HILIR, RIAU",9,44,132,176
https://kawalpemilu.org#14743,"PULAUKIJANG, Reteh, INDRAGIRI HILIR, RIAU",10,57,159,216
https://kawalpemilu.org#14743,"PULAUKIJANG, Reteh, INDRAGIRI HILIR, RIAU",11,110,120,230
https://kawalpemilu.org#14743,"PULAUKIJANG, Reteh, INDRAGIRI HILIR, RIAU",12,81,149,230
https://kawalpemilu.org#14743,"PULAUKIJANG, Reteh, INDRAGIRI HILIR, RIAU",13,72,114,186
https://kawalpemilu.org#14743,"PULAUKIJANG, Reteh, INDRAGIRI HILIR, RIAU",14,79,98,177
https://kawalpemilu.org#14743,"PULAUKIJANG, Reteh, INDRAGIRI HILIR, RIAU",15,101,66,167
https://kawalpemilu.org#14743,"PULAUKIJANG, Reteh, INDRAGIRI HILIR, RIAU",16,61,95,156
https://kawalpemilu.org#14743,"PULAUKIJANG, Reteh, INDRAGIRI HILIR, RIAU",17,87,99,186
https://kawalpemilu.org#14743,"PULAUKIJANG, Reteh, INDRAGIRI HILIR, RIAU",18,67,52,119
https://kawalpemilu.org#14743,"PULAUKIJANG, Reteh, INDRAGIRI HILIR, RIAU",19,81,127,208
https://kawalpemilu.org#14743,"PULAUKIJANG, Reteh, INDRAGIRI HILIR, RIAU",20,93,97,190
https://kawalpemilu.org#14743,"PULAUKIJANG, Reteh, INDRAGIRI HILIR, RIAU",21,84,92,176
https://kawalpemilu.org#14743,"PULAUKIJANG, Reteh, INDRAGIRI HILIR, RIAU",22,106,31,137
https://kawalpemilu.org#14743,"PULAUKIJANG, Reteh, INDRAGIRI HILIR, RIAU",23,93,74,167
https://kawalpemilu.org#14743,"PULAUKIJANG, Reteh, INDRAGIRI HILIR, RIAU",24,89,111,200
https://kawalpemilu.org#14743,"PULAUKIJANG, Reteh, INDRAGIRI HILIR, RIAU",25,85,119,204
https://kawalpemilu.org#14743,"PULAUKIJANG, Reteh, INDRAGIRI HILIR, RIAU",26,118,109,227
https://kawalpemilu.org#14743,"PULAUKIJANG, Reteh, INDRAGIRI HILIR, RIAU",27,79,119,198
https://kawalpemilu.org#14743,"PULAUKIJANG, Reteh, INDRAGIRI HILIR, RIAU",28,109,67,176
https://kawalpemilu.org#14743,"PULAUKIJANG, Reteh, INDRAGIRI HILIR, RIAU",29,101,76,177
https://kawalpemilu.org#14743,"PULAUKIJANG, Reteh, INDRAGIRI HILIR, RIAU",30,98,81,179
https://kawalpemilu.org#14743,"PULAUKIJANG, Reteh, INDRAGIRI HILIR, RIAU",31,122,84,206
https://kawalpemilu.org#14743,"PULAUKIJANG, Reteh, INDRAGIRI HILIR, RIAU",32,76,112,188
https://kawalpemilu.org#14743,"PULAUKIJANG, Reteh, INDRAGIRI HILIR, RIAU",33,117,100,217
https://kawalpemilu.org#14743,"PULAUKIJANG, Reteh, INDRAGIRI HILIR, RIAU",34,66,75,141
https://kawalpemilu.org#14743,"PULAUKIJANG, Reteh, INDRAGIRI HILIR, RIAU",35,41,102,143
https://kawalpemilu.org#14743,"PULAUKIJANG, Reteh, INDRAGIRI HILIR, RIAU",36,125,15,140
https://kawalpemilu.org#14743,"PULAUKIJANG, Reteh, INDRAGIRI HILIR, RIAU",37,57,85,142
https://kawalpemilu.org#14744,"Sanglar, Reteh, INDRAGIRI HILIR, RIAU",1,108,101,209
https://kawalpemilu.org#14744,"Sanglar, Reteh, INDRAGIRI HILIR, RIAU",2,162,69,231
https://kawalpemilu.org#14744,"Sanglar, Reteh, INDRAGIRI HILIR, RIAU",3,123,72,195
https://kawalpemilu.org#14744,"Sanglar, Reteh, INDRAGIRI HILIR, RIAU",4,190,68,258
https://kawalpemilu.org#14744,"Sanglar, Reteh, INDRAGIRI HILIR, RIAU",5,61,154,215
https://kawalpemilu.org#14744,"Sanglar, Reteh, INDRAGIRI HILIR, RIAU",6,98,126,224
https://kawalpemilu.org#14744,"Sanglar, Reteh, INDRAGIRI HILIR, RIAU",7,70,100,170
https://kawalpemilu.org#14744,"Sanglar, Reteh, INDRAGIRI HILIR, RIAU",8,125,62,187
https://kawalpemilu.org#14744,"Sanglar, Reteh, INDRAGIRI HILIR, RIAU",9,123,122,245
https://kawalpemilu.org#14744,"Sanglar, Reteh, INDRAGIRI HILIR, RIAU",10,81,58,139
https://kawalpemilu.org#14744,"Sanglar, Reteh, INDRAGIRI HILIR, RIAU",11,55,140,195
https://kawalpemilu.org#14744,"Sanglar, Reteh, INDRAGIRI HILIR, RIAU",12,32,84,116
https://kawalpemilu.org#14744,"Sanglar, Reteh, INDRAGIRI HILIR, RIAU",13,82,184,266
https://kawalpemilu.org#14744,"Sanglar, Reteh, INDRAGIRI HILIR, RIAU",14,101,117,218
https://kawalpemilu.org#14744,"Sanglar, Reteh, INDRAGIRI HILIR, RIAU",15,83,125,208
https://kawalpemilu.org#14744,"Sanglar, Reteh, INDRAGIRI HILIR, RIAU",16,40,115,155
https://kawalpemilu.org#14744,"Sanglar, Reteh, INDRAGIRI HILIR, RIAU",17,18,109,127
https://kawalpemilu.org#14745,"PULAUKECIL, Reteh, INDRAGIRI HILIR, RIAU",1,145,46,191
https://kawalpemilu.org#14745,"PULAUKECIL, Reteh, INDRAGIRI HILIR, RIAU",2,119,47,166
https://kawalpemilu.org#14745,"PULAUKECIL, Reteh, INDRAGIRI HILIR, RIAU",3,171,44,215
https://kawalpemilu.org#14745,"PULAUKECIL, Reteh, INDRAGIRI HILIR, RIAU",4,167,71,238
https://kawalpemilu.org#14745,"PULAUKECIL, Reteh, INDRAGIRI HILIR, RIAU",5,23,80,103
https://kawalpemilu.org#14745,"PULAUKECIL, Reteh, INDRAGIRI HILIR, RIAU",6,50,158,208
https://kawalpemilu.org#14745,"PULAUKECIL, Reteh, INDRAGIRI HILIR, RIAU",7,32,149,181
https://kawalpemilu.org#14745,"PULAUKECIL, Reteh, INDRAGIRI HILIR, RIAU",8,75,111,186
https://kawalpemilu.org#14745,"PULAUKECIL, Reteh, INDRAGIRI HILIR, RIAU",9,77,131,208
https://kawalpemilu.org#14745,"PULAUKECIL, Reteh, INDRAGIRI HILIR, RIAU",10,109,129,238
https://kawalpemilu.org#14745,"PULAUKECIL, Reteh, INDRAGIRI HILIR, RIAU",11,104,141,245
https://kawalpemilu.org#14745,"PULAUKECIL, Reteh, INDRAGIRI HILIR, RIAU",12,73,158,231
https://kawalpemilu.org#14745,"PULAUKECIL, Reteh, INDRAGIRI HILIR, RIAU",13,116,54,170
https://kawalpemilu.org#14745,"PULAUKECIL, Reteh, INDRAGIRI HILIR, RIAU",14,46,102,148
https://kawalpemilu.org#14746,"SUNGAITERAP, Reteh, INDRAGIRI HILIR, RIAU",1,33,94,127
https://kawalpemilu.org#14746,"SUNGAITERAP, Reteh, INDRAGIRI HILIR, RIAU",2,50,19,69
https://kawalpemilu.org#14746,"SUNGAITERAP, Reteh, INDRAGIRI HILIR, RIAU",3,19,50,69
https://kawalpemilu.org#14746,"SUNGAITERAP, Reteh, INDRAGIRI HILIR, RIAU",4,14,49,63
https://kawalpemilu.org#14747,"SUNGAIUNDAN, Reteh, INDRAGIRI HILIR, RIAU",1,59,157,216
https://kawalpemilu.org#14747,"SUNGAIUNDAN, Reteh, INDRAGIRI HILIR, RIAU",2,63,19,82
https://kawalpemilu.org#14747,"SUNGAIUNDAN, Reteh, INDRAGIRI HILIR, RIAU",3,111,65,176
https://kawalpemilu.org#14747,"SUNGAIUNDAN, Reteh, INDRAGIRI HILIR, RIAU",4,79,65,144
https://kawalpemilu.org#14747,"SUNGAIUNDAN, Reteh, INDRAGIRI HILIR, RIAU",5,174,59,233
https://kawalpemilu.org#14747,"SUNGAIUNDAN, Reteh, INDRAGIRI HILIR, RIAU",6,22,54,76
https://kawalpemilu.org#14747,"SUNGAIUNDAN, Reteh, INDRAGIRI HILIR, RIAU",7,46,32,78
https://kawalpemilu.org#14748,"Seberang Sanglar, Reteh, INDRAGIRI HILIR, RIAU",1,60,134,194
https://kawalpemilu.org#14748,"Seberang Sanglar, Reteh, INDRAGIRI HILIR, RIAU",2,52,197,249
https://kawalpemilu.org#14748,"Seberang Sanglar, Reteh, INDRAGIRI HILIR, RIAU",3,15,182,197
https://kawalpemilu.org#14748,"Seberang Sanglar, Reteh, INDRAGIRI HILIR, RIAU",4,103,139,242
https://kawalpemilu.org#14748,"Seberang Sanglar, Reteh, INDRAGIRI HILIR, RIAU",5,50,96,146
https://kawalpemilu.org#14748,"Seberang Sanglar, Reteh, INDRAGIRI HILIR, RIAU",6,42,30,72
https://kawalpemilu.org#14748,"Seberang Sanglar, Reteh, INDRAGIRI HILIR, RIAU",7,69,38,107
https://kawalpemilu.org#14748,"Seberang Sanglar, Reteh, INDRAGIRI HILIR, RIAU",8,180,26,206
https://kawalpemilu.org#14748,"Seberang Sanglar, Reteh, INDRAGIRI HILIR, RIAU",9,33,195,228
https://kawalpemilu.org#14748,"Seberang Sanglar, Reteh, INDRAGIRI HILIR, RIAU",10,49,100,149
https://kawalpemilu.org#14748,"Seberang Sanglar, Reteh, INDRAGIRI HILIR, RIAU",11,27,104,131
https://kawalpemilu.org#14748,"Seberang Sanglar, Reteh, INDRAGIRI HILIR, RIAU",12,40,46,86
https://kawalpemilu.org#14749,"Mekar Sari, Reteh, INDRAGIRI HILIR, RIAU",1,90,113,203
https://kawalpemilu.org#14749,"Mekar Sari, Reteh, INDRAGIRI HILIR, RIAU",2,47,58,105
https://kawalpemilu.org#14749,"Mekar Sari, Reteh, INDRAGIRI HILIR, RIAU",3,110,110,220
https://kawalpemilu.org#14750,"Seberang Pulau Kijang, Reteh, INDRAGIRI HILIR, RIAU",1,134,74,208
https://kawalpemilu.org#14750,"Seberang Pulau Kijang, Reteh, INDRAGIRI HILIR, RIAU",2,95,29,124
https://kawalpemilu.org#14750,"Seberang Pulau Kijang, Reteh, INDRAGIRI HILIR, RIAU",3,37,58,95
https://kawalpemilu.org#14750,"Seberang Pulau Kijang, Reteh, INDRAGIRI HILIR, RIAU",4,35,77,112
https://kawalpemilu.org#14751,"SUNGAIASAM, Reteh, INDRAGIRI HILIR, RIAU",1,169,61,230
https://kawalpemilu.org#14751,"SUNGAIASAM, Reteh, INDRAGIRI HILIR, RIAU",2,110,57,167
https://kawalpemilu.org#14751,"SUNGAIASAM, Reteh, INDRAGIRI HILIR, RIAU",3,117,47,164
https://kawalpemilu.org#14751,"SUNGAIASAM, Reteh, INDRAGIRI HILIR, RIAU",4,198,34,232
https://kawalpemilu.org#14751,"SUNGAIASAM, Reteh, INDRAGIRI HILIR, RIAU",5,77,32,109
https://kawalpemilu.org#14752,"PULAURUKU, Reteh, INDRAGIRI HILIR, RIAU",1,121,59,180
https://kawalpemilu.org#14752,"PULAURUKU, Reteh, INDRAGIRI HILIR, RIAU",2,86,75,161
https://kawalpemilu.org#14752,"PULAURUKU, Reteh, INDRAGIRI HILIR, RIAU",3,120,35,155
https://kawalpemilu.org#14752,"PULAURUKU, Reteh, INDRAGIRI HILIR, RIAU",4,55,105,160
https://kawalpemilu.org#84485,"MADANI, Reteh, INDRAGIRI HILIR, RIAU",1,88,39,127
https://kawalpemilu.org#84485,"MADANI, Reteh, INDRAGIRI HILIR, RIAU",2,107,40,147
https://kawalpemilu.org#84485,"MADANI, Reteh, INDRAGIRI HILIR, RIAU",3,134,38,172
https://kawalpemilu.org#84485,"MADANI, Reteh, INDRAGIRI HILIR, RIAU",4,149,39,188
https://kawalpemilu.org#84485,"MADANI, Reteh, INDRAGIRI HILIR, RIAU",5,161,30,191
https://kawalpemilu.org#84485,"MADANI, Reteh, INDRAGIRI HILIR, RIAU",6,102,95,197
https://kawalpemilu.org#84486,"TANJUNGLABUH, Reteh, INDRAGIRI HILIR, RIAU",1,66,108,174
https://kawalpemilu.org#84486,"TANJUNGLABUH, Reteh, INDRAGIRI HILIR, RIAU",2,40,121,161
https://kawalpemilu.org#84486,"TANJUNGLABUH, Reteh, INDRAGIRI HILIR, RIAU",3,77,38,115
https://kawalpemilu.org#84487,"SUNGAIMAHANG, Reteh, INDRAGIRI HILIR, RIAU",1,32,39,71
https://kawalpemilu.org#84487,"SUNGAIMAHANG, Reteh, INDRAGIRI HILIR, RIAU",2,106,46,152
https://kawalpemilu.org#84487,"SUNGAIMAHANG, Reteh, INDRAGIRI HILIR, RIAU",3,85,50,135
https://kawalpemilu.org#84487,"SUNGAIMAHANG, Reteh, INDRAGIRI HILIR, RIAU",4,37,26,63
https://kawalpemilu.org#88406,"METRO, Reteh, INDRAGIRI HILIR, RIAU",1,125,69,194
https://kawalpemilu.org#88406,"METRO, Reteh, INDRAGIRI HILIR, RIAU",2,63,132,195
https://kawalpemilu.org#88406,"METRO, Reteh, INDRAGIRI HILIR, RIAU",3,88,124,212
https://kawalpemilu.org#88406,"METRO, Reteh, INDRAGIRI HILIR, RIAU",4,104,120,232
https://kawalpemilu.org#88406,"METRO, Reteh, INDRAGIRI HILIR, RIAU",5,62,88,150
https://kawalpemilu.org#14754,"Enok, Enok, INDRAGIRI HILIR, RIAU",1,131,69,200
https://kawalpemilu.org#14754,"Enok, Enok, INDRAGIRI HILIR, RIAU",2,67,112,179
https://kawalpemilu.org#14754,"Enok, Enok, INDRAGIRI HILIR, RIAU",3,110,80,190
https://kawalpemilu.org#14754,"Enok, Enok, INDRAGIRI HILIR, RIAU",4,33,95,128
https://kawalpemilu.org#14754,"Enok, Enok, INDRAGIRI HILIR, RIAU",5,64,139,203
https://kawalpemilu.org#14754,"Enok, Enok, INDRAGIRI HILIR, RIAU",6,53,98,151
https://kawalpemilu.org#14754,"Enok, Enok, INDRAGIRI HILIR, RIAU",7,34,78,112
https://kawalpemilu.org#14754,"Enok, Enok, INDRAGIRI HILIR, RIAU",8,52,96,148
https://kawalpemilu.org#14754,"Enok, Enok, INDRAGIRI HILIR, RIAU",9,72,125,197
https://kawalpemilu.org#14754,"Enok, Enok, INDRAGIRI HILIR, RIAU",10,52,116,168
https://kawalpemilu.org#14754,"Enok, Enok, INDRAGIRI HILIR, RIAU",11,77,136,213
https://kawalpemilu.org#14754,"Enok, Enok, INDRAGIRI HILIR, RIAU",12,87,123,210
https://kawalpemilu.org#14754,"Enok, Enok, INDRAGIRI HILIR, RIAU",13,113,102,215
https://kawalpemilu.org#14754,"Enok, Enok, INDRAGIRI HILIR, RIAU",14,89,115,204
https://kawalpemilu.org#14754,"Enok, Enok, INDRAGIRI HILIR, RIAU",15,82,93,175
https://kawalpemilu.org#14755,"Pusaran, Enok, INDRAGIRI HILIR, RIAU",1,69,79,148
https://kawalpemilu.org#14755,"Pusaran, Enok, INDRAGIRI HILIR, RIAU",2,97,114,211
https://kawalpemilu.org#14755,"Pusaran, Enok, INDRAGIRI HILIR, RIAU",3,116,89,205
https://kawalpemilu.org#14755,"Pusaran, Enok, INDRAGIRI HILIR, RIAU",4,170,60,230
https://kawalpemilu.org#14755,"Pusaran, Enok, INDRAGIRI HILIR, RIAU",5,116,104,220
https://kawalpemilu.org#14755,"Pusaran, Enok, INDRAGIRI HILIR, RIAU",6,58,121,179
https://kawalpemilu.org#14755,"Pusaran, Enok, INDRAGIRI HILIR, RIAU",7,97,52,149
https://kawalpemilu.org#14755,"Pusaran, Enok, INDRAGIRI HILIR, RIAU",8,139,80,219
https://kawalpemilu.org#14755,"Pusaran, Enok, INDRAGIRI HILIR, RIAU",9,39,65,104
https://kawalpemilu.org#14756,"TELUKMEDAN, Enok, INDRAGIRI HILIR, RIAU",1,55,110,165
https://kawalpemilu.org#14756,"TELUKMEDAN, Enok, INDRAGIRI HILIR, RIAU",2,56,108,164
https://kawalpemilu.org#14757,"Pengalihan, Enok, INDRAGIRI HILIR, RIAU",1,96,99,195
https://kawalpemilu.org#14757,"Pengalihan, Enok, INDRAGIRI HILIR, RIAU",2,129,87,216
https://kawalpemilu.org#14757,"Pengalihan, Enok, INDRAGIRI HILIR, RIAU",3,100,95,195
https://kawalpemilu.org#14757,"Pengalihan, Enok, INDRAGIRI HILIR, RIAU",4,91,109,200
https://kawalpemilu.org#14757,"Pengalihan, Enok, INDRAGIRI HILIR, RIAU",5,86,116,202
https://kawalpemilu.org#14757,"Pengalihan, Enok, INDRAGIRI HILIR, RIAU",6,121,96,217
https://kawalpemilu.org#14757,"Pengalihan, Enok, INDRAGIRI HILIR, RIAU",7,26,45,71
https://kawalpemilu.org#14757,"Pengalihan, Enok, INDRAGIRI HILIR, RIAU",8,46,55,101
https://kawalpemilu.org#14757,"Pengalihan, Enok, INDRAGIRI HILIR, RIAU",9,68,112,180
https://kawalpemilu.org#14758,"SUNGAIAMBAT, Enok, INDRAGIRI HILIR, RIAU",1,53,98,151
https://kawalpemilu.org#14758,"SUNGAIAMBAT, Enok, INDRAGIRI HILIR, RIAU",2,96,56,152
https://kawalpemilu.org#14758,"SUNGAIAMBAT, Enok, INDRAGIRI HILIR, RIAU",3,91,105,196
https://kawalpemilu.org#14758,"SUNGAIAMBAT, Enok, INDRAGIRI HILIR, RIAU",4,141,88,229
https://kawalpemilu.org#14758,"SUNGAIAMBAT, Enok, INDRAGIRI HILIR, RIAU",5,86,63,149
https://kawalpemilu.org#14758,"SUNGAIAMBAT, Enok, INDRAGIRI HILIR, RIAU",6,35,59,94
https://kawalpemilu.org#14759,"Simpang Tiga, Enok, INDRAGIRI HILIR, RIAU",1,80,117,197
https://kawalpemilu.org#14759,"Simpang Tiga, Enok, INDRAGIRI HILIR, RIAU",2,48,73,121
https://kawalpemilu.org#14759,"Simpang Tiga, Enok, INDRAGIRI HILIR, RIAU",3,38,71,109
https://kawalpemilu.org#14759,"Simpang Tiga, Enok, INDRAGIRI HILIR, RIAU",4,75,37,112
https://kawalpemilu.org#14760,"Rantau Panjang, Enok, INDRAGIRI HILIR, RIAU",1,88,127,215
https://kawalpemilu.org#14760,"Rantau Panjang, Enok, INDRAGIRI HILIR, RIAU",2,58,115,173
https://kawalpemilu.org#14760,"Rantau Panjang, Enok, INDRAGIRI HILIR, RIAU",3,59,113,172
https://kawalpemilu.org#14760,"Rantau Panjang, Enok, INDRAGIRI HILIR, RIAU",4,25,111,136
https://kawalpemilu.org#14760,"Rantau Panjang, Enok, INDRAGIRI HILIR, RIAU",5,37,150,187
https://kawalpemilu.org#14761,"SUNGAIRUKAM, Enok, INDRAGIRI HILIR, RIAU",1,106,59,165
https://kawalpemilu.org#14761,"SUNGAIRUKAM, Enok, INDRAGIRI HILIR, RIAU",2,58,106,164
https://kawalpemilu.org#14761,"SUNGAIRUKAM, Enok, INDRAGIRI HILIR, RIAU",3,69,111,180
https://kawalpemilu.org#14761,"SUNGAIRUKAM, Enok, INDRAGIRI HILIR, RIAU",4,95,36,131
https://kawalpemilu.org#14761,"SUNGAIRUKAM, Enok, INDRAGIRI HILIR, RIAU",5,89,51,140
https://kawalpemilu.org#14761,"SUNGAIRUKAM, Enok, INDRAGIRI HILIR, RIAU",6,146,59,205
https://kawalpemilu.org#14761,"SUNGAIRUKAM, Enok, INDRAGIRI HILIR, RIAU",7,104,99,203
https://kawalpemilu.org#14761,"SUNGAIRUKAM, Enok, INDRAGIRI HILIR, RIAU",8,88,113,201
https://kawalpemilu.org#14761,"SUNGAIRUKAM, Enok, INDRAGIRI HILIR, RIAU",9,52,135,187
https://kawalpemilu.org#14761,"SUNGAIRUKAM, Enok, INDRAGIRI HILIR, RIAU",10,56,153,209
https://kawalpemilu.org#14761,"SUNGAIRUKAM, Enok, INDRAGIRI HILIR, RIAU",11,44,102,146
https://kawalpemilu.org#14762,"Bagan Jaya, Enok, INDRAGIRI HILIR, RIAU",1,109,94,203
https://kawalpemilu.org#14762,"Bagan Jaya, Enok, INDRAGIRI HILIR, RIAU",2,70,153,223
https://kawalpemilu.org#14762,"Bagan Jaya, Enok, INDRAGIRI HILIR, RIAU",3,54,166,220
https://kawalpemilu.org#14762,"Bagan Jaya, Enok, INDRAGIRI HILIR, RIAU",4,114,94,208
https://kawalpemilu.org#14762,"Bagan Jaya, Enok, INDRAGIRI HILIR, RIAU",5,77,119,196
https://kawalpemilu.org#14762,"Bagan Jaya, Enok, INDRAGIRI HILIR, RIAU",6,81,141,222
https://kawalpemilu.org#14762,"Bagan Jaya, Enok, INDRAGIRI HILIR, RIAU",7,55,169,225
https://kawalpemilu.org#14762,"Bagan Jaya, Enok, INDRAGIRI HILIR, RIAU",8,82,62,144
https://kawalpemilu.org#14762,"Bagan Jaya, Enok, INDRAGIRI HILIR, RIAU",9,72,153,225
https://kawalpemilu.org#14762,"Bagan Jaya, Enok, INDRAGIRI HILIR, RIAU",10,127,106,233
https://kawalpemilu.org#14762,"Bagan Jaya, Enok, INDRAGIRI HILIR, RIAU",11,78,150,228
https://kawalpemilu.org#14762,"Bagan Jaya, Enok, INDRAGIRI HILIR, RIAU",12,25,46,71
https://kawalpemilu.org#14762,"Bagan Jaya, Enok, INDRAGIRI HILIR, RIAU",13,64,102,166
https://kawalpemilu.org#14762,"Bagan Jaya, Enok, INDRAGIRI HILIR, RIAU",14,66,86,152
https://kawalpemilu.org#14762,"Bagan Jaya, Enok, INDRAGIRI HILIR, RIAU",15,64,84,148
https://kawalpemilu.org#14762,"Bagan Jaya, Enok, INDRAGIRI HILIR, RIAU",16,85,91,176
https://kawalpemilu.org#14762,"Bagan Jaya, Enok, INDRAGIRI HILIR, RIAU",17,45,80,125
https://kawalpemilu.org#14763,"Suhada, Enok, INDRAGIRI HILIR, RIAU",1,112,107,219
https://kawalpemilu.org#14763,"Suhada, Enok, INDRAGIRI HILIR, RIAU",2,55,151,206
https://kawalpemilu.org#14763,"Suhada, Enok, INDRAGIRI HILIR, RIAU",3,42,134,176
https://kawalpemilu.org#14763,"Suhada, Enok, INDRAGIRI HILIR, RIAU",4,78,142,220
https://kawalpemilu.org#14763,"Suhada, Enok, INDRAGIRI HILIR, RIAU",5,33,96,129
https://kawalpemilu.org#14763,"Suhada, Enok, INDRAGIRI HILIR, RIAU",6,39,143,182
https://kawalpemilu.org#14763,"Suhada, Enok, INDRAGIRI HILIR, RIAU",7,38,109,147
https://kawalpemilu.org#14763,"Suhada, Enok, INDRAGIRI HILIR, RIAU",8,71,122,193
https://kawalpemilu.org#14763,"Suhada, Enok, INDRAGIRI HILIR, RIAU",9,58,134,192
https://kawalpemilu.org#14764,"JAYA BAKTI, Enok, INDRAGIRI HILIR, RIAU",1,79,124,203
https://kawalpemilu.org#14764,"JAYA BAKTI, Enok, INDRAGIRI HILIR, RIAU",2,110,81,191
https://kawalpemilu.org#14764,"JAYA BAKTI, Enok, INDRAGIRI HILIR, RIAU",3,97,82,179
https://kawalpemilu.org#14764,"JAYA BAKTI, Enok, INDRAGIRI HILIR, RIAU",4,131,36,167
https://kawalpemilu.org#14764,"JAYA BAKTI, Enok, INDRAGIRI HILIR, RIAU",5,93,81,174
https://kawalpemilu.org#14764,"JAYA BAKTI, Enok, INDRAGIRI HILIR, RIAU",6,78,76,154
https://kawalpemilu.org#14764,"JAYA BAKTI, Enok, INDRAGIRI HILIR, RIAU",7,13,128,141
https://kawalpemilu.org#14764,"JAYA BAKTI, Enok, INDRAGIRI HILIR, RIAU",8,26,90,116
https://kawalpemilu.org#14765,"SUNGAILOKAN, Enok, INDRAGIRI HILIR, RIAU",1,43,121,164
https://kawalpemilu.org#14765,"SUNGAILOKAN, Enok, INDRAGIRI HILIR, RIAU",2,64,85,149
https://kawalpemilu.org#14765,"SUNGAILOKAN, Enok, INDRAGIRI HILIR, RIAU",3,123,62,185
https://kawalpemilu.org#14765,"SUNGAILOKAN, Enok, INDRAGIRI HILIR, RIAU",4,25,66,91
https://kawalpemilu.org#84488,"PANTAISEBERANG MAKMUR, Enok, INDRAGIRI HILIR, RIAU",1,69,48,117
https://kawalpemilu.org#84488,"PANTAISEBERANG MAKMUR, Enok, INDRAGIRI HILIR, RIAU",2,113,74,187
https://kawalpemilu.org#84488,"PANTAISEBERANG MAKMUR, Enok, INDRAGIRI HILIR, RIAU",3,59,96,155
https://kawalpemilu.org#84488,"PANTAISEBERANG MAKMUR, Enok, INDRAGIRI HILIR, RIAU",4,96,106,202
https://kawalpemilu.org#84488,"PANTAISEBERANG MAKMUR, Enok, INDRAGIRI HILIR, RIAU",5,56,53,109
https://kawalpemilu.org#84489,"SIMPANG TIGA DARATAN, Enok, INDRAGIRI HILIR, RIAU",1,53,104,157
https://kawalpemilu.org#84489,"SIMPANG TIGA DARATAN, Enok, INDRAGIRI HILIR, RIAU",2,79,125,204
https://kawalpemilu.org#84489,"SIMPANG TIGA DARATAN, Enok, INDRAGIRI HILIR, RIAU",3,12,112,124
https://kawalpemilu.org#84489,"SIMPANG TIGA DARATAN, Enok, INDRAGIRI HILIR, RIAU",4,42,92,134
https://kawalpemilu.org#84489,"SIMPANG TIGA DARATAN, Enok, INDRAGIRI HILIR, RIAU",5,54,70,124
https://kawalpemilu.org#14767,"Sapat, Kuala Indragiri, INDRAGIRI HILIR, RIAU",1,62,135,197
https://kawalpemilu.org#14767,"Sapat, Kuala Indragiri, INDRAGIRI HILIR, RIAU",2,62,139,201
https://kawalpemilu.org#14767,"Sapat, Kuala Indragiri, INDRAGIRI HILIR, RIAU",3,57,133,190
https://kawalpemilu.org#14767,"Sapat, Kuala Indragiri, INDRAGIRI HILIR, RIAU",4,30,25,55
https://kawalpemilu.org#14767,"Sapat, Kuala Indragiri, INDRAGIRI HILIR, RIAU",5,18,70,88
https://kawalpemilu.org#14767,"Sapat, Kuala Indragiri, INDRAGIRI HILIR, RIAU",6,59,56,115
https://kawalpemilu.org#14767,"Sapat, Kuala Indragiri, INDRAGIRI HILIR, RIAU",7,64,128,192
https://kawalpemilu.org#14767,"Sapat, Kuala Indragiri, INDRAGIRI HILIR, RIAU",8,87,121,208
https://kawalpemilu.org#14767,"Sapat, Kuala Indragiri, INDRAGIRI HILIR, RIAU",9,72,119,191
https://kawalpemilu.org#14767,"Sapat, Kuala Indragiri, INDRAGIRI HILIR, RIAU",10,14,8,22
https://kawalpemilu.org#14768,"SUNGAIBULUH, Kuala Indragiri, INDRAGIRI HILIR, RIAU",1,120,29,149
https://kawalpemilu.org#14768,"SUNGAIBULUH, Kuala Indragiri, INDRAGIRI HILIR, RIAU",2,124,48,172
https://kawalpemilu.org#14768,"SUNGAIBULUH, Kuala Indragiri, INDRAGIRI HILIR, RIAU",3,119,56,175
https://kawalpemilu.org#14768,"SUNGAIBULUH, Kuala Indragiri, INDRAGIRI HILIR, RIAU",4,101,38,139
https://kawalpemilu.org#14768,"SUNGAIBULUH, Kuala Indragiri, INDRAGIRI HILIR, RIAU",5,125,20,145
https://kawalpemilu.org#14769,"TANJUNGLAJAU, Kuala Indragiri, INDRAGIRI HILIR, RIAU",1,74,110,184
https://kawalpemilu.org#14769,"TANJUNGLAJAU, Kuala Indragiri, INDRAGIRI HILIR, RIAU",2,70,91,161
https://kawalpemilu.org#14769,"TANJUNGLAJAU, Kuala Indragiri, INDRAGIRI HILIR, RIAU",3,117,58,175
https://kawalpemilu.org#14769,"TANJUNGLAJAU, Kuala Indragiri, INDRAGIRI HILIR, RIAU",4,8,141,149
https://kawalpemilu.org#14769,"TANJUNGLAJAU, Kuala Indragiri, INDRAGIRI HILIR, RIAU",5,71,80,151
https://kawalpemilu.org#14769,"TANJUNGLAJAU, Kuala Indragiri, INDRAGIRI HILIR, RIAU",6,17,53,70
https://kawalpemilu.org#14769,"TANJUNGLAJAU, Kuala Indragiri, INDRAGIRI HILIR, RIAU",7,24,99,123
https://kawalpemilu.org#14769,"TANJUNGLAJAU, Kuala Indragiri, INDRAGIRI HILIR, RIAU",8,19,32,51
https://kawalpemilu.org#14770,"SUNGAIBELA, Kuala Indragiri, INDRAGIRI HILIR, RIAU",1,78,117,195
https://kawalpemilu.org#14770,"SUNGAIBELA, Kuala Indragiri, INDRAGIRI HILIR, RIAU",2,92,85,177
https://kawalpemilu.org#14770,"SUNGAIBELA, Kuala Indragiri, INDRAGIRI HILIR, RIAU",3,79,98,177
https://kawalpemilu.org#14770,"SUNGAIBELA, Kuala Indragiri, INDRAGIRI HILIR, RIAU",4,108,97,205
https://kawalpemilu.org#14770,"SUNGAIBELA, Kuala Indragiri, INDRAGIRI HILIR, RIAU",5,47,129,176
https://kawalpemilu.org#14770,"SUNGAIBELA, Kuala Indragiri, INDRAGIRI HILIR, RIAU",6,57,95,152
https://kawalpemilu.org#14770,"SUNGAIBELA, Kuala Indragiri, INDRAGIRI HILIR, RIAU",7,81,141,222
https://kawalpemilu.org#14770,"SUNGAIBELA, Kuala Indragiri, INDRAGIRI HILIR, RIAU",8,102,34,136
https://kawalpemilu.org#14770,"SUNGAIBELA, Kuala Indragiri, INDRAGIRI HILIR, RIAU",9,39,26,65
https://kawalpemilu.org#14771,"TELUKDALAM, Kuala Indragiri, INDRAGIRI HILIR, RIAU",1,33,101,134
https://kawalpemilu.org#14771,"TELUKDALAM, Kuala Indragiri, INDRAGIRI HILIR, RIAU",2,42,126,168
https://kawalpemilu.org#14771,"TELUKDALAM, Kuala Indragiri, INDRAGIRI HILIR, RIAU",3,44,102,146
https://kawalpemilu.org#14771,"TELUKDALAM, Kuala Indragiri, INDRAGIRI HILIR, RIAU",4,35,77,112
https://kawalpemilu.org#14771,"TELUKDALAM, Kuala Indragiri, INDRAGIRI HILIR, RIAU",5,31,71,102
https://kawalpemilu.org#14771,"TELUKDALAM, Kuala Indragiri, INDRAGIRI HILIR, RIAU",6,7,38,45
https://kawalpemilu.org#14771,"TELUKDALAM, Kuala Indragiri, INDRAGIRI HILIR, RIAU",7,64,107,171
https://kawalpemilu.org#14772,"SUNGAIPIYAI, Kuala Indragiri, INDRAGIRI HILIR, RIAU",1,22,115,137
https://kawalpemilu.org#14772,"SUNGAIPIYAI, Kuala Indragiri, INDRAGIRI HILIR, RIAU",2,31,122,153
https://kawalpemilu.org#14772,"SUNGAIPIYAI, Kuala Indragiri, INDRAGIRI HILIR, RIAU",3,32,98,130
https://kawalpemilu.org#14772,"SUNGAIPIYAI, Kuala Indragiri, INDRAGIRI HILIR, RIAU",4,26,112,138
https://kawalpemilu.org#14773,"Perigi Raja, Kuala Indragiri, INDRAGIRI HILIR, RIAU",1,105,49,154
https://kawalpemilu.org#14773,"Perigi Raja, Kuala Indragiri, INDRAGIRI HILIR, RIAU",2,99,52,151
https://kawalpemilu.org#14773,"Perigi Raja, Kuala Indragiri, INDRAGIRI HILIR, RIAU",3,82,57,139
https://kawalpemilu.org#14773,"Perigi Raja, Kuala Indragiri, INDRAGIRI HILIR, RIAU",4,75,109,184
https://kawalpemilu.org#14773,"Perigi Raja, Kuala Indragiri, INDRAGIRI HILIR, RIAU",5,28,64,92
https://kawalpemilu.org#14773,"Perigi Raja, Kuala Indragiri, INDRAGIRI HILIR, RIAU",6,48,58,106
https://kawalpemilu.org#14773,"Perigi Raja, Kuala Indragiri, INDRAGIRI HILIR, RIAU",7,47,79,126
https://kawalpemilu.org#14774,"TANJUNGMELAYU, Kuala Indragiri, INDRAGIRI HILIR, RIAU",1,53,107,160
https://kawalpemilu.org#14774,"TANJUNGMELAYU, Kuala Indragiri, INDRAGIRI HILIR, RIAU",2,64,139,203
https://kawalpemilu.org#14774,"TANJUNGMELAYU, Kuala Indragiri, INDRAGIRI HILIR, RIAU",3,48,84,132
https://kawalpemilu.org#14776,"Tembilahan Kota, Tembilahan, INDRAGIRI HILIR, RIAU",1,73,197,270
https://kawalpemilu.org#14776,"Tembilahan Kota, Tembilahan, INDRAGIRI HILIR, RIAU",2,55,143,198
https://kawalpemilu.org#14776,"Tembilahan Kota, Tembilahan, INDRAGIRI HILIR, RIAU",3,68,127,195
https://kawalpemilu.org#14776,"Tembilahan Kota, Tembilahan, INDRAGIRI HILIR, RIAU",4,178,22,200
https://kawalpemilu.org#14776,"Tembilahan Kota, Tembilahan, INDRAGIRI HILIR, RIAU",5,131,59,190
https://kawalpemilu.org#14776,"Tembilahan Kota, Tembilahan, INDRAGIRI HILIR, RIAU",6,127,52,179
https://kawalpemilu.org#14776,"Tembilahan Kota, Tembilahan, INDRAGIRI HILIR, RIAU",7,54,118,172
https://kawalpemilu.org#14776,"Tembilahan Kota, Tembilahan, INDRAGIRI HILIR, RIAU",8,71,108,179
https://kawalpemilu.org#14776,"Tembilahan Kota, Tembilahan, INDRAGIRI HILIR, RIAU",9,38,35,73
https://kawalpemilu.org#14776,"Tembilahan Kota, Tembilahan, INDRAGIRI HILIR, RIAU",10,55,153,208
https://kawalpemilu.org#14776,"Tembilahan Kota, Tembilahan, INDRAGIRI HILIR, RIAU",11,46,158,204
https://kawalpemilu.org#14776,"Tembilahan Kota, Tembilahan, INDRAGIRI HILIR, RIAU",12,89,132,221
https://kawalpemilu.org#14776,"Tembilahan Kota, Tembilahan, INDRAGIRI HILIR, RIAU",13,44,172,216
https://kawalpemilu.org#14776,"Tembilahan Kota, Tembilahan, INDRAGIRI HILIR, RIAU",14,37,109,146
https://kawalpemilu.org#14776,"Tembilahan Kota, Tembilahan, INDRAGIRI HILIR, RIAU",15,90,135,225
https://kawalpemilu.org#14776,"Tembilahan Kota, Tembilahan, INDRAGIRI HILIR, RIAU",16,107,122,229
https://kawalpemilu.org#14776,"Tembilahan Kota, Tembilahan, INDRAGIRI HILIR, RIAU",17,39,154,193
https://kawalpemilu.org#14776,"Tembilahan Kota, Tembilahan, INDRAGIRI HILIR, RIAU",18,38,86,124
https://kawalpemilu.org#14776,"Tembilahan Kota, Tembilahan, INDRAGIRI HILIR, RIAU",19,26,88,114
https://kawalpemilu.org#14776,"Tembilahan Kota, Tembilahan, INDRAGIRI HILIR, RIAU",20,50,159,209
https://kawalpemilu.org#14776,"Tembilahan Kota, Tembilahan, INDRAGIRI HILIR, RIAU",21,70,132,202
https://kawalpemilu.org#14776,"Tembilahan Kota, Tembilahan, INDRAGIRI HILIR, RIAU",22,89,151,240
https://kawalpemilu.org#14776,"Tembilahan Kota, Tembilahan, INDRAGIRI HILIR, RIAU",23,45,144,189
https://kawalpemilu.org#14776,"Tembilahan Kota, Tembilahan, INDRAGIRI HILIR, RIAU",24,79,138,217
https://kawalpemilu.org#14776,"Tembilahan Kota, Tembilahan, INDRAGIRI HILIR, RIAU",25,34,108,142
https://kawalpemilu.org#14776,"Tembilahan Kota, Tembilahan, INDRAGIRI HILIR, RIAU",26,40,170,210
https://kawalpemilu.org#14776,"Tembilahan Kota, Tembilahan, INDRAGIRI HILIR, RIAU",27,43,142,185
https://kawalpemilu.org#14776,"Tembilahan Kota, Tembilahan, INDRAGIRI HILIR, RIAU",28,43,123,166
https://kawalpemilu.org#14776,"Tembilahan Kota, Tembilahan, INDRAGIRI HILIR, RIAU",29,66,132,198
https://kawalpemilu.org#14776,"Tembilahan Kota, Tembilahan, INDRAGIRI HILIR, RIAU",30,41,147,188
https://kawalpemilu.org#14776,"Tembilahan Kota, Tembilahan, INDRAGIRI HILIR, RIAU",31,46,140,186
https://kawalpemilu.org#14776,"Tembilahan Kota, Tembilahan, INDRAGIRI HILIR, RIAU",32,33,144,177
https://kawalpemilu.org#14776,"Tembilahan Kota, Tembilahan, INDRAGIRI HILIR, RIAU",33,60,131,191
https://kawalpemilu.org#14776,"Tembilahan Kota, Tembilahan, INDRAGIRI HILIR, RIAU",34,91,130,221
https://kawalpemilu.org#14776,"Tembilahan Kota, Tembilahan, INDRAGIRI HILIR, RIAU",35,50,176,226
https://kawalpemilu.org#14776,"Tembilahan Kota, Tembilahan, INDRAGIRI HILIR, RIAU",36,25,153,178
https://kawalpemilu.org#14776,"Tembilahan Kota, Tembilahan, INDRAGIRI HILIR, RIAU",37,38,144,182
https://kawalpemilu.org#14776,"Tembilahan Kota, Tembilahan, INDRAGIRI HILIR, RIAU",38,45,104,149
https://kawalpemilu.org#14776,"Tembilahan Kota, Tembilahan, INDRAGIRI HILIR, RIAU",39,92,166,258
https://kawalpemilu.org#14776,"Tembilahan Kota, Tembilahan, INDRAGIRI HILIR, RIAU",40,58,130,188
https://kawalpemilu.org#14776,"Tembilahan Kota, Tembilahan, INDRAGIRI HILIR, RIAU",41,46,156,202
https://kawalpemilu.org#14776,"Tembilahan Kota, Tembilahan, INDRAGIRI HILIR, RIAU",42,35,153,188
https://kawalpemilu.org#14776,"Tembilahan Kota, Tembilahan, INDRAGIRI HILIR, RIAU",43,43,115,158
https://kawalpemilu.org#14776,"Tembilahan Kota, Tembilahan, INDRAGIRI HILIR, RIAU",44,22,40,62
https://kawalpemilu.org#14776,"Tembilahan Kota, Tembilahan, INDRAGIRI HILIR, RIAU",45,57,135,192
https://kawalpemilu.org#14776,"Tembilahan Kota, Tembilahan, INDRAGIRI HILIR, RIAU",46,29,124,153
https://kawalpemilu.org#14776,"Tembilahan Kota, Tembilahan, INDRAGIRI HILIR, RIAU",47,33,141,174
https://kawalpemilu.org#14776,"Tembilahan Kota, Tembilahan, INDRAGIRI HILIR, RIAU",48,53,127,180
https://kawalpemilu.org#14776,"Tembilahan Kota, Tembilahan, INDRAGIRI HILIR, RIAU",49,63,141,204
https://kawalpemilu.org#14776,"Tembilahan Kota, Tembilahan, INDRAGIRI HILIR, RIAU",50,49,150,199
https://kawalpemilu.org#14776,"Tembilahan Kota, Tembilahan, INDRAGIRI HILIR, RIAU",51,64,195,259
https://kawalpemilu.org#14776,"Tembilahan Kota, Tembilahan, INDRAGIRI HILIR, RIAU",52,32,130,162
https://kawalpemilu.org#14776,"Tembilahan Kota, Tembilahan, INDRAGIRI HILIR, RIAU",53,39,152,191
https://kawalpemilu.org#14776,"Tembilahan Kota, Tembilahan, INDRAGIRI HILIR, RIAU",54,31,141,172
https://kawalpemilu.org#14776,"Tembilahan Kota, Tembilahan, INDRAGIRI HILIR, RIAU",55,51,118,169
https://kawalpemilu.org#14776,"Tembilahan Kota, Tembilahan, INDRAGIRI HILIR, RIAU",56,50,139,189
https://kawalpemilu.org#14776,"Tembilahan Kota, Tembilahan, INDRAGIRI HILIR, RIAU",57,20,80,100
https://kawalpemilu.org#14776,"Tembilahan Kota, Tembilahan, INDRAGIRI HILIR, RIAU",58,39,106,145
https://kawalpemilu.org#14776,"Tembilahan Kota, Tembilahan, INDRAGIRI HILIR, RIAU",59,46,76,122
https://kawalpemilu.org#14776,"Tembilahan Kota, Tembilahan, INDRAGIRI HILIR, RIAU",60,43,108,151
https://kawalpemilu.org#14776,"Tembilahan Kota, Tembilahan, INDRAGIRI HILIR, RIAU",61,60,86,146
https://kawalpemilu.org#14776,"Tembilahan Kota, Tembilahan, INDRAGIRI HILIR, RIAU",62,51,127,178
https://kawalpemilu.org#14776,"Tembilahan Kota, Tembilahan, INDRAGIRI HILIR, RIAU",63,35,134,169
https://kawalpemilu.org#14776,"Tembilahan Kota, Tembilahan, INDRAGIRI HILIR, RIAU",64,56,140,196
https://kawalpemilu.org#14776,"Tembilahan Kota, Tembilahan, INDRAGIRI HILIR, RIAU",65,69,75,144
https://kawalpemilu.org#14776,"Tembilahan Kota, Tembilahan, INDRAGIRI HILIR, RIAU",66,30,101,131
https://kawalpemilu.org#14776,"Tembilahan Kota, Tembilahan, INDRAGIRI HILIR, RIAU",67,25,62,87
https://kawalpemilu.org#14776,"Tembilahan Kota, Tembilahan, INDRAGIRI HILIR, RIAU",68,47,125,172
https://kawalpemilu.org#14776,"Tembilahan Kota, Tembilahan, INDRAGIRI HILIR, RIAU",69,31,99,130
https://kawalpemilu.org#14776,"Tembilahan Kota, Tembilahan, INDRAGIRI HILIR, RIAU",70,30,110,140
https://kawalpemilu.org#14776,"Tembilahan Kota, Tembilahan, INDRAGIRI HILIR, RIAU",71,48,168,216
https://kawalpemilu.org#14776,"Tembilahan Kota, Tembilahan, INDRAGIRI HILIR, RIAU",72,29,99,128
https://kawalpemilu.org#14776,"Tembilahan Kota, Tembilahan, INDRAGIRI HILIR, RIAU",73,16,89,105
https://kawalpemilu.org#14777,"Tembilahan Hilir, Tembilahan, INDRAGIRI HILIR, RIAU",1,62,171,233
https://kawalpemilu.org#14777,"Tembilahan Hilir, Tembilahan, INDRAGIRI HILIR, RIAU",2,59,136,195
https://kawalpemilu.org#14777,"Tembilahan Hilir, Tembilahan, INDRAGIRI HILIR, RIAU",3,66,123,189
https://kawalpemilu.org#14777,"Tembilahan Hilir, Tembilahan, INDRAGIRI HILIR, RIAU",4,89,137,266
https://kawalpemilu.org#14777,"Tembilahan Hilir, Tembilahan, INDRAGIRI HILIR, RIAU",5,52,129,181
https://kawalpemilu.org#14777,"Tembilahan Hilir, Tembilahan, INDRAGIRI HILIR, RIAU",6,24,120,0
https://kawalpemilu.org#14777,"Tembilahan Hilir, Tembilahan, INDRAGIRI HILIR, RIAU",7,30,91,121
https://kawalpemilu.org#14777,"Tembilahan Hilir, Tembilahan, INDRAGIRI HILIR, RIAU",8,29,127,156
https://kawalpemilu.org#14777,"Tembilahan Hilir, Tembilahan, INDRAGIRI HILIR, RIAU",9,79,177,256
https://kawalpemilu.org#14777,"Tembilahan Hilir, Tembilahan, INDRAGIRI HILIR, RIAU",10,65,137,202
https://kawalpemilu.org#14777,"Tembilahan Hilir, Tembilahan, INDRAGIRI HILIR, RIAU",11,44,173,217
https://kawalpemilu.org#14777,"Tembilahan Hilir, Tembilahan, INDRAGIRI HILIR, RIAU",12,75,155,230
https://kawalpemilu.org#14777,"Tembilahan Hilir, Tembilahan, INDRAGIRI HILIR, RIAU",13,64,194,258
https://kawalpemilu.org#14777,"Tembilahan Hilir, Tembilahan, INDRAGIRI HILIR, RIAU",14,41,141,182
https://kawalpemilu.org#14777,"Tembilahan Hilir, Tembilahan, INDRAGIRI HILIR, RIAU",15,37,122,159
https://kawalpemilu.org#14777,"Tembilahan Hilir, Tembilahan, INDRAGIRI HILIR, RIAU",16,23,103,126
https://kawalpemilu.org#14777,"Tembilahan Hilir, Tembilahan, INDRAGIRI HILIR, RIAU",17,25,171,196
https://kawalpemilu.org#14777,"Tembilahan Hilir, Tembilahan, INDRAGIRI HILIR, RIAU",18,50,129,179
https://kawalpemilu.org#14777,"Tembilahan Hilir, Tembilahan, INDRAGIRI HILIR, RIAU",19,39,128,167
https://kawalpemilu.org#14777,"Tembilahan Hilir, Tembilahan, INDRAGIRI HILIR, RIAU",20,75,154,229
https://kawalpemilu.org#14777,"Tembilahan Hilir, Tembilahan, INDRAGIRI HILIR, RIAU",21,64,136,200
https://kawalpemilu.org#14777,"Tembilahan Hilir, Tembilahan, INDRAGIRI HILIR, RIAU",22,42,146,188
https://kawalpemilu.org#14777,"Tembilahan Hilir, Tembilahan, INDRAGIRI HILIR, RIAU",23,51,168,219
https://kawalpemilu.org#14777,"Tembilahan Hilir, Tembilahan, INDRAGIRI HILIR, RIAU",24,64,152,216
https://kawalpemilu.org#14777,"Tembilahan Hilir, Tembilahan, INDRAGIRI HILIR, RIAU",25,53,109,162
https://kawalpemilu.org#14777,"Tembilahan Hilir, Tembilahan, INDRAGIRI HILIR, RIAU",26,56,143,199
https://kawalpemilu.org#14777,"Tembilahan Hilir, Tembilahan, INDRAGIRI HILIR, RIAU",27,48,144,192
https://kawalpemilu.org#14777,"Tembilahan Hilir, Tembilahan, INDRAGIRI HILIR, RIAU",28,49,132,181
https://kawalpemilu.org#14777,"Tembilahan Hilir, Tembilahan, INDRAGIRI HILIR, RIAU",29,31,108,139
https://kawalpemilu.org#14777,"Tembilahan Hilir, Tembilahan, INDRAGIRI HILIR, RIAU",30,45,114,159
https://kawalpemilu.org#14777,"Tembilahan Hilir, Tembilahan, INDRAGIRI HILIR, RIAU",31,44,109,153
https://kawalpemilu.org#14777,"Tembilahan Hilir, Tembilahan, INDRAGIRI HILIR, RIAU",32,62,140,202
https://kawalpemilu.org#14777,"Tembilahan Hilir, Tembilahan, INDRAGIRI HILIR, RIAU",33,74,114,188
https://kawalpemilu.org#14777,"Tembilahan Hilir, Tembilahan, INDRAGIRI HILIR, RIAU",34,55,135,190
https://kawalpemilu.org#14777,"Tembilahan Hilir, Tembilahan, INDRAGIRI HILIR, RIAU",35,45,110,155
https://kawalpemilu.org#14777,"Tembilahan Hilir, Tembilahan, INDRAGIRI HILIR, RIAU",36,79,154,233
https://kawalpemilu.org#14777,"Tembilahan Hilir, Tembilahan, INDRAGIRI HILIR, RIAU",37,73,203,276
https://kawalpemilu.org#14777,"Tembilahan Hilir, Tembilahan, INDRAGIRI HILIR, RIAU",38,50,119,169
https://kawalpemilu.org#14777,"Tembilahan Hilir, Tembilahan, INDRAGIRI HILIR, RIAU",39,28,163,191
https://kawalpemilu.org#14777,"Tembilahan Hilir, Tembilahan, INDRAGIRI HILIR, RIAU",40,31,138,169
https://kawalpemilu.org#14777,"Tembilahan Hilir, Tembilahan, INDRAGIRI HILIR, RIAU",41,67,133,200
https://kawalpemilu.org#14777,"Tembilahan Hilir, Tembilahan, INDRAGIRI HILIR, RIAU",42,84,164,248
https://kawalpemilu.org#14777,"Tembilahan Hilir, Tembilahan, INDRAGIRI HILIR, RIAU",43,53,96,149
https://kawalpemilu.org#14777,"Tembilahan Hilir, Tembilahan, INDRAGIRI HILIR, RIAU",44,70,139,209
https://kawalpemilu.org#14777,"Tembilahan Hilir, Tembilahan, INDRAGIRI HILIR, RIAU",45,63,80,143
https://kawalpemilu.org#14777,"Tembilahan Hilir, Tembilahan, INDRAGIRI HILIR, RIAU",46,29,109,138
https://kawalpemilu.org#14777,"Tembilahan Hilir, Tembilahan, INDRAGIRI HILIR, RIAU",47,31,96,127
https://kawalpemilu.org#14777,"Tembilahan Hilir, Tembilahan, INDRAGIRI HILIR, RIAU",48,37,81,118
https://kawalpemilu.org#14777,"Tembilahan Hilir, Tembilahan, INDRAGIRI HILIR, RIAU",49,22,95,117
https://kawalpemilu.org#14777,"Tembilahan Hilir, Tembilahan, INDRAGIRI HILIR, RIAU",50,42,85,127
https://kawalpemilu.org#14777,"Tembilahan Hilir, Tembilahan, INDRAGIRI HILIR, RIAU",51,35,128,163
https://kawalpemilu.org#14778,"Seberang Tembilahan, Tembilahan, INDRAGIRI HILIR, RIAU",1,24,64,88
https://kawalpemilu.org#14778,"Seberang Tembilahan, Tembilahan, INDRAGIRI HILIR, RIAU",2,54,178,232
https://kawalpemilu.org#14778,"Seberang Tembilahan, Tembilahan, INDRAGIRI HILIR, RIAU",3,43,169,212
https://kawalpemilu.org#14778,"Seberang Tembilahan, Tembilahan, INDRAGIRI HILIR, RIAU",4,45,178,223
https://kawalpemilu.org#14778,"Seberang Tembilahan, Tembilahan, INDRAGIRI HILIR, RIAU",5,63,153,216
https://kawalpemilu.org#14778,"Seberang Tembilahan, Tembilahan, INDRAGIRI HILIR, RIAU",6,50,162,212
https://kawalpemilu.org#14778,"Seberang Tembilahan, Tembilahan, INDRAGIRI HILIR, RIAU",7,78,130,208
https://kawalpemilu.org#14778,"Seberang Tembilahan, Tembilahan, INDRAGIRI HILIR, RIAU",8,102,95,197
https://kawalpemilu.org#14778,"Seberang Tembilahan, Tembilahan, INDRAGIRI HILIR, RIAU",9,85,131,216
https://kawalpemilu.org#14778,"Seberang Tembilahan, Tembilahan, INDRAGIRI HILIR, RIAU",10,37,166,203
https://kawalpemilu.org#14778,"Seberang Tembilahan, Tembilahan, INDRAGIRI HILIR, RIAU",11,42,156,198
https://kawalpemilu.org#14778,"Seberang Tembilahan, Tembilahan, INDRAGIRI HILIR, RIAU",12,85,88,173
https://kawalpemilu.org#14778,"Seberang Tembilahan, Tembilahan, INDRAGIRI HILIR, RIAU",13,29,43,72
https://kawalpemilu.org#14779,"SUNGAIPERAK, Tembilahan, INDRAGIRI HILIR, RIAU",1,19,204,223
https://kawalpemilu.org#14779,"SUNGAIPERAK, Tembilahan, INDRAGIRI HILIR, RIAU",2,23,138,161
https://kawalpemilu.org#14779,"SUNGAIPERAK, Tembilahan, INDRAGIRI HILIR, RIAU",3,31,208,239
https://kawalpemilu.org#14779,"SUNGAIPERAK, Tembilahan, INDRAGIRI HILIR, RIAU",4,7,171,178
https://kawalpemilu.org#14779,"SUNGAIPERAK, Tembilahan, INDRAGIRI HILIR, RIAU",5,15,90,105
https://kawalpemilu.org#14779,"SUNGAIPERAK, Tembilahan, INDRAGIRI HILIR, RIAU",6,57,143,200
https://kawalpemilu.org#14779,"SUNGAIPERAK, Tembilahan, INDRAGIRI HILIR, RIAU",7,11,178,189
https://kawalpemilu.org#14779,"SUNGAIPERAK, Tembilahan, INDRAGIRI HILIR, RIAU",9,47,212,259
https://kawalpemilu.org#14779,"SUNGAIPERAK, Tembilahan, INDRAGIRI HILIR, RIAU",10,10,111,121
https://kawalpemilu.org#14779,"SUNGAIPERAK, Tembilahan, INDRAGIRI HILIR, RIAU",11,20,142,162
https://kawalpemilu.org#14780,"SUNGAIBERINGIN, Tembilahan, INDRAGIRI HILIR, RIAU",1,49,95,144
https://kawalpemilu.org#14780,"SUNGAIBERINGIN, Tembilahan, INDRAGIRI HILIR, RIAU",2,61,159,220
https://kawalpemilu.org#14780,"SUNGAIBERINGIN, Tembilahan, INDRAGIRI HILIR, RIAU",3,30,130,160
https://kawalpemilu.org#14780,"SUNGAIBERINGIN, Tembilahan, INDRAGIRI HILIR, RIAU",4,37,157,194
https://kawalpemilu.org#14780,"SUNGAIBERINGIN, Tembilahan, INDRAGIRI HILIR, RIAU",5,30,191,221
https://kawalpemilu.org#14780,"SUNGAIBERINGIN, Tembilahan, INDRAGIRI HILIR, RIAU",6,48,181,229
https://kawalpemilu.org#14780,"SUNGAIBERINGIN, Tembilahan, INDRAGIRI HILIR, RIAU",7,44,152,196
https://kawalpemilu.org#14780,"SUNGAIBERINGIN, Tembilahan, INDRAGIRI HILIR, RIAU",8,47,160,207
https://kawalpemilu.org#14780,"SUNGAIBERINGIN, Tembilahan, INDRAGIRI HILIR, RIAU",9,45,81,126
https://kawalpemilu.org#14780,"SUNGAIBERINGIN, Tembilahan, INDRAGIRI HILIR, RIAU",10,32,156,188
https://kawalpemilu.org#14780,"SUNGAIBERINGIN, Tembilahan, INDRAGIRI HILIR, RIAU",11,66,122,188
https://kawalpemilu.org#14780,"SUNGAIBERINGIN, Tembilahan, INDRAGIRI HILIR, RIAU",12,58,119,177
https://kawalpemilu.org#14780,"SUNGAIBERINGIN, Tembilahan, INDRAGIRI HILIR, RIAU",13,76,110,186
https://kawalpemilu.org#14780,"SUNGAIBERINGIN, Tembilahan, INDRAGIRI HILIR, RIAU",14,31,172,203
https://kawalpemilu.org#14780,"SUNGAIBERINGIN, Tembilahan, INDRAGIRI HILIR, RIAU",15,59,152,211
https://kawalpemilu.org#14780,"SUNGAIBERINGIN, Tembilahan, INDRAGIRI HILIR, RIAU",16,39,171,210
https://kawalpemilu.org#14780,"SUNGAIBERINGIN, Tembilahan, INDRAGIRI HILIR, RIAU",17,29,170,199
https://kawalpemilu.org#14780,"SUNGAIBERINGIN, Tembilahan, INDRAGIRI HILIR, RIAU",18,56,133,189
https://kawalpemilu.org#14780,"SUNGAIBERINGIN, Tembilahan, INDRAGIRI HILIR, RIAU",19,36,166,202
https://kawalpemilu.org#14780,"SUNGAIBERINGIN, Tembilahan, INDRAGIRI HILIR, RIAU",20,18,162,180
https://kawalpemilu.org#14780,"SUNGAIBERINGIN, Tembilahan, INDRAGIRI HILIR, RIAU",21,45,118,163
https://kawalpemilu.org#14780,"SUNGAIBERINGIN, Tembilahan, INDRAGIRI HILIR, RIAU",22,33,165,198
https://kawalpemilu.org#14780,"SUNGAIBERINGIN, Tembilahan, INDRAGIRI HILIR, RIAU",23,42,135,177
https://kawalpemilu.org#14780,"SUNGAIBERINGIN, Tembilahan, INDRAGIRI HILIR, RIAU",24,56,114,170
https://kawalpemilu.org#14780,"SUNGAIBERINGIN, Tembilahan, INDRAGIRI HILIR, RIAU",25,37,118,155
https://kawalpemilu.org#14780,"SUNGAIBERINGIN, Tembilahan, INDRAGIRI HILIR, RIAU",26,48,108,156
https://kawalpemilu.org#14780,"SUNGAIBERINGIN, Tembilahan, INDRAGIRI HILIR, RIAU",27,48,163,211
https://kawalpemilu.org#14780,"SUNGAIBERINGIN, Tembilahan, INDRAGIRI HILIR, RIAU",28,58,100,158
https://kawalpemilu.org#14780,"SUNGAIBERINGIN, Tembilahan, INDRAGIRI HILIR, RIAU",29,47,185,232
https://kawalpemilu.org#14780,"SUNGAIBERINGIN, Tembilahan, INDRAGIRI HILIR, RIAU",30,36,121,157
https://kawalpemilu.org#14780,"SUNGAIBERINGIN, Tembilahan, INDRAGIRI HILIR, RIAU",31,38,120,158
https://kawalpemilu.org#14780,"SUNGAIBERINGIN, Tembilahan, INDRAGIRI HILIR, RIAU",32,70,96,166
https://kawalpemilu.org#14780,"SUNGAIBERINGIN, Tembilahan, INDRAGIRI HILIR, RIAU",33,24,98,122
https://kawalpemilu.org#14780,"SUNGAIBERINGIN, Tembilahan, INDRAGIRI HILIR, RIAU",34,46,81,127
https://kawalpemilu.org#14781,"Pekan Arba, Tembilahan, INDRAGIRI HILIR, RIAU",1,44,215,259
https://kawalpemilu.org#14781,"Pekan Arba, Tembilahan, INDRAGIRI HILIR, RIAU",2,91,166,257
https://kawalpemilu.org#14781,"Pekan Arba, Tembilahan, INDRAGIRI HILIR, RIAU",3,70,219,289
https://kawalpemilu.org#14781,"Pekan Arba, Tembilahan, INDRAGIRI HILIR, RIAU",4,52,221,273
https://kawalpemilu.org#14781,"Pekan Arba, Tembilahan, INDRAGIRI HILIR, RIAU",5,61,146,207
https://kawalpemilu.org#14781,"Pekan Arba, Tembilahan, INDRAGIRI HILIR, RIAU",6,77,178,255
https://kawalpemilu.org#14781,"Pekan Arba, Tembilahan, INDRAGIRI HILIR, RIAU",7,102,146,248
https://kawalpemilu.org#14781,"Pekan Arba, Tembilahan, INDRAGIRI HILIR, RIAU",8,57,176,233
https://kawalpemilu.org#14781,"Pekan Arba, Tembilahan, INDRAGIRI HILIR, RIAU",9,56,165,221
https://kawalpemilu.org#14781,"Pekan Arba, Tembilahan, INDRAGIRI HILIR, RIAU",10,42,127,169
https://kawalpemilu.org#14781,"Pekan Arba, Tembilahan, INDRAGIRI HILIR, RIAU",11,59,176,235
https://kawalpemilu.org#14781,"Pekan Arba, Tembilahan, INDRAGIRI HILIR, RIAU",12,89,148,237
https://kawalpemilu.org#14781,"Pekan Arba, Tembilahan, INDRAGIRI HILIR, RIAU",13,49,68,117
https://kawalpemilu.org#14781,"Pekan Arba, Tembilahan, INDRAGIRI HILIR, RIAU",14,63,92,155
https://kawalpemilu.org#14781,"Pekan Arba, Tembilahan, INDRAGIRI HILIR, RIAU",15,40,157,197
https://kawalpemilu.org#14781,"Pekan Arba, Tembilahan, INDRAGIRI HILIR, RIAU",16,60,167,227
https://kawalpemilu.org#14781,"Pekan Arba, Tembilahan, INDRAGIRI HILIR, RIAU",17,45,139,184
https://kawalpemilu.org#14781,"Pekan Arba, Tembilahan, INDRAGIRI HILIR, RIAU",18,49,180,229
https://kawalpemilu.org#14781,"Pekan Arba, Tembilahan, INDRAGIRI HILIR, RIAU",19,34,119,153
https://kawalpemilu.org#14781,"Pekan Arba, Tembilahan, INDRAGIRI HILIR, RIAU",20,69,141,210
https://kawalpemilu.org#14781,"Pekan Arba, Tembilahan, INDRAGIRI HILIR, RIAU",21,29,142,171
https://kawalpemilu.org#14781,"Pekan Arba, Tembilahan, INDRAGIRI HILIR, RIAU",22,60,136,196
https://kawalpemilu.org#14781,"Pekan Arba, Tembilahan, INDRAGIRI HILIR, RIAU",23,54,104,158
https://kawalpemilu.org#14781,"Pekan Arba, Tembilahan, INDRAGIRI HILIR, RIAU",24,70,119,189
https://kawalpemilu.org#14781,"Pekan Arba, Tembilahan, INDRAGIRI HILIR, RIAU",25,48,78,126
https://kawalpemilu.org#14781,"Pekan Arba, Tembilahan, INDRAGIRI HILIR, RIAU",26,52,90,142
https://kawalpemilu.org#14781,"Pekan Arba, Tembilahan, INDRAGIRI HILIR, RIAU",27,23,81,104
https://kawalpemilu.org#14781,"Pekan Arba, Tembilahan, INDRAGIRI HILIR, RIAU",28,17,58,75
https://kawalpemilu.org#84490,"SEBERANG TEMBILAHAN BARAT, Tembilahan, INDRAGIRI HILIR, RIAU",1,89,142,231
https://kawalpemilu.org#84490,"SEBERANG TEMBILAHAN BARAT, Tembilahan, INDRAGIRI HILIR, RIAU",2,36,92,128
https://kawalpemilu.org#84490,"SEBERANG TEMBILAHAN BARAT, Tembilahan, INDRAGIRI HILIR, RIAU",3,67,90,157
https://kawalpemilu.org#84490,"SEBERANG TEMBILAHAN BARAT, Tembilahan, INDRAGIRI HILIR, RIAU",4,27,144,171
https://kawalpemilu.org#84490,"SEBERANG TEMBILAHAN BARAT, Tembilahan, INDRAGIRI HILIR, RIAU",5,45,153,198
https://kawalpemilu.org#84490,"SEBERANG TEMBILAHAN BARAT, Tembilahan, INDRAGIRI HILIR, RIAU",6,64,23,87
https://kawalpemilu.org#84491,"SEBERANG TEMBILAHAN SELATAN, Tembilahan, INDRAGIRI HILIR, RIAU",1,89,66,155
https://kawalpemilu.org#84491,"SEBERANG TEMBILAHAN SELATAN, Tembilahan, INDRAGIRI HILIR, RIAU",2,148,27,175
https://kawalpemilu.org#84491,"SEBERANG TEMBILAHAN SELATAN, Tembilahan, INDRAGIRI HILIR, RIAU",3,78,99,177
https://kawalpemilu.org#84491,"SEBERANG TEMBILAHAN SELATAN, Tembilahan, INDRAGIRI HILIR, RIAU",4,93,99,192
https://kawalpemilu.org#14783,"SUNGAISALAK, Tempuling, INDRAGIRI HILIR, RIAU",1,83,127,210
https://kawalpemilu.org#14783,"SUNGAISALAK, Tempuling, INDRAGIRI HILIR, RIAU",2,56,149,205
https://kawalpemilu.org#14783,"SUNGAISALAK, Tempuling, INDRAGIRI HILIR, RIAU",3,36,127,163
https://kawalpemilu.org#14783,"SUNGAISALAK, Tempuling, INDRAGIRI HILIR, RIAU",4,35,102,137
https://kawalpemilu.org#14783,"SUNGAISALAK, Tempuling, INDRAGIRI HILIR, RIAU",5,31,143,174
https://kawalpemilu.org#14783,"SUNGAISALAK, Tempuling, INDRAGIRI HILIR, RIAU",6,43,111,154
https://kawalpemilu.org#14783,"SUNGAISALAK, Tempuling, INDRAGIRI HILIR, RIAU",7,55,173,231
https://kawalpemilu.org#14783,"SUNGAISALAK, Tempuling, INDRAGIRI HILIR, RIAU",8,61,178,239
https://kawalpemilu.org#14783,"SUNGAISALAK, Tempuling, INDRAGIRI HILIR, RIAU",9,55,180,235
https://kawalpemilu.org#14783,"SUNGAISALAK, Tempuling, INDRAGIRI HILIR, RIAU",10,38,151,189
https://kawalpemilu.org#14783,"SUNGAISALAK, Tempuling, INDRAGIRI HILIR, RIAU",11,37,111,148
https://kawalpemilu.org#14783,"SUNGAISALAK, Tempuling, INDRAGIRI HILIR, RIAU",12,50,152,202
https://kawalpemilu.org#14783,"SUNGAISALAK, Tempuling, INDRAGIRI HILIR, RIAU",13,47,152,199
https://kawalpemilu.org#14783,"SUNGAISALAK, Tempuling, INDRAGIRI HILIR, RIAU",14,43,129,172
https://kawalpemilu.org#14783,"SUNGAISALAK, Tempuling, INDRAGIRI HILIR, RIAU",15,53,124,177
https://kawalpemilu.org#14783,"SUNGAISALAK, Tempuling, INDRAGIRI HILIR, RIAU",16,53,163,216
https://kawalpemilu.org#14783,"SUNGAISALAK, Tempuling, INDRAGIRI HILIR, RIAU",17,39,113,152
https://kawalpemilu.org#14783,"SUNGAISALAK, Tempuling, INDRAGIRI HILIR, RIAU",18,31,113,149
https://kawalpemilu.org#14783,"SUNGAISALAK, Tempuling, INDRAGIRI HILIR, RIAU",19,55,166,221
https://kawalpemilu.org#14783,"SUNGAISALAK, Tempuling, INDRAGIRI HILIR, RIAU",20,43,195,238
https://kawalpemilu.org#14783,"SUNGAISALAK, Tempuling, INDRAGIRI HILIR, RIAU",21,29,136,165
https://kawalpemilu.org#14783,"SUNGAISALAK, Tempuling, INDRAGIRI HILIR, RIAU",22,29,137,166
https://kawalpemilu.org#14783,"SUNGAISALAK, Tempuling, INDRAGIRI HILIR, RIAU",23,33,117,150
https://kawalpemilu.org#14783,"SUNGAISALAK, Tempuling, INDRAGIRI HILIR, RIAU",24,28,111,139
https://kawalpemilu.org#14783,"SUNGAISALAK, Tempuling, INDRAGIRI HILIR, RIAU",25,43,143,186
https://kawalpemilu.org#14783,"SUNGAISALAK, Tempuling, INDRAGIRI HILIR, RIAU",26,56,125,181
https://kawalpemilu.org#14783,"SUNGAISALAK, Tempuling, INDRAGIRI HILIR, RIAU",27,25,53,78
https://kawalpemilu.org#14784,"Tempuling, Tempuling, INDRAGIRI HILIR, RIAU",1,26,178,204
https://kawalpemilu.org#14784,"Tempuling, Tempuling, INDRAGIRI HILIR, RIAU",2,45,165,210
https://kawalpemilu.org#14784,"Tempuling, Tempuling, INDRAGIRI HILIR, RIAU",3,54,168,222
https://kawalpemilu.org#14784,"Tempuling, Tempuling, INDRAGIRI HILIR, RIAU",4,36,134,170
https://kawalpemilu.org#14784,"Tempuling, Tempuling, INDRAGIRI HILIR, RIAU",5,57,126,183
https://kawalpemilu.org#14784,"Tempuling, Tempuling, INDRAGIRI HILIR, RIAU",6,70,70,140
https://kawalpemilu.org#14784,"Tempuling, Tempuling, INDRAGIRI HILIR, RIAU",7,51,73,124
https://kawalpemilu.org#14784,"Tempuling, Tempuling, INDRAGIRI HILIR, RIAU",8,55,164,219
https://kawalpemilu.org#14784,"Tempuling, Tempuling, INDRAGIRI HILIR, RIAU",9,41,142,183
https://kawalpemilu.org#14784,"Tempuling, Tempuling, INDRAGIRI HILIR, RIAU",10,30,106,136
https://kawalpemilu.org#14785,"TELUKKIAMBANG, Tempuling, INDRAGIRI HILIR, RIAU",1,48,149,197
https://kawalpemilu.org#14785,"TELUKKIAMBANG, Tempuling, INDRAGIRI HILIR, RIAU",2,41,137,178
https://kawalpemilu.org#14785,"TELUKKIAMBANG, Tempuling, INDRAGIRI HILIR, RIAU",3,69,117,186
https://kawalpemilu.org#14785,"TELUKKIAMBANG, Tempuling, INDRAGIRI HILIR, RIAU",4,32,181,213
https://kawalpemilu.org#14785,"TELUKKIAMBANG, Tempuling, INDRAGIRI HILIR, RIAU",5,106,83,189
https://kawalpemilu.org#14785,"TELUKKIAMBANG, Tempuling, INDRAGIRI HILIR, RIAU",6,75,110,185
https://kawalpemilu.org#14785,"TELUKKIAMBANG, Tempuling, INDRAGIRI HILIR, RIAU",7,23,80,103
https://kawalpemilu.org#14785,"TELUKKIAMBANG, Tempuling, INDRAGIRI HILIR, RIAU",8,53,127,180
https://kawalpemilu.org#14785,"TELUKKIAMBANG, Tempuling, INDRAGIRI HILIR, RIAU",9,33,146,179
https://kawalpemilu.org#14785,"TELUKKIAMBANG, Tempuling, INDRAGIRI HILIR, RIAU",10,45,131,176
https://kawalpemilu.org#14786,"Mumpa, Tempuling, INDRAGIRI HILIR, RIAU",1,59,135,194
https://kawalpemilu.org#14786,"Mumpa, Tempuling, INDRAGIRI HILIR, RIAU",2,76,123,199
https://kawalpemilu.org#14786,"Mumpa, Tempuling, INDRAGIRI HILIR, RIAU",3,62,176,238
https://kawalpemilu.org#14786,"Mumpa, Tempuling, INDRAGIRI HILIR, RIAU",4,89,100,189
https://kawalpemilu.org#14786,"Mumpa, Tempuling, INDRAGIRI HILIR, RIAU",5,15,122,137
https://kawalpemilu.org#14786,"Mumpa, Tempuling, INDRAGIRI HILIR, RIAU",6,27,180,207
https://kawalpemilu.org#14786,"Mumpa, Tempuling, INDRAGIRI HILIR, RIAU",7,39,63,102
https://kawalpemilu.org#14786,"Mumpa, Tempuling, INDRAGIRI HILIR, RIAU",8,105,54,159
https://kawalpemilu.org#14786,"Mumpa, Tempuling, INDRAGIRI HILIR, RIAU",9,81,123,204
https://kawalpemilu.org#14786,"Mumpa, Tempuling, INDRAGIRI HILIR, RIAU",10,75,113,188
https://kawalpemilu.org#14787,"TELUKJIRA, Tempuling, INDRAGIRI HILIR, RIAU",1,63,158,221
https://kawalpemilu.org#14787,"TELUKJIRA, Tempuling, INDRAGIRI HILIR, RIAU",2,96,143,239
https://kawalpemilu.org#14787,"TELUKJIRA, Tempuling, INDRAGIRI HILIR, RIAU",3,37,183,220
https://kawalpemilu.org#14787,"TELUKJIRA, Tempuling, INDRAGIRI HILIR, RIAU",4,46,156,202
https://kawalpemilu.org#14787,"TELUKJIRA, Tempuling, INDRAGIRI HILIR, RIAU",5,25,163,188
https://kawalpemilu.org#14787,"TELUKJIRA, Tempuling, INDRAGIRI HILIR, RIAU",6,94,131,225
https://kawalpemilu.org#14787,"TELUKJIRA, Tempuling, INDRAGIRI HILIR, RIAU",7,51,35,86
https://kawalpemilu.org#14787,"TELUKJIRA, Tempuling, INDRAGIRI HILIR, RIAU",8,10,143,153
https://kawalpemilu.org#14787,"TELUKJIRA, Tempuling, INDRAGIRI HILIR, RIAU",9,36,64,100
https://kawalpemilu.org#14788,"Karya Tunas Jaya, Tempuling, INDRAGIRI HILIR, RIAU",1,84,93,177
https://kawalpemilu.org#14788,"Karya Tunas Jaya, Tempuling, INDRAGIRI HILIR, RIAU",2,87,79,166
https://kawalpemilu.org#14788,"Karya Tunas Jaya, Tempuling, INDRAGIRI HILIR, RIAU",3,61,162,223
https://kawalpemilu.org#14788,"Karya Tunas Jaya, Tempuling, INDRAGIRI HILIR, RIAU",4,105,104,209
https://kawalpemilu.org#14788,"Karya Tunas Jaya, Tempuling, INDRAGIRI HILIR, RIAU",5,106,97,203
https://kawalpemilu.org#14788,"Karya Tunas Jaya, Tempuling, INDRAGIRI HILIR, RIAU",6,143,65,208
https://kawalpemilu.org#14788,"Karya Tunas Jaya, Tempuling, INDRAGIRI HILIR, RIAU",7,89,107,196
https://kawalpemilu.org#14788,"Karya Tunas Jaya, Tempuling, INDRAGIRI HILIR, RIAU",8,96,35,131
https://kawalpemilu.org#14788,"Karya Tunas Jaya, Tempuling, INDRAGIRI HILIR, RIAU",9,100,61,161
https://kawalpemilu.org#14788,"Karya Tunas Jaya, Tempuling, INDRAGIRI HILIR, RIAU",10,141,93,234
https://kawalpemilu.org#14789,"Harapan Jaya, Tempuling, INDRAGIRI HILIR, RIAU",1,152,80,232
https://kawalpemilu.org#14789,"Harapan Jaya, Tempuling, INDRAGIRI HILIR, RIAU",2,128,79,207
https://kawalpemilu.org#14789,"Harapan Jaya, Tempuling, INDRAGIRI HILIR, RIAU",3,164,48,212
https://kawalpemilu.org#14789,"Harapan Jaya, Tempuling, INDRAGIRI HILIR, RIAU",4,102,99,201
https://kawalpemilu.org#14789,"Harapan Jaya, Tempuling, INDRAGIRI HILIR, RIAU",5,202,35,237
https://kawalpemilu.org#14789,"Harapan Jaya, Tempuling, INDRAGIRI HILIR, RIAU",6,108,80,188
https://kawalpemilu.org#84492,"TANJUNGPIDADA, Tempuling, INDRAGIRI HILIR, RIAU",1,16,125,141
https://kawalpemilu.org#84492,"TANJUNGPIDADA, Tempuling, INDRAGIRI HILIR, RIAU",2,14,117,131
https://kawalpemilu.org#84492,"TANJUNGPIDADA, Tempuling, INDRAGIRI HILIR, RIAU",3,38,118,156
https://kawalpemilu.org#84492,"TANJUNGPIDADA, Tempuling, INDRAGIRI HILIR, RIAU",4,27,93,120
https://kawalpemilu.org#84492,"TANJUNGPIDADA, Tempuling, INDRAGIRI HILIR, RIAU",5,10,149,159
https://kawalpemilu.org#84493,"PANGKALAN TUJUH, Tempuling, INDRAGIRI HILIR, RIAU",1,46,152,198
https://kawalpemilu.org#84493,"PANGKALAN TUJUH, Tempuling, INDRAGIRI HILIR, RIAU",2,35,110,145
https://kawalpemilu.org#84493,"PANGKALAN TUJUH, Tempuling, INDRAGIRI HILIR, RIAU",3,43,111,154
https://kawalpemilu.org#84493,"PANGKALAN TUJUH, Tempuling, INDRAGIRI HILIR, RIAU",4,45,108,153
https://kawalpemilu.org#84493,"PANGKALAN TUJUH, Tempuling, INDRAGIRI HILIR, RIAU",5,48,121,169
https://kawalpemilu.org#84493,"PANGKALAN TUJUH, Tempuling, INDRAGIRI HILIR, RIAU",6,55,145,200
https://kawalpemilu.org#84493,"PANGKALAN TUJUH, Tempuling, INDRAGIRI HILIR, RIAU",7,51,124,175
https://kawalpemilu.org#14791,"TELUKPINANG, Gaung Anak Serka, INDRAGIRI HILIR, RIAU",1,42,119,161
https://kawalpemilu.org#14791,"TELUKPINANG, Gaung Anak Serka, INDRAGIRI HILIR, RIAU",2,100,104,204
https://kawalpemilu.org#14791,"TELUKPINANG, Gaung Anak Serka, INDRAGIRI HILIR, RIAU",3,59,117,176
https://kawalpemilu.org#14791,"TELUKPINANG, Gaung Anak Serka, INDRAGIRI HILIR, RIAU",4,66,81,147
https://kawalpemilu.org#14791,"TELUKPINANG, Gaung Anak Serka, INDRAGIRI HILIR, RIAU",5,63,86,149
https://kawalpemilu.org#14791,"TELUKPINANG, Gaung Anak Serka, INDRAGIRI HILIR, RIAU",6,50,96,146
https://kawalpemilu.org#14791,"TELUKPINANG, Gaung Anak Serka, INDRAGIRI HILIR, RIAU",7,46,129,175
https://kawalpemilu.org#14791,"TELUKPINANG, Gaung Anak Serka, INDRAGIRI HILIR, RIAU",8,58,106,164
https://kawalpemilu.org#14791,"TELUKPINANG, Gaung Anak Serka, INDRAGIRI HILIR, RIAU",9,106,87,193
https://kawalpemilu.org#14791,"TELUKPINANG, Gaung Anak Serka, INDRAGIRI HILIR, RIAU",10,71,158,229
https://kawalpemilu.org#14791,"TELUKPINANG, Gaung Anak Serka, INDRAGIRI HILIR, RIAU",11,73,103,176
https://kawalpemilu.org#14791,"TELUKPINANG, Gaung Anak Serka, INDRAGIRI HILIR, RIAU",12,58,115,173
https://kawalpemilu.org#14791,"TELUKPINANG, Gaung Anak Serka, INDRAGIRI HILIR, RIAU",13,56,116,172
https://kawalpemilu.org#14791,"TELUKPINANG, Gaung Anak Serka, INDRAGIRI HILIR, RIAU",14,53,130,183
https://kawalpemilu.org#14791,"TELUKPINANG, Gaung Anak Serka, INDRAGIRI HILIR, RIAU",15,58,109,167
https://kawalpemilu.org#14791,"TELUKPINANG, Gaung Anak Serka, INDRAGIRI HILIR, RIAU",16,36,116,152
https://kawalpemilu.org#14791,"TELUKPINANG, Gaung Anak Serka, INDRAGIRI HILIR, RIAU",17,66,74,140
https://kawalpemilu.org#14791,"TELUKPINANG, Gaung Anak Serka, INDRAGIRI HILIR, RIAU",18,42,73,115
https://kawalpemilu.org#14791,"TELUKPINANG, Gaung Anak Serka, INDRAGIRI HILIR, RIAU",19,55,130,185
https://kawalpemilu.org#14791,"TELUKPINANG, Gaung Anak Serka, INDRAGIRI HILIR, RIAU",20,43,122,165
https://kawalpemilu.org#14791,"TELUKPINANG, Gaung Anak Serka, INDRAGIRI HILIR, RIAU",21,39,123,162
https://kawalpemilu.org#14791,"TELUKPINANG, Gaung Anak Serka, INDRAGIRI HILIR, RIAU",22,22,193,215
https://kawalpemilu.org#14792,"Kuala Gaung, Gaung Anak Serka, INDRAGIRI HILIR, RIAU",1,29,66,95
https://kawalpemilu.org#14792,"Kuala Gaung, Gaung Anak Serka, INDRAGIRI HILIR, RIAU",2,84,75,159
https://kawalpemilu.org#14792,"Kuala Gaung, Gaung Anak Serka, INDRAGIRI HILIR, RIAU",3,40,117,157
https://kawalpemilu.org#14792,"Kuala Gaung, Gaung Anak Serka, INDRAGIRI HILIR, RIAU",4,48,79,127
https://kawalpemilu.org#14792,"Kuala Gaung, Gaung Anak Serka, INDRAGIRI HILIR, RIAU",5,18,17,35
https://kawalpemilu.org#14793,"TELUKPANTAIAN, Gaung Anak Serka, INDRAGIRI HILIR, RIAU",1,38,160,198
https://kawalpemilu.org#14793,"TELUKPANTAIAN, Gaung Anak Serka, INDRAGIRI HILIR, RIAU",2,39,165,204
https://kawalpemilu.org#14793,"TELUKPANTAIAN, Gaung Anak Serka, INDRAGIRI HILIR, RIAU",3,43,161,204
https://kawalpemilu.org#14793,"TELUKPANTAIAN, Gaung Anak Serka, INDRAGIRI HILIR, RIAU",4,35,170,205
https://kawalpemilu.org#14793,"TELUKPANTAIAN, Gaung Anak Serka, INDRAGIRI HILIR, RIAU",5,28,75,103
https://kawalpemilu.org#14793,"TELUKPANTAIAN, Gaung Anak Serka, INDRAGIRI HILIR, RIAU",6,80,64,144
https://kawalpemilu.org#14794,"TELUKSUNGKA, Gaung Anak Serka, INDRAGIRI HILIR, RIAU",1,103,69,172
https://kawalpemilu.org#14794,"TELUKSUNGKA, Gaung Anak Serka, INDRAGIRI HILIR, RIAU",2,58,98,156
https://kawalpemilu.org#14794,"TELUKSUNGKA, Gaung Anak Serka, INDRAGIRI HILIR, RIAU",3,67,96,163
https://kawalpemilu.org#14794,"TELUKSUNGKA, Gaung Anak Serka, INDRAGIRI HILIR, RIAU",4,114,64,178
https://kawalpemilu.org#14794,"TELUKSUNGKA, Gaung Anak Serka, INDRAGIRI HILIR, RIAU",5,33,63,96
https://kawalpemilu.org#14795,"SUNGAIEMPAT, Gaung Anak Serka, INDRAGIRI HILIR, RIAU",1,41,78,119
https://kawalpemilu.org#14795,"SUNGAIEMPAT, Gaung Anak Serka, INDRAGIRI HILIR, RIAU",2,63,92,155
https://kawalpemilu.org#14795,"SUNGAIEMPAT, Gaung Anak Serka, INDRAGIRI HILIR, RIAU",3,43,170,213
https://kawalpemilu.org#14795,"SUNGAIEMPAT, Gaung Anak Serka, INDRAGIRI HILIR, RIAU",4,41,162,203
https://kawalpemilu.org#14795,"SUNGAIEMPAT, Gaung Anak Serka, INDRAGIRI HILIR, RIAU",5,40,129,169
https://kawalpemilu.org#14795,"SUNGAIEMPAT, Gaung Anak Serka, INDRAGIRI HILIR, RIAU",6,62,130,192
https://kawalpemilu.org#14795,"SUNGAIEMPAT, Gaung Anak Serka, INDRAGIRI HILIR, RIAU",7,54,57,111
https://kawalpemilu.org#14796,"SUNGAIILIRAN, Gaung Anak Serka, INDRAGIRI HILIR, RIAU",1,57,125,182
https://kawalpemilu.org#14796,"SUNGAIILIRAN, Gaung Anak Serka, INDRAGIRI HILIR, RIAU",2,49,88,137
https://kawalpemilu.org#14796,"SUNGAIILIRAN, Gaung Anak Serka, INDRAGIRI HILIR, RIAU",3,27,180,207
https://kawalpemilu.org#14796,"SUNGAIILIRAN, Gaung Anak Serka, INDRAGIRI HILIR, RIAU",4,26,206,232
https://kawalpemilu.org#14797,"TELUKTUASAN, Gaung Anak Serka, INDRAGIRI HILIR, RIAU",1,28,154,182
https://kawalpemilu.org#14797,"TELUKTUASAN, Gaung Anak Serka, INDRAGIRI HILIR, RIAU",2,24,134,158
https://kawalpemilu.org#14797,"TELUKTUASAN, Gaung Anak Serka, INDRAGIRI HILIR, RIAU",3,15,157,172
https://kawalpemilu.org#14798,"Rambaian, Gaung Anak Serka, INDRAGIRI HILIR, RIAU",1,75,89,164
https://kawalpemilu.org#14798,"Rambaian, Gaung Anak Serka, INDRAGIRI HILIR, RIAU",2,138,62,200
https://kawalpemilu.org#14798,"Rambaian, Gaung Anak Serka, INDRAGIRI HILIR, RIAU",3,52,117,169
https://kawalpemilu.org#14798,"Rambaian, Gaung Anak Serka, INDRAGIRI HILIR, RIAU",4,83,79,162
https://kawalpemilu.org#84494,"TANJUNGHARAPAN, Gaung Anak Serka, INDRAGIRI HILIR, RIAU",1,36,99,135
https://kawalpemilu.org#84494,"TANJUNGHARAPAN, Gaung Anak Serka, INDRAGIRI HILIR, RIAU",2,30,96,126
https://kawalpemilu.org#84494,"TANJUNGHARAPAN, Gaung Anak Serka, INDRAGIRI HILIR, RIAU",3,50,72,122
https://kawalpemilu.org#84494,"TANJUNGHARAPAN, Gaung Anak Serka, INDRAGIRI HILIR, RIAU",4,28,113,141
https://kawalpemilu.org#88408,"HARAPAN MAKMUR, Gaung Anak Serka, INDRAGIRI HILIR, RIAU",1,46,47,93
https://kawalpemilu.org#88408,"HARAPAN MAKMUR, Gaung Anak Serka, INDRAGIRI HILIR, RIAU",2,62,133,195
https://kawalpemilu.org#88409,"KELUMPANG, Gaung Anak Serka, INDRAGIRI HILIR, RIAU",1,44,173,217
https://kawalpemilu.org#88409,"KELUMPANG, Gaung Anak Serka, INDRAGIRI HILIR, RIAU",2,38,202,240
https://kawalpemilu.org#88409,"KELUMPANG, Gaung Anak Serka, INDRAGIRI HILIR, RIAU",3,81,115,196
https://kawalpemilu.org#88409,"KELUMPANG, Gaung Anak Serka, INDRAGIRI HILIR, RIAU",4,45,51,96
https://kawalpemilu.org#89378,"IDAMAN, Gaung Anak Serka, INDRAGIRI HILIR, RIAU",1,57,127,184
https://kawalpemilu.org#89378,"IDAMAN, Gaung Anak Serka, INDRAGIRI HILIR, RIAU",2,54,140,194
https://kawalpemilu.org#89378,"IDAMAN, Gaung Anak Serka, INDRAGIRI HILIR, RIAU",3,66,100,166
https://kawalpemilu.org#14800,"Khairiah Mandah, Mandah, INDRAGIRI HILIR, RIAU",1,47,138,185
https://kawalpemilu.org#14800,"Khairiah Mandah, Mandah, INDRAGIRI HILIR, RIAU",2,30,132,162
https://kawalpemilu.org#14800,"Khairiah Mandah, Mandah, INDRAGIRI HILIR, RIAU",3,26,113,139
https://kawalpemilu.org#14800,"Khairiah Mandah, Mandah, INDRAGIRI HILIR, RIAU",4,38,105,143
https://kawalpemilu.org#14800,"Khairiah Mandah, Mandah, INDRAGIRI HILIR, RIAU",5,9,108,117
https://kawalpemilu.org#14800,"Khairiah Mandah, Mandah, INDRAGIRI HILIR, RIAU",6,65,86,151
https://kawalpemilu.org#14800,"Khairiah Mandah, Mandah, INDRAGIRI HILIR, RIAU",7,7,81,88
https://kawalpemilu.org#14800,"Khairiah Mandah, Mandah, INDRAGIRI HILIR, RIAU",8,36,130,166
https://kawalpemilu.org#14800,"Khairiah Mandah, Mandah, INDRAGIRI HILIR, RIAU",9,45,155,200
https://kawalpemilu.org#14800,"Khairiah Mandah, Mandah, INDRAGIRI HILIR, RIAU",10,59,139,198
https://kawalpemilu.org#14800,"Khairiah Mandah, Mandah, INDRAGIRI HILIR, RIAU",11,42,140,182
https://kawalpemilu.org#14801,"PULAUCAWAN, Mandah, INDRAGIRI HILIR, RIAU",1,80,66,146
https://kawalpemilu.org#14801,"PULAUCAWAN, Mandah, INDRAGIRI HILIR, RIAU",2,43,24,67
https://kawalpemilu.org#14802,"Belaras, Mandah, INDRAGIRI HILIR, RIAU",1,50,104,154
https://kawalpemilu.org#14802,"Belaras, Mandah, INDRAGIRI HILIR, RIAU",2,40,63,103
https://kawalpemilu.org#14802,"Belaras, Mandah, INDRAGIRI HILIR, RIAU",3,65,61,126
https://kawalpemilu.org#14802,"Belaras, Mandah, INDRAGIRI HILIR, RIAU",4,91,73,164
https://kawalpemilu.org#14802,"Belaras, Mandah, INDRAGIRI HILIR, RIAU",5,96,82,178
https://kawalpemilu.org#14802,"Belaras, Mandah, INDRAGIRI HILIR, RIAU",6,38,173,211
https://kawalpemilu.org#14802,"Belaras, Mandah, INDRAGIRI HILIR, RIAU",7,52,173,225
https://kawalpemilu.org#14803,"Bente, Mandah, INDRAGIRI HILIR, RIAU",1,59,128,187
https://kawalpemilu.org#14803,"Bente, Mandah, INDRAGIRI HILIR, RIAU",2,48,144,192
https://kawalpemilu.org#14803,"Bente, Mandah, INDRAGIRI HILIR, RIAU",3,35,91,126
https://kawalpemilu.org#14803,"Bente, Mandah, INDRAGIRI HILIR, RIAU",4,40,136,176
https://kawalpemilu.org#14803,"Bente, Mandah, INDRAGIRI HILIR, RIAU",5,22,167,189
https://kawalpemilu.org#14803,"Bente, Mandah, INDRAGIRI HILIR, RIAU",6,28,149,177
https://kawalpemilu.org#14803,"Bente, Mandah, INDRAGIRI HILIR, RIAU",7,6,179,185
https://kawalpemilu.org#14803,"Bente, Mandah, INDRAGIRI HILIR, RIAU",8,111,36,147
https://kawalpemilu.org#14803,"Bente, Mandah, INDRAGIRI HILIR, RIAU",9,111,27,138
https://kawalpemilu.org#14803,"Bente, Mandah, INDRAGIRI HILIR, RIAU",10,30,57,87
https://kawalpemilu.org#14803,"Bente, Mandah, INDRAGIRI HILIR, RIAU",11,30,188,218
https://kawalpemilu.org#14803,"Bente, Mandah, INDRAGIRI HILIR, RIAU",12,35,118,153
https://kawalpemilu.org#14803,"Bente, Mandah, INDRAGIRI HILIR, RIAU",13,41,104,145
https://kawalpemilu.org#14803,"Bente, Mandah, INDRAGIRI HILIR, RIAU",14,20,85,105
https://kawalpemilu.org#14803,"Bente, Mandah, INDRAGIRI HILIR, RIAU",15,15,104,119
https://kawalpemilu.org#14804,"Igal, Mandah, INDRAGIRI HILIR, RIAU",1,38,139,177
https://kawalpemilu.org#14804,"Igal, Mandah, INDRAGIRI HILIR, RIAU",2,24,143,167
https://kawalpemilu.org#14804,"Igal, Mandah, INDRAGIRI HILIR, RIAU",3,25,74,99
https://kawalpemilu.org#14804,"Igal, Mandah, INDRAGIRI HILIR, RIAU",4,25,171,196
https://kawalpemilu.org#14804,"Igal, Mandah, INDRAGIRI HILIR, RIAU",5,13,191,204
https://kawalpemilu.org#14804,"Igal, Mandah, INDRAGIRI HILIR, RIAU",6,21,171,192
https://kawalpemilu.org#14804,"Igal, Mandah, INDRAGIRI HILIR, RIAU",7,12,111,123
https://kawalpemilu.org#14804,"Igal, Mandah, INDRAGIRI HILIR, RIAU",8,73,79,152
https://kawalpemilu.org#14804,"Igal, Mandah, INDRAGIRI HILIR, RIAU",9,34,91,125
https://kawalpemilu.org#14804,"Igal, Mandah, INDRAGIRI HILIR, RIAU",10,26,141,167
https://kawalpemilu.org#14804,"Igal, Mandah, INDRAGIRI HILIR, RIAU",11,5,115,120
https://kawalpemilu.org#14804,"Igal, Mandah, INDRAGIRI HILIR, RIAU",12,27,151,178
https://kawalpemilu.org#14804,"Igal, Mandah, INDRAGIRI HILIR, RIAU",13,62,48,110
https://kawalpemilu.org#14804,"Igal, Mandah, INDRAGIRI HILIR, RIAU",14,14,38,52
https://kawalpemilu.org#14804,"Igal, Mandah, INDRAGIRI HILIR, RIAU",15,23,61,84
https://kawalpemilu.org#14805,"Pelanduk, Mandah, INDRAGIRI HILIR, RIAU",1,22,111,133
https://kawalpemilu.org#14805,"Pelanduk, Mandah, INDRAGIRI HILIR, RIAU",2,10,79,89
https://kawalpemilu.org#14805,"Pelanduk, Mandah, INDRAGIRI HILIR, RIAU",3,25,59,84
https://kawalpemilu.org#14805,"Pelanduk, Mandah, INDRAGIRI HILIR, RIAU",4,21,124,145
https://kawalpemilu.org#14805,"Pelanduk, Mandah, INDRAGIRI HILIR, RIAU",5,45,179,224
https://kawalpemilu.org#14805,"Pelanduk, Mandah, INDRAGIRI HILIR, RIAU",6,13,175,188
https://kawalpemilu.org#14805,"Pelanduk, Mandah, INDRAGIRI HILIR, RIAU",7,27,125,152
https://kawalpemilu.org#14805,"Pelanduk, Mandah, INDRAGIRI HILIR, RIAU",8,7,80,87
https://kawalpemilu.org#14805,"Pelanduk, Mandah, INDRAGIRI HILIR, RIAU",9,20,96,116
https://kawalpemilu.org#14805,"Pelanduk, Mandah, INDRAGIRI HILIR, RIAU",10,13,105,118
https://kawalpemilu.org#14806,"Bakau Aceh, Mandah, INDRAGIRI HILIR, RIAU",1,35,115,150
https://kawalpemilu.org#14806,"Bakau Aceh, Mandah, INDRAGIRI HILIR, RIAU",2,37,94,131
https://kawalpemilu.org#14806,"Bakau Aceh, Mandah, INDRAGIRI HILIR, RIAU",3,39,109,148
https://kawalpemilu.org#14806,"Bakau Aceh, Mandah, INDRAGIRI HILIR, RIAU",4,10,72,82
https://kawalpemilu.org#14806,"Bakau Aceh, Mandah, INDRAGIRI HILIR, RIAU",5,11,54,65
https://kawalpemilu.org#14806,"Bakau Aceh, Mandah, INDRAGIRI HILIR, RIAU",6,39,48,87
https://kawalpemilu.org#14806,"Bakau Aceh, Mandah, INDRAGIRI HILIR, RIAU",7,6,72,78
https://kawalpemilu.org#14806,"Bakau Aceh, Mandah, INDRAGIRI HILIR, RIAU",8,21,54,75
https://kawalpemilu.org#14807,"Batang Tumu, Mandah, INDRAGIRI HILIR, RIAU",1,23,83,106
https://kawalpemilu.org#14807,"Batang Tumu, Mandah, INDRAGIRI HILIR, RIAU",2,18,93,111
https://kawalpemilu.org#14807,"Batang Tumu, Mandah, INDRAGIRI HILIR, RIAU",3,54,120,174
https://kawalpemilu.org#14807,"Batang Tumu, Mandah, INDRAGIRI HILIR, RIAU",4,67,90,157
https://kawalpemilu.org#14807,"Batang Tumu, Mandah, INDRAGIRI HILIR, RIAU",5,76,120,196
https://kawalpemilu.org#14807,"Batang Tumu, Mandah, INDRAGIRI HILIR, RIAU",6,30,136,166
https://kawalpemilu.org#14807,"Batang Tumu, Mandah, INDRAGIRI HILIR, RIAU",7,23,132,155
https://kawalpemilu.org#14807,"Batang Tumu, Mandah, INDRAGIRI HILIR, RIAU",8,46,137,183
https://kawalpemilu.org#14807,"Batang Tumu, Mandah, INDRAGIRI HILIR, RIAU",9,54,115,169
https://kawalpemilu.org#14807,"Batang Tumu, Mandah, INDRAGIRI HILIR, RIAU",10,51,89,140
https://kawalpemilu.org#14808,"Bekawan, Mandah, INDRAGIRI HILIR, RIAU",1,43,132,175
https://kawalpemilu.org#14808,"Bekawan, Mandah, INDRAGIRI HILIR, RIAU",2,55,124,179
https://kawalpemilu.org#14808,"Bekawan, Mandah, INDRAGIRI HILIR, RIAU",3,34,135,169
https://kawalpemilu.org#14808,"Bekawan, Mandah, INDRAGIRI HILIR, RIAU",4,36,108,144
https://kawalpemilu.org#14808,"Bekawan, Mandah, INDRAGIRI HILIR, RIAU",5,17,168,185
https://kawalpemilu.org#14808,"Bekawan, Mandah, INDRAGIRI HILIR, RIAU",6,17,139,156
https://kawalpemilu.org#14808,"Bekawan, Mandah, INDRAGIRI HILIR, RIAU",7,28,76,104
https://kawalpemilu.org#14809,"Bantayan, Mandah, INDRAGIRI HILIR, RIAU",1,60,147,207
https://kawalpemilu.org#14809,"Bantayan, Mandah, INDRAGIRI HILIR, RIAU",2,43,121,164
https://kawalpemilu.org#14809,"Bantayan, Mandah, INDRAGIRI HILIR, RIAU",3,12,133,145
https://kawalpemilu.org#14809,"Bantayan, Mandah, INDRAGIRI HILIR, RIAU",4,5,91,96
https://kawalpemilu.org#14809,"Bantayan, Mandah, INDRAGIRI HILIR, RIAU",5,5,78,83
https://kawalpemilu.org#14809,"Bantayan, Mandah, INDRAGIRI HILIR, RIAU",6,26,54,80
https://kawalpemilu.org#14809,"Bantayan, Mandah, INDRAGIRI HILIR, RIAU",7,31,130,161
https://kawalpemilu.org#14810,"Batang Sari, Mandah, INDRAGIRI HILIR, RIAU",1,76,96,172
https://kawalpemilu.org#14810,"Batang Sari, Mandah, INDRAGIRI HILIR, RIAU",2,87,101,188
https://kawalpemilu.org#14810,"Batang Sari, Mandah, INDRAGIRI HILIR, RIAU",3,62,116,178
https://kawalpemilu.org#14811,"Bolak Raya, Mandah, INDRAGIRI HILIR, RIAU",1,37,143,180
https://kawalpemilu.org#14811,"Bolak Raya, Mandah, INDRAGIRI HILIR, RIAU",2,11,148,159
https://kawalpemilu.org#14811,"Bolak Raya, Mandah, INDRAGIRI HILIR, RIAU",3,25,70,95
https://kawalpemilu.org#84495,"BELARAS BARAT, Mandah, INDRAGIRI HILIR, RIAU",1,38,112,150
https://kawalpemilu.org#84495,"BELARAS BARAT, Mandah, INDRAGIRI HILIR, RIAU",2,74,173,247
https://kawalpemilu.org#84495,"BELARAS BARAT, Mandah, INDRAGIRI HILIR, RIAU",3,97,105,202
https://kawalpemilu.org#84495,"BELARAS BARAT, Mandah, INDRAGIRI HILIR, RIAU",4,32,145,177
https://kawalpemilu.org#84495,"BELARAS BARAT, Mandah, INDRAGIRI HILIR, RIAU",5,24,157,181
https://kawalpemilu.org#84496,"SURAYA MANDIRI, Mandah, INDRAGIRI HILIR, RIAU",1,10,138,148
https://kawalpemilu.org#84496,"SURAYA MANDIRI, Mandah, INDRAGIRI HILIR, RIAU",2,20,160,180
https://kawalpemilu.org#84496,"SURAYA MANDIRI, Mandah, INDRAGIRI HILIR, RIAU",3,52,116,168
https://kawalpemilu.org#84497,"BIDARI TANJUNG DATUK, Mandah, INDRAGIRI HILIR, RIAU",1,75,85,160
https://kawalpemilu.org#84497,"BIDARI TANJUNG DATUK, Mandah, INDRAGIRI HILIR, RIAU",2,52,80,132
https://kawalpemilu.org#84497,"BIDARI TANJUNG DATUK, Mandah, INDRAGIRI HILIR, RIAU",3,66,74,140
https://kawalpemilu.org#84497,"BIDARI TANJUNG DATUK, Mandah, INDRAGIRI HILIR, RIAU",4,5,165,170
https://kawalpemilu.org#89379,"CAHAYA BARU, Mandah, INDRAGIRI HILIR, RIAU",1,13,145,158
https://kawalpemilu.org#89379,"CAHAYA BARU, Mandah, INDRAGIRI HILIR, RIAU",2,19,131,150
https://kawalpemilu.org#89379,"CAHAYA BARU, Mandah, INDRAGIRI HILIR, RIAU",3,24,161,185
https://kawalpemilu.org#89379,"CAHAYA BARU, Mandah, INDRAGIRI HILIR, RIAU",4,12,159,171
https://kawalpemilu.org#89379,"CAHAYA BARU, Mandah, INDRAGIRI HILIR, RIAU",5,41,131,172
https://kawalpemilu.org#89379,"CAHAYA BARU, Mandah, INDRAGIRI HILIR, RIAU",6,20,118,138
https://kawalpemilu.org#89379,"CAHAYA BARU, Mandah, INDRAGIRI HILIR, RIAU",7,18,142,160
https://kawalpemilu.org#89380,"SEPAKAT JAYA, Mandah, INDRAGIRI HILIR, RIAU",1,25,188,213
https://kawalpemilu.org#89380,"SEPAKAT JAYA, Mandah, INDRAGIRI HILIR, RIAU",2,30,170,200
https://kawalpemilu.org#89380,"SEPAKAT JAYA, Mandah, INDRAGIRI HILIR, RIAU",3,4,106,110
https://kawalpemilu.org#89380,"SEPAKAT JAYA, Mandah, INDRAGIRI HILIR, RIAU",4,9,145,154
https://kawalpemilu.org#89380,"SEPAKAT JAYA, Mandah, INDRAGIRI HILIR, RIAU",5,50,90,140
https://kawalpemilu.org#14813,"TEGARAJA, Kateman, INDRAGIRI HILIR, RIAU",1,62,142,204
https://kawalpemilu.org#14813,"TEGARAJA, Kateman, INDRAGIRI HILIR, RIAU",2,86,111,197
https://kawalpemilu.org#14813,"TEGARAJA, Kateman, INDRAGIRI HILIR, RIAU",3,74,98,172
https://kawalpemilu.org#14813,"TEGARAJA, Kateman, INDRAGIRI HILIR, RIAU",4,61,106,167
https://kawalpemilu.org#14813,"TEGARAJA, Kateman, INDRAGIRI HILIR, RIAU",5,73,142,215
https://kawalpemilu.org#14813,"TEGARAJA, Kateman, INDRAGIRI HILIR, RIAU",6,63,150,213
https://kawalpemilu.org#14813,"TEGARAJA, Kateman, INDRAGIRI HILIR, RIAU",7,76,81,157
https://kawalpemilu.org#14813,"TEGARAJA, Kateman, INDRAGIRI HILIR, RIAU",8,88,90,178
https://kawalpemilu.org#14813,"TEGARAJA, Kateman, INDRAGIRI HILIR, RIAU",9,64,120,184
https://kawalpemilu.org#14813,"TEGARAJA, Kateman, INDRAGIRI HILIR, RIAU",10,63,160,223
https://kawalpemilu.org#14813,"TEGARAJA, Kateman, INDRAGIRI HILIR, RIAU",11,52,124,176
https://kawalpemilu.org#14813,"TEGARAJA, Kateman, INDRAGIRI HILIR, RIAU",12,61,87,148
https://kawalpemilu.org#14813,"TEGARAJA, Kateman, INDRAGIRI HILIR, RIAU",13,89,128,217
https://kawalpemilu.org#14813,"TEGARAJA, Kateman, INDRAGIRI HILIR, RIAU",14,51,135,186
https://kawalpemilu.org#14813,"TEGARAJA, Kateman, INDRAGIRI HILIR, RIAU",15,48,150,198
https://kawalpemilu.org#14813,"TEGARAJA, Kateman, INDRAGIRI HILIR, RIAU",16,59,133,192
https://kawalpemilu.org#14813,"TEGARAJA, Kateman, INDRAGIRI HILIR, RIAU",17,68,136,204
https://kawalpemilu.org#14813,"TEGARAJA, Kateman, INDRAGIRI HILIR, RIAU",18,88,133,221
https://kawalpemilu.org#14813,"TEGARAJA, Kateman, INDRAGIRI HILIR, RIAU",19,148,65,213
https://kawalpemilu.org#14813,"TEGARAJA, Kateman, INDRAGIRI HILIR, RIAU",20,78,89,167
https://kawalpemilu.org#14813,"TEGARAJA, Kateman, INDRAGIRI HILIR, RIAU",21,94,101,195
https://kawalpemilu.org#14813,"TEGARAJA, Kateman, INDRAGIRI HILIR, RIAU",22,172,32,204
https://kawalpemilu.org#14813,"TEGARAJA, Kateman, INDRAGIRI HILIR, RIAU",23,96,56,152
https://kawalpemilu.org#14813,"TEGARAJA, Kateman, INDRAGIRI HILIR, RIAU",24,66,109,175
https://kawalpemilu.org#14813,"TEGARAJA, Kateman, INDRAGIRI HILIR, RIAU",25,93,95,188
https://kawalpemilu.org#14813,"TEGARAJA, Kateman, INDRAGIRI HILIR, RIAU",26,80,105,185
https://kawalpemilu.org#14813,"TEGARAJA, Kateman, INDRAGIRI HILIR, RIAU",27,68,94,162
https://kawalpemilu.org#14813,"TEGARAJA, Kateman, INDRAGIRI HILIR, RIAU",28,86,85,171
https://kawalpemilu.org#14813,"TEGARAJA, Kateman, INDRAGIRI HILIR, RIAU",29,79,117,196
https://kawalpemilu.org#14813,"TEGARAJA, Kateman, INDRAGIRI HILIR, RIAU",30,113,105,218
https://kawalpemilu.org#14813,"TEGARAJA, Kateman, INDRAGIRI HILIR, RIAU",31,103,124,227
https://kawalpemilu.org#14813,"TEGARAJA, Kateman, INDRAGIRI HILIR, RIAU",33,45,68,113
https://kawalpemilu.org#14813,"TEGARAJA, Kateman, INDRAGIRI HILIR, RIAU",34,43,39,82
https://kawalpemilu.org#14813,"TEGARAJA, Kateman, INDRAGIRI HILIR, RIAU",35,25,68,93
https://kawalpemilu.org#14813,"TEGARAJA, Kateman, INDRAGIRI HILIR, RIAU",36,32,56,88
https://kawalpemilu.org#14813,"TEGARAJA, Kateman, INDRAGIRI HILIR, RIAU",37,39,36,75
https://kawalpemilu.org#14814,"Kuala Selat, Kateman, INDRAGIRI HILIR, RIAU",1,37,89,126
https://kawalpemilu.org#14814,"Kuala Selat, Kateman, INDRAGIRI HILIR, RIAU",2,67,113,180
https://kawalpemilu.org#14814,"Kuala Selat, Kateman, INDRAGIRI HILIR, RIAU",3,79,75,154
https://kawalpemilu.org#14814,"Kuala Selat, Kateman, INDRAGIRI HILIR, RIAU",4,40,102,142
https://kawalpemilu.org#14814,"Kuala Selat, Kateman, INDRAGIRI HILIR, RIAU",5,46,71,117
https://kawalpemilu.org#14814,"Kuala Selat, Kateman, INDRAGIRI HILIR, RIAU",6,48,52,100
https://kawalpemilu.org#14814,"Kuala Selat, Kateman, INDRAGIRI HILIR, RIAU",7,55,76,131
https://kawalpemilu.org#14814,"Kuala Selat, Kateman, INDRAGIRI HILIR, RIAU",8,17,39,56
https://kawalpemilu.org#14814,"Kuala Selat, Kateman, INDRAGIRI HILIR, RIAU",9,13,95,108
https://kawalpemilu.org#14815,"SUNGAISIMBAR, Kateman, INDRAGIRI HILIR, RIAU",1,32,135,167
https://kawalpemilu.org#14815,"SUNGAISIMBAR, Kateman, INDRAGIRI HILIR, RIAU",2,36,141,177
https://kawalpemilu.org#14815,"SUNGAISIMBAR, Kateman, INDRAGIRI HILIR, RIAU",3,75,124,199
https://kawalpemilu.org#14815,"SUNGAISIMBAR, Kateman, INDRAGIRI HILIR, RIAU",4,35,87,122
https://kawalpemilu.org#14815,"SUNGAISIMBAR, Kateman, INDRAGIRI HILIR, RIAU",5,18,148,166
https://kawalpemilu.org#14815,"SUNGAISIMBAR, Kateman, INDRAGIRI HILIR, RIAU",6,27,167,194
https://kawalpemilu.org#14815,"SUNGAISIMBAR, Kateman, INDRAGIRI HILIR, RIAU",7,23,79,102
https://kawalpemilu.org#14816,"Penjuru, Kateman, INDRAGIRI HILIR, RIAU",1,23,65,88
https://kawalpemilu.org#14816,"Penjuru, Kateman, INDRAGIRI HILIR, RIAU",2,35,139,174
https://kawalpemilu.org#14816,"Penjuru, Kateman, INDRAGIRI HILIR, RIAU",3,50,143,193
https://kawalpemilu.org#14816,"Penjuru, Kateman, INDRAGIRI HILIR, RIAU",4,50,115,165
https://kawalpemilu.org#14816,"Penjuru, Kateman, INDRAGIRI HILIR, RIAU",5,54,166,220
https://kawalpemilu.org#14816,"Penjuru, Kateman, INDRAGIRI HILIR, RIAU",6,50,124,174
https://kawalpemilu.org#14816,"Penjuru, Kateman, INDRAGIRI HILIR, RIAU",7,30,183,213
https://kawalpemilu.org#14816,"Penjuru, Kateman, INDRAGIRI HILIR, RIAU",8,29,108,137
https://kawalpemilu.org#14816,"Penjuru, Kateman, INDRAGIRI HILIR, RIAU",9,4,18,22
https://kawalpemilu.org#14816,"Penjuru, Kateman, INDRAGIRI HILIR, RIAU",10,22,89,111
https://kawalpemilu.org#14816,"Penjuru, Kateman, INDRAGIRI HILIR, RIAU",11,28,121,149
https://kawalpemilu.org#14817,"SARI MULIA, Kateman, INDRAGIRI HILIR, RIAU",1,77,48,125
https://kawalpemilu.org#14817,"SARI MULIA, Kateman, INDRAGIRI HILIR, RIAU",2,13,69,82
https://kawalpemilu.org#14817,"SARI MULIA, Kateman, INDRAGIRI HILIR, RIAU",3,46,41,87
https://kawalpemilu.org#14817,"SARI MULIA, Kateman, INDRAGIRI HILIR, RIAU",4,61,14,75
https://kawalpemilu.org#14817,"SARI MULIA, Kateman, INDRAGIRI HILIR, RIAU",5,32,24,56
https://kawalpemilu.org#14818,"Air Tawar, Kateman, INDRAGIRI HILIR, RIAU",1,74,100,174
https://kawalpemilu.org#14818,"Air Tawar, Kateman, INDRAGIRI HILIR, RIAU",2,50,137,187
https://kawalpemilu.org#14818,"Air Tawar, Kateman, INDRAGIRI HILIR, RIAU",3,31,41,72
https://kawalpemilu.org#14818,"Air Tawar, Kateman, INDRAGIRI HILIR, RIAU",4,76,79,155
https://kawalpemilu.org#14818,"Air Tawar, Kateman, INDRAGIRI HILIR, RIAU",5,61,49,110
https://kawalpemilu.org#14818,"Air Tawar, Kateman, INDRAGIRI HILIR, RIAU",6,102,83,185
https://kawalpemilu.org#14818,"Air Tawar, Kateman, INDRAGIRI HILIR, RIAU",7,50,115,165
https://kawalpemilu.org#14818,"Air Tawar, Kateman, INDRAGIRI HILIR, RIAU",8,77,116,193
https://kawalpemilu.org#14818,"Air Tawar, Kateman, INDRAGIRI HILIR, RIAU",9,63,89,152
https://kawalpemilu.org#14818,"Air Tawar, Kateman, INDRAGIRI HILIR, RIAU",10,57,121,178
https://kawalpemilu.org#14818,"Air Tawar, Kateman, INDRAGIRI HILIR, RIAU",11,46,94,140
https://kawalpemilu.org#14818,"Air Tawar, Kateman, INDRAGIRI HILIR, RIAU",12,82,120,202
https://kawalpemilu.org#14818,"Air Tawar, Kateman, INDRAGIRI HILIR, RIAU",13,35,94,129
https://kawalpemilu.org#14818,"Air Tawar, Kateman, INDRAGIRI HILIR, RIAU",14,51,110,161
https://kawalpemilu.org#14818,"Air Tawar, Kateman, INDRAGIRI HILIR, RIAU",15,60,82,142
https://kawalpemilu.org#14818,"Air Tawar, Kateman, INDRAGIRI HILIR, RIAU",16,46,65,111
https://kawalpemilu.org#14818,"Air Tawar, Kateman, INDRAGIRI HILIR, RIAU",17,79,117,196
https://kawalpemilu.org#14818,"Air Tawar, Kateman, INDRAGIRI HILIR, RIAU",18,53,95,148
https://kawalpemilu.org#14818,"Air Tawar, Kateman, INDRAGIRI HILIR, RIAU",19,38,105,143
https://kawalpemilu.org#14818,"Air Tawar, Kateman, INDRAGIRI HILIR, RIAU",20,65,101,166
https://kawalpemilu.org#14819,"TANJUNGRAJA, Kateman, INDRAGIRI HILIR, RIAU",1,33,98,131
https://kawalpemilu.org#14819,"TANJUNGRAJA, Kateman, INDRAGIRI HILIR, RIAU",2,110,71,181
https://kawalpemilu.org#14819,"TANJUNGRAJA, Kateman, INDRAGIRI HILIR, RIAU",3,99,80,179
https://kawalpemilu.org#14819,"TANJUNGRAJA, Kateman, INDRAGIRI HILIR, RIAU",4,70,129,199
https://kawalpemilu.org#14819,"TANJUNGRAJA, Kateman, INDRAGIRI HILIR, RIAU",5,76,130,206
https://kawalpemilu.org#14819,"TANJUNGRAJA, Kateman, INDRAGIRI HILIR, RIAU",6,67,72,139
https://kawalpemilu.org#14819,"TANJUNGRAJA, Kateman, INDRAGIRI HILIR, RIAU",7,41,98,139
https://kawalpemilu.org#14819,"TANJUNGRAJA, Kateman, INDRAGIRI HILIR, RIAU",8,32,71,103
https://kawalpemilu.org#14819,"TANJUNGRAJA, Kateman, INDRAGIRI HILIR, RIAU",9,72,81,153
https://kawalpemilu.org#14820,"SUNGAITERITIP, Kateman, INDRAGIRI HILIR, RIAU",1,94,128,222
https://kawalpemilu.org#14820,"SUNGAITERITIP, Kateman, INDRAGIRI HILIR, RIAU",2,55,164,219
https://kawalpemilu.org#14820,"SUNGAITERITIP, Kateman, INDRAGIRI HILIR, RIAU",3,25,103,128
https://kawalpemilu.org#14820,"SUNGAITERITIP, Kateman, INDRAGIRI HILIR, RIAU",4,81,134,215
https://kawalpemilu.org#14820,"SUNGAITERITIP, Kateman, INDRAGIRI HILIR, RIAU",5,45,69,114
https://kawalpemilu.org#84498,"AMAL BAKTI, Kateman, INDRAGIRI HILIR, RIAU",1,62,142,204
https://kawalpemilu.org#84498,"AMAL BAKTI, Kateman, INDRAGIRI HILIR, RIAU",2,55,27,82
https://kawalpemilu.org#84498,"AMAL BAKTI, Kateman, INDRAGIRI HILIR, RIAU",3,28,84,112
https://kawalpemilu.org#84498,"AMAL BAKTI, Kateman, INDRAGIRI HILIR, RIAU",4,13,37,50
https://kawalpemilu.org#84498,"AMAL BAKTI, Kateman, INDRAGIRI HILIR, RIAU",5,36,43,79
https://kawalpemilu.org#84499,"BANDAR SRI GEMILANG, Kateman, INDRAGIRI HILIR, RIAU",1,50,81,131
https://kawalpemilu.org#84499,"BANDAR SRI GEMILANG, Kateman, INDRAGIRI HILIR, RIAU",2,39,79,118
https://kawalpemilu.org#84499,"BANDAR SRI GEMILANG, Kateman, INDRAGIRI HILIR, RIAU",3,44,127,171
https://kawalpemilu.org#84499,"BANDAR SRI GEMILANG, Kateman, INDRAGIRI HILIR, RIAU",4,43,100,143
https://kawalpemilu.org#84499,"BANDAR SRI GEMILANG, Kateman, INDRAGIRI HILIR, RIAU",5,70,112,182
https://kawalpemilu.org#84499,"BANDAR SRI GEMILANG, Kateman, INDRAGIRI HILIR, RIAU",6,75,92,167
https://kawalpemilu.org#84499,"BANDAR SRI GEMILANG, Kateman, INDRAGIRI HILIR, RIAU",7,33,78,111
https://kawalpemilu.org#89381,"MAKMUR JAYA, Kateman, INDRAGIRI HILIR, RIAU",1,20,118,138
https://kawalpemilu.org#89381,"MAKMUR JAYA, Kateman, INDRAGIRI HILIR, RIAU",2,37,130,167
https://kawalpemilu.org#89381,"MAKMUR JAYA, Kateman, INDRAGIRI HILIR, RIAU",3,3,95,98
https://kawalpemilu.org#89381,"MAKMUR JAYA, Kateman, INDRAGIRI HILIR, RIAU",4,27,88,115
https://kawalpemilu.org#89381,"MAKMUR JAYA, Kateman, INDRAGIRI HILIR, RIAU",5,50,42,92
https://kawalpemilu.org#14822,"Pebenaan, Keritang, INDRAGIRI HILIR, RIAU",1,18,111,129
https://kawalpemilu.org#14822,"Pebenaan, Keritang, INDRAGIRI HILIR, RIAU",2,40,156,196
https://kawalpemilu.org#14822,"Pebenaan, Keritang, INDRAGIRI HILIR, RIAU",3,52,103,155
https://kawalpemilu.org#14822,"Pebenaan, Keritang, INDRAGIRI HILIR, RIAU",4,35,62,97
https://kawalpemilu.org#14822,"Pebenaan, Keritang, INDRAGIRI HILIR, RIAU",5,37,115,152
https://kawalpemilu.org#14822,"Pebenaan, Keritang, INDRAGIRI HILIR, RIAU",6,40,112,152
https://kawalpemilu.org#14822,"Pebenaan, Keritang, INDRAGIRI HILIR, RIAU",7,73,93,166
https://kawalpemilu.org#14822,"Pebenaan, Keritang, INDRAGIRI HILIR, RIAU",8,37,56,93
https://kawalpemilu.org#14822,"Pebenaan, Keritang, INDRAGIRI HILIR, RIAU",9,68,130,198
https://kawalpemilu.org#14822,"Pebenaan, Keritang, INDRAGIRI HILIR, RIAU",10,118,92,210
https://kawalpemilu.org#14822,"Pebenaan, Keritang, INDRAGIRI HILIR, RIAU",11,141,35,176
https://kawalpemilu.org#14822,"Pebenaan, Keritang, INDRAGIRI HILIR, RIAU",12,80,76,156
https://kawalpemilu.org#14822,"Pebenaan, Keritang, INDRAGIRI HILIR, RIAU",13,105,89,194
https://kawalpemilu.org#14822,"Pebenaan, Keritang, INDRAGIRI HILIR, RIAU",14,125,85,210
https://kawalpemilu.org#14822,"Pebenaan, Keritang, INDRAGIRI HILIR, RIAU",15,27,43,70
https://kawalpemilu.org#14823,"Seberang Pebenaan, Keritang, INDRAGIRI HILIR, RIAU",1,121,29,150
https://kawalpemilu.org#14823,"Seberang Pebenaan, Keritang, INDRAGIRI HILIR, RIAU",2,84,70,154
https://kawalpemilu.org#14823,"Seberang Pebenaan, Keritang, INDRAGIRI HILIR, RIAU",3,90,84,174
https://kawalpemilu.org#14823,"Seberang Pebenaan, Keritang, INDRAGIRI HILIR, RIAU",4,47,99,146
https://kawalpemilu.org#14823,"Seberang Pebenaan, Keritang, INDRAGIRI HILIR, RIAU",5,27,69,96
https://kawalpemilu.org#14823,"Seberang Pebenaan, Keritang, INDRAGIRI HILIR, RIAU",6,72,74,146
https://kawalpemilu.org#14823,"Seberang Pebenaan, Keritang, INDRAGIRI HILIR, RIAU",7,121,100,221
https://kawalpemilu.org#14823,"Seberang Pebenaan, Keritang, INDRAGIRI HILIR, RIAU",8,69,77,146
https://kawalpemilu.org#14823,"Seberang Pebenaan, Keritang, INDRAGIRI HILIR, RIAU",9,35,145,180
https://kawalpemilu.org#14823,"Seberang Pebenaan, Keritang, INDRAGIRI HILIR, RIAU",10,57,182,239
https://kawalpemilu.org#14823,"Seberang Pebenaan, Keritang, INDRAGIRI HILIR, RIAU",11,54,127,181
https://kawalpemilu.org#14823,"Seberang Pebenaan, Keritang, INDRAGIRI HILIR, RIAU",12,40,75,115
https://kawalpemilu.org#14823,"Seberang Pebenaan, Keritang, INDRAGIRI HILIR, RIAU",13,64,61,125
https://kawalpemilu.org#14824,"KOTA BARU RETEH, Keritang, INDRAGIRI HILIR, RIAU",1,106,138,244
https://kawalpemilu.org#14824,"KOTA BARU RETEH, Keritang, INDRAGIRI HILIR, RIAU",2,89,61,150
https://kawalpemilu.org#14824,"KOTA BARU RETEH, Keritang, INDRAGIRI HILIR, RIAU",3,64,53,117
https://kawalpemilu.org#14824,"KOTA BARU RETEH, Keritang, INDRAGIRI HILIR, RIAU",4,58,98,156
https://kawalpemilu.org#14824,"KOTA BARU RETEH, Keritang, INDRAGIRI HILIR, RIAU",5,54,66,120
https://kawalpemilu.org#14824,"KOTA BARU RETEH, Keritang, INDRAGIRI HILIR, RIAU",6,151,53,204
https://kawalpemilu.org#14824,"KOTA BARU RETEH, Keritang, INDRAGIRI HILIR, RIAU",7,42,127,169
https://kawalpemilu.org#14824,"KOTA BARU RETEH, Keritang, INDRAGIRI HILIR, RIAU",8,36,89,125
https://kawalpemilu.org#14824,"KOTA BARU RETEH, Keritang, INDRAGIRI HILIR, RIAU",10,34,130,164
https://kawalpemilu.org#14824,"KOTA BARU RETEH, Keritang, INDRAGIRI HILIR, RIAU",11,42,106,148
https://kawalpemilu.org#14824,"KOTA BARU RETEH, Keritang, INDRAGIRI HILIR, RIAU",12,70,129,199
https://kawalpemilu.org#14824,"KOTA BARU RETEH, Keritang, INDRAGIRI HILIR, RIAU",13,48,153,201
https://kawalpemilu.org#14825,"Nusantara Jaya, Keritang, INDRAGIRI HILIR, RIAU",1,78,136,214
https://kawalpemilu.org#14825,"Nusantara Jaya, Keritang, INDRAGIRI HILIR, RIAU",2,58,96,154
https://kawalpemilu.org#14825,"Nusantara Jaya, Keritang, INDRAGIRI HILIR, RIAU",3,91,109,200
https://kawalpemilu.org#14825,"Nusantara Jaya, Keritang, INDRAGIRI HILIR, RIAU",4,126,100,226
https://kawalpemilu.org#14825,"Nusantara Jaya, Keritang, INDRAGIRI HILIR, RIAU",5,29,113,142
https://kawalpemilu.org#14825,"Nusantara Jaya, Keritang, INDRAGIRI HILIR, RIAU",6,8,170,178
https://kawalpemilu.org#14825,"Nusantara Jaya, Keritang, INDRAGIRI HILIR, RIAU",7,143,39,182
https://kawalpemilu.org#14825,"Nusantara Jaya, Keritang, INDRAGIRI HILIR, RIAU",8,44,120,164
https://kawalpemilu.org#14825,"Nusantara Jaya, Keritang, INDRAGIRI HILIR, RIAU",9,62,103,165
https://kawalpemilu.org#14825,"Nusantara Jaya, Keritang, INDRAGIRI HILIR, RIAU",10,112,40,152
https://kawalpemilu.org#14825,"Nusantara Jaya, Keritang, INDRAGIRI HILIR, RIAU",11,87,63,150
https://kawalpemilu.org#14825,"Nusantara Jaya, Keritang, INDRAGIRI HILIR, RIAU",12,119,106,225
https://kawalpemilu.org#14825,"Nusantara Jaya, Keritang, INDRAGIRI HILIR, RIAU",13,78,104,182
https://kawalpemilu.org#14825,"Nusantara Jaya, Keritang, INDRAGIRI HILIR, RIAU",14,24,99,123
https://kawalpemilu.org#14825,"Nusantara Jaya, Keritang, INDRAGIRI HILIR, RIAU",15,16,66,82
https://kawalpemilu.org#14826,"KOTA BARU SEBERIDA, Keritang, INDRAGIRI HILIR, RIAU",1,42,155,197
https://kawalpemilu.org#14826,"KOTA BARU SEBERIDA, Keritang, INDRAGIRI HILIR, RIAU",2,70,120,190
https://kawalpemilu.org#14826,"KOTA BARU SEBERIDA, Keritang, INDRAGIRI HILIR, RIAU",3,133,65,198
https://kawalpemilu.org#14826,"KOTA BARU SEBERIDA, Keritang, INDRAGIRI HILIR, RIAU",4,108,108,216
https://kawalpemilu.org#14826,"KOTA BARU SEBERIDA, Keritang, INDRAGIRI HILIR, RIAU",5,80,124,204
https://kawalpemilu.org#14826,"KOTA BARU SEBERIDA, Keritang, INDRAGIRI HILIR, RIAU",6,81,115,196
https://kawalpemilu.org#14826,"KOTA BARU SEBERIDA, Keritang, INDRAGIRI HILIR, RIAU",7,80,95,175
https://kawalpemilu.org#14826,"KOTA BARU SEBERIDA, Keritang, INDRAGIRI HILIR, RIAU",8,68,135,203
https://kawalpemilu.org#14826,"KOTA BARU SEBERIDA, Keritang, INDRAGIRI HILIR, RIAU",9,78,99,177
https://kawalpemilu.org#14826,"KOTA BARU SEBERIDA, Keritang, INDRAGIRI HILIR, RIAU",10,130,83,213
https://kawalpemilu.org#14826,"KOTA BARU SEBERIDA, Keritang, INDRAGIRI HILIR, RIAU",11,83,131,214
https://kawalpemilu.org#14826,"KOTA BARU SEBERIDA, Keritang, INDRAGIRI HILIR, RIAU",12,71,72,143
https://kawalpemilu.org#14826,"KOTA BARU SEBERIDA, Keritang, INDRAGIRI HILIR, RIAU",13,88,110,198
https://kawalpemilu.org#14826,"KOTA BARU SEBERIDA, Keritang, INDRAGIRI HILIR, RIAU",14,72,141,213
https://kawalpemilu.org#14826,"KOTA BARU SEBERIDA, Keritang, INDRAGIRI HILIR, RIAU",15,51,164,215
https://kawalpemilu.org#14826,"KOTA BARU SEBERIDA, Keritang, INDRAGIRI HILIR, RIAU",16,76,102,178
https://kawalpemilu.org#14826,"KOTA BARU SEBERIDA, Keritang, INDRAGIRI HILIR, RIAU",17,100,117,217
https://kawalpemilu.org#14826,"KOTA BARU SEBERIDA, Keritang, INDRAGIRI HILIR, RIAU",18,57,134,191
https://kawalpemilu.org#14826,"KOTA BARU SEBERIDA, Keritang, INDRAGIRI HILIR, RIAU",19,70,137,207
https://kawalpemilu.org#14826,"KOTA BARU SEBERIDA, Keritang, INDRAGIRI HILIR, RIAU",20,91,101,192
https://kawalpemilu.org#14826,"KOTA BARU SEBERIDA, Keritang, INDRAGIRI HILIR, RIAU",21,72,79,151
https://kawalpemilu.org#14826,"KOTA BARU SEBERIDA, Keritang, INDRAGIRI HILIR, RIAU",22,68,38,106
https://kawalpemilu.org#14826,"KOTA BARU SEBERIDA, Keritang, INDRAGIRI HILIR, RIAU",23,36,56,92
https://kawalpemilu.org#14826,"KOTA BARU SEBERIDA, Keritang, INDRAGIRI HILIR, RIAU",24,71,73,144
https://kawalpemilu.org#14826,"KOTA BARU SEBERIDA, Keritang, INDRAGIRI HILIR, RIAU",25,44,78,122
https://kawalpemilu.org#14827,"KEMBANG MEKARSARI, Keritang, INDRAGIRI HILIR, RIAU",1,102,117,219
https://kawalpemilu.org#14827,"KEMBANG MEKARSARI, Keritang, INDRAGIRI HILIR, RIAU",2,98,126,224
https://kawalpemilu.org#14827,"KEMBANG MEKARSARI, Keritang, INDRAGIRI HILIR, RIAU",3,145,65,210
https://kawalpemilu.org#14827,"KEMBANG MEKARSARI, Keritang, INDRAGIRI HILIR, RIAU",4,118,41,159
https://kawalpemilu.org#14827,"KEMBANG MEKARSARI, Keritang, INDRAGIRI HILIR, RIAU",5,89,51,140
https://kawalpemilu.org#14827,"KEMBANG MEKARSARI, Keritang, INDRAGIRI HILIR, RIAU",6,121,42,163
https://kawalpemilu.org#14827,"KEMBANG MEKARSARI, Keritang, INDRAGIRI HILIR, RIAU",7,12,95,107
https://kawalpemilu.org#14827,"KEMBANG MEKARSARI, Keritang, INDRAGIRI HILIR, RIAU",8,143,46,189
https://kawalpemilu.org#14827,"KEMBANG MEKARSARI, Keritang, INDRAGIRI HILIR, RIAU",9,88,69,157
https://kawalpemilu.org#14828,"Pasar Kembang, Keritang, INDRAGIRI HILIR, RIAU",1,83,54,137
https://kawalpemilu.org#14828,"Pasar Kembang, Keritang, INDRAGIRI HILIR, RIAU",2,62,91,153
https://kawalpemilu.org#14828,"Pasar Kembang, Keritang, INDRAGIRI HILIR, RIAU",3,74,154,228
https://kawalpemilu.org#14828,"Pasar Kembang, Keritang, INDRAGIRI HILIR, RIAU",4,63,162,225
https://kawalpemilu.org#14828,"Pasar Kembang, Keritang, INDRAGIRI HILIR, RIAU",5,110,92,202
https://kawalpemilu.org#14828,"Pasar Kembang, Keritang, INDRAGIRI HILIR, RIAU",6,78,89,167
https://kawalpemilu.org#14828,"Pasar Kembang, Keritang, INDRAGIRI HILIR, RIAU",7,56,49,105
https://kawalpemilu.org#14828,"Pasar Kembang, Keritang, INDRAGIRI HILIR, RIAU",8,137,98,235
https://kawalpemilu.org#14828,"Pasar Kembang, Keritang, INDRAGIRI HILIR, RIAU",9,62,54,116
https://kawalpemilu.org#14828,"Pasar Kembang, Keritang, INDRAGIRI HILIR, RIAU",10,47,87,134
https://kawalpemilu.org#14828,"Pasar Kembang, Keritang, INDRAGIRI HILIR, RIAU",11,56,56,112
https://kawalpemilu.org#14828,"Pasar Kembang, Keritang, INDRAGIRI HILIR, RIAU",12,65,52,117
https://kawalpemilu.org#14829,"Kuala Keritang, Keritang, INDRAGIRI HILIR, RIAU",1,77,129,206
https://kawalpemilu.org#14829,"Kuala Keritang, Keritang, INDRAGIRI HILIR, RIAU",2,60,102,162
https://kawalpemilu.org#14829,"Kuala Keritang, Keritang, INDRAGIRI HILIR, RIAU",3,72,76,148
https://kawalpemilu.org#14829,"Kuala Keritang, Keritang, INDRAGIRI HILIR, RIAU",4,120,83,203
https://kawalpemilu.org#14829,"Kuala Keritang, Keritang, INDRAGIRI HILIR, RIAU",5,105,94,199
https://kawalpemilu.org#14829,"Kuala Keritang, Keritang, INDRAGIRI HILIR, RIAU",6,48,150,198
https://kawalpemilu.org#14829,"Kuala Keritang, Keritang, INDRAGIRI HILIR, RIAU",7,90,79,169
https://kawalpemilu.org#14829,"Kuala Keritang, Keritang, INDRAGIRI HILIR, RIAU",8,29,66,95
https://kawalpemilu.org#14829,"Kuala Keritang, Keritang, INDRAGIRI HILIR, RIAU",9,44,43,87
https://kawalpemilu.org#14829,"Kuala Keritang, Keritang, INDRAGIRI HILIR, RIAU",10,43,70,113
https://kawalpemilu.org#14829,"Kuala Keritang, Keritang, INDRAGIRI HILIR, RIAU",11,86,69,155
https://kawalpemilu.org#14829,"Kuala Keritang, Keritang, INDRAGIRI HILIR, RIAU",12,45,115,160
https://kawalpemilu.org#14830,"Kuala Lemang, Keritang, INDRAGIRI HILIR, RIAU",1,31,138,169
https://kawalpemilu.org#14830,"Kuala Lemang, Keritang, INDRAGIRI HILIR, RIAU",2,57,115,172
https://kawalpemilu.org#14830,"Kuala Lemang, Keritang, INDRAGIRI HILIR, RIAU",3,28,161,189
https://kawalpemilu.org#14830,"Kuala Lemang, Keritang, INDRAGIRI HILIR, RIAU",4,51,74,125
https://kawalpemilu.org#14830,"Kuala Lemang, Keritang, INDRAGIRI HILIR, RIAU",5,130,38,168
https://kawalpemilu.org#14830,"Kuala Lemang, Keritang, INDRAGIRI HILIR, RIAU",6,97,53,150
https://kawalpemilu.org#14830,"Kuala Lemang, Keritang, INDRAGIRI HILIR, RIAU",7,61,23,84
https://kawalpemilu.org#14830,"Kuala Lemang, Keritang, INDRAGIRI HILIR, RIAU",8,46,114,160
https://kawalpemilu.org#14830,"Kuala Lemang, Keritang, INDRAGIRI HILIR, RIAU",9,20,120,140
https://kawalpemilu.org#14831,"TELUKKELASA, Keritang, INDRAGIRI HILIR, RIAU",1,28,65,93
https://kawalpemilu.org#14831,"TELUKKELASA, Keritang, INDRAGIRI HILIR, RIAU",2,46,57,103
https://kawalpemilu.org#14831,"TELUKKELASA, Keritang, INDRAGIRI HILIR, RIAU",3,56,80,136
https://kawalpemilu.org#14831,"TELUKKELASA, Keritang, INDRAGIRI HILIR, RIAU",4,52,104,156
https://kawalpemilu.org#14831,"TELUKKELASA, Keritang, INDRAGIRI HILIR, RIAU",5,57,118,175
https://kawalpemilu.org#14831,"TELUKKELASA, Keritang, INDRAGIRI HILIR, RIAU",6,35,124,159
https://kawalpemilu.org#14831,"TELUKKELASA, Keritang, INDRAGIRI HILIR, RIAU",7,40,69,109
https://kawalpemilu.org#14831,"TELUKKELASA, Keritang, INDRAGIRI HILIR, RIAU",8,30,52,82
https://kawalpemilu.org#14831,"TELUKKELASA, Keritang, INDRAGIRI HILIR, RIAU",9,36,119,155
https://kawalpemilu.org#14831,"TELUKKELASA, Keritang, INDRAGIRI HILIR, RIAU",10,31,45,76
https://kawalpemilu.org#14832,"PENGALIHAN, Keritang, INDRAGIRI HILIR, RIAU",1,93,66,159
https://kawalpemilu.org#14832,"PENGALIHAN, Keritang, INDRAGIRI HILIR, RIAU",2,39,40,79
https://kawalpemilu.org#14832,"PENGALIHAN, Keritang, INDRAGIRI HILIR, RIAU",3,62,107,169
https://kawalpemilu.org#14832,"PENGALIHAN, Keritang, INDRAGIRI HILIR, RIAU",4,54,74,128
https://kawalpemilu.org#14832,"PENGALIHAN, Keritang, INDRAGIRI HILIR, RIAU",5,116,81,197
https://kawalpemilu.org#14832,"PENGALIHAN, Keritang, INDRAGIRI HILIR, RIAU",6,87,93,180
https://kawalpemilu.org#14832,"PENGALIHAN, Keritang, INDRAGIRI HILIR, RIAU",7,79,39,118
https://kawalpemilu.org#14832,"PENGALIHAN, Keritang, INDRAGIRI HILIR, RIAU",8,90,74,164
https://kawalpemilu.org#14832,"PENGALIHAN, Keritang, INDRAGIRI HILIR, RIAU",9,44,68,112
https://kawalpemilu.org#14832,"PENGALIHAN, Keritang, INDRAGIRI HILIR, RIAU",10,34,147,181
https://kawalpemilu.org#14832,"PENGALIHAN, Keritang, INDRAGIRI HILIR, RIAU",11,79,113,192
https://kawalpemilu.org#14832,"PENGALIHAN, Keritang, INDRAGIRI HILIR, RIAU",12,61,117,178
https://kawalpemilu.org#14832,"PENGALIHAN, Keritang, INDRAGIRI HILIR, RIAU",13,78,159,237
https://kawalpemilu.org#14832,"PENGALIHAN, Keritang, INDRAGIRI HILIR, RIAU",14,105,113,218
https://kawalpemilu.org#14832,"PENGALIHAN, Keritang, INDRAGIRI HILIR, RIAU",15,70,122,192
https://kawalpemilu.org#14832,"PENGALIHAN, Keritang, INDRAGIRI HILIR, RIAU",16,59,100,159
https://kawalpemilu.org#14832,"PENGALIHAN, Keritang, INDRAGIRI HILIR, RIAU",17,64,143,207
https://kawalpemilu.org#14832,"PENGALIHAN, Keritang, INDRAGIRI HILIR, RIAU",18,85,125,210
https://kawalpemilu.org#14832,"PENGALIHAN, Keritang, INDRAGIRI HILIR, RIAU",19,71,77,148
https://kawalpemilu.org#14832,"PENGALIHAN, Keritang, INDRAGIRI HILIR, RIAU",20,73,89,162
https://kawalpemilu.org#14832,"PENGALIHAN, Keritang, INDRAGIRI HILIR, RIAU",21,71,103,174
https://kawalpemilu.org#14832,"PENGALIHAN, Keritang, INDRAGIRI HILIR, RIAU",22,124,64,188
https://kawalpemilu.org#14832,"PENGALIHAN, Keritang, INDRAGIRI HILIR, RIAU",23,86,28,114
https://kawalpemilu.org#14832,"PENGALIHAN, Keritang, INDRAGIRI HILIR, RIAU",24,29,22,49
https://kawalpemilu.org#14832,"PENGALIHAN, Keritang, INDRAGIRI HILIR, RIAU",25,28,38,66
https://kawalpemilu.org#14832,"PENGALIHAN, Keritang, INDRAGIRI HILIR, RIAU",26,25,38,63
https://kawalpemilu.org#14833,"Pancur, Keritang, INDRAGIRI HILIR, RIAU",1,94,74,168
https://kawalpemilu.org#14833,"Pancur, Keritang, INDRAGIRI HILIR, RIAU",2,97,122,219
https://kawalpemilu.org#14833,"Pancur, Keritang, INDRAGIRI HILIR, RIAU",3,85,109,194
https://kawalpemilu.org#14833,"Pancur, Keritang, INDRAGIRI HILIR, RIAU",4,67,121,188
https://kawalpemilu.org#14833,"Pancur, Keritang, INDRAGIRI HILIR, RIAU",5,153,78,233
https://kawalpemilu.org#14833,"Pancur, Keritang, INDRAGIRI HILIR, RIAU",6,136,87,223
https://kawalpemilu.org#14833,"Pancur, Keritang, INDRAGIRI HILIR, RIAU",7,60,41,101
https://kawalpemilu.org#14833,"Pancur, Keritang, INDRAGIRI HILIR, RIAU",8,112,85,197
https://kawalpemilu.org#14834,"Sencalang, Keritang, INDRAGIRI HILIR, RIAU",1,145,86,231
https://kawalpemilu.org#14834,"Sencalang, Keritang, INDRAGIRI HILIR, RIAU",2,133,68,201
https://kawalpemilu.org#14834,"Sencalang, Keritang, INDRAGIRI HILIR, RIAU",3,63,109,172
https://kawalpemilu.org#14834,"Sencalang, Keritang, INDRAGIRI HILIR, RIAU",4,120,81,201
https://kawalpemilu.org#14834,"Sencalang, Keritang, INDRAGIRI HILIR, RIAU",5,151,77,228
https://kawalpemilu.org#14834,"Sencalang, Keritang, INDRAGIRI HILIR, RIAU",6,68,101,169
https://kawalpemilu.org#14834,"Sencalang, Keritang, INDRAGIRI HILIR, RIAU",7,70,75,145
https://kawalpemilu.org#14834,"Sencalang, Keritang, INDRAGIRI HILIR, RIAU",8,112,67,179
https://kawalpemilu.org#14834,"Sencalang, Keritang, INDRAGIRI HILIR, RIAU",9,69,46,115
https://kawalpemilu.org#84500,"NYIUR PERMAI, Keritang, INDRAGIRI HILIR, RIAU",1,55,126,181
https://kawalpemilu.org#84500,"NYIUR PERMAI, Keritang, INDRAGIRI HILIR, RIAU",2,57,104,161
https://kawalpemilu.org#84500,"NYIUR PERMAI, Keritang, INDRAGIRI HILIR, RIAU",3,82,150,232
https://kawalpemilu.org#84500,"NYIUR PERMAI, Keritang, INDRAGIRI HILIR, RIAU",4,46,112,158
https://kawalpemilu.org#84501,"LINTAS UTARA, Keritang, INDRAGIRI HILIR, RIAU",1,16,106,122
https://kawalpemilu.org#84501,"LINTAS UTARA, Keritang, INDRAGIRI HILIR, RIAU",2,134,96,230
https://kawalpemilu.org#84501,"LINTAS UTARA, Keritang, INDRAGIRI HILIR, RIAU",3,48,153,201
https://kawalpemilu.org#84501,"LINTAS UTARA, Keritang, INDRAGIRI HILIR, RIAU",4,99,89,188
https://kawalpemilu.org#84501,"LINTAS UTARA, Keritang, INDRAGIRI HILIR, RIAU",5,118,61,179
https://kawalpemilu.org#84502,"KAYU RAJA, Keritang, INDRAGIRI HILIR, RIAU",1,24,163,187
https://kawalpemilu.org#84502,"KAYU RAJA, Keritang, INDRAGIRI HILIR, RIAU",2,36,211,247
https://kawalpemilu.org#84502,"KAYU RAJA, Keritang, INDRAGIRI HILIR, RIAU",3,92,82,174
https://kawalpemilu.org#84502,"KAYU RAJA, Keritang, INDRAGIRI HILIR, RIAU",4,52,99,151
https://kawalpemilu.org#84502,"KAYU RAJA, Keritang, INDRAGIRI HILIR, RIAU",5,59,72,131
https://kawalpemilu.org#89383,"PETALONGAN, Keritang, INDRAGIRI HILIR, RIAU",2,174,50,224
https://kawalpemilu.org#89383,"PETALONGAN, Keritang, INDRAGIRI HILIR, RIAU",3,218,34,252
https://kawalpemilu.org#89383,"PETALONGAN, Keritang, INDRAGIRI HILIR, RIAU",4,172,93,265
https://kawalpemilu.org#89383,"PETALONGAN, Keritang, INDRAGIRI HILIR, RIAU",5,158,65,223
https://kawalpemilu.org#89383,"PETALONGAN, Keritang, INDRAGIRI HILIR, RIAU",6,188,22,210
https://kawalpemilu.org#89383,"PETALONGAN, Keritang, INDRAGIRI HILIR, RIAU",7,186,62,248
https://kawalpemilu.org#89383,"PETALONGAN, Keritang, INDRAGIRI HILIR, RIAU",8,197,31,228
https://kawalpemilu.org#89383,"PETALONGAN, Keritang, INDRAGIRI HILIR, RIAU",9,180,54,234
https://kawalpemilu.org#14836,"KUALA ENOK, Tanah Merah, INDRAGIRI HILIR, RIAU",1,82,87,169
https://kawalpemilu.org#14836,"KUALA ENOK, Tanah Merah, INDRAGIRI HILIR, RIAU",2,55,105,160
https://kawalpemilu.org#14836,"KUALA ENOK, Tanah Merah, INDRAGIRI HILIR, RIAU",3,43,151,194
https://kawalpemilu.org#14836,"KUALA ENOK, Tanah Merah, INDRAGIRI HILIR, RIAU",4,48,132,180
https://kawalpemilu.org#14836,"KUALA ENOK, Tanah Merah, INDRAGIRI HILIR, RIAU",5,51,127,178
https://kawalpemilu.org#14836,"KUALA ENOK, Tanah Merah, INDRAGIRI HILIR, RIAU",6,39,137,176
https://kawalpemilu.org#14836,"KUALA ENOK, Tanah Merah, INDRAGIRI HILIR, RIAU",7,41,143,184
https://kawalpemilu.org#14836,"KUALA ENOK, Tanah Merah, INDRAGIRI HILIR, RIAU",8,30,142,172
https://kawalpemilu.org#14836,"KUALA ENOK, Tanah Merah, INDRAGIRI HILIR, RIAU",9,89,101,190
https://kawalpemilu.org#14836,"KUALA ENOK, Tanah Merah, INDRAGIRI HILIR, RIAU",10,47,66,113
https://kawalpemilu.org#14836,"KUALA ENOK, Tanah Merah, INDRAGIRI HILIR, RIAU",11,116,63,179
https://kawalpemilu.org#14837,"SELATNAMA, Tanah Merah, INDRAGIRI HILIR, RIAU",1,33,63,96
https://kawalpemilu.org#14837,"SELATNAMA, Tanah Merah, INDRAGIRI HILIR, RIAU",2,47,55,102
https://kawalpemilu.org#14838,"SUNGAINYIUR, Tanah Merah, INDRAGIRI HILIR, RIAU",1,69,100,169
https://kawalpemilu.org#14838,"SUNGAINYIUR, Tanah Merah, INDRAGIRI HILIR, RIAU",2,79,141,220
https://kawalpemilu.org#14838,"SUNGAINYIUR, Tanah Merah, INDRAGIRI HILIR, RIAU",3,86,51,137
https://kawalpemilu.org#14838,"SUNGAINYIUR, Tanah Merah, INDRAGIRI HILIR, RIAU",4,27,41,68
https://kawalpemilu.org#14839,"TANJUNGBARU, Tanah Merah, INDRAGIRI HILIR, RIAU",1,40,176,216
https://kawalpemilu.org#14839,"TANJUNGBARU, Tanah Merah, INDRAGIRI HILIR, RIAU",2,34,153,187
https://kawalpemilu.org#14839,"TANJUNGBARU, Tanah Merah, INDRAGIRI HILIR, RIAU",3,52,144,196
https://kawalpemilu.org#14839,"TANJUNGBARU, Tanah Merah, INDRAGIRI HILIR, RIAU",4,76,125,201
https://kawalpemilu.org#14839,"TANJUNGBARU, Tanah Merah, INDRAGIRI HILIR, RIAU",5,51,122,173
https://kawalpemilu.org#14840,"Tekulai Hilir, Tanah Merah, INDRAGIRI HILIR, RIAU",1,99,93,192
https://kawalpemilu.org#14840,"Tekulai Hilir, Tanah Merah, INDRAGIRI HILIR, RIAU",2,70,131,201
https://kawalpemilu.org#14840,"Tekulai Hilir, Tanah Merah, INDRAGIRI HILIR, RIAU",3,74,109,183
https://kawalpemilu.org#14840,"Tekulai Hilir, Tanah Merah, INDRAGIRI HILIR, RIAU",4,57,36,93
https://kawalpemilu.org#14841,"Tekulai Hulu, Tanah Merah, INDRAGIRI HILIR, RIAU",1,119,89,208
https://kawalpemilu.org#14841,"Tekulai Hulu, Tanah Merah, INDRAGIRI HILIR, RIAU",2,110,85,195
https://kawalpemilu.org#14842,"Tekulai Bugis, Tanah Merah, INDRAGIRI HILIR, RIAU",1,94,95,189
https://kawalpemilu.org#14842,"Tekulai Bugis, Tanah Merah, INDRAGIRI HILIR, RIAU",2,79,128,207
https://kawalpemilu.org#14843,"TANJUNGPASIR, Tanah Merah, INDRAGIRI HILIR, RIAU",1,104,49,153
https://kawalpemilu.org#14843,"TANJUNGPASIR, Tanah Merah, INDRAGIRI HILIR, RIAU",2,136,49,185
https://kawalpemilu.org#14843,"TANJUNGPASIR, Tanah Merah, INDRAGIRI HILIR, RIAU",3,137,47,184
https://kawalpemilu.org#14843,"TANJUNGPASIR, Tanah Merah, INDRAGIRI HILIR, RIAU",4,135,56,191
https://kawalpemilu.org#14843,"TANJUNGPASIR, Tanah Merah, INDRAGIRI HILIR, RIAU",5,73,68,141
https://kawalpemilu.org#14843,"TANJUNGPASIR, Tanah Merah, INDRAGIRI HILIR, RIAU",6,118,45,163
https://kawalpemilu.org#14844,"Tanah Merah, Tanah Merah, INDRAGIRI HILIR, RIAU",1,81,129,210
https://kawalpemilu.org#14844,"Tanah Merah, Tanah Merah, INDRAGIRI HILIR, RIAU",2,72,115,187
https://kawalpemilu.org#14844,"Tanah Merah, Tanah Merah, INDRAGIRI HILIR, RIAU",3,52,118,170
https://kawalpemilu.org#14844,"Tanah Merah, Tanah Merah, INDRAGIRI HILIR, RIAU",4,52,102,154
https://kawalpemilu.org#14844,"Tanah Merah, Tanah Merah, INDRAGIRI HILIR, RIAU",5,79,121,200
https://kawalpemilu.org#14844,"Tanah Merah, Tanah Merah, INDRAGIRI HILIR, RIAU",6,74,116,190
https://kawalpemilu.org#14844,"Tanah Merah, Tanah Merah, INDRAGIRI HILIR, RIAU",7,121,123,244
https://kawalpemilu.org#14844,"Tanah Merah, Tanah Merah, INDRAGIRI HILIR, RIAU",8,63,117,180
https://kawalpemilu.org#14844,"Tanah Merah, Tanah Merah, INDRAGIRI HILIR, RIAU",9,77,119,197
https://kawalpemilu.org#14844,"Tanah Merah, Tanah Merah, INDRAGIRI HILIR, RIAU",10,83,94,177
https://kawalpemilu.org#14844,"Tanah Merah, Tanah Merah, INDRAGIRI HILIR, RIAU",11,70,125,195
https://kawalpemilu.org#14844,"Tanah Merah, Tanah Merah, INDRAGIRI HILIR, RIAU",12,59,129,188
https://kawalpemilu.org#14844,"Tanah Merah, Tanah Merah, INDRAGIRI HILIR, RIAU",13,97,101,198
https://kawalpemilu.org#14844,"Tanah Merah, Tanah Merah, INDRAGIRI HILIR, RIAU",14,82,65,147
https://kawalpemilu.org#14844,"Tanah Merah, Tanah Merah, INDRAGIRI HILIR, RIAU",15,84,78,162
https://kawalpemilu.org#14844,"Tanah Merah, Tanah Merah, INDRAGIRI HILIR, RIAU",16,84,85,169
https://kawalpemilu.org#14844,"Tanah Merah, Tanah Merah, INDRAGIRI HILIR, RIAU",17,70,91,161
https://kawalpemilu.org#14844,"Tanah Merah, Tanah Merah, INDRAGIRI HILIR, RIAU",18,88,97,185
https://kawalpemilu.org#14844,"Tanah Merah, Tanah Merah, INDRAGIRI HILIR, RIAU",19,63,81,144
https://kawalpemilu.org#14844,"Tanah Merah, Tanah Merah, INDRAGIRI HILIR, RIAU",20,109,117,226
https://kawalpemilu.org#14844,"Tanah Merah, Tanah Merah, INDRAGIRI HILIR, RIAU",21,84,121,205
https://kawalpemilu.org#14844,"Tanah Merah, Tanah Merah, INDRAGIRI HILIR, RIAU",22,90,101,191
https://kawalpemilu.org#14844,"Tanah Merah, Tanah Merah, INDRAGIRI HILIR, RIAU",23,81,120,201
https://kawalpemilu.org#14844,"Tanah Merah, Tanah Merah, INDRAGIRI HILIR, RIAU",24,118,104,222
https://kawalpemilu.org#14844,"Tanah Merah, Tanah Merah, INDRAGIRI HILIR, RIAU",25,76,107,183
https://kawalpemilu.org#14844,"Tanah Merah, Tanah Merah, INDRAGIRI HILIR, RIAU",26,77,113,190
https://kawalpemilu.org#14844,"Tanah Merah, Tanah Merah, INDRAGIRI HILIR, RIAU",27,92,112,204
https://kawalpemilu.org#14844,"Tanah Merah, Tanah Merah, INDRAGIRI HILIR, RIAU",28,90,104,194
https://kawalpemilu.org#14844,"Tanah Merah, Tanah Merah, INDRAGIRI HILIR, RIAU",29,85,141,226
https://kawalpemilu.org#14844,"Tanah Merah, Tanah Merah, INDRAGIRI HILIR, RIAU",30,38,79,117
https://kawalpemilu.org#14845,"SUNGAILAUT, Tanah Merah, INDRAGIRI HILIR, RIAU",1,106,69,175
https://kawalpemilu.org#14845,"SUNGAILAUT, Tanah Merah, INDRAGIRI HILIR, RIAU",2,105,73,178
https://kawalpemilu.org#14845,"SUNGAILAUT, Tanah Merah, INDRAGIRI HILIR, RIAU",3,72,63,135
https://kawalpemilu.org#14845,"SUNGAILAUT, Tanah Merah, INDRAGIRI HILIR, RIAU",4,102,94,196
https://kawalpemilu.org#14845,"SUNGAILAUT, Tanah Merah, INDRAGIRI HILIR, RIAU",5,75,76,151
https://kawalpemilu.org#14845,"SUNGAILAUT, Tanah Merah, INDRAGIRI HILIR, RIAU",6,82,68,150
https://kawalpemilu.org#14845,"SUNGAILAUT, Tanah Merah, INDRAGIRI HILIR, RIAU",7,95,66,161
https://kawalpemilu.org#14847,"SUNGAIPIRING, Batang Tuaka, INDRAGIRI HILIR, RIAU",1,62,104,166
https://kawalpemilu.org#14847,"SUNGAIPIRING, Batang Tuaka, INDRAGIRI HILIR, RIAU",2,56,102,158
https://kawalpemilu.org#14847,"SUNGAIPIRING, Batang Tuaka, INDRAGIRI HILIR, RIAU",3,53,153,206
https://kawalpemilu.org#14847,"SUNGAIPIRING, Batang Tuaka, INDRAGIRI HILIR, RIAU",4,35,157,192
https://kawalpemilu.org#14847,"SUNGAIPIRING, Batang Tuaka, INDRAGIRI HILIR, RIAU",5,35,127,162
https://kawalpemilu.org#14847,"SUNGAIPIRING, Batang Tuaka, INDRAGIRI HILIR, RIAU",6,54,159,213
https://kawalpemilu.org#14847,"SUNGAIPIRING, Batang Tuaka, INDRAGIRI HILIR, RIAU",7,66,172,238
https://kawalpemilu.org#14847,"SUNGAIPIRING, Batang Tuaka, INDRAGIRI HILIR, RIAU",8,47,169,216
https://kawalpemilu.org#14847,"SUNGAIPIRING, Batang Tuaka, INDRAGIRI HILIR, RIAU",9,19,62,81
https://kawalpemilu.org#14847,"SUNGAIPIRING, Batang Tuaka, INDRAGIRI HILIR, RIAU",10,96,85,181
https://kawalpemilu.org#14847,"SUNGAIPIRING, Batang Tuaka, INDRAGIRI HILIR, RIAU",11,50,65,115
https://kawalpemilu.org#14848,"SUNGAILUAR, Batang Tuaka, INDRAGIRI HILIR, RIAU",1,47,125,172
https://kawalpemilu.org#14848,"SUNGAILUAR, Batang Tuaka, INDRAGIRI HILIR, RIAU",2,54,161,215
https://kawalpemilu.org#14848,"SUNGAILUAR, Batang Tuaka, INDRAGIRI HILIR, RIAU",3,14,142,156
https://kawalpemilu.org#14848,"SUNGAILUAR, Batang Tuaka, INDRAGIRI HILIR, RIAU",4,27,119,146
https://kawalpemilu.org#14848,"SUNGAILUAR, Batang Tuaka, INDRAGIRI HILIR, RIAU",5,29,139,168
https://kawalpemilu.org#14848,"SUNGAILUAR, Batang Tuaka, INDRAGIRI HILIR, RIAU",6,45,192,237
https://kawalpemilu.org#14848,"SUNGAILUAR, Batang Tuaka, INDRAGIRI HILIR, RIAU",7,18,146,164
https://kawalpemilu.org#14848,"SUNGAILUAR, Batang Tuaka, INDRAGIRI HILIR, RIAU",8,34,171,205
https://kawalpemilu.org#14848,"SUNGAILUAR, Batang Tuaka, INDRAGIRI HILIR, RIAU",9,54,129,183
https://kawalpemilu.org#14848,"SUNGAILUAR, Batang Tuaka, INDRAGIRI HILIR, RIAU",10,23,206,229
https://kawalpemilu.org#14848,"SUNGAILUAR, Batang Tuaka, INDRAGIRI HILIR, RIAU",11,15,236,251
https://kawalpemilu.org#14849,"SUNGAIDUSUN, Batang Tuaka, INDRAGIRI HILIR, RIAU",1,36,148,184
https://kawalpemilu.org#14849,"SUNGAIDUSUN, Batang Tuaka, INDRAGIRI HILIR, RIAU",2,72,79,151
https://kawalpemilu.org#14849,"SUNGAIDUSUN, Batang Tuaka, INDRAGIRI HILIR, RIAU",3,36,154,190
https://kawalpemilu.org#14849,"SUNGAIDUSUN, Batang Tuaka, INDRAGIRI HILIR, RIAU",4,21,146,167
https://kawalpemilu.org#14849,"SUNGAIDUSUN, Batang Tuaka, INDRAGIRI HILIR, RIAU",5,53,168,221
https://kawalpemilu.org#14849,"SUNGAIDUSUN, Batang Tuaka, INDRAGIRI HILIR, RIAU",6,29,146,175
https://kawalpemilu.org#14850,"SUNGAIJUNJANGAN, Batang Tuaka, INDRAGIRI HILIR, RIAU",1,59,143,202
https://kawalpemilu.org#14850,"SUNGAIJUNJANGAN, Batang Tuaka, INDRAGIRI HILIR, RIAU",2,73,119,192
https://kawalpemilu.org#14850,"SUNGAIJUNJANGAN, Batang Tuaka, INDRAGIRI HILIR, RIAU",3,72,129,201
https://kawalpemilu.org#14850,"SUNGAIJUNJANGAN, Batang Tuaka, INDRAGIRI HILIR, RIAU",4,132,73,205
https://kawalpemilu.org#14850,"SUNGAIJUNJANGAN, Batang Tuaka, INDRAGIRI HILIR, RIAU",5,112,79,191
https://kawalpemilu.org#14850,"SUNGAIJUNJANGAN, Batang Tuaka, INDRAGIRI HILIR, RIAU",6,113,73,186
https://kawalpemilu.org#14850,"SUNGAIJUNJANGAN, Batang Tuaka, INDRAGIRI HILIR, RIAU",7,71,129,200
https://kawalpemilu.org#14850,"SUNGAIJUNJANGAN, Batang Tuaka, INDRAGIRI HILIR, RIAU",8,95,83,178
https://kawalpemilu.org#14850,"SUNGAIJUNJANGAN, Batang Tuaka, INDRAGIRI HILIR, RIAU",9,113,73,186
https://kawalpemilu.org#14851,"SUNGAIRAYA, Batang Tuaka, INDRAGIRI HILIR, RIAU",1,31,194,225
https://kawalpemilu.org#14851,"SUNGAIRAYA, Batang Tuaka, INDRAGIRI HILIR, RIAU",2,60,159,219
https://kawalpemilu.org#14851,"SUNGAIRAYA, Batang Tuaka, INDRAGIRI HILIR, RIAU",3,51,154,205
https://kawalpemilu.org#14852,"Kuala Sebatu, Batang Tuaka, INDRAGIRI HILIR, RIAU",1,62,160,222
https://kawalpemilu.org#14852,"Kuala Sebatu, Batang Tuaka, INDRAGIRI HILIR, RIAU",2,50,136,186
https://kawalpemilu.org#14852,"Kuala Sebatu, Batang Tuaka, INDRAGIRI HILIR, RIAU",3,166,68,234
https://kawalpemilu.org#14852,"Kuala Sebatu, Batang Tuaka, INDRAGIRI HILIR, RIAU",4,23,130,153
https://kawalpemilu.org#14852,"Kuala Sebatu, Batang Tuaka, INDRAGIRI HILIR, RIAU",5,83,33,116
https://kawalpemilu.org#14852,"Kuala Sebatu, Batang Tuaka, INDRAGIRI HILIR, RIAU",6,63,108,171
https://kawalpemilu.org#14852,"Kuala Sebatu, Batang Tuaka, INDRAGIRI HILIR, RIAU",7,55,152,207
https://kawalpemilu.org#14853,"TANJUNGSIANTAR, Batang Tuaka, INDRAGIRI HILIR, RIAU",1,86,103,189
https://kawalpemilu.org#14853,"TANJUNGSIANTAR, Batang Tuaka, INDRAGIRI HILIR, RIAU",2,82,111,193
https://kawalpemilu.org#14853,"TANJUNGSIANTAR, Batang Tuaka, INDRAGIRI HILIR, RIAU",3,62,91,153
https://kawalpemilu.org#14854,"SUNGAIRAWA, Batang Tuaka, INDRAGIRI HILIR, RIAU",1,35,146,181
https://kawalpemilu.org#14854,"SUNGAIRAWA, Batang Tuaka, INDRAGIRI HILIR, RIAU",2,46,157,203
https://kawalpemilu.org#14854,"SUNGAIRAWA, Batang Tuaka, INDRAGIRI HILIR, RIAU",3,38,164,202
https://kawalpemilu.org#14854,"SUNGAIRAWA, Batang Tuaka, INDRAGIRI HILIR, RIAU",4,34,170,204
https://kawalpemilu.org#14854,"SUNGAIRAWA, Batang Tuaka, INDRAGIRI HILIR, RIAU",5,19,69,88
https://kawalpemilu.org#14854,"SUNGAIRAWA, Batang Tuaka, INDRAGIRI HILIR, RIAU",6,51,124,175
https://kawalpemilu.org#14855,"Sialang Jaya, Batang Tuaka, INDRAGIRI HILIR, RIAU",1,47,166,213
https://kawalpemilu.org#14855,"Sialang Jaya, Batang Tuaka, INDRAGIRI HILIR, RIAU",2,57,122,179
https://kawalpemilu.org#14856,"GEMILANG JAYA, Batang Tuaka, INDRAGIRI HILIR, RIAU",1,43,131,174
https://kawalpemilu.org#14856,"GEMILANG JAYA, Batang Tuaka, INDRAGIRI HILIR, RIAU",2,30,144,174
https://kawalpemilu.org#14856,"GEMILANG JAYA, Batang Tuaka, INDRAGIRI HILIR, RIAU",3,23,179,202
https://kawalpemilu.org#14856,"GEMILANG JAYA, Batang Tuaka, INDRAGIRI HILIR, RIAU",4,35,126,161
https://kawalpemilu.org#14856,"GEMILANG JAYA, Batang Tuaka, INDRAGIRI HILIR, RIAU",5,19,142,161
https://kawalpemilu.org#14857,"Tasik Raya, Batang Tuaka, INDRAGIRI HILIR, RIAU",1,35,136,171
https://kawalpemilu.org#14857,"Tasik Raya, Batang Tuaka, INDRAGIRI HILIR, RIAU",2,17,177,194
https://kawalpemilu.org#14857,"Tasik Raya, Batang Tuaka, INDRAGIRI HILIR, RIAU",3,23,173,196
https://kawalpemilu.org#14857,"Tasik Raya, Batang Tuaka, INDRAGIRI HILIR, RIAU",4,42,186,228
https://kawalpemilu.org#14857,"Tasik Raya, Batang Tuaka, INDRAGIRI HILIR, RIAU",5,75,45,120
https://kawalpemilu.org#89386,"PASIR EMAS, Batang Tuaka, INDRAGIRI HILIR, RIAU",1,131,34,165
https://kawalpemilu.org#89386,"PASIR EMAS, Batang Tuaka, INDRAGIRI HILIR, RIAU",2,164,14,178
https://kawalpemilu.org#89386,"PASIR EMAS, Batang Tuaka, INDRAGIRI HILIR, RIAU",3,93,14,107
https://kawalpemilu.org#89387,"SIMPANG JAYA, Batang Tuaka, INDRAGIRI HILIR, RIAU",1,32,180,212
https://kawalpemilu.org#89387,"SIMPANG JAYA, Batang Tuaka, INDRAGIRI HILIR, RIAU",2,18,120,138
https://kawalpemilu.org#89387,"SIMPANG JAYA, Batang Tuaka, INDRAGIRI HILIR, RIAU",3,14,154,168
https://kawalpemilu.org#89387,"SIMPANG JAYA, Batang Tuaka, INDRAGIRI HILIR, RIAU",4,14,140,154
https://kawalpemilu.org#89387,"SIMPANG JAYA, Batang Tuaka, INDRAGIRI HILIR, RIAU",5,72,105,177
https://kawalpemilu.org#89387,"SIMPANG JAYA, Batang Tuaka, INDRAGIRI HILIR, RIAU",6,28,160,188
https://kawalpemilu.org#89387,"SIMPANG JAYA, Batang Tuaka, INDRAGIRI HILIR, RIAU",7,17,158,175
https://kawalpemilu.org#14859,"Terusan Kempas, Gaung, INDRAGIRI HILIR, RIAU",1,109,88,197
https://kawalpemilu.org#14859,"Terusan Kempas, Gaung, INDRAGIRI HILIR, RIAU",2,151,39,190
https://kawalpemilu.org#14859,"Terusan Kempas, Gaung, INDRAGIRI HILIR, RIAU",3,71,35,106
https://kawalpemilu.org#14859,"Terusan Kempas, Gaung, INDRAGIRI HILIR, RIAU",4,68,36,104
https://kawalpemilu.org#14860,"Lahang Baru, Gaung, INDRAGIRI HILIR, RIAU",1,98,100,198
https://kawalpemilu.org#14860,"Lahang Baru, Gaung, INDRAGIRI HILIR, RIAU",2,140,73,213
https://kawalpemilu.org#14860,"Lahang Baru, Gaung, INDRAGIRI HILIR, RIAU",3,110,91,201
https://kawalpemilu.org#14860,"Lahang Baru, Gaung, INDRAGIRI HILIR, RIAU",4,158,59,217
https://kawalpemilu.org#14860,"Lahang Baru, Gaung, INDRAGIRI HILIR, RIAU",5,111,77,188
https://kawalpemilu.org#14860,"Lahang Baru, Gaung, INDRAGIRI HILIR, RIAU",6,64,114,178
https://kawalpemilu.org#14860,"Lahang Baru, Gaung, INDRAGIRI HILIR, RIAU",7,8,78,86
https://kawalpemilu.org#14861,"Simpang Gaung, Gaung, INDRAGIRI HILIR, RIAU",1,137,92,229
https://kawalpemilu.org#14861,"Simpang Gaung, Gaung, INDRAGIRI HILIR, RIAU",2,118,71,189
https://kawalpemilu.org#14861,"Simpang Gaung, Gaung, INDRAGIRI HILIR, RIAU",3,87,68,155
https://kawalpemilu.org#14861,"Simpang Gaung, Gaung, INDRAGIRI HILIR, RIAU",4,79,91,170
https://kawalpemilu.org#14861,"Simpang Gaung, Gaung, INDRAGIRI HILIR, RIAU",5,102,82,184
https://kawalpemilu.org#14861,"Simpang Gaung, Gaung, INDRAGIRI HILIR, RIAU",6,75,23,98
https://kawalpemilu.org#14861,"Simpang Gaung, Gaung, INDRAGIRI HILIR, RIAU",7,101,95,196
https://kawalpemilu.org#14861,"Simpang Gaung, Gaung, INDRAGIRI HILIR, RIAU",8,97,83,180
https://kawalpemilu.org#14861,"Simpang Gaung, Gaung, INDRAGIRI HILIR, RIAU",9,53,66,119
https://kawalpemilu.org#14861,"Simpang Gaung, Gaung, INDRAGIRI HILIR, RIAU",10,69,88,157
https://kawalpemilu.org#14861,"Simpang Gaung, Gaung, INDRAGIRI HILIR, RIAU",11,98,75,173
https://kawalpemilu.org#14861,"Simpang Gaung, Gaung, INDRAGIRI HILIR, RIAU",12,85,62,147
https://kawalpemilu.org#14861,"Simpang Gaung, Gaung, INDRAGIRI HILIR, RIAU",13,76,126,202
https://kawalpemilu.org#14861,"Simpang Gaung, Gaung, INDRAGIRI HILIR, RIAU",14,64,64,128
https://kawalpemilu.org#14861,"Simpang Gaung, Gaung, INDRAGIRI HILIR, RIAU",15,79,70,149
https://kawalpemilu.org#14861,"Simpang Gaung, Gaung, INDRAGIRI HILIR, RIAU",16,93,98,191
https://kawalpemilu.org#14861,"Simpang Gaung, Gaung, INDRAGIRI HILIR, RIAU",17,58,30,88
https://kawalpemilu.org#14861,"Simpang Gaung, Gaung, INDRAGIRI HILIR, RIAU",18,72,83,155
https://kawalpemilu.org#14861,"Simpang Gaung, Gaung, INDRAGIRI HILIR, RIAU",19,108,43,151
https://kawalpemilu.org#14862,"Belantaraya, Gaung, INDRAGIRI HILIR, RIAU",2,82,99,181
https://kawalpemilu.org#14862,"Belantaraya, Gaung, INDRAGIRI HILIR, RIAU",3,35,84,119
https://kawalpemilu.org#14862,"Belantaraya, Gaung, INDRAGIRI HILIR, RIAU",4,21,80,101
https://kawalpemilu.org#14862,"Belantaraya, Gaung, INDRAGIRI HILIR, RIAU",5,27,185,212
https://kawalpemilu.org#14862,"Belantaraya, Gaung, INDRAGIRI HILIR, RIAU",6,43,177,220
https://kawalpemilu.org#14862,"Belantaraya, Gaung, INDRAGIRI HILIR, RIAU",7,23,199,222
https://kawalpemilu.org#14862,"Belantaraya, Gaung, INDRAGIRI HILIR, RIAU",8,42,175,217
https://kawalpemilu.org#14862,"Belantaraya, Gaung, INDRAGIRI HILIR, RIAU",9,50,137,187
https://kawalpemilu.org#14862,"Belantaraya, Gaung, INDRAGIRI HILIR, RIAU",11,48,88,136
https://kawalpemilu.org#14862,"Belantaraya, Gaung, INDRAGIRI HILIR, RIAU",12,66,116,182
https://kawalpemilu.org#14862,"Belantaraya, Gaung, INDRAGIRI HILIR, RIAU",13,59,124,183
https://kawalpemilu.org#14862,"Belantaraya, Gaung, INDRAGIRI HILIR, RIAU",14,60,127,187
https://kawalpemilu.org#14862,"Belantaraya, Gaung, INDRAGIRI HILIR, RIAU",15,74,131,205
https://kawalpemilu.org#14862,"Belantaraya, Gaung, INDRAGIRI HILIR, RIAU",16,46,118,164
https://kawalpemilu.org#14862,"Belantaraya, Gaung, INDRAGIRI HILIR, RIAU",17,24,70,94
https://kawalpemilu.org#14862,"Belantaraya, Gaung, INDRAGIRI HILIR, RIAU",18,71,154,225
https://kawalpemilu.org#14863,"SUNGAIBARU, Gaung, INDRAGIRI HILIR, RIAU",1,166,79,245
https://kawalpemilu.org#14863,"SUNGAIBARU, Gaung, INDRAGIRI HILIR, RIAU",2,132,54,186
https://kawalpemilu.org#14864,"KUALA LAHANG, Gaung, INDRAGIRI HILIR, RIAU",1,126,85,211
https://kawalpemilu.org#14864,"KUALA LAHANG, Gaung, INDRAGIRI HILIR, RIAU",2,71,134,205
https://kawalpemilu.org#14864,"KUALA LAHANG, Gaung, INDRAGIRI HILIR, RIAU",3,84,116,200
https://kawalpemilu.org#14864,"KUALA LAHANG, Gaung, INDRAGIRI HILIR, RIAU",4,96,119,215
https://kawalpemilu.org#14864,"KUALA LAHANG, Gaung, INDRAGIRI HILIR, RIAU",5,62,132,194
https://kawalpemilu.org#14864,"KUALA LAHANG, Gaung, INDRAGIRI HILIR, RIAU",6,48,139,187
https://kawalpemilu.org#14864,"KUALA LAHANG, Gaung, INDRAGIRI HILIR, RIAU",7,61,143,204
https://kawalpemilu.org#14864,"KUALA LAHANG, Gaung, INDRAGIRI HILIR, RIAU",8,65,144,209
https://kawalpemilu.org#14865,"Lahang Tengah, Gaung, INDRAGIRI HILIR, RIAU",1,145,98,243
https://kawalpemilu.org#14865,"Lahang Tengah, Gaung, INDRAGIRI HILIR, RIAU",2,70,144,214
https://kawalpemilu.org#14865,"Lahang Tengah, Gaung, INDRAGIRI HILIR, RIAU",3,109,99,208
https://kawalpemilu.org#14866,"Lahang Hulu, Gaung, INDRAGIRI HILIR, RIAU",1,74,83,157
https://kawalpemilu.org#14866,"Lahang Hulu, Gaung, INDRAGIRI HILIR, RIAU",2,72,161,233
https://kawalpemilu.org#14866,"Lahang Hulu, Gaung, INDRAGIRI HILIR, RIAU",3,67,167,234
https://kawalpemilu.org#14866,"Lahang Hulu, Gaung, INDRAGIRI HILIR, RIAU",4,89,50,139
https://kawalpemilu.org#14866,"Lahang Hulu, Gaung, INDRAGIRI HILIR, RIAU",5,33,72,105
https://kawalpemilu.org#14866,"Lahang Hulu, Gaung, INDRAGIRI HILIR, RIAU",6,14,214,228
https://kawalpemilu.org#14866,"Lahang Hulu, Gaung, INDRAGIRI HILIR, RIAU",7,101,50,151
https://kawalpemilu.org#14866,"Lahang Hulu, Gaung, INDRAGIRI HILIR, RIAU",9,102,97,199
https://kawalpemilu.org#14866,"Lahang Hulu, Gaung, INDRAGIRI HILIR, RIAU",10,41,88,129
https://kawalpemilu.org#14867,"Pungkat, Gaung, INDRAGIRI HILIR, RIAU",1,98,140,238
https://kawalpemilu.org#14867,"Pungkat, Gaung, INDRAGIRI HILIR, RIAU",2,77,138,215
https://kawalpemilu.org#14867,"Pungkat, Gaung, INDRAGIRI HILIR, RIAU",3,47,159,206
https://kawalpemilu.org#14867,"Pungkat, Gaung, INDRAGIRI HILIR, RIAU",4,47,150,197
https://kawalpemilu.org#14867,"Pungkat, Gaung, INDRAGIRI HILIR, RIAU",5,52,120,172
https://kawalpemilu.org#14867,"Pungkat, Gaung, INDRAGIRI HILIR, RIAU",6,104,41,145
https://kawalpemilu.org#14867,"Pungkat, Gaung, INDRAGIRI HILIR, RIAU",7,104,21,125
https://kawalpemilu.org#14868,"Jerambang, Gaung, INDRAGIRI HILIR, RIAU",1,78,127,205
https://kawalpemilu.org#14868,"Jerambang, Gaung, INDRAGIRI HILIR, RIAU",2,2,55,57
https://kawalpemilu.org#14868,"Jerambang, Gaung, INDRAGIRI HILIR, RIAU",3,119,59,178
https://kawalpemilu.org#14868,"Jerambang, Gaung, INDRAGIRI HILIR, RIAU",4,70,91,161
https://kawalpemilu.org#14869,"TELUKKABUNG, Gaung, INDRAGIRI HILIR, RIAU",1,109,112,221
https://kawalpemilu.org#14869,"TELUKKABUNG, Gaung, INDRAGIRI HILIR, RIAU",2,104,110,214
https://kawalpemilu.org#14869,"TELUKKABUNG, Gaung, INDRAGIRI HILIR, RIAU",3,86,18,104
https://kawalpemilu.org#14869,"TELUKKABUNG, Gaung, INDRAGIRI HILIR, RIAU",4,44,144,188
https://kawalpemilu.org#14869,"TELUKKABUNG, Gaung, INDRAGIRI HILIR, RIAU",5,25,131,156
https://kawalpemilu.org#14869,"TELUKKABUNG, Gaung, INDRAGIRI HILIR, RIAU",6,152,83,235
https://kawalpemilu.org#14869,"TELUKKABUNG, Gaung, INDRAGIRI HILIR, RIAU",7,114,51,165
https://kawalpemilu.org#14869,"TELUKKABUNG, Gaung, INDRAGIRI HILIR, RIAU",8,94,67,161
https://kawalpemilu.org#14869,"TELUKKABUNG, Gaung, INDRAGIRI HILIR, RIAU",9,86,18,104
https://kawalpemilu.org#84503,"GEMBIRA, Gaung, INDRAGIRI HILIR, RIAU",1,92,126,218
https://kawalpemilu.org#84503,"GEMBIRA, Gaung, INDRAGIRI HILIR, RIAU",2,69,118,187
https://kawalpemilu.org#84503,"GEMBIRA, Gaung, INDRAGIRI HILIR, RIAU",3,97,90,187
https://kawalpemilu.org#84503,"GEMBIRA, Gaung, INDRAGIRI HILIR, RIAU",4,93,62,155
https://kawalpemilu.org#84504,"SEMAMBU KUNING, Gaung, INDRAGIRI HILIR, RIAU",1,31,82,113
https://kawalpemilu.org#84504,"SEMAMBU KUNING, Gaung, INDRAGIRI HILIR, RIAU",2,115,74,189
https://kawalpemilu.org#84504,"SEMAMBU KUNING, Gaung, INDRAGIRI HILIR, RIAU",3,184,46,230
https://kawalpemilu.org#84504,"SEMAMBU KUNING, Gaung, INDRAGIRI HILIR, RIAU",4,111,45,156
https://kawalpemilu.org#84505,"TELUKMERBAU, Gaung, INDRAGIRI HILIR, RIAU",1,28,168,196
https://kawalpemilu.org#84505,"TELUKMERBAU, Gaung, INDRAGIRI HILIR, RIAU",2,23,221,244
https://kawalpemilu.org#84505,"TELUKMERBAU, Gaung, INDRAGIRI HILIR, RIAU",3,18,119,137
https://kawalpemilu.org#84505,"TELUKMERBAU, Gaung, INDRAGIRI HILIR, RIAU",4,40,90,130
https://kawalpemilu.org#84506,"PINTASAN, Gaung, INDRAGIRI HILIR, RIAU",1,43,107,150
https://kawalpemilu.org#84506,"PINTASAN, Gaung, INDRAGIRI HILIR, RIAU",2,88,41,129
https://kawalpemilu.org#89389,"SOREN, Gaung, INDRAGIRI HILIR, RIAU",1,106,110,216
https://kawalpemilu.org#89389,"SOREN, Gaung, INDRAGIRI HILIR, RIAU",2,126,97,223
https://kawalpemilu.org#14871,"Tembilahan Hulu, Tembilahan Hulu, INDRAGIRI HILIR, RIAU",1,97,101,198
https://kawalpemilu.org#14871,"Tembilahan Hulu, Tembilahan Hulu, INDRAGIRI HILIR, RIAU",2,71,124,195
https://kawalpemilu.org#14871,"Tembilahan Hulu, Tembilahan Hulu, INDRAGIRI HILIR, RIAU",3,72,111,183
https://kawalpemilu.org#14871,"Tembilahan Hulu, Tembilahan Hulu, INDRAGIRI HILIR, RIAU",4,106,112,218
https://kawalpemilu.org#14871,"Tembilahan Hulu, Tembilahan Hulu, INDRAGIRI HILIR, RIAU",7,19,104,123
https://kawalpemilu.org#14871,"Tembilahan Hulu, Tembilahan Hulu, INDRAGIRI HILIR, RIAU",8,52,125,177
https://kawalpemilu.org#14871,"Tembilahan Hulu, Tembilahan Hulu, INDRAGIRI HILIR, RIAU",9,82,90,172
https://kawalpemilu.org#14871,"Tembilahan Hulu, Tembilahan Hulu, INDRAGIRI HILIR, RIAU",10,64,165,229
https://kawalpemilu.org#14871,"Tembilahan Hulu, Tembilahan Hulu, INDRAGIRI HILIR, RIAU",11,99,121,220
https://kawalpemilu.org#14871,"Tembilahan Hulu, Tembilahan Hulu, INDRAGIRI HILIR, RIAU",12,49,96,145
https://kawalpemilu.org#14871,"Tembilahan Hulu, Tembilahan Hulu, INDRAGIRI HILIR, RIAU",13,25,124,135
https://kawalpemilu.org#14871,"Tembilahan Hulu, Tembilahan Hulu, INDRAGIRI HILIR, RIAU",14,21,112,135
https://kawalpemilu.org#14871,"Tembilahan Hulu, Tembilahan Hulu, INDRAGIRI HILIR, RIAU",15,67,180,247
https://kawalpemilu.org#14871,"Tembilahan Hulu, Tembilahan Hulu, INDRAGIRI HILIR, RIAU",16,98,179,277
https://kawalpemilu.org#14871,"Tembilahan Hulu, Tembilahan Hulu, INDRAGIRI HILIR, RIAU",17,46,131,177
https://kawalpemilu.org#14871,"Tembilahan Hulu, Tembilahan Hulu, INDRAGIRI HILIR, RIAU",18,72,130,202
https://kawalpemilu.org#14871,"Tembilahan Hulu, Tembilahan Hulu, INDRAGIRI HILIR, RIAU",19,50,80,130
https://kawalpemilu.org#14871,"Tembilahan Hulu, Tembilahan Hulu, INDRAGIRI HILIR, RIAU",20,49,89,138
https://kawalpemilu.org#14871,"Tembilahan Hulu, Tembilahan Hulu, INDRAGIRI HILIR, RIAU",21,49,90,139
https://kawalpemilu.org#14871,"Tembilahan Hulu, Tembilahan Hulu, INDRAGIRI HILIR, RIAU",22,43,131,174
https://kawalpemilu.org#14871,"Tembilahan Hulu, Tembilahan Hulu, INDRAGIRI HILIR, RIAU",23,53,165,218
https://kawalpemilu.org#14871,"Tembilahan Hulu, Tembilahan Hulu, INDRAGIRI HILIR, RIAU",24,49,136,185
https://kawalpemilu.org#14871,"Tembilahan Hulu, Tembilahan Hulu, INDRAGIRI HILIR, RIAU",25,78,153,231
https://kawalpemilu.org#14871,"Tembilahan Hulu, Tembilahan Hulu, INDRAGIRI HILIR, RIAU",26,66,147,213
https://kawalpemilu.org#14871,"Tembilahan Hulu, Tembilahan Hulu, INDRAGIRI HILIR, RIAU",27,76,143,219
https://kawalpemilu.org#14871,"Tembilahan Hulu, Tembilahan Hulu, INDRAGIRI HILIR, RIAU",28,66,172,238
https://kawalpemilu.org#14871,"Tembilahan Hulu, Tembilahan Hulu, INDRAGIRI HILIR, RIAU",29,66,194,260
https://kawalpemilu.org#14871,"Tembilahan Hulu, Tembilahan Hulu, INDRAGIRI HILIR, RIAU",30,35,229,264
https://kawalpemilu.org#14871,"Tembilahan Hulu, Tembilahan Hulu, INDRAGIRI HILIR, RIAU",31,33,160,193
https://kawalpemilu.org#14871,"Tembilahan Hulu, Tembilahan Hulu, INDRAGIRI HILIR, RIAU",32,21,137,158
https://kawalpemilu.org#14871,"Tembilahan Hulu, Tembilahan Hulu, INDRAGIRI HILIR, RIAU",33,73,92,165
https://kawalpemilu.org#14871,"Tembilahan Hulu, Tembilahan Hulu, INDRAGIRI HILIR, RIAU",34,90,136,226
https://kawalpemilu.org#14871,"Tembilahan Hulu, Tembilahan Hulu, INDRAGIRI HILIR, RIAU",35,39,70,109
https://kawalpemilu.org#14871,"Tembilahan Hulu, Tembilahan Hulu, INDRAGIRI HILIR, RIAU",36,59,148,207
https://kawalpemilu.org#14871,"Tembilahan Hulu, Tembilahan Hulu, INDRAGIRI HILIR, RIAU",37,79,198,277
https://kawalpemilu.org#14871,"Tembilahan Hulu, Tembilahan Hulu, INDRAGIRI HILIR, RIAU",38,59,164,223
https://kawalpemilu.org#14871,"Tembilahan Hulu, Tembilahan Hulu, INDRAGIRI HILIR, RIAU",39,89,160,249
https://kawalpemilu.org#14871,"Tembilahan Hulu, Tembilahan Hulu, INDRAGIRI HILIR, RIAU",40,65,125,193
https://kawalpemilu.org#14871,"Tembilahan Hulu, Tembilahan Hulu, INDRAGIRI HILIR, RIAU",41,65,169,234
https://kawalpemilu.org#14871,"Tembilahan Hulu, Tembilahan Hulu, INDRAGIRI HILIR, RIAU",42,74,155,229
https://kawalpemilu.org#14871,"Tembilahan Hulu, Tembilahan Hulu, INDRAGIRI HILIR, RIAU",43,42,117,159
https://kawalpemilu.org#14871,"Tembilahan Hulu, Tembilahan Hulu, INDRAGIRI HILIR, RIAU",44,30,115,145
https://kawalpemilu.org#14871,"Tembilahan Hulu, Tembilahan Hulu, INDRAGIRI HILIR, RIAU",45,50,137,187
https://kawalpemilu.org#14871,"Tembilahan Hulu, Tembilahan Hulu, INDRAGIRI HILIR, RIAU",46,82,124,206
https://kawalpemilu.org#14871,"Tembilahan Hulu, Tembilahan Hulu, INDRAGIRI HILIR, RIAU",47,77,138,215
https://kawalpemilu.org#14871,"Tembilahan Hulu, Tembilahan Hulu, INDRAGIRI HILIR, RIAU",48,24,83,107
https://kawalpemilu.org#14871,"Tembilahan Hulu, Tembilahan Hulu, INDRAGIRI HILIR, RIAU",49,81,192,273
https://kawalpemilu.org#14871,"Tembilahan Hulu, Tembilahan Hulu, INDRAGIRI HILIR, RIAU",50,75,170,245
https://kawalpemilu.org#14871,"Tembilahan Hulu, Tembilahan Hulu, INDRAGIRI HILIR, RIAU",51,69,110,179
https://kawalpemilu.org#14871,"Tembilahan Hulu, Tembilahan Hulu, INDRAGIRI HILIR, RIAU",52,107,146,253
https://kawalpemilu.org#14871,"Tembilahan Hulu, Tembilahan Hulu, INDRAGIRI HILIR, RIAU",53,48,129,177
https://kawalpemilu.org#14871,"Tembilahan Hulu, Tembilahan Hulu, INDRAGIRI HILIR, RIAU",54,57,110,167
https://kawalpemilu.org#14871,"Tembilahan Hulu, Tembilahan Hulu, INDRAGIRI HILIR, RIAU",55,68,127,195
https://kawalpemilu.org#14871,"Tembilahan Hulu, Tembilahan Hulu, INDRAGIRI HILIR, RIAU",56,60,100,160
https://kawalpemilu.org#14871,"Tembilahan Hulu, Tembilahan Hulu, INDRAGIRI HILIR, RIAU",57,65,97,162
https://kawalpemilu.org#14871,"Tembilahan Hulu, Tembilahan Hulu, INDRAGIRI HILIR, RIAU",58,52,154,206
https://kawalpemilu.org#14871,"Tembilahan Hulu, Tembilahan Hulu, INDRAGIRI HILIR, RIAU",59,76,107,183
https://kawalpemilu.org#14871,"Tembilahan Hulu, Tembilahan Hulu, INDRAGIRI HILIR, RIAU",60,54,156,210
https://kawalpemilu.org#14871,"Tembilahan Hulu, Tembilahan Hulu, INDRAGIRI HILIR, RIAU",62,84,95,179
https://kawalpemilu.org#14871,"Tembilahan Hulu, Tembilahan Hulu, INDRAGIRI HILIR, RIAU",63,86,127,212
https://kawalpemilu.org#14871,"Tembilahan Hulu, Tembilahan Hulu, INDRAGIRI HILIR, RIAU",64,82,130,212
https://kawalpemilu.org#14871,"Tembilahan Hulu, Tembilahan Hulu, INDRAGIRI HILIR, RIAU",65,88,199,287
https://kawalpemilu.org#14871,"Tembilahan Hulu, Tembilahan Hulu, INDRAGIRI HILIR, RIAU",66,47,111,158
https://kawalpemilu.org#14871,"Tembilahan Hulu, Tembilahan Hulu, INDRAGIRI HILIR, RIAU",67,45,109,154
https://kawalpemilu.org#14871,"Tembilahan Hulu, Tembilahan Hulu, INDRAGIRI HILIR, RIAU",68,62,186,248
https://kawalpemilu.org#14872,"Pekan Kamis, Tembilahan Hulu, INDRAGIRI HILIR, RIAU",1,65,176,241
https://kawalpemilu.org#14872,"Pekan Kamis, Tembilahan Hulu, INDRAGIRI HILIR, RIAU",2,66,170,236
https://kawalpemilu.org#14872,"Pekan Kamis, Tembilahan Hulu, INDRAGIRI HILIR, RIAU",3,61,151,212
https://kawalpemilu.org#14873,"PULAUPALAS, Tembilahan Hulu, INDRAGIRI HILIR, RIAU",1,36,199,235
https://kawalpemilu.org#14873,"PULAUPALAS, Tembilahan Hulu, INDRAGIRI HILIR, RIAU",2,68,99,167
https://kawalpemilu.org#14873,"PULAUPALAS, Tembilahan Hulu, INDRAGIRI HILIR, RIAU",3,68,118,186
https://kawalpemilu.org#14873,"PULAUPALAS, Tembilahan Hulu, INDRAGIRI HILIR, RIAU",4,65,139,204
https://kawalpemilu.org#14873,"PULAUPALAS, Tembilahan Hulu, INDRAGIRI HILIR, RIAU",5,59,170,229
https://kawalpemilu.org#14873,"PULAUPALAS, Tembilahan Hulu, INDRAGIRI HILIR, RIAU",6,80,160,240
https://kawalpemilu.org#14873,"PULAUPALAS, Tembilahan Hulu, INDRAGIRI HILIR, RIAU",7,73,111,184
https://kawalpemilu.org#14873,"PULAUPALAS, Tembilahan Hulu, INDRAGIRI HILIR, RIAU",8,62,117,179
https://kawalpemilu.org#14873,"PULAUPALAS, Tembilahan Hulu, INDRAGIRI HILIR, RIAU",9,111,116,227
https://kawalpemilu.org#14873,"PULAUPALAS, Tembilahan Hulu, INDRAGIRI HILIR, RIAU",10,92,114,206
https://kawalpemilu.org#14873,"PULAUPALAS, Tembilahan Hulu, INDRAGIRI HILIR, RIAU",11,76,100,176
https://kawalpemilu.org#14873,"PULAUPALAS, Tembilahan Hulu, INDRAGIRI HILIR, RIAU",12,71,105,176
https://kawalpemilu.org#14873,"PULAUPALAS, Tembilahan Hulu, INDRAGIRI HILIR, RIAU",13,34,118,152
https://kawalpemilu.org#14873,"PULAUPALAS, Tembilahan Hulu, INDRAGIRI HILIR, RIAU",14,89,108,197
https://kawalpemilu.org#14873,"PULAUPALAS, Tembilahan Hulu, INDRAGIRI HILIR, RIAU",15,37,93,130
https://kawalpemilu.org#14873,"PULAUPALAS, Tembilahan Hulu, INDRAGIRI HILIR, RIAU",16,23,88,111
https://kawalpemilu.org#14873,"PULAUPALAS, Tembilahan Hulu, INDRAGIRI HILIR, RIAU",17,69,107,176
https://kawalpemilu.org#14873,"PULAUPALAS, Tembilahan Hulu, INDRAGIRI HILIR, RIAU",18,77,149,226
https://kawalpemilu.org#14873,"PULAUPALAS, Tembilahan Hulu, INDRAGIRI HILIR, RIAU",19,48,175,223
https://kawalpemilu.org#14873,"PULAUPALAS, Tembilahan Hulu, INDRAGIRI HILIR, RIAU",20,94,120,214
https://kawalpemilu.org#14874,"Sialang Panjang, Tembilahan Hulu, INDRAGIRI HILIR, RIAU",1,74,148,222
https://kawalpemilu.org#14874,"Sialang Panjang, Tembilahan Hulu, INDRAGIRI HILIR, RIAU",2,62,131,193
https://kawalpemilu.org#14874,"Sialang Panjang, Tembilahan Hulu, INDRAGIRI HILIR, RIAU",3,54,154,208
https://kawalpemilu.org#14874,"Sialang Panjang, Tembilahan Hulu, INDRAGIRI HILIR, RIAU",4,61,175,236
https://kawalpemilu.org#14874,"Sialang Panjang, Tembilahan Hulu, INDRAGIRI HILIR, RIAU",5,22,109,131
https://kawalpemilu.org#14874,"Sialang Panjang, Tembilahan Hulu, INDRAGIRI HILIR, RIAU",6,59,81,140
https://kawalpemilu.org#14874,"Sialang Panjang, Tembilahan Hulu, INDRAGIRI HILIR, RIAU",7,56,63,119
https://kawalpemilu.org#84507,"TEMBILAHAN BARAT, Tembilahan Hulu, INDRAGIRI HILIR, RIAU",1,76,78,154
https://kawalpemilu.org#84507,"TEMBILAHAN BARAT, Tembilahan Hulu, INDRAGIRI HILIR, RIAU",2,38,124,162
https://kawalpemilu.org#84507,"TEMBILAHAN BARAT, Tembilahan Hulu, INDRAGIRI HILIR, RIAU",3,29,134,163
https://kawalpemilu.org#84507,"TEMBILAHAN BARAT, Tembilahan Hulu, INDRAGIRI HILIR, RIAU",4,47,207,254
https://kawalpemilu.org#84507,"TEMBILAHAN BARAT, Tembilahan Hulu, INDRAGIRI HILIR, RIAU",5,70,120,190
https://kawalpemilu.org#84507,"TEMBILAHAN BARAT, Tembilahan Hulu, INDRAGIRI HILIR, RIAU",6,40,58,98
https://kawalpemilu.org#84507,"TEMBILAHAN BARAT, Tembilahan Hulu, INDRAGIRI HILIR, RIAU",7,56,91,147
https://kawalpemilu.org#84507,"TEMBILAHAN BARAT, Tembilahan Hulu, INDRAGIRI HILIR, RIAU",8,65,150,215
https://kawalpemilu.org#84507,"TEMBILAHAN BARAT, Tembilahan Hulu, INDRAGIRI HILIR, RIAU",9,47,83,130
https://kawalpemilu.org#84507,"TEMBILAHAN BARAT, Tembilahan Hulu, INDRAGIRI HILIR, RIAU",10,64,136,200
https://kawalpemilu.org#84507,"TEMBILAHAN BARAT, Tembilahan Hulu, INDRAGIRI HILIR, RIAU",11,54,95,149
https://kawalpemilu.org#84507,"TEMBILAHAN BARAT, Tembilahan Hulu, INDRAGIRI HILIR, RIAU",12,75,70,145
https://kawalpemilu.org#84507,"TEMBILAHAN BARAT, Tembilahan Hulu, INDRAGIRI HILIR, RIAU",13,61,100,161
https://kawalpemilu.org#84507,"TEMBILAHAN BARAT, Tembilahan Hulu, INDRAGIRI HILIR, RIAU",14,78,80,158
https://kawalpemilu.org#84507,"TEMBILAHAN BARAT, Tembilahan Hulu, INDRAGIRI HILIR, RIAU",15,72,139,211
https://kawalpemilu.org#84507,"TEMBILAHAN BARAT, Tembilahan Hulu, INDRAGIRI HILIR, RIAU",16,68,100,168
https://kawalpemilu.org#84507,"TEMBILAHAN BARAT, Tembilahan Hulu, INDRAGIRI HILIR, RIAU",17,51,68,119
https://kawalpemilu.org#84507,"TEMBILAHAN BARAT, Tembilahan Hulu, INDRAGIRI HILIR, RIAU",18,74,112,186
https://kawalpemilu.org#84508,"SUNGAIINTAN, Tembilahan Hulu, INDRAGIRI HILIR, RIAU",1,23,171,194
https://kawalpemilu.org#84508,"SUNGAIINTAN, Tembilahan Hulu, INDRAGIRI HILIR, RIAU",2,13,73,86
https://kawalpemilu.org#84508,"SUNGAIINTAN, Tembilahan Hulu, INDRAGIRI HILIR, RIAU",3,9,132,141
https://kawalpemilu.org#84508,"SUNGAIINTAN, Tembilahan Hulu, INDRAGIRI HILIR, RIAU",4,4,136,140
https://kawalpemilu.org#84508,"SUNGAIINTAN, Tembilahan Hulu, INDRAGIRI HILIR, RIAU",5,22,104,126
https://kawalpemilu.org#84508,"SUNGAIINTAN, Tembilahan Hulu, INDRAGIRI HILIR, RIAU",6,28,122,150
https://kawalpemilu.org#84508,"SUNGAIINTAN, Tembilahan Hulu, INDRAGIRI HILIR, RIAU",7,65,58,123
https://kawalpemilu.org#84508,"SUNGAIINTAN, Tembilahan Hulu, INDRAGIRI HILIR, RIAU",8,26,123,149
https://kawalpemilu.org#84508,"SUNGAIINTAN, Tembilahan Hulu, INDRAGIRI HILIR, RIAU",9,23,87,110
https://kawalpemilu.org#84508,"SUNGAIINTAN, Tembilahan Hulu, INDRAGIRI HILIR, RIAU",10,23,202,225
https://kawalpemilu.org#84508,"SUNGAIINTAN, Tembilahan Hulu, INDRAGIRI HILIR, RIAU",11,22,136,158
https://kawalpemilu.org#84508,"SUNGAIINTAN, Tembilahan Hulu, INDRAGIRI HILIR, RIAU",12,30,73,103
https://kawalpemilu.org#14876,"SELENSEN, Kemuning, INDRAGIRI HILIR, RIAU",1,42,159,199
https://kawalpemilu.org#14876,"SELENSEN, Kemuning, INDRAGIRI HILIR, RIAU",2,65,93,158
https://kawalpemilu.org#14876,"SELENSEN, Kemuning, INDRAGIRI HILIR, RIAU",3,31,126,157
https://kawalpemilu.org#14876,"SELENSEN, Kemuning, INDRAGIRI HILIR, RIAU",4,65,127,192
https://kawalpemilu.org#14876,"SELENSEN, Kemuning, INDRAGIRI HILIR, RIAU",5,69,107,178
https://kawalpemilu.org#14876,"SELENSEN, Kemuning, INDRAGIRI HILIR, RIAU",6,109,69,178
https://kawalpemilu.org#14876,"SELENSEN, Kemuning, INDRAGIRI HILIR, RIAU",7,83,102,185
https://kawalpemilu.org#14876,"SELENSEN, Kemuning, INDRAGIRI HILIR, RIAU",8,54,123,177
https://kawalpemilu.org#14876,"SELENSEN, Kemuning, INDRAGIRI HILIR, RIAU",9,23,69,92
https://kawalpemilu.org#14876,"SELENSEN, Kemuning, INDRAGIRI HILIR, RIAU",10,69,43,112
https://kawalpemilu.org#14876,"SELENSEN, Kemuning, INDRAGIRI HILIR, RIAU",11,35,55,90
https://kawalpemilu.org#14876,"SELENSEN, Kemuning, INDRAGIRI HILIR, RIAU",12,40,69,109
https://kawalpemilu.org#14876,"SELENSEN, Kemuning, INDRAGIRI HILIR, RIAU",13,53,43,98
https://kawalpemilu.org#14877,"Batu Ampar, Kemuning, INDRAGIRI HILIR, RIAU",1,58,92,150
https://kawalpemilu.org#14877,"Batu Ampar, Kemuning, INDRAGIRI HILIR, RIAU",3,58,112,170
https://kawalpemilu.org#14877,"Batu Ampar, Kemuning, INDRAGIRI HILIR, RIAU",4,61,99,160
https://kawalpemilu.org#14877,"Batu Ampar, Kemuning, INDRAGIRI HILIR, RIAU",5,72,143,215
https://kawalpemilu.org#14877,"Batu Ampar, Kemuning, INDRAGIRI HILIR, RIAU",6,63,115,178
https://kawalpemilu.org#14877,"Batu Ampar, Kemuning, INDRAGIRI HILIR, RIAU",7,132,81,213
https://kawalpemilu.org#14877,"Batu Ampar, Kemuning, INDRAGIRI HILIR, RIAU",8,106,70,176
https://kawalpemilu.org#14877,"Batu Ampar, Kemuning, INDRAGIRI HILIR, RIAU",9,107,61,168
https://kawalpemilu.org#14877,"Batu Ampar, Kemuning, INDRAGIRI HILIR, RIAU",10,126,85,211
https://kawalpemilu.org#14877,"Batu Ampar, Kemuning, INDRAGIRI HILIR, RIAU",11,93,98,191
https://kawalpemilu.org#14877,"Batu Ampar, Kemuning, INDRAGIRI HILIR, RIAU",12,155,65,220
https://kawalpemilu.org#14877,"Batu Ampar, Kemuning, INDRAGIRI HILIR, RIAU",13,138,29,167
https://kawalpemilu.org#14877,"Batu Ampar, Kemuning, INDRAGIRI HILIR, RIAU",14,86,25,111
https://kawalpemilu.org#14877,"Batu Ampar, Kemuning, INDRAGIRI HILIR, RIAU",15,46,20,66
https://kawalpemilu.org#14878,"Keritang, Kemuning, INDRAGIRI HILIR, RIAU",1,124,35,159
https://kawalpemilu.org#14878,"Keritang, Kemuning, INDRAGIRI HILIR, RIAU",2,133,19,152
https://kawalpemilu.org#14878,"Keritang, Kemuning, INDRAGIRI HILIR, RIAU",3,163,32,195
https://kawalpemilu.org#14878,"Keritang, Kemuning, INDRAGIRI HILIR, RIAU",4,138,56,194
https://kawalpemilu.org#14878,"Keritang, Kemuning, INDRAGIRI HILIR, RIAU",5,146,30,176
https://kawalpemilu.org#14878,"Keritang, Kemuning, INDRAGIRI HILIR, RIAU",6,125,39,164
https://kawalpemilu.org#14878,"Keritang, Kemuning, INDRAGIRI HILIR, RIAU",7,55,11,66
https://kawalpemilu.org#14878,"Keritang, Kemuning, INDRAGIRI HILIR, RIAU",8,155,46,201
https://kawalpemilu.org#14878,"Keritang, Kemuning, INDRAGIRI HILIR, RIAU",9,162,58,220
https://kawalpemilu.org#14878,"Keritang, Kemuning, INDRAGIRI HILIR, RIAU",10,153,30,183
https://kawalpemilu.org#14878,"Keritang, Kemuning, INDRAGIRI HILIR, RIAU",11,98,53,151
https://kawalpemilu.org#14878,"Keritang, Kemuning, INDRAGIRI HILIR, RIAU",12,71,44,115
https://kawalpemilu.org#14878,"Keritang, Kemuning, INDRAGIRI HILIR, RIAU",13,73,129,202
https://kawalpemilu.org#14878,"Keritang, Kemuning, INDRAGIRI HILIR, RIAU",14,118,51,169
https://kawalpemilu.org#14878,"Keritang, Kemuning, INDRAGIRI HILIR, RIAU",15,126,37,163
https://kawalpemilu.org#14878,"Keritang, Kemuning, INDRAGIRI HILIR, RIAU",16,153,30,183
https://kawalpemilu.org#14878,"Keritang, Kemuning, INDRAGIRI HILIR, RIAU",17,130,27,157
https://kawalpemilu.org#14878,"Keritang, Kemuning, INDRAGIRI HILIR, RIAU",18,127,39,166
https://kawalpemilu.org#14878,"Keritang, Kemuning, INDRAGIRI HILIR, RIAU",19,121,37,158
https://kawalpemilu.org#14878,"Keritang, Kemuning, INDRAGIRI HILIR, RIAU",20,80,26,106
https://kawalpemilu.org#14878,"Keritang, Kemuning, INDRAGIRI HILIR, RIAU",21,109,59,168
https://kawalpemilu.org#14878,"Keritang, Kemuning, INDRAGIRI HILIR, RIAU",22,102,44,146
https://kawalpemilu.org#14878,"Keritang, Kemuning, INDRAGIRI HILIR, RIAU",23,107,21,128
https://kawalpemilu.org#14878,"Keritang, Kemuning, INDRAGIRI HILIR, RIAU",24,111,22,133
https://kawalpemilu.org#14878,"Keritang, Kemuning, INDRAGIRI HILIR, RIAU",25,132,71,203
https://kawalpemilu.org#14878,"Keritang, Kemuning, INDRAGIRI HILIR, RIAU",26,95,36,131
https://kawalpemilu.org#14878,"Keritang, Kemuning, INDRAGIRI HILIR, RIAU",27,91,41,132
https://kawalpemilu.org#14878,"Keritang, Kemuning, INDRAGIRI HILIR, RIAU",28,140,46,186
https://kawalpemilu.org#14878,"Keritang, Kemuning, INDRAGIRI HILIR, RIAU",29,110,64,174
https://kawalpemilu.org#14878,"Keritang, Kemuning, INDRAGIRI HILIR, RIAU",30,167,63,230
https://kawalpemilu.org#14878,"Keritang, Kemuning, INDRAGIRI HILIR, RIAU",31,137,71,208
https://kawalpemilu.org#14878,"Keritang, Kemuning, INDRAGIRI HILIR, RIAU",32,148,8,156
https://kawalpemilu.org#14878,"Keritang, Kemuning, INDRAGIRI HILIR, RIAU",33,164,9,173
https://kawalpemilu.org#14878,"Keritang, Kemuning, INDRAGIRI HILIR, RIAU",34,148,4,152
https://kawalpemilu.org#14878,"Keritang, Kemuning, INDRAGIRI HILIR, RIAU",35,97,101,198
https://kawalpemilu.org#14878,"Keritang, Kemuning, INDRAGIRI HILIR, RIAU",36,59,15,74
https://kawalpemilu.org#14879,"Air Balui, Kemuning, INDRAGIRI HILIR, RIAU",1,86,107,193
https://kawalpemilu.org#14879,"Air Balui, Kemuning, INDRAGIRI HILIR, RIAU",2,101,157,258
https://kawalpemilu.org#14879,"Air Balui, Kemuning, INDRAGIRI HILIR, RIAU",3,135,104,239
https://kawalpemilu.org#14879,"Air Balui, Kemuning, INDRAGIRI HILIR, RIAU",4,120,31,151
https://kawalpemilu.org#14879,"Air Balui, Kemuning, INDRAGIRI HILIR, RIAU",5,128,73,201
https://kawalpemilu.org#14879,"Air Balui, Kemuning, INDRAGIRI HILIR, RIAU",6,62,67,129
https://kawalpemilu.org#14879,"Air Balui, Kemuning, INDRAGIRI HILIR, RIAU",7,127,23,150
https://kawalpemilu.org#14880,"Tuk Jimun, Kemuning, INDRAGIRI HILIR, RIAU",1,135,120,255
https://kawalpemilu.org#14880,"Tuk Jimun, Kemuning, INDRAGIRI HILIR, RIAU",2,119,20,139
https://kawalpemilu.org#14881,"Kemuning Tua, Kemuning, INDRAGIRI HILIR, RIAU",1,131,76,207
https://kawalpemilu.org#14881,"Kemuning Tua, Kemuning, INDRAGIRI HILIR, RIAU",2,77,150,227
https://kawalpemilu.org#14881,"Kemuning Tua, Kemuning, INDRAGIRI HILIR, RIAU",3,71,164,235
https://kawalpemilu.org#14881,"Kemuning Tua, Kemuning, INDRAGIRI HILIR, RIAU",4,140,102,242
https://kawalpemilu.org#14882,"Kemuning Muda, Kemuning, INDRAGIRI HILIR, RIAU",1,66,157,223
https://kawalpemilu.org#14882,"Kemuning Muda, Kemuning, INDRAGIRI HILIR, RIAU",2,97,148,245
https://kawalpemilu.org#14882,"Kemuning Muda, Kemuning, INDRAGIRI HILIR, RIAU",3,185,42,227
https://kawalpemilu.org#14882,"Kemuning Muda, Kemuning, INDRAGIRI HILIR, RIAU",4,104,55,159
https://kawalpemilu.org#14883,"Limau Manis, Kemuning, INDRAGIRI HILIR, RIAU",1,135,97,232
https://kawalpemilu.org#14883,"Limau Manis, Kemuning, INDRAGIRI HILIR, RIAU",2,102,100,202
https://kawalpemilu.org#14883,"Limau Manis, Kemuning, INDRAGIRI HILIR, RIAU",3,105,95,200
https://kawalpemilu.org#14884,"Lubuk Besar, Kemuning, INDRAGIRI HILIR, RIAU",1,88,147,235
https://kawalpemilu.org#14884,"Lubuk Besar, Kemuning, INDRAGIRI HILIR, RIAU",2,82,160,242
https://kawalpemilu.org#14884,"Lubuk Besar, Kemuning, INDRAGIRI HILIR, RIAU",3,129,24,153
https://kawalpemilu.org#14885,"Sekara, Kemuning, INDRAGIRI HILIR, RIAU",1,85,120,205
https://kawalpemilu.org#14885,"Sekara, Kemuning, INDRAGIRI HILIR, RIAU",2,114,63,177
https://kawalpemilu.org#14885,"Sekara, Kemuning, INDRAGIRI HILIR, RIAU",3,107,92,199
https://kawalpemilu.org#14885,"Sekara, Kemuning, INDRAGIRI HILIR, RIAU",4,173,7,180
https://kawalpemilu.org#14885,"Sekara, Kemuning, INDRAGIRI HILIR, RIAU",5,75,87,162
https://kawalpemilu.org#14885,"Sekara, Kemuning, INDRAGIRI HILIR, RIAU",6,136,27,163
https://kawalpemilu.org#14885,"Sekara, Kemuning, INDRAGIRI HILIR, RIAU",7,106,28,134
https://kawalpemilu.org#14885,"Sekara, Kemuning, INDRAGIRI HILIR, RIAU",8,128,54,182
https://kawalpemilu.org#14886,"Talang Jangkang, Kemuning, INDRAGIRI HILIR, RIAU",1,92,99,191
https://kawalpemilu.org#14886,"Talang Jangkang, Kemuning, INDRAGIRI HILIR, RIAU",2,52,131,183
https://kawalpemilu.org#14886,"Talang Jangkang, Kemuning, INDRAGIRI HILIR, RIAU",3,60,88,148
https://kawalpemilu.org#84509,"SEKAYAN, Kemuning, INDRAGIRI HILIR, RIAU",1,108,95,203
https://kawalpemilu.org#84509,"SEKAYAN, Kemuning, INDRAGIRI HILIR, RIAU",2,185,33,218
https://kawalpemilu.org#84509,"SEKAYAN, Kemuning, INDRAGIRI HILIR, RIAU",3,229,26,255
https://kawalpemilu.org#84509,"SEKAYAN, Kemuning, INDRAGIRI HILIR, RIAU",4,243,17,260
https://kawalpemilu.org#84509,"SEKAYAN, Kemuning, INDRAGIRI HILIR, RIAU",5,172,15,187
https://kawalpemilu.org#84509,"SEKAYAN, Kemuning, INDRAGIRI HILIR, RIAU",6,145,9,154
https://kawalpemilu.org#14888,"Rotan Semelur, Pelangiran, INDRAGIRI HILIR, RIAU",1,32,168,200
https://kawalpemilu.org#14888,"Rotan Semelur, Pelangiran, INDRAGIRI HILIR, RIAU",2,35,139,174
https://kawalpemilu.org#14888,"Rotan Semelur, Pelangiran, INDRAGIRI HILIR, RIAU",3,24,205,229
https://kawalpemilu.org#14888,"Rotan Semelur, Pelangiran, INDRAGIRI HILIR, RIAU",4,51,103,154
https://kawalpemilu.org#14888,"Rotan Semelur, Pelangiran, INDRAGIRI HILIR, RIAU",5,58,173,231
https://kawalpemilu.org#14888,"Rotan Semelur, Pelangiran, INDRAGIRI HILIR, RIAU",6,44,88,132
https://kawalpemilu.org#14888,"Rotan Semelur, Pelangiran, INDRAGIRI HILIR, RIAU",7,39,94,133
https://kawalpemilu.org#14888,"Rotan Semelur, Pelangiran, INDRAGIRI HILIR, RIAU",8,38,105,143
https://kawalpemilu.org#14888,"Rotan Semelur, Pelangiran, INDRAGIRI HILIR, RIAU",9,102,54,156
https://kawalpemilu.org#14888,"Rotan Semelur, Pelangiran, INDRAGIRI HILIR, RIAU",10,83,56,139
https://kawalpemilu.org#14888,"Rotan Semelur, Pelangiran, INDRAGIRI HILIR, RIAU",11,61,31,92
https://kawalpemilu.org#14888,"Rotan Semelur, Pelangiran, INDRAGIRI HILIR, RIAU",12,56,76,132
https://kawalpemilu.org#14888,"Rotan Semelur, Pelangiran, INDRAGIRI HILIR, RIAU",13,38,41,79
https://kawalpemilu.org#14888,"Rotan Semelur, Pelangiran, INDRAGIRI HILIR, RIAU",14,17,50,67
https://kawalpemilu.org#14888,"Rotan Semelur, Pelangiran, INDRAGIRI HILIR, RIAU",15,38,104,142
https://kawalpemilu.org#14888,"Rotan Semelur, Pelangiran, INDRAGIRI HILIR, RIAU",16,54,58,112
https://kawalpemilu.org#14889,"PELANGIRAN, Pelangiran, INDRAGIRI HILIR, RIAU",1,15,66,81
https://kawalpemilu.org#14889,"PELANGIRAN, Pelangiran, INDRAGIRI HILIR, RIAU",2,21,70,91
https://kawalpemilu.org#14889,"PELANGIRAN, Pelangiran, INDRAGIRI HILIR, RIAU",3,44,135,179
https://kawalpemilu.org#14889,"PELANGIRAN, Pelangiran, INDRAGIRI HILIR, RIAU",5,30,149,179
https://kawalpemilu.org#14889,"PELANGIRAN, Pelangiran, INDRAGIRI HILIR, RIAU",6,22,106,128
https://kawalpemilu.org#14889,"PELANGIRAN, Pelangiran, INDRAGIRI HILIR, RIAU",7,51,132,183
https://kawalpemilu.org#14889,"PELANGIRAN, Pelangiran, INDRAGIRI HILIR, RIAU",8,23,123,146
https://kawalpemilu.org#14889,"PELANGIRAN, Pelangiran, INDRAGIRI HILIR, RIAU",9,15,123,138
https://kawalpemilu.org#14889,"PELANGIRAN, Pelangiran, INDRAGIRI HILIR, RIAU",10,27,95,122
https://kawalpemilu.org#14889,"PELANGIRAN, Pelangiran, INDRAGIRI HILIR, RIAU",11,40,94,134
https://kawalpemilu.org#14889,"PELANGIRAN, Pelangiran, INDRAGIRI HILIR, RIAU",12,64,65,129
https://kawalpemilu.org#14889,"PELANGIRAN, Pelangiran, INDRAGIRI HILIR, RIAU",13,21,138,159
https://kawalpemilu.org#14889,"PELANGIRAN, Pelangiran, INDRAGIRI HILIR, RIAU",14,45,122,167
https://kawalpemilu.org#14889,"PELANGIRAN, Pelangiran, INDRAGIRI HILIR, RIAU",15,32,148,180
https://kawalpemilu.org#14890,"Simpang Kateman, Pelangiran, INDRAGIRI HILIR, RIAU",1,45,99,144
https://kawalpemilu.org#14890,"Simpang Kateman, Pelangiran, INDRAGIRI HILIR, RIAU",2,41,106,147
https://kawalpemilu.org#14890,"Simpang Kateman, Pelangiran, INDRAGIRI HILIR, RIAU",3,38,128,166
https://kawalpemilu.org#14890,"Simpang Kateman, Pelangiran, INDRAGIRI HILIR, RIAU",4,58,190,248
https://kawalpemilu.org#14890,"Simpang Kateman, Pelangiran, INDRAGIRI HILIR, RIAU",5,34,78,112
https://kawalpemilu.org#14890,"Simpang Kateman, Pelangiran, INDRAGIRI HILIR, RIAU",6,49,58,107
https://kawalpemilu.org#14890,"Simpang Kateman, Pelangiran, INDRAGIRI HILIR, RIAU",7,56,126,182
https://kawalpemilu.org#14890,"Simpang Kateman, Pelangiran, INDRAGIRI HILIR, RIAU",8,34,66,100
https://kawalpemilu.org#14890,"Simpang Kateman, Pelangiran, INDRAGIRI HILIR, RIAU",9,7,78,85
https://kawalpemilu.org#14890,"Simpang Kateman, Pelangiran, INDRAGIRI HILIR, RIAU",10,66,114,180
https://kawalpemilu.org#14891,"TANJUNGSIMPANG, Pelangiran, INDRAGIRI HILIR, RIAU",1,103,82,185
https://kawalpemilu.org#14891,"TANJUNGSIMPANG, Pelangiran, INDRAGIRI HILIR, RIAU",2,62,80,142
https://kawalpemilu.org#14891,"TANJUNGSIMPANG, Pelangiran, INDRAGIRI HILIR, RIAU",3,55,86,141
https://kawalpemilu.org#14891,"TANJUNGSIMPANG, Pelangiran, INDRAGIRI HILIR, RIAU",4,75,80,155
https://kawalpemilu.org#14891,"TANJUNGSIMPANG, Pelangiran, INDRAGIRI HILIR, RIAU",5,34,93,127
https://kawalpemilu.org#14891,"TANJUNGSIMPANG, Pelangiran, INDRAGIRI HILIR, RIAU",6,47,69,116
https://kawalpemilu.org#14891,"TANJUNGSIMPANG, Pelangiran, INDRAGIRI HILIR, RIAU",7,33,82,115
https://kawalpemilu.org#14891,"TANJUNGSIMPANG, Pelangiran, INDRAGIRI HILIR, RIAU",8,32,41,73
https://kawalpemilu.org#14891,"TANJUNGSIMPANG, Pelangiran, INDRAGIRI HILIR, RIAU",9,24,40,64
https://kawalpemilu.org#14891,"TANJUNGSIMPANG, Pelangiran, INDRAGIRI HILIR, RIAU",10,44,107,151
https://kawalpemilu.org#14891,"TANJUNGSIMPANG, Pelangiran, INDRAGIRI HILIR, RIAU",11,65,34,99
https://kawalpemilu.org#14891,"TANJUNGSIMPANG, Pelangiran, INDRAGIRI HILIR, RIAU",12,15,12,27
https://kawalpemilu.org#14891,"TANJUNGSIMPANG, Pelangiran, INDRAGIRI HILIR, RIAU",13,12,11,23
https://kawalpemilu.org#14891,"TANJUNGSIMPANG, Pelangiran, INDRAGIRI HILIR, RIAU",14,22,22,44
https://kawalpemilu.org#14891,"TANJUNGSIMPANG, Pelangiran, INDRAGIRI HILIR, RIAU",15,38,172,210
https://kawalpemilu.org#14891,"TANJUNGSIMPANG, Pelangiran, INDRAGIRI HILIR, RIAU",16,25,31,56
https://kawalpemilu.org#14891,"TANJUNGSIMPANG, Pelangiran, INDRAGIRI HILIR, RIAU",17,16,29,45
https://kawalpemilu.org#14891,"TANJUNGSIMPANG, Pelangiran, INDRAGIRI HILIR, RIAU",18,21,19,40
https://kawalpemilu.org#14891,"TANJUNGSIMPANG, Pelangiran, INDRAGIRI HILIR, RIAU",19,37,18,55
https://kawalpemilu.org#14891,"TANJUNGSIMPANG, Pelangiran, INDRAGIRI HILIR, RIAU",20,7,13,20
https://kawalpemilu.org#14891,"TANJUNGSIMPANG, Pelangiran, INDRAGIRI HILIR, RIAU",21,8,34,42
https://kawalpemilu.org#14891,"TANJUNGSIMPANG, Pelangiran, INDRAGIRI HILIR, RIAU",22,16,23,39
https://kawalpemilu.org#14891,"TANJUNGSIMPANG, Pelangiran, INDRAGIRI HILIR, RIAU",23,27,50,77
https://kawalpemilu.org#14891,"TANJUNGSIMPANG, Pelangiran, INDRAGIRI HILIR, RIAU",24,10,46,56
https://kawalpemilu.org#14891,"TANJUNGSIMPANG, Pelangiran, INDRAGIRI HILIR, RIAU",25,18,54,72
https://kawalpemilu.org#14891,"TANJUNGSIMPANG, Pelangiran, INDRAGIRI HILIR, RIAU",26,13,29,42
https://kawalpemilu.org#14891,"TANJUNGSIMPANG, Pelangiran, INDRAGIRI HILIR, RIAU",27,8,27,35
https://kawalpemilu.org#14891,"TANJUNGSIMPANG, Pelangiran, INDRAGIRI HILIR, RIAU",28,7,14,21
https://kawalpemilu.org#14891,"TANJUNGSIMPANG, Pelangiran, INDRAGIRI HILIR, RIAU",29,14,35,49
https://kawalpemilu.org#14891,"TANJUNGSIMPANG, Pelangiran, INDRAGIRI HILIR, RIAU",30,15,28,43
https://kawalpemilu.org#14891,"TANJUNGSIMPANG, Pelangiran, INDRAGIRI HILIR, RIAU",31,25,58,83
https://kawalpemilu.org#14891,"TANJUNGSIMPANG, Pelangiran, INDRAGIRI HILIR, RIAU",32,88,16,104
https://kawalpemilu.org#14892,"BAUNG REJO JAYA, Pelangiran, INDRAGIRI HILIR, RIAU",1,122,29,151
https://kawalpemilu.org#14892,"BAUNG REJO JAYA, Pelangiran, INDRAGIRI HILIR, RIAU",2,113,30,143
https://kawalpemilu.org#14892,"BAUNG REJO JAYA, Pelangiran, INDRAGIRI HILIR, RIAU",3,135,65,200
https://kawalpemilu.org#14893,"Tagagiri Tama Jaya, Pelangiran, INDRAGIRI HILIR, RIAU",1,132,38,170
https://kawalpemilu.org#14893,"Tagagiri Tama Jaya, Pelangiran, INDRAGIRI HILIR, RIAU",2,157,32,189
https://kawalpemilu.org#14894,"Pinang Jaya, Pelangiran, INDRAGIRI HILIR, RIAU",1,120,31,151
https://kawalpemilu.org#14894,"Pinang Jaya, Pelangiran, INDRAGIRI HILIR, RIAU",2,90,47,137
https://kawalpemilu.org#14895,"Wonosari, Pelangiran, INDRAGIRI HILIR, RIAU",1,192,57,249
https://kawalpemilu.org#14895,"Wonosari, Pelangiran, INDRAGIRI HILIR, RIAU",2,65,116,181
https://kawalpemilu.org#14896,"TEGAL REJO, Pelangiran, INDRAGIRI HILIR, RIAU",1,97,49,146
https://kawalpemilu.org#14896,"TEGAL REJO, Pelangiran, INDRAGIRI HILIR, RIAU",2,77,64,141
https://kawalpemilu.org#14896,"TEGAL REJO, Pelangiran, INDRAGIRI HILIR, RIAU",3,14,179,193
https://kawalpemilu.org#14896,"TEGAL REJO, Pelangiran, INDRAGIRI HILIR, RIAU",4,45,75,120
https://kawalpemilu.org#14897,"Intan Mulia Jaya, Pelangiran, INDRAGIRI HILIR, RIAU",1,165,48,213
https://kawalpemilu.org#14897,"Intan Mulia Jaya, Pelangiran, INDRAGIRI HILIR, RIAU",2,136,37,173
https://kawalpemilu.org#14898,"Saka Palas Jaya, Pelangiran, INDRAGIRI HILIR, RIAU",1,61,17,78
https://kawalpemilu.org#14898,"Saka Palas Jaya, Pelangiran, INDRAGIRI HILIR, RIAU",2,59,6,65
https://kawalpemilu.org#14898,"Saka Palas Jaya, Pelangiran, INDRAGIRI HILIR, RIAU",3,69,30,99
https://kawalpemilu.org#14898,"Saka Palas Jaya, Pelangiran, INDRAGIRI HILIR, RIAU",4,53,24,77
https://kawalpemilu.org#14899,"Catur Karya, Pelangiran, INDRAGIRI HILIR, RIAU",1,45,134,179
https://kawalpemilu.org#14900,"Bagan Jaya, Pelangiran, INDRAGIRI HILIR, RIAU",1,75,71,146
https://kawalpemilu.org#14900,"Bagan Jaya, Pelangiran, INDRAGIRI HILIR, RIAU",2,75,64,139
https://kawalpemilu.org#14901,"TELUKBUNIAN, Pelangiran, INDRAGIRI HILIR, RIAU",1,5,52,57
https://kawalpemilu.org#14901,"TELUKBUNIAN, Pelangiran, INDRAGIRI HILIR, RIAU",2,67,113,180
https://kawalpemilu.org#14901,"TELUKBUNIAN, Pelangiran, INDRAGIRI HILIR, RIAU",3,59,125,184
https://kawalpemilu.org#14901,"TELUKBUNIAN, Pelangiran, INDRAGIRI HILIR, RIAU",4,29,29,58
https://kawalpemilu.org#14901,"TELUKBUNIAN, Pelangiran, INDRAGIRI HILIR, RIAU",5,70,115,185
https://kawalpemilu.org#14901,"TELUKBUNIAN, Pelangiran, INDRAGIRI HILIR, RIAU",6,16,77,93
https://kawalpemilu.org#14901,"TELUKBUNIAN, Pelangiran, INDRAGIRI HILIR, RIAU",7,30,114,144
https://kawalpemilu.org#14901,"TELUKBUNIAN, Pelangiran, INDRAGIRI HILIR, RIAU",8,36,71,107
https://kawalpemilu.org#14901,"TELUKBUNIAN, Pelangiran, INDRAGIRI HILIR, RIAU",9,34,39,73
https://kawalpemilu.org#84510,"TERUSAN BERINGIN JAYA, Pelangiran, INDRAGIRI HILIR, RIAU",1,46,105,151
https://kawalpemilu.org#84510,"TERUSAN BERINGIN JAYA, Pelangiran, INDRAGIRI HILIR, RIAU",2,81,104,185
https://kawalpemilu.org#84510,"TERUSAN BERINGIN JAYA, Pelangiran, INDRAGIRI HILIR, RIAU",3,49,74,123
https://kawalpemilu.org#84510,"TERUSAN BERINGIN JAYA, Pelangiran, INDRAGIRI HILIR, RIAU",4,32,127,159
https://kawalpemilu.org#84510,"TERUSAN BERINGIN JAYA, Pelangiran, INDRAGIRI HILIR, RIAU",5,4,146,150
https://kawalpemilu.org#84511,"HIDAYAH, Pelangiran, INDRAGIRI HILIR, RIAU",1,40,164,204
https://kawalpemilu.org#84511,"HIDAYAH, Pelangiran, INDRAGIRI HILIR, RIAU",2,5,174,179
https://kawalpemilu.org#84511,"HIDAYAH, Pelangiran, INDRAGIRI HILIR, RIAU",3,37,49,86
https://kawalpemilu.org#84511,"HIDAYAH, Pelangiran, INDRAGIRI HILIR, RIAU",4,28,90,118
https://kawalpemilu.org#84511,"HIDAYAH, Pelangiran, INDRAGIRI HILIR, RIAU",5,7,123,130
https://kawalpemilu.org#14903,"HIBRIDA MULIA, Teluk Belengkong, INDRAGIRI HILIR, RIAU",1,144,18,162
https://kawalpemilu.org#14903,"HIBRIDA MULIA, Teluk Belengkong, INDRAGIRI HILIR, RIAU",2,131,38,169
https://kawalpemilu.org#14904,"Indra Sari Jaya, Teluk Belengkong, INDRAGIRI HILIR, RIAU",1,173,15,188
https://kawalpemilu.org#14904,"Indra Sari Jaya, Teluk Belengkong, INDRAGIRI HILIR, RIAU",2,151,27,178
https://kawalpemilu.org#14905,"Tunggal Rahayu Jaya, Teluk Belengkong, INDRAGIRI HILIR, RIAU",1,112,38,150
https://kawalpemilu.org#14905,"Tunggal Rahayu Jaya, Teluk Belengkong, INDRAGIRI HILIR, RIAU",2,124,39,163
https://kawalpemilu.org#14905,"Tunggal Rahayu Jaya, Teluk Belengkong, INDRAGIRI HILIR, RIAU",3,120,49,169
https://kawalpemilu.org#14906,"Griya Mukti Jaya, Teluk Belengkong, INDRAGIRI HILIR, RIAU",1,119,47,166
https://kawalpemilu.org#14906,"Griya Mukti Jaya, Teluk Belengkong, INDRAGIRI HILIR, RIAU",2,91,45,136
https://kawalpemilu.org#14907,"BERINGIN MULIA, Teluk Belengkong, INDRAGIRI HILIR, RIAU",1,157,37,194
https://kawalpemilu.org#14907,"BERINGIN MULIA, Teluk Belengkong, INDRAGIRI HILIR, RIAU",2,167,27,194
https://kawalpemilu.org#14908,"Hibrida Jaya, Teluk Belengkong, INDRAGIRI HILIR, RIAU",1,204,23,227
https://kawalpemilu.org#14908,"Hibrida Jaya, Teluk Belengkong, INDRAGIRI HILIR, RIAU",2,162,42,204
https://kawalpemilu.org#14909,"Sumber Jaya, Teluk Belengkong, INDRAGIRI HILIR, RIAU",1,144,19,163
https://kawalpemilu.org#14909,"Sumber Jaya, Teluk Belengkong, INDRAGIRI HILIR, RIAU",2,84,9,93
https://kawalpemilu.org#14910,"Sumber Makmur Jaya, Teluk Belengkong, INDRAGIRI HILIR, RIAU",1,214,22,236
https://kawalpemilu.org#14911,"Sumber Sari Jaya, Teluk Belengkong, INDRAGIRI HILIR, RIAU",1,198,50,248
https://kawalpemilu.org#14911,"Sumber Sari Jaya, Teluk Belengkong, INDRAGIRI HILIR, RIAU",2,252,9,261
https://kawalpemilu.org#14912,"Kelapa Patih Jaya, Teluk Belengkong, INDRAGIRI HILIR, RIAU",1,145,12,157
https://kawalpemilu.org#14912,"Kelapa Patih Jaya, Teluk Belengkong, INDRAGIRI HILIR, RIAU",2,178,34,212
https://kawalpemilu.org#14913,"Sapta Mulia Jaya, Teluk Belengkong, INDRAGIRI HILIR, RIAU",1,165,14,179
https://kawalpemilu.org#14913,"Sapta Mulia Jaya, Teluk Belengkong, INDRAGIRI HILIR, RIAU",2,140,24,164
https://kawalpemilu.org#14914,"Saka Rotan, Teluk Belengkong, INDRAGIRI HILIR, RIAU",1,78,50,128
https://kawalpemilu.org#14914,"Saka Rotan, Teluk Belengkong, INDRAGIRI HILIR, RIAU",2,78,45,123
https://kawalpemilu.org#14914,"Saka Rotan, Teluk Belengkong, INDRAGIRI HILIR, RIAU",3,78,46,124
https://kawalpemilu.org#14914,"Saka Rotan, Teluk Belengkong, INDRAGIRI HILIR, RIAU",4,45,55,100
https://kawalpemilu.org#14914,"Saka Rotan, Teluk Belengkong, INDRAGIRI HILIR, RIAU",5,40,3,43
https://kawalpemilu.org#14914,"Saka Rotan, Teluk Belengkong, INDRAGIRI HILIR, RIAU",6,86,11,97
https://kawalpemilu.org#14915,"Gembaran, Teluk Belengkong, INDRAGIRI HILIR, RIAU",1,54,8,62
https://kawalpemilu.org#14915,"Gembaran, Teluk Belengkong, INDRAGIRI HILIR, RIAU",2,63,19,82
https://kawalpemilu.org#14915,"Gembaran, Teluk Belengkong, INDRAGIRI HILIR, RIAU",3,86,35,121
https://kawalpemilu.org#14915,"Gembaran, Teluk Belengkong, INDRAGIRI HILIR, RIAU",4,32,88,120
https://kawalpemilu.org#14915,"Gembaran, Teluk Belengkong, INDRAGIRI HILIR, RIAU",5,37,34,71
https://kawalpemilu.org#14915,"Gembaran, Teluk Belengkong, INDRAGIRI HILIR, RIAU",6,16,36,52
https://kawalpemilu.org#14915,"Gembaran, Teluk Belengkong, INDRAGIRI HILIR, RIAU",7,35,38,73
https://kawalpemilu.org#14915,"Gembaran, Teluk Belengkong, INDRAGIRI HILIR, RIAU",8,61,72,133
https://kawalpemilu.org#14915,"Gembaran, Teluk Belengkong, INDRAGIRI HILIR, RIAU",9,49,67,116
https://kawalpemilu.org#14915,"Gembaran, Teluk Belengkong, INDRAGIRI HILIR, RIAU",10,51,72,123
https://kawalpemilu.org#14917,"PULAUBURUNG, PULAU BURUNG, INDRAGIRI HILIR, RIAU",1,162,98,260
https://kawalpemilu.org#14917,"PULAUBURUNG, PULAU BURUNG, INDRAGIRI HILIR, RIAU",2,151,88,239
https://kawalpemilu.org#14917,"PULAUBURUNG, PULAU BURUNG, INDRAGIRI HILIR, RIAU",3,85,133,218
https://kawalpemilu.org#14917,"PULAUBURUNG, PULAU BURUNG, INDRAGIRI HILIR, RIAU",4,89,112,201
https://kawalpemilu.org#14917,"PULAUBURUNG, PULAU BURUNG, INDRAGIRI HILIR, RIAU",5,73,71,144
https://kawalpemilu.org#14917,"PULAUBURUNG, PULAU BURUNG, INDRAGIRI HILIR, RIAU",6,153,90,243
https://kawalpemilu.org#14917,"PULAUBURUNG, PULAU BURUNG, INDRAGIRI HILIR, RIAU",7,82,45,127
https://kawalpemilu.org#14917,"PULAUBURUNG, PULAU BURUNG, INDRAGIRI HILIR, RIAU",8,133,108,241
https://kawalpemilu.org#14917,"PULAUBURUNG, PULAU BURUNG, INDRAGIRI HILIR, RIAU",9,73,128,201
https://kawalpemilu.org#14917,"PULAUBURUNG, PULAU BURUNG, INDRAGIRI HILIR, RIAU",10,94,63,157
https://kawalpemilu.org#14917,"PULAUBURUNG, PULAU BURUNG, INDRAGIRI HILIR, RIAU",11,63,54,117
https://kawalpemilu.org#14917,"PULAUBURUNG, PULAU BURUNG, INDRAGIRI HILIR, RIAU",12,95,91,186
https://kawalpemilu.org#14917,"PULAUBURUNG, PULAU BURUNG, INDRAGIRI HILIR, RIAU",13,73,116,189
https://kawalpemilu.org#14917,"PULAUBURUNG, PULAU BURUNG, INDRAGIRI HILIR, RIAU",14,70,83,153
https://kawalpemilu.org#14917,"PULAUBURUNG, PULAU BURUNG, INDRAGIRI HILIR, RIAU",15,57,78,135
https://kawalpemilu.org#14917,"PULAUBURUNG, PULAU BURUNG, INDRAGIRI HILIR, RIAU",16,73,137,210
https://kawalpemilu.org#14917,"PULAUBURUNG, PULAU BURUNG, INDRAGIRI HILIR, RIAU",17,70,77,147
https://kawalpemilu.org#14917,"PULAUBURUNG, PULAU BURUNG, INDRAGIRI HILIR, RIAU",18,90,153,243
https://kawalpemilu.org#14917,"PULAUBURUNG, PULAU BURUNG, INDRAGIRI HILIR, RIAU",19,98,123,221
https://kawalpemilu.org#14917,"PULAUBURUNG, PULAU BURUNG, INDRAGIRI HILIR, RIAU",20,102,85,187
https://kawalpemilu.org#14917,"PULAUBURUNG, PULAU BURUNG, INDRAGIRI HILIR, RIAU",21,86,119,205
https://kawalpemilu.org#14917,"PULAUBURUNG, PULAU BURUNG, INDRAGIRI HILIR, RIAU",22,48,46,94
https://kawalpemilu.org#14917,"PULAUBURUNG, PULAU BURUNG, INDRAGIRI HILIR, RIAU",23,53,33,86
https://kawalpemilu.org#14917,"PULAUBURUNG, PULAU BURUNG, INDRAGIRI HILIR, RIAU",24,77,16,93
https://kawalpemilu.org#14917,"PULAUBURUNG, PULAU BURUNG, INDRAGIRI HILIR, RIAU",25,108,48,156
https://kawalpemilu.org#14918,"TELUKNIBUNG, PULAU BURUNG, INDRAGIRI HILIR, RIAU",1,106,121,227
https://kawalpemilu.org#14918,"TELUKNIBUNG, PULAU BURUNG, INDRAGIRI HILIR, RIAU",2,105,116,221
https://kawalpemilu.org#14918,"TELUKNIBUNG, PULAU BURUNG, INDRAGIRI HILIR, RIAU",3,71,90,161
https://kawalpemilu.org#14918,"TELUKNIBUNG, PULAU BURUNG, INDRAGIRI HILIR, RIAU",4,47,99,146
https://kawalpemilu.org#14918,"TELUKNIBUNG, PULAU BURUNG, INDRAGIRI HILIR, RIAU",5,59,36,95
https://kawalpemilu.org#14919,"SUNGAIDANAI, PULAU BURUNG, INDRAGIRI HILIR, RIAU",1,50,131,181
https://kawalpemilu.org#14919,"SUNGAIDANAI, PULAU BURUNG, INDRAGIRI HILIR, RIAU",2,28,83,111
https://kawalpemilu.org#14919,"SUNGAIDANAI, PULAU BURUNG, INDRAGIRI HILIR, RIAU",3,56,12,68
https://kawalpemilu.org#14919,"SUNGAIDANAI, PULAU BURUNG, INDRAGIRI HILIR, RIAU",4,35,59,94
https://kawalpemilu.org#14919,"SUNGAIDANAI, PULAU BURUNG, INDRAGIRI HILIR, RIAU",5,68,35,103
https://kawalpemilu.org#14919,"SUNGAIDANAI, PULAU BURUNG, INDRAGIRI HILIR, RIAU",6,56,73,129
https://kawalpemilu.org#14920,"Mayang Sari jaya, PULAU BURUNG, INDRAGIRI HILIR, RIAU",1,182,33,215
https://kawalpemilu.org#14920,"Mayang Sari jaya, PULAU BURUNG, INDRAGIRI HILIR, RIAU",2,134,58,192
https://kawalpemilu.org#14920,"Mayang Sari jaya, PULAU BURUNG, INDRAGIRI HILIR, RIAU",3,100,48,148
https://kawalpemilu.org#14920,"Mayang Sari jaya, PULAU BURUNG, INDRAGIRI HILIR, RIAU",4,38,22,60
https://kawalpemilu.org#14921,"Bukit Sari Intan Jaya, PULAU BURUNG, INDRAGIRI HILIR, RIAU",1,174,26,200
https://kawalpemilu.org#14921,"Bukit Sari Intan Jaya, PULAU BURUNG, INDRAGIRI HILIR, RIAU",2,119,14,133
https://kawalpemilu.org#14922,"Manunggal Jaya, PULAU BURUNG, INDRAGIRI HILIR, RIAU",1,191,38,229
https://kawalpemilu.org#14922,"Manunggal Jaya, PULAU BURUNG, INDRAGIRI HILIR, RIAU",2,197,23,220
https://kawalpemilu.org#14923,"Bangun Harjo Jaya, PULAU BURUNG, INDRAGIRI HILIR, RIAU",1,158,72,230
https://kawalpemilu.org#14923,"Bangun Harjo Jaya, PULAU BURUNG, INDRAGIRI HILIR, RIAU",2,162,57,219
https://kawalpemilu.org#14924,"RINGIN JAYA, PULAU BURUNG, INDRAGIRI HILIR, RIAU",1,153,18,171
https://kawalpemilu.org#14924,"RINGIN JAYA, PULAU BURUNG, INDRAGIRI HILIR, RIAU",2,172,34,206
https://kawalpemilu.org#14925,"Sri Danai, PULAU BURUNG, INDRAGIRI HILIR, RIAU",1,140,29,169
https://kawalpemilu.org#14925,"Sri Danai, PULAU BURUNG, INDRAGIRI HILIR, RIAU",2,146,28,174
https://kawalpemilu.org#14926,"Sapta Jaya, PULAU BURUNG, INDRAGIRI HILIR, RIAU",1,115,21,136
https://kawalpemilu.org#14926,"Sapta Jaya, PULAU BURUNG, INDRAGIRI HILIR, RIAU",2,125,18,143
https://kawalpemilu.org#14927,"KERAMAT JAYA, PULAU BURUNG, INDRAGIRI HILIR, RIAU",1,143,19,162
https://kawalpemilu.org#14928,"BINANGUN JAYA, PULAU BURUNG, INDRAGIRI HILIR, RIAU",1,105,41,146
https://kawalpemilu.org#14929,"Suka Jaya, PULAU BURUNG, INDRAGIRI HILIR, RIAU",1,105,38,143
https://kawalpemilu.org#14929,"Suka Jaya, PULAU BURUNG, INDRAGIRI HILIR, RIAU",2,90,49,139
https://kawalpemilu.org#14930,"SUKAHARJO JAYA, PULAU BURUNG, INDRAGIRI HILIR, RIAU",1,106,49,155
https://kawalpemilu.org#14933,"CONCONG LUAR, Concong, INDRAGIRI HILIR, RIAU",1,122,75,197
https://kawalpemilu.org#14933,"CONCONG LUAR, Concong, INDRAGIRI HILIR, RIAU",2,115,79,194
https://kawalpemilu.org#14933,"CONCONG LUAR, Concong, INDRAGIRI HILIR, RIAU",3,93,77,170
https://kawalpemilu.org#14933,"CONCONG LUAR, Concong, INDRAGIRI HILIR, RIAU",4,97,90,187
https://kawalpemilu.org#14933,"CONCONG LUAR, Concong, INDRAGIRI HILIR, RIAU",5,88,79,167
https://kawalpemilu.org#14933,"CONCONG LUAR, Concong, INDRAGIRI HILIR, RIAU",6,63,107,170
https://kawalpemilu.org#14933,"CONCONG LUAR, Concong, INDRAGIRI HILIR, RIAU",7,86,77,163
https://kawalpemilu.org#14933,"CONCONG LUAR, Concong, INDRAGIRI HILIR, RIAU",8,68,60,128
https://kawalpemilu.org#14933,"CONCONG LUAR, Concong, INDRAGIRI HILIR, RIAU",9,95,12,107
https://kawalpemilu.org#14933,"CONCONG LUAR, Concong, INDRAGIRI HILIR, RIAU",10,52,3,55
https://kawalpemilu.org#14934,"Concong Dalam, Concong, INDRAGIRI HILIR, RIAU",1,50,98,148
https://kawalpemilu.org#14934,"Concong Dalam, Concong, INDRAGIRI HILIR, RIAU",2,65,88,153
https://kawalpemilu.org#14934,"Concong Dalam, Concong, INDRAGIRI HILIR, RIAU",3,53,140,193
https://kawalpemilu.org#14934,"Concong Dalam, Concong, INDRAGIRI HILIR, RIAU",4,7,93,100
https://kawalpemilu.org#14934,"Concong Dalam, Concong, INDRAGIRI HILIR, RIAU",5,11,52,63
https://kawalpemilu.org#14935,"Concong Tengah, Concong, INDRAGIRI HILIR, RIAU",1,39,126,165
https://kawalpemilu.org#14935,"Concong Tengah, Concong, INDRAGIRI HILIR, RIAU",2,24,121,145
https://kawalpemilu.org#14935,"Concong Tengah, Concong, INDRAGIRI HILIR, RIAU",3,22,153,175
https://kawalpemilu.org#14935,"Concong Tengah, Concong, INDRAGIRI HILIR, RIAU",4,30,165,195
https://kawalpemilu.org#14935,"Concong Tengah, Concong, INDRAGIRI HILIR, RIAU",5,19,133,152
https://kawalpemilu.org#14935,"Concong Tengah, Concong, INDRAGIRI HILIR, RIAU",6,38,133,171
https://kawalpemilu.org#14936,"Kampung Baru, Concong, INDRAGIRI HILIR, RIAU",1,31,107,138
https://kawalpemilu.org#14936,"Kampung Baru, Concong, INDRAGIRI HILIR, RIAU",2,64,134,198
https://kawalpemilu.org#14936,"Kampung Baru, Concong, INDRAGIRI HILIR, RIAU",3,32,117,149
https://kawalpemilu.org#14936,"Kampung Baru, Concong, INDRAGIRI HILIR, RIAU",4,67,66,133
https://kawalpemilu.org#14936,"Kampung Baru, Concong, INDRAGIRI HILIR, RIAU",5,36,85,121
https://kawalpemilu.org#14936,"Kampung Baru, Concong, INDRAGIRI HILIR, RIAU",6,78,130,208
https://kawalpemilu.org#14937,"Panglima Raja, Concong, INDRAGIRI HILIR, RIAU",1,90,114,204
https://kawalpemilu.org#14937,"Panglima Raja, Concong, INDRAGIRI HILIR, RIAU",2,70,127,197
https://kawalpemilu.org#14937,"Panglima Raja, Concong, INDRAGIRI HILIR, RIAU",3,104,119,223
https://kawalpemilu.org#14937,"Panglima Raja, Concong, INDRAGIRI HILIR, RIAU",4,105,101,206
https://kawalpemilu.org#14937,"Panglima Raja, Concong, INDRAGIRI HILIR, RIAU",5,105,124,229
https://kawalpemilu.org#14937,"Panglima Raja, Concong, INDRAGIRI HILIR, RIAU",6,73,65,138
https://kawalpemilu.org#14937,"Panglima Raja, Concong, INDRAGIRI HILIR, RIAU",7,16,57,73
https://kawalpemilu.org#14937,"Panglima Raja, Concong, INDRAGIRI HILIR, RIAU",8,22,61,83
https://kawalpemilu.org#14938,"SUNGAIBERAPIT, Concong, INDRAGIRI HILIR, RIAU",1,97,76,173
https://kawalpemilu.org#14938,"SUNGAIBERAPIT, Concong, INDRAGIRI HILIR, RIAU",2,81,53,134
https://kawalpemilu.org#14938,"SUNGAIBERAPIT, Concong, INDRAGIRI HILIR, RIAU",3,55,61,116
https://kawalpemilu.org#14938,"SUNGAIBERAPIT, Concong, INDRAGIRI HILIR, RIAU",4,54,113,167
https://kawalpemilu.org#14940,"Kempas Jaya, Kempas, INDRAGIRI HILIR, RIAU",1,48,160,208
https://kawalpemilu.org#14940,"Kempas Jaya, Kempas, INDRAGIRI HILIR, RIAU",2,53,125,178
https://kawalpemilu.org#14940,"Kempas Jaya, Kempas, INDRAGIRI HILIR, RIAU",3,57,115,172
https://kawalpemilu.org#14940,"Kempas Jaya, Kempas, INDRAGIRI HILIR, RIAU",4,36,129,165
https://kawalpemilu.org#14940,"Kempas Jaya, Kempas, INDRAGIRI HILIR, RIAU",5,40,88,128
https://kawalpemilu.org#14940,"Kempas Jaya, Kempas, INDRAGIRI HILIR, RIAU",6,83,104,187
https://kawalpemilu.org#14940,"Kempas Jaya, Kempas, INDRAGIRI HILIR, RIAU",7,86,73,159
https://kawalpemilu.org#14940,"Kempas Jaya, Kempas, INDRAGIRI HILIR, RIAU",8,92,100,192
https://kawalpemilu.org#14940,"Kempas Jaya, Kempas, INDRAGIRI HILIR, RIAU",9,98,113,211
https://kawalpemilu.org#14940,"Kempas Jaya, Kempas, INDRAGIRI HILIR, RIAU",10,111,103,214
https://kawalpemilu.org#14940,"Kempas Jaya, Kempas, INDRAGIRI HILIR, RIAU",11,123,114,237
https://kawalpemilu.org#14940,"Kempas Jaya, Kempas, INDRAGIRI HILIR, RIAU",12,141,130,271
https://kawalpemilu.org#14940,"Kempas Jaya, Kempas, INDRAGIRI HILIR, RIAU",13,36,112,148
https://kawalpemilu.org#14940,"Kempas Jaya, Kempas, INDRAGIRI HILIR, RIAU",14,70,78,148
https://kawalpemilu.org#14940,"Kempas Jaya, Kempas, INDRAGIRI HILIR, RIAU",15,117,81,198
https://kawalpemilu.org#14940,"Kempas Jaya, Kempas, INDRAGIRI HILIR, RIAU",16,94,86,180
https://kawalpemilu.org#14940,"Kempas Jaya, Kempas, INDRAGIRI HILIR, RIAU",17,124,107,231
https://kawalpemilu.org#14940,"Kempas Jaya, Kempas, INDRAGIRI HILIR, RIAU",18,105,69,174
https://kawalpemilu.org#14940,"Kempas Jaya, Kempas, INDRAGIRI HILIR, RIAU",19,116,112,228
https://kawalpemilu.org#14940,"Kempas Jaya, Kempas, INDRAGIRI HILIR, RIAU",20,96,111,207
https://kawalpemilu.org#14940,"Kempas Jaya, Kempas, INDRAGIRI HILIR, RIAU",21,79,65,144
https://kawalpemilu.org#14941,"Pekan Tua, Kempas, INDRAGIRI HILIR, RIAU",1,90,126,216
https://kawalpemilu.org#14941,"Pekan Tua, Kempas, INDRAGIRI HILIR, RIAU",2,71,140,211
https://kawalpemilu.org#14941,"Pekan Tua, Kempas, INDRAGIRI HILIR, RIAU",3,28,101,129
https://kawalpemilu.org#14941,"Pekan Tua, Kempas, INDRAGIRI HILIR, RIAU",4,84,100,184
https://kawalpemilu.org#14941,"Pekan Tua, Kempas, INDRAGIRI HILIR, RIAU",5,90,123,213
https://kawalpemilu.org#14941,"Pekan Tua, Kempas, INDRAGIRI HILIR, RIAU",6,150,84,234
https://kawalpemilu.org#14941,"Pekan Tua, Kempas, INDRAGIRI HILIR, RIAU",7,133,73,206
https://kawalpemilu.org#14941,"Pekan Tua, Kempas, INDRAGIRI HILIR, RIAU",8,88,157,245
https://kawalpemilu.org#14941,"Pekan Tua, Kempas, INDRAGIRI HILIR, RIAU",9,57,52,109
https://kawalpemilu.org#14942,"Rumbai Jaya, Kempas, INDRAGIRI HILIR, RIAU",1,137,41,178
https://kawalpemilu.org#14942,"Rumbai Jaya, Kempas, INDRAGIRI HILIR, RIAU",2,113,74,187
https://kawalpemilu.org#14942,"Rumbai Jaya, Kempas, INDRAGIRI HILIR, RIAU",3,124,118,242
https://kawalpemilu.org#14942,"Rumbai Jaya, Kempas, INDRAGIRI HILIR, RIAU",4,107,90,197
https://kawalpemilu.org#14942,"Rumbai Jaya, Kempas, INDRAGIRI HILIR, RIAU",5,121,84,205
https://kawalpemilu.org#14942,"Rumbai Jaya, Kempas, INDRAGIRI HILIR, RIAU",6,113,139,252
https://kawalpemilu.org#14942,"Rumbai Jaya, Kempas, INDRAGIRI HILIR, RIAU",7,121,107,228
https://kawalpemilu.org#14942,"Rumbai Jaya, Kempas, INDRAGIRI HILIR, RIAU",8,76,89,165
https://kawalpemilu.org#14942,"Rumbai Jaya, Kempas, INDRAGIRI HILIR, RIAU",9,53,104,157
https://kawalpemilu.org#14942,"Rumbai Jaya, Kempas, INDRAGIRI HILIR, RIAU",10,89,79,168
https://kawalpemilu.org#14943,"Bayas Jaya, Kempas, INDRAGIRI HILIR, RIAU",1,89,85,174
https://kawalpemilu.org#14943,"Bayas Jaya, Kempas, INDRAGIRI HILIR, RIAU",2,83,128,211
https://kawalpemilu.org#14943,"Bayas Jaya, Kempas, INDRAGIRI HILIR, RIAU",3,110,87,197
https://kawalpemilu.org#14943,"Bayas Jaya, Kempas, INDRAGIRI HILIR, RIAU",4,121,110,231
https://kawalpemilu.org#14943,"Bayas Jaya, Kempas, INDRAGIRI HILIR, RIAU",5,67,156,223
https://kawalpemilu.org#14943,"Bayas Jaya, Kempas, INDRAGIRI HILIR, RIAU",6,111,85,196
https://kawalpemilu.org#14943,"Bayas Jaya, Kempas, INDRAGIRI HILIR, RIAU",7,78,107,185
https://kawalpemilu.org#14943,"Bayas Jaya, Kempas, INDRAGIRI HILIR, RIAU",8,83,98,181
https://kawalpemilu.org#14943,"Bayas Jaya, Kempas, INDRAGIRI HILIR, RIAU",9,84,142,226
https://kawalpemilu.org#14944,"SUNGAIARA, Kempas, INDRAGIRI HILIR, RIAU",1,37,177,214
https://kawalpemilu.org#14944,"SUNGAIARA, Kempas, INDRAGIRI HILIR, RIAU",2,38,129,167
https://kawalpemilu.org#14944,"SUNGAIARA, Kempas, INDRAGIRI HILIR, RIAU",3,60,95,155
https://kawalpemilu.org#14944,"SUNGAIARA, Kempas, INDRAGIRI HILIR, RIAU",4,86,125,211
https://kawalpemilu.org#14944,"SUNGAIARA, Kempas, INDRAGIRI HILIR, RIAU",5,98,120,218
https://kawalpemilu.org#14944,"SUNGAIARA, Kempas, INDRAGIRI HILIR, RIAU",6,46,156,202
https://kawalpemilu.org#14944,"SUNGAIARA, Kempas, INDRAGIRI HILIR, RIAU",7,64,124,188
https://kawalpemilu.org#14944,"SUNGAIARA, Kempas, INDRAGIRI HILIR, RIAU",8,90,90,180
https://kawalpemilu.org#14944,"SUNGAIARA, Kempas, INDRAGIRI HILIR, RIAU",9,42,104,146
https://kawalpemilu.org#14944,"SUNGAIARA, Kempas, INDRAGIRI HILIR, RIAU",10,20,69,89
https://kawalpemilu.org#14945,"SUNGAIGANTANG, Kempas, INDRAGIRI HILIR, RIAU",1,104,95,199
https://kawalpemilu.org#14945,"SUNGAIGANTANG, Kempas, INDRAGIRI HILIR, RIAU",2,52,121,173
https://kawalpemilu.org#14945,"SUNGAIGANTANG, Kempas, INDRAGIRI HILIR, RIAU",3,88,176,264
https://kawalpemilu.org#14945,"SUNGAIGANTANG, Kempas, INDRAGIRI HILIR, RIAU",4,43,132,175
https://kawalpemilu.org#14945,"SUNGAIGANTANG, Kempas, INDRAGIRI HILIR, RIAU",5,98,94,192
https://kawalpemilu.org#14945,"SUNGAIGANTANG, Kempas, INDRAGIRI HILIR, RIAU",6,25,104,129
https://kawalpemilu.org#14945,"SUNGAIGANTANG, Kempas, INDRAGIRI HILIR, RIAU",7,40,131,171
https://kawalpemilu.org#14945,"SUNGAIGANTANG, Kempas, INDRAGIRI HILIR, RIAU",8,61,110,171
https://kawalpemilu.org#14945,"SUNGAIGANTANG, Kempas, INDRAGIRI HILIR, RIAU",9,68,172,240
https://kawalpemilu.org#14945,"SUNGAIGANTANG, Kempas, INDRAGIRI HILIR, RIAU",10,33,156,189
https://kawalpemilu.org#14945,"SUNGAIGANTANG, Kempas, INDRAGIRI HILIR, RIAU",11,29,91,120
https://kawalpemilu.org#14945,"SUNGAIGANTANG, Kempas, INDRAGIRI HILIR, RIAU",12,46,119,165
https://kawalpemilu.org#14945,"SUNGAIGANTANG, Kempas, INDRAGIRI HILIR, RIAU",13,29,80,109
https://kawalpemilu.org#14945,"SUNGAIGANTANG, Kempas, INDRAGIRI HILIR, RIAU",14,73,143,216
https://kawalpemilu.org#14945,"SUNGAIGANTANG, Kempas, INDRAGIRI HILIR, RIAU",15,57,132,189
https://kawalpemilu.org#14945,"SUNGAIGANTANG, Kempas, INDRAGIRI HILIR, RIAU",16,93,80,173
https://kawalpemilu.org#14945,"SUNGAIGANTANG, Kempas, INDRAGIRI HILIR, RIAU",17,41,140,181
https://kawalpemilu.org#14945,"SUNGAIGANTANG, Kempas, INDRAGIRI HILIR, RIAU",18,27,78,105
https://kawalpemilu.org#14945,"SUNGAIGANTANG, Kempas, INDRAGIRI HILIR, RIAU",19,18,69,87
https://kawalpemilu.org#14945,"SUNGAIGANTANG, Kempas, INDRAGIRI HILIR, RIAU",20,43,115,158
https://kawalpemilu.org#14945,"SUNGAIGANTANG, Kempas, INDRAGIRI HILIR, RIAU",21,30,98,128
https://kawalpemilu.org#14945,"SUNGAIGANTANG, Kempas, INDRAGIRI HILIR, RIAU",22,22,51,73
https://kawalpemilu.org#14945,"SUNGAIGANTANG, Kempas, INDRAGIRI HILIR, RIAU",23,20,60,80
https://kawalpemilu.org#14945,"SUNGAIGANTANG, Kempas, INDRAGIRI HILIR, RIAU",24,41,72,113
https://kawalpemilu.org#14946,"HARAPAN TANI, Kempas, INDRAGIRI HILIR, RIAU",1,51,76,127
https://kawalpemilu.org#14946,"HARAPAN TANI, Kempas, INDRAGIRI HILIR, RIAU",2,54,96,150
https://kawalpemilu.org#14946,"HARAPAN TANI, Kempas, INDRAGIRI HILIR, RIAU",3,47,87,134
https://kawalpemilu.org#14946,"HARAPAN TANI, Kempas, INDRAGIRI HILIR, RIAU",4,65,107,172
https://kawalpemilu.org#14946,"HARAPAN TANI, Kempas, INDRAGIRI HILIR, RIAU",5,82,102,184
https://kawalpemilu.org#14946,"HARAPAN TANI, Kempas, INDRAGIRI HILIR, RIAU",6,33,101,134
https://kawalpemilu.org#14946,"HARAPAN TANI, Kempas, INDRAGIRI HILIR, RIAU",7,77,73,150
https://kawalpemilu.org#14946,"HARAPAN TANI, Kempas, INDRAGIRI HILIR, RIAU",8,32,98,130
https://kawalpemilu.org#14946,"HARAPAN TANI, Kempas, INDRAGIRI HILIR, RIAU",9,43,134,177
https://kawalpemilu.org#14946,"HARAPAN TANI, Kempas, INDRAGIRI HILIR, RIAU",10,81,69,150
https://kawalpemilu.org#14946,"HARAPAN TANI, Kempas, INDRAGIRI HILIR, RIAU",11,144,95,239
https://kawalpemilu.org#14946,"HARAPAN TANI, Kempas, INDRAGIRI HILIR, RIAU",12,142,68,210
https://kawalpemilu.org#14946,"HARAPAN TANI, Kempas, INDRAGIRI HILIR, RIAU",13,38,109,147
https://kawalpemilu.org#14947,"Karya Tani, Kempas, INDRAGIRI HILIR, RIAU",1,35,93,128
https://kawalpemilu.org#14947,"Karya Tani, Kempas, INDRAGIRI HILIR, RIAU",2,121,95,216
https://kawalpemilu.org#14947,"Karya Tani, Kempas, INDRAGIRI HILIR, RIAU",3,42,77,119
https://kawalpemilu.org#14947,"Karya Tani, Kempas, INDRAGIRI HILIR, RIAU",4,36,128,164
https://kawalpemilu.org#84512,"DANAUPULAI INDAH, Kempas, INDRAGIRI HILIR, RIAU",1,117,134,251
https://kawalpemilu.org#84512,"DANAUPULAI INDAH, Kempas, INDRAGIRI HILIR, RIAU",2,124,91,215
https://kawalpemilu.org#84512,"DANAUPULAI INDAH, Kempas, INDRAGIRI HILIR, RIAU",3,175,96,271
https://kawalpemilu.org#84512,"DANAUPULAI INDAH, Kempas, INDRAGIRI HILIR, RIAU",4,119,130,249
https://kawalpemilu.org#84512,"DANAUPULAI INDAH, Kempas, INDRAGIRI HILIR, RIAU",5,92,143,235
https://kawalpemilu.org#84512,"DANAUPULAI INDAH, Kempas, INDRAGIRI HILIR, RIAU",6,108,156,264
https://kawalpemilu.org#84513,"SUNGAIRABIT, Kempas, INDRAGIRI HILIR, RIAU",1,124,33,157
https://kawalpemilu.org#84513,"SUNGAIRABIT, Kempas, INDRAGIRI HILIR, RIAU",2,101,38,139
https://kawalpemilu.org#88635,"KERTA JAYA, Kempas, INDRAGIRI HILIR, RIAU",1,85,94,179
https://kawalpemilu.org#88635,"KERTA JAYA, Kempas, INDRAGIRI HILIR, RIAU",2,73,166,239
https://kawalpemilu.org#88636,"KULIM JAYA, Kempas, INDRAGIRI HILIR, RIAU",1,163,62,225
https://kawalpemilu.org#88636,"KULIM JAYA, Kempas, INDRAGIRI HILIR, RIAU",2,177,40,217
https://kawalpemilu.org#14949,"BENTENG, Sungai Batang, INDRAGIRI HILIR, RIAU",1,32,134,166
https://kawalpemilu.org#14949,"BENTENG, Sungai Batang, INDRAGIRI HILIR, RIAU",2,58,139,197
https://kawalpemilu.org#14949,"BENTENG, Sungai Batang, INDRAGIRI HILIR, RIAU",3,21,136,157
https://kawalpemilu.org#14949,"BENTENG, Sungai Batang, INDRAGIRI HILIR, RIAU",4,23,144,167
https://kawalpemilu.org#14949,"BENTENG, Sungai Batang, INDRAGIRI HILIR, RIAU",5,37,190,227
https://kawalpemilu.org#14949,"BENTENG, Sungai Batang, INDRAGIRI HILIR, RIAU",6,30,141,171
https://kawalpemilu.org#14949,"BENTENG, Sungai Batang, INDRAGIRI HILIR, RIAU",7,36,152,188
https://kawalpemilu.org#14949,"BENTENG, Sungai Batang, INDRAGIRI HILIR, RIAU",8,62,145,207
https://kawalpemilu.org#14950,"Benteng Utara, Sungai Batang, INDRAGIRI HILIR, RIAU",1,63,162,225
https://kawalpemilu.org#14950,"Benteng Utara, Sungai Batang, INDRAGIRI HILIR, RIAU",3,39,53,92
https://kawalpemilu.org#14950,"Benteng Utara, Sungai Batang, INDRAGIRI HILIR, RIAU",4,64,134,198
https://kawalpemilu.org#14951,"Pasenggerahan, Sungai Batang, INDRAGIRI HILIR, RIAU",1,28,118,146
https://kawalpemilu.org#14951,"Pasenggerahan, Sungai Batang, INDRAGIRI HILIR, RIAU",2,58,139,197
https://kawalpemilu.org#14951,"Pasenggerahan, Sungai Batang, INDRAGIRI HILIR, RIAU",3,68,122,190
https://kawalpemilu.org#14951,"Pasenggerahan, Sungai Batang, INDRAGIRI HILIR, RIAU",4,79,147,226
https://kawalpemilu.org#14951,"Pasenggerahan, Sungai Batang, INDRAGIRI HILIR, RIAU",5,110,35,145
https://kawalpemilu.org#14951,"Pasenggerahan, Sungai Batang, INDRAGIRI HILIR, RIAU",6,52,119,171
https://kawalpemilu.org#14951,"Pasenggerahan, Sungai Batang, INDRAGIRI HILIR, RIAU",7,51,71,122
https://kawalpemilu.org#14952,"Kuala Sungai Batang, Sungai Batang, INDRAGIRI HILIR, RIAU",1,46,76,122
https://kawalpemilu.org#14952,"Kuala Sungai Batang, Sungai Batang, INDRAGIRI HILIR, RIAU",2,52,50,102
https://kawalpemilu.org#14953,"KUALA PATAH PARANG, Sungai Batang, INDRAGIRI HILIR, RIAU",1,93,87,180
https://kawalpemilu.org#14953,"KUALA PATAH PARANG, Sungai Batang, INDRAGIRI HILIR, RIAU",2,62,135,197
https://kawalpemilu.org#14953,"KUALA PATAH PARANG, Sungai Batang, INDRAGIRI HILIR, RIAU",3,78,87,165
https://kawalpemilu.org#14953,"KUALA PATAH PARANG, Sungai Batang, INDRAGIRI HILIR, RIAU",4,12,49,61
https://kawalpemilu.org#14953,"KUALA PATAH PARANG, Sungai Batang, INDRAGIRI HILIR, RIAU",5,92,76,172
https://kawalpemilu.org#14954,"Benteng Barat, Sungai Batang, INDRAGIRI HILIR, RIAU",1,39,102,141
https://kawalpemilu.org#14954,"Benteng Barat, Sungai Batang, INDRAGIRI HILIR, RIAU",2,65,95,160
https://kawalpemilu.org#14954,"Benteng Barat, Sungai Batang, INDRAGIRI HILIR, RIAU",3,63,68,131
https://kawalpemilu.org#84514,"MUGO MULYO, Sungai Batang, INDRAGIRI HILIR, RIAU",1,143,59,202
https://kawalpemilu.org#84514,"MUGO MULYO, Sungai Batang, INDRAGIRI HILIR, RIAU",2,110,82,192
https://kawalpemilu.org#84514,"MUGO MULYO, Sungai Batang, INDRAGIRI HILIR, RIAU",3,85,110,195
https://kawalpemilu.org#89399,"PANDAN SARI, Sungai Batang, INDRAGIRI HILIR, RIAU",1,39,54,93
https://kawalpemilu.org#89399,"PANDAN SARI, Sungai Batang, INDRAGIRI HILIR, RIAU",2,14,135,149
https://kawalpemilu.org#89399,"PANDAN SARI, Sungai Batang, INDRAGIRI HILIR, RIAU",3,31,27,58
https://kawalpemilu.org#14957,"UKUI I, UKUI, PELALAWAN, RIAU",1,65,100,165
https://kawalpemilu.org#14957,"UKUI I, UKUI, PELALAWAN, RIAU",2,22,83,105
https://kawalpemilu.org#14957,"UKUI I, UKUI, PELALAWAN, RIAU",3,56,213,269
https://kawalpemilu.org#14957,"UKUI I, UKUI, PELALAWAN, RIAU",4,103,126,229
https://kawalpemilu.org#14957,"UKUI I, UKUI, PELALAWAN, RIAU",5,159,83,242
https://kawalpemilu.org#14957,"UKUI I, UKUI, PELALAWAN, RIAU",6,121,114,235
https://kawalpemilu.org#14957,"UKUI I, UKUI, PELALAWAN, RIAU",7,64,95,159
https://kawalpemilu.org#14957,"UKUI I, UKUI, PELALAWAN, RIAU",8,133,92,225
https://kawalpemilu.org#14957,"UKUI I, UKUI, PELALAWAN, RIAU",9,113,87,200
https://kawalpemilu.org#14957,"UKUI I, UKUI, PELALAWAN, RIAU",10,118,112,230
https://kawalpemilu.org#14957,"UKUI I, UKUI, PELALAWAN, RIAU",11,171,88,259
https://kawalpemilu.org#14957,"UKUI I, UKUI, PELALAWAN, RIAU",12,85,116,201
https://kawalpemilu.org#14957,"UKUI I, UKUI, PELALAWAN, RIAU",13,98,125,223
https://kawalpemilu.org#14958,"AIR HITAM, UKUI, PELALAWAN, RIAU",1,157,90,247
https://kawalpemilu.org#14958,"AIR HITAM, UKUI, PELALAWAN, RIAU",2,167,90,257
https://kawalpemilu.org#14958,"AIR HITAM, UKUI, PELALAWAN, RIAU",3,167,67,234
https://kawalpemilu.org#14958,"AIR HITAM, UKUI, PELALAWAN, RIAU",4,99,110,209
https://kawalpemilu.org#14958,"AIR HITAM, UKUI, PELALAWAN, RIAU",5,89,2,91
https://kawalpemilu.org#14958,"AIR HITAM, UKUI, PELALAWAN, RIAU",6,207,34,241
https://kawalpemilu.org#14958,"AIR HITAM, UKUI, PELALAWAN, RIAU",7,116,19,135
https://kawalpemilu.org#14959,"AIR EMAS, UKUI, PELALAWAN, RIAU",1,231,30,261
https://kawalpemilu.org#14959,"AIR EMAS, UKUI, PELALAWAN, RIAU",2,220,43,263
https://kawalpemilu.org#14959,"AIR EMAS, UKUI, PELALAWAN, RIAU",3,215,41,256
https://kawalpemilu.org#14959,"AIR EMAS, UKUI, PELALAWAN, RIAU",4,211,56,267
https://kawalpemilu.org#14959,"AIR EMAS, UKUI, PELALAWAN, RIAU",5,141,75,216
https://kawalpemilu.org#14959,"AIR EMAS, UKUI, PELALAWAN, RIAU",6,91,75,166
https://kawalpemilu.org#14960,"BUKIT GAJAH, UKUI, PELALAWAN, RIAU",1,136,121,257
https://kawalpemilu.org#14960,"BUKIT GAJAH, UKUI, PELALAWAN, RIAU",2,82,150,232
https://kawalpemilu.org#14960,"BUKIT GAJAH, UKUI, PELALAWAN, RIAU",3,100,138,238
https://kawalpemilu.org#14960,"BUKIT GAJAH, UKUI, PELALAWAN, RIAU",4,53,180,233
https://kawalpemilu.org#14960,"BUKIT GAJAH, UKUI, PELALAWAN, RIAU",5,98,119,217
https://kawalpemilu.org#14960,"BUKIT GAJAH, UKUI, PELALAWAN, RIAU",6,96,115,211
https://kawalpemilu.org#14960,"BUKIT GAJAH, UKUI, PELALAWAN, RIAU",7,87,146,233
https://kawalpemilu.org#14960,"BUKIT GAJAH, UKUI, PELALAWAN, RIAU",8,83,144,227
https://kawalpemilu.org#14960,"BUKIT GAJAH, UKUI, PELALAWAN, RIAU",9,157,70,227
https://kawalpemilu.org#14961,"BUKIT JAYA, UKUI, PELALAWAN, RIAU",1,139,53,192
https://kawalpemilu.org#14961,"BUKIT JAYA, UKUI, PELALAWAN, RIAU",2,167,48,215
https://kawalpemilu.org#14961,"BUKIT JAYA, UKUI, PELALAWAN, RIAU",3,174,52,226
https://kawalpemilu.org#14961,"BUKIT JAYA, UKUI, PELALAWAN, RIAU",4,169,42,211
https://kawalpemilu.org#14961,"BUKIT JAYA, UKUI, PELALAWAN, RIAU",5,197,39,236
https://kawalpemilu.org#14962,"KAMPUNG BARU, UKUI, PELALAWAN, RIAU",1,130,87,217
https://kawalpemilu.org#14962,"KAMPUNG BARU, UKUI, PELALAWAN, RIAU",2,147,84,231
https://kawalpemilu.org#14962,"KAMPUNG BARU, UKUI, PELALAWAN, RIAU",3,136,73,210
https://kawalpemilu.org#14962,"KAMPUNG BARU, UKUI, PELALAWAN, RIAU",4,108,99,207
https://kawalpemilu.org#14962,"KAMPUNG BARU, UKUI, PELALAWAN, RIAU",5,100,112,212
https://kawalpemilu.org#14962,"KAMPUNG BARU, UKUI, PELALAWAN, RIAU",6,117,76,193
https://kawalpemilu.org#14962,"KAMPUNG BARU, UKUI, PELALAWAN, RIAU",7,88,141,229
https://kawalpemilu.org#14963,"LUBUK KEMBANG BUNGA, UKUI, PELALAWAN, RIAU",1,83,105,188
https://kawalpemilu.org#14963,"LUBUK KEMBANG BUNGA, UKUI, PELALAWAN, RIAU",2,155,95,250
https://kawalpemilu.org#14963,"LUBUK KEMBANG BUNGA, UKUI, PELALAWAN, RIAU",3,135,43,178
https://kawalpemilu.org#14963,"LUBUK KEMBANG BUNGA, UKUI, PELALAWAN, RIAU",4,143,8,151
https://kawalpemilu.org#14963,"LUBUK KEMBANG BUNGA, UKUI, PELALAWAN, RIAU",5,114,8,122
https://kawalpemilu.org#14963,"LUBUK KEMBANG BUNGA, UKUI, PELALAWAN, RIAU",6,150,7,157
https://kawalpemilu.org#14963,"LUBUK KEMBANG BUNGA, UKUI, PELALAWAN, RIAU",7,65,2,67
https://kawalpemilu.org#14963,"LUBUK KEMBANG BUNGA, UKUI, PELALAWAN, RIAU",8,32,1,33
https://kawalpemilu.org#14963,"LUBUK KEMBANG BUNGA, UKUI, PELALAWAN, RIAU",9,113,3,116
https://kawalpemilu.org#14963,"LUBUK KEMBANG BUNGA, UKUI, PELALAWAN, RIAU",10,141,10,151
https://kawalpemilu.org#14963,"LUBUK KEMBANG BUNGA, UKUI, PELALAWAN, RIAU",11,90,9,99
https://kawalpemilu.org#14963,"LUBUK KEMBANG BUNGA, UKUI, PELALAWAN, RIAU",12,70,4,74
https://kawalpemilu.org#14963,"LUBUK KEMBANG BUNGA, UKUI, PELALAWAN, RIAU",13,112,102,214
https://kawalpemilu.org#14963,"LUBUK KEMBANG BUNGA, UKUI, PELALAWAN, RIAU",14,112,14,126
https://kawalpemilu.org#14964,"LUBUK KEMBANG SARI, UKUI, PELALAWAN, RIAU",1,125,123,248
https://kawalpemilu.org#14964,"LUBUK KEMBANG SARI, UKUI, PELALAWAN, RIAU",2,135,110,245
https://kawalpemilu.org#14964,"LUBUK KEMBANG SARI, UKUI, PELALAWAN, RIAU",3,130,101,231
https://kawalpemilu.org#14964,"LUBUK KEMBANG SARI, UKUI, PELALAWAN, RIAU",4,153,100,253
https://kawalpemilu.org#14964,"LUBUK KEMBANG SARI, UKUI, PELALAWAN, RIAU",5,124,108,232
https://kawalpemilu.org#14964,"LUBUK KEMBANG SARI, UKUI, PELALAWAN, RIAU",6,150,81,231
https://kawalpemilu.org#14964,"LUBUK KEMBANG SARI, UKUI, PELALAWAN, RIAU",7,127,97,224
https://kawalpemilu.org#14965,"SILIKUAN HULU, UKUI, PELALAWAN, RIAU",1,123,128,251
https://kawalpemilu.org#14965,"SILIKUAN HULU, UKUI, PELALAWAN, RIAU",2,201,55,256
https://kawalpemilu.org#14965,"SILIKUAN HULU, UKUI, PELALAWAN, RIAU",3,185,62,247
https://kawalpemilu.org#14965,"SILIKUAN HULU, UKUI, PELALAWAN, RIAU",4,172,53,225
https://kawalpemilu.org#14965,"SILIKUAN HULU, UKUI, PELALAWAN, RIAU",5,145,53,198
https://kawalpemilu.org#14966,"TRI MULYA JAYA, UKUI, PELALAWAN, RIAU",1,172,56,228
https://kawalpemilu.org#14966,"TRI MULYA JAYA, UKUI, PELALAWAN, RIAU",2,154,87,241
https://kawalpemilu.org#14966,"TRI MULYA JAYA, UKUI, PELALAWAN, RIAU",3,148,81,229
https://kawalpemilu.org#14966,"TRI MULYA JAYA, UKUI, PELALAWAN, RIAU",4,200,45,245
https://kawalpemilu.org#14967,"UKUI DUA, UKUI, PELALAWAN, RIAU",1,74,171,245
https://kawalpemilu.org#14967,"UKUI DUA, UKUI, PELALAWAN, RIAU",2,58,80,138
https://kawalpemilu.org#14967,"UKUI DUA, UKUI, PELALAWAN, RIAU",3,97,104,201
https://kawalpemilu.org#14967,"UKUI DUA, UKUI, PELALAWAN, RIAU",4,79,159,238
https://kawalpemilu.org#14967,"UKUI DUA, UKUI, PELALAWAN, RIAU",5,43,163,206
https://kawalpemilu.org#14967,"UKUI DUA, UKUI, PELALAWAN, RIAU",6,63,143,206
https://kawalpemilu.org#14967,"UKUI DUA, UKUI, PELALAWAN, RIAU",7,90,98,188
https://kawalpemilu.org#14967,"UKUI DUA, UKUI, PELALAWAN, RIAU",8,127,45,172
https://kawalpemilu.org#14967,"UKUI DUA, UKUI, PELALAWAN, RIAU",9,166,55,221
https://kawalpemilu.org#14967,"UKUI DUA, UKUI, PELALAWAN, RIAU",10,150,62,212
https://kawalpemilu.org#14967,"UKUI DUA, UKUI, PELALAWAN, RIAU",11,97,24,121
https://kawalpemilu.org#14967,"UKUI DUA, UKUI, PELALAWAN, RIAU",12,81,21,102
https://kawalpemilu.org#88316,"BAGAN LIMAU, UKUI, PELALAWAN, RIAU",2,152,47,199
https://kawalpemilu.org#88316,"BAGAN LIMAU, UKUI, PELALAWAN, RIAU",3,140,25,165
https://kawalpemilu.org#88316,"BAGAN LIMAU, UKUI, PELALAWAN, RIAU",4,58,98,156
https://kawalpemilu.org#88316,"BAGAN LIMAU, UKUI, PELALAWAN, RIAU",5,79,86,165
https://kawalpemilu.org#88316,"BAGAN LIMAU, UKUI, PELALAWAN, RIAU",6,112,26,138
https://kawalpemilu.org#14969,"PANGKALAN KERINCI BARAT, PANGKALAN KERINCI, PELALAWAN, RIAU",1,20,153,173
https://kawalpemilu.org#14969,"PANGKALAN KERINCI BARAT, PANGKALAN KERINCI, PELALAWAN, RIAU",2,28,129,157
https://kawalpemilu.org#14969,"PANGKALAN KERINCI BARAT, PANGKALAN KERINCI, PELALAWAN, RIAU",3,34,187,221
https://kawalpemilu.org#14969,"PANGKALAN KERINCI BARAT, PANGKALAN KERINCI, PELALAWAN, RIAU",4,46,220,266
https://kawalpemilu.org#14969,"PANGKALAN KERINCI BARAT, PANGKALAN KERINCI, PELALAWAN, RIAU",5,65,143,208
https://kawalpemilu.org#14969,"PANGKALAN KERINCI BARAT, PANGKALAN KERINCI, PELALAWAN, RIAU",6,49,133,182
https://kawalpemilu.org#14969,"PANGKALAN KERINCI BARAT, PANGKALAN KERINCI, PELALAWAN, RIAU",7,61,85,146
https://kawalpemilu.org#14969,"PANGKALAN KERINCI BARAT, PANGKALAN KERINCI, PELALAWAN, RIAU",8,53,115,168
https://kawalpemilu.org#14969,"PANGKALAN KERINCI BARAT, PANGKALAN KERINCI, PELALAWAN, RIAU",9,53,145,198
https://kawalpemilu.org#14969,"PANGKALAN KERINCI BARAT, PANGKALAN KERINCI, PELALAWAN, RIAU",10,71,69,140
https://kawalpemilu.org#14969,"PANGKALAN KERINCI BARAT, PANGKALAN KERINCI, PELALAWAN, RIAU",11,132,80,212
https://kawalpemilu.org#14969,"PANGKALAN KERINCI BARAT, PANGKALAN KERINCI, PELALAWAN, RIAU",12,90,100,190
https://kawalpemilu.org#14969,"PANGKALAN KERINCI BARAT, PANGKALAN KERINCI, PELALAWAN, RIAU",13,118,44,162
https://kawalpemilu.org#14969,"PANGKALAN KERINCI BARAT, PANGKALAN KERINCI, PELALAWAN, RIAU",14,116,41,157
https://kawalpemilu.org#14969,"PANGKALAN KERINCI BARAT, PANGKALAN KERINCI, PELALAWAN, RIAU",15,113,75,188
https://kawalpemilu.org#14969,"PANGKALAN KERINCI BARAT, PANGKALAN KERINCI, PELALAWAN, RIAU",16,64,153,217
https://kawalpemilu.org#14970,"PANGKALAN KERINCI KOTA, PANGKALAN KERINCI, PELALAWAN, RIAU",1,76,127,203
https://kawalpemilu.org#14970,"PANGKALAN KERINCI KOTA, PANGKALAN KERINCI, PELALAWAN, RIAU",2,31,105,136
https://kawalpemilu.org#14970,"PANGKALAN KERINCI KOTA, PANGKALAN KERINCI, PELALAWAN, RIAU",3,0,0,0
https://kawalpemilu.org#14970,"PANGKALAN KERINCI KOTA, PANGKALAN KERINCI, PELALAWAN, RIAU",4,46,135,181
https://kawalpemilu.org#14970,"PANGKALAN KERINCI KOTA, PANGKALAN KERINCI, PELALAWAN, RIAU",5,33,149,182
https://kawalpemilu.org#14970,"PANGKALAN KERINCI KOTA, PANGKALAN KERINCI, PELALAWAN, RIAU",6,28,137,165
https://kawalpemilu.org#14970,"PANGKALAN KERINCI KOTA, PANGKALAN KERINCI, PELALAWAN, RIAU",7,25,123,148
https://kawalpemilu.org#14970,"PANGKALAN KERINCI KOTA, PANGKALAN KERINCI, PELALAWAN, RIAU",8,34,158,192
https://kawalpemilu.org#14970,"PANGKALAN KERINCI KOTA, PANGKALAN KERINCI, PELALAWAN, RIAU",9,32,96,128
https://kawalpemilu.org#14970,"PANGKALAN KERINCI KOTA, PANGKALAN KERINCI, PELALAWAN, RIAU",10,48,144,192
https://kawalpemilu.org#14970,"PANGKALAN KERINCI KOTA, PANGKALAN KERINCI, PELALAWAN, RIAU",11,76,159,235
https://kawalpemilu.org#14970,"PANGKALAN KERINCI KOTA, PANGKALAN KERINCI, PELALAWAN, RIAU",12,37,168,205
https://kawalpemilu.org#14970,"PANGKALAN KERINCI KOTA, PANGKALAN KERINCI, PELALAWAN, RIAU",13,21,90,111
https://kawalpemilu.org#14970,"PANGKALAN KERINCI KOTA, PANGKALAN KERINCI, PELALAWAN, RIAU",14,42,128,170
https://kawalpemilu.org#14970,"PANGKALAN KERINCI KOTA, PANGKALAN KERINCI, PELALAWAN, RIAU",15,31,91,122
https://kawalpemilu.org#14970,"PANGKALAN KERINCI KOTA, PANGKALAN KERINCI, PELALAWAN, RIAU",16,28,124,152
https://kawalpemilu.org#14970,"PANGKALAN KERINCI KOTA, PANGKALAN KERINCI, PELALAWAN, RIAU",17,56,156,212
https://kawalpemilu.org#14970,"PANGKALAN KERINCI KOTA, PANGKALAN KERINCI, PELALAWAN, RIAU",18,27,94,121
https://kawalpemilu.org#14970,"PANGKALAN KERINCI KOTA, PANGKALAN KERINCI, PELALAWAN, RIAU",19,25,75,100
https://kawalpemilu.org#14970,"PANGKALAN KERINCI KOTA, PANGKALAN KERINCI, PELALAWAN, RIAU",20,46,145,191
https://kawalpemilu.org#14970,"PANGKALAN KERINCI KOTA, PANGKALAN KERINCI, PELALAWAN, RIAU",21,20,115,135
https://kawalpemilu.org#14970,"PANGKALAN KERINCI KOTA, PANGKALAN KERINCI, PELALAWAN, RIAU",22,33,119,152
https://kawalpemilu.org#14970,"PANGKALAN KERINCI KOTA, PANGKALAN KERINCI, PELALAWAN, RIAU",23,35,189,224
https://kawalpemilu.org#14970,"PANGKALAN KERINCI KOTA, PANGKALAN KERINCI, PELALAWAN, RIAU",24,70,94,164
https://kawalpemilu.org#14970,"PANGKALAN KERINCI KOTA, PANGKALAN KERINCI, PELALAWAN, RIAU",25,69,77,146
https://kawalpemilu.org#14970,"PANGKALAN KERINCI KOTA, PANGKALAN KERINCI, PELALAWAN, RIAU",26,57,62,119
https://kawalpemilu.org#14970,"PANGKALAN KERINCI KOTA, PANGKALAN KERINCI, PELALAWAN, RIAU",27,66,148,214
https://kawalpemilu.org#14970,"PANGKALAN KERINCI KOTA, PANGKALAN KERINCI, PELALAWAN, RIAU",28,50,151,201
https://kawalpemilu.org#14970,"PANGKALAN KERINCI KOTA, PANGKALAN KERINCI, PELALAWAN, RIAU",29,146,78,224
https://kawalpemilu.org#14970,"PANGKALAN KERINCI KOTA, PANGKALAN KERINCI, PELALAWAN, RIAU",30,54,127,181
https://kawalpemilu.org#14970,"PANGKALAN KERINCI KOTA, PANGKALAN KERINCI, PELALAWAN, RIAU",31,41,165,206
https://kawalpemilu.org#14970,"PANGKALAN KERINCI KOTA, PANGKALAN KERINCI, PELALAWAN, RIAU",32,43,127,170
https://kawalpemilu.org#14970,"PANGKALAN KERINCI KOTA, PANGKALAN KERINCI, PELALAWAN, RIAU",34,28,133,161
https://kawalpemilu.org#14970,"PANGKALAN KERINCI KOTA, PANGKALAN KERINCI, PELALAWAN, RIAU",35,34,135,169
https://kawalpemilu.org#14970,"PANGKALAN KERINCI KOTA, PANGKALAN KERINCI, PELALAWAN, RIAU",36,40,123,163
https://kawalpemilu.org#14970,"PANGKALAN KERINCI KOTA, PANGKALAN KERINCI, PELALAWAN, RIAU",37,29,116,145
https://kawalpemilu.org#14970,"PANGKALAN KERINCI KOTA, PANGKALAN KERINCI, PELALAWAN, RIAU",38,45,141,186
https://kawalpemilu.org#14970,"PANGKALAN KERINCI KOTA, PANGKALAN KERINCI, PELALAWAN, RIAU",39,54,169,223
https://kawalpemilu.org#14970,"PANGKALAN KERINCI KOTA, PANGKALAN KERINCI, PELALAWAN, RIAU",40,15,158,173
https://kawalpemilu.org#14970,"PANGKALAN KERINCI KOTA, PANGKALAN KERINCI, PELALAWAN, RIAU",41,23,200,223
https://kawalpemilu.org#14970,"PANGKALAN KERINCI KOTA, PANGKALAN KERINCI, PELALAWAN, RIAU",42,25,121,146
https://kawalpemilu.org#14970,"PANGKALAN KERINCI KOTA, PANGKALAN KERINCI, PELALAWAN, RIAU",43,23,101,124
https://kawalpemilu.org#14970,"PANGKALAN KERINCI KOTA, PANGKALAN KERINCI, PELALAWAN, RIAU",44,35,171,206
https://kawalpemilu.org#14970,"PANGKALAN KERINCI KOTA, PANGKALAN KERINCI, PELALAWAN, RIAU",45,44,139,183
https://kawalpemilu.org#14970,"PANGKALAN KERINCI KOTA, PANGKALAN KERINCI, PELALAWAN, RIAU",46,23,115,138
https://kawalpemilu.org#14970,"PANGKALAN KERINCI KOTA, PANGKALAN KERINCI, PELALAWAN, RIAU",47,47,210,257
https://kawalpemilu.org#14970,"PANGKALAN KERINCI KOTA, PANGKALAN KERINCI, PELALAWAN, RIAU",48,32,173,205
https://kawalpemilu.org#14970,"PANGKALAN KERINCI KOTA, PANGKALAN KERINCI, PELALAWAN, RIAU",49,31,151,182
https://kawalpemilu.org#14970,"PANGKALAN KERINCI KOTA, PANGKALAN KERINCI, PELALAWAN, RIAU",50,59,167,226
https://kawalpemilu.org#14970,"PANGKALAN KERINCI KOTA, PANGKALAN KERINCI, PELALAWAN, RIAU",51,100,77,177
https://kawalpemilu.org#14970,"PANGKALAN KERINCI KOTA, PANGKALAN KERINCI, PELALAWAN, RIAU",52,31,108,139
https://kawalpemilu.org#14970,"PANGKALAN KERINCI KOTA, PANGKALAN KERINCI, PELALAWAN, RIAU",53,37,124,161
https://kawalpemilu.org#14970,"PANGKALAN KERINCI KOTA, PANGKALAN KERINCI, PELALAWAN, RIAU",54,69,108,177
https://kawalpemilu.org#14970,"PANGKALAN KERINCI KOTA, PANGKALAN KERINCI, PELALAWAN, RIAU",55,77,56,133
https://kawalpemilu.org#14970,"PANGKALAN KERINCI KOTA, PANGKALAN KERINCI, PELALAWAN, RIAU",56,32,139,171
https://kawalpemilu.org#14970,"PANGKALAN KERINCI KOTA, PANGKALAN KERINCI, PELALAWAN, RIAU",57,87,79,166
https://kawalpemilu.org#14970,"PANGKALAN KERINCI KOTA, PANGKALAN KERINCI, PELALAWAN, RIAU",58,40,125,165
https://kawalpemilu.org#14970,"PANGKALAN KERINCI KOTA, PANGKALAN KERINCI, PELALAWAN, RIAU",59,39,69,108
https://kawalpemilu.org#14970,"PANGKALAN KERINCI KOTA, PANGKALAN KERINCI, PELALAWAN, RIAU",60,81,131,212
https://kawalpemilu.org#14970,"PANGKALAN KERINCI KOTA, PANGKALAN KERINCI, PELALAWAN, RIAU",62,118,119,237
https://kawalpemilu.org#14970,"PANGKALAN KERINCI KOTA, PANGKALAN KERINCI, PELALAWAN, RIAU",63,110,96,206
https://kawalpemilu.org#14970,"PANGKALAN KERINCI KOTA, PANGKALAN KERINCI, PELALAWAN, RIAU",64,27,60,87
https://kawalpemilu.org#14970,"PANGKALAN KERINCI KOTA, PANGKALAN KERINCI, PELALAWAN, RIAU",65,46,100,146
https://kawalpemilu.org#14970,"PANGKALAN KERINCI KOTA, PANGKALAN KERINCI, PELALAWAN, RIAU",66,115,66,181
https://kawalpemilu.org#14970,"PANGKALAN KERINCI KOTA, PANGKALAN KERINCI, PELALAWAN, RIAU",67,81,79,160
https://kawalpemilu.org#14970,"PANGKALAN KERINCI KOTA, PANGKALAN KERINCI, PELALAWAN, RIAU",68,108,27,135
https://kawalpemilu.org#14970,"PANGKALAN KERINCI KOTA, PANGKALAN KERINCI, PELALAWAN, RIAU",69,97,20,117
https://kawalpemilu.org#14970,"PANGKALAN KERINCI KOTA, PANGKALAN KERINCI, PELALAWAN, RIAU",70,66,76,142
https://kawalpemilu.org#14970,"PANGKALAN KERINCI KOTA, PANGKALAN KERINCI, PELALAWAN, RIAU",71,41,77,118
https://kawalpemilu.org#14970,"PANGKALAN KERINCI KOTA, PANGKALAN KERINCI, PELALAWAN, RIAU",72,162,19,181
https://kawalpemilu.org#14970,"PANGKALAN KERINCI KOTA, PANGKALAN KERINCI, PELALAWAN, RIAU",73,188,8,196
https://kawalpemilu.org#14970,"PANGKALAN KERINCI KOTA, PANGKALAN KERINCI, PELALAWAN, RIAU",74,172,24,196
https://kawalpemilu.org#14970,"PANGKALAN KERINCI KOTA, PANGKALAN KERINCI, PELALAWAN, RIAU",75,92,47,139
https://kawalpemilu.org#14970,"PANGKALAN KERINCI KOTA, PANGKALAN KERINCI, PELALAWAN, RIAU",76,83,34,117
https://kawalpemilu.org#14970,"PANGKALAN KERINCI KOTA, PANGKALAN KERINCI, PELALAWAN, RIAU",77,112,44,156
https://kawalpemilu.org#14970,"PANGKALAN KERINCI KOTA, PANGKALAN KERINCI, PELALAWAN, RIAU",78,61,90,151
https://kawalpemilu.org#14970,"PANGKALAN KERINCI KOTA, PANGKALAN KERINCI, PELALAWAN, RIAU",79,42,88,130
https://kawalpemilu.org#14970,"PANGKALAN KERINCI KOTA, PANGKALAN KERINCI, PELALAWAN, RIAU",80,90,160,250
https://kawalpemilu.org#14970,"PANGKALAN KERINCI KOTA, PANGKALAN KERINCI, PELALAWAN, RIAU",81,29,134,163
https://kawalpemilu.org#14970,"PANGKALAN KERINCI KOTA, PANGKALAN KERINCI, PELALAWAN, RIAU",82,40,120,160
https://kawalpemilu.org#14970,"PANGKALAN KERINCI KOTA, PANGKALAN KERINCI, PELALAWAN, RIAU",83,94,86,180
https://kawalpemilu.org#14970,"PANGKALAN KERINCI KOTA, PANGKALAN KERINCI, PELALAWAN, RIAU",84,84,86,170
https://kawalpemilu.org#14970,"PANGKALAN KERINCI KOTA, PANGKALAN KERINCI, PELALAWAN, RIAU",85,38,56,94
https://kawalpemilu.org#14970,"PANGKALAN KERINCI KOTA, PANGKALAN KERINCI, PELALAWAN, RIAU",86,72,117,189
https://kawalpemilu.org#14970,"PANGKALAN KERINCI KOTA, PANGKALAN KERINCI, PELALAWAN, RIAU",87,77,131,208
https://kawalpemilu.org#14970,"PANGKALAN KERINCI KOTA, PANGKALAN KERINCI, PELALAWAN, RIAU",88,64,41,105
https://kawalpemilu.org#14970,"PANGKALAN KERINCI KOTA, PANGKALAN KERINCI, PELALAWAN, RIAU",89,83,47,130
https://kawalpemilu.org#14970,"PANGKALAN KERINCI KOTA, PANGKALAN KERINCI, PELALAWAN, RIAU",90,41,67,108
https://kawalpemilu.org#14970,"PANGKALAN KERINCI KOTA, PANGKALAN KERINCI, PELALAWAN, RIAU",91,90,89,179
https://kawalpemilu.org#14970,"PANGKALAN KERINCI KOTA, PANGKALAN KERINCI, PELALAWAN, RIAU",92,112,89,201
https://kawalpemilu.org#14970,"PANGKALAN KERINCI KOTA, PANGKALAN KERINCI, PELALAWAN, RIAU",93,75,145,220
https://kawalpemilu.org#14970,"PANGKALAN KERINCI KOTA, PANGKALAN KERINCI, PELALAWAN, RIAU",94,73,124,197
https://kawalpemilu.org#14970,"PANGKALAN KERINCI KOTA, PANGKALAN KERINCI, PELALAWAN, RIAU",95,76,167,243
https://kawalpemilu.org#14971,"PANGKALAN KERINCI TIMUR, PANGKALAN KERINCI, PELALAWAN, RIAU",1,78,131,209
https://kawalpemilu.org#14971,"PANGKALAN KERINCI TIMUR, PANGKALAN KERINCI, PELALAWAN, RIAU",2,140,104,244
https://kawalpemilu.org#14971,"PANGKALAN KERINCI TIMUR, PANGKALAN KERINCI, PELALAWAN, RIAU",3,104,177,281
https://kawalpemilu.org#14971,"PANGKALAN KERINCI TIMUR, PANGKALAN KERINCI, PELALAWAN, RIAU",4,66,122,188
https://kawalpemilu.org#14971,"PANGKALAN KERINCI TIMUR, PANGKALAN KERINCI, PELALAWAN, RIAU",5,102,160,262
https://kawalpemilu.org#14971,"PANGKALAN KERINCI TIMUR, PANGKALAN KERINCI, PELALAWAN, RIAU",6,65,175,240
https://kawalpemilu.org#14971,"PANGKALAN KERINCI TIMUR, PANGKALAN KERINCI, PELALAWAN, RIAU",7,114,120,234
https://kawalpemilu.org#14971,"PANGKALAN KERINCI TIMUR, PANGKALAN KERINCI, PELALAWAN, RIAU",8,160,114,274
https://kawalpemilu.org#14971,"PANGKALAN KERINCI TIMUR, PANGKALAN KERINCI, PELALAWAN, RIAU",9,123,102,225
https://kawalpemilu.org#14971,"PANGKALAN KERINCI TIMUR, PANGKALAN KERINCI, PELALAWAN, RIAU",10,118,148,266
https://kawalpemilu.org#14971,"PANGKALAN KERINCI TIMUR, PANGKALAN KERINCI, PELALAWAN, RIAU",11,110,76,186
https://kawalpemilu.org#14971,"PANGKALAN KERINCI TIMUR, PANGKALAN KERINCI, PELALAWAN, RIAU",12,155,41,196
https://kawalpemilu.org#14971,"PANGKALAN KERINCI TIMUR, PANGKALAN KERINCI, PELALAWAN, RIAU",13,65,100,165
https://kawalpemilu.org#14971,"PANGKALAN KERINCI TIMUR, PANGKALAN KERINCI, PELALAWAN, RIAU",14,159,5,164
https://kawalpemilu.org#14971,"PANGKALAN KERINCI TIMUR, PANGKALAN KERINCI, PELALAWAN, RIAU",15,241,5,246
https://kawalpemilu.org#14971,"PANGKALAN KERINCI TIMUR, PANGKALAN KERINCI, PELALAWAN, RIAU",16,216,8,224
https://kawalpemilu.org#14971,"PANGKALAN KERINCI TIMUR, PANGKALAN KERINCI, PELALAWAN, RIAU",17,214,69,283
https://kawalpemilu.org#14971,"PANGKALAN KERINCI TIMUR, PANGKALAN KERINCI, PELALAWAN, RIAU",18,153,123,276
https://kawalpemilu.org#14971,"PANGKALAN KERINCI TIMUR, PANGKALAN KERINCI, PELALAWAN, RIAU",19,93,152,245
https://kawalpemilu.org#14971,"PANGKALAN KERINCI TIMUR, PANGKALAN KERINCI, PELALAWAN, RIAU",21,123,123,246
https://kawalpemilu.org#14971,"PANGKALAN KERINCI TIMUR, PANGKALAN KERINCI, PELALAWAN, RIAU",22,59,99,158
https://kawalpemilu.org#14971,"PANGKALAN KERINCI TIMUR, PANGKALAN KERINCI, PELALAWAN, RIAU",23,159,46,205
https://kawalpemilu.org#14971,"PANGKALAN KERINCI TIMUR, PANGKALAN KERINCI, PELALAWAN, RIAU",24,113,56,169
https://kawalpemilu.org#14971,"PANGKALAN KERINCI TIMUR, PANGKALAN KERINCI, PELALAWAN, RIAU",25,181,81,262
https://kawalpemilu.org#14971,"PANGKALAN KERINCI TIMUR, PANGKALAN KERINCI, PELALAWAN, RIAU",26,107,45,152
https://kawalpemilu.org#14971,"PANGKALAN KERINCI TIMUR, PANGKALAN KERINCI, PELALAWAN, RIAU",27,166,96,262
https://kawalpemilu.org#14971,"PANGKALAN KERINCI TIMUR, PANGKALAN KERINCI, PELALAWAN, RIAU",28,227,36,263
https://kawalpemilu.org#14971,"PANGKALAN KERINCI TIMUR, PANGKALAN KERINCI, PELALAWAN, RIAU",29,176,47,223
https://kawalpemilu.org#14971,"PANGKALAN KERINCI TIMUR, PANGKALAN KERINCI, PELALAWAN, RIAU",30,135,57,192
https://kawalpemilu.org#14971,"PANGKALAN KERINCI TIMUR, PANGKALAN KERINCI, PELALAWAN, RIAU",31,174,23,197
https://kawalpemilu.org#14971,"PANGKALAN KERINCI TIMUR, PANGKALAN KERINCI, PELALAWAN, RIAU",32,150,46,196
https://kawalpemilu.org#14971,"PANGKALAN KERINCI TIMUR, PANGKALAN KERINCI, PELALAWAN, RIAU",33,47,166,213
https://kawalpemilu.org#14971,"PANGKALAN KERINCI TIMUR, PANGKALAN KERINCI, PELALAWAN, RIAU",34,38,104,142
https://kawalpemilu.org#14971,"PANGKALAN KERINCI TIMUR, PANGKALAN KERINCI, PELALAWAN, RIAU",35,35,224,259
https://kawalpemilu.org#14971,"PANGKALAN KERINCI TIMUR, PANGKALAN KERINCI, PELALAWAN, RIAU",36,25,59,84
https://kawalpemilu.org#14971,"PANGKALAN KERINCI TIMUR, PANGKALAN KERINCI, PELALAWAN, RIAU",37,54,217,271
https://kawalpemilu.org#14971,"PANGKALAN KERINCI TIMUR, PANGKALAN KERINCI, PELALAWAN, RIAU",38,26,119,145
https://kawalpemilu.org#14971,"PANGKALAN KERINCI TIMUR, PANGKALAN KERINCI, PELALAWAN, RIAU",39,36,203,239
https://kawalpemilu.org#14971,"PANGKALAN KERINCI TIMUR, PANGKALAN KERINCI, PELALAWAN, RIAU",40,40,154,194
https://kawalpemilu.org#14971,"PANGKALAN KERINCI TIMUR, PANGKALAN KERINCI, PELALAWAN, RIAU",41,116,126,242
https://kawalpemilu.org#14971,"PANGKALAN KERINCI TIMUR, PANGKALAN KERINCI, PELALAWAN, RIAU",42,96,107,203
https://kawalpemilu.org#14971,"PANGKALAN KERINCI TIMUR, PANGKALAN KERINCI, PELALAWAN, RIAU",43,44,179,223
https://kawalpemilu.org#14971,"PANGKALAN KERINCI TIMUR, PANGKALAN KERINCI, PELALAWAN, RIAU",44,47,115,162
https://kawalpemilu.org#14971,"PANGKALAN KERINCI TIMUR, PANGKALAN KERINCI, PELALAWAN, RIAU",45,79,186,265
https://kawalpemilu.org#14971,"PANGKALAN KERINCI TIMUR, PANGKALAN KERINCI, PELALAWAN, RIAU",46,51,145,196
https://kawalpemilu.org#14971,"PANGKALAN KERINCI TIMUR, PANGKALAN KERINCI, PELALAWAN, RIAU",47,94,109,203
https://kawalpemilu.org#14971,"PANGKALAN KERINCI TIMUR, PANGKALAN KERINCI, PELALAWAN, RIAU",48,40,46,86
https://kawalpemilu.org#14971,"PANGKALAN KERINCI TIMUR, PANGKALAN KERINCI, PELALAWAN, RIAU",49,0,0,0
https://kawalpemilu.org#14971,"PANGKALAN KERINCI TIMUR, PANGKALAN KERINCI, PELALAWAN, RIAU",50,96,111,207
https://kawalpemilu.org#14971,"PANGKALAN KERINCI TIMUR, PANGKALAN KERINCI, PELALAWAN, RIAU",51,79,132,211
https://kawalpemilu.org#14971,"PANGKALAN KERINCI TIMUR, PANGKALAN KERINCI, PELALAWAN, RIAU",52,87,165,252
https://kawalpemilu.org#14971,"PANGKALAN KERINCI TIMUR, PANGKALAN KERINCI, PELALAWAN, RIAU",53,68,171,239
https://kawalpemilu.org#14971,"PANGKALAN KERINCI TIMUR, PANGKALAN KERINCI, PELALAWAN, RIAU",54,35,213,248
https://kawalpemilu.org#14971,"PANGKALAN KERINCI TIMUR, PANGKALAN KERINCI, PELALAWAN, RIAU",55,73,160,233
https://kawalpemilu.org#14971,"PANGKALAN KERINCI TIMUR, PANGKALAN KERINCI, PELALAWAN, RIAU",56,41,183,224
https://kawalpemilu.org#14971,"PANGKALAN KERINCI TIMUR, PANGKALAN KERINCI, PELALAWAN, RIAU",57,36,128,164
https://kawalpemilu.org#14971,"PANGKALAN KERINCI TIMUR, PANGKALAN KERINCI, PELALAWAN, RIAU",58,70,226,296
https://kawalpemilu.org#14971,"PANGKALAN KERINCI TIMUR, PANGKALAN KERINCI, PELALAWAN, RIAU",59,39,210,249
https://kawalpemilu.org#14971,"PANGKALAN KERINCI TIMUR, PANGKALAN KERINCI, PELALAWAN, RIAU",60,19,120,139
https://kawalpemilu.org#14971,"PANGKALAN KERINCI TIMUR, PANGKALAN KERINCI, PELALAWAN, RIAU",61,53,160,213
https://kawalpemilu.org#14971,"PANGKALAN KERINCI TIMUR, PANGKALAN KERINCI, PELALAWAN, RIAU",62,76,194,270
https://kawalpemilu.org#14971,"PANGKALAN KERINCI TIMUR, PANGKALAN KERINCI, PELALAWAN, RIAU",63,39,146,185
https://kawalpemilu.org#14971,"PANGKALAN KERINCI TIMUR, PANGKALAN KERINCI, PELALAWAN, RIAU",64,27,122,149
https://kawalpemilu.org#14971,"PANGKALAN KERINCI TIMUR, PANGKALAN KERINCI, PELALAWAN, RIAU",65,68,134,202
https://kawalpemilu.org#14971,"PANGKALAN KERINCI TIMUR, PANGKALAN KERINCI, PELALAWAN, RIAU",66,28,172,200
https://kawalpemilu.org#14971,"PANGKALAN KERINCI TIMUR, PANGKALAN KERINCI, PELALAWAN, RIAU",67,73,141,214
https://kawalpemilu.org#14971,"PANGKALAN KERINCI TIMUR, PANGKALAN KERINCI, PELALAWAN, RIAU",68,43,149,192
https://kawalpemilu.org#14971,"PANGKALAN KERINCI TIMUR, PANGKALAN KERINCI, PELALAWAN, RIAU",69,30,164,194
https://kawalpemilu.org#14971,"PANGKALAN KERINCI TIMUR, PANGKALAN KERINCI, PELALAWAN, RIAU",70,41,197,238
https://kawalpemilu.org#14971,"PANGKALAN KERINCI TIMUR, PANGKALAN KERINCI, PELALAWAN, RIAU",71,28,148,176
https://kawalpemilu.org#14971,"PANGKALAN KERINCI TIMUR, PANGKALAN KERINCI, PELALAWAN, RIAU",72,31,166,197
https://kawalpemilu.org#14971,"PANGKALAN KERINCI TIMUR, PANGKALAN KERINCI, PELALAWAN, RIAU",73,66,136,202
https://kawalpemilu.org#14971,"PANGKALAN KERINCI TIMUR, PANGKALAN KERINCI, PELALAWAN, RIAU",74,28,120,148
https://kawalpemilu.org#14971,"PANGKALAN KERINCI TIMUR, PANGKALAN KERINCI, PELALAWAN, RIAU",75,32,189,221
https://kawalpemilu.org#14971,"PANGKALAN KERINCI TIMUR, PANGKALAN KERINCI, PELALAWAN, RIAU",76,33,115,148
https://kawalpemilu.org#14971,"PANGKALAN KERINCI TIMUR, PANGKALAN KERINCI, PELALAWAN, RIAU",77,45,178,223
https://kawalpemilu.org#14971,"PANGKALAN KERINCI TIMUR, PANGKALAN KERINCI, PELALAWAN, RIAU",78,38,98,136
https://kawalpemilu.org#14971,"PANGKALAN KERINCI TIMUR, PANGKALAN KERINCI, PELALAWAN, RIAU",79,113,50,163
https://kawalpemilu.org#14971,"PANGKALAN KERINCI TIMUR, PANGKALAN KERINCI, PELALAWAN, RIAU",80,121,62,183
https://kawalpemilu.org#14971,"PANGKALAN KERINCI TIMUR, PANGKALAN KERINCI, PELALAWAN, RIAU",81,19,72,91
https://kawalpemilu.org#14971,"PANGKALAN KERINCI TIMUR, PANGKALAN KERINCI, PELALAWAN, RIAU",82,21,141,162
https://kawalpemilu.org#14973,"KUALA TERUSAN, PANGKALAN KERINCI, PELALAWAN, RIAU",1,57,161,218
https://kawalpemilu.org#14974,"MAKMUR, PANGKALAN KERINCI, PELALAWAN, RIAU",1,71,107,178
https://kawalpemilu.org#14974,"MAKMUR, PANGKALAN KERINCI, PELALAWAN, RIAU",2,56,47,103
https://kawalpemilu.org#14974,"MAKMUR, PANGKALAN KERINCI, PELALAWAN, RIAU",3,83,87,170
https://kawalpemilu.org#14974,"MAKMUR, PANGKALAN KERINCI, PELALAWAN, RIAU",4,55,75,130
https://kawalpemilu.org#14974,"MAKMUR, PANGKALAN KERINCI, PELALAWAN, RIAU",5,63,61,124
https://kawalpemilu.org#14974,"MAKMUR, PANGKALAN KERINCI, PELALAWAN, RIAU",6,102,170,272
https://kawalpemilu.org#14974,"MAKMUR, PANGKALAN KERINCI, PELALAWAN, RIAU",7,54,97,151
https://kawalpemilu.org#14974,"MAKMUR, PANGKALAN KERINCI, PELALAWAN, RIAU",8,88,155,243
https://kawalpemilu.org#14974,"MAKMUR, PANGKALAN KERINCI, PELALAWAN, RIAU",9,117,128,245
https://kawalpemilu.org#14974,"MAKMUR, PANGKALAN KERINCI, PELALAWAN, RIAU",10,55,84,139
https://kawalpemilu.org#14974,"MAKMUR, PANGKALAN KERINCI, PELALAWAN, RIAU",11,113,111,224
https://kawalpemilu.org#14974,"MAKMUR, PANGKALAN KERINCI, PELALAWAN, RIAU",12,65,48,113
https://kawalpemilu.org#14974,"MAKMUR, PANGKALAN KERINCI, PELALAWAN, RIAU",13,91,123,214
https://kawalpemilu.org#14974,"MAKMUR, PANGKALAN KERINCI, PELALAWAN, RIAU",14,67,80,147
https://kawalpemilu.org#14974,"MAKMUR, PANGKALAN KERINCI, PELALAWAN, RIAU",15,103,116,219
https://kawalpemilu.org#14974,"MAKMUR, PANGKALAN KERINCI, PELALAWAN, RIAU",16,52,101,153
https://kawalpemilu.org#14974,"MAKMUR, PANGKALAN KERINCI, PELALAWAN, RIAU",17,94,108,202
https://kawalpemilu.org#14975,"RANTAU BARU, PANGKALAN KERINCI, PELALAWAN, RIAU",1,40,129,169
https://kawalpemilu.org#14975,"RANTAU BARU, PANGKALAN KERINCI, PELALAWAN, RIAU",2,38,123,161
https://kawalpemilu.org#14975,"RANTAU BARU, PANGKALAN KERINCI, PELALAWAN, RIAU",3,61,55,116
https://kawalpemilu.org#14976,"MEKAR JAYA, PANGKALAN KERINCI, PELALAWAN, RIAU",1,120,138,258
https://kawalpemilu.org#14976,"MEKAR JAYA, PANGKALAN KERINCI, PELALAWAN, RIAU",2,92,54,146
https://kawalpemilu.org#14976,"MEKAR JAYA, PANGKALAN KERINCI, PELALAWAN, RIAU",3,76,62,138
https://kawalpemilu.org#14976,"MEKAR JAYA, PANGKALAN KERINCI, PELALAWAN, RIAU",4,61,27,88
https://kawalpemilu.org#14976,"MEKAR JAYA, PANGKALAN KERINCI, PELALAWAN, RIAU",5,154,19,173
https://kawalpemilu.org#14976,"MEKAR JAYA, PANGKALAN KERINCI, PELALAWAN, RIAU",6,156,56,212
https://kawalpemilu.org#14976,"MEKAR JAYA, PANGKALAN KERINCI, PELALAWAN, RIAU",7,171,50,221
https://kawalpemilu.org#14976,"MEKAR JAYA, PANGKALAN KERINCI, PELALAWAN, RIAU",8,119,45,164
https://kawalpemilu.org#14976,"MEKAR JAYA, PANGKALAN KERINCI, PELALAWAN, RIAU",9,55,87,142
https://kawalpemilu.org#14976,"MEKAR JAYA, PANGKALAN KERINCI, PELALAWAN, RIAU",10,82,166,248
https://kawalpemilu.org#14978,"SOREK I, PANGKALAN KURAS, PELALAWAN, RIAU",1,47,132,179
https://kawalpemilu.org#14978,"SOREK I, PANGKALAN KURAS, PELALAWAN, RIAU",2,144,76,220
https://kawalpemilu.org#14978,"SOREK I, PANGKALAN KURAS, PELALAWAN, RIAU",3,88,113,201
https://kawalpemilu.org#14978,"SOREK I, PANGKALAN KURAS, PELALAWAN, RIAU",4,41,114,155
https://kawalpemilu.org#14978,"SOREK I, PANGKALAN KURAS, PELALAWAN, RIAU",5,53,132,185
https://kawalpemilu.org#14978,"SOREK I, PANGKALAN KURAS, PELALAWAN, RIAU",6,30,200,230
https://kawalpemilu.org#14978,"SOREK I, PANGKALAN KURAS, PELALAWAN, RIAU",7,32,159,191
https://kawalpemilu.org#14978,"SOREK I, PANGKALAN KURAS, PELALAWAN, RIAU",8,75,169,244
https://kawalpemilu.org#14978,"SOREK I, PANGKALAN KURAS, PELALAWAN, RIAU",9,47,132,179
https://kawalpemilu.org#14978,"SOREK I, PANGKALAN KURAS, PELALAWAN, RIAU",10,77,125,202
https://kawalpemilu.org#14978,"SOREK I, PANGKALAN KURAS, PELALAWAN, RIAU",11,60,151,211
https://kawalpemilu.org#14978,"SOREK I, PANGKALAN KURAS, PELALAWAN, RIAU",12,271,6,277
https://kawalpemilu.org#14978,"SOREK I, PANGKALAN KURAS, PELALAWAN, RIAU",13,41,136,177
https://kawalpemilu.org#14978,"SOREK I, PANGKALAN KURAS, PELALAWAN, RIAU",14,44,170,214
https://kawalpemilu.org#14978,"SOREK I, PANGKALAN KURAS, PELALAWAN, RIAU",15,73,189,262
https://kawalpemilu.org#14978,"SOREK I, PANGKALAN KURAS, PELALAWAN, RIAU",16,74,177,251
https://kawalpemilu.org#14978,"SOREK I, PANGKALAN KURAS, PELALAWAN, RIAU",17,73,183,256
https://kawalpemilu.org#14978,"SOREK I, PANGKALAN KURAS, PELALAWAN, RIAU",18,22,167,189
https://kawalpemilu.org#14978,"SOREK I, PANGKALAN KURAS, PELALAWAN, RIAU",19,76,204,280
https://kawalpemilu.org#14978,"SOREK I, PANGKALAN KURAS, PELALAWAN, RIAU",20,96,159,255
https://kawalpemilu.org#14978,"SOREK I, PANGKALAN KURAS, PELALAWAN, RIAU",21,105,124,229
https://kawalpemilu.org#14978,"SOREK I, PANGKALAN KURAS, PELALAWAN, RIAU",22,152,54,206
https://kawalpemilu.org#14978,"SOREK I, PANGKALAN KURAS, PELALAWAN, RIAU",23,103,177,280
https://kawalpemilu.org#14978,"SOREK I, PANGKALAN KURAS, PELALAWAN, RIAU",24,58,45,103
https://kawalpemilu.org#14978,"SOREK I, PANGKALAN KURAS, PELALAWAN, RIAU",25,34,117,151
https://kawalpemilu.org#14978,"SOREK I, PANGKALAN KURAS, PELALAWAN, RIAU",26,101,95,196
https://kawalpemilu.org#14978,"SOREK I, PANGKALAN KURAS, PELALAWAN, RIAU",27,51,88,139
https://kawalpemilu.org#14978,"SOREK I, PANGKALAN KURAS, PELALAWAN, RIAU",28,44,81,125
https://kawalpemilu.org#14978,"SOREK I, PANGKALAN KURAS, PELALAWAN, RIAU",29,27,139,166
https://kawalpemilu.org#14978,"SOREK I, PANGKALAN KURAS, PELALAWAN, RIAU",30,118,52,170
https://kawalpemilu.org#14979,"SOREK II, PANGKALAN KURAS, PELALAWAN, RIAU",1,33,183,216
https://kawalpemilu.org#14979,"SOREK II, PANGKALAN KURAS, PELALAWAN, RIAU",2,34,170,204
https://kawalpemilu.org#14979,"SOREK II, PANGKALAN KURAS, PELALAWAN, RIAU",3,79,116,195
https://kawalpemilu.org#14979,"SOREK II, PANGKALAN KURAS, PELALAWAN, RIAU",4,42,174,216
https://kawalpemilu.org#14979,"SOREK II, PANGKALAN KURAS, PELALAWAN, RIAU",5,46,105,151
https://kawalpemilu.org#14979,"SOREK II, PANGKALAN KURAS, PELALAWAN, RIAU",6,68,90,158
https://kawalpemilu.org#14979,"SOREK II, PANGKALAN KURAS, PELALAWAN, RIAU",7,155,79,234
https://kawalpemilu.org#14980,"DUNDANGAN, PANGKALAN KURAS, PELALAWAN, RIAU",1,143,44,187
https://kawalpemilu.org#14980,"DUNDANGAN, PANGKALAN KURAS, PELALAWAN, RIAU",2,131,69,200
https://kawalpemilu.org#14980,"DUNDANGAN, PANGKALAN KURAS, PELALAWAN, RIAU",3,138,128,266
https://kawalpemilu.org#14980,"DUNDANGAN, PANGKALAN KURAS, PELALAWAN, RIAU",4,57,118,175
https://kawalpemilu.org#14980,"DUNDANGAN, PANGKALAN KURAS, PELALAWAN, RIAU",5,54,133,187
https://kawalpemilu.org#14980,"DUNDANGAN, PANGKALAN KURAS, PELALAWAN, RIAU",6,45,145,190
https://kawalpemilu.org#14980,"DUNDANGAN, PANGKALAN KURAS, PELALAWAN, RIAU",7,102,86,188
https://kawalpemilu.org#14980,"DUNDANGAN, PANGKALAN KURAS, PELALAWAN, RIAU",8,108,86,194
https://kawalpemilu.org#14981,"PALAS, PANGKALAN KURAS, PELALAWAN, RIAU",1,15,112,127
https://kawalpemilu.org#14981,"PALAS, PANGKALAN KURAS, PELALAWAN, RIAU",2,46,132,178
https://kawalpemilu.org#14981,"PALAS, PANGKALAN KURAS, PELALAWAN, RIAU",3,79,119,198
https://kawalpemilu.org#14981,"PALAS, PANGKALAN KURAS, PELALAWAN, RIAU",4,127,136,263
https://kawalpemilu.org#14981,"PALAS, PANGKALAN KURAS, PELALAWAN, RIAU",5,124,84,208
https://kawalpemilu.org#14981,"PALAS, PANGKALAN KURAS, PELALAWAN, RIAU",6,145,73,218
https://kawalpemilu.org#14982,"TERANTANG MANUK, PANGKALAN KURAS, PELALAWAN, RIAU",1,103,174,277
https://kawalpemilu.org#14982,"TERANTANG MANUK, PANGKALAN KURAS, PELALAWAN, RIAU",2,60,199,259
https://kawalpemilu.org#14982,"TERANTANG MANUK, PANGKALAN KURAS, PELALAWAN, RIAU",3,41,202,243
https://kawalpemilu.org#14982,"TERANTANG MANUK, PANGKALAN KURAS, PELALAWAN, RIAU",4,46,151,197
https://kawalpemilu.org#14982,"TERANTANG MANUK, PANGKALAN KURAS, PELALAWAN, RIAU",5,56,60,116
https://kawalpemilu.org#14982,"TERANTANG MANUK, PANGKALAN KURAS, PELALAWAN, RIAU",6,155,64,219
https://kawalpemilu.org#14982,"TERANTANG MANUK, PANGKALAN KURAS, PELALAWAN, RIAU",7,143,61,204
https://kawalpemilu.org#14982,"TERANTANG MANUK, PANGKALAN KURAS, PELALAWAN, RIAU",8,35,27,62
https://kawalpemilu.org#14983,"KEMANG, PANGKALAN KURAS, PELALAWAN, RIAU",1,72,160,232
https://kawalpemilu.org#14983,"KEMANG, PANGKALAN KURAS, PELALAWAN, RIAU",2,73,124,197
https://kawalpemilu.org#14983,"KEMANG, PANGKALAN KURAS, PELALAWAN, RIAU",3,81,109,190
https://kawalpemilu.org#14983,"KEMANG, PANGKALAN KURAS, PELALAWAN, RIAU",4,101,78,179
https://kawalpemilu.org#14983,"KEMANG, PANGKALAN KURAS, PELALAWAN, RIAU",5,59,195,254
https://kawalpemilu.org#14983,"KEMANG, PANGKALAN KURAS, PELALAWAN, RIAU",6,119,13,132
https://kawalpemilu.org#14983,"KEMANG, PANGKALAN KURAS, PELALAWAN, RIAU",7,90,82,172
https://kawalpemilu.org#14983,"KEMANG, PANGKALAN KURAS, PELALAWAN, RIAU",8,148,95,243
https://kawalpemilu.org#14983,"KEMANG, PANGKALAN KURAS, PELALAWAN, RIAU",9,80,63,143
https://kawalpemilu.org#14984,"TALAU, PANGKALAN KURAS, PELALAWAN, RIAU",1,85,156,241
https://kawalpemilu.org#14984,"TALAU, PANGKALAN KURAS, PELALAWAN, RIAU",2,262,17,279
https://kawalpemilu.org#14984,"TALAU, PANGKALAN KURAS, PELALAWAN, RIAU",3,225,22,247
https://kawalpemilu.org#14984,"TALAU, PANGKALAN KURAS, PELALAWAN, RIAU",4,210,19,229
https://kawalpemilu.org#14985,"TANJUNG BERINGIN, PANGKALAN KURAS, PELALAWAN, RIAU",1,49,153,202
https://kawalpemilu.org#14985,"TANJUNG BERINGIN, PANGKALAN KURAS, PELALAWAN, RIAU",2,124,22,146
https://kawalpemilu.org#14985,"TANJUNG BERINGIN, PANGKALAN KURAS, PELALAWAN, RIAU",3,164,19,183
https://kawalpemilu.org#14985,"TANJUNG BERINGIN, PANGKALAN KURAS, PELALAWAN, RIAU",4,183,28,211
https://kawalpemilu.org#14986,"BETUNG, PANGKALAN KURAS, PELALAWAN, RIAU",2,122,79,201
https://kawalpemilu.org#14986,"BETUNG, PANGKALAN KURAS, PELALAWAN, RIAU",3,96,120,216
https://kawalpemilu.org#14986,"BETUNG, PANGKALAN KURAS, PELALAWAN, RIAU",4,44,27,71
https://kawalpemilu.org#14987,"KESUMA, PANGKALAN KURAS, PELALAWAN, RIAU",1,75,72,147
https://kawalpemilu.org#14987,"KESUMA, PANGKALAN KURAS, PELALAWAN, RIAU",2,92,94,186
https://kawalpemilu.org#14987,"KESUMA, PANGKALAN KURAS, PELALAWAN, RIAU",3,155,67,222
https://kawalpemilu.org#14987,"KESUMA, PANGKALAN KURAS, PELALAWAN, RIAU",4,166,17,183
https://kawalpemilu.org#14987,"KESUMA, PANGKALAN KURAS, PELALAWAN, RIAU",5,104,22,126
https://kawalpemilu.org#14987,"KESUMA, PANGKALAN KURAS, PELALAWAN, RIAU",6,207,40,247
https://kawalpemilu.org#14987,"KESUMA, PANGKALAN KURAS, PELALAWAN, RIAU",7,105,4,109
https://kawalpemilu.org#14987,"KESUMA, PANGKALAN KURAS, PELALAWAN, RIAU",8,173,4,177
https://kawalpemilu.org#14987,"KESUMA, PANGKALAN KURAS, PELALAWAN, RIAU",9,142,14,156
https://kawalpemilu.org#14987,"KESUMA, PANGKALAN KURAS, PELALAWAN, RIAU",10,184,27,211
https://kawalpemilu.org#14987,"KESUMA, PANGKALAN KURAS, PELALAWAN, RIAU",11,209,14,223
https://kawalpemilu.org#14987,"KESUMA, PANGKALAN KURAS, PELALAWAN, RIAU",12,138,16,154
https://kawalpemilu.org#14987,"KESUMA, PANGKALAN KURAS, PELALAWAN, RIAU",13,161,36,197
https://kawalpemilu.org#14987,"KESUMA, PANGKALAN KURAS, PELALAWAN, RIAU",14,160,62,222
https://kawalpemilu.org#14987,"KESUMA, PANGKALAN KURAS, PELALAWAN, RIAU",15,195,65,260
https://kawalpemilu.org#14987,"KESUMA, PANGKALAN KURAS, PELALAWAN, RIAU",16,236,6,242
https://kawalpemilu.org#14987,"KESUMA, PANGKALAN KURAS, PELALAWAN, RIAU",17,145,0,145
https://kawalpemilu.org#14987,"KESUMA, PANGKALAN KURAS, PELALAWAN, RIAU",18,241,14,255
https://kawalpemilu.org#14987,"KESUMA, PANGKALAN KURAS, PELALAWAN, RIAU",19,161,10,171
https://kawalpemilu.org#14987,"KESUMA, PANGKALAN KURAS, PELALAWAN, RIAU",20,98,3,101
https://kawalpemilu.org#14988,"SURYA INDAH, PANGKALAN KURAS, PELALAWAN, RIAU",1,132,112,244
https://kawalpemilu.org#14988,"SURYA INDAH, PANGKALAN KURAS, PELALAWAN, RIAU",2,187,58,245
https://kawalpemilu.org#14988,"SURYA INDAH, PANGKALAN KURAS, PELALAWAN, RIAU",3,211,47,258
https://kawalpemilu.org#14988,"SURYA INDAH, PANGKALAN KURAS, PELALAWAN, RIAU",4,193,47,240
https://kawalpemilu.org#14988,"SURYA INDAH, PANGKALAN KURAS, PELALAWAN, RIAU",5,196,43,239
https://kawalpemilu.org#14989,"SIALANG INDAH, PANGKALAN KURAS, PELALAWAN, RIAU",1,171,82,253
https://kawalpemilu.org#14989,"SIALANG INDAH, PANGKALAN KURAS, PELALAWAN, RIAU",2,177,91,268
https://kawalpemilu.org#14989,"SIALANG INDAH, PANGKALAN KURAS, PELALAWAN, RIAU",3,107,155,262
https://kawalpemilu.org#14989,"SIALANG INDAH, PANGKALAN KURAS, PELALAWAN, RIAU",4,148,133,281
https://kawalpemilu.org#14989,"SIALANG INDAH, PANGKALAN KURAS, PELALAWAN, RIAU",5,126,147,273
https://kawalpemilu.org#14989,"SIALANG INDAH, PANGKALAN KURAS, PELALAWAN, RIAU",6,61,33,94
https://kawalpemilu.org#14990,"BERINGIN INDAH, PANGKALAN KURAS, PELALAWAN, RIAU",1,118,80,198
https://kawalpemilu.org#14990,"BERINGIN INDAH, PANGKALAN KURAS, PELALAWAN, RIAU",2,112,107,219
https://kawalpemilu.org#14990,"BERINGIN INDAH, PANGKALAN KURAS, PELALAWAN, RIAU",3,101,105,206
https://kawalpemilu.org#14990,"BERINGIN INDAH, PANGKALAN KURAS, PELALAWAN, RIAU",4,140,80,220
https://kawalpemilu.org#14990,"BERINGIN INDAH, PANGKALAN KURAS, PELALAWAN, RIAU",5,120,95,215
https://kawalpemilu.org#14991,"MERANTI, PANGKALAN KURAS, PELALAWAN, RIAU",1,175,72,247
https://kawalpemilu.org#14991,"MERANTI, PANGKALAN KURAS, PELALAWAN, RIAU",2,189,39,228
https://kawalpemilu.org#14991,"MERANTI, PANGKALAN KURAS, PELALAWAN, RIAU",3,142,56,198
https://kawalpemilu.org#14991,"MERANTI, PANGKALAN KURAS, PELALAWAN, RIAU",4,141,52,193
https://kawalpemilu.org#14992,"HARAPAN JAYA, PANGKALAN KURAS, PELALAWAN, RIAU",1,125,80,205
https://kawalpemilu.org#14992,"HARAPAN JAYA, PANGKALAN KURAS, PELALAWAN, RIAU",2,125,72,197
https://kawalpemilu.org#14992,"HARAPAN JAYA, PANGKALAN KURAS, PELALAWAN, RIAU",3,124,95,219
https://kawalpemilu.org#14992,"HARAPAN JAYA, PANGKALAN KURAS, PELALAWAN, RIAU",4,128,76,204
https://kawalpemilu.org#14993,"BATANG KULIM, PANGKALAN KURAS, PELALAWAN, RIAU",1,111,102,213
https://kawalpemilu.org#14993,"BATANG KULIM, PANGKALAN KURAS, PELALAWAN, RIAU",2,195,59,254
https://kawalpemilu.org#14993,"BATANG KULIM, PANGKALAN KURAS, PELALAWAN, RIAU",3,150,44,194
https://kawalpemilu.org#14993,"BATANG KULIM, PANGKALAN KURAS, PELALAWAN, RIAU",4,184,77,261
https://kawalpemilu.org#14993,"BATANG KULIM, PANGKALAN KURAS, PELALAWAN, RIAU",5,140,119,259
https://kawalpemilu.org#14993,"BATANG KULIM, PANGKALAN KURAS, PELALAWAN, RIAU",6,133,82,215
https://kawalpemilu.org#14993,"BATANG KULIM, PANGKALAN KURAS, PELALAWAN, RIAU",7,136,77,213
https://kawalpemilu.org#14993,"BATANG KULIM, PANGKALAN KURAS, PELALAWAN, RIAU",8,131,32,163
https://kawalpemilu.org#14994,"SIDOMUKTI, PANGKALAN KURAS, PELALAWAN, RIAU",1,135,125,260
https://kawalpemilu.org#14994,"SIDOMUKTI, PANGKALAN KURAS, PELALAWAN, RIAU",2,157,87,244
https://kawalpemilu.org#14994,"SIDOMUKTI, PANGKALAN KURAS, PELALAWAN, RIAU",3,137,100,237
https://kawalpemilu.org#14994,"SIDOMUKTI, PANGKALAN KURAS, PELALAWAN, RIAU",4,179,79,258
https://kawalpemilu.org#14996,"PANGKALAN LESUNG, PANGKALAN LESUNG, PELALAWAN, RIAU",1,32,223,255
https://kawalpemilu.org#14996,"PANGKALAN LESUNG, PANGKALAN LESUNG, PELALAWAN, RIAU",2,31,81,112
https://kawalpemilu.org#14996,"PANGKALAN LESUNG, PANGKALAN LESUNG, PELALAWAN, RIAU",3,30,217,247
https://kawalpemilu.org#14996,"PANGKALAN LESUNG, PANGKALAN LESUNG, PELALAWAN, RIAU",4,25,165,190
https://kawalpemilu.org#14996,"PANGKALAN LESUNG, PANGKALAN LESUNG, PELALAWAN, RIAU",5,58,157,215
https://kawalpemilu.org#14996,"PANGKALAN LESUNG, PANGKALAN LESUNG, PELALAWAN, RIAU",6,93,67,160
https://kawalpemilu.org#14996,"PANGKALAN LESUNG, PANGKALAN LESUNG, PELALAWAN, RIAU",7,92,83,175
https://kawalpemilu.org#14996,"PANGKALAN LESUNG, PANGKALAN LESUNG, PELALAWAN, RIAU",8,56,201,257
https://kawalpemilu.org#14996,"PANGKALAN LESUNG, PANGKALAN LESUNG, PELALAWAN, RIAU",9,30,132,162
https://kawalpemilu.org#14996,"PANGKALAN LESUNG, PANGKALAN LESUNG, PELALAWAN, RIAU",10,24,118,142
https://kawalpemilu.org#14996,"PANGKALAN LESUNG, PANGKALAN LESUNG, PELALAWAN, RIAU",11,138,76,214
https://kawalpemilu.org#14996,"PANGKALAN LESUNG, PANGKALAN LESUNG, PELALAWAN, RIAU",12,66,22,88
https://kawalpemilu.org#14996,"PANGKALAN LESUNG, PANGKALAN LESUNG, PELALAWAN, RIAU",13,204,12,216
https://kawalpemilu.org#14996,"PANGKALAN LESUNG, PANGKALAN LESUNG, PELALAWAN, RIAU",14,171,13,184
https://kawalpemilu.org#14996,"PANGKALAN LESUNG, PANGKALAN LESUNG, PELALAWAN, RIAU",15,150,5,155
https://kawalpemilu.org#14996,"PANGKALAN LESUNG, PANGKALAN LESUNG, PELALAWAN, RIAU",16,197,43,240
https://kawalpemilu.org#14996,"PANGKALAN LESUNG, PANGKALAN LESUNG, PELALAWAN, RIAU",17,233,18,251
https://kawalpemilu.org#14996,"PANGKALAN LESUNG, PANGKALAN LESUNG, PELALAWAN, RIAU",18,144,11,155
https://kawalpemilu.org#14996,"PANGKALAN LESUNG, PANGKALAN LESUNG, PELALAWAN, RIAU",19,142,106,248
https://kawalpemilu.org#14996,"PANGKALAN LESUNG, PANGKALAN LESUNG, PELALAWAN, RIAU",20,222,9,231
https://kawalpemilu.org#14997,"DUSUN TUA, PANGKALAN LESUNG, PELALAWAN, RIAU",1,35,202,237
https://kawalpemilu.org#14997,"DUSUN TUA, PANGKALAN LESUNG, PELALAWAN, RIAU",2,77,124,201
https://kawalpemilu.org#14997,"DUSUN TUA, PANGKALAN LESUNG, PELALAWAN, RIAU",3,51,169,220
https://kawalpemilu.org#14997,"DUSUN TUA, PANGKALAN LESUNG, PELALAWAN, RIAU",4,41,46,87
https://kawalpemilu.org#14998,"GENDUANG, PANGKALAN LESUNG, PELALAWAN, RIAU",1,82,174,256
https://kawalpemilu.org#14998,"GENDUANG, PANGKALAN LESUNG, PELALAWAN, RIAU",2,91,170,261
https://kawalpemilu.org#14998,"GENDUANG, PANGKALAN LESUNG, PELALAWAN, RIAU",3,100,136,236
https://kawalpemilu.org#14998,"GENDUANG, PANGKALAN LESUNG, PELALAWAN, RIAU",4,102,85,187
https://kawalpemilu.org#14998,"GENDUANG, PANGKALAN LESUNG, PELALAWAN, RIAU",5,112,33,145
https://kawalpemilu.org#14998,"GENDUANG, PANGKALAN LESUNG, PELALAWAN, RIAU",6,59,103,162
https://kawalpemilu.org#14998,"GENDUANG, PANGKALAN LESUNG, PELALAWAN, RIAU",7,122,38,160
https://kawalpemilu.org#14998,"GENDUANG, PANGKALAN LESUNG, PELALAWAN, RIAU",8,94,115,209
https://kawalpemilu.org#14998,"GENDUANG, PANGKALAN LESUNG, PELALAWAN, RIAU",9,54,54,108
https://kawalpemilu.org#14998,"GENDUANG, PANGKALAN LESUNG, PELALAWAN, RIAU",10,11,124,135
https://kawalpemilu.org#14999,"MAYANG SARI, PANGKALAN LESUNG, PELALAWAN, RIAU",1,149,57,206
https://kawalpemilu.org#14999,"MAYANG SARI, PANGKALAN LESUNG, PELALAWAN, RIAU",2,78,138,216
https://kawalpemilu.org#14999,"MAYANG SARI, PANGKALAN LESUNG, PELALAWAN, RIAU",3,108,116,224
https://kawalpemilu.org#14999,"MAYANG SARI, PANGKALAN LESUNG, PELALAWAN, RIAU",4,165,59,224
https://kawalpemilu.org#14999,"MAYANG SARI, PANGKALAN LESUNG, PELALAWAN, RIAU",5,129,60,189
https://kawalpemilu.org#14999,"MAYANG SARI, PANGKALAN LESUNG, PELALAWAN, RIAU",6,114,68,182
https://kawalpemilu.org#15000,"RAWANG SARI, PANGKALAN LESUNG, PELALAWAN, RIAU",1,115,79,194
https://kawalpemilu.org#15000,"RAWANG SARI, PANGKALAN LESUNG, PELALAWAN, RIAU",2,135,81,216
https://kawalpemilu.org#15000,"RAWANG SARI, PANGKALAN LESUNG, PELALAWAN, RIAU",3,107,77,184
https://kawalpemilu.org#15000,"RAWANG SARI, PANGKALAN LESUNG, PELALAWAN, RIAU",4,84,121,205
https://kawalpemilu.org#15000,"RAWANG SARI, PANGKALAN LESUNG, PELALAWAN, RIAU",5,117,92,209
https://kawalpemilu.org#15000,"RAWANG SARI, PANGKALAN LESUNG, PELALAWAN, RIAU",6,190,8,198
https://kawalpemilu.org#15000,"RAWANG SARI, PANGKALAN LESUNG, PELALAWAN, RIAU",7,213,38,251
https://kawalpemilu.org#15001,"MULYA SUBUR, PANGKALAN LESUNG, PELALAWAN, RIAU",1,165,75,240
https://kawalpemilu.org#15001,"MULYA SUBUR, PANGKALAN LESUNG, PELALAWAN, RIAU",2,141,65,206
https://kawalpemilu.org#15001,"MULYA SUBUR, PANGKALAN LESUNG, PELALAWAN, RIAU",3,165,50,215
https://kawalpemilu.org#15001,"MULYA SUBUR, PANGKALAN LESUNG, PELALAWAN, RIAU",4,117,50,167
https://kawalpemilu.org#15002,"SARI MULYA, PANGKALAN LESUNG, PELALAWAN, RIAU",1,57,161,218
https://kawalpemilu.org#15002,"SARI MULYA, PANGKALAN LESUNG, PELALAWAN, RIAU",2,13,127,140
https://kawalpemilu.org#15002,"SARI MULYA, PANGKALAN LESUNG, PELALAWAN, RIAU",3,101,99,200
https://kawalpemilu.org#15002,"SARI MULYA, PANGKALAN LESUNG, PELALAWAN, RIAU",4,88,96,184
https://kawalpemilu.org#15002,"SARI MULYA, PANGKALAN LESUNG, PELALAWAN, RIAU",5,51,100,151
https://kawalpemilu.org#15003,"SARI MAKMUR, PANGKALAN LESUNG, PELALAWAN, RIAU",1,102,103,205
https://kawalpemilu.org#15003,"SARI MAKMUR, PANGKALAN LESUNG, PELALAWAN, RIAU",2,122,100,222
https://kawalpemilu.org#15003,"SARI MAKMUR, PANGKALAN LESUNG, PELALAWAN, RIAU",3,104,74,178
https://kawalpemilu.org#15003,"SARI MAKMUR, PANGKALAN LESUNG, PELALAWAN, RIAU",4,130,60,190
https://kawalpemilu.org#15003,"SARI MAKMUR, PANGKALAN LESUNG, PELALAWAN, RIAU",5,96,85,181
https://kawalpemilu.org#15003,"SARI MAKMUR, PANGKALAN LESUNG, PELALAWAN, RIAU",6,95,113,208
https://kawalpemilu.org#15004,"PESAGUAN, PANGKALAN LESUNG, PELALAWAN, RIAU",1,50,169,219
https://kawalpemilu.org#15004,"PESAGUAN, PANGKALAN LESUNG, PELALAWAN, RIAU",2,51,41,92
https://kawalpemilu.org#15004,"PESAGUAN, PANGKALAN LESUNG, PELALAWAN, RIAU",3,67,151,218
https://kawalpemilu.org#15004,"PESAGUAN, PANGKALAN LESUNG, PELALAWAN, RIAU",4,100,100,200
https://kawalpemilu.org#15004,"PESAGUAN, PANGKALAN LESUNG, PELALAWAN, RIAU",5,67,71,138
https://kawalpemilu.org#15004,"PESAGUAN, PANGKALAN LESUNG, PELALAWAN, RIAU",6,201,41,242
https://kawalpemilu.org#15004,"PESAGUAN, PANGKALAN LESUNG, PELALAWAN, RIAU",7,178,51,229
https://kawalpemilu.org#15004,"PESAGUAN, PANGKALAN LESUNG, PELALAWAN, RIAU",8,142,31,173
https://kawalpemilu.org#15005,"TANJUNG KUYO, PANGKALAN LESUNG, PELALAWAN, RIAU",1,128,151,279
https://kawalpemilu.org#15005,"TANJUNG KUYO, PANGKALAN LESUNG, PELALAWAN, RIAU",2,135,112,247
https://kawalpemilu.org#15007,"LANGGAM, LANGGAM, PELALAWAN, RIAU",1,21,228,249
https://kawalpemilu.org#15007,"LANGGAM, LANGGAM, PELALAWAN, RIAU",2,46,204,250
https://kawalpemilu.org#15007,"LANGGAM, LANGGAM, PELALAWAN, RIAU",3,25,193,218
https://kawalpemilu.org#15007,"LANGGAM, LANGGAM, PELALAWAN, RIAU",4,37,213,250
https://kawalpemilu.org#15007,"LANGGAM, LANGGAM, PELALAWAN, RIAU",5,28,231,259
https://kawalpemilu.org#15007,"LANGGAM, LANGGAM, PELALAWAN, RIAU",6,22,233,255
https://kawalpemilu.org#15007,"LANGGAM, LANGGAM, PELALAWAN, RIAU",7,40,215,255
https://kawalpemilu.org#15007,"LANGGAM, LANGGAM, PELALAWAN, RIAU",8,101,17,118
https://kawalpemilu.org#15007,"LANGGAM, LANGGAM, PELALAWAN, RIAU",9,61,55,116
https://kawalpemilu.org#15007,"LANGGAM, LANGGAM, PELALAWAN, RIAU",10,16,202,218
https://kawalpemilu.org#15007,"LANGGAM, LANGGAM, PELALAWAN, RIAU",11,17,181,198
https://kawalpemilu.org#15007,"LANGGAM, LANGGAM, PELALAWAN, RIAU",12,11,126,137
https://kawalpemilu.org#15008,"TAMBAK, LANGGAM, PELALAWAN, RIAU",1,31,232,263
https://kawalpemilu.org#15008,"TAMBAK, LANGGAM, PELALAWAN, RIAU",2,17,177,194
https://kawalpemilu.org#15008,"TAMBAK, LANGGAM, PELALAWAN, RIAU",3,141,17,158
https://kawalpemilu.org#15008,"TAMBAK, LANGGAM, PELALAWAN, RIAU",4,141,19,160
https://kawalpemilu.org#15008,"TAMBAK, LANGGAM, PELALAWAN, RIAU",5,97,87,184
https://kawalpemilu.org#15008,"TAMBAK, LANGGAM, PELALAWAN, RIAU",6,127,120,247
https://kawalpemilu.org#15008,"TAMBAK, LANGGAM, PELALAWAN, RIAU",7,42,13,55
https://kawalpemilu.org#15009,"PENARIKAN, LANGGAM, PELALAWAN, RIAU",1,22,127,149
https://kawalpemilu.org#15009,"PENARIKAN, LANGGAM, PELALAWAN, RIAU",2,35,129,164
https://kawalpemilu.org#15009,"PENARIKAN, LANGGAM, PELALAWAN, RIAU",3,101,44,145
https://kawalpemilu.org#15010,"SEGATI, LANGGAM, PELALAWAN, RIAU",1,132,126,258
https://kawalpemilu.org#15010,"SEGATI, LANGGAM, PELALAWAN, RIAU",2,40,8,48
https://kawalpemilu.org#15010,"SEGATI, LANGGAM, PELALAWAN, RIAU",3,74,12,86
https://kawalpemilu.org#15010,"SEGATI, LANGGAM, PELALAWAN, RIAU",4,73,120,193
https://kawalpemilu.org#15010,"SEGATI, LANGGAM, PELALAWAN, RIAU",5,103,114,217
https://kawalpemilu.org#15010,"SEGATI, LANGGAM, PELALAWAN, RIAU",7,100,82,182
https://kawalpemilu.org#15010,"SEGATI, LANGGAM, PELALAWAN, RIAU",8,154,89,243
https://kawalpemilu.org#15010,"SEGATI, LANGGAM, PELALAWAN, RIAU",9,193,83,276
https://kawalpemilu.org#15010,"SEGATI, LANGGAM, PELALAWAN, RIAU",10,163,11,174
https://kawalpemilu.org#15010,"SEGATI, LANGGAM, PELALAWAN, RIAU",11,95,8,103
https://kawalpemilu.org#15010,"SEGATI, LANGGAM, PELALAWAN, RIAU",12,205,38,243
https://kawalpemilu.org#15010,"SEGATI, LANGGAM, PELALAWAN, RIAU",13,137,55,192
https://kawalpemilu.org#15010,"SEGATI, LANGGAM, PELALAWAN, RIAU",14,183,50,233
https://kawalpemilu.org#15010,"SEGATI, LANGGAM, PELALAWAN, RIAU",15,21,7,28
https://kawalpemilu.org#15010,"SEGATI, LANGGAM, PELALAWAN, RIAU",16,38,7,45
https://kawalpemilu.org#15010,"SEGATI, LANGGAM, PELALAWAN, RIAU",17,158,15,173
https://kawalpemilu.org#15010,"SEGATI, LANGGAM, PELALAWAN, RIAU",18,147,25,172
https://kawalpemilu.org#15011,"SOTOL, LANGGAM, PELALAWAN, RIAU",1,141,85,226
https://kawalpemilu.org#15011,"SOTOL, LANGGAM, PELALAWAN, RIAU",2,129,55,184
https://kawalpemilu.org#15011,"SOTOL, LANGGAM, PELALAWAN, RIAU",3,110,108,218
https://kawalpemilu.org#15011,"SOTOL, LANGGAM, PELALAWAN, RIAU",4,131,55,186
https://kawalpemilu.org#15012,"PANGKALAN GONDAI, LANGGAM, PELALAWAN, RIAU",1,81,126,207
https://kawalpemilu.org#15012,"PANGKALAN GONDAI, LANGGAM, PELALAWAN, RIAU",2,55,167,222
https://kawalpemilu.org#15012,"PANGKALAN GONDAI, LANGGAM, PELALAWAN, RIAU",3,97,147,234
https://kawalpemilu.org#15012,"PANGKALAN GONDAI, LANGGAM, PELALAWAN, RIAU",4,238,26,264
https://kawalpemilu.org#15012,"PANGKALAN GONDAI, LANGGAM, PELALAWAN, RIAU",5,133,6,139
https://kawalpemilu.org#15012,"PANGKALAN GONDAI, LANGGAM, PELALAWAN, RIAU",6,0,0,0
https://kawalpemilu.org#15012,"PANGKALAN GONDAI, LANGGAM, PELALAWAN, RIAU",7,194,26,220
https://kawalpemilu.org#15012,"PANGKALAN GONDAI, LANGGAM, PELALAWAN, RIAU",8,163,5,168
https://kawalpemilu.org#15012,"PANGKALAN GONDAI, LANGGAM, PELALAWAN, RIAU",9,68,4,72
https://kawalpemilu.org#15012,"PANGKALAN GONDAI, LANGGAM, PELALAWAN, RIAU",10,196,18,214
https://kawalpemilu.org#15012,"PANGKALAN GONDAI, LANGGAM, PELALAWAN, RIAU",11,116,95,211
https://kawalpemilu.org#15012,"PANGKALAN GONDAI, LANGGAM, PELALAWAN, RIAU",12,140,4,144
https://kawalpemilu.org#15012,"PANGKALAN GONDAI, LANGGAM, PELALAWAN, RIAU",13,83,3,86
https://kawalpemilu.org#15013,"LANGKAN, LANGGAM, PELALAWAN, RIAU",1,126,119,245
https://kawalpemilu.org#15013,"LANGKAN, LANGGAM, PELALAWAN, RIAU",2,113,133,246
https://kawalpemilu.org#15013,"LANGKAN, LANGGAM, PELALAWAN, RIAU",3,138,66,204
https://kawalpemilu.org#15013,"LANGKAN, LANGGAM, PELALAWAN, RIAU",4,113,92,205
https://kawalpemilu.org#15013,"LANGKAN, LANGGAM, PELALAWAN, RIAU",5,118,114,232
https://kawalpemilu.org#15013,"LANGKAN, LANGGAM, PELALAWAN, RIAU",6,113,101,214
https://kawalpemilu.org#15013,"LANGKAN, LANGGAM, PELALAWAN, RIAU",7,125,76,201
https://kawalpemilu.org#15013,"LANGKAN, LANGGAM, PELALAWAN, RIAU",8,131,86,217
https://kawalpemilu.org#15013,"LANGKAN, LANGGAM, PELALAWAN, RIAU",9,169,82,251
https://kawalpemilu.org#15014,"PADANG LUAS, LANGGAM, PELALAWAN, RIAU",1,88,172,260
https://kawalpemilu.org#15014,"PADANG LUAS, LANGGAM, PELALAWAN, RIAU",2,85,173,258
https://kawalpemilu.org#15014,"PADANG LUAS, LANGGAM, PELALAWAN, RIAU",3,103,132,235
https://kawalpemilu.org#15016,"PELALAWAN, PELALAWAN, PELALAWAN, RIAU",1,110,43,153
https://kawalpemilu.org#15016,"PELALAWAN, PELALAWAN, PELALAWAN, RIAU",2,39,215,254
https://kawalpemilu.org#15016,"PELALAWAN, PELALAWAN, PELALAWAN, RIAU",3,51,165,216
https://kawalpemilu.org#15016,"PELALAWAN, PELALAWAN, PELALAWAN, RIAU",4,34,184,218
https://kawalpemilu.org#15016,"PELALAWAN, PELALAWAN, PELALAWAN, RIAU",5,81,150,231
https://kawalpemilu.org#15016,"PELALAWAN, PELALAWAN, PELALAWAN, RIAU",6,184,55,239
https://kawalpemilu.org#15016,"PELALAWAN, PELALAWAN, PELALAWAN, RIAU",7,52,7,59
https://kawalpemilu.org#15016,"PELALAWAN, PELALAWAN, PELALAWAN, RIAU",8,151,23,174
https://kawalpemilu.org#15016,"PELALAWAN, PELALAWAN, PELALAWAN, RIAU",9,53,15,68
https://kawalpemilu.org#15017,"SUNGAI ARA, PELALAWAN, PELALAWAN, RIAU",1,50,175,225
https://kawalpemilu.org#15017,"SUNGAI ARA, PELALAWAN, PELALAWAN, RIAU",2,63,168,231
https://kawalpemilu.org#15017,"SUNGAI ARA, PELALAWAN, PELALAWAN, RIAU",3,59,183,242
https://kawalpemilu.org#15018,"RANSANG, PELALAWAN, PELALAWAN, RIAU",1,20,187,207
https://kawalpemilu.org#15018,"RANSANG, PELALAWAN, PELALAWAN, RIAU",2,29,180,209
https://kawalpemilu.org#15019,"KUALA TOLAM, PELALAWAN, PELALAWAN, RIAU",1,54,200,254
https://kawalpemilu.org#15019,"KUALA TOLAM, PELALAWAN, PELALAWAN, RIAU",2,73,191,264
https://kawalpemilu.org#15019,"KUALA TOLAM, PELALAWAN, PELALAWAN, RIAU",3,100,126,226
https://kawalpemilu.org#15020,"SERING, PELALAWAN, PELALAWAN, RIAU",2,32,185,217
https://kawalpemilu.org#15020,"SERING, PELALAWAN, PELALAWAN, RIAU",3,42,187,229
https://kawalpemilu.org#15020,"SERING, PELALAWAN, PELALAWAN, RIAU",4,33,67,100
https://kawalpemilu.org#15020,"SERING, PELALAWAN, PELALAWAN, RIAU",5,27,79,106
https://kawalpemilu.org#15021,"TELAYAP, PELALAWAN, PELALAWAN, RIAU",1,51,210,261
https://kawalpemilu.org#15021,"TELAYAP, PELALAWAN, PELALAWAN, RIAU",2,82,209,291
https://kawalpemilu.org#15021,"TELAYAP, PELALAWAN, PELALAWAN, RIAU",3,106,40,146
https://kawalpemilu.org#15021,"TELAYAP, PELALAWAN, PELALAWAN, RIAU",4,211,25,236
https://kawalpemilu.org#15021,"TELAYAP, PELALAWAN, PELALAWAN, RIAU",5,175,1,176
https://kawalpemilu.org#15021,"TELAYAP, PELALAWAN, PELALAWAN, RIAU",6,103,77,180
https://kawalpemilu.org#15021,"TELAYAP, PELALAWAN, PELALAWAN, RIAU",7,85,87,172
https://kawalpemilu.org#15022,"BATANG NILO KECIL, PELALAWAN, PELALAWAN, RIAU",1,30,199,229
https://kawalpemilu.org#15022,"BATANG NILO KECIL, PELALAWAN, PELALAWAN, RIAU",2,155,39,194
https://kawalpemilu.org#15022,"BATANG NILO KECIL, PELALAWAN, PELALAWAN, RIAU",3,68,58,126
https://kawalpemilu.org#15023,"DELIK, PELALAWAN, PELALAWAN, RIAU",1,70,139,209
https://kawalpemilu.org#15023,"DELIK, PELALAWAN, PELALAWAN, RIAU",2,76,62,138
https://kawalpemilu.org#15023,"DELIK, PELALAWAN, PELALAWAN, RIAU",3,75,81,156
https://kawalpemilu.org#15023,"DELIK, PELALAWAN, PELALAWAN, RIAU",4,70,65,135
https://kawalpemilu.org#15024,"LALANG KABUNG, PELALAWAN, PELALAWAN, RIAU",1,131,157,288
https://kawalpemilu.org#15024,"LALANG KABUNG, PELALAWAN, PELALAWAN, RIAU",2,189,92,281
https://kawalpemilu.org#15024,"LALANG KABUNG, PELALAWAN, PELALAWAN, RIAU",3,160,124,284
https://kawalpemilu.org#15024,"LALANG KABUNG, PELALAWAN, PELALAWAN, RIAU",4,168,29,197
https://kawalpemilu.org#15024,"LALANG KABUNG, PELALAWAN, PELALAWAN, RIAU",5,154,73,227
https://kawalpemilu.org#15024,"LALANG KABUNG, PELALAWAN, PELALAWAN, RIAU",6,139,84,223
https://kawalpemilu.org#15026,"KERUMUTAN, KERUMUTAN, PELALAWAN, RIAU",1,25,143,168
https://kawalpemilu.org#15026,"KERUMUTAN, KERUMUTAN, PELALAWAN, RIAU",3,84,125,209
https://kawalpemilu.org#15026,"KERUMUTAN, KERUMUTAN, PELALAWAN, RIAU",4,64,135,199
https://kawalpemilu.org#15026,"KERUMUTAN, KERUMUTAN, PELALAWAN, RIAU",5,20,179,199
https://kawalpemilu.org#15026,"KERUMUTAN, KERUMUTAN, PELALAWAN, RIAU",6,17,183,200
https://kawalpemilu.org#15026,"KERUMUTAN, KERUMUTAN, PELALAWAN, RIAU",7,41,151,192
https://kawalpemilu.org#15026,"KERUMUTAN, KERUMUTAN, PELALAWAN, RIAU",8,29,131,160
https://kawalpemilu.org#15026,"KERUMUTAN, KERUMUTAN, PELALAWAN, RIAU",9,68,140,208
https://kawalpemilu.org#15026,"KERUMUTAN, KERUMUTAN, PELALAWAN, RIAU",10,22,195,217
https://kawalpemilu.org#15026,"KERUMUTAN, KERUMUTAN, PELALAWAN, RIAU",11,63,149,212
https://kawalpemilu.org#15026,"KERUMUTAN, KERUMUTAN, PELALAWAN, RIAU",12,59,100,159
https://kawalpemilu.org#15026,"KERUMUTAN, KERUMUTAN, PELALAWAN, RIAU",13,41,158,199
https://kawalpemilu.org#15026,"KERUMUTAN, KERUMUTAN, PELALAWAN, RIAU",14,28,151,179
https://kawalpemilu.org#15026,"KERUMUTAN, KERUMUTAN, PELALAWAN, RIAU",15,46,149,195
https://kawalpemilu.org#15026,"KERUMUTAN, KERUMUTAN, PELALAWAN, RIAU",16,36,120,156
https://kawalpemilu.org#15027,"PANGKALAN PANDUK, KERUMUTAN, PELALAWAN, RIAU",1,14,195,209
https://kawalpemilu.org#15027,"PANGKALAN PANDUK, KERUMUTAN, PELALAWAN, RIAU",2,26,138,164
https://kawalpemilu.org#15027,"PANGKALAN PANDUK, KERUMUTAN, PELALAWAN, RIAU",3,39,143,182
https://kawalpemilu.org#15027,"PANGKALAN PANDUK, KERUMUTAN, PELALAWAN, RIAU",4,60,154,214
https://kawalpemilu.org#15027,"PANGKALAN PANDUK, KERUMUTAN, PELALAWAN, RIAU",5,53,127,180
https://kawalpemilu.org#15028,"PANGKALAN TAMPUI, KERUMUTAN, PELALAWAN, RIAU",1,48,144,192
https://kawalpemilu.org#15028,"PANGKALAN TAMPUI, KERUMUTAN, PELALAWAN, RIAU",2,82,103,185
https://kawalpemilu.org#15028,"PANGKALAN TAMPUI, KERUMUTAN, PELALAWAN, RIAU",3,96,102,198
https://kawalpemilu.org#15028,"PANGKALAN TAMPUI, KERUMUTAN, PELALAWAN, RIAU",4,92,179,271
https://kawalpemilu.org#15028,"PANGKALAN TAMPUI, KERUMUTAN, PELALAWAN, RIAU",5,53,87,140
https://kawalpemilu.org#15029,"BUKIT LEMBAH SUBUR, KERUMUTAN, PELALAWAN, RIAU",1,106,132,238
https://kawalpemilu.org#15029,"BUKIT LEMBAH SUBUR, KERUMUTAN, PELALAWAN, RIAU",2,147,95,242
https://kawalpemilu.org#15029,"BUKIT LEMBAH SUBUR, KERUMUTAN, PELALAWAN, RIAU",3,145,118,263
https://kawalpemilu.org#15029,"BUKIT LEMBAH SUBUR, KERUMUTAN, PELALAWAN, RIAU",4,117,114,231
https://kawalpemilu.org#15029,"BUKIT LEMBAH SUBUR, KERUMUTAN, PELALAWAN, RIAU",5,94,61,155
https://kawalpemilu.org#15029,"BUKIT LEMBAH SUBUR, KERUMUTAN, PELALAWAN, RIAU",6,110,62,172
https://kawalpemilu.org#15029,"BUKIT LEMBAH SUBUR, KERUMUTAN, PELALAWAN, RIAU",7,119,120,239
https://kawalpemilu.org#15029,"BUKIT LEMBAH SUBUR, KERUMUTAN, PELALAWAN, RIAU",8,134,76,210
https://kawalpemilu.org#15029,"BUKIT LEMBAH SUBUR, KERUMUTAN, PELALAWAN, RIAU",9,76,129,205
https://kawalpemilu.org#15030,"BANJAR PANJANG, KERUMUTAN, PELALAWAN, RIAU",1,96,79,175
https://kawalpemilu.org#15030,"BANJAR PANJANG, KERUMUTAN, PELALAWAN, RIAU",2,97,87,184
https://kawalpemilu.org#15030,"BANJAR PANJANG, KERUMUTAN, PELALAWAN, RIAU",3,127,123,250
https://kawalpemilu.org#15030,"BANJAR PANJANG, KERUMUTAN, PELALAWAN, RIAU",4,90,46,136
https://kawalpemilu.org#15030,"BANJAR PANJANG, KERUMUTAN, PELALAWAN, RIAU",5,62,58,120
https://kawalpemilu.org#15031,"BERINGIN MAKMUR, KERUMUTAN, PELALAWAN, RIAU",1,134,99,233
https://kawalpemilu.org#15031,"BERINGIN MAKMUR, KERUMUTAN, PELALAWAN, RIAU",2,90,61,151
https://kawalpemilu.org#15031,"BERINGIN MAKMUR, KERUMUTAN, PELALAWAN, RIAU",3,147,99,246
https://kawalpemilu.org#15031,"BERINGIN MAKMUR, KERUMUTAN, PELALAWAN, RIAU",4,109,57,166
https://kawalpemilu.org#15031,"BERINGIN MAKMUR, KERUMUTAN, PELALAWAN, RIAU",5,186,51,237
https://kawalpemilu.org#15031,"BERINGIN MAKMUR, KERUMUTAN, PELALAWAN, RIAU",6,95,52,147
https://kawalpemilu.org#15031,"BERINGIN MAKMUR, KERUMUTAN, PELALAWAN, RIAU",7,93,67,160
https://kawalpemilu.org#15031,"BERINGIN MAKMUR, KERUMUTAN, PELALAWAN, RIAU",8,78,97,175
https://kawalpemilu.org#15031,"BERINGIN MAKMUR, KERUMUTAN, PELALAWAN, RIAU",9,92,47,139
https://kawalpemilu.org#15032,"PEMATANG TINGGI, KERUMUTAN, PELALAWAN, RIAU",1,140,67,207
https://kawalpemilu.org#15032,"PEMATANG TINGGI, KERUMUTAN, PELALAWAN, RIAU",2,118,73,191
https://kawalpemilu.org#15032,"PEMATANG TINGGI, KERUMUTAN, PELALAWAN, RIAU",3,110,56,166
https://kawalpemilu.org#15032,"PEMATANG TINGGI, KERUMUTAN, PELALAWAN, RIAU",4,127,70,197
https://kawalpemilu.org#15032,"PEMATANG TINGGI, KERUMUTAN, PELALAWAN, RIAU",5,120,86,206
https://kawalpemilu.org#15032,"PEMATANG TINGGI, KERUMUTAN, PELALAWAN, RIAU",6,168,40,208
https://kawalpemilu.org#15032,"PEMATANG TINGGI, KERUMUTAN, PELALAWAN, RIAU",7,108,62,170
https://kawalpemilu.org#15032,"PEMATANG TINGGI, KERUMUTAN, PELALAWAN, RIAU",8,116,77,193
https://kawalpemilu.org#15033,"TANJUNG AIR HITAM, KERUMUTAN, PELALAWAN, RIAU",1,81,205,286
https://kawalpemilu.org#15033,"TANJUNG AIR HITAM, KERUMUTAN, PELALAWAN, RIAU",2,38,128,166
https://kawalpemilu.org#15033,"TANJUNG AIR HITAM, KERUMUTAN, PELALAWAN, RIAU",3,120,117,237
https://kawalpemilu.org#15034,"MAK TEDUH, KERUMUTAN, PELALAWAN, RIAU",1,52,222,274
https://kawalpemilu.org#15034,"MAK TEDUH, KERUMUTAN, PELALAWAN, RIAU",2,106,127,233
https://kawalpemilu.org#15034,"MAK TEDUH, KERUMUTAN, PELALAWAN, RIAU",3,54,193,247
https://kawalpemilu.org#15034,"MAK TEDUH, KERUMUTAN, PELALAWAN, RIAU",4,49,185,234
https://kawalpemilu.org#15034,"MAK TEDUH, KERUMUTAN, PELALAWAN, RIAU",5,47,170,217
https://kawalpemilu.org#15035,"LIPAI BULAN, KERUMUTAN, PELALAWAN, RIAU",1,37,94,131
https://kawalpemilu.org#15035,"LIPAI BULAN, KERUMUTAN, PELALAWAN, RIAU",2,52,104,156
https://kawalpemilu.org#15037,"PANGKALAN BUNUT, BUNUT, PELALAWAN, RIAU",1,50,190,240
https://kawalpemilu.org#15037,"PANGKALAN BUNUT, BUNUT, PELALAWAN, RIAU",2,48,169,217
https://kawalpemilu.org#15037,"PANGKALAN BUNUT, BUNUT, PELALAWAN, RIAU",3,37,192,229
https://kawalpemilu.org#15037,"PANGKALAN BUNUT, BUNUT, PELALAWAN, RIAU",4,54,174,228
https://kawalpemilu.org#15038,"PETANI, BUNUT, PELALAWAN, RIAU",1,42,149,191
https://kawalpemilu.org#15038,"PETANI, BUNUT, PELALAWAN, RIAU",2,33,171,204
https://kawalpemilu.org#15039,"MERBAU, BUNUT, PELALAWAN, RIAU",1,49,218,267
https://kawalpemilu.org#15039,"MERBAU, BUNUT, PELALAWAN, RIAU",2,77,173,250
https://kawalpemilu.org#15039,"MERBAU, BUNUT, PELALAWAN, RIAU",3,65,119,184
https://kawalpemilu.org#15039,"MERBAU, BUNUT, PELALAWAN, RIAU",4,34,67,101
https://kawalpemilu.org#15040,"SUNGAI BULUH, BUNUT, PELALAWAN, RIAU",1,134,138,272
https://kawalpemilu.org#15040,"SUNGAI BULUH, BUNUT, PELALAWAN, RIAU",2,99,147,246
https://kawalpemilu.org#15040,"SUNGAI BULUH, BUNUT, PELALAWAN, RIAU",3,74,194,268
https://kawalpemilu.org#15040,"SUNGAI BULUH, BUNUT, PELALAWAN, RIAU",4,137,71,208
https://kawalpemilu.org#15040,"SUNGAI BULUH, BUNUT, PELALAWAN, RIAU",5,108,89,197
https://kawalpemilu.org#15040,"SUNGAI BULUH, BUNUT, PELALAWAN, RIAU",6,139,46,185
https://kawalpemilu.org#15040,"SUNGAI BULUH, BUNUT, PELALAWAN, RIAU",7,153,42,195
https://kawalpemilu.org#15041,"SIALANG KAYU BATU, BUNUT, PELALAWAN, RIAU",1,51,176,227
https://kawalpemilu.org#15041,"SIALANG KAYU BATU, BUNUT, PELALAWAN, RIAU",2,41,162,203
https://kawalpemilu.org#15041,"SIALANG KAYU BATU, BUNUT, PELALAWAN, RIAU",3,69,127,196
https://kawalpemilu.org#15041,"SIALANG KAYU BATU, BUNUT, PELALAWAN, RIAU",4,54,115,169
https://kawalpemilu.org#15042,"KERIUNG, BUNUT, PELALAWAN, RIAU",1,75,137,212
https://kawalpemilu.org#15043,"LUBUK MAS, BUNUT, PELALAWAN, RIAU",1,24,145,167
https://kawalpemilu.org#15043,"LUBUK MAS, BUNUT, PELALAWAN, RIAU",2,54,120,174
https://kawalpemilu.org#15044,"BALAM MERAH, BUNUT, PELALAWAN, RIAU",1,81,113,194
https://kawalpemilu.org#15044,"BALAM MERAH, BUNUT, PELALAWAN, RIAU",2,68,151,219
https://kawalpemilu.org#15044,"BALAM MERAH, BUNUT, PELALAWAN, RIAU",3,44,139,183
https://kawalpemilu.org#15044,"BALAM MERAH, BUNUT, PELALAWAN, RIAU",4,62,136,198
https://kawalpemilu.org#15044,"BALAM MERAH, BUNUT, PELALAWAN, RIAU",5,39,171,210
https://kawalpemilu.org#15045,"BAGAN LAGUH, BUNUT, PELALAWAN, RIAU",1,82,133,215
https://kawalpemilu.org#15045,"BAGAN LAGUH, BUNUT, PELALAWAN, RIAU",2,42,175,217
https://kawalpemilu.org#15045,"BAGAN LAGUH, BUNUT, PELALAWAN, RIAU",3,57,164,221
https://kawalpemilu.org#15045,"BAGAN LAGUH, BUNUT, PELALAWAN, RIAU",4,89,128,217
https://kawalpemilu.org#15046,"LUBUK MANDIAN GAJAH, BUNUT, PELALAWAN, RIAU",1,63,169,232
https://kawalpemilu.org#15046,"LUBUK MANDIAN GAJAH, BUNUT, PELALAWAN, RIAU",2,52,165,217
https://kawalpemilu.org#15048,"TELUK MERANTI, TELUK MERANTI, PELALAWAN, RIAU",1,56,136,192
https://kawalpemilu.org#15048,"TELUK MERANTI, TELUK MERANTI, PELALAWAN, RIAU",2,53,165,218
https://kawalpemilu.org#15048,"TELUK MERANTI, TELUK MERANTI, PELALAWAN, RIAU",3,19,208,227
https://kawalpemilu.org#15048,"TELUK MERANTI, TELUK MERANTI, PELALAWAN, RIAU",4,111,53,164
https://kawalpemilu.org#15048,"TELUK MERANTI, TELUK MERANTI, PELALAWAN, RIAU",5,70,123,193
https://kawalpemilu.org#15048,"TELUK MERANTI, TELUK MERANTI, PELALAWAN, RIAU",6,36,178,214
https://kawalpemilu.org#15048,"TELUK MERANTI, TELUK MERANTI, PELALAWAN, RIAU",7,35,181,216
https://kawalpemilu.org#15048,"TELUK MERANTI, TELUK MERANTI, PELALAWAN, RIAU",8,14,194,208
https://kawalpemilu.org#15048,"TELUK MERANTI, TELUK MERANTI, PELALAWAN, RIAU",9,99,88,187
https://kawalpemilu.org#15049,"KUALA PANDUK, TELUK MERANTI, PELALAWAN, RIAU",1,29,201,230
https://kawalpemilu.org#15049,"KUALA PANDUK, TELUK MERANTI, PELALAWAN, RIAU",2,12,222,234
https://kawalpemilu.org#15049,"KUALA PANDUK, TELUK MERANTI, PELALAWAN, RIAU",3,23,204,227
https://kawalpemilu.org#15049,"KUALA PANDUK, TELUK MERANTI, PELALAWAN, RIAU",4,13,188,201
https://kawalpemilu.org#15049,"KUALA PANDUK, TELUK MERANTI, PELALAWAN, RIAU",5,5,53,58
https://kawalpemilu.org#15050,"PETODAAN, TELUK MERANTI, PELALAWAN, RIAU",1,92,139,231
https://kawalpemilu.org#15050,"PETODAAN, TELUK MERANTI, PELALAWAN, RIAU",2,48,5,53
https://kawalpemilu.org#15051,"TELUK BINJAI, TELUK MERANTI, PELALAWAN, RIAU",1,32,121,153
https://kawalpemilu.org#15051,"TELUK BINJAI, TELUK MERANTI, PELALAWAN, RIAU",2,60,165,225
https://kawalpemilu.org#15051,"TELUK BINJAI, TELUK MERANTI, PELALAWAN, RIAU",3,38,171,209
https://kawalpemilu.org#15051,"TELUK BINJAI, TELUK MERANTI, PELALAWAN, RIAU",4,21,192,213
https://kawalpemilu.org#15052,"PULAU MUDA, TELUK MERANTI, PELALAWAN, RIAU",1,70,115,185
https://kawalpemilu.org#15052,"PULAU MUDA, TELUK MERANTI, PELALAWAN, RIAU",2,91,105,196
https://kawalpemilu.org#15052,"PULAU MUDA, TELUK MERANTI, PELALAWAN, RIAU",3,108,92,200
https://kawalpemilu.org#15052,"PULAU MUDA, TELUK MERANTI, PELALAWAN, RIAU",4,96,147,243
https://kawalpemilu.org#15052,"PULAU MUDA, TELUK MERANTI, PELALAWAN, RIAU",5,158,26,184
https://kawalpemilu.org#15052,"PULAU MUDA, TELUK MERANTI, PELALAWAN, RIAU",6,110,107,217
https://kawalpemilu.org#15052,"PULAU MUDA, TELUK MERANTI, PELALAWAN, RIAU",7,64,154,218
https://kawalpemilu.org#15052,"PULAU MUDA, TELUK MERANTI, PELALAWAN, RIAU",8,21,198,219
https://kawalpemilu.org#15052,"PULAU MUDA, TELUK MERANTI, PELALAWAN, RIAU",9,0,0,0
https://kawalpemilu.org#15052,"PULAU MUDA, TELUK MERANTI, PELALAWAN, RIAU",10,76,20,96
https://kawalpemilu.org#15052,"PULAU MUDA, TELUK MERANTI, PELALAWAN, RIAU",11,99,56,155
https://kawalpemilu.org#15052,"PULAU MUDA, TELUK MERANTI, PELALAWAN, RIAU",12,67,70,137
https://kawalpemilu.org#15052,"PULAU MUDA, TELUK MERANTI, PELALAWAN, RIAU",13,29,82,111
https://kawalpemilu.org#15052,"PULAU MUDA, TELUK MERANTI, PELALAWAN, RIAU",14,75,79,154
https://kawalpemilu.org#15052,"PULAU MUDA, TELUK MERANTI, PELALAWAN, RIAU",15,9,42,51
https://kawalpemilu.org#15052,"PULAU MUDA, TELUK MERANTI, PELALAWAN, RIAU",16,48,77,125
https://kawalpemilu.org#15053,"GAMBUT MUTIARA, TELUK MERANTI, PELALAWAN, RIAU",1,23,180,203
https://kawalpemilu.org#15053,"GAMBUT MUTIARA, TELUK MERANTI, PELALAWAN, RIAU",2,64,88,152
https://kawalpemilu.org#15053,"GAMBUT MUTIARA, TELUK MERANTI, PELALAWAN, RIAU",3,60,129,189
https://kawalpemilu.org#15053,"GAMBUT MUTIARA, TELUK MERANTI, PELALAWAN, RIAU",4,22,119,141
https://kawalpemilu.org#15053,"GAMBUT MUTIARA, TELUK MERANTI, PELALAWAN, RIAU",5,37,110,147
https://kawalpemilu.org#15054,"LABUHAN BILIK, TELUK MERANTI, PELALAWAN, RIAU",1,81,156,237
https://kawalpemilu.org#15054,"LABUHAN BILIK, TELUK MERANTI, PELALAWAN, RIAU",2,45,158,203
https://kawalpemilu.org#15054,"LABUHAN BILIK, TELUK MERANTI, PELALAWAN, RIAU",3,45,161,206
https://kawalpemilu.org#15054,"LABUHAN BILIK, TELUK MERANTI, PELALAWAN, RIAU",4,33,51,84
https://kawalpemilu.org#15055,"PANGKALAN TERAP, TELUK MERANTI, PELALAWAN, RIAU",1,5,155,160
https://kawalpemilu.org#15055,"PANGKALAN TERAP, TELUK MERANTI, PELALAWAN, RIAU",2,65,99,164
https://kawalpemilu.org#15055,"PANGKALAN TERAP, TELUK MERANTI, PELALAWAN, RIAU",3,20,150,170
https://kawalpemilu.org#15056,"SEGAMAI, TELUK MERANTI, PELALAWAN, RIAU",1,53,145,198
https://kawalpemilu.org#15056,"SEGAMAI, TELUK MERANTI, PELALAWAN, RIAU",2,45,159,204
https://kawalpemilu.org#15056,"SEGAMAI, TELUK MERANTI, PELALAWAN, RIAU",3,32,117,149
https://kawalpemilu.org#15058,"TELUK DALAM, KUALA KAMPAR, PELALAWAN, RIAU",1,52,48,100
https://kawalpemilu.org#15058,"TELUK DALAM, KUALA KAMPAR, PELALAWAN, RIAU",2,66,83,149
https://kawalpemilu.org#15058,"TELUK DALAM, KUALA KAMPAR, PELALAWAN, RIAU",3,85,114,199
https://kawalpemilu.org#15058,"TELUK DALAM, KUALA KAMPAR, PELALAWAN, RIAU",4,11,107,118
https://kawalpemilu.org#15058,"TELUK DALAM, KUALA KAMPAR, PELALAWAN, RIAU",5,72,123,195
https://kawalpemilu.org#15058,"TELUK DALAM, KUALA KAMPAR, PELALAWAN, RIAU",6,63,88,4
https://kawalpemilu.org#15058,"TELUK DALAM, KUALA KAMPAR, PELALAWAN, RIAU",7,65,132,197
https://kawalpemilu.org#15058,"TELUK DALAM, KUALA KAMPAR, PELALAWAN, RIAU",9,34,100,134
https://kawalpemilu.org#15058,"TELUK DALAM, KUALA KAMPAR, PELALAWAN, RIAU",10,39,76,115
https://kawalpemilu.org#15058,"TELUK DALAM, KUALA KAMPAR, PELALAWAN, RIAU",11,61,108,169
https://kawalpemilu.org#15058,"TELUK DALAM, KUALA KAMPAR, PELALAWAN, RIAU",12,44,38,82
https://kawalpemilu.org#15058,"TELUK DALAM, KUALA KAMPAR, PELALAWAN, RIAU",13,54,79,133
https://kawalpemilu.org#15058,"TELUK DALAM, KUALA KAMPAR, PELALAWAN, RIAU",14,87,58,145
https://kawalpemilu.org#15058,"TELUK DALAM, KUALA KAMPAR, PELALAWAN, RIAU",16,73,17,90
https://kawalpemilu.org#15058,"TELUK DALAM, KUALA KAMPAR, PELALAWAN, RIAU",17,58,58,116
https://kawalpemilu.org#15059,"TANJUNG SUM, KUALA KAMPAR, PELALAWAN, RIAU",1,48,72,120
https://kawalpemilu.org#15059,"TANJUNG SUM, KUALA KAMPAR, PELALAWAN, RIAU",2,47,94,141
https://kawalpemilu.org#15059,"TANJUNG SUM, KUALA KAMPAR, PELALAWAN, RIAU",3,37,154,191
https://kawalpemilu.org#15059,"TANJUNG SUM, KUALA KAMPAR, PELALAWAN, RIAU",4,56,77,133
https://kawalpemilu.org#15059,"TANJUNG SUM, KUALA KAMPAR, PELALAWAN, RIAU",5,117,65,182
https://kawalpemilu.org#15059,"TANJUNG SUM, KUALA KAMPAR, PELALAWAN, RIAU",6,108,86,194
https://kawalpemilu.org#15060,"SUNGAI SOLOK, KUALA KAMPAR, PELALAWAN, RIAU",1,104,73,177
https://kawalpemilu.org#15060,"SUNGAI SOLOK, KUALA KAMPAR, PELALAWAN, RIAU",2,70,105,175
https://kawalpemilu.org#15060,"SUNGAI SOLOK, KUALA KAMPAR, PELALAWAN, RIAU",3,101,83,184
https://kawalpemilu.org#15061,"SUNGAI UPIH, KUALA KAMPAR, PELALAWAN, RIAU",1,65,129,194
https://kawalpemilu.org#15061,"SUNGAI UPIH, KUALA KAMPAR, PELALAWAN, RIAU",2,45,41,86
https://kawalpemilu.org#15061,"SUNGAI UPIH, KUALA KAMPAR, PELALAWAN, RIAU",3,33,137,170
https://kawalpemilu.org#15061,"SUNGAI UPIH, KUALA KAMPAR, PELALAWAN, RIAU",4,37,88,125
https://kawalpemilu.org#15061,"SUNGAI UPIH, KUALA KAMPAR, PELALAWAN, RIAU",5,25,60,85
https://kawalpemilu.org#15061,"SUNGAI UPIH, KUALA KAMPAR, PELALAWAN, RIAU",6,45,171,216
https://kawalpemilu.org#15062,"TELUK, KUALA KAMPAR, PELALAWAN, RIAU",1,124,11,135
https://kawalpemilu.org#15062,"TELUK, KUALA KAMPAR, PELALAWAN, RIAU",2,98,8,106
https://kawalpemilu.org#15062,"TELUK, KUALA KAMPAR, PELALAWAN, RIAU",3,134,52,186
https://kawalpemilu.org#15062,"TELUK, KUALA KAMPAR, PELALAWAN, RIAU",4,0,0,0
https://kawalpemilu.org#15062,"TELUK, KUALA KAMPAR, PELALAWAN, RIAU",5,138,5,143
https://kawalpemilu.org#15062,"TELUK, KUALA KAMPAR, PELALAWAN, RIAU",6,128,19,147
https://kawalpemilu.org#15063,"SERAPUNG, KUALA KAMPAR, PELALAWAN, RIAU",1,84,47,131
https://kawalpemilu.org#15063,"SERAPUNG, KUALA KAMPAR, PELALAWAN, RIAU",2,81,59,140
https://kawalpemilu.org#15063,"SERAPUNG, KUALA KAMPAR, PELALAWAN, RIAU",3,118,87,205
https://kawalpemilu.org#15063,"SERAPUNG, KUALA KAMPAR, PELALAWAN, RIAU",4,82,68,150
https://kawalpemilu.org#15063,"SERAPUNG, KUALA KAMPAR, PELALAWAN, RIAU",5,98,110,208
https://kawalpemilu.org#15063,"SERAPUNG, KUALA KAMPAR, PELALAWAN, RIAU",6,62,116,178
https://kawalpemilu.org#15063,"SERAPUNG, KUALA KAMPAR, PELALAWAN, RIAU",7,55,73,128
https://kawalpemilu.org#15064,"TELUK BERINGIN, KUALA KAMPAR, PELALAWAN, RIAU",1,44,67,111
https://kawalpemilu.org#15064,"TELUK BERINGIN, KUALA KAMPAR, PELALAWAN, RIAU",2,97,59,156
https://kawalpemilu.org#15064,"TELUK BERINGIN, KUALA KAMPAR, PELALAWAN, RIAU",3,69,48,117
https://kawalpemilu.org#15065,"SOKOI, KUALA KAMPAR, PELALAWAN, RIAU",1,84,138,222
https://kawalpemilu.org#15065,"SOKOI, KUALA KAMPAR, PELALAWAN, RIAU",2,40,103,143
https://kawalpemilu.org#15065,"SOKOI, KUALA KAMPAR, PELALAWAN, RIAU",3,13,87,100
https://kawalpemilu.org#15065,"SOKOI, KUALA KAMPAR, PELALAWAN, RIAU",4,59,77,136
https://kawalpemilu.org#15065,"SOKOI, KUALA KAMPAR, PELALAWAN, RIAU",5,31,52,83
https://kawalpemilu.org#15065,"SOKOI, KUALA KAMPAR, PELALAWAN, RIAU",6,70,61,131
https://kawalpemilu.org#15066,"SUNGAI MAS, KUALA KAMPAR, PELALAWAN, RIAU",1,14,131,145
https://kawalpemilu.org#15066,"SUNGAI MAS, KUALA KAMPAR, PELALAWAN, RIAU",2,38,129,167
https://kawalpemilu.org#15066,"SUNGAI MAS, KUALA KAMPAR, PELALAWAN, RIAU",3,21,120,141
https://kawalpemilu.org#15066,"SUNGAI MAS, KUALA KAMPAR, PELALAWAN, RIAU",4,56,89,145
https://kawalpemilu.org#15067,"TELUK BAKAU, KUALA KAMPAR, PELALAWAN, RIAU",1,162,55,217
https://kawalpemilu.org#15067,"TELUK BAKAU, KUALA KAMPAR, PELALAWAN, RIAU",2,91,125,216
https://kawalpemilu.org#15069,"SEI KIJANG, BANDAR SEI KIJANG, PELALAWAN, RIAU",1,92,121,213
https://kawalpemilu.org#15069,"SEI KIJANG, BANDAR SEI KIJANG, PELALAWAN, RIAU",2,64,156,220
https://kawalpemilu.org#15069,"SEI KIJANG, BANDAR SEI KIJANG, PELALAWAN, RIAU",3,73,175,248
https://kawalpemilu.org#15069,"SEI KIJANG, BANDAR SEI KIJANG, PELALAWAN, RIAU",4,137,113,250
https://kawalpemilu.org#15069,"SEI KIJANG, BANDAR SEI KIJANG, PELALAWAN, RIAU",5,101,128,229
https://kawalpemilu.org#15069,"SEI KIJANG, BANDAR SEI KIJANG, PELALAWAN, RIAU",6,167,10,177
https://kawalpemilu.org#15069,"SEI KIJANG, BANDAR SEI KIJANG, PELALAWAN, RIAU",7,158,24,182
https://kawalpemilu.org#15069,"SEI KIJANG, BANDAR SEI KIJANG, PELALAWAN, RIAU",8,112,83,195
https://kawalpemilu.org#15069,"SEI KIJANG, BANDAR SEI KIJANG, PELALAWAN, RIAU",9,123,108,231
https://kawalpemilu.org#15069,"SEI KIJANG, BANDAR SEI KIJANG, PELALAWAN, RIAU",10,74,68,142
https://kawalpemilu.org#15070,"LUBUK OGUNG, BANDAR SEI KIJANG, PELALAWAN, RIAU",1,97,120,217
https://kawalpemilu.org#15070,"LUBUK OGUNG, BANDAR SEI KIJANG, PELALAWAN, RIAU",2,78,111,189
https://kawalpemilu.org#15070,"LUBUK OGUNG, BANDAR SEI KIJANG, PELALAWAN, RIAU",3,72,64,136
https://kawalpemilu.org#15070,"LUBUK OGUNG, BANDAR SEI KIJANG, PELALAWAN, RIAU",4,111,71,182
https://kawalpemilu.org#15070,"LUBUK OGUNG, BANDAR SEI KIJANG, PELALAWAN, RIAU",5,91,76,167
https://kawalpemilu.org#15070,"LUBUK OGUNG, BANDAR SEI KIJANG, PELALAWAN, RIAU",6,86,54,140
https://kawalpemilu.org#15070,"LUBUK OGUNG, BANDAR SEI KIJANG, PELALAWAN, RIAU",7,0,0,0
https://kawalpemilu.org#15070,"LUBUK OGUNG, BANDAR SEI KIJANG, PELALAWAN, RIAU",8,156,37,193
https://kawalpemilu.org#15070,"LUBUK OGUNG, BANDAR SEI KIJANG, PELALAWAN, RIAU",9,136,18,154
https://kawalpemilu.org#15071,"SIMPANG BERINGIN, BANDAR SEI KIJANG, PELALAWAN, RIAU",1,27,224,251
https://kawalpemilu.org#15071,"SIMPANG BERINGIN, BANDAR SEI KIJANG, PELALAWAN, RIAU",2,52,99,151
https://kawalpemilu.org#15071,"SIMPANG BERINGIN, BANDAR SEI KIJANG, PELALAWAN, RIAU",3,37,206,243
https://kawalpemilu.org#15071,"SIMPANG BERINGIN, BANDAR SEI KIJANG, PELALAWAN, RIAU",4,110,159,269
https://kawalpemilu.org#15071,"SIMPANG BERINGIN, BANDAR SEI KIJANG, PELALAWAN, RIAU",5,72,106,178
https://kawalpemilu.org#15072,"MUDA SETIA, BANDAR SEI KIJANG, PELALAWAN, RIAU",1,41,155,196
https://kawalpemilu.org#15072,"MUDA SETIA, BANDAR SEI KIJANG, PELALAWAN, RIAU",2,102,150,252
https://kawalpemilu.org#15072,"MUDA SETIA, BANDAR SEI KIJANG, PELALAWAN, RIAU",3,31,154,185
https://kawalpemilu.org#15072,"MUDA SETIA, BANDAR SEI KIJANG, PELALAWAN, RIAU",4,94,147,241
https://kawalpemilu.org#15072,"MUDA SETIA, BANDAR SEI KIJANG, PELALAWAN, RIAU",5,65,161,226
https://kawalpemilu.org#15072,"MUDA SETIA, BANDAR SEI KIJANG, PELALAWAN, RIAU",6,57,89,146
https://kawalpemilu.org#15073,"KIAB JAYA, BANDAR SEI KIJANG, PELALAWAN, RIAU",1,53,143,196
https://kawalpemilu.org#15073,"KIAB JAYA, BANDAR SEI KIJANG, PELALAWAN, RIAU",2,91,137,228
https://kawalpemilu.org#15073,"KIAB JAYA, BANDAR SEI KIJANG, PELALAWAN, RIAU",3,74,165,239
https://kawalpemilu.org#15073,"KIAB JAYA, BANDAR SEI KIJANG, PELALAWAN, RIAU",4,132,125,257
https://kawalpemilu.org#15073,"KIAB JAYA, BANDAR SEI KIJANG, PELALAWAN, RIAU",5,83,114,197
https://kawalpemilu.org#15073,"KIAB JAYA, BANDAR SEI KIJANG, PELALAWAN, RIAU",6,82,115,197
https://kawalpemilu.org#15073,"KIAB JAYA, BANDAR SEI KIJANG, PELALAWAN, RIAU",7,90,82,172
https://kawalpemilu.org#15073,"KIAB JAYA, BANDAR SEI KIJANG, PELALAWAN, RIAU",8,76,141,217
https://kawalpemilu.org#15073,"KIAB JAYA, BANDAR SEI KIJANG, PELALAWAN, RIAU",9,167,59,226
https://kawalpemilu.org#15073,"KIAB JAYA, BANDAR SEI KIJANG, PELALAWAN, RIAU",10,145,49,194
https://kawalpemilu.org#15073,"KIAB JAYA, BANDAR SEI KIJANG, PELALAWAN, RIAU",11,186,12,198
https://kawalpemilu.org#15073,"KIAB JAYA, BANDAR SEI KIJANG, PELALAWAN, RIAU",12,188,19,207
https://kawalpemilu.org#15075,"KUALA SEMUNDAM, BANDAR PETALANGAN, PELALAWAN, RIAU",1,65,187,252
https://kawalpemilu.org#15075,"KUALA SEMUNDAM, BANDAR PETALANGAN, PELALAWAN, RIAU",2,91,101,192
https://kawalpemilu.org#15075,"KUALA SEMUNDAM, BANDAR PETALANGAN, PELALAWAN, RIAU",3,82,137,219
https://kawalpemilu.org#15076,"RAWANG EMPAT, BANDAR PETALANGAN, PELALAWAN, RIAU",1,87,77,164
https://kawalpemilu.org#15076,"RAWANG EMPAT, BANDAR PETALANGAN, PELALAWAN, RIAU",2,20,109,129
https://kawalpemilu.org#15076,"RAWANG EMPAT, BANDAR PETALANGAN, PELALAWAN, RIAU",3,41,203,244
https://kawalpemilu.org#15076,"RAWANG EMPAT, BANDAR PETALANGAN, PELALAWAN, RIAU",4,40,212,252
https://kawalpemilu.org#15077,"TAMBUN, BANDAR PETALANGAN, PELALAWAN, RIAU",1,18,206,224
https://kawalpemilu.org#15077,"TAMBUN, BANDAR PETALANGAN, PELALAWAN, RIAU",2,56,209,265
https://kawalpemilu.org#15078,"TERBANGIANG, BANDAR PETALANGAN, PELALAWAN, RIAU",1,27,183,210
https://kawalpemilu.org#15078,"TERBANGIANG, BANDAR PETALANGAN, PELALAWAN, RIAU",2,57,164,221
https://kawalpemilu.org#15078,"TERBANGIANG, BANDAR PETALANGAN, PELALAWAN, RIAU",3,31,109,140
https://kawalpemilu.org#15078,"TERBANGIANG, BANDAR PETALANGAN, PELALAWAN, RIAU",4,11,116,127
https://kawalpemilu.org#15078,"TERBANGIANG, BANDAR PETALANGAN, PELALAWAN, RIAU",5,193,39,232
https://kawalpemilu.org#15078,"TERBANGIANG, BANDAR PETALANGAN, PELALAWAN, RIAU",6,128,98,226
https://kawalpemilu.org#15079,"LUBUK TERAP, BANDAR PETALANGAN, PELALAWAN, RIAU",1,64,171,235
https://kawalpemilu.org#15079,"LUBUK TERAP, BANDAR PETALANGAN, PELALAWAN, RIAU",2,42,187,229
https://kawalpemilu.org#15079,"LUBUK TERAP, BANDAR PETALANGAN, PELALAWAN, RIAU",3,39,156,195
https://kawalpemilu.org#15079,"LUBUK TERAP, BANDAR PETALANGAN, PELALAWAN, RIAU",4,62,129,191
https://kawalpemilu.org#15080,"ANGKASA, BANDAR PETALANGAN, PELALAWAN, RIAU",1,52,162,214
https://kawalpemilu.org#15080,"ANGKASA, BANDAR PETALANGAN, PELALAWAN, RIAU",2,93,140,233
https://kawalpemilu.org#15080,"ANGKASA, BANDAR PETALANGAN, PELALAWAN, RIAU",3,89,127,216
https://kawalpemilu.org#15080,"ANGKASA, BANDAR PETALANGAN, PELALAWAN, RIAU",4,60,129,189
https://kawalpemilu.org#15080,"ANGKASA, BANDAR PETALANGAN, PELALAWAN, RIAU",5,90,97,187
https://kawalpemilu.org#15080,"ANGKASA, BANDAR PETALANGAN, PELALAWAN, RIAU",6,69,109,178
https://kawalpemilu.org#15080,"ANGKASA, BANDAR PETALANGAN, PELALAWAN, RIAU",7,29,56,85
https://kawalpemilu.org#15080,"ANGKASA, BANDAR PETALANGAN, PELALAWAN, RIAU",8,80,75,155
https://kawalpemilu.org#15081,"SIALANG GODANG, BANDAR PETALANGAN, PELALAWAN, RIAU",1,50,175,225
https://kawalpemilu.org#15081,"SIALANG GODANG, BANDAR PETALANGAN, PELALAWAN, RIAU",2,80,119,199
https://kawalpemilu.org#15081,"SIALANG GODANG, BANDAR PETALANGAN, PELALAWAN, RIAU",3,87,118,205
https://kawalpemilu.org#15081,"SIALANG GODANG, BANDAR PETALANGAN, PELALAWAN, RIAU",4,31,204,235
https://kawalpemilu.org#15081,"SIALANG GODANG, BANDAR PETALANGAN, PELALAWAN, RIAU",5,87,118,205
https://kawalpemilu.org#15082,"LUBUK RAJA, BANDAR PETALANGAN, PELALAWAN, RIAU",1,35,225,260
https://kawalpemilu.org#15082,"LUBUK RAJA, BANDAR PETALANGAN, PELALAWAN, RIAU",2,7,118,125
https://kawalpemilu.org#15082,"LUBUK RAJA, BANDAR PETALANGAN, PELALAWAN, RIAU",3,75,79,154
https://kawalpemilu.org#15084,"AIRTERJUN, BANDAR PETALANGAN, PELALAWAN, RIAU",1,43,132,175
https://kawalpemilu.org#15084,"AIRTERJUN, BANDAR PETALANGAN, PELALAWAN, RIAU",2,95,88,183
https://kawalpemilu.org#15084,"AIRTERJUN, BANDAR PETALANGAN, PELALAWAN, RIAU",3,122,97,219
https://kawalpemilu.org#15085,"SIALANG BUNGKUK, BANDAR PETALANGAN, PELALAWAN, RIAU",1,62,172,234
https://kawalpemilu.org#15085,"SIALANG BUNGKUK, BANDAR PETALANGAN, PELALAWAN, RIAU",2,109,92,201
https://kawalpemilu.org#15085,"SIALANG BUNGKUK, BANDAR PETALANGAN, PELALAWAN, RIAU",3,152,31,183
https://kawalpemilu.org#15086,"LUBUK KERANJI TIMUR, BANDAR PETALANGAN, PELALAWAN, RIAU",1,35,177,212
https://kawalpemilu.org#15086,"LUBUK KERANJI TIMUR, BANDAR PETALANGAN, PELALAWAN, RIAU",2,129,65,194
https://kawalpemilu.org#15086,"LUBUK KERANJI TIMUR, BANDAR PETALANGAN, PELALAWAN, RIAU",3,80,57,137
https://kawalpemilu.org#15089,"UJUNG BATU, UJUNG BATU, ROKAN HULU, RIAU",1,23,155,178
https://kawalpemilu.org#15089,"UJUNG BATU, UJUNG BATU, ROKAN HULU, RIAU",2,27,225,252
https://kawalpemilu.org#15089,"UJUNG BATU, UJUNG BATU, ROKAN HULU, RIAU",3,26,144,170
https://kawalpemilu.org#15089,"UJUNG BATU, UJUNG BATU, ROKAN HULU, RIAU",4,4,127,131
https://kawalpemilu.org#15089,"UJUNG BATU, UJUNG BATU, ROKAN HULU, RIAU",5,36,195,231
https://kawalpemilu.org#15089,"UJUNG BATU, UJUNG BATU, ROKAN HULU, RIAU",6,23,155,178
https://kawalpemilu.org#15089,"UJUNG BATU, UJUNG BATU, ROKAN HULU, RIAU",7,27,146,173
https://kawalpemilu.org#15089,"UJUNG BATU, UJUNG BATU, ROKAN HULU, RIAU",8,22,131,153
https://kawalpemilu.org#15089,"UJUNG BATU, UJUNG BATU, ROKAN HULU, RIAU",9,24,156,180
https://kawalpemilu.org#15089,"UJUNG BATU, UJUNG BATU, ROKAN HULU, RIAU",10,42,174,216
https://kawalpemilu.org#15089,"UJUNG BATU, UJUNG BATU, ROKAN HULU, RIAU",11,79,180,259
https://kawalpemilu.org#15089,"UJUNG BATU, UJUNG BATU, ROKAN HULU, RIAU",12,22,204,226
https://kawalpemilu.org#15089,"UJUNG BATU, UJUNG BATU, ROKAN HULU, RIAU",13,29,124,153
https://kawalpemilu.org#15089,"UJUNG BATU, UJUNG BATU, ROKAN HULU, RIAU",14,56,213,269
https://kawalpemilu.org#15089,"UJUNG BATU, UJUNG BATU, ROKAN HULU, RIAU",15,46,217,263
https://kawalpemilu.org#15089,"UJUNG BATU, UJUNG BATU, ROKAN HULU, RIAU",16,237,17,254
https://kawalpemilu.org#15089,"UJUNG BATU, UJUNG BATU, ROKAN HULU, RIAU",17,138,39,177
https://kawalpemilu.org#15089,"UJUNG BATU, UJUNG BATU, ROKAN HULU, RIAU",18,21,139,160
https://kawalpemilu.org#15089,"UJUNG BATU, UJUNG BATU, ROKAN HULU, RIAU",19,49,164,213
https://kawalpemilu.org#15089,"UJUNG BATU, UJUNG BATU, ROKAN HULU, RIAU",20,61,197,258
https://kawalpemilu.org#15089,"UJUNG BATU, UJUNG BATU, ROKAN HULU, RIAU",21,60,120,180
https://kawalpemilu.org#15089,"UJUNG BATU, UJUNG BATU, ROKAN HULU, RIAU",22,62,130,192
https://kawalpemilu.org#15089,"UJUNG BATU, UJUNG BATU, ROKAN HULU, RIAU",23,60,222,282
https://kawalpemilu.org#15089,"UJUNG BATU, UJUNG BATU, ROKAN HULU, RIAU",24,32,102,134
https://kawalpemilu.org#15089,"UJUNG BATU, UJUNG BATU, ROKAN HULU, RIAU",25,35,87,122
https://kawalpemilu.org#15089,"UJUNG BATU, UJUNG BATU, ROKAN HULU, RIAU",26,88,151,239
https://kawalpemilu.org#15089,"UJUNG BATU, UJUNG BATU, ROKAN HULU, RIAU",27,216,32,248
https://kawalpemilu.org#15089,"UJUNG BATU, UJUNG BATU, ROKAN HULU, RIAU",28,40,123,163
https://kawalpemilu.org#15089,"UJUNG BATU, UJUNG BATU, ROKAN HULU, RIAU",29,43,163,206
https://kawalpemilu.org#15089,"UJUNG BATU, UJUNG BATU, ROKAN HULU, RIAU",30,28,196,224
https://kawalpemilu.org#15089,"UJUNG BATU, UJUNG BATU, ROKAN HULU, RIAU",31,15,101,116
https://kawalpemilu.org#15089,"UJUNG BATU, UJUNG BATU, ROKAN HULU, RIAU",32,32,190,222
https://kawalpemilu.org#15089,"UJUNG BATU, UJUNG BATU, ROKAN HULU, RIAU",33,39,126,165
https://kawalpemilu.org#15089,"UJUNG BATU, UJUNG BATU, ROKAN HULU, RIAU",34,230,4,234
https://kawalpemilu.org#15089,"UJUNG BATU, UJUNG BATU, ROKAN HULU, RIAU",35,215,2,217
https://kawalpemilu.org#15089,"UJUNG BATU, UJUNG BATU, ROKAN HULU, RIAU",36,149,5,154
https://kawalpemilu.org#15089,"UJUNG BATU, UJUNG BATU, ROKAN HULU, RIAU",37,32,130,162
https://kawalpemilu.org#15089,"UJUNG BATU, UJUNG BATU, ROKAN HULU, RIAU",39,10,174,184
https://kawalpemilu.org#15089,"UJUNG BATU, UJUNG BATU, ROKAN HULU, RIAU",41,30,111,141
https://kawalpemilu.org#15089,"UJUNG BATU, UJUNG BATU, ROKAN HULU, RIAU",42,29,107,136
https://kawalpemilu.org#15090,"SUKA DAMAI, UJUNG BATU, ROKAN HULU, RIAU",1,64,156,220
https://kawalpemilu.org#15090,"SUKA DAMAI, UJUNG BATU, ROKAN HULU, RIAU",2,31,169,200
https://kawalpemilu.org#15090,"SUKA DAMAI, UJUNG BATU, ROKAN HULU, RIAU",3,45,178,223
https://kawalpemilu.org#15090,"SUKA DAMAI, UJUNG BATU, ROKAN HULU, RIAU",4,37,157,194
https://kawalpemilu.org#15090,"SUKA DAMAI, UJUNG BATU, ROKAN HULU, RIAU",5,29,96,125
https://kawalpemilu.org#15090,"SUKA DAMAI, UJUNG BATU, ROKAN HULU, RIAU",6,17,195,212
https://kawalpemilu.org#15090,"SUKA DAMAI, UJUNG BATU, ROKAN HULU, RIAU",7,40,137,177
https://kawalpemilu.org#15090,"SUKA DAMAI, UJUNG BATU, ROKAN HULU, RIAU",8,30,139,169
https://kawalpemilu.org#15090,"SUKA DAMAI, UJUNG BATU, ROKAN HULU, RIAU",9,65,33,98
https://kawalpemilu.org#15090,"SUKA DAMAI, UJUNG BATU, ROKAN HULU, RIAU",10,80,119,199
https://kawalpemilu.org#15090,"SUKA DAMAI, UJUNG BATU, ROKAN HULU, RIAU",11,57,136,193
https://kawalpemilu.org#15090,"SUKA DAMAI, UJUNG BATU, ROKAN HULU, RIAU",12,44,106,150
https://kawalpemilu.org#15090,"SUKA DAMAI, UJUNG BATU, ROKAN HULU, RIAU",13,72,118,190
https://kawalpemilu.org#15090,"SUKA DAMAI, UJUNG BATU, ROKAN HULU, RIAU",14,51,136,187
https://kawalpemilu.org#15090,"SUKA DAMAI, UJUNG BATU, ROKAN HULU, RIAU",15,48,168,216
https://kawalpemilu.org#15090,"SUKA DAMAI, UJUNG BATU, ROKAN HULU, RIAU",16,34,170,204
https://kawalpemilu.org#15090,"SUKA DAMAI, UJUNG BATU, ROKAN HULU, RIAU",17,21,164,185
https://kawalpemilu.org#15090,"SUKA DAMAI, UJUNG BATU, ROKAN HULU, RIAU",18,38,98,136
https://kawalpemilu.org#15090,"SUKA DAMAI, UJUNG BATU, ROKAN HULU, RIAU",19,51,114,165
https://kawalpemilu.org#15090,"SUKA DAMAI, UJUNG BATU, ROKAN HULU, RIAU",20,37,91,128
https://kawalpemilu.org#15090,"SUKA DAMAI, UJUNG BATU, ROKAN HULU, RIAU",21,18,111,129
https://kawalpemilu.org#15091,"NGASO, UJUNG BATU, ROKAN HULU, RIAU",1,66,19,85
https://kawalpemilu.org#15091,"NGASO, UJUNG BATU, ROKAN HULU, RIAU",2,72,80,152
https://kawalpemilu.org#15091,"NGASO, UJUNG BATU, ROKAN HULU, RIAU",3,40,156,196
https://kawalpemilu.org#15091,"NGASO, UJUNG BATU, ROKAN HULU, RIAU",4,40,172,212
https://kawalpemilu.org#15091,"NGASO, UJUNG BATU, ROKAN HULU, RIAU",5,61,158,219
https://kawalpemilu.org#15091,"NGASO, UJUNG BATU, ROKAN HULU, RIAU",6,100,118,218
https://kawalpemilu.org#15091,"NGASO, UJUNG BATU, ROKAN HULU, RIAU",7,60,125,185
https://kawalpemilu.org#15091,"NGASO, UJUNG BATU, ROKAN HULU, RIAU",8,108,104,212
https://kawalpemilu.org#15091,"NGASO, UJUNG BATU, ROKAN HULU, RIAU",9,84,72,156
https://kawalpemilu.org#15091,"NGASO, UJUNG BATU, ROKAN HULU, RIAU",10,70,62,132
https://kawalpemilu.org#15091,"NGASO, UJUNG BATU, ROKAN HULU, RIAU",11,58,132,190
https://kawalpemilu.org#15091,"NGASO, UJUNG BATU, ROKAN HULU, RIAU",12,76,77,153
https://kawalpemilu.org#15091,"NGASO, UJUNG BATU, ROKAN HULU, RIAU",13,45,141,186
https://kawalpemilu.org#15091,"NGASO, UJUNG BATU, ROKAN HULU, RIAU",14,87,125,212
https://kawalpemilu.org#15091,"NGASO, UJUNG BATU, ROKAN HULU, RIAU",15,49,119,168
https://kawalpemilu.org#15091,"NGASO, UJUNG BATU, ROKAN HULU, RIAU",16,151,73,224
https://kawalpemilu.org#15091,"NGASO, UJUNG BATU, ROKAN HULU, RIAU",17,51,139,190
https://kawalpemilu.org#15092,"UJUNG BATU TIMUR, UJUNG BATU, ROKAN HULU, RIAU",1,54,139,193
https://kawalpemilu.org#15092,"UJUNG BATU TIMUR, UJUNG BATU, ROKAN HULU, RIAU",2,68,159,227
https://kawalpemilu.org#15092,"UJUNG BATU TIMUR, UJUNG BATU, ROKAN HULU, RIAU",3,47,125,172
https://kawalpemilu.org#15092,"UJUNG BATU TIMUR, UJUNG BATU, ROKAN HULU, RIAU",4,70,167,237
https://kawalpemilu.org#15092,"UJUNG BATU TIMUR, UJUNG BATU, ROKAN HULU, RIAU",5,51,156,207
https://kawalpemilu.org#15092,"UJUNG BATU TIMUR, UJUNG BATU, ROKAN HULU, RIAU",6,130,111,241
https://kawalpemilu.org#15092,"UJUNG BATU TIMUR, UJUNG BATU, ROKAN HULU, RIAU",7,83,73,156
https://kawalpemilu.org#15092,"UJUNG BATU TIMUR, UJUNG BATU, ROKAN HULU, RIAU",8,107,140,247
https://kawalpemilu.org#15092,"UJUNG BATU TIMUR, UJUNG BATU, ROKAN HULU, RIAU",9,162,45,207
https://kawalpemilu.org#15092,"UJUNG BATU TIMUR, UJUNG BATU, ROKAN HULU, RIAU",10,52,35,87
https://kawalpemilu.org#15092,"UJUNG BATU TIMUR, UJUNG BATU, ROKAN HULU, RIAU",11,62,102,164
https://kawalpemilu.org#15092,"UJUNG BATU TIMUR, UJUNG BATU, ROKAN HULU, RIAU",12,61,96,157
https://kawalpemilu.org#15092,"UJUNG BATU TIMUR, UJUNG BATU, ROKAN HULU, RIAU",13,64,129,193
https://kawalpemilu.org#15092,"UJUNG BATU TIMUR, UJUNG BATU, ROKAN HULU, RIAU",14,59,118,177
https://kawalpemilu.org#15092,"UJUNG BATU TIMUR, UJUNG BATU, ROKAN HULU, RIAU",15,91,162,253
https://kawalpemilu.org#15092,"UJUNG BATU TIMUR, UJUNG BATU, ROKAN HULU, RIAU",16,52,107,159
https://kawalpemilu.org#15092,"UJUNG BATU TIMUR, UJUNG BATU, ROKAN HULU, RIAU",17,31,118,149
https://kawalpemilu.org#15092,"UJUNG BATU TIMUR, UJUNG BATU, ROKAN HULU, RIAU",18,120,86,206
https://kawalpemilu.org#15092,"UJUNG BATU TIMUR, UJUNG BATU, ROKAN HULU, RIAU",19,69,56,125
https://kawalpemilu.org#15093,"PEMATANG TEBIH, UJUNG BATU, ROKAN HULU, RIAU",1,73,130,203
https://kawalpemilu.org#15093,"PEMATANG TEBIH, UJUNG BATU, ROKAN HULU, RIAU",2,53,135,188
https://kawalpemilu.org#15093,"PEMATANG TEBIH, UJUNG BATU, ROKAN HULU, RIAU",3,59,85,144
https://kawalpemilu.org#15093,"PEMATANG TEBIH, UJUNG BATU, ROKAN HULU, RIAU",4,61,92,153
https://kawalpemilu.org#15093,"PEMATANG TEBIH, UJUNG BATU, ROKAN HULU, RIAU",5,90,83,173
https://kawalpemilu.org#15093,"PEMATANG TEBIH, UJUNG BATU, ROKAN HULU, RIAU",6,54,141,195
https://kawalpemilu.org#15093,"PEMATANG TEBIH, UJUNG BATU, ROKAN HULU, RIAU",7,66,155,221
https://kawalpemilu.org#15093,"PEMATANG TEBIH, UJUNG BATU, ROKAN HULU, RIAU",8,70,108,178
https://kawalpemilu.org#15093,"PEMATANG TEBIH, UJUNG BATU, ROKAN HULU, RIAU",9,140,73,213
https://kawalpemilu.org#15093,"PEMATANG TEBIH, UJUNG BATU, ROKAN HULU, RIAU",10,120,87,207
https://kawalpemilu.org#15093,"PEMATANG TEBIH, UJUNG BATU, ROKAN HULU, RIAU",11,97,96,193
https://kawalpemilu.org#15093,"PEMATANG TEBIH, UJUNG BATU, ROKAN HULU, RIAU",12,124,87,211
https://kawalpemilu.org#15093,"PEMATANG TEBIH, UJUNG BATU, ROKAN HULU, RIAU",13,129,56,185
https://kawalpemilu.org#15093,"PEMATANG TEBIH, UJUNG BATU, ROKAN HULU, RIAU",14,103,115,218
https://kawalpemilu.org#15093,"PEMATANG TEBIH, UJUNG BATU, ROKAN HULU, RIAU",15,114,74,188
https://kawalpemilu.org#15093,"PEMATANG TEBIH, UJUNG BATU, ROKAN HULU, RIAU",16,92,68,160
https://kawalpemilu.org#15093,"PEMATANG TEBIH, UJUNG BATU, ROKAN HULU, RIAU",18,63,129,192
https://kawalpemilu.org#15093,"PEMATANG TEBIH, UJUNG BATU, ROKAN HULU, RIAU",19,61,128,189
https://kawalpemilu.org#15093,"PEMATANG TEBIH, UJUNG BATU, ROKAN HULU, RIAU",20,76,79,155
https://kawalpemilu.org#15093,"PEMATANG TEBIH, UJUNG BATU, ROKAN HULU, RIAU",21,60,120,180
https://kawalpemilu.org#15093,"PEMATANG TEBIH, UJUNG BATU, ROKAN HULU, RIAU",22,132,82,214
https://kawalpemilu.org#15093,"PEMATANG TEBIH, UJUNG BATU, ROKAN HULU, RIAU",23,87,72,159
https://kawalpemilu.org#15093,"PEMATANG TEBIH, UJUNG BATU, ROKAN HULU, RIAU",24,74,62,136
https://kawalpemilu.org#15093,"PEMATANG TEBIH, UJUNG BATU, ROKAN HULU, RIAU",25,119,51,170
https://kawalpemilu.org#15093,"PEMATANG TEBIH, UJUNG BATU, ROKAN HULU, RIAU",26,129,64,193
https://kawalpemilu.org#15095,"ROKAN, ROKAN IV KOTO, ROKAN HULU, RIAU",1,21,122,143
https://kawalpemilu.org#15095,"ROKAN, ROKAN IV KOTO, ROKAN HULU, RIAU",2,15,117,132
https://kawalpemilu.org#15095,"ROKAN, ROKAN IV KOTO, ROKAN HULU, RIAU",3,34,215,249
https://kawalpemilu.org#15095,"ROKAN, ROKAN IV KOTO, ROKAN HULU, RIAU",4,24,103,127
https://kawalpemilu.org#15095,"ROKAN, ROKAN IV KOTO, ROKAN HULU, RIAU",5,9,105,114
https://kawalpemilu.org#15095,"ROKAN, ROKAN IV KOTO, ROKAN HULU, RIAU",6,11,131,142
https://kawalpemilu.org#15095,"ROKAN, ROKAN IV KOTO, ROKAN HULU, RIAU",7,21,130,151
https://kawalpemilu.org#15095,"ROKAN, ROKAN IV KOTO, ROKAN HULU, RIAU",8,5,129,134
https://kawalpemilu.org#15096,"CIPANG KANAN, ROKAN IV KOTO, ROKAN HULU, RIAU",1,3,207,210
https://kawalpemilu.org#15096,"CIPANG KANAN, ROKAN IV KOTO, ROKAN HULU, RIAU",2,3,153,156
https://kawalpemilu.org#15096,"CIPANG KANAN, ROKAN IV KOTO, ROKAN HULU, RIAU",3,5,144,149
https://kawalpemilu.org#15096,"CIPANG KANAN, ROKAN IV KOTO, ROKAN HULU, RIAU",4,9,209,218
https://kawalpemilu.org#15096,"CIPANG KANAN, ROKAN IV KOTO, ROKAN HULU, RIAU",5,5,126,131
https://kawalpemilu.org#15097,"CIPANG KIRI HULU, ROKAN IV KOTO, ROKAN HULU, RIAU",1,3,164,167
https://kawalpemilu.org#15097,"CIPANG KIRI HULU, ROKAN IV KOTO, ROKAN HULU, RIAU",2,28,105,133
https://kawalpemilu.org#15097,"CIPANG KIRI HULU, ROKAN IV KOTO, ROKAN HULU, RIAU",3,13,124,137
https://kawalpemilu.org#15097,"CIPANG KIRI HULU, ROKAN IV KOTO, ROKAN HULU, RIAU",4,6,133,139
https://kawalpemilu.org#15097,"CIPANG KIRI HULU, ROKAN IV KOTO, ROKAN HULU, RIAU",5,10,162,172
https://kawalpemilu.org#15097,"CIPANG KIRI HULU, ROKAN IV KOTO, ROKAN HULU, RIAU",6,18,205,223
https://kawalpemilu.org#15097,"CIPANG KIRI HULU, ROKAN IV KOTO, ROKAN HULU, RIAU",7,25,106,131
https://kawalpemilu.org#15097,"CIPANG KIRI HULU, ROKAN IV KOTO, ROKAN HULU, RIAU",8,11,132,143
https://kawalpemilu.org#15098,"CIPANG KIRI HILIR, ROKAN IV KOTO, ROKAN HULU, RIAU",1,9,122,131
https://kawalpemilu.org#15098,"CIPANG KIRI HILIR, ROKAN IV KOTO, ROKAN HULU, RIAU",2,6,236,242
https://kawalpemilu.org#15098,"CIPANG KIRI HILIR, ROKAN IV KOTO, ROKAN HULU, RIAU",3,8,142,150
https://kawalpemilu.org#15098,"CIPANG KIRI HILIR, ROKAN IV KOTO, ROKAN HULU, RIAU",4,7,60,67
https://kawalpemilu.org#15098,"CIPANG KIRI HILIR, ROKAN IV KOTO, ROKAN HULU, RIAU",5,10,92,102
https://kawalpemilu.org#15098,"CIPANG KIRI HILIR, ROKAN IV KOTO, ROKAN HULU, RIAU",6,8,167,175
https://kawalpemilu.org#15098,"CIPANG KIRI HILIR, ROKAN IV KOTO, ROKAN HULU, RIAU",7,16,173,189
https://kawalpemilu.org#15098,"CIPANG KIRI HILIR, ROKAN IV KOTO, ROKAN HULU, RIAU",8,3,103,106
https://kawalpemilu.org#15099,"TANJUNG MEDAN, ROKAN IV KOTO, ROKAN HULU, RIAU",1,12,152,164
https://kawalpemilu.org#15099,"TANJUNG MEDAN, ROKAN IV KOTO, ROKAN HULU, RIAU",2,14,146,160
https://kawalpemilu.org#15099,"TANJUNG MEDAN, ROKAN IV KOTO, ROKAN HULU, RIAU",3,36,99,135
https://kawalpemilu.org#15099,"TANJUNG MEDAN, ROKAN IV KOTO, ROKAN HULU, RIAU",4,11,138,149
https://kawalpemilu.org#15100,"LUBUK BENDAHARA TIMUR, ROKAN IV KOTO, ROKAN HULU, RIAU",1,27,121,148
https://kawalpemilu.org#15100,"LUBUK BENDAHARA TIMUR, ROKAN IV KOTO, ROKAN HULU, RIAU",2,28,149,177
https://kawalpemilu.org#15100,"LUBUK BENDAHARA TIMUR, ROKAN IV KOTO, ROKAN HULU, RIAU",3,34,204,238
https://kawalpemilu.org#15100,"LUBUK BENDAHARA TIMUR, ROKAN IV KOTO, ROKAN HULU, RIAU",4,61,160,221
https://kawalpemilu.org#15100,"LUBUK BENDAHARA TIMUR, ROKAN IV KOTO, ROKAN HULU, RIAU",5,92,28,120
https://kawalpemilu.org#15100,"LUBUK BENDAHARA TIMUR, ROKAN IV KOTO, ROKAN HULU, RIAU",6,125,39,164
https://kawalpemilu.org#15101,"LUBUK BENDAHARA, ROKAN IV KOTO, ROKAN HULU, RIAU",1,16,133,149
https://kawalpemilu.org#15101,"LUBUK BENDAHARA, ROKAN IV KOTO, ROKAN HULU, RIAU",2,29,238,267
https://kawalpemilu.org#15101,"LUBUK BENDAHARA, ROKAN IV KOTO, ROKAN HULU, RIAU",3,20,186,206
https://kawalpemilu.org#15101,"LUBUK BENDAHARA, ROKAN IV KOTO, ROKAN HULU, RIAU",4,34,159,193
https://kawalpemilu.org#15101,"LUBUK BENDAHARA, ROKAN IV KOTO, ROKAN HULU, RIAU",5,15,176,191
https://kawalpemilu.org#15101,"LUBUK BENDAHARA, ROKAN IV KOTO, ROKAN HULU, RIAU",6,123,44,167
https://kawalpemilu.org#15101,"LUBUK BENDAHARA, ROKAN IV KOTO, ROKAN HULU, RIAU",7,92,39,131
https://kawalpemilu.org#15101,"LUBUK BENDAHARA, ROKAN IV KOTO, ROKAN HULU, RIAU",8,7,140,147
https://kawalpemilu.org#15102,"SIKEBAU JAYA, ROKAN IV KOTO, ROKAN HULU, RIAU",1,69,78,147
https://kawalpemilu.org#15102,"SIKEBAU JAYA, ROKAN IV KOTO, ROKAN HULU, RIAU",2,51,105,156
https://kawalpemilu.org#15102,"SIKEBAU JAYA, ROKAN IV KOTO, ROKAN HULU, RIAU",3,36,114,150
https://kawalpemilu.org#15102,"SIKEBAU JAYA, ROKAN IV KOTO, ROKAN HULU, RIAU",4,86,83,169
https://kawalpemilu.org#15102,"SIKEBAU JAYA, ROKAN IV KOTO, ROKAN HULU, RIAU",5,102,61,163
https://kawalpemilu.org#15102,"SIKEBAU JAYA, ROKAN IV KOTO, ROKAN HULU, RIAU",6,82,56,138
https://kawalpemilu.org#15102,"SIKEBAU JAYA, ROKAN IV KOTO, ROKAN HULU, RIAU",7,100,49,149
https://kawalpemilu.org#15102,"SIKEBAU JAYA, ROKAN IV KOTO, ROKAN HULU, RIAU",8,43,86,129
https://kawalpemilu.org#15103,"ROKAN KOTO RUANG, ROKAN IV KOTO, ROKAN HULU, RIAU",1,53,86,139
https://kawalpemilu.org#15103,"ROKAN KOTO RUANG, ROKAN IV KOTO, ROKAN HULU, RIAU",2,16,127,143
https://kawalpemilu.org#15103,"ROKAN KOTO RUANG, ROKAN IV KOTO, ROKAN HULU, RIAU",3,40,104,144
https://kawalpemilu.org#15103,"ROKAN KOTO RUANG, ROKAN IV KOTO, ROKAN HULU, RIAU",4,28,118,146
https://kawalpemilu.org#15103,"ROKAN KOTO RUANG, ROKAN IV KOTO, ROKAN HULU, RIAU",5,141,54,195
https://kawalpemilu.org#15103,"ROKAN KOTO RUANG, ROKAN IV KOTO, ROKAN HULU, RIAU",6,59,90,149
https://kawalpemilu.org#15103,"ROKAN KOTO RUANG, ROKAN IV KOTO, ROKAN HULU, RIAU",7,79,93,172
https://kawalpemilu.org#15103,"ROKAN KOTO RUANG, ROKAN IV KOTO, ROKAN HULU, RIAU",8,35,121,156
https://kawalpemilu.org#15103,"ROKAN KOTO RUANG, ROKAN IV KOTO, ROKAN HULU, RIAU",9,32,141,173
https://kawalpemilu.org#15103,"ROKAN KOTO RUANG, ROKAN IV KOTO, ROKAN HULU, RIAU",10,20,63,83
https://kawalpemilu.org#15104,"ROKAN TIMUR, ROKAN IV KOTO, ROKAN HULU, RIAU",1,42,114,156
https://kawalpemilu.org#15104,"ROKAN TIMUR, ROKAN IV KOTO, ROKAN HULU, RIAU",2,83,51,134
https://kawalpemilu.org#15104,"ROKAN TIMUR, ROKAN IV KOTO, ROKAN HULU, RIAU",3,8,110,118
https://kawalpemilu.org#15104,"ROKAN TIMUR, ROKAN IV KOTO, ROKAN HULU, RIAU",4,32,106,138
https://kawalpemilu.org#15104,"ROKAN TIMUR, ROKAN IV KOTO, ROKAN HULU, RIAU",5,104,55,159
https://kawalpemilu.org#15105,"LUBUK BETUNG, ROKAN IV KOTO, ROKAN HULU, RIAU",1,32,165,197
https://kawalpemilu.org#15105,"LUBUK BETUNG, ROKAN IV KOTO, ROKAN HULU, RIAU",2,112,101,213
https://kawalpemilu.org#15105,"LUBUK BETUNG, ROKAN IV KOTO, ROKAN HULU, RIAU",3,57,165,222
https://kawalpemilu.org#15105,"LUBUK BETUNG, ROKAN IV KOTO, ROKAN HULU, RIAU",4,49,199,248
https://kawalpemilu.org#15106,"PEMANDANG, ROKAN IV KOTO, ROKAN HULU, RIAU",1,20,178,198
https://kawalpemilu.org#15106,"PEMANDANG, ROKAN IV KOTO, ROKAN HULU, RIAU",2,15,127,142
https://kawalpemilu.org#15106,"PEMANDANG, ROKAN IV KOTO, ROKAN HULU, RIAU",3,17,160,177
https://kawalpemilu.org#15106,"PEMANDANG, ROKAN IV KOTO, ROKAN HULU, RIAU",4,12,105,117
https://kawalpemilu.org#15107,"ALAHAN, ROKAN IV KOTO, ROKAN HULU, RIAU",1,40,134,174
https://kawalpemilu.org#15107,"ALAHAN, ROKAN IV KOTO, ROKAN HULU, RIAU",2,47,101,148
https://kawalpemilu.org#15107,"ALAHAN, ROKAN IV KOTO, ROKAN HULU, RIAU",3,38,100,138
https://kawalpemilu.org#15107,"ALAHAN, ROKAN IV KOTO, ROKAN HULU, RIAU",4,29,105,134
https://kawalpemilu.org#15108,"TIBAWAN, ROKAN IV KOTO, ROKAN HULU, RIAU",1,10,117,127
https://kawalpemilu.org#15108,"TIBAWAN, ROKAN IV KOTO, ROKAN HULU, RIAU",2,16,163,179
https://kawalpemilu.org#15108,"TIBAWAN, ROKAN IV KOTO, ROKAN HULU, RIAU",3,26,117,143
https://kawalpemilu.org#15110,"PASIR PENGARAYAN, RAMBAH, ROKAN HULU, RIAU",1,37,153,190
https://kawalpemilu.org#15110,"PASIR PENGARAYAN, RAMBAH, ROKAN HULU, RIAU",2,44,203,247
https://kawalpemilu.org#15110,"PASIR PENGARAYAN, RAMBAH, ROKAN HULU, RIAU",3,28,193,221
https://kawalpemilu.org#15110,"PASIR PENGARAYAN, RAMBAH, ROKAN HULU, RIAU",4,9,167,176
https://kawalpemilu.org#15110,"PASIR PENGARAYAN, RAMBAH, ROKAN HULU, RIAU",5,27,203,230
https://kawalpemilu.org#15110,"PASIR PENGARAYAN, RAMBAH, ROKAN HULU, RIAU",6,9,101,110
https://kawalpemilu.org#15110,"PASIR PENGARAYAN, RAMBAH, ROKAN HULU, RIAU",7,11,137,148
https://kawalpemilu.org#15110,"PASIR PENGARAYAN, RAMBAH, ROKAN HULU, RIAU",8,19,174,193
https://kawalpemilu.org#15110,"PASIR PENGARAYAN, RAMBAH, ROKAN HULU, RIAU",9,10,122,132
https://kawalpemilu.org#15110,"PASIR PENGARAYAN, RAMBAH, ROKAN HULU, RIAU",10,23,159,182
https://kawalpemilu.org#15110,"PASIR PENGARAYAN, RAMBAH, ROKAN HULU, RIAU",11,19,196,215
https://kawalpemilu.org#15110,"PASIR PENGARAYAN, RAMBAH, ROKAN HULU, RIAU",12,22,153,175
https://kawalpemilu.org#15110,"PASIR PENGARAYAN, RAMBAH, ROKAN HULU, RIAU",13,6,76,82
https://kawalpemilu.org#15110,"PASIR PENGARAYAN, RAMBAH, ROKAN HULU, RIAU",14,6,140,146
https://kawalpemilu.org#15111,"RAMBAH TENGAH UTARA, RAMBAH, ROKAN HULU, RIAU",1,11,142,153
https://kawalpemilu.org#15111,"RAMBAH TENGAH UTARA, RAMBAH, ROKAN HULU, RIAU",2,16,192,208
https://kawalpemilu.org#15111,"RAMBAH TENGAH UTARA, RAMBAH, ROKAN HULU, RIAU",3,22,138,160
https://kawalpemilu.org#15111,"RAMBAH TENGAH UTARA, RAMBAH, ROKAN HULU, RIAU",4,25,244,269
https://kawalpemilu.org#15111,"RAMBAH TENGAH UTARA, RAMBAH, ROKAN HULU, RIAU",5,12,123,135
https://kawalpemilu.org#15111,"RAMBAH TENGAH UTARA, RAMBAH, ROKAN HULU, RIAU",6,28,178,206
https://kawalpemilu.org#15111,"RAMBAH TENGAH UTARA, RAMBAH, ROKAN HULU, RIAU",7,5,130,135
https://kawalpemilu.org#15111,"RAMBAH TENGAH UTARA, RAMBAH, ROKAN HULU, RIAU",8,24,187,211
https://kawalpemilu.org#15111,"RAMBAH TENGAH UTARA, RAMBAH, ROKAN HULU, RIAU",9,8,127,135
https://kawalpemilu.org#15111,"RAMBAH TENGAH UTARA, RAMBAH, ROKAN HULU, RIAU",10,14,171,185
https://kawalpemilu.org#15112,"RAMBAH TENGAH HILIR, RAMBAH, ROKAN HULU, RIAU",1,22,225,247
https://kawalpemilu.org#15112,"RAMBAH TENGAH HILIR, RAMBAH, ROKAN HULU, RIAU",2,13,178,191
https://kawalpemilu.org#15112,"RAMBAH TENGAH HILIR, RAMBAH, ROKAN HULU, RIAU",3,14,216,230
https://kawalpemilu.org#15112,"RAMBAH TENGAH HILIR, RAMBAH, ROKAN HULU, RIAU",4,20,200,220
https://kawalpemilu.org#15112,"RAMBAH TENGAH HILIR, RAMBAH, ROKAN HULU, RIAU",5,4,233,237
https://kawalpemilu.org#15112,"RAMBAH TENGAH HILIR, RAMBAH, ROKAN HULU, RIAU",7,7,243,250
https://kawalpemilu.org#15112,"RAMBAH TENGAH HILIR, RAMBAH, ROKAN HULU, RIAU",8,5,189,194
https://kawalpemilu.org#15112,"RAMBAH TENGAH HILIR, RAMBAH, ROKAN HULU, RIAU",9,0,0,0
https://kawalpemilu.org#15113,"RAMBAH TENGAH HULU, RAMBAH, ROKAN HULU, RIAU",1,18,154,172
https://kawalpemilu.org#15113,"RAMBAH TENGAH HULU, RAMBAH, ROKAN HULU, RIAU",2,8,156,164
https://kawalpemilu.org#15113,"RAMBAH TENGAH HULU, RAMBAH, ROKAN HULU, RIAU",3,7,234,241
https://kawalpemilu.org#15113,"RAMBAH TENGAH HULU, RAMBAH, ROKAN HULU, RIAU",4,5,162,167
https://kawalpemilu.org#15113,"RAMBAH TENGAH HULU, RAMBAH, ROKAN HULU, RIAU",5,6,176,182
https://kawalpemilu.org#15113,"RAMBAH TENGAH HULU, RAMBAH, ROKAN HULU, RIAU",6,10,182,192
https://kawalpemilu.org#15113,"RAMBAH TENGAH HULU, RAMBAH, ROKAN HULU, RIAU",7,7,178,185
https://kawalpemilu.org#15113,"RAMBAH TENGAH HULU, RAMBAH, ROKAN HULU, RIAU",8,5,130,135
https://kawalpemilu.org#15113,"RAMBAH TENGAH HULU, RAMBAH, ROKAN HULU, RIAU",9,7,147,154
https://kawalpemilu.org#15113,"RAMBAH TENGAH HULU, RAMBAH, ROKAN HULU, RIAU",10,2,170,172
https://kawalpemilu.org#15114,"RAMBAH TENGAH BARAT, RAMBAH, ROKAN HULU, RIAU",1,16,192,208
https://kawalpemilu.org#15114,"RAMBAH TENGAH BARAT, RAMBAH, ROKAN HULU, RIAU",2,30,263,293
https://kawalpemilu.org#15114,"RAMBAH TENGAH BARAT, RAMBAH, ROKAN HULU, RIAU",3,22,168,190
https://kawalpemilu.org#15114,"RAMBAH TENGAH BARAT, RAMBAH, ROKAN HULU, RIAU",4,19,230,249
https://kawalpemilu.org#15114,"RAMBAH TENGAH BARAT, RAMBAH, ROKAN HULU, RIAU",5,15,165,180
https://kawalpemilu.org#15114,"RAMBAH TENGAH BARAT, RAMBAH, ROKAN HULU, RIAU",6,27,129,156
https://kawalpemilu.org#15114,"RAMBAH TENGAH BARAT, RAMBAH, ROKAN HULU, RIAU",7,14,227,241
https://kawalpemilu.org#15114,"RAMBAH TENGAH BARAT, RAMBAH, ROKAN HULU, RIAU",8,13,201,214
https://kawalpemilu.org#15114,"RAMBAH TENGAH BARAT, RAMBAH, ROKAN HULU, RIAU",9,6,179,185
https://kawalpemilu.org#15114,"RAMBAH TENGAH BARAT, RAMBAH, ROKAN HULU, RIAU",10,7,82,89
https://kawalpemilu.org#15115,"MENAMING, RAMBAH, ROKAN HULU, RIAU",1,13,140,153
https://kawalpemilu.org#15115,"MENAMING, RAMBAH, ROKAN HULU, RIAU",2,13,187,200
https://kawalpemilu.org#15115,"MENAMING, RAMBAH, ROKAN HULU, RIAU",3,16,142,158
https://kawalpemilu.org#15115,"MENAMING, RAMBAH, ROKAN HULU, RIAU",4,20,179,199
https://kawalpemilu.org#15115,"MENAMING, RAMBAH, ROKAN HULU, RIAU",5,5,198,203
https://kawalpemilu.org#15115,"MENAMING, RAMBAH, ROKAN HULU, RIAU",6,7,114,121
https://kawalpemilu.org#15115,"MENAMING, RAMBAH, ROKAN HULU, RIAU",7,15,192,207
https://kawalpemilu.org#15115,"MENAMING, RAMBAH, ROKAN HULU, RIAU",8,8,122,130
https://kawalpemilu.org#15115,"MENAMING, RAMBAH, ROKAN HULU, RIAU",9,12,134,146
https://kawalpemilu.org#15115,"MENAMING, RAMBAH, ROKAN HULU, RIAU",10,15,169,184
https://kawalpemilu.org#15116,"PASIR BARU, RAMBAH, ROKAN HULU, RIAU",1,45,151,196
https://kawalpemilu.org#15116,"PASIR BARU, RAMBAH, ROKAN HULU, RIAU",2,143,93,236
https://kawalpemilu.org#15116,"PASIR BARU, RAMBAH, ROKAN HULU, RIAU",3,59,116,175
https://kawalpemilu.org#15116,"PASIR BARU, RAMBAH, ROKAN HULU, RIAU",4,35,133,168
https://kawalpemilu.org#15117,"SIALANG JAYA, RAMBAH, ROKAN HULU, RIAU",1,10,122,132
https://kawalpemilu.org#15117,"SIALANG JAYA, RAMBAH, ROKAN HULU, RIAU",2,9,126,135
https://kawalpemilu.org#15117,"SIALANG JAYA, RAMBAH, ROKAN HULU, RIAU",3,10,61,71
https://kawalpemilu.org#15117,"SIALANG JAYA, RAMBAH, ROKAN HULU, RIAU",4,11,189,200
https://kawalpemilu.org#15117,"SIALANG JAYA, RAMBAH, ROKAN HULU, RIAU",5,1,146,147
https://kawalpemilu.org#15118,"TANJUNG BELIT, RAMBAH, ROKAN HULU, RIAU",1,13,210,223
https://kawalpemilu.org#15118,"TANJUNG BELIT, RAMBAH, ROKAN HULU, RIAU",2,10,165,175
https://kawalpemilu.org#15118,"TANJUNG BELIT, RAMBAH, ROKAN HULU, RIAU",3,13,197,210
https://kawalpemilu.org#15118,"TANJUNG BELIT, RAMBAH, ROKAN HULU, RIAU",4,2,54,56
https://kawalpemilu.org#15118,"TANJUNG BELIT, RAMBAH, ROKAN HULU, RIAU",5,11,133,144
https://kawalpemilu.org#15118,"TANJUNG BELIT, RAMBAH, ROKAN HULU, RIAU",6,11,231,242
https://kawalpemilu.org#15119,"KOTO TINGGI, RAMBAH, ROKAN HULU, RIAU",1,18,218,236
https://kawalpemilu.org#15119,"KOTO TINGGI, RAMBAH, ROKAN HULU, RIAU",2,32,197,229
https://kawalpemilu.org#15119,"KOTO TINGGI, RAMBAH, ROKAN HULU, RIAU",3,14,110,124
https://kawalpemilu.org#15119,"KOTO TINGGI, RAMBAH, ROKAN HULU, RIAU",4,13,147,160
https://kawalpemilu.org#15119,"KOTO TINGGI, RAMBAH, ROKAN HULU, RIAU",5,27,201,228
https://kawalpemilu.org#15119,"KOTO TINGGI, RAMBAH, ROKAN HULU, RIAU",6,12,128,140
https://kawalpemilu.org#15119,"KOTO TINGGI, RAMBAH, ROKAN HULU, RIAU",7,45,166,211
https://kawalpemilu.org#15119,"KOTO TINGGI, RAMBAH, ROKAN HULU, RIAU",8,43,152,195
https://kawalpemilu.org#15119,"KOTO TINGGI, RAMBAH, ROKAN HULU, RIAU",9,24,130,154
https://kawalpemilu.org#15119,"KOTO TINGGI, RAMBAH, ROKAN HULU, RIAU",10,3,170,173
https://kawalpemilu.org#15119,"KOTO TINGGI, RAMBAH, ROKAN HULU, RIAU",11,15,165,180
https://kawalpemilu.org#15119,"KOTO TINGGI, RAMBAH, ROKAN HULU, RIAU",12,34,78,112
https://kawalpemilu.org#15119,"KOTO TINGGI, RAMBAH, ROKAN HULU, RIAU",13,21,166,187
https://kawalpemilu.org#15119,"KOTO TINGGI, RAMBAH, ROKAN HULU, RIAU",14,19,176,195
https://kawalpemilu.org#15119,"KOTO TINGGI, RAMBAH, ROKAN HULU, RIAU",15,3,140,143
https://kawalpemilu.org#15119,"KOTO TINGGI, RAMBAH, ROKAN HULU, RIAU",17,25,109,134
https://kawalpemilu.org#15119,"KOTO TINGGI, RAMBAH, ROKAN HULU, RIAU",18,27,167,194
https://kawalpemilu.org#15119,"KOTO TINGGI, RAMBAH, ROKAN HULU, RIAU",19,22,152,174
https://kawalpemilu.org#15119,"KOTO TINGGI, RAMBAH, ROKAN HULU, RIAU",20,7,170,177
https://kawalpemilu.org#15119,"KOTO TINGGI, RAMBAH, ROKAN HULU, RIAU",21,7,177,184
https://kawalpemilu.org#15119,"KOTO TINGGI, RAMBAH, ROKAN HULU, RIAU",22,32,156,188
https://kawalpemilu.org#15119,"KOTO TINGGI, RAMBAH, ROKAN HULU, RIAU",23,48,139,187
https://kawalpemilu.org#15120,"SUKA MAJU, RAMBAH, ROKAN HULU, RIAU",1,20,225,245
https://kawalpemilu.org#15120,"SUKA MAJU, RAMBAH, ROKAN HULU, RIAU",2,70,85,155
https://kawalpemilu.org#15120,"SUKA MAJU, RAMBAH, ROKAN HULU, RIAU",3,186,66,252
https://kawalpemilu.org#15120,"SUKA MAJU, RAMBAH, ROKAN HULU, RIAU",4,17,232,249
https://kawalpemilu.org#15120,"SUKA MAJU, RAMBAH, ROKAN HULU, RIAU",5,62,160,222
https://kawalpemilu.org#15120,"SUKA MAJU, RAMBAH, ROKAN HULU, RIAU",6,17,239,256
https://kawalpemilu.org#15120,"SUKA MAJU, RAMBAH, ROKAN HULU, RIAU",7,14,199,213
https://kawalpemilu.org#15120,"SUKA MAJU, RAMBAH, ROKAN HULU, RIAU",8,20,216,236
https://kawalpemilu.org#15120,"SUKA MAJU, RAMBAH, ROKAN HULU, RIAU",9,191,1,192
https://kawalpemilu.org#15120,"SUKA MAJU, RAMBAH, ROKAN HULU, RIAU",10,12,190,202
https://kawalpemilu.org#15120,"SUKA MAJU, RAMBAH, ROKAN HULU, RIAU",11,95,3,98
https://kawalpemilu.org#15120,"SUKA MAJU, RAMBAH, ROKAN HULU, RIAU",12,18,137,155
https://kawalpemilu.org#15121,"PEMALANG BERANGAN, RAMBAH, ROKAN HULU, RIAU",1,14,187,201
https://kawalpemilu.org#15121,"PEMALANG BERANGAN, RAMBAH, ROKAN HULU, RIAU",2,23,221,244
https://kawalpemilu.org#15121,"PEMALANG BERANGAN, RAMBAH, ROKAN HULU, RIAU",3,25,232,257
https://kawalpemilu.org#15121,"PEMALANG BERANGAN, RAMBAH, ROKAN HULU, RIAU",4,21,191,212
https://kawalpemilu.org#15121,"PEMALANG BERANGAN, RAMBAH, ROKAN HULU, RIAU",5,15,193,208
https://kawalpemilu.org#15121,"PEMALANG BERANGAN, RAMBAH, ROKAN HULU, RIAU",6,13,188,201
https://kawalpemilu.org#15121,"PEMALANG BERANGAN, RAMBAH, ROKAN HULU, RIAU",7,19,209,228
https://kawalpemilu.org#15121,"PEMALANG BERANGAN, RAMBAH, ROKAN HULU, RIAU",8,32,160,192
https://kawalpemilu.org#15121,"PEMALANG BERANGAN, RAMBAH, ROKAN HULU, RIAU",9,9,211,220
https://kawalpemilu.org#15121,"PEMALANG BERANGAN, RAMBAH, ROKAN HULU, RIAU",10,15,212,227
https://kawalpemilu.org#15121,"PEMALANG BERANGAN, RAMBAH, ROKAN HULU, RIAU",11,12,172,184
https://kawalpemilu.org#15121,"PEMALANG BERANGAN, RAMBAH, ROKAN HULU, RIAU",12,7,198,205
https://kawalpemilu.org#15121,"PEMALANG BERANGAN, RAMBAH, ROKAN HULU, RIAU",13,17,193,210
https://kawalpemilu.org#15121,"PEMALANG BERANGAN, RAMBAH, ROKAN HULU, RIAU",14,19,195,214
https://kawalpemilu.org#15121,"PEMALANG BERANGAN, RAMBAH, ROKAN HULU, RIAU",15,30,189,219
https://kawalpemilu.org#15121,"PEMALANG BERANGAN, RAMBAH, ROKAN HULU, RIAU",16,21,204,225
https://kawalpemilu.org#15121,"PEMALANG BERANGAN, RAMBAH, ROKAN HULU, RIAU",17,17,163,180
https://kawalpemilu.org#15121,"PEMALANG BERANGAN, RAMBAH, ROKAN HULU, RIAU",18,15,173,188
https://kawalpemilu.org#15121,"PEMALANG BERANGAN, RAMBAH, ROKAN HULU, RIAU",19,11,204,215
https://kawalpemilu.org#15122,"BABUSSALAM, RAMBAH, ROKAN HULU, RIAU",1,13,207,220
https://kawalpemilu.org#15122,"BABUSSALAM, RAMBAH, ROKAN HULU, RIAU",2,14,154,168
https://kawalpemilu.org#15122,"BABUSSALAM, RAMBAH, ROKAN HULU, RIAU",3,5,154,159
https://kawalpemilu.org#15122,"BABUSSALAM, RAMBAH, ROKAN HULU, RIAU",4,16,139,155
https://kawalpemilu.org#15122,"BABUSSALAM, RAMBAH, ROKAN HULU, RIAU",6,24,184,208
https://kawalpemilu.org#15122,"BABUSSALAM, RAMBAH, ROKAN HULU, RIAU",7,10,151,161
https://kawalpemilu.org#15122,"BABUSSALAM, RAMBAH, ROKAN HULU, RIAU",8,10,157,167
https://kawalpemilu.org#15122,"BABUSSALAM, RAMBAH, ROKAN HULU, RIAU",9,6,133,139
https://kawalpemilu.org#15123,"PASIR MAJU, RAMBAH, ROKAN HULU, RIAU",1,26,139,165
https://kawalpemilu.org#15123,"PASIR MAJU, RAMBAH, ROKAN HULU, RIAU",2,25,154,179
https://kawalpemilu.org#15123,"PASIR MAJU, RAMBAH, ROKAN HULU, RIAU",3,21,189,210
https://kawalpemilu.org#15123,"PASIR MAJU, RAMBAH, ROKAN HULU, RIAU",4,29,135,164
https://kawalpemilu.org#15125,"TAMBUSAI TENGAH, TAMBUSAI, ROKAN HULU, RIAU",1,19,197,216
https://kawalpemilu.org#15125,"TAMBUSAI TENGAH, TAMBUSAI, ROKAN HULU, RIAU",2,17,190,207
https://kawalpemilu.org#15125,"TAMBUSAI TENGAH, TAMBUSAI, ROKAN HULU, RIAU",3,24,147,171
https://kawalpemilu.org#15125,"TAMBUSAI TENGAH, TAMBUSAI, ROKAN HULU, RIAU",4,13,104,117
https://kawalpemilu.org#15125,"TAMBUSAI TENGAH, TAMBUSAI, ROKAN HULU, RIAU",5,71,138,209
https://kawalpemilu.org#15125,"TAMBUSAI TENGAH, TAMBUSAI, ROKAN HULU, RIAU",6,24,200,224
https://kawalpemilu.org#15125,"TAMBUSAI TENGAH, TAMBUSAI, ROKAN HULU, RIAU",7,27,219,246
https://kawalpemilu.org#15125,"TAMBUSAI TENGAH, TAMBUSAI, ROKAN HULU, RIAU",8,17,198,215
https://kawalpemilu.org#15125,"TAMBUSAI TENGAH, TAMBUSAI, ROKAN HULU, RIAU",9,182,4,186
https://kawalpemilu.org#15125,"TAMBUSAI TENGAH, TAMBUSAI, ROKAN HULU, RIAU",10,200,1,201
https://kawalpemilu.org#15125,"TAMBUSAI TENGAH, TAMBUSAI, ROKAN HULU, RIAU",11,173,20,193
https://kawalpemilu.org#15125,"TAMBUSAI TENGAH, TAMBUSAI, ROKAN HULU, RIAU",12,55,177,232
https://kawalpemilu.org#15125,"TAMBUSAI TENGAH, TAMBUSAI, ROKAN HULU, RIAU",13,42,186,228
https://kawalpemilu.org#15125,"TAMBUSAI TENGAH, TAMBUSAI, ROKAN HULU, RIAU",14,6,97,103
https://kawalpemilu.org#15125,"TAMBUSAI TENGAH, TAMBUSAI, ROKAN HULU, RIAU",15,40,187,227
https://kawalpemilu.org#15125,"TAMBUSAI TENGAH, TAMBUSAI, ROKAN HULU, RIAU",16,19,148,167
https://kawalpemilu.org#15125,"TAMBUSAI TENGAH, TAMBUSAI, ROKAN HULU, RIAU",17,206,2,208
https://kawalpemilu.org#15125,"TAMBUSAI TENGAH, TAMBUSAI, ROKAN HULU, RIAU",18,132,33,165
https://kawalpemilu.org#15126,"TAMBUSAI BARAT, TAMBUSAI, ROKAN HULU, RIAU",1,146,59,204
https://kawalpemilu.org#15126,"TAMBUSAI BARAT, TAMBUSAI, ROKAN HULU, RIAU",2,43,142,185
https://kawalpemilu.org#15126,"TAMBUSAI BARAT, TAMBUSAI, ROKAN HULU, RIAU",3,47,159,206
https://kawalpemilu.org#15126,"TAMBUSAI BARAT, TAMBUSAI, ROKAN HULU, RIAU",4,61,129,190
https://kawalpemilu.org#15126,"TAMBUSAI BARAT, TAMBUSAI, ROKAN HULU, RIAU",5,225,4,229
https://kawalpemilu.org#15126,"TAMBUSAI BARAT, TAMBUSAI, ROKAN HULU, RIAU",6,170,3,173
https://kawalpemilu.org#15126,"TAMBUSAI BARAT, TAMBUSAI, ROKAN HULU, RIAU",7,141,1,142
https://kawalpemilu.org#15126,"TAMBUSAI BARAT, TAMBUSAI, ROKAN HULU, RIAU",8,203,2,205
https://kawalpemilu.org#15126,"TAMBUSAI BARAT, TAMBUSAI, ROKAN HULU, RIAU",9,181,2,183
https://kawalpemilu.org#15126,"TAMBUSAI BARAT, TAMBUSAI, ROKAN HULU, RIAU",10,52,170,222
https://kawalpemilu.org#15126,"TAMBUSAI BARAT, TAMBUSAI, ROKAN HULU, RIAU",11,31,202,233
https://kawalpemilu.org#15126,"TAMBUSAI BARAT, TAMBUSAI, ROKAN HULU, RIAU",12,21,175,196
https://kawalpemilu.org#15126,"TAMBUSAI BARAT, TAMBUSAI, ROKAN HULU, RIAU",13,14,204,218
https://kawalpemilu.org#15127,"TAMBUSAI TIMUR, TAMBUSAI, ROKAN HULU, RIAU",1,19,132,151
https://kawalpemilu.org#15127,"TAMBUSAI TIMUR, TAMBUSAI, ROKAN HULU, RIAU",2,21,127,148
https://kawalpemilu.org#15127,"TAMBUSAI TIMUR, TAMBUSAI, ROKAN HULU, RIAU",3,30,187,217
https://kawalpemilu.org#15127,"TAMBUSAI TIMUR, TAMBUSAI, ROKAN HULU, RIAU",4,25,172,197
https://kawalpemilu.org#15127,"TAMBUSAI TIMUR, TAMBUSAI, ROKAN HULU, RIAU",5,45,127,172
https://kawalpemilu.org#15127,"TAMBUSAI TIMUR, TAMBUSAI, ROKAN HULU, RIAU",6,36,91,127
https://kawalpemilu.org#15127,"TAMBUSAI TIMUR, TAMBUSAI, ROKAN HULU, RIAU",7,120,64,184
https://kawalpemilu.org#15127,"TAMBUSAI TIMUR, TAMBUSAI, ROKAN HULU, RIAU",8,138,66,204
https://kawalpemilu.org#15127,"TAMBUSAI TIMUR, TAMBUSAI, ROKAN HULU, RIAU",9,168,6,174
https://kawalpemilu.org#15127,"TAMBUSAI TIMUR, TAMBUSAI, ROKAN HULU, RIAU",10,182,10,192
https://kawalpemilu.org#15127,"TAMBUSAI TIMUR, TAMBUSAI, ROKAN HULU, RIAU",11,146,8,154
https://kawalpemilu.org#15128,"BATAS, TAMBUSAI, ROKAN HULU, RIAU",1,197,51,248
https://kawalpemilu.org#15128,"BATAS, TAMBUSAI, ROKAN HULU, RIAU",2,106,161,267
https://kawalpemilu.org#15128,"BATAS, TAMBUSAI, ROKAN HULU, RIAU",3,21,156,177
https://kawalpemilu.org#15128,"BATAS, TAMBUSAI, ROKAN HULU, RIAU",4,85,129,214
https://kawalpemilu.org#15128,"BATAS, TAMBUSAI, ROKAN HULU, RIAU",5,33,92,125
https://kawalpemilu.org#15128,"BATAS, TAMBUSAI, ROKAN HULU, RIAU",6,158,36,194
https://kawalpemilu.org#15128,"BATAS, TAMBUSAI, ROKAN HULU, RIAU",7,176,28,204
https://kawalpemilu.org#15129,"TALIKUMAIN, TAMBUSAI, ROKAN HULU, RIAU",1,36,168,204
https://kawalpemilu.org#15129,"TALIKUMAIN, TAMBUSAI, ROKAN HULU, RIAU",2,31,134,165
https://kawalpemilu.org#15129,"TALIKUMAIN, TAMBUSAI, ROKAN HULU, RIAU",3,35,161,196
https://kawalpemilu.org#15129,"TALIKUMAIN, TAMBUSAI, ROKAN HULU, RIAU",4,24,131,155
https://kawalpemilu.org#15129,"TALIKUMAIN, TAMBUSAI, ROKAN HULU, RIAU",5,26,126,152
https://kawalpemilu.org#15129,"TALIKUMAIN, TAMBUSAI, ROKAN HULU, RIAU",6,138,86,224
https://kawalpemilu.org#15130,"RANTAU PANJANG, TAMBUSAI, ROKAN HULU, RIAU",2,14,174,188
https://kawalpemilu.org#15130,"RANTAU PANJANG, TAMBUSAI, ROKAN HULU, RIAU",4,40,169,209
https://kawalpemilu.org#15130,"RANTAU PANJANG, TAMBUSAI, ROKAN HULU, RIAU",5,20,205,225
https://kawalpemilu.org#15130,"RANTAU PANJANG, TAMBUSAI, ROKAN HULU, RIAU",6,51,68,119
https://kawalpemilu.org#15131,"SUNGAI KUMANGO, TAMBUSAI, ROKAN HULU, RIAU",1,39,197,236
https://kawalpemilu.org#15131,"SUNGAI KUMANGO, TAMBUSAI, ROKAN HULU, RIAU",2,33,184,217
https://kawalpemilu.org#15131,"SUNGAI KUMANGO, TAMBUSAI, ROKAN HULU, RIAU",3,34,172,206
https://kawalpemilu.org#15131,"SUNGAI KUMANGO, TAMBUSAI, ROKAN HULU, RIAU",4,40,140,180
https://kawalpemilu.org#15131,"SUNGAI KUMANGO, TAMBUSAI, ROKAN HULU, RIAU",5,66,114,180
https://kawalpemilu.org#15131,"SUNGAI KUMANGO, TAMBUSAI, ROKAN HULU, RIAU",6,10,222,232
https://kawalpemilu.org#15131,"SUNGAI KUMANGO, TAMBUSAI, ROKAN HULU, RIAU",7,33,167,200
https://kawalpemilu.org#15131,"SUNGAI KUMANGO, TAMBUSAI, ROKAN HULU, RIAU",8,71,98,169
https://kawalpemilu.org#15131,"SUNGAI KUMANGO, TAMBUSAI, ROKAN HULU, RIAU",9,76,61,137
https://kawalpemilu.org#15131,"SUNGAI KUMANGO, TAMBUSAI, ROKAN HULU, RIAU",10,153,35,188
https://kawalpemilu.org#15131,"SUNGAI KUMANGO, TAMBUSAI, ROKAN HULU, RIAU",11,100,35,135
https://kawalpemilu.org#15131,"SUNGAI KUMANGO, TAMBUSAI, ROKAN HULU, RIAU",12,14,181,195
https://kawalpemilu.org#15131,"SUNGAI KUMANGO, TAMBUSAI, ROKAN HULU, RIAU",13,22,206,228
https://kawalpemilu.org#15131,"SUNGAI KUMANGO, TAMBUSAI, ROKAN HULU, RIAU",14,113,77,190
https://kawalpemilu.org#15132,"BATANG KUMU, TAMBUSAI, ROKAN HULU, RIAU",1,188,1,189
https://kawalpemilu.org#15132,"BATANG KUMU, TAMBUSAI, ROKAN HULU, RIAU",2,181,34,215
https://kawalpemilu.org#15132,"BATANG KUMU, TAMBUSAI, ROKAN HULU, RIAU",3,135,73,208
https://kawalpemilu.org#15132,"BATANG KUMU, TAMBUSAI, ROKAN HULU, RIAU",4,90,100,190
https://kawalpemilu.org#15132,"BATANG KUMU, TAMBUSAI, ROKAN HULU, RIAU",5,69,82,4
https://kawalpemilu.org#15132,"BATANG KUMU, TAMBUSAI, ROKAN HULU, RIAU",6,46,135,181
https://kawalpemilu.org#15132,"BATANG KUMU, TAMBUSAI, ROKAN HULU, RIAU",7,126,99,225
https://kawalpemilu.org#15132,"BATANG KUMU, TAMBUSAI, ROKAN HULU, RIAU",8,113,59,172
https://kawalpemilu.org#15132,"BATANG KUMU, TAMBUSAI, ROKAN HULU, RIAU",9,63,104,167
https://kawalpemilu.org#15132,"BATANG KUMU, TAMBUSAI, ROKAN HULU, RIAU",10,126,82,208
https://kawalpemilu.org#15132,"BATANG KUMU, TAMBUSAI, ROKAN HULU, RIAU",11,199,53,252
https://kawalpemilu.org#15132,"BATANG KUMU, TAMBUSAI, ROKAN HULU, RIAU",12,132,6,138
https://kawalpemilu.org#15132,"BATANG KUMU, TAMBUSAI, ROKAN HULU, RIAU",13,194,7,201
https://kawalpemilu.org#15132,"BATANG KUMU, TAMBUSAI, ROKAN HULU, RIAU",14,230,14,244
https://kawalpemilu.org#15132,"BATANG KUMU, TAMBUSAI, ROKAN HULU, RIAU",15,178,14,192
https://kawalpemilu.org#15132,"BATANG KUMU, TAMBUSAI, ROKAN HULU, RIAU",16,154,13,167
https://kawalpemilu.org#15132,"BATANG KUMU, TAMBUSAI, ROKAN HULU, RIAU",17,155,4,159
https://kawalpemilu.org#15132,"BATANG KUMU, TAMBUSAI, ROKAN HULU, RIAU",18,99,6,105
https://kawalpemilu.org#15132,"BATANG KUMU, TAMBUSAI, ROKAN HULU, RIAU",19,83,2,85
https://kawalpemilu.org#15132,"BATANG KUMU, TAMBUSAI, ROKAN HULU, RIAU",20,87,52,139
https://kawalpemilu.org#15132,"BATANG KUMU, TAMBUSAI, ROKAN HULU, RIAU",21,138,23,161
https://kawalpemilu.org#15132,"BATANG KUMU, TAMBUSAI, ROKAN HULU, RIAU",22,85,90,175
https://kawalpemilu.org#15132,"BATANG KUMU, TAMBUSAI, ROKAN HULU, RIAU",23,53,168,221
https://kawalpemilu.org#15132,"BATANG KUMU, TAMBUSAI, ROKAN HULU, RIAU",24,201,2,203
https://kawalpemilu.org#15132,"BATANG KUMU, TAMBUSAI, ROKAN HULU, RIAU",25,98,99,197
https://kawalpemilu.org#15132,"BATANG KUMU, TAMBUSAI, ROKAN HULU, RIAU",26,145,62,207
https://kawalpemilu.org#15132,"BATANG KUMU, TAMBUSAI, ROKAN HULU, RIAU",27,116,3,119
https://kawalpemilu.org#15132,"BATANG KUMU, TAMBUSAI, ROKAN HULU, RIAU",28,102,41,143
https://kawalpemilu.org#15132,"BATANG KUMU, TAMBUSAI, ROKAN HULU, RIAU",29,126,30,156
https://kawalpemilu.org#15132,"BATANG KUMU, TAMBUSAI, ROKAN HULU, RIAU",30,104,96,200
https://kawalpemilu.org#15132,"BATANG KUMU, TAMBUSAI, ROKAN HULU, RIAU",31,163,6,169
https://kawalpemilu.org#15133,"SIALANG RINDANG, TAMBUSAI, ROKAN HULU, RIAU",1,80,121,201
https://kawalpemilu.org#15133,"SIALANG RINDANG, TAMBUSAI, ROKAN HULU, RIAU",2,97,128,225
https://kawalpemilu.org#15133,"SIALANG RINDANG, TAMBUSAI, ROKAN HULU, RIAU",3,71,130,201
https://kawalpemilu.org#15133,"SIALANG RINDANG, TAMBUSAI, ROKAN HULU, RIAU",4,62,135,197
https://kawalpemilu.org#15133,"SIALANG RINDANG, TAMBUSAI, ROKAN HULU, RIAU",5,95,79,174
https://kawalpemilu.org#15133,"SIALANG RINDANG, TAMBUSAI, ROKAN HULU, RIAU",6,95,97,192
https://kawalpemilu.org#15133,"SIALANG RINDANG, TAMBUSAI, ROKAN HULU, RIAU",7,117,135,252
https://kawalpemilu.org#15133,"SIALANG RINDANG, TAMBUSAI, ROKAN HULU, RIAU",8,142,110,252
https://kawalpemilu.org#15133,"SIALANG RINDANG, TAMBUSAI, ROKAN HULU, RIAU",9,114,97,211
https://kawalpemilu.org#15134,"SUKA MAJU, TAMBUSAI, ROKAN HULU, RIAU",1,119,90,209
https://kawalpemilu.org#15134,"SUKA MAJU, TAMBUSAI, ROKAN HULU, RIAU",2,61,137,198
https://kawalpemilu.org#15134,"SUKA MAJU, TAMBUSAI, ROKAN HULU, RIAU",3,56,200,256
https://kawalpemilu.org#15134,"SUKA MAJU, TAMBUSAI, ROKAN HULU, RIAU",4,57,171,228
https://kawalpemilu.org#15134,"SUKA MAJU, TAMBUSAI, ROKAN HULU, RIAU",5,87,153,240
https://kawalpemilu.org#15134,"SUKA MAJU, TAMBUSAI, ROKAN HULU, RIAU",6,136,118,254
https://kawalpemilu.org#15134,"SUKA MAJU, TAMBUSAI, ROKAN HULU, RIAU",7,148,93,241
https://kawalpemilu.org#15134,"SUKA MAJU, TAMBUSAI, ROKAN HULU, RIAU",8,84,166,250
https://kawalpemilu.org#15134,"SUKA MAJU, TAMBUSAI, ROKAN HULU, RIAU",9,116,125,241
https://kawalpemilu.org#15134,"SUKA MAJU, TAMBUSAI, ROKAN HULU, RIAU",10,151,99,250
https://kawalpemilu.org#15134,"SUKA MAJU, TAMBUSAI, ROKAN HULU, RIAU",11,128,98,226
https://kawalpemilu.org#15134,"SUKA MAJU, TAMBUSAI, ROKAN HULU, RIAU",12,104,138,242
https://kawalpemilu.org#15135,"TINGKOK, TAMBUSAI, ROKAN HULU, RIAU",1,29,189,218
https://kawalpemilu.org#15135,"TINGKOK, TAMBUSAI, ROKAN HULU, RIAU",2,26,156,182
https://kawalpemilu.org#15135,"TINGKOK, TAMBUSAI, ROKAN HULU, RIAU",3,34,115,149
https://kawalpemilu.org#15135,"TINGKOK, TAMBUSAI, ROKAN HULU, RIAU",4,21,199,220
https://kawalpemilu.org#15135,"TINGKOK, TAMBUSAI, ROKAN HULU, RIAU",5,43,105,148
https://kawalpemilu.org#15135,"TINGKOK, TAMBUSAI, ROKAN HULU, RIAU",6,69,64,133
https://kawalpemilu.org#15135,"TINGKOK, TAMBUSAI, ROKAN HULU, RIAU",7,133,29,162
https://kawalpemilu.org#15136,"LUBUK SOTING, TAMBUSAI, ROKAN HULU, RIAU",1,12,220,232
https://kawalpemilu.org#15136,"LUBUK SOTING, TAMBUSAI, ROKAN HULU, RIAU",2,16,216,232
https://kawalpemilu.org#15136,"LUBUK SOTING, TAMBUSAI, ROKAN HULU, RIAU",3,25,214,239
https://kawalpemilu.org#15136,"LUBUK SOTING, TAMBUSAI, ROKAN HULU, RIAU",4,116,7,123
https://kawalpemilu.org#15136,"LUBUK SOTING, TAMBUSAI, ROKAN HULU, RIAU",5,64,7,71
https://kawalpemilu.org#15136,"LUBUK SOTING, TAMBUSAI, ROKAN HULU, RIAU",6,113,9,122
https://kawalpemilu.org#15136,"LUBUK SOTING, TAMBUSAI, ROKAN HULU, RIAU",7,101,10,111
https://kawalpemilu.org#15136,"LUBUK SOTING, TAMBUSAI, ROKAN HULU, RIAU",8,72,8,80
https://kawalpemilu.org#15136,"LUBUK SOTING, TAMBUSAI, ROKAN HULU, RIAU",9,62,6,68
https://kawalpemilu.org#15136,"LUBUK SOTING, TAMBUSAI, ROKAN HULU, RIAU",10,76,7,83
https://kawalpemilu.org#15136,"LUBUK SOTING, TAMBUSAI, ROKAN HULU, RIAU",11,99,3,102
https://kawalpemilu.org#15136,"LUBUK SOTING, TAMBUSAI, ROKAN HULU, RIAU",12,237,12,249
https://kawalpemilu.org#15138,"KEPENUHAN TENGAH, KEPENUHAN, ROKAN HULU, RIAU",1,24,194,218
https://kawalpemilu.org#15138,"KEPENUHAN TENGAH, KEPENUHAN, ROKAN HULU, RIAU",2,19,182,201
https://kawalpemilu.org#15138,"KEPENUHAN TENGAH, KEPENUHAN, ROKAN HULU, RIAU",3,25,150,175
https://kawalpemilu.org#15138,"KEPENUHAN TENGAH, KEPENUHAN, ROKAN HULU, RIAU",4,26,235,261
https://kawalpemilu.org#15138,"KEPENUHAN TENGAH, KEPENUHAN, ROKAN HULU, RIAU",5,33,216,249
https://kawalpemilu.org#15138,"KEPENUHAN TENGAH, KEPENUHAN, ROKAN HULU, RIAU",6,24,198,222
https://kawalpemilu.org#15138,"KEPENUHAN TENGAH, KEPENUHAN, ROKAN HULU, RIAU",7,10,252,262
https://kawalpemilu.org#15138,"KEPENUHAN TENGAH, KEPENUHAN, ROKAN HULU, RIAU",8,9,138,147
https://kawalpemilu.org#15138,"KEPENUHAN TENGAH, KEPENUHAN, ROKAN HULU, RIAU",9,190,100,290
https://kawalpemilu.org#15138,"KEPENUHAN TENGAH, KEPENUHAN, ROKAN HULU, RIAU",10,173,63,236
https://kawalpemilu.org#15138,"KEPENUHAN TENGAH, KEPENUHAN, ROKAN HULU, RIAU",11,31,55,86
https://kawalpemilu.org#15138,"KEPENUHAN TENGAH, KEPENUHAN, ROKAN HULU, RIAU",12,34,190,224
https://kawalpemilu.org#15138,"KEPENUHAN TENGAH, KEPENUHAN, ROKAN HULU, RIAU",13,36,159,195
https://kawalpemilu.org#15138,"KEPENUHAN TENGAH, KEPENUHAN, ROKAN HULU, RIAU",14,26,215,241
https://kawalpemilu.org#15139,"KEPENUHAN BARAT, KEPENUHAN, ROKAN HULU, RIAU",1,28,93,121
https://kawalpemilu.org#15139,"KEPENUHAN BARAT, KEPENUHAN, ROKAN HULU, RIAU",2,41,187,228
https://kawalpemilu.org#15139,"KEPENUHAN BARAT, KEPENUHAN, ROKAN HULU, RIAU",3,15,164,179
https://kawalpemilu.org#15139,"KEPENUHAN BARAT, KEPENUHAN, ROKAN HULU, RIAU",4,158,109,267
https://kawalpemilu.org#15139,"KEPENUHAN BARAT, KEPENUHAN, ROKAN HULU, RIAU",5,125,126,251
https://kawalpemilu.org#15139,"KEPENUHAN BARAT, KEPENUHAN, ROKAN HULU, RIAU",6,33,156,189
https://kawalpemilu.org#15139,"KEPENUHAN BARAT, KEPENUHAN, ROKAN HULU, RIAU",7,13,115,128
https://kawalpemilu.org#15139,"KEPENUHAN BARAT, KEPENUHAN, ROKAN HULU, RIAU",8,38,190,228
https://kawalpemilu.org#15140,"KEPENUHAN HILIR, KEPENUHAN, ROKAN HULU, RIAU",1,52,144,196
https://kawalpemilu.org#15140,"KEPENUHAN HILIR, KEPENUHAN, ROKAN HULU, RIAU",2,140,57,197
https://kawalpemilu.org#15140,"KEPENUHAN HILIR, KEPENUHAN, ROKAN HULU, RIAU",3,140,82,222
https://kawalpemilu.org#15140,"KEPENUHAN HILIR, KEPENUHAN, ROKAN HULU, RIAU",4,118,42,160
https://kawalpemilu.org#15141,"KEPENUHAN TIMUR, KEPENUHAN, ROKAN HULU, RIAU",1,7,227,234
https://kawalpemilu.org#15141,"KEPENUHAN TIMUR, KEPENUHAN, ROKAN HULU, RIAU",2,9,246,255
https://kawalpemilu.org#15141,"KEPENUHAN TIMUR, KEPENUHAN, ROKAN HULU, RIAU",3,7,214,221
https://kawalpemilu.org#15141,"KEPENUHAN TIMUR, KEPENUHAN, ROKAN HULU, RIAU",4,12,191,203
https://kawalpemilu.org#15141,"KEPENUHAN TIMUR, KEPENUHAN, ROKAN HULU, RIAU",5,107,56,163
https://kawalpemilu.org#15141,"KEPENUHAN TIMUR, KEPENUHAN, ROKAN HULU, RIAU",6,11,166,177
https://kawalpemilu.org#15141,"KEPENUHAN TIMUR, KEPENUHAN, ROKAN HULU, RIAU",7,10,225,235
https://kawalpemilu.org#15141,"KEPENUHAN TIMUR, KEPENUHAN, ROKAN HULU, RIAU",8,15,228,243
https://kawalpemilu.org#15141,"KEPENUHAN TIMUR, KEPENUHAN, ROKAN HULU, RIAU",9,99,69,168
https://kawalpemilu.org#15142,"KEPENUHAN BARAT SEI ROKAN JAYA, KEPENUHAN, ROKAN HULU, RIAU",1,17,157,174
https://kawalpemilu.org#15142,"KEPENUHAN BARAT SEI ROKAN JAYA, KEPENUHAN, ROKAN HULU, RIAU",2,29,133,162
https://kawalpemilu.org#15142,"KEPENUHAN BARAT SEI ROKAN JAYA, KEPENUHAN, ROKAN HULU, RIAU",3,15,92,107
https://kawalpemilu.org#15142,"KEPENUHAN BARAT SEI ROKAN JAYA, KEPENUHAN, ROKAN HULU, RIAU",4,97,112,209
https://kawalpemilu.org#15143,"KEPENUHAN RAYA, KEPENUHAN, ROKAN HULU, RIAU",1,87,96,183
https://kawalpemilu.org#15143,"KEPENUHAN RAYA, KEPENUHAN, ROKAN HULU, RIAU",2,68,95,163
https://kawalpemilu.org#15143,"KEPENUHAN RAYA, KEPENUHAN, ROKAN HULU, RIAU",3,82,88,170
https://kawalpemilu.org#15143,"KEPENUHAN RAYA, KEPENUHAN, ROKAN HULU, RIAU",4,103,94,197
https://kawalpemilu.org#15143,"KEPENUHAN RAYA, KEPENUHAN, ROKAN HULU, RIAU",5,85,119,204
https://kawalpemilu.org#15144,"KEPENUHAN BARU, KEPENUHAN, ROKAN HULU, RIAU",1,94,64,158
https://kawalpemilu.org#15144,"KEPENUHAN BARU, KEPENUHAN, ROKAN HULU, RIAU",2,126,72,198
https://kawalpemilu.org#15144,"KEPENUHAN BARU, KEPENUHAN, ROKAN HULU, RIAU",3,94,76,170
https://kawalpemilu.org#15144,"KEPENUHAN BARU, KEPENUHAN, ROKAN HULU, RIAU",4,97,67,164
https://kawalpemilu.org#15144,"KEPENUHAN BARU, KEPENUHAN, ROKAN HULU, RIAU",5,60,49,109
https://kawalpemilu.org#15144,"KEPENUHAN BARU, KEPENUHAN, ROKAN HULU, RIAU",6,105,57,162
https://kawalpemilu.org#15145,"KEPENUHAN BARAT MULYA, KEPENUHAN, ROKAN HULU, RIAU",1,38,233,271
https://kawalpemilu.org#15145,"KEPENUHAN BARAT MULYA, KEPENUHAN, ROKAN HULU, RIAU",2,25,213,238
https://kawalpemilu.org#15145,"KEPENUHAN BARAT MULYA, KEPENUHAN, ROKAN HULU, RIAU",3,55,94,149
https://kawalpemilu.org#15145,"KEPENUHAN BARAT MULYA, KEPENUHAN, ROKAN HULU, RIAU",4,68,70,138
https://kawalpemilu.org#15145,"KEPENUHAN BARAT MULYA, KEPENUHAN, ROKAN HULU, RIAU",5,35,226,261
https://kawalpemilu.org#15145,"KEPENUHAN BARAT MULYA, KEPENUHAN, ROKAN HULU, RIAU",6,72,109,181
https://kawalpemilu.org#15146,"ULAK PATIAN, KEPENUHAN, ROKAN HULU, RIAU",1,25,121,146
https://kawalpemilu.org#15146,"ULAK PATIAN, KEPENUHAN, ROKAN HULU, RIAU",2,24,115,139
https://kawalpemilu.org#15146,"ULAK PATIAN, KEPENUHAN, ROKAN HULU, RIAU",3,34,110,144
https://kawalpemilu.org#15146,"ULAK PATIAN, KEPENUHAN, ROKAN HULU, RIAU",4,62,133,195
https://kawalpemilu.org#15147,"RANTAU BINUANG SAKTI, KEPENUHAN, ROKAN HULU, RIAU",1,16,122,138
https://kawalpemilu.org#15147,"RANTAU BINUANG SAKTI, KEPENUHAN, ROKAN HULU, RIAU",2,15,114,129
https://kawalpemilu.org#15147,"RANTAU BINUANG SAKTI, KEPENUHAN, ROKAN HULU, RIAU",3,17,101,118
https://kawalpemilu.org#15149,"KOTA LAMA, KUNTO DARUSSALAM, ROKAN HULU, RIAU",1,18,149,167
https://kawalpemilu.org#15149,"KOTA LAMA, KUNTO DARUSSALAM, ROKAN HULU, RIAU",2,28,143,171
https://kawalpemilu.org#15149,"KOTA LAMA, KUNTO DARUSSALAM, ROKAN HULU, RIAU",3,15,103,118
https://kawalpemilu.org#15149,"KOTA LAMA, KUNTO DARUSSALAM, ROKAN HULU, RIAU",4,96,95,191
https://kawalpemilu.org#15149,"KOTA LAMA, KUNTO DARUSSALAM, ROKAN HULU, RIAU",5,13,87,100
https://kawalpemilu.org#15149,"KOTA LAMA, KUNTO DARUSSALAM, ROKAN HULU, RIAU",6,41,229,270
https://kawalpemilu.org#15149,"KOTA LAMA, KUNTO DARUSSALAM, ROKAN HULU, RIAU",7,164,87,251
https://kawalpemilu.org#15149,"KOTA LAMA, KUNTO DARUSSALAM, ROKAN HULU, RIAU",8,99,24,123
https://kawalpemilu.org#15149,"KOTA LAMA, KUNTO DARUSSALAM, ROKAN HULU, RIAU",9,110,26,136
https://kawalpemilu.org#15149,"KOTA LAMA, KUNTO DARUSSALAM, ROKAN HULU, RIAU",10,90,30,120
https://kawalpemilu.org#15149,"KOTA LAMA, KUNTO DARUSSALAM, ROKAN HULU, RIAU",11,97,89,186
https://kawalpemilu.org#15149,"KOTA LAMA, KUNTO DARUSSALAM, ROKAN HULU, RIAU",12,98,116,214
https://kawalpemilu.org#15149,"KOTA LAMA, KUNTO DARUSSALAM, ROKAN HULU, RIAU",13,74,52,126
https://kawalpemilu.org#15149,"KOTA LAMA, KUNTO DARUSSALAM, ROKAN HULU, RIAU",14,145,44,189
https://kawalpemilu.org#15149,"KOTA LAMA, KUNTO DARUSSALAM, ROKAN HULU, RIAU",15,52,70,122
https://kawalpemilu.org#15149,"KOTA LAMA, KUNTO DARUSSALAM, ROKAN HULU, RIAU",16,97,93,190
https://kawalpemilu.org#15149,"KOTA LAMA, KUNTO DARUSSALAM, ROKAN HULU, RIAU",17,115,5,120
https://kawalpemilu.org#15149,"KOTA LAMA, KUNTO DARUSSALAM, ROKAN HULU, RIAU",18,168,50,218
https://kawalpemilu.org#15149,"KOTA LAMA, KUNTO DARUSSALAM, ROKAN HULU, RIAU",19,142,57,199
https://kawalpemilu.org#15149,"KOTA LAMA, KUNTO DARUSSALAM, ROKAN HULU, RIAU",20,82,36,118
https://kawalpemilu.org#15149,"KOTA LAMA, KUNTO DARUSSALAM, ROKAN HULU, RIAU",21,111,32,143
https://kawalpemilu.org#15149,"KOTA LAMA, KUNTO DARUSSALAM, ROKAN HULU, RIAU",22,96,53,149
https://kawalpemilu.org#15149,"KOTA LAMA, KUNTO DARUSSALAM, ROKAN HULU, RIAU",23,143,96,239
https://kawalpemilu.org#15149,"KOTA LAMA, KUNTO DARUSSALAM, ROKAN HULU, RIAU",24,168,30,198
https://kawalpemilu.org#15149,"KOTA LAMA, KUNTO DARUSSALAM, ROKAN HULU, RIAU",25,83,116,199
https://kawalpemilu.org#15149,"KOTA LAMA, KUNTO DARUSSALAM, ROKAN HULU, RIAU",26,109,7,116
https://kawalpemilu.org#15149,"KOTA LAMA, KUNTO DARUSSALAM, ROKAN HULU, RIAU",27,40,15,55
https://kawalpemilu.org#15149,"KOTA LAMA, KUNTO DARUSSALAM, ROKAN HULU, RIAU",28,43,145,188
https://kawalpemilu.org#15149,"KOTA LAMA, KUNTO DARUSSALAM, ROKAN HULU, RIAU",29,31,180,211
https://kawalpemilu.org#15149,"KOTA LAMA, KUNTO DARUSSALAM, ROKAN HULU, RIAU",30,20,122,142
https://kawalpemilu.org#15149,"KOTA LAMA, KUNTO DARUSSALAM, ROKAN HULU, RIAU",31,21,90,111
https://kawalpemilu.org#15149,"KOTA LAMA, KUNTO DARUSSALAM, ROKAN HULU, RIAU",32,15,144,159
https://kawalpemilu.org#15149,"KOTA LAMA, KUNTO DARUSSALAM, ROKAN HULU, RIAU",33,49,130,179
https://kawalpemilu.org#15149,"KOTA LAMA, KUNTO DARUSSALAM, ROKAN HULU, RIAU",34,45,197,242
https://kawalpemilu.org#15149,"KOTA LAMA, KUNTO DARUSSALAM, ROKAN HULU, RIAU",35,140,48,188
https://kawalpemilu.org#15149,"KOTA LAMA, KUNTO DARUSSALAM, ROKAN HULU, RIAU",36,37,105,142
https://kawalpemilu.org#15149,"KOTA LAMA, KUNTO DARUSSALAM, ROKAN HULU, RIAU",37,113,104,217
https://kawalpemilu.org#15149,"KOTA LAMA, KUNTO DARUSSALAM, ROKAN HULU, RIAU",38,84,81,165
https://kawalpemilu.org#15149,"KOTA LAMA, KUNTO DARUSSALAM, ROKAN HULU, RIAU",39,103,84,187
https://kawalpemilu.org#15149,"KOTA LAMA, KUNTO DARUSSALAM, ROKAN HULU, RIAU",40,45,50,95
https://kawalpemilu.org#15149,"KOTA LAMA, KUNTO DARUSSALAM, ROKAN HULU, RIAU",41,154,13,167
https://kawalpemilu.org#15149,"KOTA LAMA, KUNTO DARUSSALAM, ROKAN HULU, RIAU",42,143,17,160
https://kawalpemilu.org#15149,"KOTA LAMA, KUNTO DARUSSALAM, ROKAN HULU, RIAU",43,122,73,195
https://kawalpemilu.org#15149,"KOTA LAMA, KUNTO DARUSSALAM, ROKAN HULU, RIAU",44,52,22,74
https://kawalpemilu.org#15149,"KOTA LAMA, KUNTO DARUSSALAM, ROKAN HULU, RIAU",45,66,194,260
https://kawalpemilu.org#15150,"KOTA INTAN, KUNTO DARUSSALAM, ROKAN HULU, RIAU",1,54,171,225
https://kawalpemilu.org#15150,"KOTA INTAN, KUNTO DARUSSALAM, ROKAN HULU, RIAU",2,21,208,229
https://kawalpemilu.org#15150,"KOTA INTAN, KUNTO DARUSSALAM, ROKAN HULU, RIAU",3,51,159,210
https://kawalpemilu.org#15150,"KOTA INTAN, KUNTO DARUSSALAM, ROKAN HULU, RIAU",4,70,205,275
https://kawalpemilu.org#15150,"KOTA INTAN, KUNTO DARUSSALAM, ROKAN HULU, RIAU",5,18,221,239
https://kawalpemilu.org#15150,"KOTA INTAN, KUNTO DARUSSALAM, ROKAN HULU, RIAU",6,88,163,251
https://kawalpemilu.org#15150,"KOTA INTAN, KUNTO DARUSSALAM, ROKAN HULU, RIAU",7,49,164,213
https://kawalpemilu.org#15150,"KOTA INTAN, KUNTO DARUSSALAM, ROKAN HULU, RIAU",8,78,158,236
https://kawalpemilu.org#15151,"MUARA DILAM, KUNTO DARUSSALAM, ROKAN HULU, RIAU",1,31,186,217
https://kawalpemilu.org#15151,"MUARA DILAM, KUNTO DARUSSALAM, ROKAN HULU, RIAU",2,29,167,195
https://kawalpemilu.org#15151,"MUARA DILAM, KUNTO DARUSSALAM, ROKAN HULU, RIAU",3,86,77,163
https://kawalpemilu.org#15151,"MUARA DILAM, KUNTO DARUSSALAM, ROKAN HULU, RIAU",4,162,35,197
https://kawalpemilu.org#15151,"MUARA DILAM, KUNTO DARUSSALAM, ROKAN HULU, RIAU",5,113,22,135
https://kawalpemilu.org#15151,"MUARA DILAM, KUNTO DARUSSALAM, ROKAN HULU, RIAU",6,166,90,256
https://kawalpemilu.org#15151,"MUARA DILAM, KUNTO DARUSSALAM, ROKAN HULU, RIAU",7,214,28,242
https://kawalpemilu.org#15151,"MUARA DILAM, KUNTO DARUSSALAM, ROKAN HULU, RIAU",8,134,105,239
https://kawalpemilu.org#15151,"MUARA DILAM, KUNTO DARUSSALAM, ROKAN HULU, RIAU",9,45,180,225
https://kawalpemilu.org#15151,"MUARA DILAM, KUNTO DARUSSALAM, ROKAN HULU, RIAU",10,64,150,214
https://kawalpemilu.org#15151,"MUARA DILAM, KUNTO DARUSSALAM, ROKAN HULU, RIAU",11,58,63,121
https://kawalpemilu.org#15152,"KOTA RAYA, KUNTO DARUSSALAM, ROKAN HULU, RIAU",1,164,62,226
https://kawalpemilu.org#15152,"KOTA RAYA, KUNTO DARUSSALAM, ROKAN HULU, RIAU",2,157,49,206
https://kawalpemilu.org#15152,"KOTA RAYA, KUNTO DARUSSALAM, ROKAN HULU, RIAU",3,107,58,165
https://kawalpemilu.org#15152,"KOTA RAYA, KUNTO DARUSSALAM, ROKAN HULU, RIAU",4,150,46,196
https://kawalpemilu.org#15152,"KOTA RAYA, KUNTO DARUSSALAM, ROKAN HULU, RIAU",5,132,61,193
https://kawalpemilu.org#15152,"KOTA RAYA, KUNTO DARUSSALAM, ROKAN HULU, RIAU",6,163,73,236
https://kawalpemilu.org#15152,"KOTA RAYA, KUNTO DARUSSALAM, ROKAN HULU, RIAU",7,142,46,188
https://kawalpemilu.org#15152,"KOTA RAYA, KUNTO DARUSSALAM, ROKAN HULU, RIAU",8,142,53,195
https://kawalpemilu.org#15152,"KOTA RAYA, KUNTO DARUSSALAM, ROKAN HULU, RIAU",9,154,40,194
https://kawalpemilu.org#15152,"KOTA RAYA, KUNTO DARUSSALAM, ROKAN HULU, RIAU",10,135,63,198
https://kawalpemilu.org#15153,"KOTA BARU, KUNTO DARUSSALAM, ROKAN HULU, RIAU",1,150,86,236
https://kawalpemilu.org#15153,"KOTA BARU, KUNTO DARUSSALAM, ROKAN HULU, RIAU",2,172,72,244
https://kawalpemilu.org#15153,"KOTA BARU, KUNTO DARUSSALAM, ROKAN HULU, RIAU",3,143,96,239
https://kawalpemilu.org#15153,"KOTA BARU, KUNTO DARUSSALAM, ROKAN HULU, RIAU",4,133,54,187
https://kawalpemilu.org#15153,"KOTA BARU, KUNTO DARUSSALAM, ROKAN HULU, RIAU",5,237,34,271
https://kawalpemilu.org#15153,"KOTA BARU, KUNTO DARUSSALAM, ROKAN HULU, RIAU",6,162,117,279
https://kawalpemilu.org#15153,"KOTA BARU, KUNTO DARUSSALAM, ROKAN HULU, RIAU",7,152,88,240
https://kawalpemilu.org#15153,"KOTA BARU, KUNTO DARUSSALAM, ROKAN HULU, RIAU",8,141,74,215
https://kawalpemilu.org#15153,"KOTA BARU, KUNTO DARUSSALAM, ROKAN HULU, RIAU",9,75,119,194
https://kawalpemilu.org#15153,"KOTA BARU, KUNTO DARUSSALAM, ROKAN HULU, RIAU",10,143,91,234
https://kawalpemilu.org#15154,"SUNGAI KUTI, KUNTO DARUSSALAM, ROKAN HULU, RIAU",1,132,26,158
https://kawalpemilu.org#15154,"SUNGAI KUTI, KUNTO DARUSSALAM, ROKAN HULU, RIAU",2,128,50,178
https://kawalpemilu.org#15154,"SUNGAI KUTI, KUNTO DARUSSALAM, ROKAN HULU, RIAU",3,144,46,190
https://kawalpemilu.org#15154,"SUNGAI KUTI, KUNTO DARUSSALAM, ROKAN HULU, RIAU",4,148,46,194
https://kawalpemilu.org#15154,"SUNGAI KUTI, KUNTO DARUSSALAM, ROKAN HULU, RIAU",5,142,25,167
https://kawalpemilu.org#15154,"SUNGAI KUTI, KUNTO DARUSSALAM, ROKAN HULU, RIAU",6,123,71,194
https://kawalpemilu.org#15155,"PASIR INDAH, KUNTO DARUSSALAM, ROKAN HULU, RIAU",1,131,75,206
https://kawalpemilu.org#15155,"PASIR INDAH, KUNTO DARUSSALAM, ROKAN HULU, RIAU",2,136,32,168
https://kawalpemilu.org#15155,"PASIR INDAH, KUNTO DARUSSALAM, ROKAN HULU, RIAU",3,138,53,191
https://kawalpemilu.org#15155,"PASIR INDAH, KUNTO DARUSSALAM, ROKAN HULU, RIAU",4,136,57,193
https://kawalpemilu.org#15156,"PASIR LUHUR, KUNTO DARUSSALAM, ROKAN HULU, RIAU",1,133,55,188
https://kawalpemilu.org#15156,"PASIR LUHUR, KUNTO DARUSSALAM, ROKAN HULU, RIAU",2,138,47,185
https://kawalpemilu.org#15156,"PASIR LUHUR, KUNTO DARUSSALAM, ROKAN HULU, RIAU",3,113,53,166
https://kawalpemilu.org#15156,"PASIR LUHUR, KUNTO DARUSSALAM, ROKAN HULU, RIAU",4,142,40,182
https://kawalpemilu.org#15156,"PASIR LUHUR, KUNTO DARUSSALAM, ROKAN HULU, RIAU",5,144,68,212
https://kawalpemilu.org#15156,"PASIR LUHUR, KUNTO DARUSSALAM, ROKAN HULU, RIAU",6,103,23,126
https://kawalpemilu.org#15158,"BUKIT INTAN MAKMUR, KUNTO DARUSSALAM, ROKAN HULU, RIAU",1,136,71,207
https://kawalpemilu.org#15158,"BUKIT INTAN MAKMUR, KUNTO DARUSSALAM, ROKAN HULU, RIAU",2,113,89,202
https://kawalpemilu.org#15158,"BUKIT INTAN MAKMUR, KUNTO DARUSSALAM, ROKAN HULU, RIAU",3,128,91,219
https://kawalpemilu.org#15158,"BUKIT INTAN MAKMUR, KUNTO DARUSSALAM, ROKAN HULU, RIAU",4,76,65,141
https://kawalpemilu.org#15158,"BUKIT INTAN MAKMUR, KUNTO DARUSSALAM, ROKAN HULU, RIAU",5,96,49,145
https://kawalpemilu.org#15158,"BUKIT INTAN MAKMUR, KUNTO DARUSSALAM, ROKAN HULU, RIAU",6,85,44,129
https://kawalpemilu.org#15159,"BAGAN TUJUH, KUNTO DARUSSALAM, ROKAN HULU, RIAU",1,166,13,179
https://kawalpemilu.org#15159,"BAGAN TUJUH, KUNTO DARUSSALAM, ROKAN HULU, RIAU",2,149,68,217
https://kawalpemilu.org#15159,"BAGAN TUJUH, KUNTO DARUSSALAM, ROKAN HULU, RIAU",3,90,32,122
https://kawalpemilu.org#15159,"BAGAN TUJUH, KUNTO DARUSSALAM, ROKAN HULU, RIAU",4,118,83,201
https://kawalpemilu.org#15159,"BAGAN TUJUH, KUNTO DARUSSALAM, ROKAN HULU, RIAU",5,99,64,163
https://kawalpemilu.org#15163,"RAMBAH SAMO, RAMBAH SAMO, ROKAN HULU, RIAU",1,54,187,241
https://kawalpemilu.org#15163,"RAMBAH SAMO, RAMBAH SAMO, ROKAN HULU, RIAU",2,37,164,201
https://kawalpemilu.org#15163,"RAMBAH SAMO, RAMBAH SAMO, ROKAN HULU, RIAU",3,10,147,157
https://kawalpemilu.org#15163,"RAMBAH SAMO, RAMBAH SAMO, ROKAN HULU, RIAU",4,14,162,176
https://kawalpemilu.org#15163,"RAMBAH SAMO, RAMBAH SAMO, ROKAN HULU, RIAU",5,0,0,169
https://kawalpemilu.org#15163,"RAMBAH SAMO, RAMBAH SAMO, ROKAN HULU, RIAU",6,18,188,206
https://kawalpemilu.org#15163,"RAMBAH SAMO, RAMBAH SAMO, ROKAN HULU, RIAU",7,11,158,169
https://kawalpemilu.org#15163,"RAMBAH SAMO, RAMBAH SAMO, ROKAN HULU, RIAU",8,16,150,166
https://kawalpemilu.org#15164,"RAMBAH SAMO BARAT, RAMBAH SAMO, ROKAN HULU, RIAU",1,16,172,188
https://kawalpemilu.org#15164,"RAMBAH SAMO BARAT, RAMBAH SAMO, ROKAN HULU, RIAU",2,8,125,133
https://kawalpemilu.org#15164,"RAMBAH SAMO BARAT, RAMBAH SAMO, ROKAN HULU, RIAU",3,4,158,162
https://kawalpemilu.org#15164,"RAMBAH SAMO BARAT, RAMBAH SAMO, ROKAN HULU, RIAU",4,13,209,222
https://kawalpemilu.org#15164,"RAMBAH SAMO BARAT, RAMBAH SAMO, ROKAN HULU, RIAU",5,46,217,263
https://kawalpemilu.org#15164,"RAMBAH SAMO BARAT, RAMBAH SAMO, ROKAN HULU, RIAU",6,20,212,232
https://kawalpemilu.org#15164,"RAMBAH SAMO BARAT, RAMBAH SAMO, ROKAN HULU, RIAU",7,19,207,226
https://kawalpemilu.org#15164,"RAMBAH SAMO BARAT, RAMBAH SAMO, ROKAN HULU, RIAU",8,11,173,184
https://kawalpemilu.org#15164,"RAMBAH SAMO BARAT, RAMBAH SAMO, ROKAN HULU, RIAU",9,5,141,146
https://kawalpemilu.org#15164,"RAMBAH SAMO BARAT, RAMBAH SAMO, ROKAN HULU, RIAU",10,6,148,154
https://kawalpemilu.org#15164,"RAMBAH SAMO BARAT, RAMBAH SAMO, ROKAN HULU, RIAU",11,26,201,227
https://kawalpemilu.org#15165,"RAMBAH BARU, RAMBAH SAMO, ROKAN HULU, RIAU",1,57,169,226
https://kawalpemilu.org#15165,"RAMBAH BARU, RAMBAH SAMO, ROKAN HULU, RIAU",2,111,111,222
https://kawalpemilu.org#15165,"RAMBAH BARU, RAMBAH SAMO, ROKAN HULU, RIAU",3,86,149,235
https://kawalpemilu.org#15165,"RAMBAH BARU, RAMBAH SAMO, ROKAN HULU, RIAU",4,26,180,206
https://kawalpemilu.org#15165,"RAMBAH BARU, RAMBAH SAMO, ROKAN HULU, RIAU",5,61,133,194
https://kawalpemilu.org#15165,"RAMBAH BARU, RAMBAH SAMO, ROKAN HULU, RIAU",6,67,144,211
https://kawalpemilu.org#15165,"RAMBAH BARU, RAMBAH SAMO, ROKAN HULU, RIAU",7,58,162,220
https://kawalpemilu.org#15165,"RAMBAH BARU, RAMBAH SAMO, ROKAN HULU, RIAU",8,21,172,193
https://kawalpemilu.org#15166,"RAMBAH UTAMA, RAMBAH SAMO, ROKAN HULU, RIAU",1,44,182,226
https://kawalpemilu.org#15166,"RAMBAH UTAMA, RAMBAH SAMO, ROKAN HULU, RIAU",2,65,174,239
https://kawalpemilu.org#15166,"RAMBAH UTAMA, RAMBAH SAMO, ROKAN HULU, RIAU",3,81,144,225
https://kawalpemilu.org#15166,"RAMBAH UTAMA, RAMBAH SAMO, ROKAN HULU, RIAU",4,81,136,217
https://kawalpemilu.org#15166,"RAMBAH UTAMA, RAMBAH SAMO, ROKAN HULU, RIAU",5,39,197,236
https://kawalpemilu.org#15166,"RAMBAH UTAMA, RAMBAH SAMO, ROKAN HULU, RIAU",6,83,146,229
https://kawalpemilu.org#15166,"RAMBAH UTAMA, RAMBAH SAMO, ROKAN HULU, RIAU",7,42,96,138
https://kawalpemilu.org#15166,"RAMBAH UTAMA, RAMBAH SAMO, ROKAN HULU, RIAU",8,89,141,230
https://kawalpemilu.org#15166,"RAMBAH UTAMA, RAMBAH SAMO, ROKAN HULU, RIAU",9,63,38,101
https://kawalpemilu.org#15166,"RAMBAH UTAMA, RAMBAH SAMO, ROKAN HULU, RIAU",10,71,106,177
https://kawalpemilu.org#15166,"RAMBAH UTAMA, RAMBAH SAMO, ROKAN HULU, RIAU",11,21,127,148
https://kawalpemilu.org#15167,"PASIR MAKMUR, RAMBAH SAMO, ROKAN HULU, RIAU",1,91,135,226
https://kawalpemilu.org#15167,"PASIR MAKMUR, RAMBAH SAMO, ROKAN HULU, RIAU",2,85,148,233
https://kawalpemilu.org#15167,"PASIR MAKMUR, RAMBAH SAMO, ROKAN HULU, RIAU",3,92,135,227
https://kawalpemilu.org#15167,"PASIR MAKMUR, RAMBAH SAMO, ROKAN HULU, RIAU",4,51,76,127
https://kawalpemilu.org#15168,"KARYA MULYA, RAMBAH SAMO, ROKAN HULU, RIAU",1,38,157,195
https://kawalpemilu.org#15168,"KARYA MULYA, RAMBAH SAMO, ROKAN HULU, RIAU",2,120,93,213
https://kawalpemilu.org#15168,"KARYA MULYA, RAMBAH SAMO, ROKAN HULU, RIAU",3,74,146,220
https://kawalpemilu.org#15168,"KARYA MULYA, RAMBAH SAMO, ROKAN HULU, RIAU",4,49,180,229
https://kawalpemilu.org#15168,"KARYA MULYA, RAMBAH SAMO, ROKAN HULU, RIAU",5,105,76,181
https://kawalpemilu.org#15168,"KARYA MULYA, RAMBAH SAMO, ROKAN HULU, RIAU",6,72,121,193
https://kawalpemilu.org#15168,"KARYA MULYA, RAMBAH SAMO, ROKAN HULU, RIAU",7,34,159,193
https://kawalpemilu.org#15168,"KARYA MULYA, RAMBAH SAMO, ROKAN HULU, RIAU",8,82,150,232
https://kawalpemilu.org#15169,"MARGA MULYA, RAMBAH SAMO, ROKAN HULU, RIAU",1,106,119,225
https://kawalpemilu.org#15169,"MARGA MULYA, RAMBAH SAMO, ROKAN HULU, RIAU",2,112,105,217
https://kawalpemilu.org#15169,"MARGA MULYA, RAMBAH SAMO, ROKAN HULU, RIAU",3,104,89,193
https://kawalpemilu.org#15169,"MARGA MULYA, RAMBAH SAMO, ROKAN HULU, RIAU",4,67,88,155
https://kawalpemilu.org#15169,"MARGA MULYA, RAMBAH SAMO, ROKAN HULU, RIAU",5,142,80,222
https://kawalpemilu.org#15169,"MARGA MULYA, RAMBAH SAMO, ROKAN HULU, RIAU",6,101,96,197
https://kawalpemilu.org#15169,"MARGA MULYA, RAMBAH SAMO, ROKAN HULU, RIAU",7,144,58,202
https://kawalpemilu.org#15169,"MARGA MULYA, RAMBAH SAMO, ROKAN HULU, RIAU",8,81,49,130
https://kawalpemilu.org#15170,"LANGKITIN, RAMBAH SAMO, ROKAN HULU, RIAU",1,19,222,241
https://kawalpemilu.org#15170,"LANGKITIN, RAMBAH SAMO, ROKAN HULU, RIAU",2,17,241,258
https://kawalpemilu.org#15170,"LANGKITIN, RAMBAH SAMO, ROKAN HULU, RIAU",3,27,193,220
https://kawalpemilu.org#15170,"LANGKITIN, RAMBAH SAMO, ROKAN HULU, RIAU",4,44,200,244
https://kawalpemilu.org#15170,"LANGKITIN, RAMBAH SAMO, ROKAN HULU, RIAU",5,15,99,114
https://kawalpemilu.org#15171,"MASDA MAKMUR, RAMBAH SAMO, ROKAN HULU, RIAU",1,68,155,223
https://kawalpemilu.org#15171,"MASDA MAKMUR, RAMBAH SAMO, ROKAN HULU, RIAU",2,78,148,226
https://kawalpemilu.org#15171,"MASDA MAKMUR, RAMBAH SAMO, ROKAN HULU, RIAU",3,62,164,226
https://kawalpemilu.org#15172,"LUBUK NAPAL, RAMBAH SAMO, ROKAN HULU, RIAU",1,17,192,209
https://kawalpemilu.org#15172,"LUBUK NAPAL, RAMBAH SAMO, ROKAN HULU, RIAU",2,8,198,206
https://kawalpemilu.org#15172,"LUBUK NAPAL, RAMBAH SAMO, ROKAN HULU, RIAU",3,5,89,94
https://kawalpemilu.org#15172,"LUBUK NAPAL, RAMBAH SAMO, ROKAN HULU, RIAU",4,15,203,218
https://kawalpemilu.org#15173,"TELUK AUR, RAMBAH SAMO, ROKAN HULU, RIAU",1,57,162,219
https://kawalpemilu.org#15173,"TELUK AUR, RAMBAH SAMO, ROKAN HULU, RIAU",2,48,165,213
https://kawalpemilu.org#15173,"TELUK AUR, RAMBAH SAMO, ROKAN HULU, RIAU",3,91,100,191
https://kawalpemilu.org#15173,"TELUK AUR, RAMBAH SAMO, ROKAN HULU, RIAU",4,58,154,212
https://kawalpemilu.org#15173,"TELUK AUR, RAMBAH SAMO, ROKAN HULU, RIAU",5,117,40,157
https://kawalpemilu.org#15173,"TELUK AUR, RAMBAH SAMO, ROKAN HULU, RIAU",6,76,52,128
https://kawalpemilu.org#15173,"TELUK AUR, RAMBAH SAMO, ROKAN HULU, RIAU",7,105,13,118
https://kawalpemilu.org#15174,"SEI SALAK, RAMBAH SAMO, ROKAN HULU, RIAU",1,37,219,256
https://kawalpemilu.org#15174,"SEI SALAK, RAMBAH SAMO, ROKAN HULU, RIAU",2,14,150,164
https://kawalpemilu.org#15175,"SEI KUNING, RAMBAH SAMO, ROKAN HULU, RIAU",1,149,24,173
https://kawalpemilu.org#15175,"SEI KUNING, RAMBAH SAMO, ROKAN HULU, RIAU",2,65,174,239
https://kawalpemilu.org#15175,"SEI KUNING, RAMBAH SAMO, ROKAN HULU, RIAU",3,152,74,226
https://kawalpemilu.org#15175,"SEI KUNING, RAMBAH SAMO, ROKAN HULU, RIAU",4,146,52,198
https://kawalpemilu.org#15175,"SEI KUNING, RAMBAH SAMO, ROKAN HULU, RIAU",5,143,32,175
https://kawalpemilu.org#15175,"SEI KUNING, RAMBAH SAMO, ROKAN HULU, RIAU",6,60,163,223
https://kawalpemilu.org#15175,"SEI KUNING, RAMBAH SAMO, ROKAN HULU, RIAU",7,74,79,153
https://kawalpemilu.org#15175,"SEI KUNING, RAMBAH SAMO, ROKAN HULU, RIAU",8,135,32,167
https://kawalpemilu.org#15176,"LUBUK BILANG, RAMBAH SAMO, ROKAN HULU, RIAU",1,31,149,180
https://kawalpemilu.org#15176,"LUBUK BILANG, RAMBAH SAMO, ROKAN HULU, RIAU",3,60,17,77
https://kawalpemilu.org#15176,"LUBUK BILANG, RAMBAH SAMO, ROKAN HULU, RIAU",4,47,150,197
https://kawalpemilu.org#15178,"RAMBAH HILIR, RAMBAH HILIR, ROKAN HULU, RIAU",1,9,130,139
https://kawalpemilu.org#15178,"RAMBAH HILIR, RAMBAH HILIR, ROKAN HULU, RIAU",2,6,142,148
https://kawalpemilu.org#15178,"RAMBAH HILIR, RAMBAH HILIR, ROKAN HULU, RIAU",3,12,133,145
https://kawalpemilu.org#15178,"RAMBAH HILIR, RAMBAH HILIR, ROKAN HULU, RIAU",4,8,175,183
https://kawalpemilu.org#15178,"RAMBAH HILIR, RAMBAH HILIR, ROKAN HULU, RIAU",5,12,129,141
https://kawalpemilu.org#15178,"RAMBAH HILIR, RAMBAH HILIR, ROKAN HULU, RIAU",6,5,134,139
https://kawalpemilu.org#15178,"RAMBAH HILIR, RAMBAH HILIR, ROKAN HULU, RIAU",7,11,134,145
https://kawalpemilu.org#15178,"RAMBAH HILIR, RAMBAH HILIR, ROKAN HULU, RIAU",8,8,123,131
https://kawalpemilu.org#15178,"RAMBAH HILIR, RAMBAH HILIR, ROKAN HULU, RIAU",9,6,127,133
https://kawalpemilu.org#15178,"RAMBAH HILIR, RAMBAH HILIR, ROKAN HULU, RIAU",10,5,178,183
https://kawalpemilu.org#15178,"RAMBAH HILIR, RAMBAH HILIR, ROKAN HULU, RIAU",11,7,145,152
https://kawalpemilu.org#15178,"RAMBAH HILIR, RAMBAH HILIR, ROKAN HULU, RIAU",12,3,149,152
https://kawalpemilu.org#15179,"RAMBAH HILIR TENGAH, RAMBAH HILIR, ROKAN HULU, RIAU",1,24,170,194
https://kawalpemilu.org#15179,"RAMBAH HILIR TENGAH, RAMBAH HILIR, ROKAN HULU, RIAU",2,17,147,164
https://kawalpemilu.org#15179,"RAMBAH HILIR TENGAH, RAMBAH HILIR, ROKAN HULU, RIAU",3,7,103,110
https://kawalpemilu.org#15179,"RAMBAH HILIR TENGAH, RAMBAH HILIR, ROKAN HULU, RIAU",4,9,142,151
https://kawalpemilu.org#15179,"RAMBAH HILIR TENGAH, RAMBAH HILIR, ROKAN HULU, RIAU",5,11,208,219
https://kawalpemilu.org#15179,"RAMBAH HILIR TENGAH, RAMBAH HILIR, ROKAN HULU, RIAU",6,5,160,165
https://kawalpemilu.org#15179,"RAMBAH HILIR TENGAH, RAMBAH HILIR, ROKAN HULU, RIAU",7,11,122,133
https://kawalpemilu.org#15179,"RAMBAH HILIR TENGAH, RAMBAH HILIR, ROKAN HULU, RIAU",8,12,97,109
https://kawalpemilu.org#15179,"RAMBAH HILIR TENGAH, RAMBAH HILIR, ROKAN HULU, RIAU",9,10,157,167
https://kawalpemilu.org#15180,"RAMBAH HILIR TIMUR, RAMBAH HILIR, ROKAN HULU, RIAU",1,9,185,194
https://kawalpemilu.org#15180,"RAMBAH HILIR TIMUR, RAMBAH HILIR, ROKAN HULU, RIAU",2,17,239,256
https://kawalpemilu.org#15180,"RAMBAH HILIR TIMUR, RAMBAH HILIR, ROKAN HULU, RIAU",3,18,171,189
https://kawalpemilu.org#15180,"RAMBAH HILIR TIMUR, RAMBAH HILIR, ROKAN HULU, RIAU",4,9,222,231
https://kawalpemilu.org#15180,"RAMBAH HILIR TIMUR, RAMBAH HILIR, ROKAN HULU, RIAU",5,10,145,155
https://kawalpemilu.org#15180,"RAMBAH HILIR TIMUR, RAMBAH HILIR, ROKAN HULU, RIAU",6,13,139,152
https://kawalpemilu.org#15181,"PASIR UTAMA, RAMBAH HILIR, ROKAN HULU, RIAU",1,134,97,231
https://kawalpemilu.org#15181,"PASIR UTAMA, RAMBAH HILIR, ROKAN HULU, RIAU",2,135,102,237
https://kawalpemilu.org#15181,"PASIR UTAMA, RAMBAH HILIR, ROKAN HULU, RIAU",3,148,103,251
https://kawalpemilu.org#15181,"PASIR UTAMA, RAMBAH HILIR, ROKAN HULU, RIAU",4,121,104,225
https://kawalpemilu.org#15181,"PASIR UTAMA, RAMBAH HILIR, ROKAN HULU, RIAU",5,46,131,177
https://kawalpemilu.org#15181,"PASIR UTAMA, RAMBAH HILIR, ROKAN HULU, RIAU",6,82,80,162
https://kawalpemilu.org#15181,"PASIR UTAMA, RAMBAH HILIR, ROKAN HULU, RIAU",8,120,96,216
https://kawalpemilu.org#15181,"PASIR UTAMA, RAMBAH HILIR, ROKAN HULU, RIAU",10,106,86,192
https://kawalpemilu.org#15181,"PASIR UTAMA, RAMBAH HILIR, ROKAN HULU, RIAU",11,88,92,180
https://kawalpemilu.org#15181,"PASIR UTAMA, RAMBAH HILIR, ROKAN HULU, RIAU",12,102,78,180
https://kawalpemilu.org#15181,"PASIR UTAMA, RAMBAH HILIR, ROKAN HULU, RIAU",13,93,47,140
https://kawalpemilu.org#15181,"PASIR UTAMA, RAMBAH HILIR, ROKAN HULU, RIAU",14,90,100,190
https://kawalpemilu.org#15182,"PASIR JAYA, RAMBAH HILIR, ROKAN HULU, RIAU",1,96,48,144
https://kawalpemilu.org#15182,"PASIR JAYA, RAMBAH HILIR, ROKAN HULU, RIAU",3,57,105,162
https://kawalpemilu.org#15182,"PASIR JAYA, RAMBAH HILIR, ROKAN HULU, RIAU",4,82,60,142
https://kawalpemilu.org#15182,"PASIR JAYA, RAMBAH HILIR, ROKAN HULU, RIAU",6,103,44,147
https://kawalpemilu.org#15182,"PASIR JAYA, RAMBAH HILIR, ROKAN HULU, RIAU",7,137,21,158
https://kawalpemilu.org#15182,"PASIR JAYA, RAMBAH HILIR, ROKAN HULU, RIAU",8,136,16,152
https://kawalpemilu.org#15182,"PASIR JAYA, RAMBAH HILIR, ROKAN HULU, RIAU",9,91,44,135
https://kawalpemilu.org#15182,"PASIR JAYA, RAMBAH HILIR, ROKAN HULU, RIAU",10,99,52,151
https://kawalpemilu.org#15182,"PASIR JAYA, RAMBAH HILIR, ROKAN HULU, RIAU",11,64,53,117
https://kawalpemilu.org#15182,"PASIR JAYA, RAMBAH HILIR, ROKAN HULU, RIAU",12,131,15,146
https://kawalpemilu.org#15183,"RAMBAH MUDA, RAMBAH HILIR, ROKAN HULU, RIAU",1,95,109,204
https://kawalpemilu.org#15183,"RAMBAH MUDA, RAMBAH HILIR, ROKAN HULU, RIAU",2,131,105,236
https://kawalpemilu.org#15183,"RAMBAH MUDA, RAMBAH HILIR, ROKAN HULU, RIAU",3,101,68,169
https://kawalpemilu.org#15183,"RAMBAH MUDA, RAMBAH HILIR, ROKAN HULU, RIAU",4,165,66,231
https://kawalpemilu.org#15183,"RAMBAH MUDA, RAMBAH HILIR, ROKAN HULU, RIAU",5,105,113,218
https://kawalpemilu.org#15183,"RAMBAH MUDA, RAMBAH HILIR, ROKAN HULU, RIAU",6,89,118,207
https://kawalpemilu.org#15183,"RAMBAH MUDA, RAMBAH HILIR, ROKAN HULU, RIAU",7,99,88,187
https://kawalpemilu.org#15183,"RAMBAH MUDA, RAMBAH HILIR, ROKAN HULU, RIAU",8,87,61,148
https://kawalpemilu.org#15183,"RAMBAH MUDA, RAMBAH HILIR, ROKAN HULU, RIAU",9,79,60,139
https://kawalpemilu.org#15183,"RAMBAH MUDA, RAMBAH HILIR, ROKAN HULU, RIAU",10,112,79,191
https://kawalpemilu.org#15183,"RAMBAH MUDA, RAMBAH HILIR, ROKAN HULU, RIAU",11,124,66,190
https://kawalpemilu.org#15183,"RAMBAH MUDA, RAMBAH HILIR, ROKAN HULU, RIAU",12,120,89,209
https://kawalpemilu.org#15183,"RAMBAH MUDA, RAMBAH HILIR, ROKAN HULU, RIAU",13,76,71,147
https://kawalpemilu.org#15183,"RAMBAH MUDA, RAMBAH HILIR, ROKAN HULU, RIAU",14,121,51,172
https://kawalpemilu.org#15184,"SUNGAI SITOLANG, RAMBAH HILIR, ROKAN HULU, RIAU",1,96,129,225
https://kawalpemilu.org#15184,"SUNGAI SITOLANG, RAMBAH HILIR, ROKAN HULU, RIAU",2,69,139,208
https://kawalpemilu.org#15184,"SUNGAI SITOLANG, RAMBAH HILIR, ROKAN HULU, RIAU",3,82,165,247
https://kawalpemilu.org#15184,"SUNGAI SITOLANG, RAMBAH HILIR, ROKAN HULU, RIAU",4,59,145,204
https://kawalpemilu.org#15184,"SUNGAI SITOLANG, RAMBAH HILIR, ROKAN HULU, RIAU",5,61,157,218
https://kawalpemilu.org#15184,"SUNGAI SITOLANG, RAMBAH HILIR, ROKAN HULU, RIAU",6,48,121,169
https://kawalpemilu.org#15185,"LUBUK KRAPAT, RAMBAH HILIR, ROKAN HULU, RIAU",1,70,123,193
https://kawalpemilu.org#15185,"LUBUK KRAPAT, RAMBAH HILIR, ROKAN HULU, RIAU",2,45,124,169
https://kawalpemilu.org#15185,"LUBUK KRAPAT, RAMBAH HILIR, ROKAN HULU, RIAU",3,63,107,175
https://kawalpemilu.org#15185,"LUBUK KRAPAT, RAMBAH HILIR, ROKAN HULU, RIAU",4,30,112,142
https://kawalpemilu.org#15185,"LUBUK KRAPAT, RAMBAH HILIR, ROKAN HULU, RIAU",5,22,96,118
https://kawalpemilu.org#15185,"LUBUK KRAPAT, RAMBAH HILIR, ROKAN HULU, RIAU",6,34,127,161
https://kawalpemilu.org#15186,"RAMBAH, RAMBAH HILIR, ROKAN HULU, RIAU",1,12,158,170
https://kawalpemilu.org#15186,"RAMBAH, RAMBAH HILIR, ROKAN HULU, RIAU",2,46,191,237
https://kawalpemilu.org#15186,"RAMBAH, RAMBAH HILIR, ROKAN HULU, RIAU",3,98,123,220
https://kawalpemilu.org#15186,"RAMBAH, RAMBAH HILIR, ROKAN HULU, RIAU",4,46,129,175
https://kawalpemilu.org#15186,"RAMBAH, RAMBAH HILIR, ROKAN HULU, RIAU",5,21,221,242
https://kawalpemilu.org#15186,"RAMBAH, RAMBAH HILIR, ROKAN HULU, RIAU",6,5,171,176
https://kawalpemilu.org#15186,"RAMBAH, RAMBAH HILIR, ROKAN HULU, RIAU",7,14,128,142
https://kawalpemilu.org#15186,"RAMBAH, RAMBAH HILIR, ROKAN HULU, RIAU",8,85,84,169
https://kawalpemilu.org#15186,"RAMBAH, RAMBAH HILIR, ROKAN HULU, RIAU",9,76,84,160
https://kawalpemilu.org#15186,"RAMBAH, RAMBAH HILIR, ROKAN HULU, RIAU",10,25,127,152
https://kawalpemilu.org#15186,"RAMBAH, RAMBAH HILIR, ROKAN HULU, RIAU",11,74,75,149
https://kawalpemilu.org#15186,"RAMBAH, RAMBAH HILIR, ROKAN HULU, RIAU",12,47,181,228
https://kawalpemilu.org#15186,"RAMBAH, RAMBAH HILIR, ROKAN HULU, RIAU",13,52,90,142
https://kawalpemilu.org#15186,"RAMBAH, RAMBAH HILIR, ROKAN HULU, RIAU",14,6,94,100
https://kawalpemilu.org#15186,"RAMBAH, RAMBAH HILIR, ROKAN HULU, RIAU",15,26,178,204
https://kawalpemilu.org#15186,"RAMBAH, RAMBAH HILIR, ROKAN HULU, RIAU",16,45,176,221
https://kawalpemilu.org#15186,"RAMBAH, RAMBAH HILIR, ROKAN HULU, RIAU",17,91,14,105
https://kawalpemilu.org#15186,"RAMBAH, RAMBAH HILIR, ROKAN HULU, RIAU",18,4,110,114
https://kawalpemilu.org#15186,"RAMBAH, RAMBAH HILIR, ROKAN HULU, RIAU",19,90,41,131
https://kawalpemilu.org#15186,"RAMBAH, RAMBAH HILIR, ROKAN HULU, RIAU",20,175,9,184
https://kawalpemilu.org#15186,"RAMBAH, RAMBAH HILIR, ROKAN HULU, RIAU",21,29,49,78
https://kawalpemilu.org#15186,"RAMBAH, RAMBAH HILIR, ROKAN HULU, RIAU",22,30,113,143
https://kawalpemilu.org#15186,"RAMBAH, RAMBAH HILIR, ROKAN HULU, RIAU",23,25,106,131
https://kawalpemilu.org#15186,"RAMBAH, RAMBAH HILIR, ROKAN HULU, RIAU",24,88,36,124
https://kawalpemilu.org#15186,"RAMBAH, RAMBAH HILIR, ROKAN HULU, RIAU",25,13,139,152
https://kawalpemilu.org#15186,"RAMBAH, RAMBAH HILIR, ROKAN HULU, RIAU",26,110,101,211
https://kawalpemilu.org#15187,"SEROMBAU INDAH, RAMBAH HILIR, ROKAN HULU, RIAU",1,8,207,215
https://kawalpemilu.org#15187,"SEROMBAU INDAH, RAMBAH HILIR, ROKAN HULU, RIAU",2,3,169,172
https://kawalpemilu.org#15187,"SEROMBAU INDAH, RAMBAH HILIR, ROKAN HULU, RIAU",3,1,170,171
https://kawalpemilu.org#15187,"SEROMBAU INDAH, RAMBAH HILIR, ROKAN HULU, RIAU",4,25,190,215
https://kawalpemilu.org#15187,"SEROMBAU INDAH, RAMBAH HILIR, ROKAN HULU, RIAU",5,18,100,118
https://kawalpemilu.org#15187,"SEROMBAU INDAH, RAMBAH HILIR, ROKAN HULU, RIAU",6,42,119,161
https://kawalpemilu.org#15187,"SEROMBAU INDAH, RAMBAH HILIR, ROKAN HULU, RIAU",7,3,160,163
https://kawalpemilu.org#15188,"SUNGAI DUA INDAH, RAMBAH HILIR, ROKAN HULU, RIAU",1,6,186,192
https://kawalpemilu.org#15188,"SUNGAI DUA INDAH, RAMBAH HILIR, ROKAN HULU, RIAU",2,3,238,241
https://kawalpemilu.org#15188,"SUNGAI DUA INDAH, RAMBAH HILIR, ROKAN HULU, RIAU",3,1,37,38
https://kawalpemilu.org#15188,"SUNGAI DUA INDAH, RAMBAH HILIR, ROKAN HULU, RIAU",4,10,186,196
https://kawalpemilu.org#15189,"MUARA MUSU, RAMBAH HILIR, ROKAN HULU, RIAU",1,5,206,211
https://kawalpemilu.org#15189,"MUARA MUSU, RAMBAH HILIR, ROKAN HULU, RIAU",2,5,166,171
https://kawalpemilu.org#15189,"MUARA MUSU, RAMBAH HILIR, ROKAN HULU, RIAU",3,12,226,238
https://kawalpemilu.org#15189,"MUARA MUSU, RAMBAH HILIR, ROKAN HULU, RIAU",4,9,167,176
https://kawalpemilu.org#15189,"MUARA MUSU, RAMBAH HILIR, ROKAN HULU, RIAU",5,2,136,138
https://kawalpemilu.org#15189,"MUARA MUSU, RAMBAH HILIR, ROKAN HULU, RIAU",6,5,240,245
https://kawalpemilu.org#15189,"MUARA MUSU, RAMBAH HILIR, ROKAN HULU, RIAU",7,6,110,116
https://kawalpemilu.org#15189,"MUARA MUSU, RAMBAH HILIR, ROKAN HULU, RIAU",8,12,196,208
https://kawalpemilu.org#15189,"MUARA MUSU, RAMBAH HILIR, ROKAN HULU, RIAU",9,2,120,122
https://kawalpemilu.org#15190,"SEJATI, RAMBAH HILIR, ROKAN HULU, RIAU",1,10,219,229
https://kawalpemilu.org#15190,"SEJATI, RAMBAH HILIR, ROKAN HULU, RIAU",2,12,216,228
https://kawalpemilu.org#15190,"SEJATI, RAMBAH HILIR, ROKAN HULU, RIAU",4,2,159,161
https://kawalpemilu.org#15190,"SEJATI, RAMBAH HILIR, ROKAN HULU, RIAU",5,8,111,119
https://kawalpemilu.org#15192,"TAMBUSAI UTARA, TAMBUSAI UTARA, ROKAN HULU, RIAU",1,46,132,178
https://kawalpemilu.org#15192,"TAMBUSAI UTARA, TAMBUSAI UTARA, ROKAN HULU, RIAU",2,51,136,187
https://kawalpemilu.org#15192,"TAMBUSAI UTARA, TAMBUSAI UTARA, ROKAN HULU, RIAU",3,103,70,173
https://kawalpemilu.org#15192,"TAMBUSAI UTARA, TAMBUSAI UTARA, ROKAN HULU, RIAU",4,139,7,146
https://kawalpemilu.org#15192,"TAMBUSAI UTARA, TAMBUSAI UTARA, ROKAN HULU, RIAU",5,77,96,173
https://kawalpemilu.org#15192,"TAMBUSAI UTARA, TAMBUSAI UTARA, ROKAN HULU, RIAU",6,140,27,167
https://kawalpemilu.org#15192,"TAMBUSAI UTARA, TAMBUSAI UTARA, ROKAN HULU, RIAU",7,106,27,133
https://kawalpemilu.org#15192,"TAMBUSAI UTARA, TAMBUSAI UTARA, ROKAN HULU, RIAU",8,89,13,102
https://kawalpemilu.org#15192,"TAMBUSAI UTARA, TAMBUSAI UTARA, ROKAN HULU, RIAU",9,186,12,198
https://kawalpemilu.org#15192,"TAMBUSAI UTARA, TAMBUSAI UTARA, ROKAN HULU, RIAU",10,172,7,179
https://kawalpemilu.org#15192,"TAMBUSAI UTARA, TAMBUSAI UTARA, ROKAN HULU, RIAU",11,169,15,184
https://kawalpemilu.org#15192,"TAMBUSAI UTARA, TAMBUSAI UTARA, ROKAN HULU, RIAU",12,23,30,53
https://kawalpemilu.org#15192,"TAMBUSAI UTARA, TAMBUSAI UTARA, ROKAN HULU, RIAU",13,72,3,75
https://kawalpemilu.org#15192,"TAMBUSAI UTARA, TAMBUSAI UTARA, ROKAN HULU, RIAU",14,162,6,168
https://kawalpemilu.org#15192,"TAMBUSAI UTARA, TAMBUSAI UTARA, ROKAN HULU, RIAU",15,122,4,126
https://kawalpemilu.org#15192,"TAMBUSAI UTARA, TAMBUSAI UTARA, ROKAN HULU, RIAU",16,95,6,101
https://kawalpemilu.org#15192,"TAMBUSAI UTARA, TAMBUSAI UTARA, ROKAN HULU, RIAU",17,64,4,68
https://kawalpemilu.org#15192,"TAMBUSAI UTARA, TAMBUSAI UTARA, ROKAN HULU, RIAU",18,56,3,59
https://kawalpemilu.org#15192,"TAMBUSAI UTARA, TAMBUSAI UTARA, ROKAN HULU, RIAU",19,121,0,121
https://kawalpemilu.org#15192,"TAMBUSAI UTARA, TAMBUSAI UTARA, ROKAN HULU, RIAU",20,95,0,95
https://kawalpemilu.org#15192,"TAMBUSAI UTARA, TAMBUSAI UTARA, ROKAN HULU, RIAU",21,83,3,86
https://kawalpemilu.org#15192,"TAMBUSAI UTARA, TAMBUSAI UTARA, ROKAN HULU, RIAU",22,137,7,144
https://kawalpemilu.org#15192,"TAMBUSAI UTARA, TAMBUSAI UTARA, ROKAN HULU, RIAU",23,123,7,130
https://kawalpemilu.org#15192,"TAMBUSAI UTARA, TAMBUSAI UTARA, ROKAN HULU, RIAU",24,147,2,149
https://kawalpemilu.org#15192,"TAMBUSAI UTARA, TAMBUSAI UTARA, ROKAN HULU, RIAU",25,171,0,171
https://kawalpemilu.org#15192,"TAMBUSAI UTARA, TAMBUSAI UTARA, ROKAN HULU, RIAU",26,159,10,169
https://kawalpemilu.org#15192,"TAMBUSAI UTARA, TAMBUSAI UTARA, ROKAN HULU, RIAU",27,136,11,147
https://kawalpemilu.org#15192,"TAMBUSAI UTARA, TAMBUSAI UTARA, ROKAN HULU, RIAU",28,159,8,167
https://kawalpemilu.org#15192,"TAMBUSAI UTARA, TAMBUSAI UTARA, ROKAN HULU, RIAU",29,146,9,154
https://kawalpemilu.org#15192,"TAMBUSAI UTARA, TAMBUSAI UTARA, ROKAN HULU, RIAU",30,119,6,125
https://kawalpemilu.org#15192,"TAMBUSAI UTARA, TAMBUSAI UTARA, ROKAN HULU, RIAU",31,179,6,185
https://kawalpemilu.org#15192,"TAMBUSAI UTARA, TAMBUSAI UTARA, ROKAN HULU, RIAU",32,135,13,148
https://kawalpemilu.org#15192,"TAMBUSAI UTARA, TAMBUSAI UTARA, ROKAN HULU, RIAU",33,30,123,153
https://kawalpemilu.org#15192,"TAMBUSAI UTARA, TAMBUSAI UTARA, ROKAN HULU, RIAU",34,94,101,195
https://kawalpemilu.org#15192,"TAMBUSAI UTARA, TAMBUSAI UTARA, ROKAN HULU, RIAU",35,121,5,126
https://kawalpemilu.org#15192,"TAMBUSAI UTARA, TAMBUSAI UTARA, ROKAN HULU, RIAU",36,79,32,111
https://kawalpemilu.org#15192,"TAMBUSAI UTARA, TAMBUSAI UTARA, ROKAN HULU, RIAU",37,152,21,173
https://kawalpemilu.org#15192,"TAMBUSAI UTARA, TAMBUSAI UTARA, ROKAN HULU, RIAU",38,89,16,105
https://kawalpemilu.org#15192,"TAMBUSAI UTARA, TAMBUSAI UTARA, ROKAN HULU, RIAU",39,86,5,91
https://kawalpemilu.org#15192,"TAMBUSAI UTARA, TAMBUSAI UTARA, ROKAN HULU, RIAU",40,176,4,180
https://kawalpemilu.org#15192,"TAMBUSAI UTARA, TAMBUSAI UTARA, ROKAN HULU, RIAU",41,119,2,121
https://kawalpemilu.org#15192,"TAMBUSAI UTARA, TAMBUSAI UTARA, ROKAN HULU, RIAU",42,140,10,150
https://kawalpemilu.org#15192,"TAMBUSAI UTARA, TAMBUSAI UTARA, ROKAN HULU, RIAU",43,157,5,162
https://kawalpemilu.org#15192,"TAMBUSAI UTARA, TAMBUSAI UTARA, ROKAN HULU, RIAU",44,139,3,142
https://kawalpemilu.org#15193,"MAHATO, TAMBUSAI UTARA, ROKAN HULU, RIAU",1,36,221,257
https://kawalpemilu.org#15193,"MAHATO, TAMBUSAI UTARA, ROKAN HULU, RIAU",2,41,230,271
https://kawalpemilu.org#15193,"MAHATO, TAMBUSAI UTARA, ROKAN HULU, RIAU",3,117,56,173
https://kawalpemilu.org#15193,"MAHATO, TAMBUSAI UTARA, ROKAN HULU, RIAU",4,35,137,172
https://kawalpemilu.org#15193,"MAHATO, TAMBUSAI UTARA, ROKAN HULU, RIAU",6,139,64,203
https://kawalpemilu.org#15193,"MAHATO, TAMBUSAI UTARA, ROKAN HULU, RIAU",7,85,92,177
https://kawalpemilu.org#15193,"MAHATO, TAMBUSAI UTARA, ROKAN HULU, RIAU",8,59,155,214
https://kawalpemilu.org#15193,"MAHATO, TAMBUSAI UTARA, ROKAN HULU, RIAU",9,37,145,182
https://kawalpemilu.org#15193,"MAHATO, TAMBUSAI UTARA, ROKAN HULU, RIAU",10,44,56,100
https://kawalpemilu.org#15193,"MAHATO, TAMBUSAI UTARA, ROKAN HULU, RIAU",11,70,213,283
https://kawalpemilu.org#15193,"MAHATO, TAMBUSAI UTARA, ROKAN HULU, RIAU",12,111,101,212
https://kawalpemilu.org#15193,"MAHATO, TAMBUSAI UTARA, ROKAN HULU, RIAU",13,155,64,219
https://kawalpemilu.org#15193,"MAHATO, TAMBUSAI UTARA, ROKAN HULU, RIAU",14,113,34,147
https://kawalpemilu.org#15193,"MAHATO, TAMBUSAI UTARA, ROKAN HULU, RIAU",15,138,73,211
https://kawalpemilu.org#15193,"MAHATO, TAMBUSAI UTARA, ROKAN HULU, RIAU",16,97,24,121
https://kawalpemilu.org#15193,"MAHATO, TAMBUSAI UTARA, ROKAN HULU, RIAU",17,126,113,239
https://kawalpemilu.org#15193,"MAHATO, TAMBUSAI UTARA, ROKAN HULU, RIAU",18,92,104,196
https://kawalpemilu.org#15193,"MAHATO, TAMBUSAI UTARA, ROKAN HULU, RIAU",19,98,39,137
https://kawalpemilu.org#15193,"MAHATO, TAMBUSAI UTARA, ROKAN HULU, RIAU",20,105,22,127
https://kawalpemilu.org#15193,"MAHATO, TAMBUSAI UTARA, ROKAN HULU, RIAU",21,91,96,187
https://kawalpemilu.org#15193,"MAHATO, TAMBUSAI UTARA, ROKAN HULU, RIAU",22,204,52,256
https://kawalpemilu.org#15193,"MAHATO, TAMBUSAI UTARA, ROKAN HULU, RIAU",23,106,53,159
https://kawalpemilu.org#15193,"MAHATO, TAMBUSAI UTARA, ROKAN HULU, RIAU",24,102,87,189
https://kawalpemilu.org#15193,"MAHATO, TAMBUSAI UTARA, ROKAN HULU, RIAU",25,156,24,180
https://kawalpemilu.org#15193,"MAHATO, TAMBUSAI UTARA, ROKAN HULU, RIAU",26,214,33,247
https://kawalpemilu.org#15193,"MAHATO, TAMBUSAI UTARA, ROKAN HULU, RIAU",27,115,33,148
https://kawalpemilu.org#15193,"MAHATO, TAMBUSAI UTARA, ROKAN HULU, RIAU",28,75,78,153
https://kawalpemilu.org#15193,"MAHATO, TAMBUSAI UTARA, ROKAN HULU, RIAU",29,151,60,211
https://kawalpemilu.org#15193,"MAHATO, TAMBUSAI UTARA, ROKAN HULU, RIAU",30,158,41,199
https://kawalpemilu.org#15193,"MAHATO, TAMBUSAI UTARA, ROKAN HULU, RIAU",31,162,44,206
https://kawalpemilu.org#15193,"MAHATO, TAMBUSAI UTARA, ROKAN HULU, RIAU",32,133,45,178
https://kawalpemilu.org#15193,"MAHATO, TAMBUSAI UTARA, ROKAN HULU, RIAU",33,83,22,105
https://kawalpemilu.org#15193,"MAHATO, TAMBUSAI UTARA, ROKAN HULU, RIAU",34,168,38,206
https://kawalpemilu.org#15193,"MAHATO, TAMBUSAI UTARA, ROKAN HULU, RIAU",35,123,29,152
https://kawalpemilu.org#15193,"MAHATO, TAMBUSAI UTARA, ROKAN HULU, RIAU",36,99,44,143
https://kawalpemilu.org#15193,"MAHATO, TAMBUSAI UTARA, ROKAN HULU, RIAU",37,207,51,258
https://kawalpemilu.org#15193,"MAHATO, TAMBUSAI UTARA, ROKAN HULU, RIAU",38,160,21,181
https://kawalpemilu.org#15193,"MAHATO, TAMBUSAI UTARA, ROKAN HULU, RIAU",39,86,31,117
https://kawalpemilu.org#15193,"MAHATO, TAMBUSAI UTARA, ROKAN HULU, RIAU",40,44,72,116
https://kawalpemilu.org#15193,"MAHATO, TAMBUSAI UTARA, ROKAN HULU, RIAU",41,90,65,155
https://kawalpemilu.org#15193,"MAHATO, TAMBUSAI UTARA, ROKAN HULU, RIAU",42,39,197,236
https://kawalpemilu.org#15193,"MAHATO, TAMBUSAI UTARA, ROKAN HULU, RIAU",43,82,80,162
https://kawalpemilu.org#15193,"MAHATO, TAMBUSAI UTARA, ROKAN HULU, RIAU",44,43,117,160
https://kawalpemilu.org#15193,"MAHATO, TAMBUSAI UTARA, ROKAN HULU, RIAU",45,115,78,193
https://kawalpemilu.org#15193,"MAHATO, TAMBUSAI UTARA, ROKAN HULU, RIAU",46,76,121,197
https://kawalpemilu.org#15193,"MAHATO, TAMBUSAI UTARA, ROKAN HULU, RIAU",47,24,153,177
https://kawalpemilu.org#15193,"MAHATO, TAMBUSAI UTARA, ROKAN HULU, RIAU",48,69,147,216
https://kawalpemilu.org#15193,"MAHATO, TAMBUSAI UTARA, ROKAN HULU, RIAU",49,98,95,193
https://kawalpemilu.org#15193,"MAHATO, TAMBUSAI UTARA, ROKAN HULU, RIAU",50,105,42,147
https://kawalpemilu.org#15193,"MAHATO, TAMBUSAI UTARA, ROKAN HULU, RIAU",51,142,65,207
https://kawalpemilu.org#15193,"MAHATO, TAMBUSAI UTARA, ROKAN HULU, RIAU",52,129,58,187
https://kawalpemilu.org#15193,"MAHATO, TAMBUSAI UTARA, ROKAN HULU, RIAU",53,124,116,240
https://kawalpemilu.org#15193,"MAHATO, TAMBUSAI UTARA, ROKAN HULU, RIAU",54,107,118,225
https://kawalpemilu.org#15193,"MAHATO, TAMBUSAI UTARA, ROKAN HULU, RIAU",55,105,41,146
https://kawalpemilu.org#15193,"MAHATO, TAMBUSAI UTARA, ROKAN HULU, RIAU",56,99,39,138
https://kawalpemilu.org#15193,"MAHATO, TAMBUSAI UTARA, ROKAN HULU, RIAU",57,84,22,106
https://kawalpemilu.org#15193,"MAHATO, TAMBUSAI UTARA, ROKAN HULU, RIAU",58,69,93,162
https://kawalpemilu.org#15193,"MAHATO, TAMBUSAI UTARA, ROKAN HULU, RIAU",59,147,14,161
https://kawalpemilu.org#15193,"MAHATO, TAMBUSAI UTARA, ROKAN HULU, RIAU",60,84,31,115
https://kawalpemilu.org#15193,"MAHATO, TAMBUSAI UTARA, ROKAN HULU, RIAU",61,66,40,106
https://kawalpemilu.org#15193,"MAHATO, TAMBUSAI UTARA, ROKAN HULU, RIAU",62,180,31,211
https://kawalpemilu.org#15193,"MAHATO, TAMBUSAI UTARA, ROKAN HULU, RIAU",63,140,23,163
https://kawalpemilu.org#15193,"MAHATO, TAMBUSAI UTARA, ROKAN HULU, RIAU",64,83,27,110
https://kawalpemilu.org#15193,"MAHATO, TAMBUSAI UTARA, ROKAN HULU, RIAU",65,118,35,153
https://kawalpemilu.org#15193,"MAHATO, TAMBUSAI UTARA, ROKAN HULU, RIAU",66,114,32,146
https://kawalpemilu.org#15193,"MAHATO, TAMBUSAI UTARA, ROKAN HULU, RIAU",67,192,41,233
https://kawalpemilu.org#15193,"MAHATO, TAMBUSAI UTARA, ROKAN HULU, RIAU",68,107,26,133
https://kawalpemilu.org#15193,"MAHATO, TAMBUSAI UTARA, ROKAN HULU, RIAU",69,47,29,76
https://kawalpemilu.org#15193,"MAHATO, TAMBUSAI UTARA, ROKAN HULU, RIAU",70,53,76,129
https://kawalpemilu.org#15193,"MAHATO, TAMBUSAI UTARA, ROKAN HULU, RIAU",71,106,59,165
https://kawalpemilu.org#15194,"BANGUN JAYA, TAMBUSAI UTARA, ROKAN HULU, RIAU",1,103,50,153
https://kawalpemilu.org#15194,"BANGUN JAYA, TAMBUSAI UTARA, ROKAN HULU, RIAU",2,121,78,199
https://kawalpemilu.org#15194,"BANGUN JAYA, TAMBUSAI UTARA, ROKAN HULU, RIAU",3,96,60,156
https://kawalpemilu.org#15194,"BANGUN JAYA, TAMBUSAI UTARA, ROKAN HULU, RIAU",4,26,83,109
https://kawalpemilu.org#15194,"BANGUN JAYA, TAMBUSAI UTARA, ROKAN HULU, RIAU",5,103,31,134
https://kawalpemilu.org#15194,"BANGUN JAYA, TAMBUSAI UTARA, ROKAN HULU, RIAU",6,70,93,163
https://kawalpemilu.org#15194,"BANGUN JAYA, TAMBUSAI UTARA, ROKAN HULU, RIAU",7,76,83,159
https://kawalpemilu.org#15194,"BANGUN JAYA, TAMBUSAI UTARA, ROKAN HULU, RIAU",8,92,20,112
https://kawalpemilu.org#15194,"BANGUN JAYA, TAMBUSAI UTARA, ROKAN HULU, RIAU",9,114,18,132
https://kawalpemilu.org#15194,"BANGUN JAYA, TAMBUSAI UTARA, ROKAN HULU, RIAU",10,156,37,193
https://kawalpemilu.org#15194,"BANGUN JAYA, TAMBUSAI UTARA, ROKAN HULU, RIAU",11,150,28,178
https://kawalpemilu.org#15194,"BANGUN JAYA, TAMBUSAI UTARA, ROKAN HULU, RIAU",12,128,40,168
https://kawalpemilu.org#15194,"BANGUN JAYA, TAMBUSAI UTARA, ROKAN HULU, RIAU",13,69,60,129
https://kawalpemilu.org#15194,"BANGUN JAYA, TAMBUSAI UTARA, ROKAN HULU, RIAU",14,149,54,203
https://kawalpemilu.org#15194,"BANGUN JAYA, TAMBUSAI UTARA, ROKAN HULU, RIAU",15,91,42,133
https://kawalpemilu.org#15194,"BANGUN JAYA, TAMBUSAI UTARA, ROKAN HULU, RIAU",16,105,40,145
https://kawalpemilu.org#15194,"BANGUN JAYA, TAMBUSAI UTARA, ROKAN HULU, RIAU",17,105,97,202
https://kawalpemilu.org#15194,"BANGUN JAYA, TAMBUSAI UTARA, ROKAN HULU, RIAU",18,91,34,125
https://kawalpemilu.org#15194,"BANGUN JAYA, TAMBUSAI UTARA, ROKAN HULU, RIAU",19,79,44,123
https://kawalpemilu.org#15194,"BANGUN JAYA, TAMBUSAI UTARA, ROKAN HULU, RIAU",20,104,70,174
https://kawalpemilu.org#15194,"BANGUN JAYA, TAMBUSAI UTARA, ROKAN HULU, RIAU",21,91,46,137
https://kawalpemilu.org#15194,"BANGUN JAYA, TAMBUSAI UTARA, ROKAN HULU, RIAU",22,108,75,183
https://kawalpemilu.org#15194,"BANGUN JAYA, TAMBUSAI UTARA, ROKAN HULU, RIAU",23,140,60,200
https://kawalpemilu.org#15194,"BANGUN JAYA, TAMBUSAI UTARA, ROKAN HULU, RIAU",24,131,36,167
https://kawalpemilu.org#15194,"BANGUN JAYA, TAMBUSAI UTARA, ROKAN HULU, RIAU",25,148,48,196
https://kawalpemilu.org#15195,"SIMPANG HARAPAN, TAMBUSAI UTARA, ROKAN HULU, RIAU",1,121,38,159
https://kawalpemilu.org#15195,"SIMPANG HARAPAN, TAMBUSAI UTARA, ROKAN HULU, RIAU",2,83,47,130
https://kawalpemilu.org#15195,"SIMPANG HARAPAN, TAMBUSAI UTARA, ROKAN HULU, RIAU",3,112,78,190
https://kawalpemilu.org#15195,"SIMPANG HARAPAN, TAMBUSAI UTARA, ROKAN HULU, RIAU",4,119,62,181
https://kawalpemilu.org#15195,"SIMPANG HARAPAN, TAMBUSAI UTARA, ROKAN HULU, RIAU",5,105,48,153
https://kawalpemilu.org#15195,"SIMPANG HARAPAN, TAMBUSAI UTARA, ROKAN HULU, RIAU",6,110,64,174
https://kawalpemilu.org#15195,"SIMPANG HARAPAN, TAMBUSAI UTARA, ROKAN HULU, RIAU",7,68,92,160
https://kawalpemilu.org#15196,"PAGAR MAYANG, TAMBUSAI UTARA, ROKAN HULU, RIAU",1,127,56,183
https://kawalpemilu.org#15196,"PAGAR MAYANG, TAMBUSAI UTARA, ROKAN HULU, RIAU",2,108,44,152
https://kawalpemilu.org#15196,"PAGAR MAYANG, TAMBUSAI UTARA, ROKAN HULU, RIAU",3,134,42,176
https://kawalpemilu.org#15196,"PAGAR MAYANG, TAMBUSAI UTARA, ROKAN HULU, RIAU",4,106,18,124
https://kawalpemilu.org#15196,"PAGAR MAYANG, TAMBUSAI UTARA, ROKAN HULU, RIAU",5,114,48,162
https://kawalpemilu.org#15196,"PAGAR MAYANG, TAMBUSAI UTARA, ROKAN HULU, RIAU",6,93,33,126
https://kawalpemilu.org#15196,"PAGAR MAYANG, TAMBUSAI UTARA, ROKAN HULU, RIAU",7,112,44,156
https://kawalpemilu.org#15196,"PAGAR MAYANG, TAMBUSAI UTARA, ROKAN HULU, RIAU",8,98,28,126
https://kawalpemilu.org#15196,"PAGAR MAYANG, TAMBUSAI UTARA, ROKAN HULU, RIAU",9,133,33,166
https://kawalpemilu.org#15197,"PAYUNG SEKAKI, TAMBUSAI UTARA, ROKAN HULU, RIAU",1,67,42,109
https://kawalpemilu.org#15197,"PAYUNG SEKAKI, TAMBUSAI UTARA, ROKAN HULU, RIAU",2,94,69,163
https://kawalpemilu.org#15197,"PAYUNG SEKAKI, TAMBUSAI UTARA, ROKAN HULU, RIAU",3,178,58,236
https://kawalpemilu.org#15197,"PAYUNG SEKAKI, TAMBUSAI UTARA, ROKAN HULU, RIAU",4,155,51,206
https://kawalpemilu.org#15197,"PAYUNG SEKAKI, TAMBUSAI UTARA, ROKAN HULU, RIAU",5,137,31,168
https://kawalpemilu.org#15197,"PAYUNG SEKAKI, TAMBUSAI UTARA, ROKAN HULU, RIAU",6,67,47,114
https://kawalpemilu.org#15197,"PAYUNG SEKAKI, TAMBUSAI UTARA, ROKAN HULU, RIAU",7,108,57,165
https://kawalpemilu.org#15197,"PAYUNG SEKAKI, TAMBUSAI UTARA, ROKAN HULU, RIAU",8,165,62,227
https://kawalpemilu.org#15197,"PAYUNG SEKAKI, TAMBUSAI UTARA, ROKAN HULU, RIAU",9,173,31,204
https://kawalpemilu.org#15197,"PAYUNG SEKAKI, TAMBUSAI UTARA, ROKAN HULU, RIAU",10,133,57,190
https://kawalpemilu.org#15198,"MEKAR JAYA, TAMBUSAI UTARA, ROKAN HULU, RIAU",1,122,61,183
https://kawalpemilu.org#15198,"MEKAR JAYA, TAMBUSAI UTARA, ROKAN HULU, RIAU",2,168,29,197
https://kawalpemilu.org#15198,"MEKAR JAYA, TAMBUSAI UTARA, ROKAN HULU, RIAU",3,52,77,129
https://kawalpemilu.org#15198,"MEKAR JAYA, TAMBUSAI UTARA, ROKAN HULU, RIAU",4,142,15,157
https://kawalpemilu.org#15198,"MEKAR JAYA, TAMBUSAI UTARA, ROKAN HULU, RIAU",5,111,45,156
https://kawalpemilu.org#15198,"MEKAR JAYA, TAMBUSAI UTARA, ROKAN HULU, RIAU",6,118,58,176
https://kawalpemilu.org#15198,"MEKAR JAYA, TAMBUSAI UTARA, ROKAN HULU, RIAU",7,93,52,145
https://kawalpemilu.org#15198,"MEKAR JAYA, TAMBUSAI UTARA, ROKAN HULU, RIAU",8,57,32,89
https://kawalpemilu.org#15199,"TANJUNG MEDAN, TAMBUSAI UTARA, ROKAN HULU, RIAU",1,106,40,146
https://kawalpemilu.org#15199,"TANJUNG MEDAN, TAMBUSAI UTARA, ROKAN HULU, RIAU",2,107,72,179
https://kawalpemilu.org#15199,"TANJUNG MEDAN, TAMBUSAI UTARA, ROKAN HULU, RIAU",3,58,76,134
https://kawalpemilu.org#15199,"TANJUNG MEDAN, TAMBUSAI UTARA, ROKAN HULU, RIAU",4,116,80,196
https://kawalpemilu.org#15199,"TANJUNG MEDAN, TAMBUSAI UTARA, ROKAN HULU, RIAU",5,78,67,145
https://kawalpemilu.org#15199,"TANJUNG MEDAN, TAMBUSAI UTARA, ROKAN HULU, RIAU",6,85,68,153
https://kawalpemilu.org#15199,"TANJUNG MEDAN, TAMBUSAI UTARA, ROKAN HULU, RIAU",7,146,18,164
https://kawalpemilu.org#15199,"TANJUNG MEDAN, TAMBUSAI UTARA, ROKAN HULU, RIAU",8,67,38,105
https://kawalpemilu.org#15199,"TANJUNG MEDAN, TAMBUSAI UTARA, ROKAN HULU, RIAU",9,92,68,160
https://kawalpemilu.org#15199,"TANJUNG MEDAN, TAMBUSAI UTARA, ROKAN HULU, RIAU",10,63,40,103
https://kawalpemilu.org#15199,"TANJUNG MEDAN, TAMBUSAI UTARA, ROKAN HULU, RIAU",11,69,49,118
https://kawalpemilu.org#15199,"TANJUNG MEDAN, TAMBUSAI UTARA, ROKAN HULU, RIAU",12,61,46,107
https://kawalpemilu.org#15199,"TANJUNG MEDAN, TAMBUSAI UTARA, ROKAN HULU, RIAU",13,71,58,129
https://kawalpemilu.org#15199,"TANJUNG MEDAN, TAMBUSAI UTARA, ROKAN HULU, RIAU",14,66,42,108
https://kawalpemilu.org#15199,"TANJUNG MEDAN, TAMBUSAI UTARA, ROKAN HULU, RIAU",15,60,40,100
https://kawalpemilu.org#15199,"TANJUNG MEDAN, TAMBUSAI UTARA, ROKAN HULU, RIAU",16,82,94,176
https://kawalpemilu.org#15199,"TANJUNG MEDAN, TAMBUSAI UTARA, ROKAN HULU, RIAU",17,116,54,170
https://kawalpemilu.org#15199,"TANJUNG MEDAN, TAMBUSAI UTARA, ROKAN HULU, RIAU",18,122,50,172
https://kawalpemilu.org#15199,"TANJUNG MEDAN, TAMBUSAI UTARA, ROKAN HULU, RIAU",19,109,16,125
https://kawalpemilu.org#15199,"TANJUNG MEDAN, TAMBUSAI UTARA, ROKAN HULU, RIAU",20,90,41,131
https://kawalpemilu.org#15200,"SUKA DAMAI, TAMBUSAI UTARA, ROKAN HULU, RIAU",1,148,44,192
https://kawalpemilu.org#15200,"SUKA DAMAI, TAMBUSAI UTARA, ROKAN HULU, RIAU",2,120,47,167
https://kawalpemilu.org#15200,"SUKA DAMAI, TAMBUSAI UTARA, ROKAN HULU, RIAU",3,75,104,179
https://kawalpemilu.org#15200,"SUKA DAMAI, TAMBUSAI UTARA, ROKAN HULU, RIAU",4,82,105,187
https://kawalpemilu.org#15200,"SUKA DAMAI, TAMBUSAI UTARA, ROKAN HULU, RIAU",5,78,49,127
https://kawalpemilu.org#15200,"SUKA DAMAI, TAMBUSAI UTARA, ROKAN HULU, RIAU",6,123,69,192
https://kawalpemilu.org#15200,"SUKA DAMAI, TAMBUSAI UTARA, ROKAN HULU, RIAU",7,76,65,141
https://kawalpemilu.org#15200,"SUKA DAMAI, TAMBUSAI UTARA, ROKAN HULU, RIAU",8,136,55,191
https://kawalpemilu.org#15200,"SUKA DAMAI, TAMBUSAI UTARA, ROKAN HULU, RIAU",9,118,35,153
https://kawalpemilu.org#15200,"SUKA DAMAI, TAMBUSAI UTARA, ROKAN HULU, RIAU",10,97,79,176
https://kawalpemilu.org#15200,"SUKA DAMAI, TAMBUSAI UTARA, ROKAN HULU, RIAU",11,90,95,185
https://kawalpemilu.org#15200,"SUKA DAMAI, TAMBUSAI UTARA, ROKAN HULU, RIAU",12,81,38,119
https://kawalpemilu.org#15200,"SUKA DAMAI, TAMBUSAI UTARA, ROKAN HULU, RIAU",13,84,49,133
https://kawalpemilu.org#15201,"RANTAU SAKTI, TAMBUSAI UTARA, ROKAN HULU, RIAU",1,85,63,148
https://kawalpemilu.org#15201,"RANTAU SAKTI, TAMBUSAI UTARA, ROKAN HULU, RIAU",2,101,97,198
https://kawalpemilu.org#15201,"RANTAU SAKTI, TAMBUSAI UTARA, ROKAN HULU, RIAU",3,101,51,152
https://kawalpemilu.org#15201,"RANTAU SAKTI, TAMBUSAI UTARA, ROKAN HULU, RIAU",4,130,68,198
https://kawalpemilu.org#15201,"RANTAU SAKTI, TAMBUSAI UTARA, ROKAN HULU, RIAU",5,91,66,157
https://kawalpemilu.org#15201,"RANTAU SAKTI, TAMBUSAI UTARA, ROKAN HULU, RIAU",6,105,42,147
https://kawalpemilu.org#15201,"RANTAU SAKTI, TAMBUSAI UTARA, ROKAN HULU, RIAU",7,123,48,171
https://kawalpemilu.org#15201,"RANTAU SAKTI, TAMBUSAI UTARA, ROKAN HULU, RIAU",8,119,24,143
https://kawalpemilu.org#15201,"RANTAU SAKTI, TAMBUSAI UTARA, ROKAN HULU, RIAU",9,93,84,177
https://kawalpemilu.org#15201,"RANTAU SAKTI, TAMBUSAI UTARA, ROKAN HULU, RIAU",10,97,78,175
https://kawalpemilu.org#15201,"RANTAU SAKTI, TAMBUSAI UTARA, ROKAN HULU, RIAU",11,90,66,156
https://kawalpemilu.org#15201,"RANTAU SAKTI, TAMBUSAI UTARA, ROKAN HULU, RIAU",12,134,62,196
https://kawalpemilu.org#15201,"RANTAU SAKTI, TAMBUSAI UTARA, ROKAN HULU, RIAU",13,91,35,126
https://kawalpemilu.org#15201,"RANTAU SAKTI, TAMBUSAI UTARA, ROKAN HULU, RIAU",14,74,33,107
https://kawalpemilu.org#15201,"RANTAU SAKTI, TAMBUSAI UTARA, ROKAN HULU, RIAU",15,113,21,134
https://kawalpemilu.org#15201,"RANTAU SAKTI, TAMBUSAI UTARA, ROKAN HULU, RIAU",16,91,9,100
https://kawalpemilu.org#15202,"MAHATO SAKTI, TAMBUSAI UTARA, ROKAN HULU, RIAU",1,82,99,181
https://kawalpemilu.org#15202,"MAHATO SAKTI, TAMBUSAI UTARA, ROKAN HULU, RIAU",2,71,92,163
https://kawalpemilu.org#15202,"MAHATO SAKTI, TAMBUSAI UTARA, ROKAN HULU, RIAU",3,99,74,173
https://kawalpemilu.org#15202,"MAHATO SAKTI, TAMBUSAI UTARA, ROKAN HULU, RIAU",4,90,74,164
https://kawalpemilu.org#15202,"MAHATO SAKTI, TAMBUSAI UTARA, ROKAN HULU, RIAU",5,88,78,166
https://kawalpemilu.org#15202,"MAHATO SAKTI, TAMBUSAI UTARA, ROKAN HULU, RIAU",6,125,41,166
https://kawalpemilu.org#15202,"MAHATO SAKTI, TAMBUSAI UTARA, ROKAN HULU, RIAU",7,106,61,167
https://kawalpemilu.org#15202,"MAHATO SAKTI, TAMBUSAI UTARA, ROKAN HULU, RIAU",8,89,85,174
https://kawalpemilu.org#15202,"MAHATO SAKTI, TAMBUSAI UTARA, ROKAN HULU, RIAU",9,115,62,177
https://kawalpemilu.org#15202,"MAHATO SAKTI, TAMBUSAI UTARA, ROKAN HULU, RIAU",10,85,66,151
https://kawalpemilu.org#15202,"MAHATO SAKTI, TAMBUSAI UTARA, ROKAN HULU, RIAU",11,105,75,180
https://kawalpemilu.org#15202,"MAHATO SAKTI, TAMBUSAI UTARA, ROKAN HULU, RIAU",12,105,40,145
https://kawalpemilu.org#15202,"MAHATO SAKTI, TAMBUSAI UTARA, ROKAN HULU, RIAU",13,94,45,139
https://kawalpemilu.org#15204,"PASIR AGUNG, BANGUN PURBA, ROKAN HULU, RIAU",1,169,66,235
https://kawalpemilu.org#15204,"PASIR AGUNG, BANGUN PURBA, ROKAN HULU, RIAU",2,98,76,174
https://kawalpemilu.org#15204,"PASIR AGUNG, BANGUN PURBA, ROKAN HULU, RIAU",3,79,118,197
https://kawalpemilu.org#15204,"PASIR AGUNG, BANGUN PURBA, ROKAN HULU, RIAU",4,91,69,160
https://kawalpemilu.org#15204,"PASIR AGUNG, BANGUN PURBA, ROKAN HULU, RIAU",5,104,109,213
https://kawalpemilu.org#15204,"PASIR AGUNG, BANGUN PURBA, ROKAN HULU, RIAU",6,128,55,183
https://kawalpemilu.org#15204,"PASIR AGUNG, BANGUN PURBA, ROKAN HULU, RIAU",7,83,62,145
https://kawalpemilu.org#15204,"PASIR AGUNG, BANGUN PURBA, ROKAN HULU, RIAU",8,62,45,107
https://kawalpemilu.org#15204,"PASIR AGUNG, BANGUN PURBA, ROKAN HULU, RIAU",9,57,58,115
https://kawalpemilu.org#15204,"PASIR AGUNG, BANGUN PURBA, ROKAN HULU, RIAU",10,88,102,190
https://kawalpemilu.org#15205,"PASIR INTAN, BANGUN PURBA, ROKAN HULU, RIAU",1,134,72,206
https://kawalpemilu.org#15205,"PASIR INTAN, BANGUN PURBA, ROKAN HULU, RIAU",2,183,45,228
https://kawalpemilu.org#15205,"PASIR INTAN, BANGUN PURBA, ROKAN HULU, RIAU",3,124,56,180
https://kawalpemilu.org#15205,"PASIR INTAN, BANGUN PURBA, ROKAN HULU, RIAU",4,126,58,184
https://kawalpemilu.org#15205,"PASIR INTAN, BANGUN PURBA, ROKAN HULU, RIAU",5,140,59,199
https://kawalpemilu.org#15205,"PASIR INTAN, BANGUN PURBA, ROKAN HULU, RIAU",6,117,52,169
https://kawalpemilu.org#15206,"RAMBAH JAYA, BANGUN PURBA, ROKAN HULU, RIAU",1,163,49,212
https://kawalpemilu.org#15206,"RAMBAH JAYA, BANGUN PURBA, ROKAN HULU, RIAU",2,151,86,237
https://kawalpemilu.org#15206,"RAMBAH JAYA, BANGUN PURBA, ROKAN HULU, RIAU",3,119,100,219
https://kawalpemilu.org#15206,"RAMBAH JAYA, BANGUN PURBA, ROKAN HULU, RIAU",4,146,60,206
https://kawalpemilu.org#15206,"RAMBAH JAYA, BANGUN PURBA, ROKAN HULU, RIAU",5,149,81,230
https://kawalpemilu.org#15206,"RAMBAH JAYA, BANGUN PURBA, ROKAN HULU, RIAU",6,122,91,213
https://kawalpemilu.org#15207,"BANGUN PURBA, BANGUN PURBA, ROKAN HULU, RIAU",1,36,191,227
https://kawalpemilu.org#15207,"BANGUN PURBA, BANGUN PURBA, ROKAN HULU, RIAU",2,36,180,216
https://kawalpemilu.org#15207,"BANGUN PURBA, BANGUN PURBA, ROKAN HULU, RIAU",3,35,161,196
https://kawalpemilu.org#15207,"BANGUN PURBA, BANGUN PURBA, ROKAN HULU, RIAU",4,19,204,223
https://kawalpemilu.org#15207,"BANGUN PURBA, BANGUN PURBA, ROKAN HULU, RIAU",5,26,156,182
https://kawalpemilu.org#15207,"BANGUN PURBA, BANGUN PURBA, ROKAN HULU, RIAU",6,43,153,196
https://kawalpemilu.org#15207,"BANGUN PURBA, BANGUN PURBA, ROKAN HULU, RIAU",7,7,105,112
https://kawalpemilu.org#15208,"BANGUN PURBA TIMUR JAYA, BANGUN PURBA, ROKAN HULU, RIAU",1,24,174,198
https://kawalpemilu.org#15208,"BANGUN PURBA TIMUR JAYA, BANGUN PURBA, ROKAN HULU, RIAU",2,12,181,193
https://kawalpemilu.org#15208,"BANGUN PURBA TIMUR JAYA, BANGUN PURBA, ROKAN HULU, RIAU",3,29,184,213
https://kawalpemilu.org#15208,"BANGUN PURBA TIMUR JAYA, BANGUN PURBA, ROKAN HULU, RIAU",4,22,169,191
https://kawalpemilu.org#15208,"BANGUN PURBA TIMUR JAYA, BANGUN PURBA, ROKAN HULU, RIAU",5,18,210,228
https://kawalpemilu.org#15208,"BANGUN PURBA TIMUR JAYA, BANGUN PURBA, ROKAN HULU, RIAU",6,13,192,205
https://kawalpemilu.org#15208,"BANGUN PURBA TIMUR JAYA, BANGUN PURBA, ROKAN HULU, RIAU",7,22,204,226
https://kawalpemilu.org#15208,"BANGUN PURBA TIMUR JAYA, BANGUN PURBA, ROKAN HULU, RIAU",8,27,173,200
https://kawalpemilu.org#15208,"BANGUN PURBA TIMUR JAYA, BANGUN PURBA, ROKAN HULU, RIAU",9,8,206,214
https://kawalpemilu.org#15208,"BANGUN PURBA TIMUR JAYA, BANGUN PURBA, ROKAN HULU, RIAU",10,24,165,189
https://kawalpemilu.org#15208,"BANGUN PURBA TIMUR JAYA, BANGUN PURBA, ROKAN HULU, RIAU",11,21,83,104
https://kawalpemilu.org#15208,"BANGUN PURBA TIMUR JAYA, BANGUN PURBA, ROKAN HULU, RIAU",12,10,179,189
https://kawalpemilu.org#15208,"BANGUN PURBA TIMUR JAYA, BANGUN PURBA, ROKAN HULU, RIAU",13,19,220,239
https://kawalpemilu.org#15208,"BANGUN PURBA TIMUR JAYA, BANGUN PURBA, ROKAN HULU, RIAU",14,22,172,194
https://kawalpemilu.org#15209,"BANGUN PURBA BARAT, BANGUN PURBA, ROKAN HULU, RIAU",1,70,167,237
https://kawalpemilu.org#15209,"BANGUN PURBA BARAT, BANGUN PURBA, ROKAN HULU, RIAU",2,28,142,170
https://kawalpemilu.org#15209,"BANGUN PURBA BARAT, BANGUN PURBA, ROKAN HULU, RIAU",3,31,152,183
https://kawalpemilu.org#15209,"BANGUN PURBA BARAT, BANGUN PURBA, ROKAN HULU, RIAU",4,67,149,216
https://kawalpemilu.org#15209,"BANGUN PURBA BARAT, BANGUN PURBA, ROKAN HULU, RIAU",5,92,63,155
https://kawalpemilu.org#15209,"BANGUN PURBA BARAT, BANGUN PURBA, ROKAN HULU, RIAU",6,75,62,137
https://kawalpemilu.org#15210,"TANGUN, BANGUN PURBA, ROKAN HULU, RIAU",1,33,197,230
https://kawalpemilu.org#15210,"TANGUN, BANGUN PURBA, ROKAN HULU, RIAU",2,28,172,200
https://kawalpemilu.org#15210,"TANGUN, BANGUN PURBA, ROKAN HULU, RIAU",3,23,149,172
https://kawalpemilu.org#15210,"TANGUN, BANGUN PURBA, ROKAN HULU, RIAU",4,28,124,152
https://kawalpemilu.org#15210,"TANGUN, BANGUN PURBA, ROKAN HULU, RIAU",5,68,169,237
https://kawalpemilu.org#15210,"TANGUN, BANGUN PURBA, ROKAN HULU, RIAU",6,24,101,125
https://kawalpemilu.org#15212,"TANDUN, TANDUN, ROKAN HULU, RIAU",1,51,148,199
https://kawalpemilu.org#15212,"TANDUN, TANDUN, ROKAN HULU, RIAU",2,50,124,174
https://kawalpemilu.org#15212,"TANDUN, TANDUN, ROKAN HULU, RIAU",3,69,129,198
https://kawalpemilu.org#15212,"TANDUN, TANDUN, ROKAN HULU, RIAU",4,27,227,254
https://kawalpemilu.org#15212,"TANDUN, TANDUN, ROKAN HULU, RIAU",5,19,179,198
https://kawalpemilu.org#15212,"TANDUN, TANDUN, ROKAN HULU, RIAU",6,31,176,207
https://kawalpemilu.org#15212,"TANDUN, TANDUN, ROKAN HULU, RIAU",7,20,209,229
https://kawalpemilu.org#15212,"TANDUN, TANDUN, ROKAN HULU, RIAU",8,35,167,202
https://kawalpemilu.org#15212,"TANDUN, TANDUN, ROKAN HULU, RIAU",9,32,151,183
https://kawalpemilu.org#15212,"TANDUN, TANDUN, ROKAN HULU, RIAU",10,202,19,221
https://kawalpemilu.org#15212,"TANDUN, TANDUN, ROKAN HULU, RIAU",11,101,39,140
https://kawalpemilu.org#15212,"TANDUN, TANDUN, ROKAN HULU, RIAU",12,112,7,119
https://kawalpemilu.org#15212,"TANDUN, TANDUN, ROKAN HULU, RIAU",14,74,101,175
https://kawalpemilu.org#15212,"TANDUN, TANDUN, ROKAN HULU, RIAU",16,108,97,205
https://kawalpemilu.org#15212,"TANDUN, TANDUN, ROKAN HULU, RIAU",17,60,116,176
https://kawalpemilu.org#15212,"TANDUN, TANDUN, ROKAN HULU, RIAU",18,21,94,115
https://kawalpemilu.org#15212,"TANDUN, TANDUN, ROKAN HULU, RIAU",19,27,100,127
https://kawalpemilu.org#15212,"TANDUN, TANDUN, ROKAN HULU, RIAU",20,22,148,170
https://kawalpemilu.org#15212,"TANDUN, TANDUN, ROKAN HULU, RIAU",21,18,156,174
https://kawalpemilu.org#15212,"TANDUN, TANDUN, ROKAN HULU, RIAU",22,15,144,159
https://kawalpemilu.org#15212,"TANDUN, TANDUN, ROKAN HULU, RIAU",23,51,113,164
https://kawalpemilu.org#15212,"TANDUN, TANDUN, ROKAN HULU, RIAU",24,41,76,117
https://kawalpemilu.org#15213,"KUMAIN, TANDUN, ROKAN HULU, RIAU",1,173,52,225
https://kawalpemilu.org#15213,"KUMAIN, TANDUN, ROKAN HULU, RIAU",2,140,82,222
https://kawalpemilu.org#15213,"KUMAIN, TANDUN, ROKAN HULU, RIAU",3,83,107,190
https://kawalpemilu.org#15213,"KUMAIN, TANDUN, ROKAN HULU, RIAU",4,109,101,210
https://kawalpemilu.org#15213,"KUMAIN, TANDUN, ROKAN HULU, RIAU",5,133,41,174
https://kawalpemilu.org#15213,"KUMAIN, TANDUN, ROKAN HULU, RIAU",6,71,69,140
https://kawalpemilu.org#15213,"KUMAIN, TANDUN, ROKAN HULU, RIAU",7,80,97,177
https://kawalpemilu.org#15213,"KUMAIN, TANDUN, ROKAN HULU, RIAU",8,82,72,154
https://kawalpemilu.org#15214,"BONO TAPUNG, TANDUN, ROKAN HULU, RIAU",1,156,46,202
https://kawalpemilu.org#15214,"BONO TAPUNG, TANDUN, ROKAN HULU, RIAU",2,145,66,211
https://kawalpemilu.org#15214,"BONO TAPUNG, TANDUN, ROKAN HULU, RIAU",3,116,66,182
https://kawalpemilu.org#15214,"BONO TAPUNG, TANDUN, ROKAN HULU, RIAU",4,126,49,175
https://kawalpemilu.org#15214,"BONO TAPUNG, TANDUN, ROKAN HULU, RIAU",5,157,48,205
https://kawalpemilu.org#15214,"BONO TAPUNG, TANDUN, ROKAN HULU, RIAU",6,90,62,152
https://kawalpemilu.org#15214,"BONO TAPUNG, TANDUN, ROKAN HULU, RIAU",7,84,47,131
https://kawalpemilu.org#15215,"DAYO, TANDUN, ROKAN HULU, RIAU",1,138,74,212
https://kawalpemilu.org#15215,"DAYO, TANDUN, ROKAN HULU, RIAU",2,111,71,182
https://kawalpemilu.org#15215,"DAYO, TANDUN, ROKAN HULU, RIAU",3,95,59,154
https://kawalpemilu.org#15215,"DAYO, TANDUN, ROKAN HULU, RIAU",4,149,58,207
https://kawalpemilu.org#15215,"DAYO, TANDUN, ROKAN HULU, RIAU",5,141,73,214
https://kawalpemilu.org#15215,"DAYO, TANDUN, ROKAN HULU, RIAU",6,134,87,221
https://kawalpemilu.org#15215,"DAYO, TANDUN, ROKAN HULU, RIAU",7,131,73,204
https://kawalpemilu.org#15215,"DAYO, TANDUN, ROKAN HULU, RIAU",8,149,44,193
https://kawalpemilu.org#15215,"DAYO, TANDUN, ROKAN HULU, RIAU",9,108,51,159
https://kawalpemilu.org#15215,"DAYO, TANDUN, ROKAN HULU, RIAU",10,133,60,193
https://kawalpemilu.org#15215,"DAYO, TANDUN, ROKAN HULU, RIAU",11,134,85,219
https://kawalpemilu.org#15216,"TAPUNG JAYA, TANDUN, ROKAN HULU, RIAU",1,103,98,201
https://kawalpemilu.org#15216,"TAPUNG JAYA, TANDUN, ROKAN HULU, RIAU",2,123,103,226
https://kawalpemilu.org#15216,"TAPUNG JAYA, TANDUN, ROKAN HULU, RIAU",3,144,69,213
https://kawalpemilu.org#15216,"TAPUNG JAYA, TANDUN, ROKAN HULU, RIAU",5,74,115,189
https://kawalpemilu.org#15216,"TAPUNG JAYA, TANDUN, ROKAN HULU, RIAU",6,132,76,208
https://kawalpemilu.org#15216,"TAPUNG JAYA, TANDUN, ROKAN HULU, RIAU",7,119,97,216
https://kawalpemilu.org#15216,"TAPUNG JAYA, TANDUN, ROKAN HULU, RIAU",8,81,95,176
https://kawalpemilu.org#15216,"TAPUNG JAYA, TANDUN, ROKAN HULU, RIAU",9,71,148,219
https://kawalpemilu.org#15217,"PUO RAYA, TANDUN, ROKAN HULU, RIAU",1,162,14,176
https://kawalpemilu.org#15217,"PUO RAYA, TANDUN, ROKAN HULU, RIAU",2,131,80,211
https://kawalpemilu.org#15217,"PUO RAYA, TANDUN, ROKAN HULU, RIAU",3,72,140,212
https://kawalpemilu.org#15217,"PUO RAYA, TANDUN, ROKAN HULU, RIAU",4,72,135,207
https://kawalpemilu.org#15217,"PUO RAYA, TANDUN, ROKAN HULU, RIAU",5,103,97,200
https://kawalpemilu.org#15217,"PUO RAYA, TANDUN, ROKAN HULU, RIAU",6,136,7,2
https://kawalpemilu.org#15217,"PUO RAYA, TANDUN, ROKAN HULU, RIAU",7,139,75,214
https://kawalpemilu.org#15217,"PUO RAYA, TANDUN, ROKAN HULU, RIAU",8,119,74,193
https://kawalpemilu.org#15218,"SEI KUNING, TANDUN, ROKAN HULU, RIAU",1,23,145,168
https://kawalpemilu.org#15218,"SEI KUNING, TANDUN, ROKAN HULU, RIAU",2,133,57,190
https://kawalpemilu.org#15218,"SEI KUNING, TANDUN, ROKAN HULU, RIAU",3,87,47,134
https://kawalpemilu.org#15218,"SEI KUNING, TANDUN, ROKAN HULU, RIAU",4,102,27,129
https://kawalpemilu.org#15218,"SEI KUNING, TANDUN, ROKAN HULU, RIAU",5,44,150,194
https://kawalpemilu.org#15218,"SEI KUNING, TANDUN, ROKAN HULU, RIAU",6,85,52,137
https://kawalpemilu.org#15218,"SEI KUNING, TANDUN, ROKAN HULU, RIAU",7,135,27,162
https://kawalpemilu.org#15219,"KOTO TANDUN, TANDUN, ROKAN HULU, RIAU",1,118,80,198
https://kawalpemilu.org#15219,"KOTO TANDUN, TANDUN, ROKAN HULU, RIAU",2,97,105,202
https://kawalpemilu.org#15219,"KOTO TANDUN, TANDUN, ROKAN HULU, RIAU",3,92,146,238
https://kawalpemilu.org#15219,"KOTO TANDUN, TANDUN, ROKAN HULU, RIAU",4,118,110,228
https://kawalpemilu.org#15219,"KOTO TANDUN, TANDUN, ROKAN HULU, RIAU",5,118,63,181
https://kawalpemilu.org#15219,"KOTO TANDUN, TANDUN, ROKAN HULU, RIAU",6,100,92,192
https://kawalpemilu.org#15219,"KOTO TANDUN, TANDUN, ROKAN HULU, RIAU",7,125,112,237
https://kawalpemilu.org#15220,"TANDUN BARAT, TANDUN, ROKAN HULU, RIAU",1,154,14,168
https://kawalpemilu.org#15220,"TANDUN BARAT, TANDUN, ROKAN HULU, RIAU",2,206,1,207
https://kawalpemilu.org#15220,"TANDUN BARAT, TANDUN, ROKAN HULU, RIAU",3,100,100,200
https://kawalpemilu.org#15220,"TANDUN BARAT, TANDUN, ROKAN HULU, RIAU",4,141,83,224
https://kawalpemilu.org#15220,"TANDUN BARAT, TANDUN, ROKAN HULU, RIAU",5,146,2,148
https://kawalpemilu.org#15220,"TANDUN BARAT, TANDUN, ROKAN HULU, RIAU",6,131,42,173
https://kawalpemilu.org#15222,"KABUN, KABUN, ROKAN HULU, RIAU",1,56,128,184
https://kawalpemilu.org#15222,"KABUN, KABUN, ROKAN HULU, RIAU",2,35,211,246
https://kawalpemilu.org#15222,"KABUN, KABUN, ROKAN HULU, RIAU",3,44,156,200
https://kawalpemilu.org#15222,"KABUN, KABUN, ROKAN HULU, RIAU",4,52,194,246
https://kawalpemilu.org#15222,"KABUN, KABUN, ROKAN HULU, RIAU",5,94,176,270
https://kawalpemilu.org#15222,"KABUN, KABUN, ROKAN HULU, RIAU",6,205,48,253
https://kawalpemilu.org#15222,"KABUN, KABUN, ROKAN HULU, RIAU",7,86,119,205
https://kawalpemilu.org#15222,"KABUN, KABUN, ROKAN HULU, RIAU",8,144,92,236
https://kawalpemilu.org#15222,"KABUN, KABUN, ROKAN HULU, RIAU",9,87,97,184
https://kawalpemilu.org#15222,"KABUN, KABUN, ROKAN HULU, RIAU",10,114,104,218
https://kawalpemilu.org#15222,"KABUN, KABUN, ROKAN HULU, RIAU",11,102,123,225
https://kawalpemilu.org#15222,"KABUN, KABUN, ROKAN HULU, RIAU",13,136,53,189
https://kawalpemilu.org#15222,"KABUN, KABUN, ROKAN HULU, RIAU",14,96,48,144
https://kawalpemilu.org#15222,"KABUN, KABUN, ROKAN HULU, RIAU",15,61,44,105
https://kawalpemilu.org#15222,"KABUN, KABUN, ROKAN HULU, RIAU",16,105,87,192
https://kawalpemilu.org#15222,"KABUN, KABUN, ROKAN HULU, RIAU",17,154,63,217
https://kawalpemilu.org#15222,"KABUN, KABUN, ROKAN HULU, RIAU",18,112,97,209
https://kawalpemilu.org#15222,"KABUN, KABUN, ROKAN HULU, RIAU",19,27,113,140
https://kawalpemilu.org#15222,"KABUN, KABUN, ROKAN HULU, RIAU",20,43,181,224
https://kawalpemilu.org#15222,"KABUN, KABUN, ROKAN HULU, RIAU",21,203,51,254
https://kawalpemilu.org#15222,"KABUN, KABUN, ROKAN HULU, RIAU",22,81,35,116
https://kawalpemilu.org#15222,"KABUN, KABUN, ROKAN HULU, RIAU",23,107,64,171
https://kawalpemilu.org#15222,"KABUN, KABUN, ROKAN HULU, RIAU",24,73,69,142
https://kawalpemilu.org#15223,"ALIANTAN, KABUN, ROKAN HULU, RIAU",1,68,121,189
https://kawalpemilu.org#15223,"ALIANTAN, KABUN, ROKAN HULU, RIAU",2,7,195,202
https://kawalpemilu.org#15223,"ALIANTAN, KABUN, ROKAN HULU, RIAU",3,111,87,198
https://kawalpemilu.org#15223,"ALIANTAN, KABUN, ROKAN HULU, RIAU",4,18,158,176
https://kawalpemilu.org#15223,"ALIANTAN, KABUN, ROKAN HULU, RIAU",5,37,128,165
https://kawalpemilu.org#15223,"ALIANTAN, KABUN, ROKAN HULU, RIAU",6,43,86,129
https://kawalpemilu.org#15223,"ALIANTAN, KABUN, ROKAN HULU, RIAU",7,72,98,170
https://kawalpemilu.org#15223,"ALIANTAN, KABUN, ROKAN HULU, RIAU",8,88,90,178
https://kawalpemilu.org#15223,"ALIANTAN, KABUN, ROKAN HULU, RIAU",9,69,82,151
https://kawalpemilu.org#15223,"ALIANTAN, KABUN, ROKAN HULU, RIAU",10,5,144,149
https://kawalpemilu.org#15223,"ALIANTAN, KABUN, ROKAN HULU, RIAU",11,60,144,204
https://kawalpemilu.org#15223,"ALIANTAN, KABUN, ROKAN HULU, RIAU",12,76,118,194
https://kawalpemilu.org#15223,"ALIANTAN, KABUN, ROKAN HULU, RIAU",13,5,177,182
https://kawalpemilu.org#15223,"ALIANTAN, KABUN, ROKAN HULU, RIAU",14,14,193,207
https://kawalpemilu.org#15223,"ALIANTAN, KABUN, ROKAN HULU, RIAU",15,20,178,198
https://kawalpemilu.org#15223,"ALIANTAN, KABUN, ROKAN HULU, RIAU",16,41,113,154
https://kawalpemilu.org#15223,"ALIANTAN, KABUN, ROKAN HULU, RIAU",17,60,94,154
https://kawalpemilu.org#15223,"ALIANTAN, KABUN, ROKAN HULU, RIAU",18,44,55,99
https://kawalpemilu.org#15223,"ALIANTAN, KABUN, ROKAN HULU, RIAU",19,12,152,164
https://kawalpemilu.org#15224,"KOTO RANAH, KABUN, ROKAN HULU, RIAU",1,29,139,168
https://kawalpemilu.org#15224,"KOTO RANAH, KABUN, ROKAN HULU, RIAU",2,30,176,206
https://kawalpemilu.org#15224,"KOTO RANAH, KABUN, ROKAN HULU, RIAU",3,24,168,192
https://kawalpemilu.org#15224,"KOTO RANAH, KABUN, ROKAN HULU, RIAU",4,41,173,214
https://kawalpemilu.org#15224,"KOTO RANAH, KABUN, ROKAN HULU, RIAU",5,15,102,117
https://kawalpemilu.org#15225,"BENCAH KESUMA, KABUN, ROKAN HULU, RIAU",1,80,74,154
https://kawalpemilu.org#15225,"BENCAH KESUMA, KABUN, ROKAN HULU, RIAU",2,110,89,199
https://kawalpemilu.org#15225,"BENCAH KESUMA, KABUN, ROKAN HULU, RIAU",3,117,108,225
https://kawalpemilu.org#15225,"BENCAH KESUMA, KABUN, ROKAN HULU, RIAU",4,135,81,216
https://kawalpemilu.org#15225,"BENCAH KESUMA, KABUN, ROKAN HULU, RIAU",5,145,84,229
https://kawalpemilu.org#15225,"BENCAH KESUMA, KABUN, ROKAN HULU, RIAU",6,93,57,150
https://kawalpemilu.org#15225,"BENCAH KESUMA, KABUN, ROKAN HULU, RIAU",7,103,64,167
https://kawalpemilu.org#15225,"BENCAH KESUMA, KABUN, ROKAN HULU, RIAU",8,116,102,218
https://kawalpemilu.org#15225,"BENCAH KESUMA, KABUN, ROKAN HULU, RIAU",9,160,70,230
https://kawalpemilu.org#15226,"BATU LANGKAH BESAR, KABUN, ROKAN HULU, RIAU",1,215,4,219
https://kawalpemilu.org#15226,"BATU LANGKAH BESAR, KABUN, ROKAN HULU, RIAU",2,54,172,226
https://kawalpemilu.org#15226,"BATU LANGKAH BESAR, KABUN, ROKAN HULU, RIAU",3,168,41,209
https://kawalpemilu.org#15226,"BATU LANGKAH BESAR, KABUN, ROKAN HULU, RIAU",4,170,27,197
https://kawalpemilu.org#15226,"BATU LANGKAH BESAR, KABUN, ROKAN HULU, RIAU",5,103,102,205
https://kawalpemilu.org#15226,"BATU LANGKAH BESAR, KABUN, ROKAN HULU, RIAU",6,36,107,143
https://kawalpemilu.org#15227,"GITI, KABUN, ROKAN HULU, RIAU",1,51,160,211
https://kawalpemilu.org#15227,"GITI, KABUN, ROKAN HULU, RIAU",2,120,89,209
https://kawalpemilu.org#15227,"GITI, KABUN, ROKAN HULU, RIAU",3,84,117,201
https://kawalpemilu.org#15227,"GITI, KABUN, ROKAN HULU, RIAU",4,40,146,186
https://kawalpemilu.org#15227,"GITI, KABUN, ROKAN HULU, RIAU",5,74,124,198
https://kawalpemilu.org#15227,"GITI, KABUN, ROKAN HULU, RIAU",6,68,108,176
https://kawalpemilu.org#15229,"TELUK SONO, BONAI DARUSSALAM, ROKAN HULU, RIAU",1,189,52,241
https://kawalpemilu.org#15229,"TELUK SONO, BONAI DARUSSALAM, ROKAN HULU, RIAU",2,152,48,200
https://kawalpemilu.org#15229,"TELUK SONO, BONAI DARUSSALAM, ROKAN HULU, RIAU",3,172,5,177
https://kawalpemilu.org#15229,"TELUK SONO, BONAI DARUSSALAM, ROKAN HULU, RIAU",4,106,89,195
https://kawalpemilu.org#15229,"TELUK SONO, BONAI DARUSSALAM, ROKAN HULU, RIAU",5,102,60,0
https://kawalpemilu.org#15229,"TELUK SONO, BONAI DARUSSALAM, ROKAN HULU, RIAU",6,187,29,216
https://kawalpemilu.org#15229,"TELUK SONO, BONAI DARUSSALAM, ROKAN HULU, RIAU",7,131,27,158
https://kawalpemilu.org#15230,"SONTANG, BONAI DARUSSALAM, ROKAN HULU, RIAU",1,23,142,185
https://kawalpemilu.org#15230,"SONTANG, BONAI DARUSSALAM, ROKAN HULU, RIAU",2,75,191,266
https://kawalpemilu.org#15230,"SONTANG, BONAI DARUSSALAM, ROKAN HULU, RIAU",3,147,105,252
https://kawalpemilu.org#15230,"SONTANG, BONAI DARUSSALAM, ROKAN HULU, RIAU",4,141,36,177
https://kawalpemilu.org#15230,"SONTANG, BONAI DARUSSALAM, ROKAN HULU, RIAU",5,144,31,175
https://kawalpemilu.org#15230,"SONTANG, BONAI DARUSSALAM, ROKAN HULU, RIAU",6,229,31,260
https://kawalpemilu.org#15230,"SONTANG, BONAI DARUSSALAM, ROKAN HULU, RIAU",7,172,30,202
https://kawalpemilu.org#15230,"SONTANG, BONAI DARUSSALAM, ROKAN HULU, RIAU",8,156,18,174
https://kawalpemilu.org#15230,"SONTANG, BONAI DARUSSALAM, ROKAN HULU, RIAU",9,134,7,141
https://kawalpemilu.org#15230,"SONTANG, BONAI DARUSSALAM, ROKAN HULU, RIAU",10,50,146,196
https://kawalpemilu.org#15230,"SONTANG, BONAI DARUSSALAM, ROKAN HULU, RIAU",11,41,94,135
https://kawalpemilu.org#15230,"SONTANG, BONAI DARUSSALAM, ROKAN HULU, RIAU",12,93,34,127
https://kawalpemilu.org#15230,"SONTANG, BONAI DARUSSALAM, ROKAN HULU, RIAU",13,171,22,193
https://kawalpemilu.org#15231,"BONAI, BONAI DARUSSALAM, ROKAN HULU, RIAU",1,81,91,172
https://kawalpemilu.org#15231,"BONAI, BONAI DARUSSALAM, ROKAN HULU, RIAU",2,113,39,152
https://kawalpemilu.org#15231,"BONAI, BONAI DARUSSALAM, ROKAN HULU, RIAU",3,55,100,155
https://kawalpemilu.org#15231,"BONAI, BONAI DARUSSALAM, ROKAN HULU, RIAU",4,51,108,159
https://kawalpemilu.org#15231,"BONAI, BONAI DARUSSALAM, ROKAN HULU, RIAU",5,82,27,109
https://kawalpemilu.org#15231,"BONAI, BONAI DARUSSALAM, ROKAN HULU, RIAU",6,85,19,104
https://kawalpemilu.org#15231,"BONAI, BONAI DARUSSALAM, ROKAN HULU, RIAU",7,55,84,139
https://kawalpemilu.org#15231,"BONAI, BONAI DARUSSALAM, ROKAN HULU, RIAU",8,91,33,124
https://kawalpemilu.org#15231,"BONAI, BONAI DARUSSALAM, ROKAN HULU, RIAU",9,75,25,100
https://kawalpemilu.org#15231,"BONAI, BONAI DARUSSALAM, ROKAN HULU, RIAU",10,48,79,127
https://kawalpemilu.org#15231,"BONAI, BONAI DARUSSALAM, ROKAN HULU, RIAU",12,30,104,134
https://kawalpemilu.org#15231,"BONAI, BONAI DARUSSALAM, ROKAN HULU, RIAU",13,126,30,156
https://kawalpemilu.org#15232,"RAWA MAKMUR, BONAI DARUSSALAM, ROKAN HULU, RIAU",1,141,60,201
https://kawalpemilu.org#15232,"RAWA MAKMUR, BONAI DARUSSALAM, ROKAN HULU, RIAU",2,108,91,199
https://kawalpemilu.org#15232,"RAWA MAKMUR, BONAI DARUSSALAM, ROKAN HULU, RIAU",3,109,58,167
https://kawalpemilu.org#15232,"RAWA MAKMUR, BONAI DARUSSALAM, ROKAN HULU, RIAU",4,134,62,196
https://kawalpemilu.org#15233,"PAUH, BONAI DARUSSALAM, ROKAN HULU, RIAU",1,113,31,144
https://kawalpemilu.org#15233,"PAUH, BONAI DARUSSALAM, ROKAN HULU, RIAU",2,141,40,181
https://kawalpemilu.org#15233,"PAUH, BONAI DARUSSALAM, ROKAN HULU, RIAU",3,173,64,237
https://kawalpemilu.org#15233,"PAUH, BONAI DARUSSALAM, ROKAN HULU, RIAU",6,198,10,208
https://kawalpemilu.org#15233,"PAUH, BONAI DARUSSALAM, ROKAN HULU, RIAU",7,149,12,161
https://kawalpemilu.org#15233,"PAUH, BONAI DARUSSALAM, ROKAN HULU, RIAU",8,137,5,142
https://kawalpemilu.org#15234,"KASANG PADANG, BONAI DARUSSALAM, ROKAN HULU, RIAU",1,54,73,127
https://kawalpemilu.org#15234,"KASANG PADANG, BONAI DARUSSALAM, ROKAN HULU, RIAU",2,58,15,73
https://kawalpemilu.org#15234,"KASANG PADANG, BONAI DARUSSALAM, ROKAN HULU, RIAU",3,33,36,69
https://kawalpemilu.org#15234,"KASANG PADANG, BONAI DARUSSALAM, ROKAN HULU, RIAU",4,22,16,38
https://kawalpemilu.org#15234,"KASANG PADANG, BONAI DARUSSALAM, ROKAN HULU, RIAU",5,96,16,112
https://kawalpemilu.org#15234,"KASANG PADANG, BONAI DARUSSALAM, ROKAN HULU, RIAU",6,32,17,49
https://kawalpemilu.org#15234,"KASANG PADANG, BONAI DARUSSALAM, ROKAN HULU, RIAU",7,11,13,24
https://kawalpemilu.org#15235,"KASANG MUNGKAL, BONAI DARUSSALAM, ROKAN HULU, RIAU",1,82,106,188
https://kawalpemilu.org#15235,"KASANG MUNGKAL, BONAI DARUSSALAM, ROKAN HULU, RIAU",2,123,31,154
https://kawalpemilu.org#15235,"KASANG MUNGKAL, BONAI DARUSSALAM, ROKAN HULU, RIAU",3,97,97,194
https://kawalpemilu.org#15235,"KASANG MUNGKAL, BONAI DARUSSALAM, ROKAN HULU, RIAU",4,86,54,140
https://kawalpemilu.org#15237,"PAGARAN TAPAH, PAGARAN TAPAH DARUSSALAM, ROKAN HULU, RIAU",1,46,168,214
https://kawalpemilu.org#15237,"PAGARAN TAPAH, PAGARAN TAPAH DARUSSALAM, ROKAN HULU, RIAU",2,35,117,152
https://kawalpemilu.org#15237,"PAGARAN TAPAH, PAGARAN TAPAH DARUSSALAM, ROKAN HULU, RIAU",3,136,117,253
https://kawalpemilu.org#15237,"PAGARAN TAPAH, PAGARAN TAPAH DARUSSALAM, ROKAN HULU, RIAU",4,31,79,110
https://kawalpemilu.org#15237,"PAGARAN TAPAH, PAGARAN TAPAH DARUSSALAM, ROKAN HULU, RIAU",5,80,95,175
https://kawalpemilu.org#15237,"PAGARAN TAPAH, PAGARAN TAPAH DARUSSALAM, ROKAN HULU, RIAU",6,110,105,215
https://kawalpemilu.org#15237,"PAGARAN TAPAH, PAGARAN TAPAH DARUSSALAM, ROKAN HULU, RIAU",7,103,45,148
https://kawalpemilu.org#15237,"PAGARAN TAPAH, PAGARAN TAPAH DARUSSALAM, ROKAN HULU, RIAU",8,91,132,223
https://kawalpemilu.org#15237,"PAGARAN TAPAH, PAGARAN TAPAH DARUSSALAM, ROKAN HULU, RIAU",9,57,68,125
https://kawalpemilu.org#15237,"PAGARAN TAPAH, PAGARAN TAPAH DARUSSALAM, ROKAN HULU, RIAU",10,116,79,195
https://kawalpemilu.org#15237,"PAGARAN TAPAH, PAGARAN TAPAH DARUSSALAM, ROKAN HULU, RIAU",12,88,64,152
https://kawalpemilu.org#15237,"PAGARAN TAPAH, PAGARAN TAPAH DARUSSALAM, ROKAN HULU, RIAU",13,69,96,165
https://kawalpemilu.org#15237,"PAGARAN TAPAH, PAGARAN TAPAH DARUSSALAM, ROKAN HULU, RIAU",14,27,131,158
https://kawalpemilu.org#15237,"PAGARAN TAPAH, PAGARAN TAPAH DARUSSALAM, ROKAN HULU, RIAU",15,44,129,173
https://kawalpemilu.org#15237,"PAGARAN TAPAH, PAGARAN TAPAH DARUSSALAM, ROKAN HULU, RIAU",16,71,71,142
https://kawalpemilu.org#15237,"PAGARAN TAPAH, PAGARAN TAPAH DARUSSALAM, ROKAN HULU, RIAU",17,72,90,162
https://kawalpemilu.org#15237,"PAGARAN TAPAH, PAGARAN TAPAH DARUSSALAM, ROKAN HULU, RIAU",18,76,35,111
https://kawalpemilu.org#15237,"PAGARAN TAPAH, PAGARAN TAPAH DARUSSALAM, ROKAN HULU, RIAU",19,75,41,116
https://kawalpemilu.org#15238,"KEMBANG DAMAI, PAGARAN TAPAH DARUSSALAM, ROKAN HULU, RIAU",1,42,153,195
https://kawalpemilu.org#15238,"KEMBANG DAMAI, PAGARAN TAPAH DARUSSALAM, ROKAN HULU, RIAU",2,76,133,209
https://kawalpemilu.org#15238,"KEMBANG DAMAI, PAGARAN TAPAH DARUSSALAM, ROKAN HULU, RIAU",3,28,196,224
https://kawalpemilu.org#15238,"KEMBANG DAMAI, PAGARAN TAPAH DARUSSALAM, ROKAN HULU, RIAU",4,60,144,204
https://kawalpemilu.org#15238,"KEMBANG DAMAI, PAGARAN TAPAH DARUSSALAM, ROKAN HULU, RIAU",5,94,100,194
https://kawalpemilu.org#15238,"KEMBANG DAMAI, PAGARAN TAPAH DARUSSALAM, ROKAN HULU, RIAU",6,118,69,187
https://kawalpemilu.org#15238,"KEMBANG DAMAI, PAGARAN TAPAH DARUSSALAM, ROKAN HULU, RIAU",7,95,87,182
https://kawalpemilu.org#15238,"KEMBANG DAMAI, PAGARAN TAPAH DARUSSALAM, ROKAN HULU, RIAU",8,49,111,160
https://kawalpemilu.org#15238,"KEMBANG DAMAI, PAGARAN TAPAH DARUSSALAM, ROKAN HULU, RIAU",9,27,63,90
https://kawalpemilu.org#15238,"KEMBANG DAMAI, PAGARAN TAPAH DARUSSALAM, ROKAN HULU, RIAU",10,82,72,154
https://kawalpemilu.org#15238,"KEMBANG DAMAI, PAGARAN TAPAH DARUSSALAM, ROKAN HULU, RIAU",11,78,54,132
https://kawalpemilu.org#15241,"SANGKIR INDAH, PAGARAN TAPAH DARUSSALAM, ROKAN HULU, RIAU",1,143,31,174
https://kawalpemilu.org#15241,"SANGKIR INDAH, PAGARAN TAPAH DARUSSALAM, ROKAN HULU, RIAU",2,149,68,217
https://kawalpemilu.org#15241,"SANGKIR INDAH, PAGARAN TAPAH DARUSSALAM, ROKAN HULU, RIAU",3,105,23,128
https://kawalpemilu.org#15241,"SANGKIR INDAH, PAGARAN TAPAH DARUSSALAM, ROKAN HULU, RIAU",4,136,32,168
https://kawalpemilu.org#15241,"SANGKIR INDAH, PAGARAN TAPAH DARUSSALAM, ROKAN HULU, RIAU",5,109,8,117
https://kawalpemilu.org#15243,"KEPENUHAN HULU, KEPENUHAN HULU, ROKAN HULU, RIAU",1,41,206,247
https://kawalpemilu.org#15243,"KEPENUHAN HULU, KEPENUHAN HULU, ROKAN HULU, RIAU",2,19,117,136
https://kawalpemilu.org#15243,"KEPENUHAN HULU, KEPENUHAN HULU, ROKAN HULU, RIAU",3,17,232,249
https://kawalpemilu.org#15243,"KEPENUHAN HULU, KEPENUHAN HULU, ROKAN HULU, RIAU",4,44,178,222
https://kawalpemilu.org#15243,"KEPENUHAN HULU, KEPENUHAN HULU, ROKAN HULU, RIAU",5,16,108,124
https://kawalpemilu.org#15243,"KEPENUHAN HULU, KEPENUHAN HULU, ROKAN HULU, RIAU",6,32,167,199
https://kawalpemilu.org#15243,"KEPENUHAN HULU, KEPENUHAN HULU, ROKAN HULU, RIAU",7,27,163,190
https://kawalpemilu.org#15244,"PEKAN TEBIH, KEPENUHAN HULU, ROKAN HULU, RIAU",1,26,187,213
https://kawalpemilu.org#15244,"PEKAN TEBIH, KEPENUHAN HULU, ROKAN HULU, RIAU",2,22,196,218
https://kawalpemilu.org#15244,"PEKAN TEBIH, KEPENUHAN HULU, ROKAN HULU, RIAU",3,31,184,215
https://kawalpemilu.org#15244,"PEKAN TEBIH, KEPENUHAN HULU, ROKAN HULU, RIAU",4,14,144,158
https://kawalpemilu.org#15244,"PEKAN TEBIH, KEPENUHAN HULU, ROKAN HULU, RIAU",5,10,105,115
https://kawalpemilu.org#15244,"PEKAN TEBIH, KEPENUHAN HULU, ROKAN HULU, RIAU",6,65,112,177
https://kawalpemilu.org#15244,"PEKAN TEBIH, KEPENUHAN HULU, ROKAN HULU, RIAU",7,52,193,245
https://kawalpemilu.org#15244,"PEKAN TEBIH, KEPENUHAN HULU, ROKAN HULU, RIAU",8,72,61,133
https://kawalpemilu.org#15244,"PEKAN TEBIH, KEPENUHAN HULU, ROKAN HULU, RIAU",9,23,41,64
https://kawalpemilu.org#15245,"KEPAYANG, KEPENUHAN HULU, ROKAN HULU, RIAU",1,30,169,199
https://kawalpemilu.org#15245,"KEPAYANG, KEPENUHAN HULU, ROKAN HULU, RIAU",2,104,151,255
https://kawalpemilu.org#15245,"KEPAYANG, KEPENUHAN HULU, ROKAN HULU, RIAU",3,105,26,131
https://kawalpemilu.org#15245,"KEPAYANG, KEPENUHAN HULU, ROKAN HULU, RIAU",4,111,20,131
https://kawalpemilu.org#15245,"KEPAYANG, KEPENUHAN HULU, ROKAN HULU, RIAU",5,162,12,174
https://kawalpemilu.org#15245,"KEPAYANG, KEPENUHAN HULU, ROKAN HULU, RIAU",6,116,63,179
https://kawalpemilu.org#15245,"KEPAYANG, KEPENUHAN HULU, ROKAN HULU, RIAU",7,67,10,77
https://kawalpemilu.org#15245,"KEPAYANG, KEPENUHAN HULU, ROKAN HULU, RIAU",8,136,28,164
https://kawalpemilu.org#15245,"KEPAYANG, KEPENUHAN HULU, ROKAN HULU, RIAU",9,16,66,82
https://kawalpemilu.org#15245,"KEPAYANG, KEPENUHAN HULU, ROKAN HULU, RIAU",10,77,38,115
https://kawalpemilu.org#15246,"MUARA JAYA, KEPENUHAN HULU, ROKAN HULU, RIAU",1,134,92,226
https://kawalpemilu.org#15246,"MUARA JAYA, KEPENUHAN HULU, ROKAN HULU, RIAU",2,86,62,148
https://kawalpemilu.org#15246,"MUARA JAYA, KEPENUHAN HULU, ROKAN HULU, RIAU",3,181,74,255
https://kawalpemilu.org#15246,"MUARA JAYA, KEPENUHAN HULU, ROKAN HULU, RIAU",4,150,81,231
https://kawalpemilu.org#15246,"MUARA JAYA, KEPENUHAN HULU, ROKAN HULU, RIAU",5,123,84,207
https://kawalpemilu.org#15246,"MUARA JAYA, KEPENUHAN HULU, ROKAN HULU, RIAU",6,131,75,206
https://kawalpemilu.org#15246,"MUARA JAYA, KEPENUHAN HULU, ROKAN HULU, RIAU",7,102,135,237
https://kawalpemilu.org#15246,"MUARA JAYA, KEPENUHAN HULU, ROKAN HULU, RIAU",8,62,99,161
https://kawalpemilu.org#15246,"MUARA JAYA, KEPENUHAN HULU, ROKAN HULU, RIAU",9,84,128,212
https://kawalpemilu.org#15246,"MUARA JAYA, KEPENUHAN HULU, ROKAN HULU, RIAU",10,88,181,269
https://kawalpemilu.org#15246,"MUARA JAYA, KEPENUHAN HULU, ROKAN HULU, RIAU",11,139,101,240
https://kawalpemilu.org#15246,"MUARA JAYA, KEPENUHAN HULU, ROKAN HULU, RIAU",12,78,84,162
https://kawalpemilu.org#15246,"MUARA JAYA, KEPENUHAN HULU, ROKAN HULU, RIAU",13,63,78,141
https://kawalpemilu.org#15247,"KEPENUHAN JAYA, KEPENUHAN HULU, ROKAN HULU, RIAU",1,106,127,233
https://kawalpemilu.org#15247,"KEPENUHAN JAYA, KEPENUHAN HULU, ROKAN HULU, RIAU",2,79,181,260
https://kawalpemilu.org#15247,"KEPENUHAN JAYA, KEPENUHAN HULU, ROKAN HULU, RIAU",3,130,88,218
https://kawalpemilu.org#15247,"KEPENUHAN JAYA, KEPENUHAN HULU, ROKAN HULU, RIAU",4,142,71,213
https://kawalpemilu.org#15247,"KEPENUHAN JAYA, KEPENUHAN HULU, ROKAN HULU, RIAU",5,90,120,210
https://kawalpemilu.org#15247,"KEPENUHAN JAYA, KEPENUHAN HULU, ROKAN HULU, RIAU",6,67,151,218
https://kawalpemilu.org#15247,"KEPENUHAN JAYA, KEPENUHAN HULU, ROKAN HULU, RIAU",7,87,42,129
https://kawalpemilu.org#15249,"PENDALIAN, PENDALIAN IV KOTO, ROKAN HULU, RIAU",1,22,171,193
https://kawalpemilu.org#15249,"PENDALIAN, PENDALIAN IV KOTO, ROKAN HULU, RIAU",2,33,160,193
https://kawalpemilu.org#15249,"PENDALIAN, PENDALIAN IV KOTO, ROKAN HULU, RIAU",3,19,176,195
https://kawalpemilu.org#15249,"PENDALIAN, PENDALIAN IV KOTO, ROKAN HULU, RIAU",4,102,53,155
https://kawalpemilu.org#15249,"PENDALIAN, PENDALIAN IV KOTO, ROKAN HULU, RIAU",5,110,73,183
https://kawalpemilu.org#15249,"PENDALIAN, PENDALIAN IV KOTO, ROKAN HULU, RIAU",6,108,43,151
https://kawalpemilu.org#15249,"PENDALIAN, PENDALIAN IV KOTO, ROKAN HULU, RIAU",7,28,177,205
https://kawalpemilu.org#15249,"PENDALIAN, PENDALIAN IV KOTO, ROKAN HULU, RIAU",8,30,152,182
https://kawalpemilu.org#15249,"PENDALIAN, PENDALIAN IV KOTO, ROKAN HULU, RIAU",9,27,121,148
https://kawalpemilu.org#15249,"PENDALIAN, PENDALIAN IV KOTO, ROKAN HULU, RIAU",10,64,46,110
https://kawalpemilu.org#15249,"PENDALIAN, PENDALIAN IV KOTO, ROKAN HULU, RIAU",11,134,27,161
https://kawalpemilu.org#15250,"BENGKOLAN SALAK, PENDALIAN IV KOTO, ROKAN HULU, RIAU",1,92,129,221
https://kawalpemilu.org#15250,"BENGKOLAN SALAK, PENDALIAN IV KOTO, ROKAN HULU, RIAU",2,67,136,203
https://kawalpemilu.org#15250,"BENGKOLAN SALAK, PENDALIAN IV KOTO, ROKAN HULU, RIAU",3,110,110,220
https://kawalpemilu.org#15250,"BENGKOLAN SALAK, PENDALIAN IV KOTO, ROKAN HULU, RIAU",4,80,89,169
https://kawalpemilu.org#15251,"SULIGI, PENDALIAN IV KOTO, ROKAN HULU, RIAU",1,73,143,216
https://kawalpemilu.org#15251,"SULIGI, PENDALIAN IV KOTO, ROKAN HULU, RIAU",2,89,121,210
https://kawalpemilu.org#15251,"SULIGI, PENDALIAN IV KOTO, ROKAN HULU, RIAU",3,68,147,215
https://kawalpemilu.org#15251,"SULIGI, PENDALIAN IV KOTO, ROKAN HULU, RIAU",4,33,153,186
https://kawalpemilu.org#15251,"SULIGI, PENDALIAN IV KOTO, ROKAN HULU, RIAU",5,70,133,203
https://kawalpemilu.org#15251,"SULIGI, PENDALIAN IV KOTO, ROKAN HULU, RIAU",6,82,126,208
https://kawalpemilu.org#15251,"SULIGI, PENDALIAN IV KOTO, ROKAN HULU, RIAU",7,63,145,208
https://kawalpemilu.org#15252,"AIR PANAS, PENDALIAN IV KOTO, ROKAN HULU, RIAU",1,77,128,205
https://kawalpemilu.org#15252,"AIR PANAS, PENDALIAN IV KOTO, ROKAN HULU, RIAU",2,116,123,239
https://kawalpemilu.org#15252,"AIR PANAS, PENDALIAN IV KOTO, ROKAN HULU, RIAU",3,78,141,219
https://kawalpemilu.org#15252,"AIR PANAS, PENDALIAN IV KOTO, ROKAN HULU, RIAU",4,77,149,226
https://kawalpemilu.org#15252,"AIR PANAS, PENDALIAN IV KOTO, ROKAN HULU, RIAU",5,113,109,222
https://kawalpemilu.org#15252,"AIR PANAS, PENDALIAN IV KOTO, ROKAN HULU, RIAU",6,95,119,214
https://kawalpemilu.org#15252,"AIR PANAS, PENDALIAN IV KOTO, ROKAN HULU, RIAU",7,93,110,203
https://kawalpemilu.org#15252,"AIR PANAS, PENDALIAN IV KOTO, ROKAN HULU, RIAU",8,95,138,233
https://kawalpemilu.org#15253,"SEI KANDIS, PENDALIAN IV KOTO, ROKAN HULU, RIAU",1,39,181,220
https://kawalpemilu.org#15253,"SEI KANDIS, PENDALIAN IV KOTO, ROKAN HULU, RIAU",2,44,161,205
https://kawalpemilu.org#15253,"SEI KANDIS, PENDALIAN IV KOTO, ROKAN HULU, RIAU",3,31,193,224
https://kawalpemilu.org#15253,"SEI KANDIS, PENDALIAN IV KOTO, ROKAN HULU, RIAU",4,24,101,125
https://kawalpemilu.org#15256,"TELUKMERBAU, KUBU, ROKAN HILIR, RIAU",1,33,103,136
https://kawalpemilu.org#15256,"TELUKMERBAU, KUBU, ROKAN HILIR, RIAU",4,20,150,170
https://kawalpemilu.org#15256,"TELUKMERBAU, KUBU, ROKAN HILIR, RIAU",6,59,90,149
https://kawalpemilu.org#15256,"TELUKMERBAU, KUBU, ROKAN HILIR, RIAU",7,23,105,128
https://kawalpemilu.org#15256,"TELUKMERBAU, KUBU, ROKAN HILIR, RIAU",9,22,150,172
https://kawalpemilu.org#15256,"TELUKMERBAU, KUBU, ROKAN HILIR, RIAU",10,24,119,143
https://kawalpemilu.org#15258,"TANJUNGLEBAN, KUBU, ROKAN HILIR, RIAU",1,133,68,201
https://kawalpemilu.org#15258,"TANJUNGLEBAN, KUBU, ROKAN HILIR, RIAU",2,115,87,202
https://kawalpemilu.org#15258,"TANJUNGLEBAN, KUBU, ROKAN HILIR, RIAU",3,74,35,109
https://kawalpemilu.org#15258,"TANJUNGLEBAN, KUBU, ROKAN HILIR, RIAU",5,178,66,244
https://kawalpemilu.org#15258,"TANJUNGLEBAN, KUBU, ROKAN HILIR, RIAU",6,80,71,151
https://kawalpemilu.org#15258,"TANJUNGLEBAN, KUBU, ROKAN HILIR, RIAU",7,58,48,106
https://kawalpemilu.org#15258,"TANJUNGLEBAN, KUBU, ROKAN HILIR, RIAU",8,32,34,66
https://kawalpemilu.org#15259,"SUNGAIKUBU, KUBU, ROKAN HILIR, RIAU",1,57,131,188
https://kawalpemilu.org#15259,"SUNGAIKUBU, KUBU, ROKAN HILIR, RIAU",2,89,96,185
https://kawalpemilu.org#15259,"SUNGAIKUBU, KUBU, ROKAN HILIR, RIAU",3,29,107,136
https://kawalpemilu.org#15259,"SUNGAIKUBU, KUBU, ROKAN HILIR, RIAU",4,93,106,199
https://kawalpemilu.org#15259,"SUNGAIKUBU, KUBU, ROKAN HILIR, RIAU",5,37,105,142
https://kawalpemilu.org#15260,"RANTAU PANJANG KANAN, KUBU, ROKAN HILIR, RIAU",1,35,79,114
https://kawalpemilu.org#15260,"RANTAU PANJANG KANAN, KUBU, ROKAN HILIR, RIAU",2,85,126,211
https://kawalpemilu.org#15260,"RANTAU PANJANG KANAN, KUBU, ROKAN HILIR, RIAU",3,80,82,162
https://kawalpemilu.org#15260,"RANTAU PANJANG KANAN, KUBU, ROKAN HILIR, RIAU",4,82,82,164
https://kawalpemilu.org#15260,"RANTAU PANJANG KANAN, KUBU, ROKAN HILIR, RIAU",5,45,75,120
https://kawalpemilu.org#15267,"TELUKPIYAI, KUBU, ROKAN HILIR, RIAU",1,57,149,206
https://kawalpemilu.org#15267,"TELUKPIYAI, KUBU, ROKAN HILIR, RIAU",2,142,67,209
https://kawalpemilu.org#15267,"TELUKPIYAI, KUBU, ROKAN HILIR, RIAU",3,106,51,157
https://kawalpemilu.org#15267,"TELUKPIYAI, KUBU, ROKAN HILIR, RIAU",4,211,34,245
https://kawalpemilu.org#15267,"TELUKPIYAI, KUBU, ROKAN HILIR, RIAU",5,198,16,214
https://kawalpemilu.org#15267,"TELUKPIYAI, KUBU, ROKAN HILIR, RIAU",6,155,44,199
https://kawalpemilu.org#15267,"TELUKPIYAI, KUBU, ROKAN HILIR, RIAU",7,144,22,166
https://kawalpemilu.org#15267,"TELUKPIYAI, KUBU, ROKAN HILIR, RIAU",8,56,76,132
https://kawalpemilu.org#15267,"TELUKPIYAI, KUBU, ROKAN HILIR, RIAU",9,154,33,187
https://kawalpemilu.org#15268,"SUNGAISEGAJAH, KUBU, ROKAN HILIR, RIAU",1,36,115,151
https://kawalpemilu.org#15268,"SUNGAISEGAJAH, KUBU, ROKAN HILIR, RIAU",2,23,112,135
https://kawalpemilu.org#15268,"SUNGAISEGAJAH, KUBU, ROKAN HILIR, RIAU",3,106,40,146
https://kawalpemilu.org#15268,"SUNGAISEGAJAH, KUBU, ROKAN HILIR, RIAU",4,79,141,220
https://kawalpemilu.org#15268,"SUNGAISEGAJAH, KUBU, ROKAN HILIR, RIAU",5,41,166,207
https://kawalpemilu.org#15268,"SUNGAISEGAJAH, KUBU, ROKAN HILIR, RIAU",6,28,101,129
https://kawalpemilu.org#15268,"SUNGAISEGAJAH, KUBU, ROKAN HILIR, RIAU",7,29,58,87
https://kawalpemilu.org#15268,"SUNGAISEGAJAH, KUBU, ROKAN HILIR, RIAU",8,37,95,132
https://kawalpemilu.org#15268,"SUNGAISEGAJAH, KUBU, ROKAN HILIR, RIAU",9,42,117,159
https://kawalpemilu.org#15268,"SUNGAISEGAJAH, KUBU, ROKAN HILIR, RIAU",10,113,43,156
https://kawalpemilu.org#15268,"SUNGAISEGAJAH, KUBU, ROKAN HILIR, RIAU",11,5,96,101
https://kawalpemilu.org#15270,"SEI SEGAJAH MAKMUR, KUBU, ROKAN HILIR, RIAU",1,184,53,237
https://kawalpemilu.org#15270,"SEI SEGAJAH MAKMUR, KUBU, ROKAN HILIR, RIAU",2,147,40,187
https://kawalpemilu.org#15270,"SEI SEGAJAH MAKMUR, KUBU, ROKAN HILIR, RIAU",3,108,56,164
https://kawalpemilu.org#15270,"SEI SEGAJAH MAKMUR, KUBU, ROKAN HILIR, RIAU",4,139,41,180
https://kawalpemilu.org#15270,"SEI SEGAJAH MAKMUR, KUBU, ROKAN HILIR, RIAU",5,105,30,135
https://kawalpemilu.org#15270,"SEI SEGAJAH MAKMUR, KUBU, ROKAN HILIR, RIAU",6,96,53,149
https://kawalpemilu.org#15270,"SEI SEGAJAH MAKMUR, KUBU, ROKAN HILIR, RIAU",7,105,33,138
https://kawalpemilu.org#15270,"SEI SEGAJAH MAKMUR, KUBU, ROKAN HILIR, RIAU",8,125,37,162
https://kawalpemilu.org#15270,"SEI SEGAJAH MAKMUR, KUBU, ROKAN HILIR, RIAU",9,126,25,151
https://kawalpemilu.org#15270,"SEI SEGAJAH MAKMUR, KUBU, ROKAN HILIR, RIAU",10,93,39,132
https://kawalpemilu.org#90455,"TELUKPIYAI PESISIR, KUBU, ROKAN HILIR, RIAU",1,39,87,126
https://kawalpemilu.org#90455,"TELUKPIYAI PESISIR, KUBU, ROKAN HILIR, RIAU",2,153,44,197
https://kawalpemilu.org#90455,"TELUKPIYAI PESISIR, KUBU, ROKAN HILIR, RIAU",3,165,52,217
https://kawalpemilu.org#90455,"TELUKPIYAI PESISIR, KUBU, ROKAN HILIR, RIAU",4,82,79,161
https://kawalpemilu.org#90455,"TELUKPIYAI PESISIR, KUBU, ROKAN HILIR, RIAU",5,52,94,146
https://kawalpemilu.org#90455,"TELUKPIYAI PESISIR, KUBU, ROKAN HILIR, RIAU",6,128,137,265
https://kawalpemilu.org#90455,"TELUKPIYAI PESISIR, KUBU, ROKAN HILIR, RIAU",7,98,54,152
https://kawalpemilu.org#90455,"TELUKPIYAI PESISIR, KUBU, ROKAN HILIR, RIAU",8,47,67,114
https://kawalpemilu.org#90456,"SUNGAIKUBU HULU, KUBU, ROKAN HILIR, RIAU",1,40,117,157
https://kawalpemilu.org#90456,"SUNGAIKUBU HULU, KUBU, ROKAN HILIR, RIAU",2,65,129,194
https://kawalpemilu.org#90456,"SUNGAIKUBU HULU, KUBU, ROKAN HILIR, RIAU",3,61,61,122
https://kawalpemilu.org#90456,"SUNGAIKUBU HULU, KUBU, ROKAN HILIR, RIAU",5,42,123,165
https://kawalpemilu.org#90456,"SUNGAIKUBU HULU, KUBU, ROKAN HILIR, RIAU",6,85,105,190
https://kawalpemilu.org#928929,"SUNGAISEGAJAH JAYA, KUBU, ROKAN HILIR, RIAU",1,106,97,203
https://kawalpemilu.org#928929,"SUNGAISEGAJAH JAYA, KUBU, ROKAN HILIR, RIAU",4,49,92,141
https://kawalpemilu.org#928929,"SUNGAISEGAJAH JAYA, KUBU, ROKAN HILIR, RIAU",5,109,37,146
https://kawalpemilu.org#928929,"SUNGAISEGAJAH JAYA, KUBU, ROKAN HILIR, RIAU",6,29,28,57
https://kawalpemilu.org#928929,"SUNGAISEGAJAH JAYA, KUBU, ROKAN HILIR, RIAU",7,61,91,152
https://kawalpemilu.org#928929,"SUNGAISEGAJAH JAYA, KUBU, ROKAN HILIR, RIAU",8,79,29,108
https://kawalpemilu.org#928929,"SUNGAISEGAJAH JAYA, KUBU, ROKAN HILIR, RIAU",9,49,75,124
https://kawalpemilu.org#15272,"BAGAN KOTA, BANGKO, ROKAN HILIR, RIAU",1,47,63,110
https://kawalpemilu.org#15272,"BAGAN KOTA, BANGKO, ROKAN HILIR, RIAU",5,91,4,95
https://kawalpemilu.org#15272,"BAGAN KOTA, BANGKO, ROKAN HILIR, RIAU",19,26,88,114
https://kawalpemilu.org#15273,"BAGAN HULU, BANGKO, ROKAN HILIR, RIAU",1,61,112,173
https://kawalpemilu.org#15273,"BAGAN HULU, BANGKO, ROKAN HILIR, RIAU",2,48,76,124
https://kawalpemilu.org#15273,"BAGAN HULU, BANGKO, ROKAN HILIR, RIAU",3,44,58,102
https://kawalpemilu.org#15273,"BAGAN HULU, BANGKO, ROKAN HILIR, RIAU",4,15,129,144
https://kawalpemilu.org#15273,"BAGAN HULU, BANGKO, ROKAN HILIR, RIAU",5,29,179,208
https://kawalpemilu.org#15273,"BAGAN HULU, BANGKO, ROKAN HILIR, RIAU",7,37,130,167
https://kawalpemilu.org#15273,"BAGAN HULU, BANGKO, ROKAN HILIR, RIAU",9,16,219,235
https://kawalpemilu.org#15273,"BAGAN HULU, BANGKO, ROKAN HILIR, RIAU",11,29,159,188
https://kawalpemilu.org#15273,"BAGAN HULU, BANGKO, ROKAN HILIR, RIAU",15,14,137,151
https://kawalpemilu.org#15273,"BAGAN HULU, BANGKO, ROKAN HILIR, RIAU",16,32,125,157
https://kawalpemilu.org#15273,"BAGAN HULU, BANGKO, ROKAN HILIR, RIAU",20,11,112,123
https://kawalpemilu.org#15273,"BAGAN HULU, BANGKO, ROKAN HILIR, RIAU",22,68,38,106
https://kawalpemilu.org#15273,"BAGAN HULU, BANGKO, ROKAN HILIR, RIAU",24,21,169,190
https://kawalpemilu.org#15273,"BAGAN HULU, BANGKO, ROKAN HILIR, RIAU",26,28,172,200
https://kawalpemilu.org#15273,"BAGAN HULU, BANGKO, ROKAN HILIR, RIAU",28,20,149,169
https://kawalpemilu.org#15273,"BAGAN HULU, BANGKO, ROKAN HILIR, RIAU",31,0,0,0
https://kawalpemilu.org#15273,"BAGAN HULU, BANGKO, ROKAN HILIR, RIAU",34,11,111,122
https://kawalpemilu.org#15273,"BAGAN HULU, BANGKO, ROKAN HILIR, RIAU",35,20,124,144
https://kawalpemilu.org#15274,"BAGAN BARAT, BANGKO, ROKAN HILIR, RIAU",1,33,76,109
https://kawalpemilu.org#15274,"BAGAN BARAT, BANGKO, ROKAN HILIR, RIAU",2,50,37,87
https://kawalpemilu.org#15274,"BAGAN BARAT, BANGKO, ROKAN HILIR, RIAU",3,48,106,154
https://kawalpemilu.org#15274,"BAGAN BARAT, BANGKO, ROKAN HILIR, RIAU",4,47,106,153
https://kawalpemilu.org#15274,"BAGAN BARAT, BANGKO, ROKAN HILIR, RIAU",5,43,101,144
https://kawalpemilu.org#15274,"BAGAN BARAT, BANGKO, ROKAN HILIR, RIAU",6,33,112,145
https://kawalpemilu.org#15274,"BAGAN BARAT, BANGKO, ROKAN HILIR, RIAU",7,77,51,128
https://kawalpemilu.org#15274,"BAGAN BARAT, BANGKO, ROKAN HILIR, RIAU",8,49,27,121
https://kawalpemilu.org#15274,"BAGAN BARAT, BANGKO, ROKAN HILIR, RIAU",9,63,93,156
https://kawalpemilu.org#15274,"BAGAN BARAT, BANGKO, ROKAN HILIR, RIAU",10,99,122,221
https://kawalpemilu.org#15274,"BAGAN BARAT, BANGKO, ROKAN HILIR, RIAU",11,51,151,202
https://kawalpemilu.org#15274,"BAGAN BARAT, BANGKO, ROKAN HILIR, RIAU",12,57,37,94
https://kawalpemilu.org#15274,"BAGAN BARAT, BANGKO, ROKAN HILIR, RIAU",13,121,51,172
https://kawalpemilu.org#15274,"BAGAN BARAT, BANGKO, ROKAN HILIR, RIAU",14,37,110,147
https://kawalpemilu.org#15274,"BAGAN BARAT, BANGKO, ROKAN HILIR, RIAU",15,56,21,77
https://kawalpemilu.org#15274,"BAGAN BARAT, BANGKO, ROKAN HILIR, RIAU",17,52,16,68
https://kawalpemilu.org#15274,"BAGAN BARAT, BANGKO, ROKAN HILIR, RIAU",18,102,4,106
https://kawalpemilu.org#15274,"BAGAN BARAT, BANGKO, ROKAN HILIR, RIAU",19,75,17,92
https://kawalpemilu.org#15274,"BAGAN BARAT, BANGKO, ROKAN HILIR, RIAU",20,72,5,77
https://kawalpemilu.org#15274,"BAGAN BARAT, BANGKO, ROKAN HILIR, RIAU",21,83,10,93
https://kawalpemilu.org#15274,"BAGAN BARAT, BANGKO, ROKAN HILIR, RIAU",22,63,149,212
https://kawalpemilu.org#15274,"BAGAN BARAT, BANGKO, ROKAN HILIR, RIAU",23,55,87,142
https://kawalpemilu.org#15274,"BAGAN BARAT, BANGKO, ROKAN HILIR, RIAU",24,73,185,258
https://kawalpemilu.org#15274,"BAGAN BARAT, BANGKO, ROKAN HILIR, RIAU",25,52,73,125
https://kawalpemilu.org#15274,"BAGAN BARAT, BANGKO, ROKAN HILIR, RIAU",26,88,8,96
https://kawalpemilu.org#15274,"BAGAN BARAT, BANGKO, ROKAN HILIR, RIAU",27,91,26,117
https://kawalpemilu.org#15274,"BAGAN BARAT, BANGKO, ROKAN HILIR, RIAU",28,36,15,51
https://kawalpemilu.org#15274,"BAGAN BARAT, BANGKO, ROKAN HILIR, RIAU",29,38,88,126
https://kawalpemilu.org#15274,"BAGAN BARAT, BANGKO, ROKAN HILIR, RIAU",30,38,64,102
https://kawalpemilu.org#15274,"BAGAN BARAT, BANGKO, ROKAN HILIR, RIAU",31,77,107,184
https://kawalpemilu.org#15274,"BAGAN BARAT, BANGKO, ROKAN HILIR, RIAU",32,53,115,168
https://kawalpemilu.org#15274,"BAGAN BARAT, BANGKO, ROKAN HILIR, RIAU",33,36,55,91
https://kawalpemilu.org#15274,"BAGAN BARAT, BANGKO, ROKAN HILIR, RIAU",34,65,35,100
https://kawalpemilu.org#15274,"BAGAN BARAT, BANGKO, ROKAN HILIR, RIAU",35,156,10,166
https://kawalpemilu.org#15274,"BAGAN BARAT, BANGKO, ROKAN HILIR, RIAU",36,36,6,42
https://kawalpemilu.org#15274,"BAGAN BARAT, BANGKO, ROKAN HILIR, RIAU",37,30,58,88
https://kawalpemilu.org#15274,"BAGAN BARAT, BANGKO, ROKAN HILIR, RIAU",38,42,32,74
https://kawalpemilu.org#15274,"BAGAN BARAT, BANGKO, ROKAN HILIR, RIAU",39,37,95,132
https://kawalpemilu.org#15274,"BAGAN BARAT, BANGKO, ROKAN HILIR, RIAU",40,53,84,137
https://kawalpemilu.org#15274,"BAGAN BARAT, BANGKO, ROKAN HILIR, RIAU",41,64,35,99
https://kawalpemilu.org#15274,"BAGAN BARAT, BANGKO, ROKAN HILIR, RIAU",42,40,115,155
https://kawalpemilu.org#15274,"BAGAN BARAT, BANGKO, ROKAN HILIR, RIAU",43,72,11,83
https://kawalpemilu.org#15274,"BAGAN BARAT, BANGKO, ROKAN HILIR, RIAU",44,55,20,75
https://kawalpemilu.org#15274,"BAGAN BARAT, BANGKO, ROKAN HILIR, RIAU",45,58,21,79
https://kawalpemilu.org#15274,"BAGAN BARAT, BANGKO, ROKAN HILIR, RIAU",46,67,1,68
https://kawalpemilu.org#15274,"BAGAN BARAT, BANGKO, ROKAN HILIR, RIAU",47,42,120,162
https://kawalpemilu.org#15274,"BAGAN BARAT, BANGKO, ROKAN HILIR, RIAU",48,38,98,136
https://kawalpemilu.org#15274,"BAGAN BARAT, BANGKO, ROKAN HILIR, RIAU",49,37,96,133
https://kawalpemilu.org#15274,"BAGAN BARAT, BANGKO, ROKAN HILIR, RIAU",50,48,82,130
https://kawalpemilu.org#15275,"BAGAN TIMUR, BANGKO, ROKAN HILIR, RIAU",1,47,125,172
https://kawalpemilu.org#15275,"BAGAN TIMUR, BANGKO, ROKAN HILIR, RIAU",3,20,5,25
https://kawalpemilu.org#15275,"BAGAN TIMUR, BANGKO, ROKAN HILIR, RIAU",4,61,84,145
https://kawalpemilu.org#15275,"BAGAN TIMUR, BANGKO, ROKAN HILIR, RIAU",6,74,2,76
https://kawalpemilu.org#15275,"BAGAN TIMUR, BANGKO, ROKAN HILIR, RIAU",7,54,7,61
https://kawalpemilu.org#15275,"BAGAN TIMUR, BANGKO, ROKAN HILIR, RIAU",8,31,146,177
https://kawalpemilu.org#15275,"BAGAN TIMUR, BANGKO, ROKAN HILIR, RIAU",9,20,198,218
https://kawalpemilu.org#15275,"BAGAN TIMUR, BANGKO, ROKAN HILIR, RIAU",10,16,133,149
https://kawalpemilu.org#15275,"BAGAN TIMUR, BANGKO, ROKAN HILIR, RIAU",11,14,98,112
https://kawalpemilu.org#15275,"BAGAN TIMUR, BANGKO, ROKAN HILIR, RIAU",12,22,89,111
https://kawalpemilu.org#15275,"BAGAN TIMUR, BANGKO, ROKAN HILIR, RIAU",13,26,108,134
https://kawalpemilu.org#15275,"BAGAN TIMUR, BANGKO, ROKAN HILIR, RIAU",14,22,118,142
https://kawalpemilu.org#15275,"BAGAN TIMUR, BANGKO, ROKAN HILIR, RIAU",15,21,181,202
https://kawalpemilu.org#15275,"BAGAN TIMUR, BANGKO, ROKAN HILIR, RIAU",16,22,187,209
https://kawalpemilu.org#15275,"BAGAN TIMUR, BANGKO, ROKAN HILIR, RIAU",17,28,164,192
https://kawalpemilu.org#15275,"BAGAN TIMUR, BANGKO, ROKAN HILIR, RIAU",18,6,161,167
https://kawalpemilu.org#15275,"BAGAN TIMUR, BANGKO, ROKAN HILIR, RIAU",19,46,168,214
https://kawalpemilu.org#15275,"BAGAN TIMUR, BANGKO, ROKAN HILIR, RIAU",20,16,120,136
https://kawalpemilu.org#15275,"BAGAN TIMUR, BANGKO, ROKAN HILIR, RIAU",21,7,141,148
https://kawalpemilu.org#15275,"BAGAN TIMUR, BANGKO, ROKAN HILIR, RIAU",22,22,172,194
https://kawalpemilu.org#15275,"BAGAN TIMUR, BANGKO, ROKAN HILIR, RIAU",23,34,75,109
https://kawalpemilu.org#15275,"BAGAN TIMUR, BANGKO, ROKAN HILIR, RIAU",24,75,0,75
https://kawalpemilu.org#15275,"BAGAN TIMUR, BANGKO, ROKAN HILIR, RIAU",25,23,173,176
https://kawalpemilu.org#15275,"BAGAN TIMUR, BANGKO, ROKAN HILIR, RIAU",26,26,97,123
https://kawalpemilu.org#15275,"BAGAN TIMUR, BANGKO, ROKAN HILIR, RIAU",27,15,149,164
https://kawalpemilu.org#15275,"BAGAN TIMUR, BANGKO, ROKAN HILIR, RIAU",28,15,112,127
https://kawalpemilu.org#15275,"BAGAN TIMUR, BANGKO, ROKAN HILIR, RIAU",29,24,92,116
https://kawalpemilu.org#15275,"BAGAN TIMUR, BANGKO, ROKAN HILIR, RIAU",30,16,107,123
https://kawalpemilu.org#15275,"BAGAN TIMUR, BANGKO, ROKAN HILIR, RIAU",31,38,143,181
https://kawalpemilu.org#15275,"BAGAN TIMUR, BANGKO, ROKAN HILIR, RIAU",32,13,92,105
https://kawalpemilu.org#15276,"LABUHAN TANGGA KECIL, BANGKO, ROKAN HILIR, RIAU",1,57,65,122
https://kawalpemilu.org#15276,"LABUHAN TANGGA KECIL, BANGKO, ROKAN HILIR, RIAU",2,50,73,123
https://kawalpemilu.org#15276,"LABUHAN TANGGA KECIL, BANGKO, ROKAN HILIR, RIAU",3,27,52,79
https://kawalpemilu.org#15276,"LABUHAN TANGGA KECIL, BANGKO, ROKAN HILIR, RIAU",4,30,155,185
https://kawalpemilu.org#15276,"LABUHAN TANGGA KECIL, BANGKO, ROKAN HILIR, RIAU",5,72,99,171
https://kawalpemilu.org#15276,"LABUHAN TANGGA KECIL, BANGKO, ROKAN HILIR, RIAU",6,72,111,183
https://kawalpemilu.org#15276,"LABUHAN TANGGA KECIL, BANGKO, ROKAN HILIR, RIAU",7,33,92,125
https://kawalpemilu.org#15276,"LABUHAN TANGGA KECIL, BANGKO, ROKAN HILIR, RIAU",8,18,141,159
https://kawalpemilu.org#15277,"LABUHAN TANGGA BESAR, BANGKO, ROKAN HILIR, RIAU",1,112,76,188
https://kawalpemilu.org#15277,"LABUHAN TANGGA BESAR, BANGKO, ROKAN HILIR, RIAU",2,112,76,188
https://kawalpemilu.org#15277,"LABUHAN TANGGA BESAR, BANGKO, ROKAN HILIR, RIAU",3,82,71,153
https://kawalpemilu.org#15277,"LABUHAN TANGGA BESAR, BANGKO, ROKAN HILIR, RIAU",4,157,78,235
https://kawalpemilu.org#15277,"LABUHAN TANGGA BESAR, BANGKO, ROKAN HILIR, RIAU",5,149,46,195
https://kawalpemilu.org#15277,"LABUHAN TANGGA BESAR, BANGKO, ROKAN HILIR, RIAU",6,61,68,129
https://kawalpemilu.org#15277,"LABUHAN TANGGA BESAR, BANGKO, ROKAN HILIR, RIAU",7,72,60,132
https://kawalpemilu.org#15277,"LABUHAN TANGGA BESAR, BANGKO, ROKAN HILIR, RIAU",8,129,87,216
https://kawalpemilu.org#15277,"LABUHAN TANGGA BESAR, BANGKO, ROKAN HILIR, RIAU",9,137,40,177
https://kawalpemilu.org#15278,"BAGAN PUNAK, BANGKO, ROKAN HILIR, RIAU",1,36,168,204
https://kawalpemilu.org#15278,"BAGAN PUNAK, BANGKO, ROKAN HILIR, RIAU",2,26,164,190
https://kawalpemilu.org#15278,"BAGAN PUNAK, BANGKO, ROKAN HILIR, RIAU",4,12,103,115
https://kawalpemilu.org#15278,"BAGAN PUNAK, BANGKO, ROKAN HILIR, RIAU",5,38,121,159
https://kawalpemilu.org#15278,"BAGAN PUNAK, BANGKO, ROKAN HILIR, RIAU",6,17,119,136
https://kawalpemilu.org#15278,"BAGAN PUNAK, BANGKO, ROKAN HILIR, RIAU",7,25,120,145
https://kawalpemilu.org#15278,"BAGAN PUNAK, BANGKO, ROKAN HILIR, RIAU",8,29,104,133
https://kawalpemilu.org#15278,"BAGAN PUNAK, BANGKO, ROKAN HILIR, RIAU",9,10,150,160
https://kawalpemilu.org#15278,"BAGAN PUNAK, BANGKO, ROKAN HILIR, RIAU",10,24,160,184
https://kawalpemilu.org#15278,"BAGAN PUNAK, BANGKO, ROKAN HILIR, RIAU",11,11,134,143
https://kawalpemilu.org#15278,"BAGAN PUNAK, BANGKO, ROKAN HILIR, RIAU",12,12,53,65
https://kawalpemilu.org#15278,"BAGAN PUNAK, BANGKO, ROKAN HILIR, RIAU",13,14,194,208
https://kawalpemilu.org#15278,"BAGAN PUNAK, BANGKO, ROKAN HILIR, RIAU",14,51,87,138
https://kawalpemilu.org#15278,"BAGAN PUNAK, BANGKO, ROKAN HILIR, RIAU",15,25,145,170
https://kawalpemilu.org#15278,"BAGAN PUNAK, BANGKO, ROKAN HILIR, RIAU",16,20,166,186
https://kawalpemilu.org#15278,"BAGAN PUNAK, BANGKO, ROKAN HILIR, RIAU",18,9,139,148
https://kawalpemilu.org#15278,"BAGAN PUNAK, BANGKO, ROKAN HILIR, RIAU",19,21,129,150
https://kawalpemilu.org#15278,"BAGAN PUNAK, BANGKO, ROKAN HILIR, RIAU",20,21,129,150
https://kawalpemilu.org#15278,"BAGAN PUNAK, BANGKO, ROKAN HILIR, RIAU",21,31,91,122
https://kawalpemilu.org#15278,"BAGAN PUNAK, BANGKO, ROKAN HILIR, RIAU",22,14,189,203
https://kawalpemilu.org#15278,"BAGAN PUNAK, BANGKO, ROKAN HILIR, RIAU",23,23,165,188
https://kawalpemilu.org#15279,"BAGAN JAWA, BANGKO, ROKAN HILIR, RIAU",1,97,101,198
https://kawalpemilu.org#15279,"BAGAN JAWA, BANGKO, ROKAN HILIR, RIAU",2,30,108,138
https://kawalpemilu.org#15279,"BAGAN JAWA, BANGKO, ROKAN HILIR, RIAU",3,67,26,93
https://kawalpemilu.org#15279,"BAGAN JAWA, BANGKO, ROKAN HILIR, RIAU",4,78,61,139
https://kawalpemilu.org#15279,"BAGAN JAWA, BANGKO, ROKAN HILIR, RIAU",5,75,110,185
https://kawalpemilu.org#15279,"BAGAN JAWA, BANGKO, ROKAN HILIR, RIAU",7,32,123,155
https://kawalpemilu.org#15279,"BAGAN JAWA, BANGKO, ROKAN HILIR, RIAU",8,7,103,110
https://kawalpemilu.org#15279,"BAGAN JAWA, BANGKO, ROKAN HILIR, RIAU",9,14,72,86
https://kawalpemilu.org#15279,"BAGAN JAWA, BANGKO, ROKAN HILIR, RIAU",11,18,115,133
https://kawalpemilu.org#15279,"BAGAN JAWA, BANGKO, ROKAN HILIR, RIAU",12,21,114,135
https://kawalpemilu.org#15279,"BAGAN JAWA, BANGKO, ROKAN HILIR, RIAU",13,30,111,141
https://kawalpemilu.org#15279,"BAGAN JAWA, BANGKO, ROKAN HILIR, RIAU",14,42,165,207
https://kawalpemilu.org#15279,"BAGAN JAWA, BANGKO, ROKAN HILIR, RIAU",15,46,120,166
https://kawalpemilu.org#15279,"BAGAN JAWA, BANGKO, ROKAN HILIR, RIAU",16,13,101,114
https://kawalpemilu.org#15279,"BAGAN JAWA, BANGKO, ROKAN HILIR, RIAU",17,28,87,115
https://kawalpemilu.org#15279,"BAGAN JAWA, BANGKO, ROKAN HILIR, RIAU",18,43,49,92
https://kawalpemilu.org#15279,"BAGAN JAWA, BANGKO, ROKAN HILIR, RIAU",19,10,99,109
https://kawalpemilu.org#15279,"BAGAN JAWA, BANGKO, ROKAN HILIR, RIAU",20,30,113,143
https://kawalpemilu.org#15279,"BAGAN JAWA, BANGKO, ROKAN HILIR, RIAU",22,27,136,163
https://kawalpemilu.org#15279,"BAGAN JAWA, BANGKO, ROKAN HILIR, RIAU",23,17,101,118
https://kawalpemilu.org#15279,"BAGAN JAWA, BANGKO, ROKAN HILIR, RIAU",24,14,69,83
https://kawalpemilu.org#15279,"BAGAN JAWA, BANGKO, ROKAN HILIR, RIAU",25,34,95,129
https://kawalpemilu.org#15279,"BAGAN JAWA, BANGKO, ROKAN HILIR, RIAU",27,56,86,142
https://kawalpemilu.org#15280,"PARIT AMAN, BANGKO, ROKAN HILIR, RIAU",1,62,136,198
https://kawalpemilu.org#15280,"PARIT AMAN, BANGKO, ROKAN HILIR, RIAU",2,28,119,147
https://kawalpemilu.org#15280,"PARIT AMAN, BANGKO, ROKAN HILIR, RIAU",3,77,150,227
https://kawalpemilu.org#15280,"PARIT AMAN, BANGKO, ROKAN HILIR, RIAU",4,51,85,136
https://kawalpemilu.org#15280,"PARIT AMAN, BANGKO, ROKAN HILIR, RIAU",5,63,112,175
https://kawalpemilu.org#15280,"PARIT AMAN, BANGKO, ROKAN HILIR, RIAU",6,109,41,150
https://kawalpemilu.org#15280,"PARIT AMAN, BANGKO, ROKAN HILIR, RIAU",7,83,155,238
https://kawalpemilu.org#15280,"PARIT AMAN, BANGKO, ROKAN HILIR, RIAU",8,74,90,164
https://kawalpemilu.org#15280,"PARIT AMAN, BANGKO, ROKAN HILIR, RIAU",9,53,65,118
https://kawalpemilu.org#15280,"PARIT AMAN, BANGKO, ROKAN HILIR, RIAU",10,69,153,222
https://kawalpemilu.org#15280,"PARIT AMAN, BANGKO, ROKAN HILIR, RIAU",11,53,99,152
https://kawalpemilu.org#15280,"PARIT AMAN, BANGKO, ROKAN HILIR, RIAU",12,39,96,135
https://kawalpemilu.org#15281,"LABUHAN TANGGA BARU, BANGKO, ROKAN HILIR, RIAU",1,121,24,145
https://kawalpemilu.org#15281,"LABUHAN TANGGA BARU, BANGKO, ROKAN HILIR, RIAU",2,131,24,155
https://kawalpemilu.org#15281,"LABUHAN TANGGA BARU, BANGKO, ROKAN HILIR, RIAU",3,118,16,134
https://kawalpemilu.org#15281,"LABUHAN TANGGA BARU, BANGKO, ROKAN HILIR, RIAU",4,121,26,147
https://kawalpemilu.org#15281,"LABUHAN TANGGA BARU, BANGKO, ROKAN HILIR, RIAU",5,98,22,120
https://kawalpemilu.org#15281,"LABUHAN TANGGA BARU, BANGKO, ROKAN HILIR, RIAU",6,115,22,137
https://kawalpemilu.org#15282,"BAGAN JAWA PESISIR, BANGKO, ROKAN HILIR, RIAU",1,56,19,75
https://kawalpemilu.org#15282,"BAGAN JAWA PESISIR, BANGKO, ROKAN HILIR, RIAU",2,81,148,229
https://kawalpemilu.org#15282,"BAGAN JAWA PESISIR, BANGKO, ROKAN HILIR, RIAU",3,19,171,190
https://kawalpemilu.org#15282,"BAGAN JAWA PESISIR, BANGKO, ROKAN HILIR, RIAU",4,24,149,173
https://kawalpemilu.org#15282,"BAGAN JAWA PESISIR, BANGKO, ROKAN HILIR, RIAU",5,39,160,199
https://kawalpemilu.org#15282,"BAGAN JAWA PESISIR, BANGKO, ROKAN HILIR, RIAU",6,31,157,188
https://kawalpemilu.org#15282,"BAGAN JAWA PESISIR, BANGKO, ROKAN HILIR, RIAU",7,42,113,155
https://kawalpemilu.org#15282,"BAGAN JAWA PESISIR, BANGKO, ROKAN HILIR, RIAU",8,27,185,212
https://kawalpemilu.org#15282,"BAGAN JAWA PESISIR, BANGKO, ROKAN HILIR, RIAU",10,30,93,123
https://kawalpemilu.org#15283,"SERUSA, BANGKO, ROKAN HILIR, RIAU",3,89,36,125
https://kawalpemilu.org#15283,"SERUSA, BANGKO, ROKAN HILIR, RIAU",4,132,29,161
https://kawalpemilu.org#15283,"SERUSA, BANGKO, ROKAN HILIR, RIAU",5,94,124,218
https://kawalpemilu.org#15283,"SERUSA, BANGKO, ROKAN HILIR, RIAU",6,103,86,189
https://kawalpemilu.org#15283,"SERUSA, BANGKO, ROKAN HILIR, RIAU",7,146,45,191
https://kawalpemilu.org#15284,"BAGAN PUNAK MERANTI, BANGKO, ROKAN HILIR, RIAU",1,26,126,152
https://kawalpemilu.org#15284,"BAGAN PUNAK MERANTI, BANGKO, ROKAN HILIR, RIAU",2,29,92,121
https://kawalpemilu.org#15284,"BAGAN PUNAK MERANTI, BANGKO, ROKAN HILIR, RIAU",3,28,133,161
https://kawalpemilu.org#15284,"BAGAN PUNAK MERANTI, BANGKO, ROKAN HILIR, RIAU",4,47,164,211
https://kawalpemilu.org#15284,"BAGAN PUNAK MERANTI, BANGKO, ROKAN HILIR, RIAU",5,63,126,189
https://kawalpemilu.org#15284,"BAGAN PUNAK MERANTI, BANGKO, ROKAN HILIR, RIAU",6,25,113,138
https://kawalpemilu.org#15284,"BAGAN PUNAK MERANTI, BANGKO, ROKAN HILIR, RIAU",7,115,81,196
https://kawalpemilu.org#15284,"BAGAN PUNAK MERANTI, BANGKO, ROKAN HILIR, RIAU",8,25,82,107
https://kawalpemilu.org#15285,"BAGAN PUNAK PESISIR, BANGKO, ROKAN HILIR, RIAU",1,31,203,234
https://kawalpemilu.org#15285,"BAGAN PUNAK PESISIR, BANGKO, ROKAN HILIR, RIAU",2,29,98,127
https://kawalpemilu.org#15285,"BAGAN PUNAK PESISIR, BANGKO, ROKAN HILIR, RIAU",3,43,119,162
https://kawalpemilu.org#15285,"BAGAN PUNAK PESISIR, BANGKO, ROKAN HILIR, RIAU",5,40,186,226
https://kawalpemilu.org#15285,"BAGAN PUNAK PESISIR, BANGKO, ROKAN HILIR, RIAU",6,62,177,239
https://kawalpemilu.org#15285,"BAGAN PUNAK PESISIR, BANGKO, ROKAN HILIR, RIAU",7,16,139,155
https://kawalpemilu.org#15285,"BAGAN PUNAK PESISIR, BANGKO, ROKAN HILIR, RIAU",8,43,103,146
https://kawalpemilu.org#15285,"BAGAN PUNAK PESISIR, BANGKO, ROKAN HILIR, RIAU",9,14,125,139
https://kawalpemilu.org#15285,"BAGAN PUNAK PESISIR, BANGKO, ROKAN HILIR, RIAU",10,19,156,175
https://kawalpemilu.org#15285,"BAGAN PUNAK PESISIR, BANGKO, ROKAN HILIR, RIAU",11,37,192,229
https://kawalpemilu.org#15285,"BAGAN PUNAK PESISIR, BANGKO, ROKAN HILIR, RIAU",12,41,129,170
https://kawalpemilu.org#15286,"LABUHAN TANGGA HILIR, BANGKO, ROKAN HILIR, RIAU",1,65,87,152
https://kawalpemilu.org#15286,"LABUHAN TANGGA HILIR, BANGKO, ROKAN HILIR, RIAU",2,36,135,171
https://kawalpemilu.org#15286,"LABUHAN TANGGA HILIR, BANGKO, ROKAN HILIR, RIAU",3,73,82,155
https://kawalpemilu.org#15286,"LABUHAN TANGGA HILIR, BANGKO, ROKAN HILIR, RIAU",4,50,111,161
https://kawalpemilu.org#15286,"LABUHAN TANGGA HILIR, BANGKO, ROKAN HILIR, RIAU",5,46,65,111
https://kawalpemilu.org#15286,"LABUHAN TANGGA HILIR, BANGKO, ROKAN HILIR, RIAU",6,44,76,120
https://kawalpemilu.org#15286,"LABUHAN TANGGA HILIR, BANGKO, ROKAN HILIR, RIAU",7,56,95,151
https://kawalpemilu.org#15286,"LABUHAN TANGGA HILIR, BANGKO, ROKAN HILIR, RIAU",8,51,98,149
https://kawalpemilu.org#15286,"LABUHAN TANGGA HILIR, BANGKO, ROKAN HILIR, RIAU",9,71,57,128
https://kawalpemilu.org#15288,"SEDINGINAN, TANAH PUTIH, ROKAN HILIR, RIAU",1,39,207,246
https://kawalpemilu.org#15288,"SEDINGINAN, TANAH PUTIH, ROKAN HILIR, RIAU",2,26,209,235
https://kawalpemilu.org#15288,"SEDINGINAN, TANAH PUTIH, ROKAN HILIR, RIAU",3,18,221,239
https://kawalpemilu.org#15288,"SEDINGINAN, TANAH PUTIH, ROKAN HILIR, RIAU",4,32,225,257
https://kawalpemilu.org#15288,"SEDINGINAN, TANAH PUTIH, ROKAN HILIR, RIAU",5,70,167,237
https://kawalpemilu.org#15288,"SEDINGINAN, TANAH PUTIH, ROKAN HILIR, RIAU",6,29,217,246
https://kawalpemilu.org#15288,"SEDINGINAN, TANAH PUTIH, ROKAN HILIR, RIAU",7,21,232,253
https://kawalpemilu.org#15288,"SEDINGINAN, TANAH PUTIH, ROKAN HILIR, RIAU",8,22,201,223
https://kawalpemilu.org#15288,"SEDINGINAN, TANAH PUTIH, ROKAN HILIR, RIAU",9,30,235,265
https://kawalpemilu.org#15288,"SEDINGINAN, TANAH PUTIH, ROKAN HILIR, RIAU",10,24,229,253
https://kawalpemilu.org#15288,"SEDINGINAN, TANAH PUTIH, ROKAN HILIR, RIAU",11,120,73,193
https://kawalpemilu.org#15288,"SEDINGINAN, TANAH PUTIH, ROKAN HILIR, RIAU",12,107,84,191
https://kawalpemilu.org#15288,"SEDINGINAN, TANAH PUTIH, ROKAN HILIR, RIAU",13,26,190,216
https://kawalpemilu.org#15289,"BANJAR XII, TANAH PUTIH, ROKAN HILIR, RIAU",1,47,202,249
https://kawalpemilu.org#15289,"BANJAR XII, TANAH PUTIH, ROKAN HILIR, RIAU",2,88,141,229
https://kawalpemilu.org#15289,"BANJAR XII, TANAH PUTIH, ROKAN HILIR, RIAU",3,28,206,234
https://kawalpemilu.org#15289,"BANJAR XII, TANAH PUTIH, ROKAN HILIR, RIAU",4,129,90,219
https://kawalpemilu.org#15289,"BANJAR XII, TANAH PUTIH, ROKAN HILIR, RIAU",5,132,80,212
https://kawalpemilu.org#15289,"BANJAR XII, TANAH PUTIH, ROKAN HILIR, RIAU",6,154,49,203
https://kawalpemilu.org#15289,"BANJAR XII, TANAH PUTIH, ROKAN HILIR, RIAU",7,142,64,206
https://kawalpemilu.org#15289,"BANJAR XII, TANAH PUTIH, ROKAN HILIR, RIAU",8,109,77,186
https://kawalpemilu.org#15289,"BANJAR XII, TANAH PUTIH, ROKAN HILIR, RIAU",11,134,82,216
https://kawalpemilu.org#15289,"BANJAR XII, TANAH PUTIH, ROKAN HILIR, RIAU",12,117,52,169
https://kawalpemilu.org#15290,"SEKELADI, TANAH PUTIH, ROKAN HILIR, RIAU",1,18,197,215
https://kawalpemilu.org#15290,"SEKELADI, TANAH PUTIH, ROKAN HILIR, RIAU",2,23,220,243
https://kawalpemilu.org#15290,"SEKELADI, TANAH PUTIH, ROKAN HILIR, RIAU",3,5,187,192
https://kawalpemilu.org#15290,"SEKELADI, TANAH PUTIH, ROKAN HILIR, RIAU",4,28,89,117
https://kawalpemilu.org#15290,"SEKELADI, TANAH PUTIH, ROKAN HILIR, RIAU",5,60,110,170
https://kawalpemilu.org#15290,"SEKELADI, TANAH PUTIH, ROKAN HILIR, RIAU",6,51,124,175
https://kawalpemilu.org#15290,"SEKELADI, TANAH PUTIH, ROKAN HILIR, RIAU",7,13,178,191
https://kawalpemilu.org#15290,"SEKELADI, TANAH PUTIH, ROKAN HILIR, RIAU",8,58,90,148
https://kawalpemilu.org#15291,"TELUK MEGA, TANAH PUTIH, ROKAN HILIR, RIAU",1,18,221,239
https://kawalpemilu.org#15291,"TELUK MEGA, TANAH PUTIH, ROKAN HILIR, RIAU",2,19,171,190
https://kawalpemilu.org#15291,"TELUK MEGA, TANAH PUTIH, ROKAN HILIR, RIAU",3,11,201,212
https://kawalpemilu.org#15291,"TELUK MEGA, TANAH PUTIH, ROKAN HILIR, RIAU",4,40,167,207
https://kawalpemilu.org#15291,"TELUK MEGA, TANAH PUTIH, ROKAN HILIR, RIAU",5,50,194,244
https://kawalpemilu.org#15291,"TELUK MEGA, TANAH PUTIH, ROKAN HILIR, RIAU",7,103,80,183
https://kawalpemilu.org#15291,"TELUK MEGA, TANAH PUTIH, ROKAN HILIR, RIAU",8,103,58,161
https://kawalpemilu.org#15292,"PUTAT, TANAH PUTIH, ROKAN HILIR, RIAU",1,78,132,210
https://kawalpemilu.org#15292,"PUTAT, TANAH PUTIH, ROKAN HILIR, RIAU",3,27,46,73
https://kawalpemilu.org#15293,"RANTAU BAIS, TANAH PUTIH, ROKAN HILIR, RIAU",1,8,222,230
https://kawalpemilu.org#15293,"RANTAU BAIS, TANAH PUTIH, ROKAN HILIR, RIAU",2,17,220,237
https://kawalpemilu.org#15293,"RANTAU BAIS, TANAH PUTIH, ROKAN HILIR, RIAU",3,24,173,197
https://kawalpemilu.org#15293,"RANTAU BAIS, TANAH PUTIH, ROKAN HILIR, RIAU",4,13,197,210
https://kawalpemilu.org#15293,"RANTAU BAIS, TANAH PUTIH, ROKAN HILIR, RIAU",5,14,211,225
https://kawalpemilu.org#15293,"RANTAU BAIS, TANAH PUTIH, ROKAN HILIR, RIAU",6,101,113,214
https://kawalpemilu.org#15293,"RANTAU BAIS, TANAH PUTIH, ROKAN HILIR, RIAU",7,94,76,170
https://kawalpemilu.org#15293,"RANTAU BAIS, TANAH PUTIH, ROKAN HILIR, RIAU",8,131,68,199
https://kawalpemilu.org#15293,"RANTAU BAIS, TANAH PUTIH, ROKAN HILIR, RIAU",9,122,50,172
https://kawalpemilu.org#15293,"RANTAU BAIS, TANAH PUTIH, ROKAN HILIR, RIAU",10,11,109,120
https://kawalpemilu.org#15293,"RANTAU BAIS, TANAH PUTIH, ROKAN HILIR, RIAU",11,44,9,53
https://kawalpemilu.org#15294,"UJUNG TANJUNG, TANAH PUTIH, ROKAN HILIR, RIAU",1,11,34,45
https://kawalpemilu.org#15294,"UJUNG TANJUNG, TANAH PUTIH, ROKAN HILIR, RIAU",2,46,170,216
https://kawalpemilu.org#15294,"UJUNG TANJUNG, TANAH PUTIH, ROKAN HILIR, RIAU",3,40,142,182
https://kawalpemilu.org#15294,"UJUNG TANJUNG, TANAH PUTIH, ROKAN HILIR, RIAU",4,125,84,209
https://kawalpemilu.org#15294,"UJUNG TANJUNG, TANAH PUTIH, ROKAN HILIR, RIAU",5,55,171,226
https://kawalpemilu.org#15294,"UJUNG TANJUNG, TANAH PUTIH, ROKAN HILIR, RIAU",6,65,161,226
https://kawalpemilu.org#15294,"UJUNG TANJUNG, TANAH PUTIH, ROKAN HILIR, RIAU",7,65,171,236
https://kawalpemilu.org#15294,"UJUNG TANJUNG, TANAH PUTIH, ROKAN HILIR, RIAU",8,106,83,189
https://kawalpemilu.org#15294,"UJUNG TANJUNG, TANAH PUTIH, ROKAN HILIR, RIAU",9,101,120,221
https://kawalpemilu.org#15294,"UJUNG TANJUNG, TANAH PUTIH, ROKAN HILIR, RIAU",10,90,145,235
https://kawalpemilu.org#15294,"UJUNG TANJUNG, TANAH PUTIH, ROKAN HILIR, RIAU",11,125,95,220
https://kawalpemilu.org#15294,"UJUNG TANJUNG, TANAH PUTIH, ROKAN HILIR, RIAU",12,105,96,201
https://kawalpemilu.org#15294,"UJUNG TANJUNG, TANAH PUTIH, ROKAN HILIR, RIAU",13,77,109,186
https://kawalpemilu.org#15294,"UJUNG TANJUNG, TANAH PUTIH, ROKAN HILIR, RIAU",14,81,141,222
https://kawalpemilu.org#15294,"UJUNG TANJUNG, TANAH PUTIH, ROKAN HILIR, RIAU",15,54,150,204
https://kawalpemilu.org#15294,"UJUNG TANJUNG, TANAH PUTIH, ROKAN HILIR, RIAU",16,105,110,215
https://kawalpemilu.org#15294,"UJUNG TANJUNG, TANAH PUTIH, ROKAN HILIR, RIAU",17,43,141,184
https://kawalpemilu.org#15294,"UJUNG TANJUNG, TANAH PUTIH, ROKAN HILIR, RIAU",18,120,108,228
https://kawalpemilu.org#15294,"UJUNG TANJUNG, TANAH PUTIH, ROKAN HILIR, RIAU",19,85,108,193
https://kawalpemilu.org#15294,"UJUNG TANJUNG, TANAH PUTIH, ROKAN HILIR, RIAU",20,97,125,222
https://kawalpemilu.org#15294,"UJUNG TANJUNG, TANAH PUTIH, ROKAN HILIR, RIAU",21,44,51,95
https://kawalpemilu.org#15294,"UJUNG TANJUNG, TANAH PUTIH, ROKAN HILIR, RIAU",22,169,73,242
https://kawalpemilu.org#15294,"UJUNG TANJUNG, TANAH PUTIH, ROKAN HILIR, RIAU",23,72,99,171
https://kawalpemilu.org#15294,"UJUNG TANJUNG, TANAH PUTIH, ROKAN HILIR, RIAU",24,123,74,197
https://kawalpemilu.org#15294,"UJUNG TANJUNG, TANAH PUTIH, ROKAN HILIR, RIAU",25,19,70,89
https://kawalpemilu.org#15294,"UJUNG TANJUNG, TANAH PUTIH, ROKAN HILIR, RIAU",26,20,23,43
https://kawalpemilu.org#15294,"UJUNG TANJUNG, TANAH PUTIH, ROKAN HILIR, RIAU",27,60,89,149
https://kawalpemilu.org#15295,"SINTONG, TANAH PUTIH, ROKAN HILIR, RIAU",1,51,47,98
https://kawalpemilu.org#15295,"SINTONG, TANAH PUTIH, ROKAN HILIR, RIAU",2,14,178,192
https://kawalpemilu.org#15295,"SINTONG, TANAH PUTIH, ROKAN HILIR, RIAU",3,54,182,236
https://kawalpemilu.org#15295,"SINTONG, TANAH PUTIH, ROKAN HILIR, RIAU",4,142,84,226
https://kawalpemilu.org#15295,"SINTONG, TANAH PUTIH, ROKAN HILIR, RIAU",5,93,93,186
https://kawalpemilu.org#15295,"SINTONG, TANAH PUTIH, ROKAN HILIR, RIAU",6,161,73,234
https://kawalpemilu.org#15295,"SINTONG, TANAH PUTIH, ROKAN HILIR, RIAU",7,115,48,163
https://kawalpemilu.org#15295,"SINTONG, TANAH PUTIH, ROKAN HILIR, RIAU",8,12,186,198
https://kawalpemilu.org#15295,"SINTONG, TANAH PUTIH, ROKAN HILIR, RIAU",9,136,105,241
https://kawalpemilu.org#15295,"SINTONG, TANAH PUTIH, ROKAN HILIR, RIAU",10,42,61,103
https://kawalpemilu.org#15296,"MUMUGO, TANAH PUTIH, ROKAN HILIR, RIAU",1,133,70,203
https://kawalpemilu.org#15296,"MUMUGO, TANAH PUTIH, ROKAN HILIR, RIAU",2,170,27,197
https://kawalpemilu.org#15296,"MUMUGO, TANAH PUTIH, ROKAN HILIR, RIAU",3,151,55,206
https://kawalpemilu.org#15297,"TELUK BEREMBUN, TANAH PUTIH, ROKAN HILIR, RIAU",1,55,156,211
https://kawalpemilu.org#15297,"TELUK BEREMBUN, TANAH PUTIH, ROKAN HILIR, RIAU",2,70,145,215
https://kawalpemilu.org#15298,"MENGGALA SAKTI, TANAH PUTIH, ROKAN HILIR, RIAU",1,146,111,257
https://kawalpemilu.org#15298,"MENGGALA SAKTI, TANAH PUTIH, ROKAN HILIR, RIAU",2,88,169,257
https://kawalpemilu.org#15298,"MENGGALA SAKTI, TANAH PUTIH, ROKAN HILIR, RIAU",3,49,112,161
https://kawalpemilu.org#15298,"MENGGALA SAKTI, TANAH PUTIH, ROKAN HILIR, RIAU",4,43,96,139
https://kawalpemilu.org#15298,"MENGGALA SAKTI, TANAH PUTIH, ROKAN HILIR, RIAU",5,44,121,165
https://kawalpemilu.org#15298,"MENGGALA SAKTI, TANAH PUTIH, ROKAN HILIR, RIAU",6,11,210,221
https://kawalpemilu.org#15298,"MENGGALA SAKTI, TANAH PUTIH, ROKAN HILIR, RIAU",7,4,128,32
https://kawalpemilu.org#15298,"MENGGALA SAKTI, TANAH PUTIH, ROKAN HILIR, RIAU",8,27,214,241
https://kawalpemilu.org#15298,"MENGGALA SAKTI, TANAH PUTIH, ROKAN HILIR, RIAU",9,7,216,223
https://kawalpemilu.org#15298,"MENGGALA SAKTI, TANAH PUTIH, ROKAN HILIR, RIAU",10,102,125,227
https://kawalpemilu.org#15298,"MENGGALA SAKTI, TANAH PUTIH, ROKAN HILIR, RIAU",11,78,114,192
https://kawalpemilu.org#15298,"MENGGALA SAKTI, TANAH PUTIH, ROKAN HILIR, RIAU",12,64,116,180
https://kawalpemilu.org#15298,"MENGGALA SAKTI, TANAH PUTIH, ROKAN HILIR, RIAU",13,114,90,204
https://kawalpemilu.org#15298,"MENGGALA SAKTI, TANAH PUTIH, ROKAN HILIR, RIAU",14,93,119,212
https://kawalpemilu.org#15298,"MENGGALA SAKTI, TANAH PUTIH, ROKAN HILIR, RIAU",15,73,88,161
https://kawalpemilu.org#15298,"MENGGALA SAKTI, TANAH PUTIH, ROKAN HILIR, RIAU",16,83,124,207
https://kawalpemilu.org#15298,"MENGGALA SAKTI, TANAH PUTIH, ROKAN HILIR, RIAU",17,60,120,180
https://kawalpemilu.org#15298,"MENGGALA SAKTI, TANAH PUTIH, ROKAN HILIR, RIAU",18,55,86,141
https://kawalpemilu.org#15298,"MENGGALA SAKTI, TANAH PUTIH, ROKAN HILIR, RIAU",19,93,119,212
https://kawalpemilu.org#15298,"MENGGALA SAKTI, TANAH PUTIH, ROKAN HILIR, RIAU",20,101,106,207
https://kawalpemilu.org#15298,"MENGGALA SAKTI, TANAH PUTIH, ROKAN HILIR, RIAU",22,34,116,150
https://kawalpemilu.org#15298,"MENGGALA SAKTI, TANAH PUTIH, ROKAN HILIR, RIAU",23,66,62,128
https://kawalpemilu.org#15298,"MENGGALA SAKTI, TANAH PUTIH, ROKAN HILIR, RIAU",24,87,69,156
https://kawalpemilu.org#15299,"SEKELADI HILIR, TANAH PUTIH, ROKAN HILIR, RIAU",1,14,227,241
https://kawalpemilu.org#15299,"SEKELADI HILIR, TANAH PUTIH, ROKAN HILIR, RIAU",2,14,237,251
https://kawalpemilu.org#15299,"SEKELADI HILIR, TANAH PUTIH, ROKAN HILIR, RIAU",3,62,156,218
https://kawalpemilu.org#15299,"SEKELADI HILIR, TANAH PUTIH, ROKAN HILIR, RIAU",4,34,155,189
https://kawalpemilu.org#15299,"SEKELADI HILIR, TANAH PUTIH, ROKAN HILIR, RIAU",5,15,200,215
https://kawalpemilu.org#15299,"SEKELADI HILIR, TANAH PUTIH, ROKAN HILIR, RIAU",6,38,78,116
https://kawalpemilu.org#15300,"MENGGALA SEMPURNA, TANAH PUTIH, ROKAN HILIR, RIAU",1,129,91,220
https://kawalpemilu.org#15300,"MENGGALA SEMPURNA, TANAH PUTIH, ROKAN HILIR, RIAU",2,80,119,199
https://kawalpemilu.org#15300,"MENGGALA SEMPURNA, TANAH PUTIH, ROKAN HILIR, RIAU",3,43,31,74
https://kawalpemilu.org#15300,"MENGGALA SEMPURNA, TANAH PUTIH, ROKAN HILIR, RIAU",4,62,107,169
https://kawalpemilu.org#15300,"MENGGALA SEMPURNA, TANAH PUTIH, ROKAN HILIR, RIAU",5,136,65,201
https://kawalpemilu.org#15300,"MENGGALA SEMPURNA, TANAH PUTIH, ROKAN HILIR, RIAU",6,92,135,227
https://kawalpemilu.org#90461,"SINTONG PUSAKA, TANAH PUTIH, ROKAN HILIR, RIAU",1,14,221,235
https://kawalpemilu.org#90461,"SINTONG PUSAKA, TANAH PUTIH, ROKAN HILIR, RIAU",2,24,182,206
https://kawalpemilu.org#90461,"SINTONG PUSAKA, TANAH PUTIH, ROKAN HILIR, RIAU",3,29,193,222
https://kawalpemilu.org#90461,"SINTONG PUSAKA, TANAH PUTIH, ROKAN HILIR, RIAU",4,21,206,227
https://kawalpemilu.org#90461,"SINTONG PUSAKA, TANAH PUTIH, ROKAN HILIR, RIAU",5,94,35,129
https://kawalpemilu.org#90461,"SINTONG PUSAKA, TANAH PUTIH, ROKAN HILIR, RIAU",6,86,24,110
https://kawalpemilu.org#90462,"SINTONG BAKTI, TANAH PUTIH, ROKAN HILIR, RIAU",1,23,213,236
https://kawalpemilu.org#90462,"SINTONG BAKTI, TANAH PUTIH, ROKAN HILIR, RIAU",2,25,228,253
https://kawalpemilu.org#90462,"SINTONG BAKTI, TANAH PUTIH, ROKAN HILIR, RIAU",3,64,186,250
https://kawalpemilu.org#90462,"SINTONG BAKTI, TANAH PUTIH, ROKAN HILIR, RIAU",4,118,72,190
https://kawalpemilu.org#90462,"SINTONG BAKTI, TANAH PUTIH, ROKAN HILIR, RIAU",5,118,52,170
https://kawalpemilu.org#90462,"SINTONG BAKTI, TANAH PUTIH, ROKAN HILIR, RIAU",6,179,79,258
https://kawalpemilu.org#90462,"SINTONG BAKTI, TANAH PUTIH, ROKAN HILIR, RIAU",7,36,209,245
https://kawalpemilu.org#90462,"SINTONG BAKTI, TANAH PUTIH, ROKAN HILIR, RIAU",8,126,99,225
https://kawalpemilu.org#90462,"SINTONG BAKTI, TANAH PUTIH, ROKAN HILIR, RIAU",9,137,56,193
https://kawalpemilu.org#90463,"SINTONG MAKMUR, TANAH PUTIH, ROKAN HILIR, RIAU",1,116,100,216
https://kawalpemilu.org#90463,"SINTONG MAKMUR, TANAH PUTIH, ROKAN HILIR, RIAU",2,87,86,173
https://kawalpemilu.org#90463,"SINTONG MAKMUR, TANAH PUTIH, ROKAN HILIR, RIAU",3,109,101,210
https://kawalpemilu.org#90463,"SINTONG MAKMUR, TANAH PUTIH, ROKAN HILIR, RIAU",4,108,82,190
https://kawalpemilu.org#90463,"SINTONG MAKMUR, TANAH PUTIH, ROKAN HILIR, RIAU",5,77,93,170
https://kawalpemilu.org#90463,"SINTONG MAKMUR, TANAH PUTIH, ROKAN HILIR, RIAU",6,101,84,185
https://kawalpemilu.org#90463,"SINTONG MAKMUR, TANAH PUTIH, ROKAN HILIR, RIAU",7,85,117,202
https://kawalpemilu.org#928990,"CEMPEDAK RAHUK, TANAH PUTIH, ROKAN HILIR, RIAU",1,115,115,230
https://kawalpemilu.org#928990,"CEMPEDAK RAHUK, TANAH PUTIH, ROKAN HILIR, RIAU",2,114,111,225
https://kawalpemilu.org#928990,"CEMPEDAK RAHUK, TANAH PUTIH, ROKAN HILIR, RIAU",3,122,154,276
https://kawalpemilu.org#928990,"CEMPEDAK RAHUK, TANAH PUTIH, ROKAN HILIR, RIAU",4,140,89,229
https://kawalpemilu.org#928990,"CEMPEDAK RAHUK, TANAH PUTIH, ROKAN HILIR, RIAU",5,49,203,252
https://kawalpemilu.org#928990,"CEMPEDAK RAHUK, TANAH PUTIH, ROKAN HILIR, RIAU",6,45,155,200
https://kawalpemilu.org#928990,"CEMPEDAK RAHUK, TANAH PUTIH, ROKAN HILIR, RIAU",7,91,123,214
https://kawalpemilu.org#928990,"CEMPEDAK RAHUK, TANAH PUTIH, ROKAN HILIR, RIAU",8,99,108,207
https://kawalpemilu.org#928990,"CEMPEDAK RAHUK, TANAH PUTIH, ROKAN HILIR, RIAU",9,75,92,167
https://kawalpemilu.org#15302,"RIMBA MELINTANG, RIMBA MELINTANG, ROKAN HILIR, RIAU",1,28,202,230
https://kawalpemilu.org#15302,"RIMBA MELINTANG, RIMBA MELINTANG, ROKAN HILIR, RIAU",2,27,107,134
https://kawalpemilu.org#15302,"RIMBA MELINTANG, RIMBA MELINTANG, ROKAN HILIR, RIAU",3,199,10,209
https://kawalpemilu.org#15302,"RIMBA MELINTANG, RIMBA MELINTANG, ROKAN HILIR, RIAU",4,149,69,218
https://kawalpemilu.org#15302,"RIMBA MELINTANG, RIMBA MELINTANG, ROKAN HILIR, RIAU",5,67,91,158
https://kawalpemilu.org#15302,"RIMBA MELINTANG, RIMBA MELINTANG, ROKAN HILIR, RIAU",6,19,107,126
https://kawalpemilu.org#15302,"RIMBA MELINTANG, RIMBA MELINTANG, ROKAN HILIR, RIAU",7,92,67,159
https://kawalpemilu.org#15302,"RIMBA MELINTANG, RIMBA MELINTANG, ROKAN HILIR, RIAU",8,97,144,241
https://kawalpemilu.org#15302,"RIMBA MELINTANG, RIMBA MELINTANG, ROKAN HILIR, RIAU",9,87,45,132
https://kawalpemilu.org#15302,"RIMBA MELINTANG, RIMBA MELINTANG, ROKAN HILIR, RIAU",10,95,115,210
https://kawalpemilu.org#15302,"RIMBA MELINTANG, RIMBA MELINTANG, ROKAN HILIR, RIAU",11,100,79,179
https://kawalpemilu.org#15302,"RIMBA MELINTANG, RIMBA MELINTANG, ROKAN HILIR, RIAU",12,36,187,223
https://kawalpemilu.org#15302,"RIMBA MELINTANG, RIMBA MELINTANG, ROKAN HILIR, RIAU",13,85,163,248
https://kawalpemilu.org#15302,"RIMBA MELINTANG, RIMBA MELINTANG, ROKAN HILIR, RIAU",14,89,146,235
https://kawalpemilu.org#15302,"RIMBA MELINTANG, RIMBA MELINTANG, ROKAN HILIR, RIAU",15,32,140,172
https://kawalpemilu.org#15302,"RIMBA MELINTANG, RIMBA MELINTANG, ROKAN HILIR, RIAU",16,0,0,0
https://kawalpemilu.org#15302,"RIMBA MELINTANG, RIMBA MELINTANG, ROKAN HILIR, RIAU",17,64,57,121
https://kawalpemilu.org#15302,"RIMBA MELINTANG, RIMBA MELINTANG, ROKAN HILIR, RIAU",18,80,127,207
https://kawalpemilu.org#15303,"JUMRAH, RIMBA MELINTANG, ROKAN HILIR, RIAU",1,44,91,135
https://kawalpemilu.org#15303,"JUMRAH, RIMBA MELINTANG, ROKAN HILIR, RIAU",2,39,179,218
https://kawalpemilu.org#15303,"JUMRAH, RIMBA MELINTANG, ROKAN HILIR, RIAU",3,105,133,238
https://kawalpemilu.org#15303,"JUMRAH, RIMBA MELINTANG, ROKAN HILIR, RIAU",4,105,141,246
https://kawalpemilu.org#15303,"JUMRAH, RIMBA MELINTANG, ROKAN HILIR, RIAU",5,122,78,200
https://kawalpemilu.org#15303,"JUMRAH, RIMBA MELINTANG, ROKAN HILIR, RIAU",6,117,123,240
https://kawalpemilu.org#15303,"JUMRAH, RIMBA MELINTANG, ROKAN HILIR, RIAU",7,0,0,0
https://kawalpemilu.org#15303,"JUMRAH, RIMBA MELINTANG, ROKAN HILIR, RIAU",8,128,2,130
https://kawalpemilu.org#15303,"JUMRAH, RIMBA MELINTANG, ROKAN HILIR, RIAU",9,71,143,214
https://kawalpemilu.org#15303,"JUMRAH, RIMBA MELINTANG, ROKAN HILIR, RIAU",10,13,170,183
https://kawalpemilu.org#15303,"JUMRAH, RIMBA MELINTANG, ROKAN HILIR, RIAU",11,136,52,188
https://kawalpemilu.org#15304,"TELUK PULAU HILIR, RIMBA MELINTANG, ROKAN HILIR, RIAU",1,83,155,238
https://kawalpemilu.org#15304,"TELUK PULAU HILIR, RIMBA MELINTANG, ROKAN HILIR, RIAU",2,171,69,240
https://kawalpemilu.org#15304,"TELUK PULAU HILIR, RIMBA MELINTANG, ROKAN HILIR, RIAU",3,73,98,171
https://kawalpemilu.org#15304,"TELUK PULAU HILIR, RIMBA MELINTANG, ROKAN HILIR, RIAU",4,87,72,159
https://kawalpemilu.org#15304,"TELUK PULAU HILIR, RIMBA MELINTANG, ROKAN HILIR, RIAU",6,49,102,151
https://kawalpemilu.org#15305,"TELUK PULAU HULU, RIMBA MELINTANG, ROKAN HILIR, RIAU",2,35,206,241
https://kawalpemilu.org#15305,"TELUK PULAU HULU, RIMBA MELINTANG, ROKAN HILIR, RIAU",3,31,124,155
https://kawalpemilu.org#15305,"TELUK PULAU HULU, RIMBA MELINTANG, ROKAN HILIR, RIAU",4,20,139,159
https://kawalpemilu.org#15305,"TELUK PULAU HULU, RIMBA MELINTANG, ROKAN HILIR, RIAU",5,51,124,175
https://kawalpemilu.org#15305,"TELUK PULAU HULU, RIMBA MELINTANG, ROKAN HILIR, RIAU",6,147,87,234
https://kawalpemilu.org#15305,"TELUK PULAU HULU, RIMBA MELINTANG, ROKAN HILIR, RIAU",7,141,96,237
https://kawalpemilu.org#15305,"TELUK PULAU HULU, RIMBA MELINTANG, ROKAN HILIR, RIAU",8,142,95,237
https://kawalpemilu.org#15305,"TELUK PULAU HULU, RIMBA MELINTANG, ROKAN HILIR, RIAU",9,28,139,167
https://kawalpemilu.org#15305,"TELUK PULAU HULU, RIMBA MELINTANG, ROKAN HILIR, RIAU",10,27,122,149
https://kawalpemilu.org#15305,"TELUK PULAU HULU, RIMBA MELINTANG, ROKAN HILIR, RIAU",11,25,133,158
https://kawalpemilu.org#15306,"LENGGADAI HULU, RIMBA MELINTANG, ROKAN HILIR, RIAU",1,49,175,224
https://kawalpemilu.org#15306,"LENGGADAI HULU, RIMBA MELINTANG, ROKAN HILIR, RIAU",2,81,139,220
https://kawalpemilu.org#15306,"LENGGADAI HULU, RIMBA MELINTANG, ROKAN HILIR, RIAU",3,63,177,240
https://kawalpemilu.org#15306,"LENGGADAI HULU, RIMBA MELINTANG, ROKAN HILIR, RIAU",4,115,104,219
https://kawalpemilu.org#15306,"LENGGADAI HULU, RIMBA MELINTANG, ROKAN HILIR, RIAU",5,67,169,236
https://kawalpemilu.org#15306,"LENGGADAI HULU, RIMBA MELINTANG, ROKAN HILIR, RIAU",6,111,100,211
https://kawalpemilu.org#15306,"LENGGADAI HULU, RIMBA MELINTANG, ROKAN HILIR, RIAU",7,63,162,225
https://kawalpemilu.org#15306,"LENGGADAI HULU, RIMBA MELINTANG, ROKAN HILIR, RIAU",8,81,115,196
https://kawalpemilu.org#15306,"LENGGADAI HULU, RIMBA MELINTANG, ROKAN HILIR, RIAU",9,64,101,165
https://kawalpemilu.org#15306,"LENGGADAI HULU, RIMBA MELINTANG, ROKAN HILIR, RIAU",10,65,108,173
https://kawalpemilu.org#15306,"LENGGADAI HULU, RIMBA MELINTANG, ROKAN HILIR, RIAU",11,48,63,111
https://kawalpemilu.org#15307,"LENGGADAI HILIR, RIMBA MELINTANG, ROKAN HILIR, RIAU",1,100,121,221
https://kawalpemilu.org#15307,"LENGGADAI HILIR, RIMBA MELINTANG, ROKAN HILIR, RIAU",2,103,123,226
https://kawalpemilu.org#15307,"LENGGADAI HILIR, RIMBA MELINTANG, ROKAN HILIR, RIAU",3,73,146,219
https://kawalpemilu.org#15307,"LENGGADAI HILIR, RIMBA MELINTANG, ROKAN HILIR, RIAU",4,68,121,189
https://kawalpemilu.org#15307,"LENGGADAI HILIR, RIMBA MELINTANG, ROKAN HILIR, RIAU",5,77,89,166
https://kawalpemilu.org#15308,"MUKTI JAYA, RIMBA MELINTANG, ROKAN HILIR, RIAU",1,112,57,169
https://kawalpemilu.org#15308,"MUKTI JAYA, RIMBA MELINTANG, ROKAN HILIR, RIAU",2,74,68,142
https://kawalpemilu.org#15308,"MUKTI JAYA, RIMBA MELINTANG, ROKAN HILIR, RIAU",3,55,82,137
https://kawalpemilu.org#15308,"MUKTI JAYA, RIMBA MELINTANG, ROKAN HILIR, RIAU",4,153,97,250
https://kawalpemilu.org#15308,"MUKTI JAYA, RIMBA MELINTANG, ROKAN HILIR, RIAU",5,115,126,241
https://kawalpemilu.org#15308,"MUKTI JAYA, RIMBA MELINTANG, ROKAN HILIR, RIAU",6,100,67,167
https://kawalpemilu.org#15308,"MUKTI JAYA, RIMBA MELINTANG, ROKAN HILIR, RIAU",7,63,85,148
https://kawalpemilu.org#15308,"MUKTI JAYA, RIMBA MELINTANG, ROKAN HILIR, RIAU",8,76,69,145
https://kawalpemilu.org#15308,"MUKTI JAYA, RIMBA MELINTANG, ROKAN HILIR, RIAU",9,103,60,163
https://kawalpemilu.org#15308,"MUKTI JAYA, RIMBA MELINTANG, ROKAN HILIR, RIAU",11,64,75,139
https://kawalpemilu.org#15308,"MUKTI JAYA, RIMBA MELINTANG, ROKAN HILIR, RIAU",12,64,109,173
https://kawalpemilu.org#15309,"KARYA MUKTI, RIMBA MELINTANG, ROKAN HILIR, RIAU",1,161,57,218
https://kawalpemilu.org#15309,"KARYA MUKTI, RIMBA MELINTANG, ROKAN HILIR, RIAU",2,92,92,184
https://kawalpemilu.org#15309,"KARYA MUKTI, RIMBA MELINTANG, ROKAN HILIR, RIAU",3,108,70,178
https://kawalpemilu.org#15309,"KARYA MUKTI, RIMBA MELINTANG, ROKAN HILIR, RIAU",4,86,105,191
https://kawalpemilu.org#15309,"KARYA MUKTI, RIMBA MELINTANG, ROKAN HILIR, RIAU",5,129,62,191
https://kawalpemilu.org#15309,"KARYA MUKTI, RIMBA MELINTANG, ROKAN HILIR, RIAU",6,120,63,183
https://kawalpemilu.org#15309,"KARYA MUKTI, RIMBA MELINTANG, ROKAN HILIR, RIAU",8,118,64,182
https://kawalpemilu.org#15310,"HARAPAN JAYA, RIMBA MELINTANG, ROKAN HILIR, RIAU",1,47,73,120
https://kawalpemilu.org#15310,"HARAPAN JAYA, RIMBA MELINTANG, ROKAN HILIR, RIAU",2,113,97,210
https://kawalpemilu.org#15310,"HARAPAN JAYA, RIMBA MELINTANG, ROKAN HILIR, RIAU",3,86,59,145
https://kawalpemilu.org#15311,"SEREMBAN JAYA, RIMBA MELINTANG, ROKAN HILIR, RIAU",1,64,91,155
https://kawalpemilu.org#15311,"SEREMBAN JAYA, RIMBA MELINTANG, ROKAN HILIR, RIAU",2,114,92,206
https://kawalpemilu.org#15311,"SEREMBAN JAYA, RIMBA MELINTANG, ROKAN HILIR, RIAU",3,76,165,241
https://kawalpemilu.org#15311,"SEREMBAN JAYA, RIMBA MELINTANG, ROKAN HILIR, RIAU",4,141,83,224
https://kawalpemilu.org#15311,"SEREMBAN JAYA, RIMBA MELINTANG, ROKAN HILIR, RIAU",5,152,97,249
https://kawalpemilu.org#15311,"SEREMBAN JAYA, RIMBA MELINTANG, ROKAN HILIR, RIAU",6,67,172,239
https://kawalpemilu.org#15311,"SEREMBAN JAYA, RIMBA MELINTANG, ROKAN HILIR, RIAU",7,87,52,139
https://kawalpemilu.org#15312,"PEMATANG BOTAM, RIMBA MELINTANG, ROKAN HILIR, RIAU",1,121,101,222
https://kawalpemilu.org#15312,"PEMATANG BOTAM, RIMBA MELINTANG, ROKAN HILIR, RIAU",2,150,11,161
https://kawalpemilu.org#15312,"PEMATANG BOTAM, RIMBA MELINTANG, ROKAN HILIR, RIAU",3,91,73,164
https://kawalpemilu.org#15312,"PEMATANG BOTAM, RIMBA MELINTANG, ROKAN HILIR, RIAU",4,196,7,203
https://kawalpemilu.org#15312,"PEMATANG BOTAM, RIMBA MELINTANG, ROKAN HILIR, RIAU",5,114,36,150
https://kawalpemilu.org#15312,"PEMATANG BOTAM, RIMBA MELINTANG, ROKAN HILIR, RIAU",6,94,13,107
https://kawalpemilu.org#15312,"PEMATANG BOTAM, RIMBA MELINTANG, ROKAN HILIR, RIAU",7,72,32,104
https://kawalpemilu.org#15313,"PEMATANG SIKEK, RIMBA MELINTANG, ROKAN HILIR, RIAU",1,65,126,191
https://kawalpemilu.org#15313,"PEMATANG SIKEK, RIMBA MELINTANG, ROKAN HILIR, RIAU",2,52,92,144
https://kawalpemilu.org#15313,"PEMATANG SIKEK, RIMBA MELINTANG, ROKAN HILIR, RIAU",3,133,59,192
https://kawalpemilu.org#15313,"PEMATANG SIKEK, RIMBA MELINTANG, ROKAN HILIR, RIAU",4,114,43,157
https://kawalpemilu.org#15313,"PEMATANG SIKEK, RIMBA MELINTANG, ROKAN HILIR, RIAU",5,84,77,161
https://kawalpemilu.org#15313,"PEMATANG SIKEK, RIMBA MELINTANG, ROKAN HILIR, RIAU",6,48,141,189
https://kawalpemilu.org#15313,"PEMATANG SIKEK, RIMBA MELINTANG, ROKAN HILIR, RIAU",7,59,94,153
https://kawalpemilu.org#15313,"PEMATANG SIKEK, RIMBA MELINTANG, ROKAN HILIR, RIAU",8,85,26,111
https://kawalpemilu.org#15313,"PEMATANG SIKEK, RIMBA MELINTANG, ROKAN HILIR, RIAU",9,106,37,143
https://kawalpemilu.org#15315,"BAGAN SINEMBAH, BAGAN SINEMBAH, ROKAN HILIR, RIAU",2,38,204,242
https://kawalpemilu.org#15315,"BAGAN SINEMBAH, BAGAN SINEMBAH, ROKAN HILIR, RIAU",3,55,130,185
https://kawalpemilu.org#15315,"BAGAN SINEMBAH, BAGAN SINEMBAH, ROKAN HILIR, RIAU",4,51,182,233
https://kawalpemilu.org#15316,"BAGAN BATU, BAGAN SINEMBAH, ROKAN HILIR, RIAU",1,144,87,231
https://kawalpemilu.org#15316,"BAGAN BATU, BAGAN SINEMBAH, ROKAN HILIR, RIAU",2,119,121,240
https://kawalpemilu.org#15316,"BAGAN BATU, BAGAN SINEMBAH, ROKAN HILIR, RIAU",4,80,113,193
https://kawalpemilu.org#15316,"BAGAN BATU, BAGAN SINEMBAH, ROKAN HILIR, RIAU",5,42,76,118
https://kawalpemilu.org#15316,"BAGAN BATU, BAGAN SINEMBAH, ROKAN HILIR, RIAU",6,115,77,192
https://kawalpemilu.org#15316,"BAGAN BATU, BAGAN SINEMBAH, ROKAN HILIR, RIAU",7,62,185,247
https://kawalpemilu.org#15316,"BAGAN BATU, BAGAN SINEMBAH, ROKAN HILIR, RIAU",8,161,30,191
https://kawalpemilu.org#15316,"BAGAN BATU, BAGAN SINEMBAH, ROKAN HILIR, RIAU",11,103,84,187
https://kawalpemilu.org#15316,"BAGAN BATU, BAGAN SINEMBAH, ROKAN HILIR, RIAU",12,112,124,236
https://kawalpemilu.org#15316,"BAGAN BATU, BAGAN SINEMBAH, ROKAN HILIR, RIAU",14,166,71,237
https://kawalpemilu.org#15316,"BAGAN BATU, BAGAN SINEMBAH, ROKAN HILIR, RIAU",16,130,71,201
https://kawalpemilu.org#15316,"BAGAN BATU, BAGAN SINEMBAH, ROKAN HILIR, RIAU",17,159,115,274
https://kawalpemilu.org#15316,"BAGAN BATU, BAGAN SINEMBAH, ROKAN HILIR, RIAU",18,168,6,174
https://kawalpemilu.org#15316,"BAGAN BATU, BAGAN SINEMBAH, ROKAN HILIR, RIAU",19,180,11,191
https://kawalpemilu.org#15316,"BAGAN BATU, BAGAN SINEMBAH, ROKAN HILIR, RIAU",20,90,53,143
https://kawalpemilu.org#15316,"BAGAN BATU, BAGAN SINEMBAH, ROKAN HILIR, RIAU",21,85,178,263
https://kawalpemilu.org#15316,"BAGAN BATU, BAGAN SINEMBAH, ROKAN HILIR, RIAU",23,53,102,155
https://kawalpemilu.org#15316,"BAGAN BATU, BAGAN SINEMBAH, ROKAN HILIR, RIAU",24,70,105,175
https://kawalpemilu.org#15316,"BAGAN BATU, BAGAN SINEMBAH, ROKAN HILIR, RIAU",25,92,103,195
https://kawalpemilu.org#15316,"BAGAN BATU, BAGAN SINEMBAH, ROKAN HILIR, RIAU",26,65,50,115
https://kawalpemilu.org#15316,"BAGAN BATU, BAGAN SINEMBAH, ROKAN HILIR, RIAU",27,155,116,271
https://kawalpemilu.org#15316,"BAGAN BATU, BAGAN SINEMBAH, ROKAN HILIR, RIAU",28,114,58,172
https://kawalpemilu.org#15316,"BAGAN BATU, BAGAN SINEMBAH, ROKAN HILIR, RIAU",30,155,13,168
https://kawalpemilu.org#15316,"BAGAN BATU, BAGAN SINEMBAH, ROKAN HILIR, RIAU",31,168,20,188
https://kawalpemilu.org#15316,"BAGAN BATU, BAGAN SINEMBAH, ROKAN HILIR, RIAU",34,103,66,169
https://kawalpemilu.org#15316,"BAGAN BATU, BAGAN SINEMBAH, ROKAN HILIR, RIAU",35,162,35,197
https://kawalpemilu.org#15316,"BAGAN BATU, BAGAN SINEMBAH, ROKAN HILIR, RIAU",36,76,125,201
https://kawalpemilu.org#15316,"BAGAN BATU, BAGAN SINEMBAH, ROKAN HILIR, RIAU",37,46,76,122
https://kawalpemilu.org#15316,"BAGAN BATU, BAGAN SINEMBAH, ROKAN HILIR, RIAU",38,162,28,190
https://kawalpemilu.org#15316,"BAGAN BATU, BAGAN SINEMBAH, ROKAN HILIR, RIAU",39,61,135,196
https://kawalpemilu.org#15316,"BAGAN BATU, BAGAN SINEMBAH, ROKAN HILIR, RIAU",40,90,67,157
https://kawalpemilu.org#15316,"BAGAN BATU, BAGAN SINEMBAH, ROKAN HILIR, RIAU",41,47,63,110
https://kawalpemilu.org#15316,"BAGAN BATU, BAGAN SINEMBAH, ROKAN HILIR, RIAU",43,111,70,182
https://kawalpemilu.org#15316,"BAGAN BATU, BAGAN SINEMBAH, ROKAN HILIR, RIAU",44,140,8,148
https://kawalpemilu.org#15316,"BAGAN BATU, BAGAN SINEMBAH, ROKAN HILIR, RIAU",45,140,12,152
https://kawalpemilu.org#15316,"BAGAN BATU, BAGAN SINEMBAH, ROKAN HILIR, RIAU",46,44,75,119
https://kawalpemilu.org#15316,"BAGAN BATU, BAGAN SINEMBAH, ROKAN HILIR, RIAU",47,53,84,137
https://kawalpemilu.org#15316,"BAGAN BATU, BAGAN SINEMBAH, ROKAN HILIR, RIAU",48,115,62,177
https://kawalpemilu.org#15316,"BAGAN BATU, BAGAN SINEMBAH, ROKAN HILIR, RIAU",49,128,25,153
https://kawalpemilu.org#15316,"BAGAN BATU, BAGAN SINEMBAH, ROKAN HILIR, RIAU",50,28,58,86
https://kawalpemilu.org#15316,"BAGAN BATU, BAGAN SINEMBAH, ROKAN HILIR, RIAU",51,97,44,141
https://kawalpemilu.org#15317,"BAHTERA MAKMUR, BAGAN SINEMBAH, ROKAN HILIR, RIAU",3,114,67,181
https://kawalpemilu.org#15317,"BAHTERA MAKMUR, BAGAN SINEMBAH, ROKAN HILIR, RIAU",6,59,81,140
https://kawalpemilu.org#15317,"BAHTERA MAKMUR, BAGAN SINEMBAH, ROKAN HILIR, RIAU",7,98,112,210
https://kawalpemilu.org#15317,"BAHTERA MAKMUR, BAGAN SINEMBAH, ROKAN HILIR, RIAU",8,108,47,155
https://kawalpemilu.org#15317,"BAHTERA MAKMUR, BAGAN SINEMBAH, ROKAN HILIR, RIAU",9,108,81,189
https://kawalpemilu.org#15319,"BALAI JAYA, BAGAN SINEMBAH, ROKAN HILIR, RIAU",1,88,93,181
https://kawalpemilu.org#15319,"BALAI JAYA, BAGAN SINEMBAH, ROKAN HILIR, RIAU",2,179,43,222
https://kawalpemilu.org#15319,"BALAI JAYA, BAGAN SINEMBAH, ROKAN HILIR, RIAU",3,117,74,191
https://kawalpemilu.org#15319,"BALAI JAYA, BAGAN SINEMBAH, ROKAN HILIR, RIAU",4,106,82,188
https://kawalpemilu.org#15319,"BALAI JAYA, BAGAN SINEMBAH, ROKAN HILIR, RIAU",5,148,93,241
https://kawalpemilu.org#15319,"BALAI JAYA, BAGAN SINEMBAH, ROKAN HILIR, RIAU",8,55,141,196
https://kawalpemilu.org#15319,"BALAI JAYA, BAGAN SINEMBAH, ROKAN HILIR, RIAU",9,57,153,210
https://kawalpemilu.org#15319,"BALAI JAYA, BAGAN SINEMBAH, ROKAN HILIR, RIAU",10,119,121,240
https://kawalpemilu.org#15319,"BALAI JAYA, BAGAN SINEMBAH, ROKAN HILIR, RIAU",11,186,60,246
https://kawalpemilu.org#15319,"BALAI JAYA, BAGAN SINEMBAH, ROKAN HILIR, RIAU",12,68,53,121
https://kawalpemilu.org#15319,"BALAI JAYA, BAGAN SINEMBAH, ROKAN HILIR, RIAU",14,69,110,179
https://kawalpemilu.org#15320,"BALAM SEMPURNA, BAGAN SINEMBAH, ROKAN HILIR, RIAU",1,169,2,171
https://kawalpemilu.org#15320,"BALAM SEMPURNA, BAGAN SINEMBAH, ROKAN HILIR, RIAU",4,208,7,215
https://kawalpemilu.org#15320,"BALAM SEMPURNA, BAGAN SINEMBAH, ROKAN HILIR, RIAU",5,176,7,183
https://kawalpemilu.org#15320,"BALAM SEMPURNA, BAGAN SINEMBAH, ROKAN HILIR, RIAU",7,103,66,169
https://kawalpemilu.org#15320,"BALAM SEMPURNA, BAGAN SINEMBAH, ROKAN HILIR, RIAU",8,67,90,157
https://kawalpemilu.org#15320,"BALAM SEMPURNA, BAGAN SINEMBAH, ROKAN HILIR, RIAU",9,94,144,238
https://kawalpemilu.org#15320,"BALAM SEMPURNA, BAGAN SINEMBAH, ROKAN HILIR, RIAU",10,94,57,151
https://kawalpemilu.org#15320,"BALAM SEMPURNA, BAGAN SINEMBAH, ROKAN HILIR, RIAU",11,51,118,169
https://kawalpemilu.org#15320,"BALAM SEMPURNA, BAGAN SINEMBAH, ROKAN HILIR, RIAU",12,79,88,167
https://kawalpemilu.org#15320,"BALAM SEMPURNA, BAGAN SINEMBAH, ROKAN HILIR, RIAU",13,75,95,170
https://kawalpemilu.org#15320,"BALAM SEMPURNA, BAGAN SINEMBAH, ROKAN HILIR, RIAU",14,160,85,245
https://kawalpemilu.org#15320,"BALAM SEMPURNA, BAGAN SINEMBAH, ROKAN HILIR, RIAU",15,64,107,171
https://kawalpemilu.org#15320,"BALAM SEMPURNA, BAGAN SINEMBAH, ROKAN HILIR, RIAU",16,48,139,187
https://kawalpemilu.org#15320,"BALAM SEMPURNA, BAGAN SINEMBAH, ROKAN HILIR, RIAU",17,95,137,232
https://kawalpemilu.org#15320,"BALAM SEMPURNA, BAGAN SINEMBAH, ROKAN HILIR, RIAU",19,57,133,190
https://kawalpemilu.org#15320,"BALAM SEMPURNA, BAGAN SINEMBAH, ROKAN HILIR, RIAU",20,47,180,227
https://kawalpemilu.org#15320,"BALAM SEMPURNA, BAGAN SINEMBAH, ROKAN HILIR, RIAU",21,20,98,118
https://kawalpemilu.org#15320,"BALAM SEMPURNA, BAGAN SINEMBAH, ROKAN HILIR, RIAU",22,70,107,177
https://kawalpemilu.org#15320,"BALAM SEMPURNA, BAGAN SINEMBAH, ROKAN HILIR, RIAU",23,98,133,231
https://kawalpemilu.org#15320,"BALAM SEMPURNA, BAGAN SINEMBAH, ROKAN HILIR, RIAU",24,117,113,230
https://kawalpemilu.org#15320,"BALAM SEMPURNA, BAGAN SINEMBAH, ROKAN HILIR, RIAU",25,102,52,154
https://kawalpemilu.org#15320,"BALAM SEMPURNA, BAGAN SINEMBAH, ROKAN HILIR, RIAU",26,181,64,245
https://kawalpemilu.org#15320,"BALAM SEMPURNA, BAGAN SINEMBAH, ROKAN HILIR, RIAU",27,93,2,95
https://kawalpemilu.org#15320,"BALAM SEMPURNA, BAGAN SINEMBAH, ROKAN HILIR, RIAU",28,143,18,161
https://kawalpemilu.org#15320,"BALAM SEMPURNA, BAGAN SINEMBAH, ROKAN HILIR, RIAU",29,137,3,140
https://kawalpemilu.org#15320,"BALAM SEMPURNA, BAGAN SINEMBAH, ROKAN HILIR, RIAU",30,95,89,184
https://kawalpemilu.org#15320,"BALAM SEMPURNA, BAGAN SINEMBAH, ROKAN HILIR, RIAU",31,61,108,169
https://kawalpemilu.org#15320,"BALAM SEMPURNA, BAGAN SINEMBAH, ROKAN HILIR, RIAU",32,58,104,162
https://kawalpemilu.org#15320,"BALAM SEMPURNA, BAGAN SINEMBAH, ROKAN HILIR, RIAU",33,38,124,162
https://kawalpemilu.org#15320,"BALAM SEMPURNA, BAGAN SINEMBAH, ROKAN HILIR, RIAU",34,91,89,180
https://kawalpemilu.org#15320,"BALAM SEMPURNA, BAGAN SINEMBAH, ROKAN HILIR, RIAU",36,46,164,210
https://kawalpemilu.org#15320,"BALAM SEMPURNA, BAGAN SINEMBAH, ROKAN HILIR, RIAU",37,59,76,135
https://kawalpemilu.org#15320,"BALAM SEMPURNA, BAGAN SINEMBAH, ROKAN HILIR, RIAU",39,101,69,170
https://kawalpemilu.org#15320,"BALAM SEMPURNA, BAGAN SINEMBAH, ROKAN HILIR, RIAU",40,68,48,116
https://kawalpemilu.org#15321,"PELITA, BAGAN SINEMBAH, ROKAN HILIR, RIAU",1,87,83,170
https://kawalpemilu.org#15321,"PELITA, BAGAN SINEMBAH, ROKAN HILIR, RIAU",2,104,69,173
https://kawalpemilu.org#15321,"PELITA, BAGAN SINEMBAH, ROKAN HILIR, RIAU",3,65,126,191
https://kawalpemilu.org#15321,"PELITA, BAGAN SINEMBAH, ROKAN HILIR, RIAU",4,60,127,187
https://kawalpemilu.org#15321,"PELITA, BAGAN SINEMBAH, ROKAN HILIR, RIAU",5,57,89,146
https://kawalpemilu.org#15321,"PELITA, BAGAN SINEMBAH, ROKAN HILIR, RIAU",6,77,73,150
https://kawalpemilu.org#15322,"GELORA, BAGAN SINEMBAH, ROKAN HILIR, RIAU",2,82,78,160
https://kawalpemilu.org#15322,"GELORA, BAGAN SINEMBAH, ROKAN HILIR, RIAU",3,91,88,179
https://kawalpemilu.org#15322,"GELORA, BAGAN SINEMBAH, ROKAN HILIR, RIAU",6,108,64,172
https://kawalpemilu.org#15322,"GELORA, BAGAN SINEMBAH, ROKAN HILIR, RIAU",7,81,76,157
https://kawalpemilu.org#15322,"GELORA, BAGAN SINEMBAH, ROKAN HILIR, RIAU",8,69,76,145
https://kawalpemilu.org#15323,"KENCANA, BAGAN SINEMBAH, ROKAN HILIR, RIAU",1,73,206,279
https://kawalpemilu.org#15323,"KENCANA, BAGAN SINEMBAH, ROKAN HILIR, RIAU",2,37,118,155
https://kawalpemilu.org#15323,"KENCANA, BAGAN SINEMBAH, ROKAN HILIR, RIAU",3,71,74,145
https://kawalpemilu.org#15323,"KENCANA, BAGAN SINEMBAH, ROKAN HILIR, RIAU",4,103,118,221
https://kawalpemilu.org#15323,"KENCANA, BAGAN SINEMBAH, ROKAN HILIR, RIAU",5,61,77,138
https://kawalpemilu.org#15323,"KENCANA, BAGAN SINEMBAH, ROKAN HILIR, RIAU",6,96,91,187
https://kawalpemilu.org#15324,"BAGAN BAKTI, BAGAN SINEMBAH, ROKAN HILIR, RIAU",1,33,85,118
https://kawalpemilu.org#15324,"BAGAN BAKTI, BAGAN SINEMBAH, ROKAN HILIR, RIAU",2,89,150,239
https://kawalpemilu.org#15324,"BAGAN BAKTI, BAGAN SINEMBAH, ROKAN HILIR, RIAU",3,59,133,192
https://kawalpemilu.org#15324,"BAGAN BAKTI, BAGAN SINEMBAH, ROKAN HILIR, RIAU",4,68,76,144
https://kawalpemilu.org#15324,"BAGAN BAKTI, BAGAN SINEMBAH, ROKAN HILIR, RIAU",5,35,76,111
https://kawalpemilu.org#15324,"BAGAN BAKTI, BAGAN SINEMBAH, ROKAN HILIR, RIAU",6,77,74,151
https://kawalpemilu.org#15325,"LUBUK JAWI, BAGAN SINEMBAH, ROKAN HILIR, RIAU",1,68,56,124
https://kawalpemilu.org#15325,"LUBUK JAWI, BAGAN SINEMBAH, ROKAN HILIR, RIAU",2,73,70,143
https://kawalpemilu.org#15325,"LUBUK JAWI, BAGAN SINEMBAH, ROKAN HILIR, RIAU",3,97,43,140
https://kawalpemilu.org#15325,"LUBUK JAWI, BAGAN SINEMBAH, ROKAN HILIR, RIAU",5,106,37,143
https://kawalpemilu.org#15325,"LUBUK JAWI, BAGAN SINEMBAH, ROKAN HILIR, RIAU",6,77,58,135
https://kawalpemilu.org#15325,"LUBUK JAWI, BAGAN SINEMBAH, ROKAN HILIR, RIAU",7,92,41,133
https://kawalpemilu.org#15325,"LUBUK JAWI, BAGAN SINEMBAH, ROKAN HILIR, RIAU",8,42,87,129
https://kawalpemilu.org#15325,"LUBUK JAWI, BAGAN SINEMBAH, ROKAN HILIR, RIAU",9,78,57,135
https://kawalpemilu.org#15326,"PANCA MUKTI, BAGAN SINEMBAH, ROKAN HILIR, RIAU",1,124,47,171
https://kawalpemilu.org#15326,"PANCA MUKTI, BAGAN SINEMBAH, ROKAN HILIR, RIAU",2,158,79,237
https://kawalpemilu.org#15326,"PANCA MUKTI, BAGAN SINEMBAH, ROKAN HILIR, RIAU",3,31,127,158
https://kawalpemilu.org#15327,"HARAPAN MAKMUR, BAGAN SINEMBAH, ROKAN HILIR, RIAU",1,62,123,185
https://kawalpemilu.org#15327,"HARAPAN MAKMUR, BAGAN SINEMBAH, ROKAN HILIR, RIAU",2,78,120,198
https://kawalpemilu.org#15327,"HARAPAN MAKMUR, BAGAN SINEMBAH, ROKAN HILIR, RIAU",3,90,103,193
https://kawalpemilu.org#15327,"HARAPAN MAKMUR, BAGAN SINEMBAH, ROKAN HILIR, RIAU",4,68,122,190
https://kawalpemilu.org#15328,"SALAK, BAGAN SINEMBAH, ROKAN HILIR, RIAU",2,66,151,217
https://kawalpemilu.org#15328,"SALAK, BAGAN SINEMBAH, ROKAN HILIR, RIAU",3,54,79,133
https://kawalpemilu.org#15329,"SUKA MAJU, BAGAN SINEMBAH, ROKAN HILIR, RIAU",1,103,77,180
https://kawalpemilu.org#15329,"SUKA MAJU, BAGAN SINEMBAH, ROKAN HILIR, RIAU",2,132,109,241
https://kawalpemilu.org#15329,"SUKA MAJU, BAGAN SINEMBAH, ROKAN HILIR, RIAU",3,119,65,184
https://kawalpemilu.org#15330,"BAGAN MANUNGGAL, BAGAN SINEMBAH, ROKAN HILIR, RIAU",1,52,18,70
https://kawalpemilu.org#15330,"BAGAN MANUNGGAL, BAGAN SINEMBAH, ROKAN HILIR, RIAU",2,84,99,183
https://kawalpemilu.org#15330,"BAGAN MANUNGGAL, BAGAN SINEMBAH, ROKAN HILIR, RIAU",3,83,130,213
https://kawalpemilu.org#15330,"BAGAN MANUNGGAL, BAGAN SINEMBAH, ROKAN HILIR, RIAU",5,49,30,79
https://kawalpemilu.org#15330,"BAGAN MANUNGGAL, BAGAN SINEMBAH, ROKAN HILIR, RIAU",7,84,109,193
https://kawalpemilu.org#15330,"BAGAN MANUNGGAL, BAGAN SINEMBAH, ROKAN HILIR, RIAU",8,130,44,174
https://kawalpemilu.org#15331,"BAGAN SAPTA PERMAI, BAGAN SINEMBAH, ROKAN HILIR, RIAU",2,67,100,167
https://kawalpemilu.org#15331,"BAGAN SAPTA PERMAI, BAGAN SINEMBAH, ROKAN HILIR, RIAU",3,40,119,159
https://kawalpemilu.org#15331,"BAGAN SAPTA PERMAI, BAGAN SINEMBAH, ROKAN HILIR, RIAU",4,77,99,176
https://kawalpemilu.org#15331,"BAGAN SAPTA PERMAI, BAGAN SINEMBAH, ROKAN HILIR, RIAU",5,63,99,162
https://kawalpemilu.org#15332,"BAGAN SINEMBAH UTARA, BAGAN SINEMBAH, ROKAN HILIR, RIAU",1,193,53,246
https://kawalpemilu.org#15332,"BAGAN SINEMBAH UTARA, BAGAN SINEMBAH, ROKAN HILIR, RIAU",2,126,65,191
https://kawalpemilu.org#15332,"BAGAN SINEMBAH UTARA, BAGAN SINEMBAH, ROKAN HILIR, RIAU",3,89,19,108
https://kawalpemilu.org#15332,"BAGAN SINEMBAH UTARA, BAGAN SINEMBAH, ROKAN HILIR, RIAU",4,142,41,183
https://kawalpemilu.org#15332,"BAGAN SINEMBAH UTARA, BAGAN SINEMBAH, ROKAN HILIR, RIAU",5,133,42,175
https://kawalpemilu.org#15333,"BAGAN SINEMBAH BARAT, BAGAN SINEMBAH, ROKAN HILIR, RIAU",1,51,48,99
https://kawalpemilu.org#15333,"BAGAN SINEMBAH BARAT, BAGAN SINEMBAH, ROKAN HILIR, RIAU",2,62,85,147
https://kawalpemilu.org#15333,"BAGAN SINEMBAH BARAT, BAGAN SINEMBAH, ROKAN HILIR, RIAU",3,92,46,138
https://kawalpemilu.org#15333,"BAGAN SINEMBAH BARAT, BAGAN SINEMBAH, ROKAN HILIR, RIAU",4,135,46,181
https://kawalpemilu.org#15333,"BAGAN SINEMBAH BARAT, BAGAN SINEMBAH, ROKAN HILIR, RIAU",5,68,78,146
https://kawalpemilu.org#15333,"BAGAN SINEMBAH BARAT, BAGAN SINEMBAH, ROKAN HILIR, RIAU",7,99,71,170
https://kawalpemilu.org#15333,"BAGAN SINEMBAH BARAT, BAGAN SINEMBAH, ROKAN HILIR, RIAU",8,114,54,168
https://kawalpemilu.org#15333,"BAGAN SINEMBAH BARAT, BAGAN SINEMBAH, ROKAN HILIR, RIAU",9,79,109,188
https://kawalpemilu.org#15333,"BAGAN SINEMBAH BARAT, BAGAN SINEMBAH, ROKAN HILIR, RIAU",10,111,53,164
https://kawalpemilu.org#15333,"BAGAN SINEMBAH BARAT, BAGAN SINEMBAH, ROKAN HILIR, RIAU",11,115,50,165
https://kawalpemilu.org#15333,"BAGAN SINEMBAH BARAT, BAGAN SINEMBAH, ROKAN HILIR, RIAU",12,118,44,162
https://kawalpemilu.org#15333,"BAGAN SINEMBAH BARAT, BAGAN SINEMBAH, ROKAN HILIR, RIAU",13,116,36,152
https://kawalpemilu.org#15334,"BAKTI MAKMUR, BAGAN SINEMBAH, ROKAN HILIR, RIAU",1,152,10,162
https://kawalpemilu.org#15334,"BAKTI MAKMUR, BAGAN SINEMBAH, ROKAN HILIR, RIAU",3,86,63,149
https://kawalpemilu.org#15334,"BAKTI MAKMUR, BAGAN SINEMBAH, ROKAN HILIR, RIAU",4,54,75,129
https://kawalpemilu.org#15334,"BAKTI MAKMUR, BAGAN SINEMBAH, ROKAN HILIR, RIAU",6,112,101,213
https://kawalpemilu.org#15334,"BAKTI MAKMUR, BAGAN SINEMBAH, ROKAN HILIR, RIAU",7,61,43,104
https://kawalpemilu.org#15334,"BAKTI MAKMUR, BAGAN SINEMBAH, ROKAN HILIR, RIAU",8,103,60,163
https://kawalpemilu.org#15334,"BAKTI MAKMUR, BAGAN SINEMBAH, ROKAN HILIR, RIAU",9,114,48,162
https://kawalpemilu.org#15334,"BAKTI MAKMUR, BAGAN SINEMBAH, ROKAN HILIR, RIAU",11,120,22,142
https://kawalpemilu.org#15334,"BAKTI MAKMUR, BAGAN SINEMBAH, ROKAN HILIR, RIAU",14,88,27,115
https://kawalpemilu.org#15334,"BAKTI MAKMUR, BAGAN SINEMBAH, ROKAN HILIR, RIAU",15,123,13,136
https://kawalpemilu.org#15334,"BAKTI MAKMUR, BAGAN SINEMBAH, ROKAN HILIR, RIAU",17,28,16,44
https://kawalpemilu.org#15334,"BAKTI MAKMUR, BAGAN SINEMBAH, ROKAN HILIR, RIAU",19,122,65,187
https://kawalpemilu.org#15334,"BAKTI MAKMUR, BAGAN SINEMBAH, ROKAN HILIR, RIAU",20,133,31,164
https://kawalpemilu.org#15334,"BAKTI MAKMUR, BAGAN SINEMBAH, ROKAN HILIR, RIAU",21,84,45,129
https://kawalpemilu.org#15334,"BAKTI MAKMUR, BAGAN SINEMBAH, ROKAN HILIR, RIAU",22,57,74,131
https://kawalpemilu.org#15334,"BAKTI MAKMUR, BAGAN SINEMBAH, ROKAN HILIR, RIAU",23,47,35,82
https://kawalpemilu.org#15334,"BAKTI MAKMUR, BAGAN SINEMBAH, ROKAN HILIR, RIAU",24,47,57,104
https://kawalpemilu.org#15334,"BAKTI MAKMUR, BAGAN SINEMBAH, ROKAN HILIR, RIAU",26,69,74,143
https://kawalpemilu.org#15334,"BAKTI MAKMUR, BAGAN SINEMBAH, ROKAN HILIR, RIAU",27,114,25,139
https://kawalpemilu.org#15334,"BAKTI MAKMUR, BAGAN SINEMBAH, ROKAN HILIR, RIAU",28,99,60,159
https://kawalpemilu.org#15334,"BAKTI MAKMUR, BAGAN SINEMBAH, ROKAN HILIR, RIAU",30,78,61,139
https://kawalpemilu.org#15335,"JAYA AGUNG, BAGAN SINEMBAH, ROKAN HILIR, RIAU",1,73,55,128
https://kawalpemilu.org#15335,"JAYA AGUNG, BAGAN SINEMBAH, ROKAN HILIR, RIAU",2,91,50,141
https://kawalpemilu.org#15335,"JAYA AGUNG, BAGAN SINEMBAH, ROKAN HILIR, RIAU",3,112,104,216
https://kawalpemilu.org#15335,"JAYA AGUNG, BAGAN SINEMBAH, ROKAN HILIR, RIAU",4,97,91,188
https://kawalpemilu.org#15335,"JAYA AGUNG, BAGAN SINEMBAH, ROKAN HILIR, RIAU",5,151,91,242
https://kawalpemilu.org#15336,"PASIR PUTIH UTARA, BAGAN SINEMBAH, ROKAN HILIR, RIAU",3,82,58,140
https://kawalpemilu.org#90465,"BAGAN BATU KOTA, BAGAN SINEMBAH, ROKAN HILIR, RIAU",1,225,67,292
https://kawalpemilu.org#90465,"BAGAN BATU KOTA, BAGAN SINEMBAH, ROKAN HILIR, RIAU",2,193,36,229
https://kawalpemilu.org#90465,"BAGAN BATU KOTA, BAGAN SINEMBAH, ROKAN HILIR, RIAU",3,89,192,281
https://kawalpemilu.org#90465,"BAGAN BATU KOTA, BAGAN SINEMBAH, ROKAN HILIR, RIAU",4,110,155,265
https://kawalpemilu.org#90465,"BAGAN BATU KOTA, BAGAN SINEMBAH, ROKAN HILIR, RIAU",5,126,113,239
https://kawalpemilu.org#90465,"BAGAN BATU KOTA, BAGAN SINEMBAH, ROKAN HILIR, RIAU",7,180,9,189
https://kawalpemilu.org#90465,"BAGAN BATU KOTA, BAGAN SINEMBAH, ROKAN HILIR, RIAU",8,103,86,189
https://kawalpemilu.org#90465,"BAGAN BATU KOTA, BAGAN SINEMBAH, ROKAN HILIR, RIAU",9,138,74,212
https://kawalpemilu.org#90465,"BAGAN BATU KOTA, BAGAN SINEMBAH, ROKAN HILIR, RIAU",10,87,191,278
https://kawalpemilu.org#90465,"BAGAN BATU KOTA, BAGAN SINEMBAH, ROKAN HILIR, RIAU",11,103,84,187
https://kawalpemilu.org#90465,"BAGAN BATU KOTA, BAGAN SINEMBAH, ROKAN HILIR, RIAU",12,90,115,205
https://kawalpemilu.org#90465,"BAGAN BATU KOTA, BAGAN SINEMBAH, ROKAN HILIR, RIAU",13,18,70,88
https://kawalpemilu.org#90465,"BAGAN BATU KOTA, BAGAN SINEMBAH, ROKAN HILIR, RIAU",14,133,5,138
https://kawalpemilu.org#90465,"BAGAN BATU KOTA, BAGAN SINEMBAH, ROKAN HILIR, RIAU",15,123,29,152
https://kawalpemilu.org#90465,"BAGAN BATU KOTA, BAGAN SINEMBAH, ROKAN HILIR, RIAU",16,83,71,154
https://kawalpemilu.org#90465,"BAGAN BATU KOTA, BAGAN SINEMBAH, ROKAN HILIR, RIAU",17,147,100,247
https://kawalpemilu.org#90465,"BAGAN BATU KOTA, BAGAN SINEMBAH, ROKAN HILIR, RIAU",18,223,20,243
https://kawalpemilu.org#90465,"BAGAN BATU KOTA, BAGAN SINEMBAH, ROKAN HILIR, RIAU",20,215,9,224
https://kawalpemilu.org#90465,"BAGAN BATU KOTA, BAGAN SINEMBAH, ROKAN HILIR, RIAU",21,34,124,158
https://kawalpemilu.org#90465,"BAGAN BATU KOTA, BAGAN SINEMBAH, ROKAN HILIR, RIAU",22,34,138,172
https://kawalpemilu.org#90465,"BAGAN BATU KOTA, BAGAN SINEMBAH, ROKAN HILIR, RIAU",23,33,165,198
https://kawalpemilu.org#90465,"BAGAN BATU KOTA, BAGAN SINEMBAH, ROKAN HILIR, RIAU",24,71,52,123
https://kawalpemilu.org#90465,"BAGAN BATU KOTA, BAGAN SINEMBAH, ROKAN HILIR, RIAU",25,151,85,236
https://kawalpemilu.org#90465,"BAGAN BATU KOTA, BAGAN SINEMBAH, ROKAN HILIR, RIAU",28,70,100,170
https://kawalpemilu.org#90465,"BAGAN BATU KOTA, BAGAN SINEMBAH, ROKAN HILIR, RIAU",30,102,111,213
https://kawalpemilu.org#90465,"BAGAN BATU KOTA, BAGAN SINEMBAH, ROKAN HILIR, RIAU",31,33,65,98
https://kawalpemilu.org#90465,"BAGAN BATU KOTA, BAGAN SINEMBAH, ROKAN HILIR, RIAU",33,81,59,140
https://kawalpemilu.org#90465,"BAGAN BATU KOTA, BAGAN SINEMBAH, ROKAN HILIR, RIAU",35,31,109,140
https://kawalpemilu.org#90465,"BAGAN BATU KOTA, BAGAN SINEMBAH, ROKAN HILIR, RIAU",36,38,136,174
https://kawalpemilu.org#90466,"BAHTERA MAKMUR KOTA, BAGAN SINEMBAH, ROKAN HILIR, RIAU",1,90,54,144
https://kawalpemilu.org#90466,"BAHTERA MAKMUR KOTA, BAGAN SINEMBAH, ROKAN HILIR, RIAU",2,95,133,228
https://kawalpemilu.org#90466,"BAHTERA MAKMUR KOTA, BAGAN SINEMBAH, ROKAN HILIR, RIAU",3,114,143,257
https://kawalpemilu.org#90466,"BAHTERA MAKMUR KOTA, BAGAN SINEMBAH, ROKAN HILIR, RIAU",4,111,70,181
https://kawalpemilu.org#90466,"BAHTERA MAKMUR KOTA, BAGAN SINEMBAH, ROKAN HILIR, RIAU",5,77,105,182
https://kawalpemilu.org#90466,"BAHTERA MAKMUR KOTA, BAGAN SINEMBAH, ROKAN HILIR, RIAU",7,109,114,223
https://kawalpemilu.org#90466,"BAHTERA MAKMUR KOTA, BAGAN SINEMBAH, ROKAN HILIR, RIAU",8,119,79,198
https://kawalpemilu.org#90466,"BAHTERA MAKMUR KOTA, BAGAN SINEMBAH, ROKAN HILIR, RIAU",9,94,109,203
https://kawalpemilu.org#90466,"BAHTERA MAKMUR KOTA, BAGAN SINEMBAH, ROKAN HILIR, RIAU",10,148,90,238
https://kawalpemilu.org#90466,"BAHTERA MAKMUR KOTA, BAGAN SINEMBAH, ROKAN HILIR, RIAU",11,80,63,143
https://kawalpemilu.org#90467,"BALAI JAYA KOTA, BAGAN SINEMBAH, ROKAN HILIR, RIAU",1,136,10,146
https://kawalpemilu.org#90467,"BALAI JAYA KOTA, BAGAN SINEMBAH, ROKAN HILIR, RIAU",2,109,46,155
https://kawalpemilu.org#90467,"BALAI JAYA KOTA, BAGAN SINEMBAH, ROKAN HILIR, RIAU",3,124,87,211
https://kawalpemilu.org#90467,"BALAI JAYA KOTA, BAGAN SINEMBAH, ROKAN HILIR, RIAU",4,89,77,166
https://kawalpemilu.org#90467,"BALAI JAYA KOTA, BAGAN SINEMBAH, ROKAN HILIR, RIAU",5,118,48,166
https://kawalpemilu.org#90467,"BALAI JAYA KOTA, BAGAN SINEMBAH, ROKAN HILIR, RIAU",6,182,50,232
https://kawalpemilu.org#90467,"BALAI JAYA KOTA, BAGAN SINEMBAH, ROKAN HILIR, RIAU",7,107,33,140
https://kawalpemilu.org#90467,"BALAI JAYA KOTA, BAGAN SINEMBAH, ROKAN HILIR, RIAU",8,116,114,230
https://kawalpemilu.org#90467,"BALAI JAYA KOTA, BAGAN SINEMBAH, ROKAN HILIR, RIAU",10,56,111,167
https://kawalpemilu.org#90467,"BALAI JAYA KOTA, BAGAN SINEMBAH, ROKAN HILIR, RIAU",12,22,140,162
https://kawalpemilu.org#90467,"BALAI JAYA KOTA, BAGAN SINEMBAH, ROKAN HILIR, RIAU",13,48,95,143
https://kawalpemilu.org#90467,"BALAI JAYA KOTA, BAGAN SINEMBAH, ROKAN HILIR, RIAU",14,72,81,153
https://kawalpemilu.org#90467,"BALAI JAYA KOTA, BAGAN SINEMBAH, ROKAN HILIR, RIAU",15,142,105,247
https://kawalpemilu.org#90467,"BALAI JAYA KOTA, BAGAN SINEMBAH, ROKAN HILIR, RIAU",16,134,31,165
https://kawalpemilu.org#90467,"BALAI JAYA KOTA, BAGAN SINEMBAH, ROKAN HILIR, RIAU",17,115,25,140
https://kawalpemilu.org#90467,"BALAI JAYA KOTA, BAGAN SINEMBAH, ROKAN HILIR, RIAU",18,93,74,167
https://kawalpemilu.org#90467,"BALAI JAYA KOTA, BAGAN SINEMBAH, ROKAN HILIR, RIAU",19,126,38,164
https://kawalpemilu.org#90467,"BALAI JAYA KOTA, BAGAN SINEMBAH, ROKAN HILIR, RIAU",20,67,67,134
https://kawalpemilu.org#90467,"BALAI JAYA KOTA, BAGAN SINEMBAH, ROKAN HILIR, RIAU",21,142,89,231
https://kawalpemilu.org#90467,"BALAI JAYA KOTA, BAGAN SINEMBAH, ROKAN HILIR, RIAU",22,51,200,251
https://kawalpemilu.org#90467,"BALAI JAYA KOTA, BAGAN SINEMBAH, ROKAN HILIR, RIAU",23,25,103,128
https://kawalpemilu.org#90467,"BALAI JAYA KOTA, BAGAN SINEMBAH, ROKAN HILIR, RIAU",24,54,123,177
https://kawalpemilu.org#90468,"BALAM SEMPURNA KOTA, BAGAN SINEMBAH, ROKAN HILIR, RIAU",2,72,32,104
https://kawalpemilu.org#90468,"BALAM SEMPURNA KOTA, BAGAN SINEMBAH, ROKAN HILIR, RIAU",5,46,107,153
https://kawalpemilu.org#90468,"BALAM SEMPURNA KOTA, BAGAN SINEMBAH, ROKAN HILIR, RIAU",9,108,32,140
https://kawalpemilu.org#90468,"BALAM SEMPURNA KOTA, BAGAN SINEMBAH, ROKAN HILIR, RIAU",10,129,59,188
https://kawalpemilu.org#90468,"BALAM SEMPURNA KOTA, BAGAN SINEMBAH, ROKAN HILIR, RIAU",11,85,16,101
https://kawalpemilu.org#90468,"BALAM SEMPURNA KOTA, BAGAN SINEMBAH, ROKAN HILIR, RIAU",15,45,53,98
https://kawalpemilu.org#90468,"BALAM SEMPURNA KOTA, BAGAN SINEMBAH, ROKAN HILIR, RIAU",16,83,33,116
https://kawalpemilu.org#90468,"BALAM SEMPURNA KOTA, BAGAN SINEMBAH, ROKAN HILIR, RIAU",17,80,23,103
https://kawalpemilu.org#90469,"BAGAN SINEMBAH KOTA, BAGAN SINEMBAH, ROKAN HILIR, RIAU",1,63,97,160
https://kawalpemilu.org#90469,"BAGAN SINEMBAH KOTA, BAGAN SINEMBAH, ROKAN HILIR, RIAU",2,60,108,168
https://kawalpemilu.org#90469,"BAGAN SINEMBAH KOTA, BAGAN SINEMBAH, ROKAN HILIR, RIAU",3,87,95,182
https://kawalpemilu.org#90469,"BAGAN SINEMBAH KOTA, BAGAN SINEMBAH, ROKAN HILIR, RIAU",4,118,122,240
https://kawalpemilu.org#90469,"BAGAN SINEMBAH KOTA, BAGAN SINEMBAH, ROKAN HILIR, RIAU",5,113,127,240
https://kawalpemilu.org#90469,"BAGAN SINEMBAH KOTA, BAGAN SINEMBAH, ROKAN HILIR, RIAU",6,53,101,154
https://kawalpemilu.org#90469,"BAGAN SINEMBAH KOTA, BAGAN SINEMBAH, ROKAN HILIR, RIAU",7,59,81,140
https://kawalpemilu.org#90469,"BAGAN SINEMBAH KOTA, BAGAN SINEMBAH, ROKAN HILIR, RIAU",8,71,97,168
https://kawalpemilu.org#90469,"BAGAN SINEMBAH KOTA, BAGAN SINEMBAH, ROKAN HILIR, RIAU",9,105,104,209
https://kawalpemilu.org#90470,"HARAPAN MAKMUR SELATAN, BAGAN SINEMBAH, ROKAN HILIR, RIAU",1,83,112,195
https://kawalpemilu.org#90470,"HARAPAN MAKMUR SELATAN, BAGAN SINEMBAH, ROKAN HILIR, RIAU",2,93,138,231
https://kawalpemilu.org#90470,"HARAPAN MAKMUR SELATAN, BAGAN SINEMBAH, ROKAN HILIR, RIAU",3,78,146,224
https://kawalpemilu.org#90471,"MERANTI MAKMUR, BAGAN SINEMBAH, ROKAN HILIR, RIAU",1,111,41,152
https://kawalpemilu.org#90471,"MERANTI MAKMUR, BAGAN SINEMBAH, ROKAN HILIR, RIAU",2,191,26,217
https://kawalpemilu.org#90471,"MERANTI MAKMUR, BAGAN SINEMBAH, ROKAN HILIR, RIAU",3,164,35,199
https://kawalpemilu.org#90471,"MERANTI MAKMUR, BAGAN SINEMBAH, ROKAN HILIR, RIAU",4,139,30,169
https://kawalpemilu.org#90472,"BHAYANGKARA JAYA, BAGAN SINEMBAH, ROKAN HILIR, RIAU",2,89,131,220
https://kawalpemilu.org#90473,"PASIR PUTIH BARAT, BAGAN SINEMBAH, ROKAN HILIR, RIAU",1,81,73,154
https://kawalpemilu.org#90473,"PASIR PUTIH BARAT, BAGAN SINEMBAH, ROKAN HILIR, RIAU",2,100,82,182
https://kawalpemilu.org#90473,"PASIR PUTIH BARAT, BAGAN SINEMBAH, ROKAN HILIR, RIAU",3,112,89,201
https://kawalpemilu.org#90473,"PASIR PUTIH BARAT, BAGAN SINEMBAH, ROKAN HILIR, RIAU",4,102,58,160
https://kawalpemilu.org#90473,"PASIR PUTIH BARAT, BAGAN SINEMBAH, ROKAN HILIR, RIAU",5,104,87,191
https://kawalpemilu.org#90474,"BAGAN SINEMBAH TIMUR, BAGAN SINEMBAH, ROKAN HILIR, RIAU",1,134,111,245
https://kawalpemilu.org#90474,"BAGAN SINEMBAH TIMUR, BAGAN SINEMBAH, ROKAN HILIR, RIAU",2,120,53,173
https://kawalpemilu.org#90474,"BAGAN SINEMBAH TIMUR, BAGAN SINEMBAH, ROKAN HILIR, RIAU",3,100,28,128
https://kawalpemilu.org#90474,"BAGAN SINEMBAH TIMUR, BAGAN SINEMBAH, ROKAN HILIR, RIAU",4,79,58,137
https://kawalpemilu.org#90475,"BALAM JAYA, BAGAN SINEMBAH, ROKAN HILIR, RIAU",1,147,50,197
https://kawalpemilu.org#90475,"BALAM JAYA, BAGAN SINEMBAH, ROKAN HILIR, RIAU",2,100,64,164
https://kawalpemilu.org#90475,"BALAM JAYA, BAGAN SINEMBAH, ROKAN HILIR, RIAU",3,204,59,263
https://kawalpemilu.org#90475,"BALAM JAYA, BAGAN SINEMBAH, ROKAN HILIR, RIAU",4,122,2,124
https://kawalpemilu.org#90475,"BALAM JAYA, BAGAN SINEMBAH, ROKAN HILIR, RIAU",5,139,8,147
https://kawalpemilu.org#90475,"BALAM JAYA, BAGAN SINEMBAH, ROKAN HILIR, RIAU",6,94,124,218
https://kawalpemilu.org#90475,"BALAM JAYA, BAGAN SINEMBAH, ROKAN HILIR, RIAU",7,60,116,176
https://kawalpemilu.org#90475,"BALAM JAYA, BAGAN SINEMBAH, ROKAN HILIR, RIAU",8,103,128,231
https://kawalpemilu.org#90475,"BALAM JAYA, BAGAN SINEMBAH, ROKAN HILIR, RIAU",9,38,135,173
https://kawalpemilu.org#90475,"BALAM JAYA, BAGAN SINEMBAH, ROKAN HILIR, RIAU",10,56,78,134
https://kawalpemilu.org#90475,"BALAM JAYA, BAGAN SINEMBAH, ROKAN HILIR, RIAU",11,197,7,204
https://kawalpemilu.org#90475,"BALAM JAYA, BAGAN SINEMBAH, ROKAN HILIR, RIAU",12,114,54,168
https://kawalpemilu.org#90475,"BALAM JAYA, BAGAN SINEMBAH, ROKAN HILIR, RIAU",13,151,0,151
https://kawalpemilu.org#90475,"BALAM JAYA, BAGAN SINEMBAH, ROKAN HILIR, RIAU",14,121,14,135
https://kawalpemilu.org#90475,"BALAM JAYA, BAGAN SINEMBAH, ROKAN HILIR, RIAU",15,64,121,185
https://kawalpemilu.org#90475,"BALAM JAYA, BAGAN SINEMBAH, ROKAN HILIR, RIAU",16,37,93,130
https://kawalpemilu.org#90475,"BALAM JAYA, BAGAN SINEMBAH, ROKAN HILIR, RIAU",17,52,117,169
https://kawalpemilu.org#90475,"BALAM JAYA, BAGAN SINEMBAH, ROKAN HILIR, RIAU",18,39,95,134
https://kawalpemilu.org#15339,"PANIPAHAN, PASIR LIMAU KAPAS, ROKAN HILIR, RIAU",1,97,3,100
https://kawalpemilu.org#15339,"PANIPAHAN, PASIR LIMAU KAPAS, ROKAN HILIR, RIAU",2,49,2,51
https://kawalpemilu.org#15339,"PANIPAHAN, PASIR LIMAU KAPAS, ROKAN HILIR, RIAU",3,82,8,90
https://kawalpemilu.org#15339,"PANIPAHAN, PASIR LIMAU KAPAS, ROKAN HILIR, RIAU",4,37,1,38
https://kawalpemilu.org#15339,"PANIPAHAN, PASIR LIMAU KAPAS, ROKAN HILIR, RIAU",5,73,5,78
https://kawalpemilu.org#15339,"PANIPAHAN, PASIR LIMAU KAPAS, ROKAN HILIR, RIAU",6,45,1,46
https://kawalpemilu.org#15339,"PANIPAHAN, PASIR LIMAU KAPAS, ROKAN HILIR, RIAU",7,75,2,77
https://kawalpemilu.org#15339,"PANIPAHAN, PASIR LIMAU KAPAS, ROKAN HILIR, RIAU",8,78,17,95
https://kawalpemilu.org#15339,"PANIPAHAN, PASIR LIMAU KAPAS, ROKAN HILIR, RIAU",9,108,41,149
https://kawalpemilu.org#15339,"PANIPAHAN, PASIR LIMAU KAPAS, ROKAN HILIR, RIAU",10,103,17,120
https://kawalpemilu.org#15339,"PANIPAHAN, PASIR LIMAU KAPAS, ROKAN HILIR, RIAU",11,116,7,123
https://kawalpemilu.org#15339,"PANIPAHAN, PASIR LIMAU KAPAS, ROKAN HILIR, RIAU",12,78,6,84
https://kawalpemilu.org#15339,"PANIPAHAN, PASIR LIMAU KAPAS, ROKAN HILIR, RIAU",13,98,1,99
https://kawalpemilu.org#15339,"PANIPAHAN, PASIR LIMAU KAPAS, ROKAN HILIR, RIAU",14,95,21,116
https://kawalpemilu.org#15339,"PANIPAHAN, PASIR LIMAU KAPAS, ROKAN HILIR, RIAU",15,16,46,62
https://kawalpemilu.org#15339,"PANIPAHAN, PASIR LIMAU KAPAS, ROKAN HILIR, RIAU",16,35,59,94
https://kawalpemilu.org#15339,"PANIPAHAN, PASIR LIMAU KAPAS, ROKAN HILIR, RIAU",17,77,167,244
https://kawalpemilu.org#15339,"PANIPAHAN, PASIR LIMAU KAPAS, ROKAN HILIR, RIAU",18,37,101,138
https://kawalpemilu.org#15339,"PANIPAHAN, PASIR LIMAU KAPAS, ROKAN HILIR, RIAU",19,36,91,127
https://kawalpemilu.org#15339,"PANIPAHAN, PASIR LIMAU KAPAS, ROKAN HILIR, RIAU",20,22,94,116
https://kawalpemilu.org#15340,"TELUKPULAI, PASIR LIMAU KAPAS, ROKAN HILIR, RIAU",1,113,5,118
https://kawalpemilu.org#15340,"TELUKPULAI, PASIR LIMAU KAPAS, ROKAN HILIR, RIAU",2,112,19,131
https://kawalpemilu.org#15340,"TELUKPULAI, PASIR LIMAU KAPAS, ROKAN HILIR, RIAU",3,77,53,130
https://kawalpemilu.org#15340,"TELUKPULAI, PASIR LIMAU KAPAS, ROKAN HILIR, RIAU",4,92,37,129
https://kawalpemilu.org#15340,"TELUKPULAI, PASIR LIMAU KAPAS, ROKAN HILIR, RIAU",5,64,88,152
https://kawalpemilu.org#15340,"TELUKPULAI, PASIR LIMAU KAPAS, ROKAN HILIR, RIAU",6,47,92,139
https://kawalpemilu.org#15340,"TELUKPULAI, PASIR LIMAU KAPAS, ROKAN HILIR, RIAU",7,32,91,123
https://kawalpemilu.org#15340,"TELUKPULAI, PASIR LIMAU KAPAS, ROKAN HILIR, RIAU",8,33,143,176
https://kawalpemilu.org#15340,"TELUKPULAI, PASIR LIMAU KAPAS, ROKAN HILIR, RIAU",9,41,126,167
https://kawalpemilu.org#15340,"TELUKPULAI, PASIR LIMAU KAPAS, ROKAN HILIR, RIAU",10,29,187,216
https://kawalpemilu.org#15340,"TELUKPULAI, PASIR LIMAU KAPAS, ROKAN HILIR, RIAU",11,28,177,205
https://kawalpemilu.org#15340,"TELUKPULAI, PASIR LIMAU KAPAS, ROKAN HILIR, RIAU",12,38,155,193
https://kawalpemilu.org#15340,"TELUKPULAI, PASIR LIMAU KAPAS, ROKAN HILIR, RIAU",14,16,150,166
https://kawalpemilu.org#15340,"TELUKPULAI, PASIR LIMAU KAPAS, ROKAN HILIR, RIAU",15,20,93,113
https://kawalpemilu.org#15340,"TELUKPULAI, PASIR LIMAU KAPAS, ROKAN HILIR, RIAU",16,149,44,193
https://kawalpemilu.org#15340,"TELUKPULAI, PASIR LIMAU KAPAS, ROKAN HILIR, RIAU",17,191,56,247
https://kawalpemilu.org#15340,"TELUKPULAI, PASIR LIMAU KAPAS, ROKAN HILIR, RIAU",18,68,121,189
https://kawalpemilu.org#15341,"PASIR LIMAU KAPAS, PASIR LIMAU KAPAS, ROKAN HILIR, RIAU",1,22,119,141
https://kawalpemilu.org#15341,"PASIR LIMAU KAPAS, PASIR LIMAU KAPAS, ROKAN HILIR, RIAU",2,75,65,140
https://kawalpemilu.org#15341,"PASIR LIMAU KAPAS, PASIR LIMAU KAPAS, ROKAN HILIR, RIAU",3,100,42,142
https://kawalpemilu.org#15341,"PASIR LIMAU KAPAS, PASIR LIMAU KAPAS, ROKAN HILIR, RIAU",4,76,92,168
https://kawalpemilu.org#15341,"PASIR LIMAU KAPAS, PASIR LIMAU KAPAS, ROKAN HILIR, RIAU",5,50,154,204
https://kawalpemilu.org#15341,"PASIR LIMAU KAPAS, PASIR LIMAU KAPAS, ROKAN HILIR, RIAU",6,64,69,133
https://kawalpemilu.org#15341,"PASIR LIMAU KAPAS, PASIR LIMAU KAPAS, ROKAN HILIR, RIAU",7,23,103,126
https://kawalpemilu.org#15341,"PASIR LIMAU KAPAS, PASIR LIMAU KAPAS, ROKAN HILIR, RIAU",8,7,125,132
https://kawalpemilu.org#15341,"PASIR LIMAU KAPAS, PASIR LIMAU KAPAS, ROKAN HILIR, RIAU",9,3,147,150
https://kawalpemilu.org#15341,"PASIR LIMAU KAPAS, PASIR LIMAU KAPAS, ROKAN HILIR, RIAU",10,18,136,154
https://kawalpemilu.org#15341,"PASIR LIMAU KAPAS, PASIR LIMAU KAPAS, ROKAN HILIR, RIAU",11,14,121,135
https://kawalpemilu.org#15341,"PASIR LIMAU KAPAS, PASIR LIMAU KAPAS, ROKAN HILIR, RIAU",12,17,71,88
https://kawalpemilu.org#15341,"PASIR LIMAU KAPAS, PASIR LIMAU KAPAS, ROKAN HILIR, RIAU",13,36,51,87
https://kawalpemilu.org#15341,"PASIR LIMAU KAPAS, PASIR LIMAU KAPAS, ROKAN HILIR, RIAU",14,71,103,174
https://kawalpemilu.org#15341,"PASIR LIMAU KAPAS, PASIR LIMAU KAPAS, ROKAN HILIR, RIAU",15,98,60,158
https://kawalpemilu.org#15341,"PASIR LIMAU KAPAS, PASIR LIMAU KAPAS, ROKAN HILIR, RIAU",16,34,60,94
https://kawalpemilu.org#15341,"PASIR LIMAU KAPAS, PASIR LIMAU KAPAS, ROKAN HILIR, RIAU",17,77,64,141
https://kawalpemilu.org#15342,"SUNGAIDAUN, PASIR LIMAU KAPAS, ROKAN HILIR, RIAU",1,63,88,151
https://kawalpemilu.org#15342,"SUNGAIDAUN, PASIR LIMAU KAPAS, ROKAN HILIR, RIAU",2,49,177,226
https://kawalpemilu.org#15342,"SUNGAIDAUN, PASIR LIMAU KAPAS, ROKAN HILIR, RIAU",3,84,86,170
https://kawalpemilu.org#15342,"SUNGAIDAUN, PASIR LIMAU KAPAS, ROKAN HILIR, RIAU",4,21,173,194
https://kawalpemilu.org#15342,"SUNGAIDAUN, PASIR LIMAU KAPAS, ROKAN HILIR, RIAU",5,39,81,120
https://kawalpemilu.org#15342,"SUNGAIDAUN, PASIR LIMAU KAPAS, ROKAN HILIR, RIAU",6,96,56,152
https://kawalpemilu.org#15342,"SUNGAIDAUN, PASIR LIMAU KAPAS, ROKAN HILIR, RIAU",7,75,39,114
https://kawalpemilu.org#15343,"PANIPAHAN DARAT, PASIR LIMAU KAPAS, ROKAN HILIR, RIAU",1,23,221,244
https://kawalpemilu.org#15343,"PANIPAHAN DARAT, PASIR LIMAU KAPAS, ROKAN HILIR, RIAU",2,45,133,178
https://kawalpemilu.org#15343,"PANIPAHAN DARAT, PASIR LIMAU KAPAS, ROKAN HILIR, RIAU",4,4,210,214
https://kawalpemilu.org#15343,"PANIPAHAN DARAT, PASIR LIMAU KAPAS, ROKAN HILIR, RIAU",5,17,160,177
https://kawalpemilu.org#15343,"PANIPAHAN DARAT, PASIR LIMAU KAPAS, ROKAN HILIR, RIAU",6,14,109,123
https://kawalpemilu.org#15343,"PANIPAHAN DARAT, PASIR LIMAU KAPAS, ROKAN HILIR, RIAU",7,19,107,126
https://kawalpemilu.org#15343,"PANIPAHAN DARAT, PASIR LIMAU KAPAS, ROKAN HILIR, RIAU",8,45,157,202
https://kawalpemilu.org#15343,"PANIPAHAN DARAT, PASIR LIMAU KAPAS, ROKAN HILIR, RIAU",9,31,116,147
https://kawalpemilu.org#15343,"PANIPAHAN DARAT, PASIR LIMAU KAPAS, ROKAN HILIR, RIAU",10,35,120,155
https://kawalpemilu.org#15343,"PANIPAHAN DARAT, PASIR LIMAU KAPAS, ROKAN HILIR, RIAU",11,13,136,149
https://kawalpemilu.org#15343,"PANIPAHAN DARAT, PASIR LIMAU KAPAS, ROKAN HILIR, RIAU",12,24,144,168
https://kawalpemilu.org#15343,"PANIPAHAN DARAT, PASIR LIMAU KAPAS, ROKAN HILIR, RIAU",13,38,160,198
https://kawalpemilu.org#15343,"PANIPAHAN DARAT, PASIR LIMAU KAPAS, ROKAN HILIR, RIAU",14,35,132,167
https://kawalpemilu.org#15343,"PANIPAHAN DARAT, PASIR LIMAU KAPAS, ROKAN HILIR, RIAU",15,74,106,180
https://kawalpemilu.org#15343,"PANIPAHAN DARAT, PASIR LIMAU KAPAS, ROKAN HILIR, RIAU",16,68,151,219
https://kawalpemilu.org#15343,"PANIPAHAN DARAT, PASIR LIMAU KAPAS, ROKAN HILIR, RIAU",17,71,100,171
https://kawalpemilu.org#15343,"PANIPAHAN DARAT, PASIR LIMAU KAPAS, ROKAN HILIR, RIAU",18,20,149,169
https://kawalpemilu.org#15343,"PANIPAHAN DARAT, PASIR LIMAU KAPAS, ROKAN HILIR, RIAU",19,41,110,151
https://kawalpemilu.org#15343,"PANIPAHAN DARAT, PASIR LIMAU KAPAS, ROKAN HILIR, RIAU",20,50,130,180
https://kawalpemilu.org#15343,"PANIPAHAN DARAT, PASIR LIMAU KAPAS, ROKAN HILIR, RIAU",21,46,189,235
https://kawalpemilu.org#15343,"PANIPAHAN DARAT, PASIR LIMAU KAPAS, ROKAN HILIR, RIAU",22,16,170,186
https://kawalpemilu.org#15343,"PANIPAHAN DARAT, PASIR LIMAU KAPAS, ROKAN HILIR, RIAU",23,37,149,186
https://kawalpemilu.org#15343,"PANIPAHAN DARAT, PASIR LIMAU KAPAS, ROKAN HILIR, RIAU",24,70,130,200
https://kawalpemilu.org#15343,"PANIPAHAN DARAT, PASIR LIMAU KAPAS, ROKAN HILIR, RIAU",25,77,145,222
https://kawalpemilu.org#15343,"PANIPAHAN DARAT, PASIR LIMAU KAPAS, ROKAN HILIR, RIAU",26,18,49,67
https://kawalpemilu.org#15344,"PANIPAHAN LAUT, PASIR LIMAU KAPAS, ROKAN HILIR, RIAU",1,45,112,157
https://kawalpemilu.org#15344,"PANIPAHAN LAUT, PASIR LIMAU KAPAS, ROKAN HILIR, RIAU",2,15,182,197
https://kawalpemilu.org#15344,"PANIPAHAN LAUT, PASIR LIMAU KAPAS, ROKAN HILIR, RIAU",3,8,123,131
https://kawalpemilu.org#15344,"PANIPAHAN LAUT, PASIR LIMAU KAPAS, ROKAN HILIR, RIAU",4,9,137,146
https://kawalpemilu.org#15344,"PANIPAHAN LAUT, PASIR LIMAU KAPAS, ROKAN HILIR, RIAU",5,4,92,96
https://kawalpemilu.org#15344,"PANIPAHAN LAUT, PASIR LIMAU KAPAS, ROKAN HILIR, RIAU",6,9,177,186
https://kawalpemilu.org#15344,"PANIPAHAN LAUT, PASIR LIMAU KAPAS, ROKAN HILIR, RIAU",7,12,140,152
https://kawalpemilu.org#15344,"PANIPAHAN LAUT, PASIR LIMAU KAPAS, ROKAN HILIR, RIAU",8,22,161,183
https://kawalpemilu.org#15344,"PANIPAHAN LAUT, PASIR LIMAU KAPAS, ROKAN HILIR, RIAU",9,13,61,74
https://kawalpemilu.org#928930,"PULAUJEMUR, PASIR LIMAU KAPAS, ROKAN HILIR, RIAU",1,19,166,185
https://kawalpemilu.org#928930,"PULAUJEMUR, PASIR LIMAU KAPAS, ROKAN HILIR, RIAU",2,54,152,206
https://kawalpemilu.org#931222,"Panipahan Kota, PASIR LIMAU KAPAS, ROKAN HILIR, RIAU",1,196,3,199
https://kawalpemilu.org#931222,"Panipahan Kota, PASIR LIMAU KAPAS, ROKAN HILIR, RIAU",2,110,27,137
https://kawalpemilu.org#931222,"Panipahan Kota, PASIR LIMAU KAPAS, ROKAN HILIR, RIAU",3,90,121,211
https://kawalpemilu.org#931222,"Panipahan Kota, PASIR LIMAU KAPAS, ROKAN HILIR, RIAU",4,76,98,174
https://kawalpemilu.org#931222,"Panipahan Kota, PASIR LIMAU KAPAS, ROKAN HILIR, RIAU",5,130,119,249
https://kawalpemilu.org#15346,"SINABOI, SINABOI, ROKAN HILIR, RIAU",1,50,93,143
https://kawalpemilu.org#15346,"SINABOI, SINABOI, ROKAN HILIR, RIAU",2,53,133,186
https://kawalpemilu.org#15346,"SINABOI, SINABOI, ROKAN HILIR, RIAU",3,62,112,174
https://kawalpemilu.org#15346,"SINABOI, SINABOI, ROKAN HILIR, RIAU",4,37,91,128
https://kawalpemilu.org#15346,"SINABOI, SINABOI, ROKAN HILIR, RIAU",5,55,92,147
https://kawalpemilu.org#15346,"SINABOI, SINABOI, ROKAN HILIR, RIAU",6,66,110,176
https://kawalpemilu.org#15347,"SUNGAI BAKAU, SINABOI, ROKAN HILIR, RIAU",1,48,76,124
https://kawalpemilu.org#15347,"SUNGAI BAKAU, SINABOI, ROKAN HILIR, RIAU",2,70,66,136
https://kawalpemilu.org#15347,"SUNGAI BAKAU, SINABOI, ROKAN HILIR, RIAU",3,77,63,140
https://kawalpemilu.org#15347,"SUNGAI BAKAU, SINABOI, ROKAN HILIR, RIAU",4,103,16,119
https://kawalpemilu.org#15347,"SUNGAI BAKAU, SINABOI, ROKAN HILIR, RIAU",5,79,66,145
https://kawalpemilu.org#15347,"SUNGAI BAKAU, SINABOI, ROKAN HILIR, RIAU",6,49,27,76
https://kawalpemilu.org#15347,"SUNGAI BAKAU, SINABOI, ROKAN HILIR, RIAU",7,132,36,168
https://kawalpemilu.org#15347,"SUNGAI BAKAU, SINABOI, ROKAN HILIR, RIAU",8,127,11,138
https://kawalpemilu.org#15347,"SUNGAI BAKAU, SINABOI, ROKAN HILIR, RIAU",9,51,64,115
https://kawalpemilu.org#15347,"SUNGAI BAKAU, SINABOI, ROKAN HILIR, RIAU",10,131,61,192
https://kawalpemilu.org#15347,"SUNGAI BAKAU, SINABOI, ROKAN HILIR, RIAU",11,84,48,132
https://kawalpemilu.org#15347,"SUNGAI BAKAU, SINABOI, ROKAN HILIR, RIAU",12,66,58,124
https://kawalpemilu.org#15347,"SUNGAI BAKAU, SINABOI, ROKAN HILIR, RIAU",13,103,98,201
https://kawalpemilu.org#15347,"SUNGAI BAKAU, SINABOI, ROKAN HILIR, RIAU",15,67,60,127
https://kawalpemilu.org#15348,"RAJA BEJAMU, SINABOI, ROKAN HILIR, RIAU",1,73,106,179
https://kawalpemilu.org#15348,"RAJA BEJAMU, SINABOI, ROKAN HILIR, RIAU",2,111,79,190
https://kawalpemilu.org#15348,"RAJA BEJAMU, SINABOI, ROKAN HILIR, RIAU",3,75,122,197
https://kawalpemilu.org#15348,"RAJA BEJAMU, SINABOI, ROKAN HILIR, RIAU",4,77,95,172
https://kawalpemilu.org#15348,"RAJA BEJAMU, SINABOI, ROKAN HILIR, RIAU",5,85,92,177
https://kawalpemilu.org#15348,"RAJA BEJAMU, SINABOI, ROKAN HILIR, RIAU",6,121,44,165
https://kawalpemilu.org#15348,"RAJA BEJAMU, SINABOI, ROKAN HILIR, RIAU",7,162,26,188
https://kawalpemilu.org#15348,"RAJA BEJAMU, SINABOI, ROKAN HILIR, RIAU",8,98,15,113
https://kawalpemilu.org#15348,"RAJA BEJAMU, SINABOI, ROKAN HILIR, RIAU",9,83,29,112
https://kawalpemilu.org#15348,"RAJA BEJAMU, SINABOI, ROKAN HILIR, RIAU",10,109,71,180
https://kawalpemilu.org#15348,"RAJA BEJAMU, SINABOI, ROKAN HILIR, RIAU",11,49,110,159
https://kawalpemilu.org#15348,"RAJA BEJAMU, SINABOI, ROKAN HILIR, RIAU",12,51,119,170
https://kawalpemilu.org#15348,"RAJA BEJAMU, SINABOI, ROKAN HILIR, RIAU",13,98,38,136
https://kawalpemilu.org#15348,"RAJA BEJAMU, SINABOI, ROKAN HILIR, RIAU",14,118,36,154
https://kawalpemilu.org#15348,"RAJA BEJAMU, SINABOI, ROKAN HILIR, RIAU",15,139,49,188
https://kawalpemilu.org#15349,"SUNGAI NYAMUK, SINABOI, ROKAN HILIR, RIAU",1,81,103,184
https://kawalpemilu.org#15349,"SUNGAI NYAMUK, SINABOI, ROKAN HILIR, RIAU",2,102,60,162
https://kawalpemilu.org#15349,"SUNGAI NYAMUK, SINABOI, ROKAN HILIR, RIAU",3,100,83,183
https://kawalpemilu.org#15349,"SUNGAI NYAMUK, SINABOI, ROKAN HILIR, RIAU",4,122,70,192
https://kawalpemilu.org#15349,"SUNGAI NYAMUK, SINABOI, ROKAN HILIR, RIAU",5,55,69,124
https://kawalpemilu.org#15349,"SUNGAI NYAMUK, SINABOI, ROKAN HILIR, RIAU",6,114,81,195
https://kawalpemilu.org#15349,"SUNGAI NYAMUK, SINABOI, ROKAN HILIR, RIAU",7,88,69,157
https://kawalpemilu.org#15349,"SUNGAI NYAMUK, SINABOI, ROKAN HILIR, RIAU",8,100,104,204
https://kawalpemilu.org#15349,"SUNGAI NYAMUK, SINABOI, ROKAN HILIR, RIAU",9,61,60,121
https://kawalpemilu.org#89425,"SINABOI KOTA, SINABOI, ROKAN HILIR, RIAU",1,86,16,102
https://kawalpemilu.org#89425,"SINABOI KOTA, SINABOI, ROKAN HILIR, RIAU",2,65,10,75
https://kawalpemilu.org#89425,"SINABOI KOTA, SINABOI, ROKAN HILIR, RIAU",3,87,57,144
https://kawalpemilu.org#89426,"DARUSSALAM, SINABOI, ROKAN HILIR, RIAU",1,122,36,158
https://kawalpemilu.org#89426,"DARUSSALAM, SINABOI, ROKAN HILIR, RIAU",2,108,42,150
https://kawalpemilu.org#89426,"DARUSSALAM, SINABOI, ROKAN HILIR, RIAU",3,116,27,143
https://kawalpemilu.org#89426,"DARUSSALAM, SINABOI, ROKAN HILIR, RIAU",4,118,21,139
https://kawalpemilu.org#89426,"DARUSSALAM, SINABOI, ROKAN HILIR, RIAU",5,129,31,160
https://kawalpemilu.org#89426,"DARUSSALAM, SINABOI, ROKAN HILIR, RIAU",6,80,37,117
https://kawalpemilu.org#89426,"DARUSSALAM, SINABOI, ROKAN HILIR, RIAU",7,68,30,98
https://kawalpemilu.org#89426,"DARUSSALAM, SINABOI, ROKAN HILIR, RIAU",8,44,18,62
https://kawalpemilu.org#89426,"DARUSSALAM, SINABOI, ROKAN HILIR, RIAU",9,81,26,107
https://kawalpemilu.org#15351,"SIARANG-ARANG, PUJUD, ROKAN HILIR, RIAU",1,29,142,171
https://kawalpemilu.org#15351,"SIARANG-ARANG, PUJUD, ROKAN HILIR, RIAU",2,13,153,166
https://kawalpemilu.org#15351,"SIARANG-ARANG, PUJUD, ROKAN HILIR, RIAU",3,27,179,206
https://kawalpemilu.org#15351,"SIARANG-ARANG, PUJUD, ROKAN HILIR, RIAU",4,48,86,134
https://kawalpemilu.org#15351,"SIARANG-ARANG, PUJUD, ROKAN HILIR, RIAU",5,53,105,158
https://kawalpemilu.org#15351,"SIARANG-ARANG, PUJUD, ROKAN HILIR, RIAU",6,46,137,183
https://kawalpemilu.org#15351,"SIARANG-ARANG, PUJUD, ROKAN HILIR, RIAU",7,104,134,238
https://kawalpemilu.org#15351,"SIARANG-ARANG, PUJUD, ROKAN HILIR, RIAU",8,62,90,152
https://kawalpemilu.org#15351,"SIARANG-ARANG, PUJUD, ROKAN HILIR, RIAU",9,30,89,119
https://kawalpemilu.org#15351,"SIARANG-ARANG, PUJUD, ROKAN HILIR, RIAU",10,78,67,145
https://kawalpemilu.org#15351,"SIARANG-ARANG, PUJUD, ROKAN HILIR, RIAU",11,117,107,224
https://kawalpemilu.org#15351,"SIARANG-ARANG, PUJUD, ROKAN HILIR, RIAU",12,156,95,251
https://kawalpemilu.org#15351,"SIARANG-ARANG, PUJUD, ROKAN HILIR, RIAU",13,155,75,230
https://kawalpemilu.org#15351,"SIARANG-ARANG, PUJUD, ROKAN HILIR, RIAU",14,128,52,180
https://kawalpemilu.org#15352,"TELUKNAYANG, PUJUD, ROKAN HILIR, RIAU",1,64,101,165
https://kawalpemilu.org#15352,"TELUKNAYANG, PUJUD, ROKAN HILIR, RIAU",2,48,78,126
https://kawalpemilu.org#15352,"TELUKNAYANG, PUJUD, ROKAN HILIR, RIAU",3,0,0,0
https://kawalpemilu.org#15352,"TELUKNAYANG, PUJUD, ROKAN HILIR, RIAU",4,83,105,188
https://kawalpemilu.org#15352,"TELUKNAYANG, PUJUD, ROKAN HILIR, RIAU",5,52,68,120
https://kawalpemilu.org#15352,"TELUKNAYANG, PUJUD, ROKAN HILIR, RIAU",6,71,123,194
https://kawalpemilu.org#15352,"TELUKNAYANG, PUJUD, ROKAN HILIR, RIAU",7,117,113,230
https://kawalpemilu.org#15352,"TELUKNAYANG, PUJUD, ROKAN HILIR, RIAU",8,16,92,108
https://kawalpemilu.org#15352,"TELUKNAYANG, PUJUD, ROKAN HILIR, RIAU",9,25,132,157
https://kawalpemilu.org#15352,"TELUKNAYANG, PUJUD, ROKAN HILIR, RIAU",10,79,108,187
https://kawalpemilu.org#15353,"PUJUD, PUJUD, ROKAN HILIR, RIAU",1,19,188,207
https://kawalpemilu.org#15353,"PUJUD, PUJUD, ROKAN HILIR, RIAU",2,22,179,201
https://kawalpemilu.org#15353,"PUJUD, PUJUD, ROKAN HILIR, RIAU",3,18,178,196
https://kawalpemilu.org#15353,"PUJUD, PUJUD, ROKAN HILIR, RIAU",4,8,136,144
https://kawalpemilu.org#15353,"PUJUD, PUJUD, ROKAN HILIR, RIAU",5,96,116,212
https://kawalpemilu.org#15353,"PUJUD, PUJUD, ROKAN HILIR, RIAU",6,65,113,178
https://kawalpemilu.org#15353,"PUJUD, PUJUD, ROKAN HILIR, RIAU",7,53,113,166
https://kawalpemilu.org#15353,"PUJUD, PUJUD, ROKAN HILIR, RIAU",8,62,61,123
https://kawalpemilu.org#15353,"PUJUD, PUJUD, ROKAN HILIR, RIAU",9,151,41,192
https://kawalpemilu.org#15353,"PUJUD, PUJUD, ROKAN HILIR, RIAU",10,59,29,88
https://kawalpemilu.org#15353,"PUJUD, PUJUD, ROKAN HILIR, RIAU",11,74,98,172
https://kawalpemilu.org#15353,"PUJUD, PUJUD, ROKAN HILIR, RIAU",12,75,78,153
https://kawalpemilu.org#15353,"PUJUD, PUJUD, ROKAN HILIR, RIAU",13,71,72,143
https://kawalpemilu.org#15353,"PUJUD, PUJUD, ROKAN HILIR, RIAU",14,80,56,136
https://kawalpemilu.org#15354,"TANJUNGMEDAN, PUJUD, ROKAN HILIR, RIAU",2,32,137,169
https://kawalpemilu.org#15354,"TANJUNGMEDAN, PUJUD, ROKAN HILIR, RIAU",3,28,188,216
https://kawalpemilu.org#15354,"TANJUNGMEDAN, PUJUD, ROKAN HILIR, RIAU",5,53,90,143
https://kawalpemilu.org#15354,"TANJUNGMEDAN, PUJUD, ROKAN HILIR, RIAU",6,85,53,138
https://kawalpemilu.org#15354,"TANJUNGMEDAN, PUJUD, ROKAN HILIR, RIAU",7,137,67,204
https://kawalpemilu.org#15354,"TANJUNGMEDAN, PUJUD, ROKAN HILIR, RIAU",8,123,80,203
https://kawalpemilu.org#15354,"TANJUNGMEDAN, PUJUD, ROKAN HILIR, RIAU",9,113,64,177
https://kawalpemilu.org#15354,"TANJUNGMEDAN, PUJUD, ROKAN HILIR, RIAU",10,166,64,230
https://kawalpemilu.org#15354,"TANJUNGMEDAN, PUJUD, ROKAN HILIR, RIAU",11,124,66,190
https://kawalpemilu.org#15354,"TANJUNGMEDAN, PUJUD, ROKAN HILIR, RIAU",12,72,20,92
https://kawalpemilu.org#15354,"TANJUNGMEDAN, PUJUD, ROKAN HILIR, RIAU",13,133,57,190
https://kawalpemilu.org#15354,"TANJUNGMEDAN, PUJUD, ROKAN HILIR, RIAU",14,116,59,175
https://kawalpemilu.org#15354,"TANJUNGMEDAN, PUJUD, ROKAN HILIR, RIAU",15,67,46,113
https://kawalpemilu.org#15355,"AIR HITAM, PUJUD, ROKAN HILIR, RIAU",1,18,196,214
https://kawalpemilu.org#15355,"AIR HITAM, PUJUD, ROKAN HILIR, RIAU",2,5,213,218
https://kawalpemilu.org#15355,"AIR HITAM, PUJUD, ROKAN HILIR, RIAU",3,12,209,221
https://kawalpemilu.org#15355,"AIR HITAM, PUJUD, ROKAN HILIR, RIAU",4,10,22,32
https://kawalpemilu.org#15355,"AIR HITAM, PUJUD, ROKAN HILIR, RIAU",5,59,4,63
https://kawalpemilu.org#15356,"KASANG BANGSAWAN, PUJUD, ROKAN HILIR, RIAU",1,46,89,135
https://kawalpemilu.org#15356,"KASANG BANGSAWAN, PUJUD, ROKAN HILIR, RIAU",2,91,76,167
https://kawalpemilu.org#15356,"KASANG BANGSAWAN, PUJUD, ROKAN HILIR, RIAU",3,72,165,237
https://kawalpemilu.org#15356,"KASANG BANGSAWAN, PUJUD, ROKAN HILIR, RIAU",4,106,52,158
https://kawalpemilu.org#15356,"KASANG BANGSAWAN, PUJUD, ROKAN HILIR, RIAU",5,70,43,113
https://kawalpemilu.org#15356,"KASANG BANGSAWAN, PUJUD, ROKAN HILIR, RIAU",6,150,67,217
https://kawalpemilu.org#15356,"KASANG BANGSAWAN, PUJUD, ROKAN HILIR, RIAU",7,159,60,219
https://kawalpemilu.org#15356,"KASANG BANGSAWAN, PUJUD, ROKAN HILIR, RIAU",8,106,140,246
https://kawalpemilu.org#15356,"KASANG BANGSAWAN, PUJUD, ROKAN HILIR, RIAU",9,116,75,191
https://kawalpemilu.org#15356,"KASANG BANGSAWAN, PUJUD, ROKAN HILIR, RIAU",10,36,88,124
https://kawalpemilu.org#15356,"KASANG BANGSAWAN, PUJUD, ROKAN HILIR, RIAU",11,67,84,151
https://kawalpemilu.org#15356,"KASANG BANGSAWAN, PUJUD, ROKAN HILIR, RIAU",12,90,98,188
https://kawalpemilu.org#15357,"SUNGAIPINANG, PUJUD, ROKAN HILIR, RIAU",1,36,164,200
https://kawalpemilu.org#15357,"SUNGAIPINANG, PUJUD, ROKAN HILIR, RIAU",2,26,180,206
https://kawalpemilu.org#15357,"SUNGAIPINANG, PUJUD, ROKAN HILIR, RIAU",3,23,158,181
https://kawalpemilu.org#15357,"SUNGAIPINANG, PUJUD, ROKAN HILIR, RIAU",4,72,108,180
https://kawalpemilu.org#15357,"SUNGAIPINANG, PUJUD, ROKAN HILIR, RIAU",5,55,90,145
https://kawalpemilu.org#15358,"SRI KAYANGAN, PUJUD, ROKAN HILIR, RIAU",1,97,92,189
https://kawalpemilu.org#15358,"SRI KAYANGAN, PUJUD, ROKAN HILIR, RIAU",2,69,72,141
https://kawalpemilu.org#15358,"SRI KAYANGAN, PUJUD, ROKAN HILIR, RIAU",3,102,33,135
https://kawalpemilu.org#15358,"SRI KAYANGAN, PUJUD, ROKAN HILIR, RIAU",4,95,35,130
https://kawalpemilu.org#15358,"SRI KAYANGAN, PUJUD, ROKAN HILIR, RIAU",5,65,36,101
https://kawalpemilu.org#15358,"SRI KAYANGAN, PUJUD, ROKAN HILIR, RIAU",6,50,98,148
https://kawalpemilu.org#15358,"SRI KAYANGAN, PUJUD, ROKAN HILIR, RIAU",7,131,36,167
https://kawalpemilu.org#15359,"TANJUNGSARI, PUJUD, ROKAN HILIR, RIAU",1,81,54,135
https://kawalpemilu.org#15359,"TANJUNGSARI, PUJUD, ROKAN HILIR, RIAU",2,104,18,122
https://kawalpemilu.org#15359,"TANJUNGSARI, PUJUD, ROKAN HILIR, RIAU",3,97,1,98
https://kawalpemilu.org#15359,"TANJUNGSARI, PUJUD, ROKAN HILIR, RIAU",4,69,36,105
https://kawalpemilu.org#15359,"TANJUNGSARI, PUJUD, ROKAN HILIR, RIAU",5,156,28,184
https://kawalpemilu.org#15359,"TANJUNGSARI, PUJUD, ROKAN HILIR, RIAU",6,73,76,149
https://kawalpemilu.org#15359,"TANJUNGSARI, PUJUD, ROKAN HILIR, RIAU",7,109,53,162
https://kawalpemilu.org#15359,"TANJUNGSARI, PUJUD, ROKAN HILIR, RIAU",8,61,60,121
https://kawalpemilu.org#15360,"SUNGAITAPAH, PUJUD, ROKAN HILIR, RIAU",1,117,56,173
https://kawalpemilu.org#15360,"SUNGAITAPAH, PUJUD, ROKAN HILIR, RIAU",2,143,71,214
https://kawalpemilu.org#15360,"SUNGAITAPAH, PUJUD, ROKAN HILIR, RIAU",3,65,113,178
https://kawalpemilu.org#15360,"SUNGAITAPAH, PUJUD, ROKAN HILIR, RIAU",4,87,42,129
https://kawalpemilu.org#15360,"SUNGAITAPAH, PUJUD, ROKAN HILIR, RIAU",6,118,44,162
https://kawalpemilu.org#15360,"SUNGAITAPAH, PUJUD, ROKAN HILIR, RIAU",7,81,142,223
https://kawalpemilu.org#15360,"SUNGAITAPAH, PUJUD, ROKAN HILIR, RIAU",8,43,79,122
https://kawalpemilu.org#15360,"SUNGAITAPAH, PUJUD, ROKAN HILIR, RIAU",9,111,128,239
https://kawalpemilu.org#15360,"SUNGAITAPAH, PUJUD, ROKAN HILIR, RIAU",10,131,56,187
https://kawalpemilu.org#15360,"SUNGAITAPAH, PUJUD, ROKAN HILIR, RIAU",11,111,62,173
https://kawalpemilu.org#15360,"SUNGAITAPAH, PUJUD, ROKAN HILIR, RIAU",12,80,88,168
https://kawalpemilu.org#15360,"SUNGAITAPAH, PUJUD, ROKAN HILIR, RIAU",13,112,39,151
https://kawalpemilu.org#15361,"PONDOK KRESEK, PUJUD, ROKAN HILIR, RIAU",1,185,30,215
https://kawalpemilu.org#15361,"PONDOK KRESEK, PUJUD, ROKAN HILIR, RIAU",2,108,67,175
https://kawalpemilu.org#15361,"PONDOK KRESEK, PUJUD, ROKAN HILIR, RIAU",3,174,38,212
https://kawalpemilu.org#15361,"PONDOK KRESEK, PUJUD, ROKAN HILIR, RIAU",4,132,25,157
https://kawalpemilu.org#15361,"PONDOK KRESEK, PUJUD, ROKAN HILIR, RIAU",5,61,65,126
https://kawalpemilu.org#15361,"PONDOK KRESEK, PUJUD, ROKAN HILIR, RIAU",6,158,57,215
https://kawalpemilu.org#15361,"PONDOK KRESEK, PUJUD, ROKAN HILIR, RIAU",7,58,84,142
https://kawalpemilu.org#15361,"PONDOK KRESEK, PUJUD, ROKAN HILIR, RIAU",8,64,100,164
https://kawalpemilu.org#15361,"PONDOK KRESEK, PUJUD, ROKAN HILIR, RIAU",9,188,29,217
https://kawalpemilu.org#15362,"PERKEBUNAN TANJUNG MEDAN, PUJUD, ROKAN HILIR, RIAU",1,109,118,227
https://kawalpemilu.org#15362,"PERKEBUNAN TANJUNG MEDAN, PUJUD, ROKAN HILIR, RIAU",2,153,84,237
https://kawalpemilu.org#15362,"PERKEBUNAN TANJUNG MEDAN, PUJUD, ROKAN HILIR, RIAU",3,144,24,168
https://kawalpemilu.org#15362,"PERKEBUNAN TANJUNG MEDAN, PUJUD, ROKAN HILIR, RIAU",4,153,29,182
https://kawalpemilu.org#15362,"PERKEBUNAN TANJUNG MEDAN, PUJUD, ROKAN HILIR, RIAU",5,95,69,164
https://kawalpemilu.org#15362,"PERKEBUNAN TANJUNG MEDAN, PUJUD, ROKAN HILIR, RIAU",6,57,84,141
https://kawalpemilu.org#84517,"SUKA JADI, PUJUD, ROKAN HILIR, RIAU",1,68,67,135
https://kawalpemilu.org#84517,"SUKA JADI, PUJUD, ROKAN HILIR, RIAU",2,105,117,222
https://kawalpemilu.org#84517,"SUKA JADI, PUJUD, ROKAN HILIR, RIAU",3,107,95,202
https://kawalpemilu.org#84517,"SUKA JADI, PUJUD, ROKAN HILIR, RIAU",4,114,128,242
https://kawalpemilu.org#84517,"SUKA JADI, PUJUD, ROKAN HILIR, RIAU",5,26,226,252
https://kawalpemilu.org#84517,"SUKA JADI, PUJUD, ROKAN HILIR, RIAU",6,129,120,249
https://kawalpemilu.org#84517,"SUKA JADI, PUJUD, ROKAN HILIR, RIAU",7,75,125,200
https://kawalpemilu.org#84517,"SUKA JADI, PUJUD, ROKAN HILIR, RIAU",8,75,140,215
https://kawalpemilu.org#84517,"SUKA JADI, PUJUD, ROKAN HILIR, RIAU",9,70,139,209
https://kawalpemilu.org#90478,"PUJUD SELATAN, PUJUD, ROKAN HILIR, RIAU",1,28,199,227
https://kawalpemilu.org#90478,"PUJUD SELATAN, PUJUD, ROKAN HILIR, RIAU",2,9,174,183
https://kawalpemilu.org#90478,"PUJUD SELATAN, PUJUD, ROKAN HILIR, RIAU",3,28,185,213
https://kawalpemilu.org#90478,"PUJUD SELATAN, PUJUD, ROKAN HILIR, RIAU",4,29,176,205
https://kawalpemilu.org#90478,"PUJUD SELATAN, PUJUD, ROKAN HILIR, RIAU",5,28,210,238
https://kawalpemilu.org#90478,"PUJUD SELATAN, PUJUD, ROKAN HILIR, RIAU",6,26,191,217
https://kawalpemilu.org#90478,"PUJUD SELATAN, PUJUD, ROKAN HILIR, RIAU",7,27,200,227
https://kawalpemilu.org#90480,"PUJUD UTARA, PUJUD, ROKAN HILIR, RIAU",1,190,13,203
https://kawalpemilu.org#90480,"PUJUD UTARA, PUJUD, ROKAN HILIR, RIAU",2,142,18,160
https://kawalpemilu.org#90480,"PUJUD UTARA, PUJUD, ROKAN HILIR, RIAU",3,58,25,83
https://kawalpemilu.org#90481,"BABUSSALAM ROKAN, PUJUD, ROKAN HILIR, RIAU",1,20,157,177
https://kawalpemilu.org#90481,"BABUSSALAM ROKAN, PUJUD, ROKAN HILIR, RIAU",2,34,120,154
https://kawalpemilu.org#90481,"BABUSSALAM ROKAN, PUJUD, ROKAN HILIR, RIAU",3,91,121,212
https://kawalpemilu.org#90481,"BABUSSALAM ROKAN, PUJUD, ROKAN HILIR, RIAU",4,94,125,219
https://kawalpemilu.org#90481,"BABUSSALAM ROKAN, PUJUD, ROKAN HILIR, RIAU",5,53,92,145
https://kawalpemilu.org#90481,"BABUSSALAM ROKAN, PUJUD, ROKAN HILIR, RIAU",6,52,69,121
https://kawalpemilu.org#90481,"BABUSSALAM ROKAN, PUJUD, ROKAN HILIR, RIAU",7,39,69,108
https://kawalpemilu.org#90482,"PERKEBUNAN SIARANG-ARANG, PUJUD, ROKAN HILIR, RIAU",1,100,76,176
https://kawalpemilu.org#90482,"PERKEBUNAN SIARANG-ARANG, PUJUD, ROKAN HILIR, RIAU",2,46,118,164
https://kawalpemilu.org#90482,"PERKEBUNAN SIARANG-ARANG, PUJUD, ROKAN HILIR, RIAU",3,42,62,104
https://kawalpemilu.org#90482,"PERKEBUNAN SIARANG-ARANG, PUJUD, ROKAN HILIR, RIAU",4,116,100,216
https://kawalpemilu.org#90482,"PERKEBUNAN SIARANG-ARANG, PUJUD, ROKAN HILIR, RIAU",5,52,181,233
https://kawalpemilu.org#90482,"PERKEBUNAN SIARANG-ARANG, PUJUD, ROKAN HILIR, RIAU",6,25,74,99
https://kawalpemilu.org#90483,"TANJUNGMEDAN UTARA, PUJUD, ROKAN HILIR, RIAU",1,110,120,230
https://kawalpemilu.org#90483,"TANJUNGMEDAN UTARA, PUJUD, ROKAN HILIR, RIAU",2,122,104,226
https://kawalpemilu.org#90483,"TANJUNGMEDAN UTARA, PUJUD, ROKAN HILIR, RIAU",3,141,99,240
https://kawalpemilu.org#90483,"TANJUNGMEDAN UTARA, PUJUD, ROKAN HILIR, RIAU",4,149,30,179
https://kawalpemilu.org#90483,"TANJUNGMEDAN UTARA, PUJUD, ROKAN HILIR, RIAU",5,121,48,169
https://kawalpemilu.org#90483,"TANJUNGMEDAN UTARA, PUJUD, ROKAN HILIR, RIAU",6,113,42,155
https://kawalpemilu.org#90483,"TANJUNGMEDAN UTARA, PUJUD, ROKAN HILIR, RIAU",7,38,6,44
https://kawalpemilu.org#90484,"TANJUNGMEDAN BARAT, PUJUD, ROKAN HILIR, RIAU",1,167,46,213
https://kawalpemilu.org#90484,"TANJUNGMEDAN BARAT, PUJUD, ROKAN HILIR, RIAU",2,176,44,170
https://kawalpemilu.org#90484,"TANJUNGMEDAN BARAT, PUJUD, ROKAN HILIR, RIAU",3,199,58,257
https://kawalpemilu.org#90484,"TANJUNGMEDAN BARAT, PUJUD, ROKAN HILIR, RIAU",4,121,59,180
https://kawalpemilu.org#90484,"TANJUNGMEDAN BARAT, PUJUD, ROKAN HILIR, RIAU",5,147,51,198
https://kawalpemilu.org#90484,"TANJUNGMEDAN BARAT, PUJUD, ROKAN HILIR, RIAU",6,112,41,153
https://kawalpemilu.org#90484,"TANJUNGMEDAN BARAT, PUJUD, ROKAN HILIR, RIAU",7,177,77,254
https://kawalpemilu.org#90484,"TANJUNGMEDAN BARAT, PUJUD, ROKAN HILIR, RIAU",8,141,73,214
https://kawalpemilu.org#90485,"TANGGA BATU, PUJUD, ROKAN HILIR, RIAU",1,110,101,211
https://kawalpemilu.org#90485,"TANGGA BATU, PUJUD, ROKAN HILIR, RIAU",2,117,83,200
https://kawalpemilu.org#90485,"TANGGA BATU, PUJUD, ROKAN HILIR, RIAU",3,130,68,198
https://kawalpemilu.org#90485,"TANGGA BATU, PUJUD, ROKAN HILIR, RIAU",4,107,44,151
https://kawalpemilu.org#90485,"TANGGA BATU, PUJUD, ROKAN HILIR, RIAU",5,98,68,166
https://kawalpemilu.org#90485,"TANGGA BATU, PUJUD, ROKAN HILIR, RIAU",6,93,119,212
https://kawalpemilu.org#90485,"TANGGA BATU, PUJUD, ROKAN HILIR, RIAU",7,148,99,247
https://kawalpemilu.org#90486,"SEI MERANTI, PUJUD, ROKAN HILIR, RIAU",1,144,47,191
https://kawalpemilu.org#90486,"SEI MERANTI, PUJUD, ROKAN HILIR, RIAU",2,99,95,194
https://kawalpemilu.org#90486,"SEI MERANTI, PUJUD, ROKAN HILIR, RIAU",3,98,52,150
https://kawalpemilu.org#90486,"SEI MERANTI, PUJUD, ROKAN HILIR, RIAU",4,200,64,264
https://kawalpemilu.org#90486,"SEI MERANTI, PUJUD, ROKAN HILIR, RIAU",5,164,56,220
https://kawalpemilu.org#90486,"SEI MERANTI, PUJUD, ROKAN HILIR, RIAU",6,100,23,123
https://kawalpemilu.org#90486,"SEI MERANTI, PUJUD, ROKAN HILIR, RIAU",7,98,48,146
https://kawalpemilu.org#90486,"SEI MERANTI, PUJUD, ROKAN HILIR, RIAU",8,98,31,129
https://kawalpemilu.org#90486,"SEI MERANTI, PUJUD, ROKAN HILIR, RIAU",9,100,27,127
https://kawalpemilu.org#90487,"SEI MERANTI DARUSSALAM, PUJUD, ROKAN HILIR, RIAU",1,116,90,206
https://kawalpemilu.org#90487,"SEI MERANTI DARUSSALAM, PUJUD, ROKAN HILIR, RIAU",2,55,105,160
https://kawalpemilu.org#90487,"SEI MERANTI DARUSSALAM, PUJUD, ROKAN HILIR, RIAU",3,134,42,176
https://kawalpemilu.org#90487,"SEI MERANTI DARUSSALAM, PUJUD, ROKAN HILIR, RIAU",4,94,46,140
https://kawalpemilu.org#90487,"SEI MERANTI DARUSSALAM, PUJUD, ROKAN HILIR, RIAU",5,100,75,175
https://kawalpemilu.org#90487,"SEI MERANTI DARUSSALAM, PUJUD, ROKAN HILIR, RIAU",6,142,62,204
https://kawalpemilu.org#90487,"SEI MERANTI DARUSSALAM, PUJUD, ROKAN HILIR, RIAU",7,134,50,184
https://kawalpemilu.org#90487,"SEI MERANTI DARUSSALAM, PUJUD, ROKAN HILIR, RIAU",8,92,101,193
https://kawalpemilu.org#90487,"SEI MERANTI DARUSSALAM, PUJUD, ROKAN HILIR, RIAU",9,91,10,101
https://kawalpemilu.org#90487,"SEI MERANTI DARUSSALAM, PUJUD, ROKAN HILIR, RIAU",10,76,32,108
https://kawalpemilu.org#90487,"SEI MERANTI DARUSSALAM, PUJUD, ROKAN HILIR, RIAU",11,72,25,97
https://kawalpemilu.org#90488,"AKAR BELINGKAR, PUJUD, ROKAN HILIR, RIAU",1,135,56,191
https://kawalpemilu.org#90488,"AKAR BELINGKAR, PUJUD, ROKAN HILIR, RIAU",2,149,34,183
https://kawalpemilu.org#90488,"AKAR BELINGKAR, PUJUD, ROKAN HILIR, RIAU",3,169,47,216
https://kawalpemilu.org#90488,"AKAR BELINGKAR, PUJUD, ROKAN HILIR, RIAU",4,104,56,160
https://kawalpemilu.org#15364,"MELAYU BESAR, TANAH PUTIH TANJUNG MELAWAN, ROKAN HILIR, RIAU",1,26,136,162
https://kawalpemilu.org#15364,"MELAYU BESAR, TANAH PUTIH TANJUNG MELAWAN, ROKAN HILIR, RIAU",2,26,204,230
https://kawalpemilu.org#15364,"MELAYU BESAR, TANAH PUTIH TANJUNG MELAWAN, ROKAN HILIR, RIAU",3,31,149,180
https://kawalpemilu.org#15364,"MELAYU BESAR, TANAH PUTIH TANJUNG MELAWAN, ROKAN HILIR, RIAU",4,23,199,222
https://kawalpemilu.org#15364,"MELAYU BESAR, TANAH PUTIH TANJUNG MELAWAN, ROKAN HILIR, RIAU",5,25,126,151
https://kawalpemilu.org#15364,"MELAYU BESAR, TANAH PUTIH TANJUNG MELAWAN, ROKAN HILIR, RIAU",6,19,134,153
https://kawalpemilu.org#15364,"MELAYU BESAR, TANAH PUTIH TANJUNG MELAWAN, ROKAN HILIR, RIAU",7,95,133,228
https://kawalpemilu.org#15364,"MELAYU BESAR, TANAH PUTIH TANJUNG MELAWAN, ROKAN HILIR, RIAU",8,72,68,140
https://kawalpemilu.org#15364,"MELAYU BESAR, TANAH PUTIH TANJUNG MELAWAN, ROKAN HILIR, RIAU",9,59,103,162
https://kawalpemilu.org#15364,"MELAYU BESAR, TANAH PUTIH TANJUNG MELAWAN, ROKAN HILIR, RIAU",10,84,91,175
https://kawalpemilu.org#15364,"MELAYU BESAR, TANAH PUTIH TANJUNG MELAWAN, ROKAN HILIR, RIAU",11,69,53,122
https://kawalpemilu.org#15364,"MELAYU BESAR, TANAH PUTIH TANJUNG MELAWAN, ROKAN HILIR, RIAU",12,155,85,240
https://kawalpemilu.org#15364,"MELAYU BESAR, TANAH PUTIH TANJUNG MELAWAN, ROKAN HILIR, RIAU",13,137,86,223
https://kawalpemilu.org#15364,"MELAYU BESAR, TANAH PUTIH TANJUNG MELAWAN, ROKAN HILIR, RIAU",14,41,191,232
https://kawalpemilu.org#15364,"MELAYU BESAR, TANAH PUTIH TANJUNG MELAWAN, ROKAN HILIR, RIAU",15,24,117,141
https://kawalpemilu.org#15364,"MELAYU BESAR, TANAH PUTIH TANJUNG MELAWAN, ROKAN HILIR, RIAU",16,15,84,99
https://kawalpemilu.org#15364,"MELAYU BESAR, TANAH PUTIH TANJUNG MELAWAN, ROKAN HILIR, RIAU",17,78,157,235
https://kawalpemilu.org#15364,"MELAYU BESAR, TANAH PUTIH TANJUNG MELAWAN, ROKAN HILIR, RIAU",18,168,47,290
https://kawalpemilu.org#15364,"MELAYU BESAR, TANAH PUTIH TANJUNG MELAWAN, ROKAN HILIR, RIAU",19,113,39,152
https://kawalpemilu.org#15365,"MELAYU TENGAH, TANAH PUTIH TANJUNG MELAWAN, ROKAN HILIR, RIAU",1,20,138,158
https://kawalpemilu.org#15365,"MELAYU TENGAH, TANAH PUTIH TANJUNG MELAWAN, ROKAN HILIR, RIAU",2,31,130,161
https://kawalpemilu.org#15365,"MELAYU TENGAH, TANAH PUTIH TANJUNG MELAWAN, ROKAN HILIR, RIAU",3,55,89,144
https://kawalpemilu.org#15365,"MELAYU TENGAH, TANAH PUTIH TANJUNG MELAWAN, ROKAN HILIR, RIAU",4,88,74,162
https://kawalpemilu.org#15366,"BATU HAMPAR, TANAH PUTIH TANJUNG MELAWAN, ROKAN HILIR, RIAU",1,35,162,197
https://kawalpemilu.org#15366,"BATU HAMPAR, TANAH PUTIH TANJUNG MELAWAN, ROKAN HILIR, RIAU",2,37,204,241
https://kawalpemilu.org#15367,"MESAH, TANAH PUTIH TANJUNG MELAWAN, ROKAN HILIR, RIAU",1,18,138,156
https://kawalpemilu.org#15367,"MESAH, TANAH PUTIH TANJUNG MELAWAN, ROKAN HILIR, RIAU",2,23,102,125
https://kawalpemilu.org#15367,"MESAH, TANAH PUTIH TANJUNG MELAWAN, ROKAN HILIR, RIAU",3,142,70,212
https://kawalpemilu.org#15367,"MESAH, TANAH PUTIH TANJUNG MELAWAN, ROKAN HILIR, RIAU",4,86,27,113
https://kawalpemilu.org#15368,"LABUHAN PAPAN, TANAH PUTIH TANJUNG MELAWAN, ROKAN HILIR, RIAU",1,16,141,157
https://kawalpemilu.org#15368,"LABUHAN PAPAN, TANAH PUTIH TANJUNG MELAWAN, ROKAN HILIR, RIAU",2,43,123,166
https://kawalpemilu.org#15368,"LABUHAN PAPAN, TANAH PUTIH TANJUNG MELAWAN, ROKAN HILIR, RIAU",3,69,88,157
https://kawalpemilu.org#15368,"LABUHAN PAPAN, TANAH PUTIH TANJUNG MELAWAN, ROKAN HILIR, RIAU",4,66,54,120
https://kawalpemilu.org#15368,"LABUHAN PAPAN, TANAH PUTIH TANJUNG MELAWAN, ROKAN HILIR, RIAU",6,30,66,96
https://kawalpemilu.org#15368,"LABUHAN PAPAN, TANAH PUTIH TANJUNG MELAWAN, ROKAN HILIR, RIAU",7,57,124,181
https://kawalpemilu.org#15368,"LABUHAN PAPAN, TANAH PUTIH TANJUNG MELAWAN, ROKAN HILIR, RIAU",8,74,71,145
https://kawalpemilu.org#928991,"MELAYU BESAR KOTA, TANAH PUTIH TANJUNG MELAWAN, ROKAN HILIR, RIAU",1,71,113,184
https://kawalpemilu.org#928991,"MELAYU BESAR KOTA, TANAH PUTIH TANJUNG MELAWAN, ROKAN HILIR, RIAU",2,113,127,240
https://kawalpemilu.org#928991,"MELAYU BESAR KOTA, TANAH PUTIH TANJUNG MELAWAN, ROKAN HILIR, RIAU",3,96,102,198
https://kawalpemilu.org#928991,"MELAYU BESAR KOTA, TANAH PUTIH TANJUNG MELAWAN, ROKAN HILIR, RIAU",4,53,120,173
https://kawalpemilu.org#928991,"MELAYU BESAR KOTA, TANAH PUTIH TANJUNG MELAWAN, ROKAN HILIR, RIAU",5,84,100,184
https://kawalpemilu.org#928991,"MELAYU BESAR KOTA, TANAH PUTIH TANJUNG MELAWAN, ROKAN HILIR, RIAU",6,77,104,181
https://kawalpemilu.org#15370,"BANGKO KANAN, BANGKO PUSAKO, ROKAN HILIR, RIAU",7,44,88,132
https://kawalpemilu.org#15371,"BANGKO JAYA, BANGKO PUSAKO, ROKAN HILIR, RIAU",1,99,101,200
https://kawalpemilu.org#15371,"BANGKO JAYA, BANGKO PUSAKO, ROKAN HILIR, RIAU",2,106,76,182
https://kawalpemilu.org#15371,"BANGKO JAYA, BANGKO PUSAKO, ROKAN HILIR, RIAU",3,105,105,210
https://kawalpemilu.org#15371,"BANGKO JAYA, BANGKO PUSAKO, ROKAN HILIR, RIAU",4,105,59,164
https://kawalpemilu.org#15371,"BANGKO JAYA, BANGKO PUSAKO, ROKAN HILIR, RIAU",5,116,96,212
https://kawalpemilu.org#15371,"BANGKO JAYA, BANGKO PUSAKO, ROKAN HILIR, RIAU",6,154,65,219
https://kawalpemilu.org#15371,"BANGKO JAYA, BANGKO PUSAKO, ROKAN HILIR, RIAU",7,186,46,232
https://kawalpemilu.org#15371,"BANGKO JAYA, BANGKO PUSAKO, ROKAN HILIR, RIAU",8,108,121,229
https://kawalpemilu.org#15371,"BANGKO JAYA, BANGKO PUSAKO, ROKAN HILIR, RIAU",9,78,53,131
https://kawalpemilu.org#15371,"BANGKO JAYA, BANGKO PUSAKO, ROKAN HILIR, RIAU",10,92,105,197
https://kawalpemilu.org#15371,"BANGKO JAYA, BANGKO PUSAKO, ROKAN HILIR, RIAU",11,157,93,250
https://kawalpemilu.org#15371,"BANGKO JAYA, BANGKO PUSAKO, ROKAN HILIR, RIAU",12,149,53,202
https://kawalpemilu.org#15371,"BANGKO JAYA, BANGKO PUSAKO, ROKAN HILIR, RIAU",13,72,64,136
https://kawalpemilu.org#15371,"BANGKO JAYA, BANGKO PUSAKO, ROKAN HILIR, RIAU",14,98,61,159
https://kawalpemilu.org#15371,"BANGKO JAYA, BANGKO PUSAKO, ROKAN HILIR, RIAU",15,115,86,201
https://kawalpemilu.org#15372,"BANGKO SEMPURNA, BANGKO PUSAKO, ROKAN HILIR, RIAU",1,87,56,143
https://kawalpemilu.org#15372,"BANGKO SEMPURNA, BANGKO PUSAKO, ROKAN HILIR, RIAU",2,63,66,129
https://kawalpemilu.org#15372,"BANGKO SEMPURNA, BANGKO PUSAKO, ROKAN HILIR, RIAU",3,136,106,242
https://kawalpemilu.org#15372,"BANGKO SEMPURNA, BANGKO PUSAKO, ROKAN HILIR, RIAU",4,156,49,205
https://kawalpemilu.org#15372,"BANGKO SEMPURNA, BANGKO PUSAKO, ROKAN HILIR, RIAU",5,103,40,143
https://kawalpemilu.org#15372,"BANGKO SEMPURNA, BANGKO PUSAKO, ROKAN HILIR, RIAU",6,153,79,232
https://kawalpemilu.org#15372,"BANGKO SEMPURNA, BANGKO PUSAKO, ROKAN HILIR, RIAU",7,106,53,159
https://kawalpemilu.org#15372,"BANGKO SEMPURNA, BANGKO PUSAKO, ROKAN HILIR, RIAU",8,78,53,131
https://kawalpemilu.org#15372,"BANGKO SEMPURNA, BANGKO PUSAKO, ROKAN HILIR, RIAU",9,114,57,171
https://kawalpemilu.org#15372,"BANGKO SEMPURNA, BANGKO PUSAKO, ROKAN HILIR, RIAU",10,155,96,251
https://kawalpemilu.org#15372,"BANGKO SEMPURNA, BANGKO PUSAKO, ROKAN HILIR, RIAU",11,95,81,176
https://kawalpemilu.org#15372,"BANGKO SEMPURNA, BANGKO PUSAKO, ROKAN HILIR, RIAU",12,171,25,196
https://kawalpemilu.org#15372,"BANGKO SEMPURNA, BANGKO PUSAKO, ROKAN HILIR, RIAU",13,135,4,139
https://kawalpemilu.org#15372,"BANGKO SEMPURNA, BANGKO PUSAKO, ROKAN HILIR, RIAU",14,79,55,134
https://kawalpemilu.org#15372,"BANGKO SEMPURNA, BANGKO PUSAKO, ROKAN HILIR, RIAU",15,78,67,145
https://kawalpemilu.org#15372,"BANGKO SEMPURNA, BANGKO PUSAKO, ROKAN HILIR, RIAU",16,124,41,165
https://kawalpemilu.org#15372,"BANGKO SEMPURNA, BANGKO PUSAKO, ROKAN HILIR, RIAU",17,79,45,124
https://kawalpemilu.org#15372,"BANGKO SEMPURNA, BANGKO PUSAKO, ROKAN HILIR, RIAU",18,133,41,174
https://kawalpemilu.org#15372,"BANGKO SEMPURNA, BANGKO PUSAKO, ROKAN HILIR, RIAU",19,92,59,151
https://kawalpemilu.org#15372,"BANGKO SEMPURNA, BANGKO PUSAKO, ROKAN HILIR, RIAU",20,125,14,139
https://kawalpemilu.org#15373,"BANGKO BAKTI, BANGKO PUSAKO, ROKAN HILIR, RIAU",1,46,116,162
https://kawalpemilu.org#15373,"BANGKO BAKTI, BANGKO PUSAKO, ROKAN HILIR, RIAU",2,53,145,198
https://kawalpemilu.org#15373,"BANGKO BAKTI, BANGKO PUSAKO, ROKAN HILIR, RIAU",3,123,100,223
https://kawalpemilu.org#15373,"BANGKO BAKTI, BANGKO PUSAKO, ROKAN HILIR, RIAU",4,102,36,138
https://kawalpemilu.org#15373,"BANGKO BAKTI, BANGKO PUSAKO, ROKAN HILIR, RIAU",5,130,54,184
https://kawalpemilu.org#15373,"BANGKO BAKTI, BANGKO PUSAKO, ROKAN HILIR, RIAU",6,118,85,203
https://kawalpemilu.org#15373,"BANGKO BAKTI, BANGKO PUSAKO, ROKAN HILIR, RIAU",7,105,81,186
https://kawalpemilu.org#15373,"BANGKO BAKTI, BANGKO PUSAKO, ROKAN HILIR, RIAU",8,73,133,206
https://kawalpemilu.org#15373,"BANGKO BAKTI, BANGKO PUSAKO, ROKAN HILIR, RIAU",9,130,80,210
https://kawalpemilu.org#15373,"BANGKO BAKTI, BANGKO PUSAKO, ROKAN HILIR, RIAU",10,109,62,171
https://kawalpemilu.org#15373,"BANGKO BAKTI, BANGKO PUSAKO, ROKAN HILIR, RIAU",11,59,64,123
https://kawalpemilu.org#15373,"BANGKO BAKTI, BANGKO PUSAKO, ROKAN HILIR, RIAU",12,95,23,118
https://kawalpemilu.org#15373,"BANGKO BAKTI, BANGKO PUSAKO, ROKAN HILIR, RIAU",13,49,32,81
https://kawalpemilu.org#15374,"BANGKO PUSAKA, BANGKO PUSAKO, ROKAN HILIR, RIAU",1,49,103,152
https://kawalpemilu.org#15374,"BANGKO PUSAKA, BANGKO PUSAKO, ROKAN HILIR, RIAU",2,24,123,147
https://kawalpemilu.org#15374,"BANGKO PUSAKA, BANGKO PUSAKO, ROKAN HILIR, RIAU",3,29,99,128
https://kawalpemilu.org#15374,"BANGKO PUSAKA, BANGKO PUSAKO, ROKAN HILIR, RIAU",4,44,148,192
https://kawalpemilu.org#15374,"BANGKO PUSAKA, BANGKO PUSAKO, ROKAN HILIR, RIAU",5,142,67,209
https://kawalpemilu.org#15374,"BANGKO PUSAKA, BANGKO PUSAKO, ROKAN HILIR, RIAU",6,42,101,143
https://kawalpemilu.org#15374,"BANGKO PUSAKA, BANGKO PUSAKO, ROKAN HILIR, RIAU",7,137,92,229
https://kawalpemilu.org#15374,"BANGKO PUSAKA, BANGKO PUSAKO, ROKAN HILIR, RIAU",8,162,37,199
https://kawalpemilu.org#15374,"BANGKO PUSAKA, BANGKO PUSAKO, ROKAN HILIR, RIAU",9,58,94,152
https://kawalpemilu.org#15374,"BANGKO PUSAKA, BANGKO PUSAKO, ROKAN HILIR, RIAU",10,42,61,103
https://kawalpemilu.org#15374,"BANGKO PUSAKA, BANGKO PUSAKO, ROKAN HILIR, RIAU",11,82,75,157
https://kawalpemilu.org#15375,"BANGKO KIRI, BANGKO PUSAKO, ROKAN HILIR, RIAU",1,52,152,204
https://kawalpemilu.org#15375,"BANGKO KIRI, BANGKO PUSAKO, ROKAN HILIR, RIAU",2,79,127,206
https://kawalpemilu.org#15375,"BANGKO KIRI, BANGKO PUSAKO, ROKAN HILIR, RIAU",3,24,182,206
https://kawalpemilu.org#15375,"BANGKO KIRI, BANGKO PUSAKO, ROKAN HILIR, RIAU",4,22,119,141
https://kawalpemilu.org#15375,"BANGKO KIRI, BANGKO PUSAKO, ROKAN HILIR, RIAU",5,183,1,184
https://kawalpemilu.org#15375,"BANGKO KIRI, BANGKO PUSAKO, ROKAN HILIR, RIAU",6,135,1,136
https://kawalpemilu.org#15375,"BANGKO KIRI, BANGKO PUSAKO, ROKAN HILIR, RIAU",7,27,109,136
https://kawalpemilu.org#15377,"TELUK BANO I, BANGKO PUSAKO, ROKAN HILIR, RIAU",1,38,143,181
https://kawalpemilu.org#15377,"TELUK BANO I, BANGKO PUSAKO, ROKAN HILIR, RIAU",3,45,98,143
https://kawalpemilu.org#15377,"TELUK BANO I, BANGKO PUSAKO, ROKAN HILIR, RIAU",4,87,132,219
https://kawalpemilu.org#15377,"TELUK BANO I, BANGKO PUSAKO, ROKAN HILIR, RIAU",5,116,61,177
https://kawalpemilu.org#15377,"TELUK BANO I, BANGKO PUSAKO, ROKAN HILIR, RIAU",6,165,28,193
https://kawalpemilu.org#15377,"TELUK BANO I, BANGKO PUSAKO, ROKAN HILIR, RIAU",7,148,23,171
https://kawalpemilu.org#15377,"TELUK BANO I, BANGKO PUSAKO, ROKAN HILIR, RIAU",8,108,77,185
https://kawalpemilu.org#15377,"TELUK BANO I, BANGKO PUSAKO, ROKAN HILIR, RIAU",9,35,119,154
https://kawalpemilu.org#15377,"TELUK BANO I, BANGKO PUSAKO, ROKAN HILIR, RIAU",10,93,105,198
https://kawalpemilu.org#15377,"TELUK BANO I, BANGKO PUSAKO, ROKAN HILIR, RIAU",11,56,99,155
https://kawalpemilu.org#15377,"TELUK BANO I, BANGKO PUSAKO, ROKAN HILIR, RIAU",12,115,101,216
https://kawalpemilu.org#15377,"TELUK BANO I, BANGKO PUSAKO, ROKAN HILIR, RIAU",13,116,58,174
https://kawalpemilu.org#15377,"TELUK BANO I, BANGKO PUSAKO, ROKAN HILIR, RIAU",14,149,8,157
https://kawalpemilu.org#15378,"BANGKO MAKMUR, BANGKO PUSAKO, ROKAN HILIR, RIAU",1,156,62,218
https://kawalpemilu.org#15378,"BANGKO MAKMUR, BANGKO PUSAKO, ROKAN HILIR, RIAU",2,151,72,223
https://kawalpemilu.org#15379,"PEMATANG DAMAR, BANGKO PUSAKO, ROKAN HILIR, RIAU",1,77,54,131
https://kawalpemilu.org#15379,"PEMATANG DAMAR, BANGKO PUSAKO, ROKAN HILIR, RIAU",2,60,58,118
https://kawalpemilu.org#15379,"PEMATANG DAMAR, BANGKO PUSAKO, ROKAN HILIR, RIAU",3,90,94,184
https://kawalpemilu.org#15379,"PEMATANG DAMAR, BANGKO PUSAKO, ROKAN HILIR, RIAU",4,86,103,189
https://kawalpemilu.org#15379,"PEMATANG DAMAR, BANGKO PUSAKO, ROKAN HILIR, RIAU",5,94,72,166
https://kawalpemilu.org#15379,"PEMATANG DAMAR, BANGKO PUSAKO, ROKAN HILIR, RIAU",6,79,69,148
https://kawalpemilu.org#15379,"PEMATANG DAMAR, BANGKO PUSAKO, ROKAN HILIR, RIAU",7,89,58,147
https://kawalpemilu.org#15380,"PEMATANG IBUL, BANGKO PUSAKO, ROKAN HILIR, RIAU",1,129,58,187
https://kawalpemilu.org#15380,"PEMATANG IBUL, BANGKO PUSAKO, ROKAN HILIR, RIAU",2,32,122,154
https://kawalpemilu.org#15380,"PEMATANG IBUL, BANGKO PUSAKO, ROKAN HILIR, RIAU",3,60,186,246
https://kawalpemilu.org#15380,"PEMATANG IBUL, BANGKO PUSAKO, ROKAN HILIR, RIAU",4,64,114,178
https://kawalpemilu.org#15380,"PEMATANG IBUL, BANGKO PUSAKO, ROKAN HILIR, RIAU",5,70,80,150
https://kawalpemilu.org#15380,"PEMATANG IBUL, BANGKO PUSAKO, ROKAN HILIR, RIAU",6,45,118,161
https://kawalpemilu.org#15380,"PEMATANG IBUL, BANGKO PUSAKO, ROKAN HILIR, RIAU",7,131,12,143
https://kawalpemilu.org#15380,"PEMATANG IBUL, BANGKO PUSAKO, ROKAN HILIR, RIAU",8,154,56,210
https://kawalpemilu.org#15380,"PEMATANG IBUL, BANGKO PUSAKO, ROKAN HILIR, RIAU",9,67,87,154
https://kawalpemilu.org#15380,"PEMATANG IBUL, BANGKO PUSAKO, ROKAN HILIR, RIAU",10,77,75,152
https://kawalpemilu.org#15380,"PEMATANG IBUL, BANGKO PUSAKO, ROKAN HILIR, RIAU",11,58,96,154
https://kawalpemilu.org#15380,"PEMATANG IBUL, BANGKO PUSAKO, ROKAN HILIR, RIAU",12,115,18,133
https://kawalpemilu.org#15380,"PEMATANG IBUL, BANGKO PUSAKO, ROKAN HILIR, RIAU",13,111,85,196
https://kawalpemilu.org#15380,"PEMATANG IBUL, BANGKO PUSAKO, ROKAN HILIR, RIAU",14,70,87,157
https://kawalpemilu.org#15381,"BANGKO PERMATA, BANGKO PUSAKO, ROKAN HILIR, RIAU",1,175,36,211
https://kawalpemilu.org#15381,"BANGKO PERMATA, BANGKO PUSAKO, ROKAN HILIR, RIAU",2,106,43,149
https://kawalpemilu.org#15381,"BANGKO PERMATA, BANGKO PUSAKO, ROKAN HILIR, RIAU",3,77,144,217
https://kawalpemilu.org#15381,"BANGKO PERMATA, BANGKO PUSAKO, ROKAN HILIR, RIAU",4,116,67,183
https://kawalpemilu.org#15381,"BANGKO PERMATA, BANGKO PUSAKO, ROKAN HILIR, RIAU",5,96,93,189
https://kawalpemilu.org#15381,"BANGKO PERMATA, BANGKO PUSAKO, ROKAN HILIR, RIAU",6,67,184,251
https://kawalpemilu.org#15381,"BANGKO PERMATA, BANGKO PUSAKO, ROKAN HILIR, RIAU",7,75,115,190
https://kawalpemilu.org#15381,"BANGKO PERMATA, BANGKO PUSAKO, ROKAN HILIR, RIAU",8,111,118,229
https://kawalpemilu.org#15381,"BANGKO PERMATA, BANGKO PUSAKO, ROKAN HILIR, RIAU",9,72,126,198
https://kawalpemilu.org#15381,"BANGKO PERMATA, BANGKO PUSAKO, ROKAN HILIR, RIAU",10,120,90,210
https://kawalpemilu.org#15381,"BANGKO PERMATA, BANGKO PUSAKO, ROKAN HILIR, RIAU",11,110,121,231
https://kawalpemilu.org#15381,"BANGKO PERMATA, BANGKO PUSAKO, ROKAN HILIR, RIAU",12,89,75,164
https://kawalpemilu.org#15381,"BANGKO PERMATA, BANGKO PUSAKO, ROKAN HILIR, RIAU",13,101,51,152
https://kawalpemilu.org#15381,"BANGKO PERMATA, BANGKO PUSAKO, ROKAN HILIR, RIAU",14,106,34,140
https://kawalpemilu.org#15381,"BANGKO PERMATA, BANGKO PUSAKO, ROKAN HILIR, RIAU",15,120,62,182
https://kawalpemilu.org#15381,"BANGKO PERMATA, BANGKO PUSAKO, ROKAN HILIR, RIAU",16,121,98,219
https://kawalpemilu.org#15381,"BANGKO PERMATA, BANGKO PUSAKO, ROKAN HILIR, RIAU",17,87,43,130
https://kawalpemilu.org#15382,"BANGKO MUKTI, BANGKO PUSAKO, ROKAN HILIR, RIAU",2,133,60,193
https://kawalpemilu.org#15382,"BANGKO MUKTI, BANGKO PUSAKO, ROKAN HILIR, RIAU",3,117,53,170
https://kawalpemilu.org#15382,"BANGKO MUKTI, BANGKO PUSAKO, ROKAN HILIR, RIAU",4,130,21,151
https://kawalpemilu.org#15382,"BANGKO MUKTI, BANGKO PUSAKO, ROKAN HILIR, RIAU",5,127,49,176
https://kawalpemilu.org#15382,"BANGKO MUKTI, BANGKO PUSAKO, ROKAN HILIR, RIAU",6,122,40,162
https://kawalpemilu.org#15382,"BANGKO MUKTI, BANGKO PUSAKO, ROKAN HILIR, RIAU",7,131,17,148
https://kawalpemilu.org#15382,"BANGKO MUKTI, BANGKO PUSAKO, ROKAN HILIR, RIAU",8,132,34,166
https://kawalpemilu.org#90490,"BANGKO LESTARI, BANGKO PUSAKO, ROKAN HILIR, RIAU",1,122,103,225
https://kawalpemilu.org#90490,"BANGKO LESTARI, BANGKO PUSAKO, ROKAN HILIR, RIAU",2,71,71,142
https://kawalpemilu.org#90490,"BANGKO LESTARI, BANGKO PUSAKO, ROKAN HILIR, RIAU",3,126,78,204
https://kawalpemilu.org#90490,"BANGKO LESTARI, BANGKO PUSAKO, ROKAN HILIR, RIAU",4,160,88,248
https://kawalpemilu.org#90490,"BANGKO LESTARI, BANGKO PUSAKO, ROKAN HILIR, RIAU",5,85,69,154
https://kawalpemilu.org#90490,"BANGKO LESTARI, BANGKO PUSAKO, ROKAN HILIR, RIAU",6,129,87,216
https://kawalpemilu.org#90490,"BANGKO LESTARI, BANGKO PUSAKO, ROKAN HILIR, RIAU",7,99,47,146
https://kawalpemilu.org#90490,"BANGKO LESTARI, BANGKO PUSAKO, ROKAN HILIR, RIAU",8,35,9,44
https://kawalpemilu.org#90490,"BANGKO LESTARI, BANGKO PUSAKO, ROKAN HILIR, RIAU",9,71,41,112
https://kawalpemilu.org#90490,"BANGKO LESTARI, BANGKO PUSAKO, ROKAN HILIR, RIAU",10,62,60,122
https://kawalpemilu.org#90490,"BANGKO LESTARI, BANGKO PUSAKO, ROKAN HILIR, RIAU",11,63,113,176
https://kawalpemilu.org#90490,"BANGKO LESTARI, BANGKO PUSAKO, ROKAN HILIR, RIAU",12,67,78,142
https://kawalpemilu.org#90490,"BANGKO LESTARI, BANGKO PUSAKO, ROKAN HILIR, RIAU",13,93,67,160
https://kawalpemilu.org#90490,"BANGKO LESTARI, BANGKO PUSAKO, ROKAN HILIR, RIAU",14,60,87,147
https://kawalpemilu.org#90490,"BANGKO LESTARI, BANGKO PUSAKO, ROKAN HILIR, RIAU",15,86,41,127
https://kawalpemilu.org#90490,"BANGKO LESTARI, BANGKO PUSAKO, ROKAN HILIR, RIAU",16,85,45,130
https://kawalpemilu.org#90490,"BANGKO LESTARI, BANGKO PUSAKO, ROKAN HILIR, RIAU",17,55,35,90
https://kawalpemilu.org#90491,"BANGKO BALAM, BANGKO PUSAKO, ROKAN HILIR, RIAU",2,112,3,115
https://kawalpemilu.org#90491,"BANGKO BALAM, BANGKO PUSAKO, ROKAN HILIR, RIAU",3,189,3,192
https://kawalpemilu.org#90491,"BANGKO BALAM, BANGKO PUSAKO, ROKAN HILIR, RIAU",4,140,8,148
https://kawalpemilu.org#90491,"BANGKO BALAM, BANGKO PUSAKO, ROKAN HILIR, RIAU",5,108,14,122
https://kawalpemilu.org#90492,"BANGKO MAS RAYA, BANGKO PUSAKO, ROKAN HILIR, RIAU",1,152,36,188
https://kawalpemilu.org#90492,"BANGKO MAS RAYA, BANGKO PUSAKO, ROKAN HILIR, RIAU",2,61,95,156
https://kawalpemilu.org#90492,"BANGKO MAS RAYA, BANGKO PUSAKO, ROKAN HILIR, RIAU",3,31,129,160
https://kawalpemilu.org#90492,"BANGKO MAS RAYA, BANGKO PUSAKO, ROKAN HILIR, RIAU",4,41,47,88
https://kawalpemilu.org#90492,"BANGKO MAS RAYA, BANGKO PUSAKO, ROKAN HILIR, RIAU",5,53,78,131
https://kawalpemilu.org#90492,"BANGKO MAS RAYA, BANGKO PUSAKO, ROKAN HILIR, RIAU",6,65,111,176
https://kawalpemilu.org#15384,"SIMPANG KANAN, SIMPANG KANAN, ROKAN HILIR, RIAU",1,114,83,197
https://kawalpemilu.org#15384,"SIMPANG KANAN, SIMPANG KANAN, ROKAN HILIR, RIAU",2,88,69,157
https://kawalpemilu.org#15384,"SIMPANG KANAN, SIMPANG KANAN, ROKAN HILIR, RIAU",3,82,125,207
https://kawalpemilu.org#15384,"SIMPANG KANAN, SIMPANG KANAN, ROKAN HILIR, RIAU",4,64,72,136
https://kawalpemilu.org#15384,"SIMPANG KANAN, SIMPANG KANAN, ROKAN HILIR, RIAU",5,98,63,161
https://kawalpemilu.org#15384,"SIMPANG KANAN, SIMPANG KANAN, ROKAN HILIR, RIAU",6,159,93,252
https://kawalpemilu.org#15384,"SIMPANG KANAN, SIMPANG KANAN, ROKAN HILIR, RIAU",7,80,59,139
https://kawalpemilu.org#15384,"SIMPANG KANAN, SIMPANG KANAN, ROKAN HILIR, RIAU",8,127,118,245
https://kawalpemilu.org#15384,"SIMPANG KANAN, SIMPANG KANAN, ROKAN HILIR, RIAU",9,165,67,232
https://kawalpemilu.org#15384,"SIMPANG KANAN, SIMPANG KANAN, ROKAN HILIR, RIAU",10,121,114,235
https://kawalpemilu.org#15384,"SIMPANG KANAN, SIMPANG KANAN, ROKAN HILIR, RIAU",11,130,84,214
https://kawalpemilu.org#15384,"SIMPANG KANAN, SIMPANG KANAN, ROKAN HILIR, RIAU",12,67,69,136
https://kawalpemilu.org#15384,"SIMPANG KANAN, SIMPANG KANAN, ROKAN HILIR, RIAU",13,106,92,198
https://kawalpemilu.org#15384,"SIMPANG KANAN, SIMPANG KANAN, ROKAN HILIR, RIAU",14,166,60,226
https://kawalpemilu.org#15384,"SIMPANG KANAN, SIMPANG KANAN, ROKAN HILIR, RIAU",15,74,41,115
https://kawalpemilu.org#15384,"SIMPANG KANAN, SIMPANG KANAN, ROKAN HILIR, RIAU",16,62,22,84
https://kawalpemilu.org#15384,"SIMPANG KANAN, SIMPANG KANAN, ROKAN HILIR, RIAU",17,82,167,249
https://kawalpemilu.org#15384,"SIMPANG KANAN, SIMPANG KANAN, ROKAN HILIR, RIAU",18,66,97,163
https://kawalpemilu.org#15384,"SIMPANG KANAN, SIMPANG KANAN, ROKAN HILIR, RIAU",19,27,79,106
https://kawalpemilu.org#15384,"SIMPANG KANAN, SIMPANG KANAN, ROKAN HILIR, RIAU",20,145,53,198
https://kawalpemilu.org#15385,"KOTA PARET, SIMPANG KANAN, ROKAN HILIR, RIAU",1,113,97,210
https://kawalpemilu.org#15385,"KOTA PARET, SIMPANG KANAN, ROKAN HILIR, RIAU",2,24,200,224
https://kawalpemilu.org#15385,"KOTA PARET, SIMPANG KANAN, ROKAN HILIR, RIAU",3,41,153,194
https://kawalpemilu.org#15385,"KOTA PARET, SIMPANG KANAN, ROKAN HILIR, RIAU",4,58,173,231
https://kawalpemilu.org#15385,"KOTA PARET, SIMPANG KANAN, ROKAN HILIR, RIAU",5,94,52,146
https://kawalpemilu.org#15385,"KOTA PARET, SIMPANG KANAN, ROKAN HILIR, RIAU",6,84,64,148
https://kawalpemilu.org#15385,"KOTA PARET, SIMPANG KANAN, ROKAN HILIR, RIAU",7,96,175,271
https://kawalpemilu.org#15385,"KOTA PARET, SIMPANG KANAN, ROKAN HILIR, RIAU",8,3,166,169
https://kawalpemilu.org#15385,"KOTA PARET, SIMPANG KANAN, ROKAN HILIR, RIAU",9,16,149,165
https://kawalpemilu.org#15385,"KOTA PARET, SIMPANG KANAN, ROKAN HILIR, RIAU",10,21,174,195
https://kawalpemilu.org#15385,"KOTA PARET, SIMPANG KANAN, ROKAN HILIR, RIAU",11,55,131,186
https://kawalpemilu.org#15385,"KOTA PARET, SIMPANG KANAN, ROKAN HILIR, RIAU",12,35,33,68
https://kawalpemilu.org#15385,"KOTA PARET, SIMPANG KANAN, ROKAN HILIR, RIAU",13,8,136,144
https://kawalpemilu.org#15386,"BAGAN NIBUNG, SIMPANG KANAN, ROKAN HILIR, RIAU",1,80,55,135
https://kawalpemilu.org#15386,"BAGAN NIBUNG, SIMPANG KANAN, ROKAN HILIR, RIAU",2,128,134,262
https://kawalpemilu.org#15386,"BAGAN NIBUNG, SIMPANG KANAN, ROKAN HILIR, RIAU",3,90,66,156
https://kawalpemilu.org#15386,"BAGAN NIBUNG, SIMPANG KANAN, ROKAN HILIR, RIAU",4,82,87,169
https://kawalpemilu.org#15386,"BAGAN NIBUNG, SIMPANG KANAN, ROKAN HILIR, RIAU",5,108,81,189
https://kawalpemilu.org#15386,"BAGAN NIBUNG, SIMPANG KANAN, ROKAN HILIR, RIAU",6,96,99,195
https://kawalpemilu.org#15386,"BAGAN NIBUNG, SIMPANG KANAN, ROKAN HILIR, RIAU",7,144,83,227
https://kawalpemilu.org#15386,"BAGAN NIBUNG, SIMPANG KANAN, ROKAN HILIR, RIAU",8,89,104,193
https://kawalpemilu.org#15386,"BAGAN NIBUNG, SIMPANG KANAN, ROKAN HILIR, RIAU",9,92,50,142
https://kawalpemilu.org#15386,"BAGAN NIBUNG, SIMPANG KANAN, ROKAN HILIR, RIAU",10,84,82,166
https://kawalpemilu.org#15386,"BAGAN NIBUNG, SIMPANG KANAN, ROKAN HILIR, RIAU",11,107,21,128
https://kawalpemilu.org#15386,"BAGAN NIBUNG, SIMPANG KANAN, ROKAN HILIR, RIAU",12,69,110,179
https://kawalpemilu.org#15386,"BAGAN NIBUNG, SIMPANG KANAN, ROKAN HILIR, RIAU",13,72,58,130
https://kawalpemilu.org#15386,"BAGAN NIBUNG, SIMPANG KANAN, ROKAN HILIR, RIAU",14,51,77,128
https://kawalpemilu.org#15386,"BAGAN NIBUNG, SIMPANG KANAN, ROKAN HILIR, RIAU",15,102,52,154
https://kawalpemilu.org#15386,"BAGAN NIBUNG, SIMPANG KANAN, ROKAN HILIR, RIAU",16,86,78,164
https://kawalpemilu.org#15387,"BUKIT DAMAR, SIMPANG KANAN, ROKAN HILIR, RIAU",1,95,81,176
https://kawalpemilu.org#15387,"BUKIT DAMAR, SIMPANG KANAN, ROKAN HILIR, RIAU",2,91,50,141
https://kawalpemilu.org#15387,"BUKIT DAMAR, SIMPANG KANAN, ROKAN HILIR, RIAU",3,88,47,135
https://kawalpemilu.org#15387,"BUKIT DAMAR, SIMPANG KANAN, ROKAN HILIR, RIAU",4,103,70,173
https://kawalpemilu.org#15387,"BUKIT DAMAR, SIMPANG KANAN, ROKAN HILIR, RIAU",5,101,32,133
https://kawalpemilu.org#15387,"BUKIT DAMAR, SIMPANG KANAN, ROKAN HILIR, RIAU",6,156,8,164
https://kawalpemilu.org#15387,"BUKIT DAMAR, SIMPANG KANAN, ROKAN HILIR, RIAU",7,79,61,140
https://kawalpemilu.org#15387,"BUKIT DAMAR, SIMPANG KANAN, ROKAN HILIR, RIAU",8,128,30,158
https://kawalpemilu.org#15387,"BUKIT DAMAR, SIMPANG KANAN, ROKAN HILIR, RIAU",9,119,58,177
https://kawalpemilu.org#15387,"BUKIT DAMAR, SIMPANG KANAN, ROKAN HILIR, RIAU",10,125,82,207
https://kawalpemilu.org#15387,"BUKIT DAMAR, SIMPANG KANAN, ROKAN HILIR, RIAU",12,81,51,132
https://kawalpemilu.org#15387,"BUKIT DAMAR, SIMPANG KANAN, ROKAN HILIR, RIAU",13,83,52,135
https://kawalpemilu.org#15387,"BUKIT DAMAR, SIMPANG KANAN, ROKAN HILIR, RIAU",14,129,45,174
https://kawalpemilu.org#15387,"BUKIT DAMAR, SIMPANG KANAN, ROKAN HILIR, RIAU",15,59,61,120
https://kawalpemilu.org#15388,"BUKIT SELAMAT, SIMPANG KANAN, ROKAN HILIR, RIAU",1,147,80,227
https://kawalpemilu.org#15388,"BUKIT SELAMAT, SIMPANG KANAN, ROKAN HILIR, RIAU",2,117,61,178
https://kawalpemilu.org#15388,"BUKIT SELAMAT, SIMPANG KANAN, ROKAN HILIR, RIAU",3,83,122,205
https://kawalpemilu.org#15388,"BUKIT SELAMAT, SIMPANG KANAN, ROKAN HILIR, RIAU",6,105,41,146
https://kawalpemilu.org#15388,"BUKIT SELAMAT, SIMPANG KANAN, ROKAN HILIR, RIAU",7,96,48,144
https://kawalpemilu.org#15388,"BUKIT SELAMAT, SIMPANG KANAN, ROKAN HILIR, RIAU",9,120,50,170
https://kawalpemilu.org#15388,"BUKIT SELAMAT, SIMPANG KANAN, ROKAN HILIR, RIAU",11,69,41,110
https://kawalpemilu.org#15388,"BUKIT SELAMAT, SIMPANG KANAN, ROKAN HILIR, RIAU",12,62,36,98
https://kawalpemilu.org#15389,"BUKIT MAS, SIMPANG KANAN, ROKAN HILIR, RIAU",1,42,47,89
https://kawalpemilu.org#15389,"BUKIT MAS, SIMPANG KANAN, ROKAN HILIR, RIAU",2,33,31,64
https://kawalpemilu.org#15389,"BUKIT MAS, SIMPANG KANAN, ROKAN HILIR, RIAU",3,19,4,23
https://kawalpemilu.org#15391,"BANTAIAN, BATU HAMPAR, ROKAN HILIR, RIAU",1,35,123,158
https://kawalpemilu.org#15391,"BANTAIAN, BATU HAMPAR, ROKAN HILIR, RIAU",2,67,98,165
https://kawalpemilu.org#15391,"BANTAIAN, BATU HAMPAR, ROKAN HILIR, RIAU",3,56,90,146
https://kawalpemilu.org#15391,"BANTAIAN, BATU HAMPAR, ROKAN HILIR, RIAU",5,83,92,175
https://kawalpemilu.org#15391,"BANTAIAN, BATU HAMPAR, ROKAN HILIR, RIAU",6,41,101,142
https://kawalpemilu.org#15391,"BANTAIAN, BATU HAMPAR, ROKAN HILIR, RIAU",7,56,93,149
https://kawalpemilu.org#15391,"BANTAIAN, BATU HAMPAR, ROKAN HILIR, RIAU",8,73,73,146
https://kawalpemilu.org#15391,"BANTAIAN, BATU HAMPAR, ROKAN HILIR, RIAU",9,79,55,134
https://kawalpemilu.org#15392,"SEI SIALANG, BATU HAMPAR, ROKAN HILIR, RIAU",1,48,70,118
https://kawalpemilu.org#15392,"SEI SIALANG, BATU HAMPAR, ROKAN HILIR, RIAU",2,52,89,141
https://kawalpemilu.org#15392,"SEI SIALANG, BATU HAMPAR, ROKAN HILIR, RIAU",3,44,82,126
https://kawalpemilu.org#15392,"SEI SIALANG, BATU HAMPAR, ROKAN HILIR, RIAU",4,31,89,120
https://kawalpemilu.org#15392,"SEI SIALANG, BATU HAMPAR, ROKAN HILIR, RIAU",5,43,111,154
https://kawalpemilu.org#15392,"SEI SIALANG, BATU HAMPAR, ROKAN HILIR, RIAU",6,34,101,135
https://kawalpemilu.org#15393,"SEI SIALANG HULU, BATU HAMPAR, ROKAN HILIR, RIAU",1,37,87,124
https://kawalpemilu.org#15393,"SEI SIALANG HULU, BATU HAMPAR, ROKAN HILIR, RIAU",2,93,145,238
https://kawalpemilu.org#15393,"SEI SIALANG HULU, BATU HAMPAR, ROKAN HILIR, RIAU",3,41,131,172
https://kawalpemilu.org#15393,"SEI SIALANG HULU, BATU HAMPAR, ROKAN HILIR, RIAU",4,29,116,145
https://kawalpemilu.org#15394,"BANTAYAN HILIR, BATU HAMPAR, ROKAN HILIR, RIAU",1,42,108,150
https://kawalpemilu.org#15394,"BANTAYAN HILIR, BATU HAMPAR, ROKAN HILIR, RIAU",2,49,188,237
https://kawalpemilu.org#15394,"BANTAYAN HILIR, BATU HAMPAR, ROKAN HILIR, RIAU",3,13,164,177
https://kawalpemilu.org#15394,"BANTAYAN HILIR, BATU HAMPAR, ROKAN HILIR, RIAU",4,40,115,155
https://kawalpemilu.org#15395,"BANTAIAN BARU, BATU HAMPAR, ROKAN HILIR, RIAU",1,81,50,131
https://kawalpemilu.org#15395,"BANTAIAN BARU, BATU HAMPAR, ROKAN HILIR, RIAU",2,101,83,184
https://kawalpemilu.org#15395,"BANTAIAN BARU, BATU HAMPAR, ROKAN HILIR, RIAU",3,74,72,146
https://kawalpemilu.org#15395,"BANTAIAN BARU, BATU HAMPAR, ROKAN HILIR, RIAU",4,158,74,232
https://kawalpemilu.org#15395,"BANTAIAN BARU, BATU HAMPAR, ROKAN HILIR, RIAU",5,65,64,129
https://kawalpemilu.org#15395,"BANTAIAN BARU, BATU HAMPAR, ROKAN HILIR, RIAU",6,58,109,167
https://kawalpemilu.org#15395,"BANTAIAN BARU, BATU HAMPAR, ROKAN HILIR, RIAU",7,89,84,173
https://kawalpemilu.org#15397,"RANTAU KOPAR, RANTAU KOPAR, ROKAN HILIR, RIAU",1,12,216,228
https://kawalpemilu.org#15397,"RANTAU KOPAR, RANTAU KOPAR, ROKAN HILIR, RIAU",2,17,138,155
https://kawalpemilu.org#15397,"RANTAU KOPAR, RANTAU KOPAR, ROKAN HILIR, RIAU",3,27,207,234
https://kawalpemilu.org#15397,"RANTAU KOPAR, RANTAU KOPAR, ROKAN HILIR, RIAU",4,23,128,151
https://kawalpemilu.org#15397,"RANTAU KOPAR, RANTAU KOPAR, ROKAN HILIR, RIAU",5,29,173,202
https://kawalpemilu.org#15397,"RANTAU KOPAR, RANTAU KOPAR, ROKAN HILIR, RIAU",6,32,186,218
https://kawalpemilu.org#15397,"RANTAU KOPAR, RANTAU KOPAR, ROKAN HILIR, RIAU",7,83,58,141
https://kawalpemilu.org#15397,"RANTAU KOPAR, RANTAU KOPAR, ROKAN HILIR, RIAU",8,16,131,147
https://kawalpemilu.org#15398,"SEKAPAS, RANTAU KOPAR, ROKAN HILIR, RIAU",1,9,191,200
https://kawalpemilu.org#15398,"SEKAPAS, RANTAU KOPAR, ROKAN HILIR, RIAU",2,7,113,120
https://kawalpemilu.org#15398,"SEKAPAS, RANTAU KOPAR, ROKAN HILIR, RIAU",3,20,106,126
https://kawalpemilu.org#15400,"BAGAN CEMPEDAK, RANTAU KOPAR, ROKAN HILIR, RIAU",1,31,162,193
https://kawalpemilu.org#15400,"BAGAN CEMPEDAK, RANTAU KOPAR, ROKAN HILIR, RIAU",2,30,180,210
https://kawalpemilu.org#15400,"BAGAN CEMPEDAK, RANTAU KOPAR, ROKAN HILIR, RIAU",3,77,148,225
https://kawalpemilu.org#15400,"BAGAN CEMPEDAK, RANTAU KOPAR, ROKAN HILIR, RIAU",4,10,169,179
https://kawalpemilu.org#90495,"SUNGAI RANGAU, RANTAU KOPAR, ROKAN HILIR, RIAU",1,97,36,133
https://kawalpemilu.org#90495,"SUNGAI RANGAU, RANTAU KOPAR, ROKAN HILIR, RIAU",2,61,55,116
https://kawalpemilu.org#90495,"SUNGAI RANGAU, RANTAU KOPAR, ROKAN HILIR, RIAU",3,36,104,140
https://kawalpemilu.org#90495,"SUNGAI RANGAU, RANTAU KOPAR, ROKAN HILIR, RIAU",4,151,40,191
https://kawalpemilu.org#90495,"SUNGAI RANGAU, RANTAU KOPAR, ROKAN HILIR, RIAU",5,89,40,129
https://kawalpemilu.org#90495,"SUNGAI RANGAU, RANTAU KOPAR, ROKAN HILIR, RIAU",6,114,58,172
https://kawalpemilu.org#15402,"PEDAMARAN, PEKAITAN, ROKAN HILIR, RIAU",1,74,64,138
https://kawalpemilu.org#15402,"PEDAMARAN, PEKAITAN, ROKAN HILIR, RIAU",2,135,105,240
https://kawalpemilu.org#15402,"PEDAMARAN, PEKAITAN, ROKAN HILIR, RIAU",3,79,75,154
https://kawalpemilu.org#15402,"PEDAMARAN, PEKAITAN, ROKAN HILIR, RIAU",4,105,55,160
https://kawalpemilu.org#15402,"PEDAMARAN, PEKAITAN, ROKAN HILIR, RIAU",5,142,58,200
https://kawalpemilu.org#15402,"PEDAMARAN, PEKAITAN, ROKAN HILIR, RIAU",6,126,30,156
https://kawalpemilu.org#15402,"PEDAMARAN, PEKAITAN, ROKAN HILIR, RIAU",7,98,15,113
https://kawalpemilu.org#15402,"PEDAMARAN, PEKAITAN, ROKAN HILIR, RIAU",9,83,72,155
https://kawalpemilu.org#15402,"PEDAMARAN, PEKAITAN, ROKAN HILIR, RIAU",10,62,73,135
https://kawalpemilu.org#15402,"PEDAMARAN, PEKAITAN, ROKAN HILIR, RIAU",11,112,47,159
https://kawalpemilu.org#15402,"PEDAMARAN, PEKAITAN, ROKAN HILIR, RIAU",12,128,58,186
https://kawalpemilu.org#15403,"ROKAN BARU, PEKAITAN, ROKAN HILIR, RIAU",1,103,78,181
https://kawalpemilu.org#15403,"ROKAN BARU, PEKAITAN, ROKAN HILIR, RIAU",2,100,51,151
https://kawalpemilu.org#15403,"ROKAN BARU, PEKAITAN, ROKAN HILIR, RIAU",3,174,53,227
https://kawalpemilu.org#15403,"ROKAN BARU, PEKAITAN, ROKAN HILIR, RIAU",4,141,83,224
https://kawalpemilu.org#15403,"ROKAN BARU, PEKAITAN, ROKAN HILIR, RIAU",5,84,48,132
https://kawalpemilu.org#15403,"ROKAN BARU, PEKAITAN, ROKAN HILIR, RIAU",6,112,22,134
https://kawalpemilu.org#15405,"SUAK TEMENGGUNG, PEKAITAN, ROKAN HILIR, RIAU",1,116,111,227
https://kawalpemilu.org#15405,"SUAK TEMENGGUNG, PEKAITAN, ROKAN HILIR, RIAU",2,100,131,231
https://kawalpemilu.org#15405,"SUAK TEMENGGUNG, PEKAITAN, ROKAN HILIR, RIAU",3,134,77,211
https://kawalpemilu.org#15405,"SUAK TEMENGGUNG, PEKAITAN, ROKAN HILIR, RIAU",4,93,55,148
https://kawalpemilu.org#15406,"TELUKBANO II, PEKAITAN, ROKAN HILIR, RIAU",1,97,99,196
https://kawalpemilu.org#15406,"TELUKBANO II, PEKAITAN, ROKAN HILIR, RIAU",2,139,59,198
https://kawalpemilu.org#15406,"TELUKBANO II, PEKAITAN, ROKAN HILIR, RIAU",3,74,31,105
https://kawalpemilu.org#15407,"PEKAITAN, PEKAITAN, ROKAN HILIR, RIAU",1,82,73,155
https://kawalpemilu.org#15407,"PEKAITAN, PEKAITAN, ROKAN HILIR, RIAU",2,70,10,80
https://kawalpemilu.org#15407,"PEKAITAN, PEKAITAN, ROKAN HILIR, RIAU",3,136,4,140
https://kawalpemilu.org#15407,"PEKAITAN, PEKAITAN, ROKAN HILIR, RIAU",4,135,12,147
https://kawalpemilu.org#15407,"PEKAITAN, PEKAITAN, ROKAN HILIR, RIAU",5,47,79,126
https://kawalpemilu.org#15408,"SUAK AIR HITAM, PEKAITAN, ROKAN HILIR, RIAU",3,97,18,115
https://kawalpemilu.org#15409,"KUBU I, PEKAITAN, ROKAN HILIR, RIAU",1,163,66,229
https://kawalpemilu.org#15409,"KUBU I, PEKAITAN, ROKAN HILIR, RIAU",2,111,47,158
https://kawalpemilu.org#15409,"KUBU I, PEKAITAN, ROKAN HILIR, RIAU",3,119,47,166
https://kawalpemilu.org#15410,"KARYO MULYO SARI, PEKAITAN, ROKAN HILIR, RIAU",1,89,57,146
https://kawalpemilu.org#15410,"KARYO MULYO SARI, PEKAITAN, ROKAN HILIR, RIAU",2,120,102,222
https://kawalpemilu.org#15410,"KARYO MULYO SARI, PEKAITAN, ROKAN HILIR, RIAU",3,121,94,215
https://kawalpemilu.org#15410,"KARYO MULYO SARI, PEKAITAN, ROKAN HILIR, RIAU",4,73,50,123
https://kawalpemilu.org#15411,"ROKAN BARU PESISIR, PEKAITAN, ROKAN HILIR, RIAU",1,102,80,182
https://kawalpemilu.org#15411,"ROKAN BARU PESISIR, PEKAITAN, ROKAN HILIR, RIAU",2,110,36,146
https://kawalpemilu.org#15261,"RANTAU PANJANG KIRI, KUBU BABUSSALAM, ROKAN HILIR, RIAU",1,37,51,88
https://kawalpemilu.org#15261,"RANTAU PANJANG KIRI, KUBU BABUSSALAM, ROKAN HILIR, RIAU",2,54,117,171
https://kawalpemilu.org#15261,"RANTAU PANJANG KIRI, KUBU BABUSSALAM, ROKAN HILIR, RIAU",3,45,104,149
https://kawalpemilu.org#15261,"RANTAU PANJANG KIRI, KUBU BABUSSALAM, ROKAN HILIR, RIAU",4,68,129,197
https://kawalpemilu.org#15261,"RANTAU PANJANG KIRI, KUBU BABUSSALAM, ROKAN HILIR, RIAU",5,59,171,230
https://kawalpemilu.org#15261,"RANTAU PANJANG KIRI, KUBU BABUSSALAM, ROKAN HILIR, RIAU",6,62,131,193
https://kawalpemilu.org#15261,"RANTAU PANJANG KIRI, KUBU BABUSSALAM, ROKAN HILIR, RIAU",8,67,146,213
https://kawalpemilu.org#15263,"JOJOL, KUBU BABUSSALAM, ROKAN HILIR, RIAU",1,43,161,204
https://kawalpemilu.org#15263,"JOJOL, KUBU BABUSSALAM, ROKAN HILIR, RIAU",2,93,57,150
https://kawalpemilu.org#15263,"JOJOL, KUBU BABUSSALAM, ROKAN HILIR, RIAU",3,25,93,118
https://kawalpemilu.org#15263,"JOJOL, KUBU BABUSSALAM, ROKAN HILIR, RIAU",4,62,79,141
https://kawalpemilu.org#84518,"TELUKNILAP, KUBU BABUSSALAM, ROKAN HILIR, RIAU",1,75,106,179
https://kawalpemilu.org#84518,"TELUKNILAP, KUBU BABUSSALAM, ROKAN HILIR, RIAU",2,83,113,196
https://kawalpemilu.org#84518,"TELUKNILAP, KUBU BABUSSALAM, ROKAN HILIR, RIAU",3,32,127,159
https://kawalpemilu.org#84518,"TELUKNILAP, KUBU BABUSSALAM, ROKAN HILIR, RIAU",4,51,103,154
https://kawalpemilu.org#84518,"TELUKNILAP, KUBU BABUSSALAM, ROKAN HILIR, RIAU",5,43,99,142
https://kawalpemilu.org#84518,"TELUKNILAP, KUBU BABUSSALAM, ROKAN HILIR, RIAU",6,23,74,97
https://kawalpemilu.org#84518,"TELUKNILAP, KUBU BABUSSALAM, ROKAN HILIR, RIAU",7,96,83,179
https://kawalpemilu.org#84518,"TELUKNILAP, KUBU BABUSSALAM, ROKAN HILIR, RIAU",8,107,70,177
https://kawalpemilu.org#84518,"TELUKNILAP, KUBU BABUSSALAM, ROKAN HILIR, RIAU",9,133,55,188
https://kawalpemilu.org#84518,"TELUKNILAP, KUBU BABUSSALAM, ROKAN HILIR, RIAU",10,110,54,164
https://kawalpemilu.org#84518,"TELUKNILAP, KUBU BABUSSALAM, ROKAN HILIR, RIAU",11,131,42,173
https://kawalpemilu.org#84518,"TELUKNILAP, KUBU BABUSSALAM, ROKAN HILIR, RIAU",12,185,63,248
https://kawalpemilu.org#84518,"TELUKNILAP, KUBU BABUSSALAM, ROKAN HILIR, RIAU",13,191,45,236
https://kawalpemilu.org#84518,"TELUKNILAP, KUBU BABUSSALAM, ROKAN HILIR, RIAU",14,168,45,213
https://kawalpemilu.org#84518,"TELUKNILAP, KUBU BABUSSALAM, ROKAN HILIR, RIAU",15,152,40,192
https://kawalpemilu.org#84519,"SUNGAIMAJO, KUBU BABUSSALAM, ROKAN HILIR, RIAU",1,29,149,178
https://kawalpemilu.org#84519,"SUNGAIMAJO, KUBU BABUSSALAM, ROKAN HILIR, RIAU",2,56,144,200
https://kawalpemilu.org#84519,"SUNGAIMAJO, KUBU BABUSSALAM, ROKAN HILIR, RIAU",3,157,58,215
https://kawalpemilu.org#84519,"SUNGAIMAJO, KUBU BABUSSALAM, ROKAN HILIR, RIAU",4,56,124,180
https://kawalpemilu.org#84519,"SUNGAIMAJO, KUBU BABUSSALAM, ROKAN HILIR, RIAU",5,99,60,159
https://kawalpemilu.org#84520,"SUNGAIPANJI-PANJI, KUBU BABUSSALAM, ROKAN HILIR, RIAU",1,108,97,205
https://kawalpemilu.org#84520,"SUNGAIPANJI-PANJI, KUBU BABUSSALAM, ROKAN HILIR, RIAU",2,94,66,160
https://kawalpemilu.org#84520,"SUNGAIPANJI-PANJI, KUBU BABUSSALAM, ROKAN HILIR, RIAU",3,156,65,221
https://kawalpemilu.org#84520,"SUNGAIPANJI-PANJI, KUBU BABUSSALAM, ROKAN HILIR, RIAU",5,92,52,144
https://kawalpemilu.org#84522,"PULAUHALANG BELAKANG, KUBU BABUSSALAM, ROKAN HILIR, RIAU",1,75,13,88
https://kawalpemilu.org#90497,"SUNGAIPINANG, KUBU BABUSSALAM, ROKAN HILIR, RIAU",1,32,122,154
https://kawalpemilu.org#90497,"SUNGAIPINANG, KUBU BABUSSALAM, ROKAN HILIR, RIAU",3,77,87,164
https://kawalpemilu.org#90497,"SUNGAIPINANG, KUBU BABUSSALAM, ROKAN HILIR, RIAU",4,106,87,193
https://kawalpemilu.org#90497,"SUNGAIPINANG, KUBU BABUSSALAM, ROKAN HILIR, RIAU",5,54,3,57
https://kawalpemilu.org#90497,"SUNGAIPINANG, KUBU BABUSSALAM, ROKAN HILIR, RIAU",6,31,95,126
https://kawalpemilu.org#90497,"SUNGAIPINANG, KUBU BABUSSALAM, ROKAN HILIR, RIAU",7,37,100,137
https://kawalpemilu.org#928931,"SUNGAIMAJO PUSAKO, KUBU BABUSSALAM, ROKAN HILIR, RIAU",1,22,84,106
https://kawalpemilu.org#928931,"SUNGAIMAJO PUSAKO, KUBU BABUSSALAM, ROKAN HILIR, RIAU",2,97,86,183
https://kawalpemilu.org#928931,"SUNGAIMAJO PUSAKO, KUBU BABUSSALAM, ROKAN HILIR, RIAU",3,116,34,150
https://kawalpemilu.org#928931,"SUNGAIMAJO PUSAKO, KUBU BABUSSALAM, ROKAN HILIR, RIAU",4,14,90,104
https://kawalpemilu.org#928931,"SUNGAIMAJO PUSAKO, KUBU BABUSSALAM, ROKAN HILIR, RIAU",5,138,71,209
https://kawalpemilu.org#928931,"SUNGAIMAJO PUSAKO, KUBU BABUSSALAM, ROKAN HILIR, RIAU",6,95,44,139
https://kawalpemilu.org#928932,"PULAUHALANG HULU, KUBU BABUSSALAM, ROKAN HILIR, RIAU",1,121,22,143
https://kawalpemilu.org#928932,"PULAUHALANG HULU, KUBU BABUSSALAM, ROKAN HILIR, RIAU",3,107,17,124
https://kawalpemilu.org#928932,"PULAUHALANG HULU, KUBU BABUSSALAM, ROKAN HILIR, RIAU",4,105,10,115
https://kawalpemilu.org#928992,"TELUKNILAP JAYA, KUBU BABUSSALAM, ROKAN HILIR, RIAU",1,136,53,189
https://kawalpemilu.org#928992,"TELUKNILAP JAYA, KUBU BABUSSALAM, ROKAN HILIR, RIAU",2,151,71,222
https://kawalpemilu.org#15414,"KAMPUNG DALAM, SIAK, SIAK, RIAU",1,82,110,192
https://kawalpemilu.org#15414,"KAMPUNG DALAM, SIAK, SIAK, RIAU",2,35,83,118
https://kawalpemilu.org#15414,"KAMPUNG DALAM, SIAK, SIAK, RIAU",3,93,33,126
https://kawalpemilu.org#15414,"KAMPUNG DALAM, SIAK, SIAK, RIAU",4,78,89,167
https://kawalpemilu.org#15414,"KAMPUNG DALAM, SIAK, SIAK, RIAU",5,20,159,179
https://kawalpemilu.org#15414,"KAMPUNG DALAM, SIAK, SIAK, RIAU",6,27,154,181
https://kawalpemilu.org#15414,"KAMPUNG DALAM, SIAK, SIAK, RIAU",7,37,134,171
https://kawalpemilu.org#15414,"KAMPUNG DALAM, SIAK, SIAK, RIAU",8,28,163,191
https://kawalpemilu.org#15414,"KAMPUNG DALAM, SIAK, SIAK, RIAU",9,40,192,232
https://kawalpemilu.org#15414,"KAMPUNG DALAM, SIAK, SIAK, RIAU",10,30,167,197
https://kawalpemilu.org#15414,"KAMPUNG DALAM, SIAK, SIAK, RIAU",11,32,210,242
https://kawalpemilu.org#15414,"KAMPUNG DALAM, SIAK, SIAK, RIAU",12,42,191,233
https://kawalpemilu.org#15414,"KAMPUNG DALAM, SIAK, SIAK, RIAU",13,103,102,205
https://kawalpemilu.org#15414,"KAMPUNG DALAM, SIAK, SIAK, RIAU",14,50,185,235
https://kawalpemilu.org#15414,"KAMPUNG DALAM, SIAK, SIAK, RIAU",15,33,184,217
https://kawalpemilu.org#15414,"KAMPUNG DALAM, SIAK, SIAK, RIAU",16,44,157,201
https://kawalpemilu.org#15414,"KAMPUNG DALAM, SIAK, SIAK, RIAU",17,21,251,272
https://kawalpemilu.org#15414,"KAMPUNG DALAM, SIAK, SIAK, RIAU",18,41,202,243
https://kawalpemilu.org#15414,"KAMPUNG DALAM, SIAK, SIAK, RIAU",19,30,175,205
https://kawalpemilu.org#15414,"KAMPUNG DALAM, SIAK, SIAK, RIAU",20,27,153,180
https://kawalpemilu.org#15414,"KAMPUNG DALAM, SIAK, SIAK, RIAU",21,46,69,115
https://kawalpemilu.org#15415,"KAMPUNG REMPAK, SIAK, SIAK, RIAU",1,39,168,207
https://kawalpemilu.org#15415,"KAMPUNG REMPAK, SIAK, SIAK, RIAU",2,19,188,207
https://kawalpemilu.org#15415,"KAMPUNG REMPAK, SIAK, SIAK, RIAU",3,17,181,198
https://kawalpemilu.org#15415,"KAMPUNG REMPAK, SIAK, SIAK, RIAU",4,12,195,207
https://kawalpemilu.org#15415,"KAMPUNG REMPAK, SIAK, SIAK, RIAU",5,19,185,204
https://kawalpemilu.org#15415,"KAMPUNG REMPAK, SIAK, SIAK, RIAU",6,56,175,231
https://kawalpemilu.org#15415,"KAMPUNG REMPAK, SIAK, SIAK, RIAU",7,26,180,206
https://kawalpemilu.org#15415,"KAMPUNG REMPAK, SIAK, SIAK, RIAU",8,39,217,256
https://kawalpemilu.org#15415,"KAMPUNG REMPAK, SIAK, SIAK, RIAU",9,30,237,267
https://kawalpemilu.org#15415,"KAMPUNG REMPAK, SIAK, SIAK, RIAU",10,25,252,277
https://kawalpemilu.org#15415,"KAMPUNG REMPAK, SIAK, SIAK, RIAU",11,100,132,232
https://kawalpemilu.org#15415,"KAMPUNG REMPAK, SIAK, SIAK, RIAU",12,74,164,238
https://kawalpemilu.org#15415,"KAMPUNG REMPAK, SIAK, SIAK, RIAU",13,48,159,207
https://kawalpemilu.org#15415,"KAMPUNG REMPAK, SIAK, SIAK, RIAU",14,82,170,252
https://kawalpemilu.org#15415,"KAMPUNG REMPAK, SIAK, SIAK, RIAU",15,44,184,228
https://kawalpemilu.org#15415,"KAMPUNG REMPAK, SIAK, SIAK, RIAU",16,31,147,178
https://kawalpemilu.org#15415,"KAMPUNG REMPAK, SIAK, SIAK, RIAU",17,26,149,175
https://kawalpemilu.org#15416,"LANGKAI, SIAK, SIAK, RIAU",1,94,138,232
https://kawalpemilu.org#15416,"LANGKAI, SIAK, SIAK, RIAU",2,91,136,227
https://kawalpemilu.org#15416,"LANGKAI, SIAK, SIAK, RIAU",3,101,137,238
https://kawalpemilu.org#15416,"LANGKAI, SIAK, SIAK, RIAU",4,50,190,240
https://kawalpemilu.org#15416,"LANGKAI, SIAK, SIAK, RIAU",5,28,177,205
https://kawalpemilu.org#15416,"LANGKAI, SIAK, SIAK, RIAU",6,25,182,207
https://kawalpemilu.org#15416,"LANGKAI, SIAK, SIAK, RIAU",7,27,115,142
https://kawalpemilu.org#15417,"TUMANG, SIAK, SIAK, RIAU",1,161,59,220
https://kawalpemilu.org#15417,"TUMANG, SIAK, SIAK, RIAU",2,144,40,184
https://kawalpemilu.org#15417,"TUMANG, SIAK, SIAK, RIAU",3,145,55,200
https://kawalpemilu.org#15417,"TUMANG, SIAK, SIAK, RIAU",4,189,72,261
https://kawalpemilu.org#15417,"TUMANG, SIAK, SIAK, RIAU",5,157,48,205
https://kawalpemilu.org#15417,"TUMANG, SIAK, SIAK, RIAU",6,185,19,204
https://kawalpemilu.org#15417,"TUMANG, SIAK, SIAK, RIAU",7,145,26,171
https://kawalpemilu.org#15418,"MEREMPAN HULU, SIAK, SIAK, RIAU",1,55,86,141
https://kawalpemilu.org#15418,"MEREMPAN HULU, SIAK, SIAK, RIAU",2,25,84,109
https://kawalpemilu.org#15418,"MEREMPAN HULU, SIAK, SIAK, RIAU",3,55,138,193
https://kawalpemilu.org#15418,"MEREMPAN HULU, SIAK, SIAK, RIAU",4,74,131,205
https://kawalpemilu.org#15418,"MEREMPAN HULU, SIAK, SIAK, RIAU",5,69,126,195
https://kawalpemilu.org#15418,"MEREMPAN HULU, SIAK, SIAK, RIAU",6,80,118,198
https://kawalpemilu.org#15419,"RAWANG AIR PUTIH, SIAK, SIAK, RIAU",1,41,158,199
https://kawalpemilu.org#15419,"RAWANG AIR PUTIH, SIAK, SIAK, RIAU",2,43,172,215
https://kawalpemilu.org#15419,"RAWANG AIR PUTIH, SIAK, SIAK, RIAU",3,82,112,194
https://kawalpemilu.org#15420,"SUAK LANJUT, SIAK, SIAK, RIAU",1,58,156,214
https://kawalpemilu.org#15420,"SUAK LANJUT, SIAK, SIAK, RIAU",2,47,138,185
https://kawalpemilu.org#15420,"SUAK LANJUT, SIAK, SIAK, RIAU",3,27,221,248
https://kawalpemilu.org#15420,"SUAK LANJUT, SIAK, SIAK, RIAU",4,43,193,236
https://kawalpemilu.org#15420,"SUAK LANJUT, SIAK, SIAK, RIAU",5,25,188,213
https://kawalpemilu.org#15420,"SUAK LANJUT, SIAK, SIAK, RIAU",6,35,163,198
https://kawalpemilu.org#15421,"BUANTAN BESAR, SIAK, SIAK, RIAU",1,74,173,247
https://kawalpemilu.org#15421,"BUANTAN BESAR, SIAK, SIAK, RIAU",2,59,164,223
https://kawalpemilu.org#15421,"BUANTAN BESAR, SIAK, SIAK, RIAU",3,125,111,236
https://kawalpemilu.org#15421,"BUANTAN BESAR, SIAK, SIAK, RIAU",4,179,28,207
https://kawalpemilu.org#15421,"BUANTAN BESAR, SIAK, SIAK, RIAU",5,190,17,207
https://kawalpemilu.org#15423,"SUNGAI APIT, SUNGAI APIT, SIAK, RIAU",1,34,206,240
https://kawalpemilu.org#15423,"SUNGAI APIT, SUNGAI APIT, SIAK, RIAU",2,28,230,258
https://kawalpemilu.org#15423,"SUNGAI APIT, SUNGAI APIT, SIAK, RIAU",3,19,217,236
https://kawalpemilu.org#15423,"SUNGAI APIT, SUNGAI APIT, SIAK, RIAU",4,46,172,218
https://kawalpemilu.org#15423,"SUNGAI APIT, SUNGAI APIT, SIAK, RIAU",5,26,185,211
https://kawalpemilu.org#15423,"SUNGAI APIT, SUNGAI APIT, SIAK, RIAU",6,54,155,209
https://kawalpemilu.org#15423,"SUNGAI APIT, SUNGAI APIT, SIAK, RIAU",7,70,167,237
https://kawalpemilu.org#15423,"SUNGAI APIT, SUNGAI APIT, SIAK, RIAU",8,52,195,247
https://kawalpemilu.org#15423,"SUNGAI APIT, SUNGAI APIT, SIAK, RIAU",9,48,194,242
https://kawalpemilu.org#15423,"SUNGAI APIT, SUNGAI APIT, SIAK, RIAU",10,57,186,243
https://kawalpemilu.org#15423,"SUNGAI APIT, SUNGAI APIT, SIAK, RIAU",11,43,173,216
https://kawalpemilu.org#15423,"SUNGAI APIT, SUNGAI APIT, SIAK, RIAU",12,65,192,257
https://kawalpemilu.org#15423,"SUNGAI APIT, SUNGAI APIT, SIAK, RIAU",13,38,179,217
https://kawalpemilu.org#15423,"SUNGAI APIT, SUNGAI APIT, SIAK, RIAU",14,30,180,210
https://kawalpemilu.org#15423,"SUNGAI APIT, SUNGAI APIT, SIAK, RIAU",15,23,171,194
https://kawalpemilu.org#15423,"SUNGAI APIT, SUNGAI APIT, SIAK, RIAU",16,25,190,215
https://kawalpemilu.org#15424,"TELUK LANUS, SUNGAI APIT, SIAK, RIAU",1,157,79,236
https://kawalpemilu.org#15424,"TELUK LANUS, SUNGAI APIT, SIAK, RIAU",2,124,14,138
https://kawalpemilu.org#15424,"TELUK LANUS, SUNGAI APIT, SIAK, RIAU",3,117,24,141
https://kawalpemilu.org#15424,"TELUK LANUS, SUNGAI APIT, SIAK, RIAU",4,132,11,143
https://kawalpemilu.org#15425,"TANJUNG KURAS, SUNGAI APIT, SIAK, RIAU",1,97,115,212
https://kawalpemilu.org#15425,"TANJUNG KURAS, SUNGAI APIT, SIAK, RIAU",2,83,121,204
https://kawalpemilu.org#15425,"TANJUNG KURAS, SUNGAI APIT, SIAK, RIAU",3,46,162,208
https://kawalpemilu.org#15425,"TANJUNG KURAS, SUNGAI APIT, SIAK, RIAU",4,123,80,203
https://kawalpemilu.org#15426,"PARIT I/II, SUNGAI APIT, SIAK, RIAU",1,41,189,230
https://kawalpemilu.org#15426,"PARIT I/II, SUNGAI APIT, SIAK, RIAU",2,58,181,239
https://kawalpemilu.org#15426,"PARIT I/II, SUNGAI APIT, SIAK, RIAU",3,55,168,223
https://kawalpemilu.org#15426,"PARIT I/II, SUNGAI APIT, SIAK, RIAU",4,34,129,163
https://kawalpemilu.org#15427,"TELUK MESJID, SUNGAI APIT, SIAK, RIAU",1,118,107,225
https://kawalpemilu.org#15427,"TELUK MESJID, SUNGAI APIT, SIAK, RIAU",2,50,177,227
https://kawalpemilu.org#15427,"TELUK MESJID, SUNGAI APIT, SIAK, RIAU",3,45,137,182
https://kawalpemilu.org#15427,"TELUK MESJID, SUNGAI APIT, SIAK, RIAU",4,52,98,150
https://kawalpemilu.org#15427,"TELUK MESJID, SUNGAI APIT, SIAK, RIAU",5,27,102,129
https://kawalpemilu.org#15427,"TELUK MESJID, SUNGAI APIT, SIAK, RIAU",6,46,111,157
https://kawalpemilu.org#15427,"TELUK MESJID, SUNGAI APIT, SIAK, RIAU",7,47,139,186
https://kawalpemilu.org#15427,"TELUK MESJID, SUNGAI APIT, SIAK, RIAU",8,43,132,175
https://kawalpemilu.org#15427,"TELUK MESJID, SUNGAI APIT, SIAK, RIAU",9,42,178,220
https://kawalpemilu.org#15427,"TELUK MESJID, SUNGAI APIT, SIAK, RIAU",10,36,98,134
https://kawalpemilu.org#15428,"SUNGAI KAYU ARA, SUNGAI APIT, SIAK, RIAU",1,33,107,140
https://kawalpemilu.org#15428,"SUNGAI KAYU ARA, SUNGAI APIT, SIAK, RIAU",2,48,121,169
https://kawalpemilu.org#15428,"SUNGAI KAYU ARA, SUNGAI APIT, SIAK, RIAU",3,29,154,182
https://kawalpemilu.org#15428,"SUNGAI KAYU ARA, SUNGAI APIT, SIAK, RIAU",4,39,146,185
https://kawalpemilu.org#15428,"SUNGAI KAYU ARA, SUNGAI APIT, SIAK, RIAU",5,67,165,232
https://kawalpemilu.org#15428,"SUNGAI KAYU ARA, SUNGAI APIT, SIAK, RIAU",6,108,112,220
https://kawalpemilu.org#15429,"LALANG, SUNGAI APIT, SIAK, RIAU",1,35,176,211
https://kawalpemilu.org#15429,"LALANG, SUNGAI APIT, SIAK, RIAU",2,41,153,194
https://kawalpemilu.org#15429,"LALANG, SUNGAI APIT, SIAK, RIAU",3,46,135,181
https://kawalpemilu.org#15429,"LALANG, SUNGAI APIT, SIAK, RIAU",4,46,150,196
https://kawalpemilu.org#15429,"LALANG, SUNGAI APIT, SIAK, RIAU",5,71,131,202
https://kawalpemilu.org#15430,"MENGKAPAN, SUNGAI APIT, SIAK, RIAU",1,77,113,190
https://kawalpemilu.org#15430,"MENGKAPAN, SUNGAI APIT, SIAK, RIAU",2,53,126,179
https://kawalpemilu.org#15430,"MENGKAPAN, SUNGAI APIT, SIAK, RIAU",3,80,87,167
https://kawalpemilu.org#15430,"MENGKAPAN, SUNGAI APIT, SIAK, RIAU",4,96,127,223
https://kawalpemilu.org#15430,"MENGKAPAN, SUNGAI APIT, SIAK, RIAU",5,77,128,205
https://kawalpemilu.org#15430,"MENGKAPAN, SUNGAI APIT, SIAK, RIAU",6,102,120,222
https://kawalpemilu.org#15430,"MENGKAPAN, SUNGAI APIT, SIAK, RIAU",7,110,110,220
https://kawalpemilu.org#15431,"SUNGAI RAWA, SUNGAI APIT, SIAK, RIAU",1,75,137,212
https://kawalpemilu.org#15431,"SUNGAI RAWA, SUNGAI APIT, SIAK, RIAU",2,80,128,208
https://kawalpemilu.org#15431,"SUNGAI RAWA, SUNGAI APIT, SIAK, RIAU",3,83,146,229
https://kawalpemilu.org#15432,"PENYENGAT, SUNGAI APIT, SIAK, RIAU",1,189,32,221
https://kawalpemilu.org#15432,"PENYENGAT, SUNGAI APIT, SIAK, RIAU",2,205,13,218
https://kawalpemilu.org#15432,"PENYENGAT, SUNGAI APIT, SIAK, RIAU",3,205,13,218
https://kawalpemilu.org#15432,"PENYENGAT, SUNGAI APIT, SIAK, RIAU",4,124,6,130
https://kawalpemilu.org#15433,"TELUK BATIL, SUNGAI APIT, SIAK, RIAU",1,151,103,254
https://kawalpemilu.org#15433,"TELUK BATIL, SUNGAI APIT, SIAK, RIAU",2,123,120,243
https://kawalpemilu.org#15433,"TELUK BATIL, SUNGAI APIT, SIAK, RIAU",3,61,150,211
https://kawalpemilu.org#15433,"TELUK BATIL, SUNGAI APIT, SIAK, RIAU",4,100,128,228
https://kawalpemilu.org#15434,"BUNGSUR, SUNGAI APIT, SIAK, RIAU",1,99,55,154
https://kawalpemilu.org#15434,"BUNGSUR, SUNGAI APIT, SIAK, RIAU",2,88,98,186
https://kawalpemilu.org#15434,"BUNGSUR, SUNGAI APIT, SIAK, RIAU",3,75,112,187
https://kawalpemilu.org#15434,"BUNGSUR, SUNGAI APIT, SIAK, RIAU",4,76,112,188
https://kawalpemilu.org#15435,"HARAPAN, SUNGAI APIT, SIAK, RIAU",1,30,147,177
https://kawalpemilu.org#15435,"HARAPAN, SUNGAI APIT, SIAK, RIAU",2,43,147,190
https://kawalpemilu.org#15435,"HARAPAN, SUNGAI APIT, SIAK, RIAU",3,48,163,211
https://kawalpemilu.org#15435,"HARAPAN, SUNGAI APIT, SIAK, RIAU",4,51,163,214
https://kawalpemilu.org#15436,"KAYU ARA PERMAI, SUNGAI APIT, SIAK, RIAU",1,50,171,221
https://kawalpemilu.org#15436,"KAYU ARA PERMAI, SUNGAI APIT, SIAK, RIAU",2,22,130,152
https://kawalpemilu.org#15437,"RAWA MEKAR JAYA, SUNGAI APIT, SIAK, RIAU",1,113,74,187
https://kawalpemilu.org#15437,"RAWA MEKAR JAYA, SUNGAI APIT, SIAK, RIAU",2,119,83,202
https://kawalpemilu.org#15437,"RAWA MEKAR JAYA, SUNGAI APIT, SIAK, RIAU",3,110,82,192
https://kawalpemilu.org#15439,"MINAS JAYA, MINAS, SIAK, RIAU",1,17,170,187
https://kawalpemilu.org#15439,"MINAS JAYA, MINAS, SIAK, RIAU",2,25,126,151
https://kawalpemilu.org#15439,"MINAS JAYA, MINAS, SIAK, RIAU",3,134,37,171
https://kawalpemilu.org#15439,"MINAS JAYA, MINAS, SIAK, RIAU",4,27,198,225
https://kawalpemilu.org#15439,"MINAS JAYA, MINAS, SIAK, RIAU",5,37,125,162
https://kawalpemilu.org#15439,"MINAS JAYA, MINAS, SIAK, RIAU",6,15,165,180
https://kawalpemilu.org#15439,"MINAS JAYA, MINAS, SIAK, RIAU",7,15,148,163
https://kawalpemilu.org#15439,"MINAS JAYA, MINAS, SIAK, RIAU",8,37,148,185
https://kawalpemilu.org#15439,"MINAS JAYA, MINAS, SIAK, RIAU",9,17,160,177
https://kawalpemilu.org#15439,"MINAS JAYA, MINAS, SIAK, RIAU",10,24,129,153
https://kawalpemilu.org#15439,"MINAS JAYA, MINAS, SIAK, RIAU",11,22,146,168
https://kawalpemilu.org#15439,"MINAS JAYA, MINAS, SIAK, RIAU",12,17,243,260
https://kawalpemilu.org#15439,"MINAS JAYA, MINAS, SIAK, RIAU",13,66,71,137
https://kawalpemilu.org#15439,"MINAS JAYA, MINAS, SIAK, RIAU",14,17,188,205
https://kawalpemilu.org#15439,"MINAS JAYA, MINAS, SIAK, RIAU",15,12,151,163
https://kawalpemilu.org#15439,"MINAS JAYA, MINAS, SIAK, RIAU",16,42,129,171
https://kawalpemilu.org#15439,"MINAS JAYA, MINAS, SIAK, RIAU",17,62,120,182
https://kawalpemilu.org#15439,"MINAS JAYA, MINAS, SIAK, RIAU",18,38,147,185
https://kawalpemilu.org#15439,"MINAS JAYA, MINAS, SIAK, RIAU",19,286,5,291
https://kawalpemilu.org#15439,"MINAS JAYA, MINAS, SIAK, RIAU",20,234,21,255
https://kawalpemilu.org#15439,"MINAS JAYA, MINAS, SIAK, RIAU",21,10,145,155
https://kawalpemilu.org#15439,"MINAS JAYA, MINAS, SIAK, RIAU",22,23,124,147
https://kawalpemilu.org#15439,"MINAS JAYA, MINAS, SIAK, RIAU",23,153,47,200
https://kawalpemilu.org#15439,"MINAS JAYA, MINAS, SIAK, RIAU",24,177,35,212
https://kawalpemilu.org#15439,"MINAS JAYA, MINAS, SIAK, RIAU",25,51,154,205
https://kawalpemilu.org#15439,"MINAS JAYA, MINAS, SIAK, RIAU",26,79,164,243
https://kawalpemilu.org#15439,"MINAS JAYA, MINAS, SIAK, RIAU",27,50,208,258
https://kawalpemilu.org#15439,"MINAS JAYA, MINAS, SIAK, RIAU",28,20,170,190
https://kawalpemilu.org#15439,"MINAS JAYA, MINAS, SIAK, RIAU",29,21,186,207
https://kawalpemilu.org#15439,"MINAS JAYA, MINAS, SIAK, RIAU",30,7,248,255
https://kawalpemilu.org#15439,"MINAS JAYA, MINAS, SIAK, RIAU",31,5,226,231
https://kawalpemilu.org#15439,"MINAS JAYA, MINAS, SIAK, RIAU",32,7,138,145
https://kawalpemilu.org#15439,"MINAS JAYA, MINAS, SIAK, RIAU",33,14,130,144
https://kawalpemilu.org#15439,"MINAS JAYA, MINAS, SIAK, RIAU",34,32,143,175
https://kawalpemilu.org#15439,"MINAS JAYA, MINAS, SIAK, RIAU",35,21,111,132
https://kawalpemilu.org#15439,"MINAS JAYA, MINAS, SIAK, RIAU",36,47,117,164
https://kawalpemilu.org#15439,"MINAS JAYA, MINAS, SIAK, RIAU",37,248,18,266
https://kawalpemilu.org#15439,"MINAS JAYA, MINAS, SIAK, RIAU",38,193,13,206
https://kawalpemilu.org#15439,"MINAS JAYA, MINAS, SIAK, RIAU",39,118,1,119
https://kawalpemilu.org#15439,"MINAS JAYA, MINAS, SIAK, RIAU",40,200,10,210
https://kawalpemilu.org#15439,"MINAS JAYA, MINAS, SIAK, RIAU",41,156,4,160
https://kawalpemilu.org#15440,"MINAS TIMUR, MINAS, SIAK, RIAU",1,63,118,181
https://kawalpemilu.org#15440,"MINAS TIMUR, MINAS, SIAK, RIAU",2,53,93,146
https://kawalpemilu.org#15440,"MINAS TIMUR, MINAS, SIAK, RIAU",3,113,55,168
https://kawalpemilu.org#15440,"MINAS TIMUR, MINAS, SIAK, RIAU",4,98,73,171
https://kawalpemilu.org#15440,"MINAS TIMUR, MINAS, SIAK, RIAU",5,121,94,215
https://kawalpemilu.org#15440,"MINAS TIMUR, MINAS, SIAK, RIAU",6,172,37,209
https://kawalpemilu.org#15440,"MINAS TIMUR, MINAS, SIAK, RIAU",7,106,7,113
https://kawalpemilu.org#15440,"MINAS TIMUR, MINAS, SIAK, RIAU",8,107,9,116
https://kawalpemilu.org#15440,"MINAS TIMUR, MINAS, SIAK, RIAU",9,92,50,142
https://kawalpemilu.org#15440,"MINAS TIMUR, MINAS, SIAK, RIAU",10,92,34,126
https://kawalpemilu.org#15440,"MINAS TIMUR, MINAS, SIAK, RIAU",11,106,158,264
https://kawalpemilu.org#15441,"MINAS BARAT, MINAS, SIAK, RIAU",1,148,63,211
https://kawalpemilu.org#15441,"MINAS BARAT, MINAS, SIAK, RIAU",2,125,47,172
https://kawalpemilu.org#15441,"MINAS BARAT, MINAS, SIAK, RIAU",3,86,86,172
https://kawalpemilu.org#15441,"MINAS BARAT, MINAS, SIAK, RIAU",4,59,107,166
https://kawalpemilu.org#15441,"MINAS BARAT, MINAS, SIAK, RIAU",5,140,40,180
https://kawalpemilu.org#15441,"MINAS BARAT, MINAS, SIAK, RIAU",6,74,67,141
https://kawalpemilu.org#15441,"MINAS BARAT, MINAS, SIAK, RIAU",7,48,72,120
https://kawalpemilu.org#15441,"MINAS BARAT, MINAS, SIAK, RIAU",8,113,94,207
https://kawalpemilu.org#15441,"MINAS BARAT, MINAS, SIAK, RIAU",9,103,56,159
https://kawalpemilu.org#15441,"MINAS BARAT, MINAS, SIAK, RIAU",10,190,8,198
https://kawalpemilu.org#15441,"MINAS BARAT, MINAS, SIAK, RIAU",11,190,5,195
https://kawalpemilu.org#15441,"MINAS BARAT, MINAS, SIAK, RIAU",12,175,12,187
https://kawalpemilu.org#15441,"MINAS BARAT, MINAS, SIAK, RIAU",13,168,11,179
https://kawalpemilu.org#15441,"MINAS BARAT, MINAS, SIAK, RIAU",14,29,45,74
https://kawalpemilu.org#15441,"MINAS BARAT, MINAS, SIAK, RIAU",15,92,11,103
https://kawalpemilu.org#15441,"MINAS BARAT, MINAS, SIAK, RIAU",16,133,30,163
https://kawalpemilu.org#15442,"MANDI ANGIN, MINAS, SIAK, RIAU",1,88,119,207
https://kawalpemilu.org#15442,"MANDI ANGIN, MINAS, SIAK, RIAU",2,147,48,195
https://kawalpemilu.org#15442,"MANDI ANGIN, MINAS, SIAK, RIAU",3,169,34,203
https://kawalpemilu.org#15442,"MANDI ANGIN, MINAS, SIAK, RIAU",4,106,31,137
https://kawalpemilu.org#15442,"MANDI ANGIN, MINAS, SIAK, RIAU",5,125,20,145
https://kawalpemilu.org#15442,"MANDI ANGIN, MINAS, SIAK, RIAU",6,170,46,216
https://kawalpemilu.org#15442,"MANDI ANGIN, MINAS, SIAK, RIAU",7,93,103,196
https://kawalpemilu.org#15442,"MANDI ANGIN, MINAS, SIAK, RIAU",8,9,20,29
https://kawalpemilu.org#15442,"MANDI ANGIN, MINAS, SIAK, RIAU",9,93,2,95
https://kawalpemilu.org#15443,"RANTAU BERTUAH, MINAS, SIAK, RIAU",1,79,61,140
https://kawalpemilu.org#15443,"RANTAU BERTUAH, MINAS, SIAK, RIAU",2,50,72,122
https://kawalpemilu.org#15443,"RANTAU BERTUAH, MINAS, SIAK, RIAU",3,78,96,174
https://kawalpemilu.org#15443,"RANTAU BERTUAH, MINAS, SIAK, RIAU",4,71,84,155
https://kawalpemilu.org#15443,"RANTAU BERTUAH, MINAS, SIAK, RIAU",5,85,70,155
https://kawalpemilu.org#15443,"RANTAU BERTUAH, MINAS, SIAK, RIAU",6,75,87,162
https://kawalpemilu.org#15445,"PERAWANG, TUALANG, SIAK, RIAU",1,107,128,235
https://kawalpemilu.org#15445,"PERAWANG, TUALANG, SIAK, RIAU",2,146,8,154
https://kawalpemilu.org#15445,"PERAWANG, TUALANG, SIAK, RIAU",3,47,129,176
https://kawalpemilu.org#15445,"PERAWANG, TUALANG, SIAK, RIAU",4,53,138,191
https://kawalpemilu.org#15445,"PERAWANG, TUALANG, SIAK, RIAU",5,26,137,163
https://kawalpemilu.org#15445,"PERAWANG, TUALANG, SIAK, RIAU",6,18,153,171
https://kawalpemilu.org#15445,"PERAWANG, TUALANG, SIAK, RIAU",7,39,198,237
https://kawalpemilu.org#15445,"PERAWANG, TUALANG, SIAK, RIAU",8,37,86,123
https://kawalpemilu.org#15445,"PERAWANG, TUALANG, SIAK, RIAU",9,21,166,187
https://kawalpemilu.org#15445,"PERAWANG, TUALANG, SIAK, RIAU",10,30,97,127
https://kawalpemilu.org#15445,"PERAWANG, TUALANG, SIAK, RIAU",11,22,125,147
https://kawalpemilu.org#15445,"PERAWANG, TUALANG, SIAK, RIAU",12,44,140,184
https://kawalpemilu.org#15445,"PERAWANG, TUALANG, SIAK, RIAU",13,60,163,223
https://kawalpemilu.org#15445,"PERAWANG, TUALANG, SIAK, RIAU",14,54,155,209
https://kawalpemilu.org#15445,"PERAWANG, TUALANG, SIAK, RIAU",15,54,225,279
https://kawalpemilu.org#15445,"PERAWANG, TUALANG, SIAK, RIAU",16,43,189,232
https://kawalpemilu.org#15445,"PERAWANG, TUALANG, SIAK, RIAU",17,8,174,182
https://kawalpemilu.org#15445,"PERAWANG, TUALANG, SIAK, RIAU",18,19,196,215
https://kawalpemilu.org#15445,"PERAWANG, TUALANG, SIAK, RIAU",19,40,169,209
https://kawalpemilu.org#15445,"PERAWANG, TUALANG, SIAK, RIAU",20,42,124,166
https://kawalpemilu.org#15445,"PERAWANG, TUALANG, SIAK, RIAU",21,43,175,218
https://kawalpemilu.org#15445,"PERAWANG, TUALANG, SIAK, RIAU",22,27,211,238
https://kawalpemilu.org#15445,"PERAWANG, TUALANG, SIAK, RIAU",23,35,177,212
https://kawalpemilu.org#15445,"PERAWANG, TUALANG, SIAK, RIAU",24,19,151,170
https://kawalpemilu.org#15445,"PERAWANG, TUALANG, SIAK, RIAU",25,93,166,259
https://kawalpemilu.org#15445,"PERAWANG, TUALANG, SIAK, RIAU",26,43,166,209
https://kawalpemilu.org#15445,"PERAWANG, TUALANG, SIAK, RIAU",27,47,217,264
https://kawalpemilu.org#15445,"PERAWANG, TUALANG, SIAK, RIAU",28,78,106,184
https://kawalpemilu.org#15445,"PERAWANG, TUALANG, SIAK, RIAU",29,166,88,254
https://kawalpemilu.org#15445,"PERAWANG, TUALANG, SIAK, RIAU",30,68,160,228
https://kawalpemilu.org#15445,"PERAWANG, TUALANG, SIAK, RIAU",31,51,116,167
https://kawalpemilu.org#15445,"PERAWANG, TUALANG, SIAK, RIAU",32,35,153,188
https://kawalpemilu.org#15445,"PERAWANG, TUALANG, SIAK, RIAU",33,61,127,188
https://kawalpemilu.org#15445,"PERAWANG, TUALANG, SIAK, RIAU",34,39,175,214
https://kawalpemilu.org#15445,"PERAWANG, TUALANG, SIAK, RIAU",35,97,120,217
https://kawalpemilu.org#15445,"PERAWANG, TUALANG, SIAK, RIAU",36,89,156,245
https://kawalpemilu.org#15445,"PERAWANG, TUALANG, SIAK, RIAU",37,62,224,286
https://kawalpemilu.org#15445,"PERAWANG, TUALANG, SIAK, RIAU",38,41,229,271
https://kawalpemilu.org#15445,"PERAWANG, TUALANG, SIAK, RIAU",39,207,60,267
https://kawalpemilu.org#15445,"PERAWANG, TUALANG, SIAK, RIAU",40,57,181,238
https://kawalpemilu.org#15445,"PERAWANG, TUALANG, SIAK, RIAU",41,42,207,249
https://kawalpemilu.org#15445,"PERAWANG, TUALANG, SIAK, RIAU",42,20,150,170
https://kawalpemilu.org#15445,"PERAWANG, TUALANG, SIAK, RIAU",43,56,104,160
https://kawalpemilu.org#15445,"PERAWANG, TUALANG, SIAK, RIAU",44,64,197,261
https://kawalpemilu.org#15445,"PERAWANG, TUALANG, SIAK, RIAU",45,44,197,241
https://kawalpemilu.org#15445,"PERAWANG, TUALANG, SIAK, RIAU",46,48,219,267
https://kawalpemilu.org#15445,"PERAWANG, TUALANG, SIAK, RIAU",47,77,123,200
https://kawalpemilu.org#15445,"PERAWANG, TUALANG, SIAK, RIAU",48,80,153,0
https://kawalpemilu.org#15445,"PERAWANG, TUALANG, SIAK, RIAU",49,171,29,200
https://kawalpemilu.org#15445,"PERAWANG, TUALANG, SIAK, RIAU",50,42,136,178
https://kawalpemilu.org#15445,"PERAWANG, TUALANG, SIAK, RIAU",51,28,163,191
https://kawalpemilu.org#15445,"PERAWANG, TUALANG, SIAK, RIAU",52,20,173,193
https://kawalpemilu.org#15445,"PERAWANG, TUALANG, SIAK, RIAU",53,36,138,174
https://kawalpemilu.org#15445,"PERAWANG, TUALANG, SIAK, RIAU",54,53,134,187
https://kawalpemilu.org#15445,"PERAWANG, TUALANG, SIAK, RIAU",55,39,157,196
https://kawalpemilu.org#15445,"PERAWANG, TUALANG, SIAK, RIAU",56,52,184,236
https://kawalpemilu.org#15445,"PERAWANG, TUALANG, SIAK, RIAU",57,46,201,247
https://kawalpemilu.org#15445,"PERAWANG, TUALANG, SIAK, RIAU",58,79,152,231
https://kawalpemilu.org#15445,"PERAWANG, TUALANG, SIAK, RIAU",59,62,114,176
https://kawalpemilu.org#15445,"PERAWANG, TUALANG, SIAK, RIAU",60,57,190,247
https://kawalpemilu.org#15445,"PERAWANG, TUALANG, SIAK, RIAU",61,120,122,242
https://kawalpemilu.org#15445,"PERAWANG, TUALANG, SIAK, RIAU",62,33,140,173
https://kawalpemilu.org#15445,"PERAWANG, TUALANG, SIAK, RIAU",63,41,174,215
https://kawalpemilu.org#15445,"PERAWANG, TUALANG, SIAK, RIAU",64,92,58,150
https://kawalpemilu.org#15445,"PERAWANG, TUALANG, SIAK, RIAU",65,38,99,137
https://kawalpemilu.org#15445,"PERAWANG, TUALANG, SIAK, RIAU",66,30,66,96
https://kawalpemilu.org#15445,"PERAWANG, TUALANG, SIAK, RIAU",67,17,156,173
https://kawalpemilu.org#15445,"PERAWANG, TUALANG, SIAK, RIAU",68,35,84,119
https://kawalpemilu.org#15445,"PERAWANG, TUALANG, SIAK, RIAU",69,51,123,174
https://kawalpemilu.org#15445,"PERAWANG, TUALANG, SIAK, RIAU",70,27,159,186
https://kawalpemilu.org#15445,"PERAWANG, TUALANG, SIAK, RIAU",71,34,133,167
https://kawalpemilu.org#15445,"PERAWANG, TUALANG, SIAK, RIAU",72,25,172,197
https://kawalpemilu.org#15445,"PERAWANG, TUALANG, SIAK, RIAU",73,43,128,171
https://kawalpemilu.org#15445,"PERAWANG, TUALANG, SIAK, RIAU",74,38,165,203
https://kawalpemilu.org#15445,"PERAWANG, TUALANG, SIAK, RIAU",75,0,0,0
https://kawalpemilu.org#15445,"PERAWANG, TUALANG, SIAK, RIAU",76,37,138,175
https://kawalpemilu.org#15445,"PERAWANG, TUALANG, SIAK, RIAU",77,54,106,160
https://kawalpemilu.org#15445,"PERAWANG, TUALANG, SIAK, RIAU",78,65,102,167
https://kawalpemilu.org#15445,"PERAWANG, TUALANG, SIAK, RIAU",79,75,130,205
https://kawalpemilu.org#15445,"PERAWANG, TUALANG, SIAK, RIAU",80,110,154,264
https://kawalpemilu.org#15445,"PERAWANG, TUALANG, SIAK, RIAU",81,19,196,215
https://kawalpemilu.org#15445,"PERAWANG, TUALANG, SIAK, RIAU",82,115,151,266
https://kawalpemilu.org#15445,"PERAWANG, TUALANG, SIAK, RIAU",83,50,185,235
https://kawalpemilu.org#15445,"PERAWANG, TUALANG, SIAK, RIAU",84,46,158,204
https://kawalpemilu.org#15445,"PERAWANG, TUALANG, SIAK, RIAU",85,27,123,150
https://kawalpemilu.org#15445,"PERAWANG, TUALANG, SIAK, RIAU",86,17,109,126
https://kawalpemilu.org#15445,"PERAWANG, TUALANG, SIAK, RIAU",87,60,191,251
https://kawalpemilu.org#15445,"PERAWANG, TUALANG, SIAK, RIAU",88,38,186,224
https://kawalpemilu.org#15445,"PERAWANG, TUALANG, SIAK, RIAU",89,63,169,232
https://kawalpemilu.org#15445,"PERAWANG, TUALANG, SIAK, RIAU",90,40,114,154
https://kawalpemilu.org#15445,"PERAWANG, TUALANG, SIAK, RIAU",91,46,137,183
https://kawalpemilu.org#15445,"PERAWANG, TUALANG, SIAK, RIAU",92,35,153,188
https://kawalpemilu.org#15445,"PERAWANG, TUALANG, SIAK, RIAU",93,39,161,200
https://kawalpemilu.org#15445,"PERAWANG, TUALANG, SIAK, RIAU",94,68,100,168
https://kawalpemilu.org#15446,"TUALANG, TUALANG, SIAK, RIAU",1,32,116,148
https://kawalpemilu.org#15446,"TUALANG, TUALANG, SIAK, RIAU",2,33,85,118
https://kawalpemilu.org#15446,"TUALANG, TUALANG, SIAK, RIAU",3,38,175,213
https://kawalpemilu.org#15446,"TUALANG, TUALANG, SIAK, RIAU",4,86,113,199
https://kawalpemilu.org#15446,"TUALANG, TUALANG, SIAK, RIAU",5,57,148,205
https://kawalpemilu.org#15446,"TUALANG, TUALANG, SIAK, RIAU",6,55,209,264
https://kawalpemilu.org#15446,"TUALANG, TUALANG, SIAK, RIAU",7,73,166,239
https://kawalpemilu.org#15446,"TUALANG, TUALANG, SIAK, RIAU",8,53,88,141
https://kawalpemilu.org#15446,"TUALANG, TUALANG, SIAK, RIAU",9,47,65,112
https://kawalpemilu.org#15446,"TUALANG, TUALANG, SIAK, RIAU",10,15,107,122
https://kawalpemilu.org#15446,"TUALANG, TUALANG, SIAK, RIAU",11,16,54,70
https://kawalpemilu.org#15446,"TUALANG, TUALANG, SIAK, RIAU",12,36,169,205
https://kawalpemilu.org#15446,"TUALANG, TUALANG, SIAK, RIAU",13,10,147,157
https://kawalpemilu.org#15446,"TUALANG, TUALANG, SIAK, RIAU",14,10,142,152
https://kawalpemilu.org#15446,"TUALANG, TUALANG, SIAK, RIAU",15,7,165,172
https://kawalpemilu.org#15446,"TUALANG, TUALANG, SIAK, RIAU",16,19,160,179
https://kawalpemilu.org#15446,"TUALANG, TUALANG, SIAK, RIAU",17,18,198,216
https://kawalpemilu.org#15446,"TUALANG, TUALANG, SIAK, RIAU",18,48,186,234
https://kawalpemilu.org#15446,"TUALANG, TUALANG, SIAK, RIAU",19,32,160,192
https://kawalpemilu.org#15446,"TUALANG, TUALANG, SIAK, RIAU",20,34,164,198
https://kawalpemilu.org#15446,"TUALANG, TUALANG, SIAK, RIAU",21,18,180,198
https://kawalpemilu.org#15446,"TUALANG, TUALANG, SIAK, RIAU",22,18,125,143
https://kawalpemilu.org#15446,"TUALANG, TUALANG, SIAK, RIAU",23,14,116,130
https://kawalpemilu.org#15446,"TUALANG, TUALANG, SIAK, RIAU",24,21,216,237
https://kawalpemilu.org#15446,"TUALANG, TUALANG, SIAK, RIAU",25,16,158,174
https://kawalpemilu.org#15446,"TUALANG, TUALANG, SIAK, RIAU",26,14,156,170
https://kawalpemilu.org#15446,"TUALANG, TUALANG, SIAK, RIAU",27,12,129,141
https://kawalpemilu.org#15446,"TUALANG, TUALANG, SIAK, RIAU",28,14,125,139
https://kawalpemilu.org#15446,"TUALANG, TUALANG, SIAK, RIAU",29,24,165,189
https://kawalpemilu.org#15446,"TUALANG, TUALANG, SIAK, RIAU",30,32,111,143
https://kawalpemilu.org#15446,"TUALANG, TUALANG, SIAK, RIAU",31,15,166,181
https://kawalpemilu.org#15446,"TUALANG, TUALANG, SIAK, RIAU",32,23,73,76
https://kawalpemilu.org#15446,"TUALANG, TUALANG, SIAK, RIAU",33,71,82,154
https://kawalpemilu.org#15446,"TUALANG, TUALANG, SIAK, RIAU",34,67,93,160
https://kawalpemilu.org#15446,"TUALANG, TUALANG, SIAK, RIAU",35,96,77,173
https://kawalpemilu.org#15446,"TUALANG, TUALANG, SIAK, RIAU",36,59,129,188
https://kawalpemilu.org#15446,"TUALANG, TUALANG, SIAK, RIAU",37,59,118,177
https://kawalpemilu.org#15446,"TUALANG, TUALANG, SIAK, RIAU",38,195,5,200
https://kawalpemilu.org#15446,"TUALANG, TUALANG, SIAK, RIAU",39,158,5,163
https://kawalpemilu.org#15446,"TUALANG, TUALANG, SIAK, RIAU",40,154,100,254
https://kawalpemilu.org#15446,"TUALANG, TUALANG, SIAK, RIAU",41,163,72,235
https://kawalpemilu.org#15446,"TUALANG, TUALANG, SIAK, RIAU",42,187,14,201
https://kawalpemilu.org#15446,"TUALANG, TUALANG, SIAK, RIAU",43,154,9,163
https://kawalpemilu.org#15446,"TUALANG, TUALANG, SIAK, RIAU",44,40,234,274
https://kawalpemilu.org#15446,"TUALANG, TUALANG, SIAK, RIAU",45,63,175,238
https://kawalpemilu.org#15446,"TUALANG, TUALANG, SIAK, RIAU",46,73,119,192
https://kawalpemilu.org#15446,"TUALANG, TUALANG, SIAK, RIAU",47,107,60,167
https://kawalpemilu.org#15446,"TUALANG, TUALANG, SIAK, RIAU",48,72,48,120
https://kawalpemilu.org#15446,"TUALANG, TUALANG, SIAK, RIAU",49,50,87,137
https://kawalpemilu.org#15446,"TUALANG, TUALANG, SIAK, RIAU",50,49,98,147
https://kawalpemilu.org#15446,"TUALANG, TUALANG, SIAK, RIAU",51,30,69,99
https://kawalpemilu.org#15446,"TUALANG, TUALANG, SIAK, RIAU",52,21,123,144
https://kawalpemilu.org#15446,"TUALANG, TUALANG, SIAK, RIAU",53,25,102,127
https://kawalpemilu.org#15446,"TUALANG, TUALANG, SIAK, RIAU",54,42,167,209
https://kawalpemilu.org#15446,"TUALANG, TUALANG, SIAK, RIAU",55,49,92,141
https://kawalpemilu.org#15446,"TUALANG, TUALANG, SIAK, RIAU",56,15,96,111
https://kawalpemilu.org#15446,"TUALANG, TUALANG, SIAK, RIAU",57,26,123,149
https://kawalpemilu.org#15446,"TUALANG, TUALANG, SIAK, RIAU",58,27,84,111
https://kawalpemilu.org#15447,"PINANG SEBATANG, TUALANG, SIAK, RIAU",1,54,107,161
https://kawalpemilu.org#15447,"PINANG SEBATANG, TUALANG, SIAK, RIAU",2,191,49,240
https://kawalpemilu.org#15447,"PINANG SEBATANG, TUALANG, SIAK, RIAU",3,202,36,238
https://kawalpemilu.org#15447,"PINANG SEBATANG, TUALANG, SIAK, RIAU",4,42,193,235
https://kawalpemilu.org#15447,"PINANG SEBATANG, TUALANG, SIAK, RIAU",5,20,107,127
https://kawalpemilu.org#15447,"PINANG SEBATANG, TUALANG, SIAK, RIAU",6,33,66,99
https://kawalpemilu.org#15447,"PINANG SEBATANG, TUALANG, SIAK, RIAU",7,37,149,186
https://kawalpemilu.org#15447,"PINANG SEBATANG, TUALANG, SIAK, RIAU",8,8,101,109
https://kawalpemilu.org#15447,"PINANG SEBATANG, TUALANG, SIAK, RIAU",9,15,79,94
https://kawalpemilu.org#15447,"PINANG SEBATANG, TUALANG, SIAK, RIAU",10,133,66,199
https://kawalpemilu.org#15447,"PINANG SEBATANG, TUALANG, SIAK, RIAU",11,70,38,108
https://kawalpemilu.org#15447,"PINANG SEBATANG, TUALANG, SIAK, RIAU",12,23,20,43
https://kawalpemilu.org#15448,"MEREDAN, TUALANG, SIAK, RIAU",1,45,135,180
https://kawalpemilu.org#15448,"MEREDAN, TUALANG, SIAK, RIAU",2,59,123,182
https://kawalpemilu.org#15448,"MEREDAN, TUALANG, SIAK, RIAU",3,119,80,199
https://kawalpemilu.org#15448,"MEREDAN, TUALANG, SIAK, RIAU",4,42,91,133
https://kawalpemilu.org#15448,"MEREDAN, TUALANG, SIAK, RIAU",5,136,41,177
https://kawalpemilu.org#15448,"MEREDAN, TUALANG, SIAK, RIAU",6,100,43,143
https://kawalpemilu.org#15448,"MEREDAN, TUALANG, SIAK, RIAU",7,123,66,189
https://kawalpemilu.org#15448,"MEREDAN, TUALANG, SIAK, RIAU",8,134,47,181
https://kawalpemilu.org#15448,"MEREDAN, TUALANG, SIAK, RIAU",9,94,65,159
https://kawalpemilu.org#15448,"MEREDAN, TUALANG, SIAK, RIAU",10,65,23,88
https://kawalpemilu.org#15448,"MEREDAN, TUALANG, SIAK, RIAU",11,54,49,103
https://kawalpemilu.org#15448,"MEREDAN, TUALANG, SIAK, RIAU",12,106,53,159
https://kawalpemilu.org#15449,"PINANG SEBATANG TIMUR, TUALANG, SIAK, RIAU",1,44,150,194
https://kawalpemilu.org#15449,"PINANG SEBATANG TIMUR, TUALANG, SIAK, RIAU",2,46,88,134
https://kawalpemilu.org#15449,"PINANG SEBATANG TIMUR, TUALANG, SIAK, RIAU",3,170,33,203
https://kawalpemilu.org#15449,"PINANG SEBATANG TIMUR, TUALANG, SIAK, RIAU",4,94,105,199
https://kawalpemilu.org#15449,"PINANG SEBATANG TIMUR, TUALANG, SIAK, RIAU",5,124,72,196
https://kawalpemilu.org#15449,"PINANG SEBATANG TIMUR, TUALANG, SIAK, RIAU",6,44,99,143
https://kawalpemilu.org#15449,"PINANG SEBATANG TIMUR, TUALANG, SIAK, RIAU",7,94,143,237
https://kawalpemilu.org#15449,"PINANG SEBATANG TIMUR, TUALANG, SIAK, RIAU",8,39,144,183
https://kawalpemilu.org#15449,"PINANG SEBATANG TIMUR, TUALANG, SIAK, RIAU",9,45,59,104
https://kawalpemilu.org#15449,"PINANG SEBATANG TIMUR, TUALANG, SIAK, RIAU",10,24,157,181
https://kawalpemilu.org#15449,"PINANG SEBATANG TIMUR, TUALANG, SIAK, RIAU",11,54,114,168
https://kawalpemilu.org#15449,"PINANG SEBATANG TIMUR, TUALANG, SIAK, RIAU",12,65,68,133
https://kawalpemilu.org#15449,"PINANG SEBATANG TIMUR, TUALANG, SIAK, RIAU",13,194,42,236
https://kawalpemilu.org#15449,"PINANG SEBATANG TIMUR, TUALANG, SIAK, RIAU",14,178,60,238
https://kawalpemilu.org#15449,"PINANG SEBATANG TIMUR, TUALANG, SIAK, RIAU",15,143,88,231
https://kawalpemilu.org#15449,"PINANG SEBATANG TIMUR, TUALANG, SIAK, RIAU",16,177,6,183
https://kawalpemilu.org#15449,"PINANG SEBATANG TIMUR, TUALANG, SIAK, RIAU",17,203,6,209
https://kawalpemilu.org#15449,"PINANG SEBATANG TIMUR, TUALANG, SIAK, RIAU",18,27,128,155
https://kawalpemilu.org#15449,"PINANG SEBATANG TIMUR, TUALANG, SIAK, RIAU",19,35,108,143
https://kawalpemilu.org#15449,"PINANG SEBATANG TIMUR, TUALANG, SIAK, RIAU",20,64,162,226
https://kawalpemilu.org#15449,"PINANG SEBATANG TIMUR, TUALANG, SIAK, RIAU",21,39,174,213
https://kawalpemilu.org#15449,"PINANG SEBATANG TIMUR, TUALANG, SIAK, RIAU",22,57,108,165
https://kawalpemilu.org#15449,"PINANG SEBATANG TIMUR, TUALANG, SIAK, RIAU",23,49,70,119
https://kawalpemilu.org#15449,"PINANG SEBATANG TIMUR, TUALANG, SIAK, RIAU",24,46,80,126
https://kawalpemilu.org#15449,"PINANG SEBATANG TIMUR, TUALANG, SIAK, RIAU",25,65,78,143
https://kawalpemilu.org#15449,"PINANG SEBATANG TIMUR, TUALANG, SIAK, RIAU",26,36,100,136
https://kawalpemilu.org#15449,"PINANG SEBATANG TIMUR, TUALANG, SIAK, RIAU",27,52,71,123
https://kawalpemilu.org#15449,"PINANG SEBATANG TIMUR, TUALANG, SIAK, RIAU",28,78,61,139
https://kawalpemilu.org#15449,"PINANG SEBATANG TIMUR, TUALANG, SIAK, RIAU",29,50,93,143
https://kawalpemilu.org#15449,"PINANG SEBATANG TIMUR, TUALANG, SIAK, RIAU",30,153,57,210
https://kawalpemilu.org#15449,"PINANG SEBATANG TIMUR, TUALANG, SIAK, RIAU",31,91,58,149
https://kawalpemilu.org#15450,"PINANG SEBATANG BARAT, TUALANG, SIAK, RIAU",1,161,51,212
https://kawalpemilu.org#15450,"PINANG SEBATANG BARAT, TUALANG, SIAK, RIAU",2,122,44,166
https://kawalpemilu.org#15450,"PINANG SEBATANG BARAT, TUALANG, SIAK, RIAU",3,21,59,80
https://kawalpemilu.org#15450,"PINANG SEBATANG BARAT, TUALANG, SIAK, RIAU",4,41,187,228
https://kawalpemilu.org#15450,"PINANG SEBATANG BARAT, TUALANG, SIAK, RIAU",5,69,118,187
https://kawalpemilu.org#15450,"PINANG SEBATANG BARAT, TUALANG, SIAK, RIAU",6,37,54,91
https://kawalpemilu.org#15450,"PINANG SEBATANG BARAT, TUALANG, SIAK, RIAU",7,64,121,185
https://kawalpemilu.org#15450,"PINANG SEBATANG BARAT, TUALANG, SIAK, RIAU",8,35,148,183
https://kawalpemilu.org#15450,"PINANG SEBATANG BARAT, TUALANG, SIAK, RIAU",9,45,181,226
https://kawalpemilu.org#15450,"PINANG SEBATANG BARAT, TUALANG, SIAK, RIAU",10,42,189,231
https://kawalpemilu.org#15450,"PINANG SEBATANG BARAT, TUALANG, SIAK, RIAU",11,84,119,203
https://kawalpemilu.org#15450,"PINANG SEBATANG BARAT, TUALANG, SIAK, RIAU",12,56,123,179
https://kawalpemilu.org#15450,"PINANG SEBATANG BARAT, TUALANG, SIAK, RIAU",13,51,144,195
https://kawalpemilu.org#15450,"PINANG SEBATANG BARAT, TUALANG, SIAK, RIAU",14,37,109,146
https://kawalpemilu.org#15450,"PINANG SEBATANG BARAT, TUALANG, SIAK, RIAU",15,112,123,235
https://kawalpemilu.org#15451,"MEREDAN BARAT, TUALANG, SIAK, RIAU",1,136,56,192
https://kawalpemilu.org#15451,"MEREDAN BARAT, TUALANG, SIAK, RIAU",2,107,39,146
https://kawalpemilu.org#15451,"MEREDAN BARAT, TUALANG, SIAK, RIAU",3,109,33,142
https://kawalpemilu.org#15451,"MEREDAN BARAT, TUALANG, SIAK, RIAU",4,105,51,156
https://kawalpemilu.org#15451,"MEREDAN BARAT, TUALANG, SIAK, RIAU",5,118,38,156
https://kawalpemilu.org#15451,"MEREDAN BARAT, TUALANG, SIAK, RIAU",6,154,84,238
https://kawalpemilu.org#15451,"MEREDAN BARAT, TUALANG, SIAK, RIAU",7,61,85,146
https://kawalpemilu.org#15451,"MEREDAN BARAT, TUALANG, SIAK, RIAU",8,77,80,157
https://kawalpemilu.org#15451,"MEREDAN BARAT, TUALANG, SIAK, RIAU",9,101,63,164
https://kawalpemilu.org#15451,"MEREDAN BARAT, TUALANG, SIAK, RIAU",10,86,98,184
https://kawalpemilu.org#15452,"PERAWANG BARAT, TUALANG, SIAK, RIAU",1,62,64,126
https://kawalpemilu.org#15452,"PERAWANG BARAT, TUALANG, SIAK, RIAU",2,102,70,172
https://kawalpemilu.org#15452,"PERAWANG BARAT, TUALANG, SIAK, RIAU",3,142,56,198
https://kawalpemilu.org#15452,"PERAWANG BARAT, TUALANG, SIAK, RIAU",4,110,45,155
https://kawalpemilu.org#15452,"PERAWANG BARAT, TUALANG, SIAK, RIAU",5,122,32,154
https://kawalpemilu.org#15452,"PERAWANG BARAT, TUALANG, SIAK, RIAU",6,118,23,141
https://kawalpemilu.org#15452,"PERAWANG BARAT, TUALANG, SIAK, RIAU",7,127,34,161
https://kawalpemilu.org#15452,"PERAWANG BARAT, TUALANG, SIAK, RIAU",8,128,15,143
https://kawalpemilu.org#15452,"PERAWANG BARAT, TUALANG, SIAK, RIAU",9,56,207,263
https://kawalpemilu.org#15452,"PERAWANG BARAT, TUALANG, SIAK, RIAU",10,57,153,210
https://kawalpemilu.org#15452,"PERAWANG BARAT, TUALANG, SIAK, RIAU",11,32,201,233
https://kawalpemilu.org#15452,"PERAWANG BARAT, TUALANG, SIAK, RIAU",12,42,169,211
https://kawalpemilu.org#15452,"PERAWANG BARAT, TUALANG, SIAK, RIAU",13,33,158,191
https://kawalpemilu.org#15452,"PERAWANG BARAT, TUALANG, SIAK, RIAU",14,103,114,217
https://kawalpemilu.org#15452,"PERAWANG BARAT, TUALANG, SIAK, RIAU",15,90,165,255
https://kawalpemilu.org#15452,"PERAWANG BARAT, TUALANG, SIAK, RIAU",16,69,110,179
https://kawalpemilu.org#15452,"PERAWANG BARAT, TUALANG, SIAK, RIAU",17,65,107,172
https://kawalpemilu.org#15452,"PERAWANG BARAT, TUALANG, SIAK, RIAU",18,24,144,168
https://kawalpemilu.org#15452,"PERAWANG BARAT, TUALANG, SIAK, RIAU",19,39,158,197
https://kawalpemilu.org#15452,"PERAWANG BARAT, TUALANG, SIAK, RIAU",20,25,163,188
https://kawalpemilu.org#15452,"PERAWANG BARAT, TUALANG, SIAK, RIAU",21,17,96,113
https://kawalpemilu.org#15452,"PERAWANG BARAT, TUALANG, SIAK, RIAU",22,34,179,213
https://kawalpemilu.org#15452,"PERAWANG BARAT, TUALANG, SIAK, RIAU",23,49,262,311
https://kawalpemilu.org#15452,"PERAWANG BARAT, TUALANG, SIAK, RIAU",24,65,213,278
https://kawalpemilu.org#15452,"PERAWANG BARAT, TUALANG, SIAK, RIAU",25,55,220,275
https://kawalpemilu.org#15452,"PERAWANG BARAT, TUALANG, SIAK, RIAU",26,62,154,216
https://kawalpemilu.org#15452,"PERAWANG BARAT, TUALANG, SIAK, RIAU",27,90,113,203
https://kawalpemilu.org#15452,"PERAWANG BARAT, TUALANG, SIAK, RIAU",28,31,299,330
https://kawalpemilu.org#15452,"PERAWANG BARAT, TUALANG, SIAK, RIAU",29,57,199,256
https://kawalpemilu.org#15452,"PERAWANG BARAT, TUALANG, SIAK, RIAU",30,100,115,215
https://kawalpemilu.org#15452,"PERAWANG BARAT, TUALANG, SIAK, RIAU",31,44,151,195
https://kawalpemilu.org#15452,"PERAWANG BARAT, TUALANG, SIAK, RIAU",32,47,239,286
https://kawalpemilu.org#15452,"PERAWANG BARAT, TUALANG, SIAK, RIAU",33,35,171,206
https://kawalpemilu.org#15452,"PERAWANG BARAT, TUALANG, SIAK, RIAU",34,69,205,274
https://kawalpemilu.org#15452,"PERAWANG BARAT, TUALANG, SIAK, RIAU",35,31,163,194
https://kawalpemilu.org#15452,"PERAWANG BARAT, TUALANG, SIAK, RIAU",36,61,148,209
https://kawalpemilu.org#15452,"PERAWANG BARAT, TUALANG, SIAK, RIAU",37,52,204,256
https://kawalpemilu.org#15452,"PERAWANG BARAT, TUALANG, SIAK, RIAU",38,40,184,224
https://kawalpemilu.org#15452,"PERAWANG BARAT, TUALANG, SIAK, RIAU",39,80,212,292
https://kawalpemilu.org#15452,"PERAWANG BARAT, TUALANG, SIAK, RIAU",40,58,138,196
https://kawalpemilu.org#15452,"PERAWANG BARAT, TUALANG, SIAK, RIAU",41,35,189,224
https://kawalpemilu.org#15452,"PERAWANG BARAT, TUALANG, SIAK, RIAU",42,44,153,197
https://kawalpemilu.org#15452,"PERAWANG BARAT, TUALANG, SIAK, RIAU",43,53,170,223
https://kawalpemilu.org#15452,"PERAWANG BARAT, TUALANG, SIAK, RIAU",44,39,194,233
https://kawalpemilu.org#15452,"PERAWANG BARAT, TUALANG, SIAK, RIAU",45,67,167,234
https://kawalpemilu.org#15452,"PERAWANG BARAT, TUALANG, SIAK, RIAU",46,47,149,196
https://kawalpemilu.org#15452,"PERAWANG BARAT, TUALANG, SIAK, RIAU",47,93,127,220
https://kawalpemilu.org#15452,"PERAWANG BARAT, TUALANG, SIAK, RIAU",48,111,76,187
https://kawalpemilu.org#15452,"PERAWANG BARAT, TUALANG, SIAK, RIAU",49,106,45,151
https://kawalpemilu.org#15452,"PERAWANG BARAT, TUALANG, SIAK, RIAU",50,86,114,200
https://kawalpemilu.org#15452,"PERAWANG BARAT, TUALANG, SIAK, RIAU",51,157,62,219
https://kawalpemilu.org#15452,"PERAWANG BARAT, TUALANG, SIAK, RIAU",52,82,86,168
https://kawalpemilu.org#15452,"PERAWANG BARAT, TUALANG, SIAK, RIAU",53,19,127,146
https://kawalpemilu.org#15452,"PERAWANG BARAT, TUALANG, SIAK, RIAU",54,40,163,203
https://kawalpemilu.org#15452,"PERAWANG BARAT, TUALANG, SIAK, RIAU",55,42,149,191
https://kawalpemilu.org#15452,"PERAWANG BARAT, TUALANG, SIAK, RIAU",56,34,207,241
https://kawalpemilu.org#15452,"PERAWANG BARAT, TUALANG, SIAK, RIAU",57,42,97,139
https://kawalpemilu.org#15452,"PERAWANG BARAT, TUALANG, SIAK, RIAU",58,30,174,204
https://kawalpemilu.org#15452,"PERAWANG BARAT, TUALANG, SIAK, RIAU",59,29,170,199
https://kawalpemilu.org#15452,"PERAWANG BARAT, TUALANG, SIAK, RIAU",60,24,143,167
https://kawalpemilu.org#15452,"PERAWANG BARAT, TUALANG, SIAK, RIAU",61,23,189,212
https://kawalpemilu.org#15452,"PERAWANG BARAT, TUALANG, SIAK, RIAU",62,49,68,117
https://kawalpemilu.org#15452,"PERAWANG BARAT, TUALANG, SIAK, RIAU",63,105,132,237
https://kawalpemilu.org#15452,"PERAWANG BARAT, TUALANG, SIAK, RIAU",64,153,13,166
https://kawalpemilu.org#15452,"PERAWANG BARAT, TUALANG, SIAK, RIAU",65,149,13,162
https://kawalpemilu.org#15452,"PERAWANG BARAT, TUALANG, SIAK, RIAU",66,32,95,127
https://kawalpemilu.org#15452,"PERAWANG BARAT, TUALANG, SIAK, RIAU",67,29,214,243
https://kawalpemilu.org#88284,"TUALANG TIMUR, TUALANG, SIAK, RIAU",1,120,118,238
https://kawalpemilu.org#88284,"TUALANG TIMUR, TUALANG, SIAK, RIAU",2,111,84,195
https://kawalpemilu.org#88284,"TUALANG TIMUR, TUALANG, SIAK, RIAU",3,85,156,241
https://kawalpemilu.org#88284,"TUALANG TIMUR, TUALANG, SIAK, RIAU",4,88,129,217
https://kawalpemilu.org#88284,"TUALANG TIMUR, TUALANG, SIAK, RIAU",5,159,67,226
https://kawalpemilu.org#88284,"TUALANG TIMUR, TUALANG, SIAK, RIAU",6,62,228,290
https://kawalpemilu.org#88284,"TUALANG TIMUR, TUALANG, SIAK, RIAU",7,64,140,204
https://kawalpemilu.org#88284,"TUALANG TIMUR, TUALANG, SIAK, RIAU",8,64,119,183
https://kawalpemilu.org#88284,"TUALANG TIMUR, TUALANG, SIAK, RIAU",9,38,121,159
https://kawalpemilu.org#88284,"TUALANG TIMUR, TUALANG, SIAK, RIAU",10,85,86,171
https://kawalpemilu.org#88284,"TUALANG TIMUR, TUALANG, SIAK, RIAU",11,48,102,150
https://kawalpemilu.org#15454,"MUARA KELANTAN, SUNGAI MANDAU, SIAK, RIAU",1,45,128,173
https://kawalpemilu.org#15454,"MUARA KELANTAN, SUNGAI MANDAU, SIAK, RIAU",2,92,107,199
https://kawalpemilu.org#15454,"MUARA KELANTAN, SUNGAI MANDAU, SIAK, RIAU",3,22,126,148
https://kawalpemilu.org#15454,"MUARA KELANTAN, SUNGAI MANDAU, SIAK, RIAU",4,67,77,144
https://kawalpemilu.org#15454,"MUARA KELANTAN, SUNGAI MANDAU, SIAK, RIAU",5,2,24,26
https://kawalpemilu.org#15455,"TELUK LANCANG, SUNGAI MANDAU, SIAK, RIAU",1,48,100,148
https://kawalpemilu.org#15456,"SUNGAI SELODANG, SUNGAI MANDAU, SIAK, RIAU",1,6,144,150
https://kawalpemilu.org#15456,"SUNGAI SELODANG, SUNGAI MANDAU, SIAK, RIAU",2,11,150,161
https://kawalpemilu.org#15456,"SUNGAI SELODANG, SUNGAI MANDAU, SIAK, RIAU",3,25,218,243
https://kawalpemilu.org#15456,"SUNGAI SELODANG, SUNGAI MANDAU, SIAK, RIAU",4,9,146,155
https://kawalpemilu.org#15456,"SUNGAI SELODANG, SUNGAI MANDAU, SIAK, RIAU",5,11,136,147
https://kawalpemilu.org#15457,"OLAK, SUNGAI MANDAU, SIAK, RIAU",1,79,100,179
https://kawalpemilu.org#15457,"OLAK, SUNGAI MANDAU, SIAK, RIAU",2,64,110,174
https://kawalpemilu.org#15457,"OLAK, SUNGAI MANDAU, SIAK, RIAU",3,44,143,187
https://kawalpemilu.org#15457,"OLAK, SUNGAI MANDAU, SIAK, RIAU",4,39,144,183
https://kawalpemilu.org#15458,"LUBUK JERING, SUNGAI MANDAU, SIAK, RIAU",1,40,145,185
https://kawalpemilu.org#15458,"LUBUK JERING, SUNGAI MANDAU, SIAK, RIAU",2,122,73,195
https://kawalpemilu.org#15458,"LUBUK JERING, SUNGAI MANDAU, SIAK, RIAU",3,120,50,170
https://kawalpemilu.org#15458,"LUBUK JERING, SUNGAI MANDAU, SIAK, RIAU",4,108,49,157
https://kawalpemilu.org#15459,"MUARA BUNGKAL, SUNGAI MANDAU, SIAK, RIAU",1,44,149,193
https://kawalpemilu.org#15459,"MUARA BUNGKAL, SUNGAI MANDAU, SIAK, RIAU",2,36,108,144
https://kawalpemilu.org#15459,"MUARA BUNGKAL, SUNGAI MANDAU, SIAK, RIAU",3,113,21,134
https://kawalpemilu.org#15459,"MUARA BUNGKAL, SUNGAI MANDAU, SIAK, RIAU",4,98,32,130
https://kawalpemilu.org#15460,"LUBUK UMBUT, SUNGAI MANDAU, SIAK, RIAU",1,95,101,196
https://kawalpemilu.org#15460,"LUBUK UMBUT, SUNGAI MANDAU, SIAK, RIAU",2,141,75,216
https://kawalpemilu.org#15461,"BENCAH UMBAI, SUNGAI MANDAU, SIAK, RIAU",1,116,47,163
https://kawalpemilu.org#15461,"BENCAH UMBAI, SUNGAI MANDAU, SIAK, RIAU",2,83,69,152
https://kawalpemilu.org#15462,"TASIK BETUNG, SUNGAI MANDAU, SIAK, RIAU",1,112,71,183
https://kawalpemilu.org#15462,"TASIK BETUNG, SUNGAI MANDAU, SIAK, RIAU",2,151,63,214
https://kawalpemilu.org#15464,"DAYUN, DAYUN, SIAK, RIAU",1,91,96,187
https://kawalpemilu.org#15464,"DAYUN, DAYUN, SIAK, RIAU",2,64,146,210
https://kawalpemilu.org#15464,"DAYUN, DAYUN, SIAK, RIAU",3,79,88,167
https://kawalpemilu.org#15464,"DAYUN, DAYUN, SIAK, RIAU",4,91,172,261
https://kawalpemilu.org#15464,"DAYUN, DAYUN, SIAK, RIAU",5,117,111,228
https://kawalpemilu.org#15464,"DAYUN, DAYUN, SIAK, RIAU",6,137,96,233
https://kawalpemilu.org#15464,"DAYUN, DAYUN, SIAK, RIAU",7,75,139,214
https://kawalpemilu.org#15464,"DAYUN, DAYUN, SIAK, RIAU",8,79,110,189
https://kawalpemilu.org#15464,"DAYUN, DAYUN, SIAK, RIAU",9,136,84,220
https://kawalpemilu.org#15464,"DAYUN, DAYUN, SIAK, RIAU",10,176,31,207
https://kawalpemilu.org#15464,"DAYUN, DAYUN, SIAK, RIAU",11,89,161,250
https://kawalpemilu.org#15464,"DAYUN, DAYUN, SIAK, RIAU",12,110,108,218
https://kawalpemilu.org#15464,"DAYUN, DAYUN, SIAK, RIAU",13,78,90,168
https://kawalpemilu.org#15464,"DAYUN, DAYUN, SIAK, RIAU",14,149,30,179
https://kawalpemilu.org#15464,"DAYUN, DAYUN, SIAK, RIAU",15,70,100,170
https://kawalpemilu.org#15464,"DAYUN, DAYUN, SIAK, RIAU",16,148,21,169
https://kawalpemilu.org#15464,"DAYUN, DAYUN, SIAK, RIAU",17,63,85,148
https://kawalpemilu.org#15464,"DAYUN, DAYUN, SIAK, RIAU",18,158,72,230
https://kawalpemilu.org#15465,"BANJAR SEMINAI, DAYUN, SIAK, RIAU",1,132,80,212
https://kawalpemilu.org#15465,"BANJAR SEMINAI, DAYUN, SIAK, RIAU",2,103,96,199
https://kawalpemilu.org#15465,"BANJAR SEMINAI, DAYUN, SIAK, RIAU",3,106,79,185
https://kawalpemilu.org#15465,"BANJAR SEMINAI, DAYUN, SIAK, RIAU",4,100,110,210
https://kawalpemilu.org#15465,"BANJAR SEMINAI, DAYUN, SIAK, RIAU",5,109,139,248
https://kawalpemilu.org#15465,"BANJAR SEMINAI, DAYUN, SIAK, RIAU",6,146,96,242
https://kawalpemilu.org#15465,"BANJAR SEMINAI, DAYUN, SIAK, RIAU",7,89,69,158
https://kawalpemilu.org#15465,"BANJAR SEMINAI, DAYUN, SIAK, RIAU",8,135,33,168
https://kawalpemilu.org#15465,"BANJAR SEMINAI, DAYUN, SIAK, RIAU",9,132,11,143
https://kawalpemilu.org#15466,"TELUK MERBAU, DAYUN, SIAK, RIAU",1,94,104,198
https://kawalpemilu.org#15466,"TELUK MERBAU, DAYUN, SIAK, RIAU",2,84,106,190
https://kawalpemilu.org#15466,"TELUK MERBAU, DAYUN, SIAK, RIAU",3,119,90,209
https://kawalpemilu.org#15466,"TELUK MERBAU, DAYUN, SIAK, RIAU",4,147,76,223
https://kawalpemilu.org#15466,"TELUK MERBAU, DAYUN, SIAK, RIAU",5,152,69,221
https://kawalpemilu.org#15466,"TELUK MERBAU, DAYUN, SIAK, RIAU",6,147,78,225
https://kawalpemilu.org#15467,"MERANGKAI, DAYUN, SIAK, RIAU",1,131,32,163
https://kawalpemilu.org#15467,"MERANGKAI, DAYUN, SIAK, RIAU",2,123,48,171
https://kawalpemilu.org#15467,"MERANGKAI, DAYUN, SIAK, RIAU",3,113,73,186
https://kawalpemilu.org#15467,"MERANGKAI, DAYUN, SIAK, RIAU",4,111,88,199
https://kawalpemilu.org#15468,"LUBUK TILAN, DAYUN, SIAK, RIAU",1,146,54,200
https://kawalpemilu.org#15468,"LUBUK TILAN, DAYUN, SIAK, RIAU",2,146,64,210
https://kawalpemilu.org#15468,"LUBUK TILAN, DAYUN, SIAK, RIAU",3,102,51,153
https://kawalpemilu.org#15468,"LUBUK TILAN, DAYUN, SIAK, RIAU",4,102,45,147
https://kawalpemilu.org#15469,"BERUMBUNG BARU, DAYUN, SIAK, RIAU",1,130,92,222
https://kawalpemilu.org#15469,"BERUMBUNG BARU, DAYUN, SIAK, RIAU",2,162,86,248
https://kawalpemilu.org#15469,"BERUMBUNG BARU, DAYUN, SIAK, RIAU",3,117,88,205
https://kawalpemilu.org#15469,"BERUMBUNG BARU, DAYUN, SIAK, RIAU",4,129,64,193
https://kawalpemilu.org#15469,"BERUMBUNG BARU, DAYUN, SIAK, RIAU",5,104,93,197
https://kawalpemilu.org#15469,"BERUMBUNG BARU, DAYUN, SIAK, RIAU",6,98,69,167
https://kawalpemilu.org#15470,"PANGKALAN MAKMUR, DAYUN, SIAK, RIAU",1,102,58,160
https://kawalpemilu.org#15470,"PANGKALAN MAKMUR, DAYUN, SIAK, RIAU",2,97,71,168
https://kawalpemilu.org#15470,"PANGKALAN MAKMUR, DAYUN, SIAK, RIAU",3,141,51,192
https://kawalpemilu.org#15470,"PANGKALAN MAKMUR, DAYUN, SIAK, RIAU",4,133,54,187
https://kawalpemilu.org#15470,"PANGKALAN MAKMUR, DAYUN, SIAK, RIAU",5,114,58,172
https://kawalpemilu.org#15470,"PANGKALAN MAKMUR, DAYUN, SIAK, RIAU",6,80,58,138
https://kawalpemilu.org#15470,"PANGKALAN MAKMUR, DAYUN, SIAK, RIAU",7,83,50,133
https://kawalpemilu.org#15470,"PANGKALAN MAKMUR, DAYUN, SIAK, RIAU",8,167,48,215
https://kawalpemilu.org#15471,"BUANA MAKMUR, DAYUN, SIAK, RIAU",1,159,80,239
https://kawalpemilu.org#15471,"BUANA MAKMUR, DAYUN, SIAK, RIAU",2,138,71,209
https://kawalpemilu.org#15471,"BUANA MAKMUR, DAYUN, SIAK, RIAU",3,120,71,191
https://kawalpemilu.org#15471,"BUANA MAKMUR, DAYUN, SIAK, RIAU",4,106,65,171
https://kawalpemilu.org#15472,"SUKA MULYA, DAYUN, SIAK, RIAU",1,127,80,207
https://kawalpemilu.org#15472,"SUKA MULYA, DAYUN, SIAK, RIAU",2,62,87,149
https://kawalpemilu.org#15472,"SUKA MULYA, DAYUN, SIAK, RIAU",3,89,63,152
https://kawalpemilu.org#15473,"SAWIT PERMAI, DAYUN, SIAK, RIAU",1,128,131,259
https://kawalpemilu.org#15473,"SAWIT PERMAI, DAYUN, SIAK, RIAU",2,160,82,242
https://kawalpemilu.org#15473,"SAWIT PERMAI, DAYUN, SIAK, RIAU",3,150,99,249
https://kawalpemilu.org#15473,"SAWIT PERMAI, DAYUN, SIAK, RIAU",4,136,95,231
https://kawalpemilu.org#15473,"SAWIT PERMAI, DAYUN, SIAK, RIAU",5,179,64,243
https://kawalpemilu.org#15473,"SAWIT PERMAI, DAYUN, SIAK, RIAU",6,182,47,229
https://kawalpemilu.org#15473,"SAWIT PERMAI, DAYUN, SIAK, RIAU",7,118,119,237
https://kawalpemilu.org#15473,"SAWIT PERMAI, DAYUN, SIAK, RIAU",8,99,107,206
https://kawalpemilu.org#15473,"SAWIT PERMAI, DAYUN, SIAK, RIAU",9,108,94,202
https://kawalpemilu.org#15473,"SAWIT PERMAI, DAYUN, SIAK, RIAU",10,157,64,221
https://kawalpemilu.org#15473,"SAWIT PERMAI, DAYUN, SIAK, RIAU",11,156,60,216
https://kawalpemilu.org#15474,"SIALANG SAKTI, DAYUN, SIAK, RIAU",1,123,55,178
https://kawalpemilu.org#15474,"SIALANG SAKTI, DAYUN, SIAK, RIAU",2,109,49,158
https://kawalpemilu.org#15474,"SIALANG SAKTI, DAYUN, SIAK, RIAU",3,110,59,169
https://kawalpemilu.org#15474,"SIALANG SAKTI, DAYUN, SIAK, RIAU",4,107,59,166
https://kawalpemilu.org#15474,"SIALANG SAKTI, DAYUN, SIAK, RIAU",5,97,77,174
https://kawalpemilu.org#15474,"SIALANG SAKTI, DAYUN, SIAK, RIAU",6,119,40,159
https://kawalpemilu.org#15474,"SIALANG SAKTI, DAYUN, SIAK, RIAU",7,115,110,225
https://kawalpemilu.org#15474,"SIALANG SAKTI, DAYUN, SIAK, RIAU",8,172,39,211
https://kawalpemilu.org#15474,"SIALANG SAKTI, DAYUN, SIAK, RIAU",9,192,55,247
https://kawalpemilu.org#15474,"SIALANG SAKTI, DAYUN, SIAK, RIAU",10,108,57,165
https://kawalpemilu.org#15474,"SIALANG SAKTI, DAYUN, SIAK, RIAU",11,82,58,140
https://kawalpemilu.org#15476,"KERINCI KANAN, KERINCI KANAN, SIAK, RIAU",1,82,90,172
https://kawalpemilu.org#15476,"KERINCI KANAN, KERINCI KANAN, SIAK, RIAU",2,64,78,142
https://kawalpemilu.org#15476,"KERINCI KANAN, KERINCI KANAN, SIAK, RIAU",3,100,39,139
https://kawalpemilu.org#15476,"KERINCI KANAN, KERINCI KANAN, SIAK, RIAU",4,118,27,145
https://kawalpemilu.org#15476,"KERINCI KANAN, KERINCI KANAN, SIAK, RIAU",5,59,43,102
https://kawalpemilu.org#15476,"KERINCI KANAN, KERINCI KANAN, SIAK, RIAU",6,57,34,91
https://kawalpemilu.org#15476,"KERINCI KANAN, KERINCI KANAN, SIAK, RIAU",7,46,8,54
https://kawalpemilu.org#15476,"KERINCI KANAN, KERINCI KANAN, SIAK, RIAU",8,20,7,27
https://kawalpemilu.org#15477,"KERINCI KIRI, KERINCI KANAN, SIAK, RIAU",1,48,82,130
https://kawalpemilu.org#15477,"KERINCI KIRI, KERINCI KANAN, SIAK, RIAU",2,62,51,113
https://kawalpemilu.org#15477,"KERINCI KIRI, KERINCI KANAN, SIAK, RIAU",3,96,106,202
https://kawalpemilu.org#15477,"KERINCI KIRI, KERINCI KANAN, SIAK, RIAU",4,83,137,220
https://kawalpemilu.org#15477,"KERINCI KIRI, KERINCI KANAN, SIAK, RIAU",5,94,64,158
https://kawalpemilu.org#15477,"KERINCI KIRI, KERINCI KANAN, SIAK, RIAU",6,94,63,157
https://kawalpemilu.org#15478,"BUANA BAKTI, KERINCI KANAN, SIAK, RIAU",1,182,80,262
https://kawalpemilu.org#15478,"BUANA BAKTI, KERINCI KANAN, SIAK, RIAU",2,144,72,216
https://kawalpemilu.org#15478,"BUANA BAKTI, KERINCI KANAN, SIAK, RIAU",3,112,89,201
https://kawalpemilu.org#15478,"BUANA BAKTI, KERINCI KANAN, SIAK, RIAU",4,108,66,174
https://kawalpemilu.org#15478,"BUANA BAKTI, KERINCI KANAN, SIAK, RIAU",5,76,77,153
https://kawalpemilu.org#15479,"BUKIT HARAPAN, KERINCI KANAN, SIAK, RIAU",1,121,75,196
https://kawalpemilu.org#15479,"BUKIT HARAPAN, KERINCI KANAN, SIAK, RIAU",2,109,80,189
https://kawalpemilu.org#15479,"BUKIT HARAPAN, KERINCI KANAN, SIAK, RIAU",3,147,62,209
https://kawalpemilu.org#15479,"BUKIT HARAPAN, KERINCI KANAN, SIAK, RIAU",4,99,88,187
https://kawalpemilu.org#15480,"KUMBARA UTAMA, KERINCI KANAN, SIAK, RIAU",1,71,70,141
https://kawalpemilu.org#15480,"KUMBARA UTAMA, KERINCI KANAN, SIAK, RIAU",2,85,61,146
https://kawalpemilu.org#15480,"KUMBARA UTAMA, KERINCI KANAN, SIAK, RIAU",3,83,147,230
https://kawalpemilu.org#15480,"KUMBARA UTAMA, KERINCI KANAN, SIAK, RIAU",4,104,60,164
https://kawalpemilu.org#15480,"KUMBARA UTAMA, KERINCI KANAN, SIAK, RIAU",5,81,59,140
https://kawalpemilu.org#15480,"KUMBARA UTAMA, KERINCI KANAN, SIAK, RIAU",6,141,81,222
https://kawalpemilu.org#15481,"BUKIT AGUNG, KERINCI KANAN, SIAK, RIAU",1,77,119,196
https://kawalpemilu.org#15481,"BUKIT AGUNG, KERINCI KANAN, SIAK, RIAU",2,45,107,152
https://kawalpemilu.org#15481,"BUKIT AGUNG, KERINCI KANAN, SIAK, RIAU",3,65,105,170
https://kawalpemilu.org#15481,"BUKIT AGUNG, KERINCI KANAN, SIAK, RIAU",4,33,60,93
https://kawalpemilu.org#15481,"BUKIT AGUNG, KERINCI KANAN, SIAK, RIAU",5,71,80,151
https://kawalpemilu.org#15481,"BUKIT AGUNG, KERINCI KANAN, SIAK, RIAU",6,98,46,144
https://kawalpemilu.org#15481,"BUKIT AGUNG, KERINCI KANAN, SIAK, RIAU",7,135,59,194
https://kawalpemilu.org#15481,"BUKIT AGUNG, KERINCI KANAN, SIAK, RIAU",8,81,26,107
https://kawalpemilu.org#15481,"BUKIT AGUNG, KERINCI KANAN, SIAK, RIAU",9,26,63,89
https://kawalpemilu.org#15482,"SIMPANG PERAK JAYA, KERINCI KANAN, SIAK, RIAU",1,127,113,240
https://kawalpemilu.org#15482,"SIMPANG PERAK JAYA, KERINCI KANAN, SIAK, RIAU",2,71,93,164
https://kawalpemilu.org#15482,"SIMPANG PERAK JAYA, KERINCI KANAN, SIAK, RIAU",3,99,78,177
https://kawalpemilu.org#15482,"SIMPANG PERAK JAYA, KERINCI KANAN, SIAK, RIAU",4,117,117,234
https://kawalpemilu.org#15482,"SIMPANG PERAK JAYA, KERINCI KANAN, SIAK, RIAU",5,66,60,126
https://kawalpemilu.org#15482,"SIMPANG PERAK JAYA, KERINCI KANAN, SIAK, RIAU",6,114,75,189
https://kawalpemilu.org#15482,"SIMPANG PERAK JAYA, KERINCI KANAN, SIAK, RIAU",7,123,73,196
https://kawalpemilu.org#15482,"SIMPANG PERAK JAYA, KERINCI KANAN, SIAK, RIAU",8,73,56,129
https://kawalpemilu.org#15482,"SIMPANG PERAK JAYA, KERINCI KANAN, SIAK, RIAU",9,139,72,211
https://kawalpemilu.org#15483,"BUATAN BARU, KERINCI KANAN, SIAK, RIAU",1,105,41,146
https://kawalpemilu.org#15483,"BUATAN BARU, KERINCI KANAN, SIAK, RIAU",2,71,64,135
https://kawalpemilu.org#15483,"BUATAN BARU, KERINCI KANAN, SIAK, RIAU",3,72,116,188
https://kawalpemilu.org#15483,"BUATAN BARU, KERINCI KANAN, SIAK, RIAU",4,82,89,171
https://kawalpemilu.org#15483,"BUATAN BARU, KERINCI KANAN, SIAK, RIAU",5,94,81,175
https://kawalpemilu.org#15483,"BUATAN BARU, KERINCI KANAN, SIAK, RIAU",6,116,32,148
https://kawalpemilu.org#15483,"BUATAN BARU, KERINCI KANAN, SIAK, RIAU",7,111,73,184
https://kawalpemilu.org#15483,"BUATAN BARU, KERINCI KANAN, SIAK, RIAU",8,103,52,155
https://kawalpemilu.org#15484,"GABUNG MAKMUR, KERINCI KANAN, SIAK, RIAU",1,160,99,259
https://kawalpemilu.org#15484,"GABUNG MAKMUR, KERINCI KANAN, SIAK, RIAU",2,120,69,189
https://kawalpemilu.org#15484,"GABUNG MAKMUR, KERINCI KANAN, SIAK, RIAU",3,110,44,154
https://kawalpemilu.org#15485,"JATI MULYA, KERINCI KANAN, SIAK, RIAU",1,137,107,244
https://kawalpemilu.org#15485,"JATI MULYA, KERINCI KANAN, SIAK, RIAU",2,73,52,125
https://kawalpemilu.org#15485,"JATI MULYA, KERINCI KANAN, SIAK, RIAU",3,111,49,160
https://kawalpemilu.org#15485,"JATI MULYA, KERINCI KANAN, SIAK, RIAU",4,138,61,199
https://kawalpemilu.org#15486,"SEMINAI, KERINCI KANAN, SIAK, RIAU",1,135,100,235
https://kawalpemilu.org#15486,"SEMINAI, KERINCI KANAN, SIAK, RIAU",2,82,69,151
https://kawalpemilu.org#15486,"SEMINAI, KERINCI KANAN, SIAK, RIAU",3,96,50,146
https://kawalpemilu.org#15486,"SEMINAI, KERINCI KANAN, SIAK, RIAU",4,129,40,169
https://kawalpemilu.org#15486,"SEMINAI, KERINCI KANAN, SIAK, RIAU",5,109,45,154
https://kawalpemilu.org#15486,"SEMINAI, KERINCI KANAN, SIAK, RIAU",6,101,32,133
https://kawalpemilu.org#15486,"SEMINAI, KERINCI KANAN, SIAK, RIAU",7,94,44,138
https://kawalpemilu.org#15486,"SEMINAI, KERINCI KANAN, SIAK, RIAU",8,88,62,150
https://kawalpemilu.org#15486,"SEMINAI, KERINCI KANAN, SIAK, RIAU",9,156,31,187
https://kawalpemilu.org#15487,"DELIMA JAYA, KERINCI KANAN, SIAK, RIAU",1,99,51,150
https://kawalpemilu.org#15487,"DELIMA JAYA, KERINCI KANAN, SIAK, RIAU",2,107,44,151
https://kawalpemilu.org#15487,"DELIMA JAYA, KERINCI KANAN, SIAK, RIAU",3,103,35,138
https://kawalpemilu.org#15487,"DELIMA JAYA, KERINCI KANAN, SIAK, RIAU",4,97,44,141
https://kawalpemilu.org#15489,"BUNGA RAYA, BUNGA RAYA, SIAK, RIAU",1,116,79,195
https://kawalpemilu.org#15489,"BUNGA RAYA, BUNGA RAYA, SIAK, RIAU",2,90,57,147
https://kawalpemilu.org#15489,"BUNGA RAYA, BUNGA RAYA, SIAK, RIAU",3,67,66,133
https://kawalpemilu.org#15489,"BUNGA RAYA, BUNGA RAYA, SIAK, RIAU",4,105,126,231
https://kawalpemilu.org#15489,"BUNGA RAYA, BUNGA RAYA, SIAK, RIAU",5,34,97,131
https://kawalpemilu.org#15489,"BUNGA RAYA, BUNGA RAYA, SIAK, RIAU",6,33,103,136
https://kawalpemilu.org#15489,"BUNGA RAYA, BUNGA RAYA, SIAK, RIAU",7,99,105,204
https://kawalpemilu.org#15489,"BUNGA RAYA, BUNGA RAYA, SIAK, RIAU",8,45,133,178
https://kawalpemilu.org#15489,"BUNGA RAYA, BUNGA RAYA, SIAK, RIAU",9,123,53,176
https://kawalpemilu.org#15489,"BUNGA RAYA, BUNGA RAYA, SIAK, RIAU",10,109,88,197
https://kawalpemilu.org#15489,"BUNGA RAYA, BUNGA RAYA, SIAK, RIAU",11,54,74,124
https://kawalpemilu.org#15489,"BUNGA RAYA, BUNGA RAYA, SIAK, RIAU",12,78,52,130
https://kawalpemilu.org#15489,"BUNGA RAYA, BUNGA RAYA, SIAK, RIAU",13,81,90,171
https://kawalpemilu.org#15489,"BUNGA RAYA, BUNGA RAYA, SIAK, RIAU",14,74,88,162
https://kawalpemilu.org#15489,"BUNGA RAYA, BUNGA RAYA, SIAK, RIAU",15,88,95,183
https://kawalpemilu.org#15489,"BUNGA RAYA, BUNGA RAYA, SIAK, RIAU",16,86,76,162
https://kawalpemilu.org#15489,"BUNGA RAYA, BUNGA RAYA, SIAK, RIAU",17,65,81,146
https://kawalpemilu.org#15490,"JATI BARU, BUNGA RAYA, SIAK, RIAU",1,219,51,270
https://kawalpemilu.org#15490,"JATI BARU, BUNGA RAYA, SIAK, RIAU",2,100,45,145
https://kawalpemilu.org#15490,"JATI BARU, BUNGA RAYA, SIAK, RIAU",3,87,57,144
https://kawalpemilu.org#15490,"JATI BARU, BUNGA RAYA, SIAK, RIAU",4,130,104,234
https://kawalpemilu.org#15490,"JATI BARU, BUNGA RAYA, SIAK, RIAU",5,106,123,229
https://kawalpemilu.org#15490,"JATI BARU, BUNGA RAYA, SIAK, RIAU",6,99,52,151
https://kawalpemilu.org#15490,"JATI BARU, BUNGA RAYA, SIAK, RIAU",7,98,46,144
https://kawalpemilu.org#15490,"JATI BARU, BUNGA RAYA, SIAK, RIAU",8,95,66,161
https://kawalpemilu.org#15490,"JATI BARU, BUNGA RAYA, SIAK, RIAU",9,88,86,174
https://kawalpemilu.org#15490,"JATI BARU, BUNGA RAYA, SIAK, RIAU",10,195,40,235
https://kawalpemilu.org#15490,"JATI BARU, BUNGA RAYA, SIAK, RIAU",11,130,28,158
https://kawalpemilu.org#15490,"JATI BARU, BUNGA RAYA, SIAK, RIAU",12,134,24,158
https://kawalpemilu.org#15491,"JAYA PURA, BUNGA RAYA, SIAK, RIAU",1,124,89,213
https://kawalpemilu.org#15491,"JAYA PURA, BUNGA RAYA, SIAK, RIAU",2,124,60,184
https://kawalpemilu.org#15491,"JAYA PURA, BUNGA RAYA, SIAK, RIAU",3,74,75,149
https://kawalpemilu.org#15491,"JAYA PURA, BUNGA RAYA, SIAK, RIAU",4,64,88,152
https://kawalpemilu.org#15491,"JAYA PURA, BUNGA RAYA, SIAK, RIAU",5,89,68,157
https://kawalpemilu.org#15491,"JAYA PURA, BUNGA RAYA, SIAK, RIAU",6,68,83,151
https://kawalpemilu.org#15491,"JAYA PURA, BUNGA RAYA, SIAK, RIAU",7,120,99,219
https://kawalpemilu.org#15491,"JAYA PURA, BUNGA RAYA, SIAK, RIAU",8,72,48,120
https://kawalpemilu.org#15491,"JAYA PURA, BUNGA RAYA, SIAK, RIAU",9,56,85,141
https://kawalpemilu.org#15491,"JAYA PURA, BUNGA RAYA, SIAK, RIAU",10,75,60,135
https://kawalpemilu.org#15491,"JAYA PURA, BUNGA RAYA, SIAK, RIAU",11,73,54,127
https://kawalpemilu.org#15491,"JAYA PURA, BUNGA RAYA, SIAK, RIAU",12,48,134,182
https://kawalpemilu.org#15491,"JAYA PURA, BUNGA RAYA, SIAK, RIAU",13,47,134,181
https://kawalpemilu.org#15492,"KEMUNING MUDA, BUNGA RAYA, SIAK, RIAU",1,82,55,137
https://kawalpemilu.org#15492,"KEMUNING MUDA, BUNGA RAYA, SIAK, RIAU",2,67,67,134
https://kawalpemilu.org#15492,"KEMUNING MUDA, BUNGA RAYA, SIAK, RIAU",3,146,66,212
https://kawalpemilu.org#15492,"KEMUNING MUDA, BUNGA RAYA, SIAK, RIAU",4,81,77,158
https://kawalpemilu.org#15492,"KEMUNING MUDA, BUNGA RAYA, SIAK, RIAU",5,118,77,195
https://kawalpemilu.org#15492,"KEMUNING MUDA, BUNGA RAYA, SIAK, RIAU",6,88,53,141
https://kawalpemilu.org#15492,"KEMUNING MUDA, BUNGA RAYA, SIAK, RIAU",7,76,50,126
https://kawalpemilu.org#15492,"KEMUNING MUDA, BUNGA RAYA, SIAK, RIAU",8,49,77,126
https://kawalpemilu.org#15492,"KEMUNING MUDA, BUNGA RAYA, SIAK, RIAU",9,61,75,136
https://kawalpemilu.org#15492,"KEMUNING MUDA, BUNGA RAYA, SIAK, RIAU",10,72,66,138
https://kawalpemilu.org#15492,"KEMUNING MUDA, BUNGA RAYA, SIAK, RIAU",11,58,93,151
https://kawalpemilu.org#15493,"BUANTAN LESTARI, BUNGA RAYA, SIAK, RIAU",1,136,104,240
https://kawalpemilu.org#15493,"BUANTAN LESTARI, BUNGA RAYA, SIAK, RIAU",2,137,78,215
https://kawalpemilu.org#15493,"BUANTAN LESTARI, BUNGA RAYA, SIAK, RIAU",3,98,59,157
https://kawalpemilu.org#15493,"BUANTAN LESTARI, BUNGA RAYA, SIAK, RIAU",4,108,49,157
https://kawalpemilu.org#15493,"BUANTAN LESTARI, BUNGA RAYA, SIAK, RIAU",5,142,95,237
https://kawalpemilu.org#15493,"BUANTAN LESTARI, BUNGA RAYA, SIAK, RIAU",6,143,75,218
https://kawalpemilu.org#15493,"BUANTAN LESTARI, BUNGA RAYA, SIAK, RIAU",7,115,103,218
https://kawalpemilu.org#15494,"TUAH INDRAPURA, BUNGA RAYA, SIAK, RIAU",1,106,60,166
https://kawalpemilu.org#15494,"TUAH INDRAPURA, BUNGA RAYA, SIAK, RIAU",2,99,59,158
https://kawalpemilu.org#15494,"TUAH INDRAPURA, BUNGA RAYA, SIAK, RIAU",3,149,82,231
https://kawalpemilu.org#15494,"TUAH INDRAPURA, BUNGA RAYA, SIAK, RIAU",4,145,25,170
https://kawalpemilu.org#15494,"TUAH INDRAPURA, BUNGA RAYA, SIAK, RIAU",5,114,50,164
https://kawalpemilu.org#15494,"TUAH INDRAPURA, BUNGA RAYA, SIAK, RIAU",6,173,68,241
https://kawalpemilu.org#15494,"TUAH INDRAPURA, BUNGA RAYA, SIAK, RIAU",7,124,56,180
https://kawalpemilu.org#15494,"TUAH INDRAPURA, BUNGA RAYA, SIAK, RIAU",8,139,44,183
https://kawalpemilu.org#15494,"TUAH INDRAPURA, BUNGA RAYA, SIAK, RIAU",9,166,51,217
https://kawalpemilu.org#15495,"LANGSAT PERMAI, BUNGA RAYA, SIAK, RIAU",1,86,77,163
https://kawalpemilu.org#15495,"LANGSAT PERMAI, BUNGA RAYA, SIAK, RIAU",2,72,97,169
https://kawalpemilu.org#15495,"LANGSAT PERMAI, BUNGA RAYA, SIAK, RIAU",3,146,59,205
https://kawalpemilu.org#15495,"LANGSAT PERMAI, BUNGA RAYA, SIAK, RIAU",4,151,49,200
https://kawalpemilu.org#15495,"LANGSAT PERMAI, BUNGA RAYA, SIAK, RIAU",5,134,66,200
https://kawalpemilu.org#15496,"TEMUSAI, BUNGA RAYA, SIAK, RIAU",1,71,68,139
https://kawalpemilu.org#15496,"TEMUSAI, BUNGA RAYA, SIAK, RIAU",2,112,32,144
https://kawalpemilu.org#15496,"TEMUSAI, BUNGA RAYA, SIAK, RIAU",3,138,54,192
https://kawalpemilu.org#15496,"TEMUSAI, BUNGA RAYA, SIAK, RIAU",4,133,30,163
https://kawalpemilu.org#15497,"DAYANGSURI, BUNGA RAYA, SIAK, RIAU",1,125,82,207
https://kawalpemilu.org#15497,"DAYANGSURI, BUNGA RAYA, SIAK, RIAU",2,137,61,198
https://kawalpemilu.org#15497,"DAYANGSURI, BUNGA RAYA, SIAK, RIAU",3,129,74,203
https://kawalpemilu.org#15498,"SUAK MERAMBAI, BUNGA RAYA, SIAK, RIAU",1,34,141,175
https://kawalpemilu.org#15498,"SUAK MERAMBAI, BUNGA RAYA, SIAK, RIAU",2,114,36,150
https://kawalpemilu.org#15498,"SUAK MERAMBAI, BUNGA RAYA, SIAK, RIAU",3,51,65,116
https://kawalpemilu.org#15500,"PANGKALAN PISANG, KOTO GASIB, SIAK, RIAU",1,21,173,194
https://kawalpemilu.org#15500,"PANGKALAN PISANG, KOTO GASIB, SIAK, RIAU",2,79,110,189
https://kawalpemilu.org#15500,"PANGKALAN PISANG, KOTO GASIB, SIAK, RIAU",3,60,90,150
https://kawalpemilu.org#15500,"PANGKALAN PISANG, KOTO GASIB, SIAK, RIAU",4,95,82,177
https://kawalpemilu.org#15500,"PANGKALAN PISANG, KOTO GASIB, SIAK, RIAU",5,84,55,139
https://kawalpemilu.org#15500,"PANGKALAN PISANG, KOTO GASIB, SIAK, RIAU",6,92,58,150
https://kawalpemilu.org#15500,"PANGKALAN PISANG, KOTO GASIB, SIAK, RIAU",7,93,55,148
https://kawalpemilu.org#15500,"PANGKALAN PISANG, KOTO GASIB, SIAK, RIAU",8,73,55,128
https://kawalpemilu.org#15500,"PANGKALAN PISANG, KOTO GASIB, SIAK, RIAU",9,64,92,156
https://kawalpemilu.org#15500,"PANGKALAN PISANG, KOTO GASIB, SIAK, RIAU",10,56,98,154
https://kawalpemilu.org#15500,"PANGKALAN PISANG, KOTO GASIB, SIAK, RIAU",11,68,79,147
https://kawalpemilu.org#15500,"PANGKALAN PISANG, KOTO GASIB, SIAK, RIAU",12,169,34,203
https://kawalpemilu.org#15500,"PANGKALAN PISANG, KOTO GASIB, SIAK, RIAU",13,131,54,185
https://kawalpemilu.org#15500,"PANGKALAN PISANG, KOTO GASIB, SIAK, RIAU",14,81,85,166
https://kawalpemilu.org#15501,"KUALA GASIB, KOTO GASIB, SIAK, RIAU",1,86,105,191
https://kawalpemilu.org#15501,"KUALA GASIB, KOTO GASIB, SIAK, RIAU",2,35,144,7
https://kawalpemilu.org#15501,"KUALA GASIB, KOTO GASIB, SIAK, RIAU",3,91,106,197
https://kawalpemilu.org#15501,"KUALA GASIB, KOTO GASIB, SIAK, RIAU",4,111,89,200
https://kawalpemilu.org#15501,"KUALA GASIB, KOTO GASIB, SIAK, RIAU",5,40,83,123
https://kawalpemilu.org#15501,"KUALA GASIB, KOTO GASIB, SIAK, RIAU",6,79,92,171
https://kawalpemilu.org#15501,"KUALA GASIB, KOTO GASIB, SIAK, RIAU",7,81,86,167
https://kawalpemilu.org#15502,"TELUK RIMBA, KOTO GASIB, SIAK, RIAU",1,50,157,207
https://kawalpemilu.org#15502,"TELUK RIMBA, KOTO GASIB, SIAK, RIAU",2,13,193,206
https://kawalpemilu.org#15503,"BUATAN I, KOTO GASIB, SIAK, RIAU",1,27,135,162
https://kawalpemilu.org#15503,"BUATAN I, KOTO GASIB, SIAK, RIAU",2,13,141,154
https://kawalpemilu.org#15503,"BUATAN I, KOTO GASIB, SIAK, RIAU",3,22,119,141
https://kawalpemilu.org#15503,"BUATAN I, KOTO GASIB, SIAK, RIAU",4,15,153,168
https://kawalpemilu.org#15503,"BUATAN I, KOTO GASIB, SIAK, RIAU",5,32,132,164
https://kawalpemilu.org#15504,"BUATAN II, KOTO GASIB, SIAK, RIAU",1,44,180,244
https://kawalpemilu.org#15504,"BUATAN II, KOTO GASIB, SIAK, RIAU",2,29,190,219
https://kawalpemilu.org#15504,"BUATAN II, KOTO GASIB, SIAK, RIAU",3,35,197,232
https://kawalpemilu.org#15504,"BUATAN II, KOTO GASIB, SIAK, RIAU",4,10,148,158
https://kawalpemilu.org#15504,"BUATAN II, KOTO GASIB, SIAK, RIAU",5,18,154,172
https://kawalpemilu.org#15504,"BUATAN II, KOTO GASIB, SIAK, RIAU",6,21,170,191
https://kawalpemilu.org#15504,"BUATAN II, KOTO GASIB, SIAK, RIAU",7,20,187,207
https://kawalpemilu.org#15504,"BUATAN II, KOTO GASIB, SIAK, RIAU",8,19,165,184
https://kawalpemilu.org#15504,"BUATAN II, KOTO GASIB, SIAK, RIAU",9,53,140,193
https://kawalpemilu.org#15505,"SENGKEMANG, KOTO GASIB, SIAK, RIAU",1,41,162,203
https://kawalpemilu.org#15505,"SENGKEMANG, KOTO GASIB, SIAK, RIAU",2,42,144,186
https://kawalpemilu.org#15505,"SENGKEMANG, KOTO GASIB, SIAK, RIAU",3,44,145,189
https://kawalpemilu.org#15505,"SENGKEMANG, KOTO GASIB, SIAK, RIAU",4,91,113,204
https://kawalpemilu.org#15506,"RANTAU PANJANG, KOTO GASIB, SIAK, RIAU",1,55,74,129
https://kawalpemilu.org#15506,"RANTAU PANJANG, KOTO GASIB, SIAK, RIAU",2,26,109,135
https://kawalpemilu.org#15506,"RANTAU PANJANG, KOTO GASIB, SIAK, RIAU",3,36,157,193
https://kawalpemilu.org#15506,"RANTAU PANJANG, KOTO GASIB, SIAK, RIAU",4,5,148,153
https://kawalpemilu.org#15506,"RANTAU PANJANG, KOTO GASIB, SIAK, RIAU",5,34,137,171
https://kawalpemilu.org#15507,"EMPANG PANDAN, KOTO GASIB, SIAK, RIAU",1,75,59,134
https://kawalpemilu.org#15507,"EMPANG PANDAN, KOTO GASIB, SIAK, RIAU",2,89,61,150
https://kawalpemilu.org#15507,"EMPANG PANDAN, KOTO GASIB, SIAK, RIAU",3,63,86,149
https://kawalpemilu.org#15507,"EMPANG PANDAN, KOTO GASIB, SIAK, RIAU",4,71,77,148
https://kawalpemilu.org#15507,"EMPANG PANDAN, KOTO GASIB, SIAK, RIAU",5,77,74,151
https://kawalpemilu.org#15507,"EMPANG PANDAN, KOTO GASIB, SIAK, RIAU",6,100,61,161
https://kawalpemilu.org#15507,"EMPANG PANDAN, KOTO GASIB, SIAK, RIAU",7,85,84,169
https://kawalpemilu.org#15507,"EMPANG PANDAN, KOTO GASIB, SIAK, RIAU",8,99,80,179
https://kawalpemilu.org#15507,"EMPANG PANDAN, KOTO GASIB, SIAK, RIAU",9,66,90,156
https://kawalpemilu.org#15507,"EMPANG PANDAN, KOTO GASIB, SIAK, RIAU",10,93,68,161
https://kawalpemilu.org#15508,"KERANJI GUGUH, KOTO GASIB, SIAK, RIAU",1,79,105,184
https://kawalpemilu.org#15508,"KERANJI GUGUH, KOTO GASIB, SIAK, RIAU",2,90,100,190
https://kawalpemilu.org#15508,"KERANJI GUGUH, KOTO GASIB, SIAK, RIAU",3,119,85,204
https://kawalpemilu.org#15508,"KERANJI GUGUH, KOTO GASIB, SIAK, RIAU",4,86,104,190
https://kawalpemilu.org#15508,"KERANJI GUGUH, KOTO GASIB, SIAK, RIAU",5,110,62,172
https://kawalpemilu.org#15508,"KERANJI GUGUH, KOTO GASIB, SIAK, RIAU",6,112,76,188
https://kawalpemilu.org#15509,"SRI GEMILANG, KOTO GASIB, SIAK, RIAU",1,21,158,179
https://kawalpemilu.org#15509,"SRI GEMILANG, KOTO GASIB, SIAK, RIAU",2,24,155,0
https://kawalpemilu.org#84524,"TASIK SEMINAI, KOTO GASIB, SIAK, RIAU",1,94,82,176
https://kawalpemilu.org#84524,"TASIK SEMINAI, KOTO GASIB, SIAK, RIAU",2,84,92,176
https://kawalpemilu.org#84524,"TASIK SEMINAI, KOTO GASIB, SIAK, RIAU",3,112,129,241
https://kawalpemilu.org#84524,"TASIK SEMINAI, KOTO GASIB, SIAK, RIAU",4,76,39,115
https://kawalpemilu.org#15511,"SIMPANG BELUTU, KANDIS, SIAK, RIAU",1,113,39,152
https://kawalpemilu.org#15511,"SIMPANG BELUTU, KANDIS, SIAK, RIAU",2,134,124,258
https://kawalpemilu.org#15511,"SIMPANG BELUTU, KANDIS, SIAK, RIAU",3,67,156,223
https://kawalpemilu.org#15511,"SIMPANG BELUTU, KANDIS, SIAK, RIAU",4,59,88,147
https://kawalpemilu.org#15511,"SIMPANG BELUTU, KANDIS, SIAK, RIAU",5,60,103,163
https://kawalpemilu.org#15511,"SIMPANG BELUTU, KANDIS, SIAK, RIAU",6,100,132,232
https://kawalpemilu.org#15511,"SIMPANG BELUTU, KANDIS, SIAK, RIAU",7,19,201,220
https://kawalpemilu.org#15511,"SIMPANG BELUTU, KANDIS, SIAK, RIAU",8,70,147,217
https://kawalpemilu.org#15511,"SIMPANG BELUTU, KANDIS, SIAK, RIAU",9,82,136,218
https://kawalpemilu.org#15511,"SIMPANG BELUTU, KANDIS, SIAK, RIAU",10,85,160,245
https://kawalpemilu.org#15511,"SIMPANG BELUTU, KANDIS, SIAK, RIAU",11,69,145,214
https://kawalpemilu.org#15511,"SIMPANG BELUTU, KANDIS, SIAK, RIAU",12,76,123,199
https://kawalpemilu.org#15511,"SIMPANG BELUTU, KANDIS, SIAK, RIAU",13,98,97,195
https://kawalpemilu.org#15511,"SIMPANG BELUTU, KANDIS, SIAK, RIAU",14,111,106,217
https://kawalpemilu.org#15511,"SIMPANG BELUTU, KANDIS, SIAK, RIAU",15,126,168,294
https://kawalpemilu.org#15511,"SIMPANG BELUTU, KANDIS, SIAK, RIAU",16,87,135,222
https://kawalpemilu.org#15511,"SIMPANG BELUTU, KANDIS, SIAK, RIAU",17,130,98,228
https://kawalpemilu.org#15512,"TELAGA SAM-SAM, KANDIS, SIAK, RIAU",1,93,79,172
https://kawalpemilu.org#15512,"TELAGA SAM-SAM, KANDIS, SIAK, RIAU",2,91,90,181
https://kawalpemilu.org#15512,"TELAGA SAM-SAM, KANDIS, SIAK, RIAU",3,46,122,168
https://kawalpemilu.org#15512,"TELAGA SAM-SAM, KANDIS, SIAK, RIAU",4,87,111,198
https://kawalpemilu.org#15512,"TELAGA SAM-SAM, KANDIS, SIAK, RIAU",5,99,197,296
https://kawalpemilu.org#15512,"TELAGA SAM-SAM, KANDIS, SIAK, RIAU",6,29,185,214
https://kawalpemilu.org#15512,"TELAGA SAM-SAM, KANDIS, SIAK, RIAU",7,129,169,298
https://kawalpemilu.org#15512,"TELAGA SAM-SAM, KANDIS, SIAK, RIAU",8,83,147,230
https://kawalpemilu.org#15512,"TELAGA SAM-SAM, KANDIS, SIAK, RIAU",9,91,159,2
https://kawalpemilu.org#15512,"TELAGA SAM-SAM, KANDIS, SIAK, RIAU",10,152,146,298
https://kawalpemilu.org#15512,"TELAGA SAM-SAM, KANDIS, SIAK, RIAU",11,109,121,230
https://kawalpemilu.org#15512,"TELAGA SAM-SAM, KANDIS, SIAK, RIAU",12,29,80,109
https://kawalpemilu.org#15512,"TELAGA SAM-SAM, KANDIS, SIAK, RIAU",13,67,153,220
https://kawalpemilu.org#15512,"TELAGA SAM-SAM, KANDIS, SIAK, RIAU",14,103,170,273
https://kawalpemilu.org#15512,"TELAGA SAM-SAM, KANDIS, SIAK, RIAU",15,192,54,246
https://kawalpemilu.org#15512,"TELAGA SAM-SAM, KANDIS, SIAK, RIAU",16,106,56,162
https://kawalpemilu.org#15513,"KANDIS KOTA, KANDIS, SIAK, RIAU",1,154,28,182
https://kawalpemilu.org#15513,"KANDIS KOTA, KANDIS, SIAK, RIAU",2,235,36,271
https://kawalpemilu.org#15513,"KANDIS KOTA, KANDIS, SIAK, RIAU",3,88,90,178
https://kawalpemilu.org#15513,"KANDIS KOTA, KANDIS, SIAK, RIAU",4,100,99,199
https://kawalpemilu.org#15513,"KANDIS KOTA, KANDIS, SIAK, RIAU",5,213,21,234
https://kawalpemilu.org#15513,"KANDIS KOTA, KANDIS, SIAK, RIAU",6,167,30,197
https://kawalpemilu.org#15513,"KANDIS KOTA, KANDIS, SIAK, RIAU",7,170,8,178
https://kawalpemilu.org#15513,"KANDIS KOTA, KANDIS, SIAK, RIAU",8,83,69,152
https://kawalpemilu.org#15513,"KANDIS KOTA, KANDIS, SIAK, RIAU",9,88,47,135
https://kawalpemilu.org#15513,"KANDIS KOTA, KANDIS, SIAK, RIAU",10,157,8,165
https://kawalpemilu.org#15513,"KANDIS KOTA, KANDIS, SIAK, RIAU",11,198,4,202
https://kawalpemilu.org#15513,"KANDIS KOTA, KANDIS, SIAK, RIAU",12,163,3,166
https://kawalpemilu.org#15513,"KANDIS KOTA, KANDIS, SIAK, RIAU",13,128,4,132
https://kawalpemilu.org#15513,"KANDIS KOTA, KANDIS, SIAK, RIAU",14,124,6,130
https://kawalpemilu.org#15513,"KANDIS KOTA, KANDIS, SIAK, RIAU",15,234,0,234
https://kawalpemilu.org#15513,"KANDIS KOTA, KANDIS, SIAK, RIAU",16,168,54,222
https://kawalpemilu.org#15513,"KANDIS KOTA, KANDIS, SIAK, RIAU",17,172,97,269
https://kawalpemilu.org#15513,"KANDIS KOTA, KANDIS, SIAK, RIAU",18,216,8,224
https://kawalpemilu.org#15513,"KANDIS KOTA, KANDIS, SIAK, RIAU",19,119,2,121
https://kawalpemilu.org#15513,"KANDIS KOTA, KANDIS, SIAK, RIAU",20,163,3,166
https://kawalpemilu.org#15513,"KANDIS KOTA, KANDIS, SIAK, RIAU",21,88,0,88
https://kawalpemilu.org#15513,"KANDIS KOTA, KANDIS, SIAK, RIAU",22,157,23,180
https://kawalpemilu.org#15513,"KANDIS KOTA, KANDIS, SIAK, RIAU",23,144,3,147
https://kawalpemilu.org#15513,"KANDIS KOTA, KANDIS, SIAK, RIAU",24,211,7,218
https://kawalpemilu.org#15513,"KANDIS KOTA, KANDIS, SIAK, RIAU",25,74,83,157
https://kawalpemilu.org#15513,"KANDIS KOTA, KANDIS, SIAK, RIAU",26,61,61,122
https://kawalpemilu.org#15513,"KANDIS KOTA, KANDIS, SIAK, RIAU",27,99,96,195
https://kawalpemilu.org#15513,"KANDIS KOTA, KANDIS, SIAK, RIAU",28,133,56,189
https://kawalpemilu.org#15513,"KANDIS KOTA, KANDIS, SIAK, RIAU",29,94,48,142
https://kawalpemilu.org#15513,"KANDIS KOTA, KANDIS, SIAK, RIAU",30,92,54,146
https://kawalpemilu.org#15513,"KANDIS KOTA, KANDIS, SIAK, RIAU",31,154,4,158
https://kawalpemilu.org#15513,"KANDIS KOTA, KANDIS, SIAK, RIAU",32,165,9,174
https://kawalpemilu.org#15513,"KANDIS KOTA, KANDIS, SIAK, RIAU",33,115,8,123
https://kawalpemilu.org#15513,"KANDIS KOTA, KANDIS, SIAK, RIAU",34,193,3,196
https://kawalpemilu.org#15513,"KANDIS KOTA, KANDIS, SIAK, RIAU",35,70,7,77
https://kawalpemilu.org#15513,"KANDIS KOTA, KANDIS, SIAK, RIAU",36,3,73,76
https://kawalpemilu.org#15513,"KANDIS KOTA, KANDIS, SIAK, RIAU",37,133,2,135
https://kawalpemilu.org#15513,"KANDIS KOTA, KANDIS, SIAK, RIAU",38,194,6,200
https://kawalpemilu.org#15513,"KANDIS KOTA, KANDIS, SIAK, RIAU",39,186,9,195
https://kawalpemilu.org#15513,"KANDIS KOTA, KANDIS, SIAK, RIAU",40,144,7,151
https://kawalpemilu.org#15513,"KANDIS KOTA, KANDIS, SIAK, RIAU",41,83,165,248
https://kawalpemilu.org#15513,"KANDIS KOTA, KANDIS, SIAK, RIAU",42,70,160,230
https://kawalpemilu.org#15514,"BELUTU, KANDIS, SIAK, RIAU",1,159,26,185
https://kawalpemilu.org#15514,"BELUTU, KANDIS, SIAK, RIAU",2,77,26,103
https://kawalpemilu.org#15514,"BELUTU, KANDIS, SIAK, RIAU",3,176,5,181
https://kawalpemilu.org#15514,"BELUTU, KANDIS, SIAK, RIAU",4,105,27,132
https://kawalpemilu.org#15514,"BELUTU, KANDIS, SIAK, RIAU",5,68,15,83
https://kawalpemilu.org#15514,"BELUTU, KANDIS, SIAK, RIAU",6,51,33,84
https://kawalpemilu.org#15514,"BELUTU, KANDIS, SIAK, RIAU",7,142,45,187
https://kawalpemilu.org#15514,"BELUTU, KANDIS, SIAK, RIAU",8,69,25,94
https://kawalpemilu.org#15514,"BELUTU, KANDIS, SIAK, RIAU",9,143,67,210
https://kawalpemilu.org#15514,"BELUTU, KANDIS, SIAK, RIAU",10,135,54,189
https://kawalpemilu.org#15514,"BELUTU, KANDIS, SIAK, RIAU",11,73,17,90
https://kawalpemilu.org#15514,"BELUTU, KANDIS, SIAK, RIAU",12,174,29,203
https://kawalpemilu.org#15514,"BELUTU, KANDIS, SIAK, RIAU",13,199,51,250
https://kawalpemilu.org#15514,"BELUTU, KANDIS, SIAK, RIAU",14,234,39,273
https://kawalpemilu.org#15514,"BELUTU, KANDIS, SIAK, RIAU",15,127,25,152
https://kawalpemilu.org#15514,"BELUTU, KANDIS, SIAK, RIAU",16,96,76,172
https://kawalpemilu.org#15514,"BELUTU, KANDIS, SIAK, RIAU",17,92,37,129
https://kawalpemilu.org#15514,"BELUTU, KANDIS, SIAK, RIAU",18,93,55,148
https://kawalpemilu.org#15514,"BELUTU, KANDIS, SIAK, RIAU",19,159,35,194
https://kawalpemilu.org#15514,"BELUTU, KANDIS, SIAK, RIAU",20,87,44,131
https://kawalpemilu.org#15514,"BELUTU, KANDIS, SIAK, RIAU",21,114,27,141
https://kawalpemilu.org#15515,"KANDIS, KANDIS, SIAK, RIAU",1,135,7,142
https://kawalpemilu.org#15515,"KANDIS, KANDIS, SIAK, RIAU",2,108,5,113
https://kawalpemilu.org#15515,"KANDIS, KANDIS, SIAK, RIAU",3,106,109,215
https://kawalpemilu.org#15515,"KANDIS, KANDIS, SIAK, RIAU",4,125,88,213
https://kawalpemilu.org#15515,"KANDIS, KANDIS, SIAK, RIAU",5,86,96,182
https://kawalpemilu.org#15515,"KANDIS, KANDIS, SIAK, RIAU",6,74,106,180
https://kawalpemilu.org#15515,"KANDIS, KANDIS, SIAK, RIAU",7,143,96,239
https://kawalpemilu.org#15515,"KANDIS, KANDIS, SIAK, RIAU",8,140,30,170
https://kawalpemilu.org#15515,"KANDIS, KANDIS, SIAK, RIAU",9,110,33,143
https://kawalpemilu.org#15515,"KANDIS, KANDIS, SIAK, RIAU",10,158,6,164
https://kawalpemilu.org#15515,"KANDIS, KANDIS, SIAK, RIAU",11,175,5,180
https://kawalpemilu.org#15515,"KANDIS, KANDIS, SIAK, RIAU",12,211,3,214
https://kawalpemilu.org#15515,"KANDIS, KANDIS, SIAK, RIAU",13,54,2,56
https://kawalpemilu.org#15515,"KANDIS, KANDIS, SIAK, RIAU",14,181,66,247
https://kawalpemilu.org#15515,"KANDIS, KANDIS, SIAK, RIAU",15,187,36,223
https://kawalpemilu.org#15515,"KANDIS, KANDIS, SIAK, RIAU",16,157,1,158
https://kawalpemilu.org#15515,"KANDIS, KANDIS, SIAK, RIAU",17,121,1,122
https://kawalpemilu.org#15515,"KANDIS, KANDIS, SIAK, RIAU",18,176,2,178
https://kawalpemilu.org#15515,"KANDIS, KANDIS, SIAK, RIAU",19,145,3,148
https://kawalpemilu.org#15515,"KANDIS, KANDIS, SIAK, RIAU",20,141,2,143
https://kawalpemilu.org#15516,"SAM-SAM, KANDIS, SIAK, RIAU",1,41,81,122
https://kawalpemilu.org#15516,"SAM-SAM, KANDIS, SIAK, RIAU",2,48,113,161
https://kawalpemilu.org#15516,"SAM-SAM, KANDIS, SIAK, RIAU",3,45,126,171
https://kawalpemilu.org#15516,"SAM-SAM, KANDIS, SIAK, RIAU",4,44,176,220
https://kawalpemilu.org#15516,"SAM-SAM, KANDIS, SIAK, RIAU",5,19,182,201
https://kawalpemilu.org#15516,"SAM-SAM, KANDIS, SIAK, RIAU",6,33,107,140
https://kawalpemilu.org#15516,"SAM-SAM, KANDIS, SIAK, RIAU",7,26,144,170
https://kawalpemilu.org#15516,"SAM-SAM, KANDIS, SIAK, RIAU",8,16,142,158
https://kawalpemilu.org#15516,"SAM-SAM, KANDIS, SIAK, RIAU",9,105,91,196
https://kawalpemilu.org#15516,"SAM-SAM, KANDIS, SIAK, RIAU",10,85,88,173
https://kawalpemilu.org#15516,"SAM-SAM, KANDIS, SIAK, RIAU",11,104,76,180
https://kawalpemilu.org#15516,"SAM-SAM, KANDIS, SIAK, RIAU",12,118,43,161
https://kawalpemilu.org#15516,"SAM-SAM, KANDIS, SIAK, RIAU",13,81,65,146
https://kawalpemilu.org#15516,"SAM-SAM, KANDIS, SIAK, RIAU",14,47,237,284
https://kawalpemilu.org#15516,"SAM-SAM, KANDIS, SIAK, RIAU",15,28,158,186
https://kawalpemilu.org#15516,"SAM-SAM, KANDIS, SIAK, RIAU",16,44,128,172
https://kawalpemilu.org#15516,"SAM-SAM, KANDIS, SIAK, RIAU",17,60,122,182
https://kawalpemilu.org#15516,"SAM-SAM, KANDIS, SIAK, RIAU",18,58,59,117
https://kawalpemilu.org#15516,"SAM-SAM, KANDIS, SIAK, RIAU",19,86,17,103
https://kawalpemilu.org#15516,"SAM-SAM, KANDIS, SIAK, RIAU",20,147,29,176
https://kawalpemilu.org#15516,"SAM-SAM, KANDIS, SIAK, RIAU",21,137,23,160
https://kawalpemilu.org#15516,"SAM-SAM, KANDIS, SIAK, RIAU",22,89,11,100
https://kawalpemilu.org#15516,"SAM-SAM, KANDIS, SIAK, RIAU",23,154,6,160
https://kawalpemilu.org#15517,"BEKALAR, KANDIS, SIAK, RIAU",1,67,165,232
https://kawalpemilu.org#15517,"BEKALAR, KANDIS, SIAK, RIAU",2,51,173,224
https://kawalpemilu.org#15517,"BEKALAR, KANDIS, SIAK, RIAU",3,60,154,214
https://kawalpemilu.org#15517,"BEKALAR, KANDIS, SIAK, RIAU",4,84,99,183
https://kawalpemilu.org#15517,"BEKALAR, KANDIS, SIAK, RIAU",5,76,102,178
https://kawalpemilu.org#15517,"BEKALAR, KANDIS, SIAK, RIAU",6,79,79,158
https://kawalpemilu.org#15517,"BEKALAR, KANDIS, SIAK, RIAU",7,73,94,167
https://kawalpemilu.org#15517,"BEKALAR, KANDIS, SIAK, RIAU",8,95,146,241
https://kawalpemilu.org#15517,"BEKALAR, KANDIS, SIAK, RIAU",9,62,131,193
https://kawalpemilu.org#15517,"BEKALAR, KANDIS, SIAK, RIAU",10,117,41,158
https://kawalpemilu.org#15517,"BEKALAR, KANDIS, SIAK, RIAU",11,109,21,130
https://kawalpemilu.org#15517,"BEKALAR, KANDIS, SIAK, RIAU",12,80,148,228
https://kawalpemilu.org#15517,"BEKALAR, KANDIS, SIAK, RIAU",13,178,27,205
https://kawalpemilu.org#15517,"BEKALAR, KANDIS, SIAK, RIAU",14,168,9,177
https://kawalpemilu.org#15517,"BEKALAR, KANDIS, SIAK, RIAU",15,175,32,207
https://kawalpemilu.org#15518,"JAMBAI MAKMUR, KANDIS, SIAK, RIAU",1,104,87,191
https://kawalpemilu.org#15518,"JAMBAI MAKMUR, KANDIS, SIAK, RIAU",2,102,65,167
https://kawalpemilu.org#15518,"JAMBAI MAKMUR, KANDIS, SIAK, RIAU",3,134,72,206
https://kawalpemilu.org#15518,"JAMBAI MAKMUR, KANDIS, SIAK, RIAU",4,112,61,173
https://kawalpemilu.org#15518,"JAMBAI MAKMUR, KANDIS, SIAK, RIAU",5,159,56,215
https://kawalpemilu.org#15518,"JAMBAI MAKMUR, KANDIS, SIAK, RIAU",6,123,59,182
https://kawalpemilu.org#15518,"JAMBAI MAKMUR, KANDIS, SIAK, RIAU",7,44,10,54
https://kawalpemilu.org#15518,"JAMBAI MAKMUR, KANDIS, SIAK, RIAU",8,84,167,251
https://kawalpemilu.org#15518,"JAMBAI MAKMUR, KANDIS, SIAK, RIAU",9,74,159,233
https://kawalpemilu.org#15518,"JAMBAI MAKMUR, KANDIS, SIAK, RIAU",10,82,133,215
https://kawalpemilu.org#15518,"JAMBAI MAKMUR, KANDIS, SIAK, RIAU",11,68,83,151
https://kawalpemilu.org#15518,"JAMBAI MAKMUR, KANDIS, SIAK, RIAU",12,60,80,140
https://kawalpemilu.org#15519,"SUNGAI GONDANG, KANDIS, SIAK, RIAU",1,142,55,197
https://kawalpemilu.org#15519,"SUNGAI GONDANG, KANDIS, SIAK, RIAU",2,101,59,160
https://kawalpemilu.org#15519,"SUNGAI GONDANG, KANDIS, SIAK, RIAU",3,98,74,172
https://kawalpemilu.org#15519,"SUNGAI GONDANG, KANDIS, SIAK, RIAU",4,115,45,160
https://kawalpemilu.org#15519,"SUNGAI GONDANG, KANDIS, SIAK, RIAU",5,126,6,132
https://kawalpemilu.org#15519,"SUNGAI GONDANG, KANDIS, SIAK, RIAU",6,153,18,171
https://kawalpemilu.org#15520,"PENCING BEKULO, KANDIS, SIAK, RIAU",1,206,48,254
https://kawalpemilu.org#15520,"PENCING BEKULO, KANDIS, SIAK, RIAU",2,185,75,260
https://kawalpemilu.org#15520,"PENCING BEKULO, KANDIS, SIAK, RIAU",3,160,52,212
https://kawalpemilu.org#15520,"PENCING BEKULO, KANDIS, SIAK, RIAU",4,152,56,208
https://kawalpemilu.org#15520,"PENCING BEKULO, KANDIS, SIAK, RIAU",5,193,16,209
https://kawalpemilu.org#15520,"PENCING BEKULO, KANDIS, SIAK, RIAU",6,168,19,187
https://kawalpemilu.org#15520,"PENCING BEKULO, KANDIS, SIAK, RIAU",7,58,2,60
https://kawalpemilu.org#84525,"LIBO JAYA, KANDIS, SIAK, RIAU",1,137,66,203
https://kawalpemilu.org#84525,"LIBO JAYA, KANDIS, SIAK, RIAU",2,149,37,186
https://kawalpemilu.org#84525,"LIBO JAYA, KANDIS, SIAK, RIAU",3,131,84,215
https://kawalpemilu.org#84525,"LIBO JAYA, KANDIS, SIAK, RIAU",4,56,190,246
https://kawalpemilu.org#84525,"LIBO JAYA, KANDIS, SIAK, RIAU",5,133,152,285
https://kawalpemilu.org#84525,"LIBO JAYA, KANDIS, SIAK, RIAU",6,130,70,200
https://kawalpemilu.org#84525,"LIBO JAYA, KANDIS, SIAK, RIAU",7,154,39,193
https://kawalpemilu.org#84525,"LIBO JAYA, KANDIS, SIAK, RIAU",8,158,37,195
https://kawalpemilu.org#84525,"LIBO JAYA, KANDIS, SIAK, RIAU",9,217,57,274
https://kawalpemilu.org#84525,"LIBO JAYA, KANDIS, SIAK, RIAU",10,150,15,165
https://kawalpemilu.org#84525,"LIBO JAYA, KANDIS, SIAK, RIAU",11,171,11,182
https://kawalpemilu.org#84525,"LIBO JAYA, KANDIS, SIAK, RIAU",12,185,5,190
https://kawalpemilu.org#84525,"LIBO JAYA, KANDIS, SIAK, RIAU",13,195,74,269
https://kawalpemilu.org#84525,"LIBO JAYA, KANDIS, SIAK, RIAU",14,182,43,225
https://kawalpemilu.org#84525,"LIBO JAYA, KANDIS, SIAK, RIAU",15,33,19,52
https://kawalpemilu.org#84525,"LIBO JAYA, KANDIS, SIAK, RIAU",16,83,4,87
https://kawalpemilu.org#15522,"LUBUK DALAM, LUBUK DALAM, SIAK, RIAU",1,153,60,213
https://kawalpemilu.org#15522,"LUBUK DALAM, LUBUK DALAM, SIAK, RIAU",2,74,81,155
https://kawalpemilu.org#15522,"LUBUK DALAM, LUBUK DALAM, SIAK, RIAU",3,60,199,259
https://kawalpemilu.org#15522,"LUBUK DALAM, LUBUK DALAM, SIAK, RIAU",4,53,169,222
https://kawalpemilu.org#15522,"LUBUK DALAM, LUBUK DALAM, SIAK, RIAU",5,122,90,212
https://kawalpemilu.org#15522,"LUBUK DALAM, LUBUK DALAM, SIAK, RIAU",6,106,72,178
https://kawalpemilu.org#15522,"LUBUK DALAM, LUBUK DALAM, SIAK, RIAU",7,101,111,212
https://kawalpemilu.org#15522,"LUBUK DALAM, LUBUK DALAM, SIAK, RIAU",8,104,31,135
https://kawalpemilu.org#15522,"LUBUK DALAM, LUBUK DALAM, SIAK, RIAU",9,83,61,144
https://kawalpemilu.org#15522,"LUBUK DALAM, LUBUK DALAM, SIAK, RIAU",10,104,68,172
https://kawalpemilu.org#15522,"LUBUK DALAM, LUBUK DALAM, SIAK, RIAU",11,69,47,116
https://kawalpemilu.org#15522,"LUBUK DALAM, LUBUK DALAM, SIAK, RIAU",12,54,112,166
https://kawalpemilu.org#15522,"LUBUK DALAM, LUBUK DALAM, SIAK, RIAU",13,108,25,133
https://kawalpemilu.org#15522,"LUBUK DALAM, LUBUK DALAM, SIAK, RIAU",14,125,39,164
https://kawalpemilu.org#15522,"LUBUK DALAM, LUBUK DALAM, SIAK, RIAU",15,123,6,129
https://kawalpemilu.org#15522,"LUBUK DALAM, LUBUK DALAM, SIAK, RIAU",16,119,14,133
https://kawalpemilu.org#15522,"LUBUK DALAM, LUBUK DALAM, SIAK, RIAU",17,75,6,81
https://kawalpemilu.org#15522,"LUBUK DALAM, LUBUK DALAM, SIAK, RIAU",18,107,15,122
https://kawalpemilu.org#15523,"RAWANG KAO, LUBUK DALAM, SIAK, RIAU",1,91,77,168
https://kawalpemilu.org#15523,"RAWANG KAO, LUBUK DALAM, SIAK, RIAU",2,93,49,142
https://kawalpemilu.org#15523,"RAWANG KAO, LUBUK DALAM, SIAK, RIAU",3,150,93,243
https://kawalpemilu.org#15523,"RAWANG KAO, LUBUK DALAM, SIAK, RIAU",4,138,101,239
https://kawalpemilu.org#15523,"RAWANG KAO, LUBUK DALAM, SIAK, RIAU",5,113,48,161
https://kawalpemilu.org#15523,"RAWANG KAO, LUBUK DALAM, SIAK, RIAU",6,127,28,155
https://kawalpemilu.org#15524,"SRI GADING, LUBUK DALAM, SIAK, RIAU",1,122,52,174
https://kawalpemilu.org#15524,"SRI GADING, LUBUK DALAM, SIAK, RIAU",2,118,35,153
https://kawalpemilu.org#15524,"SRI GADING, LUBUK DALAM, SIAK, RIAU",3,198,59,257
https://kawalpemilu.org#15524,"SRI GADING, LUBUK DALAM, SIAK, RIAU",4,182,60,242
https://kawalpemilu.org#15524,"SRI GADING, LUBUK DALAM, SIAK, RIAU",5,137,76,213
https://kawalpemilu.org#15524,"SRI GADING, LUBUK DALAM, SIAK, RIAU",6,168,55,223
https://kawalpemilu.org#15524,"SRI GADING, LUBUK DALAM, SIAK, RIAU",7,166,75,241
https://kawalpemilu.org#15525,"SIALANG BARU, LUBUK DALAM, SIAK, RIAU",1,136,51,187
https://kawalpemilu.org#15525,"SIALANG BARU, LUBUK DALAM, SIAK, RIAU",2,166,23,189
https://kawalpemilu.org#15525,"SIALANG BARU, LUBUK DALAM, SIAK, RIAU",3,110,66,176
https://kawalpemilu.org#15525,"SIALANG BARU, LUBUK DALAM, SIAK, RIAU",4,192,88,280
https://kawalpemilu.org#15525,"SIALANG BARU, LUBUK DALAM, SIAK, RIAU",5,108,58,166
https://kawalpemilu.org#15525,"SIALANG BARU, LUBUK DALAM, SIAK, RIAU",6,114,40,154
https://kawalpemilu.org#15525,"SIALANG BARU, LUBUK DALAM, SIAK, RIAU",7,78,67,145
https://kawalpemilu.org#15525,"SIALANG BARU, LUBUK DALAM, SIAK, RIAU",8,60,75,135
https://kawalpemilu.org#15525,"SIALANG BARU, LUBUK DALAM, SIAK, RIAU",9,129,35,164
https://kawalpemilu.org#15525,"SIALANG BARU, LUBUK DALAM, SIAK, RIAU",10,104,50,154
https://kawalpemilu.org#15526,"SIALANG PALAS, LUBUK DALAM, SIAK, RIAU",1,152,112,264
https://kawalpemilu.org#15526,"SIALANG PALAS, LUBUK DALAM, SIAK, RIAU",2,135,58,193
https://kawalpemilu.org#15526,"SIALANG PALAS, LUBUK DALAM, SIAK, RIAU",3,186,46,232
https://kawalpemilu.org#15526,"SIALANG PALAS, LUBUK DALAM, SIAK, RIAU",4,131,113,244
https://kawalpemilu.org#15526,"SIALANG PALAS, LUBUK DALAM, SIAK, RIAU",5,149,51,200
https://kawalpemilu.org#15527,"EMPANG BARU, LUBUK DALAM, SIAK, RIAU",1,121,55,176
https://kawalpemilu.org#15527,"EMPANG BARU, LUBUK DALAM, SIAK, RIAU",3,122,55,177
https://kawalpemilu.org#15527,"EMPANG BARU, LUBUK DALAM, SIAK, RIAU",4,98,53,151
https://kawalpemilu.org#15527,"EMPANG BARU, LUBUK DALAM, SIAK, RIAU",5,129,84,213
https://kawalpemilu.org#15527,"EMPANG BARU, LUBUK DALAM, SIAK, RIAU",6,79,86,165
https://kawalpemilu.org#15527,"EMPANG BARU, LUBUK DALAM, SIAK, RIAU",7,113,64,177
https://kawalpemilu.org#88283,"RAWANG KAO BARAT, LUBUK DALAM, SIAK, RIAU",1,54,71,125
https://kawalpemilu.org#88283,"RAWANG KAO BARAT, LUBUK DALAM, SIAK, RIAU",2,27,94,121
https://kawalpemilu.org#88283,"RAWANG KAO BARAT, LUBUK DALAM, SIAK, RIAU",3,90,89,179
https://kawalpemilu.org#88283,"RAWANG KAO BARAT, LUBUK DALAM, SIAK, RIAU",4,72,104,176
https://kawalpemilu.org#88283,"RAWANG KAO BARAT, LUBUK DALAM, SIAK, RIAU",5,63,159,222
https://kawalpemilu.org#15529,"REMPAK, SABAK AUH, SIAK, RIAU",1,22,109,131
https://kawalpemilu.org#15529,"REMPAK, SABAK AUH, SIAK, RIAU",2,35,172,207
https://kawalpemilu.org#15529,"REMPAK, SABAK AUH, SIAK, RIAU",3,14,145,159
https://kawalpemilu.org#15529,"REMPAK, SABAK AUH, SIAK, RIAU",4,41,128,169
https://kawalpemilu.org#15529,"REMPAK, SABAK AUH, SIAK, RIAU",5,75,110,185
https://kawalpemilu.org#15529,"REMPAK, SABAK AUH, SIAK, RIAU",6,52,119,171
https://kawalpemilu.org#15530,"LAKSAMANA, SABAK AUH, SIAK, RIAU",1,39,133,172
https://kawalpemilu.org#15530,"LAKSAMANA, SABAK AUH, SIAK, RIAU",2,36,128,164
https://kawalpemilu.org#15530,"LAKSAMANA, SABAK AUH, SIAK, RIAU",3,54,156,210
https://kawalpemilu.org#15530,"LAKSAMANA, SABAK AUH, SIAK, RIAU",4,94,111,205
https://kawalpemilu.org#15531,"BELADING, SABAK AUH, SIAK, RIAU",1,89,111,200
https://kawalpemilu.org#15531,"BELADING, SABAK AUH, SIAK, RIAU",2,74,105,179
https://kawalpemilu.org#15531,"BELADING, SABAK AUH, SIAK, RIAU",3,86,79,165
https://kawalpemilu.org#15531,"BELADING, SABAK AUH, SIAK, RIAU",4,130,58,188
https://kawalpemilu.org#15532,"BANDAR SUNGAI, SABAK AUH, SIAK, RIAU",1,90,94,184
https://kawalpemilu.org#15532,"BANDAR SUNGAI, SABAK AUH, SIAK, RIAU",2,108,73,181
https://kawalpemilu.org#15532,"BANDAR SUNGAI, SABAK AUH, SIAK, RIAU",3,99,88,187
https://kawalpemilu.org#15532,"BANDAR SUNGAI, SABAK AUH, SIAK, RIAU",4,73,120,193
https://kawalpemilu.org#15533,"SUNGAI TENGAH, SABAK AUH, SIAK, RIAU",1,137,78,215
https://kawalpemilu.org#15533,"SUNGAI TENGAH, SABAK AUH, SIAK, RIAU",2,133,66,199
https://kawalpemilu.org#15533,"SUNGAI TENGAH, SABAK AUH, SIAK, RIAU",3,113,63,176
https://kawalpemilu.org#15533,"SUNGAI TENGAH, SABAK AUH, SIAK, RIAU",4,98,78,176
https://kawalpemilu.org#15533,"SUNGAI TENGAH, SABAK AUH, SIAK, RIAU",5,71,96,167
https://kawalpemilu.org#15533,"SUNGAI TENGAH, SABAK AUH, SIAK, RIAU",6,100,74,174
https://kawalpemilu.org#15533,"SUNGAI TENGAH, SABAK AUH, SIAK, RIAU",7,108,80,188
https://kawalpemilu.org#15533,"SUNGAI TENGAH, SABAK AUH, SIAK, RIAU",8,133,41,174
https://kawalpemilu.org#15534,"SABAK PERMAI, SABAK AUH, SIAK, RIAU",1,83,153,236
https://kawalpemilu.org#15534,"SABAK PERMAI, SABAK AUH, SIAK, RIAU",2,102,129,231
https://kawalpemilu.org#15534,"SABAK PERMAI, SABAK AUH, SIAK, RIAU",3,130,98,228
https://kawalpemilu.org#15534,"SABAK PERMAI, SABAK AUH, SIAK, RIAU",4,125,85,210
https://kawalpemilu.org#15535,"BANDAR PEDADA, SABAK AUH, SIAK, RIAU",1,58,117,5
https://kawalpemilu.org#15535,"BANDAR PEDADA, SABAK AUH, SIAK, RIAU",2,66,117,183
https://kawalpemilu.org#15535,"BANDAR PEDADA, SABAK AUH, SIAK, RIAU",3,56,112,168
https://kawalpemilu.org#15535,"BANDAR PEDADA, SABAK AUH, SIAK, RIAU",4,67,91,158
https://kawalpemilu.org#15536,"SELAT GUNTUNG, SABAK AUH, SIAK, RIAU",1,32,131,169
https://kawalpemilu.org#15536,"SELAT GUNTUNG, SABAK AUH, SIAK, RIAU",2,37,126,163
https://kawalpemilu.org#15536,"SELAT GUNTUNG, SABAK AUH, SIAK, RIAU",3,48,135,183
https://kawalpemilu.org#15536,"SELAT GUNTUNG, SABAK AUH, SIAK, RIAU",4,55,130,185
https://kawalpemilu.org#15538,"KOTA RINGIN, MEMPURA, SIAK, RIAU",1,22,126,148
https://kawalpemilu.org#15538,"KOTA RINGIN, MEMPURA, SIAK, RIAU",2,25,107,132
https://kawalpemilu.org#15538,"KOTA RINGIN, MEMPURA, SIAK, RIAU",3,34,132,166
https://kawalpemilu.org#15538,"KOTA RINGIN, MEMPURA, SIAK, RIAU",4,51,112,163
https://kawalpemilu.org#15538,"KOTA RINGIN, MEMPURA, SIAK, RIAU",5,120,122,242
https://kawalpemilu.org#15539,"PALUH, MEMPURA, SIAK, RIAU",1,27,158,185
https://kawalpemilu.org#15539,"PALUH, MEMPURA, SIAK, RIAU",2,20,132,152
https://kawalpemilu.org#15539,"PALUH, MEMPURA, SIAK, RIAU",3,41,141,182
https://kawalpemilu.org#15539,"PALUH, MEMPURA, SIAK, RIAU",4,46,112,158
https://kawalpemilu.org#15539,"PALUH, MEMPURA, SIAK, RIAU",5,158,80,238
https://kawalpemilu.org#15540,"BENTENG HILIR, MEMPURA, SIAK, RIAU",1,17,180,197
https://kawalpemilu.org#15540,"BENTENG HILIR, MEMPURA, SIAK, RIAU",2,27,171,198
https://kawalpemilu.org#15540,"BENTENG HILIR, MEMPURA, SIAK, RIAU",3,27,181,208
https://kawalpemilu.org#15540,"BENTENG HILIR, MEMPURA, SIAK, RIAU",4,28,157,185
https://kawalpemilu.org#15540,"BENTENG HILIR, MEMPURA, SIAK, RIAU",5,86,139,225
https://kawalpemilu.org#15540,"BENTENG HILIR, MEMPURA, SIAK, RIAU",6,87,118,205
https://kawalpemilu.org#15541,"BENTENG HULU, MEMPURA, SIAK, RIAU",2,42,206,248
https://kawalpemilu.org#15541,"BENTENG HULU, MEMPURA, SIAK, RIAU",3,43,178,221
https://kawalpemilu.org#15541,"BENTENG HULU, MEMPURA, SIAK, RIAU",4,32,170,202
https://kawalpemilu.org#15541,"BENTENG HULU, MEMPURA, SIAK, RIAU",5,32,144,176
https://kawalpemilu.org#15541,"BENTENG HULU, MEMPURA, SIAK, RIAU",6,42,126,168
https://kawalpemilu.org#15541,"BENTENG HULU, MEMPURA, SIAK, RIAU",7,21,130,151
https://kawalpemilu.org#15541,"BENTENG HULU, MEMPURA, SIAK, RIAU",8,30,110,140
https://kawalpemilu.org#15541,"BENTENG HULU, MEMPURA, SIAK, RIAU",9,76,131,207
https://kawalpemilu.org#15541,"BENTENG HULU, MEMPURA, SIAK, RIAU",10,62,136,198
https://kawalpemilu.org#15542,"KAMPUNG TENGAH, MEMPURA, SIAK, RIAU",1,36,243,279
https://kawalpemilu.org#15543,"SUNGAIMEMPURA, MEMPURA, SIAK, RIAU",1,24,225,249
https://kawalpemilu.org#15543,"SUNGAIMEMPURA, MEMPURA, SIAK, RIAU",2,51,197,248
https://kawalpemilu.org#15543,"SUNGAIMEMPURA, MEMPURA, SIAK, RIAU",3,49,165,214
https://kawalpemilu.org#15543,"SUNGAIMEMPURA, MEMPURA, SIAK, RIAU",4,52,117,169
https://kawalpemilu.org#15543,"SUNGAIMEMPURA, MEMPURA, SIAK, RIAU",5,28,187,215
https://kawalpemilu.org#15543,"SUNGAIMEMPURA, MEMPURA, SIAK, RIAU",6,55,173,228
https://kawalpemilu.org#15543,"SUNGAIMEMPURA, MEMPURA, SIAK, RIAU",7,89,139,228
https://kawalpemilu.org#15543,"SUNGAIMEMPURA, MEMPURA, SIAK, RIAU",8,76,160,236
https://kawalpemilu.org#15543,"SUNGAIMEMPURA, MEMPURA, SIAK, RIAU",9,121,185,306
https://kawalpemilu.org#15544,"MEREMPAN HILIR, MEMPURA, SIAK, RIAU",1,85,184,269
https://kawalpemilu.org#15544,"MEREMPAN HILIR, MEMPURA, SIAK, RIAU",2,46,209,255
https://kawalpemilu.org#15544,"MEREMPAN HILIR, MEMPURA, SIAK, RIAU",3,12,150,162
https://kawalpemilu.org#15544,"MEREMPAN HILIR, MEMPURA, SIAK, RIAU",4,19,134,153
https://kawalpemilu.org#15544,"MEREMPAN HILIR, MEMPURA, SIAK, RIAU",5,35,149,184
https://kawalpemilu.org#15544,"MEREMPAN HILIR, MEMPURA, SIAK, RIAU",6,18,143,161
https://kawalpemilu.org#84526,"TELUKMEREMPAN, MEMPURA, SIAK, RIAU",1,53,120,173
https://kawalpemilu.org#84526,"TELUKMEREMPAN, MEMPURA, SIAK, RIAU",2,45,196,241
https://kawalpemilu.org#15546,"SUNGAI BERBARI, PUSAKO, SIAK, RIAU",1,131,109,240
https://kawalpemilu.org#15546,"SUNGAI BERBARI, PUSAKO, SIAK, RIAU",2,119,86,205
https://kawalpemilu.org#15547,"SUNGAI LIMAU, PUSAKO, SIAK, RIAU",1,43,107,150
https://kawalpemilu.org#15547,"SUNGAI LIMAU, PUSAKO, SIAK, RIAU",2,39,98,137
https://kawalpemilu.org#15547,"SUNGAI LIMAU, PUSAKO, SIAK, RIAU",3,65,126,191
https://kawalpemilu.org#15547,"SUNGAI LIMAU, PUSAKO, SIAK, RIAU",4,97,94,191
https://kawalpemilu.org#15548,"DOSAN, PUSAKO, SIAK, RIAU",1,69,113,182
https://kawalpemilu.org#15548,"DOSAN, PUSAKO, SIAK, RIAU",2,52,93,145
https://kawalpemilu.org#15548,"DOSAN, PUSAKO, SIAK, RIAU",3,73,106,179
https://kawalpemilu.org#15548,"DOSAN, PUSAKO, SIAK, RIAU",4,116,61,177
https://kawalpemilu.org#15549,"BENAYAH, PUSAKO, SIAK, RIAU",1,31,131,162
https://kawalpemilu.org#15549,"BENAYAH, PUSAKO, SIAK, RIAU",2,39,131,170
https://kawalpemilu.org#15549,"BENAYAH, PUSAKO, SIAK, RIAU",3,13,126,139
https://kawalpemilu.org#15549,"BENAYAH, PUSAKO, SIAK, RIAU",4,19,113,132
https://kawalpemilu.org#15549,"BENAYAH, PUSAKO, SIAK, RIAU",5,27,141,168
https://kawalpemilu.org#15549,"BENAYAH, PUSAKO, SIAK, RIAU",6,63,87,150
https://kawalpemilu.org#15550,"PEBADARAN, PUSAKO, SIAK, RIAU",1,76,136,212
https://kawalpemilu.org#15550,"PEBADARAN, PUSAKO, SIAK, RIAU",2,101,129,230
https://kawalpemilu.org#15551,"DUSUN PUSAKA, PUSAKO, SIAK, RIAU",1,58,143,201
https://kawalpemilu.org#15551,"DUSUN PUSAKA, PUSAKO, SIAK, RIAU",2,58,125,183
https://kawalpemilu.org#15552,"PERINCIT, PUSAKO, SIAK, RIAU",1,50,113,163
https://kawalpemilu.org#15552,"PERINCIT, PUSAKO, SIAK, RIAU",2,53,138,191
https://kawalpemilu.org#15555,"PASAR LUBUK JAMBI, KUANTAN MUDIK, KUANTAN SINGINGI, RIAU",1,10,139,149
https://kawalpemilu.org#15555,"PASAR LUBUK JAMBI, KUANTAN MUDIK, KUANTAN SINGINGI, RIAU",2,21,181,202
https://kawalpemilu.org#15559,"AIR BULUH, KUANTAN MUDIK, KUANTAN SINGINGI, RIAU",1,136,105,241
https://kawalpemilu.org#15559,"AIR BULUH, KUANTAN MUDIK, KUANTAN SINGINGI, RIAU",2,129,124,253
https://kawalpemilu.org#15560,"PANTAI, KUANTAN MUDIK, KUANTAN SINGINGI, RIAU",1,52,192,144
https://kawalpemilu.org#15560,"PANTAI, KUANTAN MUDIK, KUANTAN SINGINGI, RIAU",2,51,171,223
https://kawalpemilu.org#15560,"PANTAI, KUANTAN MUDIK, KUANTAN SINGINGI, RIAU",3,63,163,226
https://kawalpemilu.org#15560,"PANTAI, KUANTAN MUDIK, KUANTAN SINGINGI, RIAU",4,77,32,109
https://kawalpemilu.org#15560,"PANTAI, KUANTAN MUDIK, KUANTAN SINGINGI, RIAU",5,34,22,56
https://kawalpemilu.org#15560,"PANTAI, KUANTAN MUDIK, KUANTAN SINGINGI, RIAU",6,110,97,207
https://kawalpemilu.org#15560,"PANTAI, KUANTAN MUDIK, KUANTAN SINGINGI, RIAU",7,86,60,146
https://kawalpemilu.org#15562,"LUBUK RAMO, KUANTAN MUDIK, KUANTAN SINGINGI, RIAU",1,52,152,204
https://kawalpemilu.org#15562,"LUBUK RAMO, KUANTAN MUDIK, KUANTAN SINGINGI, RIAU",2,54,139,193
https://kawalpemilu.org#15562,"LUBUK RAMO, KUANTAN MUDIK, KUANTAN SINGINGI, RIAU",3,65,137,202
https://kawalpemilu.org#15562,"LUBUK RAMO, KUANTAN MUDIK, KUANTAN SINGINGI, RIAU",4,64,148,212
https://kawalpemilu.org#15563,"SEBERANG CENGAR, KUANTAN MUDIK, KUANTAN SINGINGI, RIAU",1,37,199,236
https://kawalpemilu.org#15563,"SEBERANG CENGAR, KUANTAN MUDIK, KUANTAN SINGINGI, RIAU",2,29,206,235
https://kawalpemilu.org#15563,"SEBERANG CENGAR, KUANTAN MUDIK, KUANTAN SINGINGI, RIAU",3,38,152,190
https://kawalpemilu.org#15563,"SEBERANG CENGAR, KUANTAN MUDIK, KUANTAN SINGINGI, RIAU",4,39,178,217
https://kawalpemilu.org#15564,"KOTO CENGAR, KUANTAN MUDIK, KUANTAN SINGINGI, RIAU",1,46,154,200
https://kawalpemilu.org#15564,"KOTO CENGAR, KUANTAN MUDIK, KUANTAN SINGINGI, RIAU",2,37,136,173
https://kawalpemilu.org#15564,"KOTO CENGAR, KUANTAN MUDIK, KUANTAN SINGINGI, RIAU",3,35,143,178
https://kawalpemilu.org#15564,"KOTO CENGAR, KUANTAN MUDIK, KUANTAN SINGINGI, RIAU",4,31,73,104
https://kawalpemilu.org#15565,"SANGAU, KUANTAN MUDIK, KUANTAN SINGINGI, RIAU",1,40,216,256
https://kawalpemilu.org#15565,"SANGAU, KUANTAN MUDIK, KUANTAN SINGINGI, RIAU",2,34,217,253
https://kawalpemilu.org#15565,"SANGAU, KUANTAN MUDIK, KUANTAN SINGINGI, RIAU",3,42,212,254
https://kawalpemilu.org#15566,"BANJAR PADANG, KUANTAN MUDIK, KUANTAN SINGINGI, RIAU",1,34,206,240
https://kawalpemilu.org#15566,"BANJAR PADANG, KUANTAN MUDIK, KUANTAN SINGINGI, RIAU",2,41,177,218
https://kawalpemilu.org#15566,"BANJAR PADANG, KUANTAN MUDIK, KUANTAN SINGINGI, RIAU",3,39,175,214
https://kawalpemilu.org#15567,"KASANG, KUANTAN MUDIK, KUANTAN SINGINGI, RIAU",1,22,210,232
https://kawalpemilu.org#15567,"KASANG, KUANTAN MUDIK, KUANTAN SINGINGI, RIAU",2,17,219,236
https://kawalpemilu.org#15567,"KASANG, KUANTAN MUDIK, KUANTAN SINGINGI, RIAU",3,14,190,204
https://kawalpemilu.org#15567,"KASANG, KUANTAN MUDIK, KUANTAN SINGINGI, RIAU",4,20,209,229
https://kawalpemilu.org#15568,"KOTO LUBUK JAMBI, KUANTAN MUDIK, KUANTAN SINGINGI, RIAU",1,26,198,224
https://kawalpemilu.org#15568,"KOTO LUBUK JAMBI, KUANTAN MUDIK, KUANTAN SINGINGI, RIAU",2,9,209,218
https://kawalpemilu.org#15569,"PULAU BINJAI, KUANTAN MUDIK, KUANTAN SINGINGI, RIAU",1,30,150,180
https://kawalpemilu.org#15569,"PULAU BINJAI, KUANTAN MUDIK, KUANTAN SINGINGI, RIAU",2,15,163,178
https://kawalpemilu.org#15569,"PULAU BINJAI, KUANTAN MUDIK, KUANTAN SINGINGI, RIAU",3,21,171,192
https://kawalpemilu.org#15570,"SEBERANG PANTAI, KUANTAN MUDIK, KUANTAN SINGINGI, RIAU",1,24,193,217
https://kawalpemilu.org#15570,"SEBERANG PANTAI, KUANTAN MUDIK, KUANTAN SINGINGI, RIAU",2,25,185,210
https://kawalpemilu.org#15570,"SEBERANG PANTAI, KUANTAN MUDIK, KUANTAN SINGINGI, RIAU",3,16,206,222
https://kawalpemilu.org#15571,"RANTAU SIALANG, KUANTAN MUDIK, KUANTAN SINGINGI, RIAU",1,15,252,267
https://kawalpemilu.org#15571,"RANTAU SIALANG, KUANTAN MUDIK, KUANTAN SINGINGI, RIAU",2,26,234,260
https://kawalpemilu.org#15572,"LUAI, KUANTAN MUDIK, KUANTAN SINGINGI, RIAU",1,37,197,234
https://kawalpemilu.org#15573,"BANJAR GUNTUNG, KUANTAN MUDIK, KUANTAN SINGINGI, RIAU",1,11,225,236
https://kawalpemilu.org#15573,"BANJAR GUNTUNG, KUANTAN MUDIK, KUANTAN SINGINGI, RIAU",2,10,232,242
https://kawalpemilu.org#15573,"BANJAR GUNTUNG, KUANTAN MUDIK, KUANTAN SINGINGI, RIAU",3,31,177,208
https://kawalpemilu.org#15574,"BUKIT PEDUSUNAN, KUANTAN MUDIK, KUANTAN SINGINGI, RIAU",1,31,230,261
https://kawalpemilu.org#15574,"BUKIT PEDUSUNAN, KUANTAN MUDIK, KUANTAN SINGINGI, RIAU",2,32,210,242
https://kawalpemilu.org#15574,"BUKIT PEDUSUNAN, KUANTAN MUDIK, KUANTAN SINGINGI, RIAU",3,24,228,252
https://kawalpemilu.org#15575,"SAIK, KUANTAN MUDIK, KUANTAN SINGINGI, RIAU",1,40,166,206
https://kawalpemilu.org#15575,"SAIK, KUANTAN MUDIK, KUANTAN SINGINGI, RIAU",2,49,168,217
https://kawalpemilu.org#15575,"SAIK, KUANTAN MUDIK, KUANTAN SINGINGI, RIAU",3,58,147,205
https://kawalpemilu.org#15576,"PEBAUN HULU, KUANTAN MUDIK, KUANTAN SINGINGI, RIAU",1,36,208,244
https://kawalpemilu.org#15576,"PEBAUN HULU, KUANTAN MUDIK, KUANTAN SINGINGI, RIAU",2,31,196,227
https://kawalpemilu.org#15577,"PEBAUN HILIR, KUANTAN MUDIK, KUANTAN SINGINGI, RIAU",1,32,169,201
https://kawalpemilu.org#15577,"PEBAUN HILIR, KUANTAN MUDIK, KUANTAN SINGINGI, RIAU",2,30,178,208
https://kawalpemilu.org#15577,"PEBAUN HILIR, KUANTAN MUDIK, KUANTAN SINGINGI, RIAU",3,41,185,226
https://kawalpemilu.org#15578,"KINALI, KUANTAN MUDIK, KUANTAN SINGINGI, RIAU",1,14,227,241
https://kawalpemilu.org#15578,"KINALI, KUANTAN MUDIK, KUANTAN SINGINGI, RIAU",2,15,226,241
https://kawalpemilu.org#15579,"BUKIT KAUMAN, KUANTAN MUDIK, KUANTAN SINGINGI, RIAU",1,18,177,195
https://kawalpemilu.org#15579,"BUKIT KAUMAN, KUANTAN MUDIK, KUANTAN SINGINGI, RIAU",2,8,157,165
https://kawalpemilu.org#15579,"BUKIT KAUMAN, KUANTAN MUDIK, KUANTAN SINGINGI, RIAU",3,28,171,199
https://kawalpemilu.org#15580,"AUR DURI, KUANTAN MUDIK, KUANTAN SINGINGI, RIAU",1,18,198,216
https://kawalpemilu.org#15581,"SUNGAI MANAU, KUANTAN MUDIK, KUANTAN SINGINGI, RIAU",1,31,218,249
https://kawalpemilu.org#15581,"SUNGAI MANAU, KUANTAN MUDIK, KUANTAN SINGINGI, RIAU",2,9,181,190
https://kawalpemilu.org#15584,"MUARO TOMBANG, KUANTAN MUDIK, KUANTAN SINGINGI, RIAU",1,15,164,179
https://kawalpemilu.org#15584,"MUARO TOMBANG, KUANTAN MUDIK, KUANTAN SINGINGI, RIAU",2,22,134,156
https://kawalpemilu.org#15586,"PASAR TALUK, KUANTAN TENGAH, KUANTAN SINGINGI, RIAU",1,112,73,185
https://kawalpemilu.org#15586,"PASAR TALUK, KUANTAN TENGAH, KUANTAN SINGINGI, RIAU",2,56,124,180
https://kawalpemilu.org#15586,"PASAR TALUK, KUANTAN TENGAH, KUANTAN SINGINGI, RIAU",3,24,179,203
https://kawalpemilu.org#15586,"PASAR TALUK, KUANTAN TENGAH, KUANTAN SINGINGI, RIAU",4,27,118,145
https://kawalpemilu.org#15587,"SIMPANG TIGA, KUANTAN TENGAH, KUANTAN SINGINGI, RIAU",1,63,168,231
https://kawalpemilu.org#15587,"SIMPANG TIGA, KUANTAN TENGAH, KUANTAN SINGINGI, RIAU",2,56,149,205
https://kawalpemilu.org#15587,"SIMPANG TIGA, KUANTAN TENGAH, KUANTAN SINGINGI, RIAU",3,74,160,234
https://kawalpemilu.org#15587,"SIMPANG TIGA, KUANTAN TENGAH, KUANTAN SINGINGI, RIAU",4,127,109,236
https://kawalpemilu.org#15587,"SIMPANG TIGA, KUANTAN TENGAH, KUANTAN SINGINGI, RIAU",5,26,230,256
https://kawalpemilu.org#15587,"SIMPANG TIGA, KUANTAN TENGAH, KUANTAN SINGINGI, RIAU",6,18,244,262
https://kawalpemilu.org#15587,"SIMPANG TIGA, KUANTAN TENGAH, KUANTAN SINGINGI, RIAU",7,72,173,245
https://kawalpemilu.org#15588,"SUNGAI JERING, KUANTAN TENGAH, KUANTAN SINGINGI, RIAU",1,107,158,265
https://kawalpemilu.org#15588,"SUNGAI JERING, KUANTAN TENGAH, KUANTAN SINGINGI, RIAU",2,85,174,259
https://kawalpemilu.org#15588,"SUNGAI JERING, KUANTAN TENGAH, KUANTAN SINGINGI, RIAU",3,70,210,280
https://kawalpemilu.org#15588,"SUNGAI JERING, KUANTAN TENGAH, KUANTAN SINGINGI, RIAU",4,88,174,262
https://kawalpemilu.org#15588,"SUNGAI JERING, KUANTAN TENGAH, KUANTAN SINGINGI, RIAU",5,75,181,256
https://kawalpemilu.org#15588,"SUNGAI JERING, KUANTAN TENGAH, KUANTAN SINGINGI, RIAU",6,135,155,290
https://kawalpemilu.org#15588,"SUNGAI JERING, KUANTAN TENGAH, KUANTAN SINGINGI, RIAU",7,130,115,245
https://kawalpemilu.org#15588,"SUNGAI JERING, KUANTAN TENGAH, KUANTAN SINGINGI, RIAU",8,61,299,290
https://kawalpemilu.org#15588,"SUNGAI JERING, KUANTAN TENGAH, KUANTAN SINGINGI, RIAU",9,67,156,223
https://kawalpemilu.org#15588,"SUNGAI JERING, KUANTAN TENGAH, KUANTAN SINGINGI, RIAU",10,53,181,234
https://kawalpemilu.org#15588,"SUNGAI JERING, KUANTAN TENGAH, KUANTAN SINGINGI, RIAU",11,121,120,241
https://kawalpemilu.org#15588,"SUNGAI JERING, KUANTAN TENGAH, KUANTAN SINGINGI, RIAU",12,95,150,245
https://kawalpemilu.org#15589,"BANDAR ALAI, KUANTAN TENGAH, KUANTAN SINGINGI, RIAU",1,14,175,189
https://kawalpemilu.org#15589,"BANDAR ALAI, KUANTAN TENGAH, KUANTAN SINGINGI, RIAU",2,30,150,180
https://kawalpemilu.org#15589,"BANDAR ALAI, KUANTAN TENGAH, KUANTAN SINGINGI, RIAU",3,15,168,183
https://kawalpemilu.org#15590,"PULAU KEDUNDUNG, KUANTAN TENGAH, KUANTAN SINGINGI, RIAU",1,50,169,219
https://kawalpemilu.org#15590,"PULAU KEDUNDUNG, KUANTAN TENGAH, KUANTAN SINGINGI, RIAU",2,31,189,220
https://kawalpemilu.org#15590,"PULAU KEDUNDUNG, KUANTAN TENGAH, KUANTAN SINGINGI, RIAU",3,24,186,210
https://kawalpemilu.org#15591,"PULAU ARO, KUANTAN TENGAH, KUANTAN SINGINGI, RIAU",1,20,184,204
https://kawalpemilu.org#15591,"PULAU ARO, KUANTAN TENGAH, KUANTAN SINGINGI, RIAU",2,48,223,271
https://kawalpemilu.org#15591,"PULAU ARO, KUANTAN TENGAH, KUANTAN SINGINGI, RIAU",3,18,136,154
https://kawalpemilu.org#15591,"PULAU ARO, KUANTAN TENGAH, KUANTAN SINGINGI, RIAU",4,40,176,216
https://kawalpemilu.org#15592,"SEBERANG TALUK, KUANTAN TENGAH, KUANTAN SINGINGI, RIAU",1,24,224,248
https://kawalpemilu.org#15592,"SEBERANG TALUK, KUANTAN TENGAH, KUANTAN SINGINGI, RIAU",2,19,203,222
https://kawalpemilu.org#15592,"SEBERANG TALUK, KUANTAN TENGAH, KUANTAN SINGINGI, RIAU",3,29,233,262
https://kawalpemilu.org#15592,"SEBERANG TALUK, KUANTAN TENGAH, KUANTAN SINGINGI, RIAU",4,18,248,266
https://kawalpemilu.org#15592,"SEBERANG TALUK, KUANTAN TENGAH, KUANTAN SINGINGI, RIAU",5,36,230,266
https://kawalpemilu.org#15592,"SEBERANG TALUK, KUANTAN TENGAH, KUANTAN SINGINGI, RIAU",6,22,8,30
https://kawalpemilu.org#15593,"PULAU BARU, KUANTAN TENGAH, KUANTAN SINGINGI, RIAU",1,22,133,155
https://kawalpemilu.org#15593,"PULAU BARU, KUANTAN TENGAH, KUANTAN SINGINGI, RIAU",2,97,145,242
https://kawalpemilu.org#15593,"PULAU BARU, KUANTAN TENGAH, KUANTAN SINGINGI, RIAU",3,64,110,174
https://kawalpemilu.org#15594,"KOTO TUO, KUANTAN TENGAH, KUANTAN SINGINGI, RIAU",1,43,98,141
https://kawalpemilu.org#15594,"KOTO TUO, KUANTAN TENGAH, KUANTAN SINGINGI, RIAU",2,59,152,211
https://kawalpemilu.org#15594,"KOTO TUO, KUANTAN TENGAH, KUANTAN SINGINGI, RIAU",3,105,46,151
https://kawalpemilu.org#15595,"KOPAH, KUANTAN TENGAH, KUANTAN SINGINGI, RIAU",2,34,149,183
https://kawalpemilu.org#15596,"MUNSALO, KUANTAN TENGAH, KUANTAN SINGINGI, RIAU",1,68,122,190
https://kawalpemilu.org#15596,"MUNSALO, KUANTAN TENGAH, KUANTAN SINGINGI, RIAU",2,117,150,267
https://kawalpemilu.org#15596,"MUNSALO, KUANTAN TENGAH, KUANTAN SINGINGI, RIAU",3,146,100,246
https://kawalpemilu.org#15596,"MUNSALO, KUANTAN TENGAH, KUANTAN SINGINGI, RIAU",4,54,14,68
https://kawalpemilu.org#15596,"MUNSALO, KUANTAN TENGAH, KUANTAN SINGINGI, RIAU",5,37,8,45
https://kawalpemilu.org#15602,"SAWAH, KUANTAN TENGAH, KUANTAN SINGINGI, RIAU",1,37,206,243
https://kawalpemilu.org#15602,"SAWAH, KUANTAN TENGAH, KUANTAN SINGINGI, RIAU",2,18,180,198
https://kawalpemilu.org#15602,"SAWAH, KUANTAN TENGAH, KUANTAN SINGINGI, RIAU",3,19,212,231
https://kawalpemilu.org#15602,"SAWAH, KUANTAN TENGAH, KUANTAN SINGINGI, RIAU",4,34,226,260
https://kawalpemilu.org#15602,"SAWAH, KUANTAN TENGAH, KUANTAN SINGINGI, RIAU",5,24,168,192
https://kawalpemilu.org#15602,"SAWAH, KUANTAN TENGAH, KUANTAN SINGINGI, RIAU",6,38,190,228
https://kawalpemilu.org#15603,"KOTO TALUK, KUANTAN TENGAH, KUANTAN SINGINGI, RIAU",1,39,194,233
https://kawalpemilu.org#15603,"KOTO TALUK, KUANTAN TENGAH, KUANTAN SINGINGI, RIAU",2,43,217,260
https://kawalpemilu.org#15603,"KOTO TALUK, KUANTAN TENGAH, KUANTAN SINGINGI, RIAU",3,38,184,222
https://kawalpemilu.org#15603,"KOTO TALUK, KUANTAN TENGAH, KUANTAN SINGINGI, RIAU",4,38,187,225
https://kawalpemilu.org#15603,"KOTO TALUK, KUANTAN TENGAH, KUANTAN SINGINGI, RIAU",5,46,217,263
https://kawalpemilu.org#15603,"KOTO TALUK, KUANTAN TENGAH, KUANTAN SINGINGI, RIAU",6,44,211,255
https://kawalpemilu.org#15603,"KOTO TALUK, KUANTAN TENGAH, KUANTAN SINGINGI, RIAU",7,33,202,235
https://kawalpemilu.org#15603,"KOTO TALUK, KUANTAN TENGAH, KUANTAN SINGINGI, RIAU",8,63,159,222
https://kawalpemilu.org#15603,"KOTO TALUK, KUANTAN TENGAH, KUANTAN SINGINGI, RIAU",9,38,136,174
https://kawalpemilu.org#15603,"KOTO TALUK, KUANTAN TENGAH, KUANTAN SINGINGI, RIAU",10,69,192,261
https://kawalpemilu.org#15603,"KOTO TALUK, KUANTAN TENGAH, KUANTAN SINGINGI, RIAU",11,45,216,261
https://kawalpemilu.org#15603,"KOTO TALUK, KUANTAN TENGAH, KUANTAN SINGINGI, RIAU",12,29,170,199
https://kawalpemilu.org#15604,"KOTO KARI, KUANTAN TENGAH, KUANTAN SINGINGI, RIAU",1,36,209,245
https://kawalpemilu.org#15604,"KOTO KARI, KUANTAN TENGAH, KUANTAN SINGINGI, RIAU",2,18,221,239
https://kawalpemilu.org#15604,"KOTO KARI, KUANTAN TENGAH, KUANTAN SINGINGI, RIAU",3,33,219,252
https://kawalpemilu.org#15604,"KOTO KARI, KUANTAN TENGAH, KUANTAN SINGINGI, RIAU",4,33,173,206
https://kawalpemilu.org#15604,"KOTO KARI, KUANTAN TENGAH, KUANTAN SINGINGI, RIAU",5,29,174,203
https://kawalpemilu.org#15605,"PINTU GOBANG, KUANTAN TENGAH, KUANTAN SINGINGI, RIAU",2,10,197,207
https://kawalpemilu.org#15605,"PINTU GOBANG, KUANTAN TENGAH, KUANTAN SINGINGI, RIAU",4,21,224,3
https://kawalpemilu.org#15605,"PINTU GOBANG, KUANTAN TENGAH, KUANTAN SINGINGI, RIAU",5,30,176,206
https://kawalpemilu.org#15605,"PINTU GOBANG, KUANTAN TENGAH, KUANTAN SINGINGI, RIAU",6,24,174,198
https://kawalpemilu.org#15606,"JAKE, KUANTAN TENGAH, KUANTAN SINGINGI, RIAU",1,171,106,277
https://kawalpemilu.org#15606,"JAKE, KUANTAN TENGAH, KUANTAN SINGINGI, RIAU",2,127,148,275
https://kawalpemilu.org#15606,"JAKE, KUANTAN TENGAH, KUANTAN SINGINGI, RIAU",3,63,182,245
https://kawalpemilu.org#15606,"JAKE, KUANTAN TENGAH, KUANTAN SINGINGI, RIAU",4,45,179,224
https://kawalpemilu.org#15606,"JAKE, KUANTAN TENGAH, KUANTAN SINGINGI, RIAU",5,50,199,249
https://kawalpemilu.org#15606,"JAKE, KUANTAN TENGAH, KUANTAN SINGINGI, RIAU",6,52,150,202
https://kawalpemilu.org#15606,"JAKE, KUANTAN TENGAH, KUANTAN SINGINGI, RIAU",7,138,111,249
https://kawalpemilu.org#15606,"JAKE, KUANTAN TENGAH, KUANTAN SINGINGI, RIAU",8,35,159,194
https://kawalpemilu.org#15606,"JAKE, KUANTAN TENGAH, KUANTAN SINGINGI, RIAU",9,66,134,200
https://kawalpemilu.org#15606,"JAKE, KUANTAN TENGAH, KUANTAN SINGINGI, RIAU",10,100,131,231
https://kawalpemilu.org#15606,"JAKE, KUANTAN TENGAH, KUANTAN SINGINGI, RIAU",11,164,105,269
https://kawalpemilu.org#15607,"PULAU GODANG KARI, KUANTAN TENGAH, KUANTAN SINGINGI, RIAU",1,23,250,273
https://kawalpemilu.org#15607,"PULAU GODANG KARI, KUANTAN TENGAH, KUANTAN SINGINGI, RIAU",2,29,221,250
https://kawalpemilu.org#15607,"PULAU GODANG KARI, KUANTAN TENGAH, KUANTAN SINGINGI, RIAU",3,47,203,250
https://kawalpemilu.org#15607,"PULAU GODANG KARI, KUANTAN TENGAH, KUANTAN SINGINGI, RIAU",4,53,165,218
https://kawalpemilu.org#15608,"JAYA, KUANTAN TENGAH, KUANTAN SINGINGI, RIAU",1,63,207,270
https://kawalpemilu.org#15608,"JAYA, KUANTAN TENGAH, KUANTAN SINGINGI, RIAU",2,39,211,250
https://kawalpemilu.org#15608,"JAYA, KUANTAN TENGAH, KUANTAN SINGINGI, RIAU",3,48,214,262
https://kawalpemilu.org#15608,"JAYA, KUANTAN TENGAH, KUANTAN SINGINGI, RIAU",4,35,209,244
https://kawalpemilu.org#15609,"BERINGIN TALUK, KUANTAN TENGAH, KUANTAN SINGINGI, RIAU",1,47,211,258
https://kawalpemilu.org#15609,"BERINGIN TALUK, KUANTAN TENGAH, KUANTAN SINGINGI, RIAU",2,42,172,214
https://kawalpemilu.org#15609,"BERINGIN TALUK, KUANTAN TENGAH, KUANTAN SINGINGI, RIAU",3,29,218,247
https://kawalpemilu.org#15609,"BERINGIN TALUK, KUANTAN TENGAH, KUANTAN SINGINGI, RIAU",4,48,192,240
https://kawalpemilu.org#15609,"BERINGIN TALUK, KUANTAN TENGAH, KUANTAN SINGINGI, RIAU",5,50,194,244
https://kawalpemilu.org#15609,"BERINGIN TALUK, KUANTAN TENGAH, KUANTAN SINGINGI, RIAU",6,51,174,225
https://kawalpemilu.org#15609,"BERINGIN TALUK, KUANTAN TENGAH, KUANTAN SINGINGI, RIAU",7,40,190,230
https://kawalpemilu.org#15609,"BERINGIN TALUK, KUANTAN TENGAH, KUANTAN SINGINGI, RIAU",8,42,210,252
https://kawalpemilu.org#15609,"BERINGIN TALUK, KUANTAN TENGAH, KUANTAN SINGINGI, RIAU",9,66,188,254
https://kawalpemilu.org#15610,"SITORAJO, KUANTAN TENGAH, KUANTAN SINGINGI, RIAU",1,23,221,244
https://kawalpemilu.org#15610,"SITORAJO, KUANTAN TENGAH, KUANTAN SINGINGI, RIAU",2,30,209,239
https://kawalpemilu.org#15610,"SITORAJO, KUANTAN TENGAH, KUANTAN SINGINGI, RIAU",3,24,228,252
https://kawalpemilu.org#15610,"SITORAJO, KUANTAN TENGAH, KUANTAN SINGINGI, RIAU",4,19,215,234
https://kawalpemilu.org#15610,"SITORAJO, KUANTAN TENGAH, KUANTAN SINGINGI, RIAU",5,38,200,238
https://kawalpemilu.org#15611,"SEBERANG TELUK HILIR, KUANTAN TENGAH, KUANTAN SINGINGI, RIAU",1,47,148,195
https://kawalpemilu.org#15611,"SEBERANG TELUK HILIR, KUANTAN TENGAH, KUANTAN SINGINGI, RIAU",2,23,179,202
https://kawalpemilu.org#15611,"SEBERANG TELUK HILIR, KUANTAN TENGAH, KUANTAN SINGINGI, RIAU",3,35,186,221
https://kawalpemilu.org#15611,"SEBERANG TELUK HILIR, KUANTAN TENGAH, KUANTAN SINGINGI, RIAU",4,51,10,61
https://kawalpemilu.org#15611,"SEBERANG TELUK HILIR, KUANTAN TENGAH, KUANTAN SINGINGI, RIAU",5,64,17,81
https://kawalpemilu.org#89349,"TITIAN MODANG KOPAH, KUANTAN TENGAH, KUANTAN SINGINGI, RIAU",1,41,195,236
https://kawalpemilu.org#89349,"TITIAN MODANG KOPAH, KUANTAN TENGAH, KUANTAN SINGINGI, RIAU",2,29,198,227
https://kawalpemilu.org#89349,"TITIAN MODANG KOPAH, KUANTAN TENGAH, KUANTAN SINGINGI, RIAU",3,32,193,225
https://kawalpemilu.org#89349,"TITIAN MODANG KOPAH, KUANTAN TENGAH, KUANTAN SINGINGI, RIAU",4,109,16,125
https://kawalpemilu.org#89349,"TITIAN MODANG KOPAH, KUANTAN TENGAH, KUANTAN SINGINGI, RIAU",5,22,145,167
https://kawalpemilu.org#89350,"PULAU BANJAR KARI, KUANTAN TENGAH, KUANTAN SINGINGI, RIAU",1,25,177,202
https://kawalpemilu.org#89350,"PULAU BANJAR KARI, KUANTAN TENGAH, KUANTAN SINGINGI, RIAU",2,14,189,203
https://kawalpemilu.org#15613,"MUARA LEMBU, SINGINGI, KUANTAN SINGINGI, RIAU",1,31,220,251
https://kawalpemilu.org#15613,"MUARA LEMBU, SINGINGI, KUANTAN SINGINGI, RIAU",2,30,186,216
https://kawalpemilu.org#15613,"MUARA LEMBU, SINGINGI, KUANTAN SINGINGI, RIAU",3,35,188,223
https://kawalpemilu.org#15613,"MUARA LEMBU, SINGINGI, KUANTAN SINGINGI, RIAU",4,26,209,235
https://kawalpemilu.org#15613,"MUARA LEMBU, SINGINGI, KUANTAN SINGINGI, RIAU",5,32,191,223
https://kawalpemilu.org#15613,"MUARA LEMBU, SINGINGI, KUANTAN SINGINGI, RIAU",6,34,186,220
https://kawalpemilu.org#15613,"MUARA LEMBU, SINGINGI, KUANTAN SINGINGI, RIAU",7,51,186,237
https://kawalpemilu.org#15613,"MUARA LEMBU, SINGINGI, KUANTAN SINGINGI, RIAU",8,37,206,243
https://kawalpemilu.org#15613,"MUARA LEMBU, SINGINGI, KUANTAN SINGINGI, RIAU",9,42,181,223
https://kawalpemilu.org#15613,"MUARA LEMBU, SINGINGI, KUANTAN SINGINGI, RIAU",10,46,197,243
https://kawalpemilu.org#15613,"MUARA LEMBU, SINGINGI, KUANTAN SINGINGI, RIAU",11,51,163,214
https://kawalpemilu.org#15614,"PANGKALAN INDARUNG, SINGINGI, KUANTAN SINGINGI, RIAU",1,71,123,194
https://kawalpemilu.org#15614,"PANGKALAN INDARUNG, SINGINGI, KUANTAN SINGINGI, RIAU",2,51,154,205
https://kawalpemilu.org#15614,"PANGKALAN INDARUNG, SINGINGI, KUANTAN SINGINGI, RIAU",3,43,172,215
https://kawalpemilu.org#15614,"PANGKALAN INDARUNG, SINGINGI, KUANTAN SINGINGI, RIAU",4,50,171,221
https://kawalpemilu.org#15614,"PANGKALAN INDARUNG, SINGINGI, KUANTAN SINGINGI, RIAU",5,60,170,230
https://kawalpemilu.org#15615,"PULAU PADANG, SINGINGI, KUANTAN SINGINGI, RIAU",1,52,124,176
https://kawalpemilu.org#15615,"PULAU PADANG, SINGINGI, KUANTAN SINGINGI, RIAU",2,60,101,161
https://kawalpemilu.org#15615,"PULAU PADANG, SINGINGI, KUANTAN SINGINGI, RIAU",3,66,118,184
https://kawalpemilu.org#15615,"PULAU PADANG, SINGINGI, KUANTAN SINGINGI, RIAU",4,59,112,171
https://kawalpemilu.org#15616,"LOGAS, SINGINGI, KUANTAN SINGINGI, RIAU",1,40,175,215
https://kawalpemilu.org#15616,"LOGAS, SINGINGI, KUANTAN SINGINGI, RIAU",2,73,153,226
https://kawalpemilu.org#15616,"LOGAS, SINGINGI, KUANTAN SINGINGI, RIAU",3,99,141,240
https://kawalpemilu.org#15616,"LOGAS, SINGINGI, KUANTAN SINGINGI, RIAU",4,87,128,215
https://kawalpemilu.org#15616,"LOGAS, SINGINGI, KUANTAN SINGINGI, RIAU",5,86,92,178
https://kawalpemilu.org#15617,"KEBUN LADO, SINGINGI, KUANTAN SINGINGI, RIAU",1,56,191,247
https://kawalpemilu.org#15617,"KEBUN LADO, SINGINGI, KUANTAN SINGINGI, RIAU",2,79,160,239
https://kawalpemilu.org#15617,"KEBUN LADO, SINGINGI, KUANTAN SINGINGI, RIAU",3,83,158,241
https://kawalpemilu.org#15617,"KEBUN LADO, SINGINGI, KUANTAN SINGINGI, RIAU",4,66,154,220
https://kawalpemilu.org#15618,"SUNGAI KUNING, SINGINGI, KUANTAN SINGINGI, RIAU",1,135,83,218
https://kawalpemilu.org#15618,"SUNGAI KUNING, SINGINGI, KUANTAN SINGINGI, RIAU",2,137,97,234
https://kawalpemilu.org#15618,"SUNGAI KUNING, SINGINGI, KUANTAN SINGINGI, RIAU",3,160,94,254
https://kawalpemilu.org#15618,"SUNGAI KUNING, SINGINGI, KUANTAN SINGINGI, RIAU",4,147,92,239
https://kawalpemilu.org#15618,"SUNGAI KUNING, SINGINGI, KUANTAN SINGINGI, RIAU",5,158,69,227
https://kawalpemilu.org#15618,"SUNGAI KUNING, SINGINGI, KUANTAN SINGINGI, RIAU",6,107,109,216
https://kawalpemilu.org#15618,"SUNGAI KUNING, SINGINGI, KUANTAN SINGINGI, RIAU",7,170,38,208
https://kawalpemilu.org#15618,"SUNGAI KUNING, SINGINGI, KUANTAN SINGINGI, RIAU",8,187,29,216
https://kawalpemilu.org#15618,"SUNGAI KUNING, SINGINGI, KUANTAN SINGINGI, RIAU",9,129,102,231
https://kawalpemilu.org#15619,"SUNGAI SIRIH, SINGINGI, KUANTAN SINGINGI, RIAU",1,169,87,256
https://kawalpemilu.org#15619,"SUNGAI SIRIH, SINGINGI, KUANTAN SINGINGI, RIAU",2,118,101,219
https://kawalpemilu.org#15619,"SUNGAI SIRIH, SINGINGI, KUANTAN SINGINGI, RIAU",3,157,86,243
https://kawalpemilu.org#15619,"SUNGAI SIRIH, SINGINGI, KUANTAN SINGINGI, RIAU",4,122,100,222
https://kawalpemilu.org#15619,"SUNGAI SIRIH, SINGINGI, KUANTAN SINGINGI, RIAU",5,141,96,237
https://kawalpemilu.org#15619,"SUNGAI SIRIH, SINGINGI, KUANTAN SINGINGI, RIAU",6,158,74,232
https://kawalpemilu.org#15619,"SUNGAI SIRIH, SINGINGI, KUANTAN SINGINGI, RIAU",7,163,70,233
https://kawalpemilu.org#15619,"SUNGAI SIRIH, SINGINGI, KUANTAN SINGINGI, RIAU",8,124,72,196
https://kawalpemilu.org#15620,"SUNGAI BAWANG, SINGINGI, KUANTAN SINGINGI, RIAU",1,154,67,221
https://kawalpemilu.org#15620,"SUNGAI BAWANG, SINGINGI, KUANTAN SINGINGI, RIAU",2,173,44,217
https://kawalpemilu.org#15620,"SUNGAI BAWANG, SINGINGI, KUANTAN SINGINGI, RIAU",3,144,65,209
https://kawalpemilu.org#15620,"SUNGAI BAWANG, SINGINGI, KUANTAN SINGINGI, RIAU",4,185,50,235
https://kawalpemilu.org#15621,"AIR EMAS, SINGINGI, KUANTAN SINGINGI, RIAU",1,156,69,225
https://kawalpemilu.org#15621,"AIR EMAS, SINGINGI, KUANTAN SINGINGI, RIAU",2,143,69,212
https://kawalpemilu.org#15621,"AIR EMAS, SINGINGI, KUANTAN SINGINGI, RIAU",3,181,52,233
https://kawalpemilu.org#15621,"AIR EMAS, SINGINGI, KUANTAN SINGINGI, RIAU",4,173,61,234
https://kawalpemilu.org#15621,"AIR EMAS, SINGINGI, KUANTAN SINGINGI, RIAU",5,149,71,220
https://kawalpemilu.org#15621,"AIR EMAS, SINGINGI, KUANTAN SINGINGI, RIAU",6,150,87,237
https://kawalpemilu.org#15622,"PASIR EMAS, SINGINGI, KUANTAN SINGINGI, RIAU",1,166,74,240
https://kawalpemilu.org#15622,"PASIR EMAS, SINGINGI, KUANTAN SINGINGI, RIAU",2,177,59,236
https://kawalpemilu.org#15622,"PASIR EMAS, SINGINGI, KUANTAN SINGINGI, RIAU",3,185,57,242
https://kawalpemilu.org#15622,"PASIR EMAS, SINGINGI, KUANTAN SINGINGI, RIAU",4,185,71,256
https://kawalpemilu.org#15622,"PASIR EMAS, SINGINGI, KUANTAN SINGINGI, RIAU",5,149,79,228
https://kawalpemilu.org#15622,"PASIR EMAS, SINGINGI, KUANTAN SINGINGI, RIAU",6,189,69,258
https://kawalpemilu.org#15623,"PETAI BARU, SINGINGI, KUANTAN SINGINGI, RIAU",1,148,77,225
https://kawalpemilu.org#15623,"PETAI BARU, SINGINGI, KUANTAN SINGINGI, RIAU",2,162,46,208
https://kawalpemilu.org#15623,"PETAI BARU, SINGINGI, KUANTAN SINGINGI, RIAU",3,160,54,214
https://kawalpemilu.org#15623,"PETAI BARU, SINGINGI, KUANTAN SINGINGI, RIAU",4,146,61,207
https://kawalpemilu.org#15623,"PETAI BARU, SINGINGI, KUANTAN SINGINGI, RIAU",5,151,59,210
https://kawalpemilu.org#15624,"SUNGAI KERANJI, SINGINGI, KUANTAN SINGINGI, RIAU",1,171,77,248
https://kawalpemilu.org#15624,"SUNGAI KERANJI, SINGINGI, KUANTAN SINGINGI, RIAU",2,173,61,234
https://kawalpemilu.org#15624,"SUNGAI KERANJI, SINGINGI, KUANTAN SINGINGI, RIAU",3,164,71,235
https://kawalpemilu.org#15624,"SUNGAI KERANJI, SINGINGI, KUANTAN SINGINGI, RIAU",4,205,49,254
https://kawalpemilu.org#15624,"SUNGAI KERANJI, SINGINGI, KUANTAN SINGINGI, RIAU",5,145,77,222
https://kawalpemilu.org#15624,"SUNGAI KERANJI, SINGINGI, KUANTAN SINGINGI, RIAU",6,189,40,229
https://kawalpemilu.org#15624,"SUNGAI KERANJI, SINGINGI, KUANTAN SINGINGI, RIAU",7,97,35,132
https://kawalpemilu.org#15625,"SUMBER DATAR, SINGINGI, KUANTAN SINGINGI, RIAU",1,202,25,227
https://kawalpemilu.org#15625,"SUMBER DATAR, SINGINGI, KUANTAN SINGINGI, RIAU",2,167,48,215
https://kawalpemilu.org#15625,"SUMBER DATAR, SINGINGI, KUANTAN SINGINGI, RIAU",3,172,55,227
https://kawalpemilu.org#15625,"SUMBER DATAR, SINGINGI, KUANTAN SINGINGI, RIAU",4,181,45,226
https://kawalpemilu.org#15625,"SUMBER DATAR, SINGINGI, KUANTAN SINGINGI, RIAU",5,180,55,235
https://kawalpemilu.org#15625,"SUMBER DATAR, SINGINGI, KUANTAN SINGINGI, RIAU",6,59,30,89
https://kawalpemilu.org#89356,"LOGAS HILIR, SINGINGI, KUANTAN SINGINGI, RIAU",1,46,156,202
https://kawalpemilu.org#89356,"LOGAS HILIR, SINGINGI, KUANTAN SINGINGI, RIAU",2,77,149,226
https://kawalpemilu.org#89356,"LOGAS HILIR, SINGINGI, KUANTAN SINGINGI, RIAU",3,48,196,247
https://kawalpemilu.org#89356,"LOGAS HILIR, SINGINGI, KUANTAN SINGINGI, RIAU",4,41,77,118
https://kawalpemilu.org#15627,"PASAR USANG BASERAH, KUANTAN HILIR, KUANTAN SINGINGI, RIAU",1,45,140,185
https://kawalpemilu.org#15627,"PASAR USANG BASERAH, KUANTAN HILIR, KUANTAN SINGINGI, RIAU",2,39,183,222
https://kawalpemilu.org#15628,"PASAR BARU BASERAH, KUANTAN HILIR, KUANTAN SINGINGI, RIAU",1,25,181,206
https://kawalpemilu.org#15628,"PASAR BARU BASERAH, KUANTAN HILIR, KUANTAN SINGINGI, RIAU",2,41,181,222
https://kawalpemilu.org#15628,"PASAR BARU BASERAH, KUANTAN HILIR, KUANTAN SINGINGI, RIAU",3,56,159,215
https://kawalpemilu.org#15628,"PASAR BARU BASERAH, KUANTAN HILIR, KUANTAN SINGINGI, RIAU",4,32,161,193
https://kawalpemilu.org#15628,"PASAR BARU BASERAH, KUANTAN HILIR, KUANTAN SINGINGI, RIAU",5,15,203,218
https://kawalpemilu.org#15628,"PASAR BARU BASERAH, KUANTAN HILIR, KUANTAN SINGINGI, RIAU",6,44,138,182
https://kawalpemilu.org#15629,"SIMPANG TANAH LAPANG, KUANTAN HILIR, KUANTAN SINGINGI, RIAU",1,28,211,239
https://kawalpemilu.org#15629,"SIMPANG TANAH LAPANG, KUANTAN HILIR, KUANTAN SINGINGI, RIAU",2,48,208,256
https://kawalpemilu.org#15630,"RAWANG BONTO, KUANTAN HILIR, KUANTAN SINGINGI, RIAU",1,21,113,134
https://kawalpemilu.org#15630,"RAWANG BONTO, KUANTAN HILIR, KUANTAN SINGINGI, RIAU",2,16,111,127
https://kawalpemilu.org#15631,"KOTO TUO, KUANTAN HILIR, KUANTAN SINGINGI, RIAU",1,9,117,126
https://kawalpemilu.org#15631,"KOTO TUO, KUANTAN HILIR, KUANTAN SINGINGI, RIAU",2,9,130,139
https://kawalpemilu.org#15632,"BANUARAN, KUANTAN HILIR, KUANTAN SINGINGI, RIAU",1,22,156,178
https://kawalpemilu.org#15632,"BANUARAN, KUANTAN HILIR, KUANTAN SINGINGI, RIAU",2,26,145,171
https://kawalpemilu.org#15633,"KAMPUNG MADURA, KUANTAN HILIR, KUANTAN SINGINGI, RIAU",1,21,124,145
https://kawalpemilu.org#15633,"KAMPUNG MADURA, KUANTAN HILIR, KUANTAN SINGINGI, RIAU",2,22,141,163
https://kawalpemilu.org#15635,"PULAU KIJANG, KUANTAN HILIR, KUANTAN SINGINGI, RIAU",1,56,182,238
https://kawalpemilu.org#15635,"PULAU KIJANG, KUANTAN HILIR, KUANTAN SINGINGI, RIAU",2,29,218,247
https://kawalpemilu.org#15635,"PULAU KIJANG, KUANTAN HILIR, KUANTAN SINGINGI, RIAU",3,35,199,234
https://kawalpemilu.org#15641,"PULAU MADINAH, KUANTAN HILIR, KUANTAN SINGINGI, RIAU",1,15,177,192
https://kawalpemilu.org#15642,"KAMPUNG TENGAH, KUANTAN HILIR, KUANTAN SINGINGI, RIAU",1,22,237,259
https://kawalpemilu.org#15643,"KAMPUNG MEDAN, KUANTAN HILIR, KUANTAN SINGINGI, RIAU",1,18,201,219
https://kawalpemilu.org#15643,"KAMPUNG MEDAN, KUANTAN HILIR, KUANTAN SINGINGI, RIAU",2,39,176,215
https://kawalpemilu.org#15643,"KAMPUNG MEDAN, KUANTAN HILIR, KUANTAN SINGINGI, RIAU",3,15,206,221
https://kawalpemilu.org#15643,"KAMPUNG MEDAN, KUANTAN HILIR, KUANTAN SINGINGI, RIAU",4,19,195,214
https://kawalpemilu.org#15643,"KAMPUNG MEDAN, KUANTAN HILIR, KUANTAN SINGINGI, RIAU",5,12,176,189
https://kawalpemilu.org#15643,"KAMPUNG MEDAN, KUANTAN HILIR, KUANTAN SINGINGI, RIAU",6,15,189,204
https://kawalpemilu.org#15644,"KEPALA PULAU, KUANTAN HILIR, KUANTAN SINGINGI, RIAU",1,30,114,144
https://kawalpemilu.org#15644,"KEPALA PULAU, KUANTAN HILIR, KUANTAN SINGINGI, RIAU",2,13,208,221
https://kawalpemilu.org#15644,"KEPALA PULAU, KUANTAN HILIR, KUANTAN SINGINGI, RIAU",3,18,195,213
https://kawalpemilu.org#15644,"KEPALA PULAU, KUANTAN HILIR, KUANTAN SINGINGI, RIAU",4,18,205,223
https://kawalpemilu.org#15644,"KEPALA PULAU, KUANTAN HILIR, KUANTAN SINGINGI, RIAU",5,26,199,225
https://kawalpemilu.org#15645,"TERATAK BARU, KUANTAN HILIR, KUANTAN SINGINGI, RIAU",1,22,148,170
https://kawalpemilu.org#15645,"TERATAK BARU, KUANTAN HILIR, KUANTAN SINGINGI, RIAU",2,21,143,164
https://kawalpemilu.org#15645,"TERATAK BARU, KUANTAN HILIR, KUANTAN SINGINGI, RIAU",3,46,118,164
https://kawalpemilu.org#15646,"DUSUN TUO, KUANTAN HILIR, KUANTAN SINGINGI, RIAU",1,15,241,256
https://kawalpemilu.org#15646,"DUSUN TUO, KUANTAN HILIR, KUANTAN SINGINGI, RIAU",2,15,217,232
https://kawalpemilu.org#15654,"GUNUNG MELINTANG, KUANTAN HILIR, KUANTAN SINGINGI, RIAU",1,29,185,214
https://kawalpemilu.org#15654,"GUNUNG MELINTANG, KUANTAN HILIR, KUANTAN SINGINGI, RIAU",2,20,178,198
https://kawalpemilu.org#15654,"GUNUNG MELINTANG, KUANTAN HILIR, KUANTAN SINGINGI, RIAU",3,36,129,165
https://kawalpemilu.org#89364,"SIMPANG PULAU BERALO, KUANTAN HILIR, KUANTAN SINGINGI, RIAU",1,22,216,238
https://kawalpemilu.org#15656,"PASAR CERENTI, CERENTI, KUANTAN SINGINGI, RIAU",1,16,138,154
https://kawalpemilu.org#15656,"PASAR CERENTI, CERENTI, KUANTAN SINGINGI, RIAU",2,25,163,188
https://kawalpemilu.org#15657,"KOTO PERAKU, CERENTI, KUANTAN SINGINGI, RIAU",1,33,178,211
https://kawalpemilu.org#15657,"KOTO PERAKU, CERENTI, KUANTAN SINGINGI, RIAU",2,20,213,233
https://kawalpemilu.org#15658,"KOMPE BERANGIN, CERENTI, KUANTAN SINGINGI, RIAU",1,29,170,199
https://kawalpemilu.org#15658,"KOMPE BERANGIN, CERENTI, KUANTAN SINGINGI, RIAU",2,30,153,183
https://kawalpemilu.org#15658,"KOMPE BERANGIN, CERENTI, KUANTAN SINGINGI, RIAU",3,21,158,179
https://kawalpemilu.org#15658,"KOMPE BERANGIN, CERENTI, KUANTAN SINGINGI, RIAU",4,49,118,167
https://kawalpemilu.org#15659,"SIKAKAK, CERENTI, KUANTAN SINGINGI, RIAU",1,23,169,192
https://kawalpemilu.org#15659,"SIKAKAK, CERENTI, KUANTAN SINGINGI, RIAU",2,19,186,205
https://kawalpemilu.org#15659,"SIKAKAK, CERENTI, KUANTAN SINGINGI, RIAU",3,15,174,189
https://kawalpemilu.org#15659,"SIKAKAK, CERENTI, KUANTAN SINGINGI, RIAU",4,24,171,195
https://kawalpemilu.org#15659,"SIKAKAK, CERENTI, KUANTAN SINGINGI, RIAU",5,13,166,179
https://kawalpemilu.org#15659,"SIKAKAK, CERENTI, KUANTAN SINGINGI, RIAU",6,35,175,210
https://kawalpemilu.org#15660,"KAMPUNG BARU, CERENTI, KUANTAN SINGINGI, RIAU",1,23,209,232
https://kawalpemilu.org#15660,"KAMPUNG BARU, CERENTI, KUANTAN SINGINGI, RIAU",2,27,155,182
https://kawalpemilu.org#15660,"KAMPUNG BARU, CERENTI, KUANTAN SINGINGI, RIAU",3,24,200,224
https://kawalpemilu.org#15661,"PULAU JAMBU, CERENTI, KUANTAN SINGINGI, RIAU",1,24,103,127
https://kawalpemilu.org#15661,"PULAU JAMBU, CERENTI, KUANTAN SINGINGI, RIAU",2,13,101,114
https://kawalpemilu.org#15661,"PULAU JAMBU, CERENTI, KUANTAN SINGINGI, RIAU",3,43,153,196
https://kawalpemilu.org#15662,"KOTO CERENTI, CERENTI, KUANTAN SINGINGI, RIAU",1,23,179,202
https://kawalpemilu.org#15662,"KOTO CERENTI, CERENTI, KUANTAN SINGINGI, RIAU",3,22,144,166
https://kawalpemilu.org#15662,"KOTO CERENTI, CERENTI, KUANTAN SINGINGI, RIAU",4,15,144,159
https://kawalpemilu.org#15663,"PULAU BAYUR, CERENTI, KUANTAN SINGINGI, RIAU",1,22,206,228
https://kawalpemilu.org#15663,"PULAU BAYUR, CERENTI, KUANTAN SINGINGI, RIAU",2,22,138,160
https://kawalpemilu.org#15663,"PULAU BAYUR, CERENTI, KUANTAN SINGINGI, RIAU",3,16,193,209
https://kawalpemilu.org#15663,"PULAU BAYUR, CERENTI, KUANTAN SINGINGI, RIAU",4,15,183,198
https://kawalpemilu.org#15663,"PULAU BAYUR, CERENTI, KUANTAN SINGINGI, RIAU",5,12,108,120
https://kawalpemilu.org#15664,"PULAU PANJANG CERENTI, CERENTI, KUANTAN SINGINGI, RIAU",3,64,132,196
https://kawalpemilu.org#15665,"PESIKAIAN, CERENTI, KUANTAN SINGINGI, RIAU",1,61,156,217
https://kawalpemilu.org#15665,"PESIKAIAN, CERENTI, KUANTAN SINGINGI, RIAU",2,54,131,185
https://kawalpemilu.org#15665,"PESIKAIAN, CERENTI, KUANTAN SINGINGI, RIAU",3,81,119,200
https://kawalpemilu.org#15665,"PESIKAIAN, CERENTI, KUANTAN SINGINGI, RIAU",4,66,130,196
https://kawalpemilu.org#15665,"PESIKAIAN, CERENTI, KUANTAN SINGINGI, RIAU",6,88,51,139
https://kawalpemilu.org#15666,"TELUK PAUH, CERENTI, KUANTAN SINGINGI, RIAU",1,79,105,184
https://kawalpemilu.org#15666,"TELUK PAUH, CERENTI, KUANTAN SINGINGI, RIAU",2,66,73,139
https://kawalpemilu.org#15667,"TANJUNG MEDAN, CERENTI, KUANTAN SINGINGI, RIAU",1,23,202,225
https://kawalpemilu.org#15667,"TANJUNG MEDAN, CERENTI, KUANTAN SINGINGI, RIAU",2,24,179,203
https://kawalpemilu.org#15667,"TANJUNG MEDAN, CERENTI, KUANTAN SINGINGI, RIAU",3,18,208,226
https://kawalpemilu.org#89366,"KAMPUNG BARU TIMUR, CERENTI, KUANTAN SINGINGI, RIAU",1,17,208,225
https://kawalpemilu.org#89366,"KAMPUNG BARU TIMUR, CERENTI, KUANTAN SINGINGI, RIAU",2,27,195,222
https://kawalpemilu.org#89366,"KAMPUNG BARU TIMUR, CERENTI, KUANTAN SINGINGI, RIAU",3,24,166,190
https://kawalpemilu.org#89366,"KAMPUNG BARU TIMUR, CERENTI, KUANTAN SINGINGI, RIAU",4,22,180,202
https://kawalpemilu.org#15669,"BENAI, BENAI, KUANTAN SINGINGI, RIAU",1,32,186,218
https://kawalpemilu.org#15669,"BENAI, BENAI, KUANTAN SINGINGI, RIAU",2,41,167,208
https://kawalpemilu.org#15669,"BENAI, BENAI, KUANTAN SINGINGI, RIAU",3,26,180,206
https://kawalpemilu.org#15669,"BENAI, BENAI, KUANTAN SINGINGI, RIAU",4,17,180,197
https://kawalpemilu.org#15671,"BANJAR BENAI, BENAI, KUANTAN SINGINGI, RIAU",1,36,174,210
https://kawalpemilu.org#15671,"BANJAR BENAI, BENAI, KUANTAN SINGINGI, RIAU",2,19,189,208
https://kawalpemilu.org#15671,"BANJAR BENAI, BENAI, KUANTAN SINGINGI, RIAU",3,28,233,261
https://kawalpemilu.org#15671,"BANJAR BENAI, BENAI, KUANTAN SINGINGI, RIAU",4,106,99,205
https://kawalpemilu.org#15671,"BANJAR BENAI, BENAI, KUANTAN SINGINGI, RIAU",5,148,53,201
https://kawalpemilu.org#15671,"BANJAR BENAI, BENAI, KUANTAN SINGINGI, RIAU",6,111,22,133
https://kawalpemilu.org#15671,"BANJAR BENAI, BENAI, KUANTAN SINGINGI, RIAU",7,67,12,79
https://kawalpemilu.org#15671,"BANJAR BENAI, BENAI, KUANTAN SINGINGI, RIAU",8,111,38,149
https://kawalpemilu.org#15671,"BANJAR BENAI, BENAI, KUANTAN SINGINGI, RIAU",9,18,22,40
https://kawalpemilu.org#15672,"TALONTAM, BENAI, KUANTAN SINGINGI, RIAU",1,14,135,149
https://kawalpemilu.org#15672,"TALONTAM, BENAI, KUANTAN SINGINGI, RIAU",2,13,136,149
https://kawalpemilu.org#15672,"TALONTAM, BENAI, KUANTAN SINGINGI, RIAU",3,12,107,119
https://kawalpemilu.org#15672,"TALONTAM, BENAI, KUANTAN SINGINGI, RIAU",4,26,211,237
https://kawalpemilu.org#15673,"GUNUNG KESIANGAN, BENAI, KUANTAN SINGINGI, RIAU",1,46,178,224
https://kawalpemilu.org#15673,"GUNUNG KESIANGAN, BENAI, KUANTAN SINGINGI, RIAU",2,36,196,232
https://kawalpemilu.org#15674,"PULAU KALIMANTING, BENAI, KUANTAN SINGINGI, RIAU",1,22,133,155
https://kawalpemilu.org#15674,"PULAU KALIMANTING, BENAI, KUANTAN SINGINGI, RIAU",2,12,128,140
https://kawalpemilu.org#15675,"BANJAR LOPAK, BENAI, KUANTAN SINGINGI, RIAU",1,52,182,234
https://kawalpemilu.org#15675,"BANJAR LOPAK, BENAI, KUANTAN SINGINGI, RIAU",2,41,176,217
https://kawalpemilu.org#15676,"TANJUNG SIMANDOLAK, BENAI, KUANTAN SINGINGI, RIAU",1,39,115,154
https://kawalpemilu.org#15676,"TANJUNG SIMANDOLAK, BENAI, KUANTAN SINGINGI, RIAU",2,29,124,153
https://kawalpemilu.org#15677,"SIBERAKUN, BENAI, KUANTAN SINGINGI, RIAU",1,37,181,218
https://kawalpemilu.org#15677,"SIBERAKUN, BENAI, KUANTAN SINGINGI, RIAU",3,26,193,219
https://kawalpemilu.org#15678,"PULAU TONGAH, BENAI, KUANTAN SINGINGI, RIAU",1,17,144,161
https://kawalpemilu.org#15678,"PULAU TONGAH, BENAI, KUANTAN SINGINGI, RIAU",2,8,230,238
https://kawalpemilu.org#15679,"UJUNG TANJUNG, BENAI, KUANTAN SINGINGI, RIAU",1,39,175,214
https://kawalpemilu.org#15679,"UJUNG TANJUNG, BENAI, KUANTAN SINGINGI, RIAU",2,12,128,140
https://kawalpemilu.org#15680,"PULAU INGU, BENAI, KUANTAN SINGINGI, RIAU",1,18,198,216
https://kawalpemilu.org#15680,"PULAU INGU, BENAI, KUANTAN SINGINGI, RIAU",2,17,197,214
https://kawalpemilu.org#15680,"PULAU INGU, BENAI, KUANTAN SINGINGI, RIAU",3,25,200,225
https://kawalpemilu.org#15680,"PULAU INGU, BENAI, KUANTAN SINGINGI, RIAU",4,19,186,205
https://kawalpemilu.org#15681,"SIMANDOLAK, BENAI, KUANTAN SINGINGI, RIAU",1,23,207,230
https://kawalpemilu.org#15681,"SIMANDOLAK, BENAI, KUANTAN SINGINGI, RIAU",2,26,223,249
https://kawalpemilu.org#15681,"SIMANDOLAK, BENAI, KUANTAN SINGINGI, RIAU",3,25,227,252
https://kawalpemilu.org#15681,"SIMANDOLAK, BENAI, KUANTAN SINGINGI, RIAU",4,28,231,259
https://kawalpemilu.org#15682,"TEBING TINGGI, BENAI, KUANTAN SINGINGI, RIAU",1,27,228,255
https://kawalpemilu.org#15682,"TEBING TINGGI, BENAI, KUANTAN SINGINGI, RIAU",2,31,230,261
https://kawalpemilu.org#15682,"TEBING TINGGI, BENAI, KUANTAN SINGINGI, RIAU",3,34,202,236
https://kawalpemilu.org#15682,"TEBING TINGGI, BENAI, KUANTAN SINGINGI, RIAU",4,38,206,244
https://kawalpemilu.org#15683,"PULAU LANCANG, BENAI, KUANTAN SINGINGI, RIAU",1,28,187,215
https://kawalpemilu.org#15683,"PULAU LANCANG, BENAI, KUANTAN SINGINGI, RIAU",2,32,176,208
https://kawalpemilu.org#15684,"BENAI KECIL, BENAI, KUANTAN SINGINGI, RIAU",1,17,194,211
https://kawalpemilu.org#15684,"BENAI KECIL, BENAI, KUANTAN SINGINGI, RIAU",2,19,188,207
https://kawalpemilu.org#15689,"KOTO BENAI, BENAI, KUANTAN SINGINGI, RIAU",1,22,234,256
https://kawalpemilu.org#15696,"PULAU MUNGKUR, GUNUNGTOAR, KUANTAN SINGINGI, RIAU",1,33,210,243
https://kawalpemilu.org#15696,"PULAU MUNGKUR, GUNUNGTOAR, KUANTAN SINGINGI, RIAU",2,20,216,236
https://kawalpemilu.org#15696,"PULAU MUNGKUR, GUNUNGTOAR, KUANTAN SINGINGI, RIAU",3,23,203,226
https://kawalpemilu.org#15697,"TELUK BERINGIN, GUNUNGTOAR, KUANTAN SINGINGI, RIAU",1,11,196,207
https://kawalpemilu.org#15697,"TELUK BERINGIN, GUNUNGTOAR, KUANTAN SINGINGI, RIAU",2,16,218,9
https://kawalpemilu.org#15697,"TELUK BERINGIN, GUNUNGTOAR, KUANTAN SINGINGI, RIAU",3,16,216,232
https://kawalpemilu.org#15697,"TELUK BERINGIN, GUNUNGTOAR, KUANTAN SINGINGI, RIAU",4,15,204,219
https://kawalpemilu.org#15698,"PULAU RUMPUT, GUNUNGTOAR, KUANTAN SINGINGI, RIAU",1,37,193,230
https://kawalpemilu.org#15698,"PULAU RUMPUT, GUNUNGTOAR, KUANTAN SINGINGI, RIAU",2,29,202,231
https://kawalpemilu.org#15699,"SEBERANG GUNUNG, GUNUNGTOAR, KUANTAN SINGINGI, RIAU",1,17,176,193
https://kawalpemilu.org#15699,"SEBERANG GUNUNG, GUNUNGTOAR, KUANTAN SINGINGI, RIAU",2,22,139,161
https://kawalpemilu.org#15700,"TEBERAU PANJANG, GUNUNGTOAR, KUANTAN SINGINGI, RIAU",1,19,171,190
https://kawalpemilu.org#15700,"TEBERAU PANJANG, GUNUNGTOAR, KUANTAN SINGINGI, RIAU",2,13,167,180
https://kawalpemilu.org#15700,"TEBERAU PANJANG, GUNUNGTOAR, KUANTAN SINGINGI, RIAU",3,21,200,221
https://kawalpemilu.org#15700,"TEBERAU PANJANG, GUNUNGTOAR, KUANTAN SINGINGI, RIAU",4,31,183,214
https://kawalpemilu.org#15701,"KOTO GUNUNG, GUNUNGTOAR, KUANTAN SINGINGI, RIAU",1,13,230,243
https://kawalpemilu.org#15701,"KOTO GUNUNG, GUNUNGTOAR, KUANTAN SINGINGI, RIAU",2,25,164,189
https://kawalpemilu.org#15702,"GUNUNG, GUNUNGTOAR, KUANTAN SINGINGI, RIAU",1,20,143,163
https://kawalpemilu.org#15702,"GUNUNG, GUNUNGTOAR, KUANTAN SINGINGI, RIAU",3,31,126,157
https://kawalpemilu.org#15703,"TOAR, GUNUNGTOAR, KUANTAN SINGINGI, RIAU",1,26,154,180
https://kawalpemilu.org#15703,"TOAR, GUNUNGTOAR, KUANTAN SINGINGI, RIAU",2,33,141,174
https://kawalpemilu.org#15703,"TOAR, GUNUNGTOAR, KUANTAN SINGINGI, RIAU",3,27,170,197
https://kawalpemilu.org#15704,"PETAPAHAN, GUNUNGTOAR, KUANTAN SINGINGI, RIAU",1,73,169,242
https://kawalpemilu.org#15704,"PETAPAHAN, GUNUNGTOAR, KUANTAN SINGINGI, RIAU",3,36,202,238
https://kawalpemilu.org#15704,"PETAPAHAN, GUNUNGTOAR, KUANTAN SINGINGI, RIAU",4,51,180,231
https://kawalpemilu.org#15705,"KAMPUNG BARU, GUNUNGTOAR, KUANTAN SINGINGI, RIAU",1,26,203,229
https://kawalpemilu.org#15705,"KAMPUNG BARU, GUNUNGTOAR, KUANTAN SINGINGI, RIAU",2,31,188,219
https://kawalpemilu.org#15705,"KAMPUNG BARU, GUNUNGTOAR, KUANTAN SINGINGI, RIAU",3,29,185,214
https://kawalpemilu.org#15705,"KAMPUNG BARU, GUNUNGTOAR, KUANTAN SINGINGI, RIAU",4,38,161,199
https://kawalpemilu.org#15706,"PISANG BEREBUS, GUNUNGTOAR, KUANTAN SINGINGI, RIAU",1,0,0,0
https://kawalpemilu.org#15706,"PISANG BEREBUS, GUNUNGTOAR, KUANTAN SINGINGI, RIAU",2,40,154,194
https://kawalpemilu.org#15706,"PISANG BEREBUS, GUNUNGTOAR, KUANTAN SINGINGI, RIAU",3,21,169,190
https://kawalpemilu.org#15707,"LUBUK TERENTANG, GUNUNGTOAR, KUANTAN SINGINGI, RIAU",1,19,160,179
https://kawalpemilu.org#15707,"LUBUK TERENTANG, GUNUNGTOAR, KUANTAN SINGINGI, RIAU",2,17,190,207
https://kawalpemilu.org#15708,"SIBEROBAH, GUNUNGTOAR, KUANTAN SINGINGI, RIAU",1,20,174,194
https://kawalpemilu.org#15708,"SIBEROBAH, GUNUNGTOAR, KUANTAN SINGINGI, RIAU",2,15,84,99
https://kawalpemilu.org#89367,"SEBERANG SUNGAI, GUNUNGTOAR, KUANTAN SINGINGI, RIAU",1,11,160,171
https://kawalpemilu.org#89367,"SEBERANG SUNGAI, GUNUNGTOAR, KUANTAN SINGINGI, RIAU",2,10,167,177
https://kawalpemilu.org#89367,"SEBERANG SUNGAI, GUNUNGTOAR, KUANTAN SINGINGI, RIAU",3,64,49,113
https://kawalpemilu.org#15710,"KOTO BARU, SINGINGI HILIR, KUANTAN SINGINGI, RIAU",1,44,206,250
https://kawalpemilu.org#15710,"KOTO BARU, SINGINGI HILIR, KUANTAN SINGINGI, RIAU",2,37,230,267
https://kawalpemilu.org#15710,"KOTO BARU, SINGINGI HILIR, KUANTAN SINGINGI, RIAU",3,44,219,263
https://kawalpemilu.org#15710,"KOTO BARU, SINGINGI HILIR, KUANTAN SINGINGI, RIAU",4,47,209,256
https://kawalpemilu.org#15710,"KOTO BARU, SINGINGI HILIR, KUANTAN SINGINGI, RIAU",5,58,187,245
https://kawalpemilu.org#15710,"KOTO BARU, SINGINGI HILIR, KUANTAN SINGINGI, RIAU",6,76,153,229
https://kawalpemilu.org#15710,"KOTO BARU, SINGINGI HILIR, KUANTAN SINGINGI, RIAU",7,94,45,139
https://kawalpemilu.org#15710,"KOTO BARU, SINGINGI HILIR, KUANTAN SINGINGI, RIAU",8,34,210,244
https://kawalpemilu.org#15710,"KOTO BARU, SINGINGI HILIR, KUANTAN SINGINGI, RIAU",9,57,54,111
https://kawalpemilu.org#15711,"PETAI, SINGINGI HILIR, KUANTAN SINGINGI, RIAU",1,47,128,175
https://kawalpemilu.org#15711,"PETAI, SINGINGI HILIR, KUANTAN SINGINGI, RIAU",2,44,154,198
https://kawalpemilu.org#15711,"PETAI, SINGINGI HILIR, KUANTAN SINGINGI, RIAU",3,44,156,200
https://kawalpemilu.org#15711,"PETAI, SINGINGI HILIR, KUANTAN SINGINGI, RIAU",4,52,112,164
https://kawalpemilu.org#15711,"PETAI, SINGINGI HILIR, KUANTAN SINGINGI, RIAU",5,55,197,252
https://kawalpemilu.org#15711,"PETAI, SINGINGI HILIR, KUANTAN SINGINGI, RIAU",6,70,151,221
https://kawalpemilu.org#15711,"PETAI, SINGINGI HILIR, KUANTAN SINGINGI, RIAU",7,51,29,80
https://kawalpemilu.org#15712,"SUNGAI PAKU, SINGINGI HILIR, KUANTAN SINGINGI, RIAU",1,75,147,222
https://kawalpemilu.org#15712,"SUNGAI PAKU, SINGINGI HILIR, KUANTAN SINGINGI, RIAU",2,44,164,208
https://kawalpemilu.org#15712,"SUNGAI PAKU, SINGINGI HILIR, KUANTAN SINGINGI, RIAU",3,59,185,244
https://kawalpemilu.org#15712,"SUNGAI PAKU, SINGINGI HILIR, KUANTAN SINGINGI, RIAU",4,69,138,207
https://kawalpemilu.org#15712,"SUNGAI PAKU, SINGINGI HILIR, KUANTAN SINGINGI, RIAU",5,101,67,168
https://kawalpemilu.org#15713,"TANJUNG PAUH, SINGINGI HILIR, KUANTAN SINGINGI, RIAU",1,130,117,247
https://kawalpemilu.org#15713,"TANJUNG PAUH, SINGINGI HILIR, KUANTAN SINGINGI, RIAU",2,76,165,241
https://kawalpemilu.org#15713,"TANJUNG PAUH, SINGINGI HILIR, KUANTAN SINGINGI, RIAU",3,85,204,289
https://kawalpemilu.org#15713,"TANJUNG PAUH, SINGINGI HILIR, KUANTAN SINGINGI, RIAU",4,55,244,299
https://kawalpemilu.org#15713,"TANJUNG PAUH, SINGINGI HILIR, KUANTAN SINGINGI, RIAU",5,78,175,253
https://kawalpemilu.org#15714,"SIMPANG RAYA, SINGINGI HILIR, KUANTAN SINGINGI, RIAU",1,198,31,229
https://kawalpemilu.org#15714,"SIMPANG RAYA, SINGINGI HILIR, KUANTAN SINGINGI, RIAU",2,139,62,201
https://kawalpemilu.org#15714,"SIMPANG RAYA, SINGINGI HILIR, KUANTAN SINGINGI, RIAU",3,176,52,228
https://kawalpemilu.org#15714,"SIMPANG RAYA, SINGINGI HILIR, KUANTAN SINGINGI, RIAU",4,160,64,224
https://kawalpemilu.org#15714,"SIMPANG RAYA, SINGINGI HILIR, KUANTAN SINGINGI, RIAU",5,169,59,228
https://kawalpemilu.org#15714,"SIMPANG RAYA, SINGINGI HILIR, KUANTAN SINGINGI, RIAU",6,160,40,200
https://kawalpemilu.org#15714,"SIMPANG RAYA, SINGINGI HILIR, KUANTAN SINGINGI, RIAU",7,162,46,208
https://kawalpemilu.org#15714,"SIMPANG RAYA, SINGINGI HILIR, KUANTAN SINGINGI, RIAU",8,113,38,151
https://kawalpemilu.org#15714,"SIMPANG RAYA, SINGINGI HILIR, KUANTAN SINGINGI, RIAU",9,135,43,178
https://kawalpemilu.org#15715,"SUNGAI BULUH, SINGINGI HILIR, KUANTAN SINGINGI, RIAU",1,198,75,273
https://kawalpemilu.org#15715,"SUNGAI BULUH, SINGINGI HILIR, KUANTAN SINGINGI, RIAU",2,214,44,258
https://kawalpemilu.org#15715,"SUNGAI BULUH, SINGINGI HILIR, KUANTAN SINGINGI, RIAU",3,197,58,255
https://kawalpemilu.org#15715,"SUNGAI BULUH, SINGINGI HILIR, KUANTAN SINGINGI, RIAU",4,180,58,238
https://kawalpemilu.org#15715,"SUNGAI BULUH, SINGINGI HILIR, KUANTAN SINGINGI, RIAU",5,153,92,245
https://kawalpemilu.org#15715,"SUNGAI BULUH, SINGINGI HILIR, KUANTAN SINGINGI, RIAU",6,147,82,229
https://kawalpemilu.org#15715,"SUNGAI BULUH, SINGINGI HILIR, KUANTAN SINGINGI, RIAU",7,163,90,253
https://kawalpemilu.org#15715,"SUNGAI BULUH, SINGINGI HILIR, KUANTAN SINGINGI, RIAU",8,196,68,264
https://kawalpemilu.org#15715,"SUNGAI BULUH, SINGINGI HILIR, KUANTAN SINGINGI, RIAU",9,175,68,243
https://kawalpemilu.org#15715,"SUNGAI BULUH, SINGINGI HILIR, KUANTAN SINGINGI, RIAU",10,181,76,257
https://kawalpemilu.org#15715,"SUNGAI BULUH, SINGINGI HILIR, KUANTAN SINGINGI, RIAU",11,176,44,220
https://kawalpemilu.org#15715,"SUNGAI BULUH, SINGINGI HILIR, KUANTAN SINGINGI, RIAU",12,183,34,217
https://kawalpemilu.org#15716,"SUKA DAMAI, SINGINGI HILIR, KUANTAN SINGINGI, RIAU",1,156,76,232
https://kawalpemilu.org#15716,"SUKA DAMAI, SINGINGI HILIR, KUANTAN SINGINGI, RIAU",2,160,71,231
https://kawalpemilu.org#15716,"SUKA DAMAI, SINGINGI HILIR, KUANTAN SINGINGI, RIAU",3,164,75,239
https://kawalpemilu.org#15716,"SUKA DAMAI, SINGINGI HILIR, KUANTAN SINGINGI, RIAU",4,134,121,255
https://kawalpemilu.org#15716,"SUKA DAMAI, SINGINGI HILIR, KUANTAN SINGINGI, RIAU",5,135,106,241
https://kawalpemilu.org#15717,"SUMBER JAYA, SINGINGI HILIR, KUANTAN SINGINGI, RIAU",1,150,69,219
https://kawalpemilu.org#15717,"SUMBER JAYA, SINGINGI HILIR, KUANTAN SINGINGI, RIAU",2,120,92,212
https://kawalpemilu.org#15717,"SUMBER JAYA, SINGINGI HILIR, KUANTAN SINGINGI, RIAU",3,171,66,237
https://kawalpemilu.org#15717,"SUMBER JAYA, SINGINGI HILIR, KUANTAN SINGINGI, RIAU",4,146,80,226
https://kawalpemilu.org#15717,"SUMBER JAYA, SINGINGI HILIR, KUANTAN SINGINGI, RIAU",5,138,52,190
https://kawalpemilu.org#15717,"SUMBER JAYA, SINGINGI HILIR, KUANTAN SINGINGI, RIAU",6,142,78,220
https://kawalpemilu.org#15717,"SUMBER JAYA, SINGINGI HILIR, KUANTAN SINGINGI, RIAU",7,147,71,218
https://kawalpemilu.org#15717,"SUMBER JAYA, SINGINGI HILIR, KUANTAN SINGINGI, RIAU",8,126,57,183
https://kawalpemilu.org#15718,"MUARA BAHAN, SINGINGI HILIR, KUANTAN SINGINGI, RIAU",1,150,55,205
https://kawalpemilu.org#15718,"MUARA BAHAN, SINGINGI HILIR, KUANTAN SINGINGI, RIAU",2,150,63,213
https://kawalpemilu.org#15718,"MUARA BAHAN, SINGINGI HILIR, KUANTAN SINGINGI, RIAU",3,180,64,244
https://kawalpemilu.org#15718,"MUARA BAHAN, SINGINGI HILIR, KUANTAN SINGINGI, RIAU",4,198,46,244
https://kawalpemilu.org#15718,"MUARA BAHAN, SINGINGI HILIR, KUANTAN SINGINGI, RIAU",5,190,62,252
https://kawalpemilu.org#15718,"MUARA BAHAN, SINGINGI HILIR, KUANTAN SINGINGI, RIAU",6,197,68,265
https://kawalpemilu.org#15718,"MUARA BAHAN, SINGINGI HILIR, KUANTAN SINGINGI, RIAU",7,130,36,166
https://kawalpemilu.org#15718,"MUARA BAHAN, SINGINGI HILIR, KUANTAN SINGINGI, RIAU",8,149,38,187
https://kawalpemilu.org#15719,"BUKIT RAYA, SINGINGI HILIR, KUANTAN SINGINGI, RIAU",1,89,116,205
https://kawalpemilu.org#15719,"BUKIT RAYA, SINGINGI HILIR, KUANTAN SINGINGI, RIAU",2,84,133,217
https://kawalpemilu.org#15719,"BUKIT RAYA, SINGINGI HILIR, KUANTAN SINGINGI, RIAU",3,85,70,155
https://kawalpemilu.org#15719,"BUKIT RAYA, SINGINGI HILIR, KUANTAN SINGINGI, RIAU",4,203,34,237
https://kawalpemilu.org#15719,"BUKIT RAYA, SINGINGI HILIR, KUANTAN SINGINGI, RIAU",5,121,61,182
https://kawalpemilu.org#15720,"BERINGIN JAYA, SINGINGI HILIR, KUANTAN SINGINGI, RIAU",1,156,29,185
https://kawalpemilu.org#15720,"BERINGIN JAYA, SINGINGI HILIR, KUANTAN SINGINGI, RIAU",2,171,45,216
https://kawalpemilu.org#15720,"BERINGIN JAYA, SINGINGI HILIR, KUANTAN SINGINGI, RIAU",3,131,28,159
https://kawalpemilu.org#15720,"BERINGIN JAYA, SINGINGI HILIR, KUANTAN SINGINGI, RIAU",4,156,29,185
https://kawalpemilu.org#15720,"BERINGIN JAYA, SINGINGI HILIR, KUANTAN SINGINGI, RIAU",5,203,47,250
https://kawalpemilu.org#15720,"BERINGIN JAYA, SINGINGI HILIR, KUANTAN SINGINGI, RIAU",6,203,39,242
https://kawalpemilu.org#15720,"BERINGIN JAYA, SINGINGI HILIR, KUANTAN SINGINGI, RIAU",7,115,23,138
https://kawalpemilu.org#15720,"BERINGIN JAYA, SINGINGI HILIR, KUANTAN SINGINGI, RIAU",8,201,46,247
https://kawalpemilu.org#15720,"BERINGIN JAYA, SINGINGI HILIR, KUANTAN SINGINGI, RIAU",9,160,12,172
https://kawalpemilu.org#15720,"BERINGIN JAYA, SINGINGI HILIR, KUANTAN SINGINGI, RIAU",10,159,15,174
https://kawalpemilu.org#15720,"BERINGIN JAYA, SINGINGI HILIR, KUANTAN SINGINGI, RIAU",11,192,44,236
https://kawalpemilu.org#15720,"BERINGIN JAYA, SINGINGI HILIR, KUANTAN SINGINGI, RIAU",12,188,79,267
https://kawalpemilu.org#15721,"SUKA MAJU, SINGINGI HILIR, KUANTAN SINGINGI, RIAU",1,157,87,244
https://kawalpemilu.org#15721,"SUKA MAJU, SINGINGI HILIR, KUANTAN SINGINGI, RIAU",2,197,70,267
https://kawalpemilu.org#15721,"SUKA MAJU, SINGINGI HILIR, KUANTAN SINGINGI, RIAU",3,195,93,288
https://kawalpemilu.org#15721,"SUKA MAJU, SINGINGI HILIR, KUANTAN SINGINGI, RIAU",5,146,72,218
https://kawalpemilu.org#15721,"SUKA MAJU, SINGINGI HILIR, KUANTAN SINGINGI, RIAU",6,144,69,213
https://kawalpemilu.org#15721,"SUKA MAJU, SINGINGI HILIR, KUANTAN SINGINGI, RIAU",7,183,63,246
https://kawalpemilu.org#15721,"SUKA MAJU, SINGINGI HILIR, KUANTAN SINGINGI, RIAU",8,198,66,264
https://kawalpemilu.org#15721,"SUKA MAJU, SINGINGI HILIR, KUANTAN SINGINGI, RIAU",9,175,56,231
https://kawalpemilu.org#15721,"SUKA MAJU, SINGINGI HILIR, KUANTAN SINGINGI, RIAU",10,143,97,240
https://kawalpemilu.org#15721,"SUKA MAJU, SINGINGI HILIR, KUANTAN SINGINGI, RIAU",11,104,106,210
https://kawalpemilu.org#15721,"SUKA MAJU, SINGINGI HILIR, KUANTAN SINGINGI, RIAU",12,175,86,261
https://kawalpemilu.org#15721,"SUKA MAJU, SINGINGI HILIR, KUANTAN SINGINGI, RIAU",13,118,46,164
https://kawalpemilu.org#15723,"PASAR BARU PANGEAN, PANGEAN, KUANTAN SINGINGI, RIAU",1,31,195,226
https://kawalpemilu.org#15723,"PASAR BARU PANGEAN, PANGEAN, KUANTAN SINGINGI, RIAU",2,15,215,230
https://kawalpemilu.org#15723,"PASAR BARU PANGEAN, PANGEAN, KUANTAN SINGINGI, RIAU",3,19,208,227
https://kawalpemilu.org#15723,"PASAR BARU PANGEAN, PANGEAN, KUANTAN SINGINGI, RIAU",4,25,193,218
https://kawalpemilu.org#15723,"PASAR BARU PANGEAN, PANGEAN, KUANTAN SINGINGI, RIAU",5,31,189,220
https://kawalpemilu.org#15723,"PASAR BARU PANGEAN, PANGEAN, KUANTAN SINGINGI, RIAU",6,17,201,218
https://kawalpemilu.org#15723,"PASAR BARU PANGEAN, PANGEAN, KUANTAN SINGINGI, RIAU",7,18,186,204
https://kawalpemilu.org#15723,"PASAR BARU PANGEAN, PANGEAN, KUANTAN SINGINGI, RIAU",8,19,208,227
https://kawalpemilu.org#15723,"PASAR BARU PANGEAN, PANGEAN, KUANTAN SINGINGI, RIAU",9,56,170,226
https://kawalpemilu.org#15723,"PASAR BARU PANGEAN, PANGEAN, KUANTAN SINGINGI, RIAU",10,36,202,238
https://kawalpemilu.org#15724,"KOTO PANGEAN, PANGEAN, KUANTAN SINGINGI, RIAU",1,18,104,122
https://kawalpemilu.org#15724,"KOTO PANGEAN, PANGEAN, KUANTAN SINGINGI, RIAU",2,9,153,162
https://kawalpemilu.org#15725,"PULAU KUMPAI, PANGEAN, KUANTAN SINGINGI, RIAU",1,28,189,217
https://kawalpemilu.org#15725,"PULAU KUMPAI, PANGEAN, KUANTAN SINGINGI, RIAU",2,18,160,178
https://kawalpemilu.org#15725,"PULAU KUMPAI, PANGEAN, KUANTAN SINGINGI, RIAU",3,19,182,201
https://kawalpemilu.org#15725,"PULAU KUMPAI, PANGEAN, KUANTAN SINGINGI, RIAU",4,53,142,195
https://kawalpemilu.org#15726,"PULAU TONGAH, PANGEAN, KUANTAN SINGINGI, RIAU",1,20,164,184
https://kawalpemilu.org#15726,"PULAU TONGAH, PANGEAN, KUANTAN SINGINGI, RIAU",2,16,181,197
https://kawalpemilu.org#15727,"PULAU DERAS, PANGEAN, KUANTAN SINGINGI, RIAU",1,48,133,181
https://kawalpemilu.org#15727,"PULAU DERAS, PANGEAN, KUANTAN SINGINGI, RIAU",2,32,144,176
https://kawalpemilu.org#15727,"PULAU DERAS, PANGEAN, KUANTAN SINGINGI, RIAU",3,34,150,184
https://kawalpemilu.org#15728,"TELUK PAUH, PANGEAN, KUANTAN SINGINGI, RIAU",1,14,215,229
https://kawalpemilu.org#15729,"TANAH BEKALI, PANGEAN, KUANTAN SINGINGI, RIAU",1,21,209,230
https://kawalpemilu.org#15729,"TANAH BEKALI, PANGEAN, KUANTAN SINGINGI, RIAU",2,28,214,242
https://kawalpemilu.org#15729,"TANAH BEKALI, PANGEAN, KUANTAN SINGINGI, RIAU",3,8,165,173
https://kawalpemilu.org#15730,"PADANG TANGGUNG, PANGEAN, KUANTAN SINGINGI, RIAU",1,16,196,212
https://kawalpemilu.org#15731,"PADANG KUNIK, PANGEAN, KUANTAN SINGINGI, RIAU",1,18,197,215
https://kawalpemilu.org#15731,"PADANG KUNIK, PANGEAN, KUANTAN SINGINGI, RIAU",2,15,200,215
https://kawalpemilu.org#15732,"PEMBATANG, PANGEAN, KUANTAN SINGINGI, RIAU",1,14,216,230
https://kawalpemilu.org#15732,"PEMBATANG, PANGEAN, KUANTAN SINGINGI, RIAU",2,13,204,217
https://kawalpemilu.org#15732,"PEMBATANG, PANGEAN, KUANTAN SINGINGI, RIAU",3,14,214,228
https://kawalpemilu.org#15733,"PAUH ANGIT, PANGEAN, KUANTAN SINGINGI, RIAU",1,25,200,225
https://kawalpemilu.org#15733,"PAUH ANGIT, PANGEAN, KUANTAN SINGINGI, RIAU",2,33,175,208
https://kawalpemilu.org#15733,"PAUH ANGIT, PANGEAN, KUANTAN SINGINGI, RIAU",3,30,211,241
https://kawalpemilu.org#15734,"SUKAPING, PANGEAN, KUANTAN SINGINGI, RIAU",1,28,182,210
https://kawalpemilu.org#15734,"SUKAPING, PANGEAN, KUANTAN SINGINGI, RIAU",2,36,170,206
https://kawalpemilu.org#15735,"PULAU RENGAS, PANGEAN, KUANTAN SINGINGI, RIAU",1,48,132,180
https://kawalpemilu.org#15735,"PULAU RENGAS, PANGEAN, KUANTAN SINGINGI, RIAU",2,40,180,220
https://kawalpemilu.org#15736,"RAWANG BINJAI, PANGEAN, KUANTAN SINGINGI, RIAU",1,46,128,174
https://kawalpemilu.org#15736,"RAWANG BINJAI, PANGEAN, KUANTAN SINGINGI, RIAU",2,22,132,154
https://kawalpemilu.org#89368,"SAKO, PANGEAN, KUANTAN SINGINGI, RIAU",1,28,214,242
https://kawalpemilu.org#89368,"SAKO, PANGEAN, KUANTAN SINGINGI, RIAU",3,61,183,244
https://kawalpemilu.org#89368,"SAKO, PANGEAN, KUANTAN SINGINGI, RIAU",4,157,88,245
https://kawalpemilu.org#89368,"SAKO, PANGEAN, KUANTAN SINGINGI, RIAU",5,144,72,216
https://kawalpemilu.org#89369,"SUNGAI LANGSAT, PANGEAN, KUANTAN SINGINGI, RIAU",1,96,91,187
https://kawalpemilu.org#89369,"SUNGAI LANGSAT, PANGEAN, KUANTAN SINGINGI, RIAU",2,71,31,102
https://kawalpemilu.org#89369,"SUNGAI LANGSAT, PANGEAN, KUANTAN SINGINGI, RIAU",3,104,123,227
https://kawalpemilu.org#89369,"SUNGAI LANGSAT, PANGEAN, KUANTAN SINGINGI, RIAU",4,130,100,230
https://kawalpemilu.org#89369,"SUNGAI LANGSAT, PANGEAN, KUANTAN SINGINGI, RIAU",6,102,130,232
https://kawalpemilu.org#89369,"SUNGAI LANGSAT, PANGEAN, KUANTAN SINGINGI, RIAU",7,124,22,146
https://kawalpemilu.org#89369,"SUNGAI LANGSAT, PANGEAN, KUANTAN SINGINGI, RIAU",8,107,32,139
https://kawalpemilu.org#89370,"PAUH ANGIT HULU, PANGEAN, KUANTAN SINGINGI, RIAU",2,35,211,246
https://kawalpemilu.org#15738,"PERHENTIAN LUAS, LOGAS TANAH DARAT, KUANTAN SINGINGI, RIAU",1,29,203,232
https://kawalpemilu.org#15738,"PERHENTIAN LUAS, LOGAS TANAH DARAT, KUANTAN SINGINGI, RIAU",2,39,185,224
https://kawalpemilu.org#15738,"PERHENTIAN LUAS, LOGAS TANAH DARAT, KUANTAN SINGINGI, RIAU",3,55,189,244
https://kawalpemilu.org#15738,"PERHENTIAN LUAS, LOGAS TANAH DARAT, KUANTAN SINGINGI, RIAU",4,46,137,183
https://kawalpemilu.org#15738,"PERHENTIAN LUAS, LOGAS TANAH DARAT, KUANTAN SINGINGI, RIAU",5,43,170,213
https://kawalpemilu.org#15738,"PERHENTIAN LUAS, LOGAS TANAH DARAT, KUANTAN SINGINGI, RIAU",6,23,161,184
https://kawalpemilu.org#15738,"PERHENTIAN LUAS, LOGAS TANAH DARAT, KUANTAN SINGINGI, RIAU",7,51,169,220
https://kawalpemilu.org#15739,"LOGAS, LOGAS TANAH DARAT, KUANTAN SINGINGI, RIAU",1,69,160,229
https://kawalpemilu.org#15739,"LOGAS, LOGAS TANAH DARAT, KUANTAN SINGINGI, RIAU",2,57,151,208
https://kawalpemilu.org#15739,"LOGAS, LOGAS TANAH DARAT, KUANTAN SINGINGI, RIAU",3,117,16,133
https://kawalpemilu.org#15740,"LUBUK KEBUN, LOGAS TANAH DARAT, KUANTAN SINGINGI, RIAU",1,90,128,218
https://kawalpemilu.org#15740,"LUBUK KEBUN, LOGAS TANAH DARAT, KUANTAN SINGINGI, RIAU",2,190,22,212
https://kawalpemilu.org#15740,"LUBUK KEBUN, LOGAS TANAH DARAT, KUANTAN SINGINGI, RIAU",3,166,14,180
https://kawalpemilu.org#15741,"SUNGAI RAMBAI, LOGAS TANAH DARAT, KUANTAN SINGINGI, RIAU",1,51,126,177
https://kawalpemilu.org#15742,"SITUGAL, LOGAS TANAH DARAT, KUANTAN SINGINGI, RIAU",1,79,44,123
https://kawalpemilu.org#15742,"SITUGAL, LOGAS TANAH DARAT, KUANTAN SINGINGI, RIAU",2,123,32,155
https://kawalpemilu.org#15743,"RAMBAHAN, LOGAS TANAH DARAT, KUANTAN SINGINGI, RIAU",1,21,158,179
https://kawalpemilu.org#15743,"RAMBAHAN, LOGAS TANAH DARAT, KUANTAN SINGINGI, RIAU",2,22,158,180
https://kawalpemilu.org#15743,"RAMBAHAN, LOGAS TANAH DARAT, KUANTAN SINGINGI, RIAU",3,39,148,187
https://kawalpemilu.org#15744,"TERATAK RENDAH, LOGAS TANAH DARAT, KUANTAN SINGINGI, RIAU",1,75,98,173
https://kawalpemilu.org#15745,"SIKIJANG, LOGAS TANAH DARAT, KUANTAN SINGINGI, RIAU",1,27,204,221
https://kawalpemilu.org#15745,"SIKIJANG, LOGAS TANAH DARAT, KUANTAN SINGINGI, RIAU",2,42,182,224
https://kawalpemilu.org#15746,"SUKARAJA, LOGAS TANAH DARAT, KUANTAN SINGINGI, RIAU",1,101,119,220
https://kawalpemilu.org#15746,"SUKARAJA, LOGAS TANAH DARAT, KUANTAN SINGINGI, RIAU",2,105,126,231
https://kawalpemilu.org#15746,"SUKARAJA, LOGAS TANAH DARAT, KUANTAN SINGINGI, RIAU",3,85,151,236
https://kawalpemilu.org#15746,"SUKARAJA, LOGAS TANAH DARAT, KUANTAN SINGINGI, RIAU",4,95,122,217
https://kawalpemilu.org#15746,"SUKARAJA, LOGAS TANAH DARAT, KUANTAN SINGINGI, RIAU",5,114,108,222
https://kawalpemilu.org#15746,"SUKARAJA, LOGAS TANAH DARAT, KUANTAN SINGINGI, RIAU",6,94,120,214
https://kawalpemilu.org#15746,"SUKARAJA, LOGAS TANAH DARAT, KUANTAN SINGINGI, RIAU",7,160,57,217
https://kawalpemilu.org#15747,"SAKO MARGASARI, LOGAS TANAH DARAT, KUANTAN SINGINGI, RIAU",1,223,39,262
https://kawalpemilu.org#15747,"SAKO MARGASARI, LOGAS TANAH DARAT, KUANTAN SINGINGI, RIAU",2,164,51,215
https://kawalpemilu.org#15747,"SAKO MARGASARI, LOGAS TANAH DARAT, KUANTAN SINGINGI, RIAU",3,154,79,233
https://kawalpemilu.org#15747,"SAKO MARGASARI, LOGAS TANAH DARAT, KUANTAN SINGINGI, RIAU",4,166,65,231
https://kawalpemilu.org#15748,"KUANTAN SAKO, LOGAS TANAH DARAT, KUANTAN SINGINGI, RIAU",1,193,57,250
https://kawalpemilu.org#15748,"KUANTAN SAKO, LOGAS TANAH DARAT, KUANTAN SINGINGI, RIAU",2,174,51,225
https://kawalpemilu.org#15748,"KUANTAN SAKO, LOGAS TANAH DARAT, KUANTAN SINGINGI, RIAU",3,192,54,246
https://kawalpemilu.org#15748,"KUANTAN SAKO, LOGAS TANAH DARAT, KUANTAN SINGINGI, RIAU",4,215,38,253
https://kawalpemilu.org#15748,"KUANTAN SAKO, LOGAS TANAH DARAT, KUANTAN SINGINGI, RIAU",5,205,45,250
https://kawalpemilu.org#15748,"KUANTAN SAKO, LOGAS TANAH DARAT, KUANTAN SINGINGI, RIAU",6,181,64,245
https://kawalpemilu.org#15749,"HULU TESO, LOGAS TANAH DARAT, KUANTAN SINGINGI, RIAU",1,184,25,209
https://kawalpemilu.org#15749,"HULU TESO, LOGAS TANAH DARAT, KUANTAN SINGINGI, RIAU",2,153,52,205
https://kawalpemilu.org#15749,"HULU TESO, LOGAS TANAH DARAT, KUANTAN SINGINGI, RIAU",3,170,29,199
https://kawalpemilu.org#15749,"HULU TESO, LOGAS TANAH DARAT, KUANTAN SINGINGI, RIAU",4,159,48,207
https://kawalpemilu.org#15749,"HULU TESO, LOGAS TANAH DARAT, KUANTAN SINGINGI, RIAU",5,152,34,186
https://kawalpemilu.org#15749,"HULU TESO, LOGAS TANAH DARAT, KUANTAN SINGINGI, RIAU",6,169,35,204
https://kawalpemilu.org#15750,"GIRI SAKO, LOGAS TANAH DARAT, KUANTAN SINGINGI, RIAU",1,193,44,237
https://kawalpemilu.org#15750,"GIRI SAKO, LOGAS TANAH DARAT, KUANTAN SINGINGI, RIAU",2,172,46,218
https://kawalpemilu.org#15750,"GIRI SAKO, LOGAS TANAH DARAT, KUANTAN SINGINGI, RIAU",3,201,25,226
https://kawalpemilu.org#15750,"GIRI SAKO, LOGAS TANAH DARAT, KUANTAN SINGINGI, RIAU",4,163,37,200
https://kawalpemilu.org#15750,"GIRI SAKO, LOGAS TANAH DARAT, KUANTAN SINGINGI, RIAU",5,179,33,212
https://kawalpemilu.org#15750,"GIRI SAKO, LOGAS TANAH DARAT, KUANTAN SINGINGI, RIAU",6,173,37,210
https://kawalpemilu.org#89371,"BUMI MULYA, LOGAS TANAH DARAT, KUANTAN SINGINGI, RIAU",1,202,34,236
https://kawalpemilu.org#89371,"BUMI MULYA, LOGAS TANAH DARAT, KUANTAN SINGINGI, RIAU",2,200,36,236
https://kawalpemilu.org#89371,"BUMI MULYA, LOGAS TANAH DARAT, KUANTAN SINGINGI, RIAU",3,188,42,230
https://kawalpemilu.org#89371,"BUMI MULYA, LOGAS TANAH DARAT, KUANTAN SINGINGI, RIAU",4,194,45,239
https://kawalpemilu.org#89371,"BUMI MULYA, LOGAS TANAH DARAT, KUANTAN SINGINGI, RIAU",5,103,51,154
https://kawalpemilu.org#89371,"BUMI MULYA, LOGAS TANAH DARAT, KUANTAN SINGINGI, RIAU",6,74,22,96
https://kawalpemilu.org#89372,"SIDODADI, LOGAS TANAH DARAT, KUANTAN SINGINGI, RIAU",1,154,24,178
https://kawalpemilu.org#89372,"SIDODADI, LOGAS TANAH DARAT, KUANTAN SINGINGI, RIAU",2,130,33,163
https://kawalpemilu.org#89372,"SIDODADI, LOGAS TANAH DARAT, KUANTAN SINGINGI, RIAU",3,130,56,186
https://kawalpemilu.org#15752,"PASAR INUMAN, INUMAN, KUANTAN SINGINGI, RIAU",2,31,143,174
https://kawalpemilu.org#15752,"PASAR INUMAN, INUMAN, KUANTAN SINGINGI, RIAU",3,21,183,204
https://kawalpemilu.org#15753,"KOTO INUMAN, INUMAN, KUANTAN SINGINGI, RIAU",1,20,157,177
https://kawalpemilu.org#15753,"KOTO INUMAN, INUMAN, KUANTAN SINGINGI, RIAU",2,26,131,157
https://kawalpemilu.org#15753,"KOTO INUMAN, INUMAN, KUANTAN SINGINGI, RIAU",3,35,208,243
https://kawalpemilu.org#15753,"KOTO INUMAN, INUMAN, KUANTAN SINGINGI, RIAU",4,38,198,236
https://kawalpemilu.org#15754,"PULAU PANJANG HULU, INUMAN, KUANTAN SINGINGI, RIAU",1,31,161,192
https://kawalpemilu.org#15754,"PULAU PANJANG HULU, INUMAN, KUANTAN SINGINGI, RIAU",2,20,161,181
https://kawalpemilu.org#15754,"PULAU PANJANG HULU, INUMAN, KUANTAN SINGINGI, RIAU",3,21,161,182
https://kawalpemilu.org#15754,"PULAU PANJANG HULU, INUMAN, KUANTAN SINGINGI, RIAU",4,23,143,166
https://kawalpemilu.org#15755,"PULAU PANJANG HILIR, INUMAN, KUANTAN SINGINGI, RIAU",1,26,175,201
https://kawalpemilu.org#15755,"PULAU PANJANG HILIR, INUMAN, KUANTAN SINGINGI, RIAU",2,27,185,212
https://kawalpemilu.org#15755,"PULAU PANJANG HILIR, INUMAN, KUANTAN SINGINGI, RIAU",3,17,187,204
https://kawalpemilu.org#15755,"PULAU PANJANG HILIR, INUMAN, KUANTAN SINGINGI, RIAU",4,13,153,166
https://kawalpemilu.org#15756,"SIGARUNTANG, INUMAN, KUANTAN SINGINGI, RIAU",1,69,165,234
https://kawalpemilu.org#15756,"SIGARUNTANG, INUMAN, KUANTAN SINGINGI, RIAU",2,48,146,194
https://kawalpemilu.org#15756,"SIGARUNTANG, INUMAN, KUANTAN SINGINGI, RIAU",3,48,154,202
https://kawalpemilu.org#15757,"PULAU BUSUK, INUMAN, KUANTAN SINGINGI, RIAU",1,21,226,247
https://kawalpemilu.org#15757,"PULAU BUSUK, INUMAN, KUANTAN SINGINGI, RIAU",2,28,210,238
https://kawalpemilu.org#15757,"PULAU BUSUK, INUMAN, KUANTAN SINGINGI, RIAU",3,9,189,198
https://kawalpemilu.org#15758,"BEDENG SIKURAN, INUMAN, KUANTAN SINGINGI, RIAU",1,36,168,199
https://kawalpemilu.org#15758,"BEDENG SIKURAN, INUMAN, KUANTAN SINGINGI, RIAU",2,45,183,228
https://kawalpemilu.org#15758,"BEDENG SIKURAN, INUMAN, KUANTAN SINGINGI, RIAU",3,45,183,228
https://kawalpemilu.org#15759,"BANJAR NAN TIGO, INUMAN, KUANTAN SINGINGI, RIAU",1,12,164,176
https://kawalpemilu.org#15759,"BANJAR NAN TIGO, INUMAN, KUANTAN SINGINGI, RIAU",2,21,118,139
https://kawalpemilu.org#15759,"BANJAR NAN TIGO, INUMAN, KUANTAN SINGINGI, RIAU",3,27,129,156
https://kawalpemilu.org#15760,"PULAU SIPAN, INUMAN, KUANTAN SINGINGI, RIAU",1,9,188,197
https://kawalpemilu.org#15760,"PULAU SIPAN, INUMAN, KUANTAN SINGINGI, RIAU",2,13,150,163
https://kawalpemilu.org#15760,"PULAU SIPAN, INUMAN, KUANTAN SINGINGI, RIAU",3,13,165,178
https://kawalpemilu.org#15760,"PULAU SIPAN, INUMAN, KUANTAN SINGINGI, RIAU",4,15,149,164
https://kawalpemilu.org#15761,"PULAU BUSUK JAYA, INUMAN, KUANTAN SINGINGI, RIAU",1,18,226,244
https://kawalpemilu.org#15761,"PULAU BUSUK JAYA, INUMAN, KUANTAN SINGINGI, RIAU",2,22,175,197
https://kawalpemilu.org#15761,"PULAU BUSUK JAYA, INUMAN, KUANTAN SINGINGI, RIAU",3,16,160,176
https://kawalpemilu.org#15761,"PULAU BUSUK JAYA, INUMAN, KUANTAN SINGINGI, RIAU",4,39,179,218
https://kawalpemilu.org#15762,"SEBERANG PULAU BUSUK, INUMAN, KUANTAN SINGINGI, RIAU",1,31,194,225
https://kawalpemilu.org#15762,"SEBERANG PULAU BUSUK, INUMAN, KUANTAN SINGINGI, RIAU",2,14,229,243
https://kawalpemilu.org#15762,"SEBERANG PULAU BUSUK, INUMAN, KUANTAN SINGINGI, RIAU",3,29,176,205
https://kawalpemilu.org#89373,"LEBUH LURUS, INUMAN, KUANTAN SINGINGI, RIAU",1,20,207,227
https://kawalpemilu.org#89373,"LEBUH LURUS, INUMAN, KUANTAN SINGINGI, RIAU",2,30,151,181
https://kawalpemilu.org#89374,"KAMPUNG BARU KOTO, INUMAN, KUANTAN SINGINGI, RIAU",1,30,147,177
https://kawalpemilu.org#89374,"KAMPUNG BARU KOTO, INUMAN, KUANTAN SINGINGI, RIAU",2,21,144,165
https://kawalpemilu.org#89374,"KAMPUNG BARU KOTO, INUMAN, KUANTAN SINGINGI, RIAU",3,31,128,159
https://kawalpemilu.org#89375,"KETAPING JAYA, INUMAN, KUANTAN SINGINGI, RIAU",1,34,176,210
https://kawalpemilu.org#89375,"KETAPING JAYA, INUMAN, KUANTAN SINGINGI, RIAU",2,46,141,187
https://kawalpemilu.org#89375,"KETAPING JAYA, INUMAN, KUANTAN SINGINGI, RIAU",3,46,174,220
https://kawalpemilu.org#15764,"LUBUK AMBACANG, HULU KUANTAN, KUANTAN SINGINGI, RIAU",1,34,209,243
https://kawalpemilu.org#15764,"LUBUK AMBACANG, HULU KUANTAN, KUANTAN SINGINGI, RIAU",2,16,214,230
https://kawalpemilu.org#15764,"LUBUK AMBACANG, HULU KUANTAN, KUANTAN SINGINGI, RIAU",3,41,178,219
https://kawalpemilu.org#15765,"SUNGAI KELILAWAR, HULU KUANTAN, KUANTAN SINGINGI, RIAU",1,45,167,212
https://kawalpemilu.org#15766,"TANJUNG, HULU KUANTAN, KUANTAN SINGINGI, RIAU",1,32,181,213
https://kawalpemilu.org#15766,"TANJUNG, HULU KUANTAN, KUANTAN SINGINGI, RIAU",2,17,198,215
https://kawalpemilu.org#15766,"TANJUNG, HULU KUANTAN, KUANTAN SINGINGI, RIAU",3,43,175,218
https://kawalpemilu.org#15767,"SUNGAI PINANG, HULU KUANTAN, KUANTAN SINGINGI, RIAU",1,15,171,186
https://kawalpemilu.org#15767,"SUNGAI PINANG, HULU KUANTAN, KUANTAN SINGINGI, RIAU",2,21,163,184
https://kawalpemilu.org#15767,"SUNGAI PINANG, HULU KUANTAN, KUANTAN SINGINGI, RIAU",3,23,158,181
https://kawalpemilu.org#15768,"SUNGAI ALAH, HULU KUANTAN, KUANTAN SINGINGI, RIAU",1,27,209,236
https://kawalpemilu.org#15768,"SUNGAI ALAH, HULU KUANTAN, KUANTAN SINGINGI, RIAU",2,36,192,228
https://kawalpemilu.org#15769,"KOTO KOMBU, HULU KUANTAN, KUANTAN SINGINGI, RIAU",2,37,230,267
https://kawalpemilu.org#15770,"SUMPU, HULU KUANTAN, KUANTAN SINGINGI, RIAU",1,80,153,233
https://kawalpemilu.org#15771,"MUDIK ULO, HULU KUANTAN, KUANTAN SINGINGI, RIAU",1,64,202,266
https://kawalpemilu.org#15771,"MUDIK ULO, HULU KUANTAN, KUANTAN SINGINGI, RIAU",2,59,194,253
https://kawalpemilu.org#15773,"TANJUNG MEDANG, HULU KUANTAN, KUANTAN SINGINGI, RIAU",1,37,153,190
https://kawalpemilu.org#15773,"TANJUNG MEDANG, HULU KUANTAN, KUANTAN SINGINGI, RIAU",2,61,143,204
https://kawalpemilu.org#15774,"SEROSAH, HULU KUANTAN, KUANTAN SINGINGI, RIAU",1,103,175,278
https://kawalpemilu.org#15774,"SEROSAH, HULU KUANTAN, KUANTAN SINGINGI, RIAU",2,37,186,223
https://kawalpemilu.org#15774,"SEROSAH, HULU KUANTAN, KUANTAN SINGINGI, RIAU",3,154,105,259
https://kawalpemilu.org#89262,"SAMPURAGO, HULU KUANTAN, KUANTAN SINGINGI, RIAU",1,13,155,168
https://kawalpemilu.org#89262,"SAMPURAGO, HULU KUANTAN, KUANTAN SINGINGI, RIAU",2,22,141,163
https://kawalpemilu.org#15639,"PELUKAHAN, KUANTAN HILIR SEBERANG, KUANTAN SINGINGI, RIAU",1,33,202,235
https://kawalpemilu.org#15639,"PELUKAHAN, KUANTAN HILIR SEBERANG, KUANTAN SINGINGI, RIAU",2,57,130,187
https://kawalpemilu.org#15639,"PELUKAHAN, KUANTAN HILIR SEBERANG, KUANTAN SINGINGI, RIAU",3,37,153,190
https://kawalpemilu.org#15647,"LUMBOK, KUANTAN HILIR SEBERANG, KUANTAN SINGINGI, RIAU",2,10,208,218
https://kawalpemilu.org#15648,"DANAU, KUANTAN HILIR SEBERANG, KUANTAN SINGINGI, RIAU",1,9,145,154
https://kawalpemilu.org#15648,"DANAU, KUANTAN HILIR SEBERANG, KUANTAN SINGINGI, RIAU",2,10,137,147
https://kawalpemilu.org#15651,"KOTO RAJO, KUANTAN HILIR SEBERANG, KUANTAN SINGINGI, RIAU",1,32,184,216
https://kawalpemilu.org#15651,"KOTO RAJO, KUANTAN HILIR SEBERANG, KUANTAN SINGINGI, RIAU",2,23,190,213
https://kawalpemilu.org#15651,"KOTO RAJO, KUANTAN HILIR SEBERANG, KUANTAN SINGINGI, RIAU",3,28,176,204
https://kawalpemilu.org#15651,"KOTO RAJO, KUANTAN HILIR SEBERANG, KUANTAN SINGINGI, RIAU",4,22,181,203
https://kawalpemilu.org#15652,"TERATAK JERING, KUANTAN HILIR SEBERANG, KUANTAN SINGINGI, RIAU",1,15,132,147
https://kawalpemilu.org#15652,"TERATAK JERING, KUANTAN HILIR SEBERANG, KUANTAN SINGINGI, RIAU",2,10,139,149
https://kawalpemilu.org#15653,"KASANG LIMAU SUNDAI, KUANTAN HILIR SEBERANG, KUANTAN SINGINGI, RIAU",1,7,184,191
https://kawalpemilu.org#15653,"KASANG LIMAU SUNDAI, KUANTAN HILIR SEBERANG, KUANTAN SINGINGI, RIAU",2,20,179,199
https://kawalpemilu.org#89377,"RAWANG OGUANG, KUANTAN HILIR SEBERANG, KUANTAN SINGINGI, RIAU",1,18,181,199
https://kawalpemilu.org#89377,"RAWANG OGUANG, KUANTAN HILIR SEBERANG, KUANTAN SINGINGI, RIAU",2,69,150,219
https://kawalpemilu.org#89377,"RAWANG OGUANG, KUANTAN HILIR SEBERANG, KUANTAN SINGINGI, RIAU",3,71,26,97
https://kawalpemilu.org#89377,"RAWANG OGUANG, KUANTAN HILIR SEBERANG, KUANTAN SINGINGI, RIAU",4,56,30,86
https://kawalpemilu.org#89377,"RAWANG OGUANG, KUANTAN HILIR SEBERANG, KUANTAN SINGINGI, RIAU",5,68,21,89
https://kawalpemilu.org#89377,"RAWANG OGUANG, KUANTAN HILIR SEBERANG, KUANTAN SINGINGI, RIAU",6,62,20,82
https://kawalpemilu.org#89390,"PULAU BARU, KUANTAN HILIR SEBERANG, KUANTAN SINGINGI, RIAU",1,30,191,221
https://kawalpemilu.org#89390,"PULAU BARU, KUANTAN HILIR SEBERANG, KUANTAN SINGINGI, RIAU",2,14,195,209
https://kawalpemilu.org#89390,"PULAU BARU, KUANTAN HILIR SEBERANG, KUANTAN SINGINGI, RIAU",3,13,198,211
https://kawalpemilu.org#89391,"PULAU BERALO, KUANTAN HILIR SEBERANG, KUANTAN SINGINGI, RIAU",1,9,206,215
https://kawalpemilu.org#89391,"PULAU BERALO, KUANTAN HILIR SEBERANG, KUANTAN SINGINGI, RIAU",2,11,215,226
https://kawalpemilu.org#89391,"PULAU BERALO, KUANTAN HILIR SEBERANG, KUANTAN SINGINGI, RIAU",3,18,198,216
https://kawalpemilu.org#89391,"PULAU BERALO, KUANTAN HILIR SEBERANG, KUANTAN SINGINGI, RIAU",4,14,201,215
https://kawalpemilu.org#89391,"PULAU BERALO, KUANTAN HILIR SEBERANG, KUANTAN SINGINGI, RIAU",5,8,211,219
https://kawalpemilu.org#89392,"PULAU KULUR, KUANTAN HILIR SEBERANG, KUANTAN SINGINGI, RIAU",1,10,206,216
https://kawalpemilu.org#89392,"PULAU KULUR, KUANTAN HILIR SEBERANG, KUANTAN SINGINGI, RIAU",3,20,198,218
https://kawalpemilu.org#89393,"PENGALIHAN, KUANTAN HILIR SEBERANG, KUANTAN SINGINGI, RIAU",1,4,219,223
https://kawalpemilu.org#89394,"TANJUNG PISANG, KUANTAN HILIR SEBERANG, KUANTAN SINGINGI, RIAU",1,1,86,87
https://kawalpemilu.org#89395,"TANJUNG, KUANTAN HILIR SEBERANG, KUANTAN SINGINGI, RIAU",1,19,192,211
https://kawalpemilu.org#89395,"TANJUNG, KUANTAN HILIR SEBERANG, KUANTAN SINGINGI, RIAU",2,17,195,212
https://kawalpemilu.org#89396,"SUNGAI SORIK, KUANTAN HILIR SEBERANG, KUANTAN SINGINGI, RIAU",1,16,192,208
https://kawalpemilu.org#89396,"SUNGAI SORIK, KUANTAN HILIR SEBERANG, KUANTAN SINGINGI, RIAU",2,22,191,213
https://kawalpemilu.org#89396,"SUNGAI SORIK, KUANTAN HILIR SEBERANG, KUANTAN SINGINGI, RIAU",3,40,170,210
https://kawalpemilu.org#15598,"KAMPUNG BARU SENTAJO, SENTAJO RAYA, KUANTAN SINGINGI, RIAU",1,14,233,247
https://kawalpemilu.org#15598,"KAMPUNG BARU SENTAJO, SENTAJO RAYA, KUANTAN SINGINGI, RIAU",2,23,202,225
https://kawalpemilu.org#15598,"KAMPUNG BARU SENTAJO, SENTAJO RAYA, KUANTAN SINGINGI, RIAU",3,24,206,230
https://kawalpemilu.org#15598,"KAMPUNG BARU SENTAJO, SENTAJO RAYA, KUANTAN SINGINGI, RIAU",4,27,171,198
https://kawalpemilu.org#15598,"KAMPUNG BARU SENTAJO, SENTAJO RAYA, KUANTAN SINGINGI, RIAU",5,37,193,230
https://kawalpemilu.org#15598,"KAMPUNG BARU SENTAJO, SENTAJO RAYA, KUANTAN SINGINGI, RIAU",6,23,172,195
https://kawalpemilu.org#15598,"KAMPUNG BARU SENTAJO, SENTAJO RAYA, KUANTAN SINGINGI, RIAU",7,22,221,243
https://kawalpemilu.org#15599,"KOTO SENTAJO, SENTAJO RAYA, KUANTAN SINGINGI, RIAU",1,28,175,203
https://kawalpemilu.org#15599,"KOTO SENTAJO, SENTAJO RAYA, KUANTAN SINGINGI, RIAU",2,21,184,205
https://kawalpemilu.org#15599,"KOTO SENTAJO, SENTAJO RAYA, KUANTAN SINGINGI, RIAU",3,16,211,227
https://kawalpemilu.org#15599,"KOTO SENTAJO, SENTAJO RAYA, KUANTAN SINGINGI, RIAU",4,110,130,240
https://kawalpemilu.org#15600,"MUARO SENTAJO, SENTAJO RAYA, KUANTAN SINGINGI, RIAU",1,19,231,250
https://kawalpemilu.org#15600,"MUARO SENTAJO, SENTAJO RAYA, KUANTAN SINGINGI, RIAU",2,17,230,247
https://kawalpemilu.org#15600,"MUARO SENTAJO, SENTAJO RAYA, KUANTAN SINGINGI, RIAU",3,37,209,246
https://kawalpemilu.org#15600,"MUARO SENTAJO, SENTAJO RAYA, KUANTAN SINGINGI, RIAU",4,15,234,249
https://kawalpemilu.org#15600,"MUARO SENTAJO, SENTAJO RAYA, KUANTAN SINGINGI, RIAU",5,31,231,262
https://kawalpemilu.org#15600,"MUARO SENTAJO, SENTAJO RAYA, KUANTAN SINGINGI, RIAU",6,36,228,264
https://kawalpemilu.org#15670,"BERINGIN JAYA, SENTAJO RAYA, KUANTAN SINGINGI, RIAU",1,122,90,212
https://kawalpemilu.org#15670,"BERINGIN JAYA, SENTAJO RAYA, KUANTAN SINGINGI, RIAU",2,117,108,225
https://kawalpemilu.org#15670,"BERINGIN JAYA, SENTAJO RAYA, KUANTAN SINGINGI, RIAU",3,126,103,229
https://kawalpemilu.org#15670,"BERINGIN JAYA, SENTAJO RAYA, KUANTAN SINGINGI, RIAU",4,109,116,225
https://kawalpemilu.org#15670,"BERINGIN JAYA, SENTAJO RAYA, KUANTAN SINGINGI, RIAU",5,140,113,253
https://kawalpemilu.org#15670,"BERINGIN JAYA, SENTAJO RAYA, KUANTAN SINGINGI, RIAU",6,131,98,229
https://kawalpemilu.org#15685,"PARIT TERATAK AIR HITAM, SENTAJO RAYA, KUANTAN SINGINGI, RIAU",1,47,176,223
https://kawalpemilu.org#15685,"PARIT TERATAK AIR HITAM, SENTAJO RAYA, KUANTAN SINGINGI, RIAU",2,60,172,232
https://kawalpemilu.org#15686,"TERATAK AIR HITAM, SENTAJO RAYA, KUANTAN SINGINGI, RIAU",1,37,202,239
https://kawalpemilu.org#15686,"TERATAK AIR HITAM, SENTAJO RAYA, KUANTAN SINGINGI, RIAU",2,26,220,246
https://kawalpemilu.org#15686,"TERATAK AIR HITAM, SENTAJO RAYA, KUANTAN SINGINGI, RIAU",3,19,224,243
https://kawalpemilu.org#15688,"JALUR PATAH, SENTAJO RAYA, KUANTAN SINGINGI, RIAU",1,42,210,252
https://kawalpemilu.org#15688,"JALUR PATAH, SENTAJO RAYA, KUANTAN SINGINGI, RIAU",2,22,205,227
https://kawalpemilu.org#15688,"JALUR PATAH, SENTAJO RAYA, KUANTAN SINGINGI, RIAU",3,84,107,191
https://kawalpemilu.org#15688,"JALUR PATAH, SENTAJO RAYA, KUANTAN SINGINGI, RIAU",4,42,146,188
https://kawalpemilu.org#15691,"MARSAWA, SENTAJO RAYA, KUANTAN SINGINGI, RIAU",1,147,77,224
https://kawalpemilu.org#15691,"MARSAWA, SENTAJO RAYA, KUANTAN SINGINGI, RIAU",2,151,106,257
https://kawalpemilu.org#15691,"MARSAWA, SENTAJO RAYA, KUANTAN SINGINGI, RIAU",3,126,100,226
https://kawalpemilu.org#15691,"MARSAWA, SENTAJO RAYA, KUANTAN SINGINGI, RIAU",4,121,83,204
https://kawalpemilu.org#15691,"MARSAWA, SENTAJO RAYA, KUANTAN SINGINGI, RIAU",5,179,40,219
https://kawalpemilu.org#15691,"MARSAWA, SENTAJO RAYA, KUANTAN SINGINGI, RIAU",6,160,40,200
https://kawalpemilu.org#15691,"MARSAWA, SENTAJO RAYA, KUANTAN SINGINGI, RIAU",7,128,81,209
https://kawalpemilu.org#15691,"MARSAWA, SENTAJO RAYA, KUANTAN SINGINGI, RIAU",9,115,121,236
https://kawalpemilu.org#15691,"MARSAWA, SENTAJO RAYA, KUANTAN SINGINGI, RIAU",10,127,39,166
https://kawalpemilu.org#15691,"MARSAWA, SENTAJO RAYA, KUANTAN SINGINGI, RIAU",11,139,14,153
https://kawalpemilu.org#15692,"MUARA LANGSAT, SENTAJO RAYA, KUANTAN SINGINGI, RIAU",1,151,41,192
https://kawalpemilu.org#15692,"MUARA LANGSAT, SENTAJO RAYA, KUANTAN SINGINGI, RIAU",2,148,48,196
https://kawalpemilu.org#15692,"MUARA LANGSAT, SENTAJO RAYA, KUANTAN SINGINGI, RIAU",3,131,60,191
https://kawalpemilu.org#15692,"MUARA LANGSAT, SENTAJO RAYA, KUANTAN SINGINGI, RIAU",4,162,50,212
https://kawalpemilu.org#15692,"MUARA LANGSAT, SENTAJO RAYA, KUANTAN SINGINGI, RIAU",5,206,49,255
https://kawalpemilu.org#15692,"MUARA LANGSAT, SENTAJO RAYA, KUANTAN SINGINGI, RIAU",6,236,35,271
https://kawalpemilu.org#15692,"MUARA LANGSAT, SENTAJO RAYA, KUANTAN SINGINGI, RIAU",7,154,88,242
https://kawalpemilu.org#15692,"MUARA LANGSAT, SENTAJO RAYA, KUANTAN SINGINGI, RIAU",8,153,73,226
https://kawalpemilu.org#15692,"MUARA LANGSAT, SENTAJO RAYA, KUANTAN SINGINGI, RIAU",9,163,72,235
https://kawalpemilu.org#15693,"LANGSAT HULU, SENTAJO RAYA, KUANTAN SINGINGI, RIAU",1,154,55,209
https://kawalpemilu.org#15693,"LANGSAT HULU, SENTAJO RAYA, KUANTAN SINGINGI, RIAU",2,179,29,208
https://kawalpemilu.org#15693,"LANGSAT HULU, SENTAJO RAYA, KUANTAN SINGINGI, RIAU",3,193,31,224
https://kawalpemilu.org#15693,"LANGSAT HULU, SENTAJO RAYA, KUANTAN SINGINGI, RIAU",4,184,37,221
https://kawalpemilu.org#15693,"LANGSAT HULU, SENTAJO RAYA, KUANTAN SINGINGI, RIAU",5,111,81,192
https://kawalpemilu.org#15693,"LANGSAT HULU, SENTAJO RAYA, KUANTAN SINGINGI, RIAU",6,179,36,215
https://kawalpemilu.org#15693,"LANGSAT HULU, SENTAJO RAYA, KUANTAN SINGINGI, RIAU",7,164,55,219
https://kawalpemilu.org#15693,"LANGSAT HULU, SENTAJO RAYA, KUANTAN SINGINGI, RIAU",8,104,114,218
https://kawalpemilu.org#15693,"LANGSAT HULU, SENTAJO RAYA, KUANTAN SINGINGI, RIAU",9,159,83,242
https://kawalpemilu.org#15694,"GERINGGING JAYA, SENTAJO RAYA, KUANTAN SINGINGI, RIAU",1,173,64,237
https://kawalpemilu.org#15694,"GERINGGING JAYA, SENTAJO RAYA, KUANTAN SINGINGI, RIAU",2,180,60,240
https://kawalpemilu.org#15694,"GERINGGING JAYA, SENTAJO RAYA, KUANTAN SINGINGI, RIAU",3,192,61,253
https://kawalpemilu.org#15694,"GERINGGING JAYA, SENTAJO RAYA, KUANTAN SINGINGI, RIAU",4,179,51,230
https://kawalpemilu.org#15694,"GERINGGING JAYA, SENTAJO RAYA, KUANTAN SINGINGI, RIAU",5,120,40,160
https://kawalpemilu.org#89352,"PULAU KOMANG SENTAJO, SENTAJO RAYA, KUANTAN SINGINGI, RIAU",1,30,225,255
https://kawalpemilu.org#89352,"PULAU KOMANG SENTAJO, SENTAJO RAYA, KUANTAN SINGINGI, RIAU",2,15,199,214
https://kawalpemilu.org#89352,"PULAU KOMANG SENTAJO, SENTAJO RAYA, KUANTAN SINGINGI, RIAU",3,10,208,218
https://kawalpemilu.org#89352,"PULAU KOMANG SENTAJO, SENTAJO RAYA, KUANTAN SINGINGI, RIAU",4,20,217,237
https://kawalpemilu.org#89352,"PULAU KOMANG SENTAJO, SENTAJO RAYA, KUANTAN SINGINGI, RIAU",5,17,219,236
https://kawalpemilu.org#89353,"PULAU KOPUNG SENTAJO, SENTAJO RAYA, KUANTAN SINGINGI, RIAU",1,39,223,262
https://kawalpemilu.org#89353,"PULAU KOPUNG SENTAJO, SENTAJO RAYA, KUANTAN SINGINGI, RIAU",2,21,226,247
https://kawalpemilu.org#89353,"PULAU KOPUNG SENTAJO, SENTAJO RAYA, KUANTAN SINGINGI, RIAU",3,26,212,238
https://kawalpemilu.org#89353,"PULAU KOPUNG SENTAJO, SENTAJO RAYA, KUANTAN SINGINGI, RIAU",4,27,204,231
https://kawalpemilu.org#89354,"SEBERANG TERATAK  AIR HITAM, SENTAJO RAYA, KUANTAN SINGINGI, RIAU",1,47,156,203
https://kawalpemilu.org#89355,"GERINGING BARU, SENTAJO RAYA, KUANTAN SINGINGI, RIAU",1,176,96,272
https://kawalpemilu.org#89355,"GERINGING BARU, SENTAJO RAYA, KUANTAN SINGINGI, RIAU",2,183,88,271
https://kawalpemilu.org#89355,"GERINGING BARU, SENTAJO RAYA, KUANTAN SINGINGI, RIAU",3,165,101,266
https://kawalpemilu.org#89355,"GERINGING BARU, SENTAJO RAYA, KUANTAN SINGINGI, RIAU",4,120,132,252
https://kawalpemilu.org#89355,"GERINGING BARU, SENTAJO RAYA, KUANTAN SINGINGI, RIAU",5,142,113,255
https://kawalpemilu.org#89355,"GERINGING BARU, SENTAJO RAYA, KUANTAN SINGINGI, RIAU",6,126,128,254
https://kawalpemilu.org#15557,"IBUL, PUCUK RANTAU, KUANTAN SINGINGI, RIAU",1,40,131,171
https://kawalpemilu.org#15557,"IBUL, PUCUK RANTAU, KUANTAN SINGINGI, RIAU",2,45,190,235
https://kawalpemilu.org#15558,"PANGKALAN, PUCUK RANTAU, KUANTAN SINGINGI, RIAU",1,49,147,196
https://kawalpemilu.org#15558,"PANGKALAN, PUCUK RANTAU, KUANTAN SINGINGI, RIAU",2,66,132,198
https://kawalpemilu.org#15558,"PANGKALAN, PUCUK RANTAU, KUANTAN SINGINGI, RIAU",3,88,32,120
https://kawalpemilu.org#15582,"PERHENTIAN SUNGKAI, PUCUK RANTAU, KUANTAN SINGINGI, RIAU",1,135,87,222
https://kawalpemilu.org#15582,"PERHENTIAN SUNGKAI, PUCUK RANTAU, KUANTAN SINGINGI, RIAU",2,163,53,216
https://kawalpemilu.org#15582,"PERHENTIAN SUNGKAI, PUCUK RANTAU, KUANTAN SINGINGI, RIAU",3,132,49,181
https://kawalpemilu.org#15583,"SETIANG, PUCUK RANTAU, KUANTAN SINGINGI, RIAU",1,91,106,197
https://kawalpemilu.org#15583,"SETIANG, PUCUK RANTAU, KUANTAN SINGINGI, RIAU",2,75,34,109
https://kawalpemilu.org#89339,"MUARA PETAI, PUCUK RANTAU, KUANTAN SINGINGI, RIAU",2,36,6,42
https://kawalpemilu.org#89339,"MUARA PETAI, PUCUK RANTAU, KUANTAN SINGINGI, RIAU",3,56,9,65
https://kawalpemilu.org#89341,"MUARO TIU MAKMUR, PUCUK RANTAU, KUANTAN SINGINGI, RIAU",1,55,96,151
https://kawalpemilu.org#89342,"MUARATOBEK, PUCUK RANTAU, KUANTAN SINGINGI, RIAU",1,63,158,221
https://kawalpemilu.org#89342,"MUARATOBEK, PUCUK RANTAU, KUANTAN SINGINGI, RIAU",2,124,99,223
https://kawalpemilu.org#89343,"SUNGAI BESAR HILIR, PUCUK RANTAU, KUANTAN SINGINGI, RIAU",1,49,97,146
https://kawalpemilu.org#89343,"SUNGAI BESAR HILIR, PUCUK RANTAU, KUANTAN SINGINGI, RIAU",2,38,90,128
https://kawalpemilu.org#89343,"SUNGAI BESAR HILIR, PUCUK RANTAU, KUANTAN SINGINGI, RIAU",3,82,26,108
https://kawalpemilu.org#89343,"SUNGAI BESAR HILIR, PUCUK RANTAU, KUANTAN SINGINGI, RIAU",4,56,16,72
https://kawalpemilu.org#89344,"KAMPUNG BARU IBUL, PUCUK RANTAU, KUANTAN SINGINGI, RIAU",1,42,142,184
https://kawalpemilu.org#89344,"KAMPUNG BARU IBUL, PUCUK RANTAU, KUANTAN SINGINGI, RIAU",2,50,150,200
https://kawalpemilu.org#89344,"KAMPUNG BARU IBUL, PUCUK RANTAU, KUANTAN SINGINGI, RIAU",3,51,33,84
https://kawalpemilu.org#89344,"KAMPUNG BARU IBUL, PUCUK RANTAU, KUANTAN SINGINGI, RIAU",4,32,12,44
https://kawalpemilu.org#89345,"SUNGAI BESAR, PUCUK RANTAU, KUANTAN SINGINGI, RIAU",1,46,126,172
https://kawalpemilu.org#89345,"SUNGAI BESAR, PUCUK RANTAU, KUANTAN SINGINGI, RIAU",2,92,81,173
https://kawalpemilu.org#89345,"SUNGAI BESAR, PUCUK RANTAU, KUANTAN SINGINGI, RIAU",3,48,44,92
https://kawalpemilu.org#89345,"SUNGAI BESAR, PUCUK RANTAU, KUANTAN SINGINGI, RIAU",4,90,35,125
https://kawalpemilu.org#89345,"SUNGAI BESAR, PUCUK RANTAU, KUANTAN SINGINGI, RIAU",5,43,43,86
https://kawalpemilu.org#89345,"SUNGAI BESAR, PUCUK RANTAU, KUANTAN SINGINGI, RIAU",6,244,24,268
https://kawalpemilu.org#89345,"SUNGAI BESAR, PUCUK RANTAU, KUANTAN SINGINGI, RIAU",7,51,157,208
https://kawalpemilu.org#15777,"JADIREJO, SUKAJADI, KOTA PEKANBARU, RIAU",1,38,241,279
https://kawalpemilu.org#15777,"JADIREJO, SUKAJADI, KOTA PEKANBARU, RIAU",2,40,195,235
https://kawalpemilu.org#15777,"JADIREJO, SUKAJADI, KOTA PEKANBARU, RIAU",3,44,235,279
https://kawalpemilu.org#15777,"JADIREJO, SUKAJADI, KOTA PEKANBARU, RIAU",4,35,131,166
https://kawalpemilu.org#15777,"JADIREJO, SUKAJADI, KOTA PEKANBARU, RIAU",5,38,150,188
https://kawalpemilu.org#15777,"JADIREJO, SUKAJADI, KOTA PEKANBARU, RIAU",6,25,165,190
https://kawalpemilu.org#15777,"JADIREJO, SUKAJADI, KOTA PEKANBARU, RIAU",7,15,177,192
https://kawalpemilu.org#15777,"JADIREJO, SUKAJADI, KOTA PEKANBARU, RIAU",8,18,144,162
https://kawalpemilu.org#15777,"JADIREJO, SUKAJADI, KOTA PEKANBARU, RIAU",9,9,148,157
https://kawalpemilu.org#15777,"JADIREJO, SUKAJADI, KOTA PEKANBARU, RIAU",10,38,227,265
https://kawalpemilu.org#15777,"JADIREJO, SUKAJADI, KOTA PEKANBARU, RIAU",11,50,227,277
https://kawalpemilu.org#15777,"JADIREJO, SUKAJADI, KOTA PEKANBARU, RIAU",12,48,184,232
https://kawalpemilu.org#15778,"KAMPUNG TENGAH, SUKAJADI, KOTA PEKANBARU, RIAU",1,76,125,201
https://kawalpemilu.org#15778,"KAMPUNG TENGAH, SUKAJADI, KOTA PEKANBARU, RIAU",2,20,100,120
https://kawalpemilu.org#15778,"KAMPUNG TENGAH, SUKAJADI, KOTA PEKANBARU, RIAU",3,44,174,218
https://kawalpemilu.org#15778,"KAMPUNG TENGAH, SUKAJADI, KOTA PEKANBARU, RIAU",4,13,143,156
https://kawalpemilu.org#15778,"KAMPUNG TENGAH, SUKAJADI, KOTA PEKANBARU, RIAU",5,26,168,194
https://kawalpemilu.org#15778,"KAMPUNG TENGAH, SUKAJADI, KOTA PEKANBARU, RIAU",6,44,106,150
https://kawalpemilu.org#15778,"KAMPUNG TENGAH, SUKAJADI, KOTA PEKANBARU, RIAU",7,8,163,171
https://kawalpemilu.org#15778,"KAMPUNG TENGAH, SUKAJADI, KOTA PEKANBARU, RIAU",8,20,208,228
https://kawalpemilu.org#15778,"KAMPUNG TENGAH, SUKAJADI, KOTA PEKANBARU, RIAU",9,24,216,240
https://kawalpemilu.org#15778,"KAMPUNG TENGAH, SUKAJADI, KOTA PEKANBARU, RIAU",10,13,163,176
https://kawalpemilu.org#15778,"KAMPUNG TENGAH, SUKAJADI, KOTA PEKANBARU, RIAU",11,33,156,189
https://kawalpemilu.org#15778,"KAMPUNG TENGAH, SUKAJADI, KOTA PEKANBARU, RIAU",12,21,247,268
https://kawalpemilu.org#15778,"KAMPUNG TENGAH, SUKAJADI, KOTA PEKANBARU, RIAU",13,28,222,250
https://kawalpemilu.org#15778,"KAMPUNG TENGAH, SUKAJADI, KOTA PEKANBARU, RIAU",14,9,148,157
https://kawalpemilu.org#15778,"KAMPUNG TENGAH, SUKAJADI, KOTA PEKANBARU, RIAU",15,18,211,229
https://kawalpemilu.org#15778,"KAMPUNG TENGAH, SUKAJADI, KOTA PEKANBARU, RIAU",16,27,240,267
https://kawalpemilu.org#15778,"KAMPUNG TENGAH, SUKAJADI, KOTA PEKANBARU, RIAU",17,37,257,294
https://kawalpemilu.org#15778,"KAMPUNG TENGAH, SUKAJADI, KOTA PEKANBARU, RIAU",18,49,111,160
https://kawalpemilu.org#15778,"KAMPUNG TENGAH, SUKAJADI, KOTA PEKANBARU, RIAU",19,16,126,142
https://kawalpemilu.org#15778,"KAMPUNG TENGAH, SUKAJADI, KOTA PEKANBARU, RIAU",20,15,158,173
https://kawalpemilu.org#15778,"KAMPUNG TENGAH, SUKAJADI, KOTA PEKANBARU, RIAU",21,47,115,162
https://kawalpemilu.org#15779,"KAMPUNG MELAYU, SUKAJADI, KOTA PEKANBARU, RIAU",1,73,183,256
https://kawalpemilu.org#15779,"KAMPUNG MELAYU, SUKAJADI, KOTA PEKANBARU, RIAU",2,40,53,93
https://kawalpemilu.org#15779,"KAMPUNG MELAYU, SUKAJADI, KOTA PEKANBARU, RIAU",3,132,88,220
https://kawalpemilu.org#15779,"KAMPUNG MELAYU, SUKAJADI, KOTA PEKANBARU, RIAU",4,67,189,256
https://kawalpemilu.org#15779,"KAMPUNG MELAYU, SUKAJADI, KOTA PEKANBARU, RIAU",5,54,145,199
https://kawalpemilu.org#15779,"KAMPUNG MELAYU, SUKAJADI, KOTA PEKANBARU, RIAU",6,100,125,225
https://kawalpemilu.org#15779,"KAMPUNG MELAYU, SUKAJADI, KOTA PEKANBARU, RIAU",7,106,78,184
https://kawalpemilu.org#15779,"KAMPUNG MELAYU, SUKAJADI, KOTA PEKANBARU, RIAU",8,133,126,259
https://kawalpemilu.org#15779,"KAMPUNG MELAYU, SUKAJADI, KOTA PEKANBARU, RIAU",9,79,101,180
https://kawalpemilu.org#15779,"KAMPUNG MELAYU, SUKAJADI, KOTA PEKANBARU, RIAU",10,128,155,283
https://kawalpemilu.org#15779,"KAMPUNG MELAYU, SUKAJADI, KOTA PEKANBARU, RIAU",11,63,141,204
https://kawalpemilu.org#15779,"KAMPUNG MELAYU, SUKAJADI, KOTA PEKANBARU, RIAU",12,104,106,210
https://kawalpemilu.org#15779,"KAMPUNG MELAYU, SUKAJADI, KOTA PEKANBARU, RIAU",13,66,169,235
https://kawalpemilu.org#15779,"KAMPUNG MELAYU, SUKAJADI, KOTA PEKANBARU, RIAU",14,41,79,120
https://kawalpemilu.org#15779,"KAMPUNG MELAYU, SUKAJADI, KOTA PEKANBARU, RIAU",15,68,140,208
https://kawalpemilu.org#15779,"KAMPUNG MELAYU, SUKAJADI, KOTA PEKANBARU, RIAU",16,63,123,186
https://kawalpemilu.org#15779,"KAMPUNG MELAYU, SUKAJADI, KOTA PEKANBARU, RIAU",17,56,205,261
https://kawalpemilu.org#15779,"KAMPUNG MELAYU, SUKAJADI, KOTA PEKANBARU, RIAU",18,51,169,220
https://kawalpemilu.org#15779,"KAMPUNG MELAYU, SUKAJADI, KOTA PEKANBARU, RIAU",19,40,82,122
https://kawalpemilu.org#15780,"KEDUNG SARI, SUKAJADI, KOTA PEKANBARU, RIAU",1,72,168,240
https://kawalpemilu.org#15780,"KEDUNG SARI, SUKAJADI, KOTA PEKANBARU, RIAU",2,65,155,220
https://kawalpemilu.org#15780,"KEDUNG SARI, SUKAJADI, KOTA PEKANBARU, RIAU",3,90,166,256
https://kawalpemilu.org#15780,"KEDUNG SARI, SUKAJADI, KOTA PEKANBARU, RIAU",4,110,112,222
https://kawalpemilu.org#15780,"KEDUNG SARI, SUKAJADI, KOTA PEKANBARU, RIAU",5,95,105,200
https://kawalpemilu.org#15780,"KEDUNG SARI, SUKAJADI, KOTA PEKANBARU, RIAU",6,110,122,232
https://kawalpemilu.org#15780,"KEDUNG SARI, SUKAJADI, KOTA PEKANBARU, RIAU",7,63,186,249
https://kawalpemilu.org#15780,"KEDUNG SARI, SUKAJADI, KOTA PEKANBARU, RIAU",8,49,183,232
https://kawalpemilu.org#15780,"KEDUNG SARI, SUKAJADI, KOTA PEKANBARU, RIAU",9,62,156,218
https://kawalpemilu.org#15780,"KEDUNG SARI, SUKAJADI, KOTA PEKANBARU, RIAU",10,59,169,228
https://kawalpemilu.org#15780,"KEDUNG SARI, SUKAJADI, KOTA PEKANBARU, RIAU",11,16,125,141
https://kawalpemilu.org#15780,"KEDUNG SARI, SUKAJADI, KOTA PEKANBARU, RIAU",12,25,120,145
https://kawalpemilu.org#15780,"KEDUNG SARI, SUKAJADI, KOTA PEKANBARU, RIAU",13,52,173,225
https://kawalpemilu.org#15780,"KEDUNG SARI, SUKAJADI, KOTA PEKANBARU, RIAU",14,66,174,246
https://kawalpemilu.org#15780,"KEDUNG SARI, SUKAJADI, KOTA PEKANBARU, RIAU",15,67,137,204
https://kawalpemilu.org#15780,"KEDUNG SARI, SUKAJADI, KOTA PEKANBARU, RIAU",16,38,121,159
https://kawalpemilu.org#15780,"KEDUNG SARI, SUKAJADI, KOTA PEKANBARU, RIAU",17,49,170,219
https://kawalpemilu.org#15781,"HARJOSARI, SUKAJADI, KOTA PEKANBARU, RIAU",1,148,76,224
https://kawalpemilu.org#15781,"HARJOSARI, SUKAJADI, KOTA PEKANBARU, RIAU",2,147,93,240
https://kawalpemilu.org#15781,"HARJOSARI, SUKAJADI, KOTA PEKANBARU, RIAU",3,34,103,137
https://kawalpemilu.org#15781,"HARJOSARI, SUKAJADI, KOTA PEKANBARU, RIAU",4,58,86,144
https://kawalpemilu.org#15781,"HARJOSARI, SUKAJADI, KOTA PEKANBARU, RIAU",5,55,187,242
https://kawalpemilu.org#15781,"HARJOSARI, SUKAJADI, KOTA PEKANBARU, RIAU",6,43,155,198
https://kawalpemilu.org#15781,"HARJOSARI, SUKAJADI, KOTA PEKANBARU, RIAU",7,43,137,180
https://kawalpemilu.org#15781,"HARJOSARI, SUKAJADI, KOTA PEKANBARU, RIAU",8,53,183,236
https://kawalpemilu.org#15781,"HARJOSARI, SUKAJADI, KOTA PEKANBARU, RIAU",9,42,149,191
https://kawalpemilu.org#15781,"HARJOSARI, SUKAJADI, KOTA PEKANBARU, RIAU",10,39,125,164
https://kawalpemilu.org#15781,"HARJOSARI, SUKAJADI, KOTA PEKANBARU, RIAU",11,76,188,264
https://kawalpemilu.org#15781,"HARJOSARI, SUKAJADI, KOTA PEKANBARU, RIAU",12,110,149,259
https://kawalpemilu.org#15781,"HARJOSARI, SUKAJADI, KOTA PEKANBARU, RIAU",13,34,118,152
https://kawalpemilu.org#15782,"SUKAJADI, SUKAJADI, KOTA PEKANBARU, RIAU",1,67,141,208
https://kawalpemilu.org#15782,"SUKAJADI, SUKAJADI, KOTA PEKANBARU, RIAU",2,26,204,230
https://kawalpemilu.org#15782,"SUKAJADI, SUKAJADI, KOTA PEKANBARU, RIAU",3,57,181,238
https://kawalpemilu.org#15782,"SUKAJADI, SUKAJADI, KOTA PEKANBARU, RIAU",4,46,159,205
https://kawalpemilu.org#15782,"SUKAJADI, SUKAJADI, KOTA PEKANBARU, RIAU",5,44,155,199
https://kawalpemilu.org#15782,"SUKAJADI, SUKAJADI, KOTA PEKANBARU, RIAU",6,88,151,239
https://kawalpemilu.org#15782,"SUKAJADI, SUKAJADI, KOTA PEKANBARU, RIAU",7,22,118,140
https://kawalpemilu.org#15782,"SUKAJADI, SUKAJADI, KOTA PEKANBARU, RIAU",8,41,153,194
https://kawalpemilu.org#15782,"SUKAJADI, SUKAJADI, KOTA PEKANBARU, RIAU",9,18,213,231
https://kawalpemilu.org#15782,"SUKAJADI, SUKAJADI, KOTA PEKANBARU, RIAU",10,26,204,230
https://kawalpemilu.org#15782,"SUKAJADI, SUKAJADI, KOTA PEKANBARU, RIAU",11,53,140,193
https://kawalpemilu.org#15782,"SUKAJADI, SUKAJADI, KOTA PEKANBARU, RIAU",12,70,151,221
https://kawalpemilu.org#15782,"SUKAJADI, SUKAJADI, KOTA PEKANBARU, RIAU",13,30,141,171
https://kawalpemilu.org#15782,"SUKAJADI, SUKAJADI, KOTA PEKANBARU, RIAU",14,47,117,164
https://kawalpemilu.org#15782,"SUKAJADI, SUKAJADI, KOTA PEKANBARU, RIAU",15,43,96,139
https://kawalpemilu.org#15782,"SUKAJADI, SUKAJADI, KOTA PEKANBARU, RIAU",16,56,167,223
https://kawalpemilu.org#15782,"SUKAJADI, SUKAJADI, KOTA PEKANBARU, RIAU",17,47,107,154
https://kawalpemilu.org#15782,"SUKAJADI, SUKAJADI, KOTA PEKANBARU, RIAU",18,47,122,169
https://kawalpemilu.org#15782,"SUKAJADI, SUKAJADI, KOTA PEKANBARU, RIAU",19,71,167,238
https://kawalpemilu.org#15782,"SUKAJADI, SUKAJADI, KOTA PEKANBARU, RIAU",20,40,195,235
https://kawalpemilu.org#15783,"PULAU KAROMAH, SUKAJADI, KOTA PEKANBARU, RIAU",1,61,118,179
https://kawalpemilu.org#15783,"PULAU KAROMAH, SUKAJADI, KOTA PEKANBARU, RIAU",2,85,107,192
https://kawalpemilu.org#15783,"PULAU KAROMAH, SUKAJADI, KOTA PEKANBARU, RIAU",3,48,118,166
https://kawalpemilu.org#15783,"PULAU KAROMAH, SUKAJADI, KOTA PEKANBARU, RIAU",4,12,165,177
https://kawalpemilu.org#15783,"PULAU KAROMAH, SUKAJADI, KOTA PEKANBARU, RIAU",5,17,149,166
https://kawalpemilu.org#15783,"PULAU KAROMAH, SUKAJADI, KOTA PEKANBARU, RIAU",6,44,136,180
https://kawalpemilu.org#15783,"PULAU KAROMAH, SUKAJADI, KOTA PEKANBARU, RIAU",7,29,217,246
https://kawalpemilu.org#15783,"PULAU KAROMAH, SUKAJADI, KOTA PEKANBARU, RIAU",8,27,142,169
https://kawalpemilu.org#15783,"PULAU KAROMAH, SUKAJADI, KOTA PEKANBARU, RIAU",9,22,218,240
https://kawalpemilu.org#15783,"PULAU KAROMAH, SUKAJADI, KOTA PEKANBARU, RIAU",10,23,115,138
https://kawalpemilu.org#15783,"PULAU KAROMAH, SUKAJADI, KOTA PEKANBARU, RIAU",11,27,134,161
https://kawalpemilu.org#15783,"PULAU KAROMAH, SUKAJADI, KOTA PEKANBARU, RIAU",12,57,157,213
https://kawalpemilu.org#15785,"SIMPANG EMPAT, PEKANBARU KOTA, KOTA PEKANBARU, RIAU",1,48,131,179
https://kawalpemilu.org#15785,"SIMPANG EMPAT, PEKANBARU KOTA, KOTA PEKANBARU, RIAU",2,52,177,229
https://kawalpemilu.org#15785,"SIMPANG EMPAT, PEKANBARU KOTA, KOTA PEKANBARU, RIAU",3,57,137,194
https://kawalpemilu.org#15785,"SIMPANG EMPAT, PEKANBARU KOTA, KOTA PEKANBARU, RIAU",4,65,84,149
https://kawalpemilu.org#15785,"SIMPANG EMPAT, PEKANBARU KOTA, KOTA PEKANBARU, RIAU",5,42,174,216
https://kawalpemilu.org#15786,"SUMAHILANG, PEKANBARU KOTA, KOTA PEKANBARU, RIAU",1,19,193,212
https://kawalpemilu.org#15786,"SUMAHILANG, PEKANBARU KOTA, KOTA PEKANBARU, RIAU",2,23,185,208
https://kawalpemilu.org#15786,"SUMAHILANG, PEKANBARU KOTA, KOTA PEKANBARU, RIAU",3,14,156,170
https://kawalpemilu.org#15786,"SUMAHILANG, PEKANBARU KOTA, KOTA PEKANBARU, RIAU",4,27,133,160
https://kawalpemilu.org#15786,"SUMAHILANG, PEKANBARU KOTA, KOTA PEKANBARU, RIAU",5,34,217,251
https://kawalpemilu.org#15786,"SUMAHILANG, PEKANBARU KOTA, KOTA PEKANBARU, RIAU",6,33,247,280
https://kawalpemilu.org#15786,"SUMAHILANG, PEKANBARU KOTA, KOTA PEKANBARU, RIAU",7,35,265,300
https://kawalpemilu.org#15786,"SUMAHILANG, PEKANBARU KOTA, KOTA PEKANBARU, RIAU",8,32,233,265
https://kawalpemilu.org#15786,"SUMAHILANG, PEKANBARU KOTA, KOTA PEKANBARU, RIAU",9,16,183,199
https://kawalpemilu.org#15786,"SUMAHILANG, PEKANBARU KOTA, KOTA PEKANBARU, RIAU",10,24,188,212
https://kawalpemilu.org#15786,"SUMAHILANG, PEKANBARU KOTA, KOTA PEKANBARU, RIAU",11,47,202,249
https://kawalpemilu.org#15787,"TANAH DATAR, PEKANBARU KOTA, KOTA PEKANBARU, RIAU",1,31,193,224
https://kawalpemilu.org#15787,"TANAH DATAR, PEKANBARU KOTA, KOTA PEKANBARU, RIAU",2,34,230,264
https://kawalpemilu.org#15787,"TANAH DATAR, PEKANBARU KOTA, KOTA PEKANBARU, RIAU",3,18,172,190
https://kawalpemilu.org#15787,"TANAH DATAR, PEKANBARU KOTA, KOTA PEKANBARU, RIAU",4,8,134,142
https://kawalpemilu.org#15787,"TANAH DATAR, PEKANBARU KOTA, KOTA PEKANBARU, RIAU",5,34,213,247
https://kawalpemilu.org#15787,"TANAH DATAR, PEKANBARU KOTA, KOTA PEKANBARU, RIAU",6,29,190,219
https://kawalpemilu.org#15787,"TANAH DATAR, PEKANBARU KOTA, KOTA PEKANBARU, RIAU",7,21,191,212
https://kawalpemilu.org#15787,"TANAH DATAR, PEKANBARU KOTA, KOTA PEKANBARU, RIAU",8,22,163,185
https://kawalpemilu.org#15787,"TANAH DATAR, PEKANBARU KOTA, KOTA PEKANBARU, RIAU",9,13,167,180
https://kawalpemilu.org#15787,"TANAH DATAR, PEKANBARU KOTA, KOTA PEKANBARU, RIAU",10,32,215,247
https://kawalpemilu.org#15787,"TANAH DATAR, PEKANBARU KOTA, KOTA PEKANBARU, RIAU",11,11,238,249
https://kawalpemilu.org#15787,"TANAH DATAR, PEKANBARU KOTA, KOTA PEKANBARU, RIAU",12,12,172,184
https://kawalpemilu.org#15787,"TANAH DATAR, PEKANBARU KOTA, KOTA PEKANBARU, RIAU",13,28,240,268
https://kawalpemilu.org#15788,"KOTA BARU, PEKANBARU KOTA, KOTA PEKANBARU, RIAU",1,64,175,239
https://kawalpemilu.org#15788,"KOTA BARU, PEKANBARU KOTA, KOTA PEKANBARU, RIAU",2,53,91,144
https://kawalpemilu.org#15788,"KOTA BARU, PEKANBARU KOTA, KOTA PEKANBARU, RIAU",3,48,127,175
https://kawalpemilu.org#15788,"KOTA BARU, PEKANBARU KOTA, KOTA PEKANBARU, RIAU",4,21,183,204
https://kawalpemilu.org#15788,"KOTA BARU, PEKANBARU KOTA, KOTA PEKANBARU, RIAU",5,45,129,174
https://kawalpemilu.org#15788,"KOTA BARU, PEKANBARU KOTA, KOTA PEKANBARU, RIAU",6,27,96,123
https://kawalpemilu.org#15788,"KOTA BARU, PEKANBARU KOTA, KOTA PEKANBARU, RIAU",7,17,209,226
https://kawalpemilu.org#15788,"KOTA BARU, PEKANBARU KOTA, KOTA PEKANBARU, RIAU",8,12,170,182
https://kawalpemilu.org#15788,"KOTA BARU, PEKANBARU KOTA, KOTA PEKANBARU, RIAU",9,17,191,208
https://kawalpemilu.org#15788,"KOTA BARU, PEKANBARU KOTA, KOTA PEKANBARU, RIAU",10,19,124,143
https://kawalpemilu.org#15788,"KOTA BARU, PEKANBARU KOTA, KOTA PEKANBARU, RIAU",11,22,181,203
https://kawalpemilu.org#15788,"KOTA BARU, PEKANBARU KOTA, KOTA PEKANBARU, RIAU",12,28,135,163
https://kawalpemilu.org#15789,"SUKARAMAI, PEKANBARU KOTA, KOTA PEKANBARU, RIAU",1,44,92,136
https://kawalpemilu.org#15789,"SUKARAMAI, PEKANBARU KOTA, KOTA PEKANBARU, RIAU",2,110,66,176
https://kawalpemilu.org#15789,"SUKARAMAI, PEKANBARU KOTA, KOTA PEKANBARU, RIAU",3,23,210,233
https://kawalpemilu.org#15789,"SUKARAMAI, PEKANBARU KOTA, KOTA PEKANBARU, RIAU",5,41,202,243
https://kawalpemilu.org#15789,"SUKARAMAI, PEKANBARU KOTA, KOTA PEKANBARU, RIAU",6,44,182,226
https://kawalpemilu.org#15789,"SUKARAMAI, PEKANBARU KOTA, KOTA PEKANBARU, RIAU",7,17,173,190
https://kawalpemilu.org#15789,"SUKARAMAI, PEKANBARU KOTA, KOTA PEKANBARU, RIAU",8,23,190,213
https://kawalpemilu.org#15789,"SUKARAMAI, PEKANBARU KOTA, KOTA PEKANBARU, RIAU",9,33,220,253
https://kawalpemilu.org#15789,"SUKARAMAI, PEKANBARU KOTA, KOTA PEKANBARU, RIAU",10,15,156,171
https://kawalpemilu.org#15789,"SUKARAMAI, PEKANBARU KOTA, KOTA PEKANBARU, RIAU",11,15,200,215
https://kawalpemilu.org#15789,"SUKARAMAI, PEKANBARU KOTA, KOTA PEKANBARU, RIAU",12,13,158,171
https://kawalpemilu.org#15790,"KOTA TINGGI, PEKANBARU KOTA, KOTA PEKANBARU, RIAU",1,51,125,176
https://kawalpemilu.org#15790,"KOTA TINGGI, PEKANBARU KOTA, KOTA PEKANBARU, RIAU",2,98,97,195
https://kawalpemilu.org#15790,"KOTA TINGGI, PEKANBARU KOTA, KOTA PEKANBARU, RIAU",3,67,172,239
https://kawalpemilu.org#15790,"KOTA TINGGI, PEKANBARU KOTA, KOTA PEKANBARU, RIAU",4,125,120,245
https://kawalpemilu.org#15790,"KOTA TINGGI, PEKANBARU KOTA, KOTA PEKANBARU, RIAU",5,38,104,142
https://kawalpemilu.org#15790,"KOTA TINGGI, PEKANBARU KOTA, KOTA PEKANBARU, RIAU",6,29,156,185
https://kawalpemilu.org#15790,"KOTA TINGGI, PEKANBARU KOTA, KOTA PEKANBARU, RIAU",7,45,97,142
https://kawalpemilu.org#15792,"CINTA RAJA, SAIL, KOTA PEKANBARU, RIAU",1,14,124,138
https://kawalpemilu.org#15792,"CINTA RAJA, SAIL, KOTA PEKANBARU, RIAU",2,44,215,259
https://kawalpemilu.org#15792,"CINTA RAJA, SAIL, KOTA PEKANBARU, RIAU",3,32,223,255
https://kawalpemilu.org#15792,"CINTA RAJA, SAIL, KOTA PEKANBARU, RIAU",5,31,113,144
https://kawalpemilu.org#15792,"CINTA RAJA, SAIL, KOTA PEKANBARU, RIAU",6,40,118,158
https://kawalpemilu.org#15792,"CINTA RAJA, SAIL, KOTA PEKANBARU, RIAU",7,37,189,226
https://kawalpemilu.org#15792,"CINTA RAJA, SAIL, KOTA PEKANBARU, RIAU",8,37,181,218
https://kawalpemilu.org#15792,"CINTA RAJA, SAIL, KOTA PEKANBARU, RIAU",9,34,182,216
https://kawalpemilu.org#15792,"CINTA RAJA, SAIL, KOTA PEKANBARU, RIAU",10,23,124,147
https://kawalpemilu.org#15792,"CINTA RAJA, SAIL, KOTA PEKANBARU, RIAU",11,17,109,126
https://kawalpemilu.org#15792,"CINTA RAJA, SAIL, KOTA PEKANBARU, RIAU",12,26,115,141
https://kawalpemilu.org#15792,"CINTA RAJA, SAIL, KOTA PEKANBARU, RIAU",13,39,171,210
https://kawalpemilu.org#15792,"CINTA RAJA, SAIL, KOTA PEKANBARU, RIAU",14,39,136,175
https://kawalpemilu.org#15792,"CINTA RAJA, SAIL, KOTA PEKANBARU, RIAU",15,26,126,152
https://kawalpemilu.org#15792,"CINTA RAJA, SAIL, KOTA PEKANBARU, RIAU",16,16,92,108
https://kawalpemilu.org#15793,"SUKAMULYA, SAIL, KOTA PEKANBARU, RIAU",1,23,157,180
https://kawalpemilu.org#15793,"SUKAMULYA, SAIL, KOTA PEKANBARU, RIAU",2,49,127,176
https://kawalpemilu.org#15793,"SUKAMULYA, SAIL, KOTA PEKANBARU, RIAU",3,56,119,175
https://kawalpemilu.org#15793,"SUKAMULYA, SAIL, KOTA PEKANBARU, RIAU",4,30,113,143
https://kawalpemilu.org#15793,"SUKAMULYA, SAIL, KOTA PEKANBARU, RIAU",5,26,154,180
https://kawalpemilu.org#15793,"SUKAMULYA, SAIL, KOTA PEKANBARU, RIAU",6,54,187,241
https://kawalpemilu.org#15793,"SUKAMULYA, SAIL, KOTA PEKANBARU, RIAU",7,39,160,199
https://kawalpemilu.org#15793,"SUKAMULYA, SAIL, KOTA PEKANBARU, RIAU",8,37,130,167
https://kawalpemilu.org#15793,"SUKAMULYA, SAIL, KOTA PEKANBARU, RIAU",9,16,209,225
https://kawalpemilu.org#15793,"SUKAMULYA, SAIL, KOTA PEKANBARU, RIAU",10,17,185,202
https://kawalpemilu.org#15793,"SUKAMULYA, SAIL, KOTA PEKANBARU, RIAU",11,76,105,181
https://kawalpemilu.org#15793,"SUKAMULYA, SAIL, KOTA PEKANBARU, RIAU",12,44,119,163
https://kawalpemilu.org#15793,"SUKAMULYA, SAIL, KOTA PEKANBARU, RIAU",13,54,163,217
https://kawalpemilu.org#15793,"SUKAMULYA, SAIL, KOTA PEKANBARU, RIAU",14,0,0,0
https://kawalpemilu.org#15793,"SUKAMULYA, SAIL, KOTA PEKANBARU, RIAU",15,56,145,201
https://kawalpemilu.org#15793,"SUKAMULYA, SAIL, KOTA PEKANBARU, RIAU",16,38,164,202
https://kawalpemilu.org#15793,"SUKAMULYA, SAIL, KOTA PEKANBARU, RIAU",17,37,215,252
https://kawalpemilu.org#15793,"SUKAMULYA, SAIL, KOTA PEKANBARU, RIAU",18,54,157,211
https://kawalpemilu.org#15793,"SUKAMULYA, SAIL, KOTA PEKANBARU, RIAU",19,60,202,262
https://kawalpemilu.org#15793,"SUKAMULYA, SAIL, KOTA PEKANBARU, RIAU",20,56,153,209
https://kawalpemilu.org#15793,"SUKAMULYA, SAIL, KOTA PEKANBARU, RIAU",21,59,141,200
https://kawalpemilu.org#15793,"SUKAMULYA, SAIL, KOTA PEKANBARU, RIAU",22,33,134,167
https://kawalpemilu.org#15794,"SUKAMAJU, SAIL, KOTA PEKANBARU, RIAU",1,34,121,155
https://kawalpemilu.org#15794,"SUKAMAJU, SAIL, KOTA PEKANBARU, RIAU",2,31,151,185
https://kawalpemilu.org#15794,"SUKAMAJU, SAIL, KOTA PEKANBARU, RIAU",3,27,93,120
https://kawalpemilu.org#15794,"SUKAMAJU, SAIL, KOTA PEKANBARU, RIAU",4,28,127,155
https://kawalpemilu.org#15794,"SUKAMAJU, SAIL, KOTA PEKANBARU, RIAU",5,20,138,158
https://kawalpemilu.org#15794,"SUKAMAJU, SAIL, KOTA PEKANBARU, RIAU",6,38,205,243
https://kawalpemilu.org#15794,"SUKAMAJU, SAIL, KOTA PEKANBARU, RIAU",7,32,116,148
https://kawalpemilu.org#15794,"SUKAMAJU, SAIL, KOTA PEKANBARU, RIAU",8,45,96,141
https://kawalpemilu.org#15794,"SUKAMAJU, SAIL, KOTA PEKANBARU, RIAU",9,23,143,166
https://kawalpemilu.org#15794,"SUKAMAJU, SAIL, KOTA PEKANBARU, RIAU",10,9,149,158
https://kawalpemilu.org#15794,"SUKAMAJU, SAIL, KOTA PEKANBARU, RIAU",11,38,204,242
https://kawalpemilu.org#15794,"SUKAMAJU, SAIL, KOTA PEKANBARU, RIAU",12,29,177,206
https://kawalpemilu.org#15794,"SUKAMAJU, SAIL, KOTA PEKANBARU, RIAU",13,48,149,197
https://kawalpemilu.org#15794,"SUKAMAJU, SAIL, KOTA PEKANBARU, RIAU",14,77,182,259
https://kawalpemilu.org#15794,"SUKAMAJU, SAIL, KOTA PEKANBARU, RIAU",15,19,144,163
https://kawalpemilu.org#15794,"SUKAMAJU, SAIL, KOTA PEKANBARU, RIAU",16,27,130,157
https://kawalpemilu.org#15794,"SUKAMAJU, SAIL, KOTA PEKANBARU, RIAU",17,36,99,135
https://kawalpemilu.org#15794,"SUKAMAJU, SAIL, KOTA PEKANBARU, RIAU",18,18,116,134
https://kawalpemilu.org#15794,"SUKAMAJU, SAIL, KOTA PEKANBARU, RIAU",19,25,138,158
https://kawalpemilu.org#15794,"SUKAMAJU, SAIL, KOTA PEKANBARU, RIAU",20,19,129,148
https://kawalpemilu.org#15794,"SUKAMAJU, SAIL, KOTA PEKANBARU, RIAU",21,22,136,158
https://kawalpemilu.org#15794,"SUKAMAJU, SAIL, KOTA PEKANBARU, RIAU",22,33,140,173
https://kawalpemilu.org#15794,"SUKAMAJU, SAIL, KOTA PEKANBARU, RIAU",23,43,124,167
https://kawalpemilu.org#15794,"SUKAMAJU, SAIL, KOTA PEKANBARU, RIAU",24,28,109,137
https://kawalpemilu.org#15794,"SUKAMAJU, SAIL, KOTA PEKANBARU, RIAU",25,19,105,124
https://kawalpemilu.org#15796,"RINTIS, LIMA PULUH, KOTA PEKANBARU, RIAU",1,68,111,179
https://kawalpemilu.org#15796,"RINTIS, LIMA PULUH, KOTA PEKANBARU, RIAU",2,39,142,181
https://kawalpemilu.org#15796,"RINTIS, LIMA PULUH, KOTA PEKANBARU, RIAU",3,56,167,223
https://kawalpemilu.org#15796,"RINTIS, LIMA PULUH, KOTA PEKANBARU, RIAU",4,125,119,244
https://kawalpemilu.org#15796,"RINTIS, LIMA PULUH, KOTA PEKANBARU, RIAU",5,123,98,221
https://kawalpemilu.org#15796,"RINTIS, LIMA PULUH, KOTA PEKANBARU, RIAU",6,90,62,152
https://kawalpemilu.org#15796,"RINTIS, LIMA PULUH, KOTA PEKANBARU, RIAU",7,137,111,248
https://kawalpemilu.org#15796,"RINTIS, LIMA PULUH, KOTA PEKANBARU, RIAU",8,113,74,187
https://kawalpemilu.org#15796,"RINTIS, LIMA PULUH, KOTA PEKANBARU, RIAU",9,54,110,164
https://kawalpemilu.org#15796,"RINTIS, LIMA PULUH, KOTA PEKANBARU, RIAU",10,96,119,215
https://kawalpemilu.org#15796,"RINTIS, LIMA PULUH, KOTA PEKANBARU, RIAU",11,78,133,211
https://kawalpemilu.org#15796,"RINTIS, LIMA PULUH, KOTA PEKANBARU, RIAU",12,99,121,220
https://kawalpemilu.org#15796,"RINTIS, LIMA PULUH, KOTA PEKANBARU, RIAU",13,56,165,221
https://kawalpemilu.org#15796,"RINTIS, LIMA PULUH, KOTA PEKANBARU, RIAU",14,158,124,282
https://kawalpemilu.org#15796,"RINTIS, LIMA PULUH, KOTA PEKANBARU, RIAU",15,69,144,213
https://kawalpemilu.org#15796,"RINTIS, LIMA PULUH, KOTA PEKANBARU, RIAU",16,93,68,161
https://kawalpemilu.org#15796,"RINTIS, LIMA PULUH, KOTA PEKANBARU, RIAU",18,94,79,173
https://kawalpemilu.org#15797,"TANJUNG RHU, LIMA PULUH, KOTA PEKANBARU, RIAU",1,94,123,217
https://kawalpemilu.org#15797,"TANJUNG RHU, LIMA PULUH, KOTA PEKANBARU, RIAU",2,105,68,173
https://kawalpemilu.org#15797,"TANJUNG RHU, LIMA PULUH, KOTA PEKANBARU, RIAU",3,108,131,239
https://kawalpemilu.org#15797,"TANJUNG RHU, LIMA PULUH, KOTA PEKANBARU, RIAU",4,73,80,153
https://kawalpemilu.org#15797,"TANJUNG RHU, LIMA PULUH, KOTA PEKANBARU, RIAU",5,124,80,204
https://kawalpemilu.org#15797,"TANJUNG RHU, LIMA PULUH, KOTA PEKANBARU, RIAU",6,115,55,170
https://kawalpemilu.org#15797,"TANJUNG RHU, LIMA PULUH, KOTA PEKANBARU, RIAU",7,102,133,235
https://kawalpemilu.org#15797,"TANJUNG RHU, LIMA PULUH, KOTA PEKANBARU, RIAU",8,72,74,146
https://kawalpemilu.org#15797,"TANJUNG RHU, LIMA PULUH, KOTA PEKANBARU, RIAU",9,138,108,246
https://kawalpemilu.org#15797,"TANJUNG RHU, LIMA PULUH, KOTA PEKANBARU, RIAU",10,62,116,178
https://kawalpemilu.org#15797,"TANJUNG RHU, LIMA PULUH, KOTA PEKANBARU, RIAU",11,61,142,203
https://kawalpemilu.org#15797,"TANJUNG RHU, LIMA PULUH, KOTA PEKANBARU, RIAU",12,45,113,158
https://kawalpemilu.org#15797,"TANJUNG RHU, LIMA PULUH, KOTA PEKANBARU, RIAU",13,126,133,259
https://kawalpemilu.org#15797,"TANJUNG RHU, LIMA PULUH, KOTA PEKANBARU, RIAU",14,116,87,203
https://kawalpemilu.org#15797,"TANJUNG RHU, LIMA PULUH, KOTA PEKANBARU, RIAU",15,61,73,134
https://kawalpemilu.org#15797,"TANJUNG RHU, LIMA PULUH, KOTA PEKANBARU, RIAU",16,40,67,107
https://kawalpemilu.org#15797,"TANJUNG RHU, LIMA PULUH, KOTA PEKANBARU, RIAU",17,64,136,200
https://kawalpemilu.org#15797,"TANJUNG RHU, LIMA PULUH, KOTA PEKANBARU, RIAU",18,245,20,265
https://kawalpemilu.org#15797,"TANJUNG RHU, LIMA PULUH, KOTA PEKANBARU, RIAU",19,132,118,250
https://kawalpemilu.org#15797,"TANJUNG RHU, LIMA PULUH, KOTA PEKANBARU, RIAU",20,82,90,172
https://kawalpemilu.org#15797,"TANJUNG RHU, LIMA PULUH, KOTA PEKANBARU, RIAU",22,111,21,132
https://kawalpemilu.org#15797,"TANJUNG RHU, LIMA PULUH, KOTA PEKANBARU, RIAU",23,185,102,287
https://kawalpemilu.org#15797,"TANJUNG RHU, LIMA PULUH, KOTA PEKANBARU, RIAU",24,177,82,259
https://kawalpemilu.org#15797,"TANJUNG RHU, LIMA PULUH, KOTA PEKANBARU, RIAU",25,72,111,183
https://kawalpemilu.org#15797,"TANJUNG RHU, LIMA PULUH, KOTA PEKANBARU, RIAU",27,41,143,184
https://kawalpemilu.org#15797,"TANJUNG RHU, LIMA PULUH, KOTA PEKANBARU, RIAU",28,232,44,276
https://kawalpemilu.org#15797,"TANJUNG RHU, LIMA PULUH, KOTA PEKANBARU, RIAU",29,94,6,100
https://kawalpemilu.org#15797,"TANJUNG RHU, LIMA PULUH, KOTA PEKANBARU, RIAU",30,173,113,286
https://kawalpemilu.org#15797,"TANJUNG RHU, LIMA PULUH, KOTA PEKANBARU, RIAU",31,111,132,243
https://kawalpemilu.org#15797,"TANJUNG RHU, LIMA PULUH, KOTA PEKANBARU, RIAU",32,57,141,198
https://kawalpemilu.org#15797,"TANJUNG RHU, LIMA PULUH, KOTA PEKANBARU, RIAU",33,122,102,224
https://kawalpemilu.org#15797,"TANJUNG RHU, LIMA PULUH, KOTA PEKANBARU, RIAU",34,198,88,281
https://kawalpemilu.org#15797,"TANJUNG RHU, LIMA PULUH, KOTA PEKANBARU, RIAU",35,117,132,249
https://kawalpemilu.org#15797,"TANJUNG RHU, LIMA PULUH, KOTA PEKANBARU, RIAU",36,57,96,153
https://kawalpemilu.org#15797,"TANJUNG RHU, LIMA PULUH, KOTA PEKANBARU, RIAU",37,23,235,258
https://kawalpemilu.org#15797,"TANJUNG RHU, LIMA PULUH, KOTA PEKANBARU, RIAU",38,42,166,208
https://kawalpemilu.org#15797,"TANJUNG RHU, LIMA PULUH, KOTA PEKANBARU, RIAU",39,90,55,145
https://kawalpemilu.org#15797,"TANJUNG RHU, LIMA PULUH, KOTA PEKANBARU, RIAU",40,64,97,161
https://kawalpemilu.org#15797,"TANJUNG RHU, LIMA PULUH, KOTA PEKANBARU, RIAU",41,42,117,159
https://kawalpemilu.org#15797,"TANJUNG RHU, LIMA PULUH, KOTA PEKANBARU, RIAU",42,139,20,159
https://kawalpemilu.org#15798,"PESISIR, LIMA PULUH, KOTA PEKANBARU, RIAU",1,9,89,98
https://kawalpemilu.org#15798,"PESISIR, LIMA PULUH, KOTA PEKANBARU, RIAU",2,22,260,282
https://kawalpemilu.org#15798,"PESISIR, LIMA PULUH, KOTA PEKANBARU, RIAU",3,37,212,249
https://kawalpemilu.org#15798,"PESISIR, LIMA PULUH, KOTA PEKANBARU, RIAU",4,25,168,193
https://kawalpemilu.org#15798,"PESISIR, LIMA PULUH, KOTA PEKANBARU, RIAU",5,26,235,261
https://kawalpemilu.org#15798,"PESISIR, LIMA PULUH, KOTA PEKANBARU, RIAU",7,53,84,137
https://kawalpemilu.org#15798,"PESISIR, LIMA PULUH, KOTA PEKANBARU, RIAU",8,27,159,186
https://kawalpemilu.org#15798,"PESISIR, LIMA PULUH, KOTA PEKANBARU, RIAU",9,31,145,176
https://kawalpemilu.org#15798,"PESISIR, LIMA PULUH, KOTA PEKANBARU, RIAU",10,28,70,98
https://kawalpemilu.org#15798,"PESISIR, LIMA PULUH, KOTA PEKANBARU, RIAU",11,133,98,231
https://kawalpemilu.org#15798,"PESISIR, LIMA PULUH, KOTA PEKANBARU, RIAU",12,37,79,116
https://kawalpemilu.org#15798,"PESISIR, LIMA PULUH, KOTA PEKANBARU, RIAU",13,97,44,141
https://kawalpemilu.org#15798,"PESISIR, LIMA PULUH, KOTA PEKANBARU, RIAU",14,87,204,291
https://kawalpemilu.org#15798,"PESISIR, LIMA PULUH, KOTA PEKANBARU, RIAU",15,100,59,159
https://kawalpemilu.org#15798,"PESISIR, LIMA PULUH, KOTA PEKANBARU, RIAU",16,143,11,154
https://kawalpemilu.org#15798,"PESISIR, LIMA PULUH, KOTA PEKANBARU, RIAU",17,115,51,166
https://kawalpemilu.org#15798,"PESISIR, LIMA PULUH, KOTA PEKANBARU, RIAU",18,57,57,114
https://kawalpemilu.org#15798,"PESISIR, LIMA PULUH, KOTA PEKANBARU, RIAU",19,51,86,137
https://kawalpemilu.org#15798,"PESISIR, LIMA PULUH, KOTA PEKANBARU, RIAU",20,34,92,126
https://kawalpemilu.org#15798,"PESISIR, LIMA PULUH, KOTA PEKANBARU, RIAU",21,68,63,131
https://kawalpemilu.org#15798,"PESISIR, LIMA PULUH, KOTA PEKANBARU, RIAU",22,51,152,203
https://kawalpemilu.org#15798,"PESISIR, LIMA PULUH, KOTA PEKANBARU, RIAU",23,70,89,159
https://kawalpemilu.org#15798,"PESISIR, LIMA PULUH, KOTA PEKANBARU, RIAU",24,166,84,250
https://kawalpemilu.org#15798,"PESISIR, LIMA PULUH, KOTA PEKANBARU, RIAU",25,65,222,287
https://kawalpemilu.org#15798,"PESISIR, LIMA PULUH, KOTA PEKANBARU, RIAU",26,20,139,159
https://kawalpemilu.org#15798,"PESISIR, LIMA PULUH, KOTA PEKANBARU, RIAU",27,29,127,156
https://kawalpemilu.org#15798,"PESISIR, LIMA PULUH, KOTA PEKANBARU, RIAU",28,52,113,165
https://kawalpemilu.org#15798,"PESISIR, LIMA PULUH, KOTA PEKANBARU, RIAU",29,91,49,140
https://kawalpemilu.org#15798,"PESISIR, LIMA PULUH, KOTA PEKANBARU, RIAU",30,24,133,157
https://kawalpemilu.org#15799,"SEKIP, LIMA PULUH, KOTA PEKANBARU, RIAU",1,88,95,183
https://kawalpemilu.org#15799,"SEKIP, LIMA PULUH, KOTA PEKANBARU, RIAU",2,76,78,154
https://kawalpemilu.org#15799,"SEKIP, LIMA PULUH, KOTA PEKANBARU, RIAU",3,91,71,162
https://kawalpemilu.org#15799,"SEKIP, LIMA PULUH, KOTA PEKANBARU, RIAU",4,117,97,214
https://kawalpemilu.org#15799,"SEKIP, LIMA PULUH, KOTA PEKANBARU, RIAU",5,163,113,276
https://kawalpemilu.org#15799,"SEKIP, LIMA PULUH, KOTA PEKANBARU, RIAU",6,117,68,185
https://kawalpemilu.org#15799,"SEKIP, LIMA PULUH, KOTA PEKANBARU, RIAU",7,62,123,185
https://kawalpemilu.org#15799,"SEKIP, LIMA PULUH, KOTA PEKANBARU, RIAU",8,41,93,134
https://kawalpemilu.org#15799,"SEKIP, LIMA PULUH, KOTA PEKANBARU, RIAU",9,148,88,236
https://kawalpemilu.org#15799,"SEKIP, LIMA PULUH, KOTA PEKANBARU, RIAU",10,86,125,211
https://kawalpemilu.org#15799,"SEKIP, LIMA PULUH, KOTA PEKANBARU, RIAU",11,138,14,152
https://kawalpemilu.org#15799,"SEKIP, LIMA PULUH, KOTA PEKANBARU, RIAU",12,219,14,233
https://kawalpemilu.org#15799,"SEKIP, LIMA PULUH, KOTA PEKANBARU, RIAU",13,168,42,210
https://kawalpemilu.org#15799,"SEKIP, LIMA PULUH, KOTA PEKANBARU, RIAU",14,58,242,300
https://kawalpemilu.org#15799,"SEKIP, LIMA PULUH, KOTA PEKANBARU, RIAU",15,75,131,206
https://kawalpemilu.org#15799,"SEKIP, LIMA PULUH, KOTA PEKANBARU, RIAU",16,63,232,295
https://kawalpemilu.org#15799,"SEKIP, LIMA PULUH, KOTA PEKANBARU, RIAU",17,36,190,226
https://kawalpemilu.org#15799,"SEKIP, LIMA PULUH, KOTA PEKANBARU, RIAU",18,46,181,227
https://kawalpemilu.org#15801,"PADANG BULAN, SENAPELAN, KOTA PEKANBARU, RIAU",1,100,107,207
https://kawalpemilu.org#15801,"PADANG BULAN, SENAPELAN, KOTA PEKANBARU, RIAU",2,57,120,177
https://kawalpemilu.org#15801,"PADANG BULAN, SENAPELAN, KOTA PEKANBARU, RIAU",3,36,172,208
https://kawalpemilu.org#15801,"PADANG BULAN, SENAPELAN, KOTA PEKANBARU, RIAU",4,72,162,234
https://kawalpemilu.org#15801,"PADANG BULAN, SENAPELAN, KOTA PEKANBARU, RIAU",5,33,134,167
https://kawalpemilu.org#15801,"PADANG BULAN, SENAPELAN, KOTA PEKANBARU, RIAU",6,63,98,161
https://kawalpemilu.org#15801,"PADANG BULAN, SENAPELAN, KOTA PEKANBARU, RIAU",7,11,111,122
https://kawalpemilu.org#15801,"PADANG BULAN, SENAPELAN, KOTA PEKANBARU, RIAU",8,49,141,190
https://kawalpemilu.org#15801,"PADANG BULAN, SENAPELAN, KOTA PEKANBARU, RIAU",9,26,168,194
https://kawalpemilu.org#15801,"PADANG BULAN, SENAPELAN, KOTA PEKANBARU, RIAU",10,38,100,138
https://kawalpemilu.org#15801,"PADANG BULAN, SENAPELAN, KOTA PEKANBARU, RIAU",11,54,172,226
https://kawalpemilu.org#15801,"PADANG BULAN, SENAPELAN, KOTA PEKANBARU, RIAU",12,53,219,279
https://kawalpemilu.org#15801,"PADANG BULAN, SENAPELAN, KOTA PEKANBARU, RIAU",13,50,234,284
https://kawalpemilu.org#15801,"PADANG BULAN, SENAPELAN, KOTA PEKANBARU, RIAU",14,64,124,188
https://kawalpemilu.org#15801,"PADANG BULAN, SENAPELAN, KOTA PEKANBARU, RIAU",15,88,157,245
https://kawalpemilu.org#15801,"PADANG BULAN, SENAPELAN, KOTA PEKANBARU, RIAU",16,81,132,213
https://kawalpemilu.org#15801,"PADANG BULAN, SENAPELAN, KOTA PEKANBARU, RIAU",17,120,172,292
https://kawalpemilu.org#15801,"PADANG BULAN, SENAPELAN, KOTA PEKANBARU, RIAU",18,69,96,165
https://kawalpemilu.org#15801,"PADANG BULAN, SENAPELAN, KOTA PEKANBARU, RIAU",19,117,81,198
https://kawalpemilu.org#15801,"PADANG BULAN, SENAPELAN, KOTA PEKANBARU, RIAU",20,99,181,280
https://kawalpemilu.org#15801,"PADANG BULAN, SENAPELAN, KOTA PEKANBARU, RIAU",21,58,173,231
https://kawalpemilu.org#15801,"PADANG BULAN, SENAPELAN, KOTA PEKANBARU, RIAU",22,71,155,226
https://kawalpemilu.org#15801,"PADANG BULAN, SENAPELAN, KOTA PEKANBARU, RIAU",23,80,106,186
https://kawalpemilu.org#15801,"PADANG BULAN, SENAPELAN, KOTA PEKANBARU, RIAU",24,106,103,209
https://kawalpemilu.org#15802,"SAGO, SENAPELAN, KOTA PEKANBARU, RIAU",1,66,150,216
https://kawalpemilu.org#15802,"SAGO, SENAPELAN, KOTA PEKANBARU, RIAU",2,105,125,230
https://kawalpemilu.org#15802,"SAGO, SENAPELAN, KOTA PEKANBARU, RIAU",3,134,34,168
https://kawalpemilu.org#15802,"SAGO, SENAPELAN, KOTA PEKANBARU, RIAU",4,24,157,181
https://kawalpemilu.org#15802,"SAGO, SENAPELAN, KOTA PEKANBARU, RIAU",5,111,77,188
https://kawalpemilu.org#15802,"SAGO, SENAPELAN, KOTA PEKANBARU, RIAU",6,149,74,223
https://kawalpemilu.org#15803,"KAMPUNG BARU, SENAPELAN, KOTA PEKANBARU, RIAU",1,103,90,193
https://kawalpemilu.org#15803,"KAMPUNG BARU, SENAPELAN, KOTA PEKANBARU, RIAU",2,102,120,222
https://kawalpemilu.org#15803,"KAMPUNG BARU, SENAPELAN, KOTA PEKANBARU, RIAU",3,115,74,189
https://kawalpemilu.org#15803,"KAMPUNG BARU, SENAPELAN, KOTA PEKANBARU, RIAU",4,80,64,144
https://kawalpemilu.org#15803,"KAMPUNG BARU, SENAPELAN, KOTA PEKANBARU, RIAU",5,123,162,285
https://kawalpemilu.org#15803,"KAMPUNG BARU, SENAPELAN, KOTA PEKANBARU, RIAU",6,55,124,179
https://kawalpemilu.org#15803,"KAMPUNG BARU, SENAPELAN, KOTA PEKANBARU, RIAU",7,103,126,229
https://kawalpemilu.org#15803,"KAMPUNG BARU, SENAPELAN, KOTA PEKANBARU, RIAU",8,122,157,279
https://kawalpemilu.org#15803,"KAMPUNG BARU, SENAPELAN, KOTA PEKANBARU, RIAU",9,34,175,209
https://kawalpemilu.org#15803,"KAMPUNG BARU, SENAPELAN, KOTA PEKANBARU, RIAU",10,68,147,215
https://kawalpemilu.org#15803,"KAMPUNG BARU, SENAPELAN, KOTA PEKANBARU, RIAU",11,44,146,190
https://kawalpemilu.org#15803,"KAMPUNG BARU, SENAPELAN, KOTA PEKANBARU, RIAU",12,23,178,201
https://kawalpemilu.org#15803,"KAMPUNG BARU, SENAPELAN, KOTA PEKANBARU, RIAU",13,123,105,228
https://kawalpemilu.org#15803,"KAMPUNG BARU, SENAPELAN, KOTA PEKANBARU, RIAU",14,25,128,153
https://kawalpemilu.org#15803,"KAMPUNG BARU, SENAPELAN, KOTA PEKANBARU, RIAU",15,31,148,179
https://kawalpemilu.org#15803,"KAMPUNG BARU, SENAPELAN, KOTA PEKANBARU, RIAU",16,51,149,200
https://kawalpemilu.org#15803,"KAMPUNG BARU, SENAPELAN, KOTA PEKANBARU, RIAU",17,25,211,236
https://kawalpemilu.org#15803,"KAMPUNG BARU, SENAPELAN, KOTA PEKANBARU, RIAU",18,28,230,258
https://kawalpemilu.org#15803,"KAMPUNG BARU, SENAPELAN, KOTA PEKANBARU, RIAU",19,31,182,213
https://kawalpemilu.org#15803,"KAMPUNG BARU, SENAPELAN, KOTA PEKANBARU, RIAU",20,64,172,236
https://kawalpemilu.org#15803,"KAMPUNG BARU, SENAPELAN, KOTA PEKANBARU, RIAU",21,121,142,263
https://kawalpemilu.org#15803,"KAMPUNG BARU, SENAPELAN, KOTA PEKANBARU, RIAU",22,87,105,192
https://kawalpemilu.org#15803,"KAMPUNG BARU, SENAPELAN, KOTA PEKANBARU, RIAU",23,58,155,213
https://kawalpemilu.org#15803,"KAMPUNG BARU, SENAPELAN, KOTA PEKANBARU, RIAU",24,103,100,203
https://kawalpemilu.org#15803,"KAMPUNG BARU, SENAPELAN, KOTA PEKANBARU, RIAU",25,72,97,169
https://kawalpemilu.org#15804,"KAMPUNG DALAM, SENAPELAN, KOTA PEKANBARU, RIAU",1,114,68,182
https://kawalpemilu.org#15804,"KAMPUNG DALAM, SENAPELAN, KOTA PEKANBARU, RIAU",2,79,124,203
https://kawalpemilu.org#15804,"KAMPUNG DALAM, SENAPELAN, KOTA PEKANBARU, RIAU",3,91,128,219
https://kawalpemilu.org#15804,"KAMPUNG DALAM, SENAPELAN, KOTA PEKANBARU, RIAU",4,49,79,125
https://kawalpemilu.org#15804,"KAMPUNG DALAM, SENAPELAN, KOTA PEKANBARU, RIAU",5,36,177,213
https://kawalpemilu.org#15804,"KAMPUNG DALAM, SENAPELAN, KOTA PEKANBARU, RIAU",6,12,191,203
https://kawalpemilu.org#15804,"KAMPUNG DALAM, SENAPELAN, KOTA PEKANBARU, RIAU",7,26,210,236
https://kawalpemilu.org#15804,"KAMPUNG DALAM, SENAPELAN, KOTA PEKANBARU, RIAU",8,13,127,140
https://kawalpemilu.org#15805,"KAMPUNG BANDAR, SENAPELAN, KOTA PEKANBARU, RIAU",1,54,142,196
https://kawalpemilu.org#15805,"KAMPUNG BANDAR, SENAPELAN, KOTA PEKANBARU, RIAU",2,19,238,257
https://kawalpemilu.org#15805,"KAMPUNG BANDAR, SENAPELAN, KOTA PEKANBARU, RIAU",3,16,152,168
https://kawalpemilu.org#15805,"KAMPUNG BANDAR, SENAPELAN, KOTA PEKANBARU, RIAU",4,18,164,182
https://kawalpemilu.org#15805,"KAMPUNG BANDAR, SENAPELAN, KOTA PEKANBARU, RIAU",5,29,181,210
https://kawalpemilu.org#15805,"KAMPUNG BANDAR, SENAPELAN, KOTA PEKANBARU, RIAU",6,20,107,127
https://kawalpemilu.org#15805,"KAMPUNG BANDAR, SENAPELAN, KOTA PEKANBARU, RIAU",7,69,146,215
https://kawalpemilu.org#15805,"KAMPUNG BANDAR, SENAPELAN, KOTA PEKANBARU, RIAU",8,61,152,213
https://kawalpemilu.org#15805,"KAMPUNG BANDAR, SENAPELAN, KOTA PEKANBARU, RIAU",9,68,145,213
https://kawalpemilu.org#15805,"KAMPUNG BANDAR, SENAPELAN, KOTA PEKANBARU, RIAU",10,120,70,190
https://kawalpemilu.org#15805,"KAMPUNG BANDAR, SENAPELAN, KOTA PEKANBARU, RIAU",11,89,135,224
https://kawalpemilu.org#15805,"KAMPUNG BANDAR, SENAPELAN, KOTA PEKANBARU, RIAU",12,39,136,175
https://kawalpemilu.org#15805,"KAMPUNG BANDAR, SENAPELAN, KOTA PEKANBARU, RIAU",13,38,100,138
https://kawalpemilu.org#15806,"PADANG TERUBUK, SENAPELAN, KOTA PEKANBARU, RIAU",1,64,88,152
https://kawalpemilu.org#15806,"PADANG TERUBUK, SENAPELAN, KOTA PEKANBARU, RIAU",2,67,101,168
https://kawalpemilu.org#15806,"PADANG TERUBUK, SENAPELAN, KOTA PEKANBARU, RIAU",3,61,190,251
https://kawalpemilu.org#15806,"PADANG TERUBUK, SENAPELAN, KOTA PEKANBARU, RIAU",4,81,178,259
https://kawalpemilu.org#15806,"PADANG TERUBUK, SENAPELAN, KOTA PEKANBARU, RIAU",5,59,213,272
https://kawalpemilu.org#15806,"PADANG TERUBUK, SENAPELAN, KOTA PEKANBARU, RIAU",6,53,116,169
https://kawalpemilu.org#15806,"PADANG TERUBUK, SENAPELAN, KOTA PEKANBARU, RIAU",7,83,56,139
https://kawalpemilu.org#15806,"PADANG TERUBUK, SENAPELAN, KOTA PEKANBARU, RIAU",8,63,87,150
https://kawalpemilu.org#15806,"PADANG TERUBUK, SENAPELAN, KOTA PEKANBARU, RIAU",9,97,166,262
https://kawalpemilu.org#15806,"PADANG TERUBUK, SENAPELAN, KOTA PEKANBARU, RIAU",10,63,77,140
https://kawalpemilu.org#15806,"PADANG TERUBUK, SENAPELAN, KOTA PEKANBARU, RIAU",11,31,126,157
https://kawalpemilu.org#15806,"PADANG TERUBUK, SENAPELAN, KOTA PEKANBARU, RIAU",12,61,167,228
https://kawalpemilu.org#15806,"PADANG TERUBUK, SENAPELAN, KOTA PEKANBARU, RIAU",13,96,70,166
https://kawalpemilu.org#15806,"PADANG TERUBUK, SENAPELAN, KOTA PEKANBARU, RIAU",14,114,120,234
https://kawalpemilu.org#15806,"PADANG TERUBUK, SENAPELAN, KOTA PEKANBARU, RIAU",15,126,80,206
https://kawalpemilu.org#15806,"PADANG TERUBUK, SENAPELAN, KOTA PEKANBARU, RIAU",16,101,58,159
https://kawalpemilu.org#15806,"PADANG TERUBUK, SENAPELAN, KOTA PEKANBARU, RIAU",17,106,91,0
https://kawalpemilu.org#15806,"PADANG TERUBUK, SENAPELAN, KOTA PEKANBARU, RIAU",18,59,151,210
https://kawalpemilu.org#15806,"PADANG TERUBUK, SENAPELAN, KOTA PEKANBARU, RIAU",19,202,60,262
https://kawalpemilu.org#15808,"RUMBAI BUKIT, RUMBAI, KOTA PEKANBARU, RIAU",1,62,131,193
https://kawalpemilu.org#15808,"RUMBAI BUKIT, RUMBAI, KOTA PEKANBARU, RIAU",2,76,145,221
https://kawalpemilu.org#15808,"RUMBAI BUKIT, RUMBAI, KOTA PEKANBARU, RIAU",3,31,217,248
https://kawalpemilu.org#15808,"RUMBAI BUKIT, RUMBAI, KOTA PEKANBARU, RIAU",4,73,109,182
https://kawalpemilu.org#15808,"RUMBAI BUKIT, RUMBAI, KOTA PEKANBARU, RIAU",5,52,171,223
https://kawalpemilu.org#15808,"RUMBAI BUKIT, RUMBAI, KOTA PEKANBARU, RIAU",6,35,122,157
https://kawalpemilu.org#15808,"RUMBAI BUKIT, RUMBAI, KOTA PEKANBARU, RIAU",7,182,10,192
https://kawalpemilu.org#15808,"RUMBAI BUKIT, RUMBAI, KOTA PEKANBARU, RIAU",8,83,66,149
https://kawalpemilu.org#15808,"RUMBAI BUKIT, RUMBAI, KOTA PEKANBARU, RIAU",9,138,62,200
https://kawalpemilu.org#15808,"RUMBAI BUKIT, RUMBAI, KOTA PEKANBARU, RIAU",10,45,150,195
https://kawalpemilu.org#15808,"RUMBAI BUKIT, RUMBAI, KOTA PEKANBARU, RIAU",11,59,91,150
https://kawalpemilu.org#15808,"RUMBAI BUKIT, RUMBAI, KOTA PEKANBARU, RIAU",12,150,7,157
https://kawalpemilu.org#15808,"RUMBAI BUKIT, RUMBAI, KOTA PEKANBARU, RIAU",13,37,85,122
https://kawalpemilu.org#15809,"MUARAFAJAR TIMUR, RUMBAI, KOTA PEKANBARU, RIAU",1,60,115,175
https://kawalpemilu.org#15809,"MUARAFAJAR TIMUR, RUMBAI, KOTA PEKANBARU, RIAU",2,146,52,198
https://kawalpemilu.org#15809,"MUARAFAJAR TIMUR, RUMBAI, KOTA PEKANBARU, RIAU",3,72,52,124
https://kawalpemilu.org#15809,"MUARAFAJAR TIMUR, RUMBAI, KOTA PEKANBARU, RIAU",4,118,68,186
https://kawalpemilu.org#15809,"MUARAFAJAR TIMUR, RUMBAI, KOTA PEKANBARU, RIAU",5,73,140,213
https://kawalpemilu.org#15809,"MUARAFAJAR TIMUR, RUMBAI, KOTA PEKANBARU, RIAU",6,120,29,149
https://kawalpemilu.org#15809,"MUARAFAJAR TIMUR, RUMBAI, KOTA PEKANBARU, RIAU",7,27,43,70
https://kawalpemilu.org#15809,"MUARAFAJAR TIMUR, RUMBAI, KOTA PEKANBARU, RIAU",8,38,151,189
https://kawalpemilu.org#15809,"MUARAFAJAR TIMUR, RUMBAI, KOTA PEKANBARU, RIAU",9,15,100,115
https://kawalpemilu.org#15809,"MUARAFAJAR TIMUR, RUMBAI, KOTA PEKANBARU, RIAU",10,85,140,225
https://kawalpemilu.org#15809,"MUARAFAJAR TIMUR, RUMBAI, KOTA PEKANBARU, RIAU",11,56,83,139
https://kawalpemilu.org#15809,"MUARAFAJAR TIMUR, RUMBAI, KOTA PEKANBARU, RIAU",12,91,73,164
https://kawalpemilu.org#15809,"MUARAFAJAR TIMUR, RUMBAI, KOTA PEKANBARU, RIAU",13,98,64,162
https://kawalpemilu.org#15809,"MUARAFAJAR TIMUR, RUMBAI, KOTA PEKANBARU, RIAU",14,134,52,186
https://kawalpemilu.org#15809,"MUARAFAJAR TIMUR, RUMBAI, KOTA PEKANBARU, RIAU",15,34,151,185
https://kawalpemilu.org#15809,"MUARAFAJAR TIMUR, RUMBAI, KOTA PEKANBARU, RIAU",16,48,96,144
https://kawalpemilu.org#15810,"UMBAN SARI, RUMBAI, KOTA PEKANBARU, RIAU",1,25,193,218
https://kawalpemilu.org#15810,"UMBAN SARI, RUMBAI, KOTA PEKANBARU, RIAU",2,35,202,237
https://kawalpemilu.org#15810,"UMBAN SARI, RUMBAI, KOTA PEKANBARU, RIAU",3,40,135,175
https://kawalpemilu.org#15810,"UMBAN SARI, RUMBAI, KOTA PEKANBARU, RIAU",4,101,86,187
https://kawalpemilu.org#15810,"UMBAN SARI, RUMBAI, KOTA PEKANBARU, RIAU",5,17,114,129
https://kawalpemilu.org#15810,"UMBAN SARI, RUMBAI, KOTA PEKANBARU, RIAU",6,24,186,210
https://kawalpemilu.org#15810,"UMBAN SARI, RUMBAI, KOTA PEKANBARU, RIAU",7,63,135,198
https://kawalpemilu.org#15810,"UMBAN SARI, RUMBAI, KOTA PEKANBARU, RIAU",8,49,143,192
https://kawalpemilu.org#15810,"UMBAN SARI, RUMBAI, KOTA PEKANBARU, RIAU",9,73,100,173
https://kawalpemilu.org#15810,"UMBAN SARI, RUMBAI, KOTA PEKANBARU, RIAU",10,30,216,246
https://kawalpemilu.org#15810,"UMBAN SARI, RUMBAI, KOTA PEKANBARU, RIAU",11,44,194,238
https://kawalpemilu.org#15810,"UMBAN SARI, RUMBAI, KOTA PEKANBARU, RIAU",12,61,183,244
https://kawalpemilu.org#15810,"UMBAN SARI, RUMBAI, KOTA PEKANBARU, RIAU",13,35,172,207
https://kawalpemilu.org#15810,"UMBAN SARI, RUMBAI, KOTA PEKANBARU, RIAU",14,54,231,285
https://kawalpemilu.org#15810,"UMBAN SARI, RUMBAI, KOTA PEKANBARU, RIAU",15,21,145,166
https://kawalpemilu.org#15810,"UMBAN SARI, RUMBAI, KOTA PEKANBARU, RIAU",16,38,162,200
https://kawalpemilu.org#15810,"UMBAN SARI, RUMBAI, KOTA PEKANBARU, RIAU",17,42,143,185
https://kawalpemilu.org#15810,"UMBAN SARI, RUMBAI, KOTA PEKANBARU, RIAU",18,43,183,226
https://kawalpemilu.org#15810,"UMBAN SARI, RUMBAI, KOTA PEKANBARU, RIAU",19,81,145,226
https://kawalpemilu.org#15810,"UMBAN SARI, RUMBAI, KOTA PEKANBARU, RIAU",20,54,147,201
https://kawalpemilu.org#15810,"UMBAN SARI, RUMBAI, KOTA PEKANBARU, RIAU",21,48,221,269
https://kawalpemilu.org#15810,"UMBAN SARI, RUMBAI, KOTA PEKANBARU, RIAU",22,72,193,265
https://kawalpemilu.org#15810,"UMBAN SARI, RUMBAI, KOTA PEKANBARU, RIAU",23,46,199,245
https://kawalpemilu.org#15810,"UMBAN SARI, RUMBAI, KOTA PEKANBARU, RIAU",24,82,150,232
https://kawalpemilu.org#15810,"UMBAN SARI, RUMBAI, KOTA PEKANBARU, RIAU",25,116,165,281
https://kawalpemilu.org#15810,"UMBAN SARI, RUMBAI, KOTA PEKANBARU, RIAU",26,165,88,253
https://kawalpemilu.org#15810,"UMBAN SARI, RUMBAI, KOTA PEKANBARU, RIAU",27,51,192,243
https://kawalpemilu.org#15810,"UMBAN SARI, RUMBAI, KOTA PEKANBARU, RIAU",28,51,170,221
https://kawalpemilu.org#15810,"UMBAN SARI, RUMBAI, KOTA PEKANBARU, RIAU",29,255,38,293
https://kawalpemilu.org#15810,"UMBAN SARI, RUMBAI, KOTA PEKANBARU, RIAU",30,82,164,246
https://kawalpemilu.org#15810,"UMBAN SARI, RUMBAI, KOTA PEKANBARU, RIAU",31,7,100,107
https://kawalpemilu.org#15810,"UMBAN SARI, RUMBAI, KOTA PEKANBARU, RIAU",32,47,130,177
https://kawalpemilu.org#15810,"UMBAN SARI, RUMBAI, KOTA PEKANBARU, RIAU",33,46,178,224
https://kawalpemilu.org#15810,"UMBAN SARI, RUMBAI, KOTA PEKANBARU, RIAU",34,30,155,185
https://kawalpemilu.org#15810,"UMBAN SARI, RUMBAI, KOTA PEKANBARU, RIAU",35,116,28,144
https://kawalpemilu.org#15810,"UMBAN SARI, RUMBAI, KOTA PEKANBARU, RIAU",36,23,134,157
https://kawalpemilu.org#15810,"UMBAN SARI, RUMBAI, KOTA PEKANBARU, RIAU",37,28,134,162
https://kawalpemilu.org#15810,"UMBAN SARI, RUMBAI, KOTA PEKANBARU, RIAU",38,37,216,253
https://kawalpemilu.org#15810,"UMBAN SARI, RUMBAI, KOTA PEKANBARU, RIAU",39,46,157,203
https://kawalpemilu.org#15810,"UMBAN SARI, RUMBAI, KOTA PEKANBARU, RIAU",40,27,110,137
https://kawalpemilu.org#15810,"UMBAN SARI, RUMBAI, KOTA PEKANBARU, RIAU",41,29,115,144
https://kawalpemilu.org#15810,"UMBAN SARI, RUMBAI, KOTA PEKANBARU, RIAU",42,45,118,163
https://kawalpemilu.org#15811,"SRI MERANTI, RUMBAI, KOTA PEKANBARU, RIAU",1,31,176,207
https://kawalpemilu.org#15811,"SRI MERANTI, RUMBAI, KOTA PEKANBARU, RIAU",2,35,193,228
https://kawalpemilu.org#15811,"SRI MERANTI, RUMBAI, KOTA PEKANBARU, RIAU",3,48,187,235
https://kawalpemilu.org#15811,"SRI MERANTI, RUMBAI, KOTA PEKANBARU, RIAU",4,44,196,240
https://kawalpemilu.org#15811,"SRI MERANTI, RUMBAI, KOTA PEKANBARU, RIAU",5,41,196,237
https://kawalpemilu.org#15811,"SRI MERANTI, RUMBAI, KOTA PEKANBARU, RIAU",6,60,178,238
https://kawalpemilu.org#15811,"SRI MERANTI, RUMBAI, KOTA PEKANBARU, RIAU",7,28,175,203
https://kawalpemilu.org#15811,"SRI MERANTI, RUMBAI, KOTA PEKANBARU, RIAU",8,30,229,259
https://kawalpemilu.org#15811,"SRI MERANTI, RUMBAI, KOTA PEKANBARU, RIAU",9,56,164,220
https://kawalpemilu.org#15811,"SRI MERANTI, RUMBAI, KOTA PEKANBARU, RIAU",10,48,169,217
https://kawalpemilu.org#15811,"SRI MERANTI, RUMBAI, KOTA PEKANBARU, RIAU",11,66,183,249
https://kawalpemilu.org#15811,"SRI MERANTI, RUMBAI, KOTA PEKANBARU, RIAU",12,98,198,296
https://kawalpemilu.org#15811,"SRI MERANTI, RUMBAI, KOTA PEKANBARU, RIAU",13,89,168,257
https://kawalpemilu.org#15811,"SRI MERANTI, RUMBAI, KOTA PEKANBARU, RIAU",14,57,138,195
https://kawalpemilu.org#15811,"SRI MERANTI, RUMBAI, KOTA PEKANBARU, RIAU",15,28,157,185
https://kawalpemilu.org#15811,"SRI MERANTI, RUMBAI, KOTA PEKANBARU, RIAU",16,38,159,197
https://kawalpemilu.org#15811,"SRI MERANTI, RUMBAI, KOTA PEKANBARU, RIAU",17,66,193,259
https://kawalpemilu.org#15811,"SRI MERANTI, RUMBAI, KOTA PEKANBARU, RIAU",18,113,112,225
https://kawalpemilu.org#15811,"SRI MERANTI, RUMBAI, KOTA PEKANBARU, RIAU",19,40,150,190
https://kawalpemilu.org#15811,"SRI MERANTI, RUMBAI, KOTA PEKANBARU, RIAU",20,27,155,182
https://kawalpemilu.org#15811,"SRI MERANTI, RUMBAI, KOTA PEKANBARU, RIAU",21,41,168,209
https://kawalpemilu.org#15811,"SRI MERANTI, RUMBAI, KOTA PEKANBARU, RIAU",22,82,144,226
https://kawalpemilu.org#15811,"SRI MERANTI, RUMBAI, KOTA PEKANBARU, RIAU",23,98,139,237
https://kawalpemilu.org#15811,"SRI MERANTI, RUMBAI, KOTA PEKANBARU, RIAU",24,67,167,234
https://kawalpemilu.org#15811,"SRI MERANTI, RUMBAI, KOTA PEKANBARU, RIAU",25,69,162,231
https://kawalpemilu.org#15811,"SRI MERANTI, RUMBAI, KOTA PEKANBARU, RIAU",26,63,134,197
https://kawalpemilu.org#15811,"SRI MERANTI, RUMBAI, KOTA PEKANBARU, RIAU",27,89,107,196
https://kawalpemilu.org#15811,"SRI MERANTI, RUMBAI, KOTA PEKANBARU, RIAU",28,32,103,135
https://kawalpemilu.org#15811,"SRI MERANTI, RUMBAI, KOTA PEKANBARU, RIAU",29,23,92,115
https://kawalpemilu.org#15811,"SRI MERANTI, RUMBAI, KOTA PEKANBARU, RIAU",30,73,127,200
https://kawalpemilu.org#15811,"SRI MERANTI, RUMBAI, KOTA PEKANBARU, RIAU",31,16,142,158
https://kawalpemilu.org#15811,"SRI MERANTI, RUMBAI, KOTA PEKANBARU, RIAU",32,58,173,231
https://kawalpemilu.org#15811,"SRI MERANTI, RUMBAI, KOTA PEKANBARU, RIAU",33,58,161,219
https://kawalpemilu.org#15811,"SRI MERANTI, RUMBAI, KOTA PEKANBARU, RIAU",34,15,168,183
https://kawalpemilu.org#15811,"SRI MERANTI, RUMBAI, KOTA PEKANBARU, RIAU",35,188,49,237
https://kawalpemilu.org#15811,"SRI MERANTI, RUMBAI, KOTA PEKANBARU, RIAU",36,91,111,202
https://kawalpemilu.org#15811,"SRI MERANTI, RUMBAI, KOTA PEKANBARU, RIAU",37,67,218,285
https://kawalpemilu.org#15811,"SRI MERANTI, RUMBAI, KOTA PEKANBARU, RIAU",38,114,144,258
https://kawalpemilu.org#15811,"SRI MERANTI, RUMBAI, KOTA PEKANBARU, RIAU",39,38,175,213
https://kawalpemilu.org#15811,"SRI MERANTI, RUMBAI, KOTA PEKANBARU, RIAU",40,52,182,234
https://kawalpemilu.org#15811,"SRI MERANTI, RUMBAI, KOTA PEKANBARU, RIAU",41,38,151,189
https://kawalpemilu.org#15811,"SRI MERANTI, RUMBAI, KOTA PEKANBARU, RIAU",42,49,154,203
https://kawalpemilu.org#15811,"SRI MERANTI, RUMBAI, KOTA PEKANBARU, RIAU",43,18,176,194
https://kawalpemilu.org#15811,"SRI MERANTI, RUMBAI, KOTA PEKANBARU, RIAU",44,66,187,253
https://kawalpemilu.org#15811,"SRI MERANTI, RUMBAI, KOTA PEKANBARU, RIAU",45,59,147,206
https://kawalpemilu.org#15811,"SRI MERANTI, RUMBAI, KOTA PEKANBARU, RIAU",46,77,116,193
https://kawalpemilu.org#15811,"SRI MERANTI, RUMBAI, KOTA PEKANBARU, RIAU",47,42,111,153
https://kawalpemilu.org#15811,"SRI MERANTI, RUMBAI, KOTA PEKANBARU, RIAU",48,81,137,218
https://kawalpemilu.org#15811,"SRI MERANTI, RUMBAI, KOTA PEKANBARU, RIAU",49,46,118,164
https://kawalpemilu.org#15811,"SRI MERANTI, RUMBAI, KOTA PEKANBARU, RIAU",50,27,149,176
https://kawalpemilu.org#15811,"SRI MERANTI, RUMBAI, KOTA PEKANBARU, RIAU",51,55,147,202
https://kawalpemilu.org#15811,"SRI MERANTI, RUMBAI, KOTA PEKANBARU, RIAU",52,19,141,160
https://kawalpemilu.org#15811,"SRI MERANTI, RUMBAI, KOTA PEKANBARU, RIAU",53,68,49,117
https://kawalpemilu.org#15811,"SRI MERANTI, RUMBAI, KOTA PEKANBARU, RIAU",54,65,133,198
https://kawalpemilu.org#15811,"SRI MERANTI, RUMBAI, KOTA PEKANBARU, RIAU",55,33,48,81
https://kawalpemilu.org#15812,"PALAS, RUMBAI, KOTA PEKANBARU, RIAU",1,42,181,223
https://kawalpemilu.org#15812,"PALAS, RUMBAI, KOTA PEKANBARU, RIAU",2,66,135,201
https://kawalpemilu.org#15812,"PALAS, RUMBAI, KOTA PEKANBARU, RIAU",3,167,123,290
https://kawalpemilu.org#15812,"PALAS, RUMBAI, KOTA PEKANBARU, RIAU",4,174,13,187
https://kawalpemilu.org#15812,"PALAS, RUMBAI, KOTA PEKANBARU, RIAU",5,119,61,180
https://kawalpemilu.org#15812,"PALAS, RUMBAI, KOTA PEKANBARU, RIAU",6,175,9,184
https://kawalpemilu.org#15812,"PALAS, RUMBAI, KOTA PEKANBARU, RIAU",7,186,13,199
https://kawalpemilu.org#15812,"PALAS, RUMBAI, KOTA PEKANBARU, RIAU",8,213,30,243
https://kawalpemilu.org#15812,"PALAS, RUMBAI, KOTA PEKANBARU, RIAU",9,160,3,163
https://kawalpemilu.org#15812,"PALAS, RUMBAI, KOTA PEKANBARU, RIAU",10,279,3,282
https://kawalpemilu.org#15812,"PALAS, RUMBAI, KOTA PEKANBARU, RIAU",11,125,3,128
https://kawalpemilu.org#15812,"PALAS, RUMBAI, KOTA PEKANBARU, RIAU",12,209,6,215
https://kawalpemilu.org#15812,"PALAS, RUMBAI, KOTA PEKANBARU, RIAU",13,243,8,251
https://kawalpemilu.org#15812,"PALAS, RUMBAI, KOTA PEKANBARU, RIAU",14,46,76,122
https://kawalpemilu.org#15812,"PALAS, RUMBAI, KOTA PEKANBARU, RIAU",15,20,102,122
https://kawalpemilu.org#15812,"PALAS, RUMBAI, KOTA PEKANBARU, RIAU",16,133,10,143
https://kawalpemilu.org#15812,"PALAS, RUMBAI, KOTA PEKANBARU, RIAU",17,118,50,168
https://kawalpemilu.org#15812,"PALAS, RUMBAI, KOTA PEKANBARU, RIAU",18,174,106,280
https://kawalpemilu.org#15812,"PALAS, RUMBAI, KOTA PEKANBARU, RIAU",19,185,7,192
https://kawalpemilu.org#15812,"PALAS, RUMBAI, KOTA PEKANBARU, RIAU",20,162,1,163
https://kawalpemilu.org#15812,"PALAS, RUMBAI, KOTA PEKANBARU, RIAU",21,189,4,193
https://kawalpemilu.org#15812,"PALAS, RUMBAI, KOTA PEKANBARU, RIAU",22,127,5,132
https://kawalpemilu.org#931174,"MAHARANI, RUMBAI, KOTA PEKANBARU, RIAU",1,43,117,160
https://kawalpemilu.org#931174,"MAHARANI, RUMBAI, KOTA PEKANBARU, RIAU",2,45,151,196
https://kawalpemilu.org#931174,"MAHARANI, RUMBAI, KOTA PEKANBARU, RIAU",3,30,126,156
https://kawalpemilu.org#931174,"MAHARANI, RUMBAI, KOTA PEKANBARU, RIAU",4,27,160,187
https://kawalpemilu.org#931174,"MAHARANI, RUMBAI, KOTA PEKANBARU, RIAU",5,77,114,191
https://kawalpemilu.org#931174,"MAHARANI, RUMBAI, KOTA PEKANBARU, RIAU",6,29,154,183
https://kawalpemilu.org#931174,"MAHARANI, RUMBAI, KOTA PEKANBARU, RIAU",7,56,103,159
https://kawalpemilu.org#931175,"AGRO WISATA, RUMBAI, KOTA PEKANBARU, RIAU",1,54,146,200
https://kawalpemilu.org#931175,"AGRO WISATA, RUMBAI, KOTA PEKANBARU, RIAU",2,108,73,181
https://kawalpemilu.org#931175,"AGRO WISATA, RUMBAI, KOTA PEKANBARU, RIAU",3,45,136,181
https://kawalpemilu.org#931175,"AGRO WISATA, RUMBAI, KOTA PEKANBARU, RIAU",4,124,95,219
https://kawalpemilu.org#931175,"AGRO WISATA, RUMBAI, KOTA PEKANBARU, RIAU",5,15,96,111
https://kawalpemilu.org#931175,"AGRO WISATA, RUMBAI, KOTA PEKANBARU, RIAU",6,145,4,149
https://kawalpemilu.org#931175,"AGRO WISATA, RUMBAI, KOTA PEKANBARU, RIAU",7,143,2,145
https://kawalpemilu.org#931175,"AGRO WISATA, RUMBAI, KOTA PEKANBARU, RIAU",8,83,94,177
https://kawalpemilu.org#931175,"AGRO WISATA, RUMBAI, KOTA PEKANBARU, RIAU",9,35,147,182
https://kawalpemilu.org#931175,"AGRO WISATA, RUMBAI, KOTA PEKANBARU, RIAU",10,57,91,148
https://kawalpemilu.org#931175,"AGRO WISATA, RUMBAI, KOTA PEKANBARU, RIAU",11,85,92,177
https://kawalpemilu.org#931176,"RANTAU PANJANG, RUMBAI, KOTA PEKANBARU, RIAU",1,47,104,151
https://kawalpemilu.org#931176,"RANTAU PANJANG, RUMBAI, KOTA PEKANBARU, RIAU",2,48,86,134
https://kawalpemilu.org#931176,"RANTAU PANJANG, RUMBAI, KOTA PEKANBARU, RIAU",3,67,92,159
https://kawalpemilu.org#931176,"RANTAU PANJANG, RUMBAI, KOTA PEKANBARU, RIAU",4,47,87,134
https://kawalpemilu.org#931176,"RANTAU PANJANG, RUMBAI, KOTA PEKANBARU, RIAU",5,72,69,141
https://kawalpemilu.org#931177,"MUARAFAJAR BARAT, RUMBAI, KOTA PEKANBARU, RIAU",1,164,67,231
https://kawalpemilu.org#931177,"MUARAFAJAR BARAT, RUMBAI, KOTA PEKANBARU, RIAU",2,92,104,196
https://kawalpemilu.org#931177,"MUARAFAJAR BARAT, RUMBAI, KOTA PEKANBARU, RIAU",3,104,118,222
https://kawalpemilu.org#931177,"MUARAFAJAR BARAT, RUMBAI, KOTA PEKANBARU, RIAU",4,33,109,142
https://kawalpemilu.org#931177,"MUARAFAJAR BARAT, RUMBAI, KOTA PEKANBARU, RIAU",5,72,95,167
https://kawalpemilu.org#931177,"MUARAFAJAR BARAT, RUMBAI, KOTA PEKANBARU, RIAU",6,100,126,226
https://kawalpemilu.org#931177,"MUARAFAJAR BARAT, RUMBAI, KOTA PEKANBARU, RIAU",7,30,149,179
https://kawalpemilu.org#931177,"MUARAFAJAR BARAT, RUMBAI, KOTA PEKANBARU, RIAU",8,76,140,216
https://kawalpemilu.org#931177,"MUARAFAJAR BARAT, RUMBAI, KOTA PEKANBARU, RIAU",9,65,164,229
https://kawalpemilu.org#931177,"MUARAFAJAR BARAT, RUMBAI, KOTA PEKANBARU, RIAU",10,56,89,145
https://kawalpemilu.org#931177,"MUARAFAJAR BARAT, RUMBAI, KOTA PEKANBARU, RIAU",11,58,132,190
https://kawalpemilu.org#931177,"MUARAFAJAR BARAT, RUMBAI, KOTA PEKANBARU, RIAU",12,198,34,232
https://kawalpemilu.org#931177,"MUARAFAJAR BARAT, RUMBAI, KOTA PEKANBARU, RIAU",13,47,93,140
https://kawalpemilu.org#931177,"MUARAFAJAR BARAT, RUMBAI, KOTA PEKANBARU, RIAU",14,23,59,82
https://kawalpemilu.org#931177,"MUARAFAJAR BARAT, RUMBAI, KOTA PEKANBARU, RIAU",15,46,148,194
https://kawalpemilu.org#15814,"SIMPANG TIGA, BUKIT RAYA, KOTA PEKANBARU, RIAU",1,50,135,185
https://kawalpemilu.org#15814,"SIMPANG TIGA, BUKIT RAYA, KOTA PEKANBARU, RIAU",2,34,134,168
https://kawalpemilu.org#15814,"SIMPANG TIGA, BUKIT RAYA, KOTA PEKANBARU, RIAU",3,44,198,242
https://kawalpemilu.org#15814,"SIMPANG TIGA, BUKIT RAYA, KOTA PEKANBARU, RIAU",4,27,202,229
https://kawalpemilu.org#15814,"SIMPANG TIGA, BUKIT RAYA, KOTA PEKANBARU, RIAU",5,50,192,242
https://kawalpemilu.org#15814,"SIMPANG TIGA, BUKIT RAYA, KOTA PEKANBARU, RIAU",6,54,161,215
https://kawalpemilu.org#15814,"SIMPANG TIGA, BUKIT RAYA, KOTA PEKANBARU, RIAU",7,58,158,216
https://kawalpemilu.org#15814,"SIMPANG TIGA, BUKIT RAYA, KOTA PEKANBARU, RIAU",8,37,185,222
https://kawalpemilu.org#15814,"SIMPANG TIGA, BUKIT RAYA, KOTA PEKANBARU, RIAU",9,45,173,218
https://kawalpemilu.org#15814,"SIMPANG TIGA, BUKIT RAYA, KOTA PEKANBARU, RIAU",10,43,178,221
https://kawalpemilu.org#15814,"SIMPANG TIGA, BUKIT RAYA, KOTA PEKANBARU, RIAU",11,28,164,192
https://kawalpemilu.org#15814,"SIMPANG TIGA, BUKIT RAYA, KOTA PEKANBARU, RIAU",12,48,171,219
https://kawalpemilu.org#15814,"SIMPANG TIGA, BUKIT RAYA, KOTA PEKANBARU, RIAU",13,74,199,273
https://kawalpemilu.org#15814,"SIMPANG TIGA, BUKIT RAYA, KOTA PEKANBARU, RIAU",14,41,144,185
https://kawalpemilu.org#15814,"SIMPANG TIGA, BUKIT RAYA, KOTA PEKANBARU, RIAU",15,35,156,191
https://kawalpemilu.org#15814,"SIMPANG TIGA, BUKIT RAYA, KOTA PEKANBARU, RIAU",16,38,209,247
https://kawalpemilu.org#15814,"SIMPANG TIGA, BUKIT RAYA, KOTA PEKANBARU, RIAU",17,31,194,225
https://kawalpemilu.org#15814,"SIMPANG TIGA, BUKIT RAYA, KOTA PEKANBARU, RIAU",18,64,124,188
https://kawalpemilu.org#15814,"SIMPANG TIGA, BUKIT RAYA, KOTA PEKANBARU, RIAU",19,49,211,260
https://kawalpemilu.org#15814,"SIMPANG TIGA, BUKIT RAYA, KOTA PEKANBARU, RIAU",20,37,244,281
https://kawalpemilu.org#15814,"SIMPANG TIGA, BUKIT RAYA, KOTA PEKANBARU, RIAU",21,31,153,184
https://kawalpemilu.org#15814,"SIMPANG TIGA, BUKIT RAYA, KOTA PEKANBARU, RIAU",22,24,171,195
https://kawalpemilu.org#15814,"SIMPANG TIGA, BUKIT RAYA, KOTA PEKANBARU, RIAU",23,55,192,247
https://kawalpemilu.org#15814,"SIMPANG TIGA, BUKIT RAYA, KOTA PEKANBARU, RIAU",24,31,204,235
https://kawalpemilu.org#15814,"SIMPANG TIGA, BUKIT RAYA, KOTA PEKANBARU, RIAU",25,41,169,210
https://kawalpemilu.org#15814,"SIMPANG TIGA, BUKIT RAYA, KOTA PEKANBARU, RIAU",26,35,190,225
https://kawalpemilu.org#15814,"SIMPANG TIGA, BUKIT RAYA, KOTA PEKANBARU, RIAU",27,38,201,239
https://kawalpemilu.org#15814,"SIMPANG TIGA, BUKIT RAYA, KOTA PEKANBARU, RIAU",28,51,145,196
https://kawalpemilu.org#15814,"SIMPANG TIGA, BUKIT RAYA, KOTA PEKANBARU, RIAU",29,40,109,149
https://kawalpemilu.org#15814,"SIMPANG TIGA, BUKIT RAYA, KOTA PEKANBARU, RIAU",30,18,130,148
https://kawalpemilu.org#15814,"SIMPANG TIGA, BUKIT RAYA, KOTA PEKANBARU, RIAU",31,21,149,170
https://kawalpemilu.org#15814,"SIMPANG TIGA, BUKIT RAYA, KOTA PEKANBARU, RIAU",33,54,206,260
https://kawalpemilu.org#15814,"SIMPANG TIGA, BUKIT RAYA, KOTA PEKANBARU, RIAU",34,34,122,156
https://kawalpemilu.org#15814,"SIMPANG TIGA, BUKIT RAYA, KOTA PEKANBARU, RIAU",35,17,140,157
https://kawalpemilu.org#15815,"TANGKERANG SELATAN, BUKIT RAYA, KOTA PEKANBARU, RIAU",1,47,296,343
https://kawalpemilu.org#15815,"TANGKERANG SELATAN, BUKIT RAYA, KOTA PEKANBARU, RIAU",2,24,140,164
https://kawalpemilu.org#15815,"TANGKERANG SELATAN, BUKIT RAYA, KOTA PEKANBARU, RIAU",3,23,238,261
https://kawalpemilu.org#15815,"TANGKERANG SELATAN, BUKIT RAYA, KOTA PEKANBARU, RIAU",4,34,200,234
https://kawalpemilu.org#15815,"TANGKERANG SELATAN, BUKIT RAYA, KOTA PEKANBARU, RIAU",5,14,189,203
https://kawalpemilu.org#15815,"TANGKERANG SELATAN, BUKIT RAYA, KOTA PEKANBARU, RIAU",6,26,173,199
https://kawalpemilu.org#15815,"TANGKERANG SELATAN, BUKIT RAYA, KOTA PEKANBARU, RIAU",7,44,116,160
https://kawalpemilu.org#15815,"TANGKERANG SELATAN, BUKIT RAYA, KOTA PEKANBARU, RIAU",8,30,223,253
https://kawalpemilu.org#15815,"TANGKERANG SELATAN, BUKIT RAYA, KOTA PEKANBARU, RIAU",9,76,138,214
https://kawalpemilu.org#15815,"TANGKERANG SELATAN, BUKIT RAYA, KOTA PEKANBARU, RIAU",10,61,127,188
https://kawalpemilu.org#15815,"TANGKERANG SELATAN, BUKIT RAYA, KOTA PEKANBARU, RIAU",11,44,177,221
https://kawalpemilu.org#15815,"TANGKERANG SELATAN, BUKIT RAYA, KOTA PEKANBARU, RIAU",12,63,228,291
https://kawalpemilu.org#15815,"TANGKERANG SELATAN, BUKIT RAYA, KOTA PEKANBARU, RIAU",13,39,132,171
https://kawalpemilu.org#15815,"TANGKERANG SELATAN, BUKIT RAYA, KOTA PEKANBARU, RIAU",14,37,210,247
https://kawalpemilu.org#15815,"TANGKERANG SELATAN, BUKIT RAYA, KOTA PEKANBARU, RIAU",15,57,132,189
https://kawalpemilu.org#15815,"TANGKERANG SELATAN, BUKIT RAYA, KOTA PEKANBARU, RIAU",16,56,185,241
https://kawalpemilu.org#15815,"TANGKERANG SELATAN, BUKIT RAYA, KOTA PEKANBARU, RIAU",17,60,229,289
https://kawalpemilu.org#15815,"TANGKERANG SELATAN, BUKIT RAYA, KOTA PEKANBARU, RIAU",18,45,173,218
https://kawalpemilu.org#15815,"TANGKERANG SELATAN, BUKIT RAYA, KOTA PEKANBARU, RIAU",19,39,95,134
https://kawalpemilu.org#15815,"TANGKERANG SELATAN, BUKIT RAYA, KOTA PEKANBARU, RIAU",20,38,162,200
https://kawalpemilu.org#15815,"TANGKERANG SELATAN, BUKIT RAYA, KOTA PEKANBARU, RIAU",21,33,206,239
https://kawalpemilu.org#15815,"TANGKERANG SELATAN, BUKIT RAYA, KOTA PEKANBARU, RIAU",22,76,192,268
https://kawalpemilu.org#15815,"TANGKERANG SELATAN, BUKIT RAYA, KOTA PEKANBARU, RIAU",23,35,172,207
https://kawalpemilu.org#15815,"TANGKERANG SELATAN, BUKIT RAYA, KOTA PEKANBARU, RIAU",24,36,213,249
https://kawalpemilu.org#15815,"TANGKERANG SELATAN, BUKIT RAYA, KOTA PEKANBARU, RIAU",25,42,233,275
https://kawalpemilu.org#15815,"TANGKERANG SELATAN, BUKIT RAYA, KOTA PEKANBARU, RIAU",26,11,202,213
https://kawalpemilu.org#15815,"TANGKERANG SELATAN, BUKIT RAYA, KOTA PEKANBARU, RIAU",27,35,203,238
https://kawalpemilu.org#15815,"TANGKERANG SELATAN, BUKIT RAYA, KOTA PEKANBARU, RIAU",28,25,126,151
https://kawalpemilu.org#15815,"TANGKERANG SELATAN, BUKIT RAYA, KOTA PEKANBARU, RIAU",29,51,133,184
https://kawalpemilu.org#15815,"TANGKERANG SELATAN, BUKIT RAYA, KOTA PEKANBARU, RIAU",30,33,184,217
https://kawalpemilu.org#15815,"TANGKERANG SELATAN, BUKIT RAYA, KOTA PEKANBARU, RIAU",31,28,158,186
https://kawalpemilu.org#15815,"TANGKERANG SELATAN, BUKIT RAYA, KOTA PEKANBARU, RIAU",32,31,192,223
https://kawalpemilu.org#15815,"TANGKERANG SELATAN, BUKIT RAYA, KOTA PEKANBARU, RIAU",33,26,175,201
https://kawalpemilu.org#15815,"TANGKERANG SELATAN, BUKIT RAYA, KOTA PEKANBARU, RIAU",34,51,241,292
https://kawalpemilu.org#15815,"TANGKERANG SELATAN, BUKIT RAYA, KOTA PEKANBARU, RIAU",35,19,187,206
https://kawalpemilu.org#15815,"TANGKERANG SELATAN, BUKIT RAYA, KOTA PEKANBARU, RIAU",36,28,169,197
https://kawalpemilu.org#15815,"TANGKERANG SELATAN, BUKIT RAYA, KOTA PEKANBARU, RIAU",37,25,200,225
https://kawalpemilu.org#15815,"TANGKERANG SELATAN, BUKIT RAYA, KOTA PEKANBARU, RIAU",38,43,132,175
https://kawalpemilu.org#15815,"TANGKERANG SELATAN, BUKIT RAYA, KOTA PEKANBARU, RIAU",39,63,75,138
https://kawalpemilu.org#15815,"TANGKERANG SELATAN, BUKIT RAYA, KOTA PEKANBARU, RIAU",40,19,97,116
https://kawalpemilu.org#15815,"TANGKERANG SELATAN, BUKIT RAYA, KOTA PEKANBARU, RIAU",41,43,129,172
https://kawalpemilu.org#15815,"TANGKERANG SELATAN, BUKIT RAYA, KOTA PEKANBARU, RIAU",42,26,91,117
https://kawalpemilu.org#15815,"TANGKERANG SELATAN, BUKIT RAYA, KOTA PEKANBARU, RIAU",43,20,154,174
https://kawalpemilu.org#15816,"TANGKERANG UTARA, BUKIT RAYA, KOTA PEKANBARU, RIAU",1,38,228,266
https://kawalpemilu.org#15816,"TANGKERANG UTARA, BUKIT RAYA, KOTA PEKANBARU, RIAU",2,15,141,156
https://kawalpemilu.org#15816,"TANGKERANG UTARA, BUKIT RAYA, KOTA PEKANBARU, RIAU",3,28,199,227
https://kawalpemilu.org#15816,"TANGKERANG UTARA, BUKIT RAYA, KOTA PEKANBARU, RIAU",4,33,132,165
https://kawalpemilu.org#15816,"TANGKERANG UTARA, BUKIT RAYA, KOTA PEKANBARU, RIAU",5,32,167,199
https://kawalpemilu.org#15816,"TANGKERANG UTARA, BUKIT RAYA, KOTA PEKANBARU, RIAU",6,33,223,256
https://kawalpemilu.org#15816,"TANGKERANG UTARA, BUKIT RAYA, KOTA PEKANBARU, RIAU",7,50,173,223
https://kawalpemilu.org#15816,"TANGKERANG UTARA, BUKIT RAYA, KOTA PEKANBARU, RIAU",8,64,154,218
https://kawalpemilu.org#15816,"TANGKERANG UTARA, BUKIT RAYA, KOTA PEKANBARU, RIAU",9,9,139,148
https://kawalpemilu.org#15816,"TANGKERANG UTARA, BUKIT RAYA, KOTA PEKANBARU, RIAU",10,34,221,255
https://kawalpemilu.org#15816,"TANGKERANG UTARA, BUKIT RAYA, KOTA PEKANBARU, RIAU",11,19,106,125
https://kawalpemilu.org#15816,"TANGKERANG UTARA, BUKIT RAYA, KOTA PEKANBARU, RIAU",12,46,180,226
https://kawalpemilu.org#15816,"TANGKERANG UTARA, BUKIT RAYA, KOTA PEKANBARU, RIAU",13,46,139,185
https://kawalpemilu.org#15816,"TANGKERANG UTARA, BUKIT RAYA, KOTA PEKANBARU, RIAU",14,68,157,225
https://kawalpemilu.org#15816,"TANGKERANG UTARA, BUKIT RAYA, KOTA PEKANBARU, RIAU",15,35,168,203
https://kawalpemilu.org#15816,"TANGKERANG UTARA, BUKIT RAYA, KOTA PEKANBARU, RIAU",16,27,123,150
https://kawalpemilu.org#15816,"TANGKERANG UTARA, BUKIT RAYA, KOTA PEKANBARU, RIAU",17,57,182,239
https://kawalpemilu.org#15816,"TANGKERANG UTARA, BUKIT RAYA, KOTA PEKANBARU, RIAU",18,18,175,193
https://kawalpemilu.org#15816,"TANGKERANG UTARA, BUKIT RAYA, KOTA PEKANBARU, RIAU",19,58,127,185
https://kawalpemilu.org#15816,"TANGKERANG UTARA, BUKIT RAYA, KOTA PEKANBARU, RIAU",20,42,170,212
https://kawalpemilu.org#15816,"TANGKERANG UTARA, BUKIT RAYA, KOTA PEKANBARU, RIAU",21,40,158,198
https://kawalpemilu.org#15816,"TANGKERANG UTARA, BUKIT RAYA, KOTA PEKANBARU, RIAU",22,31,196,227
https://kawalpemilu.org#15816,"TANGKERANG UTARA, BUKIT RAYA, KOTA PEKANBARU, RIAU",23,12,133,145
https://kawalpemilu.org#15816,"TANGKERANG UTARA, BUKIT RAYA, KOTA PEKANBARU, RIAU",24,14,40,54
https://kawalpemilu.org#15816,"TANGKERANG UTARA, BUKIT RAYA, KOTA PEKANBARU, RIAU",25,8,42,50
https://kawalpemilu.org#15816,"TANGKERANG UTARA, BUKIT RAYA, KOTA PEKANBARU, RIAU",26,52,225,277
https://kawalpemilu.org#15816,"TANGKERANG UTARA, BUKIT RAYA, KOTA PEKANBARU, RIAU",27,44,159,203
https://kawalpemilu.org#15816,"TANGKERANG UTARA, BUKIT RAYA, KOTA PEKANBARU, RIAU",28,68,207,275
https://kawalpemilu.org#15816,"TANGKERANG UTARA, BUKIT RAYA, KOTA PEKANBARU, RIAU",29,39,214,253
https://kawalpemilu.org#15816,"TANGKERANG UTARA, BUKIT RAYA, KOTA PEKANBARU, RIAU",30,123,122,245
https://kawalpemilu.org#15816,"TANGKERANG UTARA, BUKIT RAYA, KOTA PEKANBARU, RIAU",31,33,176,209
https://kawalpemilu.org#15816,"TANGKERANG UTARA, BUKIT RAYA, KOTA PEKANBARU, RIAU",32,22,228,250
https://kawalpemilu.org#15816,"TANGKERANG UTARA, BUKIT RAYA, KOTA PEKANBARU, RIAU",33,51,173,224
https://kawalpemilu.org#15816,"TANGKERANG UTARA, BUKIT RAYA, KOTA PEKANBARU, RIAU",34,79,165,244
https://kawalpemilu.org#15816,"TANGKERANG UTARA, BUKIT RAYA, KOTA PEKANBARU, RIAU",35,28,123,151
https://kawalpemilu.org#15816,"TANGKERANG UTARA, BUKIT RAYA, KOTA PEKANBARU, RIAU",37,23,117,140
https://kawalpemilu.org#15816,"TANGKERANG UTARA, BUKIT RAYA, KOTA PEKANBARU, RIAU",38,55,172,227
https://kawalpemilu.org#15816,"TANGKERANG UTARA, BUKIT RAYA, KOTA PEKANBARU, RIAU",39,29,119,148
https://kawalpemilu.org#15816,"TANGKERANG UTARA, BUKIT RAYA, KOTA PEKANBARU, RIAU",40,29,177,206
https://kawalpemilu.org#15816,"TANGKERANG UTARA, BUKIT RAYA, KOTA PEKANBARU, RIAU",41,27,126,153
https://kawalpemilu.org#15816,"TANGKERANG UTARA, BUKIT RAYA, KOTA PEKANBARU, RIAU",42,27,105,132
https://kawalpemilu.org#15816,"TANGKERANG UTARA, BUKIT RAYA, KOTA PEKANBARU, RIAU",43,44,163,207
https://kawalpemilu.org#15816,"TANGKERANG UTARA, BUKIT RAYA, KOTA PEKANBARU, RIAU",44,33,114,147
https://kawalpemilu.org#15816,"TANGKERANG UTARA, BUKIT RAYA, KOTA PEKANBARU, RIAU",45,18,104,122
https://kawalpemilu.org#15816,"TANGKERANG UTARA, BUKIT RAYA, KOTA PEKANBARU, RIAU",46,54,95,149
https://kawalpemilu.org#15816,"TANGKERANG UTARA, BUKIT RAYA, KOTA PEKANBARU, RIAU",47,31,124,155
https://kawalpemilu.org#15816,"TANGKERANG UTARA, BUKIT RAYA, KOTA PEKANBARU, RIAU",48,41,149,190
https://kawalpemilu.org#15816,"TANGKERANG UTARA, BUKIT RAYA, KOTA PEKANBARU, RIAU",49,47,174,221
https://kawalpemilu.org#15816,"TANGKERANG UTARA, BUKIT RAYA, KOTA PEKANBARU, RIAU",50,19,157,176
https://kawalpemilu.org#15816,"TANGKERANG UTARA, BUKIT RAYA, KOTA PEKANBARU, RIAU",51,24,114,138
https://kawalpemilu.org#15816,"TANGKERANG UTARA, BUKIT RAYA, KOTA PEKANBARU, RIAU",52,32,117,149
https://kawalpemilu.org#15816,"TANGKERANG UTARA, BUKIT RAYA, KOTA PEKANBARU, RIAU",53,39,165,204
https://kawalpemilu.org#15817,"TANGKERANG LABUAI, BUKIT RAYA, KOTA PEKANBARU, RIAU",1,35,197,232
https://kawalpemilu.org#15817,"TANGKERANG LABUAI, BUKIT RAYA, KOTA PEKANBARU, RIAU",2,24,113,137
https://kawalpemilu.org#15817,"TANGKERANG LABUAI, BUKIT RAYA, KOTA PEKANBARU, RIAU",3,61,158,219
https://kawalpemilu.org#15817,"TANGKERANG LABUAI, BUKIT RAYA, KOTA PEKANBARU, RIAU",4,35,101,136
https://kawalpemilu.org#15817,"TANGKERANG LABUAI, BUKIT RAYA, KOTA PEKANBARU, RIAU",5,63,125,188
https://kawalpemilu.org#15817,"TANGKERANG LABUAI, BUKIT RAYA, KOTA PEKANBARU, RIAU",6,45,147,192
https://kawalpemilu.org#15817,"TANGKERANG LABUAI, BUKIT RAYA, KOTA PEKANBARU, RIAU",7,35,135,170
https://kawalpemilu.org#15817,"TANGKERANG LABUAI, BUKIT RAYA, KOTA PEKANBARU, RIAU",8,48,214,262
https://kawalpemilu.org#15817,"TANGKERANG LABUAI, BUKIT RAYA, KOTA PEKANBARU, RIAU",9,46,131,177
https://kawalpemilu.org#15817,"TANGKERANG LABUAI, BUKIT RAYA, KOTA PEKANBARU, RIAU",10,34,216,250
https://kawalpemilu.org#15817,"TANGKERANG LABUAI, BUKIT RAYA, KOTA PEKANBARU, RIAU",11,31,218,249
https://kawalpemilu.org#15817,"TANGKERANG LABUAI, BUKIT RAYA, KOTA PEKANBARU, RIAU",12,49,190,239
https://kawalpemilu.org#15817,"TANGKERANG LABUAI, BUKIT RAYA, KOTA PEKANBARU, RIAU",13,35,179,214
https://kawalpemilu.org#15817,"TANGKERANG LABUAI, BUKIT RAYA, KOTA PEKANBARU, RIAU",14,36,266,302
https://kawalpemilu.org#15817,"TANGKERANG LABUAI, BUKIT RAYA, KOTA PEKANBARU, RIAU",15,35,136,171
https://kawalpemilu.org#15817,"TANGKERANG LABUAI, BUKIT RAYA, KOTA PEKANBARU, RIAU",17,38,211,249
https://kawalpemilu.org#15817,"TANGKERANG LABUAI, BUKIT RAYA, KOTA PEKANBARU, RIAU",18,32,177,209
https://kawalpemilu.org#15817,"TANGKERANG LABUAI, BUKIT RAYA, KOTA PEKANBARU, RIAU",19,46,137,183
https://kawalpemilu.org#15817,"TANGKERANG LABUAI, BUKIT RAYA, KOTA PEKANBARU, RIAU",20,36,168,204
https://kawalpemilu.org#15817,"TANGKERANG LABUAI, BUKIT RAYA, KOTA PEKANBARU, RIAU",21,35,203,238
https://kawalpemilu.org#15817,"TANGKERANG LABUAI, BUKIT RAYA, KOTA PEKANBARU, RIAU",22,36,223,259
https://kawalpemilu.org#15817,"TANGKERANG LABUAI, BUKIT RAYA, KOTA PEKANBARU, RIAU",23,64,190,254
https://kawalpemilu.org#15817,"TANGKERANG LABUAI, BUKIT RAYA, KOTA PEKANBARU, RIAU",24,34,183,217
https://kawalpemilu.org#15817,"TANGKERANG LABUAI, BUKIT RAYA, KOTA PEKANBARU, RIAU",25,37,198,235
https://kawalpemilu.org#15817,"TANGKERANG LABUAI, BUKIT RAYA, KOTA PEKANBARU, RIAU",26,73,155,228
https://kawalpemilu.org#15817,"TANGKERANG LABUAI, BUKIT RAYA, KOTA PEKANBARU, RIAU",27,44,218,262
https://kawalpemilu.org#15817,"TANGKERANG LABUAI, BUKIT RAYA, KOTA PEKANBARU, RIAU",28,40,164,204
https://kawalpemilu.org#15817,"TANGKERANG LABUAI, BUKIT RAYA, KOTA PEKANBARU, RIAU",29,56,135,191
https://kawalpemilu.org#15817,"TANGKERANG LABUAI, BUKIT RAYA, KOTA PEKANBARU, RIAU",30,51,119,170
https://kawalpemilu.org#15817,"TANGKERANG LABUAI, BUKIT RAYA, KOTA PEKANBARU, RIAU",31,39,113,152
https://kawalpemilu.org#15817,"TANGKERANG LABUAI, BUKIT RAYA, KOTA PEKANBARU, RIAU",32,24,142,166
https://kawalpemilu.org#15817,"TANGKERANG LABUAI, BUKIT RAYA, KOTA PEKANBARU, RIAU",33,57,165,222
https://kawalpemilu.org#15817,"TANGKERANG LABUAI, BUKIT RAYA, KOTA PEKANBARU, RIAU",34,31,194,225
https://kawalpemilu.org#15817,"TANGKERANG LABUAI, BUKIT RAYA, KOTA PEKANBARU, RIAU",35,25,96,121
https://kawalpemilu.org#15817,"TANGKERANG LABUAI, BUKIT RAYA, KOTA PEKANBARU, RIAU",36,38,237,275
https://kawalpemilu.org#15817,"TANGKERANG LABUAI, BUKIT RAYA, KOTA PEKANBARU, RIAU",37,24,158,182
https://kawalpemilu.org#15817,"TANGKERANG LABUAI, BUKIT RAYA, KOTA PEKANBARU, RIAU",38,32,124,156
https://kawalpemilu.org#15817,"TANGKERANG LABUAI, BUKIT RAYA, KOTA PEKANBARU, RIAU",39,46,141,187
https://kawalpemilu.org#15817,"TANGKERANG LABUAI, BUKIT RAYA, KOTA PEKANBARU, RIAU",40,65,192,257
https://kawalpemilu.org#15817,"TANGKERANG LABUAI, BUKIT RAYA, KOTA PEKANBARU, RIAU",41,49,117,166
https://kawalpemilu.org#15817,"TANGKERANG LABUAI, BUKIT RAYA, KOTA PEKANBARU, RIAU",42,14,162,176
https://kawalpemilu.org#931182,"AIRDINGIN, BUKIT RAYA, KOTA PEKANBARU, RIAU",1,50,213,263
https://kawalpemilu.org#931182,"AIRDINGIN, BUKIT RAYA, KOTA PEKANBARU, RIAU",2,49,166,215
https://kawalpemilu.org#931182,"AIRDINGIN, BUKIT RAYA, KOTA PEKANBARU, RIAU",4,31,222,253
https://kawalpemilu.org#931182,"AIRDINGIN, BUKIT RAYA, KOTA PEKANBARU, RIAU",5,36,210,246
https://kawalpemilu.org#931182,"AIRDINGIN, BUKIT RAYA, KOTA PEKANBARU, RIAU",6,41,193,234
https://kawalpemilu.org#931182,"AIRDINGIN, BUKIT RAYA, KOTA PEKANBARU, RIAU",7,41,161,202
https://kawalpemilu.org#931182,"AIRDINGIN, BUKIT RAYA, KOTA PEKANBARU, RIAU",8,73,209,282
https://kawalpemilu.org#931182,"AIRDINGIN, BUKIT RAYA, KOTA PEKANBARU, RIAU",9,34,243,277
https://kawalpemilu.org#931182,"AIRDINGIN, BUKIT RAYA, KOTA PEKANBARU, RIAU",10,38,178,216
https://kawalpemilu.org#931182,"AIRDINGIN, BUKIT RAYA, KOTA PEKANBARU, RIAU",11,43,198,241
https://kawalpemilu.org#931182,"AIRDINGIN, BUKIT RAYA, KOTA PEKANBARU, RIAU",12,62,193,255
https://kawalpemilu.org#931182,"AIRDINGIN, BUKIT RAYA, KOTA PEKANBARU, RIAU",13,18,168,186
https://kawalpemilu.org#931182,"AIRDINGIN, BUKIT RAYA, KOTA PEKANBARU, RIAU",14,32,222,254
https://kawalpemilu.org#931182,"AIRDINGIN, BUKIT RAYA, KOTA PEKANBARU, RIAU",15,29,195,224
https://kawalpemilu.org#931182,"AIRDINGIN, BUKIT RAYA, KOTA PEKANBARU, RIAU",16,12,188,200
https://kawalpemilu.org#931182,"AIRDINGIN, BUKIT RAYA, KOTA PEKANBARU, RIAU",17,22,261,283
https://kawalpemilu.org#931182,"AIRDINGIN, BUKIT RAYA, KOTA PEKANBARU, RIAU",18,20,101,121
https://kawalpemilu.org#931182,"AIRDINGIN, BUKIT RAYA, KOTA PEKANBARU, RIAU",19,28,215,243
https://kawalpemilu.org#931182,"AIRDINGIN, BUKIT RAYA, KOTA PEKANBARU, RIAU",20,43,211,254
https://kawalpemilu.org#931182,"AIRDINGIN, BUKIT RAYA, KOTA PEKANBARU, RIAU",21,20,168,188
https://kawalpemilu.org#931182,"AIRDINGIN, BUKIT RAYA, KOTA PEKANBARU, RIAU",22,28,187,215
https://kawalpemilu.org#931182,"AIRDINGIN, BUKIT RAYA, KOTA PEKANBARU, RIAU",23,53,176,229
https://kawalpemilu.org#931182,"AIRDINGIN, BUKIT RAYA, KOTA PEKANBARU, RIAU",24,31,170,201
https://kawalpemilu.org#931182,"AIRDINGIN, BUKIT RAYA, KOTA PEKANBARU, RIAU",25,31,170,201
https://kawalpemilu.org#931182,"AIRDINGIN, BUKIT RAYA, KOTA PEKANBARU, RIAU",26,46,157,203
https://kawalpemilu.org#931182,"AIRDINGIN, BUKIT RAYA, KOTA PEKANBARU, RIAU",27,17,186,203
https://kawalpemilu.org#931182,"AIRDINGIN, BUKIT RAYA, KOTA PEKANBARU, RIAU",28,35,206,241
https://kawalpemilu.org#931182,"AIRDINGIN, BUKIT RAYA, KOTA PEKANBARU, RIAU",29,45,193,238
https://kawalpemilu.org#931182,"AIRDINGIN, BUKIT RAYA, KOTA PEKANBARU, RIAU",30,38,177,215
https://kawalpemilu.org#931182,"AIRDINGIN, BUKIT RAYA, KOTA PEKANBARU, RIAU",31,52,211,263
https://kawalpemilu.org#931182,"AIRDINGIN, BUKIT RAYA, KOTA PEKANBARU, RIAU",32,36,226,262
https://kawalpemilu.org#931182,"AIRDINGIN, BUKIT RAYA, KOTA PEKANBARU, RIAU",33,32,177,209
https://kawalpemilu.org#931182,"AIRDINGIN, BUKIT RAYA, KOTA PEKANBARU, RIAU",34,22,139,161
https://kawalpemilu.org#931182,"AIRDINGIN, BUKIT RAYA, KOTA PEKANBARU, RIAU",35,31,182,213
https://kawalpemilu.org#931182,"AIRDINGIN, BUKIT RAYA, KOTA PEKANBARU, RIAU",36,56,160,216
https://kawalpemilu.org#931182,"AIRDINGIN, BUKIT RAYA, KOTA PEKANBARU, RIAU",37,50,201,251
https://kawalpemilu.org#931182,"AIRDINGIN, BUKIT RAYA, KOTA PEKANBARU, RIAU",38,49,221,270
https://kawalpemilu.org#931182,"AIRDINGIN, BUKIT RAYA, KOTA PEKANBARU, RIAU",39,47,214,261
https://kawalpemilu.org#931182,"AIRDINGIN, BUKIT RAYA, KOTA PEKANBARU, RIAU",40,27,149,176
https://kawalpemilu.org#931182,"AIRDINGIN, BUKIT RAYA, KOTA PEKANBARU, RIAU",41,24,125,149
https://kawalpemilu.org#931182,"AIRDINGIN, BUKIT RAYA, KOTA PEKANBARU, RIAU",42,35,128,163
https://kawalpemilu.org#931182,"AIRDINGIN, BUKIT RAYA, KOTA PEKANBARU, RIAU",43,30,177,207
https://kawalpemilu.org#931182,"AIRDINGIN, BUKIT RAYA, KOTA PEKANBARU, RIAU",44,32,188,220
https://kawalpemilu.org#931182,"AIRDINGIN, BUKIT RAYA, KOTA PEKANBARU, RIAU",45,31,131,162
https://kawalpemilu.org#931182,"AIRDINGIN, BUKIT RAYA, KOTA PEKANBARU, RIAU",46,23,101,124
https://kawalpemilu.org#931182,"AIRDINGIN, BUKIT RAYA, KOTA PEKANBARU, RIAU",47,32,115,147
https://kawalpemilu.org#931182,"AIRDINGIN, BUKIT RAYA, KOTA PEKANBARU, RIAU",48,34,148,182
https://kawalpemilu.org#931182,"AIRDINGIN, BUKIT RAYA, KOTA PEKANBARU, RIAU",49,36,184,220
https://kawalpemilu.org#931182,"AIRDINGIN, BUKIT RAYA, KOTA PEKANBARU, RIAU",50,35,122,157
https://kawalpemilu.org#931182,"AIRDINGIN, BUKIT RAYA, KOTA PEKANBARU, RIAU",51,25,138,163
https://kawalpemilu.org#931182,"AIRDINGIN, BUKIT RAYA, KOTA PEKANBARU, RIAU",52,40,185,225
https://kawalpemilu.org#931182,"AIRDINGIN, BUKIT RAYA, KOTA PEKANBARU, RIAU",53,51,174,225
https://kawalpemilu.org#931182,"AIRDINGIN, BUKIT RAYA, KOTA PEKANBARU, RIAU",54,24,191,215
https://kawalpemilu.org#931182,"AIRDINGIN, BUKIT RAYA, KOTA PEKANBARU, RIAU",55,50,185,235
https://kawalpemilu.org#931182,"AIRDINGIN, BUKIT RAYA, KOTA PEKANBARU, RIAU",56,20,109,129
https://kawalpemilu.org#931182,"AIRDINGIN, BUKIT RAYA, KOTA PEKANBARU, RIAU",57,50,219,269
https://kawalpemilu.org#931182,"AIRDINGIN, BUKIT RAYA, KOTA PEKANBARU, RIAU",58,37,179,216
https://kawalpemilu.org#931182,"AIRDINGIN, BUKIT RAYA, KOTA PEKANBARU, RIAU",59,26,159,185
https://kawalpemilu.org#931182,"AIRDINGIN, BUKIT RAYA, KOTA PEKANBARU, RIAU",60,23,133,156
https://kawalpemilu.org#15819,"SIMPANG BARU, TAMPAN, KOTA PEKANBARU, RIAU",1,72,88,160
https://kawalpemilu.org#15819,"SIMPANG BARU, TAMPAN, KOTA PEKANBARU, RIAU",2,101,190,291
https://kawalpemilu.org#15819,"SIMPANG BARU, TAMPAN, KOTA PEKANBARU, RIAU",3,20,239,259
https://kawalpemilu.org#15819,"SIMPANG BARU, TAMPAN, KOTA PEKANBARU, RIAU",4,42,197,239
https://kawalpemilu.org#15819,"SIMPANG BARU, TAMPAN, KOTA PEKANBARU, RIAU",5,23,275,298
https://kawalpemilu.org#15819,"SIMPANG BARU, TAMPAN, KOTA PEKANBARU, RIAU",6,42,166,208
https://kawalpemilu.org#15819,"SIMPANG BARU, TAMPAN, KOTA PEKANBARU, RIAU",7,20,124,144
https://kawalpemilu.org#15819,"SIMPANG BARU, TAMPAN, KOTA PEKANBARU, RIAU",8,32,232,264
https://kawalpemilu.org#15819,"SIMPANG BARU, TAMPAN, KOTA PEKANBARU, RIAU",9,28,144,172
https://kawalpemilu.org#15819,"SIMPANG BARU, TAMPAN, KOTA PEKANBARU, RIAU",10,36,160,196
https://kawalpemilu.org#15819,"SIMPANG BARU, TAMPAN, KOTA PEKANBARU, RIAU",11,32,142,174
https://kawalpemilu.org#15819,"SIMPANG BARU, TAMPAN, KOTA PEKANBARU, RIAU",12,32,169,201
https://kawalpemilu.org#15819,"SIMPANG BARU, TAMPAN, KOTA PEKANBARU, RIAU",13,23,117,140
https://kawalpemilu.org#15819,"SIMPANG BARU, TAMPAN, KOTA PEKANBARU, RIAU",14,20,151,171
https://kawalpemilu.org#15819,"SIMPANG BARU, TAMPAN, KOTA PEKANBARU, RIAU",15,28,257,285
https://kawalpemilu.org#15819,"SIMPANG BARU, TAMPAN, KOTA PEKANBARU, RIAU",16,21,270,291
https://kawalpemilu.org#15819,"SIMPANG BARU, TAMPAN, KOTA PEKANBARU, RIAU",17,32,142,174
https://kawalpemilu.org#15819,"SIMPANG BARU, TAMPAN, KOTA PEKANBARU, RIAU",18,19,258,277
https://kawalpemilu.org#15819,"SIMPANG BARU, TAMPAN, KOTA PEKANBARU, RIAU",19,27,230,257
https://kawalpemilu.org#15819,"SIMPANG BARU, TAMPAN, KOTA PEKANBARU, RIAU",20,31,137,168
https://kawalpemilu.org#15819,"SIMPANG BARU, TAMPAN, KOTA PEKANBARU, RIAU",21,27,193,220
https://kawalpemilu.org#15819,"SIMPANG BARU, TAMPAN, KOTA PEKANBARU, RIAU",22,50,110,160
https://kawalpemilu.org#15819,"SIMPANG BARU, TAMPAN, KOTA PEKANBARU, RIAU",23,23,138,161
https://kawalpemilu.org#15819,"SIMPANG BARU, TAMPAN, KOTA PEKANBARU, RIAU",24,39,163,202
https://kawalpemilu.org#15820,"SIDOMULYA BARAT, TAMPAN, KOTA PEKANBARU, RIAU",1,38,199,237
https://kawalpemilu.org#15820,"SIDOMULYA BARAT, TAMPAN, KOTA PEKANBARU, RIAU",2,31,245,276
https://kawalpemilu.org#15820,"SIDOMULYA BARAT, TAMPAN, KOTA PEKANBARU, RIAU",3,15,154,169
https://kawalpemilu.org#15820,"SIDOMULYA BARAT, TAMPAN, KOTA PEKANBARU, RIAU",4,34,204,238
https://kawalpemilu.org#15820,"SIDOMULYA BARAT, TAMPAN, KOTA PEKANBARU, RIAU",5,18,201,219
https://kawalpemilu.org#15820,"SIDOMULYA BARAT, TAMPAN, KOTA PEKANBARU, RIAU",6,14,141,155
https://kawalpemilu.org#15820,"SIDOMULYA BARAT, TAMPAN, KOTA PEKANBARU, RIAU",7,17,141,158
https://kawalpemilu.org#15820,"SIDOMULYA BARAT, TAMPAN, KOTA PEKANBARU, RIAU",8,24,170,194
https://kawalpemilu.org#15820,"SIDOMULYA BARAT, TAMPAN, KOTA PEKANBARU, RIAU",9,48,136,184
https://kawalpemilu.org#15820,"SIDOMULYA BARAT, TAMPAN, KOTA PEKANBARU, RIAU",10,64,178,242
https://kawalpemilu.org#15820,"SIDOMULYA BARAT, TAMPAN, KOTA PEKANBARU, RIAU",11,19,94,113
https://kawalpemilu.org#15820,"SIDOMULYA BARAT, TAMPAN, KOTA PEKANBARU, RIAU",12,21,119,140
https://kawalpemilu.org#15820,"SIDOMULYA BARAT, TAMPAN, KOTA PEKANBARU, RIAU",13,39,185,224
https://kawalpemilu.org#15820,"SIDOMULYA BARAT, TAMPAN, KOTA PEKANBARU, RIAU",14,81,119,200
https://kawalpemilu.org#15820,"SIDOMULYA BARAT, TAMPAN, KOTA PEKANBARU, RIAU",15,30,164,194
https://kawalpemilu.org#15820,"SIDOMULYA BARAT, TAMPAN, KOTA PEKANBARU, RIAU",16,102,103,205
https://kawalpemilu.org#15820,"SIDOMULYA BARAT, TAMPAN, KOTA PEKANBARU, RIAU",17,26,200,226
https://kawalpemilu.org#15820,"SIDOMULYA BARAT, TAMPAN, KOTA PEKANBARU, RIAU",18,14,203,217
https://kawalpemilu.org#15820,"SIDOMULYA BARAT, TAMPAN, KOTA PEKANBARU, RIAU",19,25,129,154
https://kawalpemilu.org#15820,"SIDOMULYA BARAT, TAMPAN, KOTA PEKANBARU, RIAU",20,53,186,239
https://kawalpemilu.org#15820,"SIDOMULYA BARAT, TAMPAN, KOTA PEKANBARU, RIAU",21,59,87,146
https://kawalpemilu.org#15820,"SIDOMULYA BARAT, TAMPAN, KOTA PEKANBARU, RIAU",22,42,149,191
https://kawalpemilu.org#15820,"SIDOMULYA BARAT, TAMPAN, KOTA PEKANBARU, RIAU",23,63,159,222
https://kawalpemilu.org#15820,"SIDOMULYA BARAT, TAMPAN, KOTA PEKANBARU, RIAU",24,60,153,213
https://kawalpemilu.org#15820,"SIDOMULYA BARAT, TAMPAN, KOTA PEKANBARU, RIAU",25,36,134,170
https://kawalpemilu.org#15820,"SIDOMULYA BARAT, TAMPAN, KOTA PEKANBARU, RIAU",26,58,128,186
https://kawalpemilu.org#15820,"SIDOMULYA BARAT, TAMPAN, KOTA PEKANBARU, RIAU",27,41,157,198
https://kawalpemilu.org#15820,"SIDOMULYA BARAT, TAMPAN, KOTA PEKANBARU, RIAU",28,24,163,187
https://kawalpemilu.org#15820,"SIDOMULYA BARAT, TAMPAN, KOTA PEKANBARU, RIAU",29,43,208,251
https://kawalpemilu.org#15820,"SIDOMULYA BARAT, TAMPAN, KOTA PEKANBARU, RIAU",30,46,100,146
https://kawalpemilu.org#15820,"SIDOMULYA BARAT, TAMPAN, KOTA PEKANBARU, RIAU",31,40,128,168
https://kawalpemilu.org#15820,"SIDOMULYA BARAT, TAMPAN, KOTA PEKANBARU, RIAU",32,79,172,251
https://kawalpemilu.org#15820,"SIDOMULYA BARAT, TAMPAN, KOTA PEKANBARU, RIAU",33,78,201,279
https://kawalpemilu.org#15820,"SIDOMULYA BARAT, TAMPAN, KOTA PEKANBARU, RIAU",34,24,186,210
https://kawalpemilu.org#15820,"SIDOMULYA BARAT, TAMPAN, KOTA PEKANBARU, RIAU",35,55,191,246
https://kawalpemilu.org#15820,"SIDOMULYA BARAT, TAMPAN, KOTA PEKANBARU, RIAU",36,54,128,182
https://kawalpemilu.org#15820,"SIDOMULYA BARAT, TAMPAN, KOTA PEKANBARU, RIAU",37,32,130,162
https://kawalpemilu.org#15820,"SIDOMULYA BARAT, TAMPAN, KOTA PEKANBARU, RIAU",38,58,167,225
https://kawalpemilu.org#15820,"SIDOMULYA BARAT, TAMPAN, KOTA PEKANBARU, RIAU",39,39,111,150
https://kawalpemilu.org#15820,"SIDOMULYA BARAT, TAMPAN, KOTA PEKANBARU, RIAU",40,33,158,191
https://kawalpemilu.org#15820,"SIDOMULYA BARAT, TAMPAN, KOTA PEKANBARU, RIAU",41,50,127,177
https://kawalpemilu.org#15820,"SIDOMULYA BARAT, TAMPAN, KOTA PEKANBARU, RIAU",42,26,182,208
https://kawalpemilu.org#15820,"SIDOMULYA BARAT, TAMPAN, KOTA PEKANBARU, RIAU",43,38,153,191
https://kawalpemilu.org#15820,"SIDOMULYA BARAT, TAMPAN, KOTA PEKANBARU, RIAU",44,37,173,210
https://kawalpemilu.org#15820,"SIDOMULYA BARAT, TAMPAN, KOTA PEKANBARU, RIAU",45,28,121,149
https://kawalpemilu.org#15820,"SIDOMULYA BARAT, TAMPAN, KOTA PEKANBARU, RIAU",46,63,160,223
https://kawalpemilu.org#15820,"SIDOMULYA BARAT, TAMPAN, KOTA PEKANBARU, RIAU",47,59,150,209
https://kawalpemilu.org#15820,"SIDOMULYA BARAT, TAMPAN, KOTA PEKANBARU, RIAU",48,39,165,204
https://kawalpemilu.org#15820,"SIDOMULYA BARAT, TAMPAN, KOTA PEKANBARU, RIAU",49,25,142,167
https://kawalpemilu.org#15820,"SIDOMULYA BARAT, TAMPAN, KOTA PEKANBARU, RIAU",50,40,157,197
https://kawalpemilu.org#15820,"SIDOMULYA BARAT, TAMPAN, KOTA PEKANBARU, RIAU",51,35,129,164
https://kawalpemilu.org#15820,"SIDOMULYA BARAT, TAMPAN, KOTA PEKANBARU, RIAU",52,18,131,149
https://kawalpemilu.org#15820,"SIDOMULYA BARAT, TAMPAN, KOTA PEKANBARU, RIAU",53,64,167,231
https://kawalpemilu.org#15820,"SIDOMULYA BARAT, TAMPAN, KOTA PEKANBARU, RIAU",54,41,124,165
https://kawalpemilu.org#15820,"SIDOMULYA BARAT, TAMPAN, KOTA PEKANBARU, RIAU",55,20,149,169
https://kawalpemilu.org#15820,"SIDOMULYA BARAT, TAMPAN, KOTA PEKANBARU, RIAU",56,66,200,266
https://kawalpemilu.org#15820,"SIDOMULYA BARAT, TAMPAN, KOTA PEKANBARU, RIAU",57,32,100,132
https://kawalpemilu.org#15820,"SIDOMULYA BARAT, TAMPAN, KOTA PEKANBARU, RIAU",58,40,119,159
https://kawalpemilu.org#15820,"SIDOMULYA BARAT, TAMPAN, KOTA PEKANBARU, RIAU",59,50,213,263
https://kawalpemilu.org#15820,"SIDOMULYA BARAT, TAMPAN, KOTA PEKANBARU, RIAU",60,16,88,104
https://kawalpemilu.org#15820,"SIDOMULYA BARAT, TAMPAN, KOTA PEKANBARU, RIAU",61,14,130,144
https://kawalpemilu.org#15820,"SIDOMULYA BARAT, TAMPAN, KOTA PEKANBARU, RIAU",62,19,139,158
https://kawalpemilu.org#15820,"SIDOMULYA BARAT, TAMPAN, KOTA PEKANBARU, RIAU",63,20,149,169
https://kawalpemilu.org#15820,"SIDOMULYA BARAT, TAMPAN, KOTA PEKANBARU, RIAU",64,18,109,127
https://kawalpemilu.org#15820,"SIDOMULYA BARAT, TAMPAN, KOTA PEKANBARU, RIAU",65,49,107,156
https://kawalpemilu.org#15820,"SIDOMULYA BARAT, TAMPAN, KOTA PEKANBARU, RIAU",66,22,108,130
https://kawalpemilu.org#15820,"SIDOMULYA BARAT, TAMPAN, KOTA PEKANBARU, RIAU",67,43,63,106
https://kawalpemilu.org#15820,"SIDOMULYA BARAT, TAMPAN, KOTA PEKANBARU, RIAU",68,33,178,211
https://kawalpemilu.org#15820,"SIDOMULYA BARAT, TAMPAN, KOTA PEKANBARU, RIAU",69,29,116,145
https://kawalpemilu.org#15820,"SIDOMULYA BARAT, TAMPAN, KOTA PEKANBARU, RIAU",70,38,197,235
https://kawalpemilu.org#15820,"SIDOMULYA BARAT, TAMPAN, KOTA PEKANBARU, RIAU",71,33,171,204
https://kawalpemilu.org#15820,"SIDOMULYA BARAT, TAMPAN, KOTA PEKANBARU, RIAU",72,42,162,204
https://kawalpemilu.org#15820,"SIDOMULYA BARAT, TAMPAN, KOTA PEKANBARU, RIAU",73,34,63,97
https://kawalpemilu.org#15820,"SIDOMULYA BARAT, TAMPAN, KOTA PEKANBARU, RIAU",74,85,153,238
https://kawalpemilu.org#15820,"SIDOMULYA BARAT, TAMPAN, KOTA PEKANBARU, RIAU",75,41,159,200
https://kawalpemilu.org#15820,"SIDOMULYA BARAT, TAMPAN, KOTA PEKANBARU, RIAU",76,72,128,200
https://kawalpemilu.org#15820,"SIDOMULYA BARAT, TAMPAN, KOTA PEKANBARU, RIAU",77,76,127,203
https://kawalpemilu.org#15820,"SIDOMULYA BARAT, TAMPAN, KOTA PEKANBARU, RIAU",78,36,120,156
https://kawalpemilu.org#15820,"SIDOMULYA BARAT, TAMPAN, KOTA PEKANBARU, RIAU",79,26,153,179
https://kawalpemilu.org#15820,"SIDOMULYA BARAT, TAMPAN, KOTA PEKANBARU, RIAU",80,0,0,202
https://kawalpemilu.org#15820,"SIDOMULYA BARAT, TAMPAN, KOTA PEKANBARU, RIAU",81,33,168,201
https://kawalpemilu.org#15820,"SIDOMULYA BARAT, TAMPAN, KOTA PEKANBARU, RIAU",82,62,171,233
https://kawalpemilu.org#15820,"SIDOMULYA BARAT, TAMPAN, KOTA PEKANBARU, RIAU",83,29,132,161
https://kawalpemilu.org#15820,"SIDOMULYA BARAT, TAMPAN, KOTA PEKANBARU, RIAU",84,42,122,164
https://kawalpemilu.org#15820,"SIDOMULYA BARAT, TAMPAN, KOTA PEKANBARU, RIAU",85,43,168,211
https://kawalpemilu.org#15820,"SIDOMULYA BARAT, TAMPAN, KOTA PEKANBARU, RIAU",86,37,184,221
https://kawalpemilu.org#15820,"SIDOMULYA BARAT, TAMPAN, KOTA PEKANBARU, RIAU",87,9,79,88
https://kawalpemilu.org#15820,"SIDOMULYA BARAT, TAMPAN, KOTA PEKANBARU, RIAU",88,38,148,186
https://kawalpemilu.org#15820,"SIDOMULYA BARAT, TAMPAN, KOTA PEKANBARU, RIAU",89,41,128,169
https://kawalpemilu.org#15820,"SIDOMULYA BARAT, TAMPAN, KOTA PEKANBARU, RIAU",90,87,166,253
https://kawalpemilu.org#15820,"SIDOMULYA BARAT, TAMPAN, KOTA PEKANBARU, RIAU",91,8,91,99
https://kawalpemilu.org#15820,"SIDOMULYA BARAT, TAMPAN, KOTA PEKANBARU, RIAU",92,35,146,181
https://kawalpemilu.org#15820,"SIDOMULYA BARAT, TAMPAN, KOTA PEKANBARU, RIAU",93,46,121,167
https://kawalpemilu.org#15820,"SIDOMULYA BARAT, TAMPAN, KOTA PEKANBARU, RIAU",94,12,47,59
https://kawalpemilu.org#15821,"TUAH KARYA, TAMPAN, KOTA PEKANBARU, RIAU",1,37,157,194
https://kawalpemilu.org#15821,"TUAH KARYA, TAMPAN, KOTA PEKANBARU, RIAU",2,27,91,118
https://kawalpemilu.org#15821,"TUAH KARYA, TAMPAN, KOTA PEKANBARU, RIAU",3,47,147,194
https://kawalpemilu.org#15821,"TUAH KARYA, TAMPAN, KOTA PEKANBARU, RIAU",4,15,156,171
https://kawalpemilu.org#15821,"TUAH KARYA, TAMPAN, KOTA PEKANBARU, RIAU",5,13,148,161
https://kawalpemilu.org#15821,"TUAH KARYA, TAMPAN, KOTA PEKANBARU, RIAU",6,28,146,174
https://kawalpemilu.org#15821,"TUAH KARYA, TAMPAN, KOTA PEKANBARU, RIAU",7,8,151,159
https://kawalpemilu.org#15821,"TUAH KARYA, TAMPAN, KOTA PEKANBARU, RIAU",8,26,204,230
https://kawalpemilu.org#15821,"TUAH KARYA, TAMPAN, KOTA PEKANBARU, RIAU",9,30,162,192
https://kawalpemilu.org#15821,"TUAH KARYA, TAMPAN, KOTA PEKANBARU, RIAU",10,15,149,164
https://kawalpemilu.org#15821,"TUAH KARYA, TAMPAN, KOTA PEKANBARU, RIAU",11,29,196,225
https://kawalpemilu.org#15821,"TUAH KARYA, TAMPAN, KOTA PEKANBARU, RIAU",12,39,220,259
https://kawalpemilu.org#15821,"TUAH KARYA, TAMPAN, KOTA PEKANBARU, RIAU",13,27,244,271
https://kawalpemilu.org#15821,"TUAH KARYA, TAMPAN, KOTA PEKANBARU, RIAU",14,42,236,278
https://kawalpemilu.org#15821,"TUAH KARYA, TAMPAN, KOTA PEKANBARU, RIAU",15,26,194,220
https://kawalpemilu.org#15821,"TUAH KARYA, TAMPAN, KOTA PEKANBARU, RIAU",16,10,137,147
https://kawalpemilu.org#15821,"TUAH KARYA, TAMPAN, KOTA PEKANBARU, RIAU",17,36,145,181
https://kawalpemilu.org#15821,"TUAH KARYA, TAMPAN, KOTA PEKANBARU, RIAU",18,11,177,188
https://kawalpemilu.org#15821,"TUAH KARYA, TAMPAN, KOTA PEKANBARU, RIAU",19,17,173,190
https://kawalpemilu.org#15821,"TUAH KARYA, TAMPAN, KOTA PEKANBARU, RIAU",20,30,187,217
https://kawalpemilu.org#15821,"TUAH KARYA, TAMPAN, KOTA PEKANBARU, RIAU",21,19,153,172
https://kawalpemilu.org#15821,"TUAH KARYA, TAMPAN, KOTA PEKANBARU, RIAU",22,20,111,131
https://kawalpemilu.org#15821,"TUAH KARYA, TAMPAN, KOTA PEKANBARU, RIAU",23,29,202,231
https://kawalpemilu.org#15821,"TUAH KARYA, TAMPAN, KOTA PEKANBARU, RIAU",24,29,102,131
https://kawalpemilu.org#15821,"TUAH KARYA, TAMPAN, KOTA PEKANBARU, RIAU",25,18,179,197
https://kawalpemilu.org#15821,"TUAH KARYA, TAMPAN, KOTA PEKANBARU, RIAU",26,25,145,170
https://kawalpemilu.org#15821,"TUAH KARYA, TAMPAN, KOTA PEKANBARU, RIAU",27,32,235,267
https://kawalpemilu.org#15821,"TUAH KARYA, TAMPAN, KOTA PEKANBARU, RIAU",28,15,132,147
https://kawalpemilu.org#15821,"TUAH KARYA, TAMPAN, KOTA PEKANBARU, RIAU",29,18,142,160
https://kawalpemilu.org#15821,"TUAH KARYA, TAMPAN, KOTA PEKANBARU, RIAU",30,28,197,225
https://kawalpemilu.org#15821,"TUAH KARYA, TAMPAN, KOTA PEKANBARU, RIAU",31,24,138,162
https://kawalpemilu.org#15821,"TUAH KARYA, TAMPAN, KOTA PEKANBARU, RIAU",32,32,186,218
https://kawalpemilu.org#15821,"TUAH KARYA, TAMPAN, KOTA PEKANBARU, RIAU",33,34,226,260
https://kawalpemilu.org#15821,"TUAH KARYA, TAMPAN, KOTA PEKANBARU, RIAU",34,12,162,174
https://kawalpemilu.org#15821,"TUAH KARYA, TAMPAN, KOTA PEKANBARU, RIAU",35,28,221,249
https://kawalpemilu.org#15821,"TUAH KARYA, TAMPAN, KOTA PEKANBARU, RIAU",36,20,176,196
https://kawalpemilu.org#15821,"TUAH KARYA, TAMPAN, KOTA PEKANBARU, RIAU",37,24,178,202
https://kawalpemilu.org#15821,"TUAH KARYA, TAMPAN, KOTA PEKANBARU, RIAU",38,14,131,144
https://kawalpemilu.org#15821,"TUAH KARYA, TAMPAN, KOTA PEKANBARU, RIAU",39,19,165,184
https://kawalpemilu.org#15821,"TUAH KARYA, TAMPAN, KOTA PEKANBARU, RIAU",40,21,241,262
https://kawalpemilu.org#15821,"TUAH KARYA, TAMPAN, KOTA PEKANBARU, RIAU",41,25,237,262
https://kawalpemilu.org#15821,"TUAH KARYA, TAMPAN, KOTA PEKANBARU, RIAU",42,7,143,150
https://kawalpemilu.org#15821,"TUAH KARYA, TAMPAN, KOTA PEKANBARU, RIAU",43,5,186,191
https://kawalpemilu.org#15821,"TUAH KARYA, TAMPAN, KOTA PEKANBARU, RIAU",44,14,234,248
https://kawalpemilu.org#15821,"TUAH KARYA, TAMPAN, KOTA PEKANBARU, RIAU",45,43,199,242
https://kawalpemilu.org#15821,"TUAH KARYA, TAMPAN, KOTA PEKANBARU, RIAU",46,33,112,145
https://kawalpemilu.org#15821,"TUAH KARYA, TAMPAN, KOTA PEKANBARU, RIAU",48,26,148,174
https://kawalpemilu.org#15821,"TUAH KARYA, TAMPAN, KOTA PEKANBARU, RIAU",49,15,129,144
https://kawalpemilu.org#15821,"TUAH KARYA, TAMPAN, KOTA PEKANBARU, RIAU",50,11,179,190
https://kawalpemilu.org#15821,"TUAH KARYA, TAMPAN, KOTA PEKANBARU, RIAU",51,40,140,180
https://kawalpemilu.org#15821,"TUAH KARYA, TAMPAN, KOTA PEKANBARU, RIAU",52,25,140,165
https://kawalpemilu.org#15821,"TUAH KARYA, TAMPAN, KOTA PEKANBARU, RIAU",53,23,178,201
https://kawalpemilu.org#15821,"TUAH KARYA, TAMPAN, KOTA PEKANBARU, RIAU",55,8,130,138
https://kawalpemilu.org#15821,"TUAH KARYA, TAMPAN, KOTA PEKANBARU, RIAU",56,36,112,148
https://kawalpemilu.org#15821,"TUAH KARYA, TAMPAN, KOTA PEKANBARU, RIAU",57,13,132,145
https://kawalpemilu.org#15821,"TUAH KARYA, TAMPAN, KOTA PEKANBARU, RIAU",58,32,205,237
https://kawalpemilu.org#15821,"TUAH KARYA, TAMPAN, KOTA PEKANBARU, RIAU",59,16,203,219
https://kawalpemilu.org#15821,"TUAH KARYA, TAMPAN, KOTA PEKANBARU, RIAU",60,36,201,237
https://kawalpemilu.org#15821,"TUAH KARYA, TAMPAN, KOTA PEKANBARU, RIAU",62,22,110,132
https://kawalpemilu.org#15821,"TUAH KARYA, TAMPAN, KOTA PEKANBARU, RIAU",64,19,128,147
https://kawalpemilu.org#15821,"TUAH KARYA, TAMPAN, KOTA PEKANBARU, RIAU",65,40,199,239
https://kawalpemilu.org#15821,"TUAH KARYA, TAMPAN, KOTA PEKANBARU, RIAU",66,40,159,199
https://kawalpemilu.org#15821,"TUAH KARYA, TAMPAN, KOTA PEKANBARU, RIAU",67,11,113,124
https://kawalpemilu.org#15821,"TUAH KARYA, TAMPAN, KOTA PEKANBARU, RIAU",68,28,214,242
https://kawalpemilu.org#15821,"TUAH KARYA, TAMPAN, KOTA PEKANBARU, RIAU",69,10,116,126
https://kawalpemilu.org#15822,"DELIMA, TAMPAN, KOTA PEKANBARU, RIAU",1,38,159,197
https://kawalpemilu.org#15822,"DELIMA, TAMPAN, KOTA PEKANBARU, RIAU",2,28,74,102
https://kawalpemilu.org#15822,"DELIMA, TAMPAN, KOTA PEKANBARU, RIAU",3,59,146,205
https://kawalpemilu.org#15822,"DELIMA, TAMPAN, KOTA PEKANBARU, RIAU",5,60,190,250
https://kawalpemilu.org#15822,"DELIMA, TAMPAN, KOTA PEKANBARU, RIAU",6,38,228,266
https://kawalpemilu.org#15822,"DELIMA, TAMPAN, KOTA PEKANBARU, RIAU",7,20,185,205
https://kawalpemilu.org#15822,"DELIMA, TAMPAN, KOTA PEKANBARU, RIAU",8,28,197,225
https://kawalpemilu.org#15822,"DELIMA, TAMPAN, KOTA PEKANBARU, RIAU",9,52,149,201
https://kawalpemilu.org#15822,"DELIMA, TAMPAN, KOTA PEKANBARU, RIAU",10,26,126,152
https://kawalpemilu.org#15822,"DELIMA, TAMPAN, KOTA PEKANBARU, RIAU",11,31,164,195
https://kawalpemilu.org#15822,"DELIMA, TAMPAN, KOTA PEKANBARU, RIAU",12,57,175,232
https://kawalpemilu.org#15822,"DELIMA, TAMPAN, KOTA PEKANBARU, RIAU",13,35,103,138
https://kawalpemilu.org#15822,"DELIMA, TAMPAN, KOTA PEKANBARU, RIAU",15,20,147,167
https://kawalpemilu.org#15822,"DELIMA, TAMPAN, KOTA PEKANBARU, RIAU",16,33,152,185
https://kawalpemilu.org#15822,"DELIMA, TAMPAN, KOTA PEKANBARU, RIAU",18,35,178,213
https://kawalpemilu.org#15822,"DELIMA, TAMPAN, KOTA PEKANBARU, RIAU",19,39,166,205
https://kawalpemilu.org#15822,"DELIMA, TAMPAN, KOTA PEKANBARU, RIAU",21,70,168,238
https://kawalpemilu.org#15822,"DELIMA, TAMPAN, KOTA PEKANBARU, RIAU",23,62,128,190
https://kawalpemilu.org#15822,"DELIMA, TAMPAN, KOTA PEKANBARU, RIAU",24,82,115,197
https://kawalpemilu.org#15822,"DELIMA, TAMPAN, KOTA PEKANBARU, RIAU",25,44,147,191
https://kawalpemilu.org#15822,"DELIMA, TAMPAN, KOTA PEKANBARU, RIAU",26,91,118,209
https://kawalpemilu.org#15822,"DELIMA, TAMPAN, KOTA PEKANBARU, RIAU",27,55,142,197
https://kawalpemilu.org#15822,"DELIMA, TAMPAN, KOTA PEKANBARU, RIAU",28,48,214,262
https://kawalpemilu.org#15822,"DELIMA, TAMPAN, KOTA PEKANBARU, RIAU",29,56,117,173
https://kawalpemilu.org#15822,"DELIMA, TAMPAN, KOTA PEKANBARU, RIAU",30,18,134,152
https://kawalpemilu.org#15822,"DELIMA, TAMPAN, KOTA PEKANBARU, RIAU",31,71,99,170
https://kawalpemilu.org#15822,"DELIMA, TAMPAN, KOTA PEKANBARU, RIAU",32,46,100,146
https://kawalpemilu.org#15822,"DELIMA, TAMPAN, KOTA PEKANBARU, RIAU",33,17,116,133
https://kawalpemilu.org#15822,"DELIMA, TAMPAN, KOTA PEKANBARU, RIAU",34,20,123,143
https://kawalpemilu.org#15822,"DELIMA, TAMPAN, KOTA PEKANBARU, RIAU",35,23,118,141
https://kawalpemilu.org#15822,"DELIMA, TAMPAN, KOTA PEKANBARU, RIAU",36,41,166,207
https://kawalpemilu.org#15822,"DELIMA, TAMPAN, KOTA PEKANBARU, RIAU",37,48,147,195
https://kawalpemilu.org#15822,"DELIMA, TAMPAN, KOTA PEKANBARU, RIAU",38,43,127,170
https://kawalpemilu.org#15822,"DELIMA, TAMPAN, KOTA PEKANBARU, RIAU",39,45,136,181
https://kawalpemilu.org#15822,"DELIMA, TAMPAN, KOTA PEKANBARU, RIAU",40,48,173,221
https://kawalpemilu.org#15822,"DELIMA, TAMPAN, KOTA PEKANBARU, RIAU",41,33,146,179
https://kawalpemilu.org#15822,"DELIMA, TAMPAN, KOTA PEKANBARU, RIAU",42,49,127,176
https://kawalpemilu.org#15822,"DELIMA, TAMPAN, KOTA PEKANBARU, RIAU",43,45,139,184
https://kawalpemilu.org#15822,"DELIMA, TAMPAN, KOTA PEKANBARU, RIAU",44,83,189,272
https://kawalpemilu.org#15822,"DELIMA, TAMPAN, KOTA PEKANBARU, RIAU",45,102,127,229
https://kawalpemilu.org#15822,"DELIMA, TAMPAN, KOTA PEKANBARU, RIAU",46,18,117,135
https://kawalpemilu.org#15822,"DELIMA, TAMPAN, KOTA PEKANBARU, RIAU",47,23,167,190
https://kawalpemilu.org#15822,"DELIMA, TAMPAN, KOTA PEKANBARU, RIAU",48,61,95,156
https://kawalpemilu.org#931183,"AIRPUTIH, TAMPAN, KOTA PEKANBARU, RIAU",1,14,135,149
https://kawalpemilu.org#931183,"AIRPUTIH, TAMPAN, KOTA PEKANBARU, RIAU",2,30,201,231
https://kawalpemilu.org#931183,"AIRPUTIH, TAMPAN, KOTA PEKANBARU, RIAU",3,45,173,218
https://kawalpemilu.org#931183,"AIRPUTIH, TAMPAN, KOTA PEKANBARU, RIAU",4,21,191,212
https://kawalpemilu.org#931183,"AIRPUTIH, TAMPAN, KOTA PEKANBARU, RIAU",5,37,120,157
https://kawalpemilu.org#931183,"AIRPUTIH, TAMPAN, KOTA PEKANBARU, RIAU",6,22,185,207
https://kawalpemilu.org#931183,"AIRPUTIH, TAMPAN, KOTA PEKANBARU, RIAU",7,36,195,231
https://kawalpemilu.org#931183,"AIRPUTIH, TAMPAN, KOTA PEKANBARU, RIAU",8,19,191,210
https://kawalpemilu.org#931183,"AIRPUTIH, TAMPAN, KOTA PEKANBARU, RIAU",9,26,142,168
https://kawalpemilu.org#931183,"AIRPUTIH, TAMPAN, KOTA PEKANBARU, RIAU",10,37,200,237
https://kawalpemilu.org#931183,"AIRPUTIH, TAMPAN, KOTA PEKANBARU, RIAU",11,49,162,211
https://kawalpemilu.org#931183,"AIRPUTIH, TAMPAN, KOTA PEKANBARU, RIAU",12,32,132,164
https://kawalpemilu.org#931183,"AIRPUTIH, TAMPAN, KOTA PEKANBARU, RIAU",13,31,198,229
https://kawalpemilu.org#931183,"AIRPUTIH, TAMPAN, KOTA PEKANBARU, RIAU",14,48,151,199
https://kawalpemilu.org#931183,"AIRPUTIH, TAMPAN, KOTA PEKANBARU, RIAU",15,23,181,204
https://kawalpemilu.org#931183,"AIRPUTIH, TAMPAN, KOTA PEKANBARU, RIAU",16,39,110,149
https://kawalpemilu.org#931183,"AIRPUTIH, TAMPAN, KOTA PEKANBARU, RIAU",17,41,200,241
https://kawalpemilu.org#931183,"AIRPUTIH, TAMPAN, KOTA PEKANBARU, RIAU",18,34,169,203
https://kawalpemilu.org#931183,"AIRPUTIH, TAMPAN, KOTA PEKANBARU, RIAU",19,76,184,260
https://kawalpemilu.org#931183,"AIRPUTIH, TAMPAN, KOTA PEKANBARU, RIAU",20,66,202,268
https://kawalpemilu.org#931183,"AIRPUTIH, TAMPAN, KOTA PEKANBARU, RIAU",21,47,242,289
https://kawalpemilu.org#931183,"AIRPUTIH, TAMPAN, KOTA PEKANBARU, RIAU",22,41,232,273
https://kawalpemilu.org#931183,"AIRPUTIH, TAMPAN, KOTA PEKANBARU, RIAU",23,7,133,139
https://kawalpemilu.org#931183,"AIRPUTIH, TAMPAN, KOTA PEKANBARU, RIAU",24,25,200,225
https://kawalpemilu.org#931183,"AIRPUTIH, TAMPAN, KOTA PEKANBARU, RIAU",25,27,163,190
https://kawalpemilu.org#931183,"AIRPUTIH, TAMPAN, KOTA PEKANBARU, RIAU",26,22,169,191
https://kawalpemilu.org#931183,"AIRPUTIH, TAMPAN, KOTA PEKANBARU, RIAU",27,22,120,142
https://kawalpemilu.org#931183,"AIRPUTIH, TAMPAN, KOTA PEKANBARU, RIAU",28,28,169,197
https://kawalpemilu.org#931183,"AIRPUTIH, TAMPAN, KOTA PEKANBARU, RIAU",29,12,169,181
https://kawalpemilu.org#931183,"AIRPUTIH, TAMPAN, KOTA PEKANBARU, RIAU",30,7,95,102
https://kawalpemilu.org#931183,"AIRPUTIH, TAMPAN, KOTA PEKANBARU, RIAU",31,51,226,277
https://kawalpemilu.org#931183,"AIRPUTIH, TAMPAN, KOTA PEKANBARU, RIAU",32,35,201,236
https://kawalpemilu.org#931183,"AIRPUTIH, TAMPAN, KOTA PEKANBARU, RIAU",33,26,161,187
https://kawalpemilu.org#931183,"AIRPUTIH, TAMPAN, KOTA PEKANBARU, RIAU",34,34,115,149
https://kawalpemilu.org#931183,"AIRPUTIH, TAMPAN, KOTA PEKANBARU, RIAU",35,30,121,151
https://kawalpemilu.org#931183,"AIRPUTIH, TAMPAN, KOTA PEKANBARU, RIAU",36,36,142,178
https://kawalpemilu.org#931183,"AIRPUTIH, TAMPAN, KOTA PEKANBARU, RIAU",37,51,134,185
https://kawalpemilu.org#931183,"AIRPUTIH, TAMPAN, KOTA PEKANBARU, RIAU",38,76,146,222
https://kawalpemilu.org#931183,"AIRPUTIH, TAMPAN, KOTA PEKANBARU, RIAU",39,52,140,192
https://kawalpemilu.org#931183,"AIRPUTIH, TAMPAN, KOTA PEKANBARU, RIAU",40,46,203,249
https://kawalpemilu.org#931183,"AIRPUTIH, TAMPAN, KOTA PEKANBARU, RIAU",41,57,142,199
https://kawalpemilu.org#931184,"BINAWIDYA, TAMPAN, KOTA PEKANBARU, RIAU",2,50,218,268
https://kawalpemilu.org#931184,"BINAWIDYA, TAMPAN, KOTA PEKANBARU, RIAU",3,55,205,260
https://kawalpemilu.org#931184,"BINAWIDYA, TAMPAN, KOTA PEKANBARU, RIAU",4,27,176,203
https://kawalpemilu.org#931184,"BINAWIDYA, TAMPAN, KOTA PEKANBARU, RIAU",5,39,176,215
https://kawalpemilu.org#931184,"BINAWIDYA, TAMPAN, KOTA PEKANBARU, RIAU",6,43,158,201
https://kawalpemilu.org#931184,"BINAWIDYA, TAMPAN, KOTA PEKANBARU, RIAU",7,82,145,227
https://kawalpemilu.org#931184,"BINAWIDYA, TAMPAN, KOTA PEKANBARU, RIAU",8,37,130,167
https://kawalpemilu.org#931184,"BINAWIDYA, TAMPAN, KOTA PEKANBARU, RIAU",9,63,177,240
https://kawalpemilu.org#931184,"BINAWIDYA, TAMPAN, KOTA PEKANBARU, RIAU",10,55,176,231
https://kawalpemilu.org#931184,"BINAWIDYA, TAMPAN, KOTA PEKANBARU, RIAU",11,24,110,134
https://kawalpemilu.org#931184,"BINAWIDYA, TAMPAN, KOTA PEKANBARU, RIAU",12,50,176,226
https://kawalpemilu.org#931184,"BINAWIDYA, TAMPAN, KOTA PEKANBARU, RIAU",13,31,161,192
https://kawalpemilu.org#931184,"BINAWIDYA, TAMPAN, KOTA PEKANBARU, RIAU",14,26,199,225
https://kawalpemilu.org#931184,"BINAWIDYA, TAMPAN, KOTA PEKANBARU, RIAU",15,59,151,210
https://kawalpemilu.org#931184,"BINAWIDYA, TAMPAN, KOTA PEKANBARU, RIAU",16,62,140,202
https://kawalpemilu.org#931184,"BINAWIDYA, TAMPAN, KOTA PEKANBARU, RIAU",17,78,136,214
https://kawalpemilu.org#931184,"BINAWIDYA, TAMPAN, KOTA PEKANBARU, RIAU",18,43,140,3
https://kawalpemilu.org#931184,"BINAWIDYA, TAMPAN, KOTA PEKANBARU, RIAU",19,71,218,289
https://kawalpemilu.org#931185,"TUAHMADANI, TAMPAN, KOTA PEKANBARU, RIAU",1,38,207,245
https://kawalpemilu.org#931185,"TUAHMADANI, TAMPAN, KOTA PEKANBARU, RIAU",2,22,160,182
https://kawalpemilu.org#931185,"TUAHMADANI, TAMPAN, KOTA PEKANBARU, RIAU",3,22,149,171
https://kawalpemilu.org#931185,"TUAHMADANI, TAMPAN, KOTA PEKANBARU, RIAU",4,11,222,233
https://kawalpemilu.org#931185,"TUAHMADANI, TAMPAN, KOTA PEKANBARU, RIAU",5,19,140,159
https://kawalpemilu.org#931185,"TUAHMADANI, TAMPAN, KOTA PEKANBARU, RIAU",6,33,191,224
https://kawalpemilu.org#931185,"TUAHMADANI, TAMPAN, KOTA PEKANBARU, RIAU",7,34,212,246
https://kawalpemilu.org#931185,"TUAHMADANI, TAMPAN, KOTA PEKANBARU, RIAU",8,17,192,209
https://kawalpemilu.org#931185,"TUAHMADANI, TAMPAN, KOTA PEKANBARU, RIAU",9,27,138,165
https://kawalpemilu.org#931185,"TUAHMADANI, TAMPAN, KOTA PEKANBARU, RIAU",10,26,137,163
https://kawalpemilu.org#931185,"TUAHMADANI, TAMPAN, KOTA PEKANBARU, RIAU",11,26,163,189
https://kawalpemilu.org#931185,"TUAHMADANI, TAMPAN, KOTA PEKANBARU, RIAU",12,30,153,183
https://kawalpemilu.org#931185,"TUAHMADANI, TAMPAN, KOTA PEKANBARU, RIAU",13,25,164,189
https://kawalpemilu.org#931185,"TUAHMADANI, TAMPAN, KOTA PEKANBARU, RIAU",14,14,155,169
https://kawalpemilu.org#931185,"TUAHMADANI, TAMPAN, KOTA PEKANBARU, RIAU",15,20,131,151
https://kawalpemilu.org#931185,"TUAHMADANI, TAMPAN, KOTA PEKANBARU, RIAU",17,24,141,165
https://kawalpemilu.org#931185,"TUAHMADANI, TAMPAN, KOTA PEKANBARU, RIAU",18,8,180,188
https://kawalpemilu.org#931185,"TUAHMADANI, TAMPAN, KOTA PEKANBARU, RIAU",19,25,139,164
https://kawalpemilu.org#931185,"TUAHMADANI, TAMPAN, KOTA PEKANBARU, RIAU",20,17,172,189
https://kawalpemilu.org#931185,"TUAHMADANI, TAMPAN, KOTA PEKANBARU, RIAU",21,17,170,187
https://kawalpemilu.org#931186,"SIALANGMUNGGU, TAMPAN, KOTA PEKANBARU, RIAU",1,29,170,199
https://kawalpemilu.org#931186,"SIALANGMUNGGU, TAMPAN, KOTA PEKANBARU, RIAU",2,5,127,132
https://kawalpemilu.org#931186,"SIALANGMUNGGU, TAMPAN, KOTA PEKANBARU, RIAU",3,16,160,176
https://kawalpemilu.org#931186,"SIALANGMUNGGU, TAMPAN, KOTA PEKANBARU, RIAU",4,31,196,227
https://kawalpemilu.org#931186,"SIALANGMUNGGU, TAMPAN, KOTA PEKANBARU, RIAU",5,30,217,247
https://kawalpemilu.org#931186,"SIALANGMUNGGU, TAMPAN, KOTA PEKANBARU, RIAU",6,24,227,251
https://kawalpemilu.org#931186,"SIALANGMUNGGU, TAMPAN, KOTA PEKANBARU, RIAU",7,25,172,197
https://kawalpemilu.org#931186,"SIALANGMUNGGU, TAMPAN, KOTA PEKANBARU, RIAU",8,45,211,256
https://kawalpemilu.org#931186,"SIALANGMUNGGU, TAMPAN, KOTA PEKANBARU, RIAU",9,18,209,227
https://kawalpemilu.org#931186,"SIALANGMUNGGU, TAMPAN, KOTA PEKANBARU, RIAU",10,31,208,239
https://kawalpemilu.org#931186,"SIALANGMUNGGU, TAMPAN, KOTA PEKANBARU, RIAU",11,13,119,132
https://kawalpemilu.org#931186,"SIALANGMUNGGU, TAMPAN, KOTA PEKANBARU, RIAU",12,30,142,172
https://kawalpemilu.org#931186,"SIALANGMUNGGU, TAMPAN, KOTA PEKANBARU, RIAU",13,49,201,250
https://kawalpemilu.org#931186,"SIALANGMUNGGU, TAMPAN, KOTA PEKANBARU, RIAU",14,16,207,223
https://kawalpemilu.org#931186,"SIALANGMUNGGU, TAMPAN, KOTA PEKANBARU, RIAU",15,33,201,234
https://kawalpemilu.org#931186,"SIALANGMUNGGU, TAMPAN, KOTA PEKANBARU, RIAU",16,31,158,189
https://kawalpemilu.org#931186,"SIALANGMUNGGU, TAMPAN, KOTA PEKANBARU, RIAU",17,30,202,232
https://kawalpemilu.org#931186,"SIALANGMUNGGU, TAMPAN, KOTA PEKANBARU, RIAU",18,41,259,300
https://kawalpemilu.org#931186,"SIALANGMUNGGU, TAMPAN, KOTA PEKANBARU, RIAU",19,21,110,131
https://kawalpemilu.org#931186,"SIALANGMUNGGU, TAMPAN, KOTA PEKANBARU, RIAU",20,43,119,162
https://kawalpemilu.org#931186,"SIALANGMUNGGU, TAMPAN, KOTA PEKANBARU, RIAU",21,29,170,199
https://kawalpemilu.org#931186,"SIALANGMUNGGU, TAMPAN, KOTA PEKANBARU, RIAU",22,33,203,236
https://kawalpemilu.org#931186,"SIALANGMUNGGU, TAMPAN, KOTA PEKANBARU, RIAU",23,36,156,192
https://kawalpemilu.org#931186,"SIALANGMUNGGU, TAMPAN, KOTA PEKANBARU, RIAU",24,28,156,184
https://kawalpemilu.org#931186,"SIALANGMUNGGU, TAMPAN, KOTA PEKANBARU, RIAU",25,25,124,149
https://kawalpemilu.org#931186,"SIALANGMUNGGU, TAMPAN, KOTA PEKANBARU, RIAU",26,28,160,188
https://kawalpemilu.org#931186,"SIALANGMUNGGU, TAMPAN, KOTA PEKANBARU, RIAU",27,37,186,223
https://kawalpemilu.org#931186,"SIALANGMUNGGU, TAMPAN, KOTA PEKANBARU, RIAU",28,23,196,219
https://kawalpemilu.org#931186,"SIALANGMUNGGU, TAMPAN, KOTA PEKANBARU, RIAU",29,24,117,141
https://kawalpemilu.org#931186,"SIALANGMUNGGU, TAMPAN, KOTA PEKANBARU, RIAU",30,10,173,183
https://kawalpemilu.org#931186,"SIALANGMUNGGU, TAMPAN, KOTA PEKANBARU, RIAU",31,20,118,138
https://kawalpemilu.org#931186,"SIALANGMUNGGU, TAMPAN, KOTA PEKANBARU, RIAU",32,16,123,139
https://kawalpemilu.org#931186,"SIALANGMUNGGU, TAMPAN, KOTA PEKANBARU, RIAU",33,22,157,179
https://kawalpemilu.org#931186,"SIALANGMUNGGU, TAMPAN, KOTA PEKANBARU, RIAU",34,51,153,204
https://kawalpemilu.org#931186,"SIALANGMUNGGU, TAMPAN, KOTA PEKANBARU, RIAU",35,21,127,148
https://kawalpemilu.org#931186,"SIALANGMUNGGU, TAMPAN, KOTA PEKANBARU, RIAU",36,31,163,194
https://kawalpemilu.org#931186,"SIALANGMUNGGU, TAMPAN, KOTA PEKANBARU, RIAU",37,69,177,246
https://kawalpemilu.org#931186,"SIALANGMUNGGU, TAMPAN, KOTA PEKANBARU, RIAU",38,33,224,257
https://kawalpemilu.org#931186,"SIALANGMUNGGU, TAMPAN, KOTA PEKANBARU, RIAU",39,24,112,136
https://kawalpemilu.org#931186,"SIALANGMUNGGU, TAMPAN, KOTA PEKANBARU, RIAU",40,55,132,187
https://kawalpemilu.org#931186,"SIALANGMUNGGU, TAMPAN, KOTA PEKANBARU, RIAU",41,20,178,198
https://kawalpemilu.org#931186,"SIALANGMUNGGU, TAMPAN, KOTA PEKANBARU, RIAU",42,13,125,138
https://kawalpemilu.org#931186,"SIALANGMUNGGU, TAMPAN, KOTA PEKANBARU, RIAU",43,25,233,258
https://kawalpemilu.org#931186,"SIALANGMUNGGU, TAMPAN, KOTA PEKANBARU, RIAU",44,26,126,152
https://kawalpemilu.org#931186,"SIALANGMUNGGU, TAMPAN, KOTA PEKANBARU, RIAU",45,19,129,148
https://kawalpemilu.org#931186,"SIALANGMUNGGU, TAMPAN, KOTA PEKANBARU, RIAU",46,16,182,198
https://kawalpemilu.org#931186,"SIALANGMUNGGU, TAMPAN, KOTA PEKANBARU, RIAU",47,26,137,163
https://kawalpemilu.org#931186,"SIALANGMUNGGU, TAMPAN, KOTA PEKANBARU, RIAU",48,11,137,148
https://kawalpemilu.org#931186,"SIALANGMUNGGU, TAMPAN, KOTA PEKANBARU, RIAU",49,26,223,249
https://kawalpemilu.org#931186,"SIALANGMUNGGU, TAMPAN, KOTA PEKANBARU, RIAU",50,28,259,287
https://kawalpemilu.org#931186,"SIALANGMUNGGU, TAMPAN, KOTA PEKANBARU, RIAU",51,30,110,140
https://kawalpemilu.org#931186,"SIALANGMUNGGU, TAMPAN, KOTA PEKANBARU, RIAU",52,83,75,158
https://kawalpemilu.org#931186,"SIALANGMUNGGU, TAMPAN, KOTA PEKANBARU, RIAU",53,31,168,199
https://kawalpemilu.org#931186,"SIALANGMUNGGU, TAMPAN, KOTA PEKANBARU, RIAU",54,26,169,195
https://kawalpemilu.org#931186,"SIALANGMUNGGU, TAMPAN, KOTA PEKANBARU, RIAU",55,16,107,123
https://kawalpemilu.org#931186,"SIALANGMUNGGU, TAMPAN, KOTA PEKANBARU, RIAU",56,14,114,128
https://kawalpemilu.org#931186,"SIALANGMUNGGU, TAMPAN, KOTA PEKANBARU, RIAU",57,27,118,145
https://kawalpemilu.org#931186,"SIALANGMUNGGU, TAMPAN, KOTA PEKANBARU, RIAU",58,32,180,212
https://kawalpemilu.org#931186,"SIALANGMUNGGU, TAMPAN, KOTA PEKANBARU, RIAU",59,16,104,120
https://kawalpemilu.org#931186,"SIALANGMUNGGU, TAMPAN, KOTA PEKANBARU, RIAU",60,27,189,216
https://kawalpemilu.org#931186,"SIALANGMUNGGU, TAMPAN, KOTA PEKANBARU, RIAU",61,18,150,168
https://kawalpemilu.org#931186,"SIALANGMUNGGU, TAMPAN, KOTA PEKANBARU, RIAU",62,40,181,221
https://kawalpemilu.org#931186,"SIALANGMUNGGU, TAMPAN, KOTA PEKANBARU, RIAU",63,39,107,146
https://kawalpemilu.org#931186,"SIALANGMUNGGU, TAMPAN, KOTA PEKANBARU, RIAU",64,25,172,197
https://kawalpemilu.org#931186,"SIALANGMUNGGU, TAMPAN, KOTA PEKANBARU, RIAU",65,25,166,191
https://kawalpemilu.org#931186,"SIALANGMUNGGU, TAMPAN, KOTA PEKANBARU, RIAU",66,18,127,145
https://kawalpemilu.org#931186,"SIALANGMUNGGU, TAMPAN, KOTA PEKANBARU, RIAU",67,21,142,163
https://kawalpemilu.org#931186,"SIALANGMUNGGU, TAMPAN, KOTA PEKANBARU, RIAU",68,46,171,217
https://kawalpemilu.org#931186,"SIALANGMUNGGU, TAMPAN, KOTA PEKANBARU, RIAU",69,18,115,133
https://kawalpemilu.org#931186,"SIALANGMUNGGU, TAMPAN, KOTA PEKANBARU, RIAU",70,17,155,172
https://kawalpemilu.org#931186,"SIALANGMUNGGU, TAMPAN, KOTA PEKANBARU, RIAU",71,31,195,226
https://kawalpemilu.org#931186,"SIALANGMUNGGU, TAMPAN, KOTA PEKANBARU, RIAU",72,14,108,122
https://kawalpemilu.org#931186,"SIALANGMUNGGU, TAMPAN, KOTA PEKANBARU, RIAU",73,31,122,153
https://kawalpemilu.org#931186,"SIALANGMUNGGU, TAMPAN, KOTA PEKANBARU, RIAU",74,18,191,209
https://kawalpemilu.org#931186,"SIALANGMUNGGU, TAMPAN, KOTA PEKANBARU, RIAU",75,17,98,115
https://kawalpemilu.org#931186,"SIALANGMUNGGU, TAMPAN, KOTA PEKANBARU, RIAU",76,15,122,137
https://kawalpemilu.org#931186,"SIALANGMUNGGU, TAMPAN, KOTA PEKANBARU, RIAU",77,35,202,237
https://kawalpemilu.org#931186,"SIALANGMUNGGU, TAMPAN, KOTA PEKANBARU, RIAU",78,21,117,138
https://kawalpemilu.org#931186,"SIALANGMUNGGU, TAMPAN, KOTA PEKANBARU, RIAU",79,31,128,159
https://kawalpemilu.org#931186,"SIALANGMUNGGU, TAMPAN, KOTA PEKANBARU, RIAU",80,36,112,148
https://kawalpemilu.org#931186,"SIALANGMUNGGU, TAMPAN, KOTA PEKANBARU, RIAU",81,43,182,225
https://kawalpemilu.org#931186,"SIALANGMUNGGU, TAMPAN, KOTA PEKANBARU, RIAU",82,29,174,203
https://kawalpemilu.org#931187,"TOBEKGODANG, TAMPAN, KOTA PEKANBARU, RIAU",1,33,115,148
https://kawalpemilu.org#931187,"TOBEKGODANG, TAMPAN, KOTA PEKANBARU, RIAU",2,37,176,213
https://kawalpemilu.org#931187,"TOBEKGODANG, TAMPAN, KOTA PEKANBARU, RIAU",3,27,120,147
https://kawalpemilu.org#931187,"TOBEKGODANG, TAMPAN, KOTA PEKANBARU, RIAU",4,11,82,93
https://kawalpemilu.org#931187,"TOBEKGODANG, TAMPAN, KOTA PEKANBARU, RIAU",5,26,125,151
https://kawalpemilu.org#931187,"TOBEKGODANG, TAMPAN, KOTA PEKANBARU, RIAU",6,15,85,100
https://kawalpemilu.org#931187,"TOBEKGODANG, TAMPAN, KOTA PEKANBARU, RIAU",7,64,175,239
https://kawalpemilu.org#931187,"TOBEKGODANG, TAMPAN, KOTA PEKANBARU, RIAU",8,29,170,199
https://kawalpemilu.org#931187,"TOBEKGODANG, TAMPAN, KOTA PEKANBARU, RIAU",9,52,148,200
https://kawalpemilu.org#931187,"TOBEKGODANG, TAMPAN, KOTA PEKANBARU, RIAU",10,23,128,151
https://kawalpemilu.org#931187,"TOBEKGODANG, TAMPAN, KOTA PEKANBARU, RIAU",11,25,203,228
https://kawalpemilu.org#931187,"TOBEKGODANG, TAMPAN, KOTA PEKANBARU, RIAU",12,63,188,251
https://kawalpemilu.org#931187,"TOBEKGODANG, TAMPAN, KOTA PEKANBARU, RIAU",13,44,222,266
https://kawalpemilu.org#931187,"TOBEKGODANG, TAMPAN, KOTA PEKANBARU, RIAU",14,11,118,129
https://kawalpemilu.org#931187,"TOBEKGODANG, TAMPAN, KOTA PEKANBARU, RIAU",15,14,120,134
https://kawalpemilu.org#931187,"TOBEKGODANG, TAMPAN, KOTA PEKANBARU, RIAU",16,28,140,168
https://kawalpemilu.org#931187,"TOBEKGODANG, TAMPAN, KOTA PEKANBARU, RIAU",17,64,125,189
https://kawalpemilu.org#931187,"TOBEKGODANG, TAMPAN, KOTA PEKANBARU, RIAU",18,28,178,206
https://kawalpemilu.org#931187,"TOBEKGODANG, TAMPAN, KOTA PEKANBARU, RIAU",19,19,131,150
https://kawalpemilu.org#931187,"TOBEKGODANG, TAMPAN, KOTA PEKANBARU, RIAU",20,19,223,242
https://kawalpemilu.org#931187,"TOBEKGODANG, TAMPAN, KOTA PEKANBARU, RIAU",21,7,214,221
https://kawalpemilu.org#931187,"TOBEKGODANG, TAMPAN, KOTA PEKANBARU, RIAU",22,19,127,146
https://kawalpemilu.org#931187,"TOBEKGODANG, TAMPAN, KOTA PEKANBARU, RIAU",23,63,182,245
https://kawalpemilu.org#931187,"TOBEKGODANG, TAMPAN, KOTA PEKANBARU, RIAU",24,27,129,156
https://kawalpemilu.org#931187,"TOBEKGODANG, TAMPAN, KOTA PEKANBARU, RIAU",25,14,152,166
https://kawalpemilu.org#931187,"TOBEKGODANG, TAMPAN, KOTA PEKANBARU, RIAU",26,19,148,167
https://kawalpemilu.org#931187,"TOBEKGODANG, TAMPAN, KOTA PEKANBARU, RIAU",27,25,238,263
https://kawalpemilu.org#931187,"TOBEKGODANG, TAMPAN, KOTA PEKANBARU, RIAU",28,18,111,129
https://kawalpemilu.org#931187,"TOBEKGODANG, TAMPAN, KOTA PEKANBARU, RIAU",29,47,171,218
https://kawalpemilu.org#931187,"TOBEKGODANG, TAMPAN, KOTA PEKANBARU, RIAU",30,49,65,114
https://kawalpemilu.org#931187,"TOBEKGODANG, TAMPAN, KOTA PEKANBARU, RIAU",31,87,198,285
https://kawalpemilu.org#931187,"TOBEKGODANG, TAMPAN, KOTA PEKANBARU, RIAU",32,64,71,135
https://kawalpemilu.org#931187,"TOBEKGODANG, TAMPAN, KOTA PEKANBARU, RIAU",33,34,271,305
https://kawalpemilu.org#931187,"TOBEKGODANG, TAMPAN, KOTA PEKANBARU, RIAU",34,5,110,110
https://kawalpemilu.org#931187,"TOBEKGODANG, TAMPAN, KOTA PEKANBARU, RIAU",35,38,195,233
https://kawalpemilu.org#931187,"TOBEKGODANG, TAMPAN, KOTA PEKANBARU, RIAU",36,35,177,212
https://kawalpemilu.org#931187,"TOBEKGODANG, TAMPAN, KOTA PEKANBARU, RIAU",37,31,178,209
https://kawalpemilu.org#931187,"TOBEKGODANG, TAMPAN, KOTA PEKANBARU, RIAU",38,22,144,166
https://kawalpemilu.org#931187,"TOBEKGODANG, TAMPAN, KOTA PEKANBARU, RIAU",39,24,121,145
https://kawalpemilu.org#931187,"TOBEKGODANG, TAMPAN, KOTA PEKANBARU, RIAU",40,50,156,206
https://kawalpemilu.org#931187,"TOBEKGODANG, TAMPAN, KOTA PEKANBARU, RIAU",41,33,227,260
https://kawalpemilu.org#931187,"TOBEKGODANG, TAMPAN, KOTA PEKANBARU, RIAU",42,31,126,157
https://kawalpemilu.org#931187,"TOBEKGODANG, TAMPAN, KOTA PEKANBARU, RIAU",43,19,135,154
https://kawalpemilu.org#931187,"TOBEKGODANG, TAMPAN, KOTA PEKANBARU, RIAU",44,19,55,74
https://kawalpemilu.org#931187,"TOBEKGODANG, TAMPAN, KOTA PEKANBARU, RIAU",45,23,137,160
https://kawalpemilu.org#931187,"TOBEKGODANG, TAMPAN, KOTA PEKANBARU, RIAU",46,30,189,219
https://kawalpemilu.org#931187,"TOBEKGODANG, TAMPAN, KOTA PEKANBARU, RIAU",47,33,225,258
https://kawalpemilu.org#931187,"TOBEKGODANG, TAMPAN, KOTA PEKANBARU, RIAU",48,23,149,172
https://kawalpemilu.org#931187,"TOBEKGODANG, TAMPAN, KOTA PEKANBARU, RIAU",49,41,175,216
https://kawalpemilu.org#15824,"TANGKERANG  BARAT, MARPOYAN DAMAI, KOTA PEKANBARU, RIAU",1,33,207,240
https://kawalpemilu.org#15824,"TANGKERANG  BARAT, MARPOYAN DAMAI, KOTA PEKANBARU, RIAU",2,18,189,207
https://kawalpemilu.org#15824,"TANGKERANG  BARAT, MARPOYAN DAMAI, KOTA PEKANBARU, RIAU",3,33,178,211
https://kawalpemilu.org#15824,"TANGKERANG  BARAT, MARPOYAN DAMAI, KOTA PEKANBARU, RIAU",4,21,191,212
https://kawalpemilu.org#15824,"TANGKERANG  BARAT, MARPOYAN DAMAI, KOTA PEKANBARU, RIAU",5,19,257,276
https://kawalpemilu.org#15824,"TANGKERANG  BARAT, MARPOYAN DAMAI, KOTA PEKANBARU, RIAU",6,38,196,234
https://kawalpemilu.org#15824,"TANGKERANG  BARAT, MARPOYAN DAMAI, KOTA PEKANBARU, RIAU",7,50,146,196
https://kawalpemilu.org#15824,"TANGKERANG  BARAT, MARPOYAN DAMAI, KOTA PEKANBARU, RIAU",8,47,153,200
https://kawalpemilu.org#15824,"TANGKERANG  BARAT, MARPOYAN DAMAI, KOTA PEKANBARU, RIAU",9,50,128,178
https://kawalpemilu.org#15824,"TANGKERANG  BARAT, MARPOYAN DAMAI, KOTA PEKANBARU, RIAU",10,48,188,236
https://kawalpemilu.org#15824,"TANGKERANG  BARAT, MARPOYAN DAMAI, KOTA PEKANBARU, RIAU",11,43,168,211
https://kawalpemilu.org#15824,"TANGKERANG  BARAT, MARPOYAN DAMAI, KOTA PEKANBARU, RIAU",12,19,174,193
https://kawalpemilu.org#15824,"TANGKERANG  BARAT, MARPOYAN DAMAI, KOTA PEKANBARU, RIAU",13,30,171,201
https://kawalpemilu.org#15824,"TANGKERANG  BARAT, MARPOYAN DAMAI, KOTA PEKANBARU, RIAU",14,38,223,261
https://kawalpemilu.org#15824,"TANGKERANG  BARAT, MARPOYAN DAMAI, KOTA PEKANBARU, RIAU",15,27,231,258
https://kawalpemilu.org#15824,"TANGKERANG  BARAT, MARPOYAN DAMAI, KOTA PEKANBARU, RIAU",16,20,271,291
https://kawalpemilu.org#15824,"TANGKERANG  BARAT, MARPOYAN DAMAI, KOTA PEKANBARU, RIAU",17,43,162,205
https://kawalpemilu.org#15824,"TANGKERANG  BARAT, MARPOYAN DAMAI, KOTA PEKANBARU, RIAU",18,27,268,295
https://kawalpemilu.org#15824,"TANGKERANG  BARAT, MARPOYAN DAMAI, KOTA PEKANBARU, RIAU",19,20,199,219
https://kawalpemilu.org#15824,"TANGKERANG  BARAT, MARPOYAN DAMAI, KOTA PEKANBARU, RIAU",20,23,252,275
https://kawalpemilu.org#15824,"TANGKERANG  BARAT, MARPOYAN DAMAI, KOTA PEKANBARU, RIAU",21,30,265,295
https://kawalpemilu.org#15824,"TANGKERANG  BARAT, MARPOYAN DAMAI, KOTA PEKANBARU, RIAU",22,16,195,211
https://kawalpemilu.org#15824,"TANGKERANG  BARAT, MARPOYAN DAMAI, KOTA PEKANBARU, RIAU",23,53,212,265
https://kawalpemilu.org#15824,"TANGKERANG  BARAT, MARPOYAN DAMAI, KOTA PEKANBARU, RIAU",24,29,258,287
https://kawalpemilu.org#15824,"TANGKERANG  BARAT, MARPOYAN DAMAI, KOTA PEKANBARU, RIAU",25,35,121,156
https://kawalpemilu.org#15824,"TANGKERANG  BARAT, MARPOYAN DAMAI, KOTA PEKANBARU, RIAU",26,43,205,285
https://kawalpemilu.org#15824,"TANGKERANG  BARAT, MARPOYAN DAMAI, KOTA PEKANBARU, RIAU",27,28,160,188
https://kawalpemilu.org#15824,"TANGKERANG  BARAT, MARPOYAN DAMAI, KOTA PEKANBARU, RIAU",28,125,33,158
https://kawalpemilu.org#15824,"TANGKERANG  BARAT, MARPOYAN DAMAI, KOTA PEKANBARU, RIAU",30,36,107,143
https://kawalpemilu.org#15824,"TANGKERANG  BARAT, MARPOYAN DAMAI, KOTA PEKANBARU, RIAU",31,130,204,334
https://kawalpemilu.org#15824,"TANGKERANG  BARAT, MARPOYAN DAMAI, KOTA PEKANBARU, RIAU",32,82,121,203
https://kawalpemilu.org#15824,"TANGKERANG  BARAT, MARPOYAN DAMAI, KOTA PEKANBARU, RIAU",33,21,194,215
https://kawalpemilu.org#15824,"TANGKERANG  BARAT, MARPOYAN DAMAI, KOTA PEKANBARU, RIAU",34,25,178,201
https://kawalpemilu.org#15824,"TANGKERANG  BARAT, MARPOYAN DAMAI, KOTA PEKANBARU, RIAU",35,80,191,271
https://kawalpemilu.org#15824,"TANGKERANG  BARAT, MARPOYAN DAMAI, KOTA PEKANBARU, RIAU",36,33,228,261
https://kawalpemilu.org#15824,"TANGKERANG  BARAT, MARPOYAN DAMAI, KOTA PEKANBARU, RIAU",37,83,186,269
https://kawalpemilu.org#15824,"TANGKERANG  BARAT, MARPOYAN DAMAI, KOTA PEKANBARU, RIAU",38,37,166,203
https://kawalpemilu.org#15824,"TANGKERANG  BARAT, MARPOYAN DAMAI, KOTA PEKANBARU, RIAU",39,34,159,193
https://kawalpemilu.org#15824,"TANGKERANG  BARAT, MARPOYAN DAMAI, KOTA PEKANBARU, RIAU",40,12,142,154
https://kawalpemilu.org#15824,"TANGKERANG  BARAT, MARPOYAN DAMAI, KOTA PEKANBARU, RIAU",42,40,198,238
https://kawalpemilu.org#15824,"TANGKERANG  BARAT, MARPOYAN DAMAI, KOTA PEKANBARU, RIAU",43,38,137,175
https://kawalpemilu.org#15824,"TANGKERANG  BARAT, MARPOYAN DAMAI, KOTA PEKANBARU, RIAU",44,58,69,127
https://kawalpemilu.org#15824,"TANGKERANG  BARAT, MARPOYAN DAMAI, KOTA PEKANBARU, RIAU",45,29,91,120
https://kawalpemilu.org#15824,"TANGKERANG  BARAT, MARPOYAN DAMAI, KOTA PEKANBARU, RIAU",46,98,115,213
https://kawalpemilu.org#15825,"TANGKERANG TENGAH, MARPOYAN DAMAI, KOTA PEKANBARU, RIAU",1,17,265,282
https://kawalpemilu.org#15825,"TANGKERANG TENGAH, MARPOYAN DAMAI, KOTA PEKANBARU, RIAU",2,17,222,239
https://kawalpemilu.org#15825,"TANGKERANG TENGAH, MARPOYAN DAMAI, KOTA PEKANBARU, RIAU",3,8,156,164
https://kawalpemilu.org#15825,"TANGKERANG TENGAH, MARPOYAN DAMAI, KOTA PEKANBARU, RIAU",4,22,108,130
https://kawalpemilu.org#15825,"TANGKERANG TENGAH, MARPOYAN DAMAI, KOTA PEKANBARU, RIAU",5,37,202,239
https://kawalpemilu.org#15825,"TANGKERANG TENGAH, MARPOYAN DAMAI, KOTA PEKANBARU, RIAU",6,24,183,207
https://kawalpemilu.org#15825,"TANGKERANG TENGAH, MARPOYAN DAMAI, KOTA PEKANBARU, RIAU",7,26,198,224
https://kawalpemilu.org#15825,"TANGKERANG TENGAH, MARPOYAN DAMAI, KOTA PEKANBARU, RIAU",8,21,208,229
https://kawalpemilu.org#15825,"TANGKERANG TENGAH, MARPOYAN DAMAI, KOTA PEKANBARU, RIAU",9,27,148,175
https://kawalpemilu.org#15825,"TANGKERANG TENGAH, MARPOYAN DAMAI, KOTA PEKANBARU, RIAU",10,73,154,227
https://kawalpemilu.org#15825,"TANGKERANG TENGAH, MARPOYAN DAMAI, KOTA PEKANBARU, RIAU",11,31,113,144
https://kawalpemilu.org#15825,"TANGKERANG TENGAH, MARPOYAN DAMAI, KOTA PEKANBARU, RIAU",12,17,213,230
https://kawalpemilu.org#15825,"TANGKERANG TENGAH, MARPOYAN DAMAI, KOTA PEKANBARU, RIAU",13,13,178,191
https://kawalpemilu.org#15825,"TANGKERANG TENGAH, MARPOYAN DAMAI, KOTA PEKANBARU, RIAU",14,28,210,238
https://kawalpemilu.org#15825,"TANGKERANG TENGAH, MARPOYAN DAMAI, KOTA PEKANBARU, RIAU",15,29,153,182
https://kawalpemilu.org#15825,"TANGKERANG TENGAH, MARPOYAN DAMAI, KOTA PEKANBARU, RIAU",16,51,196,247
https://kawalpemilu.org#15825,"TANGKERANG TENGAH, MARPOYAN DAMAI, KOTA PEKANBARU, RIAU",17,28,211,239
https://kawalpemilu.org#15825,"TANGKERANG TENGAH, MARPOYAN DAMAI, KOTA PEKANBARU, RIAU",18,38,140,178
https://kawalpemilu.org#15825,"TANGKERANG TENGAH, MARPOYAN DAMAI, KOTA PEKANBARU, RIAU",19,66,152,218
https://kawalpemilu.org#15825,"TANGKERANG TENGAH, MARPOYAN DAMAI, KOTA PEKANBARU, RIAU",20,9,102,111
https://kawalpemilu.org#15825,"TANGKERANG TENGAH, MARPOYAN DAMAI, KOTA PEKANBARU, RIAU",21,43,136,179
https://kawalpemilu.org#15825,"TANGKERANG TENGAH, MARPOYAN DAMAI, KOTA PEKANBARU, RIAU",22,19,240,259
https://kawalpemilu.org#15825,"TANGKERANG TENGAH, MARPOYAN DAMAI, KOTA PEKANBARU, RIAU",23,27,141,168
https://kawalpemilu.org#15825,"TANGKERANG TENGAH, MARPOYAN DAMAI, KOTA PEKANBARU, RIAU",24,6,118,124
https://kawalpemilu.org#15825,"TANGKERANG TENGAH, MARPOYAN DAMAI, KOTA PEKANBARU, RIAU",25,62,187,249
https://kawalpemilu.org#15825,"TANGKERANG TENGAH, MARPOYAN DAMAI, KOTA PEKANBARU, RIAU",26,41,99,140
https://kawalpemilu.org#15825,"TANGKERANG TENGAH, MARPOYAN DAMAI, KOTA PEKANBARU, RIAU",27,18,119,137
https://kawalpemilu.org#15825,"TANGKERANG TENGAH, MARPOYAN DAMAI, KOTA PEKANBARU, RIAU",28,28,158,28
https://kawalpemilu.org#15825,"TANGKERANG TENGAH, MARPOYAN DAMAI, KOTA PEKANBARU, RIAU",29,43,107,150
https://kawalpemilu.org#15825,"TANGKERANG TENGAH, MARPOYAN DAMAI, KOTA PEKANBARU, RIAU",30,80,194,274
https://kawalpemilu.org#15825,"TANGKERANG TENGAH, MARPOYAN DAMAI, KOTA PEKANBARU, RIAU",31,53,113,166
https://kawalpemilu.org#15825,"TANGKERANG TENGAH, MARPOYAN DAMAI, KOTA PEKANBARU, RIAU",32,36,123,159
https://kawalpemilu.org#15825,"TANGKERANG TENGAH, MARPOYAN DAMAI, KOTA PEKANBARU, RIAU",33,35,167,202
https://kawalpemilu.org#15825,"TANGKERANG TENGAH, MARPOYAN DAMAI, KOTA PEKANBARU, RIAU",34,13,209,222
https://kawalpemilu.org#15825,"TANGKERANG TENGAH, MARPOYAN DAMAI, KOTA PEKANBARU, RIAU",35,17,125,142
https://kawalpemilu.org#15825,"TANGKERANG TENGAH, MARPOYAN DAMAI, KOTA PEKANBARU, RIAU",36,33,149,182
https://kawalpemilu.org#15825,"TANGKERANG TENGAH, MARPOYAN DAMAI, KOTA PEKANBARU, RIAU",37,34,170,204
https://kawalpemilu.org#15825,"TANGKERANG TENGAH, MARPOYAN DAMAI, KOTA PEKANBARU, RIAU",38,25,129,154
https://kawalpemilu.org#15825,"TANGKERANG TENGAH, MARPOYAN DAMAI, KOTA PEKANBARU, RIAU",39,51,218,269
https://kawalpemilu.org#15825,"TANGKERANG TENGAH, MARPOYAN DAMAI, KOTA PEKANBARU, RIAU",40,24,113,137
https://kawalpemilu.org#15825,"TANGKERANG TENGAH, MARPOYAN DAMAI, KOTA PEKANBARU, RIAU",41,29,154,183
https://kawalpemilu.org#15825,"TANGKERANG TENGAH, MARPOYAN DAMAI, KOTA PEKANBARU, RIAU",42,14,101,115
https://kawalpemilu.org#15825,"TANGKERANG TENGAH, MARPOYAN DAMAI, KOTA PEKANBARU, RIAU",43,16,124,140
https://kawalpemilu.org#15825,"TANGKERANG TENGAH, MARPOYAN DAMAI, KOTA PEKANBARU, RIAU",44,23,80,103
https://kawalpemilu.org#15825,"TANGKERANG TENGAH, MARPOYAN DAMAI, KOTA PEKANBARU, RIAU",45,27,153,180
https://kawalpemilu.org#15825,"TANGKERANG TENGAH, MARPOYAN DAMAI, KOTA PEKANBARU, RIAU",46,21,141,162
https://kawalpemilu.org#15825,"TANGKERANG TENGAH, MARPOYAN DAMAI, KOTA PEKANBARU, RIAU",47,48,172,220
https://kawalpemilu.org#15825,"TANGKERANG TENGAH, MARPOYAN DAMAI, KOTA PEKANBARU, RIAU",48,25,107,132
https://kawalpemilu.org#15825,"TANGKERANG TENGAH, MARPOYAN DAMAI, KOTA PEKANBARU, RIAU",49,68,210,278
https://kawalpemilu.org#15825,"TANGKERANG TENGAH, MARPOYAN DAMAI, KOTA PEKANBARU, RIAU",50,67,116,183
https://kawalpemilu.org#15825,"TANGKERANG TENGAH, MARPOYAN DAMAI, KOTA PEKANBARU, RIAU",51,28,84,112
https://kawalpemilu.org#15825,"TANGKERANG TENGAH, MARPOYAN DAMAI, KOTA PEKANBARU, RIAU",52,38,195,233
https://kawalpemilu.org#15825,"TANGKERANG TENGAH, MARPOYAN DAMAI, KOTA PEKANBARU, RIAU",53,39,211,3
https://kawalpemilu.org#15825,"TANGKERANG TENGAH, MARPOYAN DAMAI, KOTA PEKANBARU, RIAU",54,24,181,205
https://kawalpemilu.org#15825,"TANGKERANG TENGAH, MARPOYAN DAMAI, KOTA PEKANBARU, RIAU",55,15,120,135
https://kawalpemilu.org#15825,"TANGKERANG TENGAH, MARPOYAN DAMAI, KOTA PEKANBARU, RIAU",56,41,141,182
https://kawalpemilu.org#15825,"TANGKERANG TENGAH, MARPOYAN DAMAI, KOTA PEKANBARU, RIAU",57,42,191,233
https://kawalpemilu.org#15825,"TANGKERANG TENGAH, MARPOYAN DAMAI, KOTA PEKANBARU, RIAU",58,33,99,132
https://kawalpemilu.org#15825,"TANGKERANG TENGAH, MARPOYAN DAMAI, KOTA PEKANBARU, RIAU",59,32,95,127
https://kawalpemilu.org#15825,"TANGKERANG TENGAH, MARPOYAN DAMAI, KOTA PEKANBARU, RIAU",60,53,173,226
https://kawalpemilu.org#15825,"TANGKERANG TENGAH, MARPOYAN DAMAI, KOTA PEKANBARU, RIAU",61,27,117,144
https://kawalpemilu.org#15825,"TANGKERANG TENGAH, MARPOYAN DAMAI, KOTA PEKANBARU, RIAU",62,27,173,200
https://kawalpemilu.org#15825,"TANGKERANG TENGAH, MARPOYAN DAMAI, KOTA PEKANBARU, RIAU",63,37,127,164
https://kawalpemilu.org#15825,"TANGKERANG TENGAH, MARPOYAN DAMAI, KOTA PEKANBARU, RIAU",64,50,124,174
https://kawalpemilu.org#15825,"TANGKERANG TENGAH, MARPOYAN DAMAI, KOTA PEKANBARU, RIAU",65,43,184,227
https://kawalpemilu.org#15825,"TANGKERANG TENGAH, MARPOYAN DAMAI, KOTA PEKANBARU, RIAU",66,19,131,150
https://kawalpemilu.org#15825,"TANGKERANG TENGAH, MARPOYAN DAMAI, KOTA PEKANBARU, RIAU",67,40,142,182
https://kawalpemilu.org#15825,"TANGKERANG TENGAH, MARPOYAN DAMAI, KOTA PEKANBARU, RIAU",68,20,94,114
https://kawalpemilu.org#15825,"TANGKERANG TENGAH, MARPOYAN DAMAI, KOTA PEKANBARU, RIAU",69,17,149,166
https://kawalpemilu.org#15825,"TANGKERANG TENGAH, MARPOYAN DAMAI, KOTA PEKANBARU, RIAU",70,9,156,165
https://kawalpemilu.org#15825,"TANGKERANG TENGAH, MARPOYAN DAMAI, KOTA PEKANBARU, RIAU",71,14,143,157
https://kawalpemilu.org#15825,"TANGKERANG TENGAH, MARPOYAN DAMAI, KOTA PEKANBARU, RIAU",72,44,152,196
https://kawalpemilu.org#15825,"TANGKERANG TENGAH, MARPOYAN DAMAI, KOTA PEKANBARU, RIAU",73,12,126,138
https://kawalpemilu.org#15825,"TANGKERANG TENGAH, MARPOYAN DAMAI, KOTA PEKANBARU, RIAU",74,20,113,133
https://kawalpemilu.org#15825,"TANGKERANG TENGAH, MARPOYAN DAMAI, KOTA PEKANBARU, RIAU",75,48,131,179
https://kawalpemilu.org#15825,"TANGKERANG TENGAH, MARPOYAN DAMAI, KOTA PEKANBARU, RIAU",76,28,191,219
https://kawalpemilu.org#15825,"TANGKERANG TENGAH, MARPOYAN DAMAI, KOTA PEKANBARU, RIAU",77,26,139,165
https://kawalpemilu.org#15825,"TANGKERANG TENGAH, MARPOYAN DAMAI, KOTA PEKANBARU, RIAU",78,28,158,186
https://kawalpemilu.org#15825,"TANGKERANG TENGAH, MARPOYAN DAMAI, KOTA PEKANBARU, RIAU",79,26,89,115
https://kawalpemilu.org#15825,"TANGKERANG TENGAH, MARPOYAN DAMAI, KOTA PEKANBARU, RIAU",80,37,165,202
https://kawalpemilu.org#15825,"TANGKERANG TENGAH, MARPOYAN DAMAI, KOTA PEKANBARU, RIAU",81,26,109,135
https://kawalpemilu.org#15825,"TANGKERANG TENGAH, MARPOYAN DAMAI, KOTA PEKANBARU, RIAU",82,28,118,146
https://kawalpemilu.org#15825,"TANGKERANG TENGAH, MARPOYAN DAMAI, KOTA PEKANBARU, RIAU",83,134,34,168
https://kawalpemilu.org#15825,"TANGKERANG TENGAH, MARPOYAN DAMAI, KOTA PEKANBARU, RIAU",84,27,123,150
https://kawalpemilu.org#15825,"TANGKERANG TENGAH, MARPOYAN DAMAI, KOTA PEKANBARU, RIAU",85,37,133,170
https://kawalpemilu.org#15825,"TANGKERANG TENGAH, MARPOYAN DAMAI, KOTA PEKANBARU, RIAU",86,19,103,122
https://kawalpemilu.org#15825,"TANGKERANG TENGAH, MARPOYAN DAMAI, KOTA PEKANBARU, RIAU",87,43,147,190
https://kawalpemilu.org#15825,"TANGKERANG TENGAH, MARPOYAN DAMAI, KOTA PEKANBARU, RIAU",88,47,145,192
https://kawalpemilu.org#15825,"TANGKERANG TENGAH, MARPOYAN DAMAI, KOTA PEKANBARU, RIAU",89,18,119,137
https://kawalpemilu.org#15826,"SIDOMULYO TIMUR, MARPOYAN DAMAI, KOTA PEKANBARU, RIAU",1,57,162,219
https://kawalpemilu.org#15826,"SIDOMULYO TIMUR, MARPOYAN DAMAI, KOTA PEKANBARU, RIAU",2,47,196,243
https://kawalpemilu.org#15826,"SIDOMULYO TIMUR, MARPOYAN DAMAI, KOTA PEKANBARU, RIAU",3,38,143,181
https://kawalpemilu.org#15826,"SIDOMULYO TIMUR, MARPOYAN DAMAI, KOTA PEKANBARU, RIAU",4,77,202,279
https://kawalpemilu.org#15826,"SIDOMULYO TIMUR, MARPOYAN DAMAI, KOTA PEKANBARU, RIAU",5,59,154,213
https://kawalpemilu.org#15826,"SIDOMULYO TIMUR, MARPOYAN DAMAI, KOTA PEKANBARU, RIAU",6,27,93,120
https://kawalpemilu.org#15826,"SIDOMULYO TIMUR, MARPOYAN DAMAI, KOTA PEKANBARU, RIAU",7,56,234,290
https://kawalpemilu.org#15826,"SIDOMULYO TIMUR, MARPOYAN DAMAI, KOTA PEKANBARU, RIAU",8,93,181,274
https://kawalpemilu.org#15826,"SIDOMULYO TIMUR, MARPOYAN DAMAI, KOTA PEKANBARU, RIAU",9,22,141,163
https://kawalpemilu.org#15826,"SIDOMULYO TIMUR, MARPOYAN DAMAI, KOTA PEKANBARU, RIAU",10,74,198,272
https://kawalpemilu.org#15826,"SIDOMULYO TIMUR, MARPOYAN DAMAI, KOTA PEKANBARU, RIAU",11,27,130,157
https://kawalpemilu.org#15826,"SIDOMULYO TIMUR, MARPOYAN DAMAI, KOTA PEKANBARU, RIAU",12,34,186,220
https://kawalpemilu.org#15826,"SIDOMULYO TIMUR, MARPOYAN DAMAI, KOTA PEKANBARU, RIAU",13,28,206,234
https://kawalpemilu.org#15826,"SIDOMULYO TIMUR, MARPOYAN DAMAI, KOTA PEKANBARU, RIAU",14,37,184,221
https://kawalpemilu.org#15826,"SIDOMULYO TIMUR, MARPOYAN DAMAI, KOTA PEKANBARU, RIAU",15,41,125,166
https://kawalpemilu.org#15826,"SIDOMULYO TIMUR, MARPOYAN DAMAI, KOTA PEKANBARU, RIAU",16,60,93,153
https://kawalpemilu.org#15826,"SIDOMULYO TIMUR, MARPOYAN DAMAI, KOTA PEKANBARU, RIAU",17,48,70,118
https://kawalpemilu.org#15826,"SIDOMULYO TIMUR, MARPOYAN DAMAI, KOTA PEKANBARU, RIAU",18,44,108,152
https://kawalpemilu.org#15826,"SIDOMULYO TIMUR, MARPOYAN DAMAI, KOTA PEKANBARU, RIAU",19,46,146,192
https://kawalpemilu.org#15826,"SIDOMULYO TIMUR, MARPOYAN DAMAI, KOTA PEKANBARU, RIAU",20,54,138,192
https://kawalpemilu.org#15826,"SIDOMULYO TIMUR, MARPOYAN DAMAI, KOTA PEKANBARU, RIAU",21,54,221,275
https://kawalpemilu.org#15826,"SIDOMULYO TIMUR, MARPOYAN DAMAI, KOTA PEKANBARU, RIAU",22,96,99,195
https://kawalpemilu.org#15826,"SIDOMULYO TIMUR, MARPOYAN DAMAI, KOTA PEKANBARU, RIAU",23,46,106,152
https://kawalpemilu.org#15826,"SIDOMULYO TIMUR, MARPOYAN DAMAI, KOTA PEKANBARU, RIAU",24,56,209,265
https://kawalpemilu.org#15826,"SIDOMULYO TIMUR, MARPOYAN DAMAI, KOTA PEKANBARU, RIAU",25,98,135,233
https://kawalpemilu.org#15826,"SIDOMULYO TIMUR, MARPOYAN DAMAI, KOTA PEKANBARU, RIAU",26,73,110,183
https://kawalpemilu.org#15826,"SIDOMULYO TIMUR, MARPOYAN DAMAI, KOTA PEKANBARU, RIAU",27,66,72,138
https://kawalpemilu.org#15826,"SIDOMULYO TIMUR, MARPOYAN DAMAI, KOTA PEKANBARU, RIAU",28,60,192,252
https://kawalpemilu.org#15826,"SIDOMULYO TIMUR, MARPOYAN DAMAI, KOTA PEKANBARU, RIAU",29,28,198,226
https://kawalpemilu.org#15826,"SIDOMULYO TIMUR, MARPOYAN DAMAI, KOTA PEKANBARU, RIAU",30,42,172,214
https://kawalpemilu.org#15826,"SIDOMULYO TIMUR, MARPOYAN DAMAI, KOTA PEKANBARU, RIAU",31,40,146,186
https://kawalpemilu.org#15826,"SIDOMULYO TIMUR, MARPOYAN DAMAI, KOTA PEKANBARU, RIAU",32,59,230,289
https://kawalpemilu.org#15826,"SIDOMULYO TIMUR, MARPOYAN DAMAI, KOTA PEKANBARU, RIAU",33,62,226,288
https://kawalpemilu.org#15826,"SIDOMULYO TIMUR, MARPOYAN DAMAI, KOTA PEKANBARU, RIAU",34,30,170,200
https://kawalpemilu.org#15826,"SIDOMULYO TIMUR, MARPOYAN DAMAI, KOTA PEKANBARU, RIAU",35,47,128,175
https://kawalpemilu.org#15826,"SIDOMULYO TIMUR, MARPOYAN DAMAI, KOTA PEKANBARU, RIAU",36,36,183,219
https://kawalpemilu.org#15826,"SIDOMULYO TIMUR, MARPOYAN DAMAI, KOTA PEKANBARU, RIAU",37,49,173,222
https://kawalpemilu.org#15826,"SIDOMULYO TIMUR, MARPOYAN DAMAI, KOTA PEKANBARU, RIAU",38,55,226,281
https://kawalpemilu.org#15826,"SIDOMULYO TIMUR, MARPOYAN DAMAI, KOTA PEKANBARU, RIAU",39,30,104,134
https://kawalpemilu.org#15826,"SIDOMULYO TIMUR, MARPOYAN DAMAI, KOTA PEKANBARU, RIAU",40,54,220,274
https://kawalpemilu.org#15826,"SIDOMULYO TIMUR, MARPOYAN DAMAI, KOTA PEKANBARU, RIAU",41,21,149,170
https://kawalpemilu.org#15826,"SIDOMULYO TIMUR, MARPOYAN DAMAI, KOTA PEKANBARU, RIAU",42,58,162,220
https://kawalpemilu.org#15826,"SIDOMULYO TIMUR, MARPOYAN DAMAI, KOTA PEKANBARU, RIAU",43,38,191,229
https://kawalpemilu.org#15826,"SIDOMULYO TIMUR, MARPOYAN DAMAI, KOTA PEKANBARU, RIAU",44,53,110,163
https://kawalpemilu.org#15826,"SIDOMULYO TIMUR, MARPOYAN DAMAI, KOTA PEKANBARU, RIAU",45,37,141,178
https://kawalpemilu.org#15826,"SIDOMULYO TIMUR, MARPOYAN DAMAI, KOTA PEKANBARU, RIAU",46,23,67,90
https://kawalpemilu.org#15826,"SIDOMULYO TIMUR, MARPOYAN DAMAI, KOTA PEKANBARU, RIAU",47,53,144,197
https://kawalpemilu.org#15826,"SIDOMULYO TIMUR, MARPOYAN DAMAI, KOTA PEKANBARU, RIAU",48,22,176,198
https://kawalpemilu.org#15826,"SIDOMULYO TIMUR, MARPOYAN DAMAI, KOTA PEKANBARU, RIAU",49,22,208,230
https://kawalpemilu.org#15826,"SIDOMULYO TIMUR, MARPOYAN DAMAI, KOTA PEKANBARU, RIAU",50,21,145,166
https://kawalpemilu.org#15826,"SIDOMULYO TIMUR, MARPOYAN DAMAI, KOTA PEKANBARU, RIAU",51,72,182,254
https://kawalpemilu.org#15826,"SIDOMULYO TIMUR, MARPOYAN DAMAI, KOTA PEKANBARU, RIAU",52,24,171,195
https://kawalpemilu.org#15826,"SIDOMULYO TIMUR, MARPOYAN DAMAI, KOTA PEKANBARU, RIAU",53,87,185,272
https://kawalpemilu.org#15826,"SIDOMULYO TIMUR, MARPOYAN DAMAI, KOTA PEKANBARU, RIAU",54,34,123,157
https://kawalpemilu.org#15826,"SIDOMULYO TIMUR, MARPOYAN DAMAI, KOTA PEKANBARU, RIAU",55,38,120,158
https://kawalpemilu.org#15826,"SIDOMULYO TIMUR, MARPOYAN DAMAI, KOTA PEKANBARU, RIAU",56,48,132,180
https://kawalpemilu.org#15826,"SIDOMULYO TIMUR, MARPOYAN DAMAI, KOTA PEKANBARU, RIAU",57,45,141,186
https://kawalpemilu.org#15826,"SIDOMULYO TIMUR, MARPOYAN DAMAI, KOTA PEKANBARU, RIAU",58,56,129,185
https://kawalpemilu.org#15826,"SIDOMULYO TIMUR, MARPOYAN DAMAI, KOTA PEKANBARU, RIAU",59,23,95,118
https://kawalpemilu.org#15826,"SIDOMULYO TIMUR, MARPOYAN DAMAI, KOTA PEKANBARU, RIAU",60,55,215,270
https://kawalpemilu.org#15826,"SIDOMULYO TIMUR, MARPOYAN DAMAI, KOTA PEKANBARU, RIAU",61,32,130,162
https://kawalpemilu.org#15826,"SIDOMULYO TIMUR, MARPOYAN DAMAI, KOTA PEKANBARU, RIAU",62,32,120,152
https://kawalpemilu.org#15826,"SIDOMULYO TIMUR, MARPOYAN DAMAI, KOTA PEKANBARU, RIAU",63,87,74,161
https://kawalpemilu.org#15826,"SIDOMULYO TIMUR, MARPOYAN DAMAI, KOTA PEKANBARU, RIAU",64,79,56,135
https://kawalpemilu.org#15826,"SIDOMULYO TIMUR, MARPOYAN DAMAI, KOTA PEKANBARU, RIAU",65,24,106,130
https://kawalpemilu.org#15826,"SIDOMULYO TIMUR, MARPOYAN DAMAI, KOTA PEKANBARU, RIAU",66,45,115,160
https://kawalpemilu.org#15826,"SIDOMULYO TIMUR, MARPOYAN DAMAI, KOTA PEKANBARU, RIAU",67,54,123,177
https://kawalpemilu.org#15826,"SIDOMULYO TIMUR, MARPOYAN DAMAI, KOTA PEKANBARU, RIAU",68,16,76,92
https://kawalpemilu.org#15826,"SIDOMULYO TIMUR, MARPOYAN DAMAI, KOTA PEKANBARU, RIAU",69,32,136,168
https://kawalpemilu.org#15826,"SIDOMULYO TIMUR, MARPOYAN DAMAI, KOTA PEKANBARU, RIAU",70,37,113,150
https://kawalpemilu.org#15826,"SIDOMULYO TIMUR, MARPOYAN DAMAI, KOTA PEKANBARU, RIAU",71,42,140,182
https://kawalpemilu.org#15827,"WONOREJO, MARPOYAN DAMAI, KOTA PEKANBARU, RIAU",1,40,203,243
https://kawalpemilu.org#15827,"WONOREJO, MARPOYAN DAMAI, KOTA PEKANBARU, RIAU",2,37,128,165
https://kawalpemilu.org#15827,"WONOREJO, MARPOYAN DAMAI, KOTA PEKANBARU, RIAU",3,42,173,215
https://kawalpemilu.org#15827,"WONOREJO, MARPOYAN DAMAI, KOTA PEKANBARU, RIAU",4,55,197,252
https://kawalpemilu.org#15827,"WONOREJO, MARPOYAN DAMAI, KOTA PEKANBARU, RIAU",5,35,127,162
https://kawalpemilu.org#15827,"WONOREJO, MARPOYAN DAMAI, KOTA PEKANBARU, RIAU",6,22,104,126
https://kawalpemilu.org#15827,"WONOREJO, MARPOYAN DAMAI, KOTA PEKANBARU, RIAU",7,64,152,216
https://kawalpemilu.org#15827,"WONOREJO, MARPOYAN DAMAI, KOTA PEKANBARU, RIAU",8,45,209,254
https://kawalpemilu.org#15827,"WONOREJO, MARPOYAN DAMAI, KOTA PEKANBARU, RIAU",9,41,240,281
https://kawalpemilu.org#15827,"WONOREJO, MARPOYAN DAMAI, KOTA PEKANBARU, RIAU",10,22,146,168
https://kawalpemilu.org#15827,"WONOREJO, MARPOYAN DAMAI, KOTA PEKANBARU, RIAU",11,30,127,157
https://kawalpemilu.org#15827,"WONOREJO, MARPOYAN DAMAI, KOTA PEKANBARU, RIAU",12,25,153,178
https://kawalpemilu.org#15827,"WONOREJO, MARPOYAN DAMAI, KOTA PEKANBARU, RIAU",13,36,113,149
https://kawalpemilu.org#15827,"WONOREJO, MARPOYAN DAMAI, KOTA PEKANBARU, RIAU",14,98,125,223
https://kawalpemilu.org#15827,"WONOREJO, MARPOYAN DAMAI, KOTA PEKANBARU, RIAU",15,63,186,249
https://kawalpemilu.org#15827,"WONOREJO, MARPOYAN DAMAI, KOTA PEKANBARU, RIAU",16,58,200,258
https://kawalpemilu.org#15827,"WONOREJO, MARPOYAN DAMAI, KOTA PEKANBARU, RIAU",17,66,199,265
https://kawalpemilu.org#15827,"WONOREJO, MARPOYAN DAMAI, KOTA PEKANBARU, RIAU",18,43,174,217
https://kawalpemilu.org#15827,"WONOREJO, MARPOYAN DAMAI, KOTA PEKANBARU, RIAU",19,41,156,197
https://kawalpemilu.org#15827,"WONOREJO, MARPOYAN DAMAI, KOTA PEKANBARU, RIAU",20,18,139,157
https://kawalpemilu.org#15827,"WONOREJO, MARPOYAN DAMAI, KOTA PEKANBARU, RIAU",21,13,142,155
https://kawalpemilu.org#15827,"WONOREJO, MARPOYAN DAMAI, KOTA PEKANBARU, RIAU",22,40,226,266
https://kawalpemilu.org#15827,"WONOREJO, MARPOYAN DAMAI, KOTA PEKANBARU, RIAU",23,20,114,134
https://kawalpemilu.org#15827,"WONOREJO, MARPOYAN DAMAI, KOTA PEKANBARU, RIAU",24,17,116,133
https://kawalpemilu.org#15827,"WONOREJO, MARPOYAN DAMAI, KOTA PEKANBARU, RIAU",25,18,112,130
https://kawalpemilu.org#15827,"WONOREJO, MARPOYAN DAMAI, KOTA PEKANBARU, RIAU",26,27,122,149
https://kawalpemilu.org#15827,"WONOREJO, MARPOYAN DAMAI, KOTA PEKANBARU, RIAU",27,25,182,207
https://kawalpemilu.org#15827,"WONOREJO, MARPOYAN DAMAI, KOTA PEKANBARU, RIAU",28,54,174,228
https://kawalpemilu.org#15827,"WONOREJO, MARPOYAN DAMAI, KOTA PEKANBARU, RIAU",29,41,197,238
https://kawalpemilu.org#15827,"WONOREJO, MARPOYAN DAMAI, KOTA PEKANBARU, RIAU",30,37,148,185
https://kawalpemilu.org#15827,"WONOREJO, MARPOYAN DAMAI, KOTA PEKANBARU, RIAU",31,34,149,183
https://kawalpemilu.org#15827,"WONOREJO, MARPOYAN DAMAI, KOTA PEKANBARU, RIAU",32,56,90,146
https://kawalpemilu.org#15827,"WONOREJO, MARPOYAN DAMAI, KOTA PEKANBARU, RIAU",33,68,162,230
https://kawalpemilu.org#15828,"MAHARATU, MARPOYAN DAMAI, KOTA PEKANBARU, RIAU",1,18,26,44
https://kawalpemilu.org#15828,"MAHARATU, MARPOYAN DAMAI, KOTA PEKANBARU, RIAU",2,23,182,205
https://kawalpemilu.org#15828,"MAHARATU, MARPOYAN DAMAI, KOTA PEKANBARU, RIAU",3,28,135,163
https://kawalpemilu.org#15828,"MAHARATU, MARPOYAN DAMAI, KOTA PEKANBARU, RIAU",4,19,207,226
https://kawalpemilu.org#15828,"MAHARATU, MARPOYAN DAMAI, KOTA PEKANBARU, RIAU",5,37,127,164
https://kawalpemilu.org#15828,"MAHARATU, MARPOYAN DAMAI, KOTA PEKANBARU, RIAU",6,47,194,241
https://kawalpemilu.org#15828,"MAHARATU, MARPOYAN DAMAI, KOTA PEKANBARU, RIAU",7,30,191,221
https://kawalpemilu.org#15828,"MAHARATU, MARPOYAN DAMAI, KOTA PEKANBARU, RIAU",8,30,144,174
https://kawalpemilu.org#15828,"MAHARATU, MARPOYAN DAMAI, KOTA PEKANBARU, RIAU",9,25,195,220
https://kawalpemilu.org#15828,"MAHARATU, MARPOYAN DAMAI, KOTA PEKANBARU, RIAU",10,30,122,152
https://kawalpemilu.org#15828,"MAHARATU, MARPOYAN DAMAI, KOTA PEKANBARU, RIAU",11,15,110,125
https://kawalpemilu.org#15828,"MAHARATU, MARPOYAN DAMAI, KOTA PEKANBARU, RIAU",12,55,181,236
https://kawalpemilu.org#15828,"MAHARATU, MARPOYAN DAMAI, KOTA PEKANBARU, RIAU",13,42,217,259
https://kawalpemilu.org#15828,"MAHARATU, MARPOYAN DAMAI, KOTA PEKANBARU, RIAU",14,31,132,163
https://kawalpemilu.org#15828,"MAHARATU, MARPOYAN DAMAI, KOTA PEKANBARU, RIAU",15,17,140,157
https://kawalpemilu.org#15828,"MAHARATU, MARPOYAN DAMAI, KOTA PEKANBARU, RIAU",16,25,87,112
https://kawalpemilu.org#15828,"MAHARATU, MARPOYAN DAMAI, KOTA PEKANBARU, RIAU",17,28,168,196
https://kawalpemilu.org#15828,"MAHARATU, MARPOYAN DAMAI, KOTA PEKANBARU, RIAU",18,87,35,122
https://kawalpemilu.org#15828,"MAHARATU, MARPOYAN DAMAI, KOTA PEKANBARU, RIAU",19,61,207,268
https://kawalpemilu.org#15828,"MAHARATU, MARPOYAN DAMAI, KOTA PEKANBARU, RIAU",20,92,169,261
https://kawalpemilu.org#15828,"MAHARATU, MARPOYAN DAMAI, KOTA PEKANBARU, RIAU",21,45,110,155
https://kawalpemilu.org#15828,"MAHARATU, MARPOYAN DAMAI, KOTA PEKANBARU, RIAU",22,87,145,232
https://kawalpemilu.org#15828,"MAHARATU, MARPOYAN DAMAI, KOTA PEKANBARU, RIAU",23,40,184,224
https://kawalpemilu.org#15828,"MAHARATU, MARPOYAN DAMAI, KOTA PEKANBARU, RIAU",24,22,113,135
https://kawalpemilu.org#15828,"MAHARATU, MARPOYAN DAMAI, KOTA PEKANBARU, RIAU",25,41,144,185
https://kawalpemilu.org#15828,"MAHARATU, MARPOYAN DAMAI, KOTA PEKANBARU, RIAU",26,115,113,228
https://kawalpemilu.org#15828,"MAHARATU, MARPOYAN DAMAI, KOTA PEKANBARU, RIAU",27,31,165,196
https://kawalpemilu.org#15828,"MAHARATU, MARPOYAN DAMAI, KOTA PEKANBARU, RIAU",28,9,171,180
https://kawalpemilu.org#15828,"MAHARATU, MARPOYAN DAMAI, KOTA PEKANBARU, RIAU",29,12,124,136
https://kawalpemilu.org#15828,"MAHARATU, MARPOYAN DAMAI, KOTA PEKANBARU, RIAU",30,19,147,166
https://kawalpemilu.org#15828,"MAHARATU, MARPOYAN DAMAI, KOTA PEKANBARU, RIAU",31,36,113,149
https://kawalpemilu.org#15828,"MAHARATU, MARPOYAN DAMAI, KOTA PEKANBARU, RIAU",32,49,94,143
https://kawalpemilu.org#15828,"MAHARATU, MARPOYAN DAMAI, KOTA PEKANBARU, RIAU",33,61,175,236
https://kawalpemilu.org#931188,"PERHENTIANMARPOYAN, MARPOYAN DAMAI, KOTA PEKANBARU, RIAU",1,31,164,195
https://kawalpemilu.org#931188,"PERHENTIANMARPOYAN, MARPOYAN DAMAI, KOTA PEKANBARU, RIAU",2,23,138,161
https://kawalpemilu.org#931188,"PERHENTIANMARPOYAN, MARPOYAN DAMAI, KOTA PEKANBARU, RIAU",3,32,100,132
https://kawalpemilu.org#931188,"PERHENTIANMARPOYAN, MARPOYAN DAMAI, KOTA PEKANBARU, RIAU",4,46,212,258
https://kawalpemilu.org#931188,"PERHENTIANMARPOYAN, MARPOYAN DAMAI, KOTA PEKANBARU, RIAU",5,61,129,190
https://kawalpemilu.org#931188,"PERHENTIANMARPOYAN, MARPOYAN DAMAI, KOTA PEKANBARU, RIAU",6,62,171,233
https://kawalpemilu.org#931188,"PERHENTIANMARPOYAN, MARPOYAN DAMAI, KOTA PEKANBARU, RIAU",7,43,205,248
https://kawalpemilu.org#931188,"PERHENTIANMARPOYAN, MARPOYAN DAMAI, KOTA PEKANBARU, RIAU",8,39,119,158
https://kawalpemilu.org#931188,"PERHENTIANMARPOYAN, MARPOYAN DAMAI, KOTA PEKANBARU, RIAU",9,44,98,142
https://kawalpemilu.org#931188,"PERHENTIANMARPOYAN, MARPOYAN DAMAI, KOTA PEKANBARU, RIAU",10,29,119,148
https://kawalpemilu.org#931188,"PERHENTIANMARPOYAN, MARPOYAN DAMAI, KOTA PEKANBARU, RIAU",11,41,149,190
https://kawalpemilu.org#931188,"PERHENTIANMARPOYAN, MARPOYAN DAMAI, KOTA PEKANBARU, RIAU",12,25,138,163
https://kawalpemilu.org#931188,"PERHENTIANMARPOYAN, MARPOYAN DAMAI, KOTA PEKANBARU, RIAU",13,68,157,225
https://kawalpemilu.org#931188,"PERHENTIANMARPOYAN, MARPOYAN DAMAI, KOTA PEKANBARU, RIAU",14,58,164,222
https://kawalpemilu.org#931188,"PERHENTIANMARPOYAN, MARPOYAN DAMAI, KOTA PEKANBARU, RIAU",15,50,230,280
https://kawalpemilu.org#931188,"PERHENTIANMARPOYAN, MARPOYAN DAMAI, KOTA PEKANBARU, RIAU",16,54,209,263
https://kawalpemilu.org#931188,"PERHENTIANMARPOYAN, MARPOYAN DAMAI, KOTA PEKANBARU, RIAU",17,39,212,251
https://kawalpemilu.org#931188,"PERHENTIANMARPOYAN, MARPOYAN DAMAI, KOTA PEKANBARU, RIAU",18,43,132,175
https://kawalpemilu.org#931188,"PERHENTIANMARPOYAN, MARPOYAN DAMAI, KOTA PEKANBARU, RIAU",19,66,203,269
https://kawalpemilu.org#931188,"PERHENTIANMARPOYAN, MARPOYAN DAMAI, KOTA PEKANBARU, RIAU",20,41,241,282
https://kawalpemilu.org#931188,"PERHENTIANMARPOYAN, MARPOYAN DAMAI, KOTA PEKANBARU, RIAU",21,59,201,260
https://kawalpemilu.org#931188,"PERHENTIANMARPOYAN, MARPOYAN DAMAI, KOTA PEKANBARU, RIAU",22,67,177,244
https://kawalpemilu.org#931188,"PERHENTIANMARPOYAN, MARPOYAN DAMAI, KOTA PEKANBARU, RIAU",23,56,190,246
https://kawalpemilu.org#931188,"PERHENTIANMARPOYAN, MARPOYAN DAMAI, KOTA PEKANBARU, RIAU",24,35,163,198
https://kawalpemilu.org#931188,"PERHENTIANMARPOYAN, MARPOYAN DAMAI, KOTA PEKANBARU, RIAU",25,56,155,211
https://kawalpemilu.org#931188,"PERHENTIANMARPOYAN, MARPOYAN DAMAI, KOTA PEKANBARU, RIAU",26,64,183,247
https://kawalpemilu.org#931188,"PERHENTIANMARPOYAN, MARPOYAN DAMAI, KOTA PEKANBARU, RIAU",27,56,221,277
https://kawalpemilu.org#931188,"PERHENTIANMARPOYAN, MARPOYAN DAMAI, KOTA PEKANBARU, RIAU",28,21,99,120
https://kawalpemilu.org#931188,"PERHENTIANMARPOYAN, MARPOYAN DAMAI, KOTA PEKANBARU, RIAU",29,68,123,191
https://kawalpemilu.org#931188,"PERHENTIANMARPOYAN, MARPOYAN DAMAI, KOTA PEKANBARU, RIAU",30,57,135,192
https://kawalpemilu.org#931188,"PERHENTIANMARPOYAN, MARPOYAN DAMAI, KOTA PEKANBARU, RIAU",31,39,99,138
https://kawalpemilu.org#931188,"PERHENTIANMARPOYAN, MARPOYAN DAMAI, KOTA PEKANBARU, RIAU",32,38,159,197
https://kawalpemilu.org#931188,"PERHENTIANMARPOYAN, MARPOYAN DAMAI, KOTA PEKANBARU, RIAU",33,20,149,169
https://kawalpemilu.org#931188,"PERHENTIANMARPOYAN, MARPOYAN DAMAI, KOTA PEKANBARU, RIAU",34,48,123,171
https://kawalpemilu.org#931188,"PERHENTIANMARPOYAN, MARPOYAN DAMAI, KOTA PEKANBARU, RIAU",35,31,97,128
https://kawalpemilu.org#931188,"PERHENTIANMARPOYAN, MARPOYAN DAMAI, KOTA PEKANBARU, RIAU",36,40,135,175
https://kawalpemilu.org#931188,"PERHENTIANMARPOYAN, MARPOYAN DAMAI, KOTA PEKANBARU, RIAU",37,33,95,128
https://kawalpemilu.org#931188,"PERHENTIANMARPOYAN, MARPOYAN DAMAI, KOTA PEKANBARU, RIAU",38,65,169,234
https://kawalpemilu.org#931188,"PERHENTIANMARPOYAN, MARPOYAN DAMAI, KOTA PEKANBARU, RIAU",39,42,141,183
https://kawalpemilu.org#931188,"PERHENTIANMARPOYAN, MARPOYAN DAMAI, KOTA PEKANBARU, RIAU",40,44,152,196
https://kawalpemilu.org#931188,"PERHENTIANMARPOYAN, MARPOYAN DAMAI, KOTA PEKANBARU, RIAU",41,70,165,235
https://kawalpemilu.org#931188,"PERHENTIANMARPOYAN, MARPOYAN DAMAI, KOTA PEKANBARU, RIAU",42,78,215,293
https://kawalpemilu.org#931188,"PERHENTIANMARPOYAN, MARPOYAN DAMAI, KOTA PEKANBARU, RIAU",43,71,157,228
https://kawalpemilu.org#931188,"PERHENTIANMARPOYAN, MARPOYAN DAMAI, KOTA PEKANBARU, RIAU",44,62,183,245
https://kawalpemilu.org#931188,"PERHENTIANMARPOYAN, MARPOYAN DAMAI, KOTA PEKANBARU, RIAU",45,87,148,235
https://kawalpemilu.org#931188,"PERHENTIANMARPOYAN, MARPOYAN DAMAI, KOTA PEKANBARU, RIAU",46,59,127,186
https://kawalpemilu.org#931188,"PERHENTIANMARPOYAN, MARPOYAN DAMAI, KOTA PEKANBARU, RIAU",47,49,136,185
https://kawalpemilu.org#15830,"KULIM, TENAYAN RAYA, KOTA PEKANBARU, RIAU",1,47,97,144
https://kawalpemilu.org#15830,"KULIM, TENAYAN RAYA, KOTA PEKANBARU, RIAU",2,32,75,107
https://kawalpemilu.org#15830,"KULIM, TENAYAN RAYA, KOTA PEKANBARU, RIAU",3,61,70,131
https://kawalpemilu.org#15830,"KULIM, TENAYAN RAYA, KOTA PEKANBARU, RIAU",4,67,54,121
https://kawalpemilu.org#15830,"KULIM, TENAYAN RAYA, KOTA PEKANBARU, RIAU",5,17,113,130
https://kawalpemilu.org#15830,"KULIM, TENAYAN RAYA, KOTA PEKANBARU, RIAU",6,27,104,131
https://kawalpemilu.org#15830,"KULIM, TENAYAN RAYA, KOTA PEKANBARU, RIAU",7,102,112,214
https://kawalpemilu.org#15830,"KULIM, TENAYAN RAYA, KOTA PEKANBARU, RIAU",8,117,83,200
https://kawalpemilu.org#15832,"TANGKERANG TIMUR, TENAYAN RAYA, KOTA PEKANBARU, RIAU",1,49,143,192
https://kawalpemilu.org#15832,"TANGKERANG TIMUR, TENAYAN RAYA, KOTA PEKANBARU, RIAU",2,29,134,163
https://kawalpemilu.org#15832,"TANGKERANG TIMUR, TENAYAN RAYA, KOTA PEKANBARU, RIAU",3,27,141,168
https://kawalpemilu.org#15832,"TANGKERANG TIMUR, TENAYAN RAYA, KOTA PEKANBARU, RIAU",4,44,147,191
https://kawalpemilu.org#15832,"TANGKERANG TIMUR, TENAYAN RAYA, KOTA PEKANBARU, RIAU",5,52,156,208
https://kawalpemilu.org#15832,"TANGKERANG TIMUR, TENAYAN RAYA, KOTA PEKANBARU, RIAU",6,39,157,196
https://kawalpemilu.org#15832,"TANGKERANG TIMUR, TENAYAN RAYA, KOTA PEKANBARU, RIAU",7,37,165,202
https://kawalpemilu.org#15832,"TANGKERANG TIMUR, TENAYAN RAYA, KOTA PEKANBARU, RIAU",8,46,206,252
https://kawalpemilu.org#15832,"TANGKERANG TIMUR, TENAYAN RAYA, KOTA PEKANBARU, RIAU",9,45,162,207
https://kawalpemilu.org#15832,"TANGKERANG TIMUR, TENAYAN RAYA, KOTA PEKANBARU, RIAU",10,43,190,233
https://kawalpemilu.org#15832,"TANGKERANG TIMUR, TENAYAN RAYA, KOTA PEKANBARU, RIAU",11,53,219,272
https://kawalpemilu.org#15832,"TANGKERANG TIMUR, TENAYAN RAYA, KOTA PEKANBARU, RIAU",12,15,179,194
https://kawalpemilu.org#15832,"TANGKERANG TIMUR, TENAYAN RAYA, KOTA PEKANBARU, RIAU",13,21,160,181
https://kawalpemilu.org#15832,"TANGKERANG TIMUR, TENAYAN RAYA, KOTA PEKANBARU, RIAU",14,28,152,180
https://kawalpemilu.org#15832,"TANGKERANG TIMUR, TENAYAN RAYA, KOTA PEKANBARU, RIAU",15,46,150,196
https://kawalpemilu.org#15832,"TANGKERANG TIMUR, TENAYAN RAYA, KOTA PEKANBARU, RIAU",16,26,194,220
https://kawalpemilu.org#15832,"TANGKERANG TIMUR, TENAYAN RAYA, KOTA PEKANBARU, RIAU",17,44,152,196
https://kawalpemilu.org#15832,"TANGKERANG TIMUR, TENAYAN RAYA, KOTA PEKANBARU, RIAU",18,18,120,138
https://kawalpemilu.org#15832,"TANGKERANG TIMUR, TENAYAN RAYA, KOTA PEKANBARU, RIAU",19,25,134,159
https://kawalpemilu.org#15832,"TANGKERANG TIMUR, TENAYAN RAYA, KOTA PEKANBARU, RIAU",20,39,175,214
https://kawalpemilu.org#15832,"TANGKERANG TIMUR, TENAYAN RAYA, KOTA PEKANBARU, RIAU",21,42,152,194
https://kawalpemilu.org#15832,"TANGKERANG TIMUR, TENAYAN RAYA, KOTA PEKANBARU, RIAU",22,26,148,174
https://kawalpemilu.org#15832,"TANGKERANG TIMUR, TENAYAN RAYA, KOTA PEKANBARU, RIAU",23,29,137,166
https://kawalpemilu.org#15832,"TANGKERANG TIMUR, TENAYAN RAYA, KOTA PEKANBARU, RIAU",24,67,185,252
https://kawalpemilu.org#15832,"TANGKERANG TIMUR, TENAYAN RAYA, KOTA PEKANBARU, RIAU",25,52,214,266
https://kawalpemilu.org#15832,"TANGKERANG TIMUR, TENAYAN RAYA, KOTA PEKANBARU, RIAU",26,71,205,276
https://kawalpemilu.org#15832,"TANGKERANG TIMUR, TENAYAN RAYA, KOTA PEKANBARU, RIAU",27,15,168,183
https://kawalpemilu.org#15832,"TANGKERANG TIMUR, TENAYAN RAYA, KOTA PEKANBARU, RIAU",28,36,157,193
https://kawalpemilu.org#15832,"TANGKERANG TIMUR, TENAYAN RAYA, KOTA PEKANBARU, RIAU",29,60,145,205
https://kawalpemilu.org#15832,"TANGKERANG TIMUR, TENAYAN RAYA, KOTA PEKANBARU, RIAU",30,65,176,241
https://kawalpemilu.org#15832,"TANGKERANG TIMUR, TENAYAN RAYA, KOTA PEKANBARU, RIAU",31,94,151,245
https://kawalpemilu.org#15832,"TANGKERANG TIMUR, TENAYAN RAYA, KOTA PEKANBARU, RIAU",32,99,170,269
https://kawalpemilu.org#15832,"TANGKERANG TIMUR, TENAYAN RAYA, KOTA PEKANBARU, RIAU",33,21,174,195
https://kawalpemilu.org#15832,"TANGKERANG TIMUR, TENAYAN RAYA, KOTA PEKANBARU, RIAU",34,40,163,203
https://kawalpemilu.org#15832,"TANGKERANG TIMUR, TENAYAN RAYA, KOTA PEKANBARU, RIAU",35,27,176,203
https://kawalpemilu.org#15832,"TANGKERANG TIMUR, TENAYAN RAYA, KOTA PEKANBARU, RIAU",36,53,184,237
https://kawalpemilu.org#15832,"TANGKERANG TIMUR, TENAYAN RAYA, KOTA PEKANBARU, RIAU",37,35,137,172
https://kawalpemilu.org#15832,"TANGKERANG TIMUR, TENAYAN RAYA, KOTA PEKANBARU, RIAU",38,49,158,207
https://kawalpemilu.org#15833,"REJO SARI, TENAYAN RAYA, KOTA PEKANBARU, RIAU",1,41,192,233
https://kawalpemilu.org#15833,"REJO SARI, TENAYAN RAYA, KOTA PEKANBARU, RIAU",2,53,170,223
https://kawalpemilu.org#15833,"REJO SARI, TENAYAN RAYA, KOTA PEKANBARU, RIAU",3,44,190,234
https://kawalpemilu.org#15833,"REJO SARI, TENAYAN RAYA, KOTA PEKANBARU, RIAU",4,35,215,250
https://kawalpemilu.org#15833,"REJO SARI, TENAYAN RAYA, KOTA PEKANBARU, RIAU",5,36,208,244
https://kawalpemilu.org#15833,"REJO SARI, TENAYAN RAYA, KOTA PEKANBARU, RIAU",6,24,187,211
https://kawalpemilu.org#15833,"REJO SARI, TENAYAN RAYA, KOTA PEKANBARU, RIAU",7,20,171,191
https://kawalpemilu.org#15833,"REJO SARI, TENAYAN RAYA, KOTA PEKANBARU, RIAU",8,33,193,226
https://kawalpemilu.org#15833,"REJO SARI, TENAYAN RAYA, KOTA PEKANBARU, RIAU",9,26,179,205
https://kawalpemilu.org#15833,"REJO SARI, TENAYAN RAYA, KOTA PEKANBARU, RIAU",10,48,142,190
https://kawalpemilu.org#15833,"REJO SARI, TENAYAN RAYA, KOTA PEKANBARU, RIAU",11,39,195,234
https://kawalpemilu.org#15833,"REJO SARI, TENAYAN RAYA, KOTA PEKANBARU, RIAU",12,44,213,257
https://kawalpemilu.org#15833,"REJO SARI, TENAYAN RAYA, KOTA PEKANBARU, RIAU",13,35,201,236
https://kawalpemilu.org#15833,"REJO SARI, TENAYAN RAYA, KOTA PEKANBARU, RIAU",14,23,147,170
https://kawalpemilu.org#15833,"REJO SARI, TENAYAN RAYA, KOTA PEKANBARU, RIAU",15,24,193,217
https://kawalpemilu.org#15833,"REJO SARI, TENAYAN RAYA, KOTA PEKANBARU, RIAU",16,44,159,203
https://kawalpemilu.org#15833,"REJO SARI, TENAYAN RAYA, KOTA PEKANBARU, RIAU",17,52,145,197
https://kawalpemilu.org#15833,"REJO SARI, TENAYAN RAYA, KOTA PEKANBARU, RIAU",18,71,175,246
https://kawalpemilu.org#15833,"REJO SARI, TENAYAN RAYA, KOTA PEKANBARU, RIAU",19,69,173,242
https://kawalpemilu.org#15833,"REJO SARI, TENAYAN RAYA, KOTA PEKANBARU, RIAU",21,135,77,212
https://kawalpemilu.org#15833,"REJO SARI, TENAYAN RAYA, KOTA PEKANBARU, RIAU",22,90,150,240
https://kawalpemilu.org#15833,"REJO SARI, TENAYAN RAYA, KOTA PEKANBARU, RIAU",23,43,225,268
https://kawalpemilu.org#15833,"REJO SARI, TENAYAN RAYA, KOTA PEKANBARU, RIAU",24,75,172,247
https://kawalpemilu.org#15833,"REJO SARI, TENAYAN RAYA, KOTA PEKANBARU, RIAU",25,142,123,265
https://kawalpemilu.org#15833,"REJO SARI, TENAYAN RAYA, KOTA PEKANBARU, RIAU",26,134,99,233
https://kawalpemilu.org#15833,"REJO SARI, TENAYAN RAYA, KOTA PEKANBARU, RIAU",27,82,98,180
https://kawalpemilu.org#15833,"REJO SARI, TENAYAN RAYA, KOTA PEKANBARU, RIAU",28,85,137,222
https://kawalpemilu.org#15833,"REJO SARI, TENAYAN RAYA, KOTA PEKANBARU, RIAU",29,42,142,184
https://kawalpemilu.org#15833,"REJO SARI, TENAYAN RAYA, KOTA PEKANBARU, RIAU",30,52,128,180
https://kawalpemilu.org#15833,"REJO SARI, TENAYAN RAYA, KOTA PEKANBARU, RIAU",31,51,192,243
https://kawalpemilu.org#15833,"REJO SARI, TENAYAN RAYA, KOTA PEKANBARU, RIAU",32,36,201,237
https://kawalpemilu.org#15833,"REJO SARI, TENAYAN RAYA, KOTA PEKANBARU, RIAU",33,90,155,245
https://kawalpemilu.org#15833,"REJO SARI, TENAYAN RAYA, KOTA PEKANBARU, RIAU",34,75,149,224
https://kawalpemilu.org#15833,"REJO SARI, TENAYAN RAYA, KOTA PEKANBARU, RIAU",35,52,183,235
https://kawalpemilu.org#15833,"REJO SARI, TENAYAN RAYA, KOTA PEKANBARU, RIAU",36,86,143,229
https://kawalpemilu.org#15833,"REJO SARI, TENAYAN RAYA, KOTA PEKANBARU, RIAU",37,51,202,253
https://kawalpemilu.org#15833,"REJO SARI, TENAYAN RAYA, KOTA PEKANBARU, RIAU",38,57,215,272
https://kawalpemilu.org#15833,"REJO SARI, TENAYAN RAYA, KOTA PEKANBARU, RIAU",39,40,178,218
https://kawalpemilu.org#15833,"REJO SARI, TENAYAN RAYA, KOTA PEKANBARU, RIAU",40,52,205,257
https://kawalpemilu.org#15833,"REJO SARI, TENAYAN RAYA, KOTA PEKANBARU, RIAU",41,142,103,245
https://kawalpemilu.org#15833,"REJO SARI, TENAYAN RAYA, KOTA PEKANBARU, RIAU",42,118,138,256
https://kawalpemilu.org#15833,"REJO SARI, TENAYAN RAYA, KOTA PEKANBARU, RIAU",43,123,128,251
https://kawalpemilu.org#15833,"REJO SARI, TENAYAN RAYA, KOTA PEKANBARU, RIAU",44,135,81,216
https://kawalpemilu.org#15833,"REJO SARI, TENAYAN RAYA, KOTA PEKANBARU, RIAU",45,70,159,229
https://kawalpemilu.org#15833,"REJO SARI, TENAYAN RAYA, KOTA PEKANBARU, RIAU",46,89,149,238
https://kawalpemilu.org#15833,"REJO SARI, TENAYAN RAYA, KOTA PEKANBARU, RIAU",47,24,156,180
https://kawalpemilu.org#931189,"PEBATUAN, TENAYAN RAYA, KOTA PEKANBARU, RIAU",1,66,150,216
https://kawalpemilu.org#931189,"PEBATUAN, TENAYAN RAYA, KOTA PEKANBARU, RIAU",2,72,119,191
https://kawalpemilu.org#931189,"PEBATUAN, TENAYAN RAYA, KOTA PEKANBARU, RIAU",3,50,183,233
https://kawalpemilu.org#931189,"PEBATUAN, TENAYAN RAYA, KOTA PEKANBARU, RIAU",4,79,126,205
https://kawalpemilu.org#931189,"PEBATUAN, TENAYAN RAYA, KOTA PEKANBARU, RIAU",5,56,143,199
https://kawalpemilu.org#931189,"PEBATUAN, TENAYAN RAYA, KOTA PEKANBARU, RIAU",6,58,125,183
https://kawalpemilu.org#931189,"PEBATUAN, TENAYAN RAYA, KOTA PEKANBARU, RIAU",7,50,111,161
https://kawalpemilu.org#931189,"PEBATUAN, TENAYAN RAYA, KOTA PEKANBARU, RIAU",8,46,153,199
https://kawalpemilu.org#931189,"PEBATUAN, TENAYAN RAYA, KOTA PEKANBARU, RIAU",9,74,131,205
https://kawalpemilu.org#931189,"PEBATUAN, TENAYAN RAYA, KOTA PEKANBARU, RIAU",10,78,115,193
https://kawalpemilu.org#931189,"PEBATUAN, TENAYAN RAYA, KOTA PEKANBARU, RIAU",11,58,112,170
https://kawalpemilu.org#931189,"PEBATUAN, TENAYAN RAYA, KOTA PEKANBARU, RIAU",12,45,128,173
https://kawalpemilu.org#931189,"PEBATUAN, TENAYAN RAYA, KOTA PEKANBARU, RIAU",13,77,149,226
https://kawalpemilu.org#931189,"PEBATUAN, TENAYAN RAYA, KOTA PEKANBARU, RIAU",14,47,149,196
https://kawalpemilu.org#931189,"PEBATUAN, TENAYAN RAYA, KOTA PEKANBARU, RIAU",15,87,88,175
https://kawalpemilu.org#931189,"PEBATUAN, TENAYAN RAYA, KOTA PEKANBARU, RIAU",16,39,106,145
https://kawalpemilu.org#931189,"PEBATUAN, TENAYAN RAYA, KOTA PEKANBARU, RIAU",17,47,92,139
https://kawalpemilu.org#931189,"PEBATUAN, TENAYAN RAYA, KOTA PEKANBARU, RIAU",18,242,30,272
https://kawalpemilu.org#931189,"PEBATUAN, TENAYAN RAYA, KOTA PEKANBARU, RIAU",19,120,109,229
https://kawalpemilu.org#931189,"PEBATUAN, TENAYAN RAYA, KOTA PEKANBARU, RIAU",20,56,174,230
https://kawalpemilu.org#931189,"PEBATUAN, TENAYAN RAYA, KOTA PEKANBARU, RIAU",21,130,23,153
https://kawalpemilu.org#931189,"PEBATUAN, TENAYAN RAYA, KOTA PEKANBARU, RIAU",22,101,60,161
https://kawalpemilu.org#931189,"PEBATUAN, TENAYAN RAYA, KOTA PEKANBARU, RIAU",23,56,103,159
https://kawalpemilu.org#931189,"PEBATUAN, TENAYAN RAYA, KOTA PEKANBARU, RIAU",24,32,102,134
https://kawalpemilu.org#931189,"PEBATUAN, TENAYAN RAYA, KOTA PEKANBARU, RIAU",25,96,146,242
https://kawalpemilu.org#931189,"PEBATUAN, TENAYAN RAYA, KOTA PEKANBARU, RIAU",26,95,167,262
https://kawalpemilu.org#931189,"PEBATUAN, TENAYAN RAYA, KOTA PEKANBARU, RIAU",27,50,61,111
https://kawalpemilu.org#931189,"PEBATUAN, TENAYAN RAYA, KOTA PEKANBARU, RIAU",28,55,119,174
https://kawalpemilu.org#931189,"PEBATUAN, TENAYAN RAYA, KOTA PEKANBARU, RIAU",29,68,152,220
https://kawalpemilu.org#931189,"PEBATUAN, TENAYAN RAYA, KOTA PEKANBARU, RIAU",30,13,100,113
https://kawalpemilu.org#931189,"PEBATUAN, TENAYAN RAYA, KOTA PEKANBARU, RIAU",31,41,183,224
https://kawalpemilu.org#931190,"SIALANGRAMPAI, TENAYAN RAYA, KOTA PEKANBARU, RIAU",2,64,173,237
https://kawalpemilu.org#931190,"SIALANGRAMPAI, TENAYAN RAYA, KOTA PEKANBARU, RIAU",3,28,114,142
https://kawalpemilu.org#931190,"SIALANGRAMPAI, TENAYAN RAYA, KOTA PEKANBARU, RIAU",4,56,204,260
https://kawalpemilu.org#931190,"SIALANGRAMPAI, TENAYAN RAYA, KOTA PEKANBARU, RIAU",5,42,133,175
https://kawalpemilu.org#931190,"SIALANGRAMPAI, TENAYAN RAYA, KOTA PEKANBARU, RIAU",6,20,90,110
https://kawalpemilu.org#931190,"SIALANGRAMPAI, TENAYAN RAYA, KOTA PEKANBARU, RIAU",7,67,71,138
https://kawalpemilu.org#931190,"SIALANGRAMPAI, TENAYAN RAYA, KOTA PEKANBARU, RIAU",8,115,103,218
https://kawalpemilu.org#931190,"SIALANGRAMPAI, TENAYAN RAYA, KOTA PEKANBARU, RIAU",9,135,150,285
https://kawalpemilu.org#931190,"SIALANGRAMPAI, TENAYAN RAYA, KOTA PEKANBARU, RIAU",10,41,132,173
https://kawalpemilu.org#931190,"SIALANGRAMPAI, TENAYAN RAYA, KOTA PEKANBARU, RIAU",11,37,167,200
https://kawalpemilu.org#931190,"SIALANGRAMPAI, TENAYAN RAYA, KOTA PEKANBARU, RIAU",12,37,75,112
https://kawalpemilu.org#931190,"SIALANGRAMPAI, TENAYAN RAYA, KOTA PEKANBARU, RIAU",13,37,141,178
https://kawalpemilu.org#931191,"MENTANGOR, TENAYAN RAYA, KOTA PEKANBARU, RIAU",1,50,173,223
https://kawalpemilu.org#931191,"MENTANGOR, TENAYAN RAYA, KOTA PEKANBARU, RIAU",2,105,167,272
https://kawalpemilu.org#931191,"MENTANGOR, TENAYAN RAYA, KOTA PEKANBARU, RIAU",3,43,193,236
https://kawalpemilu.org#931191,"MENTANGOR, TENAYAN RAYA, KOTA PEKANBARU, RIAU",4,60,153,213
https://kawalpemilu.org#931191,"MENTANGOR, TENAYAN RAYA, KOTA PEKANBARU, RIAU",5,23,111,134
https://kawalpemilu.org#931191,"MENTANGOR, TENAYAN RAYA, KOTA PEKANBARU, RIAU",6,23,117,140
https://kawalpemilu.org#931191,"MENTANGOR, TENAYAN RAYA, KOTA PEKANBARU, RIAU",7,29,151,180
https://kawalpemilu.org#931191,"MENTANGOR, TENAYAN RAYA, KOTA PEKANBARU, RIAU",8,10,90,100
https://kawalpemilu.org#931191,"MENTANGOR, TENAYAN RAYA, KOTA PEKANBARU, RIAU",9,31,142,173
https://kawalpemilu.org#931191,"MENTANGOR, TENAYAN RAYA, KOTA PEKANBARU, RIAU",10,37,125,162
https://kawalpemilu.org#931191,"MENTANGOR, TENAYAN RAYA, KOTA PEKANBARU, RIAU",11,47,151,198
https://kawalpemilu.org#931191,"MENTANGOR, TENAYAN RAYA, KOTA PEKANBARU, RIAU",12,26,145,171
https://kawalpemilu.org#931191,"MENTANGOR, TENAYAN RAYA, KOTA PEKANBARU, RIAU",13,29,113,142
https://kawalpemilu.org#931191,"MENTANGOR, TENAYAN RAYA, KOTA PEKANBARU, RIAU",14,25,121,146
https://kawalpemilu.org#931191,"MENTANGOR, TENAYAN RAYA, KOTA PEKANBARU, RIAU",15,48,128,176
https://kawalpemilu.org#931191,"MENTANGOR, TENAYAN RAYA, KOTA PEKANBARU, RIAU",16,40,87,127
https://kawalpemilu.org#931191,"MENTANGOR, TENAYAN RAYA, KOTA PEKANBARU, RIAU",17,61,162,223
https://kawalpemilu.org#931191,"MENTANGOR, TENAYAN RAYA, KOTA PEKANBARU, RIAU",18,58,110,168
https://kawalpemilu.org#931191,"MENTANGOR, TENAYAN RAYA, KOTA PEKANBARU, RIAU",19,35,130,165
https://kawalpemilu.org#931191,"MENTANGOR, TENAYAN RAYA, KOTA PEKANBARU, RIAU",20,40,129,169
https://kawalpemilu.org#931191,"MENTANGOR, TENAYAN RAYA, KOTA PEKANBARU, RIAU",21,54,171,225
https://kawalpemilu.org#931191,"MENTANGOR, TENAYAN RAYA, KOTA PEKANBARU, RIAU",22,44,112,156
https://kawalpemilu.org#931191,"MENTANGOR, TENAYAN RAYA, KOTA PEKANBARU, RIAU",23,29,108,137
https://kawalpemilu.org#931191,"MENTANGOR, TENAYAN RAYA, KOTA PEKANBARU, RIAU",24,26,107,133
https://kawalpemilu.org#931191,"MENTANGOR, TENAYAN RAYA, KOTA PEKANBARU, RIAU",25,59,87,146
https://kawalpemilu.org#931191,"MENTANGOR, TENAYAN RAYA, KOTA PEKANBARU, RIAU",26,52,157,209
https://kawalpemilu.org#931191,"MENTANGOR, TENAYAN RAYA, KOTA PEKANBARU, RIAU",27,34,116,150
https://kawalpemilu.org#931191,"MENTANGOR, TENAYAN RAYA, KOTA PEKANBARU, RIAU",28,48,140,188
https://kawalpemilu.org#931191,"MENTANGOR, TENAYAN RAYA, KOTA PEKANBARU, RIAU",29,62,134,196
https://kawalpemilu.org#931191,"MENTANGOR, TENAYAN RAYA, KOTA PEKANBARU, RIAU",30,85,110,195
https://kawalpemilu.org#931191,"MENTANGOR, TENAYAN RAYA, KOTA PEKANBARU, RIAU",32,30,107,137
https://kawalpemilu.org#931191,"MENTANGOR, TENAYAN RAYA, KOTA PEKANBARU, RIAU",33,45,121,166
https://kawalpemilu.org#931191,"MENTANGOR, TENAYAN RAYA, KOTA PEKANBARU, RIAU",34,41,126,167
https://kawalpemilu.org#931191,"MENTANGOR, TENAYAN RAYA, KOTA PEKANBARU, RIAU",35,43,150,193
https://kawalpemilu.org#931191,"MENTANGOR, TENAYAN RAYA, KOTA PEKANBARU, RIAU",36,44,120,164
https://kawalpemilu.org#931191,"MENTANGOR, TENAYAN RAYA, KOTA PEKANBARU, RIAU",37,65,170,235
https://kawalpemilu.org#931192,"SIALANGSAKTI, TENAYAN RAYA, KOTA PEKANBARU, RIAU",1,46,127,173
https://kawalpemilu.org#931192,"SIALANGSAKTI, TENAYAN RAYA, KOTA PEKANBARU, RIAU",2,35,102,137
https://kawalpemilu.org#931192,"SIALANGSAKTI, TENAYAN RAYA, KOTA PEKANBARU, RIAU",3,63,172,235
https://kawalpemilu.org#931192,"SIALANGSAKTI, TENAYAN RAYA, KOTA PEKANBARU, RIAU",4,45,113,158
https://kawalpemilu.org#931192,"SIALANGSAKTI, TENAYAN RAYA, KOTA PEKANBARU, RIAU",5,87,138,225
https://kawalpemilu.org#931192,"SIALANGSAKTI, TENAYAN RAYA, KOTA PEKANBARU, RIAU",6,19,90,109
https://kawalpemilu.org#931192,"SIALANGSAKTI, TENAYAN RAYA, KOTA PEKANBARU, RIAU",7,30,189,219
https://kawalpemilu.org#931192,"SIALANGSAKTI, TENAYAN RAYA, KOTA PEKANBARU, RIAU",8,31,167,198
https://kawalpemilu.org#931192,"SIALANGSAKTI, TENAYAN RAYA, KOTA PEKANBARU, RIAU",9,29,229,258
https://kawalpemilu.org#931192,"SIALANGSAKTI, TENAYAN RAYA, KOTA PEKANBARU, RIAU",10,39,172,211
https://kawalpemilu.org#931192,"SIALANGSAKTI, TENAYAN RAYA, KOTA PEKANBARU, RIAU",11,36,132,168
https://kawalpemilu.org#931192,"SIALANGSAKTI, TENAYAN RAYA, KOTA PEKANBARU, RIAU",12,81,106,187
https://kawalpemilu.org#931192,"SIALANGSAKTI, TENAYAN RAYA, KOTA PEKANBARU, RIAU",13,43,119,162
https://kawalpemilu.org#931192,"SIALANGSAKTI, TENAYAN RAYA, KOTA PEKANBARU, RIAU",14,114,170,284
https://kawalpemilu.org#931192,"SIALANGSAKTI, TENAYAN RAYA, KOTA PEKANBARU, RIAU",15,72,165,237
https://kawalpemilu.org#931192,"SIALANGSAKTI, TENAYAN RAYA, KOTA PEKANBARU, RIAU",16,38,226,264
https://kawalpemilu.org#931192,"SIALANGSAKTI, TENAYAN RAYA, KOTA PEKANBARU, RIAU",17,83,164,247
https://kawalpemilu.org#931192,"SIALANGSAKTI, TENAYAN RAYA, KOTA PEKANBARU, RIAU",18,78,179,257
https://kawalpemilu.org#931192,"SIALANGSAKTI, TENAYAN RAYA, KOTA PEKANBARU, RIAU",20,59,170,229
https://kawalpemilu.org#931192,"SIALANGSAKTI, TENAYAN RAYA, KOTA PEKANBARU, RIAU",21,31,183,214
https://kawalpemilu.org#931192,"SIALANGSAKTI, TENAYAN RAYA, KOTA PEKANBARU, RIAU",22,13,133,146
https://kawalpemilu.org#931192,"SIALANGSAKTI, TENAYAN RAYA, KOTA PEKANBARU, RIAU",23,49,177,226
https://kawalpemilu.org#931192,"SIALANGSAKTI, TENAYAN RAYA, KOTA PEKANBARU, RIAU",24,65,109,174
https://kawalpemilu.org#931192,"SIALANGSAKTI, TENAYAN RAYA, KOTA PEKANBARU, RIAU",25,59,92,151
https://kawalpemilu.org#931192,"SIALANGSAKTI, TENAYAN RAYA, KOTA PEKANBARU, RIAU",26,36,67,103
https://kawalpemilu.org#931192,"SIALANGSAKTI, TENAYAN RAYA, KOTA PEKANBARU, RIAU",27,38,113,151
https://kawalpemilu.org#931192,"SIALANGSAKTI, TENAYAN RAYA, KOTA PEKANBARU, RIAU",28,48,145,193
https://kawalpemilu.org#931192,"SIALANGSAKTI, TENAYAN RAYA, KOTA PEKANBARU, RIAU",29,42,151,193
https://kawalpemilu.org#931192,"SIALANGSAKTI, TENAYAN RAYA, KOTA PEKANBARU, RIAU",30,22,120,142
https://kawalpemilu.org#931192,"SIALANGSAKTI, TENAYAN RAYA, KOTA PEKANBARU, RIAU",31,42,117,159
https://kawalpemilu.org#931192,"SIALANGSAKTI, TENAYAN RAYA, KOTA PEKANBARU, RIAU",32,23,113,136
https://kawalpemilu.org#931192,"SIALANGSAKTI, TENAYAN RAYA, KOTA PEKANBARU, RIAU",33,38,115,153
https://kawalpemilu.org#931192,"SIALANGSAKTI, TENAYAN RAYA, KOTA PEKANBARU, RIAU",34,38,129,167
https://kawalpemilu.org#931192,"SIALANGSAKTI, TENAYAN RAYA, KOTA PEKANBARU, RIAU",35,68,130,198
https://kawalpemilu.org#931192,"SIALANGSAKTI, TENAYAN RAYA, KOTA PEKANBARU, RIAU",36,61,106,167
https://kawalpemilu.org#931192,"SIALANGSAKTI, TENAYAN RAYA, KOTA PEKANBARU, RIAU",37,38,262,300
https://kawalpemilu.org#931192,"SIALANGSAKTI, TENAYAN RAYA, KOTA PEKANBARU, RIAU",38,48,218,266
https://kawalpemilu.org#931192,"SIALANGSAKTI, TENAYAN RAYA, KOTA PEKANBARU, RIAU",39,90,146,236
https://kawalpemilu.org#931192,"SIALANGSAKTI, TENAYAN RAYA, KOTA PEKANBARU, RIAU",40,59,211,270
https://kawalpemilu.org#931192,"SIALANGSAKTI, TENAYAN RAYA, KOTA PEKANBARU, RIAU",41,49,179,228
https://kawalpemilu.org#931192,"SIALANGSAKTI, TENAYAN RAYA, KOTA PEKANBARU, RIAU",42,32,212,244
https://kawalpemilu.org#931192,"SIALANGSAKTI, TENAYAN RAYA, KOTA PEKANBARU, RIAU",43,42,171,213
https://kawalpemilu.org#931192,"SIALANGSAKTI, TENAYAN RAYA, KOTA PEKANBARU, RIAU",44,26,159,185
https://kawalpemilu.org#931192,"SIALANGSAKTI, TENAYAN RAYA, KOTA PEKANBARU, RIAU",45,44,121,165
https://kawalpemilu.org#931192,"SIALANGSAKTI, TENAYAN RAYA, KOTA PEKANBARU, RIAU",46,66,163,229
https://kawalpemilu.org#931192,"SIALANGSAKTI, TENAYAN RAYA, KOTA PEKANBARU, RIAU",47,33,155,188
https://kawalpemilu.org#931192,"SIALANGSAKTI, TENAYAN RAYA, KOTA PEKANBARU, RIAU",48,112,169,281
https://kawalpemilu.org#931192,"SIALANGSAKTI, TENAYAN RAYA, KOTA PEKANBARU, RIAU",49,31,151,182
https://kawalpemilu.org#931192,"SIALANGSAKTI, TENAYAN RAYA, KOTA PEKANBARU, RIAU",50,13,133,146
https://kawalpemilu.org#931192,"SIALANGSAKTI, TENAYAN RAYA, KOTA PEKANBARU, RIAU",51,41,176,217
https://kawalpemilu.org#931192,"SIALANGSAKTI, TENAYAN RAYA, KOTA PEKANBARU, RIAU",52,20,160,180
https://kawalpemilu.org#931192,"SIALANGSAKTI, TENAYAN RAYA, KOTA PEKANBARU, RIAU",53,37,167,204
https://kawalpemilu.org#931192,"SIALANGSAKTI, TENAYAN RAYA, KOTA PEKANBARU, RIAU",54,58,172,230
https://kawalpemilu.org#931192,"SIALANGSAKTI, TENAYAN RAYA, KOTA PEKANBARU, RIAU",55,37,208,245
https://kawalpemilu.org#931192,"SIALANGSAKTI, TENAYAN RAYA, KOTA PEKANBARU, RIAU",56,40,153,193
https://kawalpemilu.org#931192,"SIALANGSAKTI, TENAYAN RAYA, KOTA PEKANBARU, RIAU",57,25,147,172
https://kawalpemilu.org#931192,"SIALANGSAKTI, TENAYAN RAYA, KOTA PEKANBARU, RIAU",58,48,108,156
https://kawalpemilu.org#931192,"SIALANGSAKTI, TENAYAN RAYA, KOTA PEKANBARU, RIAU",59,22,177,199
https://kawalpemilu.org#931192,"SIALANGSAKTI, TENAYAN RAYA, KOTA PEKANBARU, RIAU",60,7,13,20
https://kawalpemilu.org#931193,"MELEBUNG, TENAYAN RAYA, KOTA PEKANBARU, RIAU",1,55,134,189
https://kawalpemilu.org#931194,"INDUSTRITENAYAN, TENAYAN RAYA, KOTA PEKANBARU, RIAU",1,37,143,180
https://kawalpemilu.org#931194,"INDUSTRITENAYAN, TENAYAN RAYA, KOTA PEKANBARU, RIAU",2,53,153,206
https://kawalpemilu.org#931194,"INDUSTRITENAYAN, TENAYAN RAYA, KOTA PEKANBARU, RIAU",3,62,124,186
https://kawalpemilu.org#931194,"INDUSTRITENAYAN, TENAYAN RAYA, KOTA PEKANBARU, RIAU",4,77,76,153
https://kawalpemilu.org#931194,"INDUSTRITENAYAN, TENAYAN RAYA, KOTA PEKANBARU, RIAU",5,40,114,154
https://kawalpemilu.org#931194,"INDUSTRITENAYAN, TENAYAN RAYA, KOTA PEKANBARU, RIAU",6,36,146,182
https://kawalpemilu.org#931194,"INDUSTRITENAYAN, TENAYAN RAYA, KOTA PEKANBARU, RIAU",7,65,94,159
https://kawalpemilu.org#931194,"INDUSTRITENAYAN, TENAYAN RAYA, KOTA PEKANBARU, RIAU",8,21,129,150
https://kawalpemilu.org#931195,"BENCAHLESUNG, TENAYAN RAYA, KOTA PEKANBARU, RIAU",1,109,92,201
https://kawalpemilu.org#931195,"BENCAHLESUNG, TENAYAN RAYA, KOTA PEKANBARU, RIAU",2,40,154,194
https://kawalpemilu.org#931195,"BENCAHLESUNG, TENAYAN RAYA, KOTA PEKANBARU, RIAU",3,24,112,136
https://kawalpemilu.org#931195,"BENCAHLESUNG, TENAYAN RAYA, KOTA PEKANBARU, RIAU",4,46,198,244
https://kawalpemilu.org#931195,"BENCAHLESUNG, TENAYAN RAYA, KOTA PEKANBARU, RIAU",5,48,164,212
https://kawalpemilu.org#931195,"BENCAHLESUNG, TENAYAN RAYA, KOTA PEKANBARU, RIAU",6,230,14,244
https://kawalpemilu.org#931195,"BENCAHLESUNG, TENAYAN RAYA, KOTA PEKANBARU, RIAU",7,147,99,246
https://kawalpemilu.org#931195,"BENCAHLESUNG, TENAYAN RAYA, KOTA PEKANBARU, RIAU",8,174,32,206
https://kawalpemilu.org#931195,"BENCAHLESUNG, TENAYAN RAYA, KOTA PEKANBARU, RIAU",9,247,7,254
https://kawalpemilu.org#931195,"BENCAHLESUNG, TENAYAN RAYA, KOTA PEKANBARU, RIAU",10,147,50,197
https://kawalpemilu.org#931195,"BENCAHLESUNG, TENAYAN RAYA, KOTA PEKANBARU, RIAU",11,197,5,202
https://kawalpemilu.org#931195,"BENCAHLESUNG, TENAYAN RAYA, KOTA PEKANBARU, RIAU",12,248,9,257
https://kawalpemilu.org#931195,"BENCAHLESUNG, TENAYAN RAYA, KOTA PEKANBARU, RIAU",13,218,2,220
https://kawalpemilu.org#931195,"BENCAHLESUNG, TENAYAN RAYA, KOTA PEKANBARU, RIAU",14,210,5,215
https://kawalpemilu.org#931195,"BENCAHLESUNG, TENAYAN RAYA, KOTA PEKANBARU, RIAU",15,203,36,239
https://kawalpemilu.org#931195,"BENCAHLESUNG, TENAYAN RAYA, KOTA PEKANBARU, RIAU",16,124,14,138
https://kawalpemilu.org#931195,"BENCAHLESUNG, TENAYAN RAYA, KOTA PEKANBARU, RIAU",17,160,57,217
https://kawalpemilu.org#931195,"BENCAHLESUNG, TENAYAN RAYA, KOTA PEKANBARU, RIAU",18,209,17,226
https://kawalpemilu.org#931195,"BENCAHLESUNG, TENAYAN RAYA, KOTA PEKANBARU, RIAU",19,37,152,189
https://kawalpemilu.org#931195,"BENCAHLESUNG, TENAYAN RAYA, KOTA PEKANBARU, RIAU",20,110,71,181
https://kawalpemilu.org#931195,"BENCAHLESUNG, TENAYAN RAYA, KOTA PEKANBARU, RIAU",21,36,137,173
https://kawalpemilu.org#931195,"BENCAHLESUNG, TENAYAN RAYA, KOTA PEKANBARU, RIAU",22,41,148,189
https://kawalpemilu.org#931195,"BENCAHLESUNG, TENAYAN RAYA, KOTA PEKANBARU, RIAU",23,23,141,164
https://kawalpemilu.org#931195,"BENCAHLESUNG, TENAYAN RAYA, KOTA PEKANBARU, RIAU",24,52,166,218
https://kawalpemilu.org#931195,"BENCAHLESUNG, TENAYAN RAYA, KOTA PEKANBARU, RIAU",25,54,140,194
https://kawalpemilu.org#931195,"BENCAHLESUNG, TENAYAN RAYA, KOTA PEKANBARU, RIAU",26,46,192,238
https://kawalpemilu.org#931195,"BENCAHLESUNG, TENAYAN RAYA, KOTA PEKANBARU, RIAU",27,23,126,149
https://kawalpemilu.org#931195,"BENCAHLESUNG, TENAYAN RAYA, KOTA PEKANBARU, RIAU",28,49,132,181
https://kawalpemilu.org#931195,"BENCAHLESUNG, TENAYAN RAYA, KOTA PEKANBARU, RIAU",29,26,143,169
https://kawalpemilu.org#931195,"BENCAHLESUNG, TENAYAN RAYA, KOTA PEKANBARU, RIAU",30,53,103,156
https://kawalpemilu.org#931196,"TUAHNEGERI, TENAYAN RAYA, KOTA PEKANBARU, RIAU",1,51,127,178
https://kawalpemilu.org#931196,"TUAHNEGERI, TENAYAN RAYA, KOTA PEKANBARU, RIAU",2,71,75,146
https://kawalpemilu.org#931196,"TUAHNEGERI, TENAYAN RAYA, KOTA PEKANBARU, RIAU",3,92,67,159
https://kawalpemilu.org#931196,"TUAHNEGERI, TENAYAN RAYA, KOTA PEKANBARU, RIAU",4,65,174,239
https://kawalpemilu.org#931196,"TUAHNEGERI, TENAYAN RAYA, KOTA PEKANBARU, RIAU",5,44,157,201
https://kawalpemilu.org#931196,"TUAHNEGERI, TENAYAN RAYA, KOTA PEKANBARU, RIAU",6,41,97,138
https://kawalpemilu.org#931196,"TUAHNEGERI, TENAYAN RAYA, KOTA PEKANBARU, RIAU",7,29,101,130
https://kawalpemilu.org#931196,"TUAHNEGERI, TENAYAN RAYA, KOTA PEKANBARU, RIAU",8,69,84,153
https://kawalpemilu.org#931196,"TUAHNEGERI, TENAYAN RAYA, KOTA PEKANBARU, RIAU",9,37,91,128
https://kawalpemilu.org#931196,"TUAHNEGERI, TENAYAN RAYA, KOTA PEKANBARU, RIAU",10,90,69,159
https://kawalpemilu.org#931196,"TUAHNEGERI, TENAYAN RAYA, KOTA PEKANBARU, RIAU",11,45,113,158
https://kawalpemilu.org#931196,"TUAHNEGERI, TENAYAN RAYA, KOTA PEKANBARU, RIAU",12,45,105,150
https://kawalpemilu.org#931196,"TUAHNEGERI, TENAYAN RAYA, KOTA PEKANBARU, RIAU",13,51,116,167
https://kawalpemilu.org#931196,"TUAHNEGERI, TENAYAN RAYA, KOTA PEKANBARU, RIAU",14,101,112,213
https://kawalpemilu.org#931197,"PEMATANGKAPAU, TENAYAN RAYA, KOTA PEKANBARU, RIAU",1,34,140,174
https://kawalpemilu.org#931197,"PEMATANGKAPAU, TENAYAN RAYA, KOTA PEKANBARU, RIAU",2,96,181,277
https://kawalpemilu.org#931197,"PEMATANGKAPAU, TENAYAN RAYA, KOTA PEKANBARU, RIAU",4,37,132,169
https://kawalpemilu.org#931197,"PEMATANGKAPAU, TENAYAN RAYA, KOTA PEKANBARU, RIAU",5,34,121,155
https://kawalpemilu.org#931197,"PEMATANGKAPAU, TENAYAN RAYA, KOTA PEKANBARU, RIAU",6,25,143,168
https://kawalpemilu.org#931197,"PEMATANGKAPAU, TENAYAN RAYA, KOTA PEKANBARU, RIAU",7,36,128,164
https://kawalpemilu.org#931197,"PEMATANGKAPAU, TENAYAN RAYA, KOTA PEKANBARU, RIAU",8,35,136,171
https://kawalpemilu.org#931197,"PEMATANGKAPAU, TENAYAN RAYA, KOTA PEKANBARU, RIAU",9,25,167,192
https://kawalpemilu.org#931197,"PEMATANGKAPAU, TENAYAN RAYA, KOTA PEKANBARU, RIAU",10,27,189,216
https://kawalpemilu.org#931197,"PEMATANGKAPAU, TENAYAN RAYA, KOTA PEKANBARU, RIAU",11,21,125,146
https://kawalpemilu.org#931197,"PEMATANGKAPAU, TENAYAN RAYA, KOTA PEKANBARU, RIAU",12,27,160,187
https://kawalpemilu.org#931197,"PEMATANGKAPAU, TENAYAN RAYA, KOTA PEKANBARU, RIAU",13,55,237,292
https://kawalpemilu.org#931197,"PEMATANGKAPAU, TENAYAN RAYA, KOTA PEKANBARU, RIAU",14,22,218,240
https://kawalpemilu.org#931197,"PEMATANGKAPAU, TENAYAN RAYA, KOTA PEKANBARU, RIAU",15,41,169,210
https://kawalpemilu.org#931197,"PEMATANGKAPAU, TENAYAN RAYA, KOTA PEKANBARU, RIAU",16,38,170,208
https://kawalpemilu.org#931197,"PEMATANGKAPAU, TENAYAN RAYA, KOTA PEKANBARU, RIAU",17,47,225,272
https://kawalpemilu.org#931197,"PEMATANGKAPAU, TENAYAN RAYA, KOTA PEKANBARU, RIAU",18,82,185,267
https://kawalpemilu.org#931197,"PEMATANGKAPAU, TENAYAN RAYA, KOTA PEKANBARU, RIAU",19,40,189,229
https://kawalpemilu.org#931197,"PEMATANGKAPAU, TENAYAN RAYA, KOTA PEKANBARU, RIAU",20,31,179,210
https://kawalpemilu.org#931197,"PEMATANGKAPAU, TENAYAN RAYA, KOTA PEKANBARU, RIAU",21,42,195,237
https://kawalpemilu.org#931197,"PEMATANGKAPAU, TENAYAN RAYA, KOTA PEKANBARU, RIAU",22,28,186,214
https://kawalpemilu.org#931197,"PEMATANGKAPAU, TENAYAN RAYA, KOTA PEKANBARU, RIAU",23,31,205,236
https://kawalpemilu.org#931197,"PEMATANGKAPAU, TENAYAN RAYA, KOTA PEKANBARU, RIAU",24,28,224,252
https://kawalpemilu.org#931197,"PEMATANGKAPAU, TENAYAN RAYA, KOTA PEKANBARU, RIAU",25,34,217,251
https://kawalpemilu.org#931197,"PEMATANGKAPAU, TENAYAN RAYA, KOTA PEKANBARU, RIAU",26,32,207,239
https://kawalpemilu.org#931197,"PEMATANGKAPAU, TENAYAN RAYA, KOTA PEKANBARU, RIAU",27,62,155,217
https://kawalpemilu.org#931197,"PEMATANGKAPAU, TENAYAN RAYA, KOTA PEKANBARU, RIAU",28,69,153,222
https://kawalpemilu.org#931197,"PEMATANGKAPAU, TENAYAN RAYA, KOTA PEKANBARU, RIAU",29,34,69,103
https://kawalpemilu.org#931197,"PEMATANGKAPAU, TENAYAN RAYA, KOTA PEKANBARU, RIAU",30,28,145,173
https://kawalpemilu.org#931197,"PEMATANGKAPAU, TENAYAN RAYA, KOTA PEKANBARU, RIAU",31,19,169,188
https://kawalpemilu.org#931197,"PEMATANGKAPAU, TENAYAN RAYA, KOTA PEKANBARU, RIAU",32,32,159,191
https://kawalpemilu.org#931197,"PEMATANGKAPAU, TENAYAN RAYA, KOTA PEKANBARU, RIAU",33,35,167,202
https://kawalpemilu.org#931197,"PEMATANGKAPAU, TENAYAN RAYA, KOTA PEKANBARU, RIAU",34,28,124,152
https://kawalpemilu.org#931197,"PEMATANGKAPAU, TENAYAN RAYA, KOTA PEKANBARU, RIAU",35,25,193,218
https://kawalpemilu.org#931197,"PEMATANGKAPAU, TENAYAN RAYA, KOTA PEKANBARU, RIAU",36,21,190,211
https://kawalpemilu.org#931197,"PEMATANGKAPAU, TENAYAN RAYA, KOTA PEKANBARU, RIAU",37,16,136,152
https://kawalpemilu.org#931197,"PEMATANGKAPAU, TENAYAN RAYA, KOTA PEKANBARU, RIAU",38,31,158,189
https://kawalpemilu.org#931197,"PEMATANGKAPAU, TENAYAN RAYA, KOTA PEKANBARU, RIAU",39,38,102,140
https://kawalpemilu.org#931197,"PEMATANGKAPAU, TENAYAN RAYA, KOTA PEKANBARU, RIAU",40,24,159,183
https://kawalpemilu.org#931197,"PEMATANGKAPAU, TENAYAN RAYA, KOTA PEKANBARU, RIAU",41,55,155,210
https://kawalpemilu.org#931197,"PEMATANGKAPAU, TENAYAN RAYA, KOTA PEKANBARU, RIAU",42,18,207,225
https://kawalpemilu.org#931197,"PEMATANGKAPAU, TENAYAN RAYA, KOTA PEKANBARU, RIAU",43,24,126,150
https://kawalpemilu.org#931197,"PEMATANGKAPAU, TENAYAN RAYA, KOTA PEKANBARU, RIAU",44,16,195,211
https://kawalpemilu.org#931197,"PEMATANGKAPAU, TENAYAN RAYA, KOTA PEKANBARU, RIAU",45,25,213,238
https://kawalpemilu.org#931198,"BAMBUKUNING, TENAYAN RAYA, KOTA PEKANBARU, RIAU",1,23,200,223
https://kawalpemilu.org#931198,"BAMBUKUNING, TENAYAN RAYA, KOTA PEKANBARU, RIAU",2,32,232,264
https://kawalpemilu.org#931198,"BAMBUKUNING, TENAYAN RAYA, KOTA PEKANBARU, RIAU",3,15,225,240
https://kawalpemilu.org#931198,"BAMBUKUNING, TENAYAN RAYA, KOTA PEKANBARU, RIAU",4,62,139,201
https://kawalpemilu.org#931198,"BAMBUKUNING, TENAYAN RAYA, KOTA PEKANBARU, RIAU",5,79,165,244
https://kawalpemilu.org#931198,"BAMBUKUNING, TENAYAN RAYA, KOTA PEKANBARU, RIAU",6,41,107,148
https://kawalpemilu.org#931198,"BAMBUKUNING, TENAYAN RAYA, KOTA PEKANBARU, RIAU",7,41,110,151
https://kawalpemilu.org#931198,"BAMBUKUNING, TENAYAN RAYA, KOTA PEKANBARU, RIAU",8,91,95,186
https://kawalpemilu.org#931198,"BAMBUKUNING, TENAYAN RAYA, KOTA PEKANBARU, RIAU",9,62,100,162
https://kawalpemilu.org#931198,"BAMBUKUNING, TENAYAN RAYA, KOTA PEKANBARU, RIAU",10,83,30,113
https://kawalpemilu.org#931198,"BAMBUKUNING, TENAYAN RAYA, KOTA PEKANBARU, RIAU",11,99,111,210
https://kawalpemilu.org#931198,"BAMBUKUNING, TENAYAN RAYA, KOTA PEKANBARU, RIAU",12,99,102,201
https://kawalpemilu.org#931198,"BAMBUKUNING, TENAYAN RAYA, KOTA PEKANBARU, RIAU",13,23,102,125
https://kawalpemilu.org#931198,"BAMBUKUNING, TENAYAN RAYA, KOTA PEKANBARU, RIAU",14,28,117,145
https://kawalpemilu.org#931198,"BAMBUKUNING, TENAYAN RAYA, KOTA PEKANBARU, RIAU",15,63,101,164
https://kawalpemilu.org#931198,"BAMBUKUNING, TENAYAN RAYA, KOTA PEKANBARU, RIAU",16,46,107,153
https://kawalpemilu.org#931198,"BAMBUKUNING, TENAYAN RAYA, KOTA PEKANBARU, RIAU",17,93,89,182
https://kawalpemilu.org#931198,"BAMBUKUNING, TENAYAN RAYA, KOTA PEKANBARU, RIAU",18,53,133,186
https://kawalpemilu.org#931198,"BAMBUKUNING, TENAYAN RAYA, KOTA PEKANBARU, RIAU",19,109,35,144
https://kawalpemilu.org#931198,"BAMBUKUNING, TENAYAN RAYA, KOTA PEKANBARU, RIAU",20,76,105,181
https://kawalpemilu.org#931198,"BAMBUKUNING, TENAYAN RAYA, KOTA PEKANBARU, RIAU",21,80,157,237
https://kawalpemilu.org#931198,"BAMBUKUNING, TENAYAN RAYA, KOTA PEKANBARU, RIAU",22,53,106,159
https://kawalpemilu.org#931198,"BAMBUKUNING, TENAYAN RAYA, KOTA PEKANBARU, RIAU",23,45,165,210
https://kawalpemilu.org#931198,"BAMBUKUNING, TENAYAN RAYA, KOTA PEKANBARU, RIAU",24,28,117,145
https://kawalpemilu.org#931198,"BAMBUKUNING, TENAYAN RAYA, KOTA PEKANBARU, RIAU",25,36,181,217
https://kawalpemilu.org#931198,"BAMBUKUNING, TENAYAN RAYA, KOTA PEKANBARU, RIAU",26,39,103,142
https://kawalpemilu.org#931198,"BAMBUKUNING, TENAYAN RAYA, KOTA PEKANBARU, RIAU",27,33,114,147
https://kawalpemilu.org#931198,"BAMBUKUNING, TENAYAN RAYA, KOTA PEKANBARU, RIAU",28,54,128,182
https://kawalpemilu.org#931198,"BAMBUKUNING, TENAYAN RAYA, KOTA PEKANBARU, RIAU",29,95,87,182
https://kawalpemilu.org#931198,"BAMBUKUNING, TENAYAN RAYA, KOTA PEKANBARU, RIAU",30,56,110,166
https://kawalpemilu.org#931198,"BAMBUKUNING, TENAYAN RAYA, KOTA PEKANBARU, RIAU",31,34,69,103
https://kawalpemilu.org#931198,"BAMBUKUNING, TENAYAN RAYA, KOTA PEKANBARU, RIAU",32,51,105,156
https://kawalpemilu.org#931198,"BAMBUKUNING, TENAYAN RAYA, KOTA PEKANBARU, RIAU",33,82,30,112
https://kawalpemilu.org#931198,"BAMBUKUNING, TENAYAN RAYA, KOTA PEKANBARU, RIAU",34,31,154,185
https://kawalpemilu.org#931198,"BAMBUKUNING, TENAYAN RAYA, KOTA PEKANBARU, RIAU",35,66,93,159
https://kawalpemilu.org#931198,"BAMBUKUNING, TENAYAN RAYA, KOTA PEKANBARU, RIAU",36,47,101,148
https://kawalpemilu.org#931198,"BAMBUKUNING, TENAYAN RAYA, KOTA PEKANBARU, RIAU",37,80,95,175
https://kawalpemilu.org#931198,"BAMBUKUNING, TENAYAN RAYA, KOTA PEKANBARU, RIAU",38,81,27,108
https://kawalpemilu.org#931198,"BAMBUKUNING, TENAYAN RAYA, KOTA PEKANBARU, RIAU",39,86,78,164
https://kawalpemilu.org#931198,"BAMBUKUNING, TENAYAN RAYA, KOTA PEKANBARU, RIAU",40,69,127,196
https://kawalpemilu.org#931198,"BAMBUKUNING, TENAYAN RAYA, KOTA PEKANBARU, RIAU",41,61,77,138
https://kawalpemilu.org#931198,"BAMBUKUNING, TENAYAN RAYA, KOTA PEKANBARU, RIAU",42,37,173,210
https://kawalpemilu.org#931198,"BAMBUKUNING, TENAYAN RAYA, KOTA PEKANBARU, RIAU",43,33,124,157
https://kawalpemilu.org#931198,"BAMBUKUNING, TENAYAN RAYA, KOTA PEKANBARU, RIAU",44,23,100,123
https://kawalpemilu.org#931198,"BAMBUKUNING, TENAYAN RAYA, KOTA PEKANBARU, RIAU",45,28,103,131
https://kawalpemilu.org#15835,"TAMPAN, PAYUNG SEKAKI, KOTA PEKANBARU, RIAU",1,58,112,170
https://kawalpemilu.org#15835,"TAMPAN, PAYUNG SEKAKI, KOTA PEKANBARU, RIAU",2,42,99,141
https://kawalpemilu.org#15835,"TAMPAN, PAYUNG SEKAKI, KOTA PEKANBARU, RIAU",3,76,85,161
https://kawalpemilu.org#15835,"TAMPAN, PAYUNG SEKAKI, KOTA PEKANBARU, RIAU",4,84,174,258
https://kawalpemilu.org#15835,"TAMPAN, PAYUNG SEKAKI, KOTA PEKANBARU, RIAU",5,61,51,112
https://kawalpemilu.org#15835,"TAMPAN, PAYUNG SEKAKI, KOTA PEKANBARU, RIAU",6,109,172,281
https://kawalpemilu.org#15835,"TAMPAN, PAYUNG SEKAKI, KOTA PEKANBARU, RIAU",7,118,119,237
https://kawalpemilu.org#15835,"TAMPAN, PAYUNG SEKAKI, KOTA PEKANBARU, RIAU",8,93,71,164
https://kawalpemilu.org#15835,"TAMPAN, PAYUNG SEKAKI, KOTA PEKANBARU, RIAU",9,154,123,277
https://kawalpemilu.org#15835,"TAMPAN, PAYUNG SEKAKI, KOTA PEKANBARU, RIAU",10,72,121,193
https://kawalpemilu.org#15835,"TAMPAN, PAYUNG SEKAKI, KOTA PEKANBARU, RIAU",11,68,129,197
https://kawalpemilu.org#15835,"TAMPAN, PAYUNG SEKAKI, KOTA PEKANBARU, RIAU",12,66,112,178
https://kawalpemilu.org#15835,"TAMPAN, PAYUNG SEKAKI, KOTA PEKANBARU, RIAU",13,68,80,148
https://kawalpemilu.org#15835,"TAMPAN, PAYUNG SEKAKI, KOTA PEKANBARU, RIAU",14,55,157,212
https://kawalpemilu.org#15835,"TAMPAN, PAYUNG SEKAKI, KOTA PEKANBARU, RIAU",15,74,52,131
https://kawalpemilu.org#15835,"TAMPAN, PAYUNG SEKAKI, KOTA PEKANBARU, RIAU",16,74,98,172
https://kawalpemilu.org#15835,"TAMPAN, PAYUNG SEKAKI, KOTA PEKANBARU, RIAU",17,108,79,187
https://kawalpemilu.org#15835,"TAMPAN, PAYUNG SEKAKI, KOTA PEKANBARU, RIAU",18,98,150,248
https://kawalpemilu.org#15835,"TAMPAN, PAYUNG SEKAKI, KOTA PEKANBARU, RIAU",19,88,49,137
https://kawalpemilu.org#15835,"TAMPAN, PAYUNG SEKAKI, KOTA PEKANBARU, RIAU",20,137,90,227
https://kawalpemilu.org#15835,"TAMPAN, PAYUNG SEKAKI, KOTA PEKANBARU, RIAU",21,158,100,258
https://kawalpemilu.org#15835,"TAMPAN, PAYUNG SEKAKI, KOTA PEKANBARU, RIAU",22,68,89,157
https://kawalpemilu.org#15835,"TAMPAN, PAYUNG SEKAKI, KOTA PEKANBARU, RIAU",23,80,76,156
https://kawalpemilu.org#15835,"TAMPAN, PAYUNG SEKAKI, KOTA PEKANBARU, RIAU",24,68,100,168
https://kawalpemilu.org#15835,"TAMPAN, PAYUNG SEKAKI, KOTA PEKANBARU, RIAU",25,91,62,153
https://kawalpemilu.org#15836,"LABUH BARU TIMUR, PAYUNG SEKAKI, KOTA PEKANBARU, RIAU",1,57,184,241
https://kawalpemilu.org#15836,"LABUH BARU TIMUR, PAYUNG SEKAKI, KOTA PEKANBARU, RIAU",2,58,108,166
https://kawalpemilu.org#15836,"LABUH BARU TIMUR, PAYUNG SEKAKI, KOTA PEKANBARU, RIAU",3,33,121,154
https://kawalpemilu.org#15836,"LABUH BARU TIMUR, PAYUNG SEKAKI, KOTA PEKANBARU, RIAU",4,85,177,262
https://kawalpemilu.org#15836,"LABUH BARU TIMUR, PAYUNG SEKAKI, KOTA PEKANBARU, RIAU",5,37,221,258
https://kawalpemilu.org#15836,"LABUH BARU TIMUR, PAYUNG SEKAKI, KOTA PEKANBARU, RIAU",6,50,211,261
https://kawalpemilu.org#15836,"LABUH BARU TIMUR, PAYUNG SEKAKI, KOTA PEKANBARU, RIAU",7,42,160,202
https://kawalpemilu.org#15836,"LABUH BARU TIMUR, PAYUNG SEKAKI, KOTA PEKANBARU, RIAU",8,25,230,255
https://kawalpemilu.org#15836,"LABUH BARU TIMUR, PAYUNG SEKAKI, KOTA PEKANBARU, RIAU",9,21,172,193
https://kawalpemilu.org#15836,"LABUH BARU TIMUR, PAYUNG SEKAKI, KOTA PEKANBARU, RIAU",10,50,166,216
https://kawalpemilu.org#15836,"LABUH BARU TIMUR, PAYUNG SEKAKI, KOTA PEKANBARU, RIAU",11,67,113,180
https://kawalpemilu.org#15836,"LABUH BARU TIMUR, PAYUNG SEKAKI, KOTA PEKANBARU, RIAU",12,79,153,232
https://kawalpemilu.org#15836,"LABUH BARU TIMUR, PAYUNG SEKAKI, KOTA PEKANBARU, RIAU",13,119,142,261
https://kawalpemilu.org#15836,"LABUH BARU TIMUR, PAYUNG SEKAKI, KOTA PEKANBARU, RIAU",14,120,90,210
https://kawalpemilu.org#15836,"LABUH BARU TIMUR, PAYUNG SEKAKI, KOTA PEKANBARU, RIAU",15,84,77,161
https://kawalpemilu.org#15836,"LABUH BARU TIMUR, PAYUNG SEKAKI, KOTA PEKANBARU, RIAU",16,103,155,258
https://kawalpemilu.org#15836,"LABUH BARU TIMUR, PAYUNG SEKAKI, KOTA PEKANBARU, RIAU",17,72,98,170
https://kawalpemilu.org#15836,"LABUH BARU TIMUR, PAYUNG SEKAKI, KOTA PEKANBARU, RIAU",18,59,150,209
https://kawalpemilu.org#15836,"LABUH BARU TIMUR, PAYUNG SEKAKI, KOTA PEKANBARU, RIAU",19,101,191,292
https://kawalpemilu.org#15836,"LABUH BARU TIMUR, PAYUNG SEKAKI, KOTA PEKANBARU, RIAU",20,90,93,183
https://kawalpemilu.org#15836,"LABUH BARU TIMUR, PAYUNG SEKAKI, KOTA PEKANBARU, RIAU",21,114,161,275
https://kawalpemilu.org#15836,"LABUH BARU TIMUR, PAYUNG SEKAKI, KOTA PEKANBARU, RIAU",22,107,39,146
https://kawalpemilu.org#15836,"LABUH BARU TIMUR, PAYUNG SEKAKI, KOTA PEKANBARU, RIAU",23,95,172,267
https://kawalpemilu.org#15836,"LABUH BARU TIMUR, PAYUNG SEKAKI, KOTA PEKANBARU, RIAU",24,31,180,211
https://kawalpemilu.org#15836,"LABUH BARU TIMUR, PAYUNG SEKAKI, KOTA PEKANBARU, RIAU",25,62,132,194
https://kawalpemilu.org#15836,"LABUH BARU TIMUR, PAYUNG SEKAKI, KOTA PEKANBARU, RIAU",26,55,97,152
https://kawalpemilu.org#15836,"LABUH BARU TIMUR, PAYUNG SEKAKI, KOTA PEKANBARU, RIAU",27,83,152,235
https://kawalpemilu.org#15836,"LABUH BARU TIMUR, PAYUNG SEKAKI, KOTA PEKANBARU, RIAU",28,53,128,181
https://kawalpemilu.org#15836,"LABUH BARU TIMUR, PAYUNG SEKAKI, KOTA PEKANBARU, RIAU",29,84,115,199
https://kawalpemilu.org#15836,"LABUH BARU TIMUR, PAYUNG SEKAKI, KOTA PEKANBARU, RIAU",30,102,101,203
https://kawalpemilu.org#15836,"LABUH BARU TIMUR, PAYUNG SEKAKI, KOTA PEKANBARU, RIAU",31,137,80,217
https://kawalpemilu.org#15836,"LABUH BARU TIMUR, PAYUNG SEKAKI, KOTA PEKANBARU, RIAU",32,76,44,120
https://kawalpemilu.org#15836,"LABUH BARU TIMUR, PAYUNG SEKAKI, KOTA PEKANBARU, RIAU",33,111,87,198
https://kawalpemilu.org#15836,"LABUH BARU TIMUR, PAYUNG SEKAKI, KOTA PEKANBARU, RIAU",34,43,57,100
https://kawalpemilu.org#15836,"LABUH BARU TIMUR, PAYUNG SEKAKI, KOTA PEKANBARU, RIAU",35,101,61,162
https://kawalpemilu.org#15836,"LABUH BARU TIMUR, PAYUNG SEKAKI, KOTA PEKANBARU, RIAU",36,68,89,157
https://kawalpemilu.org#15836,"LABUH BARU TIMUR, PAYUNG SEKAKI, KOTA PEKANBARU, RIAU",37,32,70,102
https://kawalpemilu.org#15836,"LABUH BARU TIMUR, PAYUNG SEKAKI, KOTA PEKANBARU, RIAU",38,121,25,146
https://kawalpemilu.org#15836,"LABUH BARU TIMUR, PAYUNG SEKAKI, KOTA PEKANBARU, RIAU",39,79,95,174
https://kawalpemilu.org#15836,"LABUH BARU TIMUR, PAYUNG SEKAKI, KOTA PEKANBARU, RIAU",40,81,66,147
https://kawalpemilu.org#15836,"LABUH BARU TIMUR, PAYUNG SEKAKI, KOTA PEKANBARU, RIAU",41,31,118,149
https://kawalpemilu.org#15836,"LABUH BARU TIMUR, PAYUNG SEKAKI, KOTA PEKANBARU, RIAU",42,73,100,173
https://kawalpemilu.org#15836,"LABUH BARU TIMUR, PAYUNG SEKAKI, KOTA PEKANBARU, RIAU",43,65,134,199
https://kawalpemilu.org#15836,"LABUH BARU TIMUR, PAYUNG SEKAKI, KOTA PEKANBARU, RIAU",44,59,179,238
https://kawalpemilu.org#15836,"LABUH BARU TIMUR, PAYUNG SEKAKI, KOTA PEKANBARU, RIAU",45,131,129,260
https://kawalpemilu.org#15836,"LABUH BARU TIMUR, PAYUNG SEKAKI, KOTA PEKANBARU, RIAU",46,29,153,182
https://kawalpemilu.org#15836,"LABUH BARU TIMUR, PAYUNG SEKAKI, KOTA PEKANBARU, RIAU",47,22,99,121
https://kawalpemilu.org#15836,"LABUH BARU TIMUR, PAYUNG SEKAKI, KOTA PEKANBARU, RIAU",48,45,213,258
https://kawalpemilu.org#15836,"LABUH BARU TIMUR, PAYUNG SEKAKI, KOTA PEKANBARU, RIAU",49,26,121,147
https://kawalpemilu.org#15836,"LABUH BARU TIMUR, PAYUNG SEKAKI, KOTA PEKANBARU, RIAU",50,10,148,158
https://kawalpemilu.org#15836,"LABUH BARU TIMUR, PAYUNG SEKAKI, KOTA PEKANBARU, RIAU",51,32,242,274
https://kawalpemilu.org#15836,"LABUH BARU TIMUR, PAYUNG SEKAKI, KOTA PEKANBARU, RIAU",52,29,229,258
https://kawalpemilu.org#15836,"LABUH BARU TIMUR, PAYUNG SEKAKI, KOTA PEKANBARU, RIAU",53,105,125,230
https://kawalpemilu.org#15836,"LABUH BARU TIMUR, PAYUNG SEKAKI, KOTA PEKANBARU, RIAU",54,17,119,136
https://kawalpemilu.org#15836,"LABUH BARU TIMUR, PAYUNG SEKAKI, KOTA PEKANBARU, RIAU",55,42,193,235
https://kawalpemilu.org#15836,"LABUH BARU TIMUR, PAYUNG SEKAKI, KOTA PEKANBARU, RIAU",56,45,167,212
https://kawalpemilu.org#15836,"LABUH BARU TIMUR, PAYUNG SEKAKI, KOTA PEKANBARU, RIAU",57,48,107,155
https://kawalpemilu.org#15836,"LABUH BARU TIMUR, PAYUNG SEKAKI, KOTA PEKANBARU, RIAU",58,41,112,153
https://kawalpemilu.org#15836,"LABUH BARU TIMUR, PAYUNG SEKAKI, KOTA PEKANBARU, RIAU",59,99,59,158
https://kawalpemilu.org#15836,"LABUH BARU TIMUR, PAYUNG SEKAKI, KOTA PEKANBARU, RIAU",60,109,46,155
https://kawalpemilu.org#15836,"LABUH BARU TIMUR, PAYUNG SEKAKI, KOTA PEKANBARU, RIAU",61,74,87,161
https://kawalpemilu.org#15836,"LABUH BARU TIMUR, PAYUNG SEKAKI, KOTA PEKANBARU, RIAU",62,81,96,177
https://kawalpemilu.org#15836,"LABUH BARU TIMUR, PAYUNG SEKAKI, KOTA PEKANBARU, RIAU",63,87,81,168
https://kawalpemilu.org#15836,"LABUH BARU TIMUR, PAYUNG SEKAKI, KOTA PEKANBARU, RIAU",64,17,150,167
https://kawalpemilu.org#15836,"LABUH BARU TIMUR, PAYUNG SEKAKI, KOTA PEKANBARU, RIAU",65,41,128,169
https://kawalpemilu.org#15836,"LABUH BARU TIMUR, PAYUNG SEKAKI, KOTA PEKANBARU, RIAU",66,28,114,142
https://kawalpemilu.org#15836,"LABUH BARU TIMUR, PAYUNG SEKAKI, KOTA PEKANBARU, RIAU",67,27,108,135
https://kawalpemilu.org#15836,"LABUH BARU TIMUR, PAYUNG SEKAKI, KOTA PEKANBARU, RIAU",68,22,136,158
https://kawalpemilu.org#15837,"LABUH BARU BARAT, PAYUNG SEKAKI, KOTA PEKANBARU, RIAU",1,134,129,263
https://kawalpemilu.org#15837,"LABUH BARU BARAT, PAYUNG SEKAKI, KOTA PEKANBARU, RIAU",2,146,126,272
https://kawalpemilu.org#15837,"LABUH BARU BARAT, PAYUNG SEKAKI, KOTA PEKANBARU, RIAU",3,154,64,218
https://kawalpemilu.org#15837,"LABUH BARU BARAT, PAYUNG SEKAKI, KOTA PEKANBARU, RIAU",4,85,65,150
https://kawalpemilu.org#15837,"LABUH BARU BARAT, PAYUNG SEKAKI, KOTA PEKANBARU, RIAU",5,41,122,163
https://kawalpemilu.org#15837,"LABUH BARU BARAT, PAYUNG SEKAKI, KOTA PEKANBARU, RIAU",6,67,140,207
https://kawalpemilu.org#15837,"LABUH BARU BARAT, PAYUNG SEKAKI, KOTA PEKANBARU, RIAU",7,49,145,195
https://kawalpemilu.org#15837,"LABUH BARU BARAT, PAYUNG SEKAKI, KOTA PEKANBARU, RIAU",8,29,167,196
https://kawalpemilu.org#15837,"LABUH BARU BARAT, PAYUNG SEKAKI, KOTA PEKANBARU, RIAU",9,66,200,266
https://kawalpemilu.org#15837,"LABUH BARU BARAT, PAYUNG SEKAKI, KOTA PEKANBARU, RIAU",10,64,108,172
https://kawalpemilu.org#15837,"LABUH BARU BARAT, PAYUNG SEKAKI, KOTA PEKANBARU, RIAU",11,154,27,181
https://kawalpemilu.org#15837,"LABUH BARU BARAT, PAYUNG SEKAKI, KOTA PEKANBARU, RIAU",12,133,14,147
https://kawalpemilu.org#15837,"LABUH BARU BARAT, PAYUNG SEKAKI, KOTA PEKANBARU, RIAU",13,142,79,221
https://kawalpemilu.org#15837,"LABUH BARU BARAT, PAYUNG SEKAKI, KOTA PEKANBARU, RIAU",14,107,49,156
https://kawalpemilu.org#15837,"LABUH BARU BARAT, PAYUNG SEKAKI, KOTA PEKANBARU, RIAU",15,91,189,280
https://kawalpemilu.org#15837,"LABUH BARU BARAT, PAYUNG SEKAKI, KOTA PEKANBARU, RIAU",16,74,137,211
https://kawalpemilu.org#15837,"LABUH BARU BARAT, PAYUNG SEKAKI, KOTA PEKANBARU, RIAU",17,61,90,151
https://kawalpemilu.org#15837,"LABUH BARU BARAT, PAYUNG SEKAKI, KOTA PEKANBARU, RIAU",18,85,140,225
https://kawalpemilu.org#15837,"LABUH BARU BARAT, PAYUNG SEKAKI, KOTA PEKANBARU, RIAU",19,80,116,196
https://kawalpemilu.org#15837,"LABUH BARU BARAT, PAYUNG SEKAKI, KOTA PEKANBARU, RIAU",20,59,75,134
https://kawalpemilu.org#15837,"LABUH BARU BARAT, PAYUNG SEKAKI, KOTA PEKANBARU, RIAU",21,129,118,247
https://kawalpemilu.org#15837,"LABUH BARU BARAT, PAYUNG SEKAKI, KOTA PEKANBARU, RIAU",22,85,88,173
https://kawalpemilu.org#15837,"LABUH BARU BARAT, PAYUNG SEKAKI, KOTA PEKANBARU, RIAU",23,75,62,137
https://kawalpemilu.org#15837,"LABUH BARU BARAT, PAYUNG SEKAKI, KOTA PEKANBARU, RIAU",24,50,100,150
https://kawalpemilu.org#15837,"LABUH BARU BARAT, PAYUNG SEKAKI, KOTA PEKANBARU, RIAU",25,24,166,190
https://kawalpemilu.org#15837,"LABUH BARU BARAT, PAYUNG SEKAKI, KOTA PEKANBARU, RIAU",26,12,184,196
https://kawalpemilu.org#15837,"LABUH BARU BARAT, PAYUNG SEKAKI, KOTA PEKANBARU, RIAU",27,35,202,237
https://kawalpemilu.org#15837,"LABUH BARU BARAT, PAYUNG SEKAKI, KOTA PEKANBARU, RIAU",28,37,95,132
https://kawalpemilu.org#15837,"LABUH BARU BARAT, PAYUNG SEKAKI, KOTA PEKANBARU, RIAU",29,46,132,178
https://kawalpemilu.org#15837,"LABUH BARU BARAT, PAYUNG SEKAKI, KOTA PEKANBARU, RIAU",30,84,100,184
https://kawalpemilu.org#15837,"LABUH BARU BARAT, PAYUNG SEKAKI, KOTA PEKANBARU, RIAU",31,162,54,216
https://kawalpemilu.org#15837,"LABUH BARU BARAT, PAYUNG SEKAKI, KOTA PEKANBARU, RIAU",32,256,15,271
https://kawalpemilu.org#15837,"LABUH BARU BARAT, PAYUNG SEKAKI, KOTA PEKANBARU, RIAU",33,50,119,169
https://kawalpemilu.org#15837,"LABUH BARU BARAT, PAYUNG SEKAKI, KOTA PEKANBARU, RIAU",34,65,163,228
https://kawalpemilu.org#15837,"LABUH BARU BARAT, PAYUNG SEKAKI, KOTA PEKANBARU, RIAU",35,96,135,231
https://kawalpemilu.org#15837,"LABUH BARU BARAT, PAYUNG SEKAKI, KOTA PEKANBARU, RIAU",36,77,80,157
https://kawalpemilu.org#15837,"LABUH BARU BARAT, PAYUNG SEKAKI, KOTA PEKANBARU, RIAU",37,142,106,248
https://kawalpemilu.org#15837,"LABUH BARU BARAT, PAYUNG SEKAKI, KOTA PEKANBARU, RIAU",38,36,185,221
https://kawalpemilu.org#15837,"LABUH BARU BARAT, PAYUNG SEKAKI, KOTA PEKANBARU, RIAU",39,139,3,142
https://kawalpemilu.org#15837,"LABUH BARU BARAT, PAYUNG SEKAKI, KOTA PEKANBARU, RIAU",40,87,13,100
https://kawalpemilu.org#15837,"LABUH BARU BARAT, PAYUNG SEKAKI, KOTA PEKANBARU, RIAU",41,81,67,148
https://kawalpemilu.org#15837,"LABUH BARU BARAT, PAYUNG SEKAKI, KOTA PEKANBARU, RIAU",42,25,112,137
https://kawalpemilu.org#15837,"LABUH BARU BARAT, PAYUNG SEKAKI, KOTA PEKANBARU, RIAU",43,21,141,162
https://kawalpemilu.org#15837,"LABUH BARU BARAT, PAYUNG SEKAKI, KOTA PEKANBARU, RIAU",44,93,55,148
https://kawalpemilu.org#15837,"LABUH BARU BARAT, PAYUNG SEKAKI, KOTA PEKANBARU, RIAU",45,80,78,158
https://kawalpemilu.org#15837,"LABUH BARU BARAT, PAYUNG SEKAKI, KOTA PEKANBARU, RIAU",46,149,23,172
https://kawalpemilu.org#15837,"LABUH BARU BARAT, PAYUNG SEKAKI, KOTA PEKANBARU, RIAU",47,77,109,186
https://kawalpemilu.org#15837,"LABUH BARU BARAT, PAYUNG SEKAKI, KOTA PEKANBARU, RIAU",48,85,46,131
https://kawalpemilu.org#15837,"LABUH BARU BARAT, PAYUNG SEKAKI, KOTA PEKANBARU, RIAU",49,59,76,135
https://kawalpemilu.org#15837,"LABUH BARU BARAT, PAYUNG SEKAKI, KOTA PEKANBARU, RIAU",50,93,200,293
https://kawalpemilu.org#15837,"LABUH BARU BARAT, PAYUNG SEKAKI, KOTA PEKANBARU, RIAU",51,14,135,149
https://kawalpemilu.org#15837,"LABUH BARU BARAT, PAYUNG SEKAKI, KOTA PEKANBARU, RIAU",52,38,62,100
https://kawalpemilu.org#15837,"LABUH BARU BARAT, PAYUNG SEKAKI, KOTA PEKANBARU, RIAU",53,89,95,184
https://kawalpemilu.org#15837,"LABUH BARU BARAT, PAYUNG SEKAKI, KOTA PEKANBARU, RIAU",54,43,103,146
https://kawalpemilu.org#15837,"LABUH BARU BARAT, PAYUNG SEKAKI, KOTA PEKANBARU, RIAU",55,98,69,167
https://kawalpemilu.org#15838,"AIR HITAM, PAYUNG SEKAKI, KOTA PEKANBARU, RIAU",1,110,63,173
https://kawalpemilu.org#15838,"AIR HITAM, PAYUNG SEKAKI, KOTA PEKANBARU, RIAU",2,69,79,148
https://kawalpemilu.org#15838,"AIR HITAM, PAYUNG SEKAKI, KOTA PEKANBARU, RIAU",3,128,74,202
https://kawalpemilu.org#15838,"AIR HITAM, PAYUNG SEKAKI, KOTA PEKANBARU, RIAU",4,141,41,182
https://kawalpemilu.org#15838,"AIR HITAM, PAYUNG SEKAKI, KOTA PEKANBARU, RIAU",5,183,36,219
https://kawalpemilu.org#15838,"AIR HITAM, PAYUNG SEKAKI, KOTA PEKANBARU, RIAU",6,157,31,188
https://kawalpemilu.org#15838,"AIR HITAM, PAYUNG SEKAKI, KOTA PEKANBARU, RIAU",7,50,108,158
https://kawalpemilu.org#15838,"AIR HITAM, PAYUNG SEKAKI, KOTA PEKANBARU, RIAU",8,109,20,129
https://kawalpemilu.org#15838,"AIR HITAM, PAYUNG SEKAKI, KOTA PEKANBARU, RIAU",9,111,51,162
https://kawalpemilu.org#15838,"AIR HITAM, PAYUNG SEKAKI, KOTA PEKANBARU, RIAU",10,50,136,186
https://kawalpemilu.org#15838,"AIR HITAM, PAYUNG SEKAKI, KOTA PEKANBARU, RIAU",11,113,75,188
https://kawalpemilu.org#15838,"AIR HITAM, PAYUNG SEKAKI, KOTA PEKANBARU, RIAU",12,209,66,275
https://kawalpemilu.org#15838,"AIR HITAM, PAYUNG SEKAKI, KOTA PEKANBARU, RIAU",13,132,69,201
https://kawalpemilu.org#15838,"AIR HITAM, PAYUNG SEKAKI, KOTA PEKANBARU, RIAU",14,170,18,188
https://kawalpemilu.org#15838,"AIR HITAM, PAYUNG SEKAKI, KOTA PEKANBARU, RIAU",15,124,129,253
https://kawalpemilu.org#15838,"AIR HITAM, PAYUNG SEKAKI, KOTA PEKANBARU, RIAU",16,178,85,263
https://kawalpemilu.org#15838,"AIR HITAM, PAYUNG SEKAKI, KOTA PEKANBARU, RIAU",17,106,33,139
https://kawalpemilu.org#15838,"AIR HITAM, PAYUNG SEKAKI, KOTA PEKANBARU, RIAU",18,127,31,158
https://kawalpemilu.org#931199,"TIRTASIAK, PAYUNG SEKAKI, KOTA PEKANBARU, RIAU",1,44,80,124
https://kawalpemilu.org#931199,"TIRTASIAK, PAYUNG SEKAKI, KOTA PEKANBARU, RIAU",2,26,132,158
https://kawalpemilu.org#931199,"TIRTASIAK, PAYUNG SEKAKI, KOTA PEKANBARU, RIAU",3,90,60,150
https://kawalpemilu.org#931199,"TIRTASIAK, PAYUNG SEKAKI, KOTA PEKANBARU, RIAU",4,56,210,266
https://kawalpemilu.org#931199,"TIRTASIAK, PAYUNG SEKAKI, KOTA PEKANBARU, RIAU",5,89,98,187
https://kawalpemilu.org#931199,"TIRTASIAK, PAYUNG SEKAKI, KOTA PEKANBARU, RIAU",6,93,156,249
https://kawalpemilu.org#931199,"TIRTASIAK, PAYUNG SEKAKI, KOTA PEKANBARU, RIAU",7,158,128,286
https://kawalpemilu.org#931199,"TIRTASIAK, PAYUNG SEKAKI, KOTA PEKANBARU, RIAU",8,81,200,281
https://kawalpemilu.org#931199,"TIRTASIAK, PAYUNG SEKAKI, KOTA PEKANBARU, RIAU",9,25,182,207
https://kawalpemilu.org#931199,"TIRTASIAK, PAYUNG SEKAKI, KOTA PEKANBARU, RIAU",10,54,117,171
https://kawalpemilu.org#931199,"TIRTASIAK, PAYUNG SEKAKI, KOTA PEKANBARU, RIAU",11,73,164,237
https://kawalpemilu.org#931199,"TIRTASIAK, PAYUNG SEKAKI, KOTA PEKANBARU, RIAU",12,57,136,193
https://kawalpemilu.org#931199,"TIRTASIAK, PAYUNG SEKAKI, KOTA PEKANBARU, RIAU",13,68,179,247
https://kawalpemilu.org#931199,"TIRTASIAK, PAYUNG SEKAKI, KOTA PEKANBARU, RIAU",14,207,45,252
https://kawalpemilu.org#931199,"TIRTASIAK, PAYUNG SEKAKI, KOTA PEKANBARU, RIAU",15,80,98,178
https://kawalpemilu.org#931199,"TIRTASIAK, PAYUNG SEKAKI, KOTA PEKANBARU, RIAU",16,77,91,168
https://kawalpemilu.org#931199,"TIRTASIAK, PAYUNG SEKAKI, KOTA PEKANBARU, RIAU",17,71,167,238
https://kawalpemilu.org#931199,"TIRTASIAK, PAYUNG SEKAKI, KOTA PEKANBARU, RIAU",18,21,184,205
https://kawalpemilu.org#931199,"TIRTASIAK, PAYUNG SEKAKI, KOTA PEKANBARU, RIAU",19,34,124,158
https://kawalpemilu.org#931199,"TIRTASIAK, PAYUNG SEKAKI, KOTA PEKANBARU, RIAU",20,24,162,186
https://kawalpemilu.org#931199,"TIRTASIAK, PAYUNG SEKAKI, KOTA PEKANBARU, RIAU",21,91,88,179
https://kawalpemilu.org#931199,"TIRTASIAK, PAYUNG SEKAKI, KOTA PEKANBARU, RIAU",22,81,181,262
https://kawalpemilu.org#931199,"TIRTASIAK, PAYUNG SEKAKI, KOTA PEKANBARU, RIAU",23,16,114,130
https://kawalpemilu.org#931199,"TIRTASIAK, PAYUNG SEKAKI, KOTA PEKANBARU, RIAU",24,20,190,210
https://kawalpemilu.org#931199,"TIRTASIAK, PAYUNG SEKAKI, KOTA PEKANBARU, RIAU",25,38,174,212
https://kawalpemilu.org#931199,"TIRTASIAK, PAYUNG SEKAKI, KOTA PEKANBARU, RIAU",26,37,111,148
https://kawalpemilu.org#931199,"TIRTASIAK, PAYUNG SEKAKI, KOTA PEKANBARU, RIAU",27,49,100,149
https://kawalpemilu.org#931199,"TIRTASIAK, PAYUNG SEKAKI, KOTA PEKANBARU, RIAU",28,82,93,175
https://kawalpemilu.org#931199,"TIRTASIAK, PAYUNG SEKAKI, KOTA PEKANBARU, RIAU",29,59,104,163
https://kawalpemilu.org#931199,"TIRTASIAK, PAYUNG SEKAKI, KOTA PEKANBARU, RIAU",30,222,35,257
https://kawalpemilu.org#931199,"TIRTASIAK, PAYUNG SEKAKI, KOTA PEKANBARU, RIAU",31,73,105,178
https://kawalpemilu.org#931199,"TIRTASIAK, PAYUNG SEKAKI, KOTA PEKANBARU, RIAU",32,80,89,169
https://kawalpemilu.org#931199,"TIRTASIAK, PAYUNG SEKAKI, KOTA PEKANBARU, RIAU",33,21,137,158
https://kawalpemilu.org#931201,"SUNGAISIBAM, PAYUNG SEKAKI, KOTA PEKANBARU, RIAU",1,85,61,146
https://kawalpemilu.org#931201,"SUNGAISIBAM, PAYUNG SEKAKI, KOTA PEKANBARU, RIAU",2,68,200,268
https://kawalpemilu.org#931201,"SUNGAISIBAM, PAYUNG SEKAKI, KOTA PEKANBARU, RIAU",3,39,143,182
https://kawalpemilu.org#931201,"SUNGAISIBAM, PAYUNG SEKAKI, KOTA PEKANBARU, RIAU",4,53,96,149
https://kawalpemilu.org#931201,"SUNGAISIBAM, PAYUNG SEKAKI, KOTA PEKANBARU, RIAU",5,65,49,114
https://kawalpemilu.org#931201,"SUNGAISIBAM, PAYUNG SEKAKI, KOTA PEKANBARU, RIAU",6,24,147,171
https://kawalpemilu.org#931201,"SUNGAISIBAM, PAYUNG SEKAKI, KOTA PEKANBARU, RIAU",7,45,61,106
https://kawalpemilu.org#931201,"SUNGAISIBAM, PAYUNG SEKAKI, KOTA PEKANBARU, RIAU",8,147,82,229
https://kawalpemilu.org#931201,"SUNGAISIBAM, PAYUNG SEKAKI, KOTA PEKANBARU, RIAU",9,93,182,275
https://kawalpemilu.org#931201,"SUNGAISIBAM, PAYUNG SEKAKI, KOTA PEKANBARU, RIAU",10,86,139,225
https://kawalpemilu.org#931201,"SUNGAISIBAM, PAYUNG SEKAKI, KOTA PEKANBARU, RIAU",11,78,163,141
https://kawalpemilu.org#931201,"SUNGAISIBAM, PAYUNG SEKAKI, KOTA PEKANBARU, RIAU",12,64,119,183
https://kawalpemilu.org#931201,"SUNGAISIBAM, PAYUNG SEKAKI, KOTA PEKANBARU, RIAU",13,78,72,150
https://kawalpemilu.org#931201,"SUNGAISIBAM, PAYUNG SEKAKI, KOTA PEKANBARU, RIAU",14,124,51,175
https://kawalpemilu.org#931201,"SUNGAISIBAM, PAYUNG SEKAKI, KOTA PEKANBARU, RIAU",15,110,114,224
https://kawalpemilu.org#931201,"SUNGAISIBAM, PAYUNG SEKAKI, KOTA PEKANBARU, RIAU",16,87,68,155
https://kawalpemilu.org#931202,"BANDARRAYA, PAYUNG SEKAKI, KOTA PEKANBARU, RIAU",1,76,134,210
https://kawalpemilu.org#931202,"BANDARRAYA, PAYUNG SEKAKI, KOTA PEKANBARU, RIAU",2,47,127,174
https://kawalpemilu.org#931202,"BANDARRAYA, PAYUNG SEKAKI, KOTA PEKANBARU, RIAU",3,105,93,198
https://kawalpemilu.org#931202,"BANDARRAYA, PAYUNG SEKAKI, KOTA PEKANBARU, RIAU",4,176,66,242
https://kawalpemilu.org#931202,"BANDARRAYA, PAYUNG SEKAKI, KOTA PEKANBARU, RIAU",5,104,81,185
https://kawalpemilu.org#931202,"BANDARRAYA, PAYUNG SEKAKI, KOTA PEKANBARU, RIAU",6,64,84,148
https://kawalpemilu.org#931202,"BANDARRAYA, PAYUNG SEKAKI, KOTA PEKANBARU, RIAU",7,114,34,148
https://kawalpemilu.org#931202,"BANDARRAYA, PAYUNG SEKAKI, KOTA PEKANBARU, RIAU",8,181,94,275
https://kawalpemilu.org#931202,"BANDARRAYA, PAYUNG SEKAKI, KOTA PEKANBARU, RIAU",9,174,98,272
https://kawalpemilu.org#931202,"BANDARRAYA, PAYUNG SEKAKI, KOTA PEKANBARU, RIAU",10,125,80,205
https://kawalpemilu.org#931202,"BANDARRAYA, PAYUNG SEKAKI, KOTA PEKANBARU, RIAU",11,228,70,298
https://kawalpemilu.org#931202,"BANDARRAYA, PAYUNG SEKAKI, KOTA PEKANBARU, RIAU",12,156,119,275
https://kawalpemilu.org#931202,"BANDARRAYA, PAYUNG SEKAKI, KOTA PEKANBARU, RIAU",13,47,140,187
https://kawalpemilu.org#931202,"BANDARRAYA, PAYUNG SEKAKI, KOTA PEKANBARU, RIAU",14,86,187,273
https://kawalpemilu.org#931202,"BANDARRAYA, PAYUNG SEKAKI, KOTA PEKANBARU, RIAU",15,112,81,193
https://kawalpemilu.org#931202,"BANDARRAYA, PAYUNG SEKAKI, KOTA PEKANBARU, RIAU",16,129,57,186
https://kawalpemilu.org#931202,"BANDARRAYA, PAYUNG SEKAKI, KOTA PEKANBARU, RIAU",17,78,160,238
https://kawalpemilu.org#931202,"BANDARRAYA, PAYUNG SEKAKI, KOTA PEKANBARU, RIAU",18,234,65,299
https://kawalpemilu.org#931202,"BANDARRAYA, PAYUNG SEKAKI, KOTA PEKANBARU, RIAU",19,65,168,233
https://kawalpemilu.org#931202,"BANDARRAYA, PAYUNG SEKAKI, KOTA PEKANBARU, RIAU",20,61,84,145
https://kawalpemilu.org#931202,"BANDARRAYA, PAYUNG SEKAKI, KOTA PEKANBARU, RIAU",21,89,95,184
https://kawalpemilu.org#931202,"BANDARRAYA, PAYUNG SEKAKI, KOTA PEKANBARU, RIAU",22,58,81,139
https://kawalpemilu.org#931202,"BANDARRAYA, PAYUNG SEKAKI, KOTA PEKANBARU, RIAU",23,111,41,152
https://kawalpemilu.org#15840,"MERANTI PANDAK, RUMBAI PESISIR, KOTA PEKANBARU, RIAU",1,39,236,275
https://kawalpemilu.org#15840,"MERANTI PANDAK, RUMBAI PESISIR, KOTA PEKANBARU, RIAU",2,44,129,173
https://kawalpemilu.org#15840,"MERANTI PANDAK, RUMBAI PESISIR, KOTA PEKANBARU, RIAU",3,35,115,150
https://kawalpemilu.org#15840,"MERANTI PANDAK, RUMBAI PESISIR, KOTA PEKANBARU, RIAU",4,28,127,155
https://kawalpemilu.org#15840,"MERANTI PANDAK, RUMBAI PESISIR, KOTA PEKANBARU, RIAU",5,23,173,196
https://kawalpemilu.org#15840,"MERANTI PANDAK, RUMBAI PESISIR, KOTA PEKANBARU, RIAU",6,31,152,183
https://kawalpemilu.org#15840,"MERANTI PANDAK, RUMBAI PESISIR, KOTA PEKANBARU, RIAU",7,31,193,224
https://kawalpemilu.org#15840,"MERANTI PANDAK, RUMBAI PESISIR, KOTA PEKANBARU, RIAU",8,16,220,236
https://kawalpemilu.org#15840,"MERANTI PANDAK, RUMBAI PESISIR, KOTA PEKANBARU, RIAU",9,18,219,237
https://kawalpemilu.org#15840,"MERANTI PANDAK, RUMBAI PESISIR, KOTA PEKANBARU, RIAU",10,28,258,286
https://kawalpemilu.org#15840,"MERANTI PANDAK, RUMBAI PESISIR, KOTA PEKANBARU, RIAU",11,23,162,185
https://kawalpemilu.org#15840,"MERANTI PANDAK, RUMBAI PESISIR, KOTA PEKANBARU, RIAU",12,42,183,225
https://kawalpemilu.org#15840,"MERANTI PANDAK, RUMBAI PESISIR, KOTA PEKANBARU, RIAU",13,30,174,204
https://kawalpemilu.org#15840,"MERANTI PANDAK, RUMBAI PESISIR, KOTA PEKANBARU, RIAU",14,20,170,190
https://kawalpemilu.org#15840,"MERANTI PANDAK, RUMBAI PESISIR, KOTA PEKANBARU, RIAU",15,21,170,191
https://kawalpemilu.org#15840,"MERANTI PANDAK, RUMBAI PESISIR, KOTA PEKANBARU, RIAU",16,16,100,116
https://kawalpemilu.org#15840,"MERANTI PANDAK, RUMBAI PESISIR, KOTA PEKANBARU, RIAU",17,27,213,240
https://kawalpemilu.org#15840,"MERANTI PANDAK, RUMBAI PESISIR, KOTA PEKANBARU, RIAU",18,39,181,220
https://kawalpemilu.org#15840,"MERANTI PANDAK, RUMBAI PESISIR, KOTA PEKANBARU, RIAU",19,31,196,227
https://kawalpemilu.org#15840,"MERANTI PANDAK, RUMBAI PESISIR, KOTA PEKANBARU, RIAU",20,57,208,265
https://kawalpemilu.org#15840,"MERANTI PANDAK, RUMBAI PESISIR, KOTA PEKANBARU, RIAU",21,13,210,223
https://kawalpemilu.org#15840,"MERANTI PANDAK, RUMBAI PESISIR, KOTA PEKANBARU, RIAU",22,28,155,183
https://kawalpemilu.org#15840,"MERANTI PANDAK, RUMBAI PESISIR, KOTA PEKANBARU, RIAU",23,57,208,265
https://kawalpemilu.org#15840,"MERANTI PANDAK, RUMBAI PESISIR, KOTA PEKANBARU, RIAU",24,81,96,177
https://kawalpemilu.org#15840,"MERANTI PANDAK, RUMBAI PESISIR, KOTA PEKANBARU, RIAU",25,16,139,155
https://kawalpemilu.org#15840,"MERANTI PANDAK, RUMBAI PESISIR, KOTA PEKANBARU, RIAU",26,34,121,155
https://kawalpemilu.org#15840,"MERANTI PANDAK, RUMBAI PESISIR, KOTA PEKANBARU, RIAU",27,18,157,175
https://kawalpemilu.org#15840,"MERANTI PANDAK, RUMBAI PESISIR, KOTA PEKANBARU, RIAU",28,21,157,178
https://kawalpemilu.org#15840,"MERANTI PANDAK, RUMBAI PESISIR, KOTA PEKANBARU, RIAU",29,15,178,193
https://kawalpemilu.org#15840,"MERANTI PANDAK, RUMBAI PESISIR, KOTA PEKANBARU, RIAU",30,35,141,176
https://kawalpemilu.org#15840,"MERANTI PANDAK, RUMBAI PESISIR, KOTA PEKANBARU, RIAU",31,16,177,193
https://kawalpemilu.org#15840,"MERANTI PANDAK, RUMBAI PESISIR, KOTA PEKANBARU, RIAU",32,19,152,171
https://kawalpemilu.org#15840,"MERANTI PANDAK, RUMBAI PESISIR, KOTA PEKANBARU, RIAU",33,23,167,190
https://kawalpemilu.org#15841,"LIMBUNGAN, RUMBAI PESISIR, KOTA PEKANBARU, RIAU",1,12,131,143
https://kawalpemilu.org#15841,"LIMBUNGAN, RUMBAI PESISIR, KOTA PEKANBARU, RIAU",2,12,122,134
https://kawalpemilu.org#15841,"LIMBUNGAN, RUMBAI PESISIR, KOTA PEKANBARU, RIAU",3,23,171,194
https://kawalpemilu.org#15841,"LIMBUNGAN, RUMBAI PESISIR, KOTA PEKANBARU, RIAU",4,14,150,164
https://kawalpemilu.org#15841,"LIMBUNGAN, RUMBAI PESISIR, KOTA PEKANBARU, RIAU",5,13,163,176
https://kawalpemilu.org#15841,"LIMBUNGAN, RUMBAI PESISIR, KOTA PEKANBARU, RIAU",6,17,212,229
https://kawalpemilu.org#15841,"LIMBUNGAN, RUMBAI PESISIR, KOTA PEKANBARU, RIAU",7,28,222,250
https://kawalpemilu.org#15841,"LIMBUNGAN, RUMBAI PESISIR, KOTA PEKANBARU, RIAU",8,21,199,220
https://kawalpemilu.org#15841,"LIMBUNGAN, RUMBAI PESISIR, KOTA PEKANBARU, RIAU",9,20,139,159
https://kawalpemilu.org#15841,"LIMBUNGAN, RUMBAI PESISIR, KOTA PEKANBARU, RIAU",10,26,132,158
https://kawalpemilu.org#15841,"LIMBUNGAN, RUMBAI PESISIR, KOTA PEKANBARU, RIAU",11,17,138,155
https://kawalpemilu.org#15841,"LIMBUNGAN, RUMBAI PESISIR, KOTA PEKANBARU, RIAU",12,34,140,174
https://kawalpemilu.org#15841,"LIMBUNGAN, RUMBAI PESISIR, KOTA PEKANBARU, RIAU",13,41,125,166
https://kawalpemilu.org#15841,"LIMBUNGAN, RUMBAI PESISIR, KOTA PEKANBARU, RIAU",14,20,119,139
https://kawalpemilu.org#15841,"LIMBUNGAN, RUMBAI PESISIR, KOTA PEKANBARU, RIAU",15,23,125,148
https://kawalpemilu.org#15841,"LIMBUNGAN, RUMBAI PESISIR, KOTA PEKANBARU, RIAU",16,21,259,280
https://kawalpemilu.org#15841,"LIMBUNGAN, RUMBAI PESISIR, KOTA PEKANBARU, RIAU",17,22,141,163
https://kawalpemilu.org#15841,"LIMBUNGAN, RUMBAI PESISIR, KOTA PEKANBARU, RIAU",18,23,127,150
https://kawalpemilu.org#15841,"LIMBUNGAN, RUMBAI PESISIR, KOTA PEKANBARU, RIAU",19,30,131,161
https://kawalpemilu.org#15841,"LIMBUNGAN, RUMBAI PESISIR, KOTA PEKANBARU, RIAU",20,39,158,197
https://kawalpemilu.org#15841,"LIMBUNGAN, RUMBAI PESISIR, KOTA PEKANBARU, RIAU",21,50,162,212
https://kawalpemilu.org#15841,"LIMBUNGAN, RUMBAI PESISIR, KOTA PEKANBARU, RIAU",22,15,119,134
https://kawalpemilu.org#15841,"LIMBUNGAN, RUMBAI PESISIR, KOTA PEKANBARU, RIAU",23,13,109,122
https://kawalpemilu.org#15841,"LIMBUNGAN, RUMBAI PESISIR, KOTA PEKANBARU, RIAU",24,23,162,185
https://kawalpemilu.org#15841,"LIMBUNGAN, RUMBAI PESISIR, KOTA PEKANBARU, RIAU",25,36,87,123
https://kawalpemilu.org#15841,"LIMBUNGAN, RUMBAI PESISIR, KOTA PEKANBARU, RIAU",26,35,195,230
https://kawalpemilu.org#15841,"LIMBUNGAN, RUMBAI PESISIR, KOTA PEKANBARU, RIAU",27,45,123,168
https://kawalpemilu.org#15841,"LIMBUNGAN, RUMBAI PESISIR, KOTA PEKANBARU, RIAU",28,33,157,190
https://kawalpemilu.org#15841,"LIMBUNGAN, RUMBAI PESISIR, KOTA PEKANBARU, RIAU",29,24,154,178
https://kawalpemilu.org#15841,"LIMBUNGAN, RUMBAI PESISIR, KOTA PEKANBARU, RIAU",30,42,113,155
https://kawalpemilu.org#15841,"LIMBUNGAN, RUMBAI PESISIR, KOTA PEKANBARU, RIAU",31,19,190,209
https://kawalpemilu.org#15841,"LIMBUNGAN, RUMBAI PESISIR, KOTA PEKANBARU, RIAU",32,36,216,252
https://kawalpemilu.org#15841,"LIMBUNGAN, RUMBAI PESISIR, KOTA PEKANBARU, RIAU",33,16,110,126
https://kawalpemilu.org#15841,"LIMBUNGAN, RUMBAI PESISIR, KOTA PEKANBARU, RIAU",34,28,181,209
https://kawalpemilu.org#15841,"LIMBUNGAN, RUMBAI PESISIR, KOTA PEKANBARU, RIAU",35,24,140,164
https://kawalpemilu.org#15841,"LIMBUNGAN, RUMBAI PESISIR, KOTA PEKANBARU, RIAU",36,75,155,230
https://kawalpemilu.org#15841,"LIMBUNGAN, RUMBAI PESISIR, KOTA PEKANBARU, RIAU",37,15,141,156
https://kawalpemilu.org#15841,"LIMBUNGAN, RUMBAI PESISIR, KOTA PEKANBARU, RIAU",38,9,108,117
https://kawalpemilu.org#15841,"LIMBUNGAN, RUMBAI PESISIR, KOTA PEKANBARU, RIAU",39,13,86,99
https://kawalpemilu.org#15841,"LIMBUNGAN, RUMBAI PESISIR, KOTA PEKANBARU, RIAU",40,22,150,172
https://kawalpemilu.org#15842,"LEMBAH SARI, RUMBAI PESISIR, KOTA PEKANBARU, RIAU",1,18,183,201
https://kawalpemilu.org#15842,"LEMBAH SARI, RUMBAI PESISIR, KOTA PEKANBARU, RIAU",2,12,137,149
https://kawalpemilu.org#15842,"LEMBAH SARI, RUMBAI PESISIR, KOTA PEKANBARU, RIAU",3,29,189,218
https://kawalpemilu.org#15842,"LEMBAH SARI, RUMBAI PESISIR, KOTA PEKANBARU, RIAU",4,25,189,214
https://kawalpemilu.org#15842,"LEMBAH SARI, RUMBAI PESISIR, KOTA PEKANBARU, RIAU",5,16,203,219
https://kawalpemilu.org#15842,"LEMBAH SARI, RUMBAI PESISIR, KOTA PEKANBARU, RIAU",6,67,149,216
https://kawalpemilu.org#15842,"LEMBAH SARI, RUMBAI PESISIR, KOTA PEKANBARU, RIAU",7,23,180,203
https://kawalpemilu.org#15842,"LEMBAH SARI, RUMBAI PESISIR, KOTA PEKANBARU, RIAU",8,43,219,262
https://kawalpemilu.org#15842,"LEMBAH SARI, RUMBAI PESISIR, KOTA PEKANBARU, RIAU",9,34,195,229
https://kawalpemilu.org#15842,"LEMBAH SARI, RUMBAI PESISIR, KOTA PEKANBARU, RIAU",10,60,170,230
https://kawalpemilu.org#15842,"LEMBAH SARI, RUMBAI PESISIR, KOTA PEKANBARU, RIAU",11,31,157,188
https://kawalpemilu.org#15842,"LEMBAH SARI, RUMBAI PESISIR, KOTA PEKANBARU, RIAU",12,33,169,202
https://kawalpemilu.org#15842,"LEMBAH SARI, RUMBAI PESISIR, KOTA PEKANBARU, RIAU",13,39,151,190
https://kawalpemilu.org#15842,"LEMBAH SARI, RUMBAI PESISIR, KOTA PEKANBARU, RIAU",14,22,205,227
https://kawalpemilu.org#15842,"LEMBAH SARI, RUMBAI PESISIR, KOTA PEKANBARU, RIAU",15,30,145,175
https://kawalpemilu.org#15842,"LEMBAH SARI, RUMBAI PESISIR, KOTA PEKANBARU, RIAU",16,39,177,216
https://kawalpemilu.org#15842,"LEMBAH SARI, RUMBAI PESISIR, KOTA PEKANBARU, RIAU",17,42,148,190
https://kawalpemilu.org#15842,"LEMBAH SARI, RUMBAI PESISIR, KOTA PEKANBARU, RIAU",18,51,152,203
https://kawalpemilu.org#15842,"LEMBAH SARI, RUMBAI PESISIR, KOTA PEKANBARU, RIAU",19,20,183,203
https://kawalpemilu.org#15842,"LEMBAH SARI, RUMBAI PESISIR, KOTA PEKANBARU, RIAU",20,24,157,181
https://kawalpemilu.org#15842,"LEMBAH SARI, RUMBAI PESISIR, KOTA PEKANBARU, RIAU",21,30,154,184
https://kawalpemilu.org#15842,"LEMBAH SARI, RUMBAI PESISIR, KOTA PEKANBARU, RIAU",22,36,155,191
https://kawalpemilu.org#15842,"LEMBAH SARI, RUMBAI PESISIR, KOTA PEKANBARU, RIAU",23,28,198,226
https://kawalpemilu.org#15842,"LEMBAH SARI, RUMBAI PESISIR, KOTA PEKANBARU, RIAU",24,60,160,220
https://kawalpemilu.org#15842,"LEMBAH SARI, RUMBAI PESISIR, KOTA PEKANBARU, RIAU",25,21,155,176
https://kawalpemilu.org#15842,"LEMBAH SARI, RUMBAI PESISIR, KOTA PEKANBARU, RIAU",26,43,129,172
https://kawalpemilu.org#15842,"LEMBAH SARI, RUMBAI PESISIR, KOTA PEKANBARU, RIAU",27,32,137,169
https://kawalpemilu.org#15842,"LEMBAH SARI, RUMBAI PESISIR, KOTA PEKANBARU, RIAU",28,27,182,209
https://kawalpemilu.org#15842,"LEMBAH SARI, RUMBAI PESISIR, KOTA PEKANBARU, RIAU",29,23,190,213
https://kawalpemilu.org#15842,"LEMBAH SARI, RUMBAI PESISIR, KOTA PEKANBARU, RIAU",30,39,192,231
https://kawalpemilu.org#15842,"LEMBAH SARI, RUMBAI PESISIR, KOTA PEKANBARU, RIAU",31,33,220,253
https://kawalpemilu.org#15842,"LEMBAH SARI, RUMBAI PESISIR, KOTA PEKANBARU, RIAU",32,27,137,164
https://kawalpemilu.org#15842,"LEMBAH SARI, RUMBAI PESISIR, KOTA PEKANBARU, RIAU",33,18,153,171
https://kawalpemilu.org#15842,"LEMBAH SARI, RUMBAI PESISIR, KOTA PEKANBARU, RIAU",34,19,140,159
https://kawalpemilu.org#15842,"LEMBAH SARI, RUMBAI PESISIR, KOTA PEKANBARU, RIAU",35,41,152,193
https://kawalpemilu.org#15842,"LEMBAH SARI, RUMBAI PESISIR, KOTA PEKANBARU, RIAU",36,25,116,141
https://kawalpemilu.org#15842,"LEMBAH SARI, RUMBAI PESISIR, KOTA PEKANBARU, RIAU",37,19,143,162
https://kawalpemilu.org#15843,"LEMBAH DAMAI, RUMBAI PESISIR, KOTA PEKANBARU, RIAU",1,43,244,287
https://kawalpemilu.org#15843,"LEMBAH DAMAI, RUMBAI PESISIR, KOTA PEKANBARU, RIAU",2,22,240,262
https://kawalpemilu.org#15843,"LEMBAH DAMAI, RUMBAI PESISIR, KOTA PEKANBARU, RIAU",3,99,142,241
https://kawalpemilu.org#15843,"LEMBAH DAMAI, RUMBAI PESISIR, KOTA PEKANBARU, RIAU",4,180,42,222
https://kawalpemilu.org#15843,"LEMBAH DAMAI, RUMBAI PESISIR, KOTA PEKANBARU, RIAU",5,103,126,229
https://kawalpemilu.org#15843,"LEMBAH DAMAI, RUMBAI PESISIR, KOTA PEKANBARU, RIAU",6,108,118,226
https://kawalpemilu.org#15843,"LEMBAH DAMAI, RUMBAI PESISIR, KOTA PEKANBARU, RIAU",7,50,69,119
https://kawalpemilu.org#15843,"LEMBAH DAMAI, RUMBAI PESISIR, KOTA PEKANBARU, RIAU",8,41,233,274
https://kawalpemilu.org#15843,"LEMBAH DAMAI, RUMBAI PESISIR, KOTA PEKANBARU, RIAU",9,23,240,263
https://kawalpemilu.org#15843,"LEMBAH DAMAI, RUMBAI PESISIR, KOTA PEKANBARU, RIAU",10,36,234,270
https://kawalpemilu.org#15843,"LEMBAH DAMAI, RUMBAI PESISIR, KOTA PEKANBARU, RIAU",11,16,143,159
https://kawalpemilu.org#15843,"LEMBAH DAMAI, RUMBAI PESISIR, KOTA PEKANBARU, RIAU",12,21,151,172
https://kawalpemilu.org#15843,"LEMBAH DAMAI, RUMBAI PESISIR, KOTA PEKANBARU, RIAU",13,165,104,269
https://kawalpemilu.org#15843,"LEMBAH DAMAI, RUMBAI PESISIR, KOTA PEKANBARU, RIAU",14,9,232,241
https://kawalpemilu.org#15843,"LEMBAH DAMAI, RUMBAI PESISIR, KOTA PEKANBARU, RIAU",15,62,221,283
https://kawalpemilu.org#15843,"LEMBAH DAMAI, RUMBAI PESISIR, KOTA PEKANBARU, RIAU",16,11,216,227
https://kawalpemilu.org#15843,"LEMBAH DAMAI, RUMBAI PESISIR, KOTA PEKANBARU, RIAU",17,25,259,284
https://kawalpemilu.org#15843,"LEMBAH DAMAI, RUMBAI PESISIR, KOTA PEKANBARU, RIAU",18,15,223,238
https://kawalpemilu.org#15843,"LEMBAH DAMAI, RUMBAI PESISIR, KOTA PEKANBARU, RIAU",19,18,206,224
https://kawalpemilu.org#15843,"LEMBAH DAMAI, RUMBAI PESISIR, KOTA PEKANBARU, RIAU",20,3,135,138
https://kawalpemilu.org#15844,"LIMBUNGAN BARU, RUMBAI PESISIR, KOTA PEKANBARU, RIAU",1,48,189,237
https://kawalpemilu.org#15844,"LIMBUNGAN BARU, RUMBAI PESISIR, KOTA PEKANBARU, RIAU",2,29,253,282
https://kawalpemilu.org#15844,"LIMBUNGAN BARU, RUMBAI PESISIR, KOTA PEKANBARU, RIAU",3,39,153,192
https://kawalpemilu.org#15844,"LIMBUNGAN BARU, RUMBAI PESISIR, KOTA PEKANBARU, RIAU",4,39,143,182
https://kawalpemilu.org#15844,"LIMBUNGAN BARU, RUMBAI PESISIR, KOTA PEKANBARU, RIAU",5,20,150,170
https://kawalpemilu.org#15844,"LIMBUNGAN BARU, RUMBAI PESISIR, KOTA PEKANBARU, RIAU",6,14,150,164
https://kawalpemilu.org#15844,"LIMBUNGAN BARU, RUMBAI PESISIR, KOTA PEKANBARU, RIAU",7,17,173,190
https://kawalpemilu.org#15844,"LIMBUNGAN BARU, RUMBAI PESISIR, KOTA PEKANBARU, RIAU",8,32,181,213
https://kawalpemilu.org#15844,"LIMBUNGAN BARU, RUMBAI PESISIR, KOTA PEKANBARU, RIAU",9,47,112,159
https://kawalpemilu.org#15844,"LIMBUNGAN BARU, RUMBAI PESISIR, KOTA PEKANBARU, RIAU",10,24,176,200
https://kawalpemilu.org#15844,"LIMBUNGAN BARU, RUMBAI PESISIR, KOTA PEKANBARU, RIAU",11,27,180,207
https://kawalpemilu.org#15844,"LIMBUNGAN BARU, RUMBAI PESISIR, KOTA PEKANBARU, RIAU",12,45,136,181
https://kawalpemilu.org#15844,"LIMBUNGAN BARU, RUMBAI PESISIR, KOTA PEKANBARU, RIAU",13,128,121,249
https://kawalpemilu.org#15844,"LIMBUNGAN BARU, RUMBAI PESISIR, KOTA PEKANBARU, RIAU",14,59,194,253
https://kawalpemilu.org#15844,"LIMBUNGAN BARU, RUMBAI PESISIR, KOTA PEKANBARU, RIAU",15,52,161,213
https://kawalpemilu.org#15844,"LIMBUNGAN BARU, RUMBAI PESISIR, KOTA PEKANBARU, RIAU",16,74,104,178
https://kawalpemilu.org#15844,"LIMBUNGAN BARU, RUMBAI PESISIR, KOTA PEKANBARU, RIAU",17,51,194,245
https://kawalpemilu.org#15844,"LIMBUNGAN BARU, RUMBAI PESISIR, KOTA PEKANBARU, RIAU",18,86,111,197
https://kawalpemilu.org#15844,"LIMBUNGAN BARU, RUMBAI PESISIR, KOTA PEKANBARU, RIAU",19,50,123,173
https://kawalpemilu.org#15844,"LIMBUNGAN BARU, RUMBAI PESISIR, KOTA PEKANBARU, RIAU",20,65,111,176
https://kawalpemilu.org#15844,"LIMBUNGAN BARU, RUMBAI PESISIR, KOTA PEKANBARU, RIAU",21,74,145,219
https://kawalpemilu.org#15844,"LIMBUNGAN BARU, RUMBAI PESISIR, KOTA PEKANBARU, RIAU",22,38,147,185
https://kawalpemilu.org#15844,"LIMBUNGAN BARU, RUMBAI PESISIR, KOTA PEKANBARU, RIAU",23,43,140,183
https://kawalpemilu.org#15844,"LIMBUNGAN BARU, RUMBAI PESISIR, KOTA PEKANBARU, RIAU",24,66,93,159
https://kawalpemilu.org#15844,"LIMBUNGAN BARU, RUMBAI PESISIR, KOTA PEKANBARU, RIAU",25,45,225,270
https://kawalpemilu.org#15844,"LIMBUNGAN BARU, RUMBAI PESISIR, KOTA PEKANBARU, RIAU",26,54,153,207
https://kawalpemilu.org#15844,"LIMBUNGAN BARU, RUMBAI PESISIR, KOTA PEKANBARU, RIAU",27,43,174,217
https://kawalpemilu.org#15844,"LIMBUNGAN BARU, RUMBAI PESISIR, KOTA PEKANBARU, RIAU",28,56,208,264
https://kawalpemilu.org#15844,"LIMBUNGAN BARU, RUMBAI PESISIR, KOTA PEKANBARU, RIAU",29,13,119,132
https://kawalpemilu.org#15844,"LIMBUNGAN BARU, RUMBAI PESISIR, KOTA PEKANBARU, RIAU",30,33,120,153
https://kawalpemilu.org#15844,"LIMBUNGAN BARU, RUMBAI PESISIR, KOTA PEKANBARU, RIAU",31,24,191,215
https://kawalpemilu.org#15844,"LIMBUNGAN BARU, RUMBAI PESISIR, KOTA PEKANBARU, RIAU",32,29,94,123
https://kawalpemilu.org#15844,"LIMBUNGAN BARU, RUMBAI PESISIR, KOTA PEKANBARU, RIAU",33,51,114,165
https://kawalpemilu.org#15844,"LIMBUNGAN BARU, RUMBAI PESISIR, KOTA PEKANBARU, RIAU",34,31,129,160
https://kawalpemilu.org#15844,"LIMBUNGAN BARU, RUMBAI PESISIR, KOTA PEKANBARU, RIAU",35,35,125,160
https://kawalpemilu.org#15844,"LIMBUNGAN BARU, RUMBAI PESISIR, KOTA PEKANBARU, RIAU",36,40,160,200
https://kawalpemilu.org#15844,"LIMBUNGAN BARU, RUMBAI PESISIR, KOTA PEKANBARU, RIAU",37,25,104,129
https://kawalpemilu.org#15844,"LIMBUNGAN BARU, RUMBAI PESISIR, KOTA PEKANBARU, RIAU",38,43,114,157
https://kawalpemilu.org#15844,"LIMBUNGAN BARU, RUMBAI PESISIR, KOTA PEKANBARU, RIAU",39,32,124,156
https://kawalpemilu.org#15844,"LIMBUNGAN BARU, RUMBAI PESISIR, KOTA PEKANBARU, RIAU",40,16,128,144
https://kawalpemilu.org#15844,"LIMBUNGAN BARU, RUMBAI PESISIR, KOTA PEKANBARU, RIAU",41,17,144,161
https://kawalpemilu.org#15844,"LIMBUNGAN BARU, RUMBAI PESISIR, KOTA PEKANBARU, RIAU",42,33,136,169
https://kawalpemilu.org#15844,"LIMBUNGAN BARU, RUMBAI PESISIR, KOTA PEKANBARU, RIAU",43,39,121,160
https://kawalpemilu.org#15844,"LIMBUNGAN BARU, RUMBAI PESISIR, KOTA PEKANBARU, RIAU",44,27,231,258
https://kawalpemilu.org#15844,"LIMBUNGAN BARU, RUMBAI PESISIR, KOTA PEKANBARU, RIAU",45,34,142,176
https://kawalpemilu.org#15844,"LIMBUNGAN BARU, RUMBAI PESISIR, KOTA PEKANBARU, RIAU",46,33,155,188
https://kawalpemilu.org#15844,"LIMBUNGAN BARU, RUMBAI PESISIR, KOTA PEKANBARU, RIAU",47,29,133,162
https://kawalpemilu.org#15844,"LIMBUNGAN BARU, RUMBAI PESISIR, KOTA PEKANBARU, RIAU",48,51,117,168
https://kawalpemilu.org#15844,"LIMBUNGAN BARU, RUMBAI PESISIR, KOTA PEKANBARU, RIAU",49,96,101,197
https://kawalpemilu.org#15844,"LIMBUNGAN BARU, RUMBAI PESISIR, KOTA PEKANBARU, RIAU",50,42,161,203
https://kawalpemilu.org#15844,"LIMBUNGAN BARU, RUMBAI PESISIR, KOTA PEKANBARU, RIAU",51,61,146,207
https://kawalpemilu.org#15844,"LIMBUNGAN BARU, RUMBAI PESISIR, KOTA PEKANBARU, RIAU",52,42,89,131
https://kawalpemilu.org#15844,"LIMBUNGAN BARU, RUMBAI PESISIR, KOTA PEKANBARU, RIAU",53,16,137,153
https://kawalpemilu.org#15844,"LIMBUNGAN BARU, RUMBAI PESISIR, KOTA PEKANBARU, RIAU",54,24,101,125
https://kawalpemilu.org#15844,"LIMBUNGAN BARU, RUMBAI PESISIR, KOTA PEKANBARU, RIAU",55,48,170,218
https://kawalpemilu.org#15844,"LIMBUNGAN BARU, RUMBAI PESISIR, KOTA PEKANBARU, RIAU",56,34,151,185
https://kawalpemilu.org#15844,"LIMBUNGAN BARU, RUMBAI PESISIR, KOTA PEKANBARU, RIAU",57,76,155,231
https://kawalpemilu.org#15844,"LIMBUNGAN BARU, RUMBAI PESISIR, KOTA PEKANBARU, RIAU",58,19,144,163
https://kawalpemilu.org#15844,"LIMBUNGAN BARU, RUMBAI PESISIR, KOTA PEKANBARU, RIAU",59,23,142,165
https://kawalpemilu.org#15844,"LIMBUNGAN BARU, RUMBAI PESISIR, KOTA PEKANBARU, RIAU",60,27,121,148
https://kawalpemilu.org#15845,"TEBING TINGGI OKURA, RUMBAI PESISIR, KOTA PEKANBARU, RIAU",1,94,132,226
https://kawalpemilu.org#15845,"TEBING TINGGI OKURA, RUMBAI PESISIR, KOTA PEKANBARU, RIAU",2,133,122,255
https://kawalpemilu.org#15845,"TEBING TINGGI OKURA, RUMBAI PESISIR, KOTA PEKANBARU, RIAU",3,56,101,157
https://kawalpemilu.org#15845,"TEBING TINGGI OKURA, RUMBAI PESISIR, KOTA PEKANBARU, RIAU",4,51,79,130
https://kawalpemilu.org#15845,"TEBING TINGGI OKURA, RUMBAI PESISIR, KOTA PEKANBARU, RIAU",5,40,211,251
https://kawalpemilu.org#15845,"TEBING TINGGI OKURA, RUMBAI PESISIR, KOTA PEKANBARU, RIAU",6,21,135,156
https://kawalpemilu.org#15845,"TEBING TINGGI OKURA, RUMBAI PESISIR, KOTA PEKANBARU, RIAU",7,26,142,168
https://kawalpemilu.org#15845,"TEBING TINGGI OKURA, RUMBAI PESISIR, KOTA PEKANBARU, RIAU",8,19,28,47
https://kawalpemilu.org#931204,"SUNGAIAMBANG, RUMBAI PESISIR, KOTA PEKANBARU, RIAU",1,46,108,154
https://kawalpemilu.org#931204,"SUNGAIAMBANG, RUMBAI PESISIR, KOTA PEKANBARU, RIAU",2,81,55,136
https://kawalpemilu.org#931204,"SUNGAIAMBANG, RUMBAI PESISIR, KOTA PEKANBARU, RIAU",3,41,25,66
https://kawalpemilu.org#931204,"SUNGAIAMBANG, RUMBAI PESISIR, KOTA PEKANBARU, RIAU",4,66,101,167
https://kawalpemilu.org#931205,"SUNGAIUKAI, RUMBAI PESISIR, KOTA PEKANBARU, RIAU",1,122,48,170
https://kawalpemilu.org#931205,"SUNGAIUKAI, RUMBAI PESISIR, KOTA PEKANBARU, RIAU",2,157,44,201
https://kawalpemilu.org#931205,"SUNGAIUKAI, RUMBAI PESISIR, KOTA PEKANBARU, RIAU",3,147,60,207
https://kawalpemilu.org#931205,"SUNGAIUKAI, RUMBAI PESISIR, KOTA PEKANBARU, RIAU",4,193,13,206
https://kawalpemilu.org#931205,"SUNGAIUKAI, RUMBAI PESISIR, KOTA PEKANBARU, RIAU",5,133,67,200
https://kawalpemilu.org#15850,"PANGKALAN SESAI, DUMAI BARAT, KOTA DUMAI, RIAU",1,38,158,196
https://kawalpemilu.org#15850,"PANGKALAN SESAI, DUMAI BARAT, KOTA DUMAI, RIAU",2,24,144,168
https://kawalpemilu.org#15850,"PANGKALAN SESAI, DUMAI BARAT, KOTA DUMAI, RIAU",3,38,102,140
https://kawalpemilu.org#15850,"PANGKALAN SESAI, DUMAI BARAT, KOTA DUMAI, RIAU",4,28,79,107
https://kawalpemilu.org#15850,"PANGKALAN SESAI, DUMAI BARAT, KOTA DUMAI, RIAU",5,64,144,208
https://kawalpemilu.org#15850,"PANGKALAN SESAI, DUMAI BARAT, KOTA DUMAI, RIAU",6,44,118,162
https://kawalpemilu.org#15850,"PANGKALAN SESAI, DUMAI BARAT, KOTA DUMAI, RIAU",7,30,149,179
https://kawalpemilu.org#15850,"PANGKALAN SESAI, DUMAI BARAT, KOTA DUMAI, RIAU",8,36,139,175
https://kawalpemilu.org#15850,"PANGKALAN SESAI, DUMAI BARAT, KOTA DUMAI, RIAU",9,76,153,229
https://kawalpemilu.org#15850,"PANGKALAN SESAI, DUMAI BARAT, KOTA DUMAI, RIAU",10,58,164,222
https://kawalpemilu.org#15850,"PANGKALAN SESAI, DUMAI BARAT, KOTA DUMAI, RIAU",11,44,117,161
https://kawalpemilu.org#15850,"PANGKALAN SESAI, DUMAI BARAT, KOTA DUMAI, RIAU",12,36,121,157
https://kawalpemilu.org#15850,"PANGKALAN SESAI, DUMAI BARAT, KOTA DUMAI, RIAU",13,58,112,170
https://kawalpemilu.org#15850,"PANGKALAN SESAI, DUMAI BARAT, KOTA DUMAI, RIAU",14,67,88,155
https://kawalpemilu.org#15850,"PANGKALAN SESAI, DUMAI BARAT, KOTA DUMAI, RIAU",15,67,152,219
https://kawalpemilu.org#15850,"PANGKALAN SESAI, DUMAI BARAT, KOTA DUMAI, RIAU",16,28,129,157
https://kawalpemilu.org#15850,"PANGKALAN SESAI, DUMAI BARAT, KOTA DUMAI, RIAU",17,52,111,163
https://kawalpemilu.org#15850,"PANGKALAN SESAI, DUMAI BARAT, KOTA DUMAI, RIAU",18,47,116,163
https://kawalpemilu.org#15850,"PANGKALAN SESAI, DUMAI BARAT, KOTA DUMAI, RIAU",20,46,138,184
https://kawalpemilu.org#15850,"PANGKALAN SESAI, DUMAI BARAT, KOTA DUMAI, RIAU",21,62,114,176
https://kawalpemilu.org#15850,"PANGKALAN SESAI, DUMAI BARAT, KOTA DUMAI, RIAU",22,56,116,172
https://kawalpemilu.org#15850,"PANGKALAN SESAI, DUMAI BARAT, KOTA DUMAI, RIAU",23,63,113,176
https://kawalpemilu.org#15850,"PANGKALAN SESAI, DUMAI BARAT, KOTA DUMAI, RIAU",24,85,170,255
https://kawalpemilu.org#15850,"PANGKALAN SESAI, DUMAI BARAT, KOTA DUMAI, RIAU",25,52,188,240
https://kawalpemilu.org#15850,"PANGKALAN SESAI, DUMAI BARAT, KOTA DUMAI, RIAU",26,44,118,162
https://kawalpemilu.org#15850,"PANGKALAN SESAI, DUMAI BARAT, KOTA DUMAI, RIAU",27,45,100,145
https://kawalpemilu.org#15850,"PANGKALAN SESAI, DUMAI BARAT, KOTA DUMAI, RIAU",28,64,173,237
https://kawalpemilu.org#15853,"PURNAMA, DUMAI BARAT, KOTA DUMAI, RIAU",1,107,128,235
https://kawalpemilu.org#15853,"PURNAMA, DUMAI BARAT, KOTA DUMAI, RIAU",2,92,152,244
https://kawalpemilu.org#15853,"PURNAMA, DUMAI BARAT, KOTA DUMAI, RIAU",3,55,118,173
https://kawalpemilu.org#15853,"PURNAMA, DUMAI BARAT, KOTA DUMAI, RIAU",4,60,98,158
https://kawalpemilu.org#15853,"PURNAMA, DUMAI BARAT, KOTA DUMAI, RIAU",5,69,146,215
https://kawalpemilu.org#15853,"PURNAMA, DUMAI BARAT, KOTA DUMAI, RIAU",6,76,145,221
https://kawalpemilu.org#15853,"PURNAMA, DUMAI BARAT, KOTA DUMAI, RIAU",7,66,100,166
https://kawalpemilu.org#15853,"PURNAMA, DUMAI BARAT, KOTA DUMAI, RIAU",8,74,99,173
https://kawalpemilu.org#15853,"PURNAMA, DUMAI BARAT, KOTA DUMAI, RIAU",9,61,125,186
https://kawalpemilu.org#15853,"PURNAMA, DUMAI BARAT, KOTA DUMAI, RIAU",10,61,100,161
https://kawalpemilu.org#15853,"PURNAMA, DUMAI BARAT, KOTA DUMAI, RIAU",11,68,153,221
https://kawalpemilu.org#15853,"PURNAMA, DUMAI BARAT, KOTA DUMAI, RIAU",12,57,155,212
https://kawalpemilu.org#15853,"PURNAMA, DUMAI BARAT, KOTA DUMAI, RIAU",13,53,84,137
https://kawalpemilu.org#15853,"PURNAMA, DUMAI BARAT, KOTA DUMAI, RIAU",14,36,94,130
https://kawalpemilu.org#15853,"PURNAMA, DUMAI BARAT, KOTA DUMAI, RIAU",15,46,133,179
https://kawalpemilu.org#15853,"PURNAMA, DUMAI BARAT, KOTA DUMAI, RIAU",16,63,163,226
https://kawalpemilu.org#15853,"PURNAMA, DUMAI BARAT, KOTA DUMAI, RIAU",17,71,141,212
https://kawalpemilu.org#15853,"PURNAMA, DUMAI BARAT, KOTA DUMAI, RIAU",18,58,140,198
https://kawalpemilu.org#15853,"PURNAMA, DUMAI BARAT, KOTA DUMAI, RIAU",19,51,143,194
https://kawalpemilu.org#15853,"PURNAMA, DUMAI BARAT, KOTA DUMAI, RIAU",20,39,103,142
https://kawalpemilu.org#15853,"PURNAMA, DUMAI BARAT, KOTA DUMAI, RIAU",21,36,97,133
https://kawalpemilu.org#15853,"PURNAMA, DUMAI BARAT, KOTA DUMAI, RIAU",22,49,135,184
https://kawalpemilu.org#15853,"PURNAMA, DUMAI BARAT, KOTA DUMAI, RIAU",23,46,118,164
https://kawalpemilu.org#15853,"PURNAMA, DUMAI BARAT, KOTA DUMAI, RIAU",24,94,136,230
https://kawalpemilu.org#15853,"PURNAMA, DUMAI BARAT, KOTA DUMAI, RIAU",25,87,156,243
https://kawalpemilu.org#15853,"PURNAMA, DUMAI BARAT, KOTA DUMAI, RIAU",26,105,109,214
https://kawalpemilu.org#15853,"PURNAMA, DUMAI BARAT, KOTA DUMAI, RIAU",27,75,165,240
https://kawalpemilu.org#15853,"PURNAMA, DUMAI BARAT, KOTA DUMAI, RIAU",28,77,86,163
https://kawalpemilu.org#15853,"PURNAMA, DUMAI BARAT, KOTA DUMAI, RIAU",29,71,94,165
https://kawalpemilu.org#15853,"PURNAMA, DUMAI BARAT, KOTA DUMAI, RIAU",30,85,147,232
https://kawalpemilu.org#15853,"PURNAMA, DUMAI BARAT, KOTA DUMAI, RIAU",31,80,165,245
https://kawalpemilu.org#15853,"PURNAMA, DUMAI BARAT, KOTA DUMAI, RIAU",32,69,149,218
https://kawalpemilu.org#15853,"PURNAMA, DUMAI BARAT, KOTA DUMAI, RIAU",33,58,120,178
https://kawalpemilu.org#15853,"PURNAMA, DUMAI BARAT, KOTA DUMAI, RIAU",34,46,139,185
https://kawalpemilu.org#15853,"PURNAMA, DUMAI BARAT, KOTA DUMAI, RIAU",35,55,116,171
https://kawalpemilu.org#15853,"PURNAMA, DUMAI BARAT, KOTA DUMAI, RIAU",36,114,107,221
https://kawalpemilu.org#15853,"PURNAMA, DUMAI BARAT, KOTA DUMAI, RIAU",37,71,74,145
https://kawalpemilu.org#15853,"PURNAMA, DUMAI BARAT, KOTA DUMAI, RIAU",38,38,93,131
https://kawalpemilu.org#15853,"PURNAMA, DUMAI BARAT, KOTA DUMAI, RIAU",39,122,81,203
https://kawalpemilu.org#15853,"PURNAMA, DUMAI BARAT, KOTA DUMAI, RIAU",40,132,88,220
https://kawalpemilu.org#15853,"PURNAMA, DUMAI BARAT, KOTA DUMAI, RIAU",41,82,113,195
https://kawalpemilu.org#15853,"PURNAMA, DUMAI BARAT, KOTA DUMAI, RIAU",42,91,107,198
https://kawalpemilu.org#15853,"PURNAMA, DUMAI BARAT, KOTA DUMAI, RIAU",43,26,126,152
https://kawalpemilu.org#15853,"PURNAMA, DUMAI BARAT, KOTA DUMAI, RIAU",44,32,125,157
https://kawalpemilu.org#15855,"BAGAN KELADI, DUMAI BARAT, KOTA DUMAI, RIAU",1,75,129,204
https://kawalpemilu.org#15855,"BAGAN KELADI, DUMAI BARAT, KOTA DUMAI, RIAU",2,92,141,233
https://kawalpemilu.org#15855,"BAGAN KELADI, DUMAI BARAT, KOTA DUMAI, RIAU",3,108,107,215
https://kawalpemilu.org#15855,"BAGAN KELADI, DUMAI BARAT, KOTA DUMAI, RIAU",4,43,131,174
https://kawalpemilu.org#15855,"BAGAN KELADI, DUMAI BARAT, KOTA DUMAI, RIAU",5,43,83,126
https://kawalpemilu.org#15855,"BAGAN KELADI, DUMAI BARAT, KOTA DUMAI, RIAU",7,50,124,174
https://kawalpemilu.org#15855,"BAGAN KELADI, DUMAI BARAT, KOTA DUMAI, RIAU",8,119,119,238
https://kawalpemilu.org#15855,"BAGAN KELADI, DUMAI BARAT, KOTA DUMAI, RIAU",9,69,83,152
https://kawalpemilu.org#15855,"BAGAN KELADI, DUMAI BARAT, KOTA DUMAI, RIAU",10,75,59,134
https://kawalpemilu.org#15855,"BAGAN KELADI, DUMAI BARAT, KOTA DUMAI, RIAU",11,73,128,201
https://kawalpemilu.org#15855,"BAGAN KELADI, DUMAI BARAT, KOTA DUMAI, RIAU",12,125,162,287
https://kawalpemilu.org#15855,"BAGAN KELADI, DUMAI BARAT, KOTA DUMAI, RIAU",13,75,89,164
https://kawalpemilu.org#15855,"BAGAN KELADI, DUMAI BARAT, KOTA DUMAI, RIAU",14,149,138,287
https://kawalpemilu.org#15855,"BAGAN KELADI, DUMAI BARAT, KOTA DUMAI, RIAU",15,106,87,193
https://kawalpemilu.org#15855,"BAGAN KELADI, DUMAI BARAT, KOTA DUMAI, RIAU",16,148,103,251
https://kawalpemilu.org#15855,"BAGAN KELADI, DUMAI BARAT, KOTA DUMAI, RIAU",17,139,46,185
https://kawalpemilu.org#15856,"SIMPANG TETAP DARUL ICHSAN, DUMAI BARAT, KOTA DUMAI, RIAU",1,77,163,240
https://kawalpemilu.org#15856,"SIMPANG TETAP DARUL ICHSAN, DUMAI BARAT, KOTA DUMAI, RIAU",2,18,167,185
https://kawalpemilu.org#15856,"SIMPANG TETAP DARUL ICHSAN, DUMAI BARAT, KOTA DUMAI, RIAU",3,43,175,218
https://kawalpemilu.org#15856,"SIMPANG TETAP DARUL ICHSAN, DUMAI BARAT, KOTA DUMAI, RIAU",4,53,138,191
https://kawalpemilu.org#15856,"SIMPANG TETAP DARUL ICHSAN, DUMAI BARAT, KOTA DUMAI, RIAU",5,45,153,198
https://kawalpemilu.org#15856,"SIMPANG TETAP DARUL ICHSAN, DUMAI BARAT, KOTA DUMAI, RIAU",6,49,152,201
https://kawalpemilu.org#15856,"SIMPANG TETAP DARUL ICHSAN, DUMAI BARAT, KOTA DUMAI, RIAU",7,47,120,167
https://kawalpemilu.org#15856,"SIMPANG TETAP DARUL ICHSAN, DUMAI BARAT, KOTA DUMAI, RIAU",8,32,145,177
https://kawalpemilu.org#15856,"SIMPANG TETAP DARUL ICHSAN, DUMAI BARAT, KOTA DUMAI, RIAU",9,55,176,231
https://kawalpemilu.org#15856,"SIMPANG TETAP DARUL ICHSAN, DUMAI BARAT, KOTA DUMAI, RIAU",10,47,189,236
https://kawalpemilu.org#15856,"SIMPANG TETAP DARUL ICHSAN, DUMAI BARAT, KOTA DUMAI, RIAU",11,76,127,203
https://kawalpemilu.org#15856,"SIMPANG TETAP DARUL ICHSAN, DUMAI BARAT, KOTA DUMAI, RIAU",12,66,139,205
https://kawalpemilu.org#15856,"SIMPANG TETAP DARUL ICHSAN, DUMAI BARAT, KOTA DUMAI, RIAU",13,55,139,194
https://kawalpemilu.org#15856,"SIMPANG TETAP DARUL ICHSAN, DUMAI BARAT, KOTA DUMAI, RIAU",14,46,129,175
https://kawalpemilu.org#15856,"SIMPANG TETAP DARUL ICHSAN, DUMAI BARAT, KOTA DUMAI, RIAU",15,36,142,178
https://kawalpemilu.org#15856,"SIMPANG TETAP DARUL ICHSAN, DUMAI BARAT, KOTA DUMAI, RIAU",16,75,171,246
https://kawalpemilu.org#15856,"SIMPANG TETAP DARUL ICHSAN, DUMAI BARAT, KOTA DUMAI, RIAU",17,43,150,193
https://kawalpemilu.org#15856,"SIMPANG TETAP DARUL ICHSAN, DUMAI BARAT, KOTA DUMAI, RIAU",18,29,161,190
https://kawalpemilu.org#15856,"SIMPANG TETAP DARUL ICHSAN, DUMAI BARAT, KOTA DUMAI, RIAU",19,58,154,212
https://kawalpemilu.org#15856,"SIMPANG TETAP DARUL ICHSAN, DUMAI BARAT, KOTA DUMAI, RIAU",20,75,149,224
https://kawalpemilu.org#15856,"SIMPANG TETAP DARUL ICHSAN, DUMAI BARAT, KOTA DUMAI, RIAU",21,47,178,225
https://kawalpemilu.org#15856,"SIMPANG TETAP DARUL ICHSAN, DUMAI BARAT, KOTA DUMAI, RIAU",22,54,157,211
https://kawalpemilu.org#15856,"SIMPANG TETAP DARUL ICHSAN, DUMAI BARAT, KOTA DUMAI, RIAU",23,48,175,223
https://kawalpemilu.org#15856,"SIMPANG TETAP DARUL ICHSAN, DUMAI BARAT, KOTA DUMAI, RIAU",24,82,170,252
https://kawalpemilu.org#15856,"SIMPANG TETAP DARUL ICHSAN, DUMAI BARAT, KOTA DUMAI, RIAU",25,35,109,144
https://kawalpemilu.org#15856,"SIMPANG TETAP DARUL ICHSAN, DUMAI BARAT, KOTA DUMAI, RIAU",26,35,100,135
https://kawalpemilu.org#15860,"TELUK BINJAI, DUMAI TIMUR, KOTA DUMAI, RIAU",1,56,199,255
https://kawalpemilu.org#15860,"TELUK BINJAI, DUMAI TIMUR, KOTA DUMAI, RIAU",2,19,139,158
https://kawalpemilu.org#15860,"TELUK BINJAI, DUMAI TIMUR, KOTA DUMAI, RIAU",3,38,181,219
https://kawalpemilu.org#15860,"TELUK BINJAI, DUMAI TIMUR, KOTA DUMAI, RIAU",4,92,109,201
https://kawalpemilu.org#15860,"TELUK BINJAI, DUMAI TIMUR, KOTA DUMAI, RIAU",5,93,117,210
https://kawalpemilu.org#15860,"TELUK BINJAI, DUMAI TIMUR, KOTA DUMAI, RIAU",6,133,88,221
https://kawalpemilu.org#15860,"TELUK BINJAI, DUMAI TIMUR, KOTA DUMAI, RIAU",7,58,151,209
https://kawalpemilu.org#15860,"TELUK BINJAI, DUMAI TIMUR, KOTA DUMAI, RIAU",8,43,158,201
https://kawalpemilu.org#15860,"TELUK BINJAI, DUMAI TIMUR, KOTA DUMAI, RIAU",9,43,197,240
https://kawalpemilu.org#15860,"TELUK BINJAI, DUMAI TIMUR, KOTA DUMAI, RIAU",10,59,168,227
https://kawalpemilu.org#15860,"TELUK BINJAI, DUMAI TIMUR, KOTA DUMAI, RIAU",11,35,191,226
https://kawalpemilu.org#15860,"TELUK BINJAI, DUMAI TIMUR, KOTA DUMAI, RIAU",12,23,121,144
https://kawalpemilu.org#15860,"TELUK BINJAI, DUMAI TIMUR, KOTA DUMAI, RIAU",13,47,151,198
https://kawalpemilu.org#15860,"TELUK BINJAI, DUMAI TIMUR, KOTA DUMAI, RIAU",14,53,110,163
https://kawalpemilu.org#15860,"TELUK BINJAI, DUMAI TIMUR, KOTA DUMAI, RIAU",15,211,30,241
https://kawalpemilu.org#15860,"TELUK BINJAI, DUMAI TIMUR, KOTA DUMAI, RIAU",16,139,126,257
https://kawalpemilu.org#15860,"TELUK BINJAI, DUMAI TIMUR, KOTA DUMAI, RIAU",17,231,21,252
https://kawalpemilu.org#15860,"TELUK BINJAI, DUMAI TIMUR, KOTA DUMAI, RIAU",18,180,44,224
https://kawalpemilu.org#15860,"TELUK BINJAI, DUMAI TIMUR, KOTA DUMAI, RIAU",19,54,129,183
https://kawalpemilu.org#15860,"TELUK BINJAI, DUMAI TIMUR, KOTA DUMAI, RIAU",20,164,20,184
https://kawalpemilu.org#15860,"TELUK BINJAI, DUMAI TIMUR, KOTA DUMAI, RIAU",21,25,127,152
https://kawalpemilu.org#15860,"TELUK BINJAI, DUMAI TIMUR, KOTA DUMAI, RIAU",22,92,95,187
https://kawalpemilu.org#15860,"TELUK BINJAI, DUMAI TIMUR, KOTA DUMAI, RIAU",23,80,114,194
https://kawalpemilu.org#15860,"TELUK BINJAI, DUMAI TIMUR, KOTA DUMAI, RIAU",24,124,82,206
https://kawalpemilu.org#15860,"TELUK BINJAI, DUMAI TIMUR, KOTA DUMAI, RIAU",26,62,111,173
https://kawalpemilu.org#15860,"TELUK BINJAI, DUMAI TIMUR, KOTA DUMAI, RIAU",27,89,120,209
https://kawalpemilu.org#15860,"TELUK BINJAI, DUMAI TIMUR, KOTA DUMAI, RIAU",28,28,175,203
https://kawalpemilu.org#15860,"TELUK BINJAI, DUMAI TIMUR, KOTA DUMAI, RIAU",29,37,188,225
https://kawalpemilu.org#15860,"TELUK BINJAI, DUMAI TIMUR, KOTA DUMAI, RIAU",30,41,179,220
https://kawalpemilu.org#15860,"TELUK BINJAI, DUMAI TIMUR, KOTA DUMAI, RIAU",31,27,199,226
https://kawalpemilu.org#15860,"TELUK BINJAI, DUMAI TIMUR, KOTA DUMAI, RIAU",32,18,127,145
https://kawalpemilu.org#15860,"TELUK BINJAI, DUMAI TIMUR, KOTA DUMAI, RIAU",33,30,148,178
https://kawalpemilu.org#15860,"TELUK BINJAI, DUMAI TIMUR, KOTA DUMAI, RIAU",34,51,92,143
https://kawalpemilu.org#15860,"TELUK BINJAI, DUMAI TIMUR, KOTA DUMAI, RIAU",35,188,34,222
https://kawalpemilu.org#15860,"TELUK BINJAI, DUMAI TIMUR, KOTA DUMAI, RIAU",36,181,32,213
https://kawalpemilu.org#15860,"TELUK BINJAI, DUMAI TIMUR, KOTA DUMAI, RIAU",37,130,125,255
https://kawalpemilu.org#15860,"TELUK BINJAI, DUMAI TIMUR, KOTA DUMAI, RIAU",39,194,15,209
https://kawalpemilu.org#15860,"TELUK BINJAI, DUMAI TIMUR, KOTA DUMAI, RIAU",40,200,52,252
https://kawalpemilu.org#15860,"TELUK BINJAI, DUMAI TIMUR, KOTA DUMAI, RIAU",41,166,43,209
https://kawalpemilu.org#15860,"TELUK BINJAI, DUMAI TIMUR, KOTA DUMAI, RIAU",42,61,118,179
https://kawalpemilu.org#15860,"TELUK BINJAI, DUMAI TIMUR, KOTA DUMAI, RIAU",43,94,103,197
https://kawalpemilu.org#15860,"TELUK BINJAI, DUMAI TIMUR, KOTA DUMAI, RIAU",44,94,92,186
https://kawalpemilu.org#15861,"TANJUNG PALAS, DUMAI TIMUR, KOTA DUMAI, RIAU",2,45,72,117
https://kawalpemilu.org#15861,"TANJUNG PALAS, DUMAI TIMUR, KOTA DUMAI, RIAU",3,74,107,181
https://kawalpemilu.org#15861,"TANJUNG PALAS, DUMAI TIMUR, KOTA DUMAI, RIAU",4,75,116,2
https://kawalpemilu.org#15861,"TANJUNG PALAS, DUMAI TIMUR, KOTA DUMAI, RIAU",5,32,108,140
https://kawalpemilu.org#15861,"TANJUNG PALAS, DUMAI TIMUR, KOTA DUMAI, RIAU",6,40,95,135
https://kawalpemilu.org#15861,"TANJUNG PALAS, DUMAI TIMUR, KOTA DUMAI, RIAU",7,57,169,226
https://kawalpemilu.org#15861,"TANJUNG PALAS, DUMAI TIMUR, KOTA DUMAI, RIAU",8,55,154,209
https://kawalpemilu.org#15861,"TANJUNG PALAS, DUMAI TIMUR, KOTA DUMAI, RIAU",9,41,111,152
https://kawalpemilu.org#15861,"TANJUNG PALAS, DUMAI TIMUR, KOTA DUMAI, RIAU",10,44,104,148
https://kawalpemilu.org#15861,"TANJUNG PALAS, DUMAI TIMUR, KOTA DUMAI, RIAU",11,53,122,175
https://kawalpemilu.org#15861,"TANJUNG PALAS, DUMAI TIMUR, KOTA DUMAI, RIAU",12,50,130,180
https://kawalpemilu.org#15861,"TANJUNG PALAS, DUMAI TIMUR, KOTA DUMAI, RIAU",13,56,182,238
https://kawalpemilu.org#15861,"TANJUNG PALAS, DUMAI TIMUR, KOTA DUMAI, RIAU",14,75,166,241
https://kawalpemilu.org#15861,"TANJUNG PALAS, DUMAI TIMUR, KOTA DUMAI, RIAU",15,115,80,195
https://kawalpemilu.org#15861,"TANJUNG PALAS, DUMAI TIMUR, KOTA DUMAI, RIAU",16,125,79,204
https://kawalpemilu.org#15861,"TANJUNG PALAS, DUMAI TIMUR, KOTA DUMAI, RIAU",17,60,150,210
https://kawalpemilu.org#15861,"TANJUNG PALAS, DUMAI TIMUR, KOTA DUMAI, RIAU",18,53,145,198
https://kawalpemilu.org#15861,"TANJUNG PALAS, DUMAI TIMUR, KOTA DUMAI, RIAU",19,71,154,225
https://kawalpemilu.org#15861,"TANJUNG PALAS, DUMAI TIMUR, KOTA DUMAI, RIAU",20,37,89,126
https://kawalpemilu.org#15861,"TANJUNG PALAS, DUMAI TIMUR, KOTA DUMAI, RIAU",21,51,77,128
https://kawalpemilu.org#15861,"TANJUNG PALAS, DUMAI TIMUR, KOTA DUMAI, RIAU",22,110,68,178
https://kawalpemilu.org#15861,"TANJUNG PALAS, DUMAI TIMUR, KOTA DUMAI, RIAU",23,54,135,189
https://kawalpemilu.org#15861,"TANJUNG PALAS, DUMAI TIMUR, KOTA DUMAI, RIAU",24,53,105,158
https://kawalpemilu.org#15861,"TANJUNG PALAS, DUMAI TIMUR, KOTA DUMAI, RIAU",25,86,57,143
https://kawalpemilu.org#15861,"TANJUNG PALAS, DUMAI TIMUR, KOTA DUMAI, RIAU",26,83,60,143
https://kawalpemilu.org#15861,"TANJUNG PALAS, DUMAI TIMUR, KOTA DUMAI, RIAU",27,75,147,222
https://kawalpemilu.org#15861,"TANJUNG PALAS, DUMAI TIMUR, KOTA DUMAI, RIAU",28,66,158,224
https://kawalpemilu.org#15861,"TANJUNG PALAS, DUMAI TIMUR, KOTA DUMAI, RIAU",29,50,149,199
https://kawalpemilu.org#15862,"JAYA MUKTI, DUMAI TIMUR, KOTA DUMAI, RIAU",1,65,183,248
https://kawalpemilu.org#15862,"JAYA MUKTI, DUMAI TIMUR, KOTA DUMAI, RIAU",2,99,138,237
https://kawalpemilu.org#15862,"JAYA MUKTI, DUMAI TIMUR, KOTA DUMAI, RIAU",3,61,197,258
https://kawalpemilu.org#15862,"JAYA MUKTI, DUMAI TIMUR, KOTA DUMAI, RIAU",4,76,149,225
https://kawalpemilu.org#15862,"JAYA MUKTI, DUMAI TIMUR, KOTA DUMAI, RIAU",5,48,192,240
https://kawalpemilu.org#15862,"JAYA MUKTI, DUMAI TIMUR, KOTA DUMAI, RIAU",6,61,177,238
https://kawalpemilu.org#15862,"JAYA MUKTI, DUMAI TIMUR, KOTA DUMAI, RIAU",7,47,232,279
https://kawalpemilu.org#15862,"JAYA MUKTI, DUMAI TIMUR, KOTA DUMAI, RIAU",8,69,158,227
https://kawalpemilu.org#15862,"JAYA MUKTI, DUMAI TIMUR, KOTA DUMAI, RIAU",9,63,187,250
https://kawalpemilu.org#15862,"JAYA MUKTI, DUMAI TIMUR, KOTA DUMAI, RIAU",10,53,164,217
https://kawalpemilu.org#15862,"JAYA MUKTI, DUMAI TIMUR, KOTA DUMAI, RIAU",11,46,178,224
https://kawalpemilu.org#15862,"JAYA MUKTI, DUMAI TIMUR, KOTA DUMAI, RIAU",12,54,159,213
https://kawalpemilu.org#15862,"JAYA MUKTI, DUMAI TIMUR, KOTA DUMAI, RIAU",13,59,176,235
https://kawalpemilu.org#15862,"JAYA MUKTI, DUMAI TIMUR, KOTA DUMAI, RIAU",14,97,127,224
https://kawalpemilu.org#15862,"JAYA MUKTI, DUMAI TIMUR, KOTA DUMAI, RIAU",15,51,159,210
https://kawalpemilu.org#15862,"JAYA MUKTI, DUMAI TIMUR, KOTA DUMAI, RIAU",16,94,154,248
https://kawalpemilu.org#15862,"JAYA MUKTI, DUMAI TIMUR, KOTA DUMAI, RIAU",17,160,65,225
https://kawalpemilu.org#15862,"JAYA MUKTI, DUMAI TIMUR, KOTA DUMAI, RIAU",18,80,160,240
https://kawalpemilu.org#15862,"JAYA MUKTI, DUMAI TIMUR, KOTA DUMAI, RIAU",19,100,160,260
https://kawalpemilu.org#15862,"JAYA MUKTI, DUMAI TIMUR, KOTA DUMAI, RIAU",20,73,190,263
https://kawalpemilu.org#15862,"JAYA MUKTI, DUMAI TIMUR, KOTA DUMAI, RIAU",21,85,167,252
https://kawalpemilu.org#15862,"JAYA MUKTI, DUMAI TIMUR, KOTA DUMAI, RIAU",22,134,100,234
https://kawalpemilu.org#15862,"JAYA MUKTI, DUMAI TIMUR, KOTA DUMAI, RIAU",23,199,45,244
https://kawalpemilu.org#15862,"JAYA MUKTI, DUMAI TIMUR, KOTA DUMAI, RIAU",24,64,159,223
https://kawalpemilu.org#15862,"JAYA MUKTI, DUMAI TIMUR, KOTA DUMAI, RIAU",25,62,134,196
https://kawalpemilu.org#15862,"JAYA MUKTI, DUMAI TIMUR, KOTA DUMAI, RIAU",26,21,168,189
https://kawalpemilu.org#15862,"JAYA MUKTI, DUMAI TIMUR, KOTA DUMAI, RIAU",27,57,175,232
https://kawalpemilu.org#15862,"JAYA MUKTI, DUMAI TIMUR, KOTA DUMAI, RIAU",28,68,208,276
https://kawalpemilu.org#15862,"JAYA MUKTI, DUMAI TIMUR, KOTA DUMAI, RIAU",29,78,154,232
https://kawalpemilu.org#15862,"JAYA MUKTI, DUMAI TIMUR, KOTA DUMAI, RIAU",30,56,142,198
https://kawalpemilu.org#15862,"JAYA MUKTI, DUMAI TIMUR, KOTA DUMAI, RIAU",31,54,176,230
https://kawalpemilu.org#15862,"JAYA MUKTI, DUMAI TIMUR, KOTA DUMAI, RIAU",32,40,168,208
https://kawalpemilu.org#15862,"JAYA MUKTI, DUMAI TIMUR, KOTA DUMAI, RIAU",33,46,95,141
https://kawalpemilu.org#15862,"JAYA MUKTI, DUMAI TIMUR, KOTA DUMAI, RIAU",34,65,142,207
https://kawalpemilu.org#15862,"JAYA MUKTI, DUMAI TIMUR, KOTA DUMAI, RIAU",35,61,123,184
https://kawalpemilu.org#15862,"JAYA MUKTI, DUMAI TIMUR, KOTA DUMAI, RIAU",36,27,96,123
https://kawalpemilu.org#15862,"JAYA MUKTI, DUMAI TIMUR, KOTA DUMAI, RIAU",37,39,167,206
https://kawalpemilu.org#15862,"JAYA MUKTI, DUMAI TIMUR, KOTA DUMAI, RIAU",38,84,138,222
https://kawalpemilu.org#15862,"JAYA MUKTI, DUMAI TIMUR, KOTA DUMAI, RIAU",39,35,80,115
https://kawalpemilu.org#15862,"JAYA MUKTI, DUMAI TIMUR, KOTA DUMAI, RIAU",40,81,149,230
https://kawalpemilu.org#15862,"JAYA MUKTI, DUMAI TIMUR, KOTA DUMAI, RIAU",41,101,131,232
https://kawalpemilu.org#15862,"JAYA MUKTI, DUMAI TIMUR, KOTA DUMAI, RIAU",42,173,51,224
https://kawalpemilu.org#15862,"JAYA MUKTI, DUMAI TIMUR, KOTA DUMAI, RIAU",44,64,110,174
https://kawalpemilu.org#15862,"JAYA MUKTI, DUMAI TIMUR, KOTA DUMAI, RIAU",45,51,153,204
https://kawalpemilu.org#15862,"JAYA MUKTI, DUMAI TIMUR, KOTA DUMAI, RIAU",46,66,160,226
https://kawalpemilu.org#15862,"JAYA MUKTI, DUMAI TIMUR, KOTA DUMAI, RIAU",47,89,47,136
https://kawalpemilu.org#15864,"BULUH KASAP, DUMAI TIMUR, KOTA DUMAI, RIAU",1,44,115,159
https://kawalpemilu.org#15864,"BULUH KASAP, DUMAI TIMUR, KOTA DUMAI, RIAU",2,28,117,145
https://kawalpemilu.org#15864,"BULUH KASAP, DUMAI TIMUR, KOTA DUMAI, RIAU",3,44,100,144
https://kawalpemilu.org#15864,"BULUH KASAP, DUMAI TIMUR, KOTA DUMAI, RIAU",4,28,110,138
https://kawalpemilu.org#15864,"BULUH KASAP, DUMAI TIMUR, KOTA DUMAI, RIAU",5,40,100,140
https://kawalpemilu.org#15864,"BULUH KASAP, DUMAI TIMUR, KOTA DUMAI, RIAU",6,53,68,121
https://kawalpemilu.org#15864,"BULUH KASAP, DUMAI TIMUR, KOTA DUMAI, RIAU",7,42,90,132
https://kawalpemilu.org#15864,"BULUH KASAP, DUMAI TIMUR, KOTA DUMAI, RIAU",8,26,112,138
https://kawalpemilu.org#15864,"BULUH KASAP, DUMAI TIMUR, KOTA DUMAI, RIAU",9,27,95,122
https://kawalpemilu.org#15864,"BULUH KASAP, DUMAI TIMUR, KOTA DUMAI, RIAU",10,18,127,145
https://kawalpemilu.org#15864,"BULUH KASAP, DUMAI TIMUR, KOTA DUMAI, RIAU",11,47,51,98
https://kawalpemilu.org#15864,"BULUH KASAP, DUMAI TIMUR, KOTA DUMAI, RIAU",12,45,72,117
https://kawalpemilu.org#15864,"BULUH KASAP, DUMAI TIMUR, KOTA DUMAI, RIAU",13,46,83,129
https://kawalpemilu.org#15864,"BULUH KASAP, DUMAI TIMUR, KOTA DUMAI, RIAU",14,27,88,115
https://kawalpemilu.org#15864,"BULUH KASAP, DUMAI TIMUR, KOTA DUMAI, RIAU",15,30,72,102
https://kawalpemilu.org#15864,"BULUH KASAP, DUMAI TIMUR, KOTA DUMAI, RIAU",16,42,74,116
https://kawalpemilu.org#15864,"BULUH KASAP, DUMAI TIMUR, KOTA DUMAI, RIAU",17,51,136,187
https://kawalpemilu.org#15864,"BULUH KASAP, DUMAI TIMUR, KOTA DUMAI, RIAU",18,36,77,113
https://kawalpemilu.org#15864,"BULUH KASAP, DUMAI TIMUR, KOTA DUMAI, RIAU",19,40,89,129
https://kawalpemilu.org#15864,"BULUH KASAP, DUMAI TIMUR, KOTA DUMAI, RIAU",20,74,100,174
https://kawalpemilu.org#15864,"BULUH KASAP, DUMAI TIMUR, KOTA DUMAI, RIAU",21,47,107,154
https://kawalpemilu.org#15864,"BULUH KASAP, DUMAI TIMUR, KOTA DUMAI, RIAU",22,47,100,147
https://kawalpemilu.org#15864,"BULUH KASAP, DUMAI TIMUR, KOTA DUMAI, RIAU",23,36,101,137
https://kawalpemilu.org#15864,"BULUH KASAP, DUMAI TIMUR, KOTA DUMAI, RIAU",24,46,96,142
https://kawalpemilu.org#15864,"BULUH KASAP, DUMAI TIMUR, KOTA DUMAI, RIAU",25,43,176,219
https://kawalpemilu.org#15864,"BULUH KASAP, DUMAI TIMUR, KOTA DUMAI, RIAU",26,24,82,106
https://kawalpemilu.org#15864,"BULUH KASAP, DUMAI TIMUR, KOTA DUMAI, RIAU",27,29,91,120
https://kawalpemilu.org#15864,"BULUH KASAP, DUMAI TIMUR, KOTA DUMAI, RIAU",28,24,73,97
https://kawalpemilu.org#15864,"BULUH KASAP, DUMAI TIMUR, KOTA DUMAI, RIAU",29,28,64,92
https://kawalpemilu.org#15867,"BUKIT BATREM, DUMAI TIMUR, KOTA DUMAI, RIAU",1,66,69,135
https://kawalpemilu.org#15867,"BUKIT BATREM, DUMAI TIMUR, KOTA DUMAI, RIAU",2,56,93,149
https://kawalpemilu.org#15867,"BUKIT BATREM, DUMAI TIMUR, KOTA DUMAI, RIAU",3,102,103,205
https://kawalpemilu.org#15867,"BUKIT BATREM, DUMAI TIMUR, KOTA DUMAI, RIAU",4,66,69,135
https://kawalpemilu.org#15867,"BUKIT BATREM, DUMAI TIMUR, KOTA DUMAI, RIAU",5,59,67,126
https://kawalpemilu.org#15867,"BUKIT BATREM, DUMAI TIMUR, KOTA DUMAI, RIAU",7,108,103,211
https://kawalpemilu.org#15867,"BUKIT BATREM, DUMAI TIMUR, KOTA DUMAI, RIAU",8,43,82,125
https://kawalpemilu.org#15867,"BUKIT BATREM, DUMAI TIMUR, KOTA DUMAI, RIAU",9,144,109,253
https://kawalpemilu.org#15867,"BUKIT BATREM, DUMAI TIMUR, KOTA DUMAI, RIAU",10,127,142,269
https://kawalpemilu.org#15867,"BUKIT BATREM, DUMAI TIMUR, KOTA DUMAI, RIAU",12,92,90,182
https://kawalpemilu.org#15867,"BUKIT BATREM, DUMAI TIMUR, KOTA DUMAI, RIAU",13,82,72,154
https://kawalpemilu.org#15867,"BUKIT BATREM, DUMAI TIMUR, KOTA DUMAI, RIAU",14,73,70,143
https://kawalpemilu.org#15867,"BUKIT BATREM, DUMAI TIMUR, KOTA DUMAI, RIAU",15,142,131,273
https://kawalpemilu.org#15867,"BUKIT BATREM, DUMAI TIMUR, KOTA DUMAI, RIAU",16,113,120,233
https://kawalpemilu.org#15867,"BUKIT BATREM, DUMAI TIMUR, KOTA DUMAI, RIAU",17,71,132,203
https://kawalpemilu.org#15867,"BUKIT BATREM, DUMAI TIMUR, KOTA DUMAI, RIAU",18,87,137,224
https://kawalpemilu.org#15867,"BUKIT BATREM, DUMAI TIMUR, KOTA DUMAI, RIAU",19,49,126,175
https://kawalpemilu.org#15867,"BUKIT BATREM, DUMAI TIMUR, KOTA DUMAI, RIAU",20,40,115,155
https://kawalpemilu.org#15867,"BUKIT BATREM, DUMAI TIMUR, KOTA DUMAI, RIAU",21,210,7,217
https://kawalpemilu.org#15867,"BUKIT BATREM, DUMAI TIMUR, KOTA DUMAI, RIAU",22,208,8,216
https://kawalpemilu.org#15867,"BUKIT BATREM, DUMAI TIMUR, KOTA DUMAI, RIAU",23,197,4,201
https://kawalpemilu.org#15867,"BUKIT BATREM, DUMAI TIMUR, KOTA DUMAI, RIAU",24,180,3,183
https://kawalpemilu.org#15867,"BUKIT BATREM, DUMAI TIMUR, KOTA DUMAI, RIAU",25,166,16,182
https://kawalpemilu.org#15867,"BUKIT BATREM, DUMAI TIMUR, KOTA DUMAI, RIAU",26,126,8,134
https://kawalpemilu.org#15867,"BUKIT BATREM, DUMAI TIMUR, KOTA DUMAI, RIAU",27,143,1,144
https://kawalpemilu.org#15867,"BUKIT BATREM, DUMAI TIMUR, KOTA DUMAI, RIAU",28,136,93,229
https://kawalpemilu.org#15867,"BUKIT BATREM, DUMAI TIMUR, KOTA DUMAI, RIAU",29,192,15,207
https://kawalpemilu.org#15869,"BUKIT NENAS, BUKIT KAPUR, KOTA DUMAI, RIAU",1,63,143,206
https://kawalpemilu.org#15869,"BUKIT NENAS, BUKIT KAPUR, KOTA DUMAI, RIAU",2,62,121,183
https://kawalpemilu.org#15869,"BUKIT NENAS, BUKIT KAPUR, KOTA DUMAI, RIAU",3,49,185,234
https://kawalpemilu.org#15869,"BUKIT NENAS, BUKIT KAPUR, KOTA DUMAI, RIAU",4,82,187,269
https://kawalpemilu.org#15869,"BUKIT NENAS, BUKIT KAPUR, KOTA DUMAI, RIAU",5,57,165,222
https://kawalpemilu.org#15869,"BUKIT NENAS, BUKIT KAPUR, KOTA DUMAI, RIAU",6,58,150,208
https://kawalpemilu.org#15869,"BUKIT NENAS, BUKIT KAPUR, KOTA DUMAI, RIAU",7,50,175,225
https://kawalpemilu.org#15869,"BUKIT NENAS, BUKIT KAPUR, KOTA DUMAI, RIAU",8,48,214,262
https://kawalpemilu.org#15869,"BUKIT NENAS, BUKIT KAPUR, KOTA DUMAI, RIAU",9,66,203,269
https://kawalpemilu.org#15869,"BUKIT NENAS, BUKIT KAPUR, KOTA DUMAI, RIAU",10,88,102,190
https://kawalpemilu.org#15869,"BUKIT NENAS, BUKIT KAPUR, KOTA DUMAI, RIAU",11,53,121,174
https://kawalpemilu.org#15869,"BUKIT NENAS, BUKIT KAPUR, KOTA DUMAI, RIAU",12,78,100,178
https://kawalpemilu.org#15869,"BUKIT NENAS, BUKIT KAPUR, KOTA DUMAI, RIAU",13,54,118,172
https://kawalpemilu.org#15869,"BUKIT NENAS, BUKIT KAPUR, KOTA DUMAI, RIAU",14,86,97,183
https://kawalpemilu.org#15869,"BUKIT NENAS, BUKIT KAPUR, KOTA DUMAI, RIAU",15,103,97,200
https://kawalpemilu.org#15869,"BUKIT NENAS, BUKIT KAPUR, KOTA DUMAI, RIAU",16,136,80,216
https://kawalpemilu.org#15869,"BUKIT NENAS, BUKIT KAPUR, KOTA DUMAI, RIAU",17,99,62,161
https://kawalpemilu.org#15869,"BUKIT NENAS, BUKIT KAPUR, KOTA DUMAI, RIAU",18,122,75,197
https://kawalpemilu.org#15870,"BUKIT KAYU KAPUR, BUKIT KAPUR, KOTA DUMAI, RIAU",1,145,43,188
https://kawalpemilu.org#15870,"BUKIT KAYU KAPUR, BUKIT KAPUR, KOTA DUMAI, RIAU",2,82,37,119
https://kawalpemilu.org#15870,"BUKIT KAYU KAPUR, BUKIT KAPUR, KOTA DUMAI, RIAU",3,106,31,137
https://kawalpemilu.org#15870,"BUKIT KAYU KAPUR, BUKIT KAPUR, KOTA DUMAI, RIAU",4,86,45,131
https://kawalpemilu.org#15870,"BUKIT KAYU KAPUR, BUKIT KAPUR, KOTA DUMAI, RIAU",5,76,70,146
https://kawalpemilu.org#15870,"BUKIT KAYU KAPUR, BUKIT KAPUR, KOTA DUMAI, RIAU",6,82,77,159
https://kawalpemilu.org#15870,"BUKIT KAYU KAPUR, BUKIT KAPUR, KOTA DUMAI, RIAU",7,68,74,142
https://kawalpemilu.org#15870,"BUKIT KAYU KAPUR, BUKIT KAPUR, KOTA DUMAI, RIAU",8,135,107,242
https://kawalpemilu.org#15870,"BUKIT KAYU KAPUR, BUKIT KAPUR, KOTA DUMAI, RIAU",9,136,73,209
https://kawalpemilu.org#15870,"BUKIT KAYU KAPUR, BUKIT KAPUR, KOTA DUMAI, RIAU",10,88,49,137
https://kawalpemilu.org#15870,"BUKIT KAYU KAPUR, BUKIT KAPUR, KOTA DUMAI, RIAU",11,75,66,141
https://kawalpemilu.org#15870,"BUKIT KAYU KAPUR, BUKIT KAPUR, KOTA DUMAI, RIAU",14,115,45,160
https://kawalpemilu.org#15870,"BUKIT KAYU KAPUR, BUKIT KAPUR, KOTA DUMAI, RIAU",15,116,61,177
https://kawalpemilu.org#15870,"BUKIT KAYU KAPUR, BUKIT KAPUR, KOTA DUMAI, RIAU",16,97,87,184
https://kawalpemilu.org#15870,"BUKIT KAYU KAPUR, BUKIT KAPUR, KOTA DUMAI, RIAU",17,128,66,194
https://kawalpemilu.org#15870,"BUKIT KAYU KAPUR, BUKIT KAPUR, KOTA DUMAI, RIAU",18,76,81,157
https://kawalpemilu.org#15870,"BUKIT KAYU KAPUR, BUKIT KAPUR, KOTA DUMAI, RIAU",19,70,74,144
https://kawalpemilu.org#15870,"BUKIT KAYU KAPUR, BUKIT KAPUR, KOTA DUMAI, RIAU",20,91,85,176
https://kawalpemilu.org#15870,"BUKIT KAYU KAPUR, BUKIT KAPUR, KOTA DUMAI, RIAU",21,89,46,135
https://kawalpemilu.org#15870,"BUKIT KAYU KAPUR, BUKIT KAPUR, KOTA DUMAI, RIAU",22,93,88,181
https://kawalpemilu.org#15870,"BUKIT KAYU KAPUR, BUKIT KAPUR, KOTA DUMAI, RIAU",23,73,100,173
https://kawalpemilu.org#15870,"BUKIT KAYU KAPUR, BUKIT KAPUR, KOTA DUMAI, RIAU",24,78,80,158
https://kawalpemilu.org#15870,"BUKIT KAYU KAPUR, BUKIT KAPUR, KOTA DUMAI, RIAU",25,75,64,139
https://kawalpemilu.org#15870,"BUKIT KAYU KAPUR, BUKIT KAPUR, KOTA DUMAI, RIAU",26,68,69,137
https://kawalpemilu.org#15870,"BUKIT KAYU KAPUR, BUKIT KAPUR, KOTA DUMAI, RIAU",27,120,43,163
https://kawalpemilu.org#15870,"BUKIT KAYU KAPUR, BUKIT KAPUR, KOTA DUMAI, RIAU",28,111,44,155
https://kawalpemilu.org#15870,"BUKIT KAYU KAPUR, BUKIT KAPUR, KOTA DUMAI, RIAU",29,84,89,173
https://kawalpemilu.org#15870,"BUKIT KAYU KAPUR, BUKIT KAPUR, KOTA DUMAI, RIAU",30,99,80,179
https://kawalpemilu.org#15870,"BUKIT KAYU KAPUR, BUKIT KAPUR, KOTA DUMAI, RIAU",31,114,61,175
https://kawalpemilu.org#15870,"BUKIT KAYU KAPUR, BUKIT KAPUR, KOTA DUMAI, RIAU",32,77,76,153
https://kawalpemilu.org#15870,"BUKIT KAYU KAPUR, BUKIT KAPUR, KOTA DUMAI, RIAU",33,129,20,149
https://kawalpemilu.org#15870,"BUKIT KAYU KAPUR, BUKIT KAPUR, KOTA DUMAI, RIAU",34,121,27,148
https://kawalpemilu.org#15870,"BUKIT KAYU KAPUR, BUKIT KAPUR, KOTA DUMAI, RIAU",35,136,30,166
https://kawalpemilu.org#15870,"BUKIT KAYU KAPUR, BUKIT KAPUR, KOTA DUMAI, RIAU",36,189,55,244
https://kawalpemilu.org#15870,"BUKIT KAYU KAPUR, BUKIT KAPUR, KOTA DUMAI, RIAU",37,72,83,155
https://kawalpemilu.org#15870,"BUKIT KAYU KAPUR, BUKIT KAPUR, KOTA DUMAI, RIAU",38,90,86,176
https://kawalpemilu.org#15870,"BUKIT KAYU KAPUR, BUKIT KAPUR, KOTA DUMAI, RIAU",39,76,81,157
https://kawalpemilu.org#15870,"BUKIT KAYU KAPUR, BUKIT KAPUR, KOTA DUMAI, RIAU",40,92,59,151
https://kawalpemilu.org#15870,"BUKIT KAYU KAPUR, BUKIT KAPUR, KOTA DUMAI, RIAU",41,152,53,205
https://kawalpemilu.org#15871,"GURUN PANJANG, BUKIT KAPUR, KOTA DUMAI, RIAU",1,133,45,178
https://kawalpemilu.org#15871,"GURUN PANJANG, BUKIT KAPUR, KOTA DUMAI, RIAU",2,99,39,138
https://kawalpemilu.org#15871,"GURUN PANJANG, BUKIT KAPUR, KOTA DUMAI, RIAU",3,104,62,166
https://kawalpemilu.org#15871,"GURUN PANJANG, BUKIT KAPUR, KOTA DUMAI, RIAU",4,109,45,154
https://kawalpemilu.org#15871,"GURUN PANJANG, BUKIT KAPUR, KOTA DUMAI, RIAU",5,86,41,127
https://kawalpemilu.org#15871,"GURUN PANJANG, BUKIT KAPUR, KOTA DUMAI, RIAU",6,193,26,219
https://kawalpemilu.org#15871,"GURUN PANJANG, BUKIT KAPUR, KOTA DUMAI, RIAU",7,101,28,129
https://kawalpemilu.org#15871,"GURUN PANJANG, BUKIT KAPUR, KOTA DUMAI, RIAU",8,103,33,136
https://kawalpemilu.org#15871,"GURUN PANJANG, BUKIT KAPUR, KOTA DUMAI, RIAU",9,123,46,169
https://kawalpemilu.org#15871,"GURUN PANJANG, BUKIT KAPUR, KOTA DUMAI, RIAU",10,113,33,146
https://kawalpemilu.org#15871,"GURUN PANJANG, BUKIT KAPUR, KOTA DUMAI, RIAU",11,153,75,228
https://kawalpemilu.org#15871,"GURUN PANJANG, BUKIT KAPUR, KOTA DUMAI, RIAU",12,107,34,141
https://kawalpemilu.org#15871,"GURUN PANJANG, BUKIT KAPUR, KOTA DUMAI, RIAU",13,109,32,141
https://kawalpemilu.org#15871,"GURUN PANJANG, BUKIT KAPUR, KOTA DUMAI, RIAU",14,102,32,134
https://kawalpemilu.org#15871,"GURUN PANJANG, BUKIT KAPUR, KOTA DUMAI, RIAU",15,94,49,143
https://kawalpemilu.org#15871,"GURUN PANJANG, BUKIT KAPUR, KOTA DUMAI, RIAU",16,160,46,206
https://kawalpemilu.org#15872,"BAGAN BESAR, BUKIT KAPUR, KOTA DUMAI, RIAU",1,183,41,224
https://kawalpemilu.org#15872,"BAGAN BESAR, BUKIT KAPUR, KOTA DUMAI, RIAU",2,125,52,177
https://kawalpemilu.org#15872,"BAGAN BESAR, BUKIT KAPUR, KOTA DUMAI, RIAU",3,93,103,196
https://kawalpemilu.org#15872,"BAGAN BESAR, BUKIT KAPUR, KOTA DUMAI, RIAU",4,81,121,202
https://kawalpemilu.org#15872,"BAGAN BESAR, BUKIT KAPUR, KOTA DUMAI, RIAU",5,106,150,256
https://kawalpemilu.org#15872,"BAGAN BESAR, BUKIT KAPUR, KOTA DUMAI, RIAU",6,118,89,207
https://kawalpemilu.org#15872,"BAGAN BESAR, BUKIT KAPUR, KOTA DUMAI, RIAU",8,95,139,234
https://kawalpemilu.org#15872,"BAGAN BESAR, BUKIT KAPUR, KOTA DUMAI, RIAU",9,122,115,237
https://kawalpemilu.org#15872,"BAGAN BESAR, BUKIT KAPUR, KOTA DUMAI, RIAU",10,62,161,223
https://kawalpemilu.org#15872,"BAGAN BESAR, BUKIT KAPUR, KOTA DUMAI, RIAU",11,57,96,153
https://kawalpemilu.org#15872,"BAGAN BESAR, BUKIT KAPUR, KOTA DUMAI, RIAU",12,61,147,208
https://kawalpemilu.org#15872,"BAGAN BESAR, BUKIT KAPUR, KOTA DUMAI, RIAU",13,57,106,163
https://kawalpemilu.org#15872,"BAGAN BESAR, BUKIT KAPUR, KOTA DUMAI, RIAU",14,50,117,167
https://kawalpemilu.org#15872,"BAGAN BESAR, BUKIT KAPUR, KOTA DUMAI, RIAU",15,85,150,235
https://kawalpemilu.org#15872,"BAGAN BESAR, BUKIT KAPUR, KOTA DUMAI, RIAU",16,42,105,147
https://kawalpemilu.org#15872,"BAGAN BESAR, BUKIT KAPUR, KOTA DUMAI, RIAU",17,46,92,138
https://kawalpemilu.org#15872,"BAGAN BESAR, BUKIT KAPUR, KOTA DUMAI, RIAU",18,84,140,224
https://kawalpemilu.org#15872,"BAGAN BESAR, BUKIT KAPUR, KOTA DUMAI, RIAU",19,63,104,167
https://kawalpemilu.org#15872,"BAGAN BESAR, BUKIT KAPUR, KOTA DUMAI, RIAU",20,88,129,217
https://kawalpemilu.org#15872,"BAGAN BESAR, BUKIT KAPUR, KOTA DUMAI, RIAU",21,98,183,281
https://kawalpemilu.org#15872,"BAGAN BESAR, BUKIT KAPUR, KOTA DUMAI, RIAU",22,39,123,162
https://kawalpemilu.org#15872,"BAGAN BESAR, BUKIT KAPUR, KOTA DUMAI, RIAU",23,38,96,134
https://kawalpemilu.org#15872,"BAGAN BESAR, BUKIT KAPUR, KOTA DUMAI, RIAU",24,44,151,195
https://kawalpemilu.org#15872,"BAGAN BESAR, BUKIT KAPUR, KOTA DUMAI, RIAU",25,53,128,181
https://kawalpemilu.org#15872,"BAGAN BESAR, BUKIT KAPUR, KOTA DUMAI, RIAU",26,22,141,163
https://kawalpemilu.org#15872,"BAGAN BESAR, BUKIT KAPUR, KOTA DUMAI, RIAU",27,14,123,137
https://kawalpemilu.org#15872,"BAGAN BESAR, BUKIT KAPUR, KOTA DUMAI, RIAU",28,41,145,186
https://kawalpemilu.org#15872,"BAGAN BESAR, BUKIT KAPUR, KOTA DUMAI, RIAU",29,130,131,261
https://kawalpemilu.org#15872,"BAGAN BESAR, BUKIT KAPUR, KOTA DUMAI, RIAU",30,107,126,233
https://kawalpemilu.org#15872,"BAGAN BESAR, BUKIT KAPUR, KOTA DUMAI, RIAU",31,48,203,251
https://kawalpemilu.org#15872,"BAGAN BESAR, BUKIT KAPUR, KOTA DUMAI, RIAU",33,40,164,204
https://kawalpemilu.org#15872,"BAGAN BESAR, BUKIT KAPUR, KOTA DUMAI, RIAU",34,18,105,123
https://kawalpemilu.org#15872,"BAGAN BESAR, BUKIT KAPUR, KOTA DUMAI, RIAU",35,36,91,127
https://kawalpemilu.org#15873,"KAMPUNG BARU, BUKIT KAPUR, KOTA DUMAI, RIAU",1,116,123,239
https://kawalpemilu.org#15873,"KAMPUNG BARU, BUKIT KAPUR, KOTA DUMAI, RIAU",2,125,63,188
https://kawalpemilu.org#15873,"KAMPUNG BARU, BUKIT KAPUR, KOTA DUMAI, RIAU",3,141,64,205
https://kawalpemilu.org#15873,"KAMPUNG BARU, BUKIT KAPUR, KOTA DUMAI, RIAU",4,116,123,239
https://kawalpemilu.org#15873,"KAMPUNG BARU, BUKIT KAPUR, KOTA DUMAI, RIAU",5,122,41,163
https://kawalpemilu.org#15873,"KAMPUNG BARU, BUKIT KAPUR, KOTA DUMAI, RIAU",6,124,66,190
https://kawalpemilu.org#15873,"KAMPUNG BARU, BUKIT KAPUR, KOTA DUMAI, RIAU",7,106,91,197
https://kawalpemilu.org#15873,"KAMPUNG BARU, BUKIT KAPUR, KOTA DUMAI, RIAU",8,116,107,223
https://kawalpemilu.org#15873,"KAMPUNG BARU, BUKIT KAPUR, KOTA DUMAI, RIAU",9,141,75,216
https://kawalpemilu.org#15873,"KAMPUNG BARU, BUKIT KAPUR, KOTA DUMAI, RIAU",10,113,93,206
https://kawalpemilu.org#15873,"KAMPUNG BARU, BUKIT KAPUR, KOTA DUMAI, RIAU",11,120,101,221
https://kawalpemilu.org#15873,"KAMPUNG BARU, BUKIT KAPUR, KOTA DUMAI, RIAU",12,130,39,169
https://kawalpemilu.org#15873,"KAMPUNG BARU, BUKIT KAPUR, KOTA DUMAI, RIAU",13,118,44,162
https://kawalpemilu.org#15873,"KAMPUNG BARU, BUKIT KAPUR, KOTA DUMAI, RIAU",14,115,52,167
https://kawalpemilu.org#15873,"KAMPUNG BARU, BUKIT KAPUR, KOTA DUMAI, RIAU",15,147,45,192
https://kawalpemilu.org#15873,"KAMPUNG BARU, BUKIT KAPUR, KOTA DUMAI, RIAU",16,119,19,138
https://kawalpemilu.org#15873,"KAMPUNG BARU, BUKIT KAPUR, KOTA DUMAI, RIAU",18,89,41,130
https://kawalpemilu.org#15873,"KAMPUNG BARU, BUKIT KAPUR, KOTA DUMAI, RIAU",19,89,35,124
https://kawalpemilu.org#15873,"KAMPUNG BARU, BUKIT KAPUR, KOTA DUMAI, RIAU",20,96,61,157
https://kawalpemilu.org#15875,"LUBUK GAUNG, SUNGAI SEMBILAN, KOTA DUMAI, RIAU",1,136,64,200
https://kawalpemilu.org#15875,"LUBUK GAUNG, SUNGAI SEMBILAN, KOTA DUMAI, RIAU",2,33,119,152
https://kawalpemilu.org#15875,"LUBUK GAUNG, SUNGAI SEMBILAN, KOTA DUMAI, RIAU",3,53,124,177
https://kawalpemilu.org#15875,"LUBUK GAUNG, SUNGAI SEMBILAN, KOTA DUMAI, RIAU",4,91,114,205
https://kawalpemilu.org#15875,"LUBUK GAUNG, SUNGAI SEMBILAN, KOTA DUMAI, RIAU",5,46,152,198
https://kawalpemilu.org#15875,"LUBUK GAUNG, SUNGAI SEMBILAN, KOTA DUMAI, RIAU",6,70,122,192
https://kawalpemilu.org#15875,"LUBUK GAUNG, SUNGAI SEMBILAN, KOTA DUMAI, RIAU",7,93,118,211
https://kawalpemilu.org#15875,"LUBUK GAUNG, SUNGAI SEMBILAN, KOTA DUMAI, RIAU",8,65,128,193
https://kawalpemilu.org#15875,"LUBUK GAUNG, SUNGAI SEMBILAN, KOTA DUMAI, RIAU",9,104,142,246
https://kawalpemilu.org#15875,"LUBUK GAUNG, SUNGAI SEMBILAN, KOTA DUMAI, RIAU",10,68,133,201
https://kawalpemilu.org#15875,"LUBUK GAUNG, SUNGAI SEMBILAN, KOTA DUMAI, RIAU",11,95,64,159
https://kawalpemilu.org#15875,"LUBUK GAUNG, SUNGAI SEMBILAN, KOTA DUMAI, RIAU",12,89,81,170
https://kawalpemilu.org#15875,"LUBUK GAUNG, SUNGAI SEMBILAN, KOTA DUMAI, RIAU",13,51,88,139
https://kawalpemilu.org#15875,"LUBUK GAUNG, SUNGAI SEMBILAN, KOTA DUMAI, RIAU",14,100,118,218
https://kawalpemilu.org#15875,"LUBUK GAUNG, SUNGAI SEMBILAN, KOTA DUMAI, RIAU",15,113,113,226
https://kawalpemilu.org#15875,"LUBUK GAUNG, SUNGAI SEMBILAN, KOTA DUMAI, RIAU",16,98,87,185
https://kawalpemilu.org#15875,"LUBUK GAUNG, SUNGAI SEMBILAN, KOTA DUMAI, RIAU",17,158,55,213
https://kawalpemilu.org#15875,"LUBUK GAUNG, SUNGAI SEMBILAN, KOTA DUMAI, RIAU",18,139,20,159
https://kawalpemilu.org#15875,"LUBUK GAUNG, SUNGAI SEMBILAN, KOTA DUMAI, RIAU",19,124,12,136
https://kawalpemilu.org#15875,"LUBUK GAUNG, SUNGAI SEMBILAN, KOTA DUMAI, RIAU",20,126,45,171
https://kawalpemilu.org#15875,"LUBUK GAUNG, SUNGAI SEMBILAN, KOTA DUMAI, RIAU",21,117,113,230
https://kawalpemilu.org#15875,"LUBUK GAUNG, SUNGAI SEMBILAN, KOTA DUMAI, RIAU",22,104,82,186
https://kawalpemilu.org#15875,"LUBUK GAUNG, SUNGAI SEMBILAN, KOTA DUMAI, RIAU",23,146,61,207
https://kawalpemilu.org#15875,"LUBUK GAUNG, SUNGAI SEMBILAN, KOTA DUMAI, RIAU",24,116,66,182
https://kawalpemilu.org#15875,"LUBUK GAUNG, SUNGAI SEMBILAN, KOTA DUMAI, RIAU",25,96,67,163
https://kawalpemilu.org#15875,"LUBUK GAUNG, SUNGAI SEMBILAN, KOTA DUMAI, RIAU",26,122,32,154
https://kawalpemilu.org#15875,"LUBUK GAUNG, SUNGAI SEMBILAN, KOTA DUMAI, RIAU",27,139,57,196
https://kawalpemilu.org#15875,"LUBUK GAUNG, SUNGAI SEMBILAN, KOTA DUMAI, RIAU",28,105,62,167
https://kawalpemilu.org#15875,"LUBUK GAUNG, SUNGAI SEMBILAN, KOTA DUMAI, RIAU",29,110,61,171
https://kawalpemilu.org#15875,"LUBUK GAUNG, SUNGAI SEMBILAN, KOTA DUMAI, RIAU",30,118,111,229
https://kawalpemilu.org#15875,"LUBUK GAUNG, SUNGAI SEMBILAN, KOTA DUMAI, RIAU",31,117,53,170
https://kawalpemilu.org#15875,"LUBUK GAUNG, SUNGAI SEMBILAN, KOTA DUMAI, RIAU",32,151,68,219
https://kawalpemilu.org#15876,"TANJUNG PENYEMBAL, SUNGAI SEMBILAN, KOTA DUMAI, RIAU",1,126,112,238
https://kawalpemilu.org#15876,"TANJUNG PENYEMBAL, SUNGAI SEMBILAN, KOTA DUMAI, RIAU",2,83,123,206
https://kawalpemilu.org#15876,"TANJUNG PENYEMBAL, SUNGAI SEMBILAN, KOTA DUMAI, RIAU",3,185,79,264
https://kawalpemilu.org#15876,"TANJUNG PENYEMBAL, SUNGAI SEMBILAN, KOTA DUMAI, RIAU",4,128,107,235
https://kawalpemilu.org#15876,"TANJUNG PENYEMBAL, SUNGAI SEMBILAN, KOTA DUMAI, RIAU",5,164,89,253
https://kawalpemilu.org#15876,"TANJUNG PENYEMBAL, SUNGAI SEMBILAN, KOTA DUMAI, RIAU",6,192,41,233
https://kawalpemilu.org#15876,"TANJUNG PENYEMBAL, SUNGAI SEMBILAN, KOTA DUMAI, RIAU",7,178,99,277
https://kawalpemilu.org#15876,"TANJUNG PENYEMBAL, SUNGAI SEMBILAN, KOTA DUMAI, RIAU",8,126,116,242
https://kawalpemilu.org#15876,"TANJUNG PENYEMBAL, SUNGAI SEMBILAN, KOTA DUMAI, RIAU",9,137,71,208
https://kawalpemilu.org#15876,"TANJUNG PENYEMBAL, SUNGAI SEMBILAN, KOTA DUMAI, RIAU",10,140,87,227
https://kawalpemilu.org#15876,"TANJUNG PENYEMBAL, SUNGAI SEMBILAN, KOTA DUMAI, RIAU",11,159,63,222
https://kawalpemilu.org#15876,"TANJUNG PENYEMBAL, SUNGAI SEMBILAN, KOTA DUMAI, RIAU",12,152,56,208
https://kawalpemilu.org#15876,"TANJUNG PENYEMBAL, SUNGAI SEMBILAN, KOTA DUMAI, RIAU",13,154,77,231
https://kawalpemilu.org#15876,"TANJUNG PENYEMBAL, SUNGAI SEMBILAN, KOTA DUMAI, RIAU",14,144,46,190
https://kawalpemilu.org#15876,"TANJUNG PENYEMBAL, SUNGAI SEMBILAN, KOTA DUMAI, RIAU",15,226,17,243
https://kawalpemilu.org#15876,"TANJUNG PENYEMBAL, SUNGAI SEMBILAN, KOTA DUMAI, RIAU",16,184,81,265
https://kawalpemilu.org#15876,"TANJUNG PENYEMBAL, SUNGAI SEMBILAN, KOTA DUMAI, RIAU",17,206,52,258
https://kawalpemilu.org#15876,"TANJUNG PENYEMBAL, SUNGAI SEMBILAN, KOTA DUMAI, RIAU",18,172,53,225
https://kawalpemilu.org#15876,"TANJUNG PENYEMBAL, SUNGAI SEMBILAN, KOTA DUMAI, RIAU",19,177,20,197
https://kawalpemilu.org#15876,"TANJUNG PENYEMBAL, SUNGAI SEMBILAN, KOTA DUMAI, RIAU",20,122,58,180
https://kawalpemilu.org#15877,"BANGSAL ACEH, SUNGAI SEMBILAN, KOTA DUMAI, RIAU",1,75,169,244
https://kawalpemilu.org#15877,"BANGSAL ACEH, SUNGAI SEMBILAN, KOTA DUMAI, RIAU",2,111,147,258
https://kawalpemilu.org#15877,"BANGSAL ACEH, SUNGAI SEMBILAN, KOTA DUMAI, RIAU",3,98,127,225
https://kawalpemilu.org#15877,"BANGSAL ACEH, SUNGAI SEMBILAN, KOTA DUMAI, RIAU",4,58,132,190
https://kawalpemilu.org#15877,"BANGSAL ACEH, SUNGAI SEMBILAN, KOTA DUMAI, RIAU",5,55,118,173
https://kawalpemilu.org#15877,"BANGSAL ACEH, SUNGAI SEMBILAN, KOTA DUMAI, RIAU",6,112,112,224
https://kawalpemilu.org#15877,"BANGSAL ACEH, SUNGAI SEMBILAN, KOTA DUMAI, RIAU",7,104,88,192
https://kawalpemilu.org#15877,"BANGSAL ACEH, SUNGAI SEMBILAN, KOTA DUMAI, RIAU",8,79,91,170
https://kawalpemilu.org#15877,"BANGSAL ACEH, SUNGAI SEMBILAN, KOTA DUMAI, RIAU",9,120,110,230
https://kawalpemilu.org#15877,"BANGSAL ACEH, SUNGAI SEMBILAN, KOTA DUMAI, RIAU",10,152,100,252
https://kawalpemilu.org#15877,"BANGSAL ACEH, SUNGAI SEMBILAN, KOTA DUMAI, RIAU",11,147,72,219
https://kawalpemilu.org#15877,"BANGSAL ACEH, SUNGAI SEMBILAN, KOTA DUMAI, RIAU",12,144,72,216
https://kawalpemilu.org#15877,"BANGSAL ACEH, SUNGAI SEMBILAN, KOTA DUMAI, RIAU",13,130,30,160
https://kawalpemilu.org#15878,"BASILAM BARU, SUNGAI SEMBILAN, KOTA DUMAI, RIAU",1,120,81,201
https://kawalpemilu.org#15878,"BASILAM BARU, SUNGAI SEMBILAN, KOTA DUMAI, RIAU",2,69,157,226
https://kawalpemilu.org#15878,"BASILAM BARU, SUNGAI SEMBILAN, KOTA DUMAI, RIAU",3,27,162,189
https://kawalpemilu.org#15878,"BASILAM BARU, SUNGAI SEMBILAN, KOTA DUMAI, RIAU",4,137,100,237
https://kawalpemilu.org#15878,"BASILAM BARU, SUNGAI SEMBILAN, KOTA DUMAI, RIAU",5,162,70,232
https://kawalpemilu.org#15878,"BASILAM BARU, SUNGAI SEMBILAN, KOTA DUMAI, RIAU",6,169,57,226
https://kawalpemilu.org#15878,"BASILAM BARU, SUNGAI SEMBILAN, KOTA DUMAI, RIAU",7,130,8,138
https://kawalpemilu.org#15878,"BASILAM BARU, SUNGAI SEMBILAN, KOTA DUMAI, RIAU",8,182,66,248
https://kawalpemilu.org#15878,"BASILAM BARU, SUNGAI SEMBILAN, KOTA DUMAI, RIAU",9,154,61,215
https://kawalpemilu.org#15878,"BASILAM BARU, SUNGAI SEMBILAN, KOTA DUMAI, RIAU",10,117,26,143
https://kawalpemilu.org#15878,"BASILAM BARU, SUNGAI SEMBILAN, KOTA DUMAI, RIAU",11,118,22,140
https://kawalpemilu.org#15878,"BASILAM BARU, SUNGAI SEMBILAN, KOTA DUMAI, RIAU",12,205,11,216
https://kawalpemilu.org#15878,"BASILAM BARU, SUNGAI SEMBILAN, KOTA DUMAI, RIAU",13,104,82,186
https://kawalpemilu.org#15878,"BASILAM BARU, SUNGAI SEMBILAN, KOTA DUMAI, RIAU",14,50,53,103
https://kawalpemilu.org#15878,"BASILAM BARU, SUNGAI SEMBILAN, KOTA DUMAI, RIAU",15,190,37,227
https://kawalpemilu.org#15878,"BASILAM BARU, SUNGAI SEMBILAN, KOTA DUMAI, RIAU",16,167,19,186
https://kawalpemilu.org#15878,"BASILAM BARU, SUNGAI SEMBILAN, KOTA DUMAI, RIAU",17,177,30,207
https://kawalpemilu.org#15878,"BASILAM BARU, SUNGAI SEMBILAN, KOTA DUMAI, RIAU",18,229,27,256
https://kawalpemilu.org#15878,"BASILAM BARU, SUNGAI SEMBILAN, KOTA DUMAI, RIAU",19,212,42,254
https://kawalpemilu.org#15878,"BASILAM BARU, SUNGAI SEMBILAN, KOTA DUMAI, RIAU",20,100,36,136
https://kawalpemilu.org#15878,"BASILAM BARU, SUNGAI SEMBILAN, KOTA DUMAI, RIAU",21,117,40,157
https://kawalpemilu.org#15878,"BASILAM BARU, SUNGAI SEMBILAN, KOTA DUMAI, RIAU",22,139,47,186
https://kawalpemilu.org#15878,"BASILAM BARU, SUNGAI SEMBILAN, KOTA DUMAI, RIAU",23,164,45,209
https://kawalpemilu.org#15878,"BASILAM BARU, SUNGAI SEMBILAN, KOTA DUMAI, RIAU",24,188,28,216
https://kawalpemilu.org#15878,"BASILAM BARU, SUNGAI SEMBILAN, KOTA DUMAI, RIAU",25,121,59,180
https://kawalpemilu.org#15878,"BASILAM BARU, SUNGAI SEMBILAN, KOTA DUMAI, RIAU",26,107,43,150
https://kawalpemilu.org#15878,"BASILAM BARU, SUNGAI SEMBILAN, KOTA DUMAI, RIAU",27,187,30,217
https://kawalpemilu.org#15878,"BASILAM BARU, SUNGAI SEMBILAN, KOTA DUMAI, RIAU",28,159,22,181
https://kawalpemilu.org#15879,"BATU TERITIP, SUNGAI SEMBILAN, KOTA DUMAI, RIAU",1,237,30,267
https://kawalpemilu.org#15879,"BATU TERITIP, SUNGAI SEMBILAN, KOTA DUMAI, RIAU",2,142,62,204
https://kawalpemilu.org#15879,"BATU TERITIP, SUNGAI SEMBILAN, KOTA DUMAI, RIAU",3,120,55,175
https://kawalpemilu.org#15879,"BATU TERITIP, SUNGAI SEMBILAN, KOTA DUMAI, RIAU",4,206,29,235
https://kawalpemilu.org#15879,"BATU TERITIP, SUNGAI SEMBILAN, KOTA DUMAI, RIAU",5,89,25,114
https://kawalpemilu.org#15879,"BATU TERITIP, SUNGAI SEMBILAN, KOTA DUMAI, RIAU",6,36,10,46
https://kawalpemilu.org#15879,"BATU TERITIP, SUNGAI SEMBILAN, KOTA DUMAI, RIAU",7,58,63,121
https://kawalpemilu.org#15879,"BATU TERITIP, SUNGAI SEMBILAN, KOTA DUMAI, RIAU",8,157,10,167
https://kawalpemilu.org#15879,"BATU TERITIP, SUNGAI SEMBILAN, KOTA DUMAI, RIAU",9,104,30,134
https://kawalpemilu.org#15879,"BATU TERITIP, SUNGAI SEMBILAN, KOTA DUMAI, RIAU",10,201,46,247
https://kawalpemilu.org#15881,"TELUK MAKMUR, MEDANG KAMPAI, KOTA DUMAI, RIAU",1,67,200,267
https://kawalpemilu.org#15881,"TELUK MAKMUR, MEDANG KAMPAI, KOTA DUMAI, RIAU",2,57,208,265
https://kawalpemilu.org#15881,"TELUK MAKMUR, MEDANG KAMPAI, KOTA DUMAI, RIAU",3,99,173,272
https://kawalpemilu.org#15881,"TELUK MAKMUR, MEDANG KAMPAI, KOTA DUMAI, RIAU",4,91,156,2
https://kawalpemilu.org#15881,"TELUK MAKMUR, MEDANG KAMPAI, KOTA DUMAI, RIAU",5,46,185,231
https://kawalpemilu.org#15881,"TELUK MAKMUR, MEDANG KAMPAI, KOTA DUMAI, RIAU",6,61,160,221
https://kawalpemilu.org#15881,"TELUK MAKMUR, MEDANG KAMPAI, KOTA DUMAI, RIAU",7,79,171,250
https://kawalpemilu.org#15881,"TELUK MAKMUR, MEDANG KAMPAI, KOTA DUMAI, RIAU",8,76,169,245
https://kawalpemilu.org#15882,"MUNDAM, MEDANG KAMPAI, KOTA DUMAI, RIAU",1,54,141,195
https://kawalpemilu.org#15882,"MUNDAM, MEDANG KAMPAI, KOTA DUMAI, RIAU",2,49,147,196
https://kawalpemilu.org#15882,"MUNDAM, MEDANG KAMPAI, KOTA DUMAI, RIAU",3,66,161,227
https://kawalpemilu.org#15882,"MUNDAM, MEDANG KAMPAI, KOTA DUMAI, RIAU",4,68,129,197
https://kawalpemilu.org#15882,"MUNDAM, MEDANG KAMPAI, KOTA DUMAI, RIAU",5,95,134,229
https://kawalpemilu.org#15882,"MUNDAM, MEDANG KAMPAI, KOTA DUMAI, RIAU",6,73,176,249
https://kawalpemilu.org#15882,"MUNDAM, MEDANG KAMPAI, KOTA DUMAI, RIAU",7,54,141,195
https://kawalpemilu.org#15882,"MUNDAM, MEDANG KAMPAI, KOTA DUMAI, RIAU",8,76,141,217
https://kawalpemilu.org#15883,"GUNTUNG, MEDANG KAMPAI, KOTA DUMAI, RIAU",1,82,141,223
https://kawalpemilu.org#15883,"GUNTUNG, MEDANG KAMPAI, KOTA DUMAI, RIAU",2,66,158,224
https://kawalpemilu.org#15883,"GUNTUNG, MEDANG KAMPAI, KOTA DUMAI, RIAU",3,48,176,224
https://kawalpemilu.org#15883,"GUNTUNG, MEDANG KAMPAI, KOTA DUMAI, RIAU",4,78,161,239
https://kawalpemilu.org#15884,"PELINTUNG, MEDANG KAMPAI, KOTA DUMAI, RIAU",1,84,201,285
https://kawalpemilu.org#15884,"PELINTUNG, MEDANG KAMPAI, KOTA DUMAI, RIAU",2,130,135,265
https://kawalpemilu.org#15884,"PELINTUNG, MEDANG KAMPAI, KOTA DUMAI, RIAU",3,43,137,180
https://kawalpemilu.org#15884,"PELINTUNG, MEDANG KAMPAI, KOTA DUMAI, RIAU",4,87,145,232
https://kawalpemilu.org#15884,"PELINTUNG, MEDANG KAMPAI, KOTA DUMAI, RIAU",5,58,148,206
https://kawalpemilu.org#15884,"PELINTUNG, MEDANG KAMPAI, KOTA DUMAI, RIAU",6,82,171,253
https://kawalpemilu.org#15884,"PELINTUNG, MEDANG KAMPAI, KOTA DUMAI, RIAU",7,116,133,249
https://kawalpemilu.org#15884,"PELINTUNG, MEDANG KAMPAI, KOTA DUMAI, RIAU",8,110,114,224
https://kawalpemilu.org#15884,"PELINTUNG, MEDANG KAMPAI, KOTA DUMAI, RIAU",9,104,97,201
https://kawalpemilu.org#15884,"PELINTUNG, MEDANG KAMPAI, KOTA DUMAI, RIAU",10,110,101,211
https://kawalpemilu.org#15884,"PELINTUNG, MEDANG KAMPAI, KOTA DUMAI, RIAU",11,105,140,245
https://kawalpemilu.org#15884,"PELINTUNG, MEDANG KAMPAI, KOTA DUMAI, RIAU",12,147,63,210
https://kawalpemilu.org#15884,"PELINTUNG, MEDANG KAMPAI, KOTA DUMAI, RIAU",13,65,22,87
https://kawalpemilu.org#15848,"LAKSAMANA, DUMAI KOTA, KOTA DUMAI, RIAU",1,75,170,245
https://kawalpemilu.org#15848,"LAKSAMANA, DUMAI KOTA, KOTA DUMAI, RIAU",2,55,107,162
https://kawalpemilu.org#15848,"LAKSAMANA, DUMAI KOTA, KOTA DUMAI, RIAU",3,47,117,164
https://kawalpemilu.org#15848,"LAKSAMANA, DUMAI KOTA, KOTA DUMAI, RIAU",4,47,98,145
https://kawalpemilu.org#15848,"LAKSAMANA, DUMAI KOTA, KOTA DUMAI, RIAU",5,23,98,121
https://kawalpemilu.org#15848,"LAKSAMANA, DUMAI KOTA, KOTA DUMAI, RIAU",6,64,122,186
https://kawalpemilu.org#15848,"LAKSAMANA, DUMAI KOTA, KOTA DUMAI, RIAU",7,46,214,260
https://kawalpemilu.org#15848,"LAKSAMANA, DUMAI KOTA, KOTA DUMAI, RIAU",8,65,157,222
https://kawalpemilu.org#15848,"LAKSAMANA, DUMAI KOTA, KOTA DUMAI, RIAU",9,52,91,143
https://kawalpemilu.org#15848,"LAKSAMANA, DUMAI KOTA, KOTA DUMAI, RIAU",10,26,141,167
https://kawalpemilu.org#15849,"RIMBA SEKAMPUNG, DUMAI KOTA, KOTA DUMAI, RIAU",1,45,99,144
https://kawalpemilu.org#15849,"RIMBA SEKAMPUNG, DUMAI KOTA, KOTA DUMAI, RIAU",2,40,105,145
https://kawalpemilu.org#15849,"RIMBA SEKAMPUNG, DUMAI KOTA, KOTA DUMAI, RIAU",3,66,143,209
https://kawalpemilu.org#15849,"RIMBA SEKAMPUNG, DUMAI KOTA, KOTA DUMAI, RIAU",4,126,114,240
https://kawalpemilu.org#15849,"RIMBA SEKAMPUNG, DUMAI KOTA, KOTA DUMAI, RIAU",5,59,179,238
https://kawalpemilu.org#15849,"RIMBA SEKAMPUNG, DUMAI KOTA, KOTA DUMAI, RIAU",6,63,78,141
https://kawalpemilu.org#15849,"RIMBA SEKAMPUNG, DUMAI KOTA, KOTA DUMAI, RIAU",7,122,41,163
https://kawalpemilu.org#15849,"RIMBA SEKAMPUNG, DUMAI KOTA, KOTA DUMAI, RIAU",8,113,42,155
https://kawalpemilu.org#15849,"RIMBA SEKAMPUNG, DUMAI KOTA, KOTA DUMAI, RIAU",9,56,60,116
https://kawalpemilu.org#15849,"RIMBA SEKAMPUNG, DUMAI KOTA, KOTA DUMAI, RIAU",10,27,62,89
https://kawalpemilu.org#15849,"RIMBA SEKAMPUNG, DUMAI KOTA, KOTA DUMAI, RIAU",11,59,166,225
https://kawalpemilu.org#15849,"RIMBA SEKAMPUNG, DUMAI KOTA, KOTA DUMAI, RIAU",12,119,50,169
https://kawalpemilu.org#15849,"RIMBA SEKAMPUNG, DUMAI KOTA, KOTA DUMAI, RIAU",13,81,84,165
https://kawalpemilu.org#15849,"RIMBA SEKAMPUNG, DUMAI KOTA, KOTA DUMAI, RIAU",14,80,83,163
https://kawalpemilu.org#15849,"RIMBA SEKAMPUNG, DUMAI KOTA, KOTA DUMAI, RIAU",15,89,159,248
https://kawalpemilu.org#15849,"RIMBA SEKAMPUNG, DUMAI KOTA, KOTA DUMAI, RIAU",16,66,78,144
https://kawalpemilu.org#15849,"RIMBA SEKAMPUNG, DUMAI KOTA, KOTA DUMAI, RIAU",17,79,81,160
https://kawalpemilu.org#15849,"RIMBA SEKAMPUNG, DUMAI KOTA, KOTA DUMAI, RIAU",18,42,104,146
https://kawalpemilu.org#15849,"RIMBA SEKAMPUNG, DUMAI KOTA, KOTA DUMAI, RIAU",19,26,114,140
https://kawalpemilu.org#15849,"RIMBA SEKAMPUNG, DUMAI KOTA, KOTA DUMAI, RIAU",20,48,153,201
https://kawalpemilu.org#15849,"RIMBA SEKAMPUNG, DUMAI KOTA, KOTA DUMAI, RIAU",21,52,160,212
https://kawalpemilu.org#15849,"RIMBA SEKAMPUNG, DUMAI KOTA, KOTA DUMAI, RIAU",22,93,95,188
https://kawalpemilu.org#15849,"RIMBA SEKAMPUNG, DUMAI KOTA, KOTA DUMAI, RIAU",23,77,92,169
https://kawalpemilu.org#15849,"RIMBA SEKAMPUNG, DUMAI KOTA, KOTA DUMAI, RIAU",24,89,78,167
https://kawalpemilu.org#15849,"RIMBA SEKAMPUNG, DUMAI KOTA, KOTA DUMAI, RIAU",25,76,84,160
https://kawalpemilu.org#15849,"RIMBA SEKAMPUNG, DUMAI KOTA, KOTA DUMAI, RIAU",26,100,61,161
https://kawalpemilu.org#15849,"RIMBA SEKAMPUNG, DUMAI KOTA, KOTA DUMAI, RIAU",27,83,60,143
https://kawalpemilu.org#15849,"RIMBA SEKAMPUNG, DUMAI KOTA, KOTA DUMAI, RIAU",28,108,31,139
https://kawalpemilu.org#15849,"RIMBA SEKAMPUNG, DUMAI KOTA, KOTA DUMAI, RIAU",29,106,110,216
https://kawalpemilu.org#15849,"RIMBA SEKAMPUNG, DUMAI KOTA, KOTA DUMAI, RIAU",30,73,96,169
https://kawalpemilu.org#15849,"RIMBA SEKAMPUNG, DUMAI KOTA, KOTA DUMAI, RIAU",31,114,88,202
https://kawalpemilu.org#15849,"RIMBA SEKAMPUNG, DUMAI KOTA, KOTA DUMAI, RIAU",32,98,105,203
https://kawalpemilu.org#15849,"RIMBA SEKAMPUNG, DUMAI KOTA, KOTA DUMAI, RIAU",33,97,104,201
https://kawalpemilu.org#15849,"RIMBA SEKAMPUNG, DUMAI KOTA, KOTA DUMAI, RIAU",34,89,91,180
https://kawalpemilu.org#15849,"RIMBA SEKAMPUNG, DUMAI KOTA, KOTA DUMAI, RIAU",35,71,165,236
https://kawalpemilu.org#15849,"RIMBA SEKAMPUNG, DUMAI KOTA, KOTA DUMAI, RIAU",36,152,40,192
https://kawalpemilu.org#15849,"RIMBA SEKAMPUNG, DUMAI KOTA, KOTA DUMAI, RIAU",37,113,57,170
https://kawalpemilu.org#15849,"RIMBA SEKAMPUNG, DUMAI KOTA, KOTA DUMAI, RIAU",38,147,25,172
https://kawalpemilu.org#15849,"RIMBA SEKAMPUNG, DUMAI KOTA, KOTA DUMAI, RIAU",39,172,12,184
https://kawalpemilu.org#15849,"RIMBA SEKAMPUNG, DUMAI KOTA, KOTA DUMAI, RIAU",40,81,93,174
https://kawalpemilu.org#15849,"RIMBA SEKAMPUNG, DUMAI KOTA, KOTA DUMAI, RIAU",41,42,120,162
https://kawalpemilu.org#15849,"RIMBA SEKAMPUNG, DUMAI KOTA, KOTA DUMAI, RIAU",42,94,131,225
https://kawalpemilu.org#15849,"RIMBA SEKAMPUNG, DUMAI KOTA, KOTA DUMAI, RIAU",43,57,86,143
https://kawalpemilu.org#15859,"SUKAJADI, DUMAI KOTA, KOTA DUMAI, RIAU",1,105,126,231
https://kawalpemilu.org#15859,"SUKAJADI, DUMAI KOTA, KOTA DUMAI, RIAU",3,67,85,152
https://kawalpemilu.org#15859,"SUKAJADI, DUMAI KOTA, KOTA DUMAI, RIAU",4,74,163,237
https://kawalpemilu.org#15859,"SUKAJADI, DUMAI KOTA, KOTA DUMAI, RIAU",5,46,175,221
https://kawalpemilu.org#15859,"SUKAJADI, DUMAI KOTA, KOTA DUMAI, RIAU",6,79,127,206
https://kawalpemilu.org#15859,"SUKAJADI, DUMAI KOTA, KOTA DUMAI, RIAU",7,37,104,141
https://kawalpemilu.org#15859,"SUKAJADI, DUMAI KOTA, KOTA DUMAI, RIAU",8,26,109,135
https://kawalpemilu.org#15859,"SUKAJADI, DUMAI KOTA, KOTA DUMAI, RIAU",9,26,104,130
https://kawalpemilu.org#15859,"SUKAJADI, DUMAI KOTA, KOTA DUMAI, RIAU",10,24,128,152
https://kawalpemilu.org#15859,"SUKAJADI, DUMAI KOTA, KOTA DUMAI, RIAU",11,34,127,161
https://kawalpemilu.org#15859,"SUKAJADI, DUMAI KOTA, KOTA DUMAI, RIAU",12,12,139,151
https://kawalpemilu.org#15859,"SUKAJADI, DUMAI KOTA, KOTA DUMAI, RIAU",13,71,117,188
https://kawalpemilu.org#15859,"SUKAJADI, DUMAI KOTA, KOTA DUMAI, RIAU",14,74,163,237
https://kawalpemilu.org#15859,"SUKAJADI, DUMAI KOTA, KOTA DUMAI, RIAU",15,48,160,208
https://kawalpemilu.org#15859,"SUKAJADI, DUMAI KOTA, KOTA DUMAI, RIAU",16,58,172,230
https://kawalpemilu.org#15859,"SUKAJADI, DUMAI KOTA, KOTA DUMAI, RIAU",17,85,211,296
https://kawalpemilu.org#15859,"SUKAJADI, DUMAI KOTA, KOTA DUMAI, RIAU",18,30,166,196
https://kawalpemilu.org#15859,"SUKAJADI, DUMAI KOTA, KOTA DUMAI, RIAU",19,59,155,214
https://kawalpemilu.org#15859,"SUKAJADI, DUMAI KOTA, KOTA DUMAI, RIAU",20,94,186,280
https://kawalpemilu.org#15859,"SUKAJADI, DUMAI KOTA, KOTA DUMAI, RIAU",21,61,149,210
https://kawalpemilu.org#15859,"SUKAJADI, DUMAI KOTA, KOTA DUMAI, RIAU",22,77,173,250
https://kawalpemilu.org#15859,"SUKAJADI, DUMAI KOTA, KOTA DUMAI, RIAU",23,37,166,203
https://kawalpemilu.org#15859,"SUKAJADI, DUMAI KOTA, KOTA DUMAI, RIAU",24,39,132,171
https://kawalpemilu.org#15859,"SUKAJADI, DUMAI KOTA, KOTA DUMAI, RIAU",25,41,127,168
https://kawalpemilu.org#15859,"SUKAJADI, DUMAI KOTA, KOTA DUMAI, RIAU",26,85,147,232
https://kawalpemilu.org#15859,"SUKAJADI, DUMAI KOTA, KOTA DUMAI, RIAU",27,107,116,223
https://kawalpemilu.org#15863,"DUMAI KOTA, DUMAI KOTA, KOTA DUMAI, RIAU",1,39,117,156
https://kawalpemilu.org#15863,"DUMAI KOTA, DUMAI KOTA, KOTA DUMAI, RIAU",3,59,131,190
https://kawalpemilu.org#15863,"DUMAI KOTA, DUMAI KOTA, KOTA DUMAI, RIAU",4,83,83,166
https://kawalpemilu.org#15863,"DUMAI KOTA, DUMAI KOTA, KOTA DUMAI, RIAU",5,72,72,144
https://kawalpemilu.org#15863,"DUMAI KOTA, DUMAI KOTA, KOTA DUMAI, RIAU",6,28,86,114
https://kawalpemilu.org#15863,"DUMAI KOTA, DUMAI KOTA, KOTA DUMAI, RIAU",7,21,97,118
https://kawalpemilu.org#15863,"DUMAI KOTA, DUMAI KOTA, KOTA DUMAI, RIAU",8,32,145,177
https://kawalpemilu.org#15863,"DUMAI KOTA, DUMAI KOTA, KOTA DUMAI, RIAU",9,39,129,168
https://kawalpemilu.org#15863,"DUMAI KOTA, DUMAI KOTA, KOTA DUMAI, RIAU",10,50,116,166
https://kawalpemilu.org#15863,"DUMAI KOTA, DUMAI KOTA, KOTA DUMAI, RIAU",11,46,105,151
https://kawalpemilu.org#15863,"DUMAI KOTA, DUMAI KOTA, KOTA DUMAI, RIAU",12,46,91,137
https://kawalpemilu.org#15863,"DUMAI KOTA, DUMAI KOTA, KOTA DUMAI, RIAU",13,43,89,132
https://kawalpemilu.org#15863,"DUMAI KOTA, DUMAI KOTA, KOTA DUMAI, RIAU",14,40,143,183
https://kawalpemilu.org#15863,"DUMAI KOTA, DUMAI KOTA, KOTA DUMAI, RIAU",15,52,127,179
https://kawalpemilu.org#15863,"DUMAI KOTA, DUMAI KOTA, KOTA DUMAI, RIAU",16,44,122,166
https://kawalpemilu.org#15863,"DUMAI KOTA, DUMAI KOTA, KOTA DUMAI, RIAU",17,43,106,149
https://kawalpemilu.org#15863,"DUMAI KOTA, DUMAI KOTA, KOTA DUMAI, RIAU",18,57,134,191
https://kawalpemilu.org#15863,"DUMAI KOTA, DUMAI KOTA, KOTA DUMAI, RIAU",19,43,154,197
https://kawalpemilu.org#15863,"DUMAI KOTA, DUMAI KOTA, KOTA DUMAI, RIAU",20,43,114,157
https://kawalpemilu.org#15863,"DUMAI KOTA, DUMAI KOTA, KOTA DUMAI, RIAU",21,39,107,146
https://kawalpemilu.org#15863,"DUMAI KOTA, DUMAI KOTA, KOTA DUMAI, RIAU",22,53,94,147
https://kawalpemilu.org#15863,"DUMAI KOTA, DUMAI KOTA, KOTA DUMAI, RIAU",23,45,220,265
https://kawalpemilu.org#15863,"DUMAI KOTA, DUMAI KOTA, KOTA DUMAI, RIAU",24,44,91,135
https://kawalpemilu.org#15863,"DUMAI KOTA, DUMAI KOTA, KOTA DUMAI, RIAU",25,23,127,150
https://kawalpemilu.org#15863,"DUMAI KOTA, DUMAI KOTA, KOTA DUMAI, RIAU",26,89,110,199
https://kawalpemilu.org#15866,"BINTAN, DUMAI KOTA, KOTA DUMAI, RIAU",1,31,124,155
https://kawalpemilu.org#15866,"BINTAN, DUMAI KOTA, KOTA DUMAI, RIAU",2,30,174,204
https://kawalpemilu.org#15866,"BINTAN, DUMAI KOTA, KOTA DUMAI, RIAU",3,26,156,182
https://kawalpemilu.org#15866,"BINTAN, DUMAI KOTA, KOTA DUMAI, RIAU",4,45,180,225
https://kawalpemilu.org#15866,"BINTAN, DUMAI KOTA, KOTA DUMAI, RIAU",5,16,178,194
https://kawalpemilu.org#15866,"BINTAN, DUMAI KOTA, KOTA DUMAI, RIAU",6,16,109,125
https://kawalpemilu.org#15866,"BINTAN, DUMAI KOTA, KOTA DUMAI, RIAU",7,31,123,154
https://kawalpemilu.org#15866,"BINTAN, DUMAI KOTA, KOTA DUMAI, RIAU",8,33,97,130
https://kawalpemilu.org#15866,"BINTAN, DUMAI KOTA, KOTA DUMAI, RIAU",9,21,105,126
https://kawalpemilu.org#15866,"BINTAN, DUMAI KOTA, KOTA DUMAI, RIAU",10,18,94,112
https://kawalpemilu.org#15866,"BINTAN, DUMAI KOTA, KOTA DUMAI, RIAU",11,29,105,134
https://kawalpemilu.org#15866,"BINTAN, DUMAI KOTA, KOTA DUMAI, RIAU",12,25,106,131
https://kawalpemilu.org#15866,"BINTAN, DUMAI KOTA, KOTA DUMAI, RIAU",13,17,103,120
https://kawalpemilu.org#15866,"BINTAN, DUMAI KOTA, KOTA DUMAI, RIAU",14,30,153,183
https://kawalpemilu.org#15866,"BINTAN, DUMAI KOTA, KOTA DUMAI, RIAU",15,23,161,184
https://kawalpemilu.org#15866,"BINTAN, DUMAI KOTA, KOTA DUMAI, RIAU",16,135,119,254
https://kawalpemilu.org#15866,"BINTAN, DUMAI KOTA, KOTA DUMAI, RIAU",17,50,102,152
https://kawalpemilu.org#15866,"BINTAN, DUMAI KOTA, KOTA DUMAI, RIAU",18,78,28,106
https://kawalpemilu.org#15866,"BINTAN, DUMAI KOTA, KOTA DUMAI, RIAU",19,57,134,191
https://kawalpemilu.org#15866,"BINTAN, DUMAI KOTA, KOTA DUMAI, RIAU",20,92,130,222
https://kawalpemilu.org#15866,"BINTAN, DUMAI KOTA, KOTA DUMAI, RIAU",21,33,154,187
https://kawalpemilu.org#15866,"BINTAN, DUMAI KOTA, KOTA DUMAI, RIAU",22,81,159,240
https://kawalpemilu.org#15866,"BINTAN, DUMAI KOTA, KOTA DUMAI, RIAU",23,38,88,126
https://kawalpemilu.org#15851,"BUKIT DATUK, DUMAI SELATAN, KOTA DUMAI, RIAU",1,69,174,243
https://kawalpemilu.org#15851,"BUKIT DATUK, DUMAI SELATAN, KOTA DUMAI, RIAU",2,40,200,240
https://kawalpemilu.org#15851,"BUKIT DATUK, DUMAI SELATAN, KOTA DUMAI, RIAU",3,59,152,211
https://kawalpemilu.org#15851,"BUKIT DATUK, DUMAI SELATAN, KOTA DUMAI, RIAU",4,53,150,203
https://kawalpemilu.org#15851,"BUKIT DATUK, DUMAI SELATAN, KOTA DUMAI, RIAU",5,50,150,200
https://kawalpemilu.org#15851,"BUKIT DATUK, DUMAI SELATAN, KOTA DUMAI, RIAU",6,51,140,191
https://kawalpemilu.org#15851,"BUKIT DATUK, DUMAI SELATAN, KOTA DUMAI, RIAU",7,31,192,223
https://kawalpemilu.org#15851,"BUKIT DATUK, DUMAI SELATAN, KOTA DUMAI, RIAU",8,27,181,208
https://kawalpemilu.org#15851,"BUKIT DATUK, DUMAI SELATAN, KOTA DUMAI, RIAU",9,67,68,135
https://kawalpemilu.org#15851,"BUKIT DATUK, DUMAI SELATAN, KOTA DUMAI, RIAU",10,94,46,140
https://kawalpemilu.org#15851,"BUKIT DATUK, DUMAI SELATAN, KOTA DUMAI, RIAU",11,106,48,154
https://kawalpemilu.org#15851,"BUKIT DATUK, DUMAI SELATAN, KOTA DUMAI, RIAU",12,119,37,156
https://kawalpemilu.org#15851,"BUKIT DATUK, DUMAI SELATAN, KOTA DUMAI, RIAU",13,47,155,202
https://kawalpemilu.org#15851,"BUKIT DATUK, DUMAI SELATAN, KOTA DUMAI, RIAU",14,53,123,176
https://kawalpemilu.org#15851,"BUKIT DATUK, DUMAI SELATAN, KOTA DUMAI, RIAU",15,35,105,140
https://kawalpemilu.org#15851,"BUKIT DATUK, DUMAI SELATAN, KOTA DUMAI, RIAU",16,52,92,144
https://kawalpemilu.org#15851,"BUKIT DATUK, DUMAI SELATAN, KOTA DUMAI, RIAU",17,58,71,129
https://kawalpemilu.org#15851,"BUKIT DATUK, DUMAI SELATAN, KOTA DUMAI, RIAU",18,97,76,173
https://kawalpemilu.org#15851,"BUKIT DATUK, DUMAI SELATAN, KOTA DUMAI, RIAU",19,111,77,188
https://kawalpemilu.org#15851,"BUKIT DATUK, DUMAI SELATAN, KOTA DUMAI, RIAU",20,43,98,141
https://kawalpemilu.org#15851,"BUKIT DATUK, DUMAI SELATAN, KOTA DUMAI, RIAU",21,43,111,154
https://kawalpemilu.org#15851,"BUKIT DATUK, DUMAI SELATAN, KOTA DUMAI, RIAU",22,51,194,245
https://kawalpemilu.org#15851,"BUKIT DATUK, DUMAI SELATAN, KOTA DUMAI, RIAU",23,36,84,120
https://kawalpemilu.org#15851,"BUKIT DATUK, DUMAI SELATAN, KOTA DUMAI, RIAU",24,33,90,123
https://kawalpemilu.org#15851,"BUKIT DATUK, DUMAI SELATAN, KOTA DUMAI, RIAU",25,38,177,215
https://kawalpemilu.org#15851,"BUKIT DATUK, DUMAI SELATAN, KOTA DUMAI, RIAU",26,14,94,108
https://kawalpemilu.org#15851,"BUKIT DATUK, DUMAI SELATAN, KOTA DUMAI, RIAU",27,17,113,130
https://kawalpemilu.org#15851,"BUKIT DATUK, DUMAI SELATAN, KOTA DUMAI, RIAU",28,37,158,195
https://kawalpemilu.org#15851,"BUKIT DATUK, DUMAI SELATAN, KOTA DUMAI, RIAU",29,16,107,123
https://kawalpemilu.org#15851,"BUKIT DATUK, DUMAI SELATAN, KOTA DUMAI, RIAU",30,40,213,253
https://kawalpemilu.org#15851,"BUKIT DATUK, DUMAI SELATAN, KOTA DUMAI, RIAU",31,27,106,133
https://kawalpemilu.org#15851,"BUKIT DATUK, DUMAI SELATAN, KOTA DUMAI, RIAU",32,42,135,177
https://kawalpemilu.org#15851,"BUKIT DATUK, DUMAI SELATAN, KOTA DUMAI, RIAU",33,33,190,223
https://kawalpemilu.org#15851,"BUKIT DATUK, DUMAI SELATAN, KOTA DUMAI, RIAU",34,14,85,99
https://kawalpemilu.org#15851,"BUKIT DATUK, DUMAI SELATAN, KOTA DUMAI, RIAU",35,25,147,172
https://kawalpemilu.org#15851,"BUKIT DATUK, DUMAI SELATAN, KOTA DUMAI, RIAU",36,41,142,183
https://kawalpemilu.org#15851,"BUKIT DATUK, DUMAI SELATAN, KOTA DUMAI, RIAU",37,100,148,248
https://kawalpemilu.org#15851,"BUKIT DATUK, DUMAI SELATAN, KOTA DUMAI, RIAU",38,112,85,197
https://kawalpemilu.org#15851,"BUKIT DATUK, DUMAI SELATAN, KOTA DUMAI, RIAU",39,97,79,176
https://kawalpemilu.org#15851,"BUKIT DATUK, DUMAI SELATAN, KOTA DUMAI, RIAU",40,71,196,267
https://kawalpemilu.org#15852,"BUKIT TIMAH, DUMAI SELATAN, KOTA DUMAI, RIAU",1,87,132,219
https://kawalpemilu.org#15852,"BUKIT TIMAH, DUMAI SELATAN, KOTA DUMAI, RIAU",2,96,84,180
https://kawalpemilu.org#15852,"BUKIT TIMAH, DUMAI SELATAN, KOTA DUMAI, RIAU",3,75,101,176
https://kawalpemilu.org#15852,"BUKIT TIMAH, DUMAI SELATAN, KOTA DUMAI, RIAU",4,42,109,151
https://kawalpemilu.org#15852,"BUKIT TIMAH, DUMAI SELATAN, KOTA DUMAI, RIAU",5,103,103,206
https://kawalpemilu.org#15852,"BUKIT TIMAH, DUMAI SELATAN, KOTA DUMAI, RIAU",6,41,187,228
https://kawalpemilu.org#15852,"BUKIT TIMAH, DUMAI SELATAN, KOTA DUMAI, RIAU",7,53,121,174
https://kawalpemilu.org#15852,"BUKIT TIMAH, DUMAI SELATAN, KOTA DUMAI, RIAU",8,43,128,171
https://kawalpemilu.org#15852,"BUKIT TIMAH, DUMAI SELATAN, KOTA DUMAI, RIAU",9,41,102,143
https://kawalpemilu.org#15852,"BUKIT TIMAH, DUMAI SELATAN, KOTA DUMAI, RIAU",10,36,97,133
https://kawalpemilu.org#15852,"BUKIT TIMAH, DUMAI SELATAN, KOTA DUMAI, RIAU",11,62,120,182
https://kawalpemilu.org#15852,"BUKIT TIMAH, DUMAI SELATAN, KOTA DUMAI, RIAU",12,37,163,200
https://kawalpemilu.org#15852,"BUKIT TIMAH, DUMAI SELATAN, KOTA DUMAI, RIAU",13,24,90,114
https://kawalpemilu.org#15852,"BUKIT TIMAH, DUMAI SELATAN, KOTA DUMAI, RIAU",14,8,159,167
https://kawalpemilu.org#15852,"BUKIT TIMAH, DUMAI SELATAN, KOTA DUMAI, RIAU",15,39,165,204
https://kawalpemilu.org#15852,"BUKIT TIMAH, DUMAI SELATAN, KOTA DUMAI, RIAU",16,99,113,212
https://kawalpemilu.org#15852,"BUKIT TIMAH, DUMAI SELATAN, KOTA DUMAI, RIAU",17,75,138,213
https://kawalpemilu.org#15852,"BUKIT TIMAH, DUMAI SELATAN, KOTA DUMAI, RIAU",18,54,163,217
https://kawalpemilu.org#15852,"BUKIT TIMAH, DUMAI SELATAN, KOTA DUMAI, RIAU",19,61,131,192
https://kawalpemilu.org#15852,"BUKIT TIMAH, DUMAI SELATAN, KOTA DUMAI, RIAU",20,55,185,240
https://kawalpemilu.org#15852,"BUKIT TIMAH, DUMAI SELATAN, KOTA DUMAI, RIAU",21,18,155,173
https://kawalpemilu.org#15852,"BUKIT TIMAH, DUMAI SELATAN, KOTA DUMAI, RIAU",22,36,141,177
https://kawalpemilu.org#15854,"RATU SIMA, DUMAI SELATAN, KOTA DUMAI, RIAU",1,64,211,275
https://kawalpemilu.org#15854,"RATU SIMA, DUMAI SELATAN, KOTA DUMAI, RIAU",2,54,199,253
https://kawalpemilu.org#15854,"RATU SIMA, DUMAI SELATAN, KOTA DUMAI, RIAU",3,50,166,216
https://kawalpemilu.org#15854,"RATU SIMA, DUMAI SELATAN, KOTA DUMAI, RIAU",4,48,154,202
https://kawalpemilu.org#15854,"RATU SIMA, DUMAI SELATAN, KOTA DUMAI, RIAU",5,73,108,181
https://kawalpemilu.org#15854,"RATU SIMA, DUMAI SELATAN, KOTA DUMAI, RIAU",6,105,76,181
https://kawalpemilu.org#15854,"RATU SIMA, DUMAI SELATAN, KOTA DUMAI, RIAU",7,59,99,158
https://kawalpemilu.org#15854,"RATU SIMA, DUMAI SELATAN, KOTA DUMAI, RIAU",8,90,72,162
https://kawalpemilu.org#15854,"RATU SIMA, DUMAI SELATAN, KOTA DUMAI, RIAU",9,102,72,174
https://kawalpemilu.org#15854,"RATU SIMA, DUMAI SELATAN, KOTA DUMAI, RIAU",10,63,106,169
https://kawalpemilu.org#15854,"RATU SIMA, DUMAI SELATAN, KOTA DUMAI, RIAU",11,53,127,180
https://kawalpemilu.org#15854,"RATU SIMA, DUMAI SELATAN, KOTA DUMAI, RIAU",12,88,77,166
https://kawalpemilu.org#15854,"RATU SIMA, DUMAI SELATAN, KOTA DUMAI, RIAU",13,152,14,166
https://kawalpemilu.org#15854,"RATU SIMA, DUMAI SELATAN, KOTA DUMAI, RIAU",14,55,114,169
https://kawalpemilu.org#15854,"RATU SIMA, DUMAI SELATAN, KOTA DUMAI, RIAU",15,65,113,178
https://kawalpemilu.org#15854,"RATU SIMA, DUMAI SELATAN, KOTA DUMAI, RIAU",16,43,118,161
https://kawalpemilu.org#15854,"RATU SIMA, DUMAI SELATAN, KOTA DUMAI, RIAU",17,27,129,156
https://kawalpemilu.org#15854,"RATU SIMA, DUMAI SELATAN, KOTA DUMAI, RIAU",18,42,154,196
https://kawalpemilu.org#15854,"RATU SIMA, DUMAI SELATAN, KOTA DUMAI, RIAU",19,50,153,203
https://kawalpemilu.org#15854,"RATU SIMA, DUMAI SELATAN, KOTA DUMAI, RIAU",20,54,147,201
https://kawalpemilu.org#15854,"RATU SIMA, DUMAI SELATAN, KOTA DUMAI, RIAU",21,51,132,183
https://kawalpemilu.org#15854,"RATU SIMA, DUMAI SELATAN, KOTA DUMAI, RIAU",22,99,150,249
https://kawalpemilu.org#15854,"RATU SIMA, DUMAI SELATAN, KOTA DUMAI, RIAU",23,27,148,175
https://kawalpemilu.org#15854,"RATU SIMA, DUMAI SELATAN, KOTA DUMAI, RIAU",24,36,119,155
https://kawalpemilu.org#15854,"RATU SIMA, DUMAI SELATAN, KOTA DUMAI, RIAU",25,33,105,138
https://kawalpemilu.org#15854,"RATU SIMA, DUMAI SELATAN, KOTA DUMAI, RIAU",26,41,110,151
https://kawalpemilu.org#15854,"RATU SIMA, DUMAI SELATAN, KOTA DUMAI, RIAU",27,50,104,154
https://kawalpemilu.org#15854,"RATU SIMA, DUMAI SELATAN, KOTA DUMAI, RIAU",28,58,80,138
https://kawalpemilu.org#15854,"RATU SIMA, DUMAI SELATAN, KOTA DUMAI, RIAU",29,43,97,140
https://kawalpemilu.org#15854,"RATU SIMA, DUMAI SELATAN, KOTA DUMAI, RIAU",30,38,100,138
https://kawalpemilu.org#15854,"RATU SIMA, DUMAI SELATAN, KOTA DUMAI, RIAU",31,79,90,169
https://kawalpemilu.org#15854,"RATU SIMA, DUMAI SELATAN, KOTA DUMAI, RIAU",32,54,74,128
https://kawalpemilu.org#15854,"RATU SIMA, DUMAI SELATAN, KOTA DUMAI, RIAU",33,67,160,227
https://kawalpemilu.org#15854,"RATU SIMA, DUMAI SELATAN, KOTA DUMAI, RIAU",34,97,158,255
https://kawalpemilu.org#15854,"RATU SIMA, DUMAI SELATAN, KOTA DUMAI, RIAU",35,63,109,172
https://kawalpemilu.org#15854,"RATU SIMA, DUMAI SELATAN, KOTA DUMAI, RIAU",36,25,150,175
https://kawalpemilu.org#15854,"RATU SIMA, DUMAI SELATAN, KOTA DUMAI, RIAU",37,31,137,168
https://kawalpemilu.org#15854,"RATU SIMA, DUMAI SELATAN, KOTA DUMAI, RIAU",38,57,159,216
https://kawalpemilu.org#15854,"RATU SIMA, DUMAI SELATAN, KOTA DUMAI, RIAU",39,62,152,214
https://kawalpemilu.org#15854,"RATU SIMA, DUMAI SELATAN, KOTA DUMAI, RIAU",40,75,115,190
https://kawalpemilu.org#15857,"MEKAR SARI, DUMAI SELATAN, KOTA DUMAI, RIAU",1,60,113,173
https://kawalpemilu.org#15857,"MEKAR SARI, DUMAI SELATAN, KOTA DUMAI, RIAU",2,91,89,180
https://kawalpemilu.org#15857,"MEKAR SARI, DUMAI SELATAN, KOTA DUMAI, RIAU",3,131,104,235
https://kawalpemilu.org#15857,"MEKAR SARI, DUMAI SELATAN, KOTA DUMAI, RIAU",4,60,113,173
https://kawalpemilu.org#15857,"MEKAR SARI, DUMAI SELATAN, KOTA DUMAI, RIAU",6,60,189,249
https://kawalpemilu.org#15857,"MEKAR SARI, DUMAI SELATAN, KOTA DUMAI, RIAU",7,72,95,167
https://kawalpemilu.org#15857,"MEKAR SARI, DUMAI SELATAN, KOTA DUMAI, RIAU",8,20,111,131
https://kawalpemilu.org#15857,"MEKAR SARI, DUMAI SELATAN, KOTA DUMAI, RIAU",9,21,197,218
https://kawalpemilu.org#15857,"MEKAR SARI, DUMAI SELATAN, KOTA DUMAI, RIAU",10,27,110,137
https://kawalpemilu.org#15857,"MEKAR SARI, DUMAI SELATAN, KOTA DUMAI, RIAU",11,54,95,149
https://kawalpemilu.org#15857,"MEKAR SARI, DUMAI SELATAN, KOTA DUMAI, RIAU",12,73,115,188
https://kawalpemilu.org#15857,"MEKAR SARI, DUMAI SELATAN, KOTA DUMAI, RIAU",13,110,128,238
https://kawalpemilu.org#15857,"MEKAR SARI, DUMAI SELATAN, KOTA DUMAI, RIAU",14,71,107,178
https://kawalpemilu.org#15857,"MEKAR SARI, DUMAI SELATAN, KOTA DUMAI, RIAU",15,98,101,199
https://kawalpemilu.org#15857,"MEKAR SARI, DUMAI SELATAN, KOTA DUMAI, RIAU",16,83,70,153
https://kawalpemilu.org#15857,"MEKAR SARI, DUMAI SELATAN, KOTA DUMAI, RIAU",17,11,121,132
https://kawalpemilu.org#15857,"MEKAR SARI, DUMAI SELATAN, KOTA DUMAI, RIAU",18,69,54,123
https://kawalpemilu.org#15857,"MEKAR SARI, DUMAI SELATAN, KOTA DUMAI, RIAU",19,82,102,184
https://kawalpemilu.org#15865,"BUMI AYU, DUMAI SELATAN, KOTA DUMAI, RIAU",1,86,151,237
https://kawalpemilu.org#15865,"BUMI AYU, DUMAI SELATAN, KOTA DUMAI, RIAU",2,80,143,223
https://kawalpemilu.org#15865,"BUMI AYU, DUMAI SELATAN, KOTA DUMAI, RIAU",3,67,153,220
https://kawalpemilu.org#15865,"BUMI AYU, DUMAI SELATAN, KOTA DUMAI, RIAU",4,112,123,235
https://kawalpemilu.org#15865,"BUMI AYU, DUMAI SELATAN, KOTA DUMAI, RIAU",5,96,124,220
https://kawalpemilu.org#15865,"BUMI AYU, DUMAI SELATAN, KOTA DUMAI, RIAU",6,89,105,194
https://kawalpemilu.org#15865,"BUMI AYU, DUMAI SELATAN, KOTA DUMAI, RIAU",7,70,99,169
https://kawalpemilu.org#15865,"BUMI AYU, DUMAI SELATAN, KOTA DUMAI, RIAU",8,38,171,209
https://kawalpemilu.org#15865,"BUMI AYU, DUMAI SELATAN, KOTA DUMAI, RIAU",9,44,152,196
https://kawalpemilu.org#15865,"BUMI AYU, DUMAI SELATAN, KOTA DUMAI, RIAU",10,52,164,216
https://kawalpemilu.org#15865,"BUMI AYU, DUMAI SELATAN, KOTA DUMAI, RIAU",11,86,129,215
https://kawalpemilu.org#15865,"BUMI AYU, DUMAI SELATAN, KOTA DUMAI, RIAU",12,70,145,215
https://kawalpemilu.org#15865,"BUMI AYU, DUMAI SELATAN, KOTA DUMAI, RIAU",13,70,141,211
https://kawalpemilu.org#15865,"BUMI AYU, DUMAI SELATAN, KOTA DUMAI, RIAU",14,76,157,233
https://kawalpemilu.org#15865,"BUMI AYU, DUMAI SELATAN, KOTA DUMAI, RIAU",15,46,174,220
https://kawalpemilu.org#15865,"BUMI AYU, DUMAI SELATAN, KOTA DUMAI, RIAU",17,46,143,189
https://kawalpemilu.org#15865,"BUMI AYU, DUMAI SELATAN, KOTA DUMAI, RIAU",18,87,129,216
https://kawalpemilu.org#15865,"BUMI AYU, DUMAI SELATAN, KOTA DUMAI, RIAU",19,50,159,209
https://kawalpemilu.org#15865,"BUMI AYU, DUMAI SELATAN, KOTA DUMAI, RIAU",20,55,102,157
https://kawalpemilu.org#15865,"BUMI AYU, DUMAI SELATAN, KOTA DUMAI, RIAU",21,53,142,195
https://kawalpemilu.org#15865,"BUMI AYU, DUMAI SELATAN, KOTA DUMAI, RIAU",22,47,140,187
https://kawalpemilu.org#15865,"BUMI AYU, DUMAI SELATAN, KOTA DUMAI, RIAU",23,93,103,196
https://kawalpemilu.org#15865,"BUMI AYU, DUMAI SELATAN, KOTA DUMAI, RIAU",24,81,122,203
https://kawalpemilu.org#15865,"BUMI AYU, DUMAI SELATAN, KOTA DUMAI, RIAU",25,88,94,182
https://kawalpemilu.org#15865,"BUMI AYU, DUMAI SELATAN, KOTA DUMAI, RIAU",26,176,43,219
https://kawalpemilu.org#15865,"BUMI AYU, DUMAI SELATAN, KOTA DUMAI, RIAU",27,58,144,172
https://kawalpemilu.org#15865,"BUMI AYU, DUMAI SELATAN, KOTA DUMAI, RIAU",28,55,105,160
https://kawalpemilu.org#15865,"BUMI AYU, DUMAI SELATAN, KOTA DUMAI, RIAU",29,49,201,250
https://kawalpemilu.org#15865,"BUMI AYU, DUMAI SELATAN, KOTA DUMAI, RIAU",30,40,203,243
