Link KawalPemilu,Nama Kelurahan,Nomor TPS,Suara 01,Suara 02,Suara Sah
https://kawalpemilu.org#65705,"KAYUMOYONDI, TUTUYAN, BOLAANG MONGONDOW TIMUR, SULAWESI UTARA",1,84,148,232
https://kawalpemilu.org#65705,"KAYUMOYONDI, TUTUYAN, BOLAANG MONGONDOW TIMUR, SULAWESI UTARA",2,63,134,197
https://kawalpemilu.org#65705,"KAYUMOYONDI, TUTUYAN, BOLAANG MONGONDOW TIMUR, SULAWESI UTARA",3,99,117,216
https://kawalpemilu.org#65706,"TOMBOLIKAT, TUTUYAN, BOLAANG MONGONDOW TIMUR, SULAWESI UTARA",1,76,156,232
https://kawalpemilu.org#65706,"TOMBOLIKAT, TUTUYAN, BOLAANG MONGONDOW TIMUR, SULAWESI UTARA",2,59,208,267
https://kawalpemilu.org#65706,"TOMBOLIKAT, TUTUYAN, BOLAANG MONGONDOW TIMUR, SULAWESI UTARA",3,80,167,247
https://kawalpemilu.org#65707,"TUTUYAN, TUTUYAN, BOLAANG MONGONDOW TIMUR, SULAWESI UTARA",1,69,164,233
https://kawalpemilu.org#65707,"TUTUYAN, TUTUYAN, BOLAANG MONGONDOW TIMUR, SULAWESI UTARA",2,89,157,246
https://kawalpemilu.org#65707,"TUTUYAN, TUTUYAN, BOLAANG MONGONDOW TIMUR, SULAWESI UTARA",3,152,85,237
https://kawalpemilu.org#65707,"TUTUYAN, TUTUYAN, BOLAANG MONGONDOW TIMUR, SULAWESI UTARA",4,72,164,236
https://kawalpemilu.org#65707,"TUTUYAN, TUTUYAN, BOLAANG MONGONDOW TIMUR, SULAWESI UTARA",5,53,160,213
https://kawalpemilu.org#65707,"TUTUYAN, TUTUYAN, BOLAANG MONGONDOW TIMUR, SULAWESI UTARA",6,126,111,237
https://kawalpemilu.org#65708,"TOGID, TUTUYAN, BOLAANG MONGONDOW TIMUR, SULAWESI UTARA",1,86,146,232
https://kawalpemilu.org#65708,"TOGID, TUTUYAN, BOLAANG MONGONDOW TIMUR, SULAWESI UTARA",2,78,156,234
https://kawalpemilu.org#65708,"TOGID, TUTUYAN, BOLAANG MONGONDOW TIMUR, SULAWESI UTARA",3,91,136,227
https://kawalpemilu.org#65708,"TOGID, TUTUYAN, BOLAANG MONGONDOW TIMUR, SULAWESI UTARA",4,85,153,238
https://kawalpemilu.org#65708,"TOGID, TUTUYAN, BOLAANG MONGONDOW TIMUR, SULAWESI UTARA",5,74,94,168
https://kawalpemilu.org#65709,"DODAP, TUTUYAN, BOLAANG MONGONDOW TIMUR, SULAWESI UTARA",1,198,13,211
https://kawalpemilu.org#65709,"DODAP, TUTUYAN, BOLAANG MONGONDOW TIMUR, SULAWESI UTARA",2,196,15,211
https://kawalpemilu.org#65709,"DODAP, TUTUYAN, BOLAANG MONGONDOW TIMUR, SULAWESI UTARA",3,177,27,204
https://kawalpemilu.org#65709,"DODAP, TUTUYAN, BOLAANG MONGONDOW TIMUR, SULAWESI UTARA",4,157,49,206
https://kawalpemilu.org#65710,"DODAP PANTAI, TUTUYAN, BOLAANG MONGONDOW TIMUR, SULAWESI UTARA",1,196,21,217
https://kawalpemilu.org#65710,"DODAP PANTAI, TUTUYAN, BOLAANG MONGONDOW TIMUR, SULAWESI UTARA",2,221,21,242
https://kawalpemilu.org#65710,"DODAP PANTAI, TUTUYAN, BOLAANG MONGONDOW TIMUR, SULAWESI UTARA",3,209,16,225
https://kawalpemilu.org#65711,"TUTUYAN II, TUTUYAN, BOLAANG MONGONDOW TIMUR, SULAWESI UTARA",1,72,196,268
https://kawalpemilu.org#65711,"TUTUYAN II, TUTUYAN, BOLAANG MONGONDOW TIMUR, SULAWESI UTARA",2,74,196,270
https://kawalpemilu.org#65711,"TUTUYAN II, TUTUYAN, BOLAANG MONGONDOW TIMUR, SULAWESI UTARA",3,80,193,273
https://kawalpemilu.org#65711,"TUTUYAN II, TUTUYAN, BOLAANG MONGONDOW TIMUR, SULAWESI UTARA",4,111,165,276
https://kawalpemilu.org#65712,"TUTUYAN III, TUTUYAN, BOLAANG MONGONDOW TIMUR, SULAWESI UTARA",1,114,150,264
https://kawalpemilu.org#65712,"TUTUYAN III, TUTUYAN, BOLAANG MONGONDOW TIMUR, SULAWESI UTARA",2,53,198,251
https://kawalpemilu.org#65712,"TUTUYAN III, TUTUYAN, BOLAANG MONGONDOW TIMUR, SULAWESI UTARA",3,78,167,245
https://kawalpemilu.org#65712,"TUTUYAN III, TUTUYAN, BOLAANG MONGONDOW TIMUR, SULAWESI UTARA",4,163,72,235
https://kawalpemilu.org#65713,"TOMBOLIKAT SELATAN, TUTUYAN, BOLAANG MONGONDOW TIMUR, SULAWESI UTARA",1,79,165,244
https://kawalpemilu.org#65713,"TOMBOLIKAT SELATAN, TUTUYAN, BOLAANG MONGONDOW TIMUR, SULAWESI UTARA",2,68,164,232
https://kawalpemilu.org#65713,"TOMBOLIKAT SELATAN, TUTUYAN, BOLAANG MONGONDOW TIMUR, SULAWESI UTARA",3,59,136,195
https://kawalpemilu.org#65713,"TOMBOLIKAT SELATAN, TUTUYAN, BOLAANG MONGONDOW TIMUR, SULAWESI UTARA",4,46,112,158
https://kawalpemilu.org#928550,"DODOP MIKASA, TUTUYAN, BOLAANG MONGONDOW TIMUR, SULAWESI UTARA",1,128,32,160
https://kawalpemilu.org#928550,"DODOP MIKASA, TUTUYAN, BOLAANG MONGONDOW TIMUR, SULAWESI UTARA",2,131,46,177
https://kawalpemilu.org#928550,"DODOP MIKASA, TUTUYAN, BOLAANG MONGONDOW TIMUR, SULAWESI UTARA",3,144,40,184
https://kawalpemilu.org#65715,"KOTABUNAN, KOTABUNAN, BOLAANG MONGONDOW TIMUR, SULAWESI UTARA",1,115,134,249
https://kawalpemilu.org#65715,"KOTABUNAN, KOTABUNAN, BOLAANG MONGONDOW TIMUR, SULAWESI UTARA",2,104,143,247
https://kawalpemilu.org#65715,"KOTABUNAN, KOTABUNAN, BOLAANG MONGONDOW TIMUR, SULAWESI UTARA",3,94,127,221
https://kawalpemilu.org#65715,"KOTABUNAN, KOTABUNAN, BOLAANG MONGONDOW TIMUR, SULAWESI UTARA",4,102,134,236
https://kawalpemilu.org#65716,"BUYAT, KOTABUNAN, BOLAANG MONGONDOW TIMUR, SULAWESI UTARA",1,89,169,258
https://kawalpemilu.org#65716,"BUYAT, KOTABUNAN, BOLAANG MONGONDOW TIMUR, SULAWESI UTARA",2,75,200,275
https://kawalpemilu.org#65717,"BULAWAN, KOTABUNAN, BOLAANG MONGONDOW TIMUR, SULAWESI UTARA",2,85,142,227
https://kawalpemilu.org#65717,"BULAWAN, KOTABUNAN, BOLAANG MONGONDOW TIMUR, SULAWESI UTARA",3,108,144,252
https://kawalpemilu.org#65718,"PARET, KOTABUNAN, BOLAANG MONGONDOW TIMUR, SULAWESI UTARA",1,84,81,165
https://kawalpemilu.org#65718,"PARET, KOTABUNAN, BOLAANG MONGONDOW TIMUR, SULAWESI UTARA",2,156,62,218
https://kawalpemilu.org#65718,"PARET, KOTABUNAN, BOLAANG MONGONDOW TIMUR, SULAWESI UTARA",3,81,113,194
https://kawalpemilu.org#65719,"BUKAKA, KOTABUNAN, BOLAANG MONGONDOW TIMUR, SULAWESI UTARA",1,93,87,180
https://kawalpemilu.org#65719,"BUKAKA, KOTABUNAN, BOLAANG MONGONDOW TIMUR, SULAWESI UTARA",2,49,66,115
https://kawalpemilu.org#65720,"BUYAT I, KOTABUNAN, BOLAANG MONGONDOW TIMUR, SULAWESI UTARA",1,62,131,193
https://kawalpemilu.org#65720,"BUYAT I, KOTABUNAN, BOLAANG MONGONDOW TIMUR, SULAWESI UTARA",2,85,126,211
https://kawalpemilu.org#65721,"BUYAT II, KOTABUNAN, BOLAANG MONGONDOW TIMUR, SULAWESI UTARA",1,58,132,190
https://kawalpemilu.org#65721,"BUYAT II, KOTABUNAN, BOLAANG MONGONDOW TIMUR, SULAWESI UTARA",2,48,121,169
https://kawalpemilu.org#928551,"BUYAT SELATAN, KOTABUNAN, BOLAANG MONGONDOW TIMUR, SULAWESI UTARA",1,127,82,209
https://kawalpemilu.org#928551,"BUYAT SELATAN, KOTABUNAN, BOLAANG MONGONDOW TIMUR, SULAWESI UTARA",2,96,80,176
https://kawalpemilu.org#928551,"BUYAT SELATAN, KOTABUNAN, BOLAANG MONGONDOW TIMUR, SULAWESI UTARA",3,67,125,192
https://kawalpemilu.org#928552,"BUYAT TENGAH, KOTABUNAN, BOLAANG MONGONDOW TIMUR, SULAWESI UTARA",1,69,173,242
https://kawalpemilu.org#928552,"BUYAT TENGAH, KOTABUNAN, BOLAANG MONGONDOW TIMUR, SULAWESI UTARA",2,103,131,234
https://kawalpemilu.org#928553,"BUYAT  BARAT, KOTABUNAN, BOLAANG MONGONDOW TIMUR, SULAWESI UTARA",1,93,166,259
https://kawalpemilu.org#928553,"BUYAT  BARAT, KOTABUNAN, BOLAANG MONGONDOW TIMUR, SULAWESI UTARA",2,55,144,199
https://kawalpemilu.org#928554,"BULAWAN SATU, KOTABUNAN, BOLAANG MONGONDOW TIMUR, SULAWESI UTARA",1,86,142,228
https://kawalpemilu.org#928554,"BULAWAN SATU, KOTABUNAN, BOLAANG MONGONDOW TIMUR, SULAWESI UTARA",2,65,205,270
https://kawalpemilu.org#928554,"BULAWAN SATU, KOTABUNAN, BOLAANG MONGONDOW TIMUR, SULAWESI UTARA",3,98,154,252
https://kawalpemilu.org#928555,"BULAWAN DUA, KOTABUNAN, BOLAANG MONGONDOW TIMUR, SULAWESI UTARA",1,133,111,244
https://kawalpemilu.org#928555,"BULAWAN DUA, KOTABUNAN, BOLAANG MONGONDOW TIMUR, SULAWESI UTARA",2,112,157,269
https://kawalpemilu.org#928555,"BULAWAN DUA, KOTABUNAN, BOLAANG MONGONDOW TIMUR, SULAWESI UTARA",3,88,132,220
https://kawalpemilu.org#928556,"KOTABUNAN SELATAN, KOTABUNAN, BOLAANG MONGONDOW TIMUR, SULAWESI UTARA",1,80,124,204
https://kawalpemilu.org#928556,"KOTABUNAN SELATAN, KOTABUNAN, BOLAANG MONGONDOW TIMUR, SULAWESI UTARA",2,67,119,186
https://kawalpemilu.org#928556,"KOTABUNAN SELATAN, KOTABUNAN, BOLAANG MONGONDOW TIMUR, SULAWESI UTARA",3,65,112,177
https://kawalpemilu.org#928557,"KOTABUNAN BARAT, KOTABUNAN, BOLAANG MONGONDOW TIMUR, SULAWESI UTARA",1,66,206,272
https://kawalpemilu.org#928557,"KOTABUNAN BARAT, KOTABUNAN, BOLAANG MONGONDOW TIMUR, SULAWESI UTARA",2,94,173,267
https://kawalpemilu.org#928558,"PARET TIMUR, KOTABUNAN, BOLAANG MONGONDOW TIMUR, SULAWESI UTARA",1,136,140,276
https://kawalpemilu.org#928558,"PARET TIMUR, KOTABUNAN, BOLAANG MONGONDOW TIMUR, SULAWESI UTARA",2,126,148,274
https://kawalpemilu.org#65723,"IDUMUN, NUANGAN, BOLAANG MONGONDOW TIMUR, SULAWESI UTARA",1,89,181,270
https://kawalpemilu.org#65723,"IDUMUN, NUANGAN, BOLAANG MONGONDOW TIMUR, SULAWESI UTARA",2,66,175,241
https://kawalpemilu.org#65724,"MATABULU, NUANGAN, BOLAANG MONGONDOW TIMUR, SULAWESI UTARA",1,75,200,275
https://kawalpemilu.org#65724,"MATABULU, NUANGAN, BOLAANG MONGONDOW TIMUR, SULAWESI UTARA",2,71,197,268
https://kawalpemilu.org#65725,"NUANGAN, NUANGAN, BOLAANG MONGONDOW TIMUR, SULAWESI UTARA",1,27,189,216
https://kawalpemilu.org#65725,"NUANGAN, NUANGAN, BOLAANG MONGONDOW TIMUR, SULAWESI UTARA",2,21,225,246
https://kawalpemilu.org#65728,"BAI, NUANGAN, BOLAANG MONGONDOW TIMUR, SULAWESI UTARA",1,49,189,238
https://kawalpemilu.org#65728,"BAI, NUANGAN, BOLAANG MONGONDOW TIMUR, SULAWESI UTARA",2,31,105,136
https://kawalpemilu.org#65728,"BAI, NUANGAN, BOLAANG MONGONDOW TIMUR, SULAWESI UTARA",3,39,152,191
https://kawalpemilu.org#65729,"JIKO BELANGA, NUANGAN, BOLAANG MONGONDOW TIMUR, SULAWESI UTARA",1,200,28,228
https://kawalpemilu.org#65729,"JIKO BELANGA, NUANGAN, BOLAANG MONGONDOW TIMUR, SULAWESI UTARA",2,155,44,199
https://kawalpemilu.org#65729,"JIKO BELANGA, NUANGAN, BOLAANG MONGONDOW TIMUR, SULAWESI UTARA",3,177,26,203
https://kawalpemilu.org#65732,"NUANGAN I, NUANGAN, BOLAANG MONGONDOW TIMUR, SULAWESI UTARA",1,47,218,265
https://kawalpemilu.org#65732,"NUANGAN I, NUANGAN, BOLAANG MONGONDOW TIMUR, SULAWESI UTARA",2,45,220,265
https://kawalpemilu.org#65733,"IYOK, NUANGAN, BOLAANG MONGONDOW TIMUR, SULAWESI UTARA",1,53,192,245
https://kawalpemilu.org#65733,"IYOK, NUANGAN, BOLAANG MONGONDOW TIMUR, SULAWESI UTARA",2,73,122,195
https://kawalpemilu.org#65734,"LOYOW, NUANGAN, BOLAANG MONGONDOW TIMUR, SULAWESI UTARA",1,75,202,277
https://kawalpemilu.org#65734,"LOYOW, NUANGAN, BOLAANG MONGONDOW TIMUR, SULAWESI UTARA",2,51,211,262
https://kawalpemilu.org#928559,"MATABULU TIMUR, NUANGAN, BOLAANG MONGONDOW TIMUR, SULAWESI UTARA",1,44,145,189
https://kawalpemilu.org#928559,"MATABULU TIMUR, NUANGAN, BOLAANG MONGONDOW TIMUR, SULAWESI UTARA",2,115,80,195
https://kawalpemilu.org#928559,"MATABULU TIMUR, NUANGAN, BOLAANG MONGONDOW TIMUR, SULAWESI UTARA",3,56,146,202
https://kawalpemilu.org#928563,"NUANGAN BARAT, NUANGAN, BOLAANG MONGONDOW TIMUR, SULAWESI UTARA",1,39,173,212
https://kawalpemilu.org#928563,"NUANGAN BARAT, NUANGAN, BOLAANG MONGONDOW TIMUR, SULAWESI UTARA",2,40,169,209
https://kawalpemilu.org#928563,"NUANGAN BARAT, NUANGAN, BOLAANG MONGONDOW TIMUR, SULAWESI UTARA",3,28,161,189
https://kawalpemilu.org#928564,"NUANGAN SELATAN, NUANGAN, BOLAANG MONGONDOW TIMUR, SULAWESI UTARA",1,24,233,257
https://kawalpemilu.org#928564,"NUANGAN SELATAN, NUANGAN, BOLAANG MONGONDOW TIMUR, SULAWESI UTARA",2,17,236,253
https://kawalpemilu.org#65737,"MODAYAG, MODAYAG, BOLAANG MONGONDOW TIMUR, SULAWESI UTARA",1,142,91,233
https://kawalpemilu.org#65737,"MODAYAG, MODAYAG, BOLAANG MONGONDOW TIMUR, SULAWESI UTARA",2,140,137,277
https://kawalpemilu.org#65737,"MODAYAG, MODAYAG, BOLAANG MONGONDOW TIMUR, SULAWESI UTARA",3,146,90,236
https://kawalpemilu.org#65737,"MODAYAG, MODAYAG, BOLAANG MONGONDOW TIMUR, SULAWESI UTARA",4,155,89,244
https://kawalpemilu.org#65737,"MODAYAG, MODAYAG, BOLAANG MONGONDOW TIMUR, SULAWESI UTARA",5,127,100,227
https://kawalpemilu.org#65737,"MODAYAG, MODAYAG, BOLAANG MONGONDOW TIMUR, SULAWESI UTARA",6,175,68,243
https://kawalpemilu.org#65737,"MODAYAG, MODAYAG, BOLAANG MONGONDOW TIMUR, SULAWESI UTARA",7,124,94,218
https://kawalpemilu.org#65738,"LIBERIA, MODAYAG, BOLAANG MONGONDOW TIMUR, SULAWESI UTARA",1,115,112,227
https://kawalpemilu.org#65738,"LIBERIA, MODAYAG, BOLAANG MONGONDOW TIMUR, SULAWESI UTARA",2,80,119,199
https://kawalpemilu.org#65738,"LIBERIA, MODAYAG, BOLAANG MONGONDOW TIMUR, SULAWESI UTARA",3,96,95,191
https://kawalpemilu.org#65739,"PURWOREJO, MODAYAG, BOLAANG MONGONDOW TIMUR, SULAWESI UTARA",1,118,98,216
https://kawalpemilu.org#65739,"PURWOREJO, MODAYAG, BOLAANG MONGONDOW TIMUR, SULAWESI UTARA",2,119,117,236
https://kawalpemilu.org#65743,"BUYANDI, MODAYAG, BOLAANG MONGONDOW TIMUR, SULAWESI UTARA",1,35,113,148
https://kawalpemilu.org#65743,"BUYANDI, MODAYAG, BOLAANG MONGONDOW TIMUR, SULAWESI UTARA",2,45,132,177
https://kawalpemilu.org#65744,"TOBONGON, MODAYAG, BOLAANG MONGONDOW TIMUR, SULAWESI UTARA",1,194,55,249
https://kawalpemilu.org#65744,"TOBONGON, MODAYAG, BOLAANG MONGONDOW TIMUR, SULAWESI UTARA",2,121,73,194
https://kawalpemilu.org#65744,"TOBONGON, MODAYAG, BOLAANG MONGONDOW TIMUR, SULAWESI UTARA",3,115,105,220
https://kawalpemilu.org#65744,"TOBONGON, MODAYAG, BOLAANG MONGONDOW TIMUR, SULAWESI UTARA",4,132,116,248
https://kawalpemilu.org#65745,"LANUT, MODAYAG, BOLAANG MONGONDOW TIMUR, SULAWESI UTARA",1,174,55,229
https://kawalpemilu.org#65745,"LANUT, MODAYAG, BOLAANG MONGONDOW TIMUR, SULAWESI UTARA",2,197,49,246
https://kawalpemilu.org#65745,"LANUT, MODAYAG, BOLAANG MONGONDOW TIMUR, SULAWESI UTARA",3,152,41,193
https://kawalpemilu.org#65745,"LANUT, MODAYAG, BOLAANG MONGONDOW TIMUR, SULAWESI UTARA",4,127,43,170
https://kawalpemilu.org#65746,"BADARO, MODAYAG, BOLAANG MONGONDOW TIMUR, SULAWESI UTARA",1,132,93,225
https://kawalpemilu.org#65747,"MODAYAG II, MODAYAG, BOLAANG MONGONDOW TIMUR, SULAWESI UTARA",1,142,127,269
https://kawalpemilu.org#65747,"MODAYAG II, MODAYAG, BOLAANG MONGONDOW TIMUR, SULAWESI UTARA",2,114,138,252
https://kawalpemilu.org#65747,"MODAYAG II, MODAYAG, BOLAANG MONGONDOW TIMUR, SULAWESI UTARA",3,76,126,202
https://kawalpemilu.org#65747,"MODAYAG II, MODAYAG, BOLAANG MONGONDOW TIMUR, SULAWESI UTARA",4,78,71,149
https://kawalpemilu.org#65747,"MODAYAG II, MODAYAG, BOLAANG MONGONDOW TIMUR, SULAWESI UTARA",5,80,94,174
https://kawalpemilu.org#65748,"PURWOREJO TENGAH, MODAYAG, BOLAANG MONGONDOW TIMUR, SULAWESI UTARA",1,134,85,219
https://kawalpemilu.org#65748,"PURWOREJO TENGAH, MODAYAG, BOLAANG MONGONDOW TIMUR, SULAWESI UTARA",2,99,118,217
https://kawalpemilu.org#65748,"PURWOREJO TENGAH, MODAYAG, BOLAANG MONGONDOW TIMUR, SULAWESI UTARA",3,144,81,225
https://kawalpemilu.org#65749,"PURWOREJO TIMUR, MODAYAG, BOLAANG MONGONDOW TIMUR, SULAWESI UTARA",1,99,106,205
https://kawalpemilu.org#65749,"PURWOREJO TIMUR, MODAYAG, BOLAANG MONGONDOW TIMUR, SULAWESI UTARA",2,105,88,193
https://kawalpemilu.org#65749,"PURWOREJO TIMUR, MODAYAG, BOLAANG MONGONDOW TIMUR, SULAWESI UTARA",3,110,91,201
https://kawalpemilu.org#65750,"LIBERIA TIMUR, MODAYAG, BOLAANG MONGONDOW TIMUR, SULAWESI UTARA",1,132,85,217
https://kawalpemilu.org#65750,"LIBERIA TIMUR, MODAYAG, BOLAANG MONGONDOW TIMUR, SULAWESI UTARA",2,126,97,223
https://kawalpemilu.org#65750,"LIBERIA TIMUR, MODAYAG, BOLAANG MONGONDOW TIMUR, SULAWESI UTARA",3,115,86,201
https://kawalpemilu.org#65752,"MODAYAG III, MODAYAG, BOLAANG MONGONDOW TIMUR, SULAWESI UTARA",1,170,79,249
https://kawalpemilu.org#65752,"MODAYAG III, MODAYAG, BOLAANG MONGONDOW TIMUR, SULAWESI UTARA",2,131,85,216
https://kawalpemilu.org#65752,"MODAYAG III, MODAYAG, BOLAANG MONGONDOW TIMUR, SULAWESI UTARA",3,183,75,258
https://kawalpemilu.org#65752,"MODAYAG III, MODAYAG, BOLAANG MONGONDOW TIMUR, SULAWESI UTARA",4,167,64,231
https://kawalpemilu.org#65752,"MODAYAG III, MODAYAG, BOLAANG MONGONDOW TIMUR, SULAWESI UTARA",5,161,80,241
https://kawalpemilu.org#65752,"MODAYAG III, MODAYAG, BOLAANG MONGONDOW TIMUR, SULAWESI UTARA",6,157,79,236
https://kawalpemilu.org#928571,"CANDI REJO, MODAYAG, BOLAANG MONGONDOW TIMUR, SULAWESI UTARA",1,116,82,198
https://kawalpemilu.org#928571,"CANDI REJO, MODAYAG, BOLAANG MONGONDOW TIMUR, SULAWESI UTARA",2,71,60,131
https://kawalpemilu.org#928572,"SUMBER REJO, MODAYAG, BOLAANG MONGONDOW TIMUR, SULAWESI UTARA",1,115,49,164
https://kawalpemilu.org#928572,"SUMBER REJO, MODAYAG, BOLAANG MONGONDOW TIMUR, SULAWESI UTARA",2,98,81,179
https://kawalpemilu.org#65755,"MOYONGKOTA, MODAYAG BARAT, BOLAANG MONGONDOW TIMUR, SULAWESI UTARA",1,69,181,250
https://kawalpemilu.org#65755,"MOYONGKOTA, MODAYAG BARAT, BOLAANG MONGONDOW TIMUR, SULAWESI UTARA",2,85,167,252
https://kawalpemilu.org#65755,"MOYONGKOTA, MODAYAG BARAT, BOLAANG MONGONDOW TIMUR, SULAWESI UTARA",3,72,181,253
https://kawalpemilu.org#65756,"BANGUNAN WUWUK, MODAYAG BARAT, BOLAANG MONGONDOW TIMUR, SULAWESI UTARA",1,248,17,265
https://kawalpemilu.org#65756,"BANGUNAN WUWUK, MODAYAG BARAT, BOLAANG MONGONDOW TIMUR, SULAWESI UTARA",2,254,16,270
https://kawalpemilu.org#65757,"BANGKUDAI BARAT, MODAYAG BARAT, BOLAANG MONGONDOW TIMUR, SULAWESI UTARA",1,66,190,256
https://kawalpemilu.org#65757,"BANGKUDAI BARAT, MODAYAG BARAT, BOLAANG MONGONDOW TIMUR, SULAWESI UTARA",2,67,183,250
https://kawalpemilu.org#65757,"BANGKUDAI BARAT, MODAYAG BARAT, BOLAANG MONGONDOW TIMUR, SULAWESI UTARA",3,79,166,245
https://kawalpemilu.org#65758,"BONGKUDAI, MODAYAG BARAT, BOLAANG MONGONDOW TIMUR, SULAWESI UTARA",1,73,184,257
https://kawalpemilu.org#65758,"BONGKUDAI, MODAYAG BARAT, BOLAANG MONGONDOW TIMUR, SULAWESI UTARA",2,73,151,224
https://kawalpemilu.org#65758,"BONGKUDAI, MODAYAG BARAT, BOLAANG MONGONDOW TIMUR, SULAWESI UTARA",3,76,129,205
https://kawalpemilu.org#65758,"BONGKUDAI, MODAYAG BARAT, BOLAANG MONGONDOW TIMUR, SULAWESI UTARA",4,55,175,230
https://kawalpemilu.org#65758,"BONGKUDAI, MODAYAG BARAT, BOLAANG MONGONDOW TIMUR, SULAWESI UTARA",5,83,116,199
https://kawalpemilu.org#65758,"BONGKUDAI, MODAYAG BARAT, BOLAANG MONGONDOW TIMUR, SULAWESI UTARA",6,61,128,189
https://kawalpemilu.org#65759,"MOYONGKOTA BARU, MODAYAG BARAT, BOLAANG MONGONDOW TIMUR, SULAWESI UTARA",1,34,146,180
https://kawalpemilu.org#65759,"MOYONGKOTA BARU, MODAYAG BARAT, BOLAANG MONGONDOW TIMUR, SULAWESI UTARA",2,55,167,222
https://kawalpemilu.org#65759,"MOYONGKOTA BARU, MODAYAG BARAT, BOLAANG MONGONDOW TIMUR, SULAWESI UTARA",3,52,146,198
https://kawalpemilu.org#65759,"MOYONGKOTA BARU, MODAYAG BARAT, BOLAANG MONGONDOW TIMUR, SULAWESI UTARA",4,52,159,211
https://kawalpemilu.org#65759,"MOYONGKOTA BARU, MODAYAG BARAT, BOLAANG MONGONDOW TIMUR, SULAWESI UTARA",5,63,163,226
https://kawalpemilu.org#65759,"MOYONGKOTA BARU, MODAYAG BARAT, BOLAANG MONGONDOW TIMUR, SULAWESI UTARA",6,40,156,196
https://kawalpemilu.org#928575,"MOONOW, MODAYAG BARAT, BOLAANG MONGONDOW TIMUR, SULAWESI UTARA",1,73,140,213
https://kawalpemilu.org#928575,"MOONOW, MODAYAG BARAT, BOLAANG MONGONDOW TIMUR, SULAWESI UTARA",2,52,144,196
https://kawalpemilu.org#928576,"INATON, MODAYAG BARAT, BOLAANG MONGONDOW TIMUR, SULAWESI UTARA",1,102,106,208
https://kawalpemilu.org#928576,"INATON, MODAYAG BARAT, BOLAANG MONGONDOW TIMUR, SULAWESI UTARA",2,85,88,173
https://kawalpemilu.org#928576,"INATON, MODAYAG BARAT, BOLAANG MONGONDOW TIMUR, SULAWESI UTARA",3,80,103,183
https://kawalpemilu.org#928577,"BANGUNAN WUWUK TIMUR, MODAYAG BARAT, BOLAANG MONGONDOW TIMUR, SULAWESI UTARA",1,221,9,230
https://kawalpemilu.org#928577,"BANGUNAN WUWUK TIMUR, MODAYAG BARAT, BOLAANG MONGONDOW TIMUR, SULAWESI UTARA",2,221,9,230
https://kawalpemilu.org#928578,"PINONOBATUAN, MODAYAG BARAT, BOLAANG MONGONDOW TIMUR, SULAWESI UTARA",1,124,117,241
https://kawalpemilu.org#928578,"PINONOBATUAN, MODAYAG BARAT, BOLAANG MONGONDOW TIMUR, SULAWESI UTARA",2,125,119,244
https://kawalpemilu.org#928578,"PINONOBATUAN, MODAYAG BARAT, BOLAANG MONGONDOW TIMUR, SULAWESI UTARA",3,112,80,192
https://kawalpemilu.org#928578,"PINONOBATUAN, MODAYAG BARAT, BOLAANG MONGONDOW TIMUR, SULAWESI UTARA",4,93,91,184
https://kawalpemilu.org#928579,"TANGATON, MODAYAG BARAT, BOLAANG MONGONDOW TIMUR, SULAWESI UTARA",1,111,157,268
https://kawalpemilu.org#928579,"TANGATON, MODAYAG BARAT, BOLAANG MONGONDOW TIMUR, SULAWESI UTARA",2,96,151,247
https://kawalpemilu.org#65726,"MOLOBOG, MOTONGKAD, BOLAANG MONGONDOW TIMUR, SULAWESI UTARA",1,103,140,243
https://kawalpemilu.org#65726,"MOLOBOG, MOTONGKAD, BOLAANG MONGONDOW TIMUR, SULAWESI UTARA",2,90,111,201
https://kawalpemilu.org#65726,"MOLOBOG, MOTONGKAD, BOLAANG MONGONDOW TIMUR, SULAWESI UTARA",3,66,70,136
https://kawalpemilu.org#65727,"MOTONGKAD, MOTONGKAD, BOLAANG MONGONDOW TIMUR, SULAWESI UTARA",1,91,114,205
https://kawalpemilu.org#65727,"MOTONGKAD, MOTONGKAD, BOLAANG MONGONDOW TIMUR, SULAWESI UTARA",2,70,140,214
https://kawalpemilu.org#65730,"JIKO, MOTONGKAD, BOLAANG MONGONDOW TIMUR, SULAWESI UTARA",1,218,18,236
https://kawalpemilu.org#65730,"JIKO, MOTONGKAD, BOLAANG MONGONDOW TIMUR, SULAWESI UTARA",2,169,17,186
https://kawalpemilu.org#65730,"JIKO, MOTONGKAD, BOLAANG MONGONDOW TIMUR, SULAWESI UTARA",3,171,11,182
https://kawalpemilu.org#65731,"ATOGA, MOTONGKAD, BOLAANG MONGONDOW TIMUR, SULAWESI UTARA",1,51,93,144
https://kawalpemilu.org#65731,"ATOGA, MOTONGKAD, BOLAANG MONGONDOW TIMUR, SULAWESI UTARA",2,35,114,149
https://kawalpemilu.org#65735,"MOTONGKAD UTARA, MOTONGKAD, BOLAANG MONGONDOW TIMUR, SULAWESI UTARA",1,43,184,227
https://kawalpemilu.org#65735,"MOTONGKAD UTARA, MOTONGKAD, BOLAANG MONGONDOW TIMUR, SULAWESI UTARA",2,38,182,220
https://kawalpemilu.org#65735,"MOTONGKAD UTARA, MOTONGKAD, BOLAANG MONGONDOW TIMUR, SULAWESI UTARA",3,57,168,225
https://kawalpemilu.org#928560,"MOTONGKAD SELATAN, MOTONGKAD, BOLAANG MONGONDOW TIMUR, SULAWESI UTARA",1,148,10,158
https://kawalpemilu.org#928560,"MOTONGKAD SELATAN, MOTONGKAD, BOLAANG MONGONDOW TIMUR, SULAWESI UTARA",2,139,11,150
https://kawalpemilu.org#928561,"MOTONGKAD TENGAH, MOTONGKAD, BOLAANG MONGONDOW TIMUR, SULAWESI UTARA",1,44,145,189
https://kawalpemilu.org#928561,"MOTONGKAD TENGAH, MOTONGKAD, BOLAANG MONGONDOW TIMUR, SULAWESI UTARA",2,36,129,165
https://kawalpemilu.org#928562,"JIKO UTARA, MOTONGKAD, BOLAANG MONGONDOW TIMUR, SULAWESI UTARA",1,130,21,151
https://kawalpemilu.org#928562,"JIKO UTARA, MOTONGKAD, BOLAANG MONGONDOW TIMUR, SULAWESI UTARA",2,174,7,181
https://kawalpemilu.org#928565,"ATOGA TIMUR, MOTONGKAD, BOLAANG MONGONDOW TIMUR, SULAWESI UTARA",1,93,79,172
https://kawalpemilu.org#928565,"ATOGA TIMUR, MOTONGKAD, BOLAANG MONGONDOW TIMUR, SULAWESI UTARA",2,77,49,126
https://kawalpemilu.org#928567,"MOLOBOG BARAT, MOTONGKAD, BOLAANG MONGONDOW TIMUR, SULAWESI UTARA",1,76,186,262
https://kawalpemilu.org#928567,"MOLOBOG BARAT, MOTONGKAD, BOLAANG MONGONDOW TIMUR, SULAWESI UTARA",2,116,147,263
https://kawalpemilu.org#65740,"MOAT, MOOAT, BOLAANG MONGONDOW TIMUR, SULAWESI UTARA",1,106,63,169
https://kawalpemilu.org#65740,"MOAT, MOOAT, BOLAANG MONGONDOW TIMUR, SULAWESI UTARA",2,129,52,181
https://kawalpemilu.org#65741,"GUAAN, MOOAT, BOLAANG MONGONDOW TIMUR, SULAWESI UTARA",1,264,10,274
https://kawalpemilu.org#65741,"GUAAN, MOOAT, BOLAANG MONGONDOW TIMUR, SULAWESI UTARA",2,208,8,216
https://kawalpemilu.org#65742,"BONGKUDAI BARU, MOOAT, BOLAANG MONGONDOW TIMUR, SULAWESI UTARA",1,183,8,191
https://kawalpemilu.org#65742,"BONGKUDAI BARU, MOOAT, BOLAANG MONGONDOW TIMUR, SULAWESI UTARA",2,173,11,184
https://kawalpemilu.org#65751,"BONGKUDAI UTARA, MOOAT, BOLAANG MONGONDOW TIMUR, SULAWESI UTARA",1,172,7,179
https://kawalpemilu.org#65751,"BONGKUDAI UTARA, MOOAT, BOLAANG MONGONDOW TIMUR, SULAWESI UTARA",2,186,5,191
https://kawalpemilu.org#65753,"KOKAPOI, MOOAT, BOLAANG MONGONDOW TIMUR, SULAWESI UTARA",1,176,4,180
https://kawalpemilu.org#65753,"KOKAPOI, MOOAT, BOLAANG MONGONDOW TIMUR, SULAWESI UTARA",2,121,14,135
https://kawalpemilu.org#928568,"MOKITOMPIA, MOOAT, BOLAANG MONGONDOW TIMUR, SULAWESI UTARA",1,244,12,256
https://kawalpemilu.org#928568,"MOKITOMPIA, MOOAT, BOLAANG MONGONDOW TIMUR, SULAWESI UTARA",2,262,5,267
https://kawalpemilu.org#928569,"MOTOTOMPIAN, MOOAT, BOLAANG MONGONDOW TIMUR, SULAWESI UTARA",1,195,15,210
https://kawalpemilu.org#928569,"MOTOTOMPIAN, MOOAT, BOLAANG MONGONDOW TIMUR, SULAWESI UTARA",2,175,6,181
https://kawalpemilu.org#928570,"BONGKUDAI TIMUR, MOOAT, BOLAANG MONGONDOW TIMUR, SULAWESI UTARA",1,139,4,143
https://kawalpemilu.org#928570,"BONGKUDAI TIMUR, MOOAT, BOLAANG MONGONDOW TIMUR, SULAWESI UTARA",2,163,7,170
https://kawalpemilu.org#928573,"KOKAPOI TIMUR, MOOAT, BOLAANG MONGONDOW TIMUR, SULAWESI UTARA",1,159,4,163
https://kawalpemilu.org#928574,"BONGKUDAI SELATAN, MOOAT, BOLAANG MONGONDOW TIMUR, SULAWESI UTARA",1,227,11,238
https://kawalpemilu.org#928574,"BONGKUDAI SELATAN, MOOAT, BOLAANG MONGONDOW TIMUR, SULAWESI UTARA",2,223,8,231
https://kawalpemilu.org#65765,"TANGAGAH, BOLAANG UKI, BOLAANG MONGONDOW SELATAN, SULAWESI UTARA",1,55,175,230
https://kawalpemilu.org#65765,"TANGAGAH, BOLAANG UKI, BOLAANG MONGONDOW SELATAN, SULAWESI UTARA",2,76,167,243
https://kawalpemilu.org#65766,"SALONGO, BOLAANG UKI, BOLAANG MONGONDOW SELATAN, SULAWESI UTARA",1,79,145,224
https://kawalpemilu.org#65766,"SALONGO, BOLAANG UKI, BOLAANG MONGONDOW SELATAN, SULAWESI UTARA",2,79,134,213
https://kawalpemilu.org#65766,"SALONGO, BOLAANG UKI, BOLAANG MONGONDOW SELATAN, SULAWESI UTARA",3,85,126,211
https://kawalpemilu.org#65766,"SALONGO, BOLAANG UKI, BOLAANG MONGONDOW SELATAN, SULAWESI UTARA",4,81,120,201
https://kawalpemilu.org#65767,"TOLUAYU, BOLAANG UKI, BOLAANG MONGONDOW SELATAN, SULAWESI UTARA",2,100,160,260
https://kawalpemilu.org#65767,"TOLUAYU, BOLAANG UKI, BOLAANG MONGONDOW SELATAN, SULAWESI UTARA",3,73,139,212
https://kawalpemilu.org#65768,"MOLIBAGU, BOLAANG UKI, BOLAANG MONGONDOW SELATAN, SULAWESI UTARA",1,107,167,274
https://kawalpemilu.org#65768,"MOLIBAGU, BOLAANG UKI, BOLAANG MONGONDOW SELATAN, SULAWESI UTARA",2,89,160,249
https://kawalpemilu.org#65768,"MOLIBAGU, BOLAANG UKI, BOLAANG MONGONDOW SELATAN, SULAWESI UTARA",3,109,138,247
https://kawalpemilu.org#65768,"MOLIBAGU, BOLAANG UKI, BOLAANG MONGONDOW SELATAN, SULAWESI UTARA",5,78,83,161
https://kawalpemilu.org#65769,"POPODU, BOLAANG UKI, BOLAANG MONGONDOW SELATAN, SULAWESI UTARA",1,54,99,153
https://kawalpemilu.org#65769,"POPODU, BOLAANG UKI, BOLAANG MONGONDOW SELATAN, SULAWESI UTARA",2,76,135,211
https://kawalpemilu.org#65769,"POPODU, BOLAANG UKI, BOLAANG MONGONDOW SELATAN, SULAWESI UTARA",3,73,120,193
https://kawalpemilu.org#65769,"POPODU, BOLAANG UKI, BOLAANG MONGONDOW SELATAN, SULAWESI UTARA",4,79,141,220
https://kawalpemilu.org#65769,"POPODU, BOLAANG UKI, BOLAANG MONGONDOW SELATAN, SULAWESI UTARA",5,72,124,196
https://kawalpemilu.org#65769,"POPODU, BOLAANG UKI, BOLAANG MONGONDOW SELATAN, SULAWESI UTARA",6,61,187,248
https://kawalpemilu.org#65770,"TOLONDADU, BOLAANG UKI, BOLAANG MONGONDOW SELATAN, SULAWESI UTARA",1,93,83,176
https://kawalpemilu.org#65770,"TOLONDADU, BOLAANG UKI, BOLAANG MONGONDOW SELATAN, SULAWESI UTARA",2,81,163,244
https://kawalpemilu.org#65770,"TOLONDADU, BOLAANG UKI, BOLAANG MONGONDOW SELATAN, SULAWESI UTARA",3,120,154,274
https://kawalpemilu.org#65771,"TABILAA, BOLAANG UKI, BOLAANG MONGONDOW SELATAN, SULAWESI UTARA",1,134,71,205
https://kawalpemilu.org#65771,"TABILAA, BOLAANG UKI, BOLAANG MONGONDOW SELATAN, SULAWESI UTARA",2,143,64,207
https://kawalpemilu.org#65771,"TABILAA, BOLAANG UKI, BOLAANG MONGONDOW SELATAN, SULAWESI UTARA",3,115,53,168
https://kawalpemilu.org#65771,"TABILAA, BOLAANG UKI, BOLAANG MONGONDOW SELATAN, SULAWESI UTARA",4,91,51,142
https://kawalpemilu.org#65773,"SONDANA, BOLAANG UKI, BOLAANG MONGONDOW SELATAN, SULAWESI UTARA",1,99,170,269
https://kawalpemilu.org#65773,"SONDANA, BOLAANG UKI, BOLAANG MONGONDOW SELATAN, SULAWESI UTARA",2,116,141,257
https://kawalpemilu.org#65773,"SONDANA, BOLAANG UKI, BOLAANG MONGONDOW SELATAN, SULAWESI UTARA",3,80,158,238
https://kawalpemilu.org#65774,"DUDEPO, BOLAANG UKI, BOLAANG MONGONDOW SELATAN, SULAWESI UTARA",1,131,44,175
https://kawalpemilu.org#65774,"DUDEPO, BOLAANG UKI, BOLAANG MONGONDOW SELATAN, SULAWESI UTARA",2,110,46,156
https://kawalpemilu.org#65775,"PINOLANTUNGAN, BOLAANG UKI, BOLAANG MONGONDOW SELATAN, SULAWESI UTARA",1,104,108,212
https://kawalpemilu.org#65775,"PINOLANTUNGAN, BOLAANG UKI, BOLAANG MONGONDOW SELATAN, SULAWESI UTARA",2,132,52,184
https://kawalpemilu.org#65776,"TOLONDADU I, BOLAANG UKI, BOLAANG MONGONDOW SELATAN, SULAWESI UTARA",1,119,147,226
https://kawalpemilu.org#65776,"TOLONDADU I, BOLAANG UKI, BOLAANG MONGONDOW SELATAN, SULAWESI UTARA",2,115,148,263
https://kawalpemilu.org#65776,"TOLONDADU I, BOLAANG UKI, BOLAANG MONGONDOW SELATAN, SULAWESI UTARA",3,110,179,289
https://kawalpemilu.org#65777,"TOLONDADU II, BOLAANG UKI, BOLAANG MONGONDOW SELATAN, SULAWESI UTARA",1,125,80,205
https://kawalpemilu.org#65777,"TOLONDADU II, BOLAANG UKI, BOLAANG MONGONDOW SELATAN, SULAWESI UTARA",2,158,106,264
https://kawalpemilu.org#85621,"SOGUO, BOLAANG UKI, BOLAANG MONGONDOW SELATAN, SULAWESI UTARA",1,78,139,217
https://kawalpemilu.org#85621,"SOGUO, BOLAANG UKI, BOLAANG MONGONDOW SELATAN, SULAWESI UTARA",2,103,147,250
https://kawalpemilu.org#85621,"SOGUO, BOLAANG UKI, BOLAANG MONGONDOW SELATAN, SULAWESI UTARA",3,80,84,164
https://kawalpemilu.org#928581,"PINTADIA, BOLAANG UKI, BOLAANG MONGONDOW SELATAN, SULAWESI UTARA",2,83,84,167
https://kawalpemilu.org#928582,"SALONGO TIMUR, BOLAANG UKI, BOLAANG MONGONDOW SELATAN, SULAWESI UTARA",1,113,97,210
https://kawalpemilu.org#928586,"SALONGO BARAT, BOLAANG UKI, BOLAANG MONGONDOW SELATAN, SULAWESI UTARA",1,99,143,242
https://kawalpemilu.org#928586,"SALONGO BARAT, BOLAANG UKI, BOLAANG MONGONDOW SELATAN, SULAWESI UTARA",2,112,117,229
https://kawalpemilu.org#928587,"DUDEPO BARAT, BOLAANG UKI, BOLAANG MONGONDOW SELATAN, SULAWESI UTARA",2,85,50,135
https://kawalpemilu.org#65781,"LION, POSIGADAN, BOLAANG MONGONDOW SELATAN, SULAWESI UTARA",1,85,93,178
https://kawalpemilu.org#65781,"LION, POSIGADAN, BOLAANG MONGONDOW SELATAN, SULAWESI UTARA",2,87,104,191
https://kawalpemilu.org#65781,"LION, POSIGADAN, BOLAANG MONGONDOW SELATAN, SULAWESI UTARA",3,79,91,170
https://kawalpemilu.org#65782,"MOMALIA II, POSIGADAN, BOLAANG MONGONDOW SELATAN, SULAWESI UTARA",1,67,145,212
https://kawalpemilu.org#65782,"MOMALIA II, POSIGADAN, BOLAANG MONGONDOW SELATAN, SULAWESI UTARA",2,66,140,206
https://kawalpemilu.org#65782,"MOMALIA II, POSIGADAN, BOLAANG MONGONDOW SELATAN, SULAWESI UTARA",3,67,135,202
https://kawalpemilu.org#65782,"MOMALIA II, POSIGADAN, BOLAANG MONGONDOW SELATAN, SULAWESI UTARA",4,63,141,204
https://kawalpemilu.org#65783,"MEYAMBANGA, POSIGADAN, BOLAANG MONGONDOW SELATAN, SULAWESI UTARA",1,50,199,249
https://kawalpemilu.org#65783,"MEYAMBANGA, POSIGADAN, BOLAANG MONGONDOW SELATAN, SULAWESI UTARA",2,61,182,243
https://kawalpemilu.org#65784,"SAIBUAH, POSIGADAN, BOLAANG MONGONDOW SELATAN, SULAWESI UTARA",2,116,80,196
https://kawalpemilu.org#65784,"SAIBUAH, POSIGADAN, BOLAANG MONGONDOW SELATAN, SULAWESI UTARA",3,90,95,185
https://kawalpemilu.org#65787,"SINOMBAYUGA, POSIGADAN, BOLAANG MONGONDOW SELATAN, SULAWESI UTARA",1,119,156,275
https://kawalpemilu.org#65787,"SINOMBAYUGA, POSIGADAN, BOLAANG MONGONDOW SELATAN, SULAWESI UTARA",2,99,175,274
https://kawalpemilu.org#65787,"SINOMBAYUGA, POSIGADAN, BOLAANG MONGONDOW SELATAN, SULAWESI UTARA",3,61,127,188
https://kawalpemilu.org#65788,"LUWOO, POSIGADAN, BOLAANG MONGONDOW SELATAN, SULAWESI UTARA",1,58,206,264
https://kawalpemilu.org#65788,"LUWOO, POSIGADAN, BOLAANG MONGONDOW SELATAN, SULAWESI UTARA",2,43,176,219
https://kawalpemilu.org#65788,"LUWOO, POSIGADAN, BOLAANG MONGONDOW SELATAN, SULAWESI UTARA",3,54,194,248
https://kawalpemilu.org#65789,"MOMALIA I, POSIGADAN, BOLAANG MONGONDOW SELATAN, SULAWESI UTARA",1,36,139,175
https://kawalpemilu.org#65789,"MOMALIA I, POSIGADAN, BOLAANG MONGONDOW SELATAN, SULAWESI UTARA",2,35,170,205
https://kawalpemilu.org#65789,"MOMALIA I, POSIGADAN, BOLAANG MONGONDOW SELATAN, SULAWESI UTARA",3,42,168,210
https://kawalpemilu.org#65789,"MOMALIA I, POSIGADAN, BOLAANG MONGONDOW SELATAN, SULAWESI UTARA",4,89,138,227
https://kawalpemilu.org#65791,"SAKTI, POSIGADAN, BOLAANG MONGONDOW SELATAN, SULAWESI UTARA",1,116,89,205
https://kawalpemilu.org#65791,"SAKTI, POSIGADAN, BOLAANG MONGONDOW SELATAN, SULAWESI UTARA",2,114,79,193
https://kawalpemilu.org#65791,"SAKTI, POSIGADAN, BOLAANG MONGONDOW SELATAN, SULAWESI UTARA",3,99,99,198
https://kawalpemilu.org#65792,"MANGGADAA, POSIGADAN, BOLAANG MONGONDOW SELATAN, SULAWESI UTARA",1,115,52,167
https://kawalpemilu.org#65792,"MANGGADAA, POSIGADAN, BOLAANG MONGONDOW SELATAN, SULAWESI UTARA",2,94,63,157
https://kawalpemilu.org#65793,"PILOLAHUNGA, POSIGADAN, BOLAANG MONGONDOW SELATAN, SULAWESI UTARA",1,54,110,164
https://kawalpemilu.org#65793,"PILOLAHUNGA, POSIGADAN, BOLAANG MONGONDOW SELATAN, SULAWESI UTARA",2,43,148,191
https://kawalpemilu.org#65793,"PILOLAHUNGA, POSIGADAN, BOLAANG MONGONDOW SELATAN, SULAWESI UTARA",3,49,125,174
https://kawalpemilu.org#65794,"TONALA, POSIGADAN, BOLAANG MONGONDOW SELATAN, SULAWESI UTARA",1,49,212,261
https://kawalpemilu.org#65794,"TONALA, POSIGADAN, BOLAANG MONGONDOW SELATAN, SULAWESI UTARA",2,43,221,264
https://kawalpemilu.org#65794,"TONALA, POSIGADAN, BOLAANG MONGONDOW SELATAN, SULAWESI UTARA",3,62,197,259
https://kawalpemilu.org#928588,"ILOHELUMA, POSIGADAN, BOLAANG MONGONDOW SELATAN, SULAWESI UTARA",1,147,123,270
https://kawalpemilu.org#928588,"ILOHELUMA, POSIGADAN, BOLAANG MONGONDOW SELATAN, SULAWESI UTARA",2,109,167,276
https://kawalpemilu.org#928589,"MENYAMBANGA TIMUR, POSIGADAN, BOLAANG MONGONDOW SELATAN, SULAWESI UTARA",1,33,59,92
https://kawalpemilu.org#928589,"MENYAMBANGA TIMUR, POSIGADAN, BOLAANG MONGONDOW SELATAN, SULAWESI UTARA",2,38,58,96
https://kawalpemilu.org#928589,"MENYAMBANGA TIMUR, POSIGADAN, BOLAANG MONGONDOW SELATAN, SULAWESI UTARA",3,28,73,101
https://kawalpemilu.org#928591,"MOLOSIPAT, POSIGADAN, BOLAANG MONGONDOW SELATAN, SULAWESI UTARA",1,44,200,244
https://kawalpemilu.org#928594,"MOMALIA TIGA, POSIGADAN, BOLAANG MONGONDOW SELATAN, SULAWESI UTARA",1,61,155,216
https://kawalpemilu.org#928594,"MOMALIA TIGA, POSIGADAN, BOLAANG MONGONDOW SELATAN, SULAWESI UTARA",2,61,146,207
https://kawalpemilu.org#928595,"INOSOTA, POSIGADAN, BOLAANG MONGONDOW SELATAN, SULAWESI UTARA",1,129,116,245
https://kawalpemilu.org#65797,"LINAWAN, PINOLOSIAN, BOLAANG MONGONDOW SELATAN, SULAWESI UTARA",1,106,120,226
https://kawalpemilu.org#65797,"LINAWAN, PINOLOSIAN, BOLAANG MONGONDOW SELATAN, SULAWESI UTARA",2,113,141,254
https://kawalpemilu.org#65797,"LINAWAN, PINOLOSIAN, BOLAANG MONGONDOW SELATAN, SULAWESI UTARA",3,137,75,212
https://kawalpemilu.org#65798,"NUNUK, PINOLOSIAN, BOLAANG MONGONDOW SELATAN, SULAWESI UTARA",1,107,91,198
https://kawalpemilu.org#65798,"NUNUK, PINOLOSIAN, BOLAANG MONGONDOW SELATAN, SULAWESI UTARA",2,108,111,219
https://kawalpemilu.org#65798,"NUNUK, PINOLOSIAN, BOLAANG MONGONDOW SELATAN, SULAWESI UTARA",3,81,99,180
https://kawalpemilu.org#65798,"NUNUK, PINOLOSIAN, BOLAANG MONGONDOW SELATAN, SULAWESI UTARA",4,98,95,193
https://kawalpemilu.org#65798,"NUNUK, PINOLOSIAN, BOLAANG MONGONDOW SELATAN, SULAWESI UTARA",5,74,78,152
https://kawalpemilu.org#65799,"PINOLOSIAN, PINOLOSIAN, BOLAANG MONGONDOW SELATAN, SULAWESI UTARA",1,82,88,170
https://kawalpemilu.org#65799,"PINOLOSIAN, PINOLOSIAN, BOLAANG MONGONDOW SELATAN, SULAWESI UTARA",2,86,84,170
https://kawalpemilu.org#65799,"PINOLOSIAN, PINOLOSIAN, BOLAANG MONGONDOW SELATAN, SULAWESI UTARA",3,124,118,242
https://kawalpemilu.org#65799,"PINOLOSIAN, PINOLOSIAN, BOLAANG MONGONDOW SELATAN, SULAWESI UTARA",4,69,89,158
https://kawalpemilu.org#65800,"KOMBOT, PINOLOSIAN, BOLAANG MONGONDOW SELATAN, SULAWESI UTARA",1,43,80,123
https://kawalpemilu.org#65800,"KOMBOT, PINOLOSIAN, BOLAANG MONGONDOW SELATAN, SULAWESI UTARA",2,55,151,206
https://kawalpemilu.org#65800,"KOMBOT, PINOLOSIAN, BOLAANG MONGONDOW SELATAN, SULAWESI UTARA",3,46,124,170
https://kawalpemilu.org#65800,"KOMBOT, PINOLOSIAN, BOLAANG MONGONDOW SELATAN, SULAWESI UTARA",4,52,168,220
https://kawalpemilu.org#65800,"KOMBOT, PINOLOSIAN, BOLAANG MONGONDOW SELATAN, SULAWESI UTARA",5,35,141,176
https://kawalpemilu.org#65801,"LUNGKAP, PINOLOSIAN, BOLAANG MONGONDOW SELATAN, SULAWESI UTARA",1,79,114,193
https://kawalpemilu.org#65801,"LUNGKAP, PINOLOSIAN, BOLAANG MONGONDOW SELATAN, SULAWESI UTARA",2,87,134,221
https://kawalpemilu.org#65801,"LUNGKAP, PINOLOSIAN, BOLAANG MONGONDOW SELATAN, SULAWESI UTARA",3,48,102,150
https://kawalpemilu.org#65802,"ILOMATA, PINOLOSIAN, BOLAANG MONGONDOW SELATAN, SULAWESI UTARA",1,91,100,191
https://kawalpemilu.org#65802,"ILOMATA, PINOLOSIAN, BOLAANG MONGONDOW SELATAN, SULAWESI UTARA",2,71,120,191
https://kawalpemilu.org#65802,"ILOMATA, PINOLOSIAN, BOLAANG MONGONDOW SELATAN, SULAWESI UTARA",3,96,87,183
https://kawalpemilu.org#65802,"ILOMATA, PINOLOSIAN, BOLAANG MONGONDOW SELATAN, SULAWESI UTARA",4,88,103,91
https://kawalpemilu.org#65803,"LINAWAN I, PINOLOSIAN, BOLAANG MONGONDOW SELATAN, SULAWESI UTARA",1,99,120,219
https://kawalpemilu.org#65803,"LINAWAN I, PINOLOSIAN, BOLAANG MONGONDOW SELATAN, SULAWESI UTARA",2,111,153,264
https://kawalpemilu.org#65803,"LINAWAN I, PINOLOSIAN, BOLAANG MONGONDOW SELATAN, SULAWESI UTARA",3,96,107,203
https://kawalpemilu.org#65804,"TOLOTOYAN, PINOLOSIAN, BOLAANG MONGONDOW SELATAN, SULAWESI UTARA",1,93,159,252
https://kawalpemilu.org#65804,"TOLOTOYAN, PINOLOSIAN, BOLAANG MONGONDOW SELATAN, SULAWESI UTARA",2,38,68,106
https://kawalpemilu.org#65804,"TOLOTOYAN, PINOLOSIAN, BOLAANG MONGONDOW SELATAN, SULAWESI UTARA",3,62,107,169
https://kawalpemilu.org#65804,"TOLOTOYAN, PINOLOSIAN, BOLAANG MONGONDOW SELATAN, SULAWESI UTARA",4,99,133,232
https://kawalpemilu.org#65804,"TOLOTOYAN, PINOLOSIAN, BOLAANG MONGONDOW SELATAN, SULAWESI UTARA",5,76,113,189
https://kawalpemilu.org#65805,"PINOLOSIAN SELATAN, PINOLOSIAN, BOLAANG MONGONDOW SELATAN, SULAWESI UTARA",1,130,73,203
https://kawalpemilu.org#65805,"PINOLOSIAN SELATAN, PINOLOSIAN, BOLAANG MONGONDOW SELATAN, SULAWESI UTARA",2,110,74,184
https://kawalpemilu.org#928596,"KOMBOT TIMUR, PINOLOSIAN, BOLAANG MONGONDOW SELATAN, SULAWESI UTARA",1,61,155,216
https://kawalpemilu.org#65807,"MATAINDO, PINOLOSIAN TENGAH, BOLAANG MONGONDOW SELATAN, SULAWESI UTARA",1,37,187,224
https://kawalpemilu.org#65807,"MATAINDO, PINOLOSIAN TENGAH, BOLAANG MONGONDOW SELATAN, SULAWESI UTARA",2,44,149,193
https://kawalpemilu.org#65808,"ADOW, PINOLOSIAN TENGAH, BOLAANG MONGONDOW SELATAN, SULAWESI UTARA",1,71,165,236
https://kawalpemilu.org#65808,"ADOW, PINOLOSIAN TENGAH, BOLAANG MONGONDOW SELATAN, SULAWESI UTARA",2,42,184,226
https://kawalpemilu.org#65808,"ADOW, PINOLOSIAN TENGAH, BOLAANG MONGONDOW SELATAN, SULAWESI UTARA",3,86,138,224
https://kawalpemilu.org#65809,"TOROSIK, PINOLOSIAN TENGAH, BOLAANG MONGONDOW SELATAN, SULAWESI UTARA",1,67,202,269
https://kawalpemilu.org#65809,"TOROSIK, PINOLOSIAN TENGAH, BOLAANG MONGONDOW SELATAN, SULAWESI UTARA",2,123,93,216
https://kawalpemilu.org#65810,"TOBAYAGAN, PINOLOSIAN TENGAH, BOLAANG MONGONDOW SELATAN, SULAWESI UTARA",1,60,133,193
https://kawalpemilu.org#65810,"TOBAYAGAN, PINOLOSIAN TENGAH, BOLAANG MONGONDOW SELATAN, SULAWESI UTARA",2,53,174,227
https://kawalpemilu.org#65810,"TOBAYAGAN, PINOLOSIAN TENGAH, BOLAANG MONGONDOW SELATAN, SULAWESI UTARA",3,53,152,205
https://kawalpemilu.org#65811,"DEAGA, PINOLOSIAN TENGAH, BOLAANG MONGONDOW SELATAN, SULAWESI UTARA",1,40,105,145
https://kawalpemilu.org#85622,"ADOW SELATAN, PINOLOSIAN TENGAH, BOLAANG MONGONDOW SELATAN, SULAWESI UTARA",1,89,184,273
https://kawalpemilu.org#85622,"ADOW SELATAN, PINOLOSIAN TENGAH, BOLAANG MONGONDOW SELATAN, SULAWESI UTARA",2,81,189,271
https://kawalpemilu.org#928597,"MATANDOI UTARA, PINOLOSIAN TENGAH, BOLAANG MONGONDOW SELATAN, SULAWESI UTARA",1,96,166,262
https://kawalpemilu.org#928597,"MATANDOI UTARA, PINOLOSIAN TENGAH, BOLAANG MONGONDOW SELATAN, SULAWESI UTARA",2,83,179,262
https://kawalpemilu.org#928598,"TOBAYAGAN SELATAN, PINOLOSIAN TENGAH, BOLAANG MONGONDOW SELATAN, SULAWESI UTARA",1,95,132,227
https://kawalpemilu.org#928598,"TOBAYAGAN SELATAN, PINOLOSIAN TENGAH, BOLAANG MONGONDOW SELATAN, SULAWESI UTARA",2,68,124,192
https://kawalpemilu.org#65813,"MATANDOI, PINOLOSIAN TIMUR, BOLAANG MONGONDOW SELATAN, SULAWESI UTARA",1,75,175,250
https://kawalpemilu.org#65813,"MATANDOI, PINOLOSIAN TIMUR, BOLAANG MONGONDOW SELATAN, SULAWESI UTARA",2,64,150,214
https://kawalpemilu.org#65813,"MATANDOI, PINOLOSIAN TIMUR, BOLAANG MONGONDOW SELATAN, SULAWESI UTARA",3,81,144,225
https://kawalpemilu.org#65814,"DUMAGIN A, PINOLOSIAN TIMUR, BOLAANG MONGONDOW SELATAN, SULAWESI UTARA",1,224,17,241
https://kawalpemilu.org#65814,"DUMAGIN A, PINOLOSIAN TIMUR, BOLAANG MONGONDOW SELATAN, SULAWESI UTARA",2,223,15,238
https://kawalpemilu.org#65814,"DUMAGIN A, PINOLOSIAN TIMUR, BOLAANG MONGONDOW SELATAN, SULAWESI UTARA",3,211,26,237
https://kawalpemilu.org#65815,"DUMAGIN B, PINOLOSIAN TIMUR, BOLAANG MONGONDOW SELATAN, SULAWESI UTARA",1,93,171,264
https://kawalpemilu.org#65815,"DUMAGIN B, PINOLOSIAN TIMUR, BOLAANG MONGONDOW SELATAN, SULAWESI UTARA",2,84,168,252
https://kawalpemilu.org#65816,"DAYOW, PINOLOSIAN TIMUR, BOLAANG MONGONDOW SELATAN, SULAWESI UTARA",1,63,105,168
https://kawalpemilu.org#65816,"DAYOW, PINOLOSIAN TIMUR, BOLAANG MONGONDOW SELATAN, SULAWESI UTARA",2,43,78,121
https://kawalpemilu.org#65817,"ONGGUNOI, PINOLOSIAN TIMUR, BOLAANG MONGONDOW SELATAN, SULAWESI UTARA",1,113,81,195
https://kawalpemilu.org#65817,"ONGGUNOI, PINOLOSIAN TIMUR, BOLAANG MONGONDOW SELATAN, SULAWESI UTARA",2,171,56,227
https://kawalpemilu.org#65818,"MODISI, PINOLOSIAN TIMUR, BOLAANG MONGONDOW SELATAN, SULAWESI UTARA",1,111,48,159
https://kawalpemilu.org#65818,"MODISI, PINOLOSIAN TIMUR, BOLAANG MONGONDOW SELATAN, SULAWESI UTARA",2,185,10,195
https://kawalpemilu.org#65819,"POSILAGON, PINOLOSIAN TIMUR, BOLAANG MONGONDOW SELATAN, SULAWESI UTARA",1,133,91,224
https://kawalpemilu.org#65819,"POSILAGON, PINOLOSIAN TIMUR, BOLAANG MONGONDOW SELATAN, SULAWESI UTARA",2,131,85,216
https://kawalpemilu.org#65820,"PIDUNG, PINOLOSIAN TIMUR, BOLAANG MONGONDOW SELATAN, SULAWESI UTARA",1,40,96,136
https://kawalpemilu.org#65820,"PIDUNG, PINOLOSIAN TIMUR, BOLAANG MONGONDOW SELATAN, SULAWESI UTARA",2,53,78,131
https://kawalpemilu.org#65821,"ILIGON, PINOLOSIAN TIMUR, BOLAANG MONGONDOW SELATAN, SULAWESI UTARA",1,213,17,230
https://kawalpemilu.org#928599,"MOTANDOI SELATAN, PINOLOSIAN TIMUR, BOLAANG MONGONDOW SELATAN, SULAWESI UTARA",1,74,165,239
https://kawalpemilu.org#928599,"MOTANDOI SELATAN, PINOLOSIAN TIMUR, BOLAANG MONGONDOW SELATAN, SULAWESI UTARA",2,93,134,227
https://kawalpemilu.org#928600,"PERJUANGAN, PINOLOSIAN TIMUR, BOLAANG MONGONDOW SELATAN, SULAWESI UTARA",1,181,7,188
https://kawalpemilu.org#928601,"ONGGUNOI SELATAN, PINOLOSIAN TIMUR, BOLAANG MONGONDOW SELATAN, SULAWESI UTARA",1,31,151,182
https://kawalpemilu.org#928601,"ONGGUNOI SELATAN, PINOLOSIAN TIMUR, BOLAANG MONGONDOW SELATAN, SULAWESI UTARA",2,36,86,122
https://kawalpemilu.org#65762,"BAKIDA, HELUMO, BOLAANG MONGONDOW SELATAN, SULAWESI UTARA",1,83,143,226
https://kawalpemilu.org#65762,"BAKIDA, HELUMO, BOLAANG MONGONDOW SELATAN, SULAWESI UTARA",2,72,138,210
https://kawalpemilu.org#65762,"BAKIDA, HELUMO, BOLAANG MONGONDOW SELATAN, SULAWESI UTARA",3,66,168,234
https://kawalpemilu.org#65763,"DUMINANGA, HELUMO, BOLAANG MONGONDOW SELATAN, SULAWESI UTARA",1,143,132,275
https://kawalpemilu.org#65763,"DUMINANGA, HELUMO, BOLAANG MONGONDOW SELATAN, SULAWESI UTARA",2,141,139,280
https://kawalpemilu.org#65764,"BINIHA, HELUMO, BOLAANG MONGONDOW SELATAN, SULAWESI UTARA",1,93,133,226
https://kawalpemilu.org#65764,"BINIHA, HELUMO, BOLAANG MONGONDOW SELATAN, SULAWESI UTARA",2,65,153,218
https://kawalpemilu.org#65772,"PANGIA, HELUMO, BOLAANG MONGONDOW SELATAN, SULAWESI UTARA",1,117,135,252
https://kawalpemilu.org#65772,"PANGIA, HELUMO, BOLAANG MONGONDOW SELATAN, SULAWESI UTARA",2,101,147,248
https://kawalpemilu.org#65778,"SIANANDAKA, HELUMO, BOLAANG MONGONDOW SELATAN, SULAWESI UTARA",1,25,148,177
https://kawalpemilu.org#65778,"SIANANDAKA, HELUMO, BOLAANG MONGONDOW SELATAN, SULAWESI UTARA",2,48,161,209
https://kawalpemilu.org#65779,"SOPUTA, HELUMO, BOLAANG MONGONDOW SELATAN, SULAWESI UTARA",1,40,194,234
https://kawalpemilu.org#85620,"BINIHA TIMUR, HELUMO, BOLAANG MONGONDOW SELATAN, SULAWESI UTARA",1,84,133,217
https://kawalpemilu.org#928580,"MOTOLOHU, HELUMO, BOLAANG MONGONDOW SELATAN, SULAWESI UTARA",1,66,126,192
https://kawalpemilu.org#928580,"MOTOLOHU, HELUMO, BOLAANG MONGONDOW SELATAN, SULAWESI UTARA",2,63,98,161
https://kawalpemilu.org#928583,"TRANS PATOA, HELUMO, BOLAANG MONGONDOW SELATAN, SULAWESI UTARA",1,119,67,186
https://kawalpemilu.org#928584,"HALABOLU, HELUMO, BOLAANG MONGONDOW SELATAN, SULAWESI UTARA",1,102,128,230
https://kawalpemilu.org#928585,"BINIHA SELATAN, HELUMO, BOLAANG MONGONDOW SELATAN, SULAWESI UTARA",1,74,120,194
https://kawalpemilu.org#65785,"TOLUTU, TOMINI, BOLAANG MONGONDOW SELATAN, SULAWESI UTARA",1,100,148,248
https://kawalpemilu.org#65785,"TOLUTU, TOMINI, BOLAANG MONGONDOW SELATAN, SULAWESI UTARA",2,115,130,245
https://kawalpemilu.org#65785,"TOLUTU, TOMINI, BOLAANG MONGONDOW SELATAN, SULAWESI UTARA",3,117,135,252
https://kawalpemilu.org#65786,"MILANGODAA, TOMINI, BOLAANG MONGONDOW SELATAN, SULAWESI UTARA",1,78,171,249
https://kawalpemilu.org#65786,"MILANGODAA, TOMINI, BOLAANG MONGONDOW SELATAN, SULAWESI UTARA",2,82,163,245
https://kawalpemilu.org#65786,"MILANGODAA, TOMINI, BOLAANG MONGONDOW SELATAN, SULAWESI UTARA",3,84,167,251
https://kawalpemilu.org#65790,"MILANGODAA BARAT, TOMINI, BOLAANG MONGONDOW SELATAN, SULAWESI UTARA",1,90,202,292
https://kawalpemilu.org#65790,"MILANGODAA BARAT, TOMINI, BOLAANG MONGONDOW SELATAN, SULAWESI UTARA",2,78,199,277
https://kawalpemilu.org#65795,"BOTULIODU, TOMINI, BOLAANG MONGONDOW SELATAN, SULAWESI UTARA",1,81,59,140
https://kawalpemilu.org#65795,"BOTULIODU, TOMINI, BOLAANG MONGONDOW SELATAN, SULAWESI UTARA",2,90,66,156
https://kawalpemilu.org#928590,"MILANGODA UTARA, TOMINI, BOLAANG MONGONDOW SELATAN, SULAWESI UTARA",1,28,124,152
https://kawalpemilu.org#928590,"MILANGODA UTARA, TOMINI, BOLAANG MONGONDOW SELATAN, SULAWESI UTARA",2,56,93,149
https://kawalpemilu.org#928592,"NUNUKA RAYA, TOMINI, BOLAANG MONGONDOW SELATAN, SULAWESI UTARA",1,110,149,259
https://kawalpemilu.org#928592,"NUNUKA RAYA, TOMINI, BOLAANG MONGONDOW SELATAN, SULAWESI UTARA",2,118,142,260
https://kawalpemilu.org#928593,"PAKUKU JAYA, TOMINI, BOLAANG MONGONDOW SELATAN, SULAWESI UTARA",1,41,125,166
https://kawalpemilu.org#928593,"PAKUKU JAYA, TOMINI, BOLAANG MONGONDOW SELATAN, SULAWESI UTARA",2,49,116,165
https://kawalpemilu.org#65824,"AYONG, SANG TOMBOLANG, BOLAANG MONGONDOW, SULAWESI UTARA",1,76,92,168
https://kawalpemilu.org#65824,"AYONG, SANG TOMBOLANG, BOLAANG MONGONDOW, SULAWESI UTARA",2,71,80,151
https://kawalpemilu.org#65824,"AYONG, SANG TOMBOLANG, BOLAANG MONGONDOW, SULAWESI UTARA",3,121,129,250
https://kawalpemilu.org#65824,"AYONG, SANG TOMBOLANG, BOLAANG MONGONDOW, SULAWESI UTARA",4,96,114,210
https://kawalpemilu.org#65824,"AYONG, SANG TOMBOLANG, BOLAANG MONGONDOW, SULAWESI UTARA",5,95,81,176
https://kawalpemilu.org#65825,"BABO, SANG TOMBOLANG, BOLAANG MONGONDOW, SULAWESI UTARA",1,136,92,228
https://kawalpemilu.org#65825,"BABO, SANG TOMBOLANG, BOLAANG MONGONDOW, SULAWESI UTARA",2,103,139,242
https://kawalpemilu.org#65825,"BABO, SANG TOMBOLANG, BOLAANG MONGONDOW, SULAWESI UTARA",3,132,129,261
https://kawalpemilu.org#65826,"BOLANGAT, SANG TOMBOLANG, BOLAANG MONGONDOW, SULAWESI UTARA",1,42,199,241
https://kawalpemilu.org#65826,"BOLANGAT, SANG TOMBOLANG, BOLAANG MONGONDOW, SULAWESI UTARA",2,73,165,238
https://kawalpemilu.org#65826,"BOLANGAT, SANG TOMBOLANG, BOLAANG MONGONDOW, SULAWESI UTARA",3,67,176,243
https://kawalpemilu.org#65827,"MAELANG, SANG TOMBOLANG, BOLAANG MONGONDOW, SULAWESI UTARA",1,87,129,216
https://kawalpemilu.org#65827,"MAELANG, SANG TOMBOLANG, BOLAANG MONGONDOW, SULAWESI UTARA",2,99,152,251
https://kawalpemilu.org#65827,"MAELANG, SANG TOMBOLANG, BOLAANG MONGONDOW, SULAWESI UTARA",3,106,132,238
https://kawalpemilu.org#65828,"DOMISIL MOONOW, SANG TOMBOLANG, BOLAANG MONGONDOW, SULAWESI UTARA",1,83,106,189
https://kawalpemilu.org#65828,"DOMISIL MOONOW, SANG TOMBOLANG, BOLAANG MONGONDOW, SULAWESI UTARA",2,79,173,252
https://kawalpemilu.org#65828,"DOMISIL MOONOW, SANG TOMBOLANG, BOLAANG MONGONDOW, SULAWESI UTARA",3,92,116,208
https://kawalpemilu.org#65829,"PANGI, SANG TOMBOLANG, BOLAANG MONGONDOW, SULAWESI UTARA",1,114,75,189
https://kawalpemilu.org#65829,"PANGI, SANG TOMBOLANG, BOLAANG MONGONDOW, SULAWESI UTARA",2,105,65,170
https://kawalpemilu.org#65829,"PANGI, SANG TOMBOLANG, BOLAANG MONGONDOW, SULAWESI UTARA",3,105,68,173
https://kawalpemilu.org#65830,"LOLANAN, SANG TOMBOLANG, BOLAANG MONGONDOW, SULAWESI UTARA",1,97,106,203
https://kawalpemilu.org#65830,"LOLANAN, SANG TOMBOLANG, BOLAANG MONGONDOW, SULAWESI UTARA",2,100,125,225
https://kawalpemilu.org#65830,"LOLANAN, SANG TOMBOLANG, BOLAANG MONGONDOW, SULAWESI UTARA",3,103,125,228
https://kawalpemilu.org#65831,"CEMPAKA, SANG TOMBOLANG, BOLAANG MONGONDOW, SULAWESI UTARA",1,111,96,207
https://kawalpemilu.org#65831,"CEMPAKA, SANG TOMBOLANG, BOLAANG MONGONDOW, SULAWESI UTARA",2,103,72,175
https://kawalpemilu.org#65832,"BATU MERAH, SANG TOMBOLANG, BOLAANG MONGONDOW, SULAWESI UTARA",1,170,4,174
https://kawalpemilu.org#65832,"BATU MERAH, SANG TOMBOLANG, BOLAANG MONGONDOW, SULAWESI UTARA",2,171,10,181
https://kawalpemilu.org#65833,"PASIR PUTIH, SANG TOMBOLANG, BOLAANG MONGONDOW, SULAWESI UTARA",1,40,40,80
https://kawalpemilu.org#65833,"PASIR PUTIH, SANG TOMBOLANG, BOLAANG MONGONDOW, SULAWESI UTARA",2,185,12,197
https://kawalpemilu.org#89873,"PANGI TIMUR, SANG TOMBOLANG, BOLAANG MONGONDOW, SULAWESI UTARA",1,189,13,202
https://kawalpemilu.org#89873,"PANGI TIMUR, SANG TOMBOLANG, BOLAANG MONGONDOW, SULAWESI UTARA",2,167,28,195
https://kawalpemilu.org#89873,"PANGI TIMUR, SANG TOMBOLANG, BOLAANG MONGONDOW, SULAWESI UTARA",3,81,5,86
https://kawalpemilu.org#89874,"BOLANGAT TIMUR, SANG TOMBOLANG, BOLAANG MONGONDOW, SULAWESI UTARA",1,146,16,162
https://kawalpemilu.org#89874,"BOLANGAT TIMUR, SANG TOMBOLANG, BOLAANG MONGONDOW, SULAWESI UTARA",2,65,3,67
https://kawalpemilu.org#65835,"MATAYANGAN, DUMOGA BARAT, BOLAANG MONGONDOW, SULAWESI UTARA",1,73,153,226
https://kawalpemilu.org#65835,"MATAYANGAN, DUMOGA BARAT, BOLAANG MONGONDOW, SULAWESI UTARA",2,65,116,181
https://kawalpemilu.org#65835,"MATAYANGAN, DUMOGA BARAT, BOLAANG MONGONDOW, SULAWESI UTARA",3,69,167,239
https://kawalpemilu.org#65836,"UUAN, DUMOGA BARAT, BOLAANG MONGONDOW, SULAWESI UTARA",1,182,49,231
https://kawalpemilu.org#65836,"UUAN, DUMOGA BARAT, BOLAANG MONGONDOW, SULAWESI UTARA",2,229,30,259
https://kawalpemilu.org#65836,"UUAN, DUMOGA BARAT, BOLAANG MONGONDOW, SULAWESI UTARA",3,210,31,241
https://kawalpemilu.org#65836,"UUAN, DUMOGA BARAT, BOLAANG MONGONDOW, SULAWESI UTARA",4,207,33,240
https://kawalpemilu.org#65836,"UUAN, DUMOGA BARAT, BOLAANG MONGONDOW, SULAWESI UTARA",5,214,24,238
https://kawalpemilu.org#65836,"UUAN, DUMOGA BARAT, BOLAANG MONGONDOW, SULAWESI UTARA",6,225,22,247
https://kawalpemilu.org#65836,"UUAN, DUMOGA BARAT, BOLAANG MONGONDOW, SULAWESI UTARA",7,118,15,133
https://kawalpemilu.org#65837,"WANGGA BARU, DUMOGA BARAT, BOLAANG MONGONDOW, SULAWESI UTARA",1,42,175,217
https://kawalpemilu.org#65837,"WANGGA BARU, DUMOGA BARAT, BOLAANG MONGONDOW, SULAWESI UTARA",2,54,180,234
https://kawalpemilu.org#65837,"WANGGA BARU, DUMOGA BARAT, BOLAANG MONGONDOW, SULAWESI UTARA",3,64,168,232
https://kawalpemilu.org#65837,"WANGGA BARU, DUMOGA BARAT, BOLAANG MONGONDOW, SULAWESI UTARA",4,80,150,230
https://kawalpemilu.org#65841,"TORAUT, DUMOGA BARAT, BOLAANG MONGONDOW, SULAWESI UTARA",1,80,123,203
https://kawalpemilu.org#65841,"TORAUT, DUMOGA BARAT, BOLAANG MONGONDOW, SULAWESI UTARA",2,82,110,192
https://kawalpemilu.org#65841,"TORAUT, DUMOGA BARAT, BOLAANG MONGONDOW, SULAWESI UTARA",3,104,112,216
https://kawalpemilu.org#65841,"TORAUT, DUMOGA BARAT, BOLAANG MONGONDOW, SULAWESI UTARA",4,85,130,215
https://kawalpemilu.org#65842,"MEKARUO, DUMOGA BARAT, BOLAANG MONGONDOW, SULAWESI UTARA",1,157,28,185
https://kawalpemilu.org#65842,"MEKARUO, DUMOGA BARAT, BOLAANG MONGONDOW, SULAWESI UTARA",2,116,39,155
https://kawalpemilu.org#65842,"MEKARUO, DUMOGA BARAT, BOLAANG MONGONDOW, SULAWESI UTARA",3,158,20,178
https://kawalpemilu.org#65842,"MEKARUO, DUMOGA BARAT, BOLAANG MONGONDOW, SULAWESI UTARA",4,131,56,187
https://kawalpemilu.org#85508,"IKHWAN, DUMOGA BARAT, BOLAANG MONGONDOW, SULAWESI UTARA",1,69,146,215
https://kawalpemilu.org#85508,"IKHWAN, DUMOGA BARAT, BOLAANG MONGONDOW, SULAWESI UTARA",2,76,149,225
https://kawalpemilu.org#85508,"IKHWAN, DUMOGA BARAT, BOLAANG MONGONDOW, SULAWESI UTARA",3,82,138,220
https://kawalpemilu.org#85508,"IKHWAN, DUMOGA BARAT, BOLAANG MONGONDOW, SULAWESI UTARA",4,73,155,228
https://kawalpemilu.org#85508,"IKHWAN, DUMOGA BARAT, BOLAANG MONGONDOW, SULAWESI UTARA",5,125,111,236
https://kawalpemilu.org#85508,"IKHWAN, DUMOGA BARAT, BOLAANG MONGONDOW, SULAWESI UTARA",6,84,118,202
https://kawalpemilu.org#85508,"IKHWAN, DUMOGA BARAT, BOLAANG MONGONDOW, SULAWESI UTARA",7,104,151,255
https://kawalpemilu.org#85508,"IKHWAN, DUMOGA BARAT, BOLAANG MONGONDOW, SULAWESI UTARA",8,80,128,208
https://kawalpemilu.org#85508,"IKHWAN, DUMOGA BARAT, BOLAANG MONGONDOW, SULAWESI UTARA",9,55,71,126
https://kawalpemilu.org#85509,"DOLODUO, DUMOGA BARAT, BOLAANG MONGONDOW, SULAWESI UTARA",1,89,159,248
https://kawalpemilu.org#85509,"DOLODUO, DUMOGA BARAT, BOLAANG MONGONDOW, SULAWESI UTARA",2,90,150,240
https://kawalpemilu.org#85509,"DOLODUO, DUMOGA BARAT, BOLAANG MONGONDOW, SULAWESI UTARA",3,71,131,202
https://kawalpemilu.org#85509,"DOLODUO, DUMOGA BARAT, BOLAANG MONGONDOW, SULAWESI UTARA",4,64,120,184
https://kawalpemilu.org#85509,"DOLODUO, DUMOGA BARAT, BOLAANG MONGONDOW, SULAWESI UTARA",5,92,101,193
https://kawalpemilu.org#85509,"DOLODUO, DUMOGA BARAT, BOLAANG MONGONDOW, SULAWESI UTARA",6,76,110,186
https://kawalpemilu.org#85509,"DOLODUO, DUMOGA BARAT, BOLAANG MONGONDOW, SULAWESI UTARA",7,86,95,181
https://kawalpemilu.org#85510,"DOLODUO SATU, DUMOGA BARAT, BOLAANG MONGONDOW, SULAWESI UTARA",1,170,69,239
https://kawalpemilu.org#85510,"DOLODUO SATU, DUMOGA BARAT, BOLAANG MONGONDOW, SULAWESI UTARA",2,182,78,260
https://kawalpemilu.org#85511,"DOLODUO DUA, DUMOGA BARAT, BOLAANG MONGONDOW, SULAWESI UTARA",1,106,76,182
https://kawalpemilu.org#85511,"DOLODUO DUA, DUMOGA BARAT, BOLAANG MONGONDOW, SULAWESI UTARA",2,136,64,200
https://kawalpemilu.org#85512,"DOLODUO TIGA, DUMOGA BARAT, BOLAANG MONGONDOW, SULAWESI UTARA",1,100,35,135
https://kawalpemilu.org#85512,"DOLODUO TIGA, DUMOGA BARAT, BOLAANG MONGONDOW, SULAWESI UTARA",2,84,115,199
https://kawalpemilu.org#89875,"TORAUT UTARA, DUMOGA BARAT, BOLAANG MONGONDOW, SULAWESI UTARA",1,50,129,179
https://kawalpemilu.org#89875,"TORAUT UTARA, DUMOGA BARAT, BOLAANG MONGONDOW, SULAWESI UTARA",2,110,109,219
https://kawalpemilu.org#89875,"TORAUT UTARA, DUMOGA BARAT, BOLAANG MONGONDOW, SULAWESI UTARA",3,180,48,228
https://kawalpemilu.org#928539,"TORAUT TENGAH, DUMOGA BARAT, BOLAANG MONGONDOW, SULAWESI UTARA",1,32,118,150
https://kawalpemilu.org#928539,"TORAUT TENGAH, DUMOGA BARAT, BOLAANG MONGONDOW, SULAWESI UTARA",2,69,135,204
https://kawalpemilu.org#928539,"TORAUT TENGAH, DUMOGA BARAT, BOLAANG MONGONDOW, SULAWESI UTARA",3,54,94,148
https://kawalpemilu.org#65847,"IMANDI, DUMOGA TIMUR, BOLAANG MONGONDOW, SULAWESI UTARA",1,138,61,199
https://kawalpemilu.org#65847,"IMANDI, DUMOGA TIMUR, BOLAANG MONGONDOW, SULAWESI UTARA",2,147,45,192
https://kawalpemilu.org#65847,"IMANDI, DUMOGA TIMUR, BOLAANG MONGONDOW, SULAWESI UTARA",3,159,26,185
https://kawalpemilu.org#65847,"IMANDI, DUMOGA TIMUR, BOLAANG MONGONDOW, SULAWESI UTARA",4,177,20,197
https://kawalpemilu.org#65847,"IMANDI, DUMOGA TIMUR, BOLAANG MONGONDOW, SULAWESI UTARA",5,198,14,212
https://kawalpemilu.org#65847,"IMANDI, DUMOGA TIMUR, BOLAANG MONGONDOW, SULAWESI UTARA",6,148,45,193
https://kawalpemilu.org#65847,"IMANDI, DUMOGA TIMUR, BOLAANG MONGONDOW, SULAWESI UTARA",7,140,53,193
https://kawalpemilu.org#65847,"IMANDI, DUMOGA TIMUR, BOLAANG MONGONDOW, SULAWESI UTARA",8,111,106,4
https://kawalpemilu.org#65847,"IMANDI, DUMOGA TIMUR, BOLAANG MONGONDOW, SULAWESI UTARA",9,133,79,212
https://kawalpemilu.org#65847,"IMANDI, DUMOGA TIMUR, BOLAANG MONGONDOW, SULAWESI UTARA",10,165,58,223
https://kawalpemilu.org#65847,"IMANDI, DUMOGA TIMUR, BOLAANG MONGONDOW, SULAWESI UTARA",11,185,66,251
https://kawalpemilu.org#65847,"IMANDI, DUMOGA TIMUR, BOLAANG MONGONDOW, SULAWESI UTARA",12,147,64,3
https://kawalpemilu.org#65847,"IMANDI, DUMOGA TIMUR, BOLAANG MONGONDOW, SULAWESI UTARA",13,137,39,176
https://kawalpemilu.org#65848,"TONOM, DUMOGA TIMUR, BOLAANG MONGONDOW, SULAWESI UTARA",1,205,23,228
https://kawalpemilu.org#65848,"TONOM, DUMOGA TIMUR, BOLAANG MONGONDOW, SULAWESI UTARA",2,215,19,234
https://kawalpemilu.org#65848,"TONOM, DUMOGA TIMUR, BOLAANG MONGONDOW, SULAWESI UTARA",3,176,23,199
https://kawalpemilu.org#65848,"TONOM, DUMOGA TIMUR, BOLAANG MONGONDOW, SULAWESI UTARA",4,198,17,215
https://kawalpemilu.org#65848,"TONOM, DUMOGA TIMUR, BOLAANG MONGONDOW, SULAWESI UTARA",5,196,13,209
https://kawalpemilu.org#65849,"MOGOYUNGGUNG, DUMOGA TIMUR, BOLAANG MONGONDOW, SULAWESI UTARA",1,197,30,227
https://kawalpemilu.org#65849,"MOGOYUNGGUNG, DUMOGA TIMUR, BOLAANG MONGONDOW, SULAWESI UTARA",2,185,23,208
https://kawalpemilu.org#65849,"MOGOYUNGGUNG, DUMOGA TIMUR, BOLAANG MONGONDOW, SULAWESI UTARA",3,180,33,213
https://kawalpemilu.org#65849,"MOGOYUNGGUNG, DUMOGA TIMUR, BOLAANG MONGONDOW, SULAWESI UTARA",4,209,23,232
https://kawalpemilu.org#65850,"MODOMANG, DUMOGA TIMUR, BOLAANG MONGONDOW, SULAWESI UTARA",1,165,19,184
https://kawalpemilu.org#65850,"MODOMANG, DUMOGA TIMUR, BOLAANG MONGONDOW, SULAWESI UTARA",2,135,23,158
https://kawalpemilu.org#65850,"MODOMANG, DUMOGA TIMUR, BOLAANG MONGONDOW, SULAWESI UTARA",3,151,17,168
https://kawalpemilu.org#65851,"KEMBANG MERTHA, DUMOGA TIMUR, BOLAANG MONGONDOW, SULAWESI UTARA",1,171,18,189
https://kawalpemilu.org#65851,"KEMBANG MERTHA, DUMOGA TIMUR, BOLAANG MONGONDOW, SULAWESI UTARA",2,152,27,179
https://kawalpemilu.org#65851,"KEMBANG MERTHA, DUMOGA TIMUR, BOLAANG MONGONDOW, SULAWESI UTARA",3,170,45,215
https://kawalpemilu.org#65852,"DUMOGA, DUMOGA TIMUR, BOLAANG MONGONDOW, SULAWESI UTARA",1,188,38,226
https://kawalpemilu.org#65852,"DUMOGA, DUMOGA TIMUR, BOLAANG MONGONDOW, SULAWESI UTARA",2,202,21,223
https://kawalpemilu.org#65852,"DUMOGA, DUMOGA TIMUR, BOLAANG MONGONDOW, SULAWESI UTARA",3,203,38,241
https://kawalpemilu.org#65852,"DUMOGA, DUMOGA TIMUR, BOLAANG MONGONDOW, SULAWESI UTARA",4,182,16,198
https://kawalpemilu.org#65859,"PINONOBATUAN, DUMOGA TIMUR, BOLAANG MONGONDOW, SULAWESI UTARA",1,203,42,245
https://kawalpemilu.org#65859,"PINONOBATUAN, DUMOGA TIMUR, BOLAANG MONGONDOW, SULAWESI UTARA",2,203,29,232
https://kawalpemilu.org#65859,"PINONOBATUAN, DUMOGA TIMUR, BOLAANG MONGONDOW, SULAWESI UTARA",3,191,56,247
https://kawalpemilu.org#65859,"PINONOBATUAN, DUMOGA TIMUR, BOLAANG MONGONDOW, SULAWESI UTARA",4,210,27,237
https://kawalpemilu.org#65863,"DUMOGA II, DUMOGA TIMUR, BOLAANG MONGONDOW, SULAWESI UTARA",1,202,31,233
https://kawalpemilu.org#65863,"DUMOGA II, DUMOGA TIMUR, BOLAANG MONGONDOW, SULAWESI UTARA",2,229,36,265
https://kawalpemilu.org#85513,"PINONOBATUAN BARAT, DUMOGA TIMUR, BOLAANG MONGONDOW, SULAWESI UTARA",1,214,29,243
https://kawalpemilu.org#85513,"PINONOBATUAN BARAT, DUMOGA TIMUR, BOLAANG MONGONDOW, SULAWESI UTARA",2,210,22,232
https://kawalpemilu.org#85513,"PINONOBATUAN BARAT, DUMOGA TIMUR, BOLAANG MONGONDOW, SULAWESI UTARA",3,183,23,206
https://kawalpemilu.org#85513,"PINONOBATUAN BARAT, DUMOGA TIMUR, BOLAANG MONGONDOW, SULAWESI UTARA",4,150,27,177
https://kawalpemilu.org#89878,"AMERTHA SARI, DUMOGA TIMUR, BOLAANG MONGONDOW, SULAWESI UTARA",1,126,31,157
https://kawalpemilu.org#89878,"AMERTHA SARI, DUMOGA TIMUR, BOLAANG MONGONDOW, SULAWESI UTARA",2,130,34,164
https://kawalpemilu.org#89878,"AMERTHA SARI, DUMOGA TIMUR, BOLAANG MONGONDOW, SULAWESI UTARA",3,135,38,173
https://kawalpemilu.org#89879,"KEMBANG SARI, DUMOGA TIMUR, BOLAANG MONGONDOW, SULAWESI UTARA",1,156,21,177
https://kawalpemilu.org#89879,"KEMBANG SARI, DUMOGA TIMUR, BOLAANG MONGONDOW, SULAWESI UTARA",2,149,18,167
https://kawalpemilu.org#89879,"KEMBANG SARI, DUMOGA TIMUR, BOLAANG MONGONDOW, SULAWESI UTARA",3,150,20,170
https://kawalpemilu.org#89880,"AMERTHA BUANA, DUMOGA TIMUR, BOLAANG MONGONDOW, SULAWESI UTARA",1,199,21,220
https://kawalpemilu.org#89880,"AMERTHA BUANA, DUMOGA TIMUR, BOLAANG MONGONDOW, SULAWESI UTARA",2,175,19,194
https://kawalpemilu.org#89881,"MOGOYUNGGUNG SATU, DUMOGA TIMUR, BOLAANG MONGONDOW, SULAWESI UTARA",1,141,23,164
https://kawalpemilu.org#89881,"MOGOYUNGGUNG SATU, DUMOGA TIMUR, BOLAANG MONGONDOW, SULAWESI UTARA",2,147,33,180
https://kawalpemilu.org#89881,"MOGOYUNGGUNG SATU, DUMOGA TIMUR, BOLAANG MONGONDOW, SULAWESI UTARA",3,154,10,164
https://kawalpemilu.org#89882,"MOGOYUNGGUNG DUA, DUMOGA TIMUR, BOLAANG MONGONDOW, SULAWESI UTARA",1,193,16,209
https://kawalpemilu.org#89882,"MOGOYUNGGUNG DUA, DUMOGA TIMUR, BOLAANG MONGONDOW, SULAWESI UTARA",2,185,16,201
https://kawalpemilu.org#89882,"MOGOYUNGGUNG DUA, DUMOGA TIMUR, BOLAANG MONGONDOW, SULAWESI UTARA",3,200,8,208
https://kawalpemilu.org#928540,"DUMOGA III, DUMOGA TIMUR, BOLAANG MONGONDOW, SULAWESI UTARA",1,230,23,253
https://kawalpemilu.org#928540,"DUMOGA III, DUMOGA TIMUR, BOLAANG MONGONDOW, SULAWESI UTARA",2,198,33,231
https://kawalpemilu.org#928540,"DUMOGA III, DUMOGA TIMUR, BOLAANG MONGONDOW, SULAWESI UTARA",3,156,9,165
https://kawalpemilu.org#928540,"DUMOGA III, DUMOGA TIMUR, BOLAANG MONGONDOW, SULAWESI UTARA",4,142,17,159
https://kawalpemilu.org#928541,"DUMOGA IV, DUMOGA TIMUR, BOLAANG MONGONDOW, SULAWESI UTARA",1,249,15,264
https://kawalpemilu.org#928541,"DUMOGA IV, DUMOGA TIMUR, BOLAANG MONGONDOW, SULAWESI UTARA",2,247,12,259
https://kawalpemilu.org#928541,"DUMOGA IV, DUMOGA TIMUR, BOLAANG MONGONDOW, SULAWESI UTARA",3,262,14,276
https://kawalpemilu.org#65865,"TUMOKANG BARU, DUMOGA UTARA, BOLAANG MONGONDOW, SULAWESI UTARA",1,169,36,205
https://kawalpemilu.org#65865,"TUMOKANG BARU, DUMOGA UTARA, BOLAANG MONGONDOW, SULAWESI UTARA",2,184,29,213
https://kawalpemilu.org#65865,"TUMOKANG BARU, DUMOGA UTARA, BOLAANG MONGONDOW, SULAWESI UTARA",3,177,31,208
https://kawalpemilu.org#65866,"MOPUGAD UTARA, DUMOGA UTARA, BOLAANG MONGONDOW, SULAWESI UTARA",1,151,28,179
https://kawalpemilu.org#65866,"MOPUGAD UTARA, DUMOGA UTARA, BOLAANG MONGONDOW, SULAWESI UTARA",2,145,45,190
https://kawalpemilu.org#65866,"MOPUGAD UTARA, DUMOGA UTARA, BOLAANG MONGONDOW, SULAWESI UTARA",3,167,32,199
https://kawalpemilu.org#65867,"MOPUGAD SELATAN, DUMOGA UTARA, BOLAANG MONGONDOW, SULAWESI UTARA",1,120,17,137
https://kawalpemilu.org#65867,"MOPUGAD SELATAN, DUMOGA UTARA, BOLAANG MONGONDOW, SULAWESI UTARA",2,159,26,185
https://kawalpemilu.org#65867,"MOPUGAD SELATAN, DUMOGA UTARA, BOLAANG MONGONDOW, SULAWESI UTARA",3,177,16,193
https://kawalpemilu.org#65868,"MOPUYA UTARA, DUMOGA UTARA, BOLAANG MONGONDOW, SULAWESI UTARA",1,117,60,177
https://kawalpemilu.org#65868,"MOPUYA UTARA, DUMOGA UTARA, BOLAANG MONGONDOW, SULAWESI UTARA",2,134,67,201
https://kawalpemilu.org#65868,"MOPUYA UTARA, DUMOGA UTARA, BOLAANG MONGONDOW, SULAWESI UTARA",3,122,68,190
https://kawalpemilu.org#65868,"MOPUYA UTARA, DUMOGA UTARA, BOLAANG MONGONDOW, SULAWESI UTARA",4,148,98,242
https://kawalpemilu.org#65869,"MOPUYA SELATAN, DUMOGA UTARA, BOLAANG MONGONDOW, SULAWESI UTARA",1,121,121,242
https://kawalpemilu.org#65869,"MOPUYA SELATAN, DUMOGA UTARA, BOLAANG MONGONDOW, SULAWESI UTARA",2,89,129,218
https://kawalpemilu.org#65869,"MOPUYA SELATAN, DUMOGA UTARA, BOLAANG MONGONDOW, SULAWESI UTARA",3,119,124,243
https://kawalpemilu.org#65869,"MOPUYA SELATAN, DUMOGA UTARA, BOLAANG MONGONDOW, SULAWESI UTARA",4,112,78,190
https://kawalpemilu.org#65869,"MOPUYA SELATAN, DUMOGA UTARA, BOLAANG MONGONDOW, SULAWESI UTARA",5,94,109,203
https://kawalpemilu.org#65869,"MOPUYA SELATAN, DUMOGA UTARA, BOLAANG MONGONDOW, SULAWESI UTARA",6,115,91,206
https://kawalpemilu.org#65871,"DONDOMON, DUMOGA UTARA, BOLAANG MONGONDOW, SULAWESI UTARA",1,161,24,185
https://kawalpemilu.org#65871,"DONDOMON, DUMOGA UTARA, BOLAANG MONGONDOW, SULAWESI UTARA",2,164,28,192
https://kawalpemilu.org#65871,"DONDOMON, DUMOGA UTARA, BOLAANG MONGONDOW, SULAWESI UTARA",3,170,27,197
https://kawalpemilu.org#85514,"MOPUYA SELATAN SATU, DUMOGA UTARA, BOLAANG MONGONDOW, SULAWESI UTARA",1,116,124,240
https://kawalpemilu.org#85514,"MOPUYA SELATAN SATU, DUMOGA UTARA, BOLAANG MONGONDOW, SULAWESI UTARA",2,134,126,260
https://kawalpemilu.org#85514,"MOPUYA SELATAN SATU, DUMOGA UTARA, BOLAANG MONGONDOW, SULAWESI UTARA",3,115,120,235
https://kawalpemilu.org#89883,"MOPUGAD UTARA SATU, DUMOGA UTARA, BOLAANG MONGONDOW, SULAWESI UTARA",1,159,12,171
https://kawalpemilu.org#89883,"MOPUGAD UTARA SATU, DUMOGA UTARA, BOLAANG MONGONDOW, SULAWESI UTARA",2,187,12,199
https://kawalpemilu.org#89884,"MOPUGAD UTARA DUA, DUMOGA UTARA, BOLAANG MONGONDOW, SULAWESI UTARA",1,226,30,256
https://kawalpemilu.org#89884,"MOPUGAD UTARA DUA, DUMOGA UTARA, BOLAANG MONGONDOW, SULAWESI UTARA",2,228,26,254
https://kawalpemilu.org#89885,"MOPUGAD SELATAN SATU, DUMOGA UTARA, BOLAANG MONGONDOW, SULAWESI UTARA",1,201,21,222
https://kawalpemilu.org#89885,"MOPUGAD SELATAN SATU, DUMOGA UTARA, BOLAANG MONGONDOW, SULAWESI UTARA",2,206,15,221
https://kawalpemilu.org#89886,"MOPUYA UTARA SATU, DUMOGA UTARA, BOLAANG MONGONDOW, SULAWESI UTARA",1,161,72,233
https://kawalpemilu.org#89886,"MOPUYA UTARA SATU, DUMOGA UTARA, BOLAANG MONGONDOW, SULAWESI UTARA",2,140,81,221
https://kawalpemilu.org#89886,"MOPUYA UTARA SATU, DUMOGA UTARA, BOLAANG MONGONDOW, SULAWESI UTARA",3,134,86,220
https://kawalpemilu.org#89887,"MOPUYA UTARA DUA, DUMOGA UTARA, BOLAANG MONGONDOW, SULAWESI UTARA",1,147,46,193
https://kawalpemilu.org#89887,"MOPUYA UTARA DUA, DUMOGA UTARA, BOLAANG MONGONDOW, SULAWESI UTARA",2,137,40,177
https://kawalpemilu.org#89887,"MOPUYA UTARA DUA, DUMOGA UTARA, BOLAANG MONGONDOW, SULAWESI UTARA",3,130,53,183
https://kawalpemilu.org#89888,"MOPUYA SELATAN DUA, DUMOGA UTARA, BOLAANG MONGONDOW, SULAWESI UTARA",1,164,36,200
https://kawalpemilu.org#89888,"MOPUYA SELATAN DUA, DUMOGA UTARA, BOLAANG MONGONDOW, SULAWESI UTARA",2,160,39,199
https://kawalpemilu.org#89889,"DONDOMON UTARA, DUMOGA UTARA, BOLAANG MONGONDOW, SULAWESI UTARA",1,139,14,153
https://kawalpemilu.org#89889,"DONDOMON UTARA, DUMOGA UTARA, BOLAANG MONGONDOW, SULAWESI UTARA",2,174,4,178
https://kawalpemilu.org#89890,"DONDOMON SELATAN, DUMOGA UTARA, BOLAANG MONGONDOW, SULAWESI UTARA",1,213,44,257
https://kawalpemilu.org#89891,"TUMOKANG TIMUR, DUMOGA UTARA, BOLAANG MONGONDOW, SULAWESI UTARA",1,126,40,166
https://kawalpemilu.org#89891,"TUMOKANG TIMUR, DUMOGA UTARA, BOLAANG MONGONDOW, SULAWESI UTARA",2,120,40,160
https://kawalpemilu.org#65879,"TOTABUAN, LOLAK, BOLAANG MONGONDOW, SULAWESI UTARA",1,141,154,295
https://kawalpemilu.org#65879,"TOTABUAN, LOLAK, BOLAANG MONGONDOW, SULAWESI UTARA",2,156,115,271
https://kawalpemilu.org#65880,"PINDOL, LOLAK, BOLAANG MONGONDOW, SULAWESI UTARA",1,137,60,197
https://kawalpemilu.org#65880,"PINDOL, LOLAK, BOLAANG MONGONDOW, SULAWESI UTARA",2,151,9,160
https://kawalpemilu.org#65881,"SOLOG, LOLAK, BOLAANG MONGONDOW, SULAWESI UTARA",1,32,196,228
https://kawalpemilu.org#65881,"SOLOG, LOLAK, BOLAANG MONGONDOW, SULAWESI UTARA",2,0,0,0
https://kawalpemilu.org#65881,"SOLOG, LOLAK, BOLAANG MONGONDOW, SULAWESI UTARA",3,47,176,223
https://kawalpemilu.org#65881,"SOLOG, LOLAK, BOLAANG MONGONDOW, SULAWESI UTARA",4,35,142,177
https://kawalpemilu.org#65881,"SOLOG, LOLAK, BOLAANG MONGONDOW, SULAWESI UTARA",5,35,128,163
https://kawalpemilu.org#65882,"TANDU, LOLAK, BOLAANG MONGONDOW, SULAWESI UTARA",1,152,38,190
https://kawalpemilu.org#65882,"TANDU, LOLAK, BOLAANG MONGONDOW, SULAWESI UTARA",2,165,44,209
https://kawalpemilu.org#65883,"LOLAK, LOLAK, BOLAANG MONGONDOW, SULAWESI UTARA",1,104,153,257
https://kawalpemilu.org#65883,"LOLAK, LOLAK, BOLAANG MONGONDOW, SULAWESI UTARA",2,89,162,251
https://kawalpemilu.org#65883,"LOLAK, LOLAK, BOLAANG MONGONDOW, SULAWESI UTARA",3,82,176,258
https://kawalpemilu.org#65883,"LOLAK, LOLAK, BOLAANG MONGONDOW, SULAWESI UTARA",4,192,23,215
https://kawalpemilu.org#65883,"LOLAK, LOLAK, BOLAANG MONGONDOW, SULAWESI UTARA",5,72,196,268
https://kawalpemilu.org#65883,"LOLAK, LOLAK, BOLAANG MONGONDOW, SULAWESI UTARA",6,87,176,263
https://kawalpemilu.org#65883,"LOLAK, LOLAK, BOLAANG MONGONDOW, SULAWESI UTARA",7,94,154,248
https://kawalpemilu.org#65883,"LOLAK, LOLAK, BOLAANG MONGONDOW, SULAWESI UTARA",8,185,74,259
https://kawalpemilu.org#65884,"MOTABANG, LOLAK, BOLAANG MONGONDOW, SULAWESI UTARA",1,67,116,183
https://kawalpemilu.org#65884,"MOTABANG, LOLAK, BOLAANG MONGONDOW, SULAWESI UTARA",2,67,146,213
https://kawalpemilu.org#65884,"MOTABANG, LOLAK, BOLAANG MONGONDOW, SULAWESI UTARA",3,53,172,225
https://kawalpemilu.org#65884,"MOTABANG, LOLAK, BOLAANG MONGONDOW, SULAWESI UTARA",4,79,170,249
https://kawalpemilu.org#65884,"MOTABANG, LOLAK, BOLAANG MONGONDOW, SULAWESI UTARA",5,72,180,252
https://kawalpemilu.org#65884,"MOTABANG, LOLAK, BOLAANG MONGONDOW, SULAWESI UTARA",6,62,165,227
https://kawalpemilu.org#65884,"MOTABANG, LOLAK, BOLAANG MONGONDOW, SULAWESI UTARA",7,83,159,242
https://kawalpemilu.org#65884,"MOTABANG, LOLAK, BOLAANG MONGONDOW, SULAWESI UTARA",8,69,175,244
https://kawalpemilu.org#65884,"MOTABANG, LOLAK, BOLAANG MONGONDOW, SULAWESI UTARA",9,63,127,190
https://kawalpemilu.org#65885,"MONGKOINIT, LOLAK, BOLAANG MONGONDOW, SULAWESI UTARA",1,81,144,225
https://kawalpemilu.org#65885,"MONGKOINIT, LOLAK, BOLAANG MONGONDOW, SULAWESI UTARA",2,105,118,223
https://kawalpemilu.org#65885,"MONGKOINIT, LOLAK, BOLAANG MONGONDOW, SULAWESI UTARA",3,99,108,207
https://kawalpemilu.org#65885,"MONGKOINIT, LOLAK, BOLAANG MONGONDOW, SULAWESI UTARA",4,102,110,112
https://kawalpemilu.org#65885,"MONGKOINIT, LOLAK, BOLAANG MONGONDOW, SULAWESI UTARA",5,112,121,233
https://kawalpemilu.org#65885,"MONGKOINIT, LOLAK, BOLAANG MONGONDOW, SULAWESI UTARA",6,125,71,196
https://kawalpemilu.org#65886,"LABUAN UKI, LOLAK, BOLAANG MONGONDOW, SULAWESI UTARA",1,164,43,207
https://kawalpemilu.org#65886,"LABUAN UKI, LOLAK, BOLAANG MONGONDOW, SULAWESI UTARA",2,177,45,222
https://kawalpemilu.org#65886,"LABUAN UKI, LOLAK, BOLAANG MONGONDOW, SULAWESI UTARA",3,145,55,200
https://kawalpemilu.org#65886,"LABUAN UKI, LOLAK, BOLAANG MONGONDOW, SULAWESI UTARA",4,158,59,217
https://kawalpemilu.org#65886,"LABUAN UKI, LOLAK, BOLAANG MONGONDOW, SULAWESI UTARA",5,131,54,185
https://kawalpemilu.org#65886,"LABUAN UKI, LOLAK, BOLAANG MONGONDOW, SULAWESI UTARA",6,136,45,181
https://kawalpemilu.org#65887,"PINOGALUMAN, LOLAK, BOLAANG MONGONDOW, SULAWESI UTARA",1,205,20,225
https://kawalpemilu.org#65887,"PINOGALUMAN, LOLAK, BOLAANG MONGONDOW, SULAWESI UTARA",2,195,26,221
https://kawalpemilu.org#65887,"PINOGALUMAN, LOLAK, BOLAANG MONGONDOW, SULAWESI UTARA",3,166,20,186
https://kawalpemilu.org#65888,"SAUK, LOLAK, BOLAANG MONGONDOW, SULAWESI UTARA",1,136,52,188
https://kawalpemilu.org#65888,"SAUK, LOLAK, BOLAANG MONGONDOW, SULAWESI UTARA",2,137,32,169
https://kawalpemilu.org#65888,"SAUK, LOLAK, BOLAANG MONGONDOW, SULAWESI UTARA",3,190,17,207
https://kawalpemilu.org#65889,"LALOW, LOLAK, BOLAANG MONGONDOW, SULAWESI UTARA",1,197,41,238
https://kawalpemilu.org#65889,"LALOW, LOLAK, BOLAANG MONGONDOW, SULAWESI UTARA",2,192,44,236
https://kawalpemilu.org#65889,"LALOW, LOLAK, BOLAANG MONGONDOW, SULAWESI UTARA",3,198,27,225
https://kawalpemilu.org#65889,"LALOW, LOLAK, BOLAANG MONGONDOW, SULAWESI UTARA",4,199,49,242
https://kawalpemilu.org#65889,"LALOW, LOLAK, BOLAANG MONGONDOW, SULAWESI UTARA",5,179,32,211
https://kawalpemilu.org#65890,"BUNTALO, LOLAK, BOLAANG MONGONDOW, SULAWESI UTARA",1,185,6,191
https://kawalpemilu.org#65890,"BUNTALO, LOLAK, BOLAANG MONGONDOW, SULAWESI UTARA",2,213,11,224
https://kawalpemilu.org#65890,"BUNTALO, LOLAK, BOLAANG MONGONDOW, SULAWESI UTARA",3,185,4,189
https://kawalpemilu.org#65891,"BUMBUNG, LOLAK, BOLAANG MONGONDOW, SULAWESI UTARA",1,72,172,244
https://kawalpemilu.org#65891,"BUMBUNG, LOLAK, BOLAANG MONGONDOW, SULAWESI UTARA",2,74,169,243
https://kawalpemilu.org#65892,"BATURAPA, LOLAK, BOLAANG MONGONDOW, SULAWESI UTARA",1,230,12,242
https://kawalpemilu.org#65892,"BATURAPA, LOLAK, BOLAANG MONGONDOW, SULAWESI UTARA",2,93,7,100
https://kawalpemilu.org#65893,"TUYAT, LOLAK, BOLAANG MONGONDOW, SULAWESI UTARA",1,177,12,189
https://kawalpemilu.org#65893,"TUYAT, LOLAK, BOLAANG MONGONDOW, SULAWESI UTARA",2,175,17,192
https://kawalpemilu.org#65894,"PINDOLILI, LOLAK, BOLAANG MONGONDOW, SULAWESI UTARA",1,111,6,117
https://kawalpemilu.org#65894,"PINDOLILI, LOLAK, BOLAANG MONGONDOW, SULAWESI UTARA",2,207,14,221
https://kawalpemilu.org#65895,"LOLAK TAMBOLANGO, LOLAK, BOLAANG MONGONDOW, SULAWESI UTARA",1,113,145,258
https://kawalpemilu.org#65895,"LOLAK TAMBOLANGO, LOLAK, BOLAANG MONGONDOW, SULAWESI UTARA",2,128,152,280
https://kawalpemilu.org#65895,"LOLAK TAMBOLANGO, LOLAK, BOLAANG MONGONDOW, SULAWESI UTARA",3,96,161,257
https://kawalpemilu.org#65895,"LOLAK TAMBOLANGO, LOLAK, BOLAANG MONGONDOW, SULAWESI UTARA",4,120,152,272
https://kawalpemilu.org#65896,"LOLAK II, LOLAK, BOLAANG MONGONDOW, SULAWESI UTARA",1,198,11,209
https://kawalpemilu.org#65896,"LOLAK II, LOLAK, BOLAANG MONGONDOW, SULAWESI UTARA",2,185,11,196
https://kawalpemilu.org#65897,"BUNTALO TIMUR, LOLAK, BOLAANG MONGONDOW, SULAWESI UTARA",1,185,12,197
https://kawalpemilu.org#65897,"BUNTALO TIMUR, LOLAK, BOLAANG MONGONDOW, SULAWESI UTARA",2,190,7,197
https://kawalpemilu.org#65898,"BUNTALO SELATAN, LOLAK, BOLAANG MONGONDOW, SULAWESI UTARA",1,241,8,249
https://kawalpemilu.org#65898,"BUNTALO SELATAN, LOLAK, BOLAANG MONGONDOW, SULAWESI UTARA",2,120,7,127
https://kawalpemilu.org#65898,"BUNTALO SELATAN, LOLAK, BOLAANG MONGONDOW, SULAWESI UTARA",3,186,10,196
https://kawalpemilu.org#65899,"BATURAPA II, LOLAK, BOLAANG MONGONDOW, SULAWESI UTARA",1,185,32,217
https://kawalpemilu.org#65899,"BATURAPA II, LOLAK, BOLAANG MONGONDOW, SULAWESI UTARA",2,212,6,218
https://kawalpemilu.org#89892,"DIAT, LOLAK, BOLAANG MONGONDOW, SULAWESI UTARA",1,108,104,212
https://kawalpemilu.org#89892,"DIAT, LOLAK, BOLAANG MONGONDOW, SULAWESI UTARA",2,80,106,186
https://kawalpemilu.org#928542,"PINOGALUMAN TIMUR, LOLAK, BOLAANG MONGONDOW, SULAWESI UTARA",1,137,9,146
https://kawalpemilu.org#928542,"PINOGALUMAN TIMUR, LOLAK, BOLAANG MONGONDOW, SULAWESI UTARA",2,131,8,139
https://kawalpemilu.org#928543,"MONGKOINIT BARAT, LOLAK, BOLAANG MONGONDOW, SULAWESI UTARA",1,151,98,249
https://kawalpemilu.org#928543,"MONGKOINIT BARAT, LOLAK, BOLAANG MONGONDOW, SULAWESI UTARA",2,158,57,215
https://kawalpemilu.org#928544,"DULANGON, LOLAK, BOLAANG MONGONDOW, SULAWESI UTARA",1,178,23,201
https://kawalpemilu.org#928544,"DULANGON, LOLAK, BOLAANG MONGONDOW, SULAWESI UTARA",2,133,81,214
https://kawalpemilu.org#928545,"PADANG LALOW, LOLAK, BOLAANG MONGONDOW, SULAWESI UTARA",1,58,81,139
https://kawalpemilu.org#928545,"PADANG LALOW, LOLAK, BOLAANG MONGONDOW, SULAWESI UTARA",2,48,104,152
https://kawalpemilu.org#65901,"INOBONTO I, BOLAANG, BOLAANG MONGONDOW, SULAWESI UTARA",1,103,153,256
https://kawalpemilu.org#65901,"INOBONTO I, BOLAANG, BOLAANG MONGONDOW, SULAWESI UTARA",2,113,129,242
https://kawalpemilu.org#65901,"INOBONTO I, BOLAANG, BOLAANG MONGONDOW, SULAWESI UTARA",3,58,127,185
https://kawalpemilu.org#65901,"INOBONTO I, BOLAANG, BOLAANG MONGONDOW, SULAWESI UTARA",4,65,111,176
https://kawalpemilu.org#65901,"INOBONTO I, BOLAANG, BOLAANG MONGONDOW, SULAWESI UTARA",5,101,131,232
https://kawalpemilu.org#65901,"INOBONTO I, BOLAANG, BOLAANG MONGONDOW, SULAWESI UTARA",6,104,105,209
https://kawalpemilu.org#65901,"INOBONTO I, BOLAANG, BOLAANG MONGONDOW, SULAWESI UTARA",7,245,27,272
https://kawalpemilu.org#65901,"INOBONTO I, BOLAANG, BOLAANG MONGONDOW, SULAWESI UTARA",8,124,99,223
https://kawalpemilu.org#65901,"INOBONTO I, BOLAANG, BOLAANG MONGONDOW, SULAWESI UTARA",9,82,112,194
https://kawalpemilu.org#65901,"INOBONTO I, BOLAANG, BOLAANG MONGONDOW, SULAWESI UTARA",10,106,119,225
https://kawalpemilu.org#65901,"INOBONTO I, BOLAANG, BOLAANG MONGONDOW, SULAWESI UTARA",11,71,142,213
https://kawalpemilu.org#65901,"INOBONTO I, BOLAANG, BOLAANG MONGONDOW, SULAWESI UTARA",12,69,165,234
https://kawalpemilu.org#65901,"INOBONTO I, BOLAANG, BOLAANG MONGONDOW, SULAWESI UTARA",13,179,79,258
https://kawalpemilu.org#65902,"KOMANGAAN, BOLAANG, BOLAANG MONGONDOW, SULAWESI UTARA",1,67,166,233
https://kawalpemilu.org#65902,"KOMANGAAN, BOLAANG, BOLAANG MONGONDOW, SULAWESI UTARA",2,77,146,223
https://kawalpemilu.org#65902,"KOMANGAAN, BOLAANG, BOLAANG MONGONDOW, SULAWESI UTARA",3,74,147,221
https://kawalpemilu.org#65902,"KOMANGAAN, BOLAANG, BOLAANG MONGONDOW, SULAWESI UTARA",4,83,117,200
https://kawalpemilu.org#65902,"KOMANGAAN, BOLAANG, BOLAANG MONGONDOW, SULAWESI UTARA",5,64,138,202
https://kawalpemilu.org#65902,"KOMANGAAN, BOLAANG, BOLAANG MONGONDOW, SULAWESI UTARA",6,48,87,135
https://kawalpemilu.org#65902,"KOMANGAAN, BOLAANG, BOLAANG MONGONDOW, SULAWESI UTARA",7,74,153,227
https://kawalpemilu.org#65903,"SOLIMANDUNGAN II, BOLAANG, BOLAANG MONGONDOW, SULAWESI UTARA",1,29,153,182
https://kawalpemilu.org#65903,"SOLIMANDUNGAN II, BOLAANG, BOLAANG MONGONDOW, SULAWESI UTARA",2,34,109,143
https://kawalpemilu.org#65903,"SOLIMANDUNGAN II, BOLAANG, BOLAANG MONGONDOW, SULAWESI UTARA",3,25,213,238
https://kawalpemilu.org#65904,"SOLIMANDUNGAN I, BOLAANG, BOLAANG MONGONDOW, SULAWESI UTARA",1,53,203,256
https://kawalpemilu.org#65904,"SOLIMANDUNGAN I, BOLAANG, BOLAANG MONGONDOW, SULAWESI UTARA",2,42,226,268
https://kawalpemilu.org#65904,"SOLIMANDUNGAN I, BOLAANG, BOLAANG MONGONDOW, SULAWESI UTARA",3,48,167,215
https://kawalpemilu.org#65905,"BANGOMULUNOW, BOLAANG, BOLAANG MONGONDOW, SULAWESI UTARA",1,94,169,263
https://kawalpemilu.org#65905,"BANGOMULUNOW, BOLAANG, BOLAANG MONGONDOW, SULAWESI UTARA",2,90,189,279
https://kawalpemilu.org#65905,"BANGOMULUNOW, BOLAANG, BOLAANG MONGONDOW, SULAWESI UTARA",3,64,125,189
https://kawalpemilu.org#65905,"BANGOMULUNOW, BOLAANG, BOLAANG MONGONDOW, SULAWESI UTARA",4,84,135,219
https://kawalpemilu.org#65906,"LANGAGON, BOLAANG, BOLAANG MONGONDOW, SULAWESI UTARA",1,44,187,231
https://kawalpemilu.org#65906,"LANGAGON, BOLAANG, BOLAANG MONGONDOW, SULAWESI UTARA",2,45,197,242
https://kawalpemilu.org#65906,"LANGAGON, BOLAANG, BOLAANG MONGONDOW, SULAWESI UTARA",3,40,198,238
https://kawalpemilu.org#65906,"LANGAGON, BOLAANG, BOLAANG MONGONDOW, SULAWESI UTARA",4,32,146,174
https://kawalpemilu.org#65906,"LANGAGON, BOLAANG, BOLAANG MONGONDOW, SULAWESI UTARA",5,34,116,150
https://kawalpemilu.org#65906,"LANGAGON, BOLAANG, BOLAANG MONGONDOW, SULAWESI UTARA",6,33,188,221
https://kawalpemilu.org#65907,"INOBONTO II, BOLAANG, BOLAANG MONGONDOW, SULAWESI UTARA",1,229,28,257
https://kawalpemilu.org#65907,"INOBONTO II, BOLAANG, BOLAANG MONGONDOW, SULAWESI UTARA",2,221,25,246
https://kawalpemilu.org#65907,"INOBONTO II, BOLAANG, BOLAANG MONGONDOW, SULAWESI UTARA",3,228,18,246
https://kawalpemilu.org#65907,"INOBONTO II, BOLAANG, BOLAANG MONGONDOW, SULAWESI UTARA",4,186,15,201
https://kawalpemilu.org#65907,"INOBONTO II, BOLAANG, BOLAANG MONGONDOW, SULAWESI UTARA",5,200,19,219
https://kawalpemilu.org#85515,"INOBONTO, BOLAANG, BOLAANG MONGONDOW, SULAWESI UTARA",1,79,155,234
https://kawalpemilu.org#85515,"INOBONTO, BOLAANG, BOLAANG MONGONDOW, SULAWESI UTARA",2,82,144,226
https://kawalpemilu.org#85515,"INOBONTO, BOLAANG, BOLAANG MONGONDOW, SULAWESI UTARA",3,92,113,205
https://kawalpemilu.org#85515,"INOBONTO, BOLAANG, BOLAANG MONGONDOW, SULAWESI UTARA",4,86,148,7
https://kawalpemilu.org#85515,"INOBONTO, BOLAANG, BOLAANG MONGONDOW, SULAWESI UTARA",5,65,116,181
https://kawalpemilu.org#89893,"LANGAGON SATU, BOLAANG, BOLAANG MONGONDOW, SULAWESI UTARA",1,13,167,180
https://kawalpemilu.org#89893,"LANGAGON SATU, BOLAANG, BOLAANG MONGONDOW, SULAWESI UTARA",2,30,198,228
https://kawalpemilu.org#89893,"LANGAGON SATU, BOLAANG, BOLAANG MONGONDOW, SULAWESI UTARA",3,21,190,211
https://kawalpemilu.org#89894,"LANGAGON DUA, BOLAANG, BOLAANG MONGONDOW, SULAWESI UTARA",1,171,40,211
https://kawalpemilu.org#89894,"LANGAGON DUA, BOLAANG, BOLAANG MONGONDOW, SULAWESI UTARA",2,155,50,205
https://kawalpemilu.org#89895,"SOLIMANDUNGAN BARU, BOLAANG, BOLAANG MONGONDOW, SULAWESI UTARA",1,52,156,208
https://kawalpemilu.org#89895,"SOLIMANDUNGAN BARU, BOLAANG, BOLAANG MONGONDOW, SULAWESI UTARA",2,52,165,217
https://kawalpemilu.org#89895,"SOLIMANDUNGAN BARU, BOLAANG, BOLAANG MONGONDOW, SULAWESI UTARA",3,52,149,201
https://kawalpemilu.org#65909,"BOMBANON, LOLAYAN, BOLAANG MONGONDOW, SULAWESI UTARA",1,192,16,208
https://kawalpemilu.org#65909,"BOMBANON, LOLAYAN, BOLAANG MONGONDOW, SULAWESI UTARA",2,182,7,189
https://kawalpemilu.org#65909,"BOMBANON, LOLAYAN, BOLAANG MONGONDOW, SULAWESI UTARA",3,212,13,225
https://kawalpemilu.org#65910,"ABAK, LOLAYAN, BOLAANG MONGONDOW, SULAWESI UTARA",1,54,171,225
https://kawalpemilu.org#65910,"ABAK, LOLAYAN, BOLAANG MONGONDOW, SULAWESI UTARA",2,55,173,228
https://kawalpemilu.org#65910,"ABAK, LOLAYAN, BOLAANG MONGONDOW, SULAWESI UTARA",3,51,168,219
https://kawalpemilu.org#65911,"TAPA AOG, LOLAYAN, BOLAANG MONGONDOW, SULAWESI UTARA",1,88,131,219
https://kawalpemilu.org#65911,"TAPA AOG, LOLAYAN, BOLAANG MONGONDOW, SULAWESI UTARA",2,69,152,221
https://kawalpemilu.org#65911,"TAPA AOG, LOLAYAN, BOLAANG MONGONDOW, SULAWESI UTARA",3,52,154,206
https://kawalpemilu.org#65911,"TAPA AOG, LOLAYAN, BOLAANG MONGONDOW, SULAWESI UTARA",4,56,161,217
https://kawalpemilu.org#65912,"MOPUSI, LOLAYAN, BOLAANG MONGONDOW, SULAWESI UTARA",1,33,191,224
https://kawalpemilu.org#65912,"MOPUSI, LOLAYAN, BOLAANG MONGONDOW, SULAWESI UTARA",2,44,170,214
https://kawalpemilu.org#65912,"MOPUSI, LOLAYAN, BOLAANG MONGONDOW, SULAWESI UTARA",3,54,166,220
https://kawalpemilu.org#65912,"MOPUSI, LOLAYAN, BOLAANG MONGONDOW, SULAWESI UTARA",4,59,191,250
https://kawalpemilu.org#65912,"MOPUSI, LOLAYAN, BOLAANG MONGONDOW, SULAWESI UTARA",5,31,189,220
https://kawalpemilu.org#65912,"MOPUSI, LOLAYAN, BOLAANG MONGONDOW, SULAWESI UTARA",6,52,175,227
https://kawalpemilu.org#65912,"MOPUSI, LOLAYAN, BOLAANG MONGONDOW, SULAWESI UTARA",7,53,190,243
https://kawalpemilu.org#65913,"MATALI BARU, LOLAYAN, BOLAANG MONGONDOW, SULAWESI UTARA",1,45,225,270
https://kawalpemilu.org#65913,"MATALI BARU, LOLAYAN, BOLAANG MONGONDOW, SULAWESI UTARA",2,37,218,255
https://kawalpemilu.org#65914,"BAKAN, LOLAYAN, BOLAANG MONGONDOW, SULAWESI UTARA",1,39,245,284
https://kawalpemilu.org#65914,"BAKAN, LOLAYAN, BOLAANG MONGONDOW, SULAWESI UTARA",2,31,241,272
https://kawalpemilu.org#65914,"BAKAN, LOLAYAN, BOLAANG MONGONDOW, SULAWESI UTARA",3,24,235,259
https://kawalpemilu.org#65914,"BAKAN, LOLAYAN, BOLAANG MONGONDOW, SULAWESI UTARA",4,29,228,257
https://kawalpemilu.org#65914,"BAKAN, LOLAYAN, BOLAANG MONGONDOW, SULAWESI UTARA",5,20,240,260
https://kawalpemilu.org#65914,"BAKAN, LOLAYAN, BOLAANG MONGONDOW, SULAWESI UTARA",6,31,220,251
https://kawalpemilu.org#65915,"TANOYAN SELATAN, LOLAYAN, BOLAANG MONGONDOW, SULAWESI UTARA",1,120,101,221
https://kawalpemilu.org#65915,"TANOYAN SELATAN, LOLAYAN, BOLAANG MONGONDOW, SULAWESI UTARA",2,108,80,188
https://kawalpemilu.org#65915,"TANOYAN SELATAN, LOLAYAN, BOLAANG MONGONDOW, SULAWESI UTARA",3,81,97,178
https://kawalpemilu.org#65915,"TANOYAN SELATAN, LOLAYAN, BOLAANG MONGONDOW, SULAWESI UTARA",4,110,95,205
https://kawalpemilu.org#65915,"TANOYAN SELATAN, LOLAYAN, BOLAANG MONGONDOW, SULAWESI UTARA",5,113,79,192
https://kawalpemilu.org#65915,"TANOYAN SELATAN, LOLAYAN, BOLAANG MONGONDOW, SULAWESI UTARA",6,113,103,216
https://kawalpemilu.org#65915,"TANOYAN SELATAN, LOLAYAN, BOLAANG MONGONDOW, SULAWESI UTARA",7,114,104,218
https://kawalpemilu.org#65915,"TANOYAN SELATAN, LOLAYAN, BOLAANG MONGONDOW, SULAWESI UTARA",8,86,71,157
https://kawalpemilu.org#65916,"TUNGOI I, LOLAYAN, BOLAANG MONGONDOW, SULAWESI UTARA",1,119,88,207
https://kawalpemilu.org#65916,"TUNGOI I, LOLAYAN, BOLAANG MONGONDOW, SULAWESI UTARA",2,111,107,218
https://kawalpemilu.org#65916,"TUNGOI I, LOLAYAN, BOLAANG MONGONDOW, SULAWESI UTARA",3,121,97,218
https://kawalpemilu.org#65916,"TUNGOI I, LOLAYAN, BOLAANG MONGONDOW, SULAWESI UTARA",4,159,95,254
https://kawalpemilu.org#65916,"TUNGOI I, LOLAYAN, BOLAANG MONGONDOW, SULAWESI UTARA",5,140,116,256
https://kawalpemilu.org#65916,"TUNGOI I, LOLAYAN, BOLAANG MONGONDOW, SULAWESI UTARA",6,119,118,237
https://kawalpemilu.org#65916,"TUNGOI I, LOLAYAN, BOLAANG MONGONDOW, SULAWESI UTARA",7,150,97,247
https://kawalpemilu.org#65916,"TUNGOI I, LOLAYAN, BOLAANG MONGONDOW, SULAWESI UTARA",8,140,102,242
https://kawalpemilu.org#65916,"TUNGOI I, LOLAYAN, BOLAANG MONGONDOW, SULAWESI UTARA",9,113,82,195
https://kawalpemilu.org#65917,"LOLAYAN, LOLAYAN, BOLAANG MONGONDOW, SULAWESI UTARA",1,62,194,256
https://kawalpemilu.org#65917,"LOLAYAN, LOLAYAN, BOLAANG MONGONDOW, SULAWESI UTARA",2,26,134,160
https://kawalpemilu.org#65917,"LOLAYAN, LOLAYAN, BOLAANG MONGONDOW, SULAWESI UTARA",3,29,156,185
https://kawalpemilu.org#65918,"MOPAIT, LOLAYAN, BOLAANG MONGONDOW, SULAWESI UTARA",1,89,113,202
https://kawalpemilu.org#65918,"MOPAIT, LOLAYAN, BOLAANG MONGONDOW, SULAWESI UTARA",2,67,118,185
https://kawalpemilu.org#65918,"MOPAIT, LOLAYAN, BOLAANG MONGONDOW, SULAWESI UTARA",3,66,211,277
https://kawalpemilu.org#65918,"MOPAIT, LOLAYAN, BOLAANG MONGONDOW, SULAWESI UTARA",4,77,156,233
https://kawalpemilu.org#65918,"MOPAIT, LOLAYAN, BOLAANG MONGONDOW, SULAWESI UTARA",5,97,102,199
https://kawalpemilu.org#65918,"MOPAIT, LOLAYAN, BOLAANG MONGONDOW, SULAWESI UTARA",6,87,186,273
https://kawalpemilu.org#65919,"KOPANDAKAN II, LOLAYAN, BOLAANG MONGONDOW, SULAWESI UTARA",1,77,179,256
https://kawalpemilu.org#65919,"KOPANDAKAN II, LOLAYAN, BOLAANG MONGONDOW, SULAWESI UTARA",2,51,210,261
https://kawalpemilu.org#65919,"KOPANDAKAN II, LOLAYAN, BOLAANG MONGONDOW, SULAWESI UTARA",3,116,123,239
https://kawalpemilu.org#65919,"KOPANDAKAN II, LOLAYAN, BOLAANG MONGONDOW, SULAWESI UTARA",4,77,182,259
https://kawalpemilu.org#65919,"KOPANDAKAN II, LOLAYAN, BOLAANG MONGONDOW, SULAWESI UTARA",5,64,191,255
https://kawalpemilu.org#65919,"KOPANDAKAN II, LOLAYAN, BOLAANG MONGONDOW, SULAWESI UTARA",6,80,178,258
https://kawalpemilu.org#65920,"TANOYAN UTARA, LOLAYAN, BOLAANG MONGONDOW, SULAWESI UTARA",1,118,75,193
https://kawalpemilu.org#65920,"TANOYAN UTARA, LOLAYAN, BOLAANG MONGONDOW, SULAWESI UTARA",2,127,93,220
https://kawalpemilu.org#65920,"TANOYAN UTARA, LOLAYAN, BOLAANG MONGONDOW, SULAWESI UTARA",3,125,87,212
https://kawalpemilu.org#65920,"TANOYAN UTARA, LOLAYAN, BOLAANG MONGONDOW, SULAWESI UTARA",4,122,70,192
https://kawalpemilu.org#65920,"TANOYAN UTARA, LOLAYAN, BOLAANG MONGONDOW, SULAWESI UTARA",5,142,103,245
https://kawalpemilu.org#65920,"TANOYAN UTARA, LOLAYAN, BOLAANG MONGONDOW, SULAWESI UTARA",6,123,80,203
https://kawalpemilu.org#65920,"TANOYAN UTARA, LOLAYAN, BOLAANG MONGONDOW, SULAWESI UTARA",7,153,95,248
https://kawalpemilu.org#65920,"TANOYAN UTARA, LOLAYAN, BOLAANG MONGONDOW, SULAWESI UTARA",8,129,85,214
https://kawalpemilu.org#65921,"TUNGOI II, LOLAYAN, BOLAANG MONGONDOW, SULAWESI UTARA",1,207,42,249
https://kawalpemilu.org#65921,"TUNGOI II, LOLAYAN, BOLAANG MONGONDOW, SULAWESI UTARA",2,88,145,233
https://kawalpemilu.org#65921,"TUNGOI II, LOLAYAN, BOLAANG MONGONDOW, SULAWESI UTARA",3,71,171,242
https://kawalpemilu.org#65921,"TUNGOI II, LOLAYAN, BOLAANG MONGONDOW, SULAWESI UTARA",4,81,183,264
https://kawalpemilu.org#65922,"MENGKANG, LOLAYAN, BOLAANG MONGONDOW, SULAWESI UTARA",1,21,93,114
https://kawalpemilu.org#65924,"MUNTOI, PASSI BARAT, BOLAANG MONGONDOW, SULAWESI UTARA",1,53,128,181
https://kawalpemilu.org#65924,"MUNTOI, PASSI BARAT, BOLAANG MONGONDOW, SULAWESI UTARA",2,75,124,199
https://kawalpemilu.org#65924,"MUNTOI, PASSI BARAT, BOLAANG MONGONDOW, SULAWESI UTARA",3,59,114,173
https://kawalpemilu.org#65924,"MUNTOI, PASSI BARAT, BOLAANG MONGONDOW, SULAWESI UTARA",4,86,136,222
https://kawalpemilu.org#65925,"POYUYANAN, PASSI BARAT, BOLAANG MONGONDOW, SULAWESI UTARA",1,106,100,206
https://kawalpemilu.org#65925,"POYUYANAN, PASSI BARAT, BOLAANG MONGONDOW, SULAWESI UTARA",2,110,102,212
https://kawalpemilu.org#65925,"POYUYANAN, PASSI BARAT, BOLAANG MONGONDOW, SULAWESI UTARA",3,92,97,189
https://kawalpemilu.org#65926,"LOBONG, PASSI BARAT, BOLAANG MONGONDOW, SULAWESI UTARA",1,23,252,275
https://kawalpemilu.org#65926,"LOBONG, PASSI BARAT, BOLAANG MONGONDOW, SULAWESI UTARA",2,41,207,248
https://kawalpemilu.org#65926,"LOBONG, PASSI BARAT, BOLAANG MONGONDOW, SULAWESI UTARA",3,72,196,268
https://kawalpemilu.org#65926,"LOBONG, PASSI BARAT, BOLAANG MONGONDOW, SULAWESI UTARA",4,34,228,262
https://kawalpemilu.org#65926,"LOBONG, PASSI BARAT, BOLAANG MONGONDOW, SULAWESI UTARA",5,46,184,230
https://kawalpemilu.org#65927,"PASSI, PASSI BARAT, BOLAANG MONGONDOW, SULAWESI UTARA",1,72,136,208
https://kawalpemilu.org#65927,"PASSI, PASSI BARAT, BOLAANG MONGONDOW, SULAWESI UTARA",2,65,145,210
https://kawalpemilu.org#65927,"PASSI, PASSI BARAT, BOLAANG MONGONDOW, SULAWESI UTARA",3,89,137,226
https://kawalpemilu.org#65927,"PASSI, PASSI BARAT, BOLAANG MONGONDOW, SULAWESI UTARA",4,74,168,242
https://kawalpemilu.org#65927,"PASSI, PASSI BARAT, BOLAANG MONGONDOW, SULAWESI UTARA",5,50,133,183
https://kawalpemilu.org#65928,"BINTAU, PASSI BARAT, BOLAANG MONGONDOW, SULAWESI UTARA",1,40,164,204
https://kawalpemilu.org#65928,"BINTAU, PASSI BARAT, BOLAANG MONGONDOW, SULAWESI UTARA",2,28,165,193
https://kawalpemilu.org#65928,"BINTAU, PASSI BARAT, BOLAANG MONGONDOW, SULAWESI UTARA",3,37,184,221
https://kawalpemilu.org#65928,"BINTAU, PASSI BARAT, BOLAANG MONGONDOW, SULAWESI UTARA",4,54,154,208
https://kawalpemilu.org#65929,"BULUD, PASSI BARAT, BOLAANG MONGONDOW, SULAWESI UTARA",1,58,161,219
https://kawalpemilu.org#65929,"BULUD, PASSI BARAT, BOLAANG MONGONDOW, SULAWESI UTARA",2,51,183,234
https://kawalpemilu.org#65929,"BULUD, PASSI BARAT, BOLAANG MONGONDOW, SULAWESI UTARA",3,62,177,239
https://kawalpemilu.org#65930,"OTAM, PASSI BARAT, BOLAANG MONGONDOW, SULAWESI UTARA",1,96,172,268
https://kawalpemilu.org#65930,"OTAM, PASSI BARAT, BOLAANG MONGONDOW, SULAWESI UTARA",2,51,165,216
https://kawalpemilu.org#65930,"OTAM, PASSI BARAT, BOLAANG MONGONDOW, SULAWESI UTARA",3,42,197,239
https://kawalpemilu.org#65930,"OTAM, PASSI BARAT, BOLAANG MONGONDOW, SULAWESI UTARA",4,72,190,262
https://kawalpemilu.org#65931,"WANGGA, PASSI BARAT, BOLAANG MONGONDOW, SULAWESI UTARA",1,50,166,216
https://kawalpemilu.org#65931,"WANGGA, PASSI BARAT, BOLAANG MONGONDOW, SULAWESI UTARA",2,47,125,172
https://kawalpemilu.org#65931,"WANGGA, PASSI BARAT, BOLAANG MONGONDOW, SULAWESI UTARA",3,42,121,163
https://kawalpemilu.org#65932,"INUAI, PASSI BARAT, BOLAANG MONGONDOW, SULAWESI UTARA",1,146,119,265
https://kawalpemilu.org#65932,"INUAI, PASSI BARAT, BOLAANG MONGONDOW, SULAWESI UTARA",2,113,143,256
https://kawalpemilu.org#65933,"PASSI II, PASSI BARAT, BOLAANG MONGONDOW, SULAWESI UTARA",1,90,158,248
https://kawalpemilu.org#65933,"PASSI II, PASSI BARAT, BOLAANG MONGONDOW, SULAWESI UTARA",2,91,119,210
https://kawalpemilu.org#65933,"PASSI II, PASSI BARAT, BOLAANG MONGONDOW, SULAWESI UTARA",3,103,136,239
https://kawalpemilu.org#65933,"PASSI II, PASSI BARAT, BOLAANG MONGONDOW, SULAWESI UTARA",4,87,166,252
https://kawalpemilu.org#65933,"PASSI II, PASSI BARAT, BOLAANG MONGONDOW, SULAWESI UTARA",5,70,127,198
https://kawalpemilu.org#85516,"MUNTOI TIMUR, PASSI BARAT, BOLAANG MONGONDOW, SULAWESI UTARA",1,100,125,225
https://kawalpemilu.org#85516,"MUNTOI TIMUR, PASSI BARAT, BOLAANG MONGONDOW, SULAWESI UTARA",2,60,140,200
https://kawalpemilu.org#89896,"OTAM BARAT, PASSI BARAT, BOLAANG MONGONDOW, SULAWESI UTARA",1,44,184,228
https://kawalpemilu.org#89896,"OTAM BARAT, PASSI BARAT, BOLAANG MONGONDOW, SULAWESI UTARA",2,59,188,247
https://kawalpemilu.org#89896,"OTAM BARAT, PASSI BARAT, BOLAANG MONGONDOW, SULAWESI UTARA",3,46,215,261
https://kawalpemilu.org#89896,"OTAM BARAT, PASSI BARAT, BOLAANG MONGONDOW, SULAWESI UTARA",4,36,195,231
https://kawalpemilu.org#89897,"WANGGA SATU, PASSI BARAT, BOLAANG MONGONDOW, SULAWESI UTARA",1,79,122,201
https://kawalpemilu.org#89897,"WANGGA SATU, PASSI BARAT, BOLAANG MONGONDOW, SULAWESI UTARA",2,58,94,152
https://kawalpemilu.org#89897,"WANGGA SATU, PASSI BARAT, BOLAANG MONGONDOW, SULAWESI UTARA",3,69,117,186
https://kawalpemilu.org#65935,"MARIRI LAMA, POIGAR, BOLAANG MONGONDOW, SULAWESI UTARA",1,176,16,192
https://kawalpemilu.org#65935,"MARIRI LAMA, POIGAR, BOLAANG MONGONDOW, SULAWESI UTARA",2,217,17,234
https://kawalpemilu.org#65936,"MARIRI BARU, POIGAR, BOLAANG MONGONDOW, SULAWESI UTARA",1,229,28,257
https://kawalpemilu.org#65936,"MARIRI BARU, POIGAR, BOLAANG MONGONDOW, SULAWESI UTARA",2,217,34,251
https://kawalpemilu.org#65936,"MARIRI BARU, POIGAR, BOLAANG MONGONDOW, SULAWESI UTARA",3,187,56,243
https://kawalpemilu.org#65937,"NONAPAN II, POIGAR, BOLAANG MONGONDOW, SULAWESI UTARA",1,64,122,186
https://kawalpemilu.org#65937,"NONAPAN II, POIGAR, BOLAANG MONGONDOW, SULAWESI UTARA",2,65,150,215
https://kawalpemilu.org#65937,"NONAPAN II, POIGAR, BOLAANG MONGONDOW, SULAWESI UTARA",3,72,158,230
https://kawalpemilu.org#65938,"NONAPAN I, POIGAR, BOLAANG MONGONDOW, SULAWESI UTARA",1,74,161,235
https://kawalpemilu.org#65938,"NONAPAN I, POIGAR, BOLAANG MONGONDOW, SULAWESI UTARA",2,68,160,228
https://kawalpemilu.org#65938,"NONAPAN I, POIGAR, BOLAANG MONGONDOW, SULAWESI UTARA",3,96,155,251
https://kawalpemilu.org#65939,"WINERU, POIGAR, BOLAANG MONGONDOW, SULAWESI UTARA",1,229,11,240
https://kawalpemilu.org#65939,"WINERU, POIGAR, BOLAANG MONGONDOW, SULAWESI UTARA",2,214,7,221
https://kawalpemilu.org#65939,"WINERU, POIGAR, BOLAANG MONGONDOW, SULAWESI UTARA",3,238,10,248
https://kawalpemilu.org#65939,"WINERU, POIGAR, BOLAANG MONGONDOW, SULAWESI UTARA",4,180,16,196
https://kawalpemilu.org#65939,"WINERU, POIGAR, BOLAANG MONGONDOW, SULAWESI UTARA",5,203,34,237
https://kawalpemilu.org#65939,"WINERU, POIGAR, BOLAANG MONGONDOW, SULAWESI UTARA",6,186,13,199
https://kawalpemilu.org#65940,"GOGALUMAN, POIGAR, BOLAANG MONGONDOW, SULAWESI UTARA",1,96,64,160
https://kawalpemilu.org#65940,"GOGALUMAN, POIGAR, BOLAANG MONGONDOW, SULAWESI UTARA",2,142,69,211
https://kawalpemilu.org#65940,"GOGALUMAN, POIGAR, BOLAANG MONGONDOW, SULAWESI UTARA",3,130,61,191
https://kawalpemilu.org#65940,"GOGALUMAN, POIGAR, BOLAANG MONGONDOW, SULAWESI UTARA",4,155,45,200
https://kawalpemilu.org#65941,"POIGAR I, POIGAR, BOLAANG MONGONDOW, SULAWESI UTARA",1,88,120,208
https://kawalpemilu.org#65941,"POIGAR I, POIGAR, BOLAANG MONGONDOW, SULAWESI UTARA",2,106,119,225
https://kawalpemilu.org#65941,"POIGAR I, POIGAR, BOLAANG MONGONDOW, SULAWESI UTARA",3,118,114,232
https://kawalpemilu.org#65941,"POIGAR I, POIGAR, BOLAANG MONGONDOW, SULAWESI UTARA",4,115,123,238
https://kawalpemilu.org#65942,"NANASI, POIGAR, BOLAANG MONGONDOW, SULAWESI UTARA",1,137,20,157
https://kawalpemilu.org#65942,"NANASI, POIGAR, BOLAANG MONGONDOW, SULAWESI UTARA",2,145,36,181
https://kawalpemilu.org#65942,"NANASI, POIGAR, BOLAANG MONGONDOW, SULAWESI UTARA",3,165,18,183
https://kawalpemilu.org#65943,"POMOMAN, POIGAR, BOLAANG MONGONDOW, SULAWESI UTARA",1,83,89,172
https://kawalpemilu.org#65944,"TIBERIAS, POIGAR, BOLAANG MONGONDOW, SULAWESI UTARA",1,235,19,254
https://kawalpemilu.org#65944,"TIBERIAS, POIGAR, BOLAANG MONGONDOW, SULAWESI UTARA",2,212,17,229
https://kawalpemilu.org#65944,"TIBERIAS, POIGAR, BOLAANG MONGONDOW, SULAWESI UTARA",3,235,7,242
https://kawalpemilu.org#65944,"TIBERIAS, POIGAR, BOLAANG MONGONDOW, SULAWESI UTARA",4,240,13,253
https://kawalpemilu.org#65945,"MONDATONG, POIGAR, BOLAANG MONGONDOW, SULAWESI UTARA",1,40,120,160
https://kawalpemilu.org#65945,"MONDATONG, POIGAR, BOLAANG MONGONDOW, SULAWESI UTARA",2,48,120,168
https://kawalpemilu.org#65946,"POIGAR II, POIGAR, BOLAANG MONGONDOW, SULAWESI UTARA",1,164,59,223
https://kawalpemilu.org#65946,"POIGAR II, POIGAR, BOLAANG MONGONDOW, SULAWESI UTARA",2,202,29,231
https://kawalpemilu.org#65946,"POIGAR II, POIGAR, BOLAANG MONGONDOW, SULAWESI UTARA",3,148,60,208
https://kawalpemilu.org#65946,"POIGAR II, POIGAR, BOLAANG MONGONDOW, SULAWESI UTARA",4,111,102,213
https://kawalpemilu.org#65946,"POIGAR II, POIGAR, BOLAANG MONGONDOW, SULAWESI UTARA",5,174,52,226
https://kawalpemilu.org#65947,"POIGAR III, POIGAR, BOLAANG MONGONDOW, SULAWESI UTARA",1,53,117,170
https://kawalpemilu.org#65947,"POIGAR III, POIGAR, BOLAANG MONGONDOW, SULAWESI UTARA",2,59,145,204
https://kawalpemilu.org#65947,"POIGAR III, POIGAR, BOLAANG MONGONDOW, SULAWESI UTARA",3,48,130,178
https://kawalpemilu.org#65947,"POIGAR III, POIGAR, BOLAANG MONGONDOW, SULAWESI UTARA",4,62,143,205
https://kawalpemilu.org#65948,"MARIRI II, POIGAR, BOLAANG MONGONDOW, SULAWESI UTARA",1,158,17,175
https://kawalpemilu.org#65948,"MARIRI II, POIGAR, BOLAANG MONGONDOW, SULAWESI UTARA",2,148,14,162
https://kawalpemilu.org#65948,"MARIRI II, POIGAR, BOLAANG MONGONDOW, SULAWESI UTARA",3,159,21,180
https://kawalpemilu.org#65949,"MARIRI I, POIGAR, BOLAANG MONGONDOW, SULAWESI UTARA",1,207,20,227
https://kawalpemilu.org#65949,"MARIRI I, POIGAR, BOLAANG MONGONDOW, SULAWESI UTARA",2,200,18,218
https://kawalpemilu.org#65950,"NONAPAN BARU, POIGAR, BOLAANG MONGONDOW, SULAWESI UTARA",1,135,107,242
https://kawalpemilu.org#65950,"NONAPAN BARU, POIGAR, BOLAANG MONGONDOW, SULAWESI UTARA",2,97,125,222
https://kawalpemilu.org#65951,"NANASI TIMUR, POIGAR, BOLAANG MONGONDOW, SULAWESI UTARA",1,139,34,173
https://kawalpemilu.org#65951,"NANASI TIMUR, POIGAR, BOLAANG MONGONDOW, SULAWESI UTARA",2,157,23,180
https://kawalpemilu.org#65951,"NANASI TIMUR, POIGAR, BOLAANG MONGONDOW, SULAWESI UTARA",3,157,27,184
https://kawalpemilu.org#89898,"NONAPAN, POIGAR, BOLAANG MONGONDOW, SULAWESI UTARA",1,63,93,156
https://kawalpemilu.org#89898,"NONAPAN, POIGAR, BOLAANG MONGONDOW, SULAWESI UTARA",2,103,96,199
https://kawalpemilu.org#89899,"TANJUNG MARIRI, POIGAR, BOLAANG MONGONDOW, SULAWESI UTARA",1,142,27,169
https://kawalpemilu.org#89900,"MONDATONG BARU, POIGAR, BOLAANG MONGONDOW, SULAWESI UTARA",1,132,131,263
https://kawalpemilu.org#65953,"PANGIAN, PASSI TIMUR, BOLAANG MONGONDOW, SULAWESI UTARA",1,152,106,258
https://kawalpemilu.org#65953,"PANGIAN, PASSI TIMUR, BOLAANG MONGONDOW, SULAWESI UTARA",2,116,102,218
https://kawalpemilu.org#65953,"PANGIAN, PASSI TIMUR, BOLAANG MONGONDOW, SULAWESI UTARA",3,142,121,263
https://kawalpemilu.org#65954,"POOPO, PASSI TIMUR, BOLAANG MONGONDOW, SULAWESI UTARA",1,261,21,282
https://kawalpemilu.org#65954,"POOPO, PASSI TIMUR, BOLAANG MONGONDOW, SULAWESI UTARA",2,233,17,250
https://kawalpemilu.org#65954,"POOPO, PASSI TIMUR, BOLAANG MONGONDOW, SULAWESI UTARA",3,244,20,264
https://kawalpemilu.org#65955,"MANEMBO, PASSI TIMUR, BOLAANG MONGONDOW, SULAWESI UTARA",1,230,30,260
https://kawalpemilu.org#65955,"MANEMBO, PASSI TIMUR, BOLAANG MONGONDOW, SULAWESI UTARA",2,198,12,210
https://kawalpemilu.org#65955,"MANEMBO, PASSI TIMUR, BOLAANG MONGONDOW, SULAWESI UTARA",3,221,19,240
https://kawalpemilu.org#65956,"SINSINGON, PASSI TIMUR, BOLAANG MONGONDOW, SULAWESI UTARA",1,133,6,139
https://kawalpemilu.org#65956,"SINSINGON, PASSI TIMUR, BOLAANG MONGONDOW, SULAWESI UTARA",2,174,7,181
https://kawalpemilu.org#65956,"SINSINGON, PASSI TIMUR, BOLAANG MONGONDOW, SULAWESI UTARA",3,183,14,197
https://kawalpemilu.org#65957,"INSIL, PASSI TIMUR, BOLAANG MONGONDOW, SULAWESI UTARA",1,73,155,228
https://kawalpemilu.org#65957,"INSIL, PASSI TIMUR, BOLAANG MONGONDOW, SULAWESI UTARA",2,58,158,216
https://kawalpemilu.org#65957,"INSIL, PASSI TIMUR, BOLAANG MONGONDOW, SULAWESI UTARA",3,124,128,252
https://kawalpemilu.org#65958,"MOBUYA, PASSI TIMUR, BOLAANG MONGONDOW, SULAWESI UTARA",1,224,3,227
https://kawalpemilu.org#65958,"MOBUYA, PASSI TIMUR, BOLAANG MONGONDOW, SULAWESI UTARA",2,189,9,198
https://kawalpemilu.org#65959,"INSIL BARU, PASSI TIMUR, BOLAANG MONGONDOW, SULAWESI UTARA",1,46,193,239
https://kawalpemilu.org#65959,"INSIL BARU, PASSI TIMUR, BOLAANG MONGONDOW, SULAWESI UTARA",2,38,204,242
https://kawalpemilu.org#85517,"PANGIAN TENGAH, PASSI TIMUR, BOLAANG MONGONDOW, SULAWESI UTARA",1,132,142,274
https://kawalpemilu.org#85517,"PANGIAN TENGAH, PASSI TIMUR, BOLAANG MONGONDOW, SULAWESI UTARA",2,115,151,266
https://kawalpemilu.org#85517,"PANGIAN TENGAH, PASSI TIMUR, BOLAANG MONGONDOW, SULAWESI UTARA",3,115,122,237
https://kawalpemilu.org#85518,"PANGIAN BARAT, PASSI TIMUR, BOLAANG MONGONDOW, SULAWESI UTARA",1,59,181,240
https://kawalpemilu.org#85518,"PANGIAN BARAT, PASSI TIMUR, BOLAANG MONGONDOW, SULAWESI UTARA",2,59,170,229
https://kawalpemilu.org#85518,"PANGIAN BARAT, PASSI TIMUR, BOLAANG MONGONDOW, SULAWESI UTARA",3,49,172,221
https://kawalpemilu.org#85518,"PANGIAN BARAT, PASSI TIMUR, BOLAANG MONGONDOW, SULAWESI UTARA",4,84,142,226
https://kawalpemilu.org#85518,"PANGIAN BARAT, PASSI TIMUR, BOLAANG MONGONDOW, SULAWESI UTARA",5,17,62,79
https://kawalpemilu.org#85519,"POOPO SELATAN, PASSI TIMUR, BOLAANG MONGONDOW, SULAWESI UTARA",1,200,12,212
https://kawalpemilu.org#85519,"POOPO SELATAN, PASSI TIMUR, BOLAANG MONGONDOW, SULAWESI UTARA",2,198,16,214
https://kawalpemilu.org#85519,"POOPO SELATAN, PASSI TIMUR, BOLAANG MONGONDOW, SULAWESI UTARA",3,195,7,202
https://kawalpemilu.org#89901,"POOPO BARAT, PASSI TIMUR, BOLAANG MONGONDOW, SULAWESI UTARA",1,192,17,209
https://kawalpemilu.org#89901,"POOPO BARAT, PASSI TIMUR, BOLAANG MONGONDOW, SULAWESI UTARA",2,171,14,185
https://kawalpemilu.org#89901,"POOPO BARAT, PASSI TIMUR, BOLAANG MONGONDOW, SULAWESI UTARA",3,172,26,198
https://kawalpemilu.org#89902,"SINSINGON BARAT, PASSI TIMUR, BOLAANG MONGONDOW, SULAWESI UTARA",1,226,7,233
https://kawalpemilu.org#89902,"SINSINGON BARAT, PASSI TIMUR, BOLAANG MONGONDOW, SULAWESI UTARA",2,228,8,236
https://kawalpemilu.org#89902,"SINSINGON BARAT, PASSI TIMUR, BOLAANG MONGONDOW, SULAWESI UTARA",3,204,8,212
https://kawalpemilu.org#89903,"SINSINGON TIMUR, PASSI TIMUR, BOLAANG MONGONDOW, SULAWESI UTARA",1,233,4,237
https://kawalpemilu.org#89903,"SINSINGON TIMUR, PASSI TIMUR, BOLAANG MONGONDOW, SULAWESI UTARA",2,231,4,235
https://kawalpemilu.org#65961,"AMBANG I, BOLAANG TIMUR, BOLAANG MONGONDOW, SULAWESI UTARA",1,75,100,175
https://kawalpemilu.org#65961,"AMBANG I, BOLAANG TIMUR, BOLAANG MONGONDOW, SULAWESI UTARA",2,83,113,196
https://kawalpemilu.org#65961,"AMBANG I, BOLAANG TIMUR, BOLAANG MONGONDOW, SULAWESI UTARA",3,87,138,225
https://kawalpemilu.org#65961,"AMBANG I, BOLAANG TIMUR, BOLAANG MONGONDOW, SULAWESI UTARA",4,89,129,215
https://kawalpemilu.org#65962,"AMBANG II, BOLAANG TIMUR, BOLAANG MONGONDOW, SULAWESI UTARA",1,91,118,209
https://kawalpemilu.org#65962,"AMBANG II, BOLAANG TIMUR, BOLAANG MONGONDOW, SULAWESI UTARA",2,115,125,240
https://kawalpemilu.org#65962,"AMBANG II, BOLAANG TIMUR, BOLAANG MONGONDOW, SULAWESI UTARA",3,225,27,252
https://kawalpemilu.org#65963,"TADOY, BOLAANG TIMUR, BOLAANG MONGONDOW, SULAWESI UTARA",1,43,165,208
https://kawalpemilu.org#65963,"TADOY, BOLAANG TIMUR, BOLAANG MONGONDOW, SULAWESI UTARA",2,34,191,225
https://kawalpemilu.org#65963,"TADOY, BOLAANG TIMUR, BOLAANG MONGONDOW, SULAWESI UTARA",3,44,171,215
https://kawalpemilu.org#65963,"TADOY, BOLAANG TIMUR, BOLAANG MONGONDOW, SULAWESI UTARA",4,33,178,211
https://kawalpemilu.org#65963,"TADOY, BOLAANG TIMUR, BOLAANG MONGONDOW, SULAWESI UTARA",5,39,175,214
https://kawalpemilu.org#65964,"BOLAANG, BOLAANG TIMUR, BOLAANG MONGONDOW, SULAWESI UTARA",1,69,90,159
https://kawalpemilu.org#65964,"BOLAANG, BOLAANG TIMUR, BOLAANG MONGONDOW, SULAWESI UTARA",2,64,94,158
https://kawalpemilu.org#65964,"BOLAANG, BOLAANG TIMUR, BOLAANG MONGONDOW, SULAWESI UTARA",3,91,100,191
https://kawalpemilu.org#65965,"BANTIK, BOLAANG TIMUR, BOLAANG MONGONDOW, SULAWESI UTARA",1,116,132,248
https://kawalpemilu.org#65965,"BANTIK, BOLAANG TIMUR, BOLAANG MONGONDOW, SULAWESI UTARA",2,131,160,291
https://kawalpemilu.org#65965,"BANTIK, BOLAANG TIMUR, BOLAANG MONGONDOW, SULAWESI UTARA",3,125,161,286
https://kawalpemilu.org#65966,"LOLAN, BOLAANG TIMUR, BOLAANG MONGONDOW, SULAWESI UTARA",1,47,205,252
https://kawalpemilu.org#65966,"LOLAN, BOLAANG TIMUR, BOLAANG MONGONDOW, SULAWESI UTARA",2,86,158,244
https://kawalpemilu.org#65966,"LOLAN, BOLAANG TIMUR, BOLAANG MONGONDOW, SULAWESI UTARA",3,83,146,229
https://kawalpemilu.org#65967,"TADOY I, BOLAANG TIMUR, BOLAANG MONGONDOW, SULAWESI UTARA",1,93,169,262
https://kawalpemilu.org#65967,"TADOY I, BOLAANG TIMUR, BOLAANG MONGONDOW, SULAWESI UTARA",2,76,167,243
https://kawalpemilu.org#65967,"TADOY I, BOLAANG TIMUR, BOLAANG MONGONDOW, SULAWESI UTARA",3,50,169,219
https://kawalpemilu.org#65967,"TADOY I, BOLAANG TIMUR, BOLAANG MONGONDOW, SULAWESI UTARA",4,50,163,213
https://kawalpemilu.org#89904,"BOLAANG SATU, BOLAANG TIMUR, BOLAANG MONGONDOW, SULAWESI UTARA",1,98,151,249
https://kawalpemilu.org#89904,"BOLAANG SATU, BOLAANG TIMUR, BOLAANG MONGONDOW, SULAWESI UTARA",2,99,130,229
https://kawalpemilu.org#89904,"BOLAANG SATU, BOLAANG TIMUR, BOLAANG MONGONDOW, SULAWESI UTARA",3,93,165,258
https://kawalpemilu.org#89905,"LOLAN DUA, BOLAANG TIMUR, BOLAANG MONGONDOW, SULAWESI UTARA",1,96,171,267
https://kawalpemilu.org#89905,"LOLAN DUA, BOLAANG TIMUR, BOLAANG MONGONDOW, SULAWESI UTARA",2,82,161,243
https://kawalpemilu.org#89905,"LOLAN DUA, BOLAANG TIMUR, BOLAANG MONGONDOW, SULAWESI UTARA",3,74,155,229
https://kawalpemilu.org#65969,"BILALANG III, BILALANG, BOLAANG MONGONDOW, SULAWESI UTARA",1,47,136,183
https://kawalpemilu.org#65969,"BILALANG III, BILALANG, BOLAANG MONGONDOW, SULAWESI UTARA",2,51,163,214
https://kawalpemilu.org#65969,"BILALANG III, BILALANG, BOLAANG MONGONDOW, SULAWESI UTARA",3,34,149,183
https://kawalpemilu.org#65970,"BILALANG IV, BILALANG, BOLAANG MONGONDOW, SULAWESI UTARA",1,35,137,172
https://kawalpemilu.org#65970,"BILALANG IV, BILALANG, BOLAANG MONGONDOW, SULAWESI UTARA",2,39,111,150
https://kawalpemilu.org#65970,"BILALANG IV, BILALANG, BOLAANG MONGONDOW, SULAWESI UTARA",3,40,129,169
https://kawalpemilu.org#65971,"TUDU AOG, BILALANG, BOLAANG MONGONDOW, SULAWESI UTARA",1,98,93,191
https://kawalpemilu.org#65971,"TUDU AOG, BILALANG, BOLAANG MONGONDOW, SULAWESI UTARA",2,115,62,177
https://kawalpemilu.org#65971,"TUDU AOG, BILALANG, BOLAANG MONGONDOW, SULAWESI UTARA",3,94,79,173
https://kawalpemilu.org#65972,"TUDU AOG BARU, BILALANG, BOLAANG MONGONDOW, SULAWESI UTARA",1,125,47,172
https://kawalpemilu.org#65972,"TUDU AOG BARU, BILALANG, BOLAANG MONGONDOW, SULAWESI UTARA",2,124,49,173
https://kawalpemilu.org#65972,"TUDU AOG BARU, BILALANG, BOLAANG MONGONDOW, SULAWESI UTARA",3,136,37,173
https://kawalpemilu.org#65973,"KOLINGANGAAN, BILALANG, BOLAANG MONGONDOW, SULAWESI UTARA",1,141,38,179
https://kawalpemilu.org#83953,"BILALANG III UTARA, BILALANG, BOLAANG MONGONDOW, SULAWESI UTARA",1,39,139,178
https://kawalpemilu.org#83953,"BILALANG III UTARA, BILALANG, BOLAANG MONGONDOW, SULAWESI UTARA",2,49,119,168
https://kawalpemilu.org#83953,"BILALANG III UTARA, BILALANG, BOLAANG MONGONDOW, SULAWESI UTARA",3,39,122,161
https://kawalpemilu.org#83953,"BILALANG III UTARA, BILALANG, BOLAANG MONGONDOW, SULAWESI UTARA",4,20,155,175
https://kawalpemilu.org#83954,"BILALANG BARU, BILALANG, BOLAANG MONGONDOW, SULAWESI UTARA",1,47,96,143
https://kawalpemilu.org#83954,"BILALANG BARU, BILALANG, BOLAANG MONGONDOW, SULAWESI UTARA",2,58,110,168
https://kawalpemilu.org#83954,"BILALANG BARU, BILALANG, BOLAANG MONGONDOW, SULAWESI UTARA",3,56,117,173
https://kawalpemilu.org#83954,"BILALANG BARU, BILALANG, BOLAANG MONGONDOW, SULAWESI UTARA",4,86,118,204
https://kawalpemilu.org#928546,"APADO, BILALANG, BOLAANG MONGONDOW, SULAWESI UTARA",1,77,44,121
https://kawalpemilu.org#65853,"SINIYUNG, DUMOGA, BOLAANG MONGONDOW, SULAWESI UTARA",1,215,33,248
https://kawalpemilu.org#65853,"SINIYUNG, DUMOGA, BOLAANG MONGONDOW, SULAWESI UTARA",2,212,41,253
https://kawalpemilu.org#65853,"SINIYUNG, DUMOGA, BOLAANG MONGONDOW, SULAWESI UTARA",3,194,49,243
https://kawalpemilu.org#65853,"SINIYUNG, DUMOGA, BOLAANG MONGONDOW, SULAWESI UTARA",4,208,46,254
https://kawalpemilu.org#65853,"SINIYUNG, DUMOGA, BOLAANG MONGONDOW, SULAWESI UTARA",5,212,39,251
https://kawalpemilu.org#65854,"BUMBUNGON, DUMOGA, BOLAANG MONGONDOW, SULAWESI UTARA",1,168,35,203
https://kawalpemilu.org#65854,"BUMBUNGON, DUMOGA, BOLAANG MONGONDOW, SULAWESI UTARA",2,175,18,193
https://kawalpemilu.org#65854,"BUMBUNGON, DUMOGA, BOLAANG MONGONDOW, SULAWESI UTARA",3,145,43,188
https://kawalpemilu.org#65854,"BUMBUNGON, DUMOGA, BOLAANG MONGONDOW, SULAWESI UTARA",4,183,18,201
https://kawalpemilu.org#65856,"PUSIAN, DUMOGA, BOLAANG MONGONDOW, SULAWESI UTARA",1,225,30,255
https://kawalpemilu.org#65856,"PUSIAN, DUMOGA, BOLAANG MONGONDOW, SULAWESI UTARA",2,205,21,226
https://kawalpemilu.org#65856,"PUSIAN, DUMOGA, BOLAANG MONGONDOW, SULAWESI UTARA",3,242,18,260
https://kawalpemilu.org#65856,"PUSIAN, DUMOGA, BOLAANG MONGONDOW, SULAWESI UTARA",4,211,20,231
https://kawalpemilu.org#65856,"PUSIAN, DUMOGA, BOLAANG MONGONDOW, SULAWESI UTARA",5,189,27,216
https://kawalpemilu.org#65857,"TORUAKAT, DUMOGA, BOLAANG MONGONDOW, SULAWESI UTARA",1,193,53,246
https://kawalpemilu.org#65857,"TORUAKAT, DUMOGA, BOLAANG MONGONDOW, SULAWESI UTARA",2,148,102,250
https://kawalpemilu.org#65857,"TORUAKAT, DUMOGA, BOLAANG MONGONDOW, SULAWESI UTARA",3,76,164,240
https://kawalpemilu.org#65857,"TORUAKAT, DUMOGA, BOLAANG MONGONDOW, SULAWESI UTARA",4,56,192,248
https://kawalpemilu.org#65857,"TORUAKAT, DUMOGA, BOLAANG MONGONDOW, SULAWESI UTARA",5,103,119,222
https://kawalpemilu.org#65857,"TORUAKAT, DUMOGA, BOLAANG MONGONDOW, SULAWESI UTARA",6,107,115,222
https://kawalpemilu.org#65857,"TORUAKAT, DUMOGA, BOLAANG MONGONDOW, SULAWESI UTARA",7,51,180,231
https://kawalpemilu.org#65858,"KANAAN, DUMOGA, BOLAANG MONGONDOW, SULAWESI UTARA",1,163,30,193
https://kawalpemilu.org#65858,"KANAAN, DUMOGA, BOLAANG MONGONDOW, SULAWESI UTARA",2,145,11,156
https://kawalpemilu.org#65858,"KANAAN, DUMOGA, BOLAANG MONGONDOW, SULAWESI UTARA",3,141,21,162
https://kawalpemilu.org#65860,"MOTOTABIAN, DUMOGA, BOLAANG MONGONDOW, SULAWESI UTARA",1,115,50,165
https://kawalpemilu.org#65860,"MOTOTABIAN, DUMOGA, BOLAANG MONGONDOW, SULAWESI UTARA",2,91,53,144
https://kawalpemilu.org#65861,"SERASI, DUMOGA, BOLAANG MONGONDOW, SULAWESI UTARA",1,125,25,150
https://kawalpemilu.org#65861,"SERASI, DUMOGA, BOLAANG MONGONDOW, SULAWESI UTARA",2,156,23,179
https://kawalpemilu.org#85520,"PONOMPIAAN, DUMOGA, BOLAANG MONGONDOW, SULAWESI UTARA",1,227,25,252
https://kawalpemilu.org#85520,"PONOMPIAAN, DUMOGA, BOLAANG MONGONDOW, SULAWESI UTARA",2,224,12,236
https://kawalpemilu.org#85520,"PONOMPIAAN, DUMOGA, BOLAANG MONGONDOW, SULAWESI UTARA",3,223,24,247
https://kawalpemilu.org#85520,"PONOMPIAAN, DUMOGA, BOLAANG MONGONDOW, SULAWESI UTARA",4,237,18,255
https://kawalpemilu.org#85520,"PONOMPIAAN, DUMOGA, BOLAANG MONGONDOW, SULAWESI UTARA",5,237,11,248
https://kawalpemilu.org#85521,"DUMOGA SATU, DUMOGA, BOLAANG MONGONDOW, SULAWESI UTARA",1,180,20,200
https://kawalpemilu.org#85521,"DUMOGA SATU, DUMOGA, BOLAANG MONGONDOW, SULAWESI UTARA",2,170,29,199
https://kawalpemilu.org#85521,"DUMOGA SATU, DUMOGA, BOLAANG MONGONDOW, SULAWESI UTARA",3,179,13,192
https://kawalpemilu.org#89906,"SINIYUNG SATU, DUMOGA, BOLAANG MONGONDOW, SULAWESI UTARA",1,153,17,170
https://kawalpemilu.org#89906,"SINIYUNG SATU, DUMOGA, BOLAANG MONGONDOW, SULAWESI UTARA",2,140,30,170
https://kawalpemilu.org#928547,"PUSIAN SELATAN, DUMOGA, BOLAANG MONGONDOW, SULAWESI UTARA",1,196,12,208
https://kawalpemilu.org#928547,"PUSIAN SELATAN, DUMOGA, BOLAANG MONGONDOW, SULAWESI UTARA",2,205,15,220
https://kawalpemilu.org#928547,"PUSIAN SELATAN, DUMOGA, BOLAANG MONGONDOW, SULAWESI UTARA",3,200,11,211
https://kawalpemilu.org#928548,"PUSIAN BARAT, DUMOGA, BOLAANG MONGONDOW, SULAWESI UTARA",1,208,10,218
https://kawalpemilu.org#928548,"PUSIAN BARAT, DUMOGA, BOLAANG MONGONDOW, SULAWESI UTARA",2,193,10,203
https://kawalpemilu.org#65838,"KOSIO, DUMOGA TENGAH, BOLAANG MONGONDOW, SULAWESI UTARA",1,168,52,220
https://kawalpemilu.org#65838,"KOSIO, DUMOGA TENGAH, BOLAANG MONGONDOW, SULAWESI UTARA",2,93,106,199
https://kawalpemilu.org#65838,"KOSIO, DUMOGA TENGAH, BOLAANG MONGONDOW, SULAWESI UTARA",3,132,39,171
https://kawalpemilu.org#65838,"KOSIO, DUMOGA TENGAH, BOLAANG MONGONDOW, SULAWESI UTARA",4,109,10,119
https://kawalpemilu.org#65840,"IBOLIAN, DUMOGA TENGAH, BOLAANG MONGONDOW, SULAWESI UTARA",1,78,144,222
https://kawalpemilu.org#65840,"IBOLIAN, DUMOGA TENGAH, BOLAANG MONGONDOW, SULAWESI UTARA",2,79,120,199
https://kawalpemilu.org#65840,"IBOLIAN, DUMOGA TENGAH, BOLAANG MONGONDOW, SULAWESI UTARA",3,68,142,210
https://kawalpemilu.org#65840,"IBOLIAN, DUMOGA TENGAH, BOLAANG MONGONDOW, SULAWESI UTARA",4,107,124,231
https://kawalpemilu.org#65840,"IBOLIAN, DUMOGA TENGAH, BOLAANG MONGONDOW, SULAWESI UTARA",5,72,113,185
https://kawalpemilu.org#65840,"IBOLIAN, DUMOGA TENGAH, BOLAANG MONGONDOW, SULAWESI UTARA",6,85,119,204
https://kawalpemilu.org#65840,"IBOLIAN, DUMOGA TENGAH, BOLAANG MONGONDOW, SULAWESI UTARA",7,125,90,215
https://kawalpemilu.org#65840,"IBOLIAN, DUMOGA TENGAH, BOLAANG MONGONDOW, SULAWESI UTARA",8,102,43,145
https://kawalpemilu.org#65840,"IBOLIAN, DUMOGA TENGAH, BOLAANG MONGONDOW, SULAWESI UTARA",9,74,73,147
https://kawalpemilu.org#65843,"WERDHI AGUNG SELATAN, DUMOGA TENGAH, BOLAANG MONGONDOW, SULAWESI UTARA",1,167,21,188
https://kawalpemilu.org#65843,"WERDHI AGUNG SELATAN, DUMOGA TENGAH, BOLAANG MONGONDOW, SULAWESI UTARA",3,172,20,192
https://kawalpemilu.org#65843,"WERDHI AGUNG SELATAN, DUMOGA TENGAH, BOLAANG MONGONDOW, SULAWESI UTARA",4,182,22,204
https://kawalpemilu.org#65843,"WERDHI AGUNG SELATAN, DUMOGA TENGAH, BOLAANG MONGONDOW, SULAWESI UTARA",5,168,17,185
https://kawalpemilu.org#65844,"KOSIO TIMUR, DUMOGA TENGAH, BOLAANG MONGONDOW, SULAWESI UTARA",1,99,108,207
https://kawalpemilu.org#65844,"KOSIO TIMUR, DUMOGA TENGAH, BOLAANG MONGONDOW, SULAWESI UTARA",2,116,75,191
https://kawalpemilu.org#65844,"KOSIO TIMUR, DUMOGA TENGAH, BOLAANG MONGONDOW, SULAWESI UTARA",3,114,84,198
https://kawalpemilu.org#85522,"IBOLIAN SATU, DUMOGA TENGAH, BOLAANG MONGONDOW, SULAWESI UTARA",1,163,20,183
https://kawalpemilu.org#85522,"IBOLIAN SATU, DUMOGA TENGAH, BOLAANG MONGONDOW, SULAWESI UTARA",2,132,13,145
https://kawalpemilu.org#85523,"KINOMALINGAN, DUMOGA TENGAH, BOLAANG MONGONDOW, SULAWESI UTARA",1,71,150,221
https://kawalpemilu.org#85523,"KINOMALINGAN, DUMOGA TENGAH, BOLAANG MONGONDOW, SULAWESI UTARA",2,119,119,238
https://kawalpemilu.org#85523,"KINOMALINGAN, DUMOGA TENGAH, BOLAANG MONGONDOW, SULAWESI UTARA",3,165,70,235
https://kawalpemilu.org#85524,"WERDHI AGUNG, DUMOGA TENGAH, BOLAANG MONGONDOW, SULAWESI UTARA",1,177,8,185
https://kawalpemilu.org#85524,"WERDHI AGUNG, DUMOGA TENGAH, BOLAANG MONGONDOW, SULAWESI UTARA",2,184,11,195
https://kawalpemilu.org#85524,"WERDHI AGUNG, DUMOGA TENGAH, BOLAANG MONGONDOW, SULAWESI UTARA",3,186,9,195
https://kawalpemilu.org#89907,"KASIO BARAT, DUMOGA TENGAH, BOLAANG MONGONDOW, SULAWESI UTARA",1,156,26,182
https://kawalpemilu.org#89907,"KASIO BARAT, DUMOGA TENGAH, BOLAANG MONGONDOW, SULAWESI UTARA",2,202,12,214
https://kawalpemilu.org#89908,"WERDHI AGUNG UTARA, DUMOGA TENGAH, BOLAANG MONGONDOW, SULAWESI UTARA",1,183,9,192
https://kawalpemilu.org#89908,"WERDHI AGUNG UTARA, DUMOGA TENGAH, BOLAANG MONGONDOW, SULAWESI UTARA",2,211,15,226
https://kawalpemilu.org#89909,"WERDHI AGUNG TIMUR, DUMOGA TENGAH, BOLAANG MONGONDOW, SULAWESI UTARA",1,203,10,213
https://kawalpemilu.org#89909,"WERDHI AGUNG TIMUR, DUMOGA TENGAH, BOLAANG MONGONDOW, SULAWESI UTARA",2,153,7,160
https://kawalpemilu.org#89909,"WERDHI AGUNG TIMUR, DUMOGA TENGAH, BOLAANG MONGONDOW, SULAWESI UTARA",3,182,10,192
https://kawalpemilu.org#65870,"DUMARA, DUMOGA TENGGARA, BOLAANG MONGONDOW, SULAWESI UTARA",1,145,91,236
https://kawalpemilu.org#65870,"DUMARA, DUMOGA TENGGARA, BOLAANG MONGONDOW, SULAWESI UTARA",2,141,85,226
https://kawalpemilu.org#65870,"DUMARA, DUMOGA TENGGARA, BOLAANG MONGONDOW, SULAWESI UTARA",3,120,71,191
https://kawalpemilu.org#65873,"IKUNA, DUMOGA TENGGARA, BOLAANG MONGONDOW, SULAWESI UTARA",1,35,150,185
https://kawalpemilu.org#65873,"IKUNA, DUMOGA TENGGARA, BOLAANG MONGONDOW, SULAWESI UTARA",2,25,147,172
https://kawalpemilu.org#65873,"IKUNA, DUMOGA TENGGARA, BOLAANG MONGONDOW, SULAWESI UTARA",3,33,151,184
https://kawalpemilu.org#65874,"TAPADAKA UTARA, DUMOGA TENGGARA, BOLAANG MONGONDOW, SULAWESI UTARA",1,110,116,226
https://kawalpemilu.org#65874,"TAPADAKA UTARA, DUMOGA TENGGARA, BOLAANG MONGONDOW, SULAWESI UTARA",2,105,92,197
https://kawalpemilu.org#65874,"TAPADAKA UTARA, DUMOGA TENGGARA, BOLAANG MONGONDOW, SULAWESI UTARA",3,98,77,175
https://kawalpemilu.org#65874,"TAPADAKA UTARA, DUMOGA TENGGARA, BOLAANG MONGONDOW, SULAWESI UTARA",4,94,113,207
https://kawalpemilu.org#65875,"OSION, DUMOGA TENGGARA, BOLAANG MONGONDOW, SULAWESI UTARA",1,69,142,211
https://kawalpemilu.org#65875,"OSION, DUMOGA TENGGARA, BOLAANG MONGONDOW, SULAWESI UTARA",2,106,145,251
https://kawalpemilu.org#65876,"KONAROM, DUMOGA TENGGARA, BOLAANG MONGONDOW, SULAWESI UTARA",1,120,91,211
https://kawalpemilu.org#65876,"KONAROM, DUMOGA TENGGARA, BOLAANG MONGONDOW, SULAWESI UTARA",2,92,108,200
https://kawalpemilu.org#65876,"KONAROM, DUMOGA TENGGARA, BOLAANG MONGONDOW, SULAWESI UTARA",3,112,95,207
https://kawalpemilu.org#65877,"BONAWANG, DUMOGA TENGGARA, BOLAANG MONGONDOW, SULAWESI UTARA",1,134,49,183
https://kawalpemilu.org#85525,"TAPADAKA SATU, DUMOGA TENGGARA, BOLAANG MONGONDOW, SULAWESI UTARA",1,78,159,237
https://kawalpemilu.org#85525,"TAPADAKA SATU, DUMOGA TENGGARA, BOLAANG MONGONDOW, SULAWESI UTARA",2,94,153,247
https://kawalpemilu.org#85525,"TAPADAKA SATU, DUMOGA TENGGARA, BOLAANG MONGONDOW, SULAWESI UTARA",3,94,124,218
https://kawalpemilu.org#89910,"TAPADAKA TIMUR, DUMOGA TENGGARA, BOLAANG MONGONDOW, SULAWESI UTARA",1,128,71,199
https://kawalpemilu.org#89910,"TAPADAKA TIMUR, DUMOGA TENGGARA, BOLAANG MONGONDOW, SULAWESI UTARA",2,125,71,196
https://kawalpemilu.org#89911,"KONAROM BARAT, DUMOGA TENGGARA, BOLAANG MONGONDOW, SULAWESI UTARA",1,87,104,191
https://kawalpemilu.org#89911,"KONAROM BARAT, DUMOGA TENGGARA, BOLAANG MONGONDOW, SULAWESI UTARA",2,81,86,167
https://kawalpemilu.org#89911,"KONAROM BARAT, DUMOGA TENGGARA, BOLAANG MONGONDOW, SULAWESI UTARA",3,82,88,170
https://kawalpemilu.org#89912,"KONAROM UTARA, DUMOGA TENGGARA, BOLAANG MONGONDOW, SULAWESI UTARA",2,132,73,205
https://kawalpemilu.org#65976,"MASARANG, TONDANO BARAT, MINAHASA, SULAWESI UTARA",1,215,14,229
https://kawalpemilu.org#65976,"MASARANG, TONDANO BARAT, MINAHASA, SULAWESI UTARA",2,208,12,220
https://kawalpemilu.org#65976,"MASARANG, TONDANO BARAT, MINAHASA, SULAWESI UTARA",3,189,25,214
https://kawalpemilu.org#65977,"RINEGETAN, TONDANO BARAT, MINAHASA, SULAWESI UTARA",1,235,14,249
https://kawalpemilu.org#65977,"RINEGETAN, TONDANO BARAT, MINAHASA, SULAWESI UTARA",2,233,15,248
https://kawalpemilu.org#65977,"RINEGETAN, TONDANO BARAT, MINAHASA, SULAWESI UTARA",3,208,9,217
https://kawalpemilu.org#65977,"RINEGETAN, TONDANO BARAT, MINAHASA, SULAWESI UTARA",4,177,31,208
https://kawalpemilu.org#65977,"RINEGETAN, TONDANO BARAT, MINAHASA, SULAWESI UTARA",5,175,31,206
https://kawalpemilu.org#65977,"RINEGETAN, TONDANO BARAT, MINAHASA, SULAWESI UTARA",6,152,34,186
https://kawalpemilu.org#65977,"RINEGETAN, TONDANO BARAT, MINAHASA, SULAWESI UTARA",7,156,48,204
https://kawalpemilu.org#65977,"RINEGETAN, TONDANO BARAT, MINAHASA, SULAWESI UTARA",8,153,37,190
https://kawalpemilu.org#65977,"RINEGETAN, TONDANO BARAT, MINAHASA, SULAWESI UTARA",9,156,40,196
https://kawalpemilu.org#65977,"RINEGETAN, TONDANO BARAT, MINAHASA, SULAWESI UTARA",10,93,1,94
https://kawalpemilu.org#65978,"ROONG, TONDANO BARAT, MINAHASA, SULAWESI UTARA",1,232,12,244
https://kawalpemilu.org#65978,"ROONG, TONDANO BARAT, MINAHASA, SULAWESI UTARA",2,245,11,256
https://kawalpemilu.org#65978,"ROONG, TONDANO BARAT, MINAHASA, SULAWESI UTARA",3,231,25,256
https://kawalpemilu.org#65978,"ROONG, TONDANO BARAT, MINAHASA, SULAWESI UTARA",4,239,12,251
https://kawalpemilu.org#65978,"ROONG, TONDANO BARAT, MINAHASA, SULAWESI UTARA",5,226,15,241
https://kawalpemilu.org#65979,"TUUTU, TONDANO BARAT, MINAHASA, SULAWESI UTARA",1,249,12,261
https://kawalpemilu.org#65979,"TUUTU, TONDANO BARAT, MINAHASA, SULAWESI UTARA",2,217,13,234
https://kawalpemilu.org#65979,"TUUTU, TONDANO BARAT, MINAHASA, SULAWESI UTARA",3,195,5,200
https://kawalpemilu.org#65979,"TUUTU, TONDANO BARAT, MINAHASA, SULAWESI UTARA",4,181,16,197
https://kawalpemilu.org#65979,"TUUTU, TONDANO BARAT, MINAHASA, SULAWESI UTARA",5,192,17,209
https://kawalpemilu.org#65980,"TOUNKURAMBER, TONDANO BARAT, MINAHASA, SULAWESI UTARA",1,171,60,231
https://kawalpemilu.org#65980,"TOUNKURAMBER, TONDANO BARAT, MINAHASA, SULAWESI UTARA",2,195,12,207
https://kawalpemilu.org#65980,"TOUNKURAMBER, TONDANO BARAT, MINAHASA, SULAWESI UTARA",3,124,17,141
https://kawalpemilu.org#65980,"TOUNKURAMBER, TONDANO BARAT, MINAHASA, SULAWESI UTARA",4,154,25,179
https://kawalpemilu.org#65981,"WAWALINTOUAN, TONDANO BARAT, MINAHASA, SULAWESI UTARA",1,224,13,237
https://kawalpemilu.org#65981,"WAWALINTOUAN, TONDANO BARAT, MINAHASA, SULAWESI UTARA",2,202,20,222
https://kawalpemilu.org#65981,"WAWALINTOUAN, TONDANO BARAT, MINAHASA, SULAWESI UTARA",3,180,38,218
https://kawalpemilu.org#65981,"WAWALINTOUAN, TONDANO BARAT, MINAHASA, SULAWESI UTARA",4,179,29,208
https://kawalpemilu.org#65981,"WAWALINTOUAN, TONDANO BARAT, MINAHASA, SULAWESI UTARA",5,139,80,219
https://kawalpemilu.org#65981,"WAWALINTOUAN, TONDANO BARAT, MINAHASA, SULAWESI UTARA",6,149,74,223
https://kawalpemilu.org#65981,"WAWALINTOUAN, TONDANO BARAT, MINAHASA, SULAWESI UTARA",7,131,86,217
https://kawalpemilu.org#65981,"WAWALINTOUAN, TONDANO BARAT, MINAHASA, SULAWESI UTARA",8,125,102,227
https://kawalpemilu.org#65981,"WAWALINTOUAN, TONDANO BARAT, MINAHASA, SULAWESI UTARA",9,131,70,201
https://kawalpemilu.org#65981,"WAWALINTOUAN, TONDANO BARAT, MINAHASA, SULAWESI UTARA",10,162,48,210
https://kawalpemilu.org#65982,"REREWOKAN, TONDANO BARAT, MINAHASA, SULAWESI UTARA",1,207,5,212
https://kawalpemilu.org#65982,"REREWOKAN, TONDANO BARAT, MINAHASA, SULAWESI UTARA",2,200,10,210
https://kawalpemilu.org#65982,"REREWOKAN, TONDANO BARAT, MINAHASA, SULAWESI UTARA",3,205,6,211
https://kawalpemilu.org#65982,"REREWOKAN, TONDANO BARAT, MINAHASA, SULAWESI UTARA",4,218,6,224
https://kawalpemilu.org#65982,"REREWOKAN, TONDANO BARAT, MINAHASA, SULAWESI UTARA",5,207,20,227
https://kawalpemilu.org#65982,"REREWOKAN, TONDANO BARAT, MINAHASA, SULAWESI UTARA",6,198,7,205
https://kawalpemilu.org#65983,"WATULAMBOT, TONDANO BARAT, MINAHASA, SULAWESI UTARA",1,220,17,237
https://kawalpemilu.org#65983,"WATULAMBOT, TONDANO BARAT, MINAHASA, SULAWESI UTARA",2,210,30,240
https://kawalpemilu.org#65983,"WATULAMBOT, TONDANO BARAT, MINAHASA, SULAWESI UTARA",3,223,15,238
https://kawalpemilu.org#65983,"WATULAMBOT, TONDANO BARAT, MINAHASA, SULAWESI UTARA",4,215,31,246
https://kawalpemilu.org#65983,"WATULAMBOT, TONDANO BARAT, MINAHASA, SULAWESI UTARA",5,211,19,230
https://kawalpemilu.org#65983,"WATULAMBOT, TONDANO BARAT, MINAHASA, SULAWESI UTARA",6,213,7,220
https://kawalpemilu.org#65983,"WATULAMBOT, TONDANO BARAT, MINAHASA, SULAWESI UTARA",7,186,11,197
https://kawalpemilu.org#65984,"WEWELAN, TONDANO BARAT, MINAHASA, SULAWESI UTARA",1,219,27,246
https://kawalpemilu.org#65984,"WEWELAN, TONDANO BARAT, MINAHASA, SULAWESI UTARA",2,208,28,236
https://kawalpemilu.org#65984,"WEWELAN, TONDANO BARAT, MINAHASA, SULAWESI UTARA",3,224,9,233
https://kawalpemilu.org#65984,"WEWELAN, TONDANO BARAT, MINAHASA, SULAWESI UTARA",4,226,9,235
https://kawalpemilu.org#65984,"WEWELAN, TONDANO BARAT, MINAHASA, SULAWESI UTARA",5,223,13,236
https://kawalpemilu.org#65984,"WEWELAN, TONDANO BARAT, MINAHASA, SULAWESI UTARA",6,203,19,222
https://kawalpemilu.org#65984,"WEWELAN, TONDANO BARAT, MINAHASA, SULAWESI UTARA",7,223,10,233
https://kawalpemilu.org#65986,"LUAAN, TONDANO TIMUR, MINAHASA, SULAWESI UTARA",1,196,12,208
https://kawalpemilu.org#65986,"LUAAN, TONDANO TIMUR, MINAHASA, SULAWESI UTARA",2,203,11,214
https://kawalpemilu.org#65986,"LUAAN, TONDANO TIMUR, MINAHASA, SULAWESI UTARA",3,206,11,217
https://kawalpemilu.org#65986,"LUAAN, TONDANO TIMUR, MINAHASA, SULAWESI UTARA",4,203,11,214
https://kawalpemilu.org#65986,"LUAAN, TONDANO TIMUR, MINAHASA, SULAWESI UTARA",5,199,10,209
https://kawalpemilu.org#65987,"RANOWANGKO, TONDANO TIMUR, MINAHASA, SULAWESI UTARA",1,189,9,198
https://kawalpemilu.org#65987,"RANOWANGKO, TONDANO TIMUR, MINAHASA, SULAWESI UTARA",2,188,15,203
https://kawalpemilu.org#65987,"RANOWANGKO, TONDANO TIMUR, MINAHASA, SULAWESI UTARA",3,230,23,253
https://kawalpemilu.org#65987,"RANOWANGKO, TONDANO TIMUR, MINAHASA, SULAWESI UTARA",4,212,38,250
https://kawalpemilu.org#65988,"WENGKOL, TONDANO TIMUR, MINAHASA, SULAWESI UTARA",1,180,8,188
https://kawalpemilu.org#65988,"WENGKOL, TONDANO TIMUR, MINAHASA, SULAWESI UTARA",2,172,5,177
https://kawalpemilu.org#65988,"WENGKOL, TONDANO TIMUR, MINAHASA, SULAWESI UTARA",3,168,9,177
https://kawalpemilu.org#65988,"WENGKOL, TONDANO TIMUR, MINAHASA, SULAWESI UTARA",4,153,13,166
https://kawalpemilu.org#65989,"KENDIS, TONDANO TIMUR, MINAHASA, SULAWESI UTARA",1,231,24,255
https://kawalpemilu.org#65989,"KENDIS, TONDANO TIMUR, MINAHASA, SULAWESI UTARA",2,230,21,251
https://kawalpemilu.org#65989,"KENDIS, TONDANO TIMUR, MINAHASA, SULAWESI UTARA",3,155,17,172
https://kawalpemilu.org#65989,"KENDIS, TONDANO TIMUR, MINAHASA, SULAWESI UTARA",4,109,18,127
https://kawalpemilu.org#65989,"KENDIS, TONDANO TIMUR, MINAHASA, SULAWESI UTARA",5,96,19,115
https://kawalpemilu.org#65989,"KENDIS, TONDANO TIMUR, MINAHASA, SULAWESI UTARA",6,188,49,237
https://kawalpemilu.org#65990,"KATINGGOLAN, TONDANO TIMUR, MINAHASA, SULAWESI UTARA",1,182,10,192
https://kawalpemilu.org#65990,"KATINGGOLAN, TONDANO TIMUR, MINAHASA, SULAWESI UTARA",2,147,20,167
https://kawalpemilu.org#65990,"KATINGGOLAN, TONDANO TIMUR, MINAHASA, SULAWESI UTARA",3,131,7,138
https://kawalpemilu.org#65990,"KATINGGOLAN, TONDANO TIMUR, MINAHASA, SULAWESI UTARA",4,121,16,137
https://kawalpemilu.org#65991,"LININGAAN, TONDANO TIMUR, MINAHASA, SULAWESI UTARA",1,154,18,172
https://kawalpemilu.org#65991,"LININGAAN, TONDANO TIMUR, MINAHASA, SULAWESI UTARA",2,174,15,189
https://kawalpemilu.org#65991,"LININGAAN, TONDANO TIMUR, MINAHASA, SULAWESI UTARA",3,221,9,230
https://kawalpemilu.org#65991,"LININGAAN, TONDANO TIMUR, MINAHASA, SULAWESI UTARA",4,231,12,243
https://kawalpemilu.org#65992,"TALER, TONDANO TIMUR, MINAHASA, SULAWESI UTARA",1,163,6,169
https://kawalpemilu.org#65992,"TALER, TONDANO TIMUR, MINAHASA, SULAWESI UTARA",2,215,16,231
https://kawalpemilu.org#65992,"TALER, TONDANO TIMUR, MINAHASA, SULAWESI UTARA",3,181,11,192
https://kawalpemilu.org#65993,"KINIAR, TONDANO TIMUR, MINAHASA, SULAWESI UTARA",1,200,15,215
https://kawalpemilu.org#65993,"KINIAR, TONDANO TIMUR, MINAHASA, SULAWESI UTARA",2,197,14,211
https://kawalpemilu.org#65993,"KINIAR, TONDANO TIMUR, MINAHASA, SULAWESI UTARA",3,208,9,217
https://kawalpemilu.org#65993,"KINIAR, TONDANO TIMUR, MINAHASA, SULAWESI UTARA",4,185,12,197
https://kawalpemilu.org#65993,"KINIAR, TONDANO TIMUR, MINAHASA, SULAWESI UTARA",5,203,12,215
https://kawalpemilu.org#65993,"KINIAR, TONDANO TIMUR, MINAHASA, SULAWESI UTARA",6,189,19,208
https://kawalpemilu.org#65993,"KINIAR, TONDANO TIMUR, MINAHASA, SULAWESI UTARA",7,165,7,172
https://kawalpemilu.org#65993,"KINIAR, TONDANO TIMUR, MINAHASA, SULAWESI UTARA",8,110,1,111
https://kawalpemilu.org#65994,"TOULUOR, TONDANO TIMUR, MINAHASA, SULAWESI UTARA",1,200,17,217
https://kawalpemilu.org#65994,"TOULUOR, TONDANO TIMUR, MINAHASA, SULAWESI UTARA",2,213,11,224
https://kawalpemilu.org#65995,"PAPAKELAN, TONDANO TIMUR, MINAHASA, SULAWESI UTARA",1,186,11,197
https://kawalpemilu.org#65995,"PAPAKELAN, TONDANO TIMUR, MINAHASA, SULAWESI UTARA",2,194,1,195
https://kawalpemilu.org#65995,"PAPAKELAN, TONDANO TIMUR, MINAHASA, SULAWESI UTARA",3,202,5,207
https://kawalpemilu.org#65995,"PAPAKELAN, TONDANO TIMUR, MINAHASA, SULAWESI UTARA",4,192,5,197
https://kawalpemilu.org#65995,"PAPAKELAN, TONDANO TIMUR, MINAHASA, SULAWESI UTARA",5,201,3,204
https://kawalpemilu.org#65995,"PAPAKELAN, TONDANO TIMUR, MINAHASA, SULAWESI UTARA",6,187,1,188
https://kawalpemilu.org#65995,"PAPAKELAN, TONDANO TIMUR, MINAHASA, SULAWESI UTARA",7,194,4,198
https://kawalpemilu.org#65995,"PAPAKELAN, TONDANO TIMUR, MINAHASA, SULAWESI UTARA",8,198,5,203
https://kawalpemilu.org#65995,"PAPAKELAN, TONDANO TIMUR, MINAHASA, SULAWESI UTARA",9,194,5,199
https://kawalpemilu.org#65995,"PAPAKELAN, TONDANO TIMUR, MINAHASA, SULAWESI UTARA",10,127,7,134
https://kawalpemilu.org#65996,"MAKALOUNSOW, TONDANO TIMUR, MINAHASA, SULAWESI UTARA",1,170,20,190
https://kawalpemilu.org#65996,"MAKALOUNSOW, TONDANO TIMUR, MINAHASA, SULAWESI UTARA",2,153,14,167
https://kawalpemilu.org#65998,"TELAP, ERIS, MINAHASA, SULAWESI UTARA",1,244,17,261
https://kawalpemilu.org#65998,"TELAP, ERIS, MINAHASA, SULAWESI UTARA",2,216,9,225
https://kawalpemilu.org#65998,"TELAP, ERIS, MINAHASA, SULAWESI UTARA",3,254,10,264
https://kawalpemilu.org#65999,"WATUMEA, ERIS, MINAHASA, SULAWESI UTARA",1,202,36,238
https://kawalpemilu.org#65999,"WATUMEA, ERIS, MINAHASA, SULAWESI UTARA",2,219,24,243
https://kawalpemilu.org#65999,"WATUMEA, ERIS, MINAHASA, SULAWESI UTARA",3,207,12,219
https://kawalpemilu.org#66000,"ERIS, ERIS, MINAHASA, SULAWESI UTARA",1,235,27,262
https://kawalpemilu.org#66000,"ERIS, ERIS, MINAHASA, SULAWESI UTARA",2,226,49,275
https://kawalpemilu.org#66000,"ERIS, ERIS, MINAHASA, SULAWESI UTARA",3,249,25,274
https://kawalpemilu.org#66000,"ERIS, ERIS, MINAHASA, SULAWESI UTARA",4,228,30,258
https://kawalpemilu.org#66000,"ERIS, ERIS, MINAHASA, SULAWESI UTARA",5,237,19,256
https://kawalpemilu.org#66001,"MAUMBI, ERIS, MINAHASA, SULAWESI UTARA",1,134,30,164
https://kawalpemilu.org#66001,"MAUMBI, ERIS, MINAHASA, SULAWESI UTARA",2,148,19,167
https://kawalpemilu.org#66002,"TANDENGAN, ERIS, MINAHASA, SULAWESI UTARA",1,195,26,221
https://kawalpemilu.org#66002,"TANDENGAN, ERIS, MINAHASA, SULAWESI UTARA",2,181,31,212
https://kawalpemilu.org#66002,"TANDENGAN, ERIS, MINAHASA, SULAWESI UTARA",3,197,15,212
https://kawalpemilu.org#66002,"TANDENGAN, ERIS, MINAHASA, SULAWESI UTARA",4,194,24,218
https://kawalpemilu.org#66003,"RANOMERUT, ERIS, MINAHASA, SULAWESI UTARA",1,210,9,219
https://kawalpemilu.org#66003,"RANOMERUT, ERIS, MINAHASA, SULAWESI UTARA",2,213,5,218
https://kawalpemilu.org#66003,"RANOMERUT, ERIS, MINAHASA, SULAWESI UTARA",3,198,11,209
https://kawalpemilu.org#66003,"RANOMERUT, ERIS, MINAHASA, SULAWESI UTARA",4,179,12,191
https://kawalpemilu.org#66004,"TOULIANG OKI, ERIS, MINAHASA, SULAWESI UTARA",1,164,25,189
https://kawalpemilu.org#66004,"TOULIANG OKI, ERIS, MINAHASA, SULAWESI UTARA",2,175,26,201
https://kawalpemilu.org#66004,"TOULIANG OKI, ERIS, MINAHASA, SULAWESI UTARA",3,148,25,173
https://kawalpemilu.org#66004,"TOULIANG OKI, ERIS, MINAHASA, SULAWESI UTARA",4,165,23,188
https://kawalpemilu.org#66004,"TOULIANG OKI, ERIS, MINAHASA, SULAWESI UTARA",5,131,19,150
https://kawalpemilu.org#66004,"TOULIANG OKI, ERIS, MINAHASA, SULAWESI UTARA",6,159,16,175
https://kawalpemilu.org#66004,"TOULIANG OKI, ERIS, MINAHASA, SULAWESI UTARA",7,169,15,184
https://kawalpemilu.org#66004,"TOULIANG OKI, ERIS, MINAHASA, SULAWESI UTARA",8,172,19,191
https://kawalpemilu.org#66004,"TOULIANG OKI, ERIS, MINAHASA, SULAWESI UTARA",9,182,16,198
https://kawalpemilu.org#88658,"TANDENGAN SATU, ERIS, MINAHASA, SULAWESI UTARA",1,205,35,240
https://kawalpemilu.org#88658,"TANDENGAN SATU, ERIS, MINAHASA, SULAWESI UTARA",2,216,26,242
https://kawalpemilu.org#88658,"TANDENGAN SATU, ERIS, MINAHASA, SULAWESI UTARA",3,226,25,251
https://kawalpemilu.org#88658,"TANDENGAN SATU, ERIS, MINAHASA, SULAWESI UTARA",4,205,30,235
https://kawalpemilu.org#66006,"TULAP, KOMBI, MINAHASA, SULAWESI UTARA",1,231,35,266
https://kawalpemilu.org#66006,"TULAP, KOMBI, MINAHASA, SULAWESI UTARA",3,245,29,274
https://kawalpemilu.org#66007,"LALUMPE, KOMBI, MINAHASA, SULAWESI UTARA",1,162,13,175
https://kawalpemilu.org#66007,"LALUMPE, KOMBI, MINAHASA, SULAWESI UTARA",2,158,15,173
https://kawalpemilu.org#66007,"LALUMPE, KOMBI, MINAHASA, SULAWESI UTARA",3,151,18,169
https://kawalpemilu.org#66007,"LALUMPE, KOMBI, MINAHASA, SULAWESI UTARA",4,95,9,104
https://kawalpemilu.org#66008,"KAYUBESI, KOMBI, MINAHASA, SULAWESI UTARA",1,178,9,187
https://kawalpemilu.org#66009,"RANOWANGKO II, KOMBI, MINAHASA, SULAWESI UTARA",2,203,21,224
https://kawalpemilu.org#66010,"KOMBI, KOMBI, MINAHASA, SULAWESI UTARA",1,218,23,241
https://kawalpemilu.org#66010,"KOMBI, KOMBI, MINAHASA, SULAWESI UTARA",2,218,40,258
https://kawalpemilu.org#66010,"KOMBI, KOMBI, MINAHASA, SULAWESI UTARA",3,179,49,228
https://kawalpemilu.org#66010,"KOMBI, KOMBI, MINAHASA, SULAWESI UTARA",4,225,19,244
https://kawalpemilu.org#66011,"SAWANGAN, KOMBI, MINAHASA, SULAWESI UTARA",1,132,24,156
https://kawalpemilu.org#66011,"SAWANGAN, KOMBI, MINAHASA, SULAWESI UTARA",2,132,23,155
https://kawalpemilu.org#66012,"KOLONGAN, KOMBI, MINAHASA, SULAWESI UTARA",1,171,25,196
https://kawalpemilu.org#66012,"KOLONGAN, KOMBI, MINAHASA, SULAWESI UTARA",2,187,0,187
https://kawalpemilu.org#66012,"KOLONGAN, KOMBI, MINAHASA, SULAWESI UTARA",3,162,22,184
https://kawalpemilu.org#66012,"KOLONGAN, KOMBI, MINAHASA, SULAWESI UTARA",4,126,38,164
https://kawalpemilu.org#66013,"RERER, KOMBI, MINAHASA, SULAWESI UTARA",1,207,25,232
https://kawalpemilu.org#66013,"RERER, KOMBI, MINAHASA, SULAWESI UTARA",2,213,29,242
https://kawalpemilu.org#66013,"RERER, KOMBI, MINAHASA, SULAWESI UTARA",3,196,25,221
https://kawalpemilu.org#66014,"KINALEOSAN, KOMBI, MINAHASA, SULAWESI UTARA",1,139,31,170
https://kawalpemilu.org#66014,"KINALEOSAN, KOMBI, MINAHASA, SULAWESI UTARA",2,143,37,180
https://kawalpemilu.org#66014,"KINALEOSAN, KOMBI, MINAHASA, SULAWESI UTARA",3,142,27,169
https://kawalpemilu.org#66015,"MAKALISUNG, KOMBI, MINAHASA, SULAWESI UTARA",2,153,24,177
https://kawalpemilu.org#66016,"KALAWIRAN, KOMBI, MINAHASA, SULAWESI UTARA",1,195,40,235
https://kawalpemilu.org#88663,"KOLONGAN I, KOMBI, MINAHASA, SULAWESI UTARA",1,172,20,192
https://kawalpemilu.org#88663,"KOLONGAN I, KOMBI, MINAHASA, SULAWESI UTARA",2,174,41,215
https://kawalpemilu.org#88663,"KOLONGAN I, KOMBI, MINAHASA, SULAWESI UTARA",3,148,19,167
https://kawalpemilu.org#88663,"KOLONGAN I, KOMBI, MINAHASA, SULAWESI UTARA",4,152,28,180
https://kawalpemilu.org#88664,"RERER I, KOMBI, MINAHASA, SULAWESI UTARA",1,197,6,203
https://kawalpemilu.org#88664,"RERER I, KOMBI, MINAHASA, SULAWESI UTARA",2,174,15,189
https://kawalpemilu.org#88664,"RERER I, KOMBI, MINAHASA, SULAWESI UTARA",3,174,21,195
https://kawalpemilu.org#66018,"KAPATARAN, LEMBEAN TIMUR, MINAHASA, SULAWESI UTARA",1,131,55,186
https://kawalpemilu.org#66018,"KAPATARAN, LEMBEAN TIMUR, MINAHASA, SULAWESI UTARA",2,169,32,201
https://kawalpemilu.org#66018,"KAPATARAN, LEMBEAN TIMUR, MINAHASA, SULAWESI UTARA",3,129,43,172
https://kawalpemilu.org#66019,"SERETAN, LEMBEAN TIMUR, MINAHASA, SULAWESI UTARA",1,132,59,191
https://kawalpemilu.org#66019,"SERETAN, LEMBEAN TIMUR, MINAHASA, SULAWESI UTARA",2,164,39,203
https://kawalpemilu.org#66019,"SERETAN, LEMBEAN TIMUR, MINAHASA, SULAWESI UTARA",3,136,52,188
https://kawalpemilu.org#66019,"SERETAN, LEMBEAN TIMUR, MINAHASA, SULAWESI UTARA",4,152,46,198
https://kawalpemilu.org#66020,"ATEP OKI, LEMBEAN TIMUR, MINAHASA, SULAWESI UTARA",1,124,25,149
https://kawalpemilu.org#66021,"KAROR, LEMBEAN TIMUR, MINAHASA, SULAWESI UTARA",1,195,51,246
https://kawalpemilu.org#66021,"KAROR, LEMBEAN TIMUR, MINAHASA, SULAWESI UTARA",2,201,38,239
https://kawalpemilu.org#66021,"KAROR, LEMBEAN TIMUR, MINAHASA, SULAWESI UTARA",3,177,52,229
https://kawalpemilu.org#66021,"KAROR, LEMBEAN TIMUR, MINAHASA, SULAWESI UTARA",4,24,9,33
https://kawalpemilu.org#66022,"KALEOSAN, LEMBEAN TIMUR, MINAHASA, SULAWESI UTARA",1,155,26,181
https://kawalpemilu.org#66022,"KALEOSAN, LEMBEAN TIMUR, MINAHASA, SULAWESI UTARA",2,149,43,192
https://kawalpemilu.org#66023,"WATULANEY, LEMBEAN TIMUR, MINAHASA, SULAWESI UTARA",1,183,30,213
https://kawalpemilu.org#66023,"WATULANEY, LEMBEAN TIMUR, MINAHASA, SULAWESI UTARA",2,186,18,204
https://kawalpemilu.org#66023,"WATULANEY, LEMBEAN TIMUR, MINAHASA, SULAWESI UTARA",3,181,35,216
https://kawalpemilu.org#66024,"KAYUROYA, LEMBEAN TIMUR, MINAHASA, SULAWESI UTARA",1,145,52,197
https://kawalpemilu.org#66024,"KAYUROYA, LEMBEAN TIMUR, MINAHASA, SULAWESI UTARA",2,165,55,220
https://kawalpemilu.org#88667,"SERETAN TIMUR, LEMBEAN TIMUR, MINAHASA, SULAWESI UTARA",1,145,50,195
https://kawalpemilu.org#88667,"SERETAN TIMUR, LEMBEAN TIMUR, MINAHASA, SULAWESI UTARA",2,156,31,187
https://kawalpemilu.org#88667,"SERETAN TIMUR, LEMBEAN TIMUR, MINAHASA, SULAWESI UTARA",3,116,57,173
https://kawalpemilu.org#88668,"PARENTEK, LEMBEAN TIMUR, MINAHASA, SULAWESI UTARA",1,143,9,152
https://kawalpemilu.org#88670,"KAPATARAN SATU, LEMBEAN TIMUR, MINAHASA, SULAWESI UTARA",1,131,55,186
https://kawalpemilu.org#88670,"KAPATARAN SATU, LEMBEAN TIMUR, MINAHASA, SULAWESI UTARA",2,200,21,221
https://kawalpemilu.org#88670,"KAPATARAN SATU, LEMBEAN TIMUR, MINAHASA, SULAWESI UTARA",3,188,24,212
https://kawalpemilu.org#88670,"KAPATARAN SATU, LEMBEAN TIMUR, MINAHASA, SULAWESI UTARA",4,194,13,207
https://kawalpemilu.org#88671,"WATULANEY AMIAN, LEMBEAN TIMUR, MINAHASA, SULAWESI UTARA",1,199,43,242
https://kawalpemilu.org#88671,"WATULANEY AMIAN, LEMBEAN TIMUR, MINAHASA, SULAWESI UTARA",2,169,56,225
https://kawalpemilu.org#66028,"KAYUWATU, KAKAS, MINAHASA, SULAWESI UTARA",1,146,39,185
https://kawalpemilu.org#66028,"KAYUWATU, KAKAS, MINAHASA, SULAWESI UTARA",2,147,49,196
https://kawalpemilu.org#66028,"KAYUWATU, KAKAS, MINAHASA, SULAWESI UTARA",3,145,48,193
https://kawalpemilu.org#66028,"KAYUWATU, KAKAS, MINAHASA, SULAWESI UTARA",4,141,49,190
https://kawalpemilu.org#66029,"WINERU, KAKAS, MINAHASA, SULAWESI UTARA",1,124,14,138
https://kawalpemilu.org#66029,"WINERU, KAKAS, MINAHASA, SULAWESI UTARA",2,128,40,168
https://kawalpemilu.org#66030,"RINONDOR, KAKAS, MINAHASA, SULAWESI UTARA",1,129,10,139
https://kawalpemilu.org#66030,"RINONDOR, KAKAS, MINAHASA, SULAWESI UTARA",2,130,13,143
https://kawalpemilu.org#66031,"SENDANGAN, KAKAS, MINAHASA, SULAWESI UTARA",1,228,22,250
https://kawalpemilu.org#66031,"SENDANGAN, KAKAS, MINAHASA, SULAWESI UTARA",2,242,12,254
https://kawalpemilu.org#66031,"SENDANGAN, KAKAS, MINAHASA, SULAWESI UTARA",3,233,10,243
https://kawalpemilu.org#66031,"SENDANGAN, KAKAS, MINAHASA, SULAWESI UTARA",4,235,13,248
https://kawalpemilu.org#66031,"SENDANGAN, KAKAS, MINAHASA, SULAWESI UTARA",5,238,12,250
https://kawalpemilu.org#66040,"PAHALETEN, KAKAS, MINAHASA, SULAWESI UTARA",1,203,25,228
https://kawalpemilu.org#66040,"PAHALETEN, KAKAS, MINAHASA, SULAWESI UTARA",2,212,18,230
https://kawalpemilu.org#66042,"TOUNELET, KAKAS, MINAHASA, SULAWESI UTARA",1,190,10,200
https://kawalpemilu.org#66042,"TOUNELET, KAKAS, MINAHASA, SULAWESI UTARA",2,187,16,203
https://kawalpemilu.org#66042,"TOUNELET, KAKAS, MINAHASA, SULAWESI UTARA",3,174,24,198
https://kawalpemilu.org#66042,"TOUNELET, KAKAS, MINAHASA, SULAWESI UTARA",4,190,25,215
https://kawalpemilu.org#66042,"TOUNELET, KAKAS, MINAHASA, SULAWESI UTARA",5,191,21,212
https://kawalpemilu.org#66042,"TOUNELET, KAKAS, MINAHASA, SULAWESI UTARA",6,47,5,52
https://kawalpemilu.org#66043,"PASLATEN, KAKAS, MINAHASA, SULAWESI UTARA",1,214,30,244
https://kawalpemilu.org#66043,"PASLATEN, KAKAS, MINAHASA, SULAWESI UTARA",2,223,35,258
https://kawalpemilu.org#66043,"PASLATEN, KAKAS, MINAHASA, SULAWESI UTARA",3,236,25,261
https://kawalpemilu.org#66043,"PASLATEN, KAKAS, MINAHASA, SULAWESI UTARA",4,209,25,234
https://kawalpemilu.org#66043,"PASLATEN, KAKAS, MINAHASA, SULAWESI UTARA",5,243,18,261
https://kawalpemilu.org#66044,"KAWENG, KAKAS, MINAHASA, SULAWESI UTARA",1,202,29,231
https://kawalpemilu.org#66044,"KAWENG, KAKAS, MINAHASA, SULAWESI UTARA",2,228,19,247
https://kawalpemilu.org#66044,"KAWENG, KAKAS, MINAHASA, SULAWESI UTARA",3,225,18,243
https://kawalpemilu.org#66044,"KAWENG, KAKAS, MINAHASA, SULAWESI UTARA",4,228,17,245
https://kawalpemilu.org#66044,"KAWENG, KAKAS, MINAHASA, SULAWESI UTARA",5,213,31,244
https://kawalpemilu.org#66045,"TOULIMEMBET, KAKAS, MINAHASA, SULAWESI UTARA",1,204,50,254
https://kawalpemilu.org#66045,"TOULIMEMBET, KAKAS, MINAHASA, SULAWESI UTARA",2,204,39,243
https://kawalpemilu.org#66045,"TOULIMEMBET, KAKAS, MINAHASA, SULAWESI UTARA",3,197,41,238
https://kawalpemilu.org#66102,"TALIKURAN, KAKAS, MINAHASA, SULAWESI UTARA",2,147,12,159
https://kawalpemilu.org#88684,"MAKALELON, KAKAS, MINAHASA, SULAWESI UTARA",1,135,42,177
https://kawalpemilu.org#88686,"MAHEMBANG, KAKAS, MINAHASA, SULAWESI UTARA",1,112,42,154
https://kawalpemilu.org#66050,"TEMBER, TOMPASO, MINAHASA, SULAWESI UTARA",1,172,35,222
https://kawalpemilu.org#66050,"TEMBER, TOMPASO, MINAHASA, SULAWESI UTARA",2,197,17,214
https://kawalpemilu.org#66051,"KAMANGA, TOMPASO, MINAHASA, SULAWESI UTARA",1,247,18,265
https://kawalpemilu.org#66051,"KAMANGA, TOMPASO, MINAHASA, SULAWESI UTARA",2,255,18,273
https://kawalpemilu.org#66051,"KAMANGA, TOMPASO, MINAHASA, SULAWESI UTARA",3,269,13,282
https://kawalpemilu.org#66052,"SENDANGAN, TOMPASO, MINAHASA, SULAWESI UTARA",1,136,12,148
https://kawalpemilu.org#66052,"SENDANGAN, TOMPASO, MINAHASA, SULAWESI UTARA",2,136,14,150
https://kawalpemilu.org#66053,"TALIKURAN, TOMPASO, MINAHASA, SULAWESI UTARA",1,170,3,173
https://kawalpemilu.org#66053,"TALIKURAN, TOMPASO, MINAHASA, SULAWESI UTARA",2,184,12,196
https://kawalpemilu.org#66055,"TEMPOK, TOMPASO, MINAHASA, SULAWESI UTARA",1,279,2,281
https://kawalpemilu.org#66055,"TEMPOK, TOMPASO, MINAHASA, SULAWESI UTARA",2,273,5,278
https://kawalpemilu.org#66056,"LIBA, TOMPASO, MINAHASA, SULAWESI UTARA",1,254,10,264
https://kawalpemilu.org#66056,"LIBA, TOMPASO, MINAHASA, SULAWESI UTARA",2,267,15,282
https://kawalpemilu.org#66057,"TOLOK, TOMPASO, MINAHASA, SULAWESI UTARA",1,232,11,243
https://kawalpemilu.org#66057,"TOLOK, TOMPASO, MINAHASA, SULAWESI UTARA",2,234,9,243
https://kawalpemilu.org#88689,"KAMANGA DUA, TOMPASO, MINAHASA, SULAWESI UTARA",1,214,11,225
https://kawalpemilu.org#88689,"KAMANGA DUA, TOMPASO, MINAHASA, SULAWESI UTARA",2,207,13,220
https://kawalpemilu.org#88689,"KAMANGA DUA, TOMPASO, MINAHASA, SULAWESI UTARA",3,180,16,196
https://kawalpemilu.org#88689,"KAMANGA DUA, TOMPASO, MINAHASA, SULAWESI UTARA",4,189,8,197
https://kawalpemilu.org#88690,"TEMPOK SELATAN, TOMPASO, MINAHASA, SULAWESI UTARA",1,164,8,172
https://kawalpemilu.org#88690,"TEMPOK SELATAN, TOMPASO, MINAHASA, SULAWESI UTARA",2,186,3,189
https://kawalpemilu.org#88691,"TOLOK SATU, TOMPASO, MINAHASA, SULAWESI UTARA",1,204,7,211
https://kawalpemilu.org#88691,"TOLOK SATU, TOMPASO, MINAHASA, SULAWESI UTARA",2,196,10,206
https://kawalpemilu.org#66059,"KASURATAN, REMBOKEN, MINAHASA, SULAWESI UTARA",1,218,13,231
https://kawalpemilu.org#66059,"KASURATAN, REMBOKEN, MINAHASA, SULAWESI UTARA",2,203,11,214
https://kawalpemilu.org#66059,"KASURATAN, REMBOKEN, MINAHASA, SULAWESI UTARA",3,207,14,221
https://kawalpemilu.org#66059,"KASURATAN, REMBOKEN, MINAHASA, SULAWESI UTARA",4,215,9,224
https://kawalpemilu.org#66060,"PAREPEI, REMBOKEN, MINAHASA, SULAWESI UTARA",1,241,23,264
https://kawalpemilu.org#66060,"PAREPEI, REMBOKEN, MINAHASA, SULAWESI UTARA",2,233,17,250
https://kawalpemilu.org#66060,"PAREPEI, REMBOKEN, MINAHASA, SULAWESI UTARA",3,237,21,258
https://kawalpemilu.org#66060,"PAREPEI, REMBOKEN, MINAHASA, SULAWESI UTARA",4,232,24,256
https://kawalpemilu.org#66061,"PULUTAN, REMBOKEN, MINAHASA, SULAWESI UTARA",1,221,8,229
https://kawalpemilu.org#66061,"PULUTAN, REMBOKEN, MINAHASA, SULAWESI UTARA",2,195,9,204
https://kawalpemilu.org#66061,"PULUTAN, REMBOKEN, MINAHASA, SULAWESI UTARA",3,201,6,207
https://kawalpemilu.org#66062,"SINUIAN, REMBOKEN, MINAHASA, SULAWESI UTARA",1,190,11,201
https://kawalpemilu.org#66062,"SINUIAN, REMBOKEN, MINAHASA, SULAWESI UTARA",2,175,15,190
https://kawalpemilu.org#66062,"SINUIAN, REMBOKEN, MINAHASA, SULAWESI UTARA",3,187,3,190
https://kawalpemilu.org#66062,"SINUIAN, REMBOKEN, MINAHASA, SULAWESI UTARA",4,205,5,210
https://kawalpemilu.org#66063,"KAIMA, REMBOKEN, MINAHASA, SULAWESI UTARA",1,199,37,236
https://kawalpemilu.org#66063,"KAIMA, REMBOKEN, MINAHASA, SULAWESI UTARA",2,187,56,243
https://kawalpemilu.org#66063,"KAIMA, REMBOKEN, MINAHASA, SULAWESI UTARA",3,213,24,237
https://kawalpemilu.org#66064,"SENDANGAN, REMBOKEN, MINAHASA, SULAWESI UTARA",1,215,15,230
https://kawalpemilu.org#66064,"SENDANGAN, REMBOKEN, MINAHASA, SULAWESI UTARA",2,207,28,235
https://kawalpemilu.org#66065,"TIMU, REMBOKEN, MINAHASA, SULAWESI UTARA",1,0,0,0
https://kawalpemilu.org#66066,"TALIKURAN, REMBOKEN, MINAHASA, SULAWESI UTARA",1,202,17,219
https://kawalpemilu.org#66066,"TALIKURAN, REMBOKEN, MINAHASA, SULAWESI UTARA",2,198,17,215
https://kawalpemilu.org#66066,"TALIKURAN, REMBOKEN, MINAHASA, SULAWESI UTARA",3,194,17,211
https://kawalpemilu.org#66066,"TALIKURAN, REMBOKEN, MINAHASA, SULAWESI UTARA",4,195,14,209
https://kawalpemilu.org#66067,"TAMPUSU, REMBOKEN, MINAHASA, SULAWESI UTARA",1,231,10,241
https://kawalpemilu.org#66067,"TAMPUSU, REMBOKEN, MINAHASA, SULAWESI UTARA",2,75,71,146
https://kawalpemilu.org#66068,"PASLATEN, REMBOKEN, MINAHASA, SULAWESI UTARA",1,136,41,177
https://kawalpemilu.org#66068,"PASLATEN, REMBOKEN, MINAHASA, SULAWESI UTARA",2,157,16,173
https://kawalpemilu.org#66068,"PASLATEN, REMBOKEN, MINAHASA, SULAWESI UTARA",3,175,8,183
https://kawalpemilu.org#66069,"LELEKO, REMBOKEN, MINAHASA, SULAWESI UTARA",1,171,34,205
https://kawalpemilu.org#66069,"LELEKO, REMBOKEN, MINAHASA, SULAWESI UTARA",2,197,17,214
https://kawalpemilu.org#66069,"LELEKO, REMBOKEN, MINAHASA, SULAWESI UTARA",3,188,23,211
https://kawalpemilu.org#66069,"LELEKO, REMBOKEN, MINAHASA, SULAWESI UTARA",4,214,16,230
https://kawalpemilu.org#66069,"LELEKO, REMBOKEN, MINAHASA, SULAWESI UTARA",5,206,30,236
https://kawalpemilu.org#66071,"TEEP, LANGOWAN TIMUR, MINAHASA, SULAWESI UTARA",1,258,14,272
https://kawalpemilu.org#66071,"TEEP, LANGOWAN TIMUR, MINAHASA, SULAWESI UTARA",2,260,20,280
https://kawalpemilu.org#66071,"TEEP, LANGOWAN TIMUR, MINAHASA, SULAWESI UTARA",3,274,7,281
https://kawalpemilu.org#66071,"TEEP, LANGOWAN TIMUR, MINAHASA, SULAWESI UTARA",4,257,15,272
https://kawalpemilu.org#66072,"KARONDORAN, LANGOWAN TIMUR, MINAHASA, SULAWESI UTARA",1,220,5,225
https://kawalpemilu.org#66072,"KARONDORAN, LANGOWAN TIMUR, MINAHASA, SULAWESI UTARA",2,212,3,215
https://kawalpemilu.org#66072,"KARONDORAN, LANGOWAN TIMUR, MINAHASA, SULAWESI UTARA",3,204,11,215
https://kawalpemilu.org#66072,"KARONDORAN, LANGOWAN TIMUR, MINAHASA, SULAWESI UTARA",4,194,17,211
https://kawalpemilu.org#66073,"WALEURE, LANGOWAN TIMUR, MINAHASA, SULAWESI UTARA",1,176,29,205
https://kawalpemilu.org#66073,"WALEURE, LANGOWAN TIMUR, MINAHASA, SULAWESI UTARA",2,172,38,210
https://kawalpemilu.org#66073,"WALEURE, LANGOWAN TIMUR, MINAHASA, SULAWESI UTARA",3,164,31,195
https://kawalpemilu.org#66073,"WALEURE, LANGOWAN TIMUR, MINAHASA, SULAWESI UTARA",4,227,36,263
https://kawalpemilu.org#66073,"WALEURE, LANGOWAN TIMUR, MINAHASA, SULAWESI UTARA",5,129,63,192
https://kawalpemilu.org#66073,"WALEURE, LANGOWAN TIMUR, MINAHASA, SULAWESI UTARA",6,142,68,210
https://kawalpemilu.org#66073,"WALEURE, LANGOWAN TIMUR, MINAHASA, SULAWESI UTARA",7,135,74,209
https://kawalpemilu.org#66073,"WALEURE, LANGOWAN TIMUR, MINAHASA, SULAWESI UTARA",8,130,62,192
https://kawalpemilu.org#66074,"AMONGENA I, LANGOWAN TIMUR, MINAHASA, SULAWESI UTARA",1,186,65,251
https://kawalpemilu.org#66074,"AMONGENA I, LANGOWAN TIMUR, MINAHASA, SULAWESI UTARA",2,178,68,246
https://kawalpemilu.org#66074,"AMONGENA I, LANGOWAN TIMUR, MINAHASA, SULAWESI UTARA",3,229,25,254
https://kawalpemilu.org#66074,"AMONGENA I, LANGOWAN TIMUR, MINAHASA, SULAWESI UTARA",4,199,32,231
https://kawalpemilu.org#66075,"AMONGENA II, LANGOWAN TIMUR, MINAHASA, SULAWESI UTARA",1,212,20,232
https://kawalpemilu.org#66075,"AMONGENA II, LANGOWAN TIMUR, MINAHASA, SULAWESI UTARA",2,212,20,232
https://kawalpemilu.org#66075,"AMONGENA II, LANGOWAN TIMUR, MINAHASA, SULAWESI UTARA",3,173,34,207
https://kawalpemilu.org#66075,"AMONGENA II, LANGOWAN TIMUR, MINAHASA, SULAWESI UTARA",4,152,34,188
https://kawalpemilu.org#66076,"SUMARAYAR, LANGOWAN TIMUR, MINAHASA, SULAWESI UTARA",1,254,20,274
https://kawalpemilu.org#66076,"SUMARAYAR, LANGOWAN TIMUR, MINAHASA, SULAWESI UTARA",2,217,16,233
https://kawalpemilu.org#66076,"SUMARAYAR, LANGOWAN TIMUR, MINAHASA, SULAWESI UTARA",3,249,24,273
https://kawalpemilu.org#66076,"SUMARAYAR, LANGOWAN TIMUR, MINAHASA, SULAWESI UTARA",4,228,15,243
https://kawalpemilu.org#66077,"WOLAANG, LANGOWAN TIMUR, MINAHASA, SULAWESI UTARA",1,203,15,218
https://kawalpemilu.org#66077,"WOLAANG, LANGOWAN TIMUR, MINAHASA, SULAWESI UTARA",2,208,17,225
https://kawalpemilu.org#66077,"WOLAANG, LANGOWAN TIMUR, MINAHASA, SULAWESI UTARA",3,186,21,207
https://kawalpemilu.org#66077,"WOLAANG, LANGOWAN TIMUR, MINAHASA, SULAWESI UTARA",4,246,17,263
https://kawalpemilu.org#66077,"WOLAANG, LANGOWAN TIMUR, MINAHASA, SULAWESI UTARA",5,197,12,209
https://kawalpemilu.org#66077,"WOLAANG, LANGOWAN TIMUR, MINAHASA, SULAWESI UTARA",6,204,21,225
https://kawalpemilu.org#66077,"WOLAANG, LANGOWAN TIMUR, MINAHASA, SULAWESI UTARA",7,198,22,220
https://kawalpemilu.org#88692,"AMONGENA TIGA, LANGOWAN TIMUR, MINAHASA, SULAWESI UTARA",1,215,23,238
https://kawalpemilu.org#88692,"AMONGENA TIGA, LANGOWAN TIMUR, MINAHASA, SULAWESI UTARA",2,241,21,262
https://kawalpemilu.org#88692,"AMONGENA TIGA, LANGOWAN TIMUR, MINAHASA, SULAWESI UTARA",3,148,43,191
https://kawalpemilu.org#66079,"KOYAWAS, LANGOWAN BARAT, MINAHASA, SULAWESI UTARA",1,142,14,156
https://kawalpemilu.org#66079,"KOYAWAS, LANGOWAN BARAT, MINAHASA, SULAWESI UTARA",2,136,13,149
https://kawalpemilu.org#66080,"WALEWANGKO, LANGOWAN BARAT, MINAHASA, SULAWESI UTARA",1,247,11,258
https://kawalpemilu.org#66080,"WALEWANGKO, LANGOWAN BARAT, MINAHASA, SULAWESI UTARA",2,234,14,248
https://kawalpemilu.org#66080,"WALEWANGKO, LANGOWAN BARAT, MINAHASA, SULAWESI UTARA",3,235,9,244
https://kawalpemilu.org#66080,"WALEWANGKO, LANGOWAN BARAT, MINAHASA, SULAWESI UTARA",4,220,9,229
https://kawalpemilu.org#66081,"NOONGAN, LANGOWAN BARAT, MINAHASA, SULAWESI UTARA",1,180,14,194
https://kawalpemilu.org#66081,"NOONGAN, LANGOWAN BARAT, MINAHASA, SULAWESI UTARA",2,192,15,207
https://kawalpemilu.org#66081,"NOONGAN, LANGOWAN BARAT, MINAHASA, SULAWESI UTARA",3,170,14,184
https://kawalpemilu.org#66082,"RARINGIS, LANGOWAN BARAT, MINAHASA, SULAWESI UTARA",1,196,31,227
https://kawalpemilu.org#66082,"RARINGIS, LANGOWAN BARAT, MINAHASA, SULAWESI UTARA",2,226,23,249
https://kawalpemilu.org#66082,"RARINGIS, LANGOWAN BARAT, MINAHASA, SULAWESI UTARA",3,209,33,242
https://kawalpemilu.org#66083,"AMPRENG, LANGOWAN BARAT, MINAHASA, SULAWESI UTARA",1,243,37,280
https://kawalpemilu.org#66083,"AMPRENG, LANGOWAN BARAT, MINAHASA, SULAWESI UTARA",2,272,13,285
https://kawalpemilu.org#66083,"AMPRENG, LANGOWAN BARAT, MINAHASA, SULAWESI UTARA",3,253,24,277
https://kawalpemilu.org#66083,"AMPRENG, LANGOWAN BARAT, MINAHASA, SULAWESI UTARA",4,242,29,271
https://kawalpemilu.org#66084,"TUMARATAS, LANGOWAN BARAT, MINAHASA, SULAWESI UTARA",1,248,9,257
https://kawalpemilu.org#66084,"TUMARATAS, LANGOWAN BARAT, MINAHASA, SULAWESI UTARA",2,233,27,260
https://kawalpemilu.org#66084,"TUMARATAS, LANGOWAN BARAT, MINAHASA, SULAWESI UTARA",3,244,18,262
https://kawalpemilu.org#66084,"TUMARATAS, LANGOWAN BARAT, MINAHASA, SULAWESI UTARA",4,235,20,255
https://kawalpemilu.org#66084,"TUMARATAS, LANGOWAN BARAT, MINAHASA, SULAWESI UTARA",5,248,14,262
https://kawalpemilu.org#66085,"PASLATEN, LANGOWAN BARAT, MINAHASA, SULAWESI UTARA",1,185,22,207
https://kawalpemilu.org#66085,"PASLATEN, LANGOWAN BARAT, MINAHASA, SULAWESI UTARA",2,185,14,199
https://kawalpemilu.org#66085,"PASLATEN, LANGOWAN BARAT, MINAHASA, SULAWESI UTARA",3,181,19,200
https://kawalpemilu.org#66086,"LOWIAN, LANGOWAN BARAT, MINAHASA, SULAWESI UTARA",1,136,18,154
https://kawalpemilu.org#66086,"LOWIAN, LANGOWAN BARAT, MINAHASA, SULAWESI UTARA",2,130,25,155
https://kawalpemilu.org#66087,"TOUNELET, LANGOWAN BARAT, MINAHASA, SULAWESI UTARA",1,189,35,224
https://kawalpemilu.org#66087,"TOUNELET, LANGOWAN BARAT, MINAHASA, SULAWESI UTARA",2,207,24,231
https://kawalpemilu.org#66087,"TOUNELET, LANGOWAN BARAT, MINAHASA, SULAWESI UTARA",3,205,20,225
https://kawalpemilu.org#66087,"TOUNELET, LANGOWAN BARAT, MINAHASA, SULAWESI UTARA",4,193,23,216
https://kawalpemilu.org#66088,"KOPIWANGKER, LANGOWAN BARAT, MINAHASA, SULAWESI UTARA",1,234,16,250
https://kawalpemilu.org#66088,"KOPIWANGKER, LANGOWAN BARAT, MINAHASA, SULAWESI UTARA",2,241,4,245
https://kawalpemilu.org#66088,"KOPIWANGKER, LANGOWAN BARAT, MINAHASA, SULAWESI UTARA",3,239,6,245
https://kawalpemilu.org#88693,"NOONGAN DUA, LANGOWAN BARAT, MINAHASA, SULAWESI UTARA",1,204,11,215
https://kawalpemilu.org#88693,"NOONGAN DUA, LANGOWAN BARAT, MINAHASA, SULAWESI UTARA",2,194,10,204
https://kawalpemilu.org#88693,"NOONGAN DUA, LANGOWAN BARAT, MINAHASA, SULAWESI UTARA",3,190,12,202
https://kawalpemilu.org#88694,"NOONGAN TIGA, LANGOWAN BARAT, MINAHASA, SULAWESI UTARA",3,170,10,183
https://kawalpemilu.org#88695,"TUMARATAS DUA, LANGOWAN BARAT, MINAHASA, SULAWESI UTARA",1,232,2,234
https://kawalpemilu.org#88695,"TUMARATAS DUA, LANGOWAN BARAT, MINAHASA, SULAWESI UTARA",2,233,27,260
https://kawalpemilu.org#88695,"TUMARATAS DUA, LANGOWAN BARAT, MINAHASA, SULAWESI UTARA",3,221,8,229
https://kawalpemilu.org#88695,"TUMARATAS DUA, LANGOWAN BARAT, MINAHASA, SULAWESI UTARA",4,218,7,225
https://kawalpemilu.org#88695,"TUMARATAS DUA, LANGOWAN BARAT, MINAHASA, SULAWESI UTARA",5,216,9,225
https://kawalpemilu.org#88791,"RARANON, LANGOWAN BARAT, MINAHASA, SULAWESI UTARA",1,247,3,250
https://kawalpemilu.org#88793,"RARINGIS UTARA, LANGOWAN BARAT, MINAHASA, SULAWESI UTARA",1,190,13,203
https://kawalpemilu.org#88793,"RARINGIS UTARA, LANGOWAN BARAT, MINAHASA, SULAWESI UTARA",2,194,14,208
https://kawalpemilu.org#88793,"RARINGIS UTARA, LANGOWAN BARAT, MINAHASA, SULAWESI UTARA",3,171,20,191
https://kawalpemilu.org#88796,"RARINGIS SELATAN, LANGOWAN BARAT, MINAHASA, SULAWESI UTARA",1,215,49,264
https://kawalpemilu.org#88796,"RARINGIS SELATAN, LANGOWAN BARAT, MINAHASA, SULAWESI UTARA",2,228,43,271
https://kawalpemilu.org#66090,"LEILEM, SONDER, MINAHASA, SULAWESI UTARA",1,230,3,233
https://kawalpemilu.org#66090,"LEILEM, SONDER, MINAHASA, SULAWESI UTARA",2,210,7,217
https://kawalpemilu.org#66090,"LEILEM, SONDER, MINAHASA, SULAWESI UTARA",3,223,3,226
https://kawalpemilu.org#66090,"LEILEM, SONDER, MINAHASA, SULAWESI UTARA",4,216,5,221
https://kawalpemilu.org#66091,"KOLONGAN ATAS, SONDER, MINAHASA, SULAWESI UTARA",1,198,15,213
https://kawalpemilu.org#66091,"KOLONGAN ATAS, SONDER, MINAHASA, SULAWESI UTARA",2,192,12,204
https://kawalpemilu.org#66091,"KOLONGAN ATAS, SONDER, MINAHASA, SULAWESI UTARA",3,172,13,185
https://kawalpemilu.org#66091,"KOLONGAN ATAS, SONDER, MINAHASA, SULAWESI UTARA",4,182,8,190
https://kawalpemilu.org#66092,"TOUNELET, SONDER, MINAHASA, SULAWESI UTARA",1,227,7,234
https://kawalpemilu.org#66092,"TOUNELET, SONDER, MINAHASA, SULAWESI UTARA",2,227,9,236
https://kawalpemilu.org#66092,"TOUNELET, SONDER, MINAHASA, SULAWESI UTARA",3,225,7,232
https://kawalpemilu.org#66093,"TALIKURAN, SONDER, MINAHASA, SULAWESI UTARA",1,166,2,168
https://kawalpemilu.org#66093,"TALIKURAN, SONDER, MINAHASA, SULAWESI UTARA",2,151,7,158
https://kawalpemilu.org#66094,"KAUNERAN, SONDER, MINAHASA, SULAWESI UTARA",1,185,18,203
https://kawalpemilu.org#66094,"KAUNERAN, SONDER, MINAHASA, SULAWESI UTARA",2,192,6,198
https://kawalpemilu.org#66094,"KAUNERAN, SONDER, MINAHASA, SULAWESI UTARA",3,213,28,231
https://kawalpemilu.org#66094,"KAUNERAN, SONDER, MINAHASA, SULAWESI UTARA",4,209,14,223
https://kawalpemilu.org#66095,"SENDANGAN, SONDER, MINAHASA, SULAWESI UTARA",1,179,10,189
https://kawalpemilu.org#66095,"SENDANGAN, SONDER, MINAHASA, SULAWESI UTARA",2,177,12,189
https://kawalpemilu.org#66095,"SENDANGAN, SONDER, MINAHASA, SULAWESI UTARA",3,157,10,167
https://kawalpemilu.org#66096,"RAMBUNAN, SONDER, MINAHASA, SULAWESI UTARA",1,205,27,232
https://kawalpemilu.org#66096,"RAMBUNAN, SONDER, MINAHASA, SULAWESI UTARA",2,216,6,221
https://kawalpemilu.org#66097,"SAWANGAN, SONDER, MINAHASA, SULAWESI UTARA",1,164,39,203
https://kawalpemilu.org#66097,"SAWANGAN, SONDER, MINAHASA, SULAWESI UTARA",2,165,44,209
https://kawalpemilu.org#66098,"TINCEP, SONDER, MINAHASA, SULAWESI UTARA",1,230,13,243
https://kawalpemilu.org#66098,"TINCEP, SONDER, MINAHASA, SULAWESI UTARA",2,202,31,233
https://kawalpemilu.org#66098,"TINCEP, SONDER, MINAHASA, SULAWESI UTARA",3,225,22,247
https://kawalpemilu.org#66098,"TINCEP, SONDER, MINAHASA, SULAWESI UTARA",4,229,18,247
https://kawalpemilu.org#66098,"TINCEP, SONDER, MINAHASA, SULAWESI UTARA",5,215,21,236
https://kawalpemilu.org#66099,"TIMBUKAR, SONDER, MINAHASA, SULAWESI UTARA",1,205,34,239
https://kawalpemilu.org#66099,"TIMBUKAR, SONDER, MINAHASA, SULAWESI UTARA",2,208,24,232
https://kawalpemilu.org#66099,"TIMBUKAR, SONDER, MINAHASA, SULAWESI UTARA",3,221,22,243
https://kawalpemilu.org#88804,"LEILEM DUA, SONDER, MINAHASA, SULAWESI UTARA",1,219,6,225
https://kawalpemilu.org#88804,"LEILEM DUA, SONDER, MINAHASA, SULAWESI UTARA",2,204,12,216
https://kawalpemilu.org#88804,"LEILEM DUA, SONDER, MINAHASA, SULAWESI UTARA",3,239,1,240
https://kawalpemilu.org#88805,"LEILEM TIGA, SONDER, MINAHASA, SULAWESI UTARA",1,203,8,211
https://kawalpemilu.org#88805,"LEILEM TIGA, SONDER, MINAHASA, SULAWESI UTARA",2,197,0,197
https://kawalpemilu.org#88805,"LEILEM TIGA, SONDER, MINAHASA, SULAWESI UTARA",3,187,6,193
https://kawalpemilu.org#88805,"LEILEM TIGA, SONDER, MINAHASA, SULAWESI UTARA",4,187,2,189
https://kawalpemilu.org#88807,"KOLONGAN ATAS DUA, SONDER, MINAHASA, SULAWESI UTARA",1,203,14,217
https://kawalpemilu.org#88807,"KOLONGAN ATAS DUA, SONDER, MINAHASA, SULAWESI UTARA",2,208,18,226
https://kawalpemilu.org#88807,"KOLONGAN ATAS DUA, SONDER, MINAHASA, SULAWESI UTARA",3,211,17,228
https://kawalpemilu.org#88807,"KOLONGAN ATAS DUA, SONDER, MINAHASA, SULAWESI UTARA",4,216,14,230
https://kawalpemilu.org#88810,"KAUNERAN SATU, SONDER, MINAHASA, SULAWESI UTARA",1,214,18,232
https://kawalpemilu.org#88810,"KAUNERAN SATU, SONDER, MINAHASA, SULAWESI UTARA",2,218,17,235
https://kawalpemilu.org#88810,"KAUNERAN SATU, SONDER, MINAHASA, SULAWESI UTARA",3,222,10,232
https://kawalpemilu.org#88810,"KAUNERAN SATU, SONDER, MINAHASA, SULAWESI UTARA",4,216,5,211
https://kawalpemilu.org#88812,"RAMBUNAN AMIAN, SONDER, MINAHASA, SULAWESI UTARA",1,257,5,262
https://kawalpemilu.org#88812,"RAMBUNAN AMIAN, SONDER, MINAHASA, SULAWESI UTARA",2,241,14,255
https://kawalpemilu.org#88813,"SANDANGAN SATU, SONDER, MINAHASA, SULAWESI UTARA",2,173,10,183
https://kawalpemilu.org#88813,"SANDANGAN SATU, SONDER, MINAHASA, SULAWESI UTARA",4,182,9,191
https://kawalpemilu.org#88814,"TALIKURAN SATU, SONDER, MINAHASA, SULAWESI UTARA",2,232,11,243
https://kawalpemilu.org#88816,"KOTONGAN ATAS SATU, SONDER, MINAHASA, SULAWESI UTARA",1,216,14,230
https://kawalpemilu.org#88816,"KOTONGAN ATAS SATU, SONDER, MINAHASA, SULAWESI UTARA",2,214,16,230
https://kawalpemilu.org#927942,"TOUNELET 1, SONDER, MINAHASA, SULAWESI UTARA",1,221,4,225
https://kawalpemilu.org#927942,"TOUNELET 1, SONDER, MINAHASA, SULAWESI UTARA",2,217,11,228
https://kawalpemilu.org#927942,"TOUNELET 1, SONDER, MINAHASA, SULAWESI UTARA",3,214,6,220
https://kawalpemilu.org#66101,"SENDANGAN, KAWANGKOAN, MINAHASA, SULAWESI UTARA",1,266,9,275
https://kawalpemilu.org#66101,"SENDANGAN, KAWANGKOAN, MINAHASA, SULAWESI UTARA",2,259,15,274
https://kawalpemilu.org#66101,"SENDANGAN, KAWANGKOAN, MINAHASA, SULAWESI UTARA",3,231,14,245
https://kawalpemilu.org#66104,"KINALI, KAWANGKOAN, MINAHASA, SULAWESI UTARA",1,164,54,218
https://kawalpemilu.org#66104,"KINALI, KAWANGKOAN, MINAHASA, SULAWESI UTARA",2,165,44,209
https://kawalpemilu.org#66104,"KINALI, KAWANGKOAN, MINAHASA, SULAWESI UTARA",3,150,58,208
https://kawalpemilu.org#66112,"TONDEGESAN, KAWANGKOAN, MINAHASA, SULAWESI UTARA",1,207,9,216
https://kawalpemilu.org#66112,"TONDEGESAN, KAWANGKOAN, MINAHASA, SULAWESI UTARA",2,207,5,212
https://kawalpemilu.org#66112,"TONDEGESAN, KAWANGKOAN, MINAHASA, SULAWESI UTARA",3,207,14,221
https://kawalpemilu.org#88830,"SENDANGAN SELATAN, KAWANGKOAN, MINAHASA, SULAWESI UTARA",1,271,5,276
https://kawalpemilu.org#88830,"SENDANGAN SELATAN, KAWANGKOAN, MINAHASA, SULAWESI UTARA",2,266,9,275
https://kawalpemilu.org#88830,"SENDANGAN SELATAN, KAWANGKOAN, MINAHASA, SULAWESI UTARA",3,266,15,281
https://kawalpemilu.org#88833,"SENDANGAN TENGAH, KAWANGKOAN, MINAHASA, SULAWESI UTARA",1,249,15,264
https://kawalpemilu.org#88833,"SENDANGAN TENGAH, KAWANGKOAN, MINAHASA, SULAWESI UTARA",2,236,23,259
https://kawalpemilu.org#88833,"SENDANGAN TENGAH, KAWANGKOAN, MINAHASA, SULAWESI UTARA",3,103,46,149
https://kawalpemilu.org#88835,"UNER SATU, KAWANGKOAN, MINAHASA, SULAWESI UTARA",1,216,14,230
https://kawalpemilu.org#88835,"UNER SATU, KAWANGKOAN, MINAHASA, SULAWESI UTARA",2,199,10,209
https://kawalpemilu.org#88835,"UNER SATU, KAWANGKOAN, MINAHASA, SULAWESI UTARA",3,157,18,175
https://kawalpemilu.org#88838,"KINALI SATU, KAWANGKOAN, MINAHASA, SULAWESI UTARA",1,249,18,267
https://kawalpemilu.org#88838,"KINALI SATU, KAWANGKOAN, MINAHASA, SULAWESI UTARA",2,220,42,262
https://kawalpemilu.org#88838,"KINALI SATU, KAWANGKOAN, MINAHASA, SULAWESI UTARA",3,233,38,271
https://kawalpemilu.org#88838,"KINALI SATU, KAWANGKOAN, MINAHASA, SULAWESI UTARA",4,214,22,236
https://kawalpemilu.org#88840,"KANONANG TIGA, KAWANGKOAN, MINAHASA, SULAWESI UTARA",1,177,21,198
https://kawalpemilu.org#88840,"KANONANG TIGA, KAWANGKOAN, MINAHASA, SULAWESI UTARA",2,183,25,208
https://kawalpemilu.org#88840,"KANONANG TIGA, KAWANGKOAN, MINAHASA, SULAWESI UTARA",3,182,18,200
https://kawalpemilu.org#88842,"TONDEGESAN I, KAWANGKOAN, MINAHASA, SULAWESI UTARA",2,204,7,211
https://kawalpemilu.org#88842,"TONDEGESAN I, KAWANGKOAN, MINAHASA, SULAWESI UTARA",3,201,20,221
https://kawalpemilu.org#88845,"TONDEGESAN II, KAWANGKOAN, MINAHASA, SULAWESI UTARA",1,176,15,191
https://kawalpemilu.org#88845,"TONDEGESAN II, KAWANGKOAN, MINAHASA, SULAWESI UTARA",2,173,11,184
https://kawalpemilu.org#88845,"TONDEGESAN II, KAWANGKOAN, MINAHASA, SULAWESI UTARA",3,188,9,197
https://kawalpemilu.org#66115,"PINELENG I, PINELENG, MINAHASA, SULAWESI UTARA",1,197,23,220
https://kawalpemilu.org#66115,"PINELENG I, PINELENG, MINAHASA, SULAWESI UTARA",2,185,37,222
https://kawalpemilu.org#66115,"PINELENG I, PINELENG, MINAHASA, SULAWESI UTARA",3,175,49,224
https://kawalpemilu.org#66115,"PINELENG I, PINELENG, MINAHASA, SULAWESI UTARA",4,108,107,215
https://kawalpemilu.org#66115,"PINELENG I, PINELENG, MINAHASA, SULAWESI UTARA",5,75,162,237
https://kawalpemilu.org#66115,"PINELENG I, PINELENG, MINAHASA, SULAWESI UTARA",6,101,86,188
https://kawalpemilu.org#66115,"PINELENG I, PINELENG, MINAHASA, SULAWESI UTARA",7,168,51,219
https://kawalpemilu.org#66115,"PINELENG I, PINELENG, MINAHASA, SULAWESI UTARA",8,207,25,232
https://kawalpemilu.org#66115,"PINELENG I, PINELENG, MINAHASA, SULAWESI UTARA",9,205,39,244
https://kawalpemilu.org#66116,"PINELENG II, PINELENG, MINAHASA, SULAWESI UTARA",1,171,12,183
https://kawalpemilu.org#66116,"PINELENG II, PINELENG, MINAHASA, SULAWESI UTARA",2,162,27,189
https://kawalpemilu.org#66116,"PINELENG II, PINELENG, MINAHASA, SULAWESI UTARA",3,139,20,159
https://kawalpemilu.org#66116,"PINELENG II, PINELENG, MINAHASA, SULAWESI UTARA",4,170,35,205
https://kawalpemilu.org#66116,"PINELENG II, PINELENG, MINAHASA, SULAWESI UTARA",5,160,15,175
https://kawalpemilu.org#66116,"PINELENG II, PINELENG, MINAHASA, SULAWESI UTARA",6,122,7,129
https://kawalpemilu.org#66116,"PINELENG II, PINELENG, MINAHASA, SULAWESI UTARA",7,149,21,170
https://kawalpemilu.org#66116,"PINELENG II, PINELENG, MINAHASA, SULAWESI UTARA",8,123,33,156
https://kawalpemilu.org#66116,"PINELENG II, PINELENG, MINAHASA, SULAWESI UTARA",9,183,21,204
https://kawalpemilu.org#66116,"PINELENG II, PINELENG, MINAHASA, SULAWESI UTARA",10,138,20,158
https://kawalpemilu.org#66117,"SEA I, PINELENG, MINAHASA, SULAWESI UTARA",1,206,44,250
https://kawalpemilu.org#66117,"SEA I, PINELENG, MINAHASA, SULAWESI UTARA",2,240,26,266
https://kawalpemilu.org#66117,"SEA I, PINELENG, MINAHASA, SULAWESI UTARA",3,211,24,235
https://kawalpemilu.org#66117,"SEA I, PINELENG, MINAHASA, SULAWESI UTARA",4,219,27,246
https://kawalpemilu.org#66117,"SEA I, PINELENG, MINAHASA, SULAWESI UTARA",5,184,55,239
https://kawalpemilu.org#66118,"SEA II, PINELENG, MINAHASA, SULAWESI UTARA",1,200,9,209
https://kawalpemilu.org#66118,"SEA II, PINELENG, MINAHASA, SULAWESI UTARA",2,122,8,130
https://kawalpemilu.org#66118,"SEA II, PINELENG, MINAHASA, SULAWESI UTARA",3,188,7,195
https://kawalpemilu.org#66118,"SEA II, PINELENG, MINAHASA, SULAWESI UTARA",4,133,12,145
https://kawalpemilu.org#66118,"SEA II, PINELENG, MINAHASA, SULAWESI UTARA",5,150,14,164
https://kawalpemilu.org#66119,"WINAGUN ATAS, PINELENG, MINAHASA, SULAWESI UTARA",1,189,20,209
https://kawalpemilu.org#66119,"WINAGUN ATAS, PINELENG, MINAHASA, SULAWESI UTARA",2,171,12,183
https://kawalpemilu.org#66119,"WINAGUN ATAS, PINELENG, MINAHASA, SULAWESI UTARA",3,182,23,205
https://kawalpemilu.org#66119,"WINAGUN ATAS, PINELENG, MINAHASA, SULAWESI UTARA",4,178,21,199
https://kawalpemilu.org#66120,"WAREMBUNGAN, PINELENG, MINAHASA, SULAWESI UTARA",1,225,20,245
https://kawalpemilu.org#66120,"WAREMBUNGAN, PINELENG, MINAHASA, SULAWESI UTARA",2,202,17,219
https://kawalpemilu.org#66120,"WAREMBUNGAN, PINELENG, MINAHASA, SULAWESI UTARA",3,218,16,234
https://kawalpemilu.org#66120,"WAREMBUNGAN, PINELENG, MINAHASA, SULAWESI UTARA",4,187,28,215
https://kawalpemilu.org#66120,"WAREMBUNGAN, PINELENG, MINAHASA, SULAWESI UTARA",5,212,28,240
https://kawalpemilu.org#66120,"WAREMBUNGAN, PINELENG, MINAHASA, SULAWESI UTARA",6,208,20,228
https://kawalpemilu.org#66120,"WAREMBUNGAN, PINELENG, MINAHASA, SULAWESI UTARA",7,201,31,232
https://kawalpemilu.org#66120,"WAREMBUNGAN, PINELENG, MINAHASA, SULAWESI UTARA",8,218,17,235
https://kawalpemilu.org#66120,"WAREMBUNGAN, PINELENG, MINAHASA, SULAWESI UTARA",9,193,15,208
https://kawalpemilu.org#66120,"WAREMBUNGAN, PINELENG, MINAHASA, SULAWESI UTARA",10,181,22,203
https://kawalpemilu.org#66120,"WAREMBUNGAN, PINELENG, MINAHASA, SULAWESI UTARA",12,177,14,191
https://kawalpemilu.org#66120,"WAREMBUNGAN, PINELENG, MINAHASA, SULAWESI UTARA",13,184,5,189
https://kawalpemilu.org#66120,"WAREMBUNGAN, PINELENG, MINAHASA, SULAWESI UTARA",14,158,20,178
https://kawalpemilu.org#66121,"SEA, PINELENG, MINAHASA, SULAWESI UTARA",1,187,13,200
https://kawalpemilu.org#66121,"SEA, PINELENG, MINAHASA, SULAWESI UTARA",2,185,11,196
https://kawalpemilu.org#66121,"SEA, PINELENG, MINAHASA, SULAWESI UTARA",3,168,23,191
https://kawalpemilu.org#66121,"SEA, PINELENG, MINAHASA, SULAWESI UTARA",4,171,28,199
https://kawalpemilu.org#66121,"SEA, PINELENG, MINAHASA, SULAWESI UTARA",5,183,13,196
https://kawalpemilu.org#66121,"SEA, PINELENG, MINAHASA, SULAWESI UTARA",6,171,23,194
https://kawalpemilu.org#66121,"SEA, PINELENG, MINAHASA, SULAWESI UTARA",7,194,7,201
https://kawalpemilu.org#66121,"SEA, PINELENG, MINAHASA, SULAWESI UTARA",8,202,21,223
https://kawalpemilu.org#66121,"SEA, PINELENG, MINAHASA, SULAWESI UTARA",9,169,31,200
https://kawalpemilu.org#66121,"SEA, PINELENG, MINAHASA, SULAWESI UTARA",10,102,58,160
https://kawalpemilu.org#66121,"SEA, PINELENG, MINAHASA, SULAWESI UTARA",11,98,104,202
https://kawalpemilu.org#66121,"SEA, PINELENG, MINAHASA, SULAWESI UTARA",12,68,99,167
https://kawalpemilu.org#66121,"SEA, PINELENG, MINAHASA, SULAWESI UTARA",13,81,78,159
https://kawalpemilu.org#66121,"SEA, PINELENG, MINAHASA, SULAWESI UTARA",14,61,98,159
https://kawalpemilu.org#66121,"SEA, PINELENG, MINAHASA, SULAWESI UTARA",15,105,25,130
https://kawalpemilu.org#66121,"SEA, PINELENG, MINAHASA, SULAWESI UTARA",16,139,48,187
https://kawalpemilu.org#66121,"SEA, PINELENG, MINAHASA, SULAWESI UTARA",17,132,30,162
https://kawalpemilu.org#66121,"SEA, PINELENG, MINAHASA, SULAWESI UTARA",18,124,9,133
https://kawalpemilu.org#66128,"KALI, PINELENG, MINAHASA, SULAWESI UTARA",1,241,14,255
https://kawalpemilu.org#66128,"KALI, PINELENG, MINAHASA, SULAWESI UTARA",2,213,28,241
https://kawalpemilu.org#66128,"KALI, PINELENG, MINAHASA, SULAWESI UTARA",3,170,44,214
https://kawalpemilu.org#66128,"KALI, PINELENG, MINAHASA, SULAWESI UTARA",4,184,15,199
https://kawalpemilu.org#66128,"KALI, PINELENG, MINAHASA, SULAWESI UTARA",5,151,19,170
https://kawalpemilu.org#66128,"KALI, PINELENG, MINAHASA, SULAWESI UTARA",6,170,16,186
https://kawalpemilu.org#88860,"KALI SELATAN, PINELENG, MINAHASA, SULAWESI UTARA",1,197,20,217
https://kawalpemilu.org#88860,"KALI SELATAN, PINELENG, MINAHASA, SULAWESI UTARA",2,218,27,245
https://kawalpemilu.org#88860,"KALI SELATAN, PINELENG, MINAHASA, SULAWESI UTARA",3,213,28,241
https://kawalpemilu.org#88860,"KALI SELATAN, PINELENG, MINAHASA, SULAWESI UTARA",4,181,32,213
https://kawalpemilu.org#88860,"KALI SELATAN, PINELENG, MINAHASA, SULAWESI UTARA",5,202,27,229
https://kawalpemilu.org#88862,"PINELENG DUA INDAH, PINELENG, MINAHASA, SULAWESI UTARA",1,164,22,186
https://kawalpemilu.org#88862,"PINELENG DUA INDAH, PINELENG, MINAHASA, SULAWESI UTARA",2,178,19,197
https://kawalpemilu.org#88862,"PINELENG DUA INDAH, PINELENG, MINAHASA, SULAWESI UTARA",3,193,33,196
https://kawalpemilu.org#88864,"LOTTA, PINELENG, MINAHASA, SULAWESI UTARA",1,221,19,239
https://kawalpemilu.org#88864,"LOTTA, PINELENG, MINAHASA, SULAWESI UTARA",2,205,28,233
https://kawalpemilu.org#88864,"LOTTA, PINELENG, MINAHASA, SULAWESI UTARA",3,246,10,256
https://kawalpemilu.org#88865,"SEA MITRA, PINELENG, MINAHASA, SULAWESI UTARA",1,186,16,202
https://kawalpemilu.org#88865,"SEA MITRA, PINELENG, MINAHASA, SULAWESI UTARA",2,200,16,216
https://kawalpemilu.org#88865,"SEA MITRA, PINELENG, MINAHASA, SULAWESI UTARA",3,194,25,219
https://kawalpemilu.org#88866,"SEA TUMPENGAN, PINELENG, MINAHASA, SULAWESI UTARA",1,184,14,198
https://kawalpemilu.org#88866,"SEA TUMPENGAN, PINELENG, MINAHASA, SULAWESI UTARA",2,163,31,194
https://kawalpemilu.org#88866,"SEA TUMPENGAN, PINELENG, MINAHASA, SULAWESI UTARA",3,151,14,165
https://kawalpemilu.org#88866,"SEA TUMPENGAN, PINELENG, MINAHASA, SULAWESI UTARA",4,145,10,0
https://kawalpemilu.org#88868,"PINELENG SATU TIMUR, PINELENG, MINAHASA, SULAWESI UTARA",1,216,18,234
https://kawalpemilu.org#88868,"PINELENG SATU TIMUR, PINELENG, MINAHASA, SULAWESI UTARA",2,170,19,189
https://kawalpemilu.org#66130,"KEMBES II, TOMBULU, MINAHASA, SULAWESI UTARA",1,232,9,241
https://kawalpemilu.org#66130,"KEMBES II, TOMBULU, MINAHASA, SULAWESI UTARA",2,203,20,223
https://kawalpemilu.org#66130,"KEMBES II, TOMBULU, MINAHASA, SULAWESI UTARA",3,224,13,237
https://kawalpemilu.org#66130,"KEMBES II, TOMBULU, MINAHASA, SULAWESI UTARA",4,207,15,222
https://kawalpemilu.org#66130,"KEMBES II, TOMBULU, MINAHASA, SULAWESI UTARA",5,180,13,193
https://kawalpemilu.org#66131,"KEMBES I, TOMBULU, MINAHASA, SULAWESI UTARA",1,204,31,235
https://kawalpemilu.org#66131,"KEMBES I, TOMBULU, MINAHASA, SULAWESI UTARA",2,209,15,224
https://kawalpemilu.org#66131,"KEMBES I, TOMBULU, MINAHASA, SULAWESI UTARA",3,209,13,222
https://kawalpemilu.org#66131,"KEMBES I, TOMBULU, MINAHASA, SULAWESI UTARA",4,224,20,244
https://kawalpemilu.org#66131,"KEMBES I, TOMBULU, MINAHASA, SULAWESI UTARA",6,216,7,222
https://kawalpemilu.org#66131,"KEMBES I, TOMBULU, MINAHASA, SULAWESI UTARA",7,213,16,229
https://kawalpemilu.org#66131,"KEMBES I, TOMBULU, MINAHASA, SULAWESI UTARA",8,188,22,210
https://kawalpemilu.org#66132,"TOUMBULUAN, TOMBULU, MINAHASA, SULAWESI UTARA",1,212,17,229
https://kawalpemilu.org#66132,"TOUMBULUAN, TOMBULU, MINAHASA, SULAWESI UTARA",2,208,21,229
https://kawalpemilu.org#66132,"TOUMBULUAN, TOMBULU, MINAHASA, SULAWESI UTARA",3,205,25,230
https://kawalpemilu.org#66133,"KOKA, TOMBULU, MINAHASA, SULAWESI UTARA",1,200,12,212
https://kawalpemilu.org#66133,"KOKA, TOMBULU, MINAHASA, SULAWESI UTARA",3,216,19,235
https://kawalpemilu.org#66133,"KOKA, TOMBULU, MINAHASA, SULAWESI UTARA",4,250,13,263
https://kawalpemilu.org#66133,"KOKA, TOMBULU, MINAHASA, SULAWESI UTARA",5,193,11,204
https://kawalpemilu.org#66133,"KOKA, TOMBULU, MINAHASA, SULAWESI UTARA",6,189,13,202
https://kawalpemilu.org#66133,"KOKA, TOMBULU, MINAHASA, SULAWESI UTARA",7,42,1,43
https://kawalpemilu.org#66134,"SULUAN, TOMBULU, MINAHASA, SULAWESI UTARA",1,219,32,251
https://kawalpemilu.org#66134,"SULUAN, TOMBULU, MINAHASA, SULAWESI UTARA",2,203,36,239
https://kawalpemilu.org#66134,"SULUAN, TOMBULU, MINAHASA, SULAWESI UTARA",3,199,23,222
https://kawalpemilu.org#66134,"SULUAN, TOMBULU, MINAHASA, SULAWESI UTARA",4,164,20,184
https://kawalpemilu.org#66135,"KAMANGTA, TOMBULU, MINAHASA, SULAWESI UTARA",1,224,33,257
https://kawalpemilu.org#66135,"KAMANGTA, TOMBULU, MINAHASA, SULAWESI UTARA",2,241,17,258
https://kawalpemilu.org#66135,"KAMANGTA, TOMBULU, MINAHASA, SULAWESI UTARA",3,225,9,234
https://kawalpemilu.org#66135,"KAMANGTA, TOMBULU, MINAHASA, SULAWESI UTARA",4,246,15,261
https://kawalpemilu.org#66135,"KAMANGTA, TOMBULU, MINAHASA, SULAWESI UTARA",5,154,20,174
https://kawalpemilu.org#66135,"KAMANGTA, TOMBULU, MINAHASA, SULAWESI UTARA",6,147,12,159
https://kawalpemilu.org#66136,"SAWANGAN, TOMBULU, MINAHASA, SULAWESI UTARA",1,245,8,253
https://kawalpemilu.org#66136,"SAWANGAN, TOMBULU, MINAHASA, SULAWESI UTARA",2,0,0,0
https://kawalpemilu.org#66136,"SAWANGAN, TOMBULU, MINAHASA, SULAWESI UTARA",3,204,18,222
https://kawalpemilu.org#66136,"SAWANGAN, TOMBULU, MINAHASA, SULAWESI UTARA",4,211,5,216
https://kawalpemilu.org#66136,"SAWANGAN, TOMBULU, MINAHASA, SULAWESI UTARA",5,216,4,220
https://kawalpemilu.org#66136,"SAWANGAN, TOMBULU, MINAHASA, SULAWESI UTARA",6,19,10,29
https://kawalpemilu.org#66136,"SAWANGAN, TOMBULU, MINAHASA, SULAWESI UTARA",7,177,4,181
https://kawalpemilu.org#66136,"SAWANGAN, TOMBULU, MINAHASA, SULAWESI UTARA",8,110,56,166
https://kawalpemilu.org#66136,"SAWANGAN, TOMBULU, MINAHASA, SULAWESI UTARA",9,146,100,246
https://kawalpemilu.org#66137,"RUMENGKOR, TOMBULU, MINAHASA, SULAWESI UTARA",1,197,23,220
https://kawalpemilu.org#66137,"RUMENGKOR, TOMBULU, MINAHASA, SULAWESI UTARA",2,203,15,218
https://kawalpemilu.org#66137,"RUMENGKOR, TOMBULU, MINAHASA, SULAWESI UTARA",3,199,21,200
https://kawalpemilu.org#66137,"RUMENGKOR, TOMBULU, MINAHASA, SULAWESI UTARA",4,219,25,244
https://kawalpemilu.org#88871,"TIKELA, TOMBULU, MINAHASA, SULAWESI UTARA",1,76,17,93
https://kawalpemilu.org#88871,"TIKELA, TOMBULU, MINAHASA, SULAWESI UTARA",2,135,14,149
https://kawalpemilu.org#88872,"RUMENGKOR SATU, TOMBULU, MINAHASA, SULAWESI UTARA",1,234,20,254
https://kawalpemilu.org#88872,"RUMENGKOR SATU, TOMBULU, MINAHASA, SULAWESI UTARA",2,249,18,267
https://kawalpemilu.org#88873,"RUMENGKOR DUA, TOMBULU, MINAHASA, SULAWESI UTARA",1,191,16,207
https://kawalpemilu.org#88873,"RUMENGKOR DUA, TOMBULU, MINAHASA, SULAWESI UTARA",2,195,12,207
https://kawalpemilu.org#88873,"RUMENGKOR DUA, TOMBULU, MINAHASA, SULAWESI UTARA",3,201,14,215
https://kawalpemilu.org#66139,"KUMU, TOMBARIRI, MINAHASA, SULAWESI UTARA",1,168,34,202
https://kawalpemilu.org#66139,"KUMU, TOMBARIRI, MINAHASA, SULAWESI UTARA",2,167,18,185
https://kawalpemilu.org#66139,"KUMU, TOMBARIRI, MINAHASA, SULAWESI UTARA",3,140,30,170
https://kawalpemilu.org#66140,"TELING, TOMBARIRI, MINAHASA, SULAWESI UTARA",1,192,10,202
https://kawalpemilu.org#66140,"TELING, TOMBARIRI, MINAHASA, SULAWESI UTARA",2,153,39,192
https://kawalpemilu.org#66140,"TELING, TOMBARIRI, MINAHASA, SULAWESI UTARA",3,148,47,195
https://kawalpemilu.org#66141,"POOPOH, TOMBARIRI, MINAHASA, SULAWESI UTARA",1,183,19,202
https://kawalpemilu.org#66141,"POOPOH, TOMBARIRI, MINAHASA, SULAWESI UTARA",2,196,21,217
https://kawalpemilu.org#66141,"POOPOH, TOMBARIRI, MINAHASA, SULAWESI UTARA",3,185,17,245
https://kawalpemilu.org#66141,"POOPOH, TOMBARIRI, MINAHASA, SULAWESI UTARA",4,137,53,190
https://kawalpemilu.org#66142,"RANOWANGKO, TOMBARIRI, MINAHASA, SULAWESI UTARA",1,229,14,243
https://kawalpemilu.org#66142,"RANOWANGKO, TOMBARIRI, MINAHASA, SULAWESI UTARA",2,201,24,225
https://kawalpemilu.org#66142,"RANOWANGKO, TOMBARIRI, MINAHASA, SULAWESI UTARA",3,188,16,204
https://kawalpemilu.org#66142,"RANOWANGKO, TOMBARIRI, MINAHASA, SULAWESI UTARA",4,207,6,213
https://kawalpemilu.org#66142,"RANOWANGKO, TOMBARIRI, MINAHASA, SULAWESI UTARA",5,190,12,202
https://kawalpemilu.org#66142,"RANOWANGKO, TOMBARIRI, MINAHASA, SULAWESI UTARA",6,196,3,199
https://kawalpemilu.org#66142,"RANOWANGKO, TOMBARIRI, MINAHASA, SULAWESI UTARA",7,183,5,188
https://kawalpemilu.org#66142,"RANOWANGKO, TOMBARIRI, MINAHASA, SULAWESI UTARA",8,206,11,217
https://kawalpemilu.org#66142,"RANOWANGKO, TOMBARIRI, MINAHASA, SULAWESI UTARA",9,164,12,176
https://kawalpemilu.org#66143,"SENDUK, TOMBARIRI, MINAHASA, SULAWESI UTARA",1,216,11,227
https://kawalpemilu.org#66143,"SENDUK, TOMBARIRI, MINAHASA, SULAWESI UTARA",2,209,20,229
https://kawalpemilu.org#66143,"SENDUK, TOMBARIRI, MINAHASA, SULAWESI UTARA",3,219,8,227
https://kawalpemilu.org#66143,"SENDUK, TOMBARIRI, MINAHASA, SULAWESI UTARA",4,206,17,223
https://kawalpemilu.org#66143,"SENDUK, TOMBARIRI, MINAHASA, SULAWESI UTARA",5,178,25,203
https://kawalpemilu.org#66143,"SENDUK, TOMBARIRI, MINAHASA, SULAWESI UTARA",6,195,17,212
https://kawalpemilu.org#66143,"SENDUK, TOMBARIRI, MINAHASA, SULAWESI UTARA",7,206,20,226
https://kawalpemilu.org#66145,"PINASUNGKULAN, TOMBARIRI, MINAHASA, SULAWESI UTARA",1,115,17,132
https://kawalpemilu.org#66145,"PINASUNGKULAN, TOMBARIRI, MINAHASA, SULAWESI UTARA",2,108,24,132
https://kawalpemilu.org#66147,"MOKUPA, TOMBARIRI, MINAHASA, SULAWESI UTARA",1,247,13,260
https://kawalpemilu.org#66147,"MOKUPA, TOMBARIRI, MINAHASA, SULAWESI UTARA",2,212,29,241
https://kawalpemilu.org#66147,"MOKUPA, TOMBARIRI, MINAHASA, SULAWESI UTARA",3,233,10,243
https://kawalpemilu.org#66147,"MOKUPA, TOMBARIRI, MINAHASA, SULAWESI UTARA",4,203,21,224
https://kawalpemilu.org#66147,"MOKUPA, TOMBARIRI, MINAHASA, SULAWESI UTARA",5,240,3,243
https://kawalpemilu.org#66147,"MOKUPA, TOMBARIRI, MINAHASA, SULAWESI UTARA",6,224,16,240
https://kawalpemilu.org#66147,"MOKUPA, TOMBARIRI, MINAHASA, SULAWESI UTARA",7,208,16,224
https://kawalpemilu.org#66147,"MOKUPA, TOMBARIRI, MINAHASA, SULAWESI UTARA",8,194,18,212
https://kawalpemilu.org#66148,"SARANI MATANI, TOMBARIRI, MINAHASA, SULAWESI UTARA",1,215,18,233
https://kawalpemilu.org#66148,"SARANI MATANI, TOMBARIRI, MINAHASA, SULAWESI UTARA",2,235,7,242
https://kawalpemilu.org#66148,"SARANI MATANI, TOMBARIRI, MINAHASA, SULAWESI UTARA",3,226,27,253
https://kawalpemilu.org#66148,"SARANI MATANI, TOMBARIRI, MINAHASA, SULAWESI UTARA",4,220,27,247
https://kawalpemilu.org#66149,"BORGO, TOMBARIRI, MINAHASA, SULAWESI UTARA",1,174,16,190
https://kawalpemilu.org#66149,"BORGO, TOMBARIRI, MINAHASA, SULAWESI UTARA",2,186,16,202
https://kawalpemilu.org#66149,"BORGO, TOMBARIRI, MINAHASA, SULAWESI UTARA",3,206,11,217
https://kawalpemilu.org#66149,"BORGO, TOMBARIRI, MINAHASA, SULAWESI UTARA",4,159,33,192
https://kawalpemilu.org#66149,"BORGO, TOMBARIRI, MINAHASA, SULAWESI UTARA",5,87,149,236
https://kawalpemilu.org#66149,"BORGO, TOMBARIRI, MINAHASA, SULAWESI UTARA",6,112,71,183
https://kawalpemilu.org#66150,"TAMBALA, TOMBARIRI, MINAHASA, SULAWESI UTARA",1,122,95,217
https://kawalpemilu.org#66150,"TAMBALA, TOMBARIRI, MINAHASA, SULAWESI UTARA",2,108,108,216
https://kawalpemilu.org#66150,"TAMBALA, TOMBARIRI, MINAHASA, SULAWESI UTARA",3,133,89,222
https://kawalpemilu.org#66150,"TAMBALA, TOMBARIRI, MINAHASA, SULAWESI UTARA",4,205,17,222
https://kawalpemilu.org#66150,"TAMBALA, TOMBARIRI, MINAHASA, SULAWESI UTARA",5,201,9,210
https://kawalpemilu.org#66150,"TAMBALA, TOMBARIRI, MINAHASA, SULAWESI UTARA",6,177,27,204
https://kawalpemilu.org#66150,"TAMBALA, TOMBARIRI, MINAHASA, SULAWESI UTARA",7,192,23,215
https://kawalpemilu.org#66154,"SUMALANGKA, TONDANO UTARA, MINAHASA, SULAWESI UTARA",1,143,20,163
https://kawalpemilu.org#66154,"SUMALANGKA, TONDANO UTARA, MINAHASA, SULAWESI UTARA",2,160,23,183
https://kawalpemilu.org#66154,"SUMALANGKA, TONDANO UTARA, MINAHASA, SULAWESI UTARA",3,160,13,173
https://kawalpemilu.org#66154,"SUMALANGKA, TONDANO UTARA, MINAHASA, SULAWESI UTARA",4,115,8,123
https://kawalpemilu.org#66155,"SASARAN, TONDANO UTARA, MINAHASA, SULAWESI UTARA",1,232,14,246
https://kawalpemilu.org#66155,"SASARAN, TONDANO UTARA, MINAHASA, SULAWESI UTARA",2,212,22,234
https://kawalpemilu.org#66155,"SASARAN, TONDANO UTARA, MINAHASA, SULAWESI UTARA",3,200,27,227
https://kawalpemilu.org#66155,"SASARAN, TONDANO UTARA, MINAHASA, SULAWESI UTARA",4,215,10,225
https://kawalpemilu.org#66156,"KAMPUNG JAWA, TONDANO UTARA, MINAHASA, SULAWESI UTARA",1,100,132,232
https://kawalpemilu.org#66156,"KAMPUNG JAWA, TONDANO UTARA, MINAHASA, SULAWESI UTARA",2,86,149,235
https://kawalpemilu.org#66156,"KAMPUNG JAWA, TONDANO UTARA, MINAHASA, SULAWESI UTARA",3,73,140,213
https://kawalpemilu.org#66156,"KAMPUNG JAWA, TONDANO UTARA, MINAHASA, SULAWESI UTARA",4,88,139,227
https://kawalpemilu.org#66156,"KAMPUNG JAWA, TONDANO UTARA, MINAHASA, SULAWESI UTARA",5,100,134,234
https://kawalpemilu.org#66156,"KAMPUNG JAWA, TONDANO UTARA, MINAHASA, SULAWESI UTARA",6,99,139,238
https://kawalpemilu.org#66156,"KAMPUNG JAWA, TONDANO UTARA, MINAHASA, SULAWESI UTARA",7,94,134,228
https://kawalpemilu.org#66157,"WULAUAN, TONDANO UTARA, MINAHASA, SULAWESI UTARA",1,183,19,202
https://kawalpemilu.org#66157,"WULAUAN, TONDANO UTARA, MINAHASA, SULAWESI UTARA",2,189,17,206
https://kawalpemilu.org#66157,"WULAUAN, TONDANO UTARA, MINAHASA, SULAWESI UTARA",3,177,15,192
https://kawalpemilu.org#66157,"WULAUAN, TONDANO UTARA, MINAHASA, SULAWESI UTARA",4,210,13,223
https://kawalpemilu.org#66157,"WULAUAN, TONDANO UTARA, MINAHASA, SULAWESI UTARA",5,187,21,208
https://kawalpemilu.org#66158,"MARAWAS, TONDANO UTARA, MINAHASA, SULAWESI UTARA",1,130,28,158
https://kawalpemilu.org#66159,"TONSEA LAMA, TONDANO UTARA, MINAHASA, SULAWESI UTARA",1,168,44,212
https://kawalpemilu.org#66159,"TONSEA LAMA, TONDANO UTARA, MINAHASA, SULAWESI UTARA",2,167,25,192
https://kawalpemilu.org#66159,"TONSEA LAMA, TONDANO UTARA, MINAHASA, SULAWESI UTARA",3,212,22,234
https://kawalpemilu.org#66159,"TONSEA LAMA, TONDANO UTARA, MINAHASA, SULAWESI UTARA",4,223,19,242
https://kawalpemilu.org#66159,"TONSEA LAMA, TONDANO UTARA, MINAHASA, SULAWESI UTARA",5,207,26,233
https://kawalpemilu.org#66159,"TONSEA LAMA, TONDANO UTARA, MINAHASA, SULAWESI UTARA",6,248,15,263
https://kawalpemilu.org#66160,"KEMBUAN, TONDANO UTARA, MINAHASA, SULAWESI UTARA",1,208,12,220
https://kawalpemilu.org#66160,"KEMBUAN, TONDANO UTARA, MINAHASA, SULAWESI UTARA",2,187,7,194
https://kawalpemilu.org#66160,"KEMBUAN, TONDANO UTARA, MINAHASA, SULAWESI UTARA",3,181,20,201
https://kawalpemilu.org#66160,"KEMBUAN, TONDANO UTARA, MINAHASA, SULAWESI UTARA",4,178,16,194
https://kawalpemilu.org#66160,"KEMBUAN, TONDANO UTARA, MINAHASA, SULAWESI UTARA",5,178,17,195
https://kawalpemilu.org#66160,"KEMBUAN, TONDANO UTARA, MINAHASA, SULAWESI UTARA",6,184,26,210
https://kawalpemilu.org#66160,"KEMBUAN, TONDANO UTARA, MINAHASA, SULAWESI UTARA",7,184,25,209
https://kawalpemilu.org#88887,"KEMBUAN SATU, TONDANO UTARA, MINAHASA, SULAWESI UTARA",1,199,9,208
https://kawalpemilu.org#88887,"KEMBUAN SATU, TONDANO UTARA, MINAHASA, SULAWESI UTARA",2,176,17,193
https://kawalpemilu.org#88887,"KEMBUAN SATU, TONDANO UTARA, MINAHASA, SULAWESI UTARA",3,207,20,227
https://kawalpemilu.org#66162,"PALAMBA, LANGOWAN SELATAN, MINAHASA, SULAWESI UTARA",2,197,20,217
https://kawalpemilu.org#66163,"ATEP, LANGOWAN SELATAN, MINAHASA, SULAWESI UTARA",1,209,47,256
https://kawalpemilu.org#66163,"ATEP, LANGOWAN SELATAN, MINAHASA, SULAWESI UTARA",2,229,12,241
https://kawalpemilu.org#66163,"ATEP, LANGOWAN SELATAN, MINAHASA, SULAWESI UTARA",3,205,32,237
https://kawalpemilu.org#66164,"MANEMBO, LANGOWAN SELATAN, MINAHASA, SULAWESI UTARA",1,240,13,253
https://kawalpemilu.org#66164,"MANEMBO, LANGOWAN SELATAN, MINAHASA, SULAWESI UTARA",2,241,25,266
https://kawalpemilu.org#66164,"MANEMBO, LANGOWAN SELATAN, MINAHASA, SULAWESI UTARA",3,225,22,247
https://kawalpemilu.org#66164,"MANEMBO, LANGOWAN SELATAN, MINAHASA, SULAWESI UTARA",4,246,16,262
https://kawalpemilu.org#66165,"TEMBOAN, LANGOWAN SELATAN, MINAHASA, SULAWESI UTARA",1,133,16,149
https://kawalpemilu.org#66165,"TEMBOAN, LANGOWAN SELATAN, MINAHASA, SULAWESI UTARA",2,132,33,165
https://kawalpemilu.org#66165,"TEMBOAN, LANGOWAN SELATAN, MINAHASA, SULAWESI UTARA",3,43,3,46
https://kawalpemilu.org#66166,"RUMBIA, LANGOWAN SELATAN, MINAHASA, SULAWESI UTARA",1,135,26,161
https://kawalpemilu.org#66167,"WINEBETAN, LANGOWAN SELATAN, MINAHASA, SULAWESI UTARA",1,209,16,225
https://kawalpemilu.org#66167,"WINEBETAN, LANGOWAN SELATAN, MINAHASA, SULAWESI UTARA",2,226,20,246
https://kawalpemilu.org#66167,"WINEBETAN, LANGOWAN SELATAN, MINAHASA, SULAWESI UTARA",3,206,21,227
https://kawalpemilu.org#66167,"WINEBETAN, LANGOWAN SELATAN, MINAHASA, SULAWESI UTARA",5,245,3,248
https://kawalpemilu.org#66168,"KAAYURAN ATAS, LANGOWAN SELATAN, MINAHASA, SULAWESI UTARA",2,138,5,143
https://kawalpemilu.org#66169,"KAAYURAN BAWAH, LANGOWAN SELATAN, MINAHASA, SULAWESI UTARA",1,216,27,243
https://kawalpemilu.org#66169,"KAAYURAN BAWAH, LANGOWAN SELATAN, MINAHASA, SULAWESI UTARA",2,214,26,240
https://kawalpemilu.org#66170,"KAWATAK, LANGOWAN SELATAN, MINAHASA, SULAWESI UTARA",1,165,6,171
https://kawalpemilu.org#66170,"KAWATAK, LANGOWAN SELATAN, MINAHASA, SULAWESI UTARA",2,159,15,174
https://kawalpemilu.org#88892,"ATEP SATU, LANGOWAN SELATAN, MINAHASA, SULAWESI UTARA",1,159,43,202
https://kawalpemilu.org#88892,"ATEP SATU, LANGOWAN SELATAN, MINAHASA, SULAWESI UTARA",2,171,23,194
https://kawalpemilu.org#88892,"ATEP SATU, LANGOWAN SELATAN, MINAHASA, SULAWESI UTARA",3,176,26,202
https://kawalpemilu.org#66172,"URONGO, TONDANO SELATAN, MINAHASA, SULAWESI UTARA",3,162,22,184
https://kawalpemilu.org#66172,"URONGO, TONDANO SELATAN, MINAHASA, SULAWESI UTARA",4,112,17,129
https://kawalpemilu.org#66173,"TOUNSARU, TONDANO SELATAN, MINAHASA, SULAWESI UTARA",1,185,13,198
https://kawalpemilu.org#66173,"TOUNSARU, TONDANO SELATAN, MINAHASA, SULAWESI UTARA",2,198,9,207
https://kawalpemilu.org#66173,"TOUNSARU, TONDANO SELATAN, MINAHASA, SULAWESI UTARA",3,159,21,180
https://kawalpemilu.org#66174,"TATAARAN II, TONDANO SELATAN, MINAHASA, SULAWESI UTARA",1,251,12,263
https://kawalpemilu.org#66174,"TATAARAN II, TONDANO SELATAN, MINAHASA, SULAWESI UTARA",3,237,12,249
https://kawalpemilu.org#66174,"TATAARAN II, TONDANO SELATAN, MINAHASA, SULAWESI UTARA",4,227,9,239
https://kawalpemilu.org#66174,"TATAARAN II, TONDANO SELATAN, MINAHASA, SULAWESI UTARA",5,227,18,245
https://kawalpemilu.org#66174,"TATAARAN II, TONDANO SELATAN, MINAHASA, SULAWESI UTARA",6,219,17,236
https://kawalpemilu.org#66174,"TATAARAN II, TONDANO SELATAN, MINAHASA, SULAWESI UTARA",7,224,22,246
https://kawalpemilu.org#66174,"TATAARAN II, TONDANO SELATAN, MINAHASA, SULAWESI UTARA",8,223,16,239
https://kawalpemilu.org#66174,"TATAARAN II, TONDANO SELATAN, MINAHASA, SULAWESI UTARA",9,229,10,239
https://kawalpemilu.org#66174,"TATAARAN II, TONDANO SELATAN, MINAHASA, SULAWESI UTARA",10,218,12,230
https://kawalpemilu.org#66174,"TATAARAN II, TONDANO SELATAN, MINAHASA, SULAWESI UTARA",11,243,15,259
https://kawalpemilu.org#66174,"TATAARAN II, TONDANO SELATAN, MINAHASA, SULAWESI UTARA",12,221,25,246
https://kawalpemilu.org#66174,"TATAARAN II, TONDANO SELATAN, MINAHASA, SULAWESI UTARA",13,238,9,247
https://kawalpemilu.org#66174,"TATAARAN II, TONDANO SELATAN, MINAHASA, SULAWESI UTARA",14,260,15,275
https://kawalpemilu.org#66175,"TATAARAN I, TONDANO SELATAN, MINAHASA, SULAWESI UTARA",1,251,25,276
https://kawalpemilu.org#66175,"TATAARAN I, TONDANO SELATAN, MINAHASA, SULAWESI UTARA",2,246,18,0
https://kawalpemilu.org#66175,"TATAARAN I, TONDANO SELATAN, MINAHASA, SULAWESI UTARA",3,245,13,258
https://kawalpemilu.org#66175,"TATAARAN I, TONDANO SELATAN, MINAHASA, SULAWESI UTARA",4,237,9,246
https://kawalpemilu.org#66175,"TATAARAN I, TONDANO SELATAN, MINAHASA, SULAWESI UTARA",5,224,20,244
https://kawalpemilu.org#66175,"TATAARAN I, TONDANO SELATAN, MINAHASA, SULAWESI UTARA",6,256,13,269
https://kawalpemilu.org#66175,"TATAARAN I, TONDANO SELATAN, MINAHASA, SULAWESI UTARA",7,229,23,252
https://kawalpemilu.org#66175,"TATAARAN I, TONDANO SELATAN, MINAHASA, SULAWESI UTARA",8,226,32,258
https://kawalpemilu.org#66175,"TATAARAN I, TONDANO SELATAN, MINAHASA, SULAWESI UTARA",9,242,27,269
https://kawalpemilu.org#66175,"TATAARAN I, TONDANO SELATAN, MINAHASA, SULAWESI UTARA",10,125,2,127
https://kawalpemilu.org#66176,"KOYA, TONDANO SELATAN, MINAHASA, SULAWESI UTARA",1,243,17,260
https://kawalpemilu.org#66176,"KOYA, TONDANO SELATAN, MINAHASA, SULAWESI UTARA",2,241,17,258
https://kawalpemilu.org#66176,"KOYA, TONDANO SELATAN, MINAHASA, SULAWESI UTARA",3,243,11,254
https://kawalpemilu.org#66176,"KOYA, TONDANO SELATAN, MINAHASA, SULAWESI UTARA",4,260,10,270
https://kawalpemilu.org#66176,"KOYA, TONDANO SELATAN, MINAHASA, SULAWESI UTARA",5,232,6,238
https://kawalpemilu.org#66176,"KOYA, TONDANO SELATAN, MINAHASA, SULAWESI UTARA",6,223,11,234
https://kawalpemilu.org#66176,"KOYA, TONDANO SELATAN, MINAHASA, SULAWESI UTARA",7,212,16,228
https://kawalpemilu.org#66177,"PALELOAN, TONDANO SELATAN, MINAHASA, SULAWESI UTARA",1,204,31,235
https://kawalpemilu.org#66177,"PALELOAN, TONDANO SELATAN, MINAHASA, SULAWESI UTARA",2,216,19,235
https://kawalpemilu.org#66177,"PALELOAN, TONDANO SELATAN, MINAHASA, SULAWESI UTARA",3,191,10,201
https://kawalpemilu.org#66177,"PALELOAN, TONDANO SELATAN, MINAHASA, SULAWESI UTARA",4,224,18,242
https://kawalpemilu.org#66177,"PALELOAN, TONDANO SELATAN, MINAHASA, SULAWESI UTARA",5,154,9,163
https://kawalpemilu.org#66178,"TATAARAN PATAR, TONDANO SELATAN, MINAHASA, SULAWESI UTARA",1,205,9,214
https://kawalpemilu.org#66178,"TATAARAN PATAR, TONDANO SELATAN, MINAHASA, SULAWESI UTARA",2,215,16,231
https://kawalpemilu.org#66178,"TATAARAN PATAR, TONDANO SELATAN, MINAHASA, SULAWESI UTARA",3,183,13,196
https://kawalpemilu.org#66179,"MAESA UNIMA, TONDANO SELATAN, MINAHASA, SULAWESI UTARA",1,236,24,260
https://kawalpemilu.org#66179,"MAESA UNIMA, TONDANO SELATAN, MINAHASA, SULAWESI UTARA",2,247,14,261
https://kawalpemilu.org#66181,"WALANTAKAN, LANGOWAN UTARA, MINAHASA, SULAWESI UTARA",1,143,10,153
https://kawalpemilu.org#66181,"WALANTAKAN, LANGOWAN UTARA, MINAHASA, SULAWESI UTARA",2,155,17,172
https://kawalpemilu.org#66181,"WALANTAKAN, LANGOWAN UTARA, MINAHASA, SULAWESI UTARA",3,186,30,216
https://kawalpemilu.org#66181,"WALANTAKAN, LANGOWAN UTARA, MINAHASA, SULAWESI UTARA",4,221,9,230
https://kawalpemilu.org#66181,"WALANTAKAN, LANGOWAN UTARA, MINAHASA, SULAWESI UTARA",5,225,15,240
https://kawalpemilu.org#66182,"TARAITAK, LANGOWAN UTARA, MINAHASA, SULAWESI UTARA",1,199,8,207
https://kawalpemilu.org#66182,"TARAITAK, LANGOWAN UTARA, MINAHASA, SULAWESI UTARA",2,183,7,190
https://kawalpemilu.org#66182,"TARAITAK, LANGOWAN UTARA, MINAHASA, SULAWESI UTARA",3,220,18,238
https://kawalpemilu.org#66183,"KARUMENGA, LANGOWAN UTARA, MINAHASA, SULAWESI UTARA",1,230,7,237
https://kawalpemilu.org#66183,"KARUMENGA, LANGOWAN UTARA, MINAHASA, SULAWESI UTARA",2,237,11,248
https://kawalpemilu.org#66183,"KARUMENGA, LANGOWAN UTARA, MINAHASA, SULAWESI UTARA",3,236,21,257
https://kawalpemilu.org#66183,"KARUMENGA, LANGOWAN UTARA, MINAHASA, SULAWESI UTARA",4,221,19,240
https://kawalpemilu.org#66184,"TORAGET, LANGOWAN UTARA, MINAHASA, SULAWESI UTARA",1,228,17,245
https://kawalpemilu.org#66184,"TORAGET, LANGOWAN UTARA, MINAHASA, SULAWESI UTARA",2,220,15,235
https://kawalpemilu.org#66184,"TORAGET, LANGOWAN UTARA, MINAHASA, SULAWESI UTARA",3,232,16,248
https://kawalpemilu.org#66184,"TORAGET, LANGOWAN UTARA, MINAHASA, SULAWESI UTARA",4,137,6,143
https://kawalpemilu.org#66185,"TEMPANG, LANGOWAN UTARA, MINAHASA, SULAWESI UTARA",1,249,8,257
https://kawalpemilu.org#66185,"TEMPANG, LANGOWAN UTARA, MINAHASA, SULAWESI UTARA",2,248,6,254
https://kawalpemilu.org#66186,"TEMPANG II, LANGOWAN UTARA, MINAHASA, SULAWESI UTARA",1,171,17,188
https://kawalpemilu.org#66186,"TEMPANG II, LANGOWAN UTARA, MINAHASA, SULAWESI UTARA",2,179,7,186
https://kawalpemilu.org#66186,"TEMPANG II, LANGOWAN UTARA, MINAHASA, SULAWESI UTARA",3,179,9,188
https://kawalpemilu.org#66187,"TEMPANG III, LANGOWAN UTARA, MINAHASA, SULAWESI UTARA",1,270,9,279
https://kawalpemilu.org#66187,"TEMPANG III, LANGOWAN UTARA, MINAHASA, SULAWESI UTARA",2,271,8,279
https://kawalpemilu.org#66187,"TEMPANG III, LANGOWAN UTARA, MINAHASA, SULAWESI UTARA",3,201,12,213
https://kawalpemilu.org#88900,"TARAITAK SATU, LANGOWAN UTARA, MINAHASA, SULAWESI UTARA",1,229,5,234
https://kawalpemilu.org#88900,"TARAITAK SATU, LANGOWAN UTARA, MINAHASA, SULAWESI UTARA",2,237,5,242
https://kawalpemilu.org#88900,"TARAITAK SATU, LANGOWAN UTARA, MINAHASA, SULAWESI UTARA",3,224,6,230
https://kawalpemilu.org#66026,"WAILANG, KAKAS BARAT, MINAHASA, SULAWESI UTARA",1,153,14,167
https://kawalpemilu.org#66026,"WAILANG, KAKAS BARAT, MINAHASA, SULAWESI UTARA",2,164,4,168
https://kawalpemilu.org#66027,"BUKIT TINGGI, KAKAS BARAT, MINAHASA, SULAWESI UTARA",1,174,65,239
https://kawalpemilu.org#66027,"BUKIT TINGGI, KAKAS BARAT, MINAHASA, SULAWESI UTARA",2,148,79,227
https://kawalpemilu.org#66032,"SIMBEL, KAKAS BARAT, MINAHASA, SULAWESI UTARA",1,213,4,217
https://kawalpemilu.org#66032,"SIMBEL, KAKAS BARAT, MINAHASA, SULAWESI UTARA",2,192,10,202
https://kawalpemilu.org#66032,"SIMBEL, KAKAS BARAT, MINAHASA, SULAWESI UTARA",3,185,12,197
https://kawalpemilu.org#66032,"SIMBEL, KAKAS BARAT, MINAHASA, SULAWESI UTARA",4,201,8,209
https://kawalpemilu.org#66033,"TOULIANG, KAKAS BARAT, MINAHASA, SULAWESI UTARA",1,223,0,223
https://kawalpemilu.org#66033,"TOULIANG, KAKAS BARAT, MINAHASA, SULAWESI UTARA",4,212,5,217
https://kawalpemilu.org#66035,"PANASEN, KAKAS BARAT, MINAHASA, SULAWESI UTARA",1,205,14,219
https://kawalpemilu.org#66035,"PANASEN, KAKAS BARAT, MINAHASA, SULAWESI UTARA",2,214,12,226
https://kawalpemilu.org#66035,"PANASEN, KAKAS BARAT, MINAHASA, SULAWESI UTARA",3,185,11,196
https://kawalpemilu.org#66035,"PANASEN, KAKAS BARAT, MINAHASA, SULAWESI UTARA",4,209,6,215
https://kawalpemilu.org#66036,"TOTOLAN, KAKAS BARAT, MINAHASA, SULAWESI UTARA",1,168,4,172
https://kawalpemilu.org#66036,"TOTOLAN, KAKAS BARAT, MINAHASA, SULAWESI UTARA",2,178,0,178
https://kawalpemilu.org#66036,"TOTOLAN, KAKAS BARAT, MINAHASA, SULAWESI UTARA",3,170,4,174
https://kawalpemilu.org#66037,"PASSO, KAKAS BARAT, MINAHASA, SULAWESI UTARA",1,226,14,240
https://kawalpemilu.org#66037,"PASSO, KAKAS BARAT, MINAHASA, SULAWESI UTARA",2,236,3,239
https://kawalpemilu.org#66037,"PASSO, KAKAS BARAT, MINAHASA, SULAWESI UTARA",3,204,15,219
https://kawalpemilu.org#66037,"PASSO, KAKAS BARAT, MINAHASA, SULAWESI UTARA",5,235,16,251
https://kawalpemilu.org#66037,"PASSO, KAKAS BARAT, MINAHASA, SULAWESI UTARA",6,224,13,237
https://kawalpemilu.org#66037,"PASSO, KAKAS BARAT, MINAHASA, SULAWESI UTARA",7,188,5,193
https://kawalpemilu.org#66038,"TOUNTIMOMOR, KAKAS BARAT, MINAHASA, SULAWESI UTARA",1,202,12,214
https://kawalpemilu.org#66039,"WASIAN, KAKAS BARAT, MINAHASA, SULAWESI UTARA",2,213,8,221
https://kawalpemilu.org#88902,"KALAWIRAN, KAKAS BARAT, MINAHASA, SULAWESI UTARA",1,188,4,192
https://kawalpemilu.org#88902,"KALAWIRAN, KAKAS BARAT, MINAHASA, SULAWESI UTARA",2,186,13,199
https://kawalpemilu.org#88902,"KALAWIRAN, KAKAS BARAT, MINAHASA, SULAWESI UTARA",3,194,4,198
https://kawalpemilu.org#66103,"UNER, KAWANGKOAN UTARA, MINAHASA, SULAWESI UTARA",1,223,9,232
https://kawalpemilu.org#66103,"UNER, KAWANGKOAN UTARA, MINAHASA, SULAWESI UTARA",2,163,16,179
https://kawalpemilu.org#66103,"UNER, KAWANGKOAN UTARA, MINAHASA, SULAWESI UTARA",3,248,13,261
https://kawalpemilu.org#88903,"TALIKURAN, KAWANGKOAN UTARA, MINAHASA, SULAWESI UTARA",1,229,9,238
https://kawalpemilu.org#88903,"TALIKURAN, KAWANGKOAN UTARA, MINAHASA, SULAWESI UTARA",2,244,4,248
https://kawalpemilu.org#88903,"TALIKURAN, KAWANGKOAN UTARA, MINAHASA, SULAWESI UTARA",3,241,11,252
https://kawalpemilu.org#88904,"TALIKURAN UTARA, KAWANGKOAN UTARA, MINAHASA, SULAWESI UTARA",1,231,7,238
https://kawalpemilu.org#88904,"TALIKURAN UTARA, KAWANGKOAN UTARA, MINAHASA, SULAWESI UTARA",2,213,10,223
https://kawalpemilu.org#88904,"TALIKURAN UTARA, KAWANGKOAN UTARA, MINAHASA, SULAWESI UTARA",3,242,7,249
https://kawalpemilu.org#88904,"TALIKURAN UTARA, KAWANGKOAN UTARA, MINAHASA, SULAWESI UTARA",4,263,4,267
https://kawalpemilu.org#88906,"TALIKURAN BARAT, KAWANGKOAN UTARA, MINAHASA, SULAWESI UTARA",1,194,11,205
https://kawalpemilu.org#88906,"TALIKURAN BARAT, KAWANGKOAN UTARA, MINAHASA, SULAWESI UTARA",2,187,8,195
https://kawalpemilu.org#88906,"TALIKURAN BARAT, KAWANGKOAN UTARA, MINAHASA, SULAWESI UTARA",3,165,6,171
https://kawalpemilu.org#88908,"KIAWA SATU, KAWANGKOAN UTARA, MINAHASA, SULAWESI UTARA",1,236,4,240
https://kawalpemilu.org#88908,"KIAWA SATU, KAWANGKOAN UTARA, MINAHASA, SULAWESI UTARA",2,218,6,224
https://kawalpemilu.org#88909,"KIAWA SATU UTARA, KAWANGKOAN UTARA, MINAHASA, SULAWESI UTARA",1,150,10,160
https://kawalpemilu.org#88909,"KIAWA SATU UTARA, KAWANGKOAN UTARA, MINAHASA, SULAWESI UTARA",2,142,10,152
https://kawalpemilu.org#88911,"KIAWA SATU BARAT, KAWANGKOAN UTARA, MINAHASA, SULAWESI UTARA",1,178,4,182
https://kawalpemilu.org#88911,"KIAWA SATU BARAT, KAWANGKOAN UTARA, MINAHASA, SULAWESI UTARA",2,185,2,187
https://kawalpemilu.org#88911,"KIAWA SATU BARAT, KAWANGKOAN UTARA, MINAHASA, SULAWESI UTARA",3,214,12,226
https://kawalpemilu.org#88913,"KIAWA DUA, KAWANGKOAN UTARA, MINAHASA, SULAWESI UTARA",1,164,3,167
https://kawalpemilu.org#88913,"KIAWA DUA, KAWANGKOAN UTARA, MINAHASA, SULAWESI UTARA",2,148,12,160
https://kawalpemilu.org#88913,"KIAWA DUA, KAWANGKOAN UTARA, MINAHASA, SULAWESI UTARA",3,180,4,184
https://kawalpemilu.org#88914,"KIAWA DUA TIMUR, KAWANGKOAN UTARA, MINAHASA, SULAWESI UTARA",1,197,6,203
https://kawalpemilu.org#88914,"KIAWA DUA TIMUR, KAWANGKOAN UTARA, MINAHASA, SULAWESI UTARA",2,162,5,167
https://kawalpemilu.org#88914,"KIAWA DUA TIMUR, KAWANGKOAN UTARA, MINAHASA, SULAWESI UTARA",3,173,10,183
https://kawalpemilu.org#88916,"KIAWA DUA BARAT, KAWANGKOAN UTARA, MINAHASA, SULAWESI UTARA",1,211,4,215
https://kawalpemilu.org#88916,"KIAWA DUA BARAT, KAWANGKOAN UTARA, MINAHASA, SULAWESI UTARA",2,211,12,223
https://kawalpemilu.org#66105,"RANOLAMBOT, KAWANGKOAN BARAT, MINAHASA, SULAWESI UTARA",1,242,25,267
https://kawalpemilu.org#66105,"RANOLAMBOT, KAWANGKOAN BARAT, MINAHASA, SULAWESI UTARA",2,236,39,275
https://kawalpemilu.org#66105,"RANOLAMBOT, KAWANGKOAN BARAT, MINAHASA, SULAWESI UTARA",3,241,32,273
https://kawalpemilu.org#66106,"TOMBASIAN ATAS, KAWANGKOAN BARAT, MINAHASA, SULAWESI UTARA",1,248,10,258
https://kawalpemilu.org#66106,"TOMBASIAN ATAS, KAWANGKOAN BARAT, MINAHASA, SULAWESI UTARA",2,248,9,257
https://kawalpemilu.org#66106,"TOMBASIAN ATAS, KAWANGKOAN BARAT, MINAHASA, SULAWESI UTARA",3,242,12,254
https://kawalpemilu.org#66109,"KAYUUWI, KAWANGKOAN BARAT, MINAHASA, SULAWESI UTARA",1,244,5,249
https://kawalpemilu.org#66109,"KAYUUWI, KAWANGKOAN BARAT, MINAHASA, SULAWESI UTARA",2,220,7,227
https://kawalpemilu.org#66109,"KAYUUWI, KAWANGKOAN BARAT, MINAHASA, SULAWESI UTARA",3,231,1,232
https://kawalpemilu.org#66113,"TOMBASIAN BAWAH, KAWANGKOAN BARAT, MINAHASA, SULAWESI UTARA",1,220,17,237
https://kawalpemilu.org#66113,"TOMBASIAN BAWAH, KAWANGKOAN BARAT, MINAHASA, SULAWESI UTARA",2,199,26,225
https://kawalpemilu.org#66113,"TOMBASIAN BAWAH, KAWANGKOAN BARAT, MINAHASA, SULAWESI UTARA",3,217,16,233
https://kawalpemilu.org#88918,"KAYUUWI SATU, KAWANGKOAN BARAT, MINAHASA, SULAWESI UTARA",1,249,1,250
https://kawalpemilu.org#88918,"KAYUUWI SATU, KAWANGKOAN BARAT, MINAHASA, SULAWESI UTARA",2,223,6,229
https://kawalpemilu.org#88918,"KAYUUWI SATU, KAWANGKOAN BARAT, MINAHASA, SULAWESI UTARA",3,237,7,244
https://kawalpemilu.org#88919,"KANONANG SATU, KAWANGKOAN BARAT, MINAHASA, SULAWESI UTARA",1,253,22,275
https://kawalpemilu.org#88919,"KANONANG SATU, KAWANGKOAN BARAT, MINAHASA, SULAWESI UTARA",2,244,12,256
https://kawalpemilu.org#88920,"KANONANG DUA, KAWANGKOAN BARAT, MINAHASA, SULAWESI UTARA",1,183,15,198
https://kawalpemilu.org#88920,"KANONANG DUA, KAWANGKOAN BARAT, MINAHASA, SULAWESI UTARA",2,165,25,190
https://kawalpemilu.org#88921,"KANONANG EMPAT, KAWANGKOAN BARAT, MINAHASA, SULAWESI UTARA",1,198,30,228
https://kawalpemilu.org#88921,"KANONANG EMPAT, KAWANGKOAN BARAT, MINAHASA, SULAWESI UTARA",2,224,24,248
https://kawalpemilu.org#88923,"KANONANG LIMA, KAWANGKOAN BARAT, MINAHASA, SULAWESI UTARA",1,217,11,228
https://kawalpemilu.org#88923,"KANONANG LIMA, KAWANGKOAN BARAT, MINAHASA, SULAWESI UTARA",2,199,27,226
https://kawalpemilu.org#88925,"TOMBASIAN ATAS SATU, KAWANGKOAN BARAT, MINAHASA, SULAWESI UTARA",1,190,7,197
https://kawalpemilu.org#88925,"TOMBASIAN ATAS SATU, KAWANGKOAN BARAT, MINAHASA, SULAWESI UTARA",2,166,25,191
https://kawalpemilu.org#88925,"TOMBASIAN ATAS SATU, KAWANGKOAN BARAT, MINAHASA, SULAWESI UTARA",3,178,13,191
https://kawalpemilu.org#66122,"KALASEY SATU, MANDOLANG, MINAHASA, SULAWESI UTARA",1,144,37,181
https://kawalpemilu.org#66122,"KALASEY SATU, MANDOLANG, MINAHASA, SULAWESI UTARA",2,156,22,178
https://kawalpemilu.org#66122,"KALASEY SATU, MANDOLANG, MINAHASA, SULAWESI UTARA",3,210,12,222
https://kawalpemilu.org#66122,"KALASEY SATU, MANDOLANG, MINAHASA, SULAWESI UTARA",4,125,10,135
https://kawalpemilu.org#66122,"KALASEY SATU, MANDOLANG, MINAHASA, SULAWESI UTARA",5,137,12,149
https://kawalpemilu.org#66122,"KALASEY SATU, MANDOLANG, MINAHASA, SULAWESI UTARA",6,141,17,158
https://kawalpemilu.org#66122,"KALASEY SATU, MANDOLANG, MINAHASA, SULAWESI UTARA",7,113,16,129
https://kawalpemilu.org#66122,"KALASEY SATU, MANDOLANG, MINAHASA, SULAWESI UTARA",8,204,15,219
https://kawalpemilu.org#66122,"KALASEY SATU, MANDOLANG, MINAHASA, SULAWESI UTARA",9,149,20,169
https://kawalpemilu.org#66122,"KALASEY SATU, MANDOLANG, MINAHASA, SULAWESI UTARA",10,145,31,176
https://kawalpemilu.org#66122,"KALASEY SATU, MANDOLANG, MINAHASA, SULAWESI UTARA",11,155,27,182
https://kawalpemilu.org#66122,"KALASEY SATU, MANDOLANG, MINAHASA, SULAWESI UTARA",12,181,24,205
https://kawalpemilu.org#66122,"KALASEY SATU, MANDOLANG, MINAHASA, SULAWESI UTARA",13,163,26,189
https://kawalpemilu.org#66123,"KALASEY DUA, MANDOLANG, MINAHASA, SULAWESI UTARA",1,249,9,258
https://kawalpemilu.org#66123,"KALASEY DUA, MANDOLANG, MINAHASA, SULAWESI UTARA",2,248,17,265
https://kawalpemilu.org#66123,"KALASEY DUA, MANDOLANG, MINAHASA, SULAWESI UTARA",3,250,6,256
https://kawalpemilu.org#66123,"KALASEY DUA, MANDOLANG, MINAHASA, SULAWESI UTARA",4,257,3,260
https://kawalpemilu.org#66123,"KALASEY DUA, MANDOLANG, MINAHASA, SULAWESI UTARA",5,111,8,119
https://kawalpemilu.org#66124,"TATELI, MANDOLANG, MINAHASA, SULAWESI UTARA",1,190,18,208
https://kawalpemilu.org#66124,"TATELI, MANDOLANG, MINAHASA, SULAWESI UTARA",2,162,14,176
https://kawalpemilu.org#66124,"TATELI, MANDOLANG, MINAHASA, SULAWESI UTARA",3,205,10,215
https://kawalpemilu.org#66124,"TATELI, MANDOLANG, MINAHASA, SULAWESI UTARA",4,164,12,176
https://kawalpemilu.org#66125,"TATELI WERU, MANDOLANG, MINAHASA, SULAWESI UTARA",1,208,23,231
https://kawalpemilu.org#66125,"TATELI WERU, MANDOLANG, MINAHASA, SULAWESI UTARA",2,208,14,222
https://kawalpemilu.org#66125,"TATELI WERU, MANDOLANG, MINAHASA, SULAWESI UTARA",3,203,23,226
https://kawalpemilu.org#66125,"TATELI WERU, MANDOLANG, MINAHASA, SULAWESI UTARA",4,218,19,237
https://kawalpemilu.org#66125,"TATELI WERU, MANDOLANG, MINAHASA, SULAWESI UTARA",5,187,13,200
https://kawalpemilu.org#66125,"TATELI WERU, MANDOLANG, MINAHASA, SULAWESI UTARA",6,162,3,165
https://kawalpemilu.org#66126,"KOHA, MANDOLANG, MINAHASA, SULAWESI UTARA",1,211,18,229
https://kawalpemilu.org#66126,"KOHA, MANDOLANG, MINAHASA, SULAWESI UTARA",2,231,16,247
https://kawalpemilu.org#66126,"KOHA, MANDOLANG, MINAHASA, SULAWESI UTARA",3,58,5,63
https://kawalpemilu.org#66127,"AGOTEY, MANDOLANG, MINAHASA, SULAWESI UTARA",1,179,23,202
https://kawalpemilu.org#66127,"AGOTEY, MANDOLANG, MINAHASA, SULAWESI UTARA",2,177,31,208
https://kawalpemilu.org#88931,"TATELI SATU, MANDOLANG, MINAHASA, SULAWESI UTARA",1,204,24,228
https://kawalpemilu.org#88931,"TATELI SATU, MANDOLANG, MINAHASA, SULAWESI UTARA",2,247,17,264
https://kawalpemilu.org#88931,"TATELI SATU, MANDOLANG, MINAHASA, SULAWESI UTARA",3,132,23,155
https://kawalpemilu.org#88933,"TATELI DUA, MANDOLANG, MINAHASA, SULAWESI UTARA",1,124,99,223
https://kawalpemilu.org#88933,"TATELI DUA, MANDOLANG, MINAHASA, SULAWESI UTARA",2,94,104,198
https://kawalpemilu.org#88933,"TATELI DUA, MANDOLANG, MINAHASA, SULAWESI UTARA",3,113,94,207
https://kawalpemilu.org#88933,"TATELI DUA, MANDOLANG, MINAHASA, SULAWESI UTARA",4,95,93,188
https://kawalpemilu.org#88933,"TATELI DUA, MANDOLANG, MINAHASA, SULAWESI UTARA",5,82,90,172
https://kawalpemilu.org#88933,"TATELI DUA, MANDOLANG, MINAHASA, SULAWESI UTARA",6,178,26,204
https://kawalpemilu.org#88933,"TATELI DUA, MANDOLANG, MINAHASA, SULAWESI UTARA",7,169,34,203
https://kawalpemilu.org#88933,"TATELI DUA, MANDOLANG, MINAHASA, SULAWESI UTARA",8,134,15,149
https://kawalpemilu.org#88933,"TATELI DUA, MANDOLANG, MINAHASA, SULAWESI UTARA",9,158,13,171
https://kawalpemilu.org#88935,"TATELI TIGA, MANDOLANG, MINAHASA, SULAWESI UTARA",1,223,23,246
https://kawalpemilu.org#88935,"TATELI TIGA, MANDOLANG, MINAHASA, SULAWESI UTARA",2,243,7,250
https://kawalpemilu.org#88935,"TATELI TIGA, MANDOLANG, MINAHASA, SULAWESI UTARA",3,236,25,261
https://kawalpemilu.org#88935,"TATELI TIGA, MANDOLANG, MINAHASA, SULAWESI UTARA",4,172,22,194
https://kawalpemilu.org#88935,"TATELI TIGA, MANDOLANG, MINAHASA, SULAWESI UTARA",5,235,41,276
https://kawalpemilu.org#88937,"KOHA BARAT, MANDOLANG, MINAHASA, SULAWESI UTARA",1,209,30,239
https://kawalpemilu.org#88937,"KOHA BARAT, MANDOLANG, MINAHASA, SULAWESI UTARA",2,213,45,258
https://kawalpemilu.org#88939,"KOHA TIMUR, MANDOLANG, MINAHASA, SULAWESI UTARA",1,239,24,263
https://kawalpemilu.org#88939,"KOHA TIMUR, MANDOLANG, MINAHASA, SULAWESI UTARA",2,233,25,258
https://kawalpemilu.org#88939,"KOHA TIMUR, MANDOLANG, MINAHASA, SULAWESI UTARA",3,208,21,229
https://kawalpemilu.org#88941,"KOHA SELATAN, MANDOLANG, MINAHASA, SULAWESI UTARA",1,235,14,249
https://kawalpemilu.org#88941,"KOHA SELATAN, MANDOLANG, MINAHASA, SULAWESI UTARA",2,231,16,0
https://kawalpemilu.org#88941,"KOHA SELATAN, MANDOLANG, MINAHASA, SULAWESI UTARA",3,233,16,253
https://kawalpemilu.org#66144,"RANOTONGKOR, TOMBARIRI TIMUR, MINAHASA, SULAWESI UTARA",1,182,17,199
https://kawalpemilu.org#66144,"RANOTONGKOR, TOMBARIRI TIMUR, MINAHASA, SULAWESI UTARA",3,183,11,194
https://kawalpemilu.org#66144,"RANOTONGKOR, TOMBARIRI TIMUR, MINAHASA, SULAWESI UTARA",4,185,6,191
https://kawalpemilu.org#66146,"LEMOH, TOMBARIRI TIMUR, MINAHASA, SULAWESI UTARA",1,205,22,227
https://kawalpemilu.org#66146,"LEMOH, TOMBARIRI TIMUR, MINAHASA, SULAWESI UTARA",2,165,12,177
https://kawalpemilu.org#66146,"LEMOH, TOMBARIRI TIMUR, MINAHASA, SULAWESI UTARA",3,181,12,193
https://kawalpemilu.org#88945,"LEMOH BARAT, TOMBARIRI TIMUR, MINAHASA, SULAWESI UTARA",1,204,15,219
https://kawalpemilu.org#88945,"LEMOH BARAT, TOMBARIRI TIMUR, MINAHASA, SULAWESI UTARA",2,223,6,229
https://kawalpemilu.org#88945,"LEMOH BARAT, TOMBARIRI TIMUR, MINAHASA, SULAWESI UTARA",3,207,10,217
https://kawalpemilu.org#88945,"LEMOH BARAT, TOMBARIRI TIMUR, MINAHASA, SULAWESI UTARA",4,189,19,208
https://kawalpemilu.org#88948,"LEMOH TIMUR, TOMBARIRI TIMUR, MINAHASA, SULAWESI UTARA",1,204,13,217
https://kawalpemilu.org#88948,"LEMOH TIMUR, TOMBARIRI TIMUR, MINAHASA, SULAWESI UTARA",2,221,8,229
https://kawalpemilu.org#88948,"LEMOH TIMUR, TOMBARIRI TIMUR, MINAHASA, SULAWESI UTARA",3,185,22,207
https://kawalpemilu.org#88948,"LEMOH TIMUR, TOMBARIRI TIMUR, MINAHASA, SULAWESI UTARA",4,194,10,204
https://kawalpemilu.org#88949,"LEMOH UNER, TOMBARIRI TIMUR, MINAHASA, SULAWESI UTARA",1,208,12,220
https://kawalpemilu.org#88949,"LEMOH UNER, TOMBARIRI TIMUR, MINAHASA, SULAWESI UTARA",2,180,8,188
https://kawalpemilu.org#88951,"LOLAH, TOMBARIRI TIMUR, MINAHASA, SULAWESI UTARA",1,163,29,192
https://kawalpemilu.org#88951,"LOLAH, TOMBARIRI TIMUR, MINAHASA, SULAWESI UTARA",2,149,32,181
https://kawalpemilu.org#88951,"LOLAH, TOMBARIRI TIMUR, MINAHASA, SULAWESI UTARA",3,168,12,180
https://kawalpemilu.org#88953,"LOLAH SATU, TOMBARIRI TIMUR, MINAHASA, SULAWESI UTARA",1,213,22,235
https://kawalpemilu.org#88953,"LOLAH SATU, TOMBARIRI TIMUR, MINAHASA, SULAWESI UTARA",2,191,31,222
https://kawalpemilu.org#88953,"LOLAH SATU, TOMBARIRI TIMUR, MINAHASA, SULAWESI UTARA",3,187,25,212
https://kawalpemilu.org#88955,"LOLAH DUA, TOMBARIRI TIMUR, MINAHASA, SULAWESI UTARA",1,151,37,188
https://kawalpemilu.org#88955,"LOLAH DUA, TOMBARIRI TIMUR, MINAHASA, SULAWESI UTARA",2,145,29,174
https://kawalpemilu.org#88955,"LOLAH DUA, TOMBARIRI TIMUR, MINAHASA, SULAWESI UTARA",3,141,28,169
https://kawalpemilu.org#88956,"LOLAH TIGA, TOMBARIRI TIMUR, MINAHASA, SULAWESI UTARA",1,188,41,229
https://kawalpemilu.org#88956,"LOLAH TIGA, TOMBARIRI TIMUR, MINAHASA, SULAWESI UTARA",2,148,77,225
https://kawalpemilu.org#88956,"LOLAH TIGA, TOMBARIRI TIMUR, MINAHASA, SULAWESI UTARA",3,151,49,200
https://kawalpemilu.org#88957,"RANOTONGKOR TIMUR, TOMBARIRI TIMUR, MINAHASA, SULAWESI UTARA",1,162,25,187
https://kawalpemilu.org#88957,"RANOTONGKOR TIMUR, TOMBARIRI TIMUR, MINAHASA, SULAWESI UTARA",2,192,8,200
https://kawalpemilu.org#88957,"RANOTONGKOR TIMUR, TOMBARIRI TIMUR, MINAHASA, SULAWESI UTARA",3,178,11,189
https://kawalpemilu.org#66047,"PINABETENGAN, TOMPASO BARAT, MINAHASA, SULAWESI UTARA",1,206,36,242
https://kawalpemilu.org#66047,"PINABETENGAN, TOMPASO BARAT, MINAHASA, SULAWESI UTARA",2,213,29,242
https://kawalpemilu.org#66048,"TONSEWER, TOMPASO BARAT, MINAHASA, SULAWESI UTARA",1,225,25,253
https://kawalpemilu.org#66048,"TONSEWER, TOMPASO BARAT, MINAHASA, SULAWESI UTARA",2,217,29,246
https://kawalpemilu.org#66048,"TONSEWER, TOMPASO BARAT, MINAHASA, SULAWESI UTARA",3,219,23,242
https://kawalpemilu.org#66049,"TOUURE, TOMPASO BARAT, MINAHASA, SULAWESI UTARA",1,230,2,232
https://kawalpemilu.org#66049,"TOUURE, TOMPASO BARAT, MINAHASA, SULAWESI UTARA",2,223,0,223
https://kawalpemilu.org#66054,"TOMPASO DUA, TOMPASO BARAT, MINAHASA, SULAWESI UTARA",1,202,12,214
https://kawalpemilu.org#66054,"TOMPASO DUA, TOMPASO BARAT, MINAHASA, SULAWESI UTARA",2,189,19,208
https://kawalpemilu.org#66054,"TOMPASO DUA, TOMPASO BARAT, MINAHASA, SULAWESI UTARA",3,231,8,239
https://kawalpemilu.org#66054,"TOMPASO DUA, TOMPASO BARAT, MINAHASA, SULAWESI UTARA",4,187,13,200
https://kawalpemilu.org#66054,"TOMPASO DUA, TOMPASO BARAT, MINAHASA, SULAWESI UTARA",5,199,13,212
https://kawalpemilu.org#88959,"PENAESAAN, TOMPASO BARAT, MINAHASA, SULAWESI UTARA",1,152,19,171
https://kawalpemilu.org#88959,"PENAESAAN, TOMPASO BARAT, MINAHASA, SULAWESI UTARA",2,142,14,156
https://kawalpemilu.org#88960,"TOMPASO DUA UTARA, TOMPASO BARAT, MINAHASA, SULAWESI UTARA",1,201,37,238
https://kawalpemilu.org#88960,"TOMPASO DUA UTARA, TOMPASO BARAT, MINAHASA, SULAWESI UTARA",2,218,10,228
https://kawalpemilu.org#88962,"PINABETENGAN UTARA, TOMPASO BARAT, MINAHASA, SULAWESI UTARA",1,218,44,262
https://kawalpemilu.org#88962,"PINABETENGAN UTARA, TOMPASO BARAT, MINAHASA, SULAWESI UTARA",2,200,48,248
https://kawalpemilu.org#88962,"PINABETENGAN UTARA, TOMPASO BARAT, MINAHASA, SULAWESI UTARA",3,192,59,251
https://kawalpemilu.org#88962,"PINABETENGAN UTARA, TOMPASO BARAT, MINAHASA, SULAWESI UTARA",4,196,56,252
https://kawalpemilu.org#88964,"PINABETENGAN SELATAN, TOMPASO BARAT, MINAHASA, SULAWESI UTARA",1,185,35,220
https://kawalpemilu.org#88964,"PINABETENGAN SELATAN, TOMPASO BARAT, MINAHASA, SULAWESI UTARA",2,188,17,205
https://kawalpemilu.org#88964,"PINABETENGAN SELATAN, TOMPASO BARAT, MINAHASA, SULAWESI UTARA",3,189,21,210
https://kawalpemilu.org#88966,"TONSEWER SELATAN, TOMPASO BARAT, MINAHASA, SULAWESI UTARA",1,189,12,201
https://kawalpemilu.org#88966,"TONSEWER SELATAN, TOMPASO BARAT, MINAHASA, SULAWESI UTARA",2,197,37,234
https://kawalpemilu.org#88967,"TOUURE DUA, TOMPASO BARAT, MINAHASA, SULAWESI UTARA",1,188,5,193
https://kawalpemilu.org#66190,"KALASUGE, TABUKAN UTARA, KEPULAUAN SANGIHE, SULAWESI UTARA",1,112,73,185
https://kawalpemilu.org#66190,"KALASUGE, TABUKAN UTARA, KEPULAUAN SANGIHE, SULAWESI UTARA",2,140,101,241
https://kawalpemilu.org#66190,"KALASUGE, TABUKAN UTARA, KEPULAUAN SANGIHE, SULAWESI UTARA",3,172,68,240
https://kawalpemilu.org#66190,"KALASUGE, TABUKAN UTARA, KEPULAUAN SANGIHE, SULAWESI UTARA",4,148,102,250
https://kawalpemilu.org#66190,"KALASUGE, TABUKAN UTARA, KEPULAUAN SANGIHE, SULAWESI UTARA",5,117,121,238
https://kawalpemilu.org#66191,"BAHU, TABUKAN UTARA, KEPULAUAN SANGIHE, SULAWESI UTARA",1,92,107,199
https://kawalpemilu.org#66191,"BAHU, TABUKAN UTARA, KEPULAUAN SANGIHE, SULAWESI UTARA",2,85,124,209
https://kawalpemilu.org#66191,"BAHU, TABUKAN UTARA, KEPULAUAN SANGIHE, SULAWESI UTARA",3,92,107,199
https://kawalpemilu.org#66192,"MALA, TABUKAN UTARA, KEPULAUAN SANGIHE, SULAWESI UTARA",1,123,89,212
https://kawalpemilu.org#66192,"MALA, TABUKAN UTARA, KEPULAUAN SANGIHE, SULAWESI UTARA",2,150,72,221
https://kawalpemilu.org#66192,"MALA, TABUKAN UTARA, KEPULAUAN SANGIHE, SULAWESI UTARA",3,135,61,196
https://kawalpemilu.org#66192,"MALA, TABUKAN UTARA, KEPULAUAN SANGIHE, SULAWESI UTARA",4,104,90,194
https://kawalpemilu.org#66192,"MALA, TABUKAN UTARA, KEPULAUAN SANGIHE, SULAWESI UTARA",5,112,42,154
https://kawalpemilu.org#66193,"KALEKUBE, TABUKAN UTARA, KEPULAUAN SANGIHE, SULAWESI UTARA",1,171,57,228
https://kawalpemilu.org#66193,"KALEKUBE, TABUKAN UTARA, KEPULAUAN SANGIHE, SULAWESI UTARA",2,107,136,243
https://kawalpemilu.org#66193,"KALEKUBE, TABUKAN UTARA, KEPULAUAN SANGIHE, SULAWESI UTARA",3,144,85,229
https://kawalpemilu.org#66194,"NAHA, TABUKAN UTARA, KEPULAUAN SANGIHE, SULAWESI UTARA",1,128,85,213
https://kawalpemilu.org#66194,"NAHA, TABUKAN UTARA, KEPULAUAN SANGIHE, SULAWESI UTARA",2,106,126,232
https://kawalpemilu.org#66194,"NAHA, TABUKAN UTARA, KEPULAUAN SANGIHE, SULAWESI UTARA",3,138,58,196
https://kawalpemilu.org#66194,"NAHA, TABUKAN UTARA, KEPULAUAN SANGIHE, SULAWESI UTARA",4,156,27,183
https://kawalpemilu.org#66195,"BEHA, TABUKAN UTARA, KEPULAUAN SANGIHE, SULAWESI UTARA",1,90,110,200
https://kawalpemilu.org#66195,"BEHA, TABUKAN UTARA, KEPULAUAN SANGIHE, SULAWESI UTARA",2,84,104,188
https://kawalpemilu.org#66195,"BEHA, TABUKAN UTARA, KEPULAUAN SANGIHE, SULAWESI UTARA",3,108,72,180
https://kawalpemilu.org#66195,"BEHA, TABUKAN UTARA, KEPULAUAN SANGIHE, SULAWESI UTARA",4,92,101,193
https://kawalpemilu.org#66195,"BEHA, TABUKAN UTARA, KEPULAUAN SANGIHE, SULAWESI UTARA",5,87,67,154
https://kawalpemilu.org#66196,"UTAURANO, TABUKAN UTARA, KEPULAUAN SANGIHE, SULAWESI UTARA",1,112,94,206
https://kawalpemilu.org#66196,"UTAURANO, TABUKAN UTARA, KEPULAUAN SANGIHE, SULAWESI UTARA",2,97,98,195
https://kawalpemilu.org#66196,"UTAURANO, TABUKAN UTARA, KEPULAUAN SANGIHE, SULAWESI UTARA",3,111,67,177
https://kawalpemilu.org#66197,"LENGANENG, TABUKAN UTARA, KEPULAUAN SANGIHE, SULAWESI UTARA",1,186,48,234
https://kawalpemilu.org#66197,"LENGANENG, TABUKAN UTARA, KEPULAUAN SANGIHE, SULAWESI UTARA",2,194,45,239
https://kawalpemilu.org#66198,"TAROLANG, TABUKAN UTARA, KEPULAUAN SANGIHE, SULAWESI UTARA",1,131,82,213
https://kawalpemilu.org#66198,"TAROLANG, TABUKAN UTARA, KEPULAUAN SANGIHE, SULAWESI UTARA",2,118,70,188
https://kawalpemilu.org#66199,"TOLA, TABUKAN UTARA, KEPULAUAN SANGIHE, SULAWESI UTARA",1,133,100,233
https://kawalpemilu.org#66199,"TOLA, TABUKAN UTARA, KEPULAUAN SANGIHE, SULAWESI UTARA",2,130,46,176
https://kawalpemilu.org#66199,"TOLA, TABUKAN UTARA, KEPULAUAN SANGIHE, SULAWESI UTARA",3,132,84,216
https://kawalpemilu.org#66199,"TOLA, TABUKAN UTARA, KEPULAUAN SANGIHE, SULAWESI UTARA",4,100,35,135
https://kawalpemilu.org#66200,"KALURAE, TABUKAN UTARA, KEPULAUAN SANGIHE, SULAWESI UTARA",1,142,12,154
https://kawalpemilu.org#66200,"KALURAE, TABUKAN UTARA, KEPULAUAN SANGIHE, SULAWESI UTARA",2,147,13,160
https://kawalpemilu.org#66201,"BENGKETANG, TABUKAN UTARA, KEPULAUAN SANGIHE, SULAWESI UTARA",1,183,45,228
https://kawalpemilu.org#66201,"BENGKETANG, TABUKAN UTARA, KEPULAUAN SANGIHE, SULAWESI UTARA",2,177,12,189
https://kawalpemilu.org#66202,"PETTA, TABUKAN UTARA, KEPULAUAN SANGIHE, SULAWESI UTARA",1,144,57,201
https://kawalpemilu.org#66202,"PETTA, TABUKAN UTARA, KEPULAUAN SANGIHE, SULAWESI UTARA",2,165,55,220
https://kawalpemilu.org#66202,"PETTA, TABUKAN UTARA, KEPULAUAN SANGIHE, SULAWESI UTARA",3,154,55,209
https://kawalpemilu.org#66203,"BOWONGKULU, TABUKAN UTARA, KEPULAUAN SANGIHE, SULAWESI UTARA",1,119,67,186
https://kawalpemilu.org#66203,"BOWONGKULU, TABUKAN UTARA, KEPULAUAN SANGIHE, SULAWESI UTARA",2,137,48,185
https://kawalpemilu.org#66204,"PUSUNGE, TABUKAN UTARA, KEPULAUAN SANGIHE, SULAWESI UTARA",1,135,34,169
https://kawalpemilu.org#66204,"PUSUNGE, TABUKAN UTARA, KEPULAUAN SANGIHE, SULAWESI UTARA",2,153,13,166
https://kawalpemilu.org#66205,"MOADE, TABUKAN UTARA, KEPULAUAN SANGIHE, SULAWESI UTARA",1,93,108,201
https://kawalpemilu.org#66205,"MOADE, TABUKAN UTARA, KEPULAUAN SANGIHE, SULAWESI UTARA",2,97,86,183
https://kawalpemilu.org#66206,"RAKU, TABUKAN UTARA, KEPULAUAN SANGIHE, SULAWESI UTARA",1,84,130,214
https://kawalpemilu.org#66206,"RAKU, TABUKAN UTARA, KEPULAUAN SANGIHE, SULAWESI UTARA",2,78,106,184
https://kawalpemilu.org#66206,"RAKU, TABUKAN UTARA, KEPULAUAN SANGIHE, SULAWESI UTARA",3,64,84,148
https://kawalpemilu.org#66207,"PETTA TIMUR, TABUKAN UTARA, KEPULAUAN SANGIHE, SULAWESI UTARA",1,173,41,214
https://kawalpemilu.org#66207,"PETTA TIMUR, TABUKAN UTARA, KEPULAUAN SANGIHE, SULAWESI UTARA",2,144,45,189
https://kawalpemilu.org#66207,"PETTA TIMUR, TABUKAN UTARA, KEPULAUAN SANGIHE, SULAWESI UTARA",3,153,39,192
https://kawalpemilu.org#66208,"PETTA BARAT, TABUKAN UTARA, KEPULAUAN SANGIHE, SULAWESI UTARA",1,78,87,165
https://kawalpemilu.org#66208,"PETTA BARAT, TABUKAN UTARA, KEPULAUAN SANGIHE, SULAWESI UTARA",2,127,51,178
https://kawalpemilu.org#66208,"PETTA BARAT, TABUKAN UTARA, KEPULAUAN SANGIHE, SULAWESI UTARA",3,87,80,167
https://kawalpemilu.org#66209,"PETTA SELATAN, TABUKAN UTARA, KEPULAUAN SANGIHE, SULAWESI UTARA",1,62,74,136
https://kawalpemilu.org#66209,"PETTA SELATAN, TABUKAN UTARA, KEPULAUAN SANGIHE, SULAWESI UTARA",2,62,71,133
https://kawalpemilu.org#66210,"LIKUANG, TABUKAN UTARA, KEPULAUAN SANGIHE, SULAWESI UTARA",1,88,100,188
https://kawalpemilu.org#66210,"LIKUANG, TABUKAN UTARA, KEPULAUAN SANGIHE, SULAWESI UTARA",2,166,28,194
https://kawalpemilu.org#66210,"LIKUANG, TABUKAN UTARA, KEPULAUAN SANGIHE, SULAWESI UTARA",3,113,71,184
https://kawalpemilu.org#66210,"LIKUANG, TABUKAN UTARA, KEPULAUAN SANGIHE, SULAWESI UTARA",4,78,62,140
https://kawalpemilu.org#66211,"KALEKUBE I, TABUKAN UTARA, KEPULAUAN SANGIHE, SULAWESI UTARA",1,115,95,210
https://kawalpemilu.org#66211,"KALEKUBE I, TABUKAN UTARA, KEPULAUAN SANGIHE, SULAWESI UTARA",2,90,85,175
https://kawalpemilu.org#66212,"BOWONGKULU I, TABUKAN UTARA, KEPULAUAN SANGIHE, SULAWESI UTARA",1,73,45,118
https://kawalpemilu.org#66212,"BOWONGKULU I, TABUKAN UTARA, KEPULAUAN SANGIHE, SULAWESI UTARA",2,81,32,113
https://kawalpemilu.org#66213,"NAHA I, TABUKAN UTARA, KEPULAUAN SANGIHE, SULAWESI UTARA",1,139,35,174
https://kawalpemilu.org#66213,"NAHA I, TABUKAN UTARA, KEPULAUAN SANGIHE, SULAWESI UTARA",2,135,56,191
https://kawalpemilu.org#66213,"NAHA I, TABUKAN UTARA, KEPULAUAN SANGIHE, SULAWESI UTARA",3,86,35,121
https://kawalpemilu.org#66215,"NANEDAKELE, NUSA TABUKAN, KEPULAUAN SANGIHE, SULAWESI UTARA",1,89,109,198
https://kawalpemilu.org#66215,"NANEDAKELE, NUSA TABUKAN, KEPULAUAN SANGIHE, SULAWESI UTARA",2,90,26,116
https://kawalpemilu.org#66215,"NANEDAKELE, NUSA TABUKAN, KEPULAUAN SANGIHE, SULAWESI UTARA",3,105,122,227
https://kawalpemilu.org#66216,"NUSA, NUSA TABUKAN, KEPULAUAN SANGIHE, SULAWESI UTARA",1,141,50,191
https://kawalpemilu.org#66216,"NUSA, NUSA TABUKAN, KEPULAUAN SANGIHE, SULAWESI UTARA",2,84,30,114
https://kawalpemilu.org#66216,"NUSA, NUSA TABUKAN, KEPULAUAN SANGIHE, SULAWESI UTARA",3,106,41,147
https://kawalpemilu.org#66216,"NUSA, NUSA TABUKAN, KEPULAUAN SANGIHE, SULAWESI UTARA",4,148,36,184
https://kawalpemilu.org#66217,"BUKIDE, NUSA TABUKAN, KEPULAUAN SANGIHE, SULAWESI UTARA",1,134,12,146
https://kawalpemilu.org#66217,"BUKIDE, NUSA TABUKAN, KEPULAUAN SANGIHE, SULAWESI UTARA",2,127,26,153
https://kawalpemilu.org#66218,"BUKIDE TIMUR, NUSA TABUKAN, KEPULAUAN SANGIHE, SULAWESI UTARA",1,62,69,131
https://kawalpemilu.org#66218,"BUKIDE TIMUR, NUSA TABUKAN, KEPULAUAN SANGIHE, SULAWESI UTARA",2,93,63,156
https://kawalpemilu.org#66219,"NANUSA, NUSA TABUKAN, KEPULAUAN SANGIHE, SULAWESI UTARA",1,177,66,243
https://kawalpemilu.org#66221,"KALUWATU, MANGANITU SELATAN, KEPULAUAN SANGIHE, SULAWESI UTARA",1,193,9,202
https://kawalpemilu.org#66221,"KALUWATU, MANGANITU SELATAN, KEPULAUAN SANGIHE, SULAWESI UTARA",2,190,12,202
https://kawalpemilu.org#66221,"KALUWATU, MANGANITU SELATAN, KEPULAUAN SANGIHE, SULAWESI UTARA",3,155,15,170
https://kawalpemilu.org#66221,"KALUWATU, MANGANITU SELATAN, KEPULAUAN SANGIHE, SULAWESI UTARA",4,168,12,180
https://kawalpemilu.org#66222,"LAINE, MANGANITU SELATAN, KEPULAUAN SANGIHE, SULAWESI UTARA",1,138,26,164
https://kawalpemilu.org#66222,"LAINE, MANGANITU SELATAN, KEPULAUAN SANGIHE, SULAWESI UTARA",2,176,15,191
https://kawalpemilu.org#66222,"LAINE, MANGANITU SELATAN, KEPULAUAN SANGIHE, SULAWESI UTARA",3,141,15,156
https://kawalpemilu.org#66222,"LAINE, MANGANITU SELATAN, KEPULAUAN SANGIHE, SULAWESI UTARA",4,141,9,150
https://kawalpemilu.org#66222,"LAINE, MANGANITU SELATAN, KEPULAUAN SANGIHE, SULAWESI UTARA",5,173,13,186
https://kawalpemilu.org#66223,"LAPANGO, MANGANITU SELATAN, KEPULAUAN SANGIHE, SULAWESI UTARA",1,182,17,199
https://kawalpemilu.org#66223,"LAPANGO, MANGANITU SELATAN, KEPULAUAN SANGIHE, SULAWESI UTARA",2,205,14,219
https://kawalpemilu.org#66223,"LAPANGO, MANGANITU SELATAN, KEPULAUAN SANGIHE, SULAWESI UTARA",3,197,13,210
https://kawalpemilu.org#66223,"LAPANGO, MANGANITU SELATAN, KEPULAUAN SANGIHE, SULAWESI UTARA",4,154,33,187
https://kawalpemilu.org#66223,"LAPANGO, MANGANITU SELATAN, KEPULAUAN SANGIHE, SULAWESI UTARA",5,154,17,171
https://kawalpemilu.org#66223,"LAPANGO, MANGANITU SELATAN, KEPULAUAN SANGIHE, SULAWESI UTARA",6,162,12,174
https://kawalpemilu.org#66224,"SOWAENG, MANGANITU SELATAN, KEPULAUAN SANGIHE, SULAWESI UTARA",1,166,19,185
https://kawalpemilu.org#66224,"SOWAENG, MANGANITU SELATAN, KEPULAUAN SANGIHE, SULAWESI UTARA",2,226,8,234
https://kawalpemilu.org#66224,"SOWAENG, MANGANITU SELATAN, KEPULAUAN SANGIHE, SULAWESI UTARA",3,181,22,203
https://kawalpemilu.org#66225,"NGALIPAENG I, MANGANITU SELATAN, KEPULAUAN SANGIHE, SULAWESI UTARA",1,145,25,170
https://kawalpemilu.org#66225,"NGALIPAENG I, MANGANITU SELATAN, KEPULAUAN SANGIHE, SULAWESI UTARA",2,136,6,142
https://kawalpemilu.org#66226,"NGALIPAENG II, MANGANITU SELATAN, KEPULAUAN SANGIHE, SULAWESI UTARA",1,130,63,193
https://kawalpemilu.org#66226,"NGALIPAENG II, MANGANITU SELATAN, KEPULAUAN SANGIHE, SULAWESI UTARA",2,148,37,185
https://kawalpemilu.org#66226,"NGALIPAENG II, MANGANITU SELATAN, KEPULAUAN SANGIHE, SULAWESI UTARA",3,118,57,175
https://kawalpemilu.org#66227,"BATUNDERANG, MANGANITU SELATAN, KEPULAUAN SANGIHE, SULAWESI UTARA",1,186,23,209
https://kawalpemilu.org#66227,"BATUNDERANG, MANGANITU SELATAN, KEPULAUAN SANGIHE, SULAWESI UTARA",2,211,4,215
https://kawalpemilu.org#66228,"BEBALANG, MANGANITU SELATAN, KEPULAUAN SANGIHE, SULAWESI UTARA",1,152,2,154
https://kawalpemilu.org#66228,"BEBALANG, MANGANITU SELATAN, KEPULAUAN SANGIHE, SULAWESI UTARA",2,131,4,135
https://kawalpemilu.org#66229,"MAWIRA, MANGANITU SELATAN, KEPULAUAN SANGIHE, SULAWESI UTARA",1,195,12,207
https://kawalpemilu.org#66230,"PINDANG, MANGANITU SELATAN, KEPULAUAN SANGIHE, SULAWESI UTARA",1,89,9,98
https://kawalpemilu.org#66230,"PINDANG, MANGANITU SELATAN, KEPULAUAN SANGIHE, SULAWESI UTARA",2,78,26,104
https://kawalpemilu.org#66231,"LAPEPAHE, MANGANITU SELATAN, KEPULAUAN SANGIHE, SULAWESI UTARA",1,121,18,139
https://kawalpemilu.org#66231,"LAPEPAHE, MANGANITU SELATAN, KEPULAUAN SANGIHE, SULAWESI UTARA",2,118,11,129
https://kawalpemilu.org#66232,"LEHIMI TARIANG, MANGANITU SELATAN, KEPULAUAN SANGIHE, SULAWESI UTARA",1,96,62,158
https://kawalpemilu.org#66232,"LEHIMI TARIANG, MANGANITU SELATAN, KEPULAUAN SANGIHE, SULAWESI UTARA",2,101,65,166
https://kawalpemilu.org#66233,"LAPANGO I, MANGANITU SELATAN, KEPULAUAN SANGIHE, SULAWESI UTARA",1,161,13,174
https://kawalpemilu.org#66233,"LAPANGO I, MANGANITU SELATAN, KEPULAUAN SANGIHE, SULAWESI UTARA",2,114,9,123
https://kawalpemilu.org#66233,"LAPANGO I, MANGANITU SELATAN, KEPULAUAN SANGIHE, SULAWESI UTARA",3,161,7,168
https://kawalpemilu.org#66235,"KALAMA, TATOARENG, KEPULAUAN SANGIHE, SULAWESI UTARA",1,114,5,119
https://kawalpemilu.org#66235,"KALAMA, TATOARENG, KEPULAUAN SANGIHE, SULAWESI UTARA",2,87,7,94
https://kawalpemilu.org#66235,"KALAMA, TATOARENG, KEPULAUAN SANGIHE, SULAWESI UTARA",3,215,15,230
https://kawalpemilu.org#66235,"KALAMA, TATOARENG, KEPULAUAN SANGIHE, SULAWESI UTARA",4,108,0,108
https://kawalpemilu.org#66236,"KAHAKITANG, TATOARENG, KEPULAUAN SANGIHE, SULAWESI UTARA",1,192,19,211
https://kawalpemilu.org#66236,"KAHAKITANG, TATOARENG, KEPULAUAN SANGIHE, SULAWESI UTARA",2,176,17,193
https://kawalpemilu.org#66237,"MAHENGETANG, TATOARENG, KEPULAUAN SANGIHE, SULAWESI UTARA",1,205,10,215
https://kawalpemilu.org#66237,"MAHENGETANG, TATOARENG, KEPULAUAN SANGIHE, SULAWESI UTARA",2,194,10,204
https://kawalpemilu.org#66238,"PARA, TATOARENG, KEPULAUAN SANGIHE, SULAWESI UTARA",1,192,4,196
https://kawalpemilu.org#66238,"PARA, TATOARENG, KEPULAUAN SANGIHE, SULAWESI UTARA",2,208,4,212
https://kawalpemilu.org#66238,"PARA, TATOARENG, KEPULAUAN SANGIHE, SULAWESI UTARA",3,190,1,191
https://kawalpemilu.org#66239,"DALAKO BEMBANEHE, TATOARENG, KEPULAUAN SANGIHE, SULAWESI UTARA",1,113,21,134
https://kawalpemilu.org#66239,"DALAKO BEMBANEHE, TATOARENG, KEPULAUAN SANGIHE, SULAWESI UTARA",2,121,8,129
https://kawalpemilu.org#66239,"DALAKO BEMBANEHE, TATOARENG, KEPULAUAN SANGIHE, SULAWESI UTARA",3,109,8,117
https://kawalpemilu.org#66240,"TALEKO BATUSAIKI, TATOARENG, KEPULAUAN SANGIHE, SULAWESI UTARA",1,200,19,219
https://kawalpemilu.org#66240,"TALEKO BATUSAIKI, TATOARENG, KEPULAUAN SANGIHE, SULAWESI UTARA",2,115,20,135
https://kawalpemilu.org#66241,"PARA I, TATOARENG, KEPULAUAN SANGIHE, SULAWESI UTARA",1,117,26,143
https://kawalpemilu.org#66241,"PARA I, TATOARENG, KEPULAUAN SANGIHE, SULAWESI UTARA",2,98,0,98
https://kawalpemilu.org#66243,"NAGHA I, TAMAKO, KEPULAUAN SANGIHE, SULAWESI UTARA",1,184,27,211
https://kawalpemilu.org#66243,"NAGHA I, TAMAKO, KEPULAUAN SANGIHE, SULAWESI UTARA",2,186,15,201
https://kawalpemilu.org#66243,"NAGHA I, TAMAKO, KEPULAUAN SANGIHE, SULAWESI UTARA",3,61,22,83
https://kawalpemilu.org#66243,"NAGHA I, TAMAKO, KEPULAUAN SANGIHE, SULAWESI UTARA",4,181,14,195
https://kawalpemilu.org#66244,"NAGHA II, TAMAKO, KEPULAUAN SANGIHE, SULAWESI UTARA",1,193,33,226
https://kawalpemilu.org#66244,"NAGHA II, TAMAKO, KEPULAUAN SANGIHE, SULAWESI UTARA",2,164,25,189
https://kawalpemilu.org#66244,"NAGHA II, TAMAKO, KEPULAUAN SANGIHE, SULAWESI UTARA",3,177,22,199
https://kawalpemilu.org#66244,"NAGHA II, TAMAKO, KEPULAUAN SANGIHE, SULAWESI UTARA",4,156,30,186
https://kawalpemilu.org#66244,"NAGHA II, TAMAKO, KEPULAUAN SANGIHE, SULAWESI UTARA",5,129,22,151
https://kawalpemilu.org#66245,"POKOL, TAMAKO, KEPULAUAN SANGIHE, SULAWESI UTARA",1,170,22,192
https://kawalpemilu.org#66245,"POKOL, TAMAKO, KEPULAUAN SANGIHE, SULAWESI UTARA",2,176,21,197
https://kawalpemilu.org#66245,"POKOL, TAMAKO, KEPULAUAN SANGIHE, SULAWESI UTARA",3,144,30,174
https://kawalpemilu.org#66246,"BALANE, TAMAKO, KEPULAUAN SANGIHE, SULAWESI UTARA",1,208,35,243
https://kawalpemilu.org#66246,"BALANE, TAMAKO, KEPULAUAN SANGIHE, SULAWESI UTARA",2,184,54,238
https://kawalpemilu.org#66247,"BINALA, TAMAKO, KEPULAUAN SANGIHE, SULAWESI UTARA",1,183,15,198
https://kawalpemilu.org#66247,"BINALA, TAMAKO, KEPULAUAN SANGIHE, SULAWESI UTARA",2,173,24,197
https://kawalpemilu.org#66248,"ULUNG PELIANG, TAMAKO, KEPULAUAN SANGIHE, SULAWESI UTARA",1,151,52,203
https://kawalpemilu.org#66248,"ULUNG PELIANG, TAMAKO, KEPULAUAN SANGIHE, SULAWESI UTARA",2,183,20,203
https://kawalpemilu.org#66248,"ULUNG PELIANG, TAMAKO, KEPULAUAN SANGIHE, SULAWESI UTARA",3,175,28,203
https://kawalpemilu.org#66249,"MENGGAWA, TAMAKO, KEPULAUAN SANGIHE, SULAWESI UTARA",1,167,29,196
https://kawalpemilu.org#66249,"MENGGAWA, TAMAKO, KEPULAUAN SANGIHE, SULAWESI UTARA",2,150,31,181
https://kawalpemilu.org#66249,"MENGGAWA, TAMAKO, KEPULAUAN SANGIHE, SULAWESI UTARA",3,165,33,198
https://kawalpemilu.org#66250,"KALINDA, TAMAKO, KEPULAUAN SANGIHE, SULAWESI UTARA",1,184,42,226
https://kawalpemilu.org#66250,"KALINDA, TAMAKO, KEPULAUAN SANGIHE, SULAWESI UTARA",2,183,40,223
https://kawalpemilu.org#66251,"BEBU, TAMAKO, KEPULAUAN SANGIHE, SULAWESI UTARA",1,185,25,210
https://kawalpemilu.org#66251,"BEBU, TAMAKO, KEPULAUAN SANGIHE, SULAWESI UTARA",2,168,29,197
https://kawalpemilu.org#66252,"MAKALEKUHE, TAMAKO, KEPULAUAN SANGIHE, SULAWESI UTARA",1,206,16,222
https://kawalpemilu.org#66252,"MAKALEKUHE, TAMAKO, KEPULAUAN SANGIHE, SULAWESI UTARA",2,200,13,213
https://kawalpemilu.org#66253,"PANANARU, TAMAKO, KEPULAUAN SANGIHE, SULAWESI UTARA",1,154,16,170
https://kawalpemilu.org#66253,"PANANARU, TAMAKO, KEPULAUAN SANGIHE, SULAWESI UTARA",2,154,8,162
https://kawalpemilu.org#66253,"PANANARU, TAMAKO, KEPULAUAN SANGIHE, SULAWESI UTARA",3,126,19,145
https://kawalpemilu.org#66254,"DAGHO, TAMAKO, KEPULAUAN SANGIHE, SULAWESI UTARA",1,195,13,208
https://kawalpemilu.org#66254,"DAGHO, TAMAKO, KEPULAUAN SANGIHE, SULAWESI UTARA",2,171,36,207
https://kawalpemilu.org#66254,"DAGHO, TAMAKO, KEPULAUAN SANGIHE, SULAWESI UTARA",3,190,7,197
https://kawalpemilu.org#66254,"DAGHO, TAMAKO, KEPULAUAN SANGIHE, SULAWESI UTARA",4,173,6,179
https://kawalpemilu.org#66255,"MAHUMU, TAMAKO, KEPULAUAN SANGIHE, SULAWESI UTARA",1,177,13,190
https://kawalpemilu.org#66255,"MAHUMU, TAMAKO, KEPULAUAN SANGIHE, SULAWESI UTARA",2,169,14,183
https://kawalpemilu.org#66256,"LELIPANG, TAMAKO, KEPULAUAN SANGIHE, SULAWESI UTARA",1,127,27,154
https://kawalpemilu.org#66256,"LELIPANG, TAMAKO, KEPULAUAN SANGIHE, SULAWESI UTARA",2,122,37,159
https://kawalpemilu.org#66257,"MENGGAWA II, TAMAKO, KEPULAUAN SANGIHE, SULAWESI UTARA",1,164,8,172
https://kawalpemilu.org#66257,"MENGGAWA II, TAMAKO, KEPULAUAN SANGIHE, SULAWESI UTARA",2,105,17,122
https://kawalpemilu.org#66258,"KALAMA DARAT, TAMAKO, KEPULAUAN SANGIHE, SULAWESI UTARA",1,102,15,117
https://kawalpemilu.org#66258,"KALAMA DARAT, TAMAKO, KEPULAUAN SANGIHE, SULAWESI UTARA",2,112,9,121
https://kawalpemilu.org#66259,"KALINDA I, TAMAKO, KEPULAUAN SANGIHE, SULAWESI UTARA",1,100,12,112
https://kawalpemilu.org#66259,"KALINDA I, TAMAKO, KEPULAUAN SANGIHE, SULAWESI UTARA",2,102,13,115
https://kawalpemilu.org#66260,"MAHUMU I, TAMAKO, KEPULAUAN SANGIHE, SULAWESI UTARA",1,228,3,231
https://kawalpemilu.org#66261,"MAHUMU II, TAMAKO, KEPULAUAN SANGIHE, SULAWESI UTARA",1,174,25,199
https://kawalpemilu.org#66262,"HESANG, TAMAKO, KEPULAUAN SANGIHE, SULAWESI UTARA",1,157,26,183
https://kawalpemilu.org#66264,"TAWOALI, MANGANITU, KEPULAUAN SANGIHE, SULAWESI UTARA",1,147,12,159
https://kawalpemilu.org#66264,"TAWOALI, MANGANITU, KEPULAUAN SANGIHE, SULAWESI UTARA",2,140,18,158
https://kawalpemilu.org#66264,"TAWOALI, MANGANITU, KEPULAUAN SANGIHE, SULAWESI UTARA",3,125,32,157
https://kawalpemilu.org#66265,"BARANGKA, MANGANITU, KEPULAUAN SANGIHE, SULAWESI UTARA",1,220,28,248
https://kawalpemilu.org#66265,"BARANGKA, MANGANITU, KEPULAUAN SANGIHE, SULAWESI UTARA",2,251,11,262
https://kawalpemilu.org#66265,"BARANGKA, MANGANITU, KEPULAUAN SANGIHE, SULAWESI UTARA",3,184,24,208
https://kawalpemilu.org#66266,"NAHEPESE, MANGANITU, KEPULAUAN SANGIHE, SULAWESI UTARA",1,184,8,192
https://kawalpemilu.org#66266,"NAHEPESE, MANGANITU, KEPULAUAN SANGIHE, SULAWESI UTARA",2,164,13,177
https://kawalpemilu.org#66267,"MANUMPITAENG, MANGANITU, KEPULAUAN SANGIHE, SULAWESI UTARA",1,181,20,201
https://kawalpemilu.org#66267,"MANUMPITAENG, MANGANITU, KEPULAUAN SANGIHE, SULAWESI UTARA",2,187,17,204
https://kawalpemilu.org#66268,"TALOARANE, MANGANITU, KEPULAUAN SANGIHE, SULAWESI UTARA",1,174,11,185
https://kawalpemilu.org#66268,"TALOARANE, MANGANITU, KEPULAUAN SANGIHE, SULAWESI UTARA",2,180,19,199
https://kawalpemilu.org#66268,"TALOARANE, MANGANITU, KEPULAUAN SANGIHE, SULAWESI UTARA",3,177,12,189
https://kawalpemilu.org#66269,"MALA, MANGANITU, KEPULAUAN SANGIHE, SULAWESI UTARA",1,214,20,234
https://kawalpemilu.org#66269,"MALA, MANGANITU, KEPULAUAN SANGIHE, SULAWESI UTARA",2,203,18,221
https://kawalpemilu.org#66270,"KARATUNG I, MANGANITU, KEPULAUAN SANGIHE, SULAWESI UTARA",1,146,6,152
https://kawalpemilu.org#66270,"KARATUNG I, MANGANITU, KEPULAUAN SANGIHE, SULAWESI UTARA",2,166,15,181
https://kawalpemilu.org#66270,"KARATUNG I, MANGANITU, KEPULAUAN SANGIHE, SULAWESI UTARA",3,165,22,187
https://kawalpemilu.org#66271,"KARATUNG II, MANGANITU, KEPULAUAN SANGIHE, SULAWESI UTARA",1,201,18,219
https://kawalpemilu.org#66271,"KARATUNG II, MANGANITU, KEPULAUAN SANGIHE, SULAWESI UTARA",2,237,9,246
https://kawalpemilu.org#66271,"KARATUNG II, MANGANITU, KEPULAUAN SANGIHE, SULAWESI UTARA",3,178,5,183
https://kawalpemilu.org#66272,"KAUHIS, MANGANITU, KEPULAUAN SANGIHE, SULAWESI UTARA",1,192,6,198
https://kawalpemilu.org#66272,"KAUHIS, MANGANITU, KEPULAUAN SANGIHE, SULAWESI UTARA",2,193,9,202
https://kawalpemilu.org#66272,"KAUHIS, MANGANITU, KEPULAUAN SANGIHE, SULAWESI UTARA",3,173,8,181
https://kawalpemilu.org#66272,"KAUHIS, MANGANITU, KEPULAUAN SANGIHE, SULAWESI UTARA",4,191,17,208
https://kawalpemilu.org#66273,"SESIWUNG, MANGANITU, KEPULAUAN SANGIHE, SULAWESI UTARA",1,166,21,187
https://kawalpemilu.org#66273,"SESIWUNG, MANGANITU, KEPULAUAN SANGIHE, SULAWESI UTARA",2,178,23,201
https://kawalpemilu.org#66273,"SESIWUNG, MANGANITU, KEPULAUAN SANGIHE, SULAWESI UTARA",3,156,16,172
https://kawalpemilu.org#66273,"SESIWUNG, MANGANITU, KEPULAUAN SANGIHE, SULAWESI UTARA",4,153,17,170
https://kawalpemilu.org#66274,"LEBO, MANGANITU, KEPULAUAN SANGIHE, SULAWESI UTARA",1,193,19,212
https://kawalpemilu.org#66274,"LEBO, MANGANITU, KEPULAUAN SANGIHE, SULAWESI UTARA",2,175,24,199
https://kawalpemilu.org#66274,"LEBO, MANGANITU, KEPULAUAN SANGIHE, SULAWESI UTARA",3,169,32,201
https://kawalpemilu.org#66274,"LEBO, MANGANITU, KEPULAUAN SANGIHE, SULAWESI UTARA",4,176,22,198
https://kawalpemilu.org#66274,"LEBO, MANGANITU, KEPULAUAN SANGIHE, SULAWESI UTARA",5,141,31,172
https://kawalpemilu.org#66275,"BARANGKALANG, MANGANITU, KEPULAUAN SANGIHE, SULAWESI UTARA",1,154,34,188
https://kawalpemilu.org#66275,"BARANGKALANG, MANGANITU, KEPULAUAN SANGIHE, SULAWESI UTARA",2,143,11,154
https://kawalpemilu.org#66275,"BARANGKALANG, MANGANITU, KEPULAUAN SANGIHE, SULAWESI UTARA",3,157,19,176
https://kawalpemilu.org#66276,"BELENGANG, MANGANITU, KEPULAUAN SANGIHE, SULAWESI UTARA",1,200,11,211
https://kawalpemilu.org#66276,"BELENGANG, MANGANITU, KEPULAUAN SANGIHE, SULAWESI UTARA",2,210,20,230
https://kawalpemilu.org#66276,"BELENGANG, MANGANITU, KEPULAUAN SANGIHE, SULAWESI UTARA",3,179,23,202
https://kawalpemilu.org#66276,"BELENGANG, MANGANITU, KEPULAUAN SANGIHE, SULAWESI UTARA",4,205,10,215
https://kawalpemilu.org#66277,"BAKALAENG, MANGANITU, KEPULAUAN SANGIHE, SULAWESI UTARA",1,158,32,190
https://kawalpemilu.org#66277,"BAKALAENG, MANGANITU, KEPULAUAN SANGIHE, SULAWESI UTARA",2,137,23,160
https://kawalpemilu.org#66278,"HIUNG, MANGANITU, KEPULAUAN SANGIHE, SULAWESI UTARA",1,214,19,233
https://kawalpemilu.org#66278,"HIUNG, MANGANITU, KEPULAUAN SANGIHE, SULAWESI UTARA",2,207,15,222
https://kawalpemilu.org#66279,"PINEBENTENGANG, MANGANITU, KEPULAUAN SANGIHE, SULAWESI UTARA",1,154,5,159
https://kawalpemilu.org#66279,"PINEBENTENGANG, MANGANITU, KEPULAUAN SANGIHE, SULAWESI UTARA",2,140,27,167
https://kawalpemilu.org#66280,"TALOARANE I, MANGANITU, KEPULAUAN SANGIHE, SULAWESI UTARA",1,162,20,182
https://kawalpemilu.org#66280,"TALOARANE I, MANGANITU, KEPULAUAN SANGIHE, SULAWESI UTARA",2,168,9,177
https://kawalpemilu.org#66281,"BENGKA, MANGANITU, KEPULAUAN SANGIHE, SULAWESI UTARA",1,136,30,166
https://kawalpemilu.org#66283,"BOWONGKALI, TABUKAN TENGAH, KEPULAUAN SANGIHE, SULAWESI UTARA",1,167,38,205
https://kawalpemilu.org#66283,"BOWONGKALI, TABUKAN TENGAH, KEPULAUAN SANGIHE, SULAWESI UTARA",2,182,14,196
https://kawalpemilu.org#66284,"KULUR I, TABUKAN TENGAH, KEPULAUAN SANGIHE, SULAWESI UTARA",1,199,21,220
https://kawalpemilu.org#66284,"KULUR I, TABUKAN TENGAH, KEPULAUAN SANGIHE, SULAWESI UTARA",2,206,25,231
https://kawalpemilu.org#66285,"KULUR II, TABUKAN TENGAH, KEPULAUAN SANGIHE, SULAWESI UTARA",1,175,29,204
https://kawalpemilu.org#66285,"KULUR II, TABUKAN TENGAH, KEPULAUAN SANGIHE, SULAWESI UTARA",2,185,35,220
https://kawalpemilu.org#66285,"KULUR II, TABUKAN TENGAH, KEPULAUAN SANGIHE, SULAWESI UTARA",3,100,15,115
https://kawalpemilu.org#66286,"BIRA, TABUKAN TENGAH, KEPULAUAN SANGIHE, SULAWESI UTARA",1,211,32,243
https://kawalpemilu.org#66286,"BIRA, TABUKAN TENGAH, KEPULAUAN SANGIHE, SULAWESI UTARA",2,202,24,226
https://kawalpemilu.org#66286,"BIRA, TABUKAN TENGAH, KEPULAUAN SANGIHE, SULAWESI UTARA",3,199,24,223
https://kawalpemilu.org#66287,"KUMA, TABUKAN TENGAH, KEPULAUAN SANGIHE, SULAWESI UTARA",1,220,10,230
https://kawalpemilu.org#66287,"KUMA, TABUKAN TENGAH, KEPULAUAN SANGIHE, SULAWESI UTARA",2,218,21,239
https://kawalpemilu.org#66288,"BUNGALAWANG, TABUKAN TENGAH, KEPULAUAN SANGIHE, SULAWESI UTARA",1,173,15,188
https://kawalpemilu.org#66288,"BUNGALAWANG, TABUKAN TENGAH, KEPULAUAN SANGIHE, SULAWESI UTARA",2,162,24,186
https://kawalpemilu.org#66288,"BUNGALAWANG, TABUKAN TENGAH, KEPULAUAN SANGIHE, SULAWESI UTARA",3,146,14,160
https://kawalpemilu.org#66289,"MIULU, TABUKAN TENGAH, KEPULAUAN SANGIHE, SULAWESI UTARA",1,151,17,168
https://kawalpemilu.org#66289,"MIULU, TABUKAN TENGAH, KEPULAUAN SANGIHE, SULAWESI UTARA",2,144,4,148
https://kawalpemilu.org#66289,"MIULU, TABUKAN TENGAH, KEPULAUAN SANGIHE, SULAWESI UTARA",3,157,10,167
https://kawalpemilu.org#66290,"GUNUNG, TABUKAN TENGAH, KEPULAUAN SANGIHE, SULAWESI UTARA",1,213,9,222
https://kawalpemilu.org#66290,"GUNUNG, TABUKAN TENGAH, KEPULAUAN SANGIHE, SULAWESI UTARA",2,197,11,208
https://kawalpemilu.org#66291,"TALENGEN, TABUKAN TENGAH, KEPULAUAN SANGIHE, SULAWESI UTARA",1,160,13,173
https://kawalpemilu.org#66291,"TALENGEN, TABUKAN TENGAH, KEPULAUAN SANGIHE, SULAWESI UTARA",2,222,15,237
https://kawalpemilu.org#66291,"TALENGEN, TABUKAN TENGAH, KEPULAUAN SANGIHE, SULAWESI UTARA",3,172,28,200
https://kawalpemilu.org#66292,"BIRU, TABUKAN TENGAH, KEPULAUAN SANGIHE, SULAWESI UTARA",1,113,61,174
https://kawalpemilu.org#66292,"BIRU, TABUKAN TENGAH, KEPULAUAN SANGIHE, SULAWESI UTARA",2,130,56,186
https://kawalpemilu.org#66293,"TARIANG BARU, TABUKAN TENGAH, KEPULAUAN SANGIHE, SULAWESI UTARA",1,193,25,218
https://kawalpemilu.org#66293,"TARIANG BARU, TABUKAN TENGAH, KEPULAUAN SANGIHE, SULAWESI UTARA",2,86,74,160
https://kawalpemilu.org#66293,"TARIANG BARU, TABUKAN TENGAH, KEPULAUAN SANGIHE, SULAWESI UTARA",3,81,78,159
https://kawalpemilu.org#66294,"SENSONG, TABUKAN TENGAH, KEPULAUAN SANGIHE, SULAWESI UTARA",1,193,68,261
https://kawalpemilu.org#66294,"SENSONG, TABUKAN TENGAH, KEPULAUAN SANGIHE, SULAWESI UTARA",2,132,75,207
https://kawalpemilu.org#66295,"RENDINGAN, TABUKAN TENGAH, KEPULAUAN SANGIHE, SULAWESI UTARA",1,53,93,146
https://kawalpemilu.org#66295,"RENDINGAN, TABUKAN TENGAH, KEPULAUAN SANGIHE, SULAWESI UTARA",2,41,66,140
https://kawalpemilu.org#66296,"PALAHANAENG, TABUKAN TENGAH, KEPULAUAN SANGIHE, SULAWESI UTARA",1,170,12,182
https://kawalpemilu.org#66297,"TIMBELANG, TABUKAN TENGAH, KEPULAUAN SANGIHE, SULAWESI UTARA",1,72,74,146
https://kawalpemilu.org#66297,"TIMBELANG, TABUKAN TENGAH, KEPULAUAN SANGIHE, SULAWESI UTARA",2,81,78,159
https://kawalpemilu.org#66298,"PELELANGEN, TABUKAN TENGAH, KEPULAUAN SANGIHE, SULAWESI UTARA",1,212,41,253
https://kawalpemilu.org#66299,"MALUENG, TABUKAN TENGAH, KEPULAUAN SANGIHE, SULAWESI UTARA",1,147,21,168
https://kawalpemilu.org#66300,"KUMA I, TABUKAN TENGAH, KEPULAUAN SANGIHE, SULAWESI UTARA",1,118,10,128
https://kawalpemilu.org#66300,"KUMA I, TABUKAN TENGAH, KEPULAUAN SANGIHE, SULAWESI UTARA",2,133,11,144
https://kawalpemilu.org#66302,"SIMUENG, TABUKAN SELATAN, KEPULAUAN SANGIHE, SULAWESI UTARA",1,154,7,161
https://kawalpemilu.org#66302,"SIMUENG, TABUKAN SELATAN, KEPULAUAN SANGIHE, SULAWESI UTARA",2,139,25,164
https://kawalpemilu.org#66302,"SIMUENG, TABUKAN SELATAN, KEPULAUAN SANGIHE, SULAWESI UTARA",3,138,8,146
https://kawalpemilu.org#66303,"BENTUNG, TABUKAN SELATAN, KEPULAUAN SANGIHE, SULAWESI UTARA",1,143,26,169
https://kawalpemilu.org#66303,"BENTUNG, TABUKAN SELATAN, KEPULAUAN SANGIHE, SULAWESI UTARA",2,143,25,168
https://kawalpemilu.org#66304,"LESABE, TABUKAN SELATAN, KEPULAUAN SANGIHE, SULAWESI UTARA",1,171,9,180
https://kawalpemilu.org#66304,"LESABE, TABUKAN SELATAN, KEPULAUAN SANGIHE, SULAWESI UTARA",2,175,16,191
https://kawalpemilu.org#66304,"LESABE, TABUKAN SELATAN, KEPULAUAN SANGIHE, SULAWESI UTARA",3,134,7,141
https://kawalpemilu.org#66305,"MALAMMENGGU, TABUKAN SELATAN, KEPULAUAN SANGIHE, SULAWESI UTARA",1,169,24,193
https://kawalpemilu.org#66305,"MALAMMENGGU, TABUKAN SELATAN, KEPULAUAN SANGIHE, SULAWESI UTARA",2,197,14,211
https://kawalpemilu.org#66306,"PALARENG, TABUKAN SELATAN, KEPULAUAN SANGIHE, SULAWESI UTARA",1,104,10,114
https://kawalpemilu.org#66306,"PALARENG, TABUKAN SELATAN, KEPULAUAN SANGIHE, SULAWESI UTARA",2,109,13,122
https://kawalpemilu.org#66307,"BINEBAS, TABUKAN SELATAN, KEPULAUAN SANGIHE, SULAWESI UTARA",1,128,21,149
https://kawalpemilu.org#66307,"BINEBAS, TABUKAN SELATAN, KEPULAUAN SANGIHE, SULAWESI UTARA",2,118,31,149
https://kawalpemilu.org#66308,"MANDOI, TABUKAN SELATAN, KEPULAUAN SANGIHE, SULAWESI UTARA",1,141,26,167
https://kawalpemilu.org#66309,"BATUWINGKUNG, TABUKAN SELATAN, KEPULAUAN SANGIHE, SULAWESI UTARA",1,123,19,142
https://kawalpemilu.org#66309,"BATUWINGKUNG, TABUKAN SELATAN, KEPULAUAN SANGIHE, SULAWESI UTARA",2,121,13,134
https://kawalpemilu.org#66310,"BIRAHI, TABUKAN SELATAN, KEPULAUAN SANGIHE, SULAWESI UTARA",1,152,14,166
https://kawalpemilu.org#66311,"LAOTONGAN, TABUKAN SELATAN, KEPULAUAN SANGIHE, SULAWESI UTARA",1,171,8,179
https://kawalpemilu.org#66312,"BUKIDE, TABUKAN SELATAN, KEPULAUAN SANGIHE, SULAWESI UTARA",1,185,24,209
https://kawalpemilu.org#66313,"KALAGHENG, TABUKAN SELATAN, KEPULAUAN SANGIHE, SULAWESI UTARA",1,186,10,196
https://kawalpemilu.org#66314,"LESABE I, TABUKAN SELATAN, KEPULAUAN SANGIHE, SULAWESI UTARA",1,192,28,220
https://kawalpemilu.org#66314,"LESABE I, TABUKAN SELATAN, KEPULAUAN SANGIHE, SULAWESI UTARA",2,179,24,203
https://kawalpemilu.org#66315,"BULO, TABUKAN SELATAN, KEPULAUAN SANGIHE, SULAWESI UTARA",1,100,46,146
https://kawalpemilu.org#66317,"KENDAHE I, KENDAHE, KEPULAUAN SANGIHE, SULAWESI UTARA",1,142,30,172
https://kawalpemilu.org#66317,"KENDAHE I, KENDAHE, KEPULAUAN SANGIHE, SULAWESI UTARA",2,116,62,178
https://kawalpemilu.org#66317,"KENDAHE I, KENDAHE, KEPULAUAN SANGIHE, SULAWESI UTARA",3,124,52,176
https://kawalpemilu.org#66318,"KENDAHE II, KENDAHE, KEPULAUAN SANGIHE, SULAWESI UTARA",1,106,103,209
https://kawalpemilu.org#66318,"KENDAHE II, KENDAHE, KEPULAUAN SANGIHE, SULAWESI UTARA",2,82,110,192
https://kawalpemilu.org#66318,"KENDAHE II, KENDAHE, KEPULAUAN SANGIHE, SULAWESI UTARA",3,49,140,189
https://kawalpemilu.org#66318,"KENDAHE II, KENDAHE, KEPULAUAN SANGIHE, SULAWESI UTARA",4,66,121,187
https://kawalpemilu.org#66319,"TALAWID, KENDAHE, KEPULAUAN SANGIHE, SULAWESI UTARA",1,66,115,181
https://kawalpemilu.org#66319,"TALAWID, KENDAHE, KEPULAUAN SANGIHE, SULAWESI UTARA",2,51,127,178
https://kawalpemilu.org#66319,"TALAWID, KENDAHE, KEPULAUAN SANGIHE, SULAWESI UTARA",3,58,95,153
https://kawalpemilu.org#66319,"TALAWID, KENDAHE, KEPULAUAN SANGIHE, SULAWESI UTARA",4,24,140,164
https://kawalpemilu.org#66320,"TARIANG LAMA, KENDAHE, KEPULAUAN SANGIHE, SULAWESI UTARA",1,213,11,224
https://kawalpemilu.org#66320,"TARIANG LAMA, KENDAHE, KEPULAUAN SANGIHE, SULAWESI UTARA",2,195,21,216
https://kawalpemilu.org#66320,"TARIANG LAMA, KENDAHE, KEPULAUAN SANGIHE, SULAWESI UTARA",3,214,26,240
https://kawalpemilu.org#66321,"PEMPALARAENG, KENDAHE, KEPULAUAN SANGIHE, SULAWESI UTARA",1,170,26,196
https://kawalpemilu.org#66321,"PEMPALARAENG, KENDAHE, KEPULAUAN SANGIHE, SULAWESI UTARA",2,160,25,185
https://kawalpemilu.org#66321,"PEMPALARAENG, KENDAHE, KEPULAUAN SANGIHE, SULAWESI UTARA",3,152,29,181
https://kawalpemilu.org#66322,"MOHONG SAWANG, KENDAHE, KEPULAUAN SANGIHE, SULAWESI UTARA",1,187,23,210
https://kawalpemilu.org#66322,"MOHONG SAWANG, KENDAHE, KEPULAUAN SANGIHE, SULAWESI UTARA",2,186,35,221
https://kawalpemilu.org#66322,"MOHONG SAWANG, KENDAHE, KEPULAUAN SANGIHE, SULAWESI UTARA",3,190,29,219
https://kawalpemilu.org#66323,"LIPANG, KENDAHE, KEPULAUAN SANGIHE, SULAWESI UTARA",1,163,50,213
https://kawalpemilu.org#66324,"KAWALUSO, KENDAHE, KEPULAUAN SANGIHE, SULAWESI UTARA",1,151,15,166
https://kawalpemilu.org#66324,"KAWALUSO, KENDAHE, KEPULAUAN SANGIHE, SULAWESI UTARA",2,189,6,195
https://kawalpemilu.org#66326,"SAWANG BENDAR, TAHUNA, KEPULAUAN SANGIHE, SULAWESI UTARA",1,237,15,252
https://kawalpemilu.org#66326,"SAWANG BENDAR, TAHUNA, KEPULAUAN SANGIHE, SULAWESI UTARA",2,191,26,217
https://kawalpemilu.org#66326,"SAWANG BENDAR, TAHUNA, KEPULAUAN SANGIHE, SULAWESI UTARA",3,211,17,228
https://kawalpemilu.org#66326,"SAWANG BENDAR, TAHUNA, KEPULAUAN SANGIHE, SULAWESI UTARA",4,244,5,249
https://kawalpemilu.org#66326,"SAWANG BENDAR, TAHUNA, KEPULAUAN SANGIHE, SULAWESI UTARA",5,169,44,213
https://kawalpemilu.org#66326,"SAWANG BENDAR, TAHUNA, KEPULAUAN SANGIHE, SULAWESI UTARA",6,219,38,287
https://kawalpemilu.org#66327,"SOATALOARA I, TAHUNA, KEPULAUAN SANGIHE, SULAWESI UTARA",1,145,88,233
https://kawalpemilu.org#66327,"SOATALOARA I, TAHUNA, KEPULAUAN SANGIHE, SULAWESI UTARA",2,164,48,212
https://kawalpemilu.org#66327,"SOATALOARA I, TAHUNA, KEPULAUAN SANGIHE, SULAWESI UTARA",3,63,44,107
https://kawalpemilu.org#66327,"SOATALOARA I, TAHUNA, KEPULAUAN SANGIHE, SULAWESI UTARA",4,209,26,235
https://kawalpemilu.org#66327,"SOATALOARA I, TAHUNA, KEPULAUAN SANGIHE, SULAWESI UTARA",5,171,28,199
https://kawalpemilu.org#66328,"APENGSEMBEKA, TAHUNA, KEPULAUAN SANGIHE, SULAWESI UTARA",1,244,13,257
https://kawalpemilu.org#66328,"APENGSEMBEKA, TAHUNA, KEPULAUAN SANGIHE, SULAWESI UTARA",2,231,12,243
https://kawalpemilu.org#66328,"APENGSEMBEKA, TAHUNA, KEPULAUAN SANGIHE, SULAWESI UTARA",3,211,31,242
https://kawalpemilu.org#66328,"APENGSEMBEKA, TAHUNA, KEPULAUAN SANGIHE, SULAWESI UTARA",4,184,25,209
https://kawalpemilu.org#66329,"MAHENA, TAHUNA, KEPULAUAN SANGIHE, SULAWESI UTARA",1,197,23,220
https://kawalpemilu.org#66329,"MAHENA, TAHUNA, KEPULAUAN SANGIHE, SULAWESI UTARA",2,184,33,117
https://kawalpemilu.org#66329,"MAHENA, TAHUNA, KEPULAUAN SANGIHE, SULAWESI UTARA",3,175,34,209
https://kawalpemilu.org#66329,"MAHENA, TAHUNA, KEPULAUAN SANGIHE, SULAWESI UTARA",4,196,33,229
https://kawalpemilu.org#66330,"BUNGALAWANG, TAHUNA, KEPULAUAN SANGIHE, SULAWESI UTARA",1,223,15,238
https://kawalpemilu.org#66330,"BUNGALAWANG, TAHUNA, KEPULAUAN SANGIHE, SULAWESI UTARA",2,182,36,218
https://kawalpemilu.org#66330,"BUNGALAWANG, TAHUNA, KEPULAUAN SANGIHE, SULAWESI UTARA",3,229,17,246
https://kawalpemilu.org#66330,"BUNGALAWANG, TAHUNA, KEPULAUAN SANGIHE, SULAWESI UTARA",4,171,45,216
https://kawalpemilu.org#66330,"BUNGALAWANG, TAHUNA, KEPULAUAN SANGIHE, SULAWESI UTARA",5,186,32,218
https://kawalpemilu.org#66331,"SANTIAGO, TAHUNA, KEPULAUAN SANGIHE, SULAWESI UTARA",1,180,53,233
https://kawalpemilu.org#66331,"SANTIAGO, TAHUNA, KEPULAUAN SANGIHE, SULAWESI UTARA",2,152,58,210
https://kawalpemilu.org#66331,"SANTIAGO, TAHUNA, KEPULAUAN SANGIHE, SULAWESI UTARA",3,161,34,195
https://kawalpemilu.org#66331,"SANTIAGO, TAHUNA, KEPULAUAN SANGIHE, SULAWESI UTARA",4,172,50,222
https://kawalpemilu.org#66331,"SANTIAGO, TAHUNA, KEPULAUAN SANGIHE, SULAWESI UTARA",5,191,27,218
https://kawalpemilu.org#66331,"SANTIAGO, TAHUNA, KEPULAUAN SANGIHE, SULAWESI UTARA",6,156,71,227
https://kawalpemilu.org#66331,"SANTIAGO, TAHUNA, KEPULAUAN SANGIHE, SULAWESI UTARA",7,162,22,184
https://kawalpemilu.org#66331,"SANTIAGO, TAHUNA, KEPULAUAN SANGIHE, SULAWESI UTARA",8,191,64,255
https://kawalpemilu.org#66332,"MANENTE, TAHUNA, KEPULAUAN SANGIHE, SULAWESI UTARA",1,176,35,211
https://kawalpemilu.org#66332,"MANENTE, TAHUNA, KEPULAUAN SANGIHE, SULAWESI UTARA",2,143,37,180
https://kawalpemilu.org#66332,"MANENTE, TAHUNA, KEPULAUAN SANGIHE, SULAWESI UTARA",3,183,26,209
https://kawalpemilu.org#66332,"MANENTE, TAHUNA, KEPULAUAN SANGIHE, SULAWESI UTARA",4,194,21,215
https://kawalpemilu.org#66332,"MANENTE, TAHUNA, KEPULAUAN SANGIHE, SULAWESI UTARA",5,183,21,204
https://kawalpemilu.org#66332,"MANENTE, TAHUNA, KEPULAUAN SANGIHE, SULAWESI UTARA",6,164,42,206
https://kawalpemilu.org#66332,"MANENTE, TAHUNA, KEPULAUAN SANGIHE, SULAWESI UTARA",7,167,41,208
https://kawalpemilu.org#66332,"MANENTE, TAHUNA, KEPULAUAN SANGIHE, SULAWESI UTARA",8,176,37,213
https://kawalpemilu.org#66333,"SOATALOARA II, TAHUNA, KEPULAUAN SANGIHE, SULAWESI UTARA",1,158,27,185
https://kawalpemilu.org#66333,"SOATALOARA II, TAHUNA, KEPULAUAN SANGIHE, SULAWESI UTARA",2,189,23,212
https://kawalpemilu.org#66333,"SOATALOARA II, TAHUNA, KEPULAUAN SANGIHE, SULAWESI UTARA",3,193,14,207
https://kawalpemilu.org#66333,"SOATALOARA II, TAHUNA, KEPULAUAN SANGIHE, SULAWESI UTARA",4,155,15,170
https://kawalpemilu.org#66333,"SOATALOARA II, TAHUNA, KEPULAUAN SANGIHE, SULAWESI UTARA",5,180,13,193
https://kawalpemilu.org#66333,"SOATALOARA II, TAHUNA, KEPULAUAN SANGIHE, SULAWESI UTARA",6,154,45,199
https://kawalpemilu.org#66333,"SOATALOARA II, TAHUNA, KEPULAUAN SANGIHE, SULAWESI UTARA",7,170,6,176
https://kawalpemilu.org#66333,"SOATALOARA II, TAHUNA, KEPULAUAN SANGIHE, SULAWESI UTARA",8,149,40,189
https://kawalpemilu.org#66335,"HANGKE, TABUKAN SELATAN TENGAH, KEPULAUAN SANGIHE, SULAWESI UTARA",1,166,33,199
https://kawalpemilu.org#66336,"SALURANG, TABUKAN SELATAN TENGAH, KEPULAUAN SANGIHE, SULAWESI UTARA",1,212,24,236
https://kawalpemilu.org#66336,"SALURANG, TABUKAN SELATAN TENGAH, KEPULAUAN SANGIHE, SULAWESI UTARA",2,209,8,217
https://kawalpemilu.org#66337,"TAMBUNG, TABUKAN SELATAN TENGAH, KEPULAUAN SANGIHE, SULAWESI UTARA",1,156,5,161
https://kawalpemilu.org#66338,"BEENG, TABUKAN SELATAN TENGAH, KEPULAUAN SANGIHE, SULAWESI UTARA",1,131,20,151
https://kawalpemilu.org#66338,"BEENG, TABUKAN SELATAN TENGAH, KEPULAUAN SANGIHE, SULAWESI UTARA",2,123,19,142
https://kawalpemilu.org#66339,"LEHUPU, TABUKAN SELATAN TENGAH, KEPULAUAN SANGIHE, SULAWESI UTARA",1,162,18,180
https://kawalpemilu.org#66339,"LEHUPU, TABUKAN SELATAN TENGAH, KEPULAUAN SANGIHE, SULAWESI UTARA",2,60,10,70
https://kawalpemilu.org#66340,"BOWONE, TABUKAN SELATAN TENGAH, KEPULAUAN SANGIHE, SULAWESI UTARA",1,147,45,192
https://kawalpemilu.org#66341,"BEENG LAUT, TABUKAN SELATAN TENGAH, KEPULAUAN SANGIHE, SULAWESI UTARA",1,99,2,101
https://kawalpemilu.org#66342,"TENDA, TABUKAN SELATAN TENGAH, KEPULAUAN SANGIHE, SULAWESI UTARA",1,101,10,111
https://kawalpemilu.org#66343,"AHA PATUNG, TABUKAN SELATAN TENGAH, KEPULAUAN SANGIHE, SULAWESI UTARA",1,124,6,130
https://kawalpemilu.org#66345,"PINTARENG, TABUKAN SELATAN TENGGARA, KEPULAUAN SANGIHE, SULAWESI UTARA",1,192,6,198
https://kawalpemilu.org#66345,"PINTARENG, TABUKAN SELATAN TENGGARA, KEPULAUAN SANGIHE, SULAWESI UTARA",2,183,8,191
https://kawalpemilu.org#66345,"PINTARENG, TABUKAN SELATAN TENGGARA, KEPULAUAN SANGIHE, SULAWESI UTARA",3,173,6,179
https://kawalpemilu.org#66346,"BASAUH, TABUKAN SELATAN TENGGARA, KEPULAUAN SANGIHE, SULAWESI UTARA",1,104,14,118
https://kawalpemilu.org#66346,"BASAUH, TABUKAN SELATAN TENGGARA, KEPULAUAN SANGIHE, SULAWESI UTARA",2,103,7,110
https://kawalpemilu.org#66347,"TUMALEDE, TABUKAN SELATAN TENGGARA, KEPULAUAN SANGIHE, SULAWESI UTARA",1,181,17,198
https://kawalpemilu.org#66348,"SAMPAKANG, TABUKAN SELATAN TENGGARA, KEPULAUAN SANGIHE, SULAWESI UTARA",1,172,9,181
https://kawalpemilu.org#66349,"DALOKAWENG, TABUKAN SELATAN TENGGARA, KEPULAUAN SANGIHE, SULAWESI UTARA",1,196,28,224
https://kawalpemilu.org#66350,"MALISADE, TABUKAN SELATAN TENGGARA, KEPULAUAN SANGIHE, SULAWESI UTARA",1,112,28,140
https://kawalpemilu.org#66352,"PANANEKENG, TAHUNA BARAT, KEPULAUAN SANGIHE, SULAWESI UTARA",1,194,22,216
https://kawalpemilu.org#66352,"PANANEKENG, TAHUNA BARAT, KEPULAUAN SANGIHE, SULAWESI UTARA",2,226,14,240
https://kawalpemilu.org#66352,"PANANEKENG, TAHUNA BARAT, KEPULAUAN SANGIHE, SULAWESI UTARA",3,199,10,209
https://kawalpemilu.org#66352,"PANANEKENG, TAHUNA BARAT, KEPULAUAN SANGIHE, SULAWESI UTARA",4,139,27,166
https://kawalpemilu.org#66353,"ANGGES, TAHUNA BARAT, KEPULAUAN SANGIHE, SULAWESI UTARA",1,196,15,211
https://kawalpemilu.org#66353,"ANGGES, TAHUNA BARAT, KEPULAUAN SANGIHE, SULAWESI UTARA",2,186,27,213
https://kawalpemilu.org#66353,"ANGGES, TAHUNA BARAT, KEPULAUAN SANGIHE, SULAWESI UTARA",3,147,29,176
https://kawalpemilu.org#66354,"KOLONGAN MITUNG, TAHUNA BARAT, KEPULAUAN SANGIHE, SULAWESI UTARA",1,185,0,195
https://kawalpemilu.org#66354,"KOLONGAN MITUNG, TAHUNA BARAT, KEPULAUAN SANGIHE, SULAWESI UTARA",2,183,9,192
https://kawalpemilu.org#66354,"KOLONGAN MITUNG, TAHUNA BARAT, KEPULAUAN SANGIHE, SULAWESI UTARA",3,144,17,161
https://kawalpemilu.org#66355,"KOLONGAN BEHA, TAHUNA BARAT, KEPULAUAN SANGIHE, SULAWESI UTARA",1,188,12,200
https://kawalpemilu.org#66355,"KOLONGAN BEHA, TAHUNA BARAT, KEPULAUAN SANGIHE, SULAWESI UTARA",2,193,15,208
https://kawalpemilu.org#66355,"KOLONGAN BEHA, TAHUNA BARAT, KEPULAUAN SANGIHE, SULAWESI UTARA",3,162,12,174
https://kawalpemilu.org#66356,"KOLONGAN BEHA BARU, TAHUNA BARAT, KEPULAUAN SANGIHE, SULAWESI UTARA",1,180,4,184
https://kawalpemilu.org#66356,"KOLONGAN BEHA BARU, TAHUNA BARAT, KEPULAUAN SANGIHE, SULAWESI UTARA",2,187,7,194
https://kawalpemilu.org#66356,"KOLONGAN BEHA BARU, TAHUNA BARAT, KEPULAUAN SANGIHE, SULAWESI UTARA",3,168,4,172
https://kawalpemilu.org#66357,"KOLONGAN AKEMBAWI, TAHUNA BARAT, KEPULAUAN SANGIHE, SULAWESI UTARA",1,218,27,245
https://kawalpemilu.org#66357,"KOLONGAN AKEMBAWI, TAHUNA BARAT, KEPULAUAN SANGIHE, SULAWESI UTARA",2,211,33,244
https://kawalpemilu.org#66357,"KOLONGAN AKEMBAWI, TAHUNA BARAT, KEPULAUAN SANGIHE, SULAWESI UTARA",3,209,36,245
https://kawalpemilu.org#66357,"KOLONGAN AKEMBAWI, TAHUNA BARAT, KEPULAUAN SANGIHE, SULAWESI UTARA",4,211,33,244
https://kawalpemilu.org#66359,"LESA, TAHUNA TIMUR, KEPULAUAN SANGIHE, SULAWESI UTARA",1,217,21,238
https://kawalpemilu.org#66359,"LESA, TAHUNA TIMUR, KEPULAUAN SANGIHE, SULAWESI UTARA",2,239,18,257
https://kawalpemilu.org#66360,"ENENGPAHEMBANG, TAHUNA TIMUR, KEPULAUAN SANGIHE, SULAWESI UTARA",1,211,7,218
https://kawalpemilu.org#66361,"TAPUANG, TAHUNA TIMUR, KEPULAUAN SANGIHE, SULAWESI UTARA",1,194,15,209
https://kawalpemilu.org#66361,"TAPUANG, TAHUNA TIMUR, KEPULAUAN SANGIHE, SULAWESI UTARA",3,192,19,211
https://kawalpemilu.org#66361,"TAPUANG, TAHUNA TIMUR, KEPULAUAN SANGIHE, SULAWESI UTARA",4,217,8,225
https://kawalpemilu.org#66361,"TAPUANG, TAHUNA TIMUR, KEPULAUAN SANGIHE, SULAWESI UTARA",5,194,5,199
https://kawalpemilu.org#66362,"TIDORE, TAHUNA TIMUR, KEPULAUAN SANGIHE, SULAWESI UTARA",1,77,177,254
https://kawalpemilu.org#66362,"TIDORE, TAHUNA TIMUR, KEPULAUAN SANGIHE, SULAWESI UTARA",3,73,167,240
https://kawalpemilu.org#66362,"TIDORE, TAHUNA TIMUR, KEPULAUAN SANGIHE, SULAWESI UTARA",4,86,160,246
https://kawalpemilu.org#66362,"TIDORE, TAHUNA TIMUR, KEPULAUAN SANGIHE, SULAWESI UTARA",5,88,169,257
https://kawalpemilu.org#66362,"TIDORE, TAHUNA TIMUR, KEPULAUAN SANGIHE, SULAWESI UTARA",6,65,157,222
https://kawalpemilu.org#66362,"TIDORE, TAHUNA TIMUR, KEPULAUAN SANGIHE, SULAWESI UTARA",7,78,147,225
https://kawalpemilu.org#66363,"TONA I, TAHUNA TIMUR, KEPULAUAN SANGIHE, SULAWESI UTARA",1,197,28,225
https://kawalpemilu.org#66363,"TONA I, TAHUNA TIMUR, KEPULAUAN SANGIHE, SULAWESI UTARA",2,216,24,240
https://kawalpemilu.org#66363,"TONA I, TAHUNA TIMUR, KEPULAUAN SANGIHE, SULAWESI UTARA",3,198,38,236
https://kawalpemilu.org#66363,"TONA I, TAHUNA TIMUR, KEPULAUAN SANGIHE, SULAWESI UTARA",4,212,33,245
https://kawalpemilu.org#66363,"TONA I, TAHUNA TIMUR, KEPULAUAN SANGIHE, SULAWESI UTARA",5,199,23,222
https://kawalpemilu.org#66363,"TONA I, TAHUNA TIMUR, KEPULAUAN SANGIHE, SULAWESI UTARA",6,165,25,190
https://kawalpemilu.org#66363,"TONA I, TAHUNA TIMUR, KEPULAUAN SANGIHE, SULAWESI UTARA",7,142,18,160
https://kawalpemilu.org#66364,"TONA II, TAHUNA TIMUR, KEPULAUAN SANGIHE, SULAWESI UTARA",1,207,15,222
https://kawalpemilu.org#66364,"TONA II, TAHUNA TIMUR, KEPULAUAN SANGIHE, SULAWESI UTARA",2,160,37,197
https://kawalpemilu.org#66364,"TONA II, TAHUNA TIMUR, KEPULAUAN SANGIHE, SULAWESI UTARA",3,202,19,221
https://kawalpemilu.org#66364,"TONA II, TAHUNA TIMUR, KEPULAUAN SANGIHE, SULAWESI UTARA",4,201,16,217
https://kawalpemilu.org#66364,"TONA II, TAHUNA TIMUR, KEPULAUAN SANGIHE, SULAWESI UTARA",5,179,19,198
https://kawalpemilu.org#66364,"TONA II, TAHUNA TIMUR, KEPULAUAN SANGIHE, SULAWESI UTARA",6,183,21,204
https://kawalpemilu.org#66365,"DUMUHUNG, TAHUNA TIMUR, KEPULAUAN SANGIHE, SULAWESI UTARA",1,182,41,223
https://kawalpemilu.org#66365,"DUMUHUNG, TAHUNA TIMUR, KEPULAUAN SANGIHE, SULAWESI UTARA",2,215,19,234
https://kawalpemilu.org#66365,"DUMUHUNG, TAHUNA TIMUR, KEPULAUAN SANGIHE, SULAWESI UTARA",3,203,22,225
https://kawalpemilu.org#66365,"DUMUHUNG, TAHUNA TIMUR, KEPULAUAN SANGIHE, SULAWESI UTARA",5,195,22,217
https://kawalpemilu.org#66365,"DUMUHUNG, TAHUNA TIMUR, KEPULAUAN SANGIHE, SULAWESI UTARA",6,197,15,212
https://kawalpemilu.org#66366,"BATULEWEHE, TAHUNA TIMUR, KEPULAUAN SANGIHE, SULAWESI UTARA",1,202,18,220
https://kawalpemilu.org#66366,"BATULEWEHE, TAHUNA TIMUR, KEPULAUAN SANGIHE, SULAWESI UTARA",2,197,17,214
https://kawalpemilu.org#66368,"MARORE, KEPULAUAN MARORE, KEPULAUAN SANGIHE, SULAWESI UTARA",1,183,21,204
https://kawalpemilu.org#66368,"MARORE, KEPULAUAN MARORE, KEPULAUAN SANGIHE, SULAWESI UTARA",2,158,10,168
https://kawalpemilu.org#66369,"KAWIO, KEPULAUAN MARORE, KEPULAUAN SANGIHE, SULAWESI UTARA",1,118,16,134
https://kawalpemilu.org#66369,"KAWIO, KEPULAUAN MARORE, KEPULAUAN SANGIHE, SULAWESI UTARA",2,130,6,136
https://kawalpemilu.org#66370,"MATUTUANG, KEPULAUAN MARORE, KEPULAUAN SANGIHE, SULAWESI UTARA",1,101,8,109
https://kawalpemilu.org#66370,"MATUTUANG, KEPULAUAN MARORE, KEPULAUAN SANGIHE, SULAWESI UTARA",2,107,14,121
https://kawalpemilu.org#66373,"LIRUNG, LIRUNG, KEPULAUAN TALAUD, SULAWESI UTARA",1,205,18,223
https://kawalpemilu.org#66374,"LIRUNG I, LIRUNG, KEPULAUAN TALAUD, SULAWESI UTARA",1,219,24,243
https://kawalpemilu.org#66374,"LIRUNG I, LIRUNG, KEPULAUAN TALAUD, SULAWESI UTARA",2,229,26,255
https://kawalpemilu.org#66374,"LIRUNG I, LIRUNG, KEPULAUAN TALAUD, SULAWESI UTARA",3,212,22,234
https://kawalpemilu.org#66374,"LIRUNG I, LIRUNG, KEPULAUAN TALAUD, SULAWESI UTARA",4,187,32,219
https://kawalpemilu.org#66374,"LIRUNG I, LIRUNG, KEPULAUAN TALAUD, SULAWESI UTARA",5,177,17,194
https://kawalpemilu.org#66375,"LIRUNG MATANE, LIRUNG, KEPULAUAN TALAUD, SULAWESI UTARA",1,156,4,160
https://kawalpemilu.org#66375,"LIRUNG MATANE, LIRUNG, KEPULAUAN TALAUD, SULAWESI UTARA",2,162,23,185
https://kawalpemilu.org#66375,"LIRUNG MATANE, LIRUNG, KEPULAUAN TALAUD, SULAWESI UTARA",3,130,18,148
https://kawalpemilu.org#66376,"SEREH, LIRUNG, KEPULAUAN TALAUD, SULAWESI UTARA",1,190,37,227
https://kawalpemilu.org#66376,"SEREH, LIRUNG, KEPULAUAN TALAUD, SULAWESI UTARA",2,191,42,233
https://kawalpemilu.org#66377,"MUSI, LIRUNG, KEPULAUAN TALAUD, SULAWESI UTARA",1,208,7,215
https://kawalpemilu.org#66377,"MUSI, LIRUNG, KEPULAUAN TALAUD, SULAWESI UTARA",2,203,10,213
https://kawalpemilu.org#66378,"TALOLANG, LIRUNG, KEPULAUAN TALAUD, SULAWESI UTARA",1,164,5,169
https://kawalpemilu.org#66378,"TALOLANG, LIRUNG, KEPULAUAN TALAUD, SULAWESI UTARA",2,170,8,178
https://kawalpemilu.org#66378,"TALOLANG, LIRUNG, KEPULAUAN TALAUD, SULAWESI UTARA",3,168,13,181
https://kawalpemilu.org#66379,"SEREH I, LIRUNG, KEPULAUAN TALAUD, SULAWESI UTARA",1,183,28,211
https://kawalpemilu.org#66379,"SEREH I, LIRUNG, KEPULAUAN TALAUD, SULAWESI UTARA",2,210,9,219
https://kawalpemilu.org#66381,"B E O, BEO, KEPULAUAN TALAUD, SULAWESI UTARA",1,184,26,210
https://kawalpemilu.org#66381,"B E O, BEO, KEPULAUAN TALAUD, SULAWESI UTARA",2,187,29,216
https://kawalpemilu.org#66381,"B E O, BEO, KEPULAUAN TALAUD, SULAWESI UTARA",3,204,25,229
https://kawalpemilu.org#66382,"BEO TIMUR, BEO, KEPULAUAN TALAUD, SULAWESI UTARA",1,196,34,230
https://kawalpemilu.org#66382,"BEO TIMUR, BEO, KEPULAUAN TALAUD, SULAWESI UTARA",2,228,16,244
https://kawalpemilu.org#66382,"BEO TIMUR, BEO, KEPULAUAN TALAUD, SULAWESI UTARA",3,210,17,227
https://kawalpemilu.org#66383,"BEO BARAT, BEO, KEPULAUAN TALAUD, SULAWESI UTARA",1,217,31,248
https://kawalpemilu.org#66383,"BEO BARAT, BEO, KEPULAUAN TALAUD, SULAWESI UTARA",2,168,49,217
https://kawalpemilu.org#66383,"BEO BARAT, BEO, KEPULAUAN TALAUD, SULAWESI UTARA",3,136,6,142
https://kawalpemilu.org#66383,"BEO BARAT, BEO, KEPULAUAN TALAUD, SULAWESI UTARA",4,188,26,214
https://kawalpemilu.org#66383,"BEO BARAT, BEO, KEPULAUAN TALAUD, SULAWESI UTARA",5,219,19,238
https://kawalpemilu.org#66384,"BANTIK, BEO, KEPULAUAN TALAUD, SULAWESI UTARA",1,187,30,217
https://kawalpemilu.org#66384,"BANTIK, BEO, KEPULAUAN TALAUD, SULAWESI UTARA",2,202,9,211
https://kawalpemilu.org#66384,"BANTIK, BEO, KEPULAUAN TALAUD, SULAWESI UTARA",3,208,19,227
https://kawalpemilu.org#66385,"BENGEL, BEO, KEPULAUAN TALAUD, SULAWESI UTARA",1,162,6,168
https://kawalpemilu.org#66386,"BANTIK LAMA, BEO, KEPULAUAN TALAUD, SULAWESI UTARA",1,141,6,147
https://kawalpemilu.org#66386,"BANTIK LAMA, BEO, KEPULAUAN TALAUD, SULAWESI UTARA",2,138,6,144
https://kawalpemilu.org#66388,"A L O, RAINIS, KEPULAUAN TALAUD, SULAWESI UTARA",1,160,5,165
https://kawalpemilu.org#66388,"A L O, RAINIS, KEPULAUAN TALAUD, SULAWESI UTARA",2,156,9,165
https://kawalpemilu.org#66388,"A L O, RAINIS, KEPULAUAN TALAUD, SULAWESI UTARA",3,140,3,143
https://kawalpemilu.org#66389,"N U N U, RAINIS, KEPULAUAN TALAUD, SULAWESI UTARA",1,123,38,161
https://kawalpemilu.org#66389,"N U N U, RAINIS, KEPULAUAN TALAUD, SULAWESI UTARA",2,140,28,168
https://kawalpemilu.org#66390,"R A I N I S, RAINIS, KEPULAUAN TALAUD, SULAWESI UTARA",1,148,16,164
https://kawalpemilu.org#66390,"R A I N I S, RAINIS, KEPULAUAN TALAUD, SULAWESI UTARA",2,158,16,174
https://kawalpemilu.org#66390,"R A I N I S, RAINIS, KEPULAUAN TALAUD, SULAWESI UTARA",3,145,23,168
https://kawalpemilu.org#66391,"BANTANE, RAINIS, KEPULAUAN TALAUD, SULAWESI UTARA",1,193,22,215
https://kawalpemilu.org#66391,"BANTANE, RAINIS, KEPULAUAN TALAUD, SULAWESI UTARA",2,185,34,219
https://kawalpemilu.org#66392,"TABANG, RAINIS, KEPULAUAN TALAUD, SULAWESI UTARA",1,129,17,146
https://kawalpemilu.org#66392,"TABANG, RAINIS, KEPULAUAN TALAUD, SULAWESI UTARA",2,141,20,161
https://kawalpemilu.org#66392,"TABANG, RAINIS, KEPULAUAN TALAUD, SULAWESI UTARA",3,112,6,118
https://kawalpemilu.org#66393,"PARANGEN, RAINIS, KEPULAUAN TALAUD, SULAWESI UTARA",1,177,19,196
https://kawalpemilu.org#66393,"PARANGEN, RAINIS, KEPULAUAN TALAUD, SULAWESI UTARA",2,163,18,181
https://kawalpemilu.org#66394,"BANTANE UTARA, RAINIS, KEPULAUAN TALAUD, SULAWESI UTARA",1,183,19,202
https://kawalpemilu.org#66394,"BANTANE UTARA, RAINIS, KEPULAUAN TALAUD, SULAWESI UTARA",2,192,19,211
https://kawalpemilu.org#66395,"TABANG BARAT, RAINIS, KEPULAUAN TALAUD, SULAWESI UTARA",1,165,33,198
https://kawalpemilu.org#66395,"TABANG BARAT, RAINIS, KEPULAUAN TALAUD, SULAWESI UTARA",2,161,28,189
https://kawalpemilu.org#66396,"NUNU UTARA, RAINIS, KEPULAUAN TALAUD, SULAWESI UTARA",1,103,9,112
https://kawalpemilu.org#66396,"NUNU UTARA, RAINIS, KEPULAUAN TALAUD, SULAWESI UTARA",2,110,15,125
https://kawalpemilu.org#66397,"RAINIS BATUPENGA, RAINIS, KEPULAUAN TALAUD, SULAWESI UTARA",1,159,21,180
https://kawalpemilu.org#66397,"RAINIS BATUPENGA, RAINIS, KEPULAUAN TALAUD, SULAWESI UTARA",2,156,23,179
https://kawalpemilu.org#66398,"ALO UTARA, RAINIS, KEPULAUAN TALAUD, SULAWESI UTARA",1,141,20,161
https://kawalpemilu.org#66398,"ALO UTARA, RAINIS, KEPULAUAN TALAUD, SULAWESI UTARA",2,143,14,157
https://kawalpemilu.org#66400,"E S S A N G, ESSANG, KEPULAUAN TALAUD, SULAWESI UTARA",1,222,32,254
https://kawalpemilu.org#66401,"LALUE, ESSANG, KEPULAUAN TALAUD, SULAWESI UTARA",1,127,5,132
https://kawalpemilu.org#66401,"LALUE, ESSANG, KEPULAUAN TALAUD, SULAWESI UTARA",2,137,11,148
https://kawalpemilu.org#66402,"BULUDE, ESSANG, KEPULAUAN TALAUD, SULAWESI UTARA",1,158,40,198
https://kawalpemilu.org#66402,"BULUDE, ESSANG, KEPULAUAN TALAUD, SULAWESI UTARA",2,137,46,183
https://kawalpemilu.org#66403,"MARIRIK, ESSANG, KEPULAUAN TALAUD, SULAWESI UTARA",1,111,7,118
https://kawalpemilu.org#66403,"MARIRIK, ESSANG, KEPULAUAN TALAUD, SULAWESI UTARA",2,128,9,137
https://kawalpemilu.org#66404,"ESSANG SELATAN, ESSANG, KEPULAUAN TALAUD, SULAWESI UTARA",1,204,19,223
https://kawalpemilu.org#66404,"ESSANG SELATAN, ESSANG, KEPULAUAN TALAUD, SULAWESI UTARA",2,189,22,211
https://kawalpemilu.org#66405,"BULUDE SELATAN, ESSANG, KEPULAUAN TALAUD, SULAWESI UTARA",1,116,19,135
https://kawalpemilu.org#66405,"BULUDE SELATAN, ESSANG, KEPULAUAN TALAUD, SULAWESI UTARA",2,107,24,131
https://kawalpemilu.org#66406,"LALUE TENGAH, ESSANG, KEPULAUAN TALAUD, SULAWESI UTARA",2,131,6,137
https://kawalpemilu.org#66407,"LALUE UTARA, ESSANG, KEPULAUAN TALAUD, SULAWESI UTARA",1,197,17,214
https://kawalpemilu.org#66409,"KAKOROTAN, NANUSA, KEPULAUAN TALAUD, SULAWESI UTARA",1,235,1,236
https://kawalpemilu.org#66409,"KAKOROTAN, NANUSA, KEPULAUAN TALAUD, SULAWESI UTARA",2,211,1,212
https://kawalpemilu.org#66410,"MARAMPIT, NANUSA, KEPULAUAN TALAUD, SULAWESI UTARA",1,188,6,194
https://kawalpemilu.org#66411,"LALUHE, NANUSA, KEPULAUAN TALAUD, SULAWESI UTARA",1,150,5,155
https://kawalpemilu.org#66412,"DAMPULIS, NANUSA, KEPULAUAN TALAUD, SULAWESI UTARA",1,207,12,219
https://kawalpemilu.org#66413,"KARATUNG, NANUSA, KEPULAUAN TALAUD, SULAWESI UTARA",1,172,4,176
https://kawalpemilu.org#66414,"KARATUNG TENGAH, NANUSA, KEPULAUAN TALAUD, SULAWESI UTARA",1,138,1,139
https://kawalpemilu.org#66414,"KARATUNG TENGAH, NANUSA, KEPULAUAN TALAUD, SULAWESI UTARA",2,147,1,148
https://kawalpemilu.org#66415,"KARATUNG SELATAN, NANUSA, KEPULAUAN TALAUD, SULAWESI UTARA",1,208,4,212
https://kawalpemilu.org#66416,"DAMPULIS SELATAN, NANUSA, KEPULAUAN TALAUD, SULAWESI UTARA",1,193,3,196
https://kawalpemilu.org#66417,"MARAMPIT TIMUR, NANUSA, KEPULAUAN TALAUD, SULAWESI UTARA",1,199,2,201
https://kawalpemilu.org#66419,"PANGERAN, KABARUAN, KEPULAUAN TALAUD, SULAWESI UTARA",1,145,28,173
https://kawalpemilu.org#66419,"PANGERAN, KABARUAN, KEPULAUAN TALAUD, SULAWESI UTARA",2,157,20,177
https://kawalpemilu.org#66420,"BULUDE, KABARUAN, KEPULAUAN TALAUD, SULAWESI UTARA",1,164,2,166
https://kawalpemilu.org#66420,"BULUDE, KABARUAN, KEPULAUAN TALAUD, SULAWESI UTARA",2,165,1,166
https://kawalpemilu.org#66421,"PANTUGE, KABARUAN, KEPULAUAN TALAUD, SULAWESI UTARA",1,206,25,231
https://kawalpemilu.org#66422,"KABARUAN, KABARUAN, KEPULAUAN TALAUD, SULAWESI UTARA",2,135,46,181
https://kawalpemilu.org#66423,"MANGARAN, KABARUAN, KEPULAUAN TALAUD, SULAWESI UTARA",1,151,26,177
https://kawalpemilu.org#66423,"MANGARAN, KABARUAN, KEPULAUAN TALAUD, SULAWESI UTARA",2,173,21,194
https://kawalpemilu.org#66424,"KORDAKEL, KABARUAN, KEPULAUAN TALAUD, SULAWESI UTARA",1,164,61,225
https://kawalpemilu.org#66425,"RARANGE, KABARUAN, KEPULAUAN TALAUD, SULAWESI UTARA",1,137,19,156
https://kawalpemilu.org#66425,"RARANGE, KABARUAN, KEPULAUAN TALAUD, SULAWESI UTARA",2,132,30,162
https://kawalpemilu.org#66426,"TADUNA, KABARUAN, KEPULAUAN TALAUD, SULAWESI UTARA",1,200,24,224
https://kawalpemilu.org#66426,"TADUNA, KABARUAN, KEPULAUAN TALAUD, SULAWESI UTARA",2,190,18,208
https://kawalpemilu.org#66426,"TADUNA, KABARUAN, KEPULAUAN TALAUD, SULAWESI UTARA",3,187,18,205
https://kawalpemilu.org#66427,"KABARUAN TIMUR, KABARUAN, KEPULAUAN TALAUD, SULAWESI UTARA",1,198,37,235
https://kawalpemilu.org#66428,"PANTUGE TIMUR, KABARUAN, KEPULAUAN TALAUD, SULAWESI UTARA",1,182,29,211
https://kawalpemilu.org#66429,"PANNULAN, KABARUAN, KEPULAUAN TALAUD, SULAWESI UTARA",1,134,8,142
https://kawalpemilu.org#66429,"PANNULAN, KABARUAN, KEPULAUAN TALAUD, SULAWESI UTARA",2,123,14,137
https://kawalpemilu.org#66430,"BULUDE SELATAN, KABARUAN, KEPULAUAN TALAUD, SULAWESI UTARA",1,131,6,137
https://kawalpemilu.org#66430,"BULUDE SELATAN, KABARUAN, KEPULAUAN TALAUD, SULAWESI UTARA",2,131,7,138
https://kawalpemilu.org#66432,"MELONGUANE, MELONGUANE, KEPULAUAN TALAUD, SULAWESI UTARA",1,186,38,224
https://kawalpemilu.org#66432,"MELONGUANE, MELONGUANE, KEPULAUAN TALAUD, SULAWESI UTARA",2,198,19,217
https://kawalpemilu.org#66432,"MELONGUANE, MELONGUANE, KEPULAUAN TALAUD, SULAWESI UTARA",3,178,18,196
https://kawalpemilu.org#66432,"MELONGUANE, MELONGUANE, KEPULAUAN TALAUD, SULAWESI UTARA",4,85,11,96
https://kawalpemilu.org#66433,"MELONGUANE TIMUR, MELONGUANE, KEPULAUAN TALAUD, SULAWESI UTARA",1,200,18,218
https://kawalpemilu.org#66433,"MELONGUANE TIMUR, MELONGUANE, KEPULAUAN TALAUD, SULAWESI UTARA",2,199,12,211
https://kawalpemilu.org#66433,"MELONGUANE TIMUR, MELONGUANE, KEPULAUAN TALAUD, SULAWESI UTARA",3,210,19,229
https://kawalpemilu.org#66433,"MELONGUANE TIMUR, MELONGUANE, KEPULAUAN TALAUD, SULAWESI UTARA",4,192,23,215
https://kawalpemilu.org#66433,"MELONGUANE TIMUR, MELONGUANE, KEPULAUAN TALAUD, SULAWESI UTARA",5,162,16,178
https://kawalpemilu.org#66433,"MELONGUANE TIMUR, MELONGUANE, KEPULAUAN TALAUD, SULAWESI UTARA",6,154,32,186
https://kawalpemilu.org#66434,"MELONGUANE BARAT, MELONGUANE, KEPULAUAN TALAUD, SULAWESI UTARA",1,217,15,232
https://kawalpemilu.org#66434,"MELONGUANE BARAT, MELONGUANE, KEPULAUAN TALAUD, SULAWESI UTARA",2,234,13,247
https://kawalpemilu.org#66434,"MELONGUANE BARAT, MELONGUANE, KEPULAUAN TALAUD, SULAWESI UTARA",3,201,21,222
https://kawalpemilu.org#66434,"MELONGUANE BARAT, MELONGUANE, KEPULAUAN TALAUD, SULAWESI UTARA",4,186,11,197
https://kawalpemilu.org#66434,"MELONGUANE BARAT, MELONGUANE, KEPULAUAN TALAUD, SULAWESI UTARA",5,185,14,199
https://kawalpemilu.org#66434,"MELONGUANE BARAT, MELONGUANE, KEPULAUAN TALAUD, SULAWESI UTARA",6,108,3,111
https://kawalpemilu.org#66435,"MALA, MELONGUANE, KEPULAUAN TALAUD, SULAWESI UTARA",1,157,7,164
https://kawalpemilu.org#66435,"MALA, MELONGUANE, KEPULAUAN TALAUD, SULAWESI UTARA",2,147,8,155
https://kawalpemilu.org#66436,"KIAMA, MELONGUANE, KEPULAUAN TALAUD, SULAWESI UTARA",1,171,15,186
https://kawalpemilu.org#66436,"KIAMA, MELONGUANE, KEPULAUAN TALAUD, SULAWESI UTARA",2,179,4,183
https://kawalpemilu.org#66437,"TARUN, MELONGUANE, KEPULAUAN TALAUD, SULAWESI UTARA",1,213,33,246
https://kawalpemilu.org#66437,"TARUN, MELONGUANE, KEPULAUAN TALAUD, SULAWESI UTARA",2,217,24,241
https://kawalpemilu.org#66438,"SAWANG, MELONGUANE, KEPULAUAN TALAUD, SULAWESI UTARA",1,113,25,138
https://kawalpemilu.org#66438,"SAWANG, MELONGUANE, KEPULAUAN TALAUD, SULAWESI UTARA",2,136,11,147
https://kawalpemilu.org#66439,"AMBELA, MELONGUANE, KEPULAUAN TALAUD, SULAWESI UTARA",1,164,15,179
https://kawalpemilu.org#66440,"TARUN  SELATAN, MELONGUANE, KEPULAUAN TALAUD, SULAWESI UTARA",1,175,34,209
https://kawalpemilu.org#66440,"TARUN  SELATAN, MELONGUANE, KEPULAUAN TALAUD, SULAWESI UTARA",2,195,23,218
https://kawalpemilu.org#66441,"KIAMA BARAT, MELONGUANE, KEPULAUAN TALAUD, SULAWESI UTARA",1,186,14,200
https://kawalpemilu.org#66441,"KIAMA BARAT, MELONGUANE, KEPULAUAN TALAUD, SULAWESI UTARA",2,162,8,170
https://kawalpemilu.org#66443,"SAWANG UTARA, MELONGUANE, KEPULAUAN TALAUD, SULAWESI UTARA",1,133,30,163
https://kawalpemilu.org#66443,"SAWANG UTARA, MELONGUANE, KEPULAUAN TALAUD, SULAWESI UTARA",2,138,20,158
https://kawalpemilu.org#66444,"MALA TIMUR, MELONGUANE, KEPULAUAN TALAUD, SULAWESI UTARA",1,129,9,138
https://kawalpemilu.org#66444,"MALA TIMUR, MELONGUANE, KEPULAUAN TALAUD, SULAWESI UTARA",2,135,7,142
https://kawalpemilu.org#66446,"MAMAHAN, GEMEH, KEPULAUAN TALAUD, SULAWESI UTARA",1,120,17,137
https://kawalpemilu.org#66446,"MAMAHAN, GEMEH, KEPULAUAN TALAUD, SULAWESI UTARA",2,120,20,140
https://kawalpemilu.org#66447,"BAMBUNG, GEMEH, KEPULAUAN TALAUD, SULAWESI UTARA",1,123,17,140
https://kawalpemilu.org#66447,"BAMBUNG, GEMEH, KEPULAUAN TALAUD, SULAWESI UTARA",2,132,12,144
https://kawalpemilu.org#66448,"TATURAN, GEMEH, KEPULAUAN TALAUD, SULAWESI UTARA",1,150,8,158
https://kawalpemilu.org#66448,"TATURAN, GEMEH, KEPULAUAN TALAUD, SULAWESI UTARA",2,165,4,169
https://kawalpemilu.org#66449,"G E M E H, GEMEH, KEPULAUAN TALAUD, SULAWESI UTARA",1,225,7,232
https://kawalpemilu.org#66450,"ARANGKAA, GEMEH, KEPULAUAN TALAUD, SULAWESI UTARA",1,141,27,168
https://kawalpemilu.org#66450,"ARANGKAA, GEMEH, KEPULAUAN TALAUD, SULAWESI UTARA",2,147,18,165
https://kawalpemilu.org#66451,"MALAT, GEMEH, KEPULAUAN TALAUD, SULAWESI UTARA",1,246,8,254
https://kawalpemilu.org#66452,"APAN, GEMEH, KEPULAUAN TALAUD, SULAWESI UTARA",1,163,4,167
https://kawalpemilu.org#66453,"TARUAN, GEMEH, KEPULAUAN TALAUD, SULAWESI UTARA",1,149,15,164
https://kawalpemilu.org#66453,"TARUAN, GEMEH, KEPULAUAN TALAUD, SULAWESI UTARA",2,149,13,162
https://kawalpemilu.org#66455,"GEMEH RASMATA, GEMEH, KEPULAUAN TALAUD, SULAWESI UTARA",1,201,6,207
https://kawalpemilu.org#66456,"GEMEH WANTANE, GEMEH, KEPULAUAN TALAUD, SULAWESI UTARA",1,186,11,197
https://kawalpemilu.org#66457,"BAMBUNG TIMUR, GEMEH, KEPULAUAN TALAUD, SULAWESI UTARA",1,132,7,139
https://kawalpemilu.org#66457,"BAMBUNG TIMUR, GEMEH, KEPULAUAN TALAUD, SULAWESI UTARA",2,130,6,136
https://kawalpemilu.org#66458,"MALAT UTARA, GEMEH, KEPULAUAN TALAUD, SULAWESI UTARA",1,188,3,191
https://kawalpemilu.org#66459,"MAMAHAN BARAT, GEMEH, KEPULAUAN TALAUD, SULAWESI UTARA",1,151,14,165
https://kawalpemilu.org#66459,"MAMAHAN BARAT, GEMEH, KEPULAUAN TALAUD, SULAWESI UTARA",2,162,19,181
https://kawalpemilu.org#66460,"LAHU, GEMEH, KEPULAUAN TALAUD, SULAWESI UTARA",1,190,4,194
https://kawalpemilu.org#66460,"LAHU, GEMEH, KEPULAUAN TALAUD, SULAWESI UTARA",2,195,12,207
https://kawalpemilu.org#66462,"PERET, DAMAU, KEPULAUAN TALAUD, SULAWESI UTARA",1,153,31,184
https://kawalpemilu.org#66462,"PERET, DAMAU, KEPULAUAN TALAUD, SULAWESI UTARA",2,155,22,177
https://kawalpemilu.org#66462,"PERET, DAMAU, KEPULAUAN TALAUD, SULAWESI UTARA",3,140,33,173
https://kawalpemilu.org#66463,"IGHIK, DAMAU, KEPULAUAN TALAUD, SULAWESI UTARA",1,105,17,122
https://kawalpemilu.org#66464,"BIRANG, DAMAU, KEPULAUAN TALAUD, SULAWESI UTARA",1,126,6,132
https://kawalpemilu.org#66464,"BIRANG, DAMAU, KEPULAUAN TALAUD, SULAWESI UTARA",2,118,10,128
https://kawalpemilu.org#66465,"AKAS, DAMAU, KEPULAUAN TALAUD, SULAWESI UTARA",1,114,90,204
https://kawalpemilu.org#66466,"DAMAU, DAMAU, KEPULAUAN TALAUD, SULAWESI UTARA",1,214,10,224
https://kawalpemilu.org#66466,"DAMAU, DAMAU, KEPULAUAN TALAUD, SULAWESI UTARA",2,211,9,220
https://kawalpemilu.org#66466,"DAMAU, DAMAU, KEPULAUAN TALAUD, SULAWESI UTARA",3,197,11,208
https://kawalpemilu.org#66467,"DAMAU BOWONE, DAMAU, KEPULAUAN TALAUD, SULAWESI UTARA",1,216,16,232
https://kawalpemilu.org#66467,"DAMAU BOWONE, DAMAU, KEPULAUAN TALAUD, SULAWESI UTARA",2,225,16,241
https://kawalpemilu.org#66468,"TADUWALE, DAMAU, KEPULAUAN TALAUD, SULAWESI UTARA",1,154,23,177
https://kawalpemilu.org#66468,"TADUWALE, DAMAU, KEPULAUAN TALAUD, SULAWESI UTARA",2,154,22,176
https://kawalpemilu.org#66469,"AKAS BALANE, DAMAU, KEPULAUAN TALAUD, SULAWESI UTARA",1,192,18,210
https://kawalpemilu.org#66471,"TUABATU, TAMPAN' AMMA, KEPULAUAN TALAUD, SULAWESI UTARA",1,188,9,197
https://kawalpemilu.org#66471,"TUABATU, TAMPAN' AMMA, KEPULAUAN TALAUD, SULAWESI UTARA",2,189,5,194
https://kawalpemilu.org#66472,"DAPALAN, TAMPAN' AMMA, KEPULAUAN TALAUD, SULAWESI UTARA",1,206,8,214
https://kawalpemilu.org#66472,"DAPALAN, TAMPAN' AMMA, KEPULAUAN TALAUD, SULAWESI UTARA",2,181,5,186
https://kawalpemilu.org#66473,"R I U N G, TAMPAN' AMMA, KEPULAUAN TALAUD, SULAWESI UTARA",1,166,13,179
https://kawalpemilu.org#66473,"R I U N G, TAMPAN' AMMA, KEPULAUAN TALAUD, SULAWESI UTARA",2,162,6,168
https://kawalpemilu.org#66474,"A M M A T, TAMPAN' AMMA, KEPULAUAN TALAUD, SULAWESI UTARA",1,191,8,199
https://kawalpemilu.org#66474,"A M M A T, TAMPAN' AMMA, KEPULAUAN TALAUD, SULAWESI UTARA",2,200,2,202
https://kawalpemilu.org#66475,"BINALANG, TAMPAN' AMMA, KEPULAUAN TALAUD, SULAWESI UTARA",1,197,12,209
https://kawalpemilu.org#66476,"GANALO, TAMPAN' AMMA, KEPULAUAN TALAUD, SULAWESI UTARA",1,178,13,191
https://kawalpemilu.org#66476,"GANALO, TAMPAN' AMMA, KEPULAUAN TALAUD, SULAWESI UTARA",2,170,6,176
https://kawalpemilu.org#66477,"DAPIHE, TAMPAN' AMMA, KEPULAUAN TALAUD, SULAWESI UTARA",1,191,19,210
https://kawalpemilu.org#66477,"DAPIHE, TAMPAN' AMMA, KEPULAUAN TALAUD, SULAWESI UTARA",2,223,7,230
https://kawalpemilu.org#66477,"DAPIHE, TAMPAN' AMMA, KEPULAUAN TALAUD, SULAWESI UTARA",3,237,7,244
https://kawalpemilu.org#66478,"TUABATU BARAT, TAMPAN' AMMA, KEPULAUAN TALAUD, SULAWESI UTARA",1,147,1,148
https://kawalpemilu.org#66478,"TUABATU BARAT, TAMPAN' AMMA, KEPULAUAN TALAUD, SULAWESI UTARA",2,160,3,163
https://kawalpemilu.org#66479,"AMMAT SELATAN, TAMPAN' AMMA, KEPULAUAN TALAUD, SULAWESI UTARA",1,129,15,144
https://kawalpemilu.org#66479,"AMMAT SELATAN, TAMPAN' AMMA, KEPULAUAN TALAUD, SULAWESI UTARA",2,154,6,160
https://kawalpemilu.org#66480,"BINALANG TIMUR, TAMPAN' AMMA, KEPULAUAN TALAUD, SULAWESI UTARA",1,144,9,153
https://kawalpemilu.org#66480,"BINALANG TIMUR, TAMPAN' AMMA, KEPULAUAN TALAUD, SULAWESI UTARA",2,134,10,144
https://kawalpemilu.org#66481,"RIUNG UTARA, TAMPAN' AMMA, KEPULAUAN TALAUD, SULAWESI UTARA",1,118,4,122
https://kawalpemilu.org#66481,"RIUNG UTARA, TAMPAN' AMMA, KEPULAUAN TALAUD, SULAWESI UTARA",2,122,2,124
https://kawalpemilu.org#66483,"BITUNURIS, SALIBABU, KEPULAUAN TALAUD, SULAWESI UTARA",1,229,17,246
https://kawalpemilu.org#66483,"BITUNURIS, SALIBABU, KEPULAUAN TALAUD, SULAWESI UTARA",2,218,11,229
https://kawalpemilu.org#66483,"BITUNURIS, SALIBABU, KEPULAUAN TALAUD, SULAWESI UTARA",3,217,21,238
https://kawalpemilu.org#66483,"BITUNURIS, SALIBABU, KEPULAUAN TALAUD, SULAWESI UTARA",4,208,23,231
https://kawalpemilu.org#66484,"BITUNURIS SELATAN, SALIBABU, KEPULAUAN TALAUD, SULAWESI UTARA",1,186,5,191
https://kawalpemilu.org#66484,"BITUNURIS SELATAN, SALIBABU, KEPULAUAN TALAUD, SULAWESI UTARA",2,196,14,210
https://kawalpemilu.org#66484,"BITUNURIS SELATAN, SALIBABU, KEPULAUAN TALAUD, SULAWESI UTARA",3,202,19,221
https://kawalpemilu.org#66485,"SALIBABU, SALIBABU, KEPULAUAN TALAUD, SULAWESI UTARA",2,176,17,193
https://kawalpemilu.org#66485,"SALIBABU, SALIBABU, KEPULAUAN TALAUD, SULAWESI UTARA",3,195,13,208
https://kawalpemilu.org#66486,"SALIBABU UTARA, SALIBABU, KEPULAUAN TALAUD, SULAWESI UTARA",1,196,12,208
https://kawalpemilu.org#66486,"SALIBABU UTARA, SALIBABU, KEPULAUAN TALAUD, SULAWESI UTARA",2,186,8,194
https://kawalpemilu.org#66486,"SALIBABU UTARA, SALIBABU, KEPULAUAN TALAUD, SULAWESI UTARA",3,193,14,207
https://kawalpemilu.org#66487,"DALUM, SALIBABU, KEPULAUAN TALAUD, SULAWESI UTARA",1,164,10,174
https://kawalpemilu.org#66487,"DALUM, SALIBABU, KEPULAUAN TALAUD, SULAWESI UTARA",2,189,18,207
https://kawalpemilu.org#66487,"DALUM, SALIBABU, KEPULAUAN TALAUD, SULAWESI UTARA",3,213,10,223
https://kawalpemilu.org#66487,"DALUM, SALIBABU, KEPULAUAN TALAUD, SULAWESI UTARA",4,232,2,234
https://kawalpemilu.org#66488,"BALANG, SALIBABU, KEPULAUAN TALAUD, SULAWESI UTARA",1,179,13,192
https://kawalpemilu.org#66488,"BALANG, SALIBABU, KEPULAUAN TALAUD, SULAWESI UTARA",2,173,15,188
https://kawalpemilu.org#66490,"KALONGAN, KALONGAN, KEPULAUAN TALAUD, SULAWESI UTARA",1,180,51,231
https://kawalpemilu.org#66490,"KALONGAN, KALONGAN, KEPULAUAN TALAUD, SULAWESI UTARA",3,176,56,232
https://kawalpemilu.org#66491,"KALONGAN UTARA, KALONGAN, KEPULAUAN TALAUD, SULAWESI UTARA",1,142,43,185
https://kawalpemilu.org#66491,"KALONGAN UTARA, KALONGAN, KEPULAUAN TALAUD, SULAWESI UTARA",2,147,27,174
https://kawalpemilu.org#66492,"KALONGAN SELATAN, KALONGAN, KEPULAUAN TALAUD, SULAWESI UTARA",1,180,20,200
https://kawalpemilu.org#66492,"KALONGAN SELATAN, KALONGAN, KEPULAUAN TALAUD, SULAWESI UTARA",2,179,21,200
https://kawalpemilu.org#66493,"ALUDE, KALONGAN, KEPULAUAN TALAUD, SULAWESI UTARA",1,210,4,214
https://kawalpemilu.org#66493,"ALUDE, KALONGAN, KEPULAUAN TALAUD, SULAWESI UTARA",2,203,13,216
https://kawalpemilu.org#66494,"MUSI I, KALONGAN, KEPULAUAN TALAUD, SULAWESI UTARA",1,156,15,171
https://kawalpemilu.org#66494,"MUSI I, KALONGAN, KEPULAUAN TALAUD, SULAWESI UTARA",2,154,6,160
https://kawalpemilu.org#66496,"PULAU MIANGAS, MIANGAS, KEPULAUAN TALAUD, SULAWESI UTARA",1,185,25,210
https://kawalpemilu.org#66496,"PULAU MIANGAS, MIANGAS, KEPULAUAN TALAUD, SULAWESI UTARA",2,212,23,235
https://kawalpemilu.org#66498,"MAKATARA, BEO UTARA, KEPULAUAN TALAUD, SULAWESI UTARA",1,186,45,231
https://kawalpemilu.org#66498,"MAKATARA, BEO UTARA, KEPULAUAN TALAUD, SULAWESI UTARA",2,64,121,185
https://kawalpemilu.org#66499,"MAKATARA TIMUR, BEO UTARA, KEPULAUAN TALAUD, SULAWESI UTARA",1,157,31,188
https://kawalpemilu.org#66499,"MAKATARA TIMUR, BEO UTARA, KEPULAUAN TALAUD, SULAWESI UTARA",2,177,10,187
https://kawalpemilu.org#66500,"AWIT, BEO UTARA, KEPULAUAN TALAUD, SULAWESI UTARA",1,186,13,199
https://kawalpemilu.org#66500,"AWIT, BEO UTARA, KEPULAUAN TALAUD, SULAWESI UTARA",2,173,7,180
https://kawalpemilu.org#66501,"AWIT SELATAN, BEO UTARA, KEPULAUAN TALAUD, SULAWESI UTARA",1,178,6,184
https://kawalpemilu.org#66501,"AWIT SELATAN, BEO UTARA, KEPULAUAN TALAUD, SULAWESI UTARA",2,176,7,183
https://kawalpemilu.org#66502,"RAE, BEO UTARA, KEPULAUAN TALAUD, SULAWESI UTARA",1,106,22,128
https://kawalpemilu.org#66502,"RAE, BEO UTARA, KEPULAUAN TALAUD, SULAWESI UTARA",2,98,31,129
https://kawalpemilu.org#66503,"RAE SELATAN, BEO UTARA, KEPULAUAN TALAUD, SULAWESI UTARA",1,185,28,213
https://kawalpemilu.org#66504,"LOBBO, BEO UTARA, KEPULAUAN TALAUD, SULAWESI UTARA",1,189,11,200
https://kawalpemilu.org#66504,"LOBBO, BEO UTARA, KEPULAUAN TALAUD, SULAWESI UTARA",2,155,10,165
https://kawalpemilu.org#66505,"LOBBO I, BEO UTARA, KEPULAUAN TALAUD, SULAWESI UTARA",1,164,16,180
https://kawalpemilu.org#66505,"LOBBO I, BEO UTARA, KEPULAUAN TALAUD, SULAWESI UTARA",2,165,7,172
https://kawalpemilu.org#66507,"PULUTAN, PULUTAN, KEPULAUAN TALAUD, SULAWESI UTARA",1,159,23,182
https://kawalpemilu.org#66507,"PULUTAN, PULUTAN, KEPULAUAN TALAUD, SULAWESI UTARA",2,180,14,194
https://kawalpemilu.org#66508,"PULUTAN UTARA, PULUTAN, KEPULAUAN TALAUD, SULAWESI UTARA",1,123,29,152
https://kawalpemilu.org#66508,"PULUTAN UTARA, PULUTAN, KEPULAUAN TALAUD, SULAWESI UTARA",2,132,24,156
https://kawalpemilu.org#66509,"PULUTAN SELATAN, PULUTAN, KEPULAUAN TALAUD, SULAWESI UTARA",1,144,18,162
https://kawalpemilu.org#66509,"PULUTAN SELATAN, PULUTAN, KEPULAUAN TALAUD, SULAWESI UTARA",2,128,27,155
https://kawalpemilu.org#66510,"DARAN, PULUTAN, KEPULAUAN TALAUD, SULAWESI UTARA",1,136,12,148
https://kawalpemilu.org#66510,"DARAN, PULUTAN, KEPULAUAN TALAUD, SULAWESI UTARA",2,127,14,141
https://kawalpemilu.org#66511,"DARAN UTARA, PULUTAN, KEPULAUAN TALAUD, SULAWESI UTARA",1,128,10,138
https://kawalpemilu.org#66511,"DARAN UTARA, PULUTAN, KEPULAUAN TALAUD, SULAWESI UTARA",2,128,11,139
https://kawalpemilu.org#66513,"TULE, MELONGUANE TIMUR, KEPULAUAN TALAUD, SULAWESI UTARA",1,160,9,169
https://kawalpemilu.org#66513,"TULE, MELONGUANE TIMUR, KEPULAUAN TALAUD, SULAWESI UTARA",2,164,4,168
https://kawalpemilu.org#66514,"TULE TENGAH, MELONGUANE TIMUR, KEPULAUAN TALAUD, SULAWESI UTARA",1,176,2,178
https://kawalpemilu.org#66514,"TULE TENGAH, MELONGUANE TIMUR, KEPULAUAN TALAUD, SULAWESI UTARA",2,163,2,165
https://kawalpemilu.org#66515,"TULE UTARA, MELONGUANE TIMUR, KEPULAUAN TALAUD, SULAWESI UTARA",1,138,7,145
https://kawalpemilu.org#66515,"TULE UTARA, MELONGUANE TIMUR, KEPULAUAN TALAUD, SULAWESI UTARA",2,137,0,137
https://kawalpemilu.org#66516,"BOWOMBARU, MELONGUANE TIMUR, KEPULAUAN TALAUD, SULAWESI UTARA",1,207,19,226
https://kawalpemilu.org#66516,"BOWOMBARU, MELONGUANE TIMUR, KEPULAUAN TALAUD, SULAWESI UTARA",2,198,10,208
https://kawalpemilu.org#66517,"BOWOMBARU TENGAH, MELONGUANE TIMUR, KEPULAUAN TALAUD, SULAWESI UTARA",1,122,9,131
https://kawalpemilu.org#66517,"BOWOMBARU TENGAH, MELONGUANE TIMUR, KEPULAUAN TALAUD, SULAWESI UTARA",2,128,11,139
https://kawalpemilu.org#66518,"BOWOMBARU UTARA, MELONGUANE TIMUR, KEPULAUAN TALAUD, SULAWESI UTARA",1,173,5,178
https://kawalpemilu.org#66518,"BOWOMBARU UTARA, MELONGUANE TIMUR, KEPULAUAN TALAUD, SULAWESI UTARA",2,180,3,183
https://kawalpemilu.org#66518,"BOWOMBARU UTARA, MELONGUANE TIMUR, KEPULAUAN TALAUD, SULAWESI UTARA",3,164,7,171
https://kawalpemilu.org#66520,"MORONGE, MORONGE, KEPULAUAN TALAUD, SULAWESI UTARA",1,222,3,225
https://kawalpemilu.org#66520,"MORONGE, MORONGE, KEPULAUAN TALAUD, SULAWESI UTARA",2,228,13,241
https://kawalpemilu.org#66521,"MORONGE I, MORONGE, KEPULAUAN TALAUD, SULAWESI UTARA",1,171,7,178
https://kawalpemilu.org#66521,"MORONGE I, MORONGE, KEPULAUAN TALAUD, SULAWESI UTARA",2,179,6,185
https://kawalpemilu.org#66522,"MORONGE II, MORONGE, KEPULAUAN TALAUD, SULAWESI UTARA",1,181,14,195
https://kawalpemilu.org#66522,"MORONGE II, MORONGE, KEPULAUAN TALAUD, SULAWESI UTARA",2,182,16,198
https://kawalpemilu.org#66523,"MORONGE SELATAN, MORONGE, KEPULAUAN TALAUD, SULAWESI UTARA",1,226,5,231
https://kawalpemilu.org#66523,"MORONGE SELATAN, MORONGE, KEPULAUAN TALAUD, SULAWESI UTARA",2,203,6,209
https://kawalpemilu.org#66524,"MORONGE SELATAN II, MORONGE, KEPULAUAN TALAUD, SULAWESI UTARA",1,201,18,219
https://kawalpemilu.org#66524,"MORONGE SELATAN II, MORONGE, KEPULAUAN TALAUD, SULAWESI UTARA",2,204,21,225
https://kawalpemilu.org#66525,"MORONGE SELATAN I, MORONGE, KEPULAUAN TALAUD, SULAWESI UTARA",1,176,17,193
https://kawalpemilu.org#66525,"MORONGE SELATAN I, MORONGE, KEPULAUAN TALAUD, SULAWESI UTARA",2,190,12,202
https://kawalpemilu.org#66527,"PAMPALU, BEO SELATAN, KEPULAUAN TALAUD, SULAWESI UTARA",1,140,11,151
https://kawalpemilu.org#66527,"PAMPALU, BEO SELATAN, KEPULAUAN TALAUD, SULAWESI UTARA",2,128,22,150
https://kawalpemilu.org#66528,"RUSO, BEO SELATAN, KEPULAUAN TALAUD, SULAWESI UTARA",1,167,22,189
https://kawalpemilu.org#66528,"RUSO, BEO SELATAN, KEPULAUAN TALAUD, SULAWESI UTARA",2,160,22,182
https://kawalpemilu.org#66529,"NIAMPAK, BEO SELATAN, KEPULAUAN TALAUD, SULAWESI UTARA",1,148,29,177
https://kawalpemilu.org#66529,"NIAMPAK, BEO SELATAN, KEPULAUAN TALAUD, SULAWESI UTARA",2,149,27,176
https://kawalpemilu.org#66530,"NIAMPAK UTARA, BEO SELATAN, KEPULAUAN TALAUD, SULAWESI UTARA",1,154,11,165
https://kawalpemilu.org#66530,"NIAMPAK UTARA, BEO SELATAN, KEPULAUAN TALAUD, SULAWESI UTARA",2,155,15,170
https://kawalpemilu.org#66531,"TAROHAN, BEO SELATAN, KEPULAUAN TALAUD, SULAWESI UTARA",1,170,11,181
https://kawalpemilu.org#66531,"TAROHAN, BEO SELATAN, KEPULAUAN TALAUD, SULAWESI UTARA",2,202,16,218
https://kawalpemilu.org#66532,"TAROHAN SELATAN, BEO SELATAN, KEPULAUAN TALAUD, SULAWESI UTARA",1,138,33,171
https://kawalpemilu.org#66532,"TAROHAN SELATAN, BEO SELATAN, KEPULAUAN TALAUD, SULAWESI UTARA",2,126,31,157
https://kawalpemilu.org#66533,"MATAHIT, BEO SELATAN, KEPULAUAN TALAUD, SULAWESI UTARA",1,192,6,198
https://kawalpemilu.org#66533,"MATAHIT, BEO SELATAN, KEPULAUAN TALAUD, SULAWESI UTARA",2,163,9,172
https://kawalpemilu.org#66535,"SAMBUARA SATU, ESSANG SELATAN, KEPULAUAN TALAUD, SULAWESI UTARA",1,242,7,249
https://kawalpemilu.org#66536,"SAMBUARA, ESSANG SELATAN, KEPULAUAN TALAUD, SULAWESI UTARA",1,140,7,147
https://kawalpemilu.org#66536,"SAMBUARA, ESSANG SELATAN, KEPULAUAN TALAUD, SULAWESI UTARA",2,147,0,147
https://kawalpemilu.org#66537,"ENSEM, ESSANG SELATAN, KEPULAUAN TALAUD, SULAWESI UTARA",1,215,14,229
https://kawalpemilu.org#66538,"ENSEM TIMUR, ESSANG SELATAN, KEPULAUAN TALAUD, SULAWESI UTARA",1,237,8,245
https://kawalpemilu.org#66539,"BATUMBALANGO, ESSANG SELATAN, KEPULAUAN TALAUD, SULAWESI UTARA",1,133,37,170
https://kawalpemilu.org#66539,"BATUMBALANGO, ESSANG SELATAN, KEPULAUAN TALAUD, SULAWESI UTARA",2,136,31,167
https://kawalpemilu.org#66540,"AMBIA, ESSANG SELATAN, KEPULAUAN TALAUD, SULAWESI UTARA",1,198,42,240
https://kawalpemilu.org#66541,"AMBIA UTARA, ESSANG SELATAN, KEPULAUAN TALAUD, SULAWESI UTARA",1,251,9,260
https://kawalpemilu.org#66542,"K U M A, ESSANG SELATAN, KEPULAUAN TALAUD, SULAWESI UTARA",1,250,5,255
https://kawalpemilu.org#66543,"KUMA SELATAN, ESSANG SELATAN, KEPULAUAN TALAUD, SULAWESI UTARA",1,202,20,222
https://kawalpemilu.org#66546,"SINISIR, MODOINDING, MINAHASA SELATAN, SULAWESI UTARA",1,189,14,203
https://kawalpemilu.org#66546,"SINISIR, MODOINDING, MINAHASA SELATAN, SULAWESI UTARA",2,199,14,213
https://kawalpemilu.org#66546,"SINISIR, MODOINDING, MINAHASA SELATAN, SULAWESI UTARA",3,196,21,217
https://kawalpemilu.org#66546,"SINISIR, MODOINDING, MINAHASA SELATAN, SULAWESI UTARA",4,206,13,219
https://kawalpemilu.org#66546,"SINISIR, MODOINDING, MINAHASA SELATAN, SULAWESI UTARA",5,211,7,218
https://kawalpemilu.org#66547,"KAKENTURAN, MODOINDING, MINAHASA SELATAN, SULAWESI UTARA",1,191,12,203
https://kawalpemilu.org#66547,"KAKENTURAN, MODOINDING, MINAHASA SELATAN, SULAWESI UTARA",2,247,15,262
https://kawalpemilu.org#66547,"KAKENTURAN, MODOINDING, MINAHASA SELATAN, SULAWESI UTARA",3,203,17,220
https://kawalpemilu.org#66548,"PALELON, MODOINDING, MINAHASA SELATAN, SULAWESI UTARA",1,164,9,173
https://kawalpemilu.org#66548,"PALELON, MODOINDING, MINAHASA SELATAN, SULAWESI UTARA",2,196,5,201
https://kawalpemilu.org#66548,"PALELON, MODOINDING, MINAHASA SELATAN, SULAWESI UTARA",3,197,7,204
https://kawalpemilu.org#66548,"PALELON, MODOINDING, MINAHASA SELATAN, SULAWESI UTARA",4,223,6,229
https://kawalpemilu.org#66548,"PALELON, MODOINDING, MINAHASA SELATAN, SULAWESI UTARA",5,188,0,188
https://kawalpemilu.org#66549,"PINASUNGKULAN, MODOINDING, MINAHASA SELATAN, SULAWESI UTARA",1,193,8,201
https://kawalpemilu.org#66549,"PINASUNGKULAN, MODOINDING, MINAHASA SELATAN, SULAWESI UTARA",2,174,12,186
https://kawalpemilu.org#66549,"PINASUNGKULAN, MODOINDING, MINAHASA SELATAN, SULAWESI UTARA",3,204,13,217
https://kawalpemilu.org#66549,"PINASUNGKULAN, MODOINDING, MINAHASA SELATAN, SULAWESI UTARA",4,179,12,191
https://kawalpemilu.org#66550,"WULURMAATUS, MODOINDING, MINAHASA SELATAN, SULAWESI UTARA",1,216,8,224
https://kawalpemilu.org#66550,"WULURMAATUS, MODOINDING, MINAHASA SELATAN, SULAWESI UTARA",2,216,18,234
https://kawalpemilu.org#66550,"WULURMAATUS, MODOINDING, MINAHASA SELATAN, SULAWESI UTARA",3,229,14,243
https://kawalpemilu.org#66550,"WULURMAATUS, MODOINDING, MINAHASA SELATAN, SULAWESI UTARA",4,238,6,244
https://kawalpemilu.org#66551,"MAKAARUYEN, MODOINDING, MINAHASA SELATAN, SULAWESI UTARA",1,215,15,230
https://kawalpemilu.org#66551,"MAKAARUYEN, MODOINDING, MINAHASA SELATAN, SULAWESI UTARA",2,209,18,227
https://kawalpemilu.org#66551,"MAKAARUYEN, MODOINDING, MINAHASA SELATAN, SULAWESI UTARA",3,215,24,239
https://kawalpemilu.org#66551,"MAKAARUYEN, MODOINDING, MINAHASA SELATAN, SULAWESI UTARA",4,226,25,251
https://kawalpemilu.org#66551,"MAKAARUYEN, MODOINDING, MINAHASA SELATAN, SULAWESI UTARA",5,221,24,245
https://kawalpemilu.org#66552,"LINELEAN, MODOINDING, MINAHASA SELATAN, SULAWESI UTARA",1,236,10,246
https://kawalpemilu.org#66552,"LINELEAN, MODOINDING, MINAHASA SELATAN, SULAWESI UTARA",2,243,17,260
https://kawalpemilu.org#66552,"LINELEAN, MODOINDING, MINAHASA SELATAN, SULAWESI UTARA",3,235,8,243
https://kawalpemilu.org#66553,"MOKOBANG, MODOINDING, MINAHASA SELATAN, SULAWESI UTARA",1,153,7,160
https://kawalpemilu.org#66553,"MOKOBANG, MODOINDING, MINAHASA SELATAN, SULAWESI UTARA",2,154,8,162
https://kawalpemilu.org#66553,"MOKOBANG, MODOINDING, MINAHASA SELATAN, SULAWESI UTARA",3,193,1,194
https://kawalpemilu.org#66553,"MOKOBANG, MODOINDING, MINAHASA SELATAN, SULAWESI UTARA",4,182,5,187
https://kawalpemilu.org#66553,"MOKOBANG, MODOINDING, MINAHASA SELATAN, SULAWESI UTARA",5,174,0,174
https://kawalpemilu.org#89941,"KAKENTURAN BARAT, MODOINDING, MINAHASA SELATAN, SULAWESI UTARA",1,219,22,231
https://kawalpemilu.org#89941,"KAKENTURAN BARAT, MODOINDING, MINAHASA SELATAN, SULAWESI UTARA",2,211,24,235
https://kawalpemilu.org#89941,"KAKENTURAN BARAT, MODOINDING, MINAHASA SELATAN, SULAWESI UTARA",3,297,22,220
https://kawalpemilu.org#89942,"PINASUNGKULAN UTARA, MODOINDING, MINAHASA SELATAN, SULAWESI UTARA",1,222,5,227
https://kawalpemilu.org#89942,"PINASUNGKULAN UTARA, MODOINDING, MINAHASA SELATAN, SULAWESI UTARA",2,233,14,247
https://kawalpemilu.org#89942,"PINASUNGKULAN UTARA, MODOINDING, MINAHASA SELATAN, SULAWESI UTARA",3,235,9,244
https://kawalpemilu.org#66555,"RARAATEAN, TOMPASO BARU, MINAHASA SELATAN, SULAWESI UTARA",1,176,6,182
https://kawalpemilu.org#66555,"RARAATEAN, TOMPASO BARU, MINAHASA SELATAN, SULAWESI UTARA",2,170,12,182
https://kawalpemilu.org#66555,"RARAATEAN, TOMPASO BARU, MINAHASA SELATAN, SULAWESI UTARA",3,170,12,182
https://kawalpemilu.org#66555,"RARAATEAN, TOMPASO BARU, MINAHASA SELATAN, SULAWESI UTARA",4,161,6,167
https://kawalpemilu.org#66556,"SION, TOMPASO BARU, MINAHASA SELATAN, SULAWESI UTARA",1,178,17,195
https://kawalpemilu.org#66556,"SION, TOMPASO BARU, MINAHASA SELATAN, SULAWESI UTARA",2,199,9,208
https://kawalpemilu.org#66556,"SION, TOMPASO BARU, MINAHASA SELATAN, SULAWESI UTARA",3,201,2,203
https://kawalpemilu.org#66556,"SION, TOMPASO BARU, MINAHASA SELATAN, SULAWESI UTARA",4,195,9,204
https://kawalpemilu.org#66557,"TOMPASO BARU I, TOMPASO BARU, MINAHASA SELATAN, SULAWESI UTARA",1,103,52,155
https://kawalpemilu.org#66557,"TOMPASO BARU I, TOMPASO BARU, MINAHASA SELATAN, SULAWESI UTARA",2,161,32,193
https://kawalpemilu.org#66557,"TOMPASO BARU I, TOMPASO BARU, MINAHASA SELATAN, SULAWESI UTARA",3,146,35,181
https://kawalpemilu.org#66557,"TOMPASO BARU I, TOMPASO BARU, MINAHASA SELATAN, SULAWESI UTARA",4,182,22,204
https://kawalpemilu.org#66557,"TOMPASO BARU I, TOMPASO BARU, MINAHASA SELATAN, SULAWESI UTARA",5,160,16,176
https://kawalpemilu.org#66557,"TOMPASO BARU I, TOMPASO BARU, MINAHASA SELATAN, SULAWESI UTARA",6,182,16,198
https://kawalpemilu.org#66557,"TOMPASO BARU I, TOMPASO BARU, MINAHASA SELATAN, SULAWESI UTARA",7,109,22,131
https://kawalpemilu.org#66557,"TOMPASO BARU I, TOMPASO BARU, MINAHASA SELATAN, SULAWESI UTARA",8,139,33,172
https://kawalpemilu.org#66558,"KINALAWIRAN, TOMPASO BARU, MINAHASA SELATAN, SULAWESI UTARA",1,173,15,188
https://kawalpemilu.org#66558,"KINALAWIRAN, TOMPASO BARU, MINAHASA SELATAN, SULAWESI UTARA",2,171,23,194
https://kawalpemilu.org#66558,"KINALAWIRAN, TOMPASO BARU, MINAHASA SELATAN, SULAWESI UTARA",3,178,20,198
https://kawalpemilu.org#66558,"KINALAWIRAN, TOMPASO BARU, MINAHASA SELATAN, SULAWESI UTARA",4,150,16,166
https://kawalpemilu.org#66559,"TOMPASO BARU II, TOMPASO BARU, MINAHASA SELATAN, SULAWESI UTARA",1,139,31,170
https://kawalpemilu.org#66559,"TOMPASO BARU II, TOMPASO BARU, MINAHASA SELATAN, SULAWESI UTARA",2,218,13,231
https://kawalpemilu.org#66559,"TOMPASO BARU II, TOMPASO BARU, MINAHASA SELATAN, SULAWESI UTARA",3,163,23,186
https://kawalpemilu.org#66559,"TOMPASO BARU II, TOMPASO BARU, MINAHASA SELATAN, SULAWESI UTARA",4,199,18,217
https://kawalpemilu.org#66559,"TOMPASO BARU II, TOMPASO BARU, MINAHASA SELATAN, SULAWESI UTARA",5,162,17,179
https://kawalpemilu.org#66559,"TOMPASO BARU II, TOMPASO BARU, MINAHASA SELATAN, SULAWESI UTARA",6,145,13,158
https://kawalpemilu.org#66560,"PINAESAAN, TOMPASO BARU, MINAHASA SELATAN, SULAWESI UTARA",1,201,27,228
https://kawalpemilu.org#66560,"PINAESAAN, TOMPASO BARU, MINAHASA SELATAN, SULAWESI UTARA",2,191,28,219
https://kawalpemilu.org#66560,"PINAESAAN, TOMPASO BARU, MINAHASA SELATAN, SULAWESI UTARA",4,175,25,200
https://kawalpemilu.org#66561,"TOROUT, TOMPASO BARU, MINAHASA SELATAN, SULAWESI UTARA",1,79,119,198
https://kawalpemilu.org#66561,"TOROUT, TOMPASO BARU, MINAHASA SELATAN, SULAWESI UTARA",2,129,97,226
https://kawalpemilu.org#66561,"TOROUT, TOMPASO BARU, MINAHASA SELATAN, SULAWESI UTARA",3,94,128,222
https://kawalpemilu.org#66561,"TOROUT, TOMPASO BARU, MINAHASA SELATAN, SULAWESI UTARA",4,103,136,239
https://kawalpemilu.org#66561,"TOROUT, TOMPASO BARU, MINAHASA SELATAN, SULAWESI UTARA",5,115,117,232
https://kawalpemilu.org#66561,"TOROUT, TOMPASO BARU, MINAHASA SELATAN, SULAWESI UTARA",6,82,114,196
https://kawalpemilu.org#66562,"LINDANGAN, TOMPASO BARU, MINAHASA SELATAN, SULAWESI UTARA",1,193,17,210
https://kawalpemilu.org#66562,"LINDANGAN, TOMPASO BARU, MINAHASA SELATAN, SULAWESI UTARA",2,188,17,205
https://kawalpemilu.org#66563,"KAROWA, TOMPASO BARU, MINAHASA SELATAN, SULAWESI UTARA",1,104,4,108
https://kawalpemilu.org#66563,"KAROWA, TOMPASO BARU, MINAHASA SELATAN, SULAWESI UTARA",2,159,10,169
https://kawalpemilu.org#66563,"KAROWA, TOMPASO BARU, MINAHASA SELATAN, SULAWESI UTARA",3,164,9,173
https://kawalpemilu.org#66563,"KAROWA, TOMPASO BARU, MINAHASA SELATAN, SULAWESI UTARA",4,153,5,158
https://kawalpemilu.org#66563,"KAROWA, TOMPASO BARU, MINAHASA SELATAN, SULAWESI UTARA",5,136,4,140
https://kawalpemilu.org#66564,"LIANDOK, TOMPASO BARU, MINAHASA SELATAN, SULAWESI UTARA",1,211,13,224
https://kawalpemilu.org#66564,"LIANDOK, TOMPASO BARU, MINAHASA SELATAN, SULAWESI UTARA",2,170,18,188
https://kawalpemilu.org#66566,"POOPO, RANOYAPO, MINAHASA SELATAN, SULAWESI UTARA",1,216,4,220
https://kawalpemilu.org#66566,"POOPO, RANOYAPO, MINAHASA SELATAN, SULAWESI UTARA",2,207,5,212
https://kawalpemilu.org#66566,"POOPO, RANOYAPO, MINAHASA SELATAN, SULAWESI UTARA",3,198,6,204
https://kawalpemilu.org#66566,"POOPO, RANOYAPO, MINAHASA SELATAN, SULAWESI UTARA",4,198,11,209
https://kawalpemilu.org#66567,"RANOYAPO, RANOYAPO, MINAHASA SELATAN, SULAWESI UTARA",1,175,13,188
https://kawalpemilu.org#66567,"RANOYAPO, RANOYAPO, MINAHASA SELATAN, SULAWESI UTARA",2,202,24,226
https://kawalpemilu.org#66567,"RANOYAPO, RANOYAPO, MINAHASA SELATAN, SULAWESI UTARA",3,207,25,232
https://kawalpemilu.org#66567,"RANOYAPO, RANOYAPO, MINAHASA SELATAN, SULAWESI UTARA",4,201,22,223
https://kawalpemilu.org#66567,"RANOYAPO, RANOYAPO, MINAHASA SELATAN, SULAWESI UTARA",5,214,15,229
https://kawalpemilu.org#66567,"RANOYAPO, RANOYAPO, MINAHASA SELATAN, SULAWESI UTARA",6,158,18,176
https://kawalpemilu.org#66568,"MOPOLO, RANOYAPO, MINAHASA SELATAN, SULAWESI UTARA",2,203,17,220
https://kawalpemilu.org#66568,"MOPOLO, RANOYAPO, MINAHASA SELATAN, SULAWESI UTARA",3,198,22,220
https://kawalpemilu.org#66569,"BERINGIN, RANOYAPO, MINAHASA SELATAN, SULAWESI UTARA",1,190,21,211
https://kawalpemilu.org#66569,"BERINGIN, RANOYAPO, MINAHASA SELATAN, SULAWESI UTARA",2,198,20,218
https://kawalpemilu.org#66569,"BERINGIN, RANOYAPO, MINAHASA SELATAN, SULAWESI UTARA",3,189,34,223
https://kawalpemilu.org#66570,"POWALUTAN, RANOYAPO, MINAHASA SELATAN, SULAWESI UTARA",1,146,40,186
https://kawalpemilu.org#66570,"POWALUTAN, RANOYAPO, MINAHASA SELATAN, SULAWESI UTARA",2,173,39,212
https://kawalpemilu.org#66570,"POWALUTAN, RANOYAPO, MINAHASA SELATAN, SULAWESI UTARA",3,190,35,225
https://kawalpemilu.org#66570,"POWALUTAN, RANOYAPO, MINAHASA SELATAN, SULAWESI UTARA",4,149,45,194
https://kawalpemilu.org#66570,"POWALUTAN, RANOYAPO, MINAHASA SELATAN, SULAWESI UTARA",5,206,37,243
https://kawalpemilu.org#66571,"LOMPAD, RANOYAPO, MINAHASA SELATAN, SULAWESI UTARA",1,162,29,191
https://kawalpemilu.org#66571,"LOMPAD, RANOYAPO, MINAHASA SELATAN, SULAWESI UTARA",2,203,31,234
https://kawalpemilu.org#66571,"LOMPAD, RANOYAPO, MINAHASA SELATAN, SULAWESI UTARA",3,187,26,213
https://kawalpemilu.org#66572,"LOMPAD BARU, RANOYAPO, MINAHASA SELATAN, SULAWESI UTARA",1,147,29,176
https://kawalpemilu.org#66572,"LOMPAD BARU, RANOYAPO, MINAHASA SELATAN, SULAWESI UTARA",2,141,28,169
https://kawalpemilu.org#66573,"PONTAK, RANOYAPO, MINAHASA SELATAN, SULAWESI UTARA",1,188,18,206
https://kawalpemilu.org#66573,"PONTAK, RANOYAPO, MINAHASA SELATAN, SULAWESI UTARA",2,206,13,219
https://kawalpemilu.org#66573,"PONTAK, RANOYAPO, MINAHASA SELATAN, SULAWESI UTARA",3,210,18,228
https://kawalpemilu.org#66573,"PONTAK, RANOYAPO, MINAHASA SELATAN, SULAWESI UTARA",4,175,31,206
https://kawalpemilu.org#66574,"POOPO UTARA, RANOYAPO, MINAHASA SELATAN, SULAWESI UTARA",1,183,15,198
https://kawalpemilu.org#66574,"POOPO UTARA, RANOYAPO, MINAHASA SELATAN, SULAWESI UTARA",2,221,11,232
https://kawalpemilu.org#66574,"POOPO UTARA, RANOYAPO, MINAHASA SELATAN, SULAWESI UTARA",3,198,8,206
https://kawalpemilu.org#66575,"POOPO BARAT, RANOYAPO, MINAHASA SELATAN, SULAWESI UTARA",1,180,10,190
https://kawalpemilu.org#66575,"POOPO BARAT, RANOYAPO, MINAHASA SELATAN, SULAWESI UTARA",2,204,5,209
https://kawalpemilu.org#66575,"POOPO BARAT, RANOYAPO, MINAHASA SELATAN, SULAWESI UTARA",3,201,7,208
https://kawalpemilu.org#66575,"POOPO BARAT, RANOYAPO, MINAHASA SELATAN, SULAWESI UTARA",4,202,3,205
https://kawalpemilu.org#66576,"PONTAK SATU, RANOYAPO, MINAHASA SELATAN, SULAWESI UTARA",1,147,11,158
https://kawalpemilu.org#66576,"PONTAK SATU, RANOYAPO, MINAHASA SELATAN, SULAWESI UTARA",2,170,10,180
https://kawalpemilu.org#66576,"PONTAK SATU, RANOYAPO, MINAHASA SELATAN, SULAWESI UTARA",3,155,11,166
https://kawalpemilu.org#92953,"MOPOLO ESA, RANOYAPO, MINAHASA SELATAN, SULAWESI UTARA",1,235,12,247
https://kawalpemilu.org#92953,"MOPOLO ESA, RANOYAPO, MINAHASA SELATAN, SULAWESI UTARA",2,216,17,233
https://kawalpemilu.org#92953,"MOPOLO ESA, RANOYAPO, MINAHASA SELATAN, SULAWESI UTARA",3,194,22,216
https://kawalpemilu.org#66578,"MOTOLING, MOTOLING, MINAHASA SELATAN, SULAWESI UTARA",1,127,42,169
https://kawalpemilu.org#66578,"MOTOLING, MOTOLING, MINAHASA SELATAN, SULAWESI UTARA",2,144,28,172
https://kawalpemilu.org#66578,"MOTOLING, MOTOLING, MINAHASA SELATAN, SULAWESI UTARA",3,146,30,176
https://kawalpemilu.org#66579,"MOTOLING MAWALE, MOTOLING, MINAHASA SELATAN, SULAWESI UTARA",1,160,24,184
https://kawalpemilu.org#66579,"MOTOLING MAWALE, MOTOLING, MINAHASA SELATAN, SULAWESI UTARA",2,186,33,219
https://kawalpemilu.org#66579,"MOTOLING MAWALE, MOTOLING, MINAHASA SELATAN, SULAWESI UTARA",3,198,25,223
https://kawalpemilu.org#66580,"MOTOLING I, MOTOLING, MINAHASA SELATAN, SULAWESI UTARA",1,171,16,187
https://kawalpemilu.org#66580,"MOTOLING I, MOTOLING, MINAHASA SELATAN, SULAWESI UTARA",2,187,15,202
https://kawalpemilu.org#66580,"MOTOLING I, MOTOLING, MINAHASA SELATAN, SULAWESI UTARA",3,206,15,221
https://kawalpemilu.org#66580,"MOTOLING I, MOTOLING, MINAHASA SELATAN, SULAWESI UTARA",4,175,13,188
https://kawalpemilu.org#66580,"MOTOLING I, MOTOLING, MINAHASA SELATAN, SULAWESI UTARA",5,194,7,201
https://kawalpemilu.org#66581,"MOTOLING II, MOTOLING, MINAHASA SELATAN, SULAWESI UTARA",1,135,12,147
https://kawalpemilu.org#66581,"MOTOLING II, MOTOLING, MINAHASA SELATAN, SULAWESI UTARA",2,200,7,207
https://kawalpemilu.org#66581,"MOTOLING II, MOTOLING, MINAHASA SELATAN, SULAWESI UTARA",3,184,5,189
https://kawalpemilu.org#66581,"MOTOLING II, MOTOLING, MINAHASA SELATAN, SULAWESI UTARA",4,200,9,209
https://kawalpemilu.org#66581,"MOTOLING II, MOTOLING, MINAHASA SELATAN, SULAWESI UTARA",5,201,12,213
https://kawalpemilu.org#66581,"MOTOLING II, MOTOLING, MINAHASA SELATAN, SULAWESI UTARA",6,171,12,183
https://kawalpemilu.org#66582,"PICUAN BARU, MOTOLING, MINAHASA SELATAN, SULAWESI UTARA",1,197,28,225
https://kawalpemilu.org#66582,"PICUAN BARU, MOTOLING, MINAHASA SELATAN, SULAWESI UTARA",2,195,26,221
https://kawalpemilu.org#66582,"PICUAN BARU, MOTOLING, MINAHASA SELATAN, SULAWESI UTARA",3,207,16,223
https://kawalpemilu.org#66583,"LALUMPE, MOTOLING, MINAHASA SELATAN, SULAWESI UTARA",1,193,9,202
https://kawalpemilu.org#66583,"LALUMPE, MOTOLING, MINAHASA SELATAN, SULAWESI UTARA",2,201,18,220
https://kawalpemilu.org#66583,"LALUMPE, MOTOLING, MINAHASA SELATAN, SULAWESI UTARA",3,216,9,225
https://kawalpemilu.org#66584,"RAANAN LAMA, MOTOLING, MINAHASA SELATAN, SULAWESI UTARA",1,132,0,132
https://kawalpemilu.org#66584,"RAANAN LAMA, MOTOLING, MINAHASA SELATAN, SULAWESI UTARA",2,150,13,163
https://kawalpemilu.org#66584,"RAANAN LAMA, MOTOLING, MINAHASA SELATAN, SULAWESI UTARA",3,172,12,184
https://kawalpemilu.org#66584,"RAANAN LAMA, MOTOLING, MINAHASA SELATAN, SULAWESI UTARA",4,187,13,200
https://kawalpemilu.org#66584,"RAANAN LAMA, MOTOLING, MINAHASA SELATAN, SULAWESI UTARA",5,157,12,169
https://kawalpemilu.org#66586,"BLONGKO, SINONSAYANG, MINAHASA SELATAN, SULAWESI UTARA",1,138,28,166
https://kawalpemilu.org#66586,"BLONGKO, SINONSAYANG, MINAHASA SELATAN, SULAWESI UTARA",2,142,27,169
https://kawalpemilu.org#66586,"BLONGKO, SINONSAYANG, MINAHASA SELATAN, SULAWESI UTARA",3,194,12,206
https://kawalpemilu.org#66586,"BLONGKO, SINONSAYANG, MINAHASA SELATAN, SULAWESI UTARA",4,190,20,210
https://kawalpemilu.org#66586,"BLONGKO, SINONSAYANG, MINAHASA SELATAN, SULAWESI UTARA",5,195,16,211
https://kawalpemilu.org#66586,"BLONGKO, SINONSAYANG, MINAHASA SELATAN, SULAWESI UTARA",6,160,18,178
https://kawalpemilu.org#66587,"BOYONGPANTE, SINONSAYANG, MINAHASA SELATAN, SULAWESI UTARA",1,113,66,179
https://kawalpemilu.org#66587,"BOYONGPANTE, SINONSAYANG, MINAHASA SELATAN, SULAWESI UTARA",2,111,80,191
https://kawalpemilu.org#66587,"BOYONGPANTE, SINONSAYANG, MINAHASA SELATAN, SULAWESI UTARA",3,125,60,185
https://kawalpemilu.org#66587,"BOYONGPANTE, SINONSAYANG, MINAHASA SELATAN, SULAWESI UTARA",4,111,72,183
https://kawalpemilu.org#66588,"TINIAWANGKO, SINONSAYANG, MINAHASA SELATAN, SULAWESI UTARA",1,194,51,245
https://kawalpemilu.org#66588,"TINIAWANGKO, SINONSAYANG, MINAHASA SELATAN, SULAWESI UTARA",2,131,98,229
https://kawalpemilu.org#66588,"TINIAWANGKO, SINONSAYANG, MINAHASA SELATAN, SULAWESI UTARA",3,192,14,206
https://kawalpemilu.org#66588,"TINIAWANGKO, SINONSAYANG, MINAHASA SELATAN, SULAWESI UTARA",4,101,29,130
https://kawalpemilu.org#66589,"ONGKAW I, SINONSAYANG, MINAHASA SELATAN, SULAWESI UTARA",1,161,8,169
https://kawalpemilu.org#66589,"ONGKAW I, SINONSAYANG, MINAHASA SELATAN, SULAWESI UTARA",3,178,6,184
https://kawalpemilu.org#66589,"ONGKAW I, SINONSAYANG, MINAHASA SELATAN, SULAWESI UTARA",4,141,8,149
https://kawalpemilu.org#66590,"ONGKAW II, SINONSAYANG, MINAHASA SELATAN, SULAWESI UTARA",1,220,7,227
https://kawalpemilu.org#66590,"ONGKAW II, SINONSAYANG, MINAHASA SELATAN, SULAWESI UTARA",2,202,5,207
https://kawalpemilu.org#66590,"ONGKAW II, SINONSAYANG, MINAHASA SELATAN, SULAWESI UTARA",3,211,8,219
https://kawalpemilu.org#66590,"ONGKAW II, SINONSAYANG, MINAHASA SELATAN, SULAWESI UTARA",4,216,8,224
https://kawalpemilu.org#66590,"ONGKAW II, SINONSAYANG, MINAHASA SELATAN, SULAWESI UTARA",5,226,5,231
https://kawalpemilu.org#66590,"ONGKAW II, SINONSAYANG, MINAHASA SELATAN, SULAWESI UTARA",6,190,7,197
https://kawalpemilu.org#66591,"AERGALE, SINONSAYANG, MINAHASA SELATAN, SULAWESI UTARA",1,194,20,214
https://kawalpemilu.org#66591,"AERGALE, SINONSAYANG, MINAHASA SELATAN, SULAWESI UTARA",2,188,33,221
https://kawalpemilu.org#66591,"AERGALE, SINONSAYANG, MINAHASA SELATAN, SULAWESI UTARA",3,162,27,189
https://kawalpemilu.org#66592,"POIGAR I, SINONSAYANG, MINAHASA SELATAN, SULAWESI UTARA",1,189,11,200
https://kawalpemilu.org#66592,"POIGAR I, SINONSAYANG, MINAHASA SELATAN, SULAWESI UTARA",2,183,11,194
https://kawalpemilu.org#66592,"POIGAR I, SINONSAYANG, MINAHASA SELATAN, SULAWESI UTARA",3,194,9,203
https://kawalpemilu.org#66592,"POIGAR I, SINONSAYANG, MINAHASA SELATAN, SULAWESI UTARA",4,163,18,181
https://kawalpemilu.org#66592,"POIGAR I, SINONSAYANG, MINAHASA SELATAN, SULAWESI UTARA",5,144,12,156
https://kawalpemilu.org#66593,"POIGAR II, SINONSAYANG, MINAHASA SELATAN, SULAWESI UTARA",1,195,10,205
https://kawalpemilu.org#66593,"POIGAR II, SINONSAYANG, MINAHASA SELATAN, SULAWESI UTARA",2,201,18,219
https://kawalpemilu.org#66593,"POIGAR II, SINONSAYANG, MINAHASA SELATAN, SULAWESI UTARA",3,186,20,206
https://kawalpemilu.org#66593,"POIGAR II, SINONSAYANG, MINAHASA SELATAN, SULAWESI UTARA",4,167,4,171
https://kawalpemilu.org#66594,"DURIAN, SINONSAYANG, MINAHASA SELATAN, SULAWESI UTARA",1,110,51,161
https://kawalpemilu.org#66594,"DURIAN, SINONSAYANG, MINAHASA SELATAN, SULAWESI UTARA",2,150,44,194
https://kawalpemilu.org#66594,"DURIAN, SINONSAYANG, MINAHASA SELATAN, SULAWESI UTARA",3,128,60,188
https://kawalpemilu.org#66594,"DURIAN, SINONSAYANG, MINAHASA SELATAN, SULAWESI UTARA",4,120,48,168
https://kawalpemilu.org#66595,"TANAMON, SINONSAYANG, MINAHASA SELATAN, SULAWESI UTARA",1,76,148,224
https://kawalpemilu.org#66595,"TANAMON, SINONSAYANG, MINAHASA SELATAN, SULAWESI UTARA",2,48,171,219
https://kawalpemilu.org#66595,"TANAMON, SINONSAYANG, MINAHASA SELATAN, SULAWESI UTARA",3,67,152,219
https://kawalpemilu.org#66595,"TANAMON, SINONSAYANG, MINAHASA SELATAN, SULAWESI UTARA",4,54,166,220
https://kawalpemilu.org#66595,"TANAMON, SINONSAYANG, MINAHASA SELATAN, SULAWESI UTARA",5,55,176,231
https://kawalpemilu.org#66595,"TANAMON, SINONSAYANG, MINAHASA SELATAN, SULAWESI UTARA",6,61,111,172
https://kawalpemilu.org#92954,"ONGKAW III, SINONSAYANG, MINAHASA SELATAN, SULAWESI UTARA",1,121,55,176
https://kawalpemilu.org#92954,"ONGKAW III, SINONSAYANG, MINAHASA SELATAN, SULAWESI UTARA",2,129,66,195
https://kawalpemilu.org#92954,"ONGKAW III, SINONSAYANG, MINAHASA SELATAN, SULAWESI UTARA",3,120,54,174
https://kawalpemilu.org#92955,"BOYONGPANTE DUA, SINONSAYANG, MINAHASA SELATAN, SULAWESI UTARA",1,221,12,233
https://kawalpemilu.org#92955,"BOYONGPANTE DUA, SINONSAYANG, MINAHASA SELATAN, SULAWESI UTARA",2,212,15,227
https://kawalpemilu.org#92955,"BOYONGPANTE DUA, SINONSAYANG, MINAHASA SELATAN, SULAWESI UTARA",3,231,9,242
https://kawalpemilu.org#92956,"TANAMON UTARA, SINONSAYANG, MINAHASA SELATAN, SULAWESI UTARA",1,76,132,208
https://kawalpemilu.org#92956,"TANAMON UTARA, SINONSAYANG, MINAHASA SELATAN, SULAWESI UTARA",2,84,123,207
https://kawalpemilu.org#92956,"TANAMON UTARA, SINONSAYANG, MINAHASA SELATAN, SULAWESI UTARA",3,53,152,205
https://kawalpemilu.org#92956,"TANAMON UTARA, SINONSAYANG, MINAHASA SELATAN, SULAWESI UTARA",4,60,144,204
https://kawalpemilu.org#66597,"BOYONG ATAS, TENGA, MINAHASA SELATAN, SULAWESI UTARA",1,209,11,220
https://kawalpemilu.org#66597,"BOYONG ATAS, TENGA, MINAHASA SELATAN, SULAWESI UTARA",2,203,10,213
https://kawalpemilu.org#66597,"BOYONG ATAS, TENGA, MINAHASA SELATAN, SULAWESI UTARA",3,209,9,218
https://kawalpemilu.org#66597,"BOYONG ATAS, TENGA, MINAHASA SELATAN, SULAWESI UTARA",4,191,9,200
https://kawalpemilu.org#66598,"PAKU URE II, TENGA, MINAHASA SELATAN, SULAWESI UTARA",1,241,15,256
https://kawalpemilu.org#66598,"PAKU URE II, TENGA, MINAHASA SELATAN, SULAWESI UTARA",2,245,10,255
https://kawalpemilu.org#66599,"TENGA, TENGA, MINAHASA SELATAN, SULAWESI UTARA",1,163,14,177
https://kawalpemilu.org#66599,"TENGA, TENGA, MINAHASA SELATAN, SULAWESI UTARA",2,230,22,252
https://kawalpemilu.org#66599,"TENGA, TENGA, MINAHASA SELATAN, SULAWESI UTARA",3,258,5,263
https://kawalpemilu.org#66599,"TENGA, TENGA, MINAHASA SELATAN, SULAWESI UTARA",4,241,8,249
https://kawalpemilu.org#66599,"TENGA, TENGA, MINAHASA SELATAN, SULAWESI UTARA",5,162,16,178
https://kawalpemilu.org#66599,"TENGA, TENGA, MINAHASA SELATAN, SULAWESI UTARA",6,221,12,233
https://kawalpemilu.org#66599,"TENGA, TENGA, MINAHASA SELATAN, SULAWESI UTARA",7,121,3,124
https://kawalpemilu.org#66600,"RADEY, TENGA, MINAHASA SELATAN, SULAWESI UTARA",1,233,10,243
https://kawalpemilu.org#66600,"RADEY, TENGA, MINAHASA SELATAN, SULAWESI UTARA",2,243,22,265
https://kawalpemilu.org#66600,"RADEY, TENGA, MINAHASA SELATAN, SULAWESI UTARA",3,225,17,242
https://kawalpemilu.org#66600,"RADEY, TENGA, MINAHASA SELATAN, SULAWESI UTARA",4,239,16,255
https://kawalpemilu.org#66600,"RADEY, TENGA, MINAHASA SELATAN, SULAWESI UTARA",5,203,19,222
https://kawalpemilu.org#66601,"TAWAANG, TENGA, MINAHASA SELATAN, SULAWESI UTARA",1,234,27,261
https://kawalpemilu.org#66601,"TAWAANG, TENGA, MINAHASA SELATAN, SULAWESI UTARA",2,248,20,268
https://kawalpemilu.org#66601,"TAWAANG, TENGA, MINAHASA SELATAN, SULAWESI UTARA",3,227,39,266
https://kawalpemilu.org#66602,"PAKUWERU, TENGA, MINAHASA SELATAN, SULAWESI UTARA",1,184,12,196
https://kawalpemilu.org#66602,"PAKUWERU, TENGA, MINAHASA SELATAN, SULAWESI UTARA",2,200,10,210
https://kawalpemilu.org#66602,"PAKUWERU, TENGA, MINAHASA SELATAN, SULAWESI UTARA",3,197,5,202
https://kawalpemilu.org#66602,"PAKUWERU, TENGA, MINAHASA SELATAN, SULAWESI UTARA",4,193,12,205
https://kawalpemilu.org#66602,"PAKUWERU, TENGA, MINAHASA SELATAN, SULAWESI UTARA",5,189,7,196
https://kawalpemilu.org#66602,"PAKUWERU, TENGA, MINAHASA SELATAN, SULAWESI UTARA",6,197,5,202
https://kawalpemilu.org#66602,"PAKUWERU, TENGA, MINAHASA SELATAN, SULAWESI UTARA",7,170,8,178
https://kawalpemilu.org#66603,"SAPA, TENGA, MINAHASA SELATAN, SULAWESI UTARA",1,103,131,234
https://kawalpemilu.org#66603,"SAPA, TENGA, MINAHASA SELATAN, SULAWESI UTARA",2,138,69,207
https://kawalpemilu.org#66603,"SAPA, TENGA, MINAHASA SELATAN, SULAWESI UTARA",3,158,11,169
https://kawalpemilu.org#66604,"PAKUURE SATU, TENGA, MINAHASA SELATAN, SULAWESI UTARA",1,214,15,229
https://kawalpemilu.org#66604,"PAKUURE SATU, TENGA, MINAHASA SELATAN, SULAWESI UTARA",2,211,16,227
https://kawalpemilu.org#66604,"PAKUURE SATU, TENGA, MINAHASA SELATAN, SULAWESI UTARA",3,219,7,226
https://kawalpemilu.org#66605,"PAKUURE TIGA, TENGA, MINAHASA SELATAN, SULAWESI UTARA",1,227,15,242
https://kawalpemilu.org#66605,"PAKUURE TIGA, TENGA, MINAHASA SELATAN, SULAWESI UTARA",2,216,19,235
https://kawalpemilu.org#66605,"PAKUURE TIGA, TENGA, MINAHASA SELATAN, SULAWESI UTARA",3,196,30,226
https://kawalpemilu.org#66606,"MOLINOW, TENGA, MINAHASA SELATAN, SULAWESI UTARA",1,91,52,143
https://kawalpemilu.org#66606,"MOLINOW, TENGA, MINAHASA SELATAN, SULAWESI UTARA",2,76,63,139
https://kawalpemilu.org#66607,"PAKU URE, TENGA, MINAHASA SELATAN, SULAWESI UTARA",1,180,19,199
https://kawalpemilu.org#66607,"PAKU URE, TENGA, MINAHASA SELATAN, SULAWESI UTARA",2,188,15,203
https://kawalpemilu.org#66607,"PAKU URE, TENGA, MINAHASA SELATAN, SULAWESI UTARA",3,178,6,184
https://kawalpemilu.org#66608,"PAKU URE TINANIAN, TENGA, MINAHASA SELATAN, SULAWESI UTARA",1,213,16,229
https://kawalpemilu.org#66608,"PAKU URE TINANIAN, TENGA, MINAHASA SELATAN, SULAWESI UTARA",2,238,16,254
https://kawalpemilu.org#66609,"PAKU URE KINAMANG, TENGA, MINAHASA SELATAN, SULAWESI UTARA",1,155,11,166
https://kawalpemilu.org#66609,"PAKU URE KINAMANG, TENGA, MINAHASA SELATAN, SULAWESI UTARA",2,156,25,181
https://kawalpemilu.org#66609,"PAKU URE KINAMANG, TENGA, MINAHASA SELATAN, SULAWESI UTARA",3,163,15,178
https://kawalpemilu.org#66610,"PAKUWERU UTARA, TENGA, MINAHASA SELATAN, SULAWESI UTARA",1,217,7,224
https://kawalpemilu.org#66610,"PAKUWERU UTARA, TENGA, MINAHASA SELATAN, SULAWESI UTARA",2,208,4,212
https://kawalpemilu.org#66611,"SAPA BARAT, TENGA, MINAHASA SELATAN, SULAWESI UTARA",1,214,7,221
https://kawalpemilu.org#66611,"SAPA BARAT, TENGA, MINAHASA SELATAN, SULAWESI UTARA",2,252,8,260
https://kawalpemilu.org#66611,"SAPA BARAT, TENGA, MINAHASA SELATAN, SULAWESI UTARA",3,201,9,210
https://kawalpemilu.org#66612,"SAPA TIMUR, TENGA, MINAHASA SELATAN, SULAWESI UTARA",1,74,150,224
https://kawalpemilu.org#66612,"SAPA TIMUR, TENGA, MINAHASA SELATAN, SULAWESI UTARA",2,63,185,248
https://kawalpemilu.org#66612,"SAPA TIMUR, TENGA, MINAHASA SELATAN, SULAWESI UTARA",3,75,179,254
https://kawalpemilu.org#92957,"TAWAANG BARAT, TENGA, MINAHASA SELATAN, SULAWESI UTARA",1,182,18,200
https://kawalpemilu.org#92957,"TAWAANG BARAT, TENGA, MINAHASA SELATAN, SULAWESI UTARA",2,189,15,204
https://kawalpemilu.org#92957,"TAWAANG BARAT, TENGA, MINAHASA SELATAN, SULAWESI UTARA",3,131,36,167
https://kawalpemilu.org#92958,"TAWAANG TIMUR, TENGA, MINAHASA SELATAN, SULAWESI UTARA",1,205,19,224
https://kawalpemilu.org#92958,"TAWAANG TIMUR, TENGA, MINAHASA SELATAN, SULAWESI UTARA",2,226,21,247
https://kawalpemilu.org#92958,"TAWAANG TIMUR, TENGA, MINAHASA SELATAN, SULAWESI UTARA",3,214,11,225
https://kawalpemilu.org#66614,"BUYUNGON, AMURANG, MINAHASA SELATAN, SULAWESI UTARA",1,186,22,208
https://kawalpemilu.org#66614,"BUYUNGON, AMURANG, MINAHASA SELATAN, SULAWESI UTARA",2,204,11,215
https://kawalpemilu.org#66614,"BUYUNGON, AMURANG, MINAHASA SELATAN, SULAWESI UTARA",3,200,30,230
https://kawalpemilu.org#66614,"BUYUNGON, AMURANG, MINAHASA SELATAN, SULAWESI UTARA",4,221,46,267
https://kawalpemilu.org#66614,"BUYUNGON, AMURANG, MINAHASA SELATAN, SULAWESI UTARA",5,0,0,0
https://kawalpemilu.org#66614,"BUYUNGON, AMURANG, MINAHASA SELATAN, SULAWESI UTARA",6,241,11,252
https://kawalpemilu.org#66614,"BUYUNGON, AMURANG, MINAHASA SELATAN, SULAWESI UTARA",7,213,15,228
https://kawalpemilu.org#66614,"BUYUNGON, AMURANG, MINAHASA SELATAN, SULAWESI UTARA",8,168,26,194
https://kawalpemilu.org#66614,"BUYUNGON, AMURANG, MINAHASA SELATAN, SULAWESI UTARA",9,180,17,197
https://kawalpemilu.org#66614,"BUYUNGON, AMURANG, MINAHASA SELATAN, SULAWESI UTARA",10,187,16,203
https://kawalpemilu.org#66615,"RANOYAPO, AMURANG, MINAHASA SELATAN, SULAWESI UTARA",1,92,46,138
https://kawalpemilu.org#66615,"RANOYAPO, AMURANG, MINAHASA SELATAN, SULAWESI UTARA",2,96,49,145
https://kawalpemilu.org#66615,"RANOYAPO, AMURANG, MINAHASA SELATAN, SULAWESI UTARA",3,102,71,173
https://kawalpemilu.org#66615,"RANOYAPO, AMURANG, MINAHASA SELATAN, SULAWESI UTARA",4,67,73,140
https://kawalpemilu.org#66615,"RANOYAPO, AMURANG, MINAHASA SELATAN, SULAWESI UTARA",5,120,47,167
https://kawalpemilu.org#66615,"RANOYAPO, AMURANG, MINAHASA SELATAN, SULAWESI UTARA",6,116,56,172
https://kawalpemilu.org#66615,"RANOYAPO, AMURANG, MINAHASA SELATAN, SULAWESI UTARA",7,105,62,167
https://kawalpemilu.org#66615,"RANOYAPO, AMURANG, MINAHASA SELATAN, SULAWESI UTARA",8,80,76,156
https://kawalpemilu.org#66615,"RANOYAPO, AMURANG, MINAHASA SELATAN, SULAWESI UTARA",9,39,77,116
https://kawalpemilu.org#66615,"RANOYAPO, AMURANG, MINAHASA SELATAN, SULAWESI UTARA",10,151,34,185
https://kawalpemilu.org#66615,"RANOYAPO, AMURANG, MINAHASA SELATAN, SULAWESI UTARA",11,150,40,190
https://kawalpemilu.org#66615,"RANOYAPO, AMURANG, MINAHASA SELATAN, SULAWESI UTARA",12,101,42,143
https://kawalpemilu.org#66615,"RANOYAPO, AMURANG, MINAHASA SELATAN, SULAWESI UTARA",13,135,55,190
https://kawalpemilu.org#66615,"RANOYAPO, AMURANG, MINAHASA SELATAN, SULAWESI UTARA",14,100,51,151
https://kawalpemilu.org#66615,"RANOYAPO, AMURANG, MINAHASA SELATAN, SULAWESI UTARA",15,70,57,127
https://kawalpemilu.org#66616,"UWURAN I, AMURANG, MINAHASA SELATAN, SULAWESI UTARA",1,180,21,201
https://kawalpemilu.org#66616,"UWURAN I, AMURANG, MINAHASA SELATAN, SULAWESI UTARA",2,189,24,213
https://kawalpemilu.org#66616,"UWURAN I, AMURANG, MINAHASA SELATAN, SULAWESI UTARA",3,161,37,198
https://kawalpemilu.org#66616,"UWURAN I, AMURANG, MINAHASA SELATAN, SULAWESI UTARA",4,162,32,194
https://kawalpemilu.org#66616,"UWURAN I, AMURANG, MINAHASA SELATAN, SULAWESI UTARA",5,166,24,190
https://kawalpemilu.org#66617,"UWURAN II, AMURANG, MINAHASA SELATAN, SULAWESI UTARA",1,149,13,162
https://kawalpemilu.org#66617,"UWURAN II, AMURANG, MINAHASA SELATAN, SULAWESI UTARA",2,178,14,192
https://kawalpemilu.org#66617,"UWURAN II, AMURANG, MINAHASA SELATAN, SULAWESI UTARA",3,202,11,213
https://kawalpemilu.org#66617,"UWURAN II, AMURANG, MINAHASA SELATAN, SULAWESI UTARA",4,165,10,175
https://kawalpemilu.org#66617,"UWURAN II, AMURANG, MINAHASA SELATAN, SULAWESI UTARA",5,148,14,162
https://kawalpemilu.org#66617,"UWURAN II, AMURANG, MINAHASA SELATAN, SULAWESI UTARA",6,155,9,164
https://kawalpemilu.org#66617,"UWURAN II, AMURANG, MINAHASA SELATAN, SULAWESI UTARA",7,165,16,181
https://kawalpemilu.org#66617,"UWURAN II, AMURANG, MINAHASA SELATAN, SULAWESI UTARA",8,126,9,135
https://kawalpemilu.org#66617,"UWURAN II, AMURANG, MINAHASA SELATAN, SULAWESI UTARA",9,137,16,153
https://kawalpemilu.org#66618,"LEWET, AMURANG, MINAHASA SELATAN, SULAWESI UTARA",1,189,8,197
https://kawalpemilu.org#66618,"LEWET, AMURANG, MINAHASA SELATAN, SULAWESI UTARA",2,197,12,209
https://kawalpemilu.org#66618,"LEWET, AMURANG, MINAHASA SELATAN, SULAWESI UTARA",3,224,10,234
https://kawalpemilu.org#66618,"LEWET, AMURANG, MINAHASA SELATAN, SULAWESI UTARA",4,192,11,203
https://kawalpemilu.org#66618,"LEWET, AMURANG, MINAHASA SELATAN, SULAWESI UTARA",5,180,8,188
https://kawalpemilu.org#66619,"BITUNG, AMURANG, MINAHASA SELATAN, SULAWESI UTARA",1,155,6,161
https://kawalpemilu.org#66619,"BITUNG, AMURANG, MINAHASA SELATAN, SULAWESI UTARA",2,180,12,192
https://kawalpemilu.org#66619,"BITUNG, AMURANG, MINAHASA SELATAN, SULAWESI UTARA",3,187,9,196
https://kawalpemilu.org#66619,"BITUNG, AMURANG, MINAHASA SELATAN, SULAWESI UTARA",4,183,9,192
https://kawalpemilu.org#66619,"BITUNG, AMURANG, MINAHASA SELATAN, SULAWESI UTARA",5,182,11,193
https://kawalpemilu.org#66619,"BITUNG, AMURANG, MINAHASA SELATAN, SULAWESI UTARA",7,176,9,185
https://kawalpemilu.org#66619,"BITUNG, AMURANG, MINAHASA SELATAN, SULAWESI UTARA",8,160,5,165
https://kawalpemilu.org#66620,"RANOKETANG TUA, AMURANG, MINAHASA SELATAN, SULAWESI UTARA",1,208,7,215
https://kawalpemilu.org#66620,"RANOKETANG TUA, AMURANG, MINAHASA SELATAN, SULAWESI UTARA",2,178,28,206
https://kawalpemilu.org#66620,"RANOKETANG TUA, AMURANG, MINAHASA SELATAN, SULAWESI UTARA",3,154,27,181
https://kawalpemilu.org#66621,"KILOMETER 3, AMURANG, MINAHASA SELATAN, SULAWESI UTARA",1,209,10,219
https://kawalpemilu.org#66621,"KILOMETER 3, AMURANG, MINAHASA SELATAN, SULAWESI UTARA",3,213,5,218
https://kawalpemilu.org#66623,"TUMPAAN SATU, TUMPAAN, MINAHASA SELATAN, SULAWESI UTARA",1,99,82,181
https://kawalpemilu.org#66623,"TUMPAAN SATU, TUMPAAN, MINAHASA SELATAN, SULAWESI UTARA",2,87,70,157
https://kawalpemilu.org#66623,"TUMPAAN SATU, TUMPAAN, MINAHASA SELATAN, SULAWESI UTARA",3,194,22,216
https://kawalpemilu.org#66623,"TUMPAAN SATU, TUMPAAN, MINAHASA SELATAN, SULAWESI UTARA",4,167,24,191
https://kawalpemilu.org#66623,"TUMPAAN SATU, TUMPAAN, MINAHASA SELATAN, SULAWESI UTARA",5,125,25,150
https://kawalpemilu.org#66623,"TUMPAAN SATU, TUMPAAN, MINAHASA SELATAN, SULAWESI UTARA",6,120,21,141
https://kawalpemilu.org#66623,"TUMPAAN SATU, TUMPAAN, MINAHASA SELATAN, SULAWESI UTARA",7,140,21,161
https://kawalpemilu.org#66624,"TUMPAAN, TUMPAAN, MINAHASA SELATAN, SULAWESI UTARA",1,247,14,261
https://kawalpemilu.org#66624,"TUMPAAN, TUMPAAN, MINAHASA SELATAN, SULAWESI UTARA",2,159,16,175
https://kawalpemilu.org#66624,"TUMPAAN, TUMPAAN, MINAHASA SELATAN, SULAWESI UTARA",3,202,15,217
https://kawalpemilu.org#66624,"TUMPAAN, TUMPAAN, MINAHASA SELATAN, SULAWESI UTARA",4,214,11,225
https://kawalpemilu.org#66624,"TUMPAAN, TUMPAAN, MINAHASA SELATAN, SULAWESI UTARA",5,232,6,238
https://kawalpemilu.org#66625,"MATANI, TUMPAAN, MINAHASA SELATAN, SULAWESI UTARA",1,155,8,163
https://kawalpemilu.org#66625,"MATANI, TUMPAAN, MINAHASA SELATAN, SULAWESI UTARA",2,208,4,212
https://kawalpemilu.org#66625,"MATANI, TUMPAAN, MINAHASA SELATAN, SULAWESI UTARA",3,216,15,231
https://kawalpemilu.org#66625,"MATANI, TUMPAAN, MINAHASA SELATAN, SULAWESI UTARA",4,187,10,197
https://kawalpemilu.org#66626,"POPONTOLEN, TUMPAAN, MINAHASA SELATAN, SULAWESI UTARA",1,231,28,258
https://kawalpemilu.org#66626,"POPONTOLEN, TUMPAAN, MINAHASA SELATAN, SULAWESI UTARA",2,165,21,186
https://kawalpemilu.org#66626,"POPONTOLEN, TUMPAAN, MINAHASA SELATAN, SULAWESI UTARA",3,243,15,258
https://kawalpemilu.org#66626,"POPONTOLEN, TUMPAAN, MINAHASA SELATAN, SULAWESI UTARA",4,201,22,223
https://kawalpemilu.org#66626,"POPONTOLEN, TUMPAAN, MINAHASA SELATAN, SULAWESI UTARA",5,220,16,236
https://kawalpemilu.org#66627,"LELEMA, TUMPAAN, MINAHASA SELATAN, SULAWESI UTARA",1,151,4,155
https://kawalpemilu.org#66627,"LELEMA, TUMPAAN, MINAHASA SELATAN, SULAWESI UTARA",2,160,19,179
https://kawalpemilu.org#66627,"LELEMA, TUMPAAN, MINAHASA SELATAN, SULAWESI UTARA",3,223,16,239
https://kawalpemilu.org#66627,"LELEMA, TUMPAAN, MINAHASA SELATAN, SULAWESI UTARA",4,209,15,224
https://kawalpemilu.org#66627,"LELEMA, TUMPAAN, MINAHASA SELATAN, SULAWESI UTARA",5,198,34,232
https://kawalpemilu.org#66627,"LELEMA, TUMPAAN, MINAHASA SELATAN, SULAWESI UTARA",6,169,28,197
https://kawalpemilu.org#66628,"TANGKUNEI, TUMPAAN, MINAHASA SELATAN, SULAWESI UTARA",1,162,22,184
https://kawalpemilu.org#66628,"TANGKUNEI, TUMPAAN, MINAHASA SELATAN, SULAWESI UTARA",2,161,24,185
https://kawalpemilu.org#66628,"TANGKUNEI, TUMPAAN, MINAHASA SELATAN, SULAWESI UTARA",3,202,9,211
https://kawalpemilu.org#66628,"TANGKUNEI, TUMPAAN, MINAHASA SELATAN, SULAWESI UTARA",4,184,26,210
https://kawalpemilu.org#66629,"MUNTE, TUMPAAN, MINAHASA SELATAN, SULAWESI UTARA",1,149,13,162
https://kawalpemilu.org#66629,"MUNTE, TUMPAAN, MINAHASA SELATAN, SULAWESI UTARA",2,202,5,207
https://kawalpemilu.org#66629,"MUNTE, TUMPAAN, MINAHASA SELATAN, SULAWESI UTARA",3,200,12,212
https://kawalpemilu.org#66629,"MUNTE, TUMPAAN, MINAHASA SELATAN, SULAWESI UTARA",4,193,10,203
https://kawalpemilu.org#66629,"MUNTE, TUMPAAN, MINAHASA SELATAN, SULAWESI UTARA",5,179,12,191
https://kawalpemilu.org#66629,"MUNTE, TUMPAAN, MINAHASA SELATAN, SULAWESI UTARA",6,159,2,161
https://kawalpemilu.org#66630,"TUMPAAN BARU, TUMPAAN, MINAHASA SELATAN, SULAWESI UTARA",1,216,14,230
https://kawalpemilu.org#66630,"TUMPAAN BARU, TUMPAAN, MINAHASA SELATAN, SULAWESI UTARA",2,192,23,215
https://kawalpemilu.org#66630,"TUMPAAN BARU, TUMPAAN, MINAHASA SELATAN, SULAWESI UTARA",3,171,24,195
https://kawalpemilu.org#66630,"TUMPAAN BARU, TUMPAAN, MINAHASA SELATAN, SULAWESI UTARA",4,104,61,165
https://kawalpemilu.org#66630,"TUMPAAN BARU, TUMPAAN, MINAHASA SELATAN, SULAWESI UTARA",5,76,133,209
https://kawalpemilu.org#66630,"TUMPAAN BARU, TUMPAAN, MINAHASA SELATAN, SULAWESI UTARA",6,107,108,215
https://kawalpemilu.org#66631,"MATANI SATU, TUMPAAN, MINAHASA SELATAN, SULAWESI UTARA",1,83,122,205
https://kawalpemilu.org#66631,"MATANI SATU, TUMPAAN, MINAHASA SELATAN, SULAWESI UTARA",2,61,135,196
https://kawalpemilu.org#66631,"MATANI SATU, TUMPAAN, MINAHASA SELATAN, SULAWESI UTARA",3,104,118,222
https://kawalpemilu.org#66631,"MATANI SATU, TUMPAAN, MINAHASA SELATAN, SULAWESI UTARA",4,140,14,154
https://kawalpemilu.org#66631,"MATANI SATU, TUMPAAN, MINAHASA SELATAN, SULAWESI UTARA",5,123,9,132
https://kawalpemilu.org#66631,"MATANI SATU, TUMPAAN, MINAHASA SELATAN, SULAWESI UTARA",6,211,13,224
https://kawalpemilu.org#66631,"MATANI SATU, TUMPAAN, MINAHASA SELATAN, SULAWESI UTARA",7,224,6,230
https://kawalpemilu.org#66632,"TUMPAAN DUA, TUMPAAN, MINAHASA SELATAN, SULAWESI UTARA",1,155,13,168
https://kawalpemilu.org#66632,"TUMPAAN DUA, TUMPAAN, MINAHASA SELATAN, SULAWESI UTARA",2,167,7,174
https://kawalpemilu.org#66632,"TUMPAAN DUA, TUMPAAN, MINAHASA SELATAN, SULAWESI UTARA",3,180,7,187
https://kawalpemilu.org#66632,"TUMPAAN DUA, TUMPAAN, MINAHASA SELATAN, SULAWESI UTARA",4,183,17,200
https://kawalpemilu.org#66632,"TUMPAAN DUA, TUMPAAN, MINAHASA SELATAN, SULAWESI UTARA",5,196,16,212
https://kawalpemilu.org#66632,"TUMPAAN DUA, TUMPAAN, MINAHASA SELATAN, SULAWESI UTARA",6,148,16,164
https://kawalpemilu.org#66632,"TUMPAAN DUA, TUMPAAN, MINAHASA SELATAN, SULAWESI UTARA",7,178,13,191
https://kawalpemilu.org#66634,"PINAMORONGAN, TARERAN, MINAHASA SELATAN, SULAWESI UTARA",1,153,7,160
https://kawalpemilu.org#66634,"PINAMORONGAN, TARERAN, MINAHASA SELATAN, SULAWESI UTARA",2,178,8,186
https://kawalpemilu.org#66634,"PINAMORONGAN, TARERAN, MINAHASA SELATAN, SULAWESI UTARA",3,147,9,156
https://kawalpemilu.org#66634,"PINAMORONGAN, TARERAN, MINAHASA SELATAN, SULAWESI UTARA",4,155,3,158
https://kawalpemilu.org#66634,"PINAMORONGAN, TARERAN, MINAHASA SELATAN, SULAWESI UTARA",5,134,6,140
https://kawalpemilu.org#66635,"KANEYAN, TARERAN, MINAHASA SELATAN, SULAWESI UTARA",1,148,26,174
https://kawalpemilu.org#66635,"KANEYAN, TARERAN, MINAHASA SELATAN, SULAWESI UTARA",2,174,10,184
https://kawalpemilu.org#66635,"KANEYAN, TARERAN, MINAHASA SELATAN, SULAWESI UTARA",3,158,22,180
https://kawalpemilu.org#66635,"KANEYAN, TARERAN, MINAHASA SELATAN, SULAWESI UTARA",4,155,17,172
https://kawalpemilu.org#66636,"KORENG, TARERAN, MINAHASA SELATAN, SULAWESI UTARA",2,181,2,183
https://kawalpemilu.org#66636,"KORENG, TARERAN, MINAHASA SELATAN, SULAWESI UTARA",3,171,8,179
https://kawalpemilu.org#66636,"KORENG, TARERAN, MINAHASA SELATAN, SULAWESI UTARA",4,165,5,170
https://kawalpemilu.org#66637,"TUMALUNTUNG, TARERAN, MINAHASA SELATAN, SULAWESI UTARA",1,202,42,244
https://kawalpemilu.org#66637,"TUMALUNTUNG, TARERAN, MINAHASA SELATAN, SULAWESI UTARA",2,199,42,241
https://kawalpemilu.org#66638,"RUMOONG ATAS, TARERAN, MINAHASA SELATAN, SULAWESI UTARA",1,212,8,220
https://kawalpemilu.org#66638,"RUMOONG ATAS, TARERAN, MINAHASA SELATAN, SULAWESI UTARA",2,207,12,219
https://kawalpemilu.org#66638,"RUMOONG ATAS, TARERAN, MINAHASA SELATAN, SULAWESI UTARA",3,181,7,188
https://kawalpemilu.org#66638,"RUMOONG ATAS, TARERAN, MINAHASA SELATAN, SULAWESI UTARA",4,187,7,194
https://kawalpemilu.org#66639,"LANSOT, TARERAN, MINAHASA SELATAN, SULAWESI UTARA",1,215,7,222
https://kawalpemilu.org#66639,"LANSOT, TARERAN, MINAHASA SELATAN, SULAWESI UTARA",2,209,16,225
https://kawalpemilu.org#66639,"LANSOT, TARERAN, MINAHASA SELATAN, SULAWESI UTARA",3,209,12,221
https://kawalpemilu.org#66640,"WIAU LAPI, TARERAN, MINAHASA SELATAN, SULAWESI UTARA",2,234,10,244
https://kawalpemilu.org#66640,"WIAU LAPI, TARERAN, MINAHASA SELATAN, SULAWESI UTARA",3,212,13,225
https://kawalpemilu.org#66641,"WUWUK, TARERAN, MINAHASA SELATAN, SULAWESI UTARA",1,184,12,196
https://kawalpemilu.org#66641,"WUWUK, TARERAN, MINAHASA SELATAN, SULAWESI UTARA",2,155,16,171
https://kawalpemilu.org#66641,"WUWUK, TARERAN, MINAHASA SELATAN, SULAWESI UTARA",3,176,8,184
https://kawalpemilu.org#66641,"WUWUK, TARERAN, MINAHASA SELATAN, SULAWESI UTARA",4,147,7,154
https://kawalpemilu.org#66642,"RUMOONG ATAS DUA, TARERAN, MINAHASA SELATAN, SULAWESI UTARA",1,216,3,219
https://kawalpemilu.org#66642,"RUMOONG ATAS DUA, TARERAN, MINAHASA SELATAN, SULAWESI UTARA",2,238,21,259
https://kawalpemilu.org#66642,"RUMOONG ATAS DUA, TARERAN, MINAHASA SELATAN, SULAWESI UTARA",3,210,12,222
https://kawalpemilu.org#66642,"RUMOONG ATAS DUA, TARERAN, MINAHASA SELATAN, SULAWESI UTARA",4,242,3,245
https://kawalpemilu.org#66642,"RUMOONG ATAS DUA, TARERAN, MINAHASA SELATAN, SULAWESI UTARA",5,228,10,238
https://kawalpemilu.org#85526,"LANSOT TIMUR, TARERAN, MINAHASA SELATAN, SULAWESI UTARA",1,198,5,203
https://kawalpemilu.org#85526,"LANSOT TIMUR, TARERAN, MINAHASA SELATAN, SULAWESI UTARA",2,199,9,208
https://kawalpemilu.org#85526,"LANSOT TIMUR, TARERAN, MINAHASA SELATAN, SULAWESI UTARA",3,190,10,200
https://kawalpemilu.org#92959,"WUWUK BARAT, TARERAN, MINAHASA SELATAN, SULAWESI UTARA",1,219,14,233
https://kawalpemilu.org#92959,"WUWUK BARAT, TARERAN, MINAHASA SELATAN, SULAWESI UTARA",2,204,13,217
https://kawalpemilu.org#92959,"WUWUK BARAT, TARERAN, MINAHASA SELATAN, SULAWESI UTARA",3,212,15,227
https://kawalpemilu.org#92960,"TUMALUNTUNG SATU, TARERAN, MINAHASA SELATAN, SULAWESI UTARA",1,219,22,241
https://kawalpemilu.org#92960,"TUMALUNTUNG SATU, TARERAN, MINAHASA SELATAN, SULAWESI UTARA",2,235,15,250
https://kawalpemilu.org#92960,"TUMALUNTUNG SATU, TARERAN, MINAHASA SELATAN, SULAWESI UTARA",3,220,19,239
https://kawalpemilu.org#927846,"WIAU LAPI BARAT, TARERAN, MINAHASA SELATAN, SULAWESI UTARA",1,216,20,236
https://kawalpemilu.org#927846,"WIAU LAPI BARAT, TARERAN, MINAHASA SELATAN, SULAWESI UTARA",2,200,18,218
https://kawalpemilu.org#927846,"WIAU LAPI BARAT, TARERAN, MINAHASA SELATAN, SULAWESI UTARA",3,187,7,194
https://kawalpemilu.org#66644,"KUMELEMBUAI, KUMELEMBUAI, MINAHASA SELATAN, SULAWESI UTARA",1,216,5,221
https://kawalpemilu.org#66644,"KUMELEMBUAI, KUMELEMBUAI, MINAHASA SELATAN, SULAWESI UTARA",2,222,7,229
https://kawalpemilu.org#66644,"KUMELEMBUAI, KUMELEMBUAI, MINAHASA SELATAN, SULAWESI UTARA",3,182,12,194
https://kawalpemilu.org#66645,"KUMELEMBUAI ATAS, KUMELEMBUAI, MINAHASA SELATAN, SULAWESI UTARA",1,165,9,174
https://kawalpemilu.org#66645,"KUMELEMBUAI ATAS, KUMELEMBUAI, MINAHASA SELATAN, SULAWESI UTARA",2,176,9,0
https://kawalpemilu.org#66645,"KUMELEMBUAI ATAS, KUMELEMBUAI, MINAHASA SELATAN, SULAWESI UTARA",3,178,2,180
https://kawalpemilu.org#66646,"KUMELEMBUAI SATU, KUMELEMBUAI, MINAHASA SELATAN, SULAWESI UTARA",1,190,8,198
https://kawalpemilu.org#66646,"KUMELEMBUAI SATU, KUMELEMBUAI, MINAHASA SELATAN, SULAWESI UTARA",2,176,6,182
https://kawalpemilu.org#66646,"KUMELEMBUAI SATU, KUMELEMBUAI, MINAHASA SELATAN, SULAWESI UTARA",3,154,10,164
https://kawalpemilu.org#66647,"MALOLA, KUMELEMBUAI, MINAHASA SELATAN, SULAWESI UTARA",1,182,16,198
https://kawalpemilu.org#66647,"MALOLA, KUMELEMBUAI, MINAHASA SELATAN, SULAWESI UTARA",2,207,21,228
https://kawalpemilu.org#66647,"MALOLA, KUMELEMBUAI, MINAHASA SELATAN, SULAWESI UTARA",3,212,20,232
https://kawalpemilu.org#66647,"MALOLA, KUMELEMBUAI, MINAHASA SELATAN, SULAWESI UTARA",4,176,18,194
https://kawalpemilu.org#66648,"MALOLA I, KUMELEMBUAI, MINAHASA SELATAN, SULAWESI UTARA",1,204,21,225
https://kawalpemilu.org#66648,"MALOLA I, KUMELEMBUAI, MINAHASA SELATAN, SULAWESI UTARA",2,204,14,218
https://kawalpemilu.org#66648,"MALOLA I, KUMELEMBUAI, MINAHASA SELATAN, SULAWESI UTARA",3,190,17,207
https://kawalpemilu.org#66649,"MAKASILI, KUMELEMBUAI, MINAHASA SELATAN, SULAWESI UTARA",1,178,12,190
https://kawalpemilu.org#66649,"MAKASILI, KUMELEMBUAI, MINAHASA SELATAN, SULAWESI UTARA",2,180,15,195
https://kawalpemilu.org#66649,"MAKASILI, KUMELEMBUAI, MINAHASA SELATAN, SULAWESI UTARA",3,149,9,158
https://kawalpemilu.org#66650,"KUMELEMBUAI DUA, KUMELEMBUAI, MINAHASA SELATAN, SULAWESI UTARA",1,195,17,212
https://kawalpemilu.org#66650,"KUMELEMBUAI DUA, KUMELEMBUAI, MINAHASA SELATAN, SULAWESI UTARA",2,175,7,184
https://kawalpemilu.org#66650,"KUMELEMBUAI DUA, KUMELEMBUAI, MINAHASA SELATAN, SULAWESI UTARA",3,225,18,243
https://kawalpemilu.org#66650,"KUMELEMBUAI DUA, KUMELEMBUAI, MINAHASA SELATAN, SULAWESI UTARA",4,225,18,243
https://kawalpemilu.org#89943,"LOLOMBULAN MAKASILI, KUMELEMBUAI, MINAHASA SELATAN, SULAWESI UTARA",1,216,23,239
https://kawalpemilu.org#89943,"LOLOMBULAN MAKASILI, KUMELEMBUAI, MINAHASA SELATAN, SULAWESI UTARA",2,206,14,220
https://kawalpemilu.org#89943,"LOLOMBULAN MAKASILI, KUMELEMBUAI, MINAHASA SELATAN, SULAWESI UTARA",3,172,33,205
https://kawalpemilu.org#66652,"TUMANI, MAESAAN, MINAHASA SELATAN, SULAWESI UTARA",1,244,12,256
https://kawalpemilu.org#66652,"TUMANI, MAESAAN, MINAHASA SELATAN, SULAWESI UTARA",2,257,8,265
https://kawalpemilu.org#66652,"TUMANI, MAESAAN, MINAHASA SELATAN, SULAWESI UTARA",3,241,8,249
https://kawalpemilu.org#66653,"LOWIAN, MAESAAN, MINAHASA SELATAN, SULAWESI UTARA",1,174,13,187
https://kawalpemilu.org#66653,"LOWIAN, MAESAAN, MINAHASA SELATAN, SULAWESI UTARA",2,212,6,218
https://kawalpemilu.org#66653,"LOWIAN, MAESAAN, MINAHASA SELATAN, SULAWESI UTARA",3,184,12,196
https://kawalpemilu.org#66654,"KINAWERUAN, MAESAAN, MINAHASA SELATAN, SULAWESI UTARA",1,164,12,176
https://kawalpemilu.org#66654,"KINAWERUAN, MAESAAN, MINAHASA SELATAN, SULAWESI UTARA",2,183,4,187
https://kawalpemilu.org#66654,"KINAWERUAN, MAESAAN, MINAHASA SELATAN, SULAWESI UTARA",3,140,11,151
https://kawalpemilu.org#66655,"LININGAAN, MAESAAN, MINAHASA SELATAN, SULAWESI UTARA",1,181,9,190
https://kawalpemilu.org#66655,"LININGAAN, MAESAAN, MINAHASA SELATAN, SULAWESI UTARA",2,171,7,178
https://kawalpemilu.org#66656,"BOJONEGORO, MAESAAN, MINAHASA SELATAN, SULAWESI UTARA",1,45,80,125
https://kawalpemilu.org#66656,"BOJONEGORO, MAESAAN, MINAHASA SELATAN, SULAWESI UTARA",2,41,70,111
https://kawalpemilu.org#66657,"TAMBELANG, MAESAAN, MINAHASA SELATAN, SULAWESI UTARA",1,173,6,179
https://kawalpemilu.org#66657,"TAMBELANG, MAESAAN, MINAHASA SELATAN, SULAWESI UTARA",2,198,5,203
https://kawalpemilu.org#66657,"TAMBELANG, MAESAAN, MINAHASA SELATAN, SULAWESI UTARA",3,173,9,182
https://kawalpemilu.org#66657,"TAMBELANG, MAESAAN, MINAHASA SELATAN, SULAWESI UTARA",4,174,5,179
https://kawalpemilu.org#66657,"TAMBELANG, MAESAAN, MINAHASA SELATAN, SULAWESI UTARA",5,230,9,239
https://kawalpemilu.org#66657,"TAMBELANG, MAESAAN, MINAHASA SELATAN, SULAWESI UTARA",6,259,6,265
https://kawalpemilu.org#66657,"TAMBELANG, MAESAAN, MINAHASA SELATAN, SULAWESI UTARA",7,176,6,182
https://kawalpemilu.org#66658,"KINAMANG, MAESAAN, MINAHASA SELATAN, SULAWESI UTARA",1,150,9,159
https://kawalpemilu.org#66658,"KINAMANG, MAESAAN, MINAHASA SELATAN, SULAWESI UTARA",2,148,10,158
https://kawalpemilu.org#66658,"KINAMANG, MAESAAN, MINAHASA SELATAN, SULAWESI UTARA",3,187,8,195
https://kawalpemilu.org#66658,"KINAMANG, MAESAAN, MINAHASA SELATAN, SULAWESI UTARA",4,138,3,141
https://kawalpemilu.org#66659,"TEMBOAN, MAESAAN, MINAHASA SELATAN, SULAWESI UTARA",1,123,9,132
https://kawalpemilu.org#66659,"TEMBOAN, MAESAAN, MINAHASA SELATAN, SULAWESI UTARA",2,217,16,233
https://kawalpemilu.org#66659,"TEMBOAN, MAESAAN, MINAHASA SELATAN, SULAWESI UTARA",3,193,22,215
https://kawalpemilu.org#66659,"TEMBOAN, MAESAAN, MINAHASA SELATAN, SULAWESI UTARA",4,214,7,221
https://kawalpemilu.org#66660,"KINAMANG SATU, MAESAAN, MINAHASA SELATAN, SULAWESI UTARA",1,113,17,130
https://kawalpemilu.org#66660,"KINAMANG SATU, MAESAAN, MINAHASA SELATAN, SULAWESI UTARA",2,105,12,117
https://kawalpemilu.org#66660,"KINAMANG SATU, MAESAAN, MINAHASA SELATAN, SULAWESI UTARA",3,125,15,140
https://kawalpemilu.org#66660,"KINAMANG SATU, MAESAAN, MINAHASA SELATAN, SULAWESI UTARA",4,124,7,131
https://kawalpemilu.org#85527,"LOWIAN SATU, MAESAAN, MINAHASA SELATAN, SULAWESI UTARA",1,162,7,169
https://kawalpemilu.org#85527,"LOWIAN SATU, MAESAAN, MINAHASA SELATAN, SULAWESI UTARA",2,184,9,193
https://kawalpemilu.org#85527,"LOWIAN SATU, MAESAAN, MINAHASA SELATAN, SULAWESI UTARA",3,179,12,191
https://kawalpemilu.org#92961,"TUMANI SELATAN, MAESAAN, MINAHASA SELATAN, SULAWESI UTARA",1,165,6,171
https://kawalpemilu.org#92961,"TUMANI SELATAN, MAESAAN, MINAHASA SELATAN, SULAWESI UTARA",2,179,1,180
https://kawalpemilu.org#92961,"TUMANI SELATAN, MAESAAN, MINAHASA SELATAN, SULAWESI UTARA",3,161,3,164
https://kawalpemilu.org#927848,"TUMANI UTARA, MAESAAN, MINAHASA SELATAN, SULAWESI UTARA",1,194,17,211
https://kawalpemilu.org#927848,"TUMANI UTARA, MAESAAN, MINAHASA SELATAN, SULAWESI UTARA",2,211,10,221
https://kawalpemilu.org#66662,"KAWANGKOAN BAWAH, AMURANG BARAT, MINAHASA SELATAN, SULAWESI UTARA",1,221,8,229
https://kawalpemilu.org#66662,"KAWANGKOAN BAWAH, AMURANG BARAT, MINAHASA SELATAN, SULAWESI UTARA",2,239,5,244
https://kawalpemilu.org#66662,"KAWANGKOAN BAWAH, AMURANG BARAT, MINAHASA SELATAN, SULAWESI UTARA",3,171,3,174
https://kawalpemilu.org#66662,"KAWANGKOAN BAWAH, AMURANG BARAT, MINAHASA SELATAN, SULAWESI UTARA",4,190,4,194
https://kawalpemilu.org#66662,"KAWANGKOAN BAWAH, AMURANG BARAT, MINAHASA SELATAN, SULAWESI UTARA",5,219,19,238
https://kawalpemilu.org#66662,"KAWANGKOAN BAWAH, AMURANG BARAT, MINAHASA SELATAN, SULAWESI UTARA",6,247,12,259
https://kawalpemilu.org#66662,"KAWANGKOAN BAWAH, AMURANG BARAT, MINAHASA SELATAN, SULAWESI UTARA",7,238,14,252
https://kawalpemilu.org#66662,"KAWANGKOAN BAWAH, AMURANG BARAT, MINAHASA SELATAN, SULAWESI UTARA",8,180,15,195
https://kawalpemilu.org#66662,"KAWANGKOAN BAWAH, AMURANG BARAT, MINAHASA SELATAN, SULAWESI UTARA",9,187,7,194
https://kawalpemilu.org#66662,"KAWANGKOAN BAWAH, AMURANG BARAT, MINAHASA SELATAN, SULAWESI UTARA",10,245,14,259
https://kawalpemilu.org#66664,"KAPITU, AMURANG BARAT, MINAHASA SELATAN, SULAWESI UTARA",1,221,16,237
https://kawalpemilu.org#66664,"KAPITU, AMURANG BARAT, MINAHASA SELATAN, SULAWESI UTARA",2,225,7,232
https://kawalpemilu.org#66664,"KAPITU, AMURANG BARAT, MINAHASA SELATAN, SULAWESI UTARA",3,218,7,226
https://kawalpemilu.org#66664,"KAPITU, AMURANG BARAT, MINAHASA SELATAN, SULAWESI UTARA",4,205,5,210
https://kawalpemilu.org#66664,"KAPITU, AMURANG BARAT, MINAHASA SELATAN, SULAWESI UTARA",5,214,7,221
https://kawalpemilu.org#66664,"KAPITU, AMURANG BARAT, MINAHASA SELATAN, SULAWESI UTARA",6,210,17,227
https://kawalpemilu.org#66664,"KAPITU, AMURANG BARAT, MINAHASA SELATAN, SULAWESI UTARA",7,183,22,205
https://kawalpemilu.org#66665,"RUMOONG BAWAH D, AMURANG BARAT, MINAHASA SELATAN, SULAWESI UTARA",1,246,25,271
https://kawalpemilu.org#66665,"RUMOONG BAWAH D, AMURANG BARAT, MINAHASA SELATAN, SULAWESI UTARA",2,230,17,247
https://kawalpemilu.org#66665,"RUMOONG BAWAH D, AMURANG BARAT, MINAHASA SELATAN, SULAWESI UTARA",3,184,22,206
https://kawalpemilu.org#66666,"TEWASEN, AMURANG BARAT, MINAHASA SELATAN, SULAWESI UTARA",1,212,8,220
https://kawalpemilu.org#66666,"TEWASEN, AMURANG BARAT, MINAHASA SELATAN, SULAWESI UTARA",2,194,5,202
https://kawalpemilu.org#66666,"TEWASEN, AMURANG BARAT, MINAHASA SELATAN, SULAWESI UTARA",3,188,15,203
https://kawalpemilu.org#66666,"TEWASEN, AMURANG BARAT, MINAHASA SELATAN, SULAWESI UTARA",4,184,14,198
https://kawalpemilu.org#66666,"TEWASEN, AMURANG BARAT, MINAHASA SELATAN, SULAWESI UTARA",5,189,8,197
https://kawalpemilu.org#66667,"PONDOS, AMURANG BARAT, MINAHASA SELATAN, SULAWESI UTARA",1,166,14,180
https://kawalpemilu.org#66667,"PONDOS, AMURANG BARAT, MINAHASA SELATAN, SULAWESI UTARA",2,205,13,218
https://kawalpemilu.org#66667,"PONDOS, AMURANG BARAT, MINAHASA SELATAN, SULAWESI UTARA",3,186,17,203
https://kawalpemilu.org#66668,"ELUSAN, AMURANG BARAT, MINAHASA SELATAN, SULAWESI UTARA",1,165,27,192
https://kawalpemilu.org#66668,"ELUSAN, AMURANG BARAT, MINAHASA SELATAN, SULAWESI UTARA",2,156,27,183
https://kawalpemilu.org#66668,"ELUSAN, AMURANG BARAT, MINAHASA SELATAN, SULAWESI UTARA",3,173,30,203
https://kawalpemilu.org#66668,"ELUSAN, AMURANG BARAT, MINAHASA SELATAN, SULAWESI UTARA",4,160,18,178
https://kawalpemilu.org#66669,"TEEP, AMURANG BARAT, MINAHASA SELATAN, SULAWESI UTARA",1,202,22,224
https://kawalpemilu.org#66669,"TEEP, AMURANG BARAT, MINAHASA SELATAN, SULAWESI UTARA",2,216,24,240
https://kawalpemilu.org#66669,"TEEP, AMURANG BARAT, MINAHASA SELATAN, SULAWESI UTARA",3,181,23,204
https://kawalpemilu.org#66669,"TEEP, AMURANG BARAT, MINAHASA SELATAN, SULAWESI UTARA",4,196,24,220
https://kawalpemilu.org#66669,"TEEP, AMURANG BARAT, MINAHASA SELATAN, SULAWESI UTARA",5,187,13,200
https://kawalpemilu.org#66670,"WAKAN, AMURANG BARAT, MINAHASA SELATAN, SULAWESI UTARA",1,231,14,245
https://kawalpemilu.org#66670,"WAKAN, AMURANG BARAT, MINAHASA SELATAN, SULAWESI UTARA",2,192,24,216
https://kawalpemilu.org#66670,"WAKAN, AMURANG BARAT, MINAHASA SELATAN, SULAWESI UTARA",3,208,8,216
https://kawalpemilu.org#66670,"WAKAN, AMURANG BARAT, MINAHASA SELATAN, SULAWESI UTARA",4,203,13,216
https://kawalpemilu.org#92962,"TEEP TRANS, AMURANG BARAT, MINAHASA SELATAN, SULAWESI UTARA",1,127,19,146
https://kawalpemilu.org#92962,"TEEP TRANS, AMURANG BARAT, MINAHASA SELATAN, SULAWESI UTARA",2,166,17,183
https://kawalpemilu.org#92962,"TEEP TRANS, AMURANG BARAT, MINAHASA SELATAN, SULAWESI UTARA",3,119,35,154
https://kawalpemilu.org#931075,"RUMOONG BAWAH, AMURANG BARAT, MINAHASA SELATAN, SULAWESI UTARA",1,229,29,258
https://kawalpemilu.org#931075,"RUMOONG BAWAH, AMURANG BARAT, MINAHASA SELATAN, SULAWESI UTARA",2,237,47,284
https://kawalpemilu.org#931075,"RUMOONG BAWAH, AMURANG BARAT, MINAHASA SELATAN, SULAWESI UTARA",3,184,22,206
https://kawalpemilu.org#931075,"RUMOONG BAWAH, AMURANG BARAT, MINAHASA SELATAN, SULAWESI UTARA",4,205,24,225
https://kawalpemilu.org#931075,"RUMOONG BAWAH, AMURANG BARAT, MINAHASA SELATAN, SULAWESI UTARA",5,210,29,239
https://kawalpemilu.org#931075,"RUMOONG BAWAH, AMURANG BARAT, MINAHASA SELATAN, SULAWESI UTARA",6,214,13,227
https://kawalpemilu.org#931075,"RUMOONG BAWAH, AMURANG BARAT, MINAHASA SELATAN, SULAWESI UTARA",7,129,24,153
https://kawalpemilu.org#66672,"PONDANG, AMURANG TIMUR, MINAHASA SELATAN, SULAWESI UTARA",2,208,25,233
https://kawalpemilu.org#66672,"PONDANG, AMURANG TIMUR, MINAHASA SELATAN, SULAWESI UTARA",3,196,42,238
https://kawalpemilu.org#66672,"PONDANG, AMURANG TIMUR, MINAHASA SELATAN, SULAWESI UTARA",4,179,31,210
https://kawalpemilu.org#66672,"PONDANG, AMURANG TIMUR, MINAHASA SELATAN, SULAWESI UTARA",5,214,25,239
https://kawalpemilu.org#66672,"PONDANG, AMURANG TIMUR, MINAHASA SELATAN, SULAWESI UTARA",6,156,47,203
https://kawalpemilu.org#66672,"PONDANG, AMURANG TIMUR, MINAHASA SELATAN, SULAWESI UTARA",7,176,18,194
https://kawalpemilu.org#66672,"PONDANG, AMURANG TIMUR, MINAHASA SELATAN, SULAWESI UTARA",8,187,26,213
https://kawalpemilu.org#66672,"PONDANG, AMURANG TIMUR, MINAHASA SELATAN, SULAWESI UTARA",9,186,21,207
https://kawalpemilu.org#66672,"PONDANG, AMURANG TIMUR, MINAHASA SELATAN, SULAWESI UTARA",10,176,30,206
https://kawalpemilu.org#66673,"RANOMEA, AMURANG TIMUR, MINAHASA SELATAN, SULAWESI UTARA",1,230,9,239
https://kawalpemilu.org#66673,"RANOMEA, AMURANG TIMUR, MINAHASA SELATAN, SULAWESI UTARA",2,227,6,233
https://kawalpemilu.org#66673,"RANOMEA, AMURANG TIMUR, MINAHASA SELATAN, SULAWESI UTARA",3,211,9,220
https://kawalpemilu.org#66673,"RANOMEA, AMURANG TIMUR, MINAHASA SELATAN, SULAWESI UTARA",4,219,6,225
https://kawalpemilu.org#66673,"RANOMEA, AMURANG TIMUR, MINAHASA SELATAN, SULAWESI UTARA",5,240,8,248
https://kawalpemilu.org#66673,"RANOMEA, AMURANG TIMUR, MINAHASA SELATAN, SULAWESI UTARA",6,222,9,231
https://kawalpemilu.org#66673,"RANOMEA, AMURANG TIMUR, MINAHASA SELATAN, SULAWESI UTARA",7,221,9,230
https://kawalpemilu.org#66673,"RANOMEA, AMURANG TIMUR, MINAHASA SELATAN, SULAWESI UTARA",8,228,20,248
https://kawalpemilu.org#66674,"LOPANA, AMURANG TIMUR, MINAHASA SELATAN, SULAWESI UTARA",1,167,17,184
https://kawalpemilu.org#66674,"LOPANA, AMURANG TIMUR, MINAHASA SELATAN, SULAWESI UTARA",2,191,16,207
https://kawalpemilu.org#66674,"LOPANA, AMURANG TIMUR, MINAHASA SELATAN, SULAWESI UTARA",3,159,14,173
https://kawalpemilu.org#66674,"LOPANA, AMURANG TIMUR, MINAHASA SELATAN, SULAWESI UTARA",4,144,14,158
https://kawalpemilu.org#66675,"PINALING, AMURANG TIMUR, MINAHASA SELATAN, SULAWESI UTARA",1,239,14,253
https://kawalpemilu.org#66675,"PINALING, AMURANG TIMUR, MINAHASA SELATAN, SULAWESI UTARA",2,211,20,231
https://kawalpemilu.org#66675,"PINALING, AMURANG TIMUR, MINAHASA SELATAN, SULAWESI UTARA",3,246,11,258
https://kawalpemilu.org#66675,"PINALING, AMURANG TIMUR, MINAHASA SELATAN, SULAWESI UTARA",4,221,18,239
https://kawalpemilu.org#66675,"PINALING, AMURANG TIMUR, MINAHASA SELATAN, SULAWESI UTARA",5,166,10,176
https://kawalpemilu.org#66676,"KOTA MENARA, AMURANG TIMUR, MINAHASA SELATAN, SULAWESI UTARA",1,166,25,191
https://kawalpemilu.org#66676,"KOTA MENARA, AMURANG TIMUR, MINAHASA SELATAN, SULAWESI UTARA",2,162,40,202
https://kawalpemilu.org#66676,"KOTA MENARA, AMURANG TIMUR, MINAHASA SELATAN, SULAWESI UTARA",3,159,21,180
https://kawalpemilu.org#66677,"MALIKU, AMURANG TIMUR, MINAHASA SELATAN, SULAWESI UTARA",1,144,11,155
https://kawalpemilu.org#66677,"MALIKU, AMURANG TIMUR, MINAHASA SELATAN, SULAWESI UTARA",2,167,19,186
https://kawalpemilu.org#66677,"MALIKU, AMURANG TIMUR, MINAHASA SELATAN, SULAWESI UTARA",3,118,7,125
https://kawalpemilu.org#66678,"RITEY, AMURANG TIMUR, MINAHASA SELATAN, SULAWESI UTARA",1,189,22,211
https://kawalpemilu.org#66678,"RITEY, AMURANG TIMUR, MINAHASA SELATAN, SULAWESI UTARA",2,174,52,226
https://kawalpemilu.org#66678,"RITEY, AMURANG TIMUR, MINAHASA SELATAN, SULAWESI UTARA",3,166,58,224
https://kawalpemilu.org#66678,"RITEY, AMURANG TIMUR, MINAHASA SELATAN, SULAWESI UTARA",4,166,42,208
https://kawalpemilu.org#66679,"MALENOS BARU, AMURANG TIMUR, MINAHASA SELATAN, SULAWESI UTARA",1,154,7,161
https://kawalpemilu.org#66679,"MALENOS BARU, AMURANG TIMUR, MINAHASA SELATAN, SULAWESI UTARA",2,171,10,181
https://kawalpemilu.org#85528,"MALIKU SATU, AMURANG TIMUR, MINAHASA SELATAN, SULAWESI UTARA",1,203,21,224
https://kawalpemilu.org#85528,"MALIKU SATU, AMURANG TIMUR, MINAHASA SELATAN, SULAWESI UTARA",2,212,24,236
https://kawalpemilu.org#927845,"LOPANO SATU, AMURANG TIMUR, MINAHASA SELATAN, SULAWESI UTARA",1,200,10,210
https://kawalpemilu.org#927845,"LOPANO SATU, AMURANG TIMUR, MINAHASA SELATAN, SULAWESI UTARA",2,212,16,228
https://kawalpemilu.org#927845,"LOPANO SATU, AMURANG TIMUR, MINAHASA SELATAN, SULAWESI UTARA",3,197,19,216
https://kawalpemilu.org#927845,"LOPANO SATU, AMURANG TIMUR, MINAHASA SELATAN, SULAWESI UTARA",4,176,15,191
https://kawalpemilu.org#927845,"LOPANO SATU, AMURANG TIMUR, MINAHASA SELATAN, SULAWESI UTARA",5,156,13,169
https://kawalpemilu.org#66681,"PASLATEN, TATAPAAN, MINAHASA SELATAN, SULAWESI UTARA",1,191,13,204
https://kawalpemilu.org#66681,"PASLATEN, TATAPAAN, MINAHASA SELATAN, SULAWESI UTARA",2,216,11,227
https://kawalpemilu.org#66681,"PASLATEN, TATAPAAN, MINAHASA SELATAN, SULAWESI UTARA",3,194,12,206
https://kawalpemilu.org#66681,"PASLATEN, TATAPAAN, MINAHASA SELATAN, SULAWESI UTARA",4,157,17,174
https://kawalpemilu.org#66682,"SULU, TATAPAAN, MINAHASA SELATAN, SULAWESI UTARA",1,210,16,226
https://kawalpemilu.org#66682,"SULU, TATAPAAN, MINAHASA SELATAN, SULAWESI UTARA",2,209,10,219
https://kawalpemilu.org#66682,"SULU, TATAPAAN, MINAHASA SELATAN, SULAWESI UTARA",3,194,14,208
https://kawalpemilu.org#66682,"SULU, TATAPAAN, MINAHASA SELATAN, SULAWESI UTARA",4,153,14,167
https://kawalpemilu.org#66683,"BAJO, TATAPAAN, MINAHASA SELATAN, SULAWESI UTARA",1,84,96,180
https://kawalpemilu.org#66683,"BAJO, TATAPAAN, MINAHASA SELATAN, SULAWESI UTARA",2,82,84,166
https://kawalpemilu.org#66684,"WAWONA, TATAPAAN, MINAHASA SELATAN, SULAWESI UTARA",1,157,17,174
https://kawalpemilu.org#66684,"WAWONA, TATAPAAN, MINAHASA SELATAN, SULAWESI UTARA",2,177,33,210
https://kawalpemilu.org#66684,"WAWONA, TATAPAAN, MINAHASA SELATAN, SULAWESI UTARA",3,159,14,173
https://kawalpemilu.org#66685,"POPARENG, TATAPAAN, MINAHASA SELATAN, SULAWESI UTARA",1,158,29,187
https://kawalpemilu.org#66685,"POPARENG, TATAPAAN, MINAHASA SELATAN, SULAWESI UTARA",2,157,27,184
https://kawalpemilu.org#66685,"POPARENG, TATAPAAN, MINAHASA SELATAN, SULAWESI UTARA",3,125,50,175
https://kawalpemilu.org#66685,"POPARENG, TATAPAAN, MINAHASA SELATAN, SULAWESI UTARA",4,133,31,164
https://kawalpemilu.org#66686,"WAWONTULAP, TATAPAAN, MINAHASA SELATAN, SULAWESI UTARA",1,91,98,189
https://kawalpemilu.org#66686,"WAWONTULAP, TATAPAAN, MINAHASA SELATAN, SULAWESI UTARA",2,121,59,180
https://kawalpemilu.org#66686,"WAWONTULAP, TATAPAAN, MINAHASA SELATAN, SULAWESI UTARA",3,123,63,186
https://kawalpemilu.org#66687,"SONDAKEN, TATAPAAN, MINAHASA SELATAN, SULAWESI UTARA",1,176,15,191
https://kawalpemilu.org#66687,"SONDAKEN, TATAPAAN, MINAHASA SELATAN, SULAWESI UTARA",2,186,14,200
https://kawalpemilu.org#66688,"PUNGKOL, TATAPAAN, MINAHASA SELATAN, SULAWESI UTARA",1,229,7,236
https://kawalpemilu.org#66689,"RAPRAP, TATAPAAN, MINAHASA SELATAN, SULAWESI UTARA",1,234,11,245
https://kawalpemilu.org#66689,"RAPRAP, TATAPAAN, MINAHASA SELATAN, SULAWESI UTARA",2,239,12,251
https://kawalpemilu.org#66689,"RAPRAP, TATAPAAN, MINAHASA SELATAN, SULAWESI UTARA",3,219,7,226
https://kawalpemilu.org#66689,"RAPRAP, TATAPAAN, MINAHASA SELATAN, SULAWESI UTARA",4,221,10,231
https://kawalpemilu.org#66690,"PASLATEN SATU, TATAPAAN, MINAHASA SELATAN, SULAWESI UTARA",1,191,3,194
https://kawalpemilu.org#66690,"PASLATEN SATU, TATAPAAN, MINAHASA SELATAN, SULAWESI UTARA",2,197,10,207
https://kawalpemilu.org#66690,"PASLATEN SATU, TATAPAAN, MINAHASA SELATAN, SULAWESI UTARA",3,175,18,193
https://kawalpemilu.org#66691,"ARAKAN, TATAPAAN, MINAHASA SELATAN, SULAWESI UTARA",1,163,41,204
https://kawalpemilu.org#66691,"ARAKAN, TATAPAAN, MINAHASA SELATAN, SULAWESI UTARA",2,138,73,211
https://kawalpemilu.org#66691,"ARAKAN, TATAPAAN, MINAHASA SELATAN, SULAWESI UTARA",3,138,70,208
https://kawalpemilu.org#66691,"ARAKAN, TATAPAAN, MINAHASA SELATAN, SULAWESI UTARA",4,140,51,191
https://kawalpemilu.org#66693,"TONDEI, MOTOLING BARAT, MINAHASA SELATAN, SULAWESI UTARA",1,179,40,219
https://kawalpemilu.org#66693,"TONDEI, MOTOLING BARAT, MINAHASA SELATAN, SULAWESI UTARA",2,166,37,203
https://kawalpemilu.org#66693,"TONDEI, MOTOLING BARAT, MINAHASA SELATAN, SULAWESI UTARA",3,189,24,213
https://kawalpemilu.org#66693,"TONDEI, MOTOLING BARAT, MINAHASA SELATAN, SULAWESI UTARA",4,152,18,170
https://kawalpemilu.org#66694,"TONDEI SATU, MOTOLING BARAT, MINAHASA SELATAN, SULAWESI UTARA",1,170,38,208
https://kawalpemilu.org#66694,"TONDEI SATU, MOTOLING BARAT, MINAHASA SELATAN, SULAWESI UTARA",2,164,33,198
https://kawalpemilu.org#66694,"TONDEI SATU, MOTOLING BARAT, MINAHASA SELATAN, SULAWESI UTARA",3,184,33,217
https://kawalpemilu.org#66694,"TONDEI SATU, MOTOLING BARAT, MINAHASA SELATAN, SULAWESI UTARA",4,175,34,209
https://kawalpemilu.org#66695,"TONDEI DUA, MOTOLING BARAT, MINAHASA SELATAN, SULAWESI UTARA",1,179,29,208
https://kawalpemilu.org#66695,"TONDEI DUA, MOTOLING BARAT, MINAHASA SELATAN, SULAWESI UTARA",2,186,32,218
https://kawalpemilu.org#66695,"TONDEI DUA, MOTOLING BARAT, MINAHASA SELATAN, SULAWESI UTARA",3,210,37,247
https://kawalpemilu.org#66695,"TONDEI DUA, MOTOLING BARAT, MINAHASA SELATAN, SULAWESI UTARA",4,172,43,215
https://kawalpemilu.org#66696,"RAANAN BARU, MOTOLING BARAT, MINAHASA SELATAN, SULAWESI UTARA",1,187,6,193
https://kawalpemilu.org#66696,"RAANAN BARU, MOTOLING BARAT, MINAHASA SELATAN, SULAWESI UTARA",2,209,11,220
https://kawalpemilu.org#66696,"RAANAN BARU, MOTOLING BARAT, MINAHASA SELATAN, SULAWESI UTARA",3,198,5,203
https://kawalpemilu.org#66696,"RAANAN BARU, MOTOLING BARAT, MINAHASA SELATAN, SULAWESI UTARA",4,185,4,189
https://kawalpemilu.org#66697,"RAANAN BARU SATU, MOTOLING BARAT, MINAHASA SELATAN, SULAWESI UTARA",1,192,21,213
https://kawalpemilu.org#66697,"RAANAN BARU SATU, MOTOLING BARAT, MINAHASA SELATAN, SULAWESI UTARA",2,191,25,216
https://kawalpemilu.org#66697,"RAANAN BARU SATU, MOTOLING BARAT, MINAHASA SELATAN, SULAWESI UTARA",3,189,12,201
https://kawalpemilu.org#66698,"RAANAN BARU DUA, MOTOLING BARAT, MINAHASA SELATAN, SULAWESI UTARA",1,145,9,154
https://kawalpemilu.org#66698,"RAANAN BARU DUA, MOTOLING BARAT, MINAHASA SELATAN, SULAWESI UTARA",2,150,19,169
https://kawalpemilu.org#66698,"RAANAN BARU DUA, MOTOLING BARAT, MINAHASA SELATAN, SULAWESI UTARA",3,151,9,160
https://kawalpemilu.org#66699,"TOYOPON, MOTOLING BARAT, MINAHASA SELATAN, SULAWESI UTARA",1,202,12,214
https://kawalpemilu.org#66699,"TOYOPON, MOTOLING BARAT, MINAHASA SELATAN, SULAWESI UTARA",2,188,14,202
https://kawalpemilu.org#66699,"TOYOPON, MOTOLING BARAT, MINAHASA SELATAN, SULAWESI UTARA",3,179,15,194
https://kawalpemilu.org#66700,"KEROIT, MOTOLING BARAT, MINAHASA SELATAN, SULAWESI UTARA",1,190,14,204
https://kawalpemilu.org#66700,"KEROIT, MOTOLING BARAT, MINAHASA SELATAN, SULAWESI UTARA",2,179,17,196
https://kawalpemilu.org#66700,"KEROIT, MOTOLING BARAT, MINAHASA SELATAN, SULAWESI UTARA",3,181,13,194
https://kawalpemilu.org#66700,"KEROIT, MOTOLING BARAT, MINAHASA SELATAN, SULAWESI UTARA",4,171,14,186
https://kawalpemilu.org#66700,"KEROIT, MOTOLING BARAT, MINAHASA SELATAN, SULAWESI UTARA",5,155,21,176
https://kawalpemilu.org#66702,"KARIMBOW, MOTOLING TIMUR, MINAHASA SELATAN, SULAWESI UTARA",1,219,20,239
https://kawalpemilu.org#66702,"KARIMBOW, MOTOLING TIMUR, MINAHASA SELATAN, SULAWESI UTARA",2,219,32,251
https://kawalpemilu.org#66702,"KARIMBOW, MOTOLING TIMUR, MINAHASA SELATAN, SULAWESI UTARA",3,203,18,221
https://kawalpemilu.org#66703,"KARIMBOW TALIKURAN, MOTOLING TIMUR, MINAHASA SELATAN, SULAWESI UTARA",1,219,16,235
https://kawalpemilu.org#66703,"KARIMBOW TALIKURAN, MOTOLING TIMUR, MINAHASA SELATAN, SULAWESI UTARA",2,213,24,237
https://kawalpemilu.org#66703,"KARIMBOW TALIKURAN, MOTOLING TIMUR, MINAHASA SELATAN, SULAWESI UTARA",3,186,34,220
https://kawalpemilu.org#66704,"TOKIN, MOTOLING TIMUR, MINAHASA SELATAN, SULAWESI UTARA",1,211,30,241
https://kawalpemilu.org#66704,"TOKIN, MOTOLING TIMUR, MINAHASA SELATAN, SULAWESI UTARA",2,178,42,220
https://kawalpemilu.org#66704,"TOKIN, MOTOLING TIMUR, MINAHASA SELATAN, SULAWESI UTARA",3,217,23,240
https://kawalpemilu.org#66704,"TOKIN, MOTOLING TIMUR, MINAHASA SELATAN, SULAWESI UTARA",4,218,28,246
https://kawalpemilu.org#66705,"TOKIN BARU, MOTOLING TIMUR, MINAHASA SELATAN, SULAWESI UTARA",1,207,28,235
https://kawalpemilu.org#66705,"TOKIN BARU, MOTOLING TIMUR, MINAHASA SELATAN, SULAWESI UTARA",2,225,14,239
https://kawalpemilu.org#66705,"TOKIN BARU, MOTOLING TIMUR, MINAHASA SELATAN, SULAWESI UTARA",3,211,18,229
https://kawalpemilu.org#66705,"TOKIN BARU, MOTOLING TIMUR, MINAHASA SELATAN, SULAWESI UTARA",4,191,33,224
https://kawalpemilu.org#66706,"WANGA AMONGENA, MOTOLING TIMUR, MINAHASA SELATAN, SULAWESI UTARA",1,194,12,206
https://kawalpemilu.org#66706,"WANGA AMONGENA, MOTOLING TIMUR, MINAHASA SELATAN, SULAWESI UTARA",2,205,14,219
https://kawalpemilu.org#66706,"WANGA AMONGENA, MOTOLING TIMUR, MINAHASA SELATAN, SULAWESI UTARA",3,212,12,224
https://kawalpemilu.org#66706,"WANGA AMONGENA, MOTOLING TIMUR, MINAHASA SELATAN, SULAWESI UTARA",4,182,14,196
https://kawalpemilu.org#66706,"WANGA AMONGENA, MOTOLING TIMUR, MINAHASA SELATAN, SULAWESI UTARA",5,203,7,210
https://kawalpemilu.org#66707,"WANGA, MOTOLING TIMUR, MINAHASA SELATAN, SULAWESI UTARA",1,194,32,226
https://kawalpemilu.org#66707,"WANGA, MOTOLING TIMUR, MINAHASA SELATAN, SULAWESI UTARA",2,195,19,214
https://kawalpemilu.org#66707,"WANGA, MOTOLING TIMUR, MINAHASA SELATAN, SULAWESI UTARA",3,205,25,230
https://kawalpemilu.org#66707,"WANGA, MOTOLING TIMUR, MINAHASA SELATAN, SULAWESI UTARA",4,191,17,208
https://kawalpemilu.org#66708,"PICUAN, MOTOLING TIMUR, MINAHASA SELATAN, SULAWESI UTARA",1,222,15,237
https://kawalpemilu.org#66708,"PICUAN, MOTOLING TIMUR, MINAHASA SELATAN, SULAWESI UTARA",2,219,18,237
https://kawalpemilu.org#66708,"PICUAN, MOTOLING TIMUR, MINAHASA SELATAN, SULAWESI UTARA",3,204,29,233
https://kawalpemilu.org#66708,"PICUAN, MOTOLING TIMUR, MINAHASA SELATAN, SULAWESI UTARA",4,180,47,227
https://kawalpemilu.org#66709,"PICUAN SATU, MOTOLING TIMUR, MINAHASA SELATAN, SULAWESI UTARA",1,153,63,216
https://kawalpemilu.org#66709,"PICUAN SATU, MOTOLING TIMUR, MINAHASA SELATAN, SULAWESI UTARA",2,170,23,193
https://kawalpemilu.org#66709,"PICUAN SATU, MOTOLING TIMUR, MINAHASA SELATAN, SULAWESI UTARA",3,188,24,212
https://kawalpemilu.org#66709,"PICUAN SATU, MOTOLING TIMUR, MINAHASA SELATAN, SULAWESI UTARA",4,149,33,182
https://kawalpemilu.org#66711,"TALAITAD, SULUUN TARERAN, MINAHASA SELATAN, SULAWESI UTARA",1,163,9,172
https://kawalpemilu.org#66711,"TALAITAD, SULUUN TARERAN, MINAHASA SELATAN, SULAWESI UTARA",3,184,9,193
https://kawalpemilu.org#66712,"SULUUN SATU, SULUUN TARERAN, MINAHASA SELATAN, SULAWESI UTARA",1,162,43,205
https://kawalpemilu.org#66712,"SULUUN SATU, SULUUN TARERAN, MINAHASA SELATAN, SULAWESI UTARA",2,156,50,206
https://kawalpemilu.org#66712,"SULUUN SATU, SULUUN TARERAN, MINAHASA SELATAN, SULAWESI UTARA",3,173,47,220
https://kawalpemilu.org#66712,"SULUUN SATU, SULUUN TARERAN, MINAHASA SELATAN, SULAWESI UTARA",4,150,34,184
https://kawalpemilu.org#66713,"SULUUN DUA, SULUUN TARERAN, MINAHASA SELATAN, SULAWESI UTARA",1,168,41,209
https://kawalpemilu.org#66713,"SULUUN DUA, SULUUN TARERAN, MINAHASA SELATAN, SULAWESI UTARA",2,178,19,197
https://kawalpemilu.org#66714,"SULUUN TIGA, SULUUN TARERAN, MINAHASA SELATAN, SULAWESI UTARA",1,149,17,166
https://kawalpemilu.org#66714,"SULUUN TIGA, SULUUN TARERAN, MINAHASA SELATAN, SULAWESI UTARA",2,152,46,198
https://kawalpemilu.org#66714,"SULUUN TIGA, SULUUN TARERAN, MINAHASA SELATAN, SULAWESI UTARA",3,164,36,200
https://kawalpemilu.org#66714,"SULUUN TIGA, SULUUN TARERAN, MINAHASA SELATAN, SULAWESI UTARA",4,151,28,179
https://kawalpemilu.org#66715,"SULUUN EMPAT, SULUUN TARERAN, MINAHASA SELATAN, SULAWESI UTARA",1,151,22,173
https://kawalpemilu.org#66715,"SULUUN EMPAT, SULUUN TARERAN, MINAHASA SELATAN, SULAWESI UTARA",2,131,39,170
https://kawalpemilu.org#66715,"SULUUN EMPAT, SULUUN TARERAN, MINAHASA SELATAN, SULAWESI UTARA",3,148,26,174
https://kawalpemilu.org#66715,"SULUUN EMPAT, SULUUN TARERAN, MINAHASA SELATAN, SULAWESI UTARA",4,137,44,181
https://kawalpemilu.org#66716,"PINAPALANGKOW, SULUUN TARERAN, MINAHASA SELATAN, SULAWESI UTARA",1,175,15,190
https://kawalpemilu.org#66716,"PINAPALANGKOW, SULUUN TARERAN, MINAHASA SELATAN, SULAWESI UTARA",2,170,21,191
https://kawalpemilu.org#66716,"PINAPALANGKOW, SULUUN TARERAN, MINAHASA SELATAN, SULAWESI UTARA",3,196,10,206
https://kawalpemilu.org#66716,"PINAPALANGKOW, SULUUN TARERAN, MINAHASA SELATAN, SULAWESI UTARA",4,0,0,0
https://kawalpemilu.org#66717,"KAPOYA, SULUUN TARERAN, MINAHASA SELATAN, SULAWESI UTARA",1,162,13,1
https://kawalpemilu.org#85529,"TALAITAD UTARA, SULUUN TARERAN, MINAHASA SELATAN, SULAWESI UTARA",1,249,14,263
https://kawalpemilu.org#85529,"TALAITAD UTARA, SULUUN TARERAN, MINAHASA SELATAN, SULAWESI UTARA",2,215,25,240
https://kawalpemilu.org#927847,"KAPOYA SATU, SULUUN TARERAN, MINAHASA SELATAN, SULAWESI UTARA",1,161,13,174
https://kawalpemilu.org#927847,"KAPOYA SATU, SULUUN TARERAN, MINAHASA SELATAN, SULAWESI UTARA",2,189,18,207
https://kawalpemilu.org#927847,"KAPOYA SATU, SULUUN TARERAN, MINAHASA SELATAN, SULAWESI UTARA",3,161,8,169
https://kawalpemilu.org#66720,"MAKALISUNG, KEMA, MINAHASA UTARA, SULAWESI UTARA",1,143,20,163
https://kawalpemilu.org#66720,"MAKALISUNG, KEMA, MINAHASA UTARA, SULAWESI UTARA",2,133,23,156
https://kawalpemilu.org#66720,"MAKALISUNG, KEMA, MINAHASA UTARA, SULAWESI UTARA",3,126,16,142
https://kawalpemilu.org#66721,"WALEO, KEMA, MINAHASA UTARA, SULAWESI UTARA",1,163,16,179
https://kawalpemilu.org#66721,"WALEO, KEMA, MINAHASA UTARA, SULAWESI UTARA",2,191,25,216
https://kawalpemilu.org#66721,"WALEO, KEMA, MINAHASA UTARA, SULAWESI UTARA",3,177,14,191
https://kawalpemilu.org#66722,"LILANG, KEMA, MINAHASA UTARA, SULAWESI UTARA",1,205,20,225
https://kawalpemilu.org#66722,"LILANG, KEMA, MINAHASA UTARA, SULAWESI UTARA",2,204,12,216
https://kawalpemilu.org#66723,"LANSOT, KEMA, MINAHASA UTARA, SULAWESI UTARA",1,118,19,137
https://kawalpemilu.org#66723,"LANSOT, KEMA, MINAHASA UTARA, SULAWESI UTARA",2,121,12,133
https://kawalpemilu.org#66724,"KEMA III, KEMA, MINAHASA UTARA, SULAWESI UTARA",1,52,177,229
https://kawalpemilu.org#66724,"KEMA III, KEMA, MINAHASA UTARA, SULAWESI UTARA",2,64,171,235
https://kawalpemilu.org#66724,"KEMA III, KEMA, MINAHASA UTARA, SULAWESI UTARA",3,53,182,235
https://kawalpemilu.org#66724,"KEMA III, KEMA, MINAHASA UTARA, SULAWESI UTARA",4,64,141,205
https://kawalpemilu.org#66724,"KEMA III, KEMA, MINAHASA UTARA, SULAWESI UTARA",5,69,159,228
https://kawalpemilu.org#66724,"KEMA III, KEMA, MINAHASA UTARA, SULAWESI UTARA",6,42,165,207
https://kawalpemilu.org#66724,"KEMA III, KEMA, MINAHASA UTARA, SULAWESI UTARA",7,61,173,234
https://kawalpemilu.org#66724,"KEMA III, KEMA, MINAHASA UTARA, SULAWESI UTARA",8,76,156,232
https://kawalpemilu.org#66724,"KEMA III, KEMA, MINAHASA UTARA, SULAWESI UTARA",9,87,135,222
https://kawalpemilu.org#66724,"KEMA III, KEMA, MINAHASA UTARA, SULAWESI UTARA",10,75,129,204
https://kawalpemilu.org#66725,"KEMA II, KEMA, MINAHASA UTARA, SULAWESI UTARA",1,218,19,237
https://kawalpemilu.org#66725,"KEMA II, KEMA, MINAHASA UTARA, SULAWESI UTARA",2,228,23,251
https://kawalpemilu.org#66725,"KEMA II, KEMA, MINAHASA UTARA, SULAWESI UTARA",3,230,9,239
https://kawalpemilu.org#66725,"KEMA II, KEMA, MINAHASA UTARA, SULAWESI UTARA",4,203,10,213
https://kawalpemilu.org#66725,"KEMA II, KEMA, MINAHASA UTARA, SULAWESI UTARA",5,226,13,239
https://kawalpemilu.org#66725,"KEMA II, KEMA, MINAHASA UTARA, SULAWESI UTARA",6,195,20,215
https://kawalpemilu.org#66725,"KEMA II, KEMA, MINAHASA UTARA, SULAWESI UTARA",7,184,10,194
https://kawalpemilu.org#66726,"KEMA I, KEMA, MINAHASA UTARA, SULAWESI UTARA",1,201,25,226
https://kawalpemilu.org#66726,"KEMA I, KEMA, MINAHASA UTARA, SULAWESI UTARA",2,197,34,231
https://kawalpemilu.org#66726,"KEMA I, KEMA, MINAHASA UTARA, SULAWESI UTARA",3,174,41,215
https://kawalpemilu.org#66726,"KEMA I, KEMA, MINAHASA UTARA, SULAWESI UTARA",4,178,28,206
https://kawalpemilu.org#66726,"KEMA I, KEMA, MINAHASA UTARA, SULAWESI UTARA",5,208,30,238
https://kawalpemilu.org#66726,"KEMA I, KEMA, MINAHASA UTARA, SULAWESI UTARA",6,206,18,224
https://kawalpemilu.org#66726,"KEMA I, KEMA, MINAHASA UTARA, SULAWESI UTARA",7,184,26,210
https://kawalpemilu.org#66726,"KEMA I, KEMA, MINAHASA UTARA, SULAWESI UTARA",8,200,31,231
https://kawalpemilu.org#66726,"KEMA I, KEMA, MINAHASA UTARA, SULAWESI UTARA",9,214,14,228
https://kawalpemilu.org#66727,"TONTALETE, KEMA, MINAHASA UTARA, SULAWESI UTARA",1,168,29,197
https://kawalpemilu.org#66727,"TONTALETE, KEMA, MINAHASA UTARA, SULAWESI UTARA",2,167,39,206
https://kawalpemilu.org#66727,"TONTALETE, KEMA, MINAHASA UTARA, SULAWESI UTARA",3,174,64,238
https://kawalpemilu.org#66727,"TONTALETE, KEMA, MINAHASA UTARA, SULAWESI UTARA",4,152,52,204
https://kawalpemilu.org#66727,"TONTALETE, KEMA, MINAHASA UTARA, SULAWESI UTARA",5,158,64,222
https://kawalpemilu.org#66727,"TONTALETE, KEMA, MINAHASA UTARA, SULAWESI UTARA",6,164,69,233
https://kawalpemilu.org#66727,"TONTALETE, KEMA, MINAHASA UTARA, SULAWESI UTARA",7,191,61,252
https://kawalpemilu.org#66728,"TONTAALETE ROK-ROK, KEMA, MINAHASA UTARA, SULAWESI UTARA",1,203,21,224
https://kawalpemilu.org#89929,"WALEO DUA, KEMA, MINAHASA UTARA, SULAWESI UTARA",1,221,17,238
https://kawalpemilu.org#89929,"WALEO DUA, KEMA, MINAHASA UTARA, SULAWESI UTARA",2,231,14,245
https://kawalpemilu.org#66730,"KAUDITAN II, KAUDITAN, MINAHASA UTARA, SULAWESI UTARA",1,198,14,212
https://kawalpemilu.org#66730,"KAUDITAN II, KAUDITAN, MINAHASA UTARA, SULAWESI UTARA",2,183,22,205
https://kawalpemilu.org#66730,"KAUDITAN II, KAUDITAN, MINAHASA UTARA, SULAWESI UTARA",3,192,27,219
https://kawalpemilu.org#66730,"KAUDITAN II, KAUDITAN, MINAHASA UTARA, SULAWESI UTARA",4,160,25,185
https://kawalpemilu.org#66730,"KAUDITAN II, KAUDITAN, MINAHASA UTARA, SULAWESI UTARA",5,141,21,162
https://kawalpemilu.org#66730,"KAUDITAN II, KAUDITAN, MINAHASA UTARA, SULAWESI UTARA",6,148,39,187
https://kawalpemilu.org#66730,"KAUDITAN II, KAUDITAN, MINAHASA UTARA, SULAWESI UTARA",7,171,42,213
https://kawalpemilu.org#66730,"KAUDITAN II, KAUDITAN, MINAHASA UTARA, SULAWESI UTARA",8,162,23,185
https://kawalpemilu.org#66731,"KAUDITAN I, KAUDITAN, MINAHASA UTARA, SULAWESI UTARA",1,162,77,239
https://kawalpemilu.org#66731,"KAUDITAN I, KAUDITAN, MINAHASA UTARA, SULAWESI UTARA",2,137,71,208
https://kawalpemilu.org#66731,"KAUDITAN I, KAUDITAN, MINAHASA UTARA, SULAWESI UTARA",3,195,13,207
https://kawalpemilu.org#66731,"KAUDITAN I, KAUDITAN, MINAHASA UTARA, SULAWESI UTARA",4,190,15,205
https://kawalpemilu.org#66731,"KAUDITAN I, KAUDITAN, MINAHASA UTARA, SULAWESI UTARA",5,194,29,223
https://kawalpemilu.org#66731,"KAUDITAN I, KAUDITAN, MINAHASA UTARA, SULAWESI UTARA",6,114,47,161
https://kawalpemilu.org#66731,"KAUDITAN I, KAUDITAN, MINAHASA UTARA, SULAWESI UTARA",7,151,70,221
https://kawalpemilu.org#66731,"KAUDITAN I, KAUDITAN, MINAHASA UTARA, SULAWESI UTARA",8,130,25,155
https://kawalpemilu.org#66732,"KAWILEY, KAUDITAN, MINAHASA UTARA, SULAWESI UTARA",1,222,24,246
https://kawalpemilu.org#66732,"KAWILEY, KAUDITAN, MINAHASA UTARA, SULAWESI UTARA",2,171,37,208
https://kawalpemilu.org#66732,"KAWILEY, KAUDITAN, MINAHASA UTARA, SULAWESI UTARA",3,189,34,223
https://kawalpemilu.org#66732,"KAWILEY, KAUDITAN, MINAHASA UTARA, SULAWESI UTARA",4,191,16,207
https://kawalpemilu.org#66732,"KAWILEY, KAUDITAN, MINAHASA UTARA, SULAWESI UTARA",5,183,29,212
https://kawalpemilu.org#66733,"TREMAN, KAUDITAN, MINAHASA UTARA, SULAWESI UTARA",1,137,18,155
https://kawalpemilu.org#66733,"TREMAN, KAUDITAN, MINAHASA UTARA, SULAWESI UTARA",2,148,8,156
https://kawalpemilu.org#66733,"TREMAN, KAUDITAN, MINAHASA UTARA, SULAWESI UTARA",3,147,9,156
https://kawalpemilu.org#66733,"TREMAN, KAUDITAN, MINAHASA UTARA, SULAWESI UTARA",4,153,17,170
https://kawalpemilu.org#66733,"TREMAN, KAUDITAN, MINAHASA UTARA, SULAWESI UTARA",5,184,19,203
https://kawalpemilu.org#66733,"TREMAN, KAUDITAN, MINAHASA UTARA, SULAWESI UTARA",6,178,16,194
https://kawalpemilu.org#66733,"TREMAN, KAUDITAN, MINAHASA UTARA, SULAWESI UTARA",7,177,9,186
https://kawalpemilu.org#66733,"TREMAN, KAUDITAN, MINAHASA UTARA, SULAWESI UTARA",8,136,18,154
https://kawalpemilu.org#66733,"TREMAN, KAUDITAN, MINAHASA UTARA, SULAWESI UTARA",9,165,26,191
https://kawalpemilu.org#66734,"KAIMA, KAUDITAN, MINAHASA UTARA, SULAWESI UTARA",1,194,12,206
https://kawalpemilu.org#66734,"KAIMA, KAUDITAN, MINAHASA UTARA, SULAWESI UTARA",2,205,18,223
https://kawalpemilu.org#66734,"KAIMA, KAUDITAN, MINAHASA UTARA, SULAWESI UTARA",3,208,21,229
https://kawalpemilu.org#66734,"KAIMA, KAUDITAN, MINAHASA UTARA, SULAWESI UTARA",4,227,17,244
https://kawalpemilu.org#66734,"KAIMA, KAUDITAN, MINAHASA UTARA, SULAWESI UTARA",5,232,15,247
https://kawalpemilu.org#66734,"KAIMA, KAUDITAN, MINAHASA UTARA, SULAWESI UTARA",6,210,16,226
https://kawalpemilu.org#66734,"KAIMA, KAUDITAN, MINAHASA UTARA, SULAWESI UTARA",7,197,20,217
https://kawalpemilu.org#66735,"KAREGESAN, KAUDITAN, MINAHASA UTARA, SULAWESI UTARA",1,189,15,204
https://kawalpemilu.org#66735,"KAREGESAN, KAUDITAN, MINAHASA UTARA, SULAWESI UTARA",2,177,16,193
https://kawalpemilu.org#66735,"KAREGESAN, KAUDITAN, MINAHASA UTARA, SULAWESI UTARA",3,184,24,208
https://kawalpemilu.org#66735,"KAREGESAN, KAUDITAN, MINAHASA UTARA, SULAWESI UTARA",4,163,20,183
https://kawalpemilu.org#66735,"KAREGESAN, KAUDITAN, MINAHASA UTARA, SULAWESI UTARA",5,170,9,179
https://kawalpemilu.org#66735,"KAREGESAN, KAUDITAN, MINAHASA UTARA, SULAWESI UTARA",6,144,22,166
https://kawalpemilu.org#66736,"KAASAR, KAUDITAN, MINAHASA UTARA, SULAWESI UTARA",1,184,22,206
https://kawalpemilu.org#66736,"KAASAR, KAUDITAN, MINAHASA UTARA, SULAWESI UTARA",2,200,21,221
https://kawalpemilu.org#66736,"KAASAR, KAUDITAN, MINAHASA UTARA, SULAWESI UTARA",3,212,23,235
https://kawalpemilu.org#66736,"KAASAR, KAUDITAN, MINAHASA UTARA, SULAWESI UTARA",4,203,18,221
https://kawalpemilu.org#66737,"LEMBEAN, KAUDITAN, MINAHASA UTARA, SULAWESI UTARA",1,181,8,189
https://kawalpemilu.org#66737,"LEMBEAN, KAUDITAN, MINAHASA UTARA, SULAWESI UTARA",2,163,14,177
https://kawalpemilu.org#66737,"LEMBEAN, KAUDITAN, MINAHASA UTARA, SULAWESI UTARA",3,189,7,196
https://kawalpemilu.org#66737,"LEMBEAN, KAUDITAN, MINAHASA UTARA, SULAWESI UTARA",4,210,11,221
https://kawalpemilu.org#66738,"PASLATEN, KAUDITAN, MINAHASA UTARA, SULAWESI UTARA",1,229,27,256
https://kawalpemilu.org#66738,"PASLATEN, KAUDITAN, MINAHASA UTARA, SULAWESI UTARA",2,224,10,234
https://kawalpemilu.org#66738,"PASLATEN, KAUDITAN, MINAHASA UTARA, SULAWESI UTARA",3,173,22,195
https://kawalpemilu.org#66738,"PASLATEN, KAUDITAN, MINAHASA UTARA, SULAWESI UTARA",4,213,16,229
https://kawalpemilu.org#66739,"TUMALUNTUNG, KAUDITAN, MINAHASA UTARA, SULAWESI UTARA",1,161,26,187
https://kawalpemilu.org#66739,"TUMALUNTUNG, KAUDITAN, MINAHASA UTARA, SULAWESI UTARA",2,189,20,209
https://kawalpemilu.org#66739,"TUMALUNTUNG, KAUDITAN, MINAHASA UTARA, SULAWESI UTARA",3,157,13,170
https://kawalpemilu.org#66739,"TUMALUNTUNG, KAUDITAN, MINAHASA UTARA, SULAWESI UTARA",4,182,17,199
https://kawalpemilu.org#66739,"TUMALUNTUNG, KAUDITAN, MINAHASA UTARA, SULAWESI UTARA",5,196,14,210
https://kawalpemilu.org#66739,"TUMALUNTUNG, KAUDITAN, MINAHASA UTARA, SULAWESI UTARA",6,142,22,164
https://kawalpemilu.org#66739,"TUMALUNTUNG, KAUDITAN, MINAHASA UTARA, SULAWESI UTARA",7,188,18,206
https://kawalpemilu.org#66739,"TUMALUNTUNG, KAUDITAN, MINAHASA UTARA, SULAWESI UTARA",8,204,18,222
https://kawalpemilu.org#66739,"TUMALUNTUNG, KAUDITAN, MINAHASA UTARA, SULAWESI UTARA",9,153,10,163
https://kawalpemilu.org#66739,"TUMALUNTUNG, KAUDITAN, MINAHASA UTARA, SULAWESI UTARA",10,186,21,207
https://kawalpemilu.org#66739,"TUMALUNTUNG, KAUDITAN, MINAHASA UTARA, SULAWESI UTARA",11,191,16,207
https://kawalpemilu.org#66739,"TUMALUNTUNG, KAUDITAN, MINAHASA UTARA, SULAWESI UTARA",12,182,15,197
https://kawalpemilu.org#66740,"WATUDAMBO, KAUDITAN, MINAHASA UTARA, SULAWESI UTARA",1,163,29,192
https://kawalpemilu.org#66740,"WATUDAMBO, KAUDITAN, MINAHASA UTARA, SULAWESI UTARA",2,227,24,251
https://kawalpemilu.org#66740,"WATUDAMBO, KAUDITAN, MINAHASA UTARA, SULAWESI UTARA",3,175,43,218
https://kawalpemilu.org#66740,"WATUDAMBO, KAUDITAN, MINAHASA UTARA, SULAWESI UTARA",4,134,69,203
https://kawalpemilu.org#66740,"WATUDAMBO, KAUDITAN, MINAHASA UTARA, SULAWESI UTARA",5,210,25,235
https://kawalpemilu.org#66740,"WATUDAMBO, KAUDITAN, MINAHASA UTARA, SULAWESI UTARA",6,131,12,143
https://kawalpemilu.org#66740,"WATUDAMBO, KAUDITAN, MINAHASA UTARA, SULAWESI UTARA",7,147,38,185
https://kawalpemilu.org#66741,"WATUDAMBO DUA, KAUDITAN, MINAHASA UTARA, SULAWESI UTARA",1,185,21,206
https://kawalpemilu.org#66741,"WATUDAMBO DUA, KAUDITAN, MINAHASA UTARA, SULAWESI UTARA",2,217,14,231
https://kawalpemilu.org#66741,"WATUDAMBO DUA, KAUDITAN, MINAHASA UTARA, SULAWESI UTARA",3,188,25,213
https://kawalpemilu.org#66741,"WATUDAMBO DUA, KAUDITAN, MINAHASA UTARA, SULAWESI UTARA",4,174,45,219
https://kawalpemilu.org#66741,"WATUDAMBO DUA, KAUDITAN, MINAHASA UTARA, SULAWESI UTARA",5,202,31,234
https://kawalpemilu.org#66741,"WATUDAMBO DUA, KAUDITAN, MINAHASA UTARA, SULAWESI UTARA",6,192,46,238
https://kawalpemilu.org#66741,"WATUDAMBO DUA, KAUDITAN, MINAHASA UTARA, SULAWESI UTARA",7,181,27,208
https://kawalpemilu.org#66741,"WATUDAMBO DUA, KAUDITAN, MINAHASA UTARA, SULAWESI UTARA",8,190,8,198
https://kawalpemilu.org#66743,"AIRMADIDI BAWAH, AIRMADIDI, MINAHASA UTARA, SULAWESI UTARA",1,230,12,242
https://kawalpemilu.org#66743,"AIRMADIDI BAWAH, AIRMADIDI, MINAHASA UTARA, SULAWESI UTARA",2,226,6,232
https://kawalpemilu.org#66743,"AIRMADIDI BAWAH, AIRMADIDI, MINAHASA UTARA, SULAWESI UTARA",3,237,10,247
https://kawalpemilu.org#66743,"AIRMADIDI BAWAH, AIRMADIDI, MINAHASA UTARA, SULAWESI UTARA",4,227,8,235
https://kawalpemilu.org#66743,"AIRMADIDI BAWAH, AIRMADIDI, MINAHASA UTARA, SULAWESI UTARA",5,214,15,229
https://kawalpemilu.org#66743,"AIRMADIDI BAWAH, AIRMADIDI, MINAHASA UTARA, SULAWESI UTARA",6,128,14,142
https://kawalpemilu.org#66743,"AIRMADIDI BAWAH, AIRMADIDI, MINAHASA UTARA, SULAWESI UTARA",7,108,72,180
https://kawalpemilu.org#66743,"AIRMADIDI BAWAH, AIRMADIDI, MINAHASA UTARA, SULAWESI UTARA",8,111,81,192
https://kawalpemilu.org#66743,"AIRMADIDI BAWAH, AIRMADIDI, MINAHASA UTARA, SULAWESI UTARA",9,108,7,115
https://kawalpemilu.org#66743,"AIRMADIDI BAWAH, AIRMADIDI, MINAHASA UTARA, SULAWESI UTARA",10,118,14,132
https://kawalpemilu.org#66743,"AIRMADIDI BAWAH, AIRMADIDI, MINAHASA UTARA, SULAWESI UTARA",11,240,5,245
https://kawalpemilu.org#66743,"AIRMADIDI BAWAH, AIRMADIDI, MINAHASA UTARA, SULAWESI UTARA",12,226,6,232
https://kawalpemilu.org#66744,"RAP-RAP, AIRMADIDI, MINAHASA UTARA, SULAWESI UTARA",1,183,30,213
https://kawalpemilu.org#66744,"RAP-RAP, AIRMADIDI, MINAHASA UTARA, SULAWESI UTARA",2,219,23,242
https://kawalpemilu.org#66744,"RAP-RAP, AIRMADIDI, MINAHASA UTARA, SULAWESI UTARA",3,183,21,204
https://kawalpemilu.org#66744,"RAP-RAP, AIRMADIDI, MINAHASA UTARA, SULAWESI UTARA",4,157,19,176
https://kawalpemilu.org#66745,"SARONSONG I, AIRMADIDI, MINAHASA UTARA, SULAWESI UTARA",1,135,21,156
https://kawalpemilu.org#66745,"SARONSONG I, AIRMADIDI, MINAHASA UTARA, SULAWESI UTARA",2,170,31,201
https://kawalpemilu.org#66745,"SARONSONG I, AIRMADIDI, MINAHASA UTARA, SULAWESI UTARA",3,180,29,209
https://kawalpemilu.org#66745,"SARONSONG I, AIRMADIDI, MINAHASA UTARA, SULAWESI UTARA",5,163,12,175
https://kawalpemilu.org#66745,"SARONSONG I, AIRMADIDI, MINAHASA UTARA, SULAWESI UTARA",6,137,19,156
https://kawalpemilu.org#66745,"SARONSONG I, AIRMADIDI, MINAHASA UTARA, SULAWESI UTARA",7,171,25,4
https://kawalpemilu.org#66745,"SARONSONG I, AIRMADIDI, MINAHASA UTARA, SULAWESI UTARA",8,123,17,140
https://kawalpemilu.org#66745,"SARONSONG I, AIRMADIDI, MINAHASA UTARA, SULAWESI UTARA",9,115,20,135
https://kawalpemilu.org#66745,"SARONSONG I, AIRMADIDI, MINAHASA UTARA, SULAWESI UTARA",10,130,11,141
https://kawalpemilu.org#66745,"SARONSONG I, AIRMADIDI, MINAHASA UTARA, SULAWESI UTARA",11,176,17,193
https://kawalpemilu.org#66745,"SARONSONG I, AIRMADIDI, MINAHASA UTARA, SULAWESI UTARA",12,133,12,145
https://kawalpemilu.org#66745,"SARONSONG I, AIRMADIDI, MINAHASA UTARA, SULAWESI UTARA",13,123,12,135
https://kawalpemilu.org#66745,"SARONSONG I, AIRMADIDI, MINAHASA UTARA, SULAWESI UTARA",14,140,20,160
https://kawalpemilu.org#66746,"AIRMADIDI ATAS, AIRMADIDI, MINAHASA UTARA, SULAWESI UTARA",1,211,8,219
https://kawalpemilu.org#66746,"AIRMADIDI ATAS, AIRMADIDI, MINAHASA UTARA, SULAWESI UTARA",2,291,0,0
https://kawalpemilu.org#66746,"AIRMADIDI ATAS, AIRMADIDI, MINAHASA UTARA, SULAWESI UTARA",3,147,22,169
https://kawalpemilu.org#66746,"AIRMADIDI ATAS, AIRMADIDI, MINAHASA UTARA, SULAWESI UTARA",4,148,6,154
https://kawalpemilu.org#66746,"AIRMADIDI ATAS, AIRMADIDI, MINAHASA UTARA, SULAWESI UTARA",5,197,13,210
https://kawalpemilu.org#66746,"AIRMADIDI ATAS, AIRMADIDI, MINAHASA UTARA, SULAWESI UTARA",6,135,24,159
https://kawalpemilu.org#66746,"AIRMADIDI ATAS, AIRMADIDI, MINAHASA UTARA, SULAWESI UTARA",7,150,14,164
https://kawalpemilu.org#66746,"AIRMADIDI ATAS, AIRMADIDI, MINAHASA UTARA, SULAWESI UTARA",8,193,12,205
https://kawalpemilu.org#66746,"AIRMADIDI ATAS, AIRMADIDI, MINAHASA UTARA, SULAWESI UTARA",9,197,24,221
https://kawalpemilu.org#66746,"AIRMADIDI ATAS, AIRMADIDI, MINAHASA UTARA, SULAWESI UTARA",10,202,84,286
https://kawalpemilu.org#66746,"AIRMADIDI ATAS, AIRMADIDI, MINAHASA UTARA, SULAWESI UTARA",11,164,83,247
https://kawalpemilu.org#66746,"AIRMADIDI ATAS, AIRMADIDI, MINAHASA UTARA, SULAWESI UTARA",12,196,23,119
https://kawalpemilu.org#66746,"AIRMADIDI ATAS, AIRMADIDI, MINAHASA UTARA, SULAWESI UTARA",13,164,39,203
https://kawalpemilu.org#66746,"AIRMADIDI ATAS, AIRMADIDI, MINAHASA UTARA, SULAWESI UTARA",14,209,4,213
https://kawalpemilu.org#66746,"AIRMADIDI ATAS, AIRMADIDI, MINAHASA UTARA, SULAWESI UTARA",15,183,54,237
https://kawalpemilu.org#66746,"AIRMADIDI ATAS, AIRMADIDI, MINAHASA UTARA, SULAWESI UTARA",16,172,57,229
https://kawalpemilu.org#66746,"AIRMADIDI ATAS, AIRMADIDI, MINAHASA UTARA, SULAWESI UTARA",17,150,73,223
https://kawalpemilu.org#66746,"AIRMADIDI ATAS, AIRMADIDI, MINAHASA UTARA, SULAWESI UTARA",18,151,61,212
https://kawalpemilu.org#66746,"AIRMADIDI ATAS, AIRMADIDI, MINAHASA UTARA, SULAWESI UTARA",19,148,93,241
https://kawalpemilu.org#66746,"AIRMADIDI ATAS, AIRMADIDI, MINAHASA UTARA, SULAWESI UTARA",20,137,57,194
https://kawalpemilu.org#66746,"AIRMADIDI ATAS, AIRMADIDI, MINAHASA UTARA, SULAWESI UTARA",21,156,29,185
https://kawalpemilu.org#66746,"AIRMADIDI ATAS, AIRMADIDI, MINAHASA UTARA, SULAWESI UTARA",22,193,37,230
https://kawalpemilu.org#66746,"AIRMADIDI ATAS, AIRMADIDI, MINAHASA UTARA, SULAWESI UTARA",23,121,28,149
https://kawalpemilu.org#66746,"AIRMADIDI ATAS, AIRMADIDI, MINAHASA UTARA, SULAWESI UTARA",24,115,48,164
https://kawalpemilu.org#66747,"SUKUR, AIRMADIDI, MINAHASA UTARA, SULAWESI UTARA",1,205,15,220
https://kawalpemilu.org#66747,"SUKUR, AIRMADIDI, MINAHASA UTARA, SULAWESI UTARA",2,167,5,172
https://kawalpemilu.org#66747,"SUKUR, AIRMADIDI, MINAHASA UTARA, SULAWESI UTARA",3,173,21,194
https://kawalpemilu.org#66747,"SUKUR, AIRMADIDI, MINAHASA UTARA, SULAWESI UTARA",4,212,9,221
https://kawalpemilu.org#66747,"SUKUR, AIRMADIDI, MINAHASA UTARA, SULAWESI UTARA",5,183,10,193
https://kawalpemilu.org#66747,"SUKUR, AIRMADIDI, MINAHASA UTARA, SULAWESI UTARA",6,190,18,208
https://kawalpemilu.org#66747,"SUKUR, AIRMADIDI, MINAHASA UTARA, SULAWESI UTARA",7,167,23,190
https://kawalpemilu.org#66747,"SUKUR, AIRMADIDI, MINAHASA UTARA, SULAWESI UTARA",8,160,33,193
https://kawalpemilu.org#66747,"SUKUR, AIRMADIDI, MINAHASA UTARA, SULAWESI UTARA",9,130,37,167
https://kawalpemilu.org#66747,"SUKUR, AIRMADIDI, MINAHASA UTARA, SULAWESI UTARA",10,136,46,182
https://kawalpemilu.org#66747,"SUKUR, AIRMADIDI, MINAHASA UTARA, SULAWESI UTARA",11,191,43,234
https://kawalpemilu.org#66747,"SUKUR, AIRMADIDI, MINAHASA UTARA, SULAWESI UTARA",12,150,48,198
https://kawalpemilu.org#66748,"SARONGSONG II, AIRMADIDI, MINAHASA UTARA, SULAWESI UTARA",1,177,6,183
https://kawalpemilu.org#66748,"SARONGSONG II, AIRMADIDI, MINAHASA UTARA, SULAWESI UTARA",2,222,3,225
https://kawalpemilu.org#66748,"SARONGSONG II, AIRMADIDI, MINAHASA UTARA, SULAWESI UTARA",3,226,13,239
https://kawalpemilu.org#66748,"SARONGSONG II, AIRMADIDI, MINAHASA UTARA, SULAWESI UTARA",4,220,6,226
https://kawalpemilu.org#66748,"SARONGSONG II, AIRMADIDI, MINAHASA UTARA, SULAWESI UTARA",5,140,3,143
https://kawalpemilu.org#66748,"SARONGSONG II, AIRMADIDI, MINAHASA UTARA, SULAWESI UTARA",6,200,9,209
https://kawalpemilu.org#66748,"SARONGSONG II, AIRMADIDI, MINAHASA UTARA, SULAWESI UTARA",7,213,5,218
https://kawalpemilu.org#66748,"SARONGSONG II, AIRMADIDI, MINAHASA UTARA, SULAWESI UTARA",8,209,5,214
https://kawalpemilu.org#66748,"SARONGSONG II, AIRMADIDI, MINAHASA UTARA, SULAWESI UTARA",9,141,11,152
https://kawalpemilu.org#66749,"TANGGARI, AIRMADIDI, MINAHASA UTARA, SULAWESI UTARA",1,178,24,202
https://kawalpemilu.org#66749,"TANGGARI, AIRMADIDI, MINAHASA UTARA, SULAWESI UTARA",2,189,19,208
https://kawalpemilu.org#66749,"TANGGARI, AIRMADIDI, MINAHASA UTARA, SULAWESI UTARA",3,147,17,164
https://kawalpemilu.org#66749,"TANGGARI, AIRMADIDI, MINAHASA UTARA, SULAWESI UTARA",4,155,23,178
https://kawalpemilu.org#66749,"TANGGARI, AIRMADIDI, MINAHASA UTARA, SULAWESI UTARA",5,163,16,179
https://kawalpemilu.org#66749,"TANGGARI, AIRMADIDI, MINAHASA UTARA, SULAWESI UTARA",6,129,10,139
https://kawalpemilu.org#66750,"SAMPIRI, AIRMADIDI, MINAHASA UTARA, SULAWESI UTARA",1,164,10,174
https://kawalpemilu.org#66750,"SAMPIRI, AIRMADIDI, MINAHASA UTARA, SULAWESI UTARA",2,159,4,163
https://kawalpemilu.org#66750,"SAMPIRI, AIRMADIDI, MINAHASA UTARA, SULAWESI UTARA",3,172,18,190
https://kawalpemilu.org#66750,"SAMPIRI, AIRMADIDI, MINAHASA UTARA, SULAWESI UTARA",4,158,7,165
https://kawalpemilu.org#66751,"SAWANGAN, AIRMADIDI, MINAHASA UTARA, SULAWESI UTARA",1,224,11,235
https://kawalpemilu.org#66751,"SAWANGAN, AIRMADIDI, MINAHASA UTARA, SULAWESI UTARA",2,166,22,188
https://kawalpemilu.org#66751,"SAWANGAN, AIRMADIDI, MINAHASA UTARA, SULAWESI UTARA",3,155,16,171
https://kawalpemilu.org#66751,"SAWANGAN, AIRMADIDI, MINAHASA UTARA, SULAWESI UTARA",4,178,24,202
https://kawalpemilu.org#66751,"SAWANGAN, AIRMADIDI, MINAHASA UTARA, SULAWESI UTARA",5,170,23,193
https://kawalpemilu.org#66751,"SAWANGAN, AIRMADIDI, MINAHASA UTARA, SULAWESI UTARA",6,161,22,184
https://kawalpemilu.org#66751,"SAWANGAN, AIRMADIDI, MINAHASA UTARA, SULAWESI UTARA",7,173,18,191
https://kawalpemilu.org#66751,"SAWANGAN, AIRMADIDI, MINAHASA UTARA, SULAWESI UTARA",8,165,18,183
https://kawalpemilu.org#66751,"SAWANGAN, AIRMADIDI, MINAHASA UTARA, SULAWESI UTARA",9,173,18,191
https://kawalpemilu.org#66753,"TIWOHO, WORI, MINAHASA UTARA, SULAWESI UTARA",1,126,78,204
https://kawalpemilu.org#66753,"TIWOHO, WORI, MINAHASA UTARA, SULAWESI UTARA",2,175,30,205
https://kawalpemilu.org#66753,"TIWOHO, WORI, MINAHASA UTARA, SULAWESI UTARA",3,164,48,212
https://kawalpemilu.org#66753,"TIWOHO, WORI, MINAHASA UTARA, SULAWESI UTARA",4,166,49,215
https://kawalpemilu.org#66754,"WORI, WORI, MINAHASA UTARA, SULAWESI UTARA",1,234,23,257
https://kawalpemilu.org#66754,"WORI, WORI, MINAHASA UTARA, SULAWESI UTARA",2,220,29,249
https://kawalpemilu.org#66754,"WORI, WORI, MINAHASA UTARA, SULAWESI UTARA",3,228,14,242
https://kawalpemilu.org#66754,"WORI, WORI, MINAHASA UTARA, SULAWESI UTARA",4,178,13,191
https://kawalpemilu.org#66754,"WORI, WORI, MINAHASA UTARA, SULAWESI UTARA",5,183,10,193
https://kawalpemilu.org#66754,"WORI, WORI, MINAHASA UTARA, SULAWESI UTARA",6,171,43,214
https://kawalpemilu.org#66754,"WORI, WORI, MINAHASA UTARA, SULAWESI UTARA",7,181,29,210
https://kawalpemilu.org#66754,"WORI, WORI, MINAHASA UTARA, SULAWESI UTARA",8,232,5,237
https://kawalpemilu.org#66755,"KIMA BAJO, WORI, MINAHASA UTARA, SULAWESI UTARA",1,96,110,206
https://kawalpemilu.org#66755,"KIMA BAJO, WORI, MINAHASA UTARA, SULAWESI UTARA",2,89,100,189
https://kawalpemilu.org#66755,"KIMA BAJO, WORI, MINAHASA UTARA, SULAWESI UTARA",3,181,29,210
https://kawalpemilu.org#66756,"TALAWAAN BANTIK, WORI, MINAHASA UTARA, SULAWESI UTARA",1,125,16,141
https://kawalpemilu.org#66756,"TALAWAAN BANTIK, WORI, MINAHASA UTARA, SULAWESI UTARA",2,131,10,141
https://kawalpemilu.org#66756,"TALAWAAN BANTIK, WORI, MINAHASA UTARA, SULAWESI UTARA",3,166,28,194
https://kawalpemilu.org#66756,"TALAWAAN BANTIK, WORI, MINAHASA UTARA, SULAWESI UTARA",4,177,25,202
https://kawalpemilu.org#66757,"TALAWAAN ATAS, WORI, MINAHASA UTARA, SULAWESI UTARA",1,177,8,185
https://kawalpemilu.org#66757,"TALAWAAN ATAS, WORI, MINAHASA UTARA, SULAWESI UTARA",2,165,8,173
https://kawalpemilu.org#66757,"TALAWAAN ATAS, WORI, MINAHASA UTARA, SULAWESI UTARA",3,159,14,173
https://kawalpemilu.org#66758,"BUDO, WORI, MINAHASA UTARA, SULAWESI UTARA",1,196,6,202
https://kawalpemilu.org#66758,"BUDO, WORI, MINAHASA UTARA, SULAWESI UTARA",2,173,7,180
https://kawalpemilu.org#66758,"BUDO, WORI, MINAHASA UTARA, SULAWESI UTARA",3,177,11,188
https://kawalpemilu.org#66759,"DARUNU, WORI, MINAHASA UTARA, SULAWESI UTARA",1,193,10,203
https://kawalpemilu.org#66759,"DARUNU, WORI, MINAHASA UTARA, SULAWESI UTARA",2,190,20,210
https://kawalpemilu.org#66759,"DARUNU, WORI, MINAHASA UTARA, SULAWESI UTARA",3,168,9,177
https://kawalpemilu.org#66760,"MANTEHAGE III TINONGKO, WORI, MINAHASA UTARA, SULAWESI UTARA",1,150,7,157
https://kawalpemilu.org#66760,"MANTEHAGE III TINONGKO, WORI, MINAHASA UTARA, SULAWESI UTARA",2,128,21,149
https://kawalpemilu.org#66761,"NAIN, WORI, MINAHASA UTARA, SULAWESI UTARA",1,81,102,183
https://kawalpemilu.org#66761,"NAIN, WORI, MINAHASA UTARA, SULAWESI UTARA",2,103,92,195
https://kawalpemilu.org#66761,"NAIN, WORI, MINAHASA UTARA, SULAWESI UTARA",3,53,127,180
https://kawalpemilu.org#66761,"NAIN, WORI, MINAHASA UTARA, SULAWESI UTARA",4,72,107,179
https://kawalpemilu.org#66761,"NAIN, WORI, MINAHASA UTARA, SULAWESI UTARA",5,66,84,150
https://kawalpemilu.org#66761,"NAIN, WORI, MINAHASA UTARA, SULAWESI UTARA",6,87,114,201
https://kawalpemilu.org#66762,"MANTEHAGE/BUHIAS, WORI, MINAHASA UTARA, SULAWESI UTARA",1,207,9,216
https://kawalpemilu.org#66762,"MANTEHAGE/BUHIAS, WORI, MINAHASA UTARA, SULAWESI UTARA",2,190,9,199
https://kawalpemilu.org#66763,"MANTEHAGE/BANGO, WORI, MINAHASA UTARA, SULAWESI UTARA",1,105,31,136
https://kawalpemilu.org#66763,"MANTEHAGE/BANGO, WORI, MINAHASA UTARA, SULAWESI UTARA",2,138,10,148
https://kawalpemilu.org#66764,"MANTEHAGE II TANGKASI, WORI, MINAHASA UTARA, SULAWESI UTARA",1,126,46,172
https://kawalpemilu.org#66765,"KULU, WORI, MINAHASA UTARA, SULAWESI UTARA",1,232,16,248
https://kawalpemilu.org#66765,"KULU, WORI, MINAHASA UTARA, SULAWESI UTARA",2,218,24,242
https://kawalpemilu.org#66765,"KULU, WORI, MINAHASA UTARA, SULAWESI UTARA",3,200,33,233
https://kawalpemilu.org#66766,"BULO, WORI, MINAHASA UTARA, SULAWESI UTARA",1,158,9,167
https://kawalpemilu.org#66766,"BULO, WORI, MINAHASA UTARA, SULAWESI UTARA",2,156,31,187
https://kawalpemilu.org#66766,"BULO, WORI, MINAHASA UTARA, SULAWESI UTARA",3,144,33,177
https://kawalpemilu.org#66767,"LANSA, WORI, MINAHASA UTARA, SULAWESI UTARA",1,232,24,256
https://kawalpemilu.org#66767,"LANSA, WORI, MINAHASA UTARA, SULAWESI UTARA",2,216,24,240
https://kawalpemilu.org#66767,"LANSA, WORI, MINAHASA UTARA, SULAWESI UTARA",3,253,13,266
https://kawalpemilu.org#66767,"LANSA, WORI, MINAHASA UTARA, SULAWESI UTARA",4,122,9,131
https://kawalpemilu.org#66768,"LANTUNG, WORI, MINAHASA UTARA, SULAWESI UTARA",1,181,37,218
https://kawalpemilu.org#66768,"LANTUNG, WORI, MINAHASA UTARA, SULAWESI UTARA",2,196,48,244
https://kawalpemilu.org#66769,"PONTOH, WORI, MINAHASA UTARA, SULAWESI UTARA",1,201,10,211
https://kawalpemilu.org#66769,"PONTOH, WORI, MINAHASA UTARA, SULAWESI UTARA",2,204,13,217
https://kawalpemilu.org#66770,"MINAESA, WORI, MINAHASA UTARA, SULAWESI UTARA",1,86,119,205
https://kawalpemilu.org#66770,"MINAESA, WORI, MINAHASA UTARA, SULAWESI UTARA",2,67,120,187
https://kawalpemilu.org#66770,"MINAESA, WORI, MINAHASA UTARA, SULAWESI UTARA",3,90,121,211
https://kawalpemilu.org#66770,"MINAESA, WORI, MINAHASA UTARA, SULAWESI UTARA",4,96,136,234
https://kawalpemilu.org#66771,"NAIN TATAMPI, WORI, MINAHASA UTARA, SULAWESI UTARA",1,120,11,131
https://kawalpemilu.org#66771,"NAIN TATAMPI, WORI, MINAHASA UTARA, SULAWESI UTARA",2,134,6,140
https://kawalpemilu.org#89930,"NAIN  SATU, WORI, MINAHASA UTARA, SULAWESI UTARA",1,180,0,180
https://kawalpemilu.org#89930,"NAIN  SATU, WORI, MINAHASA UTARA, SULAWESI UTARA",2,182,3,185
https://kawalpemilu.org#66773,"MATUNGKAS, DIMEMBE, MINAHASA UTARA, SULAWESI UTARA",1,204,11,215
https://kawalpemilu.org#66773,"MATUNGKAS, DIMEMBE, MINAHASA UTARA, SULAWESI UTARA",2,191,17,208
https://kawalpemilu.org#66773,"MATUNGKAS, DIMEMBE, MINAHASA UTARA, SULAWESI UTARA",3,204,9,213
https://kawalpemilu.org#66773,"MATUNGKAS, DIMEMBE, MINAHASA UTARA, SULAWESI UTARA",4,184,5,189
https://kawalpemilu.org#66773,"MATUNGKAS, DIMEMBE, MINAHASA UTARA, SULAWESI UTARA",5,200,12,212
https://kawalpemilu.org#66773,"MATUNGKAS, DIMEMBE, MINAHASA UTARA, SULAWESI UTARA",6,173,29,202
https://kawalpemilu.org#66773,"MATUNGKAS, DIMEMBE, MINAHASA UTARA, SULAWESI UTARA",7,188,15,203
https://kawalpemilu.org#66773,"MATUNGKAS, DIMEMBE, MINAHASA UTARA, SULAWESI UTARA",8,173,26,199
https://kawalpemilu.org#66773,"MATUNGKAS, DIMEMBE, MINAHASA UTARA, SULAWESI UTARA",9,215,11,226
https://kawalpemilu.org#66773,"MATUNGKAS, DIMEMBE, MINAHASA UTARA, SULAWESI UTARA",10,235,14,249
https://kawalpemilu.org#66773,"MATUNGKAS, DIMEMBE, MINAHASA UTARA, SULAWESI UTARA",11,231,20,251
https://kawalpemilu.org#66773,"MATUNGKAS, DIMEMBE, MINAHASA UTARA, SULAWESI UTARA",12,197,24,221
https://kawalpemilu.org#66773,"MATUNGKAS, DIMEMBE, MINAHASA UTARA, SULAWESI UTARA",13,204,16,220
https://kawalpemilu.org#66773,"MATUNGKAS, DIMEMBE, MINAHASA UTARA, SULAWESI UTARA",14,134,20,154
https://kawalpemilu.org#66774,"LAIKIT, DIMEMBE, MINAHASA UTARA, SULAWESI UTARA",1,211,12,223
https://kawalpemilu.org#66774,"LAIKIT, DIMEMBE, MINAHASA UTARA, SULAWESI UTARA",2,191,22,213
https://kawalpemilu.org#66774,"LAIKIT, DIMEMBE, MINAHASA UTARA, SULAWESI UTARA",3,161,17,178
https://kawalpemilu.org#66774,"LAIKIT, DIMEMBE, MINAHASA UTARA, SULAWESI UTARA",4,180,3,183
https://kawalpemilu.org#66774,"LAIKIT, DIMEMBE, MINAHASA UTARA, SULAWESI UTARA",5,144,16,160
https://kawalpemilu.org#66774,"LAIKIT, DIMEMBE, MINAHASA UTARA, SULAWESI UTARA",6,195,25,220
https://kawalpemilu.org#66774,"LAIKIT, DIMEMBE, MINAHASA UTARA, SULAWESI UTARA",7,188,22,210
https://kawalpemilu.org#66774,"LAIKIT, DIMEMBE, MINAHASA UTARA, SULAWESI UTARA",8,124,21,145
https://kawalpemilu.org#66774,"LAIKIT, DIMEMBE, MINAHASA UTARA, SULAWESI UTARA",9,140,18,158
https://kawalpemilu.org#66775,"KLABAT, DIMEMBE, MINAHASA UTARA, SULAWESI UTARA",1,89,137,226
https://kawalpemilu.org#66775,"KLABAT, DIMEMBE, MINAHASA UTARA, SULAWESI UTARA",2,127,97,224
https://kawalpemilu.org#66775,"KLABAT, DIMEMBE, MINAHASA UTARA, SULAWESI UTARA",3,176,38,214
https://kawalpemilu.org#66775,"KLABAT, DIMEMBE, MINAHASA UTARA, SULAWESI UTARA",4,170,35,205
https://kawalpemilu.org#66775,"KLABAT, DIMEMBE, MINAHASA UTARA, SULAWESI UTARA",5,191,39,230
https://kawalpemilu.org#66775,"KLABAT, DIMEMBE, MINAHASA UTARA, SULAWESI UTARA",6,193,21,214
https://kawalpemilu.org#66775,"KLABAT, DIMEMBE, MINAHASA UTARA, SULAWESI UTARA",7,164,42,206
https://kawalpemilu.org#66776,"PINILIH, DIMEMBE, MINAHASA UTARA, SULAWESI UTARA",1,204,20,224
https://kawalpemilu.org#66776,"PINILIH, DIMEMBE, MINAHASA UTARA, SULAWESI UTARA",2,228,28,256
https://kawalpemilu.org#66776,"PINILIH, DIMEMBE, MINAHASA UTARA, SULAWESI UTARA",3,209,15,224
https://kawalpemilu.org#66776,"PINILIH, DIMEMBE, MINAHASA UTARA, SULAWESI UTARA",4,207,13,220
https://kawalpemilu.org#66777,"TATELU, DIMEMBE, MINAHASA UTARA, SULAWESI UTARA",1,198,10,208
https://kawalpemilu.org#66777,"TATELU, DIMEMBE, MINAHASA UTARA, SULAWESI UTARA",2,197,16,213
https://kawalpemilu.org#66777,"TATELU, DIMEMBE, MINAHASA UTARA, SULAWESI UTARA",3,205,12,217
https://kawalpemilu.org#66777,"TATELU, DIMEMBE, MINAHASA UTARA, SULAWESI UTARA",4,208,21,229
https://kawalpemilu.org#66777,"TATELU, DIMEMBE, MINAHASA UTARA, SULAWESI UTARA",5,196,23,219
https://kawalpemilu.org#66777,"TATELU, DIMEMBE, MINAHASA UTARA, SULAWESI UTARA",6,215,28,243
https://kawalpemilu.org#66777,"TATELU, DIMEMBE, MINAHASA UTARA, SULAWESI UTARA",7,251,44,295
https://kawalpemilu.org#66777,"TATELU, DIMEMBE, MINAHASA UTARA, SULAWESI UTARA",8,199,16,215
https://kawalpemilu.org#66777,"TATELU, DIMEMBE, MINAHASA UTARA, SULAWESI UTARA",9,138,29,167
https://kawalpemilu.org#66778,"WARUKAPAS, DIMEMBE, MINAHASA UTARA, SULAWESI UTARA",1,185,28,213
https://kawalpemilu.org#66778,"WARUKAPAS, DIMEMBE, MINAHASA UTARA, SULAWESI UTARA",2,189,32,221
https://kawalpemilu.org#66778,"WARUKAPAS, DIMEMBE, MINAHASA UTARA, SULAWESI UTARA",3,187,32,219
https://kawalpemilu.org#66778,"WARUKAPAS, DIMEMBE, MINAHASA UTARA, SULAWESI UTARA",4,177,29,206
https://kawalpemilu.org#66778,"WARUKAPAS, DIMEMBE, MINAHASA UTARA, SULAWESI UTARA",5,196,12,208
https://kawalpemilu.org#66778,"WARUKAPAS, DIMEMBE, MINAHASA UTARA, SULAWESI UTARA",6,170,30,200
https://kawalpemilu.org#66778,"WARUKAPAS, DIMEMBE, MINAHASA UTARA, SULAWESI UTARA",7,190,50,240
https://kawalpemilu.org#66778,"WARUKAPAS, DIMEMBE, MINAHASA UTARA, SULAWESI UTARA",8,219,20,239
https://kawalpemilu.org#66778,"WARUKAPAS, DIMEMBE, MINAHASA UTARA, SULAWESI UTARA",9,160,46,206
https://kawalpemilu.org#66779,"TETEY, DIMEMBE, MINAHASA UTARA, SULAWESI UTARA",1,136,18,154
https://kawalpemilu.org#66779,"TETEY, DIMEMBE, MINAHASA UTARA, SULAWESI UTARA",2,168,18,186
https://kawalpemilu.org#66779,"TETEY, DIMEMBE, MINAHASA UTARA, SULAWESI UTARA",3,207,28,235
https://kawalpemilu.org#66779,"TETEY, DIMEMBE, MINAHASA UTARA, SULAWESI UTARA",4,141,15,156
https://kawalpemilu.org#66779,"TETEY, DIMEMBE, MINAHASA UTARA, SULAWESI UTARA",5,132,8,140
https://kawalpemilu.org#66780,"WASIAN, DIMEMBE, MINAHASA UTARA, SULAWESI UTARA",1,180,26,206
https://kawalpemilu.org#66780,"WASIAN, DIMEMBE, MINAHASA UTARA, SULAWESI UTARA",2,192,36,228
https://kawalpemilu.org#66780,"WASIAN, DIMEMBE, MINAHASA UTARA, SULAWESI UTARA",3,195,28,223
https://kawalpemilu.org#66780,"WASIAN, DIMEMBE, MINAHASA UTARA, SULAWESI UTARA",4,170,22,0
https://kawalpemilu.org#66780,"WASIAN, DIMEMBE, MINAHASA UTARA, SULAWESI UTARA",5,194,17,211
https://kawalpemilu.org#66780,"WASIAN, DIMEMBE, MINAHASA UTARA, SULAWESI UTARA",6,160,10,170
https://kawalpemilu.org#66780,"WASIAN, DIMEMBE, MINAHASA UTARA, SULAWESI UTARA",7,158,18,176
https://kawalpemilu.org#66780,"WASIAN, DIMEMBE, MINAHASA UTARA, SULAWESI UTARA",8,156,29,185
https://kawalpemilu.org#66780,"WASIAN, DIMEMBE, MINAHASA UTARA, SULAWESI UTARA",9,178,31,209
https://kawalpemilu.org#66781,"LUMPIAS, DIMEMBE, MINAHASA UTARA, SULAWESI UTARA",1,162,34,196
https://kawalpemilu.org#66781,"LUMPIAS, DIMEMBE, MINAHASA UTARA, SULAWESI UTARA",2,179,31,210
https://kawalpemilu.org#66781,"LUMPIAS, DIMEMBE, MINAHASA UTARA, SULAWESI UTARA",3,201,24,225
https://kawalpemilu.org#66781,"LUMPIAS, DIMEMBE, MINAHASA UTARA, SULAWESI UTARA",4,182,27,209
https://kawalpemilu.org#66782,"DIMEMBE, DIMEMBE, MINAHASA UTARA, SULAWESI UTARA",1,250,14,264
https://kawalpemilu.org#66782,"DIMEMBE, DIMEMBE, MINAHASA UTARA, SULAWESI UTARA",2,219,18,237
https://kawalpemilu.org#66782,"DIMEMBE, DIMEMBE, MINAHASA UTARA, SULAWESI UTARA",3,195,18,213
https://kawalpemilu.org#66782,"DIMEMBE, DIMEMBE, MINAHASA UTARA, SULAWESI UTARA",4,175,17,191
https://kawalpemilu.org#66782,"DIMEMBE, DIMEMBE, MINAHASA UTARA, SULAWESI UTARA",5,201,15,216
https://kawalpemilu.org#66782,"DIMEMBE, DIMEMBE, MINAHASA UTARA, SULAWESI UTARA",6,146,9,155
https://kawalpemilu.org#66782,"DIMEMBE, DIMEMBE, MINAHASA UTARA, SULAWESI UTARA",7,211,16,227
https://kawalpemilu.org#66783,"TATELU RONDOR, DIMEMBE, MINAHASA UTARA, SULAWESI UTARA",1,220,17,237
https://kawalpemilu.org#66783,"TATELU RONDOR, DIMEMBE, MINAHASA UTARA, SULAWESI UTARA",2,220,15,235
https://kawalpemilu.org#66783,"TATELU RONDOR, DIMEMBE, MINAHASA UTARA, SULAWESI UTARA",3,196,24,220
https://kawalpemilu.org#66785,"GANGGA I, LIKUPANG BARAT, MINAHASA UTARA, SULAWESI UTARA",1,235,7,242
https://kawalpemilu.org#66785,"GANGGA I, LIKUPANG BARAT, MINAHASA UTARA, SULAWESI UTARA",2,210,9,219
https://kawalpemilu.org#66785,"GANGGA I, LIKUPANG BARAT, MINAHASA UTARA, SULAWESI UTARA",3,221,2,223
https://kawalpemilu.org#66785,"GANGGA I, LIKUPANG BARAT, MINAHASA UTARA, SULAWESI UTARA",4,209,5,214
https://kawalpemilu.org#66785,"GANGGA I, LIKUPANG BARAT, MINAHASA UTARA, SULAWESI UTARA",5,202,5,207
https://kawalpemilu.org#66786,"GANGGA II, LIKUPANG BARAT, MINAHASA UTARA, SULAWESI UTARA",1,73,89,162
https://kawalpemilu.org#66786,"GANGGA II, LIKUPANG BARAT, MINAHASA UTARA, SULAWESI UTARA",2,82,99,181
https://kawalpemilu.org#66786,"GANGGA II, LIKUPANG BARAT, MINAHASA UTARA, SULAWESI UTARA",3,92,49,139
https://kawalpemilu.org#66787,"TALISE, LIKUPANG BARAT, MINAHASA UTARA, SULAWESI UTARA",1,157,17,174
https://kawalpemilu.org#66787,"TALISE, LIKUPANG BARAT, MINAHASA UTARA, SULAWESI UTARA",2,188,22,210
https://kawalpemilu.org#66788,"AIRBANUA, LIKUPANG BARAT, MINAHASA UTARA, SULAWESI UTARA",1,191,4,195
https://kawalpemilu.org#66788,"AIRBANUA, LIKUPANG BARAT, MINAHASA UTARA, SULAWESI UTARA",2,165,4,169
https://kawalpemilu.org#66789,"PALAES, LIKUPANG BARAT, MINAHASA UTARA, SULAWESI UTARA",1,163,21,184
https://kawalpemilu.org#66789,"PALAES, LIKUPANG BARAT, MINAHASA UTARA, SULAWESI UTARA",2,167,31,198
https://kawalpemilu.org#66789,"PALAES, LIKUPANG BARAT, MINAHASA UTARA, SULAWESI UTARA",3,168,38,206
https://kawalpemilu.org#66789,"PALAES, LIKUPANG BARAT, MINAHASA UTARA, SULAWESI UTARA",4,101,86,187
https://kawalpemilu.org#66790,"MALIAMBAO, LIKUPANG BARAT, MINAHASA UTARA, SULAWESI UTARA",1,206,29,235
https://kawalpemilu.org#66790,"MALIAMBAO, LIKUPANG BARAT, MINAHASA UTARA, SULAWESI UTARA",2,206,23,229
https://kawalpemilu.org#66790,"MALIAMBAO, LIKUPANG BARAT, MINAHASA UTARA, SULAWESI UTARA",3,207,15,222
https://kawalpemilu.org#66791,"TERMAAL, LIKUPANG BARAT, MINAHASA UTARA, SULAWESI UTARA",1,141,64,205
https://kawalpemilu.org#66791,"TERMAAL, LIKUPANG BARAT, MINAHASA UTARA, SULAWESI UTARA",2,190,21,211
https://kawalpemilu.org#66791,"TERMAAL, LIKUPANG BARAT, MINAHASA UTARA, SULAWESI UTARA",3,141,33,174
https://kawalpemilu.org#66792,"PAPUTUNGAN, LIKUPANG BARAT, MINAHASA UTARA, SULAWESI UTARA",1,191,2,193
https://kawalpemilu.org#66792,"PAPUTUNGAN, LIKUPANG BARAT, MINAHASA UTARA, SULAWESI UTARA",2,166,7,173
https://kawalpemilu.org#66792,"PAPUTUNGAN, LIKUPANG BARAT, MINAHASA UTARA, SULAWESI UTARA",3,180,7,187
https://kawalpemilu.org#66793,"JAYAKARSA, LIKUPANG BARAT, MINAHASA UTARA, SULAWESI UTARA",1,180,11,191
https://kawalpemilu.org#66793,"JAYAKARSA, LIKUPANG BARAT, MINAHASA UTARA, SULAWESI UTARA",2,213,11,224
https://kawalpemilu.org#66793,"JAYAKARSA, LIKUPANG BARAT, MINAHASA UTARA, SULAWESI UTARA",3,205,31,236
https://kawalpemilu.org#66794,"TANAH PUTIH, LIKUPANG BARAT, MINAHASA UTARA, SULAWESI UTARA",1,183,11,194
https://kawalpemilu.org#66794,"TANAH PUTIH, LIKUPANG BARAT, MINAHASA UTARA, SULAWESI UTARA",2,202,16,218
https://kawalpemilu.org#66794,"TANAH PUTIH, LIKUPANG BARAT, MINAHASA UTARA, SULAWESI UTARA",3,181,12,193
https://kawalpemilu.org#66795,"BAHOI, LIKUPANG BARAT, MINAHASA UTARA, SULAWESI UTARA",1,157,11,168
https://kawalpemilu.org#66795,"BAHOI, LIKUPANG BARAT, MINAHASA UTARA, SULAWESI UTARA",2,185,15,200
https://kawalpemilu.org#66796,"TARABITAN, LIKUPANG BARAT, MINAHASA UTARA, SULAWESI UTARA",1,240,36,276
https://kawalpemilu.org#66796,"TARABITAN, LIKUPANG BARAT, MINAHASA UTARA, SULAWESI UTARA",2,193,23,216
https://kawalpemilu.org#66796,"TARABITAN, LIKUPANG BARAT, MINAHASA UTARA, SULAWESI UTARA",3,201,25,226
https://kawalpemilu.org#66797,"SEREI, LIKUPANG BARAT, MINAHASA UTARA, SULAWESI UTARA",1,190,8,198
https://kawalpemilu.org#66797,"SEREI, LIKUPANG BARAT, MINAHASA UTARA, SULAWESI UTARA",2,182,25,208
https://kawalpemilu.org#66797,"SEREI, LIKUPANG BARAT, MINAHASA UTARA, SULAWESI UTARA",3,169,16,185
https://kawalpemilu.org#66797,"SEREI, LIKUPANG BARAT, MINAHASA UTARA, SULAWESI UTARA",4,199,20,219
https://kawalpemilu.org#66797,"SEREI, LIKUPANG BARAT, MINAHASA UTARA, SULAWESI UTARA",5,180,15,195
https://kawalpemilu.org#66798,"SONSILO, LIKUPANG BARAT, MINAHASA UTARA, SULAWESI UTARA",1,140,25,165
https://kawalpemilu.org#66798,"SONSILO, LIKUPANG BARAT, MINAHASA UTARA, SULAWESI UTARA",2,167,25,192
https://kawalpemilu.org#66798,"SONSILO, LIKUPANG BARAT, MINAHASA UTARA, SULAWESI UTARA",3,174,21,195
https://kawalpemilu.org#66799,"MUBUNE, LIKUPANG BARAT, MINAHASA UTARA, SULAWESI UTARA",1,180,4,184
https://kawalpemilu.org#66799,"MUBUNE, LIKUPANG BARAT, MINAHASA UTARA, SULAWESI UTARA",2,138,6,144
https://kawalpemilu.org#66800,"MUNTE, LIKUPANG BARAT, MINAHASA UTARA, SULAWESI UTARA",1,121,120,241
https://kawalpemilu.org#66800,"MUNTE, LIKUPANG BARAT, MINAHASA UTARA, SULAWESI UTARA",2,98,131,229
https://kawalpemilu.org#66800,"MUNTE, LIKUPANG BARAT, MINAHASA UTARA, SULAWESI UTARA",3,98,78,176
https://kawalpemilu.org#66800,"MUNTE, LIKUPANG BARAT, MINAHASA UTARA, SULAWESI UTARA",4,94,67,161
https://kawalpemilu.org#66800,"MUNTE, LIKUPANG BARAT, MINAHASA UTARA, SULAWESI UTARA",5,167,20,187
https://kawalpemilu.org#66801,"BULUTUI, LIKUPANG BARAT, MINAHASA UTARA, SULAWESI UTARA",1,108,83,191
https://kawalpemilu.org#66801,"BULUTUI, LIKUPANG BARAT, MINAHASA UTARA, SULAWESI UTARA",2,118,115,233
https://kawalpemilu.org#66802,"WAWUNIAN, LIKUPANG BARAT, MINAHASA UTARA, SULAWESI UTARA",1,97,7,104
https://kawalpemilu.org#66802,"WAWUNIAN, LIKUPANG BARAT, MINAHASA UTARA, SULAWESI UTARA",2,152,19,171
https://kawalpemilu.org#89931,"TAMBUN, LIKUPANG BARAT, MINAHASA UTARA, SULAWESI UTARA",1,231,17,248
https://kawalpemilu.org#89931,"TAMBUN, LIKUPANG BARAT, MINAHASA UTARA, SULAWESI UTARA",2,175,11,186
https://kawalpemilu.org#89932,"KINABUHUTAN, LIKUPANG BARAT, MINAHASA UTARA, SULAWESI UTARA",1,80,130,210
https://kawalpemilu.org#89932,"KINABUHUTAN, LIKUPANG BARAT, MINAHASA UTARA, SULAWESI UTARA",2,77,151,228
https://kawalpemilu.org#89932,"KINABUHUTAN, LIKUPANG BARAT, MINAHASA UTARA, SULAWESI UTARA",3,105,133,238
https://kawalpemilu.org#66804,"LIKUPANG I, LIKUPANG TIMUR, MINAHASA UTARA, SULAWESI UTARA",1,223,23,246
https://kawalpemilu.org#66804,"LIKUPANG I, LIKUPANG TIMUR, MINAHASA UTARA, SULAWESI UTARA",3,192,17,209
https://kawalpemilu.org#66804,"LIKUPANG I, LIKUPANG TIMUR, MINAHASA UTARA, SULAWESI UTARA",4,220,22,242
https://kawalpemilu.org#66804,"LIKUPANG I, LIKUPANG TIMUR, MINAHASA UTARA, SULAWESI UTARA",5,209,14,223
https://kawalpemilu.org#66804,"LIKUPANG I, LIKUPANG TIMUR, MINAHASA UTARA, SULAWESI UTARA",6,246,7,253
https://kawalpemilu.org#66805,"LIKUPANG II, LIKUPANG TIMUR, MINAHASA UTARA, SULAWESI UTARA",1,181,48,229
https://kawalpemilu.org#66805,"LIKUPANG II, LIKUPANG TIMUR, MINAHASA UTARA, SULAWESI UTARA",2,162,66,228
https://kawalpemilu.org#66805,"LIKUPANG II, LIKUPANG TIMUR, MINAHASA UTARA, SULAWESI UTARA",3,182,87,0
https://kawalpemilu.org#66805,"LIKUPANG II, LIKUPANG TIMUR, MINAHASA UTARA, SULAWESI UTARA",4,152,68,220
https://kawalpemilu.org#66805,"LIKUPANG II, LIKUPANG TIMUR, MINAHASA UTARA, SULAWESI UTARA",5,185,77,262
https://kawalpemilu.org#66805,"LIKUPANG II, LIKUPANG TIMUR, MINAHASA UTARA, SULAWESI UTARA",6,170,91,261
https://kawalpemilu.org#66805,"LIKUPANG II, LIKUPANG TIMUR, MINAHASA UTARA, SULAWESI UTARA",7,175,74,249
https://kawalpemilu.org#66805,"LIKUPANG II, LIKUPANG TIMUR, MINAHASA UTARA, SULAWESI UTARA",8,190,70,260
https://kawalpemilu.org#66806,"SARAWET, LIKUPANG TIMUR, MINAHASA UTARA, SULAWESI UTARA",1,184,19,203
https://kawalpemilu.org#66806,"SARAWET, LIKUPANG TIMUR, MINAHASA UTARA, SULAWESI UTARA",2,69,85,154
https://kawalpemilu.org#66806,"SARAWET, LIKUPANG TIMUR, MINAHASA UTARA, SULAWESI UTARA",3,81,81,162
https://kawalpemilu.org#66806,"SARAWET, LIKUPANG TIMUR, MINAHASA UTARA, SULAWESI UTARA",4,144,42,186
https://kawalpemilu.org#66807,"WINERU, LIKUPANG TIMUR, MINAHASA UTARA, SULAWESI UTARA",1,156,30,186
https://kawalpemilu.org#66807,"WINERU, LIKUPANG TIMUR, MINAHASA UTARA, SULAWESI UTARA",2,109,28,137
https://kawalpemilu.org#66807,"WINERU, LIKUPANG TIMUR, MINAHASA UTARA, SULAWESI UTARA",3,160,39,199
https://kawalpemilu.org#66807,"WINERU, LIKUPANG TIMUR, MINAHASA UTARA, SULAWESI UTARA",4,156,40,196
https://kawalpemilu.org#66808,"MAEN, LIKUPANG TIMUR, MINAHASA UTARA, SULAWESI UTARA",1,125,79,204
https://kawalpemilu.org#66808,"MAEN, LIKUPANG TIMUR, MINAHASA UTARA, SULAWESI UTARA",2,126,81,207
https://kawalpemilu.org#66808,"MAEN, LIKUPANG TIMUR, MINAHASA UTARA, SULAWESI UTARA",3,157,67,224
https://kawalpemilu.org#66808,"MAEN, LIKUPANG TIMUR, MINAHASA UTARA, SULAWESI UTARA",4,198,35,233
https://kawalpemilu.org#66809,"WINURI, LIKUPANG TIMUR, MINAHASA UTARA, SULAWESI UTARA",1,256,18,274
https://kawalpemilu.org#66809,"WINURI, LIKUPANG TIMUR, MINAHASA UTARA, SULAWESI UTARA",2,226,15,241
https://kawalpemilu.org#66809,"WINURI, LIKUPANG TIMUR, MINAHASA UTARA, SULAWESI UTARA",3,200,12,212
https://kawalpemilu.org#66809,"WINURI, LIKUPANG TIMUR, MINAHASA UTARA, SULAWESI UTARA",4,221,4,225
https://kawalpemilu.org#66810,"MARINSOW, LIKUPANG TIMUR, MINAHASA UTARA, SULAWESI UTARA",1,233,7,240
https://kawalpemilu.org#66810,"MARINSOW, LIKUPANG TIMUR, MINAHASA UTARA, SULAWESI UTARA",2,261,3,264
https://kawalpemilu.org#66811,"PULISAN, LIKUPANG TIMUR, MINAHASA UTARA, SULAWESI UTARA",1,205,7,212
https://kawalpemilu.org#66811,"PULISAN, LIKUPANG TIMUR, MINAHASA UTARA, SULAWESI UTARA",2,68,3,71
https://kawalpemilu.org#66812,"KALINAUN, LIKUPANG TIMUR, MINAHASA UTARA, SULAWESI UTARA",1,203,13,216
https://kawalpemilu.org#66812,"KALINAUN, LIKUPANG TIMUR, MINAHASA UTARA, SULAWESI UTARA",2,232,13,245
https://kawalpemilu.org#66812,"KALINAUN, LIKUPANG TIMUR, MINAHASA UTARA, SULAWESI UTARA",3,254,7,261
https://kawalpemilu.org#66812,"KALINAUN, LIKUPANG TIMUR, MINAHASA UTARA, SULAWESI UTARA",4,216,10,226
https://kawalpemilu.org#66813,"RINONDORAN, LIKUPANG TIMUR, MINAHASA UTARA, SULAWESI UTARA",1,173,8,181
https://kawalpemilu.org#66813,"RINONDORAN, LIKUPANG TIMUR, MINAHASA UTARA, SULAWESI UTARA",2,177,14,191
https://kawalpemilu.org#66813,"RINONDORAN, LIKUPANG TIMUR, MINAHASA UTARA, SULAWESI UTARA",3,189,18,207
https://kawalpemilu.org#66813,"RINONDORAN, LIKUPANG TIMUR, MINAHASA UTARA, SULAWESI UTARA",4,187,9,196
https://kawalpemilu.org#66814,"PINENEK, LIKUPANG TIMUR, MINAHASA UTARA, SULAWESI UTARA",1,148,4,152
https://kawalpemilu.org#66814,"PINENEK, LIKUPANG TIMUR, MINAHASA UTARA, SULAWESI UTARA",2,152,9,161
https://kawalpemilu.org#66814,"PINENEK, LIKUPANG TIMUR, MINAHASA UTARA, SULAWESI UTARA",3,138,0,154
https://kawalpemilu.org#66815,"LIHUNU, LIKUPANG TIMUR, MINAHASA UTARA, SULAWESI UTARA",1,133,13,146
https://kawalpemilu.org#66815,"LIHUNU, LIKUPANG TIMUR, MINAHASA UTARA, SULAWESI UTARA",2,212,13,225
https://kawalpemilu.org#66815,"LIHUNU, LIKUPANG TIMUR, MINAHASA UTARA, SULAWESI UTARA",3,183,15,198
https://kawalpemilu.org#66815,"LIHUNU, LIKUPANG TIMUR, MINAHASA UTARA, SULAWESI UTARA",4,154,15,169
https://kawalpemilu.org#66816,"KAHUKU, LIKUPANG TIMUR, MINAHASA UTARA, SULAWESI UTARA",1,149,0,149
https://kawalpemilu.org#66816,"KAHUKU, LIKUPANG TIMUR, MINAHASA UTARA, SULAWESI UTARA",2,124,5,129
https://kawalpemilu.org#66817,"LIBAS, LIKUPANG TIMUR, MINAHASA UTARA, SULAWESI UTARA",1,178,8,186
https://kawalpemilu.org#66817,"LIBAS, LIKUPANG TIMUR, MINAHASA UTARA, SULAWESI UTARA",2,125,7,132
https://kawalpemilu.org#66818,"LIKUPANG KAMPUNG AMBONG, LIKUPANG TIMUR, MINAHASA UTARA, SULAWESI UTARA",1,205,45,250
https://kawalpemilu.org#66818,"LIKUPANG KAMPUNG AMBONG, LIKUPANG TIMUR, MINAHASA UTARA, SULAWESI UTARA",2,192,58,250
https://kawalpemilu.org#66818,"LIKUPANG KAMPUNG AMBONG, LIKUPANG TIMUR, MINAHASA UTARA, SULAWESI UTARA",3,209,20,229
https://kawalpemilu.org#66818,"LIKUPANG KAMPUNG AMBONG, LIKUPANG TIMUR, MINAHASA UTARA, SULAWESI UTARA",4,173,22,195
https://kawalpemilu.org#89934,"KINUNANG, LIKUPANG TIMUR, MINAHASA UTARA, SULAWESI UTARA",1,202,9,211
https://kawalpemilu.org#89935,"RESETLEMEN, LIKUPANG TIMUR, MINAHASA UTARA, SULAWESI UTARA",1,151,18,169
https://kawalpemilu.org#89936,"EHE, LIKUPANG TIMUR, MINAHASA UTARA, SULAWESI UTARA",1,172,8,180
https://kawalpemilu.org#89936,"EHE, LIKUPANG TIMUR, MINAHASA UTARA, SULAWESI UTARA",2,147,7,154
https://kawalpemilu.org#66820,"SUWAAN, KALAWAT, MINAHASA UTARA, SULAWESI UTARA",1,199,22,221
https://kawalpemilu.org#66820,"SUWAAN, KALAWAT, MINAHASA UTARA, SULAWESI UTARA",2,207,14,221
https://kawalpemilu.org#66820,"SUWAAN, KALAWAT, MINAHASA UTARA, SULAWESI UTARA",3,232,14,246
https://kawalpemilu.org#66820,"SUWAAN, KALAWAT, MINAHASA UTARA, SULAWESI UTARA",4,232,14,246
https://kawalpemilu.org#66820,"SUWAAN, KALAWAT, MINAHASA UTARA, SULAWESI UTARA",5,211,9,220
https://kawalpemilu.org#66821,"KUWIL, KALAWAT, MINAHASA UTARA, SULAWESI UTARA",1,216,19,235
https://kawalpemilu.org#66821,"KUWIL, KALAWAT, MINAHASA UTARA, SULAWESI UTARA",2,193,17,210
https://kawalpemilu.org#66821,"KUWIL, KALAWAT, MINAHASA UTARA, SULAWESI UTARA",3,201,14,215
https://kawalpemilu.org#66822,"KAWANGKOAN, KALAWAT, MINAHASA UTARA, SULAWESI UTARA",1,153,34,187
https://kawalpemilu.org#66822,"KAWANGKOAN, KALAWAT, MINAHASA UTARA, SULAWESI UTARA",2,221,13,234
https://kawalpemilu.org#66822,"KAWANGKOAN, KALAWAT, MINAHASA UTARA, SULAWESI UTARA",3,200,2,202
https://kawalpemilu.org#66822,"KAWANGKOAN, KALAWAT, MINAHASA UTARA, SULAWESI UTARA",4,227,19,246
https://kawalpemilu.org#66822,"KAWANGKOAN, KALAWAT, MINAHASA UTARA, SULAWESI UTARA",5,173,7,181
https://kawalpemilu.org#66822,"KAWANGKOAN, KALAWAT, MINAHASA UTARA, SULAWESI UTARA",6,233,11,244
https://kawalpemilu.org#66823,"KOLONGAN, KALAWAT, MINAHASA UTARA, SULAWESI UTARA",1,214,20,234
https://kawalpemilu.org#66823,"KOLONGAN, KALAWAT, MINAHASA UTARA, SULAWESI UTARA",2,218,23,241
https://kawalpemilu.org#66823,"KOLONGAN, KALAWAT, MINAHASA UTARA, SULAWESI UTARA",3,219,20,239
https://kawalpemilu.org#66823,"KOLONGAN, KALAWAT, MINAHASA UTARA, SULAWESI UTARA",4,219,27,246
https://kawalpemilu.org#66823,"KOLONGAN, KALAWAT, MINAHASA UTARA, SULAWESI UTARA",5,232,22,254
https://kawalpemilu.org#66823,"KOLONGAN, KALAWAT, MINAHASA UTARA, SULAWESI UTARA",6,227,23,250
https://kawalpemilu.org#66823,"KOLONGAN, KALAWAT, MINAHASA UTARA, SULAWESI UTARA",7,233,23,256
https://kawalpemilu.org#66824,"MAUMBI, KALAWAT, MINAHASA UTARA, SULAWESI UTARA",1,215,20,235
https://kawalpemilu.org#66824,"MAUMBI, KALAWAT, MINAHASA UTARA, SULAWESI UTARA",2,224,27,251
https://kawalpemilu.org#66824,"MAUMBI, KALAWAT, MINAHASA UTARA, SULAWESI UTARA",3,241,12,2
https://kawalpemilu.org#66824,"MAUMBI, KALAWAT, MINAHASA UTARA, SULAWESI UTARA",4,245,13,258
https://kawalpemilu.org#66824,"MAUMBI, KALAWAT, MINAHASA UTARA, SULAWESI UTARA",5,195,12,207
https://kawalpemilu.org#66824,"MAUMBI, KALAWAT, MINAHASA UTARA, SULAWESI UTARA",6,198,11,209
https://kawalpemilu.org#66824,"MAUMBI, KALAWAT, MINAHASA UTARA, SULAWESI UTARA",7,205,17,222
https://kawalpemilu.org#66824,"MAUMBI, KALAWAT, MINAHASA UTARA, SULAWESI UTARA",8,228,17,245
https://kawalpemilu.org#66824,"MAUMBI, KALAWAT, MINAHASA UTARA, SULAWESI UTARA",9,185,18,203
https://kawalpemilu.org#66825,"KALEOSAN, KALAWAT, MINAHASA UTARA, SULAWESI UTARA",1,207,33,240
https://kawalpemilu.org#66825,"KALEOSAN, KALAWAT, MINAHASA UTARA, SULAWESI UTARA",2,211,20,231
https://kawalpemilu.org#66826,"WATUTUMOU, KALAWAT, MINAHASA UTARA, SULAWESI UTARA",1,213,23,236
https://kawalpemilu.org#66826,"WATUTUMOU, KALAWAT, MINAHASA UTARA, SULAWESI UTARA",2,173,31,204
https://kawalpemilu.org#66826,"WATUTUMOU, KALAWAT, MINAHASA UTARA, SULAWESI UTARA",3,162,37,199
https://kawalpemilu.org#66826,"WATUTUMOU, KALAWAT, MINAHASA UTARA, SULAWESI UTARA",4,213,18,231
https://kawalpemilu.org#66826,"WATUTUMOU, KALAWAT, MINAHASA UTARA, SULAWESI UTARA",5,194,13,207
https://kawalpemilu.org#66826,"WATUTUMOU, KALAWAT, MINAHASA UTARA, SULAWESI UTARA",6,155,31,186
https://kawalpemilu.org#66826,"WATUTUMOU, KALAWAT, MINAHASA UTARA, SULAWESI UTARA",7,203,14,217
https://kawalpemilu.org#66826,"WATUTUMOU, KALAWAT, MINAHASA UTARA, SULAWESI UTARA",8,206,36,242
https://kawalpemilu.org#66826,"WATUTUMOU, KALAWAT, MINAHASA UTARA, SULAWESI UTARA",9,103,33,136
https://kawalpemilu.org#66826,"WATUTUMOU, KALAWAT, MINAHASA UTARA, SULAWESI UTARA",10,224,22,246
https://kawalpemilu.org#66826,"WATUTUMOU, KALAWAT, MINAHASA UTARA, SULAWESI UTARA",11,189,14,203
https://kawalpemilu.org#66826,"WATUTUMOU, KALAWAT, MINAHASA UTARA, SULAWESI UTARA",12,135,19,154
https://kawalpemilu.org#66827,"KALAWAT, KALAWAT, MINAHASA UTARA, SULAWESI UTARA",1,208,38,246
https://kawalpemilu.org#66827,"KALAWAT, KALAWAT, MINAHASA UTARA, SULAWESI UTARA",2,157,15,172
https://kawalpemilu.org#66827,"KALAWAT, KALAWAT, MINAHASA UTARA, SULAWESI UTARA",3,194,20,214
https://kawalpemilu.org#66827,"KALAWAT, KALAWAT, MINAHASA UTARA, SULAWESI UTARA",4,172,16,188
https://kawalpemilu.org#66827,"KALAWAT, KALAWAT, MINAHASA UTARA, SULAWESI UTARA",5,172,34,206
https://kawalpemilu.org#66827,"KALAWAT, KALAWAT, MINAHASA UTARA, SULAWESI UTARA",6,168,14,182
https://kawalpemilu.org#66827,"KALAWAT, KALAWAT, MINAHASA UTARA, SULAWESI UTARA",7,173,17,190
https://kawalpemilu.org#66827,"KALAWAT, KALAWAT, MINAHASA UTARA, SULAWESI UTARA",8,168,21,189
https://kawalpemilu.org#66828,"KAWANGKOAN BARU, KALAWAT, MINAHASA UTARA, SULAWESI UTARA",1,211,24,235
https://kawalpemilu.org#66828,"KAWANGKOAN BARU, KALAWAT, MINAHASA UTARA, SULAWESI UTARA",2,207,15,222
https://kawalpemilu.org#66828,"KAWANGKOAN BARU, KALAWAT, MINAHASA UTARA, SULAWESI UTARA",3,174,21,195
https://kawalpemilu.org#66828,"KAWANGKOAN BARU, KALAWAT, MINAHASA UTARA, SULAWESI UTARA",4,198,22,220
https://kawalpemilu.org#66828,"KAWANGKOAN BARU, KALAWAT, MINAHASA UTARA, SULAWESI UTARA",5,196,28,224
https://kawalpemilu.org#66828,"KAWANGKOAN BARU, KALAWAT, MINAHASA UTARA, SULAWESI UTARA",6,180,16,196
https://kawalpemilu.org#66828,"KAWANGKOAN BARU, KALAWAT, MINAHASA UTARA, SULAWESI UTARA",7,198,13,211
https://kawalpemilu.org#66828,"KAWANGKOAN BARU, KALAWAT, MINAHASA UTARA, SULAWESI UTARA",8,223,17,240
https://kawalpemilu.org#66829,"WATUTUMOU DUA, KALAWAT, MINAHASA UTARA, SULAWESI UTARA",1,181,32,213
https://kawalpemilu.org#66829,"WATUTUMOU DUA, KALAWAT, MINAHASA UTARA, SULAWESI UTARA",2,173,18,175
https://kawalpemilu.org#66829,"WATUTUMOU DUA, KALAWAT, MINAHASA UTARA, SULAWESI UTARA",3,239,13,252
https://kawalpemilu.org#66829,"WATUTUMOU DUA, KALAWAT, MINAHASA UTARA, SULAWESI UTARA",4,135,20,155
https://kawalpemilu.org#66829,"WATUTUMOU DUA, KALAWAT, MINAHASA UTARA, SULAWESI UTARA",5,166,24,190
https://kawalpemilu.org#66829,"WATUTUMOU DUA, KALAWAT, MINAHASA UTARA, SULAWESI UTARA",6,184,16,200
https://kawalpemilu.org#66829,"WATUTUMOU DUA, KALAWAT, MINAHASA UTARA, SULAWESI UTARA",7,193,25,218
https://kawalpemilu.org#66829,"WATUTUMOU DUA, KALAWAT, MINAHASA UTARA, SULAWESI UTARA",8,224,16,240
https://kawalpemilu.org#66830,"WATUTUMOU TIGA, KALAWAT, MINAHASA UTARA, SULAWESI UTARA",1,184,18,202
https://kawalpemilu.org#66830,"WATUTUMOU TIGA, KALAWAT, MINAHASA UTARA, SULAWESI UTARA",2,186,21,207
https://kawalpemilu.org#66830,"WATUTUMOU TIGA, KALAWAT, MINAHASA UTARA, SULAWESI UTARA",3,162,30,192
https://kawalpemilu.org#66830,"WATUTUMOU TIGA, KALAWAT, MINAHASA UTARA, SULAWESI UTARA",4,100,35,135
https://kawalpemilu.org#66830,"WATUTUMOU TIGA, KALAWAT, MINAHASA UTARA, SULAWESI UTARA",5,119,17,136
https://kawalpemilu.org#66830,"WATUTUMOU TIGA, KALAWAT, MINAHASA UTARA, SULAWESI UTARA",6,139,38,177
https://kawalpemilu.org#66830,"WATUTUMOU TIGA, KALAWAT, MINAHASA UTARA, SULAWESI UTARA",7,87,70,157
https://kawalpemilu.org#66830,"WATUTUMOU TIGA, KALAWAT, MINAHASA UTARA, SULAWESI UTARA",9,68,45,113
https://kawalpemilu.org#66831,"KOLONGAN TETEMPANGAN, KALAWAT, MINAHASA UTARA, SULAWESI UTARA",1,160,22,182
https://kawalpemilu.org#66831,"KOLONGAN TETEMPANGAN, KALAWAT, MINAHASA UTARA, SULAWESI UTARA",2,178,28,206
https://kawalpemilu.org#66831,"KOLONGAN TETEMPANGAN, KALAWAT, MINAHASA UTARA, SULAWESI UTARA",3,193,13,206
https://kawalpemilu.org#66831,"KOLONGAN TETEMPANGAN, KALAWAT, MINAHASA UTARA, SULAWESI UTARA",4,193,40,233
https://kawalpemilu.org#66831,"KOLONGAN TETEMPANGAN, KALAWAT, MINAHASA UTARA, SULAWESI UTARA",5,183,23,206
https://kawalpemilu.org#66831,"KOLONGAN TETEMPANGAN, KALAWAT, MINAHASA UTARA, SULAWESI UTARA",6,204,15,219
https://kawalpemilu.org#66831,"KOLONGAN TETEMPANGAN, KALAWAT, MINAHASA UTARA, SULAWESI UTARA",7,170,10,180
https://kawalpemilu.org#66831,"KOLONGAN TETEMPANGAN, KALAWAT, MINAHASA UTARA, SULAWESI UTARA",8,172,38,210
https://kawalpemilu.org#66831,"KOLONGAN TETEMPANGAN, KALAWAT, MINAHASA UTARA, SULAWESI UTARA",9,195,20,215
https://kawalpemilu.org#66831,"KOLONGAN TETEMPANGAN, KALAWAT, MINAHASA UTARA, SULAWESI UTARA",10,226,8,234
https://kawalpemilu.org#66831,"KOLONGAN TETEMPANGAN, KALAWAT, MINAHASA UTARA, SULAWESI UTARA",11,133,19,152
https://kawalpemilu.org#66831,"KOLONGAN TETEMPANGAN, KALAWAT, MINAHASA UTARA, SULAWESI UTARA",12,132,17,149
https://kawalpemilu.org#66831,"KOLONGAN TETEMPANGAN, KALAWAT, MINAHASA UTARA, SULAWESI UTARA",13,128,13,141
https://kawalpemilu.org#66833,"PANIKI ATAS, TALAWAAN, MINAHASA UTARA, SULAWESI UTARA",1,100,36,136
https://kawalpemilu.org#66833,"PANIKI ATAS, TALAWAAN, MINAHASA UTARA, SULAWESI UTARA",2,206,23,229
https://kawalpemilu.org#66833,"PANIKI ATAS, TALAWAAN, MINAHASA UTARA, SULAWESI UTARA",3,196,8,204
https://kawalpemilu.org#66833,"PANIKI ATAS, TALAWAAN, MINAHASA UTARA, SULAWESI UTARA",4,160,10,170
https://kawalpemilu.org#66833,"PANIKI ATAS, TALAWAAN, MINAHASA UTARA, SULAWESI UTARA",5,121,17,138
https://kawalpemilu.org#66833,"PANIKI ATAS, TALAWAAN, MINAHASA UTARA, SULAWESI UTARA",6,126,25,151
https://kawalpemilu.org#66833,"PANIKI ATAS, TALAWAAN, MINAHASA UTARA, SULAWESI UTARA",7,131,31,162
https://kawalpemilu.org#66833,"PANIKI ATAS, TALAWAAN, MINAHASA UTARA, SULAWESI UTARA",8,166,28,194
https://kawalpemilu.org#66834,"KOLONGAN, TALAWAAN, MINAHASA UTARA, SULAWESI UTARA",1,206,28,234
https://kawalpemilu.org#66834,"KOLONGAN, TALAWAAN, MINAHASA UTARA, SULAWESI UTARA",2,166,18,184
https://kawalpemilu.org#66834,"KOLONGAN, TALAWAAN, MINAHASA UTARA, SULAWESI UTARA",3,192,14,206
https://kawalpemilu.org#66834,"KOLONGAN, TALAWAAN, MINAHASA UTARA, SULAWESI UTARA",4,210,14,224
https://kawalpemilu.org#66834,"KOLONGAN, TALAWAAN, MINAHASA UTARA, SULAWESI UTARA",5,201,13,214
https://kawalpemilu.org#66835,"TALAWAAN, TALAWAAN, MINAHASA UTARA, SULAWESI UTARA",1,176,15,191
https://kawalpemilu.org#66835,"TALAWAAN, TALAWAAN, MINAHASA UTARA, SULAWESI UTARA",2,167,6,173
https://kawalpemilu.org#66835,"TALAWAAN, TALAWAAN, MINAHASA UTARA, SULAWESI UTARA",3,172,16,188
https://kawalpemilu.org#66835,"TALAWAAN, TALAWAAN, MINAHASA UTARA, SULAWESI UTARA",4,197,9,206
https://kawalpemilu.org#66835,"TALAWAAN, TALAWAAN, MINAHASA UTARA, SULAWESI UTARA",5,143,12,155
https://kawalpemilu.org#66835,"TALAWAAN, TALAWAAN, MINAHASA UTARA, SULAWESI UTARA",6,156,21,177
https://kawalpemilu.org#66835,"TALAWAAN, TALAWAAN, MINAHASA UTARA, SULAWESI UTARA",7,151,6,157
https://kawalpemilu.org#66835,"TALAWAAN, TALAWAAN, MINAHASA UTARA, SULAWESI UTARA",8,154,24,178
https://kawalpemilu.org#66835,"TALAWAAN, TALAWAAN, MINAHASA UTARA, SULAWESI UTARA",9,172,25,197
https://kawalpemilu.org#66835,"TALAWAAN, TALAWAAN, MINAHASA UTARA, SULAWESI UTARA",10,113,11,0
https://kawalpemilu.org#66835,"TALAWAAN, TALAWAAN, MINAHASA UTARA, SULAWESI UTARA",11,137,22,159
https://kawalpemilu.org#66836,"MAPANGET, TALAWAAN, MINAHASA UTARA, SULAWESI UTARA",1,160,12,172
https://kawalpemilu.org#66836,"MAPANGET, TALAWAAN, MINAHASA UTARA, SULAWESI UTARA",2,189,15,204
https://kawalpemilu.org#66836,"MAPANGET, TALAWAAN, MINAHASA UTARA, SULAWESI UTARA",3,155,17,177
https://kawalpemilu.org#66836,"MAPANGET, TALAWAAN, MINAHASA UTARA, SULAWESI UTARA",4,163,16,179
https://kawalpemilu.org#66836,"MAPANGET, TALAWAAN, MINAHASA UTARA, SULAWESI UTARA",5,142,13,155
https://kawalpemilu.org#66836,"MAPANGET, TALAWAAN, MINAHASA UTARA, SULAWESI UTARA",6,142,22,164
https://kawalpemilu.org#66836,"MAPANGET, TALAWAAN, MINAHASA UTARA, SULAWESI UTARA",7,139,29,168
https://kawalpemilu.org#66836,"MAPANGET, TALAWAAN, MINAHASA UTARA, SULAWESI UTARA",8,133,19,152
https://kawalpemilu.org#66836,"MAPANGET, TALAWAAN, MINAHASA UTARA, SULAWESI UTARA",9,116,30,146
https://kawalpemilu.org#66836,"MAPANGET, TALAWAAN, MINAHASA UTARA, SULAWESI UTARA",10,147,21,168
https://kawalpemilu.org#66836,"MAPANGET, TALAWAAN, MINAHASA UTARA, SULAWESI UTARA",11,153,25,178
https://kawalpemilu.org#66836,"MAPANGET, TALAWAAN, MINAHASA UTARA, SULAWESI UTARA",12,192,14,206
https://kawalpemilu.org#66836,"MAPANGET, TALAWAAN, MINAHASA UTARA, SULAWESI UTARA",13,165,25,190
https://kawalpemilu.org#66836,"MAPANGET, TALAWAAN, MINAHASA UTARA, SULAWESI UTARA",14,155,8,163
https://kawalpemilu.org#66836,"MAPANGET, TALAWAAN, MINAHASA UTARA, SULAWESI UTARA",15,177,9,186
https://kawalpemilu.org#66836,"MAPANGET, TALAWAAN, MINAHASA UTARA, SULAWESI UTARA",16,89,19,108
https://kawalpemilu.org#66836,"MAPANGET, TALAWAAN, MINAHASA UTARA, SULAWESI UTARA",17,88,22,110
https://kawalpemilu.org#66836,"MAPANGET, TALAWAAN, MINAHASA UTARA, SULAWESI UTARA",18,114,13,127
https://kawalpemilu.org#66836,"MAPANGET, TALAWAAN, MINAHASA UTARA, SULAWESI UTARA",19,78,5,83
https://kawalpemilu.org#66836,"MAPANGET, TALAWAAN, MINAHASA UTARA, SULAWESI UTARA",20,129,23,152
https://kawalpemilu.org#66836,"MAPANGET, TALAWAAN, MINAHASA UTARA, SULAWESI UTARA",21,140,21,161
https://kawalpemilu.org#66836,"MAPANGET, TALAWAAN, MINAHASA UTARA, SULAWESI UTARA",22,130,18,148
https://kawalpemilu.org#66836,"MAPANGET, TALAWAAN, MINAHASA UTARA, SULAWESI UTARA",23,53,11,64
https://kawalpemilu.org#66836,"MAPANGET, TALAWAAN, MINAHASA UTARA, SULAWESI UTARA",24,117,22,139
https://kawalpemilu.org#66836,"MAPANGET, TALAWAAN, MINAHASA UTARA, SULAWESI UTARA",25,138,38,176
https://kawalpemilu.org#66837,"WUSA, TALAWAAN, MINAHASA UTARA, SULAWESI UTARA",1,160,27,187
https://kawalpemilu.org#66837,"WUSA, TALAWAAN, MINAHASA UTARA, SULAWESI UTARA",2,155,14,169
https://kawalpemilu.org#66837,"WUSA, TALAWAAN, MINAHASA UTARA, SULAWESI UTARA",3,159,18,177
https://kawalpemilu.org#66837,"WUSA, TALAWAAN, MINAHASA UTARA, SULAWESI UTARA",4,184,21,205
https://kawalpemilu.org#66838,"WARISA, TALAWAAN, MINAHASA UTARA, SULAWESI UTARA",1,163,28,191
https://kawalpemilu.org#66838,"WARISA, TALAWAAN, MINAHASA UTARA, SULAWESI UTARA",2,154,24,178
https://kawalpemilu.org#66838,"WARISA, TALAWAAN, MINAHASA UTARA, SULAWESI UTARA",3,163,33,196
https://kawalpemilu.org#66839,"TUMBOHON, TALAWAAN, MINAHASA UTARA, SULAWESI UTARA",1,145,19,164
https://kawalpemilu.org#66839,"TUMBOHON, TALAWAAN, MINAHASA UTARA, SULAWESI UTARA",2,139,19,158
https://kawalpemilu.org#66840,"WINETIN, TALAWAAN, MINAHASA UTARA, SULAWESI UTARA",1,177,26,203
https://kawalpemilu.org#66840,"WINETIN, TALAWAAN, MINAHASA UTARA, SULAWESI UTARA",2,157,35,192
https://kawalpemilu.org#66841,"PATOKAAN, TALAWAAN, MINAHASA UTARA, SULAWESI UTARA",1,157,14,171
https://kawalpemilu.org#66841,"PATOKAAN, TALAWAAN, MINAHASA UTARA, SULAWESI UTARA",2,116,22,138
https://kawalpemilu.org#66842,"TEEPWARISA, TALAWAAN, MINAHASA UTARA, SULAWESI UTARA",1,129,38,167
https://kawalpemilu.org#66842,"TEEPWARISA, TALAWAAN, MINAHASA UTARA, SULAWESI UTARA",2,126,29,155
https://kawalpemilu.org#66843,"PANIKI BARU, TALAWAAN, MINAHASA UTARA, SULAWESI UTARA",1,157,21,178
https://kawalpemilu.org#66843,"PANIKI BARU, TALAWAAN, MINAHASA UTARA, SULAWESI UTARA",2,169,19,188
https://kawalpemilu.org#66843,"PANIKI BARU, TALAWAAN, MINAHASA UTARA, SULAWESI UTARA",3,148,27,175
https://kawalpemilu.org#66843,"PANIKI BARU, TALAWAAN, MINAHASA UTARA, SULAWESI UTARA",4,150,17,167
https://kawalpemilu.org#66844,"WARISA KAMPUNG BARU, TALAWAAN, MINAHASA UTARA, SULAWESI UTARA",1,203,35,238
https://kawalpemilu.org#66844,"WARISA KAMPUNG BARU, TALAWAAN, MINAHASA UTARA, SULAWESI UTARA",2,158,55,213
https://kawalpemilu.org#66846,"WANGURER, LIKUPANG SELATAN, MINAHASA UTARA, SULAWESI UTARA",2,112,56,168
https://kawalpemilu.org#66846,"WANGURER, LIKUPANG SELATAN, MINAHASA UTARA, SULAWESI UTARA",3,118,43,161
https://kawalpemilu.org#66847,"KAWERUAN, LIKUPANG SELATAN, MINAHASA UTARA, SULAWESI UTARA",1,169,27,196
https://kawalpemilu.org#66847,"KAWERUAN, LIKUPANG SELATAN, MINAHASA UTARA, SULAWESI UTARA",2,201,34,235
https://kawalpemilu.org#66850,"BATU, LIKUPANG SELATAN, MINAHASA UTARA, SULAWESI UTARA",1,142,25,167
https://kawalpemilu.org#66850,"BATU, LIKUPANG SELATAN, MINAHASA UTARA, SULAWESI UTARA",2,147,27,174
https://kawalpemilu.org#66850,"BATU, LIKUPANG SELATAN, MINAHASA UTARA, SULAWESI UTARA",3,136,44,180
https://kawalpemilu.org#66850,"BATU, LIKUPANG SELATAN, MINAHASA UTARA, SULAWESI UTARA",4,144,27,171
https://kawalpemilu.org#66850,"BATU, LIKUPANG SELATAN, MINAHASA UTARA, SULAWESI UTARA",5,205,12,217
https://kawalpemilu.org#66851,"WEROT, LIKUPANG SELATAN, MINAHASA UTARA, SULAWESI UTARA",1,140,77,217
https://kawalpemilu.org#66851,"WEROT, LIKUPANG SELATAN, MINAHASA UTARA, SULAWESI UTARA",2,159,72,231
https://kawalpemilu.org#66852,"PASLATEN, LIKUPANG SELATAN, MINAHASA UTARA, SULAWESI UTARA",1,159,25,184
https://kawalpemilu.org#66852,"PASLATEN, LIKUPANG SELATAN, MINAHASA UTARA, SULAWESI UTARA",2,182,17,199
https://kawalpemilu.org#66852,"PASLATEN, LIKUPANG SELATAN, MINAHASA UTARA, SULAWESI UTARA",3,155,26,181
https://kawalpemilu.org#85531,"KOKOLEH SATU, LIKUPANG SELATAN, MINAHASA UTARA, SULAWESI UTARA",1,188,54,242
https://kawalpemilu.org#85531,"KOKOLEH SATU, LIKUPANG SELATAN, MINAHASA UTARA, SULAWESI UTARA",2,193,61,254
https://kawalpemilu.org#85532,"KOKOLEH DUA, LIKUPANG SELATAN, MINAHASA UTARA, SULAWESI UTARA",1,127,33,160
https://kawalpemilu.org#85532,"KOKOLEH DUA, LIKUPANG SELATAN, MINAHASA UTARA, SULAWESI UTARA",2,119,39,158
https://kawalpemilu.org#66855,"TOSURAYA, RATAHAN, MINAHASA TENGGARA, SULAWESI UTARA",1,205,16,221
https://kawalpemilu.org#66855,"TOSURAYA, RATAHAN, MINAHASA TENGGARA, SULAWESI UTARA",2,205,15,220
https://kawalpemilu.org#66855,"TOSURAYA, RATAHAN, MINAHASA TENGGARA, SULAWESI UTARA",3,209,26,235
https://kawalpemilu.org#66855,"TOSURAYA, RATAHAN, MINAHASA TENGGARA, SULAWESI UTARA",4,211,18,229
https://kawalpemilu.org#66856,"WAWALI, RATAHAN, MINAHASA TENGGARA, SULAWESI UTARA",1,233,12,245
https://kawalpemilu.org#66856,"WAWALI, RATAHAN, MINAHASA TENGGARA, SULAWESI UTARA",2,232,27,259
https://kawalpemilu.org#66856,"WAWALI, RATAHAN, MINAHASA TENGGARA, SULAWESI UTARA",3,236,27,263
https://kawalpemilu.org#66857,"LOWU DUA, RATAHAN, MINAHASA TENGGARA, SULAWESI UTARA",1,230,30,260
https://kawalpemilu.org#66857,"LOWU DUA, RATAHAN, MINAHASA TENGGARA, SULAWESI UTARA",2,232,33,265
https://kawalpemilu.org#66857,"LOWU DUA, RATAHAN, MINAHASA TENGGARA, SULAWESI UTARA",3,242,24,266
https://kawalpemilu.org#66858,"LOWU SATU, RATAHAN, MINAHASA TENGGARA, SULAWESI UTARA",1,193,15,208
https://kawalpemilu.org#66858,"LOWU SATU, RATAHAN, MINAHASA TENGGARA, SULAWESI UTARA",2,192,35,227
https://kawalpemilu.org#66858,"LOWU SATU, RATAHAN, MINAHASA TENGGARA, SULAWESI UTARA",3,255,23,278
https://kawalpemilu.org#66861,"RASI, RATAHAN, MINAHASA TENGGARA, SULAWESI UTARA",1,217,33,250
https://kawalpemilu.org#66861,"RASI, RATAHAN, MINAHASA TENGGARA, SULAWESI UTARA",2,225,45,270
https://kawalpemilu.org#66861,"RASI, RATAHAN, MINAHASA TENGGARA, SULAWESI UTARA",3,200,40,240
https://kawalpemilu.org#66861,"RASI, RATAHAN, MINAHASA TENGGARA, SULAWESI UTARA",4,163,7,170
https://kawalpemilu.org#85533,"LOWU UTARA, RATAHAN, MINAHASA TENGGARA, SULAWESI UTARA",1,179,3,182
https://kawalpemilu.org#85533,"LOWU UTARA, RATAHAN, MINAHASA TENGGARA, SULAWESI UTARA",2,215,29,244
https://kawalpemilu.org#85533,"LOWU UTARA, RATAHAN, MINAHASA TENGGARA, SULAWESI UTARA",3,229,23,252
https://kawalpemilu.org#85533,"LOWU UTARA, RATAHAN, MINAHASA TENGGARA, SULAWESI UTARA",4,214,16,230
https://kawalpemilu.org#85533,"LOWU UTARA, RATAHAN, MINAHASA TENGGARA, SULAWESI UTARA",5,226,25,251
https://kawalpemilu.org#85534,"NATAAN, RATAHAN, MINAHASA TENGGARA, SULAWESI UTARA",1,163,33,196
https://kawalpemilu.org#85534,"NATAAN, RATAHAN, MINAHASA TENGGARA, SULAWESI UTARA",2,204,39,243
https://kawalpemilu.org#85534,"NATAAN, RATAHAN, MINAHASA TENGGARA, SULAWESI UTARA",3,208,38,246
https://kawalpemilu.org#85534,"NATAAN, RATAHAN, MINAHASA TENGGARA, SULAWESI UTARA",4,213,42,255
https://kawalpemilu.org#85535,"TOSURAYA BARAT, RATAHAN, MINAHASA TENGGARA, SULAWESI UTARA",1,196,38,234
https://kawalpemilu.org#85535,"TOSURAYA BARAT, RATAHAN, MINAHASA TENGGARA, SULAWESI UTARA",2,240,21,261
https://kawalpemilu.org#85535,"TOSURAYA BARAT, RATAHAN, MINAHASA TENGGARA, SULAWESI UTARA",3,244,15,259
https://kawalpemilu.org#85535,"TOSURAYA BARAT, RATAHAN, MINAHASA TENGGARA, SULAWESI UTARA",4,227,12,239
https://kawalpemilu.org#85535,"TOSURAYA BARAT, RATAHAN, MINAHASA TENGGARA, SULAWESI UTARA",5,251,18,269
https://kawalpemilu.org#85536,"TOSURAYA SELATAN, RATAHAN, MINAHASA TENGGARA, SULAWESI UTARA",1,206,16,222
https://kawalpemilu.org#85536,"TOSURAYA SELATAN, RATAHAN, MINAHASA TENGGARA, SULAWESI UTARA",2,196,12,208
https://kawalpemilu.org#85536,"TOSURAYA SELATAN, RATAHAN, MINAHASA TENGGARA, SULAWESI UTARA",3,186,16,202
https://kawalpemilu.org#85537,"WAWALI PASAN, RATAHAN, MINAHASA TENGGARA, SULAWESI UTARA",1,237,19,256
https://kawalpemilu.org#85537,"WAWALI PASAN, RATAHAN, MINAHASA TENGGARA, SULAWESI UTARA",2,224,24,249
https://kawalpemilu.org#85537,"WAWALI PASAN, RATAHAN, MINAHASA TENGGARA, SULAWESI UTARA",3,124,22,146
https://kawalpemilu.org#85538,"RASI SATU, RATAHAN, MINAHASA TENGGARA, SULAWESI UTARA",1,221,29,250
https://kawalpemilu.org#85538,"RASI SATU, RATAHAN, MINAHASA TENGGARA, SULAWESI UTARA",2,230,36,266
https://kawalpemilu.org#85538,"RASI SATU, RATAHAN, MINAHASA TENGGARA, SULAWESI UTARA",3,193,14,207
https://kawalpemilu.org#85538,"RASI SATU, RATAHAN, MINAHASA TENGGARA, SULAWESI UTARA",4,149,33,182
https://kawalpemilu.org#66871,"TATENGESAN, PUSOMAEN, MINAHASA TENGGARA, SULAWESI UTARA",1,221,12,233
https://kawalpemilu.org#66871,"TATENGESAN, PUSOMAEN, MINAHASA TENGGARA, SULAWESI UTARA",2,148,38,186
https://kawalpemilu.org#66872,"WIAU, PUSOMAEN, MINAHASA TENGGARA, SULAWESI UTARA",1,143,11,154
https://kawalpemilu.org#66872,"WIAU, PUSOMAEN, MINAHASA TENGGARA, SULAWESI UTARA",2,157,9,166
https://kawalpemilu.org#66873,"BENTENAN, PUSOMAEN, MINAHASA TENGGARA, SULAWESI UTARA",1,194,9,203
https://kawalpemilu.org#66873,"BENTENAN, PUSOMAEN, MINAHASA TENGGARA, SULAWESI UTARA",2,177,11,188
https://kawalpemilu.org#66873,"BENTENAN, PUSOMAEN, MINAHASA TENGGARA, SULAWESI UTARA",3,188,5,193
https://kawalpemilu.org#66874,"TUMBAK, PUSOMAEN, MINAHASA TENGGARA, SULAWESI UTARA",1,100,112,212
https://kawalpemilu.org#66874,"TUMBAK, PUSOMAEN, MINAHASA TENGGARA, SULAWESI UTARA",2,71,141,212
https://kawalpemilu.org#66874,"TUMBAK, PUSOMAEN, MINAHASA TENGGARA, SULAWESI UTARA",3,113,106,219
https://kawalpemilu.org#66875,"MAKALU, PUSOMAEN, MINAHASA TENGGARA, SULAWESI UTARA",1,195,39,234
https://kawalpemilu.org#66875,"MAKALU, PUSOMAEN, MINAHASA TENGGARA, SULAWESI UTARA",2,181,14,195
https://kawalpemilu.org#66876,"MINANGA, PUSOMAEN, MINAHASA TENGGARA, SULAWESI UTARA",1,198,13,211
https://kawalpemilu.org#66876,"MINANGA, PUSOMAEN, MINAHASA TENGGARA, SULAWESI UTARA",2,217,25,242
https://kawalpemilu.org#66877,"MINANGA SATU, PUSOMAEN, MINAHASA TENGGARA, SULAWESI UTARA",1,200,12,212
https://kawalpemilu.org#66877,"MINANGA SATU, PUSOMAEN, MINAHASA TENGGARA, SULAWESI UTARA",2,176,20,196
https://kawalpemilu.org#66878,"BENTENAN INDAH, PUSOMAEN, MINAHASA TENGGARA, SULAWESI UTARA",1,67,101,168
https://kawalpemilu.org#66878,"BENTENAN INDAH, PUSOMAEN, MINAHASA TENGGARA, SULAWESI UTARA",2,42,99,141
https://kawalpemilu.org#85539,"MINANGA DUA, PUSOMAEN, MINAHASA TENGGARA, SULAWESI UTARA",1,198,25,223
https://kawalpemilu.org#85539,"MINANGA DUA, PUSOMAEN, MINAHASA TENGGARA, SULAWESI UTARA",2,227,27,254
https://kawalpemilu.org#85540,"MINANGA TIGA, PUSOMAEN, MINAHASA TENGGARA, SULAWESI UTARA",1,163,78,241
https://kawalpemilu.org#85541,"MAKALU SELATAN, PUSOMAEN, MINAHASA TENGGARA, SULAWESI UTARA",1,200,23,223
https://kawalpemilu.org#85541,"MAKALU SELATAN, PUSOMAEN, MINAHASA TENGGARA, SULAWESI UTARA",2,265,13,278
https://kawalpemilu.org#85542,"TATENGESAN SATU, PUSOMAEN, MINAHASA TENGGARA, SULAWESI UTARA",1,245,29,274
https://kawalpemilu.org#85542,"TATENGESAN SATU, PUSOMAEN, MINAHASA TENGGARA, SULAWESI UTARA",2,214,51,265
https://kawalpemilu.org#85543,"BENTENAN SATU, PUSOMAEN, MINAHASA TENGGARA, SULAWESI UTARA",1,103,85,188
https://kawalpemilu.org#85543,"BENTENAN SATU, PUSOMAEN, MINAHASA TENGGARA, SULAWESI UTARA",2,57,135,192
https://kawalpemilu.org#85544,"TUMBAK MADANI, PUSOMAEN, MINAHASA TENGGARA, SULAWESI UTARA",2,95,98,193
https://kawalpemilu.org#88405,"MINANGA TIMUR, PUSOMAEN, MINAHASA TENGGARA, SULAWESI UTARA",1,156,8,164
https://kawalpemilu.org#88405,"MINANGA TIMUR, PUSOMAEN, MINAHASA TENGGARA, SULAWESI UTARA",2,165,8,173
https://kawalpemilu.org#66880,"MANGKIT, BELANG, MINAHASA TENGGARA, SULAWESI UTARA",1,255,18,273
https://kawalpemilu.org#66880,"MANGKIT, BELANG, MINAHASA TENGGARA, SULAWESI UTARA",2,231,6,237
https://kawalpemilu.org#66881,"BORGO, BELANG, MINAHASA TENGGARA, SULAWESI UTARA",1,133,94,227
https://kawalpemilu.org#66881,"BORGO, BELANG, MINAHASA TENGGARA, SULAWESI UTARA",2,133,95,228
https://kawalpemilu.org#66881,"BORGO, BELANG, MINAHASA TENGGARA, SULAWESI UTARA",3,136,80,216
https://kawalpemilu.org#66882,"BELANG, BELANG, MINAHASA TENGGARA, SULAWESI UTARA",1,97,160,257
https://kawalpemilu.org#66882,"BELANG, BELANG, MINAHASA TENGGARA, SULAWESI UTARA",2,92,128,220
https://kawalpemilu.org#66882,"BELANG, BELANG, MINAHASA TENGGARA, SULAWESI UTARA",3,88,111,199
https://kawalpemilu.org#66882,"BELANG, BELANG, MINAHASA TENGGARA, SULAWESI UTARA",4,91,114,205
https://kawalpemilu.org#66883,"BUKU, BELANG, MINAHASA TENGGARA, SULAWESI UTARA",1,119,109,228
https://kawalpemilu.org#66883,"BUKU, BELANG, MINAHASA TENGGARA, SULAWESI UTARA",2,98,136,234
https://kawalpemilu.org#66883,"BUKU, BELANG, MINAHASA TENGGARA, SULAWESI UTARA",3,82,83,165
https://kawalpemilu.org#66884,"BERINGIN, BELANG, MINAHASA TENGGARA, SULAWESI UTARA",1,131,13,144
https://kawalpemilu.org#66884,"BERINGIN, BELANG, MINAHASA TENGGARA, SULAWESI UTARA",2,119,29,145
https://kawalpemilu.org#66885,"TABABO, BELANG, MINAHASA TENGGARA, SULAWESI UTARA",1,115,159,274
https://kawalpemilu.org#66885,"TABABO, BELANG, MINAHASA TENGGARA, SULAWESI UTARA",2,78,204,282
https://kawalpemilu.org#66886,"WATULINEY, BELANG, MINAHASA TENGGARA, SULAWESI UTARA",1,180,5,185
https://kawalpemilu.org#66886,"WATULINEY, BELANG, MINAHASA TENGGARA, SULAWESI UTARA",2,169,18,187
https://kawalpemilu.org#66886,"WATULINEY, BELANG, MINAHASA TENGGARA, SULAWESI UTARA",3,172,13,185
https://kawalpemilu.org#66887,"MOLOMPAR, BELANG, MINAHASA TENGGARA, SULAWESI UTARA",1,71,157,228
https://kawalpemilu.org#66887,"MOLOMPAR, BELANG, MINAHASA TENGGARA, SULAWESI UTARA",2,84,135,219
https://kawalpemilu.org#66887,"MOLOMPAR, BELANG, MINAHASA TENGGARA, SULAWESI UTARA",3,97,109,206
https://kawalpemilu.org#66888,"BUKU UTARA, BELANG, MINAHASA TENGGARA, SULAWESI UTARA",1,157,36,193
https://kawalpemilu.org#66888,"BUKU UTARA, BELANG, MINAHASA TENGGARA, SULAWESI UTARA",2,144,50,194
https://kawalpemilu.org#66888,"BUKU UTARA, BELANG, MINAHASA TENGGARA, SULAWESI UTARA",3,169,25,194
https://kawalpemilu.org#66889,"BUKU SELATAN, BELANG, MINAHASA TENGGARA, SULAWESI UTARA",1,98,64,162
https://kawalpemilu.org#66889,"BUKU SELATAN, BELANG, MINAHASA TENGGARA, SULAWESI UTARA",2,95,79,174
https://kawalpemilu.org#85545,"WATULINEY TENGAH, BELANG, MINAHASA TENGGARA, SULAWESI UTARA",1,256,19,275
https://kawalpemilu.org#85545,"WATULINEY TENGAH, BELANG, MINAHASA TENGGARA, SULAWESI UTARA",2,194,4,198
https://kawalpemilu.org#85546,"WATULINEY INDAH, BELANG, MINAHASA TENGGARA, SULAWESI UTARA",1,211,21,232
https://kawalpemilu.org#85546,"WATULINEY INDAH, BELANG, MINAHASA TENGGARA, SULAWESI UTARA",2,259,14,273
https://kawalpemilu.org#85547,"MOLOMPAR UTARA, BELANG, MINAHASA TENGGARA, SULAWESI UTARA",1,193,35,228
https://kawalpemilu.org#85547,"MOLOMPAR UTARA, BELANG, MINAHASA TENGGARA, SULAWESI UTARA",3,202,23,225
https://kawalpemilu.org#85548,"MOLOMPAR TIMUR, BELANG, MINAHASA TENGGARA, SULAWESI UTARA",1,111,136,247
https://kawalpemilu.org#85548,"MOLOMPAR TIMUR, BELANG, MINAHASA TENGGARA, SULAWESI UTARA",2,109,132,241
https://kawalpemilu.org#85549,"TABABO SELATAN, BELANG, MINAHASA TENGGARA, SULAWESI UTARA",1,74,208,282
https://kawalpemilu.org#85549,"TABABO SELATAN, BELANG, MINAHASA TENGGARA, SULAWESI UTARA",2,77,204,281
https://kawalpemilu.org#85550,"BUKU TENGAH, BELANG, MINAHASA TENGGARA, SULAWESI UTARA",1,119,101,220
https://kawalpemilu.org#85550,"BUKU TENGAH, BELANG, MINAHASA TENGGARA, SULAWESI UTARA",2,163,105,268
https://kawalpemilu.org#85551,"PONOSAKAN INDAH, BELANG, MINAHASA TENGGARA, SULAWESI UTARA",1,85,57,142
https://kawalpemilu.org#85551,"PONOSAKAN INDAH, BELANG, MINAHASA TENGGARA, SULAWESI UTARA",2,75,66,141
https://kawalpemilu.org#85552,"BUKU TENGGARA, BELANG, MINAHASA TENGGARA, SULAWESI UTARA",1,125,101,226
https://kawalpemilu.org#85552,"BUKU TENGGARA, BELANG, MINAHASA TENGGARA, SULAWESI UTARA",2,104,100,204
https://kawalpemilu.org#85553,"PONOSAKAN BELANG, BELANG, MINAHASA TENGGARA, SULAWESI UTARA",1,101,176,277
https://kawalpemilu.org#85553,"PONOSAKAN BELANG, BELANG, MINAHASA TENGGARA, SULAWESI UTARA",2,87,178,265
https://kawalpemilu.org#85554,"BORGO SATU, BELANG, MINAHASA TENGGARA, SULAWESI UTARA",1,129,118,247
https://kawalpemilu.org#85554,"BORGO SATU, BELANG, MINAHASA TENGGARA, SULAWESI UTARA",2,108,131,239
https://kawalpemilu.org#85554,"BORGO SATU, BELANG, MINAHASA TENGGARA, SULAWESI UTARA",3,98,120,218
https://kawalpemilu.org#66891,"RATATOTOK SATU, RATATOTOK, MINAHASA TENGGARA, SULAWESI UTARA",1,192,22,214
https://kawalpemilu.org#66891,"RATATOTOK SATU, RATATOTOK, MINAHASA TENGGARA, SULAWESI UTARA",2,189,17,206
https://kawalpemilu.org#66891,"RATATOTOK SATU, RATATOTOK, MINAHASA TENGGARA, SULAWESI UTARA",3,184,15,199
https://kawalpemilu.org#66891,"RATATOTOK SATU, RATATOTOK, MINAHASA TENGGARA, SULAWESI UTARA",4,179,16,195
https://kawalpemilu.org#66892,"RATATOTOK DUA, RATATOTOK, MINAHASA TENGGARA, SULAWESI UTARA",1,139,107,246
https://kawalpemilu.org#66892,"RATATOTOK DUA, RATATOTOK, MINAHASA TENGGARA, SULAWESI UTARA",2,170,80,250
https://kawalpemilu.org#66893,"RATATOTOK SELATAN, RATATOTOK, MINAHASA TENGGARA, SULAWESI UTARA",1,223,16,239
https://kawalpemilu.org#66893,"RATATOTOK SELATAN, RATATOTOK, MINAHASA TENGGARA, SULAWESI UTARA",2,220,17,237
https://kawalpemilu.org#66893,"RATATOTOK SELATAN, RATATOTOK, MINAHASA TENGGARA, SULAWESI UTARA",3,222,12,234
https://kawalpemilu.org#66894,"RATATOTOK TIMUR, RATATOTOK, MINAHASA TENGGARA, SULAWESI UTARA",1,108,124,232
https://kawalpemilu.org#66894,"RATATOTOK TIMUR, RATATOTOK, MINAHASA TENGGARA, SULAWESI UTARA",2,109,110,219
https://kawalpemilu.org#66894,"RATATOTOK TIMUR, RATATOTOK, MINAHASA TENGGARA, SULAWESI UTARA",3,93,82,175
https://kawalpemilu.org#66895,"BASAAN, RATATOTOK, MINAHASA TENGGARA, SULAWESI UTARA",1,226,22,248
https://kawalpemilu.org#66895,"BASAAN, RATATOTOK, MINAHASA TENGGARA, SULAWESI UTARA",2,179,44,223
https://kawalpemilu.org#66895,"BASAAN, RATATOTOK, MINAHASA TENGGARA, SULAWESI UTARA",3,179,59,238
https://kawalpemilu.org#66896,"BASAAN SATU, RATATOTOK, MINAHASA TENGGARA, SULAWESI UTARA",1,140,62,202
https://kawalpemilu.org#66896,"BASAAN SATU, RATATOTOK, MINAHASA TENGGARA, SULAWESI UTARA",2,171,26,197
https://kawalpemilu.org#66896,"BASAAN SATU, RATATOTOK, MINAHASA TENGGARA, SULAWESI UTARA",3,175,34,209
https://kawalpemilu.org#66896,"BASAAN SATU, RATATOTOK, MINAHASA TENGGARA, SULAWESI UTARA",4,122,83,205
https://kawalpemilu.org#66897,"MOREA, RATATOTOK, MINAHASA TENGGARA, SULAWESI UTARA",1,240,24,264
https://kawalpemilu.org#66897,"MOREA, RATATOTOK, MINAHASA TENGGARA, SULAWESI UTARA",2,217,26,243
https://kawalpemilu.org#66898,"MOREA SATU, RATATOTOK, MINAHASA TENGGARA, SULAWESI UTARA",1,207,54,261
https://kawalpemilu.org#66898,"MOREA SATU, RATATOTOK, MINAHASA TENGGARA, SULAWESI UTARA",2,218,43,261
https://kawalpemilu.org#66899,"SOYOAN, RATATOTOK, MINAHASA TENGGARA, SULAWESI UTARA",1,202,15,217
https://kawalpemilu.org#66899,"SOYOAN, RATATOTOK, MINAHASA TENGGARA, SULAWESI UTARA",2,211,13,224
https://kawalpemilu.org#66899,"SOYOAN, RATATOTOK, MINAHASA TENGGARA, SULAWESI UTARA",3,221,13,234
https://kawalpemilu.org#85555,"BASAAN DUA, RATATOTOK, MINAHASA TENGGARA, SULAWESI UTARA",1,195,6,201
https://kawalpemilu.org#85555,"BASAAN DUA, RATATOTOK, MINAHASA TENGGARA, SULAWESI UTARA",2,181,5,186
https://kawalpemilu.org#85555,"BASAAN DUA, RATATOTOK, MINAHASA TENGGARA, SULAWESI UTARA",3,170,6,176
https://kawalpemilu.org#85556,"RATATOTOK UTARA, RATATOTOK, MINAHASA TENGGARA, SULAWESI UTARA",1,191,10,201
https://kawalpemilu.org#85556,"RATATOTOK UTARA, RATATOTOK, MINAHASA TENGGARA, SULAWESI UTARA",2,194,9,203
https://kawalpemilu.org#85556,"RATATOTOK UTARA, RATATOTOK, MINAHASA TENGGARA, SULAWESI UTARA",3,180,13,193
https://kawalpemilu.org#85557,"RATATOTOK TENGGARA, RATATOTOK, MINAHASA TENGGARA, SULAWESI UTARA",1,152,62,214
https://kawalpemilu.org#85557,"RATATOTOK TENGGARA, RATATOTOK, MINAHASA TENGGARA, SULAWESI UTARA",2,185,43,228
https://kawalpemilu.org#85558,"RATATOTOK TENGAH, RATATOTOK, MINAHASA TENGGARA, SULAWESI UTARA",1,95,137,232
https://kawalpemilu.org#85558,"RATATOTOK TENGAH, RATATOTOK, MINAHASA TENGGARA, SULAWESI UTARA",2,122,94,216
https://kawalpemilu.org#85559,"RATATOTOK MUARA, RATATOTOK, MINAHASA TENGGARA, SULAWESI UTARA",1,80,117,197
https://kawalpemilu.org#85559,"RATATOTOK MUARA, RATATOTOK, MINAHASA TENGGARA, SULAWESI UTARA",2,80,122,202
https://kawalpemilu.org#88682,"RATATOTOK, RATATOTOK, MINAHASA TENGGARA, SULAWESI UTARA",1,150,104,254
https://kawalpemilu.org#88682,"RATATOTOK, RATATOTOK, MINAHASA TENGGARA, SULAWESI UTARA",2,155,92,247
https://kawalpemilu.org#66906,"TONSAWANG, TOMBATU, MINAHASA TENGGARA, SULAWESI UTARA",1,212,74,286
https://kawalpemilu.org#66906,"TONSAWANG, TOMBATU, MINAHASA TENGGARA, SULAWESI UTARA",2,185,79,264
https://kawalpemilu.org#66908,"BETELEN, TOMBATU, MINAHASA TENGGARA, SULAWESI UTARA",1,201,13,214
https://kawalpemilu.org#66908,"BETELEN, TOMBATU, MINAHASA TENGGARA, SULAWESI UTARA",2,209,13,222
https://kawalpemilu.org#66908,"BETELEN, TOMBATU, MINAHASA TENGGARA, SULAWESI UTARA",3,188,13,201
https://kawalpemilu.org#66909,"TOMBATU SATU, TOMBATU, MINAHASA TENGGARA, SULAWESI UTARA",1,259,14,273
https://kawalpemilu.org#66909,"TOMBATU SATU, TOMBATU, MINAHASA TENGGARA, SULAWESI UTARA",2,215,15,230
https://kawalpemilu.org#66909,"TOMBATU SATU, TOMBATU, MINAHASA TENGGARA, SULAWESI UTARA",3,233,32,265
https://kawalpemilu.org#66909,"TOMBATU SATU, TOMBATU, MINAHASA TENGGARA, SULAWESI UTARA",4,239,23,262
https://kawalpemilu.org#66912,"KALI, TOMBATU, MINAHASA TENGGARA, SULAWESI UTARA",1,161,32,193
https://kawalpemilu.org#66912,"KALI, TOMBATU, MINAHASA TENGGARA, SULAWESI UTARA",2,151,37,188
https://kawalpemilu.org#66912,"KALI, TOMBATU, MINAHASA TENGGARA, SULAWESI UTARA",3,140,51,191
https://kawalpemilu.org#66913,"TOMBATU, TOMBATU, MINAHASA TENGGARA, SULAWESI UTARA",1,184,14,198
https://kawalpemilu.org#66913,"TOMBATU, TOMBATU, MINAHASA TENGGARA, SULAWESI UTARA",2,169,9,178
https://kawalpemilu.org#66913,"TOMBATU, TOMBATU, MINAHASA TENGGARA, SULAWESI UTARA",3,167,17,184
https://kawalpemilu.org#66914,"BETELEN SATU, TOMBATU, MINAHASA TENGGARA, SULAWESI UTARA",1,231,18,249
https://kawalpemilu.org#66914,"BETELEN SATU, TOMBATU, MINAHASA TENGGARA, SULAWESI UTARA",2,207,33,240
https://kawalpemilu.org#66914,"BETELEN SATU, TOMBATU, MINAHASA TENGGARA, SULAWESI UTARA",3,201,25,226
https://kawalpemilu.org#66914,"BETELEN SATU, TOMBATU, MINAHASA TENGGARA, SULAWESI UTARA",4,195,8,203
https://kawalpemilu.org#66915,"KALI OKI, TOMBATU, MINAHASA TENGGARA, SULAWESI UTARA",1,181,25,206
https://kawalpemilu.org#66915,"KALI OKI, TOMBATU, MINAHASA TENGGARA, SULAWESI UTARA",2,211,17,228
https://kawalpemilu.org#66915,"KALI OKI, TOMBATU, MINAHASA TENGGARA, SULAWESI UTARA",3,191,25,216
https://kawalpemilu.org#66930,"PISA, TOMBATU, MINAHASA TENGGARA, SULAWESI UTARA",1,156,17,173
https://kawalpemilu.org#85560,"TOMBATU TIGA SELATAN, TOMBATU, MINAHASA TENGGARA, SULAWESI UTARA",1,175,4,179
https://kawalpemilu.org#85560,"TOMBATU TIGA SELATAN, TOMBATU, MINAHASA TENGGARA, SULAWESI UTARA",2,175,10,185
https://kawalpemilu.org#85560,"TOMBATU TIGA SELATAN, TOMBATU, MINAHASA TENGGARA, SULAWESI UTARA",3,185,4,189
https://kawalpemilu.org#85561,"TOMBATU TIGA TIMUR, TOMBATU, MINAHASA TENGGARA, SULAWESI UTARA",1,178,16,194
https://kawalpemilu.org#85561,"TOMBATU TIGA TIMUR, TOMBATU, MINAHASA TENGGARA, SULAWESI UTARA",2,212,10,222
https://kawalpemilu.org#85562,"TONSAWANG SATU, TOMBATU, MINAHASA TENGGARA, SULAWESI UTARA",1,152,27,179
https://kawalpemilu.org#85562,"TONSAWANG SATU, TOMBATU, MINAHASA TENGGARA, SULAWESI UTARA",2,163,45,208
https://kawalpemilu.org#66920,"LOBU, TOULUAAN, MINAHASA TENGGARA, SULAWESI UTARA",1,232,32,264
https://kawalpemilu.org#66920,"LOBU, TOULUAAN, MINAHASA TENGGARA, SULAWESI UTARA",2,212,50,262
https://kawalpemilu.org#66921,"RANOKETANG ATAS, TOULUAAN, MINAHASA TENGGARA, SULAWESI UTARA",1,217,50,267
https://kawalpemilu.org#66921,"RANOKETANG ATAS, TOULUAAN, MINAHASA TENGGARA, SULAWESI UTARA",2,207,19,226
https://kawalpemilu.org#66922,"TOUNDANOUW, TOULUAAN, MINAHASA TENGGARA, SULAWESI UTARA",1,162,25,187
https://kawalpemilu.org#66922,"TOUNDANOUW, TOULUAAN, MINAHASA TENGGARA, SULAWESI UTARA",2,146,50,196
https://kawalpemilu.org#66922,"TOUNDANOUW, TOULUAAN, MINAHASA TENGGARA, SULAWESI UTARA",3,124,38,162
https://kawalpemilu.org#66923,"LOBU SATU, TOULUAAN, MINAHASA TENGGARA, SULAWESI UTARA",2,172,42,214
https://kawalpemilu.org#66924,"LOBU DUA, TOULUAAN, MINAHASA TENGGARA, SULAWESI UTARA",1,190,41,231
https://kawalpemilu.org#66924,"LOBU DUA, TOULUAAN, MINAHASA TENGGARA, SULAWESI UTARA",2,161,50,211
https://kawalpemilu.org#66924,"LOBU DUA, TOULUAAN, MINAHASA TENGGARA, SULAWESI UTARA",3,172,38,210
https://kawalpemilu.org#66935,"TOUNDANOUW SATU, TOULUAAN, MINAHASA TENGGARA, SULAWESI UTARA",1,111,30,141
https://kawalpemilu.org#66935,"TOUNDANOUW SATU, TOULUAAN, MINAHASA TENGGARA, SULAWESI UTARA",2,136,16,152
https://kawalpemilu.org#85563,"TOUNDANOUW ATAS, TOULUAAN, MINAHASA TENGGARA, SULAWESI UTARA",1,144,25,169
https://kawalpemilu.org#85563,"TOUNDANOUW ATAS, TOULUAAN, MINAHASA TENGGARA, SULAWESI UTARA",2,161,36,197
https://kawalpemilu.org#85564,"RANOKETANG ATAS SATU, TOULUAAN, MINAHASA TENGGARA, SULAWESI UTARA",1,208,21,229
https://kawalpemilu.org#85564,"RANOKETANG ATAS SATU, TOULUAAN, MINAHASA TENGGARA, SULAWESI UTARA",2,188,25,213
https://kawalpemilu.org#85565,"LOBU KOTA, TOULUAAN, MINAHASA TENGGARA, SULAWESI UTARA",1,185,17,202
https://kawalpemilu.org#85565,"LOBU KOTA, TOULUAAN, MINAHASA TENGGARA, SULAWESI UTARA",2,183,22,205
https://kawalpemilu.org#85566,"LOBU ATAS, TOULUAAN, MINAHASA TENGGARA, SULAWESI UTARA",1,137,40,177
https://kawalpemilu.org#85566,"LOBU ATAS, TOULUAAN, MINAHASA TENGGARA, SULAWESI UTARA",2,158,25,183
https://kawalpemilu.org#66925,"RANOAKO, TOULUAAN SELATAN, MINAHASA TENGGARA, SULAWESI UTARA",1,180,101,281
https://kawalpemilu.org#66926,"TAMBELANG, TOULUAAN SELATAN, MINAHASA TENGGARA, SULAWESI UTARA",1,136,105,241
https://kawalpemilu.org#66926,"TAMBELANG, TOULUAAN SELATAN, MINAHASA TENGGARA, SULAWESI UTARA",2,178,86,264
https://kawalpemilu.org#66927,"BUNAG, TOULUAAN SELATAN, MINAHASA TENGGARA, SULAWESI UTARA",1,145,45,190
https://kawalpemilu.org#66927,"BUNAG, TOULUAAN SELATAN, MINAHASA TENGGARA, SULAWESI UTARA",2,137,49,186
https://kawalpemilu.org#66928,"BANGA, TOULUAAN SELATAN, MINAHASA TENGGARA, SULAWESI UTARA",1,102,26,128
https://kawalpemilu.org#66931,"SUHUYON, TOULUAAN SELATAN, MINAHASA TENGGARA, SULAWESI UTARA",1,123,3,126
https://kawalpemilu.org#66932,"KALAIT, TOULUAAN SELATAN, MINAHASA TENGGARA, SULAWESI UTARA",1,136,26,164
https://kawalpemilu.org#66932,"KALAIT, TOULUAAN SELATAN, MINAHASA TENGGARA, SULAWESI UTARA",2,141,16,157
https://kawalpemilu.org#85567,"KALAIT SATU, TOULUAAN SELATAN, MINAHASA TENGGARA, SULAWESI UTARA",1,150,44,194
https://kawalpemilu.org#85567,"KALAIT SATU, TOULUAAN SELATAN, MINAHASA TENGGARA, SULAWESI UTARA",2,186,23,209
https://kawalpemilu.org#85568,"KALAIT DUA, TOULUAAN SELATAN, MINAHASA TENGGARA, SULAWESI UTARA",1,183,38,221
https://kawalpemilu.org#85568,"KALAIT DUA, TOULUAAN SELATAN, MINAHASA TENGGARA, SULAWESI UTARA",2,180,38,218
https://kawalpemilu.org#85569,"KALAIT TIGA, TOULUAAN SELATAN, MINAHASA TENGGARA, SULAWESI UTARA",1,115,31,146
https://kawalpemilu.org#85569,"KALAIT TIGA, TOULUAAN SELATAN, MINAHASA TENGGARA, SULAWESI UTARA",2,119,21,140
https://kawalpemilu.org#85570,"LOWATAG, TOULUAAN SELATAN, MINAHASA TENGGARA, SULAWESI UTARA",1,209,6,215
https://kawalpemilu.org#66933,"SILIAN, SILIAN RAYA, MINAHASA TENGGARA, SULAWESI UTARA",1,170,23,193
https://kawalpemilu.org#66933,"SILIAN, SILIAN RAYA, MINAHASA TENGGARA, SULAWESI UTARA",2,183,16,199
https://kawalpemilu.org#85571,"SILIAN UTARA, SILIAN RAYA, MINAHASA TENGGARA, SULAWESI UTARA",1,142,29,171
https://kawalpemilu.org#85571,"SILIAN UTARA, SILIAN RAYA, MINAHASA TENGGARA, SULAWESI UTARA",2,158,22,180
https://kawalpemilu.org#85572,"SILIAN SATU, SILIAN RAYA, MINAHASA TENGGARA, SULAWESI UTARA",1,201,36,237
https://kawalpemilu.org#85572,"SILIAN SATU, SILIAN RAYA, MINAHASA TENGGARA, SULAWESI UTARA",2,204,31,235
https://kawalpemilu.org#85573,"SILIAN SELATAN, SILIAN RAYA, MINAHASA TENGGARA, SULAWESI UTARA",1,203,16,219
https://kawalpemilu.org#85573,"SILIAN SELATAN, SILIAN RAYA, MINAHASA TENGGARA, SULAWESI UTARA",2,201,28,229
https://kawalpemilu.org#85574,"SILIAN DUA, SILIAN RAYA, MINAHASA TENGGARA, SULAWESI UTARA",1,136,13,149
https://kawalpemilu.org#85574,"SILIAN DUA, SILIAN RAYA, MINAHASA TENGGARA, SULAWESI UTARA",2,131,17,148
https://kawalpemilu.org#85575,"SILIAN TENGAH, SILIAN RAYA, MINAHASA TENGGARA, SULAWESI UTARA",1,172,19,191
https://kawalpemilu.org#85575,"SILIAN TENGAH, SILIAN RAYA, MINAHASA TENGGARA, SULAWESI UTARA",2,180,10,190
https://kawalpemilu.org#85576,"SILIAN TIGA, SILIAN RAYA, MINAHASA TENGGARA, SULAWESI UTARA",1,201,18,219
https://kawalpemilu.org#85576,"SILIAN TIGA, SILIAN RAYA, MINAHASA TENGGARA, SULAWESI UTARA",2,206,17,223
https://kawalpemilu.org#85577,"SILIAN BARAT, SILIAN RAYA, MINAHASA TENGGARA, SULAWESI UTARA",1,202,27,229
https://kawalpemilu.org#85577,"SILIAN BARAT, SILIAN RAYA, MINAHASA TENGGARA, SULAWESI UTARA",2,212,20,232
https://kawalpemilu.org#85578,"SILIAN KOTA, SILIAN RAYA, MINAHASA TENGGARA, SULAWESI UTARA",1,165,17,182
https://kawalpemilu.org#85578,"SILIAN KOTA, SILIAN RAYA, MINAHASA TENGGARA, SULAWESI UTARA",2,156,19,175
https://kawalpemilu.org#85579,"SILIAN TIMUR, SILIAN RAYA, MINAHASA TENGGARA, SULAWESI UTARA",1,175,22,197
https://kawalpemilu.org#85579,"SILIAN TIMUR, SILIAN RAYA, MINAHASA TENGGARA, SULAWESI UTARA",2,160,33,193
https://kawalpemilu.org#66903,"ESANDOM, TOMBATU TIMUR, MINAHASA TENGGARA, SULAWESI UTARA",1,202,10,212
https://kawalpemilu.org#66903,"ESANDOM, TOMBATU TIMUR, MINAHASA TENGGARA, SULAWESI UTARA",2,187,16,203
https://kawalpemilu.org#66904,"MUNDUNG, TOMBATU TIMUR, MINAHASA TENGGARA, SULAWESI UTARA",1,225,28,253
https://kawalpemilu.org#66904,"MUNDUNG, TOMBATU TIMUR, MINAHASA TENGGARA, SULAWESI UTARA",2,215,29,244
https://kawalpemilu.org#66904,"MUNDUNG, TOMBATU TIMUR, MINAHASA TENGGARA, SULAWESI UTARA",3,214,39,253
https://kawalpemilu.org#66917,"MUNDUNG SATU, TOMBATU TIMUR, MINAHASA TENGGARA, SULAWESI UTARA",1,218,39,257
https://kawalpemilu.org#66917,"MUNDUNG SATU, TOMBATU TIMUR, MINAHASA TENGGARA, SULAWESI UTARA",2,235,28,263
https://kawalpemilu.org#66917,"MUNDUNG SATU, TOMBATU TIMUR, MINAHASA TENGGARA, SULAWESI UTARA",3,230,34,264
https://kawalpemilu.org#85580,"MOLOMPAR SATU, TOMBATU TIMUR, MINAHASA TENGGARA, SULAWESI UTARA",1,190,7,197
https://kawalpemilu.org#85580,"MOLOMPAR SATU, TOMBATU TIMUR, MINAHASA TENGGARA, SULAWESI UTARA",2,178,8,186
https://kawalpemilu.org#85580,"MOLOMPAR SATU, TOMBATU TIMUR, MINAHASA TENGGARA, SULAWESI UTARA",3,196,8,204
https://kawalpemilu.org#85581,"MOLOMPAR ATAS, TOMBATU TIMUR, MINAHASA TENGGARA, SULAWESI UTARA",1,216,14,230
https://kawalpemilu.org#85581,"MOLOMPAR ATAS, TOMBATU TIMUR, MINAHASA TENGGARA, SULAWESI UTARA",2,205,17,222
https://kawalpemilu.org#85581,"MOLOMPAR ATAS, TOMBATU TIMUR, MINAHASA TENGGARA, SULAWESI UTARA",3,225,10,235
https://kawalpemilu.org#85582,"MOLOMPAR DUA, TOMBATU TIMUR, MINAHASA TENGGARA, SULAWESI UTARA",1,190,15,205
https://kawalpemilu.org#85582,"MOLOMPAR DUA, TOMBATU TIMUR, MINAHASA TENGGARA, SULAWESI UTARA",2,188,13,201
https://kawalpemilu.org#85583,"MOLOMPAR DUA UTARA, TOMBATU TIMUR, MINAHASA TENGGARA, SULAWESI UTARA",1,168,49,217
https://kawalpemilu.org#85583,"MOLOMPAR DUA UTARA, TOMBATU TIMUR, MINAHASA TENGGARA, SULAWESI UTARA",2,172,45,217
https://kawalpemilu.org#85583,"MOLOMPAR DUA UTARA, TOMBATU TIMUR, MINAHASA TENGGARA, SULAWESI UTARA",3,195,35,230
https://kawalpemilu.org#85583,"MOLOMPAR DUA UTARA, TOMBATU TIMUR, MINAHASA TENGGARA, SULAWESI UTARA",4,185,28,213
https://kawalpemilu.org#85584,"MOLOMPAR DUA SELATAN, TOMBATU TIMUR, MINAHASA TENGGARA, SULAWESI UTARA",1,184,7,191
https://kawalpemilu.org#85584,"MOLOMPAR DUA SELATAN, TOMBATU TIMUR, MINAHASA TENGGARA, SULAWESI UTARA",2,205,4,209
https://kawalpemilu.org#85585,"ESANDOM SATU, TOMBATU TIMUR, MINAHASA TENGGARA, SULAWESI UTARA",1,203,18,221
https://kawalpemilu.org#85585,"ESANDOM SATU, TOMBATU TIMUR, MINAHASA TENGGARA, SULAWESI UTARA",2,192,13,205
https://kawalpemilu.org#85586,"ESANDOM DUA, TOMBATU TIMUR, MINAHASA TENGGARA, SULAWESI UTARA",1,259,15,274
https://kawalpemilu.org#85586,"ESANDOM DUA, TOMBATU TIMUR, MINAHASA TENGGARA, SULAWESI UTARA",2,239,16,255
https://kawalpemilu.org#88402,"MOLOMPAR, TOMBATU TIMUR, MINAHASA TENGGARA, SULAWESI UTARA",1,227,15,242
https://kawalpemilu.org#88402,"MOLOMPAR, TOMBATU TIMUR, MINAHASA TENGGARA, SULAWESI UTARA",2,218,7,225
https://kawalpemilu.org#88402,"MOLOMPAR, TOMBATU TIMUR, MINAHASA TENGGARA, SULAWESI UTARA",3,206,15,221
https://kawalpemilu.org#66905,"WINORANGIAN, TOMBATU UTARA, MINAHASA TENGGARA, SULAWESI UTARA",1,190,25,215
https://kawalpemilu.org#66905,"WINORANGIAN, TOMBATU UTARA, MINAHASA TENGGARA, SULAWESI UTARA",2,171,21,192
https://kawalpemilu.org#66905,"WINORANGIAN, TOMBATU UTARA, MINAHASA TENGGARA, SULAWESI UTARA",3,189,32,221
https://kawalpemilu.org#66907,"KUYANGA, TOMBATU UTARA, MINAHASA TENGGARA, SULAWESI UTARA",1,178,52,230
https://kawalpemilu.org#66907,"KUYANGA, TOMBATU UTARA, MINAHASA TENGGARA, SULAWESI UTARA",2,203,35,238
https://kawalpemilu.org#66907,"KUYANGA, TOMBATU UTARA, MINAHASA TENGGARA, SULAWESI UTARA",3,210,23,233
https://kawalpemilu.org#66916,"KUYANGA SATU, TOMBATU UTARA, MINAHASA TENGGARA, SULAWESI UTARA",1,241,26,267
https://kawalpemilu.org#66916,"KUYANGA SATU, TOMBATU UTARA, MINAHASA TENGGARA, SULAWESI UTARA",2,192,18,210
https://kawalpemilu.org#66916,"KUYANGA SATU, TOMBATU UTARA, MINAHASA TENGGARA, SULAWESI UTARA",3,254,16,270
https://kawalpemilu.org#85587,"TOMBATU DUA, TOMBATU UTARA, MINAHASA TENGGARA, SULAWESI UTARA",1,205,14,219
https://kawalpemilu.org#85587,"TOMBATU DUA, TOMBATU UTARA, MINAHASA TENGGARA, SULAWESI UTARA",2,199,20,219
https://kawalpemilu.org#85587,"TOMBATU DUA, TOMBATU UTARA, MINAHASA TENGGARA, SULAWESI UTARA",3,195,16,211
https://kawalpemilu.org#85588,"TOMBATU DUA UTARA, TOMBATU UTARA, MINAHASA TENGGARA, SULAWESI UTARA",1,147,28,175
https://kawalpemilu.org#85588,"TOMBATU DUA UTARA, TOMBATU UTARA, MINAHASA TENGGARA, SULAWESI UTARA",2,144,31,175
https://kawalpemilu.org#85589,"TOMBATU DUA BARAT, TOMBATU UTARA, MINAHASA TENGGARA, SULAWESI UTARA",1,182,27,209
https://kawalpemilu.org#85589,"TOMBATU DUA BARAT, TOMBATU UTARA, MINAHASA TENGGARA, SULAWESI UTARA",2,171,23,194
https://kawalpemilu.org#85589,"TOMBATU DUA BARAT, TOMBATU UTARA, MINAHASA TENGGARA, SULAWESI UTARA",3,183,17,200
https://kawalpemilu.org#85590,"TOMBATU DUA TENGAH, TOMBATU UTARA, MINAHASA TENGGARA, SULAWESI UTARA",1,167,23,190
https://kawalpemilu.org#85590,"TOMBATU DUA TENGAH, TOMBATU UTARA, MINAHASA TENGGARA, SULAWESI UTARA",2,141,32,173
https://kawalpemilu.org#85590,"TOMBATU DUA TENGAH, TOMBATU UTARA, MINAHASA TENGGARA, SULAWESI UTARA",3,156,16,172
https://kawalpemilu.org#85591,"TOMBATU TIGA, TOMBATU UTARA, MINAHASA TENGGARA, SULAWESI UTARA",1,240,29,269
https://kawalpemilu.org#85591,"TOMBATU TIGA, TOMBATU UTARA, MINAHASA TENGGARA, SULAWESI UTARA",2,207,18,225
https://kawalpemilu.org#85591,"TOMBATU TIGA, TOMBATU UTARA, MINAHASA TENGGARA, SULAWESI UTARA",3,143,28,171
https://kawalpemilu.org#85592,"TOMBATU TIGA TENGAH, TOMBATU UTARA, MINAHASA TENGGARA, SULAWESI UTARA",1,162,22,184
https://kawalpemilu.org#85592,"TOMBATU TIGA TENGAH, TOMBATU UTARA, MINAHASA TENGGARA, SULAWESI UTARA",2,172,16,188
https://kawalpemilu.org#85593,"WINORANGIAN SATU, TOMBATU UTARA, MINAHASA TENGGARA, SULAWESI UTARA",1,167,24,191
https://kawalpemilu.org#85593,"WINORANGIAN SATU, TOMBATU UTARA, MINAHASA TENGGARA, SULAWESI UTARA",2,212,23,235
https://kawalpemilu.org#66859,"LIWUTUNG, PASAN, MINAHASA TENGGARA, SULAWESI UTARA",1,165,2,167
https://kawalpemilu.org#66859,"LIWUTUNG, PASAN, MINAHASA TENGGARA, SULAWESI UTARA",2,186,9,195
https://kawalpemilu.org#66860,"TOWUNTU, PASAN, MINAHASA TENGGARA, SULAWESI UTARA",1,236,18,254
https://kawalpemilu.org#66860,"TOWUNTU, PASAN, MINAHASA TENGGARA, SULAWESI UTARA",2,201,35,236
https://kawalpemilu.org#66865,"TOLOMBUKAN, PASAN, MINAHASA TENGGARA, SULAWESI UTARA",1,190,9,199
https://kawalpemilu.org#66865,"TOLOMBUKAN, PASAN, MINAHASA TENGGARA, SULAWESI UTARA",2,196,12,208
https://kawalpemilu.org#66865,"TOLOMBUKAN, PASAN, MINAHASA TENGGARA, SULAWESI UTARA",3,160,16,176
https://kawalpemilu.org#66866,"PONIKI, PASAN, MINAHASA TENGGARA, SULAWESI UTARA",1,199,23,222
https://kawalpemilu.org#66866,"PONIKI, PASAN, MINAHASA TENGGARA, SULAWESI UTARA",2,193,20,213
https://kawalpemilu.org#66867,"MAULIT, PASAN, MINAHASA TENGGARA, SULAWESI UTARA",1,168,15,183
https://kawalpemilu.org#66867,"MAULIT, PASAN, MINAHASA TENGGARA, SULAWESI UTARA",2,164,15,179
https://kawalpemilu.org#66867,"MAULIT, PASAN, MINAHASA TENGGARA, SULAWESI UTARA",3,162,15,177
https://kawalpemilu.org#66869,"TOWUNTU TIMUR, PASAN, MINAHASA TENGGARA, SULAWESI UTARA",1,231,20,251
https://kawalpemilu.org#66869,"TOWUNTU TIMUR, PASAN, MINAHASA TENGGARA, SULAWESI UTARA",2,221,25,246
https://kawalpemilu.org#66869,"TOWUNTU TIMUR, PASAN, MINAHASA TENGGARA, SULAWESI UTARA",3,186,22,208
https://kawalpemilu.org#85594,"TOWUNTU BARAT, PASAN, MINAHASA TENGGARA, SULAWESI UTARA",1,195,13,208
https://kawalpemilu.org#85594,"TOWUNTU BARAT, PASAN, MINAHASA TENGGARA, SULAWESI UTARA",2,187,12,199
https://kawalpemilu.org#85595,"TOLOMBUKAN SATU, PASAN, MINAHASA TENGGARA, SULAWESI UTARA",1,241,25,266
https://kawalpemilu.org#85595,"TOLOMBUKAN SATU, PASAN, MINAHASA TENGGARA, SULAWESI UTARA",2,220,24,244
https://kawalpemilu.org#85595,"TOLOMBUKAN SATU, PASAN, MINAHASA TENGGARA, SULAWESI UTARA",3,238,20,258
https://kawalpemilu.org#85596,"TOLOMBUKAN BARAT, PASAN, MINAHASA TENGGARA, SULAWESI UTARA",1,216,7,223
https://kawalpemilu.org#85597,"LIWUTUNG SATU, PASAN, MINAHASA TENGGARA, SULAWESI UTARA",1,148,12,160
https://kawalpemilu.org#85597,"LIWUTUNG SATU, PASAN, MINAHASA TENGGARA, SULAWESI UTARA",2,155,5,160
https://kawalpemilu.org#85598,"LIWUTUNG DUA, PASAN, MINAHASA TENGGARA, SULAWESI UTARA",1,187,11,198
https://kawalpemilu.org#85598,"LIWUTUNG DUA, PASAN, MINAHASA TENGGARA, SULAWESI UTARA",2,155,5,160
https://kawalpemilu.org#66862,"WIOI, RATAHAN TIMUR, MINAHASA TENGGARA, SULAWESI UTARA",1,185,10,195
https://kawalpemilu.org#66862,"WIOI, RATAHAN TIMUR, MINAHASA TENGGARA, SULAWESI UTARA",2,184,11,195
https://kawalpemilu.org#66862,"WIOI, RATAHAN TIMUR, MINAHASA TENGGARA, SULAWESI UTARA",3,190,18,208
https://kawalpemilu.org#66864,"PANGU, RATAHAN TIMUR, MINAHASA TENGGARA, SULAWESI UTARA",1,234,14,248
https://kawalpemilu.org#66864,"PANGU, RATAHAN TIMUR, MINAHASA TENGGARA, SULAWESI UTARA",2,260,11,271
https://kawalpemilu.org#85599,"WIOI SATU, RATAHAN TIMUR, MINAHASA TENGGARA, SULAWESI UTARA",1,197,10,207
https://kawalpemilu.org#85599,"WIOI SATU, RATAHAN TIMUR, MINAHASA TENGGARA, SULAWESI UTARA",2,189,19,208
https://kawalpemilu.org#85600,"WIOI DUA, RATAHAN TIMUR, MINAHASA TENGGARA, SULAWESI UTARA",1,137,4,141
https://kawalpemilu.org#85600,"WIOI DUA, RATAHAN TIMUR, MINAHASA TENGGARA, SULAWESI UTARA",2,152,9,161
https://kawalpemilu.org#85601,"WIOI TIGA, RATAHAN TIMUR, MINAHASA TENGGARA, SULAWESI UTARA",1,213,14,227
https://kawalpemilu.org#85601,"WIOI TIGA, RATAHAN TIMUR, MINAHASA TENGGARA, SULAWESI UTARA",2,161,10,171
https://kawalpemilu.org#85602,"WIOI TIMUR, RATAHAN TIMUR, MINAHASA TENGGARA, SULAWESI UTARA",1,237,14,251
https://kawalpemilu.org#85603,"PANGU SATU, RATAHAN TIMUR, MINAHASA TENGGARA, SULAWESI UTARA",1,175,4,179
https://kawalpemilu.org#85603,"PANGU SATU, RATAHAN TIMUR, MINAHASA TENGGARA, SULAWESI UTARA",2,177,6,183
https://kawalpemilu.org#85603,"PANGU SATU, RATAHAN TIMUR, MINAHASA TENGGARA, SULAWESI UTARA",3,181,7,188
https://kawalpemilu.org#85604,"PANGU DUA, RATAHAN TIMUR, MINAHASA TENGGARA, SULAWESI UTARA",1,222,10,232
https://kawalpemilu.org#85604,"PANGU DUA, RATAHAN TIMUR, MINAHASA TENGGARA, SULAWESI UTARA",2,217,3,220
https://kawalpemilu.org#85605,"WONGKAI, RATAHAN TIMUR, MINAHASA TENGGARA, SULAWESI UTARA",1,205,48,253
https://kawalpemilu.org#85605,"WONGKAI, RATAHAN TIMUR, MINAHASA TENGGARA, SULAWESI UTARA",2,201,59,260
https://kawalpemilu.org#85606,"WONGKAI SATU, RATAHAN TIMUR, MINAHASA TENGGARA, SULAWESI UTARA",1,185,10,195
https://kawalpemilu.org#85606,"WONGKAI SATU, RATAHAN TIMUR, MINAHASA TENGGARA, SULAWESI UTARA",2,207,9,216
https://kawalpemilu.org#66938,"SANGKUB I, SANGKUB, BOLAANG MONGONDOW UTARA, SULAWESI UTARA",1,91,112,203
https://kawalpemilu.org#66938,"SANGKUB I, SANGKUB, BOLAANG MONGONDOW UTARA, SULAWESI UTARA",2,86,127,213
https://kawalpemilu.org#66938,"SANGKUB I, SANGKUB, BOLAANG MONGONDOW UTARA, SULAWESI UTARA",3,91,114,205
https://kawalpemilu.org#66939,"BUSISINGO, SANGKUB, BOLAANG MONGONDOW UTARA, SULAWESI UTARA",1,68,107,175
https://kawalpemilu.org#66939,"BUSISINGO, SANGKUB, BOLAANG MONGONDOW UTARA, SULAWESI UTARA",2,54,113,167
https://kawalpemilu.org#66939,"BUSISINGO, SANGKUB, BOLAANG MONGONDOW UTARA, SULAWESI UTARA",3,53,122,175
https://kawalpemilu.org#66940,"SANGTOMBOLANG, SANGKUB, BOLAANG MONGONDOW UTARA, SULAWESI UTARA",1,172,18,190
https://kawalpemilu.org#66940,"SANGTOMBOLANG, SANGKUB, BOLAANG MONGONDOW UTARA, SULAWESI UTARA",2,174,13,187
https://kawalpemilu.org#66940,"SANGTOMBOLANG, SANGKUB, BOLAANG MONGONDOW UTARA, SULAWESI UTARA",3,191,13,204
https://kawalpemilu.org#66941,"TOMBOLANGO, SANGKUB, BOLAANG MONGONDOW UTARA, SULAWESI UTARA",1,83,117,200
https://kawalpemilu.org#66941,"TOMBOLANGO, SANGKUB, BOLAANG MONGONDOW UTARA, SULAWESI UTARA",2,96,97,193
https://kawalpemilu.org#66941,"TOMBOLANGO, SANGKUB, BOLAANG MONGONDOW UTARA, SULAWESI UTARA",3,81,105,186
https://kawalpemilu.org#66942,"PANGKUSA, SANGKUB, BOLAANG MONGONDOW UTARA, SULAWESI UTARA",1,80,106,186
https://kawalpemilu.org#66942,"PANGKUSA, SANGKUB, BOLAANG MONGONDOW UTARA, SULAWESI UTARA",2,76,107,183
https://kawalpemilu.org#66943,"SANGKUB II, SANGKUB, BOLAANG MONGONDOW UTARA, SULAWESI UTARA",1,77,155,232
https://kawalpemilu.org#66943,"SANGKUB II, SANGKUB, BOLAANG MONGONDOW UTARA, SULAWESI UTARA",2,77,149,226
https://kawalpemilu.org#66944,"SIDODADI, SANGKUB, BOLAANG MONGONDOW UTARA, SULAWESI UTARA",1,122,27,149
https://kawalpemilu.org#66944,"SIDODADI, SANGKUB, BOLAANG MONGONDOW UTARA, SULAWESI UTARA",2,123,25,148
https://kawalpemilu.org#66945,"SAMPIRO, SANGKUB, BOLAANG MONGONDOW UTARA, SULAWESI UTARA",1,160,7,167
https://kawalpemilu.org#66945,"SAMPIRO, SANGKUB, BOLAANG MONGONDOW UTARA, SULAWESI UTARA",2,150,16,166
https://kawalpemilu.org#66946,"SANGKUB III, SANGKUB, BOLAANG MONGONDOW UTARA, SULAWESI UTARA",1,117,136,253
https://kawalpemilu.org#66947,"BUSISINGO UTARA, SANGKUB, BOLAANG MONGONDOW UTARA, SULAWESI UTARA",1,68,65,133
https://kawalpemilu.org#66947,"BUSISINGO UTARA, SANGKUB, BOLAANG MONGONDOW UTARA, SULAWESI UTARA",2,61,54,115
https://kawalpemilu.org#66948,"SANGKUB IV, SANGKUB, BOLAANG MONGONDOW UTARA, SULAWESI UTARA",1,77,91,168
https://kawalpemilu.org#66948,"SANGKUB IV, SANGKUB, BOLAANG MONGONDOW UTARA, SULAWESI UTARA",2,83,104,187
https://kawalpemilu.org#66948,"SANGKUB IV, SANGKUB, BOLAANG MONGONDOW UTARA, SULAWESI UTARA",3,49,123,172
https://kawalpemilu.org#89913,"SUKA MAKMUR, SANGKUB, BOLAANG MONGONDOW UTARA, SULAWESI UTARA",1,152,105,257
https://kawalpemilu.org#89914,"SANGKUB TIMUR, SANGKUB, BOLAANG MONGONDOW UTARA, SULAWESI UTARA",1,96,152,248
https://kawalpemilu.org#89914,"SANGKUB TIMUR, SANGKUB, BOLAANG MONGONDOW UTARA, SULAWESI UTARA",2,81,154,235
https://kawalpemilu.org#89915,"MONOMPIA, SANGKUB, BOLAANG MONGONDOW UTARA, SULAWESI UTARA",1,99,160,259
https://kawalpemilu.org#89916,"MOKUSATO, SANGKUB, BOLAANG MONGONDOW UTARA, SULAWESI UTARA",1,60,126,186
https://kawalpemilu.org#89918,"APENG SEMBEKA, SANGKUB, BOLAANG MONGONDOW UTARA, SULAWESI UTARA",1,129,6,135
https://kawalpemilu.org#89918,"APENG SEMBEKA, SANGKUB, BOLAANG MONGONDOW UTARA, SULAWESI UTARA",2,128,15,143
https://kawalpemilu.org#66950,"BINTAUNA, BINTAUNA, BOLAANG MONGONDOW UTARA, SULAWESI UTARA",1,59,176,235
https://kawalpemilu.org#66950,"BINTAUNA, BINTAUNA, BOLAANG MONGONDOW UTARA, SULAWESI UTARA",2,45,185,230
https://kawalpemilu.org#66950,"BINTAUNA, BINTAUNA, BOLAANG MONGONDOW UTARA, SULAWESI UTARA",3,60,166,226
https://kawalpemilu.org#66951,"HUNTUK, BINTAUNA, BOLAANG MONGONDOW UTARA, SULAWESI UTARA",1,92,69,161
https://kawalpemilu.org#66951,"HUNTUK, BINTAUNA, BOLAANG MONGONDOW UTARA, SULAWESI UTARA",2,124,54,178
https://kawalpemilu.org#66952,"MOME, BINTAUNA, BOLAANG MONGONDOW UTARA, SULAWESI UTARA",1,154,14,168
https://kawalpemilu.org#66952,"MOME, BINTAUNA, BOLAANG MONGONDOW UTARA, SULAWESI UTARA",2,154,14,168
https://kawalpemilu.org#66953,"KUHANGA, BINTAUNA, BOLAANG MONGONDOW UTARA, SULAWESI UTARA",1,123,132,255
https://kawalpemilu.org#66953,"KUHANGA, BINTAUNA, BOLAANG MONGONDOW UTARA, SULAWESI UTARA",2,118,138,256
https://kawalpemilu.org#66953,"KUHANGA, BINTAUNA, BOLAANG MONGONDOW UTARA, SULAWESI UTARA",3,137,130,267
https://kawalpemilu.org#66954,"PADANG, BINTAUNA, BOLAANG MONGONDOW UTARA, SULAWESI UTARA",1,106,144,250
https://kawalpemilu.org#66954,"PADANG, BINTAUNA, BOLAANG MONGONDOW UTARA, SULAWESI UTARA",2,120,123,243
https://kawalpemilu.org#66955,"PIMPI, BINTAUNA, BOLAANG MONGONDOW UTARA, SULAWESI UTARA",1,44,176,220
https://kawalpemilu.org#66955,"PIMPI, BINTAUNA, BOLAANG MONGONDOW UTARA, SULAWESI UTARA",2,48,171,219
https://kawalpemilu.org#66956,"BUNIA, BINTAUNA, BOLAANG MONGONDOW UTARA, SULAWESI UTARA",1,66,142,208
https://kawalpemilu.org#66956,"BUNIA, BINTAUNA, BOLAANG MONGONDOW UTARA, SULAWESI UTARA",2,69,177,246
https://kawalpemilu.org#66956,"BUNIA, BINTAUNA, BOLAANG MONGONDOW UTARA, SULAWESI UTARA",3,99,128,227
https://kawalpemilu.org#66957,"TALAGA, BINTAUNA, BOLAANG MONGONDOW UTARA, SULAWESI UTARA",1,141,134,275
https://kawalpemilu.org#66957,"TALAGA, BINTAUNA, BOLAANG MONGONDOW UTARA, SULAWESI UTARA",2,71,190,261
https://kawalpemilu.org#66958,"BATULINTIK, BINTAUNA, BOLAANG MONGONDOW UTARA, SULAWESI UTARA",1,110,110,220
https://kawalpemilu.org#66958,"BATULINTIK, BINTAUNA, BOLAANG MONGONDOW UTARA, SULAWESI UTARA",2,107,119,226
https://kawalpemilu.org#66958,"BATULINTIK, BINTAUNA, BOLAANG MONGONDOW UTARA, SULAWESI UTARA",3,118,102,220
https://kawalpemilu.org#66959,"BINTAUNA PANTAI, BINTAUNA, BOLAANG MONGONDOW UTARA, SULAWESI UTARA",1,108,122,230
https://kawalpemilu.org#66959,"BINTAUNA PANTAI, BINTAUNA, BOLAANG MONGONDOW UTARA, SULAWESI UTARA",2,94,125,219
https://kawalpemilu.org#66959,"BINTAUNA PANTAI, BINTAUNA, BOLAANG MONGONDOW UTARA, SULAWESI UTARA",3,102,122,224
https://kawalpemilu.org#66959,"BINTAUNA PANTAI, BINTAUNA, BOLAANG MONGONDOW UTARA, SULAWESI UTARA",4,73,108,181
https://kawalpemilu.org#66960,"MINANGA, BINTAUNA, BOLAANG MONGONDOW UTARA, SULAWESI UTARA",1,92,102,194
https://kawalpemilu.org#66960,"MINANGA, BINTAUNA, BOLAANG MONGONDOW UTARA, SULAWESI UTARA",2,98,90,188
https://kawalpemilu.org#66960,"MINANGA, BINTAUNA, BOLAANG MONGONDOW UTARA, SULAWESI UTARA",3,94,103,197
https://kawalpemilu.org#66961,"KOPI, BINTAUNA, BOLAANG MONGONDOW UTARA, SULAWESI UTARA",1,59,119,178
https://kawalpemilu.org#66961,"KOPI, BINTAUNA, BOLAANG MONGONDOW UTARA, SULAWESI UTARA",2,67,115,182
https://kawalpemilu.org#66961,"KOPI, BINTAUNA, BOLAANG MONGONDOW UTARA, SULAWESI UTARA",3,50,130,180
https://kawalpemilu.org#66962,"VOA'A, BINTAUNA, BOLAANG MONGONDOW UTARA, SULAWESI UTARA",1,130,134,264
https://kawalpemilu.org#66962,"VOA'A, BINTAUNA, BOLAANG MONGONDOW UTARA, SULAWESI UTARA",2,115,134,249
https://kawalpemilu.org#66963,"BUNONG, BINTAUNA, BOLAANG MONGONDOW UTARA, SULAWESI UTARA",1,96,127,223
https://kawalpemilu.org#66963,"BUNONG, BINTAUNA, BOLAANG MONGONDOW UTARA, SULAWESI UTARA",2,83,130,213
https://kawalpemilu.org#66963,"BUNONG, BINTAUNA, BOLAANG MONGONDOW UTARA, SULAWESI UTARA",3,129,117,246
https://kawalpemilu.org#66964,"PADANG BARAT, BINTAUNA, BOLAANG MONGONDOW UTARA, SULAWESI UTARA",1,86,105,191
https://kawalpemilu.org#66964,"PADANG BARAT, BINTAUNA, BOLAANG MONGONDOW UTARA, SULAWESI UTARA",2,96,98,194
https://kawalpemilu.org#66964,"PADANG BARAT, BINTAUNA, BOLAANG MONGONDOW UTARA, SULAWESI UTARA",3,108,85,193
https://kawalpemilu.org#89919,"VAHUTA, BINTAUNA, BOLAANG MONGONDOW UTARA, SULAWESI UTARA",1,108,102,210
https://kawalpemilu.org#89919,"VAHUTA, BINTAUNA, BOLAANG MONGONDOW UTARA, SULAWESI UTARA",2,70,141,211
https://kawalpemilu.org#66966,"MOKODITEK, BOLANGITANG TIMUR, BOLAANG MONGONDOW UTARA, SULAWESI UTARA",1,225,4,229
https://kawalpemilu.org#66966,"MOKODITEK, BOLANGITANG TIMUR, BOLAANG MONGONDOW UTARA, SULAWESI UTARA",2,215,6,221
https://kawalpemilu.org#66967,"NUNUKA, BOLANGITANG TIMUR, BOLAANG MONGONDOW UTARA, SULAWESI UTARA",1,92,100,192
https://kawalpemilu.org#66967,"NUNUKA, BOLANGITANG TIMUR, BOLAANG MONGONDOW UTARA, SULAWESI UTARA",2,80,113,193
https://kawalpemilu.org#66968,"SALEO, BOLANGITANG TIMUR, BOLAANG MONGONDOW UTARA, SULAWESI UTARA",1,110,87,197
https://kawalpemilu.org#66968,"SALEO, BOLANGITANG TIMUR, BOLAANG MONGONDOW UTARA, SULAWESI UTARA",2,86,100,186
https://kawalpemilu.org#66968,"SALEO, BOLANGITANG TIMUR, BOLAANG MONGONDOW UTARA, SULAWESI UTARA",3,85,116,201
https://kawalpemilu.org#66969,"BOHABAK I, BOLANGITANG TIMUR, BOLAANG MONGONDOW UTARA, SULAWESI UTARA",1,106,133,239
https://kawalpemilu.org#66969,"BOHABAK I, BOLANGITANG TIMUR, BOLAANG MONGONDOW UTARA, SULAWESI UTARA",2,118,135,253
https://kawalpemilu.org#66969,"BOHABAK I, BOLANGITANG TIMUR, BOLAANG MONGONDOW UTARA, SULAWESI UTARA",3,103,133,236
https://kawalpemilu.org#66970,"BOHABAK II, BOLANGITANG TIMUR, BOLAANG MONGONDOW UTARA, SULAWESI UTARA",1,98,71,169
https://kawalpemilu.org#66970,"BOHABAK II, BOLANGITANG TIMUR, BOLAANG MONGONDOW UTARA, SULAWESI UTARA",2,109,60,169
https://kawalpemilu.org#66971,"BINJEITA, BOLANGITANG TIMUR, BOLAANG MONGONDOW UTARA, SULAWESI UTARA",1,37,137,174
https://kawalpemilu.org#66971,"BINJEITA, BOLANGITANG TIMUR, BOLAANG MONGONDOW UTARA, SULAWESI UTARA",2,53,140,193
https://kawalpemilu.org#66971,"BINJEITA, BOLANGITANG TIMUR, BOLAANG MONGONDOW UTARA, SULAWESI UTARA",3,43,139,182
https://kawalpemilu.org#66972,"BIONTONG, BOLANGITANG TIMUR, BOLAANG MONGONDOW UTARA, SULAWESI UTARA",1,117,129,246
https://kawalpemilu.org#66972,"BIONTONG, BOLANGITANG TIMUR, BOLAANG MONGONDOW UTARA, SULAWESI UTARA",2,111,144,255
https://kawalpemilu.org#66972,"BIONTONG, BOLANGITANG TIMUR, BOLAANG MONGONDOW UTARA, SULAWESI UTARA",3,95,144,239
https://kawalpemilu.org#66973,"BIONTONG I, BOLANGITANG TIMUR, BOLAANG MONGONDOW UTARA, SULAWESI UTARA",1,115,85,200
https://kawalpemilu.org#66973,"BIONTONG I, BOLANGITANG TIMUR, BOLAANG MONGONDOW UTARA, SULAWESI UTARA",2,130,78,208
https://kawalpemilu.org#66973,"BIONTONG I, BOLANGITANG TIMUR, BOLAANG MONGONDOW UTARA, SULAWESI UTARA",3,117,106,223
https://kawalpemilu.org#66973,"BIONTONG I, BOLANGITANG TIMUR, BOLAANG MONGONDOW UTARA, SULAWESI UTARA",4,139,68,207
https://kawalpemilu.org#66974,"BIONTONG II, BOLANGITANG TIMUR, BOLAANG MONGONDOW UTARA, SULAWESI UTARA",1,190,23,213
https://kawalpemilu.org#66975,"BOHABAK III, BOLANGITANG TIMUR, BOLAANG MONGONDOW UTARA, SULAWESI UTARA",1,146,79,225
https://kawalpemilu.org#66975,"BOHABAK III, BOLANGITANG TIMUR, BOLAANG MONGONDOW UTARA, SULAWESI UTARA",2,139,93,232
https://kawalpemilu.org#66976,"BOHABAK IV, BOLANGITANG TIMUR, BOLAANG MONGONDOW UTARA, SULAWESI UTARA",1,93,84,177
https://kawalpemilu.org#66976,"BOHABAK IV, BOLANGITANG TIMUR, BOLAANG MONGONDOW UTARA, SULAWESI UTARA",2,94,87,181
https://kawalpemilu.org#66976,"BOHABAK IV, BOLANGITANG TIMUR, BOLAANG MONGONDOW UTARA, SULAWESI UTARA",3,111,75,186
https://kawalpemilu.org#66977,"MOKODITEK I, BOLANGITANG TIMUR, BOLAANG MONGONDOW UTARA, SULAWESI UTARA",1,164,17,181
https://kawalpemilu.org#66977,"MOKODITEK I, BOLANGITANG TIMUR, BOLAANG MONGONDOW UTARA, SULAWESI UTARA",2,163,12,175
https://kawalpemilu.org#66978,"BINJEITA I, BOLANGITANG TIMUR, BOLAANG MONGONDOW UTARA, SULAWESI UTARA",1,73,106,179
https://kawalpemilu.org#66978,"BINJEITA I, BOLANGITANG TIMUR, BOLAANG MONGONDOW UTARA, SULAWESI UTARA",2,91,109,200
https://kawalpemilu.org#66978,"BINJEITA I, BOLANGITANG TIMUR, BOLAANG MONGONDOW UTARA, SULAWESI UTARA",3,81,98,179
https://kawalpemilu.org#66979,"BINJEITA II, BOLANGITANG TIMUR, BOLAANG MONGONDOW UTARA, SULAWESI UTARA",1,149,35,184
https://kawalpemilu.org#66979,"BINJEITA II, BOLANGITANG TIMUR, BOLAANG MONGONDOW UTARA, SULAWESI UTARA",2,167,31,198
https://kawalpemilu.org#66980,"BINUANGA, BOLANGITANG TIMUR, BOLAANG MONGONDOW UTARA, SULAWESI UTARA",1,146,70,216
https://kawalpemilu.org#66981,"SALEO I, BOLANGITANG TIMUR, BOLAANG MONGONDOW UTARA, SULAWESI UTARA",1,133,130,263
https://kawalpemilu.org#66981,"SALEO I, BOLANGITANG TIMUR, BOLAANG MONGONDOW UTARA, SULAWESI UTARA",2,127,116,243
https://kawalpemilu.org#89920,"BINUNI, BOLANGITANG TIMUR, BOLAANG MONGONDOW UTARA, SULAWESI UTARA",1,88,78,166
https://kawalpemilu.org#89920,"BINUNI, BOLANGITANG TIMUR, BOLAANG MONGONDOW UTARA, SULAWESI UTARA",2,103,65,168
https://kawalpemilu.org#89921,"TANJUNG LABOU, BOLANGITANG TIMUR, BOLAANG MONGONDOW UTARA, SULAWESI UTARA",1,80,76,156
https://kawalpemilu.org#89921,"TANJUNG LABOU, BOLANGITANG TIMUR, BOLAANG MONGONDOW UTARA, SULAWESI UTARA",2,91,51,142
https://kawalpemilu.org#89922,"NAGARA, BOLANGITANG TIMUR, BOLAANG MONGONDOW UTARA, SULAWESI UTARA",1,87,51,138
https://kawalpemilu.org#89922,"NAGARA, BOLANGITANG TIMUR, BOLAANG MONGONDOW UTARA, SULAWESI UTARA",2,87,52,139
https://kawalpemilu.org#89925,"LIPUBOGU, BOLANGITANG TIMUR, BOLAANG MONGONDOW UTARA, SULAWESI UTARA",1,115,66,181
https://kawalpemilu.org#89925,"LIPUBOGU, BOLANGITANG TIMUR, BOLAANG MONGONDOW UTARA, SULAWESI UTARA",2,109,70,179
https://kawalpemilu.org#66983,"PAKU, BOLANGITANG BARAT, BOLAANG MONGONDOW UTARA, SULAWESI UTARA",1,166,57,223
https://kawalpemilu.org#66983,"PAKU, BOLANGITANG BARAT, BOLAANG MONGONDOW UTARA, SULAWESI UTARA",2,157,68,225
https://kawalpemilu.org#66984,"OLLOT, BOLANGITANG BARAT, BOLAANG MONGONDOW UTARA, SULAWESI UTARA",1,83,114,197
https://kawalpemilu.org#66984,"OLLOT, BOLANGITANG BARAT, BOLAANG MONGONDOW UTARA, SULAWESI UTARA",2,81,112,193
https://kawalpemilu.org#66984,"OLLOT, BOLANGITANG BARAT, BOLAANG MONGONDOW UTARA, SULAWESI UTARA",3,73,112,185
https://kawalpemilu.org#66985,"SONUO, BOLANGITANG BARAT, BOLAANG MONGONDOW UTARA, SULAWESI UTARA",1,133,93,226
https://kawalpemilu.org#66985,"SONUO, BOLANGITANG BARAT, BOLAANG MONGONDOW UTARA, SULAWESI UTARA",2,102,119,221
https://kawalpemilu.org#66985,"SONUO, BOLANGITANG BARAT, BOLAANG MONGONDOW UTARA, SULAWESI UTARA",3,101,119,220
https://kawalpemilu.org#66985,"SONUO, BOLANGITANG BARAT, BOLAANG MONGONDOW UTARA, SULAWESI UTARA",4,91,121,212
https://kawalpemilu.org#66985,"SONUO, BOLANGITANG BARAT, BOLAANG MONGONDOW UTARA, SULAWESI UTARA",5,91,135,226
https://kawalpemilu.org#66986,"JAMBUSARANG, BOLANGITANG BARAT, BOLAANG MONGONDOW UTARA, SULAWESI UTARA",1,151,84,235
https://kawalpemilu.org#66986,"JAMBUSARANG, BOLANGITANG BARAT, BOLAANG MONGONDOW UTARA, SULAWESI UTARA",2,152,91,243
https://kawalpemilu.org#66986,"JAMBUSARANG, BOLANGITANG BARAT, BOLAANG MONGONDOW UTARA, SULAWESI UTARA",3,134,128,262
https://kawalpemilu.org#66987,"TALAGA TOMOAGU, BOLANGITANG BARAT, BOLAANG MONGONDOW UTARA, SULAWESI UTARA",1,143,105,248
https://kawalpemilu.org#66987,"TALAGA TOMOAGU, BOLANGITANG BARAT, BOLAANG MONGONDOW UTARA, SULAWESI UTARA",2,171,79,250
https://kawalpemilu.org#66988,"BOLANGITANG, BOLANGITANG BARAT, BOLAANG MONGONDOW UTARA, SULAWESI UTARA",1,126,132,258
https://kawalpemilu.org#66989,"LANGI, BOLANGITANG BARAT, BOLAANG MONGONDOW UTARA, SULAWESI UTARA",1,71,140,211
https://kawalpemilu.org#66989,"LANGI, BOLANGITANG BARAT, BOLAANG MONGONDOW UTARA, SULAWESI UTARA",2,96,131,227
https://kawalpemilu.org#66990,"IYOK, BOLANGITANG BARAT, BOLAANG MONGONDOW UTARA, SULAWESI UTARA",1,63,145,208
https://kawalpemilu.org#66990,"IYOK, BOLANGITANG BARAT, BOLAANG MONGONDOW UTARA, SULAWESI UTARA",2,66,140,206
https://kawalpemilu.org#66991,"TOTE, BOLANGITANG BARAT, BOLAANG MONGONDOW UTARA, SULAWESI UTARA",1,111,86,197
https://kawalpemilu.org#66991,"TOTE, BOLANGITANG BARAT, BOLAANG MONGONDOW UTARA, SULAWESI UTARA",2,98,89,187
https://kawalpemilu.org#66992,"WAKAT, BOLANGITANG BARAT, BOLAANG MONGONDOW UTARA, SULAWESI UTARA",1,89,95,184
https://kawalpemilu.org#66992,"WAKAT, BOLANGITANG BARAT, BOLAANG MONGONDOW UTARA, SULAWESI UTARA",2,66,127,193
https://kawalpemilu.org#66992,"WAKAT, BOLANGITANG BARAT, BOLAANG MONGONDOW UTARA, SULAWESI UTARA",3,102,83,185
https://kawalpemilu.org#66993,"BOLANGITANG I, BOLANGITANG BARAT, BOLAANG MONGONDOW UTARA, SULAWESI UTARA",1,112,104,216
https://kawalpemilu.org#66993,"BOLANGITANG I, BOLANGITANG BARAT, BOLAANG MONGONDOW UTARA, SULAWESI UTARA",2,100,128,228
https://kawalpemilu.org#66993,"BOLANGITANG I, BOLANGITANG BARAT, BOLAANG MONGONDOW UTARA, SULAWESI UTARA",3,91,131,222
https://kawalpemilu.org#66994,"BOLANGITANG II, BOLANGITANG BARAT, BOLAANG MONGONDOW UTARA, SULAWESI UTARA",1,99,93,192
https://kawalpemilu.org#66994,"BOLANGITANG II, BOLANGITANG BARAT, BOLAANG MONGONDOW UTARA, SULAWESI UTARA",2,64,104,168
https://kawalpemilu.org#66994,"BOLANGITANG II, BOLANGITANG BARAT, BOLAANG MONGONDOW UTARA, SULAWESI UTARA",3,85,105,190
https://kawalpemilu.org#66995,"OLLOT I, BOLANGITANG BARAT, BOLAANG MONGONDOW UTARA, SULAWESI UTARA",1,97,142,239
https://kawalpemilu.org#66995,"OLLOT I, BOLANGITANG BARAT, BOLAANG MONGONDOW UTARA, SULAWESI UTARA",2,90,166,256
https://kawalpemilu.org#66996,"OLLOT II, BOLANGITANG BARAT, BOLAANG MONGONDOW UTARA, SULAWESI UTARA",1,140,47,187
https://kawalpemilu.org#66996,"OLLOT II, BOLANGITANG BARAT, BOLAANG MONGONDOW UTARA, SULAWESI UTARA",2,127,49,176
https://kawalpemilu.org#66996,"OLLOT II, BOLANGITANG BARAT, BOLAANG MONGONDOW UTARA, SULAWESI UTARA",3,137,43,180
https://kawalpemilu.org#66997,"TALAGA, BOLANGITANG BARAT, BOLAANG MONGONDOW UTARA, SULAWESI UTARA",1,99,88,187
https://kawalpemilu.org#66997,"TALAGA, BOLANGITANG BARAT, BOLAANG MONGONDOW UTARA, SULAWESI UTARA",2,114,72,186
https://kawalpemilu.org#66997,"TALAGA, BOLANGITANG BARAT, BOLAANG MONGONDOW UTARA, SULAWESI UTARA",3,97,79,176
https://kawalpemilu.org#66998,"PAKU SELATAN, BOLANGITANG BARAT, BOLAANG MONGONDOW UTARA, SULAWESI UTARA",1,125,85,210
https://kawalpemilu.org#66998,"PAKU SELATAN, BOLANGITANG BARAT, BOLAANG MONGONDOW UTARA, SULAWESI UTARA",2,118,76,194
https://kawalpemilu.org#66998,"PAKU SELATAN, BOLANGITANG BARAT, BOLAANG MONGONDOW UTARA, SULAWESI UTARA",3,117,104,221
https://kawalpemilu.org#89926,"TANJUNG BUAYA, BOLANGITANG BARAT, BOLAANG MONGONDOW UTARA, SULAWESI UTARA",1,76,67,143
https://kawalpemilu.org#89926,"TANJUNG BUAYA, BOLANGITANG BARAT, BOLAANG MONGONDOW UTARA, SULAWESI UTARA",2,86,61,147
https://kawalpemilu.org#89927,"KEIMANGA, BOLANGITANG BARAT, BOLAANG MONGONDOW UTARA, SULAWESI UTARA",1,198,62,260
https://kawalpemilu.org#89927,"KEIMANGA, BOLANGITANG BARAT, BOLAANG MONGONDOW UTARA, SULAWESI UTARA",2,175,75,250
https://kawalpemilu.org#67000,"SOLO, KAIDIPANG, BOLAANG MONGONDOW UTARA, SULAWESI UTARA",1,212,24,236
https://kawalpemilu.org#67000,"SOLO, KAIDIPANG, BOLAANG MONGONDOW UTARA, SULAWESI UTARA",2,93,6,99
https://kawalpemilu.org#67001,"BOROKO, KAIDIPANG, BOLAANG MONGONDOW UTARA, SULAWESI UTARA",1,107,149,256
https://kawalpemilu.org#67001,"BOROKO, KAIDIPANG, BOLAANG MONGONDOW UTARA, SULAWESI UTARA",2,114,143,257
https://kawalpemilu.org#67001,"BOROKO, KAIDIPANG, BOLAANG MONGONDOW UTARA, SULAWESI UTARA",3,118,137,255
https://kawalpemilu.org#67001,"BOROKO, KAIDIPANG, BOLAANG MONGONDOW UTARA, SULAWESI UTARA",4,134,124,258
https://kawalpemilu.org#67001,"BOROKO, KAIDIPANG, BOLAANG MONGONDOW UTARA, SULAWESI UTARA",5,122,127,249
https://kawalpemilu.org#67002,"BIGO, KAIDIPANG, BOLAANG MONGONDOW UTARA, SULAWESI UTARA",1,88,122,210
https://kawalpemilu.org#67002,"BIGO, KAIDIPANG, BOLAANG MONGONDOW UTARA, SULAWESI UTARA",2,82,143,225
https://kawalpemilu.org#67002,"BIGO, KAIDIPANG, BOLAANG MONGONDOW UTARA, SULAWESI UTARA",3,69,172,241
https://kawalpemilu.org#67003,"KUALA, KAIDIPANG, BOLAANG MONGONDOW UTARA, SULAWESI UTARA",1,107,93,200
https://kawalpemilu.org#67003,"KUALA, KAIDIPANG, BOLAANG MONGONDOW UTARA, SULAWESI UTARA",2,83,117,200
https://kawalpemilu.org#67003,"KUALA, KAIDIPANG, BOLAANG MONGONDOW UTARA, SULAWESI UTARA",3,108,99,207
https://kawalpemilu.org#67003,"KUALA, KAIDIPANG, BOLAANG MONGONDOW UTARA, SULAWESI UTARA",4,103,93,196
https://kawalpemilu.org#67004,"PONTAK, KAIDIPANG, BOLAANG MONGONDOW UTARA, SULAWESI UTARA",1,130,140,270
https://kawalpemilu.org#67004,"PONTAK, KAIDIPANG, BOLAANG MONGONDOW UTARA, SULAWESI UTARA",2,147,128,275
https://kawalpemilu.org#67005,"INOMUNGA, KAIDIPANG, BOLAANG MONGONDOW UTARA, SULAWESI UTARA",1,109,103,212
https://kawalpemilu.org#67005,"INOMUNGA, KAIDIPANG, BOLAANG MONGONDOW UTARA, SULAWESI UTARA",2,116,105,221
https://kawalpemilu.org#67006,"KOMUS II, KAIDIPANG, BOLAANG MONGONDOW UTARA, SULAWESI UTARA",1,246,24,270
https://kawalpemilu.org#67007,"BOROKO TIMUR, KAIDIPANG, BOLAANG MONGONDOW UTARA, SULAWESI UTARA",1,89,166,255
https://kawalpemilu.org#67007,"BOROKO TIMUR, KAIDIPANG, BOLAANG MONGONDOW UTARA, SULAWESI UTARA",2,71,143,214
https://kawalpemilu.org#67007,"BOROKO TIMUR, KAIDIPANG, BOLAANG MONGONDOW UTARA, SULAWESI UTARA",3,98,126,224
https://kawalpemilu.org#67007,"BOROKO TIMUR, KAIDIPANG, BOLAANG MONGONDOW UTARA, SULAWESI UTARA",4,88,138,226
https://kawalpemilu.org#67007,"BOROKO TIMUR, KAIDIPANG, BOLAANG MONGONDOW UTARA, SULAWESI UTARA",5,76,142,218
https://kawalpemilu.org#67008,"KUALA UTARA, KAIDIPANG, BOLAANG MONGONDOW UTARA, SULAWESI UTARA",1,89,133,222
https://kawalpemilu.org#67008,"KUALA UTARA, KAIDIPANG, BOLAANG MONGONDOW UTARA, SULAWESI UTARA",2,104,139,243
https://kawalpemilu.org#67008,"KUALA UTARA, KAIDIPANG, BOLAANG MONGONDOW UTARA, SULAWESI UTARA",3,109,122,231
https://kawalpemilu.org#67008,"KUALA UTARA, KAIDIPANG, BOLAANG MONGONDOW UTARA, SULAWESI UTARA",4,95,150,245
https://kawalpemilu.org#67009,"SOLIGIR, KAIDIPANG, BOLAANG MONGONDOW UTARA, SULAWESI UTARA",1,102,74,176
https://kawalpemilu.org#67009,"SOLIGIR, KAIDIPANG, BOLAANG MONGONDOW UTARA, SULAWESI UTARA",2,100,83,183
https://kawalpemilu.org#67010,"BIGO SELATAN, KAIDIPANG, BOLAANG MONGONDOW UTARA, SULAWESI UTARA",1,72,127,199
https://kawalpemilu.org#67010,"BIGO SELATAN, KAIDIPANG, BOLAANG MONGONDOW UTARA, SULAWESI UTARA",2,81,113,194
https://kawalpemilu.org#67010,"BIGO SELATAN, KAIDIPANG, BOLAANG MONGONDOW UTARA, SULAWESI UTARA",3,84,105,189
https://kawalpemilu.org#67011,"INOMUNGA UTARA, KAIDIPANG, BOLAANG MONGONDOW UTARA, SULAWESI UTARA",1,150,59,209
https://kawalpemilu.org#67012,"KOMUS II TIMUR, KAIDIPANG, BOLAANG MONGONDOW UTARA, SULAWESI UTARA",1,202,25,2
https://kawalpemilu.org#85607,"GIHANG, KAIDIPANG, BOLAANG MONGONDOW UTARA, SULAWESI UTARA",1,125,110,235
https://kawalpemilu.org#85607,"GIHANG, KAIDIPANG, BOLAANG MONGONDOW UTARA, SULAWESI UTARA",2,123,96,219
https://kawalpemilu.org#85608,"BOROKO UTARA, KAIDIPANG, BOLAANG MONGONDOW UTARA, SULAWESI UTARA",1,85,123,208
https://kawalpemilu.org#85608,"BOROKO UTARA, KAIDIPANG, BOLAANG MONGONDOW UTARA, SULAWESI UTARA",2,80,146,226
https://kawalpemilu.org#67014,"KOMUS I, PINOGALUMAN, BOLAANG MONGONDOW UTARA, SULAWESI UTARA",1,166,25,191
https://kawalpemilu.org#67015,"TUNTUNG, PINOGALUMAN, BOLAANG MONGONDOW UTARA, SULAWESI UTARA",1,82,69,151
https://kawalpemilu.org#67015,"TUNTUNG, PINOGALUMAN, BOLAANG MONGONDOW UTARA, SULAWESI UTARA",2,87,71,158
https://kawalpemilu.org#67016,"BATU TAJAM, PINOGALUMAN, BOLAANG MONGONDOW UTARA, SULAWESI UTARA",1,238,29,267
https://kawalpemilu.org#67017,"DALAPULI, PINOGALUMAN, BOLAANG MONGONDOW UTARA, SULAWESI UTARA",1,72,85,157
https://kawalpemilu.org#67017,"DALAPULI, PINOGALUMAN, BOLAANG MONGONDOW UTARA, SULAWESI UTARA",2,54,98,152
https://kawalpemilu.org#67018,"BUKO, PINOGALUMAN, BOLAANG MONGONDOW UTARA, SULAWESI UTARA",1,65,120,185
https://kawalpemilu.org#67018,"BUKO, PINOGALUMAN, BOLAANG MONGONDOW UTARA, SULAWESI UTARA",2,59,132,191
https://kawalpemilu.org#67018,"BUKO, PINOGALUMAN, BOLAANG MONGONDOW UTARA, SULAWESI UTARA",3,58,117,175
https://kawalpemilu.org#67019,"DENGI, PINOGALUMAN, BOLAANG MONGONDOW UTARA, SULAWESI UTARA",1,79,72,151
https://kawalpemilu.org#67019,"DENGI, PINOGALUMAN, BOLAANG MONGONDOW UTARA, SULAWESI UTARA",2,88,64,152
https://kawalpemilu.org#67020,"TOMBULANG, PINOGALUMAN, BOLAANG MONGONDOW UTARA, SULAWESI UTARA",1,51,114,165
https://kawalpemilu.org#67020,"TOMBULANG, PINOGALUMAN, BOLAANG MONGONDOW UTARA, SULAWESI UTARA",2,54,104,158
https://kawalpemilu.org#67021,"TONTULOW, PINOGALUMAN, BOLAANG MONGONDOW UTARA, SULAWESI UTARA",1,123,125,248
https://kawalpemilu.org#67021,"TONTULOW, PINOGALUMAN, BOLAANG MONGONDOW UTARA, SULAWESI UTARA",2,123,106,229
https://kawalpemilu.org#67022,"KAYUOGU, PINOGALUMAN, BOLAANG MONGONDOW UTARA, SULAWESI UTARA",1,48,98,146
https://kawalpemilu.org#67022,"KAYUOGU, PINOGALUMAN, BOLAANG MONGONDOW UTARA, SULAWESI UTARA",2,50,102,152
https://kawalpemilu.org#67023,"TANJUNG SIDUPA, PINOGALUMAN, BOLAANG MONGONDOW UTARA, SULAWESI UTARA",1,256,14,270
https://kawalpemilu.org#67024,"BUKO SELATAN, PINOGALUMAN, BOLAANG MONGONDOW UTARA, SULAWESI UTARA",1,84,110,194
https://kawalpemilu.org#67024,"BUKO SELATAN, PINOGALUMAN, BOLAANG MONGONDOW UTARA, SULAWESI UTARA",2,89,108,197
https://kawalpemilu.org#67025,"BUSATO, PINOGALUMAN, BOLAANG MONGONDOW UTARA, SULAWESI UTARA",1,98,90,188
https://kawalpemilu.org#67025,"BUSATO, PINOGALUMAN, BOLAANG MONGONDOW UTARA, SULAWESI UTARA",2,91,100,191
https://kawalpemilu.org#67026,"BATU BANTAYO, PINOGALUMAN, BOLAANG MONGONDOW UTARA, SULAWESI UTARA",1,101,92,193
https://kawalpemilu.org#67026,"BATU BANTAYO, PINOGALUMAN, BOLAANG MONGONDOW UTARA, SULAWESI UTARA",2,87,99,186
https://kawalpemilu.org#67027,"DALAPULI TIMUR, PINOGALUMAN, BOLAANG MONGONDOW UTARA, SULAWESI UTARA",1,75,97,172
https://kawalpemilu.org#67027,"DALAPULI TIMUR, PINOGALUMAN, BOLAANG MONGONDOW UTARA, SULAWESI UTARA",2,70,87,157
https://kawalpemilu.org#67028,"DALAPULI BARAT, PINOGALUMAN, BOLAANG MONGONDOW UTARA, SULAWESI UTARA",1,81,85,166
https://kawalpemilu.org#67028,"DALAPULI BARAT, PINOGALUMAN, BOLAANG MONGONDOW UTARA, SULAWESI UTARA",2,96,91,187
https://kawalpemilu.org#67029,"BUKO UTARA, PINOGALUMAN, BOLAANG MONGONDOW UTARA, SULAWESI UTARA",1,75,95,170
https://kawalpemilu.org#67029,"BUKO UTARA, PINOGALUMAN, BOLAANG MONGONDOW UTARA, SULAWESI UTARA",2,73,106,179
https://kawalpemilu.org#67030,"TONTULOW UTARA, PINOGALUMAN, BOLAANG MONGONDOW UTARA, SULAWESI UTARA",1,125,67,192
https://kawalpemilu.org#67030,"TONTULOW UTARA, PINOGALUMAN, BOLAANG MONGONDOW UTARA, SULAWESI UTARA",2,100,99,199
https://kawalpemilu.org#67031,"TOMBULANG TIMUR, PINOGALUMAN, BOLAANG MONGONDOW UTARA, SULAWESI UTARA",1,67,181,248
https://kawalpemilu.org#67032,"DUINI, PINOGALUMAN, BOLAANG MONGONDOW UTARA, SULAWESI UTARA",1,81,59,140
https://kawalpemilu.org#67032,"DUINI, PINOGALUMAN, BOLAANG MONGONDOW UTARA, SULAWESI UTARA",2,86,50,136
https://kawalpemilu.org#67033,"TUNTUNG TIMUR, PINOGALUMAN, BOLAANG MONGONDOW UTARA, SULAWESI UTARA",1,145,60,205
https://kawalpemilu.org#67033,"TUNTUNG TIMUR, PINOGALUMAN, BOLAANG MONGONDOW UTARA, SULAWESI UTARA",2,125,71,196
https://kawalpemilu.org#67034,"TOMBULANG PANTAI, PINOGALUMAN, BOLAANG MONGONDOW UTARA, SULAWESI UTARA",1,94,167,261
https://kawalpemilu.org#85609,"PADANGO, PINOGALUMAN, BOLAANG MONGONDOW UTARA, SULAWESI UTARA",1,82,149,231
https://kawalpemilu.org#67037,"TATAHADENG, SIAU TIMUR, KEP. SIAU TAGULANDANG BIARO, SULAWESI UTARA",1,214,24,238
https://kawalpemilu.org#67037,"TATAHADENG, SIAU TIMUR, KEP. SIAU TAGULANDANG BIARO, SULAWESI UTARA",2,198,32,230
https://kawalpemilu.org#67037,"TATAHADENG, SIAU TIMUR, KEP. SIAU TAGULANDANG BIARO, SULAWESI UTARA",3,185,22,207
https://kawalpemilu.org#67037,"TATAHADENG, SIAU TIMUR, KEP. SIAU TAGULANDANG BIARO, SULAWESI UTARA",4,169,26,195
https://kawalpemilu.org#67037,"TATAHADENG, SIAU TIMUR, KEP. SIAU TAGULANDANG BIARO, SULAWESI UTARA",5,166,26,192
https://kawalpemilu.org#67037,"TATAHADENG, SIAU TIMUR, KEP. SIAU TAGULANDANG BIARO, SULAWESI UTARA",6,219,31,250
https://kawalpemilu.org#67037,"TATAHADENG, SIAU TIMUR, KEP. SIAU TAGULANDANG BIARO, SULAWESI UTARA",7,234,13,247
https://kawalpemilu.org#67038,"TARORANE, SIAU TIMUR, KEP. SIAU TAGULANDANG BIARO, SULAWESI UTARA",1,178,32,210
https://kawalpemilu.org#67038,"TARORANE, SIAU TIMUR, KEP. SIAU TAGULANDANG BIARO, SULAWESI UTARA",2,219,22,241
https://kawalpemilu.org#67038,"TARORANE, SIAU TIMUR, KEP. SIAU TAGULANDANG BIARO, SULAWESI UTARA",3,157,54,211
https://kawalpemilu.org#67038,"TARORANE, SIAU TIMUR, KEP. SIAU TAGULANDANG BIARO, SULAWESI UTARA",4,164,38,202
https://kawalpemilu.org#67038,"TARORANE, SIAU TIMUR, KEP. SIAU TAGULANDANG BIARO, SULAWESI UTARA",5,109,86,195
https://kawalpemilu.org#67038,"TARORANE, SIAU TIMUR, KEP. SIAU TAGULANDANG BIARO, SULAWESI UTARA",6,149,53,202
https://kawalpemilu.org#67038,"TARORANE, SIAU TIMUR, KEP. SIAU TAGULANDANG BIARO, SULAWESI UTARA",7,139,55,194
https://kawalpemilu.org#67039,"AKESIMBEKA, SIAU TIMUR, KEP. SIAU TAGULANDANG BIARO, SULAWESI UTARA",1,229,28,257
https://kawalpemilu.org#67039,"AKESIMBEKA, SIAU TIMUR, KEP. SIAU TAGULANDANG BIARO, SULAWESI UTARA",2,201,26,227
https://kawalpemilu.org#67039,"AKESIMBEKA, SIAU TIMUR, KEP. SIAU TAGULANDANG BIARO, SULAWESI UTARA",3,169,10,179
https://kawalpemilu.org#67039,"AKESIMBEKA, SIAU TIMUR, KEP. SIAU TAGULANDANG BIARO, SULAWESI UTARA",4,109,12,121
https://kawalpemilu.org#67039,"AKESIMBEKA, SIAU TIMUR, KEP. SIAU TAGULANDANG BIARO, SULAWESI UTARA",5,209,25,234
https://kawalpemilu.org#67039,"AKESIMBEKA, SIAU TIMUR, KEP. SIAU TAGULANDANG BIARO, SULAWESI UTARA",6,187,15,202
https://kawalpemilu.org#67040,"BAHU, SIAU TIMUR, KEP. SIAU TAGULANDANG BIARO, SULAWESI UTARA",1,173,43,216
https://kawalpemilu.org#67040,"BAHU, SIAU TIMUR, KEP. SIAU TAGULANDANG BIARO, SULAWESI UTARA",2,199,32,231
https://kawalpemilu.org#67040,"BAHU, SIAU TIMUR, KEP. SIAU TAGULANDANG BIARO, SULAWESI UTARA",3,142,17,159
https://kawalpemilu.org#67040,"BAHU, SIAU TIMUR, KEP. SIAU TAGULANDANG BIARO, SULAWESI UTARA",4,187,29,216
https://kawalpemilu.org#67040,"BAHU, SIAU TIMUR, KEP. SIAU TAGULANDANG BIARO, SULAWESI UTARA",5,181,24,205
https://kawalpemilu.org#67040,"BAHU, SIAU TIMUR, KEP. SIAU TAGULANDANG BIARO, SULAWESI UTARA",6,98,11,109
https://kawalpemilu.org#67040,"BAHU, SIAU TIMUR, KEP. SIAU TAGULANDANG BIARO, SULAWESI UTARA",7,178,36,214
https://kawalpemilu.org#67041,"BUKIDE, SIAU TIMUR, KEP. SIAU TAGULANDANG BIARO, SULAWESI UTARA",1,143,44,187
https://kawalpemilu.org#67041,"BUKIDE, SIAU TIMUR, KEP. SIAU TAGULANDANG BIARO, SULAWESI UTARA",2,141,47,188
https://kawalpemilu.org#67041,"BUKIDE, SIAU TIMUR, KEP. SIAU TAGULANDANG BIARO, SULAWESI UTARA",3,159,53,212
https://kawalpemilu.org#67042,"APELAWO, SIAU TIMUR, KEP. SIAU TAGULANDANG BIARO, SULAWESI UTARA",1,137,52,189
https://kawalpemilu.org#67042,"APELAWO, SIAU TIMUR, KEP. SIAU TAGULANDANG BIARO, SULAWESI UTARA",2,150,31,181
https://kawalpemilu.org#67043,"DEAHE, SIAU TIMUR, KEP. SIAU TAGULANDANG BIARO, SULAWESI UTARA",1,174,19,193
https://kawalpemilu.org#67043,"DEAHE, SIAU TIMUR, KEP. SIAU TAGULANDANG BIARO, SULAWESI UTARA",2,138,47,185
https://kawalpemilu.org#67044,"LIA, SIAU TIMUR, KEP. SIAU TAGULANDANG BIARO, SULAWESI UTARA",1,160,30,190
https://kawalpemilu.org#67044,"LIA, SIAU TIMUR, KEP. SIAU TAGULANDANG BIARO, SULAWESI UTARA",2,168,15,183
https://kawalpemilu.org#67045,"KANANG, SIAU TIMUR, KEP. SIAU TAGULANDANG BIARO, SULAWESI UTARA",1,185,23,208
https://kawalpemilu.org#67045,"KANANG, SIAU TIMUR, KEP. SIAU TAGULANDANG BIARO, SULAWESI UTARA",2,168,32,200
https://kawalpemilu.org#67045,"KANANG, SIAU TIMUR, KEP. SIAU TAGULANDANG BIARO, SULAWESI UTARA",3,159,32,191
https://kawalpemilu.org#67045,"KANANG, SIAU TIMUR, KEP. SIAU TAGULANDANG BIARO, SULAWESI UTARA",4,186,19,205
https://kawalpemilu.org#67046,"BUISE, SIAU TIMUR, KEP. SIAU TAGULANDANG BIARO, SULAWESI UTARA",1,213,46,259
https://kawalpemilu.org#67047,"KARALUNG, SIAU TIMUR, KEP. SIAU TAGULANDANG BIARO, SULAWESI UTARA",1,168,30,198
https://kawalpemilu.org#67047,"KARALUNG, SIAU TIMUR, KEP. SIAU TAGULANDANG BIARO, SULAWESI UTARA",2,194,15,209
https://kawalpemilu.org#67047,"KARALUNG, SIAU TIMUR, KEP. SIAU TAGULANDANG BIARO, SULAWESI UTARA",3,174,22,196
https://kawalpemilu.org#67048,"DAME, SIAU TIMUR, KEP. SIAU TAGULANDANG BIARO, SULAWESI UTARA",1,180,33,213
https://kawalpemilu.org#67048,"DAME, SIAU TIMUR, KEP. SIAU TAGULANDANG BIARO, SULAWESI UTARA",2,180,37,217
https://kawalpemilu.org#67048,"DAME, SIAU TIMUR, KEP. SIAU TAGULANDANG BIARO, SULAWESI UTARA",3,155,64,219
https://kawalpemilu.org#67049,"BEBALI, SIAU TIMUR, KEP. SIAU TAGULANDANG BIARO, SULAWESI UTARA",1,222,33,255
https://kawalpemilu.org#67049,"BEBALI, SIAU TIMUR, KEP. SIAU TAGULANDANG BIARO, SULAWESI UTARA",2,229,9,238
https://kawalpemilu.org#67049,"BEBALI, SIAU TIMUR, KEP. SIAU TAGULANDANG BIARO, SULAWESI UTARA",3,181,13,194
https://kawalpemilu.org#67050,"DAME I, SIAU TIMUR, KEP. SIAU TAGULANDANG BIARO, SULAWESI UTARA",1,180,28,208
https://kawalpemilu.org#67050,"DAME I, SIAU TIMUR, KEP. SIAU TAGULANDANG BIARO, SULAWESI UTARA",2,185,22,207
https://kawalpemilu.org#85612,"LIA SATU, SIAU TIMUR, KEP. SIAU TAGULANDANG BIARO, SULAWESI UTARA",1,129,4,133
https://kawalpemilu.org#85612,"LIA SATU, SIAU TIMUR, KEP. SIAU TAGULANDANG BIARO, SULAWESI UTARA",2,124,2,126
https://kawalpemilu.org#89958,"KARALUNG  SATU, SIAU TIMUR, KEP. SIAU TAGULANDANG BIARO, SULAWESI UTARA",1,163,32,195
https://kawalpemilu.org#89958,"KARALUNG  SATU, SIAU TIMUR, KEP. SIAU TAGULANDANG BIARO, SULAWESI UTARA",2,113,8,121
https://kawalpemilu.org#67052,"PELING SAWANG, SIAU BARAT, KEP. SIAU TAGULANDANG BIARO, SULAWESI UTARA",1,153,37,190
https://kawalpemilu.org#67052,"PELING SAWANG, SIAU BARAT, KEP. SIAU TAGULANDANG BIARO, SULAWESI UTARA",3,87,25,112
https://kawalpemilu.org#67053,"PASENG, SIAU BARAT, KEP. SIAU TAGULANDANG BIARO, SULAWESI UTARA",1,225,28,253
https://kawalpemilu.org#67053,"PASENG, SIAU BARAT, KEP. SIAU TAGULANDANG BIARO, SULAWESI UTARA",2,223,19,242
https://kawalpemilu.org#67054,"PANIKI, SIAU BARAT, KEP. SIAU TAGULANDANG BIARO, SULAWESI UTARA",1,187,29,216
https://kawalpemilu.org#67054,"PANIKI, SIAU BARAT, KEP. SIAU TAGULANDANG BIARO, SULAWESI UTARA",2,185,21,206
https://kawalpemilu.org#67054,"PANIKI, SIAU BARAT, KEP. SIAU TAGULANDANG BIARO, SULAWESI UTARA",3,200,25,225
https://kawalpemilu.org#67054,"PANIKI, SIAU BARAT, KEP. SIAU TAGULANDANG BIARO, SULAWESI UTARA",4,184,38,222
https://kawalpemilu.org#67054,"PANIKI, SIAU BARAT, KEP. SIAU TAGULANDANG BIARO, SULAWESI UTARA",5,185,23,208
https://kawalpemilu.org#67054,"PANIKI, SIAU BARAT, KEP. SIAU TAGULANDANG BIARO, SULAWESI UTARA",6,183,22,205
https://kawalpemilu.org#67055,"ONDONG, SIAU BARAT, KEP. SIAU TAGULANDANG BIARO, SULAWESI UTARA",1,142,49,191
https://kawalpemilu.org#67055,"ONDONG, SIAU BARAT, KEP. SIAU TAGULANDANG BIARO, SULAWESI UTARA",2,221,28,249
https://kawalpemilu.org#67056,"KANAWONG, SIAU BARAT, KEP. SIAU TAGULANDANG BIARO, SULAWESI UTARA",1,219,44,263
https://kawalpemilu.org#67056,"KANAWONG, SIAU BARAT, KEP. SIAU TAGULANDANG BIARO, SULAWESI UTARA",2,153,34,187
https://kawalpemilu.org#67057,"BUMBIHA, SIAU BARAT, KEP. SIAU TAGULANDANG BIARO, SULAWESI UTARA",1,146,50,196
https://kawalpemilu.org#67057,"BUMBIHA, SIAU BARAT, KEP. SIAU TAGULANDANG BIARO, SULAWESI UTARA",2,162,39,201
https://kawalpemilu.org#67058,"PEHE, SIAU BARAT, KEP. SIAU TAGULANDANG BIARO, SULAWESI UTARA",1,108,14,122
https://kawalpemilu.org#67058,"PEHE, SIAU BARAT, KEP. SIAU TAGULANDANG BIARO, SULAWESI UTARA",2,141,15,156
https://kawalpemilu.org#67059,"LEHI, SIAU BARAT, KEP. SIAU TAGULANDANG BIARO, SULAWESI UTARA",1,169,19,188
https://kawalpemilu.org#67059,"LEHI, SIAU BARAT, KEP. SIAU TAGULANDANG BIARO, SULAWESI UTARA",2,172,15,187
https://kawalpemilu.org#67060,"PELING, SIAU BARAT, KEP. SIAU TAGULANDANG BIARO, SULAWESI UTARA",1,190,27,217
https://kawalpemilu.org#67060,"PELING, SIAU BARAT, KEP. SIAU TAGULANDANG BIARO, SULAWESI UTARA",2,191,10,201
https://kawalpemilu.org#67060,"PELING, SIAU BARAT, KEP. SIAU TAGULANDANG BIARO, SULAWESI UTARA",3,190,24,214
https://kawalpemilu.org#67061,"MAKALEHI, SIAU BARAT, KEP. SIAU TAGULANDANG BIARO, SULAWESI UTARA",1,205,15,220
https://kawalpemilu.org#85613,"MAKALEHI UTARA, SIAU BARAT, KEP. SIAU TAGULANDANG BIARO, SULAWESI UTARA",1,121,5,126
https://kawalpemilu.org#85613,"MAKALEHI UTARA, SIAU BARAT, KEP. SIAU TAGULANDANG BIARO, SULAWESI UTARA",2,99,22,121
https://kawalpemilu.org#85614,"MAKALEHI TIMUR, SIAU BARAT, KEP. SIAU TAGULANDANG BIARO, SULAWESI UTARA",1,171,3,174
https://kawalpemilu.org#85614,"MAKALEHI TIMUR, SIAU BARAT, KEP. SIAU TAGULANDANG BIARO, SULAWESI UTARA",2,188,7,195
https://kawalpemilu.org#67063,"BAHOI, TAGULANDANG, KEP. SIAU TAGULANDANG BIARO, SULAWESI UTARA",1,205,16,221
https://kawalpemilu.org#67063,"BAHOI, TAGULANDANG, KEP. SIAU TAGULANDANG BIARO, SULAWESI UTARA",2,198,21,219
https://kawalpemilu.org#67063,"BAHOI, TAGULANDANG, KEP. SIAU TAGULANDANG BIARO, SULAWESI UTARA",3,204,8,212
https://kawalpemilu.org#67063,"BAHOI, TAGULANDANG, KEP. SIAU TAGULANDANG BIARO, SULAWESI UTARA",4,203,21,224
https://kawalpemilu.org#67063,"BAHOI, TAGULANDANG, KEP. SIAU TAGULANDANG BIARO, SULAWESI UTARA",5,204,28,232
https://kawalpemilu.org#67063,"BAHOI, TAGULANDANG, KEP. SIAU TAGULANDANG BIARO, SULAWESI UTARA",6,198,33,231
https://kawalpemilu.org#67064,"BALEHUMARA, TAGULANDANG, KEP. SIAU TAGULANDANG BIARO, SULAWESI UTARA",1,188,33,221
https://kawalpemilu.org#67064,"BALEHUMARA, TAGULANDANG, KEP. SIAU TAGULANDANG BIARO, SULAWESI UTARA",2,175,32,207
https://kawalpemilu.org#67064,"BALEHUMARA, TAGULANDANG, KEP. SIAU TAGULANDANG BIARO, SULAWESI UTARA",3,186,24,210
https://kawalpemilu.org#67064,"BALEHUMARA, TAGULANDANG, KEP. SIAU TAGULANDANG BIARO, SULAWESI UTARA",4,171,24,195
https://kawalpemilu.org#67064,"BALEHUMARA, TAGULANDANG, KEP. SIAU TAGULANDANG BIARO, SULAWESI UTARA",5,174,57,231
https://kawalpemilu.org#67064,"BALEHUMARA, TAGULANDANG, KEP. SIAU TAGULANDANG BIARO, SULAWESI UTARA",6,136,27,164
https://kawalpemilu.org#67064,"BALEHUMARA, TAGULANDANG, KEP. SIAU TAGULANDANG BIARO, SULAWESI UTARA",7,122,26,148
https://kawalpemilu.org#67065,"LESAH, TAGULANDANG, KEP. SIAU TAGULANDANG BIARO, SULAWESI UTARA",1,171,32,203
https://kawalpemilu.org#67065,"LESAH, TAGULANDANG, KEP. SIAU TAGULANDANG BIARO, SULAWESI UTARA",2,170,40,210
https://kawalpemilu.org#67066,"BOTO, TAGULANDANG, KEP. SIAU TAGULANDANG BIARO, SULAWESI UTARA",1,192,20,212
https://kawalpemilu.org#67066,"BOTO, TAGULANDANG, KEP. SIAU TAGULANDANG BIARO, SULAWESI UTARA",2,140,21,161
https://kawalpemilu.org#67067,"MOHONGSAWANG, TAGULANDANG, KEP. SIAU TAGULANDANG BIARO, SULAWESI UTARA",1,153,22,175
https://kawalpemilu.org#67067,"MOHONGSAWANG, TAGULANDANG, KEP. SIAU TAGULANDANG BIARO, SULAWESI UTARA",2,110,16,135
https://kawalpemilu.org#67067,"MOHONGSAWANG, TAGULANDANG, KEP. SIAU TAGULANDANG BIARO, SULAWESI UTARA",3,152,15,167
https://kawalpemilu.org#67068,"APENGSALA, TAGULANDANG, KEP. SIAU TAGULANDANG BIARO, SULAWESI UTARA",1,114,48,162
https://kawalpemilu.org#67068,"APENGSALA, TAGULANDANG, KEP. SIAU TAGULANDANG BIARO, SULAWESI UTARA",2,99,30,129
https://kawalpemilu.org#67069,"MULENGAN, TAGULANDANG, KEP. SIAU TAGULANDANG BIARO, SULAWESI UTARA",1,186,19,205
https://kawalpemilu.org#67069,"MULENGAN, TAGULANDANG, KEP. SIAU TAGULANDANG BIARO, SULAWESI UTARA",2,194,9,203
https://kawalpemilu.org#67069,"MULENGAN, TAGULANDANG, KEP. SIAU TAGULANDANG BIARO, SULAWESI UTARA",3,185,25,210
https://kawalpemilu.org#67070,"MAHANGIANG, TAGULANDANG, KEP. SIAU TAGULANDANG BIARO, SULAWESI UTARA",1,75,20,95
https://kawalpemilu.org#67070,"MAHANGIANG, TAGULANDANG, KEP. SIAU TAGULANDANG BIARO, SULAWESI UTARA",2,193,15,208
https://kawalpemilu.org#67070,"MAHANGIANG, TAGULANDANG, KEP. SIAU TAGULANDANG BIARO, SULAWESI UTARA",3,187,37,224
https://kawalpemilu.org#67071,"TULUSAN, TAGULANDANG, KEP. SIAU TAGULANDANG BIARO, SULAWESI UTARA",1,170,26,196
https://kawalpemilu.org#67071,"TULUSAN, TAGULANDANG, KEP. SIAU TAGULANDANG BIARO, SULAWESI UTARA",2,206,34,240
https://kawalpemilu.org#67071,"TULUSAN, TAGULANDANG, KEP. SIAU TAGULANDANG BIARO, SULAWESI UTARA",3,78,27,105
https://kawalpemilu.org#67072,"HAASI, TAGULANDANG, KEP. SIAU TAGULANDANG BIARO, SULAWESI UTARA",1,171,55,226
https://kawalpemilu.org#67072,"HAASI, TAGULANDANG, KEP. SIAU TAGULANDANG BIARO, SULAWESI UTARA",2,137,58,195
https://kawalpemilu.org#67072,"HAASI, TAGULANDANG, KEP. SIAU TAGULANDANG BIARO, SULAWESI UTARA",3,139,45,184
https://kawalpemilu.org#67073,"PUMPENTE, TAGULANDANG, KEP. SIAU TAGULANDANG BIARO, SULAWESI UTARA",1,203,14,217
https://kawalpemilu.org#67074,"LAINGPATEHI, TAGULANDANG, KEP. SIAU TAGULANDANG BIARO, SULAWESI UTARA",1,140,26,166
https://kawalpemilu.org#67074,"LAINGPATEHI, TAGULANDANG, KEP. SIAU TAGULANDANG BIARO, SULAWESI UTARA",2,131,36,167
https://kawalpemilu.org#67075,"LESAH RENDE, TAGULANDANG, KEP. SIAU TAGULANDANG BIARO, SULAWESI UTARA",1,192,23,215
https://kawalpemilu.org#67075,"LESAH RENDE, TAGULANDANG, KEP. SIAU TAGULANDANG BIARO, SULAWESI UTARA",2,108,17,125
https://kawalpemilu.org#67076,"BARANGKA PEHE, TAGULANDANG, KEP. SIAU TAGULANDANG BIARO, SULAWESI UTARA",1,198,11,209
https://kawalpemilu.org#67076,"BARANGKA PEHE, TAGULANDANG, KEP. SIAU TAGULANDANG BIARO, SULAWESI UTARA",2,182,17,199
https://kawalpemilu.org#85615,"PAHIAMA, TAGULANDANG, KEP. SIAU TAGULANDANG BIARO, SULAWESI UTARA",1,164,21,185
https://kawalpemilu.org#85615,"PAHIAMA, TAGULANDANG, KEP. SIAU TAGULANDANG BIARO, SULAWESI UTARA",2,118,14,132
https://kawalpemilu.org#67078,"MALA, SIAU TIMUR SELATAN, KEP. SIAU TAGULANDANG BIARO, SULAWESI UTARA",1,189,38,227
https://kawalpemilu.org#67078,"MALA, SIAU TIMUR SELATAN, KEP. SIAU TAGULANDANG BIARO, SULAWESI UTARA",2,242,13,255
https://kawalpemilu.org#67079,"PANGIROLONG, SIAU TIMUR SELATAN, KEP. SIAU TAGULANDANG BIARO, SULAWESI UTARA",1,186,33,219
https://kawalpemilu.org#67079,"PANGIROLONG, SIAU TIMUR SELATAN, KEP. SIAU TAGULANDANG BIARO, SULAWESI UTARA",2,126,55,181
https://kawalpemilu.org#67080,"SAWANG, SIAU TIMUR SELATAN, KEP. SIAU TAGULANDANG BIARO, SULAWESI UTARA",1,148,32,180
https://kawalpemilu.org#67080,"SAWANG, SIAU TIMUR SELATAN, KEP. SIAU TAGULANDANG BIARO, SULAWESI UTARA",2,164,50,214
https://kawalpemilu.org#67080,"SAWANG, SIAU TIMUR SELATAN, KEP. SIAU TAGULANDANG BIARO, SULAWESI UTARA",3,156,39,195
https://kawalpemilu.org#67081,"BANDIL, SIAU TIMUR SELATAN, KEP. SIAU TAGULANDANG BIARO, SULAWESI UTARA",1,192,15,207
https://kawalpemilu.org#67081,"BANDIL, SIAU TIMUR SELATAN, KEP. SIAU TAGULANDANG BIARO, SULAWESI UTARA",2,177,17,194
https://kawalpemilu.org#67082,"BIAU, SIAU TIMUR SELATAN, KEP. SIAU TAGULANDANG BIARO, SULAWESI UTARA",1,145,15,160
https://kawalpemilu.org#67082,"BIAU, SIAU TIMUR SELATAN, KEP. SIAU TAGULANDANG BIARO, SULAWESI UTARA",2,145,22,167
https://kawalpemilu.org#67083,"BALIRANGENG, SIAU TIMUR SELATAN, KEP. SIAU TAGULANDANG BIARO, SULAWESI UTARA",1,172,60,232
https://kawalpemilu.org#67083,"BALIRANGENG, SIAU TIMUR SELATAN, KEP. SIAU TAGULANDANG BIARO, SULAWESI UTARA",2,183,60,243
https://kawalpemilu.org#67084,"BUHIAS, SIAU TIMUR SELATAN, KEP. SIAU TAGULANDANG BIARO, SULAWESI UTARA",1,192,6,198
https://kawalpemilu.org#67084,"BUHIAS, SIAU TIMUR SELATAN, KEP. SIAU TAGULANDANG BIARO, SULAWESI UTARA",2,171,12,183
https://kawalpemilu.org#67084,"BUHIAS, SIAU TIMUR SELATAN, KEP. SIAU TAGULANDANG BIARO, SULAWESI UTARA",3,126,9,135
https://kawalpemilu.org#67085,"TAPILE, SIAU TIMUR SELATAN, KEP. SIAU TAGULANDANG BIARO, SULAWESI UTARA",1,140,31,171
https://kawalpemilu.org#67085,"TAPILE, SIAU TIMUR SELATAN, KEP. SIAU TAGULANDANG BIARO, SULAWESI UTARA",2,129,21,150
https://kawalpemilu.org#67086,"LAHOPANG, SIAU TIMUR SELATAN, KEP. SIAU TAGULANDANG BIARO, SULAWESI UTARA",1,133,39,172
https://kawalpemilu.org#67086,"LAHOPANG, SIAU TIMUR SELATAN, KEP. SIAU TAGULANDANG BIARO, SULAWESI UTARA",2,124,46,170
https://kawalpemilu.org#67087,"BINALU, SIAU TIMUR SELATAN, KEP. SIAU TAGULANDANG BIARO, SULAWESI UTARA",1,168,72,240
https://kawalpemilu.org#67087,"BINALU, SIAU TIMUR SELATAN, KEP. SIAU TAGULANDANG BIARO, SULAWESI UTARA",2,154,67,221
https://kawalpemilu.org#67088,"KALIHIANG, SIAU TIMUR SELATAN, KEP. SIAU TAGULANDANG BIARO, SULAWESI UTARA",1,115,52,167
https://kawalpemilu.org#67089,"PAHEPA, SIAU TIMUR SELATAN, KEP. SIAU TAGULANDANG BIARO, SULAWESI UTARA",1,158,72,230
https://kawalpemilu.org#67089,"PAHEPA, SIAU TIMUR SELATAN, KEP. SIAU TAGULANDANG BIARO, SULAWESI UTARA",2,79,2,81
https://kawalpemilu.org#85616,"BIAU SEHA, SIAU TIMUR SELATAN, KEP. SIAU TAGULANDANG BIARO, SULAWESI UTARA",1,171,5,176
https://kawalpemilu.org#85616,"BIAU SEHA, SIAU TIMUR SELATAN, KEP. SIAU TAGULANDANG BIARO, SULAWESI UTARA",2,144,20,164
https://kawalpemilu.org#85617,"MATOLE, SIAU TIMUR SELATAN, KEP. SIAU TAGULANDANG BIARO, SULAWESI UTARA",1,152,3,155
https://kawalpemilu.org#85617,"MATOLE, SIAU TIMUR SELATAN, KEP. SIAU TAGULANDANG BIARO, SULAWESI UTARA",2,153,1,154
https://kawalpemilu.org#67091,"TANAKI, SIAU BARAT SELATAN, KEP. SIAU TAGULANDANG BIARO, SULAWESI UTARA",1,116,18,134
https://kawalpemilu.org#67091,"TANAKI, SIAU BARAT SELATAN, KEP. SIAU TAGULANDANG BIARO, SULAWESI UTARA",2,120,48,168
https://kawalpemilu.org#67091,"TANAKI, SIAU BARAT SELATAN, KEP. SIAU TAGULANDANG BIARO, SULAWESI UTARA",3,128,35,163
https://kawalpemilu.org#67092,"KAPETA, SIAU BARAT SELATAN, KEP. SIAU TAGULANDANG BIARO, SULAWESI UTARA",1,216,29,245
https://kawalpemilu.org#67092,"KAPETA, SIAU BARAT SELATAN, KEP. SIAU TAGULANDANG BIARO, SULAWESI UTARA",2,109,11,120
https://kawalpemilu.org#67092,"KAPETA, SIAU BARAT SELATAN, KEP. SIAU TAGULANDANG BIARO, SULAWESI UTARA",3,142,26,168
https://kawalpemilu.org#67093,"TALAWID, SIAU BARAT SELATAN, KEP. SIAU TAGULANDANG BIARO, SULAWESI UTARA",1,144,21,165
https://kawalpemilu.org#67093,"TALAWID, SIAU BARAT SELATAN, KEP. SIAU TAGULANDANG BIARO, SULAWESI UTARA",2,147,4,151
https://kawalpemilu.org#67093,"TALAWID, SIAU BARAT SELATAN, KEP. SIAU TAGULANDANG BIARO, SULAWESI UTARA",3,148,10,158
https://kawalpemilu.org#67094,"LAGHAENG, SIAU BARAT SELATAN, KEP. SIAU TAGULANDANG BIARO, SULAWESI UTARA",1,137,37,174
https://kawalpemilu.org#67094,"LAGHAENG, SIAU BARAT SELATAN, KEP. SIAU TAGULANDANG BIARO, SULAWESI UTARA",2,185,26,211
https://kawalpemilu.org#67095,"MAKOA, SIAU BARAT SELATAN, KEP. SIAU TAGULANDANG BIARO, SULAWESI UTARA",1,213,38,251
https://kawalpemilu.org#67096,"BATUSENGGO, SIAU BARAT SELATAN, KEP. SIAU TAGULANDANG BIARO, SULAWESI UTARA",1,178,28,206
https://kawalpemilu.org#67096,"BATUSENGGO, SIAU BARAT SELATAN, KEP. SIAU TAGULANDANG BIARO, SULAWESI UTARA",2,170,19,189
https://kawalpemilu.org#67097,"MAHUNENI, SIAU BARAT SELATAN, KEP. SIAU TAGULANDANG BIARO, SULAWESI UTARA",1,114,23,137
https://kawalpemilu.org#67097,"MAHUNENI, SIAU BARAT SELATAN, KEP. SIAU TAGULANDANG BIARO, SULAWESI UTARA",2,113,16,129
https://kawalpemilu.org#67097,"MAHUNENI, SIAU BARAT SELATAN, KEP. SIAU TAGULANDANG BIARO, SULAWESI UTARA",3,196,19,215
https://kawalpemilu.org#67099,"BULANGAN, TAGULANDANG UTARA, KEP. SIAU TAGULANDANG BIARO, SULAWESI UTARA",1,126,101,227
https://kawalpemilu.org#67099,"BULANGAN, TAGULANDANG UTARA, KEP. SIAU TAGULANDANG BIARO, SULAWESI UTARA",2,152,71,223
https://kawalpemilu.org#67100,"MINANGA, TAGULANDANG UTARA, KEP. SIAU TAGULANDANG BIARO, SULAWESI UTARA",1,149,22,171
https://kawalpemilu.org#67100,"MINANGA, TAGULANDANG UTARA, KEP. SIAU TAGULANDANG BIARO, SULAWESI UTARA",2,147,22,169
https://kawalpemilu.org#67100,"MINANGA, TAGULANDANG UTARA, KEP. SIAU TAGULANDANG BIARO, SULAWESI UTARA",3,168,24,192
https://kawalpemilu.org#67101,"WO, TAGULANDANG UTARA, KEP. SIAU TAGULANDANG BIARO, SULAWESI UTARA",1,149,57,206
https://kawalpemilu.org#67101,"WO, TAGULANDANG UTARA, KEP. SIAU TAGULANDANG BIARO, SULAWESI UTARA",2,157,35,192
https://kawalpemilu.org#67102,"BAWOLEU, TAGULANDANG UTARA, KEP. SIAU TAGULANDANG BIARO, SULAWESI UTARA",1,175,50,225
https://kawalpemilu.org#67102,"BAWOLEU, TAGULANDANG UTARA, KEP. SIAU TAGULANDANG BIARO, SULAWESI UTARA",2,180,36,216
https://kawalpemilu.org#67102,"BAWOLEU, TAGULANDANG UTARA, KEP. SIAU TAGULANDANG BIARO, SULAWESI UTARA",3,202,45,247
https://kawalpemilu.org#67103,"LUMBO, TAGULANDANG UTARA, KEP. SIAU TAGULANDANG BIARO, SULAWESI UTARA",1,171,44,215
https://kawalpemilu.org#67103,"LUMBO, TAGULANDANG UTARA, KEP. SIAU TAGULANDANG BIARO, SULAWESI UTARA",2,147,35,182
https://kawalpemilu.org#67104,"BAWO, TAGULANDANG UTARA, KEP. SIAU TAGULANDANG BIARO, SULAWESI UTARA",1,168,38,206
https://kawalpemilu.org#67106,"BUANG, BIARO, KEP. SIAU TAGULANDANG BIARO, SULAWESI UTARA",1,167,67,234
https://kawalpemilu.org#67106,"BUANG, BIARO, KEP. SIAU TAGULANDANG BIARO, SULAWESI UTARA",2,160,58,218
https://kawalpemilu.org#67106,"BUANG, BIARO, KEP. SIAU TAGULANDANG BIARO, SULAWESI UTARA",3,163,78,241
https://kawalpemilu.org#67107,"KARUNGO, BIARO, KEP. SIAU TAGULANDANG BIARO, SULAWESI UTARA",1,171,43,214
https://kawalpemilu.org#67107,"KARUNGO, BIARO, KEP. SIAU TAGULANDANG BIARO, SULAWESI UTARA",2,163,46,209
https://kawalpemilu.org#67108,"LAMANGGO, BIARO, KEP. SIAU TAGULANDANG BIARO, SULAWESI UTARA",1,141,34,175
https://kawalpemilu.org#67108,"LAMANGGO, BIARO, KEP. SIAU TAGULANDANG BIARO, SULAWESI UTARA",2,137,30,167
https://kawalpemilu.org#67108,"LAMANGGO, BIARO, KEP. SIAU TAGULANDANG BIARO, SULAWESI UTARA",3,122,30,152
https://kawalpemilu.org#67108,"LAMANGGO, BIARO, KEP. SIAU TAGULANDANG BIARO, SULAWESI UTARA",4,51,13,64
https://kawalpemilu.org#67109,"DALINSAHENG, BIARO, KEP. SIAU TAGULANDANG BIARO, SULAWESI UTARA",1,78,90,168
https://kawalpemilu.org#67109,"DALINSAHENG, BIARO, KEP. SIAU TAGULANDANG BIARO, SULAWESI UTARA",2,115,58,173
https://kawalpemilu.org#67110,"TOPE, BIARO, KEP. SIAU TAGULANDANG BIARO, SULAWESI UTARA",1,172,31,203
https://kawalpemilu.org#67112,"KINALI, SIAU BARAT UTARA, KEP. SIAU TAGULANDANG BIARO, SULAWESI UTARA",1,130,27,157
https://kawalpemilu.org#67112,"KINALI, SIAU BARAT UTARA, KEP. SIAU TAGULANDANG BIARO, SULAWESI UTARA",2,97,44,141
https://kawalpemilu.org#67113,"HIUNG, SIAU BARAT UTARA, KEP. SIAU TAGULANDANG BIARO, SULAWESI UTARA",1,157,19,176
https://kawalpemilu.org#67113,"HIUNG, SIAU BARAT UTARA, KEP. SIAU TAGULANDANG BIARO, SULAWESI UTARA",2,122,5,127
https://kawalpemilu.org#67114,"KIAWANG, SIAU BARAT UTARA, KEP. SIAU TAGULANDANG BIARO, SULAWESI UTARA",1,152,7,159
https://kawalpemilu.org#67114,"KIAWANG, SIAU BARAT UTARA, KEP. SIAU TAGULANDANG BIARO, SULAWESI UTARA",2,204,55,259
https://kawalpemilu.org#67115,"KAWAHANG, SIAU BARAT UTARA, KEP. SIAU TAGULANDANG BIARO, SULAWESI UTARA",1,164,72,236
https://kawalpemilu.org#67115,"KAWAHANG, SIAU BARAT UTARA, KEP. SIAU TAGULANDANG BIARO, SULAWESI UTARA",2,170,56,226
https://kawalpemilu.org#67116,"BATUBULAN, SIAU BARAT UTARA, KEP. SIAU TAGULANDANG BIARO, SULAWESI UTARA",1,96,25,121
https://kawalpemilu.org#67116,"BATUBULAN, SIAU BARAT UTARA, KEP. SIAU TAGULANDANG BIARO, SULAWESI UTARA",2,119,33,152
https://kawalpemilu.org#67117,"NAMENG, SIAU BARAT UTARA, KEP. SIAU TAGULANDANG BIARO, SULAWESI UTARA",1,123,62,185
https://kawalpemilu.org#67117,"NAMENG, SIAU BARAT UTARA, KEP. SIAU TAGULANDANG BIARO, SULAWESI UTARA",2,137,65,202
https://kawalpemilu.org#67117,"NAMENG, SIAU BARAT UTARA, KEP. SIAU TAGULANDANG BIARO, SULAWESI UTARA",3,75,50,125
https://kawalpemilu.org#67118,"MINI, SIAU BARAT UTARA, KEP. SIAU TAGULANDANG BIARO, SULAWESI UTARA",1,143,23,166
https://kawalpemilu.org#67118,"MINI, SIAU BARAT UTARA, KEP. SIAU TAGULANDANG BIARO, SULAWESI UTARA",2,132,16,148
https://kawalpemilu.org#89959,"WINANGUN, SIAU BARAT UTARA, KEP. SIAU TAGULANDANG BIARO, SULAWESI UTARA",1,174,8,182
https://kawalpemilu.org#67120,"SALILI, SIAU TENGAH, KEP. SIAU TAGULANDANG BIARO, SULAWESI UTARA",1,163,15,178
https://kawalpemilu.org#67120,"SALILI, SIAU TENGAH, KEP. SIAU TAGULANDANG BIARO, SULAWESI UTARA",2,169,8,177
https://kawalpemilu.org#67121,"BEONG, SIAU TENGAH, KEP. SIAU TAGULANDANG BIARO, SULAWESI UTARA",1,187,18,205
https://kawalpemilu.org#67121,"BEONG, SIAU TENGAH, KEP. SIAU TAGULANDANG BIARO, SULAWESI UTARA",2,171,16,187
https://kawalpemilu.org#67122,"LAI, SIAU TENGAH, KEP. SIAU TAGULANDANG BIARO, SULAWESI UTARA",1,152,63,215
https://kawalpemilu.org#67122,"LAI, SIAU TENGAH, KEP. SIAU TAGULANDANG BIARO, SULAWESI UTARA",2,163,43,206
https://kawalpemilu.org#67123,"DOMPASE, SIAU TENGAH, KEP. SIAU TAGULANDANG BIARO, SULAWESI UTARA",1,171,18,189
https://kawalpemilu.org#67125,"HUMBIA, TAGULANDANG SELATAN, KEP. SIAU TAGULANDANG BIARO, SULAWESI UTARA",1,156,14,170
https://kawalpemilu.org#67125,"HUMBIA, TAGULANDANG SELATAN, KEP. SIAU TAGULANDANG BIARO, SULAWESI UTARA",2,148,8,156
https://kawalpemilu.org#67125,"HUMBIA, TAGULANDANG SELATAN, KEP. SIAU TAGULANDANG BIARO, SULAWESI UTARA",3,148,12,160
https://kawalpemilu.org#67126,"KISIHANG, TAGULANDANG SELATAN, KEP. SIAU TAGULANDANG BIARO, SULAWESI UTARA",1,194,24,218
https://kawalpemilu.org#67126,"KISIHANG, TAGULANDANG SELATAN, KEP. SIAU TAGULANDANG BIARO, SULAWESI UTARA",2,177,33,210
https://kawalpemilu.org#67126,"KISIHANG, TAGULANDANG SELATAN, KEP. SIAU TAGULANDANG BIARO, SULAWESI UTARA",3,193,16,209
https://kawalpemilu.org#67126,"KISIHANG, TAGULANDANG SELATAN, KEP. SIAU TAGULANDANG BIARO, SULAWESI UTARA",4,190,13,203
https://kawalpemilu.org#67126,"KISIHANG, TAGULANDANG SELATAN, KEP. SIAU TAGULANDANG BIARO, SULAWESI UTARA",5,167,17,184
https://kawalpemilu.org#67127,"BIRA KIAMA, TAGULANDANG SELATAN, KEP. SIAU TAGULANDANG BIARO, SULAWESI UTARA",1,146,35,181
https://kawalpemilu.org#67127,"BIRA KIAMA, TAGULANDANG SELATAN, KEP. SIAU TAGULANDANG BIARO, SULAWESI UTARA",2,145,27,172
https://kawalpemilu.org#67128,"BUHA, TAGULANDANG SELATAN, KEP. SIAU TAGULANDANG BIARO, SULAWESI UTARA",1,129,21,150
https://kawalpemilu.org#67128,"BUHA, TAGULANDANG SELATAN, KEP. SIAU TAGULANDANG BIARO, SULAWESI UTARA",2,121,37,158
https://kawalpemilu.org#67128,"BUHA, TAGULANDANG SELATAN, KEP. SIAU TAGULANDANG BIARO, SULAWESI UTARA",3,162,14,176
https://kawalpemilu.org#67129,"BATUMAWIRA, TAGULANDANG SELATAN, KEP. SIAU TAGULANDANG BIARO, SULAWESI UTARA",1,151,65,216
https://kawalpemilu.org#67129,"BATUMAWIRA, TAGULANDANG SELATAN, KEP. SIAU TAGULANDANG BIARO, SULAWESI UTARA",2,155,27,182
https://kawalpemilu.org#85618,"BIRARIKEI, TAGULANDANG SELATAN, KEP. SIAU TAGULANDANG BIARO, SULAWESI UTARA",1,117,11,128
https://kawalpemilu.org#85618,"BIRARIKEI, TAGULANDANG SELATAN, KEP. SIAU TAGULANDANG BIARO, SULAWESI UTARA",2,101,11,112
https://kawalpemilu.org#67132,"MOLAS, BUNAKEN, KOTA MANADO, SULAWESI UTARA",1,232,12,244
https://kawalpemilu.org#67132,"MOLAS, BUNAKEN, KOTA MANADO, SULAWESI UTARA",2,233,16,249
https://kawalpemilu.org#67132,"MOLAS, BUNAKEN, KOTA MANADO, SULAWESI UTARA",3,246,14,260
https://kawalpemilu.org#67132,"MOLAS, BUNAKEN, KOTA MANADO, SULAWESI UTARA",4,231,14,245
https://kawalpemilu.org#67132,"MOLAS, BUNAKEN, KOTA MANADO, SULAWESI UTARA",5,190,22,212
https://kawalpemilu.org#67132,"MOLAS, BUNAKEN, KOTA MANADO, SULAWESI UTARA",6,182,12,194
https://kawalpemilu.org#67132,"MOLAS, BUNAKEN, KOTA MANADO, SULAWESI UTARA",7,182,27,209
https://kawalpemilu.org#67132,"MOLAS, BUNAKEN, KOTA MANADO, SULAWESI UTARA",8,176,25,201
https://kawalpemilu.org#67132,"MOLAS, BUNAKEN, KOTA MANADO, SULAWESI UTARA",9,175,40,215
https://kawalpemilu.org#67132,"MOLAS, BUNAKEN, KOTA MANADO, SULAWESI UTARA",10,155,43,198
https://kawalpemilu.org#67132,"MOLAS, BUNAKEN, KOTA MANADO, SULAWESI UTARA",11,180,51,231
https://kawalpemilu.org#67132,"MOLAS, BUNAKEN, KOTA MANADO, SULAWESI UTARA",12,163,38,201
https://kawalpemilu.org#67132,"MOLAS, BUNAKEN, KOTA MANADO, SULAWESI UTARA",13,172,25,197
https://kawalpemilu.org#67132,"MOLAS, BUNAKEN, KOTA MANADO, SULAWESI UTARA",14,143,45,188
https://kawalpemilu.org#67132,"MOLAS, BUNAKEN, KOTA MANADO, SULAWESI UTARA",15,197,40,237
https://kawalpemilu.org#67132,"MOLAS, BUNAKEN, KOTA MANADO, SULAWESI UTARA",16,170,46,216
https://kawalpemilu.org#67137,"TONGKAINA, BUNAKEN, KOTA MANADO, SULAWESI UTARA",1,187,59,246
https://kawalpemilu.org#67137,"TONGKAINA, BUNAKEN, KOTA MANADO, SULAWESI UTARA",2,239,14,253
https://kawalpemilu.org#67137,"TONGKAINA, BUNAKEN, KOTA MANADO, SULAWESI UTARA",3,179,77,256
https://kawalpemilu.org#67137,"TONGKAINA, BUNAKEN, KOTA MANADO, SULAWESI UTARA",4,221,20,241
https://kawalpemilu.org#67137,"TONGKAINA, BUNAKEN, KOTA MANADO, SULAWESI UTARA",5,231,23,254
https://kawalpemilu.org#67138,"MERAS, BUNAKEN, KOTA MANADO, SULAWESI UTARA",1,228,24,252
https://kawalpemilu.org#67138,"MERAS, BUNAKEN, KOTA MANADO, SULAWESI UTARA",2,228,42,270
https://kawalpemilu.org#67138,"MERAS, BUNAKEN, KOTA MANADO, SULAWESI UTARA",3,229,13,242
https://kawalpemilu.org#67139,"BAILANG, BUNAKEN, KOTA MANADO, SULAWESI UTARA",1,154,78,232
https://kawalpemilu.org#67139,"BAILANG, BUNAKEN, KOTA MANADO, SULAWESI UTARA",2,126,97,223
https://kawalpemilu.org#67139,"BAILANG, BUNAKEN, KOTA MANADO, SULAWESI UTARA",3,116,75,191
https://kawalpemilu.org#67139,"BAILANG, BUNAKEN, KOTA MANADO, SULAWESI UTARA",4,228,23,251
https://kawalpemilu.org#67139,"BAILANG, BUNAKEN, KOTA MANADO, SULAWESI UTARA",5,204,61,265
https://kawalpemilu.org#67139,"BAILANG, BUNAKEN, KOTA MANADO, SULAWESI UTARA",6,159,76,235
https://kawalpemilu.org#67139,"BAILANG, BUNAKEN, KOTA MANADO, SULAWESI UTARA",7,160,66,226
https://kawalpemilu.org#67139,"BAILANG, BUNAKEN, KOTA MANADO, SULAWESI UTARA",8,141,58,199
https://kawalpemilu.org#67139,"BAILANG, BUNAKEN, KOTA MANADO, SULAWESI UTARA",9,122,38,160
https://kawalpemilu.org#67139,"BAILANG, BUNAKEN, KOTA MANADO, SULAWESI UTARA",10,198,59,257
https://kawalpemilu.org#67139,"BAILANG, BUNAKEN, KOTA MANADO, SULAWESI UTARA",11,177,73,250
https://kawalpemilu.org#67139,"BAILANG, BUNAKEN, KOTA MANADO, SULAWESI UTARA",12,191,64,255
https://kawalpemilu.org#67139,"BAILANG, BUNAKEN, KOTA MANADO, SULAWESI UTARA",13,100,126,226
https://kawalpemilu.org#67139,"BAILANG, BUNAKEN, KOTA MANADO, SULAWESI UTARA",14,114,85,199
https://kawalpemilu.org#67139,"BAILANG, BUNAKEN, KOTA MANADO, SULAWESI UTARA",15,120,104,224
https://kawalpemilu.org#67139,"BAILANG, BUNAKEN, KOTA MANADO, SULAWESI UTARA",16,85,110,195
https://kawalpemilu.org#67139,"BAILANG, BUNAKEN, KOTA MANADO, SULAWESI UTARA",17,104,109,213
https://kawalpemilu.org#67139,"BAILANG, BUNAKEN, KOTA MANADO, SULAWESI UTARA",18,133,41,174
https://kawalpemilu.org#67139,"BAILANG, BUNAKEN, KOTA MANADO, SULAWESI UTARA",19,163,67,230
https://kawalpemilu.org#67139,"BAILANG, BUNAKEN, KOTA MANADO, SULAWESI UTARA",20,150,43,193
https://kawalpemilu.org#67139,"BAILANG, BUNAKEN, KOTA MANADO, SULAWESI UTARA",21,119,48,167
https://kawalpemilu.org#67139,"BAILANG, BUNAKEN, KOTA MANADO, SULAWESI UTARA",22,97,34,131
https://kawalpemilu.org#67212,"PANDU, BUNAKEN, KOTA MANADO, SULAWESI UTARA",2,207,30,237
https://kawalpemilu.org#67212,"PANDU, BUNAKEN, KOTA MANADO, SULAWESI UTARA",3,192,79,131
https://kawalpemilu.org#67212,"PANDU, BUNAKEN, KOTA MANADO, SULAWESI UTARA",4,157,14,171
https://kawalpemilu.org#67212,"PANDU, BUNAKEN, KOTA MANADO, SULAWESI UTARA",5,188,19,207
https://kawalpemilu.org#67212,"PANDU, BUNAKEN, KOTA MANADO, SULAWESI UTARA",6,183,10,193
https://kawalpemilu.org#67212,"PANDU, BUNAKEN, KOTA MANADO, SULAWESI UTARA",7,214,26,240
https://kawalpemilu.org#67212,"PANDU, BUNAKEN, KOTA MANADO, SULAWESI UTARA",8,158,24,182
https://kawalpemilu.org#67212,"PANDU, BUNAKEN, KOTA MANADO, SULAWESI UTARA",9,187,48,235
https://kawalpemilu.org#67212,"PANDU, BUNAKEN, KOTA MANADO, SULAWESI UTARA",10,196,49,245
https://kawalpemilu.org#67212,"PANDU, BUNAKEN, KOTA MANADO, SULAWESI UTARA",11,128,24,152
https://kawalpemilu.org#67212,"PANDU, BUNAKEN, KOTA MANADO, SULAWESI UTARA",12,198,14,212
https://kawalpemilu.org#67212,"PANDU, BUNAKEN, KOTA MANADO, SULAWESI UTARA",13,163,5,168
https://kawalpemilu.org#67212,"PANDU, BUNAKEN, KOTA MANADO, SULAWESI UTARA",14,194,25,219
https://kawalpemilu.org#67212,"PANDU, BUNAKEN, KOTA MANADO, SULAWESI UTARA",15,168,6,174
https://kawalpemilu.org#67212,"PANDU, BUNAKEN, KOTA MANADO, SULAWESI UTARA",16,182,5,187
https://kawalpemilu.org#67212,"PANDU, BUNAKEN, KOTA MANADO, SULAWESI UTARA",17,164,8,172
https://kawalpemilu.org#67212,"PANDU, BUNAKEN, KOTA MANADO, SULAWESI UTARA",18,168,4,172
https://kawalpemilu.org#67212,"PANDU, BUNAKEN, KOTA MANADO, SULAWESI UTARA",19,189,10,199
https://kawalpemilu.org#67141,"BITUNG KARANGRIA, TUMINITING, KOTA MANADO, SULAWESI UTARA",1,178,11,189
https://kawalpemilu.org#67141,"BITUNG KARANGRIA, TUMINITING, KOTA MANADO, SULAWESI UTARA",2,143,19,162
https://kawalpemilu.org#67141,"BITUNG KARANGRIA, TUMINITING, KOTA MANADO, SULAWESI UTARA",3,176,11,187
https://kawalpemilu.org#67141,"BITUNG KARANGRIA, TUMINITING, KOTA MANADO, SULAWESI UTARA",4,120,24,144
https://kawalpemilu.org#67141,"BITUNG KARANGRIA, TUMINITING, KOTA MANADO, SULAWESI UTARA",5,163,29,192
https://kawalpemilu.org#67141,"BITUNG KARANGRIA, TUMINITING, KOTA MANADO, SULAWESI UTARA",6,155,30,185
https://kawalpemilu.org#67141,"BITUNG KARANGRIA, TUMINITING, KOTA MANADO, SULAWESI UTARA",7,191,22,213
https://kawalpemilu.org#67141,"BITUNG KARANGRIA, TUMINITING, KOTA MANADO, SULAWESI UTARA",8,176,22,198
https://kawalpemilu.org#67141,"BITUNG KARANGRIA, TUMINITING, KOTA MANADO, SULAWESI UTARA",9,214,2,216
https://kawalpemilu.org#67141,"BITUNG KARANGRIA, TUMINITING, KOTA MANADO, SULAWESI UTARA",10,195,8,203
https://kawalpemilu.org#67141,"BITUNG KARANGRIA, TUMINITING, KOTA MANADO, SULAWESI UTARA",11,108,15,123
https://kawalpemilu.org#67142,"TUMINTING, TUMINITING, KOTA MANADO, SULAWESI UTARA",1,222,30,252
https://kawalpemilu.org#67142,"TUMINTING, TUMINITING, KOTA MANADO, SULAWESI UTARA",2,211,29,240
https://kawalpemilu.org#67142,"TUMINTING, TUMINITING, KOTA MANADO, SULAWESI UTARA",3,195,17,212
https://kawalpemilu.org#67142,"TUMINTING, TUMINITING, KOTA MANADO, SULAWESI UTARA",4,117,89,206
https://kawalpemilu.org#67142,"TUMINTING, TUMINITING, KOTA MANADO, SULAWESI UTARA",5,115,109,224
https://kawalpemilu.org#67142,"TUMINTING, TUMINITING, KOTA MANADO, SULAWESI UTARA",6,162,48,210
https://kawalpemilu.org#67142,"TUMINTING, TUMINITING, KOTA MANADO, SULAWESI UTARA",7,224,10,234
https://kawalpemilu.org#67142,"TUMINTING, TUMINITING, KOTA MANADO, SULAWESI UTARA",8,204,10,214
https://kawalpemilu.org#67142,"TUMINTING, TUMINITING, KOTA MANADO, SULAWESI UTARA",9,203,9,212
https://kawalpemilu.org#67142,"TUMINTING, TUMINITING, KOTA MANADO, SULAWESI UTARA",10,227,4,231
https://kawalpemilu.org#67142,"TUMINTING, TUMINITING, KOTA MANADO, SULAWESI UTARA",11,158,50,208
https://kawalpemilu.org#67142,"TUMINTING, TUMINITING, KOTA MANADO, SULAWESI UTARA",12,146,50,196
https://kawalpemilu.org#67142,"TUMINTING, TUMINITING, KOTA MANADO, SULAWESI UTARA",13,220,9,229
https://kawalpemilu.org#67142,"TUMINTING, TUMINITING, KOTA MANADO, SULAWESI UTARA",14,218,5,223
https://kawalpemilu.org#67142,"TUMINTING, TUMINITING, KOTA MANADO, SULAWESI UTARA",15,177,29,206
https://kawalpemilu.org#67142,"TUMINTING, TUMINITING, KOTA MANADO, SULAWESI UTARA",16,131,95,226
https://kawalpemilu.org#67142,"TUMINTING, TUMINITING, KOTA MANADO, SULAWESI UTARA",17,119,105,224
https://kawalpemilu.org#67142,"TUMINTING, TUMINITING, KOTA MANADO, SULAWESI UTARA",18,78,87,165
https://kawalpemilu.org#67142,"TUMINTING, TUMINITING, KOTA MANADO, SULAWESI UTARA",19,89,16,105
https://kawalpemilu.org#67142,"TUMINTING, TUMINITING, KOTA MANADO, SULAWESI UTARA",20,150,31,181
https://kawalpemilu.org#67142,"TUMINTING, TUMINITING, KOTA MANADO, SULAWESI UTARA",21,67,17,84
https://kawalpemilu.org#67142,"TUMINTING, TUMINITING, KOTA MANADO, SULAWESI UTARA",22,33,18,51
https://kawalpemilu.org#67142,"TUMINTING, TUMINITING, KOTA MANADO, SULAWESI UTARA",23,71,75,146
https://kawalpemilu.org#67142,"TUMINTING, TUMINITING, KOTA MANADO, SULAWESI UTARA",24,85,76,161
https://kawalpemilu.org#67142,"TUMINTING, TUMINITING, KOTA MANADO, SULAWESI UTARA",25,67,74,141
https://kawalpemilu.org#67143,"TUMUMPA SATU, TUMINITING, KOTA MANADO, SULAWESI UTARA",1,211,13,224
https://kawalpemilu.org#67143,"TUMUMPA SATU, TUMINITING, KOTA MANADO, SULAWESI UTARA",2,174,36,210
https://kawalpemilu.org#67143,"TUMUMPA SATU, TUMINITING, KOTA MANADO, SULAWESI UTARA",3,153,49,202
https://kawalpemilu.org#67143,"TUMUMPA SATU, TUMINITING, KOTA MANADO, SULAWESI UTARA",4,192,17,209
https://kawalpemilu.org#67143,"TUMUMPA SATU, TUMINITING, KOTA MANADO, SULAWESI UTARA",5,198,32,213
https://kawalpemilu.org#67143,"TUMUMPA SATU, TUMINITING, KOTA MANADO, SULAWESI UTARA",6,159,32,191
https://kawalpemilu.org#67143,"TUMUMPA SATU, TUMINITING, KOTA MANADO, SULAWESI UTARA",7,185,49,234
https://kawalpemilu.org#67143,"TUMUMPA SATU, TUMINITING, KOTA MANADO, SULAWESI UTARA",8,165,39,204
https://kawalpemilu.org#67143,"TUMUMPA SATU, TUMINITING, KOTA MANADO, SULAWESI UTARA",9,96,27,123
https://kawalpemilu.org#67144,"MAASING, TUMINITING, KOTA MANADO, SULAWESI UTARA",1,96,110,206
https://kawalpemilu.org#67144,"MAASING, TUMINITING, KOTA MANADO, SULAWESI UTARA",2,82,130,212
https://kawalpemilu.org#67144,"MAASING, TUMINITING, KOTA MANADO, SULAWESI UTARA",3,91,105,196
https://kawalpemilu.org#67144,"MAASING, TUMINITING, KOTA MANADO, SULAWESI UTARA",4,97,147,244
https://kawalpemilu.org#67144,"MAASING, TUMINITING, KOTA MANADO, SULAWESI UTARA",5,73,103,176
https://kawalpemilu.org#67144,"MAASING, TUMINITING, KOTA MANADO, SULAWESI UTARA",6,80,97,177
https://kawalpemilu.org#67144,"MAASING, TUMINITING, KOTA MANADO, SULAWESI UTARA",7,112,87,199
https://kawalpemilu.org#67144,"MAASING, TUMINITING, KOTA MANADO, SULAWESI UTARA",8,60,109,169
https://kawalpemilu.org#67144,"MAASING, TUMINITING, KOTA MANADO, SULAWESI UTARA",9,90,124,214
https://kawalpemilu.org#67144,"MAASING, TUMINITING, KOTA MANADO, SULAWESI UTARA",10,97,81,178
https://kawalpemilu.org#67144,"MAASING, TUMINITING, KOTA MANADO, SULAWESI UTARA",11,88,98,186
https://kawalpemilu.org#67144,"MAASING, TUMINITING, KOTA MANADO, SULAWESI UTARA",12,85,82,167
https://kawalpemilu.org#67144,"MAASING, TUMINITING, KOTA MANADO, SULAWESI UTARA",13,75,139,214
https://kawalpemilu.org#67144,"MAASING, TUMINITING, KOTA MANADO, SULAWESI UTARA",14,96,146,242
https://kawalpemilu.org#67144,"MAASING, TUMINITING, KOTA MANADO, SULAWESI UTARA",15,108,94,202
https://kawalpemilu.org#67144,"MAASING, TUMINITING, KOTA MANADO, SULAWESI UTARA",16,66,70,136
https://kawalpemilu.org#67144,"MAASING, TUMINITING, KOTA MANADO, SULAWESI UTARA",17,81,92,173
https://kawalpemilu.org#67144,"MAASING, TUMINITING, KOTA MANADO, SULAWESI UTARA",18,82,84,166
https://kawalpemilu.org#67145,"SINDULANG SATU, TUMINITING, KOTA MANADO, SULAWESI UTARA",1,154,19,173
https://kawalpemilu.org#67145,"SINDULANG SATU, TUMINITING, KOTA MANADO, SULAWESI UTARA",2,149,20,169
https://kawalpemilu.org#67145,"SINDULANG SATU, TUMINITING, KOTA MANADO, SULAWESI UTARA",3,167,17,184
https://kawalpemilu.org#67145,"SINDULANG SATU, TUMINITING, KOTA MANADO, SULAWESI UTARA",4,132,46,178
https://kawalpemilu.org#67145,"SINDULANG SATU, TUMINITING, KOTA MANADO, SULAWESI UTARA",5,86,126,212
https://kawalpemilu.org#67145,"SINDULANG SATU, TUMINITING, KOTA MANADO, SULAWESI UTARA",6,105,98,203
https://kawalpemilu.org#67145,"SINDULANG SATU, TUMINITING, KOTA MANADO, SULAWESI UTARA",7,60,109,169
https://kawalpemilu.org#67145,"SINDULANG SATU, TUMINITING, KOTA MANADO, SULAWESI UTARA",8,76,121,197
https://kawalpemilu.org#67145,"SINDULANG SATU, TUMINITING, KOTA MANADO, SULAWESI UTARA",9,74,80,154
https://kawalpemilu.org#67145,"SINDULANG SATU, TUMINITING, KOTA MANADO, SULAWESI UTARA",10,200,16,216
https://kawalpemilu.org#67145,"SINDULANG SATU, TUMINITING, KOTA MANADO, SULAWESI UTARA",11,212,15,227
https://kawalpemilu.org#67145,"SINDULANG SATU, TUMINITING, KOTA MANADO, SULAWESI UTARA",12,195,12,207
https://kawalpemilu.org#67145,"SINDULANG SATU, TUMINITING, KOTA MANADO, SULAWESI UTARA",13,86,70,156
https://kawalpemilu.org#67145,"SINDULANG SATU, TUMINITING, KOTA MANADO, SULAWESI UTARA",14,77,156,233
https://kawalpemilu.org#67145,"SINDULANG SATU, TUMINITING, KOTA MANADO, SULAWESI UTARA",15,76,108,184
https://kawalpemilu.org#67145,"SINDULANG SATU, TUMINITING, KOTA MANADO, SULAWESI UTARA",16,103,104,207
https://kawalpemilu.org#67145,"SINDULANG SATU, TUMINITING, KOTA MANADO, SULAWESI UTARA",17,51,116,167
https://kawalpemilu.org#67145,"SINDULANG SATU, TUMINITING, KOTA MANADO, SULAWESI UTARA",18,62,124,186
https://kawalpemilu.org#67145,"SINDULANG SATU, TUMINITING, KOTA MANADO, SULAWESI UTARA",19,80,83,163
https://kawalpemilu.org#67145,"SINDULANG SATU, TUMINITING, KOTA MANADO, SULAWESI UTARA",20,90,96,186
https://kawalpemilu.org#67145,"SINDULANG SATU, TUMINITING, KOTA MANADO, SULAWESI UTARA",21,101,91,192
https://kawalpemilu.org#67145,"SINDULANG SATU, TUMINITING, KOTA MANADO, SULAWESI UTARA",22,90,69,159
https://kawalpemilu.org#67145,"SINDULANG SATU, TUMINITING, KOTA MANADO, SULAWESI UTARA",23,65,56,121
https://kawalpemilu.org#67145,"SINDULANG SATU, TUMINITING, KOTA MANADO, SULAWESI UTARA",24,103,66,169
https://kawalpemilu.org#67145,"SINDULANG SATU, TUMINITING, KOTA MANADO, SULAWESI UTARA",25,66,96,162
https://kawalpemilu.org#67145,"SINDULANG SATU, TUMINITING, KOTA MANADO, SULAWESI UTARA",26,95,41,136
https://kawalpemilu.org#67146,"SINDULANG DUA, TUMINITING, KOTA MANADO, SULAWESI UTARA",1,207,19,226
https://kawalpemilu.org#67146,"SINDULANG DUA, TUMINITING, KOTA MANADO, SULAWESI UTARA",2,185,12,197
https://kawalpemilu.org#67146,"SINDULANG DUA, TUMINITING, KOTA MANADO, SULAWESI UTARA",3,179,39,218
https://kawalpemilu.org#67146,"SINDULANG DUA, TUMINITING, KOTA MANADO, SULAWESI UTARA",4,205,20,225
https://kawalpemilu.org#67146,"SINDULANG DUA, TUMINITING, KOTA MANADO, SULAWESI UTARA",5,178,19,197
https://kawalpemilu.org#67146,"SINDULANG DUA, TUMINITING, KOTA MANADO, SULAWESI UTARA",6,189,18,207
https://kawalpemilu.org#67146,"SINDULANG DUA, TUMINITING, KOTA MANADO, SULAWESI UTARA",7,97,11,108
https://kawalpemilu.org#67147,"ISLAM, TUMINITING, KOTA MANADO, SULAWESI UTARA",1,133,101,234
https://kawalpemilu.org#67147,"ISLAM, TUMINITING, KOTA MANADO, SULAWESI UTARA",2,110,116,226
https://kawalpemilu.org#67147,"ISLAM, TUMINITING, KOTA MANADO, SULAWESI UTARA",3,86,112,198
https://kawalpemilu.org#67147,"ISLAM, TUMINITING, KOTA MANADO, SULAWESI UTARA",4,79,136,215
https://kawalpemilu.org#67147,"ISLAM, TUMINITING, KOTA MANADO, SULAWESI UTARA",5,63,100,163
https://kawalpemilu.org#67147,"ISLAM, TUMINITING, KOTA MANADO, SULAWESI UTARA",6,89,128,217
https://kawalpemilu.org#67147,"ISLAM, TUMINITING, KOTA MANADO, SULAWESI UTARA",7,88,149,237
https://kawalpemilu.org#67147,"ISLAM, TUMINITING, KOTA MANADO, SULAWESI UTARA",8,100,72,172
https://kawalpemilu.org#67147,"ISLAM, TUMINITING, KOTA MANADO, SULAWESI UTARA",9,95,62,157
https://kawalpemilu.org#67147,"ISLAM, TUMINITING, KOTA MANADO, SULAWESI UTARA",10,216,9,225
https://kawalpemilu.org#67147,"ISLAM, TUMINITING, KOTA MANADO, SULAWESI UTARA",11,216,8,224
https://kawalpemilu.org#67147,"ISLAM, TUMINITING, KOTA MANADO, SULAWESI UTARA",12,123,70,193
https://kawalpemilu.org#67148,"TUMUMPA DUA, TUMINITING, KOTA MANADO, SULAWESI UTARA",1,220,5,225
https://kawalpemilu.org#67148,"TUMUMPA DUA, TUMINITING, KOTA MANADO, SULAWESI UTARA",2,228,6,234
https://kawalpemilu.org#67148,"TUMUMPA DUA, TUMINITING, KOTA MANADO, SULAWESI UTARA",3,209,11,220
https://kawalpemilu.org#67148,"TUMUMPA DUA, TUMINITING, KOTA MANADO, SULAWESI UTARA",4,202,29,231
https://kawalpemilu.org#67148,"TUMUMPA DUA, TUMINITING, KOTA MANADO, SULAWESI UTARA",5,222,10,232
https://kawalpemilu.org#67148,"TUMUMPA DUA, TUMINITING, KOTA MANADO, SULAWESI UTARA",6,227,14,241
https://kawalpemilu.org#67148,"TUMUMPA DUA, TUMINITING, KOTA MANADO, SULAWESI UTARA",7,209,10,219
https://kawalpemilu.org#67148,"TUMUMPA DUA, TUMINITING, KOTA MANADO, SULAWESI UTARA",8,191,25,216
https://kawalpemilu.org#67148,"TUMUMPA DUA, TUMINITING, KOTA MANADO, SULAWESI UTARA",9,201,26,227
https://kawalpemilu.org#67148,"TUMUMPA DUA, TUMINITING, KOTA MANADO, SULAWESI UTARA",10,159,29,188
https://kawalpemilu.org#67148,"TUMUMPA DUA, TUMINITING, KOTA MANADO, SULAWESI UTARA",11,132,10,142
https://kawalpemilu.org#67149,"SUMOMPO, TUMINITING, KOTA MANADO, SULAWESI UTARA",1,165,31,196
https://kawalpemilu.org#67149,"SUMOMPO, TUMINITING, KOTA MANADO, SULAWESI UTARA",2,172,35,207
https://kawalpemilu.org#67149,"SUMOMPO, TUMINITING, KOTA MANADO, SULAWESI UTARA",3,201,21,222
https://kawalpemilu.org#67149,"SUMOMPO, TUMINITING, KOTA MANADO, SULAWESI UTARA",4,176,24,200
https://kawalpemilu.org#67149,"SUMOMPO, TUMINITING, KOTA MANADO, SULAWESI UTARA",5,187,17,204
https://kawalpemilu.org#67149,"SUMOMPO, TUMINITING, KOTA MANADO, SULAWESI UTARA",6,175,27,202
https://kawalpemilu.org#67149,"SUMOMPO, TUMINITING, KOTA MANADO, SULAWESI UTARA",7,169,42,211
https://kawalpemilu.org#67149,"SUMOMPO, TUMINITING, KOTA MANADO, SULAWESI UTARA",8,192,25,217
https://kawalpemilu.org#67149,"SUMOMPO, TUMINITING, KOTA MANADO, SULAWESI UTARA",9,159,52,209
https://kawalpemilu.org#67149,"SUMOMPO, TUMINITING, KOTA MANADO, SULAWESI UTARA",10,153,44,197
https://kawalpemilu.org#67149,"SUMOMPO, TUMINITING, KOTA MANADO, SULAWESI UTARA",11,157,18,175
https://kawalpemilu.org#67149,"SUMOMPO, TUMINITING, KOTA MANADO, SULAWESI UTARA",12,188,14,202
https://kawalpemilu.org#67149,"SUMOMPO, TUMINITING, KOTA MANADO, SULAWESI UTARA",13,140,5,145
https://kawalpemilu.org#67149,"SUMOMPO, TUMINITING, KOTA MANADO, SULAWESI UTARA",14,156,36,192
https://kawalpemilu.org#67149,"SUMOMPO, TUMINITING, KOTA MANADO, SULAWESI UTARA",15,113,87,200
https://kawalpemilu.org#67149,"SUMOMPO, TUMINITING, KOTA MANADO, SULAWESI UTARA",16,132,61,193
https://kawalpemilu.org#67149,"SUMOMPO, TUMINITING, KOTA MANADO, SULAWESI UTARA",17,125,48,173
https://kawalpemilu.org#67149,"SUMOMPO, TUMINITING, KOTA MANADO, SULAWESI UTARA",18,138,50,188
https://kawalpemilu.org#67149,"SUMOMPO, TUMINITING, KOTA MANADO, SULAWESI UTARA",19,157,51,208
https://kawalpemilu.org#67149,"SUMOMPO, TUMINITING, KOTA MANADO, SULAWESI UTARA",20,165,37,202
https://kawalpemilu.org#67149,"SUMOMPO, TUMINITING, KOTA MANADO, SULAWESI UTARA",21,146,40,186
https://kawalpemilu.org#67149,"SUMOMPO, TUMINITING, KOTA MANADO, SULAWESI UTARA",22,156,30,186
https://kawalpemilu.org#67150,"MAHAWU, TUMINITING, KOTA MANADO, SULAWESI UTARA",1,135,83,218
https://kawalpemilu.org#67150,"MAHAWU, TUMINITING, KOTA MANADO, SULAWESI UTARA",2,111,87,198
https://kawalpemilu.org#67150,"MAHAWU, TUMINITING, KOTA MANADO, SULAWESI UTARA",3,125,89,214
https://kawalpemilu.org#67150,"MAHAWU, TUMINITING, KOTA MANADO, SULAWESI UTARA",4,79,87,166
https://kawalpemilu.org#67150,"MAHAWU, TUMINITING, KOTA MANADO, SULAWESI UTARA",5,71,103,174
https://kawalpemilu.org#67150,"MAHAWU, TUMINITING, KOTA MANADO, SULAWESI UTARA",6,81,96,177
https://kawalpemilu.org#67150,"MAHAWU, TUMINITING, KOTA MANADO, SULAWESI UTARA",7,62,142,204
https://kawalpemilu.org#67150,"MAHAWU, TUMINITING, KOTA MANADO, SULAWESI UTARA",8,79,116,195
https://kawalpemilu.org#67150,"MAHAWU, TUMINITING, KOTA MANADO, SULAWESI UTARA",9,63,122,185
https://kawalpemilu.org#67150,"MAHAWU, TUMINITING, KOTA MANADO, SULAWESI UTARA",10,77,99,176
https://kawalpemilu.org#67150,"MAHAWU, TUMINITING, KOTA MANADO, SULAWESI UTARA",11,113,105,218
https://kawalpemilu.org#67150,"MAHAWU, TUMINITING, KOTA MANADO, SULAWESI UTARA",12,107,101,208
https://kawalpemilu.org#67150,"MAHAWU, TUMINITING, KOTA MANADO, SULAWESI UTARA",13,120,94,214
https://kawalpemilu.org#67150,"MAHAWU, TUMINITING, KOTA MANADO, SULAWESI UTARA",14,100,74,174
https://kawalpemilu.org#67150,"MAHAWU, TUMINITING, KOTA MANADO, SULAWESI UTARA",15,93,75,168
https://kawalpemilu.org#67150,"MAHAWU, TUMINITING, KOTA MANADO, SULAWESI UTARA",16,133,74,207
https://kawalpemilu.org#67150,"MAHAWU, TUMINITING, KOTA MANADO, SULAWESI UTARA",17,71,148,219
https://kawalpemilu.org#67150,"MAHAWU, TUMINITING, KOTA MANADO, SULAWESI UTARA",18,84,139,223
https://kawalpemilu.org#67150,"MAHAWU, TUMINITING, KOTA MANADO, SULAWESI UTARA",19,118,134,252
https://kawalpemilu.org#67150,"MAHAWU, TUMINITING, KOTA MANADO, SULAWESI UTARA",20,71,131,202
https://kawalpemilu.org#67150,"MAHAWU, TUMINITING, KOTA MANADO, SULAWESI UTARA",21,62,100,162
https://kawalpemilu.org#67150,"MAHAWU, TUMINITING, KOTA MANADO, SULAWESI UTARA",22,104,104,208
https://kawalpemilu.org#67150,"MAHAWU, TUMINITING, KOTA MANADO, SULAWESI UTARA",23,74,94,168
https://kawalpemilu.org#67150,"MAHAWU, TUMINITING, KOTA MANADO, SULAWESI UTARA",24,90,95,185
https://kawalpemilu.org#67150,"MAHAWU, TUMINITING, KOTA MANADO, SULAWESI UTARA",25,89,91,180
https://kawalpemilu.org#67150,"MAHAWU, TUMINITING, KOTA MANADO, SULAWESI UTARA",26,72,74,145
https://kawalpemilu.org#67150,"MAHAWU, TUMINITING, KOTA MANADO, SULAWESI UTARA",27,45,53,98
https://kawalpemilu.org#67152,"SINGKIL SATU, SINGKIL, KOTA MANADO, SULAWESI UTARA",1,158,30,188
https://kawalpemilu.org#67152,"SINGKIL SATU, SINGKIL, KOTA MANADO, SULAWESI UTARA",2,147,23,170
https://kawalpemilu.org#67152,"SINGKIL SATU, SINGKIL, KOTA MANADO, SULAWESI UTARA",3,160,21,181
https://kawalpemilu.org#67152,"SINGKIL SATU, SINGKIL, KOTA MANADO, SULAWESI UTARA",4,149,79,228
https://kawalpemilu.org#67152,"SINGKIL SATU, SINGKIL, KOTA MANADO, SULAWESI UTARA",5,135,50,185
https://kawalpemilu.org#67152,"SINGKIL SATU, SINGKIL, KOTA MANADO, SULAWESI UTARA",6,107,45,152
https://kawalpemilu.org#67152,"SINGKIL SATU, SINGKIL, KOTA MANADO, SULAWESI UTARA",7,128,58,189
https://kawalpemilu.org#67152,"SINGKIL SATU, SINGKIL, KOTA MANADO, SULAWESI UTARA",8,173,34,207
https://kawalpemilu.org#67152,"SINGKIL SATU, SINGKIL, KOTA MANADO, SULAWESI UTARA",9,208,8,216
https://kawalpemilu.org#67152,"SINGKIL SATU, SINGKIL, KOTA MANADO, SULAWESI UTARA",10,120,80,200
https://kawalpemilu.org#67152,"SINGKIL SATU, SINGKIL, KOTA MANADO, SULAWESI UTARA",11,208,11,219
https://kawalpemilu.org#67152,"SINGKIL SATU, SINGKIL, KOTA MANADO, SULAWESI UTARA",12,185,13,198
https://kawalpemilu.org#67152,"SINGKIL SATU, SINGKIL, KOTA MANADO, SULAWESI UTARA",13,175,16,191
https://kawalpemilu.org#67152,"SINGKIL SATU, SINGKIL, KOTA MANADO, SULAWESI UTARA",14,0,0,200
https://kawalpemilu.org#67152,"SINGKIL SATU, SINGKIL, KOTA MANADO, SULAWESI UTARA",15,157,38,195
https://kawalpemilu.org#67152,"SINGKIL SATU, SINGKIL, KOTA MANADO, SULAWESI UTARA",16,113,75,188
https://kawalpemilu.org#67152,"SINGKIL SATU, SINGKIL, KOTA MANADO, SULAWESI UTARA",17,117,74,191
https://kawalpemilu.org#67152,"SINGKIL SATU, SINGKIL, KOTA MANADO, SULAWESI UTARA",18,153,52,205
https://kawalpemilu.org#67152,"SINGKIL SATU, SINGKIL, KOTA MANADO, SULAWESI UTARA",19,142,76,218
https://kawalpemilu.org#67152,"SINGKIL SATU, SINGKIL, KOTA MANADO, SULAWESI UTARA",20,107,110,217
https://kawalpemilu.org#67152,"SINGKIL SATU, SINGKIL, KOTA MANADO, SULAWESI UTARA",21,129,66,195
https://kawalpemilu.org#67152,"SINGKIL SATU, SINGKIL, KOTA MANADO, SULAWESI UTARA",22,134,49,183
https://kawalpemilu.org#67152,"SINGKIL SATU, SINGKIL, KOTA MANADO, SULAWESI UTARA",23,172,58,230
https://kawalpemilu.org#67152,"SINGKIL SATU, SINGKIL, KOTA MANADO, SULAWESI UTARA",24,176,31,207
https://kawalpemilu.org#67152,"SINGKIL SATU, SINGKIL, KOTA MANADO, SULAWESI UTARA",25,177,28,205
https://kawalpemilu.org#67152,"SINGKIL SATU, SINGKIL, KOTA MANADO, SULAWESI UTARA",26,178,60,238
https://kawalpemilu.org#67152,"SINGKIL SATU, SINGKIL, KOTA MANADO, SULAWESI UTARA",27,127,62,189
https://kawalpemilu.org#67152,"SINGKIL SATU, SINGKIL, KOTA MANADO, SULAWESI UTARA",28,84,38,122
https://kawalpemilu.org#67153,"SINGKIL DUA, SINGKIL, KOTA MANADO, SULAWESI UTARA",1,164,50,214
https://kawalpemilu.org#67153,"SINGKIL DUA, SINGKIL, KOTA MANADO, SULAWESI UTARA",2,200,36,236
https://kawalpemilu.org#67153,"SINGKIL DUA, SINGKIL, KOTA MANADO, SULAWESI UTARA",3,143,50,193
https://kawalpemilu.org#67153,"SINGKIL DUA, SINGKIL, KOTA MANADO, SULAWESI UTARA",4,115,60,175
https://kawalpemilu.org#67153,"SINGKIL DUA, SINGKIL, KOTA MANADO, SULAWESI UTARA",5,142,78,220
https://kawalpemilu.org#67153,"SINGKIL DUA, SINGKIL, KOTA MANADO, SULAWESI UTARA",6,129,65,194
https://kawalpemilu.org#67153,"SINGKIL DUA, SINGKIL, KOTA MANADO, SULAWESI UTARA",7,150,67,217
https://kawalpemilu.org#67153,"SINGKIL DUA, SINGKIL, KOTA MANADO, SULAWESI UTARA",8,112,82,194
https://kawalpemilu.org#67153,"SINGKIL DUA, SINGKIL, KOTA MANADO, SULAWESI UTARA",9,126,81,207
https://kawalpemilu.org#67153,"SINGKIL DUA, SINGKIL, KOTA MANADO, SULAWESI UTARA",10,100,56,156
https://kawalpemilu.org#67153,"SINGKIL DUA, SINGKIL, KOTA MANADO, SULAWESI UTARA",11,189,6,195
https://kawalpemilu.org#67153,"SINGKIL DUA, SINGKIL, KOTA MANADO, SULAWESI UTARA",12,183,13,196
https://kawalpemilu.org#67153,"SINGKIL DUA, SINGKIL, KOTA MANADO, SULAWESI UTARA",13,162,24,186
https://kawalpemilu.org#67153,"SINGKIL DUA, SINGKIL, KOTA MANADO, SULAWESI UTARA",14,157,31,188
https://kawalpemilu.org#67153,"SINGKIL DUA, SINGKIL, KOTA MANADO, SULAWESI UTARA",15,136,70,206
https://kawalpemilu.org#67153,"SINGKIL DUA, SINGKIL, KOTA MANADO, SULAWESI UTARA",16,114,72,186
https://kawalpemilu.org#67153,"SINGKIL DUA, SINGKIL, KOTA MANADO, SULAWESI UTARA",17,145,65,210
https://kawalpemilu.org#67153,"SINGKIL DUA, SINGKIL, KOTA MANADO, SULAWESI UTARA",18,98,63,161
https://kawalpemilu.org#67153,"SINGKIL DUA, SINGKIL, KOTA MANADO, SULAWESI UTARA",19,101,103,204
https://kawalpemilu.org#67153,"SINGKIL DUA, SINGKIL, KOTA MANADO, SULAWESI UTARA",20,183,15,198
https://kawalpemilu.org#67153,"SINGKIL DUA, SINGKIL, KOTA MANADO, SULAWESI UTARA",21,96,50,146
https://kawalpemilu.org#67153,"SINGKIL DUA, SINGKIL, KOTA MANADO, SULAWESI UTARA",22,73,40,113
https://kawalpemilu.org#67153,"SINGKIL DUA, SINGKIL, KOTA MANADO, SULAWESI UTARA",23,89,50,139
https://kawalpemilu.org#67153,"SINGKIL DUA, SINGKIL, KOTA MANADO, SULAWESI UTARA",24,164,13,177
https://kawalpemilu.org#67154,"WAWONASA, SINGKIL, KOTA MANADO, SULAWESI UTARA",1,133,71,204
https://kawalpemilu.org#67154,"WAWONASA, SINGKIL, KOTA MANADO, SULAWESI UTARA",2,51,113,164
https://kawalpemilu.org#67154,"WAWONASA, SINGKIL, KOTA MANADO, SULAWESI UTARA",3,62,124,186
https://kawalpemilu.org#67154,"WAWONASA, SINGKIL, KOTA MANADO, SULAWESI UTARA",4,66,151,217
https://kawalpemilu.org#67154,"WAWONASA, SINGKIL, KOTA MANADO, SULAWESI UTARA",5,65,116,181
https://kawalpemilu.org#67154,"WAWONASA, SINGKIL, KOTA MANADO, SULAWESI UTARA",6,77,116,193
https://kawalpemilu.org#67154,"WAWONASA, SINGKIL, KOTA MANADO, SULAWESI UTARA",7,206,23,229
https://kawalpemilu.org#67154,"WAWONASA, SINGKIL, KOTA MANADO, SULAWESI UTARA",8,81,126,207
https://kawalpemilu.org#67154,"WAWONASA, SINGKIL, KOTA MANADO, SULAWESI UTARA",9,92,141,233
https://kawalpemilu.org#67154,"WAWONASA, SINGKIL, KOTA MANADO, SULAWESI UTARA",10,94,127,221
https://kawalpemilu.org#67154,"WAWONASA, SINGKIL, KOTA MANADO, SULAWESI UTARA",11,88,129,217
https://kawalpemilu.org#67154,"WAWONASA, SINGKIL, KOTA MANADO, SULAWESI UTARA",12,102,79,181
https://kawalpemilu.org#67155,"KARAME, SINGKIL, KOTA MANADO, SULAWESI UTARA",1,174,50,224
https://kawalpemilu.org#67155,"KARAME, SINGKIL, KOTA MANADO, SULAWESI UTARA",2,204,30,234
https://kawalpemilu.org#67155,"KARAME, SINGKIL, KOTA MANADO, SULAWESI UTARA",3,187,28,215
https://kawalpemilu.org#67155,"KARAME, SINGKIL, KOTA MANADO, SULAWESI UTARA",4,148,72,220
https://kawalpemilu.org#67155,"KARAME, SINGKIL, KOTA MANADO, SULAWESI UTARA",5,105,121,226
https://kawalpemilu.org#67155,"KARAME, SINGKIL, KOTA MANADO, SULAWESI UTARA",6,107,117,224
https://kawalpemilu.org#67155,"KARAME, SINGKIL, KOTA MANADO, SULAWESI UTARA",7,71,113,184
https://kawalpemilu.org#67155,"KARAME, SINGKIL, KOTA MANADO, SULAWESI UTARA",8,108,123,231
https://kawalpemilu.org#67155,"KARAME, SINGKIL, KOTA MANADO, SULAWESI UTARA",9,92,132,224
https://kawalpemilu.org#67155,"KARAME, SINGKIL, KOTA MANADO, SULAWESI UTARA",10,143,97,240
https://kawalpemilu.org#67155,"KARAME, SINGKIL, KOTA MANADO, SULAWESI UTARA",11,139,96,235
https://kawalpemilu.org#67155,"KARAME, SINGKIL, KOTA MANADO, SULAWESI UTARA",12,122,94,216
https://kawalpemilu.org#67155,"KARAME, SINGKIL, KOTA MANADO, SULAWESI UTARA",13,93,150,243
https://kawalpemilu.org#67156,"KETANG BARU, SINGKIL, KOTA MANADO, SULAWESI UTARA",1,56,206,262
https://kawalpemilu.org#67156,"KETANG BARU, SINGKIL, KOTA MANADO, SULAWESI UTARA",2,80,171,251
https://kawalpemilu.org#67156,"KETANG BARU, SINGKIL, KOTA MANADO, SULAWESI UTARA",3,84,174,258
https://kawalpemilu.org#67156,"KETANG BARU, SINGKIL, KOTA MANADO, SULAWESI UTARA",4,86,187,273
https://kawalpemilu.org#67156,"KETANG BARU, SINGKIL, KOTA MANADO, SULAWESI UTARA",5,51,187,238
https://kawalpemilu.org#67156,"KETANG BARU, SINGKIL, KOTA MANADO, SULAWESI UTARA",6,86,163,239
https://kawalpemilu.org#67156,"KETANG BARU, SINGKIL, KOTA MANADO, SULAWESI UTARA",7,83,129,212
https://kawalpemilu.org#67156,"KETANG BARU, SINGKIL, KOTA MANADO, SULAWESI UTARA",8,71,119,190
https://kawalpemilu.org#67157,"TERNATE BARU, SINGKIL, KOTA MANADO, SULAWESI UTARA",1,75,135,210
https://kawalpemilu.org#67157,"TERNATE BARU, SINGKIL, KOTA MANADO, SULAWESI UTARA",2,51,154,205
https://kawalpemilu.org#67157,"TERNATE BARU, SINGKIL, KOTA MANADO, SULAWESI UTARA",3,80,134,214
https://kawalpemilu.org#67157,"TERNATE BARU, SINGKIL, KOTA MANADO, SULAWESI UTARA",4,75,115,190
https://kawalpemilu.org#67157,"TERNATE BARU, SINGKIL, KOTA MANADO, SULAWESI UTARA",5,78,95,173
https://kawalpemilu.org#67157,"TERNATE BARU, SINGKIL, KOTA MANADO, SULAWESI UTARA",6,52,109,161
https://kawalpemilu.org#67157,"TERNATE BARU, SINGKIL, KOTA MANADO, SULAWESI UTARA",7,39,125,164
https://kawalpemilu.org#67157,"TERNATE BARU, SINGKIL, KOTA MANADO, SULAWESI UTARA",8,71,119,190
https://kawalpemilu.org#67157,"TERNATE BARU, SINGKIL, KOTA MANADO, SULAWESI UTARA",9,69,106,175
https://kawalpemilu.org#67157,"TERNATE BARU, SINGKIL, KOTA MANADO, SULAWESI UTARA",10,69,132,201
https://kawalpemilu.org#67157,"TERNATE BARU, SINGKIL, KOTA MANADO, SULAWESI UTARA",11,69,93,162
https://kawalpemilu.org#67157,"TERNATE BARU, SINGKIL, KOTA MANADO, SULAWESI UTARA",12,39,53,92
https://kawalpemilu.org#67157,"TERNATE BARU, SINGKIL, KOTA MANADO, SULAWESI UTARA",13,73,76,149
https://kawalpemilu.org#67158,"KOMBOS BARAT, SINGKIL, KOTA MANADO, SULAWESI UTARA",1,215,6,221
https://kawalpemilu.org#67158,"KOMBOS BARAT, SINGKIL, KOTA MANADO, SULAWESI UTARA",2,198,6,204
https://kawalpemilu.org#67158,"KOMBOS BARAT, SINGKIL, KOTA MANADO, SULAWESI UTARA",3,229,7,236
https://kawalpemilu.org#67158,"KOMBOS BARAT, SINGKIL, KOTA MANADO, SULAWESI UTARA",4,205,8,213
https://kawalpemilu.org#67158,"KOMBOS BARAT, SINGKIL, KOTA MANADO, SULAWESI UTARA",5,217,29,246
https://kawalpemilu.org#67158,"KOMBOS BARAT, SINGKIL, KOTA MANADO, SULAWESI UTARA",6,195,21,216
https://kawalpemilu.org#67158,"KOMBOS BARAT, SINGKIL, KOTA MANADO, SULAWESI UTARA",7,166,27,193
https://kawalpemilu.org#67158,"KOMBOS BARAT, SINGKIL, KOTA MANADO, SULAWESI UTARA",8,175,43,218
https://kawalpemilu.org#67158,"KOMBOS BARAT, SINGKIL, KOTA MANADO, SULAWESI UTARA",9,114,58,172
https://kawalpemilu.org#67158,"KOMBOS BARAT, SINGKIL, KOTA MANADO, SULAWESI UTARA",10,149,35,184
https://kawalpemilu.org#67158,"KOMBOS BARAT, SINGKIL, KOTA MANADO, SULAWESI UTARA",11,167,44,211
https://kawalpemilu.org#67158,"KOMBOS BARAT, SINGKIL, KOTA MANADO, SULAWESI UTARA",12,200,31,231
https://kawalpemilu.org#67158,"KOMBOS BARAT, SINGKIL, KOTA MANADO, SULAWESI UTARA",13,176,28,204
https://kawalpemilu.org#67158,"KOMBOS BARAT, SINGKIL, KOTA MANADO, SULAWESI UTARA",14,119,87,206
https://kawalpemilu.org#67158,"KOMBOS BARAT, SINGKIL, KOTA MANADO, SULAWESI UTARA",15,125,75,200
https://kawalpemilu.org#67158,"KOMBOS BARAT, SINGKIL, KOTA MANADO, SULAWESI UTARA",16,100,82,182
https://kawalpemilu.org#67158,"KOMBOS BARAT, SINGKIL, KOTA MANADO, SULAWESI UTARA",17,103,105,208
https://kawalpemilu.org#67158,"KOMBOS BARAT, SINGKIL, KOTA MANADO, SULAWESI UTARA",18,117,20,137
https://kawalpemilu.org#67159,"KOMBOS TIMUR, SINGKIL, KOTA MANADO, SULAWESI UTARA",1,214,13,227
https://kawalpemilu.org#67159,"KOMBOS TIMUR, SINGKIL, KOTA MANADO, SULAWESI UTARA",2,198,10,208
https://kawalpemilu.org#67159,"KOMBOS TIMUR, SINGKIL, KOTA MANADO, SULAWESI UTARA",3,187,14,201
https://kawalpemilu.org#67159,"KOMBOS TIMUR, SINGKIL, KOTA MANADO, SULAWESI UTARA",4,137,48,185
https://kawalpemilu.org#67159,"KOMBOS TIMUR, SINGKIL, KOTA MANADO, SULAWESI UTARA",5,159,47,206
https://kawalpemilu.org#67159,"KOMBOS TIMUR, SINGKIL, KOTA MANADO, SULAWESI UTARA",6,171,48,219
https://kawalpemilu.org#67159,"KOMBOS TIMUR, SINGKIL, KOTA MANADO, SULAWESI UTARA",7,182,27,209
https://kawalpemilu.org#67159,"KOMBOS TIMUR, SINGKIL, KOTA MANADO, SULAWESI UTARA",8,208,8,216
https://kawalpemilu.org#67159,"KOMBOS TIMUR, SINGKIL, KOTA MANADO, SULAWESI UTARA",9,195,34,229
https://kawalpemilu.org#67159,"KOMBOS TIMUR, SINGKIL, KOTA MANADO, SULAWESI UTARA",10,212,15,227
https://kawalpemilu.org#67159,"KOMBOS TIMUR, SINGKIL, KOTA MANADO, SULAWESI UTARA",11,137,11,148
https://kawalpemilu.org#67159,"KOMBOS TIMUR, SINGKIL, KOTA MANADO, SULAWESI UTARA",12,137,33,170
https://kawalpemilu.org#67159,"KOMBOS TIMUR, SINGKIL, KOTA MANADO, SULAWESI UTARA",13,141,82,223
https://kawalpemilu.org#67159,"KOMBOS TIMUR, SINGKIL, KOTA MANADO, SULAWESI UTARA",14,143,12,155
https://kawalpemilu.org#67159,"KOMBOS TIMUR, SINGKIL, KOTA MANADO, SULAWESI UTARA",15,187,22,209
https://kawalpemilu.org#67159,"KOMBOS TIMUR, SINGKIL, KOTA MANADO, SULAWESI UTARA",16,134,22,156
https://kawalpemilu.org#67159,"KOMBOS TIMUR, SINGKIL, KOTA MANADO, SULAWESI UTARA",17,152,65,217
https://kawalpemilu.org#67159,"KOMBOS TIMUR, SINGKIL, KOTA MANADO, SULAWESI UTARA",18,167,24,191
https://kawalpemilu.org#67159,"KOMBOS TIMUR, SINGKIL, KOTA MANADO, SULAWESI UTARA",19,192,30,222
https://kawalpemilu.org#67159,"KOMBOS TIMUR, SINGKIL, KOTA MANADO, SULAWESI UTARA",20,168,23,191
https://kawalpemilu.org#67159,"KOMBOS TIMUR, SINGKIL, KOTA MANADO, SULAWESI UTARA",21,219,7,226
https://kawalpemilu.org#67159,"KOMBOS TIMUR, SINGKIL, KOTA MANADO, SULAWESI UTARA",22,119,127,246
https://kawalpemilu.org#67159,"KOMBOS TIMUR, SINGKIL, KOTA MANADO, SULAWESI UTARA",23,138,97,235
https://kawalpemilu.org#67159,"KOMBOS TIMUR, SINGKIL, KOTA MANADO, SULAWESI UTARA",24,224,1,225
https://kawalpemilu.org#67159,"KOMBOS TIMUR, SINGKIL, KOTA MANADO, SULAWESI UTARA",25,179,30,209
https://kawalpemilu.org#67160,"TERNATE TANJUNG, SINGKIL, KOTA MANADO, SULAWESI UTARA",1,93,156,249
https://kawalpemilu.org#67160,"TERNATE TANJUNG, SINGKIL, KOTA MANADO, SULAWESI UTARA",2,78,141,219
https://kawalpemilu.org#67160,"TERNATE TANJUNG, SINGKIL, KOTA MANADO, SULAWESI UTARA",3,100,122,222
https://kawalpemilu.org#67160,"TERNATE TANJUNG, SINGKIL, KOTA MANADO, SULAWESI UTARA",4,108,103,211
https://kawalpemilu.org#67160,"TERNATE TANJUNG, SINGKIL, KOTA MANADO, SULAWESI UTARA",5,102,129,231
https://kawalpemilu.org#67160,"TERNATE TANJUNG, SINGKIL, KOTA MANADO, SULAWESI UTARA",6,127,91,218
https://kawalpemilu.org#67160,"TERNATE TANJUNG, SINGKIL, KOTA MANADO, SULAWESI UTARA",7,106,122,228
https://kawalpemilu.org#67160,"TERNATE TANJUNG, SINGKIL, KOTA MANADO, SULAWESI UTARA",8,77,119,196
https://kawalpemilu.org#67160,"TERNATE TANJUNG, SINGKIL, KOTA MANADO, SULAWESI UTARA",9,69,85,154
https://kawalpemilu.org#67162,"TIKALA KUMARAKA, WENANG, KOTA MANADO, SULAWESI UTARA",1,139,6,145
https://kawalpemilu.org#67162,"TIKALA KUMARAKA, WENANG, KOTA MANADO, SULAWESI UTARA",2,148,13,161
https://kawalpemilu.org#67162,"TIKALA KUMARAKA, WENANG, KOTA MANADO, SULAWESI UTARA",3,159,19,178
https://kawalpemilu.org#67162,"TIKALA KUMARAKA, WENANG, KOTA MANADO, SULAWESI UTARA",4,192,14,206
https://kawalpemilu.org#67162,"TIKALA KUMARAKA, WENANG, KOTA MANADO, SULAWESI UTARA",5,196,27,223
https://kawalpemilu.org#67162,"TIKALA KUMARAKA, WENANG, KOTA MANADO, SULAWESI UTARA",6,182,18,200
https://kawalpemilu.org#67162,"TIKALA KUMARAKA, WENANG, KOTA MANADO, SULAWESI UTARA",7,231,15,246
https://kawalpemilu.org#67162,"TIKALA KUMARAKA, WENANG, KOTA MANADO, SULAWESI UTARA",8,144,3,147
https://kawalpemilu.org#67163,"MAHAKERET TIMUR, WENANG, KOTA MANADO, SULAWESI UTARA",1,175,45,220
https://kawalpemilu.org#67163,"MAHAKERET TIMUR, WENANG, KOTA MANADO, SULAWESI UTARA",2,167,57,224
https://kawalpemilu.org#67163,"MAHAKERET TIMUR, WENANG, KOTA MANADO, SULAWESI UTARA",3,182,21,203
https://kawalpemilu.org#67163,"MAHAKERET TIMUR, WENANG, KOTA MANADO, SULAWESI UTARA",4,199,30,229
https://kawalpemilu.org#67163,"MAHAKERET TIMUR, WENANG, KOTA MANADO, SULAWESI UTARA",5,226,19,245
https://kawalpemilu.org#67163,"MAHAKERET TIMUR, WENANG, KOTA MANADO, SULAWESI UTARA",6,156,10,166
https://kawalpemilu.org#67163,"MAHAKERET TIMUR, WENANG, KOTA MANADO, SULAWESI UTARA",7,212,11,223
https://kawalpemilu.org#67163,"MAHAKERET TIMUR, WENANG, KOTA MANADO, SULAWESI UTARA",8,178,23,201
https://kawalpemilu.org#67163,"MAHAKERET TIMUR, WENANG, KOTA MANADO, SULAWESI UTARA",9,178,27,205
https://kawalpemilu.org#67163,"MAHAKERET TIMUR, WENANG, KOTA MANADO, SULAWESI UTARA",10,125,48,173
https://kawalpemilu.org#67164,"MAHAKERET BARAT, WENANG, KOTA MANADO, SULAWESI UTARA",1,188,9,197
https://kawalpemilu.org#67164,"MAHAKERET BARAT, WENANG, KOTA MANADO, SULAWESI UTARA",2,201,15,220
https://kawalpemilu.org#67164,"MAHAKERET BARAT, WENANG, KOTA MANADO, SULAWESI UTARA",3,208,23,231
https://kawalpemilu.org#67164,"MAHAKERET BARAT, WENANG, KOTA MANADO, SULAWESI UTARA",4,219,18,237
https://kawalpemilu.org#67164,"MAHAKERET BARAT, WENANG, KOTA MANADO, SULAWESI UTARA",5,215,13,228
https://kawalpemilu.org#67164,"MAHAKERET BARAT, WENANG, KOTA MANADO, SULAWESI UTARA",6,217,20,237
https://kawalpemilu.org#67164,"MAHAKERET BARAT, WENANG, KOTA MANADO, SULAWESI UTARA",7,224,25,249
https://kawalpemilu.org#67164,"MAHAKERET BARAT, WENANG, KOTA MANADO, SULAWESI UTARA",8,216,7,223
https://kawalpemilu.org#67164,"MAHAKERET BARAT, WENANG, KOTA MANADO, SULAWESI UTARA",9,194,18,212
https://kawalpemilu.org#67164,"MAHAKERET BARAT, WENANG, KOTA MANADO, SULAWESI UTARA",10,203,16,219
https://kawalpemilu.org#67164,"MAHAKERET BARAT, WENANG, KOTA MANADO, SULAWESI UTARA",11,194,17,211
https://kawalpemilu.org#67164,"MAHAKERET BARAT, WENANG, KOTA MANADO, SULAWESI UTARA",12,95,6,101
https://kawalpemilu.org#67165,"TELING BAWAH, WENANG, KOTA MANADO, SULAWESI UTARA",1,67,138,205
https://kawalpemilu.org#67165,"TELING BAWAH, WENANG, KOTA MANADO, SULAWESI UTARA",2,175,31,206
https://kawalpemilu.org#67165,"TELING BAWAH, WENANG, KOTA MANADO, SULAWESI UTARA",3,200,47,247
https://kawalpemilu.org#67165,"TELING BAWAH, WENANG, KOTA MANADO, SULAWESI UTARA",4,175,14,189
https://kawalpemilu.org#67165,"TELING BAWAH, WENANG, KOTA MANADO, SULAWESI UTARA",5,143,20,163
https://kawalpemilu.org#67165,"TELING BAWAH, WENANG, KOTA MANADO, SULAWESI UTARA",6,149,15,164
https://kawalpemilu.org#67165,"TELING BAWAH, WENANG, KOTA MANADO, SULAWESI UTARA",7,164,17,181
https://kawalpemilu.org#67165,"TELING BAWAH, WENANG, KOTA MANADO, SULAWESI UTARA",8,188,16,204
https://kawalpemilu.org#67165,"TELING BAWAH, WENANG, KOTA MANADO, SULAWESI UTARA",9,175,18,193
https://kawalpemilu.org#67165,"TELING BAWAH, WENANG, KOTA MANADO, SULAWESI UTARA",10,197,11,208
https://kawalpemilu.org#67165,"TELING BAWAH, WENANG, KOTA MANADO, SULAWESI UTARA",11,217,12,229
https://kawalpemilu.org#67165,"TELING BAWAH, WENANG, KOTA MANADO, SULAWESI UTARA",12,214,26,240
https://kawalpemilu.org#67165,"TELING BAWAH, WENANG, KOTA MANADO, SULAWESI UTARA",13,162,10,172
https://kawalpemilu.org#67165,"TELING BAWAH, WENANG, KOTA MANADO, SULAWESI UTARA",14,122,27,149
https://kawalpemilu.org#67166,"WENANG UTARA, WENANG, KOTA MANADO, SULAWESI UTARA",1,233,10,243
https://kawalpemilu.org#67166,"WENANG UTARA, WENANG, KOTA MANADO, SULAWESI UTARA",2,205,11,216
https://kawalpemilu.org#67166,"WENANG UTARA, WENANG, KOTA MANADO, SULAWESI UTARA",3,184,12,196
https://kawalpemilu.org#67166,"WENANG UTARA, WENANG, KOTA MANADO, SULAWESI UTARA",4,169,19,188
https://kawalpemilu.org#67166,"WENANG UTARA, WENANG, KOTA MANADO, SULAWESI UTARA",5,189,18,207
https://kawalpemilu.org#67166,"WENANG UTARA, WENANG, KOTA MANADO, SULAWESI UTARA",6,125,66,191
https://kawalpemilu.org#67167,"WENANG SELATAN, WENANG, KOTA MANADO, SULAWESI UTARA",1,191,15,206
https://kawalpemilu.org#67167,"WENANG SELATAN, WENANG, KOTA MANADO, SULAWESI UTARA",2,189,18,207
https://kawalpemilu.org#67167,"WENANG SELATAN, WENANG, KOTA MANADO, SULAWESI UTARA",3,155,11,166
https://kawalpemilu.org#67167,"WENANG SELATAN, WENANG, KOTA MANADO, SULAWESI UTARA",4,184,14,198
https://kawalpemilu.org#67167,"WENANG SELATAN, WENANG, KOTA MANADO, SULAWESI UTARA",5,159,14,173
https://kawalpemilu.org#67167,"WENANG SELATAN, WENANG, KOTA MANADO, SULAWESI UTARA",6,164,23,187
https://kawalpemilu.org#67167,"WENANG SELATAN, WENANG, KOTA MANADO, SULAWESI UTARA",7,169,16,185
https://kawalpemilu.org#67168,"PINAESAAN, WENANG, KOTA MANADO, SULAWESI UTARA",1,0,0,0
https://kawalpemilu.org#67168,"PINAESAAN, WENANG, KOTA MANADO, SULAWESI UTARA",2,171,2,173
https://kawalpemilu.org#67168,"PINAESAAN, WENANG, KOTA MANADO, SULAWESI UTARA",3,150,13,163
https://kawalpemilu.org#67168,"PINAESAAN, WENANG, KOTA MANADO, SULAWESI UTARA",4,173,10,183
https://kawalpemilu.org#67168,"PINAESAAN, WENANG, KOTA MANADO, SULAWESI UTARA",5,186,4,190
https://kawalpemilu.org#67168,"PINAESAAN, WENANG, KOTA MANADO, SULAWESI UTARA",6,155,3,158
https://kawalpemilu.org#67168,"PINAESAAN, WENANG, KOTA MANADO, SULAWESI UTARA",7,151,3,154
https://kawalpemilu.org#67168,"PINAESAAN, WENANG, KOTA MANADO, SULAWESI UTARA",8,144,10,154
https://kawalpemilu.org#67169,"CALACA, WENANG, KOTA MANADO, SULAWESI UTARA",1,184,12,196
https://kawalpemilu.org#67169,"CALACA, WENANG, KOTA MANADO, SULAWESI UTARA",2,166,5,171
https://kawalpemilu.org#67169,"CALACA, WENANG, KOTA MANADO, SULAWESI UTARA",3,137,13,150
https://kawalpemilu.org#67169,"CALACA, WENANG, KOTA MANADO, SULAWESI UTARA",4,93,73,166
https://kawalpemilu.org#67169,"CALACA, WENANG, KOTA MANADO, SULAWESI UTARA",5,112,56,168
https://kawalpemilu.org#67170,"ISTIQLAL, WENANG, KOTA MANADO, SULAWESI UTARA",1,32,200,234
https://kawalpemilu.org#67170,"ISTIQLAL, WENANG, KOTA MANADO, SULAWESI UTARA",2,45,180,226
https://kawalpemilu.org#67170,"ISTIQLAL, WENANG, KOTA MANADO, SULAWESI UTARA",3,35,188,223
https://kawalpemilu.org#67170,"ISTIQLAL, WENANG, KOTA MANADO, SULAWESI UTARA",4,17,181,198
https://kawalpemilu.org#67170,"ISTIQLAL, WENANG, KOTA MANADO, SULAWESI UTARA",5,46,152,198
https://kawalpemilu.org#67171,"LAWANGIRUNG, WENANG, KOTA MANADO, SULAWESI UTARA",1,77,129,206
https://kawalpemilu.org#67171,"LAWANGIRUNG, WENANG, KOTA MANADO, SULAWESI UTARA",2,78,97,175
https://kawalpemilu.org#67171,"LAWANGIRUNG, WENANG, KOTA MANADO, SULAWESI UTARA",3,0,0,193
https://kawalpemilu.org#67171,"LAWANGIRUNG, WENANG, KOTA MANADO, SULAWESI UTARA",4,92,120,212
https://kawalpemilu.org#67171,"LAWANGIRUNG, WENANG, KOTA MANADO, SULAWESI UTARA",5,92,166,258
https://kawalpemilu.org#67171,"LAWANGIRUNG, WENANG, KOTA MANADO, SULAWESI UTARA",6,112,110,222
https://kawalpemilu.org#67171,"LAWANGIRUNG, WENANG, KOTA MANADO, SULAWESI UTARA",7,106,115,221
https://kawalpemilu.org#67171,"LAWANGIRUNG, WENANG, KOTA MANADO, SULAWESI UTARA",8,104,147,251
https://kawalpemilu.org#67171,"LAWANGIRUNG, WENANG, KOTA MANADO, SULAWESI UTARA",9,89,112,201
https://kawalpemilu.org#67171,"LAWANGIRUNG, WENANG, KOTA MANADO, SULAWESI UTARA",10,208,15,223
https://kawalpemilu.org#67172,"KOMO LUAR, WENANG, KOTA MANADO, SULAWESI UTARA",1,103,131,234
https://kawalpemilu.org#67172,"KOMO LUAR, WENANG, KOTA MANADO, SULAWESI UTARA",2,74,148,222
https://kawalpemilu.org#67172,"KOMO LUAR, WENANG, KOTA MANADO, SULAWESI UTARA",3,107,117,224
https://kawalpemilu.org#67172,"KOMO LUAR, WENANG, KOTA MANADO, SULAWESI UTARA",4,85,138,223
https://kawalpemilu.org#67172,"KOMO LUAR, WENANG, KOTA MANADO, SULAWESI UTARA",5,70,143,213
https://kawalpemilu.org#67172,"KOMO LUAR, WENANG, KOTA MANADO, SULAWESI UTARA",6,86,177,263
https://kawalpemilu.org#67173,"BUMI BERINGIN, WENANG, KOTA MANADO, SULAWESI UTARA",1,203,11,214
https://kawalpemilu.org#67173,"BUMI BERINGIN, WENANG, KOTA MANADO, SULAWESI UTARA",2,237,23,260
https://kawalpemilu.org#67173,"BUMI BERINGIN, WENANG, KOTA MANADO, SULAWESI UTARA",3,200,23,223
https://kawalpemilu.org#67173,"BUMI BERINGIN, WENANG, KOTA MANADO, SULAWESI UTARA",4,189,22,211
https://kawalpemilu.org#67173,"BUMI BERINGIN, WENANG, KOTA MANADO, SULAWESI UTARA",5,175,37,212
https://kawalpemilu.org#67173,"BUMI BERINGIN, WENANG, KOTA MANADO, SULAWESI UTARA",6,195,36,231
https://kawalpemilu.org#67173,"BUMI BERINGIN, WENANG, KOTA MANADO, SULAWESI UTARA",7,196,13,209
https://kawalpemilu.org#67173,"BUMI BERINGIN, WENANG, KOTA MANADO, SULAWESI UTARA",8,236,18,254
https://kawalpemilu.org#67173,"BUMI BERINGIN, WENANG, KOTA MANADO, SULAWESI UTARA",9,221,21,242
https://kawalpemilu.org#67173,"BUMI BERINGIN, WENANG, KOTA MANADO, SULAWESI UTARA",10,177,30,207
https://kawalpemilu.org#67182,"TIKALA BARU, TIKALA, KOTA MANADO, SULAWESI UTARA",1,226,17,243
https://kawalpemilu.org#67182,"TIKALA BARU, TIKALA, KOTA MANADO, SULAWESI UTARA",2,224,20,244
https://kawalpemilu.org#67182,"TIKALA BARU, TIKALA, KOTA MANADO, SULAWESI UTARA",3,194,22,216
https://kawalpemilu.org#67182,"TIKALA BARU, TIKALA, KOTA MANADO, SULAWESI UTARA",4,225,16,241
https://kawalpemilu.org#67182,"TIKALA BARU, TIKALA, KOTA MANADO, SULAWESI UTARA",5,234,11,245
https://kawalpemilu.org#67182,"TIKALA BARU, TIKALA, KOTA MANADO, SULAWESI UTARA",6,256,12,268
https://kawalpemilu.org#67182,"TIKALA BARU, TIKALA, KOTA MANADO, SULAWESI UTARA",7,258,7,265
https://kawalpemilu.org#67182,"TIKALA BARU, TIKALA, KOTA MANADO, SULAWESI UTARA",8,233,18,251
https://kawalpemilu.org#67182,"TIKALA BARU, TIKALA, KOTA MANADO, SULAWESI UTARA",9,192,66,258
https://kawalpemilu.org#67182,"TIKALA BARU, TIKALA, KOTA MANADO, SULAWESI UTARA",10,169,24,193
https://kawalpemilu.org#67182,"TIKALA BARU, TIKALA, KOTA MANADO, SULAWESI UTARA",11,210,9,219
https://kawalpemilu.org#67182,"TIKALA BARU, TIKALA, KOTA MANADO, SULAWESI UTARA",12,209,11,220
https://kawalpemilu.org#67182,"TIKALA BARU, TIKALA, KOTA MANADO, SULAWESI UTARA",13,178,27,205
https://kawalpemilu.org#67183,"TAAS, TIKALA, KOTA MANADO, SULAWESI UTARA",1,209,24,233
https://kawalpemilu.org#67183,"TAAS, TIKALA, KOTA MANADO, SULAWESI UTARA",2,201,23,224
https://kawalpemilu.org#67183,"TAAS, TIKALA, KOTA MANADO, SULAWESI UTARA",3,186,16,202
https://kawalpemilu.org#67183,"TAAS, TIKALA, KOTA MANADO, SULAWESI UTARA",4,230,43,273
https://kawalpemilu.org#67183,"TAAS, TIKALA, KOTA MANADO, SULAWESI UTARA",5,198,31,229
https://kawalpemilu.org#67183,"TAAS, TIKALA, KOTA MANADO, SULAWESI UTARA",7,208,30,238
https://kawalpemilu.org#67183,"TAAS, TIKALA, KOTA MANADO, SULAWESI UTARA",8,199,42,241
https://kawalpemilu.org#67183,"TAAS, TIKALA, KOTA MANADO, SULAWESI UTARA",9,218,36,254
https://kawalpemilu.org#67183,"TAAS, TIKALA, KOTA MANADO, SULAWESI UTARA",10,186,33,219
https://kawalpemilu.org#67183,"TAAS, TIKALA, KOTA MANADO, SULAWESI UTARA",11,230,9,239
https://kawalpemilu.org#67183,"TAAS, TIKALA, KOTA MANADO, SULAWESI UTARA",12,233,13,246
https://kawalpemilu.org#67183,"TAAS, TIKALA, KOTA MANADO, SULAWESI UTARA",13,188,12,200
https://kawalpemilu.org#67183,"TAAS, TIKALA, KOTA MANADO, SULAWESI UTARA",14,204,18,222
https://kawalpemilu.org#67183,"TAAS, TIKALA, KOTA MANADO, SULAWESI UTARA",15,154,23,177
https://kawalpemilu.org#67183,"TAAS, TIKALA, KOTA MANADO, SULAWESI UTARA",16,157,12,169
https://kawalpemilu.org#67184,"PAAL IV, TIKALA, KOTA MANADO, SULAWESI UTARA",1,228,38,266
https://kawalpemilu.org#67184,"PAAL IV, TIKALA, KOTA MANADO, SULAWESI UTARA",2,226,7,233
https://kawalpemilu.org#67184,"PAAL IV, TIKALA, KOTA MANADO, SULAWESI UTARA",3,209,15,224
https://kawalpemilu.org#67184,"PAAL IV, TIKALA, KOTA MANADO, SULAWESI UTARA",4,193,38,231
https://kawalpemilu.org#67184,"PAAL IV, TIKALA, KOTA MANADO, SULAWESI UTARA",5,214,32,246
https://kawalpemilu.org#67184,"PAAL IV, TIKALA, KOTA MANADO, SULAWESI UTARA",6,217,30,247
https://kawalpemilu.org#67184,"PAAL IV, TIKALA, KOTA MANADO, SULAWESI UTARA",7,265,14,279
https://kawalpemilu.org#67184,"PAAL IV, TIKALA, KOTA MANADO, SULAWESI UTARA",8,199,31,230
https://kawalpemilu.org#67184,"PAAL IV, TIKALA, KOTA MANADO, SULAWESI UTARA",9,239,20,259
https://kawalpemilu.org#67184,"PAAL IV, TIKALA, KOTA MANADO, SULAWESI UTARA",10,225,23,248
https://kawalpemilu.org#67184,"PAAL IV, TIKALA, KOTA MANADO, SULAWESI UTARA",11,231,47,278
https://kawalpemilu.org#67184,"PAAL IV, TIKALA, KOTA MANADO, SULAWESI UTARA",12,208,36,244
https://kawalpemilu.org#67184,"PAAL IV, TIKALA, KOTA MANADO, SULAWESI UTARA",13,134,51,185
https://kawalpemilu.org#67184,"PAAL IV, TIKALA, KOTA MANADO, SULAWESI UTARA",14,190,10,200
https://kawalpemilu.org#67185,"BANJER, TIKALA, KOTA MANADO, SULAWESI UTARA",1,93,134,227
https://kawalpemilu.org#67185,"BANJER, TIKALA, KOTA MANADO, SULAWESI UTARA",2,116,131,247
https://kawalpemilu.org#67185,"BANJER, TIKALA, KOTA MANADO, SULAWESI UTARA",3,104,133,237
https://kawalpemilu.org#67185,"BANJER, TIKALA, KOTA MANADO, SULAWESI UTARA",4,80,106,186
https://kawalpemilu.org#67185,"BANJER, TIKALA, KOTA MANADO, SULAWESI UTARA",5,88,120,208
https://kawalpemilu.org#67185,"BANJER, TIKALA, KOTA MANADO, SULAWESI UTARA",6,122,97,219
https://kawalpemilu.org#67185,"BANJER, TIKALA, KOTA MANADO, SULAWESI UTARA",7,151,55,206
https://kawalpemilu.org#67185,"BANJER, TIKALA, KOTA MANADO, SULAWESI UTARA",8,127,75,202
https://kawalpemilu.org#67185,"BANJER, TIKALA, KOTA MANADO, SULAWESI UTARA",9,136,68,204
https://kawalpemilu.org#67185,"BANJER, TIKALA, KOTA MANADO, SULAWESI UTARA",10,141,63,204
https://kawalpemilu.org#67185,"BANJER, TIKALA, KOTA MANADO, SULAWESI UTARA",11,126,58,184
https://kawalpemilu.org#67185,"BANJER, TIKALA, KOTA MANADO, SULAWESI UTARA",12,218,13,231
https://kawalpemilu.org#67185,"BANJER, TIKALA, KOTA MANADO, SULAWESI UTARA",13,197,26,223
https://kawalpemilu.org#67185,"BANJER, TIKALA, KOTA MANADO, SULAWESI UTARA",14,156,43,277
https://kawalpemilu.org#67185,"BANJER, TIKALA, KOTA MANADO, SULAWESI UTARA",15,104,102,206
https://kawalpemilu.org#67185,"BANJER, TIKALA, KOTA MANADO, SULAWESI UTARA",16,89,117,206
https://kawalpemilu.org#67185,"BANJER, TIKALA, KOTA MANADO, SULAWESI UTARA",17,88,108,196
https://kawalpemilu.org#67185,"BANJER, TIKALA, KOTA MANADO, SULAWESI UTARA",18,92,110,202
https://kawalpemilu.org#67185,"BANJER, TIKALA, KOTA MANADO, SULAWESI UTARA",19,142,69,211
https://kawalpemilu.org#67185,"BANJER, TIKALA, KOTA MANADO, SULAWESI UTARA",20,139,78,217
https://kawalpemilu.org#67185,"BANJER, TIKALA, KOTA MANADO, SULAWESI UTARA",21,135,85,220
https://kawalpemilu.org#67185,"BANJER, TIKALA, KOTA MANADO, SULAWESI UTARA",22,138,86,284
https://kawalpemilu.org#67185,"BANJER, TIKALA, KOTA MANADO, SULAWESI UTARA",23,143,77,220
https://kawalpemilu.org#67185,"BANJER, TIKALA, KOTA MANADO, SULAWESI UTARA",24,117,74,191
https://kawalpemilu.org#67185,"BANJER, TIKALA, KOTA MANADO, SULAWESI UTARA",25,132,92,224
https://kawalpemilu.org#67185,"BANJER, TIKALA, KOTA MANADO, SULAWESI UTARA",26,113,89,202
https://kawalpemilu.org#67185,"BANJER, TIKALA, KOTA MANADO, SULAWESI UTARA",27,101,90,191
https://kawalpemilu.org#67185,"BANJER, TIKALA, KOTA MANADO, SULAWESI UTARA",28,108,82,190
https://kawalpemilu.org#67185,"BANJER, TIKALA, KOTA MANADO, SULAWESI UTARA",29,98,86,184
https://kawalpemilu.org#67185,"BANJER, TIKALA, KOTA MANADO, SULAWESI UTARA",30,94,77,177
https://kawalpemilu.org#67185,"BANJER, TIKALA, KOTA MANADO, SULAWESI UTARA",31,101,67,168
https://kawalpemilu.org#67186,"TIKALA ARES, TIKALA, KOTA MANADO, SULAWESI UTARA",1,154,15,169
https://kawalpemilu.org#67186,"TIKALA ARES, TIKALA, KOTA MANADO, SULAWESI UTARA",2,136,15,151
https://kawalpemilu.org#67186,"TIKALA ARES, TIKALA, KOTA MANADO, SULAWESI UTARA",3,181,17,198
https://kawalpemilu.org#67186,"TIKALA ARES, TIKALA, KOTA MANADO, SULAWESI UTARA",4,159,7,166
https://kawalpemilu.org#67186,"TIKALA ARES, TIKALA, KOTA MANADO, SULAWESI UTARA",5,159,18,177
https://kawalpemilu.org#67186,"TIKALA ARES, TIKALA, KOTA MANADO, SULAWESI UTARA",6,158,9,167
https://kawalpemilu.org#67188,"SARIO UTARA, SARIO, KOTA MANADO, SULAWESI UTARA",1,198,10,208
https://kawalpemilu.org#67188,"SARIO UTARA, SARIO, KOTA MANADO, SULAWESI UTARA",2,182,14,196
https://kawalpemilu.org#67188,"SARIO UTARA, SARIO, KOTA MANADO, SULAWESI UTARA",3,199,22,221
https://kawalpemilu.org#67188,"SARIO UTARA, SARIO, KOTA MANADO, SULAWESI UTARA",4,231,15,246
https://kawalpemilu.org#67188,"SARIO UTARA, SARIO, KOTA MANADO, SULAWESI UTARA",5,185,21,206
https://kawalpemilu.org#67188,"SARIO UTARA, SARIO, KOTA MANADO, SULAWESI UTARA",6,177,28,205
https://kawalpemilu.org#67188,"SARIO UTARA, SARIO, KOTA MANADO, SULAWESI UTARA",7,142,23,165
https://kawalpemilu.org#67188,"SARIO UTARA, SARIO, KOTA MANADO, SULAWESI UTARA",8,129,31,160
https://kawalpemilu.org#67188,"SARIO UTARA, SARIO, KOTA MANADO, SULAWESI UTARA",9,143,12,155
https://kawalpemilu.org#67189,"SARIO KOTABARU, SARIO, KOTA MANADO, SULAWESI UTARA",1,192,34,226
https://kawalpemilu.org#67189,"SARIO KOTABARU, SARIO, KOTA MANADO, SULAWESI UTARA",2,225,15,240
https://kawalpemilu.org#67189,"SARIO KOTABARU, SARIO, KOTA MANADO, SULAWESI UTARA",3,244,22,266
https://kawalpemilu.org#67189,"SARIO KOTABARU, SARIO, KOTA MANADO, SULAWESI UTARA",4,173,60,233
https://kawalpemilu.org#67189,"SARIO KOTABARU, SARIO, KOTA MANADO, SULAWESI UTARA",5,186,16,202
https://kawalpemilu.org#67189,"SARIO KOTABARU, SARIO, KOTA MANADO, SULAWESI UTARA",6,210,23,233
https://kawalpemilu.org#67189,"SARIO KOTABARU, SARIO, KOTA MANADO, SULAWESI UTARA",7,201,29,230
https://kawalpemilu.org#67189,"SARIO KOTABARU, SARIO, KOTA MANADO, SULAWESI UTARA",8,145,43,188
https://kawalpemilu.org#67190,"SARIO TUMPAAN, SARIO, KOTA MANADO, SULAWESI UTARA",1,126,34,160
https://kawalpemilu.org#67190,"SARIO TUMPAAN, SARIO, KOTA MANADO, SULAWESI UTARA",2,127,29,156
https://kawalpemilu.org#67190,"SARIO TUMPAAN, SARIO, KOTA MANADO, SULAWESI UTARA",3,124,54,178
https://kawalpemilu.org#67190,"SARIO TUMPAAN, SARIO, KOTA MANADO, SULAWESI UTARA",4,154,42,196
https://kawalpemilu.org#67190,"SARIO TUMPAAN, SARIO, KOTA MANADO, SULAWESI UTARA",5,109,9,118
https://kawalpemilu.org#67190,"SARIO TUMPAAN, SARIO, KOTA MANADO, SULAWESI UTARA",6,153,11,164
https://kawalpemilu.org#67190,"SARIO TUMPAAN, SARIO, KOTA MANADO, SULAWESI UTARA",7,176,8,184
https://kawalpemilu.org#67190,"SARIO TUMPAAN, SARIO, KOTA MANADO, SULAWESI UTARA",8,157,8,165
https://kawalpemilu.org#67190,"SARIO TUMPAAN, SARIO, KOTA MANADO, SULAWESI UTARA",9,143,14,157
https://kawalpemilu.org#67190,"SARIO TUMPAAN, SARIO, KOTA MANADO, SULAWESI UTARA",10,96,53,149
https://kawalpemilu.org#67190,"SARIO TUMPAAN, SARIO, KOTA MANADO, SULAWESI UTARA",11,94,100,194
https://kawalpemilu.org#67190,"SARIO TUMPAAN, SARIO, KOTA MANADO, SULAWESI UTARA",12,75,36,111
https://kawalpemilu.org#67190,"SARIO TUMPAAN, SARIO, KOTA MANADO, SULAWESI UTARA",13,91,20,111
https://kawalpemilu.org#67191,"SARIO, SARIO, KOTA MANADO, SULAWESI UTARA",1,223,20,243
https://kawalpemilu.org#67191,"SARIO, SARIO, KOTA MANADO, SULAWESI UTARA",2,218,16,234
https://kawalpemilu.org#67191,"SARIO, SARIO, KOTA MANADO, SULAWESI UTARA",3,173,20,193
https://kawalpemilu.org#67191,"SARIO, SARIO, KOTA MANADO, SULAWESI UTARA",4,190,21,211
https://kawalpemilu.org#67191,"SARIO, SARIO, KOTA MANADO, SULAWESI UTARA",5,159,19,178
https://kawalpemilu.org#67191,"SARIO, SARIO, KOTA MANADO, SULAWESI UTARA",6,155,18,173
https://kawalpemilu.org#67191,"SARIO, SARIO, KOTA MANADO, SULAWESI UTARA",7,182,13,195
https://kawalpemilu.org#67191,"SARIO, SARIO, KOTA MANADO, SULAWESI UTARA",8,147,16,163
https://kawalpemilu.org#67192,"TITIWUNGAN UTARA, SARIO, KOTA MANADO, SULAWESI UTARA",1,229,17,246
https://kawalpemilu.org#67192,"TITIWUNGAN UTARA, SARIO, KOTA MANADO, SULAWESI UTARA",2,168,10,178
https://kawalpemilu.org#67192,"TITIWUNGAN UTARA, SARIO, KOTA MANADO, SULAWESI UTARA",3,133,100,233
https://kawalpemilu.org#67192,"TITIWUNGAN UTARA, SARIO, KOTA MANADO, SULAWESI UTARA",4,94,120,214
https://kawalpemilu.org#67192,"TITIWUNGAN UTARA, SARIO, KOTA MANADO, SULAWESI UTARA",5,84,124,208
https://kawalpemilu.org#67192,"TITIWUNGAN UTARA, SARIO, KOTA MANADO, SULAWESI UTARA",6,249,7,256
https://kawalpemilu.org#67192,"TITIWUNGAN UTARA, SARIO, KOTA MANADO, SULAWESI UTARA",7,225,4,229
https://kawalpemilu.org#67193,"TITIWUNGAN SELATAN, SARIO, KOTA MANADO, SULAWESI UTARA",1,169,13,182
https://kawalpemilu.org#67193,"TITIWUNGAN SELATAN, SARIO, KOTA MANADO, SULAWESI UTARA",2,155,23,178
https://kawalpemilu.org#67193,"TITIWUNGAN SELATAN, SARIO, KOTA MANADO, SULAWESI UTARA",3,146,11,157
https://kawalpemilu.org#67193,"TITIWUNGAN SELATAN, SARIO, KOTA MANADO, SULAWESI UTARA",4,145,17,162
https://kawalpemilu.org#67193,"TITIWUNGAN SELATAN, SARIO, KOTA MANADO, SULAWESI UTARA",5,161,29,190
https://kawalpemilu.org#67193,"TITIWUNGAN SELATAN, SARIO, KOTA MANADO, SULAWESI UTARA",6,179,13,192
https://kawalpemilu.org#67193,"TITIWUNGAN SELATAN, SARIO, KOTA MANADO, SULAWESI UTARA",7,140,13,153
https://kawalpemilu.org#67193,"TITIWUNGAN SELATAN, SARIO, KOTA MANADO, SULAWESI UTARA",8,77,45,122
https://kawalpemilu.org#67193,"TITIWUNGAN SELATAN, SARIO, KOTA MANADO, SULAWESI UTARA",9,72,71,143
https://kawalpemilu.org#67193,"TITIWUNGAN SELATAN, SARIO, KOTA MANADO, SULAWESI UTARA",10,67,49,116
https://kawalpemilu.org#67193,"TITIWUNGAN SELATAN, SARIO, KOTA MANADO, SULAWESI UTARA",11,74,65,139
https://kawalpemilu.org#67193,"TITIWUNGAN SELATAN, SARIO, KOTA MANADO, SULAWESI UTARA",12,80,82,162
https://kawalpemilu.org#67193,"TITIWUNGAN SELATAN, SARIO, KOTA MANADO, SULAWESI UTARA",13,75,72,147
https://kawalpemilu.org#67193,"TITIWUNGAN SELATAN, SARIO, KOTA MANADO, SULAWESI UTARA",14,93,90,183
https://kawalpemilu.org#67193,"TITIWUNGAN SELATAN, SARIO, KOTA MANADO, SULAWESI UTARA",15,77,61,138
https://kawalpemilu.org#67193,"TITIWUNGAN SELATAN, SARIO, KOTA MANADO, SULAWESI UTARA",16,59,56,115
https://kawalpemilu.org#67194,"RANOTANA, SARIO, KOTA MANADO, SULAWESI UTARA",1,163,18,181
https://kawalpemilu.org#67194,"RANOTANA, SARIO, KOTA MANADO, SULAWESI UTARA",2,167,25,192
https://kawalpemilu.org#67194,"RANOTANA, SARIO, KOTA MANADO, SULAWESI UTARA",3,0,0,0
https://kawalpemilu.org#67194,"RANOTANA, SARIO, KOTA MANADO, SULAWESI UTARA",4,200,16,216
https://kawalpemilu.org#67194,"RANOTANA, SARIO, KOTA MANADO, SULAWESI UTARA",5,222,16,238
https://kawalpemilu.org#67194,"RANOTANA, SARIO, KOTA MANADO, SULAWESI UTARA",6,207,14,221
https://kawalpemilu.org#67194,"RANOTANA, SARIO, KOTA MANADO, SULAWESI UTARA",7,248,21,269
https://kawalpemilu.org#67194,"RANOTANA, SARIO, KOTA MANADO, SULAWESI UTARA",8,201,29,230
https://kawalpemilu.org#67194,"RANOTANA, SARIO, KOTA MANADO, SULAWESI UTARA",9,187,14,201
https://kawalpemilu.org#67194,"RANOTANA, SARIO, KOTA MANADO, SULAWESI UTARA",10,181,17,198
https://kawalpemilu.org#67194,"RANOTANA, SARIO, KOTA MANADO, SULAWESI UTARA",11,181,13,194
https://kawalpemilu.org#67196,"WANEA, WANEA, KOTA MANADO, SULAWESI UTARA",1,162,24,186
https://kawalpemilu.org#67196,"WANEA, WANEA, KOTA MANADO, SULAWESI UTARA",2,156,27,183
https://kawalpemilu.org#67196,"WANEA, WANEA, KOTA MANADO, SULAWESI UTARA",3,177,27,204
https://kawalpemilu.org#67196,"WANEA, WANEA, KOTA MANADO, SULAWESI UTARA",4,135,21,156
https://kawalpemilu.org#67196,"WANEA, WANEA, KOTA MANADO, SULAWESI UTARA",5,109,33,142
https://kawalpemilu.org#67196,"WANEA, WANEA, KOTA MANADO, SULAWESI UTARA",6,95,37,132
https://kawalpemilu.org#67196,"WANEA, WANEA, KOTA MANADO, SULAWESI UTARA",7,84,35,119
https://kawalpemilu.org#67196,"WANEA, WANEA, KOTA MANADO, SULAWESI UTARA",8,110,47,157
https://kawalpemilu.org#67196,"WANEA, WANEA, KOTA MANADO, SULAWESI UTARA",9,109,67,176
https://kawalpemilu.org#67196,"WANEA, WANEA, KOTA MANADO, SULAWESI UTARA",10,123,13,136
https://kawalpemilu.org#67196,"WANEA, WANEA, KOTA MANADO, SULAWESI UTARA",11,172,8,180
https://kawalpemilu.org#67196,"WANEA, WANEA, KOTA MANADO, SULAWESI UTARA",12,152,11,163
https://kawalpemilu.org#67196,"WANEA, WANEA, KOTA MANADO, SULAWESI UTARA",13,187,18,205
https://kawalpemilu.org#67196,"WANEA, WANEA, KOTA MANADO, SULAWESI UTARA",14,167,16,183
https://kawalpemilu.org#67196,"WANEA, WANEA, KOTA MANADO, SULAWESI UTARA",15,172,16,188
https://kawalpemilu.org#67196,"WANEA, WANEA, KOTA MANADO, SULAWESI UTARA",16,174,13,187
https://kawalpemilu.org#67196,"WANEA, WANEA, KOTA MANADO, SULAWESI UTARA",17,156,8,164
https://kawalpemilu.org#67196,"WANEA, WANEA, KOTA MANADO, SULAWESI UTARA",18,149,28,177
https://kawalpemilu.org#67196,"WANEA, WANEA, KOTA MANADO, SULAWESI UTARA",19,198,9,207
https://kawalpemilu.org#67196,"WANEA, WANEA, KOTA MANADO, SULAWESI UTARA",20,207,7,214
https://kawalpemilu.org#67196,"WANEA, WANEA, KOTA MANADO, SULAWESI UTARA",21,164,11,0
https://kawalpemilu.org#67196,"WANEA, WANEA, KOTA MANADO, SULAWESI UTARA",22,166,10,176
https://kawalpemilu.org#67196,"WANEA, WANEA, KOTA MANADO, SULAWESI UTARA",23,169,21,190
https://kawalpemilu.org#67196,"WANEA, WANEA, KOTA MANADO, SULAWESI UTARA",24,130,38,168
https://kawalpemilu.org#67197,"TANJUNG BATU, WANEA, KOTA MANADO, SULAWESI UTARA",1,220,28,248
https://kawalpemilu.org#67197,"TANJUNG BATU, WANEA, KOTA MANADO, SULAWESI UTARA",2,164,6,170
https://kawalpemilu.org#67197,"TANJUNG BATU, WANEA, KOTA MANADO, SULAWESI UTARA",3,220,15,217
https://kawalpemilu.org#67197,"TANJUNG BATU, WANEA, KOTA MANADO, SULAWESI UTARA",4,183,17,200
https://kawalpemilu.org#67197,"TANJUNG BATU, WANEA, KOTA MANADO, SULAWESI UTARA",5,141,15,156
https://kawalpemilu.org#67197,"TANJUNG BATU, WANEA, KOTA MANADO, SULAWESI UTARA",6,205,17,222
https://kawalpemilu.org#67197,"TANJUNG BATU, WANEA, KOTA MANADO, SULAWESI UTARA",7,165,13,178
https://kawalpemilu.org#67197,"TANJUNG BATU, WANEA, KOTA MANADO, SULAWESI UTARA",8,180,12,192
https://kawalpemilu.org#67197,"TANJUNG BATU, WANEA, KOTA MANADO, SULAWESI UTARA",9,112,11,123
https://kawalpemilu.org#67197,"TANJUNG BATU, WANEA, KOTA MANADO, SULAWESI UTARA",10,160,10,170
https://kawalpemilu.org#67197,"TANJUNG BATU, WANEA, KOTA MANADO, SULAWESI UTARA",11,116,6,122
https://kawalpemilu.org#67197,"TANJUNG BATU, WANEA, KOTA MANADO, SULAWESI UTARA",12,66,9,75
https://kawalpemilu.org#67197,"TANJUNG BATU, WANEA, KOTA MANADO, SULAWESI UTARA",13,200,11,211
https://kawalpemilu.org#67197,"TANJUNG BATU, WANEA, KOTA MANADO, SULAWESI UTARA",14,102,6,108
https://kawalpemilu.org#67197,"TANJUNG BATU, WANEA, KOTA MANADO, SULAWESI UTARA",15,128,12,140
https://kawalpemilu.org#67197,"TANJUNG BATU, WANEA, KOTA MANADO, SULAWESI UTARA",16,110,11,121
https://kawalpemilu.org#67198,"PAKOWA, WANEA, KOTA MANADO, SULAWESI UTARA",1,111,84,195
https://kawalpemilu.org#67198,"PAKOWA, WANEA, KOTA MANADO, SULAWESI UTARA",2,148,76,224
https://kawalpemilu.org#67198,"PAKOWA, WANEA, KOTA MANADO, SULAWESI UTARA",3,125,76,201
https://kawalpemilu.org#67198,"PAKOWA, WANEA, KOTA MANADO, SULAWESI UTARA",4,136,94,230
https://kawalpemilu.org#67198,"PAKOWA, WANEA, KOTA MANADO, SULAWESI UTARA",5,163,51,214
https://kawalpemilu.org#67198,"PAKOWA, WANEA, KOTA MANADO, SULAWESI UTARA",6,208,32,240
https://kawalpemilu.org#67198,"PAKOWA, WANEA, KOTA MANADO, SULAWESI UTARA",7,222,15,237
https://kawalpemilu.org#67198,"PAKOWA, WANEA, KOTA MANADO, SULAWESI UTARA",8,168,12,180
https://kawalpemilu.org#67198,"PAKOWA, WANEA, KOTA MANADO, SULAWESI UTARA",9,173,14,187
https://kawalpemilu.org#67198,"PAKOWA, WANEA, KOTA MANADO, SULAWESI UTARA",10,209,15,224
https://kawalpemilu.org#67198,"PAKOWA, WANEA, KOTA MANADO, SULAWESI UTARA",11,155,5,160
https://kawalpemilu.org#67198,"PAKOWA, WANEA, KOTA MANADO, SULAWESI UTARA",12,150,5,155
https://kawalpemilu.org#67198,"PAKOWA, WANEA, KOTA MANADO, SULAWESI UTARA",13,165,5,170
https://kawalpemilu.org#67198,"PAKOWA, WANEA, KOTA MANADO, SULAWESI UTARA",14,148,14,162
https://kawalpemilu.org#67198,"PAKOWA, WANEA, KOTA MANADO, SULAWESI UTARA",15,118,38,156
https://kawalpemilu.org#67198,"PAKOWA, WANEA, KOTA MANADO, SULAWESI UTARA",16,182,14,196
https://kawalpemilu.org#67198,"PAKOWA, WANEA, KOTA MANADO, SULAWESI UTARA",17,137,14,151
https://kawalpemilu.org#67198,"PAKOWA, WANEA, KOTA MANADO, SULAWESI UTARA",18,171,11,182
https://kawalpemilu.org#67198,"PAKOWA, WANEA, KOTA MANADO, SULAWESI UTARA",19,176,7,183
https://kawalpemilu.org#67199,"BUMI NYIUR, WANEA, KOTA MANADO, SULAWESI UTARA",1,193,20,213
https://kawalpemilu.org#67199,"BUMI NYIUR, WANEA, KOTA MANADO, SULAWESI UTARA",2,203,29,232
https://kawalpemilu.org#67199,"BUMI NYIUR, WANEA, KOTA MANADO, SULAWESI UTARA",3,211,8,219
https://kawalpemilu.org#67199,"BUMI NYIUR, WANEA, KOTA MANADO, SULAWESI UTARA",4,176,15,191
https://kawalpemilu.org#67199,"BUMI NYIUR, WANEA, KOTA MANADO, SULAWESI UTARA",5,204,13,217
https://kawalpemilu.org#67199,"BUMI NYIUR, WANEA, KOTA MANADO, SULAWESI UTARA",6,222,16,238
https://kawalpemilu.org#67199,"BUMI NYIUR, WANEA, KOTA MANADO, SULAWESI UTARA",7,155,12,167
https://kawalpemilu.org#67199,"BUMI NYIUR, WANEA, KOTA MANADO, SULAWESI UTARA",8,208,16,224
https://kawalpemilu.org#67199,"BUMI NYIUR, WANEA, KOTA MANADO, SULAWESI UTARA",9,205,19,224
https://kawalpemilu.org#67199,"BUMI NYIUR, WANEA, KOTA MANADO, SULAWESI UTARA",10,200,20,220
https://kawalpemilu.org#67199,"BUMI NYIUR, WANEA, KOTA MANADO, SULAWESI UTARA",11,189,36,225
https://kawalpemilu.org#67199,"BUMI NYIUR, WANEA, KOTA MANADO, SULAWESI UTARA",12,192,14,206
https://kawalpemilu.org#67199,"BUMI NYIUR, WANEA, KOTA MANADO, SULAWESI UTARA",13,149,11,160
https://kawalpemilu.org#67200,"RANOTANA WERU, WANEA, KOTA MANADO, SULAWESI UTARA",1,204,38,242
https://kawalpemilu.org#67200,"RANOTANA WERU, WANEA, KOTA MANADO, SULAWESI UTARA",2,215,20,235
https://kawalpemilu.org#67200,"RANOTANA WERU, WANEA, KOTA MANADO, SULAWESI UTARA",3,218,44,262
https://kawalpemilu.org#67200,"RANOTANA WERU, WANEA, KOTA MANADO, SULAWESI UTARA",4,246,20,266
https://kawalpemilu.org#67200,"RANOTANA WERU, WANEA, KOTA MANADO, SULAWESI UTARA",5,204,20,224
https://kawalpemilu.org#67200,"RANOTANA WERU, WANEA, KOTA MANADO, SULAWESI UTARA",6,222,31,253
https://kawalpemilu.org#67200,"RANOTANA WERU, WANEA, KOTA MANADO, SULAWESI UTARA",7,224,19,243
https://kawalpemilu.org#67200,"RANOTANA WERU, WANEA, KOTA MANADO, SULAWESI UTARA",8,223,13,236
https://kawalpemilu.org#67200,"RANOTANA WERU, WANEA, KOTA MANADO, SULAWESI UTARA",9,236,19,255
https://kawalpemilu.org#67200,"RANOTANA WERU, WANEA, KOTA MANADO, SULAWESI UTARA",10,218,21,239
https://kawalpemilu.org#67200,"RANOTANA WERU, WANEA, KOTA MANADO, SULAWESI UTARA",11,200,19,219
https://kawalpemilu.org#67200,"RANOTANA WERU, WANEA, KOTA MANADO, SULAWESI UTARA",12,216,19,235
https://kawalpemilu.org#67200,"RANOTANA WERU, WANEA, KOTA MANADO, SULAWESI UTARA",13,188,33,214
https://kawalpemilu.org#67200,"RANOTANA WERU, WANEA, KOTA MANADO, SULAWESI UTARA",14,203,40,243
https://kawalpemilu.org#67200,"RANOTANA WERU, WANEA, KOTA MANADO, SULAWESI UTARA",15,220,25,245
https://kawalpemilu.org#67200,"RANOTANA WERU, WANEA, KOTA MANADO, SULAWESI UTARA",16,226,21,247
https://kawalpemilu.org#67200,"RANOTANA WERU, WANEA, KOTA MANADO, SULAWESI UTARA",17,207,23,230
https://kawalpemilu.org#67200,"RANOTANA WERU, WANEA, KOTA MANADO, SULAWESI UTARA",18,212,12,224
https://kawalpemilu.org#67201,"TELING ATAS, WANEA, KOTA MANADO, SULAWESI UTARA",1,125,39,164
https://kawalpemilu.org#67201,"TELING ATAS, WANEA, KOTA MANADO, SULAWESI UTARA",2,202,69,271
https://kawalpemilu.org#67201,"TELING ATAS, WANEA, KOTA MANADO, SULAWESI UTARA",3,173,47,220
https://kawalpemilu.org#67201,"TELING ATAS, WANEA, KOTA MANADO, SULAWESI UTARA",4,160,50,210
https://kawalpemilu.org#67201,"TELING ATAS, WANEA, KOTA MANADO, SULAWESI UTARA",5,152,46,198
https://kawalpemilu.org#67201,"TELING ATAS, WANEA, KOTA MANADO, SULAWESI UTARA",6,161,44,205
https://kawalpemilu.org#67201,"TELING ATAS, WANEA, KOTA MANADO, SULAWESI UTARA",7,177,29,206
https://kawalpemilu.org#67201,"TELING ATAS, WANEA, KOTA MANADO, SULAWESI UTARA",8,201,22,223
https://kawalpemilu.org#67201,"TELING ATAS, WANEA, KOTA MANADO, SULAWESI UTARA",9,210,18,228
https://kawalpemilu.org#67201,"TELING ATAS, WANEA, KOTA MANADO, SULAWESI UTARA",10,176,11,187
https://kawalpemilu.org#67201,"TELING ATAS, WANEA, KOTA MANADO, SULAWESI UTARA",11,165,14,179
https://kawalpemilu.org#67201,"TELING ATAS, WANEA, KOTA MANADO, SULAWESI UTARA",12,154,15,169
https://kawalpemilu.org#67201,"TELING ATAS, WANEA, KOTA MANADO, SULAWESI UTARA",13,193,11,204
https://kawalpemilu.org#67201,"TELING ATAS, WANEA, KOTA MANADO, SULAWESI UTARA",14,134,9,143
https://kawalpemilu.org#67201,"TELING ATAS, WANEA, KOTA MANADO, SULAWESI UTARA",15,104,168,172
https://kawalpemilu.org#67201,"TELING ATAS, WANEA, KOTA MANADO, SULAWESI UTARA",16,97,53,150
https://kawalpemilu.org#67201,"TELING ATAS, WANEA, KOTA MANADO, SULAWESI UTARA",17,101,51,152
https://kawalpemilu.org#67201,"TELING ATAS, WANEA, KOTA MANADO, SULAWESI UTARA",18,110,30,140
https://kawalpemilu.org#67201,"TELING ATAS, WANEA, KOTA MANADO, SULAWESI UTARA",19,173,33,206
https://kawalpemilu.org#67201,"TELING ATAS, WANEA, KOTA MANADO, SULAWESI UTARA",21,168,29,197
https://kawalpemilu.org#67201,"TELING ATAS, WANEA, KOTA MANADO, SULAWESI UTARA",22,173,20,193
https://kawalpemilu.org#67201,"TELING ATAS, WANEA, KOTA MANADO, SULAWESI UTARA",23,200,24,224
https://kawalpemilu.org#67201,"TELING ATAS, WANEA, KOTA MANADO, SULAWESI UTARA",24,205,22,227
https://kawalpemilu.org#67201,"TELING ATAS, WANEA, KOTA MANADO, SULAWESI UTARA",25,201,17,218
https://kawalpemilu.org#67201,"TELING ATAS, WANEA, KOTA MANADO, SULAWESI UTARA",26,163,12,175
https://kawalpemilu.org#67201,"TELING ATAS, WANEA, KOTA MANADO, SULAWESI UTARA",27,214,19,233
https://kawalpemilu.org#67201,"TELING ATAS, WANEA, KOTA MANADO, SULAWESI UTARA",28,101,54,155
https://kawalpemilu.org#67201,"TELING ATAS, WANEA, KOTA MANADO, SULAWESI UTARA",29,62,43,105
https://kawalpemilu.org#67201,"TELING ATAS, WANEA, KOTA MANADO, SULAWESI UTARA",30,68,60,128
https://kawalpemilu.org#67201,"TELING ATAS, WANEA, KOTA MANADO, SULAWESI UTARA",31,67,40,107
https://kawalpemilu.org#67201,"TELING ATAS, WANEA, KOTA MANADO, SULAWESI UTARA",32,90,39,129
https://kawalpemilu.org#67201,"TELING ATAS, WANEA, KOTA MANADO, SULAWESI UTARA",33,92,38,130
https://kawalpemilu.org#67201,"TELING ATAS, WANEA, KOTA MANADO, SULAWESI UTARA",34,165,22,187
https://kawalpemilu.org#67201,"TELING ATAS, WANEA, KOTA MANADO, SULAWESI UTARA",35,156,27,183
https://kawalpemilu.org#67201,"TELING ATAS, WANEA, KOTA MANADO, SULAWESI UTARA",36,158,31,189
https://kawalpemilu.org#67201,"TELING ATAS, WANEA, KOTA MANADO, SULAWESI UTARA",37,190,21,211
https://kawalpemilu.org#67201,"TELING ATAS, WANEA, KOTA MANADO, SULAWESI UTARA",38,169,50,219
https://kawalpemilu.org#67201,"TELING ATAS, WANEA, KOTA MANADO, SULAWESI UTARA",39,181,34,215
https://kawalpemilu.org#67202,"TINGKULU, WANEA, KOTA MANADO, SULAWESI UTARA",1,248,19,267
https://kawalpemilu.org#67202,"TINGKULU, WANEA, KOTA MANADO, SULAWESI UTARA",2,225,11,236
https://kawalpemilu.org#67202,"TINGKULU, WANEA, KOTA MANADO, SULAWESI UTARA",3,223,15,238
https://kawalpemilu.org#67202,"TINGKULU, WANEA, KOTA MANADO, SULAWESI UTARA",4,202,21,223
https://kawalpemilu.org#67202,"TINGKULU, WANEA, KOTA MANADO, SULAWESI UTARA",5,215,23,238
https://kawalpemilu.org#67202,"TINGKULU, WANEA, KOTA MANADO, SULAWESI UTARA",6,175,19,194
https://kawalpemilu.org#67202,"TINGKULU, WANEA, KOTA MANADO, SULAWESI UTARA",7,248,21,269
https://kawalpemilu.org#67202,"TINGKULU, WANEA, KOTA MANADO, SULAWESI UTARA",8,211,16,227
https://kawalpemilu.org#67202,"TINGKULU, WANEA, KOTA MANADO, SULAWESI UTARA",9,225,11,236
https://kawalpemilu.org#67202,"TINGKULU, WANEA, KOTA MANADO, SULAWESI UTARA",10,218,15,233
https://kawalpemilu.org#67202,"TINGKULU, WANEA, KOTA MANADO, SULAWESI UTARA",11,179,31,210
https://kawalpemilu.org#67202,"TINGKULU, WANEA, KOTA MANADO, SULAWESI UTARA",12,246,20,266
https://kawalpemilu.org#67202,"TINGKULU, WANEA, KOTA MANADO, SULAWESI UTARA",13,219,15,234
https://kawalpemilu.org#67202,"TINGKULU, WANEA, KOTA MANADO, SULAWESI UTARA",14,254,11,265
https://kawalpemilu.org#67202,"TINGKULU, WANEA, KOTA MANADO, SULAWESI UTARA",15,213,30,243
https://kawalpemilu.org#67202,"TINGKULU, WANEA, KOTA MANADO, SULAWESI UTARA",16,133,17,150
https://kawalpemilu.org#67203,"KAROMBASAN UTARA, WANEA, KOTA MANADO, SULAWESI UTARA",1,164,6,170
https://kawalpemilu.org#67203,"KAROMBASAN UTARA, WANEA, KOTA MANADO, SULAWESI UTARA",2,146,10,156
https://kawalpemilu.org#67203,"KAROMBASAN UTARA, WANEA, KOTA MANADO, SULAWESI UTARA",3,128,16,144
https://kawalpemilu.org#67203,"KAROMBASAN UTARA, WANEA, KOTA MANADO, SULAWESI UTARA",4,93,8,101
https://kawalpemilu.org#67203,"KAROMBASAN UTARA, WANEA, KOTA MANADO, SULAWESI UTARA",5,123,8,131
https://kawalpemilu.org#67203,"KAROMBASAN UTARA, WANEA, KOTA MANADO, SULAWESI UTARA",6,177,11,188
https://kawalpemilu.org#67203,"KAROMBASAN UTARA, WANEA, KOTA MANADO, SULAWESI UTARA",7,156,14,170
https://kawalpemilu.org#67203,"KAROMBASAN UTARA, WANEA, KOTA MANADO, SULAWESI UTARA",8,75,11,86
https://kawalpemilu.org#67203,"KAROMBASAN UTARA, WANEA, KOTA MANADO, SULAWESI UTARA",9,158,13,171
https://kawalpemilu.org#67203,"KAROMBASAN UTARA, WANEA, KOTA MANADO, SULAWESI UTARA",10,132,14,146
https://kawalpemilu.org#67203,"KAROMBASAN UTARA, WANEA, KOTA MANADO, SULAWESI UTARA",11,97,6,103
https://kawalpemilu.org#67203,"KAROMBASAN UTARA, WANEA, KOTA MANADO, SULAWESI UTARA",12,162,16,178
https://kawalpemilu.org#67203,"KAROMBASAN UTARA, WANEA, KOTA MANADO, SULAWESI UTARA",13,128,10,138
https://kawalpemilu.org#67203,"KAROMBASAN UTARA, WANEA, KOTA MANADO, SULAWESI UTARA",14,161,19,180
https://kawalpemilu.org#67203,"KAROMBASAN UTARA, WANEA, KOTA MANADO, SULAWESI UTARA",15,83,9,92
https://kawalpemilu.org#67203,"KAROMBASAN UTARA, WANEA, KOTA MANADO, SULAWESI UTARA",16,162,20,182
https://kawalpemilu.org#67203,"KAROMBASAN UTARA, WANEA, KOTA MANADO, SULAWESI UTARA",17,199,4,203
https://kawalpemilu.org#67203,"KAROMBASAN UTARA, WANEA, KOTA MANADO, SULAWESI UTARA",18,66,9,75
https://kawalpemilu.org#67203,"KAROMBASAN UTARA, WANEA, KOTA MANADO, SULAWESI UTARA",19,138,19,157
https://kawalpemilu.org#67203,"KAROMBASAN UTARA, WANEA, KOTA MANADO, SULAWESI UTARA",20,97,10,107
https://kawalpemilu.org#67203,"KAROMBASAN UTARA, WANEA, KOTA MANADO, SULAWESI UTARA",21,147,24,171
https://kawalpemilu.org#67203,"KAROMBASAN UTARA, WANEA, KOTA MANADO, SULAWESI UTARA",22,123,7,130
https://kawalpemilu.org#67203,"KAROMBASAN UTARA, WANEA, KOTA MANADO, SULAWESI UTARA",23,96,20,116
https://kawalpemilu.org#67203,"KAROMBASAN UTARA, WANEA, KOTA MANADO, SULAWESI UTARA",24,120,10,130
https://kawalpemilu.org#67203,"KAROMBASAN UTARA, WANEA, KOTA MANADO, SULAWESI UTARA",25,109,20,129
https://kawalpemilu.org#67204,"KAROMBASAN SELATAN, WANEA, KOTA MANADO, SULAWESI UTARA",1,145,21,66
https://kawalpemilu.org#67204,"KAROMBASAN SELATAN, WANEA, KOTA MANADO, SULAWESI UTARA",2,210,19,229
https://kawalpemilu.org#67204,"KAROMBASAN SELATAN, WANEA, KOTA MANADO, SULAWESI UTARA",3,189,15,204
https://kawalpemilu.org#67204,"KAROMBASAN SELATAN, WANEA, KOTA MANADO, SULAWESI UTARA",4,186,9,195
https://kawalpemilu.org#67204,"KAROMBASAN SELATAN, WANEA, KOTA MANADO, SULAWESI UTARA",5,178,17,195
https://kawalpemilu.org#67204,"KAROMBASAN SELATAN, WANEA, KOTA MANADO, SULAWESI UTARA",6,189,18,207
https://kawalpemilu.org#67204,"KAROMBASAN SELATAN, WANEA, KOTA MANADO, SULAWESI UTARA",7,221,12,233
https://kawalpemilu.org#67204,"KAROMBASAN SELATAN, WANEA, KOTA MANADO, SULAWESI UTARA",8,165,11,176
https://kawalpemilu.org#67204,"KAROMBASAN SELATAN, WANEA, KOTA MANADO, SULAWESI UTARA",9,136,10,146
https://kawalpemilu.org#67204,"KAROMBASAN SELATAN, WANEA, KOTA MANADO, SULAWESI UTARA",10,145,3,148
https://kawalpemilu.org#67204,"KAROMBASAN SELATAN, WANEA, KOTA MANADO, SULAWESI UTARA",11,185,7,192
https://kawalpemilu.org#67204,"KAROMBASAN SELATAN, WANEA, KOTA MANADO, SULAWESI UTARA",12,170,7,177
https://kawalpemilu.org#67204,"KAROMBASAN SELATAN, WANEA, KOTA MANADO, SULAWESI UTARA",13,193,19,212
https://kawalpemilu.org#67204,"KAROMBASAN SELATAN, WANEA, KOTA MANADO, SULAWESI UTARA",14,162,22,184
https://kawalpemilu.org#67204,"KAROMBASAN SELATAN, WANEA, KOTA MANADO, SULAWESI UTARA",15,209,13,222
https://kawalpemilu.org#67204,"KAROMBASAN SELATAN, WANEA, KOTA MANADO, SULAWESI UTARA",16,160,12,172
https://kawalpemilu.org#67204,"KAROMBASAN SELATAN, WANEA, KOTA MANADO, SULAWESI UTARA",17,153,9,162
https://kawalpemilu.org#67206,"PANIKI BAWAH, MAPANGET, KOTA MANADO, SULAWESI UTARA",1,173,66,239
https://kawalpemilu.org#67206,"PANIKI BAWAH, MAPANGET, KOTA MANADO, SULAWESI UTARA",2,171,42,213
https://kawalpemilu.org#67206,"PANIKI BAWAH, MAPANGET, KOTA MANADO, SULAWESI UTARA",3,187,30,217
https://kawalpemilu.org#67206,"PANIKI BAWAH, MAPANGET, KOTA MANADO, SULAWESI UTARA",4,135,19,154
https://kawalpemilu.org#67206,"PANIKI BAWAH, MAPANGET, KOTA MANADO, SULAWESI UTARA",5,146,22,168
https://kawalpemilu.org#67206,"PANIKI BAWAH, MAPANGET, KOTA MANADO, SULAWESI UTARA",6,155,15,170
https://kawalpemilu.org#67206,"PANIKI BAWAH, MAPANGET, KOTA MANADO, SULAWESI UTARA",7,194,21,215
https://kawalpemilu.org#67206,"PANIKI BAWAH, MAPANGET, KOTA MANADO, SULAWESI UTARA",8,195,27,222
https://kawalpemilu.org#67206,"PANIKI BAWAH, MAPANGET, KOTA MANADO, SULAWESI UTARA",9,130,19,149
https://kawalpemilu.org#67206,"PANIKI BAWAH, MAPANGET, KOTA MANADO, SULAWESI UTARA",10,169,30,199
https://kawalpemilu.org#67206,"PANIKI BAWAH, MAPANGET, KOTA MANADO, SULAWESI UTARA",11,239,6,245
https://kawalpemilu.org#67206,"PANIKI BAWAH, MAPANGET, KOTA MANADO, SULAWESI UTARA",12,139,65,204
https://kawalpemilu.org#67206,"PANIKI BAWAH, MAPANGET, KOTA MANADO, SULAWESI UTARA",13,156,46,202
https://kawalpemilu.org#67206,"PANIKI BAWAH, MAPANGET, KOTA MANADO, SULAWESI UTARA",14,202,38,240
https://kawalpemilu.org#67206,"PANIKI BAWAH, MAPANGET, KOTA MANADO, SULAWESI UTARA",15,216,23,239
https://kawalpemilu.org#67206,"PANIKI BAWAH, MAPANGET, KOTA MANADO, SULAWESI UTARA",16,215,17,232
https://kawalpemilu.org#67206,"PANIKI BAWAH, MAPANGET, KOTA MANADO, SULAWESI UTARA",17,206,18,224
https://kawalpemilu.org#67206,"PANIKI BAWAH, MAPANGET, KOTA MANADO, SULAWESI UTARA",18,208,11,219
https://kawalpemilu.org#67206,"PANIKI BAWAH, MAPANGET, KOTA MANADO, SULAWESI UTARA",19,166,24,190
https://kawalpemilu.org#67206,"PANIKI BAWAH, MAPANGET, KOTA MANADO, SULAWESI UTARA",20,201,29,230
https://kawalpemilu.org#67206,"PANIKI BAWAH, MAPANGET, KOTA MANADO, SULAWESI UTARA",21,161,24,185
https://kawalpemilu.org#67206,"PANIKI BAWAH, MAPANGET, KOTA MANADO, SULAWESI UTARA",22,117,28,145
https://kawalpemilu.org#67206,"PANIKI BAWAH, MAPANGET, KOTA MANADO, SULAWESI UTARA",23,107,14,121
https://kawalpemilu.org#67206,"PANIKI BAWAH, MAPANGET, KOTA MANADO, SULAWESI UTARA",24,114,30,144
https://kawalpemilu.org#67206,"PANIKI BAWAH, MAPANGET, KOTA MANADO, SULAWESI UTARA",25,167,16,183
https://kawalpemilu.org#67206,"PANIKI BAWAH, MAPANGET, KOTA MANADO, SULAWESI UTARA",26,187,17,204
https://kawalpemilu.org#67206,"PANIKI BAWAH, MAPANGET, KOTA MANADO, SULAWESI UTARA",27,132,25,157
https://kawalpemilu.org#67206,"PANIKI BAWAH, MAPANGET, KOTA MANADO, SULAWESI UTARA",28,179,23,202
https://kawalpemilu.org#67206,"PANIKI BAWAH, MAPANGET, KOTA MANADO, SULAWESI UTARA",29,200,29,229
https://kawalpemilu.org#67206,"PANIKI BAWAH, MAPANGET, KOTA MANADO, SULAWESI UTARA",30,164,45,209
https://kawalpemilu.org#67206,"PANIKI BAWAH, MAPANGET, KOTA MANADO, SULAWESI UTARA",31,199,30,229
https://kawalpemilu.org#67206,"PANIKI BAWAH, MAPANGET, KOTA MANADO, SULAWESI UTARA",32,124,23,147
https://kawalpemilu.org#67206,"PANIKI BAWAH, MAPANGET, KOTA MANADO, SULAWESI UTARA",33,118,12,130
https://kawalpemilu.org#67206,"PANIKI BAWAH, MAPANGET, KOTA MANADO, SULAWESI UTARA",34,86,29,105
https://kawalpemilu.org#67207,"LAPANGAN, MAPANGET, KOTA MANADO, SULAWESI UTARA",1,190,50,240
https://kawalpemilu.org#67207,"LAPANGAN, MAPANGET, KOTA MANADO, SULAWESI UTARA",2,186,42,228
https://kawalpemilu.org#67207,"LAPANGAN, MAPANGET, KOTA MANADO, SULAWESI UTARA",3,195,60,255
https://kawalpemilu.org#67207,"LAPANGAN, MAPANGET, KOTA MANADO, SULAWESI UTARA",4,200,43,243
https://kawalpemilu.org#67207,"LAPANGAN, MAPANGET, KOTA MANADO, SULAWESI UTARA",5,206,30,236
https://kawalpemilu.org#67207,"LAPANGAN, MAPANGET, KOTA MANADO, SULAWESI UTARA",6,241,23,264
https://kawalpemilu.org#67207,"LAPANGAN, MAPANGET, KOTA MANADO, SULAWESI UTARA",7,204,42,246
https://kawalpemilu.org#67207,"LAPANGAN, MAPANGET, KOTA MANADO, SULAWESI UTARA",8,162,43,205
https://kawalpemilu.org#67208,"MAPANGET BARAT, MAPANGET, KOTA MANADO, SULAWESI UTARA",1,220,24,244
https://kawalpemilu.org#67208,"MAPANGET BARAT, MAPANGET, KOTA MANADO, SULAWESI UTARA",2,218,25,243
https://kawalpemilu.org#67208,"MAPANGET BARAT, MAPANGET, KOTA MANADO, SULAWESI UTARA",3,158,23,181
https://kawalpemilu.org#67208,"MAPANGET BARAT, MAPANGET, KOTA MANADO, SULAWESI UTARA",4,214,19,333
https://kawalpemilu.org#67208,"MAPANGET BARAT, MAPANGET, KOTA MANADO, SULAWESI UTARA",5,233,17,250
https://kawalpemilu.org#67208,"MAPANGET BARAT, MAPANGET, KOTA MANADO, SULAWESI UTARA",6,196,17,213
https://kawalpemilu.org#67208,"MAPANGET BARAT, MAPANGET, KOTA MANADO, SULAWESI UTARA",7,193,17,210
https://kawalpemilu.org#67208,"MAPANGET BARAT, MAPANGET, KOTA MANADO, SULAWESI UTARA",8,138,25,163
https://kawalpemilu.org#67208,"MAPANGET BARAT, MAPANGET, KOTA MANADO, SULAWESI UTARA",9,188,50,238
https://kawalpemilu.org#67208,"MAPANGET BARAT, MAPANGET, KOTA MANADO, SULAWESI UTARA",10,158,80,238
https://kawalpemilu.org#67208,"MAPANGET BARAT, MAPANGET, KOTA MANADO, SULAWESI UTARA",11,177,49,226
https://kawalpemilu.org#67208,"MAPANGET BARAT, MAPANGET, KOTA MANADO, SULAWESI UTARA",12,171,56,227
https://kawalpemilu.org#67208,"MAPANGET BARAT, MAPANGET, KOTA MANADO, SULAWESI UTARA",13,162,54,216
https://kawalpemilu.org#67208,"MAPANGET BARAT, MAPANGET, KOTA MANADO, SULAWESI UTARA",14,176,20,196
https://kawalpemilu.org#67208,"MAPANGET BARAT, MAPANGET, KOTA MANADO, SULAWESI UTARA",15,171,30,201
https://kawalpemilu.org#67208,"MAPANGET BARAT, MAPANGET, KOTA MANADO, SULAWESI UTARA",16,161,28,189
https://kawalpemilu.org#67209,"KIMA ATAS, MAPANGET, KOTA MANADO, SULAWESI UTARA",1,153,8,161
https://kawalpemilu.org#67209,"KIMA ATAS, MAPANGET, KOTA MANADO, SULAWESI UTARA",2,156,27,183
https://kawalpemilu.org#67209,"KIMA ATAS, MAPANGET, KOTA MANADO, SULAWESI UTARA",3,173,11,184
https://kawalpemilu.org#67209,"KIMA ATAS, MAPANGET, KOTA MANADO, SULAWESI UTARA",4,178,20,198
https://kawalpemilu.org#67210,"BUHA, MAPANGET, KOTA MANADO, SULAWESI UTARA",1,209,9,218
https://kawalpemilu.org#67210,"BUHA, MAPANGET, KOTA MANADO, SULAWESI UTARA",2,204,10,214
https://kawalpemilu.org#67210,"BUHA, MAPANGET, KOTA MANADO, SULAWESI UTARA",3,129,27,156
https://kawalpemilu.org#67210,"BUHA, MAPANGET, KOTA MANADO, SULAWESI UTARA",4,155,4,159
https://kawalpemilu.org#67210,"BUHA, MAPANGET, KOTA MANADO, SULAWESI UTARA",5,123,16,139
https://kawalpemilu.org#67210,"BUHA, MAPANGET, KOTA MANADO, SULAWESI UTARA",6,105,17,122
https://kawalpemilu.org#67210,"BUHA, MAPANGET, KOTA MANADO, SULAWESI UTARA",7,107,18,125
https://kawalpemilu.org#67210,"BUHA, MAPANGET, KOTA MANADO, SULAWESI UTARA",8,172,50,222
https://kawalpemilu.org#67210,"BUHA, MAPANGET, KOTA MANADO, SULAWESI UTARA",9,154,25,179
https://kawalpemilu.org#67210,"BUHA, MAPANGET, KOTA MANADO, SULAWESI UTARA",10,123,17,140
https://kawalpemilu.org#67210,"BUHA, MAPANGET, KOTA MANADO, SULAWESI UTARA",11,164,23,187
https://kawalpemilu.org#67210,"BUHA, MAPANGET, KOTA MANADO, SULAWESI UTARA",12,156,26,182
https://kawalpemilu.org#67210,"BUHA, MAPANGET, KOTA MANADO, SULAWESI UTARA",13,69,52,121
https://kawalpemilu.org#67210,"BUHA, MAPANGET, KOTA MANADO, SULAWESI UTARA",14,129,72,201
https://kawalpemilu.org#67210,"BUHA, MAPANGET, KOTA MANADO, SULAWESI UTARA",15,75,33,108
https://kawalpemilu.org#67210,"BUHA, MAPANGET, KOTA MANADO, SULAWESI UTARA",16,97,30,127
https://kawalpemilu.org#67210,"BUHA, MAPANGET, KOTA MANADO, SULAWESI UTARA",17,157,30,187
https://kawalpemilu.org#67210,"BUHA, MAPANGET, KOTA MANADO, SULAWESI UTARA",18,172,45,217
https://kawalpemilu.org#67210,"BUHA, MAPANGET, KOTA MANADO, SULAWESI UTARA",19,150,45,195
https://kawalpemilu.org#67210,"BUHA, MAPANGET, KOTA MANADO, SULAWESI UTARA",20,144,45,189
https://kawalpemilu.org#67210,"BUHA, MAPANGET, KOTA MANADO, SULAWESI UTARA",21,126,27,153
https://kawalpemilu.org#67210,"BUHA, MAPANGET, KOTA MANADO, SULAWESI UTARA",22,117,17,134
https://kawalpemilu.org#67210,"BUHA, MAPANGET, KOTA MANADO, SULAWESI UTARA",23,140,28,168
https://kawalpemilu.org#67210,"BUHA, MAPANGET, KOTA MANADO, SULAWESI UTARA",24,103,33,136
https://kawalpemilu.org#67210,"BUHA, MAPANGET, KOTA MANADO, SULAWESI UTARA",25,134,23,157
https://kawalpemilu.org#67210,"BUHA, MAPANGET, KOTA MANADO, SULAWESI UTARA",26,128,16,144
https://kawalpemilu.org#67210,"BUHA, MAPANGET, KOTA MANADO, SULAWESI UTARA",27,138,41,171
https://kawalpemilu.org#67210,"BUHA, MAPANGET, KOTA MANADO, SULAWESI UTARA",28,173,21,194
https://kawalpemilu.org#67210,"BUHA, MAPANGET, KOTA MANADO, SULAWESI UTARA",29,118,13,131
https://kawalpemilu.org#67210,"BUHA, MAPANGET, KOTA MANADO, SULAWESI UTARA",30,121,13,134
https://kawalpemilu.org#67210,"BUHA, MAPANGET, KOTA MANADO, SULAWESI UTARA",31,82,4,86
https://kawalpemilu.org#67210,"BUHA, MAPANGET, KOTA MANADO, SULAWESI UTARA",32,86,14,100
https://kawalpemilu.org#67210,"BUHA, MAPANGET, KOTA MANADO, SULAWESI UTARA",33,115,11,126
https://kawalpemilu.org#67210,"BUHA, MAPANGET, KOTA MANADO, SULAWESI UTARA",34,72,51,123
https://kawalpemilu.org#67210,"BUHA, MAPANGET, KOTA MANADO, SULAWESI UTARA",35,69,27,96
https://kawalpemilu.org#67210,"BUHA, MAPANGET, KOTA MANADO, SULAWESI UTARA",36,122,21,143
https://kawalpemilu.org#67210,"BUHA, MAPANGET, KOTA MANADO, SULAWESI UTARA",37,102,16,118
https://kawalpemilu.org#67210,"BUHA, MAPANGET, KOTA MANADO, SULAWESI UTARA",38,144,23,167
https://kawalpemilu.org#67210,"BUHA, MAPANGET, KOTA MANADO, SULAWESI UTARA",39,162,32,194
https://kawalpemilu.org#67210,"BUHA, MAPANGET, KOTA MANADO, SULAWESI UTARA",40,122,33,155
https://kawalpemilu.org#67211,"BENGKOL, MAPANGET, KOTA MANADO, SULAWESI UTARA",1,202,36,238
https://kawalpemilu.org#67211,"BENGKOL, MAPANGET, KOTA MANADO, SULAWESI UTARA",2,206,14,220
https://kawalpemilu.org#67211,"BENGKOL, MAPANGET, KOTA MANADO, SULAWESI UTARA",3,221,26,247
https://kawalpemilu.org#67211,"BENGKOL, MAPANGET, KOTA MANADO, SULAWESI UTARA",4,180,23,203
https://kawalpemilu.org#67211,"BENGKOL, MAPANGET, KOTA MANADO, SULAWESI UTARA",5,185,22,207
https://kawalpemilu.org#67211,"BENGKOL, MAPANGET, KOTA MANADO, SULAWESI UTARA",6,159,23,182
https://kawalpemilu.org#67213,"KAIRAGI SATU, MAPANGET, KOTA MANADO, SULAWESI UTARA",1,245,18,263
https://kawalpemilu.org#67213,"KAIRAGI SATU, MAPANGET, KOTA MANADO, SULAWESI UTARA",2,204,17,221
https://kawalpemilu.org#67213,"KAIRAGI SATU, MAPANGET, KOTA MANADO, SULAWESI UTARA",3,224,15,239
https://kawalpemilu.org#67213,"KAIRAGI SATU, MAPANGET, KOTA MANADO, SULAWESI UTARA",4,240,17,257
https://kawalpemilu.org#67213,"KAIRAGI SATU, MAPANGET, KOTA MANADO, SULAWESI UTARA",5,199,33,232
https://kawalpemilu.org#67213,"KAIRAGI SATU, MAPANGET, KOTA MANADO, SULAWESI UTARA",6,155,22,177
https://kawalpemilu.org#67213,"KAIRAGI SATU, MAPANGET, KOTA MANADO, SULAWESI UTARA",7,259,3,262
https://kawalpemilu.org#67213,"KAIRAGI SATU, MAPANGET, KOTA MANADO, SULAWESI UTARA",8,233,20,253
https://kawalpemilu.org#67213,"KAIRAGI SATU, MAPANGET, KOTA MANADO, SULAWESI UTARA",9,189,43,232
https://kawalpemilu.org#67213,"KAIRAGI SATU, MAPANGET, KOTA MANADO, SULAWESI UTARA",10,160,26,186
https://kawalpemilu.org#67214,"KAIRAGI DUA, MAPANGET, KOTA MANADO, SULAWESI UTARA",1,138,13,151
https://kawalpemilu.org#67214,"KAIRAGI DUA, MAPANGET, KOTA MANADO, SULAWESI UTARA",2,156,11,167
https://kawalpemilu.org#67214,"KAIRAGI DUA, MAPANGET, KOTA MANADO, SULAWESI UTARA",3,172,11,183
https://kawalpemilu.org#67214,"KAIRAGI DUA, MAPANGET, KOTA MANADO, SULAWESI UTARA",4,162,18,180
https://kawalpemilu.org#67214,"KAIRAGI DUA, MAPANGET, KOTA MANADO, SULAWESI UTARA",5,200,31,231
https://kawalpemilu.org#67214,"KAIRAGI DUA, MAPANGET, KOTA MANADO, SULAWESI UTARA",6,151,17,168
https://kawalpemilu.org#67214,"KAIRAGI DUA, MAPANGET, KOTA MANADO, SULAWESI UTARA",7,230,18,248
https://kawalpemilu.org#67214,"KAIRAGI DUA, MAPANGET, KOTA MANADO, SULAWESI UTARA",8,197,20,217
https://kawalpemilu.org#67214,"KAIRAGI DUA, MAPANGET, KOTA MANADO, SULAWESI UTARA",9,182,15,197
https://kawalpemilu.org#67214,"KAIRAGI DUA, MAPANGET, KOTA MANADO, SULAWESI UTARA",10,188,33,221
https://kawalpemilu.org#67214,"KAIRAGI DUA, MAPANGET, KOTA MANADO, SULAWESI UTARA",11,163,28,191
https://kawalpemilu.org#67214,"KAIRAGI DUA, MAPANGET, KOTA MANADO, SULAWESI UTARA",12,217,16,233
https://kawalpemilu.org#67214,"KAIRAGI DUA, MAPANGET, KOTA MANADO, SULAWESI UTARA",13,184,25,209
https://kawalpemilu.org#67214,"KAIRAGI DUA, MAPANGET, KOTA MANADO, SULAWESI UTARA",14,190,20,210
https://kawalpemilu.org#67214,"KAIRAGI DUA, MAPANGET, KOTA MANADO, SULAWESI UTARA",15,186,35,221
https://kawalpemilu.org#67214,"KAIRAGI DUA, MAPANGET, KOTA MANADO, SULAWESI UTARA",16,202,31,233
https://kawalpemilu.org#67214,"KAIRAGI DUA, MAPANGET, KOTA MANADO, SULAWESI UTARA",17,188,12,200
https://kawalpemilu.org#67214,"KAIRAGI DUA, MAPANGET, KOTA MANADO, SULAWESI UTARA",18,156,28,184
https://kawalpemilu.org#67214,"KAIRAGI DUA, MAPANGET, KOTA MANADO, SULAWESI UTARA",19,140,11,151
https://kawalpemilu.org#67214,"KAIRAGI DUA, MAPANGET, KOTA MANADO, SULAWESI UTARA",20,144,11,155
https://kawalpemilu.org#67214,"KAIRAGI DUA, MAPANGET, KOTA MANADO, SULAWESI UTARA",21,124,12,136
https://kawalpemilu.org#67214,"KAIRAGI DUA, MAPANGET, KOTA MANADO, SULAWESI UTARA",22,160,7,167
https://kawalpemilu.org#67214,"KAIRAGI DUA, MAPANGET, KOTA MANADO, SULAWESI UTARA",23,183,8,191
https://kawalpemilu.org#67214,"KAIRAGI DUA, MAPANGET, KOTA MANADO, SULAWESI UTARA",24,169,4,173
https://kawalpemilu.org#67214,"KAIRAGI DUA, MAPANGET, KOTA MANADO, SULAWESI UTARA",25,182,11,193
https://kawalpemilu.org#67214,"KAIRAGI DUA, MAPANGET, KOTA MANADO, SULAWESI UTARA",26,179,8,187
https://kawalpemilu.org#67214,"KAIRAGI DUA, MAPANGET, KOTA MANADO, SULAWESI UTARA",27,165,15,180
https://kawalpemilu.org#67214,"KAIRAGI DUA, MAPANGET, KOTA MANADO, SULAWESI UTARA",28,142,5,147
https://kawalpemilu.org#67214,"KAIRAGI DUA, MAPANGET, KOTA MANADO, SULAWESI UTARA",29,110,18,128
https://kawalpemilu.org#67214,"KAIRAGI DUA, MAPANGET, KOTA MANADO, SULAWESI UTARA",30,138,22,160
https://kawalpemilu.org#67214,"KAIRAGI DUA, MAPANGET, KOTA MANADO, SULAWESI UTARA",31,146,18,164
https://kawalpemilu.org#67214,"KAIRAGI DUA, MAPANGET, KOTA MANADO, SULAWESI UTARA",32,164,6,170
https://kawalpemilu.org#67214,"KAIRAGI DUA, MAPANGET, KOTA MANADO, SULAWESI UTARA",33,99,5,104
https://kawalpemilu.org#67215,"PANIKI SATU, MAPANGET, KOTA MANADO, SULAWESI UTARA",1,179,21,200
https://kawalpemilu.org#67215,"PANIKI SATU, MAPANGET, KOTA MANADO, SULAWESI UTARA",2,192,35,227
https://kawalpemilu.org#67215,"PANIKI SATU, MAPANGET, KOTA MANADO, SULAWESI UTARA",3,244,23,267
https://kawalpemilu.org#67215,"PANIKI SATU, MAPANGET, KOTA MANADO, SULAWESI UTARA",4,163,59,222
https://kawalpemilu.org#67215,"PANIKI SATU, MAPANGET, KOTA MANADO, SULAWESI UTARA",5,187,34,221
https://kawalpemilu.org#67215,"PANIKI SATU, MAPANGET, KOTA MANADO, SULAWESI UTARA",6,180,39,219
https://kawalpemilu.org#67215,"PANIKI SATU, MAPANGET, KOTA MANADO, SULAWESI UTARA",7,193,26,219
https://kawalpemilu.org#67215,"PANIKI SATU, MAPANGET, KOTA MANADO, SULAWESI UTARA",8,146,23,169
https://kawalpemilu.org#67215,"PANIKI SATU, MAPANGET, KOTA MANADO, SULAWESI UTARA",9,135,21,156
https://kawalpemilu.org#67216,"PANIKI DUA, MAPANGET, KOTA MANADO, SULAWESI UTARA",1,203,31,234
https://kawalpemilu.org#67216,"PANIKI DUA, MAPANGET, KOTA MANADO, SULAWESI UTARA",2,181,23,204
https://kawalpemilu.org#67216,"PANIKI DUA, MAPANGET, KOTA MANADO, SULAWESI UTARA",3,187,42,229
https://kawalpemilu.org#67216,"PANIKI DUA, MAPANGET, KOTA MANADO, SULAWESI UTARA",4,191,30,221
https://kawalpemilu.org#67216,"PANIKI DUA, MAPANGET, KOTA MANADO, SULAWESI UTARA",5,175,20,195
https://kawalpemilu.org#67216,"PANIKI DUA, MAPANGET, KOTA MANADO, SULAWESI UTARA",6,184,46,230
https://kawalpemilu.org#67216,"PANIKI DUA, MAPANGET, KOTA MANADO, SULAWESI UTARA",7,191,43,234
https://kawalpemilu.org#67216,"PANIKI DUA, MAPANGET, KOTA MANADO, SULAWESI UTARA",8,169,24,193
https://kawalpemilu.org#67216,"PANIKI DUA, MAPANGET, KOTA MANADO, SULAWESI UTARA",9,189,20,209
https://kawalpemilu.org#67216,"PANIKI DUA, MAPANGET, KOTA MANADO, SULAWESI UTARA",10,173,21,200
https://kawalpemilu.org#67216,"PANIKI DUA, MAPANGET, KOTA MANADO, SULAWESI UTARA",11,202,30,232
https://kawalpemilu.org#67216,"PANIKI DUA, MAPANGET, KOTA MANADO, SULAWESI UTARA",12,185,19,204
https://kawalpemilu.org#67216,"PANIKI DUA, MAPANGET, KOTA MANADO, SULAWESI UTARA",13,162,37,199
https://kawalpemilu.org#67216,"PANIKI DUA, MAPANGET, KOTA MANADO, SULAWESI UTARA",14,200,34,234
https://kawalpemilu.org#67216,"PANIKI DUA, MAPANGET, KOTA MANADO, SULAWESI UTARA",15,108,35,143
https://kawalpemilu.org#67216,"PANIKI DUA, MAPANGET, KOTA MANADO, SULAWESI UTARA",16,171,40,211
https://kawalpemilu.org#67218,"MALALAYANG SATU, MALALAYANG, KOTA MANADO, SULAWESI UTARA",1,100,55,155
https://kawalpemilu.org#67218,"MALALAYANG SATU, MALALAYANG, KOTA MANADO, SULAWESI UTARA",2,137,64,201
https://kawalpemilu.org#67218,"MALALAYANG SATU, MALALAYANG, KOTA MANADO, SULAWESI UTARA",3,169,22,191
https://kawalpemilu.org#67218,"MALALAYANG SATU, MALALAYANG, KOTA MANADO, SULAWESI UTARA",4,162,38,200
https://kawalpemilu.org#67218,"MALALAYANG SATU, MALALAYANG, KOTA MANADO, SULAWESI UTARA",5,224,17,241
https://kawalpemilu.org#67218,"MALALAYANG SATU, MALALAYANG, KOTA MANADO, SULAWESI UTARA",6,234,32,266
https://kawalpemilu.org#67218,"MALALAYANG SATU, MALALAYANG, KOTA MANADO, SULAWESI UTARA",7,228,22,250
https://kawalpemilu.org#67218,"MALALAYANG SATU, MALALAYANG, KOTA MANADO, SULAWESI UTARA",8,142,13,155
https://kawalpemilu.org#67218,"MALALAYANG SATU, MALALAYANG, KOTA MANADO, SULAWESI UTARA",9,158,19,177
https://kawalpemilu.org#67218,"MALALAYANG SATU, MALALAYANG, KOTA MANADO, SULAWESI UTARA",10,200,18,218
https://kawalpemilu.org#67218,"MALALAYANG SATU, MALALAYANG, KOTA MANADO, SULAWESI UTARA",11,199,20,219
https://kawalpemilu.org#67218,"MALALAYANG SATU, MALALAYANG, KOTA MANADO, SULAWESI UTARA",12,196,27,223
https://kawalpemilu.org#67218,"MALALAYANG SATU, MALALAYANG, KOTA MANADO, SULAWESI UTARA",13,159,17,176
https://kawalpemilu.org#67218,"MALALAYANG SATU, MALALAYANG, KOTA MANADO, SULAWESI UTARA",14,159,15,174
https://kawalpemilu.org#67218,"MALALAYANG SATU, MALALAYANG, KOTA MANADO, SULAWESI UTARA",15,140,24,164
https://kawalpemilu.org#67218,"MALALAYANG SATU, MALALAYANG, KOTA MANADO, SULAWESI UTARA",16,110,16,126
https://kawalpemilu.org#67218,"MALALAYANG SATU, MALALAYANG, KOTA MANADO, SULAWESI UTARA",17,62,3,65
https://kawalpemilu.org#67218,"MALALAYANG SATU, MALALAYANG, KOTA MANADO, SULAWESI UTARA",18,147,9,156
https://kawalpemilu.org#67218,"MALALAYANG SATU, MALALAYANG, KOTA MANADO, SULAWESI UTARA",19,116,17,133
https://kawalpemilu.org#67218,"MALALAYANG SATU, MALALAYANG, KOTA MANADO, SULAWESI UTARA",20,115,6,121
https://kawalpemilu.org#67218,"MALALAYANG SATU, MALALAYANG, KOTA MANADO, SULAWESI UTARA",21,92,9,101
https://kawalpemilu.org#67218,"MALALAYANG SATU, MALALAYANG, KOTA MANADO, SULAWESI UTARA",22,180,12,192
https://kawalpemilu.org#67218,"MALALAYANG SATU, MALALAYANG, KOTA MANADO, SULAWESI UTARA",23,142,3,145
https://kawalpemilu.org#67218,"MALALAYANG SATU, MALALAYANG, KOTA MANADO, SULAWESI UTARA",24,181,14,195
https://kawalpemilu.org#67218,"MALALAYANG SATU, MALALAYANG, KOTA MANADO, SULAWESI UTARA",25,201,30,231
https://kawalpemilu.org#67218,"MALALAYANG SATU, MALALAYANG, KOTA MANADO, SULAWESI UTARA",26,141,28,169
https://kawalpemilu.org#67218,"MALALAYANG SATU, MALALAYANG, KOTA MANADO, SULAWESI UTARA",27,169,25,194
https://kawalpemilu.org#67218,"MALALAYANG SATU, MALALAYANG, KOTA MANADO, SULAWESI UTARA",28,178,26,204
https://kawalpemilu.org#67218,"MALALAYANG SATU, MALALAYANG, KOTA MANADO, SULAWESI UTARA",29,136,7,143
https://kawalpemilu.org#67218,"MALALAYANG SATU, MALALAYANG, KOTA MANADO, SULAWESI UTARA",30,229,17,246
https://kawalpemilu.org#67218,"MALALAYANG SATU, MALALAYANG, KOTA MANADO, SULAWESI UTARA",31,142,12,154
https://kawalpemilu.org#67218,"MALALAYANG SATU, MALALAYANG, KOTA MANADO, SULAWESI UTARA",32,167,20,187
https://kawalpemilu.org#67218,"MALALAYANG SATU, MALALAYANG, KOTA MANADO, SULAWESI UTARA",33,180,10,190
https://kawalpemilu.org#67218,"MALALAYANG SATU, MALALAYANG, KOTA MANADO, SULAWESI UTARA",34,169,12,181
https://kawalpemilu.org#67218,"MALALAYANG SATU, MALALAYANG, KOTA MANADO, SULAWESI UTARA",35,184,13,197
https://kawalpemilu.org#67218,"MALALAYANG SATU, MALALAYANG, KOTA MANADO, SULAWESI UTARA",36,149,9,158
https://kawalpemilu.org#67218,"MALALAYANG SATU, MALALAYANG, KOTA MANADO, SULAWESI UTARA",37,202,12,214
https://kawalpemilu.org#67219,"BAHU, MALALAYANG, KOTA MANADO, SULAWESI UTARA",1,139,2,141
https://kawalpemilu.org#67219,"BAHU, MALALAYANG, KOTA MANADO, SULAWESI UTARA",2,135,9,144
https://kawalpemilu.org#67219,"BAHU, MALALAYANG, KOTA MANADO, SULAWESI UTARA",3,126,15,141
https://kawalpemilu.org#67219,"BAHU, MALALAYANG, KOTA MANADO, SULAWESI UTARA",4,158,8,166
https://kawalpemilu.org#67219,"BAHU, MALALAYANG, KOTA MANADO, SULAWESI UTARA",5,187,12,199
https://kawalpemilu.org#67219,"BAHU, MALALAYANG, KOTA MANADO, SULAWESI UTARA",6,187,9,196
https://kawalpemilu.org#67219,"BAHU, MALALAYANG, KOTA MANADO, SULAWESI UTARA",7,133,2,135
https://kawalpemilu.org#67219,"BAHU, MALALAYANG, KOTA MANADO, SULAWESI UTARA",8,156,10,166
https://kawalpemilu.org#67219,"BAHU, MALALAYANG, KOTA MANADO, SULAWESI UTARA",9,119,7,126
https://kawalpemilu.org#67219,"BAHU, MALALAYANG, KOTA MANADO, SULAWESI UTARA",10,200,10,210
https://kawalpemilu.org#67219,"BAHU, MALALAYANG, KOTA MANADO, SULAWESI UTARA",11,171,13,184
https://kawalpemilu.org#67219,"BAHU, MALALAYANG, KOTA MANADO, SULAWESI UTARA",12,118,7,125
https://kawalpemilu.org#67219,"BAHU, MALALAYANG, KOTA MANADO, SULAWESI UTARA",13,122,10,132
https://kawalpemilu.org#67219,"BAHU, MALALAYANG, KOTA MANADO, SULAWESI UTARA",14,0,0,0
https://kawalpemilu.org#67219,"BAHU, MALALAYANG, KOTA MANADO, SULAWESI UTARA",15,154,20,174
https://kawalpemilu.org#67219,"BAHU, MALALAYANG, KOTA MANADO, SULAWESI UTARA",16,124,12,136
https://kawalpemilu.org#67219,"BAHU, MALALAYANG, KOTA MANADO, SULAWESI UTARA",17,141,18,159
https://kawalpemilu.org#67219,"BAHU, MALALAYANG, KOTA MANADO, SULAWESI UTARA",18,97,3,100
https://kawalpemilu.org#67219,"BAHU, MALALAYANG, KOTA MANADO, SULAWESI UTARA",19,132,11,143
https://kawalpemilu.org#67219,"BAHU, MALALAYANG, KOTA MANADO, SULAWESI UTARA",20,115,1,116
https://kawalpemilu.org#67219,"BAHU, MALALAYANG, KOTA MANADO, SULAWESI UTARA",21,132,5,137
https://kawalpemilu.org#67219,"BAHU, MALALAYANG, KOTA MANADO, SULAWESI UTARA",22,117,14,131
https://kawalpemilu.org#67219,"BAHU, MALALAYANG, KOTA MANADO, SULAWESI UTARA",23,128,17,145
https://kawalpemilu.org#67219,"BAHU, MALALAYANG, KOTA MANADO, SULAWESI UTARA",24,117,19,136
https://kawalpemilu.org#67219,"BAHU, MALALAYANG, KOTA MANADO, SULAWESI UTARA",25,134,23,157
https://kawalpemilu.org#67219,"BAHU, MALALAYANG, KOTA MANADO, SULAWESI UTARA",26,104,6,110
https://kawalpemilu.org#67219,"BAHU, MALALAYANG, KOTA MANADO, SULAWESI UTARA",27,169,11,180
https://kawalpemilu.org#67219,"BAHU, MALALAYANG, KOTA MANADO, SULAWESI UTARA",28,172,18,190
https://kawalpemilu.org#67219,"BAHU, MALALAYANG, KOTA MANADO, SULAWESI UTARA",29,104,5,109
https://kawalpemilu.org#67219,"BAHU, MALALAYANG, KOTA MANADO, SULAWESI UTARA",30,160,12,172
https://kawalpemilu.org#67219,"BAHU, MALALAYANG, KOTA MANADO, SULAWESI UTARA",31,118,6,124
https://kawalpemilu.org#67219,"BAHU, MALALAYANG, KOTA MANADO, SULAWESI UTARA",32,144,13,157
https://kawalpemilu.org#67219,"BAHU, MALALAYANG, KOTA MANADO, SULAWESI UTARA",33,80,5,85
https://kawalpemilu.org#67220,"KLEAK, MALALAYANG, KOTA MANADO, SULAWESI UTARA",1,131,9,140
https://kawalpemilu.org#67220,"KLEAK, MALALAYANG, KOTA MANADO, SULAWESI UTARA",2,166,14,180
https://kawalpemilu.org#67220,"KLEAK, MALALAYANG, KOTA MANADO, SULAWESI UTARA",3,204,19,223
https://kawalpemilu.org#67220,"KLEAK, MALALAYANG, KOTA MANADO, SULAWESI UTARA",4,172,15,187
https://kawalpemilu.org#67220,"KLEAK, MALALAYANG, KOTA MANADO, SULAWESI UTARA",5,251,26,277
https://kawalpemilu.org#67220,"KLEAK, MALALAYANG, KOTA MANADO, SULAWESI UTARA",6,189,30,219
https://kawalpemilu.org#67220,"KLEAK, MALALAYANG, KOTA MANADO, SULAWESI UTARA",7,116,11,127
https://kawalpemilu.org#67220,"KLEAK, MALALAYANG, KOTA MANADO, SULAWESI UTARA",8,95,9,104
https://kawalpemilu.org#67220,"KLEAK, MALALAYANG, KOTA MANADO, SULAWESI UTARA",9,128,14,142
https://kawalpemilu.org#67220,"KLEAK, MALALAYANG, KOTA MANADO, SULAWESI UTARA",10,256,19,275
https://kawalpemilu.org#67220,"KLEAK, MALALAYANG, KOTA MANADO, SULAWESI UTARA",11,142,39,181
https://kawalpemilu.org#67220,"KLEAK, MALALAYANG, KOTA MANADO, SULAWESI UTARA",12,192,7,125
https://kawalpemilu.org#67220,"KLEAK, MALALAYANG, KOTA MANADO, SULAWESI UTARA",13,155,19,174
https://kawalpemilu.org#67220,"KLEAK, MALALAYANG, KOTA MANADO, SULAWESI UTARA",14,0,0,204
https://kawalpemilu.org#67220,"KLEAK, MALALAYANG, KOTA MANADO, SULAWESI UTARA",15,183,24,207
https://kawalpemilu.org#67220,"KLEAK, MALALAYANG, KOTA MANADO, SULAWESI UTARA",16,161,31,192
https://kawalpemilu.org#67220,"KLEAK, MALALAYANG, KOTA MANADO, SULAWESI UTARA",17,122,22,144
https://kawalpemilu.org#67220,"KLEAK, MALALAYANG, KOTA MANADO, SULAWESI UTARA",18,139,25,164
https://kawalpemilu.org#67220,"KLEAK, MALALAYANG, KOTA MANADO, SULAWESI UTARA",19,106,18,124
https://kawalpemilu.org#67220,"KLEAK, MALALAYANG, KOTA MANADO, SULAWESI UTARA",20,72,6,78
https://kawalpemilu.org#67220,"KLEAK, MALALAYANG, KOTA MANADO, SULAWESI UTARA",21,105,12,117
https://kawalpemilu.org#67220,"KLEAK, MALALAYANG, KOTA MANADO, SULAWESI UTARA",22,120,8,128
https://kawalpemilu.org#67221,"BATU KOTA, MALALAYANG, KOTA MANADO, SULAWESI UTARA",1,161,8,169
https://kawalpemilu.org#67221,"BATU KOTA, MALALAYANG, KOTA MANADO, SULAWESI UTARA",2,162,14,176
https://kawalpemilu.org#67221,"BATU KOTA, MALALAYANG, KOTA MANADO, SULAWESI UTARA",3,178,17,195
https://kawalpemilu.org#67221,"BATU KOTA, MALALAYANG, KOTA MANADO, SULAWESI UTARA",4,152,14,166
https://kawalpemilu.org#67221,"BATU KOTA, MALALAYANG, KOTA MANADO, SULAWESI UTARA",5,173,8,181
https://kawalpemilu.org#67221,"BATU KOTA, MALALAYANG, KOTA MANADO, SULAWESI UTARA",6,230,28,258
https://kawalpemilu.org#67221,"BATU KOTA, MALALAYANG, KOTA MANADO, SULAWESI UTARA",7,225,8,233
https://kawalpemilu.org#67221,"BATU KOTA, MALALAYANG, KOTA MANADO, SULAWESI UTARA",8,228,18,246
https://kawalpemilu.org#67221,"BATU KOTA, MALALAYANG, KOTA MANADO, SULAWESI UTARA",9,220,38,258
https://kawalpemilu.org#67221,"BATU KOTA, MALALAYANG, KOTA MANADO, SULAWESI UTARA",10,199,12,211
https://kawalpemilu.org#67221,"BATU KOTA, MALALAYANG, KOTA MANADO, SULAWESI UTARA",11,197,11,208
https://kawalpemilu.org#67222,"MALALAYANG SATU TIMUR, MALALAYANG, KOTA MANADO, SULAWESI UTARA",1,212,10,222
https://kawalpemilu.org#67222,"MALALAYANG SATU TIMUR, MALALAYANG, KOTA MANADO, SULAWESI UTARA",2,223,9,232
https://kawalpemilu.org#67222,"MALALAYANG SATU TIMUR, MALALAYANG, KOTA MANADO, SULAWESI UTARA",3,186,10,196
https://kawalpemilu.org#67222,"MALALAYANG SATU TIMUR, MALALAYANG, KOTA MANADO, SULAWESI UTARA",4,193,15,208
https://kawalpemilu.org#67222,"MALALAYANG SATU TIMUR, MALALAYANG, KOTA MANADO, SULAWESI UTARA",5,227,25,252
https://kawalpemilu.org#67222,"MALALAYANG SATU TIMUR, MALALAYANG, KOTA MANADO, SULAWESI UTARA",6,220,25,245
https://kawalpemilu.org#67222,"MALALAYANG SATU TIMUR, MALALAYANG, KOTA MANADO, SULAWESI UTARA",7,237,27,264
https://kawalpemilu.org#67222,"MALALAYANG SATU TIMUR, MALALAYANG, KOTA MANADO, SULAWESI UTARA",8,221,25,246
https://kawalpemilu.org#67222,"MALALAYANG SATU TIMUR, MALALAYANG, KOTA MANADO, SULAWESI UTARA",9,164,15,179
https://kawalpemilu.org#67222,"MALALAYANG SATU TIMUR, MALALAYANG, KOTA MANADO, SULAWESI UTARA",11,107,25,132
https://kawalpemilu.org#67222,"MALALAYANG SATU TIMUR, MALALAYANG, KOTA MANADO, SULAWESI UTARA",12,189,25,214
https://kawalpemilu.org#67222,"MALALAYANG SATU TIMUR, MALALAYANG, KOTA MANADO, SULAWESI UTARA",13,120,15,135
https://kawalpemilu.org#67222,"MALALAYANG SATU TIMUR, MALALAYANG, KOTA MANADO, SULAWESI UTARA",15,174,25,199
https://kawalpemilu.org#67222,"MALALAYANG SATU TIMUR, MALALAYANG, KOTA MANADO, SULAWESI UTARA",18,189,25,214
https://kawalpemilu.org#67222,"MALALAYANG SATU TIMUR, MALALAYANG, KOTA MANADO, SULAWESI UTARA",19,204,16,220
https://kawalpemilu.org#67222,"MALALAYANG SATU TIMUR, MALALAYANG, KOTA MANADO, SULAWESI UTARA",20,174,11,185
https://kawalpemilu.org#67222,"MALALAYANG SATU TIMUR, MALALAYANG, KOTA MANADO, SULAWESI UTARA",22,230,24,254
https://kawalpemilu.org#67223,"MALALAYANG SATU BARAT, MALALAYANG, KOTA MANADO, SULAWESI UTARA",1,125,15,140
https://kawalpemilu.org#67223,"MALALAYANG SATU BARAT, MALALAYANG, KOTA MANADO, SULAWESI UTARA",2,158,9,167
https://kawalpemilu.org#67223,"MALALAYANG SATU BARAT, MALALAYANG, KOTA MANADO, SULAWESI UTARA",3,182,13,195
https://kawalpemilu.org#67223,"MALALAYANG SATU BARAT, MALALAYANG, KOTA MANADO, SULAWESI UTARA",4,165,14,179
https://kawalpemilu.org#67223,"MALALAYANG SATU BARAT, MALALAYANG, KOTA MANADO, SULAWESI UTARA",5,153,26,179
https://kawalpemilu.org#67223,"MALALAYANG SATU BARAT, MALALAYANG, KOTA MANADO, SULAWESI UTARA",6,108,118,226
https://kawalpemilu.org#67223,"MALALAYANG SATU BARAT, MALALAYANG, KOTA MANADO, SULAWESI UTARA",7,58,159,217
https://kawalpemilu.org#67223,"MALALAYANG SATU BARAT, MALALAYANG, KOTA MANADO, SULAWESI UTARA",8,226,15,241
https://kawalpemilu.org#67223,"MALALAYANG SATU BARAT, MALALAYANG, KOTA MANADO, SULAWESI UTARA",9,125,11,136
https://kawalpemilu.org#67223,"MALALAYANG SATU BARAT, MALALAYANG, KOTA MANADO, SULAWESI UTARA",10,139,28,167
https://kawalpemilu.org#67223,"MALALAYANG SATU BARAT, MALALAYANG, KOTA MANADO, SULAWESI UTARA",11,124,32,156
https://kawalpemilu.org#67223,"MALALAYANG SATU BARAT, MALALAYANG, KOTA MANADO, SULAWESI UTARA",12,127,52,179
https://kawalpemilu.org#67223,"MALALAYANG SATU BARAT, MALALAYANG, KOTA MANADO, SULAWESI UTARA",13,163,16,179
https://kawalpemilu.org#67223,"MALALAYANG SATU BARAT, MALALAYANG, KOTA MANADO, SULAWESI UTARA",14,171,14,185
https://kawalpemilu.org#67223,"MALALAYANG SATU BARAT, MALALAYANG, KOTA MANADO, SULAWESI UTARA",15,178,14,192
https://kawalpemilu.org#67223,"MALALAYANG SATU BARAT, MALALAYANG, KOTA MANADO, SULAWESI UTARA",16,165,21,186
https://kawalpemilu.org#67223,"MALALAYANG SATU BARAT, MALALAYANG, KOTA MANADO, SULAWESI UTARA",17,158,26,184
https://kawalpemilu.org#67223,"MALALAYANG SATU BARAT, MALALAYANG, KOTA MANADO, SULAWESI UTARA",18,142,6,148
https://kawalpemilu.org#67223,"MALALAYANG SATU BARAT, MALALAYANG, KOTA MANADO, SULAWESI UTARA",19,142,5,147
https://kawalpemilu.org#67223,"MALALAYANG SATU BARAT, MALALAYANG, KOTA MANADO, SULAWESI UTARA",20,153,57,210
https://kawalpemilu.org#67223,"MALALAYANG SATU BARAT, MALALAYANG, KOTA MANADO, SULAWESI UTARA",21,144,10,154
https://kawalpemilu.org#67224,"MALALAYANG DUA, MALALAYANG, KOTA MANADO, SULAWESI UTARA",1,210,44,255
https://kawalpemilu.org#67224,"MALALAYANG DUA, MALALAYANG, KOTA MANADO, SULAWESI UTARA",2,125,28,153
https://kawalpemilu.org#67224,"MALALAYANG DUA, MALALAYANG, KOTA MANADO, SULAWESI UTARA",4,107,19,126
https://kawalpemilu.org#67224,"MALALAYANG DUA, MALALAYANG, KOTA MANADO, SULAWESI UTARA",5,96,17,113
https://kawalpemilu.org#67224,"MALALAYANG DUA, MALALAYANG, KOTA MANADO, SULAWESI UTARA",6,195,19,214
https://kawalpemilu.org#67224,"MALALAYANG DUA, MALALAYANG, KOTA MANADO, SULAWESI UTARA",7,191,18,209
https://kawalpemilu.org#67224,"MALALAYANG DUA, MALALAYANG, KOTA MANADO, SULAWESI UTARA",8,139,4,143
https://kawalpemilu.org#67224,"MALALAYANG DUA, MALALAYANG, KOTA MANADO, SULAWESI UTARA",9,193,19,212
https://kawalpemilu.org#67224,"MALALAYANG DUA, MALALAYANG, KOTA MANADO, SULAWESI UTARA",10,214,18,232
https://kawalpemilu.org#67224,"MALALAYANG DUA, MALALAYANG, KOTA MANADO, SULAWESI UTARA",11,154,17,171
https://kawalpemilu.org#67224,"MALALAYANG DUA, MALALAYANG, KOTA MANADO, SULAWESI UTARA",12,118,31,149
https://kawalpemilu.org#67224,"MALALAYANG DUA, MALALAYANG, KOTA MANADO, SULAWESI UTARA",13,83,52,135
https://kawalpemilu.org#67224,"MALALAYANG DUA, MALALAYANG, KOTA MANADO, SULAWESI UTARA",14,71,50,121
https://kawalpemilu.org#67224,"MALALAYANG DUA, MALALAYANG, KOTA MANADO, SULAWESI UTARA",15,103,63,166
https://kawalpemilu.org#67224,"MALALAYANG DUA, MALALAYANG, KOTA MANADO, SULAWESI UTARA",16,79,43,122
https://kawalpemilu.org#67224,"MALALAYANG DUA, MALALAYANG, KOTA MANADO, SULAWESI UTARA",17,75,25,100
https://kawalpemilu.org#67224,"MALALAYANG DUA, MALALAYANG, KOTA MANADO, SULAWESI UTARA",18,114,14,128
https://kawalpemilu.org#67224,"MALALAYANG DUA, MALALAYANG, KOTA MANADO, SULAWESI UTARA",19,142,5,147
https://kawalpemilu.org#67224,"MALALAYANG DUA, MALALAYANG, KOTA MANADO, SULAWESI UTARA",20,155,17,172
https://kawalpemilu.org#67224,"MALALAYANG DUA, MALALAYANG, KOTA MANADO, SULAWESI UTARA",22,176,14,190
https://kawalpemilu.org#67224,"MALALAYANG DUA, MALALAYANG, KOTA MANADO, SULAWESI UTARA",23,189,13,202
https://kawalpemilu.org#67224,"MALALAYANG DUA, MALALAYANG, KOTA MANADO, SULAWESI UTARA",24,185,13,198
https://kawalpemilu.org#67224,"MALALAYANG DUA, MALALAYANG, KOTA MANADO, SULAWESI UTARA",25,163,8,171
https://kawalpemilu.org#67224,"MALALAYANG DUA, MALALAYANG, KOTA MANADO, SULAWESI UTARA",26,164,14,179
https://kawalpemilu.org#67224,"MALALAYANG DUA, MALALAYANG, KOTA MANADO, SULAWESI UTARA",27,122,7,129
https://kawalpemilu.org#67224,"MALALAYANG DUA, MALALAYANG, KOTA MANADO, SULAWESI UTARA",28,125,15,140
https://kawalpemilu.org#67224,"MALALAYANG DUA, MALALAYANG, KOTA MANADO, SULAWESI UTARA",30,131,45,176
https://kawalpemilu.org#67224,"MALALAYANG DUA, MALALAYANG, KOTA MANADO, SULAWESI UTARA",31,140,57,197
https://kawalpemilu.org#67224,"MALALAYANG DUA, MALALAYANG, KOTA MANADO, SULAWESI UTARA",32,90,32,122
https://kawalpemilu.org#67224,"MALALAYANG DUA, MALALAYANG, KOTA MANADO, SULAWESI UTARA",33,167,12,179
https://kawalpemilu.org#67224,"MALALAYANG DUA, MALALAYANG, KOTA MANADO, SULAWESI UTARA",34,117,17,134
https://kawalpemilu.org#67224,"MALALAYANG DUA, MALALAYANG, KOTA MANADO, SULAWESI UTARA",35,165,9,174
https://kawalpemilu.org#67224,"MALALAYANG DUA, MALALAYANG, KOTA MANADO, SULAWESI UTARA",36,135,9,144
https://kawalpemilu.org#67224,"MALALAYANG DUA, MALALAYANG, KOTA MANADO, SULAWESI UTARA",37,90,17,107
https://kawalpemilu.org#67224,"MALALAYANG DUA, MALALAYANG, KOTA MANADO, SULAWESI UTARA",38,74,7,81
https://kawalpemilu.org#67225,"WINANGUN SATU, MALALAYANG, KOTA MANADO, SULAWESI UTARA",1,176,7,183
https://kawalpemilu.org#67225,"WINANGUN SATU, MALALAYANG, KOTA MANADO, SULAWESI UTARA",2,175,14,189
https://kawalpemilu.org#67225,"WINANGUN SATU, MALALAYANG, KOTA MANADO, SULAWESI UTARA",3,183,19,202
https://kawalpemilu.org#67225,"WINANGUN SATU, MALALAYANG, KOTA MANADO, SULAWESI UTARA",4,166,12,178
https://kawalpemilu.org#67225,"WINANGUN SATU, MALALAYANG, KOTA MANADO, SULAWESI UTARA",5,201,9,210
https://kawalpemilu.org#67225,"WINANGUN SATU, MALALAYANG, KOTA MANADO, SULAWESI UTARA",6,176,30,206
https://kawalpemilu.org#67225,"WINANGUN SATU, MALALAYANG, KOTA MANADO, SULAWESI UTARA",7,159,30,189
https://kawalpemilu.org#67225,"WINANGUN SATU, MALALAYANG, KOTA MANADO, SULAWESI UTARA",8,189,27,216
https://kawalpemilu.org#67225,"WINANGUN SATU, MALALAYANG, KOTA MANADO, SULAWESI UTARA",9,159,14,173
https://kawalpemilu.org#67225,"WINANGUN SATU, MALALAYANG, KOTA MANADO, SULAWESI UTARA",10,115,11,126
https://kawalpemilu.org#67225,"WINANGUN SATU, MALALAYANG, KOTA MANADO, SULAWESI UTARA",11,111,6,117
https://kawalpemilu.org#67225,"WINANGUN SATU, MALALAYANG, KOTA MANADO, SULAWESI UTARA",12,120,11,131
https://kawalpemilu.org#67225,"WINANGUN SATU, MALALAYANG, KOTA MANADO, SULAWESI UTARA",13,92,2,94
https://kawalpemilu.org#67225,"WINANGUN SATU, MALALAYANG, KOTA MANADO, SULAWESI UTARA",14,138,11,149
https://kawalpemilu.org#67225,"WINANGUN SATU, MALALAYANG, KOTA MANADO, SULAWESI UTARA",15,121,10,131
https://kawalpemilu.org#67225,"WINANGUN SATU, MALALAYANG, KOTA MANADO, SULAWESI UTARA",16,135,22,157
https://kawalpemilu.org#67225,"WINANGUN SATU, MALALAYANG, KOTA MANADO, SULAWESI UTARA",17,135,26,161
https://kawalpemilu.org#67225,"WINANGUN SATU, MALALAYANG, KOTA MANADO, SULAWESI UTARA",18,193,33,226
https://kawalpemilu.org#67225,"WINANGUN SATU, MALALAYANG, KOTA MANADO, SULAWESI UTARA",19,171,27,198
https://kawalpemilu.org#67225,"WINANGUN SATU, MALALAYANG, KOTA MANADO, SULAWESI UTARA",20,154,19,173
https://kawalpemilu.org#67225,"WINANGUN SATU, MALALAYANG, KOTA MANADO, SULAWESI UTARA",21,177,27,204
https://kawalpemilu.org#67225,"WINANGUN SATU, MALALAYANG, KOTA MANADO, SULAWESI UTARA",22,186,21,207
https://kawalpemilu.org#67225,"WINANGUN SATU, MALALAYANG, KOTA MANADO, SULAWESI UTARA",23,173,27,200
https://kawalpemilu.org#67225,"WINANGUN SATU, MALALAYANG, KOTA MANADO, SULAWESI UTARA",24,171,22,193
https://kawalpemilu.org#67225,"WINANGUN SATU, MALALAYANG, KOTA MANADO, SULAWESI UTARA",25,191,19,210
https://kawalpemilu.org#67225,"WINANGUN SATU, MALALAYANG, KOTA MANADO, SULAWESI UTARA",26,177,17,194
https://kawalpemilu.org#67225,"WINANGUN SATU, MALALAYANG, KOTA MANADO, SULAWESI UTARA",27,117,18,135
https://kawalpemilu.org#67226,"WINANGUN DUA, MALALAYANG, KOTA MANADO, SULAWESI UTARA",1,236,33,269
https://kawalpemilu.org#67226,"WINANGUN DUA, MALALAYANG, KOTA MANADO, SULAWESI UTARA",2,211,27,238
https://kawalpemilu.org#67226,"WINANGUN DUA, MALALAYANG, KOTA MANADO, SULAWESI UTARA",3,237,24,261
https://kawalpemilu.org#67226,"WINANGUN DUA, MALALAYANG, KOTA MANADO, SULAWESI UTARA",5,248,11,259
https://kawalpemilu.org#67226,"WINANGUN DUA, MALALAYANG, KOTA MANADO, SULAWESI UTARA",6,238,30,268
https://kawalpemilu.org#67226,"WINANGUN DUA, MALALAYANG, KOTA MANADO, SULAWESI UTARA",7,224,19,243
https://kawalpemilu.org#67226,"WINANGUN DUA, MALALAYANG, KOTA MANADO, SULAWESI UTARA",8,206,17,223
https://kawalpemilu.org#67133,"MANADO TUA SATU, BUNAKEN KEPULAUAN, KOTA MANADO, SULAWESI UTARA",1,157,6,163
https://kawalpemilu.org#67133,"MANADO TUA SATU, BUNAKEN KEPULAUAN, KOTA MANADO, SULAWESI UTARA",2,162,3,165
https://kawalpemilu.org#67133,"MANADO TUA SATU, BUNAKEN KEPULAUAN, KOTA MANADO, SULAWESI UTARA",3,166,10,176
https://kawalpemilu.org#67133,"MANADO TUA SATU, BUNAKEN KEPULAUAN, KOTA MANADO, SULAWESI UTARA",4,216,4,220
https://kawalpemilu.org#67133,"MANADO TUA SATU, BUNAKEN KEPULAUAN, KOTA MANADO, SULAWESI UTARA",5,131,1,132
https://kawalpemilu.org#67134,"MANADO TUA DUA, BUNAKEN KEPULAUAN, KOTA MANADO, SULAWESI UTARA",1,210,17,227
https://kawalpemilu.org#67134,"MANADO TUA DUA, BUNAKEN KEPULAUAN, KOTA MANADO, SULAWESI UTARA",2,196,0,196
https://kawalpemilu.org#67134,"MANADO TUA DUA, BUNAKEN KEPULAUAN, KOTA MANADO, SULAWESI UTARA",3,136,1,137
https://kawalpemilu.org#67134,"MANADO TUA DUA, BUNAKEN KEPULAUAN, KOTA MANADO, SULAWESI UTARA",4,159,14,173
https://kawalpemilu.org#67135,"ALUNG BANUA, BUNAKEN KEPULAUAN, KOTA MANADO, SULAWESI UTARA",1,177,4,181
https://kawalpemilu.org#67135,"ALUNG BANUA, BUNAKEN KEPULAUAN, KOTA MANADO, SULAWESI UTARA",2,139,14,153
https://kawalpemilu.org#67135,"ALUNG BANUA, BUNAKEN KEPULAUAN, KOTA MANADO, SULAWESI UTARA",3,175,13,188
https://kawalpemilu.org#67136,"BUNAKEN, BUNAKEN KEPULAUAN, KOTA MANADO, SULAWESI UTARA",1,248,3,251
https://kawalpemilu.org#67136,"BUNAKEN, BUNAKEN KEPULAUAN, KOTA MANADO, SULAWESI UTARA",2,264,4,267
https://kawalpemilu.org#67136,"BUNAKEN, BUNAKEN KEPULAUAN, KOTA MANADO, SULAWESI UTARA",3,203,3,206
https://kawalpemilu.org#67136,"BUNAKEN, BUNAKEN KEPULAUAN, KOTA MANADO, SULAWESI UTARA",4,221,10,231
https://kawalpemilu.org#67136,"BUNAKEN, BUNAKEN KEPULAUAN, KOTA MANADO, SULAWESI UTARA",5,51,153,204
https://kawalpemilu.org#67136,"BUNAKEN, BUNAKEN KEPULAUAN, KOTA MANADO, SULAWESI UTARA",6,63,215,278
https://kawalpemilu.org#67136,"BUNAKEN, BUNAKEN KEPULAUAN, KOTA MANADO, SULAWESI UTARA",7,143,5,148
https://kawalpemilu.org#67136,"BUNAKEN, BUNAKEN KEPULAUAN, KOTA MANADO, SULAWESI UTARA",8,237,3,240
https://kawalpemilu.org#67136,"BUNAKEN, BUNAKEN KEPULAUAN, KOTA MANADO, SULAWESI UTARA",9,142,1,143
https://kawalpemilu.org#67175,"DENDENGAN DALAM, PAAL DUA, KOTA MANADO, SULAWESI UTARA",1,174,63,237
https://kawalpemilu.org#67175,"DENDENGAN DALAM, PAAL DUA, KOTA MANADO, SULAWESI UTARA",2,144,71,221
https://kawalpemilu.org#67175,"DENDENGAN DALAM, PAAL DUA, KOTA MANADO, SULAWESI UTARA",3,147,62,209
https://kawalpemilu.org#67175,"DENDENGAN DALAM, PAAL DUA, KOTA MANADO, SULAWESI UTARA",4,124,117,241
https://kawalpemilu.org#67175,"DENDENGAN DALAM, PAAL DUA, KOTA MANADO, SULAWESI UTARA",5,101,98,199
https://kawalpemilu.org#67175,"DENDENGAN DALAM, PAAL DUA, KOTA MANADO, SULAWESI UTARA",6,86,137,223
https://kawalpemilu.org#67175,"DENDENGAN DALAM, PAAL DUA, KOTA MANADO, SULAWESI UTARA",7,80,124,204
https://kawalpemilu.org#67175,"DENDENGAN DALAM, PAAL DUA, KOTA MANADO, SULAWESI UTARA",8,184,32,216
https://kawalpemilu.org#67175,"DENDENGAN DALAM, PAAL DUA, KOTA MANADO, SULAWESI UTARA",9,182,43,225
https://kawalpemilu.org#67175,"DENDENGAN DALAM, PAAL DUA, KOTA MANADO, SULAWESI UTARA",10,140,32,172
https://kawalpemilu.org#67175,"DENDENGAN DALAM, PAAL DUA, KOTA MANADO, SULAWESI UTARA",11,193,14,207
https://kawalpemilu.org#67175,"DENDENGAN DALAM, PAAL DUA, KOTA MANADO, SULAWESI UTARA",12,204,11,215
https://kawalpemilu.org#67175,"DENDENGAN DALAM, PAAL DUA, KOTA MANADO, SULAWESI UTARA",13,239,12,251
https://kawalpemilu.org#67175,"DENDENGAN DALAM, PAAL DUA, KOTA MANADO, SULAWESI UTARA",14,196,13,209
https://kawalpemilu.org#67175,"DENDENGAN DALAM, PAAL DUA, KOTA MANADO, SULAWESI UTARA",15,149,9,158
https://kawalpemilu.org#67175,"DENDENGAN DALAM, PAAL DUA, KOTA MANADO, SULAWESI UTARA",16,204,20,224
https://kawalpemilu.org#67175,"DENDENGAN DALAM, PAAL DUA, KOTA MANADO, SULAWESI UTARA",17,169,35,204
https://kawalpemilu.org#67175,"DENDENGAN DALAM, PAAL DUA, KOTA MANADO, SULAWESI UTARA",18,213,17,230
https://kawalpemilu.org#67175,"DENDENGAN DALAM, PAAL DUA, KOTA MANADO, SULAWESI UTARA",19,160,19,179
https://kawalpemilu.org#67175,"DENDENGAN DALAM, PAAL DUA, KOTA MANADO, SULAWESI UTARA",20,185,29,214
https://kawalpemilu.org#67175,"DENDENGAN DALAM, PAAL DUA, KOTA MANADO, SULAWESI UTARA",21,179,21,200
https://kawalpemilu.org#67176,"KAIRAGI WERU, PAAL DUA, KOTA MANADO, SULAWESI UTARA",1,189,8,197
https://kawalpemilu.org#67176,"KAIRAGI WERU, PAAL DUA, KOTA MANADO, SULAWESI UTARA",2,168,20,188
https://kawalpemilu.org#67176,"KAIRAGI WERU, PAAL DUA, KOTA MANADO, SULAWESI UTARA",3,156,26,182
https://kawalpemilu.org#67176,"KAIRAGI WERU, PAAL DUA, KOTA MANADO, SULAWESI UTARA",4,195,30,225
https://kawalpemilu.org#67176,"KAIRAGI WERU, PAAL DUA, KOTA MANADO, SULAWESI UTARA",5,136,38,174
https://kawalpemilu.org#67176,"KAIRAGI WERU, PAAL DUA, KOTA MANADO, SULAWESI UTARA",6,127,30,157
https://kawalpemilu.org#67176,"KAIRAGI WERU, PAAL DUA, KOTA MANADO, SULAWESI UTARA",7,185,29,214
https://kawalpemilu.org#67178,"PERKAMIL, PAAL DUA, KOTA MANADO, SULAWESI UTARA",1,128,46,174
https://kawalpemilu.org#67178,"PERKAMIL, PAAL DUA, KOTA MANADO, SULAWESI UTARA",2,145,34,179
https://kawalpemilu.org#67178,"PERKAMIL, PAAL DUA, KOTA MANADO, SULAWESI UTARA",3,141,17,158
https://kawalpemilu.org#67178,"PERKAMIL, PAAL DUA, KOTA MANADO, SULAWESI UTARA",4,94,20,114
https://kawalpemilu.org#67178,"PERKAMIL, PAAL DUA, KOTA MANADO, SULAWESI UTARA",5,64,11,75
https://kawalpemilu.org#67178,"PERKAMIL, PAAL DUA, KOTA MANADO, SULAWESI UTARA",6,131,45,176
https://kawalpemilu.org#67178,"PERKAMIL, PAAL DUA, KOTA MANADO, SULAWESI UTARA",7,116,23,139
https://kawalpemilu.org#67178,"PERKAMIL, PAAL DUA, KOTA MANADO, SULAWESI UTARA",8,115,30,0
https://kawalpemilu.org#67178,"PERKAMIL, PAAL DUA, KOTA MANADO, SULAWESI UTARA",9,88,27,115
https://kawalpemilu.org#67178,"PERKAMIL, PAAL DUA, KOTA MANADO, SULAWESI UTARA",10,139,27,166
https://kawalpemilu.org#67178,"PERKAMIL, PAAL DUA, KOTA MANADO, SULAWESI UTARA",11,164,23,187
https://kawalpemilu.org#67178,"PERKAMIL, PAAL DUA, KOTA MANADO, SULAWESI UTARA",12,100,15,115
https://kawalpemilu.org#67178,"PERKAMIL, PAAL DUA, KOTA MANADO, SULAWESI UTARA",13,164,36,200
https://kawalpemilu.org#67178,"PERKAMIL, PAAL DUA, KOTA MANADO, SULAWESI UTARA",14,132,7,139
https://kawalpemilu.org#67178,"PERKAMIL, PAAL DUA, KOTA MANADO, SULAWESI UTARA",15,56,12,68
https://kawalpemilu.org#67178,"PERKAMIL, PAAL DUA, KOTA MANADO, SULAWESI UTARA",16,156,21,177
https://kawalpemilu.org#67178,"PERKAMIL, PAAL DUA, KOTA MANADO, SULAWESI UTARA",17,152,14,166
https://kawalpemilu.org#67178,"PERKAMIL, PAAL DUA, KOTA MANADO, SULAWESI UTARA",18,122,36,158
https://kawalpemilu.org#67178,"PERKAMIL, PAAL DUA, KOTA MANADO, SULAWESI UTARA",19,89,20,109
https://kawalpemilu.org#67178,"PERKAMIL, PAAL DUA, KOTA MANADO, SULAWESI UTARA",20,157,20,177
https://kawalpemilu.org#67178,"PERKAMIL, PAAL DUA, KOTA MANADO, SULAWESI UTARA",21,123,33,156
https://kawalpemilu.org#67178,"PERKAMIL, PAAL DUA, KOTA MANADO, SULAWESI UTARA",22,154,20,174
https://kawalpemilu.org#67178,"PERKAMIL, PAAL DUA, KOTA MANADO, SULAWESI UTARA",23,161,13,174
https://kawalpemilu.org#67178,"PERKAMIL, PAAL DUA, KOTA MANADO, SULAWESI UTARA",24,107,17,124
https://kawalpemilu.org#67178,"PERKAMIL, PAAL DUA, KOTA MANADO, SULAWESI UTARA",25,77,16,93
https://kawalpemilu.org#67178,"PERKAMIL, PAAL DUA, KOTA MANADO, SULAWESI UTARA",26,146,25,171
https://kawalpemilu.org#67178,"PERKAMIL, PAAL DUA, KOTA MANADO, SULAWESI UTARA",27,154,14,168
https://kawalpemilu.org#67178,"PERKAMIL, PAAL DUA, KOTA MANADO, SULAWESI UTARA",28,112,12,124
https://kawalpemilu.org#67179,"MALENDENG, PAAL DUA, KOTA MANADO, SULAWESI UTARA",1,178,73,251
https://kawalpemilu.org#67179,"MALENDENG, PAAL DUA, KOTA MANADO, SULAWESI UTARA",2,200,39,239
https://kawalpemilu.org#67179,"MALENDENG, PAAL DUA, KOTA MANADO, SULAWESI UTARA",3,164,95,259
https://kawalpemilu.org#67179,"MALENDENG, PAAL DUA, KOTA MANADO, SULAWESI UTARA",4,158,74,232
https://kawalpemilu.org#67179,"MALENDENG, PAAL DUA, KOTA MANADO, SULAWESI UTARA",5,156,88,244
https://kawalpemilu.org#67179,"MALENDENG, PAAL DUA, KOTA MANADO, SULAWESI UTARA",6,153,94,247
https://kawalpemilu.org#67179,"MALENDENG, PAAL DUA, KOTA MANADO, SULAWESI UTARA",7,169,72,241
https://kawalpemilu.org#67179,"MALENDENG, PAAL DUA, KOTA MANADO, SULAWESI UTARA",8,119,119,238
https://kawalpemilu.org#67179,"MALENDENG, PAAL DUA, KOTA MANADO, SULAWESI UTARA",9,87,140,227
https://kawalpemilu.org#67179,"MALENDENG, PAAL DUA, KOTA MANADO, SULAWESI UTARA",10,127,111,238
https://kawalpemilu.org#67179,"MALENDENG, PAAL DUA, KOTA MANADO, SULAWESI UTARA",11,162,48,210
https://kawalpemilu.org#67179,"MALENDENG, PAAL DUA, KOTA MANADO, SULAWESI UTARA",12,161,52,213
https://kawalpemilu.org#67179,"MALENDENG, PAAL DUA, KOTA MANADO, SULAWESI UTARA",13,140,56,196
https://kawalpemilu.org#67179,"MALENDENG, PAAL DUA, KOTA MANADO, SULAWESI UTARA",14,162,28,190
https://kawalpemilu.org#67179,"MALENDENG, PAAL DUA, KOTA MANADO, SULAWESI UTARA",15,184,24,208
https://kawalpemilu.org#67179,"MALENDENG, PAAL DUA, KOTA MANADO, SULAWESI UTARA",16,185,28,213
https://kawalpemilu.org#67179,"MALENDENG, PAAL DUA, KOTA MANADO, SULAWESI UTARA",17,128,35,163
https://kawalpemilu.org#67179,"MALENDENG, PAAL DUA, KOTA MANADO, SULAWESI UTARA",18,128,81,209
https://kawalpemilu.org#67179,"MALENDENG, PAAL DUA, KOTA MANADO, SULAWESI UTARA",19,143,66,209
https://kawalpemilu.org#67179,"MALENDENG, PAAL DUA, KOTA MANADO, SULAWESI UTARA",20,123,79,202
https://kawalpemilu.org#67179,"MALENDENG, PAAL DUA, KOTA MANADO, SULAWESI UTARA",21,93,41,134
https://kawalpemilu.org#67181,"DENDENGAN LUAR, PAAL DUA, KOTA MANADO, SULAWESI UTARA",1,171,14,185
https://kawalpemilu.org#67181,"DENDENGAN LUAR, PAAL DUA, KOTA MANADO, SULAWESI UTARA",2,159,9,168
https://kawalpemilu.org#67181,"DENDENGAN LUAR, PAAL DUA, KOTA MANADO, SULAWESI UTARA",3,185,11,196
https://kawalpemilu.org#67181,"DENDENGAN LUAR, PAAL DUA, KOTA MANADO, SULAWESI UTARA",4,171,1,172
https://kawalpemilu.org#67181,"DENDENGAN LUAR, PAAL DUA, KOTA MANADO, SULAWESI UTARA",5,169,6,175
https://kawalpemilu.org#67181,"DENDENGAN LUAR, PAAL DUA, KOTA MANADO, SULAWESI UTARA",6,164,19,183
https://kawalpemilu.org#67181,"DENDENGAN LUAR, PAAL DUA, KOTA MANADO, SULAWESI UTARA",7,176,14,190
https://kawalpemilu.org#67181,"DENDENGAN LUAR, PAAL DUA, KOTA MANADO, SULAWESI UTARA",8,134,21,155
https://kawalpemilu.org#67181,"DENDENGAN LUAR, PAAL DUA, KOTA MANADO, SULAWESI UTARA",9,152,34,186
https://kawalpemilu.org#67181,"DENDENGAN LUAR, PAAL DUA, KOTA MANADO, SULAWESI UTARA",10,133,65,198
https://kawalpemilu.org#67181,"DENDENGAN LUAR, PAAL DUA, KOTA MANADO, SULAWESI UTARA",11,157,10,167
https://kawalpemilu.org#85623,"RANOMUUT, PAAL DUA, KOTA MANADO, SULAWESI UTARA",1,204,22,226
https://kawalpemilu.org#85623,"RANOMUUT, PAAL DUA, KOTA MANADO, SULAWESI UTARA",2,159,13,172
https://kawalpemilu.org#85623,"RANOMUUT, PAAL DUA, KOTA MANADO, SULAWESI UTARA",3,208,18,226
https://kawalpemilu.org#85623,"RANOMUUT, PAAL DUA, KOTA MANADO, SULAWESI UTARA",4,184,17,201
https://kawalpemilu.org#85623,"RANOMUUT, PAAL DUA, KOTA MANADO, SULAWESI UTARA",5,145,17,162
https://kawalpemilu.org#85623,"RANOMUUT, PAAL DUA, KOTA MANADO, SULAWESI UTARA",6,198,33,231
https://kawalpemilu.org#85623,"RANOMUUT, PAAL DUA, KOTA MANADO, SULAWESI UTARA",7,152,22,174
https://kawalpemilu.org#85623,"RANOMUUT, PAAL DUA, KOTA MANADO, SULAWESI UTARA",8,101,10,111
https://kawalpemilu.org#85623,"RANOMUUT, PAAL DUA, KOTA MANADO, SULAWESI UTARA",9,151,12,163
https://kawalpemilu.org#85623,"RANOMUUT, PAAL DUA, KOTA MANADO, SULAWESI UTARA",10,139,13,152
https://kawalpemilu.org#85623,"RANOMUUT, PAAL DUA, KOTA MANADO, SULAWESI UTARA",11,93,10,103
https://kawalpemilu.org#85623,"RANOMUUT, PAAL DUA, KOTA MANADO, SULAWESI UTARA",12,173,15,188
https://kawalpemilu.org#85623,"RANOMUUT, PAAL DUA, KOTA MANADO, SULAWESI UTARA",13,180,9,189
https://kawalpemilu.org#85623,"RANOMUUT, PAAL DUA, KOTA MANADO, SULAWESI UTARA",14,131,5,136
https://kawalpemilu.org#85623,"RANOMUUT, PAAL DUA, KOTA MANADO, SULAWESI UTARA",15,161,8,161
https://kawalpemilu.org#85623,"RANOMUUT, PAAL DUA, KOTA MANADO, SULAWESI UTARA",16,187,11,198
https://kawalpemilu.org#85623,"RANOMUUT, PAAL DUA, KOTA MANADO, SULAWESI UTARA",17,149,5,154
https://kawalpemilu.org#85623,"RANOMUUT, PAAL DUA, KOTA MANADO, SULAWESI UTARA",18,182,24,206
https://kawalpemilu.org#85623,"RANOMUUT, PAAL DUA, KOTA MANADO, SULAWESI UTARA",19,176,13,189
https://kawalpemilu.org#85623,"RANOMUUT, PAAL DUA, KOTA MANADO, SULAWESI UTARA",20,173,8,181
https://kawalpemilu.org#85623,"RANOMUUT, PAAL DUA, KOTA MANADO, SULAWESI UTARA",21,197,12,209
https://kawalpemilu.org#85623,"RANOMUUT, PAAL DUA, KOTA MANADO, SULAWESI UTARA",22,134,10,144
https://kawalpemilu.org#85623,"RANOMUUT, PAAL DUA, KOTA MANADO, SULAWESI UTARA",23,163,13,176
https://kawalpemilu.org#85623,"RANOMUUT, PAAL DUA, KOTA MANADO, SULAWESI UTARA",24,186,14,200
https://kawalpemilu.org#85623,"RANOMUUT, PAAL DUA, KOTA MANADO, SULAWESI UTARA",25,106,17,123
https://kawalpemilu.org#85623,"RANOMUUT, PAAL DUA, KOTA MANADO, SULAWESI UTARA",26,104,2,106
https://kawalpemilu.org#85623,"RANOMUUT, PAAL DUA, KOTA MANADO, SULAWESI UTARA",27,48,8,0
https://kawalpemilu.org#88401,"PAAL DUA, PAAL DUA, KOTA MANADO, SULAWESI UTARA",1,215,18,233
https://kawalpemilu.org#88401,"PAAL DUA, PAAL DUA, KOTA MANADO, SULAWESI UTARA",2,155,12,167
https://kawalpemilu.org#88401,"PAAL DUA, PAAL DUA, KOTA MANADO, SULAWESI UTARA",3,116,7,123
https://kawalpemilu.org#88401,"PAAL DUA, PAAL DUA, KOTA MANADO, SULAWESI UTARA",4,132,13,145
https://kawalpemilu.org#88401,"PAAL DUA, PAAL DUA, KOTA MANADO, SULAWESI UTARA",5,137,14,151
https://kawalpemilu.org#88401,"PAAL DUA, PAAL DUA, KOTA MANADO, SULAWESI UTARA",6,128,9,137
https://kawalpemilu.org#88401,"PAAL DUA, PAAL DUA, KOTA MANADO, SULAWESI UTARA",7,121,7,128
https://kawalpemilu.org#88401,"PAAL DUA, PAAL DUA, KOTA MANADO, SULAWESI UTARA",8,136,47,183
https://kawalpemilu.org#88401,"PAAL DUA, PAAL DUA, KOTA MANADO, SULAWESI UTARA",9,131,35,166
https://kawalpemilu.org#88401,"PAAL DUA, PAAL DUA, KOTA MANADO, SULAWESI UTARA",10,150,38,188
https://kawalpemilu.org#88401,"PAAL DUA, PAAL DUA, KOTA MANADO, SULAWESI UTARA",11,129,18,147
https://kawalpemilu.org#88401,"PAAL DUA, PAAL DUA, KOTA MANADO, SULAWESI UTARA",12,153,24,177
https://kawalpemilu.org#88401,"PAAL DUA, PAAL DUA, KOTA MANADO, SULAWESI UTARA",13,133,27,160
https://kawalpemilu.org#88401,"PAAL DUA, PAAL DUA, KOTA MANADO, SULAWESI UTARA",14,161,16,177
https://kawalpemilu.org#88401,"PAAL DUA, PAAL DUA, KOTA MANADO, SULAWESI UTARA",15,135,12,147
https://kawalpemilu.org#88401,"PAAL DUA, PAAL DUA, KOTA MANADO, SULAWESI UTARA",16,172,13,185
https://kawalpemilu.org#88401,"PAAL DUA, PAAL DUA, KOTA MANADO, SULAWESI UTARA",17,193,8,201
https://kawalpemilu.org#88401,"PAAL DUA, PAAL DUA, KOTA MANADO, SULAWESI UTARA",18,190,27,217
https://kawalpemilu.org#88401,"PAAL DUA, PAAL DUA, KOTA MANADO, SULAWESI UTARA",19,152,32,184
https://kawalpemilu.org#88401,"PAAL DUA, PAAL DUA, KOTA MANADO, SULAWESI UTARA",20,169,22,191
https://kawalpemilu.org#88401,"PAAL DUA, PAAL DUA, KOTA MANADO, SULAWESI UTARA",21,137,13,150
https://kawalpemilu.org#88401,"PAAL DUA, PAAL DUA, KOTA MANADO, SULAWESI UTARA",22,146,22,168
https://kawalpemilu.org#88401,"PAAL DUA, PAAL DUA, KOTA MANADO, SULAWESI UTARA",23,153,32,185
https://kawalpemilu.org#88401,"PAAL DUA, PAAL DUA, KOTA MANADO, SULAWESI UTARA",24,157,25,182
https://kawalpemilu.org#88401,"PAAL DUA, PAAL DUA, KOTA MANADO, SULAWESI UTARA",25,137,20,157
https://kawalpemilu.org#88401,"PAAL DUA, PAAL DUA, KOTA MANADO, SULAWESI UTARA",26,146,6,152
https://kawalpemilu.org#88401,"PAAL DUA, PAAL DUA, KOTA MANADO, SULAWESI UTARA",27,162,20,182
https://kawalpemilu.org#88401,"PAAL DUA, PAAL DUA, KOTA MANADO, SULAWESI UTARA",28,106,56,162
https://kawalpemilu.org#88401,"PAAL DUA, PAAL DUA, KOTA MANADO, SULAWESI UTARA",29,97,35,132
https://kawalpemilu.org#88401,"PAAL DUA, PAAL DUA, KOTA MANADO, SULAWESI UTARA",30,104,56,160
https://kawalpemilu.org#88401,"PAAL DUA, PAAL DUA, KOTA MANADO, SULAWESI UTARA",31,101,44,145
https://kawalpemilu.org#88401,"PAAL DUA, PAAL DUA, KOTA MANADO, SULAWESI UTARA",32,104,28,132
https://kawalpemilu.org#88401,"PAAL DUA, PAAL DUA, KOTA MANADO, SULAWESI UTARA",33,136,21,157
https://kawalpemilu.org#88401,"PAAL DUA, PAAL DUA, KOTA MANADO, SULAWESI UTARA",34,147,25,172
https://kawalpemilu.org#67229,"PASIR PANJANG, LEMBEH SELATAN, KOTA BITUNG, SULAWESI UTARA",1,115,15,130
https://kawalpemilu.org#67229,"PASIR PANJANG, LEMBEH SELATAN, KOTA BITUNG, SULAWESI UTARA",2,164,11,175
https://kawalpemilu.org#67230,"PAUDEAN, LEMBEH SELATAN, KOTA BITUNG, SULAWESI UTARA",1,140,63,203
https://kawalpemilu.org#67230,"PAUDEAN, LEMBEH SELATAN, KOTA BITUNG, SULAWESI UTARA",2,53,110,163
https://kawalpemilu.org#67230,"PAUDEAN, LEMBEH SELATAN, KOTA BITUNG, SULAWESI UTARA",3,44,144,188
https://kawalpemilu.org#67230,"PAUDEAN, LEMBEH SELATAN, KOTA BITUNG, SULAWESI UTARA",4,69,26,95
https://kawalpemilu.org#67231,"BATULUBANG, LEMBEH SELATAN, KOTA BITUNG, SULAWESI UTARA",1,94,69,163
https://kawalpemilu.org#67231,"BATULUBANG, LEMBEH SELATAN, KOTA BITUNG, SULAWESI UTARA",2,89,49,138
https://kawalpemilu.org#67231,"BATULUBANG, LEMBEH SELATAN, KOTA BITUNG, SULAWESI UTARA",3,101,61,162
https://kawalpemilu.org#67231,"BATULUBANG, LEMBEH SELATAN, KOTA BITUNG, SULAWESI UTARA",4,117,46,163
https://kawalpemilu.org#67231,"BATULUBANG, LEMBEH SELATAN, KOTA BITUNG, SULAWESI UTARA",5,108,28,136
https://kawalpemilu.org#67231,"BATULUBANG, LEMBEH SELATAN, KOTA BITUNG, SULAWESI UTARA",6,135,4,139
https://kawalpemilu.org#67231,"BATULUBANG, LEMBEH SELATAN, KOTA BITUNG, SULAWESI UTARA",7,156,3,159
https://kawalpemilu.org#67231,"BATULUBANG, LEMBEH SELATAN, KOTA BITUNG, SULAWESI UTARA",8,144,3,147
https://kawalpemilu.org#67231,"BATULUBANG, LEMBEH SELATAN, KOTA BITUNG, SULAWESI UTARA",9,140,4,144
https://kawalpemilu.org#67231,"BATULUBANG, LEMBEH SELATAN, KOTA BITUNG, SULAWESI UTARA",10,164,5,169
https://kawalpemilu.org#67231,"BATULUBANG, LEMBEH SELATAN, KOTA BITUNG, SULAWESI UTARA",11,144,5,149
https://kawalpemilu.org#67232,"PAPUSUNGAN, LEMBEH SELATAN, KOTA BITUNG, SULAWESI UTARA",1,107,60,167
https://kawalpemilu.org#67232,"PAPUSUNGAN, LEMBEH SELATAN, KOTA BITUNG, SULAWESI UTARA",4,118,12,130
https://kawalpemilu.org#67232,"PAPUSUNGAN, LEMBEH SELATAN, KOTA BITUNG, SULAWESI UTARA",5,119,6,125
https://kawalpemilu.org#67232,"PAPUSUNGAN, LEMBEH SELATAN, KOTA BITUNG, SULAWESI UTARA",6,129,14,143
https://kawalpemilu.org#67232,"PAPUSUNGAN, LEMBEH SELATAN, KOTA BITUNG, SULAWESI UTARA",7,117,21,138
https://kawalpemilu.org#67232,"PAPUSUNGAN, LEMBEH SELATAN, KOTA BITUNG, SULAWESI UTARA",8,109,6,115
https://kawalpemilu.org#67232,"PAPUSUNGAN, LEMBEH SELATAN, KOTA BITUNG, SULAWESI UTARA",9,130,4,134
https://kawalpemilu.org#67232,"PAPUSUNGAN, LEMBEH SELATAN, KOTA BITUNG, SULAWESI UTARA",10,140,5,145
https://kawalpemilu.org#67232,"PAPUSUNGAN, LEMBEH SELATAN, KOTA BITUNG, SULAWESI UTARA",11,140,13,153
https://kawalpemilu.org#67232,"PAPUSUNGAN, LEMBEH SELATAN, KOTA BITUNG, SULAWESI UTARA",12,143,20,163
https://kawalpemilu.org#67232,"PAPUSUNGAN, LEMBEH SELATAN, KOTA BITUNG, SULAWESI UTARA",13,112,4,116
https://kawalpemilu.org#67232,"PAPUSUNGAN, LEMBEH SELATAN, KOTA BITUNG, SULAWESI UTARA",14,155,3,158
https://kawalpemilu.org#67233,"PANCURAN, LEMBEH SELATAN, KOTA BITUNG, SULAWESI UTARA",1,178,10,188
https://kawalpemilu.org#67233,"PANCURAN, LEMBEH SELATAN, KOTA BITUNG, SULAWESI UTARA",2,97,9,106
https://kawalpemilu.org#67233,"PANCURAN, LEMBEH SELATAN, KOTA BITUNG, SULAWESI UTARA",3,99,17,116
https://kawalpemilu.org#67234,"DORBOLAANG, LEMBEH SELATAN, KOTA BITUNG, SULAWESI UTARA",1,194,12,206
https://kawalpemilu.org#67234,"DORBOLAANG, LEMBEH SELATAN, KOTA BITUNG, SULAWESI UTARA",2,138,10,148
https://kawalpemilu.org#67234,"DORBOLAANG, LEMBEH SELATAN, KOTA BITUNG, SULAWESI UTARA",3,155,9,164
https://kawalpemilu.org#67234,"DORBOLAANG, LEMBEH SELATAN, KOTA BITUNG, SULAWESI UTARA",4,168,37,205
https://kawalpemilu.org#67235,"KELAPA DUA, LEMBEH SELATAN, KOTA BITUNG, SULAWESI UTARA",1,171,7,178
https://kawalpemilu.org#67235,"KELAPA DUA, LEMBEH SELATAN, KOTA BITUNG, SULAWESI UTARA",2,170,3,173
https://kawalpemilu.org#67237,"WANGURER BARAT, MADIDIR, KOTA BITUNG, SULAWESI UTARA",1,155,17,172
https://kawalpemilu.org#67237,"WANGURER BARAT, MADIDIR, KOTA BITUNG, SULAWESI UTARA",2,137,21,158
https://kawalpemilu.org#67237,"WANGURER BARAT, MADIDIR, KOTA BITUNG, SULAWESI UTARA",3,102,29,131
https://kawalpemilu.org#67237,"WANGURER BARAT, MADIDIR, KOTA BITUNG, SULAWESI UTARA",4,134,22,156
https://kawalpemilu.org#67237,"WANGURER BARAT, MADIDIR, KOTA BITUNG, SULAWESI UTARA",5,91,31,122
https://kawalpemilu.org#67237,"WANGURER BARAT, MADIDIR, KOTA BITUNG, SULAWESI UTARA",6,128,37,165
https://kawalpemilu.org#67237,"WANGURER BARAT, MADIDIR, KOTA BITUNG, SULAWESI UTARA",7,153,19,172
https://kawalpemilu.org#67237,"WANGURER BARAT, MADIDIR, KOTA BITUNG, SULAWESI UTARA",8,159,43,202
https://kawalpemilu.org#67237,"WANGURER BARAT, MADIDIR, KOTA BITUNG, SULAWESI UTARA",9,150,16,166
https://kawalpemilu.org#67237,"WANGURER BARAT, MADIDIR, KOTA BITUNG, SULAWESI UTARA",10,157,16,173
https://kawalpemilu.org#67237,"WANGURER BARAT, MADIDIR, KOTA BITUNG, SULAWESI UTARA",11,173,28,201
https://kawalpemilu.org#67237,"WANGURER BARAT, MADIDIR, KOTA BITUNG, SULAWESI UTARA",12,132,28,160
https://kawalpemilu.org#67237,"WANGURER BARAT, MADIDIR, KOTA BITUNG, SULAWESI UTARA",13,148,33,181
https://kawalpemilu.org#67237,"WANGURER BARAT, MADIDIR, KOTA BITUNG, SULAWESI UTARA",14,134,30,164
https://kawalpemilu.org#67237,"WANGURER BARAT, MADIDIR, KOTA BITUNG, SULAWESI UTARA",15,140,59,199
https://kawalpemilu.org#67237,"WANGURER BARAT, MADIDIR, KOTA BITUNG, SULAWESI UTARA",16,129,49,178
https://kawalpemilu.org#67237,"WANGURER BARAT, MADIDIR, KOTA BITUNG, SULAWESI UTARA",17,128,61,189
https://kawalpemilu.org#67237,"WANGURER BARAT, MADIDIR, KOTA BITUNG, SULAWESI UTARA",18,120,69,189
https://kawalpemilu.org#67237,"WANGURER BARAT, MADIDIR, KOTA BITUNG, SULAWESI UTARA",19,108,32,140
https://kawalpemilu.org#67237,"WANGURER BARAT, MADIDIR, KOTA BITUNG, SULAWESI UTARA",20,153,43,196
https://kawalpemilu.org#67237,"WANGURER BARAT, MADIDIR, KOTA BITUNG, SULAWESI UTARA",21,155,34,189
https://kawalpemilu.org#67237,"WANGURER BARAT, MADIDIR, KOTA BITUNG, SULAWESI UTARA",22,135,39,174
https://kawalpemilu.org#67238,"PACEDA, MADIDIR, KOTA BITUNG, SULAWESI UTARA",1,169,12,181
https://kawalpemilu.org#67238,"PACEDA, MADIDIR, KOTA BITUNG, SULAWESI UTARA",2,130,2,132
https://kawalpemilu.org#67238,"PACEDA, MADIDIR, KOTA BITUNG, SULAWESI UTARA",3,138,15,153
https://kawalpemilu.org#67238,"PACEDA, MADIDIR, KOTA BITUNG, SULAWESI UTARA",4,152,11,163
https://kawalpemilu.org#67238,"PACEDA, MADIDIR, KOTA BITUNG, SULAWESI UTARA",5,210,3,213
https://kawalpemilu.org#67238,"PACEDA, MADIDIR, KOTA BITUNG, SULAWESI UTARA",6,248,10,258
https://kawalpemilu.org#67238,"PACEDA, MADIDIR, KOTA BITUNG, SULAWESI UTARA",7,155,3,158
https://kawalpemilu.org#67238,"PACEDA, MADIDIR, KOTA BITUNG, SULAWESI UTARA",8,138,28,166
https://kawalpemilu.org#67238,"PACEDA, MADIDIR, KOTA BITUNG, SULAWESI UTARA",9,179,14,193
https://kawalpemilu.org#67238,"PACEDA, MADIDIR, KOTA BITUNG, SULAWESI UTARA",10,154,50,204
https://kawalpemilu.org#67238,"PACEDA, MADIDIR, KOTA BITUNG, SULAWESI UTARA",11,172,16,188
https://kawalpemilu.org#67238,"PACEDA, MADIDIR, KOTA BITUNG, SULAWESI UTARA",12,146,6,152
https://kawalpemilu.org#67238,"PACEDA, MADIDIR, KOTA BITUNG, SULAWESI UTARA",13,183,9,192
https://kawalpemilu.org#67238,"PACEDA, MADIDIR, KOTA BITUNG, SULAWESI UTARA",14,166,6,172
https://kawalpemilu.org#67238,"PACEDA, MADIDIR, KOTA BITUNG, SULAWESI UTARA",15,170,11,181
https://kawalpemilu.org#67238,"PACEDA, MADIDIR, KOTA BITUNG, SULAWESI UTARA",16,213,10,223
https://kawalpemilu.org#67238,"PACEDA, MADIDIR, KOTA BITUNG, SULAWESI UTARA",17,145,10,155
https://kawalpemilu.org#67239,"MADIDIR URE, MADIDIR, KOTA BITUNG, SULAWESI UTARA",1,175,10,185
https://kawalpemilu.org#67239,"MADIDIR URE, MADIDIR, KOTA BITUNG, SULAWESI UTARA",2,172,25,197
https://kawalpemilu.org#67239,"MADIDIR URE, MADIDIR, KOTA BITUNG, SULAWESI UTARA",3,154,18,172
https://kawalpemilu.org#67239,"MADIDIR URE, MADIDIR, KOTA BITUNG, SULAWESI UTARA",4,151,8,159
https://kawalpemilu.org#67239,"MADIDIR URE, MADIDIR, KOTA BITUNG, SULAWESI UTARA",5,157,15,172
https://kawalpemilu.org#67239,"MADIDIR URE, MADIDIR, KOTA BITUNG, SULAWESI UTARA",6,134,11,145
https://kawalpemilu.org#67239,"MADIDIR URE, MADIDIR, KOTA BITUNG, SULAWESI UTARA",7,146,14,160
https://kawalpemilu.org#67239,"MADIDIR URE, MADIDIR, KOTA BITUNG, SULAWESI UTARA",8,179,9,188
https://kawalpemilu.org#67239,"MADIDIR URE, MADIDIR, KOTA BITUNG, SULAWESI UTARA",9,163,6,169
https://kawalpemilu.org#67239,"MADIDIR URE, MADIDIR, KOTA BITUNG, SULAWESI UTARA",10,180,2,182
https://kawalpemilu.org#67239,"MADIDIR URE, MADIDIR, KOTA BITUNG, SULAWESI UTARA",11,172,11,183
https://kawalpemilu.org#67239,"MADIDIR URE, MADIDIR, KOTA BITUNG, SULAWESI UTARA",12,143,8,151
https://kawalpemilu.org#67239,"MADIDIR URE, MADIDIR, KOTA BITUNG, SULAWESI UTARA",13,136,12,148
https://kawalpemilu.org#67240,"KADOODAN, MADIDIR, KOTA BITUNG, SULAWESI UTARA",1,133,12,145
https://kawalpemilu.org#67240,"KADOODAN, MADIDIR, KOTA BITUNG, SULAWESI UTARA",2,155,21,176
https://kawalpemilu.org#67240,"KADOODAN, MADIDIR, KOTA BITUNG, SULAWESI UTARA",3,134,16,150
https://kawalpemilu.org#67240,"KADOODAN, MADIDIR, KOTA BITUNG, SULAWESI UTARA",4,154,17,171
https://kawalpemilu.org#67240,"KADOODAN, MADIDIR, KOTA BITUNG, SULAWESI UTARA",5,124,70,194
https://kawalpemilu.org#67240,"KADOODAN, MADIDIR, KOTA BITUNG, SULAWESI UTARA",6,151,34,185
https://kawalpemilu.org#67240,"KADOODAN, MADIDIR, KOTA BITUNG, SULAWESI UTARA",7,109,20,129
https://kawalpemilu.org#67240,"KADOODAN, MADIDIR, KOTA BITUNG, SULAWESI UTARA",8,111,1,112
https://kawalpemilu.org#67240,"KADOODAN, MADIDIR, KOTA BITUNG, SULAWESI UTARA",9,159,15,174
https://kawalpemilu.org#67240,"KADOODAN, MADIDIR, KOTA BITUNG, SULAWESI UTARA",10,154,15,169
https://kawalpemilu.org#67240,"KADOODAN, MADIDIR, KOTA BITUNG, SULAWESI UTARA",11,211,15,226
https://kawalpemilu.org#67240,"KADOODAN, MADIDIR, KOTA BITUNG, SULAWESI UTARA",12,172,5,177
https://kawalpemilu.org#67241,"MADIDIR WERU, MADIDIR, KOTA BITUNG, SULAWESI UTARA",1,160,11,171
https://kawalpemilu.org#67241,"MADIDIR WERU, MADIDIR, KOTA BITUNG, SULAWESI UTARA",2,178,20,198
https://kawalpemilu.org#67241,"MADIDIR WERU, MADIDIR, KOTA BITUNG, SULAWESI UTARA",3,147,20,167
https://kawalpemilu.org#67241,"MADIDIR WERU, MADIDIR, KOTA BITUNG, SULAWESI UTARA",4,140,31,171
https://kawalpemilu.org#67241,"MADIDIR WERU, MADIDIR, KOTA BITUNG, SULAWESI UTARA",5,159,14,173
https://kawalpemilu.org#67241,"MADIDIR WERU, MADIDIR, KOTA BITUNG, SULAWESI UTARA",6,155,20,175
https://kawalpemilu.org#67241,"MADIDIR WERU, MADIDIR, KOTA BITUNG, SULAWESI UTARA",7,100,11,111
https://kawalpemilu.org#67241,"MADIDIR WERU, MADIDIR, KOTA BITUNG, SULAWESI UTARA",8,140,14,154
https://kawalpemilu.org#67241,"MADIDIR WERU, MADIDIR, KOTA BITUNG, SULAWESI UTARA",9,136,8,144
https://kawalpemilu.org#67242,"MADIDIR UNET, MADIDIR, KOTA BITUNG, SULAWESI UTARA",1,170,12,182
https://kawalpemilu.org#67242,"MADIDIR UNET, MADIDIR, KOTA BITUNG, SULAWESI UTARA",2,169,11,180
https://kawalpemilu.org#67242,"MADIDIR UNET, MADIDIR, KOTA BITUNG, SULAWESI UTARA",3,170,10,180
https://kawalpemilu.org#67242,"MADIDIR UNET, MADIDIR, KOTA BITUNG, SULAWESI UTARA",4,147,14,161
https://kawalpemilu.org#67242,"MADIDIR UNET, MADIDIR, KOTA BITUNG, SULAWESI UTARA",5,194,13,207
https://kawalpemilu.org#67242,"MADIDIR UNET, MADIDIR, KOTA BITUNG, SULAWESI UTARA",6,133,11,144
https://kawalpemilu.org#67242,"MADIDIR UNET, MADIDIR, KOTA BITUNG, SULAWESI UTARA",7,141,25,166
https://kawalpemilu.org#67242,"MADIDIR UNET, MADIDIR, KOTA BITUNG, SULAWESI UTARA",8,118,11,129
https://kawalpemilu.org#67242,"MADIDIR UNET, MADIDIR, KOTA BITUNG, SULAWESI UTARA",9,175,16,191
https://kawalpemilu.org#67242,"MADIDIR UNET, MADIDIR, KOTA BITUNG, SULAWESI UTARA",10,147,22,169
https://kawalpemilu.org#67242,"MADIDIR UNET, MADIDIR, KOTA BITUNG, SULAWESI UTARA",11,116,38,154
https://kawalpemilu.org#67242,"MADIDIR UNET, MADIDIR, KOTA BITUNG, SULAWESI UTARA",12,167,47,214
https://kawalpemilu.org#67242,"MADIDIR UNET, MADIDIR, KOTA BITUNG, SULAWESI UTARA",13,144,31,175
https://kawalpemilu.org#67242,"MADIDIR UNET, MADIDIR, KOTA BITUNG, SULAWESI UTARA",14,167,21,188
https://kawalpemilu.org#67242,"MADIDIR UNET, MADIDIR, KOTA BITUNG, SULAWESI UTARA",15,170,25,195
https://kawalpemilu.org#67242,"MADIDIR UNET, MADIDIR, KOTA BITUNG, SULAWESI UTARA",16,160,4,164
https://kawalpemilu.org#67242,"MADIDIR UNET, MADIDIR, KOTA BITUNG, SULAWESI UTARA",17,186,13,199
https://kawalpemilu.org#67243,"WANGURER TIMUR, MADIDIR, KOTA BITUNG, SULAWESI UTARA",1,114,28,142
https://kawalpemilu.org#67243,"WANGURER TIMUR, MADIDIR, KOTA BITUNG, SULAWESI UTARA",2,97,59,156
https://kawalpemilu.org#67243,"WANGURER TIMUR, MADIDIR, KOTA BITUNG, SULAWESI UTARA",3,133,22,155
https://kawalpemilu.org#67243,"WANGURER TIMUR, MADIDIR, KOTA BITUNG, SULAWESI UTARA",4,111,17,128
https://kawalpemilu.org#67243,"WANGURER TIMUR, MADIDIR, KOTA BITUNG, SULAWESI UTARA",5,149,14,163
https://kawalpemilu.org#67243,"WANGURER TIMUR, MADIDIR, KOTA BITUNG, SULAWESI UTARA",6,126,22,148
https://kawalpemilu.org#67243,"WANGURER TIMUR, MADIDIR, KOTA BITUNG, SULAWESI UTARA",7,147,30,177
https://kawalpemilu.org#67243,"WANGURER TIMUR, MADIDIR, KOTA BITUNG, SULAWESI UTARA",8,113,44,157
https://kawalpemilu.org#67243,"WANGURER TIMUR, MADIDIR, KOTA BITUNG, SULAWESI UTARA",9,129,32,161
https://kawalpemilu.org#67243,"WANGURER TIMUR, MADIDIR, KOTA BITUNG, SULAWESI UTARA",10,183,10,193
https://kawalpemilu.org#67243,"WANGURER TIMUR, MADIDIR, KOTA BITUNG, SULAWESI UTARA",11,160,14,174
https://kawalpemilu.org#67243,"WANGURER TIMUR, MADIDIR, KOTA BITUNG, SULAWESI UTARA",12,150,7,157
https://kawalpemilu.org#67243,"WANGURER TIMUR, MADIDIR, KOTA BITUNG, SULAWESI UTARA",13,130,11,141
https://kawalpemilu.org#67243,"WANGURER TIMUR, MADIDIR, KOTA BITUNG, SULAWESI UTARA",14,125,13,138
https://kawalpemilu.org#67243,"WANGURER TIMUR, MADIDIR, KOTA BITUNG, SULAWESI UTARA",15,128,14,142
https://kawalpemilu.org#67243,"WANGURER TIMUR, MADIDIR, KOTA BITUNG, SULAWESI UTARA",16,187,93,226
https://kawalpemilu.org#67244,"WANGURER UTARA, MADIDIR, KOTA BITUNG, SULAWESI UTARA",1,180,14,194
https://kawalpemilu.org#67244,"WANGURER UTARA, MADIDIR, KOTA BITUNG, SULAWESI UTARA",2,142,29,171
https://kawalpemilu.org#67244,"WANGURER UTARA, MADIDIR, KOTA BITUNG, SULAWESI UTARA",3,229,9,238
https://kawalpemilu.org#67244,"WANGURER UTARA, MADIDIR, KOTA BITUNG, SULAWESI UTARA",4,141,6,147
https://kawalpemilu.org#67244,"WANGURER UTARA, MADIDIR, KOTA BITUNG, SULAWESI UTARA",5,152,67,219
https://kawalpemilu.org#67244,"WANGURER UTARA, MADIDIR, KOTA BITUNG, SULAWESI UTARA",6,136,83,219
https://kawalpemilu.org#67244,"WANGURER UTARA, MADIDIR, KOTA BITUNG, SULAWESI UTARA",7,121,67,188
https://kawalpemilu.org#67244,"WANGURER UTARA, MADIDIR, KOTA BITUNG, SULAWESI UTARA",8,122,48,170
https://kawalpemilu.org#67244,"WANGURER UTARA, MADIDIR, KOTA BITUNG, SULAWESI UTARA",9,126,9,135
https://kawalpemilu.org#67244,"WANGURER UTARA, MADIDIR, KOTA BITUNG, SULAWESI UTARA",10,123,17,140
https://kawalpemilu.org#67244,"WANGURER UTARA, MADIDIR, KOTA BITUNG, SULAWESI UTARA",11,177,8,185
https://kawalpemilu.org#67244,"WANGURER UTARA, MADIDIR, KOTA BITUNG, SULAWESI UTARA",12,192,4,196
https://kawalpemilu.org#67246,"KARONDORAN, RANOWULU, KOTA BITUNG, SULAWESI UTARA",1,122,130,252
https://kawalpemilu.org#67246,"KARONDORAN, RANOWULU, KOTA BITUNG, SULAWESI UTARA",2,157,28,185
https://kawalpemilu.org#67246,"KARONDORAN, RANOWULU, KOTA BITUNG, SULAWESI UTARA",3,180,25,205
https://kawalpemilu.org#67247,"KUMERSOT, RANOWULU, KOTA BITUNG, SULAWESI UTARA",1,203,18,221
https://kawalpemilu.org#67247,"KUMERSOT, RANOWULU, KOTA BITUNG, SULAWESI UTARA",2,176,26,202
https://kawalpemilu.org#67247,"KUMERSOT, RANOWULU, KOTA BITUNG, SULAWESI UTARA",3,182,29,211
https://kawalpemilu.org#67247,"KUMERSOT, RANOWULU, KOTA BITUNG, SULAWESI UTARA",4,107,13,120
https://kawalpemilu.org#67248,"PINOKALAN, RANOWULU, KOTA BITUNG, SULAWESI UTARA",1,130,19,149
https://kawalpemilu.org#67248,"PINOKALAN, RANOWULU, KOTA BITUNG, SULAWESI UTARA",2,163,28,191
https://kawalpemilu.org#67248,"PINOKALAN, RANOWULU, KOTA BITUNG, SULAWESI UTARA",3,141,22,163
https://kawalpemilu.org#67248,"PINOKALAN, RANOWULU, KOTA BITUNG, SULAWESI UTARA",4,113,25,138
https://kawalpemilu.org#67248,"PINOKALAN, RANOWULU, KOTA BITUNG, SULAWESI UTARA",5,144,35,179
https://kawalpemilu.org#67248,"PINOKALAN, RANOWULU, KOTA BITUNG, SULAWESI UTARA",6,144,18,162
https://kawalpemilu.org#67248,"PINOKALAN, RANOWULU, KOTA BITUNG, SULAWESI UTARA",7,141,14,155
https://kawalpemilu.org#67248,"PINOKALAN, RANOWULU, KOTA BITUNG, SULAWESI UTARA",8,97,15,112
https://kawalpemilu.org#67248,"PINOKALAN, RANOWULU, KOTA BITUNG, SULAWESI UTARA",9,160,25,185
https://kawalpemilu.org#67248,"PINOKALAN, RANOWULU, KOTA BITUNG, SULAWESI UTARA",10,109,16,125
https://kawalpemilu.org#67248,"PINOKALAN, RANOWULU, KOTA BITUNG, SULAWESI UTARA",11,177,12,191
https://kawalpemilu.org#67248,"PINOKALAN, RANOWULU, KOTA BITUNG, SULAWESI UTARA",12,147,13,160
https://kawalpemilu.org#67248,"PINOKALAN, RANOWULU, KOTA BITUNG, SULAWESI UTARA",13,210,17,227
https://kawalpemilu.org#67248,"PINOKALAN, RANOWULU, KOTA BITUNG, SULAWESI UTARA",14,146,18,164
https://kawalpemilu.org#67248,"PINOKALAN, RANOWULU, KOTA BITUNG, SULAWESI UTARA",15,189,19,208
https://kawalpemilu.org#67248,"PINOKALAN, RANOWULU, KOTA BITUNG, SULAWESI UTARA",16,141,18,159
https://kawalpemilu.org#67248,"PINOKALAN, RANOWULU, KOTA BITUNG, SULAWESI UTARA",17,122,46,168
https://kawalpemilu.org#67249,"TEWAAN, RANOWULU, KOTA BITUNG, SULAWESI UTARA",1,187,8,195
https://kawalpemilu.org#67249,"TEWAAN, RANOWULU, KOTA BITUNG, SULAWESI UTARA",2,99,11,110
https://kawalpemilu.org#67249,"TEWAAN, RANOWULU, KOTA BITUNG, SULAWESI UTARA",3,139,14,153
https://kawalpemilu.org#67249,"TEWAAN, RANOWULU, KOTA BITUNG, SULAWESI UTARA",5,189,66,255
https://kawalpemilu.org#67250,"DANOWUDU, RANOWULU, KOTA BITUNG, SULAWESI UTARA",1,198,12,210
https://kawalpemilu.org#67250,"DANOWUDU, RANOWULU, KOTA BITUNG, SULAWESI UTARA",2,216,18,234
https://kawalpemilu.org#67250,"DANOWUDU, RANOWULU, KOTA BITUNG, SULAWESI UTARA",3,170,26,196
https://kawalpemilu.org#67250,"DANOWUDU, RANOWULU, KOTA BITUNG, SULAWESI UTARA",4,181,15,196
https://kawalpemilu.org#67250,"DANOWUDU, RANOWULU, KOTA BITUNG, SULAWESI UTARA",5,207,10,217
https://kawalpemilu.org#67250,"DANOWUDU, RANOWULU, KOTA BITUNG, SULAWESI UTARA",6,209,30,239
https://kawalpemilu.org#67250,"DANOWUDU, RANOWULU, KOTA BITUNG, SULAWESI UTARA",7,186,23,209
https://kawalpemilu.org#67250,"DANOWUDU, RANOWULU, KOTA BITUNG, SULAWESI UTARA",8,188,29,217
https://kawalpemilu.org#67251,"DUASADARA, RANOWULU, KOTA BITUNG, SULAWESI UTARA",1,198,18,216
https://kawalpemilu.org#67251,"DUASADARA, RANOWULU, KOTA BITUNG, SULAWESI UTARA",2,227,7,234
https://kawalpemilu.org#67251,"DUASADARA, RANOWULU, KOTA BITUNG, SULAWESI UTARA",3,207,4,211
https://kawalpemilu.org#67252,"APELA  DUA, RANOWULU, KOTA BITUNG, SULAWESI UTARA",1,114,28,142
https://kawalpemilu.org#67252,"APELA  DUA, RANOWULU, KOTA BITUNG, SULAWESI UTARA",2,108,30,138
https://kawalpemilu.org#67252,"APELA  DUA, RANOWULU, KOTA BITUNG, SULAWESI UTARA",3,120,14,134
https://kawalpemilu.org#67253,"APELA SATU, RANOWULU, KOTA BITUNG, SULAWESI UTARA",1,100,5,105
https://kawalpemilu.org#67253,"APELA SATU, RANOWULU, KOTA BITUNG, SULAWESI UTARA",2,116,9,125
https://kawalpemilu.org#67254,"PINASUNGKULAN, RANOWULU, KOTA BITUNG, SULAWESI UTARA",1,141,23,164
https://kawalpemilu.org#67254,"PINASUNGKULAN, RANOWULU, KOTA BITUNG, SULAWESI UTARA",2,136,10,146
https://kawalpemilu.org#67254,"PINASUNGKULAN, RANOWULU, KOTA BITUNG, SULAWESI UTARA",3,200,3,203
https://kawalpemilu.org#67255,"BATUPUTIH ATAS, RANOWULU, KOTA BITUNG, SULAWESI UTARA",1,227,14,241
https://kawalpemilu.org#67255,"BATUPUTIH ATAS, RANOWULU, KOTA BITUNG, SULAWESI UTARA",2,208,36,244
https://kawalpemilu.org#67255,"BATUPUTIH ATAS, RANOWULU, KOTA BITUNG, SULAWESI UTARA",3,208,23,231
https://kawalpemilu.org#67255,"BATUPUTIH ATAS, RANOWULU, KOTA BITUNG, SULAWESI UTARA",4,243,12,255
https://kawalpemilu.org#67255,"BATUPUTIH ATAS, RANOWULU, KOTA BITUNG, SULAWESI UTARA",5,249,7,256
https://kawalpemilu.org#67255,"BATUPUTIH ATAS, RANOWULU, KOTA BITUNG, SULAWESI UTARA",6,246,8,254
https://kawalpemilu.org#67256,"BATUPUTIH  BAWAH, RANOWULU, KOTA BITUNG, SULAWESI UTARA",1,231,14,245
https://kawalpemilu.org#67256,"BATUPUTIH  BAWAH, RANOWULU, KOTA BITUNG, SULAWESI UTARA",2,241,8,249
https://kawalpemilu.org#67256,"BATUPUTIH  BAWAH, RANOWULU, KOTA BITUNG, SULAWESI UTARA",3,219,5,224
https://kawalpemilu.org#67256,"BATUPUTIH  BAWAH, RANOWULU, KOTA BITUNG, SULAWESI UTARA",4,223,4,227
https://kawalpemilu.org#67256,"BATUPUTIH  BAWAH, RANOWULU, KOTA BITUNG, SULAWESI UTARA",5,203,5,208
https://kawalpemilu.org#67256,"BATUPUTIH  BAWAH, RANOWULU, KOTA BITUNG, SULAWESI UTARA",6,155,5,160
https://kawalpemilu.org#67258,"PATETEN SATU, AERTEMBAGA, KOTA BITUNG, SULAWESI UTARA",1,146,65,211
https://kawalpemilu.org#67258,"PATETEN SATU, AERTEMBAGA, KOTA BITUNG, SULAWESI UTARA",2,128,31,159
https://kawalpemilu.org#67258,"PATETEN SATU, AERTEMBAGA, KOTA BITUNG, SULAWESI UTARA",3,97,74,171
https://kawalpemilu.org#67258,"PATETEN SATU, AERTEMBAGA, KOTA BITUNG, SULAWESI UTARA",4,121,76,197
https://kawalpemilu.org#67258,"PATETEN SATU, AERTEMBAGA, KOTA BITUNG, SULAWESI UTARA",5,148,93,241
https://kawalpemilu.org#67258,"PATETEN SATU, AERTEMBAGA, KOTA BITUNG, SULAWESI UTARA",6,145,94,239
https://kawalpemilu.org#67258,"PATETEN SATU, AERTEMBAGA, KOTA BITUNG, SULAWESI UTARA",7,115,54,169
https://kawalpemilu.org#67258,"PATETEN SATU, AERTEMBAGA, KOTA BITUNG, SULAWESI UTARA",8,94,84,175
https://kawalpemilu.org#67258,"PATETEN SATU, AERTEMBAGA, KOTA BITUNG, SULAWESI UTARA",9,123,64,187
https://kawalpemilu.org#67258,"PATETEN SATU, AERTEMBAGA, KOTA BITUNG, SULAWESI UTARA",10,151,75,226
https://kawalpemilu.org#67258,"PATETEN SATU, AERTEMBAGA, KOTA BITUNG, SULAWESI UTARA",11,123,85,208
https://kawalpemilu.org#67258,"PATETEN SATU, AERTEMBAGA, KOTA BITUNG, SULAWESI UTARA",12,129,51,180
https://kawalpemilu.org#67258,"PATETEN SATU, AERTEMBAGA, KOTA BITUNG, SULAWESI UTARA",13,93,128,221
https://kawalpemilu.org#67258,"PATETEN SATU, AERTEMBAGA, KOTA BITUNG, SULAWESI UTARA",14,135,60,195
https://kawalpemilu.org#67259,"WINENET SATU, AERTEMBAGA, KOTA BITUNG, SULAWESI UTARA",1,210,7,217
https://kawalpemilu.org#67259,"WINENET SATU, AERTEMBAGA, KOTA BITUNG, SULAWESI UTARA",2,173,23,196
https://kawalpemilu.org#67259,"WINENET SATU, AERTEMBAGA, KOTA BITUNG, SULAWESI UTARA",3,136,22,158
https://kawalpemilu.org#67259,"WINENET SATU, AERTEMBAGA, KOTA BITUNG, SULAWESI UTARA",4,192,38,230
https://kawalpemilu.org#67259,"WINENET SATU, AERTEMBAGA, KOTA BITUNG, SULAWESI UTARA",5,212,36,248
https://kawalpemilu.org#67259,"WINENET SATU, AERTEMBAGA, KOTA BITUNG, SULAWESI UTARA",6,188,38,226
https://kawalpemilu.org#67259,"WINENET SATU, AERTEMBAGA, KOTA BITUNG, SULAWESI UTARA",7,156,80,236
https://kawalpemilu.org#67259,"WINENET SATU, AERTEMBAGA, KOTA BITUNG, SULAWESI UTARA",8,187,42,229
https://kawalpemilu.org#67260,"AERTEMBAGA SATU, AERTEMBAGA, KOTA BITUNG, SULAWESI UTARA",1,115,21,136
https://kawalpemilu.org#67260,"AERTEMBAGA SATU, AERTEMBAGA, KOTA BITUNG, SULAWESI UTARA",2,184,17,201
https://kawalpemilu.org#67260,"AERTEMBAGA SATU, AERTEMBAGA, KOTA BITUNG, SULAWESI UTARA",3,145,5,150
https://kawalpemilu.org#67260,"AERTEMBAGA SATU, AERTEMBAGA, KOTA BITUNG, SULAWESI UTARA",4,132,18,150
https://kawalpemilu.org#67260,"AERTEMBAGA SATU, AERTEMBAGA, KOTA BITUNG, SULAWESI UTARA",5,128,23,151
https://kawalpemilu.org#67260,"AERTEMBAGA SATU, AERTEMBAGA, KOTA BITUNG, SULAWESI UTARA",6,186,10,196
https://kawalpemilu.org#67260,"AERTEMBAGA SATU, AERTEMBAGA, KOTA BITUNG, SULAWESI UTARA",7,186,22,208
https://kawalpemilu.org#67260,"AERTEMBAGA SATU, AERTEMBAGA, KOTA BITUNG, SULAWESI UTARA",8,166,8,174
https://kawalpemilu.org#67260,"AERTEMBAGA SATU, AERTEMBAGA, KOTA BITUNG, SULAWESI UTARA",9,160,10,170
https://kawalpemilu.org#67260,"AERTEMBAGA SATU, AERTEMBAGA, KOTA BITUNG, SULAWESI UTARA",10,178,9,187
https://kawalpemilu.org#67260,"AERTEMBAGA SATU, AERTEMBAGA, KOTA BITUNG, SULAWESI UTARA",11,100,2,102
https://kawalpemilu.org#67260,"AERTEMBAGA SATU, AERTEMBAGA, KOTA BITUNG, SULAWESI UTARA",12,130,4,134
https://kawalpemilu.org#67261,"TANDURUSA, AERTEMBAGA, KOTA BITUNG, SULAWESI UTARA",1,193,6,199
https://kawalpemilu.org#67261,"TANDURUSA, AERTEMBAGA, KOTA BITUNG, SULAWESI UTARA",2,140,9,149
https://kawalpemilu.org#67261,"TANDURUSA, AERTEMBAGA, KOTA BITUNG, SULAWESI UTARA",3,212,11,223
https://kawalpemilu.org#67261,"TANDURUSA, AERTEMBAGA, KOTA BITUNG, SULAWESI UTARA",4,149,17,166
https://kawalpemilu.org#67261,"TANDURUSA, AERTEMBAGA, KOTA BITUNG, SULAWESI UTARA",5,194,18,212
https://kawalpemilu.org#67261,"TANDURUSA, AERTEMBAGA, KOTA BITUNG, SULAWESI UTARA",6,220,23,243
https://kawalpemilu.org#67261,"TANDURUSA, AERTEMBAGA, KOTA BITUNG, SULAWESI UTARA",7,226,5,231
https://kawalpemilu.org#67261,"TANDURUSA, AERTEMBAGA, KOTA BITUNG, SULAWESI UTARA",8,194,7,201
https://kawalpemilu.org#67261,"TANDURUSA, AERTEMBAGA, KOTA BITUNG, SULAWESI UTARA",9,239,6,245
https://kawalpemilu.org#67261,"TANDURUSA, AERTEMBAGA, KOTA BITUNG, SULAWESI UTARA",10,179,14,193
https://kawalpemilu.org#67261,"TANDURUSA, AERTEMBAGA, KOTA BITUNG, SULAWESI UTARA",11,212,18,230
https://kawalpemilu.org#67261,"TANDURUSA, AERTEMBAGA, KOTA BITUNG, SULAWESI UTARA",12,164,11,175
https://kawalpemilu.org#67262,"MAKAWIDEY, AERTEMBAGA, KOTA BITUNG, SULAWESI UTARA",1,157,3,160
https://kawalpemilu.org#67262,"MAKAWIDEY, AERTEMBAGA, KOTA BITUNG, SULAWESI UTARA",2,143,4,147
https://kawalpemilu.org#67262,"MAKAWIDEY, AERTEMBAGA, KOTA BITUNG, SULAWESI UTARA",3,157,1,158
https://kawalpemilu.org#67262,"MAKAWIDEY, AERTEMBAGA, KOTA BITUNG, SULAWESI UTARA",4,159,0,159
https://kawalpemilu.org#67262,"MAKAWIDEY, AERTEMBAGA, KOTA BITUNG, SULAWESI UTARA",5,146,5,151
https://kawalpemilu.org#67262,"MAKAWIDEY, AERTEMBAGA, KOTA BITUNG, SULAWESI UTARA",6,170,2,172
https://kawalpemilu.org#67263,"PINANGUNIAN, AERTEMBAGA, KOTA BITUNG, SULAWESI UTARA",1,230,11,241
https://kawalpemilu.org#67263,"PINANGUNIAN, AERTEMBAGA, KOTA BITUNG, SULAWESI UTARA",2,112,11,123
https://kawalpemilu.org#67263,"PINANGUNIAN, AERTEMBAGA, KOTA BITUNG, SULAWESI UTARA",3,138,10,148
https://kawalpemilu.org#67263,"PINANGUNIAN, AERTEMBAGA, KOTA BITUNG, SULAWESI UTARA",4,141,13,154
https://kawalpemilu.org#67264,"PATETEN DUA, AERTEMBAGA, KOTA BITUNG, SULAWESI UTARA",1,167,62,229
https://kawalpemilu.org#67264,"PATETEN DUA, AERTEMBAGA, KOTA BITUNG, SULAWESI UTARA",3,170,51,221
https://kawalpemilu.org#67264,"PATETEN DUA, AERTEMBAGA, KOTA BITUNG, SULAWESI UTARA",4,86,36,122
https://kawalpemilu.org#67264,"PATETEN DUA, AERTEMBAGA, KOTA BITUNG, SULAWESI UTARA",5,117,34,151
https://kawalpemilu.org#67264,"PATETEN DUA, AERTEMBAGA, KOTA BITUNG, SULAWESI UTARA",6,142,44,186
https://kawalpemilu.org#67264,"PATETEN DUA, AERTEMBAGA, KOTA BITUNG, SULAWESI UTARA",7,151,45,196
https://kawalpemilu.org#67264,"PATETEN DUA, AERTEMBAGA, KOTA BITUNG, SULAWESI UTARA",8,67,41,108
https://kawalpemilu.org#67264,"PATETEN DUA, AERTEMBAGA, KOTA BITUNG, SULAWESI UTARA",10,173,28,201
https://kawalpemilu.org#67264,"PATETEN DUA, AERTEMBAGA, KOTA BITUNG, SULAWESI UTARA",11,179,24,203
https://kawalpemilu.org#67265,"WINENET DUA, AERTEMBAGA, KOTA BITUNG, SULAWESI UTARA",1,175,25,200
https://kawalpemilu.org#67265,"WINENET DUA, AERTEMBAGA, KOTA BITUNG, SULAWESI UTARA",2,127,15,142
https://kawalpemilu.org#67265,"WINENET DUA, AERTEMBAGA, KOTA BITUNG, SULAWESI UTARA",3,107,25,132
https://kawalpemilu.org#67265,"WINENET DUA, AERTEMBAGA, KOTA BITUNG, SULAWESI UTARA",4,151,26,177
https://kawalpemilu.org#67265,"WINENET DUA, AERTEMBAGA, KOTA BITUNG, SULAWESI UTARA",5,135,25,160
https://kawalpemilu.org#67265,"WINENET DUA, AERTEMBAGA, KOTA BITUNG, SULAWESI UTARA",6,165,12,177
https://kawalpemilu.org#67265,"WINENET DUA, AERTEMBAGA, KOTA BITUNG, SULAWESI UTARA",7,137,42,179
https://kawalpemilu.org#67265,"WINENET DUA, AERTEMBAGA, KOTA BITUNG, SULAWESI UTARA",8,140,16,156
https://kawalpemilu.org#67265,"WINENET DUA, AERTEMBAGA, KOTA BITUNG, SULAWESI UTARA",9,158,42,200
https://kawalpemilu.org#67265,"WINENET DUA, AERTEMBAGA, KOTA BITUNG, SULAWESI UTARA",10,166,30,196
https://kawalpemilu.org#67265,"WINENET DUA, AERTEMBAGA, KOTA BITUNG, SULAWESI UTARA",11,196,34,230
https://kawalpemilu.org#67266,"KASAWARI, AERTEMBAGA, KOTA BITUNG, SULAWESI UTARA",1,176,17,193
https://kawalpemilu.org#67266,"KASAWARI, AERTEMBAGA, KOTA BITUNG, SULAWESI UTARA",2,195,10,205
https://kawalpemilu.org#67266,"KASAWARI, AERTEMBAGA, KOTA BITUNG, SULAWESI UTARA",3,154,16,170
https://kawalpemilu.org#67266,"KASAWARI, AERTEMBAGA, KOTA BITUNG, SULAWESI UTARA",4,91,16,107
https://kawalpemilu.org#67267,"AERTEMBAGA DUA, AERTEMBAGA, KOTA BITUNG, SULAWESI UTARA",1,177,34,211
https://kawalpemilu.org#67267,"AERTEMBAGA DUA, AERTEMBAGA, KOTA BITUNG, SULAWESI UTARA",2,231,21,252
https://kawalpemilu.org#67267,"AERTEMBAGA DUA, AERTEMBAGA, KOTA BITUNG, SULAWESI UTARA",3,208,11,219
https://kawalpemilu.org#67267,"AERTEMBAGA DUA, AERTEMBAGA, KOTA BITUNG, SULAWESI UTARA",4,211,9,220
https://kawalpemilu.org#67267,"AERTEMBAGA DUA, AERTEMBAGA, KOTA BITUNG, SULAWESI UTARA",5,229,18,247
https://kawalpemilu.org#67267,"AERTEMBAGA DUA, AERTEMBAGA, KOTA BITUNG, SULAWESI UTARA",6,200,9,209
https://kawalpemilu.org#67267,"AERTEMBAGA DUA, AERTEMBAGA, KOTA BITUNG, SULAWESI UTARA",7,120,4,124
https://kawalpemilu.org#67267,"AERTEMBAGA DUA, AERTEMBAGA, KOTA BITUNG, SULAWESI UTARA",8,101,11,112
https://kawalpemilu.org#67267,"AERTEMBAGA DUA, AERTEMBAGA, KOTA BITUNG, SULAWESI UTARA",9,209,28,237
https://kawalpemilu.org#67267,"AERTEMBAGA DUA, AERTEMBAGA, KOTA BITUNG, SULAWESI UTARA",10,197,13,210
https://kawalpemilu.org#67267,"AERTEMBAGA DUA, AERTEMBAGA, KOTA BITUNG, SULAWESI UTARA",11,158,6,164
https://kawalpemilu.org#67269,"TANJUNG MERAH, MATUARI, KOTA BITUNG, SULAWESI UTARA",1,185,20,205
https://kawalpemilu.org#67269,"TANJUNG MERAH, MATUARI, KOTA BITUNG, SULAWESI UTARA",2,156,23,179
https://kawalpemilu.org#67269,"TANJUNG MERAH, MATUARI, KOTA BITUNG, SULAWESI UTARA",3,194,24,218
https://kawalpemilu.org#67269,"TANJUNG MERAH, MATUARI, KOTA BITUNG, SULAWESI UTARA",4,132,15,147
https://kawalpemilu.org#67269,"TANJUNG MERAH, MATUARI, KOTA BITUNG, SULAWESI UTARA",5,181,16,197
https://kawalpemilu.org#67270,"SAGERAT, MATUARI, KOTA BITUNG, SULAWESI UTARA",1,126,32,158
https://kawalpemilu.org#67270,"SAGERAT, MATUARI, KOTA BITUNG, SULAWESI UTARA",2,152,29,181
https://kawalpemilu.org#67270,"SAGERAT, MATUARI, KOTA BITUNG, SULAWESI UTARA",3,133,17,150
https://kawalpemilu.org#67270,"SAGERAT, MATUARI, KOTA BITUNG, SULAWESI UTARA",4,165,25,190
https://kawalpemilu.org#67270,"SAGERAT, MATUARI, KOTA BITUNG, SULAWESI UTARA",5,139,23,162
https://kawalpemilu.org#67270,"SAGERAT, MATUARI, KOTA BITUNG, SULAWESI UTARA",6,135,11,146
https://kawalpemilu.org#67270,"SAGERAT, MATUARI, KOTA BITUNG, SULAWESI UTARA",7,153,7,160
https://kawalpemilu.org#67270,"SAGERAT, MATUARI, KOTA BITUNG, SULAWESI UTARA",8,135,11,146
https://kawalpemilu.org#67270,"SAGERAT, MATUARI, KOTA BITUNG, SULAWESI UTARA",9,178,15,193
https://kawalpemilu.org#67270,"SAGERAT, MATUARI, KOTA BITUNG, SULAWESI UTARA",10,136,34,170
https://kawalpemilu.org#67271,"MANEMBO-NEMBO ATAS, MATUARI, KOTA BITUNG, SULAWESI UTARA",1,151,17,168
https://kawalpemilu.org#67271,"MANEMBO-NEMBO ATAS, MATUARI, KOTA BITUNG, SULAWESI UTARA",2,87,32,119
https://kawalpemilu.org#67271,"MANEMBO-NEMBO ATAS, MATUARI, KOTA BITUNG, SULAWESI UTARA",3,75,28,103
https://kawalpemilu.org#67271,"MANEMBO-NEMBO ATAS, MATUARI, KOTA BITUNG, SULAWESI UTARA",4,156,26,182
https://kawalpemilu.org#67271,"MANEMBO-NEMBO ATAS, MATUARI, KOTA BITUNG, SULAWESI UTARA",5,130,22,152
https://kawalpemilu.org#67271,"MANEMBO-NEMBO ATAS, MATUARI, KOTA BITUNG, SULAWESI UTARA",6,122,50,172
https://kawalpemilu.org#67271,"MANEMBO-NEMBO ATAS, MATUARI, KOTA BITUNG, SULAWESI UTARA",7,185,29,214
https://kawalpemilu.org#67271,"MANEMBO-NEMBO ATAS, MATUARI, KOTA BITUNG, SULAWESI UTARA",8,115,26,141
https://kawalpemilu.org#67271,"MANEMBO-NEMBO ATAS, MATUARI, KOTA BITUNG, SULAWESI UTARA",9,90,24,114
https://kawalpemilu.org#67271,"MANEMBO-NEMBO ATAS, MATUARI, KOTA BITUNG, SULAWESI UTARA",10,130,48,178
https://kawalpemilu.org#67271,"MANEMBO-NEMBO ATAS, MATUARI, KOTA BITUNG, SULAWESI UTARA",11,128,31,159
https://kawalpemilu.org#67271,"MANEMBO-NEMBO ATAS, MATUARI, KOTA BITUNG, SULAWESI UTARA",12,0,0,0
https://kawalpemilu.org#67271,"MANEMBO-NEMBO ATAS, MATUARI, KOTA BITUNG, SULAWESI UTARA",13,140,31,171
https://kawalpemilu.org#67271,"MANEMBO-NEMBO ATAS, MATUARI, KOTA BITUNG, SULAWESI UTARA",14,94,16,110
https://kawalpemilu.org#67271,"MANEMBO-NEMBO ATAS, MATUARI, KOTA BITUNG, SULAWESI UTARA",15,112,29,141
https://kawalpemilu.org#67271,"MANEMBO-NEMBO ATAS, MATUARI, KOTA BITUNG, SULAWESI UTARA",16,117,49,166
https://kawalpemilu.org#67271,"MANEMBO-NEMBO ATAS, MATUARI, KOTA BITUNG, SULAWESI UTARA",17,165,87,252
https://kawalpemilu.org#67271,"MANEMBO-NEMBO ATAS, MATUARI, KOTA BITUNG, SULAWESI UTARA",18,218,33,251
https://kawalpemilu.org#67271,"MANEMBO-NEMBO ATAS, MATUARI, KOTA BITUNG, SULAWESI UTARA",19,129,37,166
https://kawalpemilu.org#67271,"MANEMBO-NEMBO ATAS, MATUARI, KOTA BITUNG, SULAWESI UTARA",20,145,69,214
https://kawalpemilu.org#67271,"MANEMBO-NEMBO ATAS, MATUARI, KOTA BITUNG, SULAWESI UTARA",21,215,28,243
https://kawalpemilu.org#67271,"MANEMBO-NEMBO ATAS, MATUARI, KOTA BITUNG, SULAWESI UTARA",22,145,8,153
https://kawalpemilu.org#67271,"MANEMBO-NEMBO ATAS, MATUARI, KOTA BITUNG, SULAWESI UTARA",23,188,30,218
https://kawalpemilu.org#67271,"MANEMBO-NEMBO ATAS, MATUARI, KOTA BITUNG, SULAWESI UTARA",24,200,17,217
https://kawalpemilu.org#67271,"MANEMBO-NEMBO ATAS, MATUARI, KOTA BITUNG, SULAWESI UTARA",25,113,20,133
https://kawalpemilu.org#67271,"MANEMBO-NEMBO ATAS, MATUARI, KOTA BITUNG, SULAWESI UTARA",26,172,26,198
https://kawalpemilu.org#67271,"MANEMBO-NEMBO ATAS, MATUARI, KOTA BITUNG, SULAWESI UTARA",27,162,33,195
https://kawalpemilu.org#67271,"MANEMBO-NEMBO ATAS, MATUARI, KOTA BITUNG, SULAWESI UTARA",28,146,43,189
https://kawalpemilu.org#67271,"MANEMBO-NEMBO ATAS, MATUARI, KOTA BITUNG, SULAWESI UTARA",29,121,19,140
https://kawalpemilu.org#67271,"MANEMBO-NEMBO ATAS, MATUARI, KOTA BITUNG, SULAWESI UTARA",30,194,49,243
https://kawalpemilu.org#67271,"MANEMBO-NEMBO ATAS, MATUARI, KOTA BITUNG, SULAWESI UTARA",31,224,50,274
https://kawalpemilu.org#67271,"MANEMBO-NEMBO ATAS, MATUARI, KOTA BITUNG, SULAWESI UTARA",32,148,16,164
https://kawalpemilu.org#67271,"MANEMBO-NEMBO ATAS, MATUARI, KOTA BITUNG, SULAWESI UTARA",33,102,17,119
https://kawalpemilu.org#67271,"MANEMBO-NEMBO ATAS, MATUARI, KOTA BITUNG, SULAWESI UTARA",34,204,35,239
https://kawalpemilu.org#67271,"MANEMBO-NEMBO ATAS, MATUARI, KOTA BITUNG, SULAWESI UTARA",35,88,17,105
https://kawalpemilu.org#67271,"MANEMBO-NEMBO ATAS, MATUARI, KOTA BITUNG, SULAWESI UTARA",36,168,21,189
https://kawalpemilu.org#67272,"MANEMBO-NEMBO, MATUARI, KOTA BITUNG, SULAWESI UTARA",1,135,3,138
https://kawalpemilu.org#67272,"MANEMBO-NEMBO, MATUARI, KOTA BITUNG, SULAWESI UTARA",2,124,9,133
https://kawalpemilu.org#67272,"MANEMBO-NEMBO, MATUARI, KOTA BITUNG, SULAWESI UTARA",3,163,37,200
https://kawalpemilu.org#67272,"MANEMBO-NEMBO, MATUARI, KOTA BITUNG, SULAWESI UTARA",4,190,27,218
https://kawalpemilu.org#67272,"MANEMBO-NEMBO, MATUARI, KOTA BITUNG, SULAWESI UTARA",5,139,22,161
https://kawalpemilu.org#67272,"MANEMBO-NEMBO, MATUARI, KOTA BITUNG, SULAWESI UTARA",6,197,20,217
https://kawalpemilu.org#67272,"MANEMBO-NEMBO, MATUARI, KOTA BITUNG, SULAWESI UTARA",7,178,11,189
https://kawalpemilu.org#67272,"MANEMBO-NEMBO, MATUARI, KOTA BITUNG, SULAWESI UTARA",8,186,17,203
https://kawalpemilu.org#67272,"MANEMBO-NEMBO, MATUARI, KOTA BITUNG, SULAWESI UTARA",9,136,31,167
https://kawalpemilu.org#67272,"MANEMBO-NEMBO, MATUARI, KOTA BITUNG, SULAWESI UTARA",10,189,19,208
https://kawalpemilu.org#67272,"MANEMBO-NEMBO, MATUARI, KOTA BITUNG, SULAWESI UTARA",11,133,21,154
https://kawalpemilu.org#67272,"MANEMBO-NEMBO, MATUARI, KOTA BITUNG, SULAWESI UTARA",12,133,37,170
https://kawalpemilu.org#67272,"MANEMBO-NEMBO, MATUARI, KOTA BITUNG, SULAWESI UTARA",13,165,25,190
https://kawalpemilu.org#67272,"MANEMBO-NEMBO, MATUARI, KOTA BITUNG, SULAWESI UTARA",14,158,17,175
https://kawalpemilu.org#67272,"MANEMBO-NEMBO, MATUARI, KOTA BITUNG, SULAWESI UTARA",15,139,39,178
https://kawalpemilu.org#67272,"MANEMBO-NEMBO, MATUARI, KOTA BITUNG, SULAWESI UTARA",16,142,41,183
https://kawalpemilu.org#67273,"SAGERAT WERU SATU, MATUARI, KOTA BITUNG, SULAWESI UTARA",1,179,14,193
https://kawalpemilu.org#67273,"SAGERAT WERU SATU, MATUARI, KOTA BITUNG, SULAWESI UTARA",2,144,18,162
https://kawalpemilu.org#67273,"SAGERAT WERU SATU, MATUARI, KOTA BITUNG, SULAWESI UTARA",3,139,19,158
https://kawalpemilu.org#67273,"SAGERAT WERU SATU, MATUARI, KOTA BITUNG, SULAWESI UTARA",4,149,14,163
https://kawalpemilu.org#67273,"SAGERAT WERU SATU, MATUARI, KOTA BITUNG, SULAWESI UTARA",5,190,25,215
https://kawalpemilu.org#67273,"SAGERAT WERU SATU, MATUARI, KOTA BITUNG, SULAWESI UTARA",6,184,27,211
https://kawalpemilu.org#67273,"SAGERAT WERU SATU, MATUARI, KOTA BITUNG, SULAWESI UTARA",7,117,16,133
https://kawalpemilu.org#67273,"SAGERAT WERU SATU, MATUARI, KOTA BITUNG, SULAWESI UTARA",8,118,20,138
https://kawalpemilu.org#67274,"SAGERAT WERU DUA, MATUARI, KOTA BITUNG, SULAWESI UTARA",1,99,15,114
https://kawalpemilu.org#67274,"SAGERAT WERU DUA, MATUARI, KOTA BITUNG, SULAWESI UTARA",2,138,42,180
https://kawalpemilu.org#67274,"SAGERAT WERU DUA, MATUARI, KOTA BITUNG, SULAWESI UTARA",3,171,31,202
https://kawalpemilu.org#67274,"SAGERAT WERU DUA, MATUARI, KOTA BITUNG, SULAWESI UTARA",4,115,44,159
https://kawalpemilu.org#67274,"SAGERAT WERU DUA, MATUARI, KOTA BITUNG, SULAWESI UTARA",5,130,54,184
https://kawalpemilu.org#67274,"SAGERAT WERU DUA, MATUARI, KOTA BITUNG, SULAWESI UTARA",6,131,56,187
https://kawalpemilu.org#67274,"SAGERAT WERU DUA, MATUARI, KOTA BITUNG, SULAWESI UTARA",7,182,3,185
https://kawalpemilu.org#67274,"SAGERAT WERU DUA, MATUARI, KOTA BITUNG, SULAWESI UTARA",8,162,2,164
https://kawalpemilu.org#67274,"SAGERAT WERU DUA, MATUARI, KOTA BITUNG, SULAWESI UTARA",9,195,1,196
https://kawalpemilu.org#67275,"MANEMBO-NEMBO TENGAH, MATUARI, KOTA BITUNG, SULAWESI UTARA",1,127,11,138
https://kawalpemilu.org#67275,"MANEMBO-NEMBO TENGAH, MATUARI, KOTA BITUNG, SULAWESI UTARA",2,145,27,172
https://kawalpemilu.org#67275,"MANEMBO-NEMBO TENGAH, MATUARI, KOTA BITUNG, SULAWESI UTARA",3,112,15,127
https://kawalpemilu.org#67275,"MANEMBO-NEMBO TENGAH, MATUARI, KOTA BITUNG, SULAWESI UTARA",4,95,19,114
https://kawalpemilu.org#67275,"MANEMBO-NEMBO TENGAH, MATUARI, KOTA BITUNG, SULAWESI UTARA",5,129,27,156
https://kawalpemilu.org#67275,"MANEMBO-NEMBO TENGAH, MATUARI, KOTA BITUNG, SULAWESI UTARA",6,105,22,127
https://kawalpemilu.org#67275,"MANEMBO-NEMBO TENGAH, MATUARI, KOTA BITUNG, SULAWESI UTARA",7,133,27,160
https://kawalpemilu.org#67275,"MANEMBO-NEMBO TENGAH, MATUARI, KOTA BITUNG, SULAWESI UTARA",8,97,22,119
https://kawalpemilu.org#67275,"MANEMBO-NEMBO TENGAH, MATUARI, KOTA BITUNG, SULAWESI UTARA",9,116,16,132
https://kawalpemilu.org#67275,"MANEMBO-NEMBO TENGAH, MATUARI, KOTA BITUNG, SULAWESI UTARA",10,135,18,153
https://kawalpemilu.org#67275,"MANEMBO-NEMBO TENGAH, MATUARI, KOTA BITUNG, SULAWESI UTARA",11,125,29,154
https://kawalpemilu.org#67275,"MANEMBO-NEMBO TENGAH, MATUARI, KOTA BITUNG, SULAWESI UTARA",12,131,33,164
https://kawalpemilu.org#67275,"MANEMBO-NEMBO TENGAH, MATUARI, KOTA BITUNG, SULAWESI UTARA",13,134,38,172
https://kawalpemilu.org#67275,"MANEMBO-NEMBO TENGAH, MATUARI, KOTA BITUNG, SULAWESI UTARA",14,152,29,181
https://kawalpemilu.org#67275,"MANEMBO-NEMBO TENGAH, MATUARI, KOTA BITUNG, SULAWESI UTARA",15,115,13,128
https://kawalpemilu.org#67275,"MANEMBO-NEMBO TENGAH, MATUARI, KOTA BITUNG, SULAWESI UTARA",16,146,7,153
https://kawalpemilu.org#67275,"MANEMBO-NEMBO TENGAH, MATUARI, KOTA BITUNG, SULAWESI UTARA",17,182,24,206
https://kawalpemilu.org#67276,"TENDEKI, MATUARI, KOTA BITUNG, SULAWESI UTARA",1,208,12,220
https://kawalpemilu.org#67276,"TENDEKI, MATUARI, KOTA BITUNG, SULAWESI UTARA",2,233,4,237
https://kawalpemilu.org#67276,"TENDEKI, MATUARI, KOTA BITUNG, SULAWESI UTARA",3,211,6,217
https://kawalpemilu.org#67276,"TENDEKI, MATUARI, KOTA BITUNG, SULAWESI UTARA",4,187,8,195
https://kawalpemilu.org#67276,"TENDEKI, MATUARI, KOTA BITUNG, SULAWESI UTARA",5,175,20,195
https://kawalpemilu.org#67276,"TENDEKI, MATUARI, KOTA BITUNG, SULAWESI UTARA",6,187,46,233
https://kawalpemilu.org#67278,"GIRIAN ATAS, GIRIAN, KOTA BITUNG, SULAWESI UTARA",1,93,3,96
https://kawalpemilu.org#67278,"GIRIAN ATAS, GIRIAN, KOTA BITUNG, SULAWESI UTARA",2,116,7,123
https://kawalpemilu.org#67278,"GIRIAN ATAS, GIRIAN, KOTA BITUNG, SULAWESI UTARA",3,129,11,140
https://kawalpemilu.org#67278,"GIRIAN ATAS, GIRIAN, KOTA BITUNG, SULAWESI UTARA",4,127,11,138
https://kawalpemilu.org#67278,"GIRIAN ATAS, GIRIAN, KOTA BITUNG, SULAWESI UTARA",5,141,16,157
https://kawalpemilu.org#67278,"GIRIAN ATAS, GIRIAN, KOTA BITUNG, SULAWESI UTARA",6,194,14,208
https://kawalpemilu.org#67278,"GIRIAN ATAS, GIRIAN, KOTA BITUNG, SULAWESI UTARA",7,212,20,232
https://kawalpemilu.org#67278,"GIRIAN ATAS, GIRIAN, KOTA BITUNG, SULAWESI UTARA",8,132,7,139
https://kawalpemilu.org#67278,"GIRIAN ATAS, GIRIAN, KOTA BITUNG, SULAWESI UTARA",9,177,5,182
https://kawalpemilu.org#67278,"GIRIAN ATAS, GIRIAN, KOTA BITUNG, SULAWESI UTARA",10,102,8,110
https://kawalpemilu.org#67278,"GIRIAN ATAS, GIRIAN, KOTA BITUNG, SULAWESI UTARA",11,165,11,176
https://kawalpemilu.org#67278,"GIRIAN ATAS, GIRIAN, KOTA BITUNG, SULAWESI UTARA",12,155,9,164
https://kawalpemilu.org#67278,"GIRIAN ATAS, GIRIAN, KOTA BITUNG, SULAWESI UTARA",13,80,26,106
https://kawalpemilu.org#67278,"GIRIAN ATAS, GIRIAN, KOTA BITUNG, SULAWESI UTARA",14,130,33,163
https://kawalpemilu.org#67278,"GIRIAN ATAS, GIRIAN, KOTA BITUNG, SULAWESI UTARA",15,127,80,207
https://kawalpemilu.org#67278,"GIRIAN ATAS, GIRIAN, KOTA BITUNG, SULAWESI UTARA",16,100,81,181
https://kawalpemilu.org#67279,"GIRIAN WERU SATU, GIRIAN, KOTA BITUNG, SULAWESI UTARA",1,158,34,192
https://kawalpemilu.org#67279,"GIRIAN WERU SATU, GIRIAN, KOTA BITUNG, SULAWESI UTARA",2,144,27,171
https://kawalpemilu.org#67279,"GIRIAN WERU SATU, GIRIAN, KOTA BITUNG, SULAWESI UTARA",3,189,10,199
https://kawalpemilu.org#67279,"GIRIAN WERU SATU, GIRIAN, KOTA BITUNG, SULAWESI UTARA",4,86,103,189
https://kawalpemilu.org#67279,"GIRIAN WERU SATU, GIRIAN, KOTA BITUNG, SULAWESI UTARA",5,84,104,188
https://kawalpemilu.org#67279,"GIRIAN WERU SATU, GIRIAN, KOTA BITUNG, SULAWESI UTARA",6,91,98,189
https://kawalpemilu.org#67279,"GIRIAN WERU SATU, GIRIAN, KOTA BITUNG, SULAWESI UTARA",7,64,100,164
https://kawalpemilu.org#67279,"GIRIAN WERU SATU, GIRIAN, KOTA BITUNG, SULAWESI UTARA",8,71,98,169
https://kawalpemilu.org#67279,"GIRIAN WERU SATU, GIRIAN, KOTA BITUNG, SULAWESI UTARA",9,122,60,182
https://kawalpemilu.org#67279,"GIRIAN WERU SATU, GIRIAN, KOTA BITUNG, SULAWESI UTARA",10,86,81,167
https://kawalpemilu.org#67280,"GIRIAN BAWAH, GIRIAN, KOTA BITUNG, SULAWESI UTARA",1,48,120,168
https://kawalpemilu.org#67280,"GIRIAN BAWAH, GIRIAN, KOTA BITUNG, SULAWESI UTARA",2,81,121,201
https://kawalpemilu.org#67280,"GIRIAN BAWAH, GIRIAN, KOTA BITUNG, SULAWESI UTARA",3,49,113,162
https://kawalpemilu.org#67280,"GIRIAN BAWAH, GIRIAN, KOTA BITUNG, SULAWESI UTARA",4,93,101,194
https://kawalpemilu.org#67280,"GIRIAN BAWAH, GIRIAN, KOTA BITUNG, SULAWESI UTARA",5,52,119,171
https://kawalpemilu.org#67280,"GIRIAN BAWAH, GIRIAN, KOTA BITUNG, SULAWESI UTARA",6,76,86,162
https://kawalpemilu.org#67280,"GIRIAN BAWAH, GIRIAN, KOTA BITUNG, SULAWESI UTARA",7,66,79,145
https://kawalpemilu.org#67280,"GIRIAN BAWAH, GIRIAN, KOTA BITUNG, SULAWESI UTARA",8,59,107,166
https://kawalpemilu.org#67280,"GIRIAN BAWAH, GIRIAN, KOTA BITUNG, SULAWESI UTARA",9,61,96,157
https://kawalpemilu.org#67280,"GIRIAN BAWAH, GIRIAN, KOTA BITUNG, SULAWESI UTARA",10,76,124,0
https://kawalpemilu.org#67280,"GIRIAN BAWAH, GIRIAN, KOTA BITUNG, SULAWESI UTARA",11,70,78,148
https://kawalpemilu.org#67280,"GIRIAN BAWAH, GIRIAN, KOTA BITUNG, SULAWESI UTARA",12,102,104,206
https://kawalpemilu.org#67280,"GIRIAN BAWAH, GIRIAN, KOTA BITUNG, SULAWESI UTARA",13,52,73,125
https://kawalpemilu.org#67280,"GIRIAN BAWAH, GIRIAN, KOTA BITUNG, SULAWESI UTARA",14,52,75,127
https://kawalpemilu.org#67280,"GIRIAN BAWAH, GIRIAN, KOTA BITUNG, SULAWESI UTARA",15,54,107,161
https://kawalpemilu.org#67280,"GIRIAN BAWAH, GIRIAN, KOTA BITUNG, SULAWESI UTARA",16,56,100,156
https://kawalpemilu.org#67280,"GIRIAN BAWAH, GIRIAN, KOTA BITUNG, SULAWESI UTARA",17,62,83,145
https://kawalpemilu.org#67280,"GIRIAN BAWAH, GIRIAN, KOTA BITUNG, SULAWESI UTARA",18,105,69,174
https://kawalpemilu.org#67280,"GIRIAN BAWAH, GIRIAN, KOTA BITUNG, SULAWESI UTARA",19,104,48,152
https://kawalpemilu.org#67280,"GIRIAN BAWAH, GIRIAN, KOTA BITUNG, SULAWESI UTARA",20,82,61,143
https://kawalpemilu.org#67281,"GIRIAN PERMAI, GIRIAN, KOTA BITUNG, SULAWESI UTARA",1,168,15,183
https://kawalpemilu.org#67281,"GIRIAN PERMAI, GIRIAN, KOTA BITUNG, SULAWESI UTARA",2,213,26,239
https://kawalpemilu.org#67281,"GIRIAN PERMAI, GIRIAN, KOTA BITUNG, SULAWESI UTARA",3,152,25,179
https://kawalpemilu.org#67281,"GIRIAN PERMAI, GIRIAN, KOTA BITUNG, SULAWESI UTARA",4,195,35,230
https://kawalpemilu.org#67281,"GIRIAN PERMAI, GIRIAN, KOTA BITUNG, SULAWESI UTARA",5,98,18,116
https://kawalpemilu.org#67281,"GIRIAN PERMAI, GIRIAN, KOTA BITUNG, SULAWESI UTARA",6,105,18,123
https://kawalpemilu.org#67281,"GIRIAN PERMAI, GIRIAN, KOTA BITUNG, SULAWESI UTARA",7,194,32,226
https://kawalpemilu.org#67281,"GIRIAN PERMAI, GIRIAN, KOTA BITUNG, SULAWESI UTARA",8,167,42,209
https://kawalpemilu.org#67281,"GIRIAN PERMAI, GIRIAN, KOTA BITUNG, SULAWESI UTARA",9,145,52,197
https://kawalpemilu.org#67281,"GIRIAN PERMAI, GIRIAN, KOTA BITUNG, SULAWESI UTARA",10,179,41,220
https://kawalpemilu.org#67281,"GIRIAN PERMAI, GIRIAN, KOTA BITUNG, SULAWESI UTARA",11,141,28,169
https://kawalpemilu.org#67281,"GIRIAN PERMAI, GIRIAN, KOTA BITUNG, SULAWESI UTARA",12,157,41,198
https://kawalpemilu.org#67281,"GIRIAN PERMAI, GIRIAN, KOTA BITUNG, SULAWESI UTARA",13,154,33,187
https://kawalpemilu.org#67281,"GIRIAN PERMAI, GIRIAN, KOTA BITUNG, SULAWESI UTARA",14,161,54,215
https://kawalpemilu.org#67281,"GIRIAN PERMAI, GIRIAN, KOTA BITUNG, SULAWESI UTARA",15,80,29,109
https://kawalpemilu.org#67281,"GIRIAN PERMAI, GIRIAN, KOTA BITUNG, SULAWESI UTARA",16,153,37,190
https://kawalpemilu.org#67282,"GIRIAN WERU DUA, GIRIAN, KOTA BITUNG, SULAWESI UTARA",1,245,49,294
https://kawalpemilu.org#67282,"GIRIAN WERU DUA, GIRIAN, KOTA BITUNG, SULAWESI UTARA",2,191,37,228
https://kawalpemilu.org#67282,"GIRIAN WERU DUA, GIRIAN, KOTA BITUNG, SULAWESI UTARA",3,143,59,202
https://kawalpemilu.org#67282,"GIRIAN WERU DUA, GIRIAN, KOTA BITUNG, SULAWESI UTARA",4,123,57,180
https://kawalpemilu.org#67282,"GIRIAN WERU DUA, GIRIAN, KOTA BITUNG, SULAWESI UTARA",5,190,32,222
https://kawalpemilu.org#67282,"GIRIAN WERU DUA, GIRIAN, KOTA BITUNG, SULAWESI UTARA",6,150,94,244
https://kawalpemilu.org#67282,"GIRIAN WERU DUA, GIRIAN, KOTA BITUNG, SULAWESI UTARA",7,118,16,134
https://kawalpemilu.org#67282,"GIRIAN WERU DUA, GIRIAN, KOTA BITUNG, SULAWESI UTARA",8,174,35,209
https://kawalpemilu.org#67282,"GIRIAN WERU DUA, GIRIAN, KOTA BITUNG, SULAWESI UTARA",9,146,23,169
https://kawalpemilu.org#67282,"GIRIAN WERU DUA, GIRIAN, KOTA BITUNG, SULAWESI UTARA",10,137,51,188
https://kawalpemilu.org#67282,"GIRIAN WERU DUA, GIRIAN, KOTA BITUNG, SULAWESI UTARA",11,164,25,189
https://kawalpemilu.org#67282,"GIRIAN WERU DUA, GIRIAN, KOTA BITUNG, SULAWESI UTARA",12,102,25,127
https://kawalpemilu.org#67283,"GIRIAN INDAH, GIRIAN, KOTA BITUNG, SULAWESI UTARA",1,194,28,222
https://kawalpemilu.org#67283,"GIRIAN INDAH, GIRIAN, KOTA BITUNG, SULAWESI UTARA",2,167,28,195
https://kawalpemilu.org#67283,"GIRIAN INDAH, GIRIAN, KOTA BITUNG, SULAWESI UTARA",3,82,17,99
https://kawalpemilu.org#67283,"GIRIAN INDAH, GIRIAN, KOTA BITUNG, SULAWESI UTARA",4,156,96,252
https://kawalpemilu.org#67283,"GIRIAN INDAH, GIRIAN, KOTA BITUNG, SULAWESI UTARA",5,75,87,162
https://kawalpemilu.org#67283,"GIRIAN INDAH, GIRIAN, KOTA BITUNG, SULAWESI UTARA",6,74,105,179
https://kawalpemilu.org#67283,"GIRIAN INDAH, GIRIAN, KOTA BITUNG, SULAWESI UTARA",7,132,125,257
https://kawalpemilu.org#67283,"GIRIAN INDAH, GIRIAN, KOTA BITUNG, SULAWESI UTARA",8,199,22,221
https://kawalpemilu.org#67283,"GIRIAN INDAH, GIRIAN, KOTA BITUNG, SULAWESI UTARA",9,196,14,210
https://kawalpemilu.org#67283,"GIRIAN INDAH, GIRIAN, KOTA BITUNG, SULAWESI UTARA",10,175,22,197
https://kawalpemilu.org#67283,"GIRIAN INDAH, GIRIAN, KOTA BITUNG, SULAWESI UTARA",11,183,29,212
https://kawalpemilu.org#67283,"GIRIAN INDAH, GIRIAN, KOTA BITUNG, SULAWESI UTARA",12,130,32,162
https://kawalpemilu.org#67283,"GIRIAN INDAH, GIRIAN, KOTA BITUNG, SULAWESI UTARA",13,61,39,100
https://kawalpemilu.org#67283,"GIRIAN INDAH, GIRIAN, KOTA BITUNG, SULAWESI UTARA",14,150,24,174
https://kawalpemilu.org#67283,"GIRIAN INDAH, GIRIAN, KOTA BITUNG, SULAWESI UTARA",15,137,35,172
https://kawalpemilu.org#67283,"GIRIAN INDAH, GIRIAN, KOTA BITUNG, SULAWESI UTARA",16,193,29,222
https://kawalpemilu.org#67283,"GIRIAN INDAH, GIRIAN, KOTA BITUNG, SULAWESI UTARA",17,157,65,222
https://kawalpemilu.org#67283,"GIRIAN INDAH, GIRIAN, KOTA BITUNG, SULAWESI UTARA",18,161,62,223
https://kawalpemilu.org#67283,"GIRIAN INDAH, GIRIAN, KOTA BITUNG, SULAWESI UTARA",19,150,85,235
https://kawalpemilu.org#67283,"GIRIAN INDAH, GIRIAN, KOTA BITUNG, SULAWESI UTARA",20,173,55,228
https://kawalpemilu.org#67283,"GIRIAN INDAH, GIRIAN, KOTA BITUNG, SULAWESI UTARA",21,159,62,221
https://kawalpemilu.org#67283,"GIRIAN INDAH, GIRIAN, KOTA BITUNG, SULAWESI UTARA",22,153,45,198
https://kawalpemilu.org#67283,"GIRIAN INDAH, GIRIAN, KOTA BITUNG, SULAWESI UTARA",23,81,34,115
https://kawalpemilu.org#67283,"GIRIAN INDAH, GIRIAN, KOTA BITUNG, SULAWESI UTARA",24,114,84,198
https://kawalpemilu.org#67283,"GIRIAN INDAH, GIRIAN, KOTA BITUNG, SULAWESI UTARA",25,104,86,190
https://kawalpemilu.org#67283,"GIRIAN INDAH, GIRIAN, KOTA BITUNG, SULAWESI UTARA",26,151,41,192
https://kawalpemilu.org#67283,"GIRIAN INDAH, GIRIAN, KOTA BITUNG, SULAWESI UTARA",27,152,31,183
https://kawalpemilu.org#67284,"WANGURER, GIRIAN, KOTA BITUNG, SULAWESI UTARA",1,130,65,195
https://kawalpemilu.org#67284,"WANGURER, GIRIAN, KOTA BITUNG, SULAWESI UTARA",2,123,94,217
https://kawalpemilu.org#67284,"WANGURER, GIRIAN, KOTA BITUNG, SULAWESI UTARA",3,166,50,216
https://kawalpemilu.org#67284,"WANGURER, GIRIAN, KOTA BITUNG, SULAWESI UTARA",4,182,55,237
https://kawalpemilu.org#67284,"WANGURER, GIRIAN, KOTA BITUNG, SULAWESI UTARA",5,189,51,240
https://kawalpemilu.org#67286,"BITUNG BARAT SATU, MAESA, KOTA BITUNG, SULAWESI UTARA",1,204,49,253
https://kawalpemilu.org#67286,"BITUNG BARAT SATU, MAESA, KOTA BITUNG, SULAWESI UTARA",2,182,76,258
https://kawalpemilu.org#67286,"BITUNG BARAT SATU, MAESA, KOTA BITUNG, SULAWESI UTARA",3,201,51,254
https://kawalpemilu.org#67286,"BITUNG BARAT SATU, MAESA, KOTA BITUNG, SULAWESI UTARA",4,133,79,212
https://kawalpemilu.org#67286,"BITUNG BARAT SATU, MAESA, KOTA BITUNG, SULAWESI UTARA",5,137,69,206
https://kawalpemilu.org#67286,"BITUNG BARAT SATU, MAESA, KOTA BITUNG, SULAWESI UTARA",6,127,88,215
https://kawalpemilu.org#67286,"BITUNG BARAT SATU, MAESA, KOTA BITUNG, SULAWESI UTARA",7,102,107,209
https://kawalpemilu.org#67286,"BITUNG BARAT SATU, MAESA, KOTA BITUNG, SULAWESI UTARA",8,189,46,235
https://kawalpemilu.org#67286,"BITUNG BARAT SATU, MAESA, KOTA BITUNG, SULAWESI UTARA",9,162,57,219
https://kawalpemilu.org#67286,"BITUNG BARAT SATU, MAESA, KOTA BITUNG, SULAWESI UTARA",11,180,59,239
https://kawalpemilu.org#67287,"PAKADOODAN, MAESA, KOTA BITUNG, SULAWESI UTARA",1,93,42,135
https://kawalpemilu.org#67287,"PAKADOODAN, MAESA, KOTA BITUNG, SULAWESI UTARA",2,190,31,221
https://kawalpemilu.org#67287,"PAKADOODAN, MAESA, KOTA BITUNG, SULAWESI UTARA",3,131,19,150
https://kawalpemilu.org#67287,"PAKADOODAN, MAESA, KOTA BITUNG, SULAWESI UTARA",5,120,18,138
https://kawalpemilu.org#67287,"PAKADOODAN, MAESA, KOTA BITUNG, SULAWESI UTARA",6,149,25,174
https://kawalpemilu.org#67287,"PAKADOODAN, MAESA, KOTA BITUNG, SULAWESI UTARA",7,178,6,184
https://kawalpemilu.org#67288,"BITUNG BARAT  DUA, MAESA, KOTA BITUNG, SULAWESI UTARA",1,203,30,233
https://kawalpemilu.org#67288,"BITUNG BARAT  DUA, MAESA, KOTA BITUNG, SULAWESI UTARA",2,218,33,251
https://kawalpemilu.org#67288,"BITUNG BARAT  DUA, MAESA, KOTA BITUNG, SULAWESI UTARA",3,200,61,261
https://kawalpemilu.org#67288,"BITUNG BARAT  DUA, MAESA, KOTA BITUNG, SULAWESI UTARA",4,187,70,257
https://kawalpemilu.org#67288,"BITUNG BARAT  DUA, MAESA, KOTA BITUNG, SULAWESI UTARA",5,145,90,235
https://kawalpemilu.org#67288,"BITUNG BARAT  DUA, MAESA, KOTA BITUNG, SULAWESI UTARA",6,184,62,246
https://kawalpemilu.org#67288,"BITUNG BARAT  DUA, MAESA, KOTA BITUNG, SULAWESI UTARA",7,205,40,245
https://kawalpemilu.org#67288,"BITUNG BARAT  DUA, MAESA, KOTA BITUNG, SULAWESI UTARA",8,211,18,229
https://kawalpemilu.org#67288,"BITUNG BARAT  DUA, MAESA, KOTA BITUNG, SULAWESI UTARA",9,132,26,158
https://kawalpemilu.org#67288,"BITUNG BARAT  DUA, MAESA, KOTA BITUNG, SULAWESI UTARA",10,152,40,192
https://kawalpemilu.org#67288,"BITUNG BARAT  DUA, MAESA, KOTA BITUNG, SULAWESI UTARA",11,187,22,209
https://kawalpemilu.org#67288,"BITUNG BARAT  DUA, MAESA, KOTA BITUNG, SULAWESI UTARA",12,180,24,204
https://kawalpemilu.org#67289,"BITUNG TENGAH, MAESA, KOTA BITUNG, SULAWESI UTARA",2,182,8,190
https://kawalpemilu.org#67289,"BITUNG TENGAH, MAESA, KOTA BITUNG, SULAWESI UTARA",3,164,7,171
https://kawalpemilu.org#67289,"BITUNG TENGAH, MAESA, KOTA BITUNG, SULAWESI UTARA",5,109,60,169
https://kawalpemilu.org#67289,"BITUNG TENGAH, MAESA, KOTA BITUNG, SULAWESI UTARA",6,110,78,188
https://kawalpemilu.org#67289,"BITUNG TENGAH, MAESA, KOTA BITUNG, SULAWESI UTARA",7,192,18,210
https://kawalpemilu.org#67289,"BITUNG TENGAH, MAESA, KOTA BITUNG, SULAWESI UTARA",8,170,38,208
https://kawalpemilu.org#67289,"BITUNG TENGAH, MAESA, KOTA BITUNG, SULAWESI UTARA",9,166,21,187
https://kawalpemilu.org#67289,"BITUNG TENGAH, MAESA, KOTA BITUNG, SULAWESI UTARA",10,142,75,217
https://kawalpemilu.org#67289,"BITUNG TENGAH, MAESA, KOTA BITUNG, SULAWESI UTARA",11,126,70,196
https://kawalpemilu.org#67289,"BITUNG TENGAH, MAESA, KOTA BITUNG, SULAWESI UTARA",13,128,94,222
https://kawalpemilu.org#67289,"BITUNG TENGAH, MAESA, KOTA BITUNG, SULAWESI UTARA",14,126,76,202
https://kawalpemilu.org#67289,"BITUNG TENGAH, MAESA, KOTA BITUNG, SULAWESI UTARA",15,93,72,165
https://kawalpemilu.org#67289,"BITUNG TENGAH, MAESA, KOTA BITUNG, SULAWESI UTARA",17,97,85,182
https://kawalpemilu.org#67289,"BITUNG TENGAH, MAESA, KOTA BITUNG, SULAWESI UTARA",18,164,61,226
https://kawalpemilu.org#67289,"BITUNG TENGAH, MAESA, KOTA BITUNG, SULAWESI UTARA",19,123,67,190
https://kawalpemilu.org#67290,"BITUNG TIMUR, MAESA, KOTA BITUNG, SULAWESI UTARA",1,203,30,233
https://kawalpemilu.org#67290,"BITUNG TIMUR, MAESA, KOTA BITUNG, SULAWESI UTARA",2,129,70,199
https://kawalpemilu.org#67290,"BITUNG TIMUR, MAESA, KOTA BITUNG, SULAWESI UTARA",3,135,59,194
https://kawalpemilu.org#67290,"BITUNG TIMUR, MAESA, KOTA BITUNG, SULAWESI UTARA",4,137,41,178
https://kawalpemilu.org#67290,"BITUNG TIMUR, MAESA, KOTA BITUNG, SULAWESI UTARA",5,154,86,240
https://kawalpemilu.org#67290,"BITUNG TIMUR, MAESA, KOTA BITUNG, SULAWESI UTARA",6,128,53,181
https://kawalpemilu.org#67290,"BITUNG TIMUR, MAESA, KOTA BITUNG, SULAWESI UTARA",7,116,58,174
https://kawalpemilu.org#67290,"BITUNG TIMUR, MAESA, KOTA BITUNG, SULAWESI UTARA",8,166,45,211
https://kawalpemilu.org#67290,"BITUNG TIMUR, MAESA, KOTA BITUNG, SULAWESI UTARA",9,139,72,211
https://kawalpemilu.org#67290,"BITUNG TIMUR, MAESA, KOTA BITUNG, SULAWESI UTARA",10,158,56,214
https://kawalpemilu.org#67290,"BITUNG TIMUR, MAESA, KOTA BITUNG, SULAWESI UTARA",11,144,108,252
https://kawalpemilu.org#67290,"BITUNG TIMUR, MAESA, KOTA BITUNG, SULAWESI UTARA",12,98,82,180
https://kawalpemilu.org#67290,"BITUNG TIMUR, MAESA, KOTA BITUNG, SULAWESI UTARA",13,92,68,160
https://kawalpemilu.org#67290,"BITUNG TIMUR, MAESA, KOTA BITUNG, SULAWESI UTARA",14,138,66,204
https://kawalpemilu.org#67290,"BITUNG TIMUR, MAESA, KOTA BITUNG, SULAWESI UTARA",15,156,74,230
https://kawalpemilu.org#67290,"BITUNG TIMUR, MAESA, KOTA BITUNG, SULAWESI UTARA",16,142,19,161
https://kawalpemilu.org#67290,"BITUNG TIMUR, MAESA, KOTA BITUNG, SULAWESI UTARA",17,137,58,195
https://kawalpemilu.org#67290,"BITUNG TIMUR, MAESA, KOTA BITUNG, SULAWESI UTARA",18,187,24,211
https://kawalpemilu.org#67290,"BITUNG TIMUR, MAESA, KOTA BITUNG, SULAWESI UTARA",19,146,5,151
https://kawalpemilu.org#67290,"BITUNG TIMUR, MAESA, KOTA BITUNG, SULAWESI UTARA",20,153,5,158
https://kawalpemilu.org#67290,"BITUNG TIMUR, MAESA, KOTA BITUNG, SULAWESI UTARA",21,121,40,161
https://kawalpemilu.org#67290,"BITUNG TIMUR, MAESA, KOTA BITUNG, SULAWESI UTARA",22,117,38,155
https://kawalpemilu.org#67290,"BITUNG TIMUR, MAESA, KOTA BITUNG, SULAWESI UTARA",23,109,58,167
https://kawalpemilu.org#67290,"BITUNG TIMUR, MAESA, KOTA BITUNG, SULAWESI UTARA",24,143,37,180
https://kawalpemilu.org#67291,"KAKENTURAN  SATU, MAESA, KOTA BITUNG, SULAWESI UTARA",1,96,89,185
https://kawalpemilu.org#67291,"KAKENTURAN  SATU, MAESA, KOTA BITUNG, SULAWESI UTARA",2,122,2,124
https://kawalpemilu.org#67291,"KAKENTURAN  SATU, MAESA, KOTA BITUNG, SULAWESI UTARA",3,100,5,105
https://kawalpemilu.org#67291,"KAKENTURAN  SATU, MAESA, KOTA BITUNG, SULAWESI UTARA",4,78,4,82
https://kawalpemilu.org#67291,"KAKENTURAN  SATU, MAESA, KOTA BITUNG, SULAWESI UTARA",5,87,7,94
https://kawalpemilu.org#67291,"KAKENTURAN  SATU, MAESA, KOTA BITUNG, SULAWESI UTARA",6,163,7,170
https://kawalpemilu.org#67291,"KAKENTURAN  SATU, MAESA, KOTA BITUNG, SULAWESI UTARA",7,106,8,114
https://kawalpemilu.org#67291,"KAKENTURAN  SATU, MAESA, KOTA BITUNG, SULAWESI UTARA",8,135,60,195
https://kawalpemilu.org#67291,"KAKENTURAN  SATU, MAESA, KOTA BITUNG, SULAWESI UTARA",9,143,5,148
https://kawalpemilu.org#67291,"KAKENTURAN  SATU, MAESA, KOTA BITUNG, SULAWESI UTARA",10,160,33,193
https://kawalpemilu.org#67291,"KAKENTURAN  SATU, MAESA, KOTA BITUNG, SULAWESI UTARA",11,210,15,225
https://kawalpemilu.org#67291,"KAKENTURAN  SATU, MAESA, KOTA BITUNG, SULAWESI UTARA",12,79,73,152
https://kawalpemilu.org#67291,"KAKENTURAN  SATU, MAESA, KOTA BITUNG, SULAWESI UTARA",13,76,41,117
https://kawalpemilu.org#67291,"KAKENTURAN  SATU, MAESA, KOTA BITUNG, SULAWESI UTARA",14,133,79,212
https://kawalpemilu.org#67291,"KAKENTURAN  SATU, MAESA, KOTA BITUNG, SULAWESI UTARA",15,161,30,191
https://kawalpemilu.org#67292,"KEKENTURAN DUA, MAESA, KOTA BITUNG, SULAWESI UTARA",1,96,89,185
https://kawalpemilu.org#67292,"KEKENTURAN DUA, MAESA, KOTA BITUNG, SULAWESI UTARA",2,75,116,195
https://kawalpemilu.org#67292,"KEKENTURAN DUA, MAESA, KOTA BITUNG, SULAWESI UTARA",3,173,7,180
https://kawalpemilu.org#67292,"KEKENTURAN DUA, MAESA, KOTA BITUNG, SULAWESI UTARA",4,59,136,195
https://kawalpemilu.org#67292,"KEKENTURAN DUA, MAESA, KOTA BITUNG, SULAWESI UTARA",5,54,89,143
https://kawalpemilu.org#67292,"KEKENTURAN DUA, MAESA, KOTA BITUNG, SULAWESI UTARA",6,90,27,117
https://kawalpemilu.org#67292,"KEKENTURAN DUA, MAESA, KOTA BITUNG, SULAWESI UTARA",7,93,48,141
https://kawalpemilu.org#67292,"KEKENTURAN DUA, MAESA, KOTA BITUNG, SULAWESI UTARA",8,123,12,135
https://kawalpemilu.org#67292,"KEKENTURAN DUA, MAESA, KOTA BITUNG, SULAWESI UTARA",9,102,19,121
https://kawalpemilu.org#67292,"KEKENTURAN DUA, MAESA, KOTA BITUNG, SULAWESI UTARA",10,102,2,104
https://kawalpemilu.org#67292,"KEKENTURAN DUA, MAESA, KOTA BITUNG, SULAWESI UTARA",11,122,3,125
https://kawalpemilu.org#67292,"KEKENTURAN DUA, MAESA, KOTA BITUNG, SULAWESI UTARA",12,143,6,149
https://kawalpemilu.org#67292,"KEKENTURAN DUA, MAESA, KOTA BITUNG, SULAWESI UTARA",13,152,4,156
https://kawalpemilu.org#67293,"PATETEN TIGA, MAESA, KOTA BITUNG, SULAWESI UTARA",1,93,109,202
https://kawalpemilu.org#67293,"PATETEN TIGA, MAESA, KOTA BITUNG, SULAWESI UTARA",2,105,81,186
https://kawalpemilu.org#67293,"PATETEN TIGA, MAESA, KOTA BITUNG, SULAWESI UTARA",3,131,46,177
https://kawalpemilu.org#67293,"PATETEN TIGA, MAESA, KOTA BITUNG, SULAWESI UTARA",4,144,45,189
https://kawalpemilu.org#67293,"PATETEN TIGA, MAESA, KOTA BITUNG, SULAWESI UTARA",5,119,55,174
https://kawalpemilu.org#67293,"PATETEN TIGA, MAESA, KOTA BITUNG, SULAWESI UTARA",6,176,45,221
https://kawalpemilu.org#67293,"PATETEN TIGA, MAESA, KOTA BITUNG, SULAWESI UTARA",7,105,61,166
https://kawalpemilu.org#67293,"PATETEN TIGA, MAESA, KOTA BITUNG, SULAWESI UTARA",8,67,21,88
https://kawalpemilu.org#67293,"PATETEN TIGA, MAESA, KOTA BITUNG, SULAWESI UTARA",9,115,46,161
https://kawalpemilu.org#67293,"PATETEN TIGA, MAESA, KOTA BITUNG, SULAWESI UTARA",10,110,40,150
https://kawalpemilu.org#67293,"PATETEN TIGA, MAESA, KOTA BITUNG, SULAWESI UTARA",11,124,27,151
https://kawalpemilu.org#67295,"MAWALI, LEMBEH UTARA, KOTA BITUNG, SULAWESI UTARA",1,0,0,0
https://kawalpemilu.org#67295,"MAWALI, LEMBEH UTARA, KOTA BITUNG, SULAWESI UTARA",2,140,0,140
https://kawalpemilu.org#67295,"MAWALI, LEMBEH UTARA, KOTA BITUNG, SULAWESI UTARA",3,135,17,152
https://kawalpemilu.org#67295,"MAWALI, LEMBEH UTARA, KOTA BITUNG, SULAWESI UTARA",4,156,15,171
https://kawalpemilu.org#67295,"MAWALI, LEMBEH UTARA, KOTA BITUNG, SULAWESI UTARA",5,165,7,172
https://kawalpemilu.org#67295,"MAWALI, LEMBEH UTARA, KOTA BITUNG, SULAWESI UTARA",6,138,15,153
https://kawalpemilu.org#67295,"MAWALI, LEMBEH UTARA, KOTA BITUNG, SULAWESI UTARA",7,168,8,176
https://kawalpemilu.org#67295,"MAWALI, LEMBEH UTARA, KOTA BITUNG, SULAWESI UTARA",8,164,4,168
https://kawalpemilu.org#67295,"MAWALI, LEMBEH UTARA, KOTA BITUNG, SULAWESI UTARA",9,149,4,153
https://kawalpemilu.org#67295,"MAWALI, LEMBEH UTARA, KOTA BITUNG, SULAWESI UTARA",10,149,1,150
https://kawalpemilu.org#67296,"PINTU KOTA, LEMBEH UTARA, KOTA BITUNG, SULAWESI UTARA",1,128,6,134
https://kawalpemilu.org#67296,"PINTU KOTA, LEMBEH UTARA, KOTA BITUNG, SULAWESI UTARA",2,136,6,142
https://kawalpemilu.org#67296,"PINTU KOTA, LEMBEH UTARA, KOTA BITUNG, SULAWESI UTARA",3,116,19,135
https://kawalpemilu.org#67296,"PINTU KOTA, LEMBEH UTARA, KOTA BITUNG, SULAWESI UTARA",4,128,4,132
https://kawalpemilu.org#67296,"PINTU KOTA, LEMBEH UTARA, KOTA BITUNG, SULAWESI UTARA",5,119,3,123
https://kawalpemilu.org#67297,"BINUANG, LEMBEH UTARA, KOTA BITUNG, SULAWESI UTARA",1,93,20,113
https://kawalpemilu.org#67297,"BINUANG, LEMBEH UTARA, KOTA BITUNG, SULAWESI UTARA",2,125,69,194
https://kawalpemilu.org#67297,"BINUANG, LEMBEH UTARA, KOTA BITUNG, SULAWESI UTARA",3,97,16,113
https://kawalpemilu.org#67297,"BINUANG, LEMBEH UTARA, KOTA BITUNG, SULAWESI UTARA",4,121,77,198
https://kawalpemilu.org#67298,"MOTTO, LEMBEH UTARA, KOTA BITUNG, SULAWESI UTARA",1,174,10,184
https://kawalpemilu.org#67298,"MOTTO, LEMBEH UTARA, KOTA BITUNG, SULAWESI UTARA",2,98,9,107
https://kawalpemilu.org#67298,"MOTTO, LEMBEH UTARA, KOTA BITUNG, SULAWESI UTARA",3,117,13,130
https://kawalpemilu.org#67299,"LIRANG, LEMBEH UTARA, KOTA BITUNG, SULAWESI UTARA",1,187,3,190
https://kawalpemilu.org#67299,"LIRANG, LEMBEH UTARA, KOTA BITUNG, SULAWESI UTARA",2,208,4,212
https://kawalpemilu.org#67300,"POSOKAN, LEMBEH UTARA, KOTA BITUNG, SULAWESI UTARA",1,173,14,187
https://kawalpemilu.org#67300,"POSOKAN, LEMBEH UTARA, KOTA BITUNG, SULAWESI UTARA",2,160,3,163
https://kawalpemilu.org#67301,"NUSU, LEMBEH UTARA, KOTA BITUNG, SULAWESI UTARA",1,180,12,192
https://kawalpemilu.org#67301,"NUSU, LEMBEH UTARA, KOTA BITUNG, SULAWESI UTARA",2,207,10,217
https://kawalpemilu.org#67301,"NUSU, LEMBEH UTARA, KOTA BITUNG, SULAWESI UTARA",3,72,0,72
https://kawalpemilu.org#67302,"KAREKO, LEMBEH UTARA, KOTA BITUNG, SULAWESI UTARA",1,69,0,69
https://kawalpemilu.org#67302,"KAREKO, LEMBEH UTARA, KOTA BITUNG, SULAWESI UTARA",2,147,5,152
https://kawalpemilu.org#67302,"KAREKO, LEMBEH UTARA, KOTA BITUNG, SULAWESI UTARA",3,63,4,67
https://kawalpemilu.org#67302,"KAREKO, LEMBEH UTARA, KOTA BITUNG, SULAWESI UTARA",4,118,2,120
https://kawalpemilu.org#67302,"KAREKO, LEMBEH UTARA, KOTA BITUNG, SULAWESI UTARA",5,129,12,141
https://kawalpemilu.org#67303,"GUNUNG WOKA, LEMBEH UTARA, KOTA BITUNG, SULAWESI UTARA",1,187,10,197
https://kawalpemilu.org#67303,"GUNUNG WOKA, LEMBEH UTARA, KOTA BITUNG, SULAWESI UTARA",2,193,4,197
https://kawalpemilu.org#67304,"BATUKOTA, LEMBEH UTARA, KOTA BITUNG, SULAWESI UTARA",1,139,7,146
https://kawalpemilu.org#67304,"BATUKOTA, LEMBEH UTARA, KOTA BITUNG, SULAWESI UTARA",2,112,20,132
https://kawalpemilu.org#67304,"BATUKOTA, LEMBEH UTARA, KOTA BITUNG, SULAWESI UTARA",3,221,0,221
https://kawalpemilu.org#67307,"PINARAS, TOMOHON SELATAN, KOTA TOMOHON, SULAWESI UTARA",1,237,26,263
https://kawalpemilu.org#67307,"PINARAS, TOMOHON SELATAN, KOTA TOMOHON, SULAWESI UTARA",2,193,11,193
https://kawalpemilu.org#67307,"PINARAS, TOMOHON SELATAN, KOTA TOMOHON, SULAWESI UTARA",3,241,7,248
https://kawalpemilu.org#67307,"PINARAS, TOMOHON SELATAN, KOTA TOMOHON, SULAWESI UTARA",4,210,19,229
https://kawalpemilu.org#67307,"PINARAS, TOMOHON SELATAN, KOTA TOMOHON, SULAWESI UTARA",5,209,24,233
https://kawalpemilu.org#67307,"PINARAS, TOMOHON SELATAN, KOTA TOMOHON, SULAWESI UTARA",6,227,29,256
https://kawalpemilu.org#67307,"PINARAS, TOMOHON SELATAN, KOTA TOMOHON, SULAWESI UTARA",7,222,33,255
https://kawalpemilu.org#67308,"LAHENDONG, TOMOHON SELATAN, KOTA TOMOHON, SULAWESI UTARA",1,220,9,229
https://kawalpemilu.org#67308,"LAHENDONG, TOMOHON SELATAN, KOTA TOMOHON, SULAWESI UTARA",2,208,13,221
https://kawalpemilu.org#67308,"LAHENDONG, TOMOHON SELATAN, KOTA TOMOHON, SULAWESI UTARA",3,154,4,158
https://kawalpemilu.org#67308,"LAHENDONG, TOMOHON SELATAN, KOTA TOMOHON, SULAWESI UTARA",4,164,11,175
https://kawalpemilu.org#67308,"LAHENDONG, TOMOHON SELATAN, KOTA TOMOHON, SULAWESI UTARA",5,197,20,217
https://kawalpemilu.org#67308,"LAHENDONG, TOMOHON SELATAN, KOTA TOMOHON, SULAWESI UTARA",6,183,8,191
https://kawalpemilu.org#67308,"LAHENDONG, TOMOHON SELATAN, KOTA TOMOHON, SULAWESI UTARA",7,177,8,185
https://kawalpemilu.org#67308,"LAHENDONG, TOMOHON SELATAN, KOTA TOMOHON, SULAWESI UTARA",8,185,16,201
https://kawalpemilu.org#67309,"TONDANGOW, TOMOHON SELATAN, KOTA TOMOHON, SULAWESI UTARA",1,201,15,216
https://kawalpemilu.org#67309,"TONDANGOW, TOMOHON SELATAN, KOTA TOMOHON, SULAWESI UTARA",2,223,7,230
https://kawalpemilu.org#67309,"TONDANGOW, TOMOHON SELATAN, KOTA TOMOHON, SULAWESI UTARA",3,220,7,227
https://kawalpemilu.org#67309,"TONDANGOW, TOMOHON SELATAN, KOTA TOMOHON, SULAWESI UTARA",4,214,7,221
https://kawalpemilu.org#67310,"PANGOLOMBIAN, TOMOHON SELATAN, KOTA TOMOHON, SULAWESI UTARA",1,250,15,265
https://kawalpemilu.org#67310,"PANGOLOMBIAN, TOMOHON SELATAN, KOTA TOMOHON, SULAWESI UTARA",2,251,5,256
https://kawalpemilu.org#67310,"PANGOLOMBIAN, TOMOHON SELATAN, KOTA TOMOHON, SULAWESI UTARA",3,233,9,242
https://kawalpemilu.org#67310,"PANGOLOMBIAN, TOMOHON SELATAN, KOTA TOMOHON, SULAWESI UTARA",4,228,19,247
https://kawalpemilu.org#67310,"PANGOLOMBIAN, TOMOHON SELATAN, KOTA TOMOHON, SULAWESI UTARA",5,196,20,216
https://kawalpemilu.org#67310,"PANGOLOMBIAN, TOMOHON SELATAN, KOTA TOMOHON, SULAWESI UTARA",6,204,14,218
https://kawalpemilu.org#67310,"PANGOLOMBIAN, TOMOHON SELATAN, KOTA TOMOHON, SULAWESI UTARA",7,231,17,248
https://kawalpemilu.org#67311,"TUMATANGTANG, TOMOHON SELATAN, KOTA TOMOHON, SULAWESI UTARA",1,193,33,226
https://kawalpemilu.org#67311,"TUMATANGTANG, TOMOHON SELATAN, KOTA TOMOHON, SULAWESI UTARA",2,204,50,254
https://kawalpemilu.org#67311,"TUMATANGTANG, TOMOHON SELATAN, KOTA TOMOHON, SULAWESI UTARA",3,192,9,201
https://kawalpemilu.org#67311,"TUMATANGTANG, TOMOHON SELATAN, KOTA TOMOHON, SULAWESI UTARA",4,176,16,192
https://kawalpemilu.org#67311,"TUMATANGTANG, TOMOHON SELATAN, KOTA TOMOHON, SULAWESI UTARA",5,181,18,199
https://kawalpemilu.org#67311,"TUMATANGTANG, TOMOHON SELATAN, KOTA TOMOHON, SULAWESI UTARA",6,181,23,204
https://kawalpemilu.org#67312,"KAMPUNG JAWA, TOMOHON SELATAN, KOTA TOMOHON, SULAWESI UTARA",1,91,126,217
https://kawalpemilu.org#67312,"KAMPUNG JAWA, TOMOHON SELATAN, KOTA TOMOHON, SULAWESI UTARA",2,100,141,241
https://kawalpemilu.org#67312,"KAMPUNG JAWA, TOMOHON SELATAN, KOTA TOMOHON, SULAWESI UTARA",3,115,111,226
https://kawalpemilu.org#67313,"LANSOT, TOMOHON SELATAN, KOTA TOMOHON, SULAWESI UTARA",1,242,16,258
https://kawalpemilu.org#67313,"LANSOT, TOMOHON SELATAN, KOTA TOMOHON, SULAWESI UTARA",2,222,14,236
https://kawalpemilu.org#67313,"LANSOT, TOMOHON SELATAN, KOTA TOMOHON, SULAWESI UTARA",3,228,7,235
https://kawalpemilu.org#67313,"LANSOT, TOMOHON SELATAN, KOTA TOMOHON, SULAWESI UTARA",4,211,13,224
https://kawalpemilu.org#67313,"LANSOT, TOMOHON SELATAN, KOTA TOMOHON, SULAWESI UTARA",5,258,12,270
https://kawalpemilu.org#67313,"LANSOT, TOMOHON SELATAN, KOTA TOMOHON, SULAWESI UTARA",6,227,6,233
https://kawalpemilu.org#67313,"LANSOT, TOMOHON SELATAN, KOTA TOMOHON, SULAWESI UTARA",7,225,11,236
https://kawalpemilu.org#67314,"WALIAN, TOMOHON SELATAN, KOTA TOMOHON, SULAWESI UTARA",1,210,14,224
https://kawalpemilu.org#67314,"WALIAN, TOMOHON SELATAN, KOTA TOMOHON, SULAWESI UTARA",2,228,36,264
https://kawalpemilu.org#67314,"WALIAN, TOMOHON SELATAN, KOTA TOMOHON, SULAWESI UTARA",3,177,34,211
https://kawalpemilu.org#67314,"WALIAN, TOMOHON SELATAN, KOTA TOMOHON, SULAWESI UTARA",4,191,15,206
https://kawalpemilu.org#67314,"WALIAN, TOMOHON SELATAN, KOTA TOMOHON, SULAWESI UTARA",5,225,20,245
https://kawalpemilu.org#67314,"WALIAN, TOMOHON SELATAN, KOTA TOMOHON, SULAWESI UTARA",6,213,20,233
https://kawalpemilu.org#67314,"WALIAN, TOMOHON SELATAN, KOTA TOMOHON, SULAWESI UTARA",7,186,12,198
https://kawalpemilu.org#67314,"WALIAN, TOMOHON SELATAN, KOTA TOMOHON, SULAWESI UTARA",8,225,32,257
https://kawalpemilu.org#67315,"ULUINDANO, TOMOHON SELATAN, KOTA TOMOHON, SULAWESI UTARA",1,177,21,198
https://kawalpemilu.org#67315,"ULUINDANO, TOMOHON SELATAN, KOTA TOMOHON, SULAWESI UTARA",2,193,11,204
https://kawalpemilu.org#67315,"ULUINDANO, TOMOHON SELATAN, KOTA TOMOHON, SULAWESI UTARA",3,195,15,210
https://kawalpemilu.org#67315,"ULUINDANO, TOMOHON SELATAN, KOTA TOMOHON, SULAWESI UTARA",4,177,29,206
https://kawalpemilu.org#67315,"ULUINDANO, TOMOHON SELATAN, KOTA TOMOHON, SULAWESI UTARA",5,186,23,209
https://kawalpemilu.org#67316,"WALIAN SATU, TOMOHON SELATAN, KOTA TOMOHON, SULAWESI UTARA",1,217,38,255
https://kawalpemilu.org#67316,"WALIAN SATU, TOMOHON SELATAN, KOTA TOMOHON, SULAWESI UTARA",2,218,37,255
https://kawalpemilu.org#67316,"WALIAN SATU, TOMOHON SELATAN, KOTA TOMOHON, SULAWESI UTARA",3,223,29,252
https://kawalpemilu.org#67316,"WALIAN SATU, TOMOHON SELATAN, KOTA TOMOHON, SULAWESI UTARA",4,230,28,258
https://kawalpemilu.org#67316,"WALIAN SATU, TOMOHON SELATAN, KOTA TOMOHON, SULAWESI UTARA",5,212,26,283
https://kawalpemilu.org#67317,"WALIAN DUA, TOMOHON SELATAN, KOTA TOMOHON, SULAWESI UTARA",1,201,26,227
https://kawalpemilu.org#67317,"WALIAN DUA, TOMOHON SELATAN, KOTA TOMOHON, SULAWESI UTARA",2,168,21,189
https://kawalpemilu.org#67317,"WALIAN DUA, TOMOHON SELATAN, KOTA TOMOHON, SULAWESI UTARA",3,232,36,268
https://kawalpemilu.org#67317,"WALIAN DUA, TOMOHON SELATAN, KOTA TOMOHON, SULAWESI UTARA",4,190,37,127
https://kawalpemilu.org#67317,"WALIAN DUA, TOMOHON SELATAN, KOTA TOMOHON, SULAWESI UTARA",5,196,45,241
https://kawalpemilu.org#67318,"TUMATANGTANG SATU, TOMOHON SELATAN, KOTA TOMOHON, SULAWESI UTARA",1,232,25,257
https://kawalpemilu.org#67318,"TUMATANGTANG SATU, TOMOHON SELATAN, KOTA TOMOHON, SULAWESI UTARA",2,193,33,226
https://kawalpemilu.org#67318,"TUMATANGTANG SATU, TOMOHON SELATAN, KOTA TOMOHON, SULAWESI UTARA",3,238,17,255
https://kawalpemilu.org#67318,"TUMATANGTANG SATU, TOMOHON SELATAN, KOTA TOMOHON, SULAWESI UTARA",4,209,9,218
https://kawalpemilu.org#67318,"TUMATANGTANG SATU, TOMOHON SELATAN, KOTA TOMOHON, SULAWESI UTARA",5,245,14,259
https://kawalpemilu.org#67320,"TALETE  SATU, TOMOHON TENGAH, KOTA TOMOHON, SULAWESI UTARA",1,183,40,223
https://kawalpemilu.org#67320,"TALETE  SATU, TOMOHON TENGAH, KOTA TOMOHON, SULAWESI UTARA",2,225,23,248
https://kawalpemilu.org#67320,"TALETE  SATU, TOMOHON TENGAH, KOTA TOMOHON, SULAWESI UTARA",3,235,27,262
https://kawalpemilu.org#67320,"TALETE  SATU, TOMOHON TENGAH, KOTA TOMOHON, SULAWESI UTARA",4,108,15,123
https://kawalpemilu.org#67320,"TALETE  SATU, TOMOHON TENGAH, KOTA TOMOHON, SULAWESI UTARA",5,210,34,244
https://kawalpemilu.org#67320,"TALETE  SATU, TOMOHON TENGAH, KOTA TOMOHON, SULAWESI UTARA",6,200,40,240
https://kawalpemilu.org#67320,"TALETE  SATU, TOMOHON TENGAH, KOTA TOMOHON, SULAWESI UTARA",7,235,27,262
https://kawalpemilu.org#67320,"TALETE  SATU, TOMOHON TENGAH, KOTA TOMOHON, SULAWESI UTARA",8,238,31,269
https://kawalpemilu.org#67320,"TALETE  SATU, TOMOHON TENGAH, KOTA TOMOHON, SULAWESI UTARA",9,199,24,223
https://kawalpemilu.org#67320,"TALETE  SATU, TOMOHON TENGAH, KOTA TOMOHON, SULAWESI UTARA",10,231,32,263
https://kawalpemilu.org#67321,"TALETE DUA, TOMOHON TENGAH, KOTA TOMOHON, SULAWESI UTARA",1,213,6,219
https://kawalpemilu.org#67321,"TALETE DUA, TOMOHON TENGAH, KOTA TOMOHON, SULAWESI UTARA",2,229,10,239
https://kawalpemilu.org#67321,"TALETE DUA, TOMOHON TENGAH, KOTA TOMOHON, SULAWESI UTARA",3,231,12,243
https://kawalpemilu.org#67321,"TALETE DUA, TOMOHON TENGAH, KOTA TOMOHON, SULAWESI UTARA",4,235,22,257
https://kawalpemilu.org#67322,"KAMASI, TOMOHON TENGAH, KOTA TOMOHON, SULAWESI UTARA",1,202,13,215
https://kawalpemilu.org#67322,"KAMASI, TOMOHON TENGAH, KOTA TOMOHON, SULAWESI UTARA",2,237,12,249
https://kawalpemilu.org#67322,"KAMASI, TOMOHON TENGAH, KOTA TOMOHON, SULAWESI UTARA",3,204,19,223
https://kawalpemilu.org#67322,"KAMASI, TOMOHON TENGAH, KOTA TOMOHON, SULAWESI UTARA",4,213,27,240
https://kawalpemilu.org#67322,"KAMASI, TOMOHON TENGAH, KOTA TOMOHON, SULAWESI UTARA",5,220,23,243
https://kawalpemilu.org#67323,"KOLONGAN, TOMOHON TENGAH, KOTA TOMOHON, SULAWESI UTARA",1,213,13,226
https://kawalpemilu.org#67323,"KOLONGAN, TOMOHON TENGAH, KOTA TOMOHON, SULAWESI UTARA",2,178,55,233
https://kawalpemilu.org#67323,"KOLONGAN, TOMOHON TENGAH, KOTA TOMOHON, SULAWESI UTARA",3,225,13,238
https://kawalpemilu.org#67323,"KOLONGAN, TOMOHON TENGAH, KOTA TOMOHON, SULAWESI UTARA",4,199,30,229
https://kawalpemilu.org#67323,"KOLONGAN, TOMOHON TENGAH, KOTA TOMOHON, SULAWESI UTARA",5,218,8,226
https://kawalpemilu.org#67323,"KOLONGAN, TOMOHON TENGAH, KOTA TOMOHON, SULAWESI UTARA",6,189,30,219
https://kawalpemilu.org#67323,"KOLONGAN, TOMOHON TENGAH, KOTA TOMOHON, SULAWESI UTARA",7,226,17,243
https://kawalpemilu.org#67324,"MATANI SATU, TOMOHON TENGAH, KOTA TOMOHON, SULAWESI UTARA",1,208,16,224
https://kawalpemilu.org#67324,"MATANI SATU, TOMOHON TENGAH, KOTA TOMOHON, SULAWESI UTARA",2,231,17,248
https://kawalpemilu.org#67324,"MATANI SATU, TOMOHON TENGAH, KOTA TOMOHON, SULAWESI UTARA",3,165,32,197
https://kawalpemilu.org#67324,"MATANI SATU, TOMOHON TENGAH, KOTA TOMOHON, SULAWESI UTARA",4,228,16,244
https://kawalpemilu.org#67324,"MATANI SATU, TOMOHON TENGAH, KOTA TOMOHON, SULAWESI UTARA",5,178,28,206
https://kawalpemilu.org#67324,"MATANI SATU, TOMOHON TENGAH, KOTA TOMOHON, SULAWESI UTARA",6,204,12,216
https://kawalpemilu.org#67325,"MATANI DUA, TOMOHON TENGAH, KOTA TOMOHON, SULAWESI UTARA",1,224,17,241
https://kawalpemilu.org#67325,"MATANI DUA, TOMOHON TENGAH, KOTA TOMOHON, SULAWESI UTARA",2,210,30,240
https://kawalpemilu.org#67325,"MATANI DUA, TOMOHON TENGAH, KOTA TOMOHON, SULAWESI UTARA",3,198,12,210
https://kawalpemilu.org#67325,"MATANI DUA, TOMOHON TENGAH, KOTA TOMOHON, SULAWESI UTARA",4,217,15,232
https://kawalpemilu.org#67325,"MATANI DUA, TOMOHON TENGAH, KOTA TOMOHON, SULAWESI UTARA",5,197,19,216
https://kawalpemilu.org#67325,"MATANI DUA, TOMOHON TENGAH, KOTA TOMOHON, SULAWESI UTARA",6,198,12,210
https://kawalpemilu.org#67325,"MATANI DUA, TOMOHON TENGAH, KOTA TOMOHON, SULAWESI UTARA",7,206,20,226
https://kawalpemilu.org#67325,"MATANI DUA, TOMOHON TENGAH, KOTA TOMOHON, SULAWESI UTARA",8,223,10,233
https://kawalpemilu.org#67325,"MATANI DUA, TOMOHON TENGAH, KOTA TOMOHON, SULAWESI UTARA",9,227,16,243
https://kawalpemilu.org#67326,"MATANI TIGA, TOMOHON TENGAH, KOTA TOMOHON, SULAWESI UTARA",1,220,22,242
https://kawalpemilu.org#67326,"MATANI TIGA, TOMOHON TENGAH, KOTA TOMOHON, SULAWESI UTARA",2,204,20,224
https://kawalpemilu.org#67326,"MATANI TIGA, TOMOHON TENGAH, KOTA TOMOHON, SULAWESI UTARA",3,189,17,206
https://kawalpemilu.org#67326,"MATANI TIGA, TOMOHON TENGAH, KOTA TOMOHON, SULAWESI UTARA",4,190,15,205
https://kawalpemilu.org#67326,"MATANI TIGA, TOMOHON TENGAH, KOTA TOMOHON, SULAWESI UTARA",5,215,10,225
https://kawalpemilu.org#67326,"MATANI TIGA, TOMOHON TENGAH, KOTA TOMOHON, SULAWESI UTARA",6,187,31,218
https://kawalpemilu.org#67326,"MATANI TIGA, TOMOHON TENGAH, KOTA TOMOHON, SULAWESI UTARA",7,168,8,176
https://kawalpemilu.org#67327,"KAMASI SATU, TOMOHON TENGAH, KOTA TOMOHON, SULAWESI UTARA",1,223,25,248
https://kawalpemilu.org#67327,"KAMASI SATU, TOMOHON TENGAH, KOTA TOMOHON, SULAWESI UTARA",2,209,28,237
https://kawalpemilu.org#67327,"KAMASI SATU, TOMOHON TENGAH, KOTA TOMOHON, SULAWESI UTARA",3,166,34,200
https://kawalpemilu.org#67328,"KOLONGAN SATU, TOMOHON TENGAH, KOTA TOMOHON, SULAWESI UTARA",1,198,50,248
https://kawalpemilu.org#67328,"KOLONGAN SATU, TOMOHON TENGAH, KOTA TOMOHON, SULAWESI UTARA",2,181,30,211
https://kawalpemilu.org#67328,"KOLONGAN SATU, TOMOHON TENGAH, KOTA TOMOHON, SULAWESI UTARA",3,192,47,239
https://kawalpemilu.org#67328,"KOLONGAN SATU, TOMOHON TENGAH, KOTA TOMOHON, SULAWESI UTARA",4,232,20,252
https://kawalpemilu.org#67330,"TINOOR SATU, TOMOHON UTARA, KOTA TOMOHON, SULAWESI UTARA",1,199,7,206
https://kawalpemilu.org#67330,"TINOOR SATU, TOMOHON UTARA, KOTA TOMOHON, SULAWESI UTARA",2,246,15,261
https://kawalpemilu.org#67330,"TINOOR SATU, TOMOHON UTARA, KOTA TOMOHON, SULAWESI UTARA",3,245,13,258
https://kawalpemilu.org#67330,"TINOOR SATU, TOMOHON UTARA, KOTA TOMOHON, SULAWESI UTARA",4,223,3,226
https://kawalpemilu.org#67330,"TINOOR SATU, TOMOHON UTARA, KOTA TOMOHON, SULAWESI UTARA",5,225,18,243
https://kawalpemilu.org#67331,"TINOOR DUA, TOMOHON UTARA, KOTA TOMOHON, SULAWESI UTARA",1,228,16,244
https://kawalpemilu.org#67331,"TINOOR DUA, TOMOHON UTARA, KOTA TOMOHON, SULAWESI UTARA",2,178,3,181
https://kawalpemilu.org#67331,"TINOOR DUA, TOMOHON UTARA, KOTA TOMOHON, SULAWESI UTARA",3,175,11,186
https://kawalpemilu.org#67331,"TINOOR DUA, TOMOHON UTARA, KOTA TOMOHON, SULAWESI UTARA",4,209,12,221
https://kawalpemilu.org#67331,"TINOOR DUA, TOMOHON UTARA, KOTA TOMOHON, SULAWESI UTARA",5,167,8,175
https://kawalpemilu.org#67331,"TINOOR DUA, TOMOHON UTARA, KOTA TOMOHON, SULAWESI UTARA",6,170,27,197
https://kawalpemilu.org#67332,"KINILOW, TOMOHON UTARA, KOTA TOMOHON, SULAWESI UTARA",1,245,9,254
https://kawalpemilu.org#67332,"KINILOW, TOMOHON UTARA, KOTA TOMOHON, SULAWESI UTARA",2,221,20,241
https://kawalpemilu.org#67332,"KINILOW, TOMOHON UTARA, KOTA TOMOHON, SULAWESI UTARA",3,253,13,266
https://kawalpemilu.org#67332,"KINILOW, TOMOHON UTARA, KOTA TOMOHON, SULAWESI UTARA",4,214,30,244
https://kawalpemilu.org#67332,"KINILOW, TOMOHON UTARA, KOTA TOMOHON, SULAWESI UTARA",5,220,43,263
https://kawalpemilu.org#67332,"KINILOW, TOMOHON UTARA, KOTA TOMOHON, SULAWESI UTARA",6,175,40,0
https://kawalpemilu.org#67333,"KAKASKASEN SATU, TOMOHON UTARA, KOTA TOMOHON, SULAWESI UTARA",1,233,9,242
https://kawalpemilu.org#67333,"KAKASKASEN SATU, TOMOHON UTARA, KOTA TOMOHON, SULAWESI UTARA",2,229,9,238
https://kawalpemilu.org#67333,"KAKASKASEN SATU, TOMOHON UTARA, KOTA TOMOHON, SULAWESI UTARA",3,244,14,258
https://kawalpemilu.org#67333,"KAKASKASEN SATU, TOMOHON UTARA, KOTA TOMOHON, SULAWESI UTARA",4,269,8,277
https://kawalpemilu.org#67333,"KAKASKASEN SATU, TOMOHON UTARA, KOTA TOMOHON, SULAWESI UTARA",5,252,3,255
https://kawalpemilu.org#67333,"KAKASKASEN SATU, TOMOHON UTARA, KOTA TOMOHON, SULAWESI UTARA",6,235,9,244
https://kawalpemilu.org#67333,"KAKASKASEN SATU, TOMOHON UTARA, KOTA TOMOHON, SULAWESI UTARA",7,246,4,250
https://kawalpemilu.org#67333,"KAKASKASEN SATU, TOMOHON UTARA, KOTA TOMOHON, SULAWESI UTARA",8,245,11,256
https://kawalpemilu.org#67333,"KAKASKASEN SATU, TOMOHON UTARA, KOTA TOMOHON, SULAWESI UTARA",9,223,13,236
https://kawalpemilu.org#67334,"KAKASKASEN DUA, TOMOHON UTARA, KOTA TOMOHON, SULAWESI UTARA",1,214,15,229
https://kawalpemilu.org#67334,"KAKASKASEN DUA, TOMOHON UTARA, KOTA TOMOHON, SULAWESI UTARA",2,233,5,238
https://kawalpemilu.org#67334,"KAKASKASEN DUA, TOMOHON UTARA, KOTA TOMOHON, SULAWESI UTARA",3,224,7,231
https://kawalpemilu.org#67334,"KAKASKASEN DUA, TOMOHON UTARA, KOTA TOMOHON, SULAWESI UTARA",4,191,11,202
https://kawalpemilu.org#67334,"KAKASKASEN DUA, TOMOHON UTARA, KOTA TOMOHON, SULAWESI UTARA",5,218,10,228
https://kawalpemilu.org#67334,"KAKASKASEN DUA, TOMOHON UTARA, KOTA TOMOHON, SULAWESI UTARA",6,243,4,247
https://kawalpemilu.org#67334,"KAKASKASEN DUA, TOMOHON UTARA, KOTA TOMOHON, SULAWESI UTARA",7,265,8,273
https://kawalpemilu.org#67334,"KAKASKASEN DUA, TOMOHON UTARA, KOTA TOMOHON, SULAWESI UTARA",8,181,7,188
https://kawalpemilu.org#67334,"KAKASKASEN DUA, TOMOHON UTARA, KOTA TOMOHON, SULAWESI UTARA",9,220,6,226
https://kawalpemilu.org#67334,"KAKASKASEN DUA, TOMOHON UTARA, KOTA TOMOHON, SULAWESI UTARA",10,214,7,221
https://kawalpemilu.org#67334,"KAKASKASEN DUA, TOMOHON UTARA, KOTA TOMOHON, SULAWESI UTARA",11,242,14,256
https://kawalpemilu.org#67334,"KAKASKASEN DUA, TOMOHON UTARA, KOTA TOMOHON, SULAWESI UTARA",12,158,9,167
https://kawalpemilu.org#67335,"KAKASKASEN TIGA, TOMOHON UTARA, KOTA TOMOHON, SULAWESI UTARA",1,234,20,254
https://kawalpemilu.org#67335,"KAKASKASEN TIGA, TOMOHON UTARA, KOTA TOMOHON, SULAWESI UTARA",2,233,17,250
https://kawalpemilu.org#67335,"KAKASKASEN TIGA, TOMOHON UTARA, KOTA TOMOHON, SULAWESI UTARA",3,228,16,244
https://kawalpemilu.org#67335,"KAKASKASEN TIGA, TOMOHON UTARA, KOTA TOMOHON, SULAWESI UTARA",4,239,13,252
https://kawalpemilu.org#67335,"KAKASKASEN TIGA, TOMOHON UTARA, KOTA TOMOHON, SULAWESI UTARA",5,234,16,250
https://kawalpemilu.org#67335,"KAKASKASEN TIGA, TOMOHON UTARA, KOTA TOMOHON, SULAWESI UTARA",6,231,20,251
https://kawalpemilu.org#67335,"KAKASKASEN TIGA, TOMOHON UTARA, KOTA TOMOHON, SULAWESI UTARA",7,214,23,237
https://kawalpemilu.org#67335,"KAKASKASEN TIGA, TOMOHON UTARA, KOTA TOMOHON, SULAWESI UTARA",8,237,22,259
https://kawalpemilu.org#67335,"KAKASKASEN TIGA, TOMOHON UTARA, KOTA TOMOHON, SULAWESI UTARA",9,243,21,264
https://kawalpemilu.org#67336,"WAILAN, TOMOHON UTARA, KOTA TOMOHON, SULAWESI UTARA",1,196,8,204
https://kawalpemilu.org#67336,"WAILAN, TOMOHON UTARA, KOTA TOMOHON, SULAWESI UTARA",2,209,12,221
https://kawalpemilu.org#67336,"WAILAN, TOMOHON UTARA, KOTA TOMOHON, SULAWESI UTARA",3,212,17,229
https://kawalpemilu.org#67336,"WAILAN, TOMOHON UTARA, KOTA TOMOHON, SULAWESI UTARA",4,198,13,211
https://kawalpemilu.org#67336,"WAILAN, TOMOHON UTARA, KOTA TOMOHON, SULAWESI UTARA",5,185,11,196
https://kawalpemilu.org#67336,"WAILAN, TOMOHON UTARA, KOTA TOMOHON, SULAWESI UTARA",6,212,3,215
https://kawalpemilu.org#67336,"WAILAN, TOMOHON UTARA, KOTA TOMOHON, SULAWESI UTARA",7,199,16,215
https://kawalpemilu.org#67336,"WAILAN, TOMOHON UTARA, KOTA TOMOHON, SULAWESI UTARA",8,203,9,212
https://kawalpemilu.org#67336,"WAILAN, TOMOHON UTARA, KOTA TOMOHON, SULAWESI UTARA",9,205,11,216
https://kawalpemilu.org#67336,"WAILAN, TOMOHON UTARA, KOTA TOMOHON, SULAWESI UTARA",10,162,12,174
https://kawalpemilu.org#67337,"KAYAWU, TOMOHON UTARA, KOTA TOMOHON, SULAWESI UTARA",1,200,14,214
https://kawalpemilu.org#67337,"KAYAWU, TOMOHON UTARA, KOTA TOMOHON, SULAWESI UTARA",2,207,16,223
https://kawalpemilu.org#67337,"KAYAWU, TOMOHON UTARA, KOTA TOMOHON, SULAWESI UTARA",3,230,17,247
https://kawalpemilu.org#67337,"KAYAWU, TOMOHON UTARA, KOTA TOMOHON, SULAWESI UTARA",4,205,18,223
https://kawalpemilu.org#67337,"KAYAWU, TOMOHON UTARA, KOTA TOMOHON, SULAWESI UTARA",5,216,13,229
https://kawalpemilu.org#67337,"KAYAWU, TOMOHON UTARA, KOTA TOMOHON, SULAWESI UTARA",6,218,12,230
https://kawalpemilu.org#67337,"KAYAWU, TOMOHON UTARA, KOTA TOMOHON, SULAWESI UTARA",7,233,28,261
https://kawalpemilu.org#67337,"KAYAWU, TOMOHON UTARA, KOTA TOMOHON, SULAWESI UTARA",8,183,28,211
https://kawalpemilu.org#67338,"KINILOW SATU, TOMOHON UTARA, KOTA TOMOHON, SULAWESI UTARA",1,198,11,209
https://kawalpemilu.org#67338,"KINILOW SATU, TOMOHON UTARA, KOTA TOMOHON, SULAWESI UTARA",2,224,34,258
https://kawalpemilu.org#67338,"KINILOW SATU, TOMOHON UTARA, KOTA TOMOHON, SULAWESI UTARA",3,183,7,190
https://kawalpemilu.org#67338,"KINILOW SATU, TOMOHON UTARA, KOTA TOMOHON, SULAWESI UTARA",4,199,14,213
https://kawalpemilu.org#67338,"KINILOW SATU, TOMOHON UTARA, KOTA TOMOHON, SULAWESI UTARA",5,207,16,223
https://kawalpemilu.org#67338,"KINILOW SATU, TOMOHON UTARA, KOTA TOMOHON, SULAWESI UTARA",6,214,26,240
https://kawalpemilu.org#67338,"KINILOW SATU, TOMOHON UTARA, KOTA TOMOHON, SULAWESI UTARA",7,220,18,238
https://kawalpemilu.org#67338,"KINILOW SATU, TOMOHON UTARA, KOTA TOMOHON, SULAWESI UTARA",8,238,16,254
https://kawalpemilu.org#67339,"KAKASKASEN, TOMOHON UTARA, KOTA TOMOHON, SULAWESI UTARA",1,236,8,244
https://kawalpemilu.org#67339,"KAKASKASEN, TOMOHON UTARA, KOTA TOMOHON, SULAWESI UTARA",2,237,17,254
https://kawalpemilu.org#67339,"KAKASKASEN, TOMOHON UTARA, KOTA TOMOHON, SULAWESI UTARA",3,221,10,231
https://kawalpemilu.org#67339,"KAKASKASEN, TOMOHON UTARA, KOTA TOMOHON, SULAWESI UTARA",4,233,5,238
https://kawalpemilu.org#67339,"KAKASKASEN, TOMOHON UTARA, KOTA TOMOHON, SULAWESI UTARA",5,190,19,209
https://kawalpemilu.org#67339,"KAKASKASEN, TOMOHON UTARA, KOTA TOMOHON, SULAWESI UTARA",6,179,12,191
https://kawalpemilu.org#67339,"KAKASKASEN, TOMOHON UTARA, KOTA TOMOHON, SULAWESI UTARA",7,213,13,226
https://kawalpemilu.org#67339,"KAKASKASEN, TOMOHON UTARA, KOTA TOMOHON, SULAWESI UTARA",8,178,11,189
https://kawalpemilu.org#67341,"WOLOAN SATU, TOMOHON BARAT, KOTA TOMOHON, SULAWESI UTARA",1,251,24,275
https://kawalpemilu.org#67341,"WOLOAN SATU, TOMOHON BARAT, KOTA TOMOHON, SULAWESI UTARA",2,207,50,257
https://kawalpemilu.org#67341,"WOLOAN SATU, TOMOHON BARAT, KOTA TOMOHON, SULAWESI UTARA",3,207,29,236
https://kawalpemilu.org#67341,"WOLOAN SATU, TOMOHON BARAT, KOTA TOMOHON, SULAWESI UTARA",4,230,18,248
https://kawalpemilu.org#67341,"WOLOAN SATU, TOMOHON BARAT, KOTA TOMOHON, SULAWESI UTARA",5,225,31,256
https://kawalpemilu.org#67341,"WOLOAN SATU, TOMOHON BARAT, KOTA TOMOHON, SULAWESI UTARA",6,246,21,267
https://kawalpemilu.org#67342,"WOLOAN DUA, TOMOHON BARAT, KOTA TOMOHON, SULAWESI UTARA",1,209,17,226
https://kawalpemilu.org#67342,"WOLOAN DUA, TOMOHON BARAT, KOTA TOMOHON, SULAWESI UTARA",2,197,23,220
https://kawalpemilu.org#67342,"WOLOAN DUA, TOMOHON BARAT, KOTA TOMOHON, SULAWESI UTARA",3,197,14,211
https://kawalpemilu.org#67342,"WOLOAN DUA, TOMOHON BARAT, KOTA TOMOHON, SULAWESI UTARA",4,203,17,220
https://kawalpemilu.org#67342,"WOLOAN DUA, TOMOHON BARAT, KOTA TOMOHON, SULAWESI UTARA",5,187,21,208
https://kawalpemilu.org#67342,"WOLOAN DUA, TOMOHON BARAT, KOTA TOMOHON, SULAWESI UTARA",6,223,12,235
https://kawalpemilu.org#67342,"WOLOAN DUA, TOMOHON BARAT, KOTA TOMOHON, SULAWESI UTARA",7,152,3,155
https://kawalpemilu.org#67343,"WOLOAN TIGA, TOMOHON BARAT, KOTA TOMOHON, SULAWESI UTARA",1,237,6,243
https://kawalpemilu.org#67343,"WOLOAN TIGA, TOMOHON BARAT, KOTA TOMOHON, SULAWESI UTARA",2,226,12,238
https://kawalpemilu.org#67343,"WOLOAN TIGA, TOMOHON BARAT, KOTA TOMOHON, SULAWESI UTARA",3,181,6,187
https://kawalpemilu.org#67343,"WOLOAN TIGA, TOMOHON BARAT, KOTA TOMOHON, SULAWESI UTARA",4,225,6,231
https://kawalpemilu.org#67343,"WOLOAN TIGA, TOMOHON BARAT, KOTA TOMOHON, SULAWESI UTARA",5,212,7,219
https://kawalpemilu.org#67343,"WOLOAN TIGA, TOMOHON BARAT, KOTA TOMOHON, SULAWESI UTARA",6,201,8,209
https://kawalpemilu.org#67343,"WOLOAN TIGA, TOMOHON BARAT, KOTA TOMOHON, SULAWESI UTARA",7,203,13,216
https://kawalpemilu.org#67343,"WOLOAN TIGA, TOMOHON BARAT, KOTA TOMOHON, SULAWESI UTARA",8,225,27,252
https://kawalpemilu.org#67344,"TARATARA SATU, TOMOHON BARAT, KOTA TOMOHON, SULAWESI UTARA",1,229,14,243
https://kawalpemilu.org#67344,"TARATARA SATU, TOMOHON BARAT, KOTA TOMOHON, SULAWESI UTARA",2,238,9,247
https://kawalpemilu.org#67344,"TARATARA SATU, TOMOHON BARAT, KOTA TOMOHON, SULAWESI UTARA",3,226,10,236
https://kawalpemilu.org#67344,"TARATARA SATU, TOMOHON BARAT, KOTA TOMOHON, SULAWESI UTARA",4,238,16,254
https://kawalpemilu.org#67344,"TARATARA SATU, TOMOHON BARAT, KOTA TOMOHON, SULAWESI UTARA",5,246,17,263
https://kawalpemilu.org#67345,"TARATARA DUA, TOMOHON BARAT, KOTA TOMOHON, SULAWESI UTARA",1,223,11,234
https://kawalpemilu.org#67345,"TARATARA DUA, TOMOHON BARAT, KOTA TOMOHON, SULAWESI UTARA",2,234,9,243
https://kawalpemilu.org#67345,"TARATARA DUA, TOMOHON BARAT, KOTA TOMOHON, SULAWESI UTARA",3,199,20,219
https://kawalpemilu.org#67345,"TARATARA DUA, TOMOHON BARAT, KOTA TOMOHON, SULAWESI UTARA",4,221,11,232
https://kawalpemilu.org#67345,"TARATARA DUA, TOMOHON BARAT, KOTA TOMOHON, SULAWESI UTARA",5,195,23,218
https://kawalpemilu.org#67346,"WOLOAN SATU UTARA, TOMOHON BARAT, KOTA TOMOHON, SULAWESI UTARA",1,197,13,210
https://kawalpemilu.org#67346,"WOLOAN SATU UTARA, TOMOHON BARAT, KOTA TOMOHON, SULAWESI UTARA",2,224,9,233
https://kawalpemilu.org#67346,"WOLOAN SATU UTARA, TOMOHON BARAT, KOTA TOMOHON, SULAWESI UTARA",3,216,15,231
https://kawalpemilu.org#67346,"WOLOAN SATU UTARA, TOMOHON BARAT, KOTA TOMOHON, SULAWESI UTARA",4,194,13,207
https://kawalpemilu.org#67346,"WOLOAN SATU UTARA, TOMOHON BARAT, KOTA TOMOHON, SULAWESI UTARA",5,240,6,246
https://kawalpemilu.org#67347,"TARATARA, TOMOHON BARAT, KOTA TOMOHON, SULAWESI UTARA",1,237,9,246
https://kawalpemilu.org#67347,"TARATARA, TOMOHON BARAT, KOTA TOMOHON, SULAWESI UTARA",2,224,12,236
https://kawalpemilu.org#67347,"TARATARA, TOMOHON BARAT, KOTA TOMOHON, SULAWESI UTARA",3,205,15,220
https://kawalpemilu.org#67347,"TARATARA, TOMOHON BARAT, KOTA TOMOHON, SULAWESI UTARA",4,206,14,220
https://kawalpemilu.org#67347,"TARATARA, TOMOHON BARAT, KOTA TOMOHON, SULAWESI UTARA",5,230,28,258
https://kawalpemilu.org#67347,"TARATARA, TOMOHON BARAT, KOTA TOMOHON, SULAWESI UTARA",6,175,12,187
https://kawalpemilu.org#67348,"TARATARA TIGA, TOMOHON BARAT, KOTA TOMOHON, SULAWESI UTARA",1,233,22,255
https://kawalpemilu.org#67348,"TARATARA TIGA, TOMOHON BARAT, KOTA TOMOHON, SULAWESI UTARA",2,238,10,248
https://kawalpemilu.org#67348,"TARATARA TIGA, TOMOHON BARAT, KOTA TOMOHON, SULAWESI UTARA",3,195,12,207
https://kawalpemilu.org#67348,"TARATARA TIGA, TOMOHON BARAT, KOTA TOMOHON, SULAWESI UTARA",4,196,8,204
https://kawalpemilu.org#67348,"TARATARA TIGA, TOMOHON BARAT, KOTA TOMOHON, SULAWESI UTARA",5,220,5,225
https://kawalpemilu.org#67350,"PASLATEN SATU, TOMOHON TIMUR, KOTA TOMOHON, SULAWESI UTARA",1,156,22,178
https://kawalpemilu.org#67350,"PASLATEN SATU, TOMOHON TIMUR, KOTA TOMOHON, SULAWESI UTARA",2,196,26,222
https://kawalpemilu.org#67350,"PASLATEN SATU, TOMOHON TIMUR, KOTA TOMOHON, SULAWESI UTARA",3,237,22,259
https://kawalpemilu.org#67350,"PASLATEN SATU, TOMOHON TIMUR, KOTA TOMOHON, SULAWESI UTARA",4,170,38,208
https://kawalpemilu.org#67350,"PASLATEN SATU, TOMOHON TIMUR, KOTA TOMOHON, SULAWESI UTARA",5,225,31,256
https://kawalpemilu.org#67350,"PASLATEN SATU, TOMOHON TIMUR, KOTA TOMOHON, SULAWESI UTARA",6,197,25,222
https://kawalpemilu.org#67350,"PASLATEN SATU, TOMOHON TIMUR, KOTA TOMOHON, SULAWESI UTARA",7,228,9,237
https://kawalpemilu.org#67350,"PASLATEN SATU, TOMOHON TIMUR, KOTA TOMOHON, SULAWESI UTARA",8,129,16,145
https://kawalpemilu.org#67350,"PASLATEN SATU, TOMOHON TIMUR, KOTA TOMOHON, SULAWESI UTARA",9,230,42,272
https://kawalpemilu.org#67351,"PASLATEN  DUA, TOMOHON TIMUR, KOTA TOMOHON, SULAWESI UTARA",1,202,8,210
https://kawalpemilu.org#67351,"PASLATEN  DUA, TOMOHON TIMUR, KOTA TOMOHON, SULAWESI UTARA",2,222,12,234
https://kawalpemilu.org#67351,"PASLATEN  DUA, TOMOHON TIMUR, KOTA TOMOHON, SULAWESI UTARA",3,204,34,238
https://kawalpemilu.org#67351,"PASLATEN  DUA, TOMOHON TIMUR, KOTA TOMOHON, SULAWESI UTARA",4,226,30,256
https://kawalpemilu.org#67351,"PASLATEN  DUA, TOMOHON TIMUR, KOTA TOMOHON, SULAWESI UTARA",5,235,22,257
https://kawalpemilu.org#67351,"PASLATEN  DUA, TOMOHON TIMUR, KOTA TOMOHON, SULAWESI UTARA",6,190,41,231
https://kawalpemilu.org#67351,"PASLATEN  DUA, TOMOHON TIMUR, KOTA TOMOHON, SULAWESI UTARA",7,224,22,246
https://kawalpemilu.org#67351,"PASLATEN  DUA, TOMOHON TIMUR, KOTA TOMOHON, SULAWESI UTARA",8,240,14,254
https://kawalpemilu.org#67351,"PASLATEN  DUA, TOMOHON TIMUR, KOTA TOMOHON, SULAWESI UTARA",9,194,27,221
https://kawalpemilu.org#67352,"RURUKAN, TOMOHON TIMUR, KOTA TOMOHON, SULAWESI UTARA",1,245,4,249
https://kawalpemilu.org#67352,"RURUKAN, TOMOHON TIMUR, KOTA TOMOHON, SULAWESI UTARA",2,247,22,269
https://kawalpemilu.org#67352,"RURUKAN, TOMOHON TIMUR, KOTA TOMOHON, SULAWESI UTARA",3,248,13,261
https://kawalpemilu.org#67352,"RURUKAN, TOMOHON TIMUR, KOTA TOMOHON, SULAWESI UTARA",4,243,9,252
https://kawalpemilu.org#67352,"RURUKAN, TOMOHON TIMUR, KOTA TOMOHON, SULAWESI UTARA",5,182,8,190
https://kawalpemilu.org#67353,"RURUKAN SATU, TOMOHON TIMUR, KOTA TOMOHON, SULAWESI UTARA",1,204,17,221
https://kawalpemilu.org#67353,"RURUKAN SATU, TOMOHON TIMUR, KOTA TOMOHON, SULAWESI UTARA",2,214,1,215
https://kawalpemilu.org#67353,"RURUKAN SATU, TOMOHON TIMUR, KOTA TOMOHON, SULAWESI UTARA",3,211,7,218
https://kawalpemilu.org#67353,"RURUKAN SATU, TOMOHON TIMUR, KOTA TOMOHON, SULAWESI UTARA",4,201,15,216
https://kawalpemilu.org#67354,"KUMELEMBUAY, TOMOHON TIMUR, KOTA TOMOHON, SULAWESI UTARA",1,200,23,223
https://kawalpemilu.org#67354,"KUMELEMBUAY, TOMOHON TIMUR, KOTA TOMOHON, SULAWESI UTARA",2,205,20,225
https://kawalpemilu.org#67354,"KUMELEMBUAY, TOMOHON TIMUR, KOTA TOMOHON, SULAWESI UTARA",3,222,16,238
https://kawalpemilu.org#67354,"KUMELEMBUAY, TOMOHON TIMUR, KOTA TOMOHON, SULAWESI UTARA",4,226,13,239
https://kawalpemilu.org#67357,"BIGA, KOTAMOBAGU UTARA, KOTA KOTAMOBAGU, SULAWESI UTARA",1,152,60,212
https://kawalpemilu.org#67357,"BIGA, KOTAMOBAGU UTARA, KOTA KOTAMOBAGU, SULAWESI UTARA",2,116,56,173
https://kawalpemilu.org#67357,"BIGA, KOTAMOBAGU UTARA, KOTA KOTAMOBAGU, SULAWESI UTARA",3,113,129,242
https://kawalpemilu.org#67357,"BIGA, KOTAMOBAGU UTARA, KOTA KOTAMOBAGU, SULAWESI UTARA",4,83,163,246
https://kawalpemilu.org#67357,"BIGA, KOTAMOBAGU UTARA, KOTA KOTAMOBAGU, SULAWESI UTARA",5,80,154,234
https://kawalpemilu.org#67357,"BIGA, KOTAMOBAGU UTARA, KOTA KOTAMOBAGU, SULAWESI UTARA",6,66,162,228
https://kawalpemilu.org#67357,"BIGA, KOTAMOBAGU UTARA, KOTA KOTAMOBAGU, SULAWESI UTARA",7,55,173,228
https://kawalpemilu.org#67357,"BIGA, KOTAMOBAGU UTARA, KOTA KOTAMOBAGU, SULAWESI UTARA",8,129,78,207
https://kawalpemilu.org#67357,"BIGA, KOTAMOBAGU UTARA, KOTA KOTAMOBAGU, SULAWESI UTARA",9,92,118,210
https://kawalpemilu.org#67357,"BIGA, KOTAMOBAGU UTARA, KOTA KOTAMOBAGU, SULAWESI UTARA",10,68,158,227
https://kawalpemilu.org#67358,"UPAI, KOTAMOBAGU UTARA, KOTA KOTAMOBAGU, SULAWESI UTARA",1,59,174,233
https://kawalpemilu.org#67358,"UPAI, KOTAMOBAGU UTARA, KOTA KOTAMOBAGU, SULAWESI UTARA",2,56,170,226
https://kawalpemilu.org#67358,"UPAI, KOTAMOBAGU UTARA, KOTA KOTAMOBAGU, SULAWESI UTARA",3,64,158,222
https://kawalpemilu.org#67358,"UPAI, KOTAMOBAGU UTARA, KOTA KOTAMOBAGU, SULAWESI UTARA",4,51,164,215
https://kawalpemilu.org#67358,"UPAI, KOTAMOBAGU UTARA, KOTA KOTAMOBAGU, SULAWESI UTARA",5,53,176,229
https://kawalpemilu.org#67358,"UPAI, KOTAMOBAGU UTARA, KOTA KOTAMOBAGU, SULAWESI UTARA",6,41,140,181
https://kawalpemilu.org#67358,"UPAI, KOTAMOBAGU UTARA, KOTA KOTAMOBAGU, SULAWESI UTARA",7,57,156,213
https://kawalpemilu.org#67359,"GENGGULANG, KOTAMOBAGU UTARA, KOTA KOTAMOBAGU, SULAWESI UTARA",1,20,106,126
https://kawalpemilu.org#67359,"GENGGULANG, KOTAMOBAGU UTARA, KOTA KOTAMOBAGU, SULAWESI UTARA",2,50,159,209
https://kawalpemilu.org#67359,"GENGGULANG, KOTAMOBAGU UTARA, KOTA KOTAMOBAGU, SULAWESI UTARA",3,52,182,234
https://kawalpemilu.org#67359,"GENGGULANG, KOTAMOBAGU UTARA, KOTA KOTAMOBAGU, SULAWESI UTARA",4,48,111,159
https://kawalpemilu.org#67359,"GENGGULANG, KOTAMOBAGU UTARA, KOTA KOTAMOBAGU, SULAWESI UTARA",5,48,116,164
https://kawalpemilu.org#67359,"GENGGULANG, KOTAMOBAGU UTARA, KOTA KOTAMOBAGU, SULAWESI UTARA",7,62,167,189
https://kawalpemilu.org#67359,"GENGGULANG, KOTAMOBAGU UTARA, KOTA KOTAMOBAGU, SULAWESI UTARA",8,54,164,218
https://kawalpemilu.org#67359,"GENGGULANG, KOTAMOBAGU UTARA, KOTA KOTAMOBAGU, SULAWESI UTARA",9,54,142,196
https://kawalpemilu.org#67360,"BILALANG I, KOTAMOBAGU UTARA, KOTA KOTAMOBAGU, SULAWESI UTARA",1,15,191,206
https://kawalpemilu.org#67360,"BILALANG I, KOTAMOBAGU UTARA, KOTA KOTAMOBAGU, SULAWESI UTARA",2,31,185,216
https://kawalpemilu.org#67360,"BILALANG I, KOTAMOBAGU UTARA, KOTA KOTAMOBAGU, SULAWESI UTARA",3,29,186,215
https://kawalpemilu.org#67360,"BILALANG I, KOTAMOBAGU UTARA, KOTA KOTAMOBAGU, SULAWESI UTARA",4,37,196,233
https://kawalpemilu.org#67360,"BILALANG I, KOTAMOBAGU UTARA, KOTA KOTAMOBAGU, SULAWESI UTARA",5,38,189,227
https://kawalpemilu.org#67360,"BILALANG I, KOTAMOBAGU UTARA, KOTA KOTAMOBAGU, SULAWESI UTARA",6,37,168,205
https://kawalpemilu.org#67360,"BILALANG I, KOTAMOBAGU UTARA, KOTA KOTAMOBAGU, SULAWESI UTARA",7,21,181,202
https://kawalpemilu.org#67361,"BILALANG II, KOTAMOBAGU UTARA, KOTA KOTAMOBAGU, SULAWESI UTARA",1,37,232,269
https://kawalpemilu.org#67361,"BILALANG II, KOTAMOBAGU UTARA, KOTA KOTAMOBAGU, SULAWESI UTARA",2,37,220,257
https://kawalpemilu.org#67361,"BILALANG II, KOTAMOBAGU UTARA, KOTA KOTAMOBAGU, SULAWESI UTARA",3,17,235,252
https://kawalpemilu.org#67361,"BILALANG II, KOTAMOBAGU UTARA, KOTA KOTAMOBAGU, SULAWESI UTARA",4,31,204,235
https://kawalpemilu.org#67361,"BILALANG II, KOTAMOBAGU UTARA, KOTA KOTAMOBAGU, SULAWESI UTARA",5,43,210,253
https://kawalpemilu.org#67361,"BILALANG II, KOTAMOBAGU UTARA, KOTA KOTAMOBAGU, SULAWESI UTARA",6,42,178,220
https://kawalpemilu.org#67362,"PONTODON, KOTAMOBAGU UTARA, KOTA KOTAMOBAGU, SULAWESI UTARA",1,48,186,234
https://kawalpemilu.org#67362,"PONTODON, KOTAMOBAGU UTARA, KOTA KOTAMOBAGU, SULAWESI UTARA",2,46,189,235
https://kawalpemilu.org#67362,"PONTODON, KOTAMOBAGU UTARA, KOTA KOTAMOBAGU, SULAWESI UTARA",3,54,166,220
https://kawalpemilu.org#67362,"PONTODON, KOTAMOBAGU UTARA, KOTA KOTAMOBAGU, SULAWESI UTARA",4,34,175,209
https://kawalpemilu.org#67362,"PONTODON, KOTAMOBAGU UTARA, KOTA KOTAMOBAGU, SULAWESI UTARA",5,48,206,254
https://kawalpemilu.org#67362,"PONTODON, KOTAMOBAGU UTARA, KOTA KOTAMOBAGU, SULAWESI UTARA",6,55,182,237
https://kawalpemilu.org#67363,"SIA, KOTAMOBAGU UTARA, KOTA KOTAMOBAGU, SULAWESI UTARA",1,195,15,210
https://kawalpemilu.org#67364,"PONTODON TIMUR, KOTAMOBAGU UTARA, KOTA KOTAMOBAGU, SULAWESI UTARA",1,106,164,270
https://kawalpemilu.org#67364,"PONTODON TIMUR, KOTAMOBAGU UTARA, KOTA KOTAMOBAGU, SULAWESI UTARA",2,101,175,276
https://kawalpemilu.org#67366,"KOTOBANGUN, KOTAMOBAGU TIMUR, KOTA KOTAMOBAGU, SULAWESI UTARA",1,65,188,253
https://kawalpemilu.org#67366,"KOTOBANGUN, KOTAMOBAGU TIMUR, KOTA KOTAMOBAGU, SULAWESI UTARA",2,125,106,231
https://kawalpemilu.org#67366,"KOTOBANGUN, KOTAMOBAGU TIMUR, KOTA KOTAMOBAGU, SULAWESI UTARA",3,54,157,211
https://kawalpemilu.org#67366,"KOTOBANGUN, KOTAMOBAGU TIMUR, KOTA KOTAMOBAGU, SULAWESI UTARA",4,66,182,248
https://kawalpemilu.org#67366,"KOTOBANGUN, KOTAMOBAGU TIMUR, KOTA KOTAMOBAGU, SULAWESI UTARA",5,117,77,194
https://kawalpemilu.org#67366,"KOTOBANGUN, KOTAMOBAGU TIMUR, KOTA KOTAMOBAGU, SULAWESI UTARA",6,66,143,209
https://kawalpemilu.org#67366,"KOTOBANGUN, KOTAMOBAGU TIMUR, KOTA KOTAMOBAGU, SULAWESI UTARA",7,60,126,186
https://kawalpemilu.org#67366,"KOTOBANGUN, KOTAMOBAGU TIMUR, KOTA KOTAMOBAGU, SULAWESI UTARA",8,95,114,209
https://kawalpemilu.org#67366,"KOTOBANGUN, KOTAMOBAGU TIMUR, KOTA KOTAMOBAGU, SULAWESI UTARA",9,54,143,197
https://kawalpemilu.org#67366,"KOTOBANGUN, KOTAMOBAGU TIMUR, KOTA KOTAMOBAGU, SULAWESI UTARA",10,59,133,192
https://kawalpemilu.org#67366,"KOTOBANGUN, KOTAMOBAGU TIMUR, KOTA KOTAMOBAGU, SULAWESI UTARA",11,57,184,241
https://kawalpemilu.org#67366,"KOTOBANGUN, KOTAMOBAGU TIMUR, KOTA KOTAMOBAGU, SULAWESI UTARA",12,180,19,199
https://kawalpemilu.org#67366,"KOTOBANGUN, KOTAMOBAGU TIMUR, KOTA KOTAMOBAGU, SULAWESI UTARA",13,145,33,178
https://kawalpemilu.org#67366,"KOTOBANGUN, KOTAMOBAGU TIMUR, KOTA KOTAMOBAGU, SULAWESI UTARA",14,129,52,181
https://kawalpemilu.org#67366,"KOTOBANGUN, KOTAMOBAGU TIMUR, KOTA KOTAMOBAGU, SULAWESI UTARA",15,193,26,216
https://kawalpemilu.org#67366,"KOTOBANGUN, KOTAMOBAGU TIMUR, KOTA KOTAMOBAGU, SULAWESI UTARA",16,166,78,244
https://kawalpemilu.org#67366,"KOTOBANGUN, KOTAMOBAGU TIMUR, KOTA KOTAMOBAGU, SULAWESI UTARA",17,66,138,204
https://kawalpemilu.org#67366,"KOTOBANGUN, KOTAMOBAGU TIMUR, KOTA KOTAMOBAGU, SULAWESI UTARA",18,60,165,225
https://kawalpemilu.org#67366,"KOTOBANGUN, KOTAMOBAGU TIMUR, KOTA KOTAMOBAGU, SULAWESI UTARA",19,65,152,217
https://kawalpemilu.org#67366,"KOTOBANGUN, KOTAMOBAGU TIMUR, KOTA KOTAMOBAGU, SULAWESI UTARA",20,68,172,240
https://kawalpemilu.org#67367,"TUMUBUI, KOTAMOBAGU TIMUR, KOTA KOTAMOBAGU, SULAWESI UTARA",1,235,12,247
https://kawalpemilu.org#67367,"TUMUBUI, KOTAMOBAGU TIMUR, KOTA KOTAMOBAGU, SULAWESI UTARA",2,230,31,261
https://kawalpemilu.org#67367,"TUMUBUI, KOTAMOBAGU TIMUR, KOTA KOTAMOBAGU, SULAWESI UTARA",3,228,17,245
https://kawalpemilu.org#67367,"TUMUBUI, KOTAMOBAGU TIMUR, KOTA KOTAMOBAGU, SULAWESI UTARA",4,226,37,263
https://kawalpemilu.org#67367,"TUMUBUI, KOTAMOBAGU TIMUR, KOTA KOTAMOBAGU, SULAWESI UTARA",5,226,22,248
https://kawalpemilu.org#67367,"TUMUBUI, KOTAMOBAGU TIMUR, KOTA KOTAMOBAGU, SULAWESI UTARA",6,209,37,246
https://kawalpemilu.org#67367,"TUMUBUI, KOTAMOBAGU TIMUR, KOTA KOTAMOBAGU, SULAWESI UTARA",7,214,24,238
https://kawalpemilu.org#67368,"SININDIAN, KOTAMOBAGU TIMUR, KOTA KOTAMOBAGU, SULAWESI UTARA",1,169,75,244
https://kawalpemilu.org#67368,"SININDIAN, KOTAMOBAGU TIMUR, KOTA KOTAMOBAGU, SULAWESI UTARA",2,88,143,231
https://kawalpemilu.org#67368,"SININDIAN, KOTAMOBAGU TIMUR, KOTA KOTAMOBAGU, SULAWESI UTARA",3,104,149,253
https://kawalpemilu.org#67368,"SININDIAN, KOTAMOBAGU TIMUR, KOTA KOTAMOBAGU, SULAWESI UTARA",4,77,148,225
https://kawalpemilu.org#67368,"SININDIAN, KOTAMOBAGU TIMUR, KOTA KOTAMOBAGU, SULAWESI UTARA",5,79,166,245
https://kawalpemilu.org#67368,"SININDIAN, KOTAMOBAGU TIMUR, KOTA KOTAMOBAGU, SULAWESI UTARA",6,128,129,257
https://kawalpemilu.org#67368,"SININDIAN, KOTAMOBAGU TIMUR, KOTA KOTAMOBAGU, SULAWESI UTARA",7,185,45,230
https://kawalpemilu.org#67369,"MATALI, KOTAMOBAGU TIMUR, KOTA KOTAMOBAGU, SULAWESI UTARA",1,72,172,244
https://kawalpemilu.org#67369,"MATALI, KOTAMOBAGU TIMUR, KOTA KOTAMOBAGU, SULAWESI UTARA",2,55,189,244
https://kawalpemilu.org#67369,"MATALI, KOTAMOBAGU TIMUR, KOTA KOTAMOBAGU, SULAWESI UTARA",3,48,197,245
https://kawalpemilu.org#67369,"MATALI, KOTAMOBAGU TIMUR, KOTA KOTAMOBAGU, SULAWESI UTARA",4,30,200,230
https://kawalpemilu.org#67369,"MATALI, KOTAMOBAGU TIMUR, KOTA KOTAMOBAGU, SULAWESI UTARA",5,47,195,242
https://kawalpemilu.org#67369,"MATALI, KOTAMOBAGU TIMUR, KOTA KOTAMOBAGU, SULAWESI UTARA",6,58,184,242
https://kawalpemilu.org#67369,"MATALI, KOTAMOBAGU TIMUR, KOTA KOTAMOBAGU, SULAWESI UTARA",7,53,191,244
https://kawalpemilu.org#67369,"MATALI, KOTAMOBAGU TIMUR, KOTA KOTAMOBAGU, SULAWESI UTARA",8,65,167,232
https://kawalpemilu.org#67369,"MATALI, KOTAMOBAGU TIMUR, KOTA KOTAMOBAGU, SULAWESI UTARA",9,52,179,231
https://kawalpemilu.org#67369,"MATALI, KOTAMOBAGU TIMUR, KOTA KOTAMOBAGU, SULAWESI UTARA",10,49,179,227
https://kawalpemilu.org#67369,"MATALI, KOTAMOBAGU TIMUR, KOTA KOTAMOBAGU, SULAWESI UTARA",11,51,175,226
https://kawalpemilu.org#67369,"MATALI, KOTAMOBAGU TIMUR, KOTA KOTAMOBAGU, SULAWESI UTARA",12,58,177,235
https://kawalpemilu.org#67369,"MATALI, KOTAMOBAGU TIMUR, KOTA KOTAMOBAGU, SULAWESI UTARA",13,63,180,243
https://kawalpemilu.org#67369,"MATALI, KOTAMOBAGU TIMUR, KOTA KOTAMOBAGU, SULAWESI UTARA",14,43,160,203
https://kawalpemilu.org#67370,"MOTOBOI BESAR, KOTAMOBAGU TIMUR, KOTA KOTAMOBAGU, SULAWESI UTARA",1,74,167,241
https://kawalpemilu.org#67370,"MOTOBOI BESAR, KOTAMOBAGU TIMUR, KOTA KOTAMOBAGU, SULAWESI UTARA",2,85,181,266
https://kawalpemilu.org#67370,"MOTOBOI BESAR, KOTAMOBAGU TIMUR, KOTA KOTAMOBAGU, SULAWESI UTARA",3,72,180,252
https://kawalpemilu.org#67370,"MOTOBOI BESAR, KOTAMOBAGU TIMUR, KOTA KOTAMOBAGU, SULAWESI UTARA",4,82,159,241
https://kawalpemilu.org#67370,"MOTOBOI BESAR, KOTAMOBAGU TIMUR, KOTA KOTAMOBAGU, SULAWESI UTARA",5,74,167,241
https://kawalpemilu.org#67370,"MOTOBOI BESAR, KOTAMOBAGU TIMUR, KOTA KOTAMOBAGU, SULAWESI UTARA",6,98,138,236
https://kawalpemilu.org#67370,"MOTOBOI BESAR, KOTAMOBAGU TIMUR, KOTA KOTAMOBAGU, SULAWESI UTARA",7,107,126,233
https://kawalpemilu.org#67371,"KOBO BESAR, KOTAMOBAGU TIMUR, KOTA KOTAMOBAGU, SULAWESI UTARA",1,82,170,251
https://kawalpemilu.org#67371,"KOBO BESAR, KOTAMOBAGU TIMUR, KOTA KOTAMOBAGU, SULAWESI UTARA",2,71,189,260
https://kawalpemilu.org#67371,"KOBO BESAR, KOTAMOBAGU TIMUR, KOTA KOTAMOBAGU, SULAWESI UTARA",3,69,194,263
https://kawalpemilu.org#67371,"KOBO BESAR, KOTAMOBAGU TIMUR, KOTA KOTAMOBAGU, SULAWESI UTARA",4,75,203,278
https://kawalpemilu.org#67372,"MOYAG, KOTAMOBAGU TIMUR, KOTA KOTAMOBAGU, SULAWESI UTARA",1,47,170,217
https://kawalpemilu.org#67372,"MOYAG, KOTAMOBAGU TIMUR, KOTA KOTAMOBAGU, SULAWESI UTARA",2,48,181,229
https://kawalpemilu.org#67372,"MOYAG, KOTAMOBAGU TIMUR, KOTA KOTAMOBAGU, SULAWESI UTARA",3,52,176,228
https://kawalpemilu.org#67372,"MOYAG, KOTAMOBAGU TIMUR, KOTA KOTAMOBAGU, SULAWESI UTARA",4,39,176,215
https://kawalpemilu.org#67372,"MOYAG, KOTAMOBAGU TIMUR, KOTA KOTAMOBAGU, SULAWESI UTARA",5,40,164,204
https://kawalpemilu.org#67372,"MOYAG, KOTAMOBAGU TIMUR, KOTA KOTAMOBAGU, SULAWESI UTARA",6,35,195,230
https://kawalpemilu.org#67372,"MOYAG, KOTAMOBAGU TIMUR, KOTA KOTAMOBAGU, SULAWESI UTARA",7,47,175,222
https://kawalpemilu.org#67373,"KOBO KECIL, KOTAMOBAGU TIMUR, KOTA KOTAMOBAGU, SULAWESI UTARA",1,90,154,244
https://kawalpemilu.org#67373,"KOBO KECIL, KOTAMOBAGU TIMUR, KOTA KOTAMOBAGU, SULAWESI UTARA",2,101,142,243
https://kawalpemilu.org#67373,"KOBO KECIL, KOTAMOBAGU TIMUR, KOTA KOTAMOBAGU, SULAWESI UTARA",3,122,114,236
https://kawalpemilu.org#67373,"KOBO KECIL, KOTAMOBAGU TIMUR, KOTA KOTAMOBAGU, SULAWESI UTARA",4,112,122,234
https://kawalpemilu.org#67373,"KOBO KECIL, KOTAMOBAGU TIMUR, KOTA KOTAMOBAGU, SULAWESI UTARA",5,110,134,244
https://kawalpemilu.org#67373,"KOBO KECIL, KOTAMOBAGU TIMUR, KOTA KOTAMOBAGU, SULAWESI UTARA",6,84,140,224
https://kawalpemilu.org#67373,"KOBO KECIL, KOTAMOBAGU TIMUR, KOTA KOTAMOBAGU, SULAWESI UTARA",7,113,123,236
https://kawalpemilu.org#67373,"KOBO KECIL, KOTAMOBAGU TIMUR, KOTA KOTAMOBAGU, SULAWESI UTARA",8,104,139,243
https://kawalpemilu.org#67374,"MOYAG TAMPOAN, KOTAMOBAGU TIMUR, KOTA KOTAMOBAGU, SULAWESI UTARA",1,100,137,237
https://kawalpemilu.org#67374,"MOYAG TAMPOAN, KOTAMOBAGU TIMUR, KOTA KOTAMOBAGU, SULAWESI UTARA",2,62,158,220
https://kawalpemilu.org#67374,"MOYAG TAMPOAN, KOTAMOBAGU TIMUR, KOTA KOTAMOBAGU, SULAWESI UTARA",3,48,178,226
https://kawalpemilu.org#67374,"MOYAG TAMPOAN, KOTAMOBAGU TIMUR, KOTA KOTAMOBAGU, SULAWESI UTARA",4,52,199,251
https://kawalpemilu.org#67375,"MOYAG TODULAN, KOTAMOBAGU TIMUR, KOTA KOTAMOBAGU, SULAWESI UTARA",1,65,190,255
https://kawalpemilu.org#67375,"MOYAG TODULAN, KOTAMOBAGU TIMUR, KOTA KOTAMOBAGU, SULAWESI UTARA",2,79,181,260
https://kawalpemilu.org#67375,"MOYAG TODULAN, KOTAMOBAGU TIMUR, KOTA KOTAMOBAGU, SULAWESI UTARA",3,85,178,263
https://kawalpemilu.org#67375,"MOYAG TODULAN, KOTAMOBAGU TIMUR, KOTA KOTAMOBAGU, SULAWESI UTARA",4,101,153,254
https://kawalpemilu.org#67377,"MOTOBOI KECIL, KOTAMOBAGU SELATAN, KOTA KOTAMOBAGU, SULAWESI UTARA",1,53,191,244
https://kawalpemilu.org#67377,"MOTOBOI KECIL, KOTAMOBAGU SELATAN, KOTA KOTAMOBAGU, SULAWESI UTARA",2,91,153,244
https://kawalpemilu.org#67377,"MOTOBOI KECIL, KOTAMOBAGU SELATAN, KOTA KOTAMOBAGU, SULAWESI UTARA",3,47,177,224
https://kawalpemilu.org#67377,"MOTOBOI KECIL, KOTAMOBAGU SELATAN, KOTA KOTAMOBAGU, SULAWESI UTARA",4,48,191,239
https://kawalpemilu.org#67377,"MOTOBOI KECIL, KOTAMOBAGU SELATAN, KOTA KOTAMOBAGU, SULAWESI UTARA",5,46,177,223
https://kawalpemilu.org#67377,"MOTOBOI KECIL, KOTAMOBAGU SELATAN, KOTA KOTAMOBAGU, SULAWESI UTARA",6,52,154,206
https://kawalpemilu.org#67377,"MOTOBOI KECIL, KOTAMOBAGU SELATAN, KOTA KOTAMOBAGU, SULAWESI UTARA",7,65,156,221
https://kawalpemilu.org#67377,"MOTOBOI KECIL, KOTAMOBAGU SELATAN, KOTA KOTAMOBAGU, SULAWESI UTARA",8,41,186,227
https://kawalpemilu.org#67377,"MOTOBOI KECIL, KOTAMOBAGU SELATAN, KOTA KOTAMOBAGU, SULAWESI UTARA",9,71,138,209
https://kawalpemilu.org#67377,"MOTOBOI KECIL, KOTAMOBAGU SELATAN, KOTA KOTAMOBAGU, SULAWESI UTARA",10,59,162,221
https://kawalpemilu.org#67377,"MOTOBOI KECIL, KOTAMOBAGU SELATAN, KOTA KOTAMOBAGU, SULAWESI UTARA",11,60,170,230
https://kawalpemilu.org#67377,"MOTOBOI KECIL, KOTAMOBAGU SELATAN, KOTA KOTAMOBAGU, SULAWESI UTARA",12,54,177,231
https://kawalpemilu.org#67377,"MOTOBOI KECIL, KOTAMOBAGU SELATAN, KOTA KOTAMOBAGU, SULAWESI UTARA",13,61,182,243
https://kawalpemilu.org#67377,"MOTOBOI KECIL, KOTAMOBAGU SELATAN, KOTA KOTAMOBAGU, SULAWESI UTARA",14,41,190,231
https://kawalpemilu.org#67377,"MOTOBOI KECIL, KOTAMOBAGU SELATAN, KOTA KOTAMOBAGU, SULAWESI UTARA",15,56,187,243
https://kawalpemilu.org#67378,"MONGONDOW, KOTAMOBAGU SELATAN, KOTA KOTAMOBAGU, SULAWESI UTARA",1,57,198,255
https://kawalpemilu.org#67378,"MONGONDOW, KOTAMOBAGU SELATAN, KOTA KOTAMOBAGU, SULAWESI UTARA",2,66,181,247
https://kawalpemilu.org#67378,"MONGONDOW, KOTAMOBAGU SELATAN, KOTA KOTAMOBAGU, SULAWESI UTARA",3,61,162,223
https://kawalpemilu.org#67378,"MONGONDOW, KOTAMOBAGU SELATAN, KOTA KOTAMOBAGU, SULAWESI UTARA",4,85,123,208
https://kawalpemilu.org#67378,"MONGONDOW, KOTAMOBAGU SELATAN, KOTA KOTAMOBAGU, SULAWESI UTARA",5,67,170,237
https://kawalpemilu.org#67379,"POBUNDAYAN, KOTAMOBAGU SELATAN, KOTA KOTAMOBAGU, SULAWESI UTARA",1,57,157,208
https://kawalpemilu.org#67379,"POBUNDAYAN, KOTAMOBAGU SELATAN, KOTA KOTAMOBAGU, SULAWESI UTARA",2,34,175,209
https://kawalpemilu.org#67379,"POBUNDAYAN, KOTAMOBAGU SELATAN, KOTA KOTAMOBAGU, SULAWESI UTARA",3,49,172,221
https://kawalpemilu.org#67379,"POBUNDAYAN, KOTAMOBAGU SELATAN, KOTA KOTAMOBAGU, SULAWESI UTARA",4,65,186,252
https://kawalpemilu.org#67379,"POBUNDAYAN, KOTAMOBAGU SELATAN, KOTA KOTAMOBAGU, SULAWESI UTARA",5,53,171,225
https://kawalpemilu.org#67379,"POBUNDAYAN, KOTAMOBAGU SELATAN, KOTA KOTAMOBAGU, SULAWESI UTARA",6,61,160,221
https://kawalpemilu.org#67379,"POBUNDAYAN, KOTAMOBAGU SELATAN, KOTA KOTAMOBAGU, SULAWESI UTARA",7,53,166,219
https://kawalpemilu.org#67379,"POBUNDAYAN, KOTAMOBAGU SELATAN, KOTA KOTAMOBAGU, SULAWESI UTARA",8,71,108,179
https://kawalpemilu.org#67379,"POBUNDAYAN, KOTAMOBAGU SELATAN, KOTA KOTAMOBAGU, SULAWESI UTARA",9,61,116,177
https://kawalpemilu.org#67379,"POBUNDAYAN, KOTAMOBAGU SELATAN, KOTA KOTAMOBAGU, SULAWESI UTARA",10,50,124,174
https://kawalpemilu.org#67379,"POBUNDAYAN, KOTAMOBAGU SELATAN, KOTA KOTAMOBAGU, SULAWESI UTARA",11,76,124,200
https://kawalpemilu.org#67379,"POBUNDAYAN, KOTAMOBAGU SELATAN, KOTA KOTAMOBAGU, SULAWESI UTARA",12,78,132,210
https://kawalpemilu.org#67379,"POBUNDAYAN, KOTAMOBAGU SELATAN, KOTA KOTAMOBAGU, SULAWESI UTARA",13,56,163,219
https://kawalpemilu.org#67379,"POBUNDAYAN, KOTAMOBAGU SELATAN, KOTA KOTAMOBAGU, SULAWESI UTARA",14,54,162,216
https://kawalpemilu.org#67379,"POBUNDAYAN, KOTAMOBAGU SELATAN, KOTA KOTAMOBAGU, SULAWESI UTARA",15,58,170,228
https://kawalpemilu.org#67379,"POBUNDAYAN, KOTAMOBAGU SELATAN, KOTA KOTAMOBAGU, SULAWESI UTARA",16,54,152,206
https://kawalpemilu.org#67380,"POYOWA BESAR I, KOTAMOBAGU SELATAN, KOTA KOTAMOBAGU, SULAWESI UTARA",1,151,103,254
https://kawalpemilu.org#67380,"POYOWA BESAR I, KOTAMOBAGU SELATAN, KOTA KOTAMOBAGU, SULAWESI UTARA",2,138,110,248
https://kawalpemilu.org#67380,"POYOWA BESAR I, KOTAMOBAGU SELATAN, KOTA KOTAMOBAGU, SULAWESI UTARA",3,130,112,242
https://kawalpemilu.org#67380,"POYOWA BESAR I, KOTAMOBAGU SELATAN, KOTA KOTAMOBAGU, SULAWESI UTARA",4,139,99,238
https://kawalpemilu.org#67380,"POYOWA BESAR I, KOTAMOBAGU SELATAN, KOTA KOTAMOBAGU, SULAWESI UTARA",5,169,74,243
https://kawalpemilu.org#67380,"POYOWA BESAR I, KOTAMOBAGU SELATAN, KOTA KOTAMOBAGU, SULAWESI UTARA",6,167,79,246
https://kawalpemilu.org#67380,"POYOWA BESAR I, KOTAMOBAGU SELATAN, KOTA KOTAMOBAGU, SULAWESI UTARA",7,164,85,249
https://kawalpemilu.org#67380,"POYOWA BESAR I, KOTAMOBAGU SELATAN, KOTA KOTAMOBAGU, SULAWESI UTARA",8,176,76,252
https://kawalpemilu.org#67380,"POYOWA BESAR I, KOTAMOBAGU SELATAN, KOTA KOTAMOBAGU, SULAWESI UTARA",9,149,91,240
https://kawalpemilu.org#67380,"POYOWA BESAR I, KOTAMOBAGU SELATAN, KOTA KOTAMOBAGU, SULAWESI UTARA",10,130,129,259
https://kawalpemilu.org#67381,"POYOWA BESAR II, KOTAMOBAGU SELATAN, KOTA KOTAMOBAGU, SULAWESI UTARA",1,131,92,223
https://kawalpemilu.org#67381,"POYOWA BESAR II, KOTAMOBAGU SELATAN, KOTA KOTAMOBAGU, SULAWESI UTARA",2,164,77,241
https://kawalpemilu.org#67381,"POYOWA BESAR II, KOTAMOBAGU SELATAN, KOTA KOTAMOBAGU, SULAWESI UTARA",3,100,123,223
https://kawalpemilu.org#67381,"POYOWA BESAR II, KOTAMOBAGU SELATAN, KOTA KOTAMOBAGU, SULAWESI UTARA",4,116,114,230
https://kawalpemilu.org#67381,"POYOWA BESAR II, KOTAMOBAGU SELATAN, KOTA KOTAMOBAGU, SULAWESI UTARA",5,141,102,243
https://kawalpemilu.org#67381,"POYOWA BESAR II, KOTAMOBAGU SELATAN, KOTA KOTAMOBAGU, SULAWESI UTARA",6,110,127,237
https://kawalpemilu.org#67381,"POYOWA BESAR II, KOTAMOBAGU SELATAN, KOTA KOTAMOBAGU, SULAWESI UTARA",7,125,106,231
https://kawalpemilu.org#67382,"TABANG, KOTAMOBAGU SELATAN, KOTA KOTAMOBAGU, SULAWESI UTARA",1,60,151,211
https://kawalpemilu.org#67382,"TABANG, KOTAMOBAGU SELATAN, KOTA KOTAMOBAGU, SULAWESI UTARA",2,37,205,242
https://kawalpemilu.org#67382,"TABANG, KOTAMOBAGU SELATAN, KOTA KOTAMOBAGU, SULAWESI UTARA",3,66,176,242
https://kawalpemilu.org#67382,"TABANG, KOTAMOBAGU SELATAN, KOTA KOTAMOBAGU, SULAWESI UTARA",4,73,152,225
https://kawalpemilu.org#67382,"TABANG, KOTAMOBAGU SELATAN, KOTA KOTAMOBAGU, SULAWESI UTARA",5,57,166,223
https://kawalpemilu.org#67382,"TABANG, KOTAMOBAGU SELATAN, KOTA KOTAMOBAGU, SULAWESI UTARA",6,50,175,225
https://kawalpemilu.org#67382,"TABANG, KOTAMOBAGU SELATAN, KOTA KOTAMOBAGU, SULAWESI UTARA",7,34,187,221
https://kawalpemilu.org#67382,"TABANG, KOTAMOBAGU SELATAN, KOTA KOTAMOBAGU, SULAWESI UTARA",8,72,144,216
https://kawalpemilu.org#67383,"BUNGKO, KOTAMOBAGU SELATAN, KOTA KOTAMOBAGU, SULAWESI UTARA",1,53,195,248
https://kawalpemilu.org#67383,"BUNGKO, KOTAMOBAGU SELATAN, KOTA KOTAMOBAGU, SULAWESI UTARA",2,50,213,263
https://kawalpemilu.org#67383,"BUNGKO, KOTAMOBAGU SELATAN, KOTA KOTAMOBAGU, SULAWESI UTARA",3,45,200,245
https://kawalpemilu.org#67383,"BUNGKO, KOTAMOBAGU SELATAN, KOTA KOTAMOBAGU, SULAWESI UTARA",4,67,160,227
https://kawalpemilu.org#67384,"KOPANDAKAN I, KOTAMOBAGU SELATAN, KOTA KOTAMOBAGU, SULAWESI UTARA",1,103,138,241
https://kawalpemilu.org#67384,"KOPANDAKAN I, KOTAMOBAGU SELATAN, KOTA KOTAMOBAGU, SULAWESI UTARA",2,68,181,249
https://kawalpemilu.org#67384,"KOPANDAKAN I, KOTAMOBAGU SELATAN, KOTA KOTAMOBAGU, SULAWESI UTARA",3,82,157,239
https://kawalpemilu.org#67384,"KOPANDAKAN I, KOTAMOBAGU SELATAN, KOTA KOTAMOBAGU, SULAWESI UTARA",4,152,79,231
https://kawalpemilu.org#67384,"KOPANDAKAN I, KOTAMOBAGU SELATAN, KOTA KOTAMOBAGU, SULAWESI UTARA",5,50,202,252
https://kawalpemilu.org#67384,"KOPANDAKAN I, KOTAMOBAGU SELATAN, KOTA KOTAMOBAGU, SULAWESI UTARA",6,67,158,225
https://kawalpemilu.org#67384,"KOPANDAKAN I, KOTAMOBAGU SELATAN, KOTA KOTAMOBAGU, SULAWESI UTARA",7,71,169,240
https://kawalpemilu.org#67384,"KOPANDAKAN I, KOTAMOBAGU SELATAN, KOTA KOTAMOBAGU, SULAWESI UTARA",8,61,169,230
https://kawalpemilu.org#67384,"KOPANDAKAN I, KOTAMOBAGU SELATAN, KOTA KOTAMOBAGU, SULAWESI UTARA",9,121,125,246
https://kawalpemilu.org#67384,"KOPANDAKAN I, KOTAMOBAGU SELATAN, KOTA KOTAMOBAGU, SULAWESI UTARA",10,142,113,255
https://kawalpemilu.org#67384,"KOPANDAKAN I, KOTAMOBAGU SELATAN, KOTA KOTAMOBAGU, SULAWESI UTARA",11,94,159,253
https://kawalpemilu.org#67385,"POYOWA KECIL, KOTAMOBAGU SELATAN, KOTA KOTAMOBAGU, SULAWESI UTARA",1,127,99,226
https://kawalpemilu.org#67385,"POYOWA KECIL, KOTAMOBAGU SELATAN, KOTA KOTAMOBAGU, SULAWESI UTARA",2,91,134,225
https://kawalpemilu.org#67385,"POYOWA KECIL, KOTAMOBAGU SELATAN, KOTA KOTAMOBAGU, SULAWESI UTARA",3,104,132,236
https://kawalpemilu.org#67385,"POYOWA KECIL, KOTAMOBAGU SELATAN, KOTA KOTAMOBAGU, SULAWESI UTARA",4,93,129,222
https://kawalpemilu.org#67385,"POYOWA KECIL, KOTAMOBAGU SELATAN, KOTA KOTAMOBAGU, SULAWESI UTARA",5,124,119,243
https://kawalpemilu.org#67385,"POYOWA KECIL, KOTAMOBAGU SELATAN, KOTA KOTAMOBAGU, SULAWESI UTARA",6,167,63,230
https://kawalpemilu.org#67385,"POYOWA KECIL, KOTAMOBAGU SELATAN, KOTA KOTAMOBAGU, SULAWESI UTARA",7,102,123,225
https://kawalpemilu.org#67385,"POYOWA KECIL, KOTAMOBAGU SELATAN, KOTA KOTAMOBAGU, SULAWESI UTARA",8,148,74,222
https://kawalpemilu.org#67385,"POYOWA KECIL, KOTAMOBAGU SELATAN, KOTA KOTAMOBAGU, SULAWESI UTARA",9,108,127,235
https://kawalpemilu.org#67385,"POYOWA KECIL, KOTAMOBAGU SELATAN, KOTA KOTAMOBAGU, SULAWESI UTARA",10,123,99,222
https://kawalpemilu.org#67387,"MONGKONAI, KOTAMOBAGU BARAT, KOTA KOTAMOBAGU, SULAWESI UTARA",1,66,195,261
https://kawalpemilu.org#67387,"MONGKONAI, KOTAMOBAGU BARAT, KOTA KOTAMOBAGU, SULAWESI UTARA",2,59,205,264
https://kawalpemilu.org#67387,"MONGKONAI, KOTAMOBAGU BARAT, KOTA KOTAMOBAGU, SULAWESI UTARA",3,73,191,264
https://kawalpemilu.org#67387,"MONGKONAI, KOTAMOBAGU BARAT, KOTA KOTAMOBAGU, SULAWESI UTARA",4,46,205,251
https://kawalpemilu.org#67387,"MONGKONAI, KOTAMOBAGU BARAT, KOTA KOTAMOBAGU, SULAWESI UTARA",5,72,171,243
https://kawalpemilu.org#67387,"MONGKONAI, KOTAMOBAGU BARAT, KOTA KOTAMOBAGU, SULAWESI UTARA",6,61,179,240
https://kawalpemilu.org#67388,"MOLINOW, KOTAMOBAGU BARAT, KOTA KOTAMOBAGU, SULAWESI UTARA",1,57,167,224
https://kawalpemilu.org#67388,"MOLINOW, KOTAMOBAGU BARAT, KOTA KOTAMOBAGU, SULAWESI UTARA",2,87,130,217
https://kawalpemilu.org#67388,"MOLINOW, KOTAMOBAGU BARAT, KOTA KOTAMOBAGU, SULAWESI UTARA",3,76,144,220
https://kawalpemilu.org#67388,"MOLINOW, KOTAMOBAGU BARAT, KOTA KOTAMOBAGU, SULAWESI UTARA",4,66,165,231
https://kawalpemilu.org#67388,"MOLINOW, KOTAMOBAGU BARAT, KOTA KOTAMOBAGU, SULAWESI UTARA",5,43,179,222
https://kawalpemilu.org#67388,"MOLINOW, KOTAMOBAGU BARAT, KOTA KOTAMOBAGU, SULAWESI UTARA",6,31,191,222
https://kawalpemilu.org#67388,"MOLINOW, KOTAMOBAGU BARAT, KOTA KOTAMOBAGU, SULAWESI UTARA",7,66,150,216
https://kawalpemilu.org#67388,"MOLINOW, KOTAMOBAGU BARAT, KOTA KOTAMOBAGU, SULAWESI UTARA",8,59,177,236
https://kawalpemilu.org#67388,"MOLINOW, KOTAMOBAGU BARAT, KOTA KOTAMOBAGU, SULAWESI UTARA",9,48,159,207
https://kawalpemilu.org#67388,"MOLINOW, KOTAMOBAGU BARAT, KOTA KOTAMOBAGU, SULAWESI UTARA",10,59,81,240
https://kawalpemilu.org#67388,"MOLINOW, KOTAMOBAGU BARAT, KOTA KOTAMOBAGU, SULAWESI UTARA",11,85,142,227
https://kawalpemilu.org#67388,"MOLINOW, KOTAMOBAGU BARAT, KOTA KOTAMOBAGU, SULAWESI UTARA",12,65,154,219
https://kawalpemilu.org#67388,"MOLINOW, KOTAMOBAGU BARAT, KOTA KOTAMOBAGU, SULAWESI UTARA",13,46,202,248
https://kawalpemilu.org#67388,"MOLINOW, KOTAMOBAGU BARAT, KOTA KOTAMOBAGU, SULAWESI UTARA",14,45,198,243
https://kawalpemilu.org#67388,"MOLINOW, KOTAMOBAGU BARAT, KOTA KOTAMOBAGU, SULAWESI UTARA",15,40,156,196
https://kawalpemilu.org#67389,"MOGOLAING, KOTAMOBAGU BARAT, KOTA KOTAMOBAGU, SULAWESI UTARA",1,192,62,254
https://kawalpemilu.org#67389,"MOGOLAING, KOTAMOBAGU BARAT, KOTA KOTAMOBAGU, SULAWESI UTARA",2,151,59,210
https://kawalpemilu.org#67389,"MOGOLAING, KOTAMOBAGU BARAT, KOTA KOTAMOBAGU, SULAWESI UTARA",3,113,45,158
https://kawalpemilu.org#67389,"MOGOLAING, KOTAMOBAGU BARAT, KOTA KOTAMOBAGU, SULAWESI UTARA",4,60,152,212
https://kawalpemilu.org#67389,"MOGOLAING, KOTAMOBAGU BARAT, KOTA KOTAMOBAGU, SULAWESI UTARA",5,65,113,178
https://kawalpemilu.org#67389,"MOGOLAING, KOTAMOBAGU BARAT, KOTA KOTAMOBAGU, SULAWESI UTARA",6,68,123,191
https://kawalpemilu.org#67389,"MOGOLAING, KOTAMOBAGU BARAT, KOTA KOTAMOBAGU, SULAWESI UTARA",7,62,102,164
https://kawalpemilu.org#67389,"MOGOLAING, KOTAMOBAGU BARAT, KOTA KOTAMOBAGU, SULAWESI UTARA",8,142,83,225
https://kawalpemilu.org#67389,"MOGOLAING, KOTAMOBAGU BARAT, KOTA KOTAMOBAGU, SULAWESI UTARA",9,96,100,196
https://kawalpemilu.org#67389,"MOGOLAING, KOTAMOBAGU BARAT, KOTA KOTAMOBAGU, SULAWESI UTARA",10,82,102,184
https://kawalpemilu.org#67389,"MOGOLAING, KOTAMOBAGU BARAT, KOTA KOTAMOBAGU, SULAWESI UTARA",11,105,119,224
https://kawalpemilu.org#67389,"MOGOLAING, KOTAMOBAGU BARAT, KOTA KOTAMOBAGU, SULAWESI UTARA",12,103,94,197
https://kawalpemilu.org#67389,"MOGOLAING, KOTAMOBAGU BARAT, KOTA KOTAMOBAGU, SULAWESI UTARA",13,57,124,181
https://kawalpemilu.org#67389,"MOGOLAING, KOTAMOBAGU BARAT, KOTA KOTAMOBAGU, SULAWESI UTARA",14,42,67,109
https://kawalpemilu.org#67389,"MOGOLAING, KOTAMOBAGU BARAT, KOTA KOTAMOBAGU, SULAWESI UTARA",15,75,118,193
https://kawalpemilu.org#67389,"MOGOLAING, KOTAMOBAGU BARAT, KOTA KOTAMOBAGU, SULAWESI UTARA",16,67,143,210
https://kawalpemilu.org#67389,"MOGOLAING, KOTAMOBAGU BARAT, KOTA KOTAMOBAGU, SULAWESI UTARA",17,97,124,221
https://kawalpemilu.org#67389,"MOGOLAING, KOTAMOBAGU BARAT, KOTA KOTAMOBAGU, SULAWESI UTARA",18,83,113,216
https://kawalpemilu.org#67389,"MOGOLAING, KOTAMOBAGU BARAT, KOTA KOTAMOBAGU, SULAWESI UTARA",19,80,119,199
https://kawalpemilu.org#67389,"MOGOLAING, KOTAMOBAGU BARAT, KOTA KOTAMOBAGU, SULAWESI UTARA",20,110,118,228
https://kawalpemilu.org#67389,"MOGOLAING, KOTAMOBAGU BARAT, KOTA KOTAMOBAGU, SULAWESI UTARA",21,77,115,192
https://kawalpemilu.org#67389,"MOGOLAING, KOTAMOBAGU BARAT, KOTA KOTAMOBAGU, SULAWESI UTARA",22,86,108,194
https://kawalpemilu.org#67389,"MOGOLAING, KOTAMOBAGU BARAT, KOTA KOTAMOBAGU, SULAWESI UTARA",23,208,47,255
https://kawalpemilu.org#67390,"GOGAGOMAN, KOTAMOBAGU BARAT, KOTA KOTAMOBAGU, SULAWESI UTARA",1,90,83,173
https://kawalpemilu.org#67390,"GOGAGOMAN, KOTAMOBAGU BARAT, KOTA KOTAMOBAGU, SULAWESI UTARA",2,58,152,210
https://kawalpemilu.org#67390,"GOGAGOMAN, KOTAMOBAGU BARAT, KOTA KOTAMOBAGU, SULAWESI UTARA",3,82,99,181
https://kawalpemilu.org#67390,"GOGAGOMAN, KOTAMOBAGU BARAT, KOTA KOTAMOBAGU, SULAWESI UTARA",4,59,122,181
https://kawalpemilu.org#67390,"GOGAGOMAN, KOTAMOBAGU BARAT, KOTA KOTAMOBAGU, SULAWESI UTARA",5,70,116,186
https://kawalpemilu.org#67390,"GOGAGOMAN, KOTAMOBAGU BARAT, KOTA KOTAMOBAGU, SULAWESI UTARA",6,198,81,198
https://kawalpemilu.org#67390,"GOGAGOMAN, KOTAMOBAGU BARAT, KOTA KOTAMOBAGU, SULAWESI UTARA",7,103,129,232
https://kawalpemilu.org#67390,"GOGAGOMAN, KOTAMOBAGU BARAT, KOTA KOTAMOBAGU, SULAWESI UTARA",8,69,122,191
https://kawalpemilu.org#67390,"GOGAGOMAN, KOTAMOBAGU BARAT, KOTA KOTAMOBAGU, SULAWESI UTARA",9,106,97,203
https://kawalpemilu.org#67390,"GOGAGOMAN, KOTAMOBAGU BARAT, KOTA KOTAMOBAGU, SULAWESI UTARA",10,83,104,187
https://kawalpemilu.org#67390,"GOGAGOMAN, KOTAMOBAGU BARAT, KOTA KOTAMOBAGU, SULAWESI UTARA",11,141,58,199
https://kawalpemilu.org#67390,"GOGAGOMAN, KOTAMOBAGU BARAT, KOTA KOTAMOBAGU, SULAWESI UTARA",12,158,71,229
https://kawalpemilu.org#67390,"GOGAGOMAN, KOTAMOBAGU BARAT, KOTA KOTAMOBAGU, SULAWESI UTARA",13,77,62,139
https://kawalpemilu.org#67390,"GOGAGOMAN, KOTAMOBAGU BARAT, KOTA KOTAMOBAGU, SULAWESI UTARA",14,75,94,169
https://kawalpemilu.org#67390,"GOGAGOMAN, KOTAMOBAGU BARAT, KOTA KOTAMOBAGU, SULAWESI UTARA",15,65,137,202
https://kawalpemilu.org#67390,"GOGAGOMAN, KOTAMOBAGU BARAT, KOTA KOTAMOBAGU, SULAWESI UTARA",16,81,127,208
https://kawalpemilu.org#67390,"GOGAGOMAN, KOTAMOBAGU BARAT, KOTA KOTAMOBAGU, SULAWESI UTARA",17,96,135,231
https://kawalpemilu.org#67390,"GOGAGOMAN, KOTAMOBAGU BARAT, KOTA KOTAMOBAGU, SULAWESI UTARA",18,120,143,263
https://kawalpemilu.org#67390,"GOGAGOMAN, KOTAMOBAGU BARAT, KOTA KOTAMOBAGU, SULAWESI UTARA",19,73,126,199
https://kawalpemilu.org#67390,"GOGAGOMAN, KOTAMOBAGU BARAT, KOTA KOTAMOBAGU, SULAWESI UTARA",20,78,162,240
https://kawalpemilu.org#67390,"GOGAGOMAN, KOTAMOBAGU BARAT, KOTA KOTAMOBAGU, SULAWESI UTARA",21,91,114,205
https://kawalpemilu.org#67390,"GOGAGOMAN, KOTAMOBAGU BARAT, KOTA KOTAMOBAGU, SULAWESI UTARA",22,113,100,213
https://kawalpemilu.org#67390,"GOGAGOMAN, KOTAMOBAGU BARAT, KOTA KOTAMOBAGU, SULAWESI UTARA",23,208,39,247
https://kawalpemilu.org#67390,"GOGAGOMAN, KOTAMOBAGU BARAT, KOTA KOTAMOBAGU, SULAWESI UTARA",24,137,79,216
https://kawalpemilu.org#67390,"GOGAGOMAN, KOTAMOBAGU BARAT, KOTA KOTAMOBAGU, SULAWESI UTARA",25,110,84,194
https://kawalpemilu.org#67390,"GOGAGOMAN, KOTAMOBAGU BARAT, KOTA KOTAMOBAGU, SULAWESI UTARA",26,110,121,231
https://kawalpemilu.org#67390,"GOGAGOMAN, KOTAMOBAGU BARAT, KOTA KOTAMOBAGU, SULAWESI UTARA",27,122,93,215
https://kawalpemilu.org#67390,"GOGAGOMAN, KOTAMOBAGU BARAT, KOTA KOTAMOBAGU, SULAWESI UTARA",28,202,36,238
https://kawalpemilu.org#67390,"GOGAGOMAN, KOTAMOBAGU BARAT, KOTA KOTAMOBAGU, SULAWESI UTARA",29,76,106,182
https://kawalpemilu.org#67390,"GOGAGOMAN, KOTAMOBAGU BARAT, KOTA KOTAMOBAGU, SULAWESI UTARA",30,85,104,189
https://kawalpemilu.org#67390,"GOGAGOMAN, KOTAMOBAGU BARAT, KOTA KOTAMOBAGU, SULAWESI UTARA",31,104,112,217
https://kawalpemilu.org#67390,"GOGAGOMAN, KOTAMOBAGU BARAT, KOTA KOTAMOBAGU, SULAWESI UTARA",32,95,95,190
https://kawalpemilu.org#67390,"GOGAGOMAN, KOTAMOBAGU BARAT, KOTA KOTAMOBAGU, SULAWESI UTARA",33,77,101,178
https://kawalpemilu.org#67390,"GOGAGOMAN, KOTAMOBAGU BARAT, KOTA KOTAMOBAGU, SULAWESI UTARA",34,56,106,162
https://kawalpemilu.org#67390,"GOGAGOMAN, KOTAMOBAGU BARAT, KOTA KOTAMOBAGU, SULAWESI UTARA",35,106,120,226
https://kawalpemilu.org#67390,"GOGAGOMAN, KOTAMOBAGU BARAT, KOTA KOTAMOBAGU, SULAWESI UTARA",36,47,112,159
https://kawalpemilu.org#67390,"GOGAGOMAN, KOTAMOBAGU BARAT, KOTA KOTAMOBAGU, SULAWESI UTARA",37,58,133,191
https://kawalpemilu.org#67390,"GOGAGOMAN, KOTAMOBAGU BARAT, KOTA KOTAMOBAGU, SULAWESI UTARA",38,64,129,193
https://kawalpemilu.org#67390,"GOGAGOMAN, KOTAMOBAGU BARAT, KOTA KOTAMOBAGU, SULAWESI UTARA",39,79,137,216
https://kawalpemilu.org#67390,"GOGAGOMAN, KOTAMOBAGU BARAT, KOTA KOTAMOBAGU, SULAWESI UTARA",40,94,61,155
https://kawalpemilu.org#67391,"KOTAMOBAGU, KOTAMOBAGU BARAT, KOTA KOTAMOBAGU, SULAWESI UTARA",1,244,15,259
https://kawalpemilu.org#67391,"KOTAMOBAGU, KOTAMOBAGU BARAT, KOTA KOTAMOBAGU, SULAWESI UTARA",2,239,21,260
https://kawalpemilu.org#67391,"KOTAMOBAGU, KOTAMOBAGU BARAT, KOTA KOTAMOBAGU, SULAWESI UTARA",3,191,35,226
https://kawalpemilu.org#67391,"KOTAMOBAGU, KOTAMOBAGU BARAT, KOTA KOTAMOBAGU, SULAWESI UTARA",4,63,143,206
https://kawalpemilu.org#67391,"KOTAMOBAGU, KOTAMOBAGU BARAT, KOTA KOTAMOBAGU, SULAWESI UTARA",5,145,90,235
https://kawalpemilu.org#67391,"KOTAMOBAGU, KOTAMOBAGU BARAT, KOTA KOTAMOBAGU, SULAWESI UTARA",6,138,91,229
https://kawalpemilu.org#67391,"KOTAMOBAGU, KOTAMOBAGU BARAT, KOTA KOTAMOBAGU, SULAWESI UTARA",7,123,128,251
https://kawalpemilu.org#67391,"KOTAMOBAGU, KOTAMOBAGU BARAT, KOTA KOTAMOBAGU, SULAWESI UTARA",8,208,20,228
https://kawalpemilu.org#67391,"KOTAMOBAGU, KOTAMOBAGU BARAT, KOTA KOTAMOBAGU, SULAWESI UTARA",9,186,44,230
https://kawalpemilu.org#67391,"KOTAMOBAGU, KOTAMOBAGU BARAT, KOTA KOTAMOBAGU, SULAWESI UTARA",10,207,31,238
https://kawalpemilu.org#67391,"KOTAMOBAGU, KOTAMOBAGU BARAT, KOTA KOTAMOBAGU, SULAWESI UTARA",11,182,39,221
https://kawalpemilu.org#67391,"KOTAMOBAGU, KOTAMOBAGU BARAT, KOTA KOTAMOBAGU, SULAWESI UTARA",12,155,69,224
https://kawalpemilu.org#67391,"KOTAMOBAGU, KOTAMOBAGU BARAT, KOTA KOTAMOBAGU, SULAWESI UTARA",13,230,16,246
https://kawalpemilu.org#67391,"KOTAMOBAGU, KOTAMOBAGU BARAT, KOTA KOTAMOBAGU, SULAWESI UTARA",14,169,45,214
https://kawalpemilu.org#67391,"KOTAMOBAGU, KOTAMOBAGU BARAT, KOTA KOTAMOBAGU, SULAWESI UTARA",15,219,22,241
https://kawalpemilu.org#67391,"KOTAMOBAGU, KOTAMOBAGU BARAT, KOTA KOTAMOBAGU, SULAWESI UTARA",16,188,41,229
https://kawalpemilu.org#67391,"KOTAMOBAGU, KOTAMOBAGU BARAT, KOTA KOTAMOBAGU, SULAWESI UTARA",17,51,90,141
https://kawalpemilu.org#67391,"KOTAMOBAGU, KOTAMOBAGU BARAT, KOTA KOTAMOBAGU, SULAWESI UTARA",18,168,53,221
https://kawalpemilu.org#67391,"KOTAMOBAGU, KOTAMOBAGU BARAT, KOTA KOTAMOBAGU, SULAWESI UTARA",19,136,39,175
https://kawalpemilu.org#67392,"MONGKONAI BARAT, KOTAMOBAGU BARAT, KOTA KOTAMOBAGU, SULAWESI UTARA",1,71,172,243
https://kawalpemilu.org#67392,"MONGKONAI BARAT, KOTAMOBAGU BARAT, KOTA KOTAMOBAGU, SULAWESI UTARA",2,55,188,243
https://kawalpemilu.org#67392,"MONGKONAI BARAT, KOTAMOBAGU BARAT, KOTA KOTAMOBAGU, SULAWESI UTARA",3,53,154,207
https://kawalpemilu.org#67392,"MONGKONAI BARAT, KOTAMOBAGU BARAT, KOTA KOTAMOBAGU, SULAWESI UTARA",4,69,146,215
https://kawalpemilu.org#67392,"MONGKONAI BARAT, KOTAMOBAGU BARAT, KOTA KOTAMOBAGU, SULAWESI UTARA",5,52,167,219
https://kawalpemilu.org#67392,"MONGKONAI BARAT, KOTAMOBAGU BARAT, KOTA KOTAMOBAGU, SULAWESI UTARA",6,45,169,214
https://kawalpemilu.org#67392,"MONGKONAI BARAT, KOTAMOBAGU BARAT, KOTA KOTAMOBAGU, SULAWESI UTARA",7,40,126,166
