Link KawalPemilu,Nama Kelurahan,Nomor TPS,Suara 01,Suara 02,Suara Sah
https://kawalpemilu.org#12923,"INDERAPURA, PANCUNG SOAL, PESISIR SELATAN, SUMATERA BARAT",1,25,190,215
https://kawalpemilu.org#12923,"INDERAPURA, PANCUNG SOAL, PESISIR SELATAN, SUMATERA BARAT",2,36,148,184
https://kawalpemilu.org#12923,"INDERAPURA, PANCUNG SOAL, PESISIR SELATAN, SUMATERA BARAT",3,21,174,195
https://kawalpemilu.org#12923,"INDERAPURA, PANCUNG SOAL, PESISIR SELATAN, SUMATERA BARAT",4,23,118,141
https://kawalpemilu.org#12923,"INDERAPURA, PANCUNG SOAL, PESISIR SELATAN, SUMATERA BARAT",5,20,142,162
https://kawalpemilu.org#12923,"INDERAPURA, PANCUNG SOAL, PESISIR SELATAN, SUMATERA BARAT",6,29,108,137
https://kawalpemilu.org#12923,"INDERAPURA, PANCUNG SOAL, PESISIR SELATAN, SUMATERA BARAT",7,36,148,184
https://kawalpemilu.org#12924,"MUARO SAKAI INDERAPURA, PANCUNG SOAL, PESISIR SELATAN, SUMATERA BARAT",1,18,150,168
https://kawalpemilu.org#12924,"MUARO SAKAI INDERAPURA, PANCUNG SOAL, PESISIR SELATAN, SUMATERA BARAT",2,20,180,200
https://kawalpemilu.org#12924,"MUARO SAKAI INDERAPURA, PANCUNG SOAL, PESISIR SELATAN, SUMATERA BARAT",3,43,127,170
https://kawalpemilu.org#12924,"MUARO SAKAI INDERAPURA, PANCUNG SOAL, PESISIR SELATAN, SUMATERA BARAT",4,39,173,212
https://kawalpemilu.org#12924,"MUARO SAKAI INDERAPURA, PANCUNG SOAL, PESISIR SELATAN, SUMATERA BARAT",5,20,104,124
https://kawalpemilu.org#12924,"MUARO SAKAI INDERAPURA, PANCUNG SOAL, PESISIR SELATAN, SUMATERA BARAT",6,16,186,202
https://kawalpemilu.org#12924,"MUARO SAKAI INDERAPURA, PANCUNG SOAL, PESISIR SELATAN, SUMATERA BARAT",7,60,181,241
https://kawalpemilu.org#12924,"MUARO SAKAI INDERAPURA, PANCUNG SOAL, PESISIR SELATAN, SUMATERA BARAT",8,18,78,96
https://kawalpemilu.org#12924,"MUARO SAKAI INDERAPURA, PANCUNG SOAL, PESISIR SELATAN, SUMATERA BARAT",9,8,44,52
https://kawalpemilu.org#12924,"MUARO SAKAI INDERAPURA, PANCUNG SOAL, PESISIR SELATAN, SUMATERA BARAT",10,16,35,51
https://kawalpemilu.org#12924,"MUARO SAKAI INDERAPURA, PANCUNG SOAL, PESISIR SELATAN, SUMATERA BARAT",11,16,68,84
https://kawalpemilu.org#12924,"MUARO SAKAI INDERAPURA, PANCUNG SOAL, PESISIR SELATAN, SUMATERA BARAT",12,26,140,166
https://kawalpemilu.org#12925,"TIGA SEPAKAT INDERAPURA, PANCUNG SOAL, PESISIR SELATAN, SUMATERA BARAT",1,28,149,177
https://kawalpemilu.org#12925,"TIGA SEPAKAT INDERAPURA, PANCUNG SOAL, PESISIR SELATAN, SUMATERA BARAT",2,33,155,188
https://kawalpemilu.org#12925,"TIGA SEPAKAT INDERAPURA, PANCUNG SOAL, PESISIR SELATAN, SUMATERA BARAT",3,38,171,209
https://kawalpemilu.org#12925,"TIGA SEPAKAT INDERAPURA, PANCUNG SOAL, PESISIR SELATAN, SUMATERA BARAT",4,40,167,207
https://kawalpemilu.org#12925,"TIGA SEPAKAT INDERAPURA, PANCUNG SOAL, PESISIR SELATAN, SUMATERA BARAT",5,39,106,145
https://kawalpemilu.org#12925,"TIGA SEPAKAT INDERAPURA, PANCUNG SOAL, PESISIR SELATAN, SUMATERA BARAT",6,19,86,105
https://kawalpemilu.org#12926,"INDERAPURA BARAT, PANCUNG SOAL, PESISIR SELATAN, SUMATERA BARAT",1,18,146,164
https://kawalpemilu.org#12926,"INDERAPURA BARAT, PANCUNG SOAL, PESISIR SELATAN, SUMATERA BARAT",2,35,139,174
https://kawalpemilu.org#12926,"INDERAPURA BARAT, PANCUNG SOAL, PESISIR SELATAN, SUMATERA BARAT",3,23,159,182
https://kawalpemilu.org#12926,"INDERAPURA BARAT, PANCUNG SOAL, PESISIR SELATAN, SUMATERA BARAT",4,24,126,150
https://kawalpemilu.org#12926,"INDERAPURA BARAT, PANCUNG SOAL, PESISIR SELATAN, SUMATERA BARAT",5,31,144,175
https://kawalpemilu.org#12926,"INDERAPURA BARAT, PANCUNG SOAL, PESISIR SELATAN, SUMATERA BARAT",6,35,116,151
https://kawalpemilu.org#12927,"KUDO-KUDO INDERAPURA, PANCUNG SOAL, PESISIR SELATAN, SUMATERA BARAT",1,37,180,217
https://kawalpemilu.org#12927,"KUDO-KUDO INDERAPURA, PANCUNG SOAL, PESISIR SELATAN, SUMATERA BARAT",2,30,237,267
https://kawalpemilu.org#12927,"KUDO-KUDO INDERAPURA, PANCUNG SOAL, PESISIR SELATAN, SUMATERA BARAT",3,38,215,253
https://kawalpemilu.org#12927,"KUDO-KUDO INDERAPURA, PANCUNG SOAL, PESISIR SELATAN, SUMATERA BARAT",4,34,159,193
https://kawalpemilu.org#12927,"KUDO-KUDO INDERAPURA, PANCUNG SOAL, PESISIR SELATAN, SUMATERA BARAT",5,47,207,254
https://kawalpemilu.org#12927,"KUDO-KUDO INDERAPURA, PANCUNG SOAL, PESISIR SELATAN, SUMATERA BARAT",6,46,199,245
https://kawalpemilu.org#12927,"KUDO-KUDO INDERAPURA, PANCUNG SOAL, PESISIR SELATAN, SUMATERA BARAT",7,22,165,187
https://kawalpemilu.org#12928,"INDERAPURA SELATAN, PANCUNG SOAL, PESISIR SELATAN, SUMATERA BARAT",1,35,156,191
https://kawalpemilu.org#12928,"INDERAPURA SELATAN, PANCUNG SOAL, PESISIR SELATAN, SUMATERA BARAT",2,34,221,255
https://kawalpemilu.org#12928,"INDERAPURA SELATAN, PANCUNG SOAL, PESISIR SELATAN, SUMATERA BARAT",3,28,182,210
https://kawalpemilu.org#12928,"INDERAPURA SELATAN, PANCUNG SOAL, PESISIR SELATAN, SUMATERA BARAT",4,46,183,229
https://kawalpemilu.org#12928,"INDERAPURA SELATAN, PANCUNG SOAL, PESISIR SELATAN, SUMATERA BARAT",5,38,203,241
https://kawalpemilu.org#12928,"INDERAPURA SELATAN, PANCUNG SOAL, PESISIR SELATAN, SUMATERA BARAT",6,32,170,202
https://kawalpemilu.org#12928,"INDERAPURA SELATAN, PANCUNG SOAL, PESISIR SELATAN, SUMATERA BARAT",7,46,149,195
https://kawalpemilu.org#12928,"INDERAPURA SELATAN, PANCUNG SOAL, PESISIR SELATAN, SUMATERA BARAT",8,22,143,165
https://kawalpemilu.org#12928,"INDERAPURA SELATAN, PANCUNG SOAL, PESISIR SELATAN, SUMATERA BARAT",9,31,141,172
https://kawalpemilu.org#84321,"SIMPANG LAMA INDERAPURA, PANCUNG SOAL, PESISIR SELATAN, SUMATERA BARAT",1,47,189,236
https://kawalpemilu.org#84321,"SIMPANG LAMA INDERAPURA, PANCUNG SOAL, PESISIR SELATAN, SUMATERA BARAT",2,44,174,218
https://kawalpemilu.org#84321,"SIMPANG LAMA INDERAPURA, PANCUNG SOAL, PESISIR SELATAN, SUMATERA BARAT",3,32,152,184
https://kawalpemilu.org#84321,"SIMPANG LAMA INDERAPURA, PANCUNG SOAL, PESISIR SELATAN, SUMATERA BARAT",4,47,158,205
https://kawalpemilu.org#84321,"SIMPANG LAMA INDERAPURA, PANCUNG SOAL, PESISIR SELATAN, SUMATERA BARAT",5,33,182,215
https://kawalpemilu.org#84321,"SIMPANG LAMA INDERAPURA, PANCUNG SOAL, PESISIR SELATAN, SUMATERA BARAT",6,25,204,229
https://kawalpemilu.org#84322,"TIGO SUNGAI INDERAPURA, PANCUNG SOAL, PESISIR SELATAN, SUMATERA BARAT",1,38,179,217
https://kawalpemilu.org#84322,"TIGO SUNGAI INDERAPURA, PANCUNG SOAL, PESISIR SELATAN, SUMATERA BARAT",2,59,179,238
https://kawalpemilu.org#84322,"TIGO SUNGAI INDERAPURA, PANCUNG SOAL, PESISIR SELATAN, SUMATERA BARAT",3,42,189,231
https://kawalpemilu.org#84322,"TIGO SUNGAI INDERAPURA, PANCUNG SOAL, PESISIR SELATAN, SUMATERA BARAT",4,69,166,235
https://kawalpemilu.org#84322,"TIGO SUNGAI INDERAPURA, PANCUNG SOAL, PESISIR SELATAN, SUMATERA BARAT",5,41,191,232
https://kawalpemilu.org#84323,"TLUK AMPLU INDERAPURA, PANCUNG SOAL, PESISIR SELATAN, SUMATERA BARAT",1,32,205,237
https://kawalpemilu.org#84323,"TLUK AMPLU INDERAPURA, PANCUNG SOAL, PESISIR SELATAN, SUMATERA BARAT",2,31,183,214
https://kawalpemilu.org#84323,"TLUK AMPLU INDERAPURA, PANCUNG SOAL, PESISIR SELATAN, SUMATERA BARAT",3,16,175,191
https://kawalpemilu.org#84323,"TLUK AMPLU INDERAPURA, PANCUNG SOAL, PESISIR SELATAN, SUMATERA BARAT",4,37,153,190
https://kawalpemilu.org#84323,"TLUK AMPLU INDERAPURA, PANCUNG SOAL, PESISIR SELATAN, SUMATERA BARAT",5,9,76,85
https://kawalpemilu.org#84323,"TLUK AMPLU INDERAPURA, PANCUNG SOAL, PESISIR SELATAN, SUMATERA BARAT",6,28,124,152
https://kawalpemilu.org#84324,"INDERAPURA TENGAH, PANCUNG SOAL, PESISIR SELATAN, SUMATERA BARAT",1,18,181,199
https://kawalpemilu.org#84324,"INDERAPURA TENGAH, PANCUNG SOAL, PESISIR SELATAN, SUMATERA BARAT",2,34,163,197
https://kawalpemilu.org#84324,"INDERAPURA TENGAH, PANCUNG SOAL, PESISIR SELATAN, SUMATERA BARAT",3,14,209,223
https://kawalpemilu.org#84324,"INDERAPURA TENGAH, PANCUNG SOAL, PESISIR SELATAN, SUMATERA BARAT",4,52,166,218
https://kawalpemilu.org#84324,"INDERAPURA TENGAH, PANCUNG SOAL, PESISIR SELATAN, SUMATERA BARAT",5,27,104,131
https://kawalpemilu.org#84324,"INDERAPURA TENGAH, PANCUNG SOAL, PESISIR SELATAN, SUMATERA BARAT",6,37,106,143
https://kawalpemilu.org#12932,"PELANGAI, RANAH PESISIR, PESISIR SELATAN, SUMATERA BARAT",1,32,124,156
https://kawalpemilu.org#12932,"PELANGAI, RANAH PESISIR, PESISIR SELATAN, SUMATERA BARAT",2,18,128,146
https://kawalpemilu.org#12932,"PELANGAI, RANAH PESISIR, PESISIR SELATAN, SUMATERA BARAT",3,27,162,189
https://kawalpemilu.org#12932,"PELANGAI, RANAH PESISIR, PESISIR SELATAN, SUMATERA BARAT",4,19,135,154
https://kawalpemilu.org#12932,"PELANGAI, RANAH PESISIR, PESISIR SELATAN, SUMATERA BARAT",5,12,147,159
https://kawalpemilu.org#12932,"PELANGAI, RANAH PESISIR, PESISIR SELATAN, SUMATERA BARAT",6,19,148,167
https://kawalpemilu.org#12932,"PELANGAI, RANAH PESISIR, PESISIR SELATAN, SUMATERA BARAT",7,14,116,130
https://kawalpemilu.org#12932,"PELANGAI, RANAH PESISIR, PESISIR SELATAN, SUMATERA BARAT",8,18,135,153
https://kawalpemilu.org#12932,"PELANGAI, RANAH PESISIR, PESISIR SELATAN, SUMATERA BARAT",9,17,110,127
https://kawalpemilu.org#12933,"SUNGAI TUNU, RANAH PESISIR, PESISIR SELATAN, SUMATERA BARAT",1,25,231,256
https://kawalpemilu.org#12933,"SUNGAI TUNU, RANAH PESISIR, PESISIR SELATAN, SUMATERA BARAT",3,13,230,243
https://kawalpemilu.org#12933,"SUNGAI TUNU, RANAH PESISIR, PESISIR SELATAN, SUMATERA BARAT",4,15,252,267
https://kawalpemilu.org#12933,"SUNGAI TUNU, RANAH PESISIR, PESISIR SELATAN, SUMATERA BARAT",5,13,138,151
https://kawalpemilu.org#12933,"SUNGAI TUNU, RANAH PESISIR, PESISIR SELATAN, SUMATERA BARAT",6,11,146,157
https://kawalpemilu.org#12933,"SUNGAI TUNU, RANAH PESISIR, PESISIR SELATAN, SUMATERA BARAT",7,10,209,219
https://kawalpemilu.org#12933,"SUNGAI TUNU, RANAH PESISIR, PESISIR SELATAN, SUMATERA BARAT",8,14,171,185
https://kawalpemilu.org#12934,"SUNGAI TUNU UTARA, RANAH PESISIR, PESISIR SELATAN, SUMATERA BARAT",1,19,163,182
https://kawalpemilu.org#12934,"SUNGAI TUNU UTARA, RANAH PESISIR, PESISIR SELATAN, SUMATERA BARAT",2,6,134,140
https://kawalpemilu.org#12934,"SUNGAI TUNU UTARA, RANAH PESISIR, PESISIR SELATAN, SUMATERA BARAT",3,14,136,150
https://kawalpemilu.org#12934,"SUNGAI TUNU UTARA, RANAH PESISIR, PESISIR SELATAN, SUMATERA BARAT",4,17,125,142
https://kawalpemilu.org#12934,"SUNGAI TUNU UTARA, RANAH PESISIR, PESISIR SELATAN, SUMATERA BARAT",5,23,172,195
https://kawalpemilu.org#12934,"SUNGAI TUNU UTARA, RANAH PESISIR, PESISIR SELATAN, SUMATERA BARAT",6,4,135,139
https://kawalpemilu.org#12934,"SUNGAI TUNU UTARA, RANAH PESISIR, PESISIR SELATAN, SUMATERA BARAT",7,10,153,163
https://kawalpemilu.org#12934,"SUNGAI TUNU UTARA, RANAH PESISIR, PESISIR SELATAN, SUMATERA BARAT",8,16,175,191
https://kawalpemilu.org#12934,"SUNGAI TUNU UTARA, RANAH PESISIR, PESISIR SELATAN, SUMATERA BARAT",9,9,167,176
https://kawalpemilu.org#12935,"SUNGAI TUNU BARAT, RANAH PESISIR, PESISIR SELATAN, SUMATERA BARAT",1,23,191,214
https://kawalpemilu.org#12935,"SUNGAI TUNU BARAT, RANAH PESISIR, PESISIR SELATAN, SUMATERA BARAT",2,6,161,173
https://kawalpemilu.org#12935,"SUNGAI TUNU BARAT, RANAH PESISIR, PESISIR SELATAN, SUMATERA BARAT",3,30,171,201
https://kawalpemilu.org#12935,"SUNGAI TUNU BARAT, RANAH PESISIR, PESISIR SELATAN, SUMATERA BARAT",4,13,154,167
https://kawalpemilu.org#12935,"SUNGAI TUNU BARAT, RANAH PESISIR, PESISIR SELATAN, SUMATERA BARAT",5,15,207,222
https://kawalpemilu.org#12935,"SUNGAI TUNU BARAT, RANAH PESISIR, PESISIR SELATAN, SUMATERA BARAT",6,24,134,158
https://kawalpemilu.org#12935,"SUNGAI TUNU BARAT, RANAH PESISIR, PESISIR SELATAN, SUMATERA BARAT",7,27,155,182
https://kawalpemilu.org#12935,"SUNGAI TUNU BARAT, RANAH PESISIR, PESISIR SELATAN, SUMATERA BARAT",8,26,144,170
https://kawalpemilu.org#12935,"SUNGAI TUNU BARAT, RANAH PESISIR, PESISIR SELATAN, SUMATERA BARAT",9,20,154,157
https://kawalpemilu.org#12935,"SUNGAI TUNU BARAT, RANAH PESISIR, PESISIR SELATAN, SUMATERA BARAT",10,15,73,88
https://kawalpemilu.org#84325,"NYIUR MELAMBAI PELANGAI, RANAH PESISIR, PESISIR SELATAN, SUMATERA BARAT",1,17,149,166
https://kawalpemilu.org#84325,"NYIUR MELAMBAI PELANGAI, RANAH PESISIR, PESISIR SELATAN, SUMATERA BARAT",2,10,206,216
https://kawalpemilu.org#84325,"NYIUR MELAMBAI PELANGAI, RANAH PESISIR, PESISIR SELATAN, SUMATERA BARAT",3,10,146,156
https://kawalpemilu.org#84325,"NYIUR MELAMBAI PELANGAI, RANAH PESISIR, PESISIR SELATAN, SUMATERA BARAT",4,22,109,131
https://kawalpemilu.org#84325,"NYIUR MELAMBAI PELANGAI, RANAH PESISIR, PESISIR SELATAN, SUMATERA BARAT",5,19,146,165
https://kawalpemilu.org#84325,"NYIUR MELAMBAI PELANGAI, RANAH PESISIR, PESISIR SELATAN, SUMATERA BARAT",6,23,190,213
https://kawalpemilu.org#84325,"NYIUR MELAMBAI PELANGAI, RANAH PESISIR, PESISIR SELATAN, SUMATERA BARAT",7,10,64,74
https://kawalpemilu.org#84325,"NYIUR MELAMBAI PELANGAI, RANAH PESISIR, PESISIR SELATAN, SUMATERA BARAT",8,21,218,239
https://kawalpemilu.org#84325,"NYIUR MELAMBAI PELANGAI, RANAH PESISIR, PESISIR SELATAN, SUMATERA BARAT",9,16,201,217
https://kawalpemilu.org#84325,"NYIUR MELAMBAI PELANGAI, RANAH PESISIR, PESISIR SELATAN, SUMATERA BARAT",10,10,155,165
https://kawalpemilu.org#84325,"NYIUR MELAMBAI PELANGAI, RANAH PESISIR, PESISIR SELATAN, SUMATERA BARAT",11,12,157,169
https://kawalpemilu.org#84325,"NYIUR MELAMBAI PELANGAI, RANAH PESISIR, PESISIR SELATAN, SUMATERA BARAT",12,5,109,114
https://kawalpemilu.org#84325,"NYIUR MELAMBAI PELANGAI, RANAH PESISIR, PESISIR SELATAN, SUMATERA BARAT",13,25,121,146
https://kawalpemilu.org#84326,"SUNGAI LIKU PELANGAI, RANAH PESISIR, PESISIR SELATAN, SUMATERA BARAT",1,12,160,172
https://kawalpemilu.org#84326,"SUNGAI LIKU PELANGAI, RANAH PESISIR, PESISIR SELATAN, SUMATERA BARAT",2,16,178,194
https://kawalpemilu.org#84326,"SUNGAI LIKU PELANGAI, RANAH PESISIR, PESISIR SELATAN, SUMATERA BARAT",3,27,192,219
https://kawalpemilu.org#84326,"SUNGAI LIKU PELANGAI, RANAH PESISIR, PESISIR SELATAN, SUMATERA BARAT",4,21,149,170
https://kawalpemilu.org#84326,"SUNGAI LIKU PELANGAI, RANAH PESISIR, PESISIR SELATAN, SUMATERA BARAT",5,25,153,178
https://kawalpemilu.org#84326,"SUNGAI LIKU PELANGAI, RANAH PESISIR, PESISIR SELATAN, SUMATERA BARAT",6,9,179,188
https://kawalpemilu.org#84326,"SUNGAI LIKU PELANGAI, RANAH PESISIR, PESISIR SELATAN, SUMATERA BARAT",7,22,131,153
https://kawalpemilu.org#84326,"SUNGAI LIKU PELANGAI, RANAH PESISIR, PESISIR SELATAN, SUMATERA BARAT",8,17,158,175
https://kawalpemilu.org#84326,"SUNGAI LIKU PELANGAI, RANAH PESISIR, PESISIR SELATAN, SUMATERA BARAT",9,17,147,164
https://kawalpemilu.org#84326,"SUNGAI LIKU PELANGAI, RANAH PESISIR, PESISIR SELATAN, SUMATERA BARAT",10,11,173,184
https://kawalpemilu.org#84326,"SUNGAI LIKU PELANGAI, RANAH PESISIR, PESISIR SELATAN, SUMATERA BARAT",11,5,154,159
https://kawalpemilu.org#84326,"SUNGAI LIKU PELANGAI, RANAH PESISIR, PESISIR SELATAN, SUMATERA BARAT",12,20,190,210
https://kawalpemilu.org#84327,"KOTO VIII PELANGAI, RANAH PESISIR, PESISIR SELATAN, SUMATERA BARAT",1,18,181,199
https://kawalpemilu.org#84327,"KOTO VIII PELANGAI, RANAH PESISIR, PESISIR SELATAN, SUMATERA BARAT",2,6,105,111
https://kawalpemilu.org#84327,"KOTO VIII PELANGAI, RANAH PESISIR, PESISIR SELATAN, SUMATERA BARAT",3,8,190,198
https://kawalpemilu.org#84327,"KOTO VIII PELANGAI, RANAH PESISIR, PESISIR SELATAN, SUMATERA BARAT",4,29,212,241
https://kawalpemilu.org#84327,"KOTO VIII PELANGAI, RANAH PESISIR, PESISIR SELATAN, SUMATERA BARAT",5,15,110,125
https://kawalpemilu.org#84327,"KOTO VIII PELANGAI, RANAH PESISIR, PESISIR SELATAN, SUMATERA BARAT",6,38,190,228
https://kawalpemilu.org#84327,"KOTO VIII PELANGAI, RANAH PESISIR, PESISIR SELATAN, SUMATERA BARAT",7,16,172,188
https://kawalpemilu.org#84327,"KOTO VIII PELANGAI, RANAH PESISIR, PESISIR SELATAN, SUMATERA BARAT",8,12,162,174
https://kawalpemilu.org#84327,"KOTO VIII PELANGAI, RANAH PESISIR, PESISIR SELATAN, SUMATERA BARAT",9,55,158,213
https://kawalpemilu.org#84327,"KOTO VIII PELANGAI, RANAH PESISIR, PESISIR SELATAN, SUMATERA BARAT",10,18,211,229
https://kawalpemilu.org#84327,"KOTO VIII PELANGAI, RANAH PESISIR, PESISIR SELATAN, SUMATERA BARAT",11,10,128,138
https://kawalpemilu.org#84327,"KOTO VIII PELANGAI, RANAH PESISIR, PESISIR SELATAN, SUMATERA BARAT",12,8,202,210
https://kawalpemilu.org#84327,"KOTO VIII PELANGAI, RANAH PESISIR, PESISIR SELATAN, SUMATERA BARAT",13,5,199,204
https://kawalpemilu.org#84328,"PELANGAI GADANG, RANAH PESISIR, PESISIR SELATAN, SUMATERA BARAT",1,39,92,131
https://kawalpemilu.org#84328,"PELANGAI GADANG, RANAH PESISIR, PESISIR SELATAN, SUMATERA BARAT",2,10,124,134
https://kawalpemilu.org#84328,"PELANGAI GADANG, RANAH PESISIR, PESISIR SELATAN, SUMATERA BARAT",3,15,145,160
https://kawalpemilu.org#84328,"PELANGAI GADANG, RANAH PESISIR, PESISIR SELATAN, SUMATERA BARAT",4,7,135,142
https://kawalpemilu.org#84328,"PELANGAI GADANG, RANAH PESISIR, PESISIR SELATAN, SUMATERA BARAT",5,12,125,137
https://kawalpemilu.org#84328,"PELANGAI GADANG, RANAH PESISIR, PESISIR SELATAN, SUMATERA BARAT",6,28,177,205
https://kawalpemilu.org#84328,"PELANGAI GADANG, RANAH PESISIR, PESISIR SELATAN, SUMATERA BARAT",7,2,154,156
https://kawalpemilu.org#84328,"PELANGAI GADANG, RANAH PESISIR, PESISIR SELATAN, SUMATERA BARAT",8,18,213,231
https://kawalpemilu.org#84328,"PELANGAI GADANG, RANAH PESISIR, PESISIR SELATAN, SUMATERA BARAT",9,16,170,186
https://kawalpemilu.org#84328,"PELANGAI GADANG, RANAH PESISIR, PESISIR SELATAN, SUMATERA BARAT",10,12,138,150
https://kawalpemilu.org#84329,"PELANGAI KACIAK, RANAH PESISIR, PESISIR SELATAN, SUMATERA BARAT",1,19,98,117
https://kawalpemilu.org#84329,"PELANGAI KACIAK, RANAH PESISIR, PESISIR SELATAN, SUMATERA BARAT",2,9,176,185
https://kawalpemilu.org#84329,"PELANGAI KACIAK, RANAH PESISIR, PESISIR SELATAN, SUMATERA BARAT",3,10,155,165
https://kawalpemilu.org#84329,"PELANGAI KACIAK, RANAH PESISIR, PESISIR SELATAN, SUMATERA BARAT",4,24,180,204
https://kawalpemilu.org#84329,"PELANGAI KACIAK, RANAH PESISIR, PESISIR SELATAN, SUMATERA BARAT",5,11,163,174
https://kawalpemilu.org#84329,"PELANGAI KACIAK, RANAH PESISIR, PESISIR SELATAN, SUMATERA BARAT",6,23,127,150
https://kawalpemilu.org#84329,"PELANGAI KACIAK, RANAH PESISIR, PESISIR SELATAN, SUMATERA BARAT",7,12,136,148
https://kawalpemilu.org#84329,"PELANGAI KACIAK, RANAH PESISIR, PESISIR SELATAN, SUMATERA BARAT",8,9,132,141
https://kawalpemilu.org#84329,"PELANGAI KACIAK, RANAH PESISIR, PESISIR SELATAN, SUMATERA BARAT",9,7,107,114
https://kawalpemilu.org#84330,"PASIA PELANGAI, RANAH PESISIR, PESISIR SELATAN, SUMATERA BARAT",1,27,160,187
https://kawalpemilu.org#84330,"PASIA PELANGAI, RANAH PESISIR, PESISIR SELATAN, SUMATERA BARAT",2,15,112,127
https://kawalpemilu.org#84330,"PASIA PELANGAI, RANAH PESISIR, PESISIR SELATAN, SUMATERA BARAT",3,31,181,212
https://kawalpemilu.org#84330,"PASIA PELANGAI, RANAH PESISIR, PESISIR SELATAN, SUMATERA BARAT",4,20,201,221
https://kawalpemilu.org#84330,"PASIA PELANGAI, RANAH PESISIR, PESISIR SELATAN, SUMATERA BARAT",5,13,128,141
https://kawalpemilu.org#84330,"PASIA PELANGAI, RANAH PESISIR, PESISIR SELATAN, SUMATERA BARAT",6,18,148,166
https://kawalpemilu.org#84330,"PASIA PELANGAI, RANAH PESISIR, PESISIR SELATAN, SUMATERA BARAT",7,18,229,247
https://kawalpemilu.org#84330,"PASIA PELANGAI, RANAH PESISIR, PESISIR SELATAN, SUMATERA BARAT",8,16,135,151
https://kawalpemilu.org#84330,"PASIA PELANGAI, RANAH PESISIR, PESISIR SELATAN, SUMATERA BARAT",9,12,138,150
https://kawalpemilu.org#84330,"PASIA PELANGAI, RANAH PESISIR, PESISIR SELATAN, SUMATERA BARAT",10,27,204,231
https://kawalpemilu.org#12937,"KAMBANG, LENGAYANG, PESISIR SELATAN, SUMATERA BARAT",1,15,174,189
https://kawalpemilu.org#12937,"KAMBANG, LENGAYANG, PESISIR SELATAN, SUMATERA BARAT",2,16,145,161
https://kawalpemilu.org#12937,"KAMBANG, LENGAYANG, PESISIR SELATAN, SUMATERA BARAT",3,23,163,186
https://kawalpemilu.org#12937,"KAMBANG, LENGAYANG, PESISIR SELATAN, SUMATERA BARAT",4,16,116,132
https://kawalpemilu.org#12937,"KAMBANG, LENGAYANG, PESISIR SELATAN, SUMATERA BARAT",5,14,156,170
https://kawalpemilu.org#12937,"KAMBANG, LENGAYANG, PESISIR SELATAN, SUMATERA BARAT",6,30,175,205
https://kawalpemilu.org#12937,"KAMBANG, LENGAYANG, PESISIR SELATAN, SUMATERA BARAT",7,30,178,208
https://kawalpemilu.org#12937,"KAMBANG, LENGAYANG, PESISIR SELATAN, SUMATERA BARAT",8,31,166,197
https://kawalpemilu.org#12937,"KAMBANG, LENGAYANG, PESISIR SELATAN, SUMATERA BARAT",9,31,196,227
https://kawalpemilu.org#12937,"KAMBANG, LENGAYANG, PESISIR SELATAN, SUMATERA BARAT",10,19,195,214
https://kawalpemilu.org#12937,"KAMBANG, LENGAYANG, PESISIR SELATAN, SUMATERA BARAT",11,27,155,182
https://kawalpemilu.org#12937,"KAMBANG, LENGAYANG, PESISIR SELATAN, SUMATERA BARAT",12,19,164,183
https://kawalpemilu.org#12937,"KAMBANG, LENGAYANG, PESISIR SELATAN, SUMATERA BARAT",13,34,174,208
https://kawalpemilu.org#12937,"KAMBANG, LENGAYANG, PESISIR SELATAN, SUMATERA BARAT",14,18,163,181
https://kawalpemilu.org#12937,"KAMBANG, LENGAYANG, PESISIR SELATAN, SUMATERA BARAT",15,11,104,115
https://kawalpemilu.org#12937,"KAMBANG, LENGAYANG, PESISIR SELATAN, SUMATERA BARAT",16,19,171,190
https://kawalpemilu.org#12937,"KAMBANG, LENGAYANG, PESISIR SELATAN, SUMATERA BARAT",17,9,89,98
https://kawalpemilu.org#12937,"KAMBANG, LENGAYANG, PESISIR SELATAN, SUMATERA BARAT",18,11,127,138
https://kawalpemilu.org#12937,"KAMBANG, LENGAYANG, PESISIR SELATAN, SUMATERA BARAT",19,12,106,118
https://kawalpemilu.org#12937,"KAMBANG, LENGAYANG, PESISIR SELATAN, SUMATERA BARAT",20,28,173,201
https://kawalpemilu.org#12937,"KAMBANG, LENGAYANG, PESISIR SELATAN, SUMATERA BARAT",21,16,141,157
https://kawalpemilu.org#12937,"KAMBANG, LENGAYANG, PESISIR SELATAN, SUMATERA BARAT",22,21,110,131
https://kawalpemilu.org#12938,"LAKITAN, LENGAYANG, PESISIR SELATAN, SUMATERA BARAT",1,8,186,194
https://kawalpemilu.org#12938,"LAKITAN, LENGAYANG, PESISIR SELATAN, SUMATERA BARAT",2,11,178,189
https://kawalpemilu.org#12938,"LAKITAN, LENGAYANG, PESISIR SELATAN, SUMATERA BARAT",3,16,136,152
https://kawalpemilu.org#12938,"LAKITAN, LENGAYANG, PESISIR SELATAN, SUMATERA BARAT",4,24,154,178
https://kawalpemilu.org#12938,"LAKITAN, LENGAYANG, PESISIR SELATAN, SUMATERA BARAT",5,41,157,198
https://kawalpemilu.org#12938,"LAKITAN, LENGAYANG, PESISIR SELATAN, SUMATERA BARAT",6,24,174,198
https://kawalpemilu.org#12938,"LAKITAN, LENGAYANG, PESISIR SELATAN, SUMATERA BARAT",7,36,143,179
https://kawalpemilu.org#12938,"LAKITAN, LENGAYANG, PESISIR SELATAN, SUMATERA BARAT",8,20,138,158
https://kawalpemilu.org#12938,"LAKITAN, LENGAYANG, PESISIR SELATAN, SUMATERA BARAT",9,15,68,83
https://kawalpemilu.org#12938,"LAKITAN, LENGAYANG, PESISIR SELATAN, SUMATERA BARAT",10,16,63,79
https://kawalpemilu.org#12938,"LAKITAN, LENGAYANG, PESISIR SELATAN, SUMATERA BARAT",11,18,174,192
https://kawalpemilu.org#12938,"LAKITAN, LENGAYANG, PESISIR SELATAN, SUMATERA BARAT",12,14,159,173
https://kawalpemilu.org#12938,"LAKITAN, LENGAYANG, PESISIR SELATAN, SUMATERA BARAT",13,20,194,214
https://kawalpemilu.org#12938,"LAKITAN, LENGAYANG, PESISIR SELATAN, SUMATERA BARAT",14,6,183,189
https://kawalpemilu.org#12938,"LAKITAN, LENGAYANG, PESISIR SELATAN, SUMATERA BARAT",15,15,131,146
https://kawalpemilu.org#12938,"LAKITAN, LENGAYANG, PESISIR SELATAN, SUMATERA BARAT",16,9,149,158
https://kawalpemilu.org#12939,"KAMBANG UTARA, LENGAYANG, PESISIR SELATAN, SUMATERA BARAT",1,16,202,218
https://kawalpemilu.org#12939,"KAMBANG UTARA, LENGAYANG, PESISIR SELATAN, SUMATERA BARAT",2,32,146,178
https://kawalpemilu.org#12939,"KAMBANG UTARA, LENGAYANG, PESISIR SELATAN, SUMATERA BARAT",3,20,209,229
https://kawalpemilu.org#12939,"KAMBANG UTARA, LENGAYANG, PESISIR SELATAN, SUMATERA BARAT",4,13,192,205
https://kawalpemilu.org#12939,"KAMBANG UTARA, LENGAYANG, PESISIR SELATAN, SUMATERA BARAT",5,7,87,94
https://kawalpemilu.org#12939,"KAMBANG UTARA, LENGAYANG, PESISIR SELATAN, SUMATERA BARAT",6,15,124,139
https://kawalpemilu.org#12939,"KAMBANG UTARA, LENGAYANG, PESISIR SELATAN, SUMATERA BARAT",7,22,182,204
https://kawalpemilu.org#12939,"KAMBANG UTARA, LENGAYANG, PESISIR SELATAN, SUMATERA BARAT",10,10,227,237
https://kawalpemilu.org#12939,"KAMBANG UTARA, LENGAYANG, PESISIR SELATAN, SUMATERA BARAT",11,22,182,204
https://kawalpemilu.org#12939,"KAMBANG UTARA, LENGAYANG, PESISIR SELATAN, SUMATERA BARAT",13,32,137,169
https://kawalpemilu.org#12939,"KAMBANG UTARA, LENGAYANG, PESISIR SELATAN, SUMATERA BARAT",14,30,161,191
https://kawalpemilu.org#12939,"KAMBANG UTARA, LENGAYANG, PESISIR SELATAN, SUMATERA BARAT",15,11,193,204
https://kawalpemilu.org#12939,"KAMBANG UTARA, LENGAYANG, PESISIR SELATAN, SUMATERA BARAT",16,31,179,210
https://kawalpemilu.org#12939,"KAMBANG UTARA, LENGAYANG, PESISIR SELATAN, SUMATERA BARAT",17,40,165,205
https://kawalpemilu.org#12939,"KAMBANG UTARA, LENGAYANG, PESISIR SELATAN, SUMATERA BARAT",18,23,172,195
https://kawalpemilu.org#12939,"KAMBANG UTARA, LENGAYANG, PESISIR SELATAN, SUMATERA BARAT",21,32,180,212
https://kawalpemilu.org#12939,"KAMBANG UTARA, LENGAYANG, PESISIR SELATAN, SUMATERA BARAT",22,25,172,197
https://kawalpemilu.org#12939,"KAMBANG UTARA, LENGAYANG, PESISIR SELATAN, SUMATERA BARAT",23,29,190,219
https://kawalpemilu.org#12939,"KAMBANG UTARA, LENGAYANG, PESISIR SELATAN, SUMATERA BARAT",24,29,96,125
https://kawalpemilu.org#12939,"KAMBANG UTARA, LENGAYANG, PESISIR SELATAN, SUMATERA BARAT",25,15,104,119
https://kawalpemilu.org#12939,"KAMBANG UTARA, LENGAYANG, PESISIR SELATAN, SUMATERA BARAT",27,16,157,173
https://kawalpemilu.org#12939,"KAMBANG UTARA, LENGAYANG, PESISIR SELATAN, SUMATERA BARAT",28,16,184,200
https://kawalpemilu.org#12939,"KAMBANG UTARA, LENGAYANG, PESISIR SELATAN, SUMATERA BARAT",29,37,111,148
https://kawalpemilu.org#12939,"KAMBANG UTARA, LENGAYANG, PESISIR SELATAN, SUMATERA BARAT",30,19,100,119
https://kawalpemilu.org#12940,"KAMBANG TIMUR, LENGAYANG, PESISIR SELATAN, SUMATERA BARAT",1,10,153,163
https://kawalpemilu.org#12940,"KAMBANG TIMUR, LENGAYANG, PESISIR SELATAN, SUMATERA BARAT",2,5,97,102
https://kawalpemilu.org#12940,"KAMBANG TIMUR, LENGAYANG, PESISIR SELATAN, SUMATERA BARAT",3,12,121,133
https://kawalpemilu.org#12940,"KAMBANG TIMUR, LENGAYANG, PESISIR SELATAN, SUMATERA BARAT",4,3,166,169
https://kawalpemilu.org#12940,"KAMBANG TIMUR, LENGAYANG, PESISIR SELATAN, SUMATERA BARAT",5,11,201,212
https://kawalpemilu.org#12940,"KAMBANG TIMUR, LENGAYANG, PESISIR SELATAN, SUMATERA BARAT",6,9,192,201
https://kawalpemilu.org#12940,"KAMBANG TIMUR, LENGAYANG, PESISIR SELATAN, SUMATERA BARAT",7,8,156,164
https://kawalpemilu.org#12940,"KAMBANG TIMUR, LENGAYANG, PESISIR SELATAN, SUMATERA BARAT",8,9,112,121
https://kawalpemilu.org#12940,"KAMBANG TIMUR, LENGAYANG, PESISIR SELATAN, SUMATERA BARAT",9,26,175,201
https://kawalpemilu.org#12940,"KAMBANG TIMUR, LENGAYANG, PESISIR SELATAN, SUMATERA BARAT",10,31,179,210
https://kawalpemilu.org#12940,"KAMBANG TIMUR, LENGAYANG, PESISIR SELATAN, SUMATERA BARAT",11,16,165,181
https://kawalpemilu.org#12940,"KAMBANG TIMUR, LENGAYANG, PESISIR SELATAN, SUMATERA BARAT",12,14,102,116
https://kawalpemilu.org#12940,"KAMBANG TIMUR, LENGAYANG, PESISIR SELATAN, SUMATERA BARAT",13,9,155,164
https://kawalpemilu.org#12940,"KAMBANG TIMUR, LENGAYANG, PESISIR SELATAN, SUMATERA BARAT",14,15,174,189
https://kawalpemilu.org#12940,"KAMBANG TIMUR, LENGAYANG, PESISIR SELATAN, SUMATERA BARAT",15,6,186,192
https://kawalpemilu.org#12940,"KAMBANG TIMUR, LENGAYANG, PESISIR SELATAN, SUMATERA BARAT",16,6,146,152
https://kawalpemilu.org#12940,"KAMBANG TIMUR, LENGAYANG, PESISIR SELATAN, SUMATERA BARAT",17,3,209,212
https://kawalpemilu.org#12940,"KAMBANG TIMUR, LENGAYANG, PESISIR SELATAN, SUMATERA BARAT",18,20,179,199
https://kawalpemilu.org#12940,"KAMBANG TIMUR, LENGAYANG, PESISIR SELATAN, SUMATERA BARAT",19,5,205,210
https://kawalpemilu.org#12940,"KAMBANG TIMUR, LENGAYANG, PESISIR SELATAN, SUMATERA BARAT",20,14,150,164
https://kawalpemilu.org#12940,"KAMBANG TIMUR, LENGAYANG, PESISIR SELATAN, SUMATERA BARAT",21,5,155,160
https://kawalpemilu.org#12940,"KAMBANG TIMUR, LENGAYANG, PESISIR SELATAN, SUMATERA BARAT",22,1,112,113
https://kawalpemilu.org#12940,"KAMBANG TIMUR, LENGAYANG, PESISIR SELATAN, SUMATERA BARAT",23,3,150,153
https://kawalpemilu.org#12940,"KAMBANG TIMUR, LENGAYANG, PESISIR SELATAN, SUMATERA BARAT",24,8,138,146
https://kawalpemilu.org#12940,"KAMBANG TIMUR, LENGAYANG, PESISIR SELATAN, SUMATERA BARAT",25,8,133,141
https://kawalpemilu.org#12940,"KAMBANG TIMUR, LENGAYANG, PESISIR SELATAN, SUMATERA BARAT",26,6,242,248
https://kawalpemilu.org#12940,"KAMBANG TIMUR, LENGAYANG, PESISIR SELATAN, SUMATERA BARAT",27,20,231,251
https://kawalpemilu.org#12940,"KAMBANG TIMUR, LENGAYANG, PESISIR SELATAN, SUMATERA BARAT",28,8,171,179
https://kawalpemilu.org#12940,"KAMBANG TIMUR, LENGAYANG, PESISIR SELATAN, SUMATERA BARAT",29,13,179,192
https://kawalpemilu.org#12941,"KAMBANG BARAT, LENGAYANG, PESISIR SELATAN, SUMATERA BARAT",1,28,168,196
https://kawalpemilu.org#12941,"KAMBANG BARAT, LENGAYANG, PESISIR SELATAN, SUMATERA BARAT",2,28,182,210
https://kawalpemilu.org#12941,"KAMBANG BARAT, LENGAYANG, PESISIR SELATAN, SUMATERA BARAT",3,27,110,137
https://kawalpemilu.org#12941,"KAMBANG BARAT, LENGAYANG, PESISIR SELATAN, SUMATERA BARAT",4,22,206,228
https://kawalpemilu.org#12941,"KAMBANG BARAT, LENGAYANG, PESISIR SELATAN, SUMATERA BARAT",5,18,214,232
https://kawalpemilu.org#12941,"KAMBANG BARAT, LENGAYANG, PESISIR SELATAN, SUMATERA BARAT",6,33,186,219
https://kawalpemilu.org#12941,"KAMBANG BARAT, LENGAYANG, PESISIR SELATAN, SUMATERA BARAT",7,26,175,201
https://kawalpemilu.org#12941,"KAMBANG BARAT, LENGAYANG, PESISIR SELATAN, SUMATERA BARAT",8,16,134,150
https://kawalpemilu.org#12941,"KAMBANG BARAT, LENGAYANG, PESISIR SELATAN, SUMATERA BARAT",9,19,156,175
https://kawalpemilu.org#12941,"KAMBANG BARAT, LENGAYANG, PESISIR SELATAN, SUMATERA BARAT",10,31,161,192
https://kawalpemilu.org#12941,"KAMBANG BARAT, LENGAYANG, PESISIR SELATAN, SUMATERA BARAT",11,15,113,128
https://kawalpemilu.org#12941,"KAMBANG BARAT, LENGAYANG, PESISIR SELATAN, SUMATERA BARAT",12,26,153,179
https://kawalpemilu.org#12941,"KAMBANG BARAT, LENGAYANG, PESISIR SELATAN, SUMATERA BARAT",13,32,161,193
https://kawalpemilu.org#12941,"KAMBANG BARAT, LENGAYANG, PESISIR SELATAN, SUMATERA BARAT",14,38,163,201
https://kawalpemilu.org#12941,"KAMBANG BARAT, LENGAYANG, PESISIR SELATAN, SUMATERA BARAT",15,16,152,168
https://kawalpemilu.org#12941,"KAMBANG BARAT, LENGAYANG, PESISIR SELATAN, SUMATERA BARAT",16,15,176,191
https://kawalpemilu.org#12941,"KAMBANG BARAT, LENGAYANG, PESISIR SELATAN, SUMATERA BARAT",17,7,184,191
https://kawalpemilu.org#12941,"KAMBANG BARAT, LENGAYANG, PESISIR SELATAN, SUMATERA BARAT",18,17,171,188
https://kawalpemilu.org#12941,"KAMBANG BARAT, LENGAYANG, PESISIR SELATAN, SUMATERA BARAT",19,25,127,152
https://kawalpemilu.org#12941,"KAMBANG BARAT, LENGAYANG, PESISIR SELATAN, SUMATERA BARAT",20,12,124,136
https://kawalpemilu.org#12941,"KAMBANG BARAT, LENGAYANG, PESISIR SELATAN, SUMATERA BARAT",21,15,91,106
https://kawalpemilu.org#12941,"KAMBANG BARAT, LENGAYANG, PESISIR SELATAN, SUMATERA BARAT",22,18,199,217
https://kawalpemilu.org#12941,"KAMBANG BARAT, LENGAYANG, PESISIR SELATAN, SUMATERA BARAT",23,13,195,208
https://kawalpemilu.org#12941,"KAMBANG BARAT, LENGAYANG, PESISIR SELATAN, SUMATERA BARAT",24,34,137,171
https://kawalpemilu.org#12941,"KAMBANG BARAT, LENGAYANG, PESISIR SELATAN, SUMATERA BARAT",25,37,189,226
https://kawalpemilu.org#12941,"KAMBANG BARAT, LENGAYANG, PESISIR SELATAN, SUMATERA BARAT",26,36,168,204
https://kawalpemilu.org#12941,"KAMBANG BARAT, LENGAYANG, PESISIR SELATAN, SUMATERA BARAT",27,27,85,112
https://kawalpemilu.org#12942,"LAKITAN UTARA, LENGAYANG, PESISIR SELATAN, SUMATERA BARAT",1,15,152,167
https://kawalpemilu.org#12942,"LAKITAN UTARA, LENGAYANG, PESISIR SELATAN, SUMATERA BARAT",2,7,175,182
https://kawalpemilu.org#12942,"LAKITAN UTARA, LENGAYANG, PESISIR SELATAN, SUMATERA BARAT",3,19,129,148
https://kawalpemilu.org#12942,"LAKITAN UTARA, LENGAYANG, PESISIR SELATAN, SUMATERA BARAT",4,6,145,151
https://kawalpemilu.org#12942,"LAKITAN UTARA, LENGAYANG, PESISIR SELATAN, SUMATERA BARAT",5,36,100,136
https://kawalpemilu.org#12942,"LAKITAN UTARA, LENGAYANG, PESISIR SELATAN, SUMATERA BARAT",6,23,54,77
https://kawalpemilu.org#12942,"LAKITAN UTARA, LENGAYANG, PESISIR SELATAN, SUMATERA BARAT",7,25,177,202
https://kawalpemilu.org#12942,"LAKITAN UTARA, LENGAYANG, PESISIR SELATAN, SUMATERA BARAT",8,30,154,184
https://kawalpemilu.org#12942,"LAKITAN UTARA, LENGAYANG, PESISIR SELATAN, SUMATERA BARAT",9,7,103,110
https://kawalpemilu.org#12942,"LAKITAN UTARA, LENGAYANG, PESISIR SELATAN, SUMATERA BARAT",10,6,102,108
https://kawalpemilu.org#12942,"LAKITAN UTARA, LENGAYANG, PESISIR SELATAN, SUMATERA BARAT",11,6,97,103
https://kawalpemilu.org#12942,"LAKITAN UTARA, LENGAYANG, PESISIR SELATAN, SUMATERA BARAT",12,17,106,123
https://kawalpemilu.org#12942,"LAKITAN UTARA, LENGAYANG, PESISIR SELATAN, SUMATERA BARAT",13,23,182,205
https://kawalpemilu.org#12942,"LAKITAN UTARA, LENGAYANG, PESISIR SELATAN, SUMATERA BARAT",14,13,179,192
https://kawalpemilu.org#12942,"LAKITAN UTARA, LENGAYANG, PESISIR SELATAN, SUMATERA BARAT",15,25,154,179
https://kawalpemilu.org#12942,"LAKITAN UTARA, LENGAYANG, PESISIR SELATAN, SUMATERA BARAT",16,5,114,119
https://kawalpemilu.org#12942,"LAKITAN UTARA, LENGAYANG, PESISIR SELATAN, SUMATERA BARAT",17,20,153,173
https://kawalpemilu.org#12942,"LAKITAN UTARA, LENGAYANG, PESISIR SELATAN, SUMATERA BARAT",18,16,166,182
https://kawalpemilu.org#12942,"LAKITAN UTARA, LENGAYANG, PESISIR SELATAN, SUMATERA BARAT",19,12,155,167
https://kawalpemilu.org#12942,"LAKITAN UTARA, LENGAYANG, PESISIR SELATAN, SUMATERA BARAT",20,16,153,169
https://kawalpemilu.org#12942,"LAKITAN UTARA, LENGAYANG, PESISIR SELATAN, SUMATERA BARAT",21,10,119,129
https://kawalpemilu.org#12942,"LAKITAN UTARA, LENGAYANG, PESISIR SELATAN, SUMATERA BARAT",22,10,103,113
https://kawalpemilu.org#12943,"LAKITAN SELATAN, LENGAYANG, PESISIR SELATAN, SUMATERA BARAT",1,19,171,190
https://kawalpemilu.org#12943,"LAKITAN SELATAN, LENGAYANG, PESISIR SELATAN, SUMATERA BARAT",2,8,165,173
https://kawalpemilu.org#12943,"LAKITAN SELATAN, LENGAYANG, PESISIR SELATAN, SUMATERA BARAT",3,7,195,202
https://kawalpemilu.org#12943,"LAKITAN SELATAN, LENGAYANG, PESISIR SELATAN, SUMATERA BARAT",4,13,123,136
https://kawalpemilu.org#12943,"LAKITAN SELATAN, LENGAYANG, PESISIR SELATAN, SUMATERA BARAT",5,4,150,154
https://kawalpemilu.org#12943,"LAKITAN SELATAN, LENGAYANG, PESISIR SELATAN, SUMATERA BARAT",6,41,146,187
https://kawalpemilu.org#12943,"LAKITAN SELATAN, LENGAYANG, PESISIR SELATAN, SUMATERA BARAT",7,10,129,139
https://kawalpemilu.org#12943,"LAKITAN SELATAN, LENGAYANG, PESISIR SELATAN, SUMATERA BARAT",8,26,148,174
https://kawalpemilu.org#12943,"LAKITAN SELATAN, LENGAYANG, PESISIR SELATAN, SUMATERA BARAT",9,20,186,206
https://kawalpemilu.org#12943,"LAKITAN SELATAN, LENGAYANG, PESISIR SELATAN, SUMATERA BARAT",10,13,79,92
https://kawalpemilu.org#12943,"LAKITAN SELATAN, LENGAYANG, PESISIR SELATAN, SUMATERA BARAT",11,15,162,177
https://kawalpemilu.org#12943,"LAKITAN SELATAN, LENGAYANG, PESISIR SELATAN, SUMATERA BARAT",12,15,142,157
https://kawalpemilu.org#12943,"LAKITAN SELATAN, LENGAYANG, PESISIR SELATAN, SUMATERA BARAT",13,7,145,152
https://kawalpemilu.org#12943,"LAKITAN SELATAN, LENGAYANG, PESISIR SELATAN, SUMATERA BARAT",14,10,156,166
https://kawalpemilu.org#12943,"LAKITAN SELATAN, LENGAYANG, PESISIR SELATAN, SUMATERA BARAT",15,44,158,202
https://kawalpemilu.org#12943,"LAKITAN SELATAN, LENGAYANG, PESISIR SELATAN, SUMATERA BARAT",16,30,182,212
https://kawalpemilu.org#12943,"LAKITAN SELATAN, LENGAYANG, PESISIR SELATAN, SUMATERA BARAT",17,30,197,227
https://kawalpemilu.org#12943,"LAKITAN SELATAN, LENGAYANG, PESISIR SELATAN, SUMATERA BARAT",18,20,201,221
https://kawalpemilu.org#12943,"LAKITAN SELATAN, LENGAYANG, PESISIR SELATAN, SUMATERA BARAT",19,21,216,237
https://kawalpemilu.org#12944,"LAKITAN TIMUR, LENGAYANG, PESISIR SELATAN, SUMATERA BARAT",1,6,154,160
https://kawalpemilu.org#12944,"LAKITAN TIMUR, LENGAYANG, PESISIR SELATAN, SUMATERA BARAT",2,9,113,122
https://kawalpemilu.org#12944,"LAKITAN TIMUR, LENGAYANG, PESISIR SELATAN, SUMATERA BARAT",3,7,164,171
https://kawalpemilu.org#12944,"LAKITAN TIMUR, LENGAYANG, PESISIR SELATAN, SUMATERA BARAT",4,13,110,123
https://kawalpemilu.org#12944,"LAKITAN TIMUR, LENGAYANG, PESISIR SELATAN, SUMATERA BARAT",5,10,126,136
https://kawalpemilu.org#12944,"LAKITAN TIMUR, LENGAYANG, PESISIR SELATAN, SUMATERA BARAT",6,11,195,206
https://kawalpemilu.org#12944,"LAKITAN TIMUR, LENGAYANG, PESISIR SELATAN, SUMATERA BARAT",7,8,143,151
https://kawalpemilu.org#12944,"LAKITAN TIMUR, LENGAYANG, PESISIR SELATAN, SUMATERA BARAT",8,34,170,204
https://kawalpemilu.org#12945,"LAKITAN TENGAH, LENGAYANG, PESISIR SELATAN, SUMATERA BARAT",1,10,119,129
https://kawalpemilu.org#12945,"LAKITAN TENGAH, LENGAYANG, PESISIR SELATAN, SUMATERA BARAT",2,14,88,102
https://kawalpemilu.org#12945,"LAKITAN TENGAH, LENGAYANG, PESISIR SELATAN, SUMATERA BARAT",3,11,194,205
https://kawalpemilu.org#12945,"LAKITAN TENGAH, LENGAYANG, PESISIR SELATAN, SUMATERA BARAT",4,7,179,186
https://kawalpemilu.org#12945,"LAKITAN TENGAH, LENGAYANG, PESISIR SELATAN, SUMATERA BARAT",5,15,212,227
https://kawalpemilu.org#12945,"LAKITAN TENGAH, LENGAYANG, PESISIR SELATAN, SUMATERA BARAT",6,13,193,206
https://kawalpemilu.org#12945,"LAKITAN TENGAH, LENGAYANG, PESISIR SELATAN, SUMATERA BARAT",7,4,124,128
https://kawalpemilu.org#12945,"LAKITAN TENGAH, LENGAYANG, PESISIR SELATAN, SUMATERA BARAT",8,19,129,148
https://kawalpemilu.org#12945,"LAKITAN TENGAH, LENGAYANG, PESISIR SELATAN, SUMATERA BARAT",9,13,121,134
https://kawalpemilu.org#12945,"LAKITAN TENGAH, LENGAYANG, PESISIR SELATAN, SUMATERA BARAT",10,21,188,209
https://kawalpemilu.org#12945,"LAKITAN TENGAH, LENGAYANG, PESISIR SELATAN, SUMATERA BARAT",11,21,129,150
https://kawalpemilu.org#12945,"LAKITAN TENGAH, LENGAYANG, PESISIR SELATAN, SUMATERA BARAT",12,11,113,124
https://kawalpemilu.org#12945,"LAKITAN TENGAH, LENGAYANG, PESISIR SELATAN, SUMATERA BARAT",13,8,109,117
https://kawalpemilu.org#12945,"LAKITAN TENGAH, LENGAYANG, PESISIR SELATAN, SUMATERA BARAT",14,19,199,218
https://kawalpemilu.org#12945,"LAKITAN TENGAH, LENGAYANG, PESISIR SELATAN, SUMATERA BARAT",15,12,121,133
https://kawalpemilu.org#12945,"LAKITAN TENGAH, LENGAYANG, PESISIR SELATAN, SUMATERA BARAT",16,6,151,157
https://kawalpemilu.org#12945,"LAKITAN TENGAH, LENGAYANG, PESISIR SELATAN, SUMATERA BARAT",17,13,176,189
https://kawalpemilu.org#12947,"IV KOTO HILIE, BATANG KAPAS, PESISIR SELATAN, SUMATERA BARAT",1,20,205,225
https://kawalpemilu.org#12947,"IV KOTO HILIE, BATANG KAPAS, PESISIR SELATAN, SUMATERA BARAT",2,26,179,205
https://kawalpemilu.org#12947,"IV KOTO HILIE, BATANG KAPAS, PESISIR SELATAN, SUMATERA BARAT",3,10,170,180
https://kawalpemilu.org#12947,"IV KOTO HILIE, BATANG KAPAS, PESISIR SELATAN, SUMATERA BARAT",4,18,183,201
https://kawalpemilu.org#12947,"IV KOTO HILIE, BATANG KAPAS, PESISIR SELATAN, SUMATERA BARAT",5,30,215,245
https://kawalpemilu.org#12947,"IV KOTO HILIE, BATANG KAPAS, PESISIR SELATAN, SUMATERA BARAT",6,21,206,227
https://kawalpemilu.org#12947,"IV KOTO HILIE, BATANG KAPAS, PESISIR SELATAN, SUMATERA BARAT",7,25,184,209
https://kawalpemilu.org#12947,"IV KOTO HILIE, BATANG KAPAS, PESISIR SELATAN, SUMATERA BARAT",8,20,159,179
https://kawalpemilu.org#12947,"IV KOTO HILIE, BATANG KAPAS, PESISIR SELATAN, SUMATERA BARAT",9,25,129,154
https://kawalpemilu.org#12947,"IV KOTO HILIE, BATANG KAPAS, PESISIR SELATAN, SUMATERA BARAT",10,9,104,113
https://kawalpemilu.org#12947,"IV KOTO HILIE, BATANG KAPAS, PESISIR SELATAN, SUMATERA BARAT",11,14,181,195
https://kawalpemilu.org#12947,"IV KOTO HILIE, BATANG KAPAS, PESISIR SELATAN, SUMATERA BARAT",12,25,179,204
https://kawalpemilu.org#12947,"IV KOTO HILIE, BATANG KAPAS, PESISIR SELATAN, SUMATERA BARAT",13,30,172,202
https://kawalpemilu.org#12947,"IV KOTO HILIE, BATANG KAPAS, PESISIR SELATAN, SUMATERA BARAT",14,25,211,236
https://kawalpemilu.org#12947,"IV KOTO HILIE, BATANG KAPAS, PESISIR SELATAN, SUMATERA BARAT",15,23,190,213
https://kawalpemilu.org#12947,"IV KOTO HILIE, BATANG KAPAS, PESISIR SELATAN, SUMATERA BARAT",16,26,192,218
https://kawalpemilu.org#12947,"IV KOTO HILIE, BATANG KAPAS, PESISIR SELATAN, SUMATERA BARAT",17,27,175,202
https://kawalpemilu.org#12947,"IV KOTO HILIE, BATANG KAPAS, PESISIR SELATAN, SUMATERA BARAT",18,10,197,207
https://kawalpemilu.org#12947,"IV KOTO HILIE, BATANG KAPAS, PESISIR SELATAN, SUMATERA BARAT",19,14,142,156
https://kawalpemilu.org#12947,"IV KOTO HILIE, BATANG KAPAS, PESISIR SELATAN, SUMATERA BARAT",20,26,213,239
https://kawalpemilu.org#12947,"IV KOTO HILIE, BATANG KAPAS, PESISIR SELATAN, SUMATERA BARAT",21,23,149,172
https://kawalpemilu.org#12947,"IV KOTO HILIE, BATANG KAPAS, PESISIR SELATAN, SUMATERA BARAT",22,17,159,176
https://kawalpemilu.org#12947,"IV KOTO HILIE, BATANG KAPAS, PESISIR SELATAN, SUMATERA BARAT",23,18,147,165
https://kawalpemilu.org#12947,"IV KOTO HILIE, BATANG KAPAS, PESISIR SELATAN, SUMATERA BARAT",24,17,170,187
https://kawalpemilu.org#12947,"IV KOTO HILIE, BATANG KAPAS, PESISIR SELATAN, SUMATERA BARAT",25,6,179,185
https://kawalpemilu.org#12947,"IV KOTO HILIE, BATANG KAPAS, PESISIR SELATAN, SUMATERA BARAT",26,23,191,214
https://kawalpemilu.org#12947,"IV KOTO HILIE, BATANG KAPAS, PESISIR SELATAN, SUMATERA BARAT",27,12,204,216
https://kawalpemilu.org#12948,"IV KOTO MUDIEK, BATANG KAPAS, PESISIR SELATAN, SUMATERA BARAT",1,10,131,141
https://kawalpemilu.org#12948,"IV KOTO MUDIEK, BATANG KAPAS, PESISIR SELATAN, SUMATERA BARAT",2,15,232,247
https://kawalpemilu.org#12948,"IV KOTO MUDIEK, BATANG KAPAS, PESISIR SELATAN, SUMATERA BARAT",3,10,178,188
https://kawalpemilu.org#12948,"IV KOTO MUDIEK, BATANG KAPAS, PESISIR SELATAN, SUMATERA BARAT",4,12,182,194
https://kawalpemilu.org#12948,"IV KOTO MUDIEK, BATANG KAPAS, PESISIR SELATAN, SUMATERA BARAT",5,9,165,174
https://kawalpemilu.org#12948,"IV KOTO MUDIEK, BATANG KAPAS, PESISIR SELATAN, SUMATERA BARAT",6,10,160,170
https://kawalpemilu.org#12948,"IV KOTO MUDIEK, BATANG KAPAS, PESISIR SELATAN, SUMATERA BARAT",7,6,179,185
https://kawalpemilu.org#12948,"IV KOTO MUDIEK, BATANG KAPAS, PESISIR SELATAN, SUMATERA BARAT",8,10,204,214
https://kawalpemilu.org#12949,"TALUAK, BATANG KAPAS, PESISIR SELATAN, SUMATERA BARAT",1,20,193,213
https://kawalpemilu.org#12949,"TALUAK, BATANG KAPAS, PESISIR SELATAN, SUMATERA BARAT",2,21,187,208
https://kawalpemilu.org#12949,"TALUAK, BATANG KAPAS, PESISIR SELATAN, SUMATERA BARAT",3,35,188,223
https://kawalpemilu.org#12949,"TALUAK, BATANG KAPAS, PESISIR SELATAN, SUMATERA BARAT",4,39,170,209
https://kawalpemilu.org#12949,"TALUAK, BATANG KAPAS, PESISIR SELATAN, SUMATERA BARAT",5,20,171,191
https://kawalpemilu.org#12949,"TALUAK, BATANG KAPAS, PESISIR SELATAN, SUMATERA BARAT",6,10,153,163
https://kawalpemilu.org#12949,"TALUAK, BATANG KAPAS, PESISIR SELATAN, SUMATERA BARAT",7,22,126,148
https://kawalpemilu.org#12950,"KOTO NAN DUO IV KOTO HILIE, BATANG KAPAS, PESISIR SELATAN, SUMATERA BARAT",1,26,172,198
https://kawalpemilu.org#12950,"KOTO NAN DUO IV KOTO HILIE, BATANG KAPAS, PESISIR SELATAN, SUMATERA BARAT",2,22,149,171
https://kawalpemilu.org#12950,"KOTO NAN DUO IV KOTO HILIE, BATANG KAPAS, PESISIR SELATAN, SUMATERA BARAT",3,24,196,220
https://kawalpemilu.org#12950,"KOTO NAN DUO IV KOTO HILIE, BATANG KAPAS, PESISIR SELATAN, SUMATERA BARAT",4,21,117,138
https://kawalpemilu.org#12950,"KOTO NAN DUO IV KOTO HILIE, BATANG KAPAS, PESISIR SELATAN, SUMATERA BARAT",5,17,136,153
https://kawalpemilu.org#12950,"KOTO NAN DUO IV KOTO HILIE, BATANG KAPAS, PESISIR SELATAN, SUMATERA BARAT",6,14,126,140
https://kawalpemilu.org#12950,"KOTO NAN DUO IV KOTO HILIE, BATANG KAPAS, PESISIR SELATAN, SUMATERA BARAT",7,21,205,226
https://kawalpemilu.org#12950,"KOTO NAN DUO IV KOTO HILIE, BATANG KAPAS, PESISIR SELATAN, SUMATERA BARAT",8,31,162,193
https://kawalpemilu.org#12950,"KOTO NAN DUO IV KOTO HILIE, BATANG KAPAS, PESISIR SELATAN, SUMATERA BARAT",9,18,136,154
https://kawalpemilu.org#12950,"KOTO NAN DUO IV KOTO HILIE, BATANG KAPAS, PESISIR SELATAN, SUMATERA BARAT",10,8,101,109
https://kawalpemilu.org#12950,"KOTO NAN DUO IV KOTO HILIE, BATANG KAPAS, PESISIR SELATAN, SUMATERA BARAT",11,28,158,186
https://kawalpemilu.org#12950,"KOTO NAN DUO IV KOTO HILIE, BATANG KAPAS, PESISIR SELATAN, SUMATERA BARAT",12,31,155,186
https://kawalpemilu.org#12950,"KOTO NAN DUO IV KOTO HILIE, BATANG KAPAS, PESISIR SELATAN, SUMATERA BARAT",13,24,134,158
https://kawalpemilu.org#12950,"KOTO NAN DUO IV KOTO HILIE, BATANG KAPAS, PESISIR SELATAN, SUMATERA BARAT",14,19,184,203
https://kawalpemilu.org#12950,"KOTO NAN DUO IV KOTO HILIE, BATANG KAPAS, PESISIR SELATAN, SUMATERA BARAT",15,9,111,120
https://kawalpemilu.org#12951,"KOTO NAN TIGO IV KOTO HILIE, BATANG KAPAS, PESISIR SELATAN, SUMATERA BARAT",1,17,166,183
https://kawalpemilu.org#12951,"KOTO NAN TIGO IV KOTO HILIE, BATANG KAPAS, PESISIR SELATAN, SUMATERA BARAT",2,17,190,207
https://kawalpemilu.org#12951,"KOTO NAN TIGO IV KOTO HILIE, BATANG KAPAS, PESISIR SELATAN, SUMATERA BARAT",3,23,175,198
https://kawalpemilu.org#12951,"KOTO NAN TIGO IV KOTO HILIE, BATANG KAPAS, PESISIR SELATAN, SUMATERA BARAT",4,9,146,155
https://kawalpemilu.org#12951,"KOTO NAN TIGO IV KOTO HILIE, BATANG KAPAS, PESISIR SELATAN, SUMATERA BARAT",5,18,165,183
https://kawalpemilu.org#12951,"KOTO NAN TIGO IV KOTO HILIE, BATANG KAPAS, PESISIR SELATAN, SUMATERA BARAT",6,4,162,166
https://kawalpemilu.org#12951,"KOTO NAN TIGO IV KOTO HILIE, BATANG KAPAS, PESISIR SELATAN, SUMATERA BARAT",7,19,213,232
https://kawalpemilu.org#12951,"KOTO NAN TIGO IV KOTO HILIE, BATANG KAPAS, PESISIR SELATAN, SUMATERA BARAT",8,24,158,182
https://kawalpemilu.org#12951,"KOTO NAN TIGO IV KOTO HILIE, BATANG KAPAS, PESISIR SELATAN, SUMATERA BARAT",9,13,121,134
https://kawalpemilu.org#12951,"KOTO NAN TIGO IV KOTO HILIE, BATANG KAPAS, PESISIR SELATAN, SUMATERA BARAT",10,17,129,146
https://kawalpemilu.org#84331,"TERATAK TEMPATIH IV KOTO MUDIEK, BATANG KAPAS, PESISIR SELATAN, SUMATERA BARAT",1,9,153,162
https://kawalpemilu.org#84331,"TERATAK TEMPATIH IV KOTO MUDIEK, BATANG KAPAS, PESISIR SELATAN, SUMATERA BARAT",2,7,194,201
https://kawalpemilu.org#84331,"TERATAK TEMPATIH IV KOTO MUDIEK, BATANG KAPAS, PESISIR SELATAN, SUMATERA BARAT",3,7,196,203
https://kawalpemilu.org#84331,"TERATAK TEMPATIH IV KOTO MUDIEK, BATANG KAPAS, PESISIR SELATAN, SUMATERA BARAT",4,11,111,122
https://kawalpemilu.org#84331,"TERATAK TEMPATIH IV KOTO MUDIEK, BATANG KAPAS, PESISIR SELATAN, SUMATERA BARAT",5,3,165,168
https://kawalpemilu.org#84331,"TERATAK TEMPATIH IV KOTO MUDIEK, BATANG KAPAS, PESISIR SELATAN, SUMATERA BARAT",6,6,227,233
https://kawalpemilu.org#84331,"TERATAK TEMPATIH IV KOTO MUDIEK, BATANG KAPAS, PESISIR SELATAN, SUMATERA BARAT",7,3,183,186
https://kawalpemilu.org#84332,"TUIK IV KOTO MUDIEK, BATANG KAPAS, PESISIR SELATAN, SUMATERA BARAT",1,5,193,198
https://kawalpemilu.org#84332,"TUIK IV KOTO MUDIEK, BATANG KAPAS, PESISIR SELATAN, SUMATERA BARAT",2,8,224,232
https://kawalpemilu.org#84332,"TUIK IV KOTO MUDIEK, BATANG KAPAS, PESISIR SELATAN, SUMATERA BARAT",3,20,178,198
https://kawalpemilu.org#84332,"TUIK IV KOTO MUDIEK, BATANG KAPAS, PESISIR SELATAN, SUMATERA BARAT",4,10,188,198
https://kawalpemilu.org#84332,"TUIK IV KOTO MUDIEK, BATANG KAPAS, PESISIR SELATAN, SUMATERA BARAT",5,28,145,173
https://kawalpemilu.org#84332,"TUIK IV KOTO MUDIEK, BATANG KAPAS, PESISIR SELATAN, SUMATERA BARAT",6,26,147,173
https://kawalpemilu.org#84332,"TUIK IV KOTO MUDIEK, BATANG KAPAS, PESISIR SELATAN, SUMATERA BARAT",7,14,157,171
https://kawalpemilu.org#84332,"TUIK IV KOTO MUDIEK, BATANG KAPAS, PESISIR SELATAN, SUMATERA BARAT",8,6,167,173
https://kawalpemilu.org#84332,"TUIK IV KOTO MUDIEK, BATANG KAPAS, PESISIR SELATAN, SUMATERA BARAT",9,7,97,104
https://kawalpemilu.org#84333,"SUNGAI NYALO IV KOTO MUDIEK, BATANG KAPAS, PESISIR SELATAN, SUMATERA BARAT",1,19,189,208
https://kawalpemilu.org#84333,"SUNGAI NYALO IV KOTO MUDIEK, BATANG KAPAS, PESISIR SELATAN, SUMATERA BARAT",2,23,212,235
https://kawalpemilu.org#84333,"SUNGAI NYALO IV KOTO MUDIEK, BATANG KAPAS, PESISIR SELATAN, SUMATERA BARAT",3,26,173,199
https://kawalpemilu.org#84333,"SUNGAI NYALO IV KOTO MUDIEK, BATANG KAPAS, PESISIR SELATAN, SUMATERA BARAT",4,9,186,195
https://kawalpemilu.org#84333,"SUNGAI NYALO IV KOTO MUDIEK, BATANG KAPAS, PESISIR SELATAN, SUMATERA BARAT",5,9,125,134
https://kawalpemilu.org#84333,"SUNGAI NYALO IV KOTO MUDIEK, BATANG KAPAS, PESISIR SELATAN, SUMATERA BARAT",6,8,104,112
https://kawalpemilu.org#84333,"SUNGAI NYALO IV KOTO MUDIEK, BATANG KAPAS, PESISIR SELATAN, SUMATERA BARAT",7,15,163,178
https://kawalpemilu.org#84333,"SUNGAI NYALO IV KOTO MUDIEK, BATANG KAPAS, PESISIR SELATAN, SUMATERA BARAT",8,13,156,169
https://kawalpemilu.org#84334,"TALUK TIGO SAKATO, BATANG KAPAS, PESISIR SELATAN, SUMATERA BARAT",1,18,190,208
https://kawalpemilu.org#84334,"TALUK TIGO SAKATO, BATANG KAPAS, PESISIR SELATAN, SUMATERA BARAT",2,29,207,236
https://kawalpemilu.org#84334,"TALUK TIGO SAKATO, BATANG KAPAS, PESISIR SELATAN, SUMATERA BARAT",3,15,215,230
https://kawalpemilu.org#84334,"TALUK TIGO SAKATO, BATANG KAPAS, PESISIR SELATAN, SUMATERA BARAT",4,9,188,197
https://kawalpemilu.org#84334,"TALUK TIGO SAKATO, BATANG KAPAS, PESISIR SELATAN, SUMATERA BARAT",5,15,215,230
https://kawalpemilu.org#12953,"PAINAN, IV JURAI, PESISIR SELATAN, SUMATERA BARAT",1,30,202,232
https://kawalpemilu.org#12953,"PAINAN, IV JURAI, PESISIR SELATAN, SUMATERA BARAT",2,28,217,245
https://kawalpemilu.org#12953,"PAINAN, IV JURAI, PESISIR SELATAN, SUMATERA BARAT",3,39,228,267
https://kawalpemilu.org#12953,"PAINAN, IV JURAI, PESISIR SELATAN, SUMATERA BARAT",4,23,237,260
https://kawalpemilu.org#12953,"PAINAN, IV JURAI, PESISIR SELATAN, SUMATERA BARAT",5,28,170,198
https://kawalpemilu.org#12953,"PAINAN, IV JURAI, PESISIR SELATAN, SUMATERA BARAT",6,44,238,282
https://kawalpemilu.org#12953,"PAINAN, IV JURAI, PESISIR SELATAN, SUMATERA BARAT",7,45,168,213
https://kawalpemilu.org#12953,"PAINAN, IV JURAI, PESISIR SELATAN, SUMATERA BARAT",8,26,242,268
https://kawalpemilu.org#12953,"PAINAN, IV JURAI, PESISIR SELATAN, SUMATERA BARAT",9,33,194,227
https://kawalpemilu.org#12953,"PAINAN, IV JURAI, PESISIR SELATAN, SUMATERA BARAT",10,59,192,251
https://kawalpemilu.org#12953,"PAINAN, IV JURAI, PESISIR SELATAN, SUMATERA BARAT",11,48,159,207
https://kawalpemilu.org#12953,"PAINAN, IV JURAI, PESISIR SELATAN, SUMATERA BARAT",12,26,136,162
https://kawalpemilu.org#12953,"PAINAN, IV JURAI, PESISIR SELATAN, SUMATERA BARAT",13,28,176,204
https://kawalpemilu.org#12954,"TAMBANG, IV JURAI, PESISIR SELATAN, SUMATERA BARAT",1,51,185,236
https://kawalpemilu.org#12954,"TAMBANG, IV JURAI, PESISIR SELATAN, SUMATERA BARAT",2,31,219,250
https://kawalpemilu.org#12954,"TAMBANG, IV JURAI, PESISIR SELATAN, SUMATERA BARAT",3,16,163,179
https://kawalpemilu.org#12954,"TAMBANG, IV JURAI, PESISIR SELATAN, SUMATERA BARAT",4,37,193,230
https://kawalpemilu.org#12954,"TAMBANG, IV JURAI, PESISIR SELATAN, SUMATERA BARAT",5,34,165,199
https://kawalpemilu.org#12955,"SALIDO, IV JURAI, PESISIR SELATAN, SUMATERA BARAT",1,30,178,208
https://kawalpemilu.org#12955,"SALIDO, IV JURAI, PESISIR SELATAN, SUMATERA BARAT",2,31,118,149
https://kawalpemilu.org#12955,"SALIDO, IV JURAI, PESISIR SELATAN, SUMATERA BARAT",3,17,161,178
https://kawalpemilu.org#12955,"SALIDO, IV JURAI, PESISIR SELATAN, SUMATERA BARAT",4,29,153,182
https://kawalpemilu.org#12955,"SALIDO, IV JURAI, PESISIR SELATAN, SUMATERA BARAT",5,25,203,228
https://kawalpemilu.org#12955,"SALIDO, IV JURAI, PESISIR SELATAN, SUMATERA BARAT",6,45,178,223
https://kawalpemilu.org#12955,"SALIDO, IV JURAI, PESISIR SELATAN, SUMATERA BARAT",7,28,214,242
https://kawalpemilu.org#12955,"SALIDO, IV JURAI, PESISIR SELATAN, SUMATERA BARAT",8,30,181,211
https://kawalpemilu.org#12955,"SALIDO, IV JURAI, PESISIR SELATAN, SUMATERA BARAT",9,11,208,219
https://kawalpemilu.org#12955,"SALIDO, IV JURAI, PESISIR SELATAN, SUMATERA BARAT",10,21,207,228
https://kawalpemilu.org#12955,"SALIDO, IV JURAI, PESISIR SELATAN, SUMATERA BARAT",11,28,191,219
https://kawalpemilu.org#12955,"SALIDO, IV JURAI, PESISIR SELATAN, SUMATERA BARAT",12,19,164,183
https://kawalpemilu.org#12955,"SALIDO, IV JURAI, PESISIR SELATAN, SUMATERA BARAT",13,41,197,238
https://kawalpemilu.org#12955,"SALIDO, IV JURAI, PESISIR SELATAN, SUMATERA BARAT",14,28,204,232
https://kawalpemilu.org#12955,"SALIDO, IV JURAI, PESISIR SELATAN, SUMATERA BARAT",15,21,210,231
https://kawalpemilu.org#12955,"SALIDO, IV JURAI, PESISIR SELATAN, SUMATERA BARAT",16,33,209,242
https://kawalpemilu.org#12955,"SALIDO, IV JURAI, PESISIR SELATAN, SUMATERA BARAT",17,29,183,212
https://kawalpemilu.org#12955,"SALIDO, IV JURAI, PESISIR SELATAN, SUMATERA BARAT",18,1,193,194
https://kawalpemilu.org#12955,"SALIDO, IV JURAI, PESISIR SELATAN, SUMATERA BARAT",19,22,207,229
https://kawalpemilu.org#12955,"SALIDO, IV JURAI, PESISIR SELATAN, SUMATERA BARAT",20,7,152,159
https://kawalpemilu.org#12955,"SALIDO, IV JURAI, PESISIR SELATAN, SUMATERA BARAT",21,36,171,207
https://kawalpemilu.org#12956,"LUMPO, IV JURAI, PESISIR SELATAN, SUMATERA BARAT",1,21,202,223
https://kawalpemilu.org#12956,"LUMPO, IV JURAI, PESISIR SELATAN, SUMATERA BARAT",2,14,204,218
https://kawalpemilu.org#12956,"LUMPO, IV JURAI, PESISIR SELATAN, SUMATERA BARAT",3,8,182,190
https://kawalpemilu.org#12957,"BUNGA PASANG SALIDO, IV JURAI, PESISIR SELATAN, SUMATERA BARAT",1,29,243,272
https://kawalpemilu.org#12957,"BUNGA PASANG SALIDO, IV JURAI, PESISIR SELATAN, SUMATERA BARAT",2,23,209,232
https://kawalpemilu.org#12957,"BUNGA PASANG SALIDO, IV JURAI, PESISIR SELATAN, SUMATERA BARAT",3,37,204,241
https://kawalpemilu.org#12957,"BUNGA PASANG SALIDO, IV JURAI, PESISIR SELATAN, SUMATERA BARAT",4,25,200,225
https://kawalpemilu.org#12957,"BUNGA PASANG SALIDO, IV JURAI, PESISIR SELATAN, SUMATERA BARAT",5,30,216,246
https://kawalpemilu.org#12957,"BUNGA PASANG SALIDO, IV JURAI, PESISIR SELATAN, SUMATERA BARAT",6,17,177,194
https://kawalpemilu.org#12957,"BUNGA PASANG SALIDO, IV JURAI, PESISIR SELATAN, SUMATERA BARAT",7,29,175,204
https://kawalpemilu.org#12957,"BUNGA PASANG SALIDO, IV JURAI, PESISIR SELATAN, SUMATERA BARAT",8,17,170,187
https://kawalpemilu.org#12957,"BUNGA PASANG SALIDO, IV JURAI, PESISIR SELATAN, SUMATERA BARAT",9,21,163,184
https://kawalpemilu.org#12957,"BUNGA PASANG SALIDO, IV JURAI, PESISIR SELATAN, SUMATERA BARAT",10,14,216,230
https://kawalpemilu.org#12957,"BUNGA PASANG SALIDO, IV JURAI, PESISIR SELATAN, SUMATERA BARAT",11,22,202,224
https://kawalpemilu.org#12957,"BUNGA PASANG SALIDO, IV JURAI, PESISIR SELATAN, SUMATERA BARAT",12,13,167,180
https://kawalpemilu.org#12958,"SAGO SALIDO, IV JURAI, PESISIR SELATAN, SUMATERA BARAT",1,54,199,253
https://kawalpemilu.org#12958,"SAGO SALIDO, IV JURAI, PESISIR SELATAN, SUMATERA BARAT",3,42,153,195
https://kawalpemilu.org#12958,"SAGO SALIDO, IV JURAI, PESISIR SELATAN, SUMATERA BARAT",4,38,199,237
https://kawalpemilu.org#12958,"SAGO SALIDO, IV JURAI, PESISIR SELATAN, SUMATERA BARAT",5,33,227,260
https://kawalpemilu.org#12958,"SAGO SALIDO, IV JURAI, PESISIR SELATAN, SUMATERA BARAT",6,23,208,231
https://kawalpemilu.org#12958,"SAGO SALIDO, IV JURAI, PESISIR SELATAN, SUMATERA BARAT",7,41,188,229
https://kawalpemilu.org#12958,"SAGO SALIDO, IV JURAI, PESISIR SELATAN, SUMATERA BARAT",8,23,207,230
https://kawalpemilu.org#12958,"SAGO SALIDO, IV JURAI, PESISIR SELATAN, SUMATERA BARAT",9,11,194,205
https://kawalpemilu.org#12958,"SAGO SALIDO, IV JURAI, PESISIR SELATAN, SUMATERA BARAT",10,22,189,211
https://kawalpemilu.org#12958,"SAGO SALIDO, IV JURAI, PESISIR SELATAN, SUMATERA BARAT",11,25,178,203
https://kawalpemilu.org#12958,"SAGO SALIDO, IV JURAI, PESISIR SELATAN, SUMATERA BARAT",12,6,183,189
https://kawalpemilu.org#12958,"SAGO SALIDO, IV JURAI, PESISIR SELATAN, SUMATERA BARAT",13,9,222,231
https://kawalpemilu.org#12958,"SAGO SALIDO, IV JURAI, PESISIR SELATAN, SUMATERA BARAT",14,24,144,168
https://kawalpemilu.org#84335,"SALIDO SARI BULAN, IV JURAI, PESISIR SELATAN, SUMATERA BARAT",1,57,184,241
https://kawalpemilu.org#84335,"SALIDO SARI BULAN, IV JURAI, PESISIR SELATAN, SUMATERA BARAT",2,86,111,197
https://kawalpemilu.org#84335,"SALIDO SARI BULAN, IV JURAI, PESISIR SELATAN, SUMATERA BARAT",3,74,136,210
https://kawalpemilu.org#84335,"SALIDO SARI BULAN, IV JURAI, PESISIR SELATAN, SUMATERA BARAT",4,49,117,166
https://kawalpemilu.org#84335,"SALIDO SARI BULAN, IV JURAI, PESISIR SELATAN, SUMATERA BARAT",5,35,110,145
https://kawalpemilu.org#84336,"LIMAU GADANG LUMPO, IV JURAI, PESISIR SELATAN, SUMATERA BARAT",1,8,207,215
https://kawalpemilu.org#84336,"LIMAU GADANG LUMPO, IV JURAI, PESISIR SELATAN, SUMATERA BARAT",2,10,192,202
https://kawalpemilu.org#84336,"LIMAU GADANG LUMPO, IV JURAI, PESISIR SELATAN, SUMATERA BARAT",3,7,200,207
https://kawalpemilu.org#84337,"BATU KUNIK LUMPO, IV JURAI, PESISIR SELATAN, SUMATERA BARAT",1,7,217,224
https://kawalpemilu.org#84337,"BATU KUNIK LUMPO, IV JURAI, PESISIR SELATAN, SUMATERA BARAT",2,15,187,202
https://kawalpemilu.org#84338,"TARATAK TANGAH LUMPO, IV JURAI, PESISIR SELATAN, SUMATERA BARAT",1,9,251,260
https://kawalpemilu.org#84338,"TARATAK TANGAH LUMPO, IV JURAI, PESISIR SELATAN, SUMATERA BARAT",2,10,217,227
https://kawalpemilu.org#84338,"TARATAK TANGAH LUMPO, IV JURAI, PESISIR SELATAN, SUMATERA BARAT",3,16,177,193
https://kawalpemilu.org#84339,"AMPUAN LUMPO, IV JURAI, PESISIR SELATAN, SUMATERA BARAT",1,7,223,230
https://kawalpemilu.org#84339,"AMPUAN LUMPO, IV JURAI, PESISIR SELATAN, SUMATERA BARAT",2,24,207,231
https://kawalpemilu.org#84339,"AMPUAN LUMPO, IV JURAI, PESISIR SELATAN, SUMATERA BARAT",3,6,139,145
https://kawalpemilu.org#84340,"AMPANG TAREH LUMPO, IV JURAI, PESISIR SELATAN, SUMATERA BARAT",1,11,215,226
https://kawalpemilu.org#84340,"AMPANG TAREH LUMPO, IV JURAI, PESISIR SELATAN, SUMATERA BARAT",2,13,220,233
https://kawalpemilu.org#84340,"AMPANG TAREH LUMPO, IV JURAI, PESISIR SELATAN, SUMATERA BARAT",3,16,240,256
https://kawalpemilu.org#84341,"BALAI SINAYAN LUMPO, IV JURAI, PESISIR SELATAN, SUMATERA BARAT",1,16,172,188
https://kawalpemilu.org#84341,"BALAI SINAYAN LUMPO, IV JURAI, PESISIR SELATAN, SUMATERA BARAT",2,7,193,200
https://kawalpemilu.org#84342,"SUNGAI GAYO LUMPO, IV JURAI, PESISIR SELATAN, SUMATERA BARAT",1,13,207,220
https://kawalpemilu.org#84342,"SUNGAI GAYO LUMPO, IV JURAI, PESISIR SELATAN, SUMATERA BARAT",2,14,190,204
https://kawalpemilu.org#84342,"SUNGAI GAYO LUMPO, IV JURAI, PESISIR SELATAN, SUMATERA BARAT",3,13,152,165
https://kawalpemilu.org#84343,"SUNGAI SARIAK LUMPO, IV JURAI, PESISIR SELATAN, SUMATERA BARAT",1,19,188,207
https://kawalpemilu.org#84343,"SUNGAI SARIAK LUMPO, IV JURAI, PESISIR SELATAN, SUMATERA BARAT",2,13,196,209
https://kawalpemilu.org#84344,"SUNGAI BUKIK KACIAK LUMPO, IV JURAI, PESISIR SELATAN, SUMATERA BARAT",1,7,224,231
https://kawalpemilu.org#84344,"SUNGAI BUKIK KACIAK LUMPO, IV JURAI, PESISIR SELATAN, SUMATERA BARAT",2,19,225,244
https://kawalpemilu.org#84344,"SUNGAI BUKIK KACIAK LUMPO, IV JURAI, PESISIR SELATAN, SUMATERA BARAT",3,12,221,233
https://kawalpemilu.org#84345,"GUNUNG BUNGKUAK LUMPO, IV JURAI, PESISIR SELATAN, SUMATERA BARAT",1,26,192,218
https://kawalpemilu.org#84345,"GUNUNG BUNGKUAK LUMPO, IV JURAI, PESISIR SELATAN, SUMATERA BARAT",2,9,185,194
https://kawalpemilu.org#84346,"PAINAN SELATAN PAINAN, IV JURAI, PESISIR SELATAN, SUMATERA BARAT",1,23,205,228
https://kawalpemilu.org#84346,"PAINAN SELATAN PAINAN, IV JURAI, PESISIR SELATAN, SUMATERA BARAT",2,29,167,196
https://kawalpemilu.org#84346,"PAINAN SELATAN PAINAN, IV JURAI, PESISIR SELATAN, SUMATERA BARAT",3,27,211,238
https://kawalpemilu.org#84346,"PAINAN SELATAN PAINAN, IV JURAI, PESISIR SELATAN, SUMATERA BARAT",4,26,97,123
https://kawalpemilu.org#84346,"PAINAN SELATAN PAINAN, IV JURAI, PESISIR SELATAN, SUMATERA BARAT",5,7,174,181
https://kawalpemilu.org#84346,"PAINAN SELATAN PAINAN, IV JURAI, PESISIR SELATAN, SUMATERA BARAT",6,23,153,176
https://kawalpemilu.org#84346,"PAINAN SELATAN PAINAN, IV JURAI, PESISIR SELATAN, SUMATERA BARAT",7,30,196,226
https://kawalpemilu.org#84346,"PAINAN SELATAN PAINAN, IV JURAI, PESISIR SELATAN, SUMATERA BARAT",8,32,144,176
https://kawalpemilu.org#84346,"PAINAN SELATAN PAINAN, IV JURAI, PESISIR SELATAN, SUMATERA BARAT",9,27,113,140
https://kawalpemilu.org#84346,"PAINAN SELATAN PAINAN, IV JURAI, PESISIR SELATAN, SUMATERA BARAT",10,38,189,227
https://kawalpemilu.org#84346,"PAINAN SELATAN PAINAN, IV JURAI, PESISIR SELATAN, SUMATERA BARAT",11,30,131,161
https://kawalpemilu.org#84346,"PAINAN SELATAN PAINAN, IV JURAI, PESISIR SELATAN, SUMATERA BARAT",12,57,200,257
https://kawalpemilu.org#84346,"PAINAN SELATAN PAINAN, IV JURAI, PESISIR SELATAN, SUMATERA BARAT",13,29,141,170
https://kawalpemilu.org#84346,"PAINAN SELATAN PAINAN, IV JURAI, PESISIR SELATAN, SUMATERA BARAT",14,24,105,129
https://kawalpemilu.org#84347,"PAINAN TIMUR PAINAN, IV JURAI, PESISIR SELATAN, SUMATERA BARAT",1,43,232,275
https://kawalpemilu.org#84347,"PAINAN TIMUR PAINAN, IV JURAI, PESISIR SELATAN, SUMATERA BARAT",2,24,241,265
https://kawalpemilu.org#84347,"PAINAN TIMUR PAINAN, IV JURAI, PESISIR SELATAN, SUMATERA BARAT",3,40,234,274
https://kawalpemilu.org#84347,"PAINAN TIMUR PAINAN, IV JURAI, PESISIR SELATAN, SUMATERA BARAT",4,13,249,262
https://kawalpemilu.org#84347,"PAINAN TIMUR PAINAN, IV JURAI, PESISIR SELATAN, SUMATERA BARAT",5,7,174,181
https://kawalpemilu.org#84347,"PAINAN TIMUR PAINAN, IV JURAI, PESISIR SELATAN, SUMATERA BARAT",6,41,206,247
https://kawalpemilu.org#84347,"PAINAN TIMUR PAINAN, IV JURAI, PESISIR SELATAN, SUMATERA BARAT",7,16,279,295
https://kawalpemilu.org#84347,"PAINAN TIMUR PAINAN, IV JURAI, PESISIR SELATAN, SUMATERA BARAT",8,27,216,243
https://kawalpemilu.org#84347,"PAINAN TIMUR PAINAN, IV JURAI, PESISIR SELATAN, SUMATERA BARAT",9,27,222,249
https://kawalpemilu.org#84347,"PAINAN TIMUR PAINAN, IV JURAI, PESISIR SELATAN, SUMATERA BARAT",10,20,241,261
https://kawalpemilu.org#84347,"PAINAN TIMUR PAINAN, IV JURAI, PESISIR SELATAN, SUMATERA BARAT",11,24,228,252
https://kawalpemilu.org#84347,"PAINAN TIMUR PAINAN, IV JURAI, PESISIR SELATAN, SUMATERA BARAT",12,32,230,262
https://kawalpemilu.org#84347,"PAINAN TIMUR PAINAN, IV JURAI, PESISIR SELATAN, SUMATERA BARAT",13,35,218,253
https://kawalpemilu.org#87220,"KOTO RAWANG, IV JURAI, PESISIR SELATAN, SUMATERA BARAT",1,47,116,163
https://kawalpemilu.org#87220,"KOTO RAWANG, IV JURAI, PESISIR SELATAN, SUMATERA BARAT",2,42,137,179
https://kawalpemilu.org#87220,"KOTO RAWANG, IV JURAI, PESISIR SELATAN, SUMATERA BARAT",3,51,125,176
https://kawalpemilu.org#87220,"KOTO RAWANG, IV JURAI, PESISIR SELATAN, SUMATERA BARAT",4,59,121,180
https://kawalpemilu.org#12960,"KOTO BERAPAK, BAYANG, PESISIR SELATAN, SUMATERA BARAT",1,10,172,182
https://kawalpemilu.org#12960,"KOTO BERAPAK, BAYANG, PESISIR SELATAN, SUMATERA BARAT",2,7,119,126
https://kawalpemilu.org#12960,"KOTO BERAPAK, BAYANG, PESISIR SELATAN, SUMATERA BARAT",3,9,132,141
https://kawalpemilu.org#12960,"KOTO BERAPAK, BAYANG, PESISIR SELATAN, SUMATERA BARAT",4,13,149,162
https://kawalpemilu.org#12960,"KOTO BERAPAK, BAYANG, PESISIR SELATAN, SUMATERA BARAT",5,7,105,112
https://kawalpemilu.org#12960,"KOTO BERAPAK, BAYANG, PESISIR SELATAN, SUMATERA BARAT",6,5,149,154
https://kawalpemilu.org#12960,"KOTO BERAPAK, BAYANG, PESISIR SELATAN, SUMATERA BARAT",7,2,143,145
https://kawalpemilu.org#12960,"KOTO BERAPAK, BAYANG, PESISIR SELATAN, SUMATERA BARAT",8,7,134,141
https://kawalpemilu.org#12960,"KOTO BERAPAK, BAYANG, PESISIR SELATAN, SUMATERA BARAT",9,11,144,155
https://kawalpemilu.org#12960,"KOTO BERAPAK, BAYANG, PESISIR SELATAN, SUMATERA BARAT",10,24,186,210
https://kawalpemilu.org#12961,"TALAOK, BAYANG, PESISIR SELATAN, SUMATERA BARAT",1,12,221,233
https://kawalpemilu.org#12961,"TALAOK, BAYANG, PESISIR SELATAN, SUMATERA BARAT",2,9,191,200
https://kawalpemilu.org#12961,"TALAOK, BAYANG, PESISIR SELATAN, SUMATERA BARAT",3,5,186,191
https://kawalpemilu.org#12961,"TALAOK, BAYANG, PESISIR SELATAN, SUMATERA BARAT",4,8,174,182
https://kawalpemilu.org#12961,"TALAOK, BAYANG, PESISIR SELATAN, SUMATERA BARAT",5,3,200,203
https://kawalpemilu.org#12961,"TALAOK, BAYANG, PESISIR SELATAN, SUMATERA BARAT",6,0,0,0
https://kawalpemilu.org#12961,"TALAOK, BAYANG, PESISIR SELATAN, SUMATERA BARAT",7,7,142,149
https://kawalpemilu.org#12962,"PASAR BARU, BAYANG, PESISIR SELATAN, SUMATERA BARAT",1,10,160,170
https://kawalpemilu.org#12962,"PASAR BARU, BAYANG, PESISIR SELATAN, SUMATERA BARAT",3,21,159,180
https://kawalpemilu.org#12962,"PASAR BARU, BAYANG, PESISIR SELATAN, SUMATERA BARAT",4,17,169,186
https://kawalpemilu.org#12962,"PASAR BARU, BAYANG, PESISIR SELATAN, SUMATERA BARAT",5,15,210,225
https://kawalpemilu.org#12962,"PASAR BARU, BAYANG, PESISIR SELATAN, SUMATERA BARAT",6,15,130,145
https://kawalpemilu.org#12962,"PASAR BARU, BAYANG, PESISIR SELATAN, SUMATERA BARAT",7,21,143,164
https://kawalpemilu.org#12962,"PASAR BARU, BAYANG, PESISIR SELATAN, SUMATERA BARAT",8,36,162,198
https://kawalpemilu.org#12962,"PASAR BARU, BAYANG, PESISIR SELATAN, SUMATERA BARAT",9,41,164,205
https://kawalpemilu.org#12962,"PASAR BARU, BAYANG, PESISIR SELATAN, SUMATERA BARAT",10,16,165,181
https://kawalpemilu.org#12962,"PASAR BARU, BAYANG, PESISIR SELATAN, SUMATERA BARAT",11,12,148,160
https://kawalpemilu.org#12962,"PASAR BARU, BAYANG, PESISIR SELATAN, SUMATERA BARAT",12,9,170,179
https://kawalpemilu.org#12962,"PASAR BARU, BAYANG, PESISIR SELATAN, SUMATERA BARAT",13,13,148,161
https://kawalpemilu.org#12962,"PASAR BARU, BAYANG, PESISIR SELATAN, SUMATERA BARAT",14,8,102,110
https://kawalpemilu.org#12963,"GURUN PANJANG, BAYANG, PESISIR SELATAN, SUMATERA BARAT",1,23,227,250
https://kawalpemilu.org#12963,"GURUN PANJANG, BAYANG, PESISIR SELATAN, SUMATERA BARAT",2,9,192,201
https://kawalpemilu.org#12963,"GURUN PANJANG, BAYANG, PESISIR SELATAN, SUMATERA BARAT",3,5,225,230
https://kawalpemilu.org#12963,"GURUN PANJANG, BAYANG, PESISIR SELATAN, SUMATERA BARAT",4,5,138,143
https://kawalpemilu.org#12963,"GURUN PANJANG, BAYANG, PESISIR SELATAN, SUMATERA BARAT",5,4,165,169
https://kawalpemilu.org#12963,"GURUN PANJANG, BAYANG, PESISIR SELATAN, SUMATERA BARAT",6,2,115,117
https://kawalpemilu.org#84348,"API-API PASAR BARU, BAYANG, PESISIR SELATAN, SUMATERA BARAT",1,12,219,231
https://kawalpemilu.org#84348,"API-API PASAR BARU, BAYANG, PESISIR SELATAN, SUMATERA BARAT",2,17,177,194
https://kawalpemilu.org#84348,"API-API PASAR BARU, BAYANG, PESISIR SELATAN, SUMATERA BARAT",3,8,179,187
https://kawalpemilu.org#84348,"API-API PASAR BARU, BAYANG, PESISIR SELATAN, SUMATERA BARAT",4,20,180,200
https://kawalpemilu.org#84348,"API-API PASAR BARU, BAYANG, PESISIR SELATAN, SUMATERA BARAT",5,14,166,180
https://kawalpemilu.org#84348,"API-API PASAR BARU, BAYANG, PESISIR SELATAN, SUMATERA BARAT",6,14,99,113
https://kawalpemilu.org#84348,"API-API PASAR BARU, BAYANG, PESISIR SELATAN, SUMATERA BARAT",7,2,128,130
https://kawalpemilu.org#84348,"API-API PASAR BARU, BAYANG, PESISIR SELATAN, SUMATERA BARAT",8,13,134,147
https://kawalpemilu.org#84349,"TANJUNG DURIAN PASAR BARU, BAYANG, PESISIR SELATAN, SUMATERA BARAT",1,18,179,197
https://kawalpemilu.org#84349,"TANJUNG DURIAN PASAR BARU, BAYANG, PESISIR SELATAN, SUMATERA BARAT",2,13,194,207
https://kawalpemilu.org#84349,"TANJUNG DURIAN PASAR BARU, BAYANG, PESISIR SELATAN, SUMATERA BARAT",3,12,150,162
https://kawalpemilu.org#84349,"TANJUNG DURIAN PASAR BARU, BAYANG, PESISIR SELATAN, SUMATERA BARAT",4,12,219,231
https://kawalpemilu.org#84349,"TANJUNG DURIAN PASAR BARU, BAYANG, PESISIR SELATAN, SUMATERA BARAT",5,25,134,159
https://kawalpemilu.org#84349,"TANJUNG DURIAN PASAR BARU, BAYANG, PESISIR SELATAN, SUMATERA BARAT",6,12,204,216
https://kawalpemilu.org#84349,"TANJUNG DURIAN PASAR BARU, BAYANG, PESISIR SELATAN, SUMATERA BARAT",7,15,144,159
https://kawalpemilu.org#84350,"ASAM KAMBA PASAR BARU, BAYANG, PESISIR SELATAN, SUMATERA BARAT",1,12,191,203
https://kawalpemilu.org#84350,"ASAM KAMBA PASAR BARU, BAYANG, PESISIR SELATAN, SUMATERA BARAT",2,19,165,184
https://kawalpemilu.org#84350,"ASAM KAMBA PASAR BARU, BAYANG, PESISIR SELATAN, SUMATERA BARAT",3,12,130,142
https://kawalpemilu.org#84350,"ASAM KAMBA PASAR BARU, BAYANG, PESISIR SELATAN, SUMATERA BARAT",5,6,155,161
https://kawalpemilu.org#84350,"ASAM KAMBA PASAR BARU, BAYANG, PESISIR SELATAN, SUMATERA BARAT",7,8,188,196
https://kawalpemilu.org#84351,"SAWAH LAWEH PASAR BARU, BAYANG, PESISIR SELATAN, SUMATERA BARAT",1,3,135,138
https://kawalpemilu.org#84351,"SAWAH LAWEH PASAR BARU, BAYANG, PESISIR SELATAN, SUMATERA BARAT",2,13,116,129
https://kawalpemilu.org#84351,"SAWAH LAWEH PASAR BARU, BAYANG, PESISIR SELATAN, SUMATERA BARAT",3,10,166,176
https://kawalpemilu.org#84351,"SAWAH LAWEH PASAR BARU, BAYANG, PESISIR SELATAN, SUMATERA BARAT",4,11,148,159
https://kawalpemilu.org#84351,"SAWAH LAWEH PASAR BARU, BAYANG, PESISIR SELATAN, SUMATERA BARAT",5,18,226,244
https://kawalpemilu.org#84351,"SAWAH LAWEH PASAR BARU, BAYANG, PESISIR SELATAN, SUMATERA BARAT",6,9,185,194
https://kawalpemilu.org#84351,"SAWAH LAWEH PASAR BARU, BAYANG, PESISIR SELATAN, SUMATERA BARAT",8,17,175,192
https://kawalpemilu.org#84351,"SAWAH LAWEH PASAR BARU, BAYANG, PESISIR SELATAN, SUMATERA BARAT",9,4,178,182
https://kawalpemilu.org#84351,"SAWAH LAWEH PASAR BARU, BAYANG, PESISIR SELATAN, SUMATERA BARAT",10,14,145,159
https://kawalpemilu.org#84351,"SAWAH LAWEH PASAR BARU, BAYANG, PESISIR SELATAN, SUMATERA BARAT",11,11,161,172
https://kawalpemilu.org#84351,"SAWAH LAWEH PASAR BARU, BAYANG, PESISIR SELATAN, SUMATERA BARAT",12,2,116,118
https://kawalpemilu.org#84352,"KAPEH PANJI JAYA TALAOK, BAYANG, PESISIR SELATAN, SUMATERA BARAT",1,8,182,190
https://kawalpemilu.org#84352,"KAPEH PANJI JAYA TALAOK, BAYANG, PESISIR SELATAN, SUMATERA BARAT",2,10,148,158
https://kawalpemilu.org#84352,"KAPEH PANJI JAYA TALAOK, BAYANG, PESISIR SELATAN, SUMATERA BARAT",3,3,171,174
https://kawalpemilu.org#84352,"KAPEH PANJI JAYA TALAOK, BAYANG, PESISIR SELATAN, SUMATERA BARAT",4,5,156,161
https://kawalpemilu.org#84352,"KAPEH PANJI JAYA TALAOK, BAYANG, PESISIR SELATAN, SUMATERA BARAT",5,8,114,122
https://kawalpemilu.org#84352,"KAPEH PANJI JAYA TALAOK, BAYANG, PESISIR SELATAN, SUMATERA BARAT",6,11,71,82
https://kawalpemilu.org#84352,"KAPEH PANJI JAYA TALAOK, BAYANG, PESISIR SELATAN, SUMATERA BARAT",7,4,203,207
https://kawalpemilu.org#84352,"KAPEH PANJI JAYA TALAOK, BAYANG, PESISIR SELATAN, SUMATERA BARAT",8,6,139,145
https://kawalpemilu.org#84352,"KAPEH PANJI JAYA TALAOK, BAYANG, PESISIR SELATAN, SUMATERA BARAT",9,5,142,147
https://kawalpemilu.org#84352,"KAPEH PANJI JAYA TALAOK, BAYANG, PESISIR SELATAN, SUMATERA BARAT",10,2,120,122
https://kawalpemilu.org#84352,"KAPEH PANJI JAYA TALAOK, BAYANG, PESISIR SELATAN, SUMATERA BARAT",11,1,127,128
https://kawalpemilu.org#84353,"AUR BEGALUNG TALAOK, BAYANG, PESISIR SELATAN, SUMATERA BARAT",1,4,165,169
https://kawalpemilu.org#84353,"AUR BEGALUNG TALAOK, BAYANG, PESISIR SELATAN, SUMATERA BARAT",2,5,134,139
https://kawalpemilu.org#84353,"AUR BEGALUNG TALAOK, BAYANG, PESISIR SELATAN, SUMATERA BARAT",3,4,185,189
https://kawalpemilu.org#84353,"AUR BEGALUNG TALAOK, BAYANG, PESISIR SELATAN, SUMATERA BARAT",4,1,124,125
https://kawalpemilu.org#84353,"AUR BEGALUNG TALAOK, BAYANG, PESISIR SELATAN, SUMATERA BARAT",5,8,243,251
https://kawalpemilu.org#84353,"AUR BEGALUNG TALAOK, BAYANG, PESISIR SELATAN, SUMATERA BARAT",6,6,193,199
https://kawalpemilu.org#84353,"AUR BEGALUNG TALAOK, BAYANG, PESISIR SELATAN, SUMATERA BARAT",7,4,180,184
https://kawalpemilu.org#84354,"KAPELGAM KOTO BERAPAK, BAYANG, PESISIR SELATAN, SUMATERA BARAT",1,11,176,187
https://kawalpemilu.org#84354,"KAPELGAM KOTO BERAPAK, BAYANG, PESISIR SELATAN, SUMATERA BARAT",2,8,163,171
https://kawalpemilu.org#84354,"KAPELGAM KOTO BERAPAK, BAYANG, PESISIR SELATAN, SUMATERA BARAT",3,11,133,144
https://kawalpemilu.org#84354,"KAPELGAM KOTO BERAPAK, BAYANG, PESISIR SELATAN, SUMATERA BARAT",4,12,150,162
https://kawalpemilu.org#84354,"KAPELGAM KOTO BERAPAK, BAYANG, PESISIR SELATAN, SUMATERA BARAT",5,6,175,181
https://kawalpemilu.org#84354,"KAPELGAM KOTO BERAPAK, BAYANG, PESISIR SELATAN, SUMATERA BARAT",6,4,172,176
https://kawalpemilu.org#84354,"KAPELGAM KOTO BERAPAK, BAYANG, PESISIR SELATAN, SUMATERA BARAT",7,6,138,144
https://kawalpemilu.org#84354,"KAPELGAM KOTO BERAPAK, BAYANG, PESISIR SELATAN, SUMATERA BARAT",8,6,155,161
https://kawalpemilu.org#84355,"KOTO BARU KOTO BERAPAK, BAYANG, PESISIR SELATAN, SUMATERA BARAT",1,22,197,219
https://kawalpemilu.org#84355,"KOTO BARU KOTO BERAPAK, BAYANG, PESISIR SELATAN, SUMATERA BARAT",2,7,154,161
https://kawalpemilu.org#84355,"KOTO BARU KOTO BERAPAK, BAYANG, PESISIR SELATAN, SUMATERA BARAT",3,13,182,195
https://kawalpemilu.org#84355,"KOTO BARU KOTO BERAPAK, BAYANG, PESISIR SELATAN, SUMATERA BARAT",4,11,174,185
https://kawalpemilu.org#84355,"KOTO BARU KOTO BERAPAK, BAYANG, PESISIR SELATAN, SUMATERA BARAT",5,7,157,164
https://kawalpemilu.org#84355,"KOTO BARU KOTO BERAPAK, BAYANG, PESISIR SELATAN, SUMATERA BARAT",6,4,71,75
https://kawalpemilu.org#84356,"KUBANG KOTO BERAPAK, BAYANG, PESISIR SELATAN, SUMATERA BARAT",1,13,181,194
https://kawalpemilu.org#84356,"KUBANG KOTO BERAPAK, BAYANG, PESISIR SELATAN, SUMATERA BARAT",2,20,181,201
https://kawalpemilu.org#84356,"KUBANG KOTO BERAPAK, BAYANG, PESISIR SELATAN, SUMATERA BARAT",3,11,173,184
https://kawalpemilu.org#84356,"KUBANG KOTO BERAPAK, BAYANG, PESISIR SELATAN, SUMATERA BARAT",4,16,148,164
https://kawalpemilu.org#84356,"KUBANG KOTO BERAPAK, BAYANG, PESISIR SELATAN, SUMATERA BARAT",5,19,168,187
https://kawalpemilu.org#84357,"KAPUJAN KOTO BERAPAK, BAYANG, PESISIR SELATAN, SUMATERA BARAT",1,6,176,182
https://kawalpemilu.org#84357,"KAPUJAN KOTO BERAPAK, BAYANG, PESISIR SELATAN, SUMATERA BARAT",2,2,142,144
https://kawalpemilu.org#84357,"KAPUJAN KOTO BERAPAK, BAYANG, PESISIR SELATAN, SUMATERA BARAT",3,12,112,124
https://kawalpemilu.org#84357,"KAPUJAN KOTO BERAPAK, BAYANG, PESISIR SELATAN, SUMATERA BARAT",4,10,141,151
https://kawalpemilu.org#84357,"KAPUJAN KOTO BERAPAK, BAYANG, PESISIR SELATAN, SUMATERA BARAT",5,8,154,162
https://kawalpemilu.org#84357,"KAPUJAN KOTO BERAPAK, BAYANG, PESISIR SELATAN, SUMATERA BARAT",6,2,69,71
https://kawalpemilu.org#84358,"GURUN PANJANG UTARA, BAYANG, PESISIR SELATAN, SUMATERA BARAT",1,6,140,146
https://kawalpemilu.org#84358,"GURUN PANJANG UTARA, BAYANG, PESISIR SELATAN, SUMATERA BARAT",2,8,152,160
https://kawalpemilu.org#84358,"GURUN PANJANG UTARA, BAYANG, PESISIR SELATAN, SUMATERA BARAT",3,13,166,179
https://kawalpemilu.org#84358,"GURUN PANJANG UTARA, BAYANG, PESISIR SELATAN, SUMATERA BARAT",4,20,153,173
https://kawalpemilu.org#84358,"GURUN PANJANG UTARA, BAYANG, PESISIR SELATAN, SUMATERA BARAT",5,5,178,183
https://kawalpemilu.org#84358,"GURUN PANJANG UTARA, BAYANG, PESISIR SELATAN, SUMATERA BARAT",6,14,176,190
https://kawalpemilu.org#84358,"GURUN PANJANG UTARA, BAYANG, PESISIR SELATAN, SUMATERA BARAT",7,5,186,191
https://kawalpemilu.org#84358,"GURUN PANJANG UTARA, BAYANG, PESISIR SELATAN, SUMATERA BARAT",8,0,126,126
https://kawalpemilu.org#84359,"GURUN PANJANG BARAT, BAYANG, PESISIR SELATAN, SUMATERA BARAT",1,8,137,145
https://kawalpemilu.org#84359,"GURUN PANJANG BARAT, BAYANG, PESISIR SELATAN, SUMATERA BARAT",2,8,143,151
https://kawalpemilu.org#84359,"GURUN PANJANG BARAT, BAYANG, PESISIR SELATAN, SUMATERA BARAT",3,8,184,192
https://kawalpemilu.org#84359,"GURUN PANJANG BARAT, BAYANG, PESISIR SELATAN, SUMATERA BARAT",4,10,158,168
https://kawalpemilu.org#84359,"GURUN PANJANG BARAT, BAYANG, PESISIR SELATAN, SUMATERA BARAT",5,21,159,180
https://kawalpemilu.org#84359,"GURUN PANJANG BARAT, BAYANG, PESISIR SELATAN, SUMATERA BARAT",6,10,137,147
https://kawalpemilu.org#84360,"GURUN PANJANG SELATAN, BAYANG, PESISIR SELATAN, SUMATERA BARAT",1,2,121,123
https://kawalpemilu.org#84360,"GURUN PANJANG SELATAN, BAYANG, PESISIR SELATAN, SUMATERA BARAT",2,7,157,164
https://kawalpemilu.org#84360,"GURUN PANJANG SELATAN, BAYANG, PESISIR SELATAN, SUMATERA BARAT",3,3,202,205
https://kawalpemilu.org#84360,"GURUN PANJANG SELATAN, BAYANG, PESISIR SELATAN, SUMATERA BARAT",4,5,175,180
https://kawalpemilu.org#84360,"GURUN PANJANG SELATAN, BAYANG, PESISIR SELATAN, SUMATERA BARAT",5,11,163,174
https://kawalpemilu.org#84360,"GURUN PANJANG SELATAN, BAYANG, PESISIR SELATAN, SUMATERA BARAT",6,28,186,214
https://kawalpemilu.org#84360,"GURUN PANJANG SELATAN, BAYANG, PESISIR SELATAN, SUMATERA BARAT",7,28,207,235
https://kawalpemilu.org#84360,"GURUN PANJANG SELATAN, BAYANG, PESISIR SELATAN, SUMATERA BARAT",8,9,135,144
https://kawalpemilu.org#84360,"GURUN PANJANG SELATAN, BAYANG, PESISIR SELATAN, SUMATERA BARAT",9,5,71,76
https://kawalpemilu.org#12965,"SIGUNTUR, KOTO XI TARUSAN, PESISIR SELATAN, SUMATERA BARAT",1,13,231,244
https://kawalpemilu.org#12965,"SIGUNTUR, KOTO XI TARUSAN, PESISIR SELATAN, SUMATERA BARAT",2,13,242,255
https://kawalpemilu.org#12965,"SIGUNTUR, KOTO XI TARUSAN, PESISIR SELATAN, SUMATERA BARAT",3,13,227,240
https://kawalpemilu.org#12965,"SIGUNTUR, KOTO XI TARUSAN, PESISIR SELATAN, SUMATERA BARAT",4,11,256,267
https://kawalpemilu.org#12965,"SIGUNTUR, KOTO XI TARUSAN, PESISIR SELATAN, SUMATERA BARAT",5,10,223,233
https://kawalpemilu.org#12965,"SIGUNTUR, KOTO XI TARUSAN, PESISIR SELATAN, SUMATERA BARAT",6,11,265,276
https://kawalpemilu.org#12965,"SIGUNTUR, KOTO XI TARUSAN, PESISIR SELATAN, SUMATERA BARAT",7,5,242,247
https://kawalpemilu.org#12965,"SIGUNTUR, KOTO XI TARUSAN, PESISIR SELATAN, SUMATERA BARAT",8,3,103,106
https://kawalpemilu.org#12965,"SIGUNTUR, KOTO XI TARUSAN, PESISIR SELATAN, SUMATERA BARAT",9,14,145,159
https://kawalpemilu.org#12966,"SUNGAI PINANG, KOTO XI TARUSAN, PESISIR SELATAN, SUMATERA BARAT",1,7,151,158
https://kawalpemilu.org#12966,"SUNGAI PINANG, KOTO XI TARUSAN, PESISIR SELATAN, SUMATERA BARAT",2,10,173,183
https://kawalpemilu.org#12966,"SUNGAI PINANG, KOTO XI TARUSAN, PESISIR SELATAN, SUMATERA BARAT",3,12,176,188
https://kawalpemilu.org#12966,"SUNGAI PINANG, KOTO XI TARUSAN, PESISIR SELATAN, SUMATERA BARAT",4,9,205,214
https://kawalpemilu.org#12966,"SUNGAI PINANG, KOTO XI TARUSAN, PESISIR SELATAN, SUMATERA BARAT",5,6,125,131
https://kawalpemilu.org#12967,"DUKU, KOTO XI TARUSAN, PESISIR SELATAN, SUMATERA BARAT",1,15,133,148
https://kawalpemilu.org#12967,"DUKU, KOTO XI TARUSAN, PESISIR SELATAN, SUMATERA BARAT",2,7,146,153
https://kawalpemilu.org#12967,"DUKU, KOTO XI TARUSAN, PESISIR SELATAN, SUMATERA BARAT",3,15,130,145
https://kawalpemilu.org#12967,"DUKU, KOTO XI TARUSAN, PESISIR SELATAN, SUMATERA BARAT",4,37,169,206
https://kawalpemilu.org#12967,"DUKU, KOTO XI TARUSAN, PESISIR SELATAN, SUMATERA BARAT",5,17,189,206
https://kawalpemilu.org#12967,"DUKU, KOTO XI TARUSAN, PESISIR SELATAN, SUMATERA BARAT",6,10,173,183
https://kawalpemilu.org#12967,"DUKU, KOTO XI TARUSAN, PESISIR SELATAN, SUMATERA BARAT",7,14,84,98
https://kawalpemilu.org#12967,"DUKU, KOTO XI TARUSAN, PESISIR SELATAN, SUMATERA BARAT",8,8,174,182
https://kawalpemilu.org#12967,"DUKU, KOTO XI TARUSAN, PESISIR SELATAN, SUMATERA BARAT",9,16,197,213
https://kawalpemilu.org#12967,"DUKU, KOTO XI TARUSAN, PESISIR SELATAN, SUMATERA BARAT",10,29,185,214
https://kawalpemilu.org#12967,"DUKU, KOTO XI TARUSAN, PESISIR SELATAN, SUMATERA BARAT",11,21,183,204
https://kawalpemilu.org#12967,"DUKU, KOTO XI TARUSAN, PESISIR SELATAN, SUMATERA BARAT",12,13,205,218
https://kawalpemilu.org#12968,"BATU HAMPA, KOTO XI TARUSAN, PESISIR SELATAN, SUMATERA BARAT",1,23,189,212
https://kawalpemilu.org#12968,"BATU HAMPA, KOTO XI TARUSAN, PESISIR SELATAN, SUMATERA BARAT",2,27,179,206
https://kawalpemilu.org#12968,"BATU HAMPA, KOTO XI TARUSAN, PESISIR SELATAN, SUMATERA BARAT",3,33,152,185
https://kawalpemilu.org#12968,"BATU HAMPA, KOTO XI TARUSAN, PESISIR SELATAN, SUMATERA BARAT",4,6,34,40
https://kawalpemilu.org#12968,"BATU HAMPA, KOTO XI TARUSAN, PESISIR SELATAN, SUMATERA BARAT",5,19,113,132
https://kawalpemilu.org#12969,"NANGGALO, KOTO XI TARUSAN, PESISIR SELATAN, SUMATERA BARAT",1,33,156,189
https://kawalpemilu.org#12969,"NANGGALO, KOTO XI TARUSAN, PESISIR SELATAN, SUMATERA BARAT",2,17,221,238
https://kawalpemilu.org#12969,"NANGGALO, KOTO XI TARUSAN, PESISIR SELATAN, SUMATERA BARAT",3,17,170,187
https://kawalpemilu.org#12969,"NANGGALO, KOTO XI TARUSAN, PESISIR SELATAN, SUMATERA BARAT",4,32,164,196
https://kawalpemilu.org#12969,"NANGGALO, KOTO XI TARUSAN, PESISIR SELATAN, SUMATERA BARAT",5,26,171,197
https://kawalpemilu.org#12969,"NANGGALO, KOTO XI TARUSAN, PESISIR SELATAN, SUMATERA BARAT",6,17,150,167
https://kawalpemilu.org#12969,"NANGGALO, KOTO XI TARUSAN, PESISIR SELATAN, SUMATERA BARAT",7,26,172,198
https://kawalpemilu.org#12969,"NANGGALO, KOTO XI TARUSAN, PESISIR SELATAN, SUMATERA BARAT",8,36,143,179
https://kawalpemilu.org#12969,"NANGGALO, KOTO XI TARUSAN, PESISIR SELATAN, SUMATERA BARAT",9,34,153,187
https://kawalpemilu.org#12969,"NANGGALO, KOTO XI TARUSAN, PESISIR SELATAN, SUMATERA BARAT",10,50,157,207
https://kawalpemilu.org#12970,"AMPANG PULAI, KOTO XI TARUSAN, PESISIR SELATAN, SUMATERA BARAT",1,13,201,214
https://kawalpemilu.org#12970,"AMPANG PULAI, KOTO XI TARUSAN, PESISIR SELATAN, SUMATERA BARAT",2,19,153,172
https://kawalpemilu.org#12970,"AMPANG PULAI, KOTO XI TARUSAN, PESISIR SELATAN, SUMATERA BARAT",3,19,144,163
https://kawalpemilu.org#12970,"AMPANG PULAI, KOTO XI TARUSAN, PESISIR SELATAN, SUMATERA BARAT",4,6,117,123
https://kawalpemilu.org#12970,"AMPANG PULAI, KOTO XI TARUSAN, PESISIR SELATAN, SUMATERA BARAT",5,17,180,197
https://kawalpemilu.org#12970,"AMPANG PULAI, KOTO XI TARUSAN, PESISIR SELATAN, SUMATERA BARAT",6,25,167,192
https://kawalpemilu.org#12970,"AMPANG PULAI, KOTO XI TARUSAN, PESISIR SELATAN, SUMATERA BARAT",7,16,137,153
https://kawalpemilu.org#12970,"AMPANG PULAI, KOTO XI TARUSAN, PESISIR SELATAN, SUMATERA BARAT",8,19,153,172
https://kawalpemilu.org#12970,"AMPANG PULAI, KOTO XI TARUSAN, PESISIR SELATAN, SUMATERA BARAT",9,20,152,172
https://kawalpemilu.org#12970,"AMPANG PULAI, KOTO XI TARUSAN, PESISIR SELATAN, SUMATERA BARAT",10,25,145,170
https://kawalpemilu.org#12970,"AMPANG PULAI, KOTO XI TARUSAN, PESISIR SELATAN, SUMATERA BARAT",11,52,156,208
https://kawalpemilu.org#12970,"AMPANG PULAI, KOTO XI TARUSAN, PESISIR SELATAN, SUMATERA BARAT",12,11,169,180
https://kawalpemilu.org#12971,"KAPUH, KOTO XI TARUSAN, PESISIR SELATAN, SUMATERA BARAT",1,18,147,165
https://kawalpemilu.org#12971,"KAPUH, KOTO XI TARUSAN, PESISIR SELATAN, SUMATERA BARAT",2,24,179,203
https://kawalpemilu.org#12971,"KAPUH, KOTO XI TARUSAN, PESISIR SELATAN, SUMATERA BARAT",3,14,151,165
https://kawalpemilu.org#12971,"KAPUH, KOTO XI TARUSAN, PESISIR SELATAN, SUMATERA BARAT",4,10,184,194
https://kawalpemilu.org#12971,"KAPUH, KOTO XI TARUSAN, PESISIR SELATAN, SUMATERA BARAT",5,11,173,184
https://kawalpemilu.org#12971,"KAPUH, KOTO XI TARUSAN, PESISIR SELATAN, SUMATERA BARAT",6,11,140,151
https://kawalpemilu.org#12971,"KAPUH, KOTO XI TARUSAN, PESISIR SELATAN, SUMATERA BARAT",7,12,186,198
https://kawalpemilu.org#12971,"KAPUH, KOTO XI TARUSAN, PESISIR SELATAN, SUMATERA BARAT",9,17,203,220
https://kawalpemilu.org#12971,"KAPUH, KOTO XI TARUSAN, PESISIR SELATAN, SUMATERA BARAT",10,25,213,238
https://kawalpemilu.org#12971,"KAPUH, KOTO XI TARUSAN, PESISIR SELATAN, SUMATERA BARAT",11,32,184,216
https://kawalpemilu.org#12971,"KAPUH, KOTO XI TARUSAN, PESISIR SELATAN, SUMATERA BARAT",12,47,161,208
https://kawalpemilu.org#12971,"KAPUH, KOTO XI TARUSAN, PESISIR SELATAN, SUMATERA BARAT",13,8,120,128
https://kawalpemilu.org#12971,"KAPUH, KOTO XI TARUSAN, PESISIR SELATAN, SUMATERA BARAT",14,15,115,130
https://kawalpemilu.org#12972,"BARUNG BARUNG BALANTAI, KOTO XI TARUSAN, PESISIR SELATAN, SUMATERA BARAT",1,18,195,213
https://kawalpemilu.org#12972,"BARUNG BARUNG BALANTAI, KOTO XI TARUSAN, PESISIR SELATAN, SUMATERA BARAT",2,12,125,137
https://kawalpemilu.org#12972,"BARUNG BARUNG BALANTAI, KOTO XI TARUSAN, PESISIR SELATAN, SUMATERA BARAT",3,18,164,182
https://kawalpemilu.org#12972,"BARUNG BARUNG BALANTAI, KOTO XI TARUSAN, PESISIR SELATAN, SUMATERA BARAT",4,8,204,212
https://kawalpemilu.org#12972,"BARUNG BARUNG BALANTAI, KOTO XI TARUSAN, PESISIR SELATAN, SUMATERA BARAT",5,19,214,233
https://kawalpemilu.org#12972,"BARUNG BARUNG BALANTAI, KOTO XI TARUSAN, PESISIR SELATAN, SUMATERA BARAT",6,34,216,250
https://kawalpemilu.org#12972,"BARUNG BARUNG BALANTAI, KOTO XI TARUSAN, PESISIR SELATAN, SUMATERA BARAT",7,9,107,116
https://kawalpemilu.org#12973,"BARUNG BARUNG BALANTAI SELATAN, KOTO XI TARUSAN, PESISIR SELATAN, SUMATERA BARAT",1,12,135,147
https://kawalpemilu.org#12973,"BARUNG BARUNG BALANTAI SELATAN, KOTO XI TARUSAN, PESISIR SELATAN, SUMATERA BARAT",2,15,218,233
https://kawalpemilu.org#12973,"BARUNG BARUNG BALANTAI SELATAN, KOTO XI TARUSAN, PESISIR SELATAN, SUMATERA BARAT",5,0,0,0
https://kawalpemilu.org#12975,"MANDEH, KOTO XI TARUSAN, PESISIR SELATAN, SUMATERA BARAT",1,18,195,213
https://kawalpemilu.org#12975,"MANDEH, KOTO XI TARUSAN, PESISIR SELATAN, SUMATERA BARAT",2,30,181,211
https://kawalpemilu.org#12975,"MANDEH, KOTO XI TARUSAN, PESISIR SELATAN, SUMATERA BARAT",3,19,176,195
https://kawalpemilu.org#12975,"MANDEH, KOTO XI TARUSAN, PESISIR SELATAN, SUMATERA BARAT",4,40,182,222
https://kawalpemilu.org#12976,"KAPUH UTARA, KOTO XI TARUSAN, PESISIR SELATAN, SUMATERA BARAT",1,29,186,215
https://kawalpemilu.org#12976,"KAPUH UTARA, KOTO XI TARUSAN, PESISIR SELATAN, SUMATERA BARAT",2,33,101,134
https://kawalpemilu.org#12976,"KAPUH UTARA, KOTO XI TARUSAN, PESISIR SELATAN, SUMATERA BARAT",3,27,165,192
https://kawalpemilu.org#12976,"KAPUH UTARA, KOTO XI TARUSAN, PESISIR SELATAN, SUMATERA BARAT",4,44,139,183
https://kawalpemilu.org#12976,"KAPUH UTARA, KOTO XI TARUSAN, PESISIR SELATAN, SUMATERA BARAT",5,28,188,216
https://kawalpemilu.org#12976,"KAPUH UTARA, KOTO XI TARUSAN, PESISIR SELATAN, SUMATERA BARAT",6,38,164,202
https://kawalpemilu.org#12976,"KAPUH UTARA, KOTO XI TARUSAN, PESISIR SELATAN, SUMATERA BARAT",7,14,95,109
https://kawalpemilu.org#84361,"TARATAK SEI LUNDANG, KOTO XI TARUSAN, PESISIR SELATAN, SUMATERA BARAT",1,9,143,152
https://kawalpemilu.org#84361,"TARATAK SEI LUNDANG, KOTO XI TARUSAN, PESISIR SELATAN, SUMATERA BARAT",2,11,164,175
https://kawalpemilu.org#84361,"TARATAK SEI LUNDANG, KOTO XI TARUSAN, PESISIR SELATAN, SUMATERA BARAT",3,14,154,168
https://kawalpemilu.org#84361,"TARATAK SEI LUNDANG, KOTO XI TARUSAN, PESISIR SELATAN, SUMATERA BARAT",4,14,153,167
https://kawalpemilu.org#84362,"SIGUNTUR TUA, KOTO XI TARUSAN, PESISIR SELATAN, SUMATERA BARAT",1,12,137,149
https://kawalpemilu.org#84362,"SIGUNTUR TUA, KOTO XI TARUSAN, PESISIR SELATAN, SUMATERA BARAT",2,12,178,190
https://kawalpemilu.org#84362,"SIGUNTUR TUA, KOTO XI TARUSAN, PESISIR SELATAN, SUMATERA BARAT",3,5,151,156
https://kawalpemilu.org#84363,"KAMPUNG BARU KORONG NAN AMPEK, KOTO XI TARUSAN, PESISIR SELATAN, SUMATERA BARAT",1,11,126,137
https://kawalpemilu.org#84363,"KAMPUNG BARU KORONG NAN AMPEK, KOTO XI TARUSAN, PESISIR SELATAN, SUMATERA BARAT",2,16,150,166
https://kawalpemilu.org#84363,"KAMPUNG BARU KORONG NAN AMPEK, KOTO XI TARUSAN, PESISIR SELATAN, SUMATERA BARAT",3,8,177,185
https://kawalpemilu.org#84363,"KAMPUNG BARU KORONG NAN AMPEK, KOTO XI TARUSAN, PESISIR SELATAN, SUMATERA BARAT",4,12,187,199
https://kawalpemilu.org#84363,"KAMPUNG BARU KORONG NAN AMPEK, KOTO XI TARUSAN, PESISIR SELATAN, SUMATERA BARAT",5,7,138,145
https://kawalpemilu.org#84363,"KAMPUNG BARU KORONG NAN AMPEK, KOTO XI TARUSAN, PESISIR SELATAN, SUMATERA BARAT",6,7,141,148
https://kawalpemilu.org#84363,"KAMPUNG BARU KORONG NAN AMPEK, KOTO XI TARUSAN, PESISIR SELATAN, SUMATERA BARAT",7,17,176,193
https://kawalpemilu.org#84364,"DUKU UTARA, KOTO XI TARUSAN, PESISIR SELATAN, SUMATERA BARAT",2,19,202,221
https://kawalpemilu.org#84364,"DUKU UTARA, KOTO XI TARUSAN, PESISIR SELATAN, SUMATERA BARAT",3,12,155,167
https://kawalpemilu.org#84364,"DUKU UTARA, KOTO XI TARUSAN, PESISIR SELATAN, SUMATERA BARAT",4,2,191,193
https://kawalpemilu.org#84364,"DUKU UTARA, KOTO XI TARUSAN, PESISIR SELATAN, SUMATERA BARAT",5,29,182,211
https://kawalpemilu.org#84364,"DUKU UTARA, KOTO XI TARUSAN, PESISIR SELATAN, SUMATERA BARAT",6,10,146,156
https://kawalpemilu.org#84364,"DUKU UTARA, KOTO XI TARUSAN, PESISIR SELATAN, SUMATERA BARAT",7,13,147,160
https://kawalpemilu.org#84365,"PULAU KARAM AMPANG PULAI, KOTO XI TARUSAN, PESISIR SELATAN, SUMATERA BARAT",1,25,184,209
https://kawalpemilu.org#84365,"PULAU KARAM AMPANG PULAI, KOTO XI TARUSAN, PESISIR SELATAN, SUMATERA BARAT",2,16,150,166
https://kawalpemilu.org#84365,"PULAU KARAM AMPANG PULAI, KOTO XI TARUSAN, PESISIR SELATAN, SUMATERA BARAT",3,15,204,219
https://kawalpemilu.org#84365,"PULAU KARAM AMPANG PULAI, KOTO XI TARUSAN, PESISIR SELATAN, SUMATERA BARAT",4,22,177,199
https://kawalpemilu.org#84365,"PULAU KARAM AMPANG PULAI, KOTO XI TARUSAN, PESISIR SELATAN, SUMATERA BARAT",5,21,158,179
https://kawalpemilu.org#84365,"PULAU KARAM AMPANG PULAI, KOTO XI TARUSAN, PESISIR SELATAN, SUMATERA BARAT",6,21,195,216
https://kawalpemilu.org#84365,"PULAU KARAM AMPANG PULAI, KOTO XI TARUSAN, PESISIR SELATAN, SUMATERA BARAT",7,16,156,172
https://kawalpemilu.org#84366,"JINANG KAMPUNG PANSUR AMPANG PUL, KOTO XI TARUSAN, PESISIR SELATAN, SUMATERA BARAT",1,27,217,244
https://kawalpemilu.org#84366,"JINANG KAMPUNG PANSUR AMPANG PUL, KOTO XI TARUSAN, PESISIR SELATAN, SUMATERA BARAT",2,23,190,213
https://kawalpemilu.org#84366,"JINANG KAMPUNG PANSUR AMPANG PUL, KOTO XI TARUSAN, PESISIR SELATAN, SUMATERA BARAT",3,19,180,199
https://kawalpemilu.org#84366,"JINANG KAMPUNG PANSUR AMPANG PUL, KOTO XI TARUSAN, PESISIR SELATAN, SUMATERA BARAT",4,34,198,232
https://kawalpemilu.org#84366,"JINANG KAMPUNG PANSUR AMPANG PUL, KOTO XI TARUSAN, PESISIR SELATAN, SUMATERA BARAT",5,30,162,192
https://kawalpemilu.org#84367,"CEROCOK ANAU AMPANG PULAI, KOTO XI TARUSAN, PESISIR SELATAN, SUMATERA BARAT",1,39,205,244
https://kawalpemilu.org#84367,"CEROCOK ANAU AMPANG PULAI, KOTO XI TARUSAN, PESISIR SELATAN, SUMATERA BARAT",2,26,205,231
https://kawalpemilu.org#84367,"CEROCOK ANAU AMPANG PULAI, KOTO XI TARUSAN, PESISIR SELATAN, SUMATERA BARAT",3,52,137,189
https://kawalpemilu.org#84368,"SUNGAI NYALO MUDIAK AIA, KOTO XI TARUSAN, PESISIR SELATAN, SUMATERA BARAT",1,73,73,146
https://kawalpemilu.org#84368,"SUNGAI NYALO MUDIAK AIA, KOTO XI TARUSAN, PESISIR SELATAN, SUMATERA BARAT",2,39,123,162
https://kawalpemilu.org#84368,"SUNGAI NYALO MUDIAK AIA, KOTO XI TARUSAN, PESISIR SELATAN, SUMATERA BARAT",3,34,106,140
https://kawalpemilu.org#84368,"SUNGAI NYALO MUDIAK AIA, KOTO XI TARUSAN, PESISIR SELATAN, SUMATERA BARAT",4,3,60,63
https://kawalpemilu.org#84369,"BATU HAMPAR SELATAN, KOTO XI TARUSAN, PESISIR SELATAN, SUMATERA BARAT",1,33,194,227
https://kawalpemilu.org#84369,"BATU HAMPAR SELATAN, KOTO XI TARUSAN, PESISIR SELATAN, SUMATERA BARAT",2,20,196,216
https://kawalpemilu.org#84369,"BATU HAMPAR SELATAN, KOTO XI TARUSAN, PESISIR SELATAN, SUMATERA BARAT",3,31,123,154
https://kawalpemilu.org#84369,"BATU HAMPAR SELATAN, KOTO XI TARUSAN, PESISIR SELATAN, SUMATERA BARAT",4,15,175,190
https://kawalpemilu.org#84369,"BATU HAMPAR SELATAN, KOTO XI TARUSAN, PESISIR SELATAN, SUMATERA BARAT",5,19,146,165
https://kawalpemilu.org#84369,"BATU HAMPAR SELATAN, KOTO XI TARUSAN, PESISIR SELATAN, SUMATERA BARAT",6,29,187,216
https://kawalpemilu.org#84370,"BARUNG-BARUNG BALANTAI TIMUR, KOTO XI TARUSAN, PESISIR SELATAN, SUMATERA BARAT",1,9,173,182
https://kawalpemilu.org#84370,"BARUNG-BARUNG BALANTAI TIMUR, KOTO XI TARUSAN, PESISIR SELATAN, SUMATERA BARAT",2,14,156,170
https://kawalpemilu.org#84370,"BARUNG-BARUNG BALANTAI TIMUR, KOTO XI TARUSAN, PESISIR SELATAN, SUMATERA BARAT",4,9,129,138
https://kawalpemilu.org#84370,"BARUNG-BARUNG BALANTAI TIMUR, KOTO XI TARUSAN, PESISIR SELATAN, SUMATERA BARAT",5,8,136,144
https://kawalpemilu.org#84371,"BARUNG-BARUNG BALANTAI TENGAH, KOTO XI TARUSAN, PESISIR SELATAN, SUMATERA BARAT",1,12,121,133
https://kawalpemilu.org#84371,"BARUNG-BARUNG BALANTAI TENGAH, KOTO XI TARUSAN, PESISIR SELATAN, SUMATERA BARAT",2,13,181,194
https://kawalpemilu.org#84371,"BARUNG-BARUNG BALANTAI TENGAH, KOTO XI TARUSAN, PESISIR SELATAN, SUMATERA BARAT",3,5,141,146
https://kawalpemilu.org#84371,"BARUNG-BARUNG BALANTAI TENGAH, KOTO XI TARUSAN, PESISIR SELATAN, SUMATERA BARAT",4,7,88,95
https://kawalpemilu.org#84371,"BARUNG-BARUNG BALANTAI TENGAH, KOTO XI TARUSAN, PESISIR SELATAN, SUMATERA BARAT",5,18,130,148
https://kawalpemilu.org#84371,"BARUNG-BARUNG BALANTAI TENGAH, KOTO XI TARUSAN, PESISIR SELATAN, SUMATERA BARAT",6,9,140,149
https://kawalpemilu.org#84372,"SETARA NANGGALO, KOTO XI TARUSAN, PESISIR SELATAN, SUMATERA BARAT",1,21,141,162
https://kawalpemilu.org#84372,"SETARA NANGGALO, KOTO XI TARUSAN, PESISIR SELATAN, SUMATERA BARAT",2,8,145,153
https://kawalpemilu.org#84372,"SETARA NANGGALO, KOTO XI TARUSAN, PESISIR SELATAN, SUMATERA BARAT",3,8,143,151
https://kawalpemilu.org#84372,"SETARA NANGGALO, KOTO XI TARUSAN, PESISIR SELATAN, SUMATERA BARAT",4,15,137,152
https://kawalpemilu.org#84372,"SETARA NANGGALO, KOTO XI TARUSAN, PESISIR SELATAN, SUMATERA BARAT",5,25,171,196
https://kawalpemilu.org#84372,"SETARA NANGGALO, KOTO XI TARUSAN, PESISIR SELATAN, SUMATERA BARAT",6,24,134,158
https://kawalpemilu.org#84372,"SETARA NANGGALO, KOTO XI TARUSAN, PESISIR SELATAN, SUMATERA BARAT",7,24,188,212
https://kawalpemilu.org#84372,"SETARA NANGGALO, KOTO XI TARUSAN, PESISIR SELATAN, SUMATERA BARAT",8,27,141,168
https://kawalpemilu.org#12978,"TARATAK, SUTERA, PESISIR SELATAN, SUMATERA BARAT",1,12,183,195
https://kawalpemilu.org#12978,"TARATAK, SUTERA, PESISIR SELATAN, SUMATERA BARAT",4,10,189,199
https://kawalpemilu.org#12978,"TARATAK, SUTERA, PESISIR SELATAN, SUMATERA BARAT",5,7,186,193
https://kawalpemilu.org#12978,"TARATAK, SUTERA, PESISIR SELATAN, SUMATERA BARAT",6,13,170,183
https://kawalpemilu.org#12978,"TARATAK, SUTERA, PESISIR SELATAN, SUMATERA BARAT",7,6,187,193
https://kawalpemilu.org#12979,"SURANTIH, SUTERA, PESISIR SELATAN, SUMATERA BARAT",1,23,194,217
https://kawalpemilu.org#12979,"SURANTIH, SUTERA, PESISIR SELATAN, SUMATERA BARAT",2,19,194,213
https://kawalpemilu.org#12979,"SURANTIH, SUTERA, PESISIR SELATAN, SUMATERA BARAT",3,19,167,186
https://kawalpemilu.org#12979,"SURANTIH, SUTERA, PESISIR SELATAN, SUMATERA BARAT",4,13,198,211
https://kawalpemilu.org#12979,"SURANTIH, SUTERA, PESISIR SELATAN, SUMATERA BARAT",5,12,155,167
https://kawalpemilu.org#12979,"SURANTIH, SUTERA, PESISIR SELATAN, SUMATERA BARAT",6,36,193,229
https://kawalpemilu.org#12979,"SURANTIH, SUTERA, PESISIR SELATAN, SUMATERA BARAT",7,38,171,209
https://kawalpemilu.org#12979,"SURANTIH, SUTERA, PESISIR SELATAN, SUMATERA BARAT",8,15,145,160
https://kawalpemilu.org#12979,"SURANTIH, SUTERA, PESISIR SELATAN, SUMATERA BARAT",9,18,195,213
https://kawalpemilu.org#12979,"SURANTIH, SUTERA, PESISIR SELATAN, SUMATERA BARAT",10,31,154,185
https://kawalpemilu.org#12979,"SURANTIH, SUTERA, PESISIR SELATAN, SUMATERA BARAT",11,12,116,128
https://kawalpemilu.org#12979,"SURANTIH, SUTERA, PESISIR SELATAN, SUMATERA BARAT",12,24,123,147
https://kawalpemilu.org#12979,"SURANTIH, SUTERA, PESISIR SELATAN, SUMATERA BARAT",13,24,166,190
https://kawalpemilu.org#12979,"SURANTIH, SUTERA, PESISIR SELATAN, SUMATERA BARAT",14,14,171,185
https://kawalpemilu.org#12979,"SURANTIH, SUTERA, PESISIR SELATAN, SUMATERA BARAT",15,7,142,149
https://kawalpemilu.org#12979,"SURANTIH, SUTERA, PESISIR SELATAN, SUMATERA BARAT",16,14,244,258
https://kawalpemilu.org#12979,"SURANTIH, SUTERA, PESISIR SELATAN, SUMATERA BARAT",17,10,230,240
https://kawalpemilu.org#12979,"SURANTIH, SUTERA, PESISIR SELATAN, SUMATERA BARAT",18,18,98,116
https://kawalpemilu.org#12979,"SURANTIH, SUTERA, PESISIR SELATAN, SUMATERA BARAT",19,10,93,103
https://kawalpemilu.org#12979,"SURANTIH, SUTERA, PESISIR SELATAN, SUMATERA BARAT",20,8,159,167
https://kawalpemilu.org#12979,"SURANTIH, SUTERA, PESISIR SELATAN, SUMATERA BARAT",21,13,226,239
https://kawalpemilu.org#12979,"SURANTIH, SUTERA, PESISIR SELATAN, SUMATERA BARAT",22,14,104,118
https://kawalpemilu.org#12979,"SURANTIH, SUTERA, PESISIR SELATAN, SUMATERA BARAT",23,18,107,125
https://kawalpemilu.org#12979,"SURANTIH, SUTERA, PESISIR SELATAN, SUMATERA BARAT",24,16,112,128
https://kawalpemilu.org#12980,"AMPING PARAK, SUTERA, PESISIR SELATAN, SUMATERA BARAT",1,17,117,134
https://kawalpemilu.org#12980,"AMPING PARAK, SUTERA, PESISIR SELATAN, SUMATERA BARAT",2,9,144,153
https://kawalpemilu.org#12980,"AMPING PARAK, SUTERA, PESISIR SELATAN, SUMATERA BARAT",3,19,180,199
https://kawalpemilu.org#12980,"AMPING PARAK, SUTERA, PESISIR SELATAN, SUMATERA BARAT",4,13,140,153
https://kawalpemilu.org#12980,"AMPING PARAK, SUTERA, PESISIR SELATAN, SUMATERA BARAT",5,19,165,184
https://kawalpemilu.org#12980,"AMPING PARAK, SUTERA, PESISIR SELATAN, SUMATERA BARAT",7,19,160,179
https://kawalpemilu.org#12980,"AMPING PARAK, SUTERA, PESISIR SELATAN, SUMATERA BARAT",8,23,130,153
https://kawalpemilu.org#12980,"AMPING PARAK, SUTERA, PESISIR SELATAN, SUMATERA BARAT",9,17,131,148
https://kawalpemilu.org#12980,"AMPING PARAK, SUTERA, PESISIR SELATAN, SUMATERA BARAT",10,17,182,199
https://kawalpemilu.org#12980,"AMPING PARAK, SUTERA, PESISIR SELATAN, SUMATERA BARAT",11,10,137,147
https://kawalpemilu.org#12980,"AMPING PARAK, SUTERA, PESISIR SELATAN, SUMATERA BARAT",12,16,130,146
https://kawalpemilu.org#12980,"AMPING PARAK, SUTERA, PESISIR SELATAN, SUMATERA BARAT",13,25,188,213
https://kawalpemilu.org#12980,"AMPING PARAK, SUTERA, PESISIR SELATAN, SUMATERA BARAT",14,9,208,217
https://kawalpemilu.org#12980,"AMPING PARAK, SUTERA, PESISIR SELATAN, SUMATERA BARAT",15,31,175,206
https://kawalpemilu.org#12980,"AMPING PARAK, SUTERA, PESISIR SELATAN, SUMATERA BARAT",16,22,197,219
https://kawalpemilu.org#12980,"AMPING PARAK, SUTERA, PESISIR SELATAN, SUMATERA BARAT",17,26,181,207
https://kawalpemilu.org#12980,"AMPING PARAK, SUTERA, PESISIR SELATAN, SUMATERA BARAT",18,37,152,189
https://kawalpemilu.org#12980,"AMPING PARAK, SUTERA, PESISIR SELATAN, SUMATERA BARAT",19,20,177,197
https://kawalpemilu.org#12980,"AMPING PARAK, SUTERA, PESISIR SELATAN, SUMATERA BARAT",20,17,201,218
https://kawalpemilu.org#12980,"AMPING PARAK, SUTERA, PESISIR SELATAN, SUMATERA BARAT",21,18,190,208
https://kawalpemilu.org#12980,"AMPING PARAK, SUTERA, PESISIR SELATAN, SUMATERA BARAT",22,20,169,189
https://kawalpemilu.org#12980,"AMPING PARAK, SUTERA, PESISIR SELATAN, SUMATERA BARAT",23,22,166,188
https://kawalpemilu.org#12980,"AMPING PARAK, SUTERA, PESISIR SELATAN, SUMATERA BARAT",24,13,105,118
https://kawalpemilu.org#12980,"AMPING PARAK, SUTERA, PESISIR SELATAN, SUMATERA BARAT",25,8,81,89
https://kawalpemilu.org#12980,"AMPING PARAK, SUTERA, PESISIR SELATAN, SUMATERA BARAT",26,17,103,120
https://kawalpemilu.org#12980,"AMPING PARAK, SUTERA, PESISIR SELATAN, SUMATERA BARAT",27,10,105,115
https://kawalpemilu.org#12980,"AMPING PARAK, SUTERA, PESISIR SELATAN, SUMATERA BARAT",28,16,68,84
https://kawalpemilu.org#12980,"AMPING PARAK, SUTERA, PESISIR SELATAN, SUMATERA BARAT",29,10,97,107
https://kawalpemilu.org#12980,"AMPING PARAK, SUTERA, PESISIR SELATAN, SUMATERA BARAT",30,19,106,125
https://kawalpemilu.org#12981,"AMPING PARAK TIMUR, SUTERA, PESISIR SELATAN, SUMATERA BARAT",1,1,101,102
https://kawalpemilu.org#12981,"AMPING PARAK TIMUR, SUTERA, PESISIR SELATAN, SUMATERA BARAT",2,21,149,170
https://kawalpemilu.org#12981,"AMPING PARAK TIMUR, SUTERA, PESISIR SELATAN, SUMATERA BARAT",3,21,147,168
https://kawalpemilu.org#12981,"AMPING PARAK TIMUR, SUTERA, PESISIR SELATAN, SUMATERA BARAT",4,9,108,117
https://kawalpemilu.org#12981,"AMPING PARAK TIMUR, SUTERA, PESISIR SELATAN, SUMATERA BARAT",5,20,194,214
https://kawalpemilu.org#12981,"AMPING PARAK TIMUR, SUTERA, PESISIR SELATAN, SUMATERA BARAT",6,12,159,171
https://kawalpemilu.org#12981,"AMPING PARAK TIMUR, SUTERA, PESISIR SELATAN, SUMATERA BARAT",7,10,195,205
https://kawalpemilu.org#12981,"AMPING PARAK TIMUR, SUTERA, PESISIR SELATAN, SUMATERA BARAT",8,11,188,199
https://kawalpemilu.org#12981,"AMPING PARAK TIMUR, SUTERA, PESISIR SELATAN, SUMATERA BARAT",9,10,107,117
https://kawalpemilu.org#12981,"AMPING PARAK TIMUR, SUTERA, PESISIR SELATAN, SUMATERA BARAT",10,17,117,134
https://kawalpemilu.org#12981,"AMPING PARAK TIMUR, SUTERA, PESISIR SELATAN, SUMATERA BARAT",11,14,173,187
https://kawalpemilu.org#12981,"AMPING PARAK TIMUR, SUTERA, PESISIR SELATAN, SUMATERA BARAT",12,90,72,162
https://kawalpemilu.org#12981,"AMPING PARAK TIMUR, SUTERA, PESISIR SELATAN, SUMATERA BARAT",13,31,136,167
https://kawalpemilu.org#12981,"AMPING PARAK TIMUR, SUTERA, PESISIR SELATAN, SUMATERA BARAT",14,22,192,214
https://kawalpemilu.org#12981,"AMPING PARAK TIMUR, SUTERA, PESISIR SELATAN, SUMATERA BARAT",15,7,134,141
https://kawalpemilu.org#12981,"AMPING PARAK TIMUR, SUTERA, PESISIR SELATAN, SUMATERA BARAT",16,13,125,138
https://kawalpemilu.org#12981,"AMPING PARAK TIMUR, SUTERA, PESISIR SELATAN, SUMATERA BARAT",17,21,103,124
https://kawalpemilu.org#84373,"KOTO TARATAK, SUTERA, PESISIR SELATAN, SUMATERA BARAT",1,6,188,194
https://kawalpemilu.org#84373,"KOTO TARATAK, SUTERA, PESISIR SELATAN, SUMATERA BARAT",2,14,140,154
https://kawalpemilu.org#84373,"KOTO TARATAK, SUTERA, PESISIR SELATAN, SUMATERA BARAT",3,20,149,169
https://kawalpemilu.org#84373,"KOTO TARATAK, SUTERA, PESISIR SELATAN, SUMATERA BARAT",4,16,175,191
https://kawalpemilu.org#84373,"KOTO TARATAK, SUTERA, PESISIR SELATAN, SUMATERA BARAT",5,11,149,160
https://kawalpemilu.org#84373,"KOTO TARATAK, SUTERA, PESISIR SELATAN, SUMATERA BARAT",6,9,178,187
https://kawalpemilu.org#84373,"KOTO TARATAK, SUTERA, PESISIR SELATAN, SUMATERA BARAT",7,20,166,186
https://kawalpemilu.org#84374,"LANSANO TARATAK, SUTERA, PESISIR SELATAN, SUMATERA BARAT",1,31,175,206
https://kawalpemilu.org#84374,"LANSANO TARATAK, SUTERA, PESISIR SELATAN, SUMATERA BARAT",2,18,201,219
https://kawalpemilu.org#84374,"LANSANO TARATAK, SUTERA, PESISIR SELATAN, SUMATERA BARAT",3,32,179,211
https://kawalpemilu.org#84374,"LANSANO TARATAK, SUTERA, PESISIR SELATAN, SUMATERA BARAT",4,10,191,201
https://kawalpemilu.org#84374,"LANSANO TARATAK, SUTERA, PESISIR SELATAN, SUMATERA BARAT",5,26,172,198
https://kawalpemilu.org#84374,"LANSANO TARATAK, SUTERA, PESISIR SELATAN, SUMATERA BARAT",6,14,179,193
https://kawalpemilu.org#84374,"LANSANO TARATAK, SUTERA, PESISIR SELATAN, SUMATERA BARAT",7,7,109,116
https://kawalpemilu.org#84374,"LANSANO TARATAK, SUTERA, PESISIR SELATAN, SUMATERA BARAT",8,13,121,134
https://kawalpemilu.org#84375,"AUR DURI SURANTIH, SUTERA, PESISIR SELATAN, SUMATERA BARAT",1,8,202,210
https://kawalpemilu.org#84375,"AUR DURI SURANTIH, SUTERA, PESISIR SELATAN, SUMATERA BARAT",2,19,179,198
https://kawalpemilu.org#84375,"AUR DURI SURANTIH, SUTERA, PESISIR SELATAN, SUMATERA BARAT",3,17,188,205
https://kawalpemilu.org#84375,"AUR DURI SURANTIH, SUTERA, PESISIR SELATAN, SUMATERA BARAT",4,20,153,173
https://kawalpemilu.org#84375,"AUR DURI SURANTIH, SUTERA, PESISIR SELATAN, SUMATERA BARAT",5,17,200,217
https://kawalpemilu.org#84375,"AUR DURI SURANTIH, SUTERA, PESISIR SELATAN, SUMATERA BARAT",6,11,177,188
https://kawalpemilu.org#84375,"AUR DURI SURANTIH, SUTERA, PESISIR SELATAN, SUMATERA BARAT",7,8,159,167
https://kawalpemilu.org#84375,"AUR DURI SURANTIH, SUTERA, PESISIR SELATAN, SUMATERA BARAT",8,6,150,156
https://kawalpemilu.org#84375,"AUR DURI SURANTIH, SUTERA, PESISIR SELATAN, SUMATERA BARAT",9,6,179,185
https://kawalpemilu.org#84375,"AUR DURI SURANTIH, SUTERA, PESISIR SELATAN, SUMATERA BARAT",10,6,144,150
https://kawalpemilu.org#84375,"AUR DURI SURANTIH, SUTERA, PESISIR SELATAN, SUMATERA BARAT",11,10,169,229
https://kawalpemilu.org#84375,"AUR DURI SURANTIH, SUTERA, PESISIR SELATAN, SUMATERA BARAT",12,13,168,181
https://kawalpemilu.org#84375,"AUR DURI SURANTIH, SUTERA, PESISIR SELATAN, SUMATERA BARAT",13,9,170,179
https://kawalpemilu.org#84375,"AUR DURI SURANTIH, SUTERA, PESISIR SELATAN, SUMATERA BARAT",14,16,181,197
https://kawalpemilu.org#84375,"AUR DURI SURANTIH, SUTERA, PESISIR SELATAN, SUMATERA BARAT",15,11,207,218
https://kawalpemilu.org#84375,"AUR DURI SURANTIH, SUTERA, PESISIR SELATAN, SUMATERA BARAT",16,21,154,175
https://kawalpemilu.org#84376,"RAWANG GUNUNG MALELO SURANTIH, SUTERA, PESISIR SELATAN, SUMATERA BARAT",1,32,164,196
https://kawalpemilu.org#84376,"RAWANG GUNUNG MALELO SURANTIH, SUTERA, PESISIR SELATAN, SUMATERA BARAT",2,15,158,173
https://kawalpemilu.org#84376,"RAWANG GUNUNG MALELO SURANTIH, SUTERA, PESISIR SELATAN, SUMATERA BARAT",3,11,156,167
https://kawalpemilu.org#84376,"RAWANG GUNUNG MALELO SURANTIH, SUTERA, PESISIR SELATAN, SUMATERA BARAT",4,11,178,189
https://kawalpemilu.org#84376,"RAWANG GUNUNG MALELO SURANTIH, SUTERA, PESISIR SELATAN, SUMATERA BARAT",5,13,143,156
https://kawalpemilu.org#84376,"RAWANG GUNUNG MALELO SURANTIH, SUTERA, PESISIR SELATAN, SUMATERA BARAT",6,11,148,159
https://kawalpemilu.org#84376,"RAWANG GUNUNG MALELO SURANTIH, SUTERA, PESISIR SELATAN, SUMATERA BARAT",7,11,151,162
https://kawalpemilu.org#84376,"RAWANG GUNUNG MALELO SURANTIH, SUTERA, PESISIR SELATAN, SUMATERA BARAT",8,10,125,135
https://kawalpemilu.org#84376,"RAWANG GUNUNG MALELO SURANTIH, SUTERA, PESISIR SELATAN, SUMATERA BARAT",9,11,119,130
https://kawalpemilu.org#84376,"RAWANG GUNUNG MALELO SURANTIH, SUTERA, PESISIR SELATAN, SUMATERA BARAT",10,11,170,181
https://kawalpemilu.org#84376,"RAWANG GUNUNG MALELO SURANTIH, SUTERA, PESISIR SELATAN, SUMATERA BARAT",11,9,212,221
https://kawalpemilu.org#84376,"RAWANG GUNUNG MALELO SURANTIH, SUTERA, PESISIR SELATAN, SUMATERA BARAT",12,10,183,193
https://kawalpemilu.org#84376,"RAWANG GUNUNG MALELO SURANTIH, SUTERA, PESISIR SELATAN, SUMATERA BARAT",13,20,175,195
https://kawalpemilu.org#84376,"RAWANG GUNUNG MALELO SURANTIH, SUTERA, PESISIR SELATAN, SUMATERA BARAT",14,13,194,207
https://kawalpemilu.org#84376,"RAWANG GUNUNG MALELO SURANTIH, SUTERA, PESISIR SELATAN, SUMATERA BARAT",15,12,230,242
https://kawalpemilu.org#84376,"RAWANG GUNUNG MALELO SURANTIH, SUTERA, PESISIR SELATAN, SUMATERA BARAT",16,11,181,192
https://kawalpemilu.org#84376,"RAWANG GUNUNG MALELO SURANTIH, SUTERA, PESISIR SELATAN, SUMATERA BARAT",17,23,115,138
https://kawalpemilu.org#84376,"RAWANG GUNUNG MALELO SURANTIH, SUTERA, PESISIR SELATAN, SUMATERA BARAT",18,3,97,100
https://kawalpemilu.org#84376,"RAWANG GUNUNG MALELO SURANTIH, SUTERA, PESISIR SELATAN, SUMATERA BARAT",19,6,119,125
https://kawalpemilu.org#84376,"RAWANG GUNUNG MALELO SURANTIH, SUTERA, PESISIR SELATAN, SUMATERA BARAT",20,15,116,131
https://kawalpemilu.org#84376,"RAWANG GUNUNG MALELO SURANTIH, SUTERA, PESISIR SELATAN, SUMATERA BARAT",21,8,140,148
https://kawalpemilu.org#84377,"KOTO NAN TIGO SELATAN SURANTIH, SUTERA, PESISIR SELATAN, SUMATERA BARAT",1,15,215,230
https://kawalpemilu.org#84377,"KOTO NAN TIGO SELATAN SURANTIH, SUTERA, PESISIR SELATAN, SUMATERA BARAT",2,12,201,213
https://kawalpemilu.org#84377,"KOTO NAN TIGO SELATAN SURANTIH, SUTERA, PESISIR SELATAN, SUMATERA BARAT",3,13,211,224
https://kawalpemilu.org#84377,"KOTO NAN TIGO SELATAN SURANTIH, SUTERA, PESISIR SELATAN, SUMATERA BARAT",4,11,213,224
https://kawalpemilu.org#84377,"KOTO NAN TIGO SELATAN SURANTIH, SUTERA, PESISIR SELATAN, SUMATERA BARAT",5,13,209,222
https://kawalpemilu.org#84377,"KOTO NAN TIGO SELATAN SURANTIH, SUTERA, PESISIR SELATAN, SUMATERA BARAT",6,14,186,200
https://kawalpemilu.org#84377,"KOTO NAN TIGO SELATAN SURANTIH, SUTERA, PESISIR SELATAN, SUMATERA BARAT",7,11,224,235
https://kawalpemilu.org#84377,"KOTO NAN TIGO SELATAN SURANTIH, SUTERA, PESISIR SELATAN, SUMATERA BARAT",8,13,215,228
https://kawalpemilu.org#84377,"KOTO NAN TIGO SELATAN SURANTIH, SUTERA, PESISIR SELATAN, SUMATERA BARAT",9,7,190,197
https://kawalpemilu.org#84377,"KOTO NAN TIGO SELATAN SURANTIH, SUTERA, PESISIR SELATAN, SUMATERA BARAT",10,22,197,219
https://kawalpemilu.org#84378,"KOTO NAN TIGO UTARA SURANTIH, SUTERA, PESISIR SELATAN, SUMATERA BARAT",1,4,204,208
https://kawalpemilu.org#84378,"KOTO NAN TIGO UTARA SURANTIH, SUTERA, PESISIR SELATAN, SUMATERA BARAT",2,3,203,206
https://kawalpemilu.org#84378,"KOTO NAN TIGO UTARA SURANTIH, SUTERA, PESISIR SELATAN, SUMATERA BARAT",3,1,203,204
https://kawalpemilu.org#84378,"KOTO NAN TIGO UTARA SURANTIH, SUTERA, PESISIR SELATAN, SUMATERA BARAT",4,2,139,141
https://kawalpemilu.org#84378,"KOTO NAN TIGO UTARA SURANTIH, SUTERA, PESISIR SELATAN, SUMATERA BARAT",5,11,199,210
https://kawalpemilu.org#84378,"KOTO NAN TIGO UTARA SURANTIH, SUTERA, PESISIR SELATAN, SUMATERA BARAT",6,15,199,214
https://kawalpemilu.org#84378,"KOTO NAN TIGO UTARA SURANTIH, SUTERA, PESISIR SELATAN, SUMATERA BARAT",7,10,199,209
https://kawalpemilu.org#84378,"KOTO NAN TIGO UTARA SURANTIH, SUTERA, PESISIR SELATAN, SUMATERA BARAT",8,3,83,86
https://kawalpemilu.org#84379,"GANTING MUDIAK SELATAN SURANTIH, SUTERA, PESISIR SELATAN, SUMATERA BARAT",1,17,151,168
https://kawalpemilu.org#84379,"GANTING MUDIAK SELATAN SURANTIH, SUTERA, PESISIR SELATAN, SUMATERA BARAT",2,10,228,238
https://kawalpemilu.org#84379,"GANTING MUDIAK SELATAN SURANTIH, SUTERA, PESISIR SELATAN, SUMATERA BARAT",3,32,201,233
https://kawalpemilu.org#84379,"GANTING MUDIAK SELATAN SURANTIH, SUTERA, PESISIR SELATAN, SUMATERA BARAT",4,24,208,232
https://kawalpemilu.org#84379,"GANTING MUDIAK SELATAN SURANTIH, SUTERA, PESISIR SELATAN, SUMATERA BARAT",5,9,162,171
https://kawalpemilu.org#84379,"GANTING MUDIAK SELATAN SURANTIH, SUTERA, PESISIR SELATAN, SUMATERA BARAT",6,12,152,164
https://kawalpemilu.org#84379,"GANTING MUDIAK SELATAN SURANTIH, SUTERA, PESISIR SELATAN, SUMATERA BARAT",7,9,196,205
https://kawalpemilu.org#84379,"GANTING MUDIAK SELATAN SURANTIH, SUTERA, PESISIR SELATAN, SUMATERA BARAT",8,13,179,192
https://kawalpemilu.org#84379,"GANTING MUDIAK SELATAN SURANTIH, SUTERA, PESISIR SELATAN, SUMATERA BARAT",9,3,182,185
https://kawalpemilu.org#84380,"GANTING MUDIAK UTARA SURANTIH, SUTERA, PESISIR SELATAN, SUMATERA BARAT",1,6,172,178
https://kawalpemilu.org#84380,"GANTING MUDIAK UTARA SURANTIH, SUTERA, PESISIR SELATAN, SUMATERA BARAT",2,8,233,241
https://kawalpemilu.org#84380,"GANTING MUDIAK UTARA SURANTIH, SUTERA, PESISIR SELATAN, SUMATERA BARAT",3,1,145,146
https://kawalpemilu.org#84380,"GANTING MUDIAK UTARA SURANTIH, SUTERA, PESISIR SELATAN, SUMATERA BARAT",4,1,95,96
https://kawalpemilu.org#84380,"GANTING MUDIAK UTARA SURANTIH, SUTERA, PESISIR SELATAN, SUMATERA BARAT",5,4,124,128
https://kawalpemilu.org#84380,"GANTING MUDIAK UTARA SURANTIH, SUTERA, PESISIR SELATAN, SUMATERA BARAT",6,1,79,80
https://kawalpemilu.org#84380,"GANTING MUDIAK UTARA SURANTIH, SUTERA, PESISIR SELATAN, SUMATERA BARAT",7,2,95,97
https://kawalpemilu.org#84380,"GANTING MUDIAK UTARA SURANTIH, SUTERA, PESISIR SELATAN, SUMATERA BARAT",8,4,170,174
https://kawalpemilu.org#84380,"GANTING MUDIAK UTARA SURANTIH, SUTERA, PESISIR SELATAN, SUMATERA BARAT",9,15,198,213
https://kawalpemilu.org#12983,"PUNGGASAN, LINGGO SARI BAGANTI, PESISIR SELATAN, SUMATERA BARAT",1,10,174,184
https://kawalpemilu.org#12983,"PUNGGASAN, LINGGO SARI BAGANTI, PESISIR SELATAN, SUMATERA BARAT",2,2,123,125
https://kawalpemilu.org#12983,"PUNGGASAN, LINGGO SARI BAGANTI, PESISIR SELATAN, SUMATERA BARAT",3,16,193,209
https://kawalpemilu.org#12983,"PUNGGASAN, LINGGO SARI BAGANTI, PESISIR SELATAN, SUMATERA BARAT",4,12,144,156
https://kawalpemilu.org#12983,"PUNGGASAN, LINGGO SARI BAGANTI, PESISIR SELATAN, SUMATERA BARAT",5,12,147,159
https://kawalpemilu.org#12983,"PUNGGASAN, LINGGO SARI BAGANTI, PESISIR SELATAN, SUMATERA BARAT",6,11,212,223
https://kawalpemilu.org#12983,"PUNGGASAN, LINGGO SARI BAGANTI, PESISIR SELATAN, SUMATERA BARAT",7,17,194,211
https://kawalpemilu.org#12983,"PUNGGASAN, LINGGO SARI BAGANTI, PESISIR SELATAN, SUMATERA BARAT",8,10,177,187
https://kawalpemilu.org#12984,"AIR HAJI, LINGGO SARI BAGANTI, PESISIR SELATAN, SUMATERA BARAT",1,23,162,185
https://kawalpemilu.org#12984,"AIR HAJI, LINGGO SARI BAGANTI, PESISIR SELATAN, SUMATERA BARAT",2,18,185,203
https://kawalpemilu.org#12984,"AIR HAJI, LINGGO SARI BAGANTI, PESISIR SELATAN, SUMATERA BARAT",3,14,213,227
https://kawalpemilu.org#12984,"AIR HAJI, LINGGO SARI BAGANTI, PESISIR SELATAN, SUMATERA BARAT",4,27,201,228
https://kawalpemilu.org#12984,"AIR HAJI, LINGGO SARI BAGANTI, PESISIR SELATAN, SUMATERA BARAT",5,6,190,196
https://kawalpemilu.org#12984,"AIR HAJI, LINGGO SARI BAGANTI, PESISIR SELATAN, SUMATERA BARAT",6,14,176,190
https://kawalpemilu.org#12984,"AIR HAJI, LINGGO SARI BAGANTI, PESISIR SELATAN, SUMATERA BARAT",7,7,112,119
https://kawalpemilu.org#12984,"AIR HAJI, LINGGO SARI BAGANTI, PESISIR SELATAN, SUMATERA BARAT",8,17,130,147
https://kawalpemilu.org#12985,"PUNGGASAN UTARA, LINGGO SARI BAGANTI, PESISIR SELATAN, SUMATERA BARAT",1,22,207,229
https://kawalpemilu.org#12985,"PUNGGASAN UTARA, LINGGO SARI BAGANTI, PESISIR SELATAN, SUMATERA BARAT",2,4,171,175
https://kawalpemilu.org#12985,"PUNGGASAN UTARA, LINGGO SARI BAGANTI, PESISIR SELATAN, SUMATERA BARAT",3,17,180,197
https://kawalpemilu.org#12985,"PUNGGASAN UTARA, LINGGO SARI BAGANTI, PESISIR SELATAN, SUMATERA BARAT",4,10,200,210
https://kawalpemilu.org#12985,"PUNGGASAN UTARA, LINGGO SARI BAGANTI, PESISIR SELATAN, SUMATERA BARAT",5,12,100,112
https://kawalpemilu.org#12985,"PUNGGASAN UTARA, LINGGO SARI BAGANTI, PESISIR SELATAN, SUMATERA BARAT",6,11,153,164
https://kawalpemilu.org#12985,"PUNGGASAN UTARA, LINGGO SARI BAGANTI, PESISIR SELATAN, SUMATERA BARAT",7,14,153,167
https://kawalpemilu.org#12985,"PUNGGASAN UTARA, LINGGO SARI BAGANTI, PESISIR SELATAN, SUMATERA BARAT",9,25,192,217
https://kawalpemilu.org#12985,"PUNGGASAN UTARA, LINGGO SARI BAGANTI, PESISIR SELATAN, SUMATERA BARAT",10,9,152,161
https://kawalpemilu.org#12985,"PUNGGASAN UTARA, LINGGO SARI BAGANTI, PESISIR SELATAN, SUMATERA BARAT",11,14,115,129
https://kawalpemilu.org#12985,"PUNGGASAN UTARA, LINGGO SARI BAGANTI, PESISIR SELATAN, SUMATERA BARAT",12,18,149,167
https://kawalpemilu.org#12985,"PUNGGASAN UTARA, LINGGO SARI BAGANTI, PESISIR SELATAN, SUMATERA BARAT",13,17,131,148
https://kawalpemilu.org#12986,"PUNGGASAN TIMUR, LINGGO SARI BAGANTI, PESISIR SELATAN, SUMATERA BARAT",1,7,177,184
https://kawalpemilu.org#12986,"PUNGGASAN TIMUR, LINGGO SARI BAGANTI, PESISIR SELATAN, SUMATERA BARAT",2,9,179,188
https://kawalpemilu.org#12986,"PUNGGASAN TIMUR, LINGGO SARI BAGANTI, PESISIR SELATAN, SUMATERA BARAT",3,5,228,233
https://kawalpemilu.org#12986,"PUNGGASAN TIMUR, LINGGO SARI BAGANTI, PESISIR SELATAN, SUMATERA BARAT",4,18,223,241
https://kawalpemilu.org#12986,"PUNGGASAN TIMUR, LINGGO SARI BAGANTI, PESISIR SELATAN, SUMATERA BARAT",5,13,163,176
https://kawalpemilu.org#12986,"PUNGGASAN TIMUR, LINGGO SARI BAGANTI, PESISIR SELATAN, SUMATERA BARAT",6,6,169,175
https://kawalpemilu.org#12986,"PUNGGASAN TIMUR, LINGGO SARI BAGANTI, PESISIR SELATAN, SUMATERA BARAT",7,23,191,214
https://kawalpemilu.org#12986,"PUNGGASAN TIMUR, LINGGO SARI BAGANTI, PESISIR SELATAN, SUMATERA BARAT",8,5,104,109
https://kawalpemilu.org#12986,"PUNGGASAN TIMUR, LINGGO SARI BAGANTI, PESISIR SELATAN, SUMATERA BARAT",9,6,131,137
https://kawalpemilu.org#12986,"PUNGGASAN TIMUR, LINGGO SARI BAGANTI, PESISIR SELATAN, SUMATERA BARAT",10,15,117,132
https://kawalpemilu.org#12986,"PUNGGASAN TIMUR, LINGGO SARI BAGANTI, PESISIR SELATAN, SUMATERA BARAT",11,10,144,154
https://kawalpemilu.org#12987,"PADANG XI PUNGGASAN, LINGGO SARI BAGANTI, PESISIR SELATAN, SUMATERA BARAT",1,12,178,190
https://kawalpemilu.org#12987,"PADANG XI PUNGGASAN, LINGGO SARI BAGANTI, PESISIR SELATAN, SUMATERA BARAT",2,13,170,182
https://kawalpemilu.org#12987,"PADANG XI PUNGGASAN, LINGGO SARI BAGANTI, PESISIR SELATAN, SUMATERA BARAT",3,14,154,168
https://kawalpemilu.org#12987,"PADANG XI PUNGGASAN, LINGGO SARI BAGANTI, PESISIR SELATAN, SUMATERA BARAT",4,6,138,144
https://kawalpemilu.org#12987,"PADANG XI PUNGGASAN, LINGGO SARI BAGANTI, PESISIR SELATAN, SUMATERA BARAT",5,8,154,162
https://kawalpemilu.org#12987,"PADANG XI PUNGGASAN, LINGGO SARI BAGANTI, PESISIR SELATAN, SUMATERA BARAT",6,23,160,183
https://kawalpemilu.org#12987,"PADANG XI PUNGGASAN, LINGGO SARI BAGANTI, PESISIR SELATAN, SUMATERA BARAT",7,14,196,210
https://kawalpemilu.org#12987,"PADANG XI PUNGGASAN, LINGGO SARI BAGANTI, PESISIR SELATAN, SUMATERA BARAT",8,13,175,188
https://kawalpemilu.org#12987,"PADANG XI PUNGGASAN, LINGGO SARI BAGANTI, PESISIR SELATAN, SUMATERA BARAT",9,3,145,148
https://kawalpemilu.org#12988,"LAGAN MUDIK PUNGGASAN, LINGGO SARI BAGANTI, PESISIR SELATAN, SUMATERA BARAT",1,24,136,160
https://kawalpemilu.org#12988,"LAGAN MUDIK PUNGGASAN, LINGGO SARI BAGANTI, PESISIR SELATAN, SUMATERA BARAT",2,20,204,224
https://kawalpemilu.org#12988,"LAGAN MUDIK PUNGGASAN, LINGGO SARI BAGANTI, PESISIR SELATAN, SUMATERA BARAT",3,11,172,183
https://kawalpemilu.org#12988,"LAGAN MUDIK PUNGGASAN, LINGGO SARI BAGANTI, PESISIR SELATAN, SUMATERA BARAT",4,8,158,166
https://kawalpemilu.org#12988,"LAGAN MUDIK PUNGGASAN, LINGGO SARI BAGANTI, PESISIR SELATAN, SUMATERA BARAT",5,7,169,176
https://kawalpemilu.org#12988,"LAGAN MUDIK PUNGGASAN, LINGGO SARI BAGANTI, PESISIR SELATAN, SUMATERA BARAT",6,27,149,176
https://kawalpemilu.org#12988,"LAGAN MUDIK PUNGGASAN, LINGGO SARI BAGANTI, PESISIR SELATAN, SUMATERA BARAT",7,26,205,231
https://kawalpemilu.org#12989,"LAGAN HILIR PUNGGASAN, LINGGO SARI BAGANTI, PESISIR SELATAN, SUMATERA BARAT",1,11,203,214
https://kawalpemilu.org#12989,"LAGAN HILIR PUNGGASAN, LINGGO SARI BAGANTI, PESISIR SELATAN, SUMATERA BARAT",2,14,188,202
https://kawalpemilu.org#12989,"LAGAN HILIR PUNGGASAN, LINGGO SARI BAGANTI, PESISIR SELATAN, SUMATERA BARAT",3,27,180,207
https://kawalpemilu.org#12989,"LAGAN HILIR PUNGGASAN, LINGGO SARI BAGANTI, PESISIR SELATAN, SUMATERA BARAT",4,23,155,178
https://kawalpemilu.org#12989,"LAGAN HILIR PUNGGASAN, LINGGO SARI BAGANTI, PESISIR SELATAN, SUMATERA BARAT",5,20,199,219
https://kawalpemilu.org#12989,"LAGAN HILIR PUNGGASAN, LINGGO SARI BAGANTI, PESISIR SELATAN, SUMATERA BARAT",6,24,187,211
https://kawalpemilu.org#12989,"LAGAN HILIR PUNGGASAN, LINGGO SARI BAGANTI, PESISIR SELATAN, SUMATERA BARAT",7,12,187,199
https://kawalpemilu.org#12989,"LAGAN HILIR PUNGGASAN, LINGGO SARI BAGANTI, PESISIR SELATAN, SUMATERA BARAT",8,28,193,221
https://kawalpemilu.org#84381,"AIR HAJI TENGGARA, LINGGO SARI BAGANTI, PESISIR SELATAN, SUMATERA BARAT",1,12,194,206
https://kawalpemilu.org#84381,"AIR HAJI TENGGARA, LINGGO SARI BAGANTI, PESISIR SELATAN, SUMATERA BARAT",2,11,145,156
https://kawalpemilu.org#84381,"AIR HAJI TENGGARA, LINGGO SARI BAGANTI, PESISIR SELATAN, SUMATERA BARAT",3,20,113,133
https://kawalpemilu.org#84381,"AIR HAJI TENGGARA, LINGGO SARI BAGANTI, PESISIR SELATAN, SUMATERA BARAT",4,22,166,188
https://kawalpemilu.org#84381,"AIR HAJI TENGGARA, LINGGO SARI BAGANTI, PESISIR SELATAN, SUMATERA BARAT",5,12,139,151
https://kawalpemilu.org#84381,"AIR HAJI TENGGARA, LINGGO SARI BAGANTI, PESISIR SELATAN, SUMATERA BARAT",7,10,143,153
https://kawalpemilu.org#84381,"AIR HAJI TENGGARA, LINGGO SARI BAGANTI, PESISIR SELATAN, SUMATERA BARAT",8,20,201,221
https://kawalpemilu.org#84381,"AIR HAJI TENGGARA, LINGGO SARI BAGANTI, PESISIR SELATAN, SUMATERA BARAT",9,15,178,193
https://kawalpemilu.org#84381,"AIR HAJI TENGGARA, LINGGO SARI BAGANTI, PESISIR SELATAN, SUMATERA BARAT",10,17,165,182
https://kawalpemilu.org#84382,"PASAR LAMA MUARA AIR HAJI, LINGGO SARI BAGANTI, PESISIR SELATAN, SUMATERA BARAT",1,23,176,199
https://kawalpemilu.org#84382,"PASAR LAMA MUARA AIR HAJI, LINGGO SARI BAGANTI, PESISIR SELATAN, SUMATERA BARAT",2,27,189,216
https://kawalpemilu.org#84382,"PASAR LAMA MUARA AIR HAJI, LINGGO SARI BAGANTI, PESISIR SELATAN, SUMATERA BARAT",3,6,179,185
https://kawalpemilu.org#84382,"PASAR LAMA MUARA AIR HAJI, LINGGO SARI BAGANTI, PESISIR SELATAN, SUMATERA BARAT",4,9,127,136
https://kawalpemilu.org#84382,"PASAR LAMA MUARA AIR HAJI, LINGGO SARI BAGANTI, PESISIR SELATAN, SUMATERA BARAT",5,12,185,197
https://kawalpemilu.org#84382,"PASAR LAMA MUARA AIR HAJI, LINGGO SARI BAGANTI, PESISIR SELATAN, SUMATERA BARAT",6,11,159,170
https://kawalpemilu.org#84382,"PASAR LAMA MUARA AIR HAJI, LINGGO SARI BAGANTI, PESISIR SELATAN, SUMATERA BARAT",7,14,162,176
https://kawalpemilu.org#84382,"PASAR LAMA MUARA AIR HAJI, LINGGO SARI BAGANTI, PESISIR SELATAN, SUMATERA BARAT",8,10,162,172
https://kawalpemilu.org#84382,"PASAR LAMA MUARA AIR HAJI, LINGGO SARI BAGANTI, PESISIR SELATAN, SUMATERA BARAT",9,25,130,155
https://kawalpemilu.org#84383,"PASAR BUKIT AIR HAJI, LINGGO SARI BAGANTI, PESISIR SELATAN, SUMATERA BARAT",1,17,158,175
https://kawalpemilu.org#84383,"PASAR BUKIT AIR HAJI, LINGGO SARI BAGANTI, PESISIR SELATAN, SUMATERA BARAT",2,8,186,194
https://kawalpemilu.org#84383,"PASAR BUKIT AIR HAJI, LINGGO SARI BAGANTI, PESISIR SELATAN, SUMATERA BARAT",3,20,189,209
https://kawalpemilu.org#84383,"PASAR BUKIT AIR HAJI, LINGGO SARI BAGANTI, PESISIR SELATAN, SUMATERA BARAT",4,18,133,151
https://kawalpemilu.org#84383,"PASAR BUKIT AIR HAJI, LINGGO SARI BAGANTI, PESISIR SELATAN, SUMATERA BARAT",5,17,144,161
https://kawalpemilu.org#84383,"PASAR BUKIT AIR HAJI, LINGGO SARI BAGANTI, PESISIR SELATAN, SUMATERA BARAT",6,16,133,149
https://kawalpemilu.org#84383,"PASAR BUKIT AIR HAJI, LINGGO SARI BAGANTI, PESISIR SELATAN, SUMATERA BARAT",7,13,161,174
https://kawalpemilu.org#84384,"AIR HAJI BARAT, LINGGO SARI BAGANTI, PESISIR SELATAN, SUMATERA BARAT",1,27,187,214
https://kawalpemilu.org#84384,"AIR HAJI BARAT, LINGGO SARI BAGANTI, PESISIR SELATAN, SUMATERA BARAT",2,18,135,153
https://kawalpemilu.org#84384,"AIR HAJI BARAT, LINGGO SARI BAGANTI, PESISIR SELATAN, SUMATERA BARAT",3,19,122,141
https://kawalpemilu.org#84384,"AIR HAJI BARAT, LINGGO SARI BAGANTI, PESISIR SELATAN, SUMATERA BARAT",4,5,154,159
https://kawalpemilu.org#84384,"AIR HAJI BARAT, LINGGO SARI BAGANTI, PESISIR SELATAN, SUMATERA BARAT",5,12,146,158
https://kawalpemilu.org#84384,"AIR HAJI BARAT, LINGGO SARI BAGANTI, PESISIR SELATAN, SUMATERA BARAT",6,10,146,156
https://kawalpemilu.org#84384,"AIR HAJI BARAT, LINGGO SARI BAGANTI, PESISIR SELATAN, SUMATERA BARAT",7,6,155,161
https://kawalpemilu.org#84384,"AIR HAJI BARAT, LINGGO SARI BAGANTI, PESISIR SELATAN, SUMATERA BARAT",8,15,140,155
https://kawalpemilu.org#84384,"AIR HAJI BARAT, LINGGO SARI BAGANTI, PESISIR SELATAN, SUMATERA BARAT",9,17,131,148
https://kawalpemilu.org#84385,"AIR HAJI TENGAH, LINGGO SARI BAGANTI, PESISIR SELATAN, SUMATERA BARAT",1,13,157,170
https://kawalpemilu.org#84385,"AIR HAJI TENGAH, LINGGO SARI BAGANTI, PESISIR SELATAN, SUMATERA BARAT",2,19,159,178
https://kawalpemilu.org#84385,"AIR HAJI TENGAH, LINGGO SARI BAGANTI, PESISIR SELATAN, SUMATERA BARAT",3,23,198,221
https://kawalpemilu.org#84385,"AIR HAJI TENGAH, LINGGO SARI BAGANTI, PESISIR SELATAN, SUMATERA BARAT",4,7,135,142
https://kawalpemilu.org#84385,"AIR HAJI TENGAH, LINGGO SARI BAGANTI, PESISIR SELATAN, SUMATERA BARAT",5,8,141,149
https://kawalpemilu.org#84385,"AIR HAJI TENGAH, LINGGO SARI BAGANTI, PESISIR SELATAN, SUMATERA BARAT",6,18,168,186
https://kawalpemilu.org#84385,"AIR HAJI TENGAH, LINGGO SARI BAGANTI, PESISIR SELATAN, SUMATERA BARAT",7,28,170,198
https://kawalpemilu.org#84385,"AIR HAJI TENGAH, LINGGO SARI BAGANTI, PESISIR SELATAN, SUMATERA BARAT",8,10,167,177
https://kawalpemilu.org#84386,"RANTAU SIMALENANG AIR HAJI, LINGGO SARI BAGANTI, PESISIR SELATAN, SUMATERA BARAT",1,9,187,196
https://kawalpemilu.org#84386,"RANTAU SIMALENANG AIR HAJI, LINGGO SARI BAGANTI, PESISIR SELATAN, SUMATERA BARAT",4,17,187,204
https://kawalpemilu.org#84386,"RANTAU SIMALENANG AIR HAJI, LINGGO SARI BAGANTI, PESISIR SELATAN, SUMATERA BARAT",5,11,165,176
https://kawalpemilu.org#84386,"RANTAU SIMALENANG AIR HAJI, LINGGO SARI BAGANTI, PESISIR SELATAN, SUMATERA BARAT",6,7,165,172
https://kawalpemilu.org#84386,"RANTAU SIMALENANG AIR HAJI, LINGGO SARI BAGANTI, PESISIR SELATAN, SUMATERA BARAT",7,7,114,121
https://kawalpemilu.org#84386,"RANTAU SIMALENANG AIR HAJI, LINGGO SARI BAGANTI, PESISIR SELATAN, SUMATERA BARAT",8,16,139,155
https://kawalpemilu.org#84386,"RANTAU SIMALENANG AIR HAJI, LINGGO SARI BAGANTI, PESISIR SELATAN, SUMATERA BARAT",9,18,173,191
https://kawalpemilu.org#84387,"MUARA GADANG AIR HAJI, LINGGO SARI BAGANTI, PESISIR SELATAN, SUMATERA BARAT",1,19,180,199
https://kawalpemilu.org#84387,"MUARA GADANG AIR HAJI, LINGGO SARI BAGANTI, PESISIR SELATAN, SUMATERA BARAT",2,24,145,169
https://kawalpemilu.org#84387,"MUARA GADANG AIR HAJI, LINGGO SARI BAGANTI, PESISIR SELATAN, SUMATERA BARAT",3,22,160,182
https://kawalpemilu.org#84387,"MUARA GADANG AIR HAJI, LINGGO SARI BAGANTI, PESISIR SELATAN, SUMATERA BARAT",4,21,174,195
https://kawalpemilu.org#84387,"MUARA GADANG AIR HAJI, LINGGO SARI BAGANTI, PESISIR SELATAN, SUMATERA BARAT",5,7,126,133
https://kawalpemilu.org#84387,"MUARA GADANG AIR HAJI, LINGGO SARI BAGANTI, PESISIR SELATAN, SUMATERA BARAT",6,31,145,176
https://kawalpemilu.org#84387,"MUARA GADANG AIR HAJI, LINGGO SARI BAGANTI, PESISIR SELATAN, SUMATERA BARAT",7,8,190,198
https://kawalpemilu.org#84388,"SUNGAI SIRAH AIR HAJI, LINGGO SARI BAGANTI, PESISIR SELATAN, SUMATERA BARAT",1,18,176,194
https://kawalpemilu.org#84388,"SUNGAI SIRAH AIR HAJI, LINGGO SARI BAGANTI, PESISIR SELATAN, SUMATERA BARAT",2,20,159,179
https://kawalpemilu.org#84388,"SUNGAI SIRAH AIR HAJI, LINGGO SARI BAGANTI, PESISIR SELATAN, SUMATERA BARAT",3,6,129,135
https://kawalpemilu.org#84388,"SUNGAI SIRAH AIR HAJI, LINGGO SARI BAGANTI, PESISIR SELATAN, SUMATERA BARAT",4,7,143,150
https://kawalpemilu.org#84388,"SUNGAI SIRAH AIR HAJI, LINGGO SARI BAGANTI, PESISIR SELATAN, SUMATERA BARAT",5,3,123,126
https://kawalpemilu.org#84388,"SUNGAI SIRAH AIR HAJI, LINGGO SARI BAGANTI, PESISIR SELATAN, SUMATERA BARAT",6,15,145,157
https://kawalpemilu.org#84388,"SUNGAI SIRAH AIR HAJI, LINGGO SARI BAGANTI, PESISIR SELATAN, SUMATERA BARAT",7,20,131,151
https://kawalpemilu.org#84388,"SUNGAI SIRAH AIR HAJI, LINGGO SARI BAGANTI, PESISIR SELATAN, SUMATERA BARAT",8,15,98,113
https://kawalpemilu.org#84389,"MUARA KANDIS PUNGGASAN, LINGGO SARI BAGANTI, PESISIR SELATAN, SUMATERA BARAT",1,13,194,207
https://kawalpemilu.org#84389,"MUARA KANDIS PUNGGASAN, LINGGO SARI BAGANTI, PESISIR SELATAN, SUMATERA BARAT",2,14,187,201
https://kawalpemilu.org#84389,"MUARA KANDIS PUNGGASAN, LINGGO SARI BAGANTI, PESISIR SELATAN, SUMATERA BARAT",3,4,196,200
https://kawalpemilu.org#84389,"MUARA KANDIS PUNGGASAN, LINGGO SARI BAGANTI, PESISIR SELATAN, SUMATERA BARAT",4,10,167,177
https://kawalpemilu.org#84389,"MUARA KANDIS PUNGGASAN, LINGGO SARI BAGANTI, PESISIR SELATAN, SUMATERA BARAT",5,10,150,160
https://kawalpemilu.org#84389,"MUARA KANDIS PUNGGASAN, LINGGO SARI BAGANTI, PESISIR SELATAN, SUMATERA BARAT",6,5,190,195
https://kawalpemilu.org#84389,"MUARA KANDIS PUNGGASAN, LINGGO SARI BAGANTI, PESISIR SELATAN, SUMATERA BARAT",7,15,164,179
https://kawalpemilu.org#12991,"LUNANG, LUNANG, PESISIR SELATAN, SUMATERA BARAT",1,41,174,215
https://kawalpemilu.org#12991,"LUNANG, LUNANG, PESISIR SELATAN, SUMATERA BARAT",2,37,174,211
https://kawalpemilu.org#12991,"LUNANG, LUNANG, PESISIR SELATAN, SUMATERA BARAT",3,35,131,166
https://kawalpemilu.org#12991,"LUNANG, LUNANG, PESISIR SELATAN, SUMATERA BARAT",4,30,165,195
https://kawalpemilu.org#12991,"LUNANG, LUNANG, PESISIR SELATAN, SUMATERA BARAT",5,31,132,163
https://kawalpemilu.org#12991,"LUNANG, LUNANG, PESISIR SELATAN, SUMATERA BARAT",6,39,189,228
https://kawalpemilu.org#12991,"LUNANG, LUNANG, PESISIR SELATAN, SUMATERA BARAT",7,32,190,222
https://kawalpemilu.org#12991,"LUNANG, LUNANG, PESISIR SELATAN, SUMATERA BARAT",8,30,171,201
https://kawalpemilu.org#12991,"LUNANG, LUNANG, PESISIR SELATAN, SUMATERA BARAT",9,14,31,45
https://kawalpemilu.org#12991,"LUNANG, LUNANG, PESISIR SELATAN, SUMATERA BARAT",10,8,34,42
https://kawalpemilu.org#12993,"LUNANG UTARA, LUNANG, PESISIR SELATAN, SUMATERA BARAT",1,14,145,159
https://kawalpemilu.org#12993,"LUNANG UTARA, LUNANG, PESISIR SELATAN, SUMATERA BARAT",2,13,169,182
https://kawalpemilu.org#12993,"LUNANG UTARA, LUNANG, PESISIR SELATAN, SUMATERA BARAT",3,23,168,191
https://kawalpemilu.org#12993,"LUNANG UTARA, LUNANG, PESISIR SELATAN, SUMATERA BARAT",4,19,180,199
https://kawalpemilu.org#12993,"LUNANG UTARA, LUNANG, PESISIR SELATAN, SUMATERA BARAT",5,12,125,137
https://kawalpemilu.org#12994,"LUNANG SELATAN, LUNANG, PESISIR SELATAN, SUMATERA BARAT",1,145,89,234
https://kawalpemilu.org#12994,"LUNANG SELATAN, LUNANG, PESISIR SELATAN, SUMATERA BARAT",2,113,61,174
https://kawalpemilu.org#12994,"LUNANG SELATAN, LUNANG, PESISIR SELATAN, SUMATERA BARAT",3,152,107,259
https://kawalpemilu.org#12994,"LUNANG SELATAN, LUNANG, PESISIR SELATAN, SUMATERA BARAT",5,162,66,228
https://kawalpemilu.org#12994,"LUNANG SELATAN, LUNANG, PESISIR SELATAN, SUMATERA BARAT",6,105,62,167
https://kawalpemilu.org#12994,"LUNANG SELATAN, LUNANG, PESISIR SELATAN, SUMATERA BARAT",7,164,59,223
https://kawalpemilu.org#12994,"LUNANG SELATAN, LUNANG, PESISIR SELATAN, SUMATERA BARAT",8,157,48,205
https://kawalpemilu.org#12995,"LUNANG BARAT, LUNANG, PESISIR SELATAN, SUMATERA BARAT",1,120,57,177
https://kawalpemilu.org#12995,"LUNANG BARAT, LUNANG, PESISIR SELATAN, SUMATERA BARAT",2,141,99,240
https://kawalpemilu.org#12995,"LUNANG BARAT, LUNANG, PESISIR SELATAN, SUMATERA BARAT",3,135,109,244
https://kawalpemilu.org#12995,"LUNANG BARAT, LUNANG, PESISIR SELATAN, SUMATERA BARAT",4,124,47,171
https://kawalpemilu.org#12995,"LUNANG BARAT, LUNANG, PESISIR SELATAN, SUMATERA BARAT",5,98,81,179
https://kawalpemilu.org#87712,"SINDANG LUNANG, LUNANG, PESISIR SELATAN, SUMATERA BARAT",1,42,148,190
https://kawalpemilu.org#87712,"SINDANG LUNANG, LUNANG, PESISIR SELATAN, SUMATERA BARAT",2,25,187,212
https://kawalpemilu.org#87712,"SINDANG LUNANG, LUNANG, PESISIR SELATAN, SUMATERA BARAT",3,45,135,180
https://kawalpemilu.org#87712,"SINDANG LUNANG, LUNANG, PESISIR SELATAN, SUMATERA BARAT",4,23,126,149
https://kawalpemilu.org#87712,"SINDANG LUNANG, LUNANG, PESISIR SELATAN, SUMATERA BARAT",5,90,64,154
https://kawalpemilu.org#87713,"PONDOK PARIAN LUNANG, LUNANG, PESISIR SELATAN, SUMATERA BARAT",1,16,119,135
https://kawalpemilu.org#87713,"PONDOK PARIAN LUNANG, LUNANG, PESISIR SELATAN, SUMATERA BARAT",2,34,207,241
https://kawalpemilu.org#87713,"PONDOK PARIAN LUNANG, LUNANG, PESISIR SELATAN, SUMATERA BARAT",3,13,87,100
https://kawalpemilu.org#87713,"PONDOK PARIAN LUNANG, LUNANG, PESISIR SELATAN, SUMATERA BARAT",4,34,129,163
https://kawalpemilu.org#87714,"LUNANG TENGAH, LUNANG, PESISIR SELATAN, SUMATERA BARAT",1,31,198,229
https://kawalpemilu.org#87714,"LUNANG TENGAH, LUNANG, PESISIR SELATAN, SUMATERA BARAT",2,19,173,192
https://kawalpemilu.org#87714,"LUNANG TENGAH, LUNANG, PESISIR SELATAN, SUMATERA BARAT",3,17,138,155
https://kawalpemilu.org#87714,"LUNANG TENGAH, LUNANG, PESISIR SELATAN, SUMATERA BARAT",4,34,165,199
https://kawalpemilu.org#87715,"LUNANG SATU, LUNANG, PESISIR SELATAN, SUMATERA BARAT",1,193,58,251
https://kawalpemilu.org#87715,"LUNANG SATU, LUNANG, PESISIR SELATAN, SUMATERA BARAT",2,145,83,228
https://kawalpemilu.org#87715,"LUNANG SATU, LUNANG, PESISIR SELATAN, SUMATERA BARAT",3,174,84,258
https://kawalpemilu.org#87715,"LUNANG SATU, LUNANG, PESISIR SELATAN, SUMATERA BARAT",4,218,34,252
https://kawalpemilu.org#87715,"LUNANG SATU, LUNANG, PESISIR SELATAN, SUMATERA BARAT",5,192,42,234
https://kawalpemilu.org#87716,"LUNANG DUA, LUNANG, PESISIR SELATAN, SUMATERA BARAT",1,146,45,191
https://kawalpemilu.org#87716,"LUNANG DUA, LUNANG, PESISIR SELATAN, SUMATERA BARAT",2,139,76,215
https://kawalpemilu.org#87716,"LUNANG DUA, LUNANG, PESISIR SELATAN, SUMATERA BARAT",3,157,30,187
https://kawalpemilu.org#87716,"LUNANG DUA, LUNANG, PESISIR SELATAN, SUMATERA BARAT",4,151,56,207
https://kawalpemilu.org#87716,"LUNANG DUA, LUNANG, PESISIR SELATAN, SUMATERA BARAT",5,193,33,226
https://kawalpemilu.org#87716,"LUNANG DUA, LUNANG, PESISIR SELATAN, SUMATERA BARAT",6,186,61,247
https://kawalpemilu.org#87716,"LUNANG DUA, LUNANG, PESISIR SELATAN, SUMATERA BARAT",7,167,66,233
https://kawalpemilu.org#87717,"LUNANG TIGA, LUNANG, PESISIR SELATAN, SUMATERA BARAT",1,140,81,221
https://kawalpemilu.org#87717,"LUNANG TIGA, LUNANG, PESISIR SELATAN, SUMATERA BARAT",2,149,101,250
https://kawalpemilu.org#87717,"LUNANG TIGA, LUNANG, PESISIR SELATAN, SUMATERA BARAT",3,134,61,195
https://kawalpemilu.org#87717,"LUNANG TIGA, LUNANG, PESISIR SELATAN, SUMATERA BARAT",4,142,76,218
https://kawalpemilu.org#87717,"LUNANG TIGA, LUNANG, PESISIR SELATAN, SUMATERA BARAT",5,150,48,198
https://kawalpemilu.org#87717,"LUNANG TIGA, LUNANG, PESISIR SELATAN, SUMATERA BARAT",6,159,33,192
https://kawalpemilu.org#87717,"LUNANG TIGA, LUNANG, PESISIR SELATAN, SUMATERA BARAT",7,167,25,192
https://kawalpemilu.org#12997,"TAPAN, BASA AMPEK BALAI TAPAN, PESISIR SELATAN, SUMATERA BARAT",1,41,185,226
https://kawalpemilu.org#12997,"TAPAN, BASA AMPEK BALAI TAPAN, PESISIR SELATAN, SUMATERA BARAT",2,33,192,225
https://kawalpemilu.org#12997,"TAPAN, BASA AMPEK BALAI TAPAN, PESISIR SELATAN, SUMATERA BARAT",3,34,174,208
https://kawalpemilu.org#12998,"PASAR TAPAN, BASA AMPEK BALAI TAPAN, PESISIR SELATAN, SUMATERA BARAT",1,37,190,227
https://kawalpemilu.org#12998,"PASAR TAPAN, BASA AMPEK BALAI TAPAN, PESISIR SELATAN, SUMATERA BARAT",2,29,158,187
https://kawalpemilu.org#12998,"PASAR TAPAN, BASA AMPEK BALAI TAPAN, PESISIR SELATAN, SUMATERA BARAT",3,44,96,140
https://kawalpemilu.org#12998,"PASAR TAPAN, BASA AMPEK BALAI TAPAN, PESISIR SELATAN, SUMATERA BARAT",4,26,133,159
https://kawalpemilu.org#12998,"PASAR TAPAN, BASA AMPEK BALAI TAPAN, PESISIR SELATAN, SUMATERA BARAT",5,14,97,111
https://kawalpemilu.org#13003,"BATANG ARAH TAPAN, BASA AMPEK BALAI TAPAN, PESISIR SELATAN, SUMATERA BARAT",1,38,152,190
https://kawalpemilu.org#13003,"BATANG ARAH TAPAN, BASA AMPEK BALAI TAPAN, PESISIR SELATAN, SUMATERA BARAT",2,49,156,205
https://kawalpemilu.org#13003,"BATANG ARAH TAPAN, BASA AMPEK BALAI TAPAN, PESISIR SELATAN, SUMATERA BARAT",3,31,167,198
https://kawalpemilu.org#13003,"BATANG ARAH TAPAN, BASA AMPEK BALAI TAPAN, PESISIR SELATAN, SUMATERA BARAT",4,44,170,214
https://kawalpemilu.org#13003,"BATANG ARAH TAPAN, BASA AMPEK BALAI TAPAN, PESISIR SELATAN, SUMATERA BARAT",5,45,139,184
https://kawalpemilu.org#13003,"BATANG ARAH TAPAN, BASA AMPEK BALAI TAPAN, PESISIR SELATAN, SUMATERA BARAT",6,25,142,167
https://kawalpemilu.org#13003,"BATANG ARAH TAPAN, BASA AMPEK BALAI TAPAN, PESISIR SELATAN, SUMATERA BARAT",7,27,131,158
https://kawalpemilu.org#13004,"AMPANG TULAK TAPAN, BASA AMPEK BALAI TAPAN, PESISIR SELATAN, SUMATERA BARAT",1,38,138,176
https://kawalpemilu.org#13004,"AMPANG TULAK TAPAN, BASA AMPEK BALAI TAPAN, PESISIR SELATAN, SUMATERA BARAT",2,68,178,246
https://kawalpemilu.org#13004,"AMPANG TULAK TAPAN, BASA AMPEK BALAI TAPAN, PESISIR SELATAN, SUMATERA BARAT",3,43,121,164
https://kawalpemilu.org#84390,"TANJUNG PONDOK TAPAN, BASA AMPEK BALAI TAPAN, PESISIR SELATAN, SUMATERA BARAT",1,36,125,161
https://kawalpemilu.org#84390,"TANJUNG PONDOK TAPAN, BASA AMPEK BALAI TAPAN, PESISIR SELATAN, SUMATERA BARAT",2,60,162,222
https://kawalpemilu.org#84390,"TANJUNG PONDOK TAPAN, BASA AMPEK BALAI TAPAN, PESISIR SELATAN, SUMATERA BARAT",3,18,231,249
https://kawalpemilu.org#84390,"TANJUNG PONDOK TAPAN, BASA AMPEK BALAI TAPAN, PESISIR SELATAN, SUMATERA BARAT",4,46,167,213
https://kawalpemilu.org#84390,"TANJUNG PONDOK TAPAN, BASA AMPEK BALAI TAPAN, PESISIR SELATAN, SUMATERA BARAT",5,34,128,162
https://kawalpemilu.org#84390,"TANJUNG PONDOK TAPAN, BASA AMPEK BALAI TAPAN, PESISIR SELATAN, SUMATERA BARAT",6,25,115,140
https://kawalpemilu.org#84391,"BATANG BETUNG TAPAN, BASA AMPEK BALAI TAPAN, PESISIR SELATAN, SUMATERA BARAT",1,7,128,135
https://kawalpemilu.org#84391,"BATANG BETUNG TAPAN, BASA AMPEK BALAI TAPAN, PESISIR SELATAN, SUMATERA BARAT",2,47,166,213
https://kawalpemilu.org#84391,"BATANG BETUNG TAPAN, BASA AMPEK BALAI TAPAN, PESISIR SELATAN, SUMATERA BARAT",3,28,182,210
https://kawalpemilu.org#84391,"BATANG BETUNG TAPAN, BASA AMPEK BALAI TAPAN, PESISIR SELATAN, SUMATERA BARAT",4,38,205,243
https://kawalpemilu.org#84391,"BATANG BETUNG TAPAN, BASA AMPEK BALAI TAPAN, PESISIR SELATAN, SUMATERA BARAT",5,48,146,194
https://kawalpemilu.org#84391,"BATANG BETUNG TAPAN, BASA AMPEK BALAI TAPAN, PESISIR SELATAN, SUMATERA BARAT",6,18,169,187
https://kawalpemilu.org#84391,"BATANG BETUNG TAPAN, BASA AMPEK BALAI TAPAN, PESISIR SELATAN, SUMATERA BARAT",7,7,145,152
https://kawalpemilu.org#84392,"BUKIT BUAI TAPAN, BASA AMPEK BALAI TAPAN, PESISIR SELATAN, SUMATERA BARAT",1,95,122,217
https://kawalpemilu.org#84392,"BUKIT BUAI TAPAN, BASA AMPEK BALAI TAPAN, PESISIR SELATAN, SUMATERA BARAT",2,33,69,102
https://kawalpemilu.org#84392,"BUKIT BUAI TAPAN, BASA AMPEK BALAI TAPAN, PESISIR SELATAN, SUMATERA BARAT",3,62,32,94
https://kawalpemilu.org#84392,"BUKIT BUAI TAPAN, BASA AMPEK BALAI TAPAN, PESISIR SELATAN, SUMATERA BARAT",4,93,150,243
https://kawalpemilu.org#84393,"RIAK DANAU TAPAN, BASA AMPEK BALAI TAPAN, PESISIR SELATAN, SUMATERA BARAT",1,44,158,202
https://kawalpemilu.org#84393,"RIAK DANAU TAPAN, BASA AMPEK BALAI TAPAN, PESISIR SELATAN, SUMATERA BARAT",2,51,170,221
https://kawalpemilu.org#84393,"RIAK DANAU TAPAN, BASA AMPEK BALAI TAPAN, PESISIR SELATAN, SUMATERA BARAT",3,31,93,124
https://kawalpemilu.org#84393,"RIAK DANAU TAPAN, BASA AMPEK BALAI TAPAN, PESISIR SELATAN, SUMATERA BARAT",4,43,103,146
https://kawalpemilu.org#84394,"KOTO ANAU TAPAN, BASA AMPEK BALAI TAPAN, PESISIR SELATAN, SUMATERA BARAT",1,52,137,189
https://kawalpemilu.org#84394,"KOTO ANAU TAPAN, BASA AMPEK BALAI TAPAN, PESISIR SELATAN, SUMATERA BARAT",2,16,172,188
https://kawalpemilu.org#84394,"KOTO ANAU TAPAN, BASA AMPEK BALAI TAPAN, PESISIR SELATAN, SUMATERA BARAT",3,45,154,199
https://kawalpemilu.org#84394,"KOTO ANAU TAPAN, BASA AMPEK BALAI TAPAN, PESISIR SELATAN, SUMATERA BARAT",4,17,147,164
https://kawalpemilu.org#84395,"DUSUN BARU TAPAN, BASA AMPEK BALAI TAPAN, PESISIR SELATAN, SUMATERA BARAT",1,37,124,161
https://kawalpemilu.org#84395,"DUSUN BARU TAPAN, BASA AMPEK BALAI TAPAN, PESISIR SELATAN, SUMATERA BARAT",2,68,180,248
https://kawalpemilu.org#84395,"DUSUN BARU TAPAN, BASA AMPEK BALAI TAPAN, PESISIR SELATAN, SUMATERA BARAT",3,17,128,145
https://kawalpemilu.org#13006,"PULUIK-PULUIK, IV NAGARI BAYANG UTARA, PESISIR SELATAN, SUMATERA BARAT",1,4,135,139
https://kawalpemilu.org#13006,"PULUIK-PULUIK, IV NAGARI BAYANG UTARA, PESISIR SELATAN, SUMATERA BARAT",2,5,137,142
https://kawalpemilu.org#13006,"PULUIK-PULUIK, IV NAGARI BAYANG UTARA, PESISIR SELATAN, SUMATERA BARAT",3,5,89,94
https://kawalpemilu.org#13006,"PULUIK-PULUIK, IV NAGARI BAYANG UTARA, PESISIR SELATAN, SUMATERA BARAT",4,11,134,145
https://kawalpemilu.org#13006,"PULUIK-PULUIK, IV NAGARI BAYANG UTARA, PESISIR SELATAN, SUMATERA BARAT",5,6,137,143
https://kawalpemilu.org#13006,"PULUIK-PULUIK, IV NAGARI BAYANG UTARA, PESISIR SELATAN, SUMATERA BARAT",6,2,117,119
https://kawalpemilu.org#13006,"PULUIK-PULUIK, IV NAGARI BAYANG UTARA, PESISIR SELATAN, SUMATERA BARAT",7,0,86,86
https://kawalpemilu.org#13006,"PULUIK-PULUIK, IV NAGARI BAYANG UTARA, PESISIR SELATAN, SUMATERA BARAT",8,3,121,124
https://kawalpemilu.org#13006,"PULUIK-PULUIK, IV NAGARI BAYANG UTARA, PESISIR SELATAN, SUMATERA BARAT",9,7,108,115
https://kawalpemilu.org#13007,"KOTO RANAH, IV NAGARI BAYANG UTARA, PESISIR SELATAN, SUMATERA BARAT",1,19,189,208
https://kawalpemilu.org#13007,"KOTO RANAH, IV NAGARI BAYANG UTARA, PESISIR SELATAN, SUMATERA BARAT",2,23,114,137
https://kawalpemilu.org#13007,"KOTO RANAH, IV NAGARI BAYANG UTARA, PESISIR SELATAN, SUMATERA BARAT",3,3,42,45
https://kawalpemilu.org#13007,"KOTO RANAH, IV NAGARI BAYANG UTARA, PESISIR SELATAN, SUMATERA BARAT",4,17,61,78
https://kawalpemilu.org#13007,"KOTO RANAH, IV NAGARI BAYANG UTARA, PESISIR SELATAN, SUMATERA BARAT",5,0,94,94
https://kawalpemilu.org#13007,"KOTO RANAH, IV NAGARI BAYANG UTARA, PESISIR SELATAN, SUMATERA BARAT",6,6,91,97
https://kawalpemilu.org#13008,"MUARO AIE, IV NAGARI BAYANG UTARA, PESISIR SELATAN, SUMATERA BARAT",1,17,93,110
https://kawalpemilu.org#13008,"MUARO AIE, IV NAGARI BAYANG UTARA, PESISIR SELATAN, SUMATERA BARAT",2,1,17,18
https://kawalpemilu.org#13008,"MUARO AIE, IV NAGARI BAYANG UTARA, PESISIR SELATAN, SUMATERA BARAT",3,16,130,146
https://kawalpemilu.org#13009,"PANCUNG TABA, IV NAGARI BAYANG UTARA, PESISIR SELATAN, SUMATERA BARAT",2,11,143,154
https://kawalpemilu.org#13009,"PANCUNG TABA, IV NAGARI BAYANG UTARA, PESISIR SELATAN, SUMATERA BARAT",3,7,112,119
https://kawalpemilu.org#13009,"PANCUNG TABA, IV NAGARI BAYANG UTARA, PESISIR SELATAN, SUMATERA BARAT",4,3,120,123
https://kawalpemilu.org#13009,"PANCUNG TABA, IV NAGARI BAYANG UTARA, PESISIR SELATAN, SUMATERA BARAT",5,9,186,195
https://kawalpemilu.org#13009,"PANCUNG TABA, IV NAGARI BAYANG UTARA, PESISIR SELATAN, SUMATERA BARAT",6,2,46,48
https://kawalpemilu.org#84396,"PULUIK-PULUIK SELATAN, IV NAGARI BAYANG UTARA, PESISIR SELATAN, SUMATERA BARAT",1,6,143,149
https://kawalpemilu.org#84396,"PULUIK-PULUIK SELATAN, IV NAGARI BAYANG UTARA, PESISIR SELATAN, SUMATERA BARAT",2,12,80,92
https://kawalpemilu.org#84396,"PULUIK-PULUIK SELATAN, IV NAGARI BAYANG UTARA, PESISIR SELATAN, SUMATERA BARAT",3,17,123,140
https://kawalpemilu.org#84396,"PULUIK-PULUIK SELATAN, IV NAGARI BAYANG UTARA, PESISIR SELATAN, SUMATERA BARAT",4,13,192,205
https://kawalpemilu.org#84396,"PULUIK-PULUIK SELATAN, IV NAGARI BAYANG UTARA, PESISIR SELATAN, SUMATERA BARAT",5,7,72,79
https://kawalpemilu.org#84396,"PULUIK-PULUIK SELATAN, IV NAGARI BAYANG UTARA, PESISIR SELATAN, SUMATERA BARAT",6,18,167,185
https://kawalpemilu.org#84396,"PULUIK-PULUIK SELATAN, IV NAGARI BAYANG UTARA, PESISIR SELATAN, SUMATERA BARAT",7,1,114,115
https://kawalpemilu.org#84396,"PULUIK-PULUIK SELATAN, IV NAGARI BAYANG UTARA, PESISIR SELATAN, SUMATERA BARAT",8,2,111,113
https://kawalpemilu.org#84397,"LIMAU GADANG PANCUNG TABA, IV NAGARI BAYANG UTARA, PESISIR SELATAN, SUMATERA BARAT",1,43,139,182
https://kawalpemilu.org#84397,"LIMAU GADANG PANCUNG TABA, IV NAGARI BAYANG UTARA, PESISIR SELATAN, SUMATERA BARAT",2,19,120,139
https://kawalpemilu.org#84397,"LIMAU GADANG PANCUNG TABA, IV NAGARI BAYANG UTARA, PESISIR SELATAN, SUMATERA BARAT",3,8,183,191
https://kawalpemilu.org#84397,"LIMAU GADANG PANCUNG TABA, IV NAGARI BAYANG UTARA, PESISIR SELATAN, SUMATERA BARAT",4,23,153,176
https://kawalpemilu.org#12929,"INDERAPURA TIMUR, AIRPURA, PESISIR SELATAN, SUMATERA BARAT",1,59,136,195
https://kawalpemilu.org#12929,"INDERAPURA TIMUR, AIRPURA, PESISIR SELATAN, SUMATERA BARAT",2,38,169,207
https://kawalpemilu.org#12929,"INDERAPURA TIMUR, AIRPURA, PESISIR SELATAN, SUMATERA BARAT",3,32,139,171
https://kawalpemilu.org#12929,"INDERAPURA TIMUR, AIRPURA, PESISIR SELATAN, SUMATERA BARAT",4,35,153,188
https://kawalpemilu.org#12929,"INDERAPURA TIMUR, AIRPURA, PESISIR SELATAN, SUMATERA BARAT",5,23,141,164
https://kawalpemilu.org#12929,"INDERAPURA TIMUR, AIRPURA, PESISIR SELATAN, SUMATERA BARAT",6,37,148,185
https://kawalpemilu.org#12929,"INDERAPURA TIMUR, AIRPURA, PESISIR SELATAN, SUMATERA BARAT",7,32,176,208
https://kawalpemilu.org#12929,"INDERAPURA TIMUR, AIRPURA, PESISIR SELATAN, SUMATERA BARAT",8,23,127,150
https://kawalpemilu.org#12930,"INDERAPURA UTARA, AIRPURA, PESISIR SELATAN, SUMATERA BARAT",1,33,109,142
https://kawalpemilu.org#12930,"INDERAPURA UTARA, AIRPURA, PESISIR SELATAN, SUMATERA BARAT",2,30,66,96
https://kawalpemilu.org#12930,"INDERAPURA UTARA, AIRPURA, PESISIR SELATAN, SUMATERA BARAT",3,40,108,148
https://kawalpemilu.org#12930,"INDERAPURA UTARA, AIRPURA, PESISIR SELATAN, SUMATERA BARAT",4,59,111,170
https://kawalpemilu.org#84398,"MUARA INDERAPURA, AIRPURA, PESISIR SELATAN, SUMATERA BARAT",1,20,183,203
https://kawalpemilu.org#84398,"MUARA INDERAPURA, AIRPURA, PESISIR SELATAN, SUMATERA BARAT",2,12,124,136
https://kawalpemilu.org#84398,"MUARA INDERAPURA, AIRPURA, PESISIR SELATAN, SUMATERA BARAT",3,18,180,198
https://kawalpemilu.org#84398,"MUARA INDERAPURA, AIRPURA, PESISIR SELATAN, SUMATERA BARAT",4,12,151,163
https://kawalpemilu.org#84399,"DAMAR LAPAN BATANG INDERAPURA, AIRPURA, PESISIR SELATAN, SUMATERA BARAT",1,28,187,215
https://kawalpemilu.org#84399,"DAMAR LAPAN BATANG INDERAPURA, AIRPURA, PESISIR SELATAN, SUMATERA BARAT",2,42,177,219
https://kawalpemilu.org#84399,"DAMAR LAPAN BATANG INDERAPURA, AIRPURA, PESISIR SELATAN, SUMATERA BARAT",3,32,155,187
https://kawalpemilu.org#84400,"LALANG PANJANG INDERAPURA, AIRPURA, PESISIR SELATAN, SUMATERA BARAT",1,32,184,216
https://kawalpemilu.org#84400,"LALANG PANJANG INDERAPURA, AIRPURA, PESISIR SELATAN, SUMATERA BARAT",2,37,179,216
https://kawalpemilu.org#84400,"LALANG PANJANG INDERAPURA, AIRPURA, PESISIR SELATAN, SUMATERA BARAT",3,32,141,173
https://kawalpemilu.org#84400,"LALANG PANJANG INDERAPURA, AIRPURA, PESISIR SELATAN, SUMATERA BARAT",4,39,143,182
https://kawalpemilu.org#84401,"PALOKAN INDERAPURA, AIRPURA, PESISIR SELATAN, SUMATERA BARAT",1,60,133,193
https://kawalpemilu.org#84401,"PALOKAN INDERAPURA, AIRPURA, PESISIR SELATAN, SUMATERA BARAT",2,60,139,199
https://kawalpemilu.org#84401,"PALOKAN INDERAPURA, AIRPURA, PESISIR SELATAN, SUMATERA BARAT",3,35,147,182
https://kawalpemilu.org#84401,"PALOKAN INDERAPURA, AIRPURA, PESISIR SELATAN, SUMATERA BARAT",4,57,176,233
https://kawalpemilu.org#84402,"LUBUK BETUNG INDERAPURA, AIRPURA, PESISIR SELATAN, SUMATERA BARAT",1,26,171,197
https://kawalpemilu.org#84402,"LUBUK BETUNG INDERAPURA, AIRPURA, PESISIR SELATAN, SUMATERA BARAT",2,34,152,186
https://kawalpemilu.org#84402,"LUBUK BETUNG INDERAPURA, AIRPURA, PESISIR SELATAN, SUMATERA BARAT",3,6,23,29
https://kawalpemilu.org#84402,"LUBUK BETUNG INDERAPURA, AIRPURA, PESISIR SELATAN, SUMATERA BARAT",4,7,82,89
https://kawalpemilu.org#84403,"TLUK KUALO INDERAPURA, AIRPURA, PESISIR SELATAN, SUMATERA BARAT",1,17,161,178
https://kawalpemilu.org#84403,"TLUK KUALO INDERAPURA, AIRPURA, PESISIR SELATAN, SUMATERA BARAT",2,35,180,215
https://kawalpemilu.org#84403,"TLUK KUALO INDERAPURA, AIRPURA, PESISIR SELATAN, SUMATERA BARAT",3,22,138,160
https://kawalpemilu.org#84403,"TLUK KUALO INDERAPURA, AIRPURA, PESISIR SELATAN, SUMATERA BARAT",4,26,157,183
https://kawalpemilu.org#84403,"TLUK KUALO INDERAPURA, AIRPURA, PESISIR SELATAN, SUMATERA BARAT",5,34,167,201
https://kawalpemilu.org#84404,"TANAH BAKALI INDERAPURA, AIRPURA, PESISIR SELATAN, SUMATERA BARAT",1,28,127,155
https://kawalpemilu.org#84404,"TANAH BAKALI INDERAPURA, AIRPURA, PESISIR SELATAN, SUMATERA BARAT",2,36,167,203
https://kawalpemilu.org#84404,"TANAH BAKALI INDERAPURA, AIRPURA, PESISIR SELATAN, SUMATERA BARAT",3,17,222,239
https://kawalpemilu.org#84404,"TANAH BAKALI INDERAPURA, AIRPURA, PESISIR SELATAN, SUMATERA BARAT",4,61,145,206
https://kawalpemilu.org#84404,"TANAH BAKALI INDERAPURA, AIRPURA, PESISIR SELATAN, SUMATERA BARAT",5,40,176,216
https://kawalpemilu.org#84404,"TANAH BAKALI INDERAPURA, AIRPURA, PESISIR SELATAN, SUMATERA BARAT",6,52,150,202
https://kawalpemilu.org#84404,"TANAH BAKALI INDERAPURA, AIRPURA, PESISIR SELATAN, SUMATERA BARAT",7,87,149,236
https://kawalpemilu.org#84404,"TANAH BAKALI INDERAPURA, AIRPURA, PESISIR SELATAN, SUMATERA BARAT",8,41,82,123
https://kawalpemilu.org#84404,"TANAH BAKALI INDERAPURA, AIRPURA, PESISIR SELATAN, SUMATERA BARAT",9,31,137,168
https://kawalpemilu.org#84405,"PULAU RAJO INDERAPURA, AIRPURA, PESISIR SELATAN, SUMATERA BARAT",1,26,96,122
https://kawalpemilu.org#84405,"PULAU RAJO INDERAPURA, AIRPURA, PESISIR SELATAN, SUMATERA BARAT",2,39,164,203
https://kawalpemilu.org#84405,"PULAU RAJO INDERAPURA, AIRPURA, PESISIR SELATAN, SUMATERA BARAT",3,29,80,109
https://kawalpemilu.org#84405,"PULAU RAJO INDERAPURA, AIRPURA, PESISIR SELATAN, SUMATERA BARAT",4,33,147,180
https://kawalpemilu.org#13000,"TALANG KOTO PULAI TAPAN, RANAH AMPEK HULU TAPAN, PESISIR SELATAN, SUMATERA BARAT",1,46,142,188
https://kawalpemilu.org#13000,"TALANG KOTO PULAI TAPAN, RANAH AMPEK HULU TAPAN, PESISIR SELATAN, SUMATERA BARAT",2,36,158,194
https://kawalpemilu.org#13000,"TALANG KOTO PULAI TAPAN, RANAH AMPEK HULU TAPAN, PESISIR SELATAN, SUMATERA BARAT",3,34,147,181
https://kawalpemilu.org#13000,"TALANG KOTO PULAI TAPAN, RANAH AMPEK HULU TAPAN, PESISIR SELATAN, SUMATERA BARAT",4,37,170,207
https://kawalpemilu.org#13002,"BINJAI TAPAN, RANAH AMPEK HULU TAPAN, PESISIR SELATAN, SUMATERA BARAT",1,13,119,132
https://kawalpemilu.org#13002,"BINJAI TAPAN, RANAH AMPEK HULU TAPAN, PESISIR SELATAN, SUMATERA BARAT",2,25,165,190
https://kawalpemilu.org#13002,"BINJAI TAPAN, RANAH AMPEK HULU TAPAN, PESISIR SELATAN, SUMATERA BARAT",3,18,104,122
https://kawalpemilu.org#84406,"SUNGAI GAMBIR SAKO TAPAN, RANAH AMPEK HULU TAPAN, PESISIR SELATAN, SUMATERA BARAT",1,32,108,140
https://kawalpemilu.org#84406,"SUNGAI GAMBIR SAKO TAPAN, RANAH AMPEK HULU TAPAN, PESISIR SELATAN, SUMATERA BARAT",2,46,91,137
https://kawalpemilu.org#84406,"SUNGAI GAMBIR SAKO TAPAN, RANAH AMPEK HULU TAPAN, PESISIR SELATAN, SUMATERA BARAT",3,19,83,102
https://kawalpemilu.org#84407,"TALANG BALARIK TAPAN, RANAH AMPEK HULU TAPAN, PESISIR SELATAN, SUMATERA BARAT",1,29,227,256
https://kawalpemilu.org#84407,"TALANG BALARIK TAPAN, RANAH AMPEK HULU TAPAN, PESISIR SELATAN, SUMATERA BARAT",2,9,178,187
https://kawalpemilu.org#84407,"TALANG BALARIK TAPAN, RANAH AMPEK HULU TAPAN, PESISIR SELATAN, SUMATERA BARAT",3,12,199,211
https://kawalpemilu.org#84407,"TALANG BALARIK TAPAN, RANAH AMPEK HULU TAPAN, PESISIR SELATAN, SUMATERA BARAT",4,23,149,172
https://kawalpemilu.org#84408,"TEBING TINGGI TAPAN, RANAH AMPEK HULU TAPAN, PESISIR SELATAN, SUMATERA BARAT",1,11,120,131
https://kawalpemilu.org#84408,"TEBING TINGGI TAPAN, RANAH AMPEK HULU TAPAN, PESISIR SELATAN, SUMATERA BARAT",2,21,212,233
https://kawalpemilu.org#84408,"TEBING TINGGI TAPAN, RANAH AMPEK HULU TAPAN, PESISIR SELATAN, SUMATERA BARAT",3,9,138,147
https://kawalpemilu.org#84408,"TEBING TINGGI TAPAN, RANAH AMPEK HULU TAPAN, PESISIR SELATAN, SUMATERA BARAT",4,6,132,138
https://kawalpemilu.org#84408,"TEBING TINGGI TAPAN, RANAH AMPEK HULU TAPAN, PESISIR SELATAN, SUMATERA BARAT",5,5,148,148
https://kawalpemilu.org#84408,"TEBING TINGGI TAPAN, RANAH AMPEK HULU TAPAN, PESISIR SELATAN, SUMATERA BARAT",6,24,141,165
https://kawalpemilu.org#84408,"TEBING TINGGI TAPAN, RANAH AMPEK HULU TAPAN, PESISIR SELATAN, SUMATERA BARAT",7,66,166,232
https://kawalpemilu.org#84408,"TEBING TINGGI TAPAN, RANAH AMPEK HULU TAPAN, PESISIR SELATAN, SUMATERA BARAT",8,52,129,181
https://kawalpemilu.org#84408,"TEBING TINGGI TAPAN, RANAH AMPEK HULU TAPAN, PESISIR SELATAN, SUMATERA BARAT",9,5,92,97
https://kawalpemilu.org#84409,"SUNGAI PINANG TAPAN, RANAH AMPEK HULU TAPAN, PESISIR SELATAN, SUMATERA BARAT",1,22,147,169
https://kawalpemilu.org#84409,"SUNGAI PINANG TAPAN, RANAH AMPEK HULU TAPAN, PESISIR SELATAN, SUMATERA BARAT",2,26,127,153
https://kawalpemilu.org#84409,"SUNGAI PINANG TAPAN, RANAH AMPEK HULU TAPAN, PESISIR SELATAN, SUMATERA BARAT",3,12,202,214
https://kawalpemilu.org#84409,"SUNGAI PINANG TAPAN, RANAH AMPEK HULU TAPAN, PESISIR SELATAN, SUMATERA BARAT",4,54,196,250
https://kawalpemilu.org#84409,"SUNGAI PINANG TAPAN, RANAH AMPEK HULU TAPAN, PESISIR SELATAN, SUMATERA BARAT",5,22,135,157
https://kawalpemilu.org#84409,"SUNGAI PINANG TAPAN, RANAH AMPEK HULU TAPAN, PESISIR SELATAN, SUMATERA BARAT",6,41,142,183
https://kawalpemilu.org#84409,"SUNGAI PINANG TAPAN, RANAH AMPEK HULU TAPAN, PESISIR SELATAN, SUMATERA BARAT",7,28,149,177
https://kawalpemilu.org#84410,"KAMPUNG TENGAH TAPAN, RANAH AMPEK HULU TAPAN, PESISIR SELATAN, SUMATERA BARAT",1,33,130,163
https://kawalpemilu.org#84410,"KAMPUNG TENGAH TAPAN, RANAH AMPEK HULU TAPAN, PESISIR SELATAN, SUMATERA BARAT",2,18,91,109
https://kawalpemilu.org#84410,"KAMPUNG TENGAH TAPAN, RANAH AMPEK HULU TAPAN, PESISIR SELATAN, SUMATERA BARAT",3,27,128,155
https://kawalpemilu.org#84410,"KAMPUNG TENGAH TAPAN, RANAH AMPEK HULU TAPAN, PESISIR SELATAN, SUMATERA BARAT",4,11,202,213
https://kawalpemilu.org#84410,"KAMPUNG TENGAH TAPAN, RANAH AMPEK HULU TAPAN, PESISIR SELATAN, SUMATERA BARAT",5,19,176,195
https://kawalpemilu.org#84410,"KAMPUNG TENGAH TAPAN, RANAH AMPEK HULU TAPAN, PESISIR SELATAN, SUMATERA BARAT",6,27,172,199
https://kawalpemilu.org#84411,"KOBU TAPAN, RANAH AMPEK HULU TAPAN, PESISIR SELATAN, SUMATERA BARAT",1,14,160,174
https://kawalpemilu.org#84411,"KOBU TAPAN, RANAH AMPEK HULU TAPAN, PESISIR SELATAN, SUMATERA BARAT",2,29,141,170
https://kawalpemilu.org#84411,"KOBU TAPAN, RANAH AMPEK HULU TAPAN, PESISIR SELATAN, SUMATERA BARAT",3,32,164,196
https://kawalpemilu.org#84411,"KOBU TAPAN, RANAH AMPEK HULU TAPAN, PESISIR SELATAN, SUMATERA BARAT",4,22,155,177
https://kawalpemilu.org#84412,"SIMPANG GUNUNG TAPAN, RANAH AMPEK HULU TAPAN, PESISIR SELATAN, SUMATERA BARAT",1,38,182,220
https://kawalpemilu.org#84412,"SIMPANG GUNUNG TAPAN, RANAH AMPEK HULU TAPAN, PESISIR SELATAN, SUMATERA BARAT",2,30,183,213
https://kawalpemilu.org#84412,"SIMPANG GUNUNG TAPAN, RANAH AMPEK HULU TAPAN, PESISIR SELATAN, SUMATERA BARAT",3,40,177,217
https://kawalpemilu.org#84412,"SIMPANG GUNUNG TAPAN, RANAH AMPEK HULU TAPAN, PESISIR SELATAN, SUMATERA BARAT",4,19,127,146
https://kawalpemilu.org#84412,"SIMPANG GUNUNG TAPAN, RANAH AMPEK HULU TAPAN, PESISIR SELATAN, SUMATERA BARAT",5,13,79,92
https://kawalpemilu.org#91866,"LIMAU PURUT TAPAN, RANAH AMPEK HULU TAPAN, PESISIR SELATAN, SUMATERA BARAT",1,12,150,162
https://kawalpemilu.org#91866,"LIMAU PURUT TAPAN, RANAH AMPEK HULU TAPAN, PESISIR SELATAN, SUMATERA BARAT",2,26,130,156
https://kawalpemilu.org#91866,"LIMAU PURUT TAPAN, RANAH AMPEK HULU TAPAN, PESISIR SELATAN, SUMATERA BARAT",3,29,165,194
https://kawalpemilu.org#91866,"LIMAU PURUT TAPAN, RANAH AMPEK HULU TAPAN, PESISIR SELATAN, SUMATERA BARAT",4,51,106,157
https://kawalpemilu.org#12992,"SILAUT, SILAUT, PESISIR SELATAN, SUMATERA BARAT",1,22,103,125
https://kawalpemilu.org#12992,"SILAUT, SILAUT, PESISIR SELATAN, SUMATERA BARAT",2,31,169,200
https://kawalpemilu.org#12992,"SILAUT, SILAUT, PESISIR SELATAN, SUMATERA BARAT",3,34,226,260
https://kawalpemilu.org#12992,"SILAUT, SILAUT, PESISIR SELATAN, SUMATERA BARAT",4,195,33,228
https://kawalpemilu.org#12992,"SILAUT, SILAUT, PESISIR SELATAN, SUMATERA BARAT",5,33,158,191
https://kawalpemilu.org#84413,"SUNGAI SIRAH, SILAUT, PESISIR SELATAN, SUMATERA BARAT",1,121,141,262
https://kawalpemilu.org#84413,"SUNGAI SIRAH, SILAUT, PESISIR SELATAN, SUMATERA BARAT",2,32,201,233
https://kawalpemilu.org#84413,"SUNGAI SIRAH, SILAUT, PESISIR SELATAN, SUMATERA BARAT",3,50,64,114
https://kawalpemilu.org#84413,"SUNGAI SIRAH, SILAUT, PESISIR SELATAN, SUMATERA BARAT",4,67,161,228
https://kawalpemilu.org#84413,"SUNGAI SIRAH, SILAUT, PESISIR SELATAN, SUMATERA BARAT",5,23,172,195
https://kawalpemilu.org#84414,"SUNGAI SARIK, SILAUT, PESISIR SELATAN, SUMATERA BARAT",1,125,71,196
https://kawalpemilu.org#84414,"SUNGAI SARIK, SILAUT, PESISIR SELATAN, SUMATERA BARAT",2,161,63,224
https://kawalpemilu.org#84414,"SUNGAI SARIK, SILAUT, PESISIR SELATAN, SUMATERA BARAT",3,152,72,224
https://kawalpemilu.org#84415,"SUNGAI PULAI, SILAUT, PESISIR SELATAN, SUMATERA BARAT",1,130,52,182
https://kawalpemilu.org#84415,"SUNGAI PULAI, SILAUT, PESISIR SELATAN, SUMATERA BARAT",2,195,59,254
https://kawalpemilu.org#84415,"SUNGAI PULAI, SILAUT, PESISIR SELATAN, SUMATERA BARAT",3,126,58,184
https://kawalpemilu.org#84415,"SUNGAI PULAI, SILAUT, PESISIR SELATAN, SUMATERA BARAT",4,98,55,153
https://kawalpemilu.org#84415,"SUNGAI PULAI, SILAUT, PESISIR SELATAN, SUMATERA BARAT",5,114,76,190
https://kawalpemilu.org#84416,"PASIR BINJAI, SILAUT, PESISIR SELATAN, SUMATERA BARAT",1,107,54,161
https://kawalpemilu.org#84416,"PASIR BINJAI, SILAUT, PESISIR SELATAN, SUMATERA BARAT",2,129,90,219
https://kawalpemilu.org#84416,"PASIR BINJAI, SILAUT, PESISIR SELATAN, SUMATERA BARAT",3,70,84,154
https://kawalpemilu.org#84416,"PASIR BINJAI, SILAUT, PESISIR SELATAN, SUMATERA BARAT",4,95,77,172
https://kawalpemilu.org#84416,"PASIR BINJAI, SILAUT, PESISIR SELATAN, SUMATERA BARAT",5,133,69,202
https://kawalpemilu.org#84416,"PASIR BINJAI, SILAUT, PESISIR SELATAN, SUMATERA BARAT",6,86,60,146
https://kawalpemilu.org#84417,"TALANG BINJAI, SILAUT, PESISIR SELATAN, SUMATERA BARAT",1,95,59,154
https://kawalpemilu.org#84417,"TALANG BINJAI, SILAUT, PESISIR SELATAN, SUMATERA BARAT",2,91,41,132
https://kawalpemilu.org#84417,"TALANG BINJAI, SILAUT, PESISIR SELATAN, SUMATERA BARAT",3,38,20,58
https://kawalpemilu.org#84417,"TALANG BINJAI, SILAUT, PESISIR SELATAN, SUMATERA BARAT",4,89,48,137
https://kawalpemilu.org#84418,"LUBUK BUNTA, SILAUT, PESISIR SELATAN, SUMATERA BARAT",1,84,115,199
https://kawalpemilu.org#84418,"LUBUK BUNTA, SILAUT, PESISIR SELATAN, SUMATERA BARAT",2,87,125,212
https://kawalpemilu.org#84418,"LUBUK BUNTA, SILAUT, PESISIR SELATAN, SUMATERA BARAT",3,124,85,209
https://kawalpemilu.org#84418,"LUBUK BUNTA, SILAUT, PESISIR SELATAN, SUMATERA BARAT",4,95,51,146
https://kawalpemilu.org#84418,"LUBUK BUNTA, SILAUT, PESISIR SELATAN, SUMATERA BARAT",5,73,96,169
https://kawalpemilu.org#84418,"LUBUK BUNTA, SILAUT, PESISIR SELATAN, SUMATERA BARAT",6,40,101,141
https://kawalpemilu.org#84419,"SAMBUNGO, SILAUT, PESISIR SELATAN, SUMATERA BARAT",1,127,93,220
https://kawalpemilu.org#84419,"SAMBUNGO, SILAUT, PESISIR SELATAN, SUMATERA BARAT",2,142,99,241
https://kawalpemilu.org#84419,"SAMBUNGO, SILAUT, PESISIR SELATAN, SUMATERA BARAT",3,96,82,178
https://kawalpemilu.org#87218,"DURIAN SERIBU, SILAUT, PESISIR SELATAN, SUMATERA BARAT",1,127,51,178
https://kawalpemilu.org#87218,"DURIAN SERIBU, SILAUT, PESISIR SELATAN, SUMATERA BARAT",2,117,75,192
https://kawalpemilu.org#87218,"DURIAN SERIBU, SILAUT, PESISIR SELATAN, SUMATERA BARAT",3,99,73,172
https://kawalpemilu.org#87218,"DURIAN SERIBU, SILAUT, PESISIR SELATAN, SUMATERA BARAT",4,91,122,213
https://kawalpemilu.org#87219,"AIR HITAM, SILAUT, PESISIR SELATAN, SUMATERA BARAT",1,144,105,249
https://kawalpemilu.org#87219,"AIR HITAM, SILAUT, PESISIR SELATAN, SUMATERA BARAT",2,62,102,164
https://kawalpemilu.org#87219,"AIR HITAM, SILAUT, PESISIR SELATAN, SUMATERA BARAT",3,82,110,192
https://kawalpemilu.org#87219,"AIR HITAM, SILAUT, PESISIR SELATAN, SUMATERA BARAT",4,107,48,155
https://kawalpemilu.org#87219,"AIR HITAM, SILAUT, PESISIR SELATAN, SUMATERA BARAT",5,111,32,143
https://kawalpemilu.org#13012,"LOLO, PANTAI CERMIN, SOLOK, SUMATERA BARAT",1,4,162,166
https://kawalpemilu.org#13012,"LOLO, PANTAI CERMIN, SOLOK, SUMATERA BARAT",2,27,116,143
https://kawalpemilu.org#13012,"LOLO, PANTAI CERMIN, SOLOK, SUMATERA BARAT",3,12,178,190
https://kawalpemilu.org#13012,"LOLO, PANTAI CERMIN, SOLOK, SUMATERA BARAT",4,15,129,144
https://kawalpemilu.org#13012,"LOLO, PANTAI CERMIN, SOLOK, SUMATERA BARAT",5,16,109,125
https://kawalpemilu.org#13012,"LOLO, PANTAI CERMIN, SOLOK, SUMATERA BARAT",6,13,200,213
https://kawalpemilu.org#13012,"LOLO, PANTAI CERMIN, SOLOK, SUMATERA BARAT",7,20,187,207
https://kawalpemilu.org#13012,"LOLO, PANTAI CERMIN, SOLOK, SUMATERA BARAT",8,13,114,127
https://kawalpemilu.org#13012,"LOLO, PANTAI CERMIN, SOLOK, SUMATERA BARAT",9,9,116,125
https://kawalpemilu.org#13012,"LOLO, PANTAI CERMIN, SOLOK, SUMATERA BARAT",10,8,97,105
https://kawalpemilu.org#13012,"LOLO, PANTAI CERMIN, SOLOK, SUMATERA BARAT",11,32,129,161
https://kawalpemilu.org#13012,"LOLO, PANTAI CERMIN, SOLOK, SUMATERA BARAT",12,30,156,186
https://kawalpemilu.org#13012,"LOLO, PANTAI CERMIN, SOLOK, SUMATERA BARAT",13,8,122,130
https://kawalpemilu.org#13012,"LOLO, PANTAI CERMIN, SOLOK, SUMATERA BARAT",14,10,87,97
https://kawalpemilu.org#13012,"LOLO, PANTAI CERMIN, SOLOK, SUMATERA BARAT",15,11,154,165
https://kawalpemilu.org#13012,"LOLO, PANTAI CERMIN, SOLOK, SUMATERA BARAT",16,12,104,116
https://kawalpemilu.org#13012,"LOLO, PANTAI CERMIN, SOLOK, SUMATERA BARAT",17,14,120,134
https://kawalpemilu.org#13012,"LOLO, PANTAI CERMIN, SOLOK, SUMATERA BARAT",19,17,152,169
https://kawalpemilu.org#13012,"LOLO, PANTAI CERMIN, SOLOK, SUMATERA BARAT",20,10,108,118
https://kawalpemilu.org#13012,"LOLO, PANTAI CERMIN, SOLOK, SUMATERA BARAT",21,15,119,134
https://kawalpemilu.org#13012,"LOLO, PANTAI CERMIN, SOLOK, SUMATERA BARAT",22,12,94,106
https://kawalpemilu.org#13013,"SURIAN, PANTAI CERMIN, SOLOK, SUMATERA BARAT",1,10,106,116
https://kawalpemilu.org#13013,"SURIAN, PANTAI CERMIN, SOLOK, SUMATERA BARAT",2,16,128,144
https://kawalpemilu.org#13013,"SURIAN, PANTAI CERMIN, SOLOK, SUMATERA BARAT",3,5,103,108
https://kawalpemilu.org#13013,"SURIAN, PANTAI CERMIN, SOLOK, SUMATERA BARAT",4,23,174,197
https://kawalpemilu.org#13013,"SURIAN, PANTAI CERMIN, SOLOK, SUMATERA BARAT",5,33,133,166
https://kawalpemilu.org#13013,"SURIAN, PANTAI CERMIN, SOLOK, SUMATERA BARAT",6,8,164,172
https://kawalpemilu.org#13013,"SURIAN, PANTAI CERMIN, SOLOK, SUMATERA BARAT",7,5,161,166
https://kawalpemilu.org#13013,"SURIAN, PANTAI CERMIN, SOLOK, SUMATERA BARAT",8,10,194,204
https://kawalpemilu.org#13013,"SURIAN, PANTAI CERMIN, SOLOK, SUMATERA BARAT",9,14,122,136
https://kawalpemilu.org#13013,"SURIAN, PANTAI CERMIN, SOLOK, SUMATERA BARAT",10,25,151,176
https://kawalpemilu.org#13013,"SURIAN, PANTAI CERMIN, SOLOK, SUMATERA BARAT",11,12,168,180
https://kawalpemilu.org#13013,"SURIAN, PANTAI CERMIN, SOLOK, SUMATERA BARAT",12,0,0,0
https://kawalpemilu.org#13013,"SURIAN, PANTAI CERMIN, SOLOK, SUMATERA BARAT",13,37,130,167
https://kawalpemilu.org#13013,"SURIAN, PANTAI CERMIN, SOLOK, SUMATERA BARAT",14,13,153,166
https://kawalpemilu.org#13013,"SURIAN, PANTAI CERMIN, SOLOK, SUMATERA BARAT",15,15,138,153
https://kawalpemilu.org#13013,"SURIAN, PANTAI CERMIN, SOLOK, SUMATERA BARAT",16,27,134,161
https://kawalpemilu.org#13013,"SURIAN, PANTAI CERMIN, SOLOK, SUMATERA BARAT",17,5,113,118
https://kawalpemilu.org#13013,"SURIAN, PANTAI CERMIN, SOLOK, SUMATERA BARAT",18,26,135,161
https://kawalpemilu.org#13013,"SURIAN, PANTAI CERMIN, SOLOK, SUMATERA BARAT",19,5,130,135
https://kawalpemilu.org#13013,"SURIAN, PANTAI CERMIN, SOLOK, SUMATERA BARAT",20,13,164,177
https://kawalpemilu.org#13013,"SURIAN, PANTAI CERMIN, SOLOK, SUMATERA BARAT",21,11,99,110
https://kawalpemilu.org#13013,"SURIAN, PANTAI CERMIN, SOLOK, SUMATERA BARAT",22,9,129,138
https://kawalpemilu.org#13013,"SURIAN, PANTAI CERMIN, SOLOK, SUMATERA BARAT",23,4,117,121
https://kawalpemilu.org#13013,"SURIAN, PANTAI CERMIN, SOLOK, SUMATERA BARAT",24,6,112,118
https://kawalpemilu.org#13013,"SURIAN, PANTAI CERMIN, SOLOK, SUMATERA BARAT",25,8,151,159
https://kawalpemilu.org#13013,"SURIAN, PANTAI CERMIN, SOLOK, SUMATERA BARAT",26,6,95,101
https://kawalpemilu.org#13013,"SURIAN, PANTAI CERMIN, SOLOK, SUMATERA BARAT",27,8,111,119
https://kawalpemilu.org#13013,"SURIAN, PANTAI CERMIN, SOLOK, SUMATERA BARAT",28,8,191,199
https://kawalpemilu.org#13013,"SURIAN, PANTAI CERMIN, SOLOK, SUMATERA BARAT",29,28,176,204
https://kawalpemilu.org#13013,"SURIAN, PANTAI CERMIN, SOLOK, SUMATERA BARAT",30,17,185,202
https://kawalpemilu.org#13013,"SURIAN, PANTAI CERMIN, SOLOK, SUMATERA BARAT",31,16,183,199
https://kawalpemilu.org#13013,"SURIAN, PANTAI CERMIN, SOLOK, SUMATERA BARAT",32,9,154,163
https://kawalpemilu.org#13013,"SURIAN, PANTAI CERMIN, SOLOK, SUMATERA BARAT",33,11,96,107
https://kawalpemilu.org#13013,"SURIAN, PANTAI CERMIN, SOLOK, SUMATERA BARAT",34,10,104,114
https://kawalpemilu.org#13013,"SURIAN, PANTAI CERMIN, SOLOK, SUMATERA BARAT",35,17,124,141
https://kawalpemilu.org#13013,"SURIAN, PANTAI CERMIN, SOLOK, SUMATERA BARAT",36,22,185,207
https://kawalpemilu.org#13013,"SURIAN, PANTAI CERMIN, SOLOK, SUMATERA BARAT",37,8,97,105
https://kawalpemilu.org#13013,"SURIAN, PANTAI CERMIN, SOLOK, SUMATERA BARAT",38,16,156,172
https://kawalpemilu.org#13013,"SURIAN, PANTAI CERMIN, SOLOK, SUMATERA BARAT",39,17,149,166
https://kawalpemilu.org#13013,"SURIAN, PANTAI CERMIN, SOLOK, SUMATERA BARAT",40,5,88,93
https://kawalpemilu.org#13013,"SURIAN, PANTAI CERMIN, SOLOK, SUMATERA BARAT",41,7,99,106
https://kawalpemilu.org#13013,"SURIAN, PANTAI CERMIN, SOLOK, SUMATERA BARAT",42,25,159,184
https://kawalpemilu.org#13013,"SURIAN, PANTAI CERMIN, SOLOK, SUMATERA BARAT",43,13,149,162
https://kawalpemilu.org#13013,"SURIAN, PANTAI CERMIN, SOLOK, SUMATERA BARAT",44,1,123,124
https://kawalpemilu.org#13013,"SURIAN, PANTAI CERMIN, SOLOK, SUMATERA BARAT",46,5,188,193
https://kawalpemilu.org#13013,"SURIAN, PANTAI CERMIN, SOLOK, SUMATERA BARAT",47,10,168,178
https://kawalpemilu.org#13013,"SURIAN, PANTAI CERMIN, SOLOK, SUMATERA BARAT",48,16,184,200
https://kawalpemilu.org#13013,"SURIAN, PANTAI CERMIN, SOLOK, SUMATERA BARAT",49,5,150,155
https://kawalpemilu.org#13013,"SURIAN, PANTAI CERMIN, SOLOK, SUMATERA BARAT",50,6,108,114
https://kawalpemilu.org#13013,"SURIAN, PANTAI CERMIN, SOLOK, SUMATERA BARAT",51,10,125,135
https://kawalpemilu.org#13013,"SURIAN, PANTAI CERMIN, SOLOK, SUMATERA BARAT",52,4,176,180
https://kawalpemilu.org#13013,"SURIAN, PANTAI CERMIN, SOLOK, SUMATERA BARAT",53,11,122,133
https://kawalpemilu.org#13015,"ALAHAN PANJANG, LEMBAH GUMANTI, SOLOK, SUMATERA BARAT",1,19,146,165
https://kawalpemilu.org#13015,"ALAHAN PANJANG, LEMBAH GUMANTI, SOLOK, SUMATERA BARAT",2,16,203,219
https://kawalpemilu.org#13015,"ALAHAN PANJANG, LEMBAH GUMANTI, SOLOK, SUMATERA BARAT",3,13,129,142
https://kawalpemilu.org#13015,"ALAHAN PANJANG, LEMBAH GUMANTI, SOLOK, SUMATERA BARAT",4,19,185,204
https://kawalpemilu.org#13015,"ALAHAN PANJANG, LEMBAH GUMANTI, SOLOK, SUMATERA BARAT",5,10,126,136
https://kawalpemilu.org#13015,"ALAHAN PANJANG, LEMBAH GUMANTI, SOLOK, SUMATERA BARAT",7,5,141,146
https://kawalpemilu.org#13015,"ALAHAN PANJANG, LEMBAH GUMANTI, SOLOK, SUMATERA BARAT",8,9,147,156
https://kawalpemilu.org#13015,"ALAHAN PANJANG, LEMBAH GUMANTI, SOLOK, SUMATERA BARAT",10,3,160,163
https://kawalpemilu.org#13015,"ALAHAN PANJANG, LEMBAH GUMANTI, SOLOK, SUMATERA BARAT",11,8,195,203
https://kawalpemilu.org#13015,"ALAHAN PANJANG, LEMBAH GUMANTI, SOLOK, SUMATERA BARAT",13,3,154,157
https://kawalpemilu.org#13015,"ALAHAN PANJANG, LEMBAH GUMANTI, SOLOK, SUMATERA BARAT",14,1,108,109
https://kawalpemilu.org#13015,"ALAHAN PANJANG, LEMBAH GUMANTI, SOLOK, SUMATERA BARAT",15,15,148,163
https://kawalpemilu.org#13015,"ALAHAN PANJANG, LEMBAH GUMANTI, SOLOK, SUMATERA BARAT",16,14,179,193
https://kawalpemilu.org#13015,"ALAHAN PANJANG, LEMBAH GUMANTI, SOLOK, SUMATERA BARAT",17,8,230,238
https://kawalpemilu.org#13015,"ALAHAN PANJANG, LEMBAH GUMANTI, SOLOK, SUMATERA BARAT",18,6,221,227
https://kawalpemilu.org#13015,"ALAHAN PANJANG, LEMBAH GUMANTI, SOLOK, SUMATERA BARAT",19,0,0,0
https://kawalpemilu.org#13015,"ALAHAN PANJANG, LEMBAH GUMANTI, SOLOK, SUMATERA BARAT",20,8,148,156
https://kawalpemilu.org#13015,"ALAHAN PANJANG, LEMBAH GUMANTI, SOLOK, SUMATERA BARAT",21,18,117,135
https://kawalpemilu.org#13015,"ALAHAN PANJANG, LEMBAH GUMANTI, SOLOK, SUMATERA BARAT",22,13,186,199
https://kawalpemilu.org#13015,"ALAHAN PANJANG, LEMBAH GUMANTI, SOLOK, SUMATERA BARAT",23,6,158,164
https://kawalpemilu.org#13015,"ALAHAN PANJANG, LEMBAH GUMANTI, SOLOK, SUMATERA BARAT",24,2,123,125
https://kawalpemilu.org#13015,"ALAHAN PANJANG, LEMBAH GUMANTI, SOLOK, SUMATERA BARAT",25,3,201,204
https://kawalpemilu.org#13015,"ALAHAN PANJANG, LEMBAH GUMANTI, SOLOK, SUMATERA BARAT",26,18,161,179
https://kawalpemilu.org#13015,"ALAHAN PANJANG, LEMBAH GUMANTI, SOLOK, SUMATERA BARAT",27,18,142,160
https://kawalpemilu.org#13015,"ALAHAN PANJANG, LEMBAH GUMANTI, SOLOK, SUMATERA BARAT",29,4,120,124
https://kawalpemilu.org#13015,"ALAHAN PANJANG, LEMBAH GUMANTI, SOLOK, SUMATERA BARAT",30,15,171,186
https://kawalpemilu.org#13015,"ALAHAN PANJANG, LEMBAH GUMANTI, SOLOK, SUMATERA BARAT",31,0,99,99
https://kawalpemilu.org#13015,"ALAHAN PANJANG, LEMBAH GUMANTI, SOLOK, SUMATERA BARAT",32,27,179,206
https://kawalpemilu.org#13015,"ALAHAN PANJANG, LEMBAH GUMANTI, SOLOK, SUMATERA BARAT",33,10,122,132
https://kawalpemilu.org#13015,"ALAHAN PANJANG, LEMBAH GUMANTI, SOLOK, SUMATERA BARAT",34,4,163,167
https://kawalpemilu.org#13015,"ALAHAN PANJANG, LEMBAH GUMANTI, SOLOK, SUMATERA BARAT",36,3,160,163
https://kawalpemilu.org#13015,"ALAHAN PANJANG, LEMBAH GUMANTI, SOLOK, SUMATERA BARAT",37,3,123,126
https://kawalpemilu.org#13015,"ALAHAN PANJANG, LEMBAH GUMANTI, SOLOK, SUMATERA BARAT",38,12,162,174
https://kawalpemilu.org#13015,"ALAHAN PANJANG, LEMBAH GUMANTI, SOLOK, SUMATERA BARAT",39,5,144,149
https://kawalpemilu.org#13015,"ALAHAN PANJANG, LEMBAH GUMANTI, SOLOK, SUMATERA BARAT",40,6,129,135
https://kawalpemilu.org#13015,"ALAHAN PANJANG, LEMBAH GUMANTI, SOLOK, SUMATERA BARAT",41,9,112,121
https://kawalpemilu.org#13015,"ALAHAN PANJANG, LEMBAH GUMANTI, SOLOK, SUMATERA BARAT",42,1,90,91
https://kawalpemilu.org#13015,"ALAHAN PANJANG, LEMBAH GUMANTI, SOLOK, SUMATERA BARAT",43,6,156,162
https://kawalpemilu.org#13015,"ALAHAN PANJANG, LEMBAH GUMANTI, SOLOK, SUMATERA BARAT",44,9,175,184
https://kawalpemilu.org#13015,"ALAHAN PANJANG, LEMBAH GUMANTI, SOLOK, SUMATERA BARAT",45,6,173,179
https://kawalpemilu.org#13015,"ALAHAN PANJANG, LEMBAH GUMANTI, SOLOK, SUMATERA BARAT",46,3,162,165
https://kawalpemilu.org#13015,"ALAHAN PANJANG, LEMBAH GUMANTI, SOLOK, SUMATERA BARAT",47,4,199,203
https://kawalpemilu.org#13015,"ALAHAN PANJANG, LEMBAH GUMANTI, SOLOK, SUMATERA BARAT",48,2,106,108
https://kawalpemilu.org#13015,"ALAHAN PANJANG, LEMBAH GUMANTI, SOLOK, SUMATERA BARAT",49,4,105,109
https://kawalpemilu.org#13015,"ALAHAN PANJANG, LEMBAH GUMANTI, SOLOK, SUMATERA BARAT",50,17,167,184
https://kawalpemilu.org#13015,"ALAHAN PANJANG, LEMBAH GUMANTI, SOLOK, SUMATERA BARAT",51,11,178,189
https://kawalpemilu.org#13015,"ALAHAN PANJANG, LEMBAH GUMANTI, SOLOK, SUMATERA BARAT",52,14,193,207
https://kawalpemilu.org#13015,"ALAHAN PANJANG, LEMBAH GUMANTI, SOLOK, SUMATERA BARAT",53,17,175,192
https://kawalpemilu.org#13015,"ALAHAN PANJANG, LEMBAH GUMANTI, SOLOK, SUMATERA BARAT",54,12,229,241
https://kawalpemilu.org#13015,"ALAHAN PANJANG, LEMBAH GUMANTI, SOLOK, SUMATERA BARAT",55,7,198,205
https://kawalpemilu.org#13015,"ALAHAN PANJANG, LEMBAH GUMANTI, SOLOK, SUMATERA BARAT",56,5,165,170
https://kawalpemilu.org#13015,"ALAHAN PANJANG, LEMBAH GUMANTI, SOLOK, SUMATERA BARAT",57,14,104,118
https://kawalpemilu.org#13015,"ALAHAN PANJANG, LEMBAH GUMANTI, SOLOK, SUMATERA BARAT",58,6,100,106
https://kawalpemilu.org#13015,"ALAHAN PANJANG, LEMBAH GUMANTI, SOLOK, SUMATERA BARAT",59,4,167,171
https://kawalpemilu.org#13015,"ALAHAN PANJANG, LEMBAH GUMANTI, SOLOK, SUMATERA BARAT",60,8,131,139
https://kawalpemilu.org#13015,"ALAHAN PANJANG, LEMBAH GUMANTI, SOLOK, SUMATERA BARAT",61,1,124,125
https://kawalpemilu.org#13015,"ALAHAN PANJANG, LEMBAH GUMANTI, SOLOK, SUMATERA BARAT",62,1,85,86
https://kawalpemilu.org#13015,"ALAHAN PANJANG, LEMBAH GUMANTI, SOLOK, SUMATERA BARAT",63,3,20,23
https://kawalpemilu.org#13016,"SUNGAI NANAM, LEMBAH GUMANTI, SOLOK, SUMATERA BARAT",1,15,121,136
https://kawalpemilu.org#13016,"SUNGAI NANAM, LEMBAH GUMANTI, SOLOK, SUMATERA BARAT",2,10,155,165
https://kawalpemilu.org#13016,"SUNGAI NANAM, LEMBAH GUMANTI, SOLOK, SUMATERA BARAT",3,10,151,161
https://kawalpemilu.org#13016,"SUNGAI NANAM, LEMBAH GUMANTI, SOLOK, SUMATERA BARAT",4,15,96,111
https://kawalpemilu.org#13016,"SUNGAI NANAM, LEMBAH GUMANTI, SOLOK, SUMATERA BARAT",5,8,168,176
https://kawalpemilu.org#13016,"SUNGAI NANAM, LEMBAH GUMANTI, SOLOK, SUMATERA BARAT",6,5,139,144
https://kawalpemilu.org#13016,"SUNGAI NANAM, LEMBAH GUMANTI, SOLOK, SUMATERA BARAT",7,8,176,184
https://kawalpemilu.org#13016,"SUNGAI NANAM, LEMBAH GUMANTI, SOLOK, SUMATERA BARAT",8,5,126,131
https://kawalpemilu.org#13016,"SUNGAI NANAM, LEMBAH GUMANTI, SOLOK, SUMATERA BARAT",9,3,126,129
https://kawalpemilu.org#13016,"SUNGAI NANAM, LEMBAH GUMANTI, SOLOK, SUMATERA BARAT",10,0,142,142
https://kawalpemilu.org#13016,"SUNGAI NANAM, LEMBAH GUMANTI, SOLOK, SUMATERA BARAT",11,5,172,177
https://kawalpemilu.org#13016,"SUNGAI NANAM, LEMBAH GUMANTI, SOLOK, SUMATERA BARAT",12,12,191,203
https://kawalpemilu.org#13016,"SUNGAI NANAM, LEMBAH GUMANTI, SOLOK, SUMATERA BARAT",13,7,153,160
https://kawalpemilu.org#13016,"SUNGAI NANAM, LEMBAH GUMANTI, SOLOK, SUMATERA BARAT",14,4,143,147
https://kawalpemilu.org#13016,"SUNGAI NANAM, LEMBAH GUMANTI, SOLOK, SUMATERA BARAT",15,8,129,137
https://kawalpemilu.org#13016,"SUNGAI NANAM, LEMBAH GUMANTI, SOLOK, SUMATERA BARAT",16,13,183,196
https://kawalpemilu.org#13016,"SUNGAI NANAM, LEMBAH GUMANTI, SOLOK, SUMATERA BARAT",17,12,170,182
https://kawalpemilu.org#13016,"SUNGAI NANAM, LEMBAH GUMANTI, SOLOK, SUMATERA BARAT",18,8,191,199
https://kawalpemilu.org#13016,"SUNGAI NANAM, LEMBAH GUMANTI, SOLOK, SUMATERA BARAT",19,7,181,188
https://kawalpemilu.org#13016,"SUNGAI NANAM, LEMBAH GUMANTI, SOLOK, SUMATERA BARAT",20,1,94,95
https://kawalpemilu.org#13016,"SUNGAI NANAM, LEMBAH GUMANTI, SOLOK, SUMATERA BARAT",21,8,111,119
https://kawalpemilu.org#13016,"SUNGAI NANAM, LEMBAH GUMANTI, SOLOK, SUMATERA BARAT",22,3,123,126
https://kawalpemilu.org#13016,"SUNGAI NANAM, LEMBAH GUMANTI, SOLOK, SUMATERA BARAT",23,11,174,185
https://kawalpemilu.org#13016,"SUNGAI NANAM, LEMBAH GUMANTI, SOLOK, SUMATERA BARAT",24,7,172,179
https://kawalpemilu.org#13016,"SUNGAI NANAM, LEMBAH GUMANTI, SOLOK, SUMATERA BARAT",25,6,201,207
https://kawalpemilu.org#13016,"SUNGAI NANAM, LEMBAH GUMANTI, SOLOK, SUMATERA BARAT",26,6,149,155
https://kawalpemilu.org#13016,"SUNGAI NANAM, LEMBAH GUMANTI, SOLOK, SUMATERA BARAT",27,5,182,187
https://kawalpemilu.org#13016,"SUNGAI NANAM, LEMBAH GUMANTI, SOLOK, SUMATERA BARAT",28,10,185,195
https://kawalpemilu.org#13016,"SUNGAI NANAM, LEMBAH GUMANTI, SOLOK, SUMATERA BARAT",29,5,115,120
https://kawalpemilu.org#13016,"SUNGAI NANAM, LEMBAH GUMANTI, SOLOK, SUMATERA BARAT",30,1,175,176
https://kawalpemilu.org#13016,"SUNGAI NANAM, LEMBAH GUMANTI, SOLOK, SUMATERA BARAT",31,8,133,141
https://kawalpemilu.org#13016,"SUNGAI NANAM, LEMBAH GUMANTI, SOLOK, SUMATERA BARAT",32,3,177,180
https://kawalpemilu.org#13016,"SUNGAI NANAM, LEMBAH GUMANTI, SOLOK, SUMATERA BARAT",33,8,203,211
https://kawalpemilu.org#13016,"SUNGAI NANAM, LEMBAH GUMANTI, SOLOK, SUMATERA BARAT",34,4,170,174
https://kawalpemilu.org#13016,"SUNGAI NANAM, LEMBAH GUMANTI, SOLOK, SUMATERA BARAT",35,10,180,190
https://kawalpemilu.org#13016,"SUNGAI NANAM, LEMBAH GUMANTI, SOLOK, SUMATERA BARAT",36,5,122,127
https://kawalpemilu.org#13016,"SUNGAI NANAM, LEMBAH GUMANTI, SOLOK, SUMATERA BARAT",37,3,175,178
https://kawalpemilu.org#13016,"SUNGAI NANAM, LEMBAH GUMANTI, SOLOK, SUMATERA BARAT",38,1,107,108
https://kawalpemilu.org#13016,"SUNGAI NANAM, LEMBAH GUMANTI, SOLOK, SUMATERA BARAT",39,3,124,127
https://kawalpemilu.org#13016,"SUNGAI NANAM, LEMBAH GUMANTI, SOLOK, SUMATERA BARAT",40,4,128,132
https://kawalpemilu.org#13016,"SUNGAI NANAM, LEMBAH GUMANTI, SOLOK, SUMATERA BARAT",41,6,146,152
https://kawalpemilu.org#13016,"SUNGAI NANAM, LEMBAH GUMANTI, SOLOK, SUMATERA BARAT",42,21,185,206
https://kawalpemilu.org#13016,"SUNGAI NANAM, LEMBAH GUMANTI, SOLOK, SUMATERA BARAT",43,11,161,172
https://kawalpemilu.org#13016,"SUNGAI NANAM, LEMBAH GUMANTI, SOLOK, SUMATERA BARAT",44,5,176,181
https://kawalpemilu.org#13016,"SUNGAI NANAM, LEMBAH GUMANTI, SOLOK, SUMATERA BARAT",45,3,80,83
https://kawalpemilu.org#13016,"SUNGAI NANAM, LEMBAH GUMANTI, SOLOK, SUMATERA BARAT",46,6,128,134
https://kawalpemilu.org#13016,"SUNGAI NANAM, LEMBAH GUMANTI, SOLOK, SUMATERA BARAT",47,9,165,174
https://kawalpemilu.org#13016,"SUNGAI NANAM, LEMBAH GUMANTI, SOLOK, SUMATERA BARAT",48,9,165,174
https://kawalpemilu.org#13016,"SUNGAI NANAM, LEMBAH GUMANTI, SOLOK, SUMATERA BARAT",49,12,181,193
https://kawalpemilu.org#13016,"SUNGAI NANAM, LEMBAH GUMANTI, SOLOK, SUMATERA BARAT",50,8,179,187
https://kawalpemilu.org#13016,"SUNGAI NANAM, LEMBAH GUMANTI, SOLOK, SUMATERA BARAT",51,10,201,211
https://kawalpemilu.org#13016,"SUNGAI NANAM, LEMBAH GUMANTI, SOLOK, SUMATERA BARAT",52,10,189,199
https://kawalpemilu.org#13016,"SUNGAI NANAM, LEMBAH GUMANTI, SOLOK, SUMATERA BARAT",53,6,126,132
https://kawalpemilu.org#13016,"SUNGAI NANAM, LEMBAH GUMANTI, SOLOK, SUMATERA BARAT",54,7,133,140
https://kawalpemilu.org#13016,"SUNGAI NANAM, LEMBAH GUMANTI, SOLOK, SUMATERA BARAT",55,4,111,115
https://kawalpemilu.org#13016,"SUNGAI NANAM, LEMBAH GUMANTI, SOLOK, SUMATERA BARAT",56,6,145,151
https://kawalpemilu.org#13016,"SUNGAI NANAM, LEMBAH GUMANTI, SOLOK, SUMATERA BARAT",57,0,132,132
https://kawalpemilu.org#13016,"SUNGAI NANAM, LEMBAH GUMANTI, SOLOK, SUMATERA BARAT",58,4,148,152
https://kawalpemilu.org#13016,"SUNGAI NANAM, LEMBAH GUMANTI, SOLOK, SUMATERA BARAT",60,22,181,203
https://kawalpemilu.org#13016,"SUNGAI NANAM, LEMBAH GUMANTI, SOLOK, SUMATERA BARAT",61,10,180,190
https://kawalpemilu.org#13016,"SUNGAI NANAM, LEMBAH GUMANTI, SOLOK, SUMATERA BARAT",62,10,187,197
https://kawalpemilu.org#13016,"SUNGAI NANAM, LEMBAH GUMANTI, SOLOK, SUMATERA BARAT",63,17,191,208
https://kawalpemilu.org#13016,"SUNGAI NANAM, LEMBAH GUMANTI, SOLOK, SUMATERA BARAT",64,3,135,138
https://kawalpemilu.org#13016,"SUNGAI NANAM, LEMBAH GUMANTI, SOLOK, SUMATERA BARAT",65,11,170,181
https://kawalpemilu.org#13016,"SUNGAI NANAM, LEMBAH GUMANTI, SOLOK, SUMATERA BARAT",66,11,106,117
https://kawalpemilu.org#13017,"SALIMPAT, LEMBAH GUMANTI, SOLOK, SUMATERA BARAT",1,4,143,147
https://kawalpemilu.org#13017,"SALIMPAT, LEMBAH GUMANTI, SOLOK, SUMATERA BARAT",2,8,140,148
https://kawalpemilu.org#13017,"SALIMPAT, LEMBAH GUMANTI, SOLOK, SUMATERA BARAT",3,3,112,115
https://kawalpemilu.org#13017,"SALIMPAT, LEMBAH GUMANTI, SOLOK, SUMATERA BARAT",4,12,216,228
https://kawalpemilu.org#13017,"SALIMPAT, LEMBAH GUMANTI, SOLOK, SUMATERA BARAT",5,4,122,126
https://kawalpemilu.org#13017,"SALIMPAT, LEMBAH GUMANTI, SOLOK, SUMATERA BARAT",6,10,108,118
https://kawalpemilu.org#13017,"SALIMPAT, LEMBAH GUMANTI, SOLOK, SUMATERA BARAT",7,24,208,232
https://kawalpemilu.org#13017,"SALIMPAT, LEMBAH GUMANTI, SOLOK, SUMATERA BARAT",8,10,175,185
https://kawalpemilu.org#13017,"SALIMPAT, LEMBAH GUMANTI, SOLOK, SUMATERA BARAT",9,9,146,155
https://kawalpemilu.org#13017,"SALIMPAT, LEMBAH GUMANTI, SOLOK, SUMATERA BARAT",10,4,164,168
https://kawalpemilu.org#13017,"SALIMPAT, LEMBAH GUMANTI, SOLOK, SUMATERA BARAT",11,11,192,203
https://kawalpemilu.org#13017,"SALIMPAT, LEMBAH GUMANTI, SOLOK, SUMATERA BARAT",12,5,164,169
https://kawalpemilu.org#13017,"SALIMPAT, LEMBAH GUMANTI, SOLOK, SUMATERA BARAT",13,3,155,158
https://kawalpemilu.org#13017,"SALIMPAT, LEMBAH GUMANTI, SOLOK, SUMATERA BARAT",14,11,201,212
https://kawalpemilu.org#13017,"SALIMPAT, LEMBAH GUMANTI, SOLOK, SUMATERA BARAT",15,5,125,130
https://kawalpemilu.org#13017,"SALIMPAT, LEMBAH GUMANTI, SOLOK, SUMATERA BARAT",16,16,203,219
https://kawalpemilu.org#13017,"SALIMPAT, LEMBAH GUMANTI, SOLOK, SUMATERA BARAT",17,4,170,174
https://kawalpemilu.org#13017,"SALIMPAT, LEMBAH GUMANTI, SOLOK, SUMATERA BARAT",18,5,131,136
https://kawalpemilu.org#13017,"SALIMPAT, LEMBAH GUMANTI, SOLOK, SUMATERA BARAT",19,6,183,189
https://kawalpemilu.org#13017,"SALIMPAT, LEMBAH GUMANTI, SOLOK, SUMATERA BARAT",20,15,191,206
https://kawalpemilu.org#13017,"SALIMPAT, LEMBAH GUMANTI, SOLOK, SUMATERA BARAT",21,9,210,219
https://kawalpemilu.org#13017,"SALIMPAT, LEMBAH GUMANTI, SOLOK, SUMATERA BARAT",22,6,159,165
https://kawalpemilu.org#13017,"SALIMPAT, LEMBAH GUMANTI, SOLOK, SUMATERA BARAT",23,3,138,141
https://kawalpemilu.org#13017,"SALIMPAT, LEMBAH GUMANTI, SOLOK, SUMATERA BARAT",24,3,87,90
https://kawalpemilu.org#13017,"SALIMPAT, LEMBAH GUMANTI, SOLOK, SUMATERA BARAT",25,6,137,143
https://kawalpemilu.org#13018,"AIE DINGIN, LEMBAH GUMANTI, SOLOK, SUMATERA BARAT",1,9,119,128
https://kawalpemilu.org#13018,"AIE DINGIN, LEMBAH GUMANTI, SOLOK, SUMATERA BARAT",2,12,150,162
https://kawalpemilu.org#13018,"AIE DINGIN, LEMBAH GUMANTI, SOLOK, SUMATERA BARAT",3,1,104,105
https://kawalpemilu.org#13018,"AIE DINGIN, LEMBAH GUMANTI, SOLOK, SUMATERA BARAT",4,10,125,135
https://kawalpemilu.org#13018,"AIE DINGIN, LEMBAH GUMANTI, SOLOK, SUMATERA BARAT",5,11,147,158
https://kawalpemilu.org#13018,"AIE DINGIN, LEMBAH GUMANTI, SOLOK, SUMATERA BARAT",6,12,140,152
https://kawalpemilu.org#13018,"AIE DINGIN, LEMBAH GUMANTI, SOLOK, SUMATERA BARAT",7,5,153,158
https://kawalpemilu.org#13018,"AIE DINGIN, LEMBAH GUMANTI, SOLOK, SUMATERA BARAT",8,14,102,116
https://kawalpemilu.org#13018,"AIE DINGIN, LEMBAH GUMANTI, SOLOK, SUMATERA BARAT",9,5,75,80
https://kawalpemilu.org#13018,"AIE DINGIN, LEMBAH GUMANTI, SOLOK, SUMATERA BARAT",10,22,120,142
https://kawalpemilu.org#13018,"AIE DINGIN, LEMBAH GUMANTI, SOLOK, SUMATERA BARAT",11,21,182,203
https://kawalpemilu.org#13018,"AIE DINGIN, LEMBAH GUMANTI, SOLOK, SUMATERA BARAT",12,22,126,148
https://kawalpemilu.org#13018,"AIE DINGIN, LEMBAH GUMANTI, SOLOK, SUMATERA BARAT",13,15,145,160
https://kawalpemilu.org#13018,"AIE DINGIN, LEMBAH GUMANTI, SOLOK, SUMATERA BARAT",14,6,154,160
https://kawalpemilu.org#13018,"AIE DINGIN, LEMBAH GUMANTI, SOLOK, SUMATERA BARAT",15,13,111,124
https://kawalpemilu.org#13018,"AIE DINGIN, LEMBAH GUMANTI, SOLOK, SUMATERA BARAT",16,3,113,116
https://kawalpemilu.org#13018,"AIE DINGIN, LEMBAH GUMANTI, SOLOK, SUMATERA BARAT",17,5,115,120
https://kawalpemilu.org#13018,"AIE DINGIN, LEMBAH GUMANTI, SOLOK, SUMATERA BARAT",18,6,121,127
https://kawalpemilu.org#13018,"AIE DINGIN, LEMBAH GUMANTI, SOLOK, SUMATERA BARAT",19,12,96,108
https://kawalpemilu.org#13018,"AIE DINGIN, LEMBAH GUMANTI, SOLOK, SUMATERA BARAT",20,5,166,171
https://kawalpemilu.org#13018,"AIE DINGIN, LEMBAH GUMANTI, SOLOK, SUMATERA BARAT",22,5,74,79
https://kawalpemilu.org#13018,"AIE DINGIN, LEMBAH GUMANTI, SOLOK, SUMATERA BARAT",23,5,115,120
https://kawalpemilu.org#13018,"AIE DINGIN, LEMBAH GUMANTI, SOLOK, SUMATERA BARAT",24,6,130,136
https://kawalpemilu.org#13018,"AIE DINGIN, LEMBAH GUMANTI, SOLOK, SUMATERA BARAT",25,19,135,154
https://kawalpemilu.org#13018,"AIE DINGIN, LEMBAH GUMANTI, SOLOK, SUMATERA BARAT",26,8,149,157
https://kawalpemilu.org#13018,"AIE DINGIN, LEMBAH GUMANTI, SOLOK, SUMATERA BARAT",27,5,110,115
https://kawalpemilu.org#13018,"AIE DINGIN, LEMBAH GUMANTI, SOLOK, SUMATERA BARAT",28,6,119,125
https://kawalpemilu.org#13018,"AIE DINGIN, LEMBAH GUMANTI, SOLOK, SUMATERA BARAT",29,20,138,158
https://kawalpemilu.org#13018,"AIE DINGIN, LEMBAH GUMANTI, SOLOK, SUMATERA BARAT",30,11,160,171
https://kawalpemilu.org#13018,"AIE DINGIN, LEMBAH GUMANTI, SOLOK, SUMATERA BARAT",31,11,110,121
https://kawalpemilu.org#13018,"AIE DINGIN, LEMBAH GUMANTI, SOLOK, SUMATERA BARAT",32,5,159,164
https://kawalpemilu.org#13018,"AIE DINGIN, LEMBAH GUMANTI, SOLOK, SUMATERA BARAT",33,21,88,109
https://kawalpemilu.org#13018,"AIE DINGIN, LEMBAH GUMANTI, SOLOK, SUMATERA BARAT",34,7,149,156
https://kawalpemilu.org#13018,"AIE DINGIN, LEMBAH GUMANTI, SOLOK, SUMATERA BARAT",35,8,138,146
https://kawalpemilu.org#13018,"AIE DINGIN, LEMBAH GUMANTI, SOLOK, SUMATERA BARAT",36,10,138,148
https://kawalpemilu.org#13018,"AIE DINGIN, LEMBAH GUMANTI, SOLOK, SUMATERA BARAT",37,8,123,131
https://kawalpemilu.org#13020,"SUPAYANG, PAYUNG SEKAKI, SOLOK, SUMATERA BARAT",1,6,130,136
https://kawalpemilu.org#13020,"SUPAYANG, PAYUNG SEKAKI, SOLOK, SUMATERA BARAT",2,11,160,171
https://kawalpemilu.org#13020,"SUPAYANG, PAYUNG SEKAKI, SOLOK, SUMATERA BARAT",4,4,120,124
https://kawalpemilu.org#13020,"SUPAYANG, PAYUNG SEKAKI, SOLOK, SUMATERA BARAT",5,4,111,115
https://kawalpemilu.org#13020,"SUPAYANG, PAYUNG SEKAKI, SOLOK, SUMATERA BARAT",6,25,187,212
https://kawalpemilu.org#13020,"SUPAYANG, PAYUNG SEKAKI, SOLOK, SUMATERA BARAT",7,8,137,145
https://kawalpemilu.org#13020,"SUPAYANG, PAYUNG SEKAKI, SOLOK, SUMATERA BARAT",8,5,144,149
https://kawalpemilu.org#13021,"SIRUKAM, PAYUNG SEKAKI, SOLOK, SUMATERA BARAT",1,31,211,242
https://kawalpemilu.org#13021,"SIRUKAM, PAYUNG SEKAKI, SOLOK, SUMATERA BARAT",2,12,119,131
https://kawalpemilu.org#13021,"SIRUKAM, PAYUNG SEKAKI, SOLOK, SUMATERA BARAT",3,12,194,206
https://kawalpemilu.org#13021,"SIRUKAM, PAYUNG SEKAKI, SOLOK, SUMATERA BARAT",4,18,160,178
https://kawalpemilu.org#13021,"SIRUKAM, PAYUNG SEKAKI, SOLOK, SUMATERA BARAT",5,6,154,160
https://kawalpemilu.org#13021,"SIRUKAM, PAYUNG SEKAKI, SOLOK, SUMATERA BARAT",6,22,69,91
https://kawalpemilu.org#13021,"SIRUKAM, PAYUNG SEKAKI, SOLOK, SUMATERA BARAT",7,24,155,179
https://kawalpemilu.org#13021,"SIRUKAM, PAYUNG SEKAKI, SOLOK, SUMATERA BARAT",8,15,113,128
https://kawalpemilu.org#13021,"SIRUKAM, PAYUNG SEKAKI, SOLOK, SUMATERA BARAT",9,13,105,118
https://kawalpemilu.org#13021,"SIRUKAM, PAYUNG SEKAKI, SOLOK, SUMATERA BARAT",10,12,198,210
https://kawalpemilu.org#13021,"SIRUKAM, PAYUNG SEKAKI, SOLOK, SUMATERA BARAT",11,21,131,152
https://kawalpemilu.org#13021,"SIRUKAM, PAYUNG SEKAKI, SOLOK, SUMATERA BARAT",12,15,128,143
https://kawalpemilu.org#13021,"SIRUKAM, PAYUNG SEKAKI, SOLOK, SUMATERA BARAT",13,10,182,192
https://kawalpemilu.org#13021,"SIRUKAM, PAYUNG SEKAKI, SOLOK, SUMATERA BARAT",14,12,88,100
https://kawalpemilu.org#13021,"SIRUKAM, PAYUNG SEKAKI, SOLOK, SUMATERA BARAT",15,17,207,224
https://kawalpemilu.org#13021,"SIRUKAM, PAYUNG SEKAKI, SOLOK, SUMATERA BARAT",16,12,128,140
https://kawalpemilu.org#13021,"SIRUKAM, PAYUNG SEKAKI, SOLOK, SUMATERA BARAT",17,11,147,158
https://kawalpemilu.org#13021,"SIRUKAM, PAYUNG SEKAKI, SOLOK, SUMATERA BARAT",18,9,99,108
https://kawalpemilu.org#13021,"SIRUKAM, PAYUNG SEKAKI, SOLOK, SUMATERA BARAT",19,12,100,112
https://kawalpemilu.org#13021,"SIRUKAM, PAYUNG SEKAKI, SOLOK, SUMATERA BARAT",20,14,150,164
https://kawalpemilu.org#13021,"SIRUKAM, PAYUNG SEKAKI, SOLOK, SUMATERA BARAT",21,18,160,178
https://kawalpemilu.org#13022,"AIE LUO, PAYUNG SEKAKI, SOLOK, SUMATERA BARAT",1,9,145,154
https://kawalpemilu.org#13022,"AIE LUO, PAYUNG SEKAKI, SOLOK, SUMATERA BARAT",2,6,100,106
https://kawalpemilu.org#13022,"AIE LUO, PAYUNG SEKAKI, SOLOK, SUMATERA BARAT",4,4,108,112
https://kawalpemilu.org#13024,"BATU BANYAK, LEMBANG JAYA, SOLOK, SUMATERA BARAT",1,42,146,188
https://kawalpemilu.org#13024,"BATU BANYAK, LEMBANG JAYA, SOLOK, SUMATERA BARAT",2,28,165,193
https://kawalpemilu.org#13024,"BATU BANYAK, LEMBANG JAYA, SOLOK, SUMATERA BARAT",3,36,154,190
https://kawalpemilu.org#13024,"BATU BANYAK, LEMBANG JAYA, SOLOK, SUMATERA BARAT",4,18,143,161
https://kawalpemilu.org#13024,"BATU BANYAK, LEMBANG JAYA, SOLOK, SUMATERA BARAT",5,14,100,114
https://kawalpemilu.org#13024,"BATU BANYAK, LEMBANG JAYA, SOLOK, SUMATERA BARAT",6,20,181,201
https://kawalpemilu.org#13025,"BATU BAJANJANG, LEMBANG JAYA, SOLOK, SUMATERA BARAT",1,5,157,162
https://kawalpemilu.org#13025,"BATU BAJANJANG, LEMBANG JAYA, SOLOK, SUMATERA BARAT",2,7,164,171
https://kawalpemilu.org#13025,"BATU BAJANJANG, LEMBANG JAYA, SOLOK, SUMATERA BARAT",3,8,146,154
https://kawalpemilu.org#13025,"BATU BAJANJANG, LEMBANG JAYA, SOLOK, SUMATERA BARAT",4,1,147,148
https://kawalpemilu.org#13025,"BATU BAJANJANG, LEMBANG JAYA, SOLOK, SUMATERA BARAT",5,6,141,147
https://kawalpemilu.org#13025,"BATU BAJANJANG, LEMBANG JAYA, SOLOK, SUMATERA BARAT",6,11,185,196
https://kawalpemilu.org#13025,"BATU BAJANJANG, LEMBANG JAYA, SOLOK, SUMATERA BARAT",7,4,228,232
https://kawalpemilu.org#13025,"BATU BAJANJANG, LEMBANG JAYA, SOLOK, SUMATERA BARAT",8,16,127,143
https://kawalpemilu.org#13025,"BATU BAJANJANG, LEMBANG JAYA, SOLOK, SUMATERA BARAT",9,7,121,128
https://kawalpemilu.org#13025,"BATU BAJANJANG, LEMBANG JAYA, SOLOK, SUMATERA BARAT",10,10,192,202
https://kawalpemilu.org#13025,"BATU BAJANJANG, LEMBANG JAYA, SOLOK, SUMATERA BARAT",11,16,237,253
https://kawalpemilu.org#13025,"BATU BAJANJANG, LEMBANG JAYA, SOLOK, SUMATERA BARAT",12,2,177,179
https://kawalpemilu.org#13025,"BATU BAJANJANG, LEMBANG JAYA, SOLOK, SUMATERA BARAT",13,12,184,196
https://kawalpemilu.org#13025,"BATU BAJANJANG, LEMBANG JAYA, SOLOK, SUMATERA BARAT",14,4,139,143
https://kawalpemilu.org#13025,"BATU BAJANJANG, LEMBANG JAYA, SOLOK, SUMATERA BARAT",15,4,191,195
https://kawalpemilu.org#13026,"KOTO LAWEH, LEMBANG JAYA, SOLOK, SUMATERA BARAT",1,5,123,128
https://kawalpemilu.org#13026,"KOTO LAWEH, LEMBANG JAYA, SOLOK, SUMATERA BARAT",2,12,121,133
https://kawalpemilu.org#13026,"KOTO LAWEH, LEMBANG JAYA, SOLOK, SUMATERA BARAT",3,15,121,136
https://kawalpemilu.org#13026,"KOTO LAWEH, LEMBANG JAYA, SOLOK, SUMATERA BARAT",4,10,109,119
https://kawalpemilu.org#13026,"KOTO LAWEH, LEMBANG JAYA, SOLOK, SUMATERA BARAT",6,24,111,135
https://kawalpemilu.org#13026,"KOTO LAWEH, LEMBANG JAYA, SOLOK, SUMATERA BARAT",7,5,125,130
https://kawalpemilu.org#13026,"KOTO LAWEH, LEMBANG JAYA, SOLOK, SUMATERA BARAT",8,15,79,94
https://kawalpemilu.org#13026,"KOTO LAWEH, LEMBANG JAYA, SOLOK, SUMATERA BARAT",9,13,123,136
https://kawalpemilu.org#13026,"KOTO LAWEH, LEMBANG JAYA, SOLOK, SUMATERA BARAT",11,12,110,122
https://kawalpemilu.org#13026,"KOTO LAWEH, LEMBANG JAYA, SOLOK, SUMATERA BARAT",12,13,194,207
https://kawalpemilu.org#13026,"KOTO LAWEH, LEMBANG JAYA, SOLOK, SUMATERA BARAT",13,12,103,115
https://kawalpemilu.org#13026,"KOTO LAWEH, LEMBANG JAYA, SOLOK, SUMATERA BARAT",14,15,120,135
https://kawalpemilu.org#13026,"KOTO LAWEH, LEMBANG JAYA, SOLOK, SUMATERA BARAT",15,12,163,175
https://kawalpemilu.org#13026,"KOTO LAWEH, LEMBANG JAYA, SOLOK, SUMATERA BARAT",16,12,149,161
https://kawalpemilu.org#13026,"KOTO LAWEH, LEMBANG JAYA, SOLOK, SUMATERA BARAT",17,5,86,91
https://kawalpemilu.org#13026,"KOTO LAWEH, LEMBANG JAYA, SOLOK, SUMATERA BARAT",18,11,116,127
https://kawalpemilu.org#13026,"KOTO LAWEH, LEMBANG JAYA, SOLOK, SUMATERA BARAT",19,14,104,118
https://kawalpemilu.org#13027,"LIMAU LUNGGO, LEMBANG JAYA, SOLOK, SUMATERA BARAT",1,15,119,134
https://kawalpemilu.org#13027,"LIMAU LUNGGO, LEMBANG JAYA, SOLOK, SUMATERA BARAT",2,9,107,116
https://kawalpemilu.org#13027,"LIMAU LUNGGO, LEMBANG JAYA, SOLOK, SUMATERA BARAT",3,14,138,152
https://kawalpemilu.org#13027,"LIMAU LUNGGO, LEMBANG JAYA, SOLOK, SUMATERA BARAT",4,23,118,141
https://kawalpemilu.org#13027,"LIMAU LUNGGO, LEMBANG JAYA, SOLOK, SUMATERA BARAT",5,6,194,200
https://kawalpemilu.org#13027,"LIMAU LUNGGO, LEMBANG JAYA, SOLOK, SUMATERA BARAT",7,13,145,158
https://kawalpemilu.org#13027,"LIMAU LUNGGO, LEMBANG JAYA, SOLOK, SUMATERA BARAT",8,11,128,139
https://kawalpemilu.org#13027,"LIMAU LUNGGO, LEMBANG JAYA, SOLOK, SUMATERA BARAT",9,8,125,133
https://kawalpemilu.org#13028,"KOTO GADANG KOTO ANAU, LEMBANG JAYA, SOLOK, SUMATERA BARAT",1,26,126,152
https://kawalpemilu.org#13028,"KOTO GADANG KOTO ANAU, LEMBANG JAYA, SOLOK, SUMATERA BARAT",2,19,128,147
https://kawalpemilu.org#13028,"KOTO GADANG KOTO ANAU, LEMBANG JAYA, SOLOK, SUMATERA BARAT",3,18,150,168
https://kawalpemilu.org#13028,"KOTO GADANG KOTO ANAU, LEMBANG JAYA, SOLOK, SUMATERA BARAT",4,16,189,205
https://kawalpemilu.org#13028,"KOTO GADANG KOTO ANAU, LEMBANG JAYA, SOLOK, SUMATERA BARAT",5,18,164,182
https://kawalpemilu.org#13028,"KOTO GADANG KOTO ANAU, LEMBANG JAYA, SOLOK, SUMATERA BARAT",6,8,178,186
https://kawalpemilu.org#13028,"KOTO GADANG KOTO ANAU, LEMBANG JAYA, SOLOK, SUMATERA BARAT",7,8,147,155
https://kawalpemilu.org#13028,"KOTO GADANG KOTO ANAU, LEMBANG JAYA, SOLOK, SUMATERA BARAT",8,8,123,131
https://kawalpemilu.org#13028,"KOTO GADANG KOTO ANAU, LEMBANG JAYA, SOLOK, SUMATERA BARAT",9,12,183,195
https://kawalpemilu.org#13028,"KOTO GADANG KOTO ANAU, LEMBANG JAYA, SOLOK, SUMATERA BARAT",10,10,157,167
https://kawalpemilu.org#13028,"KOTO GADANG KOTO ANAU, LEMBANG JAYA, SOLOK, SUMATERA BARAT",11,19,178,197
https://kawalpemilu.org#13028,"KOTO GADANG KOTO ANAU, LEMBANG JAYA, SOLOK, SUMATERA BARAT",12,5,163,168
https://kawalpemilu.org#13028,"KOTO GADANG KOTO ANAU, LEMBANG JAYA, SOLOK, SUMATERA BARAT",13,16,197,213
https://kawalpemilu.org#13028,"KOTO GADANG KOTO ANAU, LEMBANG JAYA, SOLOK, SUMATERA BARAT",14,15,125,140
https://kawalpemilu.org#13028,"KOTO GADANG KOTO ANAU, LEMBANG JAYA, SOLOK, SUMATERA BARAT",15,10,124,134
https://kawalpemilu.org#13028,"KOTO GADANG KOTO ANAU, LEMBANG JAYA, SOLOK, SUMATERA BARAT",16,21,102,123
https://kawalpemilu.org#13028,"KOTO GADANG KOTO ANAU, LEMBANG JAYA, SOLOK, SUMATERA BARAT",17,5,164,169
https://kawalpemilu.org#13028,"KOTO GADANG KOTO ANAU, LEMBANG JAYA, SOLOK, SUMATERA BARAT",18,16,101,117
https://kawalpemilu.org#13028,"KOTO GADANG KOTO ANAU, LEMBANG JAYA, SOLOK, SUMATERA BARAT",19,16,101,117
https://kawalpemilu.org#13028,"KOTO GADANG KOTO ANAU, LEMBANG JAYA, SOLOK, SUMATERA BARAT",20,19,131,150
https://kawalpemilu.org#13028,"KOTO GADANG KOTO ANAU, LEMBANG JAYA, SOLOK, SUMATERA BARAT",21,5,167,172
https://kawalpemilu.org#13028,"KOTO GADANG KOTO ANAU, LEMBANG JAYA, SOLOK, SUMATERA BARAT",22,8,176,184
https://kawalpemilu.org#13028,"KOTO GADANG KOTO ANAU, LEMBANG JAYA, SOLOK, SUMATERA BARAT",23,8,91,99
https://kawalpemilu.org#13028,"KOTO GADANG KOTO ANAU, LEMBANG JAYA, SOLOK, SUMATERA BARAT",24,15,177,192
https://kawalpemilu.org#13028,"KOTO GADANG KOTO ANAU, LEMBANG JAYA, SOLOK, SUMATERA BARAT",25,4,80,84
https://kawalpemilu.org#13028,"KOTO GADANG KOTO ANAU, LEMBANG JAYA, SOLOK, SUMATERA BARAT",26,15,128,143
https://kawalpemilu.org#13028,"KOTO GADANG KOTO ANAU, LEMBANG JAYA, SOLOK, SUMATERA BARAT",27,11,134,145
https://kawalpemilu.org#13028,"KOTO GADANG KOTO ANAU, LEMBANG JAYA, SOLOK, SUMATERA BARAT",28,8,119,127
https://kawalpemilu.org#13029,"SELAYO TANANG BUKIT SILEH, LEMBANG JAYA, SOLOK, SUMATERA BARAT",1,10,164,174
https://kawalpemilu.org#13029,"SELAYO TANANG BUKIT SILEH, LEMBANG JAYA, SOLOK, SUMATERA BARAT",2,6,119,125
https://kawalpemilu.org#13029,"SELAYO TANANG BUKIT SILEH, LEMBANG JAYA, SOLOK, SUMATERA BARAT",3,11,184,195
https://kawalpemilu.org#13029,"SELAYO TANANG BUKIT SILEH, LEMBANG JAYA, SOLOK, SUMATERA BARAT",4,4,216,220
https://kawalpemilu.org#13029,"SELAYO TANANG BUKIT SILEH, LEMBANG JAYA, SOLOK, SUMATERA BARAT",5,5,180,185
https://kawalpemilu.org#13029,"SELAYO TANANG BUKIT SILEH, LEMBANG JAYA, SOLOK, SUMATERA BARAT",6,2,162,164
https://kawalpemilu.org#13029,"SELAYO TANANG BUKIT SILEH, LEMBANG JAYA, SOLOK, SUMATERA BARAT",7,1,143,144
https://kawalpemilu.org#13029,"SELAYO TANANG BUKIT SILEH, LEMBANG JAYA, SOLOK, SUMATERA BARAT",8,4,188,192
https://kawalpemilu.org#13029,"SELAYO TANANG BUKIT SILEH, LEMBANG JAYA, SOLOK, SUMATERA BARAT",9,17,168,185
https://kawalpemilu.org#13029,"SELAYO TANANG BUKIT SILEH, LEMBANG JAYA, SOLOK, SUMATERA BARAT",10,18,155,173
https://kawalpemilu.org#13029,"SELAYO TANANG BUKIT SILEH, LEMBANG JAYA, SOLOK, SUMATERA BARAT",11,3,225,228
https://kawalpemilu.org#13029,"SELAYO TANANG BUKIT SILEH, LEMBANG JAYA, SOLOK, SUMATERA BARAT",12,5,201,206
https://kawalpemilu.org#13029,"SELAYO TANANG BUKIT SILEH, LEMBANG JAYA, SOLOK, SUMATERA BARAT",13,8,121,129
https://kawalpemilu.org#13029,"SELAYO TANANG BUKIT SILEH, LEMBANG JAYA, SOLOK, SUMATERA BARAT",14,5,111,116
https://kawalpemilu.org#13029,"SELAYO TANANG BUKIT SILEH, LEMBANG JAYA, SOLOK, SUMATERA BARAT",15,6,100,106
https://kawalpemilu.org#13029,"SELAYO TANANG BUKIT SILEH, LEMBANG JAYA, SOLOK, SUMATERA BARAT",16,10,134,144
https://kawalpemilu.org#13029,"SELAYO TANANG BUKIT SILEH, LEMBANG JAYA, SOLOK, SUMATERA BARAT",17,19,91,110
https://kawalpemilu.org#13031,"CUPAK, GUNUNG TALANG, SOLOK, SUMATERA BARAT",1,9,139,148
https://kawalpemilu.org#13031,"CUPAK, GUNUNG TALANG, SOLOK, SUMATERA BARAT",2,11,143,154
https://kawalpemilu.org#13031,"CUPAK, GUNUNG TALANG, SOLOK, SUMATERA BARAT",3,10,168,178
https://kawalpemilu.org#13031,"CUPAK, GUNUNG TALANG, SOLOK, SUMATERA BARAT",5,7,149,156
https://kawalpemilu.org#13031,"CUPAK, GUNUNG TALANG, SOLOK, SUMATERA BARAT",6,11,175,186
https://kawalpemilu.org#13031,"CUPAK, GUNUNG TALANG, SOLOK, SUMATERA BARAT",7,14,176,190
https://kawalpemilu.org#13031,"CUPAK, GUNUNG TALANG, SOLOK, SUMATERA BARAT",9,7,154,161
https://kawalpemilu.org#13031,"CUPAK, GUNUNG TALANG, SOLOK, SUMATERA BARAT",10,12,184,196
https://kawalpemilu.org#13031,"CUPAK, GUNUNG TALANG, SOLOK, SUMATERA BARAT",11,8,80,88
https://kawalpemilu.org#13031,"CUPAK, GUNUNG TALANG, SOLOK, SUMATERA BARAT",12,6,132,138
https://kawalpemilu.org#13031,"CUPAK, GUNUNG TALANG, SOLOK, SUMATERA BARAT",14,18,133,151
https://kawalpemilu.org#13031,"CUPAK, GUNUNG TALANG, SOLOK, SUMATERA BARAT",16,20,185,205
https://kawalpemilu.org#13031,"CUPAK, GUNUNG TALANG, SOLOK, SUMATERA BARAT",17,14,181,195
https://kawalpemilu.org#13031,"CUPAK, GUNUNG TALANG, SOLOK, SUMATERA BARAT",18,10,148,158
https://kawalpemilu.org#13031,"CUPAK, GUNUNG TALANG, SOLOK, SUMATERA BARAT",19,17,191,208
https://kawalpemilu.org#13031,"CUPAK, GUNUNG TALANG, SOLOK, SUMATERA BARAT",20,15,158,173
https://kawalpemilu.org#13031,"CUPAK, GUNUNG TALANG, SOLOK, SUMATERA BARAT",21,7,174,181
https://kawalpemilu.org#13031,"CUPAK, GUNUNG TALANG, SOLOK, SUMATERA BARAT",22,6,101,107
https://kawalpemilu.org#13031,"CUPAK, GUNUNG TALANG, SOLOK, SUMATERA BARAT",23,4,134,138
https://kawalpemilu.org#13031,"CUPAK, GUNUNG TALANG, SOLOK, SUMATERA BARAT",24,5,208,213
https://kawalpemilu.org#13031,"CUPAK, GUNUNG TALANG, SOLOK, SUMATERA BARAT",25,9,127,136
https://kawalpemilu.org#13031,"CUPAK, GUNUNG TALANG, SOLOK, SUMATERA BARAT",26,22,160,182
https://kawalpemilu.org#13031,"CUPAK, GUNUNG TALANG, SOLOK, SUMATERA BARAT",27,6,161,167
https://kawalpemilu.org#13031,"CUPAK, GUNUNG TALANG, SOLOK, SUMATERA BARAT",28,6,136,142
https://kawalpemilu.org#13031,"CUPAK, GUNUNG TALANG, SOLOK, SUMATERA BARAT",29,19,182,201
https://kawalpemilu.org#13031,"CUPAK, GUNUNG TALANG, SOLOK, SUMATERA BARAT",30,16,134,150
https://kawalpemilu.org#13031,"CUPAK, GUNUNG TALANG, SOLOK, SUMATERA BARAT",31,7,115,122
https://kawalpemilu.org#13031,"CUPAK, GUNUNG TALANG, SOLOK, SUMATERA BARAT",32,7,116,123
https://kawalpemilu.org#13031,"CUPAK, GUNUNG TALANG, SOLOK, SUMATERA BARAT",33,13,123,136
https://kawalpemilu.org#13031,"CUPAK, GUNUNG TALANG, SOLOK, SUMATERA BARAT",34,8,142,150
https://kawalpemilu.org#13031,"CUPAK, GUNUNG TALANG, SOLOK, SUMATERA BARAT",35,16,155,171
https://kawalpemilu.org#13031,"CUPAK, GUNUNG TALANG, SOLOK, SUMATERA BARAT",36,8,145,153
https://kawalpemilu.org#13031,"CUPAK, GUNUNG TALANG, SOLOK, SUMATERA BARAT",37,4,132,136
https://kawalpemilu.org#13031,"CUPAK, GUNUNG TALANG, SOLOK, SUMATERA BARAT",38,19,160,179
https://kawalpemilu.org#13031,"CUPAK, GUNUNG TALANG, SOLOK, SUMATERA BARAT",39,12,214,226
https://kawalpemilu.org#13031,"CUPAK, GUNUNG TALANG, SOLOK, SUMATERA BARAT",40,13,192,205
https://kawalpemilu.org#13031,"CUPAK, GUNUNG TALANG, SOLOK, SUMATERA BARAT",41,2,146,148
https://kawalpemilu.org#13031,"CUPAK, GUNUNG TALANG, SOLOK, SUMATERA BARAT",42,17,133,150
https://kawalpemilu.org#13031,"CUPAK, GUNUNG TALANG, SOLOK, SUMATERA BARAT",43,12,161,173
https://kawalpemilu.org#13031,"CUPAK, GUNUNG TALANG, SOLOK, SUMATERA BARAT",44,12,193,205
https://kawalpemilu.org#13031,"CUPAK, GUNUNG TALANG, SOLOK, SUMATERA BARAT",45,23,162,185
https://kawalpemilu.org#13031,"CUPAK, GUNUNG TALANG, SOLOK, SUMATERA BARAT",46,12,154,166
https://kawalpemilu.org#13031,"CUPAK, GUNUNG TALANG, SOLOK, SUMATERA BARAT",47,11,157,168
https://kawalpemilu.org#13031,"CUPAK, GUNUNG TALANG, SOLOK, SUMATERA BARAT",48,24,174,198
https://kawalpemilu.org#13031,"CUPAK, GUNUNG TALANG, SOLOK, SUMATERA BARAT",49,12,124,136
https://kawalpemilu.org#13031,"CUPAK, GUNUNG TALANG, SOLOK, SUMATERA BARAT",50,12,137,149
https://kawalpemilu.org#13031,"CUPAK, GUNUNG TALANG, SOLOK, SUMATERA BARAT",51,2,124,126
https://kawalpemilu.org#13031,"CUPAK, GUNUNG TALANG, SOLOK, SUMATERA BARAT",52,2,95,97
https://kawalpemilu.org#13031,"CUPAK, GUNUNG TALANG, SOLOK, SUMATERA BARAT",53,6,153,159
https://kawalpemilu.org#13031,"CUPAK, GUNUNG TALANG, SOLOK, SUMATERA BARAT",54,13,132,145
https://kawalpemilu.org#13031,"CUPAK, GUNUNG TALANG, SOLOK, SUMATERA BARAT",55,11,103,114
https://kawalpemilu.org#13031,"CUPAK, GUNUNG TALANG, SOLOK, SUMATERA BARAT",56,9,106,115
https://kawalpemilu.org#13032,"TALANG, GUNUNG TALANG, SOLOK, SUMATERA BARAT",1,24,169,193
https://kawalpemilu.org#13032,"TALANG, GUNUNG TALANG, SOLOK, SUMATERA BARAT",2,9,159,168
https://kawalpemilu.org#13032,"TALANG, GUNUNG TALANG, SOLOK, SUMATERA BARAT",3,18,119,137
https://kawalpemilu.org#13032,"TALANG, GUNUNG TALANG, SOLOK, SUMATERA BARAT",4,12,147,159
https://kawalpemilu.org#13032,"TALANG, GUNUNG TALANG, SOLOK, SUMATERA BARAT",5,18,153,171
https://kawalpemilu.org#13032,"TALANG, GUNUNG TALANG, SOLOK, SUMATERA BARAT",6,11,214,225
https://kawalpemilu.org#13032,"TALANG, GUNUNG TALANG, SOLOK, SUMATERA BARAT",7,20,198,218
https://kawalpemilu.org#13032,"TALANG, GUNUNG TALANG, SOLOK, SUMATERA BARAT",8,22,148,170
https://kawalpemilu.org#13032,"TALANG, GUNUNG TALANG, SOLOK, SUMATERA BARAT",9,11,113,124
https://kawalpemilu.org#13032,"TALANG, GUNUNG TALANG, SOLOK, SUMATERA BARAT",10,28,85,113
https://kawalpemilu.org#13032,"TALANG, GUNUNG TALANG, SOLOK, SUMATERA BARAT",11,32,134,166
https://kawalpemilu.org#13032,"TALANG, GUNUNG TALANG, SOLOK, SUMATERA BARAT",12,9,115,124
https://kawalpemilu.org#13032,"TALANG, GUNUNG TALANG, SOLOK, SUMATERA BARAT",13,14,191,205
https://kawalpemilu.org#13032,"TALANG, GUNUNG TALANG, SOLOK, SUMATERA BARAT",14,17,203,220
https://kawalpemilu.org#13032,"TALANG, GUNUNG TALANG, SOLOK, SUMATERA BARAT",15,15,174,189
https://kawalpemilu.org#13032,"TALANG, GUNUNG TALANG, SOLOK, SUMATERA BARAT",16,26,181,207
https://kawalpemilu.org#13032,"TALANG, GUNUNG TALANG, SOLOK, SUMATERA BARAT",17,4,107,111
https://kawalpemilu.org#13032,"TALANG, GUNUNG TALANG, SOLOK, SUMATERA BARAT",18,15,122,137
https://kawalpemilu.org#13032,"TALANG, GUNUNG TALANG, SOLOK, SUMATERA BARAT",20,14,202,216
https://kawalpemilu.org#13032,"TALANG, GUNUNG TALANG, SOLOK, SUMATERA BARAT",21,15,226,241
https://kawalpemilu.org#13032,"TALANG, GUNUNG TALANG, SOLOK, SUMATERA BARAT",23,17,110,127
https://kawalpemilu.org#13032,"TALANG, GUNUNG TALANG, SOLOK, SUMATERA BARAT",24,16,142,158
https://kawalpemilu.org#13032,"TALANG, GUNUNG TALANG, SOLOK, SUMATERA BARAT",25,9,78,87
https://kawalpemilu.org#13032,"TALANG, GUNUNG TALANG, SOLOK, SUMATERA BARAT",26,23,120,143
https://kawalpemilu.org#13032,"TALANG, GUNUNG TALANG, SOLOK, SUMATERA BARAT",27,13,114,127
https://kawalpemilu.org#13032,"TALANG, GUNUNG TALANG, SOLOK, SUMATERA BARAT",28,13,212,225
https://kawalpemilu.org#13032,"TALANG, GUNUNG TALANG, SOLOK, SUMATERA BARAT",29,31,120,151
https://kawalpemilu.org#13032,"TALANG, GUNUNG TALANG, SOLOK, SUMATERA BARAT",30,5,111,116
https://kawalpemilu.org#13032,"TALANG, GUNUNG TALANG, SOLOK, SUMATERA BARAT",31,4,126,130
https://kawalpemilu.org#13033,"KOTO GADANG GUGUAK, GUNUNG TALANG, SOLOK, SUMATERA BARAT",1,10,151,161
https://kawalpemilu.org#13033,"KOTO GADANG GUGUAK, GUNUNG TALANG, SOLOK, SUMATERA BARAT",2,11,158,169
https://kawalpemilu.org#13033,"KOTO GADANG GUGUAK, GUNUNG TALANG, SOLOK, SUMATERA BARAT",3,20,143,163
https://kawalpemilu.org#13033,"KOTO GADANG GUGUAK, GUNUNG TALANG, SOLOK, SUMATERA BARAT",4,13,161,174
https://kawalpemilu.org#13033,"KOTO GADANG GUGUAK, GUNUNG TALANG, SOLOK, SUMATERA BARAT",5,4,172,176
https://kawalpemilu.org#13033,"KOTO GADANG GUGUAK, GUNUNG TALANG, SOLOK, SUMATERA BARAT",6,23,151,174
https://kawalpemilu.org#13033,"KOTO GADANG GUGUAK, GUNUNG TALANG, SOLOK, SUMATERA BARAT",7,15,165,180
https://kawalpemilu.org#13033,"KOTO GADANG GUGUAK, GUNUNG TALANG, SOLOK, SUMATERA BARAT",8,16,142,158
https://kawalpemilu.org#13033,"KOTO GADANG GUGUAK, GUNUNG TALANG, SOLOK, SUMATERA BARAT",9,21,128,149
https://kawalpemilu.org#13033,"KOTO GADANG GUGUAK, GUNUNG TALANG, SOLOK, SUMATERA BARAT",10,18,104,122
https://kawalpemilu.org#13033,"KOTO GADANG GUGUAK, GUNUNG TALANG, SOLOK, SUMATERA BARAT",11,27,130,157
https://kawalpemilu.org#13033,"KOTO GADANG GUGUAK, GUNUNG TALANG, SOLOK, SUMATERA BARAT",12,26,128,154
https://kawalpemilu.org#13033,"KOTO GADANG GUGUAK, GUNUNG TALANG, SOLOK, SUMATERA BARAT",13,15,136,151
https://kawalpemilu.org#13033,"KOTO GADANG GUGUAK, GUNUNG TALANG, SOLOK, SUMATERA BARAT",14,23,142,165
https://kawalpemilu.org#13033,"KOTO GADANG GUGUAK, GUNUNG TALANG, SOLOK, SUMATERA BARAT",15,13,169,182
https://kawalpemilu.org#13033,"KOTO GADANG GUGUAK, GUNUNG TALANG, SOLOK, SUMATERA BARAT",16,24,168,192
https://kawalpemilu.org#13033,"KOTO GADANG GUGUAK, GUNUNG TALANG, SOLOK, SUMATERA BARAT",17,12,128,140
https://kawalpemilu.org#13033,"KOTO GADANG GUGUAK, GUNUNG TALANG, SOLOK, SUMATERA BARAT",18,15,129,144
https://kawalpemilu.org#13033,"KOTO GADANG GUGUAK, GUNUNG TALANG, SOLOK, SUMATERA BARAT",19,31,107,138
https://kawalpemilu.org#13033,"KOTO GADANG GUGUAK, GUNUNG TALANG, SOLOK, SUMATERA BARAT",20,9,124,133
https://kawalpemilu.org#13033,"KOTO GADANG GUGUAK, GUNUNG TALANG, SOLOK, SUMATERA BARAT",21,17,90,107
https://kawalpemilu.org#13033,"KOTO GADANG GUGUAK, GUNUNG TALANG, SOLOK, SUMATERA BARAT",22,12,158,170
https://kawalpemilu.org#13033,"KOTO GADANG GUGUAK, GUNUNG TALANG, SOLOK, SUMATERA BARAT",23,9,110,119
https://kawalpemilu.org#13033,"KOTO GADANG GUGUAK, GUNUNG TALANG, SOLOK, SUMATERA BARAT",24,151,20,171
https://kawalpemilu.org#13034,"JAWI JAWI, GUNUNG TALANG, SOLOK, SUMATERA BARAT",1,15,125,140
https://kawalpemilu.org#13034,"JAWI JAWI, GUNUNG TALANG, SOLOK, SUMATERA BARAT",2,11,122,133
https://kawalpemilu.org#13034,"JAWI JAWI, GUNUNG TALANG, SOLOK, SUMATERA BARAT",3,19,185,204
https://kawalpemilu.org#13034,"JAWI JAWI, GUNUNG TALANG, SOLOK, SUMATERA BARAT",4,22,142,164
https://kawalpemilu.org#13034,"JAWI JAWI, GUNUNG TALANG, SOLOK, SUMATERA BARAT",5,7,90,97
https://kawalpemilu.org#13034,"JAWI JAWI, GUNUNG TALANG, SOLOK, SUMATERA BARAT",6,11,216,227
https://kawalpemilu.org#13034,"JAWI JAWI, GUNUNG TALANG, SOLOK, SUMATERA BARAT",7,18,141,159
https://kawalpemilu.org#13034,"JAWI JAWI, GUNUNG TALANG, SOLOK, SUMATERA BARAT",8,10,140,150
https://kawalpemilu.org#13034,"JAWI JAWI, GUNUNG TALANG, SOLOK, SUMATERA BARAT",9,24,155,179
https://kawalpemilu.org#13034,"JAWI JAWI, GUNUNG TALANG, SOLOK, SUMATERA BARAT",10,14,133,147
https://kawalpemilu.org#13034,"JAWI JAWI, GUNUNG TALANG, SOLOK, SUMATERA BARAT",11,19,139,158
https://kawalpemilu.org#13034,"JAWI JAWI, GUNUNG TALANG, SOLOK, SUMATERA BARAT",12,18,119,137
https://kawalpemilu.org#13034,"JAWI JAWI, GUNUNG TALANG, SOLOK, SUMATERA BARAT",13,15,101,116
https://kawalpemilu.org#13035,"SUNGAI JANIAH, GUNUNG TALANG, SOLOK, SUMATERA BARAT",1,7,172,179
https://kawalpemilu.org#13035,"SUNGAI JANIAH, GUNUNG TALANG, SOLOK, SUMATERA BARAT",2,9,136,145
https://kawalpemilu.org#13035,"SUNGAI JANIAH, GUNUNG TALANG, SOLOK, SUMATERA BARAT",3,9,113,122
https://kawalpemilu.org#13035,"SUNGAI JANIAH, GUNUNG TALANG, SOLOK, SUMATERA BARAT",4,23,156,179
https://kawalpemilu.org#13035,"SUNGAI JANIAH, GUNUNG TALANG, SOLOK, SUMATERA BARAT",5,17,146,163
https://kawalpemilu.org#13035,"SUNGAI JANIAH, GUNUNG TALANG, SOLOK, SUMATERA BARAT",6,14,111,125
https://kawalpemilu.org#13035,"SUNGAI JANIAH, GUNUNG TALANG, SOLOK, SUMATERA BARAT",7,18,118,136
https://kawalpemilu.org#13036,"BATANG BARUS, GUNUNG TALANG, SOLOK, SUMATERA BARAT",1,26,150,176
https://kawalpemilu.org#13036,"BATANG BARUS, GUNUNG TALANG, SOLOK, SUMATERA BARAT",2,26,168,194
https://kawalpemilu.org#13036,"BATANG BARUS, GUNUNG TALANG, SOLOK, SUMATERA BARAT",3,34,180,214
https://kawalpemilu.org#13036,"BATANG BARUS, GUNUNG TALANG, SOLOK, SUMATERA BARAT",4,32,147,179
https://kawalpemilu.org#13036,"BATANG BARUS, GUNUNG TALANG, SOLOK, SUMATERA BARAT",5,31,95,126
https://kawalpemilu.org#13036,"BATANG BARUS, GUNUNG TALANG, SOLOK, SUMATERA BARAT",6,28,163,191
https://kawalpemilu.org#13036,"BATANG BARUS, GUNUNG TALANG, SOLOK, SUMATERA BARAT",7,43,130,173
https://kawalpemilu.org#13036,"BATANG BARUS, GUNUNG TALANG, SOLOK, SUMATERA BARAT",8,43,192,235
https://kawalpemilu.org#13036,"BATANG BARUS, GUNUNG TALANG, SOLOK, SUMATERA BARAT",9,47,138,185
https://kawalpemilu.org#13036,"BATANG BARUS, GUNUNG TALANG, SOLOK, SUMATERA BARAT",10,28,182,210
https://kawalpemilu.org#13036,"BATANG BARUS, GUNUNG TALANG, SOLOK, SUMATERA BARAT",11,23,163,186
https://kawalpemilu.org#13036,"BATANG BARUS, GUNUNG TALANG, SOLOK, SUMATERA BARAT",12,40,83,123
https://kawalpemilu.org#13036,"BATANG BARUS, GUNUNG TALANG, SOLOK, SUMATERA BARAT",13,20,193,213
https://kawalpemilu.org#13036,"BATANG BARUS, GUNUNG TALANG, SOLOK, SUMATERA BARAT",14,17,167,184
https://kawalpemilu.org#13036,"BATANG BARUS, GUNUNG TALANG, SOLOK, SUMATERA BARAT",15,29,183,212
https://kawalpemilu.org#13036,"BATANG BARUS, GUNUNG TALANG, SOLOK, SUMATERA BARAT",16,13,168,181
https://kawalpemilu.org#13036,"BATANG BARUS, GUNUNG TALANG, SOLOK, SUMATERA BARAT",17,30,126,156
https://kawalpemilu.org#13036,"BATANG BARUS, GUNUNG TALANG, SOLOK, SUMATERA BARAT",18,27,172,199
https://kawalpemilu.org#13036,"BATANG BARUS, GUNUNG TALANG, SOLOK, SUMATERA BARAT",19,18,167,185
https://kawalpemilu.org#13036,"BATANG BARUS, GUNUNG TALANG, SOLOK, SUMATERA BARAT",20,44,157,201
https://kawalpemilu.org#13036,"BATANG BARUS, GUNUNG TALANG, SOLOK, SUMATERA BARAT",21,42,82,124
https://kawalpemilu.org#13036,"BATANG BARUS, GUNUNG TALANG, SOLOK, SUMATERA BARAT",22,16,122,138
https://kawalpemilu.org#13036,"BATANG BARUS, GUNUNG TALANG, SOLOK, SUMATERA BARAT",23,33,157,190
https://kawalpemilu.org#13036,"BATANG BARUS, GUNUNG TALANG, SOLOK, SUMATERA BARAT",24,22,107,129
https://kawalpemilu.org#13036,"BATANG BARUS, GUNUNG TALANG, SOLOK, SUMATERA BARAT",25,29,168,197
https://kawalpemilu.org#13036,"BATANG BARUS, GUNUNG TALANG, SOLOK, SUMATERA BARAT",26,17,162,179
https://kawalpemilu.org#13037,"AIE BATUMBUAK, GUNUNG TALANG, SOLOK, SUMATERA BARAT",1,14,106,120
https://kawalpemilu.org#13037,"AIE BATUMBUAK, GUNUNG TALANG, SOLOK, SUMATERA BARAT",2,11,184,195
https://kawalpemilu.org#13037,"AIE BATUMBUAK, GUNUNG TALANG, SOLOK, SUMATERA BARAT",3,19,174,193
https://kawalpemilu.org#13037,"AIE BATUMBUAK, GUNUNG TALANG, SOLOK, SUMATERA BARAT",4,12,154,166
https://kawalpemilu.org#13037,"AIE BATUMBUAK, GUNUNG TALANG, SOLOK, SUMATERA BARAT",5,5,203,208
https://kawalpemilu.org#13037,"AIE BATUMBUAK, GUNUNG TALANG, SOLOK, SUMATERA BARAT",6,12,147,159
https://kawalpemilu.org#13037,"AIE BATUMBUAK, GUNUNG TALANG, SOLOK, SUMATERA BARAT",7,10,204,214
https://kawalpemilu.org#13037,"AIE BATUMBUAK, GUNUNG TALANG, SOLOK, SUMATERA BARAT",8,9,201,210
https://kawalpemilu.org#13037,"AIE BATUMBUAK, GUNUNG TALANG, SOLOK, SUMATERA BARAT",9,45,97,142
https://kawalpemilu.org#13037,"AIE BATUMBUAK, GUNUNG TALANG, SOLOK, SUMATERA BARAT",10,41,71,112
https://kawalpemilu.org#13038,"KOTO GAEK GUGUK, GUNUNG TALANG, SOLOK, SUMATERA BARAT",1,6,181,187
https://kawalpemilu.org#13038,"KOTO GAEK GUGUK, GUNUNG TALANG, SOLOK, SUMATERA BARAT",2,20,205,225
https://kawalpemilu.org#13038,"KOTO GAEK GUGUK, GUNUNG TALANG, SOLOK, SUMATERA BARAT",3,15,75,90
https://kawalpemilu.org#13038,"KOTO GAEK GUGUK, GUNUNG TALANG, SOLOK, SUMATERA BARAT",4,14,115,129
https://kawalpemilu.org#13038,"KOTO GAEK GUGUK, GUNUNG TALANG, SOLOK, SUMATERA BARAT",5,5,164,169
https://kawalpemilu.org#13038,"KOTO GAEK GUGUK, GUNUNG TALANG, SOLOK, SUMATERA BARAT",6,16,182,198
https://kawalpemilu.org#13038,"KOTO GAEK GUGUK, GUNUNG TALANG, SOLOK, SUMATERA BARAT",7,31,171,202
https://kawalpemilu.org#13038,"KOTO GAEK GUGUK, GUNUNG TALANG, SOLOK, SUMATERA BARAT",8,21,127,148
https://kawalpemilu.org#13038,"KOTO GAEK GUGUK, GUNUNG TALANG, SOLOK, SUMATERA BARAT",9,7,97,104
https://kawalpemilu.org#13040,"MUARO PANEH, BUKIT SUNDI, SOLOK, SUMATERA BARAT",1,26,206,232
https://kawalpemilu.org#13040,"MUARO PANEH, BUKIT SUNDI, SOLOK, SUMATERA BARAT",3,5,122,127
https://kawalpemilu.org#13040,"MUARO PANEH, BUKIT SUNDI, SOLOK, SUMATERA BARAT",4,14,160,174
https://kawalpemilu.org#13040,"MUARO PANEH, BUKIT SUNDI, SOLOK, SUMATERA BARAT",5,13,149,162
https://kawalpemilu.org#13040,"MUARO PANEH, BUKIT SUNDI, SOLOK, SUMATERA BARAT",6,11,183,194
https://kawalpemilu.org#13040,"MUARO PANEH, BUKIT SUNDI, SOLOK, SUMATERA BARAT",7,15,155,170
https://kawalpemilu.org#13040,"MUARO PANEH, BUKIT SUNDI, SOLOK, SUMATERA BARAT",8,13,166,179
https://kawalpemilu.org#13040,"MUARO PANEH, BUKIT SUNDI, SOLOK, SUMATERA BARAT",9,12,101,113
https://kawalpemilu.org#13040,"MUARO PANEH, BUKIT SUNDI, SOLOK, SUMATERA BARAT",10,17,131,148
https://kawalpemilu.org#13040,"MUARO PANEH, BUKIT SUNDI, SOLOK, SUMATERA BARAT",11,12,142,154
https://kawalpemilu.org#13040,"MUARO PANEH, BUKIT SUNDI, SOLOK, SUMATERA BARAT",14,5,127,132
https://kawalpemilu.org#13040,"MUARO PANEH, BUKIT SUNDI, SOLOK, SUMATERA BARAT",15,28,203,231
https://kawalpemilu.org#13040,"MUARO PANEH, BUKIT SUNDI, SOLOK, SUMATERA BARAT",16,6,179,185
https://kawalpemilu.org#13040,"MUARO PANEH, BUKIT SUNDI, SOLOK, SUMATERA BARAT",17,18,196,214
https://kawalpemilu.org#13040,"MUARO PANEH, BUKIT SUNDI, SOLOK, SUMATERA BARAT",18,6,142,148
https://kawalpemilu.org#13040,"MUARO PANEH, BUKIT SUNDI, SOLOK, SUMATERA BARAT",19,9,140,149
https://kawalpemilu.org#13040,"MUARO PANEH, BUKIT SUNDI, SOLOK, SUMATERA BARAT",20,14,125,139
https://kawalpemilu.org#13040,"MUARO PANEH, BUKIT SUNDI, SOLOK, SUMATERA BARAT",21,6,174,180
https://kawalpemilu.org#13040,"MUARO PANEH, BUKIT SUNDI, SOLOK, SUMATERA BARAT",22,5,193,198
https://kawalpemilu.org#13040,"MUARO PANEH, BUKIT SUNDI, SOLOK, SUMATERA BARAT",23,19,186,205
https://kawalpemilu.org#13040,"MUARO PANEH, BUKIT SUNDI, SOLOK, SUMATERA BARAT",24,27,178,205
https://kawalpemilu.org#13040,"MUARO PANEH, BUKIT SUNDI, SOLOK, SUMATERA BARAT",25,15,165,180
https://kawalpemilu.org#13040,"MUARO PANEH, BUKIT SUNDI, SOLOK, SUMATERA BARAT",26,9,90,99
https://kawalpemilu.org#13040,"MUARO PANEH, BUKIT SUNDI, SOLOK, SUMATERA BARAT",27,9,154,163
https://kawalpemilu.org#13040,"MUARO PANEH, BUKIT SUNDI, SOLOK, SUMATERA BARAT",28,9,149,158
https://kawalpemilu.org#13040,"MUARO PANEH, BUKIT SUNDI, SOLOK, SUMATERA BARAT",29,7,197,204
https://kawalpemilu.org#13040,"MUARO PANEH, BUKIT SUNDI, SOLOK, SUMATERA BARAT",30,6,133,139
https://kawalpemilu.org#13040,"MUARO PANEH, BUKIT SUNDI, SOLOK, SUMATERA BARAT",31,7,103,110
https://kawalpemilu.org#13040,"MUARO PANEH, BUKIT SUNDI, SOLOK, SUMATERA BARAT",32,24,162,186
https://kawalpemilu.org#13040,"MUARO PANEH, BUKIT SUNDI, SOLOK, SUMATERA BARAT",33,15,168,183
https://kawalpemilu.org#13040,"MUARO PANEH, BUKIT SUNDI, SOLOK, SUMATERA BARAT",34,3,133,136
https://kawalpemilu.org#13040,"MUARO PANEH, BUKIT SUNDI, SOLOK, SUMATERA BARAT",35,7,184,191
https://kawalpemilu.org#13040,"MUARO PANEH, BUKIT SUNDI, SOLOK, SUMATERA BARAT",36,10,106,116
https://kawalpemilu.org#13040,"MUARO PANEH, BUKIT SUNDI, SOLOK, SUMATERA BARAT",37,12,92,104
https://kawalpemilu.org#13040,"MUARO PANEH, BUKIT SUNDI, SOLOK, SUMATERA BARAT",38,10,125,135
https://kawalpemilu.org#13040,"MUARO PANEH, BUKIT SUNDI, SOLOK, SUMATERA BARAT",39,13,144,157
https://kawalpemilu.org#13040,"MUARO PANEH, BUKIT SUNDI, SOLOK, SUMATERA BARAT",40,11,142,153
https://kawalpemilu.org#13040,"MUARO PANEH, BUKIT SUNDI, SOLOK, SUMATERA BARAT",41,21,78,99
https://kawalpemilu.org#13040,"MUARO PANEH, BUKIT SUNDI, SOLOK, SUMATERA BARAT",42,3,111,114
https://kawalpemilu.org#13040,"MUARO PANEH, BUKIT SUNDI, SOLOK, SUMATERA BARAT",43,14,148,162
https://kawalpemilu.org#13040,"MUARO PANEH, BUKIT SUNDI, SOLOK, SUMATERA BARAT",44,6,113,119
https://kawalpemilu.org#13040,"MUARO PANEH, BUKIT SUNDI, SOLOK, SUMATERA BARAT",45,6,113,119
https://kawalpemilu.org#13040,"MUARO PANEH, BUKIT SUNDI, SOLOK, SUMATERA BARAT",46,11,139,150
https://kawalpemilu.org#13040,"MUARO PANEH, BUKIT SUNDI, SOLOK, SUMATERA BARAT",47,11,120,131
https://kawalpemilu.org#13041,"KINARI, BUKIT SUNDI, SOLOK, SUMATERA BARAT",1,12,126,137
https://kawalpemilu.org#13041,"KINARI, BUKIT SUNDI, SOLOK, SUMATERA BARAT",2,13,151,164
https://kawalpemilu.org#13041,"KINARI, BUKIT SUNDI, SOLOK, SUMATERA BARAT",3,10,115,125
https://kawalpemilu.org#13041,"KINARI, BUKIT SUNDI, SOLOK, SUMATERA BARAT",4,9,135,144
https://kawalpemilu.org#13041,"KINARI, BUKIT SUNDI, SOLOK, SUMATERA BARAT",5,25,189,214
https://kawalpemilu.org#13041,"KINARI, BUKIT SUNDI, SOLOK, SUMATERA BARAT",6,6,122,128
https://kawalpemilu.org#13041,"KINARI, BUKIT SUNDI, SOLOK, SUMATERA BARAT",7,14,119,133
https://kawalpemilu.org#13041,"KINARI, BUKIT SUNDI, SOLOK, SUMATERA BARAT",8,19,156,175
https://kawalpemilu.org#13041,"KINARI, BUKIT SUNDI, SOLOK, SUMATERA BARAT",9,17,170,187
https://kawalpemilu.org#13041,"KINARI, BUKIT SUNDI, SOLOK, SUMATERA BARAT",10,3,146,149
https://kawalpemilu.org#13041,"KINARI, BUKIT SUNDI, SOLOK, SUMATERA BARAT",11,46,167,213
https://kawalpemilu.org#13041,"KINARI, BUKIT SUNDI, SOLOK, SUMATERA BARAT",12,11,108,119
https://kawalpemilu.org#13041,"KINARI, BUKIT SUNDI, SOLOK, SUMATERA BARAT",13,6,121,127
https://kawalpemilu.org#13041,"KINARI, BUKIT SUNDI, SOLOK, SUMATERA BARAT",14,16,175,191
https://kawalpemilu.org#13041,"KINARI, BUKIT SUNDI, SOLOK, SUMATERA BARAT",15,5,100,105
https://kawalpemilu.org#13041,"KINARI, BUKIT SUNDI, SOLOK, SUMATERA BARAT",16,12,116,128
https://kawalpemilu.org#13041,"KINARI, BUKIT SUNDI, SOLOK, SUMATERA BARAT",17,22,150,172
https://kawalpemilu.org#13042,"BUKIT TANDANG, BUKIT SUNDI, SOLOK, SUMATERA BARAT",1,12,166,178
https://kawalpemilu.org#13042,"BUKIT TANDANG, BUKIT SUNDI, SOLOK, SUMATERA BARAT",2,10,130,140
https://kawalpemilu.org#13042,"BUKIT TANDANG, BUKIT SUNDI, SOLOK, SUMATERA BARAT",3,20,185,205
https://kawalpemilu.org#13042,"BUKIT TANDANG, BUKIT SUNDI, SOLOK, SUMATERA BARAT",4,26,135,161
https://kawalpemilu.org#13042,"BUKIT TANDANG, BUKIT SUNDI, SOLOK, SUMATERA BARAT",5,13,168,181
https://kawalpemilu.org#13042,"BUKIT TANDANG, BUKIT SUNDI, SOLOK, SUMATERA BARAT",6,18,197,215
https://kawalpemilu.org#13043,"PARAMBAHAN, BUKIT SUNDI, SOLOK, SUMATERA BARAT",1,11,139,150
https://kawalpemilu.org#13043,"PARAMBAHAN, BUKIT SUNDI, SOLOK, SUMATERA BARAT",2,7,130,137
https://kawalpemilu.org#13043,"PARAMBAHAN, BUKIT SUNDI, SOLOK, SUMATERA BARAT",3,7,159,166
https://kawalpemilu.org#13043,"PARAMBAHAN, BUKIT SUNDI, SOLOK, SUMATERA BARAT",4,21,69,90
https://kawalpemilu.org#13043,"PARAMBAHAN, BUKIT SUNDI, SOLOK, SUMATERA BARAT",5,9,153,162
https://kawalpemilu.org#13043,"PARAMBAHAN, BUKIT SUNDI, SOLOK, SUMATERA BARAT",6,13,160,173
https://kawalpemilu.org#13044,"DILAM, BUKIT SUNDI, SOLOK, SUMATERA BARAT",1,30,185,215
https://kawalpemilu.org#13044,"DILAM, BUKIT SUNDI, SOLOK, SUMATERA BARAT",2,17,169,186
https://kawalpemilu.org#13044,"DILAM, BUKIT SUNDI, SOLOK, SUMATERA BARAT",3,9,73,82
https://kawalpemilu.org#13044,"DILAM, BUKIT SUNDI, SOLOK, SUMATERA BARAT",4,19,191,210
https://kawalpemilu.org#13044,"DILAM, BUKIT SUNDI, SOLOK, SUMATERA BARAT",5,12,148,160
https://kawalpemilu.org#13044,"DILAM, BUKIT SUNDI, SOLOK, SUMATERA BARAT",6,14,97,111
https://kawalpemilu.org#13044,"DILAM, BUKIT SUNDI, SOLOK, SUMATERA BARAT",7,10,115,125
https://kawalpemilu.org#13044,"DILAM, BUKIT SUNDI, SOLOK, SUMATERA BARAT",8,14,142,156
https://kawalpemilu.org#13044,"DILAM, BUKIT SUNDI, SOLOK, SUMATERA BARAT",9,9,128,137
https://kawalpemilu.org#13044,"DILAM, BUKIT SUNDI, SOLOK, SUMATERA BARAT",10,25,158,183
https://kawalpemilu.org#13044,"DILAM, BUKIT SUNDI, SOLOK, SUMATERA BARAT",11,10,159,169
https://kawalpemilu.org#13044,"DILAM, BUKIT SUNDI, SOLOK, SUMATERA BARAT",12,14,132,146
https://kawalpemilu.org#13044,"DILAM, BUKIT SUNDI, SOLOK, SUMATERA BARAT",13,10,137,147
https://kawalpemilu.org#13044,"DILAM, BUKIT SUNDI, SOLOK, SUMATERA BARAT",14,10,111,121
https://kawalpemilu.org#13046,"TARUANG-TARUANG, IX KOTO SEI LASI, SOLOK, SUMATERA BARAT",1,11,116,127
https://kawalpemilu.org#13046,"TARUANG-TARUANG, IX KOTO SEI LASI, SOLOK, SUMATERA BARAT",2,0,0,0
https://kawalpemilu.org#13046,"TARUANG-TARUANG, IX KOTO SEI LASI, SOLOK, SUMATERA BARAT",3,21,135,156
https://kawalpemilu.org#13046,"TARUANG-TARUANG, IX KOTO SEI LASI, SOLOK, SUMATERA BARAT",4,27,133,160
https://kawalpemilu.org#13046,"TARUANG-TARUANG, IX KOTO SEI LASI, SOLOK, SUMATERA BARAT",5,28,121,149
https://kawalpemilu.org#13046,"TARUANG-TARUANG, IX KOTO SEI LASI, SOLOK, SUMATERA BARAT",6,24,102,126
https://kawalpemilu.org#13046,"TARUANG-TARUANG, IX KOTO SEI LASI, SOLOK, SUMATERA BARAT",7,12,136,148
https://kawalpemilu.org#13046,"TARUANG-TARUANG, IX KOTO SEI LASI, SOLOK, SUMATERA BARAT",8,21,140,161
https://kawalpemilu.org#13046,"TARUANG-TARUANG, IX KOTO SEI LASI, SOLOK, SUMATERA BARAT",9,7,162,169
https://kawalpemilu.org#13047,"SIARO-ARO, IX KOTO SEI LASI, SOLOK, SUMATERA BARAT",1,62,144,206
https://kawalpemilu.org#13048,"PIANGGU, IX KOTO SEI LASI, SOLOK, SUMATERA BARAT",1,32,167,199
https://kawalpemilu.org#13048,"PIANGGU, IX KOTO SEI LASI, SOLOK, SUMATERA BARAT",2,39,145,184
https://kawalpemilu.org#13048,"PIANGGU, IX KOTO SEI LASI, SOLOK, SUMATERA BARAT",3,16,117,133
https://kawalpemilu.org#13048,"PIANGGU, IX KOTO SEI LASI, SOLOK, SUMATERA BARAT",4,26,152,178
https://kawalpemilu.org#13048,"PIANGGU, IX KOTO SEI LASI, SOLOK, SUMATERA BARAT",5,24,163,187
https://kawalpemilu.org#13048,"PIANGGU, IX KOTO SEI LASI, SOLOK, SUMATERA BARAT",6,18,130,148
https://kawalpemilu.org#13048,"PIANGGU, IX KOTO SEI LASI, SOLOK, SUMATERA BARAT",7,18,169,187
https://kawalpemilu.org#13049,"SUNGAI DURIAN, IX KOTO SEI LASI, SOLOK, SUMATERA BARAT",1,6,217,223
https://kawalpemilu.org#13049,"SUNGAI DURIAN, IX KOTO SEI LASI, SOLOK, SUMATERA BARAT",2,12,195,207
https://kawalpemilu.org#13050,"BUKIK BAIS, IX KOTO SEI LASI, SOLOK, SUMATERA BARAT",1,25,112,137
https://kawalpemilu.org#13050,"BUKIK BAIS, IX KOTO SEI LASI, SOLOK, SUMATERA BARAT",2,23,108,131
https://kawalpemilu.org#13050,"BUKIK BAIS, IX KOTO SEI LASI, SOLOK, SUMATERA BARAT",3,25,151,176
https://kawalpemilu.org#13051,"SUNGAI JAMBUR, IX KOTO SEI LASI, SOLOK, SUMATERA BARAT",1,17,182,199
https://kawalpemilu.org#13051,"SUNGAI JAMBUR, IX KOTO SEI LASI, SOLOK, SUMATERA BARAT",2,16,163,179
https://kawalpemilu.org#13051,"SUNGAI JAMBUR, IX KOTO SEI LASI, SOLOK, SUMATERA BARAT",3,8,131,139
https://kawalpemilu.org#13051,"SUNGAI JAMBUR, IX KOTO SEI LASI, SOLOK, SUMATERA BARAT",4,8,121,129
https://kawalpemilu.org#13051,"SUNGAI JAMBUR, IX KOTO SEI LASI, SOLOK, SUMATERA BARAT",5,15,140,155
https://kawalpemilu.org#13052,"GUGUAK SARAI, IX KOTO SEI LASI, SOLOK, SUMATERA BARAT",1,23,194,217
https://kawalpemilu.org#13052,"GUGUAK SARAI, IX KOTO SEI LASI, SOLOK, SUMATERA BARAT",2,18,198,216
https://kawalpemilu.org#13052,"GUGUAK SARAI, IX KOTO SEI LASI, SOLOK, SUMATERA BARAT",3,47,142,189
https://kawalpemilu.org#13052,"GUGUAK SARAI, IX KOTO SEI LASI, SOLOK, SUMATERA BARAT",4,27,162,189
https://kawalpemilu.org#13052,"GUGUAK SARAI, IX KOTO SEI LASI, SOLOK, SUMATERA BARAT",5,17,196,213
https://kawalpemilu.org#13053,"KOTO LAWEH, IX KOTO SEI LASI, SOLOK, SUMATERA BARAT",1,67,152,219
https://kawalpemilu.org#13054,"INDUDUR, IX KOTO SEI LASI, SOLOK, SUMATERA BARAT",1,56,110,166
https://kawalpemilu.org#13054,"INDUDUR, IX KOTO SEI LASI, SOLOK, SUMATERA BARAT",2,31,98,129
https://kawalpemilu.org#13056,"KOTO BARU, KUBUNG, SOLOK, SUMATERA BARAT",1,4,166,170
https://kawalpemilu.org#13056,"KOTO BARU, KUBUNG, SOLOK, SUMATERA BARAT",2,5,112,117
https://kawalpemilu.org#13056,"KOTO BARU, KUBUNG, SOLOK, SUMATERA BARAT",3,6,136,142
https://kawalpemilu.org#13056,"KOTO BARU, KUBUNG, SOLOK, SUMATERA BARAT",5,10,183,193
https://kawalpemilu.org#13056,"KOTO BARU, KUBUNG, SOLOK, SUMATERA BARAT",6,10,112,122
https://kawalpemilu.org#13056,"KOTO BARU, KUBUNG, SOLOK, SUMATERA BARAT",7,15,158,173
https://kawalpemilu.org#13056,"KOTO BARU, KUBUNG, SOLOK, SUMATERA BARAT",8,4,159,163
https://kawalpemilu.org#13056,"KOTO BARU, KUBUNG, SOLOK, SUMATERA BARAT",9,13,134,147
https://kawalpemilu.org#13056,"KOTO BARU, KUBUNG, SOLOK, SUMATERA BARAT",10,15,129,144
https://kawalpemilu.org#13056,"KOTO BARU, KUBUNG, SOLOK, SUMATERA BARAT",11,10,126,136
https://kawalpemilu.org#13056,"KOTO BARU, KUBUNG, SOLOK, SUMATERA BARAT",12,13,142,155
https://kawalpemilu.org#13056,"KOTO BARU, KUBUNG, SOLOK, SUMATERA BARAT",13,13,162,175
https://kawalpemilu.org#13056,"KOTO BARU, KUBUNG, SOLOK, SUMATERA BARAT",14,4,124,128
https://kawalpemilu.org#13056,"KOTO BARU, KUBUNG, SOLOK, SUMATERA BARAT",15,10,190,200
https://kawalpemilu.org#13056,"KOTO BARU, KUBUNG, SOLOK, SUMATERA BARAT",16,46,156,202
https://kawalpemilu.org#13056,"KOTO BARU, KUBUNG, SOLOK, SUMATERA BARAT",17,10,175,185
https://kawalpemilu.org#13056,"KOTO BARU, KUBUNG, SOLOK, SUMATERA BARAT",18,17,197,214
https://kawalpemilu.org#13056,"KOTO BARU, KUBUNG, SOLOK, SUMATERA BARAT",19,12,124,136
https://kawalpemilu.org#13056,"KOTO BARU, KUBUNG, SOLOK, SUMATERA BARAT",20,6,142,148
https://kawalpemilu.org#13056,"KOTO BARU, KUBUNG, SOLOK, SUMATERA BARAT",21,13,167,180
https://kawalpemilu.org#13056,"KOTO BARU, KUBUNG, SOLOK, SUMATERA BARAT",22,6,155,161
https://kawalpemilu.org#13056,"KOTO BARU, KUBUNG, SOLOK, SUMATERA BARAT",23,25,134,159
https://kawalpemilu.org#13056,"KOTO BARU, KUBUNG, SOLOK, SUMATERA BARAT",24,25,145,170
https://kawalpemilu.org#13056,"KOTO BARU, KUBUNG, SOLOK, SUMATERA BARAT",25,18,138,156
https://kawalpemilu.org#13056,"KOTO BARU, KUBUNG, SOLOK, SUMATERA BARAT",26,20,211,231
https://kawalpemilu.org#13056,"KOTO BARU, KUBUNG, SOLOK, SUMATERA BARAT",27,9,86,95
https://kawalpemilu.org#13056,"KOTO BARU, KUBUNG, SOLOK, SUMATERA BARAT",28,13,195,208
https://kawalpemilu.org#13056,"KOTO BARU, KUBUNG, SOLOK, SUMATERA BARAT",29,17,150,167
https://kawalpemilu.org#13056,"KOTO BARU, KUBUNG, SOLOK, SUMATERA BARAT",30,13,205,218
https://kawalpemilu.org#13056,"KOTO BARU, KUBUNG, SOLOK, SUMATERA BARAT",31,17,175,192
https://kawalpemilu.org#13056,"KOTO BARU, KUBUNG, SOLOK, SUMATERA BARAT",32,10,151,161
https://kawalpemilu.org#13056,"KOTO BARU, KUBUNG, SOLOK, SUMATERA BARAT",33,8,194,202
https://kawalpemilu.org#13056,"KOTO BARU, KUBUNG, SOLOK, SUMATERA BARAT",34,5,140,145
https://kawalpemilu.org#13056,"KOTO BARU, KUBUNG, SOLOK, SUMATERA BARAT",35,22,216,238
https://kawalpemilu.org#13056,"KOTO BARU, KUBUNG, SOLOK, SUMATERA BARAT",36,27,189,216
https://kawalpemilu.org#13056,"KOTO BARU, KUBUNG, SOLOK, SUMATERA BARAT",37,20,193,213
https://kawalpemilu.org#13056,"KOTO BARU, KUBUNG, SOLOK, SUMATERA BARAT",38,108,40,148
https://kawalpemilu.org#13056,"KOTO BARU, KUBUNG, SOLOK, SUMATERA BARAT",39,15,136,151
https://kawalpemilu.org#13056,"KOTO BARU, KUBUNG, SOLOK, SUMATERA BARAT",40,5,151,156
https://kawalpemilu.org#13056,"KOTO BARU, KUBUNG, SOLOK, SUMATERA BARAT",41,22,161,183
https://kawalpemilu.org#13056,"KOTO BARU, KUBUNG, SOLOK, SUMATERA BARAT",42,0,0,0
https://kawalpemilu.org#13056,"KOTO BARU, KUBUNG, SOLOK, SUMATERA BARAT",43,18,184,202
https://kawalpemilu.org#13056,"KOTO BARU, KUBUNG, SOLOK, SUMATERA BARAT",44,6,158,164
https://kawalpemilu.org#13056,"KOTO BARU, KUBUNG, SOLOK, SUMATERA BARAT",45,10,171,181
https://kawalpemilu.org#13056,"KOTO BARU, KUBUNG, SOLOK, SUMATERA BARAT",46,9,176,185
https://kawalpemilu.org#13056,"KOTO BARU, KUBUNG, SOLOK, SUMATERA BARAT",47,9,161,170
https://kawalpemilu.org#13056,"KOTO BARU, KUBUNG, SOLOK, SUMATERA BARAT",48,2,111,113
https://kawalpemilu.org#13056,"KOTO BARU, KUBUNG, SOLOK, SUMATERA BARAT",49,15,98,113
https://kawalpemilu.org#13056,"KOTO BARU, KUBUNG, SOLOK, SUMATERA BARAT",50,7,162,169
https://kawalpemilu.org#13056,"KOTO BARU, KUBUNG, SOLOK, SUMATERA BARAT",51,13,176,189
https://kawalpemilu.org#13056,"KOTO BARU, KUBUNG, SOLOK, SUMATERA BARAT",52,16,138,154
https://kawalpemilu.org#13056,"KOTO BARU, KUBUNG, SOLOK, SUMATERA BARAT",53,8,141,149
https://kawalpemilu.org#13056,"KOTO BARU, KUBUNG, SOLOK, SUMATERA BARAT",54,19,113,132
https://kawalpemilu.org#13056,"KOTO BARU, KUBUNG, SOLOK, SUMATERA BARAT",55,13,141,154
https://kawalpemilu.org#13056,"KOTO BARU, KUBUNG, SOLOK, SUMATERA BARAT",56,25,158,183
https://kawalpemilu.org#13056,"KOTO BARU, KUBUNG, SOLOK, SUMATERA BARAT",57,16,199,215
https://kawalpemilu.org#13056,"KOTO BARU, KUBUNG, SOLOK, SUMATERA BARAT",58,11,109,120
https://kawalpemilu.org#13056,"KOTO BARU, KUBUNG, SOLOK, SUMATERA BARAT",59,10,59,69
https://kawalpemilu.org#13056,"KOTO BARU, KUBUNG, SOLOK, SUMATERA BARAT",60,10,170,180
https://kawalpemilu.org#13056,"KOTO BARU, KUBUNG, SOLOK, SUMATERA BARAT",61,12,110,122
https://kawalpemilu.org#13056,"KOTO BARU, KUBUNG, SOLOK, SUMATERA BARAT",62,20,106,126
https://kawalpemilu.org#13056,"KOTO BARU, KUBUNG, SOLOK, SUMATERA BARAT",63,14,138,152
https://kawalpemilu.org#13056,"KOTO BARU, KUBUNG, SOLOK, SUMATERA BARAT",64,5,142,147
https://kawalpemilu.org#13056,"KOTO BARU, KUBUNG, SOLOK, SUMATERA BARAT",65,17,172,189
https://kawalpemilu.org#13056,"KOTO BARU, KUBUNG, SOLOK, SUMATERA BARAT",66,22,188,210
https://kawalpemilu.org#13056,"KOTO BARU, KUBUNG, SOLOK, SUMATERA BARAT",67,12,172,184
https://kawalpemilu.org#13056,"KOTO BARU, KUBUNG, SOLOK, SUMATERA BARAT",68,15,119,134
https://kawalpemilu.org#13056,"KOTO BARU, KUBUNG, SOLOK, SUMATERA BARAT",69,27,173,200
https://kawalpemilu.org#13056,"KOTO BARU, KUBUNG, SOLOK, SUMATERA BARAT",70,19,115,134
https://kawalpemilu.org#13056,"KOTO BARU, KUBUNG, SOLOK, SUMATERA BARAT",71,8,122,130
https://kawalpemilu.org#13056,"KOTO BARU, KUBUNG, SOLOK, SUMATERA BARAT",72,9,149,158
https://kawalpemilu.org#13056,"KOTO BARU, KUBUNG, SOLOK, SUMATERA BARAT",73,8,152,160
https://kawalpemilu.org#13056,"KOTO BARU, KUBUNG, SOLOK, SUMATERA BARAT",74,14,168,182
https://kawalpemilu.org#13057,"SELAYO, KUBUNG, SOLOK, SUMATERA BARAT",1,13,151,164
https://kawalpemilu.org#13057,"SELAYO, KUBUNG, SOLOK, SUMATERA BARAT",2,11,157,168
https://kawalpemilu.org#13057,"SELAYO, KUBUNG, SOLOK, SUMATERA BARAT",3,29,203,232
https://kawalpemilu.org#13057,"SELAYO, KUBUNG, SOLOK, SUMATERA BARAT",4,10,133,143
https://kawalpemilu.org#13057,"SELAYO, KUBUNG, SOLOK, SUMATERA BARAT",5,40,164,204
https://kawalpemilu.org#13057,"SELAYO, KUBUNG, SOLOK, SUMATERA BARAT",6,22,167,189
https://kawalpemilu.org#13057,"SELAYO, KUBUNG, SOLOK, SUMATERA BARAT",7,39,112,151
https://kawalpemilu.org#13057,"SELAYO, KUBUNG, SOLOK, SUMATERA BARAT",8,13,98,111
https://kawalpemilu.org#13057,"SELAYO, KUBUNG, SOLOK, SUMATERA BARAT",9,12,159,171
https://kawalpemilu.org#13057,"SELAYO, KUBUNG, SOLOK, SUMATERA BARAT",10,9,90,99
https://kawalpemilu.org#13057,"SELAYO, KUBUNG, SOLOK, SUMATERA BARAT",11,11,97,108
https://kawalpemilu.org#13057,"SELAYO, KUBUNG, SOLOK, SUMATERA BARAT",12,10,107,117
https://kawalpemilu.org#13057,"SELAYO, KUBUNG, SOLOK, SUMATERA BARAT",13,16,167,183
https://kawalpemilu.org#13057,"SELAYO, KUBUNG, SOLOK, SUMATERA BARAT",14,8,145,153
https://kawalpemilu.org#13057,"SELAYO, KUBUNG, SOLOK, SUMATERA BARAT",15,9,118,127
https://kawalpemilu.org#13057,"SELAYO, KUBUNG, SOLOK, SUMATERA BARAT",16,21,211,232
https://kawalpemilu.org#13057,"SELAYO, KUBUNG, SOLOK, SUMATERA BARAT",17,25,105,130
https://kawalpemilu.org#13057,"SELAYO, KUBUNG, SOLOK, SUMATERA BARAT",18,19,146,165
https://kawalpemilu.org#13057,"SELAYO, KUBUNG, SOLOK, SUMATERA BARAT",19,16,129,145
https://kawalpemilu.org#13057,"SELAYO, KUBUNG, SOLOK, SUMATERA BARAT",20,12,206,218
https://kawalpemilu.org#13057,"SELAYO, KUBUNG, SOLOK, SUMATERA BARAT",21,2,205,207
https://kawalpemilu.org#13057,"SELAYO, KUBUNG, SOLOK, SUMATERA BARAT",22,8,170,178
https://kawalpemilu.org#13057,"SELAYO, KUBUNG, SOLOK, SUMATERA BARAT",23,7,111,118
https://kawalpemilu.org#13057,"SELAYO, KUBUNG, SOLOK, SUMATERA BARAT",24,8,101,109
https://kawalpemilu.org#13057,"SELAYO, KUBUNG, SOLOK, SUMATERA BARAT",25,13,103,116
https://kawalpemilu.org#13057,"SELAYO, KUBUNG, SOLOK, SUMATERA BARAT",26,7,121,128
https://kawalpemilu.org#13057,"SELAYO, KUBUNG, SOLOK, SUMATERA BARAT",27,5,164,169
https://kawalpemilu.org#13057,"SELAYO, KUBUNG, SOLOK, SUMATERA BARAT",28,11,113,124
https://kawalpemilu.org#13057,"SELAYO, KUBUNG, SOLOK, SUMATERA BARAT",29,8,158,166
https://kawalpemilu.org#13057,"SELAYO, KUBUNG, SOLOK, SUMATERA BARAT",30,4,157,161
https://kawalpemilu.org#13057,"SELAYO, KUBUNG, SOLOK, SUMATERA BARAT",31,4,96,100
https://kawalpemilu.org#13057,"SELAYO, KUBUNG, SOLOK, SUMATERA BARAT",32,26,175,201
https://kawalpemilu.org#13057,"SELAYO, KUBUNG, SOLOK, SUMATERA BARAT",33,16,163,179
https://kawalpemilu.org#13057,"SELAYO, KUBUNG, SOLOK, SUMATERA BARAT",34,12,171,183
https://kawalpemilu.org#13057,"SELAYO, KUBUNG, SOLOK, SUMATERA BARAT",35,12,155,167
https://kawalpemilu.org#13057,"SELAYO, KUBUNG, SOLOK, SUMATERA BARAT",36,18,112,130
https://kawalpemilu.org#13057,"SELAYO, KUBUNG, SOLOK, SUMATERA BARAT",37,6,147,153
https://kawalpemilu.org#13057,"SELAYO, KUBUNG, SOLOK, SUMATERA BARAT",38,2,159,161
https://kawalpemilu.org#13057,"SELAYO, KUBUNG, SOLOK, SUMATERA BARAT",39,7,126,133
https://kawalpemilu.org#13057,"SELAYO, KUBUNG, SOLOK, SUMATERA BARAT",40,12,91,103
https://kawalpemilu.org#13057,"SELAYO, KUBUNG, SOLOK, SUMATERA BARAT",41,10,123,133
https://kawalpemilu.org#13057,"SELAYO, KUBUNG, SOLOK, SUMATERA BARAT",42,2,176,178
https://kawalpemilu.org#13057,"SELAYO, KUBUNG, SOLOK, SUMATERA BARAT",43,15,134,149
https://kawalpemilu.org#13057,"SELAYO, KUBUNG, SOLOK, SUMATERA BARAT",44,7,92,99
https://kawalpemilu.org#13057,"SELAYO, KUBUNG, SOLOK, SUMATERA BARAT",45,10,183,193
https://kawalpemilu.org#13057,"SELAYO, KUBUNG, SOLOK, SUMATERA BARAT",46,7,174,181
https://kawalpemilu.org#13057,"SELAYO, KUBUNG, SOLOK, SUMATERA BARAT",47,9,116,125
https://kawalpemilu.org#13057,"SELAYO, KUBUNG, SOLOK, SUMATERA BARAT",48,17,143,160
https://kawalpemilu.org#13057,"SELAYO, KUBUNG, SOLOK, SUMATERA BARAT",49,6,79,85
https://kawalpemilu.org#13057,"SELAYO, KUBUNG, SOLOK, SUMATERA BARAT",50,9,144,153
https://kawalpemilu.org#13057,"SELAYO, KUBUNG, SOLOK, SUMATERA BARAT",51,6,99,105
https://kawalpemilu.org#13058,"PANYAKALAN, KUBUNG, SOLOK, SUMATERA BARAT",1,12,175,187
https://kawalpemilu.org#13058,"PANYAKALAN, KUBUNG, SOLOK, SUMATERA BARAT",2,12,159,171
https://kawalpemilu.org#13058,"PANYAKALAN, KUBUNG, SOLOK, SUMATERA BARAT",3,9,187,196
https://kawalpemilu.org#13058,"PANYAKALAN, KUBUNG, SOLOK, SUMATERA BARAT",4,7,214,221
https://kawalpemilu.org#13058,"PANYAKALAN, KUBUNG, SOLOK, SUMATERA BARAT",5,13,184,197
https://kawalpemilu.org#13058,"PANYAKALAN, KUBUNG, SOLOK, SUMATERA BARAT",6,15,179,194
https://kawalpemilu.org#13058,"PANYAKALAN, KUBUNG, SOLOK, SUMATERA BARAT",7,20,163,183
https://kawalpemilu.org#13058,"PANYAKALAN, KUBUNG, SOLOK, SUMATERA BARAT",8,34,168,202
https://kawalpemilu.org#13058,"PANYAKALAN, KUBUNG, SOLOK, SUMATERA BARAT",9,9,148,157
https://kawalpemilu.org#13058,"PANYAKALAN, KUBUNG, SOLOK, SUMATERA BARAT",10,13,150,163
https://kawalpemilu.org#13058,"PANYAKALAN, KUBUNG, SOLOK, SUMATERA BARAT",11,12,146,158
https://kawalpemilu.org#13058,"PANYAKALAN, KUBUNG, SOLOK, SUMATERA BARAT",12,17,151,168
https://kawalpemilu.org#13058,"PANYAKALAN, KUBUNG, SOLOK, SUMATERA BARAT",13,11,162,173
https://kawalpemilu.org#13058,"PANYAKALAN, KUBUNG, SOLOK, SUMATERA BARAT",14,21,150,171
https://kawalpemilu.org#13058,"PANYAKALAN, KUBUNG, SOLOK, SUMATERA BARAT",15,32,177,209
https://kawalpemilu.org#13059,"GAUNG, KUBUNG, SOLOK, SUMATERA BARAT",1,27,130,157
https://kawalpemilu.org#13059,"GAUNG, KUBUNG, SOLOK, SUMATERA BARAT",2,12,189,201
https://kawalpemilu.org#13059,"GAUNG, KUBUNG, SOLOK, SUMATERA BARAT",3,7,190,197
https://kawalpemilu.org#13059,"GAUNG, KUBUNG, SOLOK, SUMATERA BARAT",4,12,130,142
https://kawalpemilu.org#13059,"GAUNG, KUBUNG, SOLOK, SUMATERA BARAT",5,11,137,148
https://kawalpemilu.org#13059,"GAUNG, KUBUNG, SOLOK, SUMATERA BARAT",6,21,160,181
https://kawalpemilu.org#13060,"GANTUANG CIRI, KUBUNG, SOLOK, SUMATERA BARAT",1,7,226,233
https://kawalpemilu.org#13060,"GANTUANG CIRI, KUBUNG, SOLOK, SUMATERA BARAT",2,11,157,168
https://kawalpemilu.org#13060,"GANTUANG CIRI, KUBUNG, SOLOK, SUMATERA BARAT",3,29,203,232
https://kawalpemilu.org#13060,"GANTUANG CIRI, KUBUNG, SOLOK, SUMATERA BARAT",4,10,133,143
https://kawalpemilu.org#13060,"GANTUANG CIRI, KUBUNG, SOLOK, SUMATERA BARAT",5,40,164,204
https://kawalpemilu.org#13060,"GANTUANG CIRI, KUBUNG, SOLOK, SUMATERA BARAT",6,21,142,163
https://kawalpemilu.org#13060,"GANTUANG CIRI, KUBUNG, SOLOK, SUMATERA BARAT",7,17,111,128
https://kawalpemilu.org#13060,"GANTUANG CIRI, KUBUNG, SOLOK, SUMATERA BARAT",8,11,149,160
https://kawalpemilu.org#13060,"GANTUANG CIRI, KUBUNG, SOLOK, SUMATERA BARAT",9,16,159,175
https://kawalpemilu.org#13060,"GANTUANG CIRI, KUBUNG, SOLOK, SUMATERA BARAT",10,20,166,186
https://kawalpemilu.org#13060,"GANTUANG CIRI, KUBUNG, SOLOK, SUMATERA BARAT",11,15,131,146
https://kawalpemilu.org#13060,"GANTUANG CIRI, KUBUNG, SOLOK, SUMATERA BARAT",12,10,107,117
https://kawalpemilu.org#13060,"GANTUANG CIRI, KUBUNG, SOLOK, SUMATERA BARAT",13,25,141,166
https://kawalpemilu.org#13060,"GANTUANG CIRI, KUBUNG, SOLOK, SUMATERA BARAT",14,16,169,185
https://kawalpemilu.org#13060,"GANTUANG CIRI, KUBUNG, SOLOK, SUMATERA BARAT",15,12,142,154
https://kawalpemilu.org#13060,"GANTUANG CIRI, KUBUNG, SOLOK, SUMATERA BARAT",16,5,135,140
https://kawalpemilu.org#13060,"GANTUANG CIRI, KUBUNG, SOLOK, SUMATERA BARAT",17,22,139,161
https://kawalpemilu.org#13061,"SAOK LAWEH, KUBUNG, SOLOK, SUMATERA BARAT",1,10,213,223
https://kawalpemilu.org#13061,"SAOK LAWEH, KUBUNG, SOLOK, SUMATERA BARAT",2,10,196,206
https://kawalpemilu.org#13061,"SAOK LAWEH, KUBUNG, SOLOK, SUMATERA BARAT",3,4,143,147
https://kawalpemilu.org#13061,"SAOK LAWEH, KUBUNG, SOLOK, SUMATERA BARAT",4,3,132,135
https://kawalpemilu.org#13061,"SAOK LAWEH, KUBUNG, SOLOK, SUMATERA BARAT",5,20,150,170
https://kawalpemilu.org#13061,"SAOK LAWEH, KUBUNG, SOLOK, SUMATERA BARAT",6,16,173,189
https://kawalpemilu.org#13061,"SAOK LAWEH, KUBUNG, SOLOK, SUMATERA BARAT",7,9,96,105
https://kawalpemilu.org#13061,"SAOK LAWEH, KUBUNG, SOLOK, SUMATERA BARAT",8,10,148,158
https://kawalpemilu.org#13061,"SAOK LAWEH, KUBUNG, SOLOK, SUMATERA BARAT",9,25,131,156
https://kawalpemilu.org#13061,"SAOK LAWEH, KUBUNG, SOLOK, SUMATERA BARAT",10,32,116,148
https://kawalpemilu.org#13061,"SAOK LAWEH, KUBUNG, SOLOK, SUMATERA BARAT",11,11,152,163
https://kawalpemilu.org#13061,"SAOK LAWEH, KUBUNG, SOLOK, SUMATERA BARAT",12,26,196,222
https://kawalpemilu.org#13061,"SAOK LAWEH, KUBUNG, SOLOK, SUMATERA BARAT",13,13,113,126
https://kawalpemilu.org#13061,"SAOK LAWEH, KUBUNG, SOLOK, SUMATERA BARAT",15,32,179,211
https://kawalpemilu.org#13061,"SAOK LAWEH, KUBUNG, SOLOK, SUMATERA BARAT",16,17,145,162
https://kawalpemilu.org#13061,"SAOK LAWEH, KUBUNG, SOLOK, SUMATERA BARAT",17,23,155,178
https://kawalpemilu.org#13061,"SAOK LAWEH, KUBUNG, SOLOK, SUMATERA BARAT",18,8,120,128
https://kawalpemilu.org#13062,"KOTO HILALANG, KUBUNG, SOLOK, SUMATERA BARAT",1,19,151,170
https://kawalpemilu.org#13062,"KOTO HILALANG, KUBUNG, SOLOK, SUMATERA BARAT",2,27,169,196
https://kawalpemilu.org#13062,"KOTO HILALANG, KUBUNG, SOLOK, SUMATERA BARAT",3,30,208,238
https://kawalpemilu.org#13062,"KOTO HILALANG, KUBUNG, SOLOK, SUMATERA BARAT",4,25,109,134
https://kawalpemilu.org#13062,"KOTO HILALANG, KUBUNG, SOLOK, SUMATERA BARAT",5,33,174,207
https://kawalpemilu.org#13062,"KOTO HILALANG, KUBUNG, SOLOK, SUMATERA BARAT",6,33,167,200
https://kawalpemilu.org#13062,"KOTO HILALANG, KUBUNG, SOLOK, SUMATERA BARAT",7,14,62,76
https://kawalpemilu.org#13062,"KOTO HILALANG, KUBUNG, SOLOK, SUMATERA BARAT",8,14,121,135
https://kawalpemilu.org#13062,"KOTO HILALANG, KUBUNG, SOLOK, SUMATERA BARAT",9,21,143,164
https://kawalpemilu.org#13062,"KOTO HILALANG, KUBUNG, SOLOK, SUMATERA BARAT",10,9,123,132
https://kawalpemilu.org#13062,"KOTO HILALANG, KUBUNG, SOLOK, SUMATERA BARAT",11,19,113,132
https://kawalpemilu.org#13063,"TANJUNG BINGKUNG, KUBUNG, SOLOK, SUMATERA BARAT",1,18,161,179
https://kawalpemilu.org#13063,"TANJUNG BINGKUNG, KUBUNG, SOLOK, SUMATERA BARAT",2,19,115,134
https://kawalpemilu.org#13063,"TANJUNG BINGKUNG, KUBUNG, SOLOK, SUMATERA BARAT",3,17,183,200
https://kawalpemilu.org#13063,"TANJUNG BINGKUNG, KUBUNG, SOLOK, SUMATERA BARAT",4,22,141,163
https://kawalpemilu.org#13063,"TANJUNG BINGKUNG, KUBUNG, SOLOK, SUMATERA BARAT",5,23,125,148
https://kawalpemilu.org#13063,"TANJUNG BINGKUNG, KUBUNG, SOLOK, SUMATERA BARAT",6,26,173,199
https://kawalpemilu.org#13063,"TANJUNG BINGKUNG, KUBUNG, SOLOK, SUMATERA BARAT",7,19,144,163
https://kawalpemilu.org#13063,"TANJUNG BINGKUNG, KUBUNG, SOLOK, SUMATERA BARAT",8,37,130,167
https://kawalpemilu.org#13063,"TANJUNG BINGKUNG, KUBUNG, SOLOK, SUMATERA BARAT",9,21,143,164
https://kawalpemilu.org#13063,"TANJUNG BINGKUNG, KUBUNG, SOLOK, SUMATERA BARAT",10,16,168,184
https://kawalpemilu.org#13063,"TANJUNG BINGKUNG, KUBUNG, SOLOK, SUMATERA BARAT",11,8,121,129
https://kawalpemilu.org#13063,"TANJUNG BINGKUNG, KUBUNG, SOLOK, SUMATERA BARAT",12,6,97,103
https://kawalpemilu.org#13065,"SUMANI, X KOTO SINGKARAK, SOLOK, SUMATERA BARAT",1,29,179,208
https://kawalpemilu.org#13065,"SUMANI, X KOTO SINGKARAK, SOLOK, SUMATERA BARAT",2,13,108,121
https://kawalpemilu.org#13065,"SUMANI, X KOTO SINGKARAK, SOLOK, SUMATERA BARAT",3,7,141,148
https://kawalpemilu.org#13065,"SUMANI, X KOTO SINGKARAK, SOLOK, SUMATERA BARAT",4,5,134,139
https://kawalpemilu.org#13065,"SUMANI, X KOTO SINGKARAK, SOLOK, SUMATERA BARAT",5,9,85,94
https://kawalpemilu.org#13065,"SUMANI, X KOTO SINGKARAK, SOLOK, SUMATERA BARAT",6,16,121,137
https://kawalpemilu.org#13065,"SUMANI, X KOTO SINGKARAK, SOLOK, SUMATERA BARAT",7,4,80,84
https://kawalpemilu.org#13065,"SUMANI, X KOTO SINGKARAK, SOLOK, SUMATERA BARAT",8,24,131,155
https://kawalpemilu.org#13065,"SUMANI, X KOTO SINGKARAK, SOLOK, SUMATERA BARAT",9,12,106,118
https://kawalpemilu.org#13065,"SUMANI, X KOTO SINGKARAK, SOLOK, SUMATERA BARAT",10,10,132,142
https://kawalpemilu.org#13065,"SUMANI, X KOTO SINGKARAK, SOLOK, SUMATERA BARAT",11,15,138,153
https://kawalpemilu.org#13065,"SUMANI, X KOTO SINGKARAK, SOLOK, SUMATERA BARAT",12,25,140,165
https://kawalpemilu.org#13065,"SUMANI, X KOTO SINGKARAK, SOLOK, SUMATERA BARAT",13,17,216,233
https://kawalpemilu.org#13065,"SUMANI, X KOTO SINGKARAK, SOLOK, SUMATERA BARAT",14,15,158,173
https://kawalpemilu.org#13065,"SUMANI, X KOTO SINGKARAK, SOLOK, SUMATERA BARAT",15,11,141,152
https://kawalpemilu.org#13065,"SUMANI, X KOTO SINGKARAK, SOLOK, SUMATERA BARAT",16,26,139,165
https://kawalpemilu.org#13065,"SUMANI, X KOTO SINGKARAK, SOLOK, SUMATERA BARAT",17,28,137,165
https://kawalpemilu.org#13065,"SUMANI, X KOTO SINGKARAK, SOLOK, SUMATERA BARAT",18,16,158,174
https://kawalpemilu.org#13065,"SUMANI, X KOTO SINGKARAK, SOLOK, SUMATERA BARAT",19,11,156,167
https://kawalpemilu.org#13065,"SUMANI, X KOTO SINGKARAK, SOLOK, SUMATERA BARAT",20,5,117,122
https://kawalpemilu.org#13065,"SUMANI, X KOTO SINGKARAK, SOLOK, SUMATERA BARAT",21,23,160,183
https://kawalpemilu.org#13065,"SUMANI, X KOTO SINGKARAK, SOLOK, SUMATERA BARAT",22,18,125,143
https://kawalpemilu.org#13066,"TIKALAK, X KOTO SINGKARAK, SOLOK, SUMATERA BARAT",1,18,119,137
https://kawalpemilu.org#13066,"TIKALAK, X KOTO SINGKARAK, SOLOK, SUMATERA BARAT",2,38,159,197
https://kawalpemilu.org#13066,"TIKALAK, X KOTO SINGKARAK, SOLOK, SUMATERA BARAT",3,37,164,201
https://kawalpemilu.org#13066,"TIKALAK, X KOTO SINGKARAK, SOLOK, SUMATERA BARAT",4,11,109,120
https://kawalpemilu.org#13066,"TIKALAK, X KOTO SINGKARAK, SOLOK, SUMATERA BARAT",5,12,132,144
https://kawalpemilu.org#13067,"KOTO SANI, X KOTO SINGKARAK, SOLOK, SUMATERA BARAT",1,16,159,175
https://kawalpemilu.org#13067,"KOTO SANI, X KOTO SINGKARAK, SOLOK, SUMATERA BARAT",2,7,110,117
https://kawalpemilu.org#13067,"KOTO SANI, X KOTO SINGKARAK, SOLOK, SUMATERA BARAT",3,12,140,152
https://kawalpemilu.org#13067,"KOTO SANI, X KOTO SINGKARAK, SOLOK, SUMATERA BARAT",4,6,126,132
https://kawalpemilu.org#13067,"KOTO SANI, X KOTO SINGKARAK, SOLOK, SUMATERA BARAT",5,8,145,153
https://kawalpemilu.org#13067,"KOTO SANI, X KOTO SINGKARAK, SOLOK, SUMATERA BARAT",6,9,124,133
https://kawalpemilu.org#13067,"KOTO SANI, X KOTO SINGKARAK, SOLOK, SUMATERA BARAT",7,10,129,139
https://kawalpemilu.org#13067,"KOTO SANI, X KOTO SINGKARAK, SOLOK, SUMATERA BARAT",8,14,126,140
https://kawalpemilu.org#13067,"KOTO SANI, X KOTO SINGKARAK, SOLOK, SUMATERA BARAT",9,10,206,216
https://kawalpemilu.org#13067,"KOTO SANI, X KOTO SINGKARAK, SOLOK, SUMATERA BARAT",10,9,150,159
https://kawalpemilu.org#13067,"KOTO SANI, X KOTO SINGKARAK, SOLOK, SUMATERA BARAT",11,2,141,143
https://kawalpemilu.org#13067,"KOTO SANI, X KOTO SINGKARAK, SOLOK, SUMATERA BARAT",12,18,217,235
https://kawalpemilu.org#13067,"KOTO SANI, X KOTO SINGKARAK, SOLOK, SUMATERA BARAT",13,4,148,152
https://kawalpemilu.org#13067,"KOTO SANI, X KOTO SINGKARAK, SOLOK, SUMATERA BARAT",14,8,147,155
https://kawalpemilu.org#13067,"KOTO SANI, X KOTO SINGKARAK, SOLOK, SUMATERA BARAT",15,6,191,197
https://kawalpemilu.org#13067,"KOTO SANI, X KOTO SINGKARAK, SOLOK, SUMATERA BARAT",16,8,66,74
https://kawalpemilu.org#13067,"KOTO SANI, X KOTO SINGKARAK, SOLOK, SUMATERA BARAT",17,15,104,119
https://kawalpemilu.org#13067,"KOTO SANI, X KOTO SINGKARAK, SOLOK, SUMATERA BARAT",18,8,107,115
https://kawalpemilu.org#13067,"KOTO SANI, X KOTO SINGKARAK, SOLOK, SUMATERA BARAT",19,14,172,186
https://kawalpemilu.org#13067,"KOTO SANI, X KOTO SINGKARAK, SOLOK, SUMATERA BARAT",20,24,169,193
https://kawalpemilu.org#13067,"KOTO SANI, X KOTO SINGKARAK, SOLOK, SUMATERA BARAT",21,5,94,99
https://kawalpemilu.org#13067,"KOTO SANI, X KOTO SINGKARAK, SOLOK, SUMATERA BARAT",22,10,168,178
https://kawalpemilu.org#13067,"KOTO SANI, X KOTO SINGKARAK, SOLOK, SUMATERA BARAT",23,6,100,106
https://kawalpemilu.org#13067,"KOTO SANI, X KOTO SINGKARAK, SOLOK, SUMATERA BARAT",24,13,135,148
https://kawalpemilu.org#13067,"KOTO SANI, X KOTO SINGKARAK, SOLOK, SUMATERA BARAT",25,8,102,110
https://kawalpemilu.org#13067,"KOTO SANI, X KOTO SINGKARAK, SOLOK, SUMATERA BARAT",26,6,132,138
https://kawalpemilu.org#13067,"KOTO SANI, X KOTO SINGKARAK, SOLOK, SUMATERA BARAT",27,2,113,115
https://kawalpemilu.org#13067,"KOTO SANI, X KOTO SINGKARAK, SOLOK, SUMATERA BARAT",28,5,115,120
https://kawalpemilu.org#13067,"KOTO SANI, X KOTO SINGKARAK, SOLOK, SUMATERA BARAT",29,17,128,145
https://kawalpemilu.org#13068,"SINGKARAK, X KOTO SINGKARAK, SOLOK, SUMATERA BARAT",1,21,183,204
https://kawalpemilu.org#13068,"SINGKARAK, X KOTO SINGKARAK, SOLOK, SUMATERA BARAT",2,15,165,180
https://kawalpemilu.org#13068,"SINGKARAK, X KOTO SINGKARAK, SOLOK, SUMATERA BARAT",3,11,223,234
https://kawalpemilu.org#13068,"SINGKARAK, X KOTO SINGKARAK, SOLOK, SUMATERA BARAT",4,23,140,163
https://kawalpemilu.org#13068,"SINGKARAK, X KOTO SINGKARAK, SOLOK, SUMATERA BARAT",5,21,110,131
https://kawalpemilu.org#13068,"SINGKARAK, X KOTO SINGKARAK, SOLOK, SUMATERA BARAT",6,10,77,87
https://kawalpemilu.org#13068,"SINGKARAK, X KOTO SINGKARAK, SOLOK, SUMATERA BARAT",7,8,142,150
https://kawalpemilu.org#13068,"SINGKARAK, X KOTO SINGKARAK, SOLOK, SUMATERA BARAT",8,24,133,157
https://kawalpemilu.org#13068,"SINGKARAK, X KOTO SINGKARAK, SOLOK, SUMATERA BARAT",9,7,118,125
https://kawalpemilu.org#13068,"SINGKARAK, X KOTO SINGKARAK, SOLOK, SUMATERA BARAT",10,15,136,151
https://kawalpemilu.org#13068,"SINGKARAK, X KOTO SINGKARAK, SOLOK, SUMATERA BARAT",11,13,219,232
https://kawalpemilu.org#13068,"SINGKARAK, X KOTO SINGKARAK, SOLOK, SUMATERA BARAT",12,22,151,173
https://kawalpemilu.org#13068,"SINGKARAK, X KOTO SINGKARAK, SOLOK, SUMATERA BARAT",13,34,168,202
https://kawalpemilu.org#13068,"SINGKARAK, X KOTO SINGKARAK, SOLOK, SUMATERA BARAT",14,16,119,135
https://kawalpemilu.org#13068,"SINGKARAK, X KOTO SINGKARAK, SOLOK, SUMATERA BARAT",15,10,126,136
https://kawalpemilu.org#13069,"ARIPAN, X KOTO SINGKARAK, SOLOK, SUMATERA BARAT",1,10,98,108
https://kawalpemilu.org#13069,"ARIPAN, X KOTO SINGKARAK, SOLOK, SUMATERA BARAT",2,14,160,174
https://kawalpemilu.org#13069,"ARIPAN, X KOTO SINGKARAK, SOLOK, SUMATERA BARAT",3,24,198,222
https://kawalpemilu.org#13069,"ARIPAN, X KOTO SINGKARAK, SOLOK, SUMATERA BARAT",4,17,175,192
https://kawalpemilu.org#13069,"ARIPAN, X KOTO SINGKARAK, SOLOK, SUMATERA BARAT",5,20,186,206
https://kawalpemilu.org#13069,"ARIPAN, X KOTO SINGKARAK, SOLOK, SUMATERA BARAT",6,13,194,207
https://kawalpemilu.org#13069,"ARIPAN, X KOTO SINGKARAK, SOLOK, SUMATERA BARAT",7,14,188,202
https://kawalpemilu.org#13069,"ARIPAN, X KOTO SINGKARAK, SOLOK, SUMATERA BARAT",8,13,151,164
https://kawalpemilu.org#13069,"ARIPAN, X KOTO SINGKARAK, SOLOK, SUMATERA BARAT",9,10,219,229
https://kawalpemilu.org#13069,"ARIPAN, X KOTO SINGKARAK, SOLOK, SUMATERA BARAT",10,12,168,180
https://kawalpemilu.org#13069,"ARIPAN, X KOTO SINGKARAK, SOLOK, SUMATERA BARAT",11,22,180,202
https://kawalpemilu.org#13069,"ARIPAN, X KOTO SINGKARAK, SOLOK, SUMATERA BARAT",12,12,140,152
https://kawalpemilu.org#13069,"ARIPAN, X KOTO SINGKARAK, SOLOK, SUMATERA BARAT",13,5,118,123
https://kawalpemilu.org#13069,"ARIPAN, X KOTO SINGKARAK, SOLOK, SUMATERA BARAT",14,13,143,156
https://kawalpemilu.org#13069,"ARIPAN, X KOTO SINGKARAK, SOLOK, SUMATERA BARAT",15,21,149,170
https://kawalpemilu.org#13070,"KACANG, X KOTO SINGKARAK, SOLOK, SUMATERA BARAT",1,10,101,111
https://kawalpemilu.org#13070,"KACANG, X KOTO SINGKARAK, SOLOK, SUMATERA BARAT",2,12,120,132
https://kawalpemilu.org#13070,"KACANG, X KOTO SINGKARAK, SOLOK, SUMATERA BARAT",3,7,124,131
https://kawalpemilu.org#13070,"KACANG, X KOTO SINGKARAK, SOLOK, SUMATERA BARAT",4,9,70,79
https://kawalpemilu.org#13070,"KACANG, X KOTO SINGKARAK, SOLOK, SUMATERA BARAT",5,42,151,193
https://kawalpemilu.org#13070,"KACANG, X KOTO SINGKARAK, SOLOK, SUMATERA BARAT",6,8,78,86
https://kawalpemilu.org#13070,"KACANG, X KOTO SINGKARAK, SOLOK, SUMATERA BARAT",7,16,169,185
https://kawalpemilu.org#13070,"KACANG, X KOTO SINGKARAK, SOLOK, SUMATERA BARAT",8,27,128,155
https://kawalpemilu.org#13070,"KACANG, X KOTO SINGKARAK, SOLOK, SUMATERA BARAT",9,58,142,200
https://kawalpemilu.org#13070,"KACANG, X KOTO SINGKARAK, SOLOK, SUMATERA BARAT",10,20,97,117
https://kawalpemilu.org#13070,"KACANG, X KOTO SINGKARAK, SOLOK, SUMATERA BARAT",11,17,88,105
https://kawalpemilu.org#13070,"KACANG, X KOTO SINGKARAK, SOLOK, SUMATERA BARAT",12,15,85,100
https://kawalpemilu.org#13071,"TANJUNG ALAI, X KOTO SINGKARAK, SOLOK, SUMATERA BARAT",1,19,112,131
https://kawalpemilu.org#13071,"TANJUNG ALAI, X KOTO SINGKARAK, SOLOK, SUMATERA BARAT",2,14,103,117
https://kawalpemilu.org#13071,"TANJUNG ALAI, X KOTO SINGKARAK, SOLOK, SUMATERA BARAT",3,29,130,159
https://kawalpemilu.org#13071,"TANJUNG ALAI, X KOTO SINGKARAK, SOLOK, SUMATERA BARAT",4,16,146,162
https://kawalpemilu.org#13071,"TANJUNG ALAI, X KOTO SINGKARAK, SOLOK, SUMATERA BARAT",5,4,174,178
https://kawalpemilu.org#13071,"TANJUNG ALAI, X KOTO SINGKARAK, SOLOK, SUMATERA BARAT",6,23,84,107
https://kawalpemilu.org#13072,"SANIANGBAKA, X KOTO SINGKARAK, SOLOK, SUMATERA BARAT",1,15,143,158
https://kawalpemilu.org#13072,"SANIANGBAKA, X KOTO SINGKARAK, SOLOK, SUMATERA BARAT",2,15,149,164
https://kawalpemilu.org#13072,"SANIANGBAKA, X KOTO SINGKARAK, SOLOK, SUMATERA BARAT",3,19,173,192
https://kawalpemilu.org#13072,"SANIANGBAKA, X KOTO SINGKARAK, SOLOK, SUMATERA BARAT",4,13,165,178
https://kawalpemilu.org#13072,"SANIANGBAKA, X KOTO SINGKARAK, SOLOK, SUMATERA BARAT",5,12,153,165
https://kawalpemilu.org#13072,"SANIANGBAKA, X KOTO SINGKARAK, SOLOK, SUMATERA BARAT",6,8,119,127
https://kawalpemilu.org#13072,"SANIANGBAKA, X KOTO SINGKARAK, SOLOK, SUMATERA BARAT",7,12,135,147
https://kawalpemilu.org#13072,"SANIANGBAKA, X KOTO SINGKARAK, SOLOK, SUMATERA BARAT",8,9,139,148
https://kawalpemilu.org#13072,"SANIANGBAKA, X KOTO SINGKARAK, SOLOK, SUMATERA BARAT",9,7,150,157
https://kawalpemilu.org#13072,"SANIANGBAKA, X KOTO SINGKARAK, SOLOK, SUMATERA BARAT",10,16,124,140
https://kawalpemilu.org#13072,"SANIANGBAKA, X KOTO SINGKARAK, SOLOK, SUMATERA BARAT",11,12,129,141
https://kawalpemilu.org#13072,"SANIANGBAKA, X KOTO SINGKARAK, SOLOK, SUMATERA BARAT",12,5,118,123
https://kawalpemilu.org#13072,"SANIANGBAKA, X KOTO SINGKARAK, SOLOK, SUMATERA BARAT",13,12,174,186
https://kawalpemilu.org#13072,"SANIANGBAKA, X KOTO SINGKARAK, SOLOK, SUMATERA BARAT",14,3,121,124
https://kawalpemilu.org#13072,"SANIANGBAKA, X KOTO SINGKARAK, SOLOK, SUMATERA BARAT",15,10,86,96
https://kawalpemilu.org#13072,"SANIANGBAKA, X KOTO SINGKARAK, SOLOK, SUMATERA BARAT",16,21,122,143
https://kawalpemilu.org#13072,"SANIANGBAKA, X KOTO SINGKARAK, SOLOK, SUMATERA BARAT",17,4,119,123
https://kawalpemilu.org#13074,"SULIT AIR, X KOTO DIATAS, SOLOK, SUMATERA BARAT",1,21,76,97
https://kawalpemilu.org#13074,"SULIT AIR, X KOTO DIATAS, SOLOK, SUMATERA BARAT",2,24,127,151
https://kawalpemilu.org#13074,"SULIT AIR, X KOTO DIATAS, SOLOK, SUMATERA BARAT",3,8,156,164
https://kawalpemilu.org#13074,"SULIT AIR, X KOTO DIATAS, SOLOK, SUMATERA BARAT",4,12,157,169
https://kawalpemilu.org#13074,"SULIT AIR, X KOTO DIATAS, SOLOK, SUMATERA BARAT",5,11,133,144
https://kawalpemilu.org#13074,"SULIT AIR, X KOTO DIATAS, SOLOK, SUMATERA BARAT",6,14,162,176
https://kawalpemilu.org#13074,"SULIT AIR, X KOTO DIATAS, SOLOK, SUMATERA BARAT",7,18,127,145
https://kawalpemilu.org#13074,"SULIT AIR, X KOTO DIATAS, SOLOK, SUMATERA BARAT",8,4,104,108
https://kawalpemilu.org#13074,"SULIT AIR, X KOTO DIATAS, SOLOK, SUMATERA BARAT",9,16,150,166
https://kawalpemilu.org#13074,"SULIT AIR, X KOTO DIATAS, SOLOK, SUMATERA BARAT",10,14,122,136
https://kawalpemilu.org#13074,"SULIT AIR, X KOTO DIATAS, SOLOK, SUMATERA BARAT",11,20,86,106
https://kawalpemilu.org#13074,"SULIT AIR, X KOTO DIATAS, SOLOK, SUMATERA BARAT",12,22,58,80
https://kawalpemilu.org#13074,"SULIT AIR, X KOTO DIATAS, SOLOK, SUMATERA BARAT",13,15,83,98
https://kawalpemilu.org#13074,"SULIT AIR, X KOTO DIATAS, SOLOK, SUMATERA BARAT",14,11,116,127
https://kawalpemilu.org#13074,"SULIT AIR, X KOTO DIATAS, SOLOK, SUMATERA BARAT",15,9,126,141
https://kawalpemilu.org#13074,"SULIT AIR, X KOTO DIATAS, SOLOK, SUMATERA BARAT",16,18,101,119
https://kawalpemilu.org#13074,"SULIT AIR, X KOTO DIATAS, SOLOK, SUMATERA BARAT",17,18,118,136
https://kawalpemilu.org#13074,"SULIT AIR, X KOTO DIATAS, SOLOK, SUMATERA BARAT",18,12,102,114
https://kawalpemilu.org#13074,"SULIT AIR, X KOTO DIATAS, SOLOK, SUMATERA BARAT",20,16,72,88
https://kawalpemilu.org#13074,"SULIT AIR, X KOTO DIATAS, SOLOK, SUMATERA BARAT",21,23,104,127
https://kawalpemilu.org#13074,"SULIT AIR, X KOTO DIATAS, SOLOK, SUMATERA BARAT",22,43,87,130
https://kawalpemilu.org#13074,"SULIT AIR, X KOTO DIATAS, SOLOK, SUMATERA BARAT",23,16,83,99
https://kawalpemilu.org#13074,"SULIT AIR, X KOTO DIATAS, SOLOK, SUMATERA BARAT",24,30,172,202
https://kawalpemilu.org#13074,"SULIT AIR, X KOTO DIATAS, SOLOK, SUMATERA BARAT",25,25,153,178
https://kawalpemilu.org#13074,"SULIT AIR, X KOTO DIATAS, SOLOK, SUMATERA BARAT",26,18,155,173
https://kawalpemilu.org#13074,"SULIT AIR, X KOTO DIATAS, SOLOK, SUMATERA BARAT",27,15,80,95
https://kawalpemilu.org#13075,"TANJUNG BALIK, X KOTO DIATAS, SOLOK, SUMATERA BARAT",1,5,174,179
https://kawalpemilu.org#13075,"TANJUNG BALIK, X KOTO DIATAS, SOLOK, SUMATERA BARAT",2,6,121,127
https://kawalpemilu.org#13075,"TANJUNG BALIK, X KOTO DIATAS, SOLOK, SUMATERA BARAT",3,7,114,121
https://kawalpemilu.org#13075,"TANJUNG BALIK, X KOTO DIATAS, SOLOK, SUMATERA BARAT",4,6,96,102
https://kawalpemilu.org#13075,"TANJUNG BALIK, X KOTO DIATAS, SOLOK, SUMATERA BARAT",8,14,88,102
https://kawalpemilu.org#13075,"TANJUNG BALIK, X KOTO DIATAS, SOLOK, SUMATERA BARAT",9,6,99,105
https://kawalpemilu.org#13075,"TANJUNG BALIK, X KOTO DIATAS, SOLOK, SUMATERA BARAT",10,11,175,186
https://kawalpemilu.org#13076,"PANINJAUAN, X KOTO DIATAS, SOLOK, SUMATERA BARAT",1,13,118,131
https://kawalpemilu.org#13076,"PANINJAUAN, X KOTO DIATAS, SOLOK, SUMATERA BARAT",2,21,163,184
https://kawalpemilu.org#13076,"PANINJAUAN, X KOTO DIATAS, SOLOK, SUMATERA BARAT",3,21,152,173
https://kawalpemilu.org#13076,"PANINJAUAN, X KOTO DIATAS, SOLOK, SUMATERA BARAT",4,18,136,154
https://kawalpemilu.org#13076,"PANINJAUAN, X KOTO DIATAS, SOLOK, SUMATERA BARAT",5,17,147,164
https://kawalpemilu.org#13076,"PANINJAUAN, X KOTO DIATAS, SOLOK, SUMATERA BARAT",6,17,157,174
https://kawalpemilu.org#13076,"PANINJAUAN, X KOTO DIATAS, SOLOK, SUMATERA BARAT",7,17,138,155
https://kawalpemilu.org#13077,"KUNCIR, X KOTO DIATAS, SOLOK, SUMATERA BARAT",1,16,155,171
https://kawalpemilu.org#13077,"KUNCIR, X KOTO DIATAS, SOLOK, SUMATERA BARAT",2,16,198,214
https://kawalpemilu.org#13077,"KUNCIR, X KOTO DIATAS, SOLOK, SUMATERA BARAT",3,7,114,121
https://kawalpemilu.org#13078,"KATIALO, X KOTO DIATAS, SOLOK, SUMATERA BARAT",1,11,133,144
https://kawalpemilu.org#13078,"KATIALO, X KOTO DIATAS, SOLOK, SUMATERA BARAT",2,18,167,185
https://kawalpemilu.org#13078,"KATIALO, X KOTO DIATAS, SOLOK, SUMATERA BARAT",3,10,174,184
https://kawalpemilu.org#13079,"PASILIHAN, X KOTO DIATAS, SOLOK, SUMATERA BARAT",2,38,98,136
https://kawalpemilu.org#13080,"BUKIT KANDUANG, X KOTO DIATAS, SOLOK, SUMATERA BARAT",1,11,100,111
https://kawalpemilu.org#13080,"BUKIT KANDUANG, X KOTO DIATAS, SOLOK, SUMATERA BARAT",2,11,118,129
https://kawalpemilu.org#13080,"BUKIT KANDUANG, X KOTO DIATAS, SOLOK, SUMATERA BARAT",3,15,98,113
https://kawalpemilu.org#13080,"BUKIT KANDUANG, X KOTO DIATAS, SOLOK, SUMATERA BARAT",4,7,121,128
https://kawalpemilu.org#13080,"BUKIT KANDUANG, X KOTO DIATAS, SOLOK, SUMATERA BARAT",5,1,110,111
https://kawalpemilu.org#13080,"BUKIT KANDUANG, X KOTO DIATAS, SOLOK, SUMATERA BARAT",6,1,110,111
https://kawalpemilu.org#13080,"BUKIT KANDUANG, X KOTO DIATAS, SOLOK, SUMATERA BARAT",7,12,103,115
https://kawalpemilu.org#13080,"BUKIT KANDUANG, X KOTO DIATAS, SOLOK, SUMATERA BARAT",8,3,81,84
https://kawalpemilu.org#13080,"BUKIT KANDUANG, X KOTO DIATAS, SOLOK, SUMATERA BARAT",9,25,113,138
https://kawalpemilu.org#13081,"SIBARAMBANG, X KOTO DIATAS, SOLOK, SUMATERA BARAT",2,8,126,134
https://kawalpemilu.org#13081,"SIBARAMBANG, X KOTO DIATAS, SOLOK, SUMATERA BARAT",3,10,199,209
https://kawalpemilu.org#13081,"SIBARAMBANG, X KOTO DIATAS, SOLOK, SUMATERA BARAT",4,21,40,61
https://kawalpemilu.org#13081,"SIBARAMBANG, X KOTO DIATAS, SOLOK, SUMATERA BARAT",5,21,87,108
https://kawalpemilu.org#13081,"SIBARAMBANG, X KOTO DIATAS, SOLOK, SUMATERA BARAT",6,9,113,122
https://kawalpemilu.org#13081,"SIBARAMBANG, X KOTO DIATAS, SOLOK, SUMATERA BARAT",7,8,142,150
https://kawalpemilu.org#13081,"SIBARAMBANG, X KOTO DIATAS, SOLOK, SUMATERA BARAT",8,26,148,174
https://kawalpemilu.org#13081,"SIBARAMBANG, X KOTO DIATAS, SOLOK, SUMATERA BARAT",9,10,88,98
https://kawalpemilu.org#13082,"LABUH PANJANG, X KOTO DIATAS, SOLOK, SUMATERA BARAT",1,31,153,184
https://kawalpemilu.org#13082,"LABUH PANJANG, X KOTO DIATAS, SOLOK, SUMATERA BARAT",2,18,150,168
https://kawalpemilu.org#13084,"PANINGGAHAN, JUNJUNG SIRI, SOLOK, SUMATERA BARAT",1,6,145,151
https://kawalpemilu.org#13084,"PANINGGAHAN, JUNJUNG SIRI, SOLOK, SUMATERA BARAT",2,16,217,233
https://kawalpemilu.org#13084,"PANINGGAHAN, JUNJUNG SIRI, SOLOK, SUMATERA BARAT",3,0,131,131
https://kawalpemilu.org#13084,"PANINGGAHAN, JUNJUNG SIRI, SOLOK, SUMATERA BARAT",4,6,138,144
https://kawalpemilu.org#13084,"PANINGGAHAN, JUNJUNG SIRI, SOLOK, SUMATERA BARAT",5,1,110,111
https://kawalpemilu.org#13084,"PANINGGAHAN, JUNJUNG SIRI, SOLOK, SUMATERA BARAT",6,16,117,133
https://kawalpemilu.org#13084,"PANINGGAHAN, JUNJUNG SIRI, SOLOK, SUMATERA BARAT",7,13,150,163
https://kawalpemilu.org#13084,"PANINGGAHAN, JUNJUNG SIRI, SOLOK, SUMATERA BARAT",8,8,139,147
https://kawalpemilu.org#13084,"PANINGGAHAN, JUNJUNG SIRI, SOLOK, SUMATERA BARAT",9,8,134,142
https://kawalpemilu.org#13084,"PANINGGAHAN, JUNJUNG SIRI, SOLOK, SUMATERA BARAT",10,5,110,115
https://kawalpemilu.org#13084,"PANINGGAHAN, JUNJUNG SIRI, SOLOK, SUMATERA BARAT",11,7,148,155
https://kawalpemilu.org#13084,"PANINGGAHAN, JUNJUNG SIRI, SOLOK, SUMATERA BARAT",12,14,141,155
https://kawalpemilu.org#13084,"PANINGGAHAN, JUNJUNG SIRI, SOLOK, SUMATERA BARAT",13,8,93,101
https://kawalpemilu.org#13084,"PANINGGAHAN, JUNJUNG SIRI, SOLOK, SUMATERA BARAT",14,13,165,178
https://kawalpemilu.org#13084,"PANINGGAHAN, JUNJUNG SIRI, SOLOK, SUMATERA BARAT",15,15,88,103
https://kawalpemilu.org#13084,"PANINGGAHAN, JUNJUNG SIRI, SOLOK, SUMATERA BARAT",16,3,102,105
https://kawalpemilu.org#13084,"PANINGGAHAN, JUNJUNG SIRI, SOLOK, SUMATERA BARAT",17,9,169,178
https://kawalpemilu.org#13084,"PANINGGAHAN, JUNJUNG SIRI, SOLOK, SUMATERA BARAT",18,10,174,184
https://kawalpemilu.org#13084,"PANINGGAHAN, JUNJUNG SIRI, SOLOK, SUMATERA BARAT",19,8,151,159
https://kawalpemilu.org#13084,"PANINGGAHAN, JUNJUNG SIRI, SOLOK, SUMATERA BARAT",20,4,158,162
https://kawalpemilu.org#13084,"PANINGGAHAN, JUNJUNG SIRI, SOLOK, SUMATERA BARAT",21,7,132,139
https://kawalpemilu.org#13084,"PANINGGAHAN, JUNJUNG SIRI, SOLOK, SUMATERA BARAT",22,6,101,107
https://kawalpemilu.org#13084,"PANINGGAHAN, JUNJUNG SIRI, SOLOK, SUMATERA BARAT",23,7,41,148
https://kawalpemilu.org#13084,"PANINGGAHAN, JUNJUNG SIRI, SOLOK, SUMATERA BARAT",24,4,128,132
https://kawalpemilu.org#13084,"PANINGGAHAN, JUNJUNG SIRI, SOLOK, SUMATERA BARAT",25,5,153,158
https://kawalpemilu.org#13084,"PANINGGAHAN, JUNJUNG SIRI, SOLOK, SUMATERA BARAT",26,2,146,148
https://kawalpemilu.org#13084,"PANINGGAHAN, JUNJUNG SIRI, SOLOK, SUMATERA BARAT",27,9,92,101
https://kawalpemilu.org#13084,"PANINGGAHAN, JUNJUNG SIRI, SOLOK, SUMATERA BARAT",28,2,90,92
https://kawalpemilu.org#13084,"PANINGGAHAN, JUNJUNG SIRI, SOLOK, SUMATERA BARAT",29,2,86,88
https://kawalpemilu.org#13084,"PANINGGAHAN, JUNJUNG SIRI, SOLOK, SUMATERA BARAT",30,5,137,142
https://kawalpemilu.org#13084,"PANINGGAHAN, JUNJUNG SIRI, SOLOK, SUMATERA BARAT",31,7,86,93
https://kawalpemilu.org#13084,"PANINGGAHAN, JUNJUNG SIRI, SOLOK, SUMATERA BARAT",32,8,113,121
https://kawalpemilu.org#13084,"PANINGGAHAN, JUNJUNG SIRI, SOLOK, SUMATERA BARAT",33,9,75,84
https://kawalpemilu.org#13084,"PANINGGAHAN, JUNJUNG SIRI, SOLOK, SUMATERA BARAT",34,2,107,109
https://kawalpemilu.org#13084,"PANINGGAHAN, JUNJUNG SIRI, SOLOK, SUMATERA BARAT",35,8,125,133
https://kawalpemilu.org#13084,"PANINGGAHAN, JUNJUNG SIRI, SOLOK, SUMATERA BARAT",36,7,122,129
https://kawalpemilu.org#13084,"PANINGGAHAN, JUNJUNG SIRI, SOLOK, SUMATERA BARAT",37,11,128,139
https://kawalpemilu.org#13085,"MUARO PINGAI, JUNJUNG SIRI, SOLOK, SUMATERA BARAT",1,13,160,173
https://kawalpemilu.org#13085,"MUARO PINGAI, JUNJUNG SIRI, SOLOK, SUMATERA BARAT",2,23,129,152
https://kawalpemilu.org#13085,"MUARO PINGAI, JUNJUNG SIRI, SOLOK, SUMATERA BARAT",3,13,146,159
https://kawalpemilu.org#13085,"MUARO PINGAI, JUNJUNG SIRI, SOLOK, SUMATERA BARAT",4,16,133,149
https://kawalpemilu.org#13085,"MUARO PINGAI, JUNJUNG SIRI, SOLOK, SUMATERA BARAT",5,7,93,100
https://kawalpemilu.org#13085,"MUARO PINGAI, JUNJUNG SIRI, SOLOK, SUMATERA BARAT",6,14,118,132
https://kawalpemilu.org#13085,"MUARO PINGAI, JUNJUNG SIRI, SOLOK, SUMATERA BARAT",7,6,151,157
https://kawalpemilu.org#13085,"MUARO PINGAI, JUNJUNG SIRI, SOLOK, SUMATERA BARAT",8,2,93,95
https://kawalpemilu.org#13087,"TALANG BABUNGO, HILIRAN GUMANTI, SOLOK, SUMATERA BARAT",2,13,86,99
https://kawalpemilu.org#13087,"TALANG BABUNGO, HILIRAN GUMANTI, SOLOK, SUMATERA BARAT",3,14,225,239
https://kawalpemilu.org#13087,"TALANG BABUNGO, HILIRAN GUMANTI, SOLOK, SUMATERA BARAT",4,12,177,189
https://kawalpemilu.org#13087,"TALANG BABUNGO, HILIRAN GUMANTI, SOLOK, SUMATERA BARAT",5,5,140,145
https://kawalpemilu.org#13087,"TALANG BABUNGO, HILIRAN GUMANTI, SOLOK, SUMATERA BARAT",6,7,201,208
https://kawalpemilu.org#13087,"TALANG BABUNGO, HILIRAN GUMANTI, SOLOK, SUMATERA BARAT",7,12,185,197
https://kawalpemilu.org#13087,"TALANG BABUNGO, HILIRAN GUMANTI, SOLOK, SUMATERA BARAT",9,3,154,157
https://kawalpemilu.org#13087,"TALANG BABUNGO, HILIRAN GUMANTI, SOLOK, SUMATERA BARAT",11,21,150,171
https://kawalpemilu.org#13087,"TALANG BABUNGO, HILIRAN GUMANTI, SOLOK, SUMATERA BARAT",12,9,199,208
https://kawalpemilu.org#13087,"TALANG BABUNGO, HILIRAN GUMANTI, SOLOK, SUMATERA BARAT",13,22,207,229
https://kawalpemilu.org#13087,"TALANG BABUNGO, HILIRAN GUMANTI, SOLOK, SUMATERA BARAT",14,4,121,125
https://kawalpemilu.org#13087,"TALANG BABUNGO, HILIRAN GUMANTI, SOLOK, SUMATERA BARAT",15,36,122,158
https://kawalpemilu.org#13087,"TALANG BABUNGO, HILIRAN GUMANTI, SOLOK, SUMATERA BARAT",16,28,234,262
https://kawalpemilu.org#13087,"TALANG BABUNGO, HILIRAN GUMANTI, SOLOK, SUMATERA BARAT",18,5,226,231
https://kawalpemilu.org#13087,"TALANG BABUNGO, HILIRAN GUMANTI, SOLOK, SUMATERA BARAT",19,14,240,254
https://kawalpemilu.org#13087,"TALANG BABUNGO, HILIRAN GUMANTI, SOLOK, SUMATERA BARAT",20,12,168,180
https://kawalpemilu.org#13087,"TALANG BABUNGO, HILIRAN GUMANTI, SOLOK, SUMATERA BARAT",21,22,225,247
https://kawalpemilu.org#13087,"TALANG BABUNGO, HILIRAN GUMANTI, SOLOK, SUMATERA BARAT",22,5,228,233
https://kawalpemilu.org#13087,"TALANG BABUNGO, HILIRAN GUMANTI, SOLOK, SUMATERA BARAT",23,13,116,129
https://kawalpemilu.org#13087,"TALANG BABUNGO, HILIRAN GUMANTI, SOLOK, SUMATERA BARAT",24,13,151,164
https://kawalpemilu.org#13087,"TALANG BABUNGO, HILIRAN GUMANTI, SOLOK, SUMATERA BARAT",25,7,123,130
https://kawalpemilu.org#13087,"TALANG BABUNGO, HILIRAN GUMANTI, SOLOK, SUMATERA BARAT",26,3,138,141
https://kawalpemilu.org#13087,"TALANG BABUNGO, HILIRAN GUMANTI, SOLOK, SUMATERA BARAT",27,14,131,145
https://kawalpemilu.org#13087,"TALANG BABUNGO, HILIRAN GUMANTI, SOLOK, SUMATERA BARAT",28,7,139,146
https://kawalpemilu.org#13088,"SARIAK ALAHAN TIGO, HILIRAN GUMANTI, SOLOK, SUMATERA BARAT",1,10,157,167
https://kawalpemilu.org#13088,"SARIAK ALAHAN TIGO, HILIRAN GUMANTI, SOLOK, SUMATERA BARAT",2,40,80,120
https://kawalpemilu.org#13088,"SARIAK ALAHAN TIGO, HILIRAN GUMANTI, SOLOK, SUMATERA BARAT",3,13,179,192
https://kawalpemilu.org#13088,"SARIAK ALAHAN TIGO, HILIRAN GUMANTI, SOLOK, SUMATERA BARAT",4,10,142,152
https://kawalpemilu.org#13088,"SARIAK ALAHAN TIGO, HILIRAN GUMANTI, SOLOK, SUMATERA BARAT",5,9,129,138
https://kawalpemilu.org#13088,"SARIAK ALAHAN TIGO, HILIRAN GUMANTI, SOLOK, SUMATERA BARAT",6,21,107,128
https://kawalpemilu.org#13088,"SARIAK ALAHAN TIGO, HILIRAN GUMANTI, SOLOK, SUMATERA BARAT",7,18,241,259
https://kawalpemilu.org#13088,"SARIAK ALAHAN TIGO, HILIRAN GUMANTI, SOLOK, SUMATERA BARAT",8,43,99,142
https://kawalpemilu.org#13088,"SARIAK ALAHAN TIGO, HILIRAN GUMANTI, SOLOK, SUMATERA BARAT",9,53,170,223
https://kawalpemilu.org#13088,"SARIAK ALAHAN TIGO, HILIRAN GUMANTI, SOLOK, SUMATERA BARAT",10,28,139,167
https://kawalpemilu.org#13088,"SARIAK ALAHAN TIGO, HILIRAN GUMANTI, SOLOK, SUMATERA BARAT",11,34,229,263
https://kawalpemilu.org#13088,"SARIAK ALAHAN TIGO, HILIRAN GUMANTI, SOLOK, SUMATERA BARAT",12,17,216,233
https://kawalpemilu.org#13088,"SARIAK ALAHAN TIGO, HILIRAN GUMANTI, SOLOK, SUMATERA BARAT",13,17,152,169
https://kawalpemilu.org#13088,"SARIAK ALAHAN TIGO, HILIRAN GUMANTI, SOLOK, SUMATERA BARAT",14,11,100,111
https://kawalpemilu.org#13088,"SARIAK ALAHAN TIGO, HILIRAN GUMANTI, SOLOK, SUMATERA BARAT",15,10,118,128
https://kawalpemilu.org#13088,"SARIAK ALAHAN TIGO, HILIRAN GUMANTI, SOLOK, SUMATERA BARAT",16,45,150,195
https://kawalpemilu.org#13088,"SARIAK ALAHAN TIGO, HILIRAN GUMANTI, SOLOK, SUMATERA BARAT",17,18,97,115
https://kawalpemilu.org#13088,"SARIAK ALAHAN TIGO, HILIRAN GUMANTI, SOLOK, SUMATERA BARAT",18,19,110,129
https://kawalpemilu.org#13088,"SARIAK ALAHAN TIGO, HILIRAN GUMANTI, SOLOK, SUMATERA BARAT",19,28,174,202
https://kawalpemilu.org#13088,"SARIAK ALAHAN TIGO, HILIRAN GUMANTI, SOLOK, SUMATERA BARAT",20,36,100,136
https://kawalpemilu.org#13088,"SARIAK ALAHAN TIGO, HILIRAN GUMANTI, SOLOK, SUMATERA BARAT",21,4,107,111
https://kawalpemilu.org#13088,"SARIAK ALAHAN TIGO, HILIRAN GUMANTI, SOLOK, SUMATERA BARAT",22,16,128,144
https://kawalpemilu.org#13089,"SUNGAI ABU, HILIRAN GUMANTI, SOLOK, SUMATERA BARAT",1,46,114,160
https://kawalpemilu.org#13089,"SUNGAI ABU, HILIRAN GUMANTI, SOLOK, SUMATERA BARAT",2,56,141,197
https://kawalpemilu.org#13089,"SUNGAI ABU, HILIRAN GUMANTI, SOLOK, SUMATERA BARAT",3,31,187,218
https://kawalpemilu.org#13089,"SUNGAI ABU, HILIRAN GUMANTI, SOLOK, SUMATERA BARAT",4,43,147,190
https://kawalpemilu.org#13089,"SUNGAI ABU, HILIRAN GUMANTI, SOLOK, SUMATERA BARAT",5,48,116,164
https://kawalpemilu.org#13089,"SUNGAI ABU, HILIRAN GUMANTI, SOLOK, SUMATERA BARAT",6,12,165,177
https://kawalpemilu.org#13089,"SUNGAI ABU, HILIRAN GUMANTI, SOLOK, SUMATERA BARAT",7,9,109,118
https://kawalpemilu.org#13089,"SUNGAI ABU, HILIRAN GUMANTI, SOLOK, SUMATERA BARAT",8,40,102,142
https://kawalpemilu.org#13089,"SUNGAI ABU, HILIRAN GUMANTI, SOLOK, SUMATERA BARAT",9,14,127,141
https://kawalpemilu.org#13091,"RANGKIANG LULUIH, TIGO LURAH, SOLOK, SUMATERA BARAT",1,11,114,125
https://kawalpemilu.org#13091,"RANGKIANG LULUIH, TIGO LURAH, SOLOK, SUMATERA BARAT",2,20,203,223
https://kawalpemilu.org#13091,"RANGKIANG LULUIH, TIGO LURAH, SOLOK, SUMATERA BARAT",3,7,178,185
https://kawalpemilu.org#13091,"RANGKIANG LULUIH, TIGO LURAH, SOLOK, SUMATERA BARAT",4,17,127,144
https://kawalpemilu.org#13091,"RANGKIANG LULUIH, TIGO LURAH, SOLOK, SUMATERA BARAT",5,30,140,170
https://kawalpemilu.org#13091,"RANGKIANG LULUIH, TIGO LURAH, SOLOK, SUMATERA BARAT",6,49,79,128
https://kawalpemilu.org#13091,"RANGKIANG LULUIH, TIGO LURAH, SOLOK, SUMATERA BARAT",7,32,79,111
https://kawalpemilu.org#13091,"RANGKIANG LULUIH, TIGO LURAH, SOLOK, SUMATERA BARAT",8,29,75,104
https://kawalpemilu.org#13092,"BATU BAJANJANG, TIGO LURAH, SOLOK, SUMATERA BARAT",1,29,209,238
https://kawalpemilu.org#13092,"BATU BAJANJANG, TIGO LURAH, SOLOK, SUMATERA BARAT",2,35,150,185
https://kawalpemilu.org#13092,"BATU BAJANJANG, TIGO LURAH, SOLOK, SUMATERA BARAT",3,29,198,227
https://kawalpemilu.org#13092,"BATU BAJANJANG, TIGO LURAH, SOLOK, SUMATERA BARAT",4,33,141,174
https://kawalpemilu.org#13092,"BATU BAJANJANG, TIGO LURAH, SOLOK, SUMATERA BARAT",6,16,154,170
https://kawalpemilu.org#13092,"BATU BAJANJANG, TIGO LURAH, SOLOK, SUMATERA BARAT",7,12,134,146
https://kawalpemilu.org#13092,"BATU BAJANJANG, TIGO LURAH, SOLOK, SUMATERA BARAT",8,27,115,142
https://kawalpemilu.org#13092,"BATU BAJANJANG, TIGO LURAH, SOLOK, SUMATERA BARAT",9,17,144,161
https://kawalpemilu.org#13092,"BATU BAJANJANG, TIGO LURAH, SOLOK, SUMATERA BARAT",10,10,96,106
https://kawalpemilu.org#13092,"BATU BAJANJANG, TIGO LURAH, SOLOK, SUMATERA BARAT",11,5,111,116
https://kawalpemilu.org#13092,"BATU BAJANJANG, TIGO LURAH, SOLOK, SUMATERA BARAT",12,3,103,106
https://kawalpemilu.org#13093,"GARABAK DATA, TIGO LURAH, SOLOK, SUMATERA BARAT",1,2,103,105
https://kawalpemilu.org#13093,"GARABAK DATA, TIGO LURAH, SOLOK, SUMATERA BARAT",2,7,134,141
https://kawalpemilu.org#13093,"GARABAK DATA, TIGO LURAH, SOLOK, SUMATERA BARAT",3,4,79,83
https://kawalpemilu.org#13093,"GARABAK DATA, TIGO LURAH, SOLOK, SUMATERA BARAT",4,7,99,106
https://kawalpemilu.org#13093,"GARABAK DATA, TIGO LURAH, SOLOK, SUMATERA BARAT",5,24,104,128
https://kawalpemilu.org#13093,"GARABAK DATA, TIGO LURAH, SOLOK, SUMATERA BARAT",6,32,91,123
https://kawalpemilu.org#13093,"GARABAK DATA, TIGO LURAH, SOLOK, SUMATERA BARAT",7,23,100,123
https://kawalpemilu.org#13093,"GARABAK DATA, TIGO LURAH, SOLOK, SUMATERA BARAT",8,3,207,210
https://kawalpemilu.org#13094,"TANJUNG BALIK SUMISO, TIGO LURAH, SOLOK, SUMATERA BARAT",1,6,166,172
https://kawalpemilu.org#13094,"TANJUNG BALIK SUMISO, TIGO LURAH, SOLOK, SUMATERA BARAT",2,18,73,91
https://kawalpemilu.org#13094,"TANJUNG BALIK SUMISO, TIGO LURAH, SOLOK, SUMATERA BARAT",3,27,130,157
https://kawalpemilu.org#13094,"TANJUNG BALIK SUMISO, TIGO LURAH, SOLOK, SUMATERA BARAT",4,5,70,75
https://kawalpemilu.org#13094,"TANJUNG BALIK SUMISO, TIGO LURAH, SOLOK, SUMATERA BARAT",5,71,26,97
https://kawalpemilu.org#13094,"TANJUNG BALIK SUMISO, TIGO LURAH, SOLOK, SUMATERA BARAT",6,30,22,52
https://kawalpemilu.org#13094,"TANJUNG BALIK SUMISO, TIGO LURAH, SOLOK, SUMATERA BARAT",7,15,144,159
https://kawalpemilu.org#13094,"TANJUNG BALIK SUMISO, TIGO LURAH, SOLOK, SUMATERA BARAT",8,2,130,132
https://kawalpemilu.org#13095,"SIMANAU, TIGO LURAH, SOLOK, SUMATERA BARAT",1,11,88,99
https://kawalpemilu.org#13095,"SIMANAU, TIGO LURAH, SOLOK, SUMATERA BARAT",2,5,112,117
https://kawalpemilu.org#13095,"SIMANAU, TIGO LURAH, SOLOK, SUMATERA BARAT",3,4,217,221
https://kawalpemilu.org#13095,"SIMANAU, TIGO LURAH, SOLOK, SUMATERA BARAT",4,13,155,168
https://kawalpemilu.org#13097,"SIMPANG TJ. NAN IV, DANAU KEMBAR, SOLOK, SUMATERA BARAT",1,9,132,141
https://kawalpemilu.org#13097,"SIMPANG TJ. NAN IV, DANAU KEMBAR, SOLOK, SUMATERA BARAT",2,8,162,170
https://kawalpemilu.org#13097,"SIMPANG TJ. NAN IV, DANAU KEMBAR, SOLOK, SUMATERA BARAT",3,10,124,134
https://kawalpemilu.org#13097,"SIMPANG TJ. NAN IV, DANAU KEMBAR, SOLOK, SUMATERA BARAT",4,15,133,148
https://kawalpemilu.org#13097,"SIMPANG TJ. NAN IV, DANAU KEMBAR, SOLOK, SUMATERA BARAT",5,17,159,176
https://kawalpemilu.org#13097,"SIMPANG TJ. NAN IV, DANAU KEMBAR, SOLOK, SUMATERA BARAT",6,12,152,164
https://kawalpemilu.org#13097,"SIMPANG TJ. NAN IV, DANAU KEMBAR, SOLOK, SUMATERA BARAT",7,12,149,161
https://kawalpemilu.org#13097,"SIMPANG TJ. NAN IV, DANAU KEMBAR, SOLOK, SUMATERA BARAT",8,19,150,169
https://kawalpemilu.org#13097,"SIMPANG TJ. NAN IV, DANAU KEMBAR, SOLOK, SUMATERA BARAT",9,16,145,161
https://kawalpemilu.org#13097,"SIMPANG TJ. NAN IV, DANAU KEMBAR, SOLOK, SUMATERA BARAT",10,35,113,148
https://kawalpemilu.org#13097,"SIMPANG TJ. NAN IV, DANAU KEMBAR, SOLOK, SUMATERA BARAT",11,22,168,190
https://kawalpemilu.org#13097,"SIMPANG TJ. NAN IV, DANAU KEMBAR, SOLOK, SUMATERA BARAT",12,18,161,179
https://kawalpemilu.org#13097,"SIMPANG TJ. NAN IV, DANAU KEMBAR, SOLOK, SUMATERA BARAT",13,19,154,173
https://kawalpemilu.org#13097,"SIMPANG TJ. NAN IV, DANAU KEMBAR, SOLOK, SUMATERA BARAT",14,13,165,178
https://kawalpemilu.org#13097,"SIMPANG TJ. NAN IV, DANAU KEMBAR, SOLOK, SUMATERA BARAT",15,7,172,179
https://kawalpemilu.org#13097,"SIMPANG TJ. NAN IV, DANAU KEMBAR, SOLOK, SUMATERA BARAT",16,9,149,158
https://kawalpemilu.org#13097,"SIMPANG TJ. NAN IV, DANAU KEMBAR, SOLOK, SUMATERA BARAT",17,5,157,162
https://kawalpemilu.org#13097,"SIMPANG TJ. NAN IV, DANAU KEMBAR, SOLOK, SUMATERA BARAT",18,13,191,204
https://kawalpemilu.org#13097,"SIMPANG TJ. NAN IV, DANAU KEMBAR, SOLOK, SUMATERA BARAT",19,12,172,184
https://kawalpemilu.org#13097,"SIMPANG TJ. NAN IV, DANAU KEMBAR, SOLOK, SUMATERA BARAT",20,16,182,198
https://kawalpemilu.org#13097,"SIMPANG TJ. NAN IV, DANAU KEMBAR, SOLOK, SUMATERA BARAT",21,14,114,128
https://kawalpemilu.org#13097,"SIMPANG TJ. NAN IV, DANAU KEMBAR, SOLOK, SUMATERA BARAT",22,8,120,128
https://kawalpemilu.org#13097,"SIMPANG TJ. NAN IV, DANAU KEMBAR, SOLOK, SUMATERA BARAT",23,7,149,156
https://kawalpemilu.org#13097,"SIMPANG TJ. NAN IV, DANAU KEMBAR, SOLOK, SUMATERA BARAT",24,20,144,164
https://kawalpemilu.org#13097,"SIMPANG TJ. NAN IV, DANAU KEMBAR, SOLOK, SUMATERA BARAT",25,27,160,187
https://kawalpemilu.org#13097,"SIMPANG TJ. NAN IV, DANAU KEMBAR, SOLOK, SUMATERA BARAT",26,26,140,166
https://kawalpemilu.org#13097,"SIMPANG TJ. NAN IV, DANAU KEMBAR, SOLOK, SUMATERA BARAT",27,3,69,72
https://kawalpemilu.org#13097,"SIMPANG TJ. NAN IV, DANAU KEMBAR, SOLOK, SUMATERA BARAT",28,5,172,177
https://kawalpemilu.org#13097,"SIMPANG TJ. NAN IV, DANAU KEMBAR, SOLOK, SUMATERA BARAT",29,3,218,221
https://kawalpemilu.org#13097,"SIMPANG TJ. NAN IV, DANAU KEMBAR, SOLOK, SUMATERA BARAT",30,19,126,145
https://kawalpemilu.org#13098,"KAMPUNG BATU DALAM, DANAU KEMBAR, SOLOK, SUMATERA BARAT",1,20,145,165
https://kawalpemilu.org#13098,"KAMPUNG BATU DALAM, DANAU KEMBAR, SOLOK, SUMATERA BARAT",2,20,169,189
https://kawalpemilu.org#13098,"KAMPUNG BATU DALAM, DANAU KEMBAR, SOLOK, SUMATERA BARAT",3,7,124,131
https://kawalpemilu.org#13098,"KAMPUNG BATU DALAM, DANAU KEMBAR, SOLOK, SUMATERA BARAT",4,11,165,176
https://kawalpemilu.org#13098,"KAMPUNG BATU DALAM, DANAU KEMBAR, SOLOK, SUMATERA BARAT",5,16,137,153
https://kawalpemilu.org#13098,"KAMPUNG BATU DALAM, DANAU KEMBAR, SOLOK, SUMATERA BARAT",6,1,60,61
https://kawalpemilu.org#13098,"KAMPUNG BATU DALAM, DANAU KEMBAR, SOLOK, SUMATERA BARAT",7,10,162,172
https://kawalpemilu.org#13098,"KAMPUNG BATU DALAM, DANAU KEMBAR, SOLOK, SUMATERA BARAT",8,2,100,102
https://kawalpemilu.org#13098,"KAMPUNG BATU DALAM, DANAU KEMBAR, SOLOK, SUMATERA BARAT",9,8,212,220
https://kawalpemilu.org#13098,"KAMPUNG BATU DALAM, DANAU KEMBAR, SOLOK, SUMATERA BARAT",10,9,228,237
https://kawalpemilu.org#13098,"KAMPUNG BATU DALAM, DANAU KEMBAR, SOLOK, SUMATERA BARAT",11,7,164,171
https://kawalpemilu.org#13098,"KAMPUNG BATU DALAM, DANAU KEMBAR, SOLOK, SUMATERA BARAT",12,4,181,185
https://kawalpemilu.org#13098,"KAMPUNG BATU DALAM, DANAU KEMBAR, SOLOK, SUMATERA BARAT",13,3,107,110
https://kawalpemilu.org#13098,"KAMPUNG BATU DALAM, DANAU KEMBAR, SOLOK, SUMATERA BARAT",14,6,119,125
https://kawalpemilu.org#13098,"KAMPUNG BATU DALAM, DANAU KEMBAR, SOLOK, SUMATERA BARAT",15,8,146,154
https://kawalpemilu.org#13098,"KAMPUNG BATU DALAM, DANAU KEMBAR, SOLOK, SUMATERA BARAT",16,7,142,149
https://kawalpemilu.org#13098,"KAMPUNG BATU DALAM, DANAU KEMBAR, SOLOK, SUMATERA BARAT",17,1,145,146
https://kawalpemilu.org#13098,"KAMPUNG BATU DALAM, DANAU KEMBAR, SOLOK, SUMATERA BARAT",18,9,87,96
https://kawalpemilu.org#13098,"KAMPUNG BATU DALAM, DANAU KEMBAR, SOLOK, SUMATERA BARAT",19,5,114,119
https://kawalpemilu.org#13098,"KAMPUNG BATU DALAM, DANAU KEMBAR, SOLOK, SUMATERA BARAT",20,6,103,109
https://kawalpemilu.org#13098,"KAMPUNG BATU DALAM, DANAU KEMBAR, SOLOK, SUMATERA BARAT",21,12,94,106
https://kawalpemilu.org#13098,"KAMPUNG BATU DALAM, DANAU KEMBAR, SOLOK, SUMATERA BARAT",22,8,140,148
https://kawalpemilu.org#13098,"KAMPUNG BATU DALAM, DANAU KEMBAR, SOLOK, SUMATERA BARAT",23,9,187,196
https://kawalpemilu.org#13098,"KAMPUNG BATU DALAM, DANAU KEMBAR, SOLOK, SUMATERA BARAT",24,6,166,172
https://kawalpemilu.org#13098,"KAMPUNG BATU DALAM, DANAU KEMBAR, SOLOK, SUMATERA BARAT",25,1,183,184
https://kawalpemilu.org#13098,"KAMPUNG BATU DALAM, DANAU KEMBAR, SOLOK, SUMATERA BARAT",26,8,184,192
https://kawalpemilu.org#13098,"KAMPUNG BATU DALAM, DANAU KEMBAR, SOLOK, SUMATERA BARAT",27,9,153,162
https://kawalpemilu.org#13098,"KAMPUNG BATU DALAM, DANAU KEMBAR, SOLOK, SUMATERA BARAT",28,3,132,135
https://kawalpemilu.org#13098,"KAMPUNG BATU DALAM, DANAU KEMBAR, SOLOK, SUMATERA BARAT",29,8,261,269
https://kawalpemilu.org#13098,"KAMPUNG BATU DALAM, DANAU KEMBAR, SOLOK, SUMATERA BARAT",30,5,154,159
https://kawalpemilu.org#13098,"KAMPUNG BATU DALAM, DANAU KEMBAR, SOLOK, SUMATERA BARAT",31,22,148,170
https://kawalpemilu.org#13098,"KAMPUNG BATU DALAM, DANAU KEMBAR, SOLOK, SUMATERA BARAT",32,7,125,132
https://kawalpemilu.org#13098,"KAMPUNG BATU DALAM, DANAU KEMBAR, SOLOK, SUMATERA BARAT",33,11,127,138
https://kawalpemilu.org#13098,"KAMPUNG BATU DALAM, DANAU KEMBAR, SOLOK, SUMATERA BARAT",34,14,140,154
https://kawalpemilu.org#13098,"KAMPUNG BATU DALAM, DANAU KEMBAR, SOLOK, SUMATERA BARAT",35,4,126,130
https://kawalpemilu.org#13098,"KAMPUNG BATU DALAM, DANAU KEMBAR, SOLOK, SUMATERA BARAT",36,5,100,105
https://kawalpemilu.org#13098,"KAMPUNG BATU DALAM, DANAU KEMBAR, SOLOK, SUMATERA BARAT",37,5,137,142
https://kawalpemilu.org#13098,"KAMPUNG BATU DALAM, DANAU KEMBAR, SOLOK, SUMATERA BARAT",38,3,112,115
https://kawalpemilu.org#13098,"KAMPUNG BATU DALAM, DANAU KEMBAR, SOLOK, SUMATERA BARAT",39,6,114,120
https://kawalpemilu.org#13098,"KAMPUNG BATU DALAM, DANAU KEMBAR, SOLOK, SUMATERA BARAT",40,2,135,137
https://kawalpemilu.org#13098,"KAMPUNG BATU DALAM, DANAU KEMBAR, SOLOK, SUMATERA BARAT",41,1,99,100
https://kawalpemilu.org#13098,"KAMPUNG BATU DALAM, DANAU KEMBAR, SOLOK, SUMATERA BARAT",42,3,78,81
https://kawalpemilu.org#13098,"KAMPUNG BATU DALAM, DANAU KEMBAR, SOLOK, SUMATERA BARAT",43,2,155,157
https://kawalpemilu.org#13098,"KAMPUNG BATU DALAM, DANAU KEMBAR, SOLOK, SUMATERA BARAT",44,6,106,112
https://kawalpemilu.org#13098,"KAMPUNG BATU DALAM, DANAU KEMBAR, SOLOK, SUMATERA BARAT",45,9,144,153
https://kawalpemilu.org#13098,"KAMPUNG BATU DALAM, DANAU KEMBAR, SOLOK, SUMATERA BARAT",46,3,170,173
https://kawalpemilu.org#13098,"KAMPUNG BATU DALAM, DANAU KEMBAR, SOLOK, SUMATERA BARAT",47,3,110,113
https://kawalpemilu.org#13101,"TIMBULUN, TANJUNG GADANG, SIJUNJUNG, SUMATERA BARAT",1,7,110,117
https://kawalpemilu.org#13101,"TIMBULUN, TANJUNG GADANG, SIJUNJUNG, SUMATERA BARAT",2,9,138,147
https://kawalpemilu.org#13101,"TIMBULUN, TANJUNG GADANG, SIJUNJUNG, SUMATERA BARAT",3,22,161,183
https://kawalpemilu.org#13101,"TIMBULUN, TANJUNG GADANG, SIJUNJUNG, SUMATERA BARAT",4,16,162,178
https://kawalpemilu.org#13101,"TIMBULUN, TANJUNG GADANG, SIJUNJUNG, SUMATERA BARAT",5,5,86,91
https://kawalpemilu.org#13101,"TIMBULUN, TANJUNG GADANG, SIJUNJUNG, SUMATERA BARAT",6,5,88,93
https://kawalpemilu.org#13101,"TIMBULUN, TANJUNG GADANG, SIJUNJUNG, SUMATERA BARAT",7,9,146,155
https://kawalpemilu.org#13101,"TIMBULUN, TANJUNG GADANG, SIJUNJUNG, SUMATERA BARAT",8,19,153,172
https://kawalpemilu.org#13101,"TIMBULUN, TANJUNG GADANG, SIJUNJUNG, SUMATERA BARAT",9,8,111,119
https://kawalpemilu.org#13101,"TIMBULUN, TANJUNG GADANG, SIJUNJUNG, SUMATERA BARAT",10,6,102,108
https://kawalpemilu.org#13102,"TANJUNG GADANG, TANJUNG GADANG, SIJUNJUNG, SUMATERA BARAT",1,9,182,191
https://kawalpemilu.org#13102,"TANJUNG GADANG, TANJUNG GADANG, SIJUNJUNG, SUMATERA BARAT",2,12,115,127
https://kawalpemilu.org#13102,"TANJUNG GADANG, TANJUNG GADANG, SIJUNJUNG, SUMATERA BARAT",3,6,137,143
https://kawalpemilu.org#13102,"TANJUNG GADANG, TANJUNG GADANG, SIJUNJUNG, SUMATERA BARAT",4,1,97,98
https://kawalpemilu.org#13102,"TANJUNG GADANG, TANJUNG GADANG, SIJUNJUNG, SUMATERA BARAT",5,6,92,98
https://kawalpemilu.org#13102,"TANJUNG GADANG, TANJUNG GADANG, SIJUNJUNG, SUMATERA BARAT",6,5,119,124
https://kawalpemilu.org#13102,"TANJUNG GADANG, TANJUNG GADANG, SIJUNJUNG, SUMATERA BARAT",7,9,120,129
https://kawalpemilu.org#13102,"TANJUNG GADANG, TANJUNG GADANG, SIJUNJUNG, SUMATERA BARAT",8,18,95,113
https://kawalpemilu.org#13102,"TANJUNG GADANG, TANJUNG GADANG, SIJUNJUNG, SUMATERA BARAT",9,3,134,137
https://kawalpemilu.org#13102,"TANJUNG GADANG, TANJUNG GADANG, SIJUNJUNG, SUMATERA BARAT",10,10,174,184
https://kawalpemilu.org#13102,"TANJUNG GADANG, TANJUNG GADANG, SIJUNJUNG, SUMATERA BARAT",11,2,199,201
https://kawalpemilu.org#13102,"TANJUNG GADANG, TANJUNG GADANG, SIJUNJUNG, SUMATERA BARAT",12,13,175,188
https://kawalpemilu.org#13102,"TANJUNG GADANG, TANJUNG GADANG, SIJUNJUNG, SUMATERA BARAT",13,11,151,162
https://kawalpemilu.org#13102,"TANJUNG GADANG, TANJUNG GADANG, SIJUNJUNG, SUMATERA BARAT",14,3,187,190
https://kawalpemilu.org#13102,"TANJUNG GADANG, TANJUNG GADANG, SIJUNJUNG, SUMATERA BARAT",16,5,196,201
https://kawalpemilu.org#13102,"TANJUNG GADANG, TANJUNG GADANG, SIJUNJUNG, SUMATERA BARAT",17,7,121,128
https://kawalpemilu.org#13102,"TANJUNG GADANG, TANJUNG GADANG, SIJUNJUNG, SUMATERA BARAT",18,7,158,165
https://kawalpemilu.org#13102,"TANJUNG GADANG, TANJUNG GADANG, SIJUNJUNG, SUMATERA BARAT",19,3,123,126
https://kawalpemilu.org#13102,"TANJUNG GADANG, TANJUNG GADANG, SIJUNJUNG, SUMATERA BARAT",20,8,199,207
https://kawalpemilu.org#13102,"TANJUNG GADANG, TANJUNG GADANG, SIJUNJUNG, SUMATERA BARAT",21,11,83,94
https://kawalpemilu.org#13102,"TANJUNG GADANG, TANJUNG GADANG, SIJUNJUNG, SUMATERA BARAT",22,7,134,141
https://kawalpemilu.org#13102,"TANJUNG GADANG, TANJUNG GADANG, SIJUNJUNG, SUMATERA BARAT",23,3,92,95
https://kawalpemilu.org#13102,"TANJUNG GADANG, TANJUNG GADANG, SIJUNJUNG, SUMATERA BARAT",24,6,100,106
https://kawalpemilu.org#13102,"TANJUNG GADANG, TANJUNG GADANG, SIJUNJUNG, SUMATERA BARAT",25,20,90,110
https://kawalpemilu.org#13102,"TANJUNG GADANG, TANJUNG GADANG, SIJUNJUNG, SUMATERA BARAT",26,6,94,100
https://kawalpemilu.org#13102,"TANJUNG GADANG, TANJUNG GADANG, SIJUNJUNG, SUMATERA BARAT",27,4,100,104
https://kawalpemilu.org#13102,"TANJUNG GADANG, TANJUNG GADANG, SIJUNJUNG, SUMATERA BARAT",28,13,148,161
https://kawalpemilu.org#13103,"TARATAK BARU, TANJUNG GADANG, SIJUNJUNG, SUMATERA BARAT",1,6,123,129
https://kawalpemilu.org#13103,"TARATAK BARU, TANJUNG GADANG, SIJUNJUNG, SUMATERA BARAT",2,9,171,180
https://kawalpemilu.org#13103,"TARATAK BARU, TANJUNG GADANG, SIJUNJUNG, SUMATERA BARAT",3,3,125,128
https://kawalpemilu.org#13103,"TARATAK BARU, TANJUNG GADANG, SIJUNJUNG, SUMATERA BARAT",4,1,183,184
https://kawalpemilu.org#13103,"TARATAK BARU, TANJUNG GADANG, SIJUNJUNG, SUMATERA BARAT",5,2,123,125
https://kawalpemilu.org#13104,"PULASAN, TANJUNG GADANG, SIJUNJUNG, SUMATERA BARAT",1,4,125,129
https://kawalpemilu.org#13104,"PULASAN, TANJUNG GADANG, SIJUNJUNG, SUMATERA BARAT",2,16,226,242
https://kawalpemilu.org#13104,"PULASAN, TANJUNG GADANG, SIJUNJUNG, SUMATERA BARAT",3,1,88,89
https://kawalpemilu.org#13104,"PULASAN, TANJUNG GADANG, SIJUNJUNG, SUMATERA BARAT",4,6,108,114
https://kawalpemilu.org#13104,"PULASAN, TANJUNG GADANG, SIJUNJUNG, SUMATERA BARAT",5,8,64,72
https://kawalpemilu.org#13104,"PULASAN, TANJUNG GADANG, SIJUNJUNG, SUMATERA BARAT",6,11,194,205
https://kawalpemilu.org#13104,"PULASAN, TANJUNG GADANG, SIJUNJUNG, SUMATERA BARAT",7,6,226,232
https://kawalpemilu.org#13104,"PULASAN, TANJUNG GADANG, SIJUNJUNG, SUMATERA BARAT",8,4,193,197
https://kawalpemilu.org#13104,"PULASAN, TANJUNG GADANG, SIJUNJUNG, SUMATERA BARAT",10,6,98,104
https://kawalpemilu.org#13104,"PULASAN, TANJUNG GADANG, SIJUNJUNG, SUMATERA BARAT",11,6,78,84
https://kawalpemilu.org#13104,"PULASAN, TANJUNG GADANG, SIJUNJUNG, SUMATERA BARAT",12,12,131,143
https://kawalpemilu.org#13104,"PULASAN, TANJUNG GADANG, SIJUNJUNG, SUMATERA BARAT",13,6,106,112
https://kawalpemilu.org#13104,"PULASAN, TANJUNG GADANG, SIJUNJUNG, SUMATERA BARAT",14,5,126,131
https://kawalpemilu.org#13104,"PULASAN, TANJUNG GADANG, SIJUNJUNG, SUMATERA BARAT",15,10,130,140
https://kawalpemilu.org#13105,"LANGKI, TANJUNG GADANG, SIJUNJUNG, SUMATERA BARAT",1,9,163,172
https://kawalpemilu.org#13105,"LANGKI, TANJUNG GADANG, SIJUNJUNG, SUMATERA BARAT",2,24,188,212
https://kawalpemilu.org#13105,"LANGKI, TANJUNG GADANG, SIJUNJUNG, SUMATERA BARAT",3,24,177,201
https://kawalpemilu.org#13105,"LANGKI, TANJUNG GADANG, SIJUNJUNG, SUMATERA BARAT",4,17,130,147
https://kawalpemilu.org#13105,"LANGKI, TANJUNG GADANG, SIJUNJUNG, SUMATERA BARAT",5,13,124,137
https://kawalpemilu.org#13105,"LANGKI, TANJUNG GADANG, SIJUNJUNG, SUMATERA BARAT",6,10,118,128
https://kawalpemilu.org#13105,"LANGKI, TANJUNG GADANG, SIJUNJUNG, SUMATERA BARAT",7,14,127,141
https://kawalpemilu.org#13106,"SIBAKUR, TANJUNG GADANG, SIJUNJUNG, SUMATERA BARAT",1,8,190,198
https://kawalpemilu.org#13106,"SIBAKUR, TANJUNG GADANG, SIJUNJUNG, SUMATERA BARAT",2,5,160,165
https://kawalpemilu.org#13106,"SIBAKUR, TANJUNG GADANG, SIJUNJUNG, SUMATERA BARAT",3,3,167,170
https://kawalpemilu.org#13106,"SIBAKUR, TANJUNG GADANG, SIJUNJUNG, SUMATERA BARAT",4,0,145,145
https://kawalpemilu.org#13106,"SIBAKUR, TANJUNG GADANG, SIJUNJUNG, SUMATERA BARAT",5,9,124,133
https://kawalpemilu.org#13106,"SIBAKUR, TANJUNG GADANG, SIJUNJUNG, SUMATERA BARAT",6,3,128,131
https://kawalpemilu.org#13107,"TANJUNG LOLO, TANJUNG GADANG, SIJUNJUNG, SUMATERA BARAT",1,5,176,181
https://kawalpemilu.org#13107,"TANJUNG LOLO, TANJUNG GADANG, SIJUNJUNG, SUMATERA BARAT",2,10,212,222
https://kawalpemilu.org#13107,"TANJUNG LOLO, TANJUNG GADANG, SIJUNJUNG, SUMATERA BARAT",3,14,193,207
https://kawalpemilu.org#13107,"TANJUNG LOLO, TANJUNG GADANG, SIJUNJUNG, SUMATERA BARAT",4,12,170,182
https://kawalpemilu.org#13107,"TANJUNG LOLO, TANJUNG GADANG, SIJUNJUNG, SUMATERA BARAT",5,10,136,146
https://kawalpemilu.org#13107,"TANJUNG LOLO, TANJUNG GADANG, SIJUNJUNG, SUMATERA BARAT",6,16,179,195
https://kawalpemilu.org#13107,"TANJUNG LOLO, TANJUNG GADANG, SIJUNJUNG, SUMATERA BARAT",7,8,105,113
https://kawalpemilu.org#13107,"TANJUNG LOLO, TANJUNG GADANG, SIJUNJUNG, SUMATERA BARAT",8,23,117,140
https://kawalpemilu.org#13107,"TANJUNG LOLO, TANJUNG GADANG, SIJUNJUNG, SUMATERA BARAT",9,6,158,164
https://kawalpemilu.org#13107,"TANJUNG LOLO, TANJUNG GADANG, SIJUNJUNG, SUMATERA BARAT",10,13,166,179
https://kawalpemilu.org#13107,"TANJUNG LOLO, TANJUNG GADANG, SIJUNJUNG, SUMATERA BARAT",12,13,128,141
https://kawalpemilu.org#13107,"TANJUNG LOLO, TANJUNG GADANG, SIJUNJUNG, SUMATERA BARAT",13,7,150,157
https://kawalpemilu.org#13107,"TANJUNG LOLO, TANJUNG GADANG, SIJUNJUNG, SUMATERA BARAT",14,13,108,121
https://kawalpemilu.org#13107,"TANJUNG LOLO, TANJUNG GADANG, SIJUNJUNG, SUMATERA BARAT",15,4,104,108
https://kawalpemilu.org#84420,"TARATAK BARU UTARA, TANJUNG GADANG, SIJUNJUNG, SUMATERA BARAT",1,18,177,195
https://kawalpemilu.org#84420,"TARATAK BARU UTARA, TANJUNG GADANG, SIJUNJUNG, SUMATERA BARAT",2,8,115,123
https://kawalpemilu.org#84420,"TARATAK BARU UTARA, TANJUNG GADANG, SIJUNJUNG, SUMATERA BARAT",3,9,148,157
https://kawalpemilu.org#84420,"TARATAK BARU UTARA, TANJUNG GADANG, SIJUNJUNG, SUMATERA BARAT",4,18,230,248
https://kawalpemilu.org#84421,"SINYAMU, TANJUNG GADANG, SIJUNJUNG, SUMATERA BARAT",1,11,172,183
https://kawalpemilu.org#84421,"SINYAMU, TANJUNG GADANG, SIJUNJUNG, SUMATERA BARAT",2,17,181,198
https://kawalpemilu.org#84421,"SINYAMU, TANJUNG GADANG, SIJUNJUNG, SUMATERA BARAT",3,11,196,207
https://kawalpemilu.org#13109,"MUARO, SIJUNJUNG, SIJUNJUNG, SUMATERA BARAT",1,34,178,212
https://kawalpemilu.org#13109,"MUARO, SIJUNJUNG, SIJUNJUNG, SUMATERA BARAT",2,44,183,227
https://kawalpemilu.org#13109,"MUARO, SIJUNJUNG, SIJUNJUNG, SUMATERA BARAT",3,30,155,185
https://kawalpemilu.org#13109,"MUARO, SIJUNJUNG, SIJUNJUNG, SUMATERA BARAT",4,32,160,192
https://kawalpemilu.org#13109,"MUARO, SIJUNJUNG, SIJUNJUNG, SUMATERA BARAT",5,46,189,235
https://kawalpemilu.org#13109,"MUARO, SIJUNJUNG, SIJUNJUNG, SUMATERA BARAT",6,9,75,84
https://kawalpemilu.org#13109,"MUARO, SIJUNJUNG, SIJUNJUNG, SUMATERA BARAT",7,38,174,212
https://kawalpemilu.org#13109,"MUARO, SIJUNJUNG, SIJUNJUNG, SUMATERA BARAT",8,43,177,220
https://kawalpemilu.org#13109,"MUARO, SIJUNJUNG, SIJUNJUNG, SUMATERA BARAT",9,41,183,224
https://kawalpemilu.org#13109,"MUARO, SIJUNJUNG, SIJUNJUNG, SUMATERA BARAT",10,21,128,149
https://kawalpemilu.org#13109,"MUARO, SIJUNJUNG, SIJUNJUNG, SUMATERA BARAT",11,34,196,230
https://kawalpemilu.org#13109,"MUARO, SIJUNJUNG, SIJUNJUNG, SUMATERA BARAT",12,17,165,182
https://kawalpemilu.org#13109,"MUARO, SIJUNJUNG, SIJUNJUNG, SUMATERA BARAT",13,24,211,235
https://kawalpemilu.org#13109,"MUARO, SIJUNJUNG, SIJUNJUNG, SUMATERA BARAT",14,30,162,192
https://kawalpemilu.org#13109,"MUARO, SIJUNJUNG, SIJUNJUNG, SUMATERA BARAT",15,9,176,185
https://kawalpemilu.org#13109,"MUARO, SIJUNJUNG, SIJUNJUNG, SUMATERA BARAT",16,13,219,232
https://kawalpemilu.org#13109,"MUARO, SIJUNJUNG, SIJUNJUNG, SUMATERA BARAT",17,14,214,228
https://kawalpemilu.org#13109,"MUARO, SIJUNJUNG, SIJUNJUNG, SUMATERA BARAT",18,7,166,173
https://kawalpemilu.org#13109,"MUARO, SIJUNJUNG, SIJUNJUNG, SUMATERA BARAT",19,31,212,243
https://kawalpemilu.org#13109,"MUARO, SIJUNJUNG, SIJUNJUNG, SUMATERA BARAT",20,12,121,133
https://kawalpemilu.org#13109,"MUARO, SIJUNJUNG, SIJUNJUNG, SUMATERA BARAT",21,15,189,204
https://kawalpemilu.org#13109,"MUARO, SIJUNJUNG, SIJUNJUNG, SUMATERA BARAT",22,4,136,140
https://kawalpemilu.org#13109,"MUARO, SIJUNJUNG, SIJUNJUNG, SUMATERA BARAT",23,13,136,149
https://kawalpemilu.org#13109,"MUARO, SIJUNJUNG, SIJUNJUNG, SUMATERA BARAT",24,18,130,148
https://kawalpemilu.org#13109,"MUARO, SIJUNJUNG, SIJUNJUNG, SUMATERA BARAT",25,7,120,127
https://kawalpemilu.org#13109,"MUARO, SIJUNJUNG, SIJUNJUNG, SUMATERA BARAT",26,48,159,207
https://kawalpemilu.org#13109,"MUARO, SIJUNJUNG, SIJUNJUNG, SUMATERA BARAT",27,20,132,152
https://kawalpemilu.org#13109,"MUARO, SIJUNJUNG, SIJUNJUNG, SUMATERA BARAT",28,24,193,217
https://kawalpemilu.org#13109,"MUARO, SIJUNJUNG, SIJUNJUNG, SUMATERA BARAT",29,15,135,150
https://kawalpemilu.org#13109,"MUARO, SIJUNJUNG, SIJUNJUNG, SUMATERA BARAT",30,21,146,167
https://kawalpemilu.org#13109,"MUARO, SIJUNJUNG, SIJUNJUNG, SUMATERA BARAT",31,24,177,201
https://kawalpemilu.org#13109,"MUARO, SIJUNJUNG, SIJUNJUNG, SUMATERA BARAT",32,14,146,160
https://kawalpemilu.org#13109,"MUARO, SIJUNJUNG, SIJUNJUNG, SUMATERA BARAT",33,7,131,138
https://kawalpemilu.org#13109,"MUARO, SIJUNJUNG, SIJUNJUNG, SUMATERA BARAT",34,22,189,211
https://kawalpemilu.org#13109,"MUARO, SIJUNJUNG, SIJUNJUNG, SUMATERA BARAT",35,9,201,210
https://kawalpemilu.org#13109,"MUARO, SIJUNJUNG, SIJUNJUNG, SUMATERA BARAT",36,16,184,200
https://kawalpemilu.org#13109,"MUARO, SIJUNJUNG, SIJUNJUNG, SUMATERA BARAT",37,44,189,233
https://kawalpemilu.org#13110,"KANDANG BARU, SIJUNJUNG, SIJUNJUNG, SUMATERA BARAT",1,15,177,192
https://kawalpemilu.org#13110,"KANDANG BARU, SIJUNJUNG, SIJUNJUNG, SUMATERA BARAT",2,29,174,203
https://kawalpemilu.org#13110,"KANDANG BARU, SIJUNJUNG, SIJUNJUNG, SUMATERA BARAT",3,25,168,193
https://kawalpemilu.org#13110,"KANDANG BARU, SIJUNJUNG, SIJUNJUNG, SUMATERA BARAT",4,21,134,155
https://kawalpemilu.org#13110,"KANDANG BARU, SIJUNJUNG, SIJUNJUNG, SUMATERA BARAT",5,20,129,149
https://kawalpemilu.org#13110,"KANDANG BARU, SIJUNJUNG, SIJUNJUNG, SUMATERA BARAT",6,20,127,147
https://kawalpemilu.org#13110,"KANDANG BARU, SIJUNJUNG, SIJUNJUNG, SUMATERA BARAT",7,8,154,162
https://kawalpemilu.org#13111,"SILOKEK, SIJUNJUNG, SIJUNJUNG, SUMATERA BARAT",1,31,118,149
https://kawalpemilu.org#13111,"SILOKEK, SIJUNJUNG, SIJUNJUNG, SUMATERA BARAT",2,24,161,185
https://kawalpemilu.org#13111,"SILOKEK, SIJUNJUNG, SIJUNJUNG, SUMATERA BARAT",3,13,168,181
https://kawalpemilu.org#13111,"SILOKEK, SIJUNJUNG, SIJUNJUNG, SUMATERA BARAT",4,22,160,182
https://kawalpemilu.org#13111,"SILOKEK, SIJUNJUNG, SIJUNJUNG, SUMATERA BARAT",5,13,162,175
https://kawalpemilu.org#13112,"PEMATANG PANJANG, SIJUNJUNG, SIJUNJUNG, SUMATERA BARAT",1,12,227,239
https://kawalpemilu.org#13112,"PEMATANG PANJANG, SIJUNJUNG, SIJUNJUNG, SUMATERA BARAT",2,13,225,238
https://kawalpemilu.org#13112,"PEMATANG PANJANG, SIJUNJUNG, SIJUNJUNG, SUMATERA BARAT",3,10,148,158
https://kawalpemilu.org#13112,"PEMATANG PANJANG, SIJUNJUNG, SIJUNJUNG, SUMATERA BARAT",4,18,208,226
https://kawalpemilu.org#13112,"PEMATANG PANJANG, SIJUNJUNG, SIJUNJUNG, SUMATERA BARAT",5,17,129,146
https://kawalpemilu.org#13112,"PEMATANG PANJANG, SIJUNJUNG, SIJUNJUNG, SUMATERA BARAT",6,9,202,211
https://kawalpemilu.org#13112,"PEMATANG PANJANG, SIJUNJUNG, SIJUNJUNG, SUMATERA BARAT",7,17,239,256
https://kawalpemilu.org#13112,"PEMATANG PANJANG, SIJUNJUNG, SIJUNJUNG, SUMATERA BARAT",8,10,207,217
https://kawalpemilu.org#13112,"PEMATANG PANJANG, SIJUNJUNG, SIJUNJUNG, SUMATERA BARAT",10,4,163,167
https://kawalpemilu.org#13112,"PEMATANG PANJANG, SIJUNJUNG, SIJUNJUNG, SUMATERA BARAT",11,16,185,201
https://kawalpemilu.org#13112,"PEMATANG PANJANG, SIJUNJUNG, SIJUNJUNG, SUMATERA BARAT",12,13,161,174
https://kawalpemilu.org#13112,"PEMATANG PANJANG, SIJUNJUNG, SIJUNJUNG, SUMATERA BARAT",13,24,223,247
https://kawalpemilu.org#13112,"PEMATANG PANJANG, SIJUNJUNG, SIJUNJUNG, SUMATERA BARAT",14,15,149,164
https://kawalpemilu.org#13112,"PEMATANG PANJANG, SIJUNJUNG, SIJUNJUNG, SUMATERA BARAT",15,3,140,143
https://kawalpemilu.org#13112,"PEMATANG PANJANG, SIJUNJUNG, SIJUNJUNG, SUMATERA BARAT",16,9,127,136
https://kawalpemilu.org#13112,"PEMATANG PANJANG, SIJUNJUNG, SIJUNJUNG, SUMATERA BARAT",17,13,124,137
https://kawalpemilu.org#13112,"PEMATANG PANJANG, SIJUNJUNG, SIJUNJUNG, SUMATERA BARAT",18,9,179,188
https://kawalpemilu.org#13112,"PEMATANG PANJANG, SIJUNJUNG, SIJUNJUNG, SUMATERA BARAT",19,11,136,147
https://kawalpemilu.org#13112,"PEMATANG PANJANG, SIJUNJUNG, SIJUNJUNG, SUMATERA BARAT",20,6,225,231
https://kawalpemilu.org#13112,"PEMATANG PANJANG, SIJUNJUNG, SIJUNJUNG, SUMATERA BARAT",21,11,168,179
https://kawalpemilu.org#13112,"PEMATANG PANJANG, SIJUNJUNG, SIJUNJUNG, SUMATERA BARAT",22,10,106,116
https://kawalpemilu.org#13113,"SOLOK AMBAH, SIJUNJUNG, SIJUNJUNG, SUMATERA BARAT",1,22,195,217
https://kawalpemilu.org#13113,"SOLOK AMBAH, SIJUNJUNG, SIJUNJUNG, SUMATERA BARAT",2,14,196,210
https://kawalpemilu.org#13113,"SOLOK AMBAH, SIJUNJUNG, SIJUNJUNG, SUMATERA BARAT",3,9,178,187
https://kawalpemilu.org#13113,"SOLOK AMBAH, SIJUNJUNG, SIJUNJUNG, SUMATERA BARAT",4,10,190,200
https://kawalpemilu.org#13113,"SOLOK AMBAH, SIJUNJUNG, SIJUNJUNG, SUMATERA BARAT",5,11,129,140
https://kawalpemilu.org#13113,"SOLOK AMBAH, SIJUNJUNG, SIJUNJUNG, SUMATERA BARAT",6,17,204,221
https://kawalpemilu.org#13113,"SOLOK AMBAH, SIJUNJUNG, SIJUNJUNG, SUMATERA BARAT",7,13,140,153
https://kawalpemilu.org#13113,"SOLOK AMBAH, SIJUNJUNG, SIJUNJUNG, SUMATERA BARAT",8,8,171,179
https://kawalpemilu.org#13113,"SOLOK AMBAH, SIJUNJUNG, SIJUNJUNG, SUMATERA BARAT",9,4,125,129
https://kawalpemilu.org#13114,"PARU, SIJUNJUNG, SIJUNJUNG, SUMATERA BARAT",1,12,162,174
https://kawalpemilu.org#13114,"PARU, SIJUNJUNG, SIJUNJUNG, SUMATERA BARAT",2,3,177,180
https://kawalpemilu.org#13114,"PARU, SIJUNJUNG, SIJUNJUNG, SUMATERA BARAT",3,6,157,163
https://kawalpemilu.org#13114,"PARU, SIJUNJUNG, SIJUNJUNG, SUMATERA BARAT",4,15,156,171
https://kawalpemilu.org#13114,"PARU, SIJUNJUNG, SIJUNJUNG, SUMATERA BARAT",5,7,154,161
https://kawalpemilu.org#13114,"PARU, SIJUNJUNG, SIJUNJUNG, SUMATERA BARAT",6,13,169,182
https://kawalpemilu.org#13114,"PARU, SIJUNJUNG, SIJUNJUNG, SUMATERA BARAT",7,27,137,164
https://kawalpemilu.org#13115,"DURIAN GADANG, SIJUNJUNG, SIJUNJUNG, SUMATERA BARAT",1,7,138,145
https://kawalpemilu.org#13115,"DURIAN GADANG, SIJUNJUNG, SIJUNJUNG, SUMATERA BARAT",2,5,170,175
https://kawalpemilu.org#13115,"DURIAN GADANG, SIJUNJUNG, SIJUNJUNG, SUMATERA BARAT",3,11,145,156
https://kawalpemilu.org#13115,"DURIAN GADANG, SIJUNJUNG, SIJUNJUNG, SUMATERA BARAT",4,15,154,169
https://kawalpemilu.org#13115,"DURIAN GADANG, SIJUNJUNG, SIJUNJUNG, SUMATERA BARAT",5,4,184,188
https://kawalpemilu.org#13115,"DURIAN GADANG, SIJUNJUNG, SIJUNJUNG, SUMATERA BARAT",6,14,209,223
https://kawalpemilu.org#13115,"DURIAN GADANG, SIJUNJUNG, SIJUNJUNG, SUMATERA BARAT",7,7,134,141
https://kawalpemilu.org#13115,"DURIAN GADANG, SIJUNJUNG, SIJUNJUNG, SUMATERA BARAT",8,8,168,176
https://kawalpemilu.org#13115,"DURIAN GADANG, SIJUNJUNG, SIJUNJUNG, SUMATERA BARAT",9,14,139,153
https://kawalpemilu.org#13115,"DURIAN GADANG, SIJUNJUNG, SIJUNJUNG, SUMATERA BARAT",10,22,170,192
https://kawalpemilu.org#13115,"DURIAN GADANG, SIJUNJUNG, SIJUNJUNG, SUMATERA BARAT",11,9,192,201
https://kawalpemilu.org#13116,"AIE ANGEK, SIJUNJUNG, SIJUNJUNG, SUMATERA BARAT",1,14,189,203
https://kawalpemilu.org#13116,"AIE ANGEK, SIJUNJUNG, SIJUNJUNG, SUMATERA BARAT",2,8,132,140
https://kawalpemilu.org#13116,"AIE ANGEK, SIJUNJUNG, SIJUNJUNG, SUMATERA BARAT",3,3,134,137
https://kawalpemilu.org#13116,"AIE ANGEK, SIJUNJUNG, SIJUNJUNG, SUMATERA BARAT",4,13,196,209
https://kawalpemilu.org#13116,"AIE ANGEK, SIJUNJUNG, SIJUNJUNG, SUMATERA BARAT",5,4,213,217
https://kawalpemilu.org#13116,"AIE ANGEK, SIJUNJUNG, SIJUNJUNG, SUMATERA BARAT",6,6,152,158
https://kawalpemilu.org#13116,"AIE ANGEK, SIJUNJUNG, SIJUNJUNG, SUMATERA BARAT",7,8,106,114
https://kawalpemilu.org#13116,"AIE ANGEK, SIJUNJUNG, SIJUNJUNG, SUMATERA BARAT",8,3,94,97
https://kawalpemilu.org#13116,"AIE ANGEK, SIJUNJUNG, SIJUNJUNG, SUMATERA BARAT",9,8,155,163
https://kawalpemilu.org#13116,"AIE ANGEK, SIJUNJUNG, SIJUNJUNG, SUMATERA BARAT",10,10,134,144
https://kawalpemilu.org#13116,"AIE ANGEK, SIJUNJUNG, SIJUNJUNG, SUMATERA BARAT",11,9,201,210
https://kawalpemilu.org#13116,"AIE ANGEK, SIJUNJUNG, SIJUNJUNG, SUMATERA BARAT",12,1,154,155
https://kawalpemilu.org#13117,"SIJUNJUNG, SIJUNJUNG, SIJUNJUNG, SUMATERA BARAT",1,24,208,232
https://kawalpemilu.org#13117,"SIJUNJUNG, SIJUNJUNG, SIJUNJUNG, SUMATERA BARAT",2,22,209,231
https://kawalpemilu.org#13117,"SIJUNJUNG, SIJUNJUNG, SIJUNJUNG, SUMATERA BARAT",3,36,139,175
https://kawalpemilu.org#13117,"SIJUNJUNG, SIJUNJUNG, SIJUNJUNG, SUMATERA BARAT",4,39,207,246
https://kawalpemilu.org#13117,"SIJUNJUNG, SIJUNJUNG, SIJUNJUNG, SUMATERA BARAT",5,18,140,158
https://kawalpemilu.org#13117,"SIJUNJUNG, SIJUNJUNG, SIJUNJUNG, SUMATERA BARAT",6,23,155,178
https://kawalpemilu.org#13117,"SIJUNJUNG, SIJUNJUNG, SIJUNJUNG, SUMATERA BARAT",7,13,120,133
https://kawalpemilu.org#13117,"SIJUNJUNG, SIJUNJUNG, SIJUNJUNG, SUMATERA BARAT",8,14,104,118
https://kawalpemilu.org#13117,"SIJUNJUNG, SIJUNJUNG, SIJUNJUNG, SUMATERA BARAT",9,33,198,231
https://kawalpemilu.org#13117,"SIJUNJUNG, SIJUNJUNG, SIJUNJUNG, SUMATERA BARAT",10,31,182,213
https://kawalpemilu.org#13117,"SIJUNJUNG, SIJUNJUNG, SIJUNJUNG, SUMATERA BARAT",11,11,121,132
https://kawalpemilu.org#13117,"SIJUNJUNG, SIJUNJUNG, SIJUNJUNG, SUMATERA BARAT",12,24,183,207
https://kawalpemilu.org#13117,"SIJUNJUNG, SIJUNJUNG, SIJUNJUNG, SUMATERA BARAT",14,21,199,220
https://kawalpemilu.org#13117,"SIJUNJUNG, SIJUNJUNG, SIJUNJUNG, SUMATERA BARAT",15,13,191,204
https://kawalpemilu.org#13117,"SIJUNJUNG, SIJUNJUNG, SIJUNJUNG, SUMATERA BARAT",16,24,148,172
https://kawalpemilu.org#13117,"SIJUNJUNG, SIJUNJUNG, SIJUNJUNG, SUMATERA BARAT",17,22,210,232
https://kawalpemilu.org#13117,"SIJUNJUNG, SIJUNJUNG, SIJUNJUNG, SUMATERA BARAT",18,20,171,191
https://kawalpemilu.org#13117,"SIJUNJUNG, SIJUNJUNG, SIJUNJUNG, SUMATERA BARAT",19,18,162,180
https://kawalpemilu.org#13117,"SIJUNJUNG, SIJUNJUNG, SIJUNJUNG, SUMATERA BARAT",20,19,232,251
https://kawalpemilu.org#13117,"SIJUNJUNG, SIJUNJUNG, SIJUNJUNG, SUMATERA BARAT",21,7,109,116
https://kawalpemilu.org#13117,"SIJUNJUNG, SIJUNJUNG, SIJUNJUNG, SUMATERA BARAT",22,16,156,172
https://kawalpemilu.org#13117,"SIJUNJUNG, SIJUNJUNG, SIJUNJUNG, SUMATERA BARAT",23,0,0,0
https://kawalpemilu.org#13117,"SIJUNJUNG, SIJUNJUNG, SIJUNJUNG, SUMATERA BARAT",24,30,115,145
https://kawalpemilu.org#13117,"SIJUNJUNG, SIJUNJUNG, SIJUNJUNG, SUMATERA BARAT",25,19,126,145
https://kawalpemilu.org#13117,"SIJUNJUNG, SIJUNJUNG, SIJUNJUNG, SUMATERA BARAT",26,24,199,223
https://kawalpemilu.org#13117,"SIJUNJUNG, SIJUNJUNG, SIJUNJUNG, SUMATERA BARAT",27,4,136,140
https://kawalpemilu.org#13117,"SIJUNJUNG, SIJUNJUNG, SIJUNJUNG, SUMATERA BARAT",28,20,113,133
https://kawalpemilu.org#13117,"SIJUNJUNG, SIJUNJUNG, SIJUNJUNG, SUMATERA BARAT",29,12,143,155
https://kawalpemilu.org#13117,"SIJUNJUNG, SIJUNJUNG, SIJUNJUNG, SUMATERA BARAT",30,10,148,158
https://kawalpemilu.org#13117,"SIJUNJUNG, SIJUNJUNG, SIJUNJUNG, SUMATERA BARAT",31,4,165,169
https://kawalpemilu.org#13119,"PALANGKI, IV NAGARI, SIJUNJUNG, SUMATERA BARAT",1,12,202,214
https://kawalpemilu.org#13119,"PALANGKI, IV NAGARI, SIJUNJUNG, SUMATERA BARAT",2,9,150,159
https://kawalpemilu.org#13119,"PALANGKI, IV NAGARI, SIJUNJUNG, SUMATERA BARAT",3,22,153,175
https://kawalpemilu.org#13119,"PALANGKI, IV NAGARI, SIJUNJUNG, SUMATERA BARAT",4,5,171,176
https://kawalpemilu.org#13119,"PALANGKI, IV NAGARI, SIJUNJUNG, SUMATERA BARAT",6,16,200,216
https://kawalpemilu.org#13119,"PALANGKI, IV NAGARI, SIJUNJUNG, SUMATERA BARAT",7,20,177,197
https://kawalpemilu.org#13119,"PALANGKI, IV NAGARI, SIJUNJUNG, SUMATERA BARAT",8,20,177,197
https://kawalpemilu.org#13119,"PALANGKI, IV NAGARI, SIJUNJUNG, SUMATERA BARAT",9,13,206,219
https://kawalpemilu.org#13119,"PALANGKI, IV NAGARI, SIJUNJUNG, SUMATERA BARAT",10,21,193,214
https://kawalpemilu.org#13119,"PALANGKI, IV NAGARI, SIJUNJUNG, SUMATERA BARAT",11,10,145,155
https://kawalpemilu.org#13119,"PALANGKI, IV NAGARI, SIJUNJUNG, SUMATERA BARAT",12,18,168,186
https://kawalpemilu.org#13120,"KOTO BARU, IV NAGARI, SIJUNJUNG, SUMATERA BARAT",1,6,162,168
https://kawalpemilu.org#13120,"KOTO BARU, IV NAGARI, SIJUNJUNG, SUMATERA BARAT",2,7,197,204
https://kawalpemilu.org#13120,"KOTO BARU, IV NAGARI, SIJUNJUNG, SUMATERA BARAT",3,8,164,172
https://kawalpemilu.org#13120,"KOTO BARU, IV NAGARI, SIJUNJUNG, SUMATERA BARAT",4,14,202,216
https://kawalpemilu.org#13120,"KOTO BARU, IV NAGARI, SIJUNJUNG, SUMATERA BARAT",5,13,223,236
https://kawalpemilu.org#13120,"KOTO BARU, IV NAGARI, SIJUNJUNG, SUMATERA BARAT",6,8,197,205
https://kawalpemilu.org#13120,"KOTO BARU, IV NAGARI, SIJUNJUNG, SUMATERA BARAT",7,13,134,147
https://kawalpemilu.org#13120,"KOTO BARU, IV NAGARI, SIJUNJUNG, SUMATERA BARAT",8,20,158,178
https://kawalpemilu.org#13120,"KOTO BARU, IV NAGARI, SIJUNJUNG, SUMATERA BARAT",10,10,146,156
https://kawalpemilu.org#13121,"MUARO BODI, IV NAGARI, SIJUNJUNG, SUMATERA BARAT",1,15,169,184
https://kawalpemilu.org#13121,"MUARO BODI, IV NAGARI, SIJUNJUNG, SUMATERA BARAT",2,13,174,187
https://kawalpemilu.org#13121,"MUARO BODI, IV NAGARI, SIJUNJUNG, SUMATERA BARAT",3,12,136,148
https://kawalpemilu.org#13121,"MUARO BODI, IV NAGARI, SIJUNJUNG, SUMATERA BARAT",4,7,125,132
https://kawalpemilu.org#13121,"MUARO BODI, IV NAGARI, SIJUNJUNG, SUMATERA BARAT",5,3,179,182
https://kawalpemilu.org#13121,"MUARO BODI, IV NAGARI, SIJUNJUNG, SUMATERA BARAT",7,7,184,191
https://kawalpemilu.org#13121,"MUARO BODI, IV NAGARI, SIJUNJUNG, SUMATERA BARAT",8,13,132,145
https://kawalpemilu.org#13121,"MUARO BODI, IV NAGARI, SIJUNJUNG, SUMATERA BARAT",9,8,147,155
https://kawalpemilu.org#13121,"MUARO BODI, IV NAGARI, SIJUNJUNG, SUMATERA BARAT",10,10,164,174
https://kawalpemilu.org#13121,"MUARO BODI, IV NAGARI, SIJUNJUNG, SUMATERA BARAT",11,4,157,161
https://kawalpemilu.org#13121,"MUARO BODI, IV NAGARI, SIJUNJUNG, SUMATERA BARAT",12,15,158,173
https://kawalpemilu.org#13122,"MUNDAM SAKTI, IV NAGARI, SIJUNJUNG, SUMATERA BARAT",1,17,185,202
https://kawalpemilu.org#13122,"MUNDAM SAKTI, IV NAGARI, SIJUNJUNG, SUMATERA BARAT",2,8,183,191
https://kawalpemilu.org#13122,"MUNDAM SAKTI, IV NAGARI, SIJUNJUNG, SUMATERA BARAT",3,12,158,170
https://kawalpemilu.org#13122,"MUNDAM SAKTI, IV NAGARI, SIJUNJUNG, SUMATERA BARAT",4,5,141,146
https://kawalpemilu.org#13122,"MUNDAM SAKTI, IV NAGARI, SIJUNJUNG, SUMATERA BARAT",5,7,161,168
https://kawalpemilu.org#13122,"MUNDAM SAKTI, IV NAGARI, SIJUNJUNG, SUMATERA BARAT",6,7,186,193
https://kawalpemilu.org#13122,"MUNDAM SAKTI, IV NAGARI, SIJUNJUNG, SUMATERA BARAT",7,5,158,163
https://kawalpemilu.org#13122,"MUNDAM SAKTI, IV NAGARI, SIJUNJUNG, SUMATERA BARAT",9,7,160,167
https://kawalpemilu.org#13123,"KOTO TUO, IV NAGARI, SIJUNJUNG, SUMATERA BARAT",1,6,238,244
https://kawalpemilu.org#13123,"KOTO TUO, IV NAGARI, SIJUNJUNG, SUMATERA BARAT",2,12,220,232
https://kawalpemilu.org#13123,"KOTO TUO, IV NAGARI, SIJUNJUNG, SUMATERA BARAT",3,8,168,176
https://kawalpemilu.org#13123,"KOTO TUO, IV NAGARI, SIJUNJUNG, SUMATERA BARAT",4,16,126,142
https://kawalpemilu.org#13123,"KOTO TUO, IV NAGARI, SIJUNJUNG, SUMATERA BARAT",5,3,154,157
https://kawalpemilu.org#13123,"KOTO TUO, IV NAGARI, SIJUNJUNG, SUMATERA BARAT",6,10,139,149
https://kawalpemilu.org#13125,"SUNGAI LANSEK, KAMANG BARU, SIJUNJUNG, SUMATERA BARAT",1,29,220,249
https://kawalpemilu.org#13125,"SUNGAI LANSEK, KAMANG BARU, SIJUNJUNG, SUMATERA BARAT",2,17,213,230
https://kawalpemilu.org#13125,"SUNGAI LANSEK, KAMANG BARU, SIJUNJUNG, SUMATERA BARAT",3,20,169,189
https://kawalpemilu.org#13125,"SUNGAI LANSEK, KAMANG BARU, SIJUNJUNG, SUMATERA BARAT",4,6,189,195
https://kawalpemilu.org#13125,"SUNGAI LANSEK, KAMANG BARU, SIJUNJUNG, SUMATERA BARAT",5,6,120,126
https://kawalpemilu.org#13125,"SUNGAI LANSEK, KAMANG BARU, SIJUNJUNG, SUMATERA BARAT",6,10,154,164
https://kawalpemilu.org#13125,"SUNGAI LANSEK, KAMANG BARU, SIJUNJUNG, SUMATERA BARAT",7,6,111,117
https://kawalpemilu.org#13125,"SUNGAI LANSEK, KAMANG BARU, SIJUNJUNG, SUMATERA BARAT",8,7,134,141
https://kawalpemilu.org#13125,"SUNGAI LANSEK, KAMANG BARU, SIJUNJUNG, SUMATERA BARAT",9,13,226,239
https://kawalpemilu.org#13125,"SUNGAI LANSEK, KAMANG BARU, SIJUNJUNG, SUMATERA BARAT",10,27,215,242
https://kawalpemilu.org#13125,"SUNGAI LANSEK, KAMANG BARU, SIJUNJUNG, SUMATERA BARAT",11,16,253,269
https://kawalpemilu.org#13125,"SUNGAI LANSEK, KAMANG BARU, SIJUNJUNG, SUMATERA BARAT",12,13,169,182
https://kawalpemilu.org#13125,"SUNGAI LANSEK, KAMANG BARU, SIJUNJUNG, SUMATERA BARAT",13,15,120,135
https://kawalpemilu.org#13125,"SUNGAI LANSEK, KAMANG BARU, SIJUNJUNG, SUMATERA BARAT",14,21,129,150
https://kawalpemilu.org#13125,"SUNGAI LANSEK, KAMANG BARU, SIJUNJUNG, SUMATERA BARAT",15,11,112,123
https://kawalpemilu.org#13125,"SUNGAI LANSEK, KAMANG BARU, SIJUNJUNG, SUMATERA BARAT",16,2,157,159
https://kawalpemilu.org#13125,"SUNGAI LANSEK, KAMANG BARU, SIJUNJUNG, SUMATERA BARAT",17,11,157,168
https://kawalpemilu.org#13126,"KAMANG, KAMANG BARU, SIJUNJUNG, SUMATERA BARAT",1,106,56,162
https://kawalpemilu.org#13126,"KAMANG, KAMANG BARU, SIJUNJUNG, SUMATERA BARAT",2,94,137,231
https://kawalpemilu.org#13126,"KAMANG, KAMANG BARU, SIJUNJUNG, SUMATERA BARAT",3,70,46,116
https://kawalpemilu.org#13126,"KAMANG, KAMANG BARU, SIJUNJUNG, SUMATERA BARAT",4,125,82,207
https://kawalpemilu.org#13126,"KAMANG, KAMANG BARU, SIJUNJUNG, SUMATERA BARAT",5,67,61,128
https://kawalpemilu.org#13126,"KAMANG, KAMANG BARU, SIJUNJUNG, SUMATERA BARAT",6,101,38,139
https://kawalpemilu.org#13126,"KAMANG, KAMANG BARU, SIJUNJUNG, SUMATERA BARAT",7,148,49,197
https://kawalpemilu.org#13126,"KAMANG, KAMANG BARU, SIJUNJUNG, SUMATERA BARAT",8,86,57,143
https://kawalpemilu.org#13126,"KAMANG, KAMANG BARU, SIJUNJUNG, SUMATERA BARAT",9,93,64,157
https://kawalpemilu.org#13126,"KAMANG, KAMANG BARU, SIJUNJUNG, SUMATERA BARAT",10,40,163,203
https://kawalpemilu.org#13126,"KAMANG, KAMANG BARU, SIJUNJUNG, SUMATERA BARAT",11,17,168,185
https://kawalpemilu.org#13126,"KAMANG, KAMANG BARU, SIJUNJUNG, SUMATERA BARAT",12,17,209,226
https://kawalpemilu.org#13126,"KAMANG, KAMANG BARU, SIJUNJUNG, SUMATERA BARAT",13,20,178,198
https://kawalpemilu.org#13126,"KAMANG, KAMANG BARU, SIJUNJUNG, SUMATERA BARAT",14,50,99,149
https://kawalpemilu.org#13126,"KAMANG, KAMANG BARU, SIJUNJUNG, SUMATERA BARAT",15,44,147,191
https://kawalpemilu.org#13126,"KAMANG, KAMANG BARU, SIJUNJUNG, SUMATERA BARAT",16,107,46,153
https://kawalpemilu.org#13126,"KAMANG, KAMANG BARU, SIJUNJUNG, SUMATERA BARAT",17,91,65,156
https://kawalpemilu.org#13126,"KAMANG, KAMANG BARU, SIJUNJUNG, SUMATERA BARAT",18,92,49,141
https://kawalpemilu.org#13126,"KAMANG, KAMANG BARU, SIJUNJUNG, SUMATERA BARAT",19,129,44,173
https://kawalpemilu.org#13126,"KAMANG, KAMANG BARU, SIJUNJUNG, SUMATERA BARAT",20,183,49,232
https://kawalpemilu.org#13126,"KAMANG, KAMANG BARU, SIJUNJUNG, SUMATERA BARAT",21,22,223,245
https://kawalpemilu.org#13126,"KAMANG, KAMANG BARU, SIJUNJUNG, SUMATERA BARAT",22,12,147,159
https://kawalpemilu.org#13126,"KAMANG, KAMANG BARU, SIJUNJUNG, SUMATERA BARAT",23,67,77,144
https://kawalpemilu.org#13126,"KAMANG, KAMANG BARU, SIJUNJUNG, SUMATERA BARAT",24,113,40,153
https://kawalpemilu.org#13126,"KAMANG, KAMANG BARU, SIJUNJUNG, SUMATERA BARAT",25,122,128,250
https://kawalpemilu.org#13126,"KAMANG, KAMANG BARU, SIJUNJUNG, SUMATERA BARAT",26,73,63,136
https://kawalpemilu.org#13126,"KAMANG, KAMANG BARU, SIJUNJUNG, SUMATERA BARAT",27,87,40,127
https://kawalpemilu.org#13126,"KAMANG, KAMANG BARU, SIJUNJUNG, SUMATERA BARAT",28,146,68,214
https://kawalpemilu.org#13126,"KAMANG, KAMANG BARU, SIJUNJUNG, SUMATERA BARAT",29,104,58,162
https://kawalpemilu.org#13126,"KAMANG, KAMANG BARU, SIJUNJUNG, SUMATERA BARAT",30,9,91,100
https://kawalpemilu.org#13126,"KAMANG, KAMANG BARU, SIJUNJUNG, SUMATERA BARAT",31,15,139,154
https://kawalpemilu.org#13126,"KAMANG, KAMANG BARU, SIJUNJUNG, SUMATERA BARAT",32,26,165,191
https://kawalpemilu.org#13126,"KAMANG, KAMANG BARU, SIJUNJUNG, SUMATERA BARAT",33,32,112,144
https://kawalpemilu.org#13126,"KAMANG, KAMANG BARU, SIJUNJUNG, SUMATERA BARAT",34,51,200,251
https://kawalpemilu.org#13126,"KAMANG, KAMANG BARU, SIJUNJUNG, SUMATERA BARAT",35,45,90,135
https://kawalpemilu.org#13126,"KAMANG, KAMANG BARU, SIJUNJUNG, SUMATERA BARAT",36,146,46,192
https://kawalpemilu.org#13126,"KAMANG, KAMANG BARU, SIJUNJUNG, SUMATERA BARAT",37,113,50,163
https://kawalpemilu.org#13126,"KAMANG, KAMANG BARU, SIJUNJUNG, SUMATERA BARAT",38,83,60,143
https://kawalpemilu.org#13126,"KAMANG, KAMANG BARU, SIJUNJUNG, SUMATERA BARAT",39,84,42,126
https://kawalpemilu.org#13127,"MUARO TAKUANG, KAMANG BARU, SIJUNJUNG, SUMATERA BARAT",1,44,100,144
https://kawalpemilu.org#13127,"MUARO TAKUANG, KAMANG BARU, SIJUNJUNG, SUMATERA BARAT",2,24,164,188
https://kawalpemilu.org#13127,"MUARO TAKUANG, KAMANG BARU, SIJUNJUNG, SUMATERA BARAT",3,24,175,199
https://kawalpemilu.org#13127,"MUARO TAKUANG, KAMANG BARU, SIJUNJUNG, SUMATERA BARAT",4,37,187,224
https://kawalpemilu.org#13127,"MUARO TAKUANG, KAMANG BARU, SIJUNJUNG, SUMATERA BARAT",5,21,139,160
https://kawalpemilu.org#13127,"MUARO TAKUANG, KAMANG BARU, SIJUNJUNG, SUMATERA BARAT",6,24,177,201
https://kawalpemilu.org#13127,"MUARO TAKUANG, KAMANG BARU, SIJUNJUNG, SUMATERA BARAT",7,18,176,194
https://kawalpemilu.org#13127,"MUARO TAKUANG, KAMANG BARU, SIJUNJUNG, SUMATERA BARAT",8,50,193,243
https://kawalpemilu.org#13127,"MUARO TAKUANG, KAMANG BARU, SIJUNJUNG, SUMATERA BARAT",9,27,170,197
https://kawalpemilu.org#13127,"MUARO TAKUANG, KAMANG BARU, SIJUNJUNG, SUMATERA BARAT",10,20,74,94
https://kawalpemilu.org#13127,"MUARO TAKUANG, KAMANG BARU, SIJUNJUNG, SUMATERA BARAT",11,58,114,172
https://kawalpemilu.org#13127,"MUARO TAKUANG, KAMANG BARU, SIJUNJUNG, SUMATERA BARAT",12,16,177,193
https://kawalpemilu.org#13127,"MUARO TAKUANG, KAMANG BARU, SIJUNJUNG, SUMATERA BARAT",13,13,117,130
https://kawalpemilu.org#13127,"MUARO TAKUANG, KAMANG BARU, SIJUNJUNG, SUMATERA BARAT",14,21,164,185
https://kawalpemilu.org#13127,"MUARO TAKUANG, KAMANG BARU, SIJUNJUNG, SUMATERA BARAT",15,16,107,123
https://kawalpemilu.org#13127,"MUARO TAKUANG, KAMANG BARU, SIJUNJUNG, SUMATERA BARAT",16,27,111,138
https://kawalpemilu.org#13127,"MUARO TAKUANG, KAMANG BARU, SIJUNJUNG, SUMATERA BARAT",17,19,103,122
https://kawalpemilu.org#13127,"MUARO TAKUANG, KAMANG BARU, SIJUNJUNG, SUMATERA BARAT",18,45,110,155
https://kawalpemilu.org#13128,"AIA AMO, KAMANG BARU, SIJUNJUNG, SUMATERA BARAT",1,17,190,207
https://kawalpemilu.org#13128,"AIA AMO, KAMANG BARU, SIJUNJUNG, SUMATERA BARAT",2,17,171,188
https://kawalpemilu.org#13128,"AIA AMO, KAMANG BARU, SIJUNJUNG, SUMATERA BARAT",3,5,207,212
https://kawalpemilu.org#13128,"AIA AMO, KAMANG BARU, SIJUNJUNG, SUMATERA BARAT",4,3,130,133
https://kawalpemilu.org#13128,"AIA AMO, KAMANG BARU, SIJUNJUNG, SUMATERA BARAT",5,31,194,225
https://kawalpemilu.org#13128,"AIA AMO, KAMANG BARU, SIJUNJUNG, SUMATERA BARAT",6,26,175,201
https://kawalpemilu.org#13128,"AIA AMO, KAMANG BARU, SIJUNJUNG, SUMATERA BARAT",7,57,141,198
https://kawalpemilu.org#13128,"AIA AMO, KAMANG BARU, SIJUNJUNG, SUMATERA BARAT",8,9,112,121
https://kawalpemilu.org#13128,"AIA AMO, KAMANG BARU, SIJUNJUNG, SUMATERA BARAT",9,4,138,142
https://kawalpemilu.org#13129,"SUNGAI BATUANG, KAMANG BARU, SIJUNJUNG, SUMATERA BARAT",1,22,162,184
https://kawalpemilu.org#13129,"SUNGAI BATUANG, KAMANG BARU, SIJUNJUNG, SUMATERA BARAT",2,21,157,178
https://kawalpemilu.org#13129,"SUNGAI BATUANG, KAMANG BARU, SIJUNJUNG, SUMATERA BARAT",3,5,153,158
https://kawalpemilu.org#13129,"SUNGAI BATUANG, KAMANG BARU, SIJUNJUNG, SUMATERA BARAT",4,29,171,200
https://kawalpemilu.org#13129,"SUNGAI BATUANG, KAMANG BARU, SIJUNJUNG, SUMATERA BARAT",5,21,153,174
https://kawalpemilu.org#13129,"SUNGAI BATUANG, KAMANG BARU, SIJUNJUNG, SUMATERA BARAT",6,17,196,213
https://kawalpemilu.org#13129,"SUNGAI BATUANG, KAMANG BARU, SIJUNJUNG, SUMATERA BARAT",7,14,125,139
https://kawalpemilu.org#13129,"SUNGAI BATUANG, KAMANG BARU, SIJUNJUNG, SUMATERA BARAT",8,10,102,112
https://kawalpemilu.org#13130,"KUNANGAN PARIT RANTANG, KAMANG BARU, SIJUNJUNG, SUMATERA BARAT",1,15,207,222
https://kawalpemilu.org#13130,"KUNANGAN PARIT RANTANG, KAMANG BARU, SIJUNJUNG, SUMATERA BARAT",2,13,210,223
https://kawalpemilu.org#13130,"KUNANGAN PARIT RANTANG, KAMANG BARU, SIJUNJUNG, SUMATERA BARAT",3,27,215,242
https://kawalpemilu.org#13130,"KUNANGAN PARIT RANTANG, KAMANG BARU, SIJUNJUNG, SUMATERA BARAT",4,12,142,154
https://kawalpemilu.org#13130,"KUNANGAN PARIT RANTANG, KAMANG BARU, SIJUNJUNG, SUMATERA BARAT",5,49,160,209
https://kawalpemilu.org#13130,"KUNANGAN PARIT RANTANG, KAMANG BARU, SIJUNJUNG, SUMATERA BARAT",6,83,169,252
https://kawalpemilu.org#13130,"KUNANGAN PARIT RANTANG, KAMANG BARU, SIJUNJUNG, SUMATERA BARAT",7,93,157,250
https://kawalpemilu.org#13130,"KUNANGAN PARIT RANTANG, KAMANG BARU, SIJUNJUNG, SUMATERA BARAT",9,105,91,196
https://kawalpemilu.org#13130,"KUNANGAN PARIT RANTANG, KAMANG BARU, SIJUNJUNG, SUMATERA BARAT",10,117,138,255
https://kawalpemilu.org#13130,"KUNANGAN PARIT RANTANG, KAMANG BARU, SIJUNJUNG, SUMATERA BARAT",11,87,157,244
https://kawalpemilu.org#13130,"KUNANGAN PARIT RANTANG, KAMANG BARU, SIJUNJUNG, SUMATERA BARAT",12,14,135,149
https://kawalpemilu.org#13130,"KUNANGAN PARIT RANTANG, KAMANG BARU, SIJUNJUNG, SUMATERA BARAT",13,100,154,254
https://kawalpemilu.org#13130,"KUNANGAN PARIT RANTANG, KAMANG BARU, SIJUNJUNG, SUMATERA BARAT",14,132,140,272
https://kawalpemilu.org#13130,"KUNANGAN PARIT RANTANG, KAMANG BARU, SIJUNJUNG, SUMATERA BARAT",15,90,123,213
https://kawalpemilu.org#13130,"KUNANGAN PARIT RANTANG, KAMANG BARU, SIJUNJUNG, SUMATERA BARAT",16,93,92,185
https://kawalpemilu.org#13130,"KUNANGAN PARIT RANTANG, KAMANG BARU, SIJUNJUNG, SUMATERA BARAT",17,115,81,196
https://kawalpemilu.org#13130,"KUNANGAN PARIT RANTANG, KAMANG BARU, SIJUNJUNG, SUMATERA BARAT",18,82,91,173
https://kawalpemilu.org#13130,"KUNANGAN PARIT RANTANG, KAMANG BARU, SIJUNJUNG, SUMATERA BARAT",19,30,51,81
https://kawalpemilu.org#13130,"KUNANGAN PARIT RANTANG, KAMANG BARU, SIJUNJUNG, SUMATERA BARAT",20,30,144,174
https://kawalpemilu.org#13130,"KUNANGAN PARIT RANTANG, KAMANG BARU, SIJUNJUNG, SUMATERA BARAT",21,16,119,135
https://kawalpemilu.org#13130,"KUNANGAN PARIT RANTANG, KAMANG BARU, SIJUNJUNG, SUMATERA BARAT",22,0,0,0
https://kawalpemilu.org#13130,"KUNANGAN PARIT RANTANG, KAMANG BARU, SIJUNJUNG, SUMATERA BARAT",23,10,180,190
https://kawalpemilu.org#13130,"KUNANGAN PARIT RANTANG, KAMANG BARU, SIJUNJUNG, SUMATERA BARAT",24,64,161,225
https://kawalpemilu.org#13130,"KUNANGAN PARIT RANTANG, KAMANG BARU, SIJUNJUNG, SUMATERA BARAT",25,27,123,150
https://kawalpemilu.org#13130,"KUNANGAN PARIT RANTANG, KAMANG BARU, SIJUNJUNG, SUMATERA BARAT",26,86,125,211
https://kawalpemilu.org#13130,"KUNANGAN PARIT RANTANG, KAMANG BARU, SIJUNJUNG, SUMATERA BARAT",27,115,131,246
https://kawalpemilu.org#13130,"KUNANGAN PARIT RANTANG, KAMANG BARU, SIJUNJUNG, SUMATERA BARAT",28,6,124,130
https://kawalpemilu.org#13130,"KUNANGAN PARIT RANTANG, KAMANG BARU, SIJUNJUNG, SUMATERA BARAT",29,116,94,210
https://kawalpemilu.org#13131,"TANJUNG KALIANG, KAMANG BARU, SIJUNJUNG, SUMATERA BARAT",1,3,189,192
https://kawalpemilu.org#13131,"TANJUNG KALIANG, KAMANG BARU, SIJUNJUNG, SUMATERA BARAT",2,6,229,235
https://kawalpemilu.org#13131,"TANJUNG KALIANG, KAMANG BARU, SIJUNJUNG, SUMATERA BARAT",5,10,117,127
https://kawalpemilu.org#13132,"PADANG TAROK, KAMANG BARU, SIJUNJUNG, SUMATERA BARAT",1,8,154,162
https://kawalpemilu.org#13132,"PADANG TAROK, KAMANG BARU, SIJUNJUNG, SUMATERA BARAT",2,4,124,128
https://kawalpemilu.org#13132,"PADANG TAROK, KAMANG BARU, SIJUNJUNG, SUMATERA BARAT",3,18,166,184
https://kawalpemilu.org#13132,"PADANG TAROK, KAMANG BARU, SIJUNJUNG, SUMATERA BARAT",4,5,178,183
https://kawalpemilu.org#13132,"PADANG TAROK, KAMANG BARU, SIJUNJUNG, SUMATERA BARAT",5,6,123,129
https://kawalpemilu.org#13132,"PADANG TAROK, KAMANG BARU, SIJUNJUNG, SUMATERA BARAT",6,93,46,139
https://kawalpemilu.org#13133,"SIAUR, KAMANG BARU, SIJUNJUNG, SUMATERA BARAT",1,12,132,144
https://kawalpemilu.org#13133,"SIAUR, KAMANG BARU, SIJUNJUNG, SUMATERA BARAT",2,5,144,149
https://kawalpemilu.org#13133,"SIAUR, KAMANG BARU, SIJUNJUNG, SUMATERA BARAT",3,9,137,146
https://kawalpemilu.org#13133,"SIAUR, KAMANG BARU, SIJUNJUNG, SUMATERA BARAT",5,3,153,156
https://kawalpemilu.org#13133,"SIAUR, KAMANG BARU, SIJUNJUNG, SUMATERA BARAT",6,8,152,160
https://kawalpemilu.org#13134,"LUBUK TARANTANG, KAMANG BARU, SIJUNJUNG, SUMATERA BARAT",1,144,81,225
https://kawalpemilu.org#13134,"LUBUK TARANTANG, KAMANG BARU, SIJUNJUNG, SUMATERA BARAT",2,27,191,218
https://kawalpemilu.org#13134,"LUBUK TARANTANG, KAMANG BARU, SIJUNJUNG, SUMATERA BARAT",5,6,141,147
https://kawalpemilu.org#13135,"MALORO, KAMANG BARU, SIJUNJUNG, SUMATERA BARAT",1,14,192,206
https://kawalpemilu.org#13135,"MALORO, KAMANG BARU, SIJUNJUNG, SUMATERA BARAT",2,13,172,185
https://kawalpemilu.org#13135,"MALORO, KAMANG BARU, SIJUNJUNG, SUMATERA BARAT",3,15,97,112
https://kawalpemilu.org#13135,"MALORO, KAMANG BARU, SIJUNJUNG, SUMATERA BARAT",4,9,129,138
https://kawalpemilu.org#13135,"MALORO, KAMANG BARU, SIJUNJUNG, SUMATERA BARAT",5,15,167,182
https://kawalpemilu.org#13135,"MALORO, KAMANG BARU, SIJUNJUNG, SUMATERA BARAT",6,10,133,143
https://kawalpemilu.org#13135,"MALORO, KAMANG BARU, SIJUNJUNG, SUMATERA BARAT",7,7,99,106
https://kawalpemilu.org#13135,"MALORO, KAMANG BARU, SIJUNJUNG, SUMATERA BARAT",8,7,95,102
https://kawalpemilu.org#13137,"LUBUAK TAROK, LUBUAK TAROK, SIJUNJUNG, SUMATERA BARAT",1,74,86,160
https://kawalpemilu.org#13137,"LUBUAK TAROK, LUBUAK TAROK, SIJUNJUNG, SUMATERA BARAT",2,34,172,206
https://kawalpemilu.org#13137,"LUBUAK TAROK, LUBUAK TAROK, SIJUNJUNG, SUMATERA BARAT",3,46,172,218
https://kawalpemilu.org#13137,"LUBUAK TAROK, LUBUAK TAROK, SIJUNJUNG, SUMATERA BARAT",4,22,128,150
https://kawalpemilu.org#13137,"LUBUAK TAROK, LUBUAK TAROK, SIJUNJUNG, SUMATERA BARAT",5,36,126,162
https://kawalpemilu.org#13137,"LUBUAK TAROK, LUBUAK TAROK, SIJUNJUNG, SUMATERA BARAT",6,22,142,164
https://kawalpemilu.org#13137,"LUBUAK TAROK, LUBUAK TAROK, SIJUNJUNG, SUMATERA BARAT",7,90,152,242
https://kawalpemilu.org#13137,"LUBUAK TAROK, LUBUAK TAROK, SIJUNJUNG, SUMATERA BARAT",8,17,138,155
https://kawalpemilu.org#13137,"LUBUAK TAROK, LUBUAK TAROK, SIJUNJUNG, SUMATERA BARAT",9,14,169,183
https://kawalpemilu.org#13137,"LUBUAK TAROK, LUBUAK TAROK, SIJUNJUNG, SUMATERA BARAT",11,19,160,179
https://kawalpemilu.org#13137,"LUBUAK TAROK, LUBUAK TAROK, SIJUNJUNG, SUMATERA BARAT",12,51,120,171
https://kawalpemilu.org#13137,"LUBUAK TAROK, LUBUAK TAROK, SIJUNJUNG, SUMATERA BARAT",13,18,141,159
https://kawalpemilu.org#13137,"LUBUAK TAROK, LUBUAK TAROK, SIJUNJUNG, SUMATERA BARAT",14,30,130,160
https://kawalpemilu.org#13137,"LUBUAK TAROK, LUBUAK TAROK, SIJUNJUNG, SUMATERA BARAT",15,27,123,150
https://kawalpemilu.org#13137,"LUBUAK TAROK, LUBUAK TAROK, SIJUNJUNG, SUMATERA BARAT",16,35,129,164
https://kawalpemilu.org#13137,"LUBUAK TAROK, LUBUAK TAROK, SIJUNJUNG, SUMATERA BARAT",17,26,98,124
https://kawalpemilu.org#13137,"LUBUAK TAROK, LUBUAK TAROK, SIJUNJUNG, SUMATERA BARAT",18,65,151,216
https://kawalpemilu.org#13137,"LUBUAK TAROK, LUBUAK TAROK, SIJUNJUNG, SUMATERA BARAT",19,9,166,175
https://kawalpemilu.org#13137,"LUBUAK TAROK, LUBUAK TAROK, SIJUNJUNG, SUMATERA BARAT",20,37,152,189
https://kawalpemilu.org#13137,"LUBUAK TAROK, LUBUAK TAROK, SIJUNJUNG, SUMATERA BARAT",21,30,137,167
https://kawalpemilu.org#13137,"LUBUAK TAROK, LUBUAK TAROK, SIJUNJUNG, SUMATERA BARAT",22,42,88,130
https://kawalpemilu.org#13138,"LALAN, LUBUAK TAROK, SIJUNJUNG, SUMATERA BARAT",1,33,199,232
https://kawalpemilu.org#13138,"LALAN, LUBUAK TAROK, SIJUNJUNG, SUMATERA BARAT",4,35,205,240
https://kawalpemilu.org#13138,"LALAN, LUBUAK TAROK, SIJUNJUNG, SUMATERA BARAT",5,16,213,229
https://kawalpemilu.org#13138,"LALAN, LUBUAK TAROK, SIJUNJUNG, SUMATERA BARAT",6,24,161,185
https://kawalpemilu.org#13138,"LALAN, LUBUAK TAROK, SIJUNJUNG, SUMATERA BARAT",7,8,176,184
https://kawalpemilu.org#13138,"LALAN, LUBUAK TAROK, SIJUNJUNG, SUMATERA BARAT",8,14,195,209
https://kawalpemilu.org#13139,"BULUAH KASOK, LUBUAK TAROK, SIJUNJUNG, SUMATERA BARAT",1,19,150,169
https://kawalpemilu.org#13139,"BULUAH KASOK, LUBUAK TAROK, SIJUNJUNG, SUMATERA BARAT",2,30,119,149
https://kawalpemilu.org#13139,"BULUAH KASOK, LUBUAK TAROK, SIJUNJUNG, SUMATERA BARAT",3,41,174,215
https://kawalpemilu.org#13139,"BULUAH KASOK, LUBUAK TAROK, SIJUNJUNG, SUMATERA BARAT",5,16,92,108
https://kawalpemilu.org#13139,"BULUAH KASOK, LUBUAK TAROK, SIJUNJUNG, SUMATERA BARAT",6,29,165,194
https://kawalpemilu.org#13139,"BULUAH KASOK, LUBUAK TAROK, SIJUNJUNG, SUMATERA BARAT",7,34,194,228
https://kawalpemilu.org#13139,"BULUAH KASOK, LUBUAK TAROK, SIJUNJUNG, SUMATERA BARAT",8,19,155,174
https://kawalpemilu.org#13140,"KAMPUNG DALAM, LUBUAK TAROK, SIJUNJUNG, SUMATERA BARAT",1,26,121,147
https://kawalpemilu.org#13140,"KAMPUNG DALAM, LUBUAK TAROK, SIJUNJUNG, SUMATERA BARAT",2,37,177,214
https://kawalpemilu.org#13140,"KAMPUNG DALAM, LUBUAK TAROK, SIJUNJUNG, SUMATERA BARAT",3,19,186,205
https://kawalpemilu.org#13140,"KAMPUNG DALAM, LUBUAK TAROK, SIJUNJUNG, SUMATERA BARAT",4,43,86,129
https://kawalpemilu.org#13140,"KAMPUNG DALAM, LUBUAK TAROK, SIJUNJUNG, SUMATERA BARAT",5,16,121,137
https://kawalpemilu.org#13140,"KAMPUNG DALAM, LUBUAK TAROK, SIJUNJUNG, SUMATERA BARAT",6,24,154,178
https://kawalpemilu.org#13141,"LATANG, LUBUAK TAROK, SIJUNJUNG, SUMATERA BARAT",1,39,94,133
https://kawalpemilu.org#13141,"LATANG, LUBUAK TAROK, SIJUNJUNG, SUMATERA BARAT",2,48,110,158
https://kawalpemilu.org#13141,"LATANG, LUBUAK TAROK, SIJUNJUNG, SUMATERA BARAT",4,28,141,169
https://kawalpemilu.org#13142,"SILONGO, LUBUAK TAROK, SIJUNJUNG, SUMATERA BARAT",1,23,158,181
https://kawalpemilu.org#13142,"SILONGO, LUBUAK TAROK, SIJUNJUNG, SUMATERA BARAT",2,18,190,208
https://kawalpemilu.org#13142,"SILONGO, LUBUAK TAROK, SIJUNJUNG, SUMATERA BARAT",3,29,187,216
https://kawalpemilu.org#13144,"LIMO KOTO, KOTO VII, SIJUNJUNG, SUMATERA BARAT",1,26,206,232
https://kawalpemilu.org#13144,"LIMO KOTO, KOTO VII, SIJUNJUNG, SUMATERA BARAT",2,21,209,230
https://kawalpemilu.org#13144,"LIMO KOTO, KOTO VII, SIJUNJUNG, SUMATERA BARAT",3,13,208,221
https://kawalpemilu.org#13144,"LIMO KOTO, KOTO VII, SIJUNJUNG, SUMATERA BARAT",5,8,174,182
https://kawalpemilu.org#13144,"LIMO KOTO, KOTO VII, SIJUNJUNG, SUMATERA BARAT",6,11,189,200
https://kawalpemilu.org#13144,"LIMO KOTO, KOTO VII, SIJUNJUNG, SUMATERA BARAT",7,12,209,221
https://kawalpemilu.org#13144,"LIMO KOTO, KOTO VII, SIJUNJUNG, SUMATERA BARAT",8,10,119,129
https://kawalpemilu.org#13144,"LIMO KOTO, KOTO VII, SIJUNJUNG, SUMATERA BARAT",9,15,209,224
https://kawalpemilu.org#13144,"LIMO KOTO, KOTO VII, SIJUNJUNG, SUMATERA BARAT",11,32,134,166
https://kawalpemilu.org#13144,"LIMO KOTO, KOTO VII, SIJUNJUNG, SUMATERA BARAT",12,47,167,214
https://kawalpemilu.org#13144,"LIMO KOTO, KOTO VII, SIJUNJUNG, SUMATERA BARAT",13,6,181,187
https://kawalpemilu.org#13144,"LIMO KOTO, KOTO VII, SIJUNJUNG, SUMATERA BARAT",14,21,142,163
https://kawalpemilu.org#13144,"LIMO KOTO, KOTO VII, SIJUNJUNG, SUMATERA BARAT",15,29,156,185
https://kawalpemilu.org#13144,"LIMO KOTO, KOTO VII, SIJUNJUNG, SUMATERA BARAT",16,29,194,223
https://kawalpemilu.org#13144,"LIMO KOTO, KOTO VII, SIJUNJUNG, SUMATERA BARAT",17,20,177,197
https://kawalpemilu.org#13144,"LIMO KOTO, KOTO VII, SIJUNJUNG, SUMATERA BARAT",18,17,207,224
https://kawalpemilu.org#13144,"LIMO KOTO, KOTO VII, SIJUNJUNG, SUMATERA BARAT",19,3,116,119
https://kawalpemilu.org#13144,"LIMO KOTO, KOTO VII, SIJUNJUNG, SUMATERA BARAT",20,7,179,186
https://kawalpemilu.org#13144,"LIMO KOTO, KOTO VII, SIJUNJUNG, SUMATERA BARAT",21,35,156,191
https://kawalpemilu.org#13144,"LIMO KOTO, KOTO VII, SIJUNJUNG, SUMATERA BARAT",22,24,197,221
https://kawalpemilu.org#13144,"LIMO KOTO, KOTO VII, SIJUNJUNG, SUMATERA BARAT",23,25,211,236
https://kawalpemilu.org#13144,"LIMO KOTO, KOTO VII, SIJUNJUNG, SUMATERA BARAT",24,12,144,156
https://kawalpemilu.org#13144,"LIMO KOTO, KOTO VII, SIJUNJUNG, SUMATERA BARAT",25,8,223,231
https://kawalpemilu.org#13144,"LIMO KOTO, KOTO VII, SIJUNJUNG, SUMATERA BARAT",26,18,111,129
https://kawalpemilu.org#13144,"LIMO KOTO, KOTO VII, SIJUNJUNG, SUMATERA BARAT",27,22,185,207
https://kawalpemilu.org#13144,"LIMO KOTO, KOTO VII, SIJUNJUNG, SUMATERA BARAT",28,24,114,138
https://kawalpemilu.org#13144,"LIMO KOTO, KOTO VII, SIJUNJUNG, SUMATERA BARAT",30,15,108,123
https://kawalpemilu.org#13144,"LIMO KOTO, KOTO VII, SIJUNJUNG, SUMATERA BARAT",31,14,183,197
https://kawalpemilu.org#13144,"LIMO KOTO, KOTO VII, SIJUNJUNG, SUMATERA BARAT",32,6,144,150
https://kawalpemilu.org#13145,"PALALUAR, KOTO VII, SIJUNJUNG, SUMATERA BARAT",1,16,185,201
https://kawalpemilu.org#13145,"PALALUAR, KOTO VII, SIJUNJUNG, SUMATERA BARAT",2,21,145,166
https://kawalpemilu.org#13145,"PALALUAR, KOTO VII, SIJUNJUNG, SUMATERA BARAT",3,15,173,188
https://kawalpemilu.org#13145,"PALALUAR, KOTO VII, SIJUNJUNG, SUMATERA BARAT",4,11,160,171
https://kawalpemilu.org#13145,"PALALUAR, KOTO VII, SIJUNJUNG, SUMATERA BARAT",5,15,151,166
https://kawalpemilu.org#13145,"PALALUAR, KOTO VII, SIJUNJUNG, SUMATERA BARAT",6,17,193,210
https://kawalpemilu.org#13145,"PALALUAR, KOTO VII, SIJUNJUNG, SUMATERA BARAT",7,6,139,145
https://kawalpemilu.org#13145,"PALALUAR, KOTO VII, SIJUNJUNG, SUMATERA BARAT",8,5,189,194
https://kawalpemilu.org#13145,"PALALUAR, KOTO VII, SIJUNJUNG, SUMATERA BARAT",9,4,113,117
https://kawalpemilu.org#13145,"PALALUAR, KOTO VII, SIJUNJUNG, SUMATERA BARAT",10,16,158,174
https://kawalpemilu.org#13145,"PALALUAR, KOTO VII, SIJUNJUNG, SUMATERA BARAT",11,11,161,172
https://kawalpemilu.org#13145,"PALALUAR, KOTO VII, SIJUNJUNG, SUMATERA BARAT",12,12,121,133
https://kawalpemilu.org#13145,"PALALUAR, KOTO VII, SIJUNJUNG, SUMATERA BARAT",13,12,153,165
https://kawalpemilu.org#13146,"GUGUK, KOTO VII, SIJUNJUNG, SUMATERA BARAT",1,19,210,229
https://kawalpemilu.org#13146,"GUGUK, KOTO VII, SIJUNJUNG, SUMATERA BARAT",2,7,133,140
https://kawalpemilu.org#13146,"GUGUK, KOTO VII, SIJUNJUNG, SUMATERA BARAT",3,11,143,154
https://kawalpemilu.org#13146,"GUGUK, KOTO VII, SIJUNJUNG, SUMATERA BARAT",4,33,152,185
https://kawalpemilu.org#13146,"GUGUK, KOTO VII, SIJUNJUNG, SUMATERA BARAT",5,17,180,197
https://kawalpemilu.org#13146,"GUGUK, KOTO VII, SIJUNJUNG, SUMATERA BARAT",6,9,165,174
https://kawalpemilu.org#13146,"GUGUK, KOTO VII, SIJUNJUNG, SUMATERA BARAT",7,10,83,93
https://kawalpemilu.org#13146,"GUGUK, KOTO VII, SIJUNJUNG, SUMATERA BARAT",8,13,118,131
https://kawalpemilu.org#13147,"PADANG LAWEH, KOTO VII, SIJUNJUNG, SUMATERA BARAT",1,5,156,161
https://kawalpemilu.org#13147,"PADANG LAWEH, KOTO VII, SIJUNJUNG, SUMATERA BARAT",2,8,173,181
https://kawalpemilu.org#13147,"PADANG LAWEH, KOTO VII, SIJUNJUNG, SUMATERA BARAT",3,16,169,185
https://kawalpemilu.org#13147,"PADANG LAWEH, KOTO VII, SIJUNJUNG, SUMATERA BARAT",4,13,190,203
https://kawalpemilu.org#13147,"PADANG LAWEH, KOTO VII, SIJUNJUNG, SUMATERA BARAT",5,8,119,127
https://kawalpemilu.org#13147,"PADANG LAWEH, KOTO VII, SIJUNJUNG, SUMATERA BARAT",6,15,206,221
https://kawalpemilu.org#13147,"PADANG LAWEH, KOTO VII, SIJUNJUNG, SUMATERA BARAT",7,9,128,137
https://kawalpemilu.org#13147,"PADANG LAWEH, KOTO VII, SIJUNJUNG, SUMATERA BARAT",8,16,159,175
https://kawalpemilu.org#13147,"PADANG LAWEH, KOTO VII, SIJUNJUNG, SUMATERA BARAT",9,6,189,195
https://kawalpemilu.org#13147,"PADANG LAWEH, KOTO VII, SIJUNJUNG, SUMATERA BARAT",10,20,178,198
https://kawalpemilu.org#13147,"PADANG LAWEH, KOTO VII, SIJUNJUNG, SUMATERA BARAT",11,18,194,212
https://kawalpemilu.org#13147,"PADANG LAWEH, KOTO VII, SIJUNJUNG, SUMATERA BARAT",12,19,170,189
https://kawalpemilu.org#13147,"PADANG LAWEH, KOTO VII, SIJUNJUNG, SUMATERA BARAT",13,17,207,224
https://kawalpemilu.org#13147,"PADANG LAWEH, KOTO VII, SIJUNJUNG, SUMATERA BARAT",14,8,172,180
https://kawalpemilu.org#13147,"PADANG LAWEH, KOTO VII, SIJUNJUNG, SUMATERA BARAT",15,4,174,178
https://kawalpemilu.org#13147,"PADANG LAWEH, KOTO VII, SIJUNJUNG, SUMATERA BARAT",16,12,182,194
https://kawalpemilu.org#13147,"PADANG LAWEH, KOTO VII, SIJUNJUNG, SUMATERA BARAT",17,4,203,207
https://kawalpemilu.org#13147,"PADANG LAWEH, KOTO VII, SIJUNJUNG, SUMATERA BARAT",18,4,143,147
https://kawalpemilu.org#13147,"PADANG LAWEH, KOTO VII, SIJUNJUNG, SUMATERA BARAT",19,4,218,222
https://kawalpemilu.org#13147,"PADANG LAWEH, KOTO VII, SIJUNJUNG, SUMATERA BARAT",20,4,235,239
https://kawalpemilu.org#13147,"PADANG LAWEH, KOTO VII, SIJUNJUNG, SUMATERA BARAT",21,27,166,193
https://kawalpemilu.org#13147,"PADANG LAWEH, KOTO VII, SIJUNJUNG, SUMATERA BARAT",22,4,182,186
https://kawalpemilu.org#13147,"PADANG LAWEH, KOTO VII, SIJUNJUNG, SUMATERA BARAT",23,15,187,202
https://kawalpemilu.org#13147,"PADANG LAWEH, KOTO VII, SIJUNJUNG, SUMATERA BARAT",24,2,157,159
https://kawalpemilu.org#13147,"PADANG LAWEH, KOTO VII, SIJUNJUNG, SUMATERA BARAT",25,9,180,189
https://kawalpemilu.org#13147,"PADANG LAWEH, KOTO VII, SIJUNJUNG, SUMATERA BARAT",26,5,110,115
https://kawalpemilu.org#13147,"PADANG LAWEH, KOTO VII, SIJUNJUNG, SUMATERA BARAT",27,6,130,136
https://kawalpemilu.org#13147,"PADANG LAWEH, KOTO VII, SIJUNJUNG, SUMATERA BARAT",28,12,137,149
https://kawalpemilu.org#13147,"PADANG LAWEH, KOTO VII, SIJUNJUNG, SUMATERA BARAT",29,5,166,171
https://kawalpemilu.org#13147,"PADANG LAWEH, KOTO VII, SIJUNJUNG, SUMATERA BARAT",30,10,175,185
https://kawalpemilu.org#13147,"PADANG LAWEH, KOTO VII, SIJUNJUNG, SUMATERA BARAT",31,13,156,169
https://kawalpemilu.org#13147,"PADANG LAWEH, KOTO VII, SIJUNJUNG, SUMATERA BARAT",32,5,189,194
https://kawalpemilu.org#13147,"PADANG LAWEH, KOTO VII, SIJUNJUNG, SUMATERA BARAT",33,8,203,211
https://kawalpemilu.org#13147,"PADANG LAWEH, KOTO VII, SIJUNJUNG, SUMATERA BARAT",34,6,163,169
https://kawalpemilu.org#13147,"PADANG LAWEH, KOTO VII, SIJUNJUNG, SUMATERA BARAT",35,8,152,160
https://kawalpemilu.org#13148,"TANJUNG, KOTO VII, SIJUNJUNG, SUMATERA BARAT",1,21,98,119
https://kawalpemilu.org#13148,"TANJUNG, KOTO VII, SIJUNJUNG, SUMATERA BARAT",2,16,170,186
https://kawalpemilu.org#13148,"TANJUNG, KOTO VII, SIJUNJUNG, SUMATERA BARAT",3,20,129,149
https://kawalpemilu.org#13148,"TANJUNG, KOTO VII, SIJUNJUNG, SUMATERA BARAT",4,23,207,230
https://kawalpemilu.org#13148,"TANJUNG, KOTO VII, SIJUNJUNG, SUMATERA BARAT",5,23,192,215
https://kawalpemilu.org#13148,"TANJUNG, KOTO VII, SIJUNJUNG, SUMATERA BARAT",6,17,223,240
https://kawalpemilu.org#13148,"TANJUNG, KOTO VII, SIJUNJUNG, SUMATERA BARAT",7,8,242,250
https://kawalpemilu.org#13148,"TANJUNG, KOTO VII, SIJUNJUNG, SUMATERA BARAT",8,18,156,174
https://kawalpemilu.org#13148,"TANJUNG, KOTO VII, SIJUNJUNG, SUMATERA BARAT",9,12,155,167
https://kawalpemilu.org#13148,"TANJUNG, KOTO VII, SIJUNJUNG, SUMATERA BARAT",10,12,114,124
https://kawalpemilu.org#13148,"TANJUNG, KOTO VII, SIJUNJUNG, SUMATERA BARAT",11,15,202,217
https://kawalpemilu.org#13148,"TANJUNG, KOTO VII, SIJUNJUNG, SUMATERA BARAT",12,19,216,235
https://kawalpemilu.org#13148,"TANJUNG, KOTO VII, SIJUNJUNG, SUMATERA BARAT",13,4,113,117
https://kawalpemilu.org#13148,"TANJUNG, KOTO VII, SIJUNJUNG, SUMATERA BARAT",14,10,168,178
https://kawalpemilu.org#13148,"TANJUNG, KOTO VII, SIJUNJUNG, SUMATERA BARAT",15,16,176,192
https://kawalpemilu.org#13148,"TANJUNG, KOTO VII, SIJUNJUNG, SUMATERA BARAT",16,16,139,155
https://kawalpemilu.org#13148,"TANJUNG, KOTO VII, SIJUNJUNG, SUMATERA BARAT",17,13,115,128
https://kawalpemilu.org#13148,"TANJUNG, KOTO VII, SIJUNJUNG, SUMATERA BARAT",18,24,189,213
https://kawalpemilu.org#13148,"TANJUNG, KOTO VII, SIJUNJUNG, SUMATERA BARAT",19,5,108,113
https://kawalpemilu.org#84422,"BUKIT BUAL, KOTO VII, SIJUNJUNG, SUMATERA BARAT",1,14,219,233
https://kawalpemilu.org#84422,"BUKIT BUAL, KOTO VII, SIJUNJUNG, SUMATERA BARAT",2,12,213,225
https://kawalpemilu.org#84422,"BUKIT BUAL, KOTO VII, SIJUNJUNG, SUMATERA BARAT",3,5,150,155
https://kawalpemilu.org#84422,"BUKIT BUAL, KOTO VII, SIJUNJUNG, SUMATERA BARAT",4,20,213,233
https://kawalpemilu.org#84422,"BUKIT BUAL, KOTO VII, SIJUNJUNG, SUMATERA BARAT",5,12,162,174
https://kawalpemilu.org#13150,"SILANTAI, SUMPUR KUDUS, SIJUNJUNG, SUMATERA BARAT",1,27,183,210
https://kawalpemilu.org#13150,"SILANTAI, SUMPUR KUDUS, SIJUNJUNG, SUMATERA BARAT",2,2,134,136
https://kawalpemilu.org#13150,"SILANTAI, SUMPUR KUDUS, SIJUNJUNG, SUMATERA BARAT",3,15,231,246
https://kawalpemilu.org#13150,"SILANTAI, SUMPUR KUDUS, SIJUNJUNG, SUMATERA BARAT",4,8,144,152
https://kawalpemilu.org#13150,"SILANTAI, SUMPUR KUDUS, SIJUNJUNG, SUMATERA BARAT",5,5,238,243
https://kawalpemilu.org#13150,"SILANTAI, SUMPUR KUDUS, SIJUNJUNG, SUMATERA BARAT",6,7,131,138
https://kawalpemilu.org#13150,"SILANTAI, SUMPUR KUDUS, SIJUNJUNG, SUMATERA BARAT",7,5,145,150
https://kawalpemilu.org#13151,"SISAWAH, SUMPUR KUDUS, SIJUNJUNG, SUMATERA BARAT",1,13,217,230
https://kawalpemilu.org#13151,"SISAWAH, SUMPUR KUDUS, SIJUNJUNG, SUMATERA BARAT",2,10,134,144
https://kawalpemilu.org#13151,"SISAWAH, SUMPUR KUDUS, SIJUNJUNG, SUMATERA BARAT",3,17,157,174
https://kawalpemilu.org#13151,"SISAWAH, SUMPUR KUDUS, SIJUNJUNG, SUMATERA BARAT",4,2,170,172
https://kawalpemilu.org#13151,"SISAWAH, SUMPUR KUDUS, SIJUNJUNG, SUMATERA BARAT",5,3,159,162
https://kawalpemilu.org#13151,"SISAWAH, SUMPUR KUDUS, SIJUNJUNG, SUMATERA BARAT",7,14,131,145
https://kawalpemilu.org#13151,"SISAWAH, SUMPUR KUDUS, SIJUNJUNG, SUMATERA BARAT",8,7,153,160
https://kawalpemilu.org#13151,"SISAWAH, SUMPUR KUDUS, SIJUNJUNG, SUMATERA BARAT",10,24,160,184
https://kawalpemilu.org#13151,"SISAWAH, SUMPUR KUDUS, SIJUNJUNG, SUMATERA BARAT",11,18,152,170
https://kawalpemilu.org#13151,"SISAWAH, SUMPUR KUDUS, SIJUNJUNG, SUMATERA BARAT",12,21,158,179
https://kawalpemilu.org#13151,"SISAWAH, SUMPUR KUDUS, SIJUNJUNG, SUMATERA BARAT",13,28,146,174
https://kawalpemilu.org#13152,"UNGGAN, SUMPUR KUDUS, SIJUNJUNG, SUMATERA BARAT",1,14,218,232
https://kawalpemilu.org#13152,"UNGGAN, SUMPUR KUDUS, SIJUNJUNG, SUMATERA BARAT",2,6,179,185
https://kawalpemilu.org#13152,"UNGGAN, SUMPUR KUDUS, SIJUNJUNG, SUMATERA BARAT",3,18,171,189
https://kawalpemilu.org#13152,"UNGGAN, SUMPUR KUDUS, SIJUNJUNG, SUMATERA BARAT",4,9,147,156
https://kawalpemilu.org#13152,"UNGGAN, SUMPUR KUDUS, SIJUNJUNG, SUMATERA BARAT",5,4,133,137
https://kawalpemilu.org#13152,"UNGGAN, SUMPUR KUDUS, SIJUNJUNG, SUMATERA BARAT",6,10,181,191
https://kawalpemilu.org#13152,"UNGGAN, SUMPUR KUDUS, SIJUNJUNG, SUMATERA BARAT",7,21,174,195
https://kawalpemilu.org#13152,"UNGGAN, SUMPUR KUDUS, SIJUNJUNG, SUMATERA BARAT",8,14,174,188
https://kawalpemilu.org#13152,"UNGGAN, SUMPUR KUDUS, SIJUNJUNG, SUMATERA BARAT",9,10,122,132
https://kawalpemilu.org#13153,"TANJUNG BONAI AUR, SUMPUR KUDUS, SIJUNJUNG, SUMATERA BARAT",1,31,203,234
https://kawalpemilu.org#13153,"TANJUNG BONAI AUR, SUMPUR KUDUS, SIJUNJUNG, SUMATERA BARAT",2,20,174,194
https://kawalpemilu.org#13153,"TANJUNG BONAI AUR, SUMPUR KUDUS, SIJUNJUNG, SUMATERA BARAT",3,30,201,231
https://kawalpemilu.org#13153,"TANJUNG BONAI AUR, SUMPUR KUDUS, SIJUNJUNG, SUMATERA BARAT",4,25,161,186
https://kawalpemilu.org#13153,"TANJUNG BONAI AUR, SUMPUR KUDUS, SIJUNJUNG, SUMATERA BARAT",5,21,147,168
https://kawalpemilu.org#13153,"TANJUNG BONAI AUR, SUMPUR KUDUS, SIJUNJUNG, SUMATERA BARAT",6,16,173,189
https://kawalpemilu.org#13153,"TANJUNG BONAI AUR, SUMPUR KUDUS, SIJUNJUNG, SUMATERA BARAT",7,17,136,153
https://kawalpemilu.org#13153,"TANJUNG BONAI AUR, SUMPUR KUDUS, SIJUNJUNG, SUMATERA BARAT",8,15,129,144
https://kawalpemilu.org#13153,"TANJUNG BONAI AUR, SUMPUR KUDUS, SIJUNJUNG, SUMATERA BARAT",9,6,152,158
https://kawalpemilu.org#13154,"SUMPUR KUDUS, SUMPUR KUDUS, SIJUNJUNG, SUMATERA BARAT",1,16,209,225
https://kawalpemilu.org#13154,"SUMPUR KUDUS, SUMPUR KUDUS, SIJUNJUNG, SUMATERA BARAT",2,19,155,174
https://kawalpemilu.org#13154,"SUMPUR KUDUS, SUMPUR KUDUS, SIJUNJUNG, SUMATERA BARAT",3,23,163,186
https://kawalpemilu.org#13154,"SUMPUR KUDUS, SUMPUR KUDUS, SIJUNJUNG, SUMATERA BARAT",4,17,170,187
https://kawalpemilu.org#13154,"SUMPUR KUDUS, SUMPUR KUDUS, SIJUNJUNG, SUMATERA BARAT",5,25,175,200
https://kawalpemilu.org#13154,"SUMPUR KUDUS, SUMPUR KUDUS, SIJUNJUNG, SUMATERA BARAT",6,31,135,166
https://kawalpemilu.org#13154,"SUMPUR KUDUS, SUMPUR KUDUS, SIJUNJUNG, SUMATERA BARAT",7,32,164,196
https://kawalpemilu.org#13154,"SUMPUR KUDUS, SUMPUR KUDUS, SIJUNJUNG, SUMATERA BARAT",8,20,187,207
https://kawalpemilu.org#13154,"SUMPUR KUDUS, SUMPUR KUDUS, SIJUNJUNG, SUMATERA BARAT",9,38,129,167
https://kawalpemilu.org#13154,"SUMPUR KUDUS, SUMPUR KUDUS, SIJUNJUNG, SUMATERA BARAT",10,15,107,122
https://kawalpemilu.org#13154,"SUMPUR KUDUS, SUMPUR KUDUS, SIJUNJUNG, SUMATERA BARAT",11,38,156,194
https://kawalpemilu.org#13155,"TAMPARUNGO, SUMPUR KUDUS, SIJUNJUNG, SUMATERA BARAT",1,45,188,233
https://kawalpemilu.org#13155,"TAMPARUNGO, SUMPUR KUDUS, SIJUNJUNG, SUMATERA BARAT",2,35,152,187
https://kawalpemilu.org#13155,"TAMPARUNGO, SUMPUR KUDUS, SIJUNJUNG, SUMATERA BARAT",3,45,197,242
https://kawalpemilu.org#13155,"TAMPARUNGO, SUMPUR KUDUS, SIJUNJUNG, SUMATERA BARAT",4,54,157,211
https://kawalpemilu.org#13155,"TAMPARUNGO, SUMPUR KUDUS, SIJUNJUNG, SUMATERA BARAT",5,31,126,157
https://kawalpemilu.org#13156,"KUMANIS, SUMPUR KUDUS, SIJUNJUNG, SUMATERA BARAT",1,8,170,178
https://kawalpemilu.org#13156,"KUMANIS, SUMPUR KUDUS, SIJUNJUNG, SUMATERA BARAT",2,9,131,140
https://kawalpemilu.org#13156,"KUMANIS, SUMPUR KUDUS, SIJUNJUNG, SUMATERA BARAT",3,10,236,246
https://kawalpemilu.org#13156,"KUMANIS, SUMPUR KUDUS, SIJUNJUNG, SUMATERA BARAT",4,19,173,192
https://kawalpemilu.org#13156,"KUMANIS, SUMPUR KUDUS, SIJUNJUNG, SUMATERA BARAT",5,33,191,224
https://kawalpemilu.org#13156,"KUMANIS, SUMPUR KUDUS, SIJUNJUNG, SUMATERA BARAT",6,15,178,193
https://kawalpemilu.org#13156,"KUMANIS, SUMPUR KUDUS, SIJUNJUNG, SUMATERA BARAT",7,17,109,126
https://kawalpemilu.org#13157,"MANGGANTI, SUMPUR KUDUS, SIJUNJUNG, SUMATERA BARAT",1,4,118,122
https://kawalpemilu.org#13157,"MANGGANTI, SUMPUR KUDUS, SIJUNJUNG, SUMATERA BARAT",2,8,210,218
https://kawalpemilu.org#13157,"MANGGANTI, SUMPUR KUDUS, SIJUNJUNG, SUMATERA BARAT",3,18,205,223
https://kawalpemilu.org#13157,"MANGGANTI, SUMPUR KUDUS, SIJUNJUNG, SUMATERA BARAT",4,10,142,152
https://kawalpemilu.org#84423,"SUMPUR KUDUS SELATAN, SUMPUR KUDUS, SIJUNJUNG, SUMATERA BARAT",1,16,113,129
https://kawalpemilu.org#84423,"SUMPUR KUDUS SELATAN, SUMPUR KUDUS, SIJUNJUNG, SUMATERA BARAT",2,23,139,162
https://kawalpemilu.org#84423,"SUMPUR KUDUS SELATAN, SUMPUR KUDUS, SIJUNJUNG, SUMATERA BARAT",3,29,163,192
https://kawalpemilu.org#84423,"SUMPUR KUDUS SELATAN, SUMPUR KUDUS, SIJUNJUNG, SUMATERA BARAT",4,18,180,198
https://kawalpemilu.org#84423,"SUMPUR KUDUS SELATAN, SUMPUR KUDUS, SIJUNJUNG, SUMATERA BARAT",5,31,172,203
https://kawalpemilu.org#84424,"TANJUANG LABUAH, SUMPUR KUDUS, SIJUNJUNG, SUMATERA BARAT",1,41,161,202
https://kawalpemilu.org#84424,"TANJUANG LABUAH, SUMPUR KUDUS, SIJUNJUNG, SUMATERA BARAT",2,11,115,126
https://kawalpemilu.org#84424,"TANJUANG LABUAH, SUMPUR KUDUS, SIJUNJUNG, SUMATERA BARAT",3,29,118,147
https://kawalpemilu.org#84424,"TANJUANG LABUAH, SUMPUR KUDUS, SIJUNJUNG, SUMATERA BARAT",4,19,174,193
https://kawalpemilu.org#84425,"TANJUNG BONAI AUR SELATAN, SUMPUR KUDUS, SIJUNJUNG, SUMATERA BARAT",1,22,135,157
https://kawalpemilu.org#84425,"TANJUNG BONAI AUR SELATAN, SUMPUR KUDUS, SIJUNJUNG, SUMATERA BARAT",2,25,157,182
https://kawalpemilu.org#84425,"TANJUNG BONAI AUR SELATAN, SUMPUR KUDUS, SIJUNJUNG, SUMATERA BARAT",3,27,213,240
https://kawalpemilu.org#84425,"TANJUNG BONAI AUR SELATAN, SUMPUR KUDUS, SIJUNJUNG, SUMATERA BARAT",4,15,182,197
https://kawalpemilu.org#84425,"TANJUNG BONAI AUR SELATAN, SUMPUR KUDUS, SIJUNJUNG, SUMATERA BARAT",5,17,175,192
https://kawalpemilu.org#84425,"TANJUNG BONAI AUR SELATAN, SUMPUR KUDUS, SIJUNJUNG, SUMATERA BARAT",6,14,152,166
https://kawalpemilu.org#84425,"TANJUNG BONAI AUR SELATAN, SUMPUR KUDUS, SIJUNJUNG, SUMATERA BARAT",7,15,121,136
https://kawalpemilu.org#13159,"BATU MANJULUR, KUPITAN, SIJUNJUNG, SUMATERA BARAT",1,11,138,149
https://kawalpemilu.org#13159,"BATU MANJULUR, KUPITAN, SIJUNJUNG, SUMATERA BARAT",2,21,167,188
https://kawalpemilu.org#13159,"BATU MANJULUR, KUPITAN, SIJUNJUNG, SUMATERA BARAT",3,13,148,161
https://kawalpemilu.org#13159,"BATU MANJULUR, KUPITAN, SIJUNJUNG, SUMATERA BARAT",4,7,134,141
https://kawalpemilu.org#13159,"BATU MANJULUR, KUPITAN, SIJUNJUNG, SUMATERA BARAT",5,16,157,173
https://kawalpemilu.org#13159,"BATU MANJULUR, KUPITAN, SIJUNJUNG, SUMATERA BARAT",6,14,142,156
https://kawalpemilu.org#13160,"PAMUATAN, KUPITAN, SIJUNJUNG, SUMATERA BARAT",1,40,127,167
https://kawalpemilu.org#13160,"PAMUATAN, KUPITAN, SIJUNJUNG, SUMATERA BARAT",2,38,137,175
https://kawalpemilu.org#13160,"PAMUATAN, KUPITAN, SIJUNJUNG, SUMATERA BARAT",3,39,149,188
https://kawalpemilu.org#13160,"PAMUATAN, KUPITAN, SIJUNJUNG, SUMATERA BARAT",4,44,123,167
https://kawalpemilu.org#13160,"PAMUATAN, KUPITAN, SIJUNJUNG, SUMATERA BARAT",5,46,127,173
https://kawalpemilu.org#13161,"PADANG SIBUSUK, KUPITAN, SIJUNJUNG, SUMATERA BARAT",1,9,208,217
https://kawalpemilu.org#13161,"PADANG SIBUSUK, KUPITAN, SIJUNJUNG, SUMATERA BARAT",2,14,167,181
https://kawalpemilu.org#13161,"PADANG SIBUSUK, KUPITAN, SIJUNJUNG, SUMATERA BARAT",3,27,190,217
https://kawalpemilu.org#13161,"PADANG SIBUSUK, KUPITAN, SIJUNJUNG, SUMATERA BARAT",4,11,148,159
https://kawalpemilu.org#13161,"PADANG SIBUSUK, KUPITAN, SIJUNJUNG, SUMATERA BARAT",5,14,127,141
https://kawalpemilu.org#13161,"PADANG SIBUSUK, KUPITAN, SIJUNJUNG, SUMATERA BARAT",6,19,134,153
https://kawalpemilu.org#13161,"PADANG SIBUSUK, KUPITAN, SIJUNJUNG, SUMATERA BARAT",7,16,201,217
https://kawalpemilu.org#13161,"PADANG SIBUSUK, KUPITAN, SIJUNJUNG, SUMATERA BARAT",8,12,159,171
https://kawalpemilu.org#13161,"PADANG SIBUSUK, KUPITAN, SIJUNJUNG, SUMATERA BARAT",9,6,178,184
https://kawalpemilu.org#13161,"PADANG SIBUSUK, KUPITAN, SIJUNJUNG, SUMATERA BARAT",10,14,144,158
https://kawalpemilu.org#13161,"PADANG SIBUSUK, KUPITAN, SIJUNJUNG, SUMATERA BARAT",11,6,144,150
https://kawalpemilu.org#13161,"PADANG SIBUSUK, KUPITAN, SIJUNJUNG, SUMATERA BARAT",12,7,198,205
https://kawalpemilu.org#13161,"PADANG SIBUSUK, KUPITAN, SIJUNJUNG, SUMATERA BARAT",13,32,194,226
https://kawalpemilu.org#13161,"PADANG SIBUSUK, KUPITAN, SIJUNJUNG, SUMATERA BARAT",14,16,124,140
https://kawalpemilu.org#13161,"PADANG SIBUSUK, KUPITAN, SIJUNJUNG, SUMATERA BARAT",15,18,201,219
https://kawalpemilu.org#13161,"PADANG SIBUSUK, KUPITAN, SIJUNJUNG, SUMATERA BARAT",16,24,181,205
https://kawalpemilu.org#13161,"PADANG SIBUSUK, KUPITAN, SIJUNJUNG, SUMATERA BARAT",18,6,144,150
https://kawalpemilu.org#13161,"PADANG SIBUSUK, KUPITAN, SIJUNJUNG, SUMATERA BARAT",19,22,159,181
https://kawalpemilu.org#13161,"PADANG SIBUSUK, KUPITAN, SIJUNJUNG, SUMATERA BARAT",20,12,157,169
https://kawalpemilu.org#13161,"PADANG SIBUSUK, KUPITAN, SIJUNJUNG, SUMATERA BARAT",21,37,177,214
https://kawalpemilu.org#13161,"PADANG SIBUSUK, KUPITAN, SIJUNJUNG, SUMATERA BARAT",22,38,139,177
https://kawalpemilu.org#13162,"DESA KAMPUNG BARU, KUPITAN, SIJUNJUNG, SUMATERA BARAT",1,16,166,182
https://kawalpemilu.org#13162,"DESA KAMPUNG BARU, KUPITAN, SIJUNJUNG, SUMATERA BARAT",2,11,122,133
https://kawalpemilu.org#13162,"DESA KAMPUNG BARU, KUPITAN, SIJUNJUNG, SUMATERA BARAT",3,9,109,118
https://kawalpemilu.org#13162,"DESA KAMPUNG BARU, KUPITAN, SIJUNJUNG, SUMATERA BARAT",4,7,164,171
https://kawalpemilu.org#13162,"DESA KAMPUNG BARU, KUPITAN, SIJUNJUNG, SUMATERA BARAT",5,6,115,121
https://kawalpemilu.org#13162,"DESA KAMPUNG BARU, KUPITAN, SIJUNJUNG, SUMATERA BARAT",6,11,81,92
https://kawalpemilu.org#13165,"TAMBANGAN, X KOTO, TANAH DATAR, SUMATERA BARAT",1,18,161,179
https://kawalpemilu.org#13165,"TAMBANGAN, X KOTO, TANAH DATAR, SUMATERA BARAT",2,28,127,155
https://kawalpemilu.org#13165,"TAMBANGAN, X KOTO, TANAH DATAR, SUMATERA BARAT",3,22,107,129
https://kawalpemilu.org#13165,"TAMBANGAN, X KOTO, TANAH DATAR, SUMATERA BARAT",4,20,109,129
https://kawalpemilu.org#13165,"TAMBANGAN, X KOTO, TANAH DATAR, SUMATERA BARAT",5,16,162,178
https://kawalpemilu.org#13165,"TAMBANGAN, X KOTO, TANAH DATAR, SUMATERA BARAT",6,33,100,133
https://kawalpemilu.org#13165,"TAMBANGAN, X KOTO, TANAH DATAR, SUMATERA BARAT",7,20,160,180
https://kawalpemilu.org#13165,"TAMBANGAN, X KOTO, TANAH DATAR, SUMATERA BARAT",8,34,109,143
https://kawalpemilu.org#13165,"TAMBANGAN, X KOTO, TANAH DATAR, SUMATERA BARAT",9,19,165,184
https://kawalpemilu.org#13166,"JAHO, X KOTO, TANAH DATAR, SUMATERA BARAT",1,20,100,120
https://kawalpemilu.org#13166,"JAHO, X KOTO, TANAH DATAR, SUMATERA BARAT",2,25,163,188
https://kawalpemilu.org#13166,"JAHO, X KOTO, TANAH DATAR, SUMATERA BARAT",3,23,166,189
https://kawalpemilu.org#13166,"JAHO, X KOTO, TANAH DATAR, SUMATERA BARAT",4,16,82,98
https://kawalpemilu.org#13167,"SINGGALANG, X KOTO, TANAH DATAR, SUMATERA BARAT",1,42,196,198
https://kawalpemilu.org#13167,"SINGGALANG, X KOTO, TANAH DATAR, SUMATERA BARAT",2,11,182,193
https://kawalpemilu.org#13167,"SINGGALANG, X KOTO, TANAH DATAR, SUMATERA BARAT",3,2,226,228
https://kawalpemilu.org#13167,"SINGGALANG, X KOTO, TANAH DATAR, SUMATERA BARAT",4,6,108,114
https://kawalpemilu.org#13167,"SINGGALANG, X KOTO, TANAH DATAR, SUMATERA BARAT",5,21,178,199
https://kawalpemilu.org#13167,"SINGGALANG, X KOTO, TANAH DATAR, SUMATERA BARAT",6,16,156,172
https://kawalpemilu.org#13167,"SINGGALANG, X KOTO, TANAH DATAR, SUMATERA BARAT",7,16,107,123
https://kawalpemilu.org#13167,"SINGGALANG, X KOTO, TANAH DATAR, SUMATERA BARAT",8,24,168,192
https://kawalpemilu.org#13167,"SINGGALANG, X KOTO, TANAH DATAR, SUMATERA BARAT",9,12,148,160
https://kawalpemilu.org#13167,"SINGGALANG, X KOTO, TANAH DATAR, SUMATERA BARAT",10,10,155,165
https://kawalpemilu.org#13167,"SINGGALANG, X KOTO, TANAH DATAR, SUMATERA BARAT",11,15,136,151
https://kawalpemilu.org#13167,"SINGGALANG, X KOTO, TANAH DATAR, SUMATERA BARAT",12,10,119,129
https://kawalpemilu.org#13167,"SINGGALANG, X KOTO, TANAH DATAR, SUMATERA BARAT",13,9,151,160
https://kawalpemilu.org#13167,"SINGGALANG, X KOTO, TANAH DATAR, SUMATERA BARAT",14,8,143,151
https://kawalpemilu.org#13167,"SINGGALANG, X KOTO, TANAH DATAR, SUMATERA BARAT",15,7,108,115
https://kawalpemilu.org#13167,"SINGGALANG, X KOTO, TANAH DATAR, SUMATERA BARAT",17,9,170,179
https://kawalpemilu.org#13167,"SINGGALANG, X KOTO, TANAH DATAR, SUMATERA BARAT",18,2,195,197
https://kawalpemilu.org#13167,"SINGGALANG, X KOTO, TANAH DATAR, SUMATERA BARAT",19,10,124,134
https://kawalpemilu.org#13167,"SINGGALANG, X KOTO, TANAH DATAR, SUMATERA BARAT",20,20,138,158
https://kawalpemilu.org#13167,"SINGGALANG, X KOTO, TANAH DATAR, SUMATERA BARAT",21,17,141,158
https://kawalpemilu.org#13167,"SINGGALANG, X KOTO, TANAH DATAR, SUMATERA BARAT",22,26,145,171
https://kawalpemilu.org#13167,"SINGGALANG, X KOTO, TANAH DATAR, SUMATERA BARAT",23,20,149,169
https://kawalpemilu.org#13167,"SINGGALANG, X KOTO, TANAH DATAR, SUMATERA BARAT",24,17,162,179
https://kawalpemilu.org#13167,"SINGGALANG, X KOTO, TANAH DATAR, SUMATERA BARAT",25,2,116,118
https://kawalpemilu.org#13167,"SINGGALANG, X KOTO, TANAH DATAR, SUMATERA BARAT",27,16,147,163
https://kawalpemilu.org#13167,"SINGGALANG, X KOTO, TANAH DATAR, SUMATERA BARAT",28,14,130,144
https://kawalpemilu.org#13167,"SINGGALANG, X KOTO, TANAH DATAR, SUMATERA BARAT",29,10,152,162
https://kawalpemilu.org#13168,"PANINJAUAN, X KOTO, TANAH DATAR, SUMATERA BARAT",1,5,190,195
https://kawalpemilu.org#13168,"PANINJAUAN, X KOTO, TANAH DATAR, SUMATERA BARAT",2,4,115,119
https://kawalpemilu.org#13168,"PANINJAUAN, X KOTO, TANAH DATAR, SUMATERA BARAT",3,16,173,189
https://kawalpemilu.org#13168,"PANINJAUAN, X KOTO, TANAH DATAR, SUMATERA BARAT",4,7,194,201
https://kawalpemilu.org#13168,"PANINJAUAN, X KOTO, TANAH DATAR, SUMATERA BARAT",5,17,115,132
https://kawalpemilu.org#13168,"PANINJAUAN, X KOTO, TANAH DATAR, SUMATERA BARAT",6,22,205,227
https://kawalpemilu.org#13168,"PANINJAUAN, X KOTO, TANAH DATAR, SUMATERA BARAT",7,9,192,201
https://kawalpemilu.org#13168,"PANINJAUAN, X KOTO, TANAH DATAR, SUMATERA BARAT",8,14,137,151
https://kawalpemilu.org#13168,"PANINJAUAN, X KOTO, TANAH DATAR, SUMATERA BARAT",9,5,132,137
https://kawalpemilu.org#13168,"PANINJAUAN, X KOTO, TANAH DATAR, SUMATERA BARAT",10,5,161,166
https://kawalpemilu.org#13168,"PANINJAUAN, X KOTO, TANAH DATAR, SUMATERA BARAT",11,21,163,184
https://kawalpemilu.org#13168,"PANINJAUAN, X KOTO, TANAH DATAR, SUMATERA BARAT",12,1,99,100
https://kawalpemilu.org#13168,"PANINJAUAN, X KOTO, TANAH DATAR, SUMATERA BARAT",13,4,128,132
https://kawalpemilu.org#13168,"PANINJAUAN, X KOTO, TANAH DATAR, SUMATERA BARAT",14,12,177,189
https://kawalpemilu.org#13168,"PANINJAUAN, X KOTO, TANAH DATAR, SUMATERA BARAT",16,12,174,186
https://kawalpemilu.org#13168,"PANINJAUAN, X KOTO, TANAH DATAR, SUMATERA BARAT",17,3,143,146
https://kawalpemilu.org#13168,"PANINJAUAN, X KOTO, TANAH DATAR, SUMATERA BARAT",18,9,166,175
https://kawalpemilu.org#13168,"PANINJAUAN, X KOTO, TANAH DATAR, SUMATERA BARAT",19,6,107,113
https://kawalpemilu.org#13168,"PANINJAUAN, X KOTO, TANAH DATAR, SUMATERA BARAT",21,4,152,156
https://kawalpemilu.org#13168,"PANINJAUAN, X KOTO, TANAH DATAR, SUMATERA BARAT",22,15,170,185
https://kawalpemilu.org#13168,"PANINJAUAN, X KOTO, TANAH DATAR, SUMATERA BARAT",23,14,175,189
https://kawalpemilu.org#13168,"PANINJAUAN, X KOTO, TANAH DATAR, SUMATERA BARAT",24,14,184,198
https://kawalpemilu.org#13168,"PANINJAUAN, X KOTO, TANAH DATAR, SUMATERA BARAT",25,17,190,207
https://kawalpemilu.org#13169,"PANYALAIAN, X KOTO, TANAH DATAR, SUMATERA BARAT",1,11,120,131
https://kawalpemilu.org#13169,"PANYALAIAN, X KOTO, TANAH DATAR, SUMATERA BARAT",2,9,152,161
https://kawalpemilu.org#13169,"PANYALAIAN, X KOTO, TANAH DATAR, SUMATERA BARAT",3,31,164,195
https://kawalpemilu.org#13169,"PANYALAIAN, X KOTO, TANAH DATAR, SUMATERA BARAT",4,23,107,130
https://kawalpemilu.org#13169,"PANYALAIAN, X KOTO, TANAH DATAR, SUMATERA BARAT",5,17,195,212
https://kawalpemilu.org#13169,"PANYALAIAN, X KOTO, TANAH DATAR, SUMATERA BARAT",6,14,129,143
https://kawalpemilu.org#13169,"PANYALAIAN, X KOTO, TANAH DATAR, SUMATERA BARAT",7,21,145,166
https://kawalpemilu.org#13169,"PANYALAIAN, X KOTO, TANAH DATAR, SUMATERA BARAT",8,25,130,155
https://kawalpemilu.org#13169,"PANYALAIAN, X KOTO, TANAH DATAR, SUMATERA BARAT",9,8,128,136
https://kawalpemilu.org#13169,"PANYALAIAN, X KOTO, TANAH DATAR, SUMATERA BARAT",10,22,157,179
https://kawalpemilu.org#13169,"PANYALAIAN, X KOTO, TANAH DATAR, SUMATERA BARAT",11,16,193,209
https://kawalpemilu.org#13169,"PANYALAIAN, X KOTO, TANAH DATAR, SUMATERA BARAT",12,12,180,192
https://kawalpemilu.org#13169,"PANYALAIAN, X KOTO, TANAH DATAR, SUMATERA BARAT",13,26,188,214
https://kawalpemilu.org#13169,"PANYALAIAN, X KOTO, TANAH DATAR, SUMATERA BARAT",14,9,122,131
https://kawalpemilu.org#13169,"PANYALAIAN, X KOTO, TANAH DATAR, SUMATERA BARAT",15,16,146,162
https://kawalpemilu.org#13169,"PANYALAIAN, X KOTO, TANAH DATAR, SUMATERA BARAT",16,14,157,171
https://kawalpemilu.org#13169,"PANYALAIAN, X KOTO, TANAH DATAR, SUMATERA BARAT",17,21,125,146
https://kawalpemilu.org#13169,"PANYALAIAN, X KOTO, TANAH DATAR, SUMATERA BARAT",18,25,160,185
https://kawalpemilu.org#13169,"PANYALAIAN, X KOTO, TANAH DATAR, SUMATERA BARAT",19,16,131,147
https://kawalpemilu.org#13169,"PANYALAIAN, X KOTO, TANAH DATAR, SUMATERA BARAT",20,20,109,129
https://kawalpemilu.org#13169,"PANYALAIAN, X KOTO, TANAH DATAR, SUMATERA BARAT",21,18,120,138
https://kawalpemilu.org#13169,"PANYALAIAN, X KOTO, TANAH DATAR, SUMATERA BARAT",22,11,145,156
https://kawalpemilu.org#13169,"PANYALAIAN, X KOTO, TANAH DATAR, SUMATERA BARAT",23,18,155,173
https://kawalpemilu.org#13169,"PANYALAIAN, X KOTO, TANAH DATAR, SUMATERA BARAT",24,15,157,172
https://kawalpemilu.org#13169,"PANYALAIAN, X KOTO, TANAH DATAR, SUMATERA BARAT",25,16,169,185
https://kawalpemilu.org#13169,"PANYALAIAN, X KOTO, TANAH DATAR, SUMATERA BARAT",26,24,194,218
https://kawalpemilu.org#13170,"KOTO LAWEH, X KOTO, TANAH DATAR, SUMATERA BARAT",1,32,131,163
https://kawalpemilu.org#13170,"KOTO LAWEH, X KOTO, TANAH DATAR, SUMATERA BARAT",2,21,112,133
https://kawalpemilu.org#13170,"KOTO LAWEH, X KOTO, TANAH DATAR, SUMATERA BARAT",3,27,135,162
https://kawalpemilu.org#13170,"KOTO LAWEH, X KOTO, TANAH DATAR, SUMATERA BARAT",4,18,164,182
https://kawalpemilu.org#13170,"KOTO LAWEH, X KOTO, TANAH DATAR, SUMATERA BARAT",5,15,122,137
https://kawalpemilu.org#13170,"KOTO LAWEH, X KOTO, TANAH DATAR, SUMATERA BARAT",6,20,171,191
https://kawalpemilu.org#13170,"KOTO LAWEH, X KOTO, TANAH DATAR, SUMATERA BARAT",7,32,107,139
https://kawalpemilu.org#13170,"KOTO LAWEH, X KOTO, TANAH DATAR, SUMATERA BARAT",10,9,142,151
https://kawalpemilu.org#13171,"AIE ANGEK, X KOTO, TANAH DATAR, SUMATERA BARAT",1,25,190,215
https://kawalpemilu.org#13171,"AIE ANGEK, X KOTO, TANAH DATAR, SUMATERA BARAT",2,26,135,161
https://kawalpemilu.org#13171,"AIE ANGEK, X KOTO, TANAH DATAR, SUMATERA BARAT",3,18,121,139
https://kawalpemilu.org#13171,"AIE ANGEK, X KOTO, TANAH DATAR, SUMATERA BARAT",4,19,131,150
https://kawalpemilu.org#13171,"AIE ANGEK, X KOTO, TANAH DATAR, SUMATERA BARAT",5,29,152,181
https://kawalpemilu.org#13171,"AIE ANGEK, X KOTO, TANAH DATAR, SUMATERA BARAT",6,3,162,195
https://kawalpemilu.org#13171,"AIE ANGEK, X KOTO, TANAH DATAR, SUMATERA BARAT",7,18,117,135
https://kawalpemilu.org#13171,"AIE ANGEK, X KOTO, TANAH DATAR, SUMATERA BARAT",8,12,119,131
https://kawalpemilu.org#13171,"AIE ANGEK, X KOTO, TANAH DATAR, SUMATERA BARAT",9,15,128,143
https://kawalpemilu.org#13171,"AIE ANGEK, X KOTO, TANAH DATAR, SUMATERA BARAT",10,9,151,160
https://kawalpemilu.org#13171,"AIE ANGEK, X KOTO, TANAH DATAR, SUMATERA BARAT",11,10,161,171
https://kawalpemilu.org#13172,"PANDAI SIKEK, X KOTO, TANAH DATAR, SUMATERA BARAT",1,21,187,208
https://kawalpemilu.org#13172,"PANDAI SIKEK, X KOTO, TANAH DATAR, SUMATERA BARAT",2,21,171,192
https://kawalpemilu.org#13172,"PANDAI SIKEK, X KOTO, TANAH DATAR, SUMATERA BARAT",3,15,140,155
https://kawalpemilu.org#13172,"PANDAI SIKEK, X KOTO, TANAH DATAR, SUMATERA BARAT",4,8,130,138
https://kawalpemilu.org#13172,"PANDAI SIKEK, X KOTO, TANAH DATAR, SUMATERA BARAT",5,13,118,131
https://kawalpemilu.org#13172,"PANDAI SIKEK, X KOTO, TANAH DATAR, SUMATERA BARAT",6,23,156,179
https://kawalpemilu.org#13172,"PANDAI SIKEK, X KOTO, TANAH DATAR, SUMATERA BARAT",7,10,121,131
https://kawalpemilu.org#13172,"PANDAI SIKEK, X KOTO, TANAH DATAR, SUMATERA BARAT",8,11,151,162
https://kawalpemilu.org#13172,"PANDAI SIKEK, X KOTO, TANAH DATAR, SUMATERA BARAT",9,23,132,155
https://kawalpemilu.org#13172,"PANDAI SIKEK, X KOTO, TANAH DATAR, SUMATERA BARAT",10,28,155,183
https://kawalpemilu.org#13172,"PANDAI SIKEK, X KOTO, TANAH DATAR, SUMATERA BARAT",11,15,162,177
https://kawalpemilu.org#13172,"PANDAI SIKEK, X KOTO, TANAH DATAR, SUMATERA BARAT",12,10,158,168
https://kawalpemilu.org#13172,"PANDAI SIKEK, X KOTO, TANAH DATAR, SUMATERA BARAT",13,11,160,171
https://kawalpemilu.org#13172,"PANDAI SIKEK, X KOTO, TANAH DATAR, SUMATERA BARAT",14,21,112,133
https://kawalpemilu.org#13172,"PANDAI SIKEK, X KOTO, TANAH DATAR, SUMATERA BARAT",15,8,185,193
https://kawalpemilu.org#13172,"PANDAI SIKEK, X KOTO, TANAH DATAR, SUMATERA BARAT",16,17,169,186
https://kawalpemilu.org#13172,"PANDAI SIKEK, X KOTO, TANAH DATAR, SUMATERA BARAT",17,21,134,155
https://kawalpemilu.org#13172,"PANDAI SIKEK, X KOTO, TANAH DATAR, SUMATERA BARAT",18,11,135,146
https://kawalpemilu.org#13173,"KOTO BARU, X KOTO, TANAH DATAR, SUMATERA BARAT",1,46,150,196
https://kawalpemilu.org#13173,"KOTO BARU, X KOTO, TANAH DATAR, SUMATERA BARAT",2,27,184,211
https://kawalpemilu.org#13173,"KOTO BARU, X KOTO, TANAH DATAR, SUMATERA BARAT",3,28,140,168
https://kawalpemilu.org#13173,"KOTO BARU, X KOTO, TANAH DATAR, SUMATERA BARAT",4,18,96,114
https://kawalpemilu.org#13173,"KOTO BARU, X KOTO, TANAH DATAR, SUMATERA BARAT",5,30,149,179
https://kawalpemilu.org#13173,"KOTO BARU, X KOTO, TANAH DATAR, SUMATERA BARAT",6,33,132,165
https://kawalpemilu.org#13175,"ANDALEH, BATIPUH, TANAH DATAR, SUMATERA BARAT",1,12,105,117
https://kawalpemilu.org#13175,"ANDALEH, BATIPUH, TANAH DATAR, SUMATERA BARAT",2,30,120,150
https://kawalpemilu.org#13175,"ANDALEH, BATIPUH, TANAH DATAR, SUMATERA BARAT",3,12,112,124
https://kawalpemilu.org#13175,"ANDALEH, BATIPUH, TANAH DATAR, SUMATERA BARAT",4,21,116,137
https://kawalpemilu.org#13175,"ANDALEH, BATIPUH, TANAH DATAR, SUMATERA BARAT",5,14,96,110
https://kawalpemilu.org#13175,"ANDALEH, BATIPUH, TANAH DATAR, SUMATERA BARAT",6,22,81,103
https://kawalpemilu.org#13175,"ANDALEH, BATIPUH, TANAH DATAR, SUMATERA BARAT",7,21,62,83
https://kawalpemilu.org#13175,"ANDALEH, BATIPUH, TANAH DATAR, SUMATERA BARAT",8,20,91,111
https://kawalpemilu.org#13175,"ANDALEH, BATIPUH, TANAH DATAR, SUMATERA BARAT",9,9,98,107
https://kawalpemilu.org#13176,"SABU, BATIPUH, TANAH DATAR, SUMATERA BARAT",1,17,155,172
https://kawalpemilu.org#13176,"SABU, BATIPUH, TANAH DATAR, SUMATERA BARAT",2,15,152,167
https://kawalpemilu.org#13176,"SABU, BATIPUH, TANAH DATAR, SUMATERA BARAT",3,26,97,123
https://kawalpemilu.org#13176,"SABU, BATIPUH, TANAH DATAR, SUMATERA BARAT",4,11,171,182
https://kawalpemilu.org#13176,"SABU, BATIPUH, TANAH DATAR, SUMATERA BARAT",5,19,153,172
https://kawalpemilu.org#13176,"SABU, BATIPUH, TANAH DATAR, SUMATERA BARAT",6,12,116,128
https://kawalpemilu.org#13176,"SABU, BATIPUH, TANAH DATAR, SUMATERA BARAT",7,21,93,114
https://kawalpemilu.org#13176,"SABU, BATIPUH, TANAH DATAR, SUMATERA BARAT",8,24,136,160
https://kawalpemilu.org#13176,"SABU, BATIPUH, TANAH DATAR, SUMATERA BARAT",9,28,125,153
https://kawalpemilu.org#13176,"SABU, BATIPUH, TANAH DATAR, SUMATERA BARAT",10,10,84,94
https://kawalpemilu.org#13177,"BATIPUAH ATEH, BATIPUH, TANAH DATAR, SUMATERA BARAT",1,18,124,142
https://kawalpemilu.org#13177,"BATIPUAH ATEH, BATIPUH, TANAH DATAR, SUMATERA BARAT",2,17,159,176
https://kawalpemilu.org#13177,"BATIPUAH ATEH, BATIPUH, TANAH DATAR, SUMATERA BARAT",3,19,149,168
https://kawalpemilu.org#13177,"BATIPUAH ATEH, BATIPUH, TANAH DATAR, SUMATERA BARAT",4,13,147,160
https://kawalpemilu.org#13177,"BATIPUAH ATEH, BATIPUH, TANAH DATAR, SUMATERA BARAT",5,24,161,185
https://kawalpemilu.org#13177,"BATIPUAH ATEH, BATIPUH, TANAH DATAR, SUMATERA BARAT",6,19,145,164
https://kawalpemilu.org#13177,"BATIPUAH ATEH, BATIPUH, TANAH DATAR, SUMATERA BARAT",7,30,139,169
https://kawalpemilu.org#13177,"BATIPUAH ATEH, BATIPUH, TANAH DATAR, SUMATERA BARAT",8,41,96,137
https://kawalpemilu.org#13177,"BATIPUAH ATEH, BATIPUH, TANAH DATAR, SUMATERA BARAT",9,12,116,128
https://kawalpemilu.org#13177,"BATIPUAH ATEH, BATIPUH, TANAH DATAR, SUMATERA BARAT",10,13,122,135
https://kawalpemilu.org#13177,"BATIPUAH ATEH, BATIPUH, TANAH DATAR, SUMATERA BARAT",11,16,142,158
https://kawalpemilu.org#13177,"BATIPUAH ATEH, BATIPUH, TANAH DATAR, SUMATERA BARAT",13,26,137,163
https://kawalpemilu.org#13178,"BATIPUAH BARUAH, BATIPUH, TANAH DATAR, SUMATERA BARAT",1,21,104,125
https://kawalpemilu.org#13178,"BATIPUAH BARUAH, BATIPUH, TANAH DATAR, SUMATERA BARAT",2,13,118,131
https://kawalpemilu.org#13178,"BATIPUAH BARUAH, BATIPUH, TANAH DATAR, SUMATERA BARAT",3,10,90,100
https://kawalpemilu.org#13178,"BATIPUAH BARUAH, BATIPUH, TANAH DATAR, SUMATERA BARAT",4,18,126,144
https://kawalpemilu.org#13178,"BATIPUAH BARUAH, BATIPUH, TANAH DATAR, SUMATERA BARAT",5,13,131,144
https://kawalpemilu.org#13178,"BATIPUAH BARUAH, BATIPUH, TANAH DATAR, SUMATERA BARAT",6,17,162,179
https://kawalpemilu.org#13178,"BATIPUAH BARUAH, BATIPUH, TANAH DATAR, SUMATERA BARAT",7,19,151,170
https://kawalpemilu.org#13178,"BATIPUAH BARUAH, BATIPUH, TANAH DATAR, SUMATERA BARAT",8,6,92,98
https://kawalpemilu.org#13178,"BATIPUAH BARUAH, BATIPUH, TANAH DATAR, SUMATERA BARAT",9,13,136,149
https://kawalpemilu.org#13178,"BATIPUAH BARUAH, BATIPUH, TANAH DATAR, SUMATERA BARAT",10,10,150,160
https://kawalpemilu.org#13178,"BATIPUAH BARUAH, BATIPUH, TANAH DATAR, SUMATERA BARAT",11,10,137,147
https://kawalpemilu.org#13178,"BATIPUAH BARUAH, BATIPUH, TANAH DATAR, SUMATERA BARAT",12,14,104,118
https://kawalpemilu.org#13178,"BATIPUAH BARUAH, BATIPUH, TANAH DATAR, SUMATERA BARAT",13,12,126,138
https://kawalpemilu.org#13178,"BATIPUAH BARUAH, BATIPUH, TANAH DATAR, SUMATERA BARAT",14,10,143,153
https://kawalpemilu.org#13178,"BATIPUAH BARUAH, BATIPUH, TANAH DATAR, SUMATERA BARAT",15,11,104,115
https://kawalpemilu.org#13178,"BATIPUAH BARUAH, BATIPUH, TANAH DATAR, SUMATERA BARAT",16,8,89,97
https://kawalpemilu.org#13178,"BATIPUAH BARUAH, BATIPUH, TANAH DATAR, SUMATERA BARAT",17,33,90,123
https://kawalpemilu.org#13178,"BATIPUAH BARUAH, BATIPUH, TANAH DATAR, SUMATERA BARAT",18,23,98,121
https://kawalpemilu.org#13178,"BATIPUAH BARUAH, BATIPUH, TANAH DATAR, SUMATERA BARAT",19,26,92,118
https://kawalpemilu.org#13178,"BATIPUAH BARUAH, BATIPUH, TANAH DATAR, SUMATERA BARAT",20,14,111,125
https://kawalpemilu.org#13178,"BATIPUAH BARUAH, BATIPUH, TANAH DATAR, SUMATERA BARAT",21,19,120,139
https://kawalpemilu.org#13178,"BATIPUAH BARUAH, BATIPUH, TANAH DATAR, SUMATERA BARAT",22,13,94,107
https://kawalpemilu.org#13178,"BATIPUAH BARUAH, BATIPUH, TANAH DATAR, SUMATERA BARAT",23,16,144,160
https://kawalpemilu.org#13178,"BATIPUAH BARUAH, BATIPUH, TANAH DATAR, SUMATERA BARAT",24,21,125,146
https://kawalpemilu.org#13178,"BATIPUAH BARUAH, BATIPUH, TANAH DATAR, SUMATERA BARAT",25,20,164,184
https://kawalpemilu.org#13178,"BATIPUAH BARUAH, BATIPUH, TANAH DATAR, SUMATERA BARAT",26,15,137,152
https://kawalpemilu.org#13178,"BATIPUAH BARUAH, BATIPUH, TANAH DATAR, SUMATERA BARAT",27,16,116,132
https://kawalpemilu.org#13178,"BATIPUAH BARUAH, BATIPUH, TANAH DATAR, SUMATERA BARAT",28,11,113,124
https://kawalpemilu.org#13178,"BATIPUAH BARUAH, BATIPUH, TANAH DATAR, SUMATERA BARAT",29,13,123,136
https://kawalpemilu.org#13178,"BATIPUAH BARUAH, BATIPUH, TANAH DATAR, SUMATERA BARAT",30,16,129,145
https://kawalpemilu.org#13178,"BATIPUAH BARUAH, BATIPUH, TANAH DATAR, SUMATERA BARAT",31,16,109,125
https://kawalpemilu.org#13178,"BATIPUAH BARUAH, BATIPUH, TANAH DATAR, SUMATERA BARAT",32,11,107,118
https://kawalpemilu.org#13178,"BATIPUAH BARUAH, BATIPUH, TANAH DATAR, SUMATERA BARAT",33,10,99,109
https://kawalpemilu.org#13178,"BATIPUAH BARUAH, BATIPUH, TANAH DATAR, SUMATERA BARAT",34,26,105,131
https://kawalpemilu.org#13178,"BATIPUAH BARUAH, BATIPUH, TANAH DATAR, SUMATERA BARAT",35,43,102,145
https://kawalpemilu.org#13178,"BATIPUAH BARUAH, BATIPUH, TANAH DATAR, SUMATERA BARAT",36,18,103,121
https://kawalpemilu.org#13179,"GUNUNG RAJO, BATIPUH, TANAH DATAR, SUMATERA BARAT",1,26,134,160
https://kawalpemilu.org#13179,"GUNUNG RAJO, BATIPUH, TANAH DATAR, SUMATERA BARAT",2,19,102,121
https://kawalpemilu.org#13179,"GUNUNG RAJO, BATIPUH, TANAH DATAR, SUMATERA BARAT",3,13,103,116
https://kawalpemilu.org#13179,"GUNUNG RAJO, BATIPUH, TANAH DATAR, SUMATERA BARAT",4,13,88,101
https://kawalpemilu.org#13179,"GUNUNG RAJO, BATIPUH, TANAH DATAR, SUMATERA BARAT",5,9,104,113
https://kawalpemilu.org#13179,"GUNUNG RAJO, BATIPUH, TANAH DATAR, SUMATERA BARAT",6,25,116,141
https://kawalpemilu.org#13179,"GUNUNG RAJO, BATIPUH, TANAH DATAR, SUMATERA BARAT",7,21,86,107
https://kawalpemilu.org#13179,"GUNUNG RAJO, BATIPUH, TANAH DATAR, SUMATERA BARAT",8,15,98,113
https://kawalpemilu.org#13179,"GUNUNG RAJO, BATIPUH, TANAH DATAR, SUMATERA BARAT",9,17,114,131
https://kawalpemilu.org#13179,"GUNUNG RAJO, BATIPUH, TANAH DATAR, SUMATERA BARAT",10,5,95,100
https://kawalpemilu.org#13180,"PITALAH, BATIPUH, TANAH DATAR, SUMATERA BARAT",1,25,105,130
https://kawalpemilu.org#13180,"PITALAH, BATIPUH, TANAH DATAR, SUMATERA BARAT",2,26,96,122
https://kawalpemilu.org#13180,"PITALAH, BATIPUH, TANAH DATAR, SUMATERA BARAT",3,33,165,198
https://kawalpemilu.org#13180,"PITALAH, BATIPUH, TANAH DATAR, SUMATERA BARAT",4,32,163,195
https://kawalpemilu.org#13180,"PITALAH, BATIPUH, TANAH DATAR, SUMATERA BARAT",5,26,146,172
https://kawalpemilu.org#13180,"PITALAH, BATIPUH, TANAH DATAR, SUMATERA BARAT",6,31,121,152
https://kawalpemilu.org#13180,"PITALAH, BATIPUH, TANAH DATAR, SUMATERA BARAT",7,12,99,111
https://kawalpemilu.org#13181,"TANJUANG BARULAK, BATIPUH, TANAH DATAR, SUMATERA BARAT",1,11,133,144
https://kawalpemilu.org#13181,"TANJUANG BARULAK, BATIPUH, TANAH DATAR, SUMATERA BARAT",2,6,125,131
https://kawalpemilu.org#13181,"TANJUANG BARULAK, BATIPUH, TANAH DATAR, SUMATERA BARAT",3,7,136,143
https://kawalpemilu.org#13181,"TANJUANG BARULAK, BATIPUH, TANAH DATAR, SUMATERA BARAT",4,7,167,174
https://kawalpemilu.org#13181,"TANJUANG BARULAK, BATIPUH, TANAH DATAR, SUMATERA BARAT",5,11,173,184
https://kawalpemilu.org#13181,"TANJUANG BARULAK, BATIPUH, TANAH DATAR, SUMATERA BARAT",6,10,176,186
https://kawalpemilu.org#13181,"TANJUANG BARULAK, BATIPUH, TANAH DATAR, SUMATERA BARAT",7,4,149,153
https://kawalpemilu.org#13181,"TANJUANG BARULAK, BATIPUH, TANAH DATAR, SUMATERA BARAT",8,11,131,142
https://kawalpemilu.org#13181,"TANJUANG BARULAK, BATIPUH, TANAH DATAR, SUMATERA BARAT",9,9,207,216
https://kawalpemilu.org#13181,"TANJUANG BARULAK, BATIPUH, TANAH DATAR, SUMATERA BARAT",10,9,149,158
https://kawalpemilu.org#13181,"TANJUANG BARULAK, BATIPUH, TANAH DATAR, SUMATERA BARAT",11,8,133,141
https://kawalpemilu.org#13181,"TANJUANG BARULAK, BATIPUH, TANAH DATAR, SUMATERA BARAT",12,17,136,153
https://kawalpemilu.org#13181,"TANJUANG BARULAK, BATIPUH, TANAH DATAR, SUMATERA BARAT",13,8,101,109
https://kawalpemilu.org#13181,"TANJUANG BARULAK, BATIPUH, TANAH DATAR, SUMATERA BARAT",14,7,133,140
https://kawalpemilu.org#13182,"BUNGO TANJUANG, BATIPUH, TANAH DATAR, SUMATERA BARAT",1,25,154,179
https://kawalpemilu.org#13182,"BUNGO TANJUANG, BATIPUH, TANAH DATAR, SUMATERA BARAT",2,27,151,178
https://kawalpemilu.org#13182,"BUNGO TANJUANG, BATIPUH, TANAH DATAR, SUMATERA BARAT",3,7,135,142
https://kawalpemilu.org#13182,"BUNGO TANJUANG, BATIPUH, TANAH DATAR, SUMATERA BARAT",4,15,169,184
https://kawalpemilu.org#13182,"BUNGO TANJUANG, BATIPUH, TANAH DATAR, SUMATERA BARAT",5,7,92,99
https://kawalpemilu.org#13182,"BUNGO TANJUANG, BATIPUH, TANAH DATAR, SUMATERA BARAT",6,14,119,133
https://kawalpemilu.org#13182,"BUNGO TANJUANG, BATIPUH, TANAH DATAR, SUMATERA BARAT",7,15,152,167
https://kawalpemilu.org#13182,"BUNGO TANJUANG, BATIPUH, TANAH DATAR, SUMATERA BARAT",8,10,159,169
https://kawalpemilu.org#13182,"BUNGO TANJUANG, BATIPUH, TANAH DATAR, SUMATERA BARAT",9,8,105,113
https://kawalpemilu.org#13182,"BUNGO TANJUANG, BATIPUH, TANAH DATAR, SUMATERA BARAT",10,8,138,146
https://kawalpemilu.org#13182,"BUNGO TANJUANG, BATIPUH, TANAH DATAR, SUMATERA BARAT",11,19,160,179
https://kawalpemilu.org#13182,"BUNGO TANJUANG, BATIPUH, TANAH DATAR, SUMATERA BARAT",12,5,139,144
https://kawalpemilu.org#13182,"BUNGO TANJUANG, BATIPUH, TANAH DATAR, SUMATERA BARAT",13,21,126,147
https://kawalpemilu.org#13182,"BUNGO TANJUANG, BATIPUH, TANAH DATAR, SUMATERA BARAT",14,23,112,135
https://kawalpemilu.org#13182,"BUNGO TANJUANG, BATIPUH, TANAH DATAR, SUMATERA BARAT",15,11,167,178
https://kawalpemilu.org#13184,"SIMAWANG, RAMBATAN, TANAH DATAR, SUMATERA BARAT",1,6,149,155
https://kawalpemilu.org#13184,"SIMAWANG, RAMBATAN, TANAH DATAR, SUMATERA BARAT",2,9,99,108
https://kawalpemilu.org#13184,"SIMAWANG, RAMBATAN, TANAH DATAR, SUMATERA BARAT",3,11,118,129
https://kawalpemilu.org#13184,"SIMAWANG, RAMBATAN, TANAH DATAR, SUMATERA BARAT",4,6,137,143
https://kawalpemilu.org#13184,"SIMAWANG, RAMBATAN, TANAH DATAR, SUMATERA BARAT",5,23,187,210
https://kawalpemilu.org#13184,"SIMAWANG, RAMBATAN, TANAH DATAR, SUMATERA BARAT",6,23,181,204
https://kawalpemilu.org#13184,"SIMAWANG, RAMBATAN, TANAH DATAR, SUMATERA BARAT",7,8,211,219
https://kawalpemilu.org#13184,"SIMAWANG, RAMBATAN, TANAH DATAR, SUMATERA BARAT",8,14,164,178
https://kawalpemilu.org#13184,"SIMAWANG, RAMBATAN, TANAH DATAR, SUMATERA BARAT",9,2,83,85
https://kawalpemilu.org#13184,"SIMAWANG, RAMBATAN, TANAH DATAR, SUMATERA BARAT",10,17,179,196
https://kawalpemilu.org#13184,"SIMAWANG, RAMBATAN, TANAH DATAR, SUMATERA BARAT",11,13,159,172
https://kawalpemilu.org#13184,"SIMAWANG, RAMBATAN, TANAH DATAR, SUMATERA BARAT",12,11,158,169
https://kawalpemilu.org#13184,"SIMAWANG, RAMBATAN, TANAH DATAR, SUMATERA BARAT",13,12,88,100
https://kawalpemilu.org#13184,"SIMAWANG, RAMBATAN, TANAH DATAR, SUMATERA BARAT",14,18,140,158
https://kawalpemilu.org#13184,"SIMAWANG, RAMBATAN, TANAH DATAR, SUMATERA BARAT",15,31,95,126
https://kawalpemilu.org#13184,"SIMAWANG, RAMBATAN, TANAH DATAR, SUMATERA BARAT",16,11,137,148
https://kawalpemilu.org#13184,"SIMAWANG, RAMBATAN, TANAH DATAR, SUMATERA BARAT",17,2,145,147
https://kawalpemilu.org#13184,"SIMAWANG, RAMBATAN, TANAH DATAR, SUMATERA BARAT",18,10,110,120
https://kawalpemilu.org#13184,"SIMAWANG, RAMBATAN, TANAH DATAR, SUMATERA BARAT",19,9,103,112
https://kawalpemilu.org#13184,"SIMAWANG, RAMBATAN, TANAH DATAR, SUMATERA BARAT",20,20,134,154
https://kawalpemilu.org#13184,"SIMAWANG, RAMBATAN, TANAH DATAR, SUMATERA BARAT",21,9,159,168
https://kawalpemilu.org#13184,"SIMAWANG, RAMBATAN, TANAH DATAR, SUMATERA BARAT",22,8,133,141
https://kawalpemilu.org#13184,"SIMAWANG, RAMBATAN, TANAH DATAR, SUMATERA BARAT",23,2,85,87
https://kawalpemilu.org#13184,"SIMAWANG, RAMBATAN, TANAH DATAR, SUMATERA BARAT",24,12,166,178
https://kawalpemilu.org#13184,"SIMAWANG, RAMBATAN, TANAH DATAR, SUMATERA BARAT",25,7,128,135
https://kawalpemilu.org#13184,"SIMAWANG, RAMBATAN, TANAH DATAR, SUMATERA BARAT",26,26,148,174
https://kawalpemilu.org#13184,"SIMAWANG, RAMBATAN, TANAH DATAR, SUMATERA BARAT",28,15,106,121
https://kawalpemilu.org#13184,"SIMAWANG, RAMBATAN, TANAH DATAR, SUMATERA BARAT",29,19,160,179
https://kawalpemilu.org#13184,"SIMAWANG, RAMBATAN, TANAH DATAR, SUMATERA BARAT",30,15,109,124
https://kawalpemilu.org#13184,"SIMAWANG, RAMBATAN, TANAH DATAR, SUMATERA BARAT",31,4,74,78
https://kawalpemilu.org#13185,"BALIMBING, RAMBATAN, TANAH DATAR, SUMATERA BARAT",1,12,126,138
https://kawalpemilu.org#13185,"BALIMBING, RAMBATAN, TANAH DATAR, SUMATERA BARAT",2,23,115,138
https://kawalpemilu.org#13185,"BALIMBING, RAMBATAN, TANAH DATAR, SUMATERA BARAT",3,33,150,183
https://kawalpemilu.org#13185,"BALIMBING, RAMBATAN, TANAH DATAR, SUMATERA BARAT",4,20,121,141
https://kawalpemilu.org#13185,"BALIMBING, RAMBATAN, TANAH DATAR, SUMATERA BARAT",5,13,119,132
https://kawalpemilu.org#13185,"BALIMBING, RAMBATAN, TANAH DATAR, SUMATERA BARAT",6,14,108,122
https://kawalpemilu.org#13185,"BALIMBING, RAMBATAN, TANAH DATAR, SUMATERA BARAT",7,32,149,181
https://kawalpemilu.org#13185,"BALIMBING, RAMBATAN, TANAH DATAR, SUMATERA BARAT",8,16,204,220
https://kawalpemilu.org#13185,"BALIMBING, RAMBATAN, TANAH DATAR, SUMATERA BARAT",9,20,160,180
https://kawalpemilu.org#13185,"BALIMBING, RAMBATAN, TANAH DATAR, SUMATERA BARAT",10,29,149,178
https://kawalpemilu.org#13185,"BALIMBING, RAMBATAN, TANAH DATAR, SUMATERA BARAT",12,11,95,106
https://kawalpemilu.org#13185,"BALIMBING, RAMBATAN, TANAH DATAR, SUMATERA BARAT",13,35,188,223
https://kawalpemilu.org#13185,"BALIMBING, RAMBATAN, TANAH DATAR, SUMATERA BARAT",14,17,163,180
https://kawalpemilu.org#13185,"BALIMBING, RAMBATAN, TANAH DATAR, SUMATERA BARAT",15,34,153,187
https://kawalpemilu.org#13185,"BALIMBING, RAMBATAN, TANAH DATAR, SUMATERA BARAT",16,19,120,139
https://kawalpemilu.org#13185,"BALIMBING, RAMBATAN, TANAH DATAR, SUMATERA BARAT",17,11,206,217
https://kawalpemilu.org#13185,"BALIMBING, RAMBATAN, TANAH DATAR, SUMATERA BARAT",18,18,170,188
https://kawalpemilu.org#13185,"BALIMBING, RAMBATAN, TANAH DATAR, SUMATERA BARAT",19,28,165,193
https://kawalpemilu.org#13185,"BALIMBING, RAMBATAN, TANAH DATAR, SUMATERA BARAT",20,16,146,162
https://kawalpemilu.org#13185,"BALIMBING, RAMBATAN, TANAH DATAR, SUMATERA BARAT",21,25,114,139
https://kawalpemilu.org#13185,"BALIMBING, RAMBATAN, TANAH DATAR, SUMATERA BARAT",22,8,92,100
https://kawalpemilu.org#13185,"BALIMBING, RAMBATAN, TANAH DATAR, SUMATERA BARAT",23,34,76,110
https://kawalpemilu.org#13185,"BALIMBING, RAMBATAN, TANAH DATAR, SUMATERA BARAT",24,25,120,145
https://kawalpemilu.org#13185,"BALIMBING, RAMBATAN, TANAH DATAR, SUMATERA BARAT",25,27,121,148
https://kawalpemilu.org#13185,"BALIMBING, RAMBATAN, TANAH DATAR, SUMATERA BARAT",26,23,81,104
https://kawalpemilu.org#13185,"BALIMBING, RAMBATAN, TANAH DATAR, SUMATERA BARAT",27,17,143,160
https://kawalpemilu.org#13185,"BALIMBING, RAMBATAN, TANAH DATAR, SUMATERA BARAT",28,26,123,149
https://kawalpemilu.org#13185,"BALIMBING, RAMBATAN, TANAH DATAR, SUMATERA BARAT",29,7,110,117
https://kawalpemilu.org#13185,"BALIMBING, RAMBATAN, TANAH DATAR, SUMATERA BARAT",30,18,84,102
https://kawalpemilu.org#13185,"BALIMBING, RAMBATAN, TANAH DATAR, SUMATERA BARAT",31,13,103,116
https://kawalpemilu.org#13185,"BALIMBING, RAMBATAN, TANAH DATAR, SUMATERA BARAT",32,19,118,137
https://kawalpemilu.org#13185,"BALIMBING, RAMBATAN, TANAH DATAR, SUMATERA BARAT",33,8,95,103
https://kawalpemilu.org#13186,"III KOTO, RAMBATAN, TANAH DATAR, SUMATERA BARAT",1,21,142,163
https://kawalpemilu.org#13186,"III KOTO, RAMBATAN, TANAH DATAR, SUMATERA BARAT",2,12,130,142
https://kawalpemilu.org#13186,"III KOTO, RAMBATAN, TANAH DATAR, SUMATERA BARAT",3,5,110,115
https://kawalpemilu.org#13186,"III KOTO, RAMBATAN, TANAH DATAR, SUMATERA BARAT",4,7,111,118
https://kawalpemilu.org#13186,"III KOTO, RAMBATAN, TANAH DATAR, SUMATERA BARAT",5,7,101,108
https://kawalpemilu.org#13186,"III KOTO, RAMBATAN, TANAH DATAR, SUMATERA BARAT",6,27,160,187
https://kawalpemilu.org#13186,"III KOTO, RAMBATAN, TANAH DATAR, SUMATERA BARAT",7,11,113,124
https://kawalpemilu.org#13186,"III KOTO, RAMBATAN, TANAH DATAR, SUMATERA BARAT",8,14,138,152
https://kawalpemilu.org#13186,"III KOTO, RAMBATAN, TANAH DATAR, SUMATERA BARAT",9,12,133,145
https://kawalpemilu.org#13186,"III KOTO, RAMBATAN, TANAH DATAR, SUMATERA BARAT",10,10,122,132
https://kawalpemilu.org#13186,"III KOTO, RAMBATAN, TANAH DATAR, SUMATERA BARAT",11,11,167,178
https://kawalpemilu.org#13186,"III KOTO, RAMBATAN, TANAH DATAR, SUMATERA BARAT",12,20,150,170
https://kawalpemilu.org#13186,"III KOTO, RAMBATAN, TANAH DATAR, SUMATERA BARAT",13,13,142,155
https://kawalpemilu.org#13186,"III KOTO, RAMBATAN, TANAH DATAR, SUMATERA BARAT",14,18,119,137
https://kawalpemilu.org#13186,"III KOTO, RAMBATAN, TANAH DATAR, SUMATERA BARAT",15,12,105,117
https://kawalpemilu.org#13186,"III KOTO, RAMBATAN, TANAH DATAR, SUMATERA BARAT",16,14,165,179
https://kawalpemilu.org#13186,"III KOTO, RAMBATAN, TANAH DATAR, SUMATERA BARAT",17,5,141,146
https://kawalpemilu.org#13186,"III KOTO, RAMBATAN, TANAH DATAR, SUMATERA BARAT",18,10,110,120
https://kawalpemilu.org#13186,"III KOTO, RAMBATAN, TANAH DATAR, SUMATERA BARAT",19,7,74,81
https://kawalpemilu.org#13186,"III KOTO, RAMBATAN, TANAH DATAR, SUMATERA BARAT",20,8,93,101
https://kawalpemilu.org#13186,"III KOTO, RAMBATAN, TANAH DATAR, SUMATERA BARAT",21,11,138,149
https://kawalpemilu.org#13186,"III KOTO, RAMBATAN, TANAH DATAR, SUMATERA BARAT",22,3,90,93
https://kawalpemilu.org#13186,"III KOTO, RAMBATAN, TANAH DATAR, SUMATERA BARAT",23,9,84,93
https://kawalpemilu.org#13186,"III KOTO, RAMBATAN, TANAH DATAR, SUMATERA BARAT",24,8,125,133
https://kawalpemilu.org#13186,"III KOTO, RAMBATAN, TANAH DATAR, SUMATERA BARAT",25,9,65,74
https://kawalpemilu.org#13187,"PADANG MAGEK, RAMBATAN, TANAH DATAR, SUMATERA BARAT",1,8,138,146
https://kawalpemilu.org#13187,"PADANG MAGEK, RAMBATAN, TANAH DATAR, SUMATERA BARAT",2,4,126,130
https://kawalpemilu.org#13187,"PADANG MAGEK, RAMBATAN, TANAH DATAR, SUMATERA BARAT",3,13,148,161
https://kawalpemilu.org#13187,"PADANG MAGEK, RAMBATAN, TANAH DATAR, SUMATERA BARAT",4,8,135,143
https://kawalpemilu.org#13187,"PADANG MAGEK, RAMBATAN, TANAH DATAR, SUMATERA BARAT",5,12,156,168
https://kawalpemilu.org#13187,"PADANG MAGEK, RAMBATAN, TANAH DATAR, SUMATERA BARAT",6,7,153,160
https://kawalpemilu.org#13187,"PADANG MAGEK, RAMBATAN, TANAH DATAR, SUMATERA BARAT",7,15,179,194
https://kawalpemilu.org#13187,"PADANG MAGEK, RAMBATAN, TANAH DATAR, SUMATERA BARAT",8,27,155,182
https://kawalpemilu.org#13187,"PADANG MAGEK, RAMBATAN, TANAH DATAR, SUMATERA BARAT",10,11,216,227
https://kawalpemilu.org#13187,"PADANG MAGEK, RAMBATAN, TANAH DATAR, SUMATERA BARAT",11,10,170,180
https://kawalpemilu.org#13187,"PADANG MAGEK, RAMBATAN, TANAH DATAR, SUMATERA BARAT",12,13,139,152
https://kawalpemilu.org#13187,"PADANG MAGEK, RAMBATAN, TANAH DATAR, SUMATERA BARAT",13,9,133,142
https://kawalpemilu.org#13187,"PADANG MAGEK, RAMBATAN, TANAH DATAR, SUMATERA BARAT",14,3,138,141
https://kawalpemilu.org#13187,"PADANG MAGEK, RAMBATAN, TANAH DATAR, SUMATERA BARAT",15,18,159,177
https://kawalpemilu.org#13187,"PADANG MAGEK, RAMBATAN, TANAH DATAR, SUMATERA BARAT",16,4,63,67
https://kawalpemilu.org#13187,"PADANG MAGEK, RAMBATAN, TANAH DATAR, SUMATERA BARAT",17,9,164,173
https://kawalpemilu.org#13187,"PADANG MAGEK, RAMBATAN, TANAH DATAR, SUMATERA BARAT",18,16,203,219
https://kawalpemilu.org#13188,"RAMBATAN, RAMBATAN, TANAH DATAR, SUMATERA BARAT",2,5,154,159
https://kawalpemilu.org#13188,"RAMBATAN, RAMBATAN, TANAH DATAR, SUMATERA BARAT",3,13,164,177
https://kawalpemilu.org#13188,"RAMBATAN, RAMBATAN, TANAH DATAR, SUMATERA BARAT",4,20,167,187
https://kawalpemilu.org#13188,"RAMBATAN, RAMBATAN, TANAH DATAR, SUMATERA BARAT",5,12,168,180
https://kawalpemilu.org#13188,"RAMBATAN, RAMBATAN, TANAH DATAR, SUMATERA BARAT",6,12,172,184
https://kawalpemilu.org#13188,"RAMBATAN, RAMBATAN, TANAH DATAR, SUMATERA BARAT",7,6,178,184
https://kawalpemilu.org#13188,"RAMBATAN, RAMBATAN, TANAH DATAR, SUMATERA BARAT",8,11,164,175
https://kawalpemilu.org#13188,"RAMBATAN, RAMBATAN, TANAH DATAR, SUMATERA BARAT",9,17,143,160
https://kawalpemilu.org#13188,"RAMBATAN, RAMBATAN, TANAH DATAR, SUMATERA BARAT",10,33,195,228
https://kawalpemilu.org#13188,"RAMBATAN, RAMBATAN, TANAH DATAR, SUMATERA BARAT",11,18,127,145
https://kawalpemilu.org#13188,"RAMBATAN, RAMBATAN, TANAH DATAR, SUMATERA BARAT",12,6,157,163
https://kawalpemilu.org#13188,"RAMBATAN, RAMBATAN, TANAH DATAR, SUMATERA BARAT",13,12,142,154
https://kawalpemilu.org#13188,"RAMBATAN, RAMBATAN, TANAH DATAR, SUMATERA BARAT",14,14,173,187
https://kawalpemilu.org#13188,"RAMBATAN, RAMBATAN, TANAH DATAR, SUMATERA BARAT",15,15,190,205
https://kawalpemilu.org#13188,"RAMBATAN, RAMBATAN, TANAH DATAR, SUMATERA BARAT",16,20,184,204
https://kawalpemilu.org#13188,"RAMBATAN, RAMBATAN, TANAH DATAR, SUMATERA BARAT",17,15,135,150
https://kawalpemilu.org#13188,"RAMBATAN, RAMBATAN, TANAH DATAR, SUMATERA BARAT",18,14,180,194
https://kawalpemilu.org#13188,"RAMBATAN, RAMBATAN, TANAH DATAR, SUMATERA BARAT",19,7,150,157
https://kawalpemilu.org#13188,"RAMBATAN, RAMBATAN, TANAH DATAR, SUMATERA BARAT",20,16,177,193
https://kawalpemilu.org#13188,"RAMBATAN, RAMBATAN, TANAH DATAR, SUMATERA BARAT",21,4,71,75
https://kawalpemilu.org#13188,"RAMBATAN, RAMBATAN, TANAH DATAR, SUMATERA BARAT",22,6,143,149
https://kawalpemilu.org#13188,"RAMBATAN, RAMBATAN, TANAH DATAR, SUMATERA BARAT",23,8,164,172
https://kawalpemilu.org#13188,"RAMBATAN, RAMBATAN, TANAH DATAR, SUMATERA BARAT",24,4,139,143
https://kawalpemilu.org#13190,"BARINGIN, LIMA KAUM, TANAH DATAR, SUMATERA BARAT",1,7,160,167
https://kawalpemilu.org#13190,"BARINGIN, LIMA KAUM, TANAH DATAR, SUMATERA BARAT",2,6,113,119
https://kawalpemilu.org#13190,"BARINGIN, LIMA KAUM, TANAH DATAR, SUMATERA BARAT",3,26,192,218
https://kawalpemilu.org#13190,"BARINGIN, LIMA KAUM, TANAH DATAR, SUMATERA BARAT",4,21,70,91
https://kawalpemilu.org#13190,"BARINGIN, LIMA KAUM, TANAH DATAR, SUMATERA BARAT",5,15,81,96
https://kawalpemilu.org#13190,"BARINGIN, LIMA KAUM, TANAH DATAR, SUMATERA BARAT",6,21,139,160
https://kawalpemilu.org#13190,"BARINGIN, LIMA KAUM, TANAH DATAR, SUMATERA BARAT",7,23,165,188
https://kawalpemilu.org#13190,"BARINGIN, LIMA KAUM, TANAH DATAR, SUMATERA BARAT",8,20,137,157
https://kawalpemilu.org#13190,"BARINGIN, LIMA KAUM, TANAH DATAR, SUMATERA BARAT",9,8,135,143
https://kawalpemilu.org#13190,"BARINGIN, LIMA KAUM, TANAH DATAR, SUMATERA BARAT",10,8,183,191
https://kawalpemilu.org#13190,"BARINGIN, LIMA KAUM, TANAH DATAR, SUMATERA BARAT",11,18,121,139
https://kawalpemilu.org#13190,"BARINGIN, LIMA KAUM, TANAH DATAR, SUMATERA BARAT",12,23,103,126
https://kawalpemilu.org#13190,"BARINGIN, LIMA KAUM, TANAH DATAR, SUMATERA BARAT",13,17,154,171
https://kawalpemilu.org#13190,"BARINGIN, LIMA KAUM, TANAH DATAR, SUMATERA BARAT",14,26,172,198
https://kawalpemilu.org#13190,"BARINGIN, LIMA KAUM, TANAH DATAR, SUMATERA BARAT",15,49,219,268
https://kawalpemilu.org#13190,"BARINGIN, LIMA KAUM, TANAH DATAR, SUMATERA BARAT",16,31,171,202
https://kawalpemilu.org#13190,"BARINGIN, LIMA KAUM, TANAH DATAR, SUMATERA BARAT",17,19,171,190
https://kawalpemilu.org#13190,"BARINGIN, LIMA KAUM, TANAH DATAR, SUMATERA BARAT",18,10,156,166
https://kawalpemilu.org#13190,"BARINGIN, LIMA KAUM, TANAH DATAR, SUMATERA BARAT",19,19,169,188
https://kawalpemilu.org#13190,"BARINGIN, LIMA KAUM, TANAH DATAR, SUMATERA BARAT",20,18,119,137
https://kawalpemilu.org#13190,"BARINGIN, LIMA KAUM, TANAH DATAR, SUMATERA BARAT",21,19,199,218
https://kawalpemilu.org#13190,"BARINGIN, LIMA KAUM, TANAH DATAR, SUMATERA BARAT",22,18,187,205
https://kawalpemilu.org#13190,"BARINGIN, LIMA KAUM, TANAH DATAR, SUMATERA BARAT",23,28,202,230
https://kawalpemilu.org#13190,"BARINGIN, LIMA KAUM, TANAH DATAR, SUMATERA BARAT",24,12,205,217
https://kawalpemilu.org#13190,"BARINGIN, LIMA KAUM, TANAH DATAR, SUMATERA BARAT",25,8,176,184
https://kawalpemilu.org#13190,"BARINGIN, LIMA KAUM, TANAH DATAR, SUMATERA BARAT",26,21,96,117
https://kawalpemilu.org#13190,"BARINGIN, LIMA KAUM, TANAH DATAR, SUMATERA BARAT",27,23,167,190
https://kawalpemilu.org#13190,"BARINGIN, LIMA KAUM, TANAH DATAR, SUMATERA BARAT",28,6,162,168
https://kawalpemilu.org#13190,"BARINGIN, LIMA KAUM, TANAH DATAR, SUMATERA BARAT",29,18,172,190
https://kawalpemilu.org#13190,"BARINGIN, LIMA KAUM, TANAH DATAR, SUMATERA BARAT",30,20,158,178
https://kawalpemilu.org#13190,"BARINGIN, LIMA KAUM, TANAH DATAR, SUMATERA BARAT",31,6,123,129
https://kawalpemilu.org#13190,"BARINGIN, LIMA KAUM, TANAH DATAR, SUMATERA BARAT",32,25,101,126
https://kawalpemilu.org#13190,"BARINGIN, LIMA KAUM, TANAH DATAR, SUMATERA BARAT",33,12,123,135
https://kawalpemilu.org#13190,"BARINGIN, LIMA KAUM, TANAH DATAR, SUMATERA BARAT",34,9,129,138
https://kawalpemilu.org#13190,"BARINGIN, LIMA KAUM, TANAH DATAR, SUMATERA BARAT",35,22,167,189
https://kawalpemilu.org#13190,"BARINGIN, LIMA KAUM, TANAH DATAR, SUMATERA BARAT",36,20,139,159
https://kawalpemilu.org#13190,"BARINGIN, LIMA KAUM, TANAH DATAR, SUMATERA BARAT",37,8,125,133
https://kawalpemilu.org#13190,"BARINGIN, LIMA KAUM, TANAH DATAR, SUMATERA BARAT",38,19,172,191
https://kawalpemilu.org#13190,"BARINGIN, LIMA KAUM, TANAH DATAR, SUMATERA BARAT",39,23,174,197
https://kawalpemilu.org#13190,"BARINGIN, LIMA KAUM, TANAH DATAR, SUMATERA BARAT",40,32,173,205
https://kawalpemilu.org#13190,"BARINGIN, LIMA KAUM, TANAH DATAR, SUMATERA BARAT",41,23,203,226
https://kawalpemilu.org#13190,"BARINGIN, LIMA KAUM, TANAH DATAR, SUMATERA BARAT",42,13,105,118
https://kawalpemilu.org#13190,"BARINGIN, LIMA KAUM, TANAH DATAR, SUMATERA BARAT",43,22,117,139
https://kawalpemilu.org#13190,"BARINGIN, LIMA KAUM, TANAH DATAR, SUMATERA BARAT",44,16,148,164
https://kawalpemilu.org#13190,"BARINGIN, LIMA KAUM, TANAH DATAR, SUMATERA BARAT",45,17,184,201
https://kawalpemilu.org#13190,"BARINGIN, LIMA KAUM, TANAH DATAR, SUMATERA BARAT",46,20,151,171
https://kawalpemilu.org#13190,"BARINGIN, LIMA KAUM, TANAH DATAR, SUMATERA BARAT",47,13,139,152
https://kawalpemilu.org#13190,"BARINGIN, LIMA KAUM, TANAH DATAR, SUMATERA BARAT",48,20,128,148
https://kawalpemilu.org#13190,"BARINGIN, LIMA KAUM, TANAH DATAR, SUMATERA BARAT",49,9,165,174
https://kawalpemilu.org#13190,"BARINGIN, LIMA KAUM, TANAH DATAR, SUMATERA BARAT",50,13,76,89
https://kawalpemilu.org#13190,"BARINGIN, LIMA KAUM, TANAH DATAR, SUMATERA BARAT",51,16,145,161
https://kawalpemilu.org#13191,"LIMA KAUM, LIMA KAUM, TANAH DATAR, SUMATERA BARAT",1,21,186,207
https://kawalpemilu.org#13191,"LIMA KAUM, LIMA KAUM, TANAH DATAR, SUMATERA BARAT",2,34,182,216
https://kawalpemilu.org#13191,"LIMA KAUM, LIMA KAUM, TANAH DATAR, SUMATERA BARAT",3,17,198,215
https://kawalpemilu.org#13191,"LIMA KAUM, LIMA KAUM, TANAH DATAR, SUMATERA BARAT",4,26,225,251
https://kawalpemilu.org#13191,"LIMA KAUM, LIMA KAUM, TANAH DATAR, SUMATERA BARAT",5,41,202,243
https://kawalpemilu.org#13191,"LIMA KAUM, LIMA KAUM, TANAH DATAR, SUMATERA BARAT",6,24,156,180
https://kawalpemilu.org#13191,"LIMA KAUM, LIMA KAUM, TANAH DATAR, SUMATERA BARAT",7,15,181,196
https://kawalpemilu.org#13191,"LIMA KAUM, LIMA KAUM, TANAH DATAR, SUMATERA BARAT",8,16,201,217
https://kawalpemilu.org#13191,"LIMA KAUM, LIMA KAUM, TANAH DATAR, SUMATERA BARAT",9,20,188,208
https://kawalpemilu.org#13191,"LIMA KAUM, LIMA KAUM, TANAH DATAR, SUMATERA BARAT",10,31,192,223
https://kawalpemilu.org#13191,"LIMA KAUM, LIMA KAUM, TANAH DATAR, SUMATERA BARAT",11,15,180,195
https://kawalpemilu.org#13191,"LIMA KAUM, LIMA KAUM, TANAH DATAR, SUMATERA BARAT",12,2,185,207
https://kawalpemilu.org#13191,"LIMA KAUM, LIMA KAUM, TANAH DATAR, SUMATERA BARAT",13,31,180,211
https://kawalpemilu.org#13191,"LIMA KAUM, LIMA KAUM, TANAH DATAR, SUMATERA BARAT",14,17,148,165
https://kawalpemilu.org#13191,"LIMA KAUM, LIMA KAUM, TANAH DATAR, SUMATERA BARAT",15,19,186,205
https://kawalpemilu.org#13191,"LIMA KAUM, LIMA KAUM, TANAH DATAR, SUMATERA BARAT",16,11,75,86
https://kawalpemilu.org#13191,"LIMA KAUM, LIMA KAUM, TANAH DATAR, SUMATERA BARAT",17,12,214,226
https://kawalpemilu.org#13191,"LIMA KAUM, LIMA KAUM, TANAH DATAR, SUMATERA BARAT",18,10,191,201
https://kawalpemilu.org#13191,"LIMA KAUM, LIMA KAUM, TANAH DATAR, SUMATERA BARAT",19,7,178,185
https://kawalpemilu.org#13191,"LIMA KAUM, LIMA KAUM, TANAH DATAR, SUMATERA BARAT",20,30,212,242
https://kawalpemilu.org#13191,"LIMA KAUM, LIMA KAUM, TANAH DATAR, SUMATERA BARAT",21,9,112,121
https://kawalpemilu.org#13191,"LIMA KAUM, LIMA KAUM, TANAH DATAR, SUMATERA BARAT",22,7,100,107
https://kawalpemilu.org#13191,"LIMA KAUM, LIMA KAUM, TANAH DATAR, SUMATERA BARAT",23,31,168,199
https://kawalpemilu.org#13191,"LIMA KAUM, LIMA KAUM, TANAH DATAR, SUMATERA BARAT",24,24,179,203
https://kawalpemilu.org#13191,"LIMA KAUM, LIMA KAUM, TANAH DATAR, SUMATERA BARAT",25,32,160,192
https://kawalpemilu.org#13191,"LIMA KAUM, LIMA KAUM, TANAH DATAR, SUMATERA BARAT",26,16,153,169
https://kawalpemilu.org#13191,"LIMA KAUM, LIMA KAUM, TANAH DATAR, SUMATERA BARAT",27,19,141,160
https://kawalpemilu.org#13191,"LIMA KAUM, LIMA KAUM, TANAH DATAR, SUMATERA BARAT",28,15,181,196
https://kawalpemilu.org#13191,"LIMA KAUM, LIMA KAUM, TANAH DATAR, SUMATERA BARAT",29,23,206,229
https://kawalpemilu.org#13191,"LIMA KAUM, LIMA KAUM, TANAH DATAR, SUMATERA BARAT",30,19,197,216
https://kawalpemilu.org#13191,"LIMA KAUM, LIMA KAUM, TANAH DATAR, SUMATERA BARAT",31,16,185,201
https://kawalpemilu.org#13191,"LIMA KAUM, LIMA KAUM, TANAH DATAR, SUMATERA BARAT",32,11,167,178
https://kawalpemilu.org#13191,"LIMA KAUM, LIMA KAUM, TANAH DATAR, SUMATERA BARAT",33,16,138,154
https://kawalpemilu.org#13191,"LIMA KAUM, LIMA KAUM, TANAH DATAR, SUMATERA BARAT",34,13,205,218
https://kawalpemilu.org#13191,"LIMA KAUM, LIMA KAUM, TANAH DATAR, SUMATERA BARAT",35,25,191,216
https://kawalpemilu.org#13191,"LIMA KAUM, LIMA KAUM, TANAH DATAR, SUMATERA BARAT",36,13,190,203
https://kawalpemilu.org#13191,"LIMA KAUM, LIMA KAUM, TANAH DATAR, SUMATERA BARAT",37,10,132,142
https://kawalpemilu.org#13191,"LIMA KAUM, LIMA KAUM, TANAH DATAR, SUMATERA BARAT",38,30,178,208
https://kawalpemilu.org#13191,"LIMA KAUM, LIMA KAUM, TANAH DATAR, SUMATERA BARAT",39,19,173,192
https://kawalpemilu.org#13191,"LIMA KAUM, LIMA KAUM, TANAH DATAR, SUMATERA BARAT",40,11,227,238
https://kawalpemilu.org#13191,"LIMA KAUM, LIMA KAUM, TANAH DATAR, SUMATERA BARAT",41,9,126,135
https://kawalpemilu.org#13191,"LIMA KAUM, LIMA KAUM, TANAH DATAR, SUMATERA BARAT",42,19,163,182
https://kawalpemilu.org#13192,"PARAMBAHAN, LIMA KAUM, TANAH DATAR, SUMATERA BARAT",1,42,167,209
https://kawalpemilu.org#13192,"PARAMBAHAN, LIMA KAUM, TANAH DATAR, SUMATERA BARAT",2,22,141,163
https://kawalpemilu.org#13192,"PARAMBAHAN, LIMA KAUM, TANAH DATAR, SUMATERA BARAT",3,30,146,176
https://kawalpemilu.org#13192,"PARAMBAHAN, LIMA KAUM, TANAH DATAR, SUMATERA BARAT",4,14,122,136
https://kawalpemilu.org#13192,"PARAMBAHAN, LIMA KAUM, TANAH DATAR, SUMATERA BARAT",5,24,186,210
https://kawalpemilu.org#13192,"PARAMBAHAN, LIMA KAUM, TANAH DATAR, SUMATERA BARAT",6,21,213,234
https://kawalpemilu.org#13192,"PARAMBAHAN, LIMA KAUM, TANAH DATAR, SUMATERA BARAT",7,29,140,169
https://kawalpemilu.org#13192,"PARAMBAHAN, LIMA KAUM, TANAH DATAR, SUMATERA BARAT",8,23,133,156
https://kawalpemilu.org#13193,"CUBADAK, LIMA KAUM, TANAH DATAR, SUMATERA BARAT",1,16,235,251
https://kawalpemilu.org#13193,"CUBADAK, LIMA KAUM, TANAH DATAR, SUMATERA BARAT",2,26,189,215
https://kawalpemilu.org#13193,"CUBADAK, LIMA KAUM, TANAH DATAR, SUMATERA BARAT",3,22,221,243
https://kawalpemilu.org#13193,"CUBADAK, LIMA KAUM, TANAH DATAR, SUMATERA BARAT",4,12,199,211
https://kawalpemilu.org#13193,"CUBADAK, LIMA KAUM, TANAH DATAR, SUMATERA BARAT",5,34,219,253
https://kawalpemilu.org#13193,"CUBADAK, LIMA KAUM, TANAH DATAR, SUMATERA BARAT",6,31,124,155
https://kawalpemilu.org#13193,"CUBADAK, LIMA KAUM, TANAH DATAR, SUMATERA BARAT",7,29,175,204
https://kawalpemilu.org#13193,"CUBADAK, LIMA KAUM, TANAH DATAR, SUMATERA BARAT",8,21,156,177
https://kawalpemilu.org#13193,"CUBADAK, LIMA KAUM, TANAH DATAR, SUMATERA BARAT",9,28,146,174
https://kawalpemilu.org#13193,"CUBADAK, LIMA KAUM, TANAH DATAR, SUMATERA BARAT",10,33,126,159
https://kawalpemilu.org#13194,"LABUH, LIMA KAUM, TANAH DATAR, SUMATERA BARAT",1,22,142,164
https://kawalpemilu.org#13194,"LABUH, LIMA KAUM, TANAH DATAR, SUMATERA BARAT",2,28,198,226
https://kawalpemilu.org#13194,"LABUH, LIMA KAUM, TANAH DATAR, SUMATERA BARAT",3,21,165,186
https://kawalpemilu.org#13194,"LABUH, LIMA KAUM, TANAH DATAR, SUMATERA BARAT",4,25,188,213
https://kawalpemilu.org#13194,"LABUH, LIMA KAUM, TANAH DATAR, SUMATERA BARAT",5,21,138,159
https://kawalpemilu.org#13194,"LABUH, LIMA KAUM, TANAH DATAR, SUMATERA BARAT",6,12,139,151
https://kawalpemilu.org#13194,"LABUH, LIMA KAUM, TANAH DATAR, SUMATERA BARAT",7,12,142,154
https://kawalpemilu.org#13196,"TANJUNG BARULAK, TANJUNG EMAS, TANAH DATAR, SUMATERA BARAT",1,36,166,202
https://kawalpemilu.org#13196,"TANJUNG BARULAK, TANJUNG EMAS, TANAH DATAR, SUMATERA BARAT",2,62,170,232
https://kawalpemilu.org#13196,"TANJUNG BARULAK, TANJUNG EMAS, TANAH DATAR, SUMATERA BARAT",3,47,136,183
https://kawalpemilu.org#13196,"TANJUNG BARULAK, TANJUNG EMAS, TANAH DATAR, SUMATERA BARAT",4,33,111,144
https://kawalpemilu.org#13196,"TANJUNG BARULAK, TANJUNG EMAS, TANAH DATAR, SUMATERA BARAT",5,27,189,216
https://kawalpemilu.org#13196,"TANJUNG BARULAK, TANJUNG EMAS, TANAH DATAR, SUMATERA BARAT",6,13,108,121
https://kawalpemilu.org#13196,"TANJUNG BARULAK, TANJUNG EMAS, TANAH DATAR, SUMATERA BARAT",7,16,113,129
https://kawalpemilu.org#13196,"TANJUNG BARULAK, TANJUNG EMAS, TANAH DATAR, SUMATERA BARAT",8,16,151,167
https://kawalpemilu.org#13196,"TANJUNG BARULAK, TANJUNG EMAS, TANAH DATAR, SUMATERA BARAT",9,38,108,146
https://kawalpemilu.org#13196,"TANJUNG BARULAK, TANJUNG EMAS, TANAH DATAR, SUMATERA BARAT",10,46,129,175
https://kawalpemilu.org#13196,"TANJUNG BARULAK, TANJUNG EMAS, TANAH DATAR, SUMATERA BARAT",11,37,135,172
https://kawalpemilu.org#13196,"TANJUNG BARULAK, TANJUNG EMAS, TANAH DATAR, SUMATERA BARAT",12,37,93,130
https://kawalpemilu.org#13196,"TANJUNG BARULAK, TANJUNG EMAS, TANAH DATAR, SUMATERA BARAT",13,47,175,222
https://kawalpemilu.org#13196,"TANJUNG BARULAK, TANJUNG EMAS, TANAH DATAR, SUMATERA BARAT",14,37,130,167
https://kawalpemilu.org#13196,"TANJUNG BARULAK, TANJUNG EMAS, TANAH DATAR, SUMATERA BARAT",15,27,124,151
https://kawalpemilu.org#13197,"SARUASO, TANJUNG EMAS, TANAH DATAR, SUMATERA BARAT",2,31,171,202
https://kawalpemilu.org#13197,"SARUASO, TANJUNG EMAS, TANAH DATAR, SUMATERA BARAT",3,31,169,200
https://kawalpemilu.org#13197,"SARUASO, TANJUNG EMAS, TANAH DATAR, SUMATERA BARAT",4,34,184,218
https://kawalpemilu.org#13197,"SARUASO, TANJUNG EMAS, TANAH DATAR, SUMATERA BARAT",5,17,152,169
https://kawalpemilu.org#13197,"SARUASO, TANJUNG EMAS, TANAH DATAR, SUMATERA BARAT",6,25,210,235
https://kawalpemilu.org#13197,"SARUASO, TANJUNG EMAS, TANAH DATAR, SUMATERA BARAT",7,7,198,205
https://kawalpemilu.org#13197,"SARUASO, TANJUNG EMAS, TANAH DATAR, SUMATERA BARAT",8,10,213,223
https://kawalpemilu.org#13197,"SARUASO, TANJUNG EMAS, TANAH DATAR, SUMATERA BARAT",9,11,218,229
https://kawalpemilu.org#13197,"SARUASO, TANJUNG EMAS, TANAH DATAR, SUMATERA BARAT",10,17,176,194
https://kawalpemilu.org#13197,"SARUASO, TANJUNG EMAS, TANAH DATAR, SUMATERA BARAT",11,18,138,156
https://kawalpemilu.org#13197,"SARUASO, TANJUNG EMAS, TANAH DATAR, SUMATERA BARAT",12,12,131,143
https://kawalpemilu.org#13197,"SARUASO, TANJUNG EMAS, TANAH DATAR, SUMATERA BARAT",13,7,80,87
https://kawalpemilu.org#13197,"SARUASO, TANJUNG EMAS, TANAH DATAR, SUMATERA BARAT",14,13,129,142
https://kawalpemilu.org#13197,"SARUASO, TANJUNG EMAS, TANAH DATAR, SUMATERA BARAT",15,96,117,213
https://kawalpemilu.org#13197,"SARUASO, TANJUNG EMAS, TANAH DATAR, SUMATERA BARAT",16,28,145,173
https://kawalpemilu.org#13197,"SARUASO, TANJUNG EMAS, TANAH DATAR, SUMATERA BARAT",17,42,173,215
https://kawalpemilu.org#13197,"SARUASO, TANJUNG EMAS, TANAH DATAR, SUMATERA BARAT",18,11,111,122
https://kawalpemilu.org#13197,"SARUASO, TANJUNG EMAS, TANAH DATAR, SUMATERA BARAT",19,10,107,117
https://kawalpemilu.org#13197,"SARUASO, TANJUNG EMAS, TANAH DATAR, SUMATERA BARAT",20,20,99,119
https://kawalpemilu.org#13197,"SARUASO, TANJUNG EMAS, TANAH DATAR, SUMATERA BARAT",21,12,113,125
https://kawalpemilu.org#13197,"SARUASO, TANJUNG EMAS, TANAH DATAR, SUMATERA BARAT",22,18,139,157
https://kawalpemilu.org#13197,"SARUASO, TANJUNG EMAS, TANAH DATAR, SUMATERA BARAT",23,23,216,239
https://kawalpemilu.org#13197,"SARUASO, TANJUNG EMAS, TANAH DATAR, SUMATERA BARAT",24,30,168,198
https://kawalpemilu.org#13197,"SARUASO, TANJUNG EMAS, TANAH DATAR, SUMATERA BARAT",25,28,200,228
https://kawalpemilu.org#13197,"SARUASO, TANJUNG EMAS, TANAH DATAR, SUMATERA BARAT",26,25,174,199
https://kawalpemilu.org#13197,"SARUASO, TANJUNG EMAS, TANAH DATAR, SUMATERA BARAT",27,20,157,177
https://kawalpemilu.org#13197,"SARUASO, TANJUNG EMAS, TANAH DATAR, SUMATERA BARAT",28,16,151,167
https://kawalpemilu.org#13197,"SARUASO, TANJUNG EMAS, TANAH DATAR, SUMATERA BARAT",29,84,107,191
https://kawalpemilu.org#13198,"KOTO TANGAH, TANJUNG EMAS, TANAH DATAR, SUMATERA BARAT",1,24,180,204
https://kawalpemilu.org#13198,"KOTO TANGAH, TANJUNG EMAS, TANAH DATAR, SUMATERA BARAT",2,24,127,151
https://kawalpemilu.org#13198,"KOTO TANGAH, TANJUNG EMAS, TANAH DATAR, SUMATERA BARAT",3,13,129,142
https://kawalpemilu.org#13198,"KOTO TANGAH, TANJUNG EMAS, TANAH DATAR, SUMATERA BARAT",4,18,158,176
https://kawalpemilu.org#13198,"KOTO TANGAH, TANJUNG EMAS, TANAH DATAR, SUMATERA BARAT",5,9,139,148
https://kawalpemilu.org#13198,"KOTO TANGAH, TANJUNG EMAS, TANAH DATAR, SUMATERA BARAT",6,20,114,134
https://kawalpemilu.org#13198,"KOTO TANGAH, TANJUNG EMAS, TANAH DATAR, SUMATERA BARAT",7,9,168,177
https://kawalpemilu.org#13198,"KOTO TANGAH, TANJUNG EMAS, TANAH DATAR, SUMATERA BARAT",8,6,161,167
https://kawalpemilu.org#13198,"KOTO TANGAH, TANJUNG EMAS, TANAH DATAR, SUMATERA BARAT",9,6,159,165
https://kawalpemilu.org#13198,"KOTO TANGAH, TANJUNG EMAS, TANAH DATAR, SUMATERA BARAT",10,15,129,144
https://kawalpemilu.org#13198,"KOTO TANGAH, TANJUNG EMAS, TANAH DATAR, SUMATERA BARAT",11,18,115,133
https://kawalpemilu.org#13199,"PAGARUYUNG, TANJUNG EMAS, TANAH DATAR, SUMATERA BARAT",1,13,210,223
https://kawalpemilu.org#13199,"PAGARUYUNG, TANJUNG EMAS, TANAH DATAR, SUMATERA BARAT",2,19,156,175
https://kawalpemilu.org#13199,"PAGARUYUNG, TANJUNG EMAS, TANAH DATAR, SUMATERA BARAT",3,13,159,172
https://kawalpemilu.org#13199,"PAGARUYUNG, TANJUNG EMAS, TANAH DATAR, SUMATERA BARAT",4,11,80,91
https://kawalpemilu.org#13199,"PAGARUYUNG, TANJUNG EMAS, TANAH DATAR, SUMATERA BARAT",5,13,127,140
https://kawalpemilu.org#13199,"PAGARUYUNG, TANJUNG EMAS, TANAH DATAR, SUMATERA BARAT",6,20,136,156
https://kawalpemilu.org#13199,"PAGARUYUNG, TANJUNG EMAS, TANAH DATAR, SUMATERA BARAT",8,15,158,173
https://kawalpemilu.org#13199,"PAGARUYUNG, TANJUNG EMAS, TANAH DATAR, SUMATERA BARAT",9,42,209,251
https://kawalpemilu.org#13199,"PAGARUYUNG, TANJUNG EMAS, TANAH DATAR, SUMATERA BARAT",10,20,119,139
https://kawalpemilu.org#13199,"PAGARUYUNG, TANJUNG EMAS, TANAH DATAR, SUMATERA BARAT",11,10,102,112
https://kawalpemilu.org#13199,"PAGARUYUNG, TANJUNG EMAS, TANAH DATAR, SUMATERA BARAT",12,14,167,181
https://kawalpemilu.org#13199,"PAGARUYUNG, TANJUNG EMAS, TANAH DATAR, SUMATERA BARAT",13,10,214,224
https://kawalpemilu.org#13199,"PAGARUYUNG, TANJUNG EMAS, TANAH DATAR, SUMATERA BARAT",14,13,192,205
https://kawalpemilu.org#13199,"PAGARUYUNG, TANJUNG EMAS, TANAH DATAR, SUMATERA BARAT",15,28,196,224
https://kawalpemilu.org#13199,"PAGARUYUNG, TANJUNG EMAS, TANAH DATAR, SUMATERA BARAT",16,30,204,234
https://kawalpemilu.org#13199,"PAGARUYUNG, TANJUNG EMAS, TANAH DATAR, SUMATERA BARAT",17,15,138,153
https://kawalpemilu.org#13199,"PAGARUYUNG, TANJUNG EMAS, TANAH DATAR, SUMATERA BARAT",18,16,133,149
https://kawalpemilu.org#13199,"PAGARUYUNG, TANJUNG EMAS, TANAH DATAR, SUMATERA BARAT",19,22,155,177
https://kawalpemilu.org#13199,"PAGARUYUNG, TANJUNG EMAS, TANAH DATAR, SUMATERA BARAT",20,8,152,160
https://kawalpemilu.org#13199,"PAGARUYUNG, TANJUNG EMAS, TANAH DATAR, SUMATERA BARAT",21,23,123,146
https://kawalpemilu.org#13199,"PAGARUYUNG, TANJUNG EMAS, TANAH DATAR, SUMATERA BARAT",22,11,177,188
https://kawalpemilu.org#13199,"PAGARUYUNG, TANJUNG EMAS, TANAH DATAR, SUMATERA BARAT",23,17,183,200
https://kawalpemilu.org#13199,"PAGARUYUNG, TANJUNG EMAS, TANAH DATAR, SUMATERA BARAT",24,25,104,129
https://kawalpemilu.org#13199,"PAGARUYUNG, TANJUNG EMAS, TANAH DATAR, SUMATERA BARAT",25,39,134,173
https://kawalpemilu.org#13201,"TALUAK, LINTAU BUO, TANAH DATAR, SUMATERA BARAT",1,11,157,168
https://kawalpemilu.org#13201,"TALUAK, LINTAU BUO, TANAH DATAR, SUMATERA BARAT",2,18,210,228
https://kawalpemilu.org#13201,"TALUAK, LINTAU BUO, TANAH DATAR, SUMATERA BARAT",3,36,160,196
https://kawalpemilu.org#13201,"TALUAK, LINTAU BUO, TANAH DATAR, SUMATERA BARAT",4,8,161,169
https://kawalpemilu.org#13201,"TALUAK, LINTAU BUO, TANAH DATAR, SUMATERA BARAT",5,7,159,166
https://kawalpemilu.org#13201,"TALUAK, LINTAU BUO, TANAH DATAR, SUMATERA BARAT",6,10,107,117
https://kawalpemilu.org#13201,"TALUAK, LINTAU BUO, TANAH DATAR, SUMATERA BARAT",7,24,106,130
https://kawalpemilu.org#13201,"TALUAK, LINTAU BUO, TANAH DATAR, SUMATERA BARAT",8,14,141,155
https://kawalpemilu.org#13201,"TALUAK, LINTAU BUO, TANAH DATAR, SUMATERA BARAT",9,27,126,153
https://kawalpemilu.org#13201,"TALUAK, LINTAU BUO, TANAH DATAR, SUMATERA BARAT",10,10,71,81
https://kawalpemilu.org#13201,"TALUAK, LINTAU BUO, TANAH DATAR, SUMATERA BARAT",11,19,111,130
https://kawalpemilu.org#13201,"TALUAK, LINTAU BUO, TANAH DATAR, SUMATERA BARAT",12,19,122,141
https://kawalpemilu.org#13201,"TALUAK, LINTAU BUO, TANAH DATAR, SUMATERA BARAT",13,20,205,225
https://kawalpemilu.org#13201,"TALUAK, LINTAU BUO, TANAH DATAR, SUMATERA BARAT",14,18,97,115
https://kawalpemilu.org#13201,"TALUAK, LINTAU BUO, TANAH DATAR, SUMATERA BARAT",15,26,156,182
https://kawalpemilu.org#13201,"TALUAK, LINTAU BUO, TANAH DATAR, SUMATERA BARAT",16,5,121,126
https://kawalpemilu.org#13201,"TALUAK, LINTAU BUO, TANAH DATAR, SUMATERA BARAT",17,21,95,116
https://kawalpemilu.org#13201,"TALUAK, LINTAU BUO, TANAH DATAR, SUMATERA BARAT",18,9,92,101
https://kawalpemilu.org#13201,"TALUAK, LINTAU BUO, TANAH DATAR, SUMATERA BARAT",19,29,153,182
https://kawalpemilu.org#13201,"TALUAK, LINTAU BUO, TANAH DATAR, SUMATERA BARAT",20,14,137,151
https://kawalpemilu.org#13201,"TALUAK, LINTAU BUO, TANAH DATAR, SUMATERA BARAT",21,37,115,152
https://kawalpemilu.org#13201,"TALUAK, LINTAU BUO, TANAH DATAR, SUMATERA BARAT",22,11,82,93
https://kawalpemilu.org#13201,"TALUAK, LINTAU BUO, TANAH DATAR, SUMATERA BARAT",23,16,114,130
https://kawalpemilu.org#13202,"BUO, LINTAU BUO, TANAH DATAR, SUMATERA BARAT",1,35,134,169
https://kawalpemilu.org#13202,"BUO, LINTAU BUO, TANAH DATAR, SUMATERA BARAT",2,38,170,208
https://kawalpemilu.org#13202,"BUO, LINTAU BUO, TANAH DATAR, SUMATERA BARAT",3,11,121,132
https://kawalpemilu.org#13202,"BUO, LINTAU BUO, TANAH DATAR, SUMATERA BARAT",4,23,130,153
https://kawalpemilu.org#13202,"BUO, LINTAU BUO, TANAH DATAR, SUMATERA BARAT",5,33,134,167
https://kawalpemilu.org#13202,"BUO, LINTAU BUO, TANAH DATAR, SUMATERA BARAT",6,28,166,194
https://kawalpemilu.org#13203,"TIGO JANGKO, LINTAU BUO, TANAH DATAR, SUMATERA BARAT",1,25,173,198
https://kawalpemilu.org#13203,"TIGO JANGKO, LINTAU BUO, TANAH DATAR, SUMATERA BARAT",2,28,147,175
https://kawalpemilu.org#13203,"TIGO JANGKO, LINTAU BUO, TANAH DATAR, SUMATERA BARAT",3,17,182,199
https://kawalpemilu.org#13203,"TIGO JANGKO, LINTAU BUO, TANAH DATAR, SUMATERA BARAT",4,8,161,169
https://kawalpemilu.org#13203,"TIGO JANGKO, LINTAU BUO, TANAH DATAR, SUMATERA BARAT",5,13,167,180
https://kawalpemilu.org#13203,"TIGO JANGKO, LINTAU BUO, TANAH DATAR, SUMATERA BARAT",6,10,229,239
https://kawalpemilu.org#13203,"TIGO JANGKO, LINTAU BUO, TANAH DATAR, SUMATERA BARAT",7,5,148,153
https://kawalpemilu.org#13203,"TIGO JANGKO, LINTAU BUO, TANAH DATAR, SUMATERA BARAT",8,16,95,111
https://kawalpemilu.org#13203,"TIGO JANGKO, LINTAU BUO, TANAH DATAR, SUMATERA BARAT",9,5,119,124
https://kawalpemilu.org#13203,"TIGO JANGKO, LINTAU BUO, TANAH DATAR, SUMATERA BARAT",10,3,130,133
https://kawalpemilu.org#13203,"TIGO JANGKO, LINTAU BUO, TANAH DATAR, SUMATERA BARAT",11,4,220,224
https://kawalpemilu.org#13203,"TIGO JANGKO, LINTAU BUO, TANAH DATAR, SUMATERA BARAT",12,1,135,136
https://kawalpemilu.org#13203,"TIGO JANGKO, LINTAU BUO, TANAH DATAR, SUMATERA BARAT",13,6,213,219
https://kawalpemilu.org#13203,"TIGO JANGKO, LINTAU BUO, TANAH DATAR, SUMATERA BARAT",14,23,185,208
https://kawalpemilu.org#13203,"TIGO JANGKO, LINTAU BUO, TANAH DATAR, SUMATERA BARAT",15,19,157,176
https://kawalpemilu.org#13203,"TIGO JANGKO, LINTAU BUO, TANAH DATAR, SUMATERA BARAT",16,6,184,190
https://kawalpemilu.org#13203,"TIGO JANGKO, LINTAU BUO, TANAH DATAR, SUMATERA BARAT",17,17,133,150
https://kawalpemilu.org#13203,"TIGO JANGKO, LINTAU BUO, TANAH DATAR, SUMATERA BARAT",18,7,164,171
https://kawalpemilu.org#13203,"TIGO JANGKO, LINTAU BUO, TANAH DATAR, SUMATERA BARAT",19,6,111,117
https://kawalpemilu.org#13203,"TIGO JANGKO, LINTAU BUO, TANAH DATAR, SUMATERA BARAT",20,10,205,215
https://kawalpemilu.org#13203,"TIGO JANGKO, LINTAU BUO, TANAH DATAR, SUMATERA BARAT",21,2,183,185
https://kawalpemilu.org#13203,"TIGO JANGKO, LINTAU BUO, TANAH DATAR, SUMATERA BARAT",22,8,185,193
https://kawalpemilu.org#13203,"TIGO JANGKO, LINTAU BUO, TANAH DATAR, SUMATERA BARAT",23,5,136,141
https://kawalpemilu.org#13203,"TIGO JANGKO, LINTAU BUO, TANAH DATAR, SUMATERA BARAT",24,3,215,218
https://kawalpemilu.org#13204,"PANGIAN, LINTAU BUO, TANAH DATAR, SUMATERA BARAT",1,17,181,201
https://kawalpemilu.org#13204,"PANGIAN, LINTAU BUO, TANAH DATAR, SUMATERA BARAT",3,20,87,107
https://kawalpemilu.org#13204,"PANGIAN, LINTAU BUO, TANAH DATAR, SUMATERA BARAT",4,13,201,214
https://kawalpemilu.org#13204,"PANGIAN, LINTAU BUO, TANAH DATAR, SUMATERA BARAT",5,8,185,193
https://kawalpemilu.org#13204,"PANGIAN, LINTAU BUO, TANAH DATAR, SUMATERA BARAT",6,15,164,179
https://kawalpemilu.org#13204,"PANGIAN, LINTAU BUO, TANAH DATAR, SUMATERA BARAT",7,26,132,158
https://kawalpemilu.org#13204,"PANGIAN, LINTAU BUO, TANAH DATAR, SUMATERA BARAT",8,19,152,171
https://kawalpemilu.org#13204,"PANGIAN, LINTAU BUO, TANAH DATAR, SUMATERA BARAT",9,12,175,187
https://kawalpemilu.org#13204,"PANGIAN, LINTAU BUO, TANAH DATAR, SUMATERA BARAT",10,19,126,145
https://kawalpemilu.org#13204,"PANGIAN, LINTAU BUO, TANAH DATAR, SUMATERA BARAT",11,7,138,145
https://kawalpemilu.org#13204,"PANGIAN, LINTAU BUO, TANAH DATAR, SUMATERA BARAT",12,19,133,152
https://kawalpemilu.org#13206,"SUNGAI PATAI, SUNGAYANG, TANAH DATAR, SUMATERA BARAT",1,12,174,186
https://kawalpemilu.org#13206,"SUNGAI PATAI, SUNGAYANG, TANAH DATAR, SUMATERA BARAT",2,17,156,173
https://kawalpemilu.org#13206,"SUNGAI PATAI, SUNGAYANG, TANAH DATAR, SUMATERA BARAT",3,16,160,176
https://kawalpemilu.org#13206,"SUNGAI PATAI, SUNGAYANG, TANAH DATAR, SUMATERA BARAT",5,33,147,180
https://kawalpemilu.org#13206,"SUNGAI PATAI, SUNGAYANG, TANAH DATAR, SUMATERA BARAT",6,11,144,155
https://kawalpemilu.org#13206,"SUNGAI PATAI, SUNGAYANG, TANAH DATAR, SUMATERA BARAT",7,9,98,107
https://kawalpemilu.org#13207,"ANDALEH BARUH BUKIK, SUNGAYANG, TANAH DATAR, SUMATERA BARAT",1,26,103,129
https://kawalpemilu.org#13207,"ANDALEH BARUH BUKIK, SUNGAYANG, TANAH DATAR, SUMATERA BARAT",2,13,120,120
https://kawalpemilu.org#13207,"ANDALEH BARUH BUKIK, SUNGAYANG, TANAH DATAR, SUMATERA BARAT",3,16,150,166
https://kawalpemilu.org#13207,"ANDALEH BARUH BUKIK, SUNGAYANG, TANAH DATAR, SUMATERA BARAT",4,8,130,138
https://kawalpemilu.org#13207,"ANDALEH BARUH BUKIK, SUNGAYANG, TANAH DATAR, SUMATERA BARAT",5,11,128,139
https://kawalpemilu.org#13207,"ANDALEH BARUH BUKIK, SUNGAYANG, TANAH DATAR, SUMATERA BARAT",6,23,140,163
https://kawalpemilu.org#13207,"ANDALEH BARUH BUKIK, SUNGAYANG, TANAH DATAR, SUMATERA BARAT",7,15,99,114
https://kawalpemilu.org#13207,"ANDALEH BARUH BUKIK, SUNGAYANG, TANAH DATAR, SUMATERA BARAT",9,20,162,182
https://kawalpemilu.org#13207,"ANDALEH BARUH BUKIK, SUNGAYANG, TANAH DATAR, SUMATERA BARAT",10,20,151,171
https://kawalpemilu.org#13207,"ANDALEH BARUH BUKIK, SUNGAYANG, TANAH DATAR, SUMATERA BARAT",11,23,116,139
https://kawalpemilu.org#13207,"ANDALEH BARUH BUKIK, SUNGAYANG, TANAH DATAR, SUMATERA BARAT",12,23,115,138
https://kawalpemilu.org#13207,"ANDALEH BARUH BUKIK, SUNGAYANG, TANAH DATAR, SUMATERA BARAT",13,19,116,135
https://kawalpemilu.org#13207,"ANDALEH BARUH BUKIK, SUNGAYANG, TANAH DATAR, SUMATERA BARAT",14,14,146,160
https://kawalpemilu.org#13207,"ANDALEH BARUH BUKIK, SUNGAYANG, TANAH DATAR, SUMATERA BARAT",15,13,121,134
https://kawalpemilu.org#13207,"ANDALEH BARUH BUKIK, SUNGAYANG, TANAH DATAR, SUMATERA BARAT",16,8,121,129
https://kawalpemilu.org#13207,"ANDALEH BARUH BUKIK, SUNGAYANG, TANAH DATAR, SUMATERA BARAT",17,25,173,198
https://kawalpemilu.org#13207,"ANDALEH BARUH BUKIK, SUNGAYANG, TANAH DATAR, SUMATERA BARAT",18,13,176,189
https://kawalpemilu.org#13207,"ANDALEH BARUH BUKIK, SUNGAYANG, TANAH DATAR, SUMATERA BARAT",19,27,103,130
https://kawalpemilu.org#13208,"TANJUNG, SUNGAYANG, TANAH DATAR, SUMATERA BARAT",1,21,204,225
https://kawalpemilu.org#13208,"TANJUNG, SUNGAYANG, TANAH DATAR, SUMATERA BARAT",2,39,161,200
https://kawalpemilu.org#13208,"TANJUNG, SUNGAYANG, TANAH DATAR, SUMATERA BARAT",3,20,173,193
https://kawalpemilu.org#13208,"TANJUNG, SUNGAYANG, TANAH DATAR, SUMATERA BARAT",4,26,103,129
https://kawalpemilu.org#13208,"TANJUNG, SUNGAYANG, TANAH DATAR, SUMATERA BARAT",5,29,148,177
https://kawalpemilu.org#13208,"TANJUNG, SUNGAYANG, TANAH DATAR, SUMATERA BARAT",6,32,130,162
https://kawalpemilu.org#13208,"TANJUNG, SUNGAYANG, TANAH DATAR, SUMATERA BARAT",7,16,92,108
https://kawalpemilu.org#13209,"SUNGAYANG, SUNGAYANG, TANAH DATAR, SUMATERA BARAT",1,16,151,167
https://kawalpemilu.org#13209,"SUNGAYANG, SUNGAYANG, TANAH DATAR, SUMATERA BARAT",2,19,141,160
https://kawalpemilu.org#13209,"SUNGAYANG, SUNGAYANG, TANAH DATAR, SUMATERA BARAT",3,13,158,171
https://kawalpemilu.org#13209,"SUNGAYANG, SUNGAYANG, TANAH DATAR, SUMATERA BARAT",4,12,176,188
https://kawalpemilu.org#13209,"SUNGAYANG, SUNGAYANG, TANAH DATAR, SUMATERA BARAT",5,13,159,172
https://kawalpemilu.org#13209,"SUNGAYANG, SUNGAYANG, TANAH DATAR, SUMATERA BARAT",6,25,176,201
https://kawalpemilu.org#13209,"SUNGAYANG, SUNGAYANG, TANAH DATAR, SUMATERA BARAT",7,15,142,157
https://kawalpemilu.org#13209,"SUNGAYANG, SUNGAYANG, TANAH DATAR, SUMATERA BARAT",8,23,105,128
https://kawalpemilu.org#13209,"SUNGAYANG, SUNGAYANG, TANAH DATAR, SUMATERA BARAT",9,19,134,153
https://kawalpemilu.org#13209,"SUNGAYANG, SUNGAYANG, TANAH DATAR, SUMATERA BARAT",10,11,129,140
https://kawalpemilu.org#13209,"SUNGAYANG, SUNGAYANG, TANAH DATAR, SUMATERA BARAT",11,14,107,121
https://kawalpemilu.org#13209,"SUNGAYANG, SUNGAYANG, TANAH DATAR, SUMATERA BARAT",12,12,97,109
https://kawalpemilu.org#13209,"SUNGAYANG, SUNGAYANG, TANAH DATAR, SUMATERA BARAT",13,13,97,110
https://kawalpemilu.org#13209,"SUNGAYANG, SUNGAYANG, TANAH DATAR, SUMATERA BARAT",14,10,134,144
https://kawalpemilu.org#13209,"SUNGAYANG, SUNGAYANG, TANAH DATAR, SUMATERA BARAT",15,12,140,152
https://kawalpemilu.org#13209,"SUNGAYANG, SUNGAYANG, TANAH DATAR, SUMATERA BARAT",16,21,129,150
https://kawalpemilu.org#13209,"SUNGAYANG, SUNGAYANG, TANAH DATAR, SUMATERA BARAT",17,18,169,187
https://kawalpemilu.org#13209,"SUNGAYANG, SUNGAYANG, TANAH DATAR, SUMATERA BARAT",18,7,94,101
https://kawalpemilu.org#13209,"SUNGAYANG, SUNGAYANG, TANAH DATAR, SUMATERA BARAT",19,5,104,109
https://kawalpemilu.org#13209,"SUNGAYANG, SUNGAYANG, TANAH DATAR, SUMATERA BARAT",20,12,99,111
https://kawalpemilu.org#13209,"SUNGAYANG, SUNGAYANG, TANAH DATAR, SUMATERA BARAT",21,12,97,109
https://kawalpemilu.org#13210,"MINANG KABAU, SUNGAYANG, TANAH DATAR, SUMATERA BARAT",1,10,105,115
https://kawalpemilu.org#13210,"MINANG KABAU, SUNGAYANG, TANAH DATAR, SUMATERA BARAT",2,35,133,168
https://kawalpemilu.org#13210,"MINANG KABAU, SUNGAYANG, TANAH DATAR, SUMATERA BARAT",3,43,184,227
https://kawalpemilu.org#13210,"MINANG KABAU, SUNGAYANG, TANAH DATAR, SUMATERA BARAT",4,13,153,166
https://kawalpemilu.org#13210,"MINANG KABAU, SUNGAYANG, TANAH DATAR, SUMATERA BARAT",5,19,172,191
https://kawalpemilu.org#13210,"MINANG KABAU, SUNGAYANG, TANAH DATAR, SUMATERA BARAT",6,14,154,168
https://kawalpemilu.org#13210,"MINANG KABAU, SUNGAYANG, TANAH DATAR, SUMATERA BARAT",7,23,135,158
https://kawalpemilu.org#13210,"MINANG KABAU, SUNGAYANG, TANAH DATAR, SUMATERA BARAT",8,23,172,195
https://kawalpemilu.org#13210,"MINANG KABAU, SUNGAYANG, TANAH DATAR, SUMATERA BARAT",9,10,100,110
https://kawalpemilu.org#13210,"MINANG KABAU, SUNGAYANG, TANAH DATAR, SUMATERA BARAT",10,21,136,157
https://kawalpemilu.org#13212,"SIMPURUIK, SUNGAI TARAB, TANAH DATAR, SUMATERA BARAT",1,10,195,205
https://kawalpemilu.org#13212,"SIMPURUIK, SUNGAI TARAB, TANAH DATAR, SUMATERA BARAT",3,33,200,233
https://kawalpemilu.org#13212,"SIMPURUIK, SUNGAI TARAB, TANAH DATAR, SUMATERA BARAT",5,21,123,144
https://kawalpemilu.org#13212,"SIMPURUIK, SUNGAI TARAB, TANAH DATAR, SUMATERA BARAT",6,14,191,205
https://kawalpemilu.org#13212,"SIMPURUIK, SUNGAI TARAB, TANAH DATAR, SUMATERA BARAT",7,15,87,102
https://kawalpemilu.org#13212,"SIMPURUIK, SUNGAI TARAB, TANAH DATAR, SUMATERA BARAT",8,14,119,133
https://kawalpemilu.org#13212,"SIMPURUIK, SUNGAI TARAB, TANAH DATAR, SUMATERA BARAT",9,73,133,206
https://kawalpemilu.org#13212,"SIMPURUIK, SUNGAI TARAB, TANAH DATAR, SUMATERA BARAT",10,23,108,131
https://kawalpemilu.org#13212,"SIMPURUIK, SUNGAI TARAB, TANAH DATAR, SUMATERA BARAT",11,17,142,159
https://kawalpemilu.org#13212,"SIMPURUIK, SUNGAI TARAB, TANAH DATAR, SUMATERA BARAT",12,17,123,140
https://kawalpemilu.org#13212,"SIMPURUIK, SUNGAI TARAB, TANAH DATAR, SUMATERA BARAT",13,15,129,144
https://kawalpemilu.org#13212,"SIMPURUIK, SUNGAI TARAB, TANAH DATAR, SUMATERA BARAT",14,19,172,191
https://kawalpemilu.org#13213,"SUNGAI TARAB, SUNGAI TARAB, TANAH DATAR, SUMATERA BARAT",1,8,157,165
https://kawalpemilu.org#13213,"SUNGAI TARAB, SUNGAI TARAB, TANAH DATAR, SUMATERA BARAT",2,8,85,93
https://kawalpemilu.org#13213,"SUNGAI TARAB, SUNGAI TARAB, TANAH DATAR, SUMATERA BARAT",3,18,149,167
https://kawalpemilu.org#13213,"SUNGAI TARAB, SUNGAI TARAB, TANAH DATAR, SUMATERA BARAT",4,13,170,183
https://kawalpemilu.org#13213,"SUNGAI TARAB, SUNGAI TARAB, TANAH DATAR, SUMATERA BARAT",5,25,197,222
https://kawalpemilu.org#13213,"SUNGAI TARAB, SUNGAI TARAB, TANAH DATAR, SUMATERA BARAT",7,33,195,228
https://kawalpemilu.org#13213,"SUNGAI TARAB, SUNGAI TARAB, TANAH DATAR, SUMATERA BARAT",9,23,95,118
https://kawalpemilu.org#13213,"SUNGAI TARAB, SUNGAI TARAB, TANAH DATAR, SUMATERA BARAT",11,8,152,160
https://kawalpemilu.org#13213,"SUNGAI TARAB, SUNGAI TARAB, TANAH DATAR, SUMATERA BARAT",12,9,127,136
https://kawalpemilu.org#13213,"SUNGAI TARAB, SUNGAI TARAB, TANAH DATAR, SUMATERA BARAT",13,4,134,138
https://kawalpemilu.org#13213,"SUNGAI TARAB, SUNGAI TARAB, TANAH DATAR, SUMATERA BARAT",14,7,163,170
https://kawalpemilu.org#13213,"SUNGAI TARAB, SUNGAI TARAB, TANAH DATAR, SUMATERA BARAT",15,12,180,192
https://kawalpemilu.org#13213,"SUNGAI TARAB, SUNGAI TARAB, TANAH DATAR, SUMATERA BARAT",16,11,130,141
https://kawalpemilu.org#13213,"SUNGAI TARAB, SUNGAI TARAB, TANAH DATAR, SUMATERA BARAT",17,23,126,149
https://kawalpemilu.org#13213,"SUNGAI TARAB, SUNGAI TARAB, TANAH DATAR, SUMATERA BARAT",18,20,187,207
https://kawalpemilu.org#13213,"SUNGAI TARAB, SUNGAI TARAB, TANAH DATAR, SUMATERA BARAT",19,19,149,168
https://kawalpemilu.org#13213,"SUNGAI TARAB, SUNGAI TARAB, TANAH DATAR, SUMATERA BARAT",20,22,172,194
https://kawalpemilu.org#13213,"SUNGAI TARAB, SUNGAI TARAB, TANAH DATAR, SUMATERA BARAT",21,16,99,115
https://kawalpemilu.org#13213,"SUNGAI TARAB, SUNGAI TARAB, TANAH DATAR, SUMATERA BARAT",22,24,140,164
https://kawalpemilu.org#13213,"SUNGAI TARAB, SUNGAI TARAB, TANAH DATAR, SUMATERA BARAT",23,19,205,224
https://kawalpemilu.org#13213,"SUNGAI TARAB, SUNGAI TARAB, TANAH DATAR, SUMATERA BARAT",24,10,198,208
https://kawalpemilu.org#13213,"SUNGAI TARAB, SUNGAI TARAB, TANAH DATAR, SUMATERA BARAT",25,17,111,128
https://kawalpemilu.org#13213,"SUNGAI TARAB, SUNGAI TARAB, TANAH DATAR, SUMATERA BARAT",26,10,135,145
https://kawalpemilu.org#13213,"SUNGAI TARAB, SUNGAI TARAB, TANAH DATAR, SUMATERA BARAT",27,11,150,161
https://kawalpemilu.org#13213,"SUNGAI TARAB, SUNGAI TARAB, TANAH DATAR, SUMATERA BARAT",28,6,193,199
https://kawalpemilu.org#13213,"SUNGAI TARAB, SUNGAI TARAB, TANAH DATAR, SUMATERA BARAT",29,9,139,148
https://kawalpemilu.org#13213,"SUNGAI TARAB, SUNGAI TARAB, TANAH DATAR, SUMATERA BARAT",30,19,141,160
https://kawalpemilu.org#13213,"SUNGAI TARAB, SUNGAI TARAB, TANAH DATAR, SUMATERA BARAT",31,15,169,184
https://kawalpemilu.org#13213,"SUNGAI TARAB, SUNGAI TARAB, TANAH DATAR, SUMATERA BARAT",32,14,125,139
https://kawalpemilu.org#13213,"SUNGAI TARAB, SUNGAI TARAB, TANAH DATAR, SUMATERA BARAT",33,5,103,108
https://kawalpemilu.org#13214,"GURUN, SUNGAI TARAB, TANAH DATAR, SUMATERA BARAT",2,19,127,146
https://kawalpemilu.org#13214,"GURUN, SUNGAI TARAB, TANAH DATAR, SUMATERA BARAT",3,11,178,189
https://kawalpemilu.org#13214,"GURUN, SUNGAI TARAB, TANAH DATAR, SUMATERA BARAT",4,16,96,112
https://kawalpemilu.org#13214,"GURUN, SUNGAI TARAB, TANAH DATAR, SUMATERA BARAT",5,23,135,158
https://kawalpemilu.org#13214,"GURUN, SUNGAI TARAB, TANAH DATAR, SUMATERA BARAT",6,25,144,169
https://kawalpemilu.org#13214,"GURUN, SUNGAI TARAB, TANAH DATAR, SUMATERA BARAT",7,9,132,141
https://kawalpemilu.org#13214,"GURUN, SUNGAI TARAB, TANAH DATAR, SUMATERA BARAT",8,16,151,167
https://kawalpemilu.org#13214,"GURUN, SUNGAI TARAB, TANAH DATAR, SUMATERA BARAT",9,11,103,114
https://kawalpemilu.org#13214,"GURUN, SUNGAI TARAB, TANAH DATAR, SUMATERA BARAT",10,19,146,165
https://kawalpemilu.org#13214,"GURUN, SUNGAI TARAB, TANAH DATAR, SUMATERA BARAT",11,16,106,122
https://kawalpemilu.org#13214,"GURUN, SUNGAI TARAB, TANAH DATAR, SUMATERA BARAT",12,16,98,114
https://kawalpemilu.org#13214,"GURUN, SUNGAI TARAB, TANAH DATAR, SUMATERA BARAT",13,10,139,149
https://kawalpemilu.org#13214,"GURUN, SUNGAI TARAB, TANAH DATAR, SUMATERA BARAT",14,12,135,147
https://kawalpemilu.org#13214,"GURUN, SUNGAI TARAB, TANAH DATAR, SUMATERA BARAT",15,42,188,230
https://kawalpemilu.org#13214,"GURUN, SUNGAI TARAB, TANAH DATAR, SUMATERA BARAT",16,30,144,174
https://kawalpemilu.org#13215,"TALANG TANGAH, SUNGAI TARAB, TANAH DATAR, SUMATERA BARAT",1,38,133,171
https://kawalpemilu.org#13215,"TALANG TANGAH, SUNGAI TARAB, TANAH DATAR, SUMATERA BARAT",2,14,107,121
https://kawalpemilu.org#13215,"TALANG TANGAH, SUNGAI TARAB, TANAH DATAR, SUMATERA BARAT",3,28,102,130
https://kawalpemilu.org#13215,"TALANG TANGAH, SUNGAI TARAB, TANAH DATAR, SUMATERA BARAT",4,18,99,117
https://kawalpemilu.org#13215,"TALANG TANGAH, SUNGAI TARAB, TANAH DATAR, SUMATERA BARAT",5,5,98,103
https://kawalpemilu.org#13216,"PADANG LAWEH, SUNGAI TARAB, TANAH DATAR, SUMATERA BARAT",1,18,182,200
https://kawalpemilu.org#13216,"PADANG LAWEH, SUNGAI TARAB, TANAH DATAR, SUMATERA BARAT",2,15,153,168
https://kawalpemilu.org#13216,"PADANG LAWEH, SUNGAI TARAB, TANAH DATAR, SUMATERA BARAT",3,12,112,124
https://kawalpemilu.org#13216,"PADANG LAWEH, SUNGAI TARAB, TANAH DATAR, SUMATERA BARAT",4,15,162,177
https://kawalpemilu.org#13216,"PADANG LAWEH, SUNGAI TARAB, TANAH DATAR, SUMATERA BARAT",5,33,130,163
https://kawalpemilu.org#13216,"PADANG LAWEH, SUNGAI TARAB, TANAH DATAR, SUMATERA BARAT",6,5,105,110
https://kawalpemilu.org#13217,"PASIE LAWEH, SUNGAI TARAB, TANAH DATAR, SUMATERA BARAT",1,28,104,132
https://kawalpemilu.org#13217,"PASIE LAWEH, SUNGAI TARAB, TANAH DATAR, SUMATERA BARAT",2,15,128,143
https://kawalpemilu.org#13217,"PASIE LAWEH, SUNGAI TARAB, TANAH DATAR, SUMATERA BARAT",3,24,172,196
https://kawalpemilu.org#13217,"PASIE LAWEH, SUNGAI TARAB, TANAH DATAR, SUMATERA BARAT",4,18,146,164
https://kawalpemilu.org#13217,"PASIE LAWEH, SUNGAI TARAB, TANAH DATAR, SUMATERA BARAT",5,24,160,184
https://kawalpemilu.org#13217,"PASIE LAWEH, SUNGAI TARAB, TANAH DATAR, SUMATERA BARAT",6,7,173,180
https://kawalpemilu.org#13217,"PASIE LAWEH, SUNGAI TARAB, TANAH DATAR, SUMATERA BARAT",7,24,107,131
https://kawalpemilu.org#13217,"PASIE LAWEH, SUNGAI TARAB, TANAH DATAR, SUMATERA BARAT",8,23,119,142
https://kawalpemilu.org#13217,"PASIE LAWEH, SUNGAI TARAB, TANAH DATAR, SUMATERA BARAT",9,29,166,195
https://kawalpemilu.org#13217,"PASIE LAWEH, SUNGAI TARAB, TANAH DATAR, SUMATERA BARAT",10,12,191,203
https://kawalpemilu.org#13218,"KOTO TUO, SUNGAI TARAB, TANAH DATAR, SUMATERA BARAT",1,16,211,227
https://kawalpemilu.org#13218,"KOTO TUO, SUNGAI TARAB, TANAH DATAR, SUMATERA BARAT",2,19,178,197
https://kawalpemilu.org#13218,"KOTO TUO, SUNGAI TARAB, TANAH DATAR, SUMATERA BARAT",3,11,124,135
https://kawalpemilu.org#13218,"KOTO TUO, SUNGAI TARAB, TANAH DATAR, SUMATERA BARAT",4,9,177,186
https://kawalpemilu.org#13219,"RAO-RAO, SUNGAI TARAB, TANAH DATAR, SUMATERA BARAT",1,13,114,127
https://kawalpemilu.org#13219,"RAO-RAO, SUNGAI TARAB, TANAH DATAR, SUMATERA BARAT",2,21,131,152
https://kawalpemilu.org#13219,"RAO-RAO, SUNGAI TARAB, TANAH DATAR, SUMATERA BARAT",3,11,79,90
https://kawalpemilu.org#13219,"RAO-RAO, SUNGAI TARAB, TANAH DATAR, SUMATERA BARAT",5,8,73,81
https://kawalpemilu.org#13219,"RAO-RAO, SUNGAI TARAB, TANAH DATAR, SUMATERA BARAT",6,21,121,142
https://kawalpemilu.org#13219,"RAO-RAO, SUNGAI TARAB, TANAH DATAR, SUMATERA BARAT",7,19,86,105
https://kawalpemilu.org#13219,"RAO-RAO, SUNGAI TARAB, TANAH DATAR, SUMATERA BARAT",8,20,94,114
https://kawalpemilu.org#13219,"RAO-RAO, SUNGAI TARAB, TANAH DATAR, SUMATERA BARAT",9,13,70,83
https://kawalpemilu.org#13219,"RAO-RAO, SUNGAI TARAB, TANAH DATAR, SUMATERA BARAT",10,9,101,110
https://kawalpemilu.org#13219,"RAO-RAO, SUNGAI TARAB, TANAH DATAR, SUMATERA BARAT",11,7,105,112
https://kawalpemilu.org#13219,"RAO-RAO, SUNGAI TARAB, TANAH DATAR, SUMATERA BARAT",12,29,117,146
https://kawalpemilu.org#13219,"RAO-RAO, SUNGAI TARAB, TANAH DATAR, SUMATERA BARAT",13,15,108,123
https://kawalpemilu.org#13220,"KUMANGO, SUNGAI TARAB, TANAH DATAR, SUMATERA BARAT",1,39,172,171
https://kawalpemilu.org#13220,"KUMANGO, SUNGAI TARAB, TANAH DATAR, SUMATERA BARAT",2,14,212,226
https://kawalpemilu.org#13220,"KUMANGO, SUNGAI TARAB, TANAH DATAR, SUMATERA BARAT",3,18,109,127
https://kawalpemilu.org#13220,"KUMANGO, SUNGAI TARAB, TANAH DATAR, SUMATERA BARAT",4,29,125,154
https://kawalpemilu.org#13220,"KUMANGO, SUNGAI TARAB, TANAH DATAR, SUMATERA BARAT",5,13,142,155
https://kawalpemilu.org#13220,"KUMANGO, SUNGAI TARAB, TANAH DATAR, SUMATERA BARAT",6,23,87,110
https://kawalpemilu.org#13220,"KUMANGO, SUNGAI TARAB, TANAH DATAR, SUMATERA BARAT",7,23,117,140
https://kawalpemilu.org#13221,"KOTO BARU, SUNGAI TARAB, TANAH DATAR, SUMATERA BARAT",1,3,157,160
https://kawalpemilu.org#13221,"KOTO BARU, SUNGAI TARAB, TANAH DATAR, SUMATERA BARAT",2,10,140,150
https://kawalpemilu.org#13221,"KOTO BARU, SUNGAI TARAB, TANAH DATAR, SUMATERA BARAT",3,11,176,187
https://kawalpemilu.org#13221,"KOTO BARU, SUNGAI TARAB, TANAH DATAR, SUMATERA BARAT",4,22,161,183
https://kawalpemilu.org#13223,"BATU BASA, PARIANGAN, TANAH DATAR, SUMATERA BARAT",1,5,107,112
https://kawalpemilu.org#13223,"BATU BASA, PARIANGAN, TANAH DATAR, SUMATERA BARAT",3,4,157,161
https://kawalpemilu.org#13223,"BATU BASA, PARIANGAN, TANAH DATAR, SUMATERA BARAT",4,13,117,130
https://kawalpemilu.org#13223,"BATU BASA, PARIANGAN, TANAH DATAR, SUMATERA BARAT",5,4,141,145
https://kawalpemilu.org#13223,"BATU BASA, PARIANGAN, TANAH DATAR, SUMATERA BARAT",6,11,137,148
https://kawalpemilu.org#13223,"BATU BASA, PARIANGAN, TANAH DATAR, SUMATERA BARAT",7,16,138,154
https://kawalpemilu.org#13223,"BATU BASA, PARIANGAN, TANAH DATAR, SUMATERA BARAT",8,10,129,139
https://kawalpemilu.org#13223,"BATU BASA, PARIANGAN, TANAH DATAR, SUMATERA BARAT",9,7,112,119
https://kawalpemilu.org#13223,"BATU BASA, PARIANGAN, TANAH DATAR, SUMATERA BARAT",10,6,106,112
https://kawalpemilu.org#13223,"BATU BASA, PARIANGAN, TANAH DATAR, SUMATERA BARAT",11,14,107,121
https://kawalpemilu.org#13223,"BATU BASA, PARIANGAN, TANAH DATAR, SUMATERA BARAT",12,6,151,157
https://kawalpemilu.org#13223,"BATU BASA, PARIANGAN, TANAH DATAR, SUMATERA BARAT",13,5,119,124
https://kawalpemilu.org#13223,"BATU BASA, PARIANGAN, TANAH DATAR, SUMATERA BARAT",14,9,136,145
https://kawalpemilu.org#13223,"BATU BASA, PARIANGAN, TANAH DATAR, SUMATERA BARAT",15,9,143,152
https://kawalpemilu.org#13223,"BATU BASA, PARIANGAN, TANAH DATAR, SUMATERA BARAT",16,9,137,146
https://kawalpemilu.org#13224,"TABEK, PARIANGAN, TANAH DATAR, SUMATERA BARAT",1,11,138,149
https://kawalpemilu.org#13224,"TABEK, PARIANGAN, TANAH DATAR, SUMATERA BARAT",2,10,158,168
https://kawalpemilu.org#13224,"TABEK, PARIANGAN, TANAH DATAR, SUMATERA BARAT",3,17,130,147
https://kawalpemilu.org#13224,"TABEK, PARIANGAN, TANAH DATAR, SUMATERA BARAT",4,7,104,111
https://kawalpemilu.org#13224,"TABEK, PARIANGAN, TANAH DATAR, SUMATERA BARAT",5,8,104,112
https://kawalpemilu.org#13224,"TABEK, PARIANGAN, TANAH DATAR, SUMATERA BARAT",6,11,98,109
https://kawalpemilu.org#13224,"TABEK, PARIANGAN, TANAH DATAR, SUMATERA BARAT",7,15,176,191
https://kawalpemilu.org#13224,"TABEK, PARIANGAN, TANAH DATAR, SUMATERA BARAT",8,9,126,135
https://kawalpemilu.org#13224,"TABEK, PARIANGAN, TANAH DATAR, SUMATERA BARAT",9,12,130,142
https://kawalpemilu.org#13224,"TABEK, PARIANGAN, TANAH DATAR, SUMATERA BARAT",10,12,110,122
https://kawalpemilu.org#13224,"TABEK, PARIANGAN, TANAH DATAR, SUMATERA BARAT",11,13,91,104
https://kawalpemilu.org#13224,"TABEK, PARIANGAN, TANAH DATAR, SUMATERA BARAT",12,7,105,112
https://kawalpemilu.org#13224,"TABEK, PARIANGAN, TANAH DATAR, SUMATERA BARAT",13,9,133,142
https://kawalpemilu.org#13224,"TABEK, PARIANGAN, TANAH DATAR, SUMATERA BARAT",14,15,188,203
https://kawalpemilu.org#13225,"SAWAH TANGAH, PARIANGAN, TANAH DATAR, SUMATERA BARAT",1,19,143,162
https://kawalpemilu.org#13225,"SAWAH TANGAH, PARIANGAN, TANAH DATAR, SUMATERA BARAT",2,22,163,185
https://kawalpemilu.org#13225,"SAWAH TANGAH, PARIANGAN, TANAH DATAR, SUMATERA BARAT",3,8,135,143
https://kawalpemilu.org#13225,"SAWAH TANGAH, PARIANGAN, TANAH DATAR, SUMATERA BARAT",4,10,148,158
https://kawalpemilu.org#13225,"SAWAH TANGAH, PARIANGAN, TANAH DATAR, SUMATERA BARAT",5,19,137,156
https://kawalpemilu.org#13225,"SAWAH TANGAH, PARIANGAN, TANAH DATAR, SUMATERA BARAT",6,4,97,101
https://kawalpemilu.org#13226,"SIMABUR, PARIANGAN, TANAH DATAR, SUMATERA BARAT",1,12,197,209
https://kawalpemilu.org#13226,"SIMABUR, PARIANGAN, TANAH DATAR, SUMATERA BARAT",2,15,191,206
https://kawalpemilu.org#13226,"SIMABUR, PARIANGAN, TANAH DATAR, SUMATERA BARAT",4,6,164,170
https://kawalpemilu.org#13226,"SIMABUR, PARIANGAN, TANAH DATAR, SUMATERA BARAT",5,17,154,171
https://kawalpemilu.org#13226,"SIMABUR, PARIANGAN, TANAH DATAR, SUMATERA BARAT",7,23,175,198
https://kawalpemilu.org#13226,"SIMABUR, PARIANGAN, TANAH DATAR, SUMATERA BARAT",10,6,109,115
https://kawalpemilu.org#13227,"PARIANGAN, PARIANGAN, TANAH DATAR, SUMATERA BARAT",1,11,131,142
https://kawalpemilu.org#13227,"PARIANGAN, PARIANGAN, TANAH DATAR, SUMATERA BARAT",2,31,160,191
https://kawalpemilu.org#13227,"PARIANGAN, PARIANGAN, TANAH DATAR, SUMATERA BARAT",3,22,148,170
https://kawalpemilu.org#13227,"PARIANGAN, PARIANGAN, TANAH DATAR, SUMATERA BARAT",4,19,90,109
https://kawalpemilu.org#13227,"PARIANGAN, PARIANGAN, TANAH DATAR, SUMATERA BARAT",5,15,112,127
https://kawalpemilu.org#13227,"PARIANGAN, PARIANGAN, TANAH DATAR, SUMATERA BARAT",6,16,134,150
https://kawalpemilu.org#13227,"PARIANGAN, PARIANGAN, TANAH DATAR, SUMATERA BARAT",7,15,94,109
https://kawalpemilu.org#13227,"PARIANGAN, PARIANGAN, TANAH DATAR, SUMATERA BARAT",8,6,88,94
https://kawalpemilu.org#13227,"PARIANGAN, PARIANGAN, TANAH DATAR, SUMATERA BARAT",11,5,165,170
https://kawalpemilu.org#13227,"PARIANGAN, PARIANGAN, TANAH DATAR, SUMATERA BARAT",12,11,199,210
https://kawalpemilu.org#13227,"PARIANGAN, PARIANGAN, TANAH DATAR, SUMATERA BARAT",13,5,86,91
https://kawalpemilu.org#13227,"PARIANGAN, PARIANGAN, TANAH DATAR, SUMATERA BARAT",14,16,138,154
https://kawalpemilu.org#13227,"PARIANGAN, PARIANGAN, TANAH DATAR, SUMATERA BARAT",15,6,121,127
https://kawalpemilu.org#13227,"PARIANGAN, PARIANGAN, TANAH DATAR, SUMATERA BARAT",16,5,96,101
https://kawalpemilu.org#13227,"PARIANGAN, PARIANGAN, TANAH DATAR, SUMATERA BARAT",17,7,76,83
https://kawalpemilu.org#13227,"PARIANGAN, PARIANGAN, TANAH DATAR, SUMATERA BARAT",18,16,100,116
https://kawalpemilu.org#13227,"PARIANGAN, PARIANGAN, TANAH DATAR, SUMATERA BARAT",19,22,129,151
https://kawalpemilu.org#13227,"PARIANGAN, PARIANGAN, TANAH DATAR, SUMATERA BARAT",20,20,129,149
https://kawalpemilu.org#13227,"PARIANGAN, PARIANGAN, TANAH DATAR, SUMATERA BARAT",21,12,138,150
https://kawalpemilu.org#13227,"PARIANGAN, PARIANGAN, TANAH DATAR, SUMATERA BARAT",22,9,182,191
https://kawalpemilu.org#13228,"SUNGAI JAMBU, PARIANGAN, TANAH DATAR, SUMATERA BARAT",1,14,107,121
https://kawalpemilu.org#13228,"SUNGAI JAMBU, PARIANGAN, TANAH DATAR, SUMATERA BARAT",2,26,131,157
https://kawalpemilu.org#13228,"SUNGAI JAMBU, PARIANGAN, TANAH DATAR, SUMATERA BARAT",3,22,128,150
https://kawalpemilu.org#13228,"SUNGAI JAMBU, PARIANGAN, TANAH DATAR, SUMATERA BARAT",4,11,73,84
https://kawalpemilu.org#13228,"SUNGAI JAMBU, PARIANGAN, TANAH DATAR, SUMATERA BARAT",5,11,102,113
https://kawalpemilu.org#13228,"SUNGAI JAMBU, PARIANGAN, TANAH DATAR, SUMATERA BARAT",6,10,97,107
https://kawalpemilu.org#13228,"SUNGAI JAMBU, PARIANGAN, TANAH DATAR, SUMATERA BARAT",7,40,108,148
https://kawalpemilu.org#13228,"SUNGAI JAMBU, PARIANGAN, TANAH DATAR, SUMATERA BARAT",8,16,84,100
https://kawalpemilu.org#13228,"SUNGAI JAMBU, PARIANGAN, TANAH DATAR, SUMATERA BARAT",9,2,109,111
https://kawalpemilu.org#13228,"SUNGAI JAMBU, PARIANGAN, TANAH DATAR, SUMATERA BARAT",10,5,97,102
https://kawalpemilu.org#13228,"SUNGAI JAMBU, PARIANGAN, TANAH DATAR, SUMATERA BARAT",11,32,131,163
https://kawalpemilu.org#13228,"SUNGAI JAMBU, PARIANGAN, TANAH DATAR, SUMATERA BARAT",12,21,77,98
https://kawalpemilu.org#13230,"SUMANIAK, SALIMPAUANG, TANAH DATAR, SUMATERA BARAT",1,18,136,154
https://kawalpemilu.org#13230,"SUMANIAK, SALIMPAUANG, TANAH DATAR, SUMATERA BARAT",2,14,160,174
https://kawalpemilu.org#13230,"SUMANIAK, SALIMPAUANG, TANAH DATAR, SUMATERA BARAT",3,14,154,168
https://kawalpemilu.org#13230,"SUMANIAK, SALIMPAUANG, TANAH DATAR, SUMATERA BARAT",4,10,176,186
https://kawalpemilu.org#13230,"SUMANIAK, SALIMPAUANG, TANAH DATAR, SUMATERA BARAT",5,8,126,134
https://kawalpemilu.org#13230,"SUMANIAK, SALIMPAUANG, TANAH DATAR, SUMATERA BARAT",6,25,165,190
https://kawalpemilu.org#13230,"SUMANIAK, SALIMPAUANG, TANAH DATAR, SUMATERA BARAT",8,8,65,73
https://kawalpemilu.org#13230,"SUMANIAK, SALIMPAUANG, TANAH DATAR, SUMATERA BARAT",9,9,106,115
https://kawalpemilu.org#13230,"SUMANIAK, SALIMPAUANG, TANAH DATAR, SUMATERA BARAT",10,25,132,157
https://kawalpemilu.org#13230,"SUMANIAK, SALIMPAUANG, TANAH DATAR, SUMATERA BARAT",11,16,104,120
https://kawalpemilu.org#13230,"SUMANIAK, SALIMPAUANG, TANAH DATAR, SUMATERA BARAT",12,15,59,74
https://kawalpemilu.org#13230,"SUMANIAK, SALIMPAUANG, TANAH DATAR, SUMATERA BARAT",13,7,116,123
https://kawalpemilu.org#13230,"SUMANIAK, SALIMPAUANG, TANAH DATAR, SUMATERA BARAT",14,11,74,85
https://kawalpemilu.org#13230,"SUMANIAK, SALIMPAUANG, TANAH DATAR, SUMATERA BARAT",15,25,134,159
https://kawalpemilu.org#13230,"SUMANIAK, SALIMPAUANG, TANAH DATAR, SUMATERA BARAT",16,32,143,176
https://kawalpemilu.org#13230,"SUMANIAK, SALIMPAUANG, TANAH DATAR, SUMATERA BARAT",17,12,102,114
https://kawalpemilu.org#13230,"SUMANIAK, SALIMPAUANG, TANAH DATAR, SUMATERA BARAT",18,8,97,105
https://kawalpemilu.org#13230,"SUMANIAK, SALIMPAUANG, TANAH DATAR, SUMATERA BARAT",19,12,129,141
https://kawalpemilu.org#13231,"SITUMBUAK, SALIMPAUANG, TANAH DATAR, SUMATERA BARAT",1,10,168,178
https://kawalpemilu.org#13231,"SITUMBUAK, SALIMPAUANG, TANAH DATAR, SUMATERA BARAT",2,17,136,153
https://kawalpemilu.org#13231,"SITUMBUAK, SALIMPAUANG, TANAH DATAR, SUMATERA BARAT",3,15,160,175
https://kawalpemilu.org#13231,"SITUMBUAK, SALIMPAUANG, TANAH DATAR, SUMATERA BARAT",4,8,131,139
https://kawalpemilu.org#13231,"SITUMBUAK, SALIMPAUANG, TANAH DATAR, SUMATERA BARAT",5,7,162,169
https://kawalpemilu.org#13231,"SITUMBUAK, SALIMPAUANG, TANAH DATAR, SUMATERA BARAT",6,10,156,166
https://kawalpemilu.org#13231,"SITUMBUAK, SALIMPAUANG, TANAH DATAR, SUMATERA BARAT",7,13,133,146
https://kawalpemilu.org#13231,"SITUMBUAK, SALIMPAUANG, TANAH DATAR, SUMATERA BARAT",8,14,184,198
https://kawalpemilu.org#13231,"SITUMBUAK, SALIMPAUANG, TANAH DATAR, SUMATERA BARAT",9,7,130,137
https://kawalpemilu.org#13232,"LAWANG MANDAHILING, SALIMPAUANG, TANAH DATAR, SUMATERA BARAT",1,23,184,207
https://kawalpemilu.org#13232,"LAWANG MANDAHILING, SALIMPAUANG, TANAH DATAR, SUMATERA BARAT",2,20,172,192
https://kawalpemilu.org#13232,"LAWANG MANDAHILING, SALIMPAUANG, TANAH DATAR, SUMATERA BARAT",3,13,150,163
https://kawalpemilu.org#13232,"LAWANG MANDAHILING, SALIMPAUANG, TANAH DATAR, SUMATERA BARAT",4,16,174,190
https://kawalpemilu.org#13232,"LAWANG MANDAHILING, SALIMPAUANG, TANAH DATAR, SUMATERA BARAT",5,14,167,181
https://kawalpemilu.org#13232,"LAWANG MANDAHILING, SALIMPAUANG, TANAH DATAR, SUMATERA BARAT",6,14,165,179
https://kawalpemilu.org#13232,"LAWANG MANDAHILING, SALIMPAUANG, TANAH DATAR, SUMATERA BARAT",7,13,161,174
https://kawalpemilu.org#13232,"LAWANG MANDAHILING, SALIMPAUANG, TANAH DATAR, SUMATERA BARAT",8,17,188,205
https://kawalpemilu.org#13232,"LAWANG MANDAHILING, SALIMPAUANG, TANAH DATAR, SUMATERA BARAT",9,19,167,186
https://kawalpemilu.org#13232,"LAWANG MANDAHILING, SALIMPAUANG, TANAH DATAR, SUMATERA BARAT",10,24,142,166
https://kawalpemilu.org#13232,"LAWANG MANDAHILING, SALIMPAUANG, TANAH DATAR, SUMATERA BARAT",11,15,199,214
https://kawalpemilu.org#13232,"LAWANG MANDAHILING, SALIMPAUANG, TANAH DATAR, SUMATERA BARAT",12,20,173,193
https://kawalpemilu.org#13232,"LAWANG MANDAHILING, SALIMPAUANG, TANAH DATAR, SUMATERA BARAT",13,12,168,180
https://kawalpemilu.org#13232,"LAWANG MANDAHILING, SALIMPAUANG, TANAH DATAR, SUMATERA BARAT",14,15,153,168
https://kawalpemilu.org#13233,"SUPAYANG, SALIMPAUANG, TANAH DATAR, SUMATERA BARAT",1,17,92,109
https://kawalpemilu.org#13233,"SUPAYANG, SALIMPAUANG, TANAH DATAR, SUMATERA BARAT",2,14,193,207
https://kawalpemilu.org#13233,"SUPAYANG, SALIMPAUANG, TANAH DATAR, SUMATERA BARAT",3,13,109,122
https://kawalpemilu.org#13233,"SUPAYANG, SALIMPAUANG, TANAH DATAR, SUMATERA BARAT",4,7,90,97
https://kawalpemilu.org#13233,"SUPAYANG, SALIMPAUANG, TANAH DATAR, SUMATERA BARAT",5,17,116,133
https://kawalpemilu.org#13234,"SALIMPAUNG, SALIMPAUANG, TANAH DATAR, SUMATERA BARAT",1,9,180,189
https://kawalpemilu.org#13234,"SALIMPAUNG, SALIMPAUANG, TANAH DATAR, SUMATERA BARAT",2,18,157,175
https://kawalpemilu.org#13234,"SALIMPAUNG, SALIMPAUANG, TANAH DATAR, SUMATERA BARAT",3,9,159,168
https://kawalpemilu.org#13234,"SALIMPAUNG, SALIMPAUANG, TANAH DATAR, SUMATERA BARAT",4,26,174,200
https://kawalpemilu.org#13234,"SALIMPAUNG, SALIMPAUANG, TANAH DATAR, SUMATERA BARAT",5,20,114,134
https://kawalpemilu.org#13234,"SALIMPAUNG, SALIMPAUANG, TANAH DATAR, SUMATERA BARAT",6,11,186,197
https://kawalpemilu.org#13234,"SALIMPAUNG, SALIMPAUANG, TANAH DATAR, SUMATERA BARAT",7,18,136,154
https://kawalpemilu.org#13234,"SALIMPAUNG, SALIMPAUANG, TANAH DATAR, SUMATERA BARAT",8,17,200,217
https://kawalpemilu.org#13234,"SALIMPAUNG, SALIMPAUANG, TANAH DATAR, SUMATERA BARAT",9,11,166,177
https://kawalpemilu.org#13234,"SALIMPAUNG, SALIMPAUANG, TANAH DATAR, SUMATERA BARAT",10,19,156,175
https://kawalpemilu.org#13234,"SALIMPAUNG, SALIMPAUANG, TANAH DATAR, SUMATERA BARAT",11,17,175,193
https://kawalpemilu.org#13234,"SALIMPAUNG, SALIMPAUANG, TANAH DATAR, SUMATERA BARAT",12,15,144,159
https://kawalpemilu.org#13234,"SALIMPAUNG, SALIMPAUANG, TANAH DATAR, SUMATERA BARAT",13,21,162,183
https://kawalpemilu.org#13234,"SALIMPAUNG, SALIMPAUANG, TANAH DATAR, SUMATERA BARAT",14,11,178,189
https://kawalpemilu.org#13234,"SALIMPAUNG, SALIMPAUANG, TANAH DATAR, SUMATERA BARAT",15,28,190,218
https://kawalpemilu.org#13235,"TABEK PATAH, SALIMPAUANG, TANAH DATAR, SUMATERA BARAT",1,18,168,186
https://kawalpemilu.org#13235,"TABEK PATAH, SALIMPAUANG, TANAH DATAR, SUMATERA BARAT",2,29,202,231
https://kawalpemilu.org#13235,"TABEK PATAH, SALIMPAUANG, TANAH DATAR, SUMATERA BARAT",3,16,190,206
https://kawalpemilu.org#13235,"TABEK PATAH, SALIMPAUANG, TANAH DATAR, SUMATERA BARAT",4,19,149,168
https://kawalpemilu.org#13235,"TABEK PATAH, SALIMPAUANG, TANAH DATAR, SUMATERA BARAT",5,12,172,184
https://kawalpemilu.org#13235,"TABEK PATAH, SALIMPAUANG, TANAH DATAR, SUMATERA BARAT",6,18,172,190
https://kawalpemilu.org#13235,"TABEK PATAH, SALIMPAUANG, TANAH DATAR, SUMATERA BARAT",7,20,203,223
https://kawalpemilu.org#13235,"TABEK PATAH, SALIMPAUANG, TANAH DATAR, SUMATERA BARAT",8,28,193,221
https://kawalpemilu.org#13235,"TABEK PATAH, SALIMPAUANG, TANAH DATAR, SUMATERA BARAT",9,31,134,165
https://kawalpemilu.org#13237,"ATAR, PADANG GANTING, TANAH DATAR, SUMATERA BARAT",1,6,135,141
https://kawalpemilu.org#13237,"ATAR, PADANG GANTING, TANAH DATAR, SUMATERA BARAT",2,20,142,162
https://kawalpemilu.org#13237,"ATAR, PADANG GANTING, TANAH DATAR, SUMATERA BARAT",3,17,140,157
https://kawalpemilu.org#13237,"ATAR, PADANG GANTING, TANAH DATAR, SUMATERA BARAT",4,24,122,146
https://kawalpemilu.org#13237,"ATAR, PADANG GANTING, TANAH DATAR, SUMATERA BARAT",5,7,111,118
https://kawalpemilu.org#13237,"ATAR, PADANG GANTING, TANAH DATAR, SUMATERA BARAT",6,19,109,128
https://kawalpemilu.org#13237,"ATAR, PADANG GANTING, TANAH DATAR, SUMATERA BARAT",7,6,161,167
https://kawalpemilu.org#13237,"ATAR, PADANG GANTING, TANAH DATAR, SUMATERA BARAT",8,11,115,126
https://kawalpemilu.org#13237,"ATAR, PADANG GANTING, TANAH DATAR, SUMATERA BARAT",9,1,118,119
https://kawalpemilu.org#13237,"ATAR, PADANG GANTING, TANAH DATAR, SUMATERA BARAT",10,17,123,140
https://kawalpemilu.org#13237,"ATAR, PADANG GANTING, TANAH DATAR, SUMATERA BARAT",11,17,132,149
https://kawalpemilu.org#13237,"ATAR, PADANG GANTING, TANAH DATAR, SUMATERA BARAT",13,23,133,156
https://kawalpemilu.org#13237,"ATAR, PADANG GANTING, TANAH DATAR, SUMATERA BARAT",14,7,155,162
https://kawalpemilu.org#13237,"ATAR, PADANG GANTING, TANAH DATAR, SUMATERA BARAT",15,3,102,105
https://kawalpemilu.org#13237,"ATAR, PADANG GANTING, TANAH DATAR, SUMATERA BARAT",16,16,95,111
https://kawalpemilu.org#13237,"ATAR, PADANG GANTING, TANAH DATAR, SUMATERA BARAT",17,8,79,87
https://kawalpemilu.org#13237,"ATAR, PADANG GANTING, TANAH DATAR, SUMATERA BARAT",18,11,132,143
https://kawalpemilu.org#13237,"ATAR, PADANG GANTING, TANAH DATAR, SUMATERA BARAT",19,3,92,95
https://kawalpemilu.org#13238,"PADANG GANTING, PADANG GANTING, TANAH DATAR, SUMATERA BARAT",1,44,174,218
https://kawalpemilu.org#13238,"PADANG GANTING, PADANG GANTING, TANAH DATAR, SUMATERA BARAT",2,21,79,100
https://kawalpemilu.org#13238,"PADANG GANTING, PADANG GANTING, TANAH DATAR, SUMATERA BARAT",3,12,95,107
https://kawalpemilu.org#13238,"PADANG GANTING, PADANG GANTING, TANAH DATAR, SUMATERA BARAT",4,32,141,173
https://kawalpemilu.org#13238,"PADANG GANTING, PADANG GANTING, TANAH DATAR, SUMATERA BARAT",5,17,133,150
https://kawalpemilu.org#13238,"PADANG GANTING, PADANG GANTING, TANAH DATAR, SUMATERA BARAT",6,30,122,152
https://kawalpemilu.org#13238,"PADANG GANTING, PADANG GANTING, TANAH DATAR, SUMATERA BARAT",7,20,148,168
https://kawalpemilu.org#13238,"PADANG GANTING, PADANG GANTING, TANAH DATAR, SUMATERA BARAT",8,21,96,117
https://kawalpemilu.org#13238,"PADANG GANTING, PADANG GANTING, TANAH DATAR, SUMATERA BARAT",9,25,183,208
https://kawalpemilu.org#13238,"PADANG GANTING, PADANG GANTING, TANAH DATAR, SUMATERA BARAT",10,62,150,212
https://kawalpemilu.org#13238,"PADANG GANTING, PADANG GANTING, TANAH DATAR, SUMATERA BARAT",11,19,117,136
https://kawalpemilu.org#13238,"PADANG GANTING, PADANG GANTING, TANAH DATAR, SUMATERA BARAT",12,26,163,189
https://kawalpemilu.org#13238,"PADANG GANTING, PADANG GANTING, TANAH DATAR, SUMATERA BARAT",13,18,206,224
https://kawalpemilu.org#13238,"PADANG GANTING, PADANG GANTING, TANAH DATAR, SUMATERA BARAT",14,17,117,134
https://kawalpemilu.org#13238,"PADANG GANTING, PADANG GANTING, TANAH DATAR, SUMATERA BARAT",15,37,157,194
https://kawalpemilu.org#13238,"PADANG GANTING, PADANG GANTING, TANAH DATAR, SUMATERA BARAT",16,30,174,204
https://kawalpemilu.org#13238,"PADANG GANTING, PADANG GANTING, TANAH DATAR, SUMATERA BARAT",17,24,140,164
https://kawalpemilu.org#13238,"PADANG GANTING, PADANG GANTING, TANAH DATAR, SUMATERA BARAT",18,22,95,117
https://kawalpemilu.org#13238,"PADANG GANTING, PADANG GANTING, TANAH DATAR, SUMATERA BARAT",19,43,145,188
https://kawalpemilu.org#13238,"PADANG GANTING, PADANG GANTING, TANAH DATAR, SUMATERA BARAT",20,26,192,218
https://kawalpemilu.org#13238,"PADANG GANTING, PADANG GANTING, TANAH DATAR, SUMATERA BARAT",21,15,105,120
https://kawalpemilu.org#13238,"PADANG GANTING, PADANG GANTING, TANAH DATAR, SUMATERA BARAT",22,26,190,216
https://kawalpemilu.org#13238,"PADANG GANTING, PADANG GANTING, TANAH DATAR, SUMATERA BARAT",23,23,159,182
https://kawalpemilu.org#13238,"PADANG GANTING, PADANG GANTING, TANAH DATAR, SUMATERA BARAT",24,31,129,160
https://kawalpemilu.org#13238,"PADANG GANTING, PADANG GANTING, TANAH DATAR, SUMATERA BARAT",25,26,110,136
https://kawalpemilu.org#13238,"PADANG GANTING, PADANG GANTING, TANAH DATAR, SUMATERA BARAT",26,27,179,206
https://kawalpemilu.org#13238,"PADANG GANTING, PADANG GANTING, TANAH DATAR, SUMATERA BARAT",27,34,130,164
https://kawalpemilu.org#13238,"PADANG GANTING, PADANG GANTING, TANAH DATAR, SUMATERA BARAT",28,15,124,139
https://kawalpemilu.org#13238,"PADANG GANTING, PADANG GANTING, TANAH DATAR, SUMATERA BARAT",29,26,195,221
https://kawalpemilu.org#13238,"PADANG GANTING, PADANG GANTING, TANAH DATAR, SUMATERA BARAT",30,13,189,202
https://kawalpemilu.org#13240,"TANJUNG ALAM, TANJUANG BARU, TANAH DATAR, SUMATERA BARAT",1,11,198,209
https://kawalpemilu.org#13240,"TANJUNG ALAM, TANJUANG BARU, TANAH DATAR, SUMATERA BARAT",2,14,154,168
https://kawalpemilu.org#13240,"TANJUNG ALAM, TANJUANG BARU, TANAH DATAR, SUMATERA BARAT",4,11,136,147
https://kawalpemilu.org#13240,"TANJUNG ALAM, TANJUANG BARU, TANAH DATAR, SUMATERA BARAT",5,22,195,217
https://kawalpemilu.org#13240,"TANJUNG ALAM, TANJUANG BARU, TANAH DATAR, SUMATERA BARAT",6,20,171,191
https://kawalpemilu.org#13240,"TANJUNG ALAM, TANJUANG BARU, TANAH DATAR, SUMATERA BARAT",7,24,168,192
https://kawalpemilu.org#13240,"TANJUNG ALAM, TANJUANG BARU, TANAH DATAR, SUMATERA BARAT",8,18,130,148
https://kawalpemilu.org#13240,"TANJUNG ALAM, TANJUANG BARU, TANAH DATAR, SUMATERA BARAT",9,18,197,215
https://kawalpemilu.org#13240,"TANJUNG ALAM, TANJUANG BARU, TANAH DATAR, SUMATERA BARAT",10,5,129,134
https://kawalpemilu.org#13240,"TANJUNG ALAM, TANJUANG BARU, TANAH DATAR, SUMATERA BARAT",11,12,147,159
https://kawalpemilu.org#13240,"TANJUNG ALAM, TANJUANG BARU, TANAH DATAR, SUMATERA BARAT",12,22,153,175
https://kawalpemilu.org#13240,"TANJUNG ALAM, TANJUANG BARU, TANAH DATAR, SUMATERA BARAT",13,13,100,113
https://kawalpemilu.org#13240,"TANJUNG ALAM, TANJUANG BARU, TANAH DATAR, SUMATERA BARAT",14,21,120,141
https://kawalpemilu.org#13240,"TANJUNG ALAM, TANJUANG BARU, TANAH DATAR, SUMATERA BARAT",15,18,173,191
https://kawalpemilu.org#13240,"TANJUNG ALAM, TANJUANG BARU, TANAH DATAR, SUMATERA BARAT",16,19,156,175
https://kawalpemilu.org#13240,"TANJUNG ALAM, TANJUANG BARU, TANAH DATAR, SUMATERA BARAT",17,14,123,137
https://kawalpemilu.org#13240,"TANJUNG ALAM, TANJUANG BARU, TANAH DATAR, SUMATERA BARAT",18,30,181,211
https://kawalpemilu.org#13240,"TANJUNG ALAM, TANJUANG BARU, TANAH DATAR, SUMATERA BARAT",19,35,165,200
https://kawalpemilu.org#13240,"TANJUNG ALAM, TANJUANG BARU, TANAH DATAR, SUMATERA BARAT",20,11,191,202
https://kawalpemilu.org#13240,"TANJUNG ALAM, TANJUANG BARU, TANAH DATAR, SUMATERA BARAT",22,6,119,125
https://kawalpemilu.org#13240,"TANJUNG ALAM, TANJUANG BARU, TANAH DATAR, SUMATERA BARAT",23,19,182,201
https://kawalpemilu.org#13240,"TANJUNG ALAM, TANJUANG BARU, TANAH DATAR, SUMATERA BARAT",24,13,205,218
https://kawalpemilu.org#13240,"TANJUNG ALAM, TANJUANG BARU, TANAH DATAR, SUMATERA BARAT",25,11,139,150
https://kawalpemilu.org#13240,"TANJUNG ALAM, TANJUANG BARU, TANAH DATAR, SUMATERA BARAT",26,8,139,147
https://kawalpemilu.org#13240,"TANJUNG ALAM, TANJUANG BARU, TANAH DATAR, SUMATERA BARAT",27,12,163,175
https://kawalpemilu.org#13240,"TANJUNG ALAM, TANJUANG BARU, TANAH DATAR, SUMATERA BARAT",28,11,135,146
https://kawalpemilu.org#13240,"TANJUNG ALAM, TANJUANG BARU, TANAH DATAR, SUMATERA BARAT",29,20,90,110
https://kawalpemilu.org#13240,"TANJUNG ALAM, TANJUANG BARU, TANAH DATAR, SUMATERA BARAT",30,8,94,102
https://kawalpemilu.org#13241,"BARULAK, TANJUANG BARU, TANAH DATAR, SUMATERA BARAT",1,10,152,162
https://kawalpemilu.org#13241,"BARULAK, TANJUANG BARU, TANAH DATAR, SUMATERA BARAT",2,11,166,177
https://kawalpemilu.org#13241,"BARULAK, TANJUANG BARU, TANAH DATAR, SUMATERA BARAT",4,29,172,201
https://kawalpemilu.org#13241,"BARULAK, TANJUANG BARU, TANAH DATAR, SUMATERA BARAT",5,37,189,226
https://kawalpemilu.org#13241,"BARULAK, TANJUANG BARU, TANAH DATAR, SUMATERA BARAT",6,9,198,207
https://kawalpemilu.org#13241,"BARULAK, TANJUANG BARU, TANAH DATAR, SUMATERA BARAT",7,22,180,202
https://kawalpemilu.org#13241,"BARULAK, TANJUANG BARU, TANAH DATAR, SUMATERA BARAT",8,16,131,147
https://kawalpemilu.org#13241,"BARULAK, TANJUANG BARU, TANAH DATAR, SUMATERA BARAT",9,12,155,167
https://kawalpemilu.org#13241,"BARULAK, TANJUANG BARU, TANAH DATAR, SUMATERA BARAT",10,9,113,122
https://kawalpemilu.org#13241,"BARULAK, TANJUANG BARU, TANAH DATAR, SUMATERA BARAT",11,26,140,173
https://kawalpemilu.org#13241,"BARULAK, TANJUANG BARU, TANAH DATAR, SUMATERA BARAT",12,31,198,229
https://kawalpemilu.org#13241,"BARULAK, TANJUANG BARU, TANAH DATAR, SUMATERA BARAT",13,22,155,177
https://kawalpemilu.org#13241,"BARULAK, TANJUANG BARU, TANAH DATAR, SUMATERA BARAT",14,23,181,204
https://kawalpemilu.org#13241,"BARULAK, TANJUANG BARU, TANAH DATAR, SUMATERA BARAT",15,11,174,185
https://kawalpemilu.org#13241,"BARULAK, TANJUANG BARU, TANAH DATAR, SUMATERA BARAT",16,18,130,148
https://kawalpemilu.org#13241,"BARULAK, TANJUANG BARU, TANAH DATAR, SUMATERA BARAT",17,22,131,153
https://kawalpemilu.org#13243,"BATU BULEK, LINTAU BUO UTARA, TANAH DATAR, SUMATERA BARAT",1,45,114,159
https://kawalpemilu.org#13243,"BATU BULEK, LINTAU BUO UTARA, TANAH DATAR, SUMATERA BARAT",2,11,106,117
https://kawalpemilu.org#13243,"BATU BULEK, LINTAU BUO UTARA, TANAH DATAR, SUMATERA BARAT",3,19,109,128
https://kawalpemilu.org#13243,"BATU BULEK, LINTAU BUO UTARA, TANAH DATAR, SUMATERA BARAT",4,21,144,165
https://kawalpemilu.org#13243,"BATU BULEK, LINTAU BUO UTARA, TANAH DATAR, SUMATERA BARAT",5,16,132,148
https://kawalpemilu.org#13243,"BATU BULEK, LINTAU BUO UTARA, TANAH DATAR, SUMATERA BARAT",6,30,162,192
https://kawalpemilu.org#13243,"BATU BULEK, LINTAU BUO UTARA, TANAH DATAR, SUMATERA BARAT",7,27,128,155
https://kawalpemilu.org#13243,"BATU BULEK, LINTAU BUO UTARA, TANAH DATAR, SUMATERA BARAT",8,27,150,177
https://kawalpemilu.org#13243,"BATU BULEK, LINTAU BUO UTARA, TANAH DATAR, SUMATERA BARAT",9,29,100,129
https://kawalpemilu.org#13243,"BATU BULEK, LINTAU BUO UTARA, TANAH DATAR, SUMATERA BARAT",10,25,149,174
https://kawalpemilu.org#13243,"BATU BULEK, LINTAU BUO UTARA, TANAH DATAR, SUMATERA BARAT",11,61,149,210
https://kawalpemilu.org#13243,"BATU BULEK, LINTAU BUO UTARA, TANAH DATAR, SUMATERA BARAT",12,39,128,167
https://kawalpemilu.org#13243,"BATU BULEK, LINTAU BUO UTARA, TANAH DATAR, SUMATERA BARAT",13,26,134,160
https://kawalpemilu.org#13243,"BATU BULEK, LINTAU BUO UTARA, TANAH DATAR, SUMATERA BARAT",14,36,89,125
https://kawalpemilu.org#13243,"BATU BULEK, LINTAU BUO UTARA, TANAH DATAR, SUMATERA BARAT",15,30,127,157
https://kawalpemilu.org#13243,"BATU BULEK, LINTAU BUO UTARA, TANAH DATAR, SUMATERA BARAT",18,17,158,175
https://kawalpemilu.org#13243,"BATU BULEK, LINTAU BUO UTARA, TANAH DATAR, SUMATERA BARAT",19,22,148,170
https://kawalpemilu.org#13243,"BATU BULEK, LINTAU BUO UTARA, TANAH DATAR, SUMATERA BARAT",20,24,138,162
https://kawalpemilu.org#13243,"BATU BULEK, LINTAU BUO UTARA, TANAH DATAR, SUMATERA BARAT",21,25,152,177
https://kawalpemilu.org#13243,"BATU BULEK, LINTAU BUO UTARA, TANAH DATAR, SUMATERA BARAT",22,35,144,179
https://kawalpemilu.org#13243,"BATU BULEK, LINTAU BUO UTARA, TANAH DATAR, SUMATERA BARAT",23,32,109,141
https://kawalpemilu.org#13243,"BATU BULEK, LINTAU BUO UTARA, TANAH DATAR, SUMATERA BARAT",24,29,95,124
https://kawalpemilu.org#13243,"BATU BULEK, LINTAU BUO UTARA, TANAH DATAR, SUMATERA BARAT",25,37,126,163
https://kawalpemilu.org#13243,"BATU BULEK, LINTAU BUO UTARA, TANAH DATAR, SUMATERA BARAT",26,36,113,149
https://kawalpemilu.org#13243,"BATU BULEK, LINTAU BUO UTARA, TANAH DATAR, SUMATERA BARAT",27,38,128,166
https://kawalpemilu.org#13243,"BATU BULEK, LINTAU BUO UTARA, TANAH DATAR, SUMATERA BARAT",28,60,88,148
https://kawalpemilu.org#13243,"BATU BULEK, LINTAU BUO UTARA, TANAH DATAR, SUMATERA BARAT",29,54,114,168
https://kawalpemilu.org#13243,"BATU BULEK, LINTAU BUO UTARA, TANAH DATAR, SUMATERA BARAT",30,11,92,103
https://kawalpemilu.org#13244,"BALAI TANGAH, LINTAU BUO UTARA, TANAH DATAR, SUMATERA BARAT",1,28,111,139
https://kawalpemilu.org#13244,"BALAI TANGAH, LINTAU BUO UTARA, TANAH DATAR, SUMATERA BARAT",2,21,118,139
https://kawalpemilu.org#13244,"BALAI TANGAH, LINTAU BUO UTARA, TANAH DATAR, SUMATERA BARAT",3,14,102,116
https://kawalpemilu.org#13244,"BALAI TANGAH, LINTAU BUO UTARA, TANAH DATAR, SUMATERA BARAT",4,31,85,116
https://kawalpemilu.org#13244,"BALAI TANGAH, LINTAU BUO UTARA, TANAH DATAR, SUMATERA BARAT",5,26,143,169
https://kawalpemilu.org#13244,"BALAI TANGAH, LINTAU BUO UTARA, TANAH DATAR, SUMATERA BARAT",6,8,130,138
https://kawalpemilu.org#13244,"BALAI TANGAH, LINTAU BUO UTARA, TANAH DATAR, SUMATERA BARAT",7,33,118,151
https://kawalpemilu.org#13244,"BALAI TANGAH, LINTAU BUO UTARA, TANAH DATAR, SUMATERA BARAT",8,18,108,126
https://kawalpemilu.org#13244,"BALAI TANGAH, LINTAU BUO UTARA, TANAH DATAR, SUMATERA BARAT",9,13,57,70
https://kawalpemilu.org#13244,"BALAI TANGAH, LINTAU BUO UTARA, TANAH DATAR, SUMATERA BARAT",10,25,126,151
https://kawalpemilu.org#13245,"TANJUNG BONAI, LINTAU BUO UTARA, TANAH DATAR, SUMATERA BARAT",1,18,139,157
https://kawalpemilu.org#13245,"TANJUNG BONAI, LINTAU BUO UTARA, TANAH DATAR, SUMATERA BARAT",2,32,189,221
https://kawalpemilu.org#13245,"TANJUNG BONAI, LINTAU BUO UTARA, TANAH DATAR, SUMATERA BARAT",3,28,195,223
https://kawalpemilu.org#13245,"TANJUNG BONAI, LINTAU BUO UTARA, TANAH DATAR, SUMATERA BARAT",4,66,152,218
https://kawalpemilu.org#13245,"TANJUNG BONAI, LINTAU BUO UTARA, TANAH DATAR, SUMATERA BARAT",5,34,113,147
https://kawalpemilu.org#13245,"TANJUNG BONAI, LINTAU BUO UTARA, TANAH DATAR, SUMATERA BARAT",6,18,145,163
https://kawalpemilu.org#13245,"TANJUNG BONAI, LINTAU BUO UTARA, TANAH DATAR, SUMATERA BARAT",7,19,143,162
https://kawalpemilu.org#13245,"TANJUNG BONAI, LINTAU BUO UTARA, TANAH DATAR, SUMATERA BARAT",8,19,96,115
https://kawalpemilu.org#13245,"TANJUNG BONAI, LINTAU BUO UTARA, TANAH DATAR, SUMATERA BARAT",9,42,88,130
https://kawalpemilu.org#13245,"TANJUNG BONAI, LINTAU BUO UTARA, TANAH DATAR, SUMATERA BARAT",10,35,114,149
https://kawalpemilu.org#13245,"TANJUNG BONAI, LINTAU BUO UTARA, TANAH DATAR, SUMATERA BARAT",11,30,166,196
https://kawalpemilu.org#13245,"TANJUNG BONAI, LINTAU BUO UTARA, TANAH DATAR, SUMATERA BARAT",12,25,146,171
https://kawalpemilu.org#13245,"TANJUNG BONAI, LINTAU BUO UTARA, TANAH DATAR, SUMATERA BARAT",13,42,93,135
https://kawalpemilu.org#13245,"TANJUNG BONAI, LINTAU BUO UTARA, TANAH DATAR, SUMATERA BARAT",14,44,121,165
https://kawalpemilu.org#13245,"TANJUNG BONAI, LINTAU BUO UTARA, TANAH DATAR, SUMATERA BARAT",15,15,185,200
https://kawalpemilu.org#13245,"TANJUNG BONAI, LINTAU BUO UTARA, TANAH DATAR, SUMATERA BARAT",16,18,221,239
https://kawalpemilu.org#13245,"TANJUNG BONAI, LINTAU BUO UTARA, TANAH DATAR, SUMATERA BARAT",17,19,125,144
https://kawalpemilu.org#13245,"TANJUNG BONAI, LINTAU BUO UTARA, TANAH DATAR, SUMATERA BARAT",18,21,98,119
https://kawalpemilu.org#13245,"TANJUNG BONAI, LINTAU BUO UTARA, TANAH DATAR, SUMATERA BARAT",19,58,83,141
https://kawalpemilu.org#13245,"TANJUNG BONAI, LINTAU BUO UTARA, TANAH DATAR, SUMATERA BARAT",20,14,92,106
https://kawalpemilu.org#13245,"TANJUNG BONAI, LINTAU BUO UTARA, TANAH DATAR, SUMATERA BARAT",21,23,119,142
https://kawalpemilu.org#13245,"TANJUNG BONAI, LINTAU BUO UTARA, TANAH DATAR, SUMATERA BARAT",22,24,145,169
https://kawalpemilu.org#13245,"TANJUNG BONAI, LINTAU BUO UTARA, TANAH DATAR, SUMATERA BARAT",23,16,116,132
https://kawalpemilu.org#13245,"TANJUNG BONAI, LINTAU BUO UTARA, TANAH DATAR, SUMATERA BARAT",24,30,145,175
https://kawalpemilu.org#13245,"TANJUNG BONAI, LINTAU BUO UTARA, TANAH DATAR, SUMATERA BARAT",25,17,112,129
https://kawalpemilu.org#13245,"TANJUNG BONAI, LINTAU BUO UTARA, TANAH DATAR, SUMATERA BARAT",26,15,114,129
https://kawalpemilu.org#13245,"TANJUNG BONAI, LINTAU BUO UTARA, TANAH DATAR, SUMATERA BARAT",27,75,74,149
https://kawalpemilu.org#13245,"TANJUNG BONAI, LINTAU BUO UTARA, TANAH DATAR, SUMATERA BARAT",28,42,172,214
https://kawalpemilu.org#13245,"TANJUNG BONAI, LINTAU BUO UTARA, TANAH DATAR, SUMATERA BARAT",29,20,149,169
https://kawalpemilu.org#13245,"TANJUNG BONAI, LINTAU BUO UTARA, TANAH DATAR, SUMATERA BARAT",30,26,128,154
https://kawalpemilu.org#13245,"TANJUNG BONAI, LINTAU BUO UTARA, TANAH DATAR, SUMATERA BARAT",31,29,136,165
https://kawalpemilu.org#13245,"TANJUNG BONAI, LINTAU BUO UTARA, TANAH DATAR, SUMATERA BARAT",32,36,107,143
https://kawalpemilu.org#13245,"TANJUNG BONAI, LINTAU BUO UTARA, TANAH DATAR, SUMATERA BARAT",33,18,119,137
https://kawalpemilu.org#13245,"TANJUNG BONAI, LINTAU BUO UTARA, TANAH DATAR, SUMATERA BARAT",34,17,135,152
https://kawalpemilu.org#13245,"TANJUNG BONAI, LINTAU BUO UTARA, TANAH DATAR, SUMATERA BARAT",35,29,92,121
https://kawalpemilu.org#13245,"TANJUNG BONAI, LINTAU BUO UTARA, TANAH DATAR, SUMATERA BARAT",36,16,59,75
https://kawalpemilu.org#13245,"TANJUNG BONAI, LINTAU BUO UTARA, TANAH DATAR, SUMATERA BARAT",37,35,170,205
https://kawalpemilu.org#13245,"TANJUNG BONAI, LINTAU BUO UTARA, TANAH DATAR, SUMATERA BARAT",38,20,147,167
https://kawalpemilu.org#13245,"TANJUNG BONAI, LINTAU BUO UTARA, TANAH DATAR, SUMATERA BARAT",39,14,155,169
https://kawalpemilu.org#13245,"TANJUNG BONAI, LINTAU BUO UTARA, TANAH DATAR, SUMATERA BARAT",40,14,177,191
https://kawalpemilu.org#13245,"TANJUNG BONAI, LINTAU BUO UTARA, TANAH DATAR, SUMATERA BARAT",41,31,157,188
https://kawalpemilu.org#13245,"TANJUNG BONAI, LINTAU BUO UTARA, TANAH DATAR, SUMATERA BARAT",42,29,120,149
https://kawalpemilu.org#13245,"TANJUNG BONAI, LINTAU BUO UTARA, TANAH DATAR, SUMATERA BARAT",43,13,110,123
https://kawalpemilu.org#13246,"LUBUK JANTAN, LINTAU BUO UTARA, TANAH DATAR, SUMATERA BARAT",1,21,133,154
https://kawalpemilu.org#13246,"LUBUK JANTAN, LINTAU BUO UTARA, TANAH DATAR, SUMATERA BARAT",2,27,131,158
https://kawalpemilu.org#13246,"LUBUK JANTAN, LINTAU BUO UTARA, TANAH DATAR, SUMATERA BARAT",3,13,72,85
https://kawalpemilu.org#13246,"LUBUK JANTAN, LINTAU BUO UTARA, TANAH DATAR, SUMATERA BARAT",4,27,159,186
https://kawalpemilu.org#13246,"LUBUK JANTAN, LINTAU BUO UTARA, TANAH DATAR, SUMATERA BARAT",5,20,131,151
https://kawalpemilu.org#13246,"LUBUK JANTAN, LINTAU BUO UTARA, TANAH DATAR, SUMATERA BARAT",6,10,91,101
https://kawalpemilu.org#13246,"LUBUK JANTAN, LINTAU BUO UTARA, TANAH DATAR, SUMATERA BARAT",7,2,77,79
https://kawalpemilu.org#13246,"LUBUK JANTAN, LINTAU BUO UTARA, TANAH DATAR, SUMATERA BARAT",8,16,170,186
https://kawalpemilu.org#13246,"LUBUK JANTAN, LINTAU BUO UTARA, TANAH DATAR, SUMATERA BARAT",9,6,121,127
https://kawalpemilu.org#13246,"LUBUK JANTAN, LINTAU BUO UTARA, TANAH DATAR, SUMATERA BARAT",10,16,147,163
https://kawalpemilu.org#13246,"LUBUK JANTAN, LINTAU BUO UTARA, TANAH DATAR, SUMATERA BARAT",11,23,160,183
https://kawalpemilu.org#13246,"LUBUK JANTAN, LINTAU BUO UTARA, TANAH DATAR, SUMATERA BARAT",12,29,151,180
https://kawalpemilu.org#13246,"LUBUK JANTAN, LINTAU BUO UTARA, TANAH DATAR, SUMATERA BARAT",13,12,120,132
https://kawalpemilu.org#13246,"LUBUK JANTAN, LINTAU BUO UTARA, TANAH DATAR, SUMATERA BARAT",14,23,133,156
https://kawalpemilu.org#13246,"LUBUK JANTAN, LINTAU BUO UTARA, TANAH DATAR, SUMATERA BARAT",15,15,86,101
https://kawalpemilu.org#13246,"LUBUK JANTAN, LINTAU BUO UTARA, TANAH DATAR, SUMATERA BARAT",16,21,124,145
https://kawalpemilu.org#13246,"LUBUK JANTAN, LINTAU BUO UTARA, TANAH DATAR, SUMATERA BARAT",17,28,132,160
https://kawalpemilu.org#13246,"LUBUK JANTAN, LINTAU BUO UTARA, TANAH DATAR, SUMATERA BARAT",18,17,157,174
https://kawalpemilu.org#13246,"LUBUK JANTAN, LINTAU BUO UTARA, TANAH DATAR, SUMATERA BARAT",19,17,94,111
https://kawalpemilu.org#13246,"LUBUK JANTAN, LINTAU BUO UTARA, TANAH DATAR, SUMATERA BARAT",21,12,146,158
https://kawalpemilu.org#13246,"LUBUK JANTAN, LINTAU BUO UTARA, TANAH DATAR, SUMATERA BARAT",22,12,179,191
https://kawalpemilu.org#13246,"LUBUK JANTAN, LINTAU BUO UTARA, TANAH DATAR, SUMATERA BARAT",23,7,103,110
https://kawalpemilu.org#13246,"LUBUK JANTAN, LINTAU BUO UTARA, TANAH DATAR, SUMATERA BARAT",24,4,141,145
https://kawalpemilu.org#13246,"LUBUK JANTAN, LINTAU BUO UTARA, TANAH DATAR, SUMATERA BARAT",25,5,179,184
https://kawalpemilu.org#13246,"LUBUK JANTAN, LINTAU BUO UTARA, TANAH DATAR, SUMATERA BARAT",26,20,54,74
https://kawalpemilu.org#13246,"LUBUK JANTAN, LINTAU BUO UTARA, TANAH DATAR, SUMATERA BARAT",27,24,154,178
https://kawalpemilu.org#13246,"LUBUK JANTAN, LINTAU BUO UTARA, TANAH DATAR, SUMATERA BARAT",28,5,106,111
https://kawalpemilu.org#13246,"LUBUK JANTAN, LINTAU BUO UTARA, TANAH DATAR, SUMATERA BARAT",29,2,123,125
https://kawalpemilu.org#13246,"LUBUK JANTAN, LINTAU BUO UTARA, TANAH DATAR, SUMATERA BARAT",30,7,139,146
https://kawalpemilu.org#13246,"LUBUK JANTAN, LINTAU BUO UTARA, TANAH DATAR, SUMATERA BARAT",31,18,147,165
https://kawalpemilu.org#13246,"LUBUK JANTAN, LINTAU BUO UTARA, TANAH DATAR, SUMATERA BARAT",32,8,95,103
https://kawalpemilu.org#13246,"LUBUK JANTAN, LINTAU BUO UTARA, TANAH DATAR, SUMATERA BARAT",33,9,104,113
https://kawalpemilu.org#13246,"LUBUK JANTAN, LINTAU BUO UTARA, TANAH DATAR, SUMATERA BARAT",34,27,164,191
https://kawalpemilu.org#13246,"LUBUK JANTAN, LINTAU BUO UTARA, TANAH DATAR, SUMATERA BARAT",35,14,121,135
https://kawalpemilu.org#13246,"LUBUK JANTAN, LINTAU BUO UTARA, TANAH DATAR, SUMATERA BARAT",36,3,196,199
https://kawalpemilu.org#13246,"LUBUK JANTAN, LINTAU BUO UTARA, TANAH DATAR, SUMATERA BARAT",37,8,89,97
https://kawalpemilu.org#13247,"TEPI SELO, LINTAU BUO UTARA, TANAH DATAR, SUMATERA BARAT",1,44,161,205
https://kawalpemilu.org#13247,"TEPI SELO, LINTAU BUO UTARA, TANAH DATAR, SUMATERA BARAT",2,33,184,217
https://kawalpemilu.org#13247,"TEPI SELO, LINTAU BUO UTARA, TANAH DATAR, SUMATERA BARAT",3,39,185,224
https://kawalpemilu.org#13247,"TEPI SELO, LINTAU BUO UTARA, TANAH DATAR, SUMATERA BARAT",4,10,84,94
https://kawalpemilu.org#13247,"TEPI SELO, LINTAU BUO UTARA, TANAH DATAR, SUMATERA BARAT",5,10,129,139
https://kawalpemilu.org#13247,"TEPI SELO, LINTAU BUO UTARA, TANAH DATAR, SUMATERA BARAT",6,13,184,197
https://kawalpemilu.org#13247,"TEPI SELO, LINTAU BUO UTARA, TANAH DATAR, SUMATERA BARAT",7,17,139,156
https://kawalpemilu.org#13247,"TEPI SELO, LINTAU BUO UTARA, TANAH DATAR, SUMATERA BARAT",8,10,103,113
https://kawalpemilu.org#13247,"TEPI SELO, LINTAU BUO UTARA, TANAH DATAR, SUMATERA BARAT",9,3,96,99
https://kawalpemilu.org#13247,"TEPI SELO, LINTAU BUO UTARA, TANAH DATAR, SUMATERA BARAT",10,9,95,104
https://kawalpemilu.org#13247,"TEPI SELO, LINTAU BUO UTARA, TANAH DATAR, SUMATERA BARAT",11,4,125,129
https://kawalpemilu.org#13247,"TEPI SELO, LINTAU BUO UTARA, TANAH DATAR, SUMATERA BARAT",12,29,123,152
https://kawalpemilu.org#13247,"TEPI SELO, LINTAU BUO UTARA, TANAH DATAR, SUMATERA BARAT",13,20,120,140
https://kawalpemilu.org#13247,"TEPI SELO, LINTAU BUO UTARA, TANAH DATAR, SUMATERA BARAT",14,7,96,103
https://kawalpemilu.org#13247,"TEPI SELO, LINTAU BUO UTARA, TANAH DATAR, SUMATERA BARAT",15,16,124,140
https://kawalpemilu.org#13247,"TEPI SELO, LINTAU BUO UTARA, TANAH DATAR, SUMATERA BARAT",16,7,135,142
https://kawalpemilu.org#13247,"TEPI SELO, LINTAU BUO UTARA, TANAH DATAR, SUMATERA BARAT",17,5,108,113
https://kawalpemilu.org#13247,"TEPI SELO, LINTAU BUO UTARA, TANAH DATAR, SUMATERA BARAT",18,5,97,102
https://kawalpemilu.org#13249,"BATU TABA, BATIPUAH SELATAN, TANAH DATAR, SUMATERA BARAT",1,10,113,123
https://kawalpemilu.org#13249,"BATU TABA, BATIPUAH SELATAN, TANAH DATAR, SUMATERA BARAT",2,12,128,140
https://kawalpemilu.org#13249,"BATU TABA, BATIPUAH SELATAN, TANAH DATAR, SUMATERA BARAT",3,16,158,174
https://kawalpemilu.org#13249,"BATU TABA, BATIPUAH SELATAN, TANAH DATAR, SUMATERA BARAT",4,18,105,123
https://kawalpemilu.org#13249,"BATU TABA, BATIPUAH SELATAN, TANAH DATAR, SUMATERA BARAT",5,22,128,150
https://kawalpemilu.org#13249,"BATU TABA, BATIPUAH SELATAN, TANAH DATAR, SUMATERA BARAT",6,7,116,123
https://kawalpemilu.org#13249,"BATU TABA, BATIPUAH SELATAN, TANAH DATAR, SUMATERA BARAT",7,8,94,102
https://kawalpemilu.org#13249,"BATU TABA, BATIPUAH SELATAN, TANAH DATAR, SUMATERA BARAT",8,3,71,74
https://kawalpemilu.org#13249,"BATU TABA, BATIPUAH SELATAN, TANAH DATAR, SUMATERA BARAT",9,18,123,141
https://kawalpemilu.org#13249,"BATU TABA, BATIPUAH SELATAN, TANAH DATAR, SUMATERA BARAT",10,4,125,129
https://kawalpemilu.org#13250,"SUMPUR, BATIPUAH SELATAN, TANAH DATAR, SUMATERA BARAT",1,21,202,223
https://kawalpemilu.org#13250,"SUMPUR, BATIPUAH SELATAN, TANAH DATAR, SUMATERA BARAT",2,9,193,202
https://kawalpemilu.org#13250,"SUMPUR, BATIPUAH SELATAN, TANAH DATAR, SUMATERA BARAT",3,13,135,148
https://kawalpemilu.org#13250,"SUMPUR, BATIPUAH SELATAN, TANAH DATAR, SUMATERA BARAT",4,13,176,189
https://kawalpemilu.org#13250,"SUMPUR, BATIPUAH SELATAN, TANAH DATAR, SUMATERA BARAT",5,11,210,221
https://kawalpemilu.org#13250,"SUMPUR, BATIPUAH SELATAN, TANAH DATAR, SUMATERA BARAT",6,15,107,122
https://kawalpemilu.org#13250,"SUMPUR, BATIPUAH SELATAN, TANAH DATAR, SUMATERA BARAT",7,20,165,185
https://kawalpemilu.org#13251,"PADANG LAWEH MALALO, BATIPUAH SELATAN, TANAH DATAR, SUMATERA BARAT",1,10,141,151
https://kawalpemilu.org#13251,"PADANG LAWEH MALALO, BATIPUAH SELATAN, TANAH DATAR, SUMATERA BARAT",2,23,158,181
https://kawalpemilu.org#13251,"PADANG LAWEH MALALO, BATIPUAH SELATAN, TANAH DATAR, SUMATERA BARAT",3,7,154,161
https://kawalpemilu.org#13251,"PADANG LAWEH MALALO, BATIPUAH SELATAN, TANAH DATAR, SUMATERA BARAT",4,7,148,191
https://kawalpemilu.org#13251,"PADANG LAWEH MALALO, BATIPUAH SELATAN, TANAH DATAR, SUMATERA BARAT",5,3,158,161
https://kawalpemilu.org#13251,"PADANG LAWEH MALALO, BATIPUAH SELATAN, TANAH DATAR, SUMATERA BARAT",6,9,158,167
https://kawalpemilu.org#13251,"PADANG LAWEH MALALO, BATIPUAH SELATAN, TANAH DATAR, SUMATERA BARAT",7,8,149,157
https://kawalpemilu.org#13251,"PADANG LAWEH MALALO, BATIPUAH SELATAN, TANAH DATAR, SUMATERA BARAT",8,6,121,127
https://kawalpemilu.org#13252,"GUGUK MALALO, BATIPUAH SELATAN, TANAH DATAR, SUMATERA BARAT",1,21,121,142
https://kawalpemilu.org#13252,"GUGUK MALALO, BATIPUAH SELATAN, TANAH DATAR, SUMATERA BARAT",2,13,189,202
https://kawalpemilu.org#13252,"GUGUK MALALO, BATIPUAH SELATAN, TANAH DATAR, SUMATERA BARAT",3,34,132,166
https://kawalpemilu.org#13252,"GUGUK MALALO, BATIPUAH SELATAN, TANAH DATAR, SUMATERA BARAT",4,15,158,173
https://kawalpemilu.org#13252,"GUGUK MALALO, BATIPUAH SELATAN, TANAH DATAR, SUMATERA BARAT",5,24,193,217
https://kawalpemilu.org#13252,"GUGUK MALALO, BATIPUAH SELATAN, TANAH DATAR, SUMATERA BARAT",6,46,179,225
https://kawalpemilu.org#13252,"GUGUK MALALO, BATIPUAH SELATAN, TANAH DATAR, SUMATERA BARAT",7,25,145,170
https://kawalpemilu.org#13252,"GUGUK MALALO, BATIPUAH SELATAN, TANAH DATAR, SUMATERA BARAT",8,12,191,203
https://kawalpemilu.org#13252,"GUGUK MALALO, BATIPUAH SELATAN, TANAH DATAR, SUMATERA BARAT",9,35,232,267
https://kawalpemilu.org#13252,"GUGUK MALALO, BATIPUAH SELATAN, TANAH DATAR, SUMATERA BARAT",10,36,220,256
https://kawalpemilu.org#13252,"GUGUK MALALO, BATIPUAH SELATAN, TANAH DATAR, SUMATERA BARAT",11,25,200,225
https://kawalpemilu.org#13252,"GUGUK MALALO, BATIPUAH SELATAN, TANAH DATAR, SUMATERA BARAT",12,18,117,135
https://kawalpemilu.org#13252,"GUGUK MALALO, BATIPUAH SELATAN, TANAH DATAR, SUMATERA BARAT",13,13,127,140
https://kawalpemilu.org#13252,"GUGUK MALALO, BATIPUAH SELATAN, TANAH DATAR, SUMATERA BARAT",14,29,181,210
https://kawalpemilu.org#13255,"LUBUK ALUNG, LUBUK ALUNG, PADANG PARIAMAN, SUMATERA BARAT",1,31,193,224
https://kawalpemilu.org#13255,"LUBUK ALUNG, LUBUK ALUNG, PADANG PARIAMAN, SUMATERA BARAT",2,14,208,222
https://kawalpemilu.org#13255,"LUBUK ALUNG, LUBUK ALUNG, PADANG PARIAMAN, SUMATERA BARAT",3,19,190,209
https://kawalpemilu.org#13255,"LUBUK ALUNG, LUBUK ALUNG, PADANG PARIAMAN, SUMATERA BARAT",4,32,144,176
https://kawalpemilu.org#13255,"LUBUK ALUNG, LUBUK ALUNG, PADANG PARIAMAN, SUMATERA BARAT",5,24,142,166
https://kawalpemilu.org#13255,"LUBUK ALUNG, LUBUK ALUNG, PADANG PARIAMAN, SUMATERA BARAT",6,19,130,149
https://kawalpemilu.org#13255,"LUBUK ALUNG, LUBUK ALUNG, PADANG PARIAMAN, SUMATERA BARAT",7,11,163,174
https://kawalpemilu.org#13255,"LUBUK ALUNG, LUBUK ALUNG, PADANG PARIAMAN, SUMATERA BARAT",8,24,129,153
https://kawalpemilu.org#13255,"LUBUK ALUNG, LUBUK ALUNG, PADANG PARIAMAN, SUMATERA BARAT",9,39,124,163
https://kawalpemilu.org#13255,"LUBUK ALUNG, LUBUK ALUNG, PADANG PARIAMAN, SUMATERA BARAT",10,8,105,113
https://kawalpemilu.org#13255,"LUBUK ALUNG, LUBUK ALUNG, PADANG PARIAMAN, SUMATERA BARAT",11,7,162,169
https://kawalpemilu.org#13255,"LUBUK ALUNG, LUBUK ALUNG, PADANG PARIAMAN, SUMATERA BARAT",12,14,162,176
https://kawalpemilu.org#13255,"LUBUK ALUNG, LUBUK ALUNG, PADANG PARIAMAN, SUMATERA BARAT",13,18,121,139
https://kawalpemilu.org#13255,"LUBUK ALUNG, LUBUK ALUNG, PADANG PARIAMAN, SUMATERA BARAT",14,14,144,158
https://kawalpemilu.org#13255,"LUBUK ALUNG, LUBUK ALUNG, PADANG PARIAMAN, SUMATERA BARAT",15,9,94,103
https://kawalpemilu.org#13255,"LUBUK ALUNG, LUBUK ALUNG, PADANG PARIAMAN, SUMATERA BARAT",16,22,135,157
https://kawalpemilu.org#13255,"LUBUK ALUNG, LUBUK ALUNG, PADANG PARIAMAN, SUMATERA BARAT",17,27,133,160
https://kawalpemilu.org#13255,"LUBUK ALUNG, LUBUK ALUNG, PADANG PARIAMAN, SUMATERA BARAT",18,19,97,116
https://kawalpemilu.org#13255,"LUBUK ALUNG, LUBUK ALUNG, PADANG PARIAMAN, SUMATERA BARAT",19,22,103,125
https://kawalpemilu.org#13255,"LUBUK ALUNG, LUBUK ALUNG, PADANG PARIAMAN, SUMATERA BARAT",20,19,112,131
https://kawalpemilu.org#13255,"LUBUK ALUNG, LUBUK ALUNG, PADANG PARIAMAN, SUMATERA BARAT",21,23,177,200
https://kawalpemilu.org#13255,"LUBUK ALUNG, LUBUK ALUNG, PADANG PARIAMAN, SUMATERA BARAT",22,31,161,192
https://kawalpemilu.org#13255,"LUBUK ALUNG, LUBUK ALUNG, PADANG PARIAMAN, SUMATERA BARAT",23,17,175,192
https://kawalpemilu.org#87282,"PUNGGUANG KASIAK LUBUK ALUNG, LUBUK ALUNG, PADANG PARIAMAN, SUMATERA BARAT",1,24,129,153
https://kawalpemilu.org#87282,"PUNGGUANG KASIAK LUBUK ALUNG, LUBUK ALUNG, PADANG PARIAMAN, SUMATERA BARAT",2,32,173,205
https://kawalpemilu.org#87282,"PUNGGUANG KASIAK LUBUK ALUNG, LUBUK ALUNG, PADANG PARIAMAN, SUMATERA BARAT",3,22,136,158
https://kawalpemilu.org#87282,"PUNGGUANG KASIAK LUBUK ALUNG, LUBUK ALUNG, PADANG PARIAMAN, SUMATERA BARAT",4,25,198,223
https://kawalpemilu.org#87282,"PUNGGUANG KASIAK LUBUK ALUNG, LUBUK ALUNG, PADANG PARIAMAN, SUMATERA BARAT",5,20,209,229
https://kawalpemilu.org#87282,"PUNGGUANG KASIAK LUBUK ALUNG, LUBUK ALUNG, PADANG PARIAMAN, SUMATERA BARAT",6,8,123,131
https://kawalpemilu.org#87282,"PUNGGUANG KASIAK LUBUK ALUNG, LUBUK ALUNG, PADANG PARIAMAN, SUMATERA BARAT",7,10,157,167
https://kawalpemilu.org#87282,"PUNGGUANG KASIAK LUBUK ALUNG, LUBUK ALUNG, PADANG PARIAMAN, SUMATERA BARAT",8,12,203,215
https://kawalpemilu.org#87282,"PUNGGUANG KASIAK LUBUK ALUNG, LUBUK ALUNG, PADANG PARIAMAN, SUMATERA BARAT",9,16,182,198
https://kawalpemilu.org#87282,"PUNGGUANG KASIAK LUBUK ALUNG, LUBUK ALUNG, PADANG PARIAMAN, SUMATERA BARAT",10,20,156,176
https://kawalpemilu.org#87282,"PUNGGUANG KASIAK LUBUK ALUNG, LUBUK ALUNG, PADANG PARIAMAN, SUMATERA BARAT",11,16,120,136
https://kawalpemilu.org#87282,"PUNGGUANG KASIAK LUBUK ALUNG, LUBUK ALUNG, PADANG PARIAMAN, SUMATERA BARAT",12,11,97,108
https://kawalpemilu.org#87282,"PUNGGUANG KASIAK LUBUK ALUNG, LUBUK ALUNG, PADANG PARIAMAN, SUMATERA BARAT",13,23,148,171
https://kawalpemilu.org#87282,"PUNGGUANG KASIAK LUBUK ALUNG, LUBUK ALUNG, PADANG PARIAMAN, SUMATERA BARAT",14,20,161,181
https://kawalpemilu.org#87282,"PUNGGUANG KASIAK LUBUK ALUNG, LUBUK ALUNG, PADANG PARIAMAN, SUMATERA BARAT",15,22,193,215
https://kawalpemilu.org#87282,"PUNGGUANG KASIAK LUBUK ALUNG, LUBUK ALUNG, PADANG PARIAMAN, SUMATERA BARAT",16,15,147,162
https://kawalpemilu.org#87282,"PUNGGUANG KASIAK LUBUK ALUNG, LUBUK ALUNG, PADANG PARIAMAN, SUMATERA BARAT",17,10,161,171
https://kawalpemilu.org#87283,"PASIE LAWEH LUBUK ALUNG, LUBUK ALUNG, PADANG PARIAMAN, SUMATERA BARAT",1,24,113,137
https://kawalpemilu.org#87283,"PASIE LAWEH LUBUK ALUNG, LUBUK ALUNG, PADANG PARIAMAN, SUMATERA BARAT",2,32,142,174
https://kawalpemilu.org#87283,"PASIE LAWEH LUBUK ALUNG, LUBUK ALUNG, PADANG PARIAMAN, SUMATERA BARAT",3,24,95,119
https://kawalpemilu.org#87283,"PASIE LAWEH LUBUK ALUNG, LUBUK ALUNG, PADANG PARIAMAN, SUMATERA BARAT",4,45,139,184
https://kawalpemilu.org#87283,"PASIE LAWEH LUBUK ALUNG, LUBUK ALUNG, PADANG PARIAMAN, SUMATERA BARAT",5,18,97,115
https://kawalpemilu.org#87283,"PASIE LAWEH LUBUK ALUNG, LUBUK ALUNG, PADANG PARIAMAN, SUMATERA BARAT",6,27,93,120
https://kawalpemilu.org#87283,"PASIE LAWEH LUBUK ALUNG, LUBUK ALUNG, PADANG PARIAMAN, SUMATERA BARAT",7,28,86,114
https://kawalpemilu.org#87283,"PASIE LAWEH LUBUK ALUNG, LUBUK ALUNG, PADANG PARIAMAN, SUMATERA BARAT",8,43,93,136
https://kawalpemilu.org#87283,"PASIE LAWEH LUBUK ALUNG, LUBUK ALUNG, PADANG PARIAMAN, SUMATERA BARAT",9,4,108,112
https://kawalpemilu.org#87283,"PASIE LAWEH LUBUK ALUNG, LUBUK ALUNG, PADANG PARIAMAN, SUMATERA BARAT",10,16,152,168
https://kawalpemilu.org#87283,"PASIE LAWEH LUBUK ALUNG, LUBUK ALUNG, PADANG PARIAMAN, SUMATERA BARAT",11,17,146,163
https://kawalpemilu.org#87283,"PASIE LAWEH LUBUK ALUNG, LUBUK ALUNG, PADANG PARIAMAN, SUMATERA BARAT",12,40,85,125
https://kawalpemilu.org#87283,"PASIE LAWEH LUBUK ALUNG, LUBUK ALUNG, PADANG PARIAMAN, SUMATERA BARAT",13,24,122,146
https://kawalpemilu.org#87283,"PASIE LAWEH LUBUK ALUNG, LUBUK ALUNG, PADANG PARIAMAN, SUMATERA BARAT",14,18,96,114
https://kawalpemilu.org#87283,"PASIE LAWEH LUBUK ALUNG, LUBUK ALUNG, PADANG PARIAMAN, SUMATERA BARAT",15,25,183,208
https://kawalpemilu.org#87283,"PASIE LAWEH LUBUK ALUNG, LUBUK ALUNG, PADANG PARIAMAN, SUMATERA BARAT",16,28,109,137
https://kawalpemilu.org#87283,"PASIE LAWEH LUBUK ALUNG, LUBUK ALUNG, PADANG PARIAMAN, SUMATERA BARAT",17,21,96,117
https://kawalpemilu.org#87283,"PASIE LAWEH LUBUK ALUNG, LUBUK ALUNG, PADANG PARIAMAN, SUMATERA BARAT",18,34,82,116
https://kawalpemilu.org#87283,"PASIE LAWEH LUBUK ALUNG, LUBUK ALUNG, PADANG PARIAMAN, SUMATERA BARAT",19,9,112,121
https://kawalpemilu.org#87283,"PASIE LAWEH LUBUK ALUNG, LUBUK ALUNG, PADANG PARIAMAN, SUMATERA BARAT",20,9,119,128
https://kawalpemilu.org#87283,"PASIE LAWEH LUBUK ALUNG, LUBUK ALUNG, PADANG PARIAMAN, SUMATERA BARAT",21,26,70,96
https://kawalpemilu.org#87283,"PASIE LAWEH LUBUK ALUNG, LUBUK ALUNG, PADANG PARIAMAN, SUMATERA BARAT",22,24,86,110
https://kawalpemilu.org#87285,"AIE TAJUN LUBUK ALUNG, LUBUK ALUNG, PADANG PARIAMAN, SUMATERA BARAT",1,19,216,235
https://kawalpemilu.org#87285,"AIE TAJUN LUBUK ALUNG, LUBUK ALUNG, PADANG PARIAMAN, SUMATERA BARAT",2,20,122,142
https://kawalpemilu.org#87285,"AIE TAJUN LUBUK ALUNG, LUBUK ALUNG, PADANG PARIAMAN, SUMATERA BARAT",3,12,175,187
https://kawalpemilu.org#87285,"AIE TAJUN LUBUK ALUNG, LUBUK ALUNG, PADANG PARIAMAN, SUMATERA BARAT",4,7,97,104
https://kawalpemilu.org#87285,"AIE TAJUN LUBUK ALUNG, LUBUK ALUNG, PADANG PARIAMAN, SUMATERA BARAT",5,7,109,116
https://kawalpemilu.org#87285,"AIE TAJUN LUBUK ALUNG, LUBUK ALUNG, PADANG PARIAMAN, SUMATERA BARAT",6,13,129,142
https://kawalpemilu.org#87285,"AIE TAJUN LUBUK ALUNG, LUBUK ALUNG, PADANG PARIAMAN, SUMATERA BARAT",7,3,157,160
https://kawalpemilu.org#87285,"AIE TAJUN LUBUK ALUNG, LUBUK ALUNG, PADANG PARIAMAN, SUMATERA BARAT",8,8,146,154
https://kawalpemilu.org#87285,"AIE TAJUN LUBUK ALUNG, LUBUK ALUNG, PADANG PARIAMAN, SUMATERA BARAT",9,10,129,139
https://kawalpemilu.org#87285,"AIE TAJUN LUBUK ALUNG, LUBUK ALUNG, PADANG PARIAMAN, SUMATERA BARAT",10,23,119,142
https://kawalpemilu.org#87285,"AIE TAJUN LUBUK ALUNG, LUBUK ALUNG, PADANG PARIAMAN, SUMATERA BARAT",11,16,135,151
https://kawalpemilu.org#87285,"AIE TAJUN LUBUK ALUNG, LUBUK ALUNG, PADANG PARIAMAN, SUMATERA BARAT",12,11,90,101
https://kawalpemilu.org#87285,"AIE TAJUN LUBUK ALUNG, LUBUK ALUNG, PADANG PARIAMAN, SUMATERA BARAT",13,6,173,179
https://kawalpemilu.org#87285,"AIE TAJUN LUBUK ALUNG, LUBUK ALUNG, PADANG PARIAMAN, SUMATERA BARAT",14,0,201,201
https://kawalpemilu.org#87285,"AIE TAJUN LUBUK ALUNG, LUBUK ALUNG, PADANG PARIAMAN, SUMATERA BARAT",15,4,159,163
https://kawalpemilu.org#87285,"AIE TAJUN LUBUK ALUNG, LUBUK ALUNG, PADANG PARIAMAN, SUMATERA BARAT",16,13,130,143
https://kawalpemilu.org#87286,"SIKABU LUBUK ALUNG, LUBUK ALUNG, PADANG PARIAMAN, SUMATERA BARAT",1,7,80,87
https://kawalpemilu.org#87286,"SIKABU LUBUK ALUNG, LUBUK ALUNG, PADANG PARIAMAN, SUMATERA BARAT",2,8,168,176
https://kawalpemilu.org#87286,"SIKABU LUBUK ALUNG, LUBUK ALUNG, PADANG PARIAMAN, SUMATERA BARAT",3,6,118,124
https://kawalpemilu.org#87286,"SIKABU LUBUK ALUNG, LUBUK ALUNG, PADANG PARIAMAN, SUMATERA BARAT",4,20,173,193
https://kawalpemilu.org#87286,"SIKABU LUBUK ALUNG, LUBUK ALUNG, PADANG PARIAMAN, SUMATERA BARAT",5,19,177,196
https://kawalpemilu.org#87286,"SIKABU LUBUK ALUNG, LUBUK ALUNG, PADANG PARIAMAN, SUMATERA BARAT",6,25,204,229
https://kawalpemilu.org#87286,"SIKABU LUBUK ALUNG, LUBUK ALUNG, PADANG PARIAMAN, SUMATERA BARAT",7,14,118,132
https://kawalpemilu.org#87286,"SIKABU LUBUK ALUNG, LUBUK ALUNG, PADANG PARIAMAN, SUMATERA BARAT",8,15,165,180
https://kawalpemilu.org#87286,"SIKABU LUBUK ALUNG, LUBUK ALUNG, PADANG PARIAMAN, SUMATERA BARAT",9,16,107,123
https://kawalpemilu.org#87286,"SIKABU LUBUK ALUNG, LUBUK ALUNG, PADANG PARIAMAN, SUMATERA BARAT",10,8,134,142
https://kawalpemilu.org#931213,"Sungai Abang Lubuk Alung, LUBUK ALUNG, PADANG PARIAMAN, SUMATERA BARAT",1,5,118,123
https://kawalpemilu.org#931213,"Sungai Abang Lubuk Alung, LUBUK ALUNG, PADANG PARIAMAN, SUMATERA BARAT",2,7,114,121
https://kawalpemilu.org#931213,"Sungai Abang Lubuk Alung, LUBUK ALUNG, PADANG PARIAMAN, SUMATERA BARAT",3,21,147,168
https://kawalpemilu.org#931213,"Sungai Abang Lubuk Alung, LUBUK ALUNG, PADANG PARIAMAN, SUMATERA BARAT",4,17,160,177
https://kawalpemilu.org#931213,"Sungai Abang Lubuk Alung, LUBUK ALUNG, PADANG PARIAMAN, SUMATERA BARAT",5,28,169,197
https://kawalpemilu.org#931213,"Sungai Abang Lubuk Alung, LUBUK ALUNG, PADANG PARIAMAN, SUMATERA BARAT",6,32,188,220
https://kawalpemilu.org#931213,"Sungai Abang Lubuk Alung, LUBUK ALUNG, PADANG PARIAMAN, SUMATERA BARAT",7,40,186,226
https://kawalpemilu.org#931213,"Sungai Abang Lubuk Alung, LUBUK ALUNG, PADANG PARIAMAN, SUMATERA BARAT",8,21,145,166
https://kawalpemilu.org#931213,"Sungai Abang Lubuk Alung, LUBUK ALUNG, PADANG PARIAMAN, SUMATERA BARAT",9,16,207,223
https://kawalpemilu.org#931213,"Sungai Abang Lubuk Alung, LUBUK ALUNG, PADANG PARIAMAN, SUMATERA BARAT",10,22,168,190
https://kawalpemilu.org#931213,"Sungai Abang Lubuk Alung, LUBUK ALUNG, PADANG PARIAMAN, SUMATERA BARAT",11,19,153,172
https://kawalpemilu.org#931214,"Singguliang Lubuk Alung, LUBUK ALUNG, PADANG PARIAMAN, SUMATERA BARAT",1,26,145,171
https://kawalpemilu.org#931214,"Singguliang Lubuk Alung, LUBUK ALUNG, PADANG PARIAMAN, SUMATERA BARAT",2,15,102,117
https://kawalpemilu.org#931214,"Singguliang Lubuk Alung, LUBUK ALUNG, PADANG PARIAMAN, SUMATERA BARAT",3,9,121,130
https://kawalpemilu.org#931214,"Singguliang Lubuk Alung, LUBUK ALUNG, PADANG PARIAMAN, SUMATERA BARAT",4,9,124,133
https://kawalpemilu.org#931214,"Singguliang Lubuk Alung, LUBUK ALUNG, PADANG PARIAMAN, SUMATERA BARAT",5,8,159,167
https://kawalpemilu.org#931214,"Singguliang Lubuk Alung, LUBUK ALUNG, PADANG PARIAMAN, SUMATERA BARAT",6,29,175,204
https://kawalpemilu.org#931214,"Singguliang Lubuk Alung, LUBUK ALUNG, PADANG PARIAMAN, SUMATERA BARAT",7,18,203,221
https://kawalpemilu.org#931214,"Singguliang Lubuk Alung, LUBUK ALUNG, PADANG PARIAMAN, SUMATERA BARAT",8,45,159,204
https://kawalpemilu.org#931215,"Salibutan Lubuk Alung, LUBUK ALUNG, PADANG PARIAMAN, SUMATERA BARAT",1,17,153,170
https://kawalpemilu.org#931215,"Salibutan Lubuk Alung, LUBUK ALUNG, PADANG PARIAMAN, SUMATERA BARAT",2,8,115,123
https://kawalpemilu.org#931215,"Salibutan Lubuk Alung, LUBUK ALUNG, PADANG PARIAMAN, SUMATERA BARAT",3,8,174,182
https://kawalpemilu.org#931215,"Salibutan Lubuk Alung, LUBUK ALUNG, PADANG PARIAMAN, SUMATERA BARAT",4,15,166,181
https://kawalpemilu.org#931216,"Balah Hilia Lubuk Alung, LUBUK ALUNG, PADANG PARIAMAN, SUMATERA BARAT",1,43,137,180
https://kawalpemilu.org#931216,"Balah Hilia Lubuk Alung, LUBUK ALUNG, PADANG PARIAMAN, SUMATERA BARAT",2,25,188,213
https://kawalpemilu.org#931216,"Balah Hilia Lubuk Alung, LUBUK ALUNG, PADANG PARIAMAN, SUMATERA BARAT",3,39,176,215
https://kawalpemilu.org#931216,"Balah Hilia Lubuk Alung, LUBUK ALUNG, PADANG PARIAMAN, SUMATERA BARAT",4,10,108,118
https://kawalpemilu.org#931216,"Balah Hilia Lubuk Alung, LUBUK ALUNG, PADANG PARIAMAN, SUMATERA BARAT",5,33,191,224
https://kawalpemilu.org#931216,"Balah Hilia Lubuk Alung, LUBUK ALUNG, PADANG PARIAMAN, SUMATERA BARAT",6,22,201,223
https://kawalpemilu.org#931216,"Balah Hilia Lubuk Alung, LUBUK ALUNG, PADANG PARIAMAN, SUMATERA BARAT",7,35,184,219
https://kawalpemilu.org#931216,"Balah Hilia Lubuk Alung, LUBUK ALUNG, PADANG PARIAMAN, SUMATERA BARAT",8,11,143,154
https://kawalpemilu.org#931216,"Balah Hilia Lubuk Alung, LUBUK ALUNG, PADANG PARIAMAN, SUMATERA BARAT",9,12,156,168
https://kawalpemilu.org#931216,"Balah Hilia Lubuk Alung, LUBUK ALUNG, PADANG PARIAMAN, SUMATERA BARAT",10,25,168,193
https://kawalpemilu.org#931216,"Balah Hilia Lubuk Alung, LUBUK ALUNG, PADANG PARIAMAN, SUMATERA BARAT",11,10,106,116
https://kawalpemilu.org#931216,"Balah Hilia Lubuk Alung, LUBUK ALUNG, PADANG PARIAMAN, SUMATERA BARAT",12,12,114,126
https://kawalpemilu.org#931216,"Balah Hilia Lubuk Alung, LUBUK ALUNG, PADANG PARIAMAN, SUMATERA BARAT",13,16,108,124
https://kawalpemilu.org#931216,"Balah Hilia Lubuk Alung, LUBUK ALUNG, PADANG PARIAMAN, SUMATERA BARAT",14,18,126,144
https://kawalpemilu.org#931216,"Balah Hilia Lubuk Alung, LUBUK ALUNG, PADANG PARIAMAN, SUMATERA BARAT",15,8,121,129
https://kawalpemilu.org#931216,"Balah Hilia Lubuk Alung, LUBUK ALUNG, PADANG PARIAMAN, SUMATERA BARAT",16,15,139,154
https://kawalpemilu.org#931216,"Balah Hilia Lubuk Alung, LUBUK ALUNG, PADANG PARIAMAN, SUMATERA BARAT",17,7,115,122
https://kawalpemilu.org#931216,"Balah Hilia Lubuk Alung, LUBUK ALUNG, PADANG PARIAMAN, SUMATERA BARAT",18,8,158,166
https://kawalpemilu.org#931216,"Balah Hilia Lubuk Alung, LUBUK ALUNG, PADANG PARIAMAN, SUMATERA BARAT",19,8,117,125
https://kawalpemilu.org#931216,"Balah Hilia Lubuk Alung, LUBUK ALUNG, PADANG PARIAMAN, SUMATERA BARAT",20,11,161,172
https://kawalpemilu.org#931216,"Balah Hilia Lubuk Alung, LUBUK ALUNG, PADANG PARIAMAN, SUMATERA BARAT",21,27,152,179
https://kawalpemilu.org#931216,"Balah Hilia Lubuk Alung, LUBUK ALUNG, PADANG PARIAMAN, SUMATERA BARAT",22,15,155,170
https://kawalpemilu.org#931216,"Balah Hilia Lubuk Alung, LUBUK ALUNG, PADANG PARIAMAN, SUMATERA BARAT",23,12,149,161
https://kawalpemilu.org#931216,"Balah Hilia Lubuk Alung, LUBUK ALUNG, PADANG PARIAMAN, SUMATERA BARAT",24,4,192,196
https://kawalpemilu.org#931216,"Balah Hilia Lubuk Alung, LUBUK ALUNG, PADANG PARIAMAN, SUMATERA BARAT",25,18,173,191
https://kawalpemilu.org#931216,"Balah Hilia Lubuk Alung, LUBUK ALUNG, PADANG PARIAMAN, SUMATERA BARAT",26,17,168,185
https://kawalpemilu.org#931216,"Balah Hilia Lubuk Alung, LUBUK ALUNG, PADANG PARIAMAN, SUMATERA BARAT",27,20,164,184
https://kawalpemilu.org#931216,"Balah Hilia Lubuk Alung, LUBUK ALUNG, PADANG PARIAMAN, SUMATERA BARAT",28,22,137,159
https://kawalpemilu.org#931216,"Balah Hilia Lubuk Alung, LUBUK ALUNG, PADANG PARIAMAN, SUMATERA BARAT",29,19,171,190
https://kawalpemilu.org#13257,"KATAPIANG, BATANG ANAI, PADANG PARIAMAN, SUMATERA BARAT",1,12,159,171
https://kawalpemilu.org#13257,"KATAPIANG, BATANG ANAI, PADANG PARIAMAN, SUMATERA BARAT",2,5,127,132
https://kawalpemilu.org#13257,"KATAPIANG, BATANG ANAI, PADANG PARIAMAN, SUMATERA BARAT",3,20,188,208
https://kawalpemilu.org#13257,"KATAPIANG, BATANG ANAI, PADANG PARIAMAN, SUMATERA BARAT",4,6,177,185
https://kawalpemilu.org#13257,"KATAPIANG, BATANG ANAI, PADANG PARIAMAN, SUMATERA BARAT",5,11,182,193
https://kawalpemilu.org#13257,"KATAPIANG, BATANG ANAI, PADANG PARIAMAN, SUMATERA BARAT",6,15,120,135
https://kawalpemilu.org#13257,"KATAPIANG, BATANG ANAI, PADANG PARIAMAN, SUMATERA BARAT",7,9,185,194
https://kawalpemilu.org#13257,"KATAPIANG, BATANG ANAI, PADANG PARIAMAN, SUMATERA BARAT",8,10,158,168
https://kawalpemilu.org#13257,"KATAPIANG, BATANG ANAI, PADANG PARIAMAN, SUMATERA BARAT",9,14,184,198
https://kawalpemilu.org#13257,"KATAPIANG, BATANG ANAI, PADANG PARIAMAN, SUMATERA BARAT",10,7,113,120
https://kawalpemilu.org#13257,"KATAPIANG, BATANG ANAI, PADANG PARIAMAN, SUMATERA BARAT",11,7,144,151
https://kawalpemilu.org#13257,"KATAPIANG, BATANG ANAI, PADANG PARIAMAN, SUMATERA BARAT",12,15,173,188
https://kawalpemilu.org#13257,"KATAPIANG, BATANG ANAI, PADANG PARIAMAN, SUMATERA BARAT",13,15,164,179
https://kawalpemilu.org#13257,"KATAPIANG, BATANG ANAI, PADANG PARIAMAN, SUMATERA BARAT",14,20,140,160
https://kawalpemilu.org#13257,"KATAPIANG, BATANG ANAI, PADANG PARIAMAN, SUMATERA BARAT",15,20,177,197
https://kawalpemilu.org#13257,"KATAPIANG, BATANG ANAI, PADANG PARIAMAN, SUMATERA BARAT",16,32,153,185
https://kawalpemilu.org#13257,"KATAPIANG, BATANG ANAI, PADANG PARIAMAN, SUMATERA BARAT",17,13,203,216
https://kawalpemilu.org#13257,"KATAPIANG, BATANG ANAI, PADANG PARIAMAN, SUMATERA BARAT",18,6,154,160
https://kawalpemilu.org#13257,"KATAPIANG, BATANG ANAI, PADANG PARIAMAN, SUMATERA BARAT",19,21,169,190
https://kawalpemilu.org#13257,"KATAPIANG, BATANG ANAI, PADANG PARIAMAN, SUMATERA BARAT",20,17,180,197
https://kawalpemilu.org#13257,"KATAPIANG, BATANG ANAI, PADANG PARIAMAN, SUMATERA BARAT",21,100,77,177
https://kawalpemilu.org#13257,"KATAPIANG, BATANG ANAI, PADANG PARIAMAN, SUMATERA BARAT",22,14,141,155
https://kawalpemilu.org#13257,"KATAPIANG, BATANG ANAI, PADANG PARIAMAN, SUMATERA BARAT",23,11,173,184
https://kawalpemilu.org#13257,"KATAPIANG, BATANG ANAI, PADANG PARIAMAN, SUMATERA BARAT",24,18,179,197
https://kawalpemilu.org#13257,"KATAPIANG, BATANG ANAI, PADANG PARIAMAN, SUMATERA BARAT",25,16,205,221
https://kawalpemilu.org#13257,"KATAPIANG, BATANG ANAI, PADANG PARIAMAN, SUMATERA BARAT",26,10,154,164
https://kawalpemilu.org#13257,"KATAPIANG, BATANG ANAI, PADANG PARIAMAN, SUMATERA BARAT",27,7,158,165
https://kawalpemilu.org#13257,"KATAPIANG, BATANG ANAI, PADANG PARIAMAN, SUMATERA BARAT",28,8,147,155
https://kawalpemilu.org#13257,"KATAPIANG, BATANG ANAI, PADANG PARIAMAN, SUMATERA BARAT",29,4,104,108
https://kawalpemilu.org#13257,"KATAPIANG, BATANG ANAI, PADANG PARIAMAN, SUMATERA BARAT",30,12,178,190
https://kawalpemilu.org#13257,"KATAPIANG, BATANG ANAI, PADANG PARIAMAN, SUMATERA BARAT",31,8,173,181
https://kawalpemilu.org#13257,"KATAPIANG, BATANG ANAI, PADANG PARIAMAN, SUMATERA BARAT",32,4,198,202
https://kawalpemilu.org#13257,"KATAPIANG, BATANG ANAI, PADANG PARIAMAN, SUMATERA BARAT",33,23,199,222
https://kawalpemilu.org#13257,"KATAPIANG, BATANG ANAI, PADANG PARIAMAN, SUMATERA BARAT",34,24,168,192
https://kawalpemilu.org#13257,"KATAPIANG, BATANG ANAI, PADANG PARIAMAN, SUMATERA BARAT",35,24,166,190
https://kawalpemilu.org#13257,"KATAPIANG, BATANG ANAI, PADANG PARIAMAN, SUMATERA BARAT",36,34,105,139
https://kawalpemilu.org#13257,"KATAPIANG, BATANG ANAI, PADANG PARIAMAN, SUMATERA BARAT",37,31,175,206
https://kawalpemilu.org#13257,"KATAPIANG, BATANG ANAI, PADANG PARIAMAN, SUMATERA BARAT",38,15,156,171
https://kawalpemilu.org#13257,"KATAPIANG, BATANG ANAI, PADANG PARIAMAN, SUMATERA BARAT",39,19,168,187
https://kawalpemilu.org#13257,"KATAPIANG, BATANG ANAI, PADANG PARIAMAN, SUMATERA BARAT",40,6,213,219
https://kawalpemilu.org#13258,"KASANG, BATANG ANAI, PADANG PARIAMAN, SUMATERA BARAT",1,20,123,143
https://kawalpemilu.org#13258,"KASANG, BATANG ANAI, PADANG PARIAMAN, SUMATERA BARAT",2,34,171,205
https://kawalpemilu.org#13258,"KASANG, BATANG ANAI, PADANG PARIAMAN, SUMATERA BARAT",3,22,167,189
https://kawalpemilu.org#13258,"KASANG, BATANG ANAI, PADANG PARIAMAN, SUMATERA BARAT",4,16,163,179
https://kawalpemilu.org#13258,"KASANG, BATANG ANAI, PADANG PARIAMAN, SUMATERA BARAT",5,27,153,180
https://kawalpemilu.org#13258,"KASANG, BATANG ANAI, PADANG PARIAMAN, SUMATERA BARAT",6,26,185,211
https://kawalpemilu.org#13258,"KASANG, BATANG ANAI, PADANG PARIAMAN, SUMATERA BARAT",7,16,169,185
https://kawalpemilu.org#13258,"KASANG, BATANG ANAI, PADANG PARIAMAN, SUMATERA BARAT",8,28,158,186
https://kawalpemilu.org#13258,"KASANG, BATANG ANAI, PADANG PARIAMAN, SUMATERA BARAT",9,8,226,234
https://kawalpemilu.org#13258,"KASANG, BATANG ANAI, PADANG PARIAMAN, SUMATERA BARAT",10,24,156,180
https://kawalpemilu.org#13258,"KASANG, BATANG ANAI, PADANG PARIAMAN, SUMATERA BARAT",11,6,186,192
https://kawalpemilu.org#13258,"KASANG, BATANG ANAI, PADANG PARIAMAN, SUMATERA BARAT",12,4,187,191
https://kawalpemilu.org#13258,"KASANG, BATANG ANAI, PADANG PARIAMAN, SUMATERA BARAT",13,15,143,158
https://kawalpemilu.org#13258,"KASANG, BATANG ANAI, PADANG PARIAMAN, SUMATERA BARAT",14,23,181,204
https://kawalpemilu.org#13258,"KASANG, BATANG ANAI, PADANG PARIAMAN, SUMATERA BARAT",15,20,149,169
https://kawalpemilu.org#13258,"KASANG, BATANG ANAI, PADANG PARIAMAN, SUMATERA BARAT",16,14,181,195
https://kawalpemilu.org#13258,"KASANG, BATANG ANAI, PADANG PARIAMAN, SUMATERA BARAT",17,19,137,156
https://kawalpemilu.org#13258,"KASANG, BATANG ANAI, PADANG PARIAMAN, SUMATERA BARAT",18,10,182,192
https://kawalpemilu.org#13258,"KASANG, BATANG ANAI, PADANG PARIAMAN, SUMATERA BARAT",19,4,150,154
https://kawalpemilu.org#13258,"KASANG, BATANG ANAI, PADANG PARIAMAN, SUMATERA BARAT",20,11,152,163
https://kawalpemilu.org#13258,"KASANG, BATANG ANAI, PADANG PARIAMAN, SUMATERA BARAT",21,25,205,230
https://kawalpemilu.org#13258,"KASANG, BATANG ANAI, PADANG PARIAMAN, SUMATERA BARAT",22,20,197,217
https://kawalpemilu.org#13258,"KASANG, BATANG ANAI, PADANG PARIAMAN, SUMATERA BARAT",23,19,192,211
https://kawalpemilu.org#13258,"KASANG, BATANG ANAI, PADANG PARIAMAN, SUMATERA BARAT",24,9,166,175
https://kawalpemilu.org#13258,"KASANG, BATANG ANAI, PADANG PARIAMAN, SUMATERA BARAT",25,3,237,240
https://kawalpemilu.org#13258,"KASANG, BATANG ANAI, PADANG PARIAMAN, SUMATERA BARAT",26,6,168,174
https://kawalpemilu.org#13258,"KASANG, BATANG ANAI, PADANG PARIAMAN, SUMATERA BARAT",27,13,178,191
https://kawalpemilu.org#13258,"KASANG, BATANG ANAI, PADANG PARIAMAN, SUMATERA BARAT",28,27,173,200
https://kawalpemilu.org#13258,"KASANG, BATANG ANAI, PADANG PARIAMAN, SUMATERA BARAT",30,19,152,171
https://kawalpemilu.org#13258,"KASANG, BATANG ANAI, PADANG PARIAMAN, SUMATERA BARAT",31,14,140,154
https://kawalpemilu.org#13258,"KASANG, BATANG ANAI, PADANG PARIAMAN, SUMATERA BARAT",32,14,152,166
https://kawalpemilu.org#13258,"KASANG, BATANG ANAI, PADANG PARIAMAN, SUMATERA BARAT",33,6,171,177
https://kawalpemilu.org#13258,"KASANG, BATANG ANAI, PADANG PARIAMAN, SUMATERA BARAT",34,20,168,188
https://kawalpemilu.org#13258,"KASANG, BATANG ANAI, PADANG PARIAMAN, SUMATERA BARAT",35,26,142,168
https://kawalpemilu.org#13258,"KASANG, BATANG ANAI, PADANG PARIAMAN, SUMATERA BARAT",36,25,171,196
https://kawalpemilu.org#13258,"KASANG, BATANG ANAI, PADANG PARIAMAN, SUMATERA BARAT",37,29,172,201
https://kawalpemilu.org#13258,"KASANG, BATANG ANAI, PADANG PARIAMAN, SUMATERA BARAT",38,0,128,128
https://kawalpemilu.org#13258,"KASANG, BATANG ANAI, PADANG PARIAMAN, SUMATERA BARAT",39,6,165,171
https://kawalpemilu.org#13258,"KASANG, BATANG ANAI, PADANG PARIAMAN, SUMATERA BARAT",40,11,154,165
https://kawalpemilu.org#13258,"KASANG, BATANG ANAI, PADANG PARIAMAN, SUMATERA BARAT",41,8,148,156
https://kawalpemilu.org#13258,"KASANG, BATANG ANAI, PADANG PARIAMAN, SUMATERA BARAT",42,17,160,177
https://kawalpemilu.org#13259,"SUNGAI BULUAH, BATANG ANAI, PADANG PARIAMAN, SUMATERA BARAT",1,34,176,210
https://kawalpemilu.org#13259,"SUNGAI BULUAH, BATANG ANAI, PADANG PARIAMAN, SUMATERA BARAT",2,25,198,223
https://kawalpemilu.org#13259,"SUNGAI BULUAH, BATANG ANAI, PADANG PARIAMAN, SUMATERA BARAT",3,16,185,201
https://kawalpemilu.org#13259,"SUNGAI BULUAH, BATANG ANAI, PADANG PARIAMAN, SUMATERA BARAT",4,34,193,227
https://kawalpemilu.org#13259,"SUNGAI BULUAH, BATANG ANAI, PADANG PARIAMAN, SUMATERA BARAT",5,14,137,151
https://kawalpemilu.org#13259,"SUNGAI BULUAH, BATANG ANAI, PADANG PARIAMAN, SUMATERA BARAT",6,21,146,167
https://kawalpemilu.org#13259,"SUNGAI BULUAH, BATANG ANAI, PADANG PARIAMAN, SUMATERA BARAT",7,13,173,186
https://kawalpemilu.org#87287,"BUAYAN LUBUK ALUNG, BATANG ANAI, PADANG PARIAMAN, SUMATERA BARAT",1,11,162,173
https://kawalpemilu.org#87287,"BUAYAN LUBUK ALUNG, BATANG ANAI, PADANG PARIAMAN, SUMATERA BARAT",2,11,148,159
https://kawalpemilu.org#87287,"BUAYAN LUBUK ALUNG, BATANG ANAI, PADANG PARIAMAN, SUMATERA BARAT",3,22,120,142
https://kawalpemilu.org#87287,"BUAYAN LUBUK ALUNG, BATANG ANAI, PADANG PARIAMAN, SUMATERA BARAT",4,11,159,170
https://kawalpemilu.org#87287,"BUAYAN LUBUK ALUNG, BATANG ANAI, PADANG PARIAMAN, SUMATERA BARAT",5,11,166,177
https://kawalpemilu.org#87287,"BUAYAN LUBUK ALUNG, BATANG ANAI, PADANG PARIAMAN, SUMATERA BARAT",6,12,160,172
https://kawalpemilu.org#87287,"BUAYAN LUBUK ALUNG, BATANG ANAI, PADANG PARIAMAN, SUMATERA BARAT",7,17,165,182
https://kawalpemilu.org#87287,"BUAYAN LUBUK ALUNG, BATANG ANAI, PADANG PARIAMAN, SUMATERA BARAT",8,12,204,216
https://kawalpemilu.org#87287,"BUAYAN LUBUK ALUNG, BATANG ANAI, PADANG PARIAMAN, SUMATERA BARAT",9,8,139,147
https://kawalpemilu.org#87287,"BUAYAN LUBUK ALUNG, BATANG ANAI, PADANG PARIAMAN, SUMATERA BARAT",10,19,121,140
https://kawalpemilu.org#87287,"BUAYAN LUBUK ALUNG, BATANG ANAI, PADANG PARIAMAN, SUMATERA BARAT",11,14,137,151
https://kawalpemilu.org#87287,"BUAYAN LUBUK ALUNG, BATANG ANAI, PADANG PARIAMAN, SUMATERA BARAT",12,20,160,180
https://kawalpemilu.org#931217,"Sungai Buluah Timur, BATANG ANAI, PADANG PARIAMAN, SUMATERA BARAT",1,2,143,145
https://kawalpemilu.org#931217,"Sungai Buluah Timur, BATANG ANAI, PADANG PARIAMAN, SUMATERA BARAT",2,1,168,169
https://kawalpemilu.org#931217,"Sungai Buluah Timur, BATANG ANAI, PADANG PARIAMAN, SUMATERA BARAT",3,13,111,124
https://kawalpemilu.org#931217,"Sungai Buluah Timur, BATANG ANAI, PADANG PARIAMAN, SUMATERA BARAT",4,12,182,194
https://kawalpemilu.org#931217,"Sungai Buluah Timur, BATANG ANAI, PADANG PARIAMAN, SUMATERA BARAT",5,5,120,125
https://kawalpemilu.org#931217,"Sungai Buluah Timur, BATANG ANAI, PADANG PARIAMAN, SUMATERA BARAT",6,6,100,106
https://kawalpemilu.org#931217,"Sungai Buluah Timur, BATANG ANAI, PADANG PARIAMAN, SUMATERA BARAT",7,7,119,126
https://kawalpemilu.org#931217,"Sungai Buluah Timur, BATANG ANAI, PADANG PARIAMAN, SUMATERA BARAT",8,12,182,194
https://kawalpemilu.org#931218,"Sungai Buluah Barat, BATANG ANAI, PADANG PARIAMAN, SUMATERA BARAT",1,8,141,149
https://kawalpemilu.org#931218,"Sungai Buluah Barat, BATANG ANAI, PADANG PARIAMAN, SUMATERA BARAT",2,13,210,223
https://kawalpemilu.org#931218,"Sungai Buluah Barat, BATANG ANAI, PADANG PARIAMAN, SUMATERA BARAT",3,21,168,189
https://kawalpemilu.org#931218,"Sungai Buluah Barat, BATANG ANAI, PADANG PARIAMAN, SUMATERA BARAT",5,45,84,129
https://kawalpemilu.org#931218,"Sungai Buluah Barat, BATANG ANAI, PADANG PARIAMAN, SUMATERA BARAT",6,17,187,204
https://kawalpemilu.org#931218,"Sungai Buluah Barat, BATANG ANAI, PADANG PARIAMAN, SUMATERA BARAT",7,15,164,179
https://kawalpemilu.org#931218,"Sungai Buluah Barat, BATANG ANAI, PADANG PARIAMAN, SUMATERA BARAT",8,14,151,165
https://kawalpemilu.org#931218,"Sungai Buluah Barat, BATANG ANAI, PADANG PARIAMAN, SUMATERA BARAT",9,9,194,203
https://kawalpemilu.org#931218,"Sungai Buluah Barat, BATANG ANAI, PADANG PARIAMAN, SUMATERA BARAT",10,20,163,183
https://kawalpemilu.org#931218,"Sungai Buluah Barat, BATANG ANAI, PADANG PARIAMAN, SUMATERA BARAT",11,96,94,190
https://kawalpemilu.org#931218,"Sungai Buluah Barat, BATANG ANAI, PADANG PARIAMAN, SUMATERA BARAT",12,114,90,204
https://kawalpemilu.org#931218,"Sungai Buluah Barat, BATANG ANAI, PADANG PARIAMAN, SUMATERA BARAT",13,105,84,189
https://kawalpemilu.org#931218,"Sungai Buluah Barat, BATANG ANAI, PADANG PARIAMAN, SUMATERA BARAT",14,19,194,213
https://kawalpemilu.org#931219,"Sungai Buluah Utara, BATANG ANAI, PADANG PARIAMAN, SUMATERA BARAT",1,8,141,149
https://kawalpemilu.org#931219,"Sungai Buluah Utara, BATANG ANAI, PADANG PARIAMAN, SUMATERA BARAT",2,12,203,215
https://kawalpemilu.org#931219,"Sungai Buluah Utara, BATANG ANAI, PADANG PARIAMAN, SUMATERA BARAT",3,12,129,141
https://kawalpemilu.org#931219,"Sungai Buluah Utara, BATANG ANAI, PADANG PARIAMAN, SUMATERA BARAT",4,2,59,61
https://kawalpemilu.org#931219,"Sungai Buluah Utara, BATANG ANAI, PADANG PARIAMAN, SUMATERA BARAT",5,14,174,188
https://kawalpemilu.org#931219,"Sungai Buluah Utara, BATANG ANAI, PADANG PARIAMAN, SUMATERA BARAT",6,15,138,153
https://kawalpemilu.org#931220,"Sungai Buluah Selatan, BATANG ANAI, PADANG PARIAMAN, SUMATERA BARAT",1,29,128,157
https://kawalpemilu.org#931220,"Sungai Buluah Selatan, BATANG ANAI, PADANG PARIAMAN, SUMATERA BARAT",2,36,181,217
https://kawalpemilu.org#931220,"Sungai Buluah Selatan, BATANG ANAI, PADANG PARIAMAN, SUMATERA BARAT",3,21,151,172
https://kawalpemilu.org#931220,"Sungai Buluah Selatan, BATANG ANAI, PADANG PARIAMAN, SUMATERA BARAT",4,20,181,201
https://kawalpemilu.org#931220,"Sungai Buluah Selatan, BATANG ANAI, PADANG PARIAMAN, SUMATERA BARAT",5,9,143,152
https://kawalpemilu.org#931220,"Sungai Buluah Selatan, BATANG ANAI, PADANG PARIAMAN, SUMATERA BARAT",6,13,159,172
https://kawalpemilu.org#931220,"Sungai Buluah Selatan, BATANG ANAI, PADANG PARIAMAN, SUMATERA BARAT",7,28,184,212
https://kawalpemilu.org#931220,"Sungai Buluah Selatan, BATANG ANAI, PADANG PARIAMAN, SUMATERA BARAT",8,24,173,197
https://kawalpemilu.org#931220,"Sungai Buluah Selatan, BATANG ANAI, PADANG PARIAMAN, SUMATERA BARAT",9,27,227,254
https://kawalpemilu.org#931220,"Sungai Buluah Selatan, BATANG ANAI, PADANG PARIAMAN, SUMATERA BARAT",10,24,109,133
https://kawalpemilu.org#931220,"Sungai Buluah Selatan, BATANG ANAI, PADANG PARIAMAN, SUMATERA BARAT",11,20,125,145
https://kawalpemilu.org#931220,"Sungai Buluah Selatan, BATANG ANAI, PADANG PARIAMAN, SUMATERA BARAT",12,6,140,146
https://kawalpemilu.org#931220,"Sungai Buluah Selatan, BATANG ANAI, PADANG PARIAMAN, SUMATERA BARAT",13,8,144,152
https://kawalpemilu.org#931220,"Sungai Buluah Selatan, BATANG ANAI, PADANG PARIAMAN, SUMATERA BARAT",14,36,182,218
https://kawalpemilu.org#13261,"KAPALO KOTO, NAN SABARIS, PADANG PARIAMAN, SUMATERA BARAT",1,8,193,201
https://kawalpemilu.org#13261,"KAPALO KOTO, NAN SABARIS, PADANG PARIAMAN, SUMATERA BARAT",2,6,74,80
https://kawalpemilu.org#13261,"KAPALO KOTO, NAN SABARIS, PADANG PARIAMAN, SUMATERA BARAT",3,13,130,143
https://kawalpemilu.org#13261,"KAPALO KOTO, NAN SABARIS, PADANG PARIAMAN, SUMATERA BARAT",4,18,160,178
https://kawalpemilu.org#13261,"KAPALO KOTO, NAN SABARIS, PADANG PARIAMAN, SUMATERA BARAT",5,13,77,90
https://kawalpemilu.org#13261,"KAPALO KOTO, NAN SABARIS, PADANG PARIAMAN, SUMATERA BARAT",6,12,127,139
https://kawalpemilu.org#13262,"PAUH KAMBAR, NAN SABARIS, PADANG PARIAMAN, SUMATERA BARAT",1,1,127,128
https://kawalpemilu.org#13262,"PAUH KAMBAR, NAN SABARIS, PADANG PARIAMAN, SUMATERA BARAT",2,10,169,179
https://kawalpemilu.org#13262,"PAUH KAMBAR, NAN SABARIS, PADANG PARIAMAN, SUMATERA BARAT",3,6,163,169
https://kawalpemilu.org#13262,"PAUH KAMBAR, NAN SABARIS, PADANG PARIAMAN, SUMATERA BARAT",4,15,132,147
https://kawalpemilu.org#13262,"PAUH KAMBAR, NAN SABARIS, PADANG PARIAMAN, SUMATERA BARAT",5,15,155,170
https://kawalpemilu.org#13262,"PAUH KAMBAR, NAN SABARIS, PADANG PARIAMAN, SUMATERA BARAT",6,13,163,176
https://kawalpemilu.org#13262,"PAUH KAMBAR, NAN SABARIS, PADANG PARIAMAN, SUMATERA BARAT",7,22,168,190
https://kawalpemilu.org#13262,"PAUH KAMBAR, NAN SABARIS, PADANG PARIAMAN, SUMATERA BARAT",8,5,114,119
https://kawalpemilu.org#13262,"PAUH KAMBAR, NAN SABARIS, PADANG PARIAMAN, SUMATERA BARAT",9,4,128,132
https://kawalpemilu.org#13262,"PAUH KAMBAR, NAN SABARIS, PADANG PARIAMAN, SUMATERA BARAT",10,4,110,114
https://kawalpemilu.org#13262,"PAUH KAMBAR, NAN SABARIS, PADANG PARIAMAN, SUMATERA BARAT",11,10,113,123
https://kawalpemilu.org#13262,"PAUH KAMBAR, NAN SABARIS, PADANG PARIAMAN, SUMATERA BARAT",12,9,145,154
https://kawalpemilu.org#13262,"PAUH KAMBAR, NAN SABARIS, PADANG PARIAMAN, SUMATERA BARAT",13,6,130,136
https://kawalpemilu.org#13262,"PAUH KAMBAR, NAN SABARIS, PADANG PARIAMAN, SUMATERA BARAT",14,4,125,129
https://kawalpemilu.org#13262,"PAUH KAMBAR, NAN SABARIS, PADANG PARIAMAN, SUMATERA BARAT",15,11,173,184
https://kawalpemilu.org#13262,"PAUH KAMBAR, NAN SABARIS, PADANG PARIAMAN, SUMATERA BARAT",16,17,134,151
https://kawalpemilu.org#13262,"PAUH KAMBAR, NAN SABARIS, PADANG PARIAMAN, SUMATERA BARAT",17,11,167,178
https://kawalpemilu.org#13262,"PAUH KAMBAR, NAN SABARIS, PADANG PARIAMAN, SUMATERA BARAT",18,14,143,157
https://kawalpemilu.org#13262,"PAUH KAMBAR, NAN SABARIS, PADANG PARIAMAN, SUMATERA BARAT",19,12,154,166
https://kawalpemilu.org#13262,"PAUH KAMBAR, NAN SABARIS, PADANG PARIAMAN, SUMATERA BARAT",20,18,107,125
https://kawalpemilu.org#13262,"PAUH KAMBAR, NAN SABARIS, PADANG PARIAMAN, SUMATERA BARAT",21,8,100,108
https://kawalpemilu.org#13262,"PAUH KAMBAR, NAN SABARIS, PADANG PARIAMAN, SUMATERA BARAT",22,7,120,127
https://kawalpemilu.org#13262,"PAUH KAMBAR, NAN SABARIS, PADANG PARIAMAN, SUMATERA BARAT",23,4,133,137
https://kawalpemilu.org#13263,"PADANG BINTUNGAN, NAN SABARIS, PADANG PARIAMAN, SUMATERA BARAT",1,9,170,179
https://kawalpemilu.org#13263,"PADANG BINTUNGAN, NAN SABARIS, PADANG PARIAMAN, SUMATERA BARAT",2,5,131,136
https://kawalpemilu.org#13263,"PADANG BINTUNGAN, NAN SABARIS, PADANG PARIAMAN, SUMATERA BARAT",3,10,152,162
https://kawalpemilu.org#13263,"PADANG BINTUNGAN, NAN SABARIS, PADANG PARIAMAN, SUMATERA BARAT",4,4,179,183
https://kawalpemilu.org#13263,"PADANG BINTUNGAN, NAN SABARIS, PADANG PARIAMAN, SUMATERA BARAT",5,11,156,167
https://kawalpemilu.org#13263,"PADANG BINTUNGAN, NAN SABARIS, PADANG PARIAMAN, SUMATERA BARAT",6,8,155,163
https://kawalpemilu.org#13263,"PADANG BINTUNGAN, NAN SABARIS, PADANG PARIAMAN, SUMATERA BARAT",7,7,175,182
https://kawalpemilu.org#13263,"PADANG BINTUNGAN, NAN SABARIS, PADANG PARIAMAN, SUMATERA BARAT",8,7,169,176
https://kawalpemilu.org#13264,"KURAI TAJI, NAN SABARIS, PADANG PARIAMAN, SUMATERA BARAT",1,15,175,190
https://kawalpemilu.org#13264,"KURAI TAJI, NAN SABARIS, PADANG PARIAMAN, SUMATERA BARAT",2,5,139,144
https://kawalpemilu.org#13264,"KURAI TAJI, NAN SABARIS, PADANG PARIAMAN, SUMATERA BARAT",3,10,157,167
https://kawalpemilu.org#13264,"KURAI TAJI, NAN SABARIS, PADANG PARIAMAN, SUMATERA BARAT",4,8,136,144
https://kawalpemilu.org#13264,"KURAI TAJI, NAN SABARIS, PADANG PARIAMAN, SUMATERA BARAT",5,9,151,160
https://kawalpemilu.org#13264,"KURAI TAJI, NAN SABARIS, PADANG PARIAMAN, SUMATERA BARAT",6,19,167,186
https://kawalpemilu.org#13264,"KURAI TAJI, NAN SABARIS, PADANG PARIAMAN, SUMATERA BARAT",7,6,165,171
https://kawalpemilu.org#13264,"KURAI TAJI, NAN SABARIS, PADANG PARIAMAN, SUMATERA BARAT",8,5,196,201
https://kawalpemilu.org#13264,"KURAI TAJI, NAN SABARIS, PADANG PARIAMAN, SUMATERA BARAT",9,10,173,183
https://kawalpemilu.org#13264,"KURAI TAJI, NAN SABARIS, PADANG PARIAMAN, SUMATERA BARAT",10,11,186,197
https://kawalpemilu.org#13264,"KURAI TAJI, NAN SABARIS, PADANG PARIAMAN, SUMATERA BARAT",11,8,117,125
https://kawalpemilu.org#13264,"KURAI TAJI, NAN SABARIS, PADANG PARIAMAN, SUMATERA BARAT",12,6,168,174
https://kawalpemilu.org#13264,"KURAI TAJI, NAN SABARIS, PADANG PARIAMAN, SUMATERA BARAT",13,10,125,135
https://kawalpemilu.org#13264,"KURAI TAJI, NAN SABARIS, PADANG PARIAMAN, SUMATERA BARAT",14,13,144,157
https://kawalpemilu.org#13264,"KURAI TAJI, NAN SABARIS, PADANG PARIAMAN, SUMATERA BARAT",15,8,158,166
https://kawalpemilu.org#13264,"KURAI TAJI, NAN SABARIS, PADANG PARIAMAN, SUMATERA BARAT",16,6,100,106
https://kawalpemilu.org#13264,"KURAI TAJI, NAN SABARIS, PADANG PARIAMAN, SUMATERA BARAT",17,6,134,140
https://kawalpemilu.org#13264,"KURAI TAJI, NAN SABARIS, PADANG PARIAMAN, SUMATERA BARAT",18,4,183,187
https://kawalpemilu.org#13264,"KURAI TAJI, NAN SABARIS, PADANG PARIAMAN, SUMATERA BARAT",19,16,185,201
https://kawalpemilu.org#13264,"KURAI TAJI, NAN SABARIS, PADANG PARIAMAN, SUMATERA BARAT",20,9,123,132
https://kawalpemilu.org#13264,"KURAI TAJI, NAN SABARIS, PADANG PARIAMAN, SUMATERA BARAT",21,16,138,154
https://kawalpemilu.org#13264,"KURAI TAJI, NAN SABARIS, PADANG PARIAMAN, SUMATERA BARAT",22,6,153,159
https://kawalpemilu.org#13264,"KURAI TAJI, NAN SABARIS, PADANG PARIAMAN, SUMATERA BARAT",23,16,157,173
https://kawalpemilu.org#13265,"SUNUA, NAN SABARIS, PADANG PARIAMAN, SUMATERA BARAT",1,11,173,184
https://kawalpemilu.org#13265,"SUNUA, NAN SABARIS, PADANG PARIAMAN, SUMATERA BARAT",2,12,164,176
https://kawalpemilu.org#13265,"SUNUA, NAN SABARIS, PADANG PARIAMAN, SUMATERA BARAT",3,8,94,102
https://kawalpemilu.org#13265,"SUNUA, NAN SABARIS, PADANG PARIAMAN, SUMATERA BARAT",4,3,121,124
https://kawalpemilu.org#13265,"SUNUA, NAN SABARIS, PADANG PARIAMAN, SUMATERA BARAT",5,9,116,125
https://kawalpemilu.org#13265,"SUNUA, NAN SABARIS, PADANG PARIAMAN, SUMATERA BARAT",6,10,145,155
https://kawalpemilu.org#13265,"SUNUA, NAN SABARIS, PADANG PARIAMAN, SUMATERA BARAT",7,10,167,177
https://kawalpemilu.org#13265,"SUNUA, NAN SABARIS, PADANG PARIAMAN, SUMATERA BARAT",8,9,178,187
https://kawalpemilu.org#13265,"SUNUA, NAN SABARIS, PADANG PARIAMAN, SUMATERA BARAT",9,6,109,115
https://kawalpemilu.org#13265,"SUNUA, NAN SABARIS, PADANG PARIAMAN, SUMATERA BARAT",10,5,144,149
https://kawalpemilu.org#931253,"Sunua Tengah, NAN SABARIS, PADANG PARIAMAN, SUMATERA BARAT",1,9,193,202
https://kawalpemilu.org#931253,"Sunua Tengah, NAN SABARIS, PADANG PARIAMAN, SUMATERA BARAT",2,4,106,110
https://kawalpemilu.org#931253,"Sunua Tengah, NAN SABARIS, PADANG PARIAMAN, SUMATERA BARAT",3,5,156,161
https://kawalpemilu.org#931253,"Sunua Tengah, NAN SABARIS, PADANG PARIAMAN, SUMATERA BARAT",4,4,176,180
https://kawalpemilu.org#931253,"Sunua Tengah, NAN SABARIS, PADANG PARIAMAN, SUMATERA BARAT",5,4,99,103
https://kawalpemilu.org#931253,"Sunua Tengah, NAN SABARIS, PADANG PARIAMAN, SUMATERA BARAT",6,8,184,192
https://kawalpemilu.org#931253,"Sunua Tengah, NAN SABARIS, PADANG PARIAMAN, SUMATERA BARAT",7,2,150,152
https://kawalpemilu.org#931253,"Sunua Tengah, NAN SABARIS, PADANG PARIAMAN, SUMATERA BARAT",8,8,197,205
https://kawalpemilu.org#931254,"Sunua Barat, NAN SABARIS, PADANG PARIAMAN, SUMATERA BARAT",1,6,108,114
https://kawalpemilu.org#931254,"Sunua Barat, NAN SABARIS, PADANG PARIAMAN, SUMATERA BARAT",2,5,132,137
https://kawalpemilu.org#931254,"Sunua Barat, NAN SABARIS, PADANG PARIAMAN, SUMATERA BARAT",3,17,160,177
https://kawalpemilu.org#931254,"Sunua Barat, NAN SABARIS, PADANG PARIAMAN, SUMATERA BARAT",4,4,155,159
https://kawalpemilu.org#931254,"Sunua Barat, NAN SABARIS, PADANG PARIAMAN, SUMATERA BARAT",5,9,157,166
https://kawalpemilu.org#931254,"Sunua Barat, NAN SABARIS, PADANG PARIAMAN, SUMATERA BARAT",6,9,101,110
https://kawalpemilu.org#931254,"Sunua Barat, NAN SABARIS, PADANG PARIAMAN, SUMATERA BARAT",7,7,147,154
https://kawalpemilu.org#931254,"Sunua Barat, NAN SABARIS, PADANG PARIAMAN, SUMATERA BARAT",8,8,122,130
https://kawalpemilu.org#931255,"Kurai Taji Timur, NAN SABARIS, PADANG PARIAMAN, SUMATERA BARAT",1,13,180,193
https://kawalpemilu.org#931255,"Kurai Taji Timur, NAN SABARIS, PADANG PARIAMAN, SUMATERA BARAT",2,15,196,211
https://kawalpemilu.org#931255,"Kurai Taji Timur, NAN SABARIS, PADANG PARIAMAN, SUMATERA BARAT",3,17,166,183
https://kawalpemilu.org#931255,"Kurai Taji Timur, NAN SABARIS, PADANG PARIAMAN, SUMATERA BARAT",4,12,177,189
https://kawalpemilu.org#931255,"Kurai Taji Timur, NAN SABARIS, PADANG PARIAMAN, SUMATERA BARAT",5,14,172,186
https://kawalpemilu.org#931255,"Kurai Taji Timur, NAN SABARIS, PADANG PARIAMAN, SUMATERA BARAT",6,15,162,177
https://kawalpemilu.org#931269,"PD KANDANG PULAU AIR, NAN SABARIS, PADANG PARIAMAN, SUMATERA BARAT",1,11,109,120
https://kawalpemilu.org#931269,"PD KANDANG PULAU AIR, NAN SABARIS, PADANG PARIAMAN, SUMATERA BARAT",2,6,86,92
https://kawalpemilu.org#931269,"PD KANDANG PULAU AIR, NAN SABARIS, PADANG PARIAMAN, SUMATERA BARAT",3,16,149,165
https://kawalpemilu.org#931269,"PD KANDANG PULAU AIR, NAN SABARIS, PADANG PARIAMAN, SUMATERA BARAT",5,3,113,116
https://kawalpemilu.org#931269,"PD KANDANG PULAU AIR, NAN SABARIS, PADANG PARIAMAN, SUMATERA BARAT",6,5,149,154
https://kawalpemilu.org#13267,"KAYU TANAM, 2 X 11 KAYU TANAM, PADANG PARIAMAN, SUMATERA BARAT",1,20,176,196
https://kawalpemilu.org#13267,"KAYU TANAM, 2 X 11 KAYU TANAM, PADANG PARIAMAN, SUMATERA BARAT",2,26,181,207
https://kawalpemilu.org#13267,"KAYU TANAM, 2 X 11 KAYU TANAM, PADANG PARIAMAN, SUMATERA BARAT",3,25,170,195
https://kawalpemilu.org#13267,"KAYU TANAM, 2 X 11 KAYU TANAM, PADANG PARIAMAN, SUMATERA BARAT",4,19,180,199
https://kawalpemilu.org#13267,"KAYU TANAM, 2 X 11 KAYU TANAM, PADANG PARIAMAN, SUMATERA BARAT",5,18,147,165
https://kawalpemilu.org#13267,"KAYU TANAM, 2 X 11 KAYU TANAM, PADANG PARIAMAN, SUMATERA BARAT",6,12,125,137
https://kawalpemilu.org#13267,"KAYU TANAM, 2 X 11 KAYU TANAM, PADANG PARIAMAN, SUMATERA BARAT",7,24,177,201
https://kawalpemilu.org#13267,"KAYU TANAM, 2 X 11 KAYU TANAM, PADANG PARIAMAN, SUMATERA BARAT",8,19,178,197
https://kawalpemilu.org#13267,"KAYU TANAM, 2 X 11 KAYU TANAM, PADANG PARIAMAN, SUMATERA BARAT",9,28,160,188
https://kawalpemilu.org#13267,"KAYU TANAM, 2 X 11 KAYU TANAM, PADANG PARIAMAN, SUMATERA BARAT",10,31,168,199
https://kawalpemilu.org#13267,"KAYU TANAM, 2 X 11 KAYU TANAM, PADANG PARIAMAN, SUMATERA BARAT",11,22,98,120
https://kawalpemilu.org#13267,"KAYU TANAM, 2 X 11 KAYU TANAM, PADANG PARIAMAN, SUMATERA BARAT",12,23,159,182
https://kawalpemilu.org#13267,"KAYU TANAM, 2 X 11 KAYU TANAM, PADANG PARIAMAN, SUMATERA BARAT",13,17,113,130
https://kawalpemilu.org#13267,"KAYU TANAM, 2 X 11 KAYU TANAM, PADANG PARIAMAN, SUMATERA BARAT",14,14,148,162
https://kawalpemilu.org#13267,"KAYU TANAM, 2 X 11 KAYU TANAM, PADANG PARIAMAN, SUMATERA BARAT",15,16,172,188
https://kawalpemilu.org#13267,"KAYU TANAM, 2 X 11 KAYU TANAM, PADANG PARIAMAN, SUMATERA BARAT",16,15,170,185
https://kawalpemilu.org#13267,"KAYU TANAM, 2 X 11 KAYU TANAM, PADANG PARIAMAN, SUMATERA BARAT",17,27,86,113
https://kawalpemilu.org#13305,"GUGUAK, 2 X 11 KAYU TANAM, PADANG PARIAMAN, SUMATERA BARAT",1,35,165,200
https://kawalpemilu.org#13305,"GUGUAK, 2 X 11 KAYU TANAM, PADANG PARIAMAN, SUMATERA BARAT",2,31,166,197
https://kawalpemilu.org#13305,"GUGUAK, 2 X 11 KAYU TANAM, PADANG PARIAMAN, SUMATERA BARAT",3,16,148,164
https://kawalpemilu.org#13305,"GUGUAK, 2 X 11 KAYU TANAM, PADANG PARIAMAN, SUMATERA BARAT",4,32,132,164
https://kawalpemilu.org#13305,"GUGUAK, 2 X 11 KAYU TANAM, PADANG PARIAMAN, SUMATERA BARAT",5,12,126,138
https://kawalpemilu.org#13305,"GUGUAK, 2 X 11 KAYU TANAM, PADANG PARIAMAN, SUMATERA BARAT",6,40,173,213
https://kawalpemilu.org#13305,"GUGUAK, 2 X 11 KAYU TANAM, PADANG PARIAMAN, SUMATERA BARAT",7,15,179,194
https://kawalpemilu.org#13305,"GUGUAK, 2 X 11 KAYU TANAM, PADANG PARIAMAN, SUMATERA BARAT",8,17,148,165
https://kawalpemilu.org#13305,"GUGUAK, 2 X 11 KAYU TANAM, PADANG PARIAMAN, SUMATERA BARAT",9,21,176,197
https://kawalpemilu.org#13305,"GUGUAK, 2 X 11 KAYU TANAM, PADANG PARIAMAN, SUMATERA BARAT",10,14,171,185
https://kawalpemilu.org#13305,"GUGUAK, 2 X 11 KAYU TANAM, PADANG PARIAMAN, SUMATERA BARAT",11,23,185,208
https://kawalpemilu.org#13305,"GUGUAK, 2 X 11 KAYU TANAM, PADANG PARIAMAN, SUMATERA BARAT",12,15,141,156
https://kawalpemilu.org#13305,"GUGUAK, 2 X 11 KAYU TANAM, PADANG PARIAMAN, SUMATERA BARAT",13,34,139,173
https://kawalpemilu.org#13305,"GUGUAK, 2 X 11 KAYU TANAM, PADANG PARIAMAN, SUMATERA BARAT",14,11,155,166
https://kawalpemilu.org#13305,"GUGUAK, 2 X 11 KAYU TANAM, PADANG PARIAMAN, SUMATERA BARAT",15,12,97,109
https://kawalpemilu.org#13305,"GUGUAK, 2 X 11 KAYU TANAM, PADANG PARIAMAN, SUMATERA BARAT",16,16,101,117
https://kawalpemilu.org#13305,"GUGUAK, 2 X 11 KAYU TANAM, PADANG PARIAMAN, SUMATERA BARAT",17,5,77,82
https://kawalpemilu.org#13305,"GUGUAK, 2 X 11 KAYU TANAM, PADANG PARIAMAN, SUMATERA BARAT",18,12,103,115
https://kawalpemilu.org#13305,"GUGUAK, 2 X 11 KAYU TANAM, PADANG PARIAMAN, SUMATERA BARAT",19,23,124,147
https://kawalpemilu.org#13305,"GUGUAK, 2 X 11 KAYU TANAM, PADANG PARIAMAN, SUMATERA BARAT",20,19,102,121
https://kawalpemilu.org#13305,"GUGUAK, 2 X 11 KAYU TANAM, PADANG PARIAMAN, SUMATERA BARAT",21,21,123,144
https://kawalpemilu.org#13305,"GUGUAK, 2 X 11 KAYU TANAM, PADANG PARIAMAN, SUMATERA BARAT",22,19,128,147
https://kawalpemilu.org#13306,"ANDURIANG, 2 X 11 KAYU TANAM, PADANG PARIAMAN, SUMATERA BARAT",1,9,178,187
https://kawalpemilu.org#13306,"ANDURIANG, 2 X 11 KAYU TANAM, PADANG PARIAMAN, SUMATERA BARAT",2,26,133,159
https://kawalpemilu.org#13306,"ANDURIANG, 2 X 11 KAYU TANAM, PADANG PARIAMAN, SUMATERA BARAT",3,17,186,203
https://kawalpemilu.org#13306,"ANDURIANG, 2 X 11 KAYU TANAM, PADANG PARIAMAN, SUMATERA BARAT",4,27,141,168
https://kawalpemilu.org#13306,"ANDURIANG, 2 X 11 KAYU TANAM, PADANG PARIAMAN, SUMATERA BARAT",5,12,133,145
https://kawalpemilu.org#13306,"ANDURIANG, 2 X 11 KAYU TANAM, PADANG PARIAMAN, SUMATERA BARAT",6,16,140,156
https://kawalpemilu.org#13306,"ANDURIANG, 2 X 11 KAYU TANAM, PADANG PARIAMAN, SUMATERA BARAT",7,11,173,184
https://kawalpemilu.org#13306,"ANDURIANG, 2 X 11 KAYU TANAM, PADANG PARIAMAN, SUMATERA BARAT",8,19,119,138
https://kawalpemilu.org#13306,"ANDURIANG, 2 X 11 KAYU TANAM, PADANG PARIAMAN, SUMATERA BARAT",9,12,199,211
https://kawalpemilu.org#13306,"ANDURIANG, 2 X 11 KAYU TANAM, PADANG PARIAMAN, SUMATERA BARAT",10,7,153,160
https://kawalpemilu.org#13306,"ANDURIANG, 2 X 11 KAYU TANAM, PADANG PARIAMAN, SUMATERA BARAT",11,14,198,212
https://kawalpemilu.org#13306,"ANDURIANG, 2 X 11 KAYU TANAM, PADANG PARIAMAN, SUMATERA BARAT",12,19,183,202
https://kawalpemilu.org#13306,"ANDURIANG, 2 X 11 KAYU TANAM, PADANG PARIAMAN, SUMATERA BARAT",13,17,178,195
https://kawalpemilu.org#13306,"ANDURIANG, 2 X 11 KAYU TANAM, PADANG PARIAMAN, SUMATERA BARAT",14,16,150,166
https://kawalpemilu.org#13306,"ANDURIANG, 2 X 11 KAYU TANAM, PADANG PARIAMAN, SUMATERA BARAT",15,10,131,141
https://kawalpemilu.org#13306,"ANDURIANG, 2 X 11 KAYU TANAM, PADANG PARIAMAN, SUMATERA BARAT",16,15,106,121
https://kawalpemilu.org#13306,"ANDURIANG, 2 X 11 KAYU TANAM, PADANG PARIAMAN, SUMATERA BARAT",18,23,117,140
https://kawalpemilu.org#13306,"ANDURIANG, 2 X 11 KAYU TANAM, PADANG PARIAMAN, SUMATERA BARAT",19,25,158,183
https://kawalpemilu.org#13306,"ANDURIANG, 2 X 11 KAYU TANAM, PADANG PARIAMAN, SUMATERA BARAT",20,17,199,216
https://kawalpemilu.org#13306,"ANDURIANG, 2 X 11 KAYU TANAM, PADANG PARIAMAN, SUMATERA BARAT",21,11,156,167
https://kawalpemilu.org#13306,"ANDURIANG, 2 X 11 KAYU TANAM, PADANG PARIAMAN, SUMATERA BARAT",22,4,94,98
https://kawalpemilu.org#13306,"ANDURIANG, 2 X 11 KAYU TANAM, PADANG PARIAMAN, SUMATERA BARAT",23,27,130,157
https://kawalpemilu.org#13306,"ANDURIANG, 2 X 11 KAYU TANAM, PADANG PARIAMAN, SUMATERA BARAT",24,4,120,124
https://kawalpemilu.org#13306,"ANDURIANG, 2 X 11 KAYU TANAM, PADANG PARIAMAN, SUMATERA BARAT",25,21,130,151
https://kawalpemilu.org#13307,"KAPALO HILALANG, 2 X 11 KAYU TANAM, PADANG PARIAMAN, SUMATERA BARAT",1,11,193,204
https://kawalpemilu.org#13307,"KAPALO HILALANG, 2 X 11 KAYU TANAM, PADANG PARIAMAN, SUMATERA BARAT",2,11,202,213
https://kawalpemilu.org#13307,"KAPALO HILALANG, 2 X 11 KAYU TANAM, PADANG PARIAMAN, SUMATERA BARAT",3,9,137,146
https://kawalpemilu.org#13307,"KAPALO HILALANG, 2 X 11 KAYU TANAM, PADANG PARIAMAN, SUMATERA BARAT",4,44,162,206
https://kawalpemilu.org#13307,"KAPALO HILALANG, 2 X 11 KAYU TANAM, PADANG PARIAMAN, SUMATERA BARAT",5,23,192,215
https://kawalpemilu.org#13307,"KAPALO HILALANG, 2 X 11 KAYU TANAM, PADANG PARIAMAN, SUMATERA BARAT",6,2,216,218
https://kawalpemilu.org#13307,"KAPALO HILALANG, 2 X 11 KAYU TANAM, PADANG PARIAMAN, SUMATERA BARAT",7,29,146,175
https://kawalpemilu.org#13307,"KAPALO HILALANG, 2 X 11 KAYU TANAM, PADANG PARIAMAN, SUMATERA BARAT",8,14,161,175
https://kawalpemilu.org#13307,"KAPALO HILALANG, 2 X 11 KAYU TANAM, PADANG PARIAMAN, SUMATERA BARAT",9,27,184,211
https://kawalpemilu.org#13307,"KAPALO HILALANG, 2 X 11 KAYU TANAM, PADANG PARIAMAN, SUMATERA BARAT",10,26,184,210
https://kawalpemilu.org#13307,"KAPALO HILALANG, 2 X 11 KAYU TANAM, PADANG PARIAMAN, SUMATERA BARAT",11,36,156,192
https://kawalpemilu.org#13307,"KAPALO HILALANG, 2 X 11 KAYU TANAM, PADANG PARIAMAN, SUMATERA BARAT",12,24,219,243
https://kawalpemilu.org#13307,"KAPALO HILALANG, 2 X 11 KAYU TANAM, PADANG PARIAMAN, SUMATERA BARAT",13,23,183,206
https://kawalpemilu.org#13307,"KAPALO HILALANG, 2 X 11 KAYU TANAM, PADANG PARIAMAN, SUMATERA BARAT",14,10,169,179
https://kawalpemilu.org#13307,"KAPALO HILALANG, 2 X 11 KAYU TANAM, PADANG PARIAMAN, SUMATERA BARAT",15,16,197,213
https://kawalpemilu.org#13307,"KAPALO HILALANG, 2 X 11 KAYU TANAM, PADANG PARIAMAN, SUMATERA BARAT",16,7,196,203
https://kawalpemilu.org#13307,"KAPALO HILALANG, 2 X 11 KAYU TANAM, PADANG PARIAMAN, SUMATERA BARAT",17,36,156,192
https://kawalpemilu.org#13307,"KAPALO HILALANG, 2 X 11 KAYU TANAM, PADANG PARIAMAN, SUMATERA BARAT",18,18,167,185
https://kawalpemilu.org#13307,"KAPALO HILALANG, 2 X 11 KAYU TANAM, PADANG PARIAMAN, SUMATERA BARAT",19,9,108,117
https://kawalpemilu.org#13307,"KAPALO HILALANG, 2 X 11 KAYU TANAM, PADANG PARIAMAN, SUMATERA BARAT",20,12,133,145
https://kawalpemilu.org#13307,"KAPALO HILALANG, 2 X 11 KAYU TANAM, PADANG PARIAMAN, SUMATERA BARAT",21,18,165,183
https://kawalpemilu.org#13272,"BALAH AIA, VII KOTO SUNGAI SARIK, PADANG PARIAMAN, SUMATERA BARAT",1,3,115,118
https://kawalpemilu.org#13272,"BALAH AIA, VII KOTO SUNGAI SARIK, PADANG PARIAMAN, SUMATERA BARAT",2,12,202,214
https://kawalpemilu.org#13272,"BALAH AIA, VII KOTO SUNGAI SARIK, PADANG PARIAMAN, SUMATERA BARAT",3,14,146,160
https://kawalpemilu.org#13272,"BALAH AIA, VII KOTO SUNGAI SARIK, PADANG PARIAMAN, SUMATERA BARAT",4,24,162,186
https://kawalpemilu.org#13272,"BALAH AIA, VII KOTO SUNGAI SARIK, PADANG PARIAMAN, SUMATERA BARAT",5,5,136,141
https://kawalpemilu.org#13272,"BALAH AIA, VII KOTO SUNGAI SARIK, PADANG PARIAMAN, SUMATERA BARAT",6,8,51,59
https://kawalpemilu.org#13272,"BALAH AIA, VII KOTO SUNGAI SARIK, PADANG PARIAMAN, SUMATERA BARAT",7,14,172,186
https://kawalpemilu.org#13272,"BALAH AIA, VII KOTO SUNGAI SARIK, PADANG PARIAMAN, SUMATERA BARAT",8,3,135,138
https://kawalpemilu.org#13272,"BALAH AIA, VII KOTO SUNGAI SARIK, PADANG PARIAMAN, SUMATERA BARAT",9,13,97,110
https://kawalpemilu.org#13272,"BALAH AIA, VII KOTO SUNGAI SARIK, PADANG PARIAMAN, SUMATERA BARAT",10,19,196,215
https://kawalpemilu.org#13272,"BALAH AIA, VII KOTO SUNGAI SARIK, PADANG PARIAMAN, SUMATERA BARAT",11,15,132,147
https://kawalpemilu.org#13272,"BALAH AIA, VII KOTO SUNGAI SARIK, PADANG PARIAMAN, SUMATERA BARAT",12,10,115,125
https://kawalpemilu.org#13272,"BALAH AIA, VII KOTO SUNGAI SARIK, PADANG PARIAMAN, SUMATERA BARAT",13,7,156,163
https://kawalpemilu.org#13273,"SUNGAI SARIAK, VII KOTO SUNGAI SARIK, PADANG PARIAMAN, SUMATERA BARAT",1,35,138,173
https://kawalpemilu.org#13273,"SUNGAI SARIAK, VII KOTO SUNGAI SARIK, PADANG PARIAMAN, SUMATERA BARAT",2,15,98,113
https://kawalpemilu.org#13273,"SUNGAI SARIAK, VII KOTO SUNGAI SARIK, PADANG PARIAMAN, SUMATERA BARAT",3,27,152,179
https://kawalpemilu.org#13273,"SUNGAI SARIAK, VII KOTO SUNGAI SARIK, PADANG PARIAMAN, SUMATERA BARAT",4,27,128,155
https://kawalpemilu.org#13273,"SUNGAI SARIAK, VII KOTO SUNGAI SARIK, PADANG PARIAMAN, SUMATERA BARAT",5,18,179,197
https://kawalpemilu.org#13273,"SUNGAI SARIAK, VII KOTO SUNGAI SARIK, PADANG PARIAMAN, SUMATERA BARAT",6,30,158,188
https://kawalpemilu.org#13273,"SUNGAI SARIAK, VII KOTO SUNGAI SARIK, PADANG PARIAMAN, SUMATERA BARAT",7,15,117,132
https://kawalpemilu.org#13273,"SUNGAI SARIAK, VII KOTO SUNGAI SARIK, PADANG PARIAMAN, SUMATERA BARAT",8,33,162,195
https://kawalpemilu.org#13273,"SUNGAI SARIAK, VII KOTO SUNGAI SARIK, PADANG PARIAMAN, SUMATERA BARAT",9,18,106,124
https://kawalpemilu.org#13273,"SUNGAI SARIAK, VII KOTO SUNGAI SARIK, PADANG PARIAMAN, SUMATERA BARAT",10,21,132,153
https://kawalpemilu.org#13273,"SUNGAI SARIAK, VII KOTO SUNGAI SARIK, PADANG PARIAMAN, SUMATERA BARAT",11,31,140,171
https://kawalpemilu.org#13273,"SUNGAI SARIAK, VII KOTO SUNGAI SARIK, PADANG PARIAMAN, SUMATERA BARAT",12,16,109,125
https://kawalpemilu.org#13273,"SUNGAI SARIAK, VII KOTO SUNGAI SARIK, PADANG PARIAMAN, SUMATERA BARAT",13,19,143,162
https://kawalpemilu.org#13273,"SUNGAI SARIAK, VII KOTO SUNGAI SARIK, PADANG PARIAMAN, SUMATERA BARAT",14,21,116,137
https://kawalpemilu.org#13273,"SUNGAI SARIAK, VII KOTO SUNGAI SARIK, PADANG PARIAMAN, SUMATERA BARAT",15,10,87,97
https://kawalpemilu.org#13273,"SUNGAI SARIAK, VII KOTO SUNGAI SARIK, PADANG PARIAMAN, SUMATERA BARAT",16,19,99,118
https://kawalpemilu.org#13274,"LURAH AMPALU, VII KOTO SUNGAI SARIK, PADANG PARIAMAN, SUMATERA BARAT",1,8,143,151
https://kawalpemilu.org#13274,"LURAH AMPALU, VII KOTO SUNGAI SARIK, PADANG PARIAMAN, SUMATERA BARAT",2,15,176,191
https://kawalpemilu.org#13274,"LURAH AMPALU, VII KOTO SUNGAI SARIK, PADANG PARIAMAN, SUMATERA BARAT",3,21,146,167
https://kawalpemilu.org#13274,"LURAH AMPALU, VII KOTO SUNGAI SARIK, PADANG PARIAMAN, SUMATERA BARAT",4,6,135,141
https://kawalpemilu.org#13274,"LURAH AMPALU, VII KOTO SUNGAI SARIK, PADANG PARIAMAN, SUMATERA BARAT",5,8,204,212
https://kawalpemilu.org#13274,"LURAH AMPALU, VII KOTO SUNGAI SARIK, PADANG PARIAMAN, SUMATERA BARAT",6,25,159,184
https://kawalpemilu.org#13274,"LURAH AMPALU, VII KOTO SUNGAI SARIK, PADANG PARIAMAN, SUMATERA BARAT",7,9,166,175
https://kawalpemilu.org#13274,"LURAH AMPALU, VII KOTO SUNGAI SARIK, PADANG PARIAMAN, SUMATERA BARAT",8,1,58,59
https://kawalpemilu.org#13274,"LURAH AMPALU, VII KOTO SUNGAI SARIK, PADANG PARIAMAN, SUMATERA BARAT",9,18,140,158
https://kawalpemilu.org#13274,"LURAH AMPALU, VII KOTO SUNGAI SARIK, PADANG PARIAMAN, SUMATERA BARAT",10,14,191,205
https://kawalpemilu.org#13274,"LURAH AMPALU, VII KOTO SUNGAI SARIK, PADANG PARIAMAN, SUMATERA BARAT",11,8,194,202
https://kawalpemilu.org#13274,"LURAH AMPALU, VII KOTO SUNGAI SARIK, PADANG PARIAMAN, SUMATERA BARAT",12,4,132,136
https://kawalpemilu.org#13274,"LURAH AMPALU, VII KOTO SUNGAI SARIK, PADANG PARIAMAN, SUMATERA BARAT",13,12,133,145
https://kawalpemilu.org#13274,"LURAH AMPALU, VII KOTO SUNGAI SARIK, PADANG PARIAMAN, SUMATERA BARAT",14,25,136,161
https://kawalpemilu.org#13274,"LURAH AMPALU, VII KOTO SUNGAI SARIK, PADANG PARIAMAN, SUMATERA BARAT",15,10,83,93
https://kawalpemilu.org#13274,"LURAH AMPALU, VII KOTO SUNGAI SARIK, PADANG PARIAMAN, SUMATERA BARAT",16,19,180,199
https://kawalpemilu.org#13274,"LURAH AMPALU, VII KOTO SUNGAI SARIK, PADANG PARIAMAN, SUMATERA BARAT",17,11,113,124
https://kawalpemilu.org#13274,"LURAH AMPALU, VII KOTO SUNGAI SARIK, PADANG PARIAMAN, SUMATERA BARAT",18,13,147,160
https://kawalpemilu.org#13274,"LURAH AMPALU, VII KOTO SUNGAI SARIK, PADANG PARIAMAN, SUMATERA BARAT",19,7,160,167
https://kawalpemilu.org#13274,"LURAH AMPALU, VII KOTO SUNGAI SARIK, PADANG PARIAMAN, SUMATERA BARAT",20,9,104,113
https://kawalpemilu.org#13274,"LURAH AMPALU, VII KOTO SUNGAI SARIK, PADANG PARIAMAN, SUMATERA BARAT",21,11,111,122
https://kawalpemilu.org#13275,"LAREH NAN PANJANG, VII KOTO SUNGAI SARIK, PADANG PARIAMAN, SUMATERA BARAT",1,3,145,148
https://kawalpemilu.org#13275,"LAREH NAN PANJANG, VII KOTO SUNGAI SARIK, PADANG PARIAMAN, SUMATERA BARAT",2,11,91,102
https://kawalpemilu.org#13275,"LAREH NAN PANJANG, VII KOTO SUNGAI SARIK, PADANG PARIAMAN, SUMATERA BARAT",3,15,164,179
https://kawalpemilu.org#13275,"LAREH NAN PANJANG, VII KOTO SUNGAI SARIK, PADANG PARIAMAN, SUMATERA BARAT",4,13,145,158
https://kawalpemilu.org#13275,"LAREH NAN PANJANG, VII KOTO SUNGAI SARIK, PADANG PARIAMAN, SUMATERA BARAT",5,17,119,136
https://kawalpemilu.org#13275,"LAREH NAN PANJANG, VII KOTO SUNGAI SARIK, PADANG PARIAMAN, SUMATERA BARAT",6,11,121,132
https://kawalpemilu.org#931223,"Lareh Nan Panjang Selatan, VII KOTO SUNGAI SARIK, PADANG PARIAMAN, SUMATERA BARAT",1,10,133,143
https://kawalpemilu.org#931223,"Lareh Nan Panjang Selatan, VII KOTO SUNGAI SARIK, PADANG PARIAMAN, SUMATERA BARAT",2,8,188,196
https://kawalpemilu.org#931223,"Lareh Nan Panjang Selatan, VII KOTO SUNGAI SARIK, PADANG PARIAMAN, SUMATERA BARAT",3,7,131,138
https://kawalpemilu.org#931223,"Lareh Nan Panjang Selatan, VII KOTO SUNGAI SARIK, PADANG PARIAMAN, SUMATERA BARAT",4,25,167,192
https://kawalpemilu.org#931223,"Lareh Nan Panjang Selatan, VII KOTO SUNGAI SARIK, PADANG PARIAMAN, SUMATERA BARAT",5,9,115,124
https://kawalpemilu.org#931223,"Lareh Nan Panjang Selatan, VII KOTO SUNGAI SARIK, PADANG PARIAMAN, SUMATERA BARAT",6,7,111,118
https://kawalpemilu.org#931223,"Lareh Nan Panjang Selatan, VII KOTO SUNGAI SARIK, PADANG PARIAMAN, SUMATERA BARAT",7,7,97,104
https://kawalpemilu.org#931224,"Lareh Nan Panjang Barat, VII KOTO SUNGAI SARIK, PADANG PARIAMAN, SUMATERA BARAT",1,11,189,200
https://kawalpemilu.org#931224,"Lareh Nan Panjang Barat, VII KOTO SUNGAI SARIK, PADANG PARIAMAN, SUMATERA BARAT",2,10,122,132
https://kawalpemilu.org#931224,"Lareh Nan Panjang Barat, VII KOTO SUNGAI SARIK, PADANG PARIAMAN, SUMATERA BARAT",3,8,119,127
https://kawalpemilu.org#931227,"Lareh Nan Panjang Sungai Sariak, VII KOTO SUNGAI SARIK, PADANG PARIAMAN, SUMATERA BARAT",1,26,168,194
https://kawalpemilu.org#931227,"Lareh Nan Panjang Sungai Sariak, VII KOTO SUNGAI SARIK, PADANG PARIAMAN, SUMATERA BARAT",2,22,149,171
https://kawalpemilu.org#931227,"Lareh Nan Panjang Sungai Sariak, VII KOTO SUNGAI SARIK, PADANG PARIAMAN, SUMATERA BARAT",3,16,100,116
https://kawalpemilu.org#931227,"Lareh Nan Panjang Sungai Sariak, VII KOTO SUNGAI SARIK, PADANG PARIAMAN, SUMATERA BARAT",4,25,163,188
https://kawalpemilu.org#931227,"Lareh Nan Panjang Sungai Sariak, VII KOTO SUNGAI SARIK, PADANG PARIAMAN, SUMATERA BARAT",5,29,128,157
https://kawalpemilu.org#931227,"Lareh Nan Panjang Sungai Sariak, VII KOTO SUNGAI SARIK, PADANG PARIAMAN, SUMATERA BARAT",6,24,100,124
https://kawalpemilu.org#931227,"Lareh Nan Panjang Sungai Sariak, VII KOTO SUNGAI SARIK, PADANG PARIAMAN, SUMATERA BARAT",7,37,128,165
https://kawalpemilu.org#931227,"Lareh Nan Panjang Sungai Sariak, VII KOTO SUNGAI SARIK, PADANG PARIAMAN, SUMATERA BARAT",8,51,152,203
https://kawalpemilu.org#931227,"Lareh Nan Panjang Sungai Sariak, VII KOTO SUNGAI SARIK, PADANG PARIAMAN, SUMATERA BARAT",9,22,135,157
https://kawalpemilu.org#931227,"Lareh Nan Panjang Sungai Sariak, VII KOTO SUNGAI SARIK, PADANG PARIAMAN, SUMATERA BARAT",10,30,94,124
https://kawalpemilu.org#931227,"Lareh Nan Panjang Sungai Sariak, VII KOTO SUNGAI SARIK, PADANG PARIAMAN, SUMATERA BARAT",11,19,109,128
https://kawalpemilu.org#931228,"Limpato Sungai Sariak, VII KOTO SUNGAI SARIK, PADANG PARIAMAN, SUMATERA BARAT",1,12,99,111
https://kawalpemilu.org#931228,"Limpato Sungai Sariak, VII KOTO SUNGAI SARIK, PADANG PARIAMAN, SUMATERA BARAT",2,34,136,170
https://kawalpemilu.org#931228,"Limpato Sungai Sariak, VII KOTO SUNGAI SARIK, PADANG PARIAMAN, SUMATERA BARAT",3,25,180,205
https://kawalpemilu.org#931228,"Limpato Sungai Sariak, VII KOTO SUNGAI SARIK, PADANG PARIAMAN, SUMATERA BARAT",4,14,94,108
https://kawalpemilu.org#931228,"Limpato Sungai Sariak, VII KOTO SUNGAI SARIK, PADANG PARIAMAN, SUMATERA BARAT",5,24,96,120
https://kawalpemilu.org#931228,"Limpato Sungai Sariak, VII KOTO SUNGAI SARIK, PADANG PARIAMAN, SUMATERA BARAT",6,19,98,117
https://kawalpemilu.org#931228,"Limpato Sungai Sariak, VII KOTO SUNGAI SARIK, PADANG PARIAMAN, SUMATERA BARAT",7,18,106,124
https://kawalpemilu.org#931228,"Limpato Sungai Sariak, VII KOTO SUNGAI SARIK, PADANG PARIAMAN, SUMATERA BARAT",8,19,73,92
https://kawalpemilu.org#931228,"Limpato Sungai Sariak, VII KOTO SUNGAI SARIK, PADANG PARIAMAN, SUMATERA BARAT",9,18,91,109
https://kawalpemilu.org#931229,"Balah Aie Utara, VII KOTO SUNGAI SARIK, PADANG PARIAMAN, SUMATERA BARAT",1,24,168,192
https://kawalpemilu.org#931229,"Balah Aie Utara, VII KOTO SUNGAI SARIK, PADANG PARIAMAN, SUMATERA BARAT",3,12,161,173
https://kawalpemilu.org#931229,"Balah Aie Utara, VII KOTO SUNGAI SARIK, PADANG PARIAMAN, SUMATERA BARAT",4,13,140,153
https://kawalpemilu.org#931229,"Balah Aie Utara, VII KOTO SUNGAI SARIK, PADANG PARIAMAN, SUMATERA BARAT",5,17,136,153
https://kawalpemilu.org#931229,"Balah Aie Utara, VII KOTO SUNGAI SARIK, PADANG PARIAMAN, SUMATERA BARAT",6,12,157,169
https://kawalpemilu.org#931229,"Balah Aie Utara, VII KOTO SUNGAI SARIK, PADANG PARIAMAN, SUMATERA BARAT",7,18,187,205
https://kawalpemilu.org#931229,"Balah Aie Utara, VII KOTO SUNGAI SARIK, PADANG PARIAMAN, SUMATERA BARAT",8,26,137,163
https://kawalpemilu.org#931229,"Balah Aie Utara, VII KOTO SUNGAI SARIK, PADANG PARIAMAN, SUMATERA BARAT",9,15,125,140
https://kawalpemilu.org#931230,"Balah Aie Timur, VII KOTO SUNGAI SARIK, PADANG PARIAMAN, SUMATERA BARAT",1,33,163,196
https://kawalpemilu.org#931230,"Balah Aie Timur, VII KOTO SUNGAI SARIK, PADANG PARIAMAN, SUMATERA BARAT",2,24,150,174
https://kawalpemilu.org#931230,"Balah Aie Timur, VII KOTO SUNGAI SARIK, PADANG PARIAMAN, SUMATERA BARAT",3,23,155,178
https://kawalpemilu.org#931230,"Balah Aie Timur, VII KOTO SUNGAI SARIK, PADANG PARIAMAN, SUMATERA BARAT",4,11,134,145
https://kawalpemilu.org#931230,"Balah Aie Timur, VII KOTO SUNGAI SARIK, PADANG PARIAMAN, SUMATERA BARAT",5,15,148,163
https://kawalpemilu.org#931230,"Balah Aie Timur, VII KOTO SUNGAI SARIK, PADANG PARIAMAN, SUMATERA BARAT",6,25,127,152
https://kawalpemilu.org#931230,"Balah Aie Timur, VII KOTO SUNGAI SARIK, PADANG PARIAMAN, SUMATERA BARAT",7,8,122,130
https://kawalpemilu.org#931230,"Balah Aie Timur, VII KOTO SUNGAI SARIK, PADANG PARIAMAN, SUMATERA BARAT",8,8,147,155
https://kawalpemilu.org#931260,"Bisati Sungai Sariak, VII KOTO SUNGAI SARIK, PADANG PARIAMAN, SUMATERA BARAT",1,21,99,120
https://kawalpemilu.org#931260,"Bisati Sungai Sariak, VII KOTO SUNGAI SARIK, PADANG PARIAMAN, SUMATERA BARAT",3,27,145,172
https://kawalpemilu.org#931260,"Bisati Sungai Sariak, VII KOTO SUNGAI SARIK, PADANG PARIAMAN, SUMATERA BARAT",4,23,135,158
https://kawalpemilu.org#931260,"Bisati Sungai Sariak, VII KOTO SUNGAI SARIK, PADANG PARIAMAN, SUMATERA BARAT",5,24,147,171
https://kawalpemilu.org#931260,"Bisati Sungai Sariak, VII KOTO SUNGAI SARIK, PADANG PARIAMAN, SUMATERA BARAT",6,25,160,185
https://kawalpemilu.org#931260,"Bisati Sungai Sariak, VII KOTO SUNGAI SARIK, PADANG PARIAMAN, SUMATERA BARAT",7,18,165,183
https://kawalpemilu.org#931260,"Bisati Sungai Sariak, VII KOTO SUNGAI SARIK, PADANG PARIAMAN, SUMATERA BARAT",8,32,108,140
https://kawalpemilu.org#931260,"Bisati Sungai Sariak, VII KOTO SUNGAI SARIK, PADANG PARIAMAN, SUMATERA BARAT",9,9,95,104
https://kawalpemilu.org#931260,"Bisati Sungai Sariak, VII KOTO SUNGAI SARIK, PADANG PARIAMAN, SUMATERA BARAT",10,31,124,155
https://kawalpemilu.org#931261,"Ambuang Kapua Sungai Sariak, VII KOTO SUNGAI SARIK, PADANG PARIAMAN, SUMATERA BARAT",1,25,121,146
https://kawalpemilu.org#931261,"Ambuang Kapua Sungai Sariak, VII KOTO SUNGAI SARIK, PADANG PARIAMAN, SUMATERA BARAT",2,16,176,192
https://kawalpemilu.org#931261,"Ambuang Kapua Sungai Sariak, VII KOTO SUNGAI SARIK, PADANG PARIAMAN, SUMATERA BARAT",3,31,111,142
https://kawalpemilu.org#931261,"Ambuang Kapua Sungai Sariak, VII KOTO SUNGAI SARIK, PADANG PARIAMAN, SUMATERA BARAT",4,19,144,163
https://kawalpemilu.org#13277,"CAMPAGO, V KOTO KAMPUNG DALAM, PADANG PARIAMAN, SUMATERA BARAT",1,14,160,174
https://kawalpemilu.org#13277,"CAMPAGO, V KOTO KAMPUNG DALAM, PADANG PARIAMAN, SUMATERA BARAT",2,6,168,174
https://kawalpemilu.org#13277,"CAMPAGO, V KOTO KAMPUNG DALAM, PADANG PARIAMAN, SUMATERA BARAT",3,4,183,187
https://kawalpemilu.org#13277,"CAMPAGO, V KOTO KAMPUNG DALAM, PADANG PARIAMAN, SUMATERA BARAT",4,13,118,134
https://kawalpemilu.org#13277,"CAMPAGO, V KOTO KAMPUNG DALAM, PADANG PARIAMAN, SUMATERA BARAT",5,8,164,172
https://kawalpemilu.org#13277,"CAMPAGO, V KOTO KAMPUNG DALAM, PADANG PARIAMAN, SUMATERA BARAT",6,12,205,217
https://kawalpemilu.org#13277,"CAMPAGO, V KOTO KAMPUNG DALAM, PADANG PARIAMAN, SUMATERA BARAT",7,1,127,128
https://kawalpemilu.org#13277,"CAMPAGO, V KOTO KAMPUNG DALAM, PADANG PARIAMAN, SUMATERA BARAT",8,8,135,143
https://kawalpemilu.org#13277,"CAMPAGO, V KOTO KAMPUNG DALAM, PADANG PARIAMAN, SUMATERA BARAT",9,18,230,248
https://kawalpemilu.org#13277,"CAMPAGO, V KOTO KAMPUNG DALAM, PADANG PARIAMAN, SUMATERA BARAT",10,16,214,230
https://kawalpemilu.org#13277,"CAMPAGO, V KOTO KAMPUNG DALAM, PADANG PARIAMAN, SUMATERA BARAT",11,5,67,72
https://kawalpemilu.org#13277,"CAMPAGO, V KOTO KAMPUNG DALAM, PADANG PARIAMAN, SUMATERA BARAT",12,5,134,139
https://kawalpemilu.org#13277,"CAMPAGO, V KOTO KAMPUNG DALAM, PADANG PARIAMAN, SUMATERA BARAT",13,4,113,117
https://kawalpemilu.org#13277,"CAMPAGO, V KOTO KAMPUNG DALAM, PADANG PARIAMAN, SUMATERA BARAT",14,9,145,154
https://kawalpemilu.org#13277,"CAMPAGO, V KOTO KAMPUNG DALAM, PADANG PARIAMAN, SUMATERA BARAT",15,4,143,147
https://kawalpemilu.org#13277,"CAMPAGO, V KOTO KAMPUNG DALAM, PADANG PARIAMAN, SUMATERA BARAT",16,5,101,106
https://kawalpemilu.org#13277,"CAMPAGO, V KOTO KAMPUNG DALAM, PADANG PARIAMAN, SUMATERA BARAT",17,11,189,200
https://kawalpemilu.org#13277,"CAMPAGO, V KOTO KAMPUNG DALAM, PADANG PARIAMAN, SUMATERA BARAT",18,15,112,127
https://kawalpemilu.org#13277,"CAMPAGO, V KOTO KAMPUNG DALAM, PADANG PARIAMAN, SUMATERA BARAT",19,7,107,114
https://kawalpemilu.org#13277,"CAMPAGO, V KOTO KAMPUNG DALAM, PADANG PARIAMAN, SUMATERA BARAT",20,6,143,149
https://kawalpemilu.org#13277,"CAMPAGO, V KOTO KAMPUNG DALAM, PADANG PARIAMAN, SUMATERA BARAT",21,3,118,121
https://kawalpemilu.org#13277,"CAMPAGO, V KOTO KAMPUNG DALAM, PADANG PARIAMAN, SUMATERA BARAT",22,3,87,90
https://kawalpemilu.org#13278,"SIKUCUR, V KOTO KAMPUNG DALAM, PADANG PARIAMAN, SUMATERA BARAT",1,10,178,188
https://kawalpemilu.org#13278,"SIKUCUR, V KOTO KAMPUNG DALAM, PADANG PARIAMAN, SUMATERA BARAT",2,12,186,198
https://kawalpemilu.org#13278,"SIKUCUR, V KOTO KAMPUNG DALAM, PADANG PARIAMAN, SUMATERA BARAT",3,10,141,151
https://kawalpemilu.org#13278,"SIKUCUR, V KOTO KAMPUNG DALAM, PADANG PARIAMAN, SUMATERA BARAT",4,11,149,160
https://kawalpemilu.org#13278,"SIKUCUR, V KOTO KAMPUNG DALAM, PADANG PARIAMAN, SUMATERA BARAT",5,4,198,202
https://kawalpemilu.org#13278,"SIKUCUR, V KOTO KAMPUNG DALAM, PADANG PARIAMAN, SUMATERA BARAT",6,5,148,153
https://kawalpemilu.org#13278,"SIKUCUR, V KOTO KAMPUNG DALAM, PADANG PARIAMAN, SUMATERA BARAT",7,9,147,156
https://kawalpemilu.org#13278,"SIKUCUR, V KOTO KAMPUNG DALAM, PADANG PARIAMAN, SUMATERA BARAT",8,9,126,135
https://kawalpemilu.org#13278,"SIKUCUR, V KOTO KAMPUNG DALAM, PADANG PARIAMAN, SUMATERA BARAT",9,1,99,100
https://kawalpemilu.org#931231,"Campago Barat, V KOTO KAMPUNG DALAM, PADANG PARIAMAN, SUMATERA BARAT",1,17,159,176
https://kawalpemilu.org#931231,"Campago Barat, V KOTO KAMPUNG DALAM, PADANG PARIAMAN, SUMATERA BARAT",2,10,164,174
https://kawalpemilu.org#931231,"Campago Barat, V KOTO KAMPUNG DALAM, PADANG PARIAMAN, SUMATERA BARAT",3,5,181,186
https://kawalpemilu.org#931231,"Campago Barat, V KOTO KAMPUNG DALAM, PADANG PARIAMAN, SUMATERA BARAT",4,11,187,198
https://kawalpemilu.org#931231,"Campago Barat, V KOTO KAMPUNG DALAM, PADANG PARIAMAN, SUMATERA BARAT",5,7,108,115
https://kawalpemilu.org#931231,"Campago Barat, V KOTO KAMPUNG DALAM, PADANG PARIAMAN, SUMATERA BARAT",6,8,192,200
https://kawalpemilu.org#931231,"Campago Barat, V KOTO KAMPUNG DALAM, PADANG PARIAMAN, SUMATERA BARAT",7,8,124,132
https://kawalpemilu.org#931231,"Campago Barat, V KOTO KAMPUNG DALAM, PADANG PARIAMAN, SUMATERA BARAT",8,12,145,157
https://kawalpemilu.org#931231,"Campago Barat, V KOTO KAMPUNG DALAM, PADANG PARIAMAN, SUMATERA BARAT",9,4,132,136
https://kawalpemilu.org#931231,"Campago Barat, V KOTO KAMPUNG DALAM, PADANG PARIAMAN, SUMATERA BARAT",10,2,82,84
https://kawalpemilu.org#931231,"Campago Barat, V KOTO KAMPUNG DALAM, PADANG PARIAMAN, SUMATERA BARAT",11,7,128,135
https://kawalpemilu.org#931232,"Campago Selatan, V KOTO KAMPUNG DALAM, PADANG PARIAMAN, SUMATERA BARAT",1,8,179,187
https://kawalpemilu.org#931232,"Campago Selatan, V KOTO KAMPUNG DALAM, PADANG PARIAMAN, SUMATERA BARAT",2,10,118,128
https://kawalpemilu.org#931232,"Campago Selatan, V KOTO KAMPUNG DALAM, PADANG PARIAMAN, SUMATERA BARAT",3,8,186,194
https://kawalpemilu.org#931232,"Campago Selatan, V KOTO KAMPUNG DALAM, PADANG PARIAMAN, SUMATERA BARAT",4,16,188,204
https://kawalpemilu.org#931232,"Campago Selatan, V KOTO KAMPUNG DALAM, PADANG PARIAMAN, SUMATERA BARAT",5,13,101,114
https://kawalpemilu.org#931232,"Campago Selatan, V KOTO KAMPUNG DALAM, PADANG PARIAMAN, SUMATERA BARAT",6,5,116,121
https://kawalpemilu.org#931232,"Campago Selatan, V KOTO KAMPUNG DALAM, PADANG PARIAMAN, SUMATERA BARAT",7,8,140,148
https://kawalpemilu.org#931232,"Campago Selatan, V KOTO KAMPUNG DALAM, PADANG PARIAMAN, SUMATERA BARAT",8,5,92,97
https://kawalpemilu.org#931233,"Sikucua Utara, V KOTO KAMPUNG DALAM, PADANG PARIAMAN, SUMATERA BARAT",1,11,200,211
https://kawalpemilu.org#931233,"Sikucua Utara, V KOTO KAMPUNG DALAM, PADANG PARIAMAN, SUMATERA BARAT",2,6,125,131
https://kawalpemilu.org#931233,"Sikucua Utara, V KOTO KAMPUNG DALAM, PADANG PARIAMAN, SUMATERA BARAT",3,5,110,115
https://kawalpemilu.org#931233,"Sikucua Utara, V KOTO KAMPUNG DALAM, PADANG PARIAMAN, SUMATERA BARAT",4,20,161,181
https://kawalpemilu.org#931233,"Sikucua Utara, V KOTO KAMPUNG DALAM, PADANG PARIAMAN, SUMATERA BARAT",5,12,173,185
https://kawalpemilu.org#931234,"Sikucua Timur, V KOTO KAMPUNG DALAM, PADANG PARIAMAN, SUMATERA BARAT",1,9,152,161
https://kawalpemilu.org#931234,"Sikucua Timur, V KOTO KAMPUNG DALAM, PADANG PARIAMAN, SUMATERA BARAT",2,17,109,126
https://kawalpemilu.org#931234,"Sikucua Timur, V KOTO KAMPUNG DALAM, PADANG PARIAMAN, SUMATERA BARAT",3,20,144,164
https://kawalpemilu.org#931234,"Sikucua Timur, V KOTO KAMPUNG DALAM, PADANG PARIAMAN, SUMATERA BARAT",4,11,119,130
https://kawalpemilu.org#931234,"Sikucua Timur, V KOTO KAMPUNG DALAM, PADANG PARIAMAN, SUMATERA BARAT",5,22,116,138
https://kawalpemilu.org#931234,"Sikucua Timur, V KOTO KAMPUNG DALAM, PADANG PARIAMAN, SUMATERA BARAT",6,33,92,125
https://kawalpemilu.org#931234,"Sikucua Timur, V KOTO KAMPUNG DALAM, PADANG PARIAMAN, SUMATERA BARAT",7,28,81,109
https://kawalpemilu.org#931234,"Sikucua Timur, V KOTO KAMPUNG DALAM, PADANG PARIAMAN, SUMATERA BARAT",8,16,158,174
https://kawalpemilu.org#931234,"Sikucua Timur, V KOTO KAMPUNG DALAM, PADANG PARIAMAN, SUMATERA BARAT",9,14,163,177
https://kawalpemilu.org#931234,"Sikucua Timur, V KOTO KAMPUNG DALAM, PADANG PARIAMAN, SUMATERA BARAT",10,7,126,133
https://kawalpemilu.org#931234,"Sikucua Timur, V KOTO KAMPUNG DALAM, PADANG PARIAMAN, SUMATERA BARAT",11,14,115,129
https://kawalpemilu.org#931234,"Sikucua Timur, V KOTO KAMPUNG DALAM, PADANG PARIAMAN, SUMATERA BARAT",12,24,74,98
https://kawalpemilu.org#931235,"Sikucua Tengah, V KOTO KAMPUNG DALAM, PADANG PARIAMAN, SUMATERA BARAT",1,7,111,118
https://kawalpemilu.org#931235,"Sikucua Tengah, V KOTO KAMPUNG DALAM, PADANG PARIAMAN, SUMATERA BARAT",2,23,157,180
https://kawalpemilu.org#931235,"Sikucua Tengah, V KOTO KAMPUNG DALAM, PADANG PARIAMAN, SUMATERA BARAT",3,16,190,206
https://kawalpemilu.org#931235,"Sikucua Tengah, V KOTO KAMPUNG DALAM, PADANG PARIAMAN, SUMATERA BARAT",4,9,174,183
https://kawalpemilu.org#931236,"Sikucua Barat, V KOTO KAMPUNG DALAM, PADANG PARIAMAN, SUMATERA BARAT",1,23,75,98
https://kawalpemilu.org#931236,"Sikucua Barat, V KOTO KAMPUNG DALAM, PADANG PARIAMAN, SUMATERA BARAT",2,3,108,111
https://kawalpemilu.org#931236,"Sikucua Barat, V KOTO KAMPUNG DALAM, PADANG PARIAMAN, SUMATERA BARAT",3,14,127,141
https://kawalpemilu.org#931236,"Sikucua Barat, V KOTO KAMPUNG DALAM, PADANG PARIAMAN, SUMATERA BARAT",4,8,140,148
https://kawalpemilu.org#931236,"Sikucua Barat, V KOTO KAMPUNG DALAM, PADANG PARIAMAN, SUMATERA BARAT",5,2,80,82
https://kawalpemilu.org#931236,"Sikucua Barat, V KOTO KAMPUNG DALAM, PADANG PARIAMAN, SUMATERA BARAT",6,8,145,153
https://kawalpemilu.org#931236,"Sikucua Barat, V KOTO KAMPUNG DALAM, PADANG PARIAMAN, SUMATERA BARAT",7,8,149,157
https://kawalpemilu.org#931236,"Sikucua Barat, V KOTO KAMPUNG DALAM, PADANG PARIAMAN, SUMATERA BARAT",8,5,147,152
https://kawalpemilu.org#931236,"Sikucua Barat, V KOTO KAMPUNG DALAM, PADANG PARIAMAN, SUMATERA BARAT",9,14,116,130
https://kawalpemilu.org#931236,"Sikucua Barat, V KOTO KAMPUNG DALAM, PADANG PARIAMAN, SUMATERA BARAT",10,4,130,134
https://kawalpemilu.org#931236,"Sikucua Barat, V KOTO KAMPUNG DALAM, PADANG PARIAMAN, SUMATERA BARAT",11,10,117,127
https://kawalpemilu.org#13280,"KURANJI HULU, SUNGAI GARINGGING, PADANG PARIAMAN, SUMATERA BARAT",1,11,167,178
https://kawalpemilu.org#13280,"KURANJI HULU, SUNGAI GARINGGING, PADANG PARIAMAN, SUMATERA BARAT",2,11,114,125
https://kawalpemilu.org#13280,"KURANJI HULU, SUNGAI GARINGGING, PADANG PARIAMAN, SUMATERA BARAT",3,20,130,150
https://kawalpemilu.org#13280,"KURANJI HULU, SUNGAI GARINGGING, PADANG PARIAMAN, SUMATERA BARAT",4,16,110,126
https://kawalpemilu.org#13280,"KURANJI HULU, SUNGAI GARINGGING, PADANG PARIAMAN, SUMATERA BARAT",5,12,128,140
https://kawalpemilu.org#13280,"KURANJI HULU, SUNGAI GARINGGING, PADANG PARIAMAN, SUMATERA BARAT",6,6,49,55
https://kawalpemilu.org#13280,"KURANJI HULU, SUNGAI GARINGGING, PADANG PARIAMAN, SUMATERA BARAT",7,14,81,95
https://kawalpemilu.org#13280,"KURANJI HULU, SUNGAI GARINGGING, PADANG PARIAMAN, SUMATERA BARAT",8,7,151,158
https://kawalpemilu.org#13280,"KURANJI HULU, SUNGAI GARINGGING, PADANG PARIAMAN, SUMATERA BARAT",9,7,120,127
https://kawalpemilu.org#13280,"KURANJI HULU, SUNGAI GARINGGING, PADANG PARIAMAN, SUMATERA BARAT",10,18,170,188
https://kawalpemilu.org#13280,"KURANJI HULU, SUNGAI GARINGGING, PADANG PARIAMAN, SUMATERA BARAT",11,18,90,108
https://kawalpemilu.org#13280,"KURANJI HULU, SUNGAI GARINGGING, PADANG PARIAMAN, SUMATERA BARAT",12,20,112,132
https://kawalpemilu.org#13280,"KURANJI HULU, SUNGAI GARINGGING, PADANG PARIAMAN, SUMATERA BARAT",13,27,116,143
https://kawalpemilu.org#13280,"KURANJI HULU, SUNGAI GARINGGING, PADANG PARIAMAN, SUMATERA BARAT",14,15,98,113
https://kawalpemilu.org#13280,"KURANJI HULU, SUNGAI GARINGGING, PADANG PARIAMAN, SUMATERA BARAT",15,8,115,123
https://kawalpemilu.org#13280,"KURANJI HULU, SUNGAI GARINGGING, PADANG PARIAMAN, SUMATERA BARAT",16,25,104,129
https://kawalpemilu.org#13280,"KURANJI HULU, SUNGAI GARINGGING, PADANG PARIAMAN, SUMATERA BARAT",17,9,158,167
https://kawalpemilu.org#13280,"KURANJI HULU, SUNGAI GARINGGING, PADANG PARIAMAN, SUMATERA BARAT",18,16,151,167
https://kawalpemilu.org#13280,"KURANJI HULU, SUNGAI GARINGGING, PADANG PARIAMAN, SUMATERA BARAT",19,19,160,179
https://kawalpemilu.org#13280,"KURANJI HULU, SUNGAI GARINGGING, PADANG PARIAMAN, SUMATERA BARAT",20,22,128,150
https://kawalpemilu.org#13280,"KURANJI HULU, SUNGAI GARINGGING, PADANG PARIAMAN, SUMATERA BARAT",21,9,105,114
https://kawalpemilu.org#13280,"KURANJI HULU, SUNGAI GARINGGING, PADANG PARIAMAN, SUMATERA BARAT",22,19,116,135
https://kawalpemilu.org#13280,"KURANJI HULU, SUNGAI GARINGGING, PADANG PARIAMAN, SUMATERA BARAT",23,15,128,143
https://kawalpemilu.org#13280,"KURANJI HULU, SUNGAI GARINGGING, PADANG PARIAMAN, SUMATERA BARAT",24,15,83,98
https://kawalpemilu.org#13280,"KURANJI HULU, SUNGAI GARINGGING, PADANG PARIAMAN, SUMATERA BARAT",25,13,120,133
https://kawalpemilu.org#13280,"KURANJI HULU, SUNGAI GARINGGING, PADANG PARIAMAN, SUMATERA BARAT",26,22,93,115
https://kawalpemilu.org#13280,"KURANJI HULU, SUNGAI GARINGGING, PADANG PARIAMAN, SUMATERA BARAT",27,10,81,91
https://kawalpemilu.org#13280,"KURANJI HULU, SUNGAI GARINGGING, PADANG PARIAMAN, SUMATERA BARAT",28,20,87,107
https://kawalpemilu.org#13280,"KURANJI HULU, SUNGAI GARINGGING, PADANG PARIAMAN, SUMATERA BARAT",29,10,134,144
https://kawalpemilu.org#13281,"MALAI III KOTO, SUNGAI GARINGGING, PADANG PARIAMAN, SUMATERA BARAT",1,8,119,127
https://kawalpemilu.org#13281,"MALAI III KOTO, SUNGAI GARINGGING, PADANG PARIAMAN, SUMATERA BARAT",2,5,143,148
https://kawalpemilu.org#13281,"MALAI III KOTO, SUNGAI GARINGGING, PADANG PARIAMAN, SUMATERA BARAT",3,12,125,137
https://kawalpemilu.org#13281,"MALAI III KOTO, SUNGAI GARINGGING, PADANG PARIAMAN, SUMATERA BARAT",4,4,142,146
https://kawalpemilu.org#13281,"MALAI III KOTO, SUNGAI GARINGGING, PADANG PARIAMAN, SUMATERA BARAT",5,7,142,149
https://kawalpemilu.org#13281,"MALAI III KOTO, SUNGAI GARINGGING, PADANG PARIAMAN, SUMATERA BARAT",6,21,139,160
https://kawalpemilu.org#13281,"MALAI III KOTO, SUNGAI GARINGGING, PADANG PARIAMAN, SUMATERA BARAT",7,21,110,131
https://kawalpemilu.org#13281,"MALAI III KOTO, SUNGAI GARINGGING, PADANG PARIAMAN, SUMATERA BARAT",8,12,133,145
https://kawalpemilu.org#13281,"MALAI III KOTO, SUNGAI GARINGGING, PADANG PARIAMAN, SUMATERA BARAT",9,16,122,138
https://kawalpemilu.org#13281,"MALAI III KOTO, SUNGAI GARINGGING, PADANG PARIAMAN, SUMATERA BARAT",10,14,163,177
https://kawalpemilu.org#13281,"MALAI III KOTO, SUNGAI GARINGGING, PADANG PARIAMAN, SUMATERA BARAT",11,10,67,77
https://kawalpemilu.org#13281,"MALAI III KOTO, SUNGAI GARINGGING, PADANG PARIAMAN, SUMATERA BARAT",12,15,102,117
https://kawalpemilu.org#13281,"MALAI III KOTO, SUNGAI GARINGGING, PADANG PARIAMAN, SUMATERA BARAT",13,12,123,135
https://kawalpemilu.org#13281,"MALAI III KOTO, SUNGAI GARINGGING, PADANG PARIAMAN, SUMATERA BARAT",14,13,105,118
https://kawalpemilu.org#13281,"MALAI III KOTO, SUNGAI GARINGGING, PADANG PARIAMAN, SUMATERA BARAT",15,8,89,97
https://kawalpemilu.org#13281,"MALAI III KOTO, SUNGAI GARINGGING, PADANG PARIAMAN, SUMATERA BARAT",16,9,148,157
https://kawalpemilu.org#13281,"MALAI III KOTO, SUNGAI GARINGGING, PADANG PARIAMAN, SUMATERA BARAT",17,14,116,130
https://kawalpemilu.org#13281,"MALAI III KOTO, SUNGAI GARINGGING, PADANG PARIAMAN, SUMATERA BARAT",18,24,114,138
https://kawalpemilu.org#13281,"MALAI III KOTO, SUNGAI GARINGGING, PADANG PARIAMAN, SUMATERA BARAT",19,15,125,140
https://kawalpemilu.org#13281,"MALAI III KOTO, SUNGAI GARINGGING, PADANG PARIAMAN, SUMATERA BARAT",20,26,115,141
https://kawalpemilu.org#13281,"MALAI III KOTO, SUNGAI GARINGGING, PADANG PARIAMAN, SUMATERA BARAT",21,14,155,169
https://kawalpemilu.org#13281,"MALAI III KOTO, SUNGAI GARINGGING, PADANG PARIAMAN, SUMATERA BARAT",22,15,76,91
https://kawalpemilu.org#13281,"MALAI III KOTO, SUNGAI GARINGGING, PADANG PARIAMAN, SUMATERA BARAT",23,15,107,122
https://kawalpemilu.org#87288,"BATU GADANG KURANJI HULU, SUNGAI GARINGGING, PADANG PARIAMAN, SUMATERA BARAT",1,5,182,187
https://kawalpemilu.org#87288,"BATU GADANG KURANJI HULU, SUNGAI GARINGGING, PADANG PARIAMAN, SUMATERA BARAT",2,11,154,165
https://kawalpemilu.org#87288,"BATU GADANG KURANJI HULU, SUNGAI GARINGGING, PADANG PARIAMAN, SUMATERA BARAT",3,22,171,193
https://kawalpemilu.org#87288,"BATU GADANG KURANJI HULU, SUNGAI GARINGGING, PADANG PARIAMAN, SUMATERA BARAT",4,8,139,147
https://kawalpemilu.org#87288,"BATU GADANG KURANJI HULU, SUNGAI GARINGGING, PADANG PARIAMAN, SUMATERA BARAT",5,6,175,181
https://kawalpemilu.org#87288,"BATU GADANG KURANJI HULU, SUNGAI GARINGGING, PADANG PARIAMAN, SUMATERA BARAT",6,9,112,121
https://kawalpemilu.org#87288,"BATU GADANG KURANJI HULU, SUNGAI GARINGGING, PADANG PARIAMAN, SUMATERA BARAT",7,18,172,190
https://kawalpemilu.org#87288,"BATU GADANG KURANJI HULU, SUNGAI GARINGGING, PADANG PARIAMAN, SUMATERA BARAT",8,19,140,159
https://kawalpemilu.org#87288,"BATU GADANG KURANJI HULU, SUNGAI GARINGGING, PADANG PARIAMAN, SUMATERA BARAT",9,21,172,193
https://kawalpemilu.org#87288,"BATU GADANG KURANJI HULU, SUNGAI GARINGGING, PADANG PARIAMAN, SUMATERA BARAT",10,8,180,188
https://kawalpemilu.org#87288,"BATU GADANG KURANJI HULU, SUNGAI GARINGGING, PADANG PARIAMAN, SUMATERA BARAT",11,18,175,193
https://kawalpemilu.org#87289,"SUNGAI SIRAH KURANJI HULU, SUNGAI GARINGGING, PADANG PARIAMAN, SUMATERA BARAT",1,6,176,182
https://kawalpemilu.org#87289,"SUNGAI SIRAH KURANJI HULU, SUNGAI GARINGGING, PADANG PARIAMAN, SUMATERA BARAT",2,16,134,150
https://kawalpemilu.org#87289,"SUNGAI SIRAH KURANJI HULU, SUNGAI GARINGGING, PADANG PARIAMAN, SUMATERA BARAT",3,9,111,120
https://kawalpemilu.org#87289,"SUNGAI SIRAH KURANJI HULU, SUNGAI GARINGGING, PADANG PARIAMAN, SUMATERA BARAT",4,9,160,169
https://kawalpemilu.org#87289,"SUNGAI SIRAH KURANJI HULU, SUNGAI GARINGGING, PADANG PARIAMAN, SUMATERA BARAT",5,13,127,140
https://kawalpemilu.org#87289,"SUNGAI SIRAH KURANJI HULU, SUNGAI GARINGGING, PADANG PARIAMAN, SUMATERA BARAT",6,2,115,117
https://kawalpemilu.org#87289,"SUNGAI SIRAH KURANJI HULU, SUNGAI GARINGGING, PADANG PARIAMAN, SUMATERA BARAT",7,6,117,123
https://kawalpemilu.org#87289,"SUNGAI SIRAH KURANJI HULU, SUNGAI GARINGGING, PADANG PARIAMAN, SUMATERA BARAT",8,19,100,119
https://kawalpemilu.org#87289,"SUNGAI SIRAH KURANJI HULU, SUNGAI GARINGGING, PADANG PARIAMAN, SUMATERA BARAT",9,3,166,169
https://kawalpemilu.org#87289,"SUNGAI SIRAH KURANJI HULU, SUNGAI GARINGGING, PADANG PARIAMAN, SUMATERA BARAT",10,14,159,173
https://kawalpemilu.org#87289,"SUNGAI SIRAH KURANJI HULU, SUNGAI GARINGGING, PADANG PARIAMAN, SUMATERA BARAT",11,13,169,182
https://kawalpemilu.org#87289,"SUNGAI SIRAH KURANJI HULU, SUNGAI GARINGGING, PADANG PARIAMAN, SUMATERA BARAT",13,22,175,197
https://kawalpemilu.org#87289,"SUNGAI SIRAH KURANJI HULU, SUNGAI GARINGGING, PADANG PARIAMAN, SUMATERA BARAT",14,10,160,170
https://kawalpemilu.org#87289,"SUNGAI SIRAH KURANJI HULU, SUNGAI GARINGGING, PADANG PARIAMAN, SUMATERA BARAT",15,14,167,181
https://kawalpemilu.org#87289,"SUNGAI SIRAH KURANJI HULU, SUNGAI GARINGGING, PADANG PARIAMAN, SUMATERA BARAT",16,11,121,132
https://kawalpemilu.org#87289,"SUNGAI SIRAH KURANJI HULU, SUNGAI GARINGGING, PADANG PARIAMAN, SUMATERA BARAT",17,12,161,173
https://kawalpemilu.org#87289,"SUNGAI SIRAH KURANJI HULU, SUNGAI GARINGGING, PADANG PARIAMAN, SUMATERA BARAT",18,25,164,189
https://kawalpemilu.org#87289,"SUNGAI SIRAH KURANJI HULU, SUNGAI GARINGGING, PADANG PARIAMAN, SUMATERA BARAT",19,11,119,130
https://kawalpemilu.org#87289,"SUNGAI SIRAH KURANJI HULU, SUNGAI GARINGGING, PADANG PARIAMAN, SUMATERA BARAT",20,19,171,190
https://kawalpemilu.org#87289,"SUNGAI SIRAH KURANJI HULU, SUNGAI GARINGGING, PADANG PARIAMAN, SUMATERA BARAT",21,2,125,127
https://kawalpemilu.org#87289,"SUNGAI SIRAH KURANJI HULU, SUNGAI GARINGGING, PADANG PARIAMAN, SUMATERA BARAT",22,1,111,112
https://kawalpemilu.org#87289,"SUNGAI SIRAH KURANJI HULU, SUNGAI GARINGGING, PADANG PARIAMAN, SUMATERA BARAT",23,15,104,119
https://kawalpemilu.org#87289,"SUNGAI SIRAH KURANJI HULU, SUNGAI GARINGGING, PADANG PARIAMAN, SUMATERA BARAT",24,15,189,204
https://kawalpemilu.org#87289,"SUNGAI SIRAH KURANJI HULU, SUNGAI GARINGGING, PADANG PARIAMAN, SUMATERA BARAT",25,4,173,177
https://kawalpemilu.org#87289,"SUNGAI SIRAH KURANJI HULU, SUNGAI GARINGGING, PADANG PARIAMAN, SUMATERA BARAT",26,15,177,192
https://kawalpemilu.org#87289,"SUNGAI SIRAH KURANJI HULU, SUNGAI GARINGGING, PADANG PARIAMAN, SUMATERA BARAT",27,11,207,218
https://kawalpemilu.org#87289,"SUNGAI SIRAH KURANJI HULU, SUNGAI GARINGGING, PADANG PARIAMAN, SUMATERA BARAT",28,12,131,143
https://kawalpemilu.org#87289,"SUNGAI SIRAH KURANJI HULU, SUNGAI GARINGGING, PADANG PARIAMAN, SUMATERA BARAT",29,7,141,148
https://kawalpemilu.org#87289,"SUNGAI SIRAH KURANJI HULU, SUNGAI GARINGGING, PADANG PARIAMAN, SUMATERA BARAT",30,7,164,171
https://kawalpemilu.org#87289,"SUNGAI SIRAH KURANJI HULU, SUNGAI GARINGGING, PADANG PARIAMAN, SUMATERA BARAT",31,13,102,115
https://kawalpemilu.org#87289,"SUNGAI SIRAH KURANJI HULU, SUNGAI GARINGGING, PADANG PARIAMAN, SUMATERA BARAT",32,9,132,141
https://kawalpemilu.org#87289,"SUNGAI SIRAH KURANJI HULU, SUNGAI GARINGGING, PADANG PARIAMAN, SUMATERA BARAT",33,29,120,149
https://kawalpemilu.org#87289,"SUNGAI SIRAH KURANJI HULU, SUNGAI GARINGGING, PADANG PARIAMAN, SUMATERA BARAT",34,7,102,109
https://kawalpemilu.org#87289,"SUNGAI SIRAH KURANJI HULU, SUNGAI GARINGGING, PADANG PARIAMAN, SUMATERA BARAT",35,9,97,106
https://kawalpemilu.org#87289,"SUNGAI SIRAH KURANJI HULU, SUNGAI GARINGGING, PADANG PARIAMAN, SUMATERA BARAT",36,11,124,135
https://kawalpemilu.org#87289,"SUNGAI SIRAH KURANJI HULU, SUNGAI GARINGGING, PADANG PARIAMAN, SUMATERA BARAT",37,3,153,156
https://kawalpemilu.org#87289,"SUNGAI SIRAH KURANJI HULU, SUNGAI GARINGGING, PADANG PARIAMAN, SUMATERA BARAT",38,8,133,141
https://kawalpemilu.org#87289,"SUNGAI SIRAH KURANJI HULU, SUNGAI GARINGGING, PADANG PARIAMAN, SUMATERA BARAT",39,5,57,62
https://kawalpemilu.org#13283,"KURANJI HILIR, SUNGAI LIMAU, PADANG PARIAMAN, SUMATERA BARAT",1,24,154,178
https://kawalpemilu.org#13283,"KURANJI HILIR, SUNGAI LIMAU, PADANG PARIAMAN, SUMATERA BARAT",2,28,134,162
https://kawalpemilu.org#13283,"KURANJI HILIR, SUNGAI LIMAU, PADANG PARIAMAN, SUMATERA BARAT",3,6,139,145
https://kawalpemilu.org#13283,"KURANJI HILIR, SUNGAI LIMAU, PADANG PARIAMAN, SUMATERA BARAT",4,11,155,166
https://kawalpemilu.org#13283,"KURANJI HILIR, SUNGAI LIMAU, PADANG PARIAMAN, SUMATERA BARAT",5,6,163,169
https://kawalpemilu.org#13283,"KURANJI HILIR, SUNGAI LIMAU, PADANG PARIAMAN, SUMATERA BARAT",6,19,152,171
https://kawalpemilu.org#13283,"KURANJI HILIR, SUNGAI LIMAU, PADANG PARIAMAN, SUMATERA BARAT",7,19,153,172
https://kawalpemilu.org#13283,"KURANJI HILIR, SUNGAI LIMAU, PADANG PARIAMAN, SUMATERA BARAT",8,7,176,183
https://kawalpemilu.org#13283,"KURANJI HILIR, SUNGAI LIMAU, PADANG PARIAMAN, SUMATERA BARAT",9,16,192,208
https://kawalpemilu.org#13283,"KURANJI HILIR, SUNGAI LIMAU, PADANG PARIAMAN, SUMATERA BARAT",10,6,128,134
https://kawalpemilu.org#13283,"KURANJI HILIR, SUNGAI LIMAU, PADANG PARIAMAN, SUMATERA BARAT",11,22,121,143
https://kawalpemilu.org#13283,"KURANJI HILIR, SUNGAI LIMAU, PADANG PARIAMAN, SUMATERA BARAT",12,11,166,177
https://kawalpemilu.org#13283,"KURANJI HILIR, SUNGAI LIMAU, PADANG PARIAMAN, SUMATERA BARAT",13,8,131,139
https://kawalpemilu.org#13283,"KURANJI HILIR, SUNGAI LIMAU, PADANG PARIAMAN, SUMATERA BARAT",14,17,133,150
https://kawalpemilu.org#13283,"KURANJI HILIR, SUNGAI LIMAU, PADANG PARIAMAN, SUMATERA BARAT",15,5,120,125
https://kawalpemilu.org#13283,"KURANJI HILIR, SUNGAI LIMAU, PADANG PARIAMAN, SUMATERA BARAT",16,14,121,135
https://kawalpemilu.org#13283,"KURANJI HILIR, SUNGAI LIMAU, PADANG PARIAMAN, SUMATERA BARAT",17,19,78,97
https://kawalpemilu.org#13283,"KURANJI HILIR, SUNGAI LIMAU, PADANG PARIAMAN, SUMATERA BARAT",18,11,122,133
https://kawalpemilu.org#13283,"KURANJI HILIR, SUNGAI LIMAU, PADANG PARIAMAN, SUMATERA BARAT",19,8,152,160
https://kawalpemilu.org#13283,"KURANJI HILIR, SUNGAI LIMAU, PADANG PARIAMAN, SUMATERA BARAT",21,7,190,197
https://kawalpemilu.org#13283,"KURANJI HILIR, SUNGAI LIMAU, PADANG PARIAMAN, SUMATERA BARAT",22,15,144,159
https://kawalpemilu.org#13283,"KURANJI HILIR, SUNGAI LIMAU, PADANG PARIAMAN, SUMATERA BARAT",23,4,141,145
https://kawalpemilu.org#13283,"KURANJI HILIR, SUNGAI LIMAU, PADANG PARIAMAN, SUMATERA BARAT",24,9,157,166
https://kawalpemilu.org#13283,"KURANJI HILIR, SUNGAI LIMAU, PADANG PARIAMAN, SUMATERA BARAT",25,5,150,155
https://kawalpemilu.org#13283,"KURANJI HILIR, SUNGAI LIMAU, PADANG PARIAMAN, SUMATERA BARAT",26,10,115,125
https://kawalpemilu.org#13283,"KURANJI HILIR, SUNGAI LIMAU, PADANG PARIAMAN, SUMATERA BARAT",27,5,111,116
https://kawalpemilu.org#13283,"KURANJI HILIR, SUNGAI LIMAU, PADANG PARIAMAN, SUMATERA BARAT",28,7,142,149
https://kawalpemilu.org#13283,"KURANJI HILIR, SUNGAI LIMAU, PADANG PARIAMAN, SUMATERA BARAT",29,13,86,81
https://kawalpemilu.org#13283,"KURANJI HILIR, SUNGAI LIMAU, PADANG PARIAMAN, SUMATERA BARAT",30,7,101,108
https://kawalpemilu.org#13283,"KURANJI HILIR, SUNGAI LIMAU, PADANG PARIAMAN, SUMATERA BARAT",31,13,80,93
https://kawalpemilu.org#13283,"KURANJI HILIR, SUNGAI LIMAU, PADANG PARIAMAN, SUMATERA BARAT",32,12,76,88
https://kawalpemilu.org#13284,"PILUBANG, SUNGAI LIMAU, PADANG PARIAMAN, SUMATERA BARAT",1,14,172,186
https://kawalpemilu.org#13284,"PILUBANG, SUNGAI LIMAU, PADANG PARIAMAN, SUMATERA BARAT",2,7,152,159
https://kawalpemilu.org#13284,"PILUBANG, SUNGAI LIMAU, PADANG PARIAMAN, SUMATERA BARAT",3,7,190,197
https://kawalpemilu.org#13284,"PILUBANG, SUNGAI LIMAU, PADANG PARIAMAN, SUMATERA BARAT",4,2,125,127
https://kawalpemilu.org#13284,"PILUBANG, SUNGAI LIMAU, PADANG PARIAMAN, SUMATERA BARAT",5,20,160,180
https://kawalpemilu.org#13284,"PILUBANG, SUNGAI LIMAU, PADANG PARIAMAN, SUMATERA BARAT",6,5,137,142
https://kawalpemilu.org#13284,"PILUBANG, SUNGAI LIMAU, PADANG PARIAMAN, SUMATERA BARAT",7,2,145,147
https://kawalpemilu.org#13284,"PILUBANG, SUNGAI LIMAU, PADANG PARIAMAN, SUMATERA BARAT",8,6,162,168
https://kawalpemilu.org#13284,"PILUBANG, SUNGAI LIMAU, PADANG PARIAMAN, SUMATERA BARAT",9,5,111,116
https://kawalpemilu.org#13284,"PILUBANG, SUNGAI LIMAU, PADANG PARIAMAN, SUMATERA BARAT",10,12,191,203
https://kawalpemilu.org#13284,"PILUBANG, SUNGAI LIMAU, PADANG PARIAMAN, SUMATERA BARAT",11,9,124,133
https://kawalpemilu.org#13284,"PILUBANG, SUNGAI LIMAU, PADANG PARIAMAN, SUMATERA BARAT",12,2,184,186
https://kawalpemilu.org#13284,"PILUBANG, SUNGAI LIMAU, PADANG PARIAMAN, SUMATERA BARAT",13,9,178,187
https://kawalpemilu.org#13284,"PILUBANG, SUNGAI LIMAU, PADANG PARIAMAN, SUMATERA BARAT",15,7,82,89
https://kawalpemilu.org#13284,"PILUBANG, SUNGAI LIMAU, PADANG PARIAMAN, SUMATERA BARAT",17,4,213,217
https://kawalpemilu.org#13284,"PILUBANG, SUNGAI LIMAU, PADANG PARIAMAN, SUMATERA BARAT",18,6,159,165
https://kawalpemilu.org#13284,"PILUBANG, SUNGAI LIMAU, PADANG PARIAMAN, SUMATERA BARAT",19,4,156,160
https://kawalpemilu.org#13284,"PILUBANG, SUNGAI LIMAU, PADANG PARIAMAN, SUMATERA BARAT",20,1,122,123
https://kawalpemilu.org#13284,"PILUBANG, SUNGAI LIMAU, PADANG PARIAMAN, SUMATERA BARAT",21,5,184,189
https://kawalpemilu.org#13284,"PILUBANG, SUNGAI LIMAU, PADANG PARIAMAN, SUMATERA BARAT",22,18,176,194
https://kawalpemilu.org#13284,"PILUBANG, SUNGAI LIMAU, PADANG PARIAMAN, SUMATERA BARAT",24,13,187,200
https://kawalpemilu.org#13284,"PILUBANG, SUNGAI LIMAU, PADANG PARIAMAN, SUMATERA BARAT",25,7,159,166
https://kawalpemilu.org#13284,"PILUBANG, SUNGAI LIMAU, PADANG PARIAMAN, SUMATERA BARAT",26,8,198,206
https://kawalpemilu.org#13284,"PILUBANG, SUNGAI LIMAU, PADANG PARIAMAN, SUMATERA BARAT",27,17,180,197
https://kawalpemilu.org#13284,"PILUBANG, SUNGAI LIMAU, PADANG PARIAMAN, SUMATERA BARAT",29,3,118,121
https://kawalpemilu.org#13284,"PILUBANG, SUNGAI LIMAU, PADANG PARIAMAN, SUMATERA BARAT",30,12,135,147
https://kawalpemilu.org#13284,"PILUBANG, SUNGAI LIMAU, PADANG PARIAMAN, SUMATERA BARAT",31,14,159,173
https://kawalpemilu.org#13284,"PILUBANG, SUNGAI LIMAU, PADANG PARIAMAN, SUMATERA BARAT",32,14,105,119
https://kawalpemilu.org#13284,"PILUBANG, SUNGAI LIMAU, PADANG PARIAMAN, SUMATERA BARAT",33,10,136,146
https://kawalpemilu.org#13284,"PILUBANG, SUNGAI LIMAU, PADANG PARIAMAN, SUMATERA BARAT",34,13,158,171
https://kawalpemilu.org#13284,"PILUBANG, SUNGAI LIMAU, PADANG PARIAMAN, SUMATERA BARAT",35,9,144,153
https://kawalpemilu.org#13284,"PILUBANG, SUNGAI LIMAU, PADANG PARIAMAN, SUMATERA BARAT",36,12,157,169
https://kawalpemilu.org#13284,"PILUBANG, SUNGAI LIMAU, PADANG PARIAMAN, SUMATERA BARAT",37,12,172,184
https://kawalpemilu.org#13284,"PILUBANG, SUNGAI LIMAU, PADANG PARIAMAN, SUMATERA BARAT",38,10,144,154
https://kawalpemilu.org#13284,"PILUBANG, SUNGAI LIMAU, PADANG PARIAMAN, SUMATERA BARAT",39,9,129,138
https://kawalpemilu.org#13284,"PILUBANG, SUNGAI LIMAU, PADANG PARIAMAN, SUMATERA BARAT",41,11,160,171
https://kawalpemilu.org#13284,"PILUBANG, SUNGAI LIMAU, PADANG PARIAMAN, SUMATERA BARAT",42,4,127,131
https://kawalpemilu.org#13284,"PILUBANG, SUNGAI LIMAU, PADANG PARIAMAN, SUMATERA BARAT",43,8,68,76
https://kawalpemilu.org#13284,"PILUBANG, SUNGAI LIMAU, PADANG PARIAMAN, SUMATERA BARAT",44,8,140,148
https://kawalpemilu.org#13284,"PILUBANG, SUNGAI LIMAU, PADANG PARIAMAN, SUMATERA BARAT",45,10,112,122
https://kawalpemilu.org#13284,"PILUBANG, SUNGAI LIMAU, PADANG PARIAMAN, SUMATERA BARAT",46,3,175,178
https://kawalpemilu.org#13284,"PILUBANG, SUNGAI LIMAU, PADANG PARIAMAN, SUMATERA BARAT",47,4,117,121
https://kawalpemilu.org#13284,"PILUBANG, SUNGAI LIMAU, PADANG PARIAMAN, SUMATERA BARAT",48,7,137,144
https://kawalpemilu.org#13284,"PILUBANG, SUNGAI LIMAU, PADANG PARIAMAN, SUMATERA BARAT",49,3,68,71
https://kawalpemilu.org#87290,"GUGUAK KURANJI HILIR, SUNGAI LIMAU, PADANG PARIAMAN, SUMATERA BARAT",1,17,168,184
https://kawalpemilu.org#87290,"GUGUAK KURANJI HILIR, SUNGAI LIMAU, PADANG PARIAMAN, SUMATERA BARAT",2,7,122,129
https://kawalpemilu.org#87290,"GUGUAK KURANJI HILIR, SUNGAI LIMAU, PADANG PARIAMAN, SUMATERA BARAT",3,18,189,207
https://kawalpemilu.org#87290,"GUGUAK KURANJI HILIR, SUNGAI LIMAU, PADANG PARIAMAN, SUMATERA BARAT",4,10,165,175
https://kawalpemilu.org#87290,"GUGUAK KURANJI HILIR, SUNGAI LIMAU, PADANG PARIAMAN, SUMATERA BARAT",5,5,97,102
https://kawalpemilu.org#87290,"GUGUAK KURANJI HILIR, SUNGAI LIMAU, PADANG PARIAMAN, SUMATERA BARAT",6,3,103,106
https://kawalpemilu.org#87290,"GUGUAK KURANJI HILIR, SUNGAI LIMAU, PADANG PARIAMAN, SUMATERA BARAT",7,7,124,131
https://kawalpemilu.org#87290,"GUGUAK KURANJI HILIR, SUNGAI LIMAU, PADANG PARIAMAN, SUMATERA BARAT",8,6,118,124
https://kawalpemilu.org#87290,"GUGUAK KURANJI HILIR, SUNGAI LIMAU, PADANG PARIAMAN, SUMATERA BARAT",9,1,109,110
https://kawalpemilu.org#87291,"KOTO TINGGI KURANJI HILIR, SUNGAI LIMAU, PADANG PARIAMAN, SUMATERA BARAT",1,7,134,141
https://kawalpemilu.org#87291,"KOTO TINGGI KURANJI HILIR, SUNGAI LIMAU, PADANG PARIAMAN, SUMATERA BARAT",2,22,118,140
https://kawalpemilu.org#87291,"KOTO TINGGI KURANJI HILIR, SUNGAI LIMAU, PADANG PARIAMAN, SUMATERA BARAT",3,12,161,173
https://kawalpemilu.org#87291,"KOTO TINGGI KURANJI HILIR, SUNGAI LIMAU, PADANG PARIAMAN, SUMATERA BARAT",4,20,123,143
https://kawalpemilu.org#87291,"KOTO TINGGI KURANJI HILIR, SUNGAI LIMAU, PADANG PARIAMAN, SUMATERA BARAT",5,3,100,103
https://kawalpemilu.org#87291,"KOTO TINGGI KURANJI HILIR, SUNGAI LIMAU, PADANG PARIAMAN, SUMATERA BARAT",6,25,159,184
https://kawalpemilu.org#87291,"KOTO TINGGI KURANJI HILIR, SUNGAI LIMAU, PADANG PARIAMAN, SUMATERA BARAT",7,3,72,75
https://kawalpemilu.org#87291,"KOTO TINGGI KURANJI HILIR, SUNGAI LIMAU, PADANG PARIAMAN, SUMATERA BARAT",8,2,106,108
https://kawalpemilu.org#87291,"KOTO TINGGI KURANJI HILIR, SUNGAI LIMAU, PADANG PARIAMAN, SUMATERA BARAT",9,11,105,116
https://kawalpemilu.org#87291,"KOTO TINGGI KURANJI HILIR, SUNGAI LIMAU, PADANG PARIAMAN, SUMATERA BARAT",10,14,83,97
https://kawalpemilu.org#13286,"III KOTO AUR MALINTANG, IV KOTO AUR MALINTANG, PADANG PARIAMAN, SUMATERA BARAT",1,8,118,126
https://kawalpemilu.org#13286,"III KOTO AUR MALINTANG, IV KOTO AUR MALINTANG, PADANG PARIAMAN, SUMATERA BARAT",2,12,116,128
https://kawalpemilu.org#13286,"III KOTO AUR MALINTANG, IV KOTO AUR MALINTANG, PADANG PARIAMAN, SUMATERA BARAT",3,13,128,141
https://kawalpemilu.org#13286,"III KOTO AUR MALINTANG, IV KOTO AUR MALINTANG, PADANG PARIAMAN, SUMATERA BARAT",4,10,114,124
https://kawalpemilu.org#13286,"III KOTO AUR MALINTANG, IV KOTO AUR MALINTANG, PADANG PARIAMAN, SUMATERA BARAT",5,17,168,185
https://kawalpemilu.org#13286,"III KOTO AUR MALINTANG, IV KOTO AUR MALINTANG, PADANG PARIAMAN, SUMATERA BARAT",6,5,146,151
https://kawalpemilu.org#13286,"III KOTO AUR MALINTANG, IV KOTO AUR MALINTANG, PADANG PARIAMAN, SUMATERA BARAT",7,14,138,152
https://kawalpemilu.org#13286,"III KOTO AUR MALINTANG, IV KOTO AUR MALINTANG, PADANG PARIAMAN, SUMATERA BARAT",8,9,102,111
https://kawalpemilu.org#13286,"III KOTO AUR MALINTANG, IV KOTO AUR MALINTANG, PADANG PARIAMAN, SUMATERA BARAT",9,25,142,167
https://kawalpemilu.org#13286,"III KOTO AUR MALINTANG, IV KOTO AUR MALINTANG, PADANG PARIAMAN, SUMATERA BARAT",10,10,52,62
https://kawalpemilu.org#13286,"III KOTO AUR MALINTANG, IV KOTO AUR MALINTANG, PADANG PARIAMAN, SUMATERA BARAT",11,24,95,119
https://kawalpemilu.org#13286,"III KOTO AUR MALINTANG, IV KOTO AUR MALINTANG, PADANG PARIAMAN, SUMATERA BARAT",12,15,148,163
https://kawalpemilu.org#13286,"III KOTO AUR MALINTANG, IV KOTO AUR MALINTANG, PADANG PARIAMAN, SUMATERA BARAT",13,12,125,137
https://kawalpemilu.org#13286,"III KOTO AUR MALINTANG, IV KOTO AUR MALINTANG, PADANG PARIAMAN, SUMATERA BARAT",14,16,116,132
https://kawalpemilu.org#13286,"III KOTO AUR MALINTANG, IV KOTO AUR MALINTANG, PADANG PARIAMAN, SUMATERA BARAT",15,8,116,124
https://kawalpemilu.org#13286,"III KOTO AUR MALINTANG, IV KOTO AUR MALINTANG, PADANG PARIAMAN, SUMATERA BARAT",16,14,113,127
https://kawalpemilu.org#13286,"III KOTO AUR MALINTANG, IV KOTO AUR MALINTANG, PADANG PARIAMAN, SUMATERA BARAT",17,9,111,120
https://kawalpemilu.org#13286,"III KOTO AUR MALINTANG, IV KOTO AUR MALINTANG, PADANG PARIAMAN, SUMATERA BARAT",18,9,84,93
https://kawalpemilu.org#87292,"III KOTO AUR MALINTANG UTARA, IV KOTO AUR MALINTANG, PADANG PARIAMAN, SUMATERA BARAT",1,14,123,137
https://kawalpemilu.org#87292,"III KOTO AUR MALINTANG UTARA, IV KOTO AUR MALINTANG, PADANG PARIAMAN, SUMATERA BARAT",2,15,127,142
https://kawalpemilu.org#87292,"III KOTO AUR MALINTANG UTARA, IV KOTO AUR MALINTANG, PADANG PARIAMAN, SUMATERA BARAT",3,8,107,115
https://kawalpemilu.org#87292,"III KOTO AUR MALINTANG UTARA, IV KOTO AUR MALINTANG, PADANG PARIAMAN, SUMATERA BARAT",4,13,126,139
https://kawalpemilu.org#87292,"III KOTO AUR MALINTANG UTARA, IV KOTO AUR MALINTANG, PADANG PARIAMAN, SUMATERA BARAT",5,6,136,142
https://kawalpemilu.org#87292,"III KOTO AUR MALINTANG UTARA, IV KOTO AUR MALINTANG, PADANG PARIAMAN, SUMATERA BARAT",6,22,128,150
https://kawalpemilu.org#87292,"III KOTO AUR MALINTANG UTARA, IV KOTO AUR MALINTANG, PADANG PARIAMAN, SUMATERA BARAT",7,11,130,141
https://kawalpemilu.org#87292,"III KOTO AUR MALINTANG UTARA, IV KOTO AUR MALINTANG, PADANG PARIAMAN, SUMATERA BARAT",8,18,105,123
https://kawalpemilu.org#87292,"III KOTO AUR MALINTANG UTARA, IV KOTO AUR MALINTANG, PADANG PARIAMAN, SUMATERA BARAT",9,20,141,161
https://kawalpemilu.org#87292,"III KOTO AUR MALINTANG UTARA, IV KOTO AUR MALINTANG, PADANG PARIAMAN, SUMATERA BARAT",10,5,94,99
https://kawalpemilu.org#87293,"III KOTO AUR MALINTANG TIMUR, IV KOTO AUR MALINTANG, PADANG PARIAMAN, SUMATERA BARAT",1,29,133,162
https://kawalpemilu.org#87293,"III KOTO AUR MALINTANG TIMUR, IV KOTO AUR MALINTANG, PADANG PARIAMAN, SUMATERA BARAT",2,12,88,100
https://kawalpemilu.org#87293,"III KOTO AUR MALINTANG TIMUR, IV KOTO AUR MALINTANG, PADANG PARIAMAN, SUMATERA BARAT",3,11,147,158
https://kawalpemilu.org#87293,"III KOTO AUR MALINTANG TIMUR, IV KOTO AUR MALINTANG, PADANG PARIAMAN, SUMATERA BARAT",4,13,135,148
https://kawalpemilu.org#87293,"III KOTO AUR MALINTANG TIMUR, IV KOTO AUR MALINTANG, PADANG PARIAMAN, SUMATERA BARAT",5,14,100,114
https://kawalpemilu.org#87294,"III KOTO AUR MALINTANG SELATAN, IV KOTO AUR MALINTANG, PADANG PARIAMAN, SUMATERA BARAT",1,9,74,83
https://kawalpemilu.org#87294,"III KOTO AUR MALINTANG SELATAN, IV KOTO AUR MALINTANG, PADANG PARIAMAN, SUMATERA BARAT",2,22,131,153
https://kawalpemilu.org#87294,"III KOTO AUR MALINTANG SELATAN, IV KOTO AUR MALINTANG, PADANG PARIAMAN, SUMATERA BARAT",3,12,180,192
https://kawalpemilu.org#87294,"III KOTO AUR MALINTANG SELATAN, IV KOTO AUR MALINTANG, PADANG PARIAMAN, SUMATERA BARAT",4,12,109,121
https://kawalpemilu.org#87294,"III KOTO AUR MALINTANG SELATAN, IV KOTO AUR MALINTANG, PADANG PARIAMAN, SUMATERA BARAT",5,16,93,109
https://kawalpemilu.org#87294,"III KOTO AUR MALINTANG SELATAN, IV KOTO AUR MALINTANG, PADANG PARIAMAN, SUMATERA BARAT",6,15,118,133
https://kawalpemilu.org#87294,"III KOTO AUR MALINTANG SELATAN, IV KOTO AUR MALINTANG, PADANG PARIAMAN, SUMATERA BARAT",7,22,173,195
https://kawalpemilu.org#87294,"III KOTO AUR MALINTANG SELATAN, IV KOTO AUR MALINTANG, PADANG PARIAMAN, SUMATERA BARAT",8,8,122,130
https://kawalpemilu.org#87294,"III KOTO AUR MALINTANG SELATAN, IV KOTO AUR MALINTANG, PADANG PARIAMAN, SUMATERA BARAT",9,14,80,94
https://kawalpemilu.org#87294,"III KOTO AUR MALINTANG SELATAN, IV KOTO AUR MALINTANG, PADANG PARIAMAN, SUMATERA BARAT",10,29,145,174
https://kawalpemilu.org#87294,"III KOTO AUR MALINTANG SELATAN, IV KOTO AUR MALINTANG, PADANG PARIAMAN, SUMATERA BARAT",11,15,163,178
https://kawalpemilu.org#87294,"III KOTO AUR MALINTANG SELATAN, IV KOTO AUR MALINTANG, PADANG PARIAMAN, SUMATERA BARAT",12,8,95,103
https://kawalpemilu.org#87294,"III KOTO AUR MALINTANG SELATAN, IV KOTO AUR MALINTANG, PADANG PARIAMAN, SUMATERA BARAT",13,16,136,152
https://kawalpemilu.org#87294,"III KOTO AUR MALINTANG SELATAN, IV KOTO AUR MALINTANG, PADANG PARIAMAN, SUMATERA BARAT",14,16,111,127
https://kawalpemilu.org#87294,"III KOTO AUR MALINTANG SELATAN, IV KOTO AUR MALINTANG, PADANG PARIAMAN, SUMATERA BARAT",15,22,157,179
https://kawalpemilu.org#87294,"III KOTO AUR MALINTANG SELATAN, IV KOTO AUR MALINTANG, PADANG PARIAMAN, SUMATERA BARAT",16,8,109,117
https://kawalpemilu.org#87294,"III KOTO AUR MALINTANG SELATAN, IV KOTO AUR MALINTANG, PADANG PARIAMAN, SUMATERA BARAT",17,13,113,126
https://kawalpemilu.org#87294,"III KOTO AUR MALINTANG SELATAN, IV KOTO AUR MALINTANG, PADANG PARIAMAN, SUMATERA BARAT",18,11,115,126
https://kawalpemilu.org#87294,"III KOTO AUR MALINTANG SELATAN, IV KOTO AUR MALINTANG, PADANG PARIAMAN, SUMATERA BARAT",19,7,100,107
https://kawalpemilu.org#87294,"III KOTO AUR MALINTANG SELATAN, IV KOTO AUR MALINTANG, PADANG PARIAMAN, SUMATERA BARAT",20,14,111,125
https://kawalpemilu.org#87294,"III KOTO AUR MALINTANG SELATAN, IV KOTO AUR MALINTANG, PADANG PARIAMAN, SUMATERA BARAT",21,6,108,114
https://kawalpemilu.org#87294,"III KOTO AUR MALINTANG SELATAN, IV KOTO AUR MALINTANG, PADANG PARIAMAN, SUMATERA BARAT",22,11,109,120
https://kawalpemilu.org#87294,"III KOTO AUR MALINTANG SELATAN, IV KOTO AUR MALINTANG, PADANG PARIAMAN, SUMATERA BARAT",23,12,144,156
https://kawalpemilu.org#87294,"III KOTO AUR MALINTANG SELATAN, IV KOTO AUR MALINTANG, PADANG PARIAMAN, SUMATERA BARAT",24,9,125,134
https://kawalpemilu.org#87294,"III KOTO AUR MALINTANG SELATAN, IV KOTO AUR MALINTANG, PADANG PARIAMAN, SUMATERA BARAT",25,19,109,128
https://kawalpemilu.org#87294,"III KOTO AUR MALINTANG SELATAN, IV KOTO AUR MALINTANG, PADANG PARIAMAN, SUMATERA BARAT",26,8,119,127
https://kawalpemilu.org#87294,"III KOTO AUR MALINTANG SELATAN, IV KOTO AUR MALINTANG, PADANG PARIAMAN, SUMATERA BARAT",27,15,95,110
https://kawalpemilu.org#87294,"III KOTO AUR MALINTANG SELATAN, IV KOTO AUR MALINTANG, PADANG PARIAMAN, SUMATERA BARAT",28,19,112,131
https://kawalpemilu.org#87294,"III KOTO AUR MALINTANG SELATAN, IV KOTO AUR MALINTANG, PADANG PARIAMAN, SUMATERA BARAT",29,11,122,133
https://kawalpemilu.org#87294,"III KOTO AUR MALINTANG SELATAN, IV KOTO AUR MALINTANG, PADANG PARIAMAN, SUMATERA BARAT",30,12,89,101
https://kawalpemilu.org#87295,"BALAI BAIAK MALAI III KOTO, IV KOTO AUR MALINTANG, PADANG PARIAMAN, SUMATERA BARAT",1,7,143,150
https://kawalpemilu.org#87295,"BALAI BAIAK MALAI III KOTO, IV KOTO AUR MALINTANG, PADANG PARIAMAN, SUMATERA BARAT",2,5,146,151
https://kawalpemilu.org#87295,"BALAI BAIAK MALAI III KOTO, IV KOTO AUR MALINTANG, PADANG PARIAMAN, SUMATERA BARAT",3,10,97,106
https://kawalpemilu.org#87295,"BALAI BAIAK MALAI III KOTO, IV KOTO AUR MALINTANG, PADANG PARIAMAN, SUMATERA BARAT",4,11,125,136
https://kawalpemilu.org#87295,"BALAI BAIAK MALAI III KOTO, IV KOTO AUR MALINTANG, PADANG PARIAMAN, SUMATERA BARAT",5,6,167,173
https://kawalpemilu.org#87295,"BALAI BAIAK MALAI III KOTO, IV KOTO AUR MALINTANG, PADANG PARIAMAN, SUMATERA BARAT",6,10,129,139
https://kawalpemilu.org#87295,"BALAI BAIAK MALAI III KOTO, IV KOTO AUR MALINTANG, PADANG PARIAMAN, SUMATERA BARAT",7,15,113,128
https://kawalpemilu.org#87295,"BALAI BAIAK MALAI III KOTO, IV KOTO AUR MALINTANG, PADANG PARIAMAN, SUMATERA BARAT",8,3,105,108
https://kawalpemilu.org#87295,"BALAI BAIAK MALAI III KOTO, IV KOTO AUR MALINTANG, PADANG PARIAMAN, SUMATERA BARAT",9,5,56,61
https://kawalpemilu.org#13288,"TAPAKIH, ULAKAN TAPAKIH, PADANG PARIAMAN, SUMATERA BARAT",1,5,113,118
https://kawalpemilu.org#13288,"TAPAKIH, ULAKAN TAPAKIH, PADANG PARIAMAN, SUMATERA BARAT",2,14,173,187
https://kawalpemilu.org#13288,"TAPAKIH, ULAKAN TAPAKIH, PADANG PARIAMAN, SUMATERA BARAT",3,9,132,141
https://kawalpemilu.org#13288,"TAPAKIH, ULAKAN TAPAKIH, PADANG PARIAMAN, SUMATERA BARAT",4,13,127,140
https://kawalpemilu.org#13288,"TAPAKIH, ULAKAN TAPAKIH, PADANG PARIAMAN, SUMATERA BARAT",5,5,31,36
https://kawalpemilu.org#13288,"TAPAKIH, ULAKAN TAPAKIH, PADANG PARIAMAN, SUMATERA BARAT",6,35,139,174
https://kawalpemilu.org#13288,"TAPAKIH, ULAKAN TAPAKIH, PADANG PARIAMAN, SUMATERA BARAT",7,1,117,118
https://kawalpemilu.org#13288,"TAPAKIH, ULAKAN TAPAKIH, PADANG PARIAMAN, SUMATERA BARAT",8,3,126,129
https://kawalpemilu.org#13288,"TAPAKIH, ULAKAN TAPAKIH, PADANG PARIAMAN, SUMATERA BARAT",9,4,111,115
https://kawalpemilu.org#13288,"TAPAKIH, ULAKAN TAPAKIH, PADANG PARIAMAN, SUMATERA BARAT",10,14,186,200
https://kawalpemilu.org#13288,"TAPAKIH, ULAKAN TAPAKIH, PADANG PARIAMAN, SUMATERA BARAT",11,17,190,207
https://kawalpemilu.org#13288,"TAPAKIH, ULAKAN TAPAKIH, PADANG PARIAMAN, SUMATERA BARAT",12,8,104,112
https://kawalpemilu.org#13288,"TAPAKIH, ULAKAN TAPAKIH, PADANG PARIAMAN, SUMATERA BARAT",13,40,150,190
https://kawalpemilu.org#13288,"TAPAKIH, ULAKAN TAPAKIH, PADANG PARIAMAN, SUMATERA BARAT",14,27,124,151
https://kawalpemilu.org#13288,"TAPAKIH, ULAKAN TAPAKIH, PADANG PARIAMAN, SUMATERA BARAT",15,4,151,155
https://kawalpemilu.org#13288,"TAPAKIH, ULAKAN TAPAKIH, PADANG PARIAMAN, SUMATERA BARAT",16,12,182,194
https://kawalpemilu.org#13288,"TAPAKIH, ULAKAN TAPAKIH, PADANG PARIAMAN, SUMATERA BARAT",17,6,116,122
https://kawalpemilu.org#13288,"TAPAKIH, ULAKAN TAPAKIH, PADANG PARIAMAN, SUMATERA BARAT",18,28,187,215
https://kawalpemilu.org#13288,"TAPAKIH, ULAKAN TAPAKIH, PADANG PARIAMAN, SUMATERA BARAT",19,7,115,122
https://kawalpemilu.org#13289,"ULAKAN, ULAKAN TAPAKIH, PADANG PARIAMAN, SUMATERA BARAT",1,6,127,133
https://kawalpemilu.org#13289,"ULAKAN, ULAKAN TAPAKIH, PADANG PARIAMAN, SUMATERA BARAT",2,12,119,131
https://kawalpemilu.org#13289,"ULAKAN, ULAKAN TAPAKIH, PADANG PARIAMAN, SUMATERA BARAT",3,6,141,147
https://kawalpemilu.org#13289,"ULAKAN, ULAKAN TAPAKIH, PADANG PARIAMAN, SUMATERA BARAT",4,6,160,166
https://kawalpemilu.org#13289,"ULAKAN, ULAKAN TAPAKIH, PADANG PARIAMAN, SUMATERA BARAT",5,11,161,172
https://kawalpemilu.org#13289,"ULAKAN, ULAKAN TAPAKIH, PADANG PARIAMAN, SUMATERA BARAT",6,8,150,158
https://kawalpemilu.org#13289,"ULAKAN, ULAKAN TAPAKIH, PADANG PARIAMAN, SUMATERA BARAT",7,13,146,159
https://kawalpemilu.org#13289,"ULAKAN, ULAKAN TAPAKIH, PADANG PARIAMAN, SUMATERA BARAT",8,8,130,138
https://kawalpemilu.org#13289,"ULAKAN, ULAKAN TAPAKIH, PADANG PARIAMAN, SUMATERA BARAT",9,14,188,202
https://kawalpemilu.org#13289,"ULAKAN, ULAKAN TAPAKIH, PADANG PARIAMAN, SUMATERA BARAT",10,29,164,193
https://kawalpemilu.org#931237,"Padang Toboh Ulakan, ULAKAN TAPAKIH, PADANG PARIAMAN, SUMATERA BARAT",1,18,125,143
https://kawalpemilu.org#931237,"Padang Toboh Ulakan, ULAKAN TAPAKIH, PADANG PARIAMAN, SUMATERA BARAT",2,7,116,123
https://kawalpemilu.org#931237,"Padang Toboh Ulakan, ULAKAN TAPAKIH, PADANG PARIAMAN, SUMATERA BARAT",3,6,169,175
https://kawalpemilu.org#931237,"Padang Toboh Ulakan, ULAKAN TAPAKIH, PADANG PARIAMAN, SUMATERA BARAT",4,6,81,87
https://kawalpemilu.org#931237,"Padang Toboh Ulakan, ULAKAN TAPAKIH, PADANG PARIAMAN, SUMATERA BARAT",5,2,108,110
https://kawalpemilu.org#931238,"Sungai Gimba Ulakan, ULAKAN TAPAKIH, PADANG PARIAMAN, SUMATERA BARAT",1,12,188,200
https://kawalpemilu.org#931238,"Sungai Gimba Ulakan, ULAKAN TAPAKIH, PADANG PARIAMAN, SUMATERA BARAT",2,12,141,153
https://kawalpemilu.org#931238,"Sungai Gimba Ulakan, ULAKAN TAPAKIH, PADANG PARIAMAN, SUMATERA BARAT",3,11,173,171
https://kawalpemilu.org#931238,"Sungai Gimba Ulakan, ULAKAN TAPAKIH, PADANG PARIAMAN, SUMATERA BARAT",4,20,187,207
https://kawalpemilu.org#931238,"Sungai Gimba Ulakan, ULAKAN TAPAKIH, PADANG PARIAMAN, SUMATERA BARAT",5,22,162,184
https://kawalpemilu.org#931239,"Seulayat Ulakan, ULAKAN TAPAKIH, PADANG PARIAMAN, SUMATERA BARAT",1,10,115,125
https://kawalpemilu.org#931239,"Seulayat Ulakan, ULAKAN TAPAKIH, PADANG PARIAMAN, SUMATERA BARAT",2,7,133,140
https://kawalpemilu.org#931239,"Seulayat Ulakan, ULAKAN TAPAKIH, PADANG PARIAMAN, SUMATERA BARAT",3,14,180,194
https://kawalpemilu.org#931239,"Seulayat Ulakan, ULAKAN TAPAKIH, PADANG PARIAMAN, SUMATERA BARAT",4,18,172,190
https://kawalpemilu.org#931239,"Seulayat Ulakan, ULAKAN TAPAKIH, PADANG PARIAMAN, SUMATERA BARAT",5,22,94,116
https://kawalpemilu.org#931239,"Seulayat Ulakan, ULAKAN TAPAKIH, PADANG PARIAMAN, SUMATERA BARAT",6,17,184,201
https://kawalpemilu.org#931240,"Manggopoh Palak Gadang Ulakan, ULAKAN TAPAKIH, PADANG PARIAMAN, SUMATERA BARAT",1,11,158,169
https://kawalpemilu.org#931240,"Manggopoh Palak Gadang Ulakan, ULAKAN TAPAKIH, PADANG PARIAMAN, SUMATERA BARAT",2,14,133,147
https://kawalpemilu.org#931240,"Manggopoh Palak Gadang Ulakan, ULAKAN TAPAKIH, PADANG PARIAMAN, SUMATERA BARAT",3,15,134,149
https://kawalpemilu.org#931240,"Manggopoh Palak Gadang Ulakan, ULAKAN TAPAKIH, PADANG PARIAMAN, SUMATERA BARAT",4,9,110,119
https://kawalpemilu.org#931240,"Manggopoh Palak Gadang Ulakan, ULAKAN TAPAKIH, PADANG PARIAMAN, SUMATERA BARAT",5,13,80,93
https://kawalpemilu.org#931240,"Manggopoh Palak Gadang Ulakan, ULAKAN TAPAKIH, PADANG PARIAMAN, SUMATERA BARAT",6,11,176,187
https://kawalpemilu.org#931240,"Manggopoh Palak Gadang Ulakan, ULAKAN TAPAKIH, PADANG PARIAMAN, SUMATERA BARAT",7,9,151,160
https://kawalpemilu.org#931240,"Manggopoh Palak Gadang Ulakan, ULAKAN TAPAKIH, PADANG PARIAMAN, SUMATERA BARAT",8,6,88,94
https://kawalpemilu.org#931240,"Manggopoh Palak Gadang Ulakan, ULAKAN TAPAKIH, PADANG PARIAMAN, SUMATERA BARAT",9,6,119,125
https://kawalpemilu.org#931241,"Sandi Ulakan, ULAKAN TAPAKIH, PADANG PARIAMAN, SUMATERA BARAT",1,7,175,182
https://kawalpemilu.org#931241,"Sandi Ulakan, ULAKAN TAPAKIH, PADANG PARIAMAN, SUMATERA BARAT",2,12,130,142
https://kawalpemilu.org#931241,"Sandi Ulakan, ULAKAN TAPAKIH, PADANG PARIAMAN, SUMATERA BARAT",3,5,164,169
https://kawalpemilu.org#931241,"Sandi Ulakan, ULAKAN TAPAKIH, PADANG PARIAMAN, SUMATERA BARAT",4,4,117,121
https://kawalpemilu.org#931241,"Sandi Ulakan, ULAKAN TAPAKIH, PADANG PARIAMAN, SUMATERA BARAT",5,12,152,164
https://kawalpemilu.org#931241,"Sandi Ulakan, ULAKAN TAPAKIH, PADANG PARIAMAN, SUMATERA BARAT",6,5,178,183
https://kawalpemilu.org#931241,"Sandi Ulakan, ULAKAN TAPAKIH, PADANG PARIAMAN, SUMATERA BARAT",7,4,150,154
https://kawalpemilu.org#931241,"Sandi Ulakan, ULAKAN TAPAKIH, PADANG PARIAMAN, SUMATERA BARAT",8,15,101,116
https://kawalpemilu.org#931241,"Sandi Ulakan, ULAKAN TAPAKIH, PADANG PARIAMAN, SUMATERA BARAT",9,4,144,148
https://kawalpemilu.org#931241,"Sandi Ulakan, ULAKAN TAPAKIH, PADANG PARIAMAN, SUMATERA BARAT",10,7,142,149
https://kawalpemilu.org#931242,"Kampuang Gelapuang Ulakan, ULAKAN TAPAKIH, PADANG PARIAMAN, SUMATERA BARAT",1,18,120,138
https://kawalpemilu.org#931242,"Kampuang Gelapuang Ulakan, ULAKAN TAPAKIH, PADANG PARIAMAN, SUMATERA BARAT",2,11,130,141
https://kawalpemilu.org#931242,"Kampuang Gelapuang Ulakan, ULAKAN TAPAKIH, PADANG PARIAMAN, SUMATERA BARAT",3,9,139,148
https://kawalpemilu.org#13291,"TOBOH GADANG, SINTUAK TOBOH GADANG, PADANG PARIAMAN, SUMATERA BARAT",1,10,92,102
https://kawalpemilu.org#13291,"TOBOH GADANG, SINTUAK TOBOH GADANG, PADANG PARIAMAN, SUMATERA BARAT",2,17,140,157
https://kawalpemilu.org#13291,"TOBOH GADANG, SINTUAK TOBOH GADANG, PADANG PARIAMAN, SUMATERA BARAT",3,25,233,258
https://kawalpemilu.org#13291,"TOBOH GADANG, SINTUAK TOBOH GADANG, PADANG PARIAMAN, SUMATERA BARAT",4,12,109,121
https://kawalpemilu.org#13291,"TOBOH GADANG, SINTUAK TOBOH GADANG, PADANG PARIAMAN, SUMATERA BARAT",5,21,155,176
https://kawalpemilu.org#13291,"TOBOH GADANG, SINTUAK TOBOH GADANG, PADANG PARIAMAN, SUMATERA BARAT",6,5,102,107
https://kawalpemilu.org#13291,"TOBOH GADANG, SINTUAK TOBOH GADANG, PADANG PARIAMAN, SUMATERA BARAT",7,13,87,100
https://kawalpemilu.org#13291,"TOBOH GADANG, SINTUAK TOBOH GADANG, PADANG PARIAMAN, SUMATERA BARAT",8,13,148,161
https://kawalpemilu.org#13291,"TOBOH GADANG, SINTUAK TOBOH GADANG, PADANG PARIAMAN, SUMATERA BARAT",9,11,253,264
https://kawalpemilu.org#13291,"TOBOH GADANG, SINTUAK TOBOH GADANG, PADANG PARIAMAN, SUMATERA BARAT",10,6,128,134
https://kawalpemilu.org#13292,"SINTUAK, SINTUAK TOBOH GADANG, PADANG PARIAMAN, SUMATERA BARAT",1,16,152,168
https://kawalpemilu.org#13292,"SINTUAK, SINTUAK TOBOH GADANG, PADANG PARIAMAN, SUMATERA BARAT",2,39,156,195
https://kawalpemilu.org#13292,"SINTUAK, SINTUAK TOBOH GADANG, PADANG PARIAMAN, SUMATERA BARAT",3,16,142,158
https://kawalpemilu.org#13292,"SINTUAK, SINTUAK TOBOH GADANG, PADANG PARIAMAN, SUMATERA BARAT",4,22,142,164
https://kawalpemilu.org#13292,"SINTUAK, SINTUAK TOBOH GADANG, PADANG PARIAMAN, SUMATERA BARAT",5,29,143,172
https://kawalpemilu.org#13292,"SINTUAK, SINTUAK TOBOH GADANG, PADANG PARIAMAN, SUMATERA BARAT",6,15,161,176
https://kawalpemilu.org#13292,"SINTUAK, SINTUAK TOBOH GADANG, PADANG PARIAMAN, SUMATERA BARAT",7,15,113,128
https://kawalpemilu.org#13292,"SINTUAK, SINTUAK TOBOH GADANG, PADANG PARIAMAN, SUMATERA BARAT",8,16,139,155
https://kawalpemilu.org#13292,"SINTUAK, SINTUAK TOBOH GADANG, PADANG PARIAMAN, SUMATERA BARAT",9,19,165,184
https://kawalpemilu.org#13292,"SINTUAK, SINTUAK TOBOH GADANG, PADANG PARIAMAN, SUMATERA BARAT",10,21,149,170
https://kawalpemilu.org#13292,"SINTUAK, SINTUAK TOBOH GADANG, PADANG PARIAMAN, SUMATERA BARAT",11,25,169,194
https://kawalpemilu.org#13292,"SINTUAK, SINTUAK TOBOH GADANG, PADANG PARIAMAN, SUMATERA BARAT",12,20,134,154
https://kawalpemilu.org#13292,"SINTUAK, SINTUAK TOBOH GADANG, PADANG PARIAMAN, SUMATERA BARAT",13,9,158,167
https://kawalpemilu.org#13292,"SINTUAK, SINTUAK TOBOH GADANG, PADANG PARIAMAN, SUMATERA BARAT",14,15,129,144
https://kawalpemilu.org#13292,"SINTUAK, SINTUAK TOBOH GADANG, PADANG PARIAMAN, SUMATERA BARAT",15,22,125,147
https://kawalpemilu.org#13292,"SINTUAK, SINTUAK TOBOH GADANG, PADANG PARIAMAN, SUMATERA BARAT",16,22,170,192
https://kawalpemilu.org#13292,"SINTUAK, SINTUAK TOBOH GADANG, PADANG PARIAMAN, SUMATERA BARAT",17,24,131,155
https://kawalpemilu.org#13292,"SINTUAK, SINTUAK TOBOH GADANG, PADANG PARIAMAN, SUMATERA BARAT",18,11,185,196
https://kawalpemilu.org#13292,"SINTUAK, SINTUAK TOBOH GADANG, PADANG PARIAMAN, SUMATERA BARAT",19,22,128,150
https://kawalpemilu.org#13292,"SINTUAK, SINTUAK TOBOH GADANG, PADANG PARIAMAN, SUMATERA BARAT",20,16,165,181
https://kawalpemilu.org#13292,"SINTUAK, SINTUAK TOBOH GADANG, PADANG PARIAMAN, SUMATERA BARAT",21,25,137,162
https://kawalpemilu.org#13292,"SINTUAK, SINTUAK TOBOH GADANG, PADANG PARIAMAN, SUMATERA BARAT",22,13,103,116
https://kawalpemilu.org#13292,"SINTUAK, SINTUAK TOBOH GADANG, PADANG PARIAMAN, SUMATERA BARAT",23,9,111,120
https://kawalpemilu.org#13292,"SINTUAK, SINTUAK TOBOH GADANG, PADANG PARIAMAN, SUMATERA BARAT",24,9,170,179
https://kawalpemilu.org#13292,"SINTUAK, SINTUAK TOBOH GADANG, PADANG PARIAMAN, SUMATERA BARAT",25,18,131,149
https://kawalpemilu.org#13292,"SINTUAK, SINTUAK TOBOH GADANG, PADANG PARIAMAN, SUMATERA BARAT",26,10,160,170
https://kawalpemilu.org#13292,"SINTUAK, SINTUAK TOBOH GADANG, PADANG PARIAMAN, SUMATERA BARAT",27,14,167,181
https://kawalpemilu.org#13292,"SINTUAK, SINTUAK TOBOH GADANG, PADANG PARIAMAN, SUMATERA BARAT",28,18,146,164
https://kawalpemilu.org#931243,"Toboh Gadang Selatan, SINTUAK TOBOH GADANG, PADANG PARIAMAN, SUMATERA BARAT",1,6,159,165
https://kawalpemilu.org#931243,"Toboh Gadang Selatan, SINTUAK TOBOH GADANG, PADANG PARIAMAN, SUMATERA BARAT",2,10,127,137
https://kawalpemilu.org#931243,"Toboh Gadang Selatan, SINTUAK TOBOH GADANG, PADANG PARIAMAN, SUMATERA BARAT",3,20,173,193
https://kawalpemilu.org#931243,"Toboh Gadang Selatan, SINTUAK TOBOH GADANG, PADANG PARIAMAN, SUMATERA BARAT",4,21,118,139
https://kawalpemilu.org#931243,"Toboh Gadang Selatan, SINTUAK TOBOH GADANG, PADANG PARIAMAN, SUMATERA BARAT",5,13,85,98
https://kawalpemilu.org#931243,"Toboh Gadang Selatan, SINTUAK TOBOH GADANG, PADANG PARIAMAN, SUMATERA BARAT",6,20,141,161
https://kawalpemilu.org#931243,"Toboh Gadang Selatan, SINTUAK TOBOH GADANG, PADANG PARIAMAN, SUMATERA BARAT",7,11,142,153
https://kawalpemilu.org#931244,"Toboh Gadang Barat, SINTUAK TOBOH GADANG, PADANG PARIAMAN, SUMATERA BARAT",1,12,114,126
https://kawalpemilu.org#931244,"Toboh Gadang Barat, SINTUAK TOBOH GADANG, PADANG PARIAMAN, SUMATERA BARAT",2,8,119,127
https://kawalpemilu.org#931244,"Toboh Gadang Barat, SINTUAK TOBOH GADANG, PADANG PARIAMAN, SUMATERA BARAT",3,4,125,129
https://kawalpemilu.org#931244,"Toboh Gadang Barat, SINTUAK TOBOH GADANG, PADANG PARIAMAN, SUMATERA BARAT",4,12,163,175
https://kawalpemilu.org#931244,"Toboh Gadang Barat, SINTUAK TOBOH GADANG, PADANG PARIAMAN, SUMATERA BARAT",5,5,122,127
https://kawalpemilu.org#931244,"Toboh Gadang Barat, SINTUAK TOBOH GADANG, PADANG PARIAMAN, SUMATERA BARAT",7,9,93,102
https://kawalpemilu.org#931244,"Toboh Gadang Barat, SINTUAK TOBOH GADANG, PADANG PARIAMAN, SUMATERA BARAT",8,7,134,141
https://kawalpemilu.org#931244,"Toboh Gadang Barat, SINTUAK TOBOH GADANG, PADANG PARIAMAN, SUMATERA BARAT",9,5,122,127
https://kawalpemilu.org#931244,"Toboh Gadang Barat, SINTUAK TOBOH GADANG, PADANG PARIAMAN, SUMATERA BARAT",10,9,133,142
https://kawalpemilu.org#931245,"Toboh Gadang Timur, SINTUAK TOBOH GADANG, PADANG PARIAMAN, SUMATERA BARAT",1,8,137,145
https://kawalpemilu.org#931245,"Toboh Gadang Timur, SINTUAK TOBOH GADANG, PADANG PARIAMAN, SUMATERA BARAT",2,7,172,179
https://kawalpemilu.org#931245,"Toboh Gadang Timur, SINTUAK TOBOH GADANG, PADANG PARIAMAN, SUMATERA BARAT",3,21,148,169
https://kawalpemilu.org#931245,"Toboh Gadang Timur, SINTUAK TOBOH GADANG, PADANG PARIAMAN, SUMATERA BARAT",4,14,126,140
https://kawalpemilu.org#931245,"Toboh Gadang Timur, SINTUAK TOBOH GADANG, PADANG PARIAMAN, SUMATERA BARAT",5,9,111,120
https://kawalpemilu.org#931245,"Toboh Gadang Timur, SINTUAK TOBOH GADANG, PADANG PARIAMAN, SUMATERA BARAT",6,10,138,148
https://kawalpemilu.org#931245,"Toboh Gadang Timur, SINTUAK TOBOH GADANG, PADANG PARIAMAN, SUMATERA BARAT",7,13,124,137
https://kawalpemilu.org#13294,"KOTO BARU, PADANG SAGO, PADANG PARIAMAN, SUMATERA BARAT",1,22,128,150
https://kawalpemilu.org#13294,"KOTO BARU, PADANG SAGO, PADANG PARIAMAN, SUMATERA BARAT",2,22,132,154
https://kawalpemilu.org#13294,"KOTO BARU, PADANG SAGO, PADANG PARIAMAN, SUMATERA BARAT",3,31,103,134
https://kawalpemilu.org#13294,"KOTO BARU, PADANG SAGO, PADANG PARIAMAN, SUMATERA BARAT",4,36,110,146
https://kawalpemilu.org#13294,"KOTO BARU, PADANG SAGO, PADANG PARIAMAN, SUMATERA BARAT",5,28,135,163
https://kawalpemilu.org#13294,"KOTO BARU, PADANG SAGO, PADANG PARIAMAN, SUMATERA BARAT",6,6,91,97
https://kawalpemilu.org#13294,"KOTO BARU, PADANG SAGO, PADANG PARIAMAN, SUMATERA BARAT",7,24,88,112
https://kawalpemilu.org#13295,"KOTO DALAM, PADANG SAGO, PADANG PARIAMAN, SUMATERA BARAT",1,29,160,189
https://kawalpemilu.org#13295,"KOTO DALAM, PADANG SAGO, PADANG PARIAMAN, SUMATERA BARAT",2,11,149,160
https://kawalpemilu.org#13295,"KOTO DALAM, PADANG SAGO, PADANG PARIAMAN, SUMATERA BARAT",3,27,122,149
https://kawalpemilu.org#13296,"BATU KALANG, PADANG SAGO, PADANG PARIAMAN, SUMATERA BARAT",1,27,165,192
https://kawalpemilu.org#13296,"BATU KALANG, PADANG SAGO, PADANG PARIAMAN, SUMATERA BARAT",2,22,114,136
https://kawalpemilu.org#13296,"BATU KALANG, PADANG SAGO, PADANG PARIAMAN, SUMATERA BARAT",3,32,113,145
https://kawalpemilu.org#13296,"BATU KALANG, PADANG SAGO, PADANG PARIAMAN, SUMATERA BARAT",4,23,139,162
https://kawalpemilu.org#13296,"BATU KALANG, PADANG SAGO, PADANG PARIAMAN, SUMATERA BARAT",5,13,125,138
https://kawalpemilu.org#13296,"BATU KALANG, PADANG SAGO, PADANG PARIAMAN, SUMATERA BARAT",6,11,84,95
https://kawalpemilu.org#931246,"Koto Dalam Barat, PADANG SAGO, PADANG PARIAMAN, SUMATERA BARAT",1,14,108,122
https://kawalpemilu.org#931246,"Koto Dalam Barat, PADANG SAGO, PADANG PARIAMAN, SUMATERA BARAT",2,19,126,145
https://kawalpemilu.org#931246,"Koto Dalam Barat, PADANG SAGO, PADANG PARIAMAN, SUMATERA BARAT",3,15,175,190
https://kawalpemilu.org#931246,"Koto Dalam Barat, PADANG SAGO, PADANG PARIAMAN, SUMATERA BARAT",4,19,120,139
https://kawalpemilu.org#931246,"Koto Dalam Barat, PADANG SAGO, PADANG PARIAMAN, SUMATERA BARAT",5,9,112,121
https://kawalpemilu.org#931246,"Koto Dalam Barat, PADANG SAGO, PADANG PARIAMAN, SUMATERA BARAT",6,9,117,126
https://kawalpemilu.org#931246,"Koto Dalam Barat, PADANG SAGO, PADANG PARIAMAN, SUMATERA BARAT",7,10,98,108
https://kawalpemilu.org#931248,"Batu Kalang Utara, PADANG SAGO, PADANG PARIAMAN, SUMATERA BARAT",1,30,134,164
https://kawalpemilu.org#931248,"Batu Kalang Utara, PADANG SAGO, PADANG PARIAMAN, SUMATERA BARAT",2,19,147,166
https://kawalpemilu.org#931248,"Batu Kalang Utara, PADANG SAGO, PADANG PARIAMAN, SUMATERA BARAT",3,12,140,152
https://kawalpemilu.org#931262,"Koto Dalam Selatan, PADANG SAGO, PADANG PARIAMAN, SUMATERA BARAT",1,13,135,148
https://kawalpemilu.org#931262,"Koto Dalam Selatan, PADANG SAGO, PADANG PARIAMAN, SUMATERA BARAT",2,27,132,159
https://kawalpemilu.org#931262,"Koto Dalam Selatan, PADANG SAGO, PADANG PARIAMAN, SUMATERA BARAT",3,18,130,148
https://kawalpemilu.org#931262,"Koto Dalam Selatan, PADANG SAGO, PADANG PARIAMAN, SUMATERA BARAT",4,14,126,140
https://kawalpemilu.org#13298,"MALAI V SUKU, BATANG GASAN, PADANG PARIAMAN, SUMATERA BARAT",1,13,173,186
https://kawalpemilu.org#13298,"MALAI V SUKU, BATANG GASAN, PADANG PARIAMAN, SUMATERA BARAT",2,9,180,189
https://kawalpemilu.org#13298,"MALAI V SUKU, BATANG GASAN, PADANG PARIAMAN, SUMATERA BARAT",3,6,66,72
https://kawalpemilu.org#13298,"MALAI V SUKU, BATANG GASAN, PADANG PARIAMAN, SUMATERA BARAT",4,18,146,164
https://kawalpemilu.org#13298,"MALAI V SUKU, BATANG GASAN, PADANG PARIAMAN, SUMATERA BARAT",5,7,121,128
https://kawalpemilu.org#13298,"MALAI V SUKU, BATANG GASAN, PADANG PARIAMAN, SUMATERA BARAT",6,9,199,208
https://kawalpemilu.org#13298,"MALAI V SUKU, BATANG GASAN, PADANG PARIAMAN, SUMATERA BARAT",7,4,158,162
https://kawalpemilu.org#13298,"MALAI V SUKU, BATANG GASAN, PADANG PARIAMAN, SUMATERA BARAT",8,7,99,106
https://kawalpemilu.org#13298,"MALAI V SUKU, BATANG GASAN, PADANG PARIAMAN, SUMATERA BARAT",9,10,131,141
https://kawalpemilu.org#13298,"MALAI V SUKU, BATANG GASAN, PADANG PARIAMAN, SUMATERA BARAT",10,0,78,78
https://kawalpemilu.org#13298,"MALAI V SUKU, BATANG GASAN, PADANG PARIAMAN, SUMATERA BARAT",11,17,109,126
https://kawalpemilu.org#13298,"MALAI V SUKU, BATANG GASAN, PADANG PARIAMAN, SUMATERA BARAT",12,5,120,125
https://kawalpemilu.org#13299,"GASAN GADANG, BATANG GASAN, PADANG PARIAMAN, SUMATERA BARAT",1,15,152,167
https://kawalpemilu.org#13299,"GASAN GADANG, BATANG GASAN, PADANG PARIAMAN, SUMATERA BARAT",2,5,127,132
https://kawalpemilu.org#13299,"GASAN GADANG, BATANG GASAN, PADANG PARIAMAN, SUMATERA BARAT",3,13,108,121
https://kawalpemilu.org#13299,"GASAN GADANG, BATANG GASAN, PADANG PARIAMAN, SUMATERA BARAT",4,26,173,199
https://kawalpemilu.org#13299,"GASAN GADANG, BATANG GASAN, PADANG PARIAMAN, SUMATERA BARAT",5,4,175,179
https://kawalpemilu.org#13299,"GASAN GADANG, BATANG GASAN, PADANG PARIAMAN, SUMATERA BARAT",6,6,126,132
https://kawalpemilu.org#13299,"GASAN GADANG, BATANG GASAN, PADANG PARIAMAN, SUMATERA BARAT",7,13,153,166
https://kawalpemilu.org#13299,"GASAN GADANG, BATANG GASAN, PADANG PARIAMAN, SUMATERA BARAT",8,13,97,110
https://kawalpemilu.org#13299,"GASAN GADANG, BATANG GASAN, PADANG PARIAMAN, SUMATERA BARAT",10,4,100,104
https://kawalpemilu.org#13299,"GASAN GADANG, BATANG GASAN, PADANG PARIAMAN, SUMATERA BARAT",11,4,165,169
https://kawalpemilu.org#13299,"GASAN GADANG, BATANG GASAN, PADANG PARIAMAN, SUMATERA BARAT",12,6,177,183
https://kawalpemilu.org#13299,"GASAN GADANG, BATANG GASAN, PADANG PARIAMAN, SUMATERA BARAT",13,8,141,149
https://kawalpemilu.org#13299,"GASAN GADANG, BATANG GASAN, PADANG PARIAMAN, SUMATERA BARAT",14,2,270,272
https://kawalpemilu.org#13299,"GASAN GADANG, BATANG GASAN, PADANG PARIAMAN, SUMATERA BARAT",15,30,109,139
https://kawalpemilu.org#13299,"GASAN GADANG, BATANG GASAN, PADANG PARIAMAN, SUMATERA BARAT",16,6,74,80
https://kawalpemilu.org#931249,"Malai V Suku Timur, BATANG GASAN, PADANG PARIAMAN, SUMATERA BARAT",1,13,140,153
https://kawalpemilu.org#931249,"Malai V Suku Timur, BATANG GASAN, PADANG PARIAMAN, SUMATERA BARAT",2,15,134,149
https://kawalpemilu.org#931249,"Malai V Suku Timur, BATANG GASAN, PADANG PARIAMAN, SUMATERA BARAT",3,7,126,133
https://kawalpemilu.org#931249,"Malai V Suku Timur, BATANG GASAN, PADANG PARIAMAN, SUMATERA BARAT",4,12,93,105
https://kawalpemilu.org#931249,"Malai V Suku Timur, BATANG GASAN, PADANG PARIAMAN, SUMATERA BARAT",5,12,105,117
https://kawalpemilu.org#931249,"Malai V Suku Timur, BATANG GASAN, PADANG PARIAMAN, SUMATERA BARAT",6,3,153,156
https://kawalpemilu.org#931249,"Malai V Suku Timur, BATANG GASAN, PADANG PARIAMAN, SUMATERA BARAT",7,3,115,118
https://kawalpemilu.org#931249,"Malai V Suku Timur, BATANG GASAN, PADANG PARIAMAN, SUMATERA BARAT",8,12,131,143
https://kawalpemilu.org#931249,"Malai V Suku Timur, BATANG GASAN, PADANG PARIAMAN, SUMATERA BARAT",9,2,96,98
https://kawalpemilu.org#931249,"Malai V Suku Timur, BATANG GASAN, PADANG PARIAMAN, SUMATERA BARAT",10,12,83,95
https://kawalpemilu.org#13301,"KUDU GANTING, V KOTO TIMUR, PADANG PARIAMAN, SUMATERA BARAT",1,10,124,134
https://kawalpemilu.org#13301,"KUDU GANTING, V KOTO TIMUR, PADANG PARIAMAN, SUMATERA BARAT",2,12,153,165
https://kawalpemilu.org#13301,"KUDU GANTING, V KOTO TIMUR, PADANG PARIAMAN, SUMATERA BARAT",3,8,168,176
https://kawalpemilu.org#13301,"KUDU GANTING, V KOTO TIMUR, PADANG PARIAMAN, SUMATERA BARAT",4,10,121,131
https://kawalpemilu.org#13301,"KUDU GANTING, V KOTO TIMUR, PADANG PARIAMAN, SUMATERA BARAT",5,17,133,150
https://kawalpemilu.org#13301,"KUDU GANTING, V KOTO TIMUR, PADANG PARIAMAN, SUMATERA BARAT",6,10,124,134
https://kawalpemilu.org#13301,"KUDU GANTING, V KOTO TIMUR, PADANG PARIAMAN, SUMATERA BARAT",7,27,166,193
https://kawalpemilu.org#13301,"KUDU GANTING, V KOTO TIMUR, PADANG PARIAMAN, SUMATERA BARAT",8,5,85,90
https://kawalpemilu.org#13301,"KUDU GANTING, V KOTO TIMUR, PADANG PARIAMAN, SUMATERA BARAT",9,9,124,133
https://kawalpemilu.org#13301,"KUDU GANTING, V KOTO TIMUR, PADANG PARIAMAN, SUMATERA BARAT",10,10,130,140
https://kawalpemilu.org#13301,"KUDU GANTING, V KOTO TIMUR, PADANG PARIAMAN, SUMATERA BARAT",11,3,89,92
https://kawalpemilu.org#13301,"KUDU GANTING, V KOTO TIMUR, PADANG PARIAMAN, SUMATERA BARAT",12,12,165,177
https://kawalpemilu.org#13301,"KUDU GANTING, V KOTO TIMUR, PADANG PARIAMAN, SUMATERA BARAT",13,12,101,113
https://kawalpemilu.org#13302,"LIMAU PURUIK, V KOTO TIMUR, PADANG PARIAMAN, SUMATERA BARAT",1,13,162,175
https://kawalpemilu.org#13302,"LIMAU PURUIK, V KOTO TIMUR, PADANG PARIAMAN, SUMATERA BARAT",2,13,184,197
https://kawalpemilu.org#13302,"LIMAU PURUIK, V KOTO TIMUR, PADANG PARIAMAN, SUMATERA BARAT",3,14,200,214
https://kawalpemilu.org#13302,"LIMAU PURUIK, V KOTO TIMUR, PADANG PARIAMAN, SUMATERA BARAT",4,8,169,177
https://kawalpemilu.org#13302,"LIMAU PURUIK, V KOTO TIMUR, PADANG PARIAMAN, SUMATERA BARAT",5,16,97,113
https://kawalpemilu.org#13302,"LIMAU PURUIK, V KOTO TIMUR, PADANG PARIAMAN, SUMATERA BARAT",6,16,136,152
https://kawalpemilu.org#13302,"LIMAU PURUIK, V KOTO TIMUR, PADANG PARIAMAN, SUMATERA BARAT",7,7,117,124
https://kawalpemilu.org#13302,"LIMAU PURUIK, V KOTO TIMUR, PADANG PARIAMAN, SUMATERA BARAT",8,6,106,112
https://kawalpemilu.org#13302,"LIMAU PURUIK, V KOTO TIMUR, PADANG PARIAMAN, SUMATERA BARAT",9,14,140,154
https://kawalpemilu.org#13302,"LIMAU PURUIK, V KOTO TIMUR, PADANG PARIAMAN, SUMATERA BARAT",10,5,144,149
https://kawalpemilu.org#13302,"LIMAU PURUIK, V KOTO TIMUR, PADANG PARIAMAN, SUMATERA BARAT",11,8,127,135
https://kawalpemilu.org#13302,"LIMAU PURUIK, V KOTO TIMUR, PADANG PARIAMAN, SUMATERA BARAT",12,3,97,100
https://kawalpemilu.org#13302,"LIMAU PURUIK, V KOTO TIMUR, PADANG PARIAMAN, SUMATERA BARAT",13,8,84,92
https://kawalpemilu.org#13303,"GUNUNG PADANG ALAI, V KOTO TIMUR, PADANG PARIAMAN, SUMATERA BARAT",1,25,162,187
https://kawalpemilu.org#13303,"GUNUNG PADANG ALAI, V KOTO TIMUR, PADANG PARIAMAN, SUMATERA BARAT",2,7,157,164
https://kawalpemilu.org#13303,"GUNUNG PADANG ALAI, V KOTO TIMUR, PADANG PARIAMAN, SUMATERA BARAT",3,10,150,160
https://kawalpemilu.org#13303,"GUNUNG PADANG ALAI, V KOTO TIMUR, PADANG PARIAMAN, SUMATERA BARAT",4,12,193,205
https://kawalpemilu.org#13303,"GUNUNG PADANG ALAI, V KOTO TIMUR, PADANG PARIAMAN, SUMATERA BARAT",5,14,171,185
https://kawalpemilu.org#13303,"GUNUNG PADANG ALAI, V KOTO TIMUR, PADANG PARIAMAN, SUMATERA BARAT",6,7,198,205
https://kawalpemilu.org#13303,"GUNUNG PADANG ALAI, V KOTO TIMUR, PADANG PARIAMAN, SUMATERA BARAT",7,16,153,169
https://kawalpemilu.org#13303,"GUNUNG PADANG ALAI, V KOTO TIMUR, PADANG PARIAMAN, SUMATERA BARAT",8,10,125,135
https://kawalpemilu.org#13303,"GUNUNG PADANG ALAI, V KOTO TIMUR, PADANG PARIAMAN, SUMATERA BARAT",9,15,137,152
https://kawalpemilu.org#13303,"GUNUNG PADANG ALAI, V KOTO TIMUR, PADANG PARIAMAN, SUMATERA BARAT",10,13,127,140
https://kawalpemilu.org#13303,"GUNUNG PADANG ALAI, V KOTO TIMUR, PADANG PARIAMAN, SUMATERA BARAT",11,4,116,120
https://kawalpemilu.org#13303,"GUNUNG PADANG ALAI, V KOTO TIMUR, PADANG PARIAMAN, SUMATERA BARAT",12,24,160,184
https://kawalpemilu.org#13303,"GUNUNG PADANG ALAI, V KOTO TIMUR, PADANG PARIAMAN, SUMATERA BARAT",13,12,173,185
https://kawalpemilu.org#13303,"GUNUNG PADANG ALAI, V KOTO TIMUR, PADANG PARIAMAN, SUMATERA BARAT",14,21,185,206
https://kawalpemilu.org#13303,"GUNUNG PADANG ALAI, V KOTO TIMUR, PADANG PARIAMAN, SUMATERA BARAT",15,20,123,143
https://kawalpemilu.org#13303,"GUNUNG PADANG ALAI, V KOTO TIMUR, PADANG PARIAMAN, SUMATERA BARAT",16,14,152,166
https://kawalpemilu.org#13303,"GUNUNG PADANG ALAI, V KOTO TIMUR, PADANG PARIAMAN, SUMATERA BARAT",17,7,146,153
https://kawalpemilu.org#13303,"GUNUNG PADANG ALAI, V KOTO TIMUR, PADANG PARIAMAN, SUMATERA BARAT",18,1,131,132
https://kawalpemilu.org#13303,"GUNUNG PADANG ALAI, V KOTO TIMUR, PADANG PARIAMAN, SUMATERA BARAT",19,11,106,117
https://kawalpemilu.org#13303,"GUNUNG PADANG ALAI, V KOTO TIMUR, PADANG PARIAMAN, SUMATERA BARAT",20,12,86,98
https://kawalpemilu.org#931250,"Kudu Gantiang Barat, V KOTO TIMUR, PADANG PARIAMAN, SUMATERA BARAT",1,10,190,200
https://kawalpemilu.org#931250,"Kudu Gantiang Barat, V KOTO TIMUR, PADANG PARIAMAN, SUMATERA BARAT",2,5,207,212
https://kawalpemilu.org#931250,"Kudu Gantiang Barat, V KOTO TIMUR, PADANG PARIAMAN, SUMATERA BARAT",3,5,167,172
https://kawalpemilu.org#931250,"Kudu Gantiang Barat, V KOTO TIMUR, PADANG PARIAMAN, SUMATERA BARAT",4,20,186,206
https://kawalpemilu.org#931250,"Kudu Gantiang Barat, V KOTO TIMUR, PADANG PARIAMAN, SUMATERA BARAT",5,2,154,156
https://kawalpemilu.org#931250,"Kudu Gantiang Barat, V KOTO TIMUR, PADANG PARIAMAN, SUMATERA BARAT",6,5,180,185
https://kawalpemilu.org#13268,"SICINCIN, 2 X 11 ENAM LINGKUNG, PADANG PARIAMAN, SUMATERA BARAT",1,34,104,138
https://kawalpemilu.org#13268,"SICINCIN, 2 X 11 ENAM LINGKUNG, PADANG PARIAMAN, SUMATERA BARAT",2,32,107,139
https://kawalpemilu.org#13268,"SICINCIN, 2 X 11 ENAM LINGKUNG, PADANG PARIAMAN, SUMATERA BARAT",3,21,186,207
https://kawalpemilu.org#13268,"SICINCIN, 2 X 11 ENAM LINGKUNG, PADANG PARIAMAN, SUMATERA BARAT",4,30,142,172
https://kawalpemilu.org#13268,"SICINCIN, 2 X 11 ENAM LINGKUNG, PADANG PARIAMAN, SUMATERA BARAT",5,41,110,151
https://kawalpemilu.org#13268,"SICINCIN, 2 X 11 ENAM LINGKUNG, PADANG PARIAMAN, SUMATERA BARAT",6,42,111,153
https://kawalpemilu.org#13268,"SICINCIN, 2 X 11 ENAM LINGKUNG, PADANG PARIAMAN, SUMATERA BARAT",7,48,147,195
https://kawalpemilu.org#13268,"SICINCIN, 2 X 11 ENAM LINGKUNG, PADANG PARIAMAN, SUMATERA BARAT",8,39,154,193
https://kawalpemilu.org#13268,"SICINCIN, 2 X 11 ENAM LINGKUNG, PADANG PARIAMAN, SUMATERA BARAT",9,26,146,172
https://kawalpemilu.org#13268,"SICINCIN, 2 X 11 ENAM LINGKUNG, PADANG PARIAMAN, SUMATERA BARAT",10,37,167,204
https://kawalpemilu.org#13268,"SICINCIN, 2 X 11 ENAM LINGKUNG, PADANG PARIAMAN, SUMATERA BARAT",11,22,151,173
https://kawalpemilu.org#13268,"SICINCIN, 2 X 11 ENAM LINGKUNG, PADANG PARIAMAN, SUMATERA BARAT",12,37,147,184
https://kawalpemilu.org#13268,"SICINCIN, 2 X 11 ENAM LINGKUNG, PADANG PARIAMAN, SUMATERA BARAT",13,37,187,224
https://kawalpemilu.org#13268,"SICINCIN, 2 X 11 ENAM LINGKUNG, PADANG PARIAMAN, SUMATERA BARAT",14,28,139,167
https://kawalpemilu.org#13268,"SICINCIN, 2 X 11 ENAM LINGKUNG, PADANG PARIAMAN, SUMATERA BARAT",15,42,229,271
https://kawalpemilu.org#13268,"SICINCIN, 2 X 11 ENAM LINGKUNG, PADANG PARIAMAN, SUMATERA BARAT",16,29,199,228
https://kawalpemilu.org#13268,"SICINCIN, 2 X 11 ENAM LINGKUNG, PADANG PARIAMAN, SUMATERA BARAT",17,14,156,170
https://kawalpemilu.org#13268,"SICINCIN, 2 X 11 ENAM LINGKUNG, PADANG PARIAMAN, SUMATERA BARAT",18,23,147,170
https://kawalpemilu.org#13268,"SICINCIN, 2 X 11 ENAM LINGKUNG, PADANG PARIAMAN, SUMATERA BARAT",19,45,159,204
https://kawalpemilu.org#13268,"SICINCIN, 2 X 11 ENAM LINGKUNG, PADANG PARIAMAN, SUMATERA BARAT",20,32,204,236
https://kawalpemilu.org#13268,"SICINCIN, 2 X 11 ENAM LINGKUNG, PADANG PARIAMAN, SUMATERA BARAT",21,16,126,144
https://kawalpemilu.org#13268,"SICINCIN, 2 X 11 ENAM LINGKUNG, PADANG PARIAMAN, SUMATERA BARAT",22,25,109,134
https://kawalpemilu.org#13268,"SICINCIN, 2 X 11 ENAM LINGKUNG, PADANG PARIAMAN, SUMATERA BARAT",23,33,122,155
https://kawalpemilu.org#13268,"SICINCIN, 2 X 11 ENAM LINGKUNG, PADANG PARIAMAN, SUMATERA BARAT",24,24,122,146
https://kawalpemilu.org#13268,"SICINCIN, 2 X 11 ENAM LINGKUNG, PADANG PARIAMAN, SUMATERA BARAT",25,35,154,189
https://kawalpemilu.org#13268,"SICINCIN, 2 X 11 ENAM LINGKUNG, PADANG PARIAMAN, SUMATERA BARAT",26,19,130,149
https://kawalpemilu.org#13268,"SICINCIN, 2 X 11 ENAM LINGKUNG, PADANG PARIAMAN, SUMATERA BARAT",27,24,150,174
https://kawalpemilu.org#13269,"LUBUK PANDAN, 2 X 11 ENAM LINGKUNG, PADANG PARIAMAN, SUMATERA BARAT",1,34,168,202
https://kawalpemilu.org#13269,"LUBUK PANDAN, 2 X 11 ENAM LINGKUNG, PADANG PARIAMAN, SUMATERA BARAT",2,14,193,207
https://kawalpemilu.org#13269,"LUBUK PANDAN, 2 X 11 ENAM LINGKUNG, PADANG PARIAMAN, SUMATERA BARAT",3,26,194,220
https://kawalpemilu.org#13269,"LUBUK PANDAN, 2 X 11 ENAM LINGKUNG, PADANG PARIAMAN, SUMATERA BARAT",4,15,154,169
https://kawalpemilu.org#13269,"LUBUK PANDAN, 2 X 11 ENAM LINGKUNG, PADANG PARIAMAN, SUMATERA BARAT",5,27,164,191
https://kawalpemilu.org#13269,"LUBUK PANDAN, 2 X 11 ENAM LINGKUNG, PADANG PARIAMAN, SUMATERA BARAT",6,26,197,223
https://kawalpemilu.org#13269,"LUBUK PANDAN, 2 X 11 ENAM LINGKUNG, PADANG PARIAMAN, SUMATERA BARAT",7,33,177,210
https://kawalpemilu.org#13269,"LUBUK PANDAN, 2 X 11 ENAM LINGKUNG, PADANG PARIAMAN, SUMATERA BARAT",8,9,137,146
https://kawalpemilu.org#13269,"LUBUK PANDAN, 2 X 11 ENAM LINGKUNG, PADANG PARIAMAN, SUMATERA BARAT",9,28,145,173
https://kawalpemilu.org#13269,"LUBUK PANDAN, 2 X 11 ENAM LINGKUNG, PADANG PARIAMAN, SUMATERA BARAT",10,26,148,174
https://kawalpemilu.org#13269,"LUBUK PANDAN, 2 X 11 ENAM LINGKUNG, PADANG PARIAMAN, SUMATERA BARAT",11,14,189,203
https://kawalpemilu.org#13269,"LUBUK PANDAN, 2 X 11 ENAM LINGKUNG, PADANG PARIAMAN, SUMATERA BARAT",12,42,151,193
https://kawalpemilu.org#13269,"LUBUK PANDAN, 2 X 11 ENAM LINGKUNG, PADANG PARIAMAN, SUMATERA BARAT",13,29,118,147
https://kawalpemilu.org#13269,"LUBUK PANDAN, 2 X 11 ENAM LINGKUNG, PADANG PARIAMAN, SUMATERA BARAT",14,18,131,149
https://kawalpemilu.org#13269,"LUBUK PANDAN, 2 X 11 ENAM LINGKUNG, PADANG PARIAMAN, SUMATERA BARAT",15,73,151,224
https://kawalpemilu.org#13270,"SUNGAI ASAM, 2 X 11 ENAM LINGKUNG, PADANG PARIAMAN, SUMATERA BARAT",1,15,180,195
https://kawalpemilu.org#13270,"SUNGAI ASAM, 2 X 11 ENAM LINGKUNG, PADANG PARIAMAN, SUMATERA BARAT",2,9,128,137
https://kawalpemilu.org#13270,"SUNGAI ASAM, 2 X 11 ENAM LINGKUNG, PADANG PARIAMAN, SUMATERA BARAT",3,17,207,224
https://kawalpemilu.org#13270,"SUNGAI ASAM, 2 X 11 ENAM LINGKUNG, PADANG PARIAMAN, SUMATERA BARAT",4,24,207,231
https://kawalpemilu.org#13270,"SUNGAI ASAM, 2 X 11 ENAM LINGKUNG, PADANG PARIAMAN, SUMATERA BARAT",5,24,167,191
https://kawalpemilu.org#13270,"SUNGAI ASAM, 2 X 11 ENAM LINGKUNG, PADANG PARIAMAN, SUMATERA BARAT",6,27,175,202
https://kawalpemilu.org#13270,"SUNGAI ASAM, 2 X 11 ENAM LINGKUNG, PADANG PARIAMAN, SUMATERA BARAT",7,21,171,192
https://kawalpemilu.org#13270,"SUNGAI ASAM, 2 X 11 ENAM LINGKUNG, PADANG PARIAMAN, SUMATERA BARAT",8,30,97,127
https://kawalpemilu.org#13270,"SUNGAI ASAM, 2 X 11 ENAM LINGKUNG, PADANG PARIAMAN, SUMATERA BARAT",9,31,161,192
https://kawalpemilu.org#13270,"SUNGAI ASAM, 2 X 11 ENAM LINGKUNG, PADANG PARIAMAN, SUMATERA BARAT",10,14,139,153
https://kawalpemilu.org#13270,"SUNGAI ASAM, 2 X 11 ENAM LINGKUNG, PADANG PARIAMAN, SUMATERA BARAT",11,31,177,208
https://kawalpemilu.org#13309,"SUNGAI DURIAN, PATAMUAN, PADANG PARIAMAN, SUMATERA BARAT",1,16,182,198
https://kawalpemilu.org#13309,"SUNGAI DURIAN, PATAMUAN, PADANG PARIAMAN, SUMATERA BARAT",2,20,113,133
https://kawalpemilu.org#13309,"SUNGAI DURIAN, PATAMUAN, PADANG PARIAMAN, SUMATERA BARAT",3,35,159,194
https://kawalpemilu.org#13309,"SUNGAI DURIAN, PATAMUAN, PADANG PARIAMAN, SUMATERA BARAT",4,29,175,204
https://kawalpemilu.org#13309,"SUNGAI DURIAN, PATAMUAN, PADANG PARIAMAN, SUMATERA BARAT",5,31,144,175
https://kawalpemilu.org#13310,"TANDIKEK, PATAMUAN, PADANG PARIAMAN, SUMATERA BARAT",1,21,194,215
https://kawalpemilu.org#13310,"TANDIKEK, PATAMUAN, PADANG PARIAMAN, SUMATERA BARAT",2,13,218,231
https://kawalpemilu.org#13310,"TANDIKEK, PATAMUAN, PADANG PARIAMAN, SUMATERA BARAT",3,24,169,193
https://kawalpemilu.org#13310,"TANDIKEK, PATAMUAN, PADANG PARIAMAN, SUMATERA BARAT",4,11,188,199
https://kawalpemilu.org#13310,"TANDIKEK, PATAMUAN, PADANG PARIAMAN, SUMATERA BARAT",5,17,159,176
https://kawalpemilu.org#13310,"TANDIKEK, PATAMUAN, PADANG PARIAMAN, SUMATERA BARAT",6,14,193,207
https://kawalpemilu.org#13310,"TANDIKEK, PATAMUAN, PADANG PARIAMAN, SUMATERA BARAT",7,13,157,170
https://kawalpemilu.org#13310,"TANDIKEK, PATAMUAN, PADANG PARIAMAN, SUMATERA BARAT",8,18,181,199
https://kawalpemilu.org#13310,"TANDIKEK, PATAMUAN, PADANG PARIAMAN, SUMATERA BARAT",9,31,128,159
https://kawalpemilu.org#13310,"TANDIKEK, PATAMUAN, PADANG PARIAMAN, SUMATERA BARAT",10,10,176,186
https://kawalpemilu.org#13310,"TANDIKEK, PATAMUAN, PADANG PARIAMAN, SUMATERA BARAT",11,7,132,139
https://kawalpemilu.org#87297,"TANDIKEK UTARA, PATAMUAN, PADANG PARIAMAN, SUMATERA BARAT",1,14,190,204
https://kawalpemilu.org#87297,"TANDIKEK UTARA, PATAMUAN, PADANG PARIAMAN, SUMATERA BARAT",2,16,187,203
https://kawalpemilu.org#87297,"TANDIKEK UTARA, PATAMUAN, PADANG PARIAMAN, SUMATERA BARAT",3,20,137,157
https://kawalpemilu.org#87297,"TANDIKEK UTARA, PATAMUAN, PADANG PARIAMAN, SUMATERA BARAT",4,13,161,174
https://kawalpemilu.org#87297,"TANDIKEK UTARA, PATAMUAN, PADANG PARIAMAN, SUMATERA BARAT",5,21,200,221
https://kawalpemilu.org#87297,"TANDIKEK UTARA, PATAMUAN, PADANG PARIAMAN, SUMATERA BARAT",6,35,143,178
https://kawalpemilu.org#87297,"TANDIKEK UTARA, PATAMUAN, PADANG PARIAMAN, SUMATERA BARAT",7,13,77,90
https://kawalpemilu.org#87297,"TANDIKEK UTARA, PATAMUAN, PADANG PARIAMAN, SUMATERA BARAT",8,14,97,111
https://kawalpemilu.org#931251,"Tandikek Selatan, PATAMUAN, PADANG PARIAMAN, SUMATERA BARAT",1,14,108,122
https://kawalpemilu.org#931251,"Tandikek Selatan, PATAMUAN, PADANG PARIAMAN, SUMATERA BARAT",2,26,183,209
https://kawalpemilu.org#931251,"Tandikek Selatan, PATAMUAN, PADANG PARIAMAN, SUMATERA BARAT",3,40,147,187
https://kawalpemilu.org#931251,"Tandikek Selatan, PATAMUAN, PADANG PARIAMAN, SUMATERA BARAT",4,22,193,215
https://kawalpemilu.org#931251,"Tandikek Selatan, PATAMUAN, PADANG PARIAMAN, SUMATERA BARAT",5,11,219,230
https://kawalpemilu.org#931251,"Tandikek Selatan, PATAMUAN, PADANG PARIAMAN, SUMATERA BARAT",6,14,147,161
https://kawalpemilu.org#931251,"Tandikek Selatan, PATAMUAN, PADANG PARIAMAN, SUMATERA BARAT",7,30,175,205
https://kawalpemilu.org#931251,"Tandikek Selatan, PATAMUAN, PADANG PARIAMAN, SUMATERA BARAT",8,17,132,149
https://kawalpemilu.org#931251,"Tandikek Selatan, PATAMUAN, PADANG PARIAMAN, SUMATERA BARAT",9,26,200,226
https://kawalpemilu.org#931251,"Tandikek Selatan, PATAMUAN, PADANG PARIAMAN, SUMATERA BARAT",10,7,155,162
https://kawalpemilu.org#931251,"Tandikek Selatan, PATAMUAN, PADANG PARIAMAN, SUMATERA BARAT",11,9,93,102
https://kawalpemilu.org#931251,"Tandikek Selatan, PATAMUAN, PADANG PARIAMAN, SUMATERA BARAT",12,20,167,187
https://kawalpemilu.org#931252,"Tandikek Barat, PATAMUAN, PADANG PARIAMAN, SUMATERA BARAT",1,8,59,67
https://kawalpemilu.org#931252,"Tandikek Barat, PATAMUAN, PADANG PARIAMAN, SUMATERA BARAT",2,19,166,185
https://kawalpemilu.org#931252,"Tandikek Barat, PATAMUAN, PADANG PARIAMAN, SUMATERA BARAT",3,22,142,164
https://kawalpemilu.org#931252,"Tandikek Barat, PATAMUAN, PADANG PARIAMAN, SUMATERA BARAT",4,9,159,168
https://kawalpemilu.org#931252,"Tandikek Barat, PATAMUAN, PADANG PARIAMAN, SUMATERA BARAT",5,13,101,114
https://kawalpemilu.org#931252,"Tandikek Barat, PATAMUAN, PADANG PARIAMAN, SUMATERA BARAT",6,12,161,173
https://kawalpemilu.org#931252,"Tandikek Barat, PATAMUAN, PADANG PARIAMAN, SUMATERA BARAT",7,14,161,175
https://kawalpemilu.org#931264,"Kp. Tanjuang Koto Mambang, PATAMUAN, PADANG PARIAMAN, SUMATERA BARAT",1,25,132,157
https://kawalpemilu.org#931264,"Kp. Tanjuang Koto Mambang, PATAMUAN, PADANG PARIAMAN, SUMATERA BARAT",2,32,174,206
https://kawalpemilu.org#931264,"Kp. Tanjuang Koto Mambang, PATAMUAN, PADANG PARIAMAN, SUMATERA BARAT",3,24,140,164
https://kawalpemilu.org#931264,"Kp. Tanjuang Koto Mambang, PATAMUAN, PADANG PARIAMAN, SUMATERA BARAT",4,28,174,202
https://kawalpemilu.org#931264,"Kp. Tanjuang Koto Mambang, PATAMUAN, PADANG PARIAMAN, SUMATERA BARAT",5,11,100,111
https://kawalpemilu.org#931264,"Kp. Tanjuang Koto Mambang, PATAMUAN, PADANG PARIAMAN, SUMATERA BARAT",6,27,129,156
https://kawalpemilu.org#931264,"Kp. Tanjuang Koto Mambang, PATAMUAN, PADANG PARIAMAN, SUMATERA BARAT",7,26,158,184
https://kawalpemilu.org#931264,"Kp. Tanjuang Koto Mambang, PATAMUAN, PADANG PARIAMAN, SUMATERA BARAT",8,15,100,115
https://kawalpemilu.org#931264,"Kp. Tanjuang Koto Mambang, PATAMUAN, PADANG PARIAMAN, SUMATERA BARAT",9,22,136,158
https://kawalpemilu.org#13312,"PAKANDANGAN, ENAM LINGKUNG, PADANG PARIAMAN, SUMATERA BARAT",1,21,145,166
https://kawalpemilu.org#13312,"PAKANDANGAN, ENAM LINGKUNG, PADANG PARIAMAN, SUMATERA BARAT",2,7,114,121
https://kawalpemilu.org#13312,"PAKANDANGAN, ENAM LINGKUNG, PADANG PARIAMAN, SUMATERA BARAT",3,15,158,173
https://kawalpemilu.org#13312,"PAKANDANGAN, ENAM LINGKUNG, PADANG PARIAMAN, SUMATERA BARAT",4,16,185,201
https://kawalpemilu.org#13312,"PAKANDANGAN, ENAM LINGKUNG, PADANG PARIAMAN, SUMATERA BARAT",5,5,166,166
https://kawalpemilu.org#13312,"PAKANDANGAN, ENAM LINGKUNG, PADANG PARIAMAN, SUMATERA BARAT",6,28,109,137
https://kawalpemilu.org#13312,"PAKANDANGAN, ENAM LINGKUNG, PADANG PARIAMAN, SUMATERA BARAT",7,2,149,151
https://kawalpemilu.org#13312,"PAKANDANGAN, ENAM LINGKUNG, PADANG PARIAMAN, SUMATERA BARAT",8,9,155,164
https://kawalpemilu.org#13312,"PAKANDANGAN, ENAM LINGKUNG, PADANG PARIAMAN, SUMATERA BARAT",9,13,151,164
https://kawalpemilu.org#13312,"PAKANDANGAN, ENAM LINGKUNG, PADANG PARIAMAN, SUMATERA BARAT",10,25,116,141
https://kawalpemilu.org#13312,"PAKANDANGAN, ENAM LINGKUNG, PADANG PARIAMAN, SUMATERA BARAT",11,15,120,135
https://kawalpemilu.org#13312,"PAKANDANGAN, ENAM LINGKUNG, PADANG PARIAMAN, SUMATERA BARAT",12,15,121,136
https://kawalpemilu.org#13312,"PAKANDANGAN, ENAM LINGKUNG, PADANG PARIAMAN, SUMATERA BARAT",13,23,152,175
https://kawalpemilu.org#13312,"PAKANDANGAN, ENAM LINGKUNG, PADANG PARIAMAN, SUMATERA BARAT",14,20,178,198
https://kawalpemilu.org#13312,"PAKANDANGAN, ENAM LINGKUNG, PADANG PARIAMAN, SUMATERA BARAT",15,15,128,143
https://kawalpemilu.org#13312,"PAKANDANGAN, ENAM LINGKUNG, PADANG PARIAMAN, SUMATERA BARAT",16,7,159,166
https://kawalpemilu.org#13312,"PAKANDANGAN, ENAM LINGKUNG, PADANG PARIAMAN, SUMATERA BARAT",17,15,126,141
https://kawalpemilu.org#13312,"PAKANDANGAN, ENAM LINGKUNG, PADANG PARIAMAN, SUMATERA BARAT",18,19,126,145
https://kawalpemilu.org#13313,"KOTO TINGGI, ENAM LINGKUNG, PADANG PARIAMAN, SUMATERA BARAT",1,15,153,168
https://kawalpemilu.org#13313,"KOTO TINGGI, ENAM LINGKUNG, PADANG PARIAMAN, SUMATERA BARAT",2,19,159,178
https://kawalpemilu.org#13313,"KOTO TINGGI, ENAM LINGKUNG, PADANG PARIAMAN, SUMATERA BARAT",3,14,128,142
https://kawalpemilu.org#13313,"KOTO TINGGI, ENAM LINGKUNG, PADANG PARIAMAN, SUMATERA BARAT",4,17,174,191
https://kawalpemilu.org#13313,"KOTO TINGGI, ENAM LINGKUNG, PADANG PARIAMAN, SUMATERA BARAT",5,31,198,229
https://kawalpemilu.org#13313,"KOTO TINGGI, ENAM LINGKUNG, PADANG PARIAMAN, SUMATERA BARAT",6,10,134,144
https://kawalpemilu.org#13313,"KOTO TINGGI, ENAM LINGKUNG, PADANG PARIAMAN, SUMATERA BARAT",7,17,142,159
https://kawalpemilu.org#13313,"KOTO TINGGI, ENAM LINGKUNG, PADANG PARIAMAN, SUMATERA BARAT",8,20,99,119
https://kawalpemilu.org#13313,"KOTO TINGGI, ENAM LINGKUNG, PADANG PARIAMAN, SUMATERA BARAT",9,13,164,177
https://kawalpemilu.org#13313,"KOTO TINGGI, ENAM LINGKUNG, PADANG PARIAMAN, SUMATERA BARAT",10,10,154,164
https://kawalpemilu.org#13313,"KOTO TINGGI, ENAM LINGKUNG, PADANG PARIAMAN, SUMATERA BARAT",11,15,157,172
https://kawalpemilu.org#13313,"KOTO TINGGI, ENAM LINGKUNG, PADANG PARIAMAN, SUMATERA BARAT",12,8,119,127
https://kawalpemilu.org#13314,"TOBOH KETEK, ENAM LINGKUNG, PADANG PARIAMAN, SUMATERA BARAT",1,30,189,219
https://kawalpemilu.org#13314,"TOBOH KETEK, ENAM LINGKUNG, PADANG PARIAMAN, SUMATERA BARAT",2,12,98,110
https://kawalpemilu.org#13314,"TOBOH KETEK, ENAM LINGKUNG, PADANG PARIAMAN, SUMATERA BARAT",3,21,204,225
https://kawalpemilu.org#13314,"TOBOH KETEK, ENAM LINGKUNG, PADANG PARIAMAN, SUMATERA BARAT",4,25,122,147
https://kawalpemilu.org#13314,"TOBOH KETEK, ENAM LINGKUNG, PADANG PARIAMAN, SUMATERA BARAT",5,26,168,194
https://kawalpemilu.org#13315,"PARIT MALINTANG, ENAM LINGKUNG, PADANG PARIAMAN, SUMATERA BARAT",1,20,122,142
https://kawalpemilu.org#13315,"PARIT MALINTANG, ENAM LINGKUNG, PADANG PARIAMAN, SUMATERA BARAT",2,17,156,173
https://kawalpemilu.org#13315,"PARIT MALINTANG, ENAM LINGKUNG, PADANG PARIAMAN, SUMATERA BARAT",3,26,162,188
https://kawalpemilu.org#13315,"PARIT MALINTANG, ENAM LINGKUNG, PADANG PARIAMAN, SUMATERA BARAT",4,23,176,199
https://kawalpemilu.org#13315,"PARIT MALINTANG, ENAM LINGKUNG, PADANG PARIAMAN, SUMATERA BARAT",5,18,133,151
https://kawalpemilu.org#13315,"PARIT MALINTANG, ENAM LINGKUNG, PADANG PARIAMAN, SUMATERA BARAT",6,11,145,156
https://kawalpemilu.org#13315,"PARIT MALINTANG, ENAM LINGKUNG, PADANG PARIAMAN, SUMATERA BARAT",7,14,148,162
https://kawalpemilu.org#13315,"PARIT MALINTANG, ENAM LINGKUNG, PADANG PARIAMAN, SUMATERA BARAT",8,18,179,197
https://kawalpemilu.org#13315,"PARIT MALINTANG, ENAM LINGKUNG, PADANG PARIAMAN, SUMATERA BARAT",9,23,147,170
https://kawalpemilu.org#13315,"PARIT MALINTANG, ENAM LINGKUNG, PADANG PARIAMAN, SUMATERA BARAT",10,27,191,218
https://kawalpemilu.org#13315,"PARIT MALINTANG, ENAM LINGKUNG, PADANG PARIAMAN, SUMATERA BARAT",11,21,172,193
https://kawalpemilu.org#13315,"PARIT MALINTANG, ENAM LINGKUNG, PADANG PARIAMAN, SUMATERA BARAT",12,22,112,134
https://kawalpemilu.org#13315,"PARIT MALINTANG, ENAM LINGKUNG, PADANG PARIAMAN, SUMATERA BARAT",13,23,143,166
https://kawalpemilu.org#13315,"PARIT MALINTANG, ENAM LINGKUNG, PADANG PARIAMAN, SUMATERA BARAT",14,36,170,206
https://kawalpemilu.org#13315,"PARIT MALINTANG, ENAM LINGKUNG, PADANG PARIAMAN, SUMATERA BARAT",15,14,141,155
https://kawalpemilu.org#13315,"PARIT MALINTANG, ENAM LINGKUNG, PADANG PARIAMAN, SUMATERA BARAT",16,13,201,214
https://kawalpemilu.org#13315,"PARIT MALINTANG, ENAM LINGKUNG, PADANG PARIAMAN, SUMATERA BARAT",17,17,175,192
https://kawalpemilu.org#13315,"PARIT MALINTANG, ENAM LINGKUNG, PADANG PARIAMAN, SUMATERA BARAT",18,24,126,150
https://kawalpemilu.org#13315,"PARIT MALINTANG, ENAM LINGKUNG, PADANG PARIAMAN, SUMATERA BARAT",19,22,96,118
https://kawalpemilu.org#13315,"PARIT MALINTANG, ENAM LINGKUNG, PADANG PARIAMAN, SUMATERA BARAT",20,30,153,183
https://kawalpemilu.org#13315,"PARIT MALINTANG, ENAM LINGKUNG, PADANG PARIAMAN, SUMATERA BARAT",21,12,93,105
https://kawalpemilu.org#13316,"GADUR, ENAM LINGKUNG, PADANG PARIAMAN, SUMATERA BARAT",1,11,170,181
https://kawalpemilu.org#13316,"GADUR, ENAM LINGKUNG, PADANG PARIAMAN, SUMATERA BARAT",2,14,156,170
https://kawalpemilu.org#13316,"GADUR, ENAM LINGKUNG, PADANG PARIAMAN, SUMATERA BARAT",3,17,119,136
https://kawalpemilu.org#13316,"GADUR, ENAM LINGKUNG, PADANG PARIAMAN, SUMATERA BARAT",4,13,212,225
https://kawalpemilu.org#13316,"GADUR, ENAM LINGKUNG, PADANG PARIAMAN, SUMATERA BARAT",5,11,213,224
https://kawalpemilu.org#13316,"GADUR, ENAM LINGKUNG, PADANG PARIAMAN, SUMATERA BARAT",6,3,221,224
https://kawalpemilu.org#13316,"GADUR, ENAM LINGKUNG, PADANG PARIAMAN, SUMATERA BARAT",7,10,167,177
https://kawalpemilu.org#13316,"GADUR, ENAM LINGKUNG, PADANG PARIAMAN, SUMATERA BARAT",8,9,134,143
https://kawalpemilu.org#13316,"GADUR, ENAM LINGKUNG, PADANG PARIAMAN, SUMATERA BARAT",9,13,196,209
https://kawalpemilu.org#13319,"TIKU SELATAN, TANJUNG MUTIARA, AGAM, SUMATERA BARAT",2,9,130,139
https://kawalpemilu.org#13319,"TIKU SELATAN, TANJUNG MUTIARA, AGAM, SUMATERA BARAT",3,3,152,155
https://kawalpemilu.org#13319,"TIKU SELATAN, TANJUNG MUTIARA, AGAM, SUMATERA BARAT",4,12,137,149
https://kawalpemilu.org#13319,"TIKU SELATAN, TANJUNG MUTIARA, AGAM, SUMATERA BARAT",5,12,155,167
https://kawalpemilu.org#13319,"TIKU SELATAN, TANJUNG MUTIARA, AGAM, SUMATERA BARAT",6,10,96,106
https://kawalpemilu.org#13319,"TIKU SELATAN, TANJUNG MUTIARA, AGAM, SUMATERA BARAT",7,15,145,160
https://kawalpemilu.org#13319,"TIKU SELATAN, TANJUNG MUTIARA, AGAM, SUMATERA BARAT",8,8,193,201
https://kawalpemilu.org#13319,"TIKU SELATAN, TANJUNG MUTIARA, AGAM, SUMATERA BARAT",9,4,158,162
https://kawalpemilu.org#13319,"TIKU SELATAN, TANJUNG MUTIARA, AGAM, SUMATERA BARAT",10,11,154,165
https://kawalpemilu.org#13319,"TIKU SELATAN, TANJUNG MUTIARA, AGAM, SUMATERA BARAT",11,8,99,107
https://kawalpemilu.org#13319,"TIKU SELATAN, TANJUNG MUTIARA, AGAM, SUMATERA BARAT",12,6,151,157
https://kawalpemilu.org#13319,"TIKU SELATAN, TANJUNG MUTIARA, AGAM, SUMATERA BARAT",13,12,181,193
https://kawalpemilu.org#13319,"TIKU SELATAN, TANJUNG MUTIARA, AGAM, SUMATERA BARAT",14,10,183,193
https://kawalpemilu.org#13319,"TIKU SELATAN, TANJUNG MUTIARA, AGAM, SUMATERA BARAT",15,15,147,162
https://kawalpemilu.org#13319,"TIKU SELATAN, TANJUNG MUTIARA, AGAM, SUMATERA BARAT",16,20,159,179
https://kawalpemilu.org#13319,"TIKU SELATAN, TANJUNG MUTIARA, AGAM, SUMATERA BARAT",17,33,112,145
https://kawalpemilu.org#13319,"TIKU SELATAN, TANJUNG MUTIARA, AGAM, SUMATERA BARAT",18,13,110,123
https://kawalpemilu.org#13319,"TIKU SELATAN, TANJUNG MUTIARA, AGAM, SUMATERA BARAT",19,21,176,197
https://kawalpemilu.org#13319,"TIKU SELATAN, TANJUNG MUTIARA, AGAM, SUMATERA BARAT",20,14,139,153
https://kawalpemilu.org#13319,"TIKU SELATAN, TANJUNG MUTIARA, AGAM, SUMATERA BARAT",21,13,139,152
https://kawalpemilu.org#13319,"TIKU SELATAN, TANJUNG MUTIARA, AGAM, SUMATERA BARAT",22,7,95,102
https://kawalpemilu.org#13319,"TIKU SELATAN, TANJUNG MUTIARA, AGAM, SUMATERA BARAT",23,16,143,159
https://kawalpemilu.org#13319,"TIKU SELATAN, TANJUNG MUTIARA, AGAM, SUMATERA BARAT",24,24,146,170
https://kawalpemilu.org#13319,"TIKU SELATAN, TANJUNG MUTIARA, AGAM, SUMATERA BARAT",25,15,130,145
https://kawalpemilu.org#13319,"TIKU SELATAN, TANJUNG MUTIARA, AGAM, SUMATERA BARAT",26,15,152,167
https://kawalpemilu.org#13319,"TIKU SELATAN, TANJUNG MUTIARA, AGAM, SUMATERA BARAT",27,21,130,151
https://kawalpemilu.org#13319,"TIKU SELATAN, TANJUNG MUTIARA, AGAM, SUMATERA BARAT",28,14,139,153
https://kawalpemilu.org#13319,"TIKU SELATAN, TANJUNG MUTIARA, AGAM, SUMATERA BARAT",29,4,127,131
https://kawalpemilu.org#13319,"TIKU SELATAN, TANJUNG MUTIARA, AGAM, SUMATERA BARAT",30,2,128,130
https://kawalpemilu.org#13319,"TIKU SELATAN, TANJUNG MUTIARA, AGAM, SUMATERA BARAT",31,6,91,97
https://kawalpemilu.org#13319,"TIKU SELATAN, TANJUNG MUTIARA, AGAM, SUMATERA BARAT",32,7,148,155
https://kawalpemilu.org#13319,"TIKU SELATAN, TANJUNG MUTIARA, AGAM, SUMATERA BARAT",33,5,117,122
https://kawalpemilu.org#13319,"TIKU SELATAN, TANJUNG MUTIARA, AGAM, SUMATERA BARAT",34,12,112,124
https://kawalpemilu.org#13319,"TIKU SELATAN, TANJUNG MUTIARA, AGAM, SUMATERA BARAT",35,13,122,135
https://kawalpemilu.org#13319,"TIKU SELATAN, TANJUNG MUTIARA, AGAM, SUMATERA BARAT",36,14,81,95
https://kawalpemilu.org#13319,"TIKU SELATAN, TANJUNG MUTIARA, AGAM, SUMATERA BARAT",37,12,140,152
https://kawalpemilu.org#13319,"TIKU SELATAN, TANJUNG MUTIARA, AGAM, SUMATERA BARAT",38,11,167,178
https://kawalpemilu.org#13320,"TIKU UTARA, TANJUNG MUTIARA, AGAM, SUMATERA BARAT",1,19,133,152
https://kawalpemilu.org#13320,"TIKU UTARA, TANJUNG MUTIARA, AGAM, SUMATERA BARAT",2,25,134,159
https://kawalpemilu.org#13320,"TIKU UTARA, TANJUNG MUTIARA, AGAM, SUMATERA BARAT",3,13,102,115
https://kawalpemilu.org#13320,"TIKU UTARA, TANJUNG MUTIARA, AGAM, SUMATERA BARAT",4,12,62,74
https://kawalpemilu.org#13320,"TIKU UTARA, TANJUNG MUTIARA, AGAM, SUMATERA BARAT",7,4,88,92
https://kawalpemilu.org#13320,"TIKU UTARA, TANJUNG MUTIARA, AGAM, SUMATERA BARAT",8,9,115,124
https://kawalpemilu.org#13320,"TIKU UTARA, TANJUNG MUTIARA, AGAM, SUMATERA BARAT",9,6,123,129
https://kawalpemilu.org#13320,"TIKU UTARA, TANJUNG MUTIARA, AGAM, SUMATERA BARAT",10,7,151,158
https://kawalpemilu.org#13320,"TIKU UTARA, TANJUNG MUTIARA, AGAM, SUMATERA BARAT",11,7,121,128
https://kawalpemilu.org#13320,"TIKU UTARA, TANJUNG MUTIARA, AGAM, SUMATERA BARAT",12,14,139,153
https://kawalpemilu.org#13320,"TIKU UTARA, TANJUNG MUTIARA, AGAM, SUMATERA BARAT",13,27,130,157
https://kawalpemilu.org#13320,"TIKU UTARA, TANJUNG MUTIARA, AGAM, SUMATERA BARAT",14,16,174,190
https://kawalpemilu.org#13320,"TIKU UTARA, TANJUNG MUTIARA, AGAM, SUMATERA BARAT",15,14,146,160
https://kawalpemilu.org#13320,"TIKU UTARA, TANJUNG MUTIARA, AGAM, SUMATERA BARAT",16,11,147,158
https://kawalpemilu.org#13320,"TIKU UTARA, TANJUNG MUTIARA, AGAM, SUMATERA BARAT",17,4,90,94
https://kawalpemilu.org#13320,"TIKU UTARA, TANJUNG MUTIARA, AGAM, SUMATERA BARAT",18,8,172,180
https://kawalpemilu.org#13320,"TIKU UTARA, TANJUNG MUTIARA, AGAM, SUMATERA BARAT",19,17,165,182
https://kawalpemilu.org#13320,"TIKU UTARA, TANJUNG MUTIARA, AGAM, SUMATERA BARAT",20,6,156,162
https://kawalpemilu.org#13320,"TIKU UTARA, TANJUNG MUTIARA, AGAM, SUMATERA BARAT",21,22,128,150
https://kawalpemilu.org#13320,"TIKU UTARA, TANJUNG MUTIARA, AGAM, SUMATERA BARAT",22,20,144,165
https://kawalpemilu.org#13320,"TIKU UTARA, TANJUNG MUTIARA, AGAM, SUMATERA BARAT",23,20,168,188
https://kawalpemilu.org#13320,"TIKU UTARA, TANJUNG MUTIARA, AGAM, SUMATERA BARAT",24,12,179,191
https://kawalpemilu.org#13320,"TIKU UTARA, TANJUNG MUTIARA, AGAM, SUMATERA BARAT",25,14,114,128
https://kawalpemilu.org#13320,"TIKU UTARA, TANJUNG MUTIARA, AGAM, SUMATERA BARAT",26,15,168,183
https://kawalpemilu.org#13320,"TIKU UTARA, TANJUNG MUTIARA, AGAM, SUMATERA BARAT",27,15,183,198
https://kawalpemilu.org#13320,"TIKU UTARA, TANJUNG MUTIARA, AGAM, SUMATERA BARAT",28,9,182,191
https://kawalpemilu.org#13321,"TIKU LIMO JORONG, TANJUNG MUTIARA, AGAM, SUMATERA BARAT",1,19,189,208
https://kawalpemilu.org#13321,"TIKU LIMO JORONG, TANJUNG MUTIARA, AGAM, SUMATERA BARAT",2,20,210,230
https://kawalpemilu.org#13321,"TIKU LIMO JORONG, TANJUNG MUTIARA, AGAM, SUMATERA BARAT",3,10,140,150
https://kawalpemilu.org#13321,"TIKU LIMO JORONG, TANJUNG MUTIARA, AGAM, SUMATERA BARAT",4,20,143,163
https://kawalpemilu.org#13321,"TIKU LIMO JORONG, TANJUNG MUTIARA, AGAM, SUMATERA BARAT",5,13,187,200
https://kawalpemilu.org#13321,"TIKU LIMO JORONG, TANJUNG MUTIARA, AGAM, SUMATERA BARAT",6,17,199,216
https://kawalpemilu.org#13321,"TIKU LIMO JORONG, TANJUNG MUTIARA, AGAM, SUMATERA BARAT",7,19,191,210
https://kawalpemilu.org#13321,"TIKU LIMO JORONG, TANJUNG MUTIARA, AGAM, SUMATERA BARAT",8,23,188,211
https://kawalpemilu.org#13321,"TIKU LIMO JORONG, TANJUNG MUTIARA, AGAM, SUMATERA BARAT",9,6,85,91
https://kawalpemilu.org#13321,"TIKU LIMO JORONG, TANJUNG MUTIARA, AGAM, SUMATERA BARAT",10,18,206,224
https://kawalpemilu.org#13321,"TIKU LIMO JORONG, TANJUNG MUTIARA, AGAM, SUMATERA BARAT",11,50,104,154
https://kawalpemilu.org#13321,"TIKU LIMO JORONG, TANJUNG MUTIARA, AGAM, SUMATERA BARAT",12,32,60,92
https://kawalpemilu.org#13321,"TIKU LIMO JORONG, TANJUNG MUTIARA, AGAM, SUMATERA BARAT",13,44,63,107
https://kawalpemilu.org#13321,"TIKU LIMO JORONG, TANJUNG MUTIARA, AGAM, SUMATERA BARAT",14,13,182,195
https://kawalpemilu.org#13321,"TIKU LIMO JORONG, TANJUNG MUTIARA, AGAM, SUMATERA BARAT",15,10,166,176
https://kawalpemilu.org#13321,"TIKU LIMO JORONG, TANJUNG MUTIARA, AGAM, SUMATERA BARAT",16,29,37,66
https://kawalpemilu.org#13321,"TIKU LIMO JORONG, TANJUNG MUTIARA, AGAM, SUMATERA BARAT",17,23,163,186
https://kawalpemilu.org#13321,"TIKU LIMO JORONG, TANJUNG MUTIARA, AGAM, SUMATERA BARAT",18,32,126,158
https://kawalpemilu.org#13321,"TIKU LIMO JORONG, TANJUNG MUTIARA, AGAM, SUMATERA BARAT",19,29,37,66
https://kawalpemilu.org#13321,"TIKU LIMO JORONG, TANJUNG MUTIARA, AGAM, SUMATERA BARAT",20,17,111,128
https://kawalpemilu.org#13321,"TIKU LIMO JORONG, TANJUNG MUTIARA, AGAM, SUMATERA BARAT",21,11,100,111
https://kawalpemilu.org#13321,"TIKU LIMO JORONG, TANJUNG MUTIARA, AGAM, SUMATERA BARAT",22,31,88,119
https://kawalpemilu.org#13321,"TIKU LIMO JORONG, TANJUNG MUTIARA, AGAM, SUMATERA BARAT",23,48,33,81
https://kawalpemilu.org#13321,"TIKU LIMO JORONG, TANJUNG MUTIARA, AGAM, SUMATERA BARAT",24,24,140,164
https://kawalpemilu.org#13321,"TIKU LIMO JORONG, TANJUNG MUTIARA, AGAM, SUMATERA BARAT",25,32,161,193
https://kawalpemilu.org#13321,"TIKU LIMO JORONG, TANJUNG MUTIARA, AGAM, SUMATERA BARAT",26,12,47,59
https://kawalpemilu.org#13321,"TIKU LIMO JORONG, TANJUNG MUTIARA, AGAM, SUMATERA BARAT",27,58,27,85
https://kawalpemilu.org#13323,"LUBUK BASUNG, LUBUK BASUNG, AGAM, SUMATERA BARAT",1,22,155,177
https://kawalpemilu.org#13323,"LUBUK BASUNG, LUBUK BASUNG, AGAM, SUMATERA BARAT",2,23,115,138
https://kawalpemilu.org#13323,"LUBUK BASUNG, LUBUK BASUNG, AGAM, SUMATERA BARAT",3,18,174,192
https://kawalpemilu.org#13323,"LUBUK BASUNG, LUBUK BASUNG, AGAM, SUMATERA BARAT",4,6,137,143
https://kawalpemilu.org#13323,"LUBUK BASUNG, LUBUK BASUNG, AGAM, SUMATERA BARAT",5,9,70,79
https://kawalpemilu.org#13323,"LUBUK BASUNG, LUBUK BASUNG, AGAM, SUMATERA BARAT",6,9,127,136
https://kawalpemilu.org#13323,"LUBUK BASUNG, LUBUK BASUNG, AGAM, SUMATERA BARAT",7,24,152,176
https://kawalpemilu.org#13323,"LUBUK BASUNG, LUBUK BASUNG, AGAM, SUMATERA BARAT",8,11,163,174
https://kawalpemilu.org#13323,"LUBUK BASUNG, LUBUK BASUNG, AGAM, SUMATERA BARAT",9,9,199,208
https://kawalpemilu.org#13323,"LUBUK BASUNG, LUBUK BASUNG, AGAM, SUMATERA BARAT",10,21,177,198
https://kawalpemilu.org#13323,"LUBUK BASUNG, LUBUK BASUNG, AGAM, SUMATERA BARAT",11,7,209,216
https://kawalpemilu.org#13323,"LUBUK BASUNG, LUBUK BASUNG, AGAM, SUMATERA BARAT",12,14,115,129
https://kawalpemilu.org#13323,"LUBUK BASUNG, LUBUK BASUNG, AGAM, SUMATERA BARAT",13,15,154,169
https://kawalpemilu.org#13323,"LUBUK BASUNG, LUBUK BASUNG, AGAM, SUMATERA BARAT",14,6,130,136
https://kawalpemilu.org#13323,"LUBUK BASUNG, LUBUK BASUNG, AGAM, SUMATERA BARAT",15,27,204,231
https://kawalpemilu.org#13323,"LUBUK BASUNG, LUBUK BASUNG, AGAM, SUMATERA BARAT",16,15,105,120
https://kawalpemilu.org#13323,"LUBUK BASUNG, LUBUK BASUNG, AGAM, SUMATERA BARAT",17,18,158,176
https://kawalpemilu.org#13323,"LUBUK BASUNG, LUBUK BASUNG, AGAM, SUMATERA BARAT",18,20,176,196
https://kawalpemilu.org#13323,"LUBUK BASUNG, LUBUK BASUNG, AGAM, SUMATERA BARAT",19,17,119,136
https://kawalpemilu.org#13323,"LUBUK BASUNG, LUBUK BASUNG, AGAM, SUMATERA BARAT",20,8,148,156
https://kawalpemilu.org#13323,"LUBUK BASUNG, LUBUK BASUNG, AGAM, SUMATERA BARAT",21,17,142,159
https://kawalpemilu.org#13323,"LUBUK BASUNG, LUBUK BASUNG, AGAM, SUMATERA BARAT",22,29,119,148
https://kawalpemilu.org#13323,"LUBUK BASUNG, LUBUK BASUNG, AGAM, SUMATERA BARAT",23,6,180,186
https://kawalpemilu.org#13323,"LUBUK BASUNG, LUBUK BASUNG, AGAM, SUMATERA BARAT",24,19,136,155
https://kawalpemilu.org#13323,"LUBUK BASUNG, LUBUK BASUNG, AGAM, SUMATERA BARAT",25,13,158,171
https://kawalpemilu.org#13323,"LUBUK BASUNG, LUBUK BASUNG, AGAM, SUMATERA BARAT",26,23,208,231
https://kawalpemilu.org#13323,"LUBUK BASUNG, LUBUK BASUNG, AGAM, SUMATERA BARAT",27,8,96,104
https://kawalpemilu.org#13323,"LUBUK BASUNG, LUBUK BASUNG, AGAM, SUMATERA BARAT",28,15,94,109
https://kawalpemilu.org#13323,"LUBUK BASUNG, LUBUK BASUNG, AGAM, SUMATERA BARAT",29,11,104,115
https://kawalpemilu.org#13323,"LUBUK BASUNG, LUBUK BASUNG, AGAM, SUMATERA BARAT",30,16,161,177
https://kawalpemilu.org#13323,"LUBUK BASUNG, LUBUK BASUNG, AGAM, SUMATERA BARAT",31,35,180,215
https://kawalpemilu.org#13323,"LUBUK BASUNG, LUBUK BASUNG, AGAM, SUMATERA BARAT",32,19,128,147
https://kawalpemilu.org#13323,"LUBUK BASUNG, LUBUK BASUNG, AGAM, SUMATERA BARAT",33,13,203,216
https://kawalpemilu.org#13323,"LUBUK BASUNG, LUBUK BASUNG, AGAM, SUMATERA BARAT",34,23,155,178
https://kawalpemilu.org#13323,"LUBUK BASUNG, LUBUK BASUNG, AGAM, SUMATERA BARAT",35,19,165,184
https://kawalpemilu.org#13323,"LUBUK BASUNG, LUBUK BASUNG, AGAM, SUMATERA BARAT",36,13,93,106
https://kawalpemilu.org#13323,"LUBUK BASUNG, LUBUK BASUNG, AGAM, SUMATERA BARAT",37,25,185,210
https://kawalpemilu.org#13323,"LUBUK BASUNG, LUBUK BASUNG, AGAM, SUMATERA BARAT",38,19,132,151
https://kawalpemilu.org#13323,"LUBUK BASUNG, LUBUK BASUNG, AGAM, SUMATERA BARAT",39,18,195,213
https://kawalpemilu.org#13323,"LUBUK BASUNG, LUBUK BASUNG, AGAM, SUMATERA BARAT",40,27,155,182
https://kawalpemilu.org#13323,"LUBUK BASUNG, LUBUK BASUNG, AGAM, SUMATERA BARAT",41,17,115,132
https://kawalpemilu.org#13323,"LUBUK BASUNG, LUBUK BASUNG, AGAM, SUMATERA BARAT",42,17,206,223
https://kawalpemilu.org#13323,"LUBUK BASUNG, LUBUK BASUNG, AGAM, SUMATERA BARAT",43,30,173,203
https://kawalpemilu.org#13323,"LUBUK BASUNG, LUBUK BASUNG, AGAM, SUMATERA BARAT",44,24,154,178
https://kawalpemilu.org#13323,"LUBUK BASUNG, LUBUK BASUNG, AGAM, SUMATERA BARAT",45,43,161,204
https://kawalpemilu.org#13323,"LUBUK BASUNG, LUBUK BASUNG, AGAM, SUMATERA BARAT",46,25,147,172
https://kawalpemilu.org#13323,"LUBUK BASUNG, LUBUK BASUNG, AGAM, SUMATERA BARAT",47,12,154,166
https://kawalpemilu.org#13323,"LUBUK BASUNG, LUBUK BASUNG, AGAM, SUMATERA BARAT",48,8,101,109
https://kawalpemilu.org#13323,"LUBUK BASUNG, LUBUK BASUNG, AGAM, SUMATERA BARAT",49,19,99,118
https://kawalpemilu.org#13323,"LUBUK BASUNG, LUBUK BASUNG, AGAM, SUMATERA BARAT",50,9,109,118
https://kawalpemilu.org#13323,"LUBUK BASUNG, LUBUK BASUNG, AGAM, SUMATERA BARAT",51,23,126,149
https://kawalpemilu.org#13323,"LUBUK BASUNG, LUBUK BASUNG, AGAM, SUMATERA BARAT",52,29,223,252
https://kawalpemilu.org#13323,"LUBUK BASUNG, LUBUK BASUNG, AGAM, SUMATERA BARAT",53,20,163,183
https://kawalpemilu.org#13323,"LUBUK BASUNG, LUBUK BASUNG, AGAM, SUMATERA BARAT",54,26,174,200
https://kawalpemilu.org#13323,"LUBUK BASUNG, LUBUK BASUNG, AGAM, SUMATERA BARAT",55,39,122,161
https://kawalpemilu.org#13323,"LUBUK BASUNG, LUBUK BASUNG, AGAM, SUMATERA BARAT",56,11,154,165
https://kawalpemilu.org#13323,"LUBUK BASUNG, LUBUK BASUNG, AGAM, SUMATERA BARAT",57,20,184,204
https://kawalpemilu.org#13323,"LUBUK BASUNG, LUBUK BASUNG, AGAM, SUMATERA BARAT",58,28,170,198
https://kawalpemilu.org#13323,"LUBUK BASUNG, LUBUK BASUNG, AGAM, SUMATERA BARAT",59,15,161,176
https://kawalpemilu.org#13323,"LUBUK BASUNG, LUBUK BASUNG, AGAM, SUMATERA BARAT",60,16,144,159
https://kawalpemilu.org#13323,"LUBUK BASUNG, LUBUK BASUNG, AGAM, SUMATERA BARAT",61,28,151,179
https://kawalpemilu.org#13323,"LUBUK BASUNG, LUBUK BASUNG, AGAM, SUMATERA BARAT",62,12,158,170
https://kawalpemilu.org#13323,"LUBUK BASUNG, LUBUK BASUNG, AGAM, SUMATERA BARAT",63,21,129,150
https://kawalpemilu.org#13323,"LUBUK BASUNG, LUBUK BASUNG, AGAM, SUMATERA BARAT",64,13,155,168
https://kawalpemilu.org#13323,"LUBUK BASUNG, LUBUK BASUNG, AGAM, SUMATERA BARAT",65,24,189,213
https://kawalpemilu.org#13323,"LUBUK BASUNG, LUBUK BASUNG, AGAM, SUMATERA BARAT",66,33,129,162
https://kawalpemilu.org#13323,"LUBUK BASUNG, LUBUK BASUNG, AGAM, SUMATERA BARAT",67,25,143,168
https://kawalpemilu.org#13323,"LUBUK BASUNG, LUBUK BASUNG, AGAM, SUMATERA BARAT",68,33,201,234
https://kawalpemilu.org#13323,"LUBUK BASUNG, LUBUK BASUNG, AGAM, SUMATERA BARAT",69,21,213,234
https://kawalpemilu.org#13323,"LUBUK BASUNG, LUBUK BASUNG, AGAM, SUMATERA BARAT",70,21,192,213
https://kawalpemilu.org#13323,"LUBUK BASUNG, LUBUK BASUNG, AGAM, SUMATERA BARAT",71,18,199,217
https://kawalpemilu.org#13323,"LUBUK BASUNG, LUBUK BASUNG, AGAM, SUMATERA BARAT",72,38,187,225
https://kawalpemilu.org#13323,"LUBUK BASUNG, LUBUK BASUNG, AGAM, SUMATERA BARAT",73,34,157,191
https://kawalpemilu.org#13323,"LUBUK BASUNG, LUBUK BASUNG, AGAM, SUMATERA BARAT",75,15,106,121
https://kawalpemilu.org#13323,"LUBUK BASUNG, LUBUK BASUNG, AGAM, SUMATERA BARAT",76,32,207,239
https://kawalpemilu.org#13323,"LUBUK BASUNG, LUBUK BASUNG, AGAM, SUMATERA BARAT",77,19,101,120
https://kawalpemilu.org#13323,"LUBUK BASUNG, LUBUK BASUNG, AGAM, SUMATERA BARAT",78,57,159,216
https://kawalpemilu.org#13323,"LUBUK BASUNG, LUBUK BASUNG, AGAM, SUMATERA BARAT",79,10,126,136
https://kawalpemilu.org#13323,"LUBUK BASUNG, LUBUK BASUNG, AGAM, SUMATERA BARAT",80,15,112,127
https://kawalpemilu.org#13323,"LUBUK BASUNG, LUBUK BASUNG, AGAM, SUMATERA BARAT",81,36,144,180
https://kawalpemilu.org#13323,"LUBUK BASUNG, LUBUK BASUNG, AGAM, SUMATERA BARAT",82,13,183,196
https://kawalpemilu.org#13323,"LUBUK BASUNG, LUBUK BASUNG, AGAM, SUMATERA BARAT",83,38,114,152
https://kawalpemilu.org#13323,"LUBUK BASUNG, LUBUK BASUNG, AGAM, SUMATERA BARAT",84,30,219,249
https://kawalpemilu.org#13323,"LUBUK BASUNG, LUBUK BASUNG, AGAM, SUMATERA BARAT",85,7,117,124
https://kawalpemilu.org#13323,"LUBUK BASUNG, LUBUK BASUNG, AGAM, SUMATERA BARAT",86,8,78,86
https://kawalpemilu.org#13323,"LUBUK BASUNG, LUBUK BASUNG, AGAM, SUMATERA BARAT",87,22,95,117
https://kawalpemilu.org#13323,"LUBUK BASUNG, LUBUK BASUNG, AGAM, SUMATERA BARAT",88,16,122,138
https://kawalpemilu.org#13323,"LUBUK BASUNG, LUBUK BASUNG, AGAM, SUMATERA BARAT",89,11,114,125
https://kawalpemilu.org#13323,"LUBUK BASUNG, LUBUK BASUNG, AGAM, SUMATERA BARAT",90,20,186,206
https://kawalpemilu.org#13323,"LUBUK BASUNG, LUBUK BASUNG, AGAM, SUMATERA BARAT",91,11,49,60
https://kawalpemilu.org#13323,"LUBUK BASUNG, LUBUK BASUNG, AGAM, SUMATERA BARAT",92,25,187,212
https://kawalpemilu.org#13323,"LUBUK BASUNG, LUBUK BASUNG, AGAM, SUMATERA BARAT",93,3,123,126
https://kawalpemilu.org#13323,"LUBUK BASUNG, LUBUK BASUNG, AGAM, SUMATERA BARAT",94,13,155,168
https://kawalpemilu.org#13323,"LUBUK BASUNG, LUBUK BASUNG, AGAM, SUMATERA BARAT",95,12,154,166
https://kawalpemilu.org#13323,"LUBUK BASUNG, LUBUK BASUNG, AGAM, SUMATERA BARAT",96,23,174,197
https://kawalpemilu.org#13323,"LUBUK BASUNG, LUBUK BASUNG, AGAM, SUMATERA BARAT",97,16,142,158
https://kawalpemilu.org#13323,"LUBUK BASUNG, LUBUK BASUNG, AGAM, SUMATERA BARAT",98,17,135,152
https://kawalpemilu.org#13323,"LUBUK BASUNG, LUBUK BASUNG, AGAM, SUMATERA BARAT",99,25,208,233
https://kawalpemilu.org#13323,"LUBUK BASUNG, LUBUK BASUNG, AGAM, SUMATERA BARAT",100,19,118,137
https://kawalpemilu.org#13323,"LUBUK BASUNG, LUBUK BASUNG, AGAM, SUMATERA BARAT",101,20,193,213
https://kawalpemilu.org#13323,"LUBUK BASUNG, LUBUK BASUNG, AGAM, SUMATERA BARAT",102,22,176,198
https://kawalpemilu.org#13323,"LUBUK BASUNG, LUBUK BASUNG, AGAM, SUMATERA BARAT",103,22,176,198
https://kawalpemilu.org#13323,"LUBUK BASUNG, LUBUK BASUNG, AGAM, SUMATERA BARAT",104,7,156,163
https://kawalpemilu.org#13323,"LUBUK BASUNG, LUBUK BASUNG, AGAM, SUMATERA BARAT",105,23,164,187
https://kawalpemilu.org#13323,"LUBUK BASUNG, LUBUK BASUNG, AGAM, SUMATERA BARAT",106,18,119,137
https://kawalpemilu.org#13323,"LUBUK BASUNG, LUBUK BASUNG, AGAM, SUMATERA BARAT",107,59,167,226
https://kawalpemilu.org#13323,"LUBUK BASUNG, LUBUK BASUNG, AGAM, SUMATERA BARAT",108,12,93,105
https://kawalpemilu.org#13323,"LUBUK BASUNG, LUBUK BASUNG, AGAM, SUMATERA BARAT",109,9,122,131
https://kawalpemilu.org#13323,"LUBUK BASUNG, LUBUK BASUNG, AGAM, SUMATERA BARAT",110,8,117,125
https://kawalpemilu.org#13323,"LUBUK BASUNG, LUBUK BASUNG, AGAM, SUMATERA BARAT",111,22,97,119
https://kawalpemilu.org#13323,"LUBUK BASUNG, LUBUK BASUNG, AGAM, SUMATERA BARAT",112,12,100,112
https://kawalpemilu.org#13323,"LUBUK BASUNG, LUBUK BASUNG, AGAM, SUMATERA BARAT",113,17,103,120
https://kawalpemilu.org#13323,"LUBUK BASUNG, LUBUK BASUNG, AGAM, SUMATERA BARAT",114,8,122,130
https://kawalpemilu.org#13323,"LUBUK BASUNG, LUBUK BASUNG, AGAM, SUMATERA BARAT",115,25,105,130
https://kawalpemilu.org#13324,"GERAGAHAN, LUBUK BASUNG, AGAM, SUMATERA BARAT",1,16,145,161
https://kawalpemilu.org#13324,"GERAGAHAN, LUBUK BASUNG, AGAM, SUMATERA BARAT",2,32,209,241
https://kawalpemilu.org#13324,"GERAGAHAN, LUBUK BASUNG, AGAM, SUMATERA BARAT",3,22,185,207
https://kawalpemilu.org#13324,"GERAGAHAN, LUBUK BASUNG, AGAM, SUMATERA BARAT",4,15,121,136
https://kawalpemilu.org#13324,"GERAGAHAN, LUBUK BASUNG, AGAM, SUMATERA BARAT",5,16,179,195
https://kawalpemilu.org#13324,"GERAGAHAN, LUBUK BASUNG, AGAM, SUMATERA BARAT",6,14,83,97
https://kawalpemilu.org#13324,"GERAGAHAN, LUBUK BASUNG, AGAM, SUMATERA BARAT",7,15,100,115
https://kawalpemilu.org#13324,"GERAGAHAN, LUBUK BASUNG, AGAM, SUMATERA BARAT",8,32,79,111
https://kawalpemilu.org#13324,"GERAGAHAN, LUBUK BASUNG, AGAM, SUMATERA BARAT",9,17,121,138
https://kawalpemilu.org#13324,"GERAGAHAN, LUBUK BASUNG, AGAM, SUMATERA BARAT",10,66,150,216
https://kawalpemilu.org#13324,"GERAGAHAN, LUBUK BASUNG, AGAM, SUMATERA BARAT",11,28,159,187
https://kawalpemilu.org#13324,"GERAGAHAN, LUBUK BASUNG, AGAM, SUMATERA BARAT",12,28,98,126
https://kawalpemilu.org#13324,"GERAGAHAN, LUBUK BASUNG, AGAM, SUMATERA BARAT",13,17,134,151
https://kawalpemilu.org#13324,"GERAGAHAN, LUBUK BASUNG, AGAM, SUMATERA BARAT",14,23,157,180
https://kawalpemilu.org#13324,"GERAGAHAN, LUBUK BASUNG, AGAM, SUMATERA BARAT",15,20,138,158
https://kawalpemilu.org#13324,"GERAGAHAN, LUBUK BASUNG, AGAM, SUMATERA BARAT",16,28,175,203
https://kawalpemilu.org#13324,"GERAGAHAN, LUBUK BASUNG, AGAM, SUMATERA BARAT",17,23,144,167
https://kawalpemilu.org#13324,"GERAGAHAN, LUBUK BASUNG, AGAM, SUMATERA BARAT",18,21,130,151
https://kawalpemilu.org#13324,"GERAGAHAN, LUBUK BASUNG, AGAM, SUMATERA BARAT",19,30,144,174
https://kawalpemilu.org#13324,"GERAGAHAN, LUBUK BASUNG, AGAM, SUMATERA BARAT",20,18,71,89
https://kawalpemilu.org#13324,"GERAGAHAN, LUBUK BASUNG, AGAM, SUMATERA BARAT",21,26,143,169
https://kawalpemilu.org#13324,"GERAGAHAN, LUBUK BASUNG, AGAM, SUMATERA BARAT",22,30,143,173
https://kawalpemilu.org#13324,"GERAGAHAN, LUBUK BASUNG, AGAM, SUMATERA BARAT",24,32,161,193
https://kawalpemilu.org#13325,"KAMPUNG PINANG, LUBUK BASUNG, AGAM, SUMATERA BARAT",1,20,166,186
https://kawalpemilu.org#13325,"KAMPUNG PINANG, LUBUK BASUNG, AGAM, SUMATERA BARAT",2,19,173,192
https://kawalpemilu.org#13325,"KAMPUNG PINANG, LUBUK BASUNG, AGAM, SUMATERA BARAT",3,12,179,191
https://kawalpemilu.org#13325,"KAMPUNG PINANG, LUBUK BASUNG, AGAM, SUMATERA BARAT",4,14,135,149
https://kawalpemilu.org#13325,"KAMPUNG PINANG, LUBUK BASUNG, AGAM, SUMATERA BARAT",5,6,83,89
https://kawalpemilu.org#13325,"KAMPUNG PINANG, LUBUK BASUNG, AGAM, SUMATERA BARAT",6,21,164,185
https://kawalpemilu.org#13325,"KAMPUNG PINANG, LUBUK BASUNG, AGAM, SUMATERA BARAT",7,4,84,88
https://kawalpemilu.org#13325,"KAMPUNG PINANG, LUBUK BASUNG, AGAM, SUMATERA BARAT",8,7,94,101
https://kawalpemilu.org#13325,"KAMPUNG PINANG, LUBUK BASUNG, AGAM, SUMATERA BARAT",9,10,118,128
https://kawalpemilu.org#13325,"KAMPUNG PINANG, LUBUK BASUNG, AGAM, SUMATERA BARAT",10,13,147,160
https://kawalpemilu.org#13325,"KAMPUNG PINANG, LUBUK BASUNG, AGAM, SUMATERA BARAT",11,12,115,127
https://kawalpemilu.org#13325,"KAMPUNG PINANG, LUBUK BASUNG, AGAM, SUMATERA BARAT",12,20,199,219
https://kawalpemilu.org#13325,"KAMPUNG PINANG, LUBUK BASUNG, AGAM, SUMATERA BARAT",13,17,194,211
https://kawalpemilu.org#13326,"KAMPUNG TANGAH, LUBUK BASUNG, AGAM, SUMATERA BARAT",1,17,167,184
https://kawalpemilu.org#13326,"KAMPUNG TANGAH, LUBUK BASUNG, AGAM, SUMATERA BARAT",2,18,146,164
https://kawalpemilu.org#13326,"KAMPUNG TANGAH, LUBUK BASUNG, AGAM, SUMATERA BARAT",3,22,162,184
https://kawalpemilu.org#13326,"KAMPUNG TANGAH, LUBUK BASUNG, AGAM, SUMATERA BARAT",5,24,172,196
https://kawalpemilu.org#13326,"KAMPUNG TANGAH, LUBUK BASUNG, AGAM, SUMATERA BARAT",6,23,183,206
https://kawalpemilu.org#13326,"KAMPUNG TANGAH, LUBUK BASUNG, AGAM, SUMATERA BARAT",7,23,131,154
https://kawalpemilu.org#13326,"KAMPUNG TANGAH, LUBUK BASUNG, AGAM, SUMATERA BARAT",8,22,162,184
https://kawalpemilu.org#13326,"KAMPUNG TANGAH, LUBUK BASUNG, AGAM, SUMATERA BARAT",9,10,117,127
https://kawalpemilu.org#13326,"KAMPUNG TANGAH, LUBUK BASUNG, AGAM, SUMATERA BARAT",10,22,111,133
https://kawalpemilu.org#13326,"KAMPUNG TANGAH, LUBUK BASUNG, AGAM, SUMATERA BARAT",11,21,154,175
https://kawalpemilu.org#13326,"KAMPUNG TANGAH, LUBUK BASUNG, AGAM, SUMATERA BARAT",12,11,120,131
https://kawalpemilu.org#13326,"KAMPUNG TANGAH, LUBUK BASUNG, AGAM, SUMATERA BARAT",13,17,158,175
https://kawalpemilu.org#13326,"KAMPUNG TANGAH, LUBUK BASUNG, AGAM, SUMATERA BARAT",14,19,206,225
https://kawalpemilu.org#13326,"KAMPUNG TANGAH, LUBUK BASUNG, AGAM, SUMATERA BARAT",15,13,171,184
https://kawalpemilu.org#13326,"KAMPUNG TANGAH, LUBUK BASUNG, AGAM, SUMATERA BARAT",16,16,165,181
https://kawalpemilu.org#13326,"KAMPUNG TANGAH, LUBUK BASUNG, AGAM, SUMATERA BARAT",17,22,87,109
https://kawalpemilu.org#13326,"KAMPUNG TANGAH, LUBUK BASUNG, AGAM, SUMATERA BARAT",18,66,145,211
https://kawalpemilu.org#13326,"KAMPUNG TANGAH, LUBUK BASUNG, AGAM, SUMATERA BARAT",19,16,101,117
https://kawalpemilu.org#13327,"MANGGOPOH, LUBUK BASUNG, AGAM, SUMATERA BARAT",1,17,172,189
https://kawalpemilu.org#13327,"MANGGOPOH, LUBUK BASUNG, AGAM, SUMATERA BARAT",2,10,124,134
https://kawalpemilu.org#13327,"MANGGOPOH, LUBUK BASUNG, AGAM, SUMATERA BARAT",3,16,89,105
https://kawalpemilu.org#13327,"MANGGOPOH, LUBUK BASUNG, AGAM, SUMATERA BARAT",4,15,174,189
https://kawalpemilu.org#13327,"MANGGOPOH, LUBUK BASUNG, AGAM, SUMATERA BARAT",5,26,132,158
https://kawalpemilu.org#13327,"MANGGOPOH, LUBUK BASUNG, AGAM, SUMATERA BARAT",6,13,179,192
https://kawalpemilu.org#13327,"MANGGOPOH, LUBUK BASUNG, AGAM, SUMATERA BARAT",7,28,178,206
https://kawalpemilu.org#13327,"MANGGOPOH, LUBUK BASUNG, AGAM, SUMATERA BARAT",8,22,166,188
https://kawalpemilu.org#13327,"MANGGOPOH, LUBUK BASUNG, AGAM, SUMATERA BARAT",9,19,147,166
https://kawalpemilu.org#13327,"MANGGOPOH, LUBUK BASUNG, AGAM, SUMATERA BARAT",10,13,165,178
https://kawalpemilu.org#13327,"MANGGOPOH, LUBUK BASUNG, AGAM, SUMATERA BARAT",12,9,248,257
https://kawalpemilu.org#13327,"MANGGOPOH, LUBUK BASUNG, AGAM, SUMATERA BARAT",13,25,142,167
https://kawalpemilu.org#13327,"MANGGOPOH, LUBUK BASUNG, AGAM, SUMATERA BARAT",14,5,113,118
https://kawalpemilu.org#13327,"MANGGOPOH, LUBUK BASUNG, AGAM, SUMATERA BARAT",15,18,182,200
https://kawalpemilu.org#13327,"MANGGOPOH, LUBUK BASUNG, AGAM, SUMATERA BARAT",16,8,139,147
https://kawalpemilu.org#13327,"MANGGOPOH, LUBUK BASUNG, AGAM, SUMATERA BARAT",17,10,182,192
https://kawalpemilu.org#13327,"MANGGOPOH, LUBUK BASUNG, AGAM, SUMATERA BARAT",18,6,110,116
https://kawalpemilu.org#13327,"MANGGOPOH, LUBUK BASUNG, AGAM, SUMATERA BARAT",19,13,116,129
https://kawalpemilu.org#13327,"MANGGOPOH, LUBUK BASUNG, AGAM, SUMATERA BARAT",20,13,126,139
https://kawalpemilu.org#13327,"MANGGOPOH, LUBUK BASUNG, AGAM, SUMATERA BARAT",21,14,165,179
https://kawalpemilu.org#13327,"MANGGOPOH, LUBUK BASUNG, AGAM, SUMATERA BARAT",22,20,113,133
https://kawalpemilu.org#13327,"MANGGOPOH, LUBUK BASUNG, AGAM, SUMATERA BARAT",23,9,89,98
https://kawalpemilu.org#13327,"MANGGOPOH, LUBUK BASUNG, AGAM, SUMATERA BARAT",24,6,156,162
https://kawalpemilu.org#13327,"MANGGOPOH, LUBUK BASUNG, AGAM, SUMATERA BARAT",25,3,115,118
https://kawalpemilu.org#13327,"MANGGOPOH, LUBUK BASUNG, AGAM, SUMATERA BARAT",26,10,116,126
https://kawalpemilu.org#13327,"MANGGOPOH, LUBUK BASUNG, AGAM, SUMATERA BARAT",27,5,116,121
https://kawalpemilu.org#13327,"MANGGOPOH, LUBUK BASUNG, AGAM, SUMATERA BARAT",28,7,105,112
https://kawalpemilu.org#13327,"MANGGOPOH, LUBUK BASUNG, AGAM, SUMATERA BARAT",29,7,76,83
https://kawalpemilu.org#13327,"MANGGOPOH, LUBUK BASUNG, AGAM, SUMATERA BARAT",30,10,140,150
https://kawalpemilu.org#13327,"MANGGOPOH, LUBUK BASUNG, AGAM, SUMATERA BARAT",31,15,210,225
https://kawalpemilu.org#13327,"MANGGOPOH, LUBUK BASUNG, AGAM, SUMATERA BARAT",32,4,70,74
https://kawalpemilu.org#13327,"MANGGOPOH, LUBUK BASUNG, AGAM, SUMATERA BARAT",33,13,89,102
https://kawalpemilu.org#13327,"MANGGOPOH, LUBUK BASUNG, AGAM, SUMATERA BARAT",34,25,173,198
https://kawalpemilu.org#13327,"MANGGOPOH, LUBUK BASUNG, AGAM, SUMATERA BARAT",35,12,80,92
https://kawalpemilu.org#13327,"MANGGOPOH, LUBUK BASUNG, AGAM, SUMATERA BARAT",36,26,193,219
https://kawalpemilu.org#13327,"MANGGOPOH, LUBUK BASUNG, AGAM, SUMATERA BARAT",37,33,182,215
https://kawalpemilu.org#13327,"MANGGOPOH, LUBUK BASUNG, AGAM, SUMATERA BARAT",38,29,122,151
https://kawalpemilu.org#13327,"MANGGOPOH, LUBUK BASUNG, AGAM, SUMATERA BARAT",39,28,120,148
https://kawalpemilu.org#13327,"MANGGOPOH, LUBUK BASUNG, AGAM, SUMATERA BARAT",40,13,112,125
https://kawalpemilu.org#13327,"MANGGOPOH, LUBUK BASUNG, AGAM, SUMATERA BARAT",41,9,102,111
https://kawalpemilu.org#13327,"MANGGOPOH, LUBUK BASUNG, AGAM, SUMATERA BARAT",42,17,169,186
https://kawalpemilu.org#13327,"MANGGOPOH, LUBUK BASUNG, AGAM, SUMATERA BARAT",43,14,192,206
https://kawalpemilu.org#13327,"MANGGOPOH, LUBUK BASUNG, AGAM, SUMATERA BARAT",44,12,94,106
https://kawalpemilu.org#13327,"MANGGOPOH, LUBUK BASUNG, AGAM, SUMATERA BARAT",45,15,100,115
https://kawalpemilu.org#13327,"MANGGOPOH, LUBUK BASUNG, AGAM, SUMATERA BARAT",46,4,232,236
https://kawalpemilu.org#13327,"MANGGOPOH, LUBUK BASUNG, AGAM, SUMATERA BARAT",47,12,102,114
https://kawalpemilu.org#13327,"MANGGOPOH, LUBUK BASUNG, AGAM, SUMATERA BARAT",48,21,194,215
https://kawalpemilu.org#13327,"MANGGOPOH, LUBUK BASUNG, AGAM, SUMATERA BARAT",49,8,191,199
https://kawalpemilu.org#13327,"MANGGOPOH, LUBUK BASUNG, AGAM, SUMATERA BARAT",50,19,150,169
https://kawalpemilu.org#13327,"MANGGOPOH, LUBUK BASUNG, AGAM, SUMATERA BARAT",51,15,211,226
https://kawalpemilu.org#13327,"MANGGOPOH, LUBUK BASUNG, AGAM, SUMATERA BARAT",52,7,174,181
https://kawalpemilu.org#13327,"MANGGOPOH, LUBUK BASUNG, AGAM, SUMATERA BARAT",53,16,176,190
https://kawalpemilu.org#13327,"MANGGOPOH, LUBUK BASUNG, AGAM, SUMATERA BARAT",54,33,202,235
https://kawalpemilu.org#13327,"MANGGOPOH, LUBUK BASUNG, AGAM, SUMATERA BARAT",55,15,92,107
https://kawalpemilu.org#13327,"MANGGOPOH, LUBUK BASUNG, AGAM, SUMATERA BARAT",56,72,129,201
https://kawalpemilu.org#13327,"MANGGOPOH, LUBUK BASUNG, AGAM, SUMATERA BARAT",57,5,69,74
https://kawalpemilu.org#13327,"MANGGOPOH, LUBUK BASUNG, AGAM, SUMATERA BARAT",58,11,76,87
https://kawalpemilu.org#13327,"MANGGOPOH, LUBUK BASUNG, AGAM, SUMATERA BARAT",59,9,84,93
https://kawalpemilu.org#13327,"MANGGOPOH, LUBUK BASUNG, AGAM, SUMATERA BARAT",60,12,144,156
https://kawalpemilu.org#13327,"MANGGOPOH, LUBUK BASUNG, AGAM, SUMATERA BARAT",61,0,0,0
https://kawalpemilu.org#13327,"MANGGOPOH, LUBUK BASUNG, AGAM, SUMATERA BARAT",62,4,65,69
https://kawalpemilu.org#13327,"MANGGOPOH, LUBUK BASUNG, AGAM, SUMATERA BARAT",63,17,168,185
https://kawalpemilu.org#13327,"MANGGOPOH, LUBUK BASUNG, AGAM, SUMATERA BARAT",64,6,84,90
https://kawalpemilu.org#13327,"MANGGOPOH, LUBUK BASUNG, AGAM, SUMATERA BARAT",65,22,114,136
https://kawalpemilu.org#13327,"MANGGOPOH, LUBUK BASUNG, AGAM, SUMATERA BARAT",66,2,66,68
https://kawalpemilu.org#13327,"MANGGOPOH, LUBUK BASUNG, AGAM, SUMATERA BARAT",67,8,105,113
https://kawalpemilu.org#13329,"TANJUNG SANI, TANJUNG RAYA, AGAM, SUMATERA BARAT",1,6,116,122
https://kawalpemilu.org#13329,"TANJUNG SANI, TANJUNG RAYA, AGAM, SUMATERA BARAT",2,20,127,147
https://kawalpemilu.org#13329,"TANJUNG SANI, TANJUNG RAYA, AGAM, SUMATERA BARAT",3,7,108,119
https://kawalpemilu.org#13329,"TANJUNG SANI, TANJUNG RAYA, AGAM, SUMATERA BARAT",4,7,65,72
https://kawalpemilu.org#13329,"TANJUNG SANI, TANJUNG RAYA, AGAM, SUMATERA BARAT",5,12,143,155
https://kawalpemilu.org#13329,"TANJUNG SANI, TANJUNG RAYA, AGAM, SUMATERA BARAT",6,12,180,192
https://kawalpemilu.org#13329,"TANJUNG SANI, TANJUNG RAYA, AGAM, SUMATERA BARAT",7,16,102,118
https://kawalpemilu.org#13329,"TANJUNG SANI, TANJUNG RAYA, AGAM, SUMATERA BARAT",8,21,143,164
https://kawalpemilu.org#13329,"TANJUNG SANI, TANJUNG RAYA, AGAM, SUMATERA BARAT",9,51,164,215
https://kawalpemilu.org#13329,"TANJUNG SANI, TANJUNG RAYA, AGAM, SUMATERA BARAT",10,20,135,155
https://kawalpemilu.org#13329,"TANJUNG SANI, TANJUNG RAYA, AGAM, SUMATERA BARAT",11,22,144,166
https://kawalpemilu.org#13329,"TANJUNG SANI, TANJUNG RAYA, AGAM, SUMATERA BARAT",12,12,148,160
https://kawalpemilu.org#13329,"TANJUNG SANI, TANJUNG RAYA, AGAM, SUMATERA BARAT",13,20,194,214
https://kawalpemilu.org#13329,"TANJUNG SANI, TANJUNG RAYA, AGAM, SUMATERA BARAT",14,21,184,205
https://kawalpemilu.org#13329,"TANJUNG SANI, TANJUNG RAYA, AGAM, SUMATERA BARAT",15,33,185,218
https://kawalpemilu.org#13329,"TANJUNG SANI, TANJUNG RAYA, AGAM, SUMATERA BARAT",16,18,148,166
https://kawalpemilu.org#13329,"TANJUNG SANI, TANJUNG RAYA, AGAM, SUMATERA BARAT",17,6,84,90
https://kawalpemilu.org#13329,"TANJUNG SANI, TANJUNG RAYA, AGAM, SUMATERA BARAT",18,3,131,134
https://kawalpemilu.org#13329,"TANJUNG SANI, TANJUNG RAYA, AGAM, SUMATERA BARAT",19,20,166,186
https://kawalpemilu.org#13329,"TANJUNG SANI, TANJUNG RAYA, AGAM, SUMATERA BARAT",20,10,122,132
https://kawalpemilu.org#13329,"TANJUNG SANI, TANJUNG RAYA, AGAM, SUMATERA BARAT",21,11,104,115
https://kawalpemilu.org#13329,"TANJUNG SANI, TANJUNG RAYA, AGAM, SUMATERA BARAT",22,17,127,144
https://kawalpemilu.org#13329,"TANJUNG SANI, TANJUNG RAYA, AGAM, SUMATERA BARAT",23,10,93,103
https://kawalpemilu.org#13329,"TANJUNG SANI, TANJUNG RAYA, AGAM, SUMATERA BARAT",24,5,152,157
https://kawalpemilu.org#13330,"SUNGAI BATANG, TANJUNG RAYA, AGAM, SUMATERA BARAT",1,27,156,183
https://kawalpemilu.org#13330,"SUNGAI BATANG, TANJUNG RAYA, AGAM, SUMATERA BARAT",2,13,124,137
https://kawalpemilu.org#13330,"SUNGAI BATANG, TANJUNG RAYA, AGAM, SUMATERA BARAT",3,6,68,74
https://kawalpemilu.org#13330,"SUNGAI BATANG, TANJUNG RAYA, AGAM, SUMATERA BARAT",4,4,145,149
https://kawalpemilu.org#13330,"SUNGAI BATANG, TANJUNG RAYA, AGAM, SUMATERA BARAT",5,4,158,162
https://kawalpemilu.org#13330,"SUNGAI BATANG, TANJUNG RAYA, AGAM, SUMATERA BARAT",6,13,126,139
https://kawalpemilu.org#13330,"SUNGAI BATANG, TANJUNG RAYA, AGAM, SUMATERA BARAT",7,7,111,118
https://kawalpemilu.org#13330,"SUNGAI BATANG, TANJUNG RAYA, AGAM, SUMATERA BARAT",8,7,136,136
https://kawalpemilu.org#13330,"SUNGAI BATANG, TANJUNG RAYA, AGAM, SUMATERA BARAT",9,6,152,158
https://kawalpemilu.org#13330,"SUNGAI BATANG, TANJUNG RAYA, AGAM, SUMATERA BARAT",10,11,198,209
https://kawalpemilu.org#13330,"SUNGAI BATANG, TANJUNG RAYA, AGAM, SUMATERA BARAT",11,17,185,202
https://kawalpemilu.org#13330,"SUNGAI BATANG, TANJUNG RAYA, AGAM, SUMATERA BARAT",12,7,38,45
https://kawalpemilu.org#13330,"SUNGAI BATANG, TANJUNG RAYA, AGAM, SUMATERA BARAT",13,19,211,230
https://kawalpemilu.org#13330,"SUNGAI BATANG, TANJUNG RAYA, AGAM, SUMATERA BARAT",14,23,111,134
https://kawalpemilu.org#13330,"SUNGAI BATANG, TANJUNG RAYA, AGAM, SUMATERA BARAT",15,11,124,135
https://kawalpemilu.org#13331,"MANINJAU, TANJUNG RAYA, AGAM, SUMATERA BARAT",1,21,96,117
https://kawalpemilu.org#13331,"MANINJAU, TANJUNG RAYA, AGAM, SUMATERA BARAT",2,28,130,158
https://kawalpemilu.org#13331,"MANINJAU, TANJUNG RAYA, AGAM, SUMATERA BARAT",3,20,168,188
https://kawalpemilu.org#13331,"MANINJAU, TANJUNG RAYA, AGAM, SUMATERA BARAT",4,15,131,146
https://kawalpemilu.org#13331,"MANINJAU, TANJUNG RAYA, AGAM, SUMATERA BARAT",5,24,106,130
https://kawalpemilu.org#13331,"MANINJAU, TANJUNG RAYA, AGAM, SUMATERA BARAT",6,21,125,146
https://kawalpemilu.org#13331,"MANINJAU, TANJUNG RAYA, AGAM, SUMATERA BARAT",7,13,115,128
https://kawalpemilu.org#13331,"MANINJAU, TANJUNG RAYA, AGAM, SUMATERA BARAT",8,15,146,161
https://kawalpemilu.org#13331,"MANINJAU, TANJUNG RAYA, AGAM, SUMATERA BARAT",9,19,147,166
https://kawalpemilu.org#13331,"MANINJAU, TANJUNG RAYA, AGAM, SUMATERA BARAT",10,30,130,160
https://kawalpemilu.org#13331,"MANINJAU, TANJUNG RAYA, AGAM, SUMATERA BARAT",11,26,188,214
https://kawalpemilu.org#13332,"BAYUA, TANJUNG RAYA, AGAM, SUMATERA BARAT",1,26,154,180
https://kawalpemilu.org#13332,"BAYUA, TANJUNG RAYA, AGAM, SUMATERA BARAT",2,15,123,138
https://kawalpemilu.org#13332,"BAYUA, TANJUNG RAYA, AGAM, SUMATERA BARAT",3,20,75,95
https://kawalpemilu.org#13332,"BAYUA, TANJUNG RAYA, AGAM, SUMATERA BARAT",4,14,86,100
https://kawalpemilu.org#13332,"BAYUA, TANJUNG RAYA, AGAM, SUMATERA BARAT",5,33,141,174
https://kawalpemilu.org#13332,"BAYUA, TANJUNG RAYA, AGAM, SUMATERA BARAT",7,9,112,121
https://kawalpemilu.org#13332,"BAYUA, TANJUNG RAYA, AGAM, SUMATERA BARAT",8,31,157,188
https://kawalpemilu.org#13332,"BAYUA, TANJUNG RAYA, AGAM, SUMATERA BARAT",9,22,147,169
https://kawalpemilu.org#13332,"BAYUA, TANJUNG RAYA, AGAM, SUMATERA BARAT",10,24,96,120
https://kawalpemilu.org#13332,"BAYUA, TANJUNG RAYA, AGAM, SUMATERA BARAT",11,22,90,112
https://kawalpemilu.org#13332,"BAYUA, TANJUNG RAYA, AGAM, SUMATERA BARAT",12,22,131,153
https://kawalpemilu.org#13332,"BAYUA, TANJUNG RAYA, AGAM, SUMATERA BARAT",13,18,127,145
https://kawalpemilu.org#13332,"BAYUA, TANJUNG RAYA, AGAM, SUMATERA BARAT",14,7,140,147
https://kawalpemilu.org#13332,"BAYUA, TANJUNG RAYA, AGAM, SUMATERA BARAT",15,5,108,113
https://kawalpemilu.org#13332,"BAYUA, TANJUNG RAYA, AGAM, SUMATERA BARAT",16,5,97,102
https://kawalpemilu.org#13332,"BAYUA, TANJUNG RAYA, AGAM, SUMATERA BARAT",17,16,130,146
https://kawalpemilu.org#13332,"BAYUA, TANJUNG RAYA, AGAM, SUMATERA BARAT",18,13,135,148
https://kawalpemilu.org#13332,"BAYUA, TANJUNG RAYA, AGAM, SUMATERA BARAT",19,20,166,186
https://kawalpemilu.org#13332,"BAYUA, TANJUNG RAYA, AGAM, SUMATERA BARAT",20,27,146,173
https://kawalpemilu.org#13332,"BAYUA, TANJUNG RAYA, AGAM, SUMATERA BARAT",21,27,125,152
https://kawalpemilu.org#13333,"KOTO KACIAK, TANJUNG RAYA, AGAM, SUMATERA BARAT",1,17,180,197
https://kawalpemilu.org#13333,"KOTO KACIAK, TANJUNG RAYA, AGAM, SUMATERA BARAT",2,11,131,142
https://kawalpemilu.org#13333,"KOTO KACIAK, TANJUNG RAYA, AGAM, SUMATERA BARAT",3,13,135,148
https://kawalpemilu.org#13333,"KOTO KACIAK, TANJUNG RAYA, AGAM, SUMATERA BARAT",4,19,160,179
https://kawalpemilu.org#13333,"KOTO KACIAK, TANJUNG RAYA, AGAM, SUMATERA BARAT",5,10,157,167
https://kawalpemilu.org#13333,"KOTO KACIAK, TANJUNG RAYA, AGAM, SUMATERA BARAT",6,9,131,140
https://kawalpemilu.org#13333,"KOTO KACIAK, TANJUNG RAYA, AGAM, SUMATERA BARAT",7,4,139,143
https://kawalpemilu.org#13333,"KOTO KACIAK, TANJUNG RAYA, AGAM, SUMATERA BARAT",8,13,162,175
https://kawalpemilu.org#13333,"KOTO KACIAK, TANJUNG RAYA, AGAM, SUMATERA BARAT",9,15,153,168
https://kawalpemilu.org#13333,"KOTO KACIAK, TANJUNG RAYA, AGAM, SUMATERA BARAT",10,20,180,200
https://kawalpemilu.org#13333,"KOTO KACIAK, TANJUNG RAYA, AGAM, SUMATERA BARAT",11,19,188,207
https://kawalpemilu.org#13333,"KOTO KACIAK, TANJUNG RAYA, AGAM, SUMATERA BARAT",12,10,120,130
https://kawalpemilu.org#13334,"DUO KOTO, TANJUNG RAYA, AGAM, SUMATERA BARAT",1,15,186,201
https://kawalpemilu.org#13334,"DUO KOTO, TANJUNG RAYA, AGAM, SUMATERA BARAT",2,13,181,194
https://kawalpemilu.org#13334,"DUO KOTO, TANJUNG RAYA, AGAM, SUMATERA BARAT",3,15,166,181
https://kawalpemilu.org#13334,"DUO KOTO, TANJUNG RAYA, AGAM, SUMATERA BARAT",4,10,99,109
https://kawalpemilu.org#13334,"DUO KOTO, TANJUNG RAYA, AGAM, SUMATERA BARAT",5,20,108,128
https://kawalpemilu.org#13334,"DUO KOTO, TANJUNG RAYA, AGAM, SUMATERA BARAT",6,13,172,185
https://kawalpemilu.org#13334,"DUO KOTO, TANJUNG RAYA, AGAM, SUMATERA BARAT",7,6,163,169
https://kawalpemilu.org#13334,"DUO KOTO, TANJUNG RAYA, AGAM, SUMATERA BARAT",8,12,95,107
https://kawalpemilu.org#13334,"DUO KOTO, TANJUNG RAYA, AGAM, SUMATERA BARAT",9,10,151,161
https://kawalpemilu.org#13334,"DUO KOTO, TANJUNG RAYA, AGAM, SUMATERA BARAT",10,12,161,173
https://kawalpemilu.org#13335,"KOTO GADANG, TANJUNG RAYA, AGAM, SUMATERA BARAT",1,16,116,132
https://kawalpemilu.org#13335,"KOTO GADANG, TANJUNG RAYA, AGAM, SUMATERA BARAT",2,15,129,144
https://kawalpemilu.org#13335,"KOTO GADANG, TANJUNG RAYA, AGAM, SUMATERA BARAT",3,15,122,137
https://kawalpemilu.org#13335,"KOTO GADANG, TANJUNG RAYA, AGAM, SUMATERA BARAT",4,17,115,132
https://kawalpemilu.org#13335,"KOTO GADANG, TANJUNG RAYA, AGAM, SUMATERA BARAT",5,12,127,139
https://kawalpemilu.org#13335,"KOTO GADANG, TANJUNG RAYA, AGAM, SUMATERA BARAT",6,12,88,100
https://kawalpemilu.org#13335,"KOTO GADANG, TANJUNG RAYA, AGAM, SUMATERA BARAT",7,19,145,164
https://kawalpemilu.org#13335,"KOTO GADANG, TANJUNG RAYA, AGAM, SUMATERA BARAT",8,20,84,104
https://kawalpemilu.org#13336,"KOTO MALINTANG, TANJUNG RAYA, AGAM, SUMATERA BARAT",1,19,121,140
https://kawalpemilu.org#13336,"KOTO MALINTANG, TANJUNG RAYA, AGAM, SUMATERA BARAT",2,10,98,108
https://kawalpemilu.org#13336,"KOTO MALINTANG, TANJUNG RAYA, AGAM, SUMATERA BARAT",3,2,128,130
https://kawalpemilu.org#13336,"KOTO MALINTANG, TANJUNG RAYA, AGAM, SUMATERA BARAT",4,14,137,151
https://kawalpemilu.org#13336,"KOTO MALINTANG, TANJUNG RAYA, AGAM, SUMATERA BARAT",5,8,109,117
https://kawalpemilu.org#13336,"KOTO MALINTANG, TANJUNG RAYA, AGAM, SUMATERA BARAT",6,9,182,191
https://kawalpemilu.org#13336,"KOTO MALINTANG, TANJUNG RAYA, AGAM, SUMATERA BARAT",7,18,103,121
https://kawalpemilu.org#13336,"KOTO MALINTANG, TANJUNG RAYA, AGAM, SUMATERA BARAT",8,23,174,197
https://kawalpemilu.org#13336,"KOTO MALINTANG, TANJUNG RAYA, AGAM, SUMATERA BARAT",9,21,191,212
https://kawalpemilu.org#13336,"KOTO MALINTANG, TANJUNG RAYA, AGAM, SUMATERA BARAT",10,20,173,193
https://kawalpemilu.org#13336,"KOTO MALINTANG, TANJUNG RAYA, AGAM, SUMATERA BARAT",11,18,197,215
https://kawalpemilu.org#13336,"KOTO MALINTANG, TANJUNG RAYA, AGAM, SUMATERA BARAT",12,21,189,210
https://kawalpemilu.org#13337,"PANINJAUAN, TANJUNG RAYA, AGAM, SUMATERA BARAT",1,5,204,209
https://kawalpemilu.org#13337,"PANINJAUAN, TANJUNG RAYA, AGAM, SUMATERA BARAT",2,2,71,73
https://kawalpemilu.org#13337,"PANINJAUAN, TANJUNG RAYA, AGAM, SUMATERA BARAT",3,8,166,174
https://kawalpemilu.org#13337,"PANINJAUAN, TANJUNG RAYA, AGAM, SUMATERA BARAT",4,12,168,180
https://kawalpemilu.org#13337,"PANINJAUAN, TANJUNG RAYA, AGAM, SUMATERA BARAT",5,5,132,137
https://kawalpemilu.org#13337,"PANINJAUAN, TANJUNG RAYA, AGAM, SUMATERA BARAT",6,5,114,119
https://kawalpemilu.org#13337,"PANINJAUAN, TANJUNG RAYA, AGAM, SUMATERA BARAT",7,12,195,207
https://kawalpemilu.org#13339,"MATUR HILIA, MATUR, AGAM, SUMATERA BARAT",1,31,195,226
https://kawalpemilu.org#13339,"MATUR HILIA, MATUR, AGAM, SUMATERA BARAT",2,12,231,243
https://kawalpemilu.org#13339,"MATUR HILIA, MATUR, AGAM, SUMATERA BARAT",3,17,183,200
https://kawalpemilu.org#13339,"MATUR HILIA, MATUR, AGAM, SUMATERA BARAT",4,17,199,216
https://kawalpemilu.org#13339,"MATUR HILIA, MATUR, AGAM, SUMATERA BARAT",5,20,161,181
https://kawalpemilu.org#13339,"MATUR HILIA, MATUR, AGAM, SUMATERA BARAT",6,11,136,147
https://kawalpemilu.org#13339,"MATUR HILIA, MATUR, AGAM, SUMATERA BARAT",7,9,165,165
https://kawalpemilu.org#13339,"MATUR HILIA, MATUR, AGAM, SUMATERA BARAT",8,0,129,129
https://kawalpemilu.org#13339,"MATUR HILIA, MATUR, AGAM, SUMATERA BARAT",9,5,144,149
https://kawalpemilu.org#13339,"MATUR HILIA, MATUR, AGAM, SUMATERA BARAT",10,3,125,128
https://kawalpemilu.org#13339,"MATUR HILIA, MATUR, AGAM, SUMATERA BARAT",11,11,109,120
https://kawalpemilu.org#13339,"MATUR HILIA, MATUR, AGAM, SUMATERA BARAT",12,8,62,70
https://kawalpemilu.org#13340,"MATUR MUDIAK, MATUR, AGAM, SUMATERA BARAT",1,20,183,203
https://kawalpemilu.org#13340,"MATUR MUDIAK, MATUR, AGAM, SUMATERA BARAT",2,26,212,238
https://kawalpemilu.org#13340,"MATUR MUDIAK, MATUR, AGAM, SUMATERA BARAT",3,9,173,182
https://kawalpemilu.org#13340,"MATUR MUDIAK, MATUR, AGAM, SUMATERA BARAT",4,15,136,151
https://kawalpemilu.org#13340,"MATUR MUDIAK, MATUR, AGAM, SUMATERA BARAT",5,6,161,167
https://kawalpemilu.org#13340,"MATUR MUDIAK, MATUR, AGAM, SUMATERA BARAT",6,7,175,182
https://kawalpemilu.org#13340,"MATUR MUDIAK, MATUR, AGAM, SUMATERA BARAT",7,13,163,176
https://kawalpemilu.org#13340,"MATUR MUDIAK, MATUR, AGAM, SUMATERA BARAT",8,9,156,165
https://kawalpemilu.org#13340,"MATUR MUDIAK, MATUR, AGAM, SUMATERA BARAT",9,13,192,205
https://kawalpemilu.org#13340,"MATUR MUDIAK, MATUR, AGAM, SUMATERA BARAT",10,18,184,202
https://kawalpemilu.org#13340,"MATUR MUDIAK, MATUR, AGAM, SUMATERA BARAT",11,19,198,217
https://kawalpemilu.org#13340,"MATUR MUDIAK, MATUR, AGAM, SUMATERA BARAT",12,17,174,191
https://kawalpemilu.org#13340,"MATUR MUDIAK, MATUR, AGAM, SUMATERA BARAT",13,16,161,177
https://kawalpemilu.org#13340,"MATUR MUDIAK, MATUR, AGAM, SUMATERA BARAT",14,24,152,176
https://kawalpemilu.org#13340,"MATUR MUDIAK, MATUR, AGAM, SUMATERA BARAT",15,5,196,201
https://kawalpemilu.org#13340,"MATUR MUDIAK, MATUR, AGAM, SUMATERA BARAT",16,9,120,129
https://kawalpemilu.org#13341,"TIGO BALAI, MATUR, AGAM, SUMATERA BARAT",1,4,103,107
https://kawalpemilu.org#13341,"TIGO BALAI, MATUR, AGAM, SUMATERA BARAT",2,12,168,180
https://kawalpemilu.org#13341,"TIGO BALAI, MATUR, AGAM, SUMATERA BARAT",3,14,157,171
https://kawalpemilu.org#13341,"TIGO BALAI, MATUR, AGAM, SUMATERA BARAT",4,32,129,161
https://kawalpemilu.org#13341,"TIGO BALAI, MATUR, AGAM, SUMATERA BARAT",5,23,101,124
https://kawalpemilu.org#13341,"TIGO BALAI, MATUR, AGAM, SUMATERA BARAT",6,20,92,112
https://kawalpemilu.org#13341,"TIGO BALAI, MATUR, AGAM, SUMATERA BARAT",7,15,87,102
https://kawalpemilu.org#13341,"TIGO BALAI, MATUR, AGAM, SUMATERA BARAT",8,5,59,64
https://kawalpemilu.org#13341,"TIGO BALAI, MATUR, AGAM, SUMATERA BARAT",9,4,86,90
https://kawalpemilu.org#13341,"TIGO BALAI, MATUR, AGAM, SUMATERA BARAT",10,11,148,159
https://kawalpemilu.org#13341,"TIGO BALAI, MATUR, AGAM, SUMATERA BARAT",11,9,192,201
https://kawalpemilu.org#13341,"TIGO BALAI, MATUR, AGAM, SUMATERA BARAT",12,22,162,184
https://kawalpemilu.org#13341,"TIGO BALAI, MATUR, AGAM, SUMATERA BARAT",13,14,83,97
https://kawalpemilu.org#13342,"LAWANG, MATUR, AGAM, SUMATERA BARAT",1,16,174,190
https://kawalpemilu.org#13342,"LAWANG, MATUR, AGAM, SUMATERA BARAT",2,9,143,152
https://kawalpemilu.org#13342,"LAWANG, MATUR, AGAM, SUMATERA BARAT",3,27,191,218
https://kawalpemilu.org#13342,"LAWANG, MATUR, AGAM, SUMATERA BARAT",4,7,191,198
https://kawalpemilu.org#13342,"LAWANG, MATUR, AGAM, SUMATERA BARAT",5,14,111,125
https://kawalpemilu.org#13342,"LAWANG, MATUR, AGAM, SUMATERA BARAT",6,12,129,141
https://kawalpemilu.org#13342,"LAWANG, MATUR, AGAM, SUMATERA BARAT",7,15,193,208
https://kawalpemilu.org#13342,"LAWANG, MATUR, AGAM, SUMATERA BARAT",8,16,211,227
https://kawalpemilu.org#13342,"LAWANG, MATUR, AGAM, SUMATERA BARAT",9,11,74,85
https://kawalpemilu.org#13342,"LAWANG, MATUR, AGAM, SUMATERA BARAT",10,16,180,196
https://kawalpemilu.org#13342,"LAWANG, MATUR, AGAM, SUMATERA BARAT",11,13,166,179
https://kawalpemilu.org#13342,"LAWANG, MATUR, AGAM, SUMATERA BARAT",12,3,65,68
https://kawalpemilu.org#13343,"PARIK PANJANG, MATUR, AGAM, SUMATERA BARAT",1,14,146,160
https://kawalpemilu.org#13343,"PARIK PANJANG, MATUR, AGAM, SUMATERA BARAT",2,14,90,104
https://kawalpemilu.org#13344,"PANTA PAUH, MATUR, AGAM, SUMATERA BARAT",1,4,189,193
https://kawalpemilu.org#13344,"PANTA PAUH, MATUR, AGAM, SUMATERA BARAT",2,9,188,197
https://kawalpemilu.org#13344,"PANTA PAUH, MATUR, AGAM, SUMATERA BARAT",3,5,182,187
https://kawalpemilu.org#13344,"PANTA PAUH, MATUR, AGAM, SUMATERA BARAT",4,18,189,207
https://kawalpemilu.org#13344,"PANTA PAUH, MATUR, AGAM, SUMATERA BARAT",5,11,165,176
https://kawalpemilu.org#13344,"PANTA PAUH, MATUR, AGAM, SUMATERA BARAT",6,11,126,137
https://kawalpemilu.org#13346,"SUNGAI LANDIA, IV KOTO, AGAM, SUMATERA BARAT",1,16,109,125
https://kawalpemilu.org#13346,"SUNGAI LANDIA, IV KOTO, AGAM, SUMATERA BARAT",2,5,113,118
https://kawalpemilu.org#13346,"SUNGAI LANDIA, IV KOTO, AGAM, SUMATERA BARAT",3,12,144,156
https://kawalpemilu.org#13346,"SUNGAI LANDIA, IV KOTO, AGAM, SUMATERA BARAT",4,11,113,124
https://kawalpemilu.org#13346,"SUNGAI LANDIA, IV KOTO, AGAM, SUMATERA BARAT",5,19,118,137
https://kawalpemilu.org#13346,"SUNGAI LANDIA, IV KOTO, AGAM, SUMATERA BARAT",6,8,190,198
https://kawalpemilu.org#13346,"SUNGAI LANDIA, IV KOTO, AGAM, SUMATERA BARAT",7,8,178,186
https://kawalpemilu.org#13346,"SUNGAI LANDIA, IV KOTO, AGAM, SUMATERA BARAT",8,2,172,174
https://kawalpemilu.org#13347,"BALINGKA, IV KOTO, AGAM, SUMATERA BARAT",1,0,0,0
https://kawalpemilu.org#13347,"BALINGKA, IV KOTO, AGAM, SUMATERA BARAT",2,7,194,201
https://kawalpemilu.org#13347,"BALINGKA, IV KOTO, AGAM, SUMATERA BARAT",3,10,211,221
https://kawalpemilu.org#13347,"BALINGKA, IV KOTO, AGAM, SUMATERA BARAT",4,5,148,153
https://kawalpemilu.org#13347,"BALINGKA, IV KOTO, AGAM, SUMATERA BARAT",5,4,127,131
https://kawalpemilu.org#13347,"BALINGKA, IV KOTO, AGAM, SUMATERA BARAT",6,7,107,114
https://kawalpemilu.org#13347,"BALINGKA, IV KOTO, AGAM, SUMATERA BARAT",7,10,129,139
https://kawalpemilu.org#13347,"BALINGKA, IV KOTO, AGAM, SUMATERA BARAT",8,12,200,212
https://kawalpemilu.org#13347,"BALINGKA, IV KOTO, AGAM, SUMATERA BARAT",9,14,177,191
https://kawalpemilu.org#13347,"BALINGKA, IV KOTO, AGAM, SUMATERA BARAT",10,15,200,215
https://kawalpemilu.org#13347,"BALINGKA, IV KOTO, AGAM, SUMATERA BARAT",11,4,147,151
https://kawalpemilu.org#13347,"BALINGKA, IV KOTO, AGAM, SUMATERA BARAT",12,5,162,167
https://kawalpemilu.org#13347,"BALINGKA, IV KOTO, AGAM, SUMATERA BARAT",13,7,152,159
https://kawalpemilu.org#13347,"BALINGKA, IV KOTO, AGAM, SUMATERA BARAT",14,7,116,123
https://kawalpemilu.org#13347,"BALINGKA, IV KOTO, AGAM, SUMATERA BARAT",15,19,191,210
https://kawalpemilu.org#13347,"BALINGKA, IV KOTO, AGAM, SUMATERA BARAT",16,11,134,145
https://kawalpemilu.org#13347,"BALINGKA, IV KOTO, AGAM, SUMATERA BARAT",17,12,144,156
https://kawalpemilu.org#13347,"BALINGKA, IV KOTO, AGAM, SUMATERA BARAT",18,6,140,146
https://kawalpemilu.org#13347,"BALINGKA, IV KOTO, AGAM, SUMATERA BARAT",19,22,178,200
https://kawalpemilu.org#13347,"BALINGKA, IV KOTO, AGAM, SUMATERA BARAT",20,8,113,121
https://kawalpemilu.org#13348,"KOTO TUO, IV KOTO, AGAM, SUMATERA BARAT",1,7,153,160
https://kawalpemilu.org#13348,"KOTO TUO, IV KOTO, AGAM, SUMATERA BARAT",2,12,184,196
https://kawalpemilu.org#13348,"KOTO TUO, IV KOTO, AGAM, SUMATERA BARAT",3,10,170,180
https://kawalpemilu.org#13348,"KOTO TUO, IV KOTO, AGAM, SUMATERA BARAT",4,7,162,169
https://kawalpemilu.org#13348,"KOTO TUO, IV KOTO, AGAM, SUMATERA BARAT",5,5,122,127
https://kawalpemilu.org#13348,"KOTO TUO, IV KOTO, AGAM, SUMATERA BARAT",6,20,169,189
https://kawalpemilu.org#13348,"KOTO TUO, IV KOTO, AGAM, SUMATERA BARAT",7,4,129,133
https://kawalpemilu.org#13348,"KOTO TUO, IV KOTO, AGAM, SUMATERA BARAT",8,23,171,184
https://kawalpemilu.org#13348,"KOTO TUO, IV KOTO, AGAM, SUMATERA BARAT",9,16,149,165
https://kawalpemilu.org#13348,"KOTO TUO, IV KOTO, AGAM, SUMATERA BARAT",10,16,184,200
https://kawalpemilu.org#13348,"KOTO TUO, IV KOTO, AGAM, SUMATERA BARAT",11,7,96,103
https://kawalpemilu.org#13348,"KOTO TUO, IV KOTO, AGAM, SUMATERA BARAT",12,15,200,215
https://kawalpemilu.org#13348,"KOTO TUO, IV KOTO, AGAM, SUMATERA BARAT",13,12,162,174
https://kawalpemilu.org#13349,"GUGUAK TABEK SAROJO, IV KOTO, AGAM, SUMATERA BARAT",1,5,157,162
https://kawalpemilu.org#13349,"GUGUAK TABEK SAROJO, IV KOTO, AGAM, SUMATERA BARAT",2,9,155,164
https://kawalpemilu.org#13349,"GUGUAK TABEK SAROJO, IV KOTO, AGAM, SUMATERA BARAT",3,7,145,152
https://kawalpemilu.org#13349,"GUGUAK TABEK SAROJO, IV KOTO, AGAM, SUMATERA BARAT",4,8,139,147
https://kawalpemilu.org#13349,"GUGUAK TABEK SAROJO, IV KOTO, AGAM, SUMATERA BARAT",5,11,142,153
https://kawalpemilu.org#13349,"GUGUAK TABEK SAROJO, IV KOTO, AGAM, SUMATERA BARAT",6,4,138,142
https://kawalpemilu.org#13349,"GUGUAK TABEK SAROJO, IV KOTO, AGAM, SUMATERA BARAT",7,5,117,122
https://kawalpemilu.org#13349,"GUGUAK TABEK SAROJO, IV KOTO, AGAM, SUMATERA BARAT",8,6,157,163
https://kawalpemilu.org#13349,"GUGUAK TABEK SAROJO, IV KOTO, AGAM, SUMATERA BARAT",9,13,170,183
https://kawalpemilu.org#13349,"GUGUAK TABEK SAROJO, IV KOTO, AGAM, SUMATERA BARAT",10,9,152,161
https://kawalpemilu.org#13349,"GUGUAK TABEK SAROJO, IV KOTO, AGAM, SUMATERA BARAT",11,10,161,171
https://kawalpemilu.org#13349,"GUGUAK TABEK SAROJO, IV KOTO, AGAM, SUMATERA BARAT",12,3,147,150
https://kawalpemilu.org#13349,"GUGUAK TABEK SAROJO, IV KOTO, AGAM, SUMATERA BARAT",13,4,166,170
https://kawalpemilu.org#13349,"GUGUAK TABEK SAROJO, IV KOTO, AGAM, SUMATERA BARAT",14,11,100,111
https://kawalpemilu.org#13349,"GUGUAK TABEK SAROJO, IV KOTO, AGAM, SUMATERA BARAT",15,6,186,192
https://kawalpemilu.org#13350,"KOTO PANJANG, IV KOTO, AGAM, SUMATERA BARAT",1,19,144,163
https://kawalpemilu.org#13350,"KOTO PANJANG, IV KOTO, AGAM, SUMATERA BARAT",2,8,106,114
https://kawalpemilu.org#13350,"KOTO PANJANG, IV KOTO, AGAM, SUMATERA BARAT",3,17,116,133
https://kawalpemilu.org#13350,"KOTO PANJANG, IV KOTO, AGAM, SUMATERA BARAT",4,6,121,127
https://kawalpemilu.org#13350,"KOTO PANJANG, IV KOTO, AGAM, SUMATERA BARAT",5,20,115,135
https://kawalpemilu.org#13350,"KOTO PANJANG, IV KOTO, AGAM, SUMATERA BARAT",6,12,122,134
https://kawalpemilu.org#13350,"KOTO PANJANG, IV KOTO, AGAM, SUMATERA BARAT",7,37,158,195
https://kawalpemilu.org#13350,"KOTO PANJANG, IV KOTO, AGAM, SUMATERA BARAT",8,7,124,131
https://kawalpemilu.org#13350,"KOTO PANJANG, IV KOTO, AGAM, SUMATERA BARAT",9,8,131,139
https://kawalpemilu.org#13350,"KOTO PANJANG, IV KOTO, AGAM, SUMATERA BARAT",10,12,110,122
https://kawalpemilu.org#13350,"KOTO PANJANG, IV KOTO, AGAM, SUMATERA BARAT",11,12,144,156
https://kawalpemilu.org#13350,"KOTO PANJANG, IV KOTO, AGAM, SUMATERA BARAT",12,22,99,121
https://kawalpemilu.org#13351,"SIANOK ANAM SUKU, IV KOTO, AGAM, SUMATERA BARAT",1,2,210,212
https://kawalpemilu.org#13351,"SIANOK ANAM SUKU, IV KOTO, AGAM, SUMATERA BARAT",2,4,139,143
https://kawalpemilu.org#13351,"SIANOK ANAM SUKU, IV KOTO, AGAM, SUMATERA BARAT",3,8,170,172
https://kawalpemilu.org#13351,"SIANOK ANAM SUKU, IV KOTO, AGAM, SUMATERA BARAT",4,10,182,192
https://kawalpemilu.org#13351,"SIANOK ANAM SUKU, IV KOTO, AGAM, SUMATERA BARAT",5,9,162,171
https://kawalpemilu.org#13351,"SIANOK ANAM SUKU, IV KOTO, AGAM, SUMATERA BARAT",6,11,185,196
https://kawalpemilu.org#13351,"SIANOK ANAM SUKU, IV KOTO, AGAM, SUMATERA BARAT",7,13,173,186
https://kawalpemilu.org#13351,"SIANOK ANAM SUKU, IV KOTO, AGAM, SUMATERA BARAT",8,7,121,128
https://kawalpemilu.org#13351,"SIANOK ANAM SUKU, IV KOTO, AGAM, SUMATERA BARAT",9,5,106,111
https://kawalpemilu.org#13352,"KOTO GADANG, IV KOTO, AGAM, SUMATERA BARAT",1,13,140,153
https://kawalpemilu.org#13352,"KOTO GADANG, IV KOTO, AGAM, SUMATERA BARAT",2,13,130,143
https://kawalpemilu.org#13352,"KOTO GADANG, IV KOTO, AGAM, SUMATERA BARAT",3,16,110,126
https://kawalpemilu.org#13352,"KOTO GADANG, IV KOTO, AGAM, SUMATERA BARAT",4,14,134,148
https://kawalpemilu.org#13352,"KOTO GADANG, IV KOTO, AGAM, SUMATERA BARAT",5,24,129,153
https://kawalpemilu.org#13352,"KOTO GADANG, IV KOTO, AGAM, SUMATERA BARAT",6,13,160,173
https://kawalpemilu.org#13352,"KOTO GADANG, IV KOTO, AGAM, SUMATERA BARAT",7,16,83,99
https://kawalpemilu.org#13352,"KOTO GADANG, IV KOTO, AGAM, SUMATERA BARAT",8,4,76,80
https://kawalpemilu.org#13352,"KOTO GADANG, IV KOTO, AGAM, SUMATERA BARAT",9,14,192,206
https://kawalpemilu.org#13354,"PADANG LUA, BANUHAMPU, AGAM, SUMATERA BARAT",1,11,124,135
https://kawalpemilu.org#13354,"PADANG LUA, BANUHAMPU, AGAM, SUMATERA BARAT",2,19,168,187
https://kawalpemilu.org#13354,"PADANG LUA, BANUHAMPU, AGAM, SUMATERA BARAT",3,21,210,231
https://kawalpemilu.org#13354,"PADANG LUA, BANUHAMPU, AGAM, SUMATERA BARAT",4,12,212,224
https://kawalpemilu.org#13354,"PADANG LUA, BANUHAMPU, AGAM, SUMATERA BARAT",5,17,211,228
https://kawalpemilu.org#13354,"PADANG LUA, BANUHAMPU, AGAM, SUMATERA BARAT",6,22,165,187
https://kawalpemilu.org#13354,"PADANG LUA, BANUHAMPU, AGAM, SUMATERA BARAT",7,9,132,141
https://kawalpemilu.org#13354,"PADANG LUA, BANUHAMPU, AGAM, SUMATERA BARAT",8,31,190,221
https://kawalpemilu.org#13354,"PADANG LUA, BANUHAMPU, AGAM, SUMATERA BARAT",9,20,189,209
https://kawalpemilu.org#13354,"PADANG LUA, BANUHAMPU, AGAM, SUMATERA BARAT",10,22,201,223
https://kawalpemilu.org#13354,"PADANG LUA, BANUHAMPU, AGAM, SUMATERA BARAT",11,7,216,223
https://kawalpemilu.org#13354,"PADANG LUA, BANUHAMPU, AGAM, SUMATERA BARAT",12,15,221,236
https://kawalpemilu.org#13354,"PADANG LUA, BANUHAMPU, AGAM, SUMATERA BARAT",13,18,176,194
https://kawalpemilu.org#13354,"PADANG LUA, BANUHAMPU, AGAM, SUMATERA BARAT",14,11,187,198
https://kawalpemilu.org#13354,"PADANG LUA, BANUHAMPU, AGAM, SUMATERA BARAT",15,17,117,134
https://kawalpemilu.org#13354,"PADANG LUA, BANUHAMPU, AGAM, SUMATERA BARAT",16,3,115,118
https://kawalpemilu.org#13355,"TALUAK IV SUKU, BANUHAMPU, AGAM, SUMATERA BARAT",1,16,162,178
https://kawalpemilu.org#13355,"TALUAK IV SUKU, BANUHAMPU, AGAM, SUMATERA BARAT",2,11,174,185
https://kawalpemilu.org#13355,"TALUAK IV SUKU, BANUHAMPU, AGAM, SUMATERA BARAT",3,9,137,146
https://kawalpemilu.org#13355,"TALUAK IV SUKU, BANUHAMPU, AGAM, SUMATERA BARAT",4,22,158,180
https://kawalpemilu.org#13355,"TALUAK IV SUKU, BANUHAMPU, AGAM, SUMATERA BARAT",5,37,139,176
https://kawalpemilu.org#13355,"TALUAK IV SUKU, BANUHAMPU, AGAM, SUMATERA BARAT",6,42,117,159
https://kawalpemilu.org#13355,"TALUAK IV SUKU, BANUHAMPU, AGAM, SUMATERA BARAT",7,22,167,189
https://kawalpemilu.org#13355,"TALUAK IV SUKU, BANUHAMPU, AGAM, SUMATERA BARAT",8,16,185,201
https://kawalpemilu.org#13355,"TALUAK IV SUKU, BANUHAMPU, AGAM, SUMATERA BARAT",9,13,166,179
https://kawalpemilu.org#13355,"TALUAK IV SUKU, BANUHAMPU, AGAM, SUMATERA BARAT",10,15,134,149
https://kawalpemilu.org#13355,"TALUAK IV SUKU, BANUHAMPU, AGAM, SUMATERA BARAT",11,18,163,181
https://kawalpemilu.org#13355,"TALUAK IV SUKU, BANUHAMPU, AGAM, SUMATERA BARAT",12,9,128,137
https://kawalpemilu.org#13355,"TALUAK IV SUKU, BANUHAMPU, AGAM, SUMATERA BARAT",13,19,177,196
https://kawalpemilu.org#13355,"TALUAK IV SUKU, BANUHAMPU, AGAM, SUMATERA BARAT",14,7,106,113
https://kawalpemilu.org#13355,"TALUAK IV SUKU, BANUHAMPU, AGAM, SUMATERA BARAT",15,26,151,177
https://kawalpemilu.org#13355,"TALUAK IV SUKU, BANUHAMPU, AGAM, SUMATERA BARAT",16,17,176,193
https://kawalpemilu.org#13356,"PAKAN SINAYAN, BANUHAMPU, AGAM, SUMATERA BARAT",1,6,102,108
https://kawalpemilu.org#13356,"PAKAN SINAYAN, BANUHAMPU, AGAM, SUMATERA BARAT",2,10,149,159
https://kawalpemilu.org#13356,"PAKAN SINAYAN, BANUHAMPU, AGAM, SUMATERA BARAT",3,11,112,123
https://kawalpemilu.org#13356,"PAKAN SINAYAN, BANUHAMPU, AGAM, SUMATERA BARAT",4,18,155,173
https://kawalpemilu.org#13356,"PAKAN SINAYAN, BANUHAMPU, AGAM, SUMATERA BARAT",5,10,230,240
https://kawalpemilu.org#13356,"PAKAN SINAYAN, BANUHAMPU, AGAM, SUMATERA BARAT",6,10,197,207
https://kawalpemilu.org#13356,"PAKAN SINAYAN, BANUHAMPU, AGAM, SUMATERA BARAT",7,3,151,154
https://kawalpemilu.org#13356,"PAKAN SINAYAN, BANUHAMPU, AGAM, SUMATERA BARAT",8,9,100,109
https://kawalpemilu.org#13356,"PAKAN SINAYAN, BANUHAMPU, AGAM, SUMATERA BARAT",9,9,129,138
https://kawalpemilu.org#13356,"PAKAN SINAYAN, BANUHAMPU, AGAM, SUMATERA BARAT",10,6,116,122
https://kawalpemilu.org#13356,"PAKAN SINAYAN, BANUHAMPU, AGAM, SUMATERA BARAT",11,10,135,145
https://kawalpemilu.org#13356,"PAKAN SINAYAN, BANUHAMPU, AGAM, SUMATERA BARAT",12,6,144,150
https://kawalpemilu.org#13356,"PAKAN SINAYAN, BANUHAMPU, AGAM, SUMATERA BARAT",13,10,182,192
https://kawalpemilu.org#13356,"PAKAN SINAYAN, BANUHAMPU, AGAM, SUMATERA BARAT",14,2,217,219
https://kawalpemilu.org#13356,"PAKAN SINAYAN, BANUHAMPU, AGAM, SUMATERA BARAT",15,17,175,192
https://kawalpemilu.org#13356,"PAKAN SINAYAN, BANUHAMPU, AGAM, SUMATERA BARAT",16,8,231,239
https://kawalpemilu.org#13356,"PAKAN SINAYAN, BANUHAMPU, AGAM, SUMATERA BARAT",17,1,219,220
https://kawalpemilu.org#13357,"KUBANG PUTIAH, BANUHAMPU, AGAM, SUMATERA BARAT",1,14,193,207
https://kawalpemilu.org#13357,"KUBANG PUTIAH, BANUHAMPU, AGAM, SUMATERA BARAT",2,11,150,161
https://kawalpemilu.org#13357,"KUBANG PUTIAH, BANUHAMPU, AGAM, SUMATERA BARAT",3,12,141,153
https://kawalpemilu.org#13357,"KUBANG PUTIAH, BANUHAMPU, AGAM, SUMATERA BARAT",4,23,165,188
https://kawalpemilu.org#13357,"KUBANG PUTIAH, BANUHAMPU, AGAM, SUMATERA BARAT",5,11,149,160
https://kawalpemilu.org#13357,"KUBANG PUTIAH, BANUHAMPU, AGAM, SUMATERA BARAT",6,14,141,155
https://kawalpemilu.org#13357,"KUBANG PUTIAH, BANUHAMPU, AGAM, SUMATERA BARAT",7,7,160,167
https://kawalpemilu.org#13357,"KUBANG PUTIAH, BANUHAMPU, AGAM, SUMATERA BARAT",8,21,176,197
https://kawalpemilu.org#13357,"KUBANG PUTIAH, BANUHAMPU, AGAM, SUMATERA BARAT",9,18,155,173
https://kawalpemilu.org#13357,"KUBANG PUTIAH, BANUHAMPU, AGAM, SUMATERA BARAT",11,23,149,172
https://kawalpemilu.org#13357,"KUBANG PUTIAH, BANUHAMPU, AGAM, SUMATERA BARAT",12,22,122,144
https://kawalpemilu.org#13357,"KUBANG PUTIAH, BANUHAMPU, AGAM, SUMATERA BARAT",13,10,158,168
https://kawalpemilu.org#13357,"KUBANG PUTIAH, BANUHAMPU, AGAM, SUMATERA BARAT",14,4,129,133
https://kawalpemilu.org#13357,"KUBANG PUTIAH, BANUHAMPU, AGAM, SUMATERA BARAT",15,6,99,105
https://kawalpemilu.org#13357,"KUBANG PUTIAH, BANUHAMPU, AGAM, SUMATERA BARAT",16,10,155,165
https://kawalpemilu.org#13357,"KUBANG PUTIAH, BANUHAMPU, AGAM, SUMATERA BARAT",17,12,143,155
https://kawalpemilu.org#13357,"KUBANG PUTIAH, BANUHAMPU, AGAM, SUMATERA BARAT",18,10,116,126
https://kawalpemilu.org#13357,"KUBANG PUTIAH, BANUHAMPU, AGAM, SUMATERA BARAT",19,18,197,215
https://kawalpemilu.org#13357,"KUBANG PUTIAH, BANUHAMPU, AGAM, SUMATERA BARAT",20,22,143,165
https://kawalpemilu.org#13357,"KUBANG PUTIAH, BANUHAMPU, AGAM, SUMATERA BARAT",21,12,173,185
https://kawalpemilu.org#13357,"KUBANG PUTIAH, BANUHAMPU, AGAM, SUMATERA BARAT",22,18,209,227
https://kawalpemilu.org#13357,"KUBANG PUTIAH, BANUHAMPU, AGAM, SUMATERA BARAT",23,17,132,149
https://kawalpemilu.org#13357,"KUBANG PUTIAH, BANUHAMPU, AGAM, SUMATERA BARAT",24,19,148,167
https://kawalpemilu.org#13357,"KUBANG PUTIAH, BANUHAMPU, AGAM, SUMATERA BARAT",25,21,151,172
https://kawalpemilu.org#13357,"KUBANG PUTIAH, BANUHAMPU, AGAM, SUMATERA BARAT",26,9,117,126
https://kawalpemilu.org#13357,"KUBANG PUTIAH, BANUHAMPU, AGAM, SUMATERA BARAT",27,4,87,91
https://kawalpemilu.org#13358,"LADANG LAWEH, BANUHAMPU, AGAM, SUMATERA BARAT",1,12,95,107
https://kawalpemilu.org#13358,"LADANG LAWEH, BANUHAMPU, AGAM, SUMATERA BARAT",2,12,180,192
https://kawalpemilu.org#13358,"LADANG LAWEH, BANUHAMPU, AGAM, SUMATERA BARAT",3,10,202,212
https://kawalpemilu.org#13358,"LADANG LAWEH, BANUHAMPU, AGAM, SUMATERA BARAT",4,18,191,209
https://kawalpemilu.org#13358,"LADANG LAWEH, BANUHAMPU, AGAM, SUMATERA BARAT",5,8,159,167
https://kawalpemilu.org#13358,"LADANG LAWEH, BANUHAMPU, AGAM, SUMATERA BARAT",6,16,172,188
https://kawalpemilu.org#13358,"LADANG LAWEH, BANUHAMPU, AGAM, SUMATERA BARAT",7,11,223,234
https://kawalpemilu.org#13358,"LADANG LAWEH, BANUHAMPU, AGAM, SUMATERA BARAT",8,28,152,180
https://kawalpemilu.org#13358,"LADANG LAWEH, BANUHAMPU, AGAM, SUMATERA BARAT",9,33,148,181
https://kawalpemilu.org#13358,"LADANG LAWEH, BANUHAMPU, AGAM, SUMATERA BARAT",10,19,203,222
https://kawalpemilu.org#13358,"LADANG LAWEH, BANUHAMPU, AGAM, SUMATERA BARAT",11,3,147,150
https://kawalpemilu.org#13358,"LADANG LAWEH, BANUHAMPU, AGAM, SUMATERA BARAT",12,11,183,194
https://kawalpemilu.org#13358,"LADANG LAWEH, BANUHAMPU, AGAM, SUMATERA BARAT",13,9,129,138
https://kawalpemilu.org#13358,"LADANG LAWEH, BANUHAMPU, AGAM, SUMATERA BARAT",14,18,144,162
https://kawalpemilu.org#13358,"LADANG LAWEH, BANUHAMPU, AGAM, SUMATERA BARAT",15,32,180,212
https://kawalpemilu.org#13358,"LADANG LAWEH, BANUHAMPU, AGAM, SUMATERA BARAT",16,0,0,0
https://kawalpemilu.org#13359,"CINGKARIANG, BANUHAMPU, AGAM, SUMATERA BARAT",1,16,163,179
https://kawalpemilu.org#13359,"CINGKARIANG, BANUHAMPU, AGAM, SUMATERA BARAT",2,23,169,192
https://kawalpemilu.org#13359,"CINGKARIANG, BANUHAMPU, AGAM, SUMATERA BARAT",3,14,145,159
https://kawalpemilu.org#13359,"CINGKARIANG, BANUHAMPU, AGAM, SUMATERA BARAT",4,16,155,171
https://kawalpemilu.org#13359,"CINGKARIANG, BANUHAMPU, AGAM, SUMATERA BARAT",5,10,172,182
https://kawalpemilu.org#13359,"CINGKARIANG, BANUHAMPU, AGAM, SUMATERA BARAT",6,9,202,211
https://kawalpemilu.org#13359,"CINGKARIANG, BANUHAMPU, AGAM, SUMATERA BARAT",7,8,205,213
https://kawalpemilu.org#13359,"CINGKARIANG, BANUHAMPU, AGAM, SUMATERA BARAT",8,15,182,197
https://kawalpemilu.org#13359,"CINGKARIANG, BANUHAMPU, AGAM, SUMATERA BARAT",9,7,95,102
https://kawalpemilu.org#13359,"CINGKARIANG, BANUHAMPU, AGAM, SUMATERA BARAT",10,11,194,205
https://kawalpemilu.org#13359,"CINGKARIANG, BANUHAMPU, AGAM, SUMATERA BARAT",11,15,141,156
https://kawalpemilu.org#13359,"CINGKARIANG, BANUHAMPU, AGAM, SUMATERA BARAT",12,10,166,176
https://kawalpemilu.org#13359,"CINGKARIANG, BANUHAMPU, AGAM, SUMATERA BARAT",13,10,170,180
https://kawalpemilu.org#13359,"CINGKARIANG, BANUHAMPU, AGAM, SUMATERA BARAT",14,9,167,176
https://kawalpemilu.org#13359,"CINGKARIANG, BANUHAMPU, AGAM, SUMATERA BARAT",15,13,167,180
https://kawalpemilu.org#13359,"CINGKARIANG, BANUHAMPU, AGAM, SUMATERA BARAT",16,16,150,166
https://kawalpemilu.org#13360,"SUNGAI TANANG, BANUHAMPU, AGAM, SUMATERA BARAT",2,13,195,208
https://kawalpemilu.org#13360,"SUNGAI TANANG, BANUHAMPU, AGAM, SUMATERA BARAT",3,11,201,212
https://kawalpemilu.org#13360,"SUNGAI TANANG, BANUHAMPU, AGAM, SUMATERA BARAT",4,9,176,185
https://kawalpemilu.org#13360,"SUNGAI TANANG, BANUHAMPU, AGAM, SUMATERA BARAT",5,5,201,206
https://kawalpemilu.org#13360,"SUNGAI TANANG, BANUHAMPU, AGAM, SUMATERA BARAT",6,23,179,202
https://kawalpemilu.org#13362,"BATU TABA, IV ANGKAT CANDUNG, AGAM, SUMATERA BARAT",1,10,188,198
https://kawalpemilu.org#13362,"BATU TABA, IV ANGKAT CANDUNG, AGAM, SUMATERA BARAT",2,31,106,137
https://kawalpemilu.org#13362,"BATU TABA, IV ANGKAT CANDUNG, AGAM, SUMATERA BARAT",3,12,148,160
https://kawalpemilu.org#13362,"BATU TABA, IV ANGKAT CANDUNG, AGAM, SUMATERA BARAT",4,7,125,132
https://kawalpemilu.org#13362,"BATU TABA, IV ANGKAT CANDUNG, AGAM, SUMATERA BARAT",5,11,92,103
https://kawalpemilu.org#13362,"BATU TABA, IV ANGKAT CANDUNG, AGAM, SUMATERA BARAT",6,16,118,134
https://kawalpemilu.org#13362,"BATU TABA, IV ANGKAT CANDUNG, AGAM, SUMATERA BARAT",7,6,169,175
https://kawalpemilu.org#13362,"BATU TABA, IV ANGKAT CANDUNG, AGAM, SUMATERA BARAT",8,25,157,182
https://kawalpemilu.org#13362,"BATU TABA, IV ANGKAT CANDUNG, AGAM, SUMATERA BARAT",9,10,127,137
https://kawalpemilu.org#13362,"BATU TABA, IV ANGKAT CANDUNG, AGAM, SUMATERA BARAT",10,13,110,123
https://kawalpemilu.org#13362,"BATU TABA, IV ANGKAT CANDUNG, AGAM, SUMATERA BARAT",11,13,95,108
https://kawalpemilu.org#13362,"BATU TABA, IV ANGKAT CANDUNG, AGAM, SUMATERA BARAT",12,11,125,136
https://kawalpemilu.org#13362,"BATU TABA, IV ANGKAT CANDUNG, AGAM, SUMATERA BARAT",13,8,172,180
https://kawalpemilu.org#13362,"BATU TABA, IV ANGKAT CANDUNG, AGAM, SUMATERA BARAT",14,28,134,162
https://kawalpemilu.org#13362,"BATU TABA, IV ANGKAT CANDUNG, AGAM, SUMATERA BARAT",15,16,114,130
https://kawalpemilu.org#13362,"BATU TABA, IV ANGKAT CANDUNG, AGAM, SUMATERA BARAT",16,23,128,151
https://kawalpemilu.org#13362,"BATU TABA, IV ANGKAT CANDUNG, AGAM, SUMATERA BARAT",17,14,100,114
https://kawalpemilu.org#13362,"BATU TABA, IV ANGKAT CANDUNG, AGAM, SUMATERA BARAT",18,21,160,181
https://kawalpemilu.org#13362,"BATU TABA, IV ANGKAT CANDUNG, AGAM, SUMATERA BARAT",19,18,174,192
https://kawalpemilu.org#13362,"BATU TABA, IV ANGKAT CANDUNG, AGAM, SUMATERA BARAT",20,22,122,144
https://kawalpemilu.org#13362,"BATU TABA, IV ANGKAT CANDUNG, AGAM, SUMATERA BARAT",21,28,150,178
https://kawalpemilu.org#13363,"BIARO GADANG, IV ANGKAT CANDUNG, AGAM, SUMATERA BARAT",1,10,131,141
https://kawalpemilu.org#13363,"BIARO GADANG, IV ANGKAT CANDUNG, AGAM, SUMATERA BARAT",2,25,157,182
https://kawalpemilu.org#13363,"BIARO GADANG, IV ANGKAT CANDUNG, AGAM, SUMATERA BARAT",3,18,107,125
https://kawalpemilu.org#13363,"BIARO GADANG, IV ANGKAT CANDUNG, AGAM, SUMATERA BARAT",4,14,141,155
https://kawalpemilu.org#13363,"BIARO GADANG, IV ANGKAT CANDUNG, AGAM, SUMATERA BARAT",5,28,119,147
https://kawalpemilu.org#13363,"BIARO GADANG, IV ANGKAT CANDUNG, AGAM, SUMATERA BARAT",6,15,117,132
https://kawalpemilu.org#13363,"BIARO GADANG, IV ANGKAT CANDUNG, AGAM, SUMATERA BARAT",7,28,164,192
https://kawalpemilu.org#13363,"BIARO GADANG, IV ANGKAT CANDUNG, AGAM, SUMATERA BARAT",8,16,121,137
https://kawalpemilu.org#13363,"BIARO GADANG, IV ANGKAT CANDUNG, AGAM, SUMATERA BARAT",9,13,100,113
https://kawalpemilu.org#13363,"BIARO GADANG, IV ANGKAT CANDUNG, AGAM, SUMATERA BARAT",10,18,105,123
https://kawalpemilu.org#13363,"BIARO GADANG, IV ANGKAT CANDUNG, AGAM, SUMATERA BARAT",11,13,134,147
https://kawalpemilu.org#13363,"BIARO GADANG, IV ANGKAT CANDUNG, AGAM, SUMATERA BARAT",12,21,133,154
https://kawalpemilu.org#13363,"BIARO GADANG, IV ANGKAT CANDUNG, AGAM, SUMATERA BARAT",13,22,86,108
https://kawalpemilu.org#13363,"BIARO GADANG, IV ANGKAT CANDUNG, AGAM, SUMATERA BARAT",15,115,78,193
https://kawalpemilu.org#13363,"BIARO GADANG, IV ANGKAT CANDUNG, AGAM, SUMATERA BARAT",16,12,145,157
https://kawalpemilu.org#13363,"BIARO GADANG, IV ANGKAT CANDUNG, AGAM, SUMATERA BARAT",17,5,125,130
https://kawalpemilu.org#13363,"BIARO GADANG, IV ANGKAT CANDUNG, AGAM, SUMATERA BARAT",18,12,95,107
https://kawalpemilu.org#13363,"BIARO GADANG, IV ANGKAT CANDUNG, AGAM, SUMATERA BARAT",19,14,144,158
https://kawalpemilu.org#13363,"BIARO GADANG, IV ANGKAT CANDUNG, AGAM, SUMATERA BARAT",20,16,174,190
https://kawalpemilu.org#13363,"BIARO GADANG, IV ANGKAT CANDUNG, AGAM, SUMATERA BARAT",21,17,165,182
https://kawalpemilu.org#13363,"BIARO GADANG, IV ANGKAT CANDUNG, AGAM, SUMATERA BARAT",22,9,142,151
https://kawalpemilu.org#13363,"BIARO GADANG, IV ANGKAT CANDUNG, AGAM, SUMATERA BARAT",23,19,161,180
https://kawalpemilu.org#13363,"BIARO GADANG, IV ANGKAT CANDUNG, AGAM, SUMATERA BARAT",24,12,144,156
https://kawalpemilu.org#13363,"BIARO GADANG, IV ANGKAT CANDUNG, AGAM, SUMATERA BARAT",25,6,135,141
https://kawalpemilu.org#13363,"BIARO GADANG, IV ANGKAT CANDUNG, AGAM, SUMATERA BARAT",26,19,165,184
https://kawalpemilu.org#13363,"BIARO GADANG, IV ANGKAT CANDUNG, AGAM, SUMATERA BARAT",27,11,120,131
https://kawalpemilu.org#13364,"LAMBAH, IV ANGKAT CANDUNG, AGAM, SUMATERA BARAT",1,26,102,128
https://kawalpemilu.org#13364,"LAMBAH, IV ANGKAT CANDUNG, AGAM, SUMATERA BARAT",2,23,127,150
https://kawalpemilu.org#13364,"LAMBAH, IV ANGKAT CANDUNG, AGAM, SUMATERA BARAT",3,19,123,142
https://kawalpemilu.org#13364,"LAMBAH, IV ANGKAT CANDUNG, AGAM, SUMATERA BARAT",4,9,110,119
https://kawalpemilu.org#13364,"LAMBAH, IV ANGKAT CANDUNG, AGAM, SUMATERA BARAT",5,10,126,136
https://kawalpemilu.org#13364,"LAMBAH, IV ANGKAT CANDUNG, AGAM, SUMATERA BARAT",6,9,150,159
https://kawalpemilu.org#13364,"LAMBAH, IV ANGKAT CANDUNG, AGAM, SUMATERA BARAT",7,11,92,103
https://kawalpemilu.org#13364,"LAMBAH, IV ANGKAT CANDUNG, AGAM, SUMATERA BARAT",8,18,117,135
https://kawalpemilu.org#13364,"LAMBAH, IV ANGKAT CANDUNG, AGAM, SUMATERA BARAT",9,13,127,140
https://kawalpemilu.org#13364,"LAMBAH, IV ANGKAT CANDUNG, AGAM, SUMATERA BARAT",10,21,163,184
https://kawalpemilu.org#13364,"LAMBAH, IV ANGKAT CANDUNG, AGAM, SUMATERA BARAT",11,19,165,184
https://kawalpemilu.org#13364,"LAMBAH, IV ANGKAT CANDUNG, AGAM, SUMATERA BARAT",12,11,177,188
https://kawalpemilu.org#13364,"LAMBAH, IV ANGKAT CANDUNG, AGAM, SUMATERA BARAT",13,15,129,144
https://kawalpemilu.org#13364,"LAMBAH, IV ANGKAT CANDUNG, AGAM, SUMATERA BARAT",14,11,174,185
https://kawalpemilu.org#13364,"LAMBAH, IV ANGKAT CANDUNG, AGAM, SUMATERA BARAT",15,26,169,195
https://kawalpemilu.org#13364,"LAMBAH, IV ANGKAT CANDUNG, AGAM, SUMATERA BARAT",16,14,111,125
https://kawalpemilu.org#13364,"LAMBAH, IV ANGKAT CANDUNG, AGAM, SUMATERA BARAT",17,10,142,152
https://kawalpemilu.org#13365,"PANAMPUANG, IV ANGKAT CANDUNG, AGAM, SUMATERA BARAT",1,14,153,167
https://kawalpemilu.org#13365,"PANAMPUANG, IV ANGKAT CANDUNG, AGAM, SUMATERA BARAT",2,10,152,162
https://kawalpemilu.org#13365,"PANAMPUANG, IV ANGKAT CANDUNG, AGAM, SUMATERA BARAT",3,10,119,129
https://kawalpemilu.org#13365,"PANAMPUANG, IV ANGKAT CANDUNG, AGAM, SUMATERA BARAT",4,7,199,206
https://kawalpemilu.org#13365,"PANAMPUANG, IV ANGKAT CANDUNG, AGAM, SUMATERA BARAT",5,17,174,191
https://kawalpemilu.org#13365,"PANAMPUANG, IV ANGKAT CANDUNG, AGAM, SUMATERA BARAT",6,22,192,214
https://kawalpemilu.org#13365,"PANAMPUANG, IV ANGKAT CANDUNG, AGAM, SUMATERA BARAT",7,11,117,128
https://kawalpemilu.org#13365,"PANAMPUANG, IV ANGKAT CANDUNG, AGAM, SUMATERA BARAT",8,15,150,165
https://kawalpemilu.org#13365,"PANAMPUANG, IV ANGKAT CANDUNG, AGAM, SUMATERA BARAT",9,6,158,164
https://kawalpemilu.org#13365,"PANAMPUANG, IV ANGKAT CANDUNG, AGAM, SUMATERA BARAT",10,23,162,185
https://kawalpemilu.org#13365,"PANAMPUANG, IV ANGKAT CANDUNG, AGAM, SUMATERA BARAT",11,18,164,182
https://kawalpemilu.org#13365,"PANAMPUANG, IV ANGKAT CANDUNG, AGAM, SUMATERA BARAT",12,6,160,166
https://kawalpemilu.org#13365,"PANAMPUANG, IV ANGKAT CANDUNG, AGAM, SUMATERA BARAT",13,17,162,179
https://kawalpemilu.org#13365,"PANAMPUANG, IV ANGKAT CANDUNG, AGAM, SUMATERA BARAT",14,19,177,196
https://kawalpemilu.org#13365,"PANAMPUANG, IV ANGKAT CANDUNG, AGAM, SUMATERA BARAT",15,13,189,202
https://kawalpemilu.org#13365,"PANAMPUANG, IV ANGKAT CANDUNG, AGAM, SUMATERA BARAT",16,13,140,153
https://kawalpemilu.org#13365,"PANAMPUANG, IV ANGKAT CANDUNG, AGAM, SUMATERA BARAT",17,7,148,155
https://kawalpemilu.org#13365,"PANAMPUANG, IV ANGKAT CANDUNG, AGAM, SUMATERA BARAT",18,4,132,136
https://kawalpemilu.org#13365,"PANAMPUANG, IV ANGKAT CANDUNG, AGAM, SUMATERA BARAT",19,5,174,179
https://kawalpemilu.org#13365,"PANAMPUANG, IV ANGKAT CANDUNG, AGAM, SUMATERA BARAT",20,14,176,190
https://kawalpemilu.org#13365,"PANAMPUANG, IV ANGKAT CANDUNG, AGAM, SUMATERA BARAT",21,9,205,214
https://kawalpemilu.org#13365,"PANAMPUANG, IV ANGKAT CANDUNG, AGAM, SUMATERA BARAT",22,8,118,126
https://kawalpemilu.org#13365,"PANAMPUANG, IV ANGKAT CANDUNG, AGAM, SUMATERA BARAT",23,6,146,152
https://kawalpemilu.org#13365,"PANAMPUANG, IV ANGKAT CANDUNG, AGAM, SUMATERA BARAT",24,18,121,139
https://kawalpemilu.org#13366,"AMPANG GADANG, IV ANGKAT CANDUNG, AGAM, SUMATERA BARAT",1,8,132,140
https://kawalpemilu.org#13366,"AMPANG GADANG, IV ANGKAT CANDUNG, AGAM, SUMATERA BARAT",2,19,167,186
https://kawalpemilu.org#13366,"AMPANG GADANG, IV ANGKAT CANDUNG, AGAM, SUMATERA BARAT",3,22,182,204
https://kawalpemilu.org#13366,"AMPANG GADANG, IV ANGKAT CANDUNG, AGAM, SUMATERA BARAT",4,24,174,198
https://kawalpemilu.org#13366,"AMPANG GADANG, IV ANGKAT CANDUNG, AGAM, SUMATERA BARAT",5,31,202,233
https://kawalpemilu.org#13366,"AMPANG GADANG, IV ANGKAT CANDUNG, AGAM, SUMATERA BARAT",6,21,196,217
https://kawalpemilu.org#13366,"AMPANG GADANG, IV ANGKAT CANDUNG, AGAM, SUMATERA BARAT",7,12,137,149
https://kawalpemilu.org#13366,"AMPANG GADANG, IV ANGKAT CANDUNG, AGAM, SUMATERA BARAT",8,12,138,150
https://kawalpemilu.org#13366,"AMPANG GADANG, IV ANGKAT CANDUNG, AGAM, SUMATERA BARAT",9,4,197,201
https://kawalpemilu.org#13366,"AMPANG GADANG, IV ANGKAT CANDUNG, AGAM, SUMATERA BARAT",10,12,146,158
https://kawalpemilu.org#13366,"AMPANG GADANG, IV ANGKAT CANDUNG, AGAM, SUMATERA BARAT",11,13,223,236
https://kawalpemilu.org#13366,"AMPANG GADANG, IV ANGKAT CANDUNG, AGAM, SUMATERA BARAT",12,6,117,123
https://kawalpemilu.org#13366,"AMPANG GADANG, IV ANGKAT CANDUNG, AGAM, SUMATERA BARAT",13,12,202,214
https://kawalpemilu.org#13366,"AMPANG GADANG, IV ANGKAT CANDUNG, AGAM, SUMATERA BARAT",14,12,171,183
https://kawalpemilu.org#13366,"AMPANG GADANG, IV ANGKAT CANDUNG, AGAM, SUMATERA BARAT",15,11,161,172
https://kawalpemilu.org#13366,"AMPANG GADANG, IV ANGKAT CANDUNG, AGAM, SUMATERA BARAT",16,16,185,201
https://kawalpemilu.org#13366,"AMPANG GADANG, IV ANGKAT CANDUNG, AGAM, SUMATERA BARAT",17,5,101,106
https://kawalpemilu.org#13366,"AMPANG GADANG, IV ANGKAT CANDUNG, AGAM, SUMATERA BARAT",18,8,70,78
https://kawalpemilu.org#13366,"AMPANG GADANG, IV ANGKAT CANDUNG, AGAM, SUMATERA BARAT",19,7,140,147
https://kawalpemilu.org#13366,"AMPANG GADANG, IV ANGKAT CANDUNG, AGAM, SUMATERA BARAT",20,25,117,142
https://kawalpemilu.org#13366,"AMPANG GADANG, IV ANGKAT CANDUNG, AGAM, SUMATERA BARAT",21,18,204,222
https://kawalpemilu.org#13366,"AMPANG GADANG, IV ANGKAT CANDUNG, AGAM, SUMATERA BARAT",22,20,153,173
https://kawalpemilu.org#13366,"AMPANG GADANG, IV ANGKAT CANDUNG, AGAM, SUMATERA BARAT",23,18,142,160
https://kawalpemilu.org#13366,"AMPANG GADANG, IV ANGKAT CANDUNG, AGAM, SUMATERA BARAT",24,12,128,140
https://kawalpemilu.org#13366,"AMPANG GADANG, IV ANGKAT CANDUNG, AGAM, SUMATERA BARAT",25,10,75,85
https://kawalpemilu.org#13366,"AMPANG GADANG, IV ANGKAT CANDUNG, AGAM, SUMATERA BARAT",26,16,76,92
https://kawalpemilu.org#13366,"AMPANG GADANG, IV ANGKAT CANDUNG, AGAM, SUMATERA BARAT",27,18,145,163
https://kawalpemilu.org#13366,"AMPANG GADANG, IV ANGKAT CANDUNG, AGAM, SUMATERA BARAT",28,8,77,85
https://kawalpemilu.org#13366,"AMPANG GADANG, IV ANGKAT CANDUNG, AGAM, SUMATERA BARAT",29,20,165,185
https://kawalpemilu.org#13367,"PASIA, IV ANGKAT CANDUNG, AGAM, SUMATERA BARAT",1,20,173,193
https://kawalpemilu.org#13367,"PASIA, IV ANGKAT CANDUNG, AGAM, SUMATERA BARAT",2,20,182,202
https://kawalpemilu.org#13367,"PASIA, IV ANGKAT CANDUNG, AGAM, SUMATERA BARAT",3,6,165,171
https://kawalpemilu.org#13367,"PASIA, IV ANGKAT CANDUNG, AGAM, SUMATERA BARAT",4,12,193,205
https://kawalpemilu.org#13367,"PASIA, IV ANGKAT CANDUNG, AGAM, SUMATERA BARAT",5,29,180,209
https://kawalpemilu.org#13367,"PASIA, IV ANGKAT CANDUNG, AGAM, SUMATERA BARAT",6,29,158,187
https://kawalpemilu.org#13367,"PASIA, IV ANGKAT CANDUNG, AGAM, SUMATERA BARAT",7,15,168,183
https://kawalpemilu.org#13368,"BALAI GURAH, IV ANGKAT CANDUNG, AGAM, SUMATERA BARAT",1,24,152,176
https://kawalpemilu.org#13368,"BALAI GURAH, IV ANGKAT CANDUNG, AGAM, SUMATERA BARAT",2,32,180,212
https://kawalpemilu.org#13368,"BALAI GURAH, IV ANGKAT CANDUNG, AGAM, SUMATERA BARAT",3,9,206,215
https://kawalpemilu.org#13368,"BALAI GURAH, IV ANGKAT CANDUNG, AGAM, SUMATERA BARAT",4,10,200,210
https://kawalpemilu.org#13368,"BALAI GURAH, IV ANGKAT CANDUNG, AGAM, SUMATERA BARAT",5,13,168,181
https://kawalpemilu.org#13368,"BALAI GURAH, IV ANGKAT CANDUNG, AGAM, SUMATERA BARAT",6,10,118,128
https://kawalpemilu.org#13368,"BALAI GURAH, IV ANGKAT CANDUNG, AGAM, SUMATERA BARAT",7,7,133,140
https://kawalpemilu.org#13368,"BALAI GURAH, IV ANGKAT CANDUNG, AGAM, SUMATERA BARAT",8,15,133,148
https://kawalpemilu.org#13368,"BALAI GURAH, IV ANGKAT CANDUNG, AGAM, SUMATERA BARAT",9,19,144,163
https://kawalpemilu.org#13368,"BALAI GURAH, IV ANGKAT CANDUNG, AGAM, SUMATERA BARAT",10,12,202,214
https://kawalpemilu.org#13368,"BALAI GURAH, IV ANGKAT CANDUNG, AGAM, SUMATERA BARAT",11,9,176,185
https://kawalpemilu.org#13368,"BALAI GURAH, IV ANGKAT CANDUNG, AGAM, SUMATERA BARAT",12,16,105,121
https://kawalpemilu.org#13368,"BALAI GURAH, IV ANGKAT CANDUNG, AGAM, SUMATERA BARAT",13,13,136,149
https://kawalpemilu.org#13368,"BALAI GURAH, IV ANGKAT CANDUNG, AGAM, SUMATERA BARAT",14,30,142,172
https://kawalpemilu.org#13368,"BALAI GURAH, IV ANGKAT CANDUNG, AGAM, SUMATERA BARAT",15,20,119,139
https://kawalpemilu.org#13368,"BALAI GURAH, IV ANGKAT CANDUNG, AGAM, SUMATERA BARAT",16,28,166,194
https://kawalpemilu.org#13368,"BALAI GURAH, IV ANGKAT CANDUNG, AGAM, SUMATERA BARAT",17,15,196,211
https://kawalpemilu.org#13370,"KOTO TINGGI, BASO, AGAM, SUMATERA BARAT",1,24,129,153
https://kawalpemilu.org#13370,"KOTO TINGGI, BASO, AGAM, SUMATERA BARAT",2,15,144,159
https://kawalpemilu.org#13370,"KOTO TINGGI, BASO, AGAM, SUMATERA BARAT",3,12,145,157
https://kawalpemilu.org#13370,"KOTO TINGGI, BASO, AGAM, SUMATERA BARAT",4,23,96,119
https://kawalpemilu.org#13370,"KOTO TINGGI, BASO, AGAM, SUMATERA BARAT",5,17,122,139
https://kawalpemilu.org#13370,"KOTO TINGGI, BASO, AGAM, SUMATERA BARAT",6,26,130,156
https://kawalpemilu.org#13370,"KOTO TINGGI, BASO, AGAM, SUMATERA BARAT",7,33,172,205
https://kawalpemilu.org#13370,"KOTO TINGGI, BASO, AGAM, SUMATERA BARAT",8,20,142,162
https://kawalpemilu.org#13370,"KOTO TINGGI, BASO, AGAM, SUMATERA BARAT",9,18,112,130
https://kawalpemilu.org#13370,"KOTO TINGGI, BASO, AGAM, SUMATERA BARAT",10,21,129,150
https://kawalpemilu.org#13370,"KOTO TINGGI, BASO, AGAM, SUMATERA BARAT",11,16,122,138
https://kawalpemilu.org#13370,"KOTO TINGGI, BASO, AGAM, SUMATERA BARAT",12,18,134,152
https://kawalpemilu.org#13370,"KOTO TINGGI, BASO, AGAM, SUMATERA BARAT",13,10,122,132
https://kawalpemilu.org#13370,"KOTO TINGGI, BASO, AGAM, SUMATERA BARAT",14,21,123,144
https://kawalpemilu.org#13370,"KOTO TINGGI, BASO, AGAM, SUMATERA BARAT",15,20,129,149
https://kawalpemilu.org#13370,"KOTO TINGGI, BASO, AGAM, SUMATERA BARAT",16,22,143,165
https://kawalpemilu.org#13370,"KOTO TINGGI, BASO, AGAM, SUMATERA BARAT",17,13,141,154
https://kawalpemilu.org#13370,"KOTO TINGGI, BASO, AGAM, SUMATERA BARAT",18,22,91,113
https://kawalpemilu.org#13370,"KOTO TINGGI, BASO, AGAM, SUMATERA BARAT",19,16,139,155
https://kawalpemilu.org#13370,"KOTO TINGGI, BASO, AGAM, SUMATERA BARAT",20,37,128,165
https://kawalpemilu.org#13370,"KOTO TINGGI, BASO, AGAM, SUMATERA BARAT",21,29,194,223
https://kawalpemilu.org#13370,"KOTO TINGGI, BASO, AGAM, SUMATERA BARAT",22,29,185,214
https://kawalpemilu.org#13370,"KOTO TINGGI, BASO, AGAM, SUMATERA BARAT",23,21,167,188
https://kawalpemilu.org#13370,"KOTO TINGGI, BASO, AGAM, SUMATERA BARAT",24,31,132,163
https://kawalpemilu.org#13370,"KOTO TINGGI, BASO, AGAM, SUMATERA BARAT",25,22,136,158
https://kawalpemilu.org#13370,"KOTO TINGGI, BASO, AGAM, SUMATERA BARAT",26,30,195,225
https://kawalpemilu.org#13370,"KOTO TINGGI, BASO, AGAM, SUMATERA BARAT",27,19,202,221
https://kawalpemilu.org#13370,"KOTO TINGGI, BASO, AGAM, SUMATERA BARAT",28,21,141,168
https://kawalpemilu.org#13370,"KOTO TINGGI, BASO, AGAM, SUMATERA BARAT",29,9,153,162
https://kawalpemilu.org#13370,"KOTO TINGGI, BASO, AGAM, SUMATERA BARAT",30,21,146,167
https://kawalpemilu.org#13371,"TABEK PANJANG, BASO, AGAM, SUMATERA BARAT",1,20,95,115
https://kawalpemilu.org#13371,"TABEK PANJANG, BASO, AGAM, SUMATERA BARAT",2,26,104,130
https://kawalpemilu.org#13371,"TABEK PANJANG, BASO, AGAM, SUMATERA BARAT",3,28,138,166
https://kawalpemilu.org#13371,"TABEK PANJANG, BASO, AGAM, SUMATERA BARAT",4,10,141,151
https://kawalpemilu.org#13371,"TABEK PANJANG, BASO, AGAM, SUMATERA BARAT",5,10,100,110
https://kawalpemilu.org#13371,"TABEK PANJANG, BASO, AGAM, SUMATERA BARAT",6,11,128,139
https://kawalpemilu.org#13371,"TABEK PANJANG, BASO, AGAM, SUMATERA BARAT",7,23,187,210
https://kawalpemilu.org#13371,"TABEK PANJANG, BASO, AGAM, SUMATERA BARAT",8,11,123,134
https://kawalpemilu.org#13371,"TABEK PANJANG, BASO, AGAM, SUMATERA BARAT",9,9,120,129
https://kawalpemilu.org#13371,"TABEK PANJANG, BASO, AGAM, SUMATERA BARAT",10,16,119,135
https://kawalpemilu.org#13371,"TABEK PANJANG, BASO, AGAM, SUMATERA BARAT",11,30,85,115
https://kawalpemilu.org#13371,"TABEK PANJANG, BASO, AGAM, SUMATERA BARAT",12,6,81,87
https://kawalpemilu.org#13371,"TABEK PANJANG, BASO, AGAM, SUMATERA BARAT",13,18,114,132
https://kawalpemilu.org#13371,"TABEK PANJANG, BASO, AGAM, SUMATERA BARAT",14,30,98,128
https://kawalpemilu.org#13371,"TABEK PANJANG, BASO, AGAM, SUMATERA BARAT",15,20,130,150
https://kawalpemilu.org#13371,"TABEK PANJANG, BASO, AGAM, SUMATERA BARAT",16,19,153,172
https://kawalpemilu.org#13371,"TABEK PANJANG, BASO, AGAM, SUMATERA BARAT",17,29,115,144
https://kawalpemilu.org#13371,"TABEK PANJANG, BASO, AGAM, SUMATERA BARAT",18,34,81,115
https://kawalpemilu.org#13371,"TABEK PANJANG, BASO, AGAM, SUMATERA BARAT",19,34,116,150
https://kawalpemilu.org#13371,"TABEK PANJANG, BASO, AGAM, SUMATERA BARAT",20,21,107,128
https://kawalpemilu.org#13371,"TABEK PANJANG, BASO, AGAM, SUMATERA BARAT",21,9,115,124
https://kawalpemilu.org#13371,"TABEK PANJANG, BASO, AGAM, SUMATERA BARAT",22,12,146,158
https://kawalpemilu.org#13371,"TABEK PANJANG, BASO, AGAM, SUMATERA BARAT",23,21,149,170
https://kawalpemilu.org#13371,"TABEK PANJANG, BASO, AGAM, SUMATERA BARAT",24,20,142,162
https://kawalpemilu.org#13371,"TABEK PANJANG, BASO, AGAM, SUMATERA BARAT",25,9,142,151
https://kawalpemilu.org#13371,"TABEK PANJANG, BASO, AGAM, SUMATERA BARAT",26,7,160,167
https://kawalpemilu.org#13371,"TABEK PANJANG, BASO, AGAM, SUMATERA BARAT",27,13,188,201
https://kawalpemilu.org#13371,"TABEK PANJANG, BASO, AGAM, SUMATERA BARAT",28,21,192,213
https://kawalpemilu.org#13371,"TABEK PANJANG, BASO, AGAM, SUMATERA BARAT",29,17,188,205
https://kawalpemilu.org#13371,"TABEK PANJANG, BASO, AGAM, SUMATERA BARAT",30,37,199,236
https://kawalpemilu.org#13371,"TABEK PANJANG, BASO, AGAM, SUMATERA BARAT",31,6,121,127
https://kawalpemilu.org#13371,"TABEK PANJANG, BASO, AGAM, SUMATERA BARAT",32,8,118,126
https://kawalpemilu.org#13371,"TABEK PANJANG, BASO, AGAM, SUMATERA BARAT",33,7,111,118
https://kawalpemilu.org#13371,"TABEK PANJANG, BASO, AGAM, SUMATERA BARAT",34,5,116,121
https://kawalpemilu.org#13371,"TABEK PANJANG, BASO, AGAM, SUMATERA BARAT",35,3,112,115
https://kawalpemilu.org#13372,"SIMARASOK, BASO, AGAM, SUMATERA BARAT",1,10,149,159
https://kawalpemilu.org#13372,"SIMARASOK, BASO, AGAM, SUMATERA BARAT",2,15,181,196
https://kawalpemilu.org#13372,"SIMARASOK, BASO, AGAM, SUMATERA BARAT",3,30,139,169
https://kawalpemilu.org#13372,"SIMARASOK, BASO, AGAM, SUMATERA BARAT",4,19,144,163
https://kawalpemilu.org#13372,"SIMARASOK, BASO, AGAM, SUMATERA BARAT",5,34,168,202
https://kawalpemilu.org#13372,"SIMARASOK, BASO, AGAM, SUMATERA BARAT",6,13,133,146
https://kawalpemilu.org#13372,"SIMARASOK, BASO, AGAM, SUMATERA BARAT",7,16,99,115
https://kawalpemilu.org#13372,"SIMARASOK, BASO, AGAM, SUMATERA BARAT",8,10,123,133
https://kawalpemilu.org#13372,"SIMARASOK, BASO, AGAM, SUMATERA BARAT",9,8,138,146
https://kawalpemilu.org#13372,"SIMARASOK, BASO, AGAM, SUMATERA BARAT",10,23,127,150
https://kawalpemilu.org#13372,"SIMARASOK, BASO, AGAM, SUMATERA BARAT",11,14,182,196
https://kawalpemilu.org#13372,"SIMARASOK, BASO, AGAM, SUMATERA BARAT",12,5,135,140
https://kawalpemilu.org#13372,"SIMARASOK, BASO, AGAM, SUMATERA BARAT",13,7,145,152
https://kawalpemilu.org#13372,"SIMARASOK, BASO, AGAM, SUMATERA BARAT",15,6,181,187
https://kawalpemilu.org#13372,"SIMARASOK, BASO, AGAM, SUMATERA BARAT",16,17,188,205
https://kawalpemilu.org#13372,"SIMARASOK, BASO, AGAM, SUMATERA BARAT",17,5,194,199
https://kawalpemilu.org#13372,"SIMARASOK, BASO, AGAM, SUMATERA BARAT",18,6,176,182
https://kawalpemilu.org#13372,"SIMARASOK, BASO, AGAM, SUMATERA BARAT",19,6,143,149
https://kawalpemilu.org#13372,"SIMARASOK, BASO, AGAM, SUMATERA BARAT",20,13,160,173
https://kawalpemilu.org#13372,"SIMARASOK, BASO, AGAM, SUMATERA BARAT",21,5,134,139
https://kawalpemilu.org#13373,"PADANG TAROK, BASO, AGAM, SUMATERA BARAT",1,9,162,171
https://kawalpemilu.org#13373,"PADANG TAROK, BASO, AGAM, SUMATERA BARAT",2,9,152,161
https://kawalpemilu.org#13373,"PADANG TAROK, BASO, AGAM, SUMATERA BARAT",3,10,122,132
https://kawalpemilu.org#13373,"PADANG TAROK, BASO, AGAM, SUMATERA BARAT",4,10,144,154
https://kawalpemilu.org#13373,"PADANG TAROK, BASO, AGAM, SUMATERA BARAT",6,14,186,200
https://kawalpemilu.org#13373,"PADANG TAROK, BASO, AGAM, SUMATERA BARAT",7,15,109,124
https://kawalpemilu.org#13373,"PADANG TAROK, BASO, AGAM, SUMATERA BARAT",8,15,146,161
https://kawalpemilu.org#13373,"PADANG TAROK, BASO, AGAM, SUMATERA BARAT",9,22,179,201
https://kawalpemilu.org#13373,"PADANG TAROK, BASO, AGAM, SUMATERA BARAT",10,11,116,127
https://kawalpemilu.org#13373,"PADANG TAROK, BASO, AGAM, SUMATERA BARAT",11,20,185,205
https://kawalpemilu.org#13373,"PADANG TAROK, BASO, AGAM, SUMATERA BARAT",12,18,165,183
https://kawalpemilu.org#13373,"PADANG TAROK, BASO, AGAM, SUMATERA BARAT",13,10,174,184
https://kawalpemilu.org#13373,"PADANG TAROK, BASO, AGAM, SUMATERA BARAT",14,32,119,151
https://kawalpemilu.org#13373,"PADANG TAROK, BASO, AGAM, SUMATERA BARAT",15,16,138,154
https://kawalpemilu.org#13373,"PADANG TAROK, BASO, AGAM, SUMATERA BARAT",16,10,173,183
https://kawalpemilu.org#13373,"PADANG TAROK, BASO, AGAM, SUMATERA BARAT",17,19,179,198
https://kawalpemilu.org#13373,"PADANG TAROK, BASO, AGAM, SUMATERA BARAT",18,9,124,133
https://kawalpemilu.org#13373,"PADANG TAROK, BASO, AGAM, SUMATERA BARAT",19,14,136,150
https://kawalpemilu.org#13373,"PADANG TAROK, BASO, AGAM, SUMATERA BARAT",20,27,77,104
https://kawalpemilu.org#13373,"PADANG TAROK, BASO, AGAM, SUMATERA BARAT",21,10,99,109
https://kawalpemilu.org#13373,"PADANG TAROK, BASO, AGAM, SUMATERA BARAT",22,0,0,0
https://kawalpemilu.org#13373,"PADANG TAROK, BASO, AGAM, SUMATERA BARAT",24,5,143,148
https://kawalpemilu.org#13373,"PADANG TAROK, BASO, AGAM, SUMATERA BARAT",25,15,154,169
https://kawalpemilu.org#13373,"PADANG TAROK, BASO, AGAM, SUMATERA BARAT",26,5,141,146
https://kawalpemilu.org#13374,"SALO, BASO, AGAM, SUMATERA BARAT",1,17,172,189
https://kawalpemilu.org#13374,"SALO, BASO, AGAM, SUMATERA BARAT",2,18,125,143
https://kawalpemilu.org#13374,"SALO, BASO, AGAM, SUMATERA BARAT",3,28,152,180
https://kawalpemilu.org#13374,"SALO, BASO, AGAM, SUMATERA BARAT",4,20,176,196
https://kawalpemilu.org#13375,"KOTO BARU III JORONG, BASO, AGAM, SUMATERA BARAT",1,14,162,176
https://kawalpemilu.org#13375,"KOTO BARU III JORONG, BASO, AGAM, SUMATERA BARAT",2,11,106,117
https://kawalpemilu.org#13375,"KOTO BARU III JORONG, BASO, AGAM, SUMATERA BARAT",3,15,143,158
https://kawalpemilu.org#13375,"KOTO BARU III JORONG, BASO, AGAM, SUMATERA BARAT",4,28,187,215
https://kawalpemilu.org#13375,"KOTO BARU III JORONG, BASO, AGAM, SUMATERA BARAT",5,18,202,220
https://kawalpemilu.org#13377,"KOTO TANGAH, TILATANG KAMANG, AGAM, SUMATERA BARAT",1,31,188,219
https://kawalpemilu.org#13377,"KOTO TANGAH, TILATANG KAMANG, AGAM, SUMATERA BARAT",2,16,191,207
https://kawalpemilu.org#13377,"KOTO TANGAH, TILATANG KAMANG, AGAM, SUMATERA BARAT",3,17,188,205
https://kawalpemilu.org#13377,"KOTO TANGAH, TILATANG KAMANG, AGAM, SUMATERA BARAT",4,16,163,179
https://kawalpemilu.org#13377,"KOTO TANGAH, TILATANG KAMANG, AGAM, SUMATERA BARAT",5,24,187,211
https://kawalpemilu.org#13377,"KOTO TANGAH, TILATANG KAMANG, AGAM, SUMATERA BARAT",6,26,192,218
https://kawalpemilu.org#13377,"KOTO TANGAH, TILATANG KAMANG, AGAM, SUMATERA BARAT",7,12,167,179
https://kawalpemilu.org#13377,"KOTO TANGAH, TILATANG KAMANG, AGAM, SUMATERA BARAT",8,11,150,161
https://kawalpemilu.org#13377,"KOTO TANGAH, TILATANG KAMANG, AGAM, SUMATERA BARAT",9,17,137,154
https://kawalpemilu.org#13377,"KOTO TANGAH, TILATANG KAMANG, AGAM, SUMATERA BARAT",10,21,136,157
https://kawalpemilu.org#13377,"KOTO TANGAH, TILATANG KAMANG, AGAM, SUMATERA BARAT",11,28,138,166
https://kawalpemilu.org#13377,"KOTO TANGAH, TILATANG KAMANG, AGAM, SUMATERA BARAT",12,19,175,194
https://kawalpemilu.org#13377,"KOTO TANGAH, TILATANG KAMANG, AGAM, SUMATERA BARAT",13,18,129,147
https://kawalpemilu.org#13377,"KOTO TANGAH, TILATANG KAMANG, AGAM, SUMATERA BARAT",14,13,150,163
https://kawalpemilu.org#13377,"KOTO TANGAH, TILATANG KAMANG, AGAM, SUMATERA BARAT",15,12,180,192
https://kawalpemilu.org#13377,"KOTO TANGAH, TILATANG KAMANG, AGAM, SUMATERA BARAT",16,16,167,183
https://kawalpemilu.org#13377,"KOTO TANGAH, TILATANG KAMANG, AGAM, SUMATERA BARAT",17,13,168,181
https://kawalpemilu.org#13377,"KOTO TANGAH, TILATANG KAMANG, AGAM, SUMATERA BARAT",18,7,116,123
https://kawalpemilu.org#13377,"KOTO TANGAH, TILATANG KAMANG, AGAM, SUMATERA BARAT",19,24,144,168
https://kawalpemilu.org#13377,"KOTO TANGAH, TILATANG KAMANG, AGAM, SUMATERA BARAT",20,8,105,113
https://kawalpemilu.org#13377,"KOTO TANGAH, TILATANG KAMANG, AGAM, SUMATERA BARAT",21,14,194,208
https://kawalpemilu.org#13377,"KOTO TANGAH, TILATANG KAMANG, AGAM, SUMATERA BARAT",22,22,212,234
https://kawalpemilu.org#13377,"KOTO TANGAH, TILATANG KAMANG, AGAM, SUMATERA BARAT",23,23,208,231
https://kawalpemilu.org#13377,"KOTO TANGAH, TILATANG KAMANG, AGAM, SUMATERA BARAT",24,10,119,129
https://kawalpemilu.org#13377,"KOTO TANGAH, TILATANG KAMANG, AGAM, SUMATERA BARAT",25,19,135,154
https://kawalpemilu.org#13377,"KOTO TANGAH, TILATANG KAMANG, AGAM, SUMATERA BARAT",26,17,118,135
https://kawalpemilu.org#13377,"KOTO TANGAH, TILATANG KAMANG, AGAM, SUMATERA BARAT",27,21,204,225
https://kawalpemilu.org#13377,"KOTO TANGAH, TILATANG KAMANG, AGAM, SUMATERA BARAT",28,10,163,173
https://kawalpemilu.org#13377,"KOTO TANGAH, TILATANG KAMANG, AGAM, SUMATERA BARAT",29,16,183,199
https://kawalpemilu.org#13377,"KOTO TANGAH, TILATANG KAMANG, AGAM, SUMATERA BARAT",30,9,186,195
https://kawalpemilu.org#13377,"KOTO TANGAH, TILATANG KAMANG, AGAM, SUMATERA BARAT",31,10,149,159
https://kawalpemilu.org#13377,"KOTO TANGAH, TILATANG KAMANG, AGAM, SUMATERA BARAT",32,21,167,188
https://kawalpemilu.org#13377,"KOTO TANGAH, TILATANG KAMANG, AGAM, SUMATERA BARAT",33,20,171,191
https://kawalpemilu.org#13377,"KOTO TANGAH, TILATANG KAMANG, AGAM, SUMATERA BARAT",34,9,201,210
https://kawalpemilu.org#13377,"KOTO TANGAH, TILATANG KAMANG, AGAM, SUMATERA BARAT",35,17,208,225
https://kawalpemilu.org#13377,"KOTO TANGAH, TILATANG KAMANG, AGAM, SUMATERA BARAT",36,14,199,213
https://kawalpemilu.org#13377,"KOTO TANGAH, TILATANG KAMANG, AGAM, SUMATERA BARAT",37,24,154,178
https://kawalpemilu.org#13377,"KOTO TANGAH, TILATANG KAMANG, AGAM, SUMATERA BARAT",38,10,156,166
https://kawalpemilu.org#13377,"KOTO TANGAH, TILATANG KAMANG, AGAM, SUMATERA BARAT",39,16,148,164
https://kawalpemilu.org#13377,"KOTO TANGAH, TILATANG KAMANG, AGAM, SUMATERA BARAT",40,24,187,211
https://kawalpemilu.org#13377,"KOTO TANGAH, TILATANG KAMANG, AGAM, SUMATERA BARAT",41,15,213,228
https://kawalpemilu.org#13377,"KOTO TANGAH, TILATANG KAMANG, AGAM, SUMATERA BARAT",42,7,108,115
https://kawalpemilu.org#13377,"KOTO TANGAH, TILATANG KAMANG, AGAM, SUMATERA BARAT",43,25,181,206
https://kawalpemilu.org#13377,"KOTO TANGAH, TILATANG KAMANG, AGAM, SUMATERA BARAT",44,14,195,209
https://kawalpemilu.org#13377,"KOTO TANGAH, TILATANG KAMANG, AGAM, SUMATERA BARAT",45,11,156,167
https://kawalpemilu.org#13377,"KOTO TANGAH, TILATANG KAMANG, AGAM, SUMATERA BARAT",46,17,165,182
https://kawalpemilu.org#13377,"KOTO TANGAH, TILATANG KAMANG, AGAM, SUMATERA BARAT",47,21,108,129
https://kawalpemilu.org#13377,"KOTO TANGAH, TILATANG KAMANG, AGAM, SUMATERA BARAT",48,11,129,140
https://kawalpemilu.org#13377,"KOTO TANGAH, TILATANG KAMANG, AGAM, SUMATERA BARAT",49,14,110,124
https://kawalpemilu.org#13377,"KOTO TANGAH, TILATANG KAMANG, AGAM, SUMATERA BARAT",50,16,157,173
https://kawalpemilu.org#13377,"KOTO TANGAH, TILATANG KAMANG, AGAM, SUMATERA BARAT",51,18,147,165
https://kawalpemilu.org#13377,"KOTO TANGAH, TILATANG KAMANG, AGAM, SUMATERA BARAT",52,17,168,185
https://kawalpemilu.org#13377,"KOTO TANGAH, TILATANG KAMANG, AGAM, SUMATERA BARAT",53,32,121,153
https://kawalpemilu.org#13378,"GADUIK, TILATANG KAMANG, AGAM, SUMATERA BARAT",1,14,188,202
https://kawalpemilu.org#13378,"GADUIK, TILATANG KAMANG, AGAM, SUMATERA BARAT",2,18,177,195
https://kawalpemilu.org#13378,"GADUIK, TILATANG KAMANG, AGAM, SUMATERA BARAT",3,25,122,147
https://kawalpemilu.org#13378,"GADUIK, TILATANG KAMANG, AGAM, SUMATERA BARAT",4,13,183,196
https://kawalpemilu.org#13378,"GADUIK, TILATANG KAMANG, AGAM, SUMATERA BARAT",5,0,0,0
https://kawalpemilu.org#13378,"GADUIK, TILATANG KAMANG, AGAM, SUMATERA BARAT",6,19,144,163
https://kawalpemilu.org#13378,"GADUIK, TILATANG KAMANG, AGAM, SUMATERA BARAT",7,16,164,180
https://kawalpemilu.org#13378,"GADUIK, TILATANG KAMANG, AGAM, SUMATERA BARAT",8,20,200,220
https://kawalpemilu.org#13378,"GADUIK, TILATANG KAMANG, AGAM, SUMATERA BARAT",9,16,121,137
https://kawalpemilu.org#13378,"GADUIK, TILATANG KAMANG, AGAM, SUMATERA BARAT",10,18,140,158
https://kawalpemilu.org#13378,"GADUIK, TILATANG KAMANG, AGAM, SUMATERA BARAT",11,21,185,206
https://kawalpemilu.org#13378,"GADUIK, TILATANG KAMANG, AGAM, SUMATERA BARAT",12,17,138,155
https://kawalpemilu.org#13378,"GADUIK, TILATANG KAMANG, AGAM, SUMATERA BARAT",13,19,212,231
https://kawalpemilu.org#13378,"GADUIK, TILATANG KAMANG, AGAM, SUMATERA BARAT",14,4,125,129
https://kawalpemilu.org#13378,"GADUIK, TILATANG KAMANG, AGAM, SUMATERA BARAT",15,23,169,192
https://kawalpemilu.org#13378,"GADUIK, TILATANG KAMANG, AGAM, SUMATERA BARAT",16,20,139,159
https://kawalpemilu.org#13378,"GADUIK, TILATANG KAMANG, AGAM, SUMATERA BARAT",17,29,123,152
https://kawalpemilu.org#13378,"GADUIK, TILATANG KAMANG, AGAM, SUMATERA BARAT",18,5,101,106
https://kawalpemilu.org#13378,"GADUIK, TILATANG KAMANG, AGAM, SUMATERA BARAT",19,28,160,188
https://kawalpemilu.org#13378,"GADUIK, TILATANG KAMANG, AGAM, SUMATERA BARAT",20,23,163,186
https://kawalpemilu.org#13378,"GADUIK, TILATANG KAMANG, AGAM, SUMATERA BARAT",21,19,177,196
https://kawalpemilu.org#13378,"GADUIK, TILATANG KAMANG, AGAM, SUMATERA BARAT",22,11,128,139
https://kawalpemilu.org#13378,"GADUIK, TILATANG KAMANG, AGAM, SUMATERA BARAT",23,9,180,189
https://kawalpemilu.org#13378,"GADUIK, TILATANG KAMANG, AGAM, SUMATERA BARAT",24,22,130,152
https://kawalpemilu.org#13378,"GADUIK, TILATANG KAMANG, AGAM, SUMATERA BARAT",25,15,102,117
https://kawalpemilu.org#13378,"GADUIK, TILATANG KAMANG, AGAM, SUMATERA BARAT",26,20,121,141
https://kawalpemilu.org#13378,"GADUIK, TILATANG KAMANG, AGAM, SUMATERA BARAT",27,13,132,145
https://kawalpemilu.org#13378,"GADUIK, TILATANG KAMANG, AGAM, SUMATERA BARAT",28,14,162,176
https://kawalpemilu.org#13378,"GADUIK, TILATANG KAMANG, AGAM, SUMATERA BARAT",29,13,174,187
https://kawalpemilu.org#13378,"GADUIK, TILATANG KAMANG, AGAM, SUMATERA BARAT",30,27,126,153
https://kawalpemilu.org#13378,"GADUIK, TILATANG KAMANG, AGAM, SUMATERA BARAT",31,9,70,79
https://kawalpemilu.org#13378,"GADUIK, TILATANG KAMANG, AGAM, SUMATERA BARAT",32,30,190,220
https://kawalpemilu.org#13378,"GADUIK, TILATANG KAMANG, AGAM, SUMATERA BARAT",33,11,128,139
https://kawalpemilu.org#13378,"GADUIK, TILATANG KAMANG, AGAM, SUMATERA BARAT",34,24,196,220
https://kawalpemilu.org#13378,"GADUIK, TILATANG KAMANG, AGAM, SUMATERA BARAT",35,21,178,199
https://kawalpemilu.org#13378,"GADUIK, TILATANG KAMANG, AGAM, SUMATERA BARAT",36,21,166,187
https://kawalpemilu.org#13378,"GADUIK, TILATANG KAMANG, AGAM, SUMATERA BARAT",37,9,122,131
https://kawalpemilu.org#13378,"GADUIK, TILATANG KAMANG, AGAM, SUMATERA BARAT",38,9,136,145
https://kawalpemilu.org#13378,"GADUIK, TILATANG KAMANG, AGAM, SUMATERA BARAT",39,16,116,132
https://kawalpemilu.org#13378,"GADUIK, TILATANG KAMANG, AGAM, SUMATERA BARAT",40,20,192,212
https://kawalpemilu.org#13378,"GADUIK, TILATANG KAMANG, AGAM, SUMATERA BARAT",41,32,188,220
https://kawalpemilu.org#13378,"GADUIK, TILATANG KAMANG, AGAM, SUMATERA BARAT",42,14,130,144
https://kawalpemilu.org#13378,"GADUIK, TILATANG KAMANG, AGAM, SUMATERA BARAT",43,10,183,193
https://kawalpemilu.org#13378,"GADUIK, TILATANG KAMANG, AGAM, SUMATERA BARAT",44,17,121,138
https://kawalpemilu.org#13378,"GADUIK, TILATANG KAMANG, AGAM, SUMATERA BARAT",45,0,0,0
https://kawalpemilu.org#13378,"GADUIK, TILATANG KAMANG, AGAM, SUMATERA BARAT",46,22,130,152
https://kawalpemilu.org#13378,"GADUIK, TILATANG KAMANG, AGAM, SUMATERA BARAT",47,16,115,131
https://kawalpemilu.org#13378,"GADUIK, TILATANG KAMANG, AGAM, SUMATERA BARAT",48,20,173,193
https://kawalpemilu.org#13378,"GADUIK, TILATANG KAMANG, AGAM, SUMATERA BARAT",49,19,131,150
https://kawalpemilu.org#13378,"GADUIK, TILATANG KAMANG, AGAM, SUMATERA BARAT",50,9,202,211
https://kawalpemilu.org#13379,"KAPAU, TILATANG KAMANG, AGAM, SUMATERA BARAT",1,22,173,195
https://kawalpemilu.org#13379,"KAPAU, TILATANG KAMANG, AGAM, SUMATERA BARAT",2,23,155,178
https://kawalpemilu.org#13379,"KAPAU, TILATANG KAMANG, AGAM, SUMATERA BARAT",3,13,104,117
https://kawalpemilu.org#13379,"KAPAU, TILATANG KAMANG, AGAM, SUMATERA BARAT",4,22,136,158
https://kawalpemilu.org#13379,"KAPAU, TILATANG KAMANG, AGAM, SUMATERA BARAT",5,8,144,152
https://kawalpemilu.org#13379,"KAPAU, TILATANG KAMANG, AGAM, SUMATERA BARAT",6,6,117,123
https://kawalpemilu.org#13379,"KAPAU, TILATANG KAMANG, AGAM, SUMATERA BARAT",7,17,189,206
https://kawalpemilu.org#13379,"KAPAU, TILATANG KAMANG, AGAM, SUMATERA BARAT",8,15,165,180
https://kawalpemilu.org#13379,"KAPAU, TILATANG KAMANG, AGAM, SUMATERA BARAT",9,24,188,212
https://kawalpemilu.org#13379,"KAPAU, TILATANG KAMANG, AGAM, SUMATERA BARAT",10,22,176,198
https://kawalpemilu.org#13381,"KOTO RANTANG, PALUPUH, AGAM, SUMATERA BARAT",1,19,198,217
https://kawalpemilu.org#13381,"KOTO RANTANG, PALUPUH, AGAM, SUMATERA BARAT",2,21,180,201
https://kawalpemilu.org#13381,"KOTO RANTANG, PALUPUH, AGAM, SUMATERA BARAT",3,19,130,149
https://kawalpemilu.org#13381,"KOTO RANTANG, PALUPUH, AGAM, SUMATERA BARAT",4,4,97,101
https://kawalpemilu.org#13381,"KOTO RANTANG, PALUPUH, AGAM, SUMATERA BARAT",5,23,160,183
https://kawalpemilu.org#13381,"KOTO RANTANG, PALUPUH, AGAM, SUMATERA BARAT",6,12,131,143
https://kawalpemilu.org#13381,"KOTO RANTANG, PALUPUH, AGAM, SUMATERA BARAT",7,17,104,121
https://kawalpemilu.org#13381,"KOTO RANTANG, PALUPUH, AGAM, SUMATERA BARAT",8,36,176,112
https://kawalpemilu.org#13381,"KOTO RANTANG, PALUPUH, AGAM, SUMATERA BARAT",9,51,160,211
https://kawalpemilu.org#13382,"PASIA LAWEH, PALUPUH, AGAM, SUMATERA BARAT",1,34,141,175
https://kawalpemilu.org#13382,"PASIA LAWEH, PALUPUH, AGAM, SUMATERA BARAT",2,25,137,162
https://kawalpemilu.org#13382,"PASIA LAWEH, PALUPUH, AGAM, SUMATERA BARAT",3,10,141,151
https://kawalpemilu.org#13382,"PASIA LAWEH, PALUPUH, AGAM, SUMATERA BARAT",4,30,105,135
https://kawalpemilu.org#13382,"PASIA LAWEH, PALUPUH, AGAM, SUMATERA BARAT",5,35,130,165
https://kawalpemilu.org#13382,"PASIA LAWEH, PALUPUH, AGAM, SUMATERA BARAT",6,5,214,219
https://kawalpemilu.org#13382,"PASIA LAWEH, PALUPUH, AGAM, SUMATERA BARAT",7,12,126,138
https://kawalpemilu.org#13382,"PASIA LAWEH, PALUPUH, AGAM, SUMATERA BARAT",8,14,187,201
https://kawalpemilu.org#13382,"PASIA LAWEH, PALUPUH, AGAM, SUMATERA BARAT",9,26,160,186
https://kawalpemilu.org#13382,"PASIA LAWEH, PALUPUH, AGAM, SUMATERA BARAT",10,19,151,170
https://kawalpemilu.org#13382,"PASIA LAWEH, PALUPUH, AGAM, SUMATERA BARAT",11,22,105,127
https://kawalpemilu.org#13382,"PASIA LAWEH, PALUPUH, AGAM, SUMATERA BARAT",12,13,121,134
https://kawalpemilu.org#13382,"PASIA LAWEH, PALUPUH, AGAM, SUMATERA BARAT",13,6,137,143
https://kawalpemilu.org#13382,"PASIA LAWEH, PALUPUH, AGAM, SUMATERA BARAT",14,4,103,107
https://kawalpemilu.org#13382,"PASIA LAWEH, PALUPUH, AGAM, SUMATERA BARAT",15,3,69,72
https://kawalpemilu.org#13382,"PASIA LAWEH, PALUPUH, AGAM, SUMATERA BARAT",16,14,30,44
https://kawalpemilu.org#13382,"PASIA LAWEH, PALUPUH, AGAM, SUMATERA BARAT",17,15,178,193
https://kawalpemilu.org#13382,"PASIA LAWEH, PALUPUH, AGAM, SUMATERA BARAT",18,15,146,161
https://kawalpemilu.org#13383,"PAGADIH, PALUPUH, AGAM, SUMATERA BARAT",1,7,121,128
https://kawalpemilu.org#13383,"PAGADIH, PALUPUH, AGAM, SUMATERA BARAT",2,17,114,131
https://kawalpemilu.org#13383,"PAGADIH, PALUPUH, AGAM, SUMATERA BARAT",3,24,130,154
https://kawalpemilu.org#13383,"PAGADIH, PALUPUH, AGAM, SUMATERA BARAT",4,19,61,80
https://kawalpemilu.org#13383,"PAGADIH, PALUPUH, AGAM, SUMATERA BARAT",5,16,145,161
https://kawalpemilu.org#13383,"PAGADIH, PALUPUH, AGAM, SUMATERA BARAT",6,12,123,135
https://kawalpemilu.org#13383,"PAGADIH, PALUPUH, AGAM, SUMATERA BARAT",7,19,51,70
https://kawalpemilu.org#13384,"NAN TUJUAH, PALUPUH, AGAM, SUMATERA BARAT",1,8,125,133
https://kawalpemilu.org#13384,"NAN TUJUAH, PALUPUH, AGAM, SUMATERA BARAT",2,13,128,141
https://kawalpemilu.org#13384,"NAN TUJUAH, PALUPUH, AGAM, SUMATERA BARAT",3,21,125,146
https://kawalpemilu.org#13384,"NAN TUJUAH, PALUPUH, AGAM, SUMATERA BARAT",4,34,139,173
https://kawalpemilu.org#13384,"NAN TUJUAH, PALUPUH, AGAM, SUMATERA BARAT",5,20,95,115
https://kawalpemilu.org#13384,"NAN TUJUAH, PALUPUH, AGAM, SUMATERA BARAT",6,1,109,110
https://kawalpemilu.org#13384,"NAN TUJUAH, PALUPUH, AGAM, SUMATERA BARAT",7,26,90,116
https://kawalpemilu.org#13384,"NAN TUJUAH, PALUPUH, AGAM, SUMATERA BARAT",9,7,140,147
https://kawalpemilu.org#13384,"NAN TUJUAH, PALUPUH, AGAM, SUMATERA BARAT",10,5,111,116
https://kawalpemilu.org#13384,"NAN TUJUAH, PALUPUH, AGAM, SUMATERA BARAT",11,11,101,112
https://kawalpemilu.org#13384,"NAN TUJUAH, PALUPUH, AGAM, SUMATERA BARAT",12,33,107,140
https://kawalpemilu.org#13384,"NAN TUJUAH, PALUPUH, AGAM, SUMATERA BARAT",13,12,72,84
https://kawalpemilu.org#13384,"NAN TUJUAH, PALUPUH, AGAM, SUMATERA BARAT",14,17,128,145
https://kawalpemilu.org#13384,"NAN TUJUAH, PALUPUH, AGAM, SUMATERA BARAT",15,15,112,127
https://kawalpemilu.org#13384,"NAN TUJUAH, PALUPUH, AGAM, SUMATERA BARAT",16,9,114,123
https://kawalpemilu.org#13384,"NAN TUJUAH, PALUPUH, AGAM, SUMATERA BARAT",17,22,118,140
https://kawalpemilu.org#13384,"NAN TUJUAH, PALUPUH, AGAM, SUMATERA BARAT",18,17,178,195
https://kawalpemilu.org#13384,"NAN TUJUAH, PALUPUH, AGAM, SUMATERA BARAT",19,9,122,131
https://kawalpemilu.org#13384,"NAN TUJUAH, PALUPUH, AGAM, SUMATERA BARAT",20,11,157,168
https://kawalpemilu.org#13384,"NAN TUJUAH, PALUPUH, AGAM, SUMATERA BARAT",21,12,107,119
https://kawalpemilu.org#13384,"NAN TUJUAH, PALUPUH, AGAM, SUMATERA BARAT",22,23,100,123
https://kawalpemilu.org#13384,"NAN TUJUAH, PALUPUH, AGAM, SUMATERA BARAT",23,7,106,113
https://kawalpemilu.org#13386,"BARINGIN, PELEMBAYAN, AGAM, SUMATERA BARAT",1,17,121,138
https://kawalpemilu.org#13386,"BARINGIN, PELEMBAYAN, AGAM, SUMATERA BARAT",2,10,164,174
https://kawalpemilu.org#13386,"BARINGIN, PELEMBAYAN, AGAM, SUMATERA BARAT",3,15,108,123
https://kawalpemilu.org#13386,"BARINGIN, PELEMBAYAN, AGAM, SUMATERA BARAT",4,19,110,129
https://kawalpemilu.org#13386,"BARINGIN, PELEMBAYAN, AGAM, SUMATERA BARAT",5,10,82,92
https://kawalpemilu.org#13386,"BARINGIN, PELEMBAYAN, AGAM, SUMATERA BARAT",6,50,158,208
https://kawalpemilu.org#13386,"BARINGIN, PELEMBAYAN, AGAM, SUMATERA BARAT",7,3,45,48
https://kawalpemilu.org#13386,"BARINGIN, PELEMBAYAN, AGAM, SUMATERA BARAT",8,22,125,147
https://kawalpemilu.org#13386,"BARINGIN, PELEMBAYAN, AGAM, SUMATERA BARAT",9,10,138,148
https://kawalpemilu.org#13386,"BARINGIN, PELEMBAYAN, AGAM, SUMATERA BARAT",10,15,126,141
https://kawalpemilu.org#13386,"BARINGIN, PELEMBAYAN, AGAM, SUMATERA BARAT",11,10,113,123
https://kawalpemilu.org#13387,"SIPINANG, PELEMBAYAN, AGAM, SUMATERA BARAT",1,16,181,197
https://kawalpemilu.org#13387,"SIPINANG, PELEMBAYAN, AGAM, SUMATERA BARAT",2,9,75,84
https://kawalpemilu.org#13387,"SIPINANG, PELEMBAYAN, AGAM, SUMATERA BARAT",4,16,181,197
https://kawalpemilu.org#13388,"SUNGAI PUAR, PELEMBAYAN, AGAM, SUMATERA BARAT",1,13,152,165
https://kawalpemilu.org#13388,"SUNGAI PUAR, PELEMBAYAN, AGAM, SUMATERA BARAT",2,33,122,155
https://kawalpemilu.org#13388,"SUNGAI PUAR, PELEMBAYAN, AGAM, SUMATERA BARAT",3,19,98,117
https://kawalpemilu.org#13388,"SUNGAI PUAR, PELEMBAYAN, AGAM, SUMATERA BARAT",4,23,125,148
https://kawalpemilu.org#13388,"SUNGAI PUAR, PELEMBAYAN, AGAM, SUMATERA BARAT",6,27,138,165
https://kawalpemilu.org#13388,"SUNGAI PUAR, PELEMBAYAN, AGAM, SUMATERA BARAT",7,7,66,73
https://kawalpemilu.org#13389,"IV KOTO PALEMBAYAN, PELEMBAYAN, AGAM, SUMATERA BARAT",1,10,79,89
https://kawalpemilu.org#13389,"IV KOTO PALEMBAYAN, PELEMBAYAN, AGAM, SUMATERA BARAT",2,11,148,159
https://kawalpemilu.org#13389,"IV KOTO PALEMBAYAN, PELEMBAYAN, AGAM, SUMATERA BARAT",3,31,147,178
https://kawalpemilu.org#13389,"IV KOTO PALEMBAYAN, PELEMBAYAN, AGAM, SUMATERA BARAT",4,21,154,175
https://kawalpemilu.org#13389,"IV KOTO PALEMBAYAN, PELEMBAYAN, AGAM, SUMATERA BARAT",5,36,90,126
https://kawalpemilu.org#13389,"IV KOTO PALEMBAYAN, PELEMBAYAN, AGAM, SUMATERA BARAT",6,27,135,162
https://kawalpemilu.org#13389,"IV KOTO PALEMBAYAN, PELEMBAYAN, AGAM, SUMATERA BARAT",7,10,132,142
https://kawalpemilu.org#13389,"IV KOTO PALEMBAYAN, PELEMBAYAN, AGAM, SUMATERA BARAT",8,0,0,0
https://kawalpemilu.org#13389,"IV KOTO PALEMBAYAN, PELEMBAYAN, AGAM, SUMATERA BARAT",9,12,35,47
https://kawalpemilu.org#13389,"IV KOTO PALEMBAYAN, PELEMBAYAN, AGAM, SUMATERA BARAT",10,20,144,164
https://kawalpemilu.org#13389,"IV KOTO PALEMBAYAN, PELEMBAYAN, AGAM, SUMATERA BARAT",11,23,100,123
https://kawalpemilu.org#13389,"IV KOTO PALEMBAYAN, PELEMBAYAN, AGAM, SUMATERA BARAT",12,18,139,157
https://kawalpemilu.org#13389,"IV KOTO PALEMBAYAN, PELEMBAYAN, AGAM, SUMATERA BARAT",13,24,119,143
https://kawalpemilu.org#13389,"IV KOTO PALEMBAYAN, PELEMBAYAN, AGAM, SUMATERA BARAT",15,25,155,180
https://kawalpemilu.org#13389,"IV KOTO PALEMBAYAN, PELEMBAYAN, AGAM, SUMATERA BARAT",16,14,137,151
https://kawalpemilu.org#13389,"IV KOTO PALEMBAYAN, PELEMBAYAN, AGAM, SUMATERA BARAT",17,14,102,116
https://kawalpemilu.org#13390,"TIGO KOTO SILUNGKANG, PELEMBAYAN, AGAM, SUMATERA BARAT",1,10,132,142
https://kawalpemilu.org#13390,"TIGO KOTO SILUNGKANG, PELEMBAYAN, AGAM, SUMATERA BARAT",2,4,139,143
https://kawalpemilu.org#13390,"TIGO KOTO SILUNGKANG, PELEMBAYAN, AGAM, SUMATERA BARAT",3,13,116,129
https://kawalpemilu.org#13390,"TIGO KOTO SILUNGKANG, PELEMBAYAN, AGAM, SUMATERA BARAT",4,10,156,166
https://kawalpemilu.org#13390,"TIGO KOTO SILUNGKANG, PELEMBAYAN, AGAM, SUMATERA BARAT",5,11,88,99
https://kawalpemilu.org#13390,"TIGO KOTO SILUNGKANG, PELEMBAYAN, AGAM, SUMATERA BARAT",6,15,112,127
https://kawalpemilu.org#13390,"TIGO KOTO SILUNGKANG, PELEMBAYAN, AGAM, SUMATERA BARAT",7,17,141,158
https://kawalpemilu.org#13390,"TIGO KOTO SILUNGKANG, PELEMBAYAN, AGAM, SUMATERA BARAT",8,6,108,114
https://kawalpemilu.org#13390,"TIGO KOTO SILUNGKANG, PELEMBAYAN, AGAM, SUMATERA BARAT",9,7,101,108
https://kawalpemilu.org#13390,"TIGO KOTO SILUNGKANG, PELEMBAYAN, AGAM, SUMATERA BARAT",10,9,85,94
https://kawalpemilu.org#13390,"TIGO KOTO SILUNGKANG, PELEMBAYAN, AGAM, SUMATERA BARAT",11,15,96,111
https://kawalpemilu.org#13390,"TIGO KOTO SILUNGKANG, PELEMBAYAN, AGAM, SUMATERA BARAT",12,28,112,140
https://kawalpemilu.org#13390,"TIGO KOTO SILUNGKANG, PELEMBAYAN, AGAM, SUMATERA BARAT",13,27,139,166
https://kawalpemilu.org#13390,"TIGO KOTO SILUNGKANG, PELEMBAYAN, AGAM, SUMATERA BARAT",14,27,191,218
https://kawalpemilu.org#13390,"TIGO KOTO SILUNGKANG, PELEMBAYAN, AGAM, SUMATERA BARAT",15,12,177,189
https://kawalpemilu.org#13390,"TIGO KOTO SILUNGKANG, PELEMBAYAN, AGAM, SUMATERA BARAT",16,10,159,169
https://kawalpemilu.org#13390,"TIGO KOTO SILUNGKANG, PELEMBAYAN, AGAM, SUMATERA BARAT",17,21,149,170
https://kawalpemilu.org#13390,"TIGO KOTO SILUNGKANG, PELEMBAYAN, AGAM, SUMATERA BARAT",18,5,82,87
https://kawalpemilu.org#13390,"TIGO KOTO SILUNGKANG, PELEMBAYAN, AGAM, SUMATERA BARAT",19,17,142,159
https://kawalpemilu.org#13390,"TIGO KOTO SILUNGKANG, PELEMBAYAN, AGAM, SUMATERA BARAT",20,11,98,109
https://kawalpemilu.org#13390,"TIGO KOTO SILUNGKANG, PELEMBAYAN, AGAM, SUMATERA BARAT",21,8,169,177
https://kawalpemilu.org#13390,"TIGO KOTO SILUNGKANG, PELEMBAYAN, AGAM, SUMATERA BARAT",22,18,124,142
https://kawalpemilu.org#13390,"TIGO KOTO SILUNGKANG, PELEMBAYAN, AGAM, SUMATERA BARAT",23,14,149,163
https://kawalpemilu.org#13390,"TIGO KOTO SILUNGKANG, PELEMBAYAN, AGAM, SUMATERA BARAT",24,4,110,114
https://kawalpemilu.org#13390,"TIGO KOTO SILUNGKANG, PELEMBAYAN, AGAM, SUMATERA BARAT",25,10,109,119
https://kawalpemilu.org#13390,"TIGO KOTO SILUNGKANG, PELEMBAYAN, AGAM, SUMATERA BARAT",26,20,150,170
https://kawalpemilu.org#13390,"TIGO KOTO SILUNGKANG, PELEMBAYAN, AGAM, SUMATERA BARAT",27,14,135,149
https://kawalpemilu.org#13390,"TIGO KOTO SILUNGKANG, PELEMBAYAN, AGAM, SUMATERA BARAT",28,6,47,53
https://kawalpemilu.org#13391,"SALAREH AIA, PELEMBAYAN, AGAM, SUMATERA BARAT",1,43,104,147
https://kawalpemilu.org#13391,"SALAREH AIA, PELEMBAYAN, AGAM, SUMATERA BARAT",3,16,133,149
https://kawalpemilu.org#13391,"SALAREH AIA, PELEMBAYAN, AGAM, SUMATERA BARAT",4,11,197,208
https://kawalpemilu.org#13391,"SALAREH AIA, PELEMBAYAN, AGAM, SUMATERA BARAT",5,19,192,211
https://kawalpemilu.org#13391,"SALAREH AIA, PELEMBAYAN, AGAM, SUMATERA BARAT",6,9,212,221
https://kawalpemilu.org#13391,"SALAREH AIA, PELEMBAYAN, AGAM, SUMATERA BARAT",7,11,218,229
https://kawalpemilu.org#13391,"SALAREH AIA, PELEMBAYAN, AGAM, SUMATERA BARAT",9,45,182,227
https://kawalpemilu.org#13391,"SALAREH AIA, PELEMBAYAN, AGAM, SUMATERA BARAT",10,18,151,169
https://kawalpemilu.org#13391,"SALAREH AIA, PELEMBAYAN, AGAM, SUMATERA BARAT",12,22,130,152
https://kawalpemilu.org#13391,"SALAREH AIA, PELEMBAYAN, AGAM, SUMATERA BARAT",13,12,147,159
https://kawalpemilu.org#13391,"SALAREH AIA, PELEMBAYAN, AGAM, SUMATERA BARAT",14,11,123,134
https://kawalpemilu.org#13391,"SALAREH AIA, PELEMBAYAN, AGAM, SUMATERA BARAT",15,18,135,153
https://kawalpemilu.org#13391,"SALAREH AIA, PELEMBAYAN, AGAM, SUMATERA BARAT",16,12,181,193
https://kawalpemilu.org#13391,"SALAREH AIA, PELEMBAYAN, AGAM, SUMATERA BARAT",17,18,125,143
https://kawalpemilu.org#13391,"SALAREH AIA, PELEMBAYAN, AGAM, SUMATERA BARAT",18,16,122,138
https://kawalpemilu.org#13391,"SALAREH AIA, PELEMBAYAN, AGAM, SUMATERA BARAT",19,23,102,125
https://kawalpemilu.org#13391,"SALAREH AIA, PELEMBAYAN, AGAM, SUMATERA BARAT",20,9,134,143
https://kawalpemilu.org#13391,"SALAREH AIA, PELEMBAYAN, AGAM, SUMATERA BARAT",21,8,116,124
https://kawalpemilu.org#13391,"SALAREH AIA, PELEMBAYAN, AGAM, SUMATERA BARAT",22,14,87,101
https://kawalpemilu.org#13391,"SALAREH AIA, PELEMBAYAN, AGAM, SUMATERA BARAT",23,13,154,167
https://kawalpemilu.org#13391,"SALAREH AIA, PELEMBAYAN, AGAM, SUMATERA BARAT",24,31,121,152
https://kawalpemilu.org#13391,"SALAREH AIA, PELEMBAYAN, AGAM, SUMATERA BARAT",25,8,134,142
https://kawalpemilu.org#13391,"SALAREH AIA, PELEMBAYAN, AGAM, SUMATERA BARAT",26,18,124,142
https://kawalpemilu.org#13391,"SALAREH AIA, PELEMBAYAN, AGAM, SUMATERA BARAT",27,18,165,183
https://kawalpemilu.org#13391,"SALAREH AIA, PELEMBAYAN, AGAM, SUMATERA BARAT",28,0,0,0
https://kawalpemilu.org#13391,"SALAREH AIA, PELEMBAYAN, AGAM, SUMATERA BARAT",29,3,123,126
https://kawalpemilu.org#13391,"SALAREH AIA, PELEMBAYAN, AGAM, SUMATERA BARAT",30,12,174,186
https://kawalpemilu.org#13391,"SALAREH AIA, PELEMBAYAN, AGAM, SUMATERA BARAT",31,19,190,209
https://kawalpemilu.org#13391,"SALAREH AIA, PELEMBAYAN, AGAM, SUMATERA BARAT",32,7,111,118
https://kawalpemilu.org#13391,"SALAREH AIA, PELEMBAYAN, AGAM, SUMATERA BARAT",33,24,205,229
https://kawalpemilu.org#13391,"SALAREH AIA, PELEMBAYAN, AGAM, SUMATERA BARAT",34,6,102,108
https://kawalpemilu.org#13391,"SALAREH AIA, PELEMBAYAN, AGAM, SUMATERA BARAT",35,30,136,166
https://kawalpemilu.org#13391,"SALAREH AIA, PELEMBAYAN, AGAM, SUMATERA BARAT",36,7,128,135
https://kawalpemilu.org#13391,"SALAREH AIA, PELEMBAYAN, AGAM, SUMATERA BARAT",37,12,139,151
https://kawalpemilu.org#13391,"SALAREH AIA, PELEMBAYAN, AGAM, SUMATERA BARAT",38,23,175,198
https://kawalpemilu.org#13391,"SALAREH AIA, PELEMBAYAN, AGAM, SUMATERA BARAT",39,9,88,97
https://kawalpemilu.org#13391,"SALAREH AIA, PELEMBAYAN, AGAM, SUMATERA BARAT",40,10,119,129
https://kawalpemilu.org#13391,"SALAREH AIA, PELEMBAYAN, AGAM, SUMATERA BARAT",41,21,141,162
https://kawalpemilu.org#13391,"SALAREH AIA, PELEMBAYAN, AGAM, SUMATERA BARAT",42,3,96,99
https://kawalpemilu.org#13391,"SALAREH AIA, PELEMBAYAN, AGAM, SUMATERA BARAT",43,10,141,151
https://kawalpemilu.org#13391,"SALAREH AIA, PELEMBAYAN, AGAM, SUMATERA BARAT",44,5,87,92
https://kawalpemilu.org#13391,"SALAREH AIA, PELEMBAYAN, AGAM, SUMATERA BARAT",45,11,148,159
https://kawalpemilu.org#13393,"PADANG LAWEH, SUNGAI PUA, AGAM, SUMATERA BARAT",1,28,161,189
https://kawalpemilu.org#13393,"PADANG LAWEH, SUNGAI PUA, AGAM, SUMATERA BARAT",2,15,159,174
https://kawalpemilu.org#13393,"PADANG LAWEH, SUNGAI PUA, AGAM, SUMATERA BARAT",3,6,160,166
https://kawalpemilu.org#13393,"PADANG LAWEH, SUNGAI PUA, AGAM, SUMATERA BARAT",4,8,117,125
https://kawalpemilu.org#13393,"PADANG LAWEH, SUNGAI PUA, AGAM, SUMATERA BARAT",5,11,175,186
https://kawalpemilu.org#13393,"PADANG LAWEH, SUNGAI PUA, AGAM, SUMATERA BARAT",6,20,186,206
https://kawalpemilu.org#13393,"PADANG LAWEH, SUNGAI PUA, AGAM, SUMATERA BARAT",7,10,117,127
https://kawalpemilu.org#13393,"PADANG LAWEH, SUNGAI PUA, AGAM, SUMATERA BARAT",8,17,138,155
https://kawalpemilu.org#13393,"PADANG LAWEH, SUNGAI PUA, AGAM, SUMATERA BARAT",9,9,141,150
https://kawalpemilu.org#13393,"PADANG LAWEH, SUNGAI PUA, AGAM, SUMATERA BARAT",10,6,196,202
https://kawalpemilu.org#13393,"PADANG LAWEH, SUNGAI PUA, AGAM, SUMATERA BARAT",11,11,192,203
https://kawalpemilu.org#13394,"SUNGAI PUA, SUNGAI PUA, AGAM, SUMATERA BARAT",1,15,185,200
https://kawalpemilu.org#13394,"SUNGAI PUA, SUNGAI PUA, AGAM, SUMATERA BARAT",2,29,169,198
https://kawalpemilu.org#13394,"SUNGAI PUA, SUNGAI PUA, AGAM, SUMATERA BARAT",3,21,160,181
https://kawalpemilu.org#13394,"SUNGAI PUA, SUNGAI PUA, AGAM, SUMATERA BARAT",4,16,159,175
https://kawalpemilu.org#13394,"SUNGAI PUA, SUNGAI PUA, AGAM, SUMATERA BARAT",5,13,178,191
https://kawalpemilu.org#13394,"SUNGAI PUA, SUNGAI PUA, AGAM, SUMATERA BARAT",6,16,185,201
https://kawalpemilu.org#13394,"SUNGAI PUA, SUNGAI PUA, AGAM, SUMATERA BARAT",7,11,186,197
https://kawalpemilu.org#13394,"SUNGAI PUA, SUNGAI PUA, AGAM, SUMATERA BARAT",8,9,133,142
https://kawalpemilu.org#13394,"SUNGAI PUA, SUNGAI PUA, AGAM, SUMATERA BARAT",9,22,178,200
https://kawalpemilu.org#13394,"SUNGAI PUA, SUNGAI PUA, AGAM, SUMATERA BARAT",10,12,156,168
https://kawalpemilu.org#13394,"SUNGAI PUA, SUNGAI PUA, AGAM, SUMATERA BARAT",11,19,187,206
https://kawalpemilu.org#13394,"SUNGAI PUA, SUNGAI PUA, AGAM, SUMATERA BARAT",12,16,202,218
https://kawalpemilu.org#13394,"SUNGAI PUA, SUNGAI PUA, AGAM, SUMATERA BARAT",13,18,106,124
https://kawalpemilu.org#13394,"SUNGAI PUA, SUNGAI PUA, AGAM, SUMATERA BARAT",14,10,113,123
https://kawalpemilu.org#13394,"SUNGAI PUA, SUNGAI PUA, AGAM, SUMATERA BARAT",15,11,199,210
https://kawalpemilu.org#13394,"SUNGAI PUA, SUNGAI PUA, AGAM, SUMATERA BARAT",16,11,161,172
https://kawalpemilu.org#13394,"SUNGAI PUA, SUNGAI PUA, AGAM, SUMATERA BARAT",17,16,137,153
https://kawalpemilu.org#13394,"SUNGAI PUA, SUNGAI PUA, AGAM, SUMATERA BARAT",18,15,118,133
https://kawalpemilu.org#13394,"SUNGAI PUA, SUNGAI PUA, AGAM, SUMATERA BARAT",19,8,187,195
https://kawalpemilu.org#13394,"SUNGAI PUA, SUNGAI PUA, AGAM, SUMATERA BARAT",20,13,168,181
https://kawalpemilu.org#13394,"SUNGAI PUA, SUNGAI PUA, AGAM, SUMATERA BARAT",21,10,107,117
https://kawalpemilu.org#13394,"SUNGAI PUA, SUNGAI PUA, AGAM, SUMATERA BARAT",22,12,128,140
https://kawalpemilu.org#13394,"SUNGAI PUA, SUNGAI PUA, AGAM, SUMATERA BARAT",23,1,99,100
https://kawalpemilu.org#13394,"SUNGAI PUA, SUNGAI PUA, AGAM, SUMATERA BARAT",24,11,155,166
https://kawalpemilu.org#13394,"SUNGAI PUA, SUNGAI PUA, AGAM, SUMATERA BARAT",25,20,168,188
https://kawalpemilu.org#13394,"SUNGAI PUA, SUNGAI PUA, AGAM, SUMATERA BARAT",26,11,165,176
https://kawalpemilu.org#13394,"SUNGAI PUA, SUNGAI PUA, AGAM, SUMATERA BARAT",27,2,135,137
https://kawalpemilu.org#13394,"SUNGAI PUA, SUNGAI PUA, AGAM, SUMATERA BARAT",28,6,193,199
https://kawalpemilu.org#13394,"SUNGAI PUA, SUNGAI PUA, AGAM, SUMATERA BARAT",29,19,169,188
https://kawalpemilu.org#13394,"SUNGAI PUA, SUNGAI PUA, AGAM, SUMATERA BARAT",30,14,119,133
https://kawalpemilu.org#13394,"SUNGAI PUA, SUNGAI PUA, AGAM, SUMATERA BARAT",31,10,135,145
https://kawalpemilu.org#13394,"SUNGAI PUA, SUNGAI PUA, AGAM, SUMATERA BARAT",32,10,150,160
https://kawalpemilu.org#13394,"SUNGAI PUA, SUNGAI PUA, AGAM, SUMATERA BARAT",33,17,194,211
https://kawalpemilu.org#13394,"SUNGAI PUA, SUNGAI PUA, AGAM, SUMATERA BARAT",34,15,189,204
https://kawalpemilu.org#13394,"SUNGAI PUA, SUNGAI PUA, AGAM, SUMATERA BARAT",35,12,153,165
https://kawalpemilu.org#13394,"SUNGAI PUA, SUNGAI PUA, AGAM, SUMATERA BARAT",36,11,129,140
https://kawalpemilu.org#13394,"SUNGAI PUA, SUNGAI PUA, AGAM, SUMATERA BARAT",37,11,146,157
https://kawalpemilu.org#13394,"SUNGAI PUA, SUNGAI PUA, AGAM, SUMATERA BARAT",38,12,132,144
https://kawalpemilu.org#13394,"SUNGAI PUA, SUNGAI PUA, AGAM, SUMATERA BARAT",39,10,145,155
https://kawalpemilu.org#13394,"SUNGAI PUA, SUNGAI PUA, AGAM, SUMATERA BARAT",40,7,166,173
https://kawalpemilu.org#13394,"SUNGAI PUA, SUNGAI PUA, AGAM, SUMATERA BARAT",41,4,60,64
https://kawalpemilu.org#13394,"SUNGAI PUA, SUNGAI PUA, AGAM, SUMATERA BARAT",42,10,64,74
https://kawalpemilu.org#13395,"BATAGAK, SUNGAI PUA, AGAM, SUMATERA BARAT",1,14,155,169
https://kawalpemilu.org#13395,"BATAGAK, SUNGAI PUA, AGAM, SUMATERA BARAT",2,8,113,121
https://kawalpemilu.org#13395,"BATAGAK, SUNGAI PUA, AGAM, SUMATERA BARAT",3,10,162,172
https://kawalpemilu.org#13395,"BATAGAK, SUNGAI PUA, AGAM, SUMATERA BARAT",4,12,153,165
https://kawalpemilu.org#13395,"BATAGAK, SUNGAI PUA, AGAM, SUMATERA BARAT",5,7,109,116
https://kawalpemilu.org#13395,"BATAGAK, SUNGAI PUA, AGAM, SUMATERA BARAT",6,12,144,156
https://kawalpemilu.org#13395,"BATAGAK, SUNGAI PUA, AGAM, SUMATERA BARAT",7,13,199,212
https://kawalpemilu.org#13395,"BATAGAK, SUNGAI PUA, AGAM, SUMATERA BARAT",8,12,133,145
https://kawalpemilu.org#13395,"BATAGAK, SUNGAI PUA, AGAM, SUMATERA BARAT",9,22,183,205
https://kawalpemilu.org#13395,"BATAGAK, SUNGAI PUA, AGAM, SUMATERA BARAT",10,16,190,206
https://kawalpemilu.org#13395,"BATAGAK, SUNGAI PUA, AGAM, SUMATERA BARAT",11,15,122,137
https://kawalpemilu.org#13395,"BATAGAK, SUNGAI PUA, AGAM, SUMATERA BARAT",12,2,156,158
https://kawalpemilu.org#13396,"BATU PALANO, SUNGAI PUA, AGAM, SUMATERA BARAT",1,20,206,226
https://kawalpemilu.org#13396,"BATU PALANO, SUNGAI PUA, AGAM, SUMATERA BARAT",2,18,170,188
https://kawalpemilu.org#13396,"BATU PALANO, SUNGAI PUA, AGAM, SUMATERA BARAT",3,15,101,116
https://kawalpemilu.org#13396,"BATU PALANO, SUNGAI PUA, AGAM, SUMATERA BARAT",4,20,136,156
https://kawalpemilu.org#13396,"BATU PALANO, SUNGAI PUA, AGAM, SUMATERA BARAT",5,2,174,176
https://kawalpemilu.org#13396,"BATU PALANO, SUNGAI PUA, AGAM, SUMATERA BARAT",6,19,138,157
https://kawalpemilu.org#13396,"BATU PALANO, SUNGAI PUA, AGAM, SUMATERA BARAT",7,27,128,155
https://kawalpemilu.org#13396,"BATU PALANO, SUNGAI PUA, AGAM, SUMATERA BARAT",8,17,197,214
https://kawalpemilu.org#13396,"BATU PALANO, SUNGAI PUA, AGAM, SUMATERA BARAT",9,14,102,116
https://kawalpemilu.org#13397,"SARIAK, SUNGAI PUA, AGAM, SUMATERA BARAT",1,22,172,194
https://kawalpemilu.org#13397,"SARIAK, SUNGAI PUA, AGAM, SUMATERA BARAT",2,38,176,214
https://kawalpemilu.org#13397,"SARIAK, SUNGAI PUA, AGAM, SUMATERA BARAT",3,41,173,214
https://kawalpemilu.org#13397,"SARIAK, SUNGAI PUA, AGAM, SUMATERA BARAT",4,14,128,142
https://kawalpemilu.org#13397,"SARIAK, SUNGAI PUA, AGAM, SUMATERA BARAT",5,30,143,173
https://kawalpemilu.org#13397,"SARIAK, SUNGAI PUA, AGAM, SUMATERA BARAT",6,23,154,172
https://kawalpemilu.org#13399,"BATU KAMBING, AMPEK NAGARI, AGAM, SUMATERA BARAT",1,14,202,216
https://kawalpemilu.org#13399,"BATU KAMBING, AMPEK NAGARI, AGAM, SUMATERA BARAT",2,17,193,210
https://kawalpemilu.org#13399,"BATU KAMBING, AMPEK NAGARI, AGAM, SUMATERA BARAT",3,19,216,235
https://kawalpemilu.org#13399,"BATU KAMBING, AMPEK NAGARI, AGAM, SUMATERA BARAT",4,22,199,221
https://kawalpemilu.org#13399,"BATU KAMBING, AMPEK NAGARI, AGAM, SUMATERA BARAT",5,21,191,212
https://kawalpemilu.org#13399,"BATU KAMBING, AMPEK NAGARI, AGAM, SUMATERA BARAT",6,12,178,190
https://kawalpemilu.org#13399,"BATU KAMBING, AMPEK NAGARI, AGAM, SUMATERA BARAT",7,6,188,194
https://kawalpemilu.org#13399,"BATU KAMBING, AMPEK NAGARI, AGAM, SUMATERA BARAT",8,8,110,118
https://kawalpemilu.org#13399,"BATU KAMBING, AMPEK NAGARI, AGAM, SUMATERA BARAT",9,14,112,126
https://kawalpemilu.org#13399,"BATU KAMBING, AMPEK NAGARI, AGAM, SUMATERA BARAT",10,13,196,209
https://kawalpemilu.org#13399,"BATU KAMBING, AMPEK NAGARI, AGAM, SUMATERA BARAT",11,16,123,139
https://kawalpemilu.org#13399,"BATU KAMBING, AMPEK NAGARI, AGAM, SUMATERA BARAT",12,2,136,138
https://kawalpemilu.org#13400,"SITALANG, AMPEK NAGARI, AGAM, SUMATERA BARAT",1,12,211,223
https://kawalpemilu.org#13400,"SITALANG, AMPEK NAGARI, AGAM, SUMATERA BARAT",2,9,195,204
https://kawalpemilu.org#13400,"SITALANG, AMPEK NAGARI, AGAM, SUMATERA BARAT",3,14,179,193
https://kawalpemilu.org#13400,"SITALANG, AMPEK NAGARI, AGAM, SUMATERA BARAT",4,14,124,138
https://kawalpemilu.org#13400,"SITALANG, AMPEK NAGARI, AGAM, SUMATERA BARAT",5,11,128,139
https://kawalpemilu.org#13400,"SITALANG, AMPEK NAGARI, AGAM, SUMATERA BARAT",6,7,87,94
https://kawalpemilu.org#13400,"SITALANG, AMPEK NAGARI, AGAM, SUMATERA BARAT",7,14,120,134
https://kawalpemilu.org#13400,"SITALANG, AMPEK NAGARI, AGAM, SUMATERA BARAT",8,5,131,136
https://kawalpemilu.org#13400,"SITALANG, AMPEK NAGARI, AGAM, SUMATERA BARAT",9,4,133,137
https://kawalpemilu.org#13401,"SITANANG, AMPEK NAGARI, AGAM, SUMATERA BARAT",1,15,140,155
https://kawalpemilu.org#13401,"SITANANG, AMPEK NAGARI, AGAM, SUMATERA BARAT",2,20,127,147
https://kawalpemilu.org#13401,"SITANANG, AMPEK NAGARI, AGAM, SUMATERA BARAT",3,2,156,158
https://kawalpemilu.org#13401,"SITANANG, AMPEK NAGARI, AGAM, SUMATERA BARAT",4,12,171,183
https://kawalpemilu.org#13401,"SITANANG, AMPEK NAGARI, AGAM, SUMATERA BARAT",5,15,132,147
https://kawalpemilu.org#13401,"SITANANG, AMPEK NAGARI, AGAM, SUMATERA BARAT",6,22,173,195
https://kawalpemilu.org#13401,"SITANANG, AMPEK NAGARI, AGAM, SUMATERA BARAT",7,35,109,144
https://kawalpemilu.org#13402,"BAWAN, AMPEK NAGARI, AGAM, SUMATERA BARAT",1,10,173,183
https://kawalpemilu.org#13402,"BAWAN, AMPEK NAGARI, AGAM, SUMATERA BARAT",2,14,90,104
https://kawalpemilu.org#13402,"BAWAN, AMPEK NAGARI, AGAM, SUMATERA BARAT",3,13,120,133
https://kawalpemilu.org#13402,"BAWAN, AMPEK NAGARI, AGAM, SUMATERA BARAT",4,25,119,144
https://kawalpemilu.org#13402,"BAWAN, AMPEK NAGARI, AGAM, SUMATERA BARAT",5,19,122,141
https://kawalpemilu.org#13402,"BAWAN, AMPEK NAGARI, AGAM, SUMATERA BARAT",6,17,150,167
https://kawalpemilu.org#13402,"BAWAN, AMPEK NAGARI, AGAM, SUMATERA BARAT",7,13,108,121
https://kawalpemilu.org#13402,"BAWAN, AMPEK NAGARI, AGAM, SUMATERA BARAT",8,13,94,107
https://kawalpemilu.org#13402,"BAWAN, AMPEK NAGARI, AGAM, SUMATERA BARAT",9,10,83,93
https://kawalpemilu.org#13402,"BAWAN, AMPEK NAGARI, AGAM, SUMATERA BARAT",10,22,185,207
https://kawalpemilu.org#13402,"BAWAN, AMPEK NAGARI, AGAM, SUMATERA BARAT",11,29,168,197
https://kawalpemilu.org#13402,"BAWAN, AMPEK NAGARI, AGAM, SUMATERA BARAT",12,15,192,207
https://kawalpemilu.org#13402,"BAWAN, AMPEK NAGARI, AGAM, SUMATERA BARAT",13,14,104,118
https://kawalpemilu.org#13402,"BAWAN, AMPEK NAGARI, AGAM, SUMATERA BARAT",14,18,106,124
https://kawalpemilu.org#13402,"BAWAN, AMPEK NAGARI, AGAM, SUMATERA BARAT",15,20,169,189
https://kawalpemilu.org#13402,"BAWAN, AMPEK NAGARI, AGAM, SUMATERA BARAT",16,11,125,136
https://kawalpemilu.org#13402,"BAWAN, AMPEK NAGARI, AGAM, SUMATERA BARAT",17,9,96,105
https://kawalpemilu.org#13402,"BAWAN, AMPEK NAGARI, AGAM, SUMATERA BARAT",18,19,174,193
https://kawalpemilu.org#13402,"BAWAN, AMPEK NAGARI, AGAM, SUMATERA BARAT",19,12,154,166
https://kawalpemilu.org#13402,"BAWAN, AMPEK NAGARI, AGAM, SUMATERA BARAT",20,12,154,166
https://kawalpemilu.org#13402,"BAWAN, AMPEK NAGARI, AGAM, SUMATERA BARAT",21,18,151,169
https://kawalpemilu.org#13402,"BAWAN, AMPEK NAGARI, AGAM, SUMATERA BARAT",22,16,151,167
https://kawalpemilu.org#13402,"BAWAN, AMPEK NAGARI, AGAM, SUMATERA BARAT",23,18,116,134
https://kawalpemilu.org#13402,"BAWAN, AMPEK NAGARI, AGAM, SUMATERA BARAT",24,18,158,176
https://kawalpemilu.org#13402,"BAWAN, AMPEK NAGARI, AGAM, SUMATERA BARAT",25,5,178,183
https://kawalpemilu.org#13402,"BAWAN, AMPEK NAGARI, AGAM, SUMATERA BARAT",26,14,175,189
https://kawalpemilu.org#13402,"BAWAN, AMPEK NAGARI, AGAM, SUMATERA BARAT",27,2,139,141
https://kawalpemilu.org#13402,"BAWAN, AMPEK NAGARI, AGAM, SUMATERA BARAT",28,17,162,179
https://kawalpemilu.org#13402,"BAWAN, AMPEK NAGARI, AGAM, SUMATERA BARAT",29,123,55,185
https://kawalpemilu.org#13402,"BAWAN, AMPEK NAGARI, AGAM, SUMATERA BARAT",30,96,100,196
https://kawalpemilu.org#13402,"BAWAN, AMPEK NAGARI, AGAM, SUMATERA BARAT",31,93,20,113
https://kawalpemilu.org#13402,"BAWAN, AMPEK NAGARI, AGAM, SUMATERA BARAT",32,9,158,167
https://kawalpemilu.org#13402,"BAWAN, AMPEK NAGARI, AGAM, SUMATERA BARAT",33,14,111,125
https://kawalpemilu.org#13402,"BAWAN, AMPEK NAGARI, AGAM, SUMATERA BARAT",34,8,170,178
https://kawalpemilu.org#13402,"BAWAN, AMPEK NAGARI, AGAM, SUMATERA BARAT",35,10,163,173
https://kawalpemilu.org#13402,"BAWAN, AMPEK NAGARI, AGAM, SUMATERA BARAT",36,19,195,214
https://kawalpemilu.org#13402,"BAWAN, AMPEK NAGARI, AGAM, SUMATERA BARAT",37,12,175,187
https://kawalpemilu.org#13402,"BAWAN, AMPEK NAGARI, AGAM, SUMATERA BARAT",38,7,133,140
https://kawalpemilu.org#13402,"BAWAN, AMPEK NAGARI, AGAM, SUMATERA BARAT",39,9,116,125
https://kawalpemilu.org#13402,"BAWAN, AMPEK NAGARI, AGAM, SUMATERA BARAT",40,24,86,110
https://kawalpemilu.org#13402,"BAWAN, AMPEK NAGARI, AGAM, SUMATERA BARAT",41,31,128,159
https://kawalpemilu.org#13402,"BAWAN, AMPEK NAGARI, AGAM, SUMATERA BARAT",42,18,95,113
https://kawalpemilu.org#13402,"BAWAN, AMPEK NAGARI, AGAM, SUMATERA BARAT",43,18,115,133
https://kawalpemilu.org#13402,"BAWAN, AMPEK NAGARI, AGAM, SUMATERA BARAT",44,22,88,110
https://kawalpemilu.org#13402,"BAWAN, AMPEK NAGARI, AGAM, SUMATERA BARAT",45,15,127,4
https://kawalpemilu.org#13402,"BAWAN, AMPEK NAGARI, AGAM, SUMATERA BARAT",46,12,163,175
https://kawalpemilu.org#13402,"BAWAN, AMPEK NAGARI, AGAM, SUMATERA BARAT",47,8,127,135
https://kawalpemilu.org#13402,"BAWAN, AMPEK NAGARI, AGAM, SUMATERA BARAT",48,6,115,121
https://kawalpemilu.org#13402,"BAWAN, AMPEK NAGARI, AGAM, SUMATERA BARAT",49,18,116,134
https://kawalpemilu.org#13402,"BAWAN, AMPEK NAGARI, AGAM, SUMATERA BARAT",50,6,138,144
https://kawalpemilu.org#13402,"BAWAN, AMPEK NAGARI, AGAM, SUMATERA BARAT",51,20,181,201
https://kawalpemilu.org#13402,"BAWAN, AMPEK NAGARI, AGAM, SUMATERA BARAT",52,16,155,171
https://kawalpemilu.org#13404,"CANDUANG KOTO LAWEH, CANDUNG, AGAM, SUMATERA BARAT",1,16,103,119
https://kawalpemilu.org#13404,"CANDUANG KOTO LAWEH, CANDUNG, AGAM, SUMATERA BARAT",2,13,95,108
https://kawalpemilu.org#13404,"CANDUANG KOTO LAWEH, CANDUNG, AGAM, SUMATERA BARAT",3,6,117,123
https://kawalpemilu.org#13404,"CANDUANG KOTO LAWEH, CANDUNG, AGAM, SUMATERA BARAT",4,23,143,166
https://kawalpemilu.org#13404,"CANDUANG KOTO LAWEH, CANDUNG, AGAM, SUMATERA BARAT",5,8,65,73
https://kawalpemilu.org#13404,"CANDUANG KOTO LAWEH, CANDUNG, AGAM, SUMATERA BARAT",6,19,111,130
https://kawalpemilu.org#13404,"CANDUANG KOTO LAWEH, CANDUNG, AGAM, SUMATERA BARAT",7,2,111,113
https://kawalpemilu.org#13404,"CANDUANG KOTO LAWEH, CANDUNG, AGAM, SUMATERA BARAT",8,8,128,136
https://kawalpemilu.org#13404,"CANDUANG KOTO LAWEH, CANDUNG, AGAM, SUMATERA BARAT",9,20,158,178
https://kawalpemilu.org#13404,"CANDUANG KOTO LAWEH, CANDUNG, AGAM, SUMATERA BARAT",10,10,192,202
https://kawalpemilu.org#13404,"CANDUANG KOTO LAWEH, CANDUNG, AGAM, SUMATERA BARAT",11,18,192,210
https://kawalpemilu.org#13404,"CANDUANG KOTO LAWEH, CANDUNG, AGAM, SUMATERA BARAT",12,4,161,165
https://kawalpemilu.org#13404,"CANDUANG KOTO LAWEH, CANDUNG, AGAM, SUMATERA BARAT",13,24,139,163
https://kawalpemilu.org#13404,"CANDUANG KOTO LAWEH, CANDUNG, AGAM, SUMATERA BARAT",14,23,143,166
https://kawalpemilu.org#13404,"CANDUANG KOTO LAWEH, CANDUNG, AGAM, SUMATERA BARAT",15,16,194,210
https://kawalpemilu.org#13404,"CANDUANG KOTO LAWEH, CANDUNG, AGAM, SUMATERA BARAT",16,25,146,171
https://kawalpemilu.org#13404,"CANDUANG KOTO LAWEH, CANDUNG, AGAM, SUMATERA BARAT",17,8,165,173
https://kawalpemilu.org#13404,"CANDUANG KOTO LAWEH, CANDUNG, AGAM, SUMATERA BARAT",18,22,170,192
https://kawalpemilu.org#13404,"CANDUANG KOTO LAWEH, CANDUNG, AGAM, SUMATERA BARAT",19,19,155,174
https://kawalpemilu.org#13404,"CANDUANG KOTO LAWEH, CANDUNG, AGAM, SUMATERA BARAT",20,14,150,164
https://kawalpemilu.org#13404,"CANDUANG KOTO LAWEH, CANDUNG, AGAM, SUMATERA BARAT",21,19,155,174
https://kawalpemilu.org#13404,"CANDUANG KOTO LAWEH, CANDUNG, AGAM, SUMATERA BARAT",22,19,150,169
https://kawalpemilu.org#13404,"CANDUANG KOTO LAWEH, CANDUNG, AGAM, SUMATERA BARAT",23,21,168,189
https://kawalpemilu.org#13404,"CANDUANG KOTO LAWEH, CANDUNG, AGAM, SUMATERA BARAT",24,11,116,127
https://kawalpemilu.org#13404,"CANDUANG KOTO LAWEH, CANDUNG, AGAM, SUMATERA BARAT",25,13,126,139
https://kawalpemilu.org#13404,"CANDUANG KOTO LAWEH, CANDUNG, AGAM, SUMATERA BARAT",26,19,111,130
https://kawalpemilu.org#13404,"CANDUANG KOTO LAWEH, CANDUNG, AGAM, SUMATERA BARAT",27,5,126,131
https://kawalpemilu.org#13404,"CANDUANG KOTO LAWEH, CANDUNG, AGAM, SUMATERA BARAT",28,27,147,174
https://kawalpemilu.org#13404,"CANDUANG KOTO LAWEH, CANDUNG, AGAM, SUMATERA BARAT",29,21,168,189
https://kawalpemilu.org#13404,"CANDUANG KOTO LAWEH, CANDUNG, AGAM, SUMATERA BARAT",30,24,186,210
https://kawalpemilu.org#13404,"CANDUANG KOTO LAWEH, CANDUNG, AGAM, SUMATERA BARAT",31,17,105,122
https://kawalpemilu.org#13404,"CANDUANG KOTO LAWEH, CANDUNG, AGAM, SUMATERA BARAT",32,12,120,132
https://kawalpemilu.org#13404,"CANDUANG KOTO LAWEH, CANDUNG, AGAM, SUMATERA BARAT",33,15,91,106
https://kawalpemilu.org#13404,"CANDUANG KOTO LAWEH, CANDUNG, AGAM, SUMATERA BARAT",34,10,106,116
https://kawalpemilu.org#13405,"LASI, CANDUNG, AGAM, SUMATERA BARAT",1,16,118,134
https://kawalpemilu.org#13405,"LASI, CANDUNG, AGAM, SUMATERA BARAT",3,19,163,182
https://kawalpemilu.org#13405,"LASI, CANDUNG, AGAM, SUMATERA BARAT",4,7,130,137
https://kawalpemilu.org#13405,"LASI, CANDUNG, AGAM, SUMATERA BARAT",5,17,178,195
https://kawalpemilu.org#13405,"LASI, CANDUNG, AGAM, SUMATERA BARAT",6,19,156,175
https://kawalpemilu.org#13405,"LASI, CANDUNG, AGAM, SUMATERA BARAT",7,27,141,168
https://kawalpemilu.org#13405,"LASI, CANDUNG, AGAM, SUMATERA BARAT",8,13,135,148
https://kawalpemilu.org#13405,"LASI, CANDUNG, AGAM, SUMATERA BARAT",9,10,217,227
https://kawalpemilu.org#13405,"LASI, CANDUNG, AGAM, SUMATERA BARAT",10,1,77,78
https://kawalpemilu.org#13405,"LASI, CANDUNG, AGAM, SUMATERA BARAT",11,12,113,125
https://kawalpemilu.org#13405,"LASI, CANDUNG, AGAM, SUMATERA BARAT",12,16,146,162
https://kawalpemilu.org#13405,"LASI, CANDUNG, AGAM, SUMATERA BARAT",13,5,106,111
https://kawalpemilu.org#13405,"LASI, CANDUNG, AGAM, SUMATERA BARAT",14,17,113,130
https://kawalpemilu.org#13405,"LASI, CANDUNG, AGAM, SUMATERA BARAT",15,11,78,89
https://kawalpemilu.org#13405,"LASI, CANDUNG, AGAM, SUMATERA BARAT",16,13,122,135
https://kawalpemilu.org#13405,"LASI, CANDUNG, AGAM, SUMATERA BARAT",17,8,121,129
https://kawalpemilu.org#13405,"LASI, CANDUNG, AGAM, SUMATERA BARAT",18,12,124,136
https://kawalpemilu.org#13405,"LASI, CANDUNG, AGAM, SUMATERA BARAT",19,7,126,133
https://kawalpemilu.org#13405,"LASI, CANDUNG, AGAM, SUMATERA BARAT",20,10,106,116
https://kawalpemilu.org#13405,"LASI, CANDUNG, AGAM, SUMATERA BARAT",21,3,109,112
https://kawalpemilu.org#13405,"LASI, CANDUNG, AGAM, SUMATERA BARAT",22,9,86,95
https://kawalpemilu.org#13405,"LASI, CANDUNG, AGAM, SUMATERA BARAT",23,17,131,148
https://kawalpemilu.org#13406,"BUKIK BATABUAH, CANDUNG, AGAM, SUMATERA BARAT",2,13,145,158
https://kawalpemilu.org#13406,"BUKIK BATABUAH, CANDUNG, AGAM, SUMATERA BARAT",3,2,109,111
https://kawalpemilu.org#13406,"BUKIK BATABUAH, CANDUNG, AGAM, SUMATERA BARAT",4,7,145,152
https://kawalpemilu.org#13406,"BUKIK BATABUAH, CANDUNG, AGAM, SUMATERA BARAT",5,21,166,187
https://kawalpemilu.org#13406,"BUKIK BATABUAH, CANDUNG, AGAM, SUMATERA BARAT",6,21,112,133
https://kawalpemilu.org#13406,"BUKIK BATABUAH, CANDUNG, AGAM, SUMATERA BARAT",7,39,169,208
https://kawalpemilu.org#13406,"BUKIK BATABUAH, CANDUNG, AGAM, SUMATERA BARAT",8,16,119,135
https://kawalpemilu.org#13406,"BUKIK BATABUAH, CANDUNG, AGAM, SUMATERA BARAT",9,9,105,114
https://kawalpemilu.org#13406,"BUKIK BATABUAH, CANDUNG, AGAM, SUMATERA BARAT",10,25,96,121
https://kawalpemilu.org#13406,"BUKIK BATABUAH, CANDUNG, AGAM, SUMATERA BARAT",11,9,165,174
https://kawalpemilu.org#13406,"BUKIK BATABUAH, CANDUNG, AGAM, SUMATERA BARAT",12,20,109,129
https://kawalpemilu.org#13406,"BUKIK BATABUAH, CANDUNG, AGAM, SUMATERA BARAT",13,5,100,105
https://kawalpemilu.org#13406,"BUKIK BATABUAH, CANDUNG, AGAM, SUMATERA BARAT",14,15,190,205
https://kawalpemilu.org#13406,"BUKIK BATABUAH, CANDUNG, AGAM, SUMATERA BARAT",15,16,222,238
https://kawalpemilu.org#13406,"BUKIK BATABUAH, CANDUNG, AGAM, SUMATERA BARAT",16,13,103,116
https://kawalpemilu.org#13406,"BUKIK BATABUAH, CANDUNG, AGAM, SUMATERA BARAT",17,11,129,140
https://kawalpemilu.org#13406,"BUKIK BATABUAH, CANDUNG, AGAM, SUMATERA BARAT",18,31,183,214
https://kawalpemilu.org#13406,"BUKIK BATABUAH, CANDUNG, AGAM, SUMATERA BARAT",19,17,140,157
https://kawalpemilu.org#13406,"BUKIK BATABUAH, CANDUNG, AGAM, SUMATERA BARAT",20,13,173,186
https://kawalpemilu.org#13406,"BUKIK BATABUAH, CANDUNG, AGAM, SUMATERA BARAT",21,13,164,177
https://kawalpemilu.org#13406,"BUKIK BATABUAH, CANDUNG, AGAM, SUMATERA BARAT",22,7,120,127
https://kawalpemilu.org#13406,"BUKIK BATABUAH, CANDUNG, AGAM, SUMATERA BARAT",23,20,129,149
https://kawalpemilu.org#13406,"BUKIK BATABUAH, CANDUNG, AGAM, SUMATERA BARAT",24,26,180,206
https://kawalpemilu.org#13406,"BUKIK BATABUAH, CANDUNG, AGAM, SUMATERA BARAT",25,21,166,187
https://kawalpemilu.org#13406,"BUKIK BATABUAH, CANDUNG, AGAM, SUMATERA BARAT",26,15,110,125
https://kawalpemilu.org#13406,"BUKIK BATABUAH, CANDUNG, AGAM, SUMATERA BARAT",27,6,195,201
https://kawalpemilu.org#13406,"BUKIK BATABUAH, CANDUNG, AGAM, SUMATERA BARAT",28,3,97,100
https://kawalpemilu.org#13406,"BUKIK BATABUAH, CANDUNG, AGAM, SUMATERA BARAT",29,21,192,213
https://kawalpemilu.org#13406,"BUKIK BATABUAH, CANDUNG, AGAM, SUMATERA BARAT",30,18,108,126
https://kawalpemilu.org#13406,"BUKIK BATABUAH, CANDUNG, AGAM, SUMATERA BARAT",31,19,141,160
https://kawalpemilu.org#13408,"MAGEK, KAMANG MAGEK, AGAM, SUMATERA BARAT",1,11,130,141
https://kawalpemilu.org#13408,"MAGEK, KAMANG MAGEK, AGAM, SUMATERA BARAT",2,14,144,158
https://kawalpemilu.org#13408,"MAGEK, KAMANG MAGEK, AGAM, SUMATERA BARAT",3,16,91,107
https://kawalpemilu.org#13408,"MAGEK, KAMANG MAGEK, AGAM, SUMATERA BARAT",4,19,156,175
https://kawalpemilu.org#13408,"MAGEK, KAMANG MAGEK, AGAM, SUMATERA BARAT",5,9,53,62
https://kawalpemilu.org#13408,"MAGEK, KAMANG MAGEK, AGAM, SUMATERA BARAT",6,16,163,179
https://kawalpemilu.org#13408,"MAGEK, KAMANG MAGEK, AGAM, SUMATERA BARAT",7,13,132,145
https://kawalpemilu.org#13408,"MAGEK, KAMANG MAGEK, AGAM, SUMATERA BARAT",8,17,74,91
https://kawalpemilu.org#13408,"MAGEK, KAMANG MAGEK, AGAM, SUMATERA BARAT",9,18,99,117
https://kawalpemilu.org#13408,"MAGEK, KAMANG MAGEK, AGAM, SUMATERA BARAT",10,19,69,88
https://kawalpemilu.org#13408,"MAGEK, KAMANG MAGEK, AGAM, SUMATERA BARAT",11,7,88,95
https://kawalpemilu.org#13408,"MAGEK, KAMANG MAGEK, AGAM, SUMATERA BARAT",12,12,115,127
https://kawalpemilu.org#13408,"MAGEK, KAMANG MAGEK, AGAM, SUMATERA BARAT",13,9,90,99
https://kawalpemilu.org#13408,"MAGEK, KAMANG MAGEK, AGAM, SUMATERA BARAT",14,8,105,113
https://kawalpemilu.org#13408,"MAGEK, KAMANG MAGEK, AGAM, SUMATERA BARAT",15,17,140,157
https://kawalpemilu.org#13408,"MAGEK, KAMANG MAGEK, AGAM, SUMATERA BARAT",16,8,158,166
https://kawalpemilu.org#13408,"MAGEK, KAMANG MAGEK, AGAM, SUMATERA BARAT",17,18,74,92
https://kawalpemilu.org#13408,"MAGEK, KAMANG MAGEK, AGAM, SUMATERA BARAT",18,13,169,182
https://kawalpemilu.org#13408,"MAGEK, KAMANG MAGEK, AGAM, SUMATERA BARAT",19,11,137,148
https://kawalpemilu.org#13409,"KAMANG HILIA, KAMANG MAGEK, AGAM, SUMATERA BARAT",1,15,130,145
https://kawalpemilu.org#13409,"KAMANG HILIA, KAMANG MAGEK, AGAM, SUMATERA BARAT",2,11,109,120
https://kawalpemilu.org#13409,"KAMANG HILIA, KAMANG MAGEK, AGAM, SUMATERA BARAT",3,23,147,170
https://kawalpemilu.org#13409,"KAMANG HILIA, KAMANG MAGEK, AGAM, SUMATERA BARAT",4,12,176,188
https://kawalpemilu.org#13409,"KAMANG HILIA, KAMANG MAGEK, AGAM, SUMATERA BARAT",5,14,198,212
https://kawalpemilu.org#13409,"KAMANG HILIA, KAMANG MAGEK, AGAM, SUMATERA BARAT",6,17,155,172
https://kawalpemilu.org#13409,"KAMANG HILIA, KAMANG MAGEK, AGAM, SUMATERA BARAT",7,21,132,153
https://kawalpemilu.org#13409,"KAMANG HILIA, KAMANG MAGEK, AGAM, SUMATERA BARAT",8,12,140,152
https://kawalpemilu.org#13409,"KAMANG HILIA, KAMANG MAGEK, AGAM, SUMATERA BARAT",9,22,126,148
https://kawalpemilu.org#13409,"KAMANG HILIA, KAMANG MAGEK, AGAM, SUMATERA BARAT",10,19,106,125
https://kawalpemilu.org#13409,"KAMANG HILIA, KAMANG MAGEK, AGAM, SUMATERA BARAT",11,18,139,157
https://kawalpemilu.org#13409,"KAMANG HILIA, KAMANG MAGEK, AGAM, SUMATERA BARAT",12,17,149,166
https://kawalpemilu.org#13409,"KAMANG HILIA, KAMANG MAGEK, AGAM, SUMATERA BARAT",13,22,148,170
https://kawalpemilu.org#13409,"KAMANG HILIA, KAMANG MAGEK, AGAM, SUMATERA BARAT",14,40,170,210
https://kawalpemilu.org#13409,"KAMANG HILIA, KAMANG MAGEK, AGAM, SUMATERA BARAT",15,20,145,165
https://kawalpemilu.org#13409,"KAMANG HILIA, KAMANG MAGEK, AGAM, SUMATERA BARAT",16,20,116,136
https://kawalpemilu.org#13409,"KAMANG HILIA, KAMANG MAGEK, AGAM, SUMATERA BARAT",17,19,79,98
https://kawalpemilu.org#13409,"KAMANG HILIA, KAMANG MAGEK, AGAM, SUMATERA BARAT",18,15,89,104
https://kawalpemilu.org#13409,"KAMANG HILIA, KAMANG MAGEK, AGAM, SUMATERA BARAT",19,9,89,98
https://kawalpemilu.org#13409,"KAMANG HILIA, KAMANG MAGEK, AGAM, SUMATERA BARAT",20,22,89,111
https://kawalpemilu.org#13409,"KAMANG HILIA, KAMANG MAGEK, AGAM, SUMATERA BARAT",21,15,130,145
https://kawalpemilu.org#13410,"KAMANG MUDIAK, KAMANG MAGEK, AGAM, SUMATERA BARAT",1,6,112,118
https://kawalpemilu.org#13410,"KAMANG MUDIAK, KAMANG MAGEK, AGAM, SUMATERA BARAT",2,12,153,165
https://kawalpemilu.org#13410,"KAMANG MUDIAK, KAMANG MAGEK, AGAM, SUMATERA BARAT",3,2,137,139
https://kawalpemilu.org#13410,"KAMANG MUDIAK, KAMANG MAGEK, AGAM, SUMATERA BARAT",4,3,137,140
https://kawalpemilu.org#13410,"KAMANG MUDIAK, KAMANG MAGEK, AGAM, SUMATERA BARAT",5,16,176,192
https://kawalpemilu.org#13410,"KAMANG MUDIAK, KAMANG MAGEK, AGAM, SUMATERA BARAT",6,4,111,115
https://kawalpemilu.org#13410,"KAMANG MUDIAK, KAMANG MAGEK, AGAM, SUMATERA BARAT",7,21,172,193
https://kawalpemilu.org#13410,"KAMANG MUDIAK, KAMANG MAGEK, AGAM, SUMATERA BARAT",8,12,138,150
https://kawalpemilu.org#13410,"KAMANG MUDIAK, KAMANG MAGEK, AGAM, SUMATERA BARAT",9,9,195,204
https://kawalpemilu.org#13410,"KAMANG MUDIAK, KAMANG MAGEK, AGAM, SUMATERA BARAT",10,24,182,206
https://kawalpemilu.org#13410,"KAMANG MUDIAK, KAMANG MAGEK, AGAM, SUMATERA BARAT",11,27,178,205
https://kawalpemilu.org#13410,"KAMANG MUDIAK, KAMANG MAGEK, AGAM, SUMATERA BARAT",12,4,132,136
https://kawalpemilu.org#13410,"KAMANG MUDIAK, KAMANG MAGEK, AGAM, SUMATERA BARAT",13,10,135,145
https://kawalpemilu.org#13410,"KAMANG MUDIAK, KAMANG MAGEK, AGAM, SUMATERA BARAT",14,5,123,128
https://kawalpemilu.org#13410,"KAMANG MUDIAK, KAMANG MAGEK, AGAM, SUMATERA BARAT",15,12,114,126
https://kawalpemilu.org#13410,"KAMANG MUDIAK, KAMANG MAGEK, AGAM, SUMATERA BARAT",16,5,118,123
https://kawalpemilu.org#13410,"KAMANG MUDIAK, KAMANG MAGEK, AGAM, SUMATERA BARAT",17,11,166,177
https://kawalpemilu.org#13410,"KAMANG MUDIAK, KAMANG MAGEK, AGAM, SUMATERA BARAT",18,8,128,136
https://kawalpemilu.org#13410,"KAMANG MUDIAK, KAMANG MAGEK, AGAM, SUMATERA BARAT",19,11,180,191
https://kawalpemilu.org#13410,"KAMANG MUDIAK, KAMANG MAGEK, AGAM, SUMATERA BARAT",20,3,92,95
https://kawalpemilu.org#13410,"KAMANG MUDIAK, KAMANG MAGEK, AGAM, SUMATERA BARAT",21,5,131,136
https://kawalpemilu.org#13410,"KAMANG MUDIAK, KAMANG MAGEK, AGAM, SUMATERA BARAT",22,13,168,181
https://kawalpemilu.org#13410,"KAMANG MUDIAK, KAMANG MAGEK, AGAM, SUMATERA BARAT",23,16,167,183
https://kawalpemilu.org#13410,"KAMANG MUDIAK, KAMANG MAGEK, AGAM, SUMATERA BARAT",24,13,157,170
https://kawalpemilu.org#13410,"KAMANG MUDIAK, KAMANG MAGEK, AGAM, SUMATERA BARAT",25,17,174,191
https://kawalpemilu.org#13410,"KAMANG MUDIAK, KAMANG MAGEK, AGAM, SUMATERA BARAT",26,11,195,206
https://kawalpemilu.org#13410,"KAMANG MUDIAK, KAMANG MAGEK, AGAM, SUMATERA BARAT",27,8,159,167
https://kawalpemilu.org#13410,"KAMANG MUDIAK, KAMANG MAGEK, AGAM, SUMATERA BARAT",28,7,119,126
https://kawalpemilu.org#13410,"KAMANG MUDIAK, KAMANG MAGEK, AGAM, SUMATERA BARAT",29,4,173,177
https://kawalpemilu.org#13410,"KAMANG MUDIAK, KAMANG MAGEK, AGAM, SUMATERA BARAT",30,17,167,184
https://kawalpemilu.org#13410,"KAMANG MUDIAK, KAMANG MAGEK, AGAM, SUMATERA BARAT",31,11,115,126
https://kawalpemilu.org#13410,"KAMANG MUDIAK, KAMANG MAGEK, AGAM, SUMATERA BARAT",32,7,193,200
https://kawalpemilu.org#13410,"KAMANG MUDIAK, KAMANG MAGEK, AGAM, SUMATERA BARAT",33,6,127,133
https://kawalpemilu.org#13410,"KAMANG MUDIAK, KAMANG MAGEK, AGAM, SUMATERA BARAT",34,14,148,162
https://kawalpemilu.org#13410,"KAMANG MUDIAK, KAMANG MAGEK, AGAM, SUMATERA BARAT",35,6,75,81
https://kawalpemilu.org#13410,"KAMANG MUDIAK, KAMANG MAGEK, AGAM, SUMATERA BARAT",36,18,196,214
https://kawalpemilu.org#13410,"KAMANG MUDIAK, KAMANG MAGEK, AGAM, SUMATERA BARAT",37,21,111,132
https://kawalpemilu.org#13410,"KAMANG MUDIAK, KAMANG MAGEK, AGAM, SUMATERA BARAT",38,15,106,121
https://kawalpemilu.org#13410,"KAMANG MUDIAK, KAMANG MAGEK, AGAM, SUMATERA BARAT",39,9,152,161
https://kawalpemilu.org#13410,"KAMANG MUDIAK, KAMANG MAGEK, AGAM, SUMATERA BARAT",40,31,116,147
https://kawalpemilu.org#13412,"MALALAK UTARA, MALALAK, AGAM, SUMATERA BARAT",1,11,134,145
https://kawalpemilu.org#13412,"MALALAK UTARA, MALALAK, AGAM, SUMATERA BARAT",2,7,131,138
https://kawalpemilu.org#13412,"MALALAK UTARA, MALALAK, AGAM, SUMATERA BARAT",3,20,133,153
https://kawalpemilu.org#13412,"MALALAK UTARA, MALALAK, AGAM, SUMATERA BARAT",4,14,134,148
https://kawalpemilu.org#13412,"MALALAK UTARA, MALALAK, AGAM, SUMATERA BARAT",5,0,119,119
https://kawalpemilu.org#13412,"MALALAK UTARA, MALALAK, AGAM, SUMATERA BARAT",6,12,146,158
https://kawalpemilu.org#13412,"MALALAK UTARA, MALALAK, AGAM, SUMATERA BARAT",7,7,90,97
https://kawalpemilu.org#13412,"MALALAK UTARA, MALALAK, AGAM, SUMATERA BARAT",8,9,104,113
https://kawalpemilu.org#13412,"MALALAK UTARA, MALALAK, AGAM, SUMATERA BARAT",9,2,117,119
https://kawalpemilu.org#13412,"MALALAK UTARA, MALALAK, AGAM, SUMATERA BARAT",10,7,102,109
https://kawalpemilu.org#13413,"MALALAK TIMUR, MALALAK, AGAM, SUMATERA BARAT",1,10,170,180
https://kawalpemilu.org#13413,"MALALAK TIMUR, MALALAK, AGAM, SUMATERA BARAT",2,12,172,184
https://kawalpemilu.org#13413,"MALALAK TIMUR, MALALAK, AGAM, SUMATERA BARAT",3,8,167,175
https://kawalpemilu.org#13413,"MALALAK TIMUR, MALALAK, AGAM, SUMATERA BARAT",4,7,142,149
https://kawalpemilu.org#13413,"MALALAK TIMUR, MALALAK, AGAM, SUMATERA BARAT",5,10,160,170
https://kawalpemilu.org#13413,"MALALAK TIMUR, MALALAK, AGAM, SUMATERA BARAT",6,2,123,125
https://kawalpemilu.org#13413,"MALALAK TIMUR, MALALAK, AGAM, SUMATERA BARAT",7,3,118,121
https://kawalpemilu.org#13413,"MALALAK TIMUR, MALALAK, AGAM, SUMATERA BARAT",8,24,141,165
https://kawalpemilu.org#13414,"MALALAK SELATAN, MALALAK, AGAM, SUMATERA BARAT",1,14,106,120
https://kawalpemilu.org#13414,"MALALAK SELATAN, MALALAK, AGAM, SUMATERA BARAT",2,18,93,111
https://kawalpemilu.org#13414,"MALALAK SELATAN, MALALAK, AGAM, SUMATERA BARAT",3,8,172,180
https://kawalpemilu.org#13414,"MALALAK SELATAN, MALALAK, AGAM, SUMATERA BARAT",4,19,185,204
https://kawalpemilu.org#13414,"MALALAK SELATAN, MALALAK, AGAM, SUMATERA BARAT",5,8,142,150
https://kawalpemilu.org#13414,"MALALAK SELATAN, MALALAK, AGAM, SUMATERA BARAT",6,17,141,158
https://kawalpemilu.org#13414,"MALALAK SELATAN, MALALAK, AGAM, SUMATERA BARAT",7,12,111,123
https://kawalpemilu.org#13414,"MALALAK SELATAN, MALALAK, AGAM, SUMATERA BARAT",8,16,124,140
https://kawalpemilu.org#13414,"MALALAK SELATAN, MALALAK, AGAM, SUMATERA BARAT",9,17,130,147
https://kawalpemilu.org#13414,"MALALAK SELATAN, MALALAK, AGAM, SUMATERA BARAT",10,5,100,105
https://kawalpemilu.org#13415,"MALALAK BARAT, MALALAK, AGAM, SUMATERA BARAT",3,12,116,128
https://kawalpemilu.org#13415,"MALALAK BARAT, MALALAK, AGAM, SUMATERA BARAT",4,21,142,163
https://kawalpemilu.org#13415,"MALALAK BARAT, MALALAK, AGAM, SUMATERA BARAT",5,25,122,147
https://kawalpemilu.org#13415,"MALALAK BARAT, MALALAK, AGAM, SUMATERA BARAT",6,20,150,170
https://kawalpemilu.org#13415,"MALALAK BARAT, MALALAK, AGAM, SUMATERA BARAT",7,12,129,141
https://kawalpemilu.org#13415,"MALALAK BARAT, MALALAK, AGAM, SUMATERA BARAT",8,14,135,149
https://kawalpemilu.org#13415,"MALALAK BARAT, MALALAK, AGAM, SUMATERA BARAT",9,19,93,112
https://kawalpemilu.org#13418,"KURAI, SULIKI, LIMA PULUH KOTA, SUMATERA BARAT",1,19,219,238
https://kawalpemilu.org#13418,"KURAI, SULIKI, LIMA PULUH KOTA, SUMATERA BARAT",2,55,191,246
https://kawalpemilu.org#13418,"KURAI, SULIKI, LIMA PULUH KOTA, SUMATERA BARAT",3,23,162,185
https://kawalpemilu.org#13418,"KURAI, SULIKI, LIMA PULUH KOTA, SUMATERA BARAT",4,9,166,175
https://kawalpemilu.org#13419,"SUNGAI RIMBANG, SULIKI, LIMA PULUH KOTA, SUMATERA BARAT",1,21,108,129
https://kawalpemilu.org#13419,"SUNGAI RIMBANG, SULIKI, LIMA PULUH KOTA, SUMATERA BARAT",2,15,115,130
https://kawalpemilu.org#13419,"SUNGAI RIMBANG, SULIKI, LIMA PULUH KOTA, SUMATERA BARAT",3,14,142,156
https://kawalpemilu.org#13419,"SUNGAI RIMBANG, SULIKI, LIMA PULUH KOTA, SUMATERA BARAT",4,11,147,158
https://kawalpemilu.org#13419,"SUNGAI RIMBANG, SULIKI, LIMA PULUH KOTA, SUMATERA BARAT",5,33,109,142
https://kawalpemilu.org#13419,"SUNGAI RIMBANG, SULIKI, LIMA PULUH KOTA, SUMATERA BARAT",6,33,91,124
https://kawalpemilu.org#13419,"SUNGAI RIMBANG, SULIKI, LIMA PULUH KOTA, SUMATERA BARAT",7,35,173,208
https://kawalpemilu.org#13419,"SUNGAI RIMBANG, SULIKI, LIMA PULUH KOTA, SUMATERA BARAT",8,35,161,196
https://kawalpemilu.org#13419,"SUNGAI RIMBANG, SULIKI, LIMA PULUH KOTA, SUMATERA BARAT",9,24,86,110
https://kawalpemilu.org#13420,"TANJUANG BUNGO, SULIKI, LIMA PULUH KOTA, SUMATERA BARAT",1,30,119,149
https://kawalpemilu.org#13420,"TANJUANG BUNGO, SULIKI, LIMA PULUH KOTA, SUMATERA BARAT",2,14,172,186
https://kawalpemilu.org#13420,"TANJUANG BUNGO, SULIKI, LIMA PULUH KOTA, SUMATERA BARAT",3,51,171,222
https://kawalpemilu.org#13420,"TANJUANG BUNGO, SULIKI, LIMA PULUH KOTA, SUMATERA BARAT",4,60,162,222
https://kawalpemilu.org#13421,"SULIKI, SULIKI, LIMA PULUH KOTA, SUMATERA BARAT",1,35,95,130
https://kawalpemilu.org#13421,"SULIKI, SULIKI, LIMA PULUH KOTA, SUMATERA BARAT",2,29,102,131
https://kawalpemilu.org#13421,"SULIKI, SULIKI, LIMA PULUH KOTA, SUMATERA BARAT",3,49,114,163
https://kawalpemilu.org#13421,"SULIKI, SULIKI, LIMA PULUH KOTA, SUMATERA BARAT",4,21,113,134
https://kawalpemilu.org#13421,"SULIKI, SULIKI, LIMA PULUH KOTA, SUMATERA BARAT",5,18,143,161
https://kawalpemilu.org#13421,"SULIKI, SULIKI, LIMA PULUH KOTA, SUMATERA BARAT",6,26,121,147
https://kawalpemilu.org#13421,"SULIKI, SULIKI, LIMA PULUH KOTA, SUMATERA BARAT",7,46,141,187
https://kawalpemilu.org#13421,"SULIKI, SULIKI, LIMA PULUH KOTA, SUMATERA BARAT",8,26,162,188
https://kawalpemilu.org#13421,"SULIKI, SULIKI, LIMA PULUH KOTA, SUMATERA BARAT",9,16,121,137
https://kawalpemilu.org#13421,"SULIKI, SULIKI, LIMA PULUH KOTA, SUMATERA BARAT",10,44,147,191
https://kawalpemilu.org#13422,"LIMBANANG, SULIKI, LIMA PULUH KOTA, SUMATERA BARAT",1,20,122,142
https://kawalpemilu.org#13422,"LIMBANANG, SULIKI, LIMA PULUH KOTA, SUMATERA BARAT",2,35,176,211
https://kawalpemilu.org#13422,"LIMBANANG, SULIKI, LIMA PULUH KOTA, SUMATERA BARAT",3,19,196,215
https://kawalpemilu.org#13422,"LIMBANANG, SULIKI, LIMA PULUH KOTA, SUMATERA BARAT",4,19,132,151
https://kawalpemilu.org#13422,"LIMBANANG, SULIKI, LIMA PULUH KOTA, SUMATERA BARAT",5,20,128,148
https://kawalpemilu.org#13422,"LIMBANANG, SULIKI, LIMA PULUH KOTA, SUMATERA BARAT",6,21,85,106
https://kawalpemilu.org#13422,"LIMBANANG, SULIKI, LIMA PULUH KOTA, SUMATERA BARAT",7,32,106,138
https://kawalpemilu.org#13422,"LIMBANANG, SULIKI, LIMA PULUH KOTA, SUMATERA BARAT",8,20,110,130
https://kawalpemilu.org#13422,"LIMBANANG, SULIKI, LIMA PULUH KOTA, SUMATERA BARAT",9,22,137,159
https://kawalpemilu.org#13422,"LIMBANANG, SULIKI, LIMA PULUH KOTA, SUMATERA BARAT",10,17,145,162
https://kawalpemilu.org#13422,"LIMBANANG, SULIKI, LIMA PULUH KOTA, SUMATERA BARAT",11,17,88,105
https://kawalpemilu.org#13422,"LIMBANANG, SULIKI, LIMA PULUH KOTA, SUMATERA BARAT",12,31,190,221
https://kawalpemilu.org#13422,"LIMBANANG, SULIKI, LIMA PULUH KOTA, SUMATERA BARAT",13,30,171,201
https://kawalpemilu.org#13422,"LIMBANANG, SULIKI, LIMA PULUH KOTA, SUMATERA BARAT",14,38,161,199
https://kawalpemilu.org#13423,"ANDIANG, SULIKI, LIMA PULUH KOTA, SUMATERA BARAT",1,27,139,166
https://kawalpemilu.org#13423,"ANDIANG, SULIKI, LIMA PULUH KOTA, SUMATERA BARAT",2,28,151,179
https://kawalpemilu.org#13423,"ANDIANG, SULIKI, LIMA PULUH KOTA, SUMATERA BARAT",3,16,123,139
https://kawalpemilu.org#13423,"ANDIANG, SULIKI, LIMA PULUH KOTA, SUMATERA BARAT",4,16,127,143
https://kawalpemilu.org#13423,"ANDIANG, SULIKI, LIMA PULUH KOTA, SUMATERA BARAT",5,15,135,150
https://kawalpemilu.org#13423,"ANDIANG, SULIKI, LIMA PULUH KOTA, SUMATERA BARAT",6,22,126,148
https://kawalpemilu.org#13423,"ANDIANG, SULIKI, LIMA PULUH KOTA, SUMATERA BARAT",7,14,114,128
https://kawalpemilu.org#13423,"ANDIANG, SULIKI, LIMA PULUH KOTA, SUMATERA BARAT",8,21,114,135
https://kawalpemilu.org#13423,"ANDIANG, SULIKI, LIMA PULUH KOTA, SUMATERA BARAT",9,20,106,126
https://kawalpemilu.org#13423,"ANDIANG, SULIKI, LIMA PULUH KOTA, SUMATERA BARAT",10,10,125,135
https://kawalpemilu.org#13425,"GUGUAK VIII KOTO, GUGUAK, LIMA PULUH KOTA, SUMATERA BARAT",1,11,186,197
https://kawalpemilu.org#13425,"GUGUAK VIII KOTO, GUGUAK, LIMA PULUH KOTA, SUMATERA BARAT",2,21,144,165
https://kawalpemilu.org#13425,"GUGUAK VIII KOTO, GUGUAK, LIMA PULUH KOTA, SUMATERA BARAT",3,24,145,169
https://kawalpemilu.org#13425,"GUGUAK VIII KOTO, GUGUAK, LIMA PULUH KOTA, SUMATERA BARAT",4,30,144,174
https://kawalpemilu.org#13425,"GUGUAK VIII KOTO, GUGUAK, LIMA PULUH KOTA, SUMATERA BARAT",5,14,124,138
https://kawalpemilu.org#13425,"GUGUAK VIII KOTO, GUGUAK, LIMA PULUH KOTA, SUMATERA BARAT",6,27,199,226
https://kawalpemilu.org#13425,"GUGUAK VIII KOTO, GUGUAK, LIMA PULUH KOTA, SUMATERA BARAT",7,24,144,168
https://kawalpemilu.org#13425,"GUGUAK VIII KOTO, GUGUAK, LIMA PULUH KOTA, SUMATERA BARAT",8,23,122,145
https://kawalpemilu.org#13425,"GUGUAK VIII KOTO, GUGUAK, LIMA PULUH KOTA, SUMATERA BARAT",9,24,146,170
https://kawalpemilu.org#13425,"GUGUAK VIII KOTO, GUGUAK, LIMA PULUH KOTA, SUMATERA BARAT",10,23,173,196
https://kawalpemilu.org#13425,"GUGUAK VIII KOTO, GUGUAK, LIMA PULUH KOTA, SUMATERA BARAT",11,19,164,183
https://kawalpemilu.org#13425,"GUGUAK VIII KOTO, GUGUAK, LIMA PULUH KOTA, SUMATERA BARAT",12,21,115,136
https://kawalpemilu.org#13425,"GUGUAK VIII KOTO, GUGUAK, LIMA PULUH KOTA, SUMATERA BARAT",13,31,159,190
https://kawalpemilu.org#13425,"GUGUAK VIII KOTO, GUGUAK, LIMA PULUH KOTA, SUMATERA BARAT",14,28,133,161
https://kawalpemilu.org#13425,"GUGUAK VIII KOTO, GUGUAK, LIMA PULUH KOTA, SUMATERA BARAT",15,30,109,139
https://kawalpemilu.org#13425,"GUGUAK VIII KOTO, GUGUAK, LIMA PULUH KOTA, SUMATERA BARAT",16,21,104,125
https://kawalpemilu.org#13425,"GUGUAK VIII KOTO, GUGUAK, LIMA PULUH KOTA, SUMATERA BARAT",17,18,98,116
https://kawalpemilu.org#13425,"GUGUAK VIII KOTO, GUGUAK, LIMA PULUH KOTA, SUMATERA BARAT",18,8,114,122
https://kawalpemilu.org#13425,"GUGUAK VIII KOTO, GUGUAK, LIMA PULUH KOTA, SUMATERA BARAT",19,20,134,154
https://kawalpemilu.org#13425,"GUGUAK VIII KOTO, GUGUAK, LIMA PULUH KOTA, SUMATERA BARAT",20,22,118,140
https://kawalpemilu.org#13425,"GUGUAK VIII KOTO, GUGUAK, LIMA PULUH KOTA, SUMATERA BARAT",21,17,155,172
https://kawalpemilu.org#13425,"GUGUAK VIII KOTO, GUGUAK, LIMA PULUH KOTA, SUMATERA BARAT",22,18,162,180
https://kawalpemilu.org#13425,"GUGUAK VIII KOTO, GUGUAK, LIMA PULUH KOTA, SUMATERA BARAT",23,18,109,127
https://kawalpemilu.org#13425,"GUGUAK VIII KOTO, GUGUAK, LIMA PULUH KOTA, SUMATERA BARAT",24,22,124,146
https://kawalpemilu.org#13425,"GUGUAK VIII KOTO, GUGUAK, LIMA PULUH KOTA, SUMATERA BARAT",25,24,153,177
https://kawalpemilu.org#13425,"GUGUAK VIII KOTO, GUGUAK, LIMA PULUH KOTA, SUMATERA BARAT",26,13,124,137
https://kawalpemilu.org#13425,"GUGUAK VIII KOTO, GUGUAK, LIMA PULUH KOTA, SUMATERA BARAT",27,24,134,158
https://kawalpemilu.org#13425,"GUGUAK VIII KOTO, GUGUAK, LIMA PULUH KOTA, SUMATERA BARAT",28,24,108,132
https://kawalpemilu.org#13425,"GUGUAK VIII KOTO, GUGUAK, LIMA PULUH KOTA, SUMATERA BARAT",29,24,167,191
https://kawalpemilu.org#13425,"GUGUAK VIII KOTO, GUGUAK, LIMA PULUH KOTA, SUMATERA BARAT",30,22,163,185
https://kawalpemilu.org#13425,"GUGUAK VIII KOTO, GUGUAK, LIMA PULUH KOTA, SUMATERA BARAT",31,39,176,215
https://kawalpemilu.org#13425,"GUGUAK VIII KOTO, GUGUAK, LIMA PULUH KOTA, SUMATERA BARAT",32,26,158,184
https://kawalpemilu.org#13425,"GUGUAK VIII KOTO, GUGUAK, LIMA PULUH KOTA, SUMATERA BARAT",33,18,155,173
https://kawalpemilu.org#13425,"GUGUAK VIII KOTO, GUGUAK, LIMA PULUH KOTA, SUMATERA BARAT",34,11,183,194
https://kawalpemilu.org#13425,"GUGUAK VIII KOTO, GUGUAK, LIMA PULUH KOTA, SUMATERA BARAT",35,21,176,197
https://kawalpemilu.org#13425,"GUGUAK VIII KOTO, GUGUAK, LIMA PULUH KOTA, SUMATERA BARAT",36,22,162,184
https://kawalpemilu.org#13425,"GUGUAK VIII KOTO, GUGUAK, LIMA PULUH KOTA, SUMATERA BARAT",37,34,147,181
https://kawalpemilu.org#13425,"GUGUAK VIII KOTO, GUGUAK, LIMA PULUH KOTA, SUMATERA BARAT",38,15,142,157
https://kawalpemilu.org#13425,"GUGUAK VIII KOTO, GUGUAK, LIMA PULUH KOTA, SUMATERA BARAT",39,22,211,233
https://kawalpemilu.org#13425,"GUGUAK VIII KOTO, GUGUAK, LIMA PULUH KOTA, SUMATERA BARAT",40,19,143,162
https://kawalpemilu.org#13425,"GUGUAK VIII KOTO, GUGUAK, LIMA PULUH KOTA, SUMATERA BARAT",41,20,122,142
https://kawalpemilu.org#13425,"GUGUAK VIII KOTO, GUGUAK, LIMA PULUH KOTA, SUMATERA BARAT",42,20,126,146
https://kawalpemilu.org#13425,"GUGUAK VIII KOTO, GUGUAK, LIMA PULUH KOTA, SUMATERA BARAT",43,17,116,133
https://kawalpemilu.org#13425,"GUGUAK VIII KOTO, GUGUAK, LIMA PULUH KOTA, SUMATERA BARAT",44,15,148,163
https://kawalpemilu.org#13425,"GUGUAK VIII KOTO, GUGUAK, LIMA PULUH KOTA, SUMATERA BARAT",45,19,129,148
https://kawalpemilu.org#13426,"VII KOTO TALAGO, GUGUAK, LIMA PULUH KOTA, SUMATERA BARAT",1,12,163,175
https://kawalpemilu.org#13426,"VII KOTO TALAGO, GUGUAK, LIMA PULUH KOTA, SUMATERA BARAT",2,17,154,171
https://kawalpemilu.org#13426,"VII KOTO TALAGO, GUGUAK, LIMA PULUH KOTA, SUMATERA BARAT",3,13,129,142
https://kawalpemilu.org#13426,"VII KOTO TALAGO, GUGUAK, LIMA PULUH KOTA, SUMATERA BARAT",4,27,135,162
https://kawalpemilu.org#13426,"VII KOTO TALAGO, GUGUAK, LIMA PULUH KOTA, SUMATERA BARAT",5,14,156,170
https://kawalpemilu.org#13426,"VII KOTO TALAGO, GUGUAK, LIMA PULUH KOTA, SUMATERA BARAT",6,4,153,157
https://kawalpemilu.org#13426,"VII KOTO TALAGO, GUGUAK, LIMA PULUH KOTA, SUMATERA BARAT",7,4,161,165
https://kawalpemilu.org#13426,"VII KOTO TALAGO, GUGUAK, LIMA PULUH KOTA, SUMATERA BARAT",8,25,166,191
https://kawalpemilu.org#13426,"VII KOTO TALAGO, GUGUAK, LIMA PULUH KOTA, SUMATERA BARAT",9,17,145,162
https://kawalpemilu.org#13426,"VII KOTO TALAGO, GUGUAK, LIMA PULUH KOTA, SUMATERA BARAT",10,26,152,178
https://kawalpemilu.org#13426,"VII KOTO TALAGO, GUGUAK, LIMA PULUH KOTA, SUMATERA BARAT",11,8,126,134
https://kawalpemilu.org#13426,"VII KOTO TALAGO, GUGUAK, LIMA PULUH KOTA, SUMATERA BARAT",12,6,117,123
https://kawalpemilu.org#13426,"VII KOTO TALAGO, GUGUAK, LIMA PULUH KOTA, SUMATERA BARAT",13,14,163,177
https://kawalpemilu.org#13426,"VII KOTO TALAGO, GUGUAK, LIMA PULUH KOTA, SUMATERA BARAT",14,3,116,119
https://kawalpemilu.org#13426,"VII KOTO TALAGO, GUGUAK, LIMA PULUH KOTA, SUMATERA BARAT",15,12,114,126
https://kawalpemilu.org#13426,"VII KOTO TALAGO, GUGUAK, LIMA PULUH KOTA, SUMATERA BARAT",16,11,145,156
https://kawalpemilu.org#13426,"VII KOTO TALAGO, GUGUAK, LIMA PULUH KOTA, SUMATERA BARAT",17,5,138,143
https://kawalpemilu.org#13426,"VII KOTO TALAGO, GUGUAK, LIMA PULUH KOTA, SUMATERA BARAT",18,9,125,134
https://kawalpemilu.org#13426,"VII KOTO TALAGO, GUGUAK, LIMA PULUH KOTA, SUMATERA BARAT",19,6,112,118
https://kawalpemilu.org#13426,"VII KOTO TALAGO, GUGUAK, LIMA PULUH KOTA, SUMATERA BARAT",20,11,145,156
https://kawalpemilu.org#13426,"VII KOTO TALAGO, GUGUAK, LIMA PULUH KOTA, SUMATERA BARAT",21,8,138,146
https://kawalpemilu.org#13426,"VII KOTO TALAGO, GUGUAK, LIMA PULUH KOTA, SUMATERA BARAT",22,11,122,133
https://kawalpemilu.org#13426,"VII KOTO TALAGO, GUGUAK, LIMA PULUH KOTA, SUMATERA BARAT",23,9,115,124
https://kawalpemilu.org#13426,"VII KOTO TALAGO, GUGUAK, LIMA PULUH KOTA, SUMATERA BARAT",24,10,133,143
https://kawalpemilu.org#13426,"VII KOTO TALAGO, GUGUAK, LIMA PULUH KOTA, SUMATERA BARAT",25,12,147,159
https://kawalpemilu.org#13426,"VII KOTO TALAGO, GUGUAK, LIMA PULUH KOTA, SUMATERA BARAT",26,17,171,188
https://kawalpemilu.org#13426,"VII KOTO TALAGO, GUGUAK, LIMA PULUH KOTA, SUMATERA BARAT",27,9,111,120
https://kawalpemilu.org#13426,"VII KOTO TALAGO, GUGUAK, LIMA PULUH KOTA, SUMATERA BARAT",28,15,123,138
https://kawalpemilu.org#13426,"VII KOTO TALAGO, GUGUAK, LIMA PULUH KOTA, SUMATERA BARAT",29,15,130,145
https://kawalpemilu.org#13426,"VII KOTO TALAGO, GUGUAK, LIMA PULUH KOTA, SUMATERA BARAT",30,19,118,137
https://kawalpemilu.org#13426,"VII KOTO TALAGO, GUGUAK, LIMA PULUH KOTA, SUMATERA BARAT",31,13,108,121
https://kawalpemilu.org#13426,"VII KOTO TALAGO, GUGUAK, LIMA PULUH KOTA, SUMATERA BARAT",32,11,110,121
https://kawalpemilu.org#13426,"VII KOTO TALAGO, GUGUAK, LIMA PULUH KOTA, SUMATERA BARAT",33,16,112,128
https://kawalpemilu.org#13426,"VII KOTO TALAGO, GUGUAK, LIMA PULUH KOTA, SUMATERA BARAT",34,9,118,127
https://kawalpemilu.org#13426,"VII KOTO TALAGO, GUGUAK, LIMA PULUH KOTA, SUMATERA BARAT",35,6,116,122
https://kawalpemilu.org#13427,"SUNGAI TALANG, GUGUAK, LIMA PULUH KOTA, SUMATERA BARAT",1,46,116,162
https://kawalpemilu.org#13427,"SUNGAI TALANG, GUGUAK, LIMA PULUH KOTA, SUMATERA BARAT",2,13,118,131
https://kawalpemilu.org#13427,"SUNGAI TALANG, GUGUAK, LIMA PULUH KOTA, SUMATERA BARAT",3,44,118,162
https://kawalpemilu.org#13427,"SUNGAI TALANG, GUGUAK, LIMA PULUH KOTA, SUMATERA BARAT",4,31,110,141
https://kawalpemilu.org#13427,"SUNGAI TALANG, GUGUAK, LIMA PULUH KOTA, SUMATERA BARAT",5,26,150,176
https://kawalpemilu.org#13427,"SUNGAI TALANG, GUGUAK, LIMA PULUH KOTA, SUMATERA BARAT",6,28,128,156
https://kawalpemilu.org#13427,"SUNGAI TALANG, GUGUAK, LIMA PULUH KOTA, SUMATERA BARAT",7,11,105,116
https://kawalpemilu.org#13427,"SUNGAI TALANG, GUGUAK, LIMA PULUH KOTA, SUMATERA BARAT",8,15,117,132
https://kawalpemilu.org#13427,"SUNGAI TALANG, GUGUAK, LIMA PULUH KOTA, SUMATERA BARAT",9,18,183,201
https://kawalpemilu.org#13427,"SUNGAI TALANG, GUGUAK, LIMA PULUH KOTA, SUMATERA BARAT",10,18,153,171
https://kawalpemilu.org#13427,"SUNGAI TALANG, GUGUAK, LIMA PULUH KOTA, SUMATERA BARAT",11,16,137,153
https://kawalpemilu.org#13427,"SUNGAI TALANG, GUGUAK, LIMA PULUH KOTA, SUMATERA BARAT",12,18,132,150
https://kawalpemilu.org#13427,"SUNGAI TALANG, GUGUAK, LIMA PULUH KOTA, SUMATERA BARAT",13,14,144,158
https://kawalpemilu.org#13427,"SUNGAI TALANG, GUGUAK, LIMA PULUH KOTA, SUMATERA BARAT",14,28,164,192
https://kawalpemilu.org#13427,"SUNGAI TALANG, GUGUAK, LIMA PULUH KOTA, SUMATERA BARAT",15,29,142,171
https://kawalpemilu.org#13427,"SUNGAI TALANG, GUGUAK, LIMA PULUH KOTA, SUMATERA BARAT",16,20,205,225
https://kawalpemilu.org#13427,"SUNGAI TALANG, GUGUAK, LIMA PULUH KOTA, SUMATERA BARAT",17,36,182,218
https://kawalpemilu.org#13428,"KUBANG, GUGUAK, LIMA PULUH KOTA, SUMATERA BARAT",1,21,102,123
https://kawalpemilu.org#13428,"KUBANG, GUGUAK, LIMA PULUH KOTA, SUMATERA BARAT",2,5,126,131
https://kawalpemilu.org#13428,"KUBANG, GUGUAK, LIMA PULUH KOTA, SUMATERA BARAT",3,8,136,144
https://kawalpemilu.org#13428,"KUBANG, GUGUAK, LIMA PULUH KOTA, SUMATERA BARAT",4,7,137,144
https://kawalpemilu.org#13428,"KUBANG, GUGUAK, LIMA PULUH KOTA, SUMATERA BARAT",5,13,114,127
https://kawalpemilu.org#13428,"KUBANG, GUGUAK, LIMA PULUH KOTA, SUMATERA BARAT",6,4,110,114
https://kawalpemilu.org#13428,"KUBANG, GUGUAK, LIMA PULUH KOTA, SUMATERA BARAT",7,7,154,161
https://kawalpemilu.org#13428,"KUBANG, GUGUAK, LIMA PULUH KOTA, SUMATERA BARAT",8,17,118,135
https://kawalpemilu.org#13428,"KUBANG, GUGUAK, LIMA PULUH KOTA, SUMATERA BARAT",9,14,118,132
https://kawalpemilu.org#13428,"KUBANG, GUGUAK, LIMA PULUH KOTA, SUMATERA BARAT",10,3,90,93
https://kawalpemilu.org#13428,"KUBANG, GUGUAK, LIMA PULUH KOTA, SUMATERA BARAT",11,21,169,190
https://kawalpemilu.org#13428,"KUBANG, GUGUAK, LIMA PULUH KOTA, SUMATERA BARAT",12,16,185,201
https://kawalpemilu.org#13428,"KUBANG, GUGUAK, LIMA PULUH KOTA, SUMATERA BARAT",13,15,142,157
https://kawalpemilu.org#13428,"KUBANG, GUGUAK, LIMA PULUH KOTA, SUMATERA BARAT",14,10,124,134
https://kawalpemilu.org#13428,"KUBANG, GUGUAK, LIMA PULUH KOTA, SUMATERA BARAT",15,8,111,119
https://kawalpemilu.org#13428,"KUBANG, GUGUAK, LIMA PULUH KOTA, SUMATERA BARAT",16,20,111,131
https://kawalpemilu.org#13428,"KUBANG, GUGUAK, LIMA PULUH KOTA, SUMATERA BARAT",17,13,119,132
https://kawalpemilu.org#13428,"KUBANG, GUGUAK, LIMA PULUH KOTA, SUMATERA BARAT",18,12,107,119
https://kawalpemilu.org#13428,"KUBANG, GUGUAK, LIMA PULUH KOTA, SUMATERA BARAT",19,19,104,123
https://kawalpemilu.org#13428,"KUBANG, GUGUAK, LIMA PULUH KOTA, SUMATERA BARAT",20,22,95,117
https://kawalpemilu.org#13428,"KUBANG, GUGUAK, LIMA PULUH KOTA, SUMATERA BARAT",21,14,83,97
https://kawalpemilu.org#13428,"KUBANG, GUGUAK, LIMA PULUH KOTA, SUMATERA BARAT",22,13,138,151
https://kawalpemilu.org#13428,"KUBANG, GUGUAK, LIMA PULUH KOTA, SUMATERA BARAT",23,11,101,112
https://kawalpemilu.org#13429,"SIMPANG SUGIRAN, GUGUAK, LIMA PULUH KOTA, SUMATERA BARAT",1,28,140,168
https://kawalpemilu.org#13429,"SIMPANG SUGIRAN, GUGUAK, LIMA PULUH KOTA, SUMATERA BARAT",2,26,110,136
https://kawalpemilu.org#13429,"SIMPANG SUGIRAN, GUGUAK, LIMA PULUH KOTA, SUMATERA BARAT",3,31,91,122
https://kawalpemilu.org#13429,"SIMPANG SUGIRAN, GUGUAK, LIMA PULUH KOTA, SUMATERA BARAT",4,35,94,129
https://kawalpemilu.org#13429,"SIMPANG SUGIRAN, GUGUAK, LIMA PULUH KOTA, SUMATERA BARAT",5,31,146,177
https://kawalpemilu.org#13429,"SIMPANG SUGIRAN, GUGUAK, LIMA PULUH KOTA, SUMATERA BARAT",6,32,146,178
https://kawalpemilu.org#13429,"SIMPANG SUGIRAN, GUGUAK, LIMA PULUH KOTA, SUMATERA BARAT",7,28,209,237
https://kawalpemilu.org#13429,"SIMPANG SUGIRAN, GUGUAK, LIMA PULUH KOTA, SUMATERA BARAT",8,28,92,120
https://kawalpemilu.org#13431,"KOTO BARU SIMALANGGANG, PAYAKUMBUH, LIMA PULUH KOTA, SUMATERA BARAT",1,20,212,232
https://kawalpemilu.org#13431,"KOTO BARU SIMALANGGANG, PAYAKUMBUH, LIMA PULUH KOTA, SUMATERA BARAT",2,14,182,196
https://kawalpemilu.org#13431,"KOTO BARU SIMALANGGANG, PAYAKUMBUH, LIMA PULUH KOTA, SUMATERA BARAT",3,19,142,161
https://kawalpemilu.org#13431,"KOTO BARU SIMALANGGANG, PAYAKUMBUH, LIMA PULUH KOTA, SUMATERA BARAT",4,26,181,207
https://kawalpemilu.org#13431,"KOTO BARU SIMALANGGANG, PAYAKUMBUH, LIMA PULUH KOTA, SUMATERA BARAT",5,11,152,163
https://kawalpemilu.org#13431,"KOTO BARU SIMALANGGANG, PAYAKUMBUH, LIMA PULUH KOTA, SUMATERA BARAT",6,17,132,149
https://kawalpemilu.org#13431,"KOTO BARU SIMALANGGANG, PAYAKUMBUH, LIMA PULUH KOTA, SUMATERA BARAT",7,13,156,169
https://kawalpemilu.org#13431,"KOTO BARU SIMALANGGANG, PAYAKUMBUH, LIMA PULUH KOTA, SUMATERA BARAT",8,15,156,171
https://kawalpemilu.org#13431,"KOTO BARU SIMALANGGANG, PAYAKUMBUH, LIMA PULUH KOTA, SUMATERA BARAT",9,18,143,161
https://kawalpemilu.org#13431,"KOTO BARU SIMALANGGANG, PAYAKUMBUH, LIMA PULUH KOTA, SUMATERA BARAT",10,13,180,193
https://kawalpemilu.org#13431,"KOTO BARU SIMALANGGANG, PAYAKUMBUH, LIMA PULUH KOTA, SUMATERA BARAT",11,17,193,210
https://kawalpemilu.org#13431,"KOTO BARU SIMALANGGANG, PAYAKUMBUH, LIMA PULUH KOTA, SUMATERA BARAT",12,32,155,187
https://kawalpemilu.org#13431,"KOTO BARU SIMALANGGANG, PAYAKUMBUH, LIMA PULUH KOTA, SUMATERA BARAT",14,20,218,238
https://kawalpemilu.org#13431,"KOTO BARU SIMALANGGANG, PAYAKUMBUH, LIMA PULUH KOTA, SUMATERA BARAT",15,28,198,226
https://kawalpemilu.org#13431,"KOTO BARU SIMALANGGANG, PAYAKUMBUH, LIMA PULUH KOTA, SUMATERA BARAT",16,27,182,209
https://kawalpemilu.org#13431,"KOTO BARU SIMALANGGANG, PAYAKUMBUH, LIMA PULUH KOTA, SUMATERA BARAT",17,34,200,234
https://kawalpemilu.org#13431,"KOTO BARU SIMALANGGANG, PAYAKUMBUH, LIMA PULUH KOTA, SUMATERA BARAT",18,28,152,180
https://kawalpemilu.org#13431,"KOTO BARU SIMALANGGANG, PAYAKUMBUH, LIMA PULUH KOTA, SUMATERA BARAT",19,38,200,238
https://kawalpemilu.org#13431,"KOTO BARU SIMALANGGANG, PAYAKUMBUH, LIMA PULUH KOTA, SUMATERA BARAT",20,35,196,231
https://kawalpemilu.org#13432,"TAEH BUKIK, PAYAKUMBUH, LIMA PULUH KOTA, SUMATERA BARAT",1,20,220,240
https://kawalpemilu.org#13432,"TAEH BUKIK, PAYAKUMBUH, LIMA PULUH KOTA, SUMATERA BARAT",2,25,219,244
https://kawalpemilu.org#13432,"TAEH BUKIK, PAYAKUMBUH, LIMA PULUH KOTA, SUMATERA BARAT",3,50,204,254
https://kawalpemilu.org#13432,"TAEH BUKIK, PAYAKUMBUH, LIMA PULUH KOTA, SUMATERA BARAT",4,43,238,281
https://kawalpemilu.org#13432,"TAEH BUKIK, PAYAKUMBUH, LIMA PULUH KOTA, SUMATERA BARAT",5,10,129,139
https://kawalpemilu.org#13432,"TAEH BUKIK, PAYAKUMBUH, LIMA PULUH KOTA, SUMATERA BARAT",6,12,154,166
https://kawalpemilu.org#13432,"TAEH BUKIK, PAYAKUMBUH, LIMA PULUH KOTA, SUMATERA BARAT",7,11,134,145
https://kawalpemilu.org#13432,"TAEH BUKIK, PAYAKUMBUH, LIMA PULUH KOTA, SUMATERA BARAT",8,17,142,159
https://kawalpemilu.org#13432,"TAEH BUKIK, PAYAKUMBUH, LIMA PULUH KOTA, SUMATERA BARAT",9,15,140,155
https://kawalpemilu.org#13432,"TAEH BUKIK, PAYAKUMBUH, LIMA PULUH KOTA, SUMATERA BARAT",10,15,145,160
https://kawalpemilu.org#13433,"SIMALANGGANG, PAYAKUMBUH, LIMA PULUH KOTA, SUMATERA BARAT",1,10,86,96
https://kawalpemilu.org#13433,"SIMALANGGANG, PAYAKUMBUH, LIMA PULUH KOTA, SUMATERA BARAT",2,23,189,212
https://kawalpemilu.org#13433,"SIMALANGGANG, PAYAKUMBUH, LIMA PULUH KOTA, SUMATERA BARAT",3,26,180,206
https://kawalpemilu.org#13433,"SIMALANGGANG, PAYAKUMBUH, LIMA PULUH KOTA, SUMATERA BARAT",4,15,184,199
https://kawalpemilu.org#13433,"SIMALANGGANG, PAYAKUMBUH, LIMA PULUH KOTA, SUMATERA BARAT",5,27,176,203
https://kawalpemilu.org#13433,"SIMALANGGANG, PAYAKUMBUH, LIMA PULUH KOTA, SUMATERA BARAT",6,17,191,208
https://kawalpemilu.org#13433,"SIMALANGGANG, PAYAKUMBUH, LIMA PULUH KOTA, SUMATERA BARAT",7,12,212,224
https://kawalpemilu.org#13433,"SIMALANGGANG, PAYAKUMBUH, LIMA PULUH KOTA, SUMATERA BARAT",8,30,216,246
https://kawalpemilu.org#13433,"SIMALANGGANG, PAYAKUMBUH, LIMA PULUH KOTA, SUMATERA BARAT",9,18,223,241
https://kawalpemilu.org#13433,"SIMALANGGANG, PAYAKUMBUH, LIMA PULUH KOTA, SUMATERA BARAT",10,17,197,214
https://kawalpemilu.org#13433,"SIMALANGGANG, PAYAKUMBUH, LIMA PULUH KOTA, SUMATERA BARAT",11,23,228,251
https://kawalpemilu.org#13433,"SIMALANGGANG, PAYAKUMBUH, LIMA PULUH KOTA, SUMATERA BARAT",12,38,171,209
https://kawalpemilu.org#13433,"SIMALANGGANG, PAYAKUMBUH, LIMA PULUH KOTA, SUMATERA BARAT",13,30,167,197
https://kawalpemilu.org#13434,"SUNGAI BERINGIN, PAYAKUMBUH, LIMA PULUH KOTA, SUMATERA BARAT",1,17,180,197
https://kawalpemilu.org#13434,"SUNGAI BERINGIN, PAYAKUMBUH, LIMA PULUH KOTA, SUMATERA BARAT",2,27,175,202
https://kawalpemilu.org#13434,"SUNGAI BERINGIN, PAYAKUMBUH, LIMA PULUH KOTA, SUMATERA BARAT",3,13,129,142
https://kawalpemilu.org#13434,"SUNGAI BERINGIN, PAYAKUMBUH, LIMA PULUH KOTA, SUMATERA BARAT",4,15,108,123
https://kawalpemilu.org#13434,"SUNGAI BERINGIN, PAYAKUMBUH, LIMA PULUH KOTA, SUMATERA BARAT",5,25,153,178
https://kawalpemilu.org#13434,"SUNGAI BERINGIN, PAYAKUMBUH, LIMA PULUH KOTA, SUMATERA BARAT",6,24,139,163
https://kawalpemilu.org#13434,"SUNGAI BERINGIN, PAYAKUMBUH, LIMA PULUH KOTA, SUMATERA BARAT",7,19,111,130
https://kawalpemilu.org#13434,"SUNGAI BERINGIN, PAYAKUMBUH, LIMA PULUH KOTA, SUMATERA BARAT",8,10,189,199
https://kawalpemilu.org#13434,"SUNGAI BERINGIN, PAYAKUMBUH, LIMA PULUH KOTA, SUMATERA BARAT",9,29,175,204
https://kawalpemilu.org#13435,"PIOBANG, PAYAKUMBUH, LIMA PULUH KOTA, SUMATERA BARAT",1,25,200,225
https://kawalpemilu.org#13435,"PIOBANG, PAYAKUMBUH, LIMA PULUH KOTA, SUMATERA BARAT",2,22,182,204
https://kawalpemilu.org#13435,"PIOBANG, PAYAKUMBUH, LIMA PULUH KOTA, SUMATERA BARAT",3,19,198,217
https://kawalpemilu.org#13435,"PIOBANG, PAYAKUMBUH, LIMA PULUH KOTA, SUMATERA BARAT",4,20,198,218
https://kawalpemilu.org#13435,"PIOBANG, PAYAKUMBUH, LIMA PULUH KOTA, SUMATERA BARAT",5,36,132,168
https://kawalpemilu.org#13435,"PIOBANG, PAYAKUMBUH, LIMA PULUH KOTA, SUMATERA BARAT",6,16,125,141
https://kawalpemilu.org#13435,"PIOBANG, PAYAKUMBUH, LIMA PULUH KOTA, SUMATERA BARAT",7,26,155,181
https://kawalpemilu.org#13435,"PIOBANG, PAYAKUMBUH, LIMA PULUH KOTA, SUMATERA BARAT",8,28,151,179
https://kawalpemilu.org#13435,"PIOBANG, PAYAKUMBUH, LIMA PULUH KOTA, SUMATERA BARAT",9,20,132,152
https://kawalpemilu.org#13435,"PIOBANG, PAYAKUMBUH, LIMA PULUH KOTA, SUMATERA BARAT",10,19,95,114
https://kawalpemilu.org#13435,"PIOBANG, PAYAKUMBUH, LIMA PULUH KOTA, SUMATERA BARAT",11,19,120,139
https://kawalpemilu.org#13435,"PIOBANG, PAYAKUMBUH, LIMA PULUH KOTA, SUMATERA BARAT",12,11,126,137
https://kawalpemilu.org#13435,"PIOBANG, PAYAKUMBUH, LIMA PULUH KOTA, SUMATERA BARAT",13,22,119,141
https://kawalpemilu.org#13435,"PIOBANG, PAYAKUMBUH, LIMA PULUH KOTA, SUMATERA BARAT",14,27,99,126
https://kawalpemilu.org#13436,"TAEH BARUAH, PAYAKUMBUH, LIMA PULUH KOTA, SUMATERA BARAT",1,8,119,127
https://kawalpemilu.org#13436,"TAEH BARUAH, PAYAKUMBUH, LIMA PULUH KOTA, SUMATERA BARAT",2,13,119,132
https://kawalpemilu.org#13436,"TAEH BARUAH, PAYAKUMBUH, LIMA PULUH KOTA, SUMATERA BARAT",3,7,124,131
https://kawalpemilu.org#13436,"TAEH BARUAH, PAYAKUMBUH, LIMA PULUH KOTA, SUMATERA BARAT",4,9,95,104
https://kawalpemilu.org#13436,"TAEH BARUAH, PAYAKUMBUH, LIMA PULUH KOTA, SUMATERA BARAT",5,5,137,142
https://kawalpemilu.org#13436,"TAEH BARUAH, PAYAKUMBUH, LIMA PULUH KOTA, SUMATERA BARAT",6,11,131,142
https://kawalpemilu.org#13436,"TAEH BARUAH, PAYAKUMBUH, LIMA PULUH KOTA, SUMATERA BARAT",7,10,179,189
https://kawalpemilu.org#13436,"TAEH BARUAH, PAYAKUMBUH, LIMA PULUH KOTA, SUMATERA BARAT",8,16,144,160
https://kawalpemilu.org#13436,"TAEH BARUAH, PAYAKUMBUH, LIMA PULUH KOTA, SUMATERA BARAT",9,14,142,156
https://kawalpemilu.org#13436,"TAEH BARUAH, PAYAKUMBUH, LIMA PULUH KOTA, SUMATERA BARAT",10,14,146,160
https://kawalpemilu.org#13436,"TAEH BARUAH, PAYAKUMBUH, LIMA PULUH KOTA, SUMATERA BARAT",11,13,138,151
https://kawalpemilu.org#13436,"TAEH BARUAH, PAYAKUMBUH, LIMA PULUH KOTA, SUMATERA BARAT",12,11,124,135
https://kawalpemilu.org#13436,"TAEH BARUAH, PAYAKUMBUH, LIMA PULUH KOTA, SUMATERA BARAT",13,19,138,157
https://kawalpemilu.org#13436,"TAEH BARUAH, PAYAKUMBUH, LIMA PULUH KOTA, SUMATERA BARAT",14,11,129,140
https://kawalpemilu.org#13436,"TAEH BARUAH, PAYAKUMBUH, LIMA PULUH KOTA, SUMATERA BARAT",15,21,147,168
https://kawalpemilu.org#13436,"TAEH BARUAH, PAYAKUMBUH, LIMA PULUH KOTA, SUMATERA BARAT",16,17,142,159
https://kawalpemilu.org#13436,"TAEH BARUAH, PAYAKUMBUH, LIMA PULUH KOTA, SUMATERA BARAT",17,18,171,189
https://kawalpemilu.org#13436,"TAEH BARUAH, PAYAKUMBUH, LIMA PULUH KOTA, SUMATERA BARAT",18,25,171,196
https://kawalpemilu.org#13436,"TAEH BARUAH, PAYAKUMBUH, LIMA PULUH KOTA, SUMATERA BARAT",19,9,118,127
https://kawalpemilu.org#13436,"TAEH BARUAH, PAYAKUMBUH, LIMA PULUH KOTA, SUMATERA BARAT",20,30,186,216
https://kawalpemilu.org#13436,"TAEH BARUAH, PAYAKUMBUH, LIMA PULUH KOTA, SUMATERA BARAT",21,49,177,226
https://kawalpemilu.org#13436,"TAEH BARUAH, PAYAKUMBUH, LIMA PULUH KOTA, SUMATERA BARAT",22,6,164,170
https://kawalpemilu.org#13436,"TAEH BARUAH, PAYAKUMBUH, LIMA PULUH KOTA, SUMATERA BARAT",23,18,143,161
https://kawalpemilu.org#13436,"TAEH BARUAH, PAYAKUMBUH, LIMA PULUH KOTA, SUMATERA BARAT",24,20,166,186
https://kawalpemilu.org#13436,"TAEH BARUAH, PAYAKUMBUH, LIMA PULUH KOTA, SUMATERA BARAT",25,14,161,175
https://kawalpemilu.org#13436,"TAEH BARUAH, PAYAKUMBUH, LIMA PULUH KOTA, SUMATERA BARAT",26,5,70,75
https://kawalpemilu.org#13436,"TAEH BARUAH, PAYAKUMBUH, LIMA PULUH KOTA, SUMATERA BARAT",27,20,160,180
https://kawalpemilu.org#13436,"TAEH BARUAH, PAYAKUMBUH, LIMA PULUH KOTA, SUMATERA BARAT",28,13,152,165
https://kawalpemilu.org#13436,"TAEH BARUAH, PAYAKUMBUH, LIMA PULUH KOTA, SUMATERA BARAT",29,18,120,138
https://kawalpemilu.org#13436,"TAEH BARUAH, PAYAKUMBUH, LIMA PULUH KOTA, SUMATERA BARAT",30,9,155,164
https://kawalpemilu.org#13436,"TAEH BARUAH, PAYAKUMBUH, LIMA PULUH KOTA, SUMATERA BARAT",31,13,125,138
https://kawalpemilu.org#13436,"TAEH BARUAH, PAYAKUMBUH, LIMA PULUH KOTA, SUMATERA BARAT",32,10,124,134
https://kawalpemilu.org#13437,"KOTO TANGAH SIMALANGGANG, PAYAKUMBUH, LIMA PULUH KOTA, SUMATERA BARAT",1,37,172,209
https://kawalpemilu.org#13437,"KOTO TANGAH SIMALANGGANG, PAYAKUMBUH, LIMA PULUH KOTA, SUMATERA BARAT",2,23,165,188
https://kawalpemilu.org#13437,"KOTO TANGAH SIMALANGGANG, PAYAKUMBUH, LIMA PULUH KOTA, SUMATERA BARAT",3,39,165,204
https://kawalpemilu.org#13437,"KOTO TANGAH SIMALANGGANG, PAYAKUMBUH, LIMA PULUH KOTA, SUMATERA BARAT",4,26,181,207
https://kawalpemilu.org#13437,"KOTO TANGAH SIMALANGGANG, PAYAKUMBUH, LIMA PULUH KOTA, SUMATERA BARAT",5,14,180,194
https://kawalpemilu.org#13437,"KOTO TANGAH SIMALANGGANG, PAYAKUMBUH, LIMA PULUH KOTA, SUMATERA BARAT",6,23,182,205
https://kawalpemilu.org#13437,"KOTO TANGAH SIMALANGGANG, PAYAKUMBUH, LIMA PULUH KOTA, SUMATERA BARAT",7,18,152,170
https://kawalpemilu.org#13437,"KOTO TANGAH SIMALANGGANG, PAYAKUMBUH, LIMA PULUH KOTA, SUMATERA BARAT",8,24,188,212
https://kawalpemilu.org#13437,"KOTO TANGAH SIMALANGGANG, PAYAKUMBUH, LIMA PULUH KOTA, SUMATERA BARAT",9,12,125,137
https://kawalpemilu.org#13437,"KOTO TANGAH SIMALANGGANG, PAYAKUMBUH, LIMA PULUH KOTA, SUMATERA BARAT",10,5,131,136
https://kawalpemilu.org#13437,"KOTO TANGAH SIMALANGGANG, PAYAKUMBUH, LIMA PULUH KOTA, SUMATERA BARAT",11,27,141,168
https://kawalpemilu.org#13437,"KOTO TANGAH SIMALANGGANG, PAYAKUMBUH, LIMA PULUH KOTA, SUMATERA BARAT",12,14,124,138
https://kawalpemilu.org#13439,"TJ. HARO SIKABU-KABU PD. PANJANG, LUAK, LIMA PULUH KOTA, SUMATERA BARAT",1,15,151,166
https://kawalpemilu.org#13439,"TJ. HARO SIKABU-KABU PD. PANJANG, LUAK, LIMA PULUH KOTA, SUMATERA BARAT",2,8,140,148
https://kawalpemilu.org#13439,"TJ. HARO SIKABU-KABU PD. PANJANG, LUAK, LIMA PULUH KOTA, SUMATERA BARAT",3,8,186,194
https://kawalpemilu.org#13439,"TJ. HARO SIKABU-KABU PD. PANJANG, LUAK, LIMA PULUH KOTA, SUMATERA BARAT",4,13,136,149
https://kawalpemilu.org#13439,"TJ. HARO SIKABU-KABU PD. PANJANG, LUAK, LIMA PULUH KOTA, SUMATERA BARAT",5,12,197,209
https://kawalpemilu.org#13439,"TJ. HARO SIKABU-KABU PD. PANJANG, LUAK, LIMA PULUH KOTA, SUMATERA BARAT",6,26,188,214
https://kawalpemilu.org#13439,"TJ. HARO SIKABU-KABU PD. PANJANG, LUAK, LIMA PULUH KOTA, SUMATERA BARAT",7,40,135,175
https://kawalpemilu.org#13439,"TJ. HARO SIKABU-KABU PD. PANJANG, LUAK, LIMA PULUH KOTA, SUMATERA BARAT",8,23,120,143
https://kawalpemilu.org#13439,"TJ. HARO SIKABU-KABU PD. PANJANG, LUAK, LIMA PULUH KOTA, SUMATERA BARAT",9,17,120,137
https://kawalpemilu.org#13439,"TJ. HARO SIKABU-KABU PD. PANJANG, LUAK, LIMA PULUH KOTA, SUMATERA BARAT",10,15,136,151
https://kawalpemilu.org#13439,"TJ. HARO SIKABU-KABU PD. PANJANG, LUAK, LIMA PULUH KOTA, SUMATERA BARAT",11,11,187,198
https://kawalpemilu.org#13439,"TJ. HARO SIKABU-KABU PD. PANJANG, LUAK, LIMA PULUH KOTA, SUMATERA BARAT",12,41,162,203
https://kawalpemilu.org#13439,"TJ. HARO SIKABU-KABU PD. PANJANG, LUAK, LIMA PULUH KOTA, SUMATERA BARAT",13,23,160,183
https://kawalpemilu.org#13439,"TJ. HARO SIKABU-KABU PD. PANJANG, LUAK, LIMA PULUH KOTA, SUMATERA BARAT",14,16,196,212
https://kawalpemilu.org#13439,"TJ. HARO SIKABU-KABU PD. PANJANG, LUAK, LIMA PULUH KOTA, SUMATERA BARAT",15,10,151,161
https://kawalpemilu.org#13439,"TJ. HARO SIKABU-KABU PD. PANJANG, LUAK, LIMA PULUH KOTA, SUMATERA BARAT",16,14,148,162
https://kawalpemilu.org#13439,"TJ. HARO SIKABU-KABU PD. PANJANG, LUAK, LIMA PULUH KOTA, SUMATERA BARAT",17,8,140,148
https://kawalpemilu.org#13439,"TJ. HARO SIKABU-KABU PD. PANJANG, LUAK, LIMA PULUH KOTA, SUMATERA BARAT",18,5,130,135
https://kawalpemilu.org#13440,"MUNGO, LUAK, LIMA PULUH KOTA, SUMATERA BARAT",1,6,109,115
https://kawalpemilu.org#13440,"MUNGO, LUAK, LIMA PULUH KOTA, SUMATERA BARAT",2,9,88,97
https://kawalpemilu.org#13440,"MUNGO, LUAK, LIMA PULUH KOTA, SUMATERA BARAT",3,22,120,142
https://kawalpemilu.org#13440,"MUNGO, LUAK, LIMA PULUH KOTA, SUMATERA BARAT",4,14,130,144
https://kawalpemilu.org#13440,"MUNGO, LUAK, LIMA PULUH KOTA, SUMATERA BARAT",5,12,149,161
https://kawalpemilu.org#13440,"MUNGO, LUAK, LIMA PULUH KOTA, SUMATERA BARAT",6,20,129,149
https://kawalpemilu.org#13440,"MUNGO, LUAK, LIMA PULUH KOTA, SUMATERA BARAT",7,14,104,118
https://kawalpemilu.org#13440,"MUNGO, LUAK, LIMA PULUH KOTA, SUMATERA BARAT",8,8,81,89
https://kawalpemilu.org#13440,"MUNGO, LUAK, LIMA PULUH KOTA, SUMATERA BARAT",9,23,163,186
https://kawalpemilu.org#13440,"MUNGO, LUAK, LIMA PULUH KOTA, SUMATERA BARAT",10,24,152,176
https://kawalpemilu.org#13440,"MUNGO, LUAK, LIMA PULUH KOTA, SUMATERA BARAT",11,45,106,151
https://kawalpemilu.org#13440,"MUNGO, LUAK, LIMA PULUH KOTA, SUMATERA BARAT",12,24,98,122
https://kawalpemilu.org#13440,"MUNGO, LUAK, LIMA PULUH KOTA, SUMATERA BARAT",13,15,160,175
https://kawalpemilu.org#13440,"MUNGO, LUAK, LIMA PULUH KOTA, SUMATERA BARAT",14,23,144,167
https://kawalpemilu.org#13440,"MUNGO, LUAK, LIMA PULUH KOTA, SUMATERA BARAT",15,28,183,211
https://kawalpemilu.org#13440,"MUNGO, LUAK, LIMA PULUH KOTA, SUMATERA BARAT",16,40,169,209
https://kawalpemilu.org#13440,"MUNGO, LUAK, LIMA PULUH KOTA, SUMATERA BARAT",17,23,180,203
https://kawalpemilu.org#13440,"MUNGO, LUAK, LIMA PULUH KOTA, SUMATERA BARAT",18,17,165,182
https://kawalpemilu.org#13440,"MUNGO, LUAK, LIMA PULUH KOTA, SUMATERA BARAT",19,27,123,150
https://kawalpemilu.org#13440,"MUNGO, LUAK, LIMA PULUH KOTA, SUMATERA BARAT",20,20,122,142
https://kawalpemilu.org#13440,"MUNGO, LUAK, LIMA PULUH KOTA, SUMATERA BARAT",21,12,138,150
https://kawalpemilu.org#13440,"MUNGO, LUAK, LIMA PULUH KOTA, SUMATERA BARAT",22,14,136,150
https://kawalpemilu.org#13440,"MUNGO, LUAK, LIMA PULUH KOTA, SUMATERA BARAT",23,20,172,192
https://kawalpemilu.org#13440,"MUNGO, LUAK, LIMA PULUH KOTA, SUMATERA BARAT",25,26,147,173
https://kawalpemilu.org#13440,"MUNGO, LUAK, LIMA PULUH KOTA, SUMATERA BARAT",26,28,120,148
https://kawalpemilu.org#13440,"MUNGO, LUAK, LIMA PULUH KOTA, SUMATERA BARAT",27,26,156,182
https://kawalpemilu.org#13440,"MUNGO, LUAK, LIMA PULUH KOTA, SUMATERA BARAT",28,45,142,187
https://kawalpemilu.org#13440,"MUNGO, LUAK, LIMA PULUH KOTA, SUMATERA BARAT",29,18,152,170
https://kawalpemilu.org#13440,"MUNGO, LUAK, LIMA PULUH KOTA, SUMATERA BARAT",30,22,160,182
https://kawalpemilu.org#13440,"MUNGO, LUAK, LIMA PULUH KOTA, SUMATERA BARAT",31,26,215,241
https://kawalpemilu.org#13440,"MUNGO, LUAK, LIMA PULUH KOTA, SUMATERA BARAT",32,22,139,161
https://kawalpemilu.org#13441,"SUNGAI KAMUYANG, LUAK, LIMA PULUH KOTA, SUMATERA BARAT",1,24,187,211
https://kawalpemilu.org#13441,"SUNGAI KAMUYANG, LUAK, LIMA PULUH KOTA, SUMATERA BARAT",2,20,140,160
https://kawalpemilu.org#13441,"SUNGAI KAMUYANG, LUAK, LIMA PULUH KOTA, SUMATERA BARAT",3,19,131,150
https://kawalpemilu.org#13441,"SUNGAI KAMUYANG, LUAK, LIMA PULUH KOTA, SUMATERA BARAT",4,14,150,164
https://kawalpemilu.org#13441,"SUNGAI KAMUYANG, LUAK, LIMA PULUH KOTA, SUMATERA BARAT",5,26,169,195
https://kawalpemilu.org#13441,"SUNGAI KAMUYANG, LUAK, LIMA PULUH KOTA, SUMATERA BARAT",6,15,144,159
https://kawalpemilu.org#13441,"SUNGAI KAMUYANG, LUAK, LIMA PULUH KOTA, SUMATERA BARAT",7,15,160,175
https://kawalpemilu.org#13441,"SUNGAI KAMUYANG, LUAK, LIMA PULUH KOTA, SUMATERA BARAT",8,12,126,138
https://kawalpemilu.org#13441,"SUNGAI KAMUYANG, LUAK, LIMA PULUH KOTA, SUMATERA BARAT",9,14,118,132
https://kawalpemilu.org#13441,"SUNGAI KAMUYANG, LUAK, LIMA PULUH KOTA, SUMATERA BARAT",10,10,156,166
https://kawalpemilu.org#13441,"SUNGAI KAMUYANG, LUAK, LIMA PULUH KOTA, SUMATERA BARAT",11,22,101,123
https://kawalpemilu.org#13441,"SUNGAI KAMUYANG, LUAK, LIMA PULUH KOTA, SUMATERA BARAT",12,25,129,154
https://kawalpemilu.org#13441,"SUNGAI KAMUYANG, LUAK, LIMA PULUH KOTA, SUMATERA BARAT",13,29,104,133
https://kawalpemilu.org#13441,"SUNGAI KAMUYANG, LUAK, LIMA PULUH KOTA, SUMATERA BARAT",14,23,80,103
https://kawalpemilu.org#13441,"SUNGAI KAMUYANG, LUAK, LIMA PULUH KOTA, SUMATERA BARAT",15,26,145,171
https://kawalpemilu.org#13441,"SUNGAI KAMUYANG, LUAK, LIMA PULUH KOTA, SUMATERA BARAT",16,24,128,152
https://kawalpemilu.org#13441,"SUNGAI KAMUYANG, LUAK, LIMA PULUH KOTA, SUMATERA BARAT",17,5,163,168
https://kawalpemilu.org#13441,"SUNGAI KAMUYANG, LUAK, LIMA PULUH KOTA, SUMATERA BARAT",18,10,159,169
https://kawalpemilu.org#13441,"SUNGAI KAMUYANG, LUAK, LIMA PULUH KOTA, SUMATERA BARAT",19,12,150,162
https://kawalpemilu.org#13441,"SUNGAI KAMUYANG, LUAK, LIMA PULUH KOTA, SUMATERA BARAT",20,11,115,126
https://kawalpemilu.org#13441,"SUNGAI KAMUYANG, LUAK, LIMA PULUH KOTA, SUMATERA BARAT",21,29,209,238
https://kawalpemilu.org#13441,"SUNGAI KAMUYANG, LUAK, LIMA PULUH KOTA, SUMATERA BARAT",22,25,152,177
https://kawalpemilu.org#13441,"SUNGAI KAMUYANG, LUAK, LIMA PULUH KOTA, SUMATERA BARAT",23,16,155,171
https://kawalpemilu.org#13441,"SUNGAI KAMUYANG, LUAK, LIMA PULUH KOTA, SUMATERA BARAT",24,29,203,232
https://kawalpemilu.org#13441,"SUNGAI KAMUYANG, LUAK, LIMA PULUH KOTA, SUMATERA BARAT",25,13,114,127
https://kawalpemilu.org#13441,"SUNGAI KAMUYANG, LUAK, LIMA PULUH KOTA, SUMATERA BARAT",26,16,127,143
https://kawalpemilu.org#13442,"ANDALEH, LUAK, LIMA PULUH KOTA, SUMATERA BARAT",1,19,173,192
https://kawalpemilu.org#13442,"ANDALEH, LUAK, LIMA PULUH KOTA, SUMATERA BARAT",2,36,197,233
https://kawalpemilu.org#13442,"ANDALEH, LUAK, LIMA PULUH KOTA, SUMATERA BARAT",3,16,144,160
https://kawalpemilu.org#13442,"ANDALEH, LUAK, LIMA PULUH KOTA, SUMATERA BARAT",4,17,142,159
https://kawalpemilu.org#13442,"ANDALEH, LUAK, LIMA PULUH KOTA, SUMATERA BARAT",5,13,110,123
https://kawalpemilu.org#13442,"ANDALEH, LUAK, LIMA PULUH KOTA, SUMATERA BARAT",6,11,126,137
https://kawalpemilu.org#13442,"ANDALEH, LUAK, LIMA PULUH KOTA, SUMATERA BARAT",7,12,137,149
https://kawalpemilu.org#13442,"ANDALEH, LUAK, LIMA PULUH KOTA, SUMATERA BARAT",8,8,130,138
https://kawalpemilu.org#13442,"ANDALEH, LUAK, LIMA PULUH KOTA, SUMATERA BARAT",9,16,181,197
https://kawalpemilu.org#13442,"ANDALEH, LUAK, LIMA PULUH KOTA, SUMATERA BARAT",10,21,177,198
https://kawalpemilu.org#13442,"ANDALEH, LUAK, LIMA PULUH KOTA, SUMATERA BARAT",11,12,131,143
https://kawalpemilu.org#13442,"ANDALEH, LUAK, LIMA PULUH KOTA, SUMATERA BARAT",12,12,104,116
https://kawalpemilu.org#13442,"ANDALEH, LUAK, LIMA PULUH KOTA, SUMATERA BARAT",13,20,200,220
https://kawalpemilu.org#13442,"ANDALEH, LUAK, LIMA PULUH KOTA, SUMATERA BARAT",14,10,169,179
https://kawalpemilu.org#13442,"ANDALEH, LUAK, LIMA PULUH KOTA, SUMATERA BARAT",15,23,216,239
https://kawalpemilu.org#13442,"ANDALEH, LUAK, LIMA PULUH KOTA, SUMATERA BARAT",16,11,153,164
https://kawalpemilu.org#13442,"ANDALEH, LUAK, LIMA PULUH KOTA, SUMATERA BARAT",17,6,137,143
https://kawalpemilu.org#13444,"TARAM, HARAU, LIMA PULUH KOTA, SUMATERA BARAT",1,30,137,167
https://kawalpemilu.org#13444,"TARAM, HARAU, LIMA PULUH KOTA, SUMATERA BARAT",2,20,103,123
https://kawalpemilu.org#13444,"TARAM, HARAU, LIMA PULUH KOTA, SUMATERA BARAT",3,17,111,128
https://kawalpemilu.org#13444,"TARAM, HARAU, LIMA PULUH KOTA, SUMATERA BARAT",4,37,144,181
https://kawalpemilu.org#13444,"TARAM, HARAU, LIMA PULUH KOTA, SUMATERA BARAT",5,40,151,191
https://kawalpemilu.org#13444,"TARAM, HARAU, LIMA PULUH KOTA, SUMATERA BARAT",6,27,143,170
https://kawalpemilu.org#13444,"TARAM, HARAU, LIMA PULUH KOTA, SUMATERA BARAT",7,36,124,160
https://kawalpemilu.org#13444,"TARAM, HARAU, LIMA PULUH KOTA, SUMATERA BARAT",8,33,137,170
https://kawalpemilu.org#13444,"TARAM, HARAU, LIMA PULUH KOTA, SUMATERA BARAT",9,26,110,136
https://kawalpemilu.org#13444,"TARAM, HARAU, LIMA PULUH KOTA, SUMATERA BARAT",10,32,107,139
https://kawalpemilu.org#13444,"TARAM, HARAU, LIMA PULUH KOTA, SUMATERA BARAT",11,39,153,192
https://kawalpemilu.org#13444,"TARAM, HARAU, LIMA PULUH KOTA, SUMATERA BARAT",12,29,113,142
https://kawalpemilu.org#13444,"TARAM, HARAU, LIMA PULUH KOTA, SUMATERA BARAT",13,20,129,149
https://kawalpemilu.org#13444,"TARAM, HARAU, LIMA PULUH KOTA, SUMATERA BARAT",14,33,129,162
https://kawalpemilu.org#13444,"TARAM, HARAU, LIMA PULUH KOTA, SUMATERA BARAT",15,22,122,144
https://kawalpemilu.org#13444,"TARAM, HARAU, LIMA PULUH KOTA, SUMATERA BARAT",16,23,129,152
https://kawalpemilu.org#13444,"TARAM, HARAU, LIMA PULUH KOTA, SUMATERA BARAT",17,23,127,150
https://kawalpemilu.org#13444,"TARAM, HARAU, LIMA PULUH KOTA, SUMATERA BARAT",18,16,126,142
https://kawalpemilu.org#13444,"TARAM, HARAU, LIMA PULUH KOTA, SUMATERA BARAT",19,13,119,132
https://kawalpemilu.org#13444,"TARAM, HARAU, LIMA PULUH KOTA, SUMATERA BARAT",20,21,151,172
https://kawalpemilu.org#13444,"TARAM, HARAU, LIMA PULUH KOTA, SUMATERA BARAT",21,37,113,150
https://kawalpemilu.org#13444,"TARAM, HARAU, LIMA PULUH KOTA, SUMATERA BARAT",22,20,184,204
https://kawalpemilu.org#13444,"TARAM, HARAU, LIMA PULUH KOTA, SUMATERA BARAT",23,28,162,190
https://kawalpemilu.org#13444,"TARAM, HARAU, LIMA PULUH KOTA, SUMATERA BARAT",24,26,199,225
https://kawalpemilu.org#13444,"TARAM, HARAU, LIMA PULUH KOTA, SUMATERA BARAT",25,9,114,123
https://kawalpemilu.org#13444,"TARAM, HARAU, LIMA PULUH KOTA, SUMATERA BARAT",26,15,125,140
https://kawalpemilu.org#13444,"TARAM, HARAU, LIMA PULUH KOTA, SUMATERA BARAT",27,31,141,172
https://kawalpemilu.org#13444,"TARAM, HARAU, LIMA PULUH KOTA, SUMATERA BARAT",28,14,200,214
https://kawalpemilu.org#13444,"TARAM, HARAU, LIMA PULUH KOTA, SUMATERA BARAT",29,31,170,201
https://kawalpemilu.org#13444,"TARAM, HARAU, LIMA PULUH KOTA, SUMATERA BARAT",30,27,185,212
https://kawalpemilu.org#13445,"SOLOK BIO BIO, HARAU, LIMA PULUH KOTA, SUMATERA BARAT",1,34,75,109
https://kawalpemilu.org#13445,"SOLOK BIO BIO, HARAU, LIMA PULUH KOTA, SUMATERA BARAT",2,39,98,137
https://kawalpemilu.org#13445,"SOLOK BIO BIO, HARAU, LIMA PULUH KOTA, SUMATERA BARAT",3,30,182,212
https://kawalpemilu.org#13445,"SOLOK BIO BIO, HARAU, LIMA PULUH KOTA, SUMATERA BARAT",4,29,85,114
https://kawalpemilu.org#13445,"SOLOK BIO BIO, HARAU, LIMA PULUH KOTA, SUMATERA BARAT",5,23,161,184
https://kawalpemilu.org#13445,"SOLOK BIO BIO, HARAU, LIMA PULUH KOTA, SUMATERA BARAT",6,32,182,214
https://kawalpemilu.org#13445,"SOLOK BIO BIO, HARAU, LIMA PULUH KOTA, SUMATERA BARAT",7,18,146,164
https://kawalpemilu.org#13445,"SOLOK BIO BIO, HARAU, LIMA PULUH KOTA, SUMATERA BARAT",8,16,162,178
https://kawalpemilu.org#13446,"TARANTANG, HARAU, LIMA PULUH KOTA, SUMATERA BARAT",1,36,122,158
https://kawalpemilu.org#13446,"TARANTANG, HARAU, LIMA PULUH KOTA, SUMATERA BARAT",2,25,126,151
https://kawalpemilu.org#13446,"TARANTANG, HARAU, LIMA PULUH KOTA, SUMATERA BARAT",3,34,140,174
https://kawalpemilu.org#13446,"TARANTANG, HARAU, LIMA PULUH KOTA, SUMATERA BARAT",4,25,137,162
https://kawalpemilu.org#13446,"TARANTANG, HARAU, LIMA PULUH KOTA, SUMATERA BARAT",5,23,108,131
https://kawalpemilu.org#13446,"TARANTANG, HARAU, LIMA PULUH KOTA, SUMATERA BARAT",6,23,114,137
https://kawalpemilu.org#13446,"TARANTANG, HARAU, LIMA PULUH KOTA, SUMATERA BARAT",7,37,185,222
https://kawalpemilu.org#13446,"TARANTANG, HARAU, LIMA PULUH KOTA, SUMATERA BARAT",8,25,143,168
https://kawalpemilu.org#13446,"TARANTANG, HARAU, LIMA PULUH KOTA, SUMATERA BARAT",9,20,122,142
https://kawalpemilu.org#13447,"BUKIK LIMBUKU, HARAU, LIMA PULUH KOTA, SUMATERA BARAT",1,12,149,161
https://kawalpemilu.org#13447,"BUKIK LIMBUKU, HARAU, LIMA PULUH KOTA, SUMATERA BARAT",2,9,153,162
https://kawalpemilu.org#13447,"BUKIK LIMBUKU, HARAU, LIMA PULUH KOTA, SUMATERA BARAT",3,18,191,209
https://kawalpemilu.org#13447,"BUKIK LIMBUKU, HARAU, LIMA PULUH KOTA, SUMATERA BARAT",4,29,190,0
https://kawalpemilu.org#13447,"BUKIK LIMBUKU, HARAU, LIMA PULUH KOTA, SUMATERA BARAT",5,38,120,158
https://kawalpemilu.org#13448,"HARAU, HARAU, LIMA PULUH KOTA, SUMATERA BARAT",1,42,197,239
https://kawalpemilu.org#13448,"HARAU, HARAU, LIMA PULUH KOTA, SUMATERA BARAT",2,41,174,215
https://kawalpemilu.org#13448,"HARAU, HARAU, LIMA PULUH KOTA, SUMATERA BARAT",3,4,180,184
https://kawalpemilu.org#13448,"HARAU, HARAU, LIMA PULUH KOTA, SUMATERA BARAT",4,27,166,193
https://kawalpemilu.org#13448,"HARAU, HARAU, LIMA PULUH KOTA, SUMATERA BARAT",5,30,131,161
https://kawalpemilu.org#13448,"HARAU, HARAU, LIMA PULUH KOTA, SUMATERA BARAT",6,41,132,173
https://kawalpemilu.org#13448,"HARAU, HARAU, LIMA PULUH KOTA, SUMATERA BARAT",7,35,119,154
https://kawalpemilu.org#13448,"HARAU, HARAU, LIMA PULUH KOTA, SUMATERA BARAT",8,29,107,136
https://kawalpemilu.org#13448,"HARAU, HARAU, LIMA PULUH KOTA, SUMATERA BARAT",9,46,192,238
https://kawalpemilu.org#13448,"HARAU, HARAU, LIMA PULUH KOTA, SUMATERA BARAT",10,13,78,91
https://kawalpemilu.org#13449,"BATU BALANG, HARAU, LIMA PULUH KOTA, SUMATERA BARAT",1,25,184,209
https://kawalpemilu.org#13449,"BATU BALANG, HARAU, LIMA PULUH KOTA, SUMATERA BARAT",2,22,181,203
https://kawalpemilu.org#13449,"BATU BALANG, HARAU, LIMA PULUH KOTA, SUMATERA BARAT",3,20,176,196
https://kawalpemilu.org#13449,"BATU BALANG, HARAU, LIMA PULUH KOTA, SUMATERA BARAT",4,36,149,185
https://kawalpemilu.org#13449,"BATU BALANG, HARAU, LIMA PULUH KOTA, SUMATERA BARAT",5,29,168,197
https://kawalpemilu.org#13449,"BATU BALANG, HARAU, LIMA PULUH KOTA, SUMATERA BARAT",6,20,191,211
https://kawalpemilu.org#13449,"BATU BALANG, HARAU, LIMA PULUH KOTA, SUMATERA BARAT",7,38,218,256
https://kawalpemilu.org#13449,"BATU BALANG, HARAU, LIMA PULUH KOTA, SUMATERA BARAT",8,24,212,236
https://kawalpemilu.org#13449,"BATU BALANG, HARAU, LIMA PULUH KOTA, SUMATERA BARAT",9,27,180,207
https://kawalpemilu.org#13449,"BATU BALANG, HARAU, LIMA PULUH KOTA, SUMATERA BARAT",10,35,158,193
https://kawalpemilu.org#13449,"BATU BALANG, HARAU, LIMA PULUH KOTA, SUMATERA BARAT",11,26,178,204
https://kawalpemilu.org#13449,"BATU BALANG, HARAU, LIMA PULUH KOTA, SUMATERA BARAT",12,19,157,176
https://kawalpemilu.org#13449,"BATU BALANG, HARAU, LIMA PULUH KOTA, SUMATERA BARAT",13,22,148,170
https://kawalpemilu.org#13449,"BATU BALANG, HARAU, LIMA PULUH KOTA, SUMATERA BARAT",14,20,137,157
https://kawalpemilu.org#13449,"BATU BALANG, HARAU, LIMA PULUH KOTA, SUMATERA BARAT",15,63,121,184
https://kawalpemilu.org#13449,"BATU BALANG, HARAU, LIMA PULUH KOTA, SUMATERA BARAT",16,62,90,152
https://kawalpemilu.org#13449,"BATU BALANG, HARAU, LIMA PULUH KOTA, SUMATERA BARAT",17,32,153,185
https://kawalpemilu.org#13449,"BATU BALANG, HARAU, LIMA PULUH KOTA, SUMATERA BARAT",18,23,164,187
https://kawalpemilu.org#13450,"SARILAMAK, HARAU, LIMA PULUH KOTA, SUMATERA BARAT",1,51,144,195
https://kawalpemilu.org#13450,"SARILAMAK, HARAU, LIMA PULUH KOTA, SUMATERA BARAT",2,39,144,183
https://kawalpemilu.org#13450,"SARILAMAK, HARAU, LIMA PULUH KOTA, SUMATERA BARAT",3,45,119,164
https://kawalpemilu.org#13450,"SARILAMAK, HARAU, LIMA PULUH KOTA, SUMATERA BARAT",4,57,113,170
https://kawalpemilu.org#13450,"SARILAMAK, HARAU, LIMA PULUH KOTA, SUMATERA BARAT",5,41,155,196
https://kawalpemilu.org#13450,"SARILAMAK, HARAU, LIMA PULUH KOTA, SUMATERA BARAT",6,58,160,218
https://kawalpemilu.org#13450,"SARILAMAK, HARAU, LIMA PULUH KOTA, SUMATERA BARAT",7,67,112,179
https://kawalpemilu.org#13450,"SARILAMAK, HARAU, LIMA PULUH KOTA, SUMATERA BARAT",8,26,214,240
https://kawalpemilu.org#13450,"SARILAMAK, HARAU, LIMA PULUH KOTA, SUMATERA BARAT",9,24,203,227
https://kawalpemilu.org#13450,"SARILAMAK, HARAU, LIMA PULUH KOTA, SUMATERA BARAT",10,32,167,199
https://kawalpemilu.org#13450,"SARILAMAK, HARAU, LIMA PULUH KOTA, SUMATERA BARAT",11,26,140,166
https://kawalpemilu.org#13450,"SARILAMAK, HARAU, LIMA PULUH KOTA, SUMATERA BARAT",12,41,196,237
https://kawalpemilu.org#13450,"SARILAMAK, HARAU, LIMA PULUH KOTA, SUMATERA BARAT",13,22,139,161
https://kawalpemilu.org#13450,"SARILAMAK, HARAU, LIMA PULUH KOTA, SUMATERA BARAT",14,37,156,193
https://kawalpemilu.org#13450,"SARILAMAK, HARAU, LIMA PULUH KOTA, SUMATERA BARAT",15,25,187,212
https://kawalpemilu.org#13450,"SARILAMAK, HARAU, LIMA PULUH KOTA, SUMATERA BARAT",16,15,118,133
https://kawalpemilu.org#13450,"SARILAMAK, HARAU, LIMA PULUH KOTA, SUMATERA BARAT",17,22,141,163
https://kawalpemilu.org#13450,"SARILAMAK, HARAU, LIMA PULUH KOTA, SUMATERA BARAT",18,31,153,184
https://kawalpemilu.org#13450,"SARILAMAK, HARAU, LIMA PULUH KOTA, SUMATERA BARAT",19,29,194,223
https://kawalpemilu.org#13450,"SARILAMAK, HARAU, LIMA PULUH KOTA, SUMATERA BARAT",20,23,136,159
https://kawalpemilu.org#13450,"SARILAMAK, HARAU, LIMA PULUH KOTA, SUMATERA BARAT",21,20,163,183
https://kawalpemilu.org#13450,"SARILAMAK, HARAU, LIMA PULUH KOTA, SUMATERA BARAT",22,17,134,151
https://kawalpemilu.org#13450,"SARILAMAK, HARAU, LIMA PULUH KOTA, SUMATERA BARAT",23,22,139,161
https://kawalpemilu.org#13450,"SARILAMAK, HARAU, LIMA PULUH KOTA, SUMATERA BARAT",24,14,117,131
https://kawalpemilu.org#13450,"SARILAMAK, HARAU, LIMA PULUH KOTA, SUMATERA BARAT",25,34,165,199
https://kawalpemilu.org#13450,"SARILAMAK, HARAU, LIMA PULUH KOTA, SUMATERA BARAT",26,35,119,154
https://kawalpemilu.org#13450,"SARILAMAK, HARAU, LIMA PULUH KOTA, SUMATERA BARAT",27,34,147,181
https://kawalpemilu.org#13450,"SARILAMAK, HARAU, LIMA PULUH KOTA, SUMATERA BARAT",28,57,148,205
https://kawalpemilu.org#13450,"SARILAMAK, HARAU, LIMA PULUH KOTA, SUMATERA BARAT",29,33,163,196
https://kawalpemilu.org#13450,"SARILAMAK, HARAU, LIMA PULUH KOTA, SUMATERA BARAT",30,26,140,166
https://kawalpemilu.org#13450,"SARILAMAK, HARAU, LIMA PULUH KOTA, SUMATERA BARAT",31,29,100,129
https://kawalpemilu.org#13450,"SARILAMAK, HARAU, LIMA PULUH KOTA, SUMATERA BARAT",32,27,101,128
https://kawalpemilu.org#13450,"SARILAMAK, HARAU, LIMA PULUH KOTA, SUMATERA BARAT",33,25,193,218
https://kawalpemilu.org#13450,"SARILAMAK, HARAU, LIMA PULUH KOTA, SUMATERA BARAT",34,38,143,181
https://kawalpemilu.org#13450,"SARILAMAK, HARAU, LIMA PULUH KOTA, SUMATERA BARAT",35,29,108,137
https://kawalpemilu.org#13450,"SARILAMAK, HARAU, LIMA PULUH KOTA, SUMATERA BARAT",36,24,125,149
https://kawalpemilu.org#13450,"SARILAMAK, HARAU, LIMA PULUH KOTA, SUMATERA BARAT",37,32,114,146
https://kawalpemilu.org#13450,"SARILAMAK, HARAU, LIMA PULUH KOTA, SUMATERA BARAT",38,19,98,117
https://kawalpemilu.org#13450,"SARILAMAK, HARAU, LIMA PULUH KOTA, SUMATERA BARAT",39,35,121,156
https://kawalpemilu.org#13450,"SARILAMAK, HARAU, LIMA PULUH KOTA, SUMATERA BARAT",40,37,118,155
https://kawalpemilu.org#13450,"SARILAMAK, HARAU, LIMA PULUH KOTA, SUMATERA BARAT",41,49,138,187
https://kawalpemilu.org#13451,"GURUN, HARAU, LIMA PULUH KOTA, SUMATERA BARAT",1,20,197,217
https://kawalpemilu.org#13451,"GURUN, HARAU, LIMA PULUH KOTA, SUMATERA BARAT",2,31,152,183
https://kawalpemilu.org#13451,"GURUN, HARAU, LIMA PULUH KOTA, SUMATERA BARAT",3,42,143,185
https://kawalpemilu.org#13451,"GURUN, HARAU, LIMA PULUH KOTA, SUMATERA BARAT",4,12,145,157
https://kawalpemilu.org#13451,"GURUN, HARAU, LIMA PULUH KOTA, SUMATERA BARAT",5,29,129,158
https://kawalpemilu.org#13451,"GURUN, HARAU, LIMA PULUH KOTA, SUMATERA BARAT",6,18,139,157
https://kawalpemilu.org#13451,"GURUN, HARAU, LIMA PULUH KOTA, SUMATERA BARAT",7,26,127,153
https://kawalpemilu.org#13452,"LUBUAK BATINGKOK, HARAU, LIMA PULUH KOTA, SUMATERA BARAT",1,21,185,206
https://kawalpemilu.org#13452,"LUBUAK BATINGKOK, HARAU, LIMA PULUH KOTA, SUMATERA BARAT",2,16,173,189
https://kawalpemilu.org#13452,"LUBUAK BATINGKOK, HARAU, LIMA PULUH KOTA, SUMATERA BARAT",3,10,171,181
https://kawalpemilu.org#13452,"LUBUAK BATINGKOK, HARAU, LIMA PULUH KOTA, SUMATERA BARAT",4,15,148,163
https://kawalpemilu.org#13452,"LUBUAK BATINGKOK, HARAU, LIMA PULUH KOTA, SUMATERA BARAT",5,14,176,190
https://kawalpemilu.org#13452,"LUBUAK BATINGKOK, HARAU, LIMA PULUH KOTA, SUMATERA BARAT",6,16,189,205
https://kawalpemilu.org#13452,"LUBUAK BATINGKOK, HARAU, LIMA PULUH KOTA, SUMATERA BARAT",7,14,138,152
https://kawalpemilu.org#13452,"LUBUAK BATINGKOK, HARAU, LIMA PULUH KOTA, SUMATERA BARAT",8,21,137,158
https://kawalpemilu.org#13452,"LUBUAK BATINGKOK, HARAU, LIMA PULUH KOTA, SUMATERA BARAT",9,18,122,140
https://kawalpemilu.org#13452,"LUBUAK BATINGKOK, HARAU, LIMA PULUH KOTA, SUMATERA BARAT",10,12,125,137
https://kawalpemilu.org#13452,"LUBUAK BATINGKOK, HARAU, LIMA PULUH KOTA, SUMATERA BARAT",11,14,123,137
https://kawalpemilu.org#13452,"LUBUAK BATINGKOK, HARAU, LIMA PULUH KOTA, SUMATERA BARAT",12,17,131,148
https://kawalpemilu.org#13453,"KOTO TUO, HARAU, LIMA PULUH KOTA, SUMATERA BARAT",1,12,218,230
https://kawalpemilu.org#13453,"KOTO TUO, HARAU, LIMA PULUH KOTA, SUMATERA BARAT",2,23,196,219
https://kawalpemilu.org#13453,"KOTO TUO, HARAU, LIMA PULUH KOTA, SUMATERA BARAT",3,20,166,186
https://kawalpemilu.org#13453,"KOTO TUO, HARAU, LIMA PULUH KOTA, SUMATERA BARAT",4,23,151,174
https://kawalpemilu.org#13453,"KOTO TUO, HARAU, LIMA PULUH KOTA, SUMATERA BARAT",5,26,237,263
https://kawalpemilu.org#13453,"KOTO TUO, HARAU, LIMA PULUH KOTA, SUMATERA BARAT",6,17,190,207
https://kawalpemilu.org#13453,"KOTO TUO, HARAU, LIMA PULUH KOTA, SUMATERA BARAT",7,28,151,0
https://kawalpemilu.org#13453,"KOTO TUO, HARAU, LIMA PULUH KOTA, SUMATERA BARAT",8,45,168,213
https://kawalpemilu.org#13453,"KOTO TUO, HARAU, LIMA PULUH KOTA, SUMATERA BARAT",9,31,111,142
https://kawalpemilu.org#13453,"KOTO TUO, HARAU, LIMA PULUH KOTA, SUMATERA BARAT",10,26,196,222
https://kawalpemilu.org#13453,"KOTO TUO, HARAU, LIMA PULUH KOTA, SUMATERA BARAT",11,30,191,221
https://kawalpemilu.org#13453,"KOTO TUO, HARAU, LIMA PULUH KOTA, SUMATERA BARAT",12,39,211,250
https://kawalpemilu.org#13453,"KOTO TUO, HARAU, LIMA PULUH KOTA, SUMATERA BARAT",13,30,205,235
https://kawalpemilu.org#13453,"KOTO TUO, HARAU, LIMA PULUH KOTA, SUMATERA BARAT",14,14,168,182
https://kawalpemilu.org#13453,"KOTO TUO, HARAU, LIMA PULUH KOTA, SUMATERA BARAT",15,30,220,250
https://kawalpemilu.org#13453,"KOTO TUO, HARAU, LIMA PULUH KOTA, SUMATERA BARAT",16,25,158,183
https://kawalpemilu.org#13453,"KOTO TUO, HARAU, LIMA PULUH KOTA, SUMATERA BARAT",17,30,154,184
https://kawalpemilu.org#13453,"KOTO TUO, HARAU, LIMA PULUH KOTA, SUMATERA BARAT",18,37,144,181
https://kawalpemilu.org#13453,"KOTO TUO, HARAU, LIMA PULUH KOTA, SUMATERA BARAT",19,47,203,250
https://kawalpemilu.org#13453,"KOTO TUO, HARAU, LIMA PULUH KOTA, SUMATERA BARAT",20,32,223,255
https://kawalpemilu.org#13454,"PILUBANG, HARAU, LIMA PULUH KOTA, SUMATERA BARAT",1,15,221,236
https://kawalpemilu.org#13454,"PILUBANG, HARAU, LIMA PULUH KOTA, SUMATERA BARAT",2,22,209,231
https://kawalpemilu.org#13454,"PILUBANG, HARAU, LIMA PULUH KOTA, SUMATERA BARAT",3,20,232,252
https://kawalpemilu.org#13454,"PILUBANG, HARAU, LIMA PULUH KOTA, SUMATERA BARAT",4,28,223,251
https://kawalpemilu.org#13456,"MANGGILANG, PANGKALAN KOTO BARU, LIMA PULUH KOTA, SUMATERA BARAT",1,12,166,178
https://kawalpemilu.org#13456,"MANGGILANG, PANGKALAN KOTO BARU, LIMA PULUH KOTA, SUMATERA BARAT",2,31,157,188
https://kawalpemilu.org#13456,"MANGGILANG, PANGKALAN KOTO BARU, LIMA PULUH KOTA, SUMATERA BARAT",3,24,147,171
https://kawalpemilu.org#13456,"MANGGILANG, PANGKALAN KOTO BARU, LIMA PULUH KOTA, SUMATERA BARAT",4,23,162,185
https://kawalpemilu.org#13456,"MANGGILANG, PANGKALAN KOTO BARU, LIMA PULUH KOTA, SUMATERA BARAT",5,8,172,180
https://kawalpemilu.org#13456,"MANGGILANG, PANGKALAN KOTO BARU, LIMA PULUH KOTA, SUMATERA BARAT",7,12,176,188
https://kawalpemilu.org#13456,"MANGGILANG, PANGKALAN KOTO BARU, LIMA PULUH KOTA, SUMATERA BARAT",8,18,153,171
https://kawalpemilu.org#13456,"MANGGILANG, PANGKALAN KOTO BARU, LIMA PULUH KOTA, SUMATERA BARAT",9,15,143,158
https://kawalpemilu.org#13456,"MANGGILANG, PANGKALAN KOTO BARU, LIMA PULUH KOTA, SUMATERA BARAT",10,20,168,188
https://kawalpemilu.org#13456,"MANGGILANG, PANGKALAN KOTO BARU, LIMA PULUH KOTA, SUMATERA BARAT",11,11,189,200
https://kawalpemilu.org#13456,"MANGGILANG, PANGKALAN KOTO BARU, LIMA PULUH KOTA, SUMATERA BARAT",12,11,132,143
https://kawalpemilu.org#13456,"MANGGILANG, PANGKALAN KOTO BARU, LIMA PULUH KOTA, SUMATERA BARAT",13,11,166,177
https://kawalpemilu.org#13456,"MANGGILANG, PANGKALAN KOTO BARU, LIMA PULUH KOTA, SUMATERA BARAT",14,8,169,177
https://kawalpemilu.org#13456,"MANGGILANG, PANGKALAN KOTO BARU, LIMA PULUH KOTA, SUMATERA BARAT",15,7,158,165
https://kawalpemilu.org#13457,"TANJUANG BALIK, PANGKALAN KOTO BARU, LIMA PULUH KOTA, SUMATERA BARAT",1,9,136,145
https://kawalpemilu.org#13457,"TANJUANG BALIK, PANGKALAN KOTO BARU, LIMA PULUH KOTA, SUMATERA BARAT",2,16,98,114
https://kawalpemilu.org#13457,"TANJUANG BALIK, PANGKALAN KOTO BARU, LIMA PULUH KOTA, SUMATERA BARAT",3,20,118,138
https://kawalpemilu.org#13457,"TANJUANG BALIK, PANGKALAN KOTO BARU, LIMA PULUH KOTA, SUMATERA BARAT",4,21,108,129
https://kawalpemilu.org#13457,"TANJUANG BALIK, PANGKALAN KOTO BARU, LIMA PULUH KOTA, SUMATERA BARAT",5,9,199,208
https://kawalpemilu.org#13457,"TANJUANG BALIK, PANGKALAN KOTO BARU, LIMA PULUH KOTA, SUMATERA BARAT",6,10,129,139
https://kawalpemilu.org#13457,"TANJUANG BALIK, PANGKALAN KOTO BARU, LIMA PULUH KOTA, SUMATERA BARAT",7,13,137,150
https://kawalpemilu.org#13457,"TANJUANG BALIK, PANGKALAN KOTO BARU, LIMA PULUH KOTA, SUMATERA BARAT",8,26,189,215
https://kawalpemilu.org#13458,"GUNUANG MALINTANG, PANGKALAN KOTO BARU, LIMA PULUH KOTA, SUMATERA BARAT",1,13,183,196
https://kawalpemilu.org#13458,"GUNUANG MALINTANG, PANGKALAN KOTO BARU, LIMA PULUH KOTA, SUMATERA BARAT",2,19,196,215
https://kawalpemilu.org#13458,"GUNUANG MALINTANG, PANGKALAN KOTO BARU, LIMA PULUH KOTA, SUMATERA BARAT",3,36,190,226
https://kawalpemilu.org#13458,"GUNUANG MALINTANG, PANGKALAN KOTO BARU, LIMA PULUH KOTA, SUMATERA BARAT",4,19,171,190
https://kawalpemilu.org#13458,"GUNUANG MALINTANG, PANGKALAN KOTO BARU, LIMA PULUH KOTA, SUMATERA BARAT",5,18,183,201
https://kawalpemilu.org#13458,"GUNUANG MALINTANG, PANGKALAN KOTO BARU, LIMA PULUH KOTA, SUMATERA BARAT",6,15,209,224
https://kawalpemilu.org#13458,"GUNUANG MALINTANG, PANGKALAN KOTO BARU, LIMA PULUH KOTA, SUMATERA BARAT",7,8,181,189
https://kawalpemilu.org#13458,"GUNUANG MALINTANG, PANGKALAN KOTO BARU, LIMA PULUH KOTA, SUMATERA BARAT",8,19,234,253
https://kawalpemilu.org#13458,"GUNUANG MALINTANG, PANGKALAN KOTO BARU, LIMA PULUH KOTA, SUMATERA BARAT",9,27,217,244
https://kawalpemilu.org#13458,"GUNUANG MALINTANG, PANGKALAN KOTO BARU, LIMA PULUH KOTA, SUMATERA BARAT",10,11,138,149
https://kawalpemilu.org#13458,"GUNUANG MALINTANG, PANGKALAN KOTO BARU, LIMA PULUH KOTA, SUMATERA BARAT",11,12,131,143
https://kawalpemilu.org#13458,"GUNUANG MALINTANG, PANGKALAN KOTO BARU, LIMA PULUH KOTA, SUMATERA BARAT",12,19,216,235
https://kawalpemilu.org#13458,"GUNUANG MALINTANG, PANGKALAN KOTO BARU, LIMA PULUH KOTA, SUMATERA BARAT",13,20,104,124
https://kawalpemilu.org#13458,"GUNUANG MALINTANG, PANGKALAN KOTO BARU, LIMA PULUH KOTA, SUMATERA BARAT",14,22,109,131
https://kawalpemilu.org#13458,"GUNUANG MALINTANG, PANGKALAN KOTO BARU, LIMA PULUH KOTA, SUMATERA BARAT",15,13,130,143
https://kawalpemilu.org#13458,"GUNUANG MALINTANG, PANGKALAN KOTO BARU, LIMA PULUH KOTA, SUMATERA BARAT",16,15,121,136
https://kawalpemilu.org#13458,"GUNUANG MALINTANG, PANGKALAN KOTO BARU, LIMA PULUH KOTA, SUMATERA BARAT",17,24,108,132
https://kawalpemilu.org#13458,"GUNUANG MALINTANG, PANGKALAN KOTO BARU, LIMA PULUH KOTA, SUMATERA BARAT",18,38,92,130
https://kawalpemilu.org#13458,"GUNUANG MALINTANG, PANGKALAN KOTO BARU, LIMA PULUH KOTA, SUMATERA BARAT",20,32,107,139
https://kawalpemilu.org#13458,"GUNUANG MALINTANG, PANGKALAN KOTO BARU, LIMA PULUH KOTA, SUMATERA BARAT",21,45,152,197
https://kawalpemilu.org#13458,"GUNUANG MALINTANG, PANGKALAN KOTO BARU, LIMA PULUH KOTA, SUMATERA BARAT",22,21,103,124
https://kawalpemilu.org#13459,"PANGKALAN, PANGKALAN KOTO BARU, LIMA PULUH KOTA, SUMATERA BARAT",1,21,184,205
https://kawalpemilu.org#13459,"PANGKALAN, PANGKALAN KOTO BARU, LIMA PULUH KOTA, SUMATERA BARAT",2,14,191,205
https://kawalpemilu.org#13459,"PANGKALAN, PANGKALAN KOTO BARU, LIMA PULUH KOTA, SUMATERA BARAT",3,21,196,217
https://kawalpemilu.org#13459,"PANGKALAN, PANGKALAN KOTO BARU, LIMA PULUH KOTA, SUMATERA BARAT",4,18,163,181
https://kawalpemilu.org#13459,"PANGKALAN, PANGKALAN KOTO BARU, LIMA PULUH KOTA, SUMATERA BARAT",5,15,148,163
https://kawalpemilu.org#13459,"PANGKALAN, PANGKALAN KOTO BARU, LIMA PULUH KOTA, SUMATERA BARAT",6,5,145,150
https://kawalpemilu.org#13459,"PANGKALAN, PANGKALAN KOTO BARU, LIMA PULUH KOTA, SUMATERA BARAT",7,11,100,111
https://kawalpemilu.org#13459,"PANGKALAN, PANGKALAN KOTO BARU, LIMA PULUH KOTA, SUMATERA BARAT",8,3,118,121
https://kawalpemilu.org#13459,"PANGKALAN, PANGKALAN KOTO BARU, LIMA PULUH KOTA, SUMATERA BARAT",9,5,104,109
https://kawalpemilu.org#13459,"PANGKALAN, PANGKALAN KOTO BARU, LIMA PULUH KOTA, SUMATERA BARAT",10,4,135,139
https://kawalpemilu.org#13459,"PANGKALAN, PANGKALAN KOTO BARU, LIMA PULUH KOTA, SUMATERA BARAT",11,4,89,93
https://kawalpemilu.org#13459,"PANGKALAN, PANGKALAN KOTO BARU, LIMA PULUH KOTA, SUMATERA BARAT",12,8,123,131
https://kawalpemilu.org#13459,"PANGKALAN, PANGKALAN KOTO BARU, LIMA PULUH KOTA, SUMATERA BARAT",13,11,107,118
https://kawalpemilu.org#13459,"PANGKALAN, PANGKALAN KOTO BARU, LIMA PULUH KOTA, SUMATERA BARAT",14,5,119,124
https://kawalpemilu.org#13459,"PANGKALAN, PANGKALAN KOTO BARU, LIMA PULUH KOTA, SUMATERA BARAT",15,8,70,78
https://kawalpemilu.org#13459,"PANGKALAN, PANGKALAN KOTO BARU, LIMA PULUH KOTA, SUMATERA BARAT",16,8,60,68
https://kawalpemilu.org#13459,"PANGKALAN, PANGKALAN KOTO BARU, LIMA PULUH KOTA, SUMATERA BARAT",17,14,99,113
https://kawalpemilu.org#13459,"PANGKALAN, PANGKALAN KOTO BARU, LIMA PULUH KOTA, SUMATERA BARAT",18,12,87,99
https://kawalpemilu.org#13459,"PANGKALAN, PANGKALAN KOTO BARU, LIMA PULUH KOTA, SUMATERA BARAT",19,14,116,130
https://kawalpemilu.org#13459,"PANGKALAN, PANGKALAN KOTO BARU, LIMA PULUH KOTA, SUMATERA BARAT",20,19,190,209
https://kawalpemilu.org#13459,"PANGKALAN, PANGKALAN KOTO BARU, LIMA PULUH KOTA, SUMATERA BARAT",21,3,137,140
https://kawalpemilu.org#13459,"PANGKALAN, PANGKALAN KOTO BARU, LIMA PULUH KOTA, SUMATERA BARAT",22,9,179,188
https://kawalpemilu.org#13459,"PANGKALAN, PANGKALAN KOTO BARU, LIMA PULUH KOTA, SUMATERA BARAT",23,6,124,130
https://kawalpemilu.org#13459,"PANGKALAN, PANGKALAN KOTO BARU, LIMA PULUH KOTA, SUMATERA BARAT",24,6,94,100
https://kawalpemilu.org#13459,"PANGKALAN, PANGKALAN KOTO BARU, LIMA PULUH KOTA, SUMATERA BARAT",25,3,186,189
https://kawalpemilu.org#13459,"PANGKALAN, PANGKALAN KOTO BARU, LIMA PULUH KOTA, SUMATERA BARAT",26,3,190,193
https://kawalpemilu.org#13459,"PANGKALAN, PANGKALAN KOTO BARU, LIMA PULUH KOTA, SUMATERA BARAT",27,12,121,133
https://kawalpemilu.org#13459,"PANGKALAN, PANGKALAN KOTO BARU, LIMA PULUH KOTA, SUMATERA BARAT",28,8,125,133
https://kawalpemilu.org#13459,"PANGKALAN, PANGKALAN KOTO BARU, LIMA PULUH KOTA, SUMATERA BARAT",29,17,180,197
https://kawalpemilu.org#13459,"PANGKALAN, PANGKALAN KOTO BARU, LIMA PULUH KOTA, SUMATERA BARAT",30,9,184,193
https://kawalpemilu.org#13459,"PANGKALAN, PANGKALAN KOTO BARU, LIMA PULUH KOTA, SUMATERA BARAT",31,16,138,154
https://kawalpemilu.org#13459,"PANGKALAN, PANGKALAN KOTO BARU, LIMA PULUH KOTA, SUMATERA BARAT",32,9,147,156
https://kawalpemilu.org#13459,"PANGKALAN, PANGKALAN KOTO BARU, LIMA PULUH KOTA, SUMATERA BARAT",33,20,146,166
https://kawalpemilu.org#13459,"PANGKALAN, PANGKALAN KOTO BARU, LIMA PULUH KOTA, SUMATERA BARAT",34,17,128,145
https://kawalpemilu.org#13459,"PANGKALAN, PANGKALAN KOTO BARU, LIMA PULUH KOTA, SUMATERA BARAT",35,18,194,212
https://kawalpemilu.org#13459,"PANGKALAN, PANGKALAN KOTO BARU, LIMA PULUH KOTA, SUMATERA BARAT",36,23,183,206
https://kawalpemilu.org#13460,"KOTO ALAM, PANGKALAN KOTO BARU, LIMA PULUH KOTA, SUMATERA BARAT",1,9,152,161
https://kawalpemilu.org#13460,"KOTO ALAM, PANGKALAN KOTO BARU, LIMA PULUH KOTA, SUMATERA BARAT",2,15,143,158
https://kawalpemilu.org#13460,"KOTO ALAM, PANGKALAN KOTO BARU, LIMA PULUH KOTA, SUMATERA BARAT",3,3,149,152
https://kawalpemilu.org#13460,"KOTO ALAM, PANGKALAN KOTO BARU, LIMA PULUH KOTA, SUMATERA BARAT",4,11,140,151
https://kawalpemilu.org#13460,"KOTO ALAM, PANGKALAN KOTO BARU, LIMA PULUH KOTA, SUMATERA BARAT",5,7,113,120
https://kawalpemilu.org#13460,"KOTO ALAM, PANGKALAN KOTO BARU, LIMA PULUH KOTA, SUMATERA BARAT",6,20,113,133
https://kawalpemilu.org#13460,"KOTO ALAM, PANGKALAN KOTO BARU, LIMA PULUH KOTA, SUMATERA BARAT",7,10,116,126
https://kawalpemilu.org#13460,"KOTO ALAM, PANGKALAN KOTO BARU, LIMA PULUH KOTA, SUMATERA BARAT",8,12,115,127
https://kawalpemilu.org#13460,"KOTO ALAM, PANGKALAN KOTO BARU, LIMA PULUH KOTA, SUMATERA BARAT",9,11,181,192
https://kawalpemilu.org#13460,"KOTO ALAM, PANGKALAN KOTO BARU, LIMA PULUH KOTA, SUMATERA BARAT",10,9,169,178
https://kawalpemilu.org#13460,"KOTO ALAM, PANGKALAN KOTO BARU, LIMA PULUH KOTA, SUMATERA BARAT",11,12,183,195
https://kawalpemilu.org#13461,"TANJUNG PAUH, PANGKALAN KOTO BARU, LIMA PULUH KOTA, SUMATERA BARAT",1,4,171,175
https://kawalpemilu.org#13461,"TANJUNG PAUH, PANGKALAN KOTO BARU, LIMA PULUH KOTA, SUMATERA BARAT",2,19,120,139
https://kawalpemilu.org#13461,"TANJUNG PAUH, PANGKALAN KOTO BARU, LIMA PULUH KOTA, SUMATERA BARAT",3,14,115,129
https://kawalpemilu.org#13461,"TANJUNG PAUH, PANGKALAN KOTO BARU, LIMA PULUH KOTA, SUMATERA BARAT",4,7,139,146
https://kawalpemilu.org#13461,"TANJUNG PAUH, PANGKALAN KOTO BARU, LIMA PULUH KOTA, SUMATERA BARAT",5,9,199,208
https://kawalpemilu.org#13461,"TANJUNG PAUH, PANGKALAN KOTO BARU, LIMA PULUH KOTA, SUMATERA BARAT",6,9,103,112
https://kawalpemilu.org#13461,"TANJUNG PAUH, PANGKALAN KOTO BARU, LIMA PULUH KOTA, SUMATERA BARAT",7,13,125,138
https://kawalpemilu.org#13461,"TANJUNG PAUH, PANGKALAN KOTO BARU, LIMA PULUH KOTA, SUMATERA BARAT",8,11,103,114
https://kawalpemilu.org#13463,"MUARO PAITI, KAPUR IX, LIMA PULUH KOTA, SUMATERA BARAT",1,24,180,204
https://kawalpemilu.org#13463,"MUARO PAITI, KAPUR IX, LIMA PULUH KOTA, SUMATERA BARAT",2,15,185,200
https://kawalpemilu.org#13463,"MUARO PAITI, KAPUR IX, LIMA PULUH KOTA, SUMATERA BARAT",3,22,182,204
https://kawalpemilu.org#13463,"MUARO PAITI, KAPUR IX, LIMA PULUH KOTA, SUMATERA BARAT",4,23,147,170
https://kawalpemilu.org#13463,"MUARO PAITI, KAPUR IX, LIMA PULUH KOTA, SUMATERA BARAT",5,26,145,171
https://kawalpemilu.org#13463,"MUARO PAITI, KAPUR IX, LIMA PULUH KOTA, SUMATERA BARAT",6,20,140,160
https://kawalpemilu.org#13463,"MUARO PAITI, KAPUR IX, LIMA PULUH KOTA, SUMATERA BARAT",7,22,125,147
https://kawalpemilu.org#13463,"MUARO PAITI, KAPUR IX, LIMA PULUH KOTA, SUMATERA BARAT",8,8,164,172
https://kawalpemilu.org#13463,"MUARO PAITI, KAPUR IX, LIMA PULUH KOTA, SUMATERA BARAT",9,29,165,194
https://kawalpemilu.org#13463,"MUARO PAITI, KAPUR IX, LIMA PULUH KOTA, SUMATERA BARAT",10,28,164,192
https://kawalpemilu.org#13463,"MUARO PAITI, KAPUR IX, LIMA PULUH KOTA, SUMATERA BARAT",11,18,179,197
https://kawalpemilu.org#13463,"MUARO PAITI, KAPUR IX, LIMA PULUH KOTA, SUMATERA BARAT",12,14,160,174
https://kawalpemilu.org#13463,"MUARO PAITI, KAPUR IX, LIMA PULUH KOTA, SUMATERA BARAT",13,20,176,196
https://kawalpemilu.org#13463,"MUARO PAITI, KAPUR IX, LIMA PULUH KOTA, SUMATERA BARAT",14,15,169,184
https://kawalpemilu.org#13463,"MUARO PAITI, KAPUR IX, LIMA PULUH KOTA, SUMATERA BARAT",15,16,121,137
https://kawalpemilu.org#13463,"MUARO PAITI, KAPUR IX, LIMA PULUH KOTA, SUMATERA BARAT",16,30,118,148
https://kawalpemilu.org#13463,"MUARO PAITI, KAPUR IX, LIMA PULUH KOTA, SUMATERA BARAT",17,23,233,256
https://kawalpemilu.org#13463,"MUARO PAITI, KAPUR IX, LIMA PULUH KOTA, SUMATERA BARAT",18,14,233,247
https://kawalpemilu.org#13463,"MUARO PAITI, KAPUR IX, LIMA PULUH KOTA, SUMATERA BARAT",19,29,196,225
https://kawalpemilu.org#13464,"KOTO BANGUN, KAPUR IX, LIMA PULUH KOTA, SUMATERA BARAT",1,34,213,247
https://kawalpemilu.org#13464,"KOTO BANGUN, KAPUR IX, LIMA PULUH KOTA, SUMATERA BARAT",2,44,201,245
https://kawalpemilu.org#13464,"KOTO BANGUN, KAPUR IX, LIMA PULUH KOTA, SUMATERA BARAT",3,52,164,216
https://kawalpemilu.org#13464,"KOTO BANGUN, KAPUR IX, LIMA PULUH KOTA, SUMATERA BARAT",4,42,178,220
https://kawalpemilu.org#13464,"KOTO BANGUN, KAPUR IX, LIMA PULUH KOTA, SUMATERA BARAT",5,22,160,182
https://kawalpemilu.org#13464,"KOTO BANGUN, KAPUR IX, LIMA PULUH KOTA, SUMATERA BARAT",6,21,159,180
https://kawalpemilu.org#13464,"KOTO BANGUN, KAPUR IX, LIMA PULUH KOTA, SUMATERA BARAT",7,15,157,172
https://kawalpemilu.org#13464,"KOTO BANGUN, KAPUR IX, LIMA PULUH KOTA, SUMATERA BARAT",8,24,138,162
https://kawalpemilu.org#13464,"KOTO BANGUN, KAPUR IX, LIMA PULUH KOTA, SUMATERA BARAT",9,10,164,174
https://kawalpemilu.org#13464,"KOTO BANGUN, KAPUR IX, LIMA PULUH KOTA, SUMATERA BARAT",10,23,137,160
https://kawalpemilu.org#13464,"KOTO BANGUN, KAPUR IX, LIMA PULUH KOTA, SUMATERA BARAT",11,18,154,172
https://kawalpemilu.org#13464,"KOTO BANGUN, KAPUR IX, LIMA PULUH KOTA, SUMATERA BARAT",12,18,136,154
https://kawalpemilu.org#13465,"LUBUAK ALAI, KAPUR IX, LIMA PULUH KOTA, SUMATERA BARAT",1,31,196,227
https://kawalpemilu.org#13465,"LUBUAK ALAI, KAPUR IX, LIMA PULUH KOTA, SUMATERA BARAT",2,33,192,225
https://kawalpemilu.org#13465,"LUBUAK ALAI, KAPUR IX, LIMA PULUH KOTA, SUMATERA BARAT",3,21,228,249
https://kawalpemilu.org#13465,"LUBUAK ALAI, KAPUR IX, LIMA PULUH KOTA, SUMATERA BARAT",4,11,229,240
https://kawalpemilu.org#13465,"LUBUAK ALAI, KAPUR IX, LIMA PULUH KOTA, SUMATERA BARAT",5,45,213,258
https://kawalpemilu.org#13465,"LUBUAK ALAI, KAPUR IX, LIMA PULUH KOTA, SUMATERA BARAT",6,40,224,264
https://kawalpemilu.org#13465,"LUBUAK ALAI, KAPUR IX, LIMA PULUH KOTA, SUMATERA BARAT",7,23,170,193
https://kawalpemilu.org#13465,"LUBUAK ALAI, KAPUR IX, LIMA PULUH KOTA, SUMATERA BARAT",8,17,180,197
https://kawalpemilu.org#13465,"LUBUAK ALAI, KAPUR IX, LIMA PULUH KOTA, SUMATERA BARAT",9,26,88,114
https://kawalpemilu.org#13465,"LUBUAK ALAI, KAPUR IX, LIMA PULUH KOTA, SUMATERA BARAT",10,27,97,119
https://kawalpemilu.org#13466,"KOTO LAMO, KAPUR IX, LIMA PULUH KOTA, SUMATERA BARAT",1,25,179,204
https://kawalpemilu.org#13466,"KOTO LAMO, KAPUR IX, LIMA PULUH KOTA, SUMATERA BARAT",2,21,195,216
https://kawalpemilu.org#13466,"KOTO LAMO, KAPUR IX, LIMA PULUH KOTA, SUMATERA BARAT",3,39,186,225
https://kawalpemilu.org#13466,"KOTO LAMO, KAPUR IX, LIMA PULUH KOTA, SUMATERA BARAT",4,32,37,71
https://kawalpemilu.org#13466,"KOTO LAMO, KAPUR IX, LIMA PULUH KOTA, SUMATERA BARAT",5,39,190,229
https://kawalpemilu.org#13466,"KOTO LAMO, KAPUR IX, LIMA PULUH KOTA, SUMATERA BARAT",6,33,179,212
https://kawalpemilu.org#13466,"KOTO LAMO, KAPUR IX, LIMA PULUH KOTA, SUMATERA BARAT",7,38,144,182
https://kawalpemilu.org#13466,"KOTO LAMO, KAPUR IX, LIMA PULUH KOTA, SUMATERA BARAT",8,47,128,175
https://kawalpemilu.org#13466,"KOTO LAMO, KAPUR IX, LIMA PULUH KOTA, SUMATERA BARAT",9,57,126,183
https://kawalpemilu.org#13466,"KOTO LAMO, KAPUR IX, LIMA PULUH KOTA, SUMATERA BARAT",10,69,106,175
https://kawalpemilu.org#13467,"DURIAN TINGGI, KAPUR IX, LIMA PULUH KOTA, SUMATERA BARAT",1,19,202,221
https://kawalpemilu.org#13467,"DURIAN TINGGI, KAPUR IX, LIMA PULUH KOTA, SUMATERA BARAT",2,31,172,203
https://kawalpemilu.org#13467,"DURIAN TINGGI, KAPUR IX, LIMA PULUH KOTA, SUMATERA BARAT",3,19,130,149
https://kawalpemilu.org#13467,"DURIAN TINGGI, KAPUR IX, LIMA PULUH KOTA, SUMATERA BARAT",4,14,176,190
https://kawalpemilu.org#13467,"DURIAN TINGGI, KAPUR IX, LIMA PULUH KOTA, SUMATERA BARAT",5,19,160,179
https://kawalpemilu.org#13467,"DURIAN TINGGI, KAPUR IX, LIMA PULUH KOTA, SUMATERA BARAT",6,12,197,209
https://kawalpemilu.org#13467,"DURIAN TINGGI, KAPUR IX, LIMA PULUH KOTA, SUMATERA BARAT",7,23,183,206
https://kawalpemilu.org#13467,"DURIAN TINGGI, KAPUR IX, LIMA PULUH KOTA, SUMATERA BARAT",8,14,126,140
https://kawalpemilu.org#13467,"DURIAN TINGGI, KAPUR IX, LIMA PULUH KOTA, SUMATERA BARAT",9,16,116,132
https://kawalpemilu.org#13467,"DURIAN TINGGI, KAPUR IX, LIMA PULUH KOTA, SUMATERA BARAT",10,29,205,234
https://kawalpemilu.org#13467,"DURIAN TINGGI, KAPUR IX, LIMA PULUH KOTA, SUMATERA BARAT",11,24,201,225
https://kawalpemilu.org#13468,"SIALANG, KAPUR IX, LIMA PULUH KOTA, SUMATERA BARAT",1,40,180,220
https://kawalpemilu.org#13468,"SIALANG, KAPUR IX, LIMA PULUH KOTA, SUMATERA BARAT",2,23,102,125
https://kawalpemilu.org#13468,"SIALANG, KAPUR IX, LIMA PULUH KOTA, SUMATERA BARAT",3,20,110,130
https://kawalpemilu.org#13468,"SIALANG, KAPUR IX, LIMA PULUH KOTA, SUMATERA BARAT",4,14,122,136
https://kawalpemilu.org#13468,"SIALANG, KAPUR IX, LIMA PULUH KOTA, SUMATERA BARAT",5,28,187,215
https://kawalpemilu.org#13468,"SIALANG, KAPUR IX, LIMA PULUH KOTA, SUMATERA BARAT",6,23,167,190
https://kawalpemilu.org#13468,"SIALANG, KAPUR IX, LIMA PULUH KOTA, SUMATERA BARAT",7,19,105,124
https://kawalpemilu.org#13468,"SIALANG, KAPUR IX, LIMA PULUH KOTA, SUMATERA BARAT",8,18,186,204
https://kawalpemilu.org#13468,"SIALANG, KAPUR IX, LIMA PULUH KOTA, SUMATERA BARAT",9,18,198,216
https://kawalpemilu.org#13468,"SIALANG, KAPUR IX, LIMA PULUH KOTA, SUMATERA BARAT",10,16,128,144
https://kawalpemilu.org#13468,"SIALANG, KAPUR IX, LIMA PULUH KOTA, SUMATERA BARAT",11,34,222,256
https://kawalpemilu.org#13468,"SIALANG, KAPUR IX, LIMA PULUH KOTA, SUMATERA BARAT",12,52,106,158
https://kawalpemilu.org#13468,"SIALANG, KAPUR IX, LIMA PULUH KOTA, SUMATERA BARAT",13,33,139,172
https://kawalpemilu.org#13468,"SIALANG, KAPUR IX, LIMA PULUH KOTA, SUMATERA BARAT",14,27,191,218
https://kawalpemilu.org#13468,"SIALANG, KAPUR IX, LIMA PULUH KOTA, SUMATERA BARAT",15,18,230,248
https://kawalpemilu.org#13468,"SIALANG, KAPUR IX, LIMA PULUH KOTA, SUMATERA BARAT",16,17,147,164
https://kawalpemilu.org#13468,"SIALANG, KAPUR IX, LIMA PULUH KOTA, SUMATERA BARAT",17,43,213,256
https://kawalpemilu.org#13468,"SIALANG, KAPUR IX, LIMA PULUH KOTA, SUMATERA BARAT",18,19,127,146
https://kawalpemilu.org#13468,"SIALANG, KAPUR IX, LIMA PULUH KOTA, SUMATERA BARAT",19,33,214,247
https://kawalpemilu.org#13468,"SIALANG, KAPUR IX, LIMA PULUH KOTA, SUMATERA BARAT",20,25,154,179
https://kawalpemilu.org#13469,"GALUGUA, KAPUR IX, LIMA PULUH KOTA, SUMATERA BARAT",1,19,165,184
https://kawalpemilu.org#13469,"GALUGUA, KAPUR IX, LIMA PULUH KOTA, SUMATERA BARAT",2,19,201,220
https://kawalpemilu.org#13469,"GALUGUA, KAPUR IX, LIMA PULUH KOTA, SUMATERA BARAT",3,12,186,198
https://kawalpemilu.org#13469,"GALUGUA, KAPUR IX, LIMA PULUH KOTA, SUMATERA BARAT",4,27,162,189
https://kawalpemilu.org#13469,"GALUGUA, KAPUR IX, LIMA PULUH KOTA, SUMATERA BARAT",5,10,142,152
https://kawalpemilu.org#13469,"GALUGUA, KAPUR IX, LIMA PULUH KOTA, SUMATERA BARAT",6,6,140,146
https://kawalpemilu.org#13469,"GALUGUA, KAPUR IX, LIMA PULUH KOTA, SUMATERA BARAT",7,34,90,124
https://kawalpemilu.org#13469,"GALUGUA, KAPUR IX, LIMA PULUH KOTA, SUMATERA BARAT",8,29,103,132
https://kawalpemilu.org#13471,"PANDAM GADANG, GUNUANG OMEH, LIMA PULUH KOTA, SUMATERA BARAT",1,23,132,155
https://kawalpemilu.org#13471,"PANDAM GADANG, GUNUANG OMEH, LIMA PULUH KOTA, SUMATERA BARAT",2,33,139,172
https://kawalpemilu.org#13471,"PANDAM GADANG, GUNUANG OMEH, LIMA PULUH KOTA, SUMATERA BARAT",3,19,158,177
https://kawalpemilu.org#13471,"PANDAM GADANG, GUNUANG OMEH, LIMA PULUH KOTA, SUMATERA BARAT",4,24,140,164
https://kawalpemilu.org#13471,"PANDAM GADANG, GUNUANG OMEH, LIMA PULUH KOTA, SUMATERA BARAT",5,33,141,174
https://kawalpemilu.org#13471,"PANDAM GADANG, GUNUANG OMEH, LIMA PULUH KOTA, SUMATERA BARAT",6,28,146,174
https://kawalpemilu.org#13471,"PANDAM GADANG, GUNUANG OMEH, LIMA PULUH KOTA, SUMATERA BARAT",7,18,151,169
https://kawalpemilu.org#13471,"PANDAM GADANG, GUNUANG OMEH, LIMA PULUH KOTA, SUMATERA BARAT",8,21,136,157
https://kawalpemilu.org#13471,"PANDAM GADANG, GUNUANG OMEH, LIMA PULUH KOTA, SUMATERA BARAT",9,17,118,135
https://kawalpemilu.org#13471,"PANDAM GADANG, GUNUANG OMEH, LIMA PULUH KOTA, SUMATERA BARAT",10,21,154,175
https://kawalpemilu.org#13471,"PANDAM GADANG, GUNUANG OMEH, LIMA PULUH KOTA, SUMATERA BARAT",11,21,121,142
https://kawalpemilu.org#13471,"PANDAM GADANG, GUNUANG OMEH, LIMA PULUH KOTA, SUMATERA BARAT",12,35,120,155
https://kawalpemilu.org#13471,"PANDAM GADANG, GUNUANG OMEH, LIMA PULUH KOTA, SUMATERA BARAT",13,24,150,174
https://kawalpemilu.org#13471,"PANDAM GADANG, GUNUANG OMEH, LIMA PULUH KOTA, SUMATERA BARAT",14,28,139,167
https://kawalpemilu.org#13471,"PANDAM GADANG, GUNUANG OMEH, LIMA PULUH KOTA, SUMATERA BARAT",15,35,124,159
https://kawalpemilu.org#13471,"PANDAM GADANG, GUNUANG OMEH, LIMA PULUH KOTA, SUMATERA BARAT",16,30,131,161
https://kawalpemilu.org#13471,"PANDAM GADANG, GUNUANG OMEH, LIMA PULUH KOTA, SUMATERA BARAT",17,19,99,118
https://kawalpemilu.org#13471,"PANDAM GADANG, GUNUANG OMEH, LIMA PULUH KOTA, SUMATERA BARAT",18,27,92,119
https://kawalpemilu.org#13472,"KOTO TINGGI, GUNUANG OMEH, LIMA PULUH KOTA, SUMATERA BARAT",1,11,92,103
https://kawalpemilu.org#13472,"KOTO TINGGI, GUNUANG OMEH, LIMA PULUH KOTA, SUMATERA BARAT",2,17,174,191
https://kawalpemilu.org#13472,"KOTO TINGGI, GUNUANG OMEH, LIMA PULUH KOTA, SUMATERA BARAT",3,22,113,135
https://kawalpemilu.org#13472,"KOTO TINGGI, GUNUANG OMEH, LIMA PULUH KOTA, SUMATERA BARAT",4,18,119,137
https://kawalpemilu.org#13472,"KOTO TINGGI, GUNUANG OMEH, LIMA PULUH KOTA, SUMATERA BARAT",5,34,121,155
https://kawalpemilu.org#13472,"KOTO TINGGI, GUNUANG OMEH, LIMA PULUH KOTA, SUMATERA BARAT",6,17,133,150
https://kawalpemilu.org#13472,"KOTO TINGGI, GUNUANG OMEH, LIMA PULUH KOTA, SUMATERA BARAT",7,28,108,136
https://kawalpemilu.org#13472,"KOTO TINGGI, GUNUANG OMEH, LIMA PULUH KOTA, SUMATERA BARAT",8,12,95,107
https://kawalpemilu.org#13472,"KOTO TINGGI, GUNUANG OMEH, LIMA PULUH KOTA, SUMATERA BARAT",9,29,99,128
https://kawalpemilu.org#13472,"KOTO TINGGI, GUNUANG OMEH, LIMA PULUH KOTA, SUMATERA BARAT",10,39,187,226
https://kawalpemilu.org#13472,"KOTO TINGGI, GUNUANG OMEH, LIMA PULUH KOTA, SUMATERA BARAT",11,28,157,185
https://kawalpemilu.org#13472,"KOTO TINGGI, GUNUANG OMEH, LIMA PULUH KOTA, SUMATERA BARAT",12,45,134,179
https://kawalpemilu.org#13472,"KOTO TINGGI, GUNUANG OMEH, LIMA PULUH KOTA, SUMATERA BARAT",13,30,144,174
https://kawalpemilu.org#13472,"KOTO TINGGI, GUNUANG OMEH, LIMA PULUH KOTA, SUMATERA BARAT",14,39,136,175
https://kawalpemilu.org#13472,"KOTO TINGGI, GUNUANG OMEH, LIMA PULUH KOTA, SUMATERA BARAT",15,15,136,151
https://kawalpemilu.org#13472,"KOTO TINGGI, GUNUANG OMEH, LIMA PULUH KOTA, SUMATERA BARAT",16,15,130,145
https://kawalpemilu.org#13472,"KOTO TINGGI, GUNUANG OMEH, LIMA PULUH KOTA, SUMATERA BARAT",17,37,177,214
https://kawalpemilu.org#13472,"KOTO TINGGI, GUNUANG OMEH, LIMA PULUH KOTA, SUMATERA BARAT",18,28,186,214
https://kawalpemilu.org#13472,"KOTO TINGGI, GUNUANG OMEH, LIMA PULUH KOTA, SUMATERA BARAT",19,14,194,208
https://kawalpemilu.org#13472,"KOTO TINGGI, GUNUANG OMEH, LIMA PULUH KOTA, SUMATERA BARAT",20,12,159,171
https://kawalpemilu.org#13472,"KOTO TINGGI, GUNUANG OMEH, LIMA PULUH KOTA, SUMATERA BARAT",21,43,146,189
https://kawalpemilu.org#13472,"KOTO TINGGI, GUNUANG OMEH, LIMA PULUH KOTA, SUMATERA BARAT",22,34,171,205
https://kawalpemilu.org#13473,"TALANG ANAU, GUNUANG OMEH, LIMA PULUH KOTA, SUMATERA BARAT",1,6,109,115
https://kawalpemilu.org#13473,"TALANG ANAU, GUNUANG OMEH, LIMA PULUH KOTA, SUMATERA BARAT",2,18,108,126
https://kawalpemilu.org#13473,"TALANG ANAU, GUNUANG OMEH, LIMA PULUH KOTA, SUMATERA BARAT",3,18,153,171
https://kawalpemilu.org#13473,"TALANG ANAU, GUNUANG OMEH, LIMA PULUH KOTA, SUMATERA BARAT",4,16,168,184
https://kawalpemilu.org#13473,"TALANG ANAU, GUNUANG OMEH, LIMA PULUH KOTA, SUMATERA BARAT",5,16,144,160
https://kawalpemilu.org#13473,"TALANG ANAU, GUNUANG OMEH, LIMA PULUH KOTA, SUMATERA BARAT",6,33,121,154
https://kawalpemilu.org#13473,"TALANG ANAU, GUNUANG OMEH, LIMA PULUH KOTA, SUMATERA BARAT",7,56,88,144
https://kawalpemilu.org#13473,"TALANG ANAU, GUNUANG OMEH, LIMA PULUH KOTA, SUMATERA BARAT",8,37,103,140
https://kawalpemilu.org#13475,"LABUAH GUNUANG, LAREH SAGO HALABAN, LIMA PULUH KOTA, SUMATERA BARAT",1,22,189,211
https://kawalpemilu.org#13475,"LABUAH GUNUANG, LAREH SAGO HALABAN, LIMA PULUH KOTA, SUMATERA BARAT",2,22,197,219
https://kawalpemilu.org#13475,"LABUAH GUNUANG, LAREH SAGO HALABAN, LIMA PULUH KOTA, SUMATERA BARAT",3,38,119,157
https://kawalpemilu.org#13475,"LABUAH GUNUANG, LAREH SAGO HALABAN, LIMA PULUH KOTA, SUMATERA BARAT",4,42,148,190
https://kawalpemilu.org#13475,"LABUAH GUNUANG, LAREH SAGO HALABAN, LIMA PULUH KOTA, SUMATERA BARAT",5,29,149,178
https://kawalpemilu.org#13475,"LABUAH GUNUANG, LAREH SAGO HALABAN, LIMA PULUH KOTA, SUMATERA BARAT",6,21,123,144
https://kawalpemilu.org#13475,"LABUAH GUNUANG, LAREH SAGO HALABAN, LIMA PULUH KOTA, SUMATERA BARAT",7,26,125,151
https://kawalpemilu.org#13475,"LABUAH GUNUANG, LAREH SAGO HALABAN, LIMA PULUH KOTA, SUMATERA BARAT",8,21,132,153
https://kawalpemilu.org#13475,"LABUAH GUNUANG, LAREH SAGO HALABAN, LIMA PULUH KOTA, SUMATERA BARAT",9,18,124,142
https://kawalpemilu.org#13475,"LABUAH GUNUANG, LAREH SAGO HALABAN, LIMA PULUH KOTA, SUMATERA BARAT",10,21,139,160
https://kawalpemilu.org#13475,"LABUAH GUNUANG, LAREH SAGO HALABAN, LIMA PULUH KOTA, SUMATERA BARAT",11,23,140,163
https://kawalpemilu.org#13475,"LABUAH GUNUANG, LAREH SAGO HALABAN, LIMA PULUH KOTA, SUMATERA BARAT",12,23,140,163
https://kawalpemilu.org#13475,"LABUAH GUNUANG, LAREH SAGO HALABAN, LIMA PULUH KOTA, SUMATERA BARAT",13,12,133,145
https://kawalpemilu.org#13475,"LABUAH GUNUANG, LAREH SAGO HALABAN, LIMA PULUH KOTA, SUMATERA BARAT",14,29,174,203
https://kawalpemilu.org#13475,"LABUAH GUNUANG, LAREH SAGO HALABAN, LIMA PULUH KOTA, SUMATERA BARAT",15,40,180,220
https://kawalpemilu.org#13475,"LABUAH GUNUANG, LAREH SAGO HALABAN, LIMA PULUH KOTA, SUMATERA BARAT",16,37,99,136
https://kawalpemilu.org#13475,"LABUAH GUNUANG, LAREH SAGO HALABAN, LIMA PULUH KOTA, SUMATERA BARAT",17,34,106,140
https://kawalpemilu.org#13475,"LABUAH GUNUANG, LAREH SAGO HALABAN, LIMA PULUH KOTA, SUMATERA BARAT",18,33,122,155
https://kawalpemilu.org#13476,"BATU PAYUANG, LAREH SAGO HALABAN, LIMA PULUH KOTA, SUMATERA BARAT",1,4,125,129
https://kawalpemilu.org#13476,"BATU PAYUANG, LAREH SAGO HALABAN, LIMA PULUH KOTA, SUMATERA BARAT",2,31,142,173
https://kawalpemilu.org#13476,"BATU PAYUANG, LAREH SAGO HALABAN, LIMA PULUH KOTA, SUMATERA BARAT",3,30,143,173
https://kawalpemilu.org#13476,"BATU PAYUANG, LAREH SAGO HALABAN, LIMA PULUH KOTA, SUMATERA BARAT",4,21,142,163
https://kawalpemilu.org#13476,"BATU PAYUANG, LAREH SAGO HALABAN, LIMA PULUH KOTA, SUMATERA BARAT",5,6,197,203
https://kawalpemilu.org#13476,"BATU PAYUANG, LAREH SAGO HALABAN, LIMA PULUH KOTA, SUMATERA BARAT",6,4,140,144
https://kawalpemilu.org#13476,"BATU PAYUANG, LAREH SAGO HALABAN, LIMA PULUH KOTA, SUMATERA BARAT",7,4,125,129
https://kawalpemilu.org#13476,"BATU PAYUANG, LAREH SAGO HALABAN, LIMA PULUH KOTA, SUMATERA BARAT",8,19,179,198
https://kawalpemilu.org#13476,"BATU PAYUANG, LAREH SAGO HALABAN, LIMA PULUH KOTA, SUMATERA BARAT",9,23,118,141
https://kawalpemilu.org#13476,"BATU PAYUANG, LAREH SAGO HALABAN, LIMA PULUH KOTA, SUMATERA BARAT",10,10,134,144
https://kawalpemilu.org#13476,"BATU PAYUANG, LAREH SAGO HALABAN, LIMA PULUH KOTA, SUMATERA BARAT",11,11,115,126
https://kawalpemilu.org#13476,"BATU PAYUANG, LAREH SAGO HALABAN, LIMA PULUH KOTA, SUMATERA BARAT",12,25,105,130
https://kawalpemilu.org#13476,"BATU PAYUANG, LAREH SAGO HALABAN, LIMA PULUH KOTA, SUMATERA BARAT",13,40,151,191
https://kawalpemilu.org#13476,"BATU PAYUANG, LAREH SAGO HALABAN, LIMA PULUH KOTA, SUMATERA BARAT",14,21,148,169
https://kawalpemilu.org#13476,"BATU PAYUANG, LAREH SAGO HALABAN, LIMA PULUH KOTA, SUMATERA BARAT",15,27,151,178
https://kawalpemilu.org#13476,"BATU PAYUANG, LAREH SAGO HALABAN, LIMA PULUH KOTA, SUMATERA BARAT",16,24,125,149
https://kawalpemilu.org#13476,"BATU PAYUANG, LAREH SAGO HALABAN, LIMA PULUH KOTA, SUMATERA BARAT",17,18,193,211
https://kawalpemilu.org#13476,"BATU PAYUANG, LAREH SAGO HALABAN, LIMA PULUH KOTA, SUMATERA BARAT",18,12,199,211
https://kawalpemilu.org#13476,"BATU PAYUANG, LAREH SAGO HALABAN, LIMA PULUH KOTA, SUMATERA BARAT",19,21,130,151
https://kawalpemilu.org#13476,"BATU PAYUANG, LAREH SAGO HALABAN, LIMA PULUH KOTA, SUMATERA BARAT",20,12,119,131
https://kawalpemilu.org#13477,"AMPALU, LAREH SAGO HALABAN, LIMA PULUH KOTA, SUMATERA BARAT",1,13,223,236
https://kawalpemilu.org#13477,"AMPALU, LAREH SAGO HALABAN, LIMA PULUH KOTA, SUMATERA BARAT",2,18,159,177
https://kawalpemilu.org#13477,"AMPALU, LAREH SAGO HALABAN, LIMA PULUH KOTA, SUMATERA BARAT",3,18,117,135
https://kawalpemilu.org#13477,"AMPALU, LAREH SAGO HALABAN, LIMA PULUH KOTA, SUMATERA BARAT",4,23,132,155
https://kawalpemilu.org#13477,"AMPALU, LAREH SAGO HALABAN, LIMA PULUH KOTA, SUMATERA BARAT",5,12,135,147
https://kawalpemilu.org#13477,"AMPALU, LAREH SAGO HALABAN, LIMA PULUH KOTA, SUMATERA BARAT",6,37,143,180
https://kawalpemilu.org#13477,"AMPALU, LAREH SAGO HALABAN, LIMA PULUH KOTA, SUMATERA BARAT",7,31,121,152
https://kawalpemilu.org#13477,"AMPALU, LAREH SAGO HALABAN, LIMA PULUH KOTA, SUMATERA BARAT",8,28,147,175
https://kawalpemilu.org#13477,"AMPALU, LAREH SAGO HALABAN, LIMA PULUH KOTA, SUMATERA BARAT",9,36,131,167
https://kawalpemilu.org#13477,"AMPALU, LAREH SAGO HALABAN, LIMA PULUH KOTA, SUMATERA BARAT",10,15,212,227
https://kawalpemilu.org#13477,"AMPALU, LAREH SAGO HALABAN, LIMA PULUH KOTA, SUMATERA BARAT",11,15,218,233
https://kawalpemilu.org#13477,"AMPALU, LAREH SAGO HALABAN, LIMA PULUH KOTA, SUMATERA BARAT",12,16,169,185
https://kawalpemilu.org#13477,"AMPALU, LAREH SAGO HALABAN, LIMA PULUH KOTA, SUMATERA BARAT",13,42,142,184
https://kawalpemilu.org#13477,"AMPALU, LAREH SAGO HALABAN, LIMA PULUH KOTA, SUMATERA BARAT",14,48,170,218
https://kawalpemilu.org#13478,"BUKIK SIKUMPA, LAREH SAGO HALABAN, LIMA PULUH KOTA, SUMATERA BARAT",1,20,183,203
https://kawalpemilu.org#13478,"BUKIK SIKUMPA, LAREH SAGO HALABAN, LIMA PULUH KOTA, SUMATERA BARAT",2,53,139,192
https://kawalpemilu.org#13478,"BUKIK SIKUMPA, LAREH SAGO HALABAN, LIMA PULUH KOTA, SUMATERA BARAT",3,42,154,196
https://kawalpemilu.org#13478,"BUKIK SIKUMPA, LAREH SAGO HALABAN, LIMA PULUH KOTA, SUMATERA BARAT",4,30,172,202
https://kawalpemilu.org#13478,"BUKIK SIKUMPA, LAREH SAGO HALABAN, LIMA PULUH KOTA, SUMATERA BARAT",5,20,179,199
https://kawalpemilu.org#13478,"BUKIK SIKUMPA, LAREH SAGO HALABAN, LIMA PULUH KOTA, SUMATERA BARAT",6,30,112,142
https://kawalpemilu.org#13478,"BUKIK SIKUMPA, LAREH SAGO HALABAN, LIMA PULUH KOTA, SUMATERA BARAT",7,26,134,160
https://kawalpemilu.org#13478,"BUKIK SIKUMPA, LAREH SAGO HALABAN, LIMA PULUH KOTA, SUMATERA BARAT",8,33,175,208
https://kawalpemilu.org#13478,"BUKIK SIKUMPA, LAREH SAGO HALABAN, LIMA PULUH KOTA, SUMATERA BARAT",9,32,88,120
https://kawalpemilu.org#13479,"BALAI PANJANG, LAREH SAGO HALABAN, LIMA PULUH KOTA, SUMATERA BARAT",1,30,181,211
https://kawalpemilu.org#13479,"BALAI PANJANG, LAREH SAGO HALABAN, LIMA PULUH KOTA, SUMATERA BARAT",2,42,140,182
https://kawalpemilu.org#13479,"BALAI PANJANG, LAREH SAGO HALABAN, LIMA PULUH KOTA, SUMATERA BARAT",3,35,110,145
https://kawalpemilu.org#13479,"BALAI PANJANG, LAREH SAGO HALABAN, LIMA PULUH KOTA, SUMATERA BARAT",4,14,148,162
https://kawalpemilu.org#13479,"BALAI PANJANG, LAREH SAGO HALABAN, LIMA PULUH KOTA, SUMATERA BARAT",5,14,160,174
https://kawalpemilu.org#13479,"BALAI PANJANG, LAREH SAGO HALABAN, LIMA PULUH KOTA, SUMATERA BARAT",6,13,118,131
https://kawalpemilu.org#13479,"BALAI PANJANG, LAREH SAGO HALABAN, LIMA PULUH KOTA, SUMATERA BARAT",7,17,121,138
https://kawalpemilu.org#13479,"BALAI PANJANG, LAREH SAGO HALABAN, LIMA PULUH KOTA, SUMATERA BARAT",8,18,182,200
https://kawalpemilu.org#13479,"BALAI PANJANG, LAREH SAGO HALABAN, LIMA PULUH KOTA, SUMATERA BARAT",9,24,169,193
https://kawalpemilu.org#13479,"BALAI PANJANG, LAREH SAGO HALABAN, LIMA PULUH KOTA, SUMATERA BARAT",10,15,172,187
https://kawalpemilu.org#13479,"BALAI PANJANG, LAREH SAGO HALABAN, LIMA PULUH KOTA, SUMATERA BARAT",11,11,183,194
https://kawalpemilu.org#13479,"BALAI PANJANG, LAREH SAGO HALABAN, LIMA PULUH KOTA, SUMATERA BARAT",12,6,135,141
https://kawalpemilu.org#13479,"BALAI PANJANG, LAREH SAGO HALABAN, LIMA PULUH KOTA, SUMATERA BARAT",13,15,139,154
https://kawalpemilu.org#13479,"BALAI PANJANG, LAREH SAGO HALABAN, LIMA PULUH KOTA, SUMATERA BARAT",14,7,148,155
https://kawalpemilu.org#13479,"BALAI PANJANG, LAREH SAGO HALABAN, LIMA PULUH KOTA, SUMATERA BARAT",15,9,156,165
https://kawalpemilu.org#13479,"BALAI PANJANG, LAREH SAGO HALABAN, LIMA PULUH KOTA, SUMATERA BARAT",16,11,133,148
https://kawalpemilu.org#13479,"BALAI PANJANG, LAREH SAGO HALABAN, LIMA PULUH KOTA, SUMATERA BARAT",17,14,136,150
https://kawalpemilu.org#13479,"BALAI PANJANG, LAREH SAGO HALABAN, LIMA PULUH KOTA, SUMATERA BARAT",18,21,102,123
https://kawalpemilu.org#13479,"BALAI PANJANG, LAREH SAGO HALABAN, LIMA PULUH KOTA, SUMATERA BARAT",19,21,117,138
https://kawalpemilu.org#13480,"HALABAN, LAREH SAGO HALABAN, LIMA PULUH KOTA, SUMATERA BARAT",1,49,167,216
https://kawalpemilu.org#13480,"HALABAN, LAREH SAGO HALABAN, LIMA PULUH KOTA, SUMATERA BARAT",2,40,151,191
https://kawalpemilu.org#13480,"HALABAN, LAREH SAGO HALABAN, LIMA PULUH KOTA, SUMATERA BARAT",3,51,197,248
https://kawalpemilu.org#13480,"HALABAN, LAREH SAGO HALABAN, LIMA PULUH KOTA, SUMATERA BARAT",4,32,194,226
https://kawalpemilu.org#13480,"HALABAN, LAREH SAGO HALABAN, LIMA PULUH KOTA, SUMATERA BARAT",5,22,128,150
https://kawalpemilu.org#13480,"HALABAN, LAREH SAGO HALABAN, LIMA PULUH KOTA, SUMATERA BARAT",6,18,131,149
https://kawalpemilu.org#13480,"HALABAN, LAREH SAGO HALABAN, LIMA PULUH KOTA, SUMATERA BARAT",7,21,185,206
https://kawalpemilu.org#13480,"HALABAN, LAREH SAGO HALABAN, LIMA PULUH KOTA, SUMATERA BARAT",8,11,112,123
https://kawalpemilu.org#13480,"HALABAN, LAREH SAGO HALABAN, LIMA PULUH KOTA, SUMATERA BARAT",9,17,126,143
https://kawalpemilu.org#13480,"HALABAN, LAREH SAGO HALABAN, LIMA PULUH KOTA, SUMATERA BARAT",10,11,151,162
https://kawalpemilu.org#13480,"HALABAN, LAREH SAGO HALABAN, LIMA PULUH KOTA, SUMATERA BARAT",11,19,117,136
https://kawalpemilu.org#13480,"HALABAN, LAREH SAGO HALABAN, LIMA PULUH KOTA, SUMATERA BARAT",12,13,126,139
https://kawalpemilu.org#13480,"HALABAN, LAREH SAGO HALABAN, LIMA PULUH KOTA, SUMATERA BARAT",13,11,133,144
https://kawalpemilu.org#13480,"HALABAN, LAREH SAGO HALABAN, LIMA PULUH KOTA, SUMATERA BARAT",14,26,181,207
https://kawalpemilu.org#13480,"HALABAN, LAREH SAGO HALABAN, LIMA PULUH KOTA, SUMATERA BARAT",15,26,189,215
https://kawalpemilu.org#13480,"HALABAN, LAREH SAGO HALABAN, LIMA PULUH KOTA, SUMATERA BARAT",16,24,102,126
https://kawalpemilu.org#13480,"HALABAN, LAREH SAGO HALABAN, LIMA PULUH KOTA, SUMATERA BARAT",17,16,103,119
https://kawalpemilu.org#13480,"HALABAN, LAREH SAGO HALABAN, LIMA PULUH KOTA, SUMATERA BARAT",18,24,189,213
https://kawalpemilu.org#13481,"TANJUANG GADANG, LAREH SAGO HALABAN, LIMA PULUH KOTA, SUMATERA BARAT",1,17,171,188
https://kawalpemilu.org#13481,"TANJUANG GADANG, LAREH SAGO HALABAN, LIMA PULUH KOTA, SUMATERA BARAT",2,9,143,152
https://kawalpemilu.org#13481,"TANJUANG GADANG, LAREH SAGO HALABAN, LIMA PULUH KOTA, SUMATERA BARAT",3,6,101,107
https://kawalpemilu.org#13481,"TANJUANG GADANG, LAREH SAGO HALABAN, LIMA PULUH KOTA, SUMATERA BARAT",4,15,109,124
https://kawalpemilu.org#13481,"TANJUANG GADANG, LAREH SAGO HALABAN, LIMA PULUH KOTA, SUMATERA BARAT",5,11,130,141
https://kawalpemilu.org#13481,"TANJUANG GADANG, LAREH SAGO HALABAN, LIMA PULUH KOTA, SUMATERA BARAT",6,12,144,156
https://kawalpemilu.org#13481,"TANJUANG GADANG, LAREH SAGO HALABAN, LIMA PULUH KOTA, SUMATERA BARAT",7,27,202,229
https://kawalpemilu.org#13481,"TANJUANG GADANG, LAREH SAGO HALABAN, LIMA PULUH KOTA, SUMATERA BARAT",8,12,202,214
https://kawalpemilu.org#13481,"TANJUANG GADANG, LAREH SAGO HALABAN, LIMA PULUH KOTA, SUMATERA BARAT",9,11,187,198
https://kawalpemilu.org#13481,"TANJUANG GADANG, LAREH SAGO HALABAN, LIMA PULUH KOTA, SUMATERA BARAT",10,25,154,179
https://kawalpemilu.org#13481,"TANJUANG GADANG, LAREH SAGO HALABAN, LIMA PULUH KOTA, SUMATERA BARAT",11,8,154,162
https://kawalpemilu.org#13481,"TANJUANG GADANG, LAREH SAGO HALABAN, LIMA PULUH KOTA, SUMATERA BARAT",12,18,151,169
https://kawalpemilu.org#13481,"TANJUANG GADANG, LAREH SAGO HALABAN, LIMA PULUH KOTA, SUMATERA BARAT",13,27,109,136
https://kawalpemilu.org#13481,"TANJUANG GADANG, LAREH SAGO HALABAN, LIMA PULUH KOTA, SUMATERA BARAT",14,18,122,140
https://kawalpemilu.org#13481,"TANJUANG GADANG, LAREH SAGO HALABAN, LIMA PULUH KOTA, SUMATERA BARAT",15,24,148,172
https://kawalpemilu.org#13481,"TANJUANG GADANG, LAREH SAGO HALABAN, LIMA PULUH KOTA, SUMATERA BARAT",16,10,110,120
https://kawalpemilu.org#13481,"TANJUANG GADANG, LAREH SAGO HALABAN, LIMA PULUH KOTA, SUMATERA BARAT",17,25,154,179
https://kawalpemilu.org#13481,"TANJUANG GADANG, LAREH SAGO HALABAN, LIMA PULUH KOTA, SUMATERA BARAT",18,43,120,163
https://kawalpemilu.org#13482,"SITANANG, LAREH SAGO HALABAN, LIMA PULUH KOTA, SUMATERA BARAT",1,34,142,176
https://kawalpemilu.org#13482,"SITANANG, LAREH SAGO HALABAN, LIMA PULUH KOTA, SUMATERA BARAT",2,50,142,192
https://kawalpemilu.org#13482,"SITANANG, LAREH SAGO HALABAN, LIMA PULUH KOTA, SUMATERA BARAT",3,14,126,140
https://kawalpemilu.org#13482,"SITANANG, LAREH SAGO HALABAN, LIMA PULUH KOTA, SUMATERA BARAT",4,25,128,153
https://kawalpemilu.org#13482,"SITANANG, LAREH SAGO HALABAN, LIMA PULUH KOTA, SUMATERA BARAT",5,26,183,209
https://kawalpemilu.org#13482,"SITANANG, LAREH SAGO HALABAN, LIMA PULUH KOTA, SUMATERA BARAT",6,24,216,240
https://kawalpemilu.org#13482,"SITANANG, LAREH SAGO HALABAN, LIMA PULUH KOTA, SUMATERA BARAT",7,37,175,212
https://kawalpemilu.org#13482,"SITANANG, LAREH SAGO HALABAN, LIMA PULUH KOTA, SUMATERA BARAT",8,14,120,134
https://kawalpemilu.org#13482,"SITANANG, LAREH SAGO HALABAN, LIMA PULUH KOTA, SUMATERA BARAT",9,35,132,167
https://kawalpemilu.org#13482,"SITANANG, LAREH SAGO HALABAN, LIMA PULUH KOTA, SUMATERA BARAT",10,33,182,215
https://kawalpemilu.org#13482,"SITANANG, LAREH SAGO HALABAN, LIMA PULUH KOTA, SUMATERA BARAT",11,24,184,208
https://kawalpemilu.org#13482,"SITANANG, LAREH SAGO HALABAN, LIMA PULUH KOTA, SUMATERA BARAT",12,24,182,206
https://kawalpemilu.org#13484,"SITUJUAH BATUA, SITUJUAH LIMO NAGARI, LIMA PULUH KOTA, SUMATERA BARAT",1,33,184,217
https://kawalpemilu.org#13484,"SITUJUAH BATUA, SITUJUAH LIMO NAGARI, LIMA PULUH KOTA, SUMATERA BARAT",2,22,185,207
https://kawalpemilu.org#13484,"SITUJUAH BATUA, SITUJUAH LIMO NAGARI, LIMA PULUH KOTA, SUMATERA BARAT",3,47,163,210
https://kawalpemilu.org#13484,"SITUJUAH BATUA, SITUJUAH LIMO NAGARI, LIMA PULUH KOTA, SUMATERA BARAT",4,44,148,192
https://kawalpemilu.org#13484,"SITUJUAH BATUA, SITUJUAH LIMO NAGARI, LIMA PULUH KOTA, SUMATERA BARAT",5,41,132,173
https://kawalpemilu.org#13484,"SITUJUAH BATUA, SITUJUAH LIMO NAGARI, LIMA PULUH KOTA, SUMATERA BARAT",6,29,138,167
https://kawalpemilu.org#13484,"SITUJUAH BATUA, SITUJUAH LIMO NAGARI, LIMA PULUH KOTA, SUMATERA BARAT",7,42,172,214
https://kawalpemilu.org#13484,"SITUJUAH BATUA, SITUJUAH LIMO NAGARI, LIMA PULUH KOTA, SUMATERA BARAT",8,26,166,192
https://kawalpemilu.org#13484,"SITUJUAH BATUA, SITUJUAH LIMO NAGARI, LIMA PULUH KOTA, SUMATERA BARAT",9,28,187,215
https://kawalpemilu.org#13484,"SITUJUAH BATUA, SITUJUAH LIMO NAGARI, LIMA PULUH KOTA, SUMATERA BARAT",10,24,150,174
https://kawalpemilu.org#13484,"SITUJUAH BATUA, SITUJUAH LIMO NAGARI, LIMA PULUH KOTA, SUMATERA BARAT",11,10,160,170
https://kawalpemilu.org#13484,"SITUJUAH BATUA, SITUJUAH LIMO NAGARI, LIMA PULUH KOTA, SUMATERA BARAT",12,10,189,199
https://kawalpemilu.org#13484,"SITUJUAH BATUA, SITUJUAH LIMO NAGARI, LIMA PULUH KOTA, SUMATERA BARAT",13,13,178,191
https://kawalpemilu.org#13484,"SITUJUAH BATUA, SITUJUAH LIMO NAGARI, LIMA PULUH KOTA, SUMATERA BARAT",14,31,192,223
https://kawalpemilu.org#13484,"SITUJUAH BATUA, SITUJUAH LIMO NAGARI, LIMA PULUH KOTA, SUMATERA BARAT",15,41,170,211
https://kawalpemilu.org#13485,"SITUJUAH LADANG LAWEH, SITUJUAH LIMO NAGARI, LIMA PULUH KOTA, SUMATERA BARAT",1,13,130,143
https://kawalpemilu.org#13485,"SITUJUAH LADANG LAWEH, SITUJUAH LIMO NAGARI, LIMA PULUH KOTA, SUMATERA BARAT",2,9,128,137
https://kawalpemilu.org#13485,"SITUJUAH LADANG LAWEH, SITUJUAH LIMO NAGARI, LIMA PULUH KOTA, SUMATERA BARAT",3,14,129,143
https://kawalpemilu.org#13485,"SITUJUAH LADANG LAWEH, SITUJUAH LIMO NAGARI, LIMA PULUH KOTA, SUMATERA BARAT",4,14,157,171
https://kawalpemilu.org#13485,"SITUJUAH LADANG LAWEH, SITUJUAH LIMO NAGARI, LIMA PULUH KOTA, SUMATERA BARAT",5,21,201,222
https://kawalpemilu.org#13485,"SITUJUAH LADANG LAWEH, SITUJUAH LIMO NAGARI, LIMA PULUH KOTA, SUMATERA BARAT",6,19,201,220
https://kawalpemilu.org#13486,"TUNGKA, SITUJUAH LIMO NAGARI, LIMA PULUH KOTA, SUMATERA BARAT",1,28,145,173
https://kawalpemilu.org#13486,"TUNGKA, SITUJUAH LIMO NAGARI, LIMA PULUH KOTA, SUMATERA BARAT",2,19,128,147
https://kawalpemilu.org#13486,"TUNGKA, SITUJUAH LIMO NAGARI, LIMA PULUH KOTA, SUMATERA BARAT",3,16,125,141
https://kawalpemilu.org#13486,"TUNGKA, SITUJUAH LIMO NAGARI, LIMA PULUH KOTA, SUMATERA BARAT",4,21,120,141
https://kawalpemilu.org#13486,"TUNGKA, SITUJUAH LIMO NAGARI, LIMA PULUH KOTA, SUMATERA BARAT",5,37,157,194
https://kawalpemilu.org#13486,"TUNGKA, SITUJUAH LIMO NAGARI, LIMA PULUH KOTA, SUMATERA BARAT",6,31,153,184
https://kawalpemilu.org#13486,"TUNGKA, SITUJUAH LIMO NAGARI, LIMA PULUH KOTA, SUMATERA BARAT",7,36,138,174
https://kawalpemilu.org#13486,"TUNGKA, SITUJUAH LIMO NAGARI, LIMA PULUH KOTA, SUMATERA BARAT",8,35,159,194
https://kawalpemilu.org#13486,"TUNGKA, SITUJUAH LIMO NAGARI, LIMA PULUH KOTA, SUMATERA BARAT",9,41,157,198
https://kawalpemilu.org#13486,"TUNGKA, SITUJUAH LIMO NAGARI, LIMA PULUH KOTA, SUMATERA BARAT",10,37,139,176
https://kawalpemilu.org#13486,"TUNGKA, SITUJUAH LIMO NAGARI, LIMA PULUH KOTA, SUMATERA BARAT",11,85,58,143
https://kawalpemilu.org#13486,"TUNGKA, SITUJUAH LIMO NAGARI, LIMA PULUH KOTA, SUMATERA BARAT",12,85,60,145
https://kawalpemilu.org#13486,"TUNGKA, SITUJUAH LIMO NAGARI, LIMA PULUH KOTA, SUMATERA BARAT",13,36,128,164
https://kawalpemilu.org#13486,"TUNGKA, SITUJUAH LIMO NAGARI, LIMA PULUH KOTA, SUMATERA BARAT",14,31,132,163
https://kawalpemilu.org#13486,"TUNGKA, SITUJUAH LIMO NAGARI, LIMA PULUH KOTA, SUMATERA BARAT",15,33,194,227
https://kawalpemilu.org#13487,"SITUJUAH BANDA DALAM, SITUJUAH LIMO NAGARI, LIMA PULUH KOTA, SUMATERA BARAT",1,20,164,184
https://kawalpemilu.org#13487,"SITUJUAH BANDA DALAM, SITUJUAH LIMO NAGARI, LIMA PULUH KOTA, SUMATERA BARAT",2,25,139,164
https://kawalpemilu.org#13487,"SITUJUAH BANDA DALAM, SITUJUAH LIMO NAGARI, LIMA PULUH KOTA, SUMATERA BARAT",3,18,134,152
https://kawalpemilu.org#13487,"SITUJUAH BANDA DALAM, SITUJUAH LIMO NAGARI, LIMA PULUH KOTA, SUMATERA BARAT",4,26,130,156
https://kawalpemilu.org#13487,"SITUJUAH BANDA DALAM, SITUJUAH LIMO NAGARI, LIMA PULUH KOTA, SUMATERA BARAT",5,8,155,163
https://kawalpemilu.org#13487,"SITUJUAH BANDA DALAM, SITUJUAH LIMO NAGARI, LIMA PULUH KOTA, SUMATERA BARAT",6,28,165,193
https://kawalpemilu.org#13487,"SITUJUAH BANDA DALAM, SITUJUAH LIMO NAGARI, LIMA PULUH KOTA, SUMATERA BARAT",7,18,145,163
https://kawalpemilu.org#13487,"SITUJUAH BANDA DALAM, SITUJUAH LIMO NAGARI, LIMA PULUH KOTA, SUMATERA BARAT",8,21,211,232
https://kawalpemilu.org#13487,"SITUJUAH BANDA DALAM, SITUJUAH LIMO NAGARI, LIMA PULUH KOTA, SUMATERA BARAT",9,24,140,164
https://kawalpemilu.org#13487,"SITUJUAH BANDA DALAM, SITUJUAH LIMO NAGARI, LIMA PULUH KOTA, SUMATERA BARAT",10,19,153,172
https://kawalpemilu.org#13487,"SITUJUAH BANDA DALAM, SITUJUAH LIMO NAGARI, LIMA PULUH KOTA, SUMATERA BARAT",11,15,188,203
https://kawalpemilu.org#13487,"SITUJUAH BANDA DALAM, SITUJUAH LIMO NAGARI, LIMA PULUH KOTA, SUMATERA BARAT",12,19,139,158
https://kawalpemilu.org#13487,"SITUJUAH BANDA DALAM, SITUJUAH LIMO NAGARI, LIMA PULUH KOTA, SUMATERA BARAT",13,16,139,155
https://kawalpemilu.org#13487,"SITUJUAH BANDA DALAM, SITUJUAH LIMO NAGARI, LIMA PULUH KOTA, SUMATERA BARAT",14,17,161,178
https://kawalpemilu.org#13487,"SITUJUAH BANDA DALAM, SITUJUAH LIMO NAGARI, LIMA PULUH KOTA, SUMATERA BARAT",15,9,190,199
https://kawalpemilu.org#13488,"SITUJUAH GADANG, SITUJUAH LIMO NAGARI, LIMA PULUH KOTA, SUMATERA BARAT",1,16,110,126
https://kawalpemilu.org#13488,"SITUJUAH GADANG, SITUJUAH LIMO NAGARI, LIMA PULUH KOTA, SUMATERA BARAT",2,4,117,121
https://kawalpemilu.org#13488,"SITUJUAH GADANG, SITUJUAH LIMO NAGARI, LIMA PULUH KOTA, SUMATERA BARAT",3,15,123,138
https://kawalpemilu.org#13488,"SITUJUAH GADANG, SITUJUAH LIMO NAGARI, LIMA PULUH KOTA, SUMATERA BARAT",4,11,135,146
https://kawalpemilu.org#13488,"SITUJUAH GADANG, SITUJUAH LIMO NAGARI, LIMA PULUH KOTA, SUMATERA BARAT",5,16,156,172
https://kawalpemilu.org#13488,"SITUJUAH GADANG, SITUJUAH LIMO NAGARI, LIMA PULUH KOTA, SUMATERA BARAT",6,18,159,177
https://kawalpemilu.org#13488,"SITUJUAH GADANG, SITUJUAH LIMO NAGARI, LIMA PULUH KOTA, SUMATERA BARAT",7,14,142,156
https://kawalpemilu.org#13488,"SITUJUAH GADANG, SITUJUAH LIMO NAGARI, LIMA PULUH KOTA, SUMATERA BARAT",8,10,124,134
https://kawalpemilu.org#13488,"SITUJUAH GADANG, SITUJUAH LIMO NAGARI, LIMA PULUH KOTA, SUMATERA BARAT",9,20,153,173
https://kawalpemilu.org#13488,"SITUJUAH GADANG, SITUJUAH LIMO NAGARI, LIMA PULUH KOTA, SUMATERA BARAT",10,10,183,193
https://kawalpemilu.org#13488,"SITUJUAH GADANG, SITUJUAH LIMO NAGARI, LIMA PULUH KOTA, SUMATERA BARAT",11,6,158,164
https://kawalpemilu.org#13488,"SITUJUAH GADANG, SITUJUAH LIMO NAGARI, LIMA PULUH KOTA, SUMATERA BARAT",12,13,161,174
https://kawalpemilu.org#13488,"SITUJUAH GADANG, SITUJUAH LIMO NAGARI, LIMA PULUH KOTA, SUMATERA BARAT",13,14,154,168
https://kawalpemilu.org#13488,"SITUJUAH GADANG, SITUJUAH LIMO NAGARI, LIMA PULUH KOTA, SUMATERA BARAT",14,9,179,188
https://kawalpemilu.org#13488,"SITUJUAH GADANG, SITUJUAH LIMO NAGARI, LIMA PULUH KOTA, SUMATERA BARAT",15,16,188,204
https://kawalpemilu.org#13488,"SITUJUAH GADANG, SITUJUAH LIMO NAGARI, LIMA PULUH KOTA, SUMATERA BARAT",16,6,154,160
https://kawalpemilu.org#13488,"SITUJUAH GADANG, SITUJUAH LIMO NAGARI, LIMA PULUH KOTA, SUMATERA BARAT",17,9,87,96
https://kawalpemilu.org#13488,"SITUJUAH GADANG, SITUJUAH LIMO NAGARI, LIMA PULUH KOTA, SUMATERA BARAT",18,25,153,178
https://kawalpemilu.org#13488,"SITUJUAH GADANG, SITUJUAH LIMO NAGARI, LIMA PULUH KOTA, SUMATERA BARAT",19,30,170,200
https://kawalpemilu.org#13488,"SITUJUAH GADANG, SITUJUAH LIMO NAGARI, LIMA PULUH KOTA, SUMATERA BARAT",20,21,180,201
https://kawalpemilu.org#13490,"JOPANG MANGANTI, MUNGKA, LIMA PULUH KOTA, SUMATERA BARAT",1,22,158,180
https://kawalpemilu.org#13490,"JOPANG MANGANTI, MUNGKA, LIMA PULUH KOTA, SUMATERA BARAT",2,16,167,183
https://kawalpemilu.org#13490,"JOPANG MANGANTI, MUNGKA, LIMA PULUH KOTA, SUMATERA BARAT",3,16,159,175
https://kawalpemilu.org#13490,"JOPANG MANGANTI, MUNGKA, LIMA PULUH KOTA, SUMATERA BARAT",4,28,163,191
https://kawalpemilu.org#13490,"JOPANG MANGANTI, MUNGKA, LIMA PULUH KOTA, SUMATERA BARAT",5,15,132,147
https://kawalpemilu.org#13490,"JOPANG MANGANTI, MUNGKA, LIMA PULUH KOTA, SUMATERA BARAT",6,17,125,142
https://kawalpemilu.org#13490,"JOPANG MANGANTI, MUNGKA, LIMA PULUH KOTA, SUMATERA BARAT",7,10,118,128
https://kawalpemilu.org#13490,"JOPANG MANGANTI, MUNGKA, LIMA PULUH KOTA, SUMATERA BARAT",8,15,119,134
https://kawalpemilu.org#13491,"SIMPANG KAPUAK, MUNGKA, LIMA PULUH KOTA, SUMATERA BARAT",1,8,139,147
https://kawalpemilu.org#13491,"SIMPANG KAPUAK, MUNGKA, LIMA PULUH KOTA, SUMATERA BARAT",2,13,118,131
https://kawalpemilu.org#13491,"SIMPANG KAPUAK, MUNGKA, LIMA PULUH KOTA, SUMATERA BARAT",3,6,121,127
https://kawalpemilu.org#13491,"SIMPANG KAPUAK, MUNGKA, LIMA PULUH KOTA, SUMATERA BARAT",4,9,146,155
https://kawalpemilu.org#13491,"SIMPANG KAPUAK, MUNGKA, LIMA PULUH KOTA, SUMATERA BARAT",5,19,186,205
https://kawalpemilu.org#13491,"SIMPANG KAPUAK, MUNGKA, LIMA PULUH KOTA, SUMATERA BARAT",6,11,196,207
https://kawalpemilu.org#13491,"SIMPANG KAPUAK, MUNGKA, LIMA PULUH KOTA, SUMATERA BARAT",7,10,157,167
https://kawalpemilu.org#13491,"SIMPANG KAPUAK, MUNGKA, LIMA PULUH KOTA, SUMATERA BARAT",8,7,231,238
https://kawalpemilu.org#13491,"SIMPANG KAPUAK, MUNGKA, LIMA PULUH KOTA, SUMATERA BARAT",9,10,134,144
https://kawalpemilu.org#13491,"SIMPANG KAPUAK, MUNGKA, LIMA PULUH KOTA, SUMATERA BARAT",10,5,168,173
https://kawalpemilu.org#13491,"SIMPANG KAPUAK, MUNGKA, LIMA PULUH KOTA, SUMATERA BARAT",11,13,165,178
https://kawalpemilu.org#13491,"SIMPANG KAPUAK, MUNGKA, LIMA PULUH KOTA, SUMATERA BARAT",12,18,142,160
https://kawalpemilu.org#13491,"SIMPANG KAPUAK, MUNGKA, LIMA PULUH KOTA, SUMATERA BARAT",13,12,198,210
https://kawalpemilu.org#13491,"SIMPANG KAPUAK, MUNGKA, LIMA PULUH KOTA, SUMATERA BARAT",14,22,173,195
https://kawalpemilu.org#13491,"SIMPANG KAPUAK, MUNGKA, LIMA PULUH KOTA, SUMATERA BARAT",15,14,202,216
https://kawalpemilu.org#13492,"MUNGKA, MUNGKA, LIMA PULUH KOTA, SUMATERA BARAT",1,18,142,160
https://kawalpemilu.org#13492,"MUNGKA, MUNGKA, LIMA PULUH KOTA, SUMATERA BARAT",2,16,155,171
https://kawalpemilu.org#13492,"MUNGKA, MUNGKA, LIMA PULUH KOTA, SUMATERA BARAT",3,15,169,184
https://kawalpemilu.org#13492,"MUNGKA, MUNGKA, LIMA PULUH KOTA, SUMATERA BARAT",4,24,155,179
https://kawalpemilu.org#13492,"MUNGKA, MUNGKA, LIMA PULUH KOTA, SUMATERA BARAT",5,25,156,181
https://kawalpemilu.org#13492,"MUNGKA, MUNGKA, LIMA PULUH KOTA, SUMATERA BARAT",6,24,159,183
https://kawalpemilu.org#13492,"MUNGKA, MUNGKA, LIMA PULUH KOTA, SUMATERA BARAT",7,34,165,199
https://kawalpemilu.org#13492,"MUNGKA, MUNGKA, LIMA PULUH KOTA, SUMATERA BARAT",8,27,153,180
https://kawalpemilu.org#13492,"MUNGKA, MUNGKA, LIMA PULUH KOTA, SUMATERA BARAT",9,27,165,192
https://kawalpemilu.org#13492,"MUNGKA, MUNGKA, LIMA PULUH KOTA, SUMATERA BARAT",10,18,156,174
https://kawalpemilu.org#13492,"MUNGKA, MUNGKA, LIMA PULUH KOTA, SUMATERA BARAT",11,15,144,159
https://kawalpemilu.org#13492,"MUNGKA, MUNGKA, LIMA PULUH KOTA, SUMATERA BARAT",12,17,164,181
https://kawalpemilu.org#13492,"MUNGKA, MUNGKA, LIMA PULUH KOTA, SUMATERA BARAT",13,13,136,149
https://kawalpemilu.org#13492,"MUNGKA, MUNGKA, LIMA PULUH KOTA, SUMATERA BARAT",14,28,141,169
https://kawalpemilu.org#13492,"MUNGKA, MUNGKA, LIMA PULUH KOTA, SUMATERA BARAT",15,17,133,150
https://kawalpemilu.org#13492,"MUNGKA, MUNGKA, LIMA PULUH KOTA, SUMATERA BARAT",16,15,121,136
https://kawalpemilu.org#13492,"MUNGKA, MUNGKA, LIMA PULUH KOTA, SUMATERA BARAT",17,13,134,147
https://kawalpemilu.org#13492,"MUNGKA, MUNGKA, LIMA PULUH KOTA, SUMATERA BARAT",18,21,123,144
https://kawalpemilu.org#13492,"MUNGKA, MUNGKA, LIMA PULUH KOTA, SUMATERA BARAT",19,8,145,153
https://kawalpemilu.org#13492,"MUNGKA, MUNGKA, LIMA PULUH KOTA, SUMATERA BARAT",20,6,104,110
https://kawalpemilu.org#13492,"MUNGKA, MUNGKA, LIMA PULUH KOTA, SUMATERA BARAT",21,15,109,124
https://kawalpemilu.org#13492,"MUNGKA, MUNGKA, LIMA PULUH KOTA, SUMATERA BARAT",22,11,115,126
https://kawalpemilu.org#13492,"MUNGKA, MUNGKA, LIMA PULUH KOTA, SUMATERA BARAT",23,15,101,116
https://kawalpemilu.org#13492,"MUNGKA, MUNGKA, LIMA PULUH KOTA, SUMATERA BARAT",24,19,120,139
https://kawalpemilu.org#13492,"MUNGKA, MUNGKA, LIMA PULUH KOTA, SUMATERA BARAT",25,35,110,145
https://kawalpemilu.org#13492,"MUNGKA, MUNGKA, LIMA PULUH KOTA, SUMATERA BARAT",26,21,128,149
https://kawalpemilu.org#13492,"MUNGKA, MUNGKA, LIMA PULUH KOTA, SUMATERA BARAT",27,22,146,168
https://kawalpemilu.org#13492,"MUNGKA, MUNGKA, LIMA PULUH KOTA, SUMATERA BARAT",28,11,150,161
https://kawalpemilu.org#13493,"TALANG MAUR, MUNGKA, LIMA PULUH KOTA, SUMATERA BARAT",1,29,174,203
https://kawalpemilu.org#13493,"TALANG MAUR, MUNGKA, LIMA PULUH KOTA, SUMATERA BARAT",2,36,185,221
https://kawalpemilu.org#13493,"TALANG MAUR, MUNGKA, LIMA PULUH KOTA, SUMATERA BARAT",3,26,120,146
https://kawalpemilu.org#13493,"TALANG MAUR, MUNGKA, LIMA PULUH KOTA, SUMATERA BARAT",4,15,122,137
https://kawalpemilu.org#13493,"TALANG MAUR, MUNGKA, LIMA PULUH KOTA, SUMATERA BARAT",5,16,105,121
https://kawalpemilu.org#13493,"TALANG MAUR, MUNGKA, LIMA PULUH KOTA, SUMATERA BARAT",6,28,119,147
https://kawalpemilu.org#13493,"TALANG MAUR, MUNGKA, LIMA PULUH KOTA, SUMATERA BARAT",7,30,138,168
https://kawalpemilu.org#13493,"TALANG MAUR, MUNGKA, LIMA PULUH KOTA, SUMATERA BARAT",8,18,136,154
https://kawalpemilu.org#13493,"TALANG MAUR, MUNGKA, LIMA PULUH KOTA, SUMATERA BARAT",9,15,121,136
https://kawalpemilu.org#13493,"TALANG MAUR, MUNGKA, LIMA PULUH KOTA, SUMATERA BARAT",10,14,143,157
https://kawalpemilu.org#13493,"TALANG MAUR, MUNGKA, LIMA PULUH KOTA, SUMATERA BARAT",11,28,135,163
https://kawalpemilu.org#13493,"TALANG MAUR, MUNGKA, LIMA PULUH KOTA, SUMATERA BARAT",12,10,162,172
https://kawalpemilu.org#13493,"TALANG MAUR, MUNGKA, LIMA PULUH KOTA, SUMATERA BARAT",13,16,144,160
https://kawalpemilu.org#13493,"TALANG MAUR, MUNGKA, LIMA PULUH KOTA, SUMATERA BARAT",14,17,133,150
https://kawalpemilu.org#13493,"TALANG MAUR, MUNGKA, LIMA PULUH KOTA, SUMATERA BARAT",15,9,120,129
https://kawalpemilu.org#13493,"TALANG MAUR, MUNGKA, LIMA PULUH KOTA, SUMATERA BARAT",16,14,119,133
https://kawalpemilu.org#13493,"TALANG MAUR, MUNGKA, LIMA PULUH KOTA, SUMATERA BARAT",17,24,109,133
https://kawalpemilu.org#13493,"TALANG MAUR, MUNGKA, LIMA PULUH KOTA, SUMATERA BARAT",18,21,115,136
https://kawalpemilu.org#13493,"TALANG MAUR, MUNGKA, LIMA PULUH KOTA, SUMATERA BARAT",19,15,137,152
https://kawalpemilu.org#13493,"TALANG MAUR, MUNGKA, LIMA PULUH KOTA, SUMATERA BARAT",20,17,89,106
https://kawalpemilu.org#13494,"SUNGAI ANTUAN, MUNGKA, LIMA PULUH KOTA, SUMATERA BARAT",1,21,173,194
https://kawalpemilu.org#13494,"SUNGAI ANTUAN, MUNGKA, LIMA PULUH KOTA, SUMATERA BARAT",2,19,163,182
https://kawalpemilu.org#13494,"SUNGAI ANTUAN, MUNGKA, LIMA PULUH KOTA, SUMATERA BARAT",3,27,152,179
https://kawalpemilu.org#13494,"SUNGAI ANTUAN, MUNGKA, LIMA PULUH KOTA, SUMATERA BARAT",4,20,191,211
https://kawalpemilu.org#13494,"SUNGAI ANTUAN, MUNGKA, LIMA PULUH KOTA, SUMATERA BARAT",5,11,185,196
https://kawalpemilu.org#13494,"SUNGAI ANTUAN, MUNGKA, LIMA PULUH KOTA, SUMATERA BARAT",6,14,164,178
https://kawalpemilu.org#13494,"SUNGAI ANTUAN, MUNGKA, LIMA PULUH KOTA, SUMATERA BARAT",7,15,146,161
https://kawalpemilu.org#13494,"SUNGAI ANTUAN, MUNGKA, LIMA PULUH KOTA, SUMATERA BARAT",8,12,142,154
https://kawalpemilu.org#13494,"SUNGAI ANTUAN, MUNGKA, LIMA PULUH KOTA, SUMATERA BARAT",9,12,136,148
https://kawalpemilu.org#13494,"SUNGAI ANTUAN, MUNGKA, LIMA PULUH KOTA, SUMATERA BARAT",10,9,143,152
https://kawalpemilu.org#13494,"SUNGAI ANTUAN, MUNGKA, LIMA PULUH KOTA, SUMATERA BARAT",11,7,131,138
https://kawalpemilu.org#13494,"SUNGAI ANTUAN, MUNGKA, LIMA PULUH KOTA, SUMATERA BARAT",12,7,139,146
https://kawalpemilu.org#13494,"SUNGAI ANTUAN, MUNGKA, LIMA PULUH KOTA, SUMATERA BARAT",13,8,124,132
https://kawalpemilu.org#13494,"SUNGAI ANTUAN, MUNGKA, LIMA PULUH KOTA, SUMATERA BARAT",14,13,192,205
https://kawalpemilu.org#13494,"SUNGAI ANTUAN, MUNGKA, LIMA PULUH KOTA, SUMATERA BARAT",15,5,201,206
https://kawalpemilu.org#13494,"SUNGAI ANTUAN, MUNGKA, LIMA PULUH KOTA, SUMATERA BARAT",16,11,210,221
https://kawalpemilu.org#13494,"SUNGAI ANTUAN, MUNGKA, LIMA PULUH KOTA, SUMATERA BARAT",17,8,151,159
https://kawalpemilu.org#13494,"SUNGAI ANTUAN, MUNGKA, LIMA PULUH KOTA, SUMATERA BARAT",18,8,157,165
https://kawalpemilu.org#13496,"MAEK, BUKIK BARISAN, LIMA PULUH KOTA, SUMATERA BARAT",1,12,118,130
https://kawalpemilu.org#13496,"MAEK, BUKIK BARISAN, LIMA PULUH KOTA, SUMATERA BARAT",2,19,113,132
https://kawalpemilu.org#13496,"MAEK, BUKIK BARISAN, LIMA PULUH KOTA, SUMATERA BARAT",3,23,114,137
https://kawalpemilu.org#13496,"MAEK, BUKIK BARISAN, LIMA PULUH KOTA, SUMATERA BARAT",4,14,130,144
https://kawalpemilu.org#13496,"MAEK, BUKIK BARISAN, LIMA PULUH KOTA, SUMATERA BARAT",5,31,117,148
https://kawalpemilu.org#13496,"MAEK, BUKIK BARISAN, LIMA PULUH KOTA, SUMATERA BARAT",6,10,126,136
https://kawalpemilu.org#13496,"MAEK, BUKIK BARISAN, LIMA PULUH KOTA, SUMATERA BARAT",7,13,105,118
https://kawalpemilu.org#13496,"MAEK, BUKIK BARISAN, LIMA PULUH KOTA, SUMATERA BARAT",8,11,114,125
https://kawalpemilu.org#13496,"MAEK, BUKIK BARISAN, LIMA PULUH KOTA, SUMATERA BARAT",9,56,143,199
https://kawalpemilu.org#13496,"MAEK, BUKIK BARISAN, LIMA PULUH KOTA, SUMATERA BARAT",10,55,164,219
https://kawalpemilu.org#13496,"MAEK, BUKIK BARISAN, LIMA PULUH KOTA, SUMATERA BARAT",11,11,112,123
https://kawalpemilu.org#13496,"MAEK, BUKIK BARISAN, LIMA PULUH KOTA, SUMATERA BARAT",12,10,113,123
https://kawalpemilu.org#13496,"MAEK, BUKIK BARISAN, LIMA PULUH KOTA, SUMATERA BARAT",13,18,167,185
https://kawalpemilu.org#13496,"MAEK, BUKIK BARISAN, LIMA PULUH KOTA, SUMATERA BARAT",14,9,156,165
https://kawalpemilu.org#13496,"MAEK, BUKIK BARISAN, LIMA PULUH KOTA, SUMATERA BARAT",15,20,175,195
https://kawalpemilu.org#13496,"MAEK, BUKIK BARISAN, LIMA PULUH KOTA, SUMATERA BARAT",16,23,133,156
https://kawalpemilu.org#13496,"MAEK, BUKIK BARISAN, LIMA PULUH KOTA, SUMATERA BARAT",17,21,101,122
https://kawalpemilu.org#13496,"MAEK, BUKIK BARISAN, LIMA PULUH KOTA, SUMATERA BARAT",18,19,162,181
https://kawalpemilu.org#13496,"MAEK, BUKIK BARISAN, LIMA PULUH KOTA, SUMATERA BARAT",19,7,170,177
https://kawalpemilu.org#13496,"MAEK, BUKIK BARISAN, LIMA PULUH KOTA, SUMATERA BARAT",20,19,169,188
https://kawalpemilu.org#13496,"MAEK, BUKIK BARISAN, LIMA PULUH KOTA, SUMATERA BARAT",21,15,159,174
https://kawalpemilu.org#13496,"MAEK, BUKIK BARISAN, LIMA PULUH KOTA, SUMATERA BARAT",22,23,147,172
https://kawalpemilu.org#13496,"MAEK, BUKIK BARISAN, LIMA PULUH KOTA, SUMATERA BARAT",23,13,165,178
https://kawalpemilu.org#13496,"MAEK, BUKIK BARISAN, LIMA PULUH KOTA, SUMATERA BARAT",24,7,178,185
https://kawalpemilu.org#13496,"MAEK, BUKIK BARISAN, LIMA PULUH KOTA, SUMATERA BARAT",25,13,109,122
https://kawalpemilu.org#13496,"MAEK, BUKIK BARISAN, LIMA PULUH KOTA, SUMATERA BARAT",26,23,124,147
https://kawalpemilu.org#13496,"MAEK, BUKIK BARISAN, LIMA PULUH KOTA, SUMATERA BARAT",27,13,118,131
https://kawalpemilu.org#13496,"MAEK, BUKIK BARISAN, LIMA PULUH KOTA, SUMATERA BARAT",28,8,101,109
https://kawalpemilu.org#13496,"MAEK, BUKIK BARISAN, LIMA PULUH KOTA, SUMATERA BARAT",29,23,201,224
https://kawalpemilu.org#13496,"MAEK, BUKIK BARISAN, LIMA PULUH KOTA, SUMATERA BARAT",30,13,164,177
https://kawalpemilu.org#13496,"MAEK, BUKIK BARISAN, LIMA PULUH KOTA, SUMATERA BARAT",31,24,161,185
https://kawalpemilu.org#13496,"MAEK, BUKIK BARISAN, LIMA PULUH KOTA, SUMATERA BARAT",32,15,143,158
https://kawalpemilu.org#13496,"MAEK, BUKIK BARISAN, LIMA PULUH KOTA, SUMATERA BARAT",33,26,196,222
https://kawalpemilu.org#13496,"MAEK, BUKIK BARISAN, LIMA PULUH KOTA, SUMATERA BARAT",34,27,138,165
https://kawalpemilu.org#13496,"MAEK, BUKIK BARISAN, LIMA PULUH KOTA, SUMATERA BARAT",35,18,146,164
https://kawalpemilu.org#13496,"MAEK, BUKIK BARISAN, LIMA PULUH KOTA, SUMATERA BARAT",36,5,142,147
https://kawalpemilu.org#13496,"MAEK, BUKIK BARISAN, LIMA PULUH KOTA, SUMATERA BARAT",37,10,168,178
https://kawalpemilu.org#13497,"BANJA LOWEH, BUKIK BARISAN, LIMA PULUH KOTA, SUMATERA BARAT",1,16,119,135
https://kawalpemilu.org#13497,"BANJA LOWEH, BUKIK BARISAN, LIMA PULUH KOTA, SUMATERA BARAT",2,11,121,132
https://kawalpemilu.org#13497,"BANJA LOWEH, BUKIK BARISAN, LIMA PULUH KOTA, SUMATERA BARAT",3,4,152,156
https://kawalpemilu.org#13497,"BANJA LOWEH, BUKIK BARISAN, LIMA PULUH KOTA, SUMATERA BARAT",4,7,149,156
https://kawalpemilu.org#13497,"BANJA LOWEH, BUKIK BARISAN, LIMA PULUH KOTA, SUMATERA BARAT",5,24,183,207
https://kawalpemilu.org#13497,"BANJA LOWEH, BUKIK BARISAN, LIMA PULUH KOTA, SUMATERA BARAT",6,14,174,188
https://kawalpemilu.org#13497,"BANJA LOWEH, BUKIK BARISAN, LIMA PULUH KOTA, SUMATERA BARAT",7,20,189,209
https://kawalpemilu.org#13497,"BANJA LOWEH, BUKIK BARISAN, LIMA PULUH KOTA, SUMATERA BARAT",8,12,132,144
https://kawalpemilu.org#13497,"BANJA LOWEH, BUKIK BARISAN, LIMA PULUH KOTA, SUMATERA BARAT",9,18,107,125
https://kawalpemilu.org#13497,"BANJA LOWEH, BUKIK BARISAN, LIMA PULUH KOTA, SUMATERA BARAT",10,13,180,193
https://kawalpemilu.org#13497,"BANJA LOWEH, BUKIK BARISAN, LIMA PULUH KOTA, SUMATERA BARAT",11,43,153,196
https://kawalpemilu.org#13498,"BARUAH GUNUANG, BUKIK BARISAN, LIMA PULUH KOTA, SUMATERA BARAT",1,24,159,183
https://kawalpemilu.org#13498,"BARUAH GUNUANG, BUKIK BARISAN, LIMA PULUH KOTA, SUMATERA BARAT",2,37,132,169
https://kawalpemilu.org#13498,"BARUAH GUNUANG, BUKIK BARISAN, LIMA PULUH KOTA, SUMATERA BARAT",3,16,64,80
https://kawalpemilu.org#13498,"BARUAH GUNUANG, BUKIK BARISAN, LIMA PULUH KOTA, SUMATERA BARAT",4,25,85,110
https://kawalpemilu.org#13498,"BARUAH GUNUANG, BUKIK BARISAN, LIMA PULUH KOTA, SUMATERA BARAT",5,25,120,145
https://kawalpemilu.org#13498,"BARUAH GUNUANG, BUKIK BARISAN, LIMA PULUH KOTA, SUMATERA BARAT",6,17,171,188
https://kawalpemilu.org#13498,"BARUAH GUNUANG, BUKIK BARISAN, LIMA PULUH KOTA, SUMATERA BARAT",7,23,123,146
https://kawalpemilu.org#13498,"BARUAH GUNUANG, BUKIK BARISAN, LIMA PULUH KOTA, SUMATERA BARAT",8,18,149,167
https://kawalpemilu.org#13498,"BARUAH GUNUANG, BUKIK BARISAN, LIMA PULUH KOTA, SUMATERA BARAT",9,10,170,180
https://kawalpemilu.org#13498,"BARUAH GUNUANG, BUKIK BARISAN, LIMA PULUH KOTA, SUMATERA BARAT",10,14,169,183
https://kawalpemilu.org#13498,"BARUAH GUNUANG, BUKIK BARISAN, LIMA PULUH KOTA, SUMATERA BARAT",11,6,152,158
https://kawalpemilu.org#13498,"BARUAH GUNUANG, BUKIK BARISAN, LIMA PULUH KOTA, SUMATERA BARAT",12,12,151,163
https://kawalpemilu.org#13498,"BARUAH GUNUANG, BUKIK BARISAN, LIMA PULUH KOTA, SUMATERA BARAT",13,9,157,166
https://kawalpemilu.org#13498,"BARUAH GUNUANG, BUKIK BARISAN, LIMA PULUH KOTA, SUMATERA BARAT",14,18,141,159
https://kawalpemilu.org#13498,"BARUAH GUNUANG, BUKIK BARISAN, LIMA PULUH KOTA, SUMATERA BARAT",15,12,127,139
https://kawalpemilu.org#13498,"BARUAH GUNUANG, BUKIK BARISAN, LIMA PULUH KOTA, SUMATERA BARAT",16,13,118,131
https://kawalpemilu.org#13499,"SUNGAI NANIANG, BUKIK BARISAN, LIMA PULUH KOTA, SUMATERA BARAT",1,28,179,207
https://kawalpemilu.org#13499,"SUNGAI NANIANG, BUKIK BARISAN, LIMA PULUH KOTA, SUMATERA BARAT",2,29,183,212
https://kawalpemilu.org#13499,"SUNGAI NANIANG, BUKIK BARISAN, LIMA PULUH KOTA, SUMATERA BARAT",3,5,117,122
https://kawalpemilu.org#13499,"SUNGAI NANIANG, BUKIK BARISAN, LIMA PULUH KOTA, SUMATERA BARAT",4,10,111,121
https://kawalpemilu.org#13499,"SUNGAI NANIANG, BUKIK BARISAN, LIMA PULUH KOTA, SUMATERA BARAT",5,19,150,169
https://kawalpemilu.org#13499,"SUNGAI NANIANG, BUKIK BARISAN, LIMA PULUH KOTA, SUMATERA BARAT",6,19,140,159
https://kawalpemilu.org#13499,"SUNGAI NANIANG, BUKIK BARISAN, LIMA PULUH KOTA, SUMATERA BARAT",7,12,152,164
https://kawalpemilu.org#13499,"SUNGAI NANIANG, BUKIK BARISAN, LIMA PULUH KOTA, SUMATERA BARAT",8,19,114,133
https://kawalpemilu.org#13499,"SUNGAI NANIANG, BUKIK BARISAN, LIMA PULUH KOTA, SUMATERA BARAT",9,14,96,110
https://kawalpemilu.org#13499,"SUNGAI NANIANG, BUKIK BARISAN, LIMA PULUH KOTA, SUMATERA BARAT",10,18,131,149
https://kawalpemilu.org#13499,"SUNGAI NANIANG, BUKIK BARISAN, LIMA PULUH KOTA, SUMATERA BARAT",11,16,168,184
https://kawalpemilu.org#13500,"KOTO TANGAH, BUKIK BARISAN, LIMA PULUH KOTA, SUMATERA BARAT",1,4,135,139
https://kawalpemilu.org#13500,"KOTO TANGAH, BUKIK BARISAN, LIMA PULUH KOTA, SUMATERA BARAT",2,2,135,137
https://kawalpemilu.org#13500,"KOTO TANGAH, BUKIK BARISAN, LIMA PULUH KOTA, SUMATERA BARAT",3,14,136,150
https://kawalpemilu.org#13500,"KOTO TANGAH, BUKIK BARISAN, LIMA PULUH KOTA, SUMATERA BARAT",4,9,136,145
https://kawalpemilu.org#13500,"KOTO TANGAH, BUKIK BARISAN, LIMA PULUH KOTA, SUMATERA BARAT",5,9,137,146
https://kawalpemilu.org#13500,"KOTO TANGAH, BUKIK BARISAN, LIMA PULUH KOTA, SUMATERA BARAT",6,7,94,101
https://kawalpemilu.org#13500,"KOTO TANGAH, BUKIK BARISAN, LIMA PULUH KOTA, SUMATERA BARAT",7,6,188,194
https://kawalpemilu.org#13500,"KOTO TANGAH, BUKIK BARISAN, LIMA PULUH KOTA, SUMATERA BARAT",8,5,166,171
https://kawalpemilu.org#13500,"KOTO TANGAH, BUKIK BARISAN, LIMA PULUH KOTA, SUMATERA BARAT",9,16,183,199
https://kawalpemilu.org#13500,"KOTO TANGAH, BUKIK BARISAN, LIMA PULUH KOTA, SUMATERA BARAT",10,12,180,192
https://kawalpemilu.org#13500,"KOTO TANGAH, BUKIK BARISAN, LIMA PULUH KOTA, SUMATERA BARAT",11,11,145,156
https://kawalpemilu.org#13502,"SARIAK LAWEH, AKABILURU, LIMA PULUH KOTA, SUMATERA BARAT",1,17,150,167
https://kawalpemilu.org#13502,"SARIAK LAWEH, AKABILURU, LIMA PULUH KOTA, SUMATERA BARAT",2,20,143,163
https://kawalpemilu.org#13502,"SARIAK LAWEH, AKABILURU, LIMA PULUH KOTA, SUMATERA BARAT",3,23,147,170
https://kawalpemilu.org#13502,"SARIAK LAWEH, AKABILURU, LIMA PULUH KOTA, SUMATERA BARAT",4,11,215,226
https://kawalpemilu.org#13502,"SARIAK LAWEH, AKABILURU, LIMA PULUH KOTA, SUMATERA BARAT",5,8,136,144
https://kawalpemilu.org#13502,"SARIAK LAWEH, AKABILURU, LIMA PULUH KOTA, SUMATERA BARAT",6,8,189,197
https://kawalpemilu.org#13502,"SARIAK LAWEH, AKABILURU, LIMA PULUH KOTA, SUMATERA BARAT",7,4,155,159
https://kawalpemilu.org#13502,"SARIAK LAWEH, AKABILURU, LIMA PULUH KOTA, SUMATERA BARAT",8,15,150,165
https://kawalpemilu.org#13502,"SARIAK LAWEH, AKABILURU, LIMA PULUH KOTA, SUMATERA BARAT",9,9,172,181
https://kawalpemilu.org#13502,"SARIAK LAWEH, AKABILURU, LIMA PULUH KOTA, SUMATERA BARAT",10,12,171,183
https://kawalpemilu.org#13502,"SARIAK LAWEH, AKABILURU, LIMA PULUH KOTA, SUMATERA BARAT",11,9,152,161
https://kawalpemilu.org#13502,"SARIAK LAWEH, AKABILURU, LIMA PULUH KOTA, SUMATERA BARAT",12,3,171,174
https://kawalpemilu.org#13502,"SARIAK LAWEH, AKABILURU, LIMA PULUH KOTA, SUMATERA BARAT",13,12,134,146
https://kawalpemilu.org#13502,"SARIAK LAWEH, AKABILURU, LIMA PULUH KOTA, SUMATERA BARAT",14,8,154,162
https://kawalpemilu.org#13502,"SARIAK LAWEH, AKABILURU, LIMA PULUH KOTA, SUMATERA BARAT",15,15,192,207
https://kawalpemilu.org#13502,"SARIAK LAWEH, AKABILURU, LIMA PULUH KOTA, SUMATERA BARAT",16,7,124,131
https://kawalpemilu.org#13502,"SARIAK LAWEH, AKABILURU, LIMA PULUH KOTA, SUMATERA BARAT",17,3,131,134
https://kawalpemilu.org#13502,"SARIAK LAWEH, AKABILURU, LIMA PULUH KOTA, SUMATERA BARAT",18,4,130,134
https://kawalpemilu.org#13502,"SARIAK LAWEH, AKABILURU, LIMA PULUH KOTA, SUMATERA BARAT",19,8,134,142
https://kawalpemilu.org#13503,"KOTO TANGAH BATU AMPA, AKABILURU, LIMA PULUH KOTA, SUMATERA BARAT",1,13,150,163
https://kawalpemilu.org#13503,"KOTO TANGAH BATU AMPA, AKABILURU, LIMA PULUH KOTA, SUMATERA BARAT",2,16,132,148
https://kawalpemilu.org#13503,"KOTO TANGAH BATU AMPA, AKABILURU, LIMA PULUH KOTA, SUMATERA BARAT",3,23,92,115
https://kawalpemilu.org#13503,"KOTO TANGAH BATU AMPA, AKABILURU, LIMA PULUH KOTA, SUMATERA BARAT",4,20,106,126
https://kawalpemilu.org#13503,"KOTO TANGAH BATU AMPA, AKABILURU, LIMA PULUH KOTA, SUMATERA BARAT",5,19,163,182
https://kawalpemilu.org#13503,"KOTO TANGAH BATU AMPA, AKABILURU, LIMA PULUH KOTA, SUMATERA BARAT",6,13,213,226
https://kawalpemilu.org#13503,"KOTO TANGAH BATU AMPA, AKABILURU, LIMA PULUH KOTA, SUMATERA BARAT",7,4,104,108
https://kawalpemilu.org#13503,"KOTO TANGAH BATU AMPA, AKABILURU, LIMA PULUH KOTA, SUMATERA BARAT",8,12,122,134
https://kawalpemilu.org#13503,"KOTO TANGAH BATU AMPA, AKABILURU, LIMA PULUH KOTA, SUMATERA BARAT",9,8,185,193
https://kawalpemilu.org#13503,"KOTO TANGAH BATU AMPA, AKABILURU, LIMA PULUH KOTA, SUMATERA BARAT",10,13,159,172
https://kawalpemilu.org#13503,"KOTO TANGAH BATU AMPA, AKABILURU, LIMA PULUH KOTA, SUMATERA BARAT",11,20,137,157
https://kawalpemilu.org#13503,"KOTO TANGAH BATU AMPA, AKABILURU, LIMA PULUH KOTA, SUMATERA BARAT",12,12,139,151
https://kawalpemilu.org#13503,"KOTO TANGAH BATU AMPA, AKABILURU, LIMA PULUH KOTA, SUMATERA BARAT",13,14,123,137
https://kawalpemilu.org#13503,"KOTO TANGAH BATU AMPA, AKABILURU, LIMA PULUH KOTA, SUMATERA BARAT",14,22,150,172
https://kawalpemilu.org#13503,"KOTO TANGAH BATU AMPA, AKABILURU, LIMA PULUH KOTA, SUMATERA BARAT",15,25,173,198
https://kawalpemilu.org#13503,"KOTO TANGAH BATU AMPA, AKABILURU, LIMA PULUH KOTA, SUMATERA BARAT",16,9,130,139
https://kawalpemilu.org#13503,"KOTO TANGAH BATU AMPA, AKABILURU, LIMA PULUH KOTA, SUMATERA BARAT",17,16,110,126
https://kawalpemilu.org#13503,"KOTO TANGAH BATU AMPA, AKABILURU, LIMA PULUH KOTA, SUMATERA BARAT",18,5,134,139
https://kawalpemilu.org#13503,"KOTO TANGAH BATU AMPA, AKABILURU, LIMA PULUH KOTA, SUMATERA BARAT",19,3,97,100
https://kawalpemilu.org#13503,"KOTO TANGAH BATU AMPA, AKABILURU, LIMA PULUH KOTA, SUMATERA BARAT",20,9,125,134
https://kawalpemilu.org#13503,"KOTO TANGAH BATU AMPA, AKABILURU, LIMA PULUH KOTA, SUMATERA BARAT",21,9,126,135
https://kawalpemilu.org#13503,"KOTO TANGAH BATU AMPA, AKABILURU, LIMA PULUH KOTA, SUMATERA BARAT",22,14,132,146
https://kawalpemilu.org#13503,"KOTO TANGAH BATU AMPA, AKABILURU, LIMA PULUH KOTA, SUMATERA BARAT",23,18,119,137
https://kawalpemilu.org#13503,"KOTO TANGAH BATU AMPA, AKABILURU, LIMA PULUH KOTA, SUMATERA BARAT",24,22,107,129
https://kawalpemilu.org#13503,"KOTO TANGAH BATU AMPA, AKABILURU, LIMA PULUH KOTA, SUMATERA BARAT",25,15,115,130
https://kawalpemilu.org#13503,"KOTO TANGAH BATU AMPA, AKABILURU, LIMA PULUH KOTA, SUMATERA BARAT",26,10,141,151
https://kawalpemilu.org#13503,"KOTO TANGAH BATU AMPA, AKABILURU, LIMA PULUH KOTA, SUMATERA BARAT",27,9,114,123
https://kawalpemilu.org#13503,"KOTO TANGAH BATU AMPA, AKABILURU, LIMA PULUH KOTA, SUMATERA BARAT",28,24,85,109
https://kawalpemilu.org#13503,"KOTO TANGAH BATU AMPA, AKABILURU, LIMA PULUH KOTA, SUMATERA BARAT",29,21,108,129
https://kawalpemilu.org#13503,"KOTO TANGAH BATU AMPA, AKABILURU, LIMA PULUH KOTA, SUMATERA BARAT",30,15,127,142
https://kawalpemilu.org#13503,"KOTO TANGAH BATU AMPA, AKABILURU, LIMA PULUH KOTA, SUMATERA BARAT",31,15,153,168
https://kawalpemilu.org#13503,"KOTO TANGAH BATU AMPA, AKABILURU, LIMA PULUH KOTA, SUMATERA BARAT",32,13,95,108
https://kawalpemilu.org#13503,"KOTO TANGAH BATU AMPA, AKABILURU, LIMA PULUH KOTA, SUMATERA BARAT",33,23,98,121
https://kawalpemilu.org#13504,"BATUHAMPAR, AKABILURU, LIMA PULUH KOTA, SUMATERA BARAT",1,8,120,128
https://kawalpemilu.org#13504,"BATUHAMPAR, AKABILURU, LIMA PULUH KOTA, SUMATERA BARAT",2,6,125,131
https://kawalpemilu.org#13504,"BATUHAMPAR, AKABILURU, LIMA PULUH KOTA, SUMATERA BARAT",3,21,195,216
https://kawalpemilu.org#13504,"BATUHAMPAR, AKABILURU, LIMA PULUH KOTA, SUMATERA BARAT",4,3,138,141
https://kawalpemilu.org#13504,"BATUHAMPAR, AKABILURU, LIMA PULUH KOTA, SUMATERA BARAT",5,6,128,134
https://kawalpemilu.org#13504,"BATUHAMPAR, AKABILURU, LIMA PULUH KOTA, SUMATERA BARAT",6,10,122,132
https://kawalpemilu.org#13504,"BATUHAMPAR, AKABILURU, LIMA PULUH KOTA, SUMATERA BARAT",7,4,132,136
https://kawalpemilu.org#13504,"BATUHAMPAR, AKABILURU, LIMA PULUH KOTA, SUMATERA BARAT",8,17,224,241
https://kawalpemilu.org#13504,"BATUHAMPAR, AKABILURU, LIMA PULUH KOTA, SUMATERA BARAT",9,12,148,160
https://kawalpemilu.org#13504,"BATUHAMPAR, AKABILURU, LIMA PULUH KOTA, SUMATERA BARAT",10,7,158,165
https://kawalpemilu.org#13504,"BATUHAMPAR, AKABILURU, LIMA PULUH KOTA, SUMATERA BARAT",11,5,113,118
https://kawalpemilu.org#13504,"BATUHAMPAR, AKABILURU, LIMA PULUH KOTA, SUMATERA BARAT",12,5,116,121
https://kawalpemilu.org#13504,"BATUHAMPAR, AKABILURU, LIMA PULUH KOTA, SUMATERA BARAT",13,13,210,223
https://kawalpemilu.org#13505,"SUAYAN, AKABILURU, LIMA PULUH KOTA, SUMATERA BARAT",1,3,106,109
https://kawalpemilu.org#13505,"SUAYAN, AKABILURU, LIMA PULUH KOTA, SUMATERA BARAT",2,5,116,121
https://kawalpemilu.org#13505,"SUAYAN, AKABILURU, LIMA PULUH KOTA, SUMATERA BARAT",3,7,151,158
https://kawalpemilu.org#13505,"SUAYAN, AKABILURU, LIMA PULUH KOTA, SUMATERA BARAT",4,11,153,164
https://kawalpemilu.org#13505,"SUAYAN, AKABILURU, LIMA PULUH KOTA, SUMATERA BARAT",5,3,159,162
https://kawalpemilu.org#13505,"SUAYAN, AKABILURU, LIMA PULUH KOTA, SUMATERA BARAT",6,2,156,158
https://kawalpemilu.org#13505,"SUAYAN, AKABILURU, LIMA PULUH KOTA, SUMATERA BARAT",7,11,117,128
https://kawalpemilu.org#13505,"SUAYAN, AKABILURU, LIMA PULUH KOTA, SUMATERA BARAT",8,7,112,119
https://kawalpemilu.org#13505,"SUAYAN, AKABILURU, LIMA PULUH KOTA, SUMATERA BARAT",9,10,132,142
https://kawalpemilu.org#13505,"SUAYAN, AKABILURU, LIMA PULUH KOTA, SUMATERA BARAT",10,8,149,157
https://kawalpemilu.org#13505,"SUAYAN, AKABILURU, LIMA PULUH KOTA, SUMATERA BARAT",11,19,207,226
https://kawalpemilu.org#13505,"SUAYAN, AKABILURU, LIMA PULUH KOTA, SUMATERA BARAT",12,5,171,176
https://kawalpemilu.org#13505,"SUAYAN, AKABILURU, LIMA PULUH KOTA, SUMATERA BARAT",13,4,138,142
https://kawalpemilu.org#13505,"SUAYAN, AKABILURU, LIMA PULUH KOTA, SUMATERA BARAT",14,9,56,65
https://kawalpemilu.org#13505,"SUAYAN, AKABILURU, LIMA PULUH KOTA, SUMATERA BARAT",15,4,111,115
https://kawalpemilu.org#13505,"SUAYAN, AKABILURU, LIMA PULUH KOTA, SUMATERA BARAT",16,11,124,135
https://kawalpemilu.org#13505,"SUAYAN, AKABILURU, LIMA PULUH KOTA, SUMATERA BARAT",17,10,118,128
https://kawalpemilu.org#13505,"SUAYAN, AKABILURU, LIMA PULUH KOTA, SUMATERA BARAT",18,7,160,167
https://kawalpemilu.org#13505,"SUAYAN, AKABILURU, LIMA PULUH KOTA, SUMATERA BARAT",19,5,132,137
https://kawalpemilu.org#13505,"SUAYAN, AKABILURU, LIMA PULUH KOTA, SUMATERA BARAT",20,7,109,116
https://kawalpemilu.org#13505,"SUAYAN, AKABILURU, LIMA PULUH KOTA, SUMATERA BARAT",21,8,106,114
https://kawalpemilu.org#13506,"SUNGAI BALANTIAK, AKABILURU, LIMA PULUH KOTA, SUMATERA BARAT",1,23,165,188
https://kawalpemilu.org#13506,"SUNGAI BALANTIAK, AKABILURU, LIMA PULUH KOTA, SUMATERA BARAT",2,32,160,192
https://kawalpemilu.org#13506,"SUNGAI BALANTIAK, AKABILURU, LIMA PULUH KOTA, SUMATERA BARAT",3,15,138,153
https://kawalpemilu.org#13506,"SUNGAI BALANTIAK, AKABILURU, LIMA PULUH KOTA, SUMATERA BARAT",4,14,150,164
https://kawalpemilu.org#13507,"PAUH SANGIK, AKABILURU, LIMA PULUH KOTA, SUMATERA BARAT",1,23,146,169
https://kawalpemilu.org#13507,"PAUH SANGIK, AKABILURU, LIMA PULUH KOTA, SUMATERA BARAT",2,12,150,162
https://kawalpemilu.org#13507,"PAUH SANGIK, AKABILURU, LIMA PULUH KOTA, SUMATERA BARAT",3,6,228,234
https://kawalpemilu.org#13507,"PAUH SANGIK, AKABILURU, LIMA PULUH KOTA, SUMATERA BARAT",4,17,200,217
https://kawalpemilu.org#13508,"DURIAN GADANG, AKABILURU, LIMA PULUH KOTA, SUMATERA BARAT",1,15,204,219
https://kawalpemilu.org#13508,"DURIAN GADANG, AKABILURU, LIMA PULUH KOTA, SUMATERA BARAT",2,5,224,229
https://kawalpemilu.org#13508,"DURIAN GADANG, AKABILURU, LIMA PULUH KOTA, SUMATERA BARAT",3,10,194,204
https://kawalpemilu.org#13508,"DURIAN GADANG, AKABILURU, LIMA PULUH KOTA, SUMATERA BARAT",4,6,174,180
https://kawalpemilu.org#13511,"LIMO KOTO, BONJOL, PASAMAN, SUMATERA BARAT",1,10,155,165
https://kawalpemilu.org#13511,"LIMO KOTO, BONJOL, PASAMAN, SUMATERA BARAT",2,7,107,114
https://kawalpemilu.org#13511,"LIMO KOTO, BONJOL, PASAMAN, SUMATERA BARAT",3,18,177,195
https://kawalpemilu.org#13511,"LIMO KOTO, BONJOL, PASAMAN, SUMATERA BARAT",4,5,189,194
https://kawalpemilu.org#13511,"LIMO KOTO, BONJOL, PASAMAN, SUMATERA BARAT",5,10,172,182
https://kawalpemilu.org#13511,"LIMO KOTO, BONJOL, PASAMAN, SUMATERA BARAT",6,1,133,134
https://kawalpemilu.org#13511,"LIMO KOTO, BONJOL, PASAMAN, SUMATERA BARAT",7,11,178,189
https://kawalpemilu.org#13511,"LIMO KOTO, BONJOL, PASAMAN, SUMATERA BARAT",8,8,144,152
https://kawalpemilu.org#13511,"LIMO KOTO, BONJOL, PASAMAN, SUMATERA BARAT",9,3,169,172
https://kawalpemilu.org#13511,"LIMO KOTO, BONJOL, PASAMAN, SUMATERA BARAT",10,6,151,157
https://kawalpemilu.org#13511,"LIMO KOTO, BONJOL, PASAMAN, SUMATERA BARAT",11,7,181,188
https://kawalpemilu.org#13511,"LIMO KOTO, BONJOL, PASAMAN, SUMATERA BARAT",12,5,119,124
https://kawalpemilu.org#13511,"LIMO KOTO, BONJOL, PASAMAN, SUMATERA BARAT",13,3,156,159
https://kawalpemilu.org#13511,"LIMO KOTO, BONJOL, PASAMAN, SUMATERA BARAT",14,5,113,118
https://kawalpemilu.org#13511,"LIMO KOTO, BONJOL, PASAMAN, SUMATERA BARAT",15,1,147,148
https://kawalpemilu.org#13511,"LIMO KOTO, BONJOL, PASAMAN, SUMATERA BARAT",16,3,93,96
https://kawalpemilu.org#13511,"LIMO KOTO, BONJOL, PASAMAN, SUMATERA BARAT",17,6,202,208
https://kawalpemilu.org#13511,"LIMO KOTO, BONJOL, PASAMAN, SUMATERA BARAT",18,4,169,173
https://kawalpemilu.org#13512,"KOTO KACIAK, BONJOL, PASAMAN, SUMATERA BARAT",1,9,207,216
https://kawalpemilu.org#13512,"KOTO KACIAK, BONJOL, PASAMAN, SUMATERA BARAT",2,17,200,217
https://kawalpemilu.org#13512,"KOTO KACIAK, BONJOL, PASAMAN, SUMATERA BARAT",3,7,104,111
https://kawalpemilu.org#13512,"KOTO KACIAK, BONJOL, PASAMAN, SUMATERA BARAT",4,17,151,168
https://kawalpemilu.org#13512,"KOTO KACIAK, BONJOL, PASAMAN, SUMATERA BARAT",5,4,206,210
https://kawalpemilu.org#13512,"KOTO KACIAK, BONJOL, PASAMAN, SUMATERA BARAT",6,6,175,181
https://kawalpemilu.org#13512,"KOTO KACIAK, BONJOL, PASAMAN, SUMATERA BARAT",7,7,210,217
https://kawalpemilu.org#13512,"KOTO KACIAK, BONJOL, PASAMAN, SUMATERA BARAT",9,1,219,220
https://kawalpemilu.org#13512,"KOTO KACIAK, BONJOL, PASAMAN, SUMATERA BARAT",10,1,237,238
https://kawalpemilu.org#13512,"KOTO KACIAK, BONJOL, PASAMAN, SUMATERA BARAT",11,3,205,208
https://kawalpemilu.org#13512,"KOTO KACIAK, BONJOL, PASAMAN, SUMATERA BARAT",12,10,136,146
https://kawalpemilu.org#13512,"KOTO KACIAK, BONJOL, PASAMAN, SUMATERA BARAT",13,7,139,146
https://kawalpemilu.org#13512,"KOTO KACIAK, BONJOL, PASAMAN, SUMATERA BARAT",14,15,201,216
https://kawalpemilu.org#13512,"KOTO KACIAK, BONJOL, PASAMAN, SUMATERA BARAT",15,15,143,158
https://kawalpemilu.org#13512,"KOTO KACIAK, BONJOL, PASAMAN, SUMATERA BARAT",16,14,204,218
https://kawalpemilu.org#13512,"KOTO KACIAK, BONJOL, PASAMAN, SUMATERA BARAT",17,12,161,173
https://kawalpemilu.org#13512,"KOTO KACIAK, BONJOL, PASAMAN, SUMATERA BARAT",18,7,165,172
https://kawalpemilu.org#13512,"KOTO KACIAK, BONJOL, PASAMAN, SUMATERA BARAT",19,4,89,93
https://kawalpemilu.org#13512,"KOTO KACIAK, BONJOL, PASAMAN, SUMATERA BARAT",20,1,248,249
https://kawalpemilu.org#13512,"KOTO KACIAK, BONJOL, PASAMAN, SUMATERA BARAT",21,11,128,139
https://kawalpemilu.org#13512,"KOTO KACIAK, BONJOL, PASAMAN, SUMATERA BARAT",22,8,139,147
https://kawalpemilu.org#13513,"GANGGO MUDIAK, BONJOL, PASAMAN, SUMATERA BARAT",1,9,199,208
https://kawalpemilu.org#13513,"GANGGO MUDIAK, BONJOL, PASAMAN, SUMATERA BARAT",2,8,163,171
https://kawalpemilu.org#13513,"GANGGO MUDIAK, BONJOL, PASAMAN, SUMATERA BARAT",3,18,177,195
https://kawalpemilu.org#13513,"GANGGO MUDIAK, BONJOL, PASAMAN, SUMATERA BARAT",4,14,154,168
https://kawalpemilu.org#13513,"GANGGO MUDIAK, BONJOL, PASAMAN, SUMATERA BARAT",5,11,173,184
https://kawalpemilu.org#13513,"GANGGO MUDIAK, BONJOL, PASAMAN, SUMATERA BARAT",6,4,92,96
https://kawalpemilu.org#13513,"GANGGO MUDIAK, BONJOL, PASAMAN, SUMATERA BARAT",7,21,141,162
https://kawalpemilu.org#13513,"GANGGO MUDIAK, BONJOL, PASAMAN, SUMATERA BARAT",8,11,173,184
https://kawalpemilu.org#13513,"GANGGO MUDIAK, BONJOL, PASAMAN, SUMATERA BARAT",9,26,180,206
https://kawalpemilu.org#13513,"GANGGO MUDIAK, BONJOL, PASAMAN, SUMATERA BARAT",10,16,220,236
https://kawalpemilu.org#13513,"GANGGO MUDIAK, BONJOL, PASAMAN, SUMATERA BARAT",11,11,170,181
https://kawalpemilu.org#13513,"GANGGO MUDIAK, BONJOL, PASAMAN, SUMATERA BARAT",12,10,139,149
https://kawalpemilu.org#13513,"GANGGO MUDIAK, BONJOL, PASAMAN, SUMATERA BARAT",13,15,146,161
https://kawalpemilu.org#13513,"GANGGO MUDIAK, BONJOL, PASAMAN, SUMATERA BARAT",14,18,116,134
https://kawalpemilu.org#13513,"GANGGO MUDIAK, BONJOL, PASAMAN, SUMATERA BARAT",15,7,99,106
https://kawalpemilu.org#13514,"GANGGO HILIA, BONJOL, PASAMAN, SUMATERA BARAT",1,28,147,175
https://kawalpemilu.org#13514,"GANGGO HILIA, BONJOL, PASAMAN, SUMATERA BARAT",2,9,186,195
https://kawalpemilu.org#13514,"GANGGO HILIA, BONJOL, PASAMAN, SUMATERA BARAT",3,9,232,241
https://kawalpemilu.org#13514,"GANGGO HILIA, BONJOL, PASAMAN, SUMATERA BARAT",4,2,184,186
https://kawalpemilu.org#13514,"GANGGO HILIA, BONJOL, PASAMAN, SUMATERA BARAT",5,13,169,182
https://kawalpemilu.org#13514,"GANGGO HILIA, BONJOL, PASAMAN, SUMATERA BARAT",6,23,140,163
https://kawalpemilu.org#13514,"GANGGO HILIA, BONJOL, PASAMAN, SUMATERA BARAT",7,20,198,218
https://kawalpemilu.org#13514,"GANGGO HILIA, BONJOL, PASAMAN, SUMATERA BARAT",8,20,207,227
https://kawalpemilu.org#13514,"GANGGO HILIA, BONJOL, PASAMAN, SUMATERA BARAT",9,12,179,191
https://kawalpemilu.org#13514,"GANGGO HILIA, BONJOL, PASAMAN, SUMATERA BARAT",10,7,129,136
https://kawalpemilu.org#13514,"GANGGO HILIA, BONJOL, PASAMAN, SUMATERA BARAT",11,9,84,93
https://kawalpemilu.org#13514,"GANGGO HILIA, BONJOL, PASAMAN, SUMATERA BARAT",12,15,178,193
https://kawalpemilu.org#13514,"GANGGO HILIA, BONJOL, PASAMAN, SUMATERA BARAT",13,39,158,197
https://kawalpemilu.org#13514,"GANGGO HILIA, BONJOL, PASAMAN, SUMATERA BARAT",14,12,139,151
https://kawalpemilu.org#13514,"GANGGO HILIA, BONJOL, PASAMAN, SUMATERA BARAT",15,12,155,167
https://kawalpemilu.org#13514,"GANGGO HILIA, BONJOL, PASAMAN, SUMATERA BARAT",16,7,156,163
https://kawalpemilu.org#13514,"GANGGO HILIA, BONJOL, PASAMAN, SUMATERA BARAT",17,36,150,186
https://kawalpemilu.org#13514,"GANGGO HILIA, BONJOL, PASAMAN, SUMATERA BARAT",18,10,174,184
https://kawalpemilu.org#13514,"GANGGO HILIA, BONJOL, PASAMAN, SUMATERA BARAT",19,2,145,147
https://kawalpemilu.org#13514,"GANGGO HILIA, BONJOL, PASAMAN, SUMATERA BARAT",20,3,158,161
https://kawalpemilu.org#13514,"GANGGO HILIA, BONJOL, PASAMAN, SUMATERA BARAT",21,3,91,94
https://kawalpemilu.org#13514,"GANGGO HILIA, BONJOL, PASAMAN, SUMATERA BARAT",22,11,119,130
https://kawalpemilu.org#13514,"GANGGO HILIA, BONJOL, PASAMAN, SUMATERA BARAT",23,4,121,125
https://kawalpemilu.org#13514,"GANGGO HILIA, BONJOL, PASAMAN, SUMATERA BARAT",24,13,127,140
https://kawalpemilu.org#13514,"GANGGO HILIA, BONJOL, PASAMAN, SUMATERA BARAT",25,12,146,158
https://kawalpemilu.org#13516,"TANJUANG BARINGIN, LUBUK SIKAPING, PASAMAN, SUMATERA BARAT",1,18,143,161
https://kawalpemilu.org#13516,"TANJUANG BARINGIN, LUBUK SIKAPING, PASAMAN, SUMATERA BARAT",2,22,168,190
https://kawalpemilu.org#13516,"TANJUANG BARINGIN, LUBUK SIKAPING, PASAMAN, SUMATERA BARAT",3,25,193,218
https://kawalpemilu.org#13516,"TANJUANG BARINGIN, LUBUK SIKAPING, PASAMAN, SUMATERA BARAT",4,18,154,172
https://kawalpemilu.org#13516,"TANJUANG BARINGIN, LUBUK SIKAPING, PASAMAN, SUMATERA BARAT",5,11,168,179
https://kawalpemilu.org#13516,"TANJUANG BARINGIN, LUBUK SIKAPING, PASAMAN, SUMATERA BARAT",6,9,120,129
https://kawalpemilu.org#13516,"TANJUANG BARINGIN, LUBUK SIKAPING, PASAMAN, SUMATERA BARAT",7,10,120,130
https://kawalpemilu.org#13516,"TANJUANG BARINGIN, LUBUK SIKAPING, PASAMAN, SUMATERA BARAT",8,28,175,203
https://kawalpemilu.org#13516,"TANJUANG BARINGIN, LUBUK SIKAPING, PASAMAN, SUMATERA BARAT",9,5,221,226
https://kawalpemilu.org#13516,"TANJUANG BARINGIN, LUBUK SIKAPING, PASAMAN, SUMATERA BARAT",10,7,126,133
https://kawalpemilu.org#13516,"TANJUANG BARINGIN, LUBUK SIKAPING, PASAMAN, SUMATERA BARAT",11,17,243,260
https://kawalpemilu.org#13516,"TANJUANG BARINGIN, LUBUK SIKAPING, PASAMAN, SUMATERA BARAT",13,23,234,257
https://kawalpemilu.org#13516,"TANJUANG BARINGIN, LUBUK SIKAPING, PASAMAN, SUMATERA BARAT",14,13,173,186
https://kawalpemilu.org#13516,"TANJUANG BARINGIN, LUBUK SIKAPING, PASAMAN, SUMATERA BARAT",15,8,220,228
https://kawalpemilu.org#13516,"TANJUANG BARINGIN, LUBUK SIKAPING, PASAMAN, SUMATERA BARAT",16,11,183,194
https://kawalpemilu.org#13516,"TANJUANG BARINGIN, LUBUK SIKAPING, PASAMAN, SUMATERA BARAT",17,4,149,121
https://kawalpemilu.org#13516,"TANJUANG BARINGIN, LUBUK SIKAPING, PASAMAN, SUMATERA BARAT",18,29,212,241
https://kawalpemilu.org#13516,"TANJUANG BARINGIN, LUBUK SIKAPING, PASAMAN, SUMATERA BARAT",19,12,169,181
https://kawalpemilu.org#13516,"TANJUANG BARINGIN, LUBUK SIKAPING, PASAMAN, SUMATERA BARAT",20,12,168,180
https://kawalpemilu.org#13516,"TANJUANG BARINGIN, LUBUK SIKAPING, PASAMAN, SUMATERA BARAT",21,7,140,147
https://kawalpemilu.org#13516,"TANJUANG BARINGIN, LUBUK SIKAPING, PASAMAN, SUMATERA BARAT",22,25,163,188
https://kawalpemilu.org#13516,"TANJUANG BARINGIN, LUBUK SIKAPING, PASAMAN, SUMATERA BARAT",23,29,181,210
https://kawalpemilu.org#13516,"TANJUANG BARINGIN, LUBUK SIKAPING, PASAMAN, SUMATERA BARAT",24,15,175,190
https://kawalpemilu.org#13516,"TANJUANG BARINGIN, LUBUK SIKAPING, PASAMAN, SUMATERA BARAT",25,6,185,191
https://kawalpemilu.org#13516,"TANJUANG BARINGIN, LUBUK SIKAPING, PASAMAN, SUMATERA BARAT",26,20,202,222
https://kawalpemilu.org#13516,"TANJUANG BARINGIN, LUBUK SIKAPING, PASAMAN, SUMATERA BARAT",27,24,201,225
https://kawalpemilu.org#13516,"TANJUANG BARINGIN, LUBUK SIKAPING, PASAMAN, SUMATERA BARAT",28,28,215,243
https://kawalpemilu.org#13516,"TANJUANG BARINGIN, LUBUK SIKAPING, PASAMAN, SUMATERA BARAT",29,15,210,225
https://kawalpemilu.org#13516,"TANJUANG BARINGIN, LUBUK SIKAPING, PASAMAN, SUMATERA BARAT",30,6,172,178
https://kawalpemilu.org#13516,"TANJUANG BARINGIN, LUBUK SIKAPING, PASAMAN, SUMATERA BARAT",31,13,209,222
https://kawalpemilu.org#13517,"JAMBAK, LUBUK SIKAPING, PASAMAN, SUMATERA BARAT",1,21,207,228
https://kawalpemilu.org#13517,"JAMBAK, LUBUK SIKAPING, PASAMAN, SUMATERA BARAT",2,13,217,230
https://kawalpemilu.org#13517,"JAMBAK, LUBUK SIKAPING, PASAMAN, SUMATERA BARAT",3,2,212,214
https://kawalpemilu.org#13517,"JAMBAK, LUBUK SIKAPING, PASAMAN, SUMATERA BARAT",4,12,208,220
https://kawalpemilu.org#13517,"JAMBAK, LUBUK SIKAPING, PASAMAN, SUMATERA BARAT",5,16,189,205
https://kawalpemilu.org#13517,"JAMBAK, LUBUK SIKAPING, PASAMAN, SUMATERA BARAT",6,3,218,221
https://kawalpemilu.org#13518,"DURIAN TINGGI, LUBUK SIKAPING, PASAMAN, SUMATERA BARAT",1,27,181,208
https://kawalpemilu.org#13518,"DURIAN TINGGI, LUBUK SIKAPING, PASAMAN, SUMATERA BARAT",2,16,217,233
https://kawalpemilu.org#13518,"DURIAN TINGGI, LUBUK SIKAPING, PASAMAN, SUMATERA BARAT",3,23,180,203
https://kawalpemilu.org#13518,"DURIAN TINGGI, LUBUK SIKAPING, PASAMAN, SUMATERA BARAT",4,13,189,202
https://kawalpemilu.org#13518,"DURIAN TINGGI, LUBUK SIKAPING, PASAMAN, SUMATERA BARAT",5,11,152,163
https://kawalpemilu.org#13518,"DURIAN TINGGI, LUBUK SIKAPING, PASAMAN, SUMATERA BARAT",6,23,221,244
https://kawalpemilu.org#13518,"DURIAN TINGGI, LUBUK SIKAPING, PASAMAN, SUMATERA BARAT",7,16,217,233
https://kawalpemilu.org#13518,"DURIAN TINGGI, LUBUK SIKAPING, PASAMAN, SUMATERA BARAT",8,12,142,154
https://kawalpemilu.org#13518,"DURIAN TINGGI, LUBUK SIKAPING, PASAMAN, SUMATERA BARAT",9,35,195,230
https://kawalpemilu.org#13518,"DURIAN TINGGI, LUBUK SIKAPING, PASAMAN, SUMATERA BARAT",10,12,214,226
https://kawalpemilu.org#13518,"DURIAN TINGGI, LUBUK SIKAPING, PASAMAN, SUMATERA BARAT",12,25,212,237
https://kawalpemilu.org#13518,"DURIAN TINGGI, LUBUK SIKAPING, PASAMAN, SUMATERA BARAT",13,22,130,152
https://kawalpemilu.org#13518,"DURIAN TINGGI, LUBUK SIKAPING, PASAMAN, SUMATERA BARAT",14,15,144,159
https://kawalpemilu.org#13518,"DURIAN TINGGI, LUBUK SIKAPING, PASAMAN, SUMATERA BARAT",15,29,140,169
https://kawalpemilu.org#13518,"DURIAN TINGGI, LUBUK SIKAPING, PASAMAN, SUMATERA BARAT",16,22,160,182
https://kawalpemilu.org#13519,"PAUAH, LUBUK SIKAPING, PASAMAN, SUMATERA BARAT",1,11,164,175
https://kawalpemilu.org#13519,"PAUAH, LUBUK SIKAPING, PASAMAN, SUMATERA BARAT",2,11,153,164
https://kawalpemilu.org#13519,"PAUAH, LUBUK SIKAPING, PASAMAN, SUMATERA BARAT",3,17,159,176
https://kawalpemilu.org#13519,"PAUAH, LUBUK SIKAPING, PASAMAN, SUMATERA BARAT",4,20,234,254
https://kawalpemilu.org#13519,"PAUAH, LUBUK SIKAPING, PASAMAN, SUMATERA BARAT",5,23,155,178
https://kawalpemilu.org#13519,"PAUAH, LUBUK SIKAPING, PASAMAN, SUMATERA BARAT",6,13,237,250
https://kawalpemilu.org#13519,"PAUAH, LUBUK SIKAPING, PASAMAN, SUMATERA BARAT",7,11,218,229
https://kawalpemilu.org#13519,"PAUAH, LUBUK SIKAPING, PASAMAN, SUMATERA BARAT",8,33,214,247
https://kawalpemilu.org#13519,"PAUAH, LUBUK SIKAPING, PASAMAN, SUMATERA BARAT",9,11,226,237
https://kawalpemilu.org#13519,"PAUAH, LUBUK SIKAPING, PASAMAN, SUMATERA BARAT",10,14,140,154
https://kawalpemilu.org#13519,"PAUAH, LUBUK SIKAPING, PASAMAN, SUMATERA BARAT",11,9,178,187
https://kawalpemilu.org#13519,"PAUAH, LUBUK SIKAPING, PASAMAN, SUMATERA BARAT",12,14,252,266
https://kawalpemilu.org#13519,"PAUAH, LUBUK SIKAPING, PASAMAN, SUMATERA BARAT",13,12,211,223
https://kawalpemilu.org#13519,"PAUAH, LUBUK SIKAPING, PASAMAN, SUMATERA BARAT",14,13,228,241
https://kawalpemilu.org#13519,"PAUAH, LUBUK SIKAPING, PASAMAN, SUMATERA BARAT",15,40,228,268
https://kawalpemilu.org#13519,"PAUAH, LUBUK SIKAPING, PASAMAN, SUMATERA BARAT",16,12,108,120
https://kawalpemilu.org#13519,"PAUAH, LUBUK SIKAPING, PASAMAN, SUMATERA BARAT",17,20,194,214
https://kawalpemilu.org#13519,"PAUAH, LUBUK SIKAPING, PASAMAN, SUMATERA BARAT",18,15,125,140
https://kawalpemilu.org#13519,"PAUAH, LUBUK SIKAPING, PASAMAN, SUMATERA BARAT",19,20,137,157
https://kawalpemilu.org#13519,"PAUAH, LUBUK SIKAPING, PASAMAN, SUMATERA BARAT",20,4,108,112
https://kawalpemilu.org#13519,"PAUAH, LUBUK SIKAPING, PASAMAN, SUMATERA BARAT",21,13,158,171
https://kawalpemilu.org#13519,"PAUAH, LUBUK SIKAPING, PASAMAN, SUMATERA BARAT",22,23,223,246
https://kawalpemilu.org#13519,"PAUAH, LUBUK SIKAPING, PASAMAN, SUMATERA BARAT",23,18,175,193
https://kawalpemilu.org#13519,"PAUAH, LUBUK SIKAPING, PASAMAN, SUMATERA BARAT",24,6,155,161
https://kawalpemilu.org#13519,"PAUAH, LUBUK SIKAPING, PASAMAN, SUMATERA BARAT",25,2,72,74
https://kawalpemilu.org#13520,"AIA MANGGIH, LUBUK SIKAPING, PASAMAN, SUMATERA BARAT",1,17,158,175
https://kawalpemilu.org#13520,"AIA MANGGIH, LUBUK SIKAPING, PASAMAN, SUMATERA BARAT",2,10,193,203
https://kawalpemilu.org#13520,"AIA MANGGIH, LUBUK SIKAPING, PASAMAN, SUMATERA BARAT",3,16,220,236
https://kawalpemilu.org#13520,"AIA MANGGIH, LUBUK SIKAPING, PASAMAN, SUMATERA BARAT",4,9,129,138
https://kawalpemilu.org#13520,"AIA MANGGIH, LUBUK SIKAPING, PASAMAN, SUMATERA BARAT",5,9,167,176
https://kawalpemilu.org#13520,"AIA MANGGIH, LUBUK SIKAPING, PASAMAN, SUMATERA BARAT",6,12,246,258
https://kawalpemilu.org#13520,"AIA MANGGIH, LUBUK SIKAPING, PASAMAN, SUMATERA BARAT",7,18,255,273
https://kawalpemilu.org#13520,"AIA MANGGIH, LUBUK SIKAPING, PASAMAN, SUMATERA BARAT",8,2,144,146
https://kawalpemilu.org#13520,"AIA MANGGIH, LUBUK SIKAPING, PASAMAN, SUMATERA BARAT",9,16,235,251
https://kawalpemilu.org#13520,"AIA MANGGIH, LUBUK SIKAPING, PASAMAN, SUMATERA BARAT",10,8,165,173
https://kawalpemilu.org#13520,"AIA MANGGIH, LUBUK SIKAPING, PASAMAN, SUMATERA BARAT",11,9,199,208
https://kawalpemilu.org#13520,"AIA MANGGIH, LUBUK SIKAPING, PASAMAN, SUMATERA BARAT",12,2,105,107
https://kawalpemilu.org#13520,"AIA MANGGIH, LUBUK SIKAPING, PASAMAN, SUMATERA BARAT",13,4,137,141
https://kawalpemilu.org#13520,"AIA MANGGIH, LUBUK SIKAPING, PASAMAN, SUMATERA BARAT",14,10,187,197
https://kawalpemilu.org#13520,"AIA MANGGIH, LUBUK SIKAPING, PASAMAN, SUMATERA BARAT",15,13,182,195
https://kawalpemilu.org#13520,"AIA MANGGIH, LUBUK SIKAPING, PASAMAN, SUMATERA BARAT",16,3,172,175
https://kawalpemilu.org#13520,"AIA MANGGIH, LUBUK SIKAPING, PASAMAN, SUMATERA BARAT",17,16,182,198
https://kawalpemilu.org#13520,"AIA MANGGIH, LUBUK SIKAPING, PASAMAN, SUMATERA BARAT",18,13,93,106
https://kawalpemilu.org#13520,"AIA MANGGIH, LUBUK SIKAPING, PASAMAN, SUMATERA BARAT",19,11,180,191
https://kawalpemilu.org#13520,"AIA MANGGIH, LUBUK SIKAPING, PASAMAN, SUMATERA BARAT",20,17,220,237
https://kawalpemilu.org#13520,"AIA MANGGIH, LUBUK SIKAPING, PASAMAN, SUMATERA BARAT",21,0,130,130
https://kawalpemilu.org#13520,"AIA MANGGIH, LUBUK SIKAPING, PASAMAN, SUMATERA BARAT",22,13,145,158
https://kawalpemilu.org#13520,"AIA MANGGIH, LUBUK SIKAPING, PASAMAN, SUMATERA BARAT",23,16,237,253
https://kawalpemilu.org#13520,"AIA MANGGIH, LUBUK SIKAPING, PASAMAN, SUMATERA BARAT",24,8,156,164
https://kawalpemilu.org#13520,"AIA MANGGIH, LUBUK SIKAPING, PASAMAN, SUMATERA BARAT",25,10,206,216
https://kawalpemilu.org#13520,"AIA MANGGIH, LUBUK SIKAPING, PASAMAN, SUMATERA BARAT",26,8,116,124
https://kawalpemilu.org#13520,"AIA MANGGIH, LUBUK SIKAPING, PASAMAN, SUMATERA BARAT",27,10,169,179
https://kawalpemilu.org#13520,"AIA MANGGIH, LUBUK SIKAPING, PASAMAN, SUMATERA BARAT",28,3,100,103
https://kawalpemilu.org#13520,"AIA MANGGIH, LUBUK SIKAPING, PASAMAN, SUMATERA BARAT",29,8,152,160
https://kawalpemilu.org#13520,"AIA MANGGIH, LUBUK SIKAPING, PASAMAN, SUMATERA BARAT",30,10,206,216
https://kawalpemilu.org#13520,"AIA MANGGIH, LUBUK SIKAPING, PASAMAN, SUMATERA BARAT",31,4,124,128
https://kawalpemilu.org#13520,"AIA MANGGIH, LUBUK SIKAPING, PASAMAN, SUMATERA BARAT",32,0,128,128
https://kawalpemilu.org#13520,"AIA MANGGIH, LUBUK SIKAPING, PASAMAN, SUMATERA BARAT",33,1,121,122
https://kawalpemilu.org#13520,"AIA MANGGIH, LUBUK SIKAPING, PASAMAN, SUMATERA BARAT",34,7,195,202
https://kawalpemilu.org#13520,"AIA MANGGIH, LUBUK SIKAPING, PASAMAN, SUMATERA BARAT",35,14,137,151
https://kawalpemilu.org#13520,"AIA MANGGIH, LUBUK SIKAPING, PASAMAN, SUMATERA BARAT",36,9,223,232
https://kawalpemilu.org#13520,"AIA MANGGIH, LUBUK SIKAPING, PASAMAN, SUMATERA BARAT",37,9,218,227
https://kawalpemilu.org#13520,"AIA MANGGIH, LUBUK SIKAPING, PASAMAN, SUMATERA BARAT",38,7,138,145
https://kawalpemilu.org#13520,"AIA MANGGIH, LUBUK SIKAPING, PASAMAN, SUMATERA BARAT",39,10,158,168
https://kawalpemilu.org#13520,"AIA MANGGIH, LUBUK SIKAPING, PASAMAN, SUMATERA BARAT",40,8,146,154
https://kawalpemilu.org#13520,"AIA MANGGIH, LUBUK SIKAPING, PASAMAN, SUMATERA BARAT",41,15,156,171
https://kawalpemilu.org#13521,"SUNDATA, LUBUK SIKAPING, PASAMAN, SUMATERA BARAT",1,9,216,225
https://kawalpemilu.org#13521,"SUNDATA, LUBUK SIKAPING, PASAMAN, SUMATERA BARAT",2,5,152,157
https://kawalpemilu.org#13521,"SUNDATA, LUBUK SIKAPING, PASAMAN, SUMATERA BARAT",3,6,202,208
https://kawalpemilu.org#13521,"SUNDATA, LUBUK SIKAPING, PASAMAN, SUMATERA BARAT",4,12,197,209
https://kawalpemilu.org#13521,"SUNDATA, LUBUK SIKAPING, PASAMAN, SUMATERA BARAT",5,7,251,258
https://kawalpemilu.org#13521,"SUNDATA, LUBUK SIKAPING, PASAMAN, SUMATERA BARAT",6,9,161,170
https://kawalpemilu.org#13521,"SUNDATA, LUBUK SIKAPING, PASAMAN, SUMATERA BARAT",7,8,191,199
https://kawalpemilu.org#13521,"SUNDATA, LUBUK SIKAPING, PASAMAN, SUMATERA BARAT",8,1,206,207
https://kawalpemilu.org#13521,"SUNDATA, LUBUK SIKAPING, PASAMAN, SUMATERA BARAT",9,8,180,188
https://kawalpemilu.org#13521,"SUNDATA, LUBUK SIKAPING, PASAMAN, SUMATERA BARAT",10,4,192,196
https://kawalpemilu.org#13521,"SUNDATA, LUBUK SIKAPING, PASAMAN, SUMATERA BARAT",11,5,149,154
https://kawalpemilu.org#13521,"SUNDATA, LUBUK SIKAPING, PASAMAN, SUMATERA BARAT",12,18,130,148
https://kawalpemilu.org#13521,"SUNDATA, LUBUK SIKAPING, PASAMAN, SUMATERA BARAT",13,22,199,221
https://kawalpemilu.org#13521,"SUNDATA, LUBUK SIKAPING, PASAMAN, SUMATERA BARAT",14,11,214,225
https://kawalpemilu.org#13521,"SUNDATA, LUBUK SIKAPING, PASAMAN, SUMATERA BARAT",15,4,217,221
https://kawalpemilu.org#13521,"SUNDATA, LUBUK SIKAPING, PASAMAN, SUMATERA BARAT",16,10,188,198
https://kawalpemilu.org#13521,"SUNDATA, LUBUK SIKAPING, PASAMAN, SUMATERA BARAT",17,12,215,227
https://kawalpemilu.org#13521,"SUNDATA, LUBUK SIKAPING, PASAMAN, SUMATERA BARAT",18,11,200,211
https://kawalpemilu.org#13521,"SUNDATA, LUBUK SIKAPING, PASAMAN, SUMATERA BARAT",19,22,184,206
https://kawalpemilu.org#13521,"SUNDATA, LUBUK SIKAPING, PASAMAN, SUMATERA BARAT",21,3,199,202
https://kawalpemilu.org#13521,"SUNDATA, LUBUK SIKAPING, PASAMAN, SUMATERA BARAT",22,13,190,203
https://kawalpemilu.org#13521,"SUNDATA, LUBUK SIKAPING, PASAMAN, SUMATERA BARAT",23,13,212,225
https://kawalpemilu.org#13521,"SUNDATA, LUBUK SIKAPING, PASAMAN, SUMATERA BARAT",24,7,212,219
https://kawalpemilu.org#13521,"SUNDATA, LUBUK SIKAPING, PASAMAN, SUMATERA BARAT",25,10,196,206
https://kawalpemilu.org#13521,"SUNDATA, LUBUK SIKAPING, PASAMAN, SUMATERA BARAT",26,11,152,163
https://kawalpemilu.org#13521,"SUNDATA, LUBUK SIKAPING, PASAMAN, SUMATERA BARAT",27,11,184,195
https://kawalpemilu.org#13521,"SUNDATA, LUBUK SIKAPING, PASAMAN, SUMATERA BARAT",28,6,215,221
https://kawalpemilu.org#13521,"SUNDATA, LUBUK SIKAPING, PASAMAN, SUMATERA BARAT",29,13,128,141
https://kawalpemilu.org#13521,"SUNDATA, LUBUK SIKAPING, PASAMAN, SUMATERA BARAT",30,6,132,138
https://kawalpemilu.org#13523,"PANTI, PANTI, PASAMAN, SUMATERA BARAT",1,25,131,156
https://kawalpemilu.org#13523,"PANTI, PANTI, PASAMAN, SUMATERA BARAT",4,14,150,164
https://kawalpemilu.org#13523,"PANTI, PANTI, PASAMAN, SUMATERA BARAT",5,15,180,195
https://kawalpemilu.org#13523,"PANTI, PANTI, PASAMAN, SUMATERA BARAT",6,16,138,154
https://kawalpemilu.org#13523,"PANTI, PANTI, PASAMAN, SUMATERA BARAT",9,40,155,195
https://kawalpemilu.org#13523,"PANTI, PANTI, PASAMAN, SUMATERA BARAT",10,11,165,176
https://kawalpemilu.org#13523,"PANTI, PANTI, PASAMAN, SUMATERA BARAT",11,18,213,231
https://kawalpemilu.org#13523,"PANTI, PANTI, PASAMAN, SUMATERA BARAT",12,35,110,145
https://kawalpemilu.org#13523,"PANTI, PANTI, PASAMAN, SUMATERA BARAT",13,36,192,228
https://kawalpemilu.org#13523,"PANTI, PANTI, PASAMAN, SUMATERA BARAT",18,24,146,170
https://kawalpemilu.org#13523,"PANTI, PANTI, PASAMAN, SUMATERA BARAT",19,15,136,151
https://kawalpemilu.org#13523,"PANTI, PANTI, PASAMAN, SUMATERA BARAT",20,12,171,183
https://kawalpemilu.org#13523,"PANTI, PANTI, PASAMAN, SUMATERA BARAT",21,43,157,200
https://kawalpemilu.org#13523,"PANTI, PANTI, PASAMAN, SUMATERA BARAT",22,18,164,182
https://kawalpemilu.org#13523,"PANTI, PANTI, PASAMAN, SUMATERA BARAT",24,22,74,96
https://kawalpemilu.org#13523,"PANTI, PANTI, PASAMAN, SUMATERA BARAT",27,26,125,151
https://kawalpemilu.org#13523,"PANTI, PANTI, PASAMAN, SUMATERA BARAT",28,13,160,173
https://kawalpemilu.org#13523,"PANTI, PANTI, PASAMAN, SUMATERA BARAT",30,13,107,120
https://kawalpemilu.org#13523,"PANTI, PANTI, PASAMAN, SUMATERA BARAT",31,19,160,179
https://kawalpemilu.org#13523,"PANTI, PANTI, PASAMAN, SUMATERA BARAT",32,16,97,113
https://kawalpemilu.org#13523,"PANTI, PANTI, PASAMAN, SUMATERA BARAT",33,9,112,121
https://kawalpemilu.org#927849,"PANTI SELATAN, PANTI, PASAMAN, SUMATERA BARAT",1,6,205,211
https://kawalpemilu.org#927849,"PANTI SELATAN, PANTI, PASAMAN, SUMATERA BARAT",3,11,130,141
https://kawalpemilu.org#927849,"PANTI SELATAN, PANTI, PASAMAN, SUMATERA BARAT",4,12,143,155
https://kawalpemilu.org#927849,"PANTI SELATAN, PANTI, PASAMAN, SUMATERA BARAT",5,0,123,123
https://kawalpemilu.org#927849,"PANTI SELATAN, PANTI, PASAMAN, SUMATERA BARAT",6,1,202,203
https://kawalpemilu.org#927849,"PANTI SELATAN, PANTI, PASAMAN, SUMATERA BARAT",7,37,161,198
https://kawalpemilu.org#927849,"PANTI SELATAN, PANTI, PASAMAN, SUMATERA BARAT",8,12,168,177
https://kawalpemilu.org#927849,"PANTI SELATAN, PANTI, PASAMAN, SUMATERA BARAT",9,3,128,131
https://kawalpemilu.org#927849,"PANTI SELATAN, PANTI, PASAMAN, SUMATERA BARAT",10,21,204,225
https://kawalpemilu.org#927849,"PANTI SELATAN, PANTI, PASAMAN, SUMATERA BARAT",11,16,215,231
https://kawalpemilu.org#927849,"PANTI SELATAN, PANTI, PASAMAN, SUMATERA BARAT",12,13,201,214
https://kawalpemilu.org#927849,"PANTI SELATAN, PANTI, PASAMAN, SUMATERA BARAT",13,17,222,239
https://kawalpemilu.org#927849,"PANTI SELATAN, PANTI, PASAMAN, SUMATERA BARAT",15,11,147,158
https://kawalpemilu.org#927849,"PANTI SELATAN, PANTI, PASAMAN, SUMATERA BARAT",16,21,173,194
https://kawalpemilu.org#927849,"PANTI SELATAN, PANTI, PASAMAN, SUMATERA BARAT",17,49,144,193
https://kawalpemilu.org#927849,"PANTI SELATAN, PANTI, PASAMAN, SUMATERA BARAT",23,7,195,202
https://kawalpemilu.org#927849,"PANTI SELATAN, PANTI, PASAMAN, SUMATERA BARAT",25,4,162,166
https://kawalpemilu.org#927849,"PANTI SELATAN, PANTI, PASAMAN, SUMATERA BARAT",26,11,193,204
https://kawalpemilu.org#927849,"PANTI SELATAN, PANTI, PASAMAN, SUMATERA BARAT",27,16,131,147
https://kawalpemilu.org#927849,"PANTI SELATAN, PANTI, PASAMAN, SUMATERA BARAT",28,6,171,177
https://kawalpemilu.org#927849,"PANTI SELATAN, PANTI, PASAMAN, SUMATERA BARAT",30,7,140,147
https://kawalpemilu.org#927849,"PANTI SELATAN, PANTI, PASAMAN, SUMATERA BARAT",31,13,152,165
https://kawalpemilu.org#927849,"PANTI SELATAN, PANTI, PASAMAN, SUMATERA BARAT",32,7,162,169
https://kawalpemilu.org#927849,"PANTI SELATAN, PANTI, PASAMAN, SUMATERA BARAT",33,13,181,194
https://kawalpemilu.org#927849,"PANTI SELATAN, PANTI, PASAMAN, SUMATERA BARAT",34,20,130,150
https://kawalpemilu.org#927849,"PANTI SELATAN, PANTI, PASAMAN, SUMATERA BARAT",35,28,175,203
https://kawalpemilu.org#927849,"PANTI SELATAN, PANTI, PASAMAN, SUMATERA BARAT",36,13,164,177
https://kawalpemilu.org#927849,"PANTI SELATAN, PANTI, PASAMAN, SUMATERA BARAT",38,5,177,182
https://kawalpemilu.org#927849,"PANTI SELATAN, PANTI, PASAMAN, SUMATERA BARAT",39,10,121,131
https://kawalpemilu.org#927849,"PANTI SELATAN, PANTI, PASAMAN, SUMATERA BARAT",40,12,170,183
https://kawalpemilu.org#927850,"PANTI TIMUR, PANTI, PASAMAN, SUMATERA BARAT",1,4,154,158
https://kawalpemilu.org#927850,"PANTI TIMUR, PANTI, PASAMAN, SUMATERA BARAT",2,5,161,166
https://kawalpemilu.org#927850,"PANTI TIMUR, PANTI, PASAMAN, SUMATERA BARAT",3,7,139,146
https://kawalpemilu.org#927850,"PANTI TIMUR, PANTI, PASAMAN, SUMATERA BARAT",4,9,177,186
https://kawalpemilu.org#927850,"PANTI TIMUR, PANTI, PASAMAN, SUMATERA BARAT",5,6,124,130
https://kawalpemilu.org#927850,"PANTI TIMUR, PANTI, PASAMAN, SUMATERA BARAT",9,3,151,154
https://kawalpemilu.org#927850,"PANTI TIMUR, PANTI, PASAMAN, SUMATERA BARAT",10,9,141,150
https://kawalpemilu.org#927850,"PANTI TIMUR, PANTI, PASAMAN, SUMATERA BARAT",12,10,165,175
https://kawalpemilu.org#927850,"PANTI TIMUR, PANTI, PASAMAN, SUMATERA BARAT",13,12,161,173
https://kawalpemilu.org#927850,"PANTI TIMUR, PANTI, PASAMAN, SUMATERA BARAT",15,33,121,154
https://kawalpemilu.org#927850,"PANTI TIMUR, PANTI, PASAMAN, SUMATERA BARAT",18,15,148,163
https://kawalpemilu.org#927850,"PANTI TIMUR, PANTI, PASAMAN, SUMATERA BARAT",19,12,146,158
https://kawalpemilu.org#927850,"PANTI TIMUR, PANTI, PASAMAN, SUMATERA BARAT",21,12,147,159
https://kawalpemilu.org#927850,"PANTI TIMUR, PANTI, PASAMAN, SUMATERA BARAT",22,11,150,161
https://kawalpemilu.org#927850,"PANTI TIMUR, PANTI, PASAMAN, SUMATERA BARAT",25,16,125,141
https://kawalpemilu.org#927850,"PANTI TIMUR, PANTI, PASAMAN, SUMATERA BARAT",27,7,167,174
https://kawalpemilu.org#927850,"PANTI TIMUR, PANTI, PASAMAN, SUMATERA BARAT",31,21,133,154
https://kawalpemilu.org#927850,"PANTI TIMUR, PANTI, PASAMAN, SUMATERA BARAT",33,23,114,137
https://kawalpemilu.org#13525,"MUARA TAIS, MAPAT TUNGGUL, PASAMAN, SUMATERA BARAT",1,31,120,151
https://kawalpemilu.org#13525,"MUARA TAIS, MAPAT TUNGGUL, PASAMAN, SUMATERA BARAT",2,4,171,185
https://kawalpemilu.org#13525,"MUARA TAIS, MAPAT TUNGGUL, PASAMAN, SUMATERA BARAT",3,7,153,160
https://kawalpemilu.org#13525,"MUARA TAIS, MAPAT TUNGGUL, PASAMAN, SUMATERA BARAT",4,8,154,162
https://kawalpemilu.org#13525,"MUARA TAIS, MAPAT TUNGGUL, PASAMAN, SUMATERA BARAT",5,8,207,215
https://kawalpemilu.org#13525,"MUARA TAIS, MAPAT TUNGGUL, PASAMAN, SUMATERA BARAT",6,5,184,189
https://kawalpemilu.org#13525,"MUARA TAIS, MAPAT TUNGGUL, PASAMAN, SUMATERA BARAT",7,2,218,220
https://kawalpemilu.org#13525,"MUARA TAIS, MAPAT TUNGGUL, PASAMAN, SUMATERA BARAT",8,7,169,176
https://kawalpemilu.org#13525,"MUARA TAIS, MAPAT TUNGGUL, PASAMAN, SUMATERA BARAT",9,6,163,169
https://kawalpemilu.org#13525,"MUARA TAIS, MAPAT TUNGGUL, PASAMAN, SUMATERA BARAT",10,10,166,176
https://kawalpemilu.org#13525,"MUARA TAIS, MAPAT TUNGGUL, PASAMAN, SUMATERA BARAT",11,14,171,185
https://kawalpemilu.org#13525,"MUARA TAIS, MAPAT TUNGGUL, PASAMAN, SUMATERA BARAT",12,8,178,186
https://kawalpemilu.org#13525,"MUARA TAIS, MAPAT TUNGGUL, PASAMAN, SUMATERA BARAT",14,35,130,165
https://kawalpemilu.org#13525,"MUARA TAIS, MAPAT TUNGGUL, PASAMAN, SUMATERA BARAT",15,14,153,167
https://kawalpemilu.org#13525,"MUARA TAIS, MAPAT TUNGGUL, PASAMAN, SUMATERA BARAT",16,9,133,142
https://kawalpemilu.org#13525,"MUARA TAIS, MAPAT TUNGGUL, PASAMAN, SUMATERA BARAT",17,9,171,180
https://kawalpemilu.org#13525,"MUARA TAIS, MAPAT TUNGGUL, PASAMAN, SUMATERA BARAT",18,6,174,180
https://kawalpemilu.org#13525,"MUARA TAIS, MAPAT TUNGGUL, PASAMAN, SUMATERA BARAT",19,6,137,143
https://kawalpemilu.org#13525,"MUARA TAIS, MAPAT TUNGGUL, PASAMAN, SUMATERA BARAT",20,7,157,164
https://kawalpemilu.org#13525,"MUARA TAIS, MAPAT TUNGGUL, PASAMAN, SUMATERA BARAT",21,5,175,180
https://kawalpemilu.org#13525,"MUARA TAIS, MAPAT TUNGGUL, PASAMAN, SUMATERA BARAT",22,13,130,143
https://kawalpemilu.org#13526,"LUBUAK GADANG, MAPAT TUNGGUL, PASAMAN, SUMATERA BARAT",1,4,131,135
https://kawalpemilu.org#13526,"LUBUAK GADANG, MAPAT TUNGGUL, PASAMAN, SUMATERA BARAT",2,11,231,242
https://kawalpemilu.org#13526,"LUBUAK GADANG, MAPAT TUNGGUL, PASAMAN, SUMATERA BARAT",3,17,182,199
https://kawalpemilu.org#13526,"LUBUAK GADANG, MAPAT TUNGGUL, PASAMAN, SUMATERA BARAT",4,6,169,175
https://kawalpemilu.org#13526,"LUBUAK GADANG, MAPAT TUNGGUL, PASAMAN, SUMATERA BARAT",5,18,77,95
https://kawalpemilu.org#13526,"LUBUAK GADANG, MAPAT TUNGGUL, PASAMAN, SUMATERA BARAT",6,4,170,174
https://kawalpemilu.org#13527,"PINTU PADANG, MAPAT TUNGGUL, PASAMAN, SUMATERA BARAT",1,6,188,194
https://kawalpemilu.org#13527,"PINTU PADANG, MAPAT TUNGGUL, PASAMAN, SUMATERA BARAT",2,7,169,176
https://kawalpemilu.org#13527,"PINTU PADANG, MAPAT TUNGGUL, PASAMAN, SUMATERA BARAT",3,11,192,203
https://kawalpemilu.org#13527,"PINTU PADANG, MAPAT TUNGGUL, PASAMAN, SUMATERA BARAT",4,6,168,174
https://kawalpemilu.org#13527,"PINTU PADANG, MAPAT TUNGGUL, PASAMAN, SUMATERA BARAT",5,4,172,176
https://kawalpemilu.org#13527,"PINTU PADANG, MAPAT TUNGGUL, PASAMAN, SUMATERA BARAT",6,4,132,136
https://kawalpemilu.org#13529,"SIMPANG TONANG, DUO KOTO, PASAMAN, SUMATERA BARAT",1,9,165,174
https://kawalpemilu.org#13529,"SIMPANG TONANG, DUO KOTO, PASAMAN, SUMATERA BARAT",2,3,168,171
https://kawalpemilu.org#13529,"SIMPANG TONANG, DUO KOTO, PASAMAN, SUMATERA BARAT",3,32,198,230
https://kawalpemilu.org#13529,"SIMPANG TONANG, DUO KOTO, PASAMAN, SUMATERA BARAT",4,22,171,193
https://kawalpemilu.org#13529,"SIMPANG TONANG, DUO KOTO, PASAMAN, SUMATERA BARAT",5,14,186,200
https://kawalpemilu.org#13529,"SIMPANG TONANG, DUO KOTO, PASAMAN, SUMATERA BARAT",6,54,137,193
https://kawalpemilu.org#13529,"SIMPANG TONANG, DUO KOTO, PASAMAN, SUMATERA BARAT",7,12,107,119
https://kawalpemilu.org#13529,"SIMPANG TONANG, DUO KOTO, PASAMAN, SUMATERA BARAT",8,4,83,87
https://kawalpemilu.org#13529,"SIMPANG TONANG, DUO KOTO, PASAMAN, SUMATERA BARAT",9,35,113,148
https://kawalpemilu.org#13529,"SIMPANG TONANG, DUO KOTO, PASAMAN, SUMATERA BARAT",10,6,209,215
https://kawalpemilu.org#13529,"SIMPANG TONANG, DUO KOTO, PASAMAN, SUMATERA BARAT",11,2,132,134
https://kawalpemilu.org#13529,"SIMPANG TONANG, DUO KOTO, PASAMAN, SUMATERA BARAT",12,2,192,194
https://kawalpemilu.org#13529,"SIMPANG TONANG, DUO KOTO, PASAMAN, SUMATERA BARAT",13,3,155,158
https://kawalpemilu.org#13529,"SIMPANG TONANG, DUO KOTO, PASAMAN, SUMATERA BARAT",14,6,122,128
https://kawalpemilu.org#13529,"SIMPANG TONANG, DUO KOTO, PASAMAN, SUMATERA BARAT",15,20,196,216
https://kawalpemilu.org#13529,"SIMPANG TONANG, DUO KOTO, PASAMAN, SUMATERA BARAT",16,19,192,211
https://kawalpemilu.org#13529,"SIMPANG TONANG, DUO KOTO, PASAMAN, SUMATERA BARAT",17,13,173,186
https://kawalpemilu.org#13529,"SIMPANG TONANG, DUO KOTO, PASAMAN, SUMATERA BARAT",18,13,199,212
https://kawalpemilu.org#13529,"SIMPANG TONANG, DUO KOTO, PASAMAN, SUMATERA BARAT",19,11,124,135
https://kawalpemilu.org#13529,"SIMPANG TONANG, DUO KOTO, PASAMAN, SUMATERA BARAT",20,11,141,152
https://kawalpemilu.org#13529,"SIMPANG TONANG, DUO KOTO, PASAMAN, SUMATERA BARAT",21,13,114,127
https://kawalpemilu.org#13529,"SIMPANG TONANG, DUO KOTO, PASAMAN, SUMATERA BARAT",22,6,72,78
https://kawalpemilu.org#13529,"SIMPANG TONANG, DUO KOTO, PASAMAN, SUMATERA BARAT",23,3,106,109
https://kawalpemilu.org#13529,"SIMPANG TONANG, DUO KOTO, PASAMAN, SUMATERA BARAT",24,12,159,171
https://kawalpemilu.org#13529,"SIMPANG TONANG, DUO KOTO, PASAMAN, SUMATERA BARAT",25,24,133,157
https://kawalpemilu.org#13529,"SIMPANG TONANG, DUO KOTO, PASAMAN, SUMATERA BARAT",26,10,131,141
https://kawalpemilu.org#13529,"SIMPANG TONANG, DUO KOTO, PASAMAN, SUMATERA BARAT",27,14,115,131
https://kawalpemilu.org#13529,"SIMPANG TONANG, DUO KOTO, PASAMAN, SUMATERA BARAT",28,22,168,190
https://kawalpemilu.org#13529,"SIMPANG TONANG, DUO KOTO, PASAMAN, SUMATERA BARAT",29,16,90,106
https://kawalpemilu.org#13529,"SIMPANG TONANG, DUO KOTO, PASAMAN, SUMATERA BARAT",30,24,140,164
https://kawalpemilu.org#13529,"SIMPANG TONANG, DUO KOTO, PASAMAN, SUMATERA BARAT",31,23,104,127
https://kawalpemilu.org#13529,"SIMPANG TONANG, DUO KOTO, PASAMAN, SUMATERA BARAT",32,64,88,152
https://kawalpemilu.org#13529,"SIMPANG TONANG, DUO KOTO, PASAMAN, SUMATERA BARAT",33,3,133,136
https://kawalpemilu.org#13529,"SIMPANG TONANG, DUO KOTO, PASAMAN, SUMATERA BARAT",34,6,93,99
https://kawalpemilu.org#13529,"SIMPANG TONANG, DUO KOTO, PASAMAN, SUMATERA BARAT",35,5,145,150
https://kawalpemilu.org#13529,"SIMPANG TONANG, DUO KOTO, PASAMAN, SUMATERA BARAT",36,8,172,180
https://kawalpemilu.org#13529,"SIMPANG TONANG, DUO KOTO, PASAMAN, SUMATERA BARAT",37,17,70,87
https://kawalpemilu.org#13529,"SIMPANG TONANG, DUO KOTO, PASAMAN, SUMATERA BARAT",38,19,70,89
https://kawalpemilu.org#13529,"SIMPANG TONANG, DUO KOTO, PASAMAN, SUMATERA BARAT",39,15,112,127
https://kawalpemilu.org#13529,"SIMPANG TONANG, DUO KOTO, PASAMAN, SUMATERA BARAT",40,34,177,211
https://kawalpemilu.org#13529,"SIMPANG TONANG, DUO KOTO, PASAMAN, SUMATERA BARAT",41,22,109,131
https://kawalpemilu.org#13530,"CUBADAK, DUO KOTO, PASAMAN, SUMATERA BARAT",1,34,223,257
https://kawalpemilu.org#13530,"CUBADAK, DUO KOTO, PASAMAN, SUMATERA BARAT",2,15,140,155
https://kawalpemilu.org#13530,"CUBADAK, DUO KOTO, PASAMAN, SUMATERA BARAT",4,30,147,177
https://kawalpemilu.org#13530,"CUBADAK, DUO KOTO, PASAMAN, SUMATERA BARAT",5,25,183,208
https://kawalpemilu.org#13530,"CUBADAK, DUO KOTO, PASAMAN, SUMATERA BARAT",7,38,169,207
https://kawalpemilu.org#13530,"CUBADAK, DUO KOTO, PASAMAN, SUMATERA BARAT",8,25,150,175
https://kawalpemilu.org#13530,"CUBADAK, DUO KOTO, PASAMAN, SUMATERA BARAT",9,36,123,159
https://kawalpemilu.org#13530,"CUBADAK, DUO KOTO, PASAMAN, SUMATERA BARAT",10,30,120,150
https://kawalpemilu.org#13530,"CUBADAK, DUO KOTO, PASAMAN, SUMATERA BARAT",11,19,147,166
https://kawalpemilu.org#13530,"CUBADAK, DUO KOTO, PASAMAN, SUMATERA BARAT",12,32,168,200
https://kawalpemilu.org#13530,"CUBADAK, DUO KOTO, PASAMAN, SUMATERA BARAT",13,10,119,129
https://kawalpemilu.org#13530,"CUBADAK, DUO KOTO, PASAMAN, SUMATERA BARAT",14,26,188,214
https://kawalpemilu.org#13530,"CUBADAK, DUO KOTO, PASAMAN, SUMATERA BARAT",15,40,126,166
https://kawalpemilu.org#13530,"CUBADAK, DUO KOTO, PASAMAN, SUMATERA BARAT",17,30,177,207
https://kawalpemilu.org#13530,"CUBADAK, DUO KOTO, PASAMAN, SUMATERA BARAT",18,7,195,202
https://kawalpemilu.org#13530,"CUBADAK, DUO KOTO, PASAMAN, SUMATERA BARAT",23,16,174,190
https://kawalpemilu.org#13530,"CUBADAK, DUO KOTO, PASAMAN, SUMATERA BARAT",25,15,117,132
https://kawalpemilu.org#13530,"CUBADAK, DUO KOTO, PASAMAN, SUMATERA BARAT",26,51,150,201
https://kawalpemilu.org#13530,"CUBADAK, DUO KOTO, PASAMAN, SUMATERA BARAT",27,16,165,181
https://kawalpemilu.org#13530,"CUBADAK, DUO KOTO, PASAMAN, SUMATERA BARAT",28,12,90,102
https://kawalpemilu.org#13530,"CUBADAK, DUO KOTO, PASAMAN, SUMATERA BARAT",29,57,133,190
https://kawalpemilu.org#13530,"CUBADAK, DUO KOTO, PASAMAN, SUMATERA BARAT",30,26,143,169
https://kawalpemilu.org#13530,"CUBADAK, DUO KOTO, PASAMAN, SUMATERA BARAT",31,21,177,198
https://kawalpemilu.org#13530,"CUBADAK, DUO KOTO, PASAMAN, SUMATERA BARAT",32,33,72,105
https://kawalpemilu.org#13530,"CUBADAK, DUO KOTO, PASAMAN, SUMATERA BARAT",33,3,93,96
https://kawalpemilu.org#13530,"CUBADAK, DUO KOTO, PASAMAN, SUMATERA BARAT",34,14,177,191
https://kawalpemilu.org#13530,"CUBADAK, DUO KOTO, PASAMAN, SUMATERA BARAT",35,16,102,118
https://kawalpemilu.org#13530,"CUBADAK, DUO KOTO, PASAMAN, SUMATERA BARAT",36,32,152,184
https://kawalpemilu.org#13530,"CUBADAK, DUO KOTO, PASAMAN, SUMATERA BARAT",37,13,137,150
https://kawalpemilu.org#13530,"CUBADAK, DUO KOTO, PASAMAN, SUMATERA BARAT",38,46,165,211
https://kawalpemilu.org#13530,"CUBADAK, DUO KOTO, PASAMAN, SUMATERA BARAT",39,29,102,131
https://kawalpemilu.org#13530,"CUBADAK, DUO KOTO, PASAMAN, SUMATERA BARAT",42,26,113,139
https://kawalpemilu.org#13530,"CUBADAK, DUO KOTO, PASAMAN, SUMATERA BARAT",43,28,149,177
https://kawalpemilu.org#13530,"CUBADAK, DUO KOTO, PASAMAN, SUMATERA BARAT",44,12,125,137
https://kawalpemilu.org#13530,"CUBADAK, DUO KOTO, PASAMAN, SUMATERA BARAT",45,8,147,155
https://kawalpemilu.org#13530,"CUBADAK, DUO KOTO, PASAMAN, SUMATERA BARAT",46,10,97,107
https://kawalpemilu.org#13530,"CUBADAK, DUO KOTO, PASAMAN, SUMATERA BARAT",47,9,145,154
https://kawalpemilu.org#13530,"CUBADAK, DUO KOTO, PASAMAN, SUMATERA BARAT",48,59,120,179
https://kawalpemilu.org#13530,"CUBADAK, DUO KOTO, PASAMAN, SUMATERA BARAT",49,23,145,168
https://kawalpemilu.org#13530,"CUBADAK, DUO KOTO, PASAMAN, SUMATERA BARAT",50,30,115,145
https://kawalpemilu.org#13530,"CUBADAK, DUO KOTO, PASAMAN, SUMATERA BARAT",51,15,109,124
https://kawalpemilu.org#13532,"MALAMPAH, TIGO NAGARI, PASAMAN, SUMATERA BARAT",1,12,183,195
https://kawalpemilu.org#13532,"MALAMPAH, TIGO NAGARI, PASAMAN, SUMATERA BARAT",2,10,200,210
https://kawalpemilu.org#13532,"MALAMPAH, TIGO NAGARI, PASAMAN, SUMATERA BARAT",3,36,215,251
https://kawalpemilu.org#13532,"MALAMPAH, TIGO NAGARI, PASAMAN, SUMATERA BARAT",4,6,114,120
https://kawalpemilu.org#13532,"MALAMPAH, TIGO NAGARI, PASAMAN, SUMATERA BARAT",5,14,176,190
https://kawalpemilu.org#13532,"MALAMPAH, TIGO NAGARI, PASAMAN, SUMATERA BARAT",6,8,191,199
https://kawalpemilu.org#13532,"MALAMPAH, TIGO NAGARI, PASAMAN, SUMATERA BARAT",7,43,174,217
https://kawalpemilu.org#13532,"MALAMPAH, TIGO NAGARI, PASAMAN, SUMATERA BARAT",8,26,161,187
https://kawalpemilu.org#13532,"MALAMPAH, TIGO NAGARI, PASAMAN, SUMATERA BARAT",9,4,156,160
https://kawalpemilu.org#13532,"MALAMPAH, TIGO NAGARI, PASAMAN, SUMATERA BARAT",10,13,173,186
https://kawalpemilu.org#13532,"MALAMPAH, TIGO NAGARI, PASAMAN, SUMATERA BARAT",11,14,188,202
https://kawalpemilu.org#13532,"MALAMPAH, TIGO NAGARI, PASAMAN, SUMATERA BARAT",12,13,163,176
https://kawalpemilu.org#13532,"MALAMPAH, TIGO NAGARI, PASAMAN, SUMATERA BARAT",13,11,187,198
https://kawalpemilu.org#13532,"MALAMPAH, TIGO NAGARI, PASAMAN, SUMATERA BARAT",14,25,204,229
https://kawalpemilu.org#13532,"MALAMPAH, TIGO NAGARI, PASAMAN, SUMATERA BARAT",15,14,169,183
https://kawalpemilu.org#13532,"MALAMPAH, TIGO NAGARI, PASAMAN, SUMATERA BARAT",16,19,223,242
https://kawalpemilu.org#13532,"MALAMPAH, TIGO NAGARI, PASAMAN, SUMATERA BARAT",17,7,141,148
https://kawalpemilu.org#13532,"MALAMPAH, TIGO NAGARI, PASAMAN, SUMATERA BARAT",18,4,150,154
https://kawalpemilu.org#13532,"MALAMPAH, TIGO NAGARI, PASAMAN, SUMATERA BARAT",19,16,204,220
https://kawalpemilu.org#13532,"MALAMPAH, TIGO NAGARI, PASAMAN, SUMATERA BARAT",20,16,130,146
https://kawalpemilu.org#13532,"MALAMPAH, TIGO NAGARI, PASAMAN, SUMATERA BARAT",21,13,104,117
https://kawalpemilu.org#13532,"MALAMPAH, TIGO NAGARI, PASAMAN, SUMATERA BARAT",22,16,153,169
https://kawalpemilu.org#13532,"MALAMPAH, TIGO NAGARI, PASAMAN, SUMATERA BARAT",23,10,128,138
https://kawalpemilu.org#13532,"MALAMPAH, TIGO NAGARI, PASAMAN, SUMATERA BARAT",24,8,164,172
https://kawalpemilu.org#13532,"MALAMPAH, TIGO NAGARI, PASAMAN, SUMATERA BARAT",25,25,188,213
https://kawalpemilu.org#13532,"MALAMPAH, TIGO NAGARI, PASAMAN, SUMATERA BARAT",26,7,136,143
https://kawalpemilu.org#13532,"MALAMPAH, TIGO NAGARI, PASAMAN, SUMATERA BARAT",27,9,145,154
https://kawalpemilu.org#13532,"MALAMPAH, TIGO NAGARI, PASAMAN, SUMATERA BARAT",28,6,133,139
https://kawalpemilu.org#13532,"MALAMPAH, TIGO NAGARI, PASAMAN, SUMATERA BARAT",29,4,110,114
https://kawalpemilu.org#13533,"LADANG PANJANG, TIGO NAGARI, PASAMAN, SUMATERA BARAT",1,22,155,177
https://kawalpemilu.org#13533,"LADANG PANJANG, TIGO NAGARI, PASAMAN, SUMATERA BARAT",2,21,193,214
https://kawalpemilu.org#13533,"LADANG PANJANG, TIGO NAGARI, PASAMAN, SUMATERA BARAT",3,19,228,247
https://kawalpemilu.org#13533,"LADANG PANJANG, TIGO NAGARI, PASAMAN, SUMATERA BARAT",4,14,197,211
https://kawalpemilu.org#13533,"LADANG PANJANG, TIGO NAGARI, PASAMAN, SUMATERA BARAT",5,25,130,155
https://kawalpemilu.org#13533,"LADANG PANJANG, TIGO NAGARI, PASAMAN, SUMATERA BARAT",7,24,230,254
https://kawalpemilu.org#13533,"LADANG PANJANG, TIGO NAGARI, PASAMAN, SUMATERA BARAT",8,24,210,234
https://kawalpemilu.org#13533,"LADANG PANJANG, TIGO NAGARI, PASAMAN, SUMATERA BARAT",9,13,188,201
https://kawalpemilu.org#13533,"LADANG PANJANG, TIGO NAGARI, PASAMAN, SUMATERA BARAT",10,8,177,185
https://kawalpemilu.org#13533,"LADANG PANJANG, TIGO NAGARI, PASAMAN, SUMATERA BARAT",11,31,206,237
https://kawalpemilu.org#13533,"LADANG PANJANG, TIGO NAGARI, PASAMAN, SUMATERA BARAT",12,3,140,143
https://kawalpemilu.org#13533,"LADANG PANJANG, TIGO NAGARI, PASAMAN, SUMATERA BARAT",13,13,201,214
https://kawalpemilu.org#13533,"LADANG PANJANG, TIGO NAGARI, PASAMAN, SUMATERA BARAT",14,17,164,181
https://kawalpemilu.org#13533,"LADANG PANJANG, TIGO NAGARI, PASAMAN, SUMATERA BARAT",15,11,172,183
https://kawalpemilu.org#13533,"LADANG PANJANG, TIGO NAGARI, PASAMAN, SUMATERA BARAT",16,4,165,169
https://kawalpemilu.org#13533,"LADANG PANJANG, TIGO NAGARI, PASAMAN, SUMATERA BARAT",17,7,79,86
https://kawalpemilu.org#13533,"LADANG PANJANG, TIGO NAGARI, PASAMAN, SUMATERA BARAT",18,12,236,248
https://kawalpemilu.org#13533,"LADANG PANJANG, TIGO NAGARI, PASAMAN, SUMATERA BARAT",20,4,144,148
https://kawalpemilu.org#13533,"LADANG PANJANG, TIGO NAGARI, PASAMAN, SUMATERA BARAT",21,10,160,170
https://kawalpemilu.org#13533,"LADANG PANJANG, TIGO NAGARI, PASAMAN, SUMATERA BARAT",22,10,146,156
https://kawalpemilu.org#13533,"LADANG PANJANG, TIGO NAGARI, PASAMAN, SUMATERA BARAT",23,16,217,233
https://kawalpemilu.org#13533,"LADANG PANJANG, TIGO NAGARI, PASAMAN, SUMATERA BARAT",24,16,194,210
https://kawalpemilu.org#13533,"LADANG PANJANG, TIGO NAGARI, PASAMAN, SUMATERA BARAT",25,10,118,128
https://kawalpemilu.org#13533,"LADANG PANJANG, TIGO NAGARI, PASAMAN, SUMATERA BARAT",26,9,187,196
https://kawalpemilu.org#13533,"LADANG PANJANG, TIGO NAGARI, PASAMAN, SUMATERA BARAT",27,13,140,153
https://kawalpemilu.org#13533,"LADANG PANJANG, TIGO NAGARI, PASAMAN, SUMATERA BARAT",28,23,129,152
https://kawalpemilu.org#13533,"LADANG PANJANG, TIGO NAGARI, PASAMAN, SUMATERA BARAT",29,11,196,207
https://kawalpemilu.org#13533,"LADANG PANJANG, TIGO NAGARI, PASAMAN, SUMATERA BARAT",30,10,179,189
https://kawalpemilu.org#13533,"LADANG PANJANG, TIGO NAGARI, PASAMAN, SUMATERA BARAT",31,7,95,102
https://kawalpemilu.org#13533,"LADANG PANJANG, TIGO NAGARI, PASAMAN, SUMATERA BARAT",32,4,127,131
https://kawalpemilu.org#13533,"LADANG PANJANG, TIGO NAGARI, PASAMAN, SUMATERA BARAT",33,3,90,93
https://kawalpemilu.org#13533,"LADANG PANJANG, TIGO NAGARI, PASAMAN, SUMATERA BARAT",34,3,109,112
https://kawalpemilu.org#13533,"LADANG PANJANG, TIGO NAGARI, PASAMAN, SUMATERA BARAT",35,16,135,151
https://kawalpemilu.org#13534,"BINJAI, TIGO NAGARI, PASAMAN, SUMATERA BARAT",1,22,197,219
https://kawalpemilu.org#13534,"BINJAI, TIGO NAGARI, PASAMAN, SUMATERA BARAT",2,22,193,215
https://kawalpemilu.org#13534,"BINJAI, TIGO NAGARI, PASAMAN, SUMATERA BARAT",3,5,148,153
https://kawalpemilu.org#13534,"BINJAI, TIGO NAGARI, PASAMAN, SUMATERA BARAT",4,18,202,220
https://kawalpemilu.org#13534,"BINJAI, TIGO NAGARI, PASAMAN, SUMATERA BARAT",5,34,179,213
https://kawalpemilu.org#13534,"BINJAI, TIGO NAGARI, PASAMAN, SUMATERA BARAT",6,24,98,122
https://kawalpemilu.org#13534,"BINJAI, TIGO NAGARI, PASAMAN, SUMATERA BARAT",7,12,139,151
https://kawalpemilu.org#13534,"BINJAI, TIGO NAGARI, PASAMAN, SUMATERA BARAT",8,18,143,161
https://kawalpemilu.org#13534,"BINJAI, TIGO NAGARI, PASAMAN, SUMATERA BARAT",9,8,146,154
https://kawalpemilu.org#13534,"BINJAI, TIGO NAGARI, PASAMAN, SUMATERA BARAT",10,15,176,191
https://kawalpemilu.org#13534,"BINJAI, TIGO NAGARI, PASAMAN, SUMATERA BARAT",11,15,194,209
https://kawalpemilu.org#13534,"BINJAI, TIGO NAGARI, PASAMAN, SUMATERA BARAT",12,13,195,208
https://kawalpemilu.org#13534,"BINJAI, TIGO NAGARI, PASAMAN, SUMATERA BARAT",14,28,159,187
https://kawalpemilu.org#13534,"BINJAI, TIGO NAGARI, PASAMAN, SUMATERA BARAT",15,8,140,148
https://kawalpemilu.org#13534,"BINJAI, TIGO NAGARI, PASAMAN, SUMATERA BARAT",16,13,236,249
https://kawalpemilu.org#13534,"BINJAI, TIGO NAGARI, PASAMAN, SUMATERA BARAT",17,10,117,127
https://kawalpemilu.org#13534,"BINJAI, TIGO NAGARI, PASAMAN, SUMATERA BARAT",18,12,145,157
https://kawalpemilu.org#13536,"TARUANG TARUANG, RAO, PASAMAN, SUMATERA BARAT",1,10,160,170
https://kawalpemilu.org#13536,"TARUANG TARUANG, RAO, PASAMAN, SUMATERA BARAT",2,13,207,220
https://kawalpemilu.org#13536,"TARUANG TARUANG, RAO, PASAMAN, SUMATERA BARAT",3,20,161,181
https://kawalpemilu.org#13536,"TARUANG TARUANG, RAO, PASAMAN, SUMATERA BARAT",4,20,227,247
https://kawalpemilu.org#13536,"TARUANG TARUANG, RAO, PASAMAN, SUMATERA BARAT",5,14,212,226
https://kawalpemilu.org#13536,"TARUANG TARUANG, RAO, PASAMAN, SUMATERA BARAT",6,33,158,191
https://kawalpemilu.org#13536,"TARUANG TARUANG, RAO, PASAMAN, SUMATERA BARAT",7,6,231,237
https://kawalpemilu.org#13536,"TARUANG TARUANG, RAO, PASAMAN, SUMATERA BARAT",9,33,142,175
https://kawalpemilu.org#13536,"TARUANG TARUANG, RAO, PASAMAN, SUMATERA BARAT",10,29,182,211
https://kawalpemilu.org#13536,"TARUANG TARUANG, RAO, PASAMAN, SUMATERA BARAT",13,40,106,146
https://kawalpemilu.org#13536,"TARUANG TARUANG, RAO, PASAMAN, SUMATERA BARAT",14,26,186,212
https://kawalpemilu.org#13536,"TARUANG TARUANG, RAO, PASAMAN, SUMATERA BARAT",15,35,219,254
https://kawalpemilu.org#13536,"TARUANG TARUANG, RAO, PASAMAN, SUMATERA BARAT",16,32,152,184
https://kawalpemilu.org#13536,"TARUANG TARUANG, RAO, PASAMAN, SUMATERA BARAT",17,28,122,150
https://kawalpemilu.org#13536,"TARUANG TARUANG, RAO, PASAMAN, SUMATERA BARAT",20,10,182,192
https://kawalpemilu.org#13536,"TARUANG TARUANG, RAO, PASAMAN, SUMATERA BARAT",21,32,202,234
https://kawalpemilu.org#13536,"TARUANG TARUANG, RAO, PASAMAN, SUMATERA BARAT",22,27,165,192
https://kawalpemilu.org#13536,"TARUANG TARUANG, RAO, PASAMAN, SUMATERA BARAT",23,14,189,203
https://kawalpemilu.org#13536,"TARUANG TARUANG, RAO, PASAMAN, SUMATERA BARAT",24,42,221,263
https://kawalpemilu.org#13536,"TARUANG TARUANG, RAO, PASAMAN, SUMATERA BARAT",25,51,198,249
https://kawalpemilu.org#13536,"TARUANG TARUANG, RAO, PASAMAN, SUMATERA BARAT",26,32,243,275
https://kawalpemilu.org#13536,"TARUANG TARUANG, RAO, PASAMAN, SUMATERA BARAT",27,16,216,232
https://kawalpemilu.org#13536,"TARUANG TARUANG, RAO, PASAMAN, SUMATERA BARAT",28,15,194,209
https://kawalpemilu.org#13536,"TARUANG TARUANG, RAO, PASAMAN, SUMATERA BARAT",29,14,160,174
https://kawalpemilu.org#13536,"TARUANG TARUANG, RAO, PASAMAN, SUMATERA BARAT",31,25,128,153
https://kawalpemilu.org#13536,"TARUANG TARUANG, RAO, PASAMAN, SUMATERA BARAT",32,4,196,200
https://kawalpemilu.org#13536,"TARUANG TARUANG, RAO, PASAMAN, SUMATERA BARAT",33,5,202,207
https://kawalpemilu.org#13536,"TARUANG TARUANG, RAO, PASAMAN, SUMATERA BARAT",34,9,231,240
https://kawalpemilu.org#13536,"TARUANG TARUANG, RAO, PASAMAN, SUMATERA BARAT",35,14,217,231
https://kawalpemilu.org#13536,"TARUANG TARUANG, RAO, PASAMAN, SUMATERA BARAT",36,25,188,213
https://kawalpemilu.org#13536,"TARUANG TARUANG, RAO, PASAMAN, SUMATERA BARAT",37,31,208,239
https://kawalpemilu.org#13536,"TARUANG TARUANG, RAO, PASAMAN, SUMATERA BARAT",39,28,197,225
https://kawalpemilu.org#13536,"TARUANG TARUANG, RAO, PASAMAN, SUMATERA BARAT",40,6,136,142
https://kawalpemilu.org#13536,"TARUANG TARUANG, RAO, PASAMAN, SUMATERA BARAT",42,7,154,161
https://kawalpemilu.org#13536,"TARUANG TARUANG, RAO, PASAMAN, SUMATERA BARAT",43,31,104,135
https://kawalpemilu.org#13536,"TARUANG TARUANG, RAO, PASAMAN, SUMATERA BARAT",44,42,115,157
https://kawalpemilu.org#13536,"TARUANG TARUANG, RAO, PASAMAN, SUMATERA BARAT",45,5,89,94
https://kawalpemilu.org#13536,"TARUANG TARUANG, RAO, PASAMAN, SUMATERA BARAT",47,9,215,224
https://kawalpemilu.org#13536,"TARUANG TARUANG, RAO, PASAMAN, SUMATERA BARAT",48,23,254,277
https://kawalpemilu.org#13536,"TARUANG TARUANG, RAO, PASAMAN, SUMATERA BARAT",51,4,181,185
https://kawalpemilu.org#13536,"TARUANG TARUANG, RAO, PASAMAN, SUMATERA BARAT",53,22,138,160
https://kawalpemilu.org#13537,"PADANG MANTINGGI, RAO, PASAMAN, SUMATERA BARAT",2,20,125,145
https://kawalpemilu.org#13537,"PADANG MANTINGGI, RAO, PASAMAN, SUMATERA BARAT",3,5,130,135
https://kawalpemilu.org#13537,"PADANG MANTINGGI, RAO, PASAMAN, SUMATERA BARAT",4,12,130,142
https://kawalpemilu.org#13537,"PADANG MANTINGGI, RAO, PASAMAN, SUMATERA BARAT",5,26,124,150
https://kawalpemilu.org#13537,"PADANG MANTINGGI, RAO, PASAMAN, SUMATERA BARAT",7,15,136,151
https://kawalpemilu.org#13537,"PADANG MANTINGGI, RAO, PASAMAN, SUMATERA BARAT",9,11,126,137
https://kawalpemilu.org#13537,"PADANG MANTINGGI, RAO, PASAMAN, SUMATERA BARAT",10,16,153,169
https://kawalpemilu.org#13537,"PADANG MANTINGGI, RAO, PASAMAN, SUMATERA BARAT",11,6,103,109
https://kawalpemilu.org#13537,"PADANG MANTINGGI, RAO, PASAMAN, SUMATERA BARAT",12,10,124,134
https://kawalpemilu.org#13537,"PADANG MANTINGGI, RAO, PASAMAN, SUMATERA BARAT",13,6,112,118
https://kawalpemilu.org#13537,"PADANG MANTINGGI, RAO, PASAMAN, SUMATERA BARAT",14,42,171,213
https://kawalpemilu.org#13537,"PADANG MANTINGGI, RAO, PASAMAN, SUMATERA BARAT",15,20,106,126
https://kawalpemilu.org#13537,"PADANG MANTINGGI, RAO, PASAMAN, SUMATERA BARAT",17,12,160,172
https://kawalpemilu.org#13537,"PADANG MANTINGGI, RAO, PASAMAN, SUMATERA BARAT",18,6,129,135
https://kawalpemilu.org#13537,"PADANG MANTINGGI, RAO, PASAMAN, SUMATERA BARAT",19,23,114,137
https://kawalpemilu.org#13537,"PADANG MANTINGGI, RAO, PASAMAN, SUMATERA BARAT",20,7,113,120
https://kawalpemilu.org#13537,"PADANG MANTINGGI, RAO, PASAMAN, SUMATERA BARAT",21,9,124,133
https://kawalpemilu.org#13537,"PADANG MANTINGGI, RAO, PASAMAN, SUMATERA BARAT",22,13,115,128
https://kawalpemilu.org#13537,"PADANG MANTINGGI, RAO, PASAMAN, SUMATERA BARAT",23,8,118,126
https://kawalpemilu.org#13537,"PADANG MANTINGGI, RAO, PASAMAN, SUMATERA BARAT",24,7,101,108
https://kawalpemilu.org#13537,"PADANG MANTINGGI, RAO, PASAMAN, SUMATERA BARAT",25,8,115,123
https://kawalpemilu.org#13537,"PADANG MANTINGGI, RAO, PASAMAN, SUMATERA BARAT",26,5,115,120
https://kawalpemilu.org#13537,"PADANG MANTINGGI, RAO, PASAMAN, SUMATERA BARAT",27,5,85,90
https://kawalpemilu.org#13539,"SILAYANG, MAPAT TUNGGUL SELATAN, PASAMAN, SUMATERA BARAT",1,1,253,254
https://kawalpemilu.org#13539,"SILAYANG, MAPAT TUNGGUL SELATAN, PASAMAN, SUMATERA BARAT",2,5,112,117
https://kawalpemilu.org#13539,"SILAYANG, MAPAT TUNGGUL SELATAN, PASAMAN, SUMATERA BARAT",3,6,182,188
https://kawalpemilu.org#13539,"SILAYANG, MAPAT TUNGGUL SELATAN, PASAMAN, SUMATERA BARAT",4,4,92,96
https://kawalpemilu.org#13539,"SILAYANG, MAPAT TUNGGUL SELATAN, PASAMAN, SUMATERA BARAT",5,26,168,194
https://kawalpemilu.org#13539,"SILAYANG, MAPAT TUNGGUL SELATAN, PASAMAN, SUMATERA BARAT",6,3,195,198
https://kawalpemilu.org#13539,"SILAYANG, MAPAT TUNGGUL SELATAN, PASAMAN, SUMATERA BARAT",7,12,169,180
https://kawalpemilu.org#13539,"SILAYANG, MAPAT TUNGGUL SELATAN, PASAMAN, SUMATERA BARAT",8,5,163,168
https://kawalpemilu.org#13539,"SILAYANG, MAPAT TUNGGUL SELATAN, PASAMAN, SUMATERA BARAT",9,3,175,178
https://kawalpemilu.org#13539,"SILAYANG, MAPAT TUNGGUL SELATAN, PASAMAN, SUMATERA BARAT",10,4,176,180
https://kawalpemilu.org#13539,"SILAYANG, MAPAT TUNGGUL SELATAN, PASAMAN, SUMATERA BARAT",11,5,65,70
https://kawalpemilu.org#13539,"SILAYANG, MAPAT TUNGGUL SELATAN, PASAMAN, SUMATERA BARAT",12,13,255,268
https://kawalpemilu.org#13539,"SILAYANG, MAPAT TUNGGUL SELATAN, PASAMAN, SUMATERA BARAT",13,20,181,201
https://kawalpemilu.org#13539,"SILAYANG, MAPAT TUNGGUL SELATAN, PASAMAN, SUMATERA BARAT",14,10,103,113
https://kawalpemilu.org#13539,"SILAYANG, MAPAT TUNGGUL SELATAN, PASAMAN, SUMATERA BARAT",15,6,130,136
https://kawalpemilu.org#13540,"MUARO SUNGAI LOLO, MAPAT TUNGGUL SELATAN, PASAMAN, SUMATERA BARAT",1,5,235,240
https://kawalpemilu.org#13540,"MUARO SUNGAI LOLO, MAPAT TUNGGUL SELATAN, PASAMAN, SUMATERA BARAT",2,3,216,219
https://kawalpemilu.org#13540,"MUARO SUNGAI LOLO, MAPAT TUNGGUL SELATAN, PASAMAN, SUMATERA BARAT",3,3,210,213
https://kawalpemilu.org#13540,"MUARO SUNGAI LOLO, MAPAT TUNGGUL SELATAN, PASAMAN, SUMATERA BARAT",4,2,170,172
https://kawalpemilu.org#13540,"MUARO SUNGAI LOLO, MAPAT TUNGGUL SELATAN, PASAMAN, SUMATERA BARAT",5,3,142,145
https://kawalpemilu.org#13540,"MUARO SUNGAI LOLO, MAPAT TUNGGUL SELATAN, PASAMAN, SUMATERA BARAT",6,8,195,203
https://kawalpemilu.org#13540,"MUARO SUNGAI LOLO, MAPAT TUNGGUL SELATAN, PASAMAN, SUMATERA BARAT",7,3,210,213
https://kawalpemilu.org#13540,"MUARO SUNGAI LOLO, MAPAT TUNGGUL SELATAN, PASAMAN, SUMATERA BARAT",8,12,156,168
https://kawalpemilu.org#13540,"MUARO SUNGAI LOLO, MAPAT TUNGGUL SELATAN, PASAMAN, SUMATERA BARAT",9,4,113,117
https://kawalpemilu.org#13540,"MUARO SUNGAI LOLO, MAPAT TUNGGUL SELATAN, PASAMAN, SUMATERA BARAT",10,3,186,189
https://kawalpemilu.org#13540,"MUARO SUNGAI LOLO, MAPAT TUNGGUL SELATAN, PASAMAN, SUMATERA BARAT",11,2,92,94
https://kawalpemilu.org#13540,"MUARO SUNGAI LOLO, MAPAT TUNGGUL SELATAN, PASAMAN, SUMATERA BARAT",12,4,86,90
https://kawalpemilu.org#13540,"MUARO SUNGAI LOLO, MAPAT TUNGGUL SELATAN, PASAMAN, SUMATERA BARAT",13,6,58,64
https://kawalpemilu.org#13540,"MUARO SUNGAI LOLO, MAPAT TUNGGUL SELATAN, PASAMAN, SUMATERA BARAT",14,4,103,107
https://kawalpemilu.org#13540,"MUARO SUNGAI LOLO, MAPAT TUNGGUL SELATAN, PASAMAN, SUMATERA BARAT",15,5,222,227
https://kawalpemilu.org#13540,"MUARO SUNGAI LOLO, MAPAT TUNGGUL SELATAN, PASAMAN, SUMATERA BARAT",16,1,122,123
https://kawalpemilu.org#13540,"MUARO SUNGAI LOLO, MAPAT TUNGGUL SELATAN, PASAMAN, SUMATERA BARAT",17,4,128,132
https://kawalpemilu.org#13542,"ALAHAN MATI, SIMPANG ALAHAN MATI, PASAMAN, SUMATERA BARAT",1,9,187,196
https://kawalpemilu.org#13542,"ALAHAN MATI, SIMPANG ALAHAN MATI, PASAMAN, SUMATERA BARAT",2,11,134,145
https://kawalpemilu.org#13542,"ALAHAN MATI, SIMPANG ALAHAN MATI, PASAMAN, SUMATERA BARAT",3,9,163,172
https://kawalpemilu.org#13542,"ALAHAN MATI, SIMPANG ALAHAN MATI, PASAMAN, SUMATERA BARAT",5,10,118,128
https://kawalpemilu.org#13542,"ALAHAN MATI, SIMPANG ALAHAN MATI, PASAMAN, SUMATERA BARAT",6,14,234,248
https://kawalpemilu.org#13542,"ALAHAN MATI, SIMPANG ALAHAN MATI, PASAMAN, SUMATERA BARAT",7,8,149,157
https://kawalpemilu.org#13542,"ALAHAN MATI, SIMPANG ALAHAN MATI, PASAMAN, SUMATERA BARAT",8,8,125,133
https://kawalpemilu.org#13542,"ALAHAN MATI, SIMPANG ALAHAN MATI, PASAMAN, SUMATERA BARAT",9,10,115,125
https://kawalpemilu.org#13542,"ALAHAN MATI, SIMPANG ALAHAN MATI, PASAMAN, SUMATERA BARAT",10,7,159,166
https://kawalpemilu.org#13542,"ALAHAN MATI, SIMPANG ALAHAN MATI, PASAMAN, SUMATERA BARAT",11,5,130,135
https://kawalpemilu.org#13542,"ALAHAN MATI, SIMPANG ALAHAN MATI, PASAMAN, SUMATERA BARAT",12,10,112,122
https://kawalpemilu.org#13542,"ALAHAN MATI, SIMPANG ALAHAN MATI, PASAMAN, SUMATERA BARAT",13,1,116,117
https://kawalpemilu.org#13542,"ALAHAN MATI, SIMPANG ALAHAN MATI, PASAMAN, SUMATERA BARAT",14,3,171,174
https://kawalpemilu.org#13542,"ALAHAN MATI, SIMPANG ALAHAN MATI, PASAMAN, SUMATERA BARAT",15,3,103,106
https://kawalpemilu.org#13543,"SIMPANG, SIMPANG ALAHAN MATI, PASAMAN, SUMATERA BARAT",1,4,161,165
https://kawalpemilu.org#13543,"SIMPANG, SIMPANG ALAHAN MATI, PASAMAN, SUMATERA BARAT",2,7,159,166
https://kawalpemilu.org#13543,"SIMPANG, SIMPANG ALAHAN MATI, PASAMAN, SUMATERA BARAT",3,3,191,194
https://kawalpemilu.org#13543,"SIMPANG, SIMPANG ALAHAN MATI, PASAMAN, SUMATERA BARAT",4,19,209,228
https://kawalpemilu.org#13543,"SIMPANG, SIMPANG ALAHAN MATI, PASAMAN, SUMATERA BARAT",5,12,206,218
https://kawalpemilu.org#13543,"SIMPANG, SIMPANG ALAHAN MATI, PASAMAN, SUMATERA BARAT",6,11,180,191
https://kawalpemilu.org#13543,"SIMPANG, SIMPANG ALAHAN MATI, PASAMAN, SUMATERA BARAT",7,3,215,218
https://kawalpemilu.org#13543,"SIMPANG, SIMPANG ALAHAN MATI, PASAMAN, SUMATERA BARAT",8,0,210,210
https://kawalpemilu.org#13543,"SIMPANG, SIMPANG ALAHAN MATI, PASAMAN, SUMATERA BARAT",9,6,196,202
https://kawalpemilu.org#13543,"SIMPANG, SIMPANG ALAHAN MATI, PASAMAN, SUMATERA BARAT",10,10,182,192
https://kawalpemilu.org#13543,"SIMPANG, SIMPANG ALAHAN MATI, PASAMAN, SUMATERA BARAT",11,10,161,171
https://kawalpemilu.org#13543,"SIMPANG, SIMPANG ALAHAN MATI, PASAMAN, SUMATERA BARAT",12,2,202,204
https://kawalpemilu.org#13543,"SIMPANG, SIMPANG ALAHAN MATI, PASAMAN, SUMATERA BARAT",14,3,92,95
https://kawalpemilu.org#13543,"SIMPANG, SIMPANG ALAHAN MATI, PASAMAN, SUMATERA BARAT",15,8,170,178
https://kawalpemilu.org#13543,"SIMPANG, SIMPANG ALAHAN MATI, PASAMAN, SUMATERA BARAT",17,6,160,166
https://kawalpemilu.org#13543,"SIMPANG, SIMPANG ALAHAN MATI, PASAMAN, SUMATERA BARAT",18,8,203,211
https://kawalpemilu.org#13543,"SIMPANG, SIMPANG ALAHAN MATI, PASAMAN, SUMATERA BARAT",19,7,70,77
https://kawalpemilu.org#13543,"SIMPANG, SIMPANG ALAHAN MATI, PASAMAN, SUMATERA BARAT",20,2,69,71
https://kawalpemilu.org#13543,"SIMPANG, SIMPANG ALAHAN MATI, PASAMAN, SUMATERA BARAT",21,0,119,119
https://kawalpemilu.org#13543,"SIMPANG, SIMPANG ALAHAN MATI, PASAMAN, SUMATERA BARAT",22,7,124,131
https://kawalpemilu.org#13543,"SIMPANG, SIMPANG ALAHAN MATI, PASAMAN, SUMATERA BARAT",23,3,115,118
https://kawalpemilu.org#13543,"SIMPANG, SIMPANG ALAHAN MATI, PASAMAN, SUMATERA BARAT",24,6,148,154
https://kawalpemilu.org#13543,"SIMPANG, SIMPANG ALAHAN MATI, PASAMAN, SUMATERA BARAT",25,6,181,187
https://kawalpemilu.org#13545,"PADANG GELUGUR, PADANG GELUGUR, PASAMAN, SUMATERA BARAT",1,11,132,143
https://kawalpemilu.org#13545,"PADANG GELUGUR, PADANG GELUGUR, PASAMAN, SUMATERA BARAT",3,1,143,144
https://kawalpemilu.org#13545,"PADANG GELUGUR, PADANG GELUGUR, PASAMAN, SUMATERA BARAT",5,30,139,169
https://kawalpemilu.org#13545,"PADANG GELUGUR, PADANG GELUGUR, PASAMAN, SUMATERA BARAT",7,18,179,197
https://kawalpemilu.org#13545,"PADANG GELUGUR, PADANG GELUGUR, PASAMAN, SUMATERA BARAT",8,14,155,169
https://kawalpemilu.org#13545,"PADANG GELUGUR, PADANG GELUGUR, PASAMAN, SUMATERA BARAT",9,8,204,212
https://kawalpemilu.org#13545,"PADANG GELUGUR, PADANG GELUGUR, PASAMAN, SUMATERA BARAT",10,11,162,173
https://kawalpemilu.org#13545,"PADANG GELUGUR, PADANG GELUGUR, PASAMAN, SUMATERA BARAT",11,13,139,152
https://kawalpemilu.org#13545,"PADANG GELUGUR, PADANG GELUGUR, PASAMAN, SUMATERA BARAT",12,18,124,142
https://kawalpemilu.org#13545,"PADANG GELUGUR, PADANG GELUGUR, PASAMAN, SUMATERA BARAT",13,21,189,210
https://kawalpemilu.org#13545,"PADANG GELUGUR, PADANG GELUGUR, PASAMAN, SUMATERA BARAT",14,8,141,149
https://kawalpemilu.org#13545,"PADANG GELUGUR, PADANG GELUGUR, PASAMAN, SUMATERA BARAT",15,6,130,136
https://kawalpemilu.org#13545,"PADANG GELUGUR, PADANG GELUGUR, PASAMAN, SUMATERA BARAT",16,16,220,236
https://kawalpemilu.org#13545,"PADANG GELUGUR, PADANG GELUGUR, PASAMAN, SUMATERA BARAT",21,14,85,99
https://kawalpemilu.org#13545,"PADANG GELUGUR, PADANG GELUGUR, PASAMAN, SUMATERA BARAT",22,5,214,219
https://kawalpemilu.org#13545,"PADANG GELUGUR, PADANG GELUGUR, PASAMAN, SUMATERA BARAT",23,10,150,160
https://kawalpemilu.org#13545,"PADANG GELUGUR, PADANG GELUGUR, PASAMAN, SUMATERA BARAT",24,14,109,123
https://kawalpemilu.org#13545,"PADANG GELUGUR, PADANG GELUGUR, PASAMAN, SUMATERA BARAT",26,6,157,163
https://kawalpemilu.org#13545,"PADANG GELUGUR, PADANG GELUGUR, PASAMAN, SUMATERA BARAT",27,16,118,134
https://kawalpemilu.org#13545,"PADANG GELUGUR, PADANG GELUGUR, PASAMAN, SUMATERA BARAT",28,23,109,132
https://kawalpemilu.org#13545,"PADANG GELUGUR, PADANG GELUGUR, PASAMAN, SUMATERA BARAT",29,16,151,167
https://kawalpemilu.org#13545,"PADANG GELUGUR, PADANG GELUGUR, PASAMAN, SUMATERA BARAT",30,16,81,97
https://kawalpemilu.org#13545,"PADANG GELUGUR, PADANG GELUGUR, PASAMAN, SUMATERA BARAT",31,11,132,143
https://kawalpemilu.org#13545,"PADANG GELUGUR, PADANG GELUGUR, PASAMAN, SUMATERA BARAT",32,40,139,179
https://kawalpemilu.org#13545,"PADANG GELUGUR, PADANG GELUGUR, PASAMAN, SUMATERA BARAT",33,16,132,148
https://kawalpemilu.org#13545,"PADANG GELUGUR, PADANG GELUGUR, PASAMAN, SUMATERA BARAT",34,12,146,158
https://kawalpemilu.org#13545,"PADANG GELUGUR, PADANG GELUGUR, PASAMAN, SUMATERA BARAT",35,20,132,152
https://kawalpemilu.org#13545,"PADANG GELUGUR, PADANG GELUGUR, PASAMAN, SUMATERA BARAT",36,5,161,166
https://kawalpemilu.org#13545,"PADANG GELUGUR, PADANG GELUGUR, PASAMAN, SUMATERA BARAT",38,5,186,191
https://kawalpemilu.org#13545,"PADANG GELUGUR, PADANG GELUGUR, PASAMAN, SUMATERA BARAT",39,2,146,148
https://kawalpemilu.org#13545,"PADANG GELUGUR, PADANG GELUGUR, PASAMAN, SUMATERA BARAT",40,0,114,114
https://kawalpemilu.org#13545,"PADANG GELUGUR, PADANG GELUGUR, PASAMAN, SUMATERA BARAT",41,21,143,164
https://kawalpemilu.org#13545,"PADANG GELUGUR, PADANG GELUGUR, PASAMAN, SUMATERA BARAT",42,17,108,125
https://kawalpemilu.org#13545,"PADANG GELUGUR, PADANG GELUGUR, PASAMAN, SUMATERA BARAT",44,8,103,111
https://kawalpemilu.org#13545,"PADANG GELUGUR, PADANG GELUGUR, PASAMAN, SUMATERA BARAT",45,4,130,134
https://kawalpemilu.org#13545,"PADANG GELUGUR, PADANG GELUGUR, PASAMAN, SUMATERA BARAT",47,14,103,117
https://kawalpemilu.org#927851,"BAHAGIA PADANG GALUGUA, PADANG GELUGUR, PASAMAN, SUMATERA BARAT",1,35,165,200
https://kawalpemilu.org#927851,"BAHAGIA PADANG GALUGUA, PADANG GELUGUR, PASAMAN, SUMATERA BARAT",2,18,173,191
https://kawalpemilu.org#927851,"BAHAGIA PADANG GALUGUA, PADANG GELUGUR, PASAMAN, SUMATERA BARAT",3,15,139,154
https://kawalpemilu.org#927851,"BAHAGIA PADANG GALUGUA, PADANG GELUGUR, PASAMAN, SUMATERA BARAT",4,50,166,216
https://kawalpemilu.org#927851,"BAHAGIA PADANG GALUGUA, PADANG GELUGUR, PASAMAN, SUMATERA BARAT",5,18,127,145
https://kawalpemilu.org#927851,"BAHAGIA PADANG GALUGUA, PADANG GELUGUR, PASAMAN, SUMATERA BARAT",6,37,122,159
https://kawalpemilu.org#927851,"BAHAGIA PADANG GALUGUA, PADANG GELUGUR, PASAMAN, SUMATERA BARAT",7,38,106,144
https://kawalpemilu.org#927851,"BAHAGIA PADANG GALUGUA, PADANG GELUGUR, PASAMAN, SUMATERA BARAT",8,25,171,196
https://kawalpemilu.org#927851,"BAHAGIA PADANG GALUGUA, PADANG GELUGUR, PASAMAN, SUMATERA BARAT",9,37,151,188
https://kawalpemilu.org#927851,"BAHAGIA PADANG GALUGUA, PADANG GELUGUR, PASAMAN, SUMATERA BARAT",10,37,210,247
https://kawalpemilu.org#927851,"BAHAGIA PADANG GALUGUA, PADANG GELUGUR, PASAMAN, SUMATERA BARAT",11,35,133,168
https://kawalpemilu.org#927851,"BAHAGIA PADANG GALUGUA, PADANG GELUGUR, PASAMAN, SUMATERA BARAT",12,21,184,205
https://kawalpemilu.org#927851,"BAHAGIA PADANG GALUGUA, PADANG GELUGUR, PASAMAN, SUMATERA BARAT",13,65,155,220
https://kawalpemilu.org#927851,"BAHAGIA PADANG GALUGUA, PADANG GELUGUR, PASAMAN, SUMATERA BARAT",14,30,209,239
https://kawalpemilu.org#927851,"BAHAGIA PADANG GALUGUA, PADANG GELUGUR, PASAMAN, SUMATERA BARAT",15,21,139,160
https://kawalpemilu.org#927851,"BAHAGIA PADANG GALUGUA, PADANG GELUGUR, PASAMAN, SUMATERA BARAT",16,50,159,209
https://kawalpemilu.org#927851,"BAHAGIA PADANG GALUGUA, PADANG GELUGUR, PASAMAN, SUMATERA BARAT",17,46,153,199
https://kawalpemilu.org#927851,"BAHAGIA PADANG GALUGUA, PADANG GELUGUR, PASAMAN, SUMATERA BARAT",18,29,122,151
https://kawalpemilu.org#927852,"SITOMBOL PADANG GALUGUA, PADANG GELUGUR, PASAMAN, SUMATERA BARAT",1,4,147,151
https://kawalpemilu.org#927852,"SITOMBOL PADANG GALUGUA, PADANG GELUGUR, PASAMAN, SUMATERA BARAT",2,33,115,148
https://kawalpemilu.org#927852,"SITOMBOL PADANG GALUGUA, PADANG GELUGUR, PASAMAN, SUMATERA BARAT",3,25,116,141
https://kawalpemilu.org#927852,"SITOMBOL PADANG GALUGUA, PADANG GELUGUR, PASAMAN, SUMATERA BARAT",4,14,152,166
https://kawalpemilu.org#927852,"SITOMBOL PADANG GALUGUA, PADANG GELUGUR, PASAMAN, SUMATERA BARAT",5,33,210,243
https://kawalpemilu.org#927852,"SITOMBOL PADANG GALUGUA, PADANG GELUGUR, PASAMAN, SUMATERA BARAT",6,23,162,185
https://kawalpemilu.org#927852,"SITOMBOL PADANG GALUGUA, PADANG GELUGUR, PASAMAN, SUMATERA BARAT",7,1,125,126
https://kawalpemilu.org#927852,"SITOMBOL PADANG GALUGUA, PADANG GELUGUR, PASAMAN, SUMATERA BARAT",8,23,193,216
https://kawalpemilu.org#927852,"SITOMBOL PADANG GALUGUA, PADANG GELUGUR, PASAMAN, SUMATERA BARAT",9,36,216,252
https://kawalpemilu.org#927852,"SITOMBOL PADANG GALUGUA, PADANG GELUGUR, PASAMAN, SUMATERA BARAT",10,10,167,177
https://kawalpemilu.org#927852,"SITOMBOL PADANG GALUGUA, PADANG GELUGUR, PASAMAN, SUMATERA BARAT",11,15,125,140
https://kawalpemilu.org#927853,"SONTANG CUBADAK, PADANG GELUGUR, PASAMAN, SUMATERA BARAT",1,26,171,197
https://kawalpemilu.org#927853,"SONTANG CUBADAK, PADANG GELUGUR, PASAMAN, SUMATERA BARAT",2,14,136,150
https://kawalpemilu.org#927853,"SONTANG CUBADAK, PADANG GELUGUR, PASAMAN, SUMATERA BARAT",3,24,208,232
https://kawalpemilu.org#927853,"SONTANG CUBADAK, PADANG GELUGUR, PASAMAN, SUMATERA BARAT",4,32,122,154
https://kawalpemilu.org#927853,"SONTANG CUBADAK, PADANG GELUGUR, PASAMAN, SUMATERA BARAT",5,27,207,234
https://kawalpemilu.org#927853,"SONTANG CUBADAK, PADANG GELUGUR, PASAMAN, SUMATERA BARAT",6,26,179,205
https://kawalpemilu.org#927853,"SONTANG CUBADAK, PADANG GELUGUR, PASAMAN, SUMATERA BARAT",7,19,173,192
https://kawalpemilu.org#927853,"SONTANG CUBADAK, PADANG GELUGUR, PASAMAN, SUMATERA BARAT",8,19,146,165
https://kawalpemilu.org#927853,"SONTANG CUBADAK, PADANG GELUGUR, PASAMAN, SUMATERA BARAT",9,16,163,179
https://kawalpemilu.org#927853,"SONTANG CUBADAK, PADANG GELUGUR, PASAMAN, SUMATERA BARAT",10,16,139,155
https://kawalpemilu.org#927853,"SONTANG CUBADAK, PADANG GELUGUR, PASAMAN, SUMATERA BARAT",11,8,151,159
https://kawalpemilu.org#927853,"SONTANG CUBADAK, PADANG GELUGUR, PASAMAN, SUMATERA BARAT",12,15,183,198
https://kawalpemilu.org#927853,"SONTANG CUBADAK, PADANG GELUGUR, PASAMAN, SUMATERA BARAT",13,20,152,172
https://kawalpemilu.org#927853,"SONTANG CUBADAK, PADANG GELUGUR, PASAMAN, SUMATERA BARAT",14,13,108,121
https://kawalpemilu.org#927853,"SONTANG CUBADAK, PADANG GELUGUR, PASAMAN, SUMATERA BARAT",15,20,121,141
https://kawalpemilu.org#927853,"SONTANG CUBADAK, PADANG GELUGUR, PASAMAN, SUMATERA BARAT",16,19,120,139
https://kawalpemilu.org#927853,"SONTANG CUBADAK, PADANG GELUGUR, PASAMAN, SUMATERA BARAT",17,40,153,193
https://kawalpemilu.org#927853,"SONTANG CUBADAK, PADANG GELUGUR, PASAMAN, SUMATERA BARAT",18,18,159,177
https://kawalpemilu.org#927853,"SONTANG CUBADAK, PADANG GELUGUR, PASAMAN, SUMATERA BARAT",19,8,103,111
https://kawalpemilu.org#927853,"SONTANG CUBADAK, PADANG GELUGUR, PASAMAN, SUMATERA BARAT",21,10,137,147
https://kawalpemilu.org#927853,"SONTANG CUBADAK, PADANG GELUGUR, PASAMAN, SUMATERA BARAT",22,12,151,163
https://kawalpemilu.org#13547,"KOTO NOPAN, RAO UTARA, PASAMAN, SUMATERA BARAT",1,8,167,175
https://kawalpemilu.org#13547,"KOTO NOPAN, RAO UTARA, PASAMAN, SUMATERA BARAT",2,16,100,116
https://kawalpemilu.org#13547,"KOTO NOPAN, RAO UTARA, PASAMAN, SUMATERA BARAT",3,28,84,112
https://kawalpemilu.org#13547,"KOTO NOPAN, RAO UTARA, PASAMAN, SUMATERA BARAT",4,13,128,141
https://kawalpemilu.org#13547,"KOTO NOPAN, RAO UTARA, PASAMAN, SUMATERA BARAT",5,17,86,103
https://kawalpemilu.org#13547,"KOTO NOPAN, RAO UTARA, PASAMAN, SUMATERA BARAT",6,7,156,163
https://kawalpemilu.org#13547,"KOTO NOPAN, RAO UTARA, PASAMAN, SUMATERA BARAT",7,1,143,144
https://kawalpemilu.org#13547,"KOTO NOPAN, RAO UTARA, PASAMAN, SUMATERA BARAT",8,4,92,96
https://kawalpemilu.org#13547,"KOTO NOPAN, RAO UTARA, PASAMAN, SUMATERA BARAT",9,1,21,22
https://kawalpemilu.org#13547,"KOTO NOPAN, RAO UTARA, PASAMAN, SUMATERA BARAT",10,17,110,127
https://kawalpemilu.org#13547,"KOTO NOPAN, RAO UTARA, PASAMAN, SUMATERA BARAT",11,16,75,91
https://kawalpemilu.org#13547,"KOTO NOPAN, RAO UTARA, PASAMAN, SUMATERA BARAT",12,10,150,160
https://kawalpemilu.org#13547,"KOTO NOPAN, RAO UTARA, PASAMAN, SUMATERA BARAT",13,24,115,139
https://kawalpemilu.org#13547,"KOTO NOPAN, RAO UTARA, PASAMAN, SUMATERA BARAT",14,1,107,108
https://kawalpemilu.org#13548,"KOTO RAJO, RAO UTARA, PASAMAN, SUMATERA BARAT",1,13,178,191
https://kawalpemilu.org#13548,"KOTO RAJO, RAO UTARA, PASAMAN, SUMATERA BARAT",2,1,138,139
https://kawalpemilu.org#13548,"KOTO RAJO, RAO UTARA, PASAMAN, SUMATERA BARAT",3,4,175,179
https://kawalpemilu.org#13548,"KOTO RAJO, RAO UTARA, PASAMAN, SUMATERA BARAT",4,1,213,214
https://kawalpemilu.org#13548,"KOTO RAJO, RAO UTARA, PASAMAN, SUMATERA BARAT",5,2,131,133
https://kawalpemilu.org#13548,"KOTO RAJO, RAO UTARA, PASAMAN, SUMATERA BARAT",6,2,220,222
https://kawalpemilu.org#13548,"KOTO RAJO, RAO UTARA, PASAMAN, SUMATERA BARAT",7,14,158,172
https://kawalpemilu.org#13548,"KOTO RAJO, RAO UTARA, PASAMAN, SUMATERA BARAT",8,5,194,199
https://kawalpemilu.org#13548,"KOTO RAJO, RAO UTARA, PASAMAN, SUMATERA BARAT",9,3,137,140
https://kawalpemilu.org#13548,"KOTO RAJO, RAO UTARA, PASAMAN, SUMATERA BARAT",10,3,191,194
https://kawalpemilu.org#13548,"KOTO RAJO, RAO UTARA, PASAMAN, SUMATERA BARAT",11,4,121,125
https://kawalpemilu.org#13548,"KOTO RAJO, RAO UTARA, PASAMAN, SUMATERA BARAT",12,1,156,157
https://kawalpemilu.org#13548,"KOTO RAJO, RAO UTARA, PASAMAN, SUMATERA BARAT",13,5,137,142
https://kawalpemilu.org#13548,"KOTO RAJO, RAO UTARA, PASAMAN, SUMATERA BARAT",14,6,173,179
https://kawalpemilu.org#13548,"KOTO RAJO, RAO UTARA, PASAMAN, SUMATERA BARAT",15,2,127,129
https://kawalpemilu.org#13549,"LANGUANG, RAO UTARA, PASAMAN, SUMATERA BARAT",1,8,134,142
https://kawalpemilu.org#13549,"LANGUANG, RAO UTARA, PASAMAN, SUMATERA BARAT",2,7,182,189
https://kawalpemilu.org#13549,"LANGUANG, RAO UTARA, PASAMAN, SUMATERA BARAT",3,6,192,198
https://kawalpemilu.org#13549,"LANGUANG, RAO UTARA, PASAMAN, SUMATERA BARAT",4,4,86,90
https://kawalpemilu.org#13549,"LANGUANG, RAO UTARA, PASAMAN, SUMATERA BARAT",5,8,226,234
https://kawalpemilu.org#13549,"LANGUANG, RAO UTARA, PASAMAN, SUMATERA BARAT",6,9,222,231
https://kawalpemilu.org#13549,"LANGUANG, RAO UTARA, PASAMAN, SUMATERA BARAT",7,18,221,239
https://kawalpemilu.org#13549,"LANGUANG, RAO UTARA, PASAMAN, SUMATERA BARAT",8,7,187,194
https://kawalpemilu.org#13549,"LANGUANG, RAO UTARA, PASAMAN, SUMATERA BARAT",9,10,242,252
https://kawalpemilu.org#13549,"LANGUANG, RAO UTARA, PASAMAN, SUMATERA BARAT",10,3,138,141
https://kawalpemilu.org#13549,"LANGUANG, RAO UTARA, PASAMAN, SUMATERA BARAT",11,2,218,220
https://kawalpemilu.org#13549,"LANGUANG, RAO UTARA, PASAMAN, SUMATERA BARAT",12,9,203,212
https://kawalpemilu.org#13549,"LANGUANG, RAO UTARA, PASAMAN, SUMATERA BARAT",13,16,152,168
https://kawalpemilu.org#13549,"LANGUANG, RAO UTARA, PASAMAN, SUMATERA BARAT",14,7,49,56
https://kawalpemilu.org#13551,"LANSEK KADOK, RAO SELATAN, PASAMAN, SUMATERA BARAT",1,18,205,223
https://kawalpemilu.org#13551,"LANSEK KADOK, RAO SELATAN, PASAMAN, SUMATERA BARAT",2,17,194,211
https://kawalpemilu.org#13551,"LANSEK KADOK, RAO SELATAN, PASAMAN, SUMATERA BARAT",3,21,159,180
https://kawalpemilu.org#13551,"LANSEK KADOK, RAO SELATAN, PASAMAN, SUMATERA BARAT",4,12,150,162
https://kawalpemilu.org#13551,"LANSEK KADOK, RAO SELATAN, PASAMAN, SUMATERA BARAT",5,7,195,202
https://kawalpemilu.org#13551,"LANSEK KADOK, RAO SELATAN, PASAMAN, SUMATERA BARAT",6,8,231,239
https://kawalpemilu.org#13551,"LANSEK KADOK, RAO SELATAN, PASAMAN, SUMATERA BARAT",7,12,209,221
https://kawalpemilu.org#13551,"LANSEK KADOK, RAO SELATAN, PASAMAN, SUMATERA BARAT",8,0,167,167
https://kawalpemilu.org#13551,"LANSEK KADOK, RAO SELATAN, PASAMAN, SUMATERA BARAT",9,11,252,263
https://kawalpemilu.org#13551,"LANSEK KADOK, RAO SELATAN, PASAMAN, SUMATERA BARAT",10,8,159,167
https://kawalpemilu.org#13551,"LANSEK KADOK, RAO SELATAN, PASAMAN, SUMATERA BARAT",11,33,165,198
https://kawalpemilu.org#13551,"LANSEK KADOK, RAO SELATAN, PASAMAN, SUMATERA BARAT",12,7,169,176
https://kawalpemilu.org#13551,"LANSEK KADOK, RAO SELATAN, PASAMAN, SUMATERA BARAT",13,13,182,195
https://kawalpemilu.org#13551,"LANSEK KADOK, RAO SELATAN, PASAMAN, SUMATERA BARAT",14,20,175,195
https://kawalpemilu.org#13551,"LANSEK KADOK, RAO SELATAN, PASAMAN, SUMATERA BARAT",15,32,169,201
https://kawalpemilu.org#13551,"LANSEK KADOK, RAO SELATAN, PASAMAN, SUMATERA BARAT",16,32,176,208
https://kawalpemilu.org#13551,"LANSEK KADOK, RAO SELATAN, PASAMAN, SUMATERA BARAT",17,35,174,209
https://kawalpemilu.org#13551,"LANSEK KADOK, RAO SELATAN, PASAMAN, SUMATERA BARAT",18,6,166,172
https://kawalpemilu.org#13551,"LANSEK KADOK, RAO SELATAN, PASAMAN, SUMATERA BARAT",19,8,133,141
https://kawalpemilu.org#13551,"LANSEK KADOK, RAO SELATAN, PASAMAN, SUMATERA BARAT",20,11,181,192
https://kawalpemilu.org#13551,"LANSEK KADOK, RAO SELATAN, PASAMAN, SUMATERA BARAT",21,4,142,146
https://kawalpemilu.org#13551,"LANSEK KADOK, RAO SELATAN, PASAMAN, SUMATERA BARAT",22,12,173,185
https://kawalpemilu.org#13551,"LANSEK KADOK, RAO SELATAN, PASAMAN, SUMATERA BARAT",23,18,165,183
https://kawalpemilu.org#13551,"LANSEK KADOK, RAO SELATAN, PASAMAN, SUMATERA BARAT",24,32,144,176
https://kawalpemilu.org#13551,"LANSEK KADOK, RAO SELATAN, PASAMAN, SUMATERA BARAT",25,7,144,151
https://kawalpemilu.org#13552,"LUBUAK LAYANG, RAO SELATAN, PASAMAN, SUMATERA BARAT",1,20,195,215
https://kawalpemilu.org#13552,"LUBUAK LAYANG, RAO SELATAN, PASAMAN, SUMATERA BARAT",2,8,168,176
https://kawalpemilu.org#13552,"LUBUAK LAYANG, RAO SELATAN, PASAMAN, SUMATERA BARAT",3,19,212,231
https://kawalpemilu.org#13552,"LUBUAK LAYANG, RAO SELATAN, PASAMAN, SUMATERA BARAT",4,30,168,198
https://kawalpemilu.org#13552,"LUBUAK LAYANG, RAO SELATAN, PASAMAN, SUMATERA BARAT",5,18,210,228
https://kawalpemilu.org#13552,"LUBUAK LAYANG, RAO SELATAN, PASAMAN, SUMATERA BARAT",6,10,158,168
https://kawalpemilu.org#13552,"LUBUAK LAYANG, RAO SELATAN, PASAMAN, SUMATERA BARAT",7,5,200,205
https://kawalpemilu.org#13552,"LUBUAK LAYANG, RAO SELATAN, PASAMAN, SUMATERA BARAT",8,8,227,235
https://kawalpemilu.org#13552,"LUBUAK LAYANG, RAO SELATAN, PASAMAN, SUMATERA BARAT",9,14,197,211
https://kawalpemilu.org#13552,"LUBUAK LAYANG, RAO SELATAN, PASAMAN, SUMATERA BARAT",10,14,159,173
https://kawalpemilu.org#13552,"LUBUAK LAYANG, RAO SELATAN, PASAMAN, SUMATERA BARAT",11,40,192,232
https://kawalpemilu.org#13552,"LUBUAK LAYANG, RAO SELATAN, PASAMAN, SUMATERA BARAT",12,50,148,198
https://kawalpemilu.org#13552,"LUBUAK LAYANG, RAO SELATAN, PASAMAN, SUMATERA BARAT",13,10,177,187
https://kawalpemilu.org#13552,"LUBUAK LAYANG, RAO SELATAN, PASAMAN, SUMATERA BARAT",14,7,75,82
https://kawalpemilu.org#13552,"LUBUAK LAYANG, RAO SELATAN, PASAMAN, SUMATERA BARAT",15,2,91,93
https://kawalpemilu.org#13552,"LUBUAK LAYANG, RAO SELATAN, PASAMAN, SUMATERA BARAT",16,10,136,146
https://kawalpemilu.org#13552,"LUBUAK LAYANG, RAO SELATAN, PASAMAN, SUMATERA BARAT",17,2,146,148
https://kawalpemilu.org#13553,"TANJUNG BETUNG, RAO SELATAN, PASAMAN, SUMATERA BARAT",1,7,229,236
https://kawalpemilu.org#13553,"TANJUNG BETUNG, RAO SELATAN, PASAMAN, SUMATERA BARAT",2,20,194,214
https://kawalpemilu.org#13553,"TANJUNG BETUNG, RAO SELATAN, PASAMAN, SUMATERA BARAT",3,23,190,213
https://kawalpemilu.org#13553,"TANJUNG BETUNG, RAO SELATAN, PASAMAN, SUMATERA BARAT",4,25,200,225
https://kawalpemilu.org#13553,"TANJUNG BETUNG, RAO SELATAN, PASAMAN, SUMATERA BARAT",5,15,178,193
https://kawalpemilu.org#13553,"TANJUNG BETUNG, RAO SELATAN, PASAMAN, SUMATERA BARAT",6,6,175,181
https://kawalpemilu.org#13553,"TANJUNG BETUNG, RAO SELATAN, PASAMAN, SUMATERA BARAT",7,24,230,254
https://kawalpemilu.org#13553,"TANJUNG BETUNG, RAO SELATAN, PASAMAN, SUMATERA BARAT",8,8,202,210
https://kawalpemilu.org#13553,"TANJUNG BETUNG, RAO SELATAN, PASAMAN, SUMATERA BARAT",9,9,165,174
https://kawalpemilu.org#13553,"TANJUNG BETUNG, RAO SELATAN, PASAMAN, SUMATERA BARAT",10,20,224,244
https://kawalpemilu.org#13553,"TANJUNG BETUNG, RAO SELATAN, PASAMAN, SUMATERA BARAT",11,33,165,198
https://kawalpemilu.org#13553,"TANJUNG BETUNG, RAO SELATAN, PASAMAN, SUMATERA BARAT",12,4,128,132
https://kawalpemilu.org#13553,"TANJUNG BETUNG, RAO SELATAN, PASAMAN, SUMATERA BARAT",13,14,217,231
https://kawalpemilu.org#13553,"TANJUNG BETUNG, RAO SELATAN, PASAMAN, SUMATERA BARAT",14,21,158,179
https://kawalpemilu.org#13553,"TANJUNG BETUNG, RAO SELATAN, PASAMAN, SUMATERA BARAT",15,2,102,104
https://kawalpemilu.org#13553,"TANJUNG BETUNG, RAO SELATAN, PASAMAN, SUMATERA BARAT",16,11,153,164
https://kawalpemilu.org#13553,"TANJUNG BETUNG, RAO SELATAN, PASAMAN, SUMATERA BARAT",17,18,200,218
https://kawalpemilu.org#13553,"TANJUNG BETUNG, RAO SELATAN, PASAMAN, SUMATERA BARAT",18,21,157,178
https://kawalpemilu.org#13553,"TANJUNG BETUNG, RAO SELATAN, PASAMAN, SUMATERA BARAT",19,13,202,215
https://kawalpemilu.org#13553,"TANJUNG BETUNG, RAO SELATAN, PASAMAN, SUMATERA BARAT",20,9,210,219
https://kawalpemilu.org#13553,"TANJUNG BETUNG, RAO SELATAN, PASAMAN, SUMATERA BARAT",21,20,194,214
https://kawalpemilu.org#13553,"TANJUNG BETUNG, RAO SELATAN, PASAMAN, SUMATERA BARAT",22,21,183,204
https://kawalpemilu.org#13553,"TANJUNG BETUNG, RAO SELATAN, PASAMAN, SUMATERA BARAT",23,7,207,214
https://kawalpemilu.org#13553,"TANJUNG BETUNG, RAO SELATAN, PASAMAN, SUMATERA BARAT",24,9,183,192
https://kawalpemilu.org#13553,"TANJUNG BETUNG, RAO SELATAN, PASAMAN, SUMATERA BARAT",25,11,208,219
https://kawalpemilu.org#13553,"TANJUNG BETUNG, RAO SELATAN, PASAMAN, SUMATERA BARAT",26,28,176,204
https://kawalpemilu.org#13553,"TANJUNG BETUNG, RAO SELATAN, PASAMAN, SUMATERA BARAT",27,7,133,140
https://kawalpemilu.org#13553,"TANJUNG BETUNG, RAO SELATAN, PASAMAN, SUMATERA BARAT",28,11,157,168
https://kawalpemilu.org#13553,"TANJUNG BETUNG, RAO SELATAN, PASAMAN, SUMATERA BARAT",29,20,130,150
https://kawalpemilu.org#13553,"TANJUNG BETUNG, RAO SELATAN, PASAMAN, SUMATERA BARAT",30,17,151,168
https://kawalpemilu.org#13553,"TANJUNG BETUNG, RAO SELATAN, PASAMAN, SUMATERA BARAT",31,15,130,145
https://kawalpemilu.org#13553,"TANJUNG BETUNG, RAO SELATAN, PASAMAN, SUMATERA BARAT",32,4,85,89
https://kawalpemilu.org#13553,"TANJUNG BETUNG, RAO SELATAN, PASAMAN, SUMATERA BARAT",33,9,186,195
https://kawalpemilu.org#13553,"TANJUNG BETUNG, RAO SELATAN, PASAMAN, SUMATERA BARAT",34,27,205,232
https://kawalpemilu.org#13556,"BETUMONGA, PAGAI UTARA, KEPULAUAN MENTAWAI, SUMATERA BARAT",1,143,0,143
https://kawalpemilu.org#13556,"BETUMONGA, PAGAI UTARA, KEPULAUAN MENTAWAI, SUMATERA BARAT",2,112,2,114
https://kawalpemilu.org#13556,"BETUMONGA, PAGAI UTARA, KEPULAUAN MENTAWAI, SUMATERA BARAT",3,126,0,126
https://kawalpemilu.org#13556,"BETUMONGA, PAGAI UTARA, KEPULAUAN MENTAWAI, SUMATERA BARAT",4,95,6,101
https://kawalpemilu.org#13557,"SILABU, PAGAI UTARA, KEPULAUAN MENTAWAI, SUMATERA BARAT",1,132,5,137
https://kawalpemilu.org#13557,"SILABU, PAGAI UTARA, KEPULAUAN MENTAWAI, SUMATERA BARAT",2,104,3,107
https://kawalpemilu.org#13557,"SILABU, PAGAI UTARA, KEPULAUAN MENTAWAI, SUMATERA BARAT",3,121,0,121
https://kawalpemilu.org#13557,"SILABU, PAGAI UTARA, KEPULAUAN MENTAWAI, SUMATERA BARAT",4,120,4,124
https://kawalpemilu.org#13557,"SILABU, PAGAI UTARA, KEPULAUAN MENTAWAI, SUMATERA BARAT",5,79,0,79
https://kawalpemilu.org#13557,"SILABU, PAGAI UTARA, KEPULAUAN MENTAWAI, SUMATERA BARAT",6,103,7,110
https://kawalpemilu.org#13560,"BOSUA, SIPORA SELATAN, KEPULAUAN MENTAWAI, SUMATERA BARAT",1,195,24,219
https://kawalpemilu.org#13560,"BOSUA, SIPORA SELATAN, KEPULAUAN MENTAWAI, SUMATERA BARAT",2,194,9,203
https://kawalpemilu.org#13560,"BOSUA, SIPORA SELATAN, KEPULAUAN MENTAWAI, SUMATERA BARAT",3,150,4,154
https://kawalpemilu.org#13560,"BOSUA, SIPORA SELATAN, KEPULAUAN MENTAWAI, SUMATERA BARAT",4,126,9,135
https://kawalpemilu.org#13560,"BOSUA, SIPORA SELATAN, KEPULAUAN MENTAWAI, SUMATERA BARAT",5,114,7,121
https://kawalpemilu.org#13560,"BOSUA, SIPORA SELATAN, KEPULAUAN MENTAWAI, SUMATERA BARAT",6,119,1,120
https://kawalpemilu.org#13561,"BERIULOU, SIPORA SELATAN, KEPULAUAN MENTAWAI, SUMATERA BARAT",1,111,27,138
https://kawalpemilu.org#13561,"BERIULOU, SIPORA SELATAN, KEPULAUAN MENTAWAI, SUMATERA BARAT",2,104,31,135
https://kawalpemilu.org#13561,"BERIULOU, SIPORA SELATAN, KEPULAUAN MENTAWAI, SUMATERA BARAT",3,83,46,129
https://kawalpemilu.org#13561,"BERIULOU, SIPORA SELATAN, KEPULAUAN MENTAWAI, SUMATERA BARAT",4,185,15,200
https://kawalpemilu.org#13562,"NEMNEMLELEU, SIPORA SELATAN, KEPULAUAN MENTAWAI, SUMATERA BARAT",4,0,0,0
https://kawalpemilu.org#13563,"MARA, SIPORA SELATAN, KEPULAUAN MENTAWAI, SUMATERA BARAT",1,164,36,200
https://kawalpemilu.org#13563,"MARA, SIPORA SELATAN, KEPULAUAN MENTAWAI, SUMATERA BARAT",2,160,40,200
https://kawalpemilu.org#13563,"MARA, SIPORA SELATAN, KEPULAUAN MENTAWAI, SUMATERA BARAT",3,99,32,131
https://kawalpemilu.org#13563,"MARA, SIPORA SELATAN, KEPULAUAN MENTAWAI, SUMATERA BARAT",4,204,14,218
https://kawalpemilu.org#13564,"SIOBAN, SIPORA SELATAN, KEPULAUAN MENTAWAI, SUMATERA BARAT",1,78,48,126
https://kawalpemilu.org#13564,"SIOBAN, SIPORA SELATAN, KEPULAUAN MENTAWAI, SUMATERA BARAT",2,175,47,222
https://kawalpemilu.org#13564,"SIOBAN, SIPORA SELATAN, KEPULAUAN MENTAWAI, SUMATERA BARAT",3,136,40,176
https://kawalpemilu.org#13564,"SIOBAN, SIPORA SELATAN, KEPULAUAN MENTAWAI, SUMATERA BARAT",4,119,27,146
https://kawalpemilu.org#13564,"SIOBAN, SIPORA SELATAN, KEPULAUAN MENTAWAI, SUMATERA BARAT",6,139,28,167
https://kawalpemilu.org#13564,"SIOBAN, SIPORA SELATAN, KEPULAUAN MENTAWAI, SUMATERA BARAT",7,111,29,140
https://kawalpemilu.org#13564,"SIOBAN, SIPORA SELATAN, KEPULAUAN MENTAWAI, SUMATERA BARAT",8,144,28,172
https://kawalpemilu.org#13566,"SAUREINU, SIPORA SELATAN, KEPULAUAN MENTAWAI, SUMATERA BARAT",1,197,5,202
https://kawalpemilu.org#13566,"SAUREINU, SIPORA SELATAN, KEPULAUAN MENTAWAI, SUMATERA BARAT",2,210,10,220
https://kawalpemilu.org#13566,"SAUREINU, SIPORA SELATAN, KEPULAUAN MENTAWAI, SUMATERA BARAT",3,194,4,198
https://kawalpemilu.org#13566,"SAUREINU, SIPORA SELATAN, KEPULAUAN MENTAWAI, SUMATERA BARAT",4,116,7,123
https://kawalpemilu.org#13566,"SAUREINU, SIPORA SELATAN, KEPULAUAN MENTAWAI, SUMATERA BARAT",5,116,9,125
https://kawalpemilu.org#13568,"MUARA SIBERUT, SIBERUT SELATAN, KEPULAUAN MENTAWAI, SUMATERA BARAT",1,49,150,199
https://kawalpemilu.org#13568,"MUARA SIBERUT, SIBERUT SELATAN, KEPULAUAN MENTAWAI, SUMATERA BARAT",2,31,98,129
https://kawalpemilu.org#13568,"MUARA SIBERUT, SIBERUT SELATAN, KEPULAUAN MENTAWAI, SUMATERA BARAT",3,62,108,170
https://kawalpemilu.org#13568,"MUARA SIBERUT, SIBERUT SELATAN, KEPULAUAN MENTAWAI, SUMATERA BARAT",4,163,46,209
https://kawalpemilu.org#13568,"MUARA SIBERUT, SIBERUT SELATAN, KEPULAUAN MENTAWAI, SUMATERA BARAT",5,144,27,171
https://kawalpemilu.org#13568,"MUARA SIBERUT, SIBERUT SELATAN, KEPULAUAN MENTAWAI, SUMATERA BARAT",6,27,99,126
https://kawalpemilu.org#13568,"MUARA SIBERUT, SIBERUT SELATAN, KEPULAUAN MENTAWAI, SUMATERA BARAT",7,43,144,187
https://kawalpemilu.org#13568,"MUARA SIBERUT, SIBERUT SELATAN, KEPULAUAN MENTAWAI, SUMATERA BARAT",8,157,25,182
https://kawalpemilu.org#13568,"MUARA SIBERUT, SIBERUT SELATAN, KEPULAUAN MENTAWAI, SUMATERA BARAT",9,38,158,196
https://kawalpemilu.org#13569,"MAILEPPET, SIBERUT SELATAN, KEPULAUAN MENTAWAI, SUMATERA BARAT",1,140,38,178
https://kawalpemilu.org#13569,"MAILEPPET, SIBERUT SELATAN, KEPULAUAN MENTAWAI, SUMATERA BARAT",2,159,26,185
https://kawalpemilu.org#13569,"MAILEPPET, SIBERUT SELATAN, KEPULAUAN MENTAWAI, SUMATERA BARAT",3,169,35,204
https://kawalpemilu.org#13569,"MAILEPPET, SIBERUT SELATAN, KEPULAUAN MENTAWAI, SUMATERA BARAT",4,155,24,179
https://kawalpemilu.org#13569,"MAILEPPET, SIBERUT SELATAN, KEPULAUAN MENTAWAI, SUMATERA BARAT",5,93,21,114
https://kawalpemilu.org#13570,"MUNTEI, SIBERUT SELATAN, KEPULAUAN MENTAWAI, SUMATERA BARAT",1,174,33,207
https://kawalpemilu.org#13570,"MUNTEI, SIBERUT SELATAN, KEPULAUAN MENTAWAI, SUMATERA BARAT",2,203,11,214
https://kawalpemilu.org#13570,"MUNTEI, SIBERUT SELATAN, KEPULAUAN MENTAWAI, SUMATERA BARAT",3,143,14,157
https://kawalpemilu.org#13570,"MUNTEI, SIBERUT SELATAN, KEPULAUAN MENTAWAI, SUMATERA BARAT",4,207,15,222
https://kawalpemilu.org#13570,"MUNTEI, SIBERUT SELATAN, KEPULAUAN MENTAWAI, SUMATERA BARAT",5,48,2,50
https://kawalpemilu.org#13570,"MUNTEI, SIBERUT SELATAN, KEPULAUAN MENTAWAI, SUMATERA BARAT",6,93,7,100
https://kawalpemilu.org#13571,"MATOTONAN, SIBERUT SELATAN, KEPULAUAN MENTAWAI, SUMATERA BARAT",1,78,44,122
https://kawalpemilu.org#13571,"MATOTONAN, SIBERUT SELATAN, KEPULAUAN MENTAWAI, SUMATERA BARAT",2,128,82,210
https://kawalpemilu.org#13571,"MATOTONAN, SIBERUT SELATAN, KEPULAUAN MENTAWAI, SUMATERA BARAT",3,86,53,139
https://kawalpemilu.org#13571,"MATOTONAN, SIBERUT SELATAN, KEPULAUAN MENTAWAI, SUMATERA BARAT",4,82,38,120
https://kawalpemilu.org#13572,"MADOBAG, SIBERUT SELATAN, KEPULAUAN MENTAWAI, SUMATERA BARAT",1,136,5,141
https://kawalpemilu.org#13572,"MADOBAG, SIBERUT SELATAN, KEPULAUAN MENTAWAI, SUMATERA BARAT",2,184,1,185
https://kawalpemilu.org#13572,"MADOBAG, SIBERUT SELATAN, KEPULAUAN MENTAWAI, SUMATERA BARAT",3,168,5,173
https://kawalpemilu.org#13572,"MADOBAG, SIBERUT SELATAN, KEPULAUAN MENTAWAI, SUMATERA BARAT",4,118,6,124
https://kawalpemilu.org#13572,"MADOBAG, SIBERUT SELATAN, KEPULAUAN MENTAWAI, SUMATERA BARAT",5,156,10,166
https://kawalpemilu.org#13572,"MADOBAG, SIBERUT SELATAN, KEPULAUAN MENTAWAI, SUMATERA BARAT",6,138,2,140
https://kawalpemilu.org#13572,"MADOBAG, SIBERUT SELATAN, KEPULAUAN MENTAWAI, SUMATERA BARAT",8,145,4,149
https://kawalpemilu.org#13572,"MADOBAG, SIBERUT SELATAN, KEPULAUAN MENTAWAI, SUMATERA BARAT",9,81,9,90
https://kawalpemilu.org#13572,"MADOBAG, SIBERUT SELATAN, KEPULAUAN MENTAWAI, SUMATERA BARAT",10,125,8,133
https://kawalpemilu.org#13574,"BOJAKAN, SIBERUT UTARA, KEPULAUAN MENTAWAI, SUMATERA BARAT",1,203,7,210
https://kawalpemilu.org#13574,"BOJAKAN, SIBERUT UTARA, KEPULAUAN MENTAWAI, SUMATERA BARAT",2,155,89,244
https://kawalpemilu.org#13574,"BOJAKAN, SIBERUT UTARA, KEPULAUAN MENTAWAI, SUMATERA BARAT",3,132,2,134
https://kawalpemilu.org#13575,"SOTBOYAK, SIBERUT UTARA, KEPULAUAN MENTAWAI, SUMATERA BARAT",1,111,7,118
https://kawalpemilu.org#13575,"SOTBOYAK, SIBERUT UTARA, KEPULAUAN MENTAWAI, SUMATERA BARAT",2,133,18,151
https://kawalpemilu.org#13575,"SOTBOYAK, SIBERUT UTARA, KEPULAUAN MENTAWAI, SUMATERA BARAT",3,112,16,128
https://kawalpemilu.org#13576,"MANGANPOULA, SIBERUT UTARA, KEPULAUAN MENTAWAI, SUMATERA BARAT",1,145,27,172
https://kawalpemilu.org#13576,"MANGANPOULA, SIBERUT UTARA, KEPULAUAN MENTAWAI, SUMATERA BARAT",2,119,20,139
https://kawalpemilu.org#13576,"MANGANPOULA, SIBERUT UTARA, KEPULAUAN MENTAWAI, SUMATERA BARAT",3,144,35,179
https://kawalpemilu.org#13576,"MANGANPOULA, SIBERUT UTARA, KEPULAUAN MENTAWAI, SUMATERA BARAT",4,83,8,91
https://kawalpemilu.org#13577,"MUARA SIKABALUAN, SIBERUT UTARA, KEPULAUAN MENTAWAI, SUMATERA BARAT",1,149,47,196
https://kawalpemilu.org#13577,"MUARA SIKABALUAN, SIBERUT UTARA, KEPULAUAN MENTAWAI, SUMATERA BARAT",2,113,51,164
https://kawalpemilu.org#13577,"MUARA SIKABALUAN, SIBERUT UTARA, KEPULAUAN MENTAWAI, SUMATERA BARAT",3,81,11,92
https://kawalpemilu.org#13577,"MUARA SIKABALUAN, SIBERUT UTARA, KEPULAUAN MENTAWAI, SUMATERA BARAT",4,23,145,168
https://kawalpemilu.org#13577,"MUARA SIKABALUAN, SIBERUT UTARA, KEPULAUAN MENTAWAI, SUMATERA BARAT",5,168,31,199
https://kawalpemilu.org#13577,"MUARA SIKABALUAN, SIBERUT UTARA, KEPULAUAN MENTAWAI, SUMATERA BARAT",6,118,66,184
https://kawalpemilu.org#13577,"MUARA SIKABALUAN, SIBERUT UTARA, KEPULAUAN MENTAWAI, SUMATERA BARAT",7,25,141,166
https://kawalpemilu.org#13577,"MUARA SIKABALUAN, SIBERUT UTARA, KEPULAUAN MENTAWAI, SUMATERA BARAT",8,146,31,177
https://kawalpemilu.org#13578,"SIRILOGUI, SIBERUT UTARA, KEPULAUAN MENTAWAI, SUMATERA BARAT",1,160,13,173
https://kawalpemilu.org#13578,"SIRILOGUI, SIBERUT UTARA, KEPULAUAN MENTAWAI, SUMATERA BARAT",2,219,20,239
https://kawalpemilu.org#13578,"SIRILOGUI, SIBERUT UTARA, KEPULAUAN MENTAWAI, SUMATERA BARAT",3,142,18,160
https://kawalpemilu.org#13578,"SIRILOGUI, SIBERUT UTARA, KEPULAUAN MENTAWAI, SUMATERA BARAT",4,135,7,142
https://kawalpemilu.org#13579,"MALANCAN, SIBERUT UTARA, KEPULAUAN MENTAWAI, SUMATERA BARAT",1,233,7,240
https://kawalpemilu.org#13579,"MALANCAN, SIBERUT UTARA, KEPULAUAN MENTAWAI, SUMATERA BARAT",2,196,18,214
https://kawalpemilu.org#13579,"MALANCAN, SIBERUT UTARA, KEPULAUAN MENTAWAI, SUMATERA BARAT",3,115,34,149
https://kawalpemilu.org#13579,"MALANCAN, SIBERUT UTARA, KEPULAUAN MENTAWAI, SUMATERA BARAT",4,177,33,210
https://kawalpemilu.org#13579,"MALANCAN, SIBERUT UTARA, KEPULAUAN MENTAWAI, SUMATERA BARAT",5,165,15,180
https://kawalpemilu.org#13579,"MALANCAN, SIBERUT UTARA, KEPULAUAN MENTAWAI, SUMATERA BARAT",6,93,41,134
https://kawalpemilu.org#13581,"SIMATALU, SIBERUT BARAT, KEPULAUAN MENTAWAI, SUMATERA BARAT",1,150,7,157
https://kawalpemilu.org#13581,"SIMATALU, SIBERUT BARAT, KEPULAUAN MENTAWAI, SUMATERA BARAT",2,202,4,206
https://kawalpemilu.org#13581,"SIMATALU, SIBERUT BARAT, KEPULAUAN MENTAWAI, SUMATERA BARAT",3,252,0,252
https://kawalpemilu.org#13581,"SIMATALU, SIBERUT BARAT, KEPULAUAN MENTAWAI, SUMATERA BARAT",4,157,1,158
https://kawalpemilu.org#13581,"SIMATALU, SIBERUT BARAT, KEPULAUAN MENTAWAI, SUMATERA BARAT",5,95,0,95
https://kawalpemilu.org#13581,"SIMATALU, SIBERUT BARAT, KEPULAUAN MENTAWAI, SUMATERA BARAT",6,139,4,143
https://kawalpemilu.org#13581,"SIMATALU, SIBERUT BARAT, KEPULAUAN MENTAWAI, SUMATERA BARAT",7,116,5,121
https://kawalpemilu.org#13581,"SIMATALU, SIBERUT BARAT, KEPULAUAN MENTAWAI, SUMATERA BARAT",8,130,5,135
https://kawalpemilu.org#13581,"SIMATALU, SIBERUT BARAT, KEPULAUAN MENTAWAI, SUMATERA BARAT",9,153,0,153
https://kawalpemilu.org#13581,"SIMATALU, SIBERUT BARAT, KEPULAUAN MENTAWAI, SUMATERA BARAT",10,156,3,159
https://kawalpemilu.org#13581,"SIMATALU, SIBERUT BARAT, KEPULAUAN MENTAWAI, SUMATERA BARAT",11,89,2,91
https://kawalpemilu.org#13582,"SIMALEGI, SIBERUT BARAT, KEPULAUAN MENTAWAI, SUMATERA BARAT",1,104,31,135
https://kawalpemilu.org#13582,"SIMALEGI, SIBERUT BARAT, KEPULAUAN MENTAWAI, SUMATERA BARAT",2,143,29,172
https://kawalpemilu.org#13582,"SIMALEGI, SIBERUT BARAT, KEPULAUAN MENTAWAI, SUMATERA BARAT",3,45,88,133
https://kawalpemilu.org#13582,"SIMALEGI, SIBERUT BARAT, KEPULAUAN MENTAWAI, SUMATERA BARAT",4,92,28,120
https://kawalpemilu.org#13582,"SIMALEGI, SIBERUT BARAT, KEPULAUAN MENTAWAI, SUMATERA BARAT",5,64,13,77
https://kawalpemilu.org#13582,"SIMALEGI, SIBERUT BARAT, KEPULAUAN MENTAWAI, SUMATERA BARAT",6,136,56,192
https://kawalpemilu.org#13582,"SIMALEGI, SIBERUT BARAT, KEPULAUAN MENTAWAI, SUMATERA BARAT",7,21,6,27
https://kawalpemilu.org#13582,"SIMALEGI, SIBERUT BARAT, KEPULAUAN MENTAWAI, SUMATERA BARAT",8,74,28,102
https://kawalpemilu.org#13582,"SIMALEGI, SIBERUT BARAT, KEPULAUAN MENTAWAI, SUMATERA BARAT",9,87,28,115
https://kawalpemilu.org#13583,"SIGAPOKNA, SIBERUT BARAT, KEPULAUAN MENTAWAI, SUMATERA BARAT",1,236,46,282
https://kawalpemilu.org#13583,"SIGAPOKNA, SIBERUT BARAT, KEPULAUAN MENTAWAI, SUMATERA BARAT",2,189,29,218
https://kawalpemilu.org#13583,"SIGAPOKNA, SIBERUT BARAT, KEPULAUAN MENTAWAI, SUMATERA BARAT",3,242,3,245
https://kawalpemilu.org#13583,"SIGAPOKNA, SIBERUT BARAT, KEPULAUAN MENTAWAI, SUMATERA BARAT",4,148,47,195
https://kawalpemilu.org#13583,"SIGAPOKNA, SIBERUT BARAT, KEPULAUAN MENTAWAI, SUMATERA BARAT",5,124,16,140
https://kawalpemilu.org#13583,"SIGAPOKNA, SIBERUT BARAT, KEPULAUAN MENTAWAI, SUMATERA BARAT",6,139,0,139
https://kawalpemilu.org#13583,"SIGAPOKNA, SIBERUT BARAT, KEPULAUAN MENTAWAI, SUMATERA BARAT",7,91,44,135
https://kawalpemilu.org#13585,"KATUREI, SIBERUT BARAT DAYA, KEPULAUAN MENTAWAI, SUMATERA BARAT",1,104,13,117
https://kawalpemilu.org#13585,"KATUREI, SIBERUT BARAT DAYA, KEPULAUAN MENTAWAI, SUMATERA BARAT",2,125,31,156
https://kawalpemilu.org#13585,"KATUREI, SIBERUT BARAT DAYA, KEPULAUAN MENTAWAI, SUMATERA BARAT",3,135,48,183
https://kawalpemilu.org#13585,"KATUREI, SIBERUT BARAT DAYA, KEPULAUAN MENTAWAI, SUMATERA BARAT",4,145,27,172
https://kawalpemilu.org#13585,"KATUREI, SIBERUT BARAT DAYA, KEPULAUAN MENTAWAI, SUMATERA BARAT",5,128,5,133
https://kawalpemilu.org#13585,"KATUREI, SIBERUT BARAT DAYA, KEPULAUAN MENTAWAI, SUMATERA BARAT",6,129,25,154
https://kawalpemilu.org#13585,"KATUREI, SIBERUT BARAT DAYA, KEPULAUAN MENTAWAI, SUMATERA BARAT",7,133,12,145
https://kawalpemilu.org#13585,"KATUREI, SIBERUT BARAT DAYA, KEPULAUAN MENTAWAI, SUMATERA BARAT",8,129,27,156
https://kawalpemilu.org#13586,"SAGALUBBEG, SIBERUT BARAT DAYA, KEPULAUAN MENTAWAI, SUMATERA BARAT",1,99,0,99
https://kawalpemilu.org#13586,"SAGALUBBEG, SIBERUT BARAT DAYA, KEPULAUAN MENTAWAI, SUMATERA BARAT",2,136,63,199
https://kawalpemilu.org#13586,"SAGALUBBEG, SIBERUT BARAT DAYA, KEPULAUAN MENTAWAI, SUMATERA BARAT",3,142,6,148
https://kawalpemilu.org#13586,"SAGALUBBEG, SIBERUT BARAT DAYA, KEPULAUAN MENTAWAI, SUMATERA BARAT",4,158,3,161
https://kawalpemilu.org#13586,"SAGALUBBEG, SIBERUT BARAT DAYA, KEPULAUAN MENTAWAI, SUMATERA BARAT",5,140,22,162
https://kawalpemilu.org#13586,"SAGALUBBEG, SIBERUT BARAT DAYA, KEPULAUAN MENTAWAI, SUMATERA BARAT",6,109,16,125
https://kawalpemilu.org#13586,"SAGALUBBEG, SIBERUT BARAT DAYA, KEPULAUAN MENTAWAI, SUMATERA BARAT",7,116,5,121
https://kawalpemilu.org#13586,"SAGALUBBEG, SIBERUT BARAT DAYA, KEPULAUAN MENTAWAI, SUMATERA BARAT",8,90,16,106
https://kawalpemilu.org#13587,"PASAKIAT TAILELEU, SIBERUT BARAT DAYA, KEPULAUAN MENTAWAI, SUMATERA BARAT",1,196,20,216
https://kawalpemilu.org#13587,"PASAKIAT TAILELEU, SIBERUT BARAT DAYA, KEPULAUAN MENTAWAI, SUMATERA BARAT",2,230,6,236
https://kawalpemilu.org#13587,"PASAKIAT TAILELEU, SIBERUT BARAT DAYA, KEPULAUAN MENTAWAI, SUMATERA BARAT",3,166,5,171
https://kawalpemilu.org#13587,"PASAKIAT TAILELEU, SIBERUT BARAT DAYA, KEPULAUAN MENTAWAI, SUMATERA BARAT",4,213,4,217
https://kawalpemilu.org#13587,"PASAKIAT TAILELEU, SIBERUT BARAT DAYA, KEPULAUAN MENTAWAI, SUMATERA BARAT",5,215,17,232
https://kawalpemilu.org#13587,"PASAKIAT TAILELEU, SIBERUT BARAT DAYA, KEPULAUAN MENTAWAI, SUMATERA BARAT",6,105,60,165
https://kawalpemilu.org#13587,"PASAKIAT TAILELEU, SIBERUT BARAT DAYA, KEPULAUAN MENTAWAI, SUMATERA BARAT",7,105,11,116
https://kawalpemilu.org#13587,"PASAKIAT TAILELEU, SIBERUT BARAT DAYA, KEPULAUAN MENTAWAI, SUMATERA BARAT",8,128,15,143
https://kawalpemilu.org#13587,"PASAKIAT TAILELEU, SIBERUT BARAT DAYA, KEPULAUAN MENTAWAI, SUMATERA BARAT",9,206,17,223
https://kawalpemilu.org#13587,"PASAKIAT TAILELEU, SIBERUT BARAT DAYA, KEPULAUAN MENTAWAI, SUMATERA BARAT",10,152,4,156
https://kawalpemilu.org#13587,"PASAKIAT TAILELEU, SIBERUT BARAT DAYA, KEPULAUAN MENTAWAI, SUMATERA BARAT",11,106,5,111
https://kawalpemilu.org#13589,"SAIBI SAMUKOP, SIBERUT TENGAH, KEPULAUAN MENTAWAI, SUMATERA BARAT",1,193,37,230
https://kawalpemilu.org#13589,"SAIBI SAMUKOP, SIBERUT TENGAH, KEPULAUAN MENTAWAI, SUMATERA BARAT",2,147,18,165
https://kawalpemilu.org#13589,"SAIBI SAMUKOP, SIBERUT TENGAH, KEPULAUAN MENTAWAI, SUMATERA BARAT",3,127,11,138
https://kawalpemilu.org#13589,"SAIBI SAMUKOP, SIBERUT TENGAH, KEPULAUAN MENTAWAI, SUMATERA BARAT",4,208,11,219
https://kawalpemilu.org#13589,"SAIBI SAMUKOP, SIBERUT TENGAH, KEPULAUAN MENTAWAI, SUMATERA BARAT",5,160,11,171
https://kawalpemilu.org#13589,"SAIBI SAMUKOP, SIBERUT TENGAH, KEPULAUAN MENTAWAI, SUMATERA BARAT",7,69,2,71
https://kawalpemilu.org#13589,"SAIBI SAMUKOP, SIBERUT TENGAH, KEPULAUAN MENTAWAI, SUMATERA BARAT",8,45,9,54
https://kawalpemilu.org#13589,"SAIBI SAMUKOP, SIBERUT TENGAH, KEPULAUAN MENTAWAI, SUMATERA BARAT",9,100,5,105
https://kawalpemilu.org#13589,"SAIBI SAMUKOP, SIBERUT TENGAH, KEPULAUAN MENTAWAI, SUMATERA BARAT",10,166,20,186
https://kawalpemilu.org#13589,"SAIBI SAMUKOP, SIBERUT TENGAH, KEPULAUAN MENTAWAI, SUMATERA BARAT",11,101,8,109
https://kawalpemilu.org#13589,"SAIBI SAMUKOP, SIBERUT TENGAH, KEPULAUAN MENTAWAI, SUMATERA BARAT",12,92,8,100
https://kawalpemilu.org#13589,"SAIBI SAMUKOP, SIBERUT TENGAH, KEPULAUAN MENTAWAI, SUMATERA BARAT",13,28,8,36
https://kawalpemilu.org#13589,"SAIBI SAMUKOP, SIBERUT TENGAH, KEPULAUAN MENTAWAI, SUMATERA BARAT",14,121,20,141
https://kawalpemilu.org#13590,"CIMPUNGAN, SIBERUT TENGAH, KEPULAUAN MENTAWAI, SUMATERA BARAT",1,113,19,132
https://kawalpemilu.org#13590,"CIMPUNGAN, SIBERUT TENGAH, KEPULAUAN MENTAWAI, SUMATERA BARAT",2,233,21,254
https://kawalpemilu.org#13590,"CIMPUNGAN, SIBERUT TENGAH, KEPULAUAN MENTAWAI, SUMATERA BARAT",3,160,43,203
https://kawalpemilu.org#13590,"CIMPUNGAN, SIBERUT TENGAH, KEPULAUAN MENTAWAI, SUMATERA BARAT",4,146,66,212
https://kawalpemilu.org#13591,"SALIGUMA, SIBERUT TENGAH, KEPULAUAN MENTAWAI, SUMATERA BARAT",1,210,39,249
https://kawalpemilu.org#13591,"SALIGUMA, SIBERUT TENGAH, KEPULAUAN MENTAWAI, SUMATERA BARAT",2,102,42,144
https://kawalpemilu.org#13591,"SALIGUMA, SIBERUT TENGAH, KEPULAUAN MENTAWAI, SUMATERA BARAT",3,185,27,212
https://kawalpemilu.org#13591,"SALIGUMA, SIBERUT TENGAH, KEPULAUAN MENTAWAI, SUMATERA BARAT",4,96,53,149
https://kawalpemilu.org#13591,"SALIGUMA, SIBERUT TENGAH, KEPULAUAN MENTAWAI, SUMATERA BARAT",5,78,34,112
https://kawalpemilu.org#13591,"SALIGUMA, SIBERUT TENGAH, KEPULAUAN MENTAWAI, SUMATERA BARAT",6,156,14,170
https://kawalpemilu.org#13591,"SALIGUMA, SIBERUT TENGAH, KEPULAUAN MENTAWAI, SUMATERA BARAT",7,74,6,80
https://kawalpemilu.org#13591,"SALIGUMA, SIBERUT TENGAH, KEPULAUAN MENTAWAI, SUMATERA BARAT",8,125,16,141
https://kawalpemilu.org#13591,"SALIGUMA, SIBERUT TENGAH, KEPULAUAN MENTAWAI, SUMATERA BARAT",9,66,76,142
https://kawalpemilu.org#13591,"SALIGUMA, SIBERUT TENGAH, KEPULAUAN MENTAWAI, SUMATERA BARAT",10,23,2,25
https://kawalpemilu.org#13593,"BETUMONGA, SIPORA UTARA, KEPULAUAN MENTAWAI, SUMATERA BARAT",1,156,6,162
https://kawalpemilu.org#13593,"BETUMONGA, SIPORA UTARA, KEPULAUAN MENTAWAI, SUMATERA BARAT",2,197,8,205
https://kawalpemilu.org#13593,"BETUMONGA, SIPORA UTARA, KEPULAUAN MENTAWAI, SUMATERA BARAT",3,119,15,134
https://kawalpemilu.org#13593,"BETUMONGA, SIPORA UTARA, KEPULAUAN MENTAWAI, SUMATERA BARAT",4,130,9,139
https://kawalpemilu.org#13594,"GOISOOINAN, SIPORA UTARA, KEPULAUAN MENTAWAI, SUMATERA BARAT",1,142,13,155
https://kawalpemilu.org#13594,"GOISOOINAN, SIPORA UTARA, KEPULAUAN MENTAWAI, SUMATERA BARAT",2,116,21,137
https://kawalpemilu.org#13594,"GOISOOINAN, SIPORA UTARA, KEPULAUAN MENTAWAI, SUMATERA BARAT",3,158,35,193
https://kawalpemilu.org#13594,"GOISOOINAN, SIPORA UTARA, KEPULAUAN MENTAWAI, SUMATERA BARAT",4,89,7,96
https://kawalpemilu.org#13595,"TUAPEJAT, SIPORA UTARA, KEPULAUAN MENTAWAI, SUMATERA BARAT",1,85,63,148
https://kawalpemilu.org#13595,"TUAPEJAT, SIPORA UTARA, KEPULAUAN MENTAWAI, SUMATERA BARAT",2,47,100,147
https://kawalpemilu.org#13595,"TUAPEJAT, SIPORA UTARA, KEPULAUAN MENTAWAI, SUMATERA BARAT",3,108,75,183
https://kawalpemilu.org#13595,"TUAPEJAT, SIPORA UTARA, KEPULAUAN MENTAWAI, SUMATERA BARAT",4,76,83,159
https://kawalpemilu.org#13595,"TUAPEJAT, SIPORA UTARA, KEPULAUAN MENTAWAI, SUMATERA BARAT",5,118,98,216
https://kawalpemilu.org#13595,"TUAPEJAT, SIPORA UTARA, KEPULAUAN MENTAWAI, SUMATERA BARAT",6,102,77,179
https://kawalpemilu.org#13595,"TUAPEJAT, SIPORA UTARA, KEPULAUAN MENTAWAI, SUMATERA BARAT",7,161,33,194
https://kawalpemilu.org#13595,"TUAPEJAT, SIPORA UTARA, KEPULAUAN MENTAWAI, SUMATERA BARAT",8,106,35,141
https://kawalpemilu.org#13595,"TUAPEJAT, SIPORA UTARA, KEPULAUAN MENTAWAI, SUMATERA BARAT",9,240,23,263
https://kawalpemilu.org#13595,"TUAPEJAT, SIPORA UTARA, KEPULAUAN MENTAWAI, SUMATERA BARAT",10,37,94,131
https://kawalpemilu.org#13595,"TUAPEJAT, SIPORA UTARA, KEPULAUAN MENTAWAI, SUMATERA BARAT",11,77,41,118
https://kawalpemilu.org#13595,"TUAPEJAT, SIPORA UTARA, KEPULAUAN MENTAWAI, SUMATERA BARAT",12,83,64,147
https://kawalpemilu.org#13595,"TUAPEJAT, SIPORA UTARA, KEPULAUAN MENTAWAI, SUMATERA BARAT",13,135,102,237
https://kawalpemilu.org#13595,"TUAPEJAT, SIPORA UTARA, KEPULAUAN MENTAWAI, SUMATERA BARAT",14,111,78,189
https://kawalpemilu.org#13595,"TUAPEJAT, SIPORA UTARA, KEPULAUAN MENTAWAI, SUMATERA BARAT",15,87,22,109
https://kawalpemilu.org#13595,"TUAPEJAT, SIPORA UTARA, KEPULAUAN MENTAWAI, SUMATERA BARAT",16,172,32,204
https://kawalpemilu.org#13596,"SIDO MAKMUR, SIPORA UTARA, KEPULAUAN MENTAWAI, SUMATERA BARAT",1,88,35,123
https://kawalpemilu.org#13596,"SIDO MAKMUR, SIPORA UTARA, KEPULAUAN MENTAWAI, SUMATERA BARAT",2,74,58,132
https://kawalpemilu.org#13596,"SIDO MAKMUR, SIPORA UTARA, KEPULAUAN MENTAWAI, SUMATERA BARAT",3,131,48,179
https://kawalpemilu.org#13597,"BUKIT PAMEWA, SIPORA UTARA, KEPULAUAN MENTAWAI, SUMATERA BARAT",1,99,67,166
https://kawalpemilu.org#13597,"BUKIT PAMEWA, SIPORA UTARA, KEPULAUAN MENTAWAI, SUMATERA BARAT",2,114,104,218
https://kawalpemilu.org#13598,"SIPORA JAYA, SIPORA UTARA, KEPULAUAN MENTAWAI, SUMATERA BARAT",1,48,50,98
https://kawalpemilu.org#13598,"SIPORA JAYA, SIPORA UTARA, KEPULAUAN MENTAWAI, SUMATERA BARAT",2,74,110,184
https://kawalpemilu.org#13598,"SIPORA JAYA, SIPORA UTARA, KEPULAUAN MENTAWAI, SUMATERA BARAT",3,73,74,147
https://kawalpemilu.org#13598,"SIPORA JAYA, SIPORA UTARA, KEPULAUAN MENTAWAI, SUMATERA BARAT",4,106,94,200
https://kawalpemilu.org#13598,"SIPORA JAYA, SIPORA UTARA, KEPULAUAN MENTAWAI, SUMATERA BARAT",5,121,102,223
https://kawalpemilu.org#13598,"SIPORA JAYA, SIPORA UTARA, KEPULAUAN MENTAWAI, SUMATERA BARAT",6,98,100,198
https://kawalpemilu.org#13598,"SIPORA JAYA, SIPORA UTARA, KEPULAUAN MENTAWAI, SUMATERA BARAT",7,67,29,96
https://kawalpemilu.org#13600,"SIKAKAP, SIKAKAP, KEPULAUAN MENTAWAI, SUMATERA BARAT",1,40,2,42
https://kawalpemilu.org#13600,"SIKAKAP, SIKAKAP, KEPULAUAN MENTAWAI, SUMATERA BARAT",2,149,1,150
https://kawalpemilu.org#13600,"SIKAKAP, SIKAKAP, KEPULAUAN MENTAWAI, SUMATERA BARAT",3,114,45,159
https://kawalpemilu.org#13600,"SIKAKAP, SIKAKAP, KEPULAUAN MENTAWAI, SUMATERA BARAT",4,114,19,133
https://kawalpemilu.org#13600,"SIKAKAP, SIKAKAP, KEPULAUAN MENTAWAI, SUMATERA BARAT",5,116,7,123
https://kawalpemilu.org#13600,"SIKAKAP, SIKAKAP, KEPULAUAN MENTAWAI, SUMATERA BARAT",6,99,73,172
https://kawalpemilu.org#13600,"SIKAKAP, SIKAKAP, KEPULAUAN MENTAWAI, SUMATERA BARAT",9,24,79,103
https://kawalpemilu.org#13600,"SIKAKAP, SIKAKAP, KEPULAUAN MENTAWAI, SUMATERA BARAT",10,28,101,129
https://kawalpemilu.org#13600,"SIKAKAP, SIKAKAP, KEPULAUAN MENTAWAI, SUMATERA BARAT",11,42,93,135
https://kawalpemilu.org#13600,"SIKAKAP, SIKAKAP, KEPULAUAN MENTAWAI, SUMATERA BARAT",12,110,45,155
https://kawalpemilu.org#13600,"SIKAKAP, SIKAKAP, KEPULAUAN MENTAWAI, SUMATERA BARAT",13,115,60,175
https://kawalpemilu.org#13600,"SIKAKAP, SIKAKAP, KEPULAUAN MENTAWAI, SUMATERA BARAT",14,146,14,160
https://kawalpemilu.org#13600,"SIKAKAP, SIKAKAP, KEPULAUAN MENTAWAI, SUMATERA BARAT",15,44,116,160
https://kawalpemilu.org#13600,"SIKAKAP, SIKAKAP, KEPULAUAN MENTAWAI, SUMATERA BARAT",16,28,79,107
https://kawalpemilu.org#13600,"SIKAKAP, SIKAKAP, KEPULAUAN MENTAWAI, SUMATERA BARAT",17,79,139,218
https://kawalpemilu.org#13600,"SIKAKAP, SIKAKAP, KEPULAUAN MENTAWAI, SUMATERA BARAT",18,68,75,143
https://kawalpemilu.org#13600,"SIKAKAP, SIKAKAP, KEPULAUAN MENTAWAI, SUMATERA BARAT",19,129,9,138
https://kawalpemilu.org#13600,"SIKAKAP, SIKAKAP, KEPULAUAN MENTAWAI, SUMATERA BARAT",20,31,57,88
https://kawalpemilu.org#13600,"SIKAKAP, SIKAKAP, KEPULAUAN MENTAWAI, SUMATERA BARAT",21,60,45,105
https://kawalpemilu.org#13601,"TAIKAKO, SIKAKAP, KEPULAUAN MENTAWAI, SUMATERA BARAT",1,98,5,103
https://kawalpemilu.org#13601,"TAIKAKO, SIKAKAP, KEPULAUAN MENTAWAI, SUMATERA BARAT",2,84,9,93
https://kawalpemilu.org#13601,"TAIKAKO, SIKAKAP, KEPULAUAN MENTAWAI, SUMATERA BARAT",3,123,1,124
https://kawalpemilu.org#13601,"TAIKAKO, SIKAKAP, KEPULAUAN MENTAWAI, SUMATERA BARAT",4,87,0,87
https://kawalpemilu.org#13601,"TAIKAKO, SIKAKAP, KEPULAUAN MENTAWAI, SUMATERA BARAT",5,70,3,73
https://kawalpemilu.org#13601,"TAIKAKO, SIKAKAP, KEPULAUAN MENTAWAI, SUMATERA BARAT",6,36,0,36
https://kawalpemilu.org#13601,"TAIKAKO, SIKAKAP, KEPULAUAN MENTAWAI, SUMATERA BARAT",7,147,9,156
https://kawalpemilu.org#13601,"TAIKAKO, SIKAKAP, KEPULAUAN MENTAWAI, SUMATERA BARAT",8,89,7,96
https://kawalpemilu.org#13601,"TAIKAKO, SIKAKAP, KEPULAUAN MENTAWAI, SUMATERA BARAT",9,125,1,126
https://kawalpemilu.org#13601,"TAIKAKO, SIKAKAP, KEPULAUAN MENTAWAI, SUMATERA BARAT",10,117,4,121
https://kawalpemilu.org#13601,"TAIKAKO, SIKAKAP, KEPULAUAN MENTAWAI, SUMATERA BARAT",11,101,4,105
https://kawalpemilu.org#13601,"TAIKAKO, SIKAKAP, KEPULAUAN MENTAWAI, SUMATERA BARAT",12,110,4,114
https://kawalpemilu.org#13601,"TAIKAKO, SIKAKAP, KEPULAUAN MENTAWAI, SUMATERA BARAT",13,201,9,210
https://kawalpemilu.org#13601,"TAIKAKO, SIKAKAP, KEPULAUAN MENTAWAI, SUMATERA BARAT",14,86,4,90
https://kawalpemilu.org#13601,"TAIKAKO, SIKAKAP, KEPULAUAN MENTAWAI, SUMATERA BARAT",15,118,2,120
https://kawalpemilu.org#13601,"TAIKAKO, SIKAKAP, KEPULAUAN MENTAWAI, SUMATERA BARAT",16,131,0,131
https://kawalpemilu.org#13602,"MATOBE, SIKAKAP, KEPULAUAN MENTAWAI, SUMATERA BARAT",1,147,12,159
https://kawalpemilu.org#13602,"MATOBE, SIKAKAP, KEPULAUAN MENTAWAI, SUMATERA BARAT",2,198,1,199
https://kawalpemilu.org#13602,"MATOBE, SIKAKAP, KEPULAUAN MENTAWAI, SUMATERA BARAT",3,152,2,154
https://kawalpemilu.org#13602,"MATOBE, SIKAKAP, KEPULAUAN MENTAWAI, SUMATERA BARAT",4,119,13,132
https://kawalpemilu.org#13602,"MATOBE, SIKAKAP, KEPULAUAN MENTAWAI, SUMATERA BARAT",5,69,4,73
https://kawalpemilu.org#13602,"MATOBE, SIKAKAP, KEPULAUAN MENTAWAI, SUMATERA BARAT",6,66,1,67
https://kawalpemilu.org#13602,"MATOBE, SIKAKAP, KEPULAUAN MENTAWAI, SUMATERA BARAT",7,75,4,79
https://kawalpemilu.org#13602,"MATOBE, SIKAKAP, KEPULAUAN MENTAWAI, SUMATERA BARAT",8,161,23,184
https://kawalpemilu.org#13602,"MATOBE, SIKAKAP, KEPULAUAN MENTAWAI, SUMATERA BARAT",9,83,3,86
https://kawalpemilu.org#13604,"SINAKA, PAGAI SELATAN, KEPULAUAN MENTAWAI, SUMATERA BARAT",1,76,67,143
https://kawalpemilu.org#13604,"SINAKA, PAGAI SELATAN, KEPULAUAN MENTAWAI, SUMATERA BARAT",2,47,11,58
https://kawalpemilu.org#13604,"SINAKA, PAGAI SELATAN, KEPULAUAN MENTAWAI, SUMATERA BARAT",3,123,5,128
https://kawalpemilu.org#13604,"SINAKA, PAGAI SELATAN, KEPULAUAN MENTAWAI, SUMATERA BARAT",4,66,11,77
https://kawalpemilu.org#13604,"SINAKA, PAGAI SELATAN, KEPULAUAN MENTAWAI, SUMATERA BARAT",5,48,1,49
https://kawalpemilu.org#13604,"SINAKA, PAGAI SELATAN, KEPULAUAN MENTAWAI, SUMATERA BARAT",6,175,31,206
https://kawalpemilu.org#13604,"SINAKA, PAGAI SELATAN, KEPULAUAN MENTAWAI, SUMATERA BARAT",7,5,91,96
https://kawalpemilu.org#13604,"SINAKA, PAGAI SELATAN, KEPULAUAN MENTAWAI, SUMATERA BARAT",8,178,17,195
https://kawalpemilu.org#13604,"SINAKA, PAGAI SELATAN, KEPULAUAN MENTAWAI, SUMATERA BARAT",9,65,51,116
https://kawalpemilu.org#13604,"SINAKA, PAGAI SELATAN, KEPULAUAN MENTAWAI, SUMATERA BARAT",10,167,92,259
https://kawalpemilu.org#13604,"SINAKA, PAGAI SELATAN, KEPULAUAN MENTAWAI, SUMATERA BARAT",11,180,2,182
https://kawalpemilu.org#13605,"BULASAT, PAGAI SELATAN, KEPULAUAN MENTAWAI, SUMATERA BARAT",1,142,5,147
https://kawalpemilu.org#13605,"BULASAT, PAGAI SELATAN, KEPULAUAN MENTAWAI, SUMATERA BARAT",2,49,0,49
https://kawalpemilu.org#13605,"BULASAT, PAGAI SELATAN, KEPULAUAN MENTAWAI, SUMATERA BARAT",3,103,0,103
https://kawalpemilu.org#13605,"BULASAT, PAGAI SELATAN, KEPULAUAN MENTAWAI, SUMATERA BARAT",4,122,4,126
https://kawalpemilu.org#13605,"BULASAT, PAGAI SELATAN, KEPULAUAN MENTAWAI, SUMATERA BARAT",5,217,1,218
https://kawalpemilu.org#13605,"BULASAT, PAGAI SELATAN, KEPULAUAN MENTAWAI, SUMATERA BARAT",6,157,0,157
https://kawalpemilu.org#13605,"BULASAT, PAGAI SELATAN, KEPULAUAN MENTAWAI, SUMATERA BARAT",7,50,12,62
https://kawalpemilu.org#13605,"BULASAT, PAGAI SELATAN, KEPULAUAN MENTAWAI, SUMATERA BARAT",8,104,0,104
https://kawalpemilu.org#13605,"BULASAT, PAGAI SELATAN, KEPULAUAN MENTAWAI, SUMATERA BARAT",9,99,0,99
https://kawalpemilu.org#13605,"BULASAT, PAGAI SELATAN, KEPULAUAN MENTAWAI, SUMATERA BARAT",10,103,3,106
https://kawalpemilu.org#13605,"BULASAT, PAGAI SELATAN, KEPULAUAN MENTAWAI, SUMATERA BARAT",11,92,0,92
https://kawalpemilu.org#13605,"BULASAT, PAGAI SELATAN, KEPULAUAN MENTAWAI, SUMATERA BARAT",12,57,0,57
https://kawalpemilu.org#13605,"BULASAT, PAGAI SELATAN, KEPULAUAN MENTAWAI, SUMATERA BARAT",13,128,11,139
https://kawalpemilu.org#13605,"BULASAT, PAGAI SELATAN, KEPULAUAN MENTAWAI, SUMATERA BARAT",14,96,6,102
https://kawalpemilu.org#13605,"BULASAT, PAGAI SELATAN, KEPULAUAN MENTAWAI, SUMATERA BARAT",15,80,1,81
https://kawalpemilu.org#13606,"MALAKOPA, PAGAI SELATAN, KEPULAUAN MENTAWAI, SUMATERA BARAT",1,122,5,127
https://kawalpemilu.org#13606,"MALAKOPA, PAGAI SELATAN, KEPULAUAN MENTAWAI, SUMATERA BARAT",2,163,6,169
https://kawalpemilu.org#13606,"MALAKOPA, PAGAI SELATAN, KEPULAUAN MENTAWAI, SUMATERA BARAT",3,156,7,163
https://kawalpemilu.org#13606,"MALAKOPA, PAGAI SELATAN, KEPULAUAN MENTAWAI, SUMATERA BARAT",4,252,0,252
https://kawalpemilu.org#13606,"MALAKOPA, PAGAI SELATAN, KEPULAUAN MENTAWAI, SUMATERA BARAT",5,180,9,189
https://kawalpemilu.org#13606,"MALAKOPA, PAGAI SELATAN, KEPULAUAN MENTAWAI, SUMATERA BARAT",6,164,14,178
https://kawalpemilu.org#13606,"MALAKOPA, PAGAI SELATAN, KEPULAUAN MENTAWAI, SUMATERA BARAT",7,176,25,201
https://kawalpemilu.org#13606,"MALAKOPA, PAGAI SELATAN, KEPULAUAN MENTAWAI, SUMATERA BARAT",8,221,20,241
https://kawalpemilu.org#13606,"MALAKOPA, PAGAI SELATAN, KEPULAUAN MENTAWAI, SUMATERA BARAT",9,160,0,160
https://kawalpemilu.org#13606,"MALAKOPA, PAGAI SELATAN, KEPULAUAN MENTAWAI, SUMATERA BARAT",10,44,1,45
https://kawalpemilu.org#13606,"MALAKOPA, PAGAI SELATAN, KEPULAUAN MENTAWAI, SUMATERA BARAT",11,138,1,139
https://kawalpemilu.org#13607,"MAKALO, PAGAI SELATAN, KEPULAUAN MENTAWAI, SUMATERA BARAT",1,151,2,153
https://kawalpemilu.org#13607,"MAKALO, PAGAI SELATAN, KEPULAUAN MENTAWAI, SUMATERA BARAT",2,136,22,158
https://kawalpemilu.org#13607,"MAKALO, PAGAI SELATAN, KEPULAUAN MENTAWAI, SUMATERA BARAT",3,148,8,156
https://kawalpemilu.org#13607,"MAKALO, PAGAI SELATAN, KEPULAUAN MENTAWAI, SUMATERA BARAT",4,198,24,222
https://kawalpemilu.org#13607,"MAKALO, PAGAI SELATAN, KEPULAUAN MENTAWAI, SUMATERA BARAT",5,41,74,115
https://kawalpemilu.org#13607,"MAKALO, PAGAI SELATAN, KEPULAUAN MENTAWAI, SUMATERA BARAT",6,74,124,198
https://kawalpemilu.org#13607,"MAKALO, PAGAI SELATAN, KEPULAUAN MENTAWAI, SUMATERA BARAT",7,109,16,125
https://kawalpemilu.org#13607,"MAKALO, PAGAI SELATAN, KEPULAUAN MENTAWAI, SUMATERA BARAT",8,67,104,171
https://kawalpemilu.org#13607,"MAKALO, PAGAI SELATAN, KEPULAUAN MENTAWAI, SUMATERA BARAT",9,99,0,99
https://kawalpemilu.org#13607,"MAKALO, PAGAI SELATAN, KEPULAUAN MENTAWAI, SUMATERA BARAT",10,147,12,159
https://kawalpemilu.org#13611,"KOTO BARU, KOTO BARU, DHARMASRAYA, SUMATERA BARAT",1,18,180,198
https://kawalpemilu.org#13611,"KOTO BARU, KOTO BARU, DHARMASRAYA, SUMATERA BARAT",2,29,142,171
https://kawalpemilu.org#13611,"KOTO BARU, KOTO BARU, DHARMASRAYA, SUMATERA BARAT",3,19,125,144
https://kawalpemilu.org#13611,"KOTO BARU, KOTO BARU, DHARMASRAYA, SUMATERA BARAT",4,29,215,244
https://kawalpemilu.org#13611,"KOTO BARU, KOTO BARU, DHARMASRAYA, SUMATERA BARAT",5,18,172,190
https://kawalpemilu.org#13611,"KOTO BARU, KOTO BARU, DHARMASRAYA, SUMATERA BARAT",6,16,204,220
https://kawalpemilu.org#13611,"KOTO BARU, KOTO BARU, DHARMASRAYA, SUMATERA BARAT",7,18,228,246
https://kawalpemilu.org#13611,"KOTO BARU, KOTO BARU, DHARMASRAYA, SUMATERA BARAT",8,18,254,272
https://kawalpemilu.org#13611,"KOTO BARU, KOTO BARU, DHARMASRAYA, SUMATERA BARAT",9,21,108,129
https://kawalpemilu.org#13611,"KOTO BARU, KOTO BARU, DHARMASRAYA, SUMATERA BARAT",10,33,135,168
https://kawalpemilu.org#13611,"KOTO BARU, KOTO BARU, DHARMASRAYA, SUMATERA BARAT",11,36,196,232
https://kawalpemilu.org#13611,"KOTO BARU, KOTO BARU, DHARMASRAYA, SUMATERA BARAT",12,14,162,176
https://kawalpemilu.org#13611,"KOTO BARU, KOTO BARU, DHARMASRAYA, SUMATERA BARAT",13,22,199,221
https://kawalpemilu.org#13611,"KOTO BARU, KOTO BARU, DHARMASRAYA, SUMATERA BARAT",14,15,192,207
https://kawalpemilu.org#13611,"KOTO BARU, KOTO BARU, DHARMASRAYA, SUMATERA BARAT",15,30,206,236
https://kawalpemilu.org#13611,"KOTO BARU, KOTO BARU, DHARMASRAYA, SUMATERA BARAT",16,34,135,169
https://kawalpemilu.org#13611,"KOTO BARU, KOTO BARU, DHARMASRAYA, SUMATERA BARAT",17,18,141,159
https://kawalpemilu.org#13611,"KOTO BARU, KOTO BARU, DHARMASRAYA, SUMATERA BARAT",18,22,197,219
https://kawalpemilu.org#13611,"KOTO BARU, KOTO BARU, DHARMASRAYA, SUMATERA BARAT",19,17,208,225
https://kawalpemilu.org#13611,"KOTO BARU, KOTO BARU, DHARMASRAYA, SUMATERA BARAT",20,32,215,247
https://kawalpemilu.org#13611,"KOTO BARU, KOTO BARU, DHARMASRAYA, SUMATERA BARAT",21,33,153,186
https://kawalpemilu.org#13611,"KOTO BARU, KOTO BARU, DHARMASRAYA, SUMATERA BARAT",22,28,203,231
https://kawalpemilu.org#13611,"KOTO BARU, KOTO BARU, DHARMASRAYA, SUMATERA BARAT",23,7,150,157
https://kawalpemilu.org#13611,"KOTO BARU, KOTO BARU, DHARMASRAYA, SUMATERA BARAT",24,10,166,176
https://kawalpemilu.org#13611,"KOTO BARU, KOTO BARU, DHARMASRAYA, SUMATERA BARAT",25,15,210,225
https://kawalpemilu.org#13611,"KOTO BARU, KOTO BARU, DHARMASRAYA, SUMATERA BARAT",26,8,248,256
https://kawalpemilu.org#13611,"KOTO BARU, KOTO BARU, DHARMASRAYA, SUMATERA BARAT",27,22,231,253
https://kawalpemilu.org#13611,"KOTO BARU, KOTO BARU, DHARMASRAYA, SUMATERA BARAT",28,11,194,205
https://kawalpemilu.org#13611,"KOTO BARU, KOTO BARU, DHARMASRAYA, SUMATERA BARAT",29,5,250,255
https://kawalpemilu.org#13611,"KOTO BARU, KOTO BARU, DHARMASRAYA, SUMATERA BARAT",30,17,130,147
https://kawalpemilu.org#13611,"KOTO BARU, KOTO BARU, DHARMASRAYA, SUMATERA BARAT",31,8,173,181
https://kawalpemilu.org#13611,"KOTO BARU, KOTO BARU, DHARMASRAYA, SUMATERA BARAT",32,17,123,140
https://kawalpemilu.org#13611,"KOTO BARU, KOTO BARU, DHARMASRAYA, SUMATERA BARAT",33,2,119,121
https://kawalpemilu.org#13611,"KOTO BARU, KOTO BARU, DHARMASRAYA, SUMATERA BARAT",34,21,136,157
https://kawalpemilu.org#13611,"KOTO BARU, KOTO BARU, DHARMASRAYA, SUMATERA BARAT",35,10,138,148
https://kawalpemilu.org#13611,"KOTO BARU, KOTO BARU, DHARMASRAYA, SUMATERA BARAT",36,9,88,97
https://kawalpemilu.org#13611,"KOTO BARU, KOTO BARU, DHARMASRAYA, SUMATERA BARAT",37,14,153,167
https://kawalpemilu.org#13611,"KOTO BARU, KOTO BARU, DHARMASRAYA, SUMATERA BARAT",38,6,187,193
https://kawalpemilu.org#13612,"SIALANG GAUNG, KOTO BARU, DHARMASRAYA, SUMATERA BARAT",1,106,57,163
https://kawalpemilu.org#13612,"SIALANG GAUNG, KOTO BARU, DHARMASRAYA, SUMATERA BARAT",2,121,96,217
https://kawalpemilu.org#13612,"SIALANG GAUNG, KOTO BARU, DHARMASRAYA, SUMATERA BARAT",3,166,69,235
https://kawalpemilu.org#13612,"SIALANG GAUNG, KOTO BARU, DHARMASRAYA, SUMATERA BARAT",4,191,68,259
https://kawalpemilu.org#13612,"SIALANG GAUNG, KOTO BARU, DHARMASRAYA, SUMATERA BARAT",5,89,55,144
https://kawalpemilu.org#13612,"SIALANG GAUNG, KOTO BARU, DHARMASRAYA, SUMATERA BARAT",6,124,76,200
https://kawalpemilu.org#13612,"SIALANG GAUNG, KOTO BARU, DHARMASRAYA, SUMATERA BARAT",7,196,43,239
https://kawalpemilu.org#13612,"SIALANG GAUNG, KOTO BARU, DHARMASRAYA, SUMATERA BARAT",8,155,22,177
https://kawalpemilu.org#13612,"SIALANG GAUNG, KOTO BARU, DHARMASRAYA, SUMATERA BARAT",9,11,140,151
https://kawalpemilu.org#13612,"SIALANG GAUNG, KOTO BARU, DHARMASRAYA, SUMATERA BARAT",10,32,212,244
https://kawalpemilu.org#13612,"SIALANG GAUNG, KOTO BARU, DHARMASRAYA, SUMATERA BARAT",11,12,180,192
https://kawalpemilu.org#13612,"SIALANG GAUNG, KOTO BARU, DHARMASRAYA, SUMATERA BARAT",12,22,219,241
https://kawalpemilu.org#13612,"SIALANG GAUNG, KOTO BARU, DHARMASRAYA, SUMATERA BARAT",13,9,88,97
https://kawalpemilu.org#13612,"SIALANG GAUNG, KOTO BARU, DHARMASRAYA, SUMATERA BARAT",14,20,193,213
https://kawalpemilu.org#13612,"SIALANG GAUNG, KOTO BARU, DHARMASRAYA, SUMATERA BARAT",15,16,217,233
https://kawalpemilu.org#13612,"SIALANG GAUNG, KOTO BARU, DHARMASRAYA, SUMATERA BARAT",16,24,193,217
https://kawalpemilu.org#13612,"SIALANG GAUNG, KOTO BARU, DHARMASRAYA, SUMATERA BARAT",18,110,81,191
https://kawalpemilu.org#13612,"SIALANG GAUNG, KOTO BARU, DHARMASRAYA, SUMATERA BARAT",19,149,9,158
https://kawalpemilu.org#13612,"SIALANG GAUNG, KOTO BARU, DHARMASRAYA, SUMATERA BARAT",20,112,59,171
https://kawalpemilu.org#13612,"SIALANG GAUNG, KOTO BARU, DHARMASRAYA, SUMATERA BARAT",21,112,35,147
https://kawalpemilu.org#13612,"SIALANG GAUNG, KOTO BARU, DHARMASRAYA, SUMATERA BARAT",22,17,131,148
https://kawalpemilu.org#13612,"SIALANG GAUNG, KOTO BARU, DHARMASRAYA, SUMATERA BARAT",23,31,205,236
https://kawalpemilu.org#13612,"SIALANG GAUNG, KOTO BARU, DHARMASRAYA, SUMATERA BARAT",24,30,170,200
https://kawalpemilu.org#13614,"AMPANG KURANJI, KOTO BARU, DHARMASRAYA, SUMATERA BARAT",1,16,149,165
https://kawalpemilu.org#13614,"AMPANG KURANJI, KOTO BARU, DHARMASRAYA, SUMATERA BARAT",2,10,171,181
https://kawalpemilu.org#13614,"AMPANG KURANJI, KOTO BARU, DHARMASRAYA, SUMATERA BARAT",3,19,181,200
https://kawalpemilu.org#13614,"AMPANG KURANJI, KOTO BARU, DHARMASRAYA, SUMATERA BARAT",4,27,170,197
https://kawalpemilu.org#13614,"AMPANG KURANJI, KOTO BARU, DHARMASRAYA, SUMATERA BARAT",5,20,221,241
https://kawalpemilu.org#13614,"AMPANG KURANJI, KOTO BARU, DHARMASRAYA, SUMATERA BARAT",6,27,231,258
https://kawalpemilu.org#13614,"AMPANG KURANJI, KOTO BARU, DHARMASRAYA, SUMATERA BARAT",7,4,166,170
https://kawalpemilu.org#13614,"AMPANG KURANJI, KOTO BARU, DHARMASRAYA, SUMATERA BARAT",8,14,202,216
https://kawalpemilu.org#13614,"AMPANG KURANJI, KOTO BARU, DHARMASRAYA, SUMATERA BARAT",9,26,203,229
https://kawalpemilu.org#13614,"AMPANG KURANJI, KOTO BARU, DHARMASRAYA, SUMATERA BARAT",10,16,172,188
https://kawalpemilu.org#13614,"AMPANG KURANJI, KOTO BARU, DHARMASRAYA, SUMATERA BARAT",11,14,168,182
https://kawalpemilu.org#13614,"AMPANG KURANJI, KOTO BARU, DHARMASRAYA, SUMATERA BARAT",12,4,136,140
https://kawalpemilu.org#13614,"AMPANG KURANJI, KOTO BARU, DHARMASRAYA, SUMATERA BARAT",13,9,264,273
https://kawalpemilu.org#13614,"AMPANG KURANJI, KOTO BARU, DHARMASRAYA, SUMATERA BARAT",14,15,195,210
https://kawalpemilu.org#13614,"AMPANG KURANJI, KOTO BARU, DHARMASRAYA, SUMATERA BARAT",15,8,151,159
https://kawalpemilu.org#13614,"AMPANG KURANJI, KOTO BARU, DHARMASRAYA, SUMATERA BARAT",16,5,97,102
https://kawalpemilu.org#87527,"KOTO PADANG, KOTO BARU, DHARMASRAYA, SUMATERA BARAT",1,21,176,197
https://kawalpemilu.org#87527,"KOTO PADANG, KOTO BARU, DHARMASRAYA, SUMATERA BARAT",2,9,170,179
https://kawalpemilu.org#87527,"KOTO PADANG, KOTO BARU, DHARMASRAYA, SUMATERA BARAT",3,7,139,146
https://kawalpemilu.org#87527,"KOTO PADANG, KOTO BARU, DHARMASRAYA, SUMATERA BARAT",4,37,243,280
https://kawalpemilu.org#87527,"KOTO PADANG, KOTO BARU, DHARMASRAYA, SUMATERA BARAT",5,48,241,289
https://kawalpemilu.org#87527,"KOTO PADANG, KOTO BARU, DHARMASRAYA, SUMATERA BARAT",6,24,180,204
https://kawalpemilu.org#87527,"KOTO PADANG, KOTO BARU, DHARMASRAYA, SUMATERA BARAT",7,25,242,267
https://kawalpemilu.org#87527,"KOTO PADANG, KOTO BARU, DHARMASRAYA, SUMATERA BARAT",8,28,246,274
https://kawalpemilu.org#87527,"KOTO PADANG, KOTO BARU, DHARMASRAYA, SUMATERA BARAT",9,18,99,117
https://kawalpemilu.org#87527,"KOTO PADANG, KOTO BARU, DHARMASRAYA, SUMATERA BARAT",10,130,69,199
https://kawalpemilu.org#87527,"KOTO PADANG, KOTO BARU, DHARMASRAYA, SUMATERA BARAT",11,99,65,164
https://kawalpemilu.org#87527,"KOTO PADANG, KOTO BARU, DHARMASRAYA, SUMATERA BARAT",12,115,85,200
https://kawalpemilu.org#87527,"KOTO PADANG, KOTO BARU, DHARMASRAYA, SUMATERA BARAT",13,98,108,206
https://kawalpemilu.org#87527,"KOTO PADANG, KOTO BARU, DHARMASRAYA, SUMATERA BARAT",14,117,123,240
https://kawalpemilu.org#87527,"KOTO PADANG, KOTO BARU, DHARMASRAYA, SUMATERA BARAT",15,106,144,250
https://kawalpemilu.org#87527,"KOTO PADANG, KOTO BARU, DHARMASRAYA, SUMATERA BARAT",16,37,171,208
https://kawalpemilu.org#13618,"SUNGAI DAREH, PULAU PUNJUNG, DHARMASRAYA, SUMATERA BARAT",1,14,140,154
https://kawalpemilu.org#13618,"SUNGAI DAREH, PULAU PUNJUNG, DHARMASRAYA, SUMATERA BARAT",2,26,159,185
https://kawalpemilu.org#13618,"SUNGAI DAREH, PULAU PUNJUNG, DHARMASRAYA, SUMATERA BARAT",3,32,238,270
https://kawalpemilu.org#13618,"SUNGAI DAREH, PULAU PUNJUNG, DHARMASRAYA, SUMATERA BARAT",4,24,171,195
https://kawalpemilu.org#13618,"SUNGAI DAREH, PULAU PUNJUNG, DHARMASRAYA, SUMATERA BARAT",5,40,209,249
https://kawalpemilu.org#13618,"SUNGAI DAREH, PULAU PUNJUNG, DHARMASRAYA, SUMATERA BARAT",6,22,179,201
https://kawalpemilu.org#13618,"SUNGAI DAREH, PULAU PUNJUNG, DHARMASRAYA, SUMATERA BARAT",7,14,203,217
https://kawalpemilu.org#13618,"SUNGAI DAREH, PULAU PUNJUNG, DHARMASRAYA, SUMATERA BARAT",8,32,209,241
https://kawalpemilu.org#13618,"SUNGAI DAREH, PULAU PUNJUNG, DHARMASRAYA, SUMATERA BARAT",9,11,163,174
https://kawalpemilu.org#13618,"SUNGAI DAREH, PULAU PUNJUNG, DHARMASRAYA, SUMATERA BARAT",10,18,242,260
https://kawalpemilu.org#13618,"SUNGAI DAREH, PULAU PUNJUNG, DHARMASRAYA, SUMATERA BARAT",11,51,201,252
https://kawalpemilu.org#13618,"SUNGAI DAREH, PULAU PUNJUNG, DHARMASRAYA, SUMATERA BARAT",12,29,32,61
https://kawalpemilu.org#13618,"SUNGAI DAREH, PULAU PUNJUNG, DHARMASRAYA, SUMATERA BARAT",13,19,202,221
https://kawalpemilu.org#13618,"SUNGAI DAREH, PULAU PUNJUNG, DHARMASRAYA, SUMATERA BARAT",14,18,170,188
https://kawalpemilu.org#13618,"SUNGAI DAREH, PULAU PUNJUNG, DHARMASRAYA, SUMATERA BARAT",15,22,203,225
https://kawalpemilu.org#13618,"SUNGAI DAREH, PULAU PUNJUNG, DHARMASRAYA, SUMATERA BARAT",16,15,162,177
https://kawalpemilu.org#13618,"SUNGAI DAREH, PULAU PUNJUNG, DHARMASRAYA, SUMATERA BARAT",17,11,168,179
https://kawalpemilu.org#13618,"SUNGAI DAREH, PULAU PUNJUNG, DHARMASRAYA, SUMATERA BARAT",18,25,172,197
https://kawalpemilu.org#13618,"SUNGAI DAREH, PULAU PUNJUNG, DHARMASRAYA, SUMATERA BARAT",19,17,163,180
https://kawalpemilu.org#13618,"SUNGAI DAREH, PULAU PUNJUNG, DHARMASRAYA, SUMATERA BARAT",20,28,221,249
https://kawalpemilu.org#13618,"SUNGAI DAREH, PULAU PUNJUNG, DHARMASRAYA, SUMATERA BARAT",21,29,226,255
https://kawalpemilu.org#13619,"TEBING TINGGI, PULAU PUNJUNG, DHARMASRAYA, SUMATERA BARAT",1,12,143,155
https://kawalpemilu.org#13619,"TEBING TINGGI, PULAU PUNJUNG, DHARMASRAYA, SUMATERA BARAT",2,13,188,201
https://kawalpemilu.org#13619,"TEBING TINGGI, PULAU PUNJUNG, DHARMASRAYA, SUMATERA BARAT",3,7,225,232
https://kawalpemilu.org#13619,"TEBING TINGGI, PULAU PUNJUNG, DHARMASRAYA, SUMATERA BARAT",4,19,175,194
https://kawalpemilu.org#13619,"TEBING TINGGI, PULAU PUNJUNG, DHARMASRAYA, SUMATERA BARAT",5,24,202,226
https://kawalpemilu.org#13619,"TEBING TINGGI, PULAU PUNJUNG, DHARMASRAYA, SUMATERA BARAT",6,21,210,231
https://kawalpemilu.org#13619,"TEBING TINGGI, PULAU PUNJUNG, DHARMASRAYA, SUMATERA BARAT",7,58,88,146
https://kawalpemilu.org#13619,"TEBING TINGGI, PULAU PUNJUNG, DHARMASRAYA, SUMATERA BARAT",8,85,84,169
https://kawalpemilu.org#13619,"TEBING TINGGI, PULAU PUNJUNG, DHARMASRAYA, SUMATERA BARAT",9,9,180,189
https://kawalpemilu.org#13619,"TEBING TINGGI, PULAU PUNJUNG, DHARMASRAYA, SUMATERA BARAT",10,5,117,122
https://kawalpemilu.org#13619,"TEBING TINGGI, PULAU PUNJUNG, DHARMASRAYA, SUMATERA BARAT",11,16,147,163
https://kawalpemilu.org#13619,"TEBING TINGGI, PULAU PUNJUNG, DHARMASRAYA, SUMATERA BARAT",12,54,130,184
https://kawalpemilu.org#13619,"TEBING TINGGI, PULAU PUNJUNG, DHARMASRAYA, SUMATERA BARAT",13,71,93,164
https://kawalpemilu.org#84426,"EMPAT KOTO PULAU PUNJUNG, PULAU PUNJUNG, DHARMASRAYA, SUMATERA BARAT",1,9,216,225
https://kawalpemilu.org#84426,"EMPAT KOTO PULAU PUNJUNG, PULAU PUNJUNG, DHARMASRAYA, SUMATERA BARAT",2,42,139,181
https://kawalpemilu.org#84426,"EMPAT KOTO PULAU PUNJUNG, PULAU PUNJUNG, DHARMASRAYA, SUMATERA BARAT",3,8,208,216
https://kawalpemilu.org#84426,"EMPAT KOTO PULAU PUNJUNG, PULAU PUNJUNG, DHARMASRAYA, SUMATERA BARAT",4,24,162,186
https://kawalpemilu.org#84426,"EMPAT KOTO PULAU PUNJUNG, PULAU PUNJUNG, DHARMASRAYA, SUMATERA BARAT",5,22,247,269
https://kawalpemilu.org#84426,"EMPAT KOTO PULAU PUNJUNG, PULAU PUNJUNG, DHARMASRAYA, SUMATERA BARAT",6,28,166,194
https://kawalpemilu.org#84426,"EMPAT KOTO PULAU PUNJUNG, PULAU PUNJUNG, DHARMASRAYA, SUMATERA BARAT",7,28,156,184
https://kawalpemilu.org#84426,"EMPAT KOTO PULAU PUNJUNG, PULAU PUNJUNG, DHARMASRAYA, SUMATERA BARAT",8,8,126,134
https://kawalpemilu.org#84426,"EMPAT KOTO PULAU PUNJUNG, PULAU PUNJUNG, DHARMASRAYA, SUMATERA BARAT",9,33,235,268
https://kawalpemilu.org#84426,"EMPAT KOTO PULAU PUNJUNG, PULAU PUNJUNG, DHARMASRAYA, SUMATERA BARAT",10,4,195,199
https://kawalpemilu.org#84426,"EMPAT KOTO PULAU PUNJUNG, PULAU PUNJUNG, DHARMASRAYA, SUMATERA BARAT",11,27,203,230
https://kawalpemilu.org#84426,"EMPAT KOTO PULAU PUNJUNG, PULAU PUNJUNG, DHARMASRAYA, SUMATERA BARAT",12,21,133,154
https://kawalpemilu.org#84426,"EMPAT KOTO PULAU PUNJUNG, PULAU PUNJUNG, DHARMASRAYA, SUMATERA BARAT",13,19,192,211
https://kawalpemilu.org#84426,"EMPAT KOTO PULAU PUNJUNG, PULAU PUNJUNG, DHARMASRAYA, SUMATERA BARAT",14,24,224,248
https://kawalpemilu.org#84426,"EMPAT KOTO PULAU PUNJUNG, PULAU PUNJUNG, DHARMASRAYA, SUMATERA BARAT",15,5,166,171
https://kawalpemilu.org#84426,"EMPAT KOTO PULAU PUNJUNG, PULAU PUNJUNG, DHARMASRAYA, SUMATERA BARAT",16,16,199,215
https://kawalpemilu.org#84426,"EMPAT KOTO PULAU PUNJUNG, PULAU PUNJUNG, DHARMASRAYA, SUMATERA BARAT",17,10,205,215
https://kawalpemilu.org#84426,"EMPAT KOTO PULAU PUNJUNG, PULAU PUNJUNG, DHARMASRAYA, SUMATERA BARAT",18,11,117,128
https://kawalpemilu.org#84426,"EMPAT KOTO PULAU PUNJUNG, PULAU PUNJUNG, DHARMASRAYA, SUMATERA BARAT",19,20,125,145
https://kawalpemilu.org#84426,"EMPAT KOTO PULAU PUNJUNG, PULAU PUNJUNG, DHARMASRAYA, SUMATERA BARAT",20,18,202,220
https://kawalpemilu.org#84426,"EMPAT KOTO PULAU PUNJUNG, PULAU PUNJUNG, DHARMASRAYA, SUMATERA BARAT",21,13,183,196
https://kawalpemilu.org#84426,"EMPAT KOTO PULAU PUNJUNG, PULAU PUNJUNG, DHARMASRAYA, SUMATERA BARAT",22,30,190,220
https://kawalpemilu.org#84426,"EMPAT KOTO PULAU PUNJUNG, PULAU PUNJUNG, DHARMASRAYA, SUMATERA BARAT",23,54,184,238
https://kawalpemilu.org#84426,"EMPAT KOTO PULAU PUNJUNG, PULAU PUNJUNG, DHARMASRAYA, SUMATERA BARAT",24,24,206,230
https://kawalpemilu.org#84426,"EMPAT KOTO PULAU PUNJUNG, PULAU PUNJUNG, DHARMASRAYA, SUMATERA BARAT",25,20,166,186
https://kawalpemilu.org#84426,"EMPAT KOTO PULAU PUNJUNG, PULAU PUNJUNG, DHARMASRAYA, SUMATERA BARAT",26,25,217,242
https://kawalpemilu.org#84427,"SUNGAI KAMBUT, PULAU PUNJUNG, DHARMASRAYA, SUMATERA BARAT",1,18,178,196
https://kawalpemilu.org#84427,"SUNGAI KAMBUT, PULAU PUNJUNG, DHARMASRAYA, SUMATERA BARAT",2,20,233,253
https://kawalpemilu.org#84427,"SUNGAI KAMBUT, PULAU PUNJUNG, DHARMASRAYA, SUMATERA BARAT",3,17,171,188
https://kawalpemilu.org#84427,"SUNGAI KAMBUT, PULAU PUNJUNG, DHARMASRAYA, SUMATERA BARAT",4,20,208,228
https://kawalpemilu.org#84427,"SUNGAI KAMBUT, PULAU PUNJUNG, DHARMASRAYA, SUMATERA BARAT",5,39,213,252
https://kawalpemilu.org#84427,"SUNGAI KAMBUT, PULAU PUNJUNG, DHARMASRAYA, SUMATERA BARAT",6,30,151,181
https://kawalpemilu.org#84427,"SUNGAI KAMBUT, PULAU PUNJUNG, DHARMASRAYA, SUMATERA BARAT",7,20,200,220
https://kawalpemilu.org#84427,"SUNGAI KAMBUT, PULAU PUNJUNG, DHARMASRAYA, SUMATERA BARAT",8,26,145,171
https://kawalpemilu.org#84427,"SUNGAI KAMBUT, PULAU PUNJUNG, DHARMASRAYA, SUMATERA BARAT",9,26,148,174
https://kawalpemilu.org#84427,"SUNGAI KAMBUT, PULAU PUNJUNG, DHARMASRAYA, SUMATERA BARAT",10,16,118,134
https://kawalpemilu.org#84427,"SUNGAI KAMBUT, PULAU PUNJUNG, DHARMASRAYA, SUMATERA BARAT",11,32,196,228
https://kawalpemilu.org#84427,"SUNGAI KAMBUT, PULAU PUNJUNG, DHARMASRAYA, SUMATERA BARAT",12,49,203,252
https://kawalpemilu.org#84427,"SUNGAI KAMBUT, PULAU PUNJUNG, DHARMASRAYA, SUMATERA BARAT",13,55,104,159
https://kawalpemilu.org#84427,"SUNGAI KAMBUT, PULAU PUNJUNG, DHARMASRAYA, SUMATERA BARAT",14,79,66,145
https://kawalpemilu.org#84427,"SUNGAI KAMBUT, PULAU PUNJUNG, DHARMASRAYA, SUMATERA BARAT",15,95,141,236
https://kawalpemilu.org#84427,"SUNGAI KAMBUT, PULAU PUNJUNG, DHARMASRAYA, SUMATERA BARAT",16,79,148,227
https://kawalpemilu.org#84427,"SUNGAI KAMBUT, PULAU PUNJUNG, DHARMASRAYA, SUMATERA BARAT",17,14,187,201
https://kawalpemilu.org#84427,"SUNGAI KAMBUT, PULAU PUNJUNG, DHARMASRAYA, SUMATERA BARAT",18,26,203,229
https://kawalpemilu.org#84427,"SUNGAI KAMBUT, PULAU PUNJUNG, DHARMASRAYA, SUMATERA BARAT",19,28,157,185
https://kawalpemilu.org#84427,"SUNGAI KAMBUT, PULAU PUNJUNG, DHARMASRAYA, SUMATERA BARAT",20,22,124,146
https://kawalpemilu.org#84427,"SUNGAI KAMBUT, PULAU PUNJUNG, DHARMASRAYA, SUMATERA BARAT",21,13,81,94
https://kawalpemilu.org#84427,"SUNGAI KAMBUT, PULAU PUNJUNG, DHARMASRAYA, SUMATERA BARAT",22,23,118,141
https://kawalpemilu.org#84427,"SUNGAI KAMBUT, PULAU PUNJUNG, DHARMASRAYA, SUMATERA BARAT",23,41,194,235
https://kawalpemilu.org#84427,"SUNGAI KAMBUT, PULAU PUNJUNG, DHARMASRAYA, SUMATERA BARAT",24,27,138,165
https://kawalpemilu.org#84427,"SUNGAI KAMBUT, PULAU PUNJUNG, DHARMASRAYA, SUMATERA BARAT",25,95,111,206
https://kawalpemilu.org#84428,"GUNUNG SELASIH, PULAU PUNJUNG, DHARMASRAYA, SUMATERA BARAT",1,14,104,118
https://kawalpemilu.org#84428,"GUNUNG SELASIH, PULAU PUNJUNG, DHARMASRAYA, SUMATERA BARAT",2,18,223,241
https://kawalpemilu.org#84428,"GUNUNG SELASIH, PULAU PUNJUNG, DHARMASRAYA, SUMATERA BARAT",3,10,158,168
https://kawalpemilu.org#84428,"GUNUNG SELASIH, PULAU PUNJUNG, DHARMASRAYA, SUMATERA BARAT",4,34,171,205
https://kawalpemilu.org#84428,"GUNUNG SELASIH, PULAU PUNJUNG, DHARMASRAYA, SUMATERA BARAT",5,16,115,131
https://kawalpemilu.org#84428,"GUNUNG SELASIH, PULAU PUNJUNG, DHARMASRAYA, SUMATERA BARAT",6,32,199,231
https://kawalpemilu.org#84428,"GUNUNG SELASIH, PULAU PUNJUNG, DHARMASRAYA, SUMATERA BARAT",7,36,180,216
https://kawalpemilu.org#84428,"GUNUNG SELASIH, PULAU PUNJUNG, DHARMASRAYA, SUMATERA BARAT",8,10,126,136
https://kawalpemilu.org#84428,"GUNUNG SELASIH, PULAU PUNJUNG, DHARMASRAYA, SUMATERA BARAT",9,23,115,138
https://kawalpemilu.org#84428,"GUNUNG SELASIH, PULAU PUNJUNG, DHARMASRAYA, SUMATERA BARAT",10,21,156,177
https://kawalpemilu.org#84428,"GUNUNG SELASIH, PULAU PUNJUNG, DHARMASRAYA, SUMATERA BARAT",11,9,187,196
https://kawalpemilu.org#84428,"GUNUNG SELASIH, PULAU PUNJUNG, DHARMASRAYA, SUMATERA BARAT",12,50,146,196
https://kawalpemilu.org#84428,"GUNUNG SELASIH, PULAU PUNJUNG, DHARMASRAYA, SUMATERA BARAT",13,27,186,213
https://kawalpemilu.org#84428,"GUNUNG SELASIH, PULAU PUNJUNG, DHARMASRAYA, SUMATERA BARAT",14,25,132,157
https://kawalpemilu.org#84429,"SIKABAU, PULAU PUNJUNG, DHARMASRAYA, SUMATERA BARAT",1,19,181,200
https://kawalpemilu.org#84429,"SIKABAU, PULAU PUNJUNG, DHARMASRAYA, SUMATERA BARAT",2,26,220,246
https://kawalpemilu.org#84429,"SIKABAU, PULAU PUNJUNG, DHARMASRAYA, SUMATERA BARAT",3,8,156,164
https://kawalpemilu.org#84429,"SIKABAU, PULAU PUNJUNG, DHARMASRAYA, SUMATERA BARAT",4,36,157,193
https://kawalpemilu.org#84429,"SIKABAU, PULAU PUNJUNG, DHARMASRAYA, SUMATERA BARAT",5,26,155,181
https://kawalpemilu.org#84429,"SIKABAU, PULAU PUNJUNG, DHARMASRAYA, SUMATERA BARAT",6,19,158,177
https://kawalpemilu.org#84429,"SIKABAU, PULAU PUNJUNG, DHARMASRAYA, SUMATERA BARAT",7,32,188,220
https://kawalpemilu.org#84429,"SIKABAU, PULAU PUNJUNG, DHARMASRAYA, SUMATERA BARAT",8,34,180,214
https://kawalpemilu.org#84429,"SIKABAU, PULAU PUNJUNG, DHARMASRAYA, SUMATERA BARAT",9,46,223,269
https://kawalpemilu.org#84429,"SIKABAU, PULAU PUNJUNG, DHARMASRAYA, SUMATERA BARAT",10,24,142,166
https://kawalpemilu.org#84429,"SIKABAU, PULAU PUNJUNG, DHARMASRAYA, SUMATERA BARAT",11,104,108,212
https://kawalpemilu.org#84429,"SIKABAU, PULAU PUNJUNG, DHARMASRAYA, SUMATERA BARAT",12,60,145,205
https://kawalpemilu.org#84429,"SIKABAU, PULAU PUNJUNG, DHARMASRAYA, SUMATERA BARAT",13,24,166,190
https://kawalpemilu.org#84429,"SIKABAU, PULAU PUNJUNG, DHARMASRAYA, SUMATERA BARAT",14,63,188,251
https://kawalpemilu.org#84429,"SIKABAU, PULAU PUNJUNG, DHARMASRAYA, SUMATERA BARAT",15,85,188,273
https://kawalpemilu.org#84429,"SIKABAU, PULAU PUNJUNG, DHARMASRAYA, SUMATERA BARAT",16,26,54,80
https://kawalpemilu.org#84429,"SIKABAU, PULAU PUNJUNG, DHARMASRAYA, SUMATERA BARAT",17,25,170,195
https://kawalpemilu.org#84429,"SIKABAU, PULAU PUNJUNG, DHARMASRAYA, SUMATERA BARAT",18,23,135,158
https://kawalpemilu.org#84429,"SIKABAU, PULAU PUNJUNG, DHARMASRAYA, SUMATERA BARAT",19,16,128,144
https://kawalpemilu.org#84429,"SIKABAU, PULAU PUNJUNG, DHARMASRAYA, SUMATERA BARAT",20,16,157,173
https://kawalpemilu.org#84429,"SIKABAU, PULAU PUNJUNG, DHARMASRAYA, SUMATERA BARAT",21,28,181,209
https://kawalpemilu.org#84429,"SIKABAU, PULAU PUNJUNG, DHARMASRAYA, SUMATERA BARAT",22,20,177,197
https://kawalpemilu.org#84429,"SIKABAU, PULAU PUNJUNG, DHARMASRAYA, SUMATERA BARAT",23,101,76,177
https://kawalpemilu.org#84429,"SIKABAU, PULAU PUNJUNG, DHARMASRAYA, SUMATERA BARAT",24,76,116,192
https://kawalpemilu.org#13626,"SUNGAI RUMBAI, SUNGAI RUMBAI, DHARMASRAYA, SUMATERA BARAT",1,50,184,234
https://kawalpemilu.org#13626,"SUNGAI RUMBAI, SUNGAI RUMBAI, DHARMASRAYA, SUMATERA BARAT",2,79,185,264
https://kawalpemilu.org#13626,"SUNGAI RUMBAI, SUNGAI RUMBAI, DHARMASRAYA, SUMATERA BARAT",3,43,127,170
https://kawalpemilu.org#13626,"SUNGAI RUMBAI, SUNGAI RUMBAI, DHARMASRAYA, SUMATERA BARAT",4,30,124,154
https://kawalpemilu.org#13626,"SUNGAI RUMBAI, SUNGAI RUMBAI, DHARMASRAYA, SUMATERA BARAT",5,97,143,240
https://kawalpemilu.org#13626,"SUNGAI RUMBAI, SUNGAI RUMBAI, DHARMASRAYA, SUMATERA BARAT",6,43,108,151
https://kawalpemilu.org#13626,"SUNGAI RUMBAI, SUNGAI RUMBAI, DHARMASRAYA, SUMATERA BARAT",7,72,108,180
https://kawalpemilu.org#13626,"SUNGAI RUMBAI, SUNGAI RUMBAI, DHARMASRAYA, SUMATERA BARAT",8,70,80,150
https://kawalpemilu.org#13626,"SUNGAI RUMBAI, SUNGAI RUMBAI, DHARMASRAYA, SUMATERA BARAT",9,27,123,150
https://kawalpemilu.org#13626,"SUNGAI RUMBAI, SUNGAI RUMBAI, DHARMASRAYA, SUMATERA BARAT",10,44,136,180
https://kawalpemilu.org#13626,"SUNGAI RUMBAI, SUNGAI RUMBAI, DHARMASRAYA, SUMATERA BARAT",11,24,81,105
https://kawalpemilu.org#13626,"SUNGAI RUMBAI, SUNGAI RUMBAI, DHARMASRAYA, SUMATERA BARAT",12,28,107,135
https://kawalpemilu.org#13626,"SUNGAI RUMBAI, SUNGAI RUMBAI, DHARMASRAYA, SUMATERA BARAT",13,28,99,127
https://kawalpemilu.org#13626,"SUNGAI RUMBAI, SUNGAI RUMBAI, DHARMASRAYA, SUMATERA BARAT",14,81,103,184
https://kawalpemilu.org#13627,"KURNIA KOTO SALAK, SUNGAI RUMBAI, DHARMASRAYA, SUMATERA BARAT",1,19,141,160
https://kawalpemilu.org#13627,"KURNIA KOTO SALAK, SUNGAI RUMBAI, DHARMASRAYA, SUMATERA BARAT",2,62,172,234
https://kawalpemilu.org#13627,"KURNIA KOTO SALAK, SUNGAI RUMBAI, DHARMASRAYA, SUMATERA BARAT",3,41,206,247
https://kawalpemilu.org#13627,"KURNIA KOTO SALAK, SUNGAI RUMBAI, DHARMASRAYA, SUMATERA BARAT",4,29,104,133
https://kawalpemilu.org#13627,"KURNIA KOTO SALAK, SUNGAI RUMBAI, DHARMASRAYA, SUMATERA BARAT",5,40,202,242
https://kawalpemilu.org#13627,"KURNIA KOTO SALAK, SUNGAI RUMBAI, DHARMASRAYA, SUMATERA BARAT",6,30,152,182
https://kawalpemilu.org#13627,"KURNIA KOTO SALAK, SUNGAI RUMBAI, DHARMASRAYA, SUMATERA BARAT",7,52,91,143
https://kawalpemilu.org#13627,"KURNIA KOTO SALAK, SUNGAI RUMBAI, DHARMASRAYA, SUMATERA BARAT",8,57,80,137
https://kawalpemilu.org#13627,"KURNIA KOTO SALAK, SUNGAI RUMBAI, DHARMASRAYA, SUMATERA BARAT",9,142,43,185
https://kawalpemilu.org#13627,"KURNIA KOTO SALAK, SUNGAI RUMBAI, DHARMASRAYA, SUMATERA BARAT",10,141,24,165
https://kawalpemilu.org#13627,"KURNIA KOTO SALAK, SUNGAI RUMBAI, DHARMASRAYA, SUMATERA BARAT",11,78,126,204
https://kawalpemilu.org#13627,"KURNIA KOTO SALAK, SUNGAI RUMBAI, DHARMASRAYA, SUMATERA BARAT",12,107,55,162
https://kawalpemilu.org#13627,"KURNIA KOTO SALAK, SUNGAI RUMBAI, DHARMASRAYA, SUMATERA BARAT",13,60,173,233
https://kawalpemilu.org#13627,"KURNIA KOTO SALAK, SUNGAI RUMBAI, DHARMASRAYA, SUMATERA BARAT",14,128,39,167
https://kawalpemilu.org#84430,"SUNGAI RUMBAI TIMUR, SUNGAI RUMBAI, DHARMASRAYA, SUMATERA BARAT",1,43,202,245
https://kawalpemilu.org#84430,"SUNGAI RUMBAI TIMUR, SUNGAI RUMBAI, DHARMASRAYA, SUMATERA BARAT",2,91,137,228
https://kawalpemilu.org#84430,"SUNGAI RUMBAI TIMUR, SUNGAI RUMBAI, DHARMASRAYA, SUMATERA BARAT",3,116,71,187
https://kawalpemilu.org#84430,"SUNGAI RUMBAI TIMUR, SUNGAI RUMBAI, DHARMASRAYA, SUMATERA BARAT",4,58,176,234
https://kawalpemilu.org#84430,"SUNGAI RUMBAI TIMUR, SUNGAI RUMBAI, DHARMASRAYA, SUMATERA BARAT",5,27,133,160
https://kawalpemilu.org#84430,"SUNGAI RUMBAI TIMUR, SUNGAI RUMBAI, DHARMASRAYA, SUMATERA BARAT",6,39,159,198
https://kawalpemilu.org#84430,"SUNGAI RUMBAI TIMUR, SUNGAI RUMBAI, DHARMASRAYA, SUMATERA BARAT",7,85,169,254
https://kawalpemilu.org#84430,"SUNGAI RUMBAI TIMUR, SUNGAI RUMBAI, DHARMASRAYA, SUMATERA BARAT",8,51,154,205
https://kawalpemilu.org#84430,"SUNGAI RUMBAI TIMUR, SUNGAI RUMBAI, DHARMASRAYA, SUMATERA BARAT",9,28,98,126
https://kawalpemilu.org#84431,"KURNIA SELATAN, SUNGAI RUMBAI, DHARMASRAYA, SUMATERA BARAT",1,161,66,227
https://kawalpemilu.org#84431,"KURNIA SELATAN, SUNGAI RUMBAI, DHARMASRAYA, SUMATERA BARAT",2,190,66,256
https://kawalpemilu.org#84431,"KURNIA SELATAN, SUNGAI RUMBAI, DHARMASRAYA, SUMATERA BARAT",3,153,100,253
https://kawalpemilu.org#84431,"KURNIA SELATAN, SUNGAI RUMBAI, DHARMASRAYA, SUMATERA BARAT",4,173,83,256
https://kawalpemilu.org#84431,"KURNIA SELATAN, SUNGAI RUMBAI, DHARMASRAYA, SUMATERA BARAT",5,172,74,246
https://kawalpemilu.org#84431,"KURNIA SELATAN, SUNGAI RUMBAI, DHARMASRAYA, SUMATERA BARAT",6,147,70,217
https://kawalpemilu.org#84431,"KURNIA SELATAN, SUNGAI RUMBAI, DHARMASRAYA, SUMATERA BARAT",7,127,53,180
https://kawalpemilu.org#84431,"KURNIA SELATAN, SUNGAI RUMBAI, DHARMASRAYA, SUMATERA BARAT",8,198,63,261
https://kawalpemilu.org#84431,"KURNIA SELATAN, SUNGAI RUMBAI, DHARMASRAYA, SUMATERA BARAT",9,164,110,274
https://kawalpemilu.org#84431,"KURNIA SELATAN, SUNGAI RUMBAI, DHARMASRAYA, SUMATERA BARAT",10,105,62,167
https://kawalpemilu.org#84431,"KURNIA SELATAN, SUNGAI RUMBAI, DHARMASRAYA, SUMATERA BARAT",11,158,86,244
https://kawalpemilu.org#84431,"KURNIA SELATAN, SUNGAI RUMBAI, DHARMASRAYA, SUMATERA BARAT",12,117,61,178
https://kawalpemilu.org#84431,"KURNIA SELATAN, SUNGAI RUMBAI, DHARMASRAYA, SUMATERA BARAT",13,148,81,229
https://kawalpemilu.org#84431,"KURNIA SELATAN, SUNGAI RUMBAI, DHARMASRAYA, SUMATERA BARAT",14,146,70,216
https://kawalpemilu.org#84431,"KURNIA SELATAN, SUNGAI RUMBAI, DHARMASRAYA, SUMATERA BARAT",15,110,106,216
https://kawalpemilu.org#84431,"KURNIA SELATAN, SUNGAI RUMBAI, DHARMASRAYA, SUMATERA BARAT",16,87,66,153
https://kawalpemilu.org#84431,"KURNIA SELATAN, SUNGAI RUMBAI, DHARMASRAYA, SUMATERA BARAT",17,131,47,178
https://kawalpemilu.org#84431,"KURNIA SELATAN, SUNGAI RUMBAI, DHARMASRAYA, SUMATERA BARAT",18,148,91,239
https://kawalpemilu.org#84431,"KURNIA SELATAN, SUNGAI RUMBAI, DHARMASRAYA, SUMATERA BARAT",19,196,55,251
https://kawalpemilu.org#84431,"KURNIA SELATAN, SUNGAI RUMBAI, DHARMASRAYA, SUMATERA BARAT",20,80,57,137
https://kawalpemilu.org#84431,"KURNIA SELATAN, SUNGAI RUMBAI, DHARMASRAYA, SUMATERA BARAT",21,116,58,174
https://kawalpemilu.org#84431,"KURNIA SELATAN, SUNGAI RUMBAI, DHARMASRAYA, SUMATERA BARAT",22,85,54,139
https://kawalpemilu.org#84431,"KURNIA SELATAN, SUNGAI RUMBAI, DHARMASRAYA, SUMATERA BARAT",23,91,16,107
https://kawalpemilu.org#13631,"SITIUNG, SITIUNG, DHARMASRAYA, SUMATERA BARAT",1,91,93,184
https://kawalpemilu.org#13631,"SITIUNG, SITIUNG, DHARMASRAYA, SUMATERA BARAT",2,140,83,223
https://kawalpemilu.org#13631,"SITIUNG, SITIUNG, DHARMASRAYA, SUMATERA BARAT",3,90,116,206
https://kawalpemilu.org#13631,"SITIUNG, SITIUNG, DHARMASRAYA, SUMATERA BARAT",4,119,91,210
https://kawalpemilu.org#13631,"SITIUNG, SITIUNG, DHARMASRAYA, SUMATERA BARAT",5,151,39,191
https://kawalpemilu.org#13631,"SITIUNG, SITIUNG, DHARMASRAYA, SUMATERA BARAT",6,154,57,211
https://kawalpemilu.org#13631,"SITIUNG, SITIUNG, DHARMASRAYA, SUMATERA BARAT",7,162,72,232
https://kawalpemilu.org#13631,"SITIUNG, SITIUNG, DHARMASRAYA, SUMATERA BARAT",8,36,195,231
https://kawalpemilu.org#13631,"SITIUNG, SITIUNG, DHARMASRAYA, SUMATERA BARAT",9,22,207,229
https://kawalpemilu.org#13631,"SITIUNG, SITIUNG, DHARMASRAYA, SUMATERA BARAT",10,18,163,181
https://kawalpemilu.org#13631,"SITIUNG, SITIUNG, DHARMASRAYA, SUMATERA BARAT",11,30,140,170
https://kawalpemilu.org#13631,"SITIUNG, SITIUNG, DHARMASRAYA, SUMATERA BARAT",12,49,144,193
https://kawalpemilu.org#13631,"SITIUNG, SITIUNG, DHARMASRAYA, SUMATERA BARAT",13,10,213,223
https://kawalpemilu.org#13631,"SITIUNG, SITIUNG, DHARMASRAYA, SUMATERA BARAT",14,29,114,143
https://kawalpemilu.org#13631,"SITIUNG, SITIUNG, DHARMASRAYA, SUMATERA BARAT",15,23,198,221
https://kawalpemilu.org#13631,"SITIUNG, SITIUNG, DHARMASRAYA, SUMATERA BARAT",16,131,135,266
https://kawalpemilu.org#13631,"SITIUNG, SITIUNG, DHARMASRAYA, SUMATERA BARAT",17,145,93,238
https://kawalpemilu.org#13631,"SITIUNG, SITIUNG, DHARMASRAYA, SUMATERA BARAT",18,118,32,150
https://kawalpemilu.org#13631,"SITIUNG, SITIUNG, DHARMASRAYA, SUMATERA BARAT",19,104,30,134
https://kawalpemilu.org#13631,"SITIUNG, SITIUNG, DHARMASRAYA, SUMATERA BARAT",20,52,184,236
https://kawalpemilu.org#13631,"SITIUNG, SITIUNG, DHARMASRAYA, SUMATERA BARAT",21,22,158,180
https://kawalpemilu.org#13631,"SITIUNG, SITIUNG, DHARMASRAYA, SUMATERA BARAT",22,29,78,107
https://kawalpemilu.org#13631,"SITIUNG, SITIUNG, DHARMASRAYA, SUMATERA BARAT",23,74,77,151
https://kawalpemilu.org#13631,"SITIUNG, SITIUNG, DHARMASRAYA, SUMATERA BARAT",24,113,31,144
https://kawalpemilu.org#13632,"SIGUNTUR, SITIUNG, DHARMASRAYA, SUMATERA BARAT",1,55,138,193
https://kawalpemilu.org#13632,"SIGUNTUR, SITIUNG, DHARMASRAYA, SUMATERA BARAT",2,29,216,245
https://kawalpemilu.org#13632,"SIGUNTUR, SITIUNG, DHARMASRAYA, SUMATERA BARAT",3,19,173,192
https://kawalpemilu.org#13632,"SIGUNTUR, SITIUNG, DHARMASRAYA, SUMATERA BARAT",4,16,151,167
https://kawalpemilu.org#13632,"SIGUNTUR, SITIUNG, DHARMASRAYA, SUMATERA BARAT",5,13,96,109
https://kawalpemilu.org#13632,"SIGUNTUR, SITIUNG, DHARMASRAYA, SUMATERA BARAT",6,10,125,135
https://kawalpemilu.org#13632,"SIGUNTUR, SITIUNG, DHARMASRAYA, SUMATERA BARAT",7,19,163,182
https://kawalpemilu.org#13632,"SIGUNTUR, SITIUNG, DHARMASRAYA, SUMATERA BARAT",8,11,190,201
https://kawalpemilu.org#13632,"SIGUNTUR, SITIUNG, DHARMASRAYA, SUMATERA BARAT",9,16,155,171
https://kawalpemilu.org#13632,"SIGUNTUR, SITIUNG, DHARMASRAYA, SUMATERA BARAT",10,9,167,176
https://kawalpemilu.org#13632,"SIGUNTUR, SITIUNG, DHARMASRAYA, SUMATERA BARAT",11,54,125,179
https://kawalpemilu.org#13632,"SIGUNTUR, SITIUNG, DHARMASRAYA, SUMATERA BARAT",12,16,149,165
https://kawalpemilu.org#13632,"SIGUNTUR, SITIUNG, DHARMASRAYA, SUMATERA BARAT",13,14,157,171
https://kawalpemilu.org#13632,"SIGUNTUR, SITIUNG, DHARMASRAYA, SUMATERA BARAT",14,26,195,221
https://kawalpemilu.org#13632,"SIGUNTUR, SITIUNG, DHARMASRAYA, SUMATERA BARAT",15,10,180,190
https://kawalpemilu.org#13632,"SIGUNTUR, SITIUNG, DHARMASRAYA, SUMATERA BARAT",16,20,110,130
https://kawalpemilu.org#13632,"SIGUNTUR, SITIUNG, DHARMASRAYA, SUMATERA BARAT",17,24,176,200
https://kawalpemilu.org#13632,"SIGUNTUR, SITIUNG, DHARMASRAYA, SUMATERA BARAT",18,12,173,185
https://kawalpemilu.org#13632,"SIGUNTUR, SITIUNG, DHARMASRAYA, SUMATERA BARAT",19,5,157,162
https://kawalpemilu.org#84432,"GUNUNG MEDAN, SITIUNG, DHARMASRAYA, SUMATERA BARAT",1,29,144,173
https://kawalpemilu.org#84432,"GUNUNG MEDAN, SITIUNG, DHARMASRAYA, SUMATERA BARAT",2,31,122,153
https://kawalpemilu.org#84432,"GUNUNG MEDAN, SITIUNG, DHARMASRAYA, SUMATERA BARAT",3,38,141,179
https://kawalpemilu.org#84432,"GUNUNG MEDAN, SITIUNG, DHARMASRAYA, SUMATERA BARAT",4,19,231,250
https://kawalpemilu.org#84432,"GUNUNG MEDAN, SITIUNG, DHARMASRAYA, SUMATERA BARAT",5,26,246,272
https://kawalpemilu.org#84432,"GUNUNG MEDAN, SITIUNG, DHARMASRAYA, SUMATERA BARAT",6,25,221,246
https://kawalpemilu.org#84432,"GUNUNG MEDAN, SITIUNG, DHARMASRAYA, SUMATERA BARAT",7,41,195,236
https://kawalpemilu.org#84432,"GUNUNG MEDAN, SITIUNG, DHARMASRAYA, SUMATERA BARAT",8,13,160,173
https://kawalpemilu.org#84432,"GUNUNG MEDAN, SITIUNG, DHARMASRAYA, SUMATERA BARAT",9,11,223,234
https://kawalpemilu.org#84432,"GUNUNG MEDAN, SITIUNG, DHARMASRAYA, SUMATERA BARAT",10,19,198,217
https://kawalpemilu.org#84432,"GUNUNG MEDAN, SITIUNG, DHARMASRAYA, SUMATERA BARAT",11,36,182,218
https://kawalpemilu.org#84432,"GUNUNG MEDAN, SITIUNG, DHARMASRAYA, SUMATERA BARAT",12,31,143,174
https://kawalpemilu.org#84432,"GUNUNG MEDAN, SITIUNG, DHARMASRAYA, SUMATERA BARAT",13,126,98,224
https://kawalpemilu.org#84432,"GUNUNG MEDAN, SITIUNG, DHARMASRAYA, SUMATERA BARAT",14,86,67,153
https://kawalpemilu.org#84432,"GUNUNG MEDAN, SITIUNG, DHARMASRAYA, SUMATERA BARAT",15,107,83,190
https://kawalpemilu.org#84432,"GUNUNG MEDAN, SITIUNG, DHARMASRAYA, SUMATERA BARAT",16,15,134,149
https://kawalpemilu.org#84432,"GUNUNG MEDAN, SITIUNG, DHARMASRAYA, SUMATERA BARAT",17,37,201,238
https://kawalpemilu.org#84432,"GUNUNG MEDAN, SITIUNG, DHARMASRAYA, SUMATERA BARAT",18,62,147,209
https://kawalpemilu.org#84432,"GUNUNG MEDAN, SITIUNG, DHARMASRAYA, SUMATERA BARAT",19,15,52,67
https://kawalpemilu.org#84433,"SUNGAI DUO, SITIUNG, DHARMASRAYA, SUMATERA BARAT",1,13,127,140
https://kawalpemilu.org#84433,"SUNGAI DUO, SITIUNG, DHARMASRAYA, SUMATERA BARAT",2,74,133,207
https://kawalpemilu.org#84433,"SUNGAI DUO, SITIUNG, DHARMASRAYA, SUMATERA BARAT",3,105,55,160
https://kawalpemilu.org#84433,"SUNGAI DUO, SITIUNG, DHARMASRAYA, SUMATERA BARAT",4,158,70,228
https://kawalpemilu.org#84433,"SUNGAI DUO, SITIUNG, DHARMASRAYA, SUMATERA BARAT",5,111,64,175
https://kawalpemilu.org#84433,"SUNGAI DUO, SITIUNG, DHARMASRAYA, SUMATERA BARAT",6,133,77,210
https://kawalpemilu.org#84433,"SUNGAI DUO, SITIUNG, DHARMASRAYA, SUMATERA BARAT",7,69,94,163
https://kawalpemilu.org#84433,"SUNGAI DUO, SITIUNG, DHARMASRAYA, SUMATERA BARAT",8,69,74,143
https://kawalpemilu.org#84433,"SUNGAI DUO, SITIUNG, DHARMASRAYA, SUMATERA BARAT",9,115,102,217
https://kawalpemilu.org#84433,"SUNGAI DUO, SITIUNG, DHARMASRAYA, SUMATERA BARAT",10,89,168,257
https://kawalpemilu.org#84433,"SUNGAI DUO, SITIUNG, DHARMASRAYA, SUMATERA BARAT",11,76,91,167
https://kawalpemilu.org#84433,"SUNGAI DUO, SITIUNG, DHARMASRAYA, SUMATERA BARAT",12,43,232,275
https://kawalpemilu.org#84433,"SUNGAI DUO, SITIUNG, DHARMASRAYA, SUMATERA BARAT",13,103,89,192
https://kawalpemilu.org#84433,"SUNGAI DUO, SITIUNG, DHARMASRAYA, SUMATERA BARAT",14,113,171,284
https://kawalpemilu.org#84433,"SUNGAI DUO, SITIUNG, DHARMASRAYA, SUMATERA BARAT",15,106,43,149
https://kawalpemilu.org#84433,"SUNGAI DUO, SITIUNG, DHARMASRAYA, SUMATERA BARAT",16,30,205,235
https://kawalpemilu.org#84433,"SUNGAI DUO, SITIUNG, DHARMASRAYA, SUMATERA BARAT",17,35,207,242
https://kawalpemilu.org#84433,"SUNGAI DUO, SITIUNG, DHARMASRAYA, SUMATERA BARAT",18,188,71,259
https://kawalpemilu.org#84433,"SUNGAI DUO, SITIUNG, DHARMASRAYA, SUMATERA BARAT",19,116,117,233
https://kawalpemilu.org#84433,"SUNGAI DUO, SITIUNG, DHARMASRAYA, SUMATERA BARAT",20,24,125,149
https://kawalpemilu.org#84433,"SUNGAI DUO, SITIUNG, DHARMASRAYA, SUMATERA BARAT",21,102,38,140
https://kawalpemilu.org#13620,"SILAGO, SEMBILAN KOTO, DHARMASRAYA, SUMATERA BARAT",1,27,173,200
https://kawalpemilu.org#13620,"SILAGO, SEMBILAN KOTO, DHARMASRAYA, SUMATERA BARAT",2,29,158,187
https://kawalpemilu.org#13620,"SILAGO, SEMBILAN KOTO, DHARMASRAYA, SUMATERA BARAT",3,40,90,130
https://kawalpemilu.org#13620,"SILAGO, SEMBILAN KOTO, DHARMASRAYA, SUMATERA BARAT",4,37,194,231
https://kawalpemilu.org#13620,"SILAGO, SEMBILAN KOTO, DHARMASRAYA, SUMATERA BARAT",5,18,94,112
https://kawalpemilu.org#13620,"SILAGO, SEMBILAN KOTO, DHARMASRAYA, SUMATERA BARAT",6,27,100,127
https://kawalpemilu.org#13620,"SILAGO, SEMBILAN KOTO, DHARMASRAYA, SUMATERA BARAT",7,16,114,130
https://kawalpemilu.org#84434,"LUBUAK KARAK, SEMBILAN KOTO, DHARMASRAYA, SUMATERA BARAT",1,34,193,227
https://kawalpemilu.org#84434,"LUBUAK KARAK, SEMBILAN KOTO, DHARMASRAYA, SUMATERA BARAT",2,47,150,197
https://kawalpemilu.org#84434,"LUBUAK KARAK, SEMBILAN KOTO, DHARMASRAYA, SUMATERA BARAT",3,52,198,250
https://kawalpemilu.org#84435,"KOTO NAN EMPAT DIBAWUH, SEMBILAN KOTO, DHARMASRAYA, SUMATERA BARAT",1,83,165,248
https://kawalpemilu.org#84435,"KOTO NAN EMPAT DIBAWUH, SEMBILAN KOTO, DHARMASRAYA, SUMATERA BARAT",2,98,150,248
https://kawalpemilu.org#84435,"KOTO NAN EMPAT DIBAWUH, SEMBILAN KOTO, DHARMASRAYA, SUMATERA BARAT",3,79,178,257
https://kawalpemilu.org#84435,"KOTO NAN EMPAT DIBAWUH, SEMBILAN KOTO, DHARMASRAYA, SUMATERA BARAT",4,75,171,246
https://kawalpemilu.org#84435,"KOTO NAN EMPAT DIBAWUH, SEMBILAN KOTO, DHARMASRAYA, SUMATERA BARAT",5,99,118,217
https://kawalpemilu.org#84435,"KOTO NAN EMPAT DIBAWUH, SEMBILAN KOTO, DHARMASRAYA, SUMATERA BARAT",6,24,130,154
https://kawalpemilu.org#84435,"KOTO NAN EMPAT DIBAWUH, SEMBILAN KOTO, DHARMASRAYA, SUMATERA BARAT",7,19,129,148
https://kawalpemilu.org#87528,"BANAI, SEMBILAN KOTO, DHARMASRAYA, SUMATERA BARAT",1,41,197,238
https://kawalpemilu.org#87528,"BANAI, SEMBILAN KOTO, DHARMASRAYA, SUMATERA BARAT",2,27,203,230
https://kawalpemilu.org#87528,"BANAI, SEMBILAN KOTO, DHARMASRAYA, SUMATERA BARAT",3,14,220,234
https://kawalpemilu.org#87528,"BANAI, SEMBILAN KOTO, DHARMASRAYA, SUMATERA BARAT",4,61,147,208
https://kawalpemilu.org#87528,"BANAI, SEMBILAN KOTO, DHARMASRAYA, SUMATERA BARAT",5,36,190,226
https://kawalpemilu.org#87528,"BANAI, SEMBILAN KOTO, DHARMASRAYA, SUMATERA BARAT",6,36,225,261
https://kawalpemilu.org#87528,"BANAI, SEMBILAN KOTO, DHARMASRAYA, SUMATERA BARAT",7,95,32,127
https://kawalpemilu.org#87528,"BANAI, SEMBILAN KOTO, DHARMASRAYA, SUMATERA BARAT",8,42,138,180
https://kawalpemilu.org#87528,"BANAI, SEMBILAN KOTO, DHARMASRAYA, SUMATERA BARAT",9,8,116,124
https://kawalpemilu.org#87528,"BANAI, SEMBILAN KOTO, DHARMASRAYA, SUMATERA BARAT",10,0,12,12
https://kawalpemilu.org#13633,"TIMPEH, TIMPEH, DHARMASRAYA, SUMATERA BARAT",1,80,173,253
https://kawalpemilu.org#13633,"TIMPEH, TIMPEH, DHARMASRAYA, SUMATERA BARAT",2,43,150,193
https://kawalpemilu.org#13633,"TIMPEH, TIMPEH, DHARMASRAYA, SUMATERA BARAT",3,64,77,141
https://kawalpemilu.org#84436,"TARATAK TINGGI, TIMPEH, DHARMASRAYA, SUMATERA BARAT",1,104,119,223
https://kawalpemilu.org#84436,"TARATAK TINGGI, TIMPEH, DHARMASRAYA, SUMATERA BARAT",2,71,92,163
https://kawalpemilu.org#84436,"TARATAK TINGGI, TIMPEH, DHARMASRAYA, SUMATERA BARAT",3,72,100,172
https://kawalpemilu.org#84436,"TARATAK TINGGI, TIMPEH, DHARMASRAYA, SUMATERA BARAT",4,32,109,141
https://kawalpemilu.org#84436,"TARATAK TINGGI, TIMPEH, DHARMASRAYA, SUMATERA BARAT",5,78,113,191
https://kawalpemilu.org#84436,"TARATAK TINGGI, TIMPEH, DHARMASRAYA, SUMATERA BARAT",6,144,83,227
https://kawalpemilu.org#84436,"TARATAK TINGGI, TIMPEH, DHARMASRAYA, SUMATERA BARAT",7,136,86,222
https://kawalpemilu.org#84436,"TARATAK TINGGI, TIMPEH, DHARMASRAYA, SUMATERA BARAT",8,92,65,157
https://kawalpemilu.org#84436,"TARATAK TINGGI, TIMPEH, DHARMASRAYA, SUMATERA BARAT",9,75,133,208
https://kawalpemilu.org#84436,"TARATAK TINGGI, TIMPEH, DHARMASRAYA, SUMATERA BARAT",10,20,230,250
https://kawalpemilu.org#84436,"TARATAK TINGGI, TIMPEH, DHARMASRAYA, SUMATERA BARAT",11,23,167,190
https://kawalpemilu.org#84436,"TARATAK TINGGI, TIMPEH, DHARMASRAYA, SUMATERA BARAT",12,98,111,209
https://kawalpemilu.org#84436,"TARATAK TINGGI, TIMPEH, DHARMASRAYA, SUMATERA BARAT",13,63,94,157
https://kawalpemilu.org#84436,"TARATAK TINGGI, TIMPEH, DHARMASRAYA, SUMATERA BARAT",14,50,76,126
https://kawalpemilu.org#84436,"TARATAK TINGGI, TIMPEH, DHARMASRAYA, SUMATERA BARAT",15,27,126,153
https://kawalpemilu.org#84436,"TARATAK TINGGI, TIMPEH, DHARMASRAYA, SUMATERA BARAT",16,96,135,231
https://kawalpemilu.org#84436,"TARATAK TINGGI, TIMPEH, DHARMASRAYA, SUMATERA BARAT",17,93,48,141
https://kawalpemilu.org#84437,"PANYUBARANGAN, TIMPEH, DHARMASRAYA, SUMATERA BARAT",1,76,113,189
https://kawalpemilu.org#84437,"PANYUBARANGAN, TIMPEH, DHARMASRAYA, SUMATERA BARAT",2,16,18,34
https://kawalpemilu.org#84437,"PANYUBARANGAN, TIMPEH, DHARMASRAYA, SUMATERA BARAT",3,95,44,139
https://kawalpemilu.org#84437,"PANYUBARANGAN, TIMPEH, DHARMASRAYA, SUMATERA BARAT",4,94,98,192
https://kawalpemilu.org#84437,"PANYUBARANGAN, TIMPEH, DHARMASRAYA, SUMATERA BARAT",5,159,90,249
https://kawalpemilu.org#84437,"PANYUBARANGAN, TIMPEH, DHARMASRAYA, SUMATERA BARAT",6,109,81,190
https://kawalpemilu.org#84437,"PANYUBARANGAN, TIMPEH, DHARMASRAYA, SUMATERA BARAT",7,126,41,167
https://kawalpemilu.org#84437,"PANYUBARANGAN, TIMPEH, DHARMASRAYA, SUMATERA BARAT",8,106,134,240
https://kawalpemilu.org#84437,"PANYUBARANGAN, TIMPEH, DHARMASRAYA, SUMATERA BARAT",9,110,111,221
https://kawalpemilu.org#84437,"PANYUBARANGAN, TIMPEH, DHARMASRAYA, SUMATERA BARAT",10,101,109,210
https://kawalpemilu.org#84438,"RANAH PALABI, TIMPEH, DHARMASRAYA, SUMATERA BARAT",1,80,143,223
https://kawalpemilu.org#84438,"RANAH PALABI, TIMPEH, DHARMASRAYA, SUMATERA BARAT",2,108,143,251
https://kawalpemilu.org#84438,"RANAH PALABI, TIMPEH, DHARMASRAYA, SUMATERA BARAT",3,100,60,160
https://kawalpemilu.org#84438,"RANAH PALABI, TIMPEH, DHARMASRAYA, SUMATERA BARAT",4,97,39,136
https://kawalpemilu.org#84438,"RANAH PALABI, TIMPEH, DHARMASRAYA, SUMATERA BARAT",5,137,36,173
https://kawalpemilu.org#84438,"RANAH PALABI, TIMPEH, DHARMASRAYA, SUMATERA BARAT",6,64,59,123
https://kawalpemilu.org#84438,"RANAH PALABI, TIMPEH, DHARMASRAYA, SUMATERA BARAT",7,120,42,162
https://kawalpemilu.org#87529,"TABEK, TIMPEH, DHARMASRAYA, SUMATERA BARAT",1,129,54,183
https://kawalpemilu.org#87529,"TABEK, TIMPEH, DHARMASRAYA, SUMATERA BARAT",2,85,59,144
https://kawalpemilu.org#87529,"TABEK, TIMPEH, DHARMASRAYA, SUMATERA BARAT",3,102,131,233
https://kawalpemilu.org#87529,"TABEK, TIMPEH, DHARMASRAYA, SUMATERA BARAT",4,39,111,150
https://kawalpemilu.org#87529,"TABEK, TIMPEH, DHARMASRAYA, SUMATERA BARAT",5,81,162,243
https://kawalpemilu.org#87529,"TABEK, TIMPEH, DHARMASRAYA, SUMATERA BARAT",6,178,85,263
https://kawalpemilu.org#87529,"TABEK, TIMPEH, DHARMASRAYA, SUMATERA BARAT",7,86,113,199
https://kawalpemilu.org#87529,"TABEK, TIMPEH, DHARMASRAYA, SUMATERA BARAT",8,87,77,164
https://kawalpemilu.org#87529,"TABEK, TIMPEH, DHARMASRAYA, SUMATERA BARAT",9,74,77,151
https://kawalpemilu.org#87529,"TABEK, TIMPEH, DHARMASRAYA, SUMATERA BARAT",10,78,85,163
https://kawalpemilu.org#87529,"TABEK, TIMPEH, DHARMASRAYA, SUMATERA BARAT",11,168,25,193
https://kawalpemilu.org#87529,"TABEK, TIMPEH, DHARMASRAYA, SUMATERA BARAT",12,159,67,226
https://kawalpemilu.org#87529,"TABEK, TIMPEH, DHARMASRAYA, SUMATERA BARAT",13,131,63,194
https://kawalpemilu.org#13610,"KOTO SALAK, KOTO SALAK, DHARMASRAYA, SUMATERA BARAT",2,12,121,133
https://kawalpemilu.org#13610,"KOTO SALAK, KOTO SALAK, DHARMASRAYA, SUMATERA BARAT",3,31,168,199
https://kawalpemilu.org#13610,"KOTO SALAK, KOTO SALAK, DHARMASRAYA, SUMATERA BARAT",4,15,191,206
https://kawalpemilu.org#13610,"KOTO SALAK, KOTO SALAK, DHARMASRAYA, SUMATERA BARAT",5,13,219,232
https://kawalpemilu.org#13610,"KOTO SALAK, KOTO SALAK, DHARMASRAYA, SUMATERA BARAT",6,24,141,165
https://kawalpemilu.org#13610,"KOTO SALAK, KOTO SALAK, DHARMASRAYA, SUMATERA BARAT",7,158,81,239
https://kawalpemilu.org#13610,"KOTO SALAK, KOTO SALAK, DHARMASRAYA, SUMATERA BARAT",8,143,53,196
https://kawalpemilu.org#13610,"KOTO SALAK, KOTO SALAK, DHARMASRAYA, SUMATERA BARAT",9,158,76,234
https://kawalpemilu.org#13610,"KOTO SALAK, KOTO SALAK, DHARMASRAYA, SUMATERA BARAT",10,136,99,235
https://kawalpemilu.org#13610,"KOTO SALAK, KOTO SALAK, DHARMASRAYA, SUMATERA BARAT",11,14,141,155
https://kawalpemilu.org#13610,"KOTO SALAK, KOTO SALAK, DHARMASRAYA, SUMATERA BARAT",12,13,122,135
https://kawalpemilu.org#84439,"PADUKUAN, KOTO SALAK, DHARMASRAYA, SUMATERA BARAT",1,20,203,223
https://kawalpemilu.org#84439,"PADUKUAN, KOTO SALAK, DHARMASRAYA, SUMATERA BARAT",2,22,156,178
https://kawalpemilu.org#84439,"PADUKUAN, KOTO SALAK, DHARMASRAYA, SUMATERA BARAT",3,32,185,217
https://kawalpemilu.org#84439,"PADUKUAN, KOTO SALAK, DHARMASRAYA, SUMATERA BARAT",4,17,241,258
https://kawalpemilu.org#84439,"PADUKUAN, KOTO SALAK, DHARMASRAYA, SUMATERA BARAT",5,72,101,173
https://kawalpemilu.org#84439,"PADUKUAN, KOTO SALAK, DHARMASRAYA, SUMATERA BARAT",6,58,156,214
https://kawalpemilu.org#84439,"PADUKUAN, KOTO SALAK, DHARMASRAYA, SUMATERA BARAT",7,80,173,253
https://kawalpemilu.org#84439,"PADUKUAN, KOTO SALAK, DHARMASRAYA, SUMATERA BARAT",8,77,178,255
https://kawalpemilu.org#84439,"PADUKUAN, KOTO SALAK, DHARMASRAYA, SUMATERA BARAT",9,63,123,186
https://kawalpemilu.org#84439,"PADUKUAN, KOTO SALAK, DHARMASRAYA, SUMATERA BARAT",10,79,115,194
https://kawalpemilu.org#84439,"PADUKUAN, KOTO SALAK, DHARMASRAYA, SUMATERA BARAT",11,83,118,201
https://kawalpemilu.org#84440,"PULAU MAINAN, KOTO SALAK, DHARMASRAYA, SUMATERA BARAT",1,16,149,165
https://kawalpemilu.org#84440,"PULAU MAINAN, KOTO SALAK, DHARMASRAYA, SUMATERA BARAT",2,23,218,241
https://kawalpemilu.org#84440,"PULAU MAINAN, KOTO SALAK, DHARMASRAYA, SUMATERA BARAT",3,91,169,260
https://kawalpemilu.org#84440,"PULAU MAINAN, KOTO SALAK, DHARMASRAYA, SUMATERA BARAT",4,148,118,266
https://kawalpemilu.org#84440,"PULAU MAINAN, KOTO SALAK, DHARMASRAYA, SUMATERA BARAT",5,176,90,266
https://kawalpemilu.org#84440,"PULAU MAINAN, KOTO SALAK, DHARMASRAYA, SUMATERA BARAT",6,113,42,155
https://kawalpemilu.org#84440,"PULAU MAINAN, KOTO SALAK, DHARMASRAYA, SUMATERA BARAT",7,89,41,130
https://kawalpemilu.org#84440,"PULAU MAINAN, KOTO SALAK, DHARMASRAYA, SUMATERA BARAT",8,122,38,160
https://kawalpemilu.org#84440,"PULAU MAINAN, KOTO SALAK, DHARMASRAYA, SUMATERA BARAT",9,73,122,195
https://kawalpemilu.org#84440,"PULAU MAINAN, KOTO SALAK, DHARMASRAYA, SUMATERA BARAT",10,164,77,241
https://kawalpemilu.org#84440,"PULAU MAINAN, KOTO SALAK, DHARMASRAYA, SUMATERA BARAT",11,110,53,163
https://kawalpemilu.org#84440,"PULAU MAINAN, KOTO SALAK, DHARMASRAYA, SUMATERA BARAT",12,90,64,154
https://kawalpemilu.org#84440,"PULAU MAINAN, KOTO SALAK, DHARMASRAYA, SUMATERA BARAT",13,94,68,162
https://kawalpemilu.org#84441,"SIMALIDU, KOTO SALAK, DHARMASRAYA, SUMATERA BARAT",1,152,97,249
https://kawalpemilu.org#84441,"SIMALIDU, KOTO SALAK, DHARMASRAYA, SUMATERA BARAT",2,125,119,244
https://kawalpemilu.org#84441,"SIMALIDU, KOTO SALAK, DHARMASRAYA, SUMATERA BARAT",3,79,88,167
https://kawalpemilu.org#84441,"SIMALIDU, KOTO SALAK, DHARMASRAYA, SUMATERA BARAT",4,129,40,169
https://kawalpemilu.org#84441,"SIMALIDU, KOTO SALAK, DHARMASRAYA, SUMATERA BARAT",5,156,107,263
https://kawalpemilu.org#84441,"SIMALIDU, KOTO SALAK, DHARMASRAYA, SUMATERA BARAT",6,59,76,135
https://kawalpemilu.org#84441,"SIMALIDU, KOTO SALAK, DHARMASRAYA, SUMATERA BARAT",7,11,152,163
https://kawalpemilu.org#84441,"SIMALIDU, KOTO SALAK, DHARMASRAYA, SUMATERA BARAT",8,19,101,120
https://kawalpemilu.org#84441,"SIMALIDU, KOTO SALAK, DHARMASRAYA, SUMATERA BARAT",9,23,209,232
https://kawalpemilu.org#84441,"SIMALIDU, KOTO SALAK, DHARMASRAYA, SUMATERA BARAT",10,12,150,162
https://kawalpemilu.org#87530,"AMPALU, KOTO SALAK, DHARMASRAYA, SUMATERA BARAT",1,23,93,116
https://kawalpemilu.org#87530,"AMPALU, KOTO SALAK, DHARMASRAYA, SUMATERA BARAT",2,28,77,105
https://kawalpemilu.org#87530,"AMPALU, KOTO SALAK, DHARMASRAYA, SUMATERA BARAT",3,63,161,224
https://kawalpemilu.org#87530,"AMPALU, KOTO SALAK, DHARMASRAYA, SUMATERA BARAT",4,52,166,218
https://kawalpemilu.org#87530,"AMPALU, KOTO SALAK, DHARMASRAYA, SUMATERA BARAT",5,32,166,198
https://kawalpemilu.org#87530,"AMPALU, KOTO SALAK, DHARMASRAYA, SUMATERA BARAT",6,81,146,227
https://kawalpemilu.org#87530,"AMPALU, KOTO SALAK, DHARMASRAYA, SUMATERA BARAT",7,70,101,171
https://kawalpemilu.org#87530,"AMPALU, KOTO SALAK, DHARMASRAYA, SUMATERA BARAT",8,44,142,186
https://kawalpemilu.org#87530,"AMPALU, KOTO SALAK, DHARMASRAYA, SUMATERA BARAT",9,32,83,115
https://kawalpemilu.org#87530,"AMPALU, KOTO SALAK, DHARMASRAYA, SUMATERA BARAT",10,41,115,156
https://kawalpemilu.org#13613,"TIUMANG, TIUMANG, DHARMASRAYA, SUMATERA BARAT",1,11,155,166
https://kawalpemilu.org#13613,"TIUMANG, TIUMANG, DHARMASRAYA, SUMATERA BARAT",2,97,123,220
https://kawalpemilu.org#13613,"TIUMANG, TIUMANG, DHARMASRAYA, SUMATERA BARAT",3,54,113,167
https://kawalpemilu.org#13613,"TIUMANG, TIUMANG, DHARMASRAYA, SUMATERA BARAT",4,152,96,248
https://kawalpemilu.org#13613,"TIUMANG, TIUMANG, DHARMASRAYA, SUMATERA BARAT",5,53,125,178
https://kawalpemilu.org#13613,"TIUMANG, TIUMANG, DHARMASRAYA, SUMATERA BARAT",6,106,73,179
https://kawalpemilu.org#13613,"TIUMANG, TIUMANG, DHARMASRAYA, SUMATERA BARAT",7,170,99,269
https://kawalpemilu.org#13613,"TIUMANG, TIUMANG, DHARMASRAYA, SUMATERA BARAT",8,142,84,226
https://kawalpemilu.org#13613,"TIUMANG, TIUMANG, DHARMASRAYA, SUMATERA BARAT",9,96,58,154
https://kawalpemilu.org#13613,"TIUMANG, TIUMANG, DHARMASRAYA, SUMATERA BARAT",10,178,58,236
https://kawalpemilu.org#13613,"TIUMANG, TIUMANG, DHARMASRAYA, SUMATERA BARAT",11,90,51,141
https://kawalpemilu.org#13613,"TIUMANG, TIUMANG, DHARMASRAYA, SUMATERA BARAT",12,17,143,160
https://kawalpemilu.org#13613,"TIUMANG, TIUMANG, DHARMASRAYA, SUMATERA BARAT",13,86,97,183
https://kawalpemilu.org#13613,"TIUMANG, TIUMANG, DHARMASRAYA, SUMATERA BARAT",14,126,52,178
https://kawalpemilu.org#13613,"TIUMANG, TIUMANG, DHARMASRAYA, SUMATERA BARAT",15,90,39,129
https://kawalpemilu.org#84442,"SUNGAI LANGKOK, TIUMANG, DHARMASRAYA, SUMATERA BARAT",1,40,230,270
https://kawalpemilu.org#84442,"SUNGAI LANGKOK, TIUMANG, DHARMASRAYA, SUMATERA BARAT",2,153,106,259
https://kawalpemilu.org#84442,"SUNGAI LANGKOK, TIUMANG, DHARMASRAYA, SUMATERA BARAT",3,125,115,240
https://kawalpemilu.org#84442,"SUNGAI LANGKOK, TIUMANG, DHARMASRAYA, SUMATERA BARAT",4,128,95,223
https://kawalpemilu.org#84442,"SUNGAI LANGKOK, TIUMANG, DHARMASRAYA, SUMATERA BARAT",5,134,99,233
https://kawalpemilu.org#84442,"SUNGAI LANGKOK, TIUMANG, DHARMASRAYA, SUMATERA BARAT",6,96,150,246
https://kawalpemilu.org#84442,"SUNGAI LANGKOK, TIUMANG, DHARMASRAYA, SUMATERA BARAT",7,101,63,164
https://kawalpemilu.org#84442,"SUNGAI LANGKOK, TIUMANG, DHARMASRAYA, SUMATERA BARAT",8,178,30,208
https://kawalpemilu.org#84442,"SUNGAI LANGKOK, TIUMANG, DHARMASRAYA, SUMATERA BARAT",9,133,85,218
https://kawalpemilu.org#84443,"SIPANGKUR, TIUMANG, DHARMASRAYA, SUMATERA BARAT",1,36,134,170
https://kawalpemilu.org#84443,"SIPANGKUR, TIUMANG, DHARMASRAYA, SUMATERA BARAT",2,32,135,167
https://kawalpemilu.org#84443,"SIPANGKUR, TIUMANG, DHARMASRAYA, SUMATERA BARAT",3,89,83,172
https://kawalpemilu.org#84443,"SIPANGKUR, TIUMANG, DHARMASRAYA, SUMATERA BARAT",4,74,66,140
https://kawalpemilu.org#84443,"SIPANGKUR, TIUMANG, DHARMASRAYA, SUMATERA BARAT",5,127,99,226
https://kawalpemilu.org#84443,"SIPANGKUR, TIUMANG, DHARMASRAYA, SUMATERA BARAT",6,87,80,167
https://kawalpemilu.org#84443,"SIPANGKUR, TIUMANG, DHARMASRAYA, SUMATERA BARAT",7,185,49,234
https://kawalpemilu.org#84443,"SIPANGKUR, TIUMANG, DHARMASRAYA, SUMATERA BARAT",8,107,70,177
https://kawalpemilu.org#84443,"SIPANGKUR, TIUMANG, DHARMASRAYA, SUMATERA BARAT",9,101,68,169
https://kawalpemilu.org#84443,"SIPANGKUR, TIUMANG, DHARMASRAYA, SUMATERA BARAT",10,125,30,155
https://kawalpemilu.org#87531,"KOTO BERINGIN, TIUMANG, DHARMASRAYA, SUMATERA BARAT",1,32,212,244
https://kawalpemilu.org#87531,"KOTO BERINGIN, TIUMANG, DHARMASRAYA, SUMATERA BARAT",2,15,116,131
https://kawalpemilu.org#87531,"KOTO BERINGIN, TIUMANG, DHARMASRAYA, SUMATERA BARAT",3,18,201,219
https://kawalpemilu.org#87531,"KOTO BERINGIN, TIUMANG, DHARMASRAYA, SUMATERA BARAT",4,139,48,187
https://kawalpemilu.org#87531,"KOTO BERINGIN, TIUMANG, DHARMASRAYA, SUMATERA BARAT",5,110,59,169
https://kawalpemilu.org#87531,"KOTO BERINGIN, TIUMANG, DHARMASRAYA, SUMATERA BARAT",6,155,77,232
https://kawalpemilu.org#87531,"KOTO BERINGIN, TIUMANG, DHARMASRAYA, SUMATERA BARAT",7,84,44,128
https://kawalpemilu.org#13615,"PADANG LAWEH, PADANG LAWEH, DHARMASRAYA, SUMATERA BARAT",1,43,141,184
https://kawalpemilu.org#13615,"PADANG LAWEH, PADANG LAWEH, DHARMASRAYA, SUMATERA BARAT",2,76,168,244
https://kawalpemilu.org#13615,"PADANG LAWEH, PADANG LAWEH, DHARMASRAYA, SUMATERA BARAT",3,33,186,219
https://kawalpemilu.org#84444,"BATU RIJAL, PADANG LAWEH, DHARMASRAYA, SUMATERA BARAT",1,109,130,239
https://kawalpemilu.org#84444,"BATU RIJAL, PADANG LAWEH, DHARMASRAYA, SUMATERA BARAT",2,118,120,238
https://kawalpemilu.org#84444,"BATU RIJAL, PADANG LAWEH, DHARMASRAYA, SUMATERA BARAT",3,80,120,200
https://kawalpemilu.org#84444,"BATU RIJAL, PADANG LAWEH, DHARMASRAYA, SUMATERA BARAT",4,84,104,188
https://kawalpemilu.org#84444,"BATU RIJAL, PADANG LAWEH, DHARMASRAYA, SUMATERA BARAT",5,14,155,169
https://kawalpemilu.org#84444,"BATU RIJAL, PADANG LAWEH, DHARMASRAYA, SUMATERA BARAT",6,17,136,153
https://kawalpemilu.org#84445,"MUARO SOPAN, PADANG LAWEH, DHARMASRAYA, SUMATERA BARAT",1,38,190,228
https://kawalpemilu.org#84445,"MUARO SOPAN, PADANG LAWEH, DHARMASRAYA, SUMATERA BARAT",2,53,140,193
https://kawalpemilu.org#84445,"MUARO SOPAN, PADANG LAWEH, DHARMASRAYA, SUMATERA BARAT",3,157,67,224
https://kawalpemilu.org#84446,"SOPAN JAYA, PADANG LAWEH, DHARMASRAYA, SUMATERA BARAT",1,104,148,252
https://kawalpemilu.org#84446,"SOPAN JAYA, PADANG LAWEH, DHARMASRAYA, SUMATERA BARAT",2,126,68,194
https://kawalpemilu.org#84446,"SOPAN JAYA, PADANG LAWEH, DHARMASRAYA, SUMATERA BARAT",3,138,83,221
https://kawalpemilu.org#84446,"SOPAN JAYA, PADANG LAWEH, DHARMASRAYA, SUMATERA BARAT",4,43,85,128
https://kawalpemilu.org#84446,"SOPAN JAYA, PADANG LAWEH, DHARMASRAYA, SUMATERA BARAT",5,154,63,217
https://kawalpemilu.org#13625,"SUNGAI LIMAU, ASAM JUJUHAN, DHARMASRAYA, SUMATERA BARAT",1,57,120,177
https://kawalpemilu.org#13625,"SUNGAI LIMAU, ASAM JUJUHAN, DHARMASRAYA, SUMATERA BARAT",2,63,142,205
https://kawalpemilu.org#13625,"SUNGAI LIMAU, ASAM JUJUHAN, DHARMASRAYA, SUMATERA BARAT",3,69,94,163
https://kawalpemilu.org#13625,"SUNGAI LIMAU, ASAM JUJUHAN, DHARMASRAYA, SUMATERA BARAT",4,39,160,199
https://kawalpemilu.org#13625,"SUNGAI LIMAU, ASAM JUJUHAN, DHARMASRAYA, SUMATERA BARAT",5,42,52,94
https://kawalpemilu.org#13625,"SUNGAI LIMAU, ASAM JUJUHAN, DHARMASRAYA, SUMATERA BARAT",6,9,22,31
https://kawalpemilu.org#13625,"SUNGAI LIMAU, ASAM JUJUHAN, DHARMASRAYA, SUMATERA BARAT",7,44,135,179
https://kawalpemilu.org#84447,"ALAHAN NAN TIGO, ASAM JUJUHAN, DHARMASRAYA, SUMATERA BARAT",1,15,178,193
https://kawalpemilu.org#84447,"ALAHAN NAN TIGO, ASAM JUJUHAN, DHARMASRAYA, SUMATERA BARAT",2,29,153,182
https://kawalpemilu.org#84447,"ALAHAN NAN TIGO, ASAM JUJUHAN, DHARMASRAYA, SUMATERA BARAT",3,8,143,151
https://kawalpemilu.org#84447,"ALAHAN NAN TIGO, ASAM JUJUHAN, DHARMASRAYA, SUMATERA BARAT",4,26,212,238
https://kawalpemilu.org#84447,"ALAHAN NAN TIGO, ASAM JUJUHAN, DHARMASRAYA, SUMATERA BARAT",5,30,135,165
https://kawalpemilu.org#84447,"ALAHAN NAN TIGO, ASAM JUJUHAN, DHARMASRAYA, SUMATERA BARAT",6,30,119,149
https://kawalpemilu.org#84447,"ALAHAN NAN TIGO, ASAM JUJUHAN, DHARMASRAYA, SUMATERA BARAT",7,0,39,39
https://kawalpemilu.org#84447,"ALAHAN NAN TIGO, ASAM JUJUHAN, DHARMASRAYA, SUMATERA BARAT",8,1,128,129
https://kawalpemilu.org#84447,"ALAHAN NAN TIGO, ASAM JUJUHAN, DHARMASRAYA, SUMATERA BARAT",9,0,63,63
https://kawalpemilu.org#84447,"ALAHAN NAN TIGO, ASAM JUJUHAN, DHARMASRAYA, SUMATERA BARAT",10,0,25,25
https://kawalpemilu.org#84447,"ALAHAN NAN TIGO, ASAM JUJUHAN, DHARMASRAYA, SUMATERA BARAT",11,0,41,41
https://kawalpemilu.org#84447,"ALAHAN NAN TIGO, ASAM JUJUHAN, DHARMASRAYA, SUMATERA BARAT",12,8,69,77
https://kawalpemilu.org#84447,"ALAHAN NAN TIGO, ASAM JUJUHAN, DHARMASRAYA, SUMATERA BARAT",13,1,37,38
https://kawalpemilu.org#84448,"SINAMAR, ASAM JUJUHAN, DHARMASRAYA, SUMATERA BARAT",1,25,199,224
https://kawalpemilu.org#84448,"SINAMAR, ASAM JUJUHAN, DHARMASRAYA, SUMATERA BARAT",2,40,73,113
https://kawalpemilu.org#84448,"SINAMAR, ASAM JUJUHAN, DHARMASRAYA, SUMATERA BARAT",3,16,31,47
https://kawalpemilu.org#84448,"SINAMAR, ASAM JUJUHAN, DHARMASRAYA, SUMATERA BARAT",4,29,69,98
https://kawalpemilu.org#84448,"SINAMAR, ASAM JUJUHAN, DHARMASRAYA, SUMATERA BARAT",5,30,27,57
https://kawalpemilu.org#84448,"SINAMAR, ASAM JUJUHAN, DHARMASRAYA, SUMATERA BARAT",6,13,111,124
https://kawalpemilu.org#87532,"LUBUK BESAR, ASAM JUJUHAN, DHARMASRAYA, SUMATERA BARAT",1,92,115,207
https://kawalpemilu.org#87532,"LUBUK BESAR, ASAM JUJUHAN, DHARMASRAYA, SUMATERA BARAT",2,3,22,25
https://kawalpemilu.org#87532,"LUBUK BESAR, ASAM JUJUHAN, DHARMASRAYA, SUMATERA BARAT",3,6,83,89
https://kawalpemilu.org#87532,"LUBUK BESAR, ASAM JUJUHAN, DHARMASRAYA, SUMATERA BARAT",4,1,60,61
https://kawalpemilu.org#87532,"LUBUK BESAR, ASAM JUJUHAN, DHARMASRAYA, SUMATERA BARAT",5,5,119,124
https://kawalpemilu.org#87532,"LUBUK BESAR, ASAM JUJUHAN, DHARMASRAYA, SUMATERA BARAT",6,0,21,21
https://kawalpemilu.org#87532,"LUBUK BESAR, ASAM JUJUHAN, DHARMASRAYA, SUMATERA BARAT",7,18,41,59
https://kawalpemilu.org#87532,"LUBUK BESAR, ASAM JUJUHAN, DHARMASRAYA, SUMATERA BARAT",8,2,28,30
https://kawalpemilu.org#87533,"TANJUNG ALAM, ASAM JUJUHAN, DHARMASRAYA, SUMATERA BARAT",1,42,185,227
https://kawalpemilu.org#87533,"TANJUNG ALAM, ASAM JUJUHAN, DHARMASRAYA, SUMATERA BARAT",2,31,163,194
https://kawalpemilu.org#13624,"KOTO BESAR, KOTO BESAR, DHARMASRAYA, SUMATERA BARAT",1,42,126,168
https://kawalpemilu.org#13624,"KOTO BESAR, KOTO BESAR, DHARMASRAYA, SUMATERA BARAT",2,45,184,229
https://kawalpemilu.org#13624,"KOTO BESAR, KOTO BESAR, DHARMASRAYA, SUMATERA BARAT",3,44,141,185
https://kawalpemilu.org#13628,"KOTO TINGGI, KOTO BESAR, DHARMASRAYA, SUMATERA BARAT",1,58,128,186
https://kawalpemilu.org#13628,"KOTO TINGGI, KOTO BESAR, DHARMASRAYA, SUMATERA BARAT",2,80,165,245
https://kawalpemilu.org#13628,"KOTO TINGGI, KOTO BESAR, DHARMASRAYA, SUMATERA BARAT",3,43,165,208
https://kawalpemilu.org#13628,"KOTO TINGGI, KOTO BESAR, DHARMASRAYA, SUMATERA BARAT",4,42,111,153
https://kawalpemilu.org#13628,"KOTO TINGGI, KOTO BESAR, DHARMASRAYA, SUMATERA BARAT",5,83,130,213
https://kawalpemilu.org#13628,"KOTO TINGGI, KOTO BESAR, DHARMASRAYA, SUMATERA BARAT",6,48,175,223
https://kawalpemilu.org#13628,"KOTO TINGGI, KOTO BESAR, DHARMASRAYA, SUMATERA BARAT",7,31,100,131
https://kawalpemilu.org#13628,"KOTO TINGGI, KOTO BESAR, DHARMASRAYA, SUMATERA BARAT",8,52,127,179
https://kawalpemilu.org#13628,"KOTO TINGGI, KOTO BESAR, DHARMASRAYA, SUMATERA BARAT",9,44,91,135
https://kawalpemilu.org#13628,"KOTO TINGGI, KOTO BESAR, DHARMASRAYA, SUMATERA BARAT",10,39,124,163
https://kawalpemilu.org#13629,"KOTO GADANG, KOTO BESAR, DHARMASRAYA, SUMATERA BARAT",1,48,133,181
https://kawalpemilu.org#13629,"KOTO GADANG, KOTO BESAR, DHARMASRAYA, SUMATERA BARAT",2,55,173,228
https://kawalpemilu.org#13629,"KOTO GADANG, KOTO BESAR, DHARMASRAYA, SUMATERA BARAT",3,73,124,197
https://kawalpemilu.org#13629,"KOTO GADANG, KOTO BESAR, DHARMASRAYA, SUMATERA BARAT",4,75,114,189
https://kawalpemilu.org#13629,"KOTO GADANG, KOTO BESAR, DHARMASRAYA, SUMATERA BARAT",5,133,96,229
https://kawalpemilu.org#13629,"KOTO GADANG, KOTO BESAR, DHARMASRAYA, SUMATERA BARAT",6,100,136,236
https://kawalpemilu.org#13629,"KOTO GADANG, KOTO BESAR, DHARMASRAYA, SUMATERA BARAT",7,104,129,233
https://kawalpemilu.org#13629,"KOTO GADANG, KOTO BESAR, DHARMASRAYA, SUMATERA BARAT",8,46,115,161
https://kawalpemilu.org#13629,"KOTO GADANG, KOTO BESAR, DHARMASRAYA, SUMATERA BARAT",9,56,174,230
https://kawalpemilu.org#13629,"KOTO GADANG, KOTO BESAR, DHARMASRAYA, SUMATERA BARAT",10,17,118,189
https://kawalpemilu.org#13629,"KOTO GADANG, KOTO BESAR, DHARMASRAYA, SUMATERA BARAT",11,67,109,176
https://kawalpemilu.org#13629,"KOTO GADANG, KOTO BESAR, DHARMASRAYA, SUMATERA BARAT",12,97,123,220
https://kawalpemilu.org#13629,"KOTO GADANG, KOTO BESAR, DHARMASRAYA, SUMATERA BARAT",13,90,152,242
https://kawalpemilu.org#84449,"ABAI SIAT, KOTO BESAR, DHARMASRAYA, SUMATERA BARAT",1,27,158,185
https://kawalpemilu.org#84449,"ABAI SIAT, KOTO BESAR, DHARMASRAYA, SUMATERA BARAT",2,46,174,220
https://kawalpemilu.org#84449,"ABAI SIAT, KOTO BESAR, DHARMASRAYA, SUMATERA BARAT",3,17,214,231
https://kawalpemilu.org#84449,"ABAI SIAT, KOTO BESAR, DHARMASRAYA, SUMATERA BARAT",4,24,152,176
https://kawalpemilu.org#84449,"ABAI SIAT, KOTO BESAR, DHARMASRAYA, SUMATERA BARAT",5,30,214,244
https://kawalpemilu.org#84449,"ABAI SIAT, KOTO BESAR, DHARMASRAYA, SUMATERA BARAT",6,35,194,229
https://kawalpemilu.org#84449,"ABAI SIAT, KOTO BESAR, DHARMASRAYA, SUMATERA BARAT",7,32,146,178
https://kawalpemilu.org#84449,"ABAI SIAT, KOTO BESAR, DHARMASRAYA, SUMATERA BARAT",8,16,149,165
https://kawalpemilu.org#84449,"ABAI SIAT, KOTO BESAR, DHARMASRAYA, SUMATERA BARAT",9,16,165,181
https://kawalpemilu.org#84449,"ABAI SIAT, KOTO BESAR, DHARMASRAYA, SUMATERA BARAT",10,11,250,261
https://kawalpemilu.org#84449,"ABAI SIAT, KOTO BESAR, DHARMASRAYA, SUMATERA BARAT",11,39,223,262
https://kawalpemilu.org#84449,"ABAI SIAT, KOTO BESAR, DHARMASRAYA, SUMATERA BARAT",12,31,245,276
https://kawalpemilu.org#84449,"ABAI SIAT, KOTO BESAR, DHARMASRAYA, SUMATERA BARAT",13,21,167,188
https://kawalpemilu.org#84449,"ABAI SIAT, KOTO BESAR, DHARMASRAYA, SUMATERA BARAT",14,20,141,161
https://kawalpemilu.org#84449,"ABAI SIAT, KOTO BESAR, DHARMASRAYA, SUMATERA BARAT",15,13,112,125
https://kawalpemilu.org#84449,"ABAI SIAT, KOTO BESAR, DHARMASRAYA, SUMATERA BARAT",16,15,198,213
https://kawalpemilu.org#87534,"BONJOL, KOTO BESAR, DHARMASRAYA, SUMATERA BARAT",1,8,139,147
https://kawalpemilu.org#87534,"BONJOL, KOTO BESAR, DHARMASRAYA, SUMATERA BARAT",2,30,194,224
https://kawalpemilu.org#87534,"BONJOL, KOTO BESAR, DHARMASRAYA, SUMATERA BARAT",3,22,198,220
https://kawalpemilu.org#87534,"BONJOL, KOTO BESAR, DHARMASRAYA, SUMATERA BARAT",4,19,130,149
https://kawalpemilu.org#87534,"BONJOL, KOTO BESAR, DHARMASRAYA, SUMATERA BARAT",5,28,65,93
https://kawalpemilu.org#87534,"BONJOL, KOTO BESAR, DHARMASRAYA, SUMATERA BARAT",6,7,48,55
https://kawalpemilu.org#87534,"BONJOL, KOTO BESAR, DHARMASRAYA, SUMATERA BARAT",7,4,150,154
https://kawalpemilu.org#87534,"BONJOL, KOTO BESAR, DHARMASRAYA, SUMATERA BARAT",8,13,167,180
https://kawalpemilu.org#87534,"BONJOL, KOTO BESAR, DHARMASRAYA, SUMATERA BARAT",9,13,125,138
https://kawalpemilu.org#87535,"KOTO LAWEH, KOTO BESAR, DHARMASRAYA, SUMATERA BARAT",1,123,62,185
https://kawalpemilu.org#87535,"KOTO LAWEH, KOTO BESAR, DHARMASRAYA, SUMATERA BARAT",2,110,35,145
https://kawalpemilu.org#87535,"KOTO LAWEH, KOTO BESAR, DHARMASRAYA, SUMATERA BARAT",3,76,81,157
https://kawalpemilu.org#87535,"KOTO LAWEH, KOTO BESAR, DHARMASRAYA, SUMATERA BARAT",4,86,85,171
https://kawalpemilu.org#87535,"KOTO LAWEH, KOTO BESAR, DHARMASRAYA, SUMATERA BARAT",5,121,80,201
https://kawalpemilu.org#87535,"KOTO LAWEH, KOTO BESAR, DHARMASRAYA, SUMATERA BARAT",6,107,74,181
https://kawalpemilu.org#87535,"KOTO LAWEH, KOTO BESAR, DHARMASRAYA, SUMATERA BARAT",7,89,62,151
https://kawalpemilu.org#87535,"KOTO LAWEH, KOTO BESAR, DHARMASRAYA, SUMATERA BARAT",8,88,115,203
https://kawalpemilu.org#87535,"KOTO LAWEH, KOTO BESAR, DHARMASRAYA, SUMATERA BARAT",9,91,39,130
https://kawalpemilu.org#87535,"KOTO LAWEH, KOTO BESAR, DHARMASRAYA, SUMATERA BARAT",10,140,46,186
https://kawalpemilu.org#87535,"KOTO LAWEH, KOTO BESAR, DHARMASRAYA, SUMATERA BARAT",11,128,104,232
https://kawalpemilu.org#87535,"KOTO LAWEH, KOTO BESAR, DHARMASRAYA, SUMATERA BARAT",12,98,85,183
https://kawalpemilu.org#87707,"KOTO RANAH, KOTO BESAR, DHARMASRAYA, SUMATERA BARAT",1,124,102,226
https://kawalpemilu.org#87707,"KOTO RANAH, KOTO BESAR, DHARMASRAYA, SUMATERA BARAT",2,134,127,261
https://kawalpemilu.org#87707,"KOTO RANAH, KOTO BESAR, DHARMASRAYA, SUMATERA BARAT",3,111,85,196
https://kawalpemilu.org#87707,"KOTO RANAH, KOTO BESAR, DHARMASRAYA, SUMATERA BARAT",4,86,87,173
https://kawalpemilu.org#87707,"KOTO RANAH, KOTO BESAR, DHARMASRAYA, SUMATERA BARAT",5,100,99,199
https://kawalpemilu.org#87707,"KOTO RANAH, KOTO BESAR, DHARMASRAYA, SUMATERA BARAT",6,78,68,146
https://kawalpemilu.org#87707,"KOTO RANAH, KOTO BESAR, DHARMASRAYA, SUMATERA BARAT",7,96,99,195
https://kawalpemilu.org#87707,"KOTO RANAH, KOTO BESAR, DHARMASRAYA, SUMATERA BARAT",8,112,88,200
https://kawalpemilu.org#87707,"KOTO RANAH, KOTO BESAR, DHARMASRAYA, SUMATERA BARAT",9,101,79,180
https://kawalpemilu.org#87707,"KOTO RANAH, KOTO BESAR, DHARMASRAYA, SUMATERA BARAT",10,100,70,170
https://kawalpemilu.org#87707,"KOTO RANAH, KOTO BESAR, DHARMASRAYA, SUMATERA BARAT",11,148,74,222
https://kawalpemilu.org#87707,"KOTO RANAH, KOTO BESAR, DHARMASRAYA, SUMATERA BARAT",12,55,76,131
https://kawalpemilu.org#87707,"KOTO RANAH, KOTO BESAR, DHARMASRAYA, SUMATERA BARAT",13,57,150,207
https://kawalpemilu.org#87707,"KOTO RANAH, KOTO BESAR, DHARMASRAYA, SUMATERA BARAT",14,74,47,121
https://kawalpemilu.org#87707,"KOTO RANAH, KOTO BESAR, DHARMASRAYA, SUMATERA BARAT",15,119,97,216
https://kawalpemilu.org#87707,"KOTO RANAH, KOTO BESAR, DHARMASRAYA, SUMATERA BARAT",16,57,48,105
https://kawalpemilu.org#87707,"KOTO RANAH, KOTO BESAR, DHARMASRAYA, SUMATERA BARAT",17,95,77,172
https://kawalpemilu.org#13636,"LUBUK GADANG, SANGIR, SOLOK SELATAN, SUMATERA BARAT",1,28,122,150
https://kawalpemilu.org#13636,"LUBUK GADANG, SANGIR, SOLOK SELATAN, SUMATERA BARAT",2,30,115,145
https://kawalpemilu.org#13636,"LUBUK GADANG, SANGIR, SOLOK SELATAN, SUMATERA BARAT",3,18,212,230
https://kawalpemilu.org#13636,"LUBUK GADANG, SANGIR, SOLOK SELATAN, SUMATERA BARAT",4,27,144,171
https://kawalpemilu.org#13636,"LUBUK GADANG, SANGIR, SOLOK SELATAN, SUMATERA BARAT",5,11,159,170
https://kawalpemilu.org#13636,"LUBUK GADANG, SANGIR, SOLOK SELATAN, SUMATERA BARAT",6,38,246,284
https://kawalpemilu.org#13636,"LUBUK GADANG, SANGIR, SOLOK SELATAN, SUMATERA BARAT",7,12,170,182
https://kawalpemilu.org#13636,"LUBUK GADANG, SANGIR, SOLOK SELATAN, SUMATERA BARAT",8,23,159,182
https://kawalpemilu.org#13636,"LUBUK GADANG, SANGIR, SOLOK SELATAN, SUMATERA BARAT",9,20,117,137
https://kawalpemilu.org#13636,"LUBUK GADANG, SANGIR, SOLOK SELATAN, SUMATERA BARAT",10,31,158,189
https://kawalpemilu.org#13636,"LUBUK GADANG, SANGIR, SOLOK SELATAN, SUMATERA BARAT",11,50,172,222
https://kawalpemilu.org#13636,"LUBUK GADANG, SANGIR, SOLOK SELATAN, SUMATERA BARAT",12,14,85,99
https://kawalpemilu.org#13636,"LUBUK GADANG, SANGIR, SOLOK SELATAN, SUMATERA BARAT",13,7,91,98
https://kawalpemilu.org#13636,"LUBUK GADANG, SANGIR, SOLOK SELATAN, SUMATERA BARAT",14,14,140,154
https://kawalpemilu.org#13636,"LUBUK GADANG, SANGIR, SOLOK SELATAN, SUMATERA BARAT",15,15,138,153
https://kawalpemilu.org#13636,"LUBUK GADANG, SANGIR, SOLOK SELATAN, SUMATERA BARAT",16,26,130,156
https://kawalpemilu.org#13636,"LUBUK GADANG, SANGIR, SOLOK SELATAN, SUMATERA BARAT",17,71,67,138
https://kawalpemilu.org#13636,"LUBUK GADANG, SANGIR, SOLOK SELATAN, SUMATERA BARAT",18,61,119,180
https://kawalpemilu.org#13636,"LUBUK GADANG, SANGIR, SOLOK SELATAN, SUMATERA BARAT",19,38,143,181
https://kawalpemilu.org#13636,"LUBUK GADANG, SANGIR, SOLOK SELATAN, SUMATERA BARAT",20,100,87,187
https://kawalpemilu.org#13636,"LUBUK GADANG, SANGIR, SOLOK SELATAN, SUMATERA BARAT",21,48,104,152
https://kawalpemilu.org#13636,"LUBUK GADANG, SANGIR, SOLOK SELATAN, SUMATERA BARAT",22,31,107,138
https://kawalpemilu.org#13636,"LUBUK GADANG, SANGIR, SOLOK SELATAN, SUMATERA BARAT",23,32,226,258
https://kawalpemilu.org#13636,"LUBUK GADANG, SANGIR, SOLOK SELATAN, SUMATERA BARAT",24,27,173,200
https://kawalpemilu.org#13636,"LUBUK GADANG, SANGIR, SOLOK SELATAN, SUMATERA BARAT",25,39,142,181
https://kawalpemilu.org#13636,"LUBUK GADANG, SANGIR, SOLOK SELATAN, SUMATERA BARAT",26,10,71,81
https://kawalpemilu.org#13636,"LUBUK GADANG, SANGIR, SOLOK SELATAN, SUMATERA BARAT",27,21,60,81
https://kawalpemilu.org#13636,"LUBUK GADANG, SANGIR, SOLOK SELATAN, SUMATERA BARAT",28,31,178,209
https://kawalpemilu.org#13636,"LUBUK GADANG, SANGIR, SOLOK SELATAN, SUMATERA BARAT",29,16,124,140
https://kawalpemilu.org#13636,"LUBUK GADANG, SANGIR, SOLOK SELATAN, SUMATERA BARAT",30,17,170,187
https://kawalpemilu.org#13636,"LUBUK GADANG, SANGIR, SOLOK SELATAN, SUMATERA BARAT",31,22,135,157
https://kawalpemilu.org#13636,"LUBUK GADANG, SANGIR, SOLOK SELATAN, SUMATERA BARAT",32,89,99,188
https://kawalpemilu.org#13636,"LUBUK GADANG, SANGIR, SOLOK SELATAN, SUMATERA BARAT",33,32,191,223
https://kawalpemilu.org#13636,"LUBUK GADANG, SANGIR, SOLOK SELATAN, SUMATERA BARAT",34,42,135,177
https://kawalpemilu.org#13636,"LUBUK GADANG, SANGIR, SOLOK SELATAN, SUMATERA BARAT",35,17,81,98
https://kawalpemilu.org#13636,"LUBUK GADANG, SANGIR, SOLOK SELATAN, SUMATERA BARAT",36,25,151,176
https://kawalpemilu.org#13636,"LUBUK GADANG, SANGIR, SOLOK SELATAN, SUMATERA BARAT",37,18,133,151
https://kawalpemilu.org#13636,"LUBUK GADANG, SANGIR, SOLOK SELATAN, SUMATERA BARAT",38,17,137,154
https://kawalpemilu.org#13636,"LUBUK GADANG, SANGIR, SOLOK SELATAN, SUMATERA BARAT",39,21,243,264
https://kawalpemilu.org#13636,"LUBUK GADANG, SANGIR, SOLOK SELATAN, SUMATERA BARAT",40,21,103,124
https://kawalpemilu.org#13636,"LUBUK GADANG, SANGIR, SOLOK SELATAN, SUMATERA BARAT",41,18,132,150
https://kawalpemilu.org#13636,"LUBUK GADANG, SANGIR, SOLOK SELATAN, SUMATERA BARAT",42,12,147,159
https://kawalpemilu.org#13636,"LUBUK GADANG, SANGIR, SOLOK SELATAN, SUMATERA BARAT",43,14,101,115
https://kawalpemilu.org#13636,"LUBUK GADANG, SANGIR, SOLOK SELATAN, SUMATERA BARAT",44,27,150,177
https://kawalpemilu.org#13636,"LUBUK GADANG, SANGIR, SOLOK SELATAN, SUMATERA BARAT",45,56,74,130
https://kawalpemilu.org#13636,"LUBUK GADANG, SANGIR, SOLOK SELATAN, SUMATERA BARAT",46,40,67,107
https://kawalpemilu.org#13636,"LUBUK GADANG, SANGIR, SOLOK SELATAN, SUMATERA BARAT",47,90,67,157
https://kawalpemilu.org#13636,"LUBUK GADANG, SANGIR, SOLOK SELATAN, SUMATERA BARAT",48,52,58,110
https://kawalpemilu.org#13636,"LUBUK GADANG, SANGIR, SOLOK SELATAN, SUMATERA BARAT",49,43,196,239
https://kawalpemilu.org#13636,"LUBUK GADANG, SANGIR, SOLOK SELATAN, SUMATERA BARAT",50,31,74,105
https://kawalpemilu.org#13636,"LUBUK GADANG, SANGIR, SOLOK SELATAN, SUMATERA BARAT",51,56,143,199
https://kawalpemilu.org#13636,"LUBUK GADANG, SANGIR, SOLOK SELATAN, SUMATERA BARAT",52,14,131,145
https://kawalpemilu.org#13636,"LUBUK GADANG, SANGIR, SOLOK SELATAN, SUMATERA BARAT",53,30,95,125
https://kawalpemilu.org#13636,"LUBUK GADANG, SANGIR, SOLOK SELATAN, SUMATERA BARAT",54,19,112,131
https://kawalpemilu.org#13636,"LUBUK GADANG, SANGIR, SOLOK SELATAN, SUMATERA BARAT",55,13,81,94
https://kawalpemilu.org#13637,"LUBUK GADANG TIMUR, SANGIR, SOLOK SELATAN, SUMATERA BARAT",1,19,155,174
https://kawalpemilu.org#13637,"LUBUK GADANG TIMUR, SANGIR, SOLOK SELATAN, SUMATERA BARAT",2,14,197,211
https://kawalpemilu.org#13637,"LUBUK GADANG TIMUR, SANGIR, SOLOK SELATAN, SUMATERA BARAT",3,13,101,114
https://kawalpemilu.org#13637,"LUBUK GADANG TIMUR, SANGIR, SOLOK SELATAN, SUMATERA BARAT",4,35,142,177
https://kawalpemilu.org#13637,"LUBUK GADANG TIMUR, SANGIR, SOLOK SELATAN, SUMATERA BARAT",5,22,188,210
https://kawalpemilu.org#13637,"LUBUK GADANG TIMUR, SANGIR, SOLOK SELATAN, SUMATERA BARAT",6,15,209,224
https://kawalpemilu.org#13637,"LUBUK GADANG TIMUR, SANGIR, SOLOK SELATAN, SUMATERA BARAT",7,23,153,176
https://kawalpemilu.org#13637,"LUBUK GADANG TIMUR, SANGIR, SOLOK SELATAN, SUMATERA BARAT",8,36,122,158
https://kawalpemilu.org#13637,"LUBUK GADANG TIMUR, SANGIR, SOLOK SELATAN, SUMATERA BARAT",9,38,184,222
https://kawalpemilu.org#13637,"LUBUK GADANG TIMUR, SANGIR, SOLOK SELATAN, SUMATERA BARAT",10,37,119,156
https://kawalpemilu.org#13637,"LUBUK GADANG TIMUR, SANGIR, SOLOK SELATAN, SUMATERA BARAT",11,15,161,176
https://kawalpemilu.org#13637,"LUBUK GADANG TIMUR, SANGIR, SOLOK SELATAN, SUMATERA BARAT",12,27,164,191
https://kawalpemilu.org#13637,"LUBUK GADANG TIMUR, SANGIR, SOLOK SELATAN, SUMATERA BARAT",13,48,113,161
https://kawalpemilu.org#13637,"LUBUK GADANG TIMUR, SANGIR, SOLOK SELATAN, SUMATERA BARAT",14,41,163,204
https://kawalpemilu.org#13637,"LUBUK GADANG TIMUR, SANGIR, SOLOK SELATAN, SUMATERA BARAT",15,47,96,143
https://kawalpemilu.org#13637,"LUBUK GADANG TIMUR, SANGIR, SOLOK SELATAN, SUMATERA BARAT",16,50,136,186
https://kawalpemilu.org#13637,"LUBUK GADANG TIMUR, SANGIR, SOLOK SELATAN, SUMATERA BARAT",17,15,123,138
https://kawalpemilu.org#13637,"LUBUK GADANG TIMUR, SANGIR, SOLOK SELATAN, SUMATERA BARAT",18,36,125,161
https://kawalpemilu.org#13637,"LUBUK GADANG TIMUR, SANGIR, SOLOK SELATAN, SUMATERA BARAT",19,16,154,170
https://kawalpemilu.org#13637,"LUBUK GADANG TIMUR, SANGIR, SOLOK SELATAN, SUMATERA BARAT",20,58,171,229
https://kawalpemilu.org#13637,"LUBUK GADANG TIMUR, SANGIR, SOLOK SELATAN, SUMATERA BARAT",21,27,193,220
https://kawalpemilu.org#13637,"LUBUK GADANG TIMUR, SANGIR, SOLOK SELATAN, SUMATERA BARAT",22,9,128,137
https://kawalpemilu.org#13637,"LUBUK GADANG TIMUR, SANGIR, SOLOK SELATAN, SUMATERA BARAT",23,12,137,149
https://kawalpemilu.org#13637,"LUBUK GADANG TIMUR, SANGIR, SOLOK SELATAN, SUMATERA BARAT",24,20,186,206
https://kawalpemilu.org#13637,"LUBUK GADANG TIMUR, SANGIR, SOLOK SELATAN, SUMATERA BARAT",25,18,150,168
https://kawalpemilu.org#13637,"LUBUK GADANG TIMUR, SANGIR, SOLOK SELATAN, SUMATERA BARAT",26,24,170,194
https://kawalpemilu.org#13637,"LUBUK GADANG TIMUR, SANGIR, SOLOK SELATAN, SUMATERA BARAT",27,26,126,152
https://kawalpemilu.org#13637,"LUBUK GADANG TIMUR, SANGIR, SOLOK SELATAN, SUMATERA BARAT",28,31,141,172
https://kawalpemilu.org#13637,"LUBUK GADANG TIMUR, SANGIR, SOLOK SELATAN, SUMATERA BARAT",29,10,179,189
https://kawalpemilu.org#13637,"LUBUK GADANG TIMUR, SANGIR, SOLOK SELATAN, SUMATERA BARAT",30,41,154,195
https://kawalpemilu.org#13637,"LUBUK GADANG TIMUR, SANGIR, SOLOK SELATAN, SUMATERA BARAT",31,31,136,167
https://kawalpemilu.org#13637,"LUBUK GADANG TIMUR, SANGIR, SOLOK SELATAN, SUMATERA BARAT",32,13,55,68
https://kawalpemilu.org#13637,"LUBUK GADANG TIMUR, SANGIR, SOLOK SELATAN, SUMATERA BARAT",33,9,116,115
https://kawalpemilu.org#13637,"LUBUK GADANG TIMUR, SANGIR, SOLOK SELATAN, SUMATERA BARAT",34,44,129,173
https://kawalpemilu.org#13637,"LUBUK GADANG TIMUR, SANGIR, SOLOK SELATAN, SUMATERA BARAT",35,10,93,103
https://kawalpemilu.org#13637,"LUBUK GADANG TIMUR, SANGIR, SOLOK SELATAN, SUMATERA BARAT",36,30,77,107
https://kawalpemilu.org#13637,"LUBUK GADANG TIMUR, SANGIR, SOLOK SELATAN, SUMATERA BARAT",37,14,118,132
https://kawalpemilu.org#13638,"LUBUK GADANG SELATAN, SANGIR, SOLOK SELATAN, SUMATERA BARAT",1,18,83,101
https://kawalpemilu.org#13638,"LUBUK GADANG SELATAN, SANGIR, SOLOK SELATAN, SUMATERA BARAT",2,17,67,84
https://kawalpemilu.org#13638,"LUBUK GADANG SELATAN, SANGIR, SOLOK SELATAN, SUMATERA BARAT",3,39,145,184
https://kawalpemilu.org#13638,"LUBUK GADANG SELATAN, SANGIR, SOLOK SELATAN, SUMATERA BARAT",4,37,137,174
https://kawalpemilu.org#13638,"LUBUK GADANG SELATAN, SANGIR, SOLOK SELATAN, SUMATERA BARAT",5,31,126,157
https://kawalpemilu.org#13638,"LUBUK GADANG SELATAN, SANGIR, SOLOK SELATAN, SUMATERA BARAT",6,71,54,125
https://kawalpemilu.org#13638,"LUBUK GADANG SELATAN, SANGIR, SOLOK SELATAN, SUMATERA BARAT",7,56,97,153
https://kawalpemilu.org#13638,"LUBUK GADANG SELATAN, SANGIR, SOLOK SELATAN, SUMATERA BARAT",8,70,94,164
https://kawalpemilu.org#13638,"LUBUK GADANG SELATAN, SANGIR, SOLOK SELATAN, SUMATERA BARAT",9,64,100,164
https://kawalpemilu.org#13638,"LUBUK GADANG SELATAN, SANGIR, SOLOK SELATAN, SUMATERA BARAT",10,49,98,147
https://kawalpemilu.org#13638,"LUBUK GADANG SELATAN, SANGIR, SOLOK SELATAN, SUMATERA BARAT",11,31,202,233
https://kawalpemilu.org#13638,"LUBUK GADANG SELATAN, SANGIR, SOLOK SELATAN, SUMATERA BARAT",12,31,165,196
https://kawalpemilu.org#13638,"LUBUK GADANG SELATAN, SANGIR, SOLOK SELATAN, SUMATERA BARAT",13,39,115,154
https://kawalpemilu.org#13638,"LUBUK GADANG SELATAN, SANGIR, SOLOK SELATAN, SUMATERA BARAT",14,45,163,208
https://kawalpemilu.org#13638,"LUBUK GADANG SELATAN, SANGIR, SOLOK SELATAN, SUMATERA BARAT",15,49,151,200
https://kawalpemilu.org#13638,"LUBUK GADANG SELATAN, SANGIR, SOLOK SELATAN, SUMATERA BARAT",16,95,92,187
https://kawalpemilu.org#13638,"LUBUK GADANG SELATAN, SANGIR, SOLOK SELATAN, SUMATERA BARAT",17,42,117,159
https://kawalpemilu.org#13638,"LUBUK GADANG SELATAN, SANGIR, SOLOK SELATAN, SUMATERA BARAT",18,33,107,140
https://kawalpemilu.org#13638,"LUBUK GADANG SELATAN, SANGIR, SOLOK SELATAN, SUMATERA BARAT",19,40,59,99
https://kawalpemilu.org#13638,"LUBUK GADANG SELATAN, SANGIR, SOLOK SELATAN, SUMATERA BARAT",20,54,94,148
https://kawalpemilu.org#13638,"LUBUK GADANG SELATAN, SANGIR, SOLOK SELATAN, SUMATERA BARAT",21,35,111,146
https://kawalpemilu.org#13638,"LUBUK GADANG SELATAN, SANGIR, SOLOK SELATAN, SUMATERA BARAT",22,25,131,156
https://kawalpemilu.org#13638,"LUBUK GADANG SELATAN, SANGIR, SOLOK SELATAN, SUMATERA BARAT",23,33,115,148
https://kawalpemilu.org#13638,"LUBUK GADANG SELATAN, SANGIR, SOLOK SELATAN, SUMATERA BARAT",24,15,139,154
https://kawalpemilu.org#13638,"LUBUK GADANG SELATAN, SANGIR, SOLOK SELATAN, SUMATERA BARAT",25,27,107,134
https://kawalpemilu.org#13638,"LUBUK GADANG SELATAN, SANGIR, SOLOK SELATAN, SUMATERA BARAT",26,34,162,196
https://kawalpemilu.org#13638,"LUBUK GADANG SELATAN, SANGIR, SOLOK SELATAN, SUMATERA BARAT",27,20,66,86
https://kawalpemilu.org#13638,"LUBUK GADANG SELATAN, SANGIR, SOLOK SELATAN, SUMATERA BARAT",28,37,113,150
https://kawalpemilu.org#13638,"LUBUK GADANG SELATAN, SANGIR, SOLOK SELATAN, SUMATERA BARAT",29,38,163,201
https://kawalpemilu.org#13638,"LUBUK GADANG SELATAN, SANGIR, SOLOK SELATAN, SUMATERA BARAT",30,87,130,217
https://kawalpemilu.org#13638,"LUBUK GADANG SELATAN, SANGIR, SOLOK SELATAN, SUMATERA BARAT",31,53,61,114
https://kawalpemilu.org#13638,"LUBUK GADANG SELATAN, SANGIR, SOLOK SELATAN, SUMATERA BARAT",32,30,94,124
https://kawalpemilu.org#13638,"LUBUK GADANG SELATAN, SANGIR, SOLOK SELATAN, SUMATERA BARAT",33,25,108,133
https://kawalpemilu.org#13638,"LUBUK GADANG SELATAN, SANGIR, SOLOK SELATAN, SUMATERA BARAT",34,44,107,151
https://kawalpemilu.org#13638,"LUBUK GADANG SELATAN, SANGIR, SOLOK SELATAN, SUMATERA BARAT",35,41,117,158
https://kawalpemilu.org#13638,"LUBUK GADANG SELATAN, SANGIR, SOLOK SELATAN, SUMATERA BARAT",36,20,138,158
https://kawalpemilu.org#13638,"LUBUK GADANG SELATAN, SANGIR, SOLOK SELATAN, SUMATERA BARAT",37,25,109,134
https://kawalpemilu.org#13638,"LUBUK GADANG SELATAN, SANGIR, SOLOK SELATAN, SUMATERA BARAT",38,34,54,88
https://kawalpemilu.org#13638,"LUBUK GADANG SELATAN, SANGIR, SOLOK SELATAN, SUMATERA BARAT",39,30,95,125
https://kawalpemilu.org#13638,"LUBUK GADANG SELATAN, SANGIR, SOLOK SELATAN, SUMATERA BARAT",40,26,79,105
https://kawalpemilu.org#13638,"LUBUK GADANG SELATAN, SANGIR, SOLOK SELATAN, SUMATERA BARAT",41,15,128,143
https://kawalpemilu.org#13638,"LUBUK GADANG SELATAN, SANGIR, SOLOK SELATAN, SUMATERA BARAT",42,30,92,122
https://kawalpemilu.org#13638,"LUBUK GADANG SELATAN, SANGIR, SOLOK SELATAN, SUMATERA BARAT",43,22,142,164
https://kawalpemilu.org#13638,"LUBUK GADANG SELATAN, SANGIR, SOLOK SELATAN, SUMATERA BARAT",44,20,138,158
https://kawalpemilu.org#13638,"LUBUK GADANG SELATAN, SANGIR, SOLOK SELATAN, SUMATERA BARAT",45,21,124,145
https://kawalpemilu.org#13638,"LUBUK GADANG SELATAN, SANGIR, SOLOK SELATAN, SUMATERA BARAT",46,25,103,128
https://kawalpemilu.org#13638,"LUBUK GADANG SELATAN, SANGIR, SOLOK SELATAN, SUMATERA BARAT",47,18,72,90
https://kawalpemilu.org#13638,"LUBUK GADANG SELATAN, SANGIR, SOLOK SELATAN, SUMATERA BARAT",48,22,51,73
https://kawalpemilu.org#13638,"LUBUK GADANG SELATAN, SANGIR, SOLOK SELATAN, SUMATERA BARAT",49,42,67,109
https://kawalpemilu.org#13638,"LUBUK GADANG SELATAN, SANGIR, SOLOK SELATAN, SUMATERA BARAT",50,32,117,149
https://kawalpemilu.org#13638,"LUBUK GADANG SELATAN, SANGIR, SOLOK SELATAN, SUMATERA BARAT",51,20,52,72
https://kawalpemilu.org#13638,"LUBUK GADANG SELATAN, SANGIR, SOLOK SELATAN, SUMATERA BARAT",52,18,76,94
https://kawalpemilu.org#13638,"LUBUK GADANG SELATAN, SANGIR, SOLOK SELATAN, SUMATERA BARAT",53,20,84,104
https://kawalpemilu.org#13638,"LUBUK GADANG SELATAN, SANGIR, SOLOK SELATAN, SUMATERA BARAT",54,27,43,70
https://kawalpemilu.org#13639,"LUBUK GADANG UTARA, SANGIR, SOLOK SELATAN, SUMATERA BARAT",1,14,101,115
https://kawalpemilu.org#13639,"LUBUK GADANG UTARA, SANGIR, SOLOK SELATAN, SUMATERA BARAT",2,22,216,238
https://kawalpemilu.org#13639,"LUBUK GADANG UTARA, SANGIR, SOLOK SELATAN, SUMATERA BARAT",3,35,147,182
https://kawalpemilu.org#13639,"LUBUK GADANG UTARA, SANGIR, SOLOK SELATAN, SUMATERA BARAT",4,39,84,123
https://kawalpemilu.org#13639,"LUBUK GADANG UTARA, SANGIR, SOLOK SELATAN, SUMATERA BARAT",5,4,134,138
https://kawalpemilu.org#13639,"LUBUK GADANG UTARA, SANGIR, SOLOK SELATAN, SUMATERA BARAT",6,11,177,188
https://kawalpemilu.org#13639,"LUBUK GADANG UTARA, SANGIR, SOLOK SELATAN, SUMATERA BARAT",7,20,120,140
https://kawalpemilu.org#13639,"LUBUK GADANG UTARA, SANGIR, SOLOK SELATAN, SUMATERA BARAT",8,12,139,151
https://kawalpemilu.org#13639,"LUBUK GADANG UTARA, SANGIR, SOLOK SELATAN, SUMATERA BARAT",9,13,155,168
https://kawalpemilu.org#13639,"LUBUK GADANG UTARA, SANGIR, SOLOK SELATAN, SUMATERA BARAT",10,14,149,163
https://kawalpemilu.org#13639,"LUBUK GADANG UTARA, SANGIR, SOLOK SELATAN, SUMATERA BARAT",11,9,139,148
https://kawalpemilu.org#13639,"LUBUK GADANG UTARA, SANGIR, SOLOK SELATAN, SUMATERA BARAT",12,24,90,114
https://kawalpemilu.org#13639,"LUBUK GADANG UTARA, SANGIR, SOLOK SELATAN, SUMATERA BARAT",13,3,77,80
https://kawalpemilu.org#13639,"LUBUK GADANG UTARA, SANGIR, SOLOK SELATAN, SUMATERA BARAT",14,6,122,128
https://kawalpemilu.org#13639,"LUBUK GADANG UTARA, SANGIR, SOLOK SELATAN, SUMATERA BARAT",15,10,107,117
https://kawalpemilu.org#13639,"LUBUK GADANG UTARA, SANGIR, SOLOK SELATAN, SUMATERA BARAT",16,6,104,110
https://kawalpemilu.org#13639,"LUBUK GADANG UTARA, SANGIR, SOLOK SELATAN, SUMATERA BARAT",17,4,110,114
https://kawalpemilu.org#13641,"PASIR TALANG, SUNGAI PAGU, SOLOK SELATAN, SUMATERA BARAT",1,30,158,188
https://kawalpemilu.org#13641,"PASIR TALANG, SUNGAI PAGU, SOLOK SELATAN, SUMATERA BARAT",2,33,187,220
https://kawalpemilu.org#13641,"PASIR TALANG, SUNGAI PAGU, SOLOK SELATAN, SUMATERA BARAT",3,17,154,171
https://kawalpemilu.org#13641,"PASIR TALANG, SUNGAI PAGU, SOLOK SELATAN, SUMATERA BARAT",4,25,184,209
https://kawalpemilu.org#13641,"PASIR TALANG, SUNGAI PAGU, SOLOK SELATAN, SUMATERA BARAT",5,17,156,173
https://kawalpemilu.org#13641,"PASIR TALANG, SUNGAI PAGU, SOLOK SELATAN, SUMATERA BARAT",6,10,127,137
https://kawalpemilu.org#13641,"PASIR TALANG, SUNGAI PAGU, SOLOK SELATAN, SUMATERA BARAT",7,30,163,193
https://kawalpemilu.org#13641,"PASIR TALANG, SUNGAI PAGU, SOLOK SELATAN, SUMATERA BARAT",8,29,147,176
https://kawalpemilu.org#13641,"PASIR TALANG, SUNGAI PAGU, SOLOK SELATAN, SUMATERA BARAT",9,12,132,144
https://kawalpemilu.org#13641,"PASIR TALANG, SUNGAI PAGU, SOLOK SELATAN, SUMATERA BARAT",10,15,186,201
https://kawalpemilu.org#13641,"PASIR TALANG, SUNGAI PAGU, SOLOK SELATAN, SUMATERA BARAT",11,9,116,125
https://kawalpemilu.org#13641,"PASIR TALANG, SUNGAI PAGU, SOLOK SELATAN, SUMATERA BARAT",12,23,160,183
https://kawalpemilu.org#13641,"PASIR TALANG, SUNGAI PAGU, SOLOK SELATAN, SUMATERA BARAT",13,11,85,96
https://kawalpemilu.org#13642,"KOTO BARU, SUNGAI PAGU, SOLOK SELATAN, SUMATERA BARAT",1,26,82,108
https://kawalpemilu.org#13642,"KOTO BARU, SUNGAI PAGU, SOLOK SELATAN, SUMATERA BARAT",2,16,138,154
https://kawalpemilu.org#13642,"KOTO BARU, SUNGAI PAGU, SOLOK SELATAN, SUMATERA BARAT",3,6,96,102
https://kawalpemilu.org#13642,"KOTO BARU, SUNGAI PAGU, SOLOK SELATAN, SUMATERA BARAT",4,19,116,135
https://kawalpemilu.org#13642,"KOTO BARU, SUNGAI PAGU, SOLOK SELATAN, SUMATERA BARAT",5,31,106,137
https://kawalpemilu.org#13642,"KOTO BARU, SUNGAI PAGU, SOLOK SELATAN, SUMATERA BARAT",6,33,166,199
https://kawalpemilu.org#13642,"KOTO BARU, SUNGAI PAGU, SOLOK SELATAN, SUMATERA BARAT",7,49,210,259
https://kawalpemilu.org#13642,"KOTO BARU, SUNGAI PAGU, SOLOK SELATAN, SUMATERA BARAT",8,9,117,126
https://kawalpemilu.org#13642,"KOTO BARU, SUNGAI PAGU, SOLOK SELATAN, SUMATERA BARAT",9,24,161,185
https://kawalpemilu.org#13642,"KOTO BARU, SUNGAI PAGU, SOLOK SELATAN, SUMATERA BARAT",10,31,211,242
https://kawalpemilu.org#13642,"KOTO BARU, SUNGAI PAGU, SOLOK SELATAN, SUMATERA BARAT",11,12,82,94
https://kawalpemilu.org#13642,"KOTO BARU, SUNGAI PAGU, SOLOK SELATAN, SUMATERA BARAT",12,17,143,160
https://kawalpemilu.org#13642,"KOTO BARU, SUNGAI PAGU, SOLOK SELATAN, SUMATERA BARAT",13,10,145,155
https://kawalpemilu.org#13642,"KOTO BARU, SUNGAI PAGU, SOLOK SELATAN, SUMATERA BARAT",14,22,111,133
https://kawalpemilu.org#13642,"KOTO BARU, SUNGAI PAGU, SOLOK SELATAN, SUMATERA BARAT",15,11,90,101
https://kawalpemilu.org#13642,"KOTO BARU, SUNGAI PAGU, SOLOK SELATAN, SUMATERA BARAT",16,12,159,171
https://kawalpemilu.org#13643,"SAKO PASIA TALANG, SUNGAI PAGU, SOLOK SELATAN, SUMATERA BARAT",1,10,90,100
https://kawalpemilu.org#13643,"SAKO PASIA TALANG, SUNGAI PAGU, SOLOK SELATAN, SUMATERA BARAT",2,14,178,192
https://kawalpemilu.org#13643,"SAKO PASIA TALANG, SUNGAI PAGU, SOLOK SELATAN, SUMATERA BARAT",3,12,125,137
https://kawalpemilu.org#13643,"SAKO PASIA TALANG, SUNGAI PAGU, SOLOK SELATAN, SUMATERA BARAT",4,17,122,139
https://kawalpemilu.org#13643,"SAKO PASIA TALANG, SUNGAI PAGU, SOLOK SELATAN, SUMATERA BARAT",5,5,122,127
https://kawalpemilu.org#13643,"SAKO PASIA TALANG, SUNGAI PAGU, SOLOK SELATAN, SUMATERA BARAT",6,11,135,146
https://kawalpemilu.org#13643,"SAKO PASIA TALANG, SUNGAI PAGU, SOLOK SELATAN, SUMATERA BARAT",7,15,184,199
https://kawalpemilu.org#13643,"SAKO PASIA TALANG, SUNGAI PAGU, SOLOK SELATAN, SUMATERA BARAT",8,21,126,147
https://kawalpemilu.org#13644,"PASAR MUARA LABUH, SUNGAI PAGU, SOLOK SELATAN, SUMATERA BARAT",1,44,117,161
https://kawalpemilu.org#13644,"PASAR MUARA LABUH, SUNGAI PAGU, SOLOK SELATAN, SUMATERA BARAT",2,15,141,156
https://kawalpemilu.org#13644,"PASAR MUARA LABUH, SUNGAI PAGU, SOLOK SELATAN, SUMATERA BARAT",4,22,203,225
https://kawalpemilu.org#13644,"PASAR MUARA LABUH, SUNGAI PAGU, SOLOK SELATAN, SUMATERA BARAT",5,15,165,180
https://kawalpemilu.org#13644,"PASAR MUARA LABUH, SUNGAI PAGU, SOLOK SELATAN, SUMATERA BARAT",6,27,113,140
https://kawalpemilu.org#13644,"PASAR MUARA LABUH, SUNGAI PAGU, SOLOK SELATAN, SUMATERA BARAT",7,24,129,153
https://kawalpemilu.org#13644,"PASAR MUARA LABUH, SUNGAI PAGU, SOLOK SELATAN, SUMATERA BARAT",8,13,121,134
https://kawalpemilu.org#13644,"PASAR MUARA LABUH, SUNGAI PAGU, SOLOK SELATAN, SUMATERA BARAT",9,1,21,22
https://kawalpemilu.org#13645,"PULAKEK KOTO BARU, SUNGAI PAGU, SOLOK SELATAN, SUMATERA BARAT",1,20,170,190
https://kawalpemilu.org#13645,"PULAKEK KOTO BARU, SUNGAI PAGU, SOLOK SELATAN, SUMATERA BARAT",2,14,127,141
https://kawalpemilu.org#13645,"PULAKEK KOTO BARU, SUNGAI PAGU, SOLOK SELATAN, SUMATERA BARAT",3,15,129,144
https://kawalpemilu.org#13645,"PULAKEK KOTO BARU, SUNGAI PAGU, SOLOK SELATAN, SUMATERA BARAT",4,12,168,180
https://kawalpemilu.org#13645,"PULAKEK KOTO BARU, SUNGAI PAGU, SOLOK SELATAN, SUMATERA BARAT",5,28,126,154
https://kawalpemilu.org#13645,"PULAKEK KOTO BARU, SUNGAI PAGU, SOLOK SELATAN, SUMATERA BARAT",6,11,171,182
https://kawalpemilu.org#13645,"PULAKEK KOTO BARU, SUNGAI PAGU, SOLOK SELATAN, SUMATERA BARAT",7,19,204,223
https://kawalpemilu.org#13645,"PULAKEK KOTO BARU, SUNGAI PAGU, SOLOK SELATAN, SUMATERA BARAT",8,28,136,164
https://kawalpemilu.org#13645,"PULAKEK KOTO BARU, SUNGAI PAGU, SOLOK SELATAN, SUMATERA BARAT",9,5,145,150
https://kawalpemilu.org#13645,"PULAKEK KOTO BARU, SUNGAI PAGU, SOLOK SELATAN, SUMATERA BARAT",10,12,113,125
https://kawalpemilu.org#13645,"PULAKEK KOTO BARU, SUNGAI PAGU, SOLOK SELATAN, SUMATERA BARAT",11,31,135,166
https://kawalpemilu.org#13645,"PULAKEK KOTO BARU, SUNGAI PAGU, SOLOK SELATAN, SUMATERA BARAT",12,14,128,142
https://kawalpemilu.org#13645,"PULAKEK KOTO BARU, SUNGAI PAGU, SOLOK SELATAN, SUMATERA BARAT",13,9,142,151
https://kawalpemilu.org#13646,"BOMAS, SUNGAI PAGU, SOLOK SELATAN, SUMATERA BARAT",1,7,115,122
https://kawalpemilu.org#13646,"BOMAS, SUNGAI PAGU, SOLOK SELATAN, SUMATERA BARAT",2,16,205,221
https://kawalpemilu.org#13646,"BOMAS, SUNGAI PAGU, SOLOK SELATAN, SUMATERA BARAT",3,11,132,143
https://kawalpemilu.org#13646,"BOMAS, SUNGAI PAGU, SOLOK SELATAN, SUMATERA BARAT",4,15,126,141
https://kawalpemilu.org#13646,"BOMAS, SUNGAI PAGU, SOLOK SELATAN, SUMATERA BARAT",5,17,222,239
https://kawalpemilu.org#13646,"BOMAS, SUNGAI PAGU, SOLOK SELATAN, SUMATERA BARAT",6,12,171,183
https://kawalpemilu.org#13646,"BOMAS, SUNGAI PAGU, SOLOK SELATAN, SUMATERA BARAT",7,11,108,119
https://kawalpemilu.org#13646,"BOMAS, SUNGAI PAGU, SOLOK SELATAN, SUMATERA BARAT",8,6,198,204
https://kawalpemilu.org#13646,"BOMAS, SUNGAI PAGU, SOLOK SELATAN, SUMATERA BARAT",9,11,128,139
https://kawalpemilu.org#13646,"BOMAS, SUNGAI PAGU, SOLOK SELATAN, SUMATERA BARAT",10,7,158,165
https://kawalpemilu.org#13646,"BOMAS, SUNGAI PAGU, SOLOK SELATAN, SUMATERA BARAT",11,23,122,145
https://kawalpemilu.org#13646,"BOMAS, SUNGAI PAGU, SOLOK SELATAN, SUMATERA BARAT",12,6,175,181
https://kawalpemilu.org#13646,"BOMAS, SUNGAI PAGU, SOLOK SELATAN, SUMATERA BARAT",13,13,139,152
https://kawalpemilu.org#13647,"SAKO UTARA PASIA TALANG, SUNGAI PAGU, SOLOK SELATAN, SUMATERA BARAT",1,11,189,200
https://kawalpemilu.org#13647,"SAKO UTARA PASIA TALANG, SUNGAI PAGU, SOLOK SELATAN, SUMATERA BARAT",2,16,186,202
https://kawalpemilu.org#13647,"SAKO UTARA PASIA TALANG, SUNGAI PAGU, SOLOK SELATAN, SUMATERA BARAT",3,10,212,222
https://kawalpemilu.org#13647,"SAKO UTARA PASIA TALANG, SUNGAI PAGU, SOLOK SELATAN, SUMATERA BARAT",4,15,148,163
https://kawalpemilu.org#13647,"SAKO UTARA PASIA TALANG, SUNGAI PAGU, SOLOK SELATAN, SUMATERA BARAT",5,19,198,217
https://kawalpemilu.org#13647,"SAKO UTARA PASIA TALANG, SUNGAI PAGU, SOLOK SELATAN, SUMATERA BARAT",6,18,142,160
https://kawalpemilu.org#13648,"SAKO SELATAN PASIA TALANG, SUNGAI PAGU, SOLOK SELATAN, SUMATERA BARAT",1,13,150,163
https://kawalpemilu.org#13648,"SAKO SELATAN PASIA TALANG, SUNGAI PAGU, SOLOK SELATAN, SUMATERA BARAT",2,9,144,153
https://kawalpemilu.org#13648,"SAKO SELATAN PASIA TALANG, SUNGAI PAGU, SOLOK SELATAN, SUMATERA BARAT",3,9,163,172
https://kawalpemilu.org#13648,"SAKO SELATAN PASIA TALANG, SUNGAI PAGU, SOLOK SELATAN, SUMATERA BARAT",4,20,223,243
https://kawalpemilu.org#13648,"SAKO SELATAN PASIA TALANG, SUNGAI PAGU, SOLOK SELATAN, SUMATERA BARAT",5,11,170,181
https://kawalpemilu.org#13648,"SAKO SELATAN PASIA TALANG, SUNGAI PAGU, SOLOK SELATAN, SUMATERA BARAT",6,8,160,168
https://kawalpemilu.org#13648,"SAKO SELATAN PASIA TALANG, SUNGAI PAGU, SOLOK SELATAN, SUMATERA BARAT",7,2,139,141
https://kawalpemilu.org#13649,"PASIR TALANG BARAT, SUNGAI PAGU, SOLOK SELATAN, SUMATERA BARAT",1,20,126,146
https://kawalpemilu.org#13649,"PASIR TALANG BARAT, SUNGAI PAGU, SOLOK SELATAN, SUMATERA BARAT",2,32,115,147
https://kawalpemilu.org#13649,"PASIR TALANG BARAT, SUNGAI PAGU, SOLOK SELATAN, SUMATERA BARAT",3,32,218,250
https://kawalpemilu.org#13649,"PASIR TALANG BARAT, SUNGAI PAGU, SOLOK SELATAN, SUMATERA BARAT",4,12,120,132
https://kawalpemilu.org#13649,"PASIR TALANG BARAT, SUNGAI PAGU, SOLOK SELATAN, SUMATERA BARAT",5,23,138,161
https://kawalpemilu.org#13649,"PASIR TALANG BARAT, SUNGAI PAGU, SOLOK SELATAN, SUMATERA BARAT",6,33,190,223
https://kawalpemilu.org#13649,"PASIR TALANG BARAT, SUNGAI PAGU, SOLOK SELATAN, SUMATERA BARAT",7,8,139,147
https://kawalpemilu.org#13649,"PASIR TALANG BARAT, SUNGAI PAGU, SOLOK SELATAN, SUMATERA BARAT",8,24,151,175
https://kawalpemilu.org#13649,"PASIR TALANG BARAT, SUNGAI PAGU, SOLOK SELATAN, SUMATERA BARAT",9,27,141,168
https://kawalpemilu.org#13650,"PASIR TALANG TIMUR, SUNGAI PAGU, SOLOK SELATAN, SUMATERA BARAT",1,36,211,247
https://kawalpemilu.org#13650,"PASIR TALANG TIMUR, SUNGAI PAGU, SOLOK SELATAN, SUMATERA BARAT",2,17,191,208
https://kawalpemilu.org#13650,"PASIR TALANG TIMUR, SUNGAI PAGU, SOLOK SELATAN, SUMATERA BARAT",3,21,141,162
https://kawalpemilu.org#13650,"PASIR TALANG TIMUR, SUNGAI PAGU, SOLOK SELATAN, SUMATERA BARAT",4,25,201,226
https://kawalpemilu.org#13650,"PASIR TALANG TIMUR, SUNGAI PAGU, SOLOK SELATAN, SUMATERA BARAT",5,14,138,152
https://kawalpemilu.org#13650,"PASIR TALANG TIMUR, SUNGAI PAGU, SOLOK SELATAN, SUMATERA BARAT",6,17,129,146
https://kawalpemilu.org#13651,"PASIR TALANG SELATAN, SUNGAI PAGU, SOLOK SELATAN, SUMATERA BARAT",1,25,148,173
https://kawalpemilu.org#13651,"PASIR TALANG SELATAN, SUNGAI PAGU, SOLOK SELATAN, SUMATERA BARAT",2,16,112,128
https://kawalpemilu.org#13651,"PASIR TALANG SELATAN, SUNGAI PAGU, SOLOK SELATAN, SUMATERA BARAT",3,14,137,151
https://kawalpemilu.org#13651,"PASIR TALANG SELATAN, SUNGAI PAGU, SOLOK SELATAN, SUMATERA BARAT",4,30,98,128
https://kawalpemilu.org#13651,"PASIR TALANG SELATAN, SUNGAI PAGU, SOLOK SELATAN, SUMATERA BARAT",5,22,198,220
https://kawalpemilu.org#13651,"PASIR TALANG SELATAN, SUNGAI PAGU, SOLOK SELATAN, SUMATERA BARAT",6,44,154,198
https://kawalpemilu.org#13651,"PASIR TALANG SELATAN, SUNGAI PAGU, SOLOK SELATAN, SUMATERA BARAT",7,9,115,124
https://kawalpemilu.org#13651,"PASIR TALANG SELATAN, SUNGAI PAGU, SOLOK SELATAN, SUMATERA BARAT",8,18,152,170
https://kawalpemilu.org#13651,"PASIR TALANG SELATAN, SUNGAI PAGU, SOLOK SELATAN, SUMATERA BARAT",9,20,152,172
https://kawalpemilu.org#13651,"PASIR TALANG SELATAN, SUNGAI PAGU, SOLOK SELATAN, SUMATERA BARAT",10,10,112,122
https://kawalpemilu.org#13651,"PASIR TALANG SELATAN, SUNGAI PAGU, SOLOK SELATAN, SUMATERA BARAT",11,14,162,176
https://kawalpemilu.org#13651,"PASIR TALANG SELATAN, SUNGAI PAGU, SOLOK SELATAN, SUMATERA BARAT",12,26,121,147
https://kawalpemilu.org#13653,"PAKAN RABAA, KOTO PARIK GADANG DIATEH, SOLOK SELATAN, SUMATERA BARAT",1,14,194,208
https://kawalpemilu.org#13653,"PAKAN RABAA, KOTO PARIK GADANG DIATEH, SOLOK SELATAN, SUMATERA BARAT",2,16,202,218
https://kawalpemilu.org#13653,"PAKAN RABAA, KOTO PARIK GADANG DIATEH, SOLOK SELATAN, SUMATERA BARAT",3,27,204,231
https://kawalpemilu.org#13653,"PAKAN RABAA, KOTO PARIK GADANG DIATEH, SOLOK SELATAN, SUMATERA BARAT",4,11,169,180
https://kawalpemilu.org#13653,"PAKAN RABAA, KOTO PARIK GADANG DIATEH, SOLOK SELATAN, SUMATERA BARAT",5,12,177,190
https://kawalpemilu.org#13653,"PAKAN RABAA, KOTO PARIK GADANG DIATEH, SOLOK SELATAN, SUMATERA BARAT",6,7,144,151
https://kawalpemilu.org#13653,"PAKAN RABAA, KOTO PARIK GADANG DIATEH, SOLOK SELATAN, SUMATERA BARAT",7,12,195,207
https://kawalpemilu.org#13653,"PAKAN RABAA, KOTO PARIK GADANG DIATEH, SOLOK SELATAN, SUMATERA BARAT",8,16,126,142
https://kawalpemilu.org#13653,"PAKAN RABAA, KOTO PARIK GADANG DIATEH, SOLOK SELATAN, SUMATERA BARAT",9,10,145,155
https://kawalpemilu.org#13653,"PAKAN RABAA, KOTO PARIK GADANG DIATEH, SOLOK SELATAN, SUMATERA BARAT",10,12,180,192
https://kawalpemilu.org#13653,"PAKAN RABAA, KOTO PARIK GADANG DIATEH, SOLOK SELATAN, SUMATERA BARAT",11,12,208,220
https://kawalpemilu.org#13653,"PAKAN RABAA, KOTO PARIK GADANG DIATEH, SOLOK SELATAN, SUMATERA BARAT",12,17,232,249
https://kawalpemilu.org#13653,"PAKAN RABAA, KOTO PARIK GADANG DIATEH, SOLOK SELATAN, SUMATERA BARAT",13,8,159,167
https://kawalpemilu.org#13653,"PAKAN RABAA, KOTO PARIK GADANG DIATEH, SOLOK SELATAN, SUMATERA BARAT",14,11,136,147
https://kawalpemilu.org#13653,"PAKAN RABAA, KOTO PARIK GADANG DIATEH, SOLOK SELATAN, SUMATERA BARAT",15,21,201,222
https://kawalpemilu.org#13653,"PAKAN RABAA, KOTO PARIK GADANG DIATEH, SOLOK SELATAN, SUMATERA BARAT",16,16,133,149
https://kawalpemilu.org#13653,"PAKAN RABAA, KOTO PARIK GADANG DIATEH, SOLOK SELATAN, SUMATERA BARAT",17,10,166,176
https://kawalpemilu.org#13653,"PAKAN RABAA, KOTO PARIK GADANG DIATEH, SOLOK SELATAN, SUMATERA BARAT",18,12,106,118
https://kawalpemilu.org#13653,"PAKAN RABAA, KOTO PARIK GADANG DIATEH, SOLOK SELATAN, SUMATERA BARAT",19,4,139,143
https://kawalpemilu.org#13653,"PAKAN RABAA, KOTO PARIK GADANG DIATEH, SOLOK SELATAN, SUMATERA BARAT",20,13,156,169
https://kawalpemilu.org#13654,"PAKAN RABAA TIMUR, KOTO PARIK GADANG DIATEH, SOLOK SELATAN, SUMATERA BARAT",1,25,95,120
https://kawalpemilu.org#13654,"PAKAN RABAA TIMUR, KOTO PARIK GADANG DIATEH, SOLOK SELATAN, SUMATERA BARAT",2,32,125,157
https://kawalpemilu.org#13654,"PAKAN RABAA TIMUR, KOTO PARIK GADANG DIATEH, SOLOK SELATAN, SUMATERA BARAT",3,27,136,163
https://kawalpemilu.org#13654,"PAKAN RABAA TIMUR, KOTO PARIK GADANG DIATEH, SOLOK SELATAN, SUMATERA BARAT",4,12,90,102
https://kawalpemilu.org#13654,"PAKAN RABAA TIMUR, KOTO PARIK GADANG DIATEH, SOLOK SELATAN, SUMATERA BARAT",5,36,187,223
https://kawalpemilu.org#13654,"PAKAN RABAA TIMUR, KOTO PARIK GADANG DIATEH, SOLOK SELATAN, SUMATERA BARAT",6,25,79,104
https://kawalpemilu.org#13654,"PAKAN RABAA TIMUR, KOTO PARIK GADANG DIATEH, SOLOK SELATAN, SUMATERA BARAT",7,46,132,178
https://kawalpemilu.org#13654,"PAKAN RABAA TIMUR, KOTO PARIK GADANG DIATEH, SOLOK SELATAN, SUMATERA BARAT",8,72,120,192
https://kawalpemilu.org#13654,"PAKAN RABAA TIMUR, KOTO PARIK GADANG DIATEH, SOLOK SELATAN, SUMATERA BARAT",9,32,91,123
https://kawalpemilu.org#13654,"PAKAN RABAA TIMUR, KOTO PARIK GADANG DIATEH, SOLOK SELATAN, SUMATERA BARAT",10,17,100,117
https://kawalpemilu.org#13654,"PAKAN RABAA TIMUR, KOTO PARIK GADANG DIATEH, SOLOK SELATAN, SUMATERA BARAT",11,22,92,114
https://kawalpemilu.org#13654,"PAKAN RABAA TIMUR, KOTO PARIK GADANG DIATEH, SOLOK SELATAN, SUMATERA BARAT",12,14,135,149
https://kawalpemilu.org#13654,"PAKAN RABAA TIMUR, KOTO PARIK GADANG DIATEH, SOLOK SELATAN, SUMATERA BARAT",13,29,72,101
https://kawalpemilu.org#13654,"PAKAN RABAA TIMUR, KOTO PARIK GADANG DIATEH, SOLOK SELATAN, SUMATERA BARAT",14,26,69,95
https://kawalpemilu.org#13655,"PAKAN RABAA UTARA, KOTO PARIK GADANG DIATEH, SOLOK SELATAN, SUMATERA BARAT",1,20,95,115
https://kawalpemilu.org#13655,"PAKAN RABAA UTARA, KOTO PARIK GADANG DIATEH, SOLOK SELATAN, SUMATERA BARAT",2,19,133,152
https://kawalpemilu.org#13655,"PAKAN RABAA UTARA, KOTO PARIK GADANG DIATEH, SOLOK SELATAN, SUMATERA BARAT",3,25,116,141
https://kawalpemilu.org#13655,"PAKAN RABAA UTARA, KOTO PARIK GADANG DIATEH, SOLOK SELATAN, SUMATERA BARAT",4,5,142,147
https://kawalpemilu.org#13655,"PAKAN RABAA UTARA, KOTO PARIK GADANG DIATEH, SOLOK SELATAN, SUMATERA BARAT",5,17,197,214
https://kawalpemilu.org#13655,"PAKAN RABAA UTARA, KOTO PARIK GADANG DIATEH, SOLOK SELATAN, SUMATERA BARAT",6,11,128,139
https://kawalpemilu.org#13655,"PAKAN RABAA UTARA, KOTO PARIK GADANG DIATEH, SOLOK SELATAN, SUMATERA BARAT",7,25,148,173
https://kawalpemilu.org#13655,"PAKAN RABAA UTARA, KOTO PARIK GADANG DIATEH, SOLOK SELATAN, SUMATERA BARAT",8,17,149,166
https://kawalpemilu.org#13655,"PAKAN RABAA UTARA, KOTO PARIK GADANG DIATEH, SOLOK SELATAN, SUMATERA BARAT",9,20,134,154
https://kawalpemilu.org#13655,"PAKAN RABAA UTARA, KOTO PARIK GADANG DIATEH, SOLOK SELATAN, SUMATERA BARAT",10,26,133,159
https://kawalpemilu.org#13655,"PAKAN RABAA UTARA, KOTO PARIK GADANG DIATEH, SOLOK SELATAN, SUMATERA BARAT",11,15,109,124
https://kawalpemilu.org#13655,"PAKAN RABAA UTARA, KOTO PARIK GADANG DIATEH, SOLOK SELATAN, SUMATERA BARAT",12,13,109,122
https://kawalpemilu.org#13655,"PAKAN RABAA UTARA, KOTO PARIK GADANG DIATEH, SOLOK SELATAN, SUMATERA BARAT",13,19,104,123
https://kawalpemilu.org#13655,"PAKAN RABAA UTARA, KOTO PARIK GADANG DIATEH, SOLOK SELATAN, SUMATERA BARAT",14,28,135,163
https://kawalpemilu.org#13655,"PAKAN RABAA UTARA, KOTO PARIK GADANG DIATEH, SOLOK SELATAN, SUMATERA BARAT",15,19,98,117
https://kawalpemilu.org#13655,"PAKAN RABAA UTARA, KOTO PARIK GADANG DIATEH, SOLOK SELATAN, SUMATERA BARAT",16,17,77,94
https://kawalpemilu.org#13655,"PAKAN RABAA UTARA, KOTO PARIK GADANG DIATEH, SOLOK SELATAN, SUMATERA BARAT",17,24,124,148
https://kawalpemilu.org#13655,"PAKAN RABAA UTARA, KOTO PARIK GADANG DIATEH, SOLOK SELATAN, SUMATERA BARAT",18,16,118,134
https://kawalpemilu.org#13655,"PAKAN RABAA UTARA, KOTO PARIK GADANG DIATEH, SOLOK SELATAN, SUMATERA BARAT",19,3,117,120
https://kawalpemilu.org#13655,"PAKAN RABAA UTARA, KOTO PARIK GADANG DIATEH, SOLOK SELATAN, SUMATERA BARAT",20,24,147,171
https://kawalpemilu.org#13655,"PAKAN RABAA UTARA, KOTO PARIK GADANG DIATEH, SOLOK SELATAN, SUMATERA BARAT",21,26,171,197
https://kawalpemilu.org#13655,"PAKAN RABAA UTARA, KOTO PARIK GADANG DIATEH, SOLOK SELATAN, SUMATERA BARAT",22,12,78,90
https://kawalpemilu.org#13655,"PAKAN RABAA UTARA, KOTO PARIK GADANG DIATEH, SOLOK SELATAN, SUMATERA BARAT",23,22,109,131
https://kawalpemilu.org#13655,"PAKAN RABAA UTARA, KOTO PARIK GADANG DIATEH, SOLOK SELATAN, SUMATERA BARAT",24,28,94,122
https://kawalpemilu.org#13655,"PAKAN RABAA UTARA, KOTO PARIK GADANG DIATEH, SOLOK SELATAN, SUMATERA BARAT",25,23,111,134
https://kawalpemilu.org#13656,"PAKAN RABAA TENGAH, KOTO PARIK GADANG DIATEH, SOLOK SELATAN, SUMATERA BARAT",1,6,123,129
https://kawalpemilu.org#13656,"PAKAN RABAA TENGAH, KOTO PARIK GADANG DIATEH, SOLOK SELATAN, SUMATERA BARAT",2,14,117,131
https://kawalpemilu.org#13656,"PAKAN RABAA TENGAH, KOTO PARIK GADANG DIATEH, SOLOK SELATAN, SUMATERA BARAT",3,11,162,173
https://kawalpemilu.org#13656,"PAKAN RABAA TENGAH, KOTO PARIK GADANG DIATEH, SOLOK SELATAN, SUMATERA BARAT",4,25,192,217
https://kawalpemilu.org#13656,"PAKAN RABAA TENGAH, KOTO PARIK GADANG DIATEH, SOLOK SELATAN, SUMATERA BARAT",5,14,130,144
https://kawalpemilu.org#13656,"PAKAN RABAA TENGAH, KOTO PARIK GADANG DIATEH, SOLOK SELATAN, SUMATERA BARAT",6,7,100,107
https://kawalpemilu.org#13656,"PAKAN RABAA TENGAH, KOTO PARIK GADANG DIATEH, SOLOK SELATAN, SUMATERA BARAT",7,9,82,91
https://kawalpemilu.org#13656,"PAKAN RABAA TENGAH, KOTO PARIK GADANG DIATEH, SOLOK SELATAN, SUMATERA BARAT",8,16,125,141
https://kawalpemilu.org#13656,"PAKAN RABAA TENGAH, KOTO PARIK GADANG DIATEH, SOLOK SELATAN, SUMATERA BARAT",9,15,135,150
https://kawalpemilu.org#13656,"PAKAN RABAA TENGAH, KOTO PARIK GADANG DIATEH, SOLOK SELATAN, SUMATERA BARAT",10,0,122,122
https://kawalpemilu.org#13656,"PAKAN RABAA TENGAH, KOTO PARIK GADANG DIATEH, SOLOK SELATAN, SUMATERA BARAT",11,24,136,160
https://kawalpemilu.org#13656,"PAKAN RABAA TENGAH, KOTO PARIK GADANG DIATEH, SOLOK SELATAN, SUMATERA BARAT",12,18,136,154
https://kawalpemilu.org#13656,"PAKAN RABAA TENGAH, KOTO PARIK GADANG DIATEH, SOLOK SELATAN, SUMATERA BARAT",13,36,159,195
https://kawalpemilu.org#13656,"PAKAN RABAA TENGAH, KOTO PARIK GADANG DIATEH, SOLOK SELATAN, SUMATERA BARAT",14,10,149,159
https://kawalpemilu.org#13656,"PAKAN RABAA TENGAH, KOTO PARIK GADANG DIATEH, SOLOK SELATAN, SUMATERA BARAT",15,8,125,133
https://kawalpemilu.org#13656,"PAKAN RABAA TENGAH, KOTO PARIK GADANG DIATEH, SOLOK SELATAN, SUMATERA BARAT",16,5,118,123
https://kawalpemilu.org#13656,"PAKAN RABAA TENGAH, KOTO PARIK GADANG DIATEH, SOLOK SELATAN, SUMATERA BARAT",17,6,145,151
https://kawalpemilu.org#13656,"PAKAN RABAA TENGAH, KOTO PARIK GADANG DIATEH, SOLOK SELATAN, SUMATERA BARAT",18,13,134,147
https://kawalpemilu.org#13656,"PAKAN RABAA TENGAH, KOTO PARIK GADANG DIATEH, SOLOK SELATAN, SUMATERA BARAT",19,12,158,170
https://kawalpemilu.org#13656,"PAKAN RABAA TENGAH, KOTO PARIK GADANG DIATEH, SOLOK SELATAN, SUMATERA BARAT",20,11,121,132
https://kawalpemilu.org#13656,"PAKAN RABAA TENGAH, KOTO PARIK GADANG DIATEH, SOLOK SELATAN, SUMATERA BARAT",21,15,171,186
https://kawalpemilu.org#13656,"PAKAN RABAA TENGAH, KOTO PARIK GADANG DIATEH, SOLOK SELATAN, SUMATERA BARAT",22,7,152,159
https://kawalpemilu.org#13656,"PAKAN RABAA TENGAH, KOTO PARIK GADANG DIATEH, SOLOK SELATAN, SUMATERA BARAT",23,10,152,162
https://kawalpemilu.org#13656,"PAKAN RABAA TENGAH, KOTO PARIK GADANG DIATEH, SOLOK SELATAN, SUMATERA BARAT",24,8,99,107
https://kawalpemilu.org#13656,"PAKAN RABAA TENGAH, KOTO PARIK GADANG DIATEH, SOLOK SELATAN, SUMATERA BARAT",25,14,162,176
https://kawalpemilu.org#13656,"PAKAN RABAA TENGAH, KOTO PARIK GADANG DIATEH, SOLOK SELATAN, SUMATERA BARAT",26,8,113,121
https://kawalpemilu.org#13656,"PAKAN RABAA TENGAH, KOTO PARIK GADANG DIATEH, SOLOK SELATAN, SUMATERA BARAT",27,13,147,160
https://kawalpemilu.org#13656,"PAKAN RABAA TENGAH, KOTO PARIK GADANG DIATEH, SOLOK SELATAN, SUMATERA BARAT",28,12,162,174
https://kawalpemilu.org#13656,"PAKAN RABAA TENGAH, KOTO PARIK GADANG DIATEH, SOLOK SELATAN, SUMATERA BARAT",29,12,136,148
https://kawalpemilu.org#13656,"PAKAN RABAA TENGAH, KOTO PARIK GADANG DIATEH, SOLOK SELATAN, SUMATERA BARAT",30,8,121,129
https://kawalpemilu.org#13656,"PAKAN RABAA TENGAH, KOTO PARIK GADANG DIATEH, SOLOK SELATAN, SUMATERA BARAT",31,13,128,141
https://kawalpemilu.org#13656,"PAKAN RABAA TENGAH, KOTO PARIK GADANG DIATEH, SOLOK SELATAN, SUMATERA BARAT",32,7,92,99
https://kawalpemilu.org#13658,"LUBUK MALAKO, SANGIR JUJUAN, SOLOK SELATAN, SUMATERA BARAT",1,6,140,146
https://kawalpemilu.org#13658,"LUBUK MALAKO, SANGIR JUJUAN, SOLOK SELATAN, SUMATERA BARAT",2,9,192,201
https://kawalpemilu.org#13658,"LUBUK MALAKO, SANGIR JUJUAN, SOLOK SELATAN, SUMATERA BARAT",3,4,163,167
https://kawalpemilu.org#13658,"LUBUK MALAKO, SANGIR JUJUAN, SOLOK SELATAN, SUMATERA BARAT",4,11,168,179
https://kawalpemilu.org#13658,"LUBUK MALAKO, SANGIR JUJUAN, SOLOK SELATAN, SUMATERA BARAT",5,6,200,206
https://kawalpemilu.org#13658,"LUBUK MALAKO, SANGIR JUJUAN, SOLOK SELATAN, SUMATERA BARAT",6,0,238,238
https://kawalpemilu.org#13658,"LUBUK MALAKO, SANGIR JUJUAN, SOLOK SELATAN, SUMATERA BARAT",7,11,146,157
https://kawalpemilu.org#13658,"LUBUK MALAKO, SANGIR JUJUAN, SOLOK SELATAN, SUMATERA BARAT",8,4,196,200
https://kawalpemilu.org#13658,"LUBUK MALAKO, SANGIR JUJUAN, SOLOK SELATAN, SUMATERA BARAT",9,14,148,162
https://kawalpemilu.org#13658,"LUBUK MALAKO, SANGIR JUJUAN, SOLOK SELATAN, SUMATERA BARAT",10,20,199,219
https://kawalpemilu.org#13658,"LUBUK MALAKO, SANGIR JUJUAN, SOLOK SELATAN, SUMATERA BARAT",11,6,64,70
https://kawalpemilu.org#13658,"LUBUK MALAKO, SANGIR JUJUAN, SOLOK SELATAN, SUMATERA BARAT",12,3,23,26
https://kawalpemilu.org#13658,"LUBUK MALAKO, SANGIR JUJUAN, SOLOK SELATAN, SUMATERA BARAT",13,6,138,144
https://kawalpemilu.org#13658,"LUBUK MALAKO, SANGIR JUJUAN, SOLOK SELATAN, SUMATERA BARAT",14,3,180,183
https://kawalpemilu.org#13658,"LUBUK MALAKO, SANGIR JUJUAN, SOLOK SELATAN, SUMATERA BARAT",15,4,148,152
https://kawalpemilu.org#13658,"LUBUK MALAKO, SANGIR JUJUAN, SOLOK SELATAN, SUMATERA BARAT",16,2,153,155
https://kawalpemilu.org#13658,"LUBUK MALAKO, SANGIR JUJUAN, SOLOK SELATAN, SUMATERA BARAT",17,18,140,158
https://kawalpemilu.org#13658,"LUBUK MALAKO, SANGIR JUJUAN, SOLOK SELATAN, SUMATERA BARAT",18,7,183,190
https://kawalpemilu.org#13658,"LUBUK MALAKO, SANGIR JUJUAN, SOLOK SELATAN, SUMATERA BARAT",19,4,129,133
https://kawalpemilu.org#13659,"BIDAR ALAM, SANGIR JUJUAN, SOLOK SELATAN, SUMATERA BARAT",1,21,165,186
https://kawalpemilu.org#13659,"BIDAR ALAM, SANGIR JUJUAN, SOLOK SELATAN, SUMATERA BARAT",2,11,165,176
https://kawalpemilu.org#13659,"BIDAR ALAM, SANGIR JUJUAN, SOLOK SELATAN, SUMATERA BARAT",3,4,152,156
https://kawalpemilu.org#13659,"BIDAR ALAM, SANGIR JUJUAN, SOLOK SELATAN, SUMATERA BARAT",4,13,143,156
https://kawalpemilu.org#13659,"BIDAR ALAM, SANGIR JUJUAN, SOLOK SELATAN, SUMATERA BARAT",5,19,197,216
https://kawalpemilu.org#13659,"BIDAR ALAM, SANGIR JUJUAN, SOLOK SELATAN, SUMATERA BARAT",6,14,171,185
https://kawalpemilu.org#13659,"BIDAR ALAM, SANGIR JUJUAN, SOLOK SELATAN, SUMATERA BARAT",7,15,184,199
https://kawalpemilu.org#13659,"BIDAR ALAM, SANGIR JUJUAN, SOLOK SELATAN, SUMATERA BARAT",8,12,98,110
https://kawalpemilu.org#13659,"BIDAR ALAM, SANGIR JUJUAN, SOLOK SELATAN, SUMATERA BARAT",9,21,147,168
https://kawalpemilu.org#13659,"BIDAR ALAM, SANGIR JUJUAN, SOLOK SELATAN, SUMATERA BARAT",10,6,169,175
https://kawalpemilu.org#13659,"BIDAR ALAM, SANGIR JUJUAN, SOLOK SELATAN, SUMATERA BARAT",11,4,89,93
https://kawalpemilu.org#13659,"BIDAR ALAM, SANGIR JUJUAN, SOLOK SELATAN, SUMATERA BARAT",12,14,94,108
https://kawalpemilu.org#13660,"PADANG AIR DINGIN, SANGIR JUJUAN, SOLOK SELATAN, SUMATERA BARAT",1,14,155,169
https://kawalpemilu.org#13660,"PADANG AIR DINGIN, SANGIR JUJUAN, SOLOK SELATAN, SUMATERA BARAT",2,10,157,167
https://kawalpemilu.org#13660,"PADANG AIR DINGIN, SANGIR JUJUAN, SOLOK SELATAN, SUMATERA BARAT",3,20,208,228
https://kawalpemilu.org#13660,"PADANG AIR DINGIN, SANGIR JUJUAN, SOLOK SELATAN, SUMATERA BARAT",4,22,179,201
https://kawalpemilu.org#13660,"PADANG AIR DINGIN, SANGIR JUJUAN, SOLOK SELATAN, SUMATERA BARAT",5,11,218,229
https://kawalpemilu.org#13660,"PADANG AIR DINGIN, SANGIR JUJUAN, SOLOK SELATAN, SUMATERA BARAT",6,23,202,225
https://kawalpemilu.org#13660,"PADANG AIR DINGIN, SANGIR JUJUAN, SOLOK SELATAN, SUMATERA BARAT",7,15,151,166
https://kawalpemilu.org#13660,"PADANG AIR DINGIN, SANGIR JUJUAN, SOLOK SELATAN, SUMATERA BARAT",8,16,186,202
https://kawalpemilu.org#13660,"PADANG AIR DINGIN, SANGIR JUJUAN, SOLOK SELATAN, SUMATERA BARAT",9,4,83,87
https://kawalpemilu.org#13661,"PADANG LIMAU SUNDAI, SANGIR JUJUAN, SOLOK SELATAN, SUMATERA BARAT",1,21,131,152
https://kawalpemilu.org#13661,"PADANG LIMAU SUNDAI, SANGIR JUJUAN, SOLOK SELATAN, SUMATERA BARAT",2,9,144,153
https://kawalpemilu.org#13661,"PADANG LIMAU SUNDAI, SANGIR JUJUAN, SOLOK SELATAN, SUMATERA BARAT",3,29,220,249
https://kawalpemilu.org#13661,"PADANG LIMAU SUNDAI, SANGIR JUJUAN, SOLOK SELATAN, SUMATERA BARAT",4,12,154,166
https://kawalpemilu.org#13662,"PADANG GANTIANG, SANGIR JUJUAN, SOLOK SELATAN, SUMATERA BARAT",1,8,257,265
https://kawalpemilu.org#13662,"PADANG GANTIANG, SANGIR JUJUAN, SOLOK SELATAN, SUMATERA BARAT",2,6,231,237
https://kawalpemilu.org#13662,"PADANG GANTIANG, SANGIR JUJUAN, SOLOK SELATAN, SUMATERA BARAT",3,4,168,172
https://kawalpemilu.org#13662,"PADANG GANTIANG, SANGIR JUJUAN, SOLOK SELATAN, SUMATERA BARAT",4,1,73,74
https://kawalpemilu.org#13664,"ABAI, SANGIR BATANG HARI, SOLOK SELATAN, SUMATERA BARAT",1,4,150,154
https://kawalpemilu.org#13664,"ABAI, SANGIR BATANG HARI, SOLOK SELATAN, SUMATERA BARAT",2,24,200,224
https://kawalpemilu.org#13664,"ABAI, SANGIR BATANG HARI, SOLOK SELATAN, SUMATERA BARAT",3,9,153,162
https://kawalpemilu.org#13664,"ABAI, SANGIR BATANG HARI, SOLOK SELATAN, SUMATERA BARAT",4,16,135,151
https://kawalpemilu.org#13664,"ABAI, SANGIR BATANG HARI, SOLOK SELATAN, SUMATERA BARAT",5,8,96,104
https://kawalpemilu.org#13664,"ABAI, SANGIR BATANG HARI, SOLOK SELATAN, SUMATERA BARAT",6,35,226,261
https://kawalpemilu.org#13664,"ABAI, SANGIR BATANG HARI, SOLOK SELATAN, SUMATERA BARAT",7,4,149,153
https://kawalpemilu.org#13664,"ABAI, SANGIR BATANG HARI, SOLOK SELATAN, SUMATERA BARAT",8,14,92,106
https://kawalpemilu.org#13664,"ABAI, SANGIR BATANG HARI, SOLOK SELATAN, SUMATERA BARAT",9,14,65,79
https://kawalpemilu.org#13664,"ABAI, SANGIR BATANG HARI, SOLOK SELATAN, SUMATERA BARAT",10,25,115,140
https://kawalpemilu.org#13664,"ABAI, SANGIR BATANG HARI, SOLOK SELATAN, SUMATERA BARAT",11,7,32,39
https://kawalpemilu.org#13664,"ABAI, SANGIR BATANG HARI, SOLOK SELATAN, SUMATERA BARAT",12,11,117,128
https://kawalpemilu.org#13664,"ABAI, SANGIR BATANG HARI, SOLOK SELATAN, SUMATERA BARAT",13,8,130,138
https://kawalpemilu.org#13664,"ABAI, SANGIR BATANG HARI, SOLOK SELATAN, SUMATERA BARAT",14,13,199,212
https://kawalpemilu.org#13664,"ABAI, SANGIR BATANG HARI, SOLOK SELATAN, SUMATERA BARAT",15,9,174,183
https://kawalpemilu.org#13664,"ABAI, SANGIR BATANG HARI, SOLOK SELATAN, SUMATERA BARAT",16,17,151,168
https://kawalpemilu.org#13664,"ABAI, SANGIR BATANG HARI, SOLOK SELATAN, SUMATERA BARAT",17,14,147,161
https://kawalpemilu.org#13664,"ABAI, SANGIR BATANG HARI, SOLOK SELATAN, SUMATERA BARAT",18,8,123,131
https://kawalpemilu.org#13664,"ABAI, SANGIR BATANG HARI, SOLOK SELATAN, SUMATERA BARAT",19,13,142,155
https://kawalpemilu.org#13664,"ABAI, SANGIR BATANG HARI, SOLOK SELATAN, SUMATERA BARAT",20,3,105,108
https://kawalpemilu.org#13664,"ABAI, SANGIR BATANG HARI, SOLOK SELATAN, SUMATERA BARAT",21,9,98,107
https://kawalpemilu.org#13664,"ABAI, SANGIR BATANG HARI, SOLOK SELATAN, SUMATERA BARAT",22,8,98,106
https://kawalpemilu.org#13665,"DUSUN TANGAH, SANGIR BATANG HARI, SOLOK SELATAN, SUMATERA BARAT",1,43,202,245
https://kawalpemilu.org#13665,"DUSUN TANGAH, SANGIR BATANG HARI, SOLOK SELATAN, SUMATERA BARAT",2,25,161,186
https://kawalpemilu.org#13665,"DUSUN TANGAH, SANGIR BATANG HARI, SOLOK SELATAN, SUMATERA BARAT",3,58,128,186
https://kawalpemilu.org#13665,"DUSUN TANGAH, SANGIR BATANG HARI, SOLOK SELATAN, SUMATERA BARAT",4,112,42,154
https://kawalpemilu.org#13665,"DUSUN TANGAH, SANGIR BATANG HARI, SOLOK SELATAN, SUMATERA BARAT",5,93,23,116
https://kawalpemilu.org#13665,"DUSUN TANGAH, SANGIR BATANG HARI, SOLOK SELATAN, SUMATERA BARAT",6,29,163,192
https://kawalpemilu.org#13665,"DUSUN TANGAH, SANGIR BATANG HARI, SOLOK SELATAN, SUMATERA BARAT",7,78,53,131
https://kawalpemilu.org#13666,"LUBUK ULANG ALING, SANGIR BATANG HARI, SOLOK SELATAN, SUMATERA BARAT",1,56,176,232
https://kawalpemilu.org#13666,"LUBUK ULANG ALING, SANGIR BATANG HARI, SOLOK SELATAN, SUMATERA BARAT",2,73,108,181
https://kawalpemilu.org#13666,"LUBUK ULANG ALING, SANGIR BATANG HARI, SOLOK SELATAN, SUMATERA BARAT",3,86,161,247
https://kawalpemilu.org#13666,"LUBUK ULANG ALING, SANGIR BATANG HARI, SOLOK SELATAN, SUMATERA BARAT",4,33,199,232
https://kawalpemilu.org#13666,"LUBUK ULANG ALING, SANGIR BATANG HARI, SOLOK SELATAN, SUMATERA BARAT",5,54,114,168
https://kawalpemilu.org#13667,"RANAH PANTAI CERMIN, SANGIR BATANG HARI, SOLOK SELATAN, SUMATERA BARAT",1,26,169,195
https://kawalpemilu.org#13667,"RANAH PANTAI CERMIN, SANGIR BATANG HARI, SOLOK SELATAN, SUMATERA BARAT",2,22,133,155
https://kawalpemilu.org#13667,"RANAH PANTAI CERMIN, SANGIR BATANG HARI, SOLOK SELATAN, SUMATERA BARAT",3,14,168,182
https://kawalpemilu.org#13667,"RANAH PANTAI CERMIN, SANGIR BATANG HARI, SOLOK SELATAN, SUMATERA BARAT",4,13,112,125
https://kawalpemilu.org#13667,"RANAH PANTAI CERMIN, SANGIR BATANG HARI, SOLOK SELATAN, SUMATERA BARAT",5,29,167,196
https://kawalpemilu.org#13667,"RANAH PANTAI CERMIN, SANGIR BATANG HARI, SOLOK SELATAN, SUMATERA BARAT",6,14,180,194
https://kawalpemilu.org#13667,"RANAH PANTAI CERMIN, SANGIR BATANG HARI, SOLOK SELATAN, SUMATERA BARAT",7,8,42,150
https://kawalpemilu.org#13667,"RANAH PANTAI CERMIN, SANGIR BATANG HARI, SOLOK SELATAN, SUMATERA BARAT",8,21,42,63
https://kawalpemilu.org#13668,"SITAPUS, SANGIR BATANG HARI, SOLOK SELATAN, SUMATERA BARAT",1,23,214,237
https://kawalpemilu.org#13668,"SITAPUS, SANGIR BATANG HARI, SOLOK SELATAN, SUMATERA BARAT",2,9,161,170
https://kawalpemilu.org#13668,"SITAPUS, SANGIR BATANG HARI, SOLOK SELATAN, SUMATERA BARAT",3,32,195,227
https://kawalpemilu.org#13668,"SITAPUS, SANGIR BATANG HARI, SOLOK SELATAN, SUMATERA BARAT",4,19,134,153
https://kawalpemilu.org#13669,"LUBUK ULANG ALING SELATAN, SANGIR BATANG HARI, SOLOK SELATAN, SUMATERA BARAT",1,33,150,183
https://kawalpemilu.org#13669,"LUBUK ULANG ALING SELATAN, SANGIR BATANG HARI, SOLOK SELATAN, SUMATERA BARAT",2,5,29,33
https://kawalpemilu.org#13669,"LUBUK ULANG ALING SELATAN, SANGIR BATANG HARI, SOLOK SELATAN, SUMATERA BARAT",3,5,54,59
https://kawalpemilu.org#13669,"LUBUK ULANG ALING SELATAN, SANGIR BATANG HARI, SOLOK SELATAN, SUMATERA BARAT",4,10,89,99
https://kawalpemilu.org#13669,"LUBUK ULANG ALING SELATAN, SANGIR BATANG HARI, SOLOK SELATAN, SUMATERA BARAT",5,20,82,102
https://kawalpemilu.org#13669,"LUBUK ULANG ALING SELATAN, SANGIR BATANG HARI, SOLOK SELATAN, SUMATERA BARAT",6,8,113,121
https://kawalpemilu.org#13669,"LUBUK ULANG ALING SELATAN, SANGIR BATANG HARI, SOLOK SELATAN, SUMATERA BARAT",7,17,74,91
https://kawalpemilu.org#13670,"LUBUK ULANG ALING TENGAH, SANGIR BATANG HARI, SOLOK SELATAN, SUMATERA BARAT",1,45,96,141
https://kawalpemilu.org#13670,"LUBUK ULANG ALING TENGAH, SANGIR BATANG HARI, SOLOK SELATAN, SUMATERA BARAT",2,38,140,178
https://kawalpemilu.org#13670,"LUBUK ULANG ALING TENGAH, SANGIR BATANG HARI, SOLOK SELATAN, SUMATERA BARAT",3,18,165,183
https://kawalpemilu.org#13670,"LUBUK ULANG ALING TENGAH, SANGIR BATANG HARI, SOLOK SELATAN, SUMATERA BARAT",4,36,79,115
https://kawalpemilu.org#13670,"LUBUK ULANG ALING TENGAH, SANGIR BATANG HARI, SOLOK SELATAN, SUMATERA BARAT",5,36,104,140
https://kawalpemilu.org#13672,"ALAM PAUH DUO, PAUH DUO, SOLOK SELATAN, SUMATERA BARAT",1,18,120,138
https://kawalpemilu.org#13672,"ALAM PAUH DUO, PAUH DUO, SOLOK SELATAN, SUMATERA BARAT",2,22,144,166
https://kawalpemilu.org#13672,"ALAM PAUH DUO, PAUH DUO, SOLOK SELATAN, SUMATERA BARAT",3,17,131,148
https://kawalpemilu.org#13672,"ALAM PAUH DUO, PAUH DUO, SOLOK SELATAN, SUMATERA BARAT",4,20,162,182
https://kawalpemilu.org#13672,"ALAM PAUH DUO, PAUH DUO, SOLOK SELATAN, SUMATERA BARAT",5,29,208,237
https://kawalpemilu.org#13672,"ALAM PAUH DUO, PAUH DUO, SOLOK SELATAN, SUMATERA BARAT",6,24,163,187
https://kawalpemilu.org#13672,"ALAM PAUH DUO, PAUH DUO, SOLOK SELATAN, SUMATERA BARAT",7,61,171,232
https://kawalpemilu.org#13672,"ALAM PAUH DUO, PAUH DUO, SOLOK SELATAN, SUMATERA BARAT",8,19,128,147
https://kawalpemilu.org#13672,"ALAM PAUH DUO, PAUH DUO, SOLOK SELATAN, SUMATERA BARAT",9,69,180,249
https://kawalpemilu.org#13672,"ALAM PAUH DUO, PAUH DUO, SOLOK SELATAN, SUMATERA BARAT",10,45,122,167
https://kawalpemilu.org#13672,"ALAM PAUH DUO, PAUH DUO, SOLOK SELATAN, SUMATERA BARAT",11,73,110,183
https://kawalpemilu.org#13672,"ALAM PAUH DUO, PAUH DUO, SOLOK SELATAN, SUMATERA BARAT",12,25,130,155
https://kawalpemilu.org#13672,"ALAM PAUH DUO, PAUH DUO, SOLOK SELATAN, SUMATERA BARAT",13,39,128,167
https://kawalpemilu.org#13672,"ALAM PAUH DUO, PAUH DUO, SOLOK SELATAN, SUMATERA BARAT",14,21,202,223
https://kawalpemilu.org#13672,"ALAM PAUH DUO, PAUH DUO, SOLOK SELATAN, SUMATERA BARAT",15,43,148,191
https://kawalpemilu.org#13672,"ALAM PAUH DUO, PAUH DUO, SOLOK SELATAN, SUMATERA BARAT",16,19,166,185
https://kawalpemilu.org#13672,"ALAM PAUH DUO, PAUH DUO, SOLOK SELATAN, SUMATERA BARAT",17,19,194,213
https://kawalpemilu.org#13672,"ALAM PAUH DUO, PAUH DUO, SOLOK SELATAN, SUMATERA BARAT",18,31,180,211
https://kawalpemilu.org#13672,"ALAM PAUH DUO, PAUH DUO, SOLOK SELATAN, SUMATERA BARAT",19,25,169,194
https://kawalpemilu.org#13672,"ALAM PAUH DUO, PAUH DUO, SOLOK SELATAN, SUMATERA BARAT",20,4,167,171
https://kawalpemilu.org#13672,"ALAM PAUH DUO, PAUH DUO, SOLOK SELATAN, SUMATERA BARAT",21,75,113,188
https://kawalpemilu.org#13672,"ALAM PAUH DUO, PAUH DUO, SOLOK SELATAN, SUMATERA BARAT",22,13,107,120
https://kawalpemilu.org#13672,"ALAM PAUH DUO, PAUH DUO, SOLOK SELATAN, SUMATERA BARAT",23,39,104,143
https://kawalpemilu.org#13672,"ALAM PAUH DUO, PAUH DUO, SOLOK SELATAN, SUMATERA BARAT",24,15,103,118
https://kawalpemilu.org#13672,"ALAM PAUH DUO, PAUH DUO, SOLOK SELATAN, SUMATERA BARAT",25,42,89,131
https://kawalpemilu.org#13673,"KAPAU ALAM PAUH DUO, PAUH DUO, SOLOK SELATAN, SUMATERA BARAT",1,16,196,212
https://kawalpemilu.org#13673,"KAPAU ALAM PAUH DUO, PAUH DUO, SOLOK SELATAN, SUMATERA BARAT",2,6,246,252
https://kawalpemilu.org#13673,"KAPAU ALAM PAUH DUO, PAUH DUO, SOLOK SELATAN, SUMATERA BARAT",3,4,174,178
https://kawalpemilu.org#13673,"KAPAU ALAM PAUH DUO, PAUH DUO, SOLOK SELATAN, SUMATERA BARAT",4,8,132,140
https://kawalpemilu.org#13673,"KAPAU ALAM PAUH DUO, PAUH DUO, SOLOK SELATAN, SUMATERA BARAT",5,5,116,121
https://kawalpemilu.org#13673,"KAPAU ALAM PAUH DUO, PAUH DUO, SOLOK SELATAN, SUMATERA BARAT",6,6,138,144
https://kawalpemilu.org#13673,"KAPAU ALAM PAUH DUO, PAUH DUO, SOLOK SELATAN, SUMATERA BARAT",7,12,127,139
https://kawalpemilu.org#13673,"KAPAU ALAM PAUH DUO, PAUH DUO, SOLOK SELATAN, SUMATERA BARAT",8,3,118,121
https://kawalpemilu.org#13673,"KAPAU ALAM PAUH DUO, PAUH DUO, SOLOK SELATAN, SUMATERA BARAT",9,5,136,141
https://kawalpemilu.org#13673,"KAPAU ALAM PAUH DUO, PAUH DUO, SOLOK SELATAN, SUMATERA BARAT",10,5,98,103
https://kawalpemilu.org#13673,"KAPAU ALAM PAUH DUO, PAUH DUO, SOLOK SELATAN, SUMATERA BARAT",11,17,134,151
https://kawalpemilu.org#13673,"KAPAU ALAM PAUH DUO, PAUH DUO, SOLOK SELATAN, SUMATERA BARAT",12,12,141,153
https://kawalpemilu.org#13673,"KAPAU ALAM PAUH DUO, PAUH DUO, SOLOK SELATAN, SUMATERA BARAT",13,4,86,90
https://kawalpemilu.org#13674,"LUAK KAPAU ALAM PAUH DUO, PAUH DUO, SOLOK SELATAN, SUMATERA BARAT",1,19,189,198
https://kawalpemilu.org#13674,"LUAK KAPAU ALAM PAUH DUO, PAUH DUO, SOLOK SELATAN, SUMATERA BARAT",2,9,207,216
https://kawalpemilu.org#13674,"LUAK KAPAU ALAM PAUH DUO, PAUH DUO, SOLOK SELATAN, SUMATERA BARAT",3,21,177,198
https://kawalpemilu.org#13674,"LUAK KAPAU ALAM PAUH DUO, PAUH DUO, SOLOK SELATAN, SUMATERA BARAT",4,14,217,231
https://kawalpemilu.org#13674,"LUAK KAPAU ALAM PAUH DUO, PAUH DUO, SOLOK SELATAN, SUMATERA BARAT",5,15,220,235
https://kawalpemilu.org#13674,"LUAK KAPAU ALAM PAUH DUO, PAUH DUO, SOLOK SELATAN, SUMATERA BARAT",6,11,218,229
https://kawalpemilu.org#13674,"LUAK KAPAU ALAM PAUH DUO, PAUH DUO, SOLOK SELATAN, SUMATERA BARAT",7,50,152,202
https://kawalpemilu.org#13674,"LUAK KAPAU ALAM PAUH DUO, PAUH DUO, SOLOK SELATAN, SUMATERA BARAT",8,42,193,235
https://kawalpemilu.org#13674,"LUAK KAPAU ALAM PAUH DUO, PAUH DUO, SOLOK SELATAN, SUMATERA BARAT",9,45,123,168
https://kawalpemilu.org#13674,"LUAK KAPAU ALAM PAUH DUO, PAUH DUO, SOLOK SELATAN, SUMATERA BARAT",10,11,179,190
https://kawalpemilu.org#13674,"LUAK KAPAU ALAM PAUH DUO, PAUH DUO, SOLOK SELATAN, SUMATERA BARAT",11,4,113,117
https://kawalpemilu.org#13674,"LUAK KAPAU ALAM PAUH DUO, PAUH DUO, SOLOK SELATAN, SUMATERA BARAT",12,15,91,106
https://kawalpemilu.org#13675,"PAUH DUO NAN BATIGO, PAUH DUO, SOLOK SELATAN, SUMATERA BARAT",1,23,172,195
https://kawalpemilu.org#13675,"PAUH DUO NAN BATIGO, PAUH DUO, SOLOK SELATAN, SUMATERA BARAT",2,12,157,169
https://kawalpemilu.org#13675,"PAUH DUO NAN BATIGO, PAUH DUO, SOLOK SELATAN, SUMATERA BARAT",3,8,115,123
https://kawalpemilu.org#13675,"PAUH DUO NAN BATIGO, PAUH DUO, SOLOK SELATAN, SUMATERA BARAT",4,11,157,168
https://kawalpemilu.org#13675,"PAUH DUO NAN BATIGO, PAUH DUO, SOLOK SELATAN, SUMATERA BARAT",5,7,144,151
https://kawalpemilu.org#13675,"PAUH DUO NAN BATIGO, PAUH DUO, SOLOK SELATAN, SUMATERA BARAT",6,10,192,202
https://kawalpemilu.org#13675,"PAUH DUO NAN BATIGO, PAUH DUO, SOLOK SELATAN, SUMATERA BARAT",7,11,119,130
https://kawalpemilu.org#13675,"PAUH DUO NAN BATIGO, PAUH DUO, SOLOK SELATAN, SUMATERA BARAT",8,27,158,185
https://kawalpemilu.org#13675,"PAUH DUO NAN BATIGO, PAUH DUO, SOLOK SELATAN, SUMATERA BARAT",9,43,129,172
https://kawalpemilu.org#13675,"PAUH DUO NAN BATIGO, PAUH DUO, SOLOK SELATAN, SUMATERA BARAT",10,13,132,145
https://kawalpemilu.org#13675,"PAUH DUO NAN BATIGO, PAUH DUO, SOLOK SELATAN, SUMATERA BARAT",11,17,101,118
https://kawalpemilu.org#13677,"SUNGAI KUNYIT, SANGIR BALAI JANGGO, SOLOK SELATAN, SUMATERA BARAT",1,60,92,152
https://kawalpemilu.org#13677,"SUNGAI KUNYIT, SANGIR BALAI JANGGO, SOLOK SELATAN, SUMATERA BARAT",2,81,140,221
https://kawalpemilu.org#13677,"SUNGAI KUNYIT, SANGIR BALAI JANGGO, SOLOK SELATAN, SUMATERA BARAT",3,32,185,217
https://kawalpemilu.org#13677,"SUNGAI KUNYIT, SANGIR BALAI JANGGO, SOLOK SELATAN, SUMATERA BARAT",4,48,148,196
https://kawalpemilu.org#13677,"SUNGAI KUNYIT, SANGIR BALAI JANGGO, SOLOK SELATAN, SUMATERA BARAT",5,24,75,99
https://kawalpemilu.org#13677,"SUNGAI KUNYIT, SANGIR BALAI JANGGO, SOLOK SELATAN, SUMATERA BARAT",6,36,42,78
https://kawalpemilu.org#13677,"SUNGAI KUNYIT, SANGIR BALAI JANGGO, SOLOK SELATAN, SUMATERA BARAT",7,8,36,44
https://kawalpemilu.org#13677,"SUNGAI KUNYIT, SANGIR BALAI JANGGO, SOLOK SELATAN, SUMATERA BARAT",8,74,83,157
https://kawalpemilu.org#13677,"SUNGAI KUNYIT, SANGIR BALAI JANGGO, SOLOK SELATAN, SUMATERA BARAT",9,64,65,129
https://kawalpemilu.org#13677,"SUNGAI KUNYIT, SANGIR BALAI JANGGO, SOLOK SELATAN, SUMATERA BARAT",10,94,112,206
https://kawalpemilu.org#13677,"SUNGAI KUNYIT, SANGIR BALAI JANGGO, SOLOK SELATAN, SUMATERA BARAT",11,8,21,29
https://kawalpemilu.org#13677,"SUNGAI KUNYIT, SANGIR BALAI JANGGO, SOLOK SELATAN, SUMATERA BARAT",12,19,20,39
https://kawalpemilu.org#13677,"SUNGAI KUNYIT, SANGIR BALAI JANGGO, SOLOK SELATAN, SUMATERA BARAT",13,49,28,77
https://kawalpemilu.org#13677,"SUNGAI KUNYIT, SANGIR BALAI JANGGO, SOLOK SELATAN, SUMATERA BARAT",14,7,96,103
https://kawalpemilu.org#13677,"SUNGAI KUNYIT, SANGIR BALAI JANGGO, SOLOK SELATAN, SUMATERA BARAT",15,45,140,185
https://kawalpemilu.org#13677,"SUNGAI KUNYIT, SANGIR BALAI JANGGO, SOLOK SELATAN, SUMATERA BARAT",16,39,97,136
https://kawalpemilu.org#13677,"SUNGAI KUNYIT, SANGIR BALAI JANGGO, SOLOK SELATAN, SUMATERA BARAT",17,20,87,107
https://kawalpemilu.org#13677,"SUNGAI KUNYIT, SANGIR BALAI JANGGO, SOLOK SELATAN, SUMATERA BARAT",18,4,44,48
https://kawalpemilu.org#13677,"SUNGAI KUNYIT, SANGIR BALAI JANGGO, SOLOK SELATAN, SUMATERA BARAT",19,71,74,145
https://kawalpemilu.org#13677,"SUNGAI KUNYIT, SANGIR BALAI JANGGO, SOLOK SELATAN, SUMATERA BARAT",20,14,98,112
https://kawalpemilu.org#13677,"SUNGAI KUNYIT, SANGIR BALAI JANGGO, SOLOK SELATAN, SUMATERA BARAT",21,32,186,218
https://kawalpemilu.org#13677,"SUNGAI KUNYIT, SANGIR BALAI JANGGO, SOLOK SELATAN, SUMATERA BARAT",22,24,15,39
https://kawalpemilu.org#13677,"SUNGAI KUNYIT, SANGIR BALAI JANGGO, SOLOK SELATAN, SUMATERA BARAT",23,16,73,89
https://kawalpemilu.org#13677,"SUNGAI KUNYIT, SANGIR BALAI JANGGO, SOLOK SELATAN, SUMATERA BARAT",24,16,24,40
https://kawalpemilu.org#13677,"SUNGAI KUNYIT, SANGIR BALAI JANGGO, SOLOK SELATAN, SUMATERA BARAT",25,46,60,106
https://kawalpemilu.org#13677,"SUNGAI KUNYIT, SANGIR BALAI JANGGO, SOLOK SELATAN, SUMATERA BARAT",26,9,88,97
https://kawalpemilu.org#13677,"SUNGAI KUNYIT, SANGIR BALAI JANGGO, SOLOK SELATAN, SUMATERA BARAT",27,53,51,104
https://kawalpemilu.org#13677,"SUNGAI KUNYIT, SANGIR BALAI JANGGO, SOLOK SELATAN, SUMATERA BARAT",28,27,66,93
https://kawalpemilu.org#13677,"SUNGAI KUNYIT, SANGIR BALAI JANGGO, SOLOK SELATAN, SUMATERA BARAT",29,39,83,122
https://kawalpemilu.org#13678,"TALAO SUNGAI KUNYIT, SANGIR BALAI JANGGO, SOLOK SELATAN, SUMATERA BARAT",1,3,121,124
https://kawalpemilu.org#13678,"TALAO SUNGAI KUNYIT, SANGIR BALAI JANGGO, SOLOK SELATAN, SUMATERA BARAT",2,7,89,96
https://kawalpemilu.org#13678,"TALAO SUNGAI KUNYIT, SANGIR BALAI JANGGO, SOLOK SELATAN, SUMATERA BARAT",3,9,120,129
https://kawalpemilu.org#13678,"TALAO SUNGAI KUNYIT, SANGIR BALAI JANGGO, SOLOK SELATAN, SUMATERA BARAT",4,8,185,193
https://kawalpemilu.org#13678,"TALAO SUNGAI KUNYIT, SANGIR BALAI JANGGO, SOLOK SELATAN, SUMATERA BARAT",5,4,94,98
https://kawalpemilu.org#13678,"TALAO SUNGAI KUNYIT, SANGIR BALAI JANGGO, SOLOK SELATAN, SUMATERA BARAT",6,31,56,87
https://kawalpemilu.org#13678,"TALAO SUNGAI KUNYIT, SANGIR BALAI JANGGO, SOLOK SELATAN, SUMATERA BARAT",7,46,90,136
https://kawalpemilu.org#13678,"TALAO SUNGAI KUNYIT, SANGIR BALAI JANGGO, SOLOK SELATAN, SUMATERA BARAT",8,7,42,49
https://kawalpemilu.org#13678,"TALAO SUNGAI KUNYIT, SANGIR BALAI JANGGO, SOLOK SELATAN, SUMATERA BARAT",9,41,143,184
https://kawalpemilu.org#13678,"TALAO SUNGAI KUNYIT, SANGIR BALAI JANGGO, SOLOK SELATAN, SUMATERA BARAT",10,32,188,220
https://kawalpemilu.org#13678,"TALAO SUNGAI KUNYIT, SANGIR BALAI JANGGO, SOLOK SELATAN, SUMATERA BARAT",11,4,21,25
https://kawalpemilu.org#13678,"TALAO SUNGAI KUNYIT, SANGIR BALAI JANGGO, SOLOK SELATAN, SUMATERA BARAT",12,19,170,189
https://kawalpemilu.org#13678,"TALAO SUNGAI KUNYIT, SANGIR BALAI JANGGO, SOLOK SELATAN, SUMATERA BARAT",13,2,59,61
https://kawalpemilu.org#13678,"TALAO SUNGAI KUNYIT, SANGIR BALAI JANGGO, SOLOK SELATAN, SUMATERA BARAT",14,22,189,211
https://kawalpemilu.org#13678,"TALAO SUNGAI KUNYIT, SANGIR BALAI JANGGO, SOLOK SELATAN, SUMATERA BARAT",15,12,52,64
https://kawalpemilu.org#13678,"TALAO SUNGAI KUNYIT, SANGIR BALAI JANGGO, SOLOK SELATAN, SUMATERA BARAT",16,29,84,113
https://kawalpemilu.org#13678,"TALAO SUNGAI KUNYIT, SANGIR BALAI JANGGO, SOLOK SELATAN, SUMATERA BARAT",17,4,35,39
https://kawalpemilu.org#13678,"TALAO SUNGAI KUNYIT, SANGIR BALAI JANGGO, SOLOK SELATAN, SUMATERA BARAT",18,4,9,13
https://kawalpemilu.org#13679,"SUNGAI KUNYIT BARAT, SANGIR BALAI JANGGO, SOLOK SELATAN, SUMATERA BARAT",1,24,85,109
https://kawalpemilu.org#13679,"SUNGAI KUNYIT BARAT, SANGIR BALAI JANGGO, SOLOK SELATAN, SUMATERA BARAT",2,21,98,119
https://kawalpemilu.org#13679,"SUNGAI KUNYIT BARAT, SANGIR BALAI JANGGO, SOLOK SELATAN, SUMATERA BARAT",4,45,95,140
https://kawalpemilu.org#13679,"SUNGAI KUNYIT BARAT, SANGIR BALAI JANGGO, SOLOK SELATAN, SUMATERA BARAT",5,8,54,62
https://kawalpemilu.org#13679,"SUNGAI KUNYIT BARAT, SANGIR BALAI JANGGO, SOLOK SELATAN, SUMATERA BARAT",6,55,175,230
https://kawalpemilu.org#13679,"SUNGAI KUNYIT BARAT, SANGIR BALAI JANGGO, SOLOK SELATAN, SUMATERA BARAT",7,26,113,139
https://kawalpemilu.org#13679,"SUNGAI KUNYIT BARAT, SANGIR BALAI JANGGO, SOLOK SELATAN, SUMATERA BARAT",8,26,117,143
https://kawalpemilu.org#13679,"SUNGAI KUNYIT BARAT, SANGIR BALAI JANGGO, SOLOK SELATAN, SUMATERA BARAT",9,57,76,133
https://kawalpemilu.org#13680,"TALUNAN MAJU, SANGIR BALAI JANGGO, SOLOK SELATAN, SUMATERA BARAT",1,125,117,242
https://kawalpemilu.org#13680,"TALUNAN MAJU, SANGIR BALAI JANGGO, SOLOK SELATAN, SUMATERA BARAT",2,0,0,0
https://kawalpemilu.org#13680,"TALUNAN MAJU, SANGIR BALAI JANGGO, SOLOK SELATAN, SUMATERA BARAT",3,0,0,0
https://kawalpemilu.org#13680,"TALUNAN MAJU, SANGIR BALAI JANGGO, SOLOK SELATAN, SUMATERA BARAT",4,51,152,203
https://kawalpemilu.org#13680,"TALUNAN MAJU, SANGIR BALAI JANGGO, SOLOK SELATAN, SUMATERA BARAT",5,40,128,168
https://kawalpemilu.org#13680,"TALUNAN MAJU, SANGIR BALAI JANGGO, SOLOK SELATAN, SUMATERA BARAT",6,124,113,237
https://kawalpemilu.org#13680,"TALUNAN MAJU, SANGIR BALAI JANGGO, SOLOK SELATAN, SUMATERA BARAT",7,69,62,131
https://kawalpemilu.org#13680,"TALUNAN MAJU, SANGIR BALAI JANGGO, SOLOK SELATAN, SUMATERA BARAT",8,15,136,151
https://kawalpemilu.org#13680,"TALUNAN MAJU, SANGIR BALAI JANGGO, SOLOK SELATAN, SUMATERA BARAT",9,72,59,131
https://kawalpemilu.org#13683,"AIA BANGIH, SUNGAI BEREMAS, PASAMAN BARAT, SUMATERA BARAT",1,6,195,201
https://kawalpemilu.org#13683,"AIA BANGIH, SUNGAI BEREMAS, PASAMAN BARAT, SUMATERA BARAT",2,0,182,182
https://kawalpemilu.org#13683,"AIA BANGIH, SUNGAI BEREMAS, PASAMAN BARAT, SUMATERA BARAT",3,4,176,180
https://kawalpemilu.org#13683,"AIA BANGIH, SUNGAI BEREMAS, PASAMAN BARAT, SUMATERA BARAT",4,83,100,183
https://kawalpemilu.org#13683,"AIA BANGIH, SUNGAI BEREMAS, PASAMAN BARAT, SUMATERA BARAT",5,65,136,201
https://kawalpemilu.org#13683,"AIA BANGIH, SUNGAI BEREMAS, PASAMAN BARAT, SUMATERA BARAT",6,25,122,147
https://kawalpemilu.org#13683,"AIA BANGIH, SUNGAI BEREMAS, PASAMAN BARAT, SUMATERA BARAT",7,14,136,150
https://kawalpemilu.org#13683,"AIA BANGIH, SUNGAI BEREMAS, PASAMAN BARAT, SUMATERA BARAT",8,5,137,142
https://kawalpemilu.org#13683,"AIA BANGIH, SUNGAI BEREMAS, PASAMAN BARAT, SUMATERA BARAT",9,11,150,161
https://kawalpemilu.org#13683,"AIA BANGIH, SUNGAI BEREMAS, PASAMAN BARAT, SUMATERA BARAT",10,8,147,155
https://kawalpemilu.org#13683,"AIA BANGIH, SUNGAI BEREMAS, PASAMAN BARAT, SUMATERA BARAT",11,12,150,162
https://kawalpemilu.org#13683,"AIA BANGIH, SUNGAI BEREMAS, PASAMAN BARAT, SUMATERA BARAT",12,7,129,136
https://kawalpemilu.org#13683,"AIA BANGIH, SUNGAI BEREMAS, PASAMAN BARAT, SUMATERA BARAT",13,10,155,165
https://kawalpemilu.org#13683,"AIA BANGIH, SUNGAI BEREMAS, PASAMAN BARAT, SUMATERA BARAT",14,23,175,198
https://kawalpemilu.org#13683,"AIA BANGIH, SUNGAI BEREMAS, PASAMAN BARAT, SUMATERA BARAT",15,25,196,221
https://kawalpemilu.org#13683,"AIA BANGIH, SUNGAI BEREMAS, PASAMAN BARAT, SUMATERA BARAT",16,18,148,166
https://kawalpemilu.org#13683,"AIA BANGIH, SUNGAI BEREMAS, PASAMAN BARAT, SUMATERA BARAT",17,15,177,192
https://kawalpemilu.org#13683,"AIA BANGIH, SUNGAI BEREMAS, PASAMAN BARAT, SUMATERA BARAT",18,9,164,173
https://kawalpemilu.org#13683,"AIA BANGIH, SUNGAI BEREMAS, PASAMAN BARAT, SUMATERA BARAT",19,15,151,166
https://kawalpemilu.org#13683,"AIA BANGIH, SUNGAI BEREMAS, PASAMAN BARAT, SUMATERA BARAT",20,11,147,158
https://kawalpemilu.org#13683,"AIA BANGIH, SUNGAI BEREMAS, PASAMAN BARAT, SUMATERA BARAT",21,12,154,166
https://kawalpemilu.org#13683,"AIA BANGIH, SUNGAI BEREMAS, PASAMAN BARAT, SUMATERA BARAT",22,7,176,183
https://kawalpemilu.org#13683,"AIA BANGIH, SUNGAI BEREMAS, PASAMAN BARAT, SUMATERA BARAT",23,23,179,202
https://kawalpemilu.org#13683,"AIA BANGIH, SUNGAI BEREMAS, PASAMAN BARAT, SUMATERA BARAT",24,22,137,159
https://kawalpemilu.org#13683,"AIA BANGIH, SUNGAI BEREMAS, PASAMAN BARAT, SUMATERA BARAT",25,10,147,157
https://kawalpemilu.org#13683,"AIA BANGIH, SUNGAI BEREMAS, PASAMAN BARAT, SUMATERA BARAT",26,19,176,195
https://kawalpemilu.org#13683,"AIA BANGIH, SUNGAI BEREMAS, PASAMAN BARAT, SUMATERA BARAT",27,18,174,192
https://kawalpemilu.org#13683,"AIA BANGIH, SUNGAI BEREMAS, PASAMAN BARAT, SUMATERA BARAT",28,19,55,74
https://kawalpemilu.org#13683,"AIA BANGIH, SUNGAI BEREMAS, PASAMAN BARAT, SUMATERA BARAT",29,17,151,169
https://kawalpemilu.org#13683,"AIA BANGIH, SUNGAI BEREMAS, PASAMAN BARAT, SUMATERA BARAT",30,19,134,155
https://kawalpemilu.org#13683,"AIA BANGIH, SUNGAI BEREMAS, PASAMAN BARAT, SUMATERA BARAT",31,9,163,172
https://kawalpemilu.org#13683,"AIA BANGIH, SUNGAI BEREMAS, PASAMAN BARAT, SUMATERA BARAT",32,10,157,167
https://kawalpemilu.org#13683,"AIA BANGIH, SUNGAI BEREMAS, PASAMAN BARAT, SUMATERA BARAT",33,12,137,149
https://kawalpemilu.org#13683,"AIA BANGIH, SUNGAI BEREMAS, PASAMAN BARAT, SUMATERA BARAT",34,23,143,166
https://kawalpemilu.org#13683,"AIA BANGIH, SUNGAI BEREMAS, PASAMAN BARAT, SUMATERA BARAT",35,25,133,158
https://kawalpemilu.org#13683,"AIA BANGIH, SUNGAI BEREMAS, PASAMAN BARAT, SUMATERA BARAT",36,20,123,143
https://kawalpemilu.org#13683,"AIA BANGIH, SUNGAI BEREMAS, PASAMAN BARAT, SUMATERA BARAT",37,30,181,211
https://kawalpemilu.org#13683,"AIA BANGIH, SUNGAI BEREMAS, PASAMAN BARAT, SUMATERA BARAT",38,32,108,140
https://kawalpemilu.org#13683,"AIA BANGIH, SUNGAI BEREMAS, PASAMAN BARAT, SUMATERA BARAT",39,34,107,141
https://kawalpemilu.org#13683,"AIA BANGIH, SUNGAI BEREMAS, PASAMAN BARAT, SUMATERA BARAT",40,48,105,153
https://kawalpemilu.org#13683,"AIA BANGIH, SUNGAI BEREMAS, PASAMAN BARAT, SUMATERA BARAT",41,49,58,107
https://kawalpemilu.org#13683,"AIA BANGIH, SUNGAI BEREMAS, PASAMAN BARAT, SUMATERA BARAT",42,47,63,110
https://kawalpemilu.org#13683,"AIA BANGIH, SUNGAI BEREMAS, PASAMAN BARAT, SUMATERA BARAT",43,25,53,78
https://kawalpemilu.org#13683,"AIA BANGIH, SUNGAI BEREMAS, PASAMAN BARAT, SUMATERA BARAT",44,23,10,33
https://kawalpemilu.org#13683,"AIA BANGIH, SUNGAI BEREMAS, PASAMAN BARAT, SUMATERA BARAT",45,20,117,137
https://kawalpemilu.org#13683,"AIA BANGIH, SUNGAI BEREMAS, PASAMAN BARAT, SUMATERA BARAT",46,10,151,161
https://kawalpemilu.org#13683,"AIA BANGIH, SUNGAI BEREMAS, PASAMAN BARAT, SUMATERA BARAT",47,8,140,148
https://kawalpemilu.org#13683,"AIA BANGIH, SUNGAI BEREMAS, PASAMAN BARAT, SUMATERA BARAT",48,12,139,151
https://kawalpemilu.org#13683,"AIA BANGIH, SUNGAI BEREMAS, PASAMAN BARAT, SUMATERA BARAT",49,10,180,190
https://kawalpemilu.org#13683,"AIA BANGIH, SUNGAI BEREMAS, PASAMAN BARAT, SUMATERA BARAT",50,11,181,192
https://kawalpemilu.org#13683,"AIA BANGIH, SUNGAI BEREMAS, PASAMAN BARAT, SUMATERA BARAT",51,8,162,170
https://kawalpemilu.org#13683,"AIA BANGIH, SUNGAI BEREMAS, PASAMAN BARAT, SUMATERA BARAT",52,15,173,188
https://kawalpemilu.org#13683,"AIA BANGIH, SUNGAI BEREMAS, PASAMAN BARAT, SUMATERA BARAT",53,9,154,163
https://kawalpemilu.org#13683,"AIA BANGIH, SUNGAI BEREMAS, PASAMAN BARAT, SUMATERA BARAT",54,3,147,150
https://kawalpemilu.org#13683,"AIA BANGIH, SUNGAI BEREMAS, PASAMAN BARAT, SUMATERA BARAT",55,20,186,206
https://kawalpemilu.org#13683,"AIA BANGIH, SUNGAI BEREMAS, PASAMAN BARAT, SUMATERA BARAT",56,17,176,193
https://kawalpemilu.org#13683,"AIA BANGIH, SUNGAI BEREMAS, PASAMAN BARAT, SUMATERA BARAT",57,10,188,198
https://kawalpemilu.org#13683,"AIA BANGIH, SUNGAI BEREMAS, PASAMAN BARAT, SUMATERA BARAT",58,13,186,199
https://kawalpemilu.org#13683,"AIA BANGIH, SUNGAI BEREMAS, PASAMAN BARAT, SUMATERA BARAT",59,13,178,191
https://kawalpemilu.org#13683,"AIA BANGIH, SUNGAI BEREMAS, PASAMAN BARAT, SUMATERA BARAT",60,12,181,193
https://kawalpemilu.org#13683,"AIA BANGIH, SUNGAI BEREMAS, PASAMAN BARAT, SUMATERA BARAT",61,6,157,163
https://kawalpemilu.org#13683,"AIA BANGIH, SUNGAI BEREMAS, PASAMAN BARAT, SUMATERA BARAT",62,18,144,162
https://kawalpemilu.org#13683,"AIA BANGIH, SUNGAI BEREMAS, PASAMAN BARAT, SUMATERA BARAT",63,17,149,166
https://kawalpemilu.org#13683,"AIA BANGIH, SUNGAI BEREMAS, PASAMAN BARAT, SUMATERA BARAT",64,11,151,162
https://kawalpemilu.org#13683,"AIA BANGIH, SUNGAI BEREMAS, PASAMAN BARAT, SUMATERA BARAT",65,18,144,162
https://kawalpemilu.org#13683,"AIA BANGIH, SUNGAI BEREMAS, PASAMAN BARAT, SUMATERA BARAT",66,21,156,177
https://kawalpemilu.org#13683,"AIA BANGIH, SUNGAI BEREMAS, PASAMAN BARAT, SUMATERA BARAT",67,134,13,147
https://kawalpemilu.org#13683,"AIA BANGIH, SUNGAI BEREMAS, PASAMAN BARAT, SUMATERA BARAT",68,14,149,163
https://kawalpemilu.org#13683,"AIA BANGIH, SUNGAI BEREMAS, PASAMAN BARAT, SUMATERA BARAT",69,14,177,191
https://kawalpemilu.org#13683,"AIA BANGIH, SUNGAI BEREMAS, PASAMAN BARAT, SUMATERA BARAT",70,16,158,174
https://kawalpemilu.org#13683,"AIA BANGIH, SUNGAI BEREMAS, PASAMAN BARAT, SUMATERA BARAT",71,110,133,243
https://kawalpemilu.org#13683,"AIA BANGIH, SUNGAI BEREMAS, PASAMAN BARAT, SUMATERA BARAT",72,111,88,199
https://kawalpemilu.org#13683,"AIA BANGIH, SUNGAI BEREMAS, PASAMAN BARAT, SUMATERA BARAT",73,54,73,127
https://kawalpemilu.org#13683,"AIA BANGIH, SUNGAI BEREMAS, PASAMAN BARAT, SUMATERA BARAT",74,53,90,143
https://kawalpemilu.org#13685,"UJUNG GADIANG, LEMBAH MELINTANG, PASAMAN BARAT, SUMATERA BARAT",1,18,172,190
https://kawalpemilu.org#13685,"UJUNG GADIANG, LEMBAH MELINTANG, PASAMAN BARAT, SUMATERA BARAT",2,49,117,166
https://kawalpemilu.org#13685,"UJUNG GADIANG, LEMBAH MELINTANG, PASAMAN BARAT, SUMATERA BARAT",3,39,110,149
https://kawalpemilu.org#13685,"UJUNG GADIANG, LEMBAH MELINTANG, PASAMAN BARAT, SUMATERA BARAT",4,31,154,185
https://kawalpemilu.org#13685,"UJUNG GADIANG, LEMBAH MELINTANG, PASAMAN BARAT, SUMATERA BARAT",5,32,125,157
https://kawalpemilu.org#13685,"UJUNG GADIANG, LEMBAH MELINTANG, PASAMAN BARAT, SUMATERA BARAT",6,28,78,106
https://kawalpemilu.org#13685,"UJUNG GADIANG, LEMBAH MELINTANG, PASAMAN BARAT, SUMATERA BARAT",7,11,162,173
https://kawalpemilu.org#13685,"UJUNG GADIANG, LEMBAH MELINTANG, PASAMAN BARAT, SUMATERA BARAT",8,8,232,240
https://kawalpemilu.org#13685,"UJUNG GADIANG, LEMBAH MELINTANG, PASAMAN BARAT, SUMATERA BARAT",9,12,157,169
https://kawalpemilu.org#13685,"UJUNG GADIANG, LEMBAH MELINTANG, PASAMAN BARAT, SUMATERA BARAT",10,9,198,207
https://kawalpemilu.org#13685,"UJUNG GADIANG, LEMBAH MELINTANG, PASAMAN BARAT, SUMATERA BARAT",11,15,146,161
https://kawalpemilu.org#13685,"UJUNG GADIANG, LEMBAH MELINTANG, PASAMAN BARAT, SUMATERA BARAT",12,7,93,100
https://kawalpemilu.org#13685,"UJUNG GADIANG, LEMBAH MELINTANG, PASAMAN BARAT, SUMATERA BARAT",13,5,121,126
https://kawalpemilu.org#13685,"UJUNG GADIANG, LEMBAH MELINTANG, PASAMAN BARAT, SUMATERA BARAT",14,18,178,196
https://kawalpemilu.org#13685,"UJUNG GADIANG, LEMBAH MELINTANG, PASAMAN BARAT, SUMATERA BARAT",15,8,222,230
https://kawalpemilu.org#13685,"UJUNG GADIANG, LEMBAH MELINTANG, PASAMAN BARAT, SUMATERA BARAT",17,25,172,197
https://kawalpemilu.org#13685,"UJUNG GADIANG, LEMBAH MELINTANG, PASAMAN BARAT, SUMATERA BARAT",18,13,128,141
https://kawalpemilu.org#13685,"UJUNG GADIANG, LEMBAH MELINTANG, PASAMAN BARAT, SUMATERA BARAT",19,5,82,87
https://kawalpemilu.org#13685,"UJUNG GADIANG, LEMBAH MELINTANG, PASAMAN BARAT, SUMATERA BARAT",20,5,142,147
https://kawalpemilu.org#13685,"UJUNG GADIANG, LEMBAH MELINTANG, PASAMAN BARAT, SUMATERA BARAT",21,8,128,136
https://kawalpemilu.org#13685,"UJUNG GADIANG, LEMBAH MELINTANG, PASAMAN BARAT, SUMATERA BARAT",22,16,132,148
https://kawalpemilu.org#13685,"UJUNG GADIANG, LEMBAH MELINTANG, PASAMAN BARAT, SUMATERA BARAT",23,6,184,190
https://kawalpemilu.org#13685,"UJUNG GADIANG, LEMBAH MELINTANG, PASAMAN BARAT, SUMATERA BARAT",24,3,97,100
https://kawalpemilu.org#13685,"UJUNG GADIANG, LEMBAH MELINTANG, PASAMAN BARAT, SUMATERA BARAT",25,14,150,164
https://kawalpemilu.org#13685,"UJUNG GADIANG, LEMBAH MELINTANG, PASAMAN BARAT, SUMATERA BARAT",26,20,176,196
https://kawalpemilu.org#13685,"UJUNG GADIANG, LEMBAH MELINTANG, PASAMAN BARAT, SUMATERA BARAT",27,8,225,233
https://kawalpemilu.org#13685,"UJUNG GADIANG, LEMBAH MELINTANG, PASAMAN BARAT, SUMATERA BARAT",28,6,146,152
https://kawalpemilu.org#13685,"UJUNG GADIANG, LEMBAH MELINTANG, PASAMAN BARAT, SUMATERA BARAT",29,7,197,204
https://kawalpemilu.org#13685,"UJUNG GADIANG, LEMBAH MELINTANG, PASAMAN BARAT, SUMATERA BARAT",30,10,185,195
https://kawalpemilu.org#13685,"UJUNG GADIANG, LEMBAH MELINTANG, PASAMAN BARAT, SUMATERA BARAT",31,6,133,139
https://kawalpemilu.org#13685,"UJUNG GADIANG, LEMBAH MELINTANG, PASAMAN BARAT, SUMATERA BARAT",32,23,167,150
https://kawalpemilu.org#13685,"UJUNG GADIANG, LEMBAH MELINTANG, PASAMAN BARAT, SUMATERA BARAT",33,10,164,174
https://kawalpemilu.org#13685,"UJUNG GADIANG, LEMBAH MELINTANG, PASAMAN BARAT, SUMATERA BARAT",34,15,182,197
https://kawalpemilu.org#13685,"UJUNG GADIANG, LEMBAH MELINTANG, PASAMAN BARAT, SUMATERA BARAT",35,32,200,232
https://kawalpemilu.org#13685,"UJUNG GADIANG, LEMBAH MELINTANG, PASAMAN BARAT, SUMATERA BARAT",36,28,191,219
https://kawalpemilu.org#13685,"UJUNG GADIANG, LEMBAH MELINTANG, PASAMAN BARAT, SUMATERA BARAT",37,26,185,211
https://kawalpemilu.org#13685,"UJUNG GADIANG, LEMBAH MELINTANG, PASAMAN BARAT, SUMATERA BARAT",38,11,135,146
https://kawalpemilu.org#13685,"UJUNG GADIANG, LEMBAH MELINTANG, PASAMAN BARAT, SUMATERA BARAT",39,27,146,173
https://kawalpemilu.org#13685,"UJUNG GADIANG, LEMBAH MELINTANG, PASAMAN BARAT, SUMATERA BARAT",40,20,226,246
https://kawalpemilu.org#13685,"UJUNG GADIANG, LEMBAH MELINTANG, PASAMAN BARAT, SUMATERA BARAT",41,8,174,182
https://kawalpemilu.org#13685,"UJUNG GADIANG, LEMBAH MELINTANG, PASAMAN BARAT, SUMATERA BARAT",42,0,105,105
https://kawalpemilu.org#13685,"UJUNG GADIANG, LEMBAH MELINTANG, PASAMAN BARAT, SUMATERA BARAT",43,18,199,217
https://kawalpemilu.org#13685,"UJUNG GADIANG, LEMBAH MELINTANG, PASAMAN BARAT, SUMATERA BARAT",44,14,168,182
https://kawalpemilu.org#13685,"UJUNG GADIANG, LEMBAH MELINTANG, PASAMAN BARAT, SUMATERA BARAT",45,19,202,221
https://kawalpemilu.org#13685,"UJUNG GADIANG, LEMBAH MELINTANG, PASAMAN BARAT, SUMATERA BARAT",46,14,186,200
https://kawalpemilu.org#13685,"UJUNG GADIANG, LEMBAH MELINTANG, PASAMAN BARAT, SUMATERA BARAT",47,8,138,146
https://kawalpemilu.org#13685,"UJUNG GADIANG, LEMBAH MELINTANG, PASAMAN BARAT, SUMATERA BARAT",48,11,121,132
https://kawalpemilu.org#13685,"UJUNG GADIANG, LEMBAH MELINTANG, PASAMAN BARAT, SUMATERA BARAT",49,9,82,91
https://kawalpemilu.org#13685,"UJUNG GADIANG, LEMBAH MELINTANG, PASAMAN BARAT, SUMATERA BARAT",50,34,163,197
https://kawalpemilu.org#13685,"UJUNG GADIANG, LEMBAH MELINTANG, PASAMAN BARAT, SUMATERA BARAT",51,60,85,145
https://kawalpemilu.org#13685,"UJUNG GADIANG, LEMBAH MELINTANG, PASAMAN BARAT, SUMATERA BARAT",52,30,173,203
https://kawalpemilu.org#13685,"UJUNG GADIANG, LEMBAH MELINTANG, PASAMAN BARAT, SUMATERA BARAT",53,10,273,283
https://kawalpemilu.org#13685,"UJUNG GADIANG, LEMBAH MELINTANG, PASAMAN BARAT, SUMATERA BARAT",54,8,165,173
https://kawalpemilu.org#13685,"UJUNG GADIANG, LEMBAH MELINTANG, PASAMAN BARAT, SUMATERA BARAT",55,15,145,160
https://kawalpemilu.org#13685,"UJUNG GADIANG, LEMBAH MELINTANG, PASAMAN BARAT, SUMATERA BARAT",56,16,222,238
https://kawalpemilu.org#13685,"UJUNG GADIANG, LEMBAH MELINTANG, PASAMAN BARAT, SUMATERA BARAT",57,11,202,213
https://kawalpemilu.org#13685,"UJUNG GADIANG, LEMBAH MELINTANG, PASAMAN BARAT, SUMATERA BARAT",58,12,151,163
https://kawalpemilu.org#13685,"UJUNG GADIANG, LEMBAH MELINTANG, PASAMAN BARAT, SUMATERA BARAT",59,8,143,151
https://kawalpemilu.org#13685,"UJUNG GADIANG, LEMBAH MELINTANG, PASAMAN BARAT, SUMATERA BARAT",60,11,146,157
https://kawalpemilu.org#13685,"UJUNG GADIANG, LEMBAH MELINTANG, PASAMAN BARAT, SUMATERA BARAT",61,7,186,193
https://kawalpemilu.org#13685,"UJUNG GADIANG, LEMBAH MELINTANG, PASAMAN BARAT, SUMATERA BARAT",62,5,124,129
https://kawalpemilu.org#13685,"UJUNG GADIANG, LEMBAH MELINTANG, PASAMAN BARAT, SUMATERA BARAT",63,4,99,103
https://kawalpemilu.org#13685,"UJUNG GADIANG, LEMBAH MELINTANG, PASAMAN BARAT, SUMATERA BARAT",64,18,134,152
https://kawalpemilu.org#13685,"UJUNG GADIANG, LEMBAH MELINTANG, PASAMAN BARAT, SUMATERA BARAT",65,5,122,127
https://kawalpemilu.org#13685,"UJUNG GADIANG, LEMBAH MELINTANG, PASAMAN BARAT, SUMATERA BARAT",66,5,97,102
https://kawalpemilu.org#13685,"UJUNG GADIANG, LEMBAH MELINTANG, PASAMAN BARAT, SUMATERA BARAT",67,27,216,243
https://kawalpemilu.org#13685,"UJUNG GADIANG, LEMBAH MELINTANG, PASAMAN BARAT, SUMATERA BARAT",68,4,81,85
https://kawalpemilu.org#13685,"UJUNG GADIANG, LEMBAH MELINTANG, PASAMAN BARAT, SUMATERA BARAT",69,7,150,157
https://kawalpemilu.org#13685,"UJUNG GADIANG, LEMBAH MELINTANG, PASAMAN BARAT, SUMATERA BARAT",70,11,211,222
https://kawalpemilu.org#13685,"UJUNG GADIANG, LEMBAH MELINTANG, PASAMAN BARAT, SUMATERA BARAT",71,18,146,164
https://kawalpemilu.org#13685,"UJUNG GADIANG, LEMBAH MELINTANG, PASAMAN BARAT, SUMATERA BARAT",72,17,134,151
https://kawalpemilu.org#13685,"UJUNG GADIANG, LEMBAH MELINTANG, PASAMAN BARAT, SUMATERA BARAT",73,20,158,178
https://kawalpemilu.org#13685,"UJUNG GADIANG, LEMBAH MELINTANG, PASAMAN BARAT, SUMATERA BARAT",74,18,132,150
https://kawalpemilu.org#13685,"UJUNG GADIANG, LEMBAH MELINTANG, PASAMAN BARAT, SUMATERA BARAT",75,3,157,160
https://kawalpemilu.org#13685,"UJUNG GADIANG, LEMBAH MELINTANG, PASAMAN BARAT, SUMATERA BARAT",76,5,216,221
https://kawalpemilu.org#13685,"UJUNG GADIANG, LEMBAH MELINTANG, PASAMAN BARAT, SUMATERA BARAT",77,29,156,185
https://kawalpemilu.org#13685,"UJUNG GADIANG, LEMBAH MELINTANG, PASAMAN BARAT, SUMATERA BARAT",78,9,188,197
https://kawalpemilu.org#13685,"UJUNG GADIANG, LEMBAH MELINTANG, PASAMAN BARAT, SUMATERA BARAT",79,16,194,210
https://kawalpemilu.org#13685,"UJUNG GADIANG, LEMBAH MELINTANG, PASAMAN BARAT, SUMATERA BARAT",81,24,184,208
https://kawalpemilu.org#13685,"UJUNG GADIANG, LEMBAH MELINTANG, PASAMAN BARAT, SUMATERA BARAT",82,14,157,171
https://kawalpemilu.org#13685,"UJUNG GADIANG, LEMBAH MELINTANG, PASAMAN BARAT, SUMATERA BARAT",83,8,100,108
https://kawalpemilu.org#13685,"UJUNG GADIANG, LEMBAH MELINTANG, PASAMAN BARAT, SUMATERA BARAT",84,13,157,170
https://kawalpemilu.org#13685,"UJUNG GADIANG, LEMBAH MELINTANG, PASAMAN BARAT, SUMATERA BARAT",85,3,174,177
https://kawalpemilu.org#13685,"UJUNG GADIANG, LEMBAH MELINTANG, PASAMAN BARAT, SUMATERA BARAT",86,16,223,239
https://kawalpemilu.org#13685,"UJUNG GADIANG, LEMBAH MELINTANG, PASAMAN BARAT, SUMATERA BARAT",87,21,222,243
https://kawalpemilu.org#13685,"UJUNG GADIANG, LEMBAH MELINTANG, PASAMAN BARAT, SUMATERA BARAT",88,24,227,251
https://kawalpemilu.org#13685,"UJUNG GADIANG, LEMBAH MELINTANG, PASAMAN BARAT, SUMATERA BARAT",89,14,188,202
https://kawalpemilu.org#13685,"UJUNG GADIANG, LEMBAH MELINTANG, PASAMAN BARAT, SUMATERA BARAT",90,11,112,123
https://kawalpemilu.org#13685,"UJUNG GADIANG, LEMBAH MELINTANG, PASAMAN BARAT, SUMATERA BARAT",91,5,56,61
https://kawalpemilu.org#13685,"UJUNG GADIANG, LEMBAH MELINTANG, PASAMAN BARAT, SUMATERA BARAT",92,8,86,94
https://kawalpemilu.org#13685,"UJUNG GADIANG, LEMBAH MELINTANG, PASAMAN BARAT, SUMATERA BARAT",93,10,116,126
https://kawalpemilu.org#13685,"UJUNG GADIANG, LEMBAH MELINTANG, PASAMAN BARAT, SUMATERA BARAT",94,22,225,247
https://kawalpemilu.org#13685,"UJUNG GADIANG, LEMBAH MELINTANG, PASAMAN BARAT, SUMATERA BARAT",95,38,140,178
https://kawalpemilu.org#13685,"UJUNG GADIANG, LEMBAH MELINTANG, PASAMAN BARAT, SUMATERA BARAT",96,7,225,232
https://kawalpemilu.org#13685,"UJUNG GADIANG, LEMBAH MELINTANG, PASAMAN BARAT, SUMATERA BARAT",97,9,159,168
https://kawalpemilu.org#13685,"UJUNG GADIANG, LEMBAH MELINTANG, PASAMAN BARAT, SUMATERA BARAT",98,9,89,98
https://kawalpemilu.org#13685,"UJUNG GADIANG, LEMBAH MELINTANG, PASAMAN BARAT, SUMATERA BARAT",99,21,127,148
https://kawalpemilu.org#13685,"UJUNG GADIANG, LEMBAH MELINTANG, PASAMAN BARAT, SUMATERA BARAT",100,12,106,118
https://kawalpemilu.org#13685,"UJUNG GADIANG, LEMBAH MELINTANG, PASAMAN BARAT, SUMATERA BARAT",101,30,116,146
https://kawalpemilu.org#13685,"UJUNG GADIANG, LEMBAH MELINTANG, PASAMAN BARAT, SUMATERA BARAT",102,6,153,159
https://kawalpemilu.org#13685,"UJUNG GADIANG, LEMBAH MELINTANG, PASAMAN BARAT, SUMATERA BARAT",103,35,141,176
https://kawalpemilu.org#13685,"UJUNG GADIANG, LEMBAH MELINTANG, PASAMAN BARAT, SUMATERA BARAT",104,5,128,133
https://kawalpemilu.org#13685,"UJUNG GADIANG, LEMBAH MELINTANG, PASAMAN BARAT, SUMATERA BARAT",105,20,182,202
https://kawalpemilu.org#13685,"UJUNG GADIANG, LEMBAH MELINTANG, PASAMAN BARAT, SUMATERA BARAT",106,19,216,235
https://kawalpemilu.org#13685,"UJUNG GADIANG, LEMBAH MELINTANG, PASAMAN BARAT, SUMATERA BARAT",107,7,239,246
https://kawalpemilu.org#13685,"UJUNG GADIANG, LEMBAH MELINTANG, PASAMAN BARAT, SUMATERA BARAT",108,20,211,231
https://kawalpemilu.org#13685,"UJUNG GADIANG, LEMBAH MELINTANG, PASAMAN BARAT, SUMATERA BARAT",109,10,152,162
https://kawalpemilu.org#13685,"UJUNG GADIANG, LEMBAH MELINTANG, PASAMAN BARAT, SUMATERA BARAT",110,11,136,147
https://kawalpemilu.org#13685,"UJUNG GADIANG, LEMBAH MELINTANG, PASAMAN BARAT, SUMATERA BARAT",111,29,165,194
https://kawalpemilu.org#13685,"UJUNG GADIANG, LEMBAH MELINTANG, PASAMAN BARAT, SUMATERA BARAT",112,17,141,158
https://kawalpemilu.org#13685,"UJUNG GADIANG, LEMBAH MELINTANG, PASAMAN BARAT, SUMATERA BARAT",113,6,223,229
https://kawalpemilu.org#13685,"UJUNG GADIANG, LEMBAH MELINTANG, PASAMAN BARAT, SUMATERA BARAT",114,6,162,168
https://kawalpemilu.org#13685,"UJUNG GADIANG, LEMBAH MELINTANG, PASAMAN BARAT, SUMATERA BARAT",115,7,139,146
https://kawalpemilu.org#13685,"UJUNG GADIANG, LEMBAH MELINTANG, PASAMAN BARAT, SUMATERA BARAT",116,8,109,117
https://kawalpemilu.org#13685,"UJUNG GADIANG, LEMBAH MELINTANG, PASAMAN BARAT, SUMATERA BARAT",117,6,157,163
https://kawalpemilu.org#13685,"UJUNG GADIANG, LEMBAH MELINTANG, PASAMAN BARAT, SUMATERA BARAT",118,11,141,152
https://kawalpemilu.org#13685,"UJUNG GADIANG, LEMBAH MELINTANG, PASAMAN BARAT, SUMATERA BARAT",119,12,184,196
https://kawalpemilu.org#13685,"UJUNG GADIANG, LEMBAH MELINTANG, PASAMAN BARAT, SUMATERA BARAT",120,6,189,195
https://kawalpemilu.org#13685,"UJUNG GADIANG, LEMBAH MELINTANG, PASAMAN BARAT, SUMATERA BARAT",121,14,161,175
https://kawalpemilu.org#13685,"UJUNG GADIANG, LEMBAH MELINTANG, PASAMAN BARAT, SUMATERA BARAT",122,19,201,221
https://kawalpemilu.org#13685,"UJUNG GADIANG, LEMBAH MELINTANG, PASAMAN BARAT, SUMATERA BARAT",123,16,232,248
https://kawalpemilu.org#13685,"UJUNG GADIANG, LEMBAH MELINTANG, PASAMAN BARAT, SUMATERA BARAT",125,17,214,231
https://kawalpemilu.org#13685,"UJUNG GADIANG, LEMBAH MELINTANG, PASAMAN BARAT, SUMATERA BARAT",126,19,210,229
https://kawalpemilu.org#13685,"UJUNG GADIANG, LEMBAH MELINTANG, PASAMAN BARAT, SUMATERA BARAT",127,13,188,201
https://kawalpemilu.org#13685,"UJUNG GADIANG, LEMBAH MELINTANG, PASAMAN BARAT, SUMATERA BARAT",128,31,178,209
https://kawalpemilu.org#13685,"UJUNG GADIANG, LEMBAH MELINTANG, PASAMAN BARAT, SUMATERA BARAT",129,11,201,212
https://kawalpemilu.org#13685,"UJUNG GADIANG, LEMBAH MELINTANG, PASAMAN BARAT, SUMATERA BARAT",130,10,74,84
https://kawalpemilu.org#13685,"UJUNG GADIANG, LEMBAH MELINTANG, PASAMAN BARAT, SUMATERA BARAT",131,10,112,122
https://kawalpemilu.org#13685,"UJUNG GADIANG, LEMBAH MELINTANG, PASAMAN BARAT, SUMATERA BARAT",132,13,171,184
https://kawalpemilu.org#13685,"UJUNG GADIANG, LEMBAH MELINTANG, PASAMAN BARAT, SUMATERA BARAT",133,19,159,178
https://kawalpemilu.org#13685,"UJUNG GADIANG, LEMBAH MELINTANG, PASAMAN BARAT, SUMATERA BARAT",134,14,135,149
https://kawalpemilu.org#13685,"UJUNG GADIANG, LEMBAH MELINTANG, PASAMAN BARAT, SUMATERA BARAT",135,7,127,134
https://kawalpemilu.org#13685,"UJUNG GADIANG, LEMBAH MELINTANG, PASAMAN BARAT, SUMATERA BARAT",136,27,242,269
https://kawalpemilu.org#13685,"UJUNG GADIANG, LEMBAH MELINTANG, PASAMAN BARAT, SUMATERA BARAT",137,14,180,194
https://kawalpemilu.org#13685,"UJUNG GADIANG, LEMBAH MELINTANG, PASAMAN BARAT, SUMATERA BARAT",139,11,142,153
https://kawalpemilu.org#13685,"UJUNG GADIANG, LEMBAH MELINTANG, PASAMAN BARAT, SUMATERA BARAT",140,14,123,137
https://kawalpemilu.org#13685,"UJUNG GADIANG, LEMBAH MELINTANG, PASAMAN BARAT, SUMATERA BARAT",141,16,127,143
https://kawalpemilu.org#13687,"LINGKUANG AUA, PASAMAN, PASAMAN BARAT, SUMATERA BARAT",1,26,157,183
https://kawalpemilu.org#13687,"LINGKUANG AUA, PASAMAN, PASAMAN BARAT, SUMATERA BARAT",2,16,233,249
https://kawalpemilu.org#13687,"LINGKUANG AUA, PASAMAN, PASAMAN BARAT, SUMATERA BARAT",3,20,233,253
https://kawalpemilu.org#13687,"LINGKUANG AUA, PASAMAN, PASAMAN BARAT, SUMATERA BARAT",4,17,109,126
https://kawalpemilu.org#13687,"LINGKUANG AUA, PASAMAN, PASAMAN BARAT, SUMATERA BARAT",5,38,110,148
https://kawalpemilu.org#13687,"LINGKUANG AUA, PASAMAN, PASAMAN BARAT, SUMATERA BARAT",6,9,159,168
https://kawalpemilu.org#13687,"LINGKUANG AUA, PASAMAN, PASAMAN BARAT, SUMATERA BARAT",7,28,233,260
https://kawalpemilu.org#13687,"LINGKUANG AUA, PASAMAN, PASAMAN BARAT, SUMATERA BARAT",8,14,118,132
https://kawalpemilu.org#13687,"LINGKUANG AUA, PASAMAN, PASAMAN BARAT, SUMATERA BARAT",9,33,220,253
https://kawalpemilu.org#13687,"LINGKUANG AUA, PASAMAN, PASAMAN BARAT, SUMATERA BARAT",10,21,237,258
https://kawalpemilu.org#13687,"LINGKUANG AUA, PASAMAN, PASAMAN BARAT, SUMATERA BARAT",11,3,196,199
https://kawalpemilu.org#13687,"LINGKUANG AUA, PASAMAN, PASAMAN BARAT, SUMATERA BARAT",12,53,193,246
https://kawalpemilu.org#13687,"LINGKUANG AUA, PASAMAN, PASAMAN BARAT, SUMATERA BARAT",13,62,152,214
https://kawalpemilu.org#13687,"LINGKUANG AUA, PASAMAN, PASAMAN BARAT, SUMATERA BARAT",14,70,154,224
https://kawalpemilu.org#13687,"LINGKUANG AUA, PASAMAN, PASAMAN BARAT, SUMATERA BARAT",15,18,99,117
https://kawalpemilu.org#13687,"LINGKUANG AUA, PASAMAN, PASAMAN BARAT, SUMATERA BARAT",16,33,76,109
https://kawalpemilu.org#13687,"LINGKUANG AUA, PASAMAN, PASAMAN BARAT, SUMATERA BARAT",17,164,40,204
https://kawalpemilu.org#13687,"LINGKUANG AUA, PASAMAN, PASAMAN BARAT, SUMATERA BARAT",19,12,179,191
https://kawalpemilu.org#13687,"LINGKUANG AUA, PASAMAN, PASAMAN BARAT, SUMATERA BARAT",20,27,228,255
https://kawalpemilu.org#13687,"LINGKUANG AUA, PASAMAN, PASAMAN BARAT, SUMATERA BARAT",21,9,186,195
https://kawalpemilu.org#13687,"LINGKUANG AUA, PASAMAN, PASAMAN BARAT, SUMATERA BARAT",22,16,125,141
https://kawalpemilu.org#13687,"LINGKUANG AUA, PASAMAN, PASAMAN BARAT, SUMATERA BARAT",23,15,124,139
https://kawalpemilu.org#13687,"LINGKUANG AUA, PASAMAN, PASAMAN BARAT, SUMATERA BARAT",24,35,128,163
https://kawalpemilu.org#13687,"LINGKUANG AUA, PASAMAN, PASAMAN BARAT, SUMATERA BARAT",25,28,227,255
https://kawalpemilu.org#13687,"LINGKUANG AUA, PASAMAN, PASAMAN BARAT, SUMATERA BARAT",26,14,127,141
https://kawalpemilu.org#13687,"LINGKUANG AUA, PASAMAN, PASAMAN BARAT, SUMATERA BARAT",27,20,232,252
https://kawalpemilu.org#13687,"LINGKUANG AUA, PASAMAN, PASAMAN BARAT, SUMATERA BARAT",28,18,180,198
https://kawalpemilu.org#13687,"LINGKUANG AUA, PASAMAN, PASAMAN BARAT, SUMATERA BARAT",29,34,161,195
https://kawalpemilu.org#13687,"LINGKUANG AUA, PASAMAN, PASAMAN BARAT, SUMATERA BARAT",30,22,239,261
https://kawalpemilu.org#13687,"LINGKUANG AUA, PASAMAN, PASAMAN BARAT, SUMATERA BARAT",31,11,178,189
https://kawalpemilu.org#13687,"LINGKUANG AUA, PASAMAN, PASAMAN BARAT, SUMATERA BARAT",32,13,213,226
https://kawalpemilu.org#13687,"LINGKUANG AUA, PASAMAN, PASAMAN BARAT, SUMATERA BARAT",33,30,224,254
https://kawalpemilu.org#13687,"LINGKUANG AUA, PASAMAN, PASAMAN BARAT, SUMATERA BARAT",34,36,191,227
https://kawalpemilu.org#13687,"LINGKUANG AUA, PASAMAN, PASAMAN BARAT, SUMATERA BARAT",35,11,148,159
https://kawalpemilu.org#13687,"LINGKUANG AUA, PASAMAN, PASAMAN BARAT, SUMATERA BARAT",36,14,147,161
https://kawalpemilu.org#13687,"LINGKUANG AUA, PASAMAN, PASAMAN BARAT, SUMATERA BARAT",37,12,207,219
https://kawalpemilu.org#13687,"LINGKUANG AUA, PASAMAN, PASAMAN BARAT, SUMATERA BARAT",38,12,232,244
https://kawalpemilu.org#13687,"LINGKUANG AUA, PASAMAN, PASAMAN BARAT, SUMATERA BARAT",39,26,202,228
https://kawalpemilu.org#13687,"LINGKUANG AUA, PASAMAN, PASAMAN BARAT, SUMATERA BARAT",40,33,223,256
https://kawalpemilu.org#13687,"LINGKUANG AUA, PASAMAN, PASAMAN BARAT, SUMATERA BARAT",41,23,156,179
https://kawalpemilu.org#13687,"LINGKUANG AUA, PASAMAN, PASAMAN BARAT, SUMATERA BARAT",42,11,230,241
https://kawalpemilu.org#13687,"LINGKUANG AUA, PASAMAN, PASAMAN BARAT, SUMATERA BARAT",43,24,221,245
https://kawalpemilu.org#13687,"LINGKUANG AUA, PASAMAN, PASAMAN BARAT, SUMATERA BARAT",44,27,182,209
https://kawalpemilu.org#13687,"LINGKUANG AUA, PASAMAN, PASAMAN BARAT, SUMATERA BARAT",45,36,226,262
https://kawalpemilu.org#13687,"LINGKUANG AUA, PASAMAN, PASAMAN BARAT, SUMATERA BARAT",46,46,145,191
https://kawalpemilu.org#13687,"LINGKUANG AUA, PASAMAN, PASAMAN BARAT, SUMATERA BARAT",47,82,133,215
https://kawalpemilu.org#13687,"LINGKUANG AUA, PASAMAN, PASAMAN BARAT, SUMATERA BARAT",48,50,207,257
https://kawalpemilu.org#13687,"LINGKUANG AUA, PASAMAN, PASAMAN BARAT, SUMATERA BARAT",49,40,157,197
https://kawalpemilu.org#13687,"LINGKUANG AUA, PASAMAN, PASAMAN BARAT, SUMATERA BARAT",50,90,173,263
https://kawalpemilu.org#13687,"LINGKUANG AUA, PASAMAN, PASAMAN BARAT, SUMATERA BARAT",51,43,142,185
https://kawalpemilu.org#13687,"LINGKUANG AUA, PASAMAN, PASAMAN BARAT, SUMATERA BARAT",52,51,196,247
https://kawalpemilu.org#13687,"LINGKUANG AUA, PASAMAN, PASAMAN BARAT, SUMATERA BARAT",53,26,170,196
https://kawalpemilu.org#13687,"LINGKUANG AUA, PASAMAN, PASAMAN BARAT, SUMATERA BARAT",54,10,153,163
https://kawalpemilu.org#13687,"LINGKUANG AUA, PASAMAN, PASAMAN BARAT, SUMATERA BARAT",55,20,131,151
https://kawalpemilu.org#13687,"LINGKUANG AUA, PASAMAN, PASAMAN BARAT, SUMATERA BARAT",56,16,146,162
https://kawalpemilu.org#13687,"LINGKUANG AUA, PASAMAN, PASAMAN BARAT, SUMATERA BARAT",57,10,112,122
https://kawalpemilu.org#13687,"LINGKUANG AUA, PASAMAN, PASAMAN BARAT, SUMATERA BARAT",58,9,109,118
https://kawalpemilu.org#13687,"LINGKUANG AUA, PASAMAN, PASAMAN BARAT, SUMATERA BARAT",59,7,143,150
https://kawalpemilu.org#13687,"LINGKUANG AUA, PASAMAN, PASAMAN BARAT, SUMATERA BARAT",60,14,165,179
https://kawalpemilu.org#13687,"LINGKUANG AUA, PASAMAN, PASAMAN BARAT, SUMATERA BARAT",61,32,207,239
https://kawalpemilu.org#13687,"LINGKUANG AUA, PASAMAN, PASAMAN BARAT, SUMATERA BARAT",62,33,148,181
https://kawalpemilu.org#13687,"LINGKUANG AUA, PASAMAN, PASAMAN BARAT, SUMATERA BARAT",63,40,197,237
https://kawalpemilu.org#13687,"LINGKUANG AUA, PASAMAN, PASAMAN BARAT, SUMATERA BARAT",64,33,164,197
https://kawalpemilu.org#13687,"LINGKUANG AUA, PASAMAN, PASAMAN BARAT, SUMATERA BARAT",65,37,133,170
https://kawalpemilu.org#13687,"LINGKUANG AUA, PASAMAN, PASAMAN BARAT, SUMATERA BARAT",66,55,155,210
https://kawalpemilu.org#13687,"LINGKUANG AUA, PASAMAN, PASAMAN BARAT, SUMATERA BARAT",67,53,163,216
https://kawalpemilu.org#13687,"LINGKUANG AUA, PASAMAN, PASAMAN BARAT, SUMATERA BARAT",68,57,192,249
https://kawalpemilu.org#13687,"LINGKUANG AUA, PASAMAN, PASAMAN BARAT, SUMATERA BARAT",69,23,119,142
https://kawalpemilu.org#13687,"LINGKUANG AUA, PASAMAN, PASAMAN BARAT, SUMATERA BARAT",70,24,182,206
https://kawalpemilu.org#13687,"LINGKUANG AUA, PASAMAN, PASAMAN BARAT, SUMATERA BARAT",71,17,158,175
https://kawalpemilu.org#13687,"LINGKUANG AUA, PASAMAN, PASAMAN BARAT, SUMATERA BARAT",72,20,183,203
https://kawalpemilu.org#13687,"LINGKUANG AUA, PASAMAN, PASAMAN BARAT, SUMATERA BARAT",73,32,176,208
https://kawalpemilu.org#13687,"LINGKUANG AUA, PASAMAN, PASAMAN BARAT, SUMATERA BARAT",74,20,184,204
https://kawalpemilu.org#13687,"LINGKUANG AUA, PASAMAN, PASAMAN BARAT, SUMATERA BARAT",75,13,263,276
https://kawalpemilu.org#13687,"LINGKUANG AUA, PASAMAN, PASAMAN BARAT, SUMATERA BARAT",76,29,192,221
https://kawalpemilu.org#13687,"LINGKUANG AUA, PASAMAN, PASAMAN BARAT, SUMATERA BARAT",77,25,164,189
https://kawalpemilu.org#13687,"LINGKUANG AUA, PASAMAN, PASAMAN BARAT, SUMATERA BARAT",78,11,235,246
https://kawalpemilu.org#13687,"LINGKUANG AUA, PASAMAN, PASAMAN BARAT, SUMATERA BARAT",79,16,176,194
https://kawalpemilu.org#13687,"LINGKUANG AUA, PASAMAN, PASAMAN BARAT, SUMATERA BARAT",80,21,261,282
https://kawalpemilu.org#13687,"LINGKUANG AUA, PASAMAN, PASAMAN BARAT, SUMATERA BARAT",81,19,157,176
https://kawalpemilu.org#13687,"LINGKUANG AUA, PASAMAN, PASAMAN BARAT, SUMATERA BARAT",82,14,161,175
https://kawalpemilu.org#13687,"LINGKUANG AUA, PASAMAN, PASAMAN BARAT, SUMATERA BARAT",83,10,177,187
https://kawalpemilu.org#13687,"LINGKUANG AUA, PASAMAN, PASAMAN BARAT, SUMATERA BARAT",84,19,191,210
https://kawalpemilu.org#13687,"LINGKUANG AUA, PASAMAN, PASAMAN BARAT, SUMATERA BARAT",85,11,155,166
https://kawalpemilu.org#13687,"LINGKUANG AUA, PASAMAN, PASAMAN BARAT, SUMATERA BARAT",86,29,206,235
https://kawalpemilu.org#13687,"LINGKUANG AUA, PASAMAN, PASAMAN BARAT, SUMATERA BARAT",87,21,102,123
https://kawalpemilu.org#13687,"LINGKUANG AUA, PASAMAN, PASAMAN BARAT, SUMATERA BARAT",88,16,184,200
https://kawalpemilu.org#13687,"LINGKUANG AUA, PASAMAN, PASAMAN BARAT, SUMATERA BARAT",89,27,224,251
https://kawalpemilu.org#13687,"LINGKUANG AUA, PASAMAN, PASAMAN BARAT, SUMATERA BARAT",90,12,145,157
https://kawalpemilu.org#13687,"LINGKUANG AUA, PASAMAN, PASAMAN BARAT, SUMATERA BARAT",91,22,170,192
https://kawalpemilu.org#13687,"LINGKUANG AUA, PASAMAN, PASAMAN BARAT, SUMATERA BARAT",92,19,189,208
https://kawalpemilu.org#13687,"LINGKUANG AUA, PASAMAN, PASAMAN BARAT, SUMATERA BARAT",93,27,165,192
https://kawalpemilu.org#13687,"LINGKUANG AUA, PASAMAN, PASAMAN BARAT, SUMATERA BARAT",94,123,113,236
https://kawalpemilu.org#13687,"LINGKUANG AUA, PASAMAN, PASAMAN BARAT, SUMATERA BARAT",95,13,116,129
https://kawalpemilu.org#13687,"LINGKUANG AUA, PASAMAN, PASAMAN BARAT, SUMATERA BARAT",96,77,85,162
https://kawalpemilu.org#13688,"AUA KUNIANG, PASAMAN, PASAMAN BARAT, SUMATERA BARAT",1,6,148,154
https://kawalpemilu.org#13688,"AUA KUNIANG, PASAMAN, PASAMAN BARAT, SUMATERA BARAT",2,19,177,196
https://kawalpemilu.org#13688,"AUA KUNIANG, PASAMAN, PASAMAN BARAT, SUMATERA BARAT",3,12,238,250
https://kawalpemilu.org#13688,"AUA KUNIANG, PASAMAN, PASAMAN BARAT, SUMATERA BARAT",4,25,243,268
https://kawalpemilu.org#13688,"AUA KUNIANG, PASAMAN, PASAMAN BARAT, SUMATERA BARAT",5,6,174,180
https://kawalpemilu.org#13688,"AUA KUNIANG, PASAMAN, PASAMAN BARAT, SUMATERA BARAT",6,15,143,158
https://kawalpemilu.org#13688,"AUA KUNIANG, PASAMAN, PASAMAN BARAT, SUMATERA BARAT",7,20,236,256
https://kawalpemilu.org#13688,"AUA KUNIANG, PASAMAN, PASAMAN BARAT, SUMATERA BARAT",9,25,199,224
https://kawalpemilu.org#13688,"AUA KUNIANG, PASAMAN, PASAMAN BARAT, SUMATERA BARAT",10,25,207,232
https://kawalpemilu.org#13688,"AUA KUNIANG, PASAMAN, PASAMAN BARAT, SUMATERA BARAT",11,8,137,145
https://kawalpemilu.org#13688,"AUA KUNIANG, PASAMAN, PASAMAN BARAT, SUMATERA BARAT",12,16,143,159
https://kawalpemilu.org#13688,"AUA KUNIANG, PASAMAN, PASAMAN BARAT, SUMATERA BARAT",13,11,160,171
https://kawalpemilu.org#13688,"AUA KUNIANG, PASAMAN, PASAMAN BARAT, SUMATERA BARAT",14,12,224,236
https://kawalpemilu.org#13688,"AUA KUNIANG, PASAMAN, PASAMAN BARAT, SUMATERA BARAT",15,16,155,171
https://kawalpemilu.org#13688,"AUA KUNIANG, PASAMAN, PASAMAN BARAT, SUMATERA BARAT",16,18,183,201
https://kawalpemilu.org#13688,"AUA KUNIANG, PASAMAN, PASAMAN BARAT, SUMATERA BARAT",17,20,236,256
https://kawalpemilu.org#13688,"AUA KUNIANG, PASAMAN, PASAMAN BARAT, SUMATERA BARAT",18,13,135,148
https://kawalpemilu.org#13688,"AUA KUNIANG, PASAMAN, PASAMAN BARAT, SUMATERA BARAT",19,18,193,211
https://kawalpemilu.org#13688,"AUA KUNIANG, PASAMAN, PASAMAN BARAT, SUMATERA BARAT",20,17,150,167
https://kawalpemilu.org#13688,"AUA KUNIANG, PASAMAN, PASAMAN BARAT, SUMATERA BARAT",22,25,159,184
https://kawalpemilu.org#13688,"AUA KUNIANG, PASAMAN, PASAMAN BARAT, SUMATERA BARAT",23,14,107,121
https://kawalpemilu.org#13688,"AUA KUNIANG, PASAMAN, PASAMAN BARAT, SUMATERA BARAT",24,12,114,126
https://kawalpemilu.org#13688,"AUA KUNIANG, PASAMAN, PASAMAN BARAT, SUMATERA BARAT",25,11,95,106
https://kawalpemilu.org#13688,"AUA KUNIANG, PASAMAN, PASAMAN BARAT, SUMATERA BARAT",26,7,144,151
https://kawalpemilu.org#13688,"AUA KUNIANG, PASAMAN, PASAMAN BARAT, SUMATERA BARAT",27,7,220,227
https://kawalpemilu.org#13688,"AUA KUNIANG, PASAMAN, PASAMAN BARAT, SUMATERA BARAT",28,10,167,177
https://kawalpemilu.org#13688,"AUA KUNIANG, PASAMAN, PASAMAN BARAT, SUMATERA BARAT",29,10,116,126
https://kawalpemilu.org#13688,"AUA KUNIANG, PASAMAN, PASAMAN BARAT, SUMATERA BARAT",30,10,138,148
https://kawalpemilu.org#13688,"AUA KUNIANG, PASAMAN, PASAMAN BARAT, SUMATERA BARAT",31,5,164,169
https://kawalpemilu.org#13688,"AUA KUNIANG, PASAMAN, PASAMAN BARAT, SUMATERA BARAT",32,18,225,243
https://kawalpemilu.org#13688,"AUA KUNIANG, PASAMAN, PASAMAN BARAT, SUMATERA BARAT",33,20,242,262
https://kawalpemilu.org#13688,"AUA KUNIANG, PASAMAN, PASAMAN BARAT, SUMATERA BARAT",34,22,190,212
https://kawalpemilu.org#13688,"AUA KUNIANG, PASAMAN, PASAMAN BARAT, SUMATERA BARAT",35,10,203,213
https://kawalpemilu.org#13688,"AUA KUNIANG, PASAMAN, PASAMAN BARAT, SUMATERA BARAT",36,21,188,209
https://kawalpemilu.org#13688,"AUA KUNIANG, PASAMAN, PASAMAN BARAT, SUMATERA BARAT",37,18,154,172
https://kawalpemilu.org#13688,"AUA KUNIANG, PASAMAN, PASAMAN BARAT, SUMATERA BARAT",38,28,206,234
https://kawalpemilu.org#13688,"AUA KUNIANG, PASAMAN, PASAMAN BARAT, SUMATERA BARAT",39,28,198,226
https://kawalpemilu.org#13688,"AUA KUNIANG, PASAMAN, PASAMAN BARAT, SUMATERA BARAT",40,22,213,235
https://kawalpemilu.org#13688,"AUA KUNIANG, PASAMAN, PASAMAN BARAT, SUMATERA BARAT",41,23,150,173
https://kawalpemilu.org#13688,"AUA KUNIANG, PASAMAN, PASAMAN BARAT, SUMATERA BARAT",42,18,109,127
https://kawalpemilu.org#13688,"AUA KUNIANG, PASAMAN, PASAMAN BARAT, SUMATERA BARAT",43,14,174,188
https://kawalpemilu.org#13688,"AUA KUNIANG, PASAMAN, PASAMAN BARAT, SUMATERA BARAT",44,9,118,127
https://kawalpemilu.org#13688,"AUA KUNIANG, PASAMAN, PASAMAN BARAT, SUMATERA BARAT",45,7,145,152
https://kawalpemilu.org#13688,"AUA KUNIANG, PASAMAN, PASAMAN BARAT, SUMATERA BARAT",46,24,131,155
https://kawalpemilu.org#13688,"AUA KUNIANG, PASAMAN, PASAMAN BARAT, SUMATERA BARAT",47,16,162,178
https://kawalpemilu.org#13688,"AUA KUNIANG, PASAMAN, PASAMAN BARAT, SUMATERA BARAT",48,23,187,210
https://kawalpemilu.org#13688,"AUA KUNIANG, PASAMAN, PASAMAN BARAT, SUMATERA BARAT",49,25,188,213
https://kawalpemilu.org#13688,"AUA KUNIANG, PASAMAN, PASAMAN BARAT, SUMATERA BARAT",50,13,162,175
https://kawalpemilu.org#13688,"AUA KUNIANG, PASAMAN, PASAMAN BARAT, SUMATERA BARAT",51,30,186,216
https://kawalpemilu.org#13688,"AUA KUNIANG, PASAMAN, PASAMAN BARAT, SUMATERA BARAT",52,21,179,200
https://kawalpemilu.org#13688,"AUA KUNIANG, PASAMAN, PASAMAN BARAT, SUMATERA BARAT",53,15,205,220
https://kawalpemilu.org#13688,"AUA KUNIANG, PASAMAN, PASAMAN BARAT, SUMATERA BARAT",54,41,110,151
https://kawalpemilu.org#13688,"AUA KUNIANG, PASAMAN, PASAMAN BARAT, SUMATERA BARAT",55,25,111,136
https://kawalpemilu.org#13688,"AUA KUNIANG, PASAMAN, PASAMAN BARAT, SUMATERA BARAT",56,40,151,191
https://kawalpemilu.org#13688,"AUA KUNIANG, PASAMAN, PASAMAN BARAT, SUMATERA BARAT",57,18,156,174
https://kawalpemilu.org#13688,"AUA KUNIANG, PASAMAN, PASAMAN BARAT, SUMATERA BARAT",58,21,162,183
https://kawalpemilu.org#13688,"AUA KUNIANG, PASAMAN, PASAMAN BARAT, SUMATERA BARAT",59,19,121,140
https://kawalpemilu.org#13688,"AUA KUNIANG, PASAMAN, PASAMAN BARAT, SUMATERA BARAT",60,13,111,124
https://kawalpemilu.org#13688,"AUA KUNIANG, PASAMAN, PASAMAN BARAT, SUMATERA BARAT",61,25,119,144
https://kawalpemilu.org#13689,"AIA GADANG, PASAMAN, PASAMAN BARAT, SUMATERA BARAT",1,25,223,248
https://kawalpemilu.org#13689,"AIA GADANG, PASAMAN, PASAMAN BARAT, SUMATERA BARAT",2,13,216,229
https://kawalpemilu.org#13689,"AIA GADANG, PASAMAN, PASAMAN BARAT, SUMATERA BARAT",3,18,224,242
https://kawalpemilu.org#13689,"AIA GADANG, PASAMAN, PASAMAN BARAT, SUMATERA BARAT",4,12,179,191
https://kawalpemilu.org#13689,"AIA GADANG, PASAMAN, PASAMAN BARAT, SUMATERA BARAT",5,11,207,218
https://kawalpemilu.org#13689,"AIA GADANG, PASAMAN, PASAMAN BARAT, SUMATERA BARAT",6,30,183,213
https://kawalpemilu.org#13689,"AIA GADANG, PASAMAN, PASAMAN BARAT, SUMATERA BARAT",7,13,226,239
https://kawalpemilu.org#13689,"AIA GADANG, PASAMAN, PASAMAN BARAT, SUMATERA BARAT",8,14,227,241
https://kawalpemilu.org#13689,"AIA GADANG, PASAMAN, PASAMAN BARAT, SUMATERA BARAT",9,69,160,229
https://kawalpemilu.org#13689,"AIA GADANG, PASAMAN, PASAMAN BARAT, SUMATERA BARAT",10,115,122,237
https://kawalpemilu.org#13689,"AIA GADANG, PASAMAN, PASAMAN BARAT, SUMATERA BARAT",11,70,161,231
https://kawalpemilu.org#13689,"AIA GADANG, PASAMAN, PASAMAN BARAT, SUMATERA BARAT",12,68,144,212
https://kawalpemilu.org#13689,"AIA GADANG, PASAMAN, PASAMAN BARAT, SUMATERA BARAT",13,22,211,233
https://kawalpemilu.org#13689,"AIA GADANG, PASAMAN, PASAMAN BARAT, SUMATERA BARAT",14,8,119,127
https://kawalpemilu.org#13689,"AIA GADANG, PASAMAN, PASAMAN BARAT, SUMATERA BARAT",15,18,244,262
https://kawalpemilu.org#13689,"AIA GADANG, PASAMAN, PASAMAN BARAT, SUMATERA BARAT",16,7,202,209
https://kawalpemilu.org#13689,"AIA GADANG, PASAMAN, PASAMAN BARAT, SUMATERA BARAT",18,15,245,260
https://kawalpemilu.org#13689,"AIA GADANG, PASAMAN, PASAMAN BARAT, SUMATERA BARAT",19,22,160,182
https://kawalpemilu.org#13689,"AIA GADANG, PASAMAN, PASAMAN BARAT, SUMATERA BARAT",20,4,170,174
https://kawalpemilu.org#13689,"AIA GADANG, PASAMAN, PASAMAN BARAT, SUMATERA BARAT",21,2,155,157
https://kawalpemilu.org#13689,"AIA GADANG, PASAMAN, PASAMAN BARAT, SUMATERA BARAT",23,8,137,145
https://kawalpemilu.org#13689,"AIA GADANG, PASAMAN, PASAMAN BARAT, SUMATERA BARAT",24,9,177,186
https://kawalpemilu.org#13689,"AIA GADANG, PASAMAN, PASAMAN BARAT, SUMATERA BARAT",25,13,239,252
https://kawalpemilu.org#13689,"AIA GADANG, PASAMAN, PASAMAN BARAT, SUMATERA BARAT",26,9,188,197
https://kawalpemilu.org#13689,"AIA GADANG, PASAMAN, PASAMAN BARAT, SUMATERA BARAT",27,14,198,212
https://kawalpemilu.org#13689,"AIA GADANG, PASAMAN, PASAMAN BARAT, SUMATERA BARAT",28,6,130,136
https://kawalpemilu.org#13689,"AIA GADANG, PASAMAN, PASAMAN BARAT, SUMATERA BARAT",29,10,188,198
https://kawalpemilu.org#13689,"AIA GADANG, PASAMAN, PASAMAN BARAT, SUMATERA BARAT",30,15,227,242
https://kawalpemilu.org#13689,"AIA GADANG, PASAMAN, PASAMAN BARAT, SUMATERA BARAT",31,15,234,249
https://kawalpemilu.org#13689,"AIA GADANG, PASAMAN, PASAMAN BARAT, SUMATERA BARAT",32,11,223,234
https://kawalpemilu.org#13689,"AIA GADANG, PASAMAN, PASAMAN BARAT, SUMATERA BARAT",33,12,124,136
https://kawalpemilu.org#13689,"AIA GADANG, PASAMAN, PASAMAN BARAT, SUMATERA BARAT",34,8,16,24
https://kawalpemilu.org#13691,"KAJAI, TALAMAU, PASAMAN BARAT, SUMATERA BARAT",1,22,206,228
https://kawalpemilu.org#13691,"KAJAI, TALAMAU, PASAMAN BARAT, SUMATERA BARAT",2,16,179,195
https://kawalpemilu.org#13691,"KAJAI, TALAMAU, PASAMAN BARAT, SUMATERA BARAT",3,24,198,222
https://kawalpemilu.org#13691,"KAJAI, TALAMAU, PASAMAN BARAT, SUMATERA BARAT",4,48,160,208
https://kawalpemilu.org#13691,"KAJAI, TALAMAU, PASAMAN BARAT, SUMATERA BARAT",5,15,114,129
https://kawalpemilu.org#13691,"KAJAI, TALAMAU, PASAMAN BARAT, SUMATERA BARAT",6,8,207,215
https://kawalpemilu.org#13691,"KAJAI, TALAMAU, PASAMAN BARAT, SUMATERA BARAT",7,12,196,208
https://kawalpemilu.org#13691,"KAJAI, TALAMAU, PASAMAN BARAT, SUMATERA BARAT",8,12,154,166
https://kawalpemilu.org#13691,"KAJAI, TALAMAU, PASAMAN BARAT, SUMATERA BARAT",9,14,177,188
https://kawalpemilu.org#13691,"KAJAI, TALAMAU, PASAMAN BARAT, SUMATERA BARAT",11,19,103,122
https://kawalpemilu.org#13691,"KAJAI, TALAMAU, PASAMAN BARAT, SUMATERA BARAT",12,15,173,188
https://kawalpemilu.org#13691,"KAJAI, TALAMAU, PASAMAN BARAT, SUMATERA BARAT",13,21,118,139
https://kawalpemilu.org#13691,"KAJAI, TALAMAU, PASAMAN BARAT, SUMATERA BARAT",14,13,165,178
https://kawalpemilu.org#13691,"KAJAI, TALAMAU, PASAMAN BARAT, SUMATERA BARAT",15,11,152,163
https://kawalpemilu.org#13691,"KAJAI, TALAMAU, PASAMAN BARAT, SUMATERA BARAT",16,10,181,192
https://kawalpemilu.org#13691,"KAJAI, TALAMAU, PASAMAN BARAT, SUMATERA BARAT",17,3,145,148
https://kawalpemilu.org#13691,"KAJAI, TALAMAU, PASAMAN BARAT, SUMATERA BARAT",18,4,155,159
https://kawalpemilu.org#13691,"KAJAI, TALAMAU, PASAMAN BARAT, SUMATERA BARAT",19,8,158,166
https://kawalpemilu.org#13691,"KAJAI, TALAMAU, PASAMAN BARAT, SUMATERA BARAT",20,21,140,161
https://kawalpemilu.org#13691,"KAJAI, TALAMAU, PASAMAN BARAT, SUMATERA BARAT",21,9,97,106
https://kawalpemilu.org#13691,"KAJAI, TALAMAU, PASAMAN BARAT, SUMATERA BARAT",22,12,100,112
https://kawalpemilu.org#13691,"KAJAI, TALAMAU, PASAMAN BARAT, SUMATERA BARAT",23,15,140,155
https://kawalpemilu.org#13691,"KAJAI, TALAMAU, PASAMAN BARAT, SUMATERA BARAT",24,12,160,172
https://kawalpemilu.org#13691,"KAJAI, TALAMAU, PASAMAN BARAT, SUMATERA BARAT",25,17,207,224
https://kawalpemilu.org#13691,"KAJAI, TALAMAU, PASAMAN BARAT, SUMATERA BARAT",26,11,155,166
https://kawalpemilu.org#13691,"KAJAI, TALAMAU, PASAMAN BARAT, SUMATERA BARAT",27,9,161,170
https://kawalpemilu.org#13691,"KAJAI, TALAMAU, PASAMAN BARAT, SUMATERA BARAT",28,8,161,169
https://kawalpemilu.org#13691,"KAJAI, TALAMAU, PASAMAN BARAT, SUMATERA BARAT",29,19,117,136
https://kawalpemilu.org#13691,"KAJAI, TALAMAU, PASAMAN BARAT, SUMATERA BARAT",30,25,121,146
https://kawalpemilu.org#13691,"KAJAI, TALAMAU, PASAMAN BARAT, SUMATERA BARAT",31,36,168,204
https://kawalpemilu.org#13691,"KAJAI, TALAMAU, PASAMAN BARAT, SUMATERA BARAT",32,61,182,243
https://kawalpemilu.org#13691,"KAJAI, TALAMAU, PASAMAN BARAT, SUMATERA BARAT",33,14,150,164
https://kawalpemilu.org#13691,"KAJAI, TALAMAU, PASAMAN BARAT, SUMATERA BARAT",34,8,133,141
https://kawalpemilu.org#13691,"KAJAI, TALAMAU, PASAMAN BARAT, SUMATERA BARAT",35,17,102,119
https://kawalpemilu.org#13691,"KAJAI, TALAMAU, PASAMAN BARAT, SUMATERA BARAT",36,18,124,142
https://kawalpemilu.org#13691,"KAJAI, TALAMAU, PASAMAN BARAT, SUMATERA BARAT",37,32,145,177
https://kawalpemilu.org#13691,"KAJAI, TALAMAU, PASAMAN BARAT, SUMATERA BARAT",38,23,151,183
https://kawalpemilu.org#13691,"KAJAI, TALAMAU, PASAMAN BARAT, SUMATERA BARAT",39,32,99,131
https://kawalpemilu.org#13691,"KAJAI, TALAMAU, PASAMAN BARAT, SUMATERA BARAT",41,39,166,205
https://kawalpemilu.org#13692,"TALU, TALAMAU, PASAMAN BARAT, SUMATERA BARAT",1,11,187,198
https://kawalpemilu.org#13692,"TALU, TALAMAU, PASAMAN BARAT, SUMATERA BARAT",2,23,187,210
https://kawalpemilu.org#13692,"TALU, TALAMAU, PASAMAN BARAT, SUMATERA BARAT",3,8,179,187
https://kawalpemilu.org#13692,"TALU, TALAMAU, PASAMAN BARAT, SUMATERA BARAT",4,9,113,122
https://kawalpemilu.org#13692,"TALU, TALAMAU, PASAMAN BARAT, SUMATERA BARAT",5,9,164,173
https://kawalpemilu.org#13692,"TALU, TALAMAU, PASAMAN BARAT, SUMATERA BARAT",6,10,84,94
https://kawalpemilu.org#13692,"TALU, TALAMAU, PASAMAN BARAT, SUMATERA BARAT",7,12,83,95
https://kawalpemilu.org#13692,"TALU, TALAMAU, PASAMAN BARAT, SUMATERA BARAT",8,2,36,38
https://kawalpemilu.org#13692,"TALU, TALAMAU, PASAMAN BARAT, SUMATERA BARAT",9,5,170,175
https://kawalpemilu.org#13692,"TALU, TALAMAU, PASAMAN BARAT, SUMATERA BARAT",10,6,214,220
https://kawalpemilu.org#13692,"TALU, TALAMAU, PASAMAN BARAT, SUMATERA BARAT",11,22,152,174
https://kawalpemilu.org#13692,"TALU, TALAMAU, PASAMAN BARAT, SUMATERA BARAT",12,21,151,172
https://kawalpemilu.org#13692,"TALU, TALAMAU, PASAMAN BARAT, SUMATERA BARAT",13,17,157,174
https://kawalpemilu.org#13692,"TALU, TALAMAU, PASAMAN BARAT, SUMATERA BARAT",14,15,104,119
https://kawalpemilu.org#13692,"TALU, TALAMAU, PASAMAN BARAT, SUMATERA BARAT",15,17,203,220
https://kawalpemilu.org#13692,"TALU, TALAMAU, PASAMAN BARAT, SUMATERA BARAT",16,17,129,146
https://kawalpemilu.org#13692,"TALU, TALAMAU, PASAMAN BARAT, SUMATERA BARAT",17,12,182,194
https://kawalpemilu.org#13692,"TALU, TALAMAU, PASAMAN BARAT, SUMATERA BARAT",18,8,178,186
https://kawalpemilu.org#13692,"TALU, TALAMAU, PASAMAN BARAT, SUMATERA BARAT",19,5,150,155
https://kawalpemilu.org#13692,"TALU, TALAMAU, PASAMAN BARAT, SUMATERA BARAT",20,17,223,240
https://kawalpemilu.org#13692,"TALU, TALAMAU, PASAMAN BARAT, SUMATERA BARAT",21,18,152,170
https://kawalpemilu.org#13692,"TALU, TALAMAU, PASAMAN BARAT, SUMATERA BARAT",22,7,195,202
https://kawalpemilu.org#13692,"TALU, TALAMAU, PASAMAN BARAT, SUMATERA BARAT",23,21,151,172
https://kawalpemilu.org#13692,"TALU, TALAMAU, PASAMAN BARAT, SUMATERA BARAT",24,4,136,140
https://kawalpemilu.org#13692,"TALU, TALAMAU, PASAMAN BARAT, SUMATERA BARAT",25,11,200,211
https://kawalpemilu.org#13692,"TALU, TALAMAU, PASAMAN BARAT, SUMATERA BARAT",26,7,127,134
https://kawalpemilu.org#13692,"TALU, TALAMAU, PASAMAN BARAT, SUMATERA BARAT",27,4,123,127
https://kawalpemilu.org#13692,"TALU, TALAMAU, PASAMAN BARAT, SUMATERA BARAT",28,12,163,175
https://kawalpemilu.org#13692,"TALU, TALAMAU, PASAMAN BARAT, SUMATERA BARAT",29,20,151,171
https://kawalpemilu.org#13692,"TALU, TALAMAU, PASAMAN BARAT, SUMATERA BARAT",30,11,94,105
https://kawalpemilu.org#13693,"SINURUIK, TALAMAU, PASAMAN BARAT, SUMATERA BARAT",1,20,134,154
https://kawalpemilu.org#13693,"SINURUIK, TALAMAU, PASAMAN BARAT, SUMATERA BARAT",2,4,115,119
https://kawalpemilu.org#13693,"SINURUIK, TALAMAU, PASAMAN BARAT, SUMATERA BARAT",3,3,67,70
https://kawalpemilu.org#13693,"SINURUIK, TALAMAU, PASAMAN BARAT, SUMATERA BARAT",4,8,120,128
https://kawalpemilu.org#13693,"SINURUIK, TALAMAU, PASAMAN BARAT, SUMATERA BARAT",5,6,159,165
https://kawalpemilu.org#13693,"SINURUIK, TALAMAU, PASAMAN BARAT, SUMATERA BARAT",6,8,157,165
https://kawalpemilu.org#13693,"SINURUIK, TALAMAU, PASAMAN BARAT, SUMATERA BARAT",7,8,104,112
https://kawalpemilu.org#13693,"SINURUIK, TALAMAU, PASAMAN BARAT, SUMATERA BARAT",8,9,212,221
https://kawalpemilu.org#13693,"SINURUIK, TALAMAU, PASAMAN BARAT, SUMATERA BARAT",9,31,182,213
https://kawalpemilu.org#13693,"SINURUIK, TALAMAU, PASAMAN BARAT, SUMATERA BARAT",10,21,131,152
https://kawalpemilu.org#13693,"SINURUIK, TALAMAU, PASAMAN BARAT, SUMATERA BARAT",11,10,114,124
https://kawalpemilu.org#13693,"SINURUIK, TALAMAU, PASAMAN BARAT, SUMATERA BARAT",12,6,89,95
https://kawalpemilu.org#13693,"SINURUIK, TALAMAU, PASAMAN BARAT, SUMATERA BARAT",13,6,98,104
https://kawalpemilu.org#13693,"SINURUIK, TALAMAU, PASAMAN BARAT, SUMATERA BARAT",14,13,59,72
https://kawalpemilu.org#13693,"SINURUIK, TALAMAU, PASAMAN BARAT, SUMATERA BARAT",15,8,53,61
https://kawalpemilu.org#13693,"SINURUIK, TALAMAU, PASAMAN BARAT, SUMATERA BARAT",16,38,102,140
https://kawalpemilu.org#13693,"SINURUIK, TALAMAU, PASAMAN BARAT, SUMATERA BARAT",17,42,77,119
https://kawalpemilu.org#13693,"SINURUIK, TALAMAU, PASAMAN BARAT, SUMATERA BARAT",18,14,104,118
https://kawalpemilu.org#13693,"SINURUIK, TALAMAU, PASAMAN BARAT, SUMATERA BARAT",19,2,90,92
https://kawalpemilu.org#13693,"SINURUIK, TALAMAU, PASAMAN BARAT, SUMATERA BARAT",20,39,113,152
https://kawalpemilu.org#13693,"SINURUIK, TALAMAU, PASAMAN BARAT, SUMATERA BARAT",21,15,144,159
https://kawalpemilu.org#13693,"SINURUIK, TALAMAU, PASAMAN BARAT, SUMATERA BARAT",22,29,162,191
https://kawalpemilu.org#13693,"SINURUIK, TALAMAU, PASAMAN BARAT, SUMATERA BARAT",23,9,35,44
https://kawalpemilu.org#13693,"SINURUIK, TALAMAU, PASAMAN BARAT, SUMATERA BARAT",24,1,45,46
https://kawalpemilu.org#13693,"SINURUIK, TALAMAU, PASAMAN BARAT, SUMATERA BARAT",25,28,180,290
https://kawalpemilu.org#13693,"SINURUIK, TALAMAU, PASAMAN BARAT, SUMATERA BARAT",26,23,191,214
https://kawalpemilu.org#13693,"SINURUIK, TALAMAU, PASAMAN BARAT, SUMATERA BARAT",27,11,168,179
https://kawalpemilu.org#13693,"SINURUIK, TALAMAU, PASAMAN BARAT, SUMATERA BARAT",28,9,223,232
https://kawalpemilu.org#13693,"SINURUIK, TALAMAU, PASAMAN BARAT, SUMATERA BARAT",29,2,127,129
https://kawalpemilu.org#13693,"SINURUIK, TALAMAU, PASAMAN BARAT, SUMATERA BARAT",30,4,129,133
https://kawalpemilu.org#13695,"KINALI, KINALI, PASAMAN BARAT, SUMATERA BARAT",1,137,82,219
https://kawalpemilu.org#13695,"KINALI, KINALI, PASAMAN BARAT, SUMATERA BARAT",2,12,76,88
https://kawalpemilu.org#13695,"KINALI, KINALI, PASAMAN BARAT, SUMATERA BARAT",3,20,102,122
https://kawalpemilu.org#13695,"KINALI, KINALI, PASAMAN BARAT, SUMATERA BARAT",4,12,87,99
https://kawalpemilu.org#13695,"KINALI, KINALI, PASAMAN BARAT, SUMATERA BARAT",5,11,151,162
https://kawalpemilu.org#13695,"KINALI, KINALI, PASAMAN BARAT, SUMATERA BARAT",6,9,159,168
https://kawalpemilu.org#13695,"KINALI, KINALI, PASAMAN BARAT, SUMATERA BARAT",7,11,186,197
https://kawalpemilu.org#13695,"KINALI, KINALI, PASAMAN BARAT, SUMATERA BARAT",8,20,129,149
https://kawalpemilu.org#13695,"KINALI, KINALI, PASAMAN BARAT, SUMATERA BARAT",9,39,184,223
https://kawalpemilu.org#13695,"KINALI, KINALI, PASAMAN BARAT, SUMATERA BARAT",10,8,114,122
https://kawalpemilu.org#13695,"KINALI, KINALI, PASAMAN BARAT, SUMATERA BARAT",11,20,134,154
https://kawalpemilu.org#13695,"KINALI, KINALI, PASAMAN BARAT, SUMATERA BARAT",12,17,130,147
https://kawalpemilu.org#13695,"KINALI, KINALI, PASAMAN BARAT, SUMATERA BARAT",13,9,161,170
https://kawalpemilu.org#13695,"KINALI, KINALI, PASAMAN BARAT, SUMATERA BARAT",14,11,196,207
https://kawalpemilu.org#13695,"KINALI, KINALI, PASAMAN BARAT, SUMATERA BARAT",15,14,164,178
https://kawalpemilu.org#13695,"KINALI, KINALI, PASAMAN BARAT, SUMATERA BARAT",16,12,124,136
https://kawalpemilu.org#13695,"KINALI, KINALI, PASAMAN BARAT, SUMATERA BARAT",17,108,108,216
https://kawalpemilu.org#13695,"KINALI, KINALI, PASAMAN BARAT, SUMATERA BARAT",18,11,217,228
https://kawalpemilu.org#13695,"KINALI, KINALI, PASAMAN BARAT, SUMATERA BARAT",19,11,65,76
https://kawalpemilu.org#13695,"KINALI, KINALI, PASAMAN BARAT, SUMATERA BARAT",20,25,88,113
https://kawalpemilu.org#13695,"KINALI, KINALI, PASAMAN BARAT, SUMATERA BARAT",21,26,39,65
https://kawalpemilu.org#13695,"KINALI, KINALI, PASAMAN BARAT, SUMATERA BARAT",22,101,36,137
https://kawalpemilu.org#13695,"KINALI, KINALI, PASAMAN BARAT, SUMATERA BARAT",23,15,171,186
https://kawalpemilu.org#13695,"KINALI, KINALI, PASAMAN BARAT, SUMATERA BARAT",24,23,170,193
https://kawalpemilu.org#13695,"KINALI, KINALI, PASAMAN BARAT, SUMATERA BARAT",25,18,197,215
https://kawalpemilu.org#13695,"KINALI, KINALI, PASAMAN BARAT, SUMATERA BARAT",26,10,219,229
https://kawalpemilu.org#13695,"KINALI, KINALI, PASAMAN BARAT, SUMATERA BARAT",27,14,176,190
https://kawalpemilu.org#13695,"KINALI, KINALI, PASAMAN BARAT, SUMATERA BARAT",28,13,219,232
https://kawalpemilu.org#13695,"KINALI, KINALI, PASAMAN BARAT, SUMATERA BARAT",29,30,187,217
https://kawalpemilu.org#13695,"KINALI, KINALI, PASAMAN BARAT, SUMATERA BARAT",30,16,169,185
https://kawalpemilu.org#13695,"KINALI, KINALI, PASAMAN BARAT, SUMATERA BARAT",31,44,168,212
https://kawalpemilu.org#13695,"KINALI, KINALI, PASAMAN BARAT, SUMATERA BARAT",32,14,175,189
https://kawalpemilu.org#13695,"KINALI, KINALI, PASAMAN BARAT, SUMATERA BARAT",33,17,128,145
https://kawalpemilu.org#13695,"KINALI, KINALI, PASAMAN BARAT, SUMATERA BARAT",34,25,117,142
https://kawalpemilu.org#13695,"KINALI, KINALI, PASAMAN BARAT, SUMATERA BARAT",35,52,153,205
https://kawalpemilu.org#13695,"KINALI, KINALI, PASAMAN BARAT, SUMATERA BARAT",36,89,114,203
https://kawalpemilu.org#13695,"KINALI, KINALI, PASAMAN BARAT, SUMATERA BARAT",37,59,106,165
https://kawalpemilu.org#13695,"KINALI, KINALI, PASAMAN BARAT, SUMATERA BARAT",38,83,81,164
https://kawalpemilu.org#13695,"KINALI, KINALI, PASAMAN BARAT, SUMATERA BARAT",39,162,80,242
https://kawalpemilu.org#13695,"KINALI, KINALI, PASAMAN BARAT, SUMATERA BARAT",40,129,129,258
https://kawalpemilu.org#13695,"KINALI, KINALI, PASAMAN BARAT, SUMATERA BARAT",41,84,89,173
https://kawalpemilu.org#13695,"KINALI, KINALI, PASAMAN BARAT, SUMATERA BARAT",42,126,123,249
https://kawalpemilu.org#13695,"KINALI, KINALI, PASAMAN BARAT, SUMATERA BARAT",43,98,46,144
https://kawalpemilu.org#13695,"KINALI, KINALI, PASAMAN BARAT, SUMATERA BARAT",44,114,67,181
https://kawalpemilu.org#13695,"KINALI, KINALI, PASAMAN BARAT, SUMATERA BARAT",45,106,90,196
https://kawalpemilu.org#13695,"KINALI, KINALI, PASAMAN BARAT, SUMATERA BARAT",46,120,84,204
https://kawalpemilu.org#13695,"KINALI, KINALI, PASAMAN BARAT, SUMATERA BARAT",47,80,96,176
https://kawalpemilu.org#13695,"KINALI, KINALI, PASAMAN BARAT, SUMATERA BARAT",48,78,105,183
https://kawalpemilu.org#13695,"KINALI, KINALI, PASAMAN BARAT, SUMATERA BARAT",49,125,112,237
https://kawalpemilu.org#13695,"KINALI, KINALI, PASAMAN BARAT, SUMATERA BARAT",50,132,98,230
https://kawalpemilu.org#13695,"KINALI, KINALI, PASAMAN BARAT, SUMATERA BARAT",51,86,107,193
https://kawalpemilu.org#13695,"KINALI, KINALI, PASAMAN BARAT, SUMATERA BARAT",52,75,42,117
https://kawalpemilu.org#13695,"KINALI, KINALI, PASAMAN BARAT, SUMATERA BARAT",53,160,68,228
https://kawalpemilu.org#13695,"KINALI, KINALI, PASAMAN BARAT, SUMATERA BARAT",54,128,62,190
https://kawalpemilu.org#13695,"KINALI, KINALI, PASAMAN BARAT, SUMATERA BARAT",55,4,138,142
https://kawalpemilu.org#13695,"KINALI, KINALI, PASAMAN BARAT, SUMATERA BARAT",58,11,130,141
https://kawalpemilu.org#13695,"KINALI, KINALI, PASAMAN BARAT, SUMATERA BARAT",60,8,194,202
https://kawalpemilu.org#13695,"KINALI, KINALI, PASAMAN BARAT, SUMATERA BARAT",61,9,162,171
https://kawalpemilu.org#13695,"KINALI, KINALI, PASAMAN BARAT, SUMATERA BARAT",62,23,119,142
https://kawalpemilu.org#13695,"KINALI, KINALI, PASAMAN BARAT, SUMATERA BARAT",63,30,139,169
https://kawalpemilu.org#13695,"KINALI, KINALI, PASAMAN BARAT, SUMATERA BARAT",64,15,137,152
https://kawalpemilu.org#13695,"KINALI, KINALI, PASAMAN BARAT, SUMATERA BARAT",65,5,68,73
https://kawalpemilu.org#13695,"KINALI, KINALI, PASAMAN BARAT, SUMATERA BARAT",66,20,230,250
https://kawalpemilu.org#13695,"KINALI, KINALI, PASAMAN BARAT, SUMATERA BARAT",67,21,204,225
https://kawalpemilu.org#13695,"KINALI, KINALI, PASAMAN BARAT, SUMATERA BARAT",68,30,189,219
https://kawalpemilu.org#13695,"KINALI, KINALI, PASAMAN BARAT, SUMATERA BARAT",69,23,184,207
https://kawalpemilu.org#13695,"KINALI, KINALI, PASAMAN BARAT, SUMATERA BARAT",70,26,169,195
https://kawalpemilu.org#13695,"KINALI, KINALI, PASAMAN BARAT, SUMATERA BARAT",71,22,146,168
https://kawalpemilu.org#13695,"KINALI, KINALI, PASAMAN BARAT, SUMATERA BARAT",72,23,153,176
https://kawalpemilu.org#13695,"KINALI, KINALI, PASAMAN BARAT, SUMATERA BARAT",73,30,191,221
https://kawalpemilu.org#13695,"KINALI, KINALI, PASAMAN BARAT, SUMATERA BARAT",74,7,91,98
https://kawalpemilu.org#13695,"KINALI, KINALI, PASAMAN BARAT, SUMATERA BARAT",75,22,243,265
https://kawalpemilu.org#13695,"KINALI, KINALI, PASAMAN BARAT, SUMATERA BARAT",76,11,123,134
https://kawalpemilu.org#13695,"KINALI, KINALI, PASAMAN BARAT, SUMATERA BARAT",77,24,217,241
https://kawalpemilu.org#13695,"KINALI, KINALI, PASAMAN BARAT, SUMATERA BARAT",78,29,178,207
https://kawalpemilu.org#13695,"KINALI, KINALI, PASAMAN BARAT, SUMATERA BARAT",80,30,146,176
https://kawalpemilu.org#13695,"KINALI, KINALI, PASAMAN BARAT, SUMATERA BARAT",81,10,86,96
https://kawalpemilu.org#13695,"KINALI, KINALI, PASAMAN BARAT, SUMATERA BARAT",82,25,165,190
https://kawalpemilu.org#13695,"KINALI, KINALI, PASAMAN BARAT, SUMATERA BARAT",83,12,134,146
https://kawalpemilu.org#13695,"KINALI, KINALI, PASAMAN BARAT, SUMATERA BARAT",84,14,153,167
https://kawalpemilu.org#13695,"KINALI, KINALI, PASAMAN BARAT, SUMATERA BARAT",85,6,106,112
https://kawalpemilu.org#13695,"KINALI, KINALI, PASAMAN BARAT, SUMATERA BARAT",86,12,187,199
https://kawalpemilu.org#13695,"KINALI, KINALI, PASAMAN BARAT, SUMATERA BARAT",87,19,146,165
https://kawalpemilu.org#13695,"KINALI, KINALI, PASAMAN BARAT, SUMATERA BARAT",88,19,194,213
https://kawalpemilu.org#13695,"KINALI, KINALI, PASAMAN BARAT, SUMATERA BARAT",89,25,208,233
https://kawalpemilu.org#13695,"KINALI, KINALI, PASAMAN BARAT, SUMATERA BARAT",90,6,186,192
https://kawalpemilu.org#13695,"KINALI, KINALI, PASAMAN BARAT, SUMATERA BARAT",91,27,170,197
https://kawalpemilu.org#13695,"KINALI, KINALI, PASAMAN BARAT, SUMATERA BARAT",92,10,123,133
https://kawalpemilu.org#13695,"KINALI, KINALI, PASAMAN BARAT, SUMATERA BARAT",93,13,128,141
https://kawalpemilu.org#13695,"KINALI, KINALI, PASAMAN BARAT, SUMATERA BARAT",94,10,184,194
https://kawalpemilu.org#13695,"KINALI, KINALI, PASAMAN BARAT, SUMATERA BARAT",95,9,121,130
https://kawalpemilu.org#13695,"KINALI, KINALI, PASAMAN BARAT, SUMATERA BARAT",96,9,195,204
https://kawalpemilu.org#13695,"KINALI, KINALI, PASAMAN BARAT, SUMATERA BARAT",97,15,132,147
https://kawalpemilu.org#13695,"KINALI, KINALI, PASAMAN BARAT, SUMATERA BARAT",98,3,61,64
https://kawalpemilu.org#13695,"KINALI, KINALI, PASAMAN BARAT, SUMATERA BARAT",99,7,218,225
https://kawalpemilu.org#13695,"KINALI, KINALI, PASAMAN BARAT, SUMATERA BARAT",100,25,200,225
https://kawalpemilu.org#13695,"KINALI, KINALI, PASAMAN BARAT, SUMATERA BARAT",101,29,159,188
https://kawalpemilu.org#13695,"KINALI, KINALI, PASAMAN BARAT, SUMATERA BARAT",102,18,151,169
https://kawalpemilu.org#13695,"KINALI, KINALI, PASAMAN BARAT, SUMATERA BARAT",103,28,227,255
https://kawalpemilu.org#13695,"KINALI, KINALI, PASAMAN BARAT, SUMATERA BARAT",104,25,187,212
https://kawalpemilu.org#13695,"KINALI, KINALI, PASAMAN BARAT, SUMATERA BARAT",105,84,130,178
https://kawalpemilu.org#13695,"KINALI, KINALI, PASAMAN BARAT, SUMATERA BARAT",106,17,176,193
https://kawalpemilu.org#13695,"KINALI, KINALI, PASAMAN BARAT, SUMATERA BARAT",107,27,160,187
https://kawalpemilu.org#13695,"KINALI, KINALI, PASAMAN BARAT, SUMATERA BARAT",109,32,185,217
https://kawalpemilu.org#13695,"KINALI, KINALI, PASAMAN BARAT, SUMATERA BARAT",110,29,174,176
https://kawalpemilu.org#13695,"KINALI, KINALI, PASAMAN BARAT, SUMATERA BARAT",111,17,223,240
https://kawalpemilu.org#13695,"KINALI, KINALI, PASAMAN BARAT, SUMATERA BARAT",112,34,221,255
https://kawalpemilu.org#13695,"KINALI, KINALI, PASAMAN BARAT, SUMATERA BARAT",113,36,168,204
https://kawalpemilu.org#13695,"KINALI, KINALI, PASAMAN BARAT, SUMATERA BARAT",114,15,168,183
https://kawalpemilu.org#13695,"KINALI, KINALI, PASAMAN BARAT, SUMATERA BARAT",116,22,156,178
https://kawalpemilu.org#13695,"KINALI, KINALI, PASAMAN BARAT, SUMATERA BARAT",117,80,69,149
https://kawalpemilu.org#13695,"KINALI, KINALI, PASAMAN BARAT, SUMATERA BARAT",118,25,158,183
https://kawalpemilu.org#13695,"KINALI, KINALI, PASAMAN BARAT, SUMATERA BARAT",119,14,215,229
https://kawalpemilu.org#13695,"KINALI, KINALI, PASAMAN BARAT, SUMATERA BARAT",120,21,195,216
https://kawalpemilu.org#13695,"KINALI, KINALI, PASAMAN BARAT, SUMATERA BARAT",121,22,167,189
https://kawalpemilu.org#13695,"KINALI, KINALI, PASAMAN BARAT, SUMATERA BARAT",122,23,89,112
https://kawalpemilu.org#13695,"KINALI, KINALI, PASAMAN BARAT, SUMATERA BARAT",123,42,171,213
https://kawalpemilu.org#13695,"KINALI, KINALI, PASAMAN BARAT, SUMATERA BARAT",124,13,87,100
https://kawalpemilu.org#13695,"KINALI, KINALI, PASAMAN BARAT, SUMATERA BARAT",125,20,203,223
https://kawalpemilu.org#13695,"KINALI, KINALI, PASAMAN BARAT, SUMATERA BARAT",126,22,185,207
https://kawalpemilu.org#13695,"KINALI, KINALI, PASAMAN BARAT, SUMATERA BARAT",127,43,116,159
https://kawalpemilu.org#13695,"KINALI, KINALI, PASAMAN BARAT, SUMATERA BARAT",128,74,111,185
https://kawalpemilu.org#13695,"KINALI, KINALI, PASAMAN BARAT, SUMATERA BARAT",129,27,118,145
https://kawalpemilu.org#13695,"KINALI, KINALI, PASAMAN BARAT, SUMATERA BARAT",130,37,149,186
https://kawalpemilu.org#13695,"KINALI, KINALI, PASAMAN BARAT, SUMATERA BARAT",131,25,192,217
https://kawalpemilu.org#13695,"KINALI, KINALI, PASAMAN BARAT, SUMATERA BARAT",132,12,207,219
https://kawalpemilu.org#13695,"KINALI, KINALI, PASAMAN BARAT, SUMATERA BARAT",133,8,129,137
https://kawalpemilu.org#13695,"KINALI, KINALI, PASAMAN BARAT, SUMATERA BARAT",134,22,205,227
https://kawalpemilu.org#13695,"KINALI, KINALI, PASAMAN BARAT, SUMATERA BARAT",136,2,119,121
https://kawalpemilu.org#13695,"KINALI, KINALI, PASAMAN BARAT, SUMATERA BARAT",137,11,126,137
https://kawalpemilu.org#13695,"KINALI, KINALI, PASAMAN BARAT, SUMATERA BARAT",138,13,140,153
https://kawalpemilu.org#13695,"KINALI, KINALI, PASAMAN BARAT, SUMATERA BARAT",139,20,73,93
https://kawalpemilu.org#13695,"KINALI, KINALI, PASAMAN BARAT, SUMATERA BARAT",140,6,148,154
https://kawalpemilu.org#13695,"KINALI, KINALI, PASAMAN BARAT, SUMATERA BARAT",141,10,101,111
https://kawalpemilu.org#13695,"KINALI, KINALI, PASAMAN BARAT, SUMATERA BARAT",142,17,193,210
https://kawalpemilu.org#13695,"KINALI, KINALI, PASAMAN BARAT, SUMATERA BARAT",143,40,159,199
https://kawalpemilu.org#13695,"KINALI, KINALI, PASAMAN BARAT, SUMATERA BARAT",145,76,56,132
https://kawalpemilu.org#13695,"KINALI, KINALI, PASAMAN BARAT, SUMATERA BARAT",146,113,142,255
https://kawalpemilu.org#13695,"KINALI, KINALI, PASAMAN BARAT, SUMATERA BARAT",147,99,82,181
https://kawalpemilu.org#13695,"KINALI, KINALI, PASAMAN BARAT, SUMATERA BARAT",148,119,93,212
https://kawalpemilu.org#13695,"KINALI, KINALI, PASAMAN BARAT, SUMATERA BARAT",149,73,128,201
https://kawalpemilu.org#13695,"KINALI, KINALI, PASAMAN BARAT, SUMATERA BARAT",150,83,93,176
https://kawalpemilu.org#13695,"KINALI, KINALI, PASAMAN BARAT, SUMATERA BARAT",151,68,132,200
https://kawalpemilu.org#13695,"KINALI, KINALI, PASAMAN BARAT, SUMATERA BARAT",152,80,73,153
https://kawalpemilu.org#13695,"KINALI, KINALI, PASAMAN BARAT, SUMATERA BARAT",153,80,83,163
https://kawalpemilu.org#13695,"KINALI, KINALI, PASAMAN BARAT, SUMATERA BARAT",154,87,137,224
https://kawalpemilu.org#13695,"KINALI, KINALI, PASAMAN BARAT, SUMATERA BARAT",155,181,42,223
https://kawalpemilu.org#13695,"KINALI, KINALI, PASAMAN BARAT, SUMATERA BARAT",156,118,94,212
https://kawalpemilu.org#13695,"KINALI, KINALI, PASAMAN BARAT, SUMATERA BARAT",157,189,71,260
https://kawalpemilu.org#13695,"KINALI, KINALI, PASAMAN BARAT, SUMATERA BARAT",158,161,71,232
https://kawalpemilu.org#13695,"KINALI, KINALI, PASAMAN BARAT, SUMATERA BARAT",159,108,74,182
https://kawalpemilu.org#13695,"KINALI, KINALI, PASAMAN BARAT, SUMATERA BARAT",160,48,85,133
https://kawalpemilu.org#13695,"KINALI, KINALI, PASAMAN BARAT, SUMATERA BARAT",161,63,98,161
https://kawalpemilu.org#13695,"KINALI, KINALI, PASAMAN BARAT, SUMATERA BARAT",162,119,106,225
https://kawalpemilu.org#13695,"KINALI, KINALI, PASAMAN BARAT, SUMATERA BARAT",163,70,89,159
https://kawalpemilu.org#13695,"KINALI, KINALI, PASAMAN BARAT, SUMATERA BARAT",164,70,118,188
https://kawalpemilu.org#13695,"KINALI, KINALI, PASAMAN BARAT, SUMATERA BARAT",165,82,115,197
https://kawalpemilu.org#13695,"KINALI, KINALI, PASAMAN BARAT, SUMATERA BARAT",166,124,120,244
https://kawalpemilu.org#13695,"KINALI, KINALI, PASAMAN BARAT, SUMATERA BARAT",167,121,115,236
https://kawalpemilu.org#13695,"KINALI, KINALI, PASAMAN BARAT, SUMATERA BARAT",168,123,76,199
https://kawalpemilu.org#13695,"KINALI, KINALI, PASAMAN BARAT, SUMATERA BARAT",169,97,104,201
https://kawalpemilu.org#13695,"KINALI, KINALI, PASAMAN BARAT, SUMATERA BARAT",170,90,164,254
https://kawalpemilu.org#13695,"KINALI, KINALI, PASAMAN BARAT, SUMATERA BARAT",171,32,65,97
https://kawalpemilu.org#13695,"KINALI, KINALI, PASAMAN BARAT, SUMATERA BARAT",172,40,33,73
https://kawalpemilu.org#13695,"KINALI, KINALI, PASAMAN BARAT, SUMATERA BARAT",173,90,157,247
https://kawalpemilu.org#13695,"KINALI, KINALI, PASAMAN BARAT, SUMATERA BARAT",174,113,123,236
https://kawalpemilu.org#13695,"KINALI, KINALI, PASAMAN BARAT, SUMATERA BARAT",175,42,105,147
https://kawalpemilu.org#13695,"KINALI, KINALI, PASAMAN BARAT, SUMATERA BARAT",176,108,105,213
https://kawalpemilu.org#13695,"KINALI, KINALI, PASAMAN BARAT, SUMATERA BARAT",177,75,187,262
https://kawalpemilu.org#13695,"KINALI, KINALI, PASAMAN BARAT, SUMATERA BARAT",178,124,100,224
https://kawalpemilu.org#13695,"KINALI, KINALI, PASAMAN BARAT, SUMATERA BARAT",179,77,89,166
https://kawalpemilu.org#13695,"KINALI, KINALI, PASAMAN BARAT, SUMATERA BARAT",180,65,106,171
https://kawalpemilu.org#13695,"KINALI, KINALI, PASAMAN BARAT, SUMATERA BARAT",181,103,78,181
https://kawalpemilu.org#13695,"KINALI, KINALI, PASAMAN BARAT, SUMATERA BARAT",182,69,93,162
https://kawalpemilu.org#13696,"KATIAGAN MANDIANGIN, KINALI, PASAMAN BARAT, SUMATERA BARAT",1,30,178,208
https://kawalpemilu.org#13696,"KATIAGAN MANDIANGIN, KINALI, PASAMAN BARAT, SUMATERA BARAT",2,36,175,211
https://kawalpemilu.org#13696,"KATIAGAN MANDIANGIN, KINALI, PASAMAN BARAT, SUMATERA BARAT",3,12,152,164
https://kawalpemilu.org#13696,"KATIAGAN MANDIANGIN, KINALI, PASAMAN BARAT, SUMATERA BARAT",4,19,185,204
https://kawalpemilu.org#13696,"KATIAGAN MANDIANGIN, KINALI, PASAMAN BARAT, SUMATERA BARAT",5,12,187,199
https://kawalpemilu.org#13696,"KATIAGAN MANDIANGIN, KINALI, PASAMAN BARAT, SUMATERA BARAT",7,14,129,143
https://kawalpemilu.org#13696,"KATIAGAN MANDIANGIN, KINALI, PASAMAN BARAT, SUMATERA BARAT",8,15,200,215
https://kawalpemilu.org#13696,"KATIAGAN MANDIANGIN, KINALI, PASAMAN BARAT, SUMATERA BARAT",9,23,178,201
https://kawalpemilu.org#13696,"KATIAGAN MANDIANGIN, KINALI, PASAMAN BARAT, SUMATERA BARAT",10,13,7,20
https://kawalpemilu.org#13696,"KATIAGAN MANDIANGIN, KINALI, PASAMAN BARAT, SUMATERA BARAT",11,74,89,163
https://kawalpemilu.org#13698,"MUARO KIAWAI, GUNUNG TULEH, PASAMAN BARAT, SUMATERA BARAT",1,50,114,164
https://kawalpemilu.org#13698,"MUARO KIAWAI, GUNUNG TULEH, PASAMAN BARAT, SUMATERA BARAT",2,60,134,194
https://kawalpemilu.org#13698,"MUARO KIAWAI, GUNUNG TULEH, PASAMAN BARAT, SUMATERA BARAT",3,52,169,221
https://kawalpemilu.org#13698,"MUARO KIAWAI, GUNUNG TULEH, PASAMAN BARAT, SUMATERA BARAT",4,20,193,213
https://kawalpemilu.org#13698,"MUARO KIAWAI, GUNUNG TULEH, PASAMAN BARAT, SUMATERA BARAT",5,20,145,165
https://kawalpemilu.org#13698,"MUARO KIAWAI, GUNUNG TULEH, PASAMAN BARAT, SUMATERA BARAT",6,26,152,178
https://kawalpemilu.org#13698,"MUARO KIAWAI, GUNUNG TULEH, PASAMAN BARAT, SUMATERA BARAT",7,17,112,129
https://kawalpemilu.org#13698,"MUARO KIAWAI, GUNUNG TULEH, PASAMAN BARAT, SUMATERA BARAT",8,12,108,120
https://kawalpemilu.org#13698,"MUARO KIAWAI, GUNUNG TULEH, PASAMAN BARAT, SUMATERA BARAT",9,36,185,221
https://kawalpemilu.org#13698,"MUARO KIAWAI, GUNUNG TULEH, PASAMAN BARAT, SUMATERA BARAT",10,19,164,183
https://kawalpemilu.org#13698,"MUARO KIAWAI, GUNUNG TULEH, PASAMAN BARAT, SUMATERA BARAT",11,10,150,160
https://kawalpemilu.org#13698,"MUARO KIAWAI, GUNUNG TULEH, PASAMAN BARAT, SUMATERA BARAT",12,17,106,123
https://kawalpemilu.org#13698,"MUARO KIAWAI, GUNUNG TULEH, PASAMAN BARAT, SUMATERA BARAT",13,27,194,221
https://kawalpemilu.org#13698,"MUARO KIAWAI, GUNUNG TULEH, PASAMAN BARAT, SUMATERA BARAT",14,29,192,221
https://kawalpemilu.org#13698,"MUARO KIAWAI, GUNUNG TULEH, PASAMAN BARAT, SUMATERA BARAT",15,30,215,245
https://kawalpemilu.org#13698,"MUARO KIAWAI, GUNUNG TULEH, PASAMAN BARAT, SUMATERA BARAT",16,19,166,185
https://kawalpemilu.org#13698,"MUARO KIAWAI, GUNUNG TULEH, PASAMAN BARAT, SUMATERA BARAT",17,18,200,218
https://kawalpemilu.org#13698,"MUARO KIAWAI, GUNUNG TULEH, PASAMAN BARAT, SUMATERA BARAT",18,15,128,143
https://kawalpemilu.org#13698,"MUARO KIAWAI, GUNUNG TULEH, PASAMAN BARAT, SUMATERA BARAT",19,17,123,140
https://kawalpemilu.org#13698,"MUARO KIAWAI, GUNUNG TULEH, PASAMAN BARAT, SUMATERA BARAT",20,19,98,117
https://kawalpemilu.org#13698,"MUARO KIAWAI, GUNUNG TULEH, PASAMAN BARAT, SUMATERA BARAT",21,11,78,89
https://kawalpemilu.org#13698,"MUARO KIAWAI, GUNUNG TULEH, PASAMAN BARAT, SUMATERA BARAT",22,24,121,145
https://kawalpemilu.org#13698,"MUARO KIAWAI, GUNUNG TULEH, PASAMAN BARAT, SUMATERA BARAT",23,12,116,128
https://kawalpemilu.org#13698,"MUARO KIAWAI, GUNUNG TULEH, PASAMAN BARAT, SUMATERA BARAT",24,12,166,178
https://kawalpemilu.org#13698,"MUARO KIAWAI, GUNUNG TULEH, PASAMAN BARAT, SUMATERA BARAT",25,19,171,190
https://kawalpemilu.org#13698,"MUARO KIAWAI, GUNUNG TULEH, PASAMAN BARAT, SUMATERA BARAT",26,20,206,226
https://kawalpemilu.org#13698,"MUARO KIAWAI, GUNUNG TULEH, PASAMAN BARAT, SUMATERA BARAT",27,21,129,150
https://kawalpemilu.org#13698,"MUARO KIAWAI, GUNUNG TULEH, PASAMAN BARAT, SUMATERA BARAT",28,40,111,151
https://kawalpemilu.org#13698,"MUARO KIAWAI, GUNUNG TULEH, PASAMAN BARAT, SUMATERA BARAT",29,29,83,112
https://kawalpemilu.org#13698,"MUARO KIAWAI, GUNUNG TULEH, PASAMAN BARAT, SUMATERA BARAT",30,36,146,182
https://kawalpemilu.org#13698,"MUARO KIAWAI, GUNUNG TULEH, PASAMAN BARAT, SUMATERA BARAT",31,60,160,220
https://kawalpemilu.org#13698,"MUARO KIAWAI, GUNUNG TULEH, PASAMAN BARAT, SUMATERA BARAT",32,13,109,122
https://kawalpemilu.org#13699,"RABI JONGGOR, GUNUNG TULEH, PASAMAN BARAT, SUMATERA BARAT",1,41,201,242
https://kawalpemilu.org#13699,"RABI JONGGOR, GUNUNG TULEH, PASAMAN BARAT, SUMATERA BARAT",2,45,116,161
https://kawalpemilu.org#13699,"RABI JONGGOR, GUNUNG TULEH, PASAMAN BARAT, SUMATERA BARAT",3,52,119,171
https://kawalpemilu.org#13699,"RABI JONGGOR, GUNUNG TULEH, PASAMAN BARAT, SUMATERA BARAT",4,26,210,236
https://kawalpemilu.org#13699,"RABI JONGGOR, GUNUNG TULEH, PASAMAN BARAT, SUMATERA BARAT",5,22,188,210
https://kawalpemilu.org#13699,"RABI JONGGOR, GUNUNG TULEH, PASAMAN BARAT, SUMATERA BARAT",6,36,149,185
https://kawalpemilu.org#13699,"RABI JONGGOR, GUNUNG TULEH, PASAMAN BARAT, SUMATERA BARAT",7,59,208,267
https://kawalpemilu.org#13699,"RABI JONGGOR, GUNUNG TULEH, PASAMAN BARAT, SUMATERA BARAT",8,31,131,162
https://kawalpemilu.org#13699,"RABI JONGGOR, GUNUNG TULEH, PASAMAN BARAT, SUMATERA BARAT",9,43,150,193
https://kawalpemilu.org#13699,"RABI JONGGOR, GUNUNG TULEH, PASAMAN BARAT, SUMATERA BARAT",10,20,139,159
https://kawalpemilu.org#13699,"RABI JONGGOR, GUNUNG TULEH, PASAMAN BARAT, SUMATERA BARAT",11,17,151,168
https://kawalpemilu.org#13699,"RABI JONGGOR, GUNUNG TULEH, PASAMAN BARAT, SUMATERA BARAT",13,43,141,184
https://kawalpemilu.org#13699,"RABI JONGGOR, GUNUNG TULEH, PASAMAN BARAT, SUMATERA BARAT",14,19,161,180
https://kawalpemilu.org#13699,"RABI JONGGOR, GUNUNG TULEH, PASAMAN BARAT, SUMATERA BARAT",15,16,173,189
https://kawalpemilu.org#13699,"RABI JONGGOR, GUNUNG TULEH, PASAMAN BARAT, SUMATERA BARAT",16,35,144,179
https://kawalpemilu.org#13699,"RABI JONGGOR, GUNUNG TULEH, PASAMAN BARAT, SUMATERA BARAT",17,34,160,194
https://kawalpemilu.org#13699,"RABI JONGGOR, GUNUNG TULEH, PASAMAN BARAT, SUMATERA BARAT",18,14,56,70
https://kawalpemilu.org#13699,"RABI JONGGOR, GUNUNG TULEH, PASAMAN BARAT, SUMATERA BARAT",19,29,116,145
https://kawalpemilu.org#13699,"RABI JONGGOR, GUNUNG TULEH, PASAMAN BARAT, SUMATERA BARAT",20,53,126,179
https://kawalpemilu.org#13699,"RABI JONGGOR, GUNUNG TULEH, PASAMAN BARAT, SUMATERA BARAT",21,63,165,228
https://kawalpemilu.org#13699,"RABI JONGGOR, GUNUNG TULEH, PASAMAN BARAT, SUMATERA BARAT",22,40,199,239
https://kawalpemilu.org#13699,"RABI JONGGOR, GUNUNG TULEH, PASAMAN BARAT, SUMATERA BARAT",23,45,197,242
https://kawalpemilu.org#13699,"RABI JONGGOR, GUNUNG TULEH, PASAMAN BARAT, SUMATERA BARAT",24,45,206,251
https://kawalpemilu.org#13699,"RABI JONGGOR, GUNUNG TULEH, PASAMAN BARAT, SUMATERA BARAT",25,25,213,238
https://kawalpemilu.org#13699,"RABI JONGGOR, GUNUNG TULEH, PASAMAN BARAT, SUMATERA BARAT",26,15,20,35
https://kawalpemilu.org#13699,"RABI JONGGOR, GUNUNG TULEH, PASAMAN BARAT, SUMATERA BARAT",27,16,167,183
https://kawalpemilu.org#13699,"RABI JONGGOR, GUNUNG TULEH, PASAMAN BARAT, SUMATERA BARAT",28,6,104,110
https://kawalpemilu.org#13699,"RABI JONGGOR, GUNUNG TULEH, PASAMAN BARAT, SUMATERA BARAT",29,23,189,212
https://kawalpemilu.org#13699,"RABI JONGGOR, GUNUNG TULEH, PASAMAN BARAT, SUMATERA BARAT",30,23,111,134
https://kawalpemilu.org#13699,"RABI JONGGOR, GUNUNG TULEH, PASAMAN BARAT, SUMATERA BARAT",31,11,154,165
https://kawalpemilu.org#13699,"RABI JONGGOR, GUNUNG TULEH, PASAMAN BARAT, SUMATERA BARAT",32,9,192,201
https://kawalpemilu.org#13699,"RABI JONGGOR, GUNUNG TULEH, PASAMAN BARAT, SUMATERA BARAT",33,21,162,183
https://kawalpemilu.org#13699,"RABI JONGGOR, GUNUNG TULEH, PASAMAN BARAT, SUMATERA BARAT",34,10,160,170
https://kawalpemilu.org#13699,"RABI JONGGOR, GUNUNG TULEH, PASAMAN BARAT, SUMATERA BARAT",35,2,134,136
https://kawalpemilu.org#13699,"RABI JONGGOR, GUNUNG TULEH, PASAMAN BARAT, SUMATERA BARAT",36,66,164,230
https://kawalpemilu.org#13699,"RABI JONGGOR, GUNUNG TULEH, PASAMAN BARAT, SUMATERA BARAT",37,66,105,171
https://kawalpemilu.org#13699,"RABI JONGGOR, GUNUNG TULEH, PASAMAN BARAT, SUMATERA BARAT",38,64,132,196
https://kawalpemilu.org#13699,"RABI JONGGOR, GUNUNG TULEH, PASAMAN BARAT, SUMATERA BARAT",39,16,127,143
https://kawalpemilu.org#13699,"RABI JONGGOR, GUNUNG TULEH, PASAMAN BARAT, SUMATERA BARAT",40,7,133,140
https://kawalpemilu.org#13699,"RABI JONGGOR, GUNUNG TULEH, PASAMAN BARAT, SUMATERA BARAT",41,12,177,189
https://kawalpemilu.org#13699,"RABI JONGGOR, GUNUNG TULEH, PASAMAN BARAT, SUMATERA BARAT",42,14,178,192
https://kawalpemilu.org#13701,"BATAHAN, RANAH BATAHAN, PASAMAN BARAT, SUMATERA BARAT",1,26,229,255
https://kawalpemilu.org#13701,"BATAHAN, RANAH BATAHAN, PASAMAN BARAT, SUMATERA BARAT",2,0,0,0
https://kawalpemilu.org#13701,"BATAHAN, RANAH BATAHAN, PASAMAN BARAT, SUMATERA BARAT",3,27,155,182
https://kawalpemilu.org#13701,"BATAHAN, RANAH BATAHAN, PASAMAN BARAT, SUMATERA BARAT",4,30,154,184
https://kawalpemilu.org#13701,"BATAHAN, RANAH BATAHAN, PASAMAN BARAT, SUMATERA BARAT",5,19,66,85
https://kawalpemilu.org#13701,"BATAHAN, RANAH BATAHAN, PASAMAN BARAT, SUMATERA BARAT",6,27,194,221
https://kawalpemilu.org#13701,"BATAHAN, RANAH BATAHAN, PASAMAN BARAT, SUMATERA BARAT",7,20,131,151
https://kawalpemilu.org#13701,"BATAHAN, RANAH BATAHAN, PASAMAN BARAT, SUMATERA BARAT",8,20,198,218
https://kawalpemilu.org#13701,"BATAHAN, RANAH BATAHAN, PASAMAN BARAT, SUMATERA BARAT",9,19,98,117
https://kawalpemilu.org#13701,"BATAHAN, RANAH BATAHAN, PASAMAN BARAT, SUMATERA BARAT",10,22,110,132
https://kawalpemilu.org#13701,"BATAHAN, RANAH BATAHAN, PASAMAN BARAT, SUMATERA BARAT",11,23,113,136
https://kawalpemilu.org#13701,"BATAHAN, RANAH BATAHAN, PASAMAN BARAT, SUMATERA BARAT",12,27,160,187
https://kawalpemilu.org#13701,"BATAHAN, RANAH BATAHAN, PASAMAN BARAT, SUMATERA BARAT",13,22,156,178
https://kawalpemilu.org#13701,"BATAHAN, RANAH BATAHAN, PASAMAN BARAT, SUMATERA BARAT",14,20,142,162
https://kawalpemilu.org#13701,"BATAHAN, RANAH BATAHAN, PASAMAN BARAT, SUMATERA BARAT",15,15,133,148
https://kawalpemilu.org#13701,"BATAHAN, RANAH BATAHAN, PASAMAN BARAT, SUMATERA BARAT",16,26,76,102
https://kawalpemilu.org#13701,"BATAHAN, RANAH BATAHAN, PASAMAN BARAT, SUMATERA BARAT",17,35,144,179
https://kawalpemilu.org#13701,"BATAHAN, RANAH BATAHAN, PASAMAN BARAT, SUMATERA BARAT",18,65,92,157
https://kawalpemilu.org#13701,"BATAHAN, RANAH BATAHAN, PASAMAN BARAT, SUMATERA BARAT",19,30,177,207
https://kawalpemilu.org#13701,"BATAHAN, RANAH BATAHAN, PASAMAN BARAT, SUMATERA BARAT",20,24,195,219
https://kawalpemilu.org#13701,"BATAHAN, RANAH BATAHAN, PASAMAN BARAT, SUMATERA BARAT",21,5,174,179
https://kawalpemilu.org#13701,"BATAHAN, RANAH BATAHAN, PASAMAN BARAT, SUMATERA BARAT",22,7,87,94
https://kawalpemilu.org#13701,"BATAHAN, RANAH BATAHAN, PASAMAN BARAT, SUMATERA BARAT",23,26,192,218
https://kawalpemilu.org#13701,"BATAHAN, RANAH BATAHAN, PASAMAN BARAT, SUMATERA BARAT",24,31,107,138
https://kawalpemilu.org#13701,"BATAHAN, RANAH BATAHAN, PASAMAN BARAT, SUMATERA BARAT",25,25,133,158
https://kawalpemilu.org#13701,"BATAHAN, RANAH BATAHAN, PASAMAN BARAT, SUMATERA BARAT",26,17,129,146
https://kawalpemilu.org#13701,"BATAHAN, RANAH BATAHAN, PASAMAN BARAT, SUMATERA BARAT",27,18,128,146
https://kawalpemilu.org#13701,"BATAHAN, RANAH BATAHAN, PASAMAN BARAT, SUMATERA BARAT",28,11,176,187
https://kawalpemilu.org#13701,"BATAHAN, RANAH BATAHAN, PASAMAN BARAT, SUMATERA BARAT",29,10,190,200
https://kawalpemilu.org#13701,"BATAHAN, RANAH BATAHAN, PASAMAN BARAT, SUMATERA BARAT",30,20,160,180
https://kawalpemilu.org#13701,"BATAHAN, RANAH BATAHAN, PASAMAN BARAT, SUMATERA BARAT",31,11,181,192
https://kawalpemilu.org#13701,"BATAHAN, RANAH BATAHAN, PASAMAN BARAT, SUMATERA BARAT",32,15,181,196
https://kawalpemilu.org#13701,"BATAHAN, RANAH BATAHAN, PASAMAN BARAT, SUMATERA BARAT",33,9,212,221
https://kawalpemilu.org#13701,"BATAHAN, RANAH BATAHAN, PASAMAN BARAT, SUMATERA BARAT",34,8,95,103
https://kawalpemilu.org#13701,"BATAHAN, RANAH BATAHAN, PASAMAN BARAT, SUMATERA BARAT",35,16,163,179
https://kawalpemilu.org#13701,"BATAHAN, RANAH BATAHAN, PASAMAN BARAT, SUMATERA BARAT",36,8,134,142
https://kawalpemilu.org#13701,"BATAHAN, RANAH BATAHAN, PASAMAN BARAT, SUMATERA BARAT",37,14,137,151
https://kawalpemilu.org#13701,"BATAHAN, RANAH BATAHAN, PASAMAN BARAT, SUMATERA BARAT",38,32,225,257
https://kawalpemilu.org#13701,"BATAHAN, RANAH BATAHAN, PASAMAN BARAT, SUMATERA BARAT",39,20,184,204
https://kawalpemilu.org#13701,"BATAHAN, RANAH BATAHAN, PASAMAN BARAT, SUMATERA BARAT",40,16,187,203
https://kawalpemilu.org#13701,"BATAHAN, RANAH BATAHAN, PASAMAN BARAT, SUMATERA BARAT",41,29,101,130
https://kawalpemilu.org#13701,"BATAHAN, RANAH BATAHAN, PASAMAN BARAT, SUMATERA BARAT",42,24,123,147
https://kawalpemilu.org#13701,"BATAHAN, RANAH BATAHAN, PASAMAN BARAT, SUMATERA BARAT",43,2,146,148
https://kawalpemilu.org#13701,"BATAHAN, RANAH BATAHAN, PASAMAN BARAT, SUMATERA BARAT",44,12,220,232
https://kawalpemilu.org#13701,"BATAHAN, RANAH BATAHAN, PASAMAN BARAT, SUMATERA BARAT",45,12,167,179
https://kawalpemilu.org#13701,"BATAHAN, RANAH BATAHAN, PASAMAN BARAT, SUMATERA BARAT",46,20,175,195
https://kawalpemilu.org#13701,"BATAHAN, RANAH BATAHAN, PASAMAN BARAT, SUMATERA BARAT",47,13,135,148
https://kawalpemilu.org#13701,"BATAHAN, RANAH BATAHAN, PASAMAN BARAT, SUMATERA BARAT",48,9,113,122
https://kawalpemilu.org#13701,"BATAHAN, RANAH BATAHAN, PASAMAN BARAT, SUMATERA BARAT",49,10,127,137
https://kawalpemilu.org#13701,"BATAHAN, RANAH BATAHAN, PASAMAN BARAT, SUMATERA BARAT",50,12,183,195
https://kawalpemilu.org#13701,"BATAHAN, RANAH BATAHAN, PASAMAN BARAT, SUMATERA BARAT",51,19,163,182
https://kawalpemilu.org#13701,"BATAHAN, RANAH BATAHAN, PASAMAN BARAT, SUMATERA BARAT",52,11,179,190
https://kawalpemilu.org#13701,"BATAHAN, RANAH BATAHAN, PASAMAN BARAT, SUMATERA BARAT",53,7,155,162
https://kawalpemilu.org#13701,"BATAHAN, RANAH BATAHAN, PASAMAN BARAT, SUMATERA BARAT",54,9,122,131
https://kawalpemilu.org#13701,"BATAHAN, RANAH BATAHAN, PASAMAN BARAT, SUMATERA BARAT",55,17,222,239
https://kawalpemilu.org#13701,"BATAHAN, RANAH BATAHAN, PASAMAN BARAT, SUMATERA BARAT",56,15,224,239
https://kawalpemilu.org#13701,"BATAHAN, RANAH BATAHAN, PASAMAN BARAT, SUMATERA BARAT",57,16,131,147
https://kawalpemilu.org#13701,"BATAHAN, RANAH BATAHAN, PASAMAN BARAT, SUMATERA BARAT",58,8,137,145
https://kawalpemilu.org#13702,"DESA BARU, RANAH BATAHAN, PASAMAN BARAT, SUMATERA BARAT",1,27,180,207
https://kawalpemilu.org#13702,"DESA BARU, RANAH BATAHAN, PASAMAN BARAT, SUMATERA BARAT",2,15,193,208
https://kawalpemilu.org#13702,"DESA BARU, RANAH BATAHAN, PASAMAN BARAT, SUMATERA BARAT",3,25,188,213
https://kawalpemilu.org#13702,"DESA BARU, RANAH BATAHAN, PASAMAN BARAT, SUMATERA BARAT",4,40,162,202
https://kawalpemilu.org#13702,"DESA BARU, RANAH BATAHAN, PASAMAN BARAT, SUMATERA BARAT",5,40,170,210
https://kawalpemilu.org#13702,"DESA BARU, RANAH BATAHAN, PASAMAN BARAT, SUMATERA BARAT",6,43,196,239
https://kawalpemilu.org#13702,"DESA BARU, RANAH BATAHAN, PASAMAN BARAT, SUMATERA BARAT",7,47,194,241
https://kawalpemilu.org#13702,"DESA BARU, RANAH BATAHAN, PASAMAN BARAT, SUMATERA BARAT",8,39,112,151
https://kawalpemilu.org#13702,"DESA BARU, RANAH BATAHAN, PASAMAN BARAT, SUMATERA BARAT",9,57,183,240
https://kawalpemilu.org#13702,"DESA BARU, RANAH BATAHAN, PASAMAN BARAT, SUMATERA BARAT",10,90,83,173
https://kawalpemilu.org#13702,"DESA BARU, RANAH BATAHAN, PASAMAN BARAT, SUMATERA BARAT",11,103,64,167
https://kawalpemilu.org#13702,"DESA BARU, RANAH BATAHAN, PASAMAN BARAT, SUMATERA BARAT",12,79,136,215
https://kawalpemilu.org#13702,"DESA BARU, RANAH BATAHAN, PASAMAN BARAT, SUMATERA BARAT",13,117,97,214
https://kawalpemilu.org#13702,"DESA BARU, RANAH BATAHAN, PASAMAN BARAT, SUMATERA BARAT",14,48,113,161
https://kawalpemilu.org#13702,"DESA BARU, RANAH BATAHAN, PASAMAN BARAT, SUMATERA BARAT",15,59,113,172
https://kawalpemilu.org#13702,"DESA BARU, RANAH BATAHAN, PASAMAN BARAT, SUMATERA BARAT",16,75,151,226
https://kawalpemilu.org#13702,"DESA BARU, RANAH BATAHAN, PASAMAN BARAT, SUMATERA BARAT",17,59,88,147
https://kawalpemilu.org#13702,"DESA BARU, RANAH BATAHAN, PASAMAN BARAT, SUMATERA BARAT",18,43,87,130
https://kawalpemilu.org#13702,"DESA BARU, RANAH BATAHAN, PASAMAN BARAT, SUMATERA BARAT",19,31,129,160
https://kawalpemilu.org#13702,"DESA BARU, RANAH BATAHAN, PASAMAN BARAT, SUMATERA BARAT",20,43,83,126
https://kawalpemilu.org#13702,"DESA BARU, RANAH BATAHAN, PASAMAN BARAT, SUMATERA BARAT",21,57,101,158
https://kawalpemilu.org#13702,"DESA BARU, RANAH BATAHAN, PASAMAN BARAT, SUMATERA BARAT",22,41,152,193
https://kawalpemilu.org#13704,"PARIK, KOTO BALINGKA, PASAMAN BARAT, SUMATERA BARAT",1,19,192,211
https://kawalpemilu.org#13704,"PARIK, KOTO BALINGKA, PASAMAN BARAT, SUMATERA BARAT",2,22,153,175
https://kawalpemilu.org#13704,"PARIK, KOTO BALINGKA, PASAMAN BARAT, SUMATERA BARAT",3,34,203,237
https://kawalpemilu.org#13704,"PARIK, KOTO BALINGKA, PASAMAN BARAT, SUMATERA BARAT",4,21,209,230
https://kawalpemilu.org#13704,"PARIK, KOTO BALINGKA, PASAMAN BARAT, SUMATERA BARAT",5,26,180,206
https://kawalpemilu.org#13704,"PARIK, KOTO BALINGKA, PASAMAN BARAT, SUMATERA BARAT",6,23,191,214
https://kawalpemilu.org#13704,"PARIK, KOTO BALINGKA, PASAMAN BARAT, SUMATERA BARAT",7,31,192,222
https://kawalpemilu.org#13704,"PARIK, KOTO BALINGKA, PASAMAN BARAT, SUMATERA BARAT",8,23,188,211
https://kawalpemilu.org#13704,"PARIK, KOTO BALINGKA, PASAMAN BARAT, SUMATERA BARAT",9,42,172,214
https://kawalpemilu.org#13704,"PARIK, KOTO BALINGKA, PASAMAN BARAT, SUMATERA BARAT",10,35,178,213
https://kawalpemilu.org#13704,"PARIK, KOTO BALINGKA, PASAMAN BARAT, SUMATERA BARAT",11,24,138,162
https://kawalpemilu.org#13704,"PARIK, KOTO BALINGKA, PASAMAN BARAT, SUMATERA BARAT",12,16,156,172
https://kawalpemilu.org#13704,"PARIK, KOTO BALINGKA, PASAMAN BARAT, SUMATERA BARAT",13,70,112,182
https://kawalpemilu.org#13704,"PARIK, KOTO BALINGKA, PASAMAN BARAT, SUMATERA BARAT",14,77,109,186
https://kawalpemilu.org#13704,"PARIK, KOTO BALINGKA, PASAMAN BARAT, SUMATERA BARAT",15,10,124,134
https://kawalpemilu.org#13704,"PARIK, KOTO BALINGKA, PASAMAN BARAT, SUMATERA BARAT",16,9,170,179
https://kawalpemilu.org#13704,"PARIK, KOTO BALINGKA, PASAMAN BARAT, SUMATERA BARAT",17,9,178,187
https://kawalpemilu.org#13704,"PARIK, KOTO BALINGKA, PASAMAN BARAT, SUMATERA BARAT",18,18,110,128
https://kawalpemilu.org#13704,"PARIK, KOTO BALINGKA, PASAMAN BARAT, SUMATERA BARAT",19,17,105,122
https://kawalpemilu.org#13704,"PARIK, KOTO BALINGKA, PASAMAN BARAT, SUMATERA BARAT",20,23,168,191
https://kawalpemilu.org#13704,"PARIK, KOTO BALINGKA, PASAMAN BARAT, SUMATERA BARAT",21,33,176,209
https://kawalpemilu.org#13704,"PARIK, KOTO BALINGKA, PASAMAN BARAT, SUMATERA BARAT",22,10,178,188
https://kawalpemilu.org#13704,"PARIK, KOTO BALINGKA, PASAMAN BARAT, SUMATERA BARAT",23,15,142,157
https://kawalpemilu.org#13704,"PARIK, KOTO BALINGKA, PASAMAN BARAT, SUMATERA BARAT",24,18,159,177
https://kawalpemilu.org#13704,"PARIK, KOTO BALINGKA, PASAMAN BARAT, SUMATERA BARAT",25,10,138,148
https://kawalpemilu.org#13704,"PARIK, KOTO BALINGKA, PASAMAN BARAT, SUMATERA BARAT",26,26,124,150
https://kawalpemilu.org#13704,"PARIK, KOTO BALINGKA, PASAMAN BARAT, SUMATERA BARAT",27,20,110,130
https://kawalpemilu.org#13704,"PARIK, KOTO BALINGKA, PASAMAN BARAT, SUMATERA BARAT",28,33,110,143
https://kawalpemilu.org#13704,"PARIK, KOTO BALINGKA, PASAMAN BARAT, SUMATERA BARAT",29,29,113,142
https://kawalpemilu.org#13704,"PARIK, KOTO BALINGKA, PASAMAN BARAT, SUMATERA BARAT",30,30,108,138
https://kawalpemilu.org#13704,"PARIK, KOTO BALINGKA, PASAMAN BARAT, SUMATERA BARAT",31,53,186,239
https://kawalpemilu.org#13704,"PARIK, KOTO BALINGKA, PASAMAN BARAT, SUMATERA BARAT",32,29,223,252
https://kawalpemilu.org#13704,"PARIK, KOTO BALINGKA, PASAMAN BARAT, SUMATERA BARAT",33,52,211,263
https://kawalpemilu.org#13704,"PARIK, KOTO BALINGKA, PASAMAN BARAT, SUMATERA BARAT",34,28,231,259
https://kawalpemilu.org#13704,"PARIK, KOTO BALINGKA, PASAMAN BARAT, SUMATERA BARAT",35,31,181,212
https://kawalpemilu.org#13704,"PARIK, KOTO BALINGKA, PASAMAN BARAT, SUMATERA BARAT",36,13,114,127
https://kawalpemilu.org#13704,"PARIK, KOTO BALINGKA, PASAMAN BARAT, SUMATERA BARAT",38,8,30,38
https://kawalpemilu.org#13704,"PARIK, KOTO BALINGKA, PASAMAN BARAT, SUMATERA BARAT",39,20,57,77
https://kawalpemilu.org#13704,"PARIK, KOTO BALINGKA, PASAMAN BARAT, SUMATERA BARAT",40,28,156,184
https://kawalpemilu.org#13704,"PARIK, KOTO BALINGKA, PASAMAN BARAT, SUMATERA BARAT",41,26,180,206
https://kawalpemilu.org#13704,"PARIK, KOTO BALINGKA, PASAMAN BARAT, SUMATERA BARAT",42,36,167,203
https://kawalpemilu.org#13704,"PARIK, KOTO BALINGKA, PASAMAN BARAT, SUMATERA BARAT",43,22,168,190
https://kawalpemilu.org#13704,"PARIK, KOTO BALINGKA, PASAMAN BARAT, SUMATERA BARAT",44,23,194,217
https://kawalpemilu.org#13704,"PARIK, KOTO BALINGKA, PASAMAN BARAT, SUMATERA BARAT",45,20,224,244
https://kawalpemilu.org#13704,"PARIK, KOTO BALINGKA, PASAMAN BARAT, SUMATERA BARAT",46,13,190,203
https://kawalpemilu.org#13704,"PARIK, KOTO BALINGKA, PASAMAN BARAT, SUMATERA BARAT",47,19,167,186
https://kawalpemilu.org#13704,"PARIK, KOTO BALINGKA, PASAMAN BARAT, SUMATERA BARAT",48,25,149,174
https://kawalpemilu.org#13704,"PARIK, KOTO BALINGKA, PASAMAN BARAT, SUMATERA BARAT",49,17,163,180
https://kawalpemilu.org#13704,"PARIK, KOTO BALINGKA, PASAMAN BARAT, SUMATERA BARAT",50,17,164,181
https://kawalpemilu.org#13704,"PARIK, KOTO BALINGKA, PASAMAN BARAT, SUMATERA BARAT",51,14,133,147
https://kawalpemilu.org#13704,"PARIK, KOTO BALINGKA, PASAMAN BARAT, SUMATERA BARAT",52,14,135,149
https://kawalpemilu.org#13704,"PARIK, KOTO BALINGKA, PASAMAN BARAT, SUMATERA BARAT",53,18,208,226
https://kawalpemilu.org#13704,"PARIK, KOTO BALINGKA, PASAMAN BARAT, SUMATERA BARAT",54,3,30,33
https://kawalpemilu.org#13704,"PARIK, KOTO BALINGKA, PASAMAN BARAT, SUMATERA BARAT",55,18,159,177
https://kawalpemilu.org#13704,"PARIK, KOTO BALINGKA, PASAMAN BARAT, SUMATERA BARAT",56,46,40,86
https://kawalpemilu.org#13704,"PARIK, KOTO BALINGKA, PASAMAN BARAT, SUMATERA BARAT",57,32,183,215
https://kawalpemilu.org#13704,"PARIK, KOTO BALINGKA, PASAMAN BARAT, SUMATERA BARAT",58,44,166,210
https://kawalpemilu.org#13704,"PARIK, KOTO BALINGKA, PASAMAN BARAT, SUMATERA BARAT",59,6,238,244
https://kawalpemilu.org#13704,"PARIK, KOTO BALINGKA, PASAMAN BARAT, SUMATERA BARAT",60,14,228,242
https://kawalpemilu.org#13704,"PARIK, KOTO BALINGKA, PASAMAN BARAT, SUMATERA BARAT",61,86,83,169
https://kawalpemilu.org#13704,"PARIK, KOTO BALINGKA, PASAMAN BARAT, SUMATERA BARAT",62,21,200,221
https://kawalpemilu.org#13704,"PARIK, KOTO BALINGKA, PASAMAN BARAT, SUMATERA BARAT",63,1,81,82
https://kawalpemilu.org#13704,"PARIK, KOTO BALINGKA, PASAMAN BARAT, SUMATERA BARAT",64,17,95,112
https://kawalpemilu.org#13704,"PARIK, KOTO BALINGKA, PASAMAN BARAT, SUMATERA BARAT",65,10,138,148
https://kawalpemilu.org#13704,"PARIK, KOTO BALINGKA, PASAMAN BARAT, SUMATERA BARAT",66,5,160,165
https://kawalpemilu.org#13704,"PARIK, KOTO BALINGKA, PASAMAN BARAT, SUMATERA BARAT",67,17,169,186
https://kawalpemilu.org#13704,"PARIK, KOTO BALINGKA, PASAMAN BARAT, SUMATERA BARAT",68,5,155,160
https://kawalpemilu.org#13704,"PARIK, KOTO BALINGKA, PASAMAN BARAT, SUMATERA BARAT",69,6,155,161
https://kawalpemilu.org#13704,"PARIK, KOTO BALINGKA, PASAMAN BARAT, SUMATERA BARAT",70,7,178,185
https://kawalpemilu.org#13704,"PARIK, KOTO BALINGKA, PASAMAN BARAT, SUMATERA BARAT",71,20,202,222
https://kawalpemilu.org#13704,"PARIK, KOTO BALINGKA, PASAMAN BARAT, SUMATERA BARAT",72,21,217,238
https://kawalpemilu.org#13704,"PARIK, KOTO BALINGKA, PASAMAN BARAT, SUMATERA BARAT",73,21,168,189
https://kawalpemilu.org#13704,"PARIK, KOTO BALINGKA, PASAMAN BARAT, SUMATERA BARAT",74,12,204,216
https://kawalpemilu.org#13704,"PARIK, KOTO BALINGKA, PASAMAN BARAT, SUMATERA BARAT",75,8,262,270
https://kawalpemilu.org#13704,"PARIK, KOTO BALINGKA, PASAMAN BARAT, SUMATERA BARAT",76,4,249,253
https://kawalpemilu.org#13704,"PARIK, KOTO BALINGKA, PASAMAN BARAT, SUMATERA BARAT",77,7,266,273
https://kawalpemilu.org#13704,"PARIK, KOTO BALINGKA, PASAMAN BARAT, SUMATERA BARAT",78,9,173,182
https://kawalpemilu.org#13704,"PARIK, KOTO BALINGKA, PASAMAN BARAT, SUMATERA BARAT",79,10,172,182
https://kawalpemilu.org#13704,"PARIK, KOTO BALINGKA, PASAMAN BARAT, SUMATERA BARAT",80,8,162,170
https://kawalpemilu.org#13704,"PARIK, KOTO BALINGKA, PASAMAN BARAT, SUMATERA BARAT",81,17,169,186
https://kawalpemilu.org#13704,"PARIK, KOTO BALINGKA, PASAMAN BARAT, SUMATERA BARAT",82,9,187,196
https://kawalpemilu.org#13704,"PARIK, KOTO BALINGKA, PASAMAN BARAT, SUMATERA BARAT",83,37,197,234
https://kawalpemilu.org#13704,"PARIK, KOTO BALINGKA, PASAMAN BARAT, SUMATERA BARAT",84,24,212,236
https://kawalpemilu.org#13706,"SUNGAI AUA, SUNGAI AUA, PASAMAN BARAT, SUMATERA BARAT",1,28,123,151
https://kawalpemilu.org#13706,"SUNGAI AUA, SUNGAI AUA, PASAMAN BARAT, SUMATERA BARAT",2,26,128,154
https://kawalpemilu.org#13706,"SUNGAI AUA, SUNGAI AUA, PASAMAN BARAT, SUMATERA BARAT",3,36,123,159
https://kawalpemilu.org#13706,"SUNGAI AUA, SUNGAI AUA, PASAMAN BARAT, SUMATERA BARAT",4,12,177,189
https://kawalpemilu.org#13706,"SUNGAI AUA, SUNGAI AUA, PASAMAN BARAT, SUMATERA BARAT",5,13,157,170
https://kawalpemilu.org#13706,"SUNGAI AUA, SUNGAI AUA, PASAMAN BARAT, SUMATERA BARAT",6,8,223,231
https://kawalpemilu.org#13706,"SUNGAI AUA, SUNGAI AUA, PASAMAN BARAT, SUMATERA BARAT",7,21,197,218
https://kawalpemilu.org#13706,"SUNGAI AUA, SUNGAI AUA, PASAMAN BARAT, SUMATERA BARAT",8,44,170,214
https://kawalpemilu.org#13706,"SUNGAI AUA, SUNGAI AUA, PASAMAN BARAT, SUMATERA BARAT",9,34,225,259
https://kawalpemilu.org#13706,"SUNGAI AUA, SUNGAI AUA, PASAMAN BARAT, SUMATERA BARAT",11,6,140,146
https://kawalpemilu.org#13706,"SUNGAI AUA, SUNGAI AUA, PASAMAN BARAT, SUMATERA BARAT",12,16,192,208
https://kawalpemilu.org#13706,"SUNGAI AUA, SUNGAI AUA, PASAMAN BARAT, SUMATERA BARAT",13,14,112,126
https://kawalpemilu.org#13706,"SUNGAI AUA, SUNGAI AUA, PASAMAN BARAT, SUMATERA BARAT",14,21,206,227
https://kawalpemilu.org#13706,"SUNGAI AUA, SUNGAI AUA, PASAMAN BARAT, SUMATERA BARAT",16,46,212,258
https://kawalpemilu.org#13706,"SUNGAI AUA, SUNGAI AUA, PASAMAN BARAT, SUMATERA BARAT",17,15,171,186
https://kawalpemilu.org#13706,"SUNGAI AUA, SUNGAI AUA, PASAMAN BARAT, SUMATERA BARAT",19,32,156,186
https://kawalpemilu.org#13706,"SUNGAI AUA, SUNGAI AUA, PASAMAN BARAT, SUMATERA BARAT",20,13,150,163
https://kawalpemilu.org#13706,"SUNGAI AUA, SUNGAI AUA, PASAMAN BARAT, SUMATERA BARAT",21,17,123,140
https://kawalpemilu.org#13706,"SUNGAI AUA, SUNGAI AUA, PASAMAN BARAT, SUMATERA BARAT",22,16,167,183
https://kawalpemilu.org#13706,"SUNGAI AUA, SUNGAI AUA, PASAMAN BARAT, SUMATERA BARAT",23,18,117,135
https://kawalpemilu.org#13706,"SUNGAI AUA, SUNGAI AUA, PASAMAN BARAT, SUMATERA BARAT",25,11,163,174
https://kawalpemilu.org#13706,"SUNGAI AUA, SUNGAI AUA, PASAMAN BARAT, SUMATERA BARAT",26,16,216,232
https://kawalpemilu.org#13706,"SUNGAI AUA, SUNGAI AUA, PASAMAN BARAT, SUMATERA BARAT",27,15,196,211
https://kawalpemilu.org#13706,"SUNGAI AUA, SUNGAI AUA, PASAMAN BARAT, SUMATERA BARAT",28,8,241,249
https://kawalpemilu.org#13706,"SUNGAI AUA, SUNGAI AUA, PASAMAN BARAT, SUMATERA BARAT",29,16,112,128
https://kawalpemilu.org#13706,"SUNGAI AUA, SUNGAI AUA, PASAMAN BARAT, SUMATERA BARAT",30,20,229,249
https://kawalpemilu.org#13706,"SUNGAI AUA, SUNGAI AUA, PASAMAN BARAT, SUMATERA BARAT",31,5,56,61
https://kawalpemilu.org#13706,"SUNGAI AUA, SUNGAI AUA, PASAMAN BARAT, SUMATERA BARAT",32,23,127,150
https://kawalpemilu.org#13706,"SUNGAI AUA, SUNGAI AUA, PASAMAN BARAT, SUMATERA BARAT",33,33,139,172
https://kawalpemilu.org#13706,"SUNGAI AUA, SUNGAI AUA, PASAMAN BARAT, SUMATERA BARAT",34,8,152,160
https://kawalpemilu.org#13706,"SUNGAI AUA, SUNGAI AUA, PASAMAN BARAT, SUMATERA BARAT",35,23,178,201
https://kawalpemilu.org#13706,"SUNGAI AUA, SUNGAI AUA, PASAMAN BARAT, SUMATERA BARAT",36,22,168,190
https://kawalpemilu.org#13706,"SUNGAI AUA, SUNGAI AUA, PASAMAN BARAT, SUMATERA BARAT",37,22,157,179
https://kawalpemilu.org#13706,"SUNGAI AUA, SUNGAI AUA, PASAMAN BARAT, SUMATERA BARAT",38,30,203,233
https://kawalpemilu.org#13706,"SUNGAI AUA, SUNGAI AUA, PASAMAN BARAT, SUMATERA BARAT",39,27,173,200
https://kawalpemilu.org#13706,"SUNGAI AUA, SUNGAI AUA, PASAMAN BARAT, SUMATERA BARAT",40,34,165,199
https://kawalpemilu.org#13706,"SUNGAI AUA, SUNGAI AUA, PASAMAN BARAT, SUMATERA BARAT",41,25,160,185
https://kawalpemilu.org#13706,"SUNGAI AUA, SUNGAI AUA, PASAMAN BARAT, SUMATERA BARAT",42,14,80,94
https://kawalpemilu.org#13706,"SUNGAI AUA, SUNGAI AUA, PASAMAN BARAT, SUMATERA BARAT",43,39,179,218
https://kawalpemilu.org#13706,"SUNGAI AUA, SUNGAI AUA, PASAMAN BARAT, SUMATERA BARAT",45,44,144,188
https://kawalpemilu.org#13706,"SUNGAI AUA, SUNGAI AUA, PASAMAN BARAT, SUMATERA BARAT",46,45,126,171
https://kawalpemilu.org#13706,"SUNGAI AUA, SUNGAI AUA, PASAMAN BARAT, SUMATERA BARAT",47,22,161,183
https://kawalpemilu.org#13706,"SUNGAI AUA, SUNGAI AUA, PASAMAN BARAT, SUMATERA BARAT",48,18,160,178
https://kawalpemilu.org#13706,"SUNGAI AUA, SUNGAI AUA, PASAMAN BARAT, SUMATERA BARAT",49,13,194,207
https://kawalpemilu.org#13706,"SUNGAI AUA, SUNGAI AUA, PASAMAN BARAT, SUMATERA BARAT",51,27,171,198
https://kawalpemilu.org#13706,"SUNGAI AUA, SUNGAI AUA, PASAMAN BARAT, SUMATERA BARAT",52,107,120,227
https://kawalpemilu.org#13706,"SUNGAI AUA, SUNGAI AUA, PASAMAN BARAT, SUMATERA BARAT",53,64,178,242
https://kawalpemilu.org#13706,"SUNGAI AUA, SUNGAI AUA, PASAMAN BARAT, SUMATERA BARAT",54,93,80,173
https://kawalpemilu.org#13706,"SUNGAI AUA, SUNGAI AUA, PASAMAN BARAT, SUMATERA BARAT",55,89,87,176
https://kawalpemilu.org#13706,"SUNGAI AUA, SUNGAI AUA, PASAMAN BARAT, SUMATERA BARAT",56,22,15,37
https://kawalpemilu.org#13706,"SUNGAI AUA, SUNGAI AUA, PASAMAN BARAT, SUMATERA BARAT",57,18,206,224
https://kawalpemilu.org#13706,"SUNGAI AUA, SUNGAI AUA, PASAMAN BARAT, SUMATERA BARAT",58,20,232,252
https://kawalpemilu.org#13706,"SUNGAI AUA, SUNGAI AUA, PASAMAN BARAT, SUMATERA BARAT",59,24,248,272
https://kawalpemilu.org#13706,"SUNGAI AUA, SUNGAI AUA, PASAMAN BARAT, SUMATERA BARAT",60,12,181,193
https://kawalpemilu.org#13706,"SUNGAI AUA, SUNGAI AUA, PASAMAN BARAT, SUMATERA BARAT",62,40,124,164
https://kawalpemilu.org#13706,"SUNGAI AUA, SUNGAI AUA, PASAMAN BARAT, SUMATERA BARAT",63,37,149,186
https://kawalpemilu.org#13706,"SUNGAI AUA, SUNGAI AUA, PASAMAN BARAT, SUMATERA BARAT",65,24,161,185
https://kawalpemilu.org#13706,"SUNGAI AUA, SUNGAI AUA, PASAMAN BARAT, SUMATERA BARAT",66,26,122,148
https://kawalpemilu.org#13706,"SUNGAI AUA, SUNGAI AUA, PASAMAN BARAT, SUMATERA BARAT",67,7,193,200
https://kawalpemilu.org#13706,"SUNGAI AUA, SUNGAI AUA, PASAMAN BARAT, SUMATERA BARAT",68,12,163,175
https://kawalpemilu.org#13706,"SUNGAI AUA, SUNGAI AUA, PASAMAN BARAT, SUMATERA BARAT",69,7,250,257
https://kawalpemilu.org#13706,"SUNGAI AUA, SUNGAI AUA, PASAMAN BARAT, SUMATERA BARAT",70,24,163,187
https://kawalpemilu.org#13706,"SUNGAI AUA, SUNGAI AUA, PASAMAN BARAT, SUMATERA BARAT",71,33,161,194
https://kawalpemilu.org#13706,"SUNGAI AUA, SUNGAI AUA, PASAMAN BARAT, SUMATERA BARAT",72,33,160,193
https://kawalpemilu.org#13706,"SUNGAI AUA, SUNGAI AUA, PASAMAN BARAT, SUMATERA BARAT",73,18,161,179
https://kawalpemilu.org#13706,"SUNGAI AUA, SUNGAI AUA, PASAMAN BARAT, SUMATERA BARAT",74,53,109,162
https://kawalpemilu.org#13706,"SUNGAI AUA, SUNGAI AUA, PASAMAN BARAT, SUMATERA BARAT",75,75,142,217
https://kawalpemilu.org#13706,"SUNGAI AUA, SUNGAI AUA, PASAMAN BARAT, SUMATERA BARAT",76,19,79,98
https://kawalpemilu.org#13706,"SUNGAI AUA, SUNGAI AUA, PASAMAN BARAT, SUMATERA BARAT",77,44,166,210
https://kawalpemilu.org#13706,"SUNGAI AUA, SUNGAI AUA, PASAMAN BARAT, SUMATERA BARAT",79,33,92,125
https://kawalpemilu.org#13706,"SUNGAI AUA, SUNGAI AUA, PASAMAN BARAT, SUMATERA BARAT",80,65,124,189
https://kawalpemilu.org#13706,"SUNGAI AUA, SUNGAI AUA, PASAMAN BARAT, SUMATERA BARAT",81,10,58,68
https://kawalpemilu.org#13706,"SUNGAI AUA, SUNGAI AUA, PASAMAN BARAT, SUMATERA BARAT",82,52,184,236
https://kawalpemilu.org#13706,"SUNGAI AUA, SUNGAI AUA, PASAMAN BARAT, SUMATERA BARAT",85,8,206,214
https://kawalpemilu.org#13706,"SUNGAI AUA, SUNGAI AUA, PASAMAN BARAT, SUMATERA BARAT",86,3,154,157
https://kawalpemilu.org#13706,"SUNGAI AUA, SUNGAI AUA, PASAMAN BARAT, SUMATERA BARAT",87,10,127,137
https://kawalpemilu.org#13706,"SUNGAI AUA, SUNGAI AUA, PASAMAN BARAT, SUMATERA BARAT",88,9,83,92
https://kawalpemilu.org#13706,"SUNGAI AUA, SUNGAI AUA, PASAMAN BARAT, SUMATERA BARAT",89,25,20,45
https://kawalpemilu.org#13706,"SUNGAI AUA, SUNGAI AUA, PASAMAN BARAT, SUMATERA BARAT",90,27,57,84
https://kawalpemilu.org#13706,"SUNGAI AUA, SUNGAI AUA, PASAMAN BARAT, SUMATERA BARAT",91,17,27,44
https://kawalpemilu.org#13706,"SUNGAI AUA, SUNGAI AUA, PASAMAN BARAT, SUMATERA BARAT",92,5,22,27
https://kawalpemilu.org#13706,"SUNGAI AUA, SUNGAI AUA, PASAMAN BARAT, SUMATERA BARAT",93,11,135,146
https://kawalpemilu.org#13706,"SUNGAI AUA, SUNGAI AUA, PASAMAN BARAT, SUMATERA BARAT",94,21,130,151
https://kawalpemilu.org#13706,"SUNGAI AUA, SUNGAI AUA, PASAMAN BARAT, SUMATERA BARAT",95,23,136,159
https://kawalpemilu.org#13706,"SUNGAI AUA, SUNGAI AUA, PASAMAN BARAT, SUMATERA BARAT",96,22,130,152
https://kawalpemilu.org#13706,"SUNGAI AUA, SUNGAI AUA, PASAMAN BARAT, SUMATERA BARAT",97,22,127,149
https://kawalpemilu.org#13706,"SUNGAI AUA, SUNGAI AUA, PASAMAN BARAT, SUMATERA BARAT",99,9,140,149
https://kawalpemilu.org#13706,"SUNGAI AUA, SUNGAI AUA, PASAMAN BARAT, SUMATERA BARAT",100,6,200,206
https://kawalpemilu.org#13708,"KOTO BARU, LUHAK NAN DUO, PASAMAN BARAT, SUMATERA BARAT",1,29,230,259
https://kawalpemilu.org#13708,"KOTO BARU, LUHAK NAN DUO, PASAMAN BARAT, SUMATERA BARAT",2,19,214,233
https://kawalpemilu.org#13708,"KOTO BARU, LUHAK NAN DUO, PASAMAN BARAT, SUMATERA BARAT",3,20,221,241
https://kawalpemilu.org#13708,"KOTO BARU, LUHAK NAN DUO, PASAMAN BARAT, SUMATERA BARAT",4,28,160,188
https://kawalpemilu.org#13708,"KOTO BARU, LUHAK NAN DUO, PASAMAN BARAT, SUMATERA BARAT",5,5,159,164
https://kawalpemilu.org#13708,"KOTO BARU, LUHAK NAN DUO, PASAMAN BARAT, SUMATERA BARAT",6,5,209,214
https://kawalpemilu.org#13708,"KOTO BARU, LUHAK NAN DUO, PASAMAN BARAT, SUMATERA BARAT",7,11,141,152
https://kawalpemilu.org#13708,"KOTO BARU, LUHAK NAN DUO, PASAMAN BARAT, SUMATERA BARAT",8,18,188,206
https://kawalpemilu.org#13708,"KOTO BARU, LUHAK NAN DUO, PASAMAN BARAT, SUMATERA BARAT",9,19,104,123
https://kawalpemilu.org#13708,"KOTO BARU, LUHAK NAN DUO, PASAMAN BARAT, SUMATERA BARAT",10,19,118,137
https://kawalpemilu.org#13708,"KOTO BARU, LUHAK NAN DUO, PASAMAN BARAT, SUMATERA BARAT",11,25,180,205
https://kawalpemilu.org#13708,"KOTO BARU, LUHAK NAN DUO, PASAMAN BARAT, SUMATERA BARAT",12,11,99,110
https://kawalpemilu.org#13708,"KOTO BARU, LUHAK NAN DUO, PASAMAN BARAT, SUMATERA BARAT",13,62,92,154
https://kawalpemilu.org#13708,"KOTO BARU, LUHAK NAN DUO, PASAMAN BARAT, SUMATERA BARAT",14,33,201,234
https://kawalpemilu.org#13708,"KOTO BARU, LUHAK NAN DUO, PASAMAN BARAT, SUMATERA BARAT",15,28,137,165
https://kawalpemilu.org#13708,"KOTO BARU, LUHAK NAN DUO, PASAMAN BARAT, SUMATERA BARAT",16,40,159,199
https://kawalpemilu.org#13708,"KOTO BARU, LUHAK NAN DUO, PASAMAN BARAT, SUMATERA BARAT",17,43,116,159
https://kawalpemilu.org#13708,"KOTO BARU, LUHAK NAN DUO, PASAMAN BARAT, SUMATERA BARAT",18,38,196,234
https://kawalpemilu.org#13708,"KOTO BARU, LUHAK NAN DUO, PASAMAN BARAT, SUMATERA BARAT",19,32,270,302
https://kawalpemilu.org#13708,"KOTO BARU, LUHAK NAN DUO, PASAMAN BARAT, SUMATERA BARAT",21,74,139,213
https://kawalpemilu.org#13708,"KOTO BARU, LUHAK NAN DUO, PASAMAN BARAT, SUMATERA BARAT",22,73,208,281
https://kawalpemilu.org#13708,"KOTO BARU, LUHAK NAN DUO, PASAMAN BARAT, SUMATERA BARAT",23,54,172,226
https://kawalpemilu.org#13708,"KOTO BARU, LUHAK NAN DUO, PASAMAN BARAT, SUMATERA BARAT",24,53,129,182
https://kawalpemilu.org#13708,"KOTO BARU, LUHAK NAN DUO, PASAMAN BARAT, SUMATERA BARAT",25,87,52,139
https://kawalpemilu.org#13708,"KOTO BARU, LUHAK NAN DUO, PASAMAN BARAT, SUMATERA BARAT",26,191,33,224
https://kawalpemilu.org#13708,"KOTO BARU, LUHAK NAN DUO, PASAMAN BARAT, SUMATERA BARAT",27,178,13,191
https://kawalpemilu.org#13708,"KOTO BARU, LUHAK NAN DUO, PASAMAN BARAT, SUMATERA BARAT",28,172,80,252
https://kawalpemilu.org#13708,"KOTO BARU, LUHAK NAN DUO, PASAMAN BARAT, SUMATERA BARAT",29,142,107,249
https://kawalpemilu.org#13708,"KOTO BARU, LUHAK NAN DUO, PASAMAN BARAT, SUMATERA BARAT",30,185,73,258
https://kawalpemilu.org#13708,"KOTO BARU, LUHAK NAN DUO, PASAMAN BARAT, SUMATERA BARAT",31,74,112,186
https://kawalpemilu.org#13708,"KOTO BARU, LUHAK NAN DUO, PASAMAN BARAT, SUMATERA BARAT",32,98,112,210
https://kawalpemilu.org#13708,"KOTO BARU, LUHAK NAN DUO, PASAMAN BARAT, SUMATERA BARAT",33,51,122,173
https://kawalpemilu.org#13708,"KOTO BARU, LUHAK NAN DUO, PASAMAN BARAT, SUMATERA BARAT",34,76,122,198
https://kawalpemilu.org#13708,"KOTO BARU, LUHAK NAN DUO, PASAMAN BARAT, SUMATERA BARAT",35,113,45,158
https://kawalpemilu.org#13708,"KOTO BARU, LUHAK NAN DUO, PASAMAN BARAT, SUMATERA BARAT",36,69,118,187
https://kawalpemilu.org#13708,"KOTO BARU, LUHAK NAN DUO, PASAMAN BARAT, SUMATERA BARAT",37,103,95,198
https://kawalpemilu.org#13708,"KOTO BARU, LUHAK NAN DUO, PASAMAN BARAT, SUMATERA BARAT",38,108,40,148
https://kawalpemilu.org#13708,"KOTO BARU, LUHAK NAN DUO, PASAMAN BARAT, SUMATERA BARAT",39,66,171,237
https://kawalpemilu.org#13708,"KOTO BARU, LUHAK NAN DUO, PASAMAN BARAT, SUMATERA BARAT",41,62,167,229
https://kawalpemilu.org#13708,"KOTO BARU, LUHAK NAN DUO, PASAMAN BARAT, SUMATERA BARAT",42,51,151,202
https://kawalpemilu.org#13708,"KOTO BARU, LUHAK NAN DUO, PASAMAN BARAT, SUMATERA BARAT",43,35,146,181
https://kawalpemilu.org#13708,"KOTO BARU, LUHAK NAN DUO, PASAMAN BARAT, SUMATERA BARAT",44,50,134,184
https://kawalpemilu.org#13708,"KOTO BARU, LUHAK NAN DUO, PASAMAN BARAT, SUMATERA BARAT",45,18,247,265
https://kawalpemilu.org#13708,"KOTO BARU, LUHAK NAN DUO, PASAMAN BARAT, SUMATERA BARAT",46,8,175,183
https://kawalpemilu.org#13708,"KOTO BARU, LUHAK NAN DUO, PASAMAN BARAT, SUMATERA BARAT",47,14,240,254
https://kawalpemilu.org#13708,"KOTO BARU, LUHAK NAN DUO, PASAMAN BARAT, SUMATERA BARAT",48,16,191,207
https://kawalpemilu.org#13708,"KOTO BARU, LUHAK NAN DUO, PASAMAN BARAT, SUMATERA BARAT",49,77,125,202
https://kawalpemilu.org#13708,"KOTO BARU, LUHAK NAN DUO, PASAMAN BARAT, SUMATERA BARAT",50,13,203,216
https://kawalpemilu.org#13708,"KOTO BARU, LUHAK NAN DUO, PASAMAN BARAT, SUMATERA BARAT",51,19,130,149
https://kawalpemilu.org#13708,"KOTO BARU, LUHAK NAN DUO, PASAMAN BARAT, SUMATERA BARAT",52,29,194,223
https://kawalpemilu.org#13708,"KOTO BARU, LUHAK NAN DUO, PASAMAN BARAT, SUMATERA BARAT",53,17,221,238
https://kawalpemilu.org#13708,"KOTO BARU, LUHAK NAN DUO, PASAMAN BARAT, SUMATERA BARAT",54,8,203,211
https://kawalpemilu.org#13708,"KOTO BARU, LUHAK NAN DUO, PASAMAN BARAT, SUMATERA BARAT",55,11,187,198
https://kawalpemilu.org#13708,"KOTO BARU, LUHAK NAN DUO, PASAMAN BARAT, SUMATERA BARAT",56,17,119,136
https://kawalpemilu.org#13708,"KOTO BARU, LUHAK NAN DUO, PASAMAN BARAT, SUMATERA BARAT",57,22,186,208
https://kawalpemilu.org#13708,"KOTO BARU, LUHAK NAN DUO, PASAMAN BARAT, SUMATERA BARAT",58,20,149,169
https://kawalpemilu.org#13708,"KOTO BARU, LUHAK NAN DUO, PASAMAN BARAT, SUMATERA BARAT",59,27,139,166
https://kawalpemilu.org#13708,"KOTO BARU, LUHAK NAN DUO, PASAMAN BARAT, SUMATERA BARAT",60,45,166,211
https://kawalpemilu.org#13708,"KOTO BARU, LUHAK NAN DUO, PASAMAN BARAT, SUMATERA BARAT",61,70,210,280
https://kawalpemilu.org#13708,"KOTO BARU, LUHAK NAN DUO, PASAMAN BARAT, SUMATERA BARAT",62,68,110,178
https://kawalpemilu.org#13708,"KOTO BARU, LUHAK NAN DUO, PASAMAN BARAT, SUMATERA BARAT",63,131,6,137
https://kawalpemilu.org#13708,"KOTO BARU, LUHAK NAN DUO, PASAMAN BARAT, SUMATERA BARAT",64,94,111,205
https://kawalpemilu.org#13708,"KOTO BARU, LUHAK NAN DUO, PASAMAN BARAT, SUMATERA BARAT",65,105,118,223
https://kawalpemilu.org#13708,"KOTO BARU, LUHAK NAN DUO, PASAMAN BARAT, SUMATERA BARAT",66,82,143,225
https://kawalpemilu.org#13708,"KOTO BARU, LUHAK NAN DUO, PASAMAN BARAT, SUMATERA BARAT",67,46,214,260
https://kawalpemilu.org#13708,"KOTO BARU, LUHAK NAN DUO, PASAMAN BARAT, SUMATERA BARAT",68,109,124,233
https://kawalpemilu.org#13708,"KOTO BARU, LUHAK NAN DUO, PASAMAN BARAT, SUMATERA BARAT",69,67,112,179
https://kawalpemilu.org#13708,"KOTO BARU, LUHAK NAN DUO, PASAMAN BARAT, SUMATERA BARAT",70,31,104,135
https://kawalpemilu.org#13708,"KOTO BARU, LUHAK NAN DUO, PASAMAN BARAT, SUMATERA BARAT",71,58,137,195
https://kawalpemilu.org#13708,"KOTO BARU, LUHAK NAN DUO, PASAMAN BARAT, SUMATERA BARAT",72,69,159,228
https://kawalpemilu.org#13708,"KOTO BARU, LUHAK NAN DUO, PASAMAN BARAT, SUMATERA BARAT",73,71,146,217
https://kawalpemilu.org#13708,"KOTO BARU, LUHAK NAN DUO, PASAMAN BARAT, SUMATERA BARAT",74,71,172,243
https://kawalpemilu.org#13708,"KOTO BARU, LUHAK NAN DUO, PASAMAN BARAT, SUMATERA BARAT",75,70,154,224
https://kawalpemilu.org#13708,"KOTO BARU, LUHAK NAN DUO, PASAMAN BARAT, SUMATERA BARAT",76,55,185,240
https://kawalpemilu.org#13708,"KOTO BARU, LUHAK NAN DUO, PASAMAN BARAT, SUMATERA BARAT",77,101,139,240
https://kawalpemilu.org#13708,"KOTO BARU, LUHAK NAN DUO, PASAMAN BARAT, SUMATERA BARAT",78,75,156,231
https://kawalpemilu.org#13708,"KOTO BARU, LUHAK NAN DUO, PASAMAN BARAT, SUMATERA BARAT",79,0,0,0
https://kawalpemilu.org#13708,"KOTO BARU, LUHAK NAN DUO, PASAMAN BARAT, SUMATERA BARAT",80,46,218,264
https://kawalpemilu.org#13708,"KOTO BARU, LUHAK NAN DUO, PASAMAN BARAT, SUMATERA BARAT",81,26,169,195
https://kawalpemilu.org#13708,"KOTO BARU, LUHAK NAN DUO, PASAMAN BARAT, SUMATERA BARAT",82,46,176,223
https://kawalpemilu.org#13708,"KOTO BARU, LUHAK NAN DUO, PASAMAN BARAT, SUMATERA BARAT",83,33,117,150
https://kawalpemilu.org#13708,"KOTO BARU, LUHAK NAN DUO, PASAMAN BARAT, SUMATERA BARAT",84,35,120,155
https://kawalpemilu.org#13708,"KOTO BARU, LUHAK NAN DUO, PASAMAN BARAT, SUMATERA BARAT",85,42,137,179
https://kawalpemilu.org#13708,"KOTO BARU, LUHAK NAN DUO, PASAMAN BARAT, SUMATERA BARAT",86,106,104,210
https://kawalpemilu.org#13708,"KOTO BARU, LUHAK NAN DUO, PASAMAN BARAT, SUMATERA BARAT",87,26,164,190
https://kawalpemilu.org#13709,"KAPA, LUHAK NAN DUO, PASAMAN BARAT, SUMATERA BARAT",1,27,217,244
https://kawalpemilu.org#13709,"KAPA, LUHAK NAN DUO, PASAMAN BARAT, SUMATERA BARAT",2,16,80,96
https://kawalpemilu.org#13709,"KAPA, LUHAK NAN DUO, PASAMAN BARAT, SUMATERA BARAT",3,13,244,257
https://kawalpemilu.org#13709,"KAPA, LUHAK NAN DUO, PASAMAN BARAT, SUMATERA BARAT",4,38,211,249
https://kawalpemilu.org#13709,"KAPA, LUHAK NAN DUO, PASAMAN BARAT, SUMATERA BARAT",5,64,167,231
https://kawalpemilu.org#13709,"KAPA, LUHAK NAN DUO, PASAMAN BARAT, SUMATERA BARAT",6,34,213,247
https://kawalpemilu.org#13709,"KAPA, LUHAK NAN DUO, PASAMAN BARAT, SUMATERA BARAT",7,13,149,162
https://kawalpemilu.org#13709,"KAPA, LUHAK NAN DUO, PASAMAN BARAT, SUMATERA BARAT",8,15,179,194
https://kawalpemilu.org#13709,"KAPA, LUHAK NAN DUO, PASAMAN BARAT, SUMATERA BARAT",9,8,201,209
https://kawalpemilu.org#13709,"KAPA, LUHAK NAN DUO, PASAMAN BARAT, SUMATERA BARAT",10,14,208,222
https://kawalpemilu.org#13709,"KAPA, LUHAK NAN DUO, PASAMAN BARAT, SUMATERA BARAT",11,16,204,220
https://kawalpemilu.org#13709,"KAPA, LUHAK NAN DUO, PASAMAN BARAT, SUMATERA BARAT",12,179,94,273
https://kawalpemilu.org#13709,"KAPA, LUHAK NAN DUO, PASAMAN BARAT, SUMATERA BARAT",13,14,205,219
https://kawalpemilu.org#13709,"KAPA, LUHAK NAN DUO, PASAMAN BARAT, SUMATERA BARAT",14,15,199,214
https://kawalpemilu.org#13709,"KAPA, LUHAK NAN DUO, PASAMAN BARAT, SUMATERA BARAT",15,10,171,181
https://kawalpemilu.org#13709,"KAPA, LUHAK NAN DUO, PASAMAN BARAT, SUMATERA BARAT",16,15,170,185
https://kawalpemilu.org#13709,"KAPA, LUHAK NAN DUO, PASAMAN BARAT, SUMATERA BARAT",17,7,138,145
https://kawalpemilu.org#13709,"KAPA, LUHAK NAN DUO, PASAMAN BARAT, SUMATERA BARAT",18,12,207,219
https://kawalpemilu.org#13709,"KAPA, LUHAK NAN DUO, PASAMAN BARAT, SUMATERA BARAT",19,13,152,165
https://kawalpemilu.org#13709,"KAPA, LUHAK NAN DUO, PASAMAN BARAT, SUMATERA BARAT",20,12,199,211
https://kawalpemilu.org#13709,"KAPA, LUHAK NAN DUO, PASAMAN BARAT, SUMATERA BARAT",21,20,165,185
https://kawalpemilu.org#13709,"KAPA, LUHAK NAN DUO, PASAMAN BARAT, SUMATERA BARAT",22,7,132,139
https://kawalpemilu.org#13709,"KAPA, LUHAK NAN DUO, PASAMAN BARAT, SUMATERA BARAT",23,4,127,131
https://kawalpemilu.org#13709,"KAPA, LUHAK NAN DUO, PASAMAN BARAT, SUMATERA BARAT",24,10,142,152
https://kawalpemilu.org#13709,"KAPA, LUHAK NAN DUO, PASAMAN BARAT, SUMATERA BARAT",25,16,204,220
https://kawalpemilu.org#13709,"KAPA, LUHAK NAN DUO, PASAMAN BARAT, SUMATERA BARAT",26,23,191,214
https://kawalpemilu.org#13709,"KAPA, LUHAK NAN DUO, PASAMAN BARAT, SUMATERA BARAT",27,9,211,220
https://kawalpemilu.org#13709,"KAPA, LUHAK NAN DUO, PASAMAN BARAT, SUMATERA BARAT",28,12,184,196
https://kawalpemilu.org#13709,"KAPA, LUHAK NAN DUO, PASAMAN BARAT, SUMATERA BARAT",29,80,135,215
https://kawalpemilu.org#13709,"KAPA, LUHAK NAN DUO, PASAMAN BARAT, SUMATERA BARAT",30,121,102,223
https://kawalpemilu.org#13709,"KAPA, LUHAK NAN DUO, PASAMAN BARAT, SUMATERA BARAT",31,99,151,250
https://kawalpemilu.org#13709,"KAPA, LUHAK NAN DUO, PASAMAN BARAT, SUMATERA BARAT",32,102,141,243
https://kawalpemilu.org#13711,"SASAK, SASAK RANAH PASISIE, PASAMAN BARAT, SUMATERA BARAT",1,9,143,152
https://kawalpemilu.org#13711,"SASAK, SASAK RANAH PASISIE, PASAMAN BARAT, SUMATERA BARAT",2,18,160,178
https://kawalpemilu.org#13711,"SASAK, SASAK RANAH PASISIE, PASAMAN BARAT, SUMATERA BARAT",3,13,172,185
https://kawalpemilu.org#13711,"SASAK, SASAK RANAH PASISIE, PASAMAN BARAT, SUMATERA BARAT",4,25,168,193
https://kawalpemilu.org#13711,"SASAK, SASAK RANAH PASISIE, PASAMAN BARAT, SUMATERA BARAT",5,13,181,194
https://kawalpemilu.org#13711,"SASAK, SASAK RANAH PASISIE, PASAMAN BARAT, SUMATERA BARAT",6,14,54,68
https://kawalpemilu.org#13711,"SASAK, SASAK RANAH PASISIE, PASAMAN BARAT, SUMATERA BARAT",8,23,4,27
https://kawalpemilu.org#13711,"SASAK, SASAK RANAH PASISIE, PASAMAN BARAT, SUMATERA BARAT",9,34,201,235
https://kawalpemilu.org#13711,"SASAK, SASAK RANAH PASISIE, PASAMAN BARAT, SUMATERA BARAT",10,21,46,67
https://kawalpemilu.org#13711,"SASAK, SASAK RANAH PASISIE, PASAMAN BARAT, SUMATERA BARAT",11,31,195,226
https://kawalpemilu.org#13711,"SASAK, SASAK RANAH PASISIE, PASAMAN BARAT, SUMATERA BARAT",12,63,197,260
https://kawalpemilu.org#13711,"SASAK, SASAK RANAH PASISIE, PASAMAN BARAT, SUMATERA BARAT",13,21,135,156
https://kawalpemilu.org#13711,"SASAK, SASAK RANAH PASISIE, PASAMAN BARAT, SUMATERA BARAT",14,64,122,186
https://kawalpemilu.org#13711,"SASAK, SASAK RANAH PASISIE, PASAMAN BARAT, SUMATERA BARAT",15,33,182,215
https://kawalpemilu.org#13711,"SASAK, SASAK RANAH PASISIE, PASAMAN BARAT, SUMATERA BARAT",16,52,159,211
https://kawalpemilu.org#13711,"SASAK, SASAK RANAH PASISIE, PASAMAN BARAT, SUMATERA BARAT",17,46,189,235
https://kawalpemilu.org#13711,"SASAK, SASAK RANAH PASISIE, PASAMAN BARAT, SUMATERA BARAT",18,73,153,226
https://kawalpemilu.org#13711,"SASAK, SASAK RANAH PASISIE, PASAMAN BARAT, SUMATERA BARAT",19,15,248,263
https://kawalpemilu.org#13711,"SASAK, SASAK RANAH PASISIE, PASAMAN BARAT, SUMATERA BARAT",20,13,116,129
https://kawalpemilu.org#13711,"SASAK, SASAK RANAH PASISIE, PASAMAN BARAT, SUMATERA BARAT",21,23,90,113
https://kawalpemilu.org#13711,"SASAK, SASAK RANAH PASISIE, PASAMAN BARAT, SUMATERA BARAT",22,23,117,140
https://kawalpemilu.org#13711,"SASAK, SASAK RANAH PASISIE, PASAMAN BARAT, SUMATERA BARAT",23,34,128,162
https://kawalpemilu.org#13711,"SASAK, SASAK RANAH PASISIE, PASAMAN BARAT, SUMATERA BARAT",24,30,155,185
https://kawalpemilu.org#13711,"SASAK, SASAK RANAH PASISIE, PASAMAN BARAT, SUMATERA BARAT",25,26,139,165
https://kawalpemilu.org#13711,"SASAK, SASAK RANAH PASISIE, PASAMAN BARAT, SUMATERA BARAT",26,26,213,239
https://kawalpemilu.org#13711,"SASAK, SASAK RANAH PASISIE, PASAMAN BARAT, SUMATERA BARAT",27,16,185,201
https://kawalpemilu.org#13711,"SASAK, SASAK RANAH PASISIE, PASAMAN BARAT, SUMATERA BARAT",28,26,151,177
https://kawalpemilu.org#13711,"SASAK, SASAK RANAH PASISIE, PASAMAN BARAT, SUMATERA BARAT",29,20,123,143
https://kawalpemilu.org#13711,"SASAK, SASAK RANAH PASISIE, PASAMAN BARAT, SUMATERA BARAT",30,11,149,160
https://kawalpemilu.org#13711,"SASAK, SASAK RANAH PASISIE, PASAMAN BARAT, SUMATERA BARAT",31,21,176,197
https://kawalpemilu.org#13711,"SASAK, SASAK RANAH PASISIE, PASAMAN BARAT, SUMATERA BARAT",32,18,206,224
https://kawalpemilu.org#13711,"SASAK, SASAK RANAH PASISIE, PASAMAN BARAT, SUMATERA BARAT",33,23,169,192
https://kawalpemilu.org#13711,"SASAK, SASAK RANAH PASISIE, PASAMAN BARAT, SUMATERA BARAT",34,19,160,179
https://kawalpemilu.org#13711,"SASAK, SASAK RANAH PASISIE, PASAMAN BARAT, SUMATERA BARAT",35,22,147,169
https://kawalpemilu.org#13711,"SASAK, SASAK RANAH PASISIE, PASAMAN BARAT, SUMATERA BARAT",36,13,157,170
https://kawalpemilu.org#13711,"SASAK, SASAK RANAH PASISIE, PASAMAN BARAT, SUMATERA BARAT",37,4,94,98
https://kawalpemilu.org#13711,"SASAK, SASAK RANAH PASISIE, PASAMAN BARAT, SUMATERA BARAT",38,10,84,94
https://kawalpemilu.org#13711,"SASAK, SASAK RANAH PASISIE, PASAMAN BARAT, SUMATERA BARAT",39,17,89,106
https://kawalpemilu.org#13711,"SASAK, SASAK RANAH PASISIE, PASAMAN BARAT, SUMATERA BARAT",41,16,134,150
https://kawalpemilu.org#13711,"SASAK, SASAK RANAH PASISIE, PASAMAN BARAT, SUMATERA BARAT",42,29,132,161
https://kawalpemilu.org#13711,"SASAK, SASAK RANAH PASISIE, PASAMAN BARAT, SUMATERA BARAT",43,20,188,208
https://kawalpemilu.org#13711,"SASAK, SASAK RANAH PASISIE, PASAMAN BARAT, SUMATERA BARAT",44,11,123,134
https://kawalpemilu.org#13711,"SASAK, SASAK RANAH PASISIE, PASAMAN BARAT, SUMATERA BARAT",45,8,111,119
https://kawalpemilu.org#13711,"SASAK, SASAK RANAH PASISIE, PASAMAN BARAT, SUMATERA BARAT",46,3,115,118
https://kawalpemilu.org#13711,"SASAK, SASAK RANAH PASISIE, PASAMAN BARAT, SUMATERA BARAT",47,18,188,206
https://kawalpemilu.org#13711,"SASAK, SASAK RANAH PASISIE, PASAMAN BARAT, SUMATERA BARAT",48,26,50,76
https://kawalpemilu.org#13711,"SASAK, SASAK RANAH PASISIE, PASAMAN BARAT, SUMATERA BARAT",49,6,60,66
https://kawalpemilu.org#13714,"BELAKANG PONDOK, PADANG SELATAN, KOTA PADANG, SUMATERA BARAT",1,127,27,154
https://kawalpemilu.org#13714,"BELAKANG PONDOK, PADANG SELATAN, KOTA PADANG, SUMATERA BARAT",2,129,93,222
https://kawalpemilu.org#13714,"BELAKANG PONDOK, PADANG SELATAN, KOTA PADANG, SUMATERA BARAT",3,140,59,199
https://kawalpemilu.org#13714,"BELAKANG PONDOK, PADANG SELATAN, KOTA PADANG, SUMATERA BARAT",4,205,26,231
https://kawalpemilu.org#13715,"ALANG LAWEH, PADANG SELATAN, KOTA PADANG, SUMATERA BARAT",1,35,128,163
https://kawalpemilu.org#13715,"ALANG LAWEH, PADANG SELATAN, KOTA PADANG, SUMATERA BARAT",2,36,202,238
https://kawalpemilu.org#13715,"ALANG LAWEH, PADANG SELATAN, KOTA PADANG, SUMATERA BARAT",3,31,101,132
https://kawalpemilu.org#13715,"ALANG LAWEH, PADANG SELATAN, KOTA PADANG, SUMATERA BARAT",4,32,196,228
https://kawalpemilu.org#13715,"ALANG LAWEH, PADANG SELATAN, KOTA PADANG, SUMATERA BARAT",5,36,133,169
https://kawalpemilu.org#13715,"ALANG LAWEH, PADANG SELATAN, KOTA PADANG, SUMATERA BARAT",6,47,123,170
https://kawalpemilu.org#13715,"ALANG LAWEH, PADANG SELATAN, KOTA PADANG, SUMATERA BARAT",7,30,131,161
https://kawalpemilu.org#13715,"ALANG LAWEH, PADANG SELATAN, KOTA PADANG, SUMATERA BARAT",8,22,113,135
https://kawalpemilu.org#13715,"ALANG LAWEH, PADANG SELATAN, KOTA PADANG, SUMATERA BARAT",9,17,136,153
https://kawalpemilu.org#13715,"ALANG LAWEH, PADANG SELATAN, KOTA PADANG, SUMATERA BARAT",10,42,135,177
https://kawalpemilu.org#13716,"RANAH PARAK RUMBIO, PADANG SELATAN, KOTA PADANG, SUMATERA BARAT",1,59,161,220
https://kawalpemilu.org#13716,"RANAH PARAK RUMBIO, PADANG SELATAN, KOTA PADANG, SUMATERA BARAT",2,30,149,179
https://kawalpemilu.org#13716,"RANAH PARAK RUMBIO, PADANG SELATAN, KOTA PADANG, SUMATERA BARAT",3,33,83,116
https://kawalpemilu.org#13716,"RANAH PARAK RUMBIO, PADANG SELATAN, KOTA PADANG, SUMATERA BARAT",4,22,155,177
https://kawalpemilu.org#13716,"RANAH PARAK RUMBIO, PADANG SELATAN, KOTA PADANG, SUMATERA BARAT",5,174,18,192
https://kawalpemilu.org#13716,"RANAH PARAK RUMBIO, PADANG SELATAN, KOTA PADANG, SUMATERA BARAT",7,54,85,139
https://kawalpemilu.org#13716,"RANAH PARAK RUMBIO, PADANG SELATAN, KOTA PADANG, SUMATERA BARAT",8,83,52,135
https://kawalpemilu.org#13716,"RANAH PARAK RUMBIO, PADANG SELATAN, KOTA PADANG, SUMATERA BARAT",9,11,86,97
https://kawalpemilu.org#13717,"PASA GADANG, PADANG SELATAN, KOTA PADANG, SUMATERA BARAT",1,28,95,123
https://kawalpemilu.org#13717,"PASA GADANG, PADANG SELATAN, KOTA PADANG, SUMATERA BARAT",2,34,107,141
https://kawalpemilu.org#13717,"PASA GADANG, PADANG SELATAN, KOTA PADANG, SUMATERA BARAT",3,20,108,128
https://kawalpemilu.org#13717,"PASA GADANG, PADANG SELATAN, KOTA PADANG, SUMATERA BARAT",4,31,76,107
https://kawalpemilu.org#13717,"PASA GADANG, PADANG SELATAN, KOTA PADANG, SUMATERA BARAT",5,55,98,153
https://kawalpemilu.org#13717,"PASA GADANG, PADANG SELATAN, KOTA PADANG, SUMATERA BARAT",6,23,95,118
https://kawalpemilu.org#13717,"PASA GADANG, PADANG SELATAN, KOTA PADANG, SUMATERA BARAT",7,64,120,184
https://kawalpemilu.org#13717,"PASA GADANG, PADANG SELATAN, KOTA PADANG, SUMATERA BARAT",8,31,167,198
https://kawalpemilu.org#13717,"PASA GADANG, PADANG SELATAN, KOTA PADANG, SUMATERA BARAT",9,19,127,146
https://kawalpemilu.org#13717,"PASA GADANG, PADANG SELATAN, KOTA PADANG, SUMATERA BARAT",10,12,115,127
https://kawalpemilu.org#13717,"PASA GADANG, PADANG SELATAN, KOTA PADANG, SUMATERA BARAT",11,27,177,204
https://kawalpemilu.org#13717,"PASA GADANG, PADANG SELATAN, KOTA PADANG, SUMATERA BARAT",12,27,134,161
https://kawalpemilu.org#13717,"PASA GADANG, PADANG SELATAN, KOTA PADANG, SUMATERA BARAT",13,13,118,131
https://kawalpemilu.org#13717,"PASA GADANG, PADANG SELATAN, KOTA PADANG, SUMATERA BARAT",14,32,198,230
https://kawalpemilu.org#13717,"PASA GADANG, PADANG SELATAN, KOTA PADANG, SUMATERA BARAT",15,16,117,133
https://kawalpemilu.org#13717,"PASA GADANG, PADANG SELATAN, KOTA PADANG, SUMATERA BARAT",16,33,110,143
https://kawalpemilu.org#13717,"PASA GADANG, PADANG SELATAN, KOTA PADANG, SUMATERA BARAT",17,22,129,151
https://kawalpemilu.org#13717,"PASA GADANG, PADANG SELATAN, KOTA PADANG, SUMATERA BARAT",18,19,139,158
https://kawalpemilu.org#13717,"PASA GADANG, PADANG SELATAN, KOTA PADANG, SUMATERA BARAT",19,13,135,148
https://kawalpemilu.org#13717,"PASA GADANG, PADANG SELATAN, KOTA PADANG, SUMATERA BARAT",20,15,179,194
https://kawalpemilu.org#13717,"PASA GADANG, PADANG SELATAN, KOTA PADANG, SUMATERA BARAT",21,9,145,154
https://kawalpemilu.org#13717,"PASA GADANG, PADANG SELATAN, KOTA PADANG, SUMATERA BARAT",22,56,103,159
https://kawalpemilu.org#13718,"BATANG ARAU, PADANG SELATAN, KOTA PADANG, SUMATERA BARAT",1,86,92,178
https://kawalpemilu.org#13718,"BATANG ARAU, PADANG SELATAN, KOTA PADANG, SUMATERA BARAT",2,95,112,207
https://kawalpemilu.org#13718,"BATANG ARAU, PADANG SELATAN, KOTA PADANG, SUMATERA BARAT",3,78,128,206
https://kawalpemilu.org#13718,"BATANG ARAU, PADANG SELATAN, KOTA PADANG, SUMATERA BARAT",4,71,114,185
https://kawalpemilu.org#13718,"BATANG ARAU, PADANG SELATAN, KOTA PADANG, SUMATERA BARAT",5,68,99,167
https://kawalpemilu.org#13718,"BATANG ARAU, PADANG SELATAN, KOTA PADANG, SUMATERA BARAT",6,51,158,209
https://kawalpemilu.org#13718,"BATANG ARAU, PADANG SELATAN, KOTA PADANG, SUMATERA BARAT",7,61,137,198
https://kawalpemilu.org#13718,"BATANG ARAU, PADANG SELATAN, KOTA PADANG, SUMATERA BARAT",8,35,202,237
https://kawalpemilu.org#13718,"BATANG ARAU, PADANG SELATAN, KOTA PADANG, SUMATERA BARAT",9,26,209,235
https://kawalpemilu.org#13718,"BATANG ARAU, PADANG SELATAN, KOTA PADANG, SUMATERA BARAT",10,20,160,180
https://kawalpemilu.org#13718,"BATANG ARAU, PADANG SELATAN, KOTA PADANG, SUMATERA BARAT",11,14,108,122
https://kawalpemilu.org#13718,"BATANG ARAU, PADANG SELATAN, KOTA PADANG, SUMATERA BARAT",12,14,104,118
https://kawalpemilu.org#13718,"BATANG ARAU, PADANG SELATAN, KOTA PADANG, SUMATERA BARAT",13,22,130,152
https://kawalpemilu.org#13718,"BATANG ARAU, PADANG SELATAN, KOTA PADANG, SUMATERA BARAT",14,16,126,142
https://kawalpemilu.org#13718,"BATANG ARAU, PADANG SELATAN, KOTA PADANG, SUMATERA BARAT",15,72,97,169
https://kawalpemilu.org#13719,"SEBERANG PALINGGAM, PADANG SELATAN, KOTA PADANG, SUMATERA BARAT",1,185,50,235
https://kawalpemilu.org#13719,"SEBERANG PALINGGAM, PADANG SELATAN, KOTA PADANG, SUMATERA BARAT",2,160,80,240
https://kawalpemilu.org#13719,"SEBERANG PALINGGAM, PADANG SELATAN, KOTA PADANG, SUMATERA BARAT",3,112,108,220
https://kawalpemilu.org#13719,"SEBERANG PALINGGAM, PADANG SELATAN, KOTA PADANG, SUMATERA BARAT",4,90,128,218
https://kawalpemilu.org#13719,"SEBERANG PALINGGAM, PADANG SELATAN, KOTA PADANG, SUMATERA BARAT",5,74,148,222
https://kawalpemilu.org#13719,"SEBERANG PALINGGAM, PADANG SELATAN, KOTA PADANG, SUMATERA BARAT",6,105,65,170
https://kawalpemilu.org#13719,"SEBERANG PALINGGAM, PADANG SELATAN, KOTA PADANG, SUMATERA BARAT",7,74,141,215
https://kawalpemilu.org#13719,"SEBERANG PALINGGAM, PADANG SELATAN, KOTA PADANG, SUMATERA BARAT",8,50,128,178
https://kawalpemilu.org#13719,"SEBERANG PALINGGAM, PADANG SELATAN, KOTA PADANG, SUMATERA BARAT",9,59,122,181
https://kawalpemilu.org#13720,"SEBERANG PADANG, PADANG SELATAN, KOTA PADANG, SUMATERA BARAT",1,40,141,181
https://kawalpemilu.org#13720,"SEBERANG PADANG, PADANG SELATAN, KOTA PADANG, SUMATERA BARAT",2,23,147,170
https://kawalpemilu.org#13720,"SEBERANG PADANG, PADANG SELATAN, KOTA PADANG, SUMATERA BARAT",3,28,135,163
https://kawalpemilu.org#13720,"SEBERANG PADANG, PADANG SELATAN, KOTA PADANG, SUMATERA BARAT",4,48,194,242
https://kawalpemilu.org#13720,"SEBERANG PADANG, PADANG SELATAN, KOTA PADANG, SUMATERA BARAT",5,18,122,140
https://kawalpemilu.org#13720,"SEBERANG PADANG, PADANG SELATAN, KOTA PADANG, SUMATERA BARAT",6,29,139,168
https://kawalpemilu.org#13720,"SEBERANG PADANG, PADANG SELATAN, KOTA PADANG, SUMATERA BARAT",7,37,149,186
https://kawalpemilu.org#13720,"SEBERANG PADANG, PADANG SELATAN, KOTA PADANG, SUMATERA BARAT",8,27,111,138
https://kawalpemilu.org#13720,"SEBERANG PADANG, PADANG SELATAN, KOTA PADANG, SUMATERA BARAT",9,23,159,182
https://kawalpemilu.org#13720,"SEBERANG PADANG, PADANG SELATAN, KOTA PADANG, SUMATERA BARAT",10,27,84,111
https://kawalpemilu.org#13720,"SEBERANG PADANG, PADANG SELATAN, KOTA PADANG, SUMATERA BARAT",11,17,127,144
https://kawalpemilu.org#13720,"SEBERANG PADANG, PADANG SELATAN, KOTA PADANG, SUMATERA BARAT",12,14,122,136
https://kawalpemilu.org#13720,"SEBERANG PADANG, PADANG SELATAN, KOTA PADANG, SUMATERA BARAT",13,29,172,201
https://kawalpemilu.org#13720,"SEBERANG PADANG, PADANG SELATAN, KOTA PADANG, SUMATERA BARAT",14,45,153,198
https://kawalpemilu.org#13720,"SEBERANG PADANG, PADANG SELATAN, KOTA PADANG, SUMATERA BARAT",15,22,128,150
https://kawalpemilu.org#13720,"SEBERANG PADANG, PADANG SELATAN, KOTA PADANG, SUMATERA BARAT",16,9,144,153
https://kawalpemilu.org#13720,"SEBERANG PADANG, PADANG SELATAN, KOTA PADANG, SUMATERA BARAT",17,17,88,105
https://kawalpemilu.org#13720,"SEBERANG PADANG, PADANG SELATAN, KOTA PADANG, SUMATERA BARAT",18,16,159,175
https://kawalpemilu.org#13720,"SEBERANG PADANG, PADANG SELATAN, KOTA PADANG, SUMATERA BARAT",19,49,97,146
https://kawalpemilu.org#13720,"SEBERANG PADANG, PADANG SELATAN, KOTA PADANG, SUMATERA BARAT",20,22,115,137
https://kawalpemilu.org#13720,"SEBERANG PADANG, PADANG SELATAN, KOTA PADANG, SUMATERA BARAT",21,47,148,195
https://kawalpemilu.org#13720,"SEBERANG PADANG, PADANG SELATAN, KOTA PADANG, SUMATERA BARAT",22,22,150,172
https://kawalpemilu.org#13720,"SEBERANG PADANG, PADANG SELATAN, KOTA PADANG, SUMATERA BARAT",23,43,106,149
https://kawalpemilu.org#13720,"SEBERANG PADANG, PADANG SELATAN, KOTA PADANG, SUMATERA BARAT",24,33,102,135
https://kawalpemilu.org#13720,"SEBERANG PADANG, PADANG SELATAN, KOTA PADANG, SUMATERA BARAT",25,24,97,121
https://kawalpemilu.org#13721,"MATA AIR, PADANG SELATAN, KOTA PADANG, SUMATERA BARAT",1,34,157,191
https://kawalpemilu.org#13721,"MATA AIR, PADANG SELATAN, KOTA PADANG, SUMATERA BARAT",2,26,95,121
https://kawalpemilu.org#13721,"MATA AIR, PADANG SELATAN, KOTA PADANG, SUMATERA BARAT",3,30,72,102
https://kawalpemilu.org#13721,"MATA AIR, PADANG SELATAN, KOTA PADANG, SUMATERA BARAT",4,65,73,138
https://kawalpemilu.org#13721,"MATA AIR, PADANG SELATAN, KOTA PADANG, SUMATERA BARAT",5,32,70,102
https://kawalpemilu.org#13721,"MATA AIR, PADANG SELATAN, KOTA PADANG, SUMATERA BARAT",6,35,164,199
https://kawalpemilu.org#13721,"MATA AIR, PADANG SELATAN, KOTA PADANG, SUMATERA BARAT",7,61,190,251
https://kawalpemilu.org#13721,"MATA AIR, PADANG SELATAN, KOTA PADANG, SUMATERA BARAT",8,21,129,150
https://kawalpemilu.org#13721,"MATA AIR, PADANG SELATAN, KOTA PADANG, SUMATERA BARAT",9,21,118,139
https://kawalpemilu.org#13721,"MATA AIR, PADANG SELATAN, KOTA PADANG, SUMATERA BARAT",10,50,92,142
https://kawalpemilu.org#13721,"MATA AIR, PADANG SELATAN, KOTA PADANG, SUMATERA BARAT",11,31,113,144
https://kawalpemilu.org#13721,"MATA AIR, PADANG SELATAN, KOTA PADANG, SUMATERA BARAT",12,66,145,211
https://kawalpemilu.org#13721,"MATA AIR, PADANG SELATAN, KOTA PADANG, SUMATERA BARAT",13,27,218,245
https://kawalpemilu.org#13721,"MATA AIR, PADANG SELATAN, KOTA PADANG, SUMATERA BARAT",14,70,108,178
https://kawalpemilu.org#13721,"MATA AIR, PADANG SELATAN, KOTA PADANG, SUMATERA BARAT",15,63,115,178
https://kawalpemilu.org#13721,"MATA AIR, PADANG SELATAN, KOTA PADANG, SUMATERA BARAT",16,15,97,112
https://kawalpemilu.org#13721,"MATA AIR, PADANG SELATAN, KOTA PADANG, SUMATERA BARAT",17,78,157,235
https://kawalpemilu.org#13721,"MATA AIR, PADANG SELATAN, KOTA PADANG, SUMATERA BARAT",18,76,109,185
https://kawalpemilu.org#13721,"MATA AIR, PADANG SELATAN, KOTA PADANG, SUMATERA BARAT",19,117,129,246
https://kawalpemilu.org#13721,"MATA AIR, PADANG SELATAN, KOTA PADANG, SUMATERA BARAT",20,76,155,231
https://kawalpemilu.org#13721,"MATA AIR, PADANG SELATAN, KOTA PADANG, SUMATERA BARAT",21,93,137,230
https://kawalpemilu.org#13721,"MATA AIR, PADANG SELATAN, KOTA PADANG, SUMATERA BARAT",22,20,184,204
https://kawalpemilu.org#13721,"MATA AIR, PADANG SELATAN, KOTA PADANG, SUMATERA BARAT",23,32,226,258
https://kawalpemilu.org#13721,"MATA AIR, PADANG SELATAN, KOTA PADANG, SUMATERA BARAT",24,41,145,186
https://kawalpemilu.org#13721,"MATA AIR, PADANG SELATAN, KOTA PADANG, SUMATERA BARAT",25,63,156,219
https://kawalpemilu.org#13721,"MATA AIR, PADANG SELATAN, KOTA PADANG, SUMATERA BARAT",26,58,177,235
https://kawalpemilu.org#13721,"MATA AIR, PADANG SELATAN, KOTA PADANG, SUMATERA BARAT",27,34,182,216
https://kawalpemilu.org#13721,"MATA AIR, PADANG SELATAN, KOTA PADANG, SUMATERA BARAT",28,83,166,249
https://kawalpemilu.org#13721,"MATA AIR, PADANG SELATAN, KOTA PADANG, SUMATERA BARAT",29,37,132,169
https://kawalpemilu.org#13721,"MATA AIR, PADANG SELATAN, KOTA PADANG, SUMATERA BARAT",30,75,45,120
https://kawalpemilu.org#13721,"MATA AIR, PADANG SELATAN, KOTA PADANG, SUMATERA BARAT",31,12,73,85
https://kawalpemilu.org#13721,"MATA AIR, PADANG SELATAN, KOTA PADANG, SUMATERA BARAT",32,18,150,168
https://kawalpemilu.org#13721,"MATA AIR, PADANG SELATAN, KOTA PADANG, SUMATERA BARAT",33,35,159,194
https://kawalpemilu.org#13721,"MATA AIR, PADANG SELATAN, KOTA PADANG, SUMATERA BARAT",34,12,120,132
https://kawalpemilu.org#13721,"MATA AIR, PADANG SELATAN, KOTA PADANG, SUMATERA BARAT",35,57,109,166
https://kawalpemilu.org#13721,"MATA AIR, PADANG SELATAN, KOTA PADANG, SUMATERA BARAT",36,93,149,242
https://kawalpemilu.org#13721,"MATA AIR, PADANG SELATAN, KOTA PADANG, SUMATERA BARAT",37,30,244,274
https://kawalpemilu.org#13721,"MATA AIR, PADANG SELATAN, KOTA PADANG, SUMATERA BARAT",38,66,183,249
https://kawalpemilu.org#13721,"MATA AIR, PADANG SELATAN, KOTA PADANG, SUMATERA BARAT",39,66,128,194
https://kawalpemilu.org#13722,"RAWANG, PADANG SELATAN, KOTA PADANG, SUMATERA BARAT",1,21,146,167
https://kawalpemilu.org#13722,"RAWANG, PADANG SELATAN, KOTA PADANG, SUMATERA BARAT",2,15,117,132
https://kawalpemilu.org#13722,"RAWANG, PADANG SELATAN, KOTA PADANG, SUMATERA BARAT",3,37,165,202
https://kawalpemilu.org#13722,"RAWANG, PADANG SELATAN, KOTA PADANG, SUMATERA BARAT",4,12,179,191
https://kawalpemilu.org#13722,"RAWANG, PADANG SELATAN, KOTA PADANG, SUMATERA BARAT",5,25,186,211
https://kawalpemilu.org#13722,"RAWANG, PADANG SELATAN, KOTA PADANG, SUMATERA BARAT",6,27,197,224
https://kawalpemilu.org#13722,"RAWANG, PADANG SELATAN, KOTA PADANG, SUMATERA BARAT",7,24,213,237
https://kawalpemilu.org#13722,"RAWANG, PADANG SELATAN, KOTA PADANG, SUMATERA BARAT",8,32,187,219
https://kawalpemilu.org#13722,"RAWANG, PADANG SELATAN, KOTA PADANG, SUMATERA BARAT",9,49,140,189
https://kawalpemilu.org#13722,"RAWANG, PADANG SELATAN, KOTA PADANG, SUMATERA BARAT",10,15,128,143
https://kawalpemilu.org#13722,"RAWANG, PADANG SELATAN, KOTA PADANG, SUMATERA BARAT",11,41,149,190
https://kawalpemilu.org#13722,"RAWANG, PADANG SELATAN, KOTA PADANG, SUMATERA BARAT",12,17,175,192
https://kawalpemilu.org#13722,"RAWANG, PADANG SELATAN, KOTA PADANG, SUMATERA BARAT",13,25,177,202
https://kawalpemilu.org#13722,"RAWANG, PADANG SELATAN, KOTA PADANG, SUMATERA BARAT",14,37,126,163
https://kawalpemilu.org#13722,"RAWANG, PADANG SELATAN, KOTA PADANG, SUMATERA BARAT",15,32,131,163
https://kawalpemilu.org#13722,"RAWANG, PADANG SELATAN, KOTA PADANG, SUMATERA BARAT",16,14,101,115
https://kawalpemilu.org#13722,"RAWANG, PADANG SELATAN, KOTA PADANG, SUMATERA BARAT",17,34,142,176
https://kawalpemilu.org#13722,"RAWANG, PADANG SELATAN, KOTA PADANG, SUMATERA BARAT",18,27,118,145
https://kawalpemilu.org#13722,"RAWANG, PADANG SELATAN, KOTA PADANG, SUMATERA BARAT",19,49,140,189
https://kawalpemilu.org#13722,"RAWANG, PADANG SELATAN, KOTA PADANG, SUMATERA BARAT",20,107,29,136
https://kawalpemilu.org#13722,"RAWANG, PADANG SELATAN, KOTA PADANG, SUMATERA BARAT",21,69,70,139
https://kawalpemilu.org#13722,"RAWANG, PADANG SELATAN, KOTA PADANG, SUMATERA BARAT",22,57,74,131
https://kawalpemilu.org#13722,"RAWANG, PADANG SELATAN, KOTA PADANG, SUMATERA BARAT",23,44,116,160
https://kawalpemilu.org#13722,"RAWANG, PADANG SELATAN, KOTA PADANG, SUMATERA BARAT",24,79,163,242
https://kawalpemilu.org#13722,"RAWANG, PADANG SELATAN, KOTA PADANG, SUMATERA BARAT",25,120,67,187
https://kawalpemilu.org#13722,"RAWANG, PADANG SELATAN, KOTA PADANG, SUMATERA BARAT",26,78,100,178
https://kawalpemilu.org#13722,"RAWANG, PADANG SELATAN, KOTA PADANG, SUMATERA BARAT",27,87,121,208
https://kawalpemilu.org#13722,"RAWANG, PADANG SELATAN, KOTA PADANG, SUMATERA BARAT",28,59,128,187
https://kawalpemilu.org#13722,"RAWANG, PADANG SELATAN, KOTA PADANG, SUMATERA BARAT",29,112,104,216
https://kawalpemilu.org#13722,"RAWANG, PADANG SELATAN, KOTA PADANG, SUMATERA BARAT",30,64,121,185
https://kawalpemilu.org#13722,"RAWANG, PADANG SELATAN, KOTA PADANG, SUMATERA BARAT",31,78,108,186
https://kawalpemilu.org#13722,"RAWANG, PADANG SELATAN, KOTA PADANG, SUMATERA BARAT",32,38,240,278
https://kawalpemilu.org#13722,"RAWANG, PADANG SELATAN, KOTA PADANG, SUMATERA BARAT",33,15,186,201
https://kawalpemilu.org#13723,"AIR MANIS, PADANG SELATAN, KOTA PADANG, SUMATERA BARAT",1,27,181,208
https://kawalpemilu.org#13723,"AIR MANIS, PADANG SELATAN, KOTA PADANG, SUMATERA BARAT",2,10,152,162
https://kawalpemilu.org#13723,"AIR MANIS, PADANG SELATAN, KOTA PADANG, SUMATERA BARAT",3,23,147,170
https://kawalpemilu.org#13723,"AIR MANIS, PADANG SELATAN, KOTA PADANG, SUMATERA BARAT",4,20,173,193
https://kawalpemilu.org#13723,"AIR MANIS, PADANG SELATAN, KOTA PADANG, SUMATERA BARAT",5,33,150,183
https://kawalpemilu.org#13723,"AIR MANIS, PADANG SELATAN, KOTA PADANG, SUMATERA BARAT",6,15,137,152
https://kawalpemilu.org#13724,"TELUK BAYUR, PADANG SELATAN, KOTA PADANG, SUMATERA BARAT",1,39,166,205
https://kawalpemilu.org#13724,"TELUK BAYUR, PADANG SELATAN, KOTA PADANG, SUMATERA BARAT",2,15,128,179
https://kawalpemilu.org#13724,"TELUK BAYUR, PADANG SELATAN, KOTA PADANG, SUMATERA BARAT",3,17,112,129
https://kawalpemilu.org#13724,"TELUK BAYUR, PADANG SELATAN, KOTA PADANG, SUMATERA BARAT",4,34,173,177
https://kawalpemilu.org#13724,"TELUK BAYUR, PADANG SELATAN, KOTA PADANG, SUMATERA BARAT",5,25,171,196
https://kawalpemilu.org#13724,"TELUK BAYUR, PADANG SELATAN, KOTA PADANG, SUMATERA BARAT",6,11,106,117
https://kawalpemilu.org#13724,"TELUK BAYUR, PADANG SELATAN, KOTA PADANG, SUMATERA BARAT",7,108,92,200
https://kawalpemilu.org#13724,"TELUK BAYUR, PADANG SELATAN, KOTA PADANG, SUMATERA BARAT",8,114,44,158
https://kawalpemilu.org#13724,"TELUK BAYUR, PADANG SELATAN, KOTA PADANG, SUMATERA BARAT",9,7,79,86
https://kawalpemilu.org#13725,"BUKIT GADO-GADO, PADANG SELATAN, KOTA PADANG, SUMATERA BARAT",1,53,109,162
https://kawalpemilu.org#13725,"BUKIT GADO-GADO, PADANG SELATAN, KOTA PADANG, SUMATERA BARAT",2,53,106,159
https://kawalpemilu.org#13725,"BUKIT GADO-GADO, PADANG SELATAN, KOTA PADANG, SUMATERA BARAT",3,35,138,173
https://kawalpemilu.org#13725,"BUKIT GADO-GADO, PADANG SELATAN, KOTA PADANG, SUMATERA BARAT",4,48,124,172
https://kawalpemilu.org#13725,"BUKIT GADO-GADO, PADANG SELATAN, KOTA PADANG, SUMATERA BARAT",5,25,135,160
https://kawalpemilu.org#13725,"BUKIT GADO-GADO, PADANG SELATAN, KOTA PADANG, SUMATERA BARAT",6,91,108,199
https://kawalpemilu.org#13727,"SAWAHAN, PADANG TIMUR, KOTA PADANG, SUMATERA BARAT",1,64,211,275
https://kawalpemilu.org#13727,"SAWAHAN, PADANG TIMUR, KOTA PADANG, SUMATERA BARAT",2,40,193,233
https://kawalpemilu.org#13727,"SAWAHAN, PADANG TIMUR, KOTA PADANG, SUMATERA BARAT",3,45,220,265
https://kawalpemilu.org#13727,"SAWAHAN, PADANG TIMUR, KOTA PADANG, SUMATERA BARAT",4,29,207,236
https://kawalpemilu.org#13727,"SAWAHAN, PADANG TIMUR, KOTA PADANG, SUMATERA BARAT",5,23,203,226
https://kawalpemilu.org#13727,"SAWAHAN, PADANG TIMUR, KOTA PADANG, SUMATERA BARAT",6,35,211,246
https://kawalpemilu.org#13727,"SAWAHAN, PADANG TIMUR, KOTA PADANG, SUMATERA BARAT",7,45,230,275
https://kawalpemilu.org#13727,"SAWAHAN, PADANG TIMUR, KOTA PADANG, SUMATERA BARAT",8,53,180,233
https://kawalpemilu.org#13727,"SAWAHAN, PADANG TIMUR, KOTA PADANG, SUMATERA BARAT",9,52,198,250
https://kawalpemilu.org#13727,"SAWAHAN, PADANG TIMUR, KOTA PADANG, SUMATERA BARAT",10,17,69,86
https://kawalpemilu.org#13728,"JATI BARU, PADANG TIMUR, KOTA PADANG, SUMATERA BARAT",1,13,115,128
https://kawalpemilu.org#13728,"JATI BARU, PADANG TIMUR, KOTA PADANG, SUMATERA BARAT",2,38,168,206
https://kawalpemilu.org#13728,"JATI BARU, PADANG TIMUR, KOTA PADANG, SUMATERA BARAT",3,48,155,203
https://kawalpemilu.org#13728,"JATI BARU, PADANG TIMUR, KOTA PADANG, SUMATERA BARAT",4,42,182,224
https://kawalpemilu.org#13728,"JATI BARU, PADANG TIMUR, KOTA PADANG, SUMATERA BARAT",5,19,127,146
https://kawalpemilu.org#13728,"JATI BARU, PADANG TIMUR, KOTA PADANG, SUMATERA BARAT",6,65,192,257
https://kawalpemilu.org#13728,"JATI BARU, PADANG TIMUR, KOTA PADANG, SUMATERA BARAT",7,14,139,153
https://kawalpemilu.org#13728,"JATI BARU, PADANG TIMUR, KOTA PADANG, SUMATERA BARAT",8,19,207,226
https://kawalpemilu.org#13728,"JATI BARU, PADANG TIMUR, KOTA PADANG, SUMATERA BARAT",9,60,157,217
https://kawalpemilu.org#13728,"JATI BARU, PADANG TIMUR, KOTA PADANG, SUMATERA BARAT",10,46,153,199
https://kawalpemilu.org#13728,"JATI BARU, PADANG TIMUR, KOTA PADANG, SUMATERA BARAT",11,37,150,187
https://kawalpemilu.org#13728,"JATI BARU, PADANG TIMUR, KOTA PADANG, SUMATERA BARAT",12,25,147,172
https://kawalpemilu.org#13728,"JATI BARU, PADANG TIMUR, KOTA PADANG, SUMATERA BARAT",13,21,113,134
https://kawalpemilu.org#13728,"JATI BARU, PADANG TIMUR, KOTA PADANG, SUMATERA BARAT",14,30,152,182
https://kawalpemilu.org#13728,"JATI BARU, PADANG TIMUR, KOTA PADANG, SUMATERA BARAT",15,30,216,246
https://kawalpemilu.org#13729,"JATI, PADANG TIMUR, KOTA PADANG, SUMATERA BARAT",1,19,130,149
https://kawalpemilu.org#13729,"JATI, PADANG TIMUR, KOTA PADANG, SUMATERA BARAT",2,43,148,191
https://kawalpemilu.org#13729,"JATI, PADANG TIMUR, KOTA PADANG, SUMATERA BARAT",3,19,167,186
https://kawalpemilu.org#13729,"JATI, PADANG TIMUR, KOTA PADANG, SUMATERA BARAT",4,21,213,234
https://kawalpemilu.org#13729,"JATI, PADANG TIMUR, KOTA PADANG, SUMATERA BARAT",5,31,102,133
https://kawalpemilu.org#13729,"JATI, PADANG TIMUR, KOTA PADANG, SUMATERA BARAT",6,17,158,175
https://kawalpemilu.org#13729,"JATI, PADANG TIMUR, KOTA PADANG, SUMATERA BARAT",7,14,162,176
https://kawalpemilu.org#13729,"JATI, PADANG TIMUR, KOTA PADANG, SUMATERA BARAT",8,22,218,240
https://kawalpemilu.org#13729,"JATI, PADANG TIMUR, KOTA PADANG, SUMATERA BARAT",9,24,179,203
https://kawalpemilu.org#13729,"JATI, PADANG TIMUR, KOTA PADANG, SUMATERA BARAT",10,16,158,174
https://kawalpemilu.org#13729,"JATI, PADANG TIMUR, KOTA PADANG, SUMATERA BARAT",11,26,191,217
https://kawalpemilu.org#13729,"JATI, PADANG TIMUR, KOTA PADANG, SUMATERA BARAT",12,26,208,234
https://kawalpemilu.org#13729,"JATI, PADANG TIMUR, KOTA PADANG, SUMATERA BARAT",13,67,84,151
https://kawalpemilu.org#13729,"JATI, PADANG TIMUR, KOTA PADANG, SUMATERA BARAT",14,14,133,147
https://kawalpemilu.org#13729,"JATI, PADANG TIMUR, KOTA PADANG, SUMATERA BARAT",15,58,183,241
https://kawalpemilu.org#13729,"JATI, PADANG TIMUR, KOTA PADANG, SUMATERA BARAT",16,21,156,177
https://kawalpemilu.org#13729,"JATI, PADANG TIMUR, KOTA PADANG, SUMATERA BARAT",17,32,144,176
https://kawalpemilu.org#13729,"JATI, PADANG TIMUR, KOTA PADANG, SUMATERA BARAT",18,23,181,204
https://kawalpemilu.org#13729,"JATI, PADANG TIMUR, KOTA PADANG, SUMATERA BARAT",19,36,176,212
https://kawalpemilu.org#13729,"JATI, PADANG TIMUR, KOTA PADANG, SUMATERA BARAT",20,12,159,171
https://kawalpemilu.org#13729,"JATI, PADANG TIMUR, KOTA PADANG, SUMATERA BARAT",21,30,207,237
https://kawalpemilu.org#13729,"JATI, PADANG TIMUR, KOTA PADANG, SUMATERA BARAT",22,26,211,237
https://kawalpemilu.org#13729,"JATI, PADANG TIMUR, KOTA PADANG, SUMATERA BARAT",23,32,218,250
https://kawalpemilu.org#13729,"JATI, PADANG TIMUR, KOTA PADANG, SUMATERA BARAT",24,17,165,182
https://kawalpemilu.org#13729,"JATI, PADANG TIMUR, KOTA PADANG, SUMATERA BARAT",25,22,124,146
https://kawalpemilu.org#13729,"JATI, PADANG TIMUR, KOTA PADANG, SUMATERA BARAT",26,20,231,251
https://kawalpemilu.org#13729,"JATI, PADANG TIMUR, KOTA PADANG, SUMATERA BARAT",27,14,134,148
https://kawalpemilu.org#13729,"JATI, PADANG TIMUR, KOTA PADANG, SUMATERA BARAT",28,17,108,125
https://kawalpemilu.org#13730,"SAWAHAN TIMUR, PADANG TIMUR, KOTA PADANG, SUMATERA BARAT",1,27,111,138
https://kawalpemilu.org#13730,"SAWAHAN TIMUR, PADANG TIMUR, KOTA PADANG, SUMATERA BARAT",2,32,143,175
https://kawalpemilu.org#13730,"SAWAHAN TIMUR, PADANG TIMUR, KOTA PADANG, SUMATERA BARAT",3,20,74,94
https://kawalpemilu.org#13730,"SAWAHAN TIMUR, PADANG TIMUR, KOTA PADANG, SUMATERA BARAT",4,39,104,143
https://kawalpemilu.org#13730,"SAWAHAN TIMUR, PADANG TIMUR, KOTA PADANG, SUMATERA BARAT",5,36,138,174
https://kawalpemilu.org#13730,"SAWAHAN TIMUR, PADANG TIMUR, KOTA PADANG, SUMATERA BARAT",6,17,164,181
https://kawalpemilu.org#13730,"SAWAHAN TIMUR, PADANG TIMUR, KOTA PADANG, SUMATERA BARAT",7,23,135,158
https://kawalpemilu.org#13730,"SAWAHAN TIMUR, PADANG TIMUR, KOTA PADANG, SUMATERA BARAT",8,36,191,227
https://kawalpemilu.org#13730,"SAWAHAN TIMUR, PADANG TIMUR, KOTA PADANG, SUMATERA BARAT",9,10,146,156
https://kawalpemilu.org#13730,"SAWAHAN TIMUR, PADANG TIMUR, KOTA PADANG, SUMATERA BARAT",10,19,111,130
https://kawalpemilu.org#13730,"SAWAHAN TIMUR, PADANG TIMUR, KOTA PADANG, SUMATERA BARAT",11,36,196,232
https://kawalpemilu.org#13730,"SAWAHAN TIMUR, PADANG TIMUR, KOTA PADANG, SUMATERA BARAT",12,21,214,235
https://kawalpemilu.org#13730,"SAWAHAN TIMUR, PADANG TIMUR, KOTA PADANG, SUMATERA BARAT",13,26,127,153
https://kawalpemilu.org#13730,"SAWAHAN TIMUR, PADANG TIMUR, KOTA PADANG, SUMATERA BARAT",14,27,168,195
https://kawalpemilu.org#13730,"SAWAHAN TIMUR, PADANG TIMUR, KOTA PADANG, SUMATERA BARAT",15,19,135,154
https://kawalpemilu.org#13730,"SAWAHAN TIMUR, PADANG TIMUR, KOTA PADANG, SUMATERA BARAT",16,36,202,238
https://kawalpemilu.org#13730,"SAWAHAN TIMUR, PADANG TIMUR, KOTA PADANG, SUMATERA BARAT",17,12,151,163
https://kawalpemilu.org#13731,"SIMPANG HARU, PADANG TIMUR, KOTA PADANG, SUMATERA BARAT",1,25,208,233
https://kawalpemilu.org#13731,"SIMPANG HARU, PADANG TIMUR, KOTA PADANG, SUMATERA BARAT",2,26,205,231
https://kawalpemilu.org#13731,"SIMPANG HARU, PADANG TIMUR, KOTA PADANG, SUMATERA BARAT",3,20,200,220
https://kawalpemilu.org#13731,"SIMPANG HARU, PADANG TIMUR, KOTA PADANG, SUMATERA BARAT",4,27,187,214
https://kawalpemilu.org#13731,"SIMPANG HARU, PADANG TIMUR, KOTA PADANG, SUMATERA BARAT",5,25,188,213
https://kawalpemilu.org#13731,"SIMPANG HARU, PADANG TIMUR, KOTA PADANG, SUMATERA BARAT",6,25,208,233
https://kawalpemilu.org#13731,"SIMPANG HARU, PADANG TIMUR, KOTA PADANG, SUMATERA BARAT",7,24,185,209
https://kawalpemilu.org#13731,"SIMPANG HARU, PADANG TIMUR, KOTA PADANG, SUMATERA BARAT",8,35,189,224
https://kawalpemilu.org#13731,"SIMPANG HARU, PADANG TIMUR, KOTA PADANG, SUMATERA BARAT",9,28,153,181
https://kawalpemilu.org#13731,"SIMPANG HARU, PADANG TIMUR, KOTA PADANG, SUMATERA BARAT",10,61,117,178
https://kawalpemilu.org#13732,"KUBU MARAPALAM, PADANG TIMUR, KOTA PADANG, SUMATERA BARAT",1,25,188,213
https://kawalpemilu.org#13732,"KUBU MARAPALAM, PADANG TIMUR, KOTA PADANG, SUMATERA BARAT",2,16,164,180
https://kawalpemilu.org#13732,"KUBU MARAPALAM, PADANG TIMUR, KOTA PADANG, SUMATERA BARAT",3,41,138,179
https://kawalpemilu.org#13732,"KUBU MARAPALAM, PADANG TIMUR, KOTA PADANG, SUMATERA BARAT",4,57,136,193
https://kawalpemilu.org#13732,"KUBU MARAPALAM, PADANG TIMUR, KOTA PADANG, SUMATERA BARAT",5,27,209,236
https://kawalpemilu.org#13732,"KUBU MARAPALAM, PADANG TIMUR, KOTA PADANG, SUMATERA BARAT",6,14,184,198
https://kawalpemilu.org#13732,"KUBU MARAPALAM, PADANG TIMUR, KOTA PADANG, SUMATERA BARAT",7,20,182,202
https://kawalpemilu.org#13732,"KUBU MARAPALAM, PADANG TIMUR, KOTA PADANG, SUMATERA BARAT",8,32,172,204
https://kawalpemilu.org#13732,"KUBU MARAPALAM, PADANG TIMUR, KOTA PADANG, SUMATERA BARAT",9,38,187,225
https://kawalpemilu.org#13732,"KUBU MARAPALAM, PADANG TIMUR, KOTA PADANG, SUMATERA BARAT",10,50,202,252
https://kawalpemilu.org#13732,"KUBU MARAPALAM, PADANG TIMUR, KOTA PADANG, SUMATERA BARAT",11,25,208,233
https://kawalpemilu.org#13732,"KUBU MARAPALAM, PADANG TIMUR, KOTA PADANG, SUMATERA BARAT",12,24,186,210
https://kawalpemilu.org#13732,"KUBU MARAPALAM, PADANG TIMUR, KOTA PADANG, SUMATERA BARAT",13,17,170,187
https://kawalpemilu.org#13732,"KUBU MARAPALAM, PADANG TIMUR, KOTA PADANG, SUMATERA BARAT",14,29,190,219
https://kawalpemilu.org#13732,"KUBU MARAPALAM, PADANG TIMUR, KOTA PADANG, SUMATERA BARAT",15,7,143,150
https://kawalpemilu.org#13733,"ANDALAS, PADANG TIMUR, KOTA PADANG, SUMATERA BARAT",1,30,216,246
https://kawalpemilu.org#13733,"ANDALAS, PADANG TIMUR, KOTA PADANG, SUMATERA BARAT",2,36,176,212
https://kawalpemilu.org#13733,"ANDALAS, PADANG TIMUR, KOTA PADANG, SUMATERA BARAT",3,42,179,221
https://kawalpemilu.org#13733,"ANDALAS, PADANG TIMUR, KOTA PADANG, SUMATERA BARAT",4,38,194,232
https://kawalpemilu.org#13733,"ANDALAS, PADANG TIMUR, KOTA PADANG, SUMATERA BARAT",5,13,209,222
https://kawalpemilu.org#13733,"ANDALAS, PADANG TIMUR, KOTA PADANG, SUMATERA BARAT",6,18,215,233
https://kawalpemilu.org#13733,"ANDALAS, PADANG TIMUR, KOTA PADANG, SUMATERA BARAT",7,30,139,169
https://kawalpemilu.org#13733,"ANDALAS, PADANG TIMUR, KOTA PADANG, SUMATERA BARAT",8,42,193,235
https://kawalpemilu.org#13733,"ANDALAS, PADANG TIMUR, KOTA PADANG, SUMATERA BARAT",9,32,158,190
https://kawalpemilu.org#13733,"ANDALAS, PADANG TIMUR, KOTA PADANG, SUMATERA BARAT",10,10,191,201
https://kawalpemilu.org#13733,"ANDALAS, PADANG TIMUR, KOTA PADANG, SUMATERA BARAT",11,11,191,202
https://kawalpemilu.org#13733,"ANDALAS, PADANG TIMUR, KOTA PADANG, SUMATERA BARAT",12,18,161,179
https://kawalpemilu.org#13733,"ANDALAS, PADANG TIMUR, KOTA PADANG, SUMATERA BARAT",13,23,171,194
https://kawalpemilu.org#13733,"ANDALAS, PADANG TIMUR, KOTA PADANG, SUMATERA BARAT",14,19,198,217
https://kawalpemilu.org#13733,"ANDALAS, PADANG TIMUR, KOTA PADANG, SUMATERA BARAT",15,24,205,229
https://kawalpemilu.org#13733,"ANDALAS, PADANG TIMUR, KOTA PADANG, SUMATERA BARAT",16,22,182,204
https://kawalpemilu.org#13733,"ANDALAS, PADANG TIMUR, KOTA PADANG, SUMATERA BARAT",17,16,155,171
https://kawalpemilu.org#13733,"ANDALAS, PADANG TIMUR, KOTA PADANG, SUMATERA BARAT",18,33,196,229
https://kawalpemilu.org#13733,"ANDALAS, PADANG TIMUR, KOTA PADANG, SUMATERA BARAT",19,24,232,256
https://kawalpemilu.org#13733,"ANDALAS, PADANG TIMUR, KOTA PADANG, SUMATERA BARAT",20,30,181,211
https://kawalpemilu.org#13733,"ANDALAS, PADANG TIMUR, KOTA PADANG, SUMATERA BARAT",21,29,215,244
https://kawalpemilu.org#13733,"ANDALAS, PADANG TIMUR, KOTA PADANG, SUMATERA BARAT",22,16,223,239
https://kawalpemilu.org#13733,"ANDALAS, PADANG TIMUR, KOTA PADANG, SUMATERA BARAT",23,25,225,250
https://kawalpemilu.org#13733,"ANDALAS, PADANG TIMUR, KOTA PADANG, SUMATERA BARAT",24,40,204,244
https://kawalpemilu.org#13733,"ANDALAS, PADANG TIMUR, KOTA PADANG, SUMATERA BARAT",25,42,231,273
https://kawalpemilu.org#13733,"ANDALAS, PADANG TIMUR, KOTA PADANG, SUMATERA BARAT",26,29,251,280
https://kawalpemilu.org#13734,"KUBU DALAM PARAK KARAKAH, PADANG TIMUR, KOTA PADANG, SUMATERA BARAT",1,19,212,231
https://kawalpemilu.org#13734,"KUBU DALAM PARAK KARAKAH, PADANG TIMUR, KOTA PADANG, SUMATERA BARAT",2,22,203,225
https://kawalpemilu.org#13734,"KUBU DALAM PARAK KARAKAH, PADANG TIMUR, KOTA PADANG, SUMATERA BARAT",3,38,130,168
https://kawalpemilu.org#13734,"KUBU DALAM PARAK KARAKAH, PADANG TIMUR, KOTA PADANG, SUMATERA BARAT",4,31,202,233
https://kawalpemilu.org#13734,"KUBU DALAM PARAK KARAKAH, PADANG TIMUR, KOTA PADANG, SUMATERA BARAT",5,23,197,220
https://kawalpemilu.org#13734,"KUBU DALAM PARAK KARAKAH, PADANG TIMUR, KOTA PADANG, SUMATERA BARAT",6,30,186,216
https://kawalpemilu.org#13734,"KUBU DALAM PARAK KARAKAH, PADANG TIMUR, KOTA PADANG, SUMATERA BARAT",7,20,233,253
https://kawalpemilu.org#13734,"KUBU DALAM PARAK KARAKAH, PADANG TIMUR, KOTA PADANG, SUMATERA BARAT",8,23,188,211
https://kawalpemilu.org#13734,"KUBU DALAM PARAK KARAKAH, PADANG TIMUR, KOTA PADANG, SUMATERA BARAT",9,28,191,219
https://kawalpemilu.org#13734,"KUBU DALAM PARAK KARAKAH, PADANG TIMUR, KOTA PADANG, SUMATERA BARAT",10,21,190,211
https://kawalpemilu.org#13734,"KUBU DALAM PARAK KARAKAH, PADANG TIMUR, KOTA PADANG, SUMATERA BARAT",11,26,190,216
https://kawalpemilu.org#13734,"KUBU DALAM PARAK KARAKAH, PADANG TIMUR, KOTA PADANG, SUMATERA BARAT",12,46,204,250
https://kawalpemilu.org#13734,"KUBU DALAM PARAK KARAKAH, PADANG TIMUR, KOTA PADANG, SUMATERA BARAT",13,36,160,226
https://kawalpemilu.org#13734,"KUBU DALAM PARAK KARAKAH, PADANG TIMUR, KOTA PADANG, SUMATERA BARAT",14,22,215,237
https://kawalpemilu.org#13734,"KUBU DALAM PARAK KARAKAH, PADANG TIMUR, KOTA PADANG, SUMATERA BARAT",15,23,178,201
https://kawalpemilu.org#13734,"KUBU DALAM PARAK KARAKAH, PADANG TIMUR, KOTA PADANG, SUMATERA BARAT",16,26,206,232
https://kawalpemilu.org#13734,"KUBU DALAM PARAK KARAKAH, PADANG TIMUR, KOTA PADANG, SUMATERA BARAT",17,27,231,258
https://kawalpemilu.org#13734,"KUBU DALAM PARAK KARAKAH, PADANG TIMUR, KOTA PADANG, SUMATERA BARAT",18,29,231,260
https://kawalpemilu.org#13734,"KUBU DALAM PARAK KARAKAH, PADANG TIMUR, KOTA PADANG, SUMATERA BARAT",19,34,197,231
https://kawalpemilu.org#13734,"KUBU DALAM PARAK KARAKAH, PADANG TIMUR, KOTA PADANG, SUMATERA BARAT",20,17,203,220
https://kawalpemilu.org#13734,"KUBU DALAM PARAK KARAKAH, PADANG TIMUR, KOTA PADANG, SUMATERA BARAT",21,35,203,238
https://kawalpemilu.org#13734,"KUBU DALAM PARAK KARAKAH, PADANG TIMUR, KOTA PADANG, SUMATERA BARAT",22,30,190,220
https://kawalpemilu.org#13734,"KUBU DALAM PARAK KARAKAH, PADANG TIMUR, KOTA PADANG, SUMATERA BARAT",23,24,182,206
https://kawalpemilu.org#13734,"KUBU DALAM PARAK KARAKAH, PADANG TIMUR, KOTA PADANG, SUMATERA BARAT",24,21,209,230
https://kawalpemilu.org#13734,"KUBU DALAM PARAK KARAKAH, PADANG TIMUR, KOTA PADANG, SUMATERA BARAT",25,17,173,190
https://kawalpemilu.org#13734,"KUBU DALAM PARAK KARAKAH, PADANG TIMUR, KOTA PADANG, SUMATERA BARAT",26,18,207,225
https://kawalpemilu.org#13734,"KUBU DALAM PARAK KARAKAH, PADANG TIMUR, KOTA PADANG, SUMATERA BARAT",27,41,157,198
https://kawalpemilu.org#13734,"KUBU DALAM PARAK KARAKAH, PADANG TIMUR, KOTA PADANG, SUMATERA BARAT",28,35,199,234
https://kawalpemilu.org#13734,"KUBU DALAM PARAK KARAKAH, PADANG TIMUR, KOTA PADANG, SUMATERA BARAT",29,14,114,128
https://kawalpemilu.org#13734,"KUBU DALAM PARAK KARAKAH, PADANG TIMUR, KOTA PADANG, SUMATERA BARAT",30,17,210,227
https://kawalpemilu.org#13734,"KUBU DALAM PARAK KARAKAH, PADANG TIMUR, KOTA PADANG, SUMATERA BARAT",31,11,145,156
https://kawalpemilu.org#13734,"KUBU DALAM PARAK KARAKAH, PADANG TIMUR, KOTA PADANG, SUMATERA BARAT",32,26,207,233
https://kawalpemilu.org#13734,"KUBU DALAM PARAK KARAKAH, PADANG TIMUR, KOTA PADANG, SUMATERA BARAT",33,29,152,181
https://kawalpemilu.org#13734,"KUBU DALAM PARAK KARAKAH, PADANG TIMUR, KOTA PADANG, SUMATERA BARAT",34,30,201,231
https://kawalpemilu.org#13734,"KUBU DALAM PARAK KARAKAH, PADANG TIMUR, KOTA PADANG, SUMATERA BARAT",35,41,178,219
https://kawalpemilu.org#13734,"KUBU DALAM PARAK KARAKAH, PADANG TIMUR, KOTA PADANG, SUMATERA BARAT",36,21,188,209
https://kawalpemilu.org#13734,"KUBU DALAM PARAK KARAKAH, PADANG TIMUR, KOTA PADANG, SUMATERA BARAT",37,24,216,240
https://kawalpemilu.org#13735,"PARAK GADANG TIMUR, PADANG TIMUR, KOTA PADANG, SUMATERA BARAT",1,33,203,236
https://kawalpemilu.org#13735,"PARAK GADANG TIMUR, PADANG TIMUR, KOTA PADANG, SUMATERA BARAT",2,30,190,220
https://kawalpemilu.org#13735,"PARAK GADANG TIMUR, PADANG TIMUR, KOTA PADANG, SUMATERA BARAT",3,26,195,221
https://kawalpemilu.org#13735,"PARAK GADANG TIMUR, PADANG TIMUR, KOTA PADANG, SUMATERA BARAT",4,21,151,172
https://kawalpemilu.org#13735,"PARAK GADANG TIMUR, PADANG TIMUR, KOTA PADANG, SUMATERA BARAT",5,13,121,134
https://kawalpemilu.org#13735,"PARAK GADANG TIMUR, PADANG TIMUR, KOTA PADANG, SUMATERA BARAT",6,18,144,162
https://kawalpemilu.org#13735,"PARAK GADANG TIMUR, PADANG TIMUR, KOTA PADANG, SUMATERA BARAT",7,19,158,177
https://kawalpemilu.org#13735,"PARAK GADANG TIMUR, PADANG TIMUR, KOTA PADANG, SUMATERA BARAT",8,7,170,177
https://kawalpemilu.org#13735,"PARAK GADANG TIMUR, PADANG TIMUR, KOTA PADANG, SUMATERA BARAT",9,15,168,183
https://kawalpemilu.org#13735,"PARAK GADANG TIMUR, PADANG TIMUR, KOTA PADANG, SUMATERA BARAT",10,15,179,194
https://kawalpemilu.org#13735,"PARAK GADANG TIMUR, PADANG TIMUR, KOTA PADANG, SUMATERA BARAT",11,12,208,220
https://kawalpemilu.org#13735,"PARAK GADANG TIMUR, PADANG TIMUR, KOTA PADANG, SUMATERA BARAT",12,22,191,213
https://kawalpemilu.org#13735,"PARAK GADANG TIMUR, PADANG TIMUR, KOTA PADANG, SUMATERA BARAT",13,24,179,203
https://kawalpemilu.org#13735,"PARAK GADANG TIMUR, PADANG TIMUR, KOTA PADANG, SUMATERA BARAT",14,35,189,224
https://kawalpemilu.org#13735,"PARAK GADANG TIMUR, PADANG TIMUR, KOTA PADANG, SUMATERA BARAT",15,22,173,195
https://kawalpemilu.org#13735,"PARAK GADANG TIMUR, PADANG TIMUR, KOTA PADANG, SUMATERA BARAT",16,35,167,202
https://kawalpemilu.org#13735,"PARAK GADANG TIMUR, PADANG TIMUR, KOTA PADANG, SUMATERA BARAT",17,35,103,138
https://kawalpemilu.org#13735,"PARAK GADANG TIMUR, PADANG TIMUR, KOTA PADANG, SUMATERA BARAT",18,17,171,188
https://kawalpemilu.org#13735,"PARAK GADANG TIMUR, PADANG TIMUR, KOTA PADANG, SUMATERA BARAT",19,19,157,176
https://kawalpemilu.org#13735,"PARAK GADANG TIMUR, PADANG TIMUR, KOTA PADANG, SUMATERA BARAT",20,18,121,139
https://kawalpemilu.org#13735,"PARAK GADANG TIMUR, PADANG TIMUR, KOTA PADANG, SUMATERA BARAT",21,49,136,185
https://kawalpemilu.org#13735,"PARAK GADANG TIMUR, PADANG TIMUR, KOTA PADANG, SUMATERA BARAT",22,24,140,164
https://kawalpemilu.org#13735,"PARAK GADANG TIMUR, PADANG TIMUR, KOTA PADANG, SUMATERA BARAT",23,16,159,175
https://kawalpemilu.org#13735,"PARAK GADANG TIMUR, PADANG TIMUR, KOTA PADANG, SUMATERA BARAT",24,22,152,174
https://kawalpemilu.org#13735,"PARAK GADANG TIMUR, PADANG TIMUR, KOTA PADANG, SUMATERA BARAT",25,14,158,172
https://kawalpemilu.org#13735,"PARAK GADANG TIMUR, PADANG TIMUR, KOTA PADANG, SUMATERA BARAT",26,29,184,213
https://kawalpemilu.org#13736,"GANTING PARAK GADANG, PADANG TIMUR, KOTA PADANG, SUMATERA BARAT",1,31,190,221
https://kawalpemilu.org#13736,"GANTING PARAK GADANG, PADANG TIMUR, KOTA PADANG, SUMATERA BARAT",2,63,165,228
https://kawalpemilu.org#13736,"GANTING PARAK GADANG, PADANG TIMUR, KOTA PADANG, SUMATERA BARAT",3,48,144,192
https://kawalpemilu.org#13736,"GANTING PARAK GADANG, PADANG TIMUR, KOTA PADANG, SUMATERA BARAT",4,73,89,162
https://kawalpemilu.org#13736,"GANTING PARAK GADANG, PADANG TIMUR, KOTA PADANG, SUMATERA BARAT",5,66,68,134
https://kawalpemilu.org#13736,"GANTING PARAK GADANG, PADANG TIMUR, KOTA PADANG, SUMATERA BARAT",6,26,158,184
https://kawalpemilu.org#13736,"GANTING PARAK GADANG, PADANG TIMUR, KOTA PADANG, SUMATERA BARAT",7,27,133,160
https://kawalpemilu.org#13736,"GANTING PARAK GADANG, PADANG TIMUR, KOTA PADANG, SUMATERA BARAT",8,32,136,168
https://kawalpemilu.org#13736,"GANTING PARAK GADANG, PADANG TIMUR, KOTA PADANG, SUMATERA BARAT",9,32,162,194
https://kawalpemilu.org#13736,"GANTING PARAK GADANG, PADANG TIMUR, KOTA PADANG, SUMATERA BARAT",10,15,166,181
https://kawalpemilu.org#13736,"GANTING PARAK GADANG, PADANG TIMUR, KOTA PADANG, SUMATERA BARAT",11,31,210,241
https://kawalpemilu.org#13736,"GANTING PARAK GADANG, PADANG TIMUR, KOTA PADANG, SUMATERA BARAT",12,35,220,255
https://kawalpemilu.org#13736,"GANTING PARAK GADANG, PADANG TIMUR, KOTA PADANG, SUMATERA BARAT",13,31,210,241
https://kawalpemilu.org#13736,"GANTING PARAK GADANG, PADANG TIMUR, KOTA PADANG, SUMATERA BARAT",14,38,167,205
https://kawalpemilu.org#13736,"GANTING PARAK GADANG, PADANG TIMUR, KOTA PADANG, SUMATERA BARAT",15,10,244,254
https://kawalpemilu.org#13736,"GANTING PARAK GADANG, PADANG TIMUR, KOTA PADANG, SUMATERA BARAT",16,28,204,232
https://kawalpemilu.org#13736,"GANTING PARAK GADANG, PADANG TIMUR, KOTA PADANG, SUMATERA BARAT",17,46,186,232
https://kawalpemilu.org#13736,"GANTING PARAK GADANG, PADANG TIMUR, KOTA PADANG, SUMATERA BARAT",18,66,156,222
https://kawalpemilu.org#13736,"GANTING PARAK GADANG, PADANG TIMUR, KOTA PADANG, SUMATERA BARAT",19,24,187,229
https://kawalpemilu.org#13736,"GANTING PARAK GADANG, PADANG TIMUR, KOTA PADANG, SUMATERA BARAT",20,29,172,201
https://kawalpemilu.org#13736,"GANTING PARAK GADANG, PADANG TIMUR, KOTA PADANG, SUMATERA BARAT",21,43,156,199
https://kawalpemilu.org#13736,"GANTING PARAK GADANG, PADANG TIMUR, KOTA PADANG, SUMATERA BARAT",22,26,136,162
https://kawalpemilu.org#13736,"GANTING PARAK GADANG, PADANG TIMUR, KOTA PADANG, SUMATERA BARAT",23,25,148,173
https://kawalpemilu.org#13738,"FLAMBOYAN BARU, PADANG BARAT, KOTA PADANG, SUMATERA BARAT",1,39,180,219
https://kawalpemilu.org#13738,"FLAMBOYAN BARU, PADANG BARAT, KOTA PADANG, SUMATERA BARAT",2,37,189,226
https://kawalpemilu.org#13738,"FLAMBOYAN BARU, PADANG BARAT, KOTA PADANG, SUMATERA BARAT",3,48,175,223
https://kawalpemilu.org#13738,"FLAMBOYAN BARU, PADANG BARAT, KOTA PADANG, SUMATERA BARAT",4,38,153,191
https://kawalpemilu.org#13738,"FLAMBOYAN BARU, PADANG BARAT, KOTA PADANG, SUMATERA BARAT",5,61,149,210
https://kawalpemilu.org#13738,"FLAMBOYAN BARU, PADANG BARAT, KOTA PADANG, SUMATERA BARAT",6,32,167,199
https://kawalpemilu.org#13738,"FLAMBOYAN BARU, PADANG BARAT, KOTA PADANG, SUMATERA BARAT",7,13,201,214
https://kawalpemilu.org#13738,"FLAMBOYAN BARU, PADANG BARAT, KOTA PADANG, SUMATERA BARAT",8,31,166,197
https://kawalpemilu.org#13738,"FLAMBOYAN BARU, PADANG BARAT, KOTA PADANG, SUMATERA BARAT",9,30,194,224
https://kawalpemilu.org#13738,"FLAMBOYAN BARU, PADANG BARAT, KOTA PADANG, SUMATERA BARAT",10,63,169,232
https://kawalpemilu.org#13739,"RIMBO KALUANG, PADANG BARAT, KOTA PADANG, SUMATERA BARAT",1,45,121,166
https://kawalpemilu.org#13739,"RIMBO KALUANG, PADANG BARAT, KOTA PADANG, SUMATERA BARAT",2,41,182,223
https://kawalpemilu.org#13739,"RIMBO KALUANG, PADANG BARAT, KOTA PADANG, SUMATERA BARAT",3,33,171,204
https://kawalpemilu.org#13739,"RIMBO KALUANG, PADANG BARAT, KOTA PADANG, SUMATERA BARAT",4,33,210,243
https://kawalpemilu.org#13739,"RIMBO KALUANG, PADANG BARAT, KOTA PADANG, SUMATERA BARAT",5,27,191,218
https://kawalpemilu.org#13739,"RIMBO KALUANG, PADANG BARAT, KOTA PADANG, SUMATERA BARAT",6,17,168,185
https://kawalpemilu.org#13739,"RIMBO KALUANG, PADANG BARAT, KOTA PADANG, SUMATERA BARAT",7,23,173,196
https://kawalpemilu.org#13739,"RIMBO KALUANG, PADANG BARAT, KOTA PADANG, SUMATERA BARAT",8,37,167,204
https://kawalpemilu.org#13739,"RIMBO KALUANG, PADANG BARAT, KOTA PADANG, SUMATERA BARAT",9,19,207,226
https://kawalpemilu.org#13739,"RIMBO KALUANG, PADANG BARAT, KOTA PADANG, SUMATERA BARAT",10,9,105,114
https://kawalpemilu.org#13740,"UJUNG GURUN, PADANG BARAT, KOTA PADANG, SUMATERA BARAT",1,32,133,165
https://kawalpemilu.org#13740,"UJUNG GURUN, PADANG BARAT, KOTA PADANG, SUMATERA BARAT",2,18,163,181
https://kawalpemilu.org#13740,"UJUNG GURUN, PADANG BARAT, KOTA PADANG, SUMATERA BARAT",3,28,132,160
https://kawalpemilu.org#13740,"UJUNG GURUN, PADANG BARAT, KOTA PADANG, SUMATERA BARAT",4,30,127,157
https://kawalpemilu.org#13740,"UJUNG GURUN, PADANG BARAT, KOTA PADANG, SUMATERA BARAT",5,26,114,140
https://kawalpemilu.org#13740,"UJUNG GURUN, PADANG BARAT, KOTA PADANG, SUMATERA BARAT",6,28,207,235
https://kawalpemilu.org#13740,"UJUNG GURUN, PADANG BARAT, KOTA PADANG, SUMATERA BARAT",7,58,140,198
https://kawalpemilu.org#13740,"UJUNG GURUN, PADANG BARAT, KOTA PADANG, SUMATERA BARAT",8,14,105,119
https://kawalpemilu.org#13740,"UJUNG GURUN, PADANG BARAT, KOTA PADANG, SUMATERA BARAT",9,44,179,223
https://kawalpemilu.org#13740,"UJUNG GURUN, PADANG BARAT, KOTA PADANG, SUMATERA BARAT",10,53,127,180
https://kawalpemilu.org#13740,"UJUNG GURUN, PADANG BARAT, KOTA PADANG, SUMATERA BARAT",11,37,154,191
https://kawalpemilu.org#13740,"UJUNG GURUN, PADANG BARAT, KOTA PADANG, SUMATERA BARAT",12,34,128,162
https://kawalpemilu.org#13740,"UJUNG GURUN, PADANG BARAT, KOTA PADANG, SUMATERA BARAT",13,23,123,146
https://kawalpemilu.org#13740,"UJUNG GURUN, PADANG BARAT, KOTA PADANG, SUMATERA BARAT",14,10,125,135
https://kawalpemilu.org#13741,"PURUS, PADANG BARAT, KOTA PADANG, SUMATERA BARAT",1,48,177,225
https://kawalpemilu.org#13741,"PURUS, PADANG BARAT, KOTA PADANG, SUMATERA BARAT",2,26,198,224
https://kawalpemilu.org#13741,"PURUS, PADANG BARAT, KOTA PADANG, SUMATERA BARAT",3,21,161,182
https://kawalpemilu.org#13741,"PURUS, PADANG BARAT, KOTA PADANG, SUMATERA BARAT",4,34,123,157
https://kawalpemilu.org#13741,"PURUS, PADANG BARAT, KOTA PADANG, SUMATERA BARAT",5,33,124,157
https://kawalpemilu.org#13741,"PURUS, PADANG BARAT, KOTA PADANG, SUMATERA BARAT",6,31,201,232
https://kawalpemilu.org#13741,"PURUS, PADANG BARAT, KOTA PADANG, SUMATERA BARAT",7,34,176,210
https://kawalpemilu.org#13741,"PURUS, PADANG BARAT, KOTA PADANG, SUMATERA BARAT",8,18,208,226
https://kawalpemilu.org#13741,"PURUS, PADANG BARAT, KOTA PADANG, SUMATERA BARAT",9,24,174,198
https://kawalpemilu.org#13741,"PURUS, PADANG BARAT, KOTA PADANG, SUMATERA BARAT",10,28,161,189
https://kawalpemilu.org#13741,"PURUS, PADANG BARAT, KOTA PADANG, SUMATERA BARAT",11,40,144,184
https://kawalpemilu.org#13741,"PURUS, PADANG BARAT, KOTA PADANG, SUMATERA BARAT",12,22,201,223
https://kawalpemilu.org#13741,"PURUS, PADANG BARAT, KOTA PADANG, SUMATERA BARAT",13,46,166,212
https://kawalpemilu.org#13741,"PURUS, PADANG BARAT, KOTA PADANG, SUMATERA BARAT",14,43,172,215
https://kawalpemilu.org#13741,"PURUS, PADANG BARAT, KOTA PADANG, SUMATERA BARAT",15,36,172,208
https://kawalpemilu.org#13741,"PURUS, PADANG BARAT, KOTA PADANG, SUMATERA BARAT",16,23,149,172
https://kawalpemilu.org#13741,"PURUS, PADANG BARAT, KOTA PADANG, SUMATERA BARAT",17,13,121,134
https://kawalpemilu.org#13741,"PURUS, PADANG BARAT, KOTA PADANG, SUMATERA BARAT",18,16,153,169
https://kawalpemilu.org#13741,"PURUS, PADANG BARAT, KOTA PADANG, SUMATERA BARAT",19,25,134,159
https://kawalpemilu.org#13742,"PADANG PASIR, PADANG BARAT, KOTA PADANG, SUMATERA BARAT",1,26,130,156
https://kawalpemilu.org#13742,"PADANG PASIR, PADANG BARAT, KOTA PADANG, SUMATERA BARAT",2,30,161,191
https://kawalpemilu.org#13742,"PADANG PASIR, PADANG BARAT, KOTA PADANG, SUMATERA BARAT",3,31,180,211
https://kawalpemilu.org#13742,"PADANG PASIR, PADANG BARAT, KOTA PADANG, SUMATERA BARAT",4,40,170,210
https://kawalpemilu.org#13742,"PADANG PASIR, PADANG BARAT, KOTA PADANG, SUMATERA BARAT",5,24,174,198
https://kawalpemilu.org#13742,"PADANG PASIR, PADANG BARAT, KOTA PADANG, SUMATERA BARAT",6,22,165,187
https://kawalpemilu.org#13742,"PADANG PASIR, PADANG BARAT, KOTA PADANG, SUMATERA BARAT",7,21,170,191
https://kawalpemilu.org#13742,"PADANG PASIR, PADANG BARAT, KOTA PADANG, SUMATERA BARAT",8,23,129,152
https://kawalpemilu.org#13742,"PADANG PASIR, PADANG BARAT, KOTA PADANG, SUMATERA BARAT",9,53,115,168
https://kawalpemilu.org#13742,"PADANG PASIR, PADANG BARAT, KOTA PADANG, SUMATERA BARAT",10,31,150,181
https://kawalpemilu.org#13742,"PADANG PASIR, PADANG BARAT, KOTA PADANG, SUMATERA BARAT",11,31,169,200
https://kawalpemilu.org#13742,"PADANG PASIR, PADANG BARAT, KOTA PADANG, SUMATERA BARAT",12,11,73,84
https://kawalpemilu.org#13743,"OLO, PADANG BARAT, KOTA PADANG, SUMATERA BARAT",1,32,161,193
https://kawalpemilu.org#13743,"OLO, PADANG BARAT, KOTA PADANG, SUMATERA BARAT",2,20,175,195
https://kawalpemilu.org#13743,"OLO, PADANG BARAT, KOTA PADANG, SUMATERA BARAT",3,26,166,192
https://kawalpemilu.org#13743,"OLO, PADANG BARAT, KOTA PADANG, SUMATERA BARAT",4,20,139,159
https://kawalpemilu.org#13743,"OLO, PADANG BARAT, KOTA PADANG, SUMATERA BARAT",5,40,144,184
https://kawalpemilu.org#13743,"OLO, PADANG BARAT, KOTA PADANG, SUMATERA BARAT",6,34,149,183
https://kawalpemilu.org#13743,"OLO, PADANG BARAT, KOTA PADANG, SUMATERA BARAT",7,23,188,211
https://kawalpemilu.org#13743,"OLO, PADANG BARAT, KOTA PADANG, SUMATERA BARAT",8,40,175,215
https://kawalpemilu.org#13743,"OLO, PADANG BARAT, KOTA PADANG, SUMATERA BARAT",9,59,168,227
https://kawalpemilu.org#13743,"OLO, PADANG BARAT, KOTA PADANG, SUMATERA BARAT",10,35,151,186
https://kawalpemilu.org#13743,"OLO, PADANG BARAT, KOTA PADANG, SUMATERA BARAT",11,63,124,187
https://kawalpemilu.org#13743,"OLO, PADANG BARAT, KOTA PADANG, SUMATERA BARAT",12,57,157,214
https://kawalpemilu.org#13743,"OLO, PADANG BARAT, KOTA PADANG, SUMATERA BARAT",13,59,142,201
https://kawalpemilu.org#13743,"OLO, PADANG BARAT, KOTA PADANG, SUMATERA BARAT",14,15,128,143
https://kawalpemilu.org#13744,"KAMPUNG JAWA, PADANG BARAT, KOTA PADANG, SUMATERA BARAT",1,58,150,208
https://kawalpemilu.org#13744,"KAMPUNG JAWA, PADANG BARAT, KOTA PADANG, SUMATERA BARAT",2,136,81,217
https://kawalpemilu.org#13744,"KAMPUNG JAWA, PADANG BARAT, KOTA PADANG, SUMATERA BARAT",3,54,81,135
https://kawalpemilu.org#13744,"KAMPUNG JAWA, PADANG BARAT, KOTA PADANG, SUMATERA BARAT",4,27,114,141
https://kawalpemilu.org#13744,"KAMPUNG JAWA, PADANG BARAT, KOTA PADANG, SUMATERA BARAT",5,18,179,197
https://kawalpemilu.org#13744,"KAMPUNG JAWA, PADANG BARAT, KOTA PADANG, SUMATERA BARAT",6,36,140,176
https://kawalpemilu.org#13744,"KAMPUNG JAWA, PADANG BARAT, KOTA PADANG, SUMATERA BARAT",7,62,151,213
https://kawalpemilu.org#13744,"KAMPUNG JAWA, PADANG BARAT, KOTA PADANG, SUMATERA BARAT",8,46,194,240
https://kawalpemilu.org#13744,"KAMPUNG JAWA, PADANG BARAT, KOTA PADANG, SUMATERA BARAT",9,54,126,180
https://kawalpemilu.org#13744,"KAMPUNG JAWA, PADANG BARAT, KOTA PADANG, SUMATERA BARAT",10,37,61,98
https://kawalpemilu.org#13744,"KAMPUNG JAWA, PADANG BARAT, KOTA PADANG, SUMATERA BARAT",11,25,98,123
https://kawalpemilu.org#13745,"BELAKANG TANGSI, PADANG BARAT, KOTA PADANG, SUMATERA BARAT",2,106,71,177
https://kawalpemilu.org#13745,"BELAKANG TANGSI, PADANG BARAT, KOTA PADANG, SUMATERA BARAT",3,44,124,168
https://kawalpemilu.org#13745,"BELAKANG TANGSI, PADANG BARAT, KOTA PADANG, SUMATERA BARAT",4,74,97,171
https://kawalpemilu.org#13745,"BELAKANG TANGSI, PADANG BARAT, KOTA PADANG, SUMATERA BARAT",5,111,46,157
https://kawalpemilu.org#13745,"BELAKANG TANGSI, PADANG BARAT, KOTA PADANG, SUMATERA BARAT",6,143,22,165
https://kawalpemilu.org#13745,"BELAKANG TANGSI, PADANG BARAT, KOTA PADANG, SUMATERA BARAT",7,99,79,178
https://kawalpemilu.org#13745,"BELAKANG TANGSI, PADANG BARAT, KOTA PADANG, SUMATERA BARAT",8,138,19,197
https://kawalpemilu.org#13746,"KAMPUNG PONDOK, PADANG BARAT, KOTA PADANG, SUMATERA BARAT",1,135,59,194
https://kawalpemilu.org#13746,"KAMPUNG PONDOK, PADANG BARAT, KOTA PADANG, SUMATERA BARAT",2,82,115,197
https://kawalpemilu.org#13746,"KAMPUNG PONDOK, PADANG BARAT, KOTA PADANG, SUMATERA BARAT",3,180,7,187
https://kawalpemilu.org#13746,"KAMPUNG PONDOK, PADANG BARAT, KOTA PADANG, SUMATERA BARAT",4,177,8,185
https://kawalpemilu.org#13746,"KAMPUNG PONDOK, PADANG BARAT, KOTA PADANG, SUMATERA BARAT",5,190,11,201
https://kawalpemilu.org#13746,"KAMPUNG PONDOK, PADANG BARAT, KOTA PADANG, SUMATERA BARAT",6,175,18,193
https://kawalpemilu.org#13746,"KAMPUNG PONDOK, PADANG BARAT, KOTA PADANG, SUMATERA BARAT",7,116,41,157
https://kawalpemilu.org#13746,"KAMPUNG PONDOK, PADANG BARAT, KOTA PADANG, SUMATERA BARAT",8,100,57,157
https://kawalpemilu.org#13746,"KAMPUNG PONDOK, PADANG BARAT, KOTA PADANG, SUMATERA BARAT",9,128,89,217
https://kawalpemilu.org#13746,"KAMPUNG PONDOK, PADANG BARAT, KOTA PADANG, SUMATERA BARAT",10,153,64,217
https://kawalpemilu.org#13746,"KAMPUNG PONDOK, PADANG BARAT, KOTA PADANG, SUMATERA BARAT",11,134,86,220
https://kawalpemilu.org#13746,"KAMPUNG PONDOK, PADANG BARAT, KOTA PADANG, SUMATERA BARAT",12,149,14,163
https://kawalpemilu.org#13746,"KAMPUNG PONDOK, PADANG BARAT, KOTA PADANG, SUMATERA BARAT",13,132,17,149
https://kawalpemilu.org#13747,"BEROK NIPAH, PADANG BARAT, KOTA PADANG, SUMATERA BARAT",1,97,131,228
https://kawalpemilu.org#13747,"BEROK NIPAH, PADANG BARAT, KOTA PADANG, SUMATERA BARAT",2,32,176,208
https://kawalpemilu.org#13747,"BEROK NIPAH, PADANG BARAT, KOTA PADANG, SUMATERA BARAT",3,20,179,199
https://kawalpemilu.org#13747,"BEROK NIPAH, PADANG BARAT, KOTA PADANG, SUMATERA BARAT",4,69,109,178
https://kawalpemilu.org#13747,"BEROK NIPAH, PADANG BARAT, KOTA PADANG, SUMATERA BARAT",5,69,115,184
https://kawalpemilu.org#13747,"BEROK NIPAH, PADANG BARAT, KOTA PADANG, SUMATERA BARAT",6,55,117,172
https://kawalpemilu.org#13747,"BEROK NIPAH, PADANG BARAT, KOTA PADANG, SUMATERA BARAT",7,63,133,196
https://kawalpemilu.org#13747,"BEROK NIPAH, PADANG BARAT, KOTA PADANG, SUMATERA BARAT",8,118,95,213
https://kawalpemilu.org#13747,"BEROK NIPAH, PADANG BARAT, KOTA PADANG, SUMATERA BARAT",9,118,100,218
https://kawalpemilu.org#13747,"BEROK NIPAH, PADANG BARAT, KOTA PADANG, SUMATERA BARAT",10,145,68,213
https://kawalpemilu.org#13747,"BEROK NIPAH, PADANG BARAT, KOTA PADANG, SUMATERA BARAT",11,117,55,172
https://kawalpemilu.org#13747,"BEROK NIPAH, PADANG BARAT, KOTA PADANG, SUMATERA BARAT",12,117,45,162
https://kawalpemilu.org#13747,"BEROK NIPAH, PADANG BARAT, KOTA PADANG, SUMATERA BARAT",13,16,162,178
https://kawalpemilu.org#13747,"BEROK NIPAH, PADANG BARAT, KOTA PADANG, SUMATERA BARAT",14,13,94,107
https://kawalpemilu.org#13749,"AIR TAWAR TIMUR, PADANG UTARA, KOTA PADANG, SUMATERA BARAT",1,20,147,167
https://kawalpemilu.org#13749,"AIR TAWAR TIMUR, PADANG UTARA, KOTA PADANG, SUMATERA BARAT",2,23,161,184
https://kawalpemilu.org#13749,"AIR TAWAR TIMUR, PADANG UTARA, KOTA PADANG, SUMATERA BARAT",3,26,155,181
https://kawalpemilu.org#13749,"AIR TAWAR TIMUR, PADANG UTARA, KOTA PADANG, SUMATERA BARAT",4,22,177,199
https://kawalpemilu.org#13749,"AIR TAWAR TIMUR, PADANG UTARA, KOTA PADANG, SUMATERA BARAT",5,12,175,187
https://kawalpemilu.org#13749,"AIR TAWAR TIMUR, PADANG UTARA, KOTA PADANG, SUMATERA BARAT",6,36,142,178
https://kawalpemilu.org#13749,"AIR TAWAR TIMUR, PADANG UTARA, KOTA PADANG, SUMATERA BARAT",7,20,210,230
https://kawalpemilu.org#13750,"AIR TAWAR BARAT, PADANG UTARA, KOTA PADANG, SUMATERA BARAT",1,41,174,215
https://kawalpemilu.org#13750,"AIR TAWAR BARAT, PADANG UTARA, KOTA PADANG, SUMATERA BARAT",2,25,190,215
https://kawalpemilu.org#13750,"AIR TAWAR BARAT, PADANG UTARA, KOTA PADANG, SUMATERA BARAT",3,34,181,215
https://kawalpemilu.org#13750,"AIR TAWAR BARAT, PADANG UTARA, KOTA PADANG, SUMATERA BARAT",4,29,176,205
https://kawalpemilu.org#13750,"AIR TAWAR BARAT, PADANG UTARA, KOTA PADANG, SUMATERA BARAT",5,44,179,223
https://kawalpemilu.org#13750,"AIR TAWAR BARAT, PADANG UTARA, KOTA PADANG, SUMATERA BARAT",6,36,175,211
https://kawalpemilu.org#13750,"AIR TAWAR BARAT, PADANG UTARA, KOTA PADANG, SUMATERA BARAT",8,42,155,197
https://kawalpemilu.org#13750,"AIR TAWAR BARAT, PADANG UTARA, KOTA PADANG, SUMATERA BARAT",9,27,166,193
https://kawalpemilu.org#13750,"AIR TAWAR BARAT, PADANG UTARA, KOTA PADANG, SUMATERA BARAT",10,21,178,199
https://kawalpemilu.org#13750,"AIR TAWAR BARAT, PADANG UTARA, KOTA PADANG, SUMATERA BARAT",11,18,180,198
https://kawalpemilu.org#13750,"AIR TAWAR BARAT, PADANG UTARA, KOTA PADANG, SUMATERA BARAT",12,28,177,205
https://kawalpemilu.org#13750,"AIR TAWAR BARAT, PADANG UTARA, KOTA PADANG, SUMATERA BARAT",13,47,165,212
https://kawalpemilu.org#13750,"AIR TAWAR BARAT, PADANG UTARA, KOTA PADANG, SUMATERA BARAT",14,42,171,213
https://kawalpemilu.org#13750,"AIR TAWAR BARAT, PADANG UTARA, KOTA PADANG, SUMATERA BARAT",15,34,182,216
https://kawalpemilu.org#13750,"AIR TAWAR BARAT, PADANG UTARA, KOTA PADANG, SUMATERA BARAT",16,30,140,170
https://kawalpemilu.org#13750,"AIR TAWAR BARAT, PADANG UTARA, KOTA PADANG, SUMATERA BARAT",17,23,155,178
https://kawalpemilu.org#13750,"AIR TAWAR BARAT, PADANG UTARA, KOTA PADANG, SUMATERA BARAT",18,30,156,186
https://kawalpemilu.org#13750,"AIR TAWAR BARAT, PADANG UTARA, KOTA PADANG, SUMATERA BARAT",19,31,178,209
https://kawalpemilu.org#13750,"AIR TAWAR BARAT, PADANG UTARA, KOTA PADANG, SUMATERA BARAT",20,44,146,190
https://kawalpemilu.org#13750,"AIR TAWAR BARAT, PADANG UTARA, KOTA PADANG, SUMATERA BARAT",21,28,160,188
https://kawalpemilu.org#13750,"AIR TAWAR BARAT, PADANG UTARA, KOTA PADANG, SUMATERA BARAT",22,23,212,235
https://kawalpemilu.org#13750,"AIR TAWAR BARAT, PADANG UTARA, KOTA PADANG, SUMATERA BARAT",23,31,161,192
https://kawalpemilu.org#13750,"AIR TAWAR BARAT, PADANG UTARA, KOTA PADANG, SUMATERA BARAT",24,21,160,181
https://kawalpemilu.org#13750,"AIR TAWAR BARAT, PADANG UTARA, KOTA PADANG, SUMATERA BARAT",25,27,132,159
https://kawalpemilu.org#13750,"AIR TAWAR BARAT, PADANG UTARA, KOTA PADANG, SUMATERA BARAT",26,10,119,129
https://kawalpemilu.org#13750,"AIR TAWAR BARAT, PADANG UTARA, KOTA PADANG, SUMATERA BARAT",27,17,82,99
https://kawalpemilu.org#13750,"AIR TAWAR BARAT, PADANG UTARA, KOTA PADANG, SUMATERA BARAT",29,9,113,122
https://kawalpemilu.org#13750,"AIR TAWAR BARAT, PADANG UTARA, KOTA PADANG, SUMATERA BARAT",30,23,110,133
https://kawalpemilu.org#13750,"AIR TAWAR BARAT, PADANG UTARA, KOTA PADANG, SUMATERA BARAT",31,8,79,87
https://kawalpemilu.org#13750,"AIR TAWAR BARAT, PADANG UTARA, KOTA PADANG, SUMATERA BARAT",32,15,117,132
https://kawalpemilu.org#13751,"ULAK KARANG UTARA, PADANG UTARA, KOTA PADANG, SUMATERA BARAT",1,18,181,199
https://kawalpemilu.org#13751,"ULAK KARANG UTARA, PADANG UTARA, KOTA PADANG, SUMATERA BARAT",2,24,159,183
https://kawalpemilu.org#13751,"ULAK KARANG UTARA, PADANG UTARA, KOTA PADANG, SUMATERA BARAT",3,37,158,195
https://kawalpemilu.org#13751,"ULAK KARANG UTARA, PADANG UTARA, KOTA PADANG, SUMATERA BARAT",4,33,133,166
https://kawalpemilu.org#13751,"ULAK KARANG UTARA, PADANG UTARA, KOTA PADANG, SUMATERA BARAT",5,38,133,171
https://kawalpemilu.org#13751,"ULAK KARANG UTARA, PADANG UTARA, KOTA PADANG, SUMATERA BARAT",6,9,106,115
https://kawalpemilu.org#13751,"ULAK KARANG UTARA, PADANG UTARA, KOTA PADANG, SUMATERA BARAT",7,39,179,218
https://kawalpemilu.org#13751,"ULAK KARANG UTARA, PADANG UTARA, KOTA PADANG, SUMATERA BARAT",8,21,139,160
https://kawalpemilu.org#13751,"ULAK KARANG UTARA, PADANG UTARA, KOTA PADANG, SUMATERA BARAT",9,34,152,186
https://kawalpemilu.org#13751,"ULAK KARANG UTARA, PADANG UTARA, KOTA PADANG, SUMATERA BARAT",10,34,128,162
https://kawalpemilu.org#13751,"ULAK KARANG UTARA, PADANG UTARA, KOTA PADANG, SUMATERA BARAT",11,31,147,178
https://kawalpemilu.org#13751,"ULAK KARANG UTARA, PADANG UTARA, KOTA PADANG, SUMATERA BARAT",12,15,121,136
https://kawalpemilu.org#13751,"ULAK KARANG UTARA, PADANG UTARA, KOTA PADANG, SUMATERA BARAT",13,17,145,162
https://kawalpemilu.org#13752,"ULAK KARANG SELATAN, PADANG UTARA, KOTA PADANG, SUMATERA BARAT",1,45,159,204
https://kawalpemilu.org#13752,"ULAK KARANG SELATAN, PADANG UTARA, KOTA PADANG, SUMATERA BARAT",2,16,83,99
https://kawalpemilu.org#13752,"ULAK KARANG SELATAN, PADANG UTARA, KOTA PADANG, SUMATERA BARAT",3,30,147,177
https://kawalpemilu.org#13752,"ULAK KARANG SELATAN, PADANG UTARA, KOTA PADANG, SUMATERA BARAT",4,27,140,167
https://kawalpemilu.org#13752,"ULAK KARANG SELATAN, PADANG UTARA, KOTA PADANG, SUMATERA BARAT",5,31,155,186
https://kawalpemilu.org#13752,"ULAK KARANG SELATAN, PADANG UTARA, KOTA PADANG, SUMATERA BARAT",6,24,154,178
https://kawalpemilu.org#13752,"ULAK KARANG SELATAN, PADANG UTARA, KOTA PADANG, SUMATERA BARAT",7,18,123,141
https://kawalpemilu.org#13752,"ULAK KARANG SELATAN, PADANG UTARA, KOTA PADANG, SUMATERA BARAT",8,13,134,147
https://kawalpemilu.org#13752,"ULAK KARANG SELATAN, PADANG UTARA, KOTA PADANG, SUMATERA BARAT",9,30,141,171
https://kawalpemilu.org#13752,"ULAK KARANG SELATAN, PADANG UTARA, KOTA PADANG, SUMATERA BARAT",10,12,118,130
https://kawalpemilu.org#13752,"ULAK KARANG SELATAN, PADANG UTARA, KOTA PADANG, SUMATERA BARAT",11,38,100,138
https://kawalpemilu.org#13752,"ULAK KARANG SELATAN, PADANG UTARA, KOTA PADANG, SUMATERA BARAT",12,18,122,140
https://kawalpemilu.org#13752,"ULAK KARANG SELATAN, PADANG UTARA, KOTA PADANG, SUMATERA BARAT",13,22,119,141
https://kawalpemilu.org#13752,"ULAK KARANG SELATAN, PADANG UTARA, KOTA PADANG, SUMATERA BARAT",14,22,122,144
https://kawalpemilu.org#13752,"ULAK KARANG SELATAN, PADANG UTARA, KOTA PADANG, SUMATERA BARAT",15,25,161,186
https://kawalpemilu.org#13752,"ULAK KARANG SELATAN, PADANG UTARA, KOTA PADANG, SUMATERA BARAT",16,26,145,171
https://kawalpemilu.org#13752,"ULAK KARANG SELATAN, PADANG UTARA, KOTA PADANG, SUMATERA BARAT",17,27,151,178
https://kawalpemilu.org#13752,"ULAK KARANG SELATAN, PADANG UTARA, KOTA PADANG, SUMATERA BARAT",18,27,172,199
https://kawalpemilu.org#13752,"ULAK KARANG SELATAN, PADANG UTARA, KOTA PADANG, SUMATERA BARAT",19,52,151,203
https://kawalpemilu.org#13752,"ULAK KARANG SELATAN, PADANG UTARA, KOTA PADANG, SUMATERA BARAT",20,15,151,166
https://kawalpemilu.org#13752,"ULAK KARANG SELATAN, PADANG UTARA, KOTA PADANG, SUMATERA BARAT",21,10,154,264
https://kawalpemilu.org#13752,"ULAK KARANG SELATAN, PADANG UTARA, KOTA PADANG, SUMATERA BARAT",22,27,148,175
https://kawalpemilu.org#13752,"ULAK KARANG SELATAN, PADANG UTARA, KOTA PADANG, SUMATERA BARAT",23,19,182,201
https://kawalpemilu.org#13752,"ULAK KARANG SELATAN, PADANG UTARA, KOTA PADANG, SUMATERA BARAT",24,23,118,141
https://kawalpemilu.org#13752,"ULAK KARANG SELATAN, PADANG UTARA, KOTA PADANG, SUMATERA BARAT",25,12,119,131
https://kawalpemilu.org#13752,"ULAK KARANG SELATAN, PADANG UTARA, KOTA PADANG, SUMATERA BARAT",26,21,134,155
https://kawalpemilu.org#13752,"ULAK KARANG SELATAN, PADANG UTARA, KOTA PADANG, SUMATERA BARAT",27,16,112,128
https://kawalpemilu.org#13752,"ULAK KARANG SELATAN, PADANG UTARA, KOTA PADANG, SUMATERA BARAT",28,18,121,139
https://kawalpemilu.org#13752,"ULAK KARANG SELATAN, PADANG UTARA, KOTA PADANG, SUMATERA BARAT",29,29,123,152
https://kawalpemilu.org#13752,"ULAK KARANG SELATAN, PADANG UTARA, KOTA PADANG, SUMATERA BARAT",30,20,132,152
https://kawalpemilu.org#13753,"LOLONG BELANTI, PADANG UTARA, KOTA PADANG, SUMATERA BARAT",1,35,129,164
https://kawalpemilu.org#13753,"LOLONG BELANTI, PADANG UTARA, KOTA PADANG, SUMATERA BARAT",2,17,119,136
https://kawalpemilu.org#13753,"LOLONG BELANTI, PADANG UTARA, KOTA PADANG, SUMATERA BARAT",3,23,134,157
https://kawalpemilu.org#13753,"LOLONG BELANTI, PADANG UTARA, KOTA PADANG, SUMATERA BARAT",4,13,168,181
https://kawalpemilu.org#13753,"LOLONG BELANTI, PADANG UTARA, KOTA PADANG, SUMATERA BARAT",5,32,146,178
https://kawalpemilu.org#13753,"LOLONG BELANTI, PADANG UTARA, KOTA PADANG, SUMATERA BARAT",6,19,156,175
https://kawalpemilu.org#13753,"LOLONG BELANTI, PADANG UTARA, KOTA PADANG, SUMATERA BARAT",7,37,152,189
https://kawalpemilu.org#13753,"LOLONG BELANTI, PADANG UTARA, KOTA PADANG, SUMATERA BARAT",8,33,140,173
https://kawalpemilu.org#13753,"LOLONG BELANTI, PADANG UTARA, KOTA PADANG, SUMATERA BARAT",9,18,167,185
https://kawalpemilu.org#13753,"LOLONG BELANTI, PADANG UTARA, KOTA PADANG, SUMATERA BARAT",10,18,166,184
https://kawalpemilu.org#13753,"LOLONG BELANTI, PADANG UTARA, KOTA PADANG, SUMATERA BARAT",11,10,154,164
https://kawalpemilu.org#13753,"LOLONG BELANTI, PADANG UTARA, KOTA PADANG, SUMATERA BARAT",12,21,174,195
https://kawalpemilu.org#13753,"LOLONG BELANTI, PADANG UTARA, KOTA PADANG, SUMATERA BARAT",13,11,169,180
https://kawalpemilu.org#13753,"LOLONG BELANTI, PADANG UTARA, KOTA PADANG, SUMATERA BARAT",14,23,120,143
https://kawalpemilu.org#13753,"LOLONG BELANTI, PADANG UTARA, KOTA PADANG, SUMATERA BARAT",15,23,163,186
https://kawalpemilu.org#13753,"LOLONG BELANTI, PADANG UTARA, KOTA PADANG, SUMATERA BARAT",16,11,157,168
https://kawalpemilu.org#13753,"LOLONG BELANTI, PADANG UTARA, KOTA PADANG, SUMATERA BARAT",17,14,182,196
https://kawalpemilu.org#13753,"LOLONG BELANTI, PADANG UTARA, KOTA PADANG, SUMATERA BARAT",19,19,127,146
https://kawalpemilu.org#13753,"LOLONG BELANTI, PADANG UTARA, KOTA PADANG, SUMATERA BARAT",20,18,143,161
https://kawalpemilu.org#13753,"LOLONG BELANTI, PADANG UTARA, KOTA PADANG, SUMATERA BARAT",21,19,119,138
https://kawalpemilu.org#13753,"LOLONG BELANTI, PADANG UTARA, KOTA PADANG, SUMATERA BARAT",22,27,174,201
https://kawalpemilu.org#13753,"LOLONG BELANTI, PADANG UTARA, KOTA PADANG, SUMATERA BARAT",23,17,164,181
https://kawalpemilu.org#13753,"LOLONG BELANTI, PADANG UTARA, KOTA PADANG, SUMATERA BARAT",24,22,182,204
https://kawalpemilu.org#13753,"LOLONG BELANTI, PADANG UTARA, KOTA PADANG, SUMATERA BARAT",25,11,143,154
https://kawalpemilu.org#13754,"ALAI PARAK KOPI, PADANG UTARA, KOTA PADANG, SUMATERA BARAT",1,29,180,209
https://kawalpemilu.org#13754,"ALAI PARAK KOPI, PADANG UTARA, KOTA PADANG, SUMATERA BARAT",2,31,131,162
https://kawalpemilu.org#13754,"ALAI PARAK KOPI, PADANG UTARA, KOTA PADANG, SUMATERA BARAT",3,25,145,170
https://kawalpemilu.org#13754,"ALAI PARAK KOPI, PADANG UTARA, KOTA PADANG, SUMATERA BARAT",4,21,152,173
https://kawalpemilu.org#13754,"ALAI PARAK KOPI, PADANG UTARA, KOTA PADANG, SUMATERA BARAT",5,38,207,245
https://kawalpemilu.org#13754,"ALAI PARAK KOPI, PADANG UTARA, KOTA PADANG, SUMATERA BARAT",6,32,158,190
https://kawalpemilu.org#13754,"ALAI PARAK KOPI, PADANG UTARA, KOTA PADANG, SUMATERA BARAT",7,56,128,184
https://kawalpemilu.org#13754,"ALAI PARAK KOPI, PADANG UTARA, KOTA PADANG, SUMATERA BARAT",8,51,152,203
https://kawalpemilu.org#13754,"ALAI PARAK KOPI, PADANG UTARA, KOTA PADANG, SUMATERA BARAT",9,12,132,144
https://kawalpemilu.org#13754,"ALAI PARAK KOPI, PADANG UTARA, KOTA PADANG, SUMATERA BARAT",10,17,179,196
https://kawalpemilu.org#13754,"ALAI PARAK KOPI, PADANG UTARA, KOTA PADANG, SUMATERA BARAT",11,22,160,182
https://kawalpemilu.org#13754,"ALAI PARAK KOPI, PADANG UTARA, KOTA PADANG, SUMATERA BARAT",12,29,123,152
https://kawalpemilu.org#13754,"ALAI PARAK KOPI, PADANG UTARA, KOTA PADANG, SUMATERA BARAT",13,43,134,177
https://kawalpemilu.org#13754,"ALAI PARAK KOPI, PADANG UTARA, KOTA PADANG, SUMATERA BARAT",14,32,154,186
https://kawalpemilu.org#13754,"ALAI PARAK KOPI, PADANG UTARA, KOTA PADANG, SUMATERA BARAT",15,22,142,164
https://kawalpemilu.org#13754,"ALAI PARAK KOPI, PADANG UTARA, KOTA PADANG, SUMATERA BARAT",16,33,161,194
https://kawalpemilu.org#13754,"ALAI PARAK KOPI, PADANG UTARA, KOTA PADANG, SUMATERA BARAT",17,15,158,173
https://kawalpemilu.org#13754,"ALAI PARAK KOPI, PADANG UTARA, KOTA PADANG, SUMATERA BARAT",18,27,171,198
https://kawalpemilu.org#13754,"ALAI PARAK KOPI, PADANG UTARA, KOTA PADANG, SUMATERA BARAT",19,12,132,144
https://kawalpemilu.org#13754,"ALAI PARAK KOPI, PADANG UTARA, KOTA PADANG, SUMATERA BARAT",20,27,186,213
https://kawalpemilu.org#13754,"ALAI PARAK KOPI, PADANG UTARA, KOTA PADANG, SUMATERA BARAT",21,26,158,184
https://kawalpemilu.org#13754,"ALAI PARAK KOPI, PADANG UTARA, KOTA PADANG, SUMATERA BARAT",22,31,195,226
https://kawalpemilu.org#13754,"ALAI PARAK KOPI, PADANG UTARA, KOTA PADANG, SUMATERA BARAT",23,13,124,137
https://kawalpemilu.org#13754,"ALAI PARAK KOPI, PADANG UTARA, KOTA PADANG, SUMATERA BARAT",24,12,149,161
https://kawalpemilu.org#13754,"ALAI PARAK KOPI, PADANG UTARA, KOTA PADANG, SUMATERA BARAT",25,11,150,161
https://kawalpemilu.org#13754,"ALAI PARAK KOPI, PADANG UTARA, KOTA PADANG, SUMATERA BARAT",26,35,98,133
https://kawalpemilu.org#13754,"ALAI PARAK KOPI, PADANG UTARA, KOTA PADANG, SUMATERA BARAT",27,14,151,165
https://kawalpemilu.org#13754,"ALAI PARAK KOPI, PADANG UTARA, KOTA PADANG, SUMATERA BARAT",28,30,98,128
https://kawalpemilu.org#13754,"ALAI PARAK KOPI, PADANG UTARA, KOTA PADANG, SUMATERA BARAT",29,18,128,146
https://kawalpemilu.org#13754,"ALAI PARAK KOPI, PADANG UTARA, KOTA PADANG, SUMATERA BARAT",30,35,147,182
https://kawalpemilu.org#13754,"ALAI PARAK KOPI, PADANG UTARA, KOTA PADANG, SUMATERA BARAT",31,50,148,198
https://kawalpemilu.org#13754,"ALAI PARAK KOPI, PADANG UTARA, KOTA PADANG, SUMATERA BARAT",32,14,103,117
https://kawalpemilu.org#13754,"ALAI PARAK KOPI, PADANG UTARA, KOTA PADANG, SUMATERA BARAT",33,14,196,210
https://kawalpemilu.org#13754,"ALAI PARAK KOPI, PADANG UTARA, KOTA PADANG, SUMATERA BARAT",34,24,130,154
https://kawalpemilu.org#13754,"ALAI PARAK KOPI, PADANG UTARA, KOTA PADANG, SUMATERA BARAT",35,15,151,166
https://kawalpemilu.org#13754,"ALAI PARAK KOPI, PADANG UTARA, KOTA PADANG, SUMATERA BARAT",36,16,159,175
https://kawalpemilu.org#13754,"ALAI PARAK KOPI, PADANG UTARA, KOTA PADANG, SUMATERA BARAT",37,30,149,179
https://kawalpemilu.org#13754,"ALAI PARAK KOPI, PADANG UTARA, KOTA PADANG, SUMATERA BARAT",38,18,132,150
https://kawalpemilu.org#13754,"ALAI PARAK KOPI, PADANG UTARA, KOTA PADANG, SUMATERA BARAT",39,31,126,157
https://kawalpemilu.org#13755,"GUNUNG PANGILUN, PADANG UTARA, KOTA PADANG, SUMATERA BARAT",1,21,134,155
https://kawalpemilu.org#13755,"GUNUNG PANGILUN, PADANG UTARA, KOTA PADANG, SUMATERA BARAT",2,28,152,180
https://kawalpemilu.org#13755,"GUNUNG PANGILUN, PADANG UTARA, KOTA PADANG, SUMATERA BARAT",4,8,157,165
https://kawalpemilu.org#13755,"GUNUNG PANGILUN, PADANG UTARA, KOTA PADANG, SUMATERA BARAT",5,42,128,170
https://kawalpemilu.org#13755,"GUNUNG PANGILUN, PADANG UTARA, KOTA PADANG, SUMATERA BARAT",6,23,137,160
https://kawalpemilu.org#13755,"GUNUNG PANGILUN, PADANG UTARA, KOTA PADANG, SUMATERA BARAT",7,22,151,173
https://kawalpemilu.org#13755,"GUNUNG PANGILUN, PADANG UTARA, KOTA PADANG, SUMATERA BARAT",8,13,136,149
https://kawalpemilu.org#13755,"GUNUNG PANGILUN, PADANG UTARA, KOTA PADANG, SUMATERA BARAT",9,1,154,171
https://kawalpemilu.org#13755,"GUNUNG PANGILUN, PADANG UTARA, KOTA PADANG, SUMATERA BARAT",10,17,154,171
https://kawalpemilu.org#13755,"GUNUNG PANGILUN, PADANG UTARA, KOTA PADANG, SUMATERA BARAT",11,21,167,188
https://kawalpemilu.org#13755,"GUNUNG PANGILUN, PADANG UTARA, KOTA PADANG, SUMATERA BARAT",12,20,144,164
https://kawalpemilu.org#13755,"GUNUNG PANGILUN, PADANG UTARA, KOTA PADANG, SUMATERA BARAT",13,22,190,212
https://kawalpemilu.org#13755,"GUNUNG PANGILUN, PADANG UTARA, KOTA PADANG, SUMATERA BARAT",14,12,123,135
https://kawalpemilu.org#13755,"GUNUNG PANGILUN, PADANG UTARA, KOTA PADANG, SUMATERA BARAT",15,9,136,145
https://kawalpemilu.org#13755,"GUNUNG PANGILUN, PADANG UTARA, KOTA PADANG, SUMATERA BARAT",16,13,172,185
https://kawalpemilu.org#13755,"GUNUNG PANGILUN, PADANG UTARA, KOTA PADANG, SUMATERA BARAT",17,18,145,163
https://kawalpemilu.org#13755,"GUNUNG PANGILUN, PADANG UTARA, KOTA PADANG, SUMATERA BARAT",18,20,164,184
https://kawalpemilu.org#13755,"GUNUNG PANGILUN, PADANG UTARA, KOTA PADANG, SUMATERA BARAT",19,41,124,165
https://kawalpemilu.org#13755,"GUNUNG PANGILUN, PADANG UTARA, KOTA PADANG, SUMATERA BARAT",20,47,130,177
https://kawalpemilu.org#13755,"GUNUNG PANGILUN, PADANG UTARA, KOTA PADANG, SUMATERA BARAT",21,9,158,167
https://kawalpemilu.org#13755,"GUNUNG PANGILUN, PADANG UTARA, KOTA PADANG, SUMATERA BARAT",22,11,151,162
https://kawalpemilu.org#13755,"GUNUNG PANGILUN, PADANG UTARA, KOTA PADANG, SUMATERA BARAT",23,21,126,147
https://kawalpemilu.org#13755,"GUNUNG PANGILUN, PADANG UTARA, KOTA PADANG, SUMATERA BARAT",24,23,130,153
https://kawalpemilu.org#13755,"GUNUNG PANGILUN, PADANG UTARA, KOTA PADANG, SUMATERA BARAT",25,18,115,133
https://kawalpemilu.org#13755,"GUNUNG PANGILUN, PADANG UTARA, KOTA PADANG, SUMATERA BARAT",26,21,132,153
https://kawalpemilu.org#13755,"GUNUNG PANGILUN, PADANG UTARA, KOTA PADANG, SUMATERA BARAT",27,16,150,166
https://kawalpemilu.org#13755,"GUNUNG PANGILUN, PADANG UTARA, KOTA PADANG, SUMATERA BARAT",28,28,114,142
https://kawalpemilu.org#13755,"GUNUNG PANGILUN, PADANG UTARA, KOTA PADANG, SUMATERA BARAT",29,16,139,155
https://kawalpemilu.org#13755,"GUNUNG PANGILUN, PADANG UTARA, KOTA PADANG, SUMATERA BARAT",30,17,149,166
https://kawalpemilu.org#13755,"GUNUNG PANGILUN, PADANG UTARA, KOTA PADANG, SUMATERA BARAT",31,13,139,153
https://kawalpemilu.org#13755,"GUNUNG PANGILUN, PADANG UTARA, KOTA PADANG, SUMATERA BARAT",32,19,179,198
https://kawalpemilu.org#13755,"GUNUNG PANGILUN, PADANG UTARA, KOTA PADANG, SUMATERA BARAT",33,24,136,160
https://kawalpemilu.org#13755,"GUNUNG PANGILUN, PADANG UTARA, KOTA PADANG, SUMATERA BARAT",34,19,131,150
https://kawalpemilu.org#13755,"GUNUNG PANGILUN, PADANG UTARA, KOTA PADANG, SUMATERA BARAT",35,14,137,151
https://kawalpemilu.org#13755,"GUNUNG PANGILUN, PADANG UTARA, KOTA PADANG, SUMATERA BARAT",36,15,122,137
https://kawalpemilu.org#13757,"BUNGUS TIMUR, BUNGUS TELUK KABUNG, KOTA PADANG, SUMATERA BARAT",1,16,235,251
https://kawalpemilu.org#13757,"BUNGUS TIMUR, BUNGUS TELUK KABUNG, KOTA PADANG, SUMATERA BARAT",2,21,216,237
https://kawalpemilu.org#13757,"BUNGUS TIMUR, BUNGUS TELUK KABUNG, KOTA PADANG, SUMATERA BARAT",3,3,244,247
https://kawalpemilu.org#13757,"BUNGUS TIMUR, BUNGUS TELUK KABUNG, KOTA PADANG, SUMATERA BARAT",4,12,233,245
https://kawalpemilu.org#13757,"BUNGUS TIMUR, BUNGUS TELUK KABUNG, KOTA PADANG, SUMATERA BARAT",5,14,242,256
https://kawalpemilu.org#13757,"BUNGUS TIMUR, BUNGUS TELUK KABUNG, KOTA PADANG, SUMATERA BARAT",6,4,241,245
https://kawalpemilu.org#13757,"BUNGUS TIMUR, BUNGUS TELUK KABUNG, KOTA PADANG, SUMATERA BARAT",7,9,239,248
https://kawalpemilu.org#13757,"BUNGUS TIMUR, BUNGUS TELUK KABUNG, KOTA PADANG, SUMATERA BARAT",8,10,176,186
https://kawalpemilu.org#13757,"BUNGUS TIMUR, BUNGUS TELUK KABUNG, KOTA PADANG, SUMATERA BARAT",9,9,200,209
https://kawalpemilu.org#13757,"BUNGUS TIMUR, BUNGUS TELUK KABUNG, KOTA PADANG, SUMATERA BARAT",10,4,207,211
https://kawalpemilu.org#13757,"BUNGUS TIMUR, BUNGUS TELUK KABUNG, KOTA PADANG, SUMATERA BARAT",11,8,241,249
https://kawalpemilu.org#13757,"BUNGUS TIMUR, BUNGUS TELUK KABUNG, KOTA PADANG, SUMATERA BARAT",12,11,221,232
https://kawalpemilu.org#13757,"BUNGUS TIMUR, BUNGUS TELUK KABUNG, KOTA PADANG, SUMATERA BARAT",13,3,223,226
https://kawalpemilu.org#13757,"BUNGUS TIMUR, BUNGUS TELUK KABUNG, KOTA PADANG, SUMATERA BARAT",14,6,192,198
https://kawalpemilu.org#13757,"BUNGUS TIMUR, BUNGUS TELUK KABUNG, KOTA PADANG, SUMATERA BARAT",15,7,206,213
https://kawalpemilu.org#13758,"BUNGUS BARAT, BUNGUS TELUK KABUNG, KOTA PADANG, SUMATERA BARAT",1,33,169,202
https://kawalpemilu.org#13758,"BUNGUS BARAT, BUNGUS TELUK KABUNG, KOTA PADANG, SUMATERA BARAT",2,15,192,207
https://kawalpemilu.org#13758,"BUNGUS BARAT, BUNGUS TELUK KABUNG, KOTA PADANG, SUMATERA BARAT",3,16,195,211
https://kawalpemilu.org#13758,"BUNGUS BARAT, BUNGUS TELUK KABUNG, KOTA PADANG, SUMATERA BARAT",4,11,160,171
https://kawalpemilu.org#13758,"BUNGUS BARAT, BUNGUS TELUK KABUNG, KOTA PADANG, SUMATERA BARAT",5,13,198,211
https://kawalpemilu.org#13758,"BUNGUS BARAT, BUNGUS TELUK KABUNG, KOTA PADANG, SUMATERA BARAT",6,13,202,215
https://kawalpemilu.org#13758,"BUNGUS BARAT, BUNGUS TELUK KABUNG, KOTA PADANG, SUMATERA BARAT",7,10,201,214
https://kawalpemilu.org#13758,"BUNGUS BARAT, BUNGUS TELUK KABUNG, KOTA PADANG, SUMATERA BARAT",8,6,213,219
https://kawalpemilu.org#13758,"BUNGUS BARAT, BUNGUS TELUK KABUNG, KOTA PADANG, SUMATERA BARAT",9,23,198,221
https://kawalpemilu.org#13758,"BUNGUS BARAT, BUNGUS TELUK KABUNG, KOTA PADANG, SUMATERA BARAT",10,47,194,241
https://kawalpemilu.org#13758,"BUNGUS BARAT, BUNGUS TELUK KABUNG, KOTA PADANG, SUMATERA BARAT",11,22,183,205
https://kawalpemilu.org#13758,"BUNGUS BARAT, BUNGUS TELUK KABUNG, KOTA PADANG, SUMATERA BARAT",12,17,211,228
https://kawalpemilu.org#13758,"BUNGUS BARAT, BUNGUS TELUK KABUNG, KOTA PADANG, SUMATERA BARAT",13,21,221,242
https://kawalpemilu.org#13758,"BUNGUS BARAT, BUNGUS TELUK KABUNG, KOTA PADANG, SUMATERA BARAT",14,12,231,243
https://kawalpemilu.org#13758,"BUNGUS BARAT, BUNGUS TELUK KABUNG, KOTA PADANG, SUMATERA BARAT",15,10,209,219
https://kawalpemilu.org#13758,"BUNGUS BARAT, BUNGUS TELUK KABUNG, KOTA PADANG, SUMATERA BARAT",16,8,206,214
https://kawalpemilu.org#13758,"BUNGUS BARAT, BUNGUS TELUK KABUNG, KOTA PADANG, SUMATERA BARAT",17,10,217,227
https://kawalpemilu.org#13758,"BUNGUS BARAT, BUNGUS TELUK KABUNG, KOTA PADANG, SUMATERA BARAT",18,7,230,237
https://kawalpemilu.org#13759,"BUNGUS SELATAN, BUNGUS TELUK KABUNG, KOTA PADANG, SUMATERA BARAT",1,34,175,209
https://kawalpemilu.org#13759,"BUNGUS SELATAN, BUNGUS TELUK KABUNG, KOTA PADANG, SUMATERA BARAT",2,30,146,176
https://kawalpemilu.org#13759,"BUNGUS SELATAN, BUNGUS TELUK KABUNG, KOTA PADANG, SUMATERA BARAT",3,10,203,213
https://kawalpemilu.org#13759,"BUNGUS SELATAN, BUNGUS TELUK KABUNG, KOTA PADANG, SUMATERA BARAT",4,15,215,230
https://kawalpemilu.org#13759,"BUNGUS SELATAN, BUNGUS TELUK KABUNG, KOTA PADANG, SUMATERA BARAT",5,17,214,231
https://kawalpemilu.org#13759,"BUNGUS SELATAN, BUNGUS TELUK KABUNG, KOTA PADANG, SUMATERA BARAT",6,23,198,221
https://kawalpemilu.org#13759,"BUNGUS SELATAN, BUNGUS TELUK KABUNG, KOTA PADANG, SUMATERA BARAT",7,25,176,201
https://kawalpemilu.org#13759,"BUNGUS SELATAN, BUNGUS TELUK KABUNG, KOTA PADANG, SUMATERA BARAT",8,15,192,207
https://kawalpemilu.org#13760,"TELUK KABUNG UTARA, BUNGUS TELUK KABUNG, KOTA PADANG, SUMATERA BARAT",1,7,203,210
https://kawalpemilu.org#13760,"TELUK KABUNG UTARA, BUNGUS TELUK KABUNG, KOTA PADANG, SUMATERA BARAT",2,17,184,201
https://kawalpemilu.org#13760,"TELUK KABUNG UTARA, BUNGUS TELUK KABUNG, KOTA PADANG, SUMATERA BARAT",3,10,173,183
https://kawalpemilu.org#13760,"TELUK KABUNG UTARA, BUNGUS TELUK KABUNG, KOTA PADANG, SUMATERA BARAT",4,18,164,182
https://kawalpemilu.org#13760,"TELUK KABUNG UTARA, BUNGUS TELUK KABUNG, KOTA PADANG, SUMATERA BARAT",5,8,132,140
https://kawalpemilu.org#13760,"TELUK KABUNG UTARA, BUNGUS TELUK KABUNG, KOTA PADANG, SUMATERA BARAT",6,8,159,167
https://kawalpemilu.org#13760,"TELUK KABUNG UTARA, BUNGUS TELUK KABUNG, KOTA PADANG, SUMATERA BARAT",7,9,184,193
https://kawalpemilu.org#13760,"TELUK KABUNG UTARA, BUNGUS TELUK KABUNG, KOTA PADANG, SUMATERA BARAT",8,18,197,215
https://kawalpemilu.org#13760,"TELUK KABUNG UTARA, BUNGUS TELUK KABUNG, KOTA PADANG, SUMATERA BARAT",9,20,143,163
https://kawalpemilu.org#13760,"TELUK KABUNG UTARA, BUNGUS TELUK KABUNG, KOTA PADANG, SUMATERA BARAT",10,13,182,195
https://kawalpemilu.org#13760,"TELUK KABUNG UTARA, BUNGUS TELUK KABUNG, KOTA PADANG, SUMATERA BARAT",11,16,176,192
https://kawalpemilu.org#13760,"TELUK KABUNG UTARA, BUNGUS TELUK KABUNG, KOTA PADANG, SUMATERA BARAT",12,27,171,198
https://kawalpemilu.org#13761,"TELUK KABUNG TENGAH, BUNGUS TELUK KABUNG, KOTA PADANG, SUMATERA BARAT",1,19,188,207
https://kawalpemilu.org#13761,"TELUK KABUNG TENGAH, BUNGUS TELUK KABUNG, KOTA PADANG, SUMATERA BARAT",2,15,219,234
https://kawalpemilu.org#13761,"TELUK KABUNG TENGAH, BUNGUS TELUK KABUNG, KOTA PADANG, SUMATERA BARAT",3,27,146,173
https://kawalpemilu.org#13761,"TELUK KABUNG TENGAH, BUNGUS TELUK KABUNG, KOTA PADANG, SUMATERA BARAT",4,10,173,183
https://kawalpemilu.org#13761,"TELUK KABUNG TENGAH, BUNGUS TELUK KABUNG, KOTA PADANG, SUMATERA BARAT",5,6,180,186
https://kawalpemilu.org#13761,"TELUK KABUNG TENGAH, BUNGUS TELUK KABUNG, KOTA PADANG, SUMATERA BARAT",6,18,211,229
https://kawalpemilu.org#13761,"TELUK KABUNG TENGAH, BUNGUS TELUK KABUNG, KOTA PADANG, SUMATERA BARAT",7,25,179,204
https://kawalpemilu.org#13761,"TELUK KABUNG TENGAH, BUNGUS TELUK KABUNG, KOTA PADANG, SUMATERA BARAT",8,46,139,185
https://kawalpemilu.org#13761,"TELUK KABUNG TENGAH, BUNGUS TELUK KABUNG, KOTA PADANG, SUMATERA BARAT",9,29,130,159
https://kawalpemilu.org#13762,"TELUK KABUNG SELATAN, BUNGUS TELUK KABUNG, KOTA PADANG, SUMATERA BARAT",1,31,201,232
https://kawalpemilu.org#13762,"TELUK KABUNG SELATAN, BUNGUS TELUK KABUNG, KOTA PADANG, SUMATERA BARAT",2,14,188,202
https://kawalpemilu.org#13762,"TELUK KABUNG SELATAN, BUNGUS TELUK KABUNG, KOTA PADANG, SUMATERA BARAT",3,23,193,216
https://kawalpemilu.org#13762,"TELUK KABUNG SELATAN, BUNGUS TELUK KABUNG, KOTA PADANG, SUMATERA BARAT",4,22,165,186
https://kawalpemilu.org#13762,"TELUK KABUNG SELATAN, BUNGUS TELUK KABUNG, KOTA PADANG, SUMATERA BARAT",5,114,17,131
https://kawalpemilu.org#13764,"CENGKEH NAN XX, LUBUK BEGALUNG, KOTA PADANG, SUMATERA BARAT",1,11,158,169
https://kawalpemilu.org#13764,"CENGKEH NAN XX, LUBUK BEGALUNG, KOTA PADANG, SUMATERA BARAT",2,34,189,223
https://kawalpemilu.org#13764,"CENGKEH NAN XX, LUBUK BEGALUNG, KOTA PADANG, SUMATERA BARAT",3,24,190,214
https://kawalpemilu.org#13764,"CENGKEH NAN XX, LUBUK BEGALUNG, KOTA PADANG, SUMATERA BARAT",4,22,202,224
https://kawalpemilu.org#13764,"CENGKEH NAN XX, LUBUK BEGALUNG, KOTA PADANG, SUMATERA BARAT",5,14,229,243
https://kawalpemilu.org#13764,"CENGKEH NAN XX, LUBUK BEGALUNG, KOTA PADANG, SUMATERA BARAT",6,15,203,218
https://kawalpemilu.org#13764,"CENGKEH NAN XX, LUBUK BEGALUNG, KOTA PADANG, SUMATERA BARAT",7,11,160,171
https://kawalpemilu.org#13764,"CENGKEH NAN XX, LUBUK BEGALUNG, KOTA PADANG, SUMATERA BARAT",8,6,231,237
https://kawalpemilu.org#13764,"CENGKEH NAN XX, LUBUK BEGALUNG, KOTA PADANG, SUMATERA BARAT",9,22,211,233
https://kawalpemilu.org#13764,"CENGKEH NAN XX, LUBUK BEGALUNG, KOTA PADANG, SUMATERA BARAT",10,43,156,199
https://kawalpemilu.org#13764,"CENGKEH NAN XX, LUBUK BEGALUNG, KOTA PADANG, SUMATERA BARAT",11,27,166,193
https://kawalpemilu.org#13765,"KAMPUNG BARU NAN XX, LUBUK BEGALUNG, KOTA PADANG, SUMATERA BARAT",1,22,212,234
https://kawalpemilu.org#13765,"KAMPUNG BARU NAN XX, LUBUK BEGALUNG, KOTA PADANG, SUMATERA BARAT",2,18,195,213
https://kawalpemilu.org#13765,"KAMPUNG BARU NAN XX, LUBUK BEGALUNG, KOTA PADANG, SUMATERA BARAT",3,11,193,204
https://kawalpemilu.org#13765,"KAMPUNG BARU NAN XX, LUBUK BEGALUNG, KOTA PADANG, SUMATERA BARAT",4,26,212,238
https://kawalpemilu.org#13765,"KAMPUNG BARU NAN XX, LUBUK BEGALUNG, KOTA PADANG, SUMATERA BARAT",6,26,194,220
https://kawalpemilu.org#13765,"KAMPUNG BARU NAN XX, LUBUK BEGALUNG, KOTA PADANG, SUMATERA BARAT",7,18,200,218
https://kawalpemilu.org#13765,"KAMPUNG BARU NAN XX, LUBUK BEGALUNG, KOTA PADANG, SUMATERA BARAT",8,41,210,251
https://kawalpemilu.org#13765,"KAMPUNG BARU NAN XX, LUBUK BEGALUNG, KOTA PADANG, SUMATERA BARAT",9,18,210,228
https://kawalpemilu.org#13765,"KAMPUNG BARU NAN XX, LUBUK BEGALUNG, KOTA PADANG, SUMATERA BARAT",10,14,167,181
https://kawalpemilu.org#13765,"KAMPUNG BARU NAN XX, LUBUK BEGALUNG, KOTA PADANG, SUMATERA BARAT",11,14,194,208
https://kawalpemilu.org#13765,"KAMPUNG BARU NAN XX, LUBUK BEGALUNG, KOTA PADANG, SUMATERA BARAT",12,16,186,202
https://kawalpemilu.org#13765,"KAMPUNG BARU NAN XX, LUBUK BEGALUNG, KOTA PADANG, SUMATERA BARAT",13,21,211,232
https://kawalpemilu.org#13765,"KAMPUNG BARU NAN XX, LUBUK BEGALUNG, KOTA PADANG, SUMATERA BARAT",14,26,210,236
https://kawalpemilu.org#13765,"KAMPUNG BARU NAN XX, LUBUK BEGALUNG, KOTA PADANG, SUMATERA BARAT",15,7,173,180
https://kawalpemilu.org#13766,"TANAH SIRAH PIAI NAN XX, LUBUK BEGALUNG, KOTA PADANG, SUMATERA BARAT",1,13,187,200
https://kawalpemilu.org#13766,"TANAH SIRAH PIAI NAN XX, LUBUK BEGALUNG, KOTA PADANG, SUMATERA BARAT",2,5,202,207
https://kawalpemilu.org#13766,"TANAH SIRAH PIAI NAN XX, LUBUK BEGALUNG, KOTA PADANG, SUMATERA BARAT",3,11,192,203
https://kawalpemilu.org#13766,"TANAH SIRAH PIAI NAN XX, LUBUK BEGALUNG, KOTA PADANG, SUMATERA BARAT",4,14,184,198
https://kawalpemilu.org#13766,"TANAH SIRAH PIAI NAN XX, LUBUK BEGALUNG, KOTA PADANG, SUMATERA BARAT",5,10,206,216
https://kawalpemilu.org#13766,"TANAH SIRAH PIAI NAN XX, LUBUK BEGALUNG, KOTA PADANG, SUMATERA BARAT",6,17,206,223
https://kawalpemilu.org#13766,"TANAH SIRAH PIAI NAN XX, LUBUK BEGALUNG, KOTA PADANG, SUMATERA BARAT",7,7,204,211
https://kawalpemilu.org#13766,"TANAH SIRAH PIAI NAN XX, LUBUK BEGALUNG, KOTA PADANG, SUMATERA BARAT",8,17,189,206
https://kawalpemilu.org#13766,"TANAH SIRAH PIAI NAN XX, LUBUK BEGALUNG, KOTA PADANG, SUMATERA BARAT",9,21,166,187
https://kawalpemilu.org#13766,"TANAH SIRAH PIAI NAN XX, LUBUK BEGALUNG, KOTA PADANG, SUMATERA BARAT",10,12,162,174
https://kawalpemilu.org#13766,"TANAH SIRAH PIAI NAN XX, LUBUK BEGALUNG, KOTA PADANG, SUMATERA BARAT",11,12,182,194
https://kawalpemilu.org#13766,"TANAH SIRAH PIAI NAN XX, LUBUK BEGALUNG, KOTA PADANG, SUMATERA BARAT",12,12,181,193
https://kawalpemilu.org#13766,"TANAH SIRAH PIAI NAN XX, LUBUK BEGALUNG, KOTA PADANG, SUMATERA BARAT",13,7,164,171
https://kawalpemilu.org#13766,"TANAH SIRAH PIAI NAN XX, LUBUK BEGALUNG, KOTA PADANG, SUMATERA BARAT",14,14,155,169
https://kawalpemilu.org#13766,"TANAH SIRAH PIAI NAN XX, LUBUK BEGALUNG, KOTA PADANG, SUMATERA BARAT",15,42,201,243
https://kawalpemilu.org#13766,"TANAH SIRAH PIAI NAN XX, LUBUK BEGALUNG, KOTA PADANG, SUMATERA BARAT",16,24,130,154
https://kawalpemilu.org#13766,"TANAH SIRAH PIAI NAN XX, LUBUK BEGALUNG, KOTA PADANG, SUMATERA BARAT",17,16,237,253
https://kawalpemilu.org#13766,"TANAH SIRAH PIAI NAN XX, LUBUK BEGALUNG, KOTA PADANG, SUMATERA BARAT",18,12,238,250
https://kawalpemilu.org#13767,"TANJUNG SABA, PITAMEH NAN XX, LUBUK BEGALUNG, KOTA PADANG, SUMATERA BARAT",1,73,168,241
https://kawalpemilu.org#13767,"TANJUNG SABA, PITAMEH NAN XX, LUBUK BEGALUNG, KOTA PADANG, SUMATERA BARAT",2,17,214,231
https://kawalpemilu.org#13767,"TANJUNG SABA, PITAMEH NAN XX, LUBUK BEGALUNG, KOTA PADANG, SUMATERA BARAT",3,30,217,247
https://kawalpemilu.org#13767,"TANJUNG SABA, PITAMEH NAN XX, LUBUK BEGALUNG, KOTA PADANG, SUMATERA BARAT",4,26,215,241
https://kawalpemilu.org#13767,"TANJUNG SABA, PITAMEH NAN XX, LUBUK BEGALUNG, KOTA PADANG, SUMATERA BARAT",5,27,211,238
https://kawalpemilu.org#13767,"TANJUNG SABA, PITAMEH NAN XX, LUBUK BEGALUNG, KOTA PADANG, SUMATERA BARAT",6,26,200,226
https://kawalpemilu.org#13767,"TANJUNG SABA, PITAMEH NAN XX, LUBUK BEGALUNG, KOTA PADANG, SUMATERA BARAT",8,15,192,207
https://kawalpemilu.org#13767,"TANJUNG SABA, PITAMEH NAN XX, LUBUK BEGALUNG, KOTA PADANG, SUMATERA BARAT",9,9,225,234
https://kawalpemilu.org#13768,"LUBUK BEGALUNG NAN XX, LUBUK BEGALUNG, KOTA PADANG, SUMATERA BARAT",1,33,202,235
https://kawalpemilu.org#13768,"LUBUK BEGALUNG NAN XX, LUBUK BEGALUNG, KOTA PADANG, SUMATERA BARAT",2,31,172,203
https://kawalpemilu.org#13768,"LUBUK BEGALUNG NAN XX, LUBUK BEGALUNG, KOTA PADANG, SUMATERA BARAT",3,14,227,241
https://kawalpemilu.org#13768,"LUBUK BEGALUNG NAN XX, LUBUK BEGALUNG, KOTA PADANG, SUMATERA BARAT",4,18,192,210
https://kawalpemilu.org#13768,"LUBUK BEGALUNG NAN XX, LUBUK BEGALUNG, KOTA PADANG, SUMATERA BARAT",5,27,139,166
https://kawalpemilu.org#13768,"LUBUK BEGALUNG NAN XX, LUBUK BEGALUNG, KOTA PADANG, SUMATERA BARAT",6,17,141,158
https://kawalpemilu.org#13768,"LUBUK BEGALUNG NAN XX, LUBUK BEGALUNG, KOTA PADANG, SUMATERA BARAT",7,28,161,189
https://kawalpemilu.org#13768,"LUBUK BEGALUNG NAN XX, LUBUK BEGALUNG, KOTA PADANG, SUMATERA BARAT",8,30,167,197
https://kawalpemilu.org#13768,"LUBUK BEGALUNG NAN XX, LUBUK BEGALUNG, KOTA PADANG, SUMATERA BARAT",9,31,165,196
https://kawalpemilu.org#13768,"LUBUK BEGALUNG NAN XX, LUBUK BEGALUNG, KOTA PADANG, SUMATERA BARAT",10,35,196,231
https://kawalpemilu.org#13768,"LUBUK BEGALUNG NAN XX, LUBUK BEGALUNG, KOTA PADANG, SUMATERA BARAT",11,14,174,188
https://kawalpemilu.org#13768,"LUBUK BEGALUNG NAN XX, LUBUK BEGALUNG, KOTA PADANG, SUMATERA BARAT",12,24,180,204
https://kawalpemilu.org#13768,"LUBUK BEGALUNG NAN XX, LUBUK BEGALUNG, KOTA PADANG, SUMATERA BARAT",14,26,209,235
https://kawalpemilu.org#13768,"LUBUK BEGALUNG NAN XX, LUBUK BEGALUNG, KOTA PADANG, SUMATERA BARAT",15,25,152,177
https://kawalpemilu.org#13768,"LUBUK BEGALUNG NAN XX, LUBUK BEGALUNG, KOTA PADANG, SUMATERA BARAT",16,17,175,192
https://kawalpemilu.org#13768,"LUBUK BEGALUNG NAN XX, LUBUK BEGALUNG, KOTA PADANG, SUMATERA BARAT",17,10,135,145
https://kawalpemilu.org#13769,"GURUN LAWEH NAN XX, LUBUK BEGALUNG, KOTA PADANG, SUMATERA BARAT",1,56,150,206
https://kawalpemilu.org#13769,"GURUN LAWEH NAN XX, LUBUK BEGALUNG, KOTA PADANG, SUMATERA BARAT",2,32,193,225
https://kawalpemilu.org#13769,"GURUN LAWEH NAN XX, LUBUK BEGALUNG, KOTA PADANG, SUMATERA BARAT",3,84,155,239
https://kawalpemilu.org#13769,"GURUN LAWEH NAN XX, LUBUK BEGALUNG, KOTA PADANG, SUMATERA BARAT",4,41,171,212
https://kawalpemilu.org#13769,"GURUN LAWEH NAN XX, LUBUK BEGALUNG, KOTA PADANG, SUMATERA BARAT",5,27,213,240
https://kawalpemilu.org#13769,"GURUN LAWEH NAN XX, LUBUK BEGALUNG, KOTA PADANG, SUMATERA BARAT",6,15,207,0
https://kawalpemilu.org#13769,"GURUN LAWEH NAN XX, LUBUK BEGALUNG, KOTA PADANG, SUMATERA BARAT",7,56,179,235
https://kawalpemilu.org#13769,"GURUN LAWEH NAN XX, LUBUK BEGALUNG, KOTA PADANG, SUMATERA BARAT",8,53,164,217
https://kawalpemilu.org#13769,"GURUN LAWEH NAN XX, LUBUK BEGALUNG, KOTA PADANG, SUMATERA BARAT",9,11,165,176
https://kawalpemilu.org#13769,"GURUN LAWEH NAN XX, LUBUK BEGALUNG, KOTA PADANG, SUMATERA BARAT",11,33,179,212
https://kawalpemilu.org#13769,"GURUN LAWEH NAN XX, LUBUK BEGALUNG, KOTA PADANG, SUMATERA BARAT",12,36,156,192
https://kawalpemilu.org#13769,"GURUN LAWEH NAN XX, LUBUK BEGALUNG, KOTA PADANG, SUMATERA BARAT",13,32,149,181
https://kawalpemilu.org#13770,"TANJUNG AUA NAN XX, LUBUK BEGALUNG, KOTA PADANG, SUMATERA BARAT",1,17,173,190
https://kawalpemilu.org#13770,"TANJUNG AUA NAN XX, LUBUK BEGALUNG, KOTA PADANG, SUMATERA BARAT",2,19,195,214
https://kawalpemilu.org#13770,"TANJUNG AUA NAN XX, LUBUK BEGALUNG, KOTA PADANG, SUMATERA BARAT",3,15,173,188
https://kawalpemilu.org#13771,"KOTO BARU NAN XX, LUBUK BEGALUNG, KOTA PADANG, SUMATERA BARAT",1,41,193,234
https://kawalpemilu.org#13771,"KOTO BARU NAN XX, LUBUK BEGALUNG, KOTA PADANG, SUMATERA BARAT",2,26,209,235
https://kawalpemilu.org#13771,"KOTO BARU NAN XX, LUBUK BEGALUNG, KOTA PADANG, SUMATERA BARAT",3,37,159,196
https://kawalpemilu.org#13771,"KOTO BARU NAN XX, LUBUK BEGALUNG, KOTA PADANG, SUMATERA BARAT",4,22,191,213
https://kawalpemilu.org#13771,"KOTO BARU NAN XX, LUBUK BEGALUNG, KOTA PADANG, SUMATERA BARAT",5,14,164,178
https://kawalpemilu.org#13771,"KOTO BARU NAN XX, LUBUK BEGALUNG, KOTA PADANG, SUMATERA BARAT",6,21,168,189
https://kawalpemilu.org#13771,"KOTO BARU NAN XX, LUBUK BEGALUNG, KOTA PADANG, SUMATERA BARAT",7,27,145,172
https://kawalpemilu.org#13771,"KOTO BARU NAN XX, LUBUK BEGALUNG, KOTA PADANG, SUMATERA BARAT",8,56,142,198
https://kawalpemilu.org#13771,"KOTO BARU NAN XX, LUBUK BEGALUNG, KOTA PADANG, SUMATERA BARAT",9,83,143,226
https://kawalpemilu.org#13771,"KOTO BARU NAN XX, LUBUK BEGALUNG, KOTA PADANG, SUMATERA BARAT",10,85,97,182
https://kawalpemilu.org#13771,"KOTO BARU NAN XX, LUBUK BEGALUNG, KOTA PADANG, SUMATERA BARAT",11,96,107,203
https://kawalpemilu.org#13771,"KOTO BARU NAN XX, LUBUK BEGALUNG, KOTA PADANG, SUMATERA BARAT",12,62,51,113
https://kawalpemilu.org#13771,"KOTO BARU NAN XX, LUBUK BEGALUNG, KOTA PADANG, SUMATERA BARAT",14,47,179,226
https://kawalpemilu.org#13771,"KOTO BARU NAN XX, LUBUK BEGALUNG, KOTA PADANG, SUMATERA BARAT",15,98,104,202
https://kawalpemilu.org#13771,"KOTO BARU NAN XX, LUBUK BEGALUNG, KOTA PADANG, SUMATERA BARAT",17,74,168,242
https://kawalpemilu.org#13771,"KOTO BARU NAN XX, LUBUK BEGALUNG, KOTA PADANG, SUMATERA BARAT",18,53,136,189
https://kawalpemilu.org#13771,"KOTO BARU NAN XX, LUBUK BEGALUNG, KOTA PADANG, SUMATERA BARAT",19,24,149,173
https://kawalpemilu.org#13771,"KOTO BARU NAN XX, LUBUK BEGALUNG, KOTA PADANG, SUMATERA BARAT",20,9,116,125
https://kawalpemilu.org#13771,"KOTO BARU NAN XX, LUBUK BEGALUNG, KOTA PADANG, SUMATERA BARAT",21,60,95,155
https://kawalpemilu.org#13772,"BANUARAN NAN XX, LUBUK BEGALUNG, KOTA PADANG, SUMATERA BARAT",1,19,153,172
https://kawalpemilu.org#13772,"BANUARAN NAN XX, LUBUK BEGALUNG, KOTA PADANG, SUMATERA BARAT",2,22,206,228
https://kawalpemilu.org#13772,"BANUARAN NAN XX, LUBUK BEGALUNG, KOTA PADANG, SUMATERA BARAT",3,23,206,229
https://kawalpemilu.org#13772,"BANUARAN NAN XX, LUBUK BEGALUNG, KOTA PADANG, SUMATERA BARAT",4,20,212,232
https://kawalpemilu.org#13772,"BANUARAN NAN XX, LUBUK BEGALUNG, KOTA PADANG, SUMATERA BARAT",5,17,78,95
https://kawalpemilu.org#13772,"BANUARAN NAN XX, LUBUK BEGALUNG, KOTA PADANG, SUMATERA BARAT",6,27,186,213
https://kawalpemilu.org#13772,"BANUARAN NAN XX, LUBUK BEGALUNG, KOTA PADANG, SUMATERA BARAT",7,24,207,231
https://kawalpemilu.org#13772,"BANUARAN NAN XX, LUBUK BEGALUNG, KOTA PADANG, SUMATERA BARAT",8,12,126,138
https://kawalpemilu.org#13772,"BANUARAN NAN XX, LUBUK BEGALUNG, KOTA PADANG, SUMATERA BARAT",9,40,193,233
https://kawalpemilu.org#13772,"BANUARAN NAN XX, LUBUK BEGALUNG, KOTA PADANG, SUMATERA BARAT",10,32,144,176
https://kawalpemilu.org#13772,"BANUARAN NAN XX, LUBUK BEGALUNG, KOTA PADANG, SUMATERA BARAT",11,20,179,199
https://kawalpemilu.org#13772,"BANUARAN NAN XX, LUBUK BEGALUNG, KOTA PADANG, SUMATERA BARAT",12,26,142,168
https://kawalpemilu.org#13772,"BANUARAN NAN XX, LUBUK BEGALUNG, KOTA PADANG, SUMATERA BARAT",13,21,163,184
https://kawalpemilu.org#13772,"BANUARAN NAN XX, LUBUK BEGALUNG, KOTA PADANG, SUMATERA BARAT",14,55,158,213
https://kawalpemilu.org#13772,"BANUARAN NAN XX, LUBUK BEGALUNG, KOTA PADANG, SUMATERA BARAT",15,29,201,230
https://kawalpemilu.org#13772,"BANUARAN NAN XX, LUBUK BEGALUNG, KOTA PADANG, SUMATERA BARAT",16,42,135,177
https://kawalpemilu.org#13772,"BANUARAN NAN XX, LUBUK BEGALUNG, KOTA PADANG, SUMATERA BARAT",17,40,129,169
https://kawalpemilu.org#13772,"BANUARAN NAN XX, LUBUK BEGALUNG, KOTA PADANG, SUMATERA BARAT",18,41,126,167
https://kawalpemilu.org#13772,"BANUARAN NAN XX, LUBUK BEGALUNG, KOTA PADANG, SUMATERA BARAT",19,25,173,198
https://kawalpemilu.org#13772,"BANUARAN NAN XX, LUBUK BEGALUNG, KOTA PADANG, SUMATERA BARAT",20,29,200,229
https://kawalpemilu.org#13772,"BANUARAN NAN XX, LUBUK BEGALUNG, KOTA PADANG, SUMATERA BARAT",21,82,158,240
https://kawalpemilu.org#13772,"BANUARAN NAN XX, LUBUK BEGALUNG, KOTA PADANG, SUMATERA BARAT",22,72,194,266
https://kawalpemilu.org#13772,"BANUARAN NAN XX, LUBUK BEGALUNG, KOTA PADANG, SUMATERA BARAT",23,53,185,238
https://kawalpemilu.org#13772,"BANUARAN NAN XX, LUBUK BEGALUNG, KOTA PADANG, SUMATERA BARAT",24,84,166,250
https://kawalpemilu.org#13772,"BANUARAN NAN XX, LUBUK BEGALUNG, KOTA PADANG, SUMATERA BARAT",25,20,134,154
https://kawalpemilu.org#13772,"BANUARAN NAN XX, LUBUK BEGALUNG, KOTA PADANG, SUMATERA BARAT",26,16,93,109
https://kawalpemilu.org#13773,"PARAK LAWEH PULAU AIA NAN XX, LUBUK BEGALUNG, KOTA PADANG, SUMATERA BARAT",1,16,207,223
https://kawalpemilu.org#13773,"PARAK LAWEH PULAU AIA NAN XX, LUBUK BEGALUNG, KOTA PADANG, SUMATERA BARAT",2,29,219,248
https://kawalpemilu.org#13773,"PARAK LAWEH PULAU AIA NAN XX, LUBUK BEGALUNG, KOTA PADANG, SUMATERA BARAT",3,34,201,235
https://kawalpemilu.org#13773,"PARAK LAWEH PULAU AIA NAN XX, LUBUK BEGALUNG, KOTA PADANG, SUMATERA BARAT",4,12,81,93
https://kawalpemilu.org#13773,"PARAK LAWEH PULAU AIA NAN XX, LUBUK BEGALUNG, KOTA PADANG, SUMATERA BARAT",5,35,196,231
https://kawalpemilu.org#13773,"PARAK LAWEH PULAU AIA NAN XX, LUBUK BEGALUNG, KOTA PADANG, SUMATERA BARAT",6,24,211,235
https://kawalpemilu.org#13773,"PARAK LAWEH PULAU AIA NAN XX, LUBUK BEGALUNG, KOTA PADANG, SUMATERA BARAT",7,17,153,170
https://kawalpemilu.org#13773,"PARAK LAWEH PULAU AIA NAN XX, LUBUK BEGALUNG, KOTA PADANG, SUMATERA BARAT",8,28,172,200
https://kawalpemilu.org#13773,"PARAK LAWEH PULAU AIA NAN XX, LUBUK BEGALUNG, KOTA PADANG, SUMATERA BARAT",9,16,115,131
https://kawalpemilu.org#13773,"PARAK LAWEH PULAU AIA NAN XX, LUBUK BEGALUNG, KOTA PADANG, SUMATERA BARAT",10,38,216,254
https://kawalpemilu.org#13773,"PARAK LAWEH PULAU AIA NAN XX, LUBUK BEGALUNG, KOTA PADANG, SUMATERA BARAT",11,32,183,215
https://kawalpemilu.org#13773,"PARAK LAWEH PULAU AIA NAN XX, LUBUK BEGALUNG, KOTA PADANG, SUMATERA BARAT",12,27,160,187
https://kawalpemilu.org#13773,"PARAK LAWEH PULAU AIA NAN XX, LUBUK BEGALUNG, KOTA PADANG, SUMATERA BARAT",13,27,200,227
https://kawalpemilu.org#13773,"PARAK LAWEH PULAU AIA NAN XX, LUBUK BEGALUNG, KOTA PADANG, SUMATERA BARAT",14,56,146,202
https://kawalpemilu.org#13773,"PARAK LAWEH PULAU AIA NAN XX, LUBUK BEGALUNG, KOTA PADANG, SUMATERA BARAT",15,23,200,223
https://kawalpemilu.org#13773,"PARAK LAWEH PULAU AIA NAN XX, LUBUK BEGALUNG, KOTA PADANG, SUMATERA BARAT",16,41,205,246
https://kawalpemilu.org#13773,"PARAK LAWEH PULAU AIA NAN XX, LUBUK BEGALUNG, KOTA PADANG, SUMATERA BARAT",17,57,147,204
https://kawalpemilu.org#13773,"PARAK LAWEH PULAU AIA NAN XX, LUBUK BEGALUNG, KOTA PADANG, SUMATERA BARAT",18,70,197,267
https://kawalpemilu.org#13773,"PARAK LAWEH PULAU AIA NAN XX, LUBUK BEGALUNG, KOTA PADANG, SUMATERA BARAT",19,37,186,223
https://kawalpemilu.org#13773,"PARAK LAWEH PULAU AIA NAN XX, LUBUK BEGALUNG, KOTA PADANG, SUMATERA BARAT",20,57,194,251
https://kawalpemilu.org#13773,"PARAK LAWEH PULAU AIA NAN XX, LUBUK BEGALUNG, KOTA PADANG, SUMATERA BARAT",21,12,119,131
https://kawalpemilu.org#13773,"PARAK LAWEH PULAU AIA NAN XX, LUBUK BEGALUNG, KOTA PADANG, SUMATERA BARAT",22,41,181,222
https://kawalpemilu.org#13773,"PARAK LAWEH PULAU AIA NAN XX, LUBUK BEGALUNG, KOTA PADANG, SUMATERA BARAT",24,40,213,253
https://kawalpemilu.org#13773,"PARAK LAWEH PULAU AIA NAN XX, LUBUK BEGALUNG, KOTA PADANG, SUMATERA BARAT",25,37,156,193
https://kawalpemilu.org#13773,"PARAK LAWEH PULAU AIA NAN XX, LUBUK BEGALUNG, KOTA PADANG, SUMATERA BARAT",26,44,215,259
https://kawalpemilu.org#13773,"PARAK LAWEH PULAU AIA NAN XX, LUBUK BEGALUNG, KOTA PADANG, SUMATERA BARAT",27,15,147,162
https://kawalpemilu.org#13773,"PARAK LAWEH PULAU AIA NAN XX, LUBUK BEGALUNG, KOTA PADANG, SUMATERA BARAT",28,23,101,124
https://kawalpemilu.org#13774,"PEGAMBIRAN, AMPALU NAN XX, LUBUK BEGALUNG, KOTA PADANG, SUMATERA BARAT",1,16,229,245
https://kawalpemilu.org#13774,"PEGAMBIRAN, AMPALU NAN XX, LUBUK BEGALUNG, KOTA PADANG, SUMATERA BARAT",2,21,211,232
https://kawalpemilu.org#13774,"PEGAMBIRAN, AMPALU NAN XX, LUBUK BEGALUNG, KOTA PADANG, SUMATERA BARAT",3,16,247,263
https://kawalpemilu.org#13774,"PEGAMBIRAN, AMPALU NAN XX, LUBUK BEGALUNG, KOTA PADANG, SUMATERA BARAT",4,26,238,264
https://kawalpemilu.org#13774,"PEGAMBIRAN, AMPALU NAN XX, LUBUK BEGALUNG, KOTA PADANG, SUMATERA BARAT",5,21,243,264
https://kawalpemilu.org#13774,"PEGAMBIRAN, AMPALU NAN XX, LUBUK BEGALUNG, KOTA PADANG, SUMATERA BARAT",6,31,169,200
https://kawalpemilu.org#13774,"PEGAMBIRAN, AMPALU NAN XX, LUBUK BEGALUNG, KOTA PADANG, SUMATERA BARAT",7,14,205,219
https://kawalpemilu.org#13774,"PEGAMBIRAN, AMPALU NAN XX, LUBUK BEGALUNG, KOTA PADANG, SUMATERA BARAT",8,14,188,202
https://kawalpemilu.org#13774,"PEGAMBIRAN, AMPALU NAN XX, LUBUK BEGALUNG, KOTA PADANG, SUMATERA BARAT",9,29,156,185
https://kawalpemilu.org#13774,"PEGAMBIRAN, AMPALU NAN XX, LUBUK BEGALUNG, KOTA PADANG, SUMATERA BARAT",10,16,168,184
https://kawalpemilu.org#13774,"PEGAMBIRAN, AMPALU NAN XX, LUBUK BEGALUNG, KOTA PADANG, SUMATERA BARAT",12,18,199,217
https://kawalpemilu.org#13774,"PEGAMBIRAN, AMPALU NAN XX, LUBUK BEGALUNG, KOTA PADANG, SUMATERA BARAT",13,12,211,223
https://kawalpemilu.org#13774,"PEGAMBIRAN, AMPALU NAN XX, LUBUK BEGALUNG, KOTA PADANG, SUMATERA BARAT",14,39,197,236
https://kawalpemilu.org#13774,"PEGAMBIRAN, AMPALU NAN XX, LUBUK BEGALUNG, KOTA PADANG, SUMATERA BARAT",15,32,164,196
https://kawalpemilu.org#13774,"PEGAMBIRAN, AMPALU NAN XX, LUBUK BEGALUNG, KOTA PADANG, SUMATERA BARAT",16,25,216,241
https://kawalpemilu.org#13774,"PEGAMBIRAN, AMPALU NAN XX, LUBUK BEGALUNG, KOTA PADANG, SUMATERA BARAT",17,37,200,237
https://kawalpemilu.org#13774,"PEGAMBIRAN, AMPALU NAN XX, LUBUK BEGALUNG, KOTA PADANG, SUMATERA BARAT",18,41,183,224
https://kawalpemilu.org#13774,"PEGAMBIRAN, AMPALU NAN XX, LUBUK BEGALUNG, KOTA PADANG, SUMATERA BARAT",19,27,209,236
https://kawalpemilu.org#13774,"PEGAMBIRAN, AMPALU NAN XX, LUBUK BEGALUNG, KOTA PADANG, SUMATERA BARAT",20,30,156,186
https://kawalpemilu.org#13774,"PEGAMBIRAN, AMPALU NAN XX, LUBUK BEGALUNG, KOTA PADANG, SUMATERA BARAT",21,16,223,239
https://kawalpemilu.org#13774,"PEGAMBIRAN, AMPALU NAN XX, LUBUK BEGALUNG, KOTA PADANG, SUMATERA BARAT",22,25,219,244
https://kawalpemilu.org#13774,"PEGAMBIRAN, AMPALU NAN XX, LUBUK BEGALUNG, KOTA PADANG, SUMATERA BARAT",23,17,164,181
https://kawalpemilu.org#13774,"PEGAMBIRAN, AMPALU NAN XX, LUBUK BEGALUNG, KOTA PADANG, SUMATERA BARAT",24,11,178,189
https://kawalpemilu.org#13774,"PEGAMBIRAN, AMPALU NAN XX, LUBUK BEGALUNG, KOTA PADANG, SUMATERA BARAT",25,31,162,193
https://kawalpemilu.org#13774,"PEGAMBIRAN, AMPALU NAN XX, LUBUK BEGALUNG, KOTA PADANG, SUMATERA BARAT",26,21,169,190
https://kawalpemilu.org#13774,"PEGAMBIRAN, AMPALU NAN XX, LUBUK BEGALUNG, KOTA PADANG, SUMATERA BARAT",27,33,182,215
https://kawalpemilu.org#13774,"PEGAMBIRAN, AMPALU NAN XX, LUBUK BEGALUNG, KOTA PADANG, SUMATERA BARAT",28,27,189,216
https://kawalpemilu.org#13774,"PEGAMBIRAN, AMPALU NAN XX, LUBUK BEGALUNG, KOTA PADANG, SUMATERA BARAT",29,29,188,217
https://kawalpemilu.org#13774,"PEGAMBIRAN, AMPALU NAN XX, LUBUK BEGALUNG, KOTA PADANG, SUMATERA BARAT",30,29,194,223
https://kawalpemilu.org#13774,"PEGAMBIRAN, AMPALU NAN XX, LUBUK BEGALUNG, KOTA PADANG, SUMATERA BARAT",31,43,185,228
https://kawalpemilu.org#13774,"PEGAMBIRAN, AMPALU NAN XX, LUBUK BEGALUNG, KOTA PADANG, SUMATERA BARAT",32,21,222,243
https://kawalpemilu.org#13774,"PEGAMBIRAN, AMPALU NAN XX, LUBUK BEGALUNG, KOTA PADANG, SUMATERA BARAT",33,7,216,223
https://kawalpemilu.org#13774,"PEGAMBIRAN, AMPALU NAN XX, LUBUK BEGALUNG, KOTA PADANG, SUMATERA BARAT",35,18,189,207
https://kawalpemilu.org#13774,"PEGAMBIRAN, AMPALU NAN XX, LUBUK BEGALUNG, KOTA PADANG, SUMATERA BARAT",36,13,203,216
https://kawalpemilu.org#13774,"PEGAMBIRAN, AMPALU NAN XX, LUBUK BEGALUNG, KOTA PADANG, SUMATERA BARAT",37,18,185,203
https://kawalpemilu.org#13774,"PEGAMBIRAN, AMPALU NAN XX, LUBUK BEGALUNG, KOTA PADANG, SUMATERA BARAT",38,19,184,203
https://kawalpemilu.org#13774,"PEGAMBIRAN, AMPALU NAN XX, LUBUK BEGALUNG, KOTA PADANG, SUMATERA BARAT",39,18,188,206
https://kawalpemilu.org#13774,"PEGAMBIRAN, AMPALU NAN XX, LUBUK BEGALUNG, KOTA PADANG, SUMATERA BARAT",40,15,189,204
https://kawalpemilu.org#13774,"PEGAMBIRAN, AMPALU NAN XX, LUBUK BEGALUNG, KOTA PADANG, SUMATERA BARAT",41,17,191,208
https://kawalpemilu.org#13774,"PEGAMBIRAN, AMPALU NAN XX, LUBUK BEGALUNG, KOTA PADANG, SUMATERA BARAT",42,22,172,194
https://kawalpemilu.org#13774,"PEGAMBIRAN, AMPALU NAN XX, LUBUK BEGALUNG, KOTA PADANG, SUMATERA BARAT",43,14,180,194
https://kawalpemilu.org#13774,"PEGAMBIRAN, AMPALU NAN XX, LUBUK BEGALUNG, KOTA PADANG, SUMATERA BARAT",44,18,204,222
https://kawalpemilu.org#13774,"PEGAMBIRAN, AMPALU NAN XX, LUBUK BEGALUNG, KOTA PADANG, SUMATERA BARAT",45,16,166,182
https://kawalpemilu.org#13774,"PEGAMBIRAN, AMPALU NAN XX, LUBUK BEGALUNG, KOTA PADANG, SUMATERA BARAT",46,42,194,236
https://kawalpemilu.org#13774,"PEGAMBIRAN, AMPALU NAN XX, LUBUK BEGALUNG, KOTA PADANG, SUMATERA BARAT",47,22,215,237
https://kawalpemilu.org#13774,"PEGAMBIRAN, AMPALU NAN XX, LUBUK BEGALUNG, KOTA PADANG, SUMATERA BARAT",48,19,223,242
https://kawalpemilu.org#13774,"PEGAMBIRAN, AMPALU NAN XX, LUBUK BEGALUNG, KOTA PADANG, SUMATERA BARAT",49,29,178,207
https://kawalpemilu.org#13774,"PEGAMBIRAN, AMPALU NAN XX, LUBUK BEGALUNG, KOTA PADANG, SUMATERA BARAT",50,15,206,221
https://kawalpemilu.org#13775,"PAMPANGAN NAN XX, LUBUK BEGALUNG, KOTA PADANG, SUMATERA BARAT",1,19,228,247
https://kawalpemilu.org#13775,"PAMPANGAN NAN XX, LUBUK BEGALUNG, KOTA PADANG, SUMATERA BARAT",2,20,215,235
https://kawalpemilu.org#13775,"PAMPANGAN NAN XX, LUBUK BEGALUNG, KOTA PADANG, SUMATERA BARAT",3,18,157,175
https://kawalpemilu.org#13775,"PAMPANGAN NAN XX, LUBUK BEGALUNG, KOTA PADANG, SUMATERA BARAT",4,18,164,182
https://kawalpemilu.org#13775,"PAMPANGAN NAN XX, LUBUK BEGALUNG, KOTA PADANG, SUMATERA BARAT",5,35,217,252
https://kawalpemilu.org#13775,"PAMPANGAN NAN XX, LUBUK BEGALUNG, KOTA PADANG, SUMATERA BARAT",6,31,230,261
https://kawalpemilu.org#13775,"PAMPANGAN NAN XX, LUBUK BEGALUNG, KOTA PADANG, SUMATERA BARAT",7,123,98,221
https://kawalpemilu.org#13775,"PAMPANGAN NAN XX, LUBUK BEGALUNG, KOTA PADANG, SUMATERA BARAT",8,102,155,257
https://kawalpemilu.org#13775,"PAMPANGAN NAN XX, LUBUK BEGALUNG, KOTA PADANG, SUMATERA BARAT",9,29,218,247
https://kawalpemilu.org#13775,"PAMPANGAN NAN XX, LUBUK BEGALUNG, KOTA PADANG, SUMATERA BARAT",10,7,243,250
https://kawalpemilu.org#13775,"PAMPANGAN NAN XX, LUBUK BEGALUNG, KOTA PADANG, SUMATERA BARAT",11,7,217,224
https://kawalpemilu.org#13775,"PAMPANGAN NAN XX, LUBUK BEGALUNG, KOTA PADANG, SUMATERA BARAT",12,29,217,246
https://kawalpemilu.org#13775,"PAMPANGAN NAN XX, LUBUK BEGALUNG, KOTA PADANG, SUMATERA BARAT",13,41,206,247
https://kawalpemilu.org#13775,"PAMPANGAN NAN XX, LUBUK BEGALUNG, KOTA PADANG, SUMATERA BARAT",14,23,167,190
https://kawalpemilu.org#13775,"PAMPANGAN NAN XX, LUBUK BEGALUNG, KOTA PADANG, SUMATERA BARAT",15,20,153,173
https://kawalpemilu.org#13775,"PAMPANGAN NAN XX, LUBUK BEGALUNG, KOTA PADANG, SUMATERA BARAT",16,28,167,195
https://kawalpemilu.org#13775,"PAMPANGAN NAN XX, LUBUK BEGALUNG, KOTA PADANG, SUMATERA BARAT",17,27,195,222
https://kawalpemilu.org#13775,"PAMPANGAN NAN XX, LUBUK BEGALUNG, KOTA PADANG, SUMATERA BARAT",18,46,161,207
https://kawalpemilu.org#13775,"PAMPANGAN NAN XX, LUBUK BEGALUNG, KOTA PADANG, SUMATERA BARAT",19,28,181,209
https://kawalpemilu.org#13775,"PAMPANGAN NAN XX, LUBUK BEGALUNG, KOTA PADANG, SUMATERA BARAT",20,35,184,219
https://kawalpemilu.org#13775,"PAMPANGAN NAN XX, LUBUK BEGALUNG, KOTA PADANG, SUMATERA BARAT",21,32,191,223
https://kawalpemilu.org#13775,"PAMPANGAN NAN XX, LUBUK BEGALUNG, KOTA PADANG, SUMATERA BARAT",22,26,174,200
https://kawalpemilu.org#13775,"PAMPANGAN NAN XX, LUBUK BEGALUNG, KOTA PADANG, SUMATERA BARAT",23,32,213,245
https://kawalpemilu.org#13775,"PAMPANGAN NAN XX, LUBUK BEGALUNG, KOTA PADANG, SUMATERA BARAT",24,29,211,240
https://kawalpemilu.org#13775,"PAMPANGAN NAN XX, LUBUK BEGALUNG, KOTA PADANG, SUMATERA BARAT",25,34,196,230
https://kawalpemilu.org#13775,"PAMPANGAN NAN XX, LUBUK BEGALUNG, KOTA PADANG, SUMATERA BARAT",26,36,180,216
https://kawalpemilu.org#13775,"PAMPANGAN NAN XX, LUBUK BEGALUNG, KOTA PADANG, SUMATERA BARAT",27,14,185,199
https://kawalpemilu.org#13775,"PAMPANGAN NAN XX, LUBUK BEGALUNG, KOTA PADANG, SUMATERA BARAT",28,14,177,191
https://kawalpemilu.org#13776,"GATES NAN XX, LUBUK BEGALUNG, KOTA PADANG, SUMATERA BARAT",1,25,164,189
https://kawalpemilu.org#13776,"GATES NAN XX, LUBUK BEGALUNG, KOTA PADANG, SUMATERA BARAT",2,21,112,133
https://kawalpemilu.org#13776,"GATES NAN XX, LUBUK BEGALUNG, KOTA PADANG, SUMATERA BARAT",3,9,176,185
https://kawalpemilu.org#13776,"GATES NAN XX, LUBUK BEGALUNG, KOTA PADANG, SUMATERA BARAT",4,26,160,186
https://kawalpemilu.org#13776,"GATES NAN XX, LUBUK BEGALUNG, KOTA PADANG, SUMATERA BARAT",5,25,192,217
https://kawalpemilu.org#13776,"GATES NAN XX, LUBUK BEGALUNG, KOTA PADANG, SUMATERA BARAT",6,13,197,210
https://kawalpemilu.org#13776,"GATES NAN XX, LUBUK BEGALUNG, KOTA PADANG, SUMATERA BARAT",7,21,174,195
https://kawalpemilu.org#13776,"GATES NAN XX, LUBUK BEGALUNG, KOTA PADANG, SUMATERA BARAT",9,24,162,186
https://kawalpemilu.org#13776,"GATES NAN XX, LUBUK BEGALUNG, KOTA PADANG, SUMATERA BARAT",10,58,187,245
https://kawalpemilu.org#13776,"GATES NAN XX, LUBUK BEGALUNG, KOTA PADANG, SUMATERA BARAT",11,51,195,246
https://kawalpemilu.org#13776,"GATES NAN XX, LUBUK BEGALUNG, KOTA PADANG, SUMATERA BARAT",12,28,187,215
https://kawalpemilu.org#13776,"GATES NAN XX, LUBUK BEGALUNG, KOTA PADANG, SUMATERA BARAT",13,27,177,204
https://kawalpemilu.org#13776,"GATES NAN XX, LUBUK BEGALUNG, KOTA PADANG, SUMATERA BARAT",14,42,176,218
https://kawalpemilu.org#13776,"GATES NAN XX, LUBUK BEGALUNG, KOTA PADANG, SUMATERA BARAT",16,13,173,186
https://kawalpemilu.org#13776,"GATES NAN XX, LUBUK BEGALUNG, KOTA PADANG, SUMATERA BARAT",17,47,153,200
https://kawalpemilu.org#13776,"GATES NAN XX, LUBUK BEGALUNG, KOTA PADANG, SUMATERA BARAT",18,20,78,98
https://kawalpemilu.org#13777,"KAMPUNG JUA NAN XX, LUBUK BEGALUNG, KOTA PADANG, SUMATERA BARAT",3,21,180,201
https://kawalpemilu.org#13777,"KAMPUNG JUA NAN XX, LUBUK BEGALUNG, KOTA PADANG, SUMATERA BARAT",7,15,186,201
https://kawalpemilu.org#13777,"KAMPUNG JUA NAN XX, LUBUK BEGALUNG, KOTA PADANG, SUMATERA BARAT",16,9,219,228
https://kawalpemilu.org#89561,"BATUNG TABA NAN XX, LUBUK BEGALUNG, KOTA PADANG, SUMATERA BARAT",1,31,211,242
https://kawalpemilu.org#89561,"BATUNG TABA NAN XX, LUBUK BEGALUNG, KOTA PADANG, SUMATERA BARAT",2,14,123,137
https://kawalpemilu.org#89561,"BATUNG TABA NAN XX, LUBUK BEGALUNG, KOTA PADANG, SUMATERA BARAT",3,17,161,178
https://kawalpemilu.org#89561,"BATUNG TABA NAN XX, LUBUK BEGALUNG, KOTA PADANG, SUMATERA BARAT",4,25,212,237
https://kawalpemilu.org#89561,"BATUNG TABA NAN XX, LUBUK BEGALUNG, KOTA PADANG, SUMATERA BARAT",5,24,205,229
https://kawalpemilu.org#89561,"BATUNG TABA NAN XX, LUBUK BEGALUNG, KOTA PADANG, SUMATERA BARAT",6,25,225,250
https://kawalpemilu.org#89561,"BATUNG TABA NAN XX, LUBUK BEGALUNG, KOTA PADANG, SUMATERA BARAT",7,31,211,242
https://kawalpemilu.org#89561,"BATUNG TABA NAN XX, LUBUK BEGALUNG, KOTA PADANG, SUMATERA BARAT",8,26,173,199
https://kawalpemilu.org#89561,"BATUNG TABA NAN XX, LUBUK BEGALUNG, KOTA PADANG, SUMATERA BARAT",9,20,219,239
https://kawalpemilu.org#89561,"BATUNG TABA NAN XX, LUBUK BEGALUNG, KOTA PADANG, SUMATERA BARAT",10,17,222,239
https://kawalpemilu.org#89561,"BATUNG TABA NAN XX, LUBUK BEGALUNG, KOTA PADANG, SUMATERA BARAT",11,40,195,235
https://kawalpemilu.org#89561,"BATUNG TABA NAN XX, LUBUK BEGALUNG, KOTA PADANG, SUMATERA BARAT",12,13,131,144
https://kawalpemilu.org#89561,"BATUNG TABA NAN XX, LUBUK BEGALUNG, KOTA PADANG, SUMATERA BARAT",13,5,174,179
https://kawalpemilu.org#89561,"BATUNG TABA NAN XX, LUBUK BEGALUNG, KOTA PADANG, SUMATERA BARAT",14,8,135,143
https://kawalpemilu.org#89561,"BATUNG TABA NAN XX, LUBUK BEGALUNG, KOTA PADANG, SUMATERA BARAT",15,36,199,235
https://kawalpemilu.org#89561,"BATUNG TABA NAN XX, LUBUK BEGALUNG, KOTA PADANG, SUMATERA BARAT",16,29,200,229
https://kawalpemilu.org#89561,"BATUNG TABA NAN XX, LUBUK BEGALUNG, KOTA PADANG, SUMATERA BARAT",17,24,121,145
https://kawalpemilu.org#89561,"BATUNG TABA NAN XX, LUBUK BEGALUNG, KOTA PADANG, SUMATERA BARAT",18,11,119,130
https://kawalpemilu.org#89561,"BATUNG TABA NAN XX, LUBUK BEGALUNG, KOTA PADANG, SUMATERA BARAT",19,10,217,227
https://kawalpemilu.org#89561,"BATUNG TABA NAN XX, LUBUK BEGALUNG, KOTA PADANG, SUMATERA BARAT",20,24,173,197
https://kawalpemilu.org#89561,"BATUNG TABA NAN XX, LUBUK BEGALUNG, KOTA PADANG, SUMATERA BARAT",21,42,197,239
https://kawalpemilu.org#89561,"BATUNG TABA NAN XX, LUBUK BEGALUNG, KOTA PADANG, SUMATERA BARAT",22,52,181,233
https://kawalpemilu.org#13780,"INDARUNG, LUBUK KILANGAN, KOTA PADANG, SUMATERA BARAT",2,24,124,148
https://kawalpemilu.org#13780,"INDARUNG, LUBUK KILANGAN, KOTA PADANG, SUMATERA BARAT",3,41,215,256
https://kawalpemilu.org#13780,"INDARUNG, LUBUK KILANGAN, KOTA PADANG, SUMATERA BARAT",4,55,171,226
https://kawalpemilu.org#13780,"INDARUNG, LUBUK KILANGAN, KOTA PADANG, SUMATERA BARAT",5,15,141,156
https://kawalpemilu.org#13780,"INDARUNG, LUBUK KILANGAN, KOTA PADANG, SUMATERA BARAT",7,20,176,196
https://kawalpemilu.org#13780,"INDARUNG, LUBUK KILANGAN, KOTA PADANG, SUMATERA BARAT",8,23,210,233
https://kawalpemilu.org#13780,"INDARUNG, LUBUK KILANGAN, KOTA PADANG, SUMATERA BARAT",10,28,188,216
https://kawalpemilu.org#13780,"INDARUNG, LUBUK KILANGAN, KOTA PADANG, SUMATERA BARAT",11,15,219,234
https://kawalpemilu.org#13780,"INDARUNG, LUBUK KILANGAN, KOTA PADANG, SUMATERA BARAT",12,29,222,251
https://kawalpemilu.org#13780,"INDARUNG, LUBUK KILANGAN, KOTA PADANG, SUMATERA BARAT",13,22,215,237
https://kawalpemilu.org#13780,"INDARUNG, LUBUK KILANGAN, KOTA PADANG, SUMATERA BARAT",15,13,162,175
https://kawalpemilu.org#13780,"INDARUNG, LUBUK KILANGAN, KOTA PADANG, SUMATERA BARAT",16,10,116,126
https://kawalpemilu.org#13780,"INDARUNG, LUBUK KILANGAN, KOTA PADANG, SUMATERA BARAT",17,11,202,213
https://kawalpemilu.org#13780,"INDARUNG, LUBUK KILANGAN, KOTA PADANG, SUMATERA BARAT",18,26,179,205
https://kawalpemilu.org#13780,"INDARUNG, LUBUK KILANGAN, KOTA PADANG, SUMATERA BARAT",19,15,182,197
https://kawalpemilu.org#13780,"INDARUNG, LUBUK KILANGAN, KOTA PADANG, SUMATERA BARAT",20,14,125,139
https://kawalpemilu.org#13780,"INDARUNG, LUBUK KILANGAN, KOTA PADANG, SUMATERA BARAT",21,33,169,202
https://kawalpemilu.org#13780,"INDARUNG, LUBUK KILANGAN, KOTA PADANG, SUMATERA BARAT",22,25,215,240
https://kawalpemilu.org#13780,"INDARUNG, LUBUK KILANGAN, KOTA PADANG, SUMATERA BARAT",23,25,159,184
https://kawalpemilu.org#13780,"INDARUNG, LUBUK KILANGAN, KOTA PADANG, SUMATERA BARAT",24,3,147,150
https://kawalpemilu.org#13780,"INDARUNG, LUBUK KILANGAN, KOTA PADANG, SUMATERA BARAT",25,35,117,152
https://kawalpemilu.org#13780,"INDARUNG, LUBUK KILANGAN, KOTA PADANG, SUMATERA BARAT",26,39,85,124
https://kawalpemilu.org#13780,"INDARUNG, LUBUK KILANGAN, KOTA PADANG, SUMATERA BARAT",27,9,132,141
https://kawalpemilu.org#13780,"INDARUNG, LUBUK KILANGAN, KOTA PADANG, SUMATERA BARAT",28,7,139,146
https://kawalpemilu.org#13781,"PADANG BESI, LUBUK KILANGAN, KOTA PADANG, SUMATERA BARAT",1,3,160,163
https://kawalpemilu.org#13781,"PADANG BESI, LUBUK KILANGAN, KOTA PADANG, SUMATERA BARAT",2,7,119,126
https://kawalpemilu.org#13781,"PADANG BESI, LUBUK KILANGAN, KOTA PADANG, SUMATERA BARAT",3,3,132,135
https://kawalpemilu.org#13781,"PADANG BESI, LUBUK KILANGAN, KOTA PADANG, SUMATERA BARAT",4,23,204,227
https://kawalpemilu.org#13781,"PADANG BESI, LUBUK KILANGAN, KOTA PADANG, SUMATERA BARAT",5,22,211,233
https://kawalpemilu.org#13781,"PADANG BESI, LUBUK KILANGAN, KOTA PADANG, SUMATERA BARAT",6,23,176,199
https://kawalpemilu.org#13781,"PADANG BESI, LUBUK KILANGAN, KOTA PADANG, SUMATERA BARAT",7,23,201,224
https://kawalpemilu.org#13781,"PADANG BESI, LUBUK KILANGAN, KOTA PADANG, SUMATERA BARAT",8,7,153,160
https://kawalpemilu.org#13781,"PADANG BESI, LUBUK KILANGAN, KOTA PADANG, SUMATERA BARAT",9,26,189,215
https://kawalpemilu.org#13781,"PADANG BESI, LUBUK KILANGAN, KOTA PADANG, SUMATERA BARAT",10,16,158,174
https://kawalpemilu.org#13781,"PADANG BESI, LUBUK KILANGAN, KOTA PADANG, SUMATERA BARAT",11,23,216,239
https://kawalpemilu.org#13781,"PADANG BESI, LUBUK KILANGAN, KOTA PADANG, SUMATERA BARAT",12,26,168,194
https://kawalpemilu.org#13781,"PADANG BESI, LUBUK KILANGAN, KOTA PADANG, SUMATERA BARAT",13,24,215,239
https://kawalpemilu.org#13781,"PADANG BESI, LUBUK KILANGAN, KOTA PADANG, SUMATERA BARAT",14,20,132,152
https://kawalpemilu.org#13781,"PADANG BESI, LUBUK KILANGAN, KOTA PADANG, SUMATERA BARAT",15,22,169,191
https://kawalpemilu.org#13781,"PADANG BESI, LUBUK KILANGAN, KOTA PADANG, SUMATERA BARAT",16,32,189,221
https://kawalpemilu.org#13781,"PADANG BESI, LUBUK KILANGAN, KOTA PADANG, SUMATERA BARAT",17,12,123,135
https://kawalpemilu.org#13781,"PADANG BESI, LUBUK KILANGAN, KOTA PADANG, SUMATERA BARAT",18,23,183,206
https://kawalpemilu.org#13781,"PADANG BESI, LUBUK KILANGAN, KOTA PADANG, SUMATERA BARAT",19,15,217,232
https://kawalpemilu.org#13781,"PADANG BESI, LUBUK KILANGAN, KOTA PADANG, SUMATERA BARAT",20,17,160,177
https://kawalpemilu.org#13781,"PADANG BESI, LUBUK KILANGAN, KOTA PADANG, SUMATERA BARAT",21,9,115,124
https://kawalpemilu.org#13782,"BATU GADANG, LUBUK KILANGAN, KOTA PADANG, SUMATERA BARAT",1,28,158,186
https://kawalpemilu.org#13782,"BATU GADANG, LUBUK KILANGAN, KOTA PADANG, SUMATERA BARAT",2,16,156,172
https://kawalpemilu.org#13782,"BATU GADANG, LUBUK KILANGAN, KOTA PADANG, SUMATERA BARAT",3,13,149,162
https://kawalpemilu.org#13782,"BATU GADANG, LUBUK KILANGAN, KOTA PADANG, SUMATERA BARAT",4,26,157,183
https://kawalpemilu.org#13782,"BATU GADANG, LUBUK KILANGAN, KOTA PADANG, SUMATERA BARAT",5,13,188,201
https://kawalpemilu.org#13782,"BATU GADANG, LUBUK KILANGAN, KOTA PADANG, SUMATERA BARAT",6,20,182,202
https://kawalpemilu.org#13782,"BATU GADANG, LUBUK KILANGAN, KOTA PADANG, SUMATERA BARAT",7,17,151,168
https://kawalpemilu.org#13782,"BATU GADANG, LUBUK KILANGAN, KOTA PADANG, SUMATERA BARAT",8,18,216,234
https://kawalpemilu.org#13782,"BATU GADANG, LUBUK KILANGAN, KOTA PADANG, SUMATERA BARAT",9,11,235,246
https://kawalpemilu.org#13782,"BATU GADANG, LUBUK KILANGAN, KOTA PADANG, SUMATERA BARAT",10,25,203,228
https://kawalpemilu.org#13782,"BATU GADANG, LUBUK KILANGAN, KOTA PADANG, SUMATERA BARAT",11,25,200,225
https://kawalpemilu.org#13782,"BATU GADANG, LUBUK KILANGAN, KOTA PADANG, SUMATERA BARAT",12,21,177,198
https://kawalpemilu.org#13782,"BATU GADANG, LUBUK KILANGAN, KOTA PADANG, SUMATERA BARAT",13,14,177,191
https://kawalpemilu.org#13782,"BATU GADANG, LUBUK KILANGAN, KOTA PADANG, SUMATERA BARAT",14,18,185,203
https://kawalpemilu.org#13782,"BATU GADANG, LUBUK KILANGAN, KOTA PADANG, SUMATERA BARAT",15,35,195,230
https://kawalpemilu.org#13782,"BATU GADANG, LUBUK KILANGAN, KOTA PADANG, SUMATERA BARAT",17,18,170,188
https://kawalpemilu.org#13782,"BATU GADANG, LUBUK KILANGAN, KOTA PADANG, SUMATERA BARAT",18,20,148,168
https://kawalpemilu.org#13782,"BATU GADANG, LUBUK KILANGAN, KOTA PADANG, SUMATERA BARAT",19,17,156,173
https://kawalpemilu.org#13782,"BATU GADANG, LUBUK KILANGAN, KOTA PADANG, SUMATERA BARAT",21,16,179,195
https://kawalpemilu.org#13783,"BANDA BUEK, LUBUK KILANGAN, KOTA PADANG, SUMATERA BARAT",1,33,214,247
https://kawalpemilu.org#13783,"BANDA BUEK, LUBUK KILANGAN, KOTA PADANG, SUMATERA BARAT",3,6,216,222
https://kawalpemilu.org#13783,"BANDA BUEK, LUBUK KILANGAN, KOTA PADANG, SUMATERA BARAT",4,27,210,237
https://kawalpemilu.org#13783,"BANDA BUEK, LUBUK KILANGAN, KOTA PADANG, SUMATERA BARAT",5,13,200,213
https://kawalpemilu.org#13783,"BANDA BUEK, LUBUK KILANGAN, KOTA PADANG, SUMATERA BARAT",6,10,167,177
https://kawalpemilu.org#13783,"BANDA BUEK, LUBUK KILANGAN, KOTA PADANG, SUMATERA BARAT",7,19,208,227
https://kawalpemilu.org#13783,"BANDA BUEK, LUBUK KILANGAN, KOTA PADANG, SUMATERA BARAT",8,10,164,174
https://kawalpemilu.org#13783,"BANDA BUEK, LUBUK KILANGAN, KOTA PADANG, SUMATERA BARAT",9,26,212,238
https://kawalpemilu.org#13783,"BANDA BUEK, LUBUK KILANGAN, KOTA PADANG, SUMATERA BARAT",10,22,197,219
https://kawalpemilu.org#13783,"BANDA BUEK, LUBUK KILANGAN, KOTA PADANG, SUMATERA BARAT",11,10,125,135
https://kawalpemilu.org#13783,"BANDA BUEK, LUBUK KILANGAN, KOTA PADANG, SUMATERA BARAT",12,24,206,230
https://kawalpemilu.org#13783,"BANDA BUEK, LUBUK KILANGAN, KOTA PADANG, SUMATERA BARAT",13,8,170,178
https://kawalpemilu.org#13783,"BANDA BUEK, LUBUK KILANGAN, KOTA PADANG, SUMATERA BARAT",14,33,166,199
https://kawalpemilu.org#13783,"BANDA BUEK, LUBUK KILANGAN, KOTA PADANG, SUMATERA BARAT",15,17,203,220
https://kawalpemilu.org#13783,"BANDA BUEK, LUBUK KILANGAN, KOTA PADANG, SUMATERA BARAT",17,10,157,167
https://kawalpemilu.org#13783,"BANDA BUEK, LUBUK KILANGAN, KOTA PADANG, SUMATERA BARAT",18,8,207,215
https://kawalpemilu.org#13783,"BANDA BUEK, LUBUK KILANGAN, KOTA PADANG, SUMATERA BARAT",19,15,170,185
https://kawalpemilu.org#13783,"BANDA BUEK, LUBUK KILANGAN, KOTA PADANG, SUMATERA BARAT",21,12,202,214
https://kawalpemilu.org#13783,"BANDA BUEK, LUBUK KILANGAN, KOTA PADANG, SUMATERA BARAT",22,18,153,171
https://kawalpemilu.org#13783,"BANDA BUEK, LUBUK KILANGAN, KOTA PADANG, SUMATERA BARAT",23,20,180,200
https://kawalpemilu.org#13783,"BANDA BUEK, LUBUK KILANGAN, KOTA PADANG, SUMATERA BARAT",24,8,199,207
https://kawalpemilu.org#13783,"BANDA BUEK, LUBUK KILANGAN, KOTA PADANG, SUMATERA BARAT",25,16,160,176
https://kawalpemilu.org#13783,"BANDA BUEK, LUBUK KILANGAN, KOTA PADANG, SUMATERA BARAT",26,32,192,224
https://kawalpemilu.org#13783,"BANDA BUEK, LUBUK KILANGAN, KOTA PADANG, SUMATERA BARAT",27,44,189,233
https://kawalpemilu.org#13783,"BANDA BUEK, LUBUK KILANGAN, KOTA PADANG, SUMATERA BARAT",28,37,199,236
https://kawalpemilu.org#13783,"BANDA BUEK, LUBUK KILANGAN, KOTA PADANG, SUMATERA BARAT",29,13,140,153
https://kawalpemilu.org#13783,"BANDA BUEK, LUBUK KILANGAN, KOTA PADANG, SUMATERA BARAT",30,16,128,144
https://kawalpemilu.org#13783,"BANDA BUEK, LUBUK KILANGAN, KOTA PADANG, SUMATERA BARAT",31,14,211,225
https://kawalpemilu.org#13783,"BANDA BUEK, LUBUK KILANGAN, KOTA PADANG, SUMATERA BARAT",32,16,151,167
https://kawalpemilu.org#13783,"BANDA BUEK, LUBUK KILANGAN, KOTA PADANG, SUMATERA BARAT",33,23,95,118
https://kawalpemilu.org#13783,"BANDA BUEK, LUBUK KILANGAN, KOTA PADANG, SUMATERA BARAT",34,8,143,151
https://kawalpemilu.org#13783,"BANDA BUEK, LUBUK KILANGAN, KOTA PADANG, SUMATERA BARAT",35,22,108,130
https://kawalpemilu.org#13783,"BANDA BUEK, LUBUK KILANGAN, KOTA PADANG, SUMATERA BARAT",36,20,206,226
https://kawalpemilu.org#13783,"BANDA BUEK, LUBUK KILANGAN, KOTA PADANG, SUMATERA BARAT",37,30,187,217
https://kawalpemilu.org#13783,"BANDA BUEK, LUBUK KILANGAN, KOTA PADANG, SUMATERA BARAT",38,6,90,96
https://kawalpemilu.org#13783,"BANDA BUEK, LUBUK KILANGAN, KOTA PADANG, SUMATERA BARAT",39,11,49,60
https://kawalpemilu.org#13783,"BANDA BUEK, LUBUK KILANGAN, KOTA PADANG, SUMATERA BARAT",41,13,191,204
https://kawalpemilu.org#13784,"KOTO LALANG, LUBUK KILANGAN, KOTA PADANG, SUMATERA BARAT",1,11,147,158
https://kawalpemilu.org#13784,"KOTO LALANG, LUBUK KILANGAN, KOTA PADANG, SUMATERA BARAT",2,21,211,232
https://kawalpemilu.org#13784,"KOTO LALANG, LUBUK KILANGAN, KOTA PADANG, SUMATERA BARAT",3,17,198,215
https://kawalpemilu.org#13784,"KOTO LALANG, LUBUK KILANGAN, KOTA PADANG, SUMATERA BARAT",4,28,193,221
https://kawalpemilu.org#13784,"KOTO LALANG, LUBUK KILANGAN, KOTA PADANG, SUMATERA BARAT",5,13,236,249
https://kawalpemilu.org#13784,"KOTO LALANG, LUBUK KILANGAN, KOTA PADANG, SUMATERA BARAT",7,9,201,210
https://kawalpemilu.org#13784,"KOTO LALANG, LUBUK KILANGAN, KOTA PADANG, SUMATERA BARAT",8,18,166,184
https://kawalpemilu.org#13784,"KOTO LALANG, LUBUK KILANGAN, KOTA PADANG, SUMATERA BARAT",9,14,141,155
https://kawalpemilu.org#13784,"KOTO LALANG, LUBUK KILANGAN, KOTA PADANG, SUMATERA BARAT",10,20,168,188
https://kawalpemilu.org#13784,"KOTO LALANG, LUBUK KILANGAN, KOTA PADANG, SUMATERA BARAT",11,33,153,186
https://kawalpemilu.org#13784,"KOTO LALANG, LUBUK KILANGAN, KOTA PADANG, SUMATERA BARAT",12,13,215,228
https://kawalpemilu.org#13784,"KOTO LALANG, LUBUK KILANGAN, KOTA PADANG, SUMATERA BARAT",13,14,169,183
https://kawalpemilu.org#13784,"KOTO LALANG, LUBUK KILANGAN, KOTA PADANG, SUMATERA BARAT",14,9,178,187
https://kawalpemilu.org#13784,"KOTO LALANG, LUBUK KILANGAN, KOTA PADANG, SUMATERA BARAT",15,7,167,174
https://kawalpemilu.org#13784,"KOTO LALANG, LUBUK KILANGAN, KOTA PADANG, SUMATERA BARAT",16,9,137,146
https://kawalpemilu.org#13784,"KOTO LALANG, LUBUK KILANGAN, KOTA PADANG, SUMATERA BARAT",18,12,218,230
https://kawalpemilu.org#13784,"KOTO LALANG, LUBUK KILANGAN, KOTA PADANG, SUMATERA BARAT",19,17,219,236
https://kawalpemilu.org#13784,"KOTO LALANG, LUBUK KILANGAN, KOTA PADANG, SUMATERA BARAT",20,21,195,216
https://kawalpemilu.org#13784,"KOTO LALANG, LUBUK KILANGAN, KOTA PADANG, SUMATERA BARAT",21,21,211,232
https://kawalpemilu.org#13784,"KOTO LALANG, LUBUK KILANGAN, KOTA PADANG, SUMATERA BARAT",22,17,156,173
https://kawalpemilu.org#13784,"KOTO LALANG, LUBUK KILANGAN, KOTA PADANG, SUMATERA BARAT",23,7,100,107
https://kawalpemilu.org#13784,"KOTO LALANG, LUBUK KILANGAN, KOTA PADANG, SUMATERA BARAT",24,5,120,125
https://kawalpemilu.org#13784,"KOTO LALANG, LUBUK KILANGAN, KOTA PADANG, SUMATERA BARAT",25,11,186,197
https://kawalpemilu.org#13785,"BARINGIN, LUBUK KILANGAN, KOTA PADANG, SUMATERA BARAT",1,12,224,236
https://kawalpemilu.org#13785,"BARINGIN, LUBUK KILANGAN, KOTA PADANG, SUMATERA BARAT",2,10,231,241
https://kawalpemilu.org#13785,"BARINGIN, LUBUK KILANGAN, KOTA PADANG, SUMATERA BARAT",3,13,207,220
https://kawalpemilu.org#13785,"BARINGIN, LUBUK KILANGAN, KOTA PADANG, SUMATERA BARAT",4,14,143,157
https://kawalpemilu.org#13786,"TARANTANG, LUBUK KILANGAN, KOTA PADANG, SUMATERA BARAT",1,24,186,210
https://kawalpemilu.org#13786,"TARANTANG, LUBUK KILANGAN, KOTA PADANG, SUMATERA BARAT",2,10,203,213
https://kawalpemilu.org#13786,"TARANTANG, LUBUK KILANGAN, KOTA PADANG, SUMATERA BARAT",3,12,217,229
https://kawalpemilu.org#13786,"TARANTANG, LUBUK KILANGAN, KOTA PADANG, SUMATERA BARAT",4,32,174,206
https://kawalpemilu.org#13786,"TARANTANG, LUBUK KILANGAN, KOTA PADANG, SUMATERA BARAT",5,18,188,206
https://kawalpemilu.org#13786,"TARANTANG, LUBUK KILANGAN, KOTA PADANG, SUMATERA BARAT",6,18,195,213
https://kawalpemilu.org#13786,"TARANTANG, LUBUK KILANGAN, KOTA PADANG, SUMATERA BARAT",7,12,167,179
https://kawalpemilu.org#13786,"TARANTANG, LUBUK KILANGAN, KOTA PADANG, SUMATERA BARAT",8,29,195,224
https://kawalpemilu.org#13788,"LIMAU MANIS, PAUH, KOTA PADANG, SUMATERA BARAT",1,24,240,264
https://kawalpemilu.org#13788,"LIMAU MANIS, PAUH, KOTA PADANG, SUMATERA BARAT",2,13,243,256
https://kawalpemilu.org#13788,"LIMAU MANIS, PAUH, KOTA PADANG, SUMATERA BARAT",4,3,240,243
https://kawalpemilu.org#13788,"LIMAU MANIS, PAUH, KOTA PADANG, SUMATERA BARAT",5,8,209,217
https://kawalpemilu.org#13788,"LIMAU MANIS, PAUH, KOTA PADANG, SUMATERA BARAT",6,6,229,235
https://kawalpemilu.org#13788,"LIMAU MANIS, PAUH, KOTA PADANG, SUMATERA BARAT",7,26,230,256
https://kawalpemilu.org#13788,"LIMAU MANIS, PAUH, KOTA PADANG, SUMATERA BARAT",8,18,223,241
https://kawalpemilu.org#13788,"LIMAU MANIS, PAUH, KOTA PADANG, SUMATERA BARAT",9,13,180,193
https://kawalpemilu.org#13788,"LIMAU MANIS, PAUH, KOTA PADANG, SUMATERA BARAT",10,14,220,234
https://kawalpemilu.org#13788,"LIMAU MANIS, PAUH, KOTA PADANG, SUMATERA BARAT",11,11,244,255
https://kawalpemilu.org#13788,"LIMAU MANIS, PAUH, KOTA PADANG, SUMATERA BARAT",12,24,220,244
https://kawalpemilu.org#13788,"LIMAU MANIS, PAUH, KOTA PADANG, SUMATERA BARAT",13,20,217,237
https://kawalpemilu.org#13789,"KOTO LUA, PAUH, KOTA PADANG, SUMATERA BARAT",1,11,203,214
https://kawalpemilu.org#13789,"KOTO LUA, PAUH, KOTA PADANG, SUMATERA BARAT",2,12,176,188
https://kawalpemilu.org#13789,"KOTO LUA, PAUH, KOTA PADANG, SUMATERA BARAT",3,30,196,226
https://kawalpemilu.org#13789,"KOTO LUA, PAUH, KOTA PADANG, SUMATERA BARAT",4,7,130,137
https://kawalpemilu.org#13789,"KOTO LUA, PAUH, KOTA PADANG, SUMATERA BARAT",5,7,140,147
https://kawalpemilu.org#13789,"KOTO LUA, PAUH, KOTA PADANG, SUMATERA BARAT",6,7,203,210
https://kawalpemilu.org#13789,"KOTO LUA, PAUH, KOTA PADANG, SUMATERA BARAT",7,30,219,249
https://kawalpemilu.org#13789,"KOTO LUA, PAUH, KOTA PADANG, SUMATERA BARAT",8,14,97,111
https://kawalpemilu.org#13789,"KOTO LUA, PAUH, KOTA PADANG, SUMATERA BARAT",9,15,219,234
https://kawalpemilu.org#13789,"KOTO LUA, PAUH, KOTA PADANG, SUMATERA BARAT",10,9,120,129
https://kawalpemilu.org#13789,"KOTO LUA, PAUH, KOTA PADANG, SUMATERA BARAT",11,20,206,226
https://kawalpemilu.org#13789,"KOTO LUA, PAUH, KOTA PADANG, SUMATERA BARAT",12,13,109,122
https://kawalpemilu.org#13789,"KOTO LUA, PAUH, KOTA PADANG, SUMATERA BARAT",13,20,215,235
https://kawalpemilu.org#13789,"KOTO LUA, PAUH, KOTA PADANG, SUMATERA BARAT",14,15,158,173
https://kawalpemilu.org#13789,"KOTO LUA, PAUH, KOTA PADANG, SUMATERA BARAT",15,26,254,280
https://kawalpemilu.org#13789,"KOTO LUA, PAUH, KOTA PADANG, SUMATERA BARAT",17,39,163,202
https://kawalpemilu.org#13789,"KOTO LUA, PAUH, KOTA PADANG, SUMATERA BARAT",19,10,132,142
https://kawalpemilu.org#13789,"KOTO LUA, PAUH, KOTA PADANG, SUMATERA BARAT",20,20,201,221
https://kawalpemilu.org#13789,"KOTO LUA, PAUH, KOTA PADANG, SUMATERA BARAT",21,13,146,159
https://kawalpemilu.org#13789,"KOTO LUA, PAUH, KOTA PADANG, SUMATERA BARAT",22,8,139,147
https://kawalpemilu.org#13789,"KOTO LUA, PAUH, KOTA PADANG, SUMATERA BARAT",23,4,112,116
https://kawalpemilu.org#13789,"KOTO LUA, PAUH, KOTA PADANG, SUMATERA BARAT",24,15,122,137
https://kawalpemilu.org#13789,"KOTO LUA, PAUH, KOTA PADANG, SUMATERA BARAT",25,16,132,148
https://kawalpemilu.org#13790,"LIMAU MANIS SELATAN, PAUH, KOTA PADANG, SUMATERA BARAT",1,12,198,210
https://kawalpemilu.org#13790,"LIMAU MANIS SELATAN, PAUH, KOTA PADANG, SUMATERA BARAT",3,34,163,197
https://kawalpemilu.org#13790,"LIMAU MANIS SELATAN, PAUH, KOTA PADANG, SUMATERA BARAT",4,32,195,227
https://kawalpemilu.org#13790,"LIMAU MANIS SELATAN, PAUH, KOTA PADANG, SUMATERA BARAT",5,23,131,154
https://kawalpemilu.org#13790,"LIMAU MANIS SELATAN, PAUH, KOTA PADANG, SUMATERA BARAT",6,22,197,219
https://kawalpemilu.org#13790,"LIMAU MANIS SELATAN, PAUH, KOTA PADANG, SUMATERA BARAT",7,25,161,186
https://kawalpemilu.org#13790,"LIMAU MANIS SELATAN, PAUH, KOTA PADANG, SUMATERA BARAT",8,21,171,192
https://kawalpemilu.org#13790,"LIMAU MANIS SELATAN, PAUH, KOTA PADANG, SUMATERA BARAT",10,37,229,266
https://kawalpemilu.org#13790,"LIMAU MANIS SELATAN, PAUH, KOTA PADANG, SUMATERA BARAT",11,18,165,183
https://kawalpemilu.org#13790,"LIMAU MANIS SELATAN, PAUH, KOTA PADANG, SUMATERA BARAT",12,19,159,178
https://kawalpemilu.org#13790,"LIMAU MANIS SELATAN, PAUH, KOTA PADANG, SUMATERA BARAT",13,17,155,172
https://kawalpemilu.org#13790,"LIMAU MANIS SELATAN, PAUH, KOTA PADANG, SUMATERA BARAT",14,14,177,191
https://kawalpemilu.org#13790,"LIMAU MANIS SELATAN, PAUH, KOTA PADANG, SUMATERA BARAT",15,17,177,194
https://kawalpemilu.org#13790,"LIMAU MANIS SELATAN, PAUH, KOTA PADANG, SUMATERA BARAT",16,22,147,169
https://kawalpemilu.org#13790,"LIMAU MANIS SELATAN, PAUH, KOTA PADANG, SUMATERA BARAT",17,5,144,149
https://kawalpemilu.org#13790,"LIMAU MANIS SELATAN, PAUH, KOTA PADANG, SUMATERA BARAT",18,16,163,179
https://kawalpemilu.org#13790,"LIMAU MANIS SELATAN, PAUH, KOTA PADANG, SUMATERA BARAT",19,13,150,163
https://kawalpemilu.org#13790,"LIMAU MANIS SELATAN, PAUH, KOTA PADANG, SUMATERA BARAT",20,37,174,211
https://kawalpemilu.org#13790,"LIMAU MANIS SELATAN, PAUH, KOTA PADANG, SUMATERA BARAT",21,44,159,203
https://kawalpemilu.org#13790,"LIMAU MANIS SELATAN, PAUH, KOTA PADANG, SUMATERA BARAT",22,21,181,202
https://kawalpemilu.org#13790,"LIMAU MANIS SELATAN, PAUH, KOTA PADANG, SUMATERA BARAT",23,17,169,186
https://kawalpemilu.org#13790,"LIMAU MANIS SELATAN, PAUH, KOTA PADANG, SUMATERA BARAT",24,8,168,176
https://kawalpemilu.org#13790,"LIMAU MANIS SELATAN, PAUH, KOTA PADANG, SUMATERA BARAT",25,16,223,239
https://kawalpemilu.org#13790,"LIMAU MANIS SELATAN, PAUH, KOTA PADANG, SUMATERA BARAT",26,8,182,190
https://kawalpemilu.org#13790,"LIMAU MANIS SELATAN, PAUH, KOTA PADANG, SUMATERA BARAT",27,8,166,174
https://kawalpemilu.org#13790,"LIMAU MANIS SELATAN, PAUH, KOTA PADANG, SUMATERA BARAT",28,6,201,207
https://kawalpemilu.org#13791,"PIAI TANGAH, PAUH, KOTA PADANG, SUMATERA BARAT",1,21,199,220
https://kawalpemilu.org#13791,"PIAI TANGAH, PAUH, KOTA PADANG, SUMATERA BARAT",2,11,232,243
https://kawalpemilu.org#13791,"PIAI TANGAH, PAUH, KOTA PADANG, SUMATERA BARAT",3,24,195,219
https://kawalpemilu.org#13791,"PIAI TANGAH, PAUH, KOTA PADANG, SUMATERA BARAT",4,16,219,235
https://kawalpemilu.org#13791,"PIAI TANGAH, PAUH, KOTA PADANG, SUMATERA BARAT",5,20,204,224
https://kawalpemilu.org#13791,"PIAI TANGAH, PAUH, KOTA PADANG, SUMATERA BARAT",6,17,159,176
https://kawalpemilu.org#13791,"PIAI TANGAH, PAUH, KOTA PADANG, SUMATERA BARAT",7,8,178,186
https://kawalpemilu.org#13791,"PIAI TANGAH, PAUH, KOTA PADANG, SUMATERA BARAT",8,15,209,224
https://kawalpemilu.org#13791,"PIAI TANGAH, PAUH, KOTA PADANG, SUMATERA BARAT",9,6,209,215
https://kawalpemilu.org#13791,"PIAI TANGAH, PAUH, KOTA PADANG, SUMATERA BARAT",10,7,201,208
https://kawalpemilu.org#13791,"PIAI TANGAH, PAUH, KOTA PADANG, SUMATERA BARAT",11,33,137,170
https://kawalpemilu.org#13791,"PIAI TANGAH, PAUH, KOTA PADANG, SUMATERA BARAT",12,42,131,173
https://kawalpemilu.org#13792,"CUPAK TANGAH, PAUH, KOTA PADANG, SUMATERA BARAT",1,29,237,266
https://kawalpemilu.org#13792,"CUPAK TANGAH, PAUH, KOTA PADANG, SUMATERA BARAT",2,17,179,196
https://kawalpemilu.org#13792,"CUPAK TANGAH, PAUH, KOTA PADANG, SUMATERA BARAT",3,12,210,222
https://kawalpemilu.org#13792,"CUPAK TANGAH, PAUH, KOTA PADANG, SUMATERA BARAT",4,22,150,172
https://kawalpemilu.org#13792,"CUPAK TANGAH, PAUH, KOTA PADANG, SUMATERA BARAT",5,16,175,191
https://kawalpemilu.org#13792,"CUPAK TANGAH, PAUH, KOTA PADANG, SUMATERA BARAT",6,13,182,195
https://kawalpemilu.org#13792,"CUPAK TANGAH, PAUH, KOTA PADANG, SUMATERA BARAT",7,16,180,196
https://kawalpemilu.org#13792,"CUPAK TANGAH, PAUH, KOTA PADANG, SUMATERA BARAT",8,8,233,241
https://kawalpemilu.org#13792,"CUPAK TANGAH, PAUH, KOTA PADANG, SUMATERA BARAT",9,10,209,219
https://kawalpemilu.org#13792,"CUPAK TANGAH, PAUH, KOTA PADANG, SUMATERA BARAT",10,20,149,169
https://kawalpemilu.org#13792,"CUPAK TANGAH, PAUH, KOTA PADANG, SUMATERA BARAT",11,26,160,186
https://kawalpemilu.org#13792,"CUPAK TANGAH, PAUH, KOTA PADANG, SUMATERA BARAT",12,12,215,227
https://kawalpemilu.org#13792,"CUPAK TANGAH, PAUH, KOTA PADANG, SUMATERA BARAT",13,24,211,235
https://kawalpemilu.org#13792,"CUPAK TANGAH, PAUH, KOTA PADANG, SUMATERA BARAT",14,8,158,166
https://kawalpemilu.org#13792,"CUPAK TANGAH, PAUH, KOTA PADANG, SUMATERA BARAT",15,20,208,228
https://kawalpemilu.org#13792,"CUPAK TANGAH, PAUH, KOTA PADANG, SUMATERA BARAT",16,20,160,180
https://kawalpemilu.org#13792,"CUPAK TANGAH, PAUH, KOTA PADANG, SUMATERA BARAT",17,39,150,189
https://kawalpemilu.org#13792,"CUPAK TANGAH, PAUH, KOTA PADANG, SUMATERA BARAT",18,35,179,214
https://kawalpemilu.org#13792,"CUPAK TANGAH, PAUH, KOTA PADANG, SUMATERA BARAT",19,16,206,222
https://kawalpemilu.org#13793,"PISANG, PAUH, KOTA PADANG, SUMATERA BARAT",1,3,218,221
https://kawalpemilu.org#13793,"PISANG, PAUH, KOTA PADANG, SUMATERA BARAT",3,8,204,212
https://kawalpemilu.org#13793,"PISANG, PAUH, KOTA PADANG, SUMATERA BARAT",4,16,189,205
https://kawalpemilu.org#13793,"PISANG, PAUH, KOTA PADANG, SUMATERA BARAT",6,12,198,210
https://kawalpemilu.org#13793,"PISANG, PAUH, KOTA PADANG, SUMATERA BARAT",7,13,177,190
https://kawalpemilu.org#13793,"PISANG, PAUH, KOTA PADANG, SUMATERA BARAT",8,21,168,189
https://kawalpemilu.org#13793,"PISANG, PAUH, KOTA PADANG, SUMATERA BARAT",9,11,153,164
https://kawalpemilu.org#13793,"PISANG, PAUH, KOTA PADANG, SUMATERA BARAT",10,17,174,191
https://kawalpemilu.org#13793,"PISANG, PAUH, KOTA PADANG, SUMATERA BARAT",11,9,153,162
https://kawalpemilu.org#13793,"PISANG, PAUH, KOTA PADANG, SUMATERA BARAT",12,19,214,233
https://kawalpemilu.org#13793,"PISANG, PAUH, KOTA PADANG, SUMATERA BARAT",13,7,202,209
https://kawalpemilu.org#13793,"PISANG, PAUH, KOTA PADANG, SUMATERA BARAT",15,17,190,207
https://kawalpemilu.org#13793,"PISANG, PAUH, KOTA PADANG, SUMATERA BARAT",16,14,148,162
https://kawalpemilu.org#13793,"PISANG, PAUH, KOTA PADANG, SUMATERA BARAT",17,11,213,224
https://kawalpemilu.org#13793,"PISANG, PAUH, KOTA PADANG, SUMATERA BARAT",18,17,207,224
https://kawalpemilu.org#13793,"PISANG, PAUH, KOTA PADANG, SUMATERA BARAT",19,10,195,205
https://kawalpemilu.org#13793,"PISANG, PAUH, KOTA PADANG, SUMATERA BARAT",20,15,211,226
https://kawalpemilu.org#13793,"PISANG, PAUH, KOTA PADANG, SUMATERA BARAT",21,10,252,262
https://kawalpemilu.org#13793,"PISANG, PAUH, KOTA PADANG, SUMATERA BARAT",22,15,152,167
https://kawalpemilu.org#13793,"PISANG, PAUH, KOTA PADANG, SUMATERA BARAT",24,5,168,173
https://kawalpemilu.org#13794,"BINUANG KAMPUNG DALAM, PAUH, KOTA PADANG, SUMATERA BARAT",1,13,181,194
https://kawalpemilu.org#13794,"BINUANG KAMPUNG DALAM, PAUH, KOTA PADANG, SUMATERA BARAT",2,24,216,240
https://kawalpemilu.org#13794,"BINUANG KAMPUNG DALAM, PAUH, KOTA PADANG, SUMATERA BARAT",3,8,217,225
https://kawalpemilu.org#13794,"BINUANG KAMPUNG DALAM, PAUH, KOTA PADANG, SUMATERA BARAT",4,22,181,203
https://kawalpemilu.org#13794,"BINUANG KAMPUNG DALAM, PAUH, KOTA PADANG, SUMATERA BARAT",5,13,161,174
https://kawalpemilu.org#13794,"BINUANG KAMPUNG DALAM, PAUH, KOTA PADANG, SUMATERA BARAT",6,16,221,227
https://kawalpemilu.org#13794,"BINUANG KAMPUNG DALAM, PAUH, KOTA PADANG, SUMATERA BARAT",7,6,273,243
https://kawalpemilu.org#13794,"BINUANG KAMPUNG DALAM, PAUH, KOTA PADANG, SUMATERA BARAT",8,12,214,226
https://kawalpemilu.org#13794,"BINUANG KAMPUNG DALAM, PAUH, KOTA PADANG, SUMATERA BARAT",9,16,221,237
https://kawalpemilu.org#13794,"BINUANG KAMPUNG DALAM, PAUH, KOTA PADANG, SUMATERA BARAT",10,18,201,219
https://kawalpemilu.org#13794,"BINUANG KAMPUNG DALAM, PAUH, KOTA PADANG, SUMATERA BARAT",11,15,198,213
https://kawalpemilu.org#13794,"BINUANG KAMPUNG DALAM, PAUH, KOTA PADANG, SUMATERA BARAT",12,16,219,235
https://kawalpemilu.org#13794,"BINUANG KAMPUNG DALAM, PAUH, KOTA PADANG, SUMATERA BARAT",13,9,202,211
https://kawalpemilu.org#13794,"BINUANG KAMPUNG DALAM, PAUH, KOTA PADANG, SUMATERA BARAT",14,14,185,199
https://kawalpemilu.org#13794,"BINUANG KAMPUNG DALAM, PAUH, KOTA PADANG, SUMATERA BARAT",15,11,179,190
https://kawalpemilu.org#13795,"KAPALO KOTO, PAUH, KOTA PADANG, SUMATERA BARAT",1,17,214,231
https://kawalpemilu.org#13795,"KAPALO KOTO, PAUH, KOTA PADANG, SUMATERA BARAT",2,9,222,231
https://kawalpemilu.org#13795,"KAPALO KOTO, PAUH, KOTA PADANG, SUMATERA BARAT",3,11,231,242
https://kawalpemilu.org#13795,"KAPALO KOTO, PAUH, KOTA PADANG, SUMATERA BARAT",4,13,167,180
https://kawalpemilu.org#13795,"KAPALO KOTO, PAUH, KOTA PADANG, SUMATERA BARAT",5,17,207,224
https://kawalpemilu.org#13795,"KAPALO KOTO, PAUH, KOTA PADANG, SUMATERA BARAT",6,24,196,220
https://kawalpemilu.org#13795,"KAPALO KOTO, PAUH, KOTA PADANG, SUMATERA BARAT",7,25,202,227
https://kawalpemilu.org#13795,"KAPALO KOTO, PAUH, KOTA PADANG, SUMATERA BARAT",8,7,221,228
https://kawalpemilu.org#13795,"KAPALO KOTO, PAUH, KOTA PADANG, SUMATERA BARAT",9,13,197,210
https://kawalpemilu.org#13795,"KAPALO KOTO, PAUH, KOTA PADANG, SUMATERA BARAT",10,4,170,174
https://kawalpemilu.org#13795,"KAPALO KOTO, PAUH, KOTA PADANG, SUMATERA BARAT",11,15,174,189
https://kawalpemilu.org#13795,"KAPALO KOTO, PAUH, KOTA PADANG, SUMATERA BARAT",12,19,208,227
https://kawalpemilu.org#13795,"KAPALO KOTO, PAUH, KOTA PADANG, SUMATERA BARAT",13,16,222,238
https://kawalpemilu.org#13795,"KAPALO KOTO, PAUH, KOTA PADANG, SUMATERA BARAT",14,3,233,236
https://kawalpemilu.org#13795,"KAPALO KOTO, PAUH, KOTA PADANG, SUMATERA BARAT",15,11,218,229
https://kawalpemilu.org#13795,"KAPALO KOTO, PAUH, KOTA PADANG, SUMATERA BARAT",16,5,176,181
https://kawalpemilu.org#13796,"LAMBUNG BUKIT, PAUH, KOTA PADANG, SUMATERA BARAT",1,11,144,155
https://kawalpemilu.org#13796,"LAMBUNG BUKIT, PAUH, KOTA PADANG, SUMATERA BARAT",2,7,139,146
https://kawalpemilu.org#13796,"LAMBUNG BUKIT, PAUH, KOTA PADANG, SUMATERA BARAT",3,6,120,126
https://kawalpemilu.org#13796,"LAMBUNG BUKIT, PAUH, KOTA PADANG, SUMATERA BARAT",4,16,215,231
https://kawalpemilu.org#13796,"LAMBUNG BUKIT, PAUH, KOTA PADANG, SUMATERA BARAT",5,9,199,208
https://kawalpemilu.org#13796,"LAMBUNG BUKIT, PAUH, KOTA PADANG, SUMATERA BARAT",6,2,197,199
https://kawalpemilu.org#13796,"LAMBUNG BUKIT, PAUH, KOTA PADANG, SUMATERA BARAT",7,5,189,194
https://kawalpemilu.org#13796,"LAMBUNG BUKIT, PAUH, KOTA PADANG, SUMATERA BARAT",8,12,226,238
https://kawalpemilu.org#13796,"LAMBUNG BUKIT, PAUH, KOTA PADANG, SUMATERA BARAT",9,9,193,202
https://kawalpemilu.org#13796,"LAMBUNG BUKIT, PAUH, KOTA PADANG, SUMATERA BARAT",10,5,178,183
https://kawalpemilu.org#13798,"PASAR AMBACANG, KURANJI, KOTA PADANG, SUMATERA BARAT",1,21,205,226
https://kawalpemilu.org#13798,"PASAR AMBACANG, KURANJI, KOTA PADANG, SUMATERA BARAT",2,14,177,191
https://kawalpemilu.org#13798,"PASAR AMBACANG, KURANJI, KOTA PADANG, SUMATERA BARAT",3,19,235,254
https://kawalpemilu.org#13798,"PASAR AMBACANG, KURANJI, KOTA PADANG, SUMATERA BARAT",4,20,213,233
https://kawalpemilu.org#13798,"PASAR AMBACANG, KURANJI, KOTA PADANG, SUMATERA BARAT",5,17,196,213
https://kawalpemilu.org#13798,"PASAR AMBACANG, KURANJI, KOTA PADANG, SUMATERA BARAT",6,15,233,248
https://kawalpemilu.org#13798,"PASAR AMBACANG, KURANJI, KOTA PADANG, SUMATERA BARAT",7,26,158,184
https://kawalpemilu.org#13798,"PASAR AMBACANG, KURANJI, KOTA PADANG, SUMATERA BARAT",8,23,232,255
https://kawalpemilu.org#13798,"PASAR AMBACANG, KURANJI, KOTA PADANG, SUMATERA BARAT",9,10,186,196
https://kawalpemilu.org#13798,"PASAR AMBACANG, KURANJI, KOTA PADANG, SUMATERA BARAT",10,13,175,188
https://kawalpemilu.org#13798,"PASAR AMBACANG, KURANJI, KOTA PADANG, SUMATERA BARAT",11,14,202,216
https://kawalpemilu.org#13798,"PASAR AMBACANG, KURANJI, KOTA PADANG, SUMATERA BARAT",12,18,211,229
https://kawalpemilu.org#13798,"PASAR AMBACANG, KURANJI, KOTA PADANG, SUMATERA BARAT",13,21,176,197
https://kawalpemilu.org#13798,"PASAR AMBACANG, KURANJI, KOTA PADANG, SUMATERA BARAT",14,14,192,206
https://kawalpemilu.org#13798,"PASAR AMBACANG, KURANJI, KOTA PADANG, SUMATERA BARAT",15,9,192,201
https://kawalpemilu.org#13798,"PASAR AMBACANG, KURANJI, KOTA PADANG, SUMATERA BARAT",16,13,179,192
https://kawalpemilu.org#13798,"PASAR AMBACANG, KURANJI, KOTA PADANG, SUMATERA BARAT",17,10,197,207
https://kawalpemilu.org#13798,"PASAR AMBACANG, KURANJI, KOTA PADANG, SUMATERA BARAT",18,19,216,235
https://kawalpemilu.org#13798,"PASAR AMBACANG, KURANJI, KOTA PADANG, SUMATERA BARAT",19,8,186,194
https://kawalpemilu.org#13798,"PASAR AMBACANG, KURANJI, KOTA PADANG, SUMATERA BARAT",20,8,200,208
https://kawalpemilu.org#13798,"PASAR AMBACANG, KURANJI, KOTA PADANG, SUMATERA BARAT",21,12,204,216
https://kawalpemilu.org#13798,"PASAR AMBACANG, KURANJI, KOTA PADANG, SUMATERA BARAT",22,16,230,246
https://kawalpemilu.org#13798,"PASAR AMBACANG, KURANJI, KOTA PADANG, SUMATERA BARAT",23,16,230,246
https://kawalpemilu.org#13798,"PASAR AMBACANG, KURANJI, KOTA PADANG, SUMATERA BARAT",24,15,201,216
https://kawalpemilu.org#13798,"PASAR AMBACANG, KURANJI, KOTA PADANG, SUMATERA BARAT",25,10,215,225
https://kawalpemilu.org#13798,"PASAR AMBACANG, KURANJI, KOTA PADANG, SUMATERA BARAT",26,15,162,177
https://kawalpemilu.org#13798,"PASAR AMBACANG, KURANJI, KOTA PADANG, SUMATERA BARAT",27,7,225,232
https://kawalpemilu.org#13798,"PASAR AMBACANG, KURANJI, KOTA PADANG, SUMATERA BARAT",28,8,239,247
https://kawalpemilu.org#13798,"PASAR AMBACANG, KURANJI, KOTA PADANG, SUMATERA BARAT",29,9,199,208
https://kawalpemilu.org#13798,"PASAR AMBACANG, KURANJI, KOTA PADANG, SUMATERA BARAT",30,11,199,210
https://kawalpemilu.org#13798,"PASAR AMBACANG, KURANJI, KOTA PADANG, SUMATERA BARAT",31,4,155,159
https://kawalpemilu.org#13798,"PASAR AMBACANG, KURANJI, KOTA PADANG, SUMATERA BARAT",32,16,179,195
https://kawalpemilu.org#13798,"PASAR AMBACANG, KURANJI, KOTA PADANG, SUMATERA BARAT",33,20,170,190
https://kawalpemilu.org#13798,"PASAR AMBACANG, KURANJI, KOTA PADANG, SUMATERA BARAT",34,18,171,189
https://kawalpemilu.org#13798,"PASAR AMBACANG, KURANJI, KOTA PADANG, SUMATERA BARAT",35,9,182,191
https://kawalpemilu.org#13798,"PASAR AMBACANG, KURANJI, KOTA PADANG, SUMATERA BARAT",36,7,181,188
https://kawalpemilu.org#13798,"PASAR AMBACANG, KURANJI, KOTA PADANG, SUMATERA BARAT",37,25,189,214
https://kawalpemilu.org#13798,"PASAR AMBACANG, KURANJI, KOTA PADANG, SUMATERA BARAT",38,10,186,196
https://kawalpemilu.org#13798,"PASAR AMBACANG, KURANJI, KOTA PADANG, SUMATERA BARAT",39,11,220,231
https://kawalpemilu.org#13798,"PASAR AMBACANG, KURANJI, KOTA PADANG, SUMATERA BARAT",40,23,148,171
https://kawalpemilu.org#13798,"PASAR AMBACANG, KURANJI, KOTA PADANG, SUMATERA BARAT",41,7,226,233
https://kawalpemilu.org#13798,"PASAR AMBACANG, KURANJI, KOTA PADANG, SUMATERA BARAT",42,16,155,171
https://kawalpemilu.org#13798,"PASAR AMBACANG, KURANJI, KOTA PADANG, SUMATERA BARAT",43,13,178,191
https://kawalpemilu.org#13798,"PASAR AMBACANG, KURANJI, KOTA PADANG, SUMATERA BARAT",44,7,150,157
https://kawalpemilu.org#13798,"PASAR AMBACANG, KURANJI, KOTA PADANG, SUMATERA BARAT",45,7,187,194
https://kawalpemilu.org#13799,"ANDURING, KURANJI, KOTA PADANG, SUMATERA BARAT",1,30,188,218
https://kawalpemilu.org#13799,"ANDURING, KURANJI, KOTA PADANG, SUMATERA BARAT",2,32,201,233
https://kawalpemilu.org#13799,"ANDURING, KURANJI, KOTA PADANG, SUMATERA BARAT",3,11,184,195
https://kawalpemilu.org#13799,"ANDURING, KURANJI, KOTA PADANG, SUMATERA BARAT",4,16,173,189
https://kawalpemilu.org#13799,"ANDURING, KURANJI, KOTA PADANG, SUMATERA BARAT",5,19,142,161
https://kawalpemilu.org#13799,"ANDURING, KURANJI, KOTA PADANG, SUMATERA BARAT",6,24,229,253
https://kawalpemilu.org#13799,"ANDURING, KURANJI, KOTA PADANG, SUMATERA BARAT",7,29,192,221
https://kawalpemilu.org#13799,"ANDURING, KURANJI, KOTA PADANG, SUMATERA BARAT",8,13,184,197
https://kawalpemilu.org#13799,"ANDURING, KURANJI, KOTA PADANG, SUMATERA BARAT",9,24,152,176
https://kawalpemilu.org#13799,"ANDURING, KURANJI, KOTA PADANG, SUMATERA BARAT",10,16,166,182
https://kawalpemilu.org#13799,"ANDURING, KURANJI, KOTA PADANG, SUMATERA BARAT",11,16,213,229
https://kawalpemilu.org#13799,"ANDURING, KURANJI, KOTA PADANG, SUMATERA BARAT",12,15,210,225
https://kawalpemilu.org#13799,"ANDURING, KURANJI, KOTA PADANG, SUMATERA BARAT",13,5,125,130
https://kawalpemilu.org#13799,"ANDURING, KURANJI, KOTA PADANG, SUMATERA BARAT",14,23,176,199
https://kawalpemilu.org#13799,"ANDURING, KURANJI, KOTA PADANG, SUMATERA BARAT",15,19,194,213
https://kawalpemilu.org#13799,"ANDURING, KURANJI, KOTA PADANG, SUMATERA BARAT",16,52,204,256
https://kawalpemilu.org#13799,"ANDURING, KURANJI, KOTA PADANG, SUMATERA BARAT",17,17,134,151
https://kawalpemilu.org#13799,"ANDURING, KURANJI, KOTA PADANG, SUMATERA BARAT",18,14,165,179
https://kawalpemilu.org#13799,"ANDURING, KURANJI, KOTA PADANG, SUMATERA BARAT",19,14,211,225
https://kawalpemilu.org#13799,"ANDURING, KURANJI, KOTA PADANG, SUMATERA BARAT",20,14,211,225
https://kawalpemilu.org#13799,"ANDURING, KURANJI, KOTA PADANG, SUMATERA BARAT",21,10,146,156
https://kawalpemilu.org#13799,"ANDURING, KURANJI, KOTA PADANG, SUMATERA BARAT",22,23,237,260
https://kawalpemilu.org#13799,"ANDURING, KURANJI, KOTA PADANG, SUMATERA BARAT",23,7,189,196
https://kawalpemilu.org#13799,"ANDURING, KURANJI, KOTA PADANG, SUMATERA BARAT",24,8,128,136
https://kawalpemilu.org#13799,"ANDURING, KURANJI, KOTA PADANG, SUMATERA BARAT",25,12,178,190
https://kawalpemilu.org#13799,"ANDURING, KURANJI, KOTA PADANG, SUMATERA BARAT",26,16,194,210
https://kawalpemilu.org#13799,"ANDURING, KURANJI, KOTA PADANG, SUMATERA BARAT",27,11,134,145
https://kawalpemilu.org#13799,"ANDURING, KURANJI, KOTA PADANG, SUMATERA BARAT",28,10,130,140
https://kawalpemilu.org#13799,"ANDURING, KURANJI, KOTA PADANG, SUMATERA BARAT",29,24,180,204
https://kawalpemilu.org#13799,"ANDURING, KURANJI, KOTA PADANG, SUMATERA BARAT",30,11,92,103
https://kawalpemilu.org#13799,"ANDURING, KURANJI, KOTA PADANG, SUMATERA BARAT",31,12,88,100
https://kawalpemilu.org#13799,"ANDURING, KURANJI, KOTA PADANG, SUMATERA BARAT",32,14,136,150
https://kawalpemilu.org#13799,"ANDURING, KURANJI, KOTA PADANG, SUMATERA BARAT",33,16,101,117
https://kawalpemilu.org#13799,"ANDURING, KURANJI, KOTA PADANG, SUMATERA BARAT",34,12,92,104
https://kawalpemilu.org#13800,"LUBUK LINTAH, KURANJI, KOTA PADANG, SUMATERA BARAT",1,11,139,150
https://kawalpemilu.org#13800,"LUBUK LINTAH, KURANJI, KOTA PADANG, SUMATERA BARAT",2,12,177,189
https://kawalpemilu.org#13800,"LUBUK LINTAH, KURANJI, KOTA PADANG, SUMATERA BARAT",3,23,205,228
https://kawalpemilu.org#13800,"LUBUK LINTAH, KURANJI, KOTA PADANG, SUMATERA BARAT",4,17,212,229
https://kawalpemilu.org#13800,"LUBUK LINTAH, KURANJI, KOTA PADANG, SUMATERA BARAT",5,16,184,200
https://kawalpemilu.org#13800,"LUBUK LINTAH, KURANJI, KOTA PADANG, SUMATERA BARAT",6,13,194,207
https://kawalpemilu.org#13800,"LUBUK LINTAH, KURANJI, KOTA PADANG, SUMATERA BARAT",7,28,166,194
https://kawalpemilu.org#13800,"LUBUK LINTAH, KURANJI, KOTA PADANG, SUMATERA BARAT",8,18,149,167
https://kawalpemilu.org#13800,"LUBUK LINTAH, KURANJI, KOTA PADANG, SUMATERA BARAT",9,18,149,167
https://kawalpemilu.org#13800,"LUBUK LINTAH, KURANJI, KOTA PADANG, SUMATERA BARAT",10,7,138,145
https://kawalpemilu.org#13800,"LUBUK LINTAH, KURANJI, KOTA PADANG, SUMATERA BARAT",11,17,214,231
https://kawalpemilu.org#13800,"LUBUK LINTAH, KURANJI, KOTA PADANG, SUMATERA BARAT",12,20,229,249
https://kawalpemilu.org#13800,"LUBUK LINTAH, KURANJI, KOTA PADANG, SUMATERA BARAT",13,22,172,194
https://kawalpemilu.org#13800,"LUBUK LINTAH, KURANJI, KOTA PADANG, SUMATERA BARAT",14,13,194,207
https://kawalpemilu.org#13800,"LUBUK LINTAH, KURANJI, KOTA PADANG, SUMATERA BARAT",15,11,121,132
https://kawalpemilu.org#13800,"LUBUK LINTAH, KURANJI, KOTA PADANG, SUMATERA BARAT",16,26,182,208
https://kawalpemilu.org#13800,"LUBUK LINTAH, KURANJI, KOTA PADANG, SUMATERA BARAT",17,7,204,211
https://kawalpemilu.org#13800,"LUBUK LINTAH, KURANJI, KOTA PADANG, SUMATERA BARAT",18,23,229,252
https://kawalpemilu.org#13800,"LUBUK LINTAH, KURANJI, KOTA PADANG, SUMATERA BARAT",19,14,210,224
https://kawalpemilu.org#13800,"LUBUK LINTAH, KURANJI, KOTA PADANG, SUMATERA BARAT",20,23,124,147
https://kawalpemilu.org#13800,"LUBUK LINTAH, KURANJI, KOTA PADANG, SUMATERA BARAT",21,14,172,186
https://kawalpemilu.org#13800,"LUBUK LINTAH, KURANJI, KOTA PADANG, SUMATERA BARAT",22,12,164,176
https://kawalpemilu.org#13800,"LUBUK LINTAH, KURANJI, KOTA PADANG, SUMATERA BARAT",23,24,186,210
https://kawalpemilu.org#13800,"LUBUK LINTAH, KURANJI, KOTA PADANG, SUMATERA BARAT",24,14,178,192
https://kawalpemilu.org#13800,"LUBUK LINTAH, KURANJI, KOTA PADANG, SUMATERA BARAT",25,8,120,128
https://kawalpemilu.org#13800,"LUBUK LINTAH, KURANJI, KOTA PADANG, SUMATERA BARAT",26,12,92,104
https://kawalpemilu.org#13801,"AMPANG, KURANJI, KOTA PADANG, SUMATERA BARAT",1,24,174,198
https://kawalpemilu.org#13801,"AMPANG, KURANJI, KOTA PADANG, SUMATERA BARAT",2,23,161,184
https://kawalpemilu.org#13801,"AMPANG, KURANJI, KOTA PADANG, SUMATERA BARAT",3,27,182,209
https://kawalpemilu.org#13801,"AMPANG, KURANJI, KOTA PADANG, SUMATERA BARAT",4,24,134,158
https://kawalpemilu.org#13801,"AMPANG, KURANJI, KOTA PADANG, SUMATERA BARAT",5,23,182,205
https://kawalpemilu.org#13801,"AMPANG, KURANJI, KOTA PADANG, SUMATERA BARAT",6,23,183,206
https://kawalpemilu.org#13801,"AMPANG, KURANJI, KOTA PADANG, SUMATERA BARAT",7,21,185,206
https://kawalpemilu.org#13801,"AMPANG, KURANJI, KOTA PADANG, SUMATERA BARAT",8,21,189,210
https://kawalpemilu.org#13801,"AMPANG, KURANJI, KOTA PADANG, SUMATERA BARAT",9,17,195,212
https://kawalpemilu.org#13801,"AMPANG, KURANJI, KOTA PADANG, SUMATERA BARAT",10,21,208,229
https://kawalpemilu.org#13801,"AMPANG, KURANJI, KOTA PADANG, SUMATERA BARAT",11,9,160,169
https://kawalpemilu.org#13801,"AMPANG, KURANJI, KOTA PADANG, SUMATERA BARAT",12,13,217,230
https://kawalpemilu.org#13801,"AMPANG, KURANJI, KOTA PADANG, SUMATERA BARAT",13,18,218,236
https://kawalpemilu.org#13801,"AMPANG, KURANJI, KOTA PADANG, SUMATERA BARAT",14,19,202,221
https://kawalpemilu.org#13801,"AMPANG, KURANJI, KOTA PADANG, SUMATERA BARAT",15,10,211,221
https://kawalpemilu.org#13801,"AMPANG, KURANJI, KOTA PADANG, SUMATERA BARAT",16,28,182,210
https://kawalpemilu.org#13801,"AMPANG, KURANJI, KOTA PADANG, SUMATERA BARAT",17,3,140,143
https://kawalpemilu.org#13801,"AMPANG, KURANJI, KOTA PADANG, SUMATERA BARAT",18,31,93,124
https://kawalpemilu.org#13801,"AMPANG, KURANJI, KOTA PADANG, SUMATERA BARAT",19,37,151,188
https://kawalpemilu.org#13802,"KALUMBUK, KURANJI, KOTA PADANG, SUMATERA BARAT",1,22,109,131
https://kawalpemilu.org#13802,"KALUMBUK, KURANJI, KOTA PADANG, SUMATERA BARAT",2,14,204,218
https://kawalpemilu.org#13802,"KALUMBUK, KURANJI, KOTA PADANG, SUMATERA BARAT",3,13,224,237
https://kawalpemilu.org#13802,"KALUMBUK, KURANJI, KOTA PADANG, SUMATERA BARAT",4,13,175,188
https://kawalpemilu.org#13802,"KALUMBUK, KURANJI, KOTA PADANG, SUMATERA BARAT",5,12,167,179
https://kawalpemilu.org#13802,"KALUMBUK, KURANJI, KOTA PADANG, SUMATERA BARAT",6,20,164,184
https://kawalpemilu.org#13802,"KALUMBUK, KURANJI, KOTA PADANG, SUMATERA BARAT",7,9,181,190
https://kawalpemilu.org#13802,"KALUMBUK, KURANJI, KOTA PADANG, SUMATERA BARAT",8,9,191,200
https://kawalpemilu.org#13802,"KALUMBUK, KURANJI, KOTA PADANG, SUMATERA BARAT",9,15,166,181
https://kawalpemilu.org#13802,"KALUMBUK, KURANJI, KOTA PADANG, SUMATERA BARAT",10,8,145,153
https://kawalpemilu.org#13802,"KALUMBUK, KURANJI, KOTA PADANG, SUMATERA BARAT",11,27,195,222
https://kawalpemilu.org#13802,"KALUMBUK, KURANJI, KOTA PADANG, SUMATERA BARAT",12,33,182,215
https://kawalpemilu.org#13802,"KALUMBUK, KURANJI, KOTA PADANG, SUMATERA BARAT",13,9,181,190
https://kawalpemilu.org#13802,"KALUMBUK, KURANJI, KOTA PADANG, SUMATERA BARAT",14,13,116,129
https://kawalpemilu.org#13802,"KALUMBUK, KURANJI, KOTA PADANG, SUMATERA BARAT",15,16,176,192
https://kawalpemilu.org#13802,"KALUMBUK, KURANJI, KOTA PADANG, SUMATERA BARAT",16,15,179,194
https://kawalpemilu.org#13802,"KALUMBUK, KURANJI, KOTA PADANG, SUMATERA BARAT",17,8,193,201
https://kawalpemilu.org#13802,"KALUMBUK, KURANJI, KOTA PADANG, SUMATERA BARAT",18,26,169,195
https://kawalpemilu.org#13802,"KALUMBUK, KURANJI, KOTA PADANG, SUMATERA BARAT",19,20,222,242
https://kawalpemilu.org#13802,"KALUMBUK, KURANJI, KOTA PADANG, SUMATERA BARAT",20,6,188,194
https://kawalpemilu.org#13802,"KALUMBUK, KURANJI, KOTA PADANG, SUMATERA BARAT",21,9,246,255
https://kawalpemilu.org#13802,"KALUMBUK, KURANJI, KOTA PADANG, SUMATERA BARAT",22,10,202,212
https://kawalpemilu.org#13802,"KALUMBUK, KURANJI, KOTA PADANG, SUMATERA BARAT",23,21,205,226
https://kawalpemilu.org#13802,"KALUMBUK, KURANJI, KOTA PADANG, SUMATERA BARAT",24,16,154,170
https://kawalpemilu.org#13802,"KALUMBUK, KURANJI, KOTA PADANG, SUMATERA BARAT",25,39,216,255
https://kawalpemilu.org#13802,"KALUMBUK, KURANJI, KOTA PADANG, SUMATERA BARAT",26,11,172,183
https://kawalpemilu.org#13802,"KALUMBUK, KURANJI, KOTA PADANG, SUMATERA BARAT",27,12,174,186
https://kawalpemilu.org#13802,"KALUMBUK, KURANJI, KOTA PADANG, SUMATERA BARAT",28,5,101,106
https://kawalpemilu.org#13802,"KALUMBUK, KURANJI, KOTA PADANG, SUMATERA BARAT",29,14,124,138
https://kawalpemilu.org#13802,"KALUMBUK, KURANJI, KOTA PADANG, SUMATERA BARAT",30,4,108,112
https://kawalpemilu.org#13802,"KALUMBUK, KURANJI, KOTA PADANG, SUMATERA BARAT",31,5,75,80
https://kawalpemilu.org#13802,"KALUMBUK, KURANJI, KOTA PADANG, SUMATERA BARAT",32,14,67,81
https://kawalpemilu.org#13803,"KORONG GADANG, KURANJI, KOTA PADANG, SUMATERA BARAT",1,11,220,231
https://kawalpemilu.org#13803,"KORONG GADANG, KURANJI, KOTA PADANG, SUMATERA BARAT",2,18,215,233
https://kawalpemilu.org#13803,"KORONG GADANG, KURANJI, KOTA PADANG, SUMATERA BARAT",3,24,193,217
https://kawalpemilu.org#13803,"KORONG GADANG, KURANJI, KOTA PADANG, SUMATERA BARAT",4,22,195,217
https://kawalpemilu.org#13803,"KORONG GADANG, KURANJI, KOTA PADANG, SUMATERA BARAT",5,5,223,228
https://kawalpemilu.org#13803,"KORONG GADANG, KURANJI, KOTA PADANG, SUMATERA BARAT",6,16,227,243
https://kawalpemilu.org#13803,"KORONG GADANG, KURANJI, KOTA PADANG, SUMATERA BARAT",7,10,189,199
https://kawalpemilu.org#13803,"KORONG GADANG, KURANJI, KOTA PADANG, SUMATERA BARAT",8,17,168,185
https://kawalpemilu.org#13803,"KORONG GADANG, KURANJI, KOTA PADANG, SUMATERA BARAT",9,11,197,208
https://kawalpemilu.org#13803,"KORONG GADANG, KURANJI, KOTA PADANG, SUMATERA BARAT",10,10,167,177
https://kawalpemilu.org#13803,"KORONG GADANG, KURANJI, KOTA PADANG, SUMATERA BARAT",11,18,99,117
https://kawalpemilu.org#13803,"KORONG GADANG, KURANJI, KOTA PADANG, SUMATERA BARAT",12,14,211,225
https://kawalpemilu.org#13803,"KORONG GADANG, KURANJI, KOTA PADANG, SUMATERA BARAT",13,7,197,204
https://kawalpemilu.org#13803,"KORONG GADANG, KURANJI, KOTA PADANG, SUMATERA BARAT",14,26,215,241
https://kawalpemilu.org#13803,"KORONG GADANG, KURANJI, KOTA PADANG, SUMATERA BARAT",15,11,245,258
https://kawalpemilu.org#13803,"KORONG GADANG, KURANJI, KOTA PADANG, SUMATERA BARAT",16,7,177,184
https://kawalpemilu.org#13803,"KORONG GADANG, KURANJI, KOTA PADANG, SUMATERA BARAT",17,23,174,197
https://kawalpemilu.org#13803,"KORONG GADANG, KURANJI, KOTA PADANG, SUMATERA BARAT",18,27,208,235
https://kawalpemilu.org#13803,"KORONG GADANG, KURANJI, KOTA PADANG, SUMATERA BARAT",19,8,235,243
https://kawalpemilu.org#13803,"KORONG GADANG, KURANJI, KOTA PADANG, SUMATERA BARAT",20,18,223,241
https://kawalpemilu.org#13803,"KORONG GADANG, KURANJI, KOTA PADANG, SUMATERA BARAT",21,14,244,258
https://kawalpemilu.org#13803,"KORONG GADANG, KURANJI, KOTA PADANG, SUMATERA BARAT",22,20,208,228
https://kawalpemilu.org#13803,"KORONG GADANG, KURANJI, KOTA PADANG, SUMATERA BARAT",23,12,204,216
https://kawalpemilu.org#13803,"KORONG GADANG, KURANJI, KOTA PADANG, SUMATERA BARAT",24,30,157,187
https://kawalpemilu.org#13803,"KORONG GADANG, KURANJI, KOTA PADANG, SUMATERA BARAT",25,19,227,246
https://kawalpemilu.org#13803,"KORONG GADANG, KURANJI, KOTA PADANG, SUMATERA BARAT",26,18,167,185
https://kawalpemilu.org#13803,"KORONG GADANG, KURANJI, KOTA PADANG, SUMATERA BARAT",27,15,131,146
https://kawalpemilu.org#13803,"KORONG GADANG, KURANJI, KOTA PADANG, SUMATERA BARAT",28,11,105,116
https://kawalpemilu.org#13803,"KORONG GADANG, KURANJI, KOTA PADANG, SUMATERA BARAT",29,25,169,194
https://kawalpemilu.org#13803,"KORONG GADANG, KURANJI, KOTA PADANG, SUMATERA BARAT",30,37,195,232
https://kawalpemilu.org#13803,"KORONG GADANG, KURANJI, KOTA PADANG, SUMATERA BARAT",31,13,98,111
https://kawalpemilu.org#13803,"KORONG GADANG, KURANJI, KOTA PADANG, SUMATERA BARAT",32,12,183,195
https://kawalpemilu.org#13803,"KORONG GADANG, KURANJI, KOTA PADANG, SUMATERA BARAT",33,24,104,128
https://kawalpemilu.org#13803,"KORONG GADANG, KURANJI, KOTA PADANG, SUMATERA BARAT",34,26,123,149
https://kawalpemilu.org#13803,"KORONG GADANG, KURANJI, KOTA PADANG, SUMATERA BARAT",35,9,148,157
https://kawalpemilu.org#13803,"KORONG GADANG, KURANJI, KOTA PADANG, SUMATERA BARAT",36,29,199,228
https://kawalpemilu.org#13803,"KORONG GADANG, KURANJI, KOTA PADANG, SUMATERA BARAT",37,21,204,225
https://kawalpemilu.org#13803,"KORONG GADANG, KURANJI, KOTA PADANG, SUMATERA BARAT",38,30,240,270
https://kawalpemilu.org#13803,"KORONG GADANG, KURANJI, KOTA PADANG, SUMATERA BARAT",39,22,213,235
https://kawalpemilu.org#13803,"KORONG GADANG, KURANJI, KOTA PADANG, SUMATERA BARAT",40,10,203,213
https://kawalpemilu.org#13803,"KORONG GADANG, KURANJI, KOTA PADANG, SUMATERA BARAT",41,18,190,208
https://kawalpemilu.org#13803,"KORONG GADANG, KURANJI, KOTA PADANG, SUMATERA BARAT",42,13,118,131
https://kawalpemilu.org#13803,"KORONG GADANG, KURANJI, KOTA PADANG, SUMATERA BARAT",43,26,158,184
https://kawalpemilu.org#13803,"KORONG GADANG, KURANJI, KOTA PADANG, SUMATERA BARAT",44,9,145,154
https://kawalpemilu.org#13803,"KORONG GADANG, KURANJI, KOTA PADANG, SUMATERA BARAT",45,21,210,231
https://kawalpemilu.org#13803,"KORONG GADANG, KURANJI, KOTA PADANG, SUMATERA BARAT",46,18,207,225
https://kawalpemilu.org#13803,"KORONG GADANG, KURANJI, KOTA PADANG, SUMATERA BARAT",47,18,235,253
https://kawalpemilu.org#13803,"KORONG GADANG, KURANJI, KOTA PADANG, SUMATERA BARAT",48,6,108,114
https://kawalpemilu.org#13803,"KORONG GADANG, KURANJI, KOTA PADANG, SUMATERA BARAT",49,26,126,152
https://kawalpemilu.org#13803,"KORONG GADANG, KURANJI, KOTA PADANG, SUMATERA BARAT",50,23,146,169
https://kawalpemilu.org#13803,"KORONG GADANG, KURANJI, KOTA PADANG, SUMATERA BARAT",51,15,145,160
https://kawalpemilu.org#13803,"KORONG GADANG, KURANJI, KOTA PADANG, SUMATERA BARAT",52,18,116,134
https://kawalpemilu.org#13803,"KORONG GADANG, KURANJI, KOTA PADANG, SUMATERA BARAT",53,6,111,117
https://kawalpemilu.org#13804,"KURANJI, KURANJI, KOTA PADANG, SUMATERA BARAT",1,18,243,261
https://kawalpemilu.org#13804,"KURANJI, KURANJI, KOTA PADANG, SUMATERA BARAT",2,11,158,169
https://kawalpemilu.org#13804,"KURANJI, KURANJI, KOTA PADANG, SUMATERA BARAT",3,9,184,193
https://kawalpemilu.org#13804,"KURANJI, KURANJI, KOTA PADANG, SUMATERA BARAT",4,9,205,214
https://kawalpemilu.org#13804,"KURANJI, KURANJI, KOTA PADANG, SUMATERA BARAT",5,8,141,149
https://kawalpemilu.org#13804,"KURANJI, KURANJI, KOTA PADANG, SUMATERA BARAT",6,11,151,162
https://kawalpemilu.org#13804,"KURANJI, KURANJI, KOTA PADANG, SUMATERA BARAT",7,25,230,255
https://kawalpemilu.org#13804,"KURANJI, KURANJI, KOTA PADANG, SUMATERA BARAT",8,18,196,214
https://kawalpemilu.org#13804,"KURANJI, KURANJI, KOTA PADANG, SUMATERA BARAT",9,9,163,173
https://kawalpemilu.org#13804,"KURANJI, KURANJI, KOTA PADANG, SUMATERA BARAT",10,9,212,221
https://kawalpemilu.org#13804,"KURANJI, KURANJI, KOTA PADANG, SUMATERA BARAT",11,14,148,162
https://kawalpemilu.org#13804,"KURANJI, KURANJI, KOTA PADANG, SUMATERA BARAT",12,18,211,229
https://kawalpemilu.org#13804,"KURANJI, KURANJI, KOTA PADANG, SUMATERA BARAT",13,21,232,253
https://kawalpemilu.org#13804,"KURANJI, KURANJI, KOTA PADANG, SUMATERA BARAT",14,26,220,246
https://kawalpemilu.org#13804,"KURANJI, KURANJI, KOTA PADANG, SUMATERA BARAT",15,15,234,249
https://kawalpemilu.org#13804,"KURANJI, KURANJI, KOTA PADANG, SUMATERA BARAT",16,20,230,254
https://kawalpemilu.org#13804,"KURANJI, KURANJI, KOTA PADANG, SUMATERA BARAT",17,23,170,193
https://kawalpemilu.org#13804,"KURANJI, KURANJI, KOTA PADANG, SUMATERA BARAT",18,17,169,186
https://kawalpemilu.org#13804,"KURANJI, KURANJI, KOTA PADANG, SUMATERA BARAT",19,21,195,216
https://kawalpemilu.org#13804,"KURANJI, KURANJI, KOTA PADANG, SUMATERA BARAT",20,6,131,137
https://kawalpemilu.org#13804,"KURANJI, KURANJI, KOTA PADANG, SUMATERA BARAT",21,8,163,171
https://kawalpemilu.org#13804,"KURANJI, KURANJI, KOTA PADANG, SUMATERA BARAT",22,7,222,229
https://kawalpemilu.org#13804,"KURANJI, KURANJI, KOTA PADANG, SUMATERA BARAT",23,12,198,210
https://kawalpemilu.org#13804,"KURANJI, KURANJI, KOTA PADANG, SUMATERA BARAT",24,6,214,220
https://kawalpemilu.org#13804,"KURANJI, KURANJI, KOTA PADANG, SUMATERA BARAT",25,11,207,218
https://kawalpemilu.org#13804,"KURANJI, KURANJI, KOTA PADANG, SUMATERA BARAT",26,5,154,159
https://kawalpemilu.org#13804,"KURANJI, KURANJI, KOTA PADANG, SUMATERA BARAT",27,5,151,156
https://kawalpemilu.org#13804,"KURANJI, KURANJI, KOTA PADANG, SUMATERA BARAT",28,9,207,216
https://kawalpemilu.org#13804,"KURANJI, KURANJI, KOTA PADANG, SUMATERA BARAT",29,12,171,183
https://kawalpemilu.org#13804,"KURANJI, KURANJI, KOTA PADANG, SUMATERA BARAT",30,13,197,210
https://kawalpemilu.org#13804,"KURANJI, KURANJI, KOTA PADANG, SUMATERA BARAT",31,25,187,212
https://kawalpemilu.org#13804,"KURANJI, KURANJI, KOTA PADANG, SUMATERA BARAT",32,11,213,224
https://kawalpemilu.org#13804,"KURANJI, KURANJI, KOTA PADANG, SUMATERA BARAT",33,8,206,214
https://kawalpemilu.org#13804,"KURANJI, KURANJI, KOTA PADANG, SUMATERA BARAT",34,19,221,240
https://kawalpemilu.org#13804,"KURANJI, KURANJI, KOTA PADANG, SUMATERA BARAT",35,14,221,235
https://kawalpemilu.org#13804,"KURANJI, KURANJI, KOTA PADANG, SUMATERA BARAT",36,14,203,217
https://kawalpemilu.org#13804,"KURANJI, KURANJI, KOTA PADANG, SUMATERA BARAT",37,27,224,251
https://kawalpemilu.org#13804,"KURANJI, KURANJI, KOTA PADANG, SUMATERA BARAT",38,33,171,204
https://kawalpemilu.org#13804,"KURANJI, KURANJI, KOTA PADANG, SUMATERA BARAT",39,37,178,215
https://kawalpemilu.org#13804,"KURANJI, KURANJI, KOTA PADANG, SUMATERA BARAT",40,28,164,192
https://kawalpemilu.org#13804,"KURANJI, KURANJI, KOTA PADANG, SUMATERA BARAT",41,12,226,238
https://kawalpemilu.org#13804,"KURANJI, KURANJI, KOTA PADANG, SUMATERA BARAT",42,21,194,215
https://kawalpemilu.org#13804,"KURANJI, KURANJI, KOTA PADANG, SUMATERA BARAT",43,3,86,89
https://kawalpemilu.org#13804,"KURANJI, KURANJI, KOTA PADANG, SUMATERA BARAT",44,11,161,172
https://kawalpemilu.org#13804,"KURANJI, KURANJI, KOTA PADANG, SUMATERA BARAT",45,16,215,231
https://kawalpemilu.org#13804,"KURANJI, KURANJI, KOTA PADANG, SUMATERA BARAT",46,36,196,232
https://kawalpemilu.org#13804,"KURANJI, KURANJI, KOTA PADANG, SUMATERA BARAT",47,32,181,213
https://kawalpemilu.org#13804,"KURANJI, KURANJI, KOTA PADANG, SUMATERA BARAT",48,46,170,216
https://kawalpemilu.org#13804,"KURANJI, KURANJI, KOTA PADANG, SUMATERA BARAT",49,43,195,238
https://kawalpemilu.org#13804,"KURANJI, KURANJI, KOTA PADANG, SUMATERA BARAT",50,38,185,223
https://kawalpemilu.org#13804,"KURANJI, KURANJI, KOTA PADANG, SUMATERA BARAT",51,35,202,237
https://kawalpemilu.org#13804,"KURANJI, KURANJI, KOTA PADANG, SUMATERA BARAT",52,13,219,232
https://kawalpemilu.org#13804,"KURANJI, KURANJI, KOTA PADANG, SUMATERA BARAT",53,14,200,214
https://kawalpemilu.org#13804,"KURANJI, KURANJI, KOTA PADANG, SUMATERA BARAT",54,28,153,181
https://kawalpemilu.org#13804,"KURANJI, KURANJI, KOTA PADANG, SUMATERA BARAT",55,19,103,122
https://kawalpemilu.org#13804,"KURANJI, KURANJI, KOTA PADANG, SUMATERA BARAT",56,31,191,222
https://kawalpemilu.org#13804,"KURANJI, KURANJI, KOTA PADANG, SUMATERA BARAT",57,26,192,218
https://kawalpemilu.org#13804,"KURANJI, KURANJI, KOTA PADANG, SUMATERA BARAT",58,58,203,261
https://kawalpemilu.org#13804,"KURANJI, KURANJI, KOTA PADANG, SUMATERA BARAT",59,52,198,250
https://kawalpemilu.org#13804,"KURANJI, KURANJI, KOTA PADANG, SUMATERA BARAT",60,20,152,172
https://kawalpemilu.org#13804,"KURANJI, KURANJI, KOTA PADANG, SUMATERA BARAT",61,22,98,120
https://kawalpemilu.org#13804,"KURANJI, KURANJI, KOTA PADANG, SUMATERA BARAT",62,41,186,227
https://kawalpemilu.org#13804,"KURANJI, KURANJI, KOTA PADANG, SUMATERA BARAT",63,40,133,173
https://kawalpemilu.org#13804,"KURANJI, KURANJI, KOTA PADANG, SUMATERA BARAT",64,23,125,148
https://kawalpemilu.org#13804,"KURANJI, KURANJI, KOTA PADANG, SUMATERA BARAT",65,38,228,266
https://kawalpemilu.org#13804,"KURANJI, KURANJI, KOTA PADANG, SUMATERA BARAT",66,37,186,223
https://kawalpemilu.org#13804,"KURANJI, KURANJI, KOTA PADANG, SUMATERA BARAT",67,31,206,237
https://kawalpemilu.org#13804,"KURANJI, KURANJI, KOTA PADANG, SUMATERA BARAT",68,19,209,228
https://kawalpemilu.org#13804,"KURANJI, KURANJI, KOTA PADANG, SUMATERA BARAT",69,21,133,154
https://kawalpemilu.org#13804,"KURANJI, KURANJI, KOTA PADANG, SUMATERA BARAT",70,24,198,222
https://kawalpemilu.org#13804,"KURANJI, KURANJI, KOTA PADANG, SUMATERA BARAT",71,24,185,209
https://kawalpemilu.org#13804,"KURANJI, KURANJI, KOTA PADANG, SUMATERA BARAT",72,42,199,241
https://kawalpemilu.org#13804,"KURANJI, KURANJI, KOTA PADANG, SUMATERA BARAT",73,37,199,236
https://kawalpemilu.org#13804,"KURANJI, KURANJI, KOTA PADANG, SUMATERA BARAT",74,32,172,204
https://kawalpemilu.org#13804,"KURANJI, KURANJI, KOTA PADANG, SUMATERA BARAT",75,9,147,156
https://kawalpemilu.org#13804,"KURANJI, KURANJI, KOTA PADANG, SUMATERA BARAT",76,30,204,234
https://kawalpemilu.org#13804,"KURANJI, KURANJI, KOTA PADANG, SUMATERA BARAT",77,14,148,162
https://kawalpemilu.org#13804,"KURANJI, KURANJI, KOTA PADANG, SUMATERA BARAT",78,35,206,241
https://kawalpemilu.org#13804,"KURANJI, KURANJI, KOTA PADANG, SUMATERA BARAT",79,29,187,216
https://kawalpemilu.org#13804,"KURANJI, KURANJI, KOTA PADANG, SUMATERA BARAT",80,30,223,253
https://kawalpemilu.org#13804,"KURANJI, KURANJI, KOTA PADANG, SUMATERA BARAT",81,10,188,198
https://kawalpemilu.org#13804,"KURANJI, KURANJI, KOTA PADANG, SUMATERA BARAT",82,29,138,167
https://kawalpemilu.org#13804,"KURANJI, KURANJI, KOTA PADANG, SUMATERA BARAT",83,33,214,247
https://kawalpemilu.org#13804,"KURANJI, KURANJI, KOTA PADANG, SUMATERA BARAT",84,14,182,196
https://kawalpemilu.org#13804,"KURANJI, KURANJI, KOTA PADANG, SUMATERA BARAT",85,13,159,172
https://kawalpemilu.org#13805,"GUNUNG SARIK, KURANJI, KOTA PADANG, SUMATERA BARAT",1,16,182,198
https://kawalpemilu.org#13805,"GUNUNG SARIK, KURANJI, KOTA PADANG, SUMATERA BARAT",2,22,194,216
https://kawalpemilu.org#13805,"GUNUNG SARIK, KURANJI, KOTA PADANG, SUMATERA BARAT",3,14,233,247
https://kawalpemilu.org#13805,"GUNUNG SARIK, KURANJI, KOTA PADANG, SUMATERA BARAT",4,10,216,226
https://kawalpemilu.org#13805,"GUNUNG SARIK, KURANJI, KOTA PADANG, SUMATERA BARAT",5,27,231,258
https://kawalpemilu.org#13805,"GUNUNG SARIK, KURANJI, KOTA PADANG, SUMATERA BARAT",6,25,194,219
https://kawalpemilu.org#13805,"GUNUNG SARIK, KURANJI, KOTA PADANG, SUMATERA BARAT",7,5,173,178
https://kawalpemilu.org#13805,"GUNUNG SARIK, KURANJI, KOTA PADANG, SUMATERA BARAT",8,12,228,240
https://kawalpemilu.org#13805,"GUNUNG SARIK, KURANJI, KOTA PADANG, SUMATERA BARAT",9,11,224,235
https://kawalpemilu.org#13805,"GUNUNG SARIK, KURANJI, KOTA PADANG, SUMATERA BARAT",10,16,199,215
https://kawalpemilu.org#13805,"GUNUNG SARIK, KURANJI, KOTA PADANG, SUMATERA BARAT",11,9,200,209
https://kawalpemilu.org#13805,"GUNUNG SARIK, KURANJI, KOTA PADANG, SUMATERA BARAT",12,30,152,182
https://kawalpemilu.org#13805,"GUNUNG SARIK, KURANJI, KOTA PADANG, SUMATERA BARAT",13,10,185,195
https://kawalpemilu.org#13805,"GUNUNG SARIK, KURANJI, KOTA PADANG, SUMATERA BARAT",14,15,221,236
https://kawalpemilu.org#13805,"GUNUNG SARIK, KURANJI, KOTA PADANG, SUMATERA BARAT",15,28,228,256
https://kawalpemilu.org#13805,"GUNUNG SARIK, KURANJI, KOTA PADANG, SUMATERA BARAT",16,14,214,228
https://kawalpemilu.org#13805,"GUNUNG SARIK, KURANJI, KOTA PADANG, SUMATERA BARAT",17,18,197,215
https://kawalpemilu.org#13805,"GUNUNG SARIK, KURANJI, KOTA PADANG, SUMATERA BARAT",18,22,193,215
https://kawalpemilu.org#13805,"GUNUNG SARIK, KURANJI, KOTA PADANG, SUMATERA BARAT",19,18,203,221
https://kawalpemilu.org#13805,"GUNUNG SARIK, KURANJI, KOTA PADANG, SUMATERA BARAT",21,14,197,211
https://kawalpemilu.org#13805,"GUNUNG SARIK, KURANJI, KOTA PADANG, SUMATERA BARAT",22,31,200,231
https://kawalpemilu.org#13805,"GUNUNG SARIK, KURANJI, KOTA PADANG, SUMATERA BARAT",23,5,163,168
https://kawalpemilu.org#13805,"GUNUNG SARIK, KURANJI, KOTA PADANG, SUMATERA BARAT",24,18,209,227
https://kawalpemilu.org#13805,"GUNUNG SARIK, KURANJI, KOTA PADANG, SUMATERA BARAT",25,23,224,247
https://kawalpemilu.org#13805,"GUNUNG SARIK, KURANJI, KOTA PADANG, SUMATERA BARAT",26,18,181,199
https://kawalpemilu.org#13805,"GUNUNG SARIK, KURANJI, KOTA PADANG, SUMATERA BARAT",27,28,233,261
https://kawalpemilu.org#13805,"GUNUNG SARIK, KURANJI, KOTA PADANG, SUMATERA BARAT",28,21,226,247
https://kawalpemilu.org#13805,"GUNUNG SARIK, KURANJI, KOTA PADANG, SUMATERA BARAT",29,21,208,229
https://kawalpemilu.org#13805,"GUNUNG SARIK, KURANJI, KOTA PADANG, SUMATERA BARAT",30,28,158,186
https://kawalpemilu.org#13805,"GUNUNG SARIK, KURANJI, KOTA PADANG, SUMATERA BARAT",32,27,160,187
https://kawalpemilu.org#13805,"GUNUNG SARIK, KURANJI, KOTA PADANG, SUMATERA BARAT",33,31,166,197
https://kawalpemilu.org#13805,"GUNUNG SARIK, KURANJI, KOTA PADANG, SUMATERA BARAT",34,28,165,193
https://kawalpemilu.org#13805,"GUNUNG SARIK, KURANJI, KOTA PADANG, SUMATERA BARAT",35,13,190,203
https://kawalpemilu.org#13805,"GUNUNG SARIK, KURANJI, KOTA PADANG, SUMATERA BARAT",36,16,236,252
https://kawalpemilu.org#13805,"GUNUNG SARIK, KURANJI, KOTA PADANG, SUMATERA BARAT",37,5,187,192
https://kawalpemilu.org#13805,"GUNUNG SARIK, KURANJI, KOTA PADANG, SUMATERA BARAT",38,20,203,223
https://kawalpemilu.org#13805,"GUNUNG SARIK, KURANJI, KOTA PADANG, SUMATERA BARAT",39,28,217,245
https://kawalpemilu.org#13805,"GUNUNG SARIK, KURANJI, KOTA PADANG, SUMATERA BARAT",40,16,184,200
https://kawalpemilu.org#13805,"GUNUNG SARIK, KURANJI, KOTA PADANG, SUMATERA BARAT",41,18,216,234
https://kawalpemilu.org#13805,"GUNUNG SARIK, KURANJI, KOTA PADANG, SUMATERA BARAT",42,16,190,206
https://kawalpemilu.org#13805,"GUNUNG SARIK, KURANJI, KOTA PADANG, SUMATERA BARAT",43,7,166,173
https://kawalpemilu.org#13805,"GUNUNG SARIK, KURANJI, KOTA PADANG, SUMATERA BARAT",44,24,174,198
https://kawalpemilu.org#13805,"GUNUNG SARIK, KURANJI, KOTA PADANG, SUMATERA BARAT",45,6,175,181
https://kawalpemilu.org#13805,"GUNUNG SARIK, KURANJI, KOTA PADANG, SUMATERA BARAT",46,7,171,178
https://kawalpemilu.org#13806,"SUNGAI SAPIH, KURANJI, KOTA PADANG, SUMATERA BARAT",1,17,121,138
https://kawalpemilu.org#13806,"SUNGAI SAPIH, KURANJI, KOTA PADANG, SUMATERA BARAT",2,17,130,147
https://kawalpemilu.org#13806,"SUNGAI SAPIH, KURANJI, KOTA PADANG, SUMATERA BARAT",3,13,152,165
https://kawalpemilu.org#13806,"SUNGAI SAPIH, KURANJI, KOTA PADANG, SUMATERA BARAT",4,15,144,159
https://kawalpemilu.org#13806,"SUNGAI SAPIH, KURANJI, KOTA PADANG, SUMATERA BARAT",5,8,148,156
https://kawalpemilu.org#13806,"SUNGAI SAPIH, KURANJI, KOTA PADANG, SUMATERA BARAT",6,8,145,153
https://kawalpemilu.org#13806,"SUNGAI SAPIH, KURANJI, KOTA PADANG, SUMATERA BARAT",7,10,212,222
https://kawalpemilu.org#13806,"SUNGAI SAPIH, KURANJI, KOTA PADANG, SUMATERA BARAT",8,15,210,225
https://kawalpemilu.org#13806,"SUNGAI SAPIH, KURANJI, KOTA PADANG, SUMATERA BARAT",9,17,111,128
https://kawalpemilu.org#13806,"SUNGAI SAPIH, KURANJI, KOTA PADANG, SUMATERA BARAT",10,11,88,99
https://kawalpemilu.org#13806,"SUNGAI SAPIH, KURANJI, KOTA PADANG, SUMATERA BARAT",11,3,181,184
https://kawalpemilu.org#13806,"SUNGAI SAPIH, KURANJI, KOTA PADANG, SUMATERA BARAT",12,22,178,200
https://kawalpemilu.org#13806,"SUNGAI SAPIH, KURANJI, KOTA PADANG, SUMATERA BARAT",13,21,110,131
https://kawalpemilu.org#13806,"SUNGAI SAPIH, KURANJI, KOTA PADANG, SUMATERA BARAT",14,29,161,190
https://kawalpemilu.org#13806,"SUNGAI SAPIH, KURANJI, KOTA PADANG, SUMATERA BARAT",15,14,147,161
https://kawalpemilu.org#13806,"SUNGAI SAPIH, KURANJI, KOTA PADANG, SUMATERA BARAT",16,12,133,145
https://kawalpemilu.org#13806,"SUNGAI SAPIH, KURANJI, KOTA PADANG, SUMATERA BARAT",17,11,221,232
https://kawalpemilu.org#13806,"SUNGAI SAPIH, KURANJI, KOTA PADANG, SUMATERA BARAT",18,10,227,237
https://kawalpemilu.org#13806,"SUNGAI SAPIH, KURANJI, KOTA PADANG, SUMATERA BARAT",19,19,179,198
https://kawalpemilu.org#13806,"SUNGAI SAPIH, KURANJI, KOTA PADANG, SUMATERA BARAT",20,22,174,196
https://kawalpemilu.org#13806,"SUNGAI SAPIH, KURANJI, KOTA PADANG, SUMATERA BARAT",21,27,177,204
https://kawalpemilu.org#13806,"SUNGAI SAPIH, KURANJI, KOTA PADANG, SUMATERA BARAT",22,16,173,189
https://kawalpemilu.org#13806,"SUNGAI SAPIH, KURANJI, KOTA PADANG, SUMATERA BARAT",23,9,215,224
https://kawalpemilu.org#13806,"SUNGAI SAPIH, KURANJI, KOTA PADANG, SUMATERA BARAT",24,9,246,255
https://kawalpemilu.org#13806,"SUNGAI SAPIH, KURANJI, KOTA PADANG, SUMATERA BARAT",25,15,160,175
https://kawalpemilu.org#13806,"SUNGAI SAPIH, KURANJI, KOTA PADANG, SUMATERA BARAT",26,7,157,164
https://kawalpemilu.org#13806,"SUNGAI SAPIH, KURANJI, KOTA PADANG, SUMATERA BARAT",27,10,201,211
https://kawalpemilu.org#13806,"SUNGAI SAPIH, KURANJI, KOTA PADANG, SUMATERA BARAT",28,16,183,199
https://kawalpemilu.org#13806,"SUNGAI SAPIH, KURANJI, KOTA PADANG, SUMATERA BARAT",29,16,188,204
https://kawalpemilu.org#13806,"SUNGAI SAPIH, KURANJI, KOTA PADANG, SUMATERA BARAT",30,10,200,210
https://kawalpemilu.org#13806,"SUNGAI SAPIH, KURANJI, KOTA PADANG, SUMATERA BARAT",31,5,203,208
https://kawalpemilu.org#13806,"SUNGAI SAPIH, KURANJI, KOTA PADANG, SUMATERA BARAT",32,25,187,212
https://kawalpemilu.org#13806,"SUNGAI SAPIH, KURANJI, KOTA PADANG, SUMATERA BARAT",33,28,194,222
https://kawalpemilu.org#13806,"SUNGAI SAPIH, KURANJI, KOTA PADANG, SUMATERA BARAT",34,28,165,193
https://kawalpemilu.org#13806,"SUNGAI SAPIH, KURANJI, KOTA PADANG, SUMATERA BARAT",35,3,216,219
https://kawalpemilu.org#13806,"SUNGAI SAPIH, KURANJI, KOTA PADANG, SUMATERA BARAT",36,22,156,178
https://kawalpemilu.org#13806,"SUNGAI SAPIH, KURANJI, KOTA PADANG, SUMATERA BARAT",37,10,116,126
https://kawalpemilu.org#13806,"SUNGAI SAPIH, KURANJI, KOTA PADANG, SUMATERA BARAT",38,15,89,104
https://kawalpemilu.org#13806,"SUNGAI SAPIH, KURANJI, KOTA PADANG, SUMATERA BARAT",39,21,191,212
https://kawalpemilu.org#13806,"SUNGAI SAPIH, KURANJI, KOTA PADANG, SUMATERA BARAT",40,50,166,216
https://kawalpemilu.org#13808,"SURAU GADANG, NANGGALO, KOTA PADANG, SUMATERA BARAT",1,18,186,204
https://kawalpemilu.org#13808,"SURAU GADANG, NANGGALO, KOTA PADANG, SUMATERA BARAT",2,13,160,173
https://kawalpemilu.org#13808,"SURAU GADANG, NANGGALO, KOTA PADANG, SUMATERA BARAT",3,20,145,165
https://kawalpemilu.org#13808,"SURAU GADANG, NANGGALO, KOTA PADANG, SUMATERA BARAT",4,22,152,174
https://kawalpemilu.org#13808,"SURAU GADANG, NANGGALO, KOTA PADANG, SUMATERA BARAT",5,23,176,199
https://kawalpemilu.org#13808,"SURAU GADANG, NANGGALO, KOTA PADANG, SUMATERA BARAT",6,20,220,240
https://kawalpemilu.org#13808,"SURAU GADANG, NANGGALO, KOTA PADANG, SUMATERA BARAT",7,8,168,176
https://kawalpemilu.org#13808,"SURAU GADANG, NANGGALO, KOTA PADANG, SUMATERA BARAT",8,39,120,159
https://kawalpemilu.org#13808,"SURAU GADANG, NANGGALO, KOTA PADANG, SUMATERA BARAT",9,21,109,130
https://kawalpemilu.org#13808,"SURAU GADANG, NANGGALO, KOTA PADANG, SUMATERA BARAT",10,29,211,240
https://kawalpemilu.org#13808,"SURAU GADANG, NANGGALO, KOTA PADANG, SUMATERA BARAT",11,27,218,245
https://kawalpemilu.org#13808,"SURAU GADANG, NANGGALO, KOTA PADANG, SUMATERA BARAT",12,16,127,143
https://kawalpemilu.org#13808,"SURAU GADANG, NANGGALO, KOTA PADANG, SUMATERA BARAT",13,16,80,96
https://kawalpemilu.org#13808,"SURAU GADANG, NANGGALO, KOTA PADANG, SUMATERA BARAT",14,32,170,202
https://kawalpemilu.org#13808,"SURAU GADANG, NANGGALO, KOTA PADANG, SUMATERA BARAT",15,14,106,120
https://kawalpemilu.org#13808,"SURAU GADANG, NANGGALO, KOTA PADANG, SUMATERA BARAT",16,15,146,161
https://kawalpemilu.org#13808,"SURAU GADANG, NANGGALO, KOTA PADANG, SUMATERA BARAT",17,20,141,161
https://kawalpemilu.org#13808,"SURAU GADANG, NANGGALO, KOTA PADANG, SUMATERA BARAT",18,35,160,195
https://kawalpemilu.org#13808,"SURAU GADANG, NANGGALO, KOTA PADANG, SUMATERA BARAT",19,23,102,125
https://kawalpemilu.org#13808,"SURAU GADANG, NANGGALO, KOTA PADANG, SUMATERA BARAT",20,33,168,201
https://kawalpemilu.org#13808,"SURAU GADANG, NANGGALO, KOTA PADANG, SUMATERA BARAT",21,25,187,212
https://kawalpemilu.org#13808,"SURAU GADANG, NANGGALO, KOTA PADANG, SUMATERA BARAT",22,29,166,195
https://kawalpemilu.org#13808,"SURAU GADANG, NANGGALO, KOTA PADANG, SUMATERA BARAT",23,27,130,157
https://kawalpemilu.org#13808,"SURAU GADANG, NANGGALO, KOTA PADANG, SUMATERA BARAT",24,23,115,138
https://kawalpemilu.org#13808,"SURAU GADANG, NANGGALO, KOTA PADANG, SUMATERA BARAT",25,28,135,163
https://kawalpemilu.org#13808,"SURAU GADANG, NANGGALO, KOTA PADANG, SUMATERA BARAT",26,18,188,206
https://kawalpemilu.org#13808,"SURAU GADANG, NANGGALO, KOTA PADANG, SUMATERA BARAT",27,18,146,164
https://kawalpemilu.org#13808,"SURAU GADANG, NANGGALO, KOTA PADANG, SUMATERA BARAT",28,17,93,110
https://kawalpemilu.org#13808,"SURAU GADANG, NANGGALO, KOTA PADANG, SUMATERA BARAT",29,9,136,145
https://kawalpemilu.org#13808,"SURAU GADANG, NANGGALO, KOTA PADANG, SUMATERA BARAT",30,22,128,150
https://kawalpemilu.org#13808,"SURAU GADANG, NANGGALO, KOTA PADANG, SUMATERA BARAT",31,25,179,204
https://kawalpemilu.org#13808,"SURAU GADANG, NANGGALO, KOTA PADANG, SUMATERA BARAT",32,23,185,208
https://kawalpemilu.org#13808,"SURAU GADANG, NANGGALO, KOTA PADANG, SUMATERA BARAT",33,11,121,132
https://kawalpemilu.org#13808,"SURAU GADANG, NANGGALO, KOTA PADANG, SUMATERA BARAT",34,27,83,110
https://kawalpemilu.org#13808,"SURAU GADANG, NANGGALO, KOTA PADANG, SUMATERA BARAT",35,15,143,158
https://kawalpemilu.org#13808,"SURAU GADANG, NANGGALO, KOTA PADANG, SUMATERA BARAT",36,27,118,145
https://kawalpemilu.org#13808,"SURAU GADANG, NANGGALO, KOTA PADANG, SUMATERA BARAT",37,44,160,204
https://kawalpemilu.org#13808,"SURAU GADANG, NANGGALO, KOTA PADANG, SUMATERA BARAT",38,24,158,182
https://kawalpemilu.org#13808,"SURAU GADANG, NANGGALO, KOTA PADANG, SUMATERA BARAT",39,34,91,125
https://kawalpemilu.org#13808,"SURAU GADANG, NANGGALO, KOTA PADANG, SUMATERA BARAT",40,9,92,101
https://kawalpemilu.org#13808,"SURAU GADANG, NANGGALO, KOTA PADANG, SUMATERA BARAT",41,32,130,162
https://kawalpemilu.org#13808,"SURAU GADANG, NANGGALO, KOTA PADANG, SUMATERA BARAT",42,47,197,244
https://kawalpemilu.org#13808,"SURAU GADANG, NANGGALO, KOTA PADANG, SUMATERA BARAT",43,9,153,162
https://kawalpemilu.org#13808,"SURAU GADANG, NANGGALO, KOTA PADANG, SUMATERA BARAT",44,14,194,208
https://kawalpemilu.org#13808,"SURAU GADANG, NANGGALO, KOTA PADANG, SUMATERA BARAT",45,27,174,201
https://kawalpemilu.org#13808,"SURAU GADANG, NANGGALO, KOTA PADANG, SUMATERA BARAT",46,16,132,148
https://kawalpemilu.org#13808,"SURAU GADANG, NANGGALO, KOTA PADANG, SUMATERA BARAT",47,16,161,177
https://kawalpemilu.org#13808,"SURAU GADANG, NANGGALO, KOTA PADANG, SUMATERA BARAT",48,20,156,176
https://kawalpemilu.org#13808,"SURAU GADANG, NANGGALO, KOTA PADANG, SUMATERA BARAT",49,14,130,144
https://kawalpemilu.org#13808,"SURAU GADANG, NANGGALO, KOTA PADANG, SUMATERA BARAT",50,20,126,146
https://kawalpemilu.org#13808,"SURAU GADANG, NANGGALO, KOTA PADANG, SUMATERA BARAT",51,19,97,116
https://kawalpemilu.org#13808,"SURAU GADANG, NANGGALO, KOTA PADANG, SUMATERA BARAT",52,19,164,183
https://kawalpemilu.org#13808,"SURAU GADANG, NANGGALO, KOTA PADANG, SUMATERA BARAT",53,26,102,128
https://kawalpemilu.org#13808,"SURAU GADANG, NANGGALO, KOTA PADANG, SUMATERA BARAT",54,22,156,178
https://kawalpemilu.org#13808,"SURAU GADANG, NANGGALO, KOTA PADANG, SUMATERA BARAT",55,27,177,204
https://kawalpemilu.org#13808,"SURAU GADANG, NANGGALO, KOTA PADANG, SUMATERA BARAT",56,20,198,218
https://kawalpemilu.org#13808,"SURAU GADANG, NANGGALO, KOTA PADANG, SUMATERA BARAT",57,13,209,222
https://kawalpemilu.org#13808,"SURAU GADANG, NANGGALO, KOTA PADANG, SUMATERA BARAT",58,17,152,169
https://kawalpemilu.org#13808,"SURAU GADANG, NANGGALO, KOTA PADANG, SUMATERA BARAT",59,18,169,187
https://kawalpemilu.org#13808,"SURAU GADANG, NANGGALO, KOTA PADANG, SUMATERA BARAT",60,31,208,239
https://kawalpemilu.org#13808,"SURAU GADANG, NANGGALO, KOTA PADANG, SUMATERA BARAT",61,24,200,224
https://kawalpemilu.org#13808,"SURAU GADANG, NANGGALO, KOTA PADANG, SUMATERA BARAT",62,24,140,164
https://kawalpemilu.org#13808,"SURAU GADANG, NANGGALO, KOTA PADANG, SUMATERA BARAT",63,9,104,113
https://kawalpemilu.org#13808,"SURAU GADANG, NANGGALO, KOTA PADANG, SUMATERA BARAT",64,18,111,129
https://kawalpemilu.org#13809,"KAMPUNG OLO, NANGGALO, KOTA PADANG, SUMATERA BARAT",1,17,184,201
https://kawalpemilu.org#13809,"KAMPUNG OLO, NANGGALO, KOTA PADANG, SUMATERA BARAT",2,21,120,141
https://kawalpemilu.org#13809,"KAMPUNG OLO, NANGGALO, KOTA PADANG, SUMATERA BARAT",3,19,125,144
https://kawalpemilu.org#13809,"KAMPUNG OLO, NANGGALO, KOTA PADANG, SUMATERA BARAT",4,10,119,129
https://kawalpemilu.org#13809,"KAMPUNG OLO, NANGGALO, KOTA PADANG, SUMATERA BARAT",5,19,154,173
https://kawalpemilu.org#13809,"KAMPUNG OLO, NANGGALO, KOTA PADANG, SUMATERA BARAT",6,12,92,104
https://kawalpemilu.org#13809,"KAMPUNG OLO, NANGGALO, KOTA PADANG, SUMATERA BARAT",7,17,137,154
https://kawalpemilu.org#13809,"KAMPUNG OLO, NANGGALO, KOTA PADANG, SUMATERA BARAT",8,19,96,115
https://kawalpemilu.org#13809,"KAMPUNG OLO, NANGGALO, KOTA PADANG, SUMATERA BARAT",9,12,102,114
https://kawalpemilu.org#13809,"KAMPUNG OLO, NANGGALO, KOTA PADANG, SUMATERA BARAT",10,37,161,198
https://kawalpemilu.org#13809,"KAMPUNG OLO, NANGGALO, KOTA PADANG, SUMATERA BARAT",11,8,149,157
https://kawalpemilu.org#13809,"KAMPUNG OLO, NANGGALO, KOTA PADANG, SUMATERA BARAT",12,9,147,156
https://kawalpemilu.org#13809,"KAMPUNG OLO, NANGGALO, KOTA PADANG, SUMATERA BARAT",13,21,136,157
https://kawalpemilu.org#13809,"KAMPUNG OLO, NANGGALO, KOTA PADANG, SUMATERA BARAT",14,14,96,110
https://kawalpemilu.org#13809,"KAMPUNG OLO, NANGGALO, KOTA PADANG, SUMATERA BARAT",15,6,131,137
https://kawalpemilu.org#13809,"KAMPUNG OLO, NANGGALO, KOTA PADANG, SUMATERA BARAT",16,17,105,122
https://kawalpemilu.org#13809,"KAMPUNG OLO, NANGGALO, KOTA PADANG, SUMATERA BARAT",17,30,178,208
https://kawalpemilu.org#13809,"KAMPUNG OLO, NANGGALO, KOTA PADANG, SUMATERA BARAT",18,22,123,145
https://kawalpemilu.org#13809,"KAMPUNG OLO, NANGGALO, KOTA PADANG, SUMATERA BARAT",19,17,163,180
https://kawalpemilu.org#13809,"KAMPUNG OLO, NANGGALO, KOTA PADANG, SUMATERA BARAT",20,20,136,156
https://kawalpemilu.org#13809,"KAMPUNG OLO, NANGGALO, KOTA PADANG, SUMATERA BARAT",21,17,107,124
https://kawalpemilu.org#13809,"KAMPUNG OLO, NANGGALO, KOTA PADANG, SUMATERA BARAT",22,18,125,143
https://kawalpemilu.org#13809,"KAMPUNG OLO, NANGGALO, KOTA PADANG, SUMATERA BARAT",23,26,153,179
https://kawalpemilu.org#13810,"KURAO PAGANG, NANGGALO, KOTA PADANG, SUMATERA BARAT",1,13,109,122
https://kawalpemilu.org#13810,"KURAO PAGANG, NANGGALO, KOTA PADANG, SUMATERA BARAT",2,8,197,205
https://kawalpemilu.org#13810,"KURAO PAGANG, NANGGALO, KOTA PADANG, SUMATERA BARAT",3,16,135,151
https://kawalpemilu.org#13810,"KURAO PAGANG, NANGGALO, KOTA PADANG, SUMATERA BARAT",4,9,171,180
https://kawalpemilu.org#13810,"KURAO PAGANG, NANGGALO, KOTA PADANG, SUMATERA BARAT",6,15,185,200
https://kawalpemilu.org#13810,"KURAO PAGANG, NANGGALO, KOTA PADANG, SUMATERA BARAT",7,6,96,102
https://kawalpemilu.org#13810,"KURAO PAGANG, NANGGALO, KOTA PADANG, SUMATERA BARAT",8,2,105,107
https://kawalpemilu.org#13810,"KURAO PAGANG, NANGGALO, KOTA PADANG, SUMATERA BARAT",9,14,116,130
https://kawalpemilu.org#13810,"KURAO PAGANG, NANGGALO, KOTA PADANG, SUMATERA BARAT",10,23,224,247
https://kawalpemilu.org#13810,"KURAO PAGANG, NANGGALO, KOTA PADANG, SUMATERA BARAT",11,7,111,118
https://kawalpemilu.org#13810,"KURAO PAGANG, NANGGALO, KOTA PADANG, SUMATERA BARAT",12,41,156,197
https://kawalpemilu.org#13810,"KURAO PAGANG, NANGGALO, KOTA PADANG, SUMATERA BARAT",13,24,115,139
https://kawalpemilu.org#13810,"KURAO PAGANG, NANGGALO, KOTA PADANG, SUMATERA BARAT",14,16,131,147
https://kawalpemilu.org#13810,"KURAO PAGANG, NANGGALO, KOTA PADANG, SUMATERA BARAT",15,21,133,154
https://kawalpemilu.org#13810,"KURAO PAGANG, NANGGALO, KOTA PADANG, SUMATERA BARAT",16,8,120,128
https://kawalpemilu.org#13810,"KURAO PAGANG, NANGGALO, KOTA PADANG, SUMATERA BARAT",17,18,87,105
https://kawalpemilu.org#13810,"KURAO PAGANG, NANGGALO, KOTA PADANG, SUMATERA BARAT",18,13,113,126
https://kawalpemilu.org#13810,"KURAO PAGANG, NANGGALO, KOTA PADANG, SUMATERA BARAT",19,34,151,185
https://kawalpemilu.org#13810,"KURAO PAGANG, NANGGALO, KOTA PADANG, SUMATERA BARAT",20,17,125,142
https://kawalpemilu.org#13810,"KURAO PAGANG, NANGGALO, KOTA PADANG, SUMATERA BARAT",21,33,163,196
https://kawalpemilu.org#13810,"KURAO PAGANG, NANGGALO, KOTA PADANG, SUMATERA BARAT",22,32,158,190
https://kawalpemilu.org#13810,"KURAO PAGANG, NANGGALO, KOTA PADANG, SUMATERA BARAT",24,12,152,164
https://kawalpemilu.org#13810,"KURAO PAGANG, NANGGALO, KOTA PADANG, SUMATERA BARAT",25,9,137,146
https://kawalpemilu.org#13810,"KURAO PAGANG, NANGGALO, KOTA PADANG, SUMATERA BARAT",26,26,156,182
https://kawalpemilu.org#13810,"KURAO PAGANG, NANGGALO, KOTA PADANG, SUMATERA BARAT",27,15,154,169
https://kawalpemilu.org#13810,"KURAO PAGANG, NANGGALO, KOTA PADANG, SUMATERA BARAT",28,29,144,173
https://kawalpemilu.org#13810,"KURAO PAGANG, NANGGALO, KOTA PADANG, SUMATERA BARAT",29,24,215,239
https://kawalpemilu.org#13810,"KURAO PAGANG, NANGGALO, KOTA PADANG, SUMATERA BARAT",30,15,181,196
https://kawalpemilu.org#13810,"KURAO PAGANG, NANGGALO, KOTA PADANG, SUMATERA BARAT",31,48,121,169
https://kawalpemilu.org#13810,"KURAO PAGANG, NANGGALO, KOTA PADANG, SUMATERA BARAT",32,9,108,117
https://kawalpemilu.org#13810,"KURAO PAGANG, NANGGALO, KOTA PADANG, SUMATERA BARAT",33,20,72,92
https://kawalpemilu.org#13810,"KURAO PAGANG, NANGGALO, KOTA PADANG, SUMATERA BARAT",34,16,128,144
https://kawalpemilu.org#13810,"KURAO PAGANG, NANGGALO, KOTA PADANG, SUMATERA BARAT",35,9,116,125
https://kawalpemilu.org#13810,"KURAO PAGANG, NANGGALO, KOTA PADANG, SUMATERA BARAT",36,14,138,152
https://kawalpemilu.org#13810,"KURAO PAGANG, NANGGALO, KOTA PADANG, SUMATERA BARAT",37,8,124,132
https://kawalpemilu.org#13810,"KURAO PAGANG, NANGGALO, KOTA PADANG, SUMATERA BARAT",38,17,134,151
https://kawalpemilu.org#13810,"KURAO PAGANG, NANGGALO, KOTA PADANG, SUMATERA BARAT",39,3,108,111
https://kawalpemilu.org#13810,"KURAO PAGANG, NANGGALO, KOTA PADANG, SUMATERA BARAT",40,17,114,131
https://kawalpemilu.org#13810,"KURAO PAGANG, NANGGALO, KOTA PADANG, SUMATERA BARAT",41,9,107,116
https://kawalpemilu.org#13810,"KURAO PAGANG, NANGGALO, KOTA PADANG, SUMATERA BARAT",42,16,118,134
https://kawalpemilu.org#13810,"KURAO PAGANG, NANGGALO, KOTA PADANG, SUMATERA BARAT",43,9,110,119
https://kawalpemilu.org#13810,"KURAO PAGANG, NANGGALO, KOTA PADANG, SUMATERA BARAT",44,17,101,118
https://kawalpemilu.org#13810,"KURAO PAGANG, NANGGALO, KOTA PADANG, SUMATERA BARAT",45,8,88,96
https://kawalpemilu.org#13811,"GURUN LAWEH, NANGGALO, KOTA PADANG, SUMATERA BARAT",2,6,107,113
https://kawalpemilu.org#13811,"GURUN LAWEH, NANGGALO, KOTA PADANG, SUMATERA BARAT",3,21,131,152
https://kawalpemilu.org#13811,"GURUN LAWEH, NANGGALO, KOTA PADANG, SUMATERA BARAT",4,18,154,172
https://kawalpemilu.org#13811,"GURUN LAWEH, NANGGALO, KOTA PADANG, SUMATERA BARAT",5,13,176,189
https://kawalpemilu.org#13811,"GURUN LAWEH, NANGGALO, KOTA PADANG, SUMATERA BARAT",6,7,153,160
https://kawalpemilu.org#13811,"GURUN LAWEH, NANGGALO, KOTA PADANG, SUMATERA BARAT",7,4,162,166
https://kawalpemilu.org#13811,"GURUN LAWEH, NANGGALO, KOTA PADANG, SUMATERA BARAT",8,13,167,180
https://kawalpemilu.org#13811,"GURUN LAWEH, NANGGALO, KOTA PADANG, SUMATERA BARAT",9,18,186,204
https://kawalpemilu.org#13811,"GURUN LAWEH, NANGGALO, KOTA PADANG, SUMATERA BARAT",10,7,196,203
https://kawalpemilu.org#13811,"GURUN LAWEH, NANGGALO, KOTA PADANG, SUMATERA BARAT",11,13,189,202
https://kawalpemilu.org#13812,"TABIANG BANDA GADANG, NANGGALO, KOTA PADANG, SUMATERA BARAT",1,14,173,187
https://kawalpemilu.org#13812,"TABIANG BANDA GADANG, NANGGALO, KOTA PADANG, SUMATERA BARAT",2,14,181,195
https://kawalpemilu.org#13812,"TABIANG BANDA GADANG, NANGGALO, KOTA PADANG, SUMATERA BARAT",3,17,130,147
https://kawalpemilu.org#13812,"TABIANG BANDA GADANG, NANGGALO, KOTA PADANG, SUMATERA BARAT",4,25,208,233
https://kawalpemilu.org#13812,"TABIANG BANDA GADANG, NANGGALO, KOTA PADANG, SUMATERA BARAT",5,29,195,224
https://kawalpemilu.org#13812,"TABIANG BANDA GADANG, NANGGALO, KOTA PADANG, SUMATERA BARAT",6,18,193,211
https://kawalpemilu.org#13812,"TABIANG BANDA GADANG, NANGGALO, KOTA PADANG, SUMATERA BARAT",7,11,169,180
https://kawalpemilu.org#13812,"TABIANG BANDA GADANG, NANGGALO, KOTA PADANG, SUMATERA BARAT",8,22,157,179
https://kawalpemilu.org#13812,"TABIANG BANDA GADANG, NANGGALO, KOTA PADANG, SUMATERA BARAT",9,22,193,215
https://kawalpemilu.org#13812,"TABIANG BANDA GADANG, NANGGALO, KOTA PADANG, SUMATERA BARAT",10,24,209,233
https://kawalpemilu.org#13812,"TABIANG BANDA GADANG, NANGGALO, KOTA PADANG, SUMATERA BARAT",11,13,124,137
https://kawalpemilu.org#13812,"TABIANG BANDA GADANG, NANGGALO, KOTA PADANG, SUMATERA BARAT",12,12,135,147
https://kawalpemilu.org#13812,"TABIANG BANDA GADANG, NANGGALO, KOTA PADANG, SUMATERA BARAT",13,11,113,124
https://kawalpemilu.org#13812,"TABIANG BANDA GADANG, NANGGALO, KOTA PADANG, SUMATERA BARAT",14,7,138,145
https://kawalpemilu.org#13812,"TABIANG BANDA GADANG, NANGGALO, KOTA PADANG, SUMATERA BARAT",15,3,97,100
https://kawalpemilu.org#13812,"TABIANG BANDA GADANG, NANGGALO, KOTA PADANG, SUMATERA BARAT",16,25,182,207
https://kawalpemilu.org#13812,"TABIANG BANDA GADANG, NANGGALO, KOTA PADANG, SUMATERA BARAT",17,24,126,150
https://kawalpemilu.org#13813,"KAMPUNG LAPAI, NANGGALO, KOTA PADANG, SUMATERA BARAT",1,20,138,158
https://kawalpemilu.org#13813,"KAMPUNG LAPAI, NANGGALO, KOTA PADANG, SUMATERA BARAT",2,36,129,165
https://kawalpemilu.org#13813,"KAMPUNG LAPAI, NANGGALO, KOTA PADANG, SUMATERA BARAT",3,26,140,166
https://kawalpemilu.org#13813,"KAMPUNG LAPAI, NANGGALO, KOTA PADANG, SUMATERA BARAT",4,32,145,177
https://kawalpemilu.org#13813,"KAMPUNG LAPAI, NANGGALO, KOTA PADANG, SUMATERA BARAT",5,17,162,179
https://kawalpemilu.org#13813,"KAMPUNG LAPAI, NANGGALO, KOTA PADANG, SUMATERA BARAT",6,27,163,190
https://kawalpemilu.org#13813,"KAMPUNG LAPAI, NANGGALO, KOTA PADANG, SUMATERA BARAT",7,13,107,120
https://kawalpemilu.org#13813,"KAMPUNG LAPAI, NANGGALO, KOTA PADANG, SUMATERA BARAT",8,36,126,162
https://kawalpemilu.org#13813,"KAMPUNG LAPAI, NANGGALO, KOTA PADANG, SUMATERA BARAT",9,37,202,239
https://kawalpemilu.org#13813,"KAMPUNG LAPAI, NANGGALO, KOTA PADANG, SUMATERA BARAT",10,48,183,231
https://kawalpemilu.org#13813,"KAMPUNG LAPAI, NANGGALO, KOTA PADANG, SUMATERA BARAT",11,15,104,119
https://kawalpemilu.org#13813,"KAMPUNG LAPAI, NANGGALO, KOTA PADANG, SUMATERA BARAT",12,22,103,125
https://kawalpemilu.org#13813,"KAMPUNG LAPAI, NANGGALO, KOTA PADANG, SUMATERA BARAT",13,18,123,141
https://kawalpemilu.org#13813,"KAMPUNG LAPAI, NANGGALO, KOTA PADANG, SUMATERA BARAT",14,29,135,164
https://kawalpemilu.org#13813,"KAMPUNG LAPAI, NANGGALO, KOTA PADANG, SUMATERA BARAT",15,12,167,179
https://kawalpemilu.org#13813,"KAMPUNG LAPAI, NANGGALO, KOTA PADANG, SUMATERA BARAT",16,47,166,213
https://kawalpemilu.org#13813,"KAMPUNG LAPAI, NANGGALO, KOTA PADANG, SUMATERA BARAT",17,17,283,300
https://kawalpemilu.org#13813,"KAMPUNG LAPAI, NANGGALO, KOTA PADANG, SUMATERA BARAT",18,10,148,158
https://kawalpemilu.org#13813,"KAMPUNG LAPAI, NANGGALO, KOTA PADANG, SUMATERA BARAT",19,17,102,119
https://kawalpemilu.org#13813,"KAMPUNG LAPAI, NANGGALO, KOTA PADANG, SUMATERA BARAT",20,22,119,141
https://kawalpemilu.org#13813,"KAMPUNG LAPAI, NANGGALO, KOTA PADANG, SUMATERA BARAT",21,19,126,145
https://kawalpemilu.org#13813,"KAMPUNG LAPAI, NANGGALO, KOTA PADANG, SUMATERA BARAT",22,20,145,165
https://kawalpemilu.org#13813,"KAMPUNG LAPAI, NANGGALO, KOTA PADANG, SUMATERA BARAT",23,20,163,183
https://kawalpemilu.org#13813,"KAMPUNG LAPAI, NANGGALO, KOTA PADANG, SUMATERA BARAT",24,38,164,202
https://kawalpemilu.org#13813,"KAMPUNG LAPAI, NANGGALO, KOTA PADANG, SUMATERA BARAT",25,35,130,165
https://kawalpemilu.org#13813,"KAMPUNG LAPAI, NANGGALO, KOTA PADANG, SUMATERA BARAT",26,57,86,143
https://kawalpemilu.org#13813,"KAMPUNG LAPAI, NANGGALO, KOTA PADANG, SUMATERA BARAT",27,51,111,162
https://kawalpemilu.org#13813,"KAMPUNG LAPAI, NANGGALO, KOTA PADANG, SUMATERA BARAT",28,35,113,148
https://kawalpemilu.org#13813,"KAMPUNG LAPAI, NANGGALO, KOTA PADANG, SUMATERA BARAT",29,78,121,199
https://kawalpemilu.org#13813,"KAMPUNG LAPAI, NANGGALO, KOTA PADANG, SUMATERA BARAT",30,21,93,114
https://kawalpemilu.org#13813,"KAMPUNG LAPAI, NANGGALO, KOTA PADANG, SUMATERA BARAT",31,25,101,126
https://kawalpemilu.org#13815,"BALAI GADANG, KOTO TANGAH, KOTA PADANG, SUMATERA BARAT",1,26,185,211
https://kawalpemilu.org#13815,"BALAI GADANG, KOTO TANGAH, KOTA PADANG, SUMATERA BARAT",2,17,173,190
https://kawalpemilu.org#13815,"BALAI GADANG, KOTO TANGAH, KOTA PADANG, SUMATERA BARAT",3,14,180,194
https://kawalpemilu.org#13815,"BALAI GADANG, KOTO TANGAH, KOTA PADANG, SUMATERA BARAT",4,12,179,191
https://kawalpemilu.org#13815,"BALAI GADANG, KOTO TANGAH, KOTA PADANG, SUMATERA BARAT",5,15,171,186
https://kawalpemilu.org#13815,"BALAI GADANG, KOTO TANGAH, KOTA PADANG, SUMATERA BARAT",6,25,206,231
https://kawalpemilu.org#13815,"BALAI GADANG, KOTO TANGAH, KOTA PADANG, SUMATERA BARAT",7,22,178,200
https://kawalpemilu.org#13815,"BALAI GADANG, KOTO TANGAH, KOTA PADANG, SUMATERA BARAT",8,22,106,128
https://kawalpemilu.org#13815,"BALAI GADANG, KOTO TANGAH, KOTA PADANG, SUMATERA BARAT",9,21,180,201
https://kawalpemilu.org#13815,"BALAI GADANG, KOTO TANGAH, KOTA PADANG, SUMATERA BARAT",10,23,193,216
https://kawalpemilu.org#13815,"BALAI GADANG, KOTO TANGAH, KOTA PADANG, SUMATERA BARAT",11,12,205,217
https://kawalpemilu.org#13815,"BALAI GADANG, KOTO TANGAH, KOTA PADANG, SUMATERA BARAT",12,21,88,109
https://kawalpemilu.org#13815,"BALAI GADANG, KOTO TANGAH, KOTA PADANG, SUMATERA BARAT",14,24,171,195
https://kawalpemilu.org#13815,"BALAI GADANG, KOTO TANGAH, KOTA PADANG, SUMATERA BARAT",15,19,144,163
https://kawalpemilu.org#13815,"BALAI GADANG, KOTO TANGAH, KOTA PADANG, SUMATERA BARAT",16,31,175,206
https://kawalpemilu.org#13815,"BALAI GADANG, KOTO TANGAH, KOTA PADANG, SUMATERA BARAT",17,25,143,168
https://kawalpemilu.org#13815,"BALAI GADANG, KOTO TANGAH, KOTA PADANG, SUMATERA BARAT",18,20,207,227
https://kawalpemilu.org#13815,"BALAI GADANG, KOTO TANGAH, KOTA PADANG, SUMATERA BARAT",19,16,172,187
https://kawalpemilu.org#13815,"BALAI GADANG, KOTO TANGAH, KOTA PADANG, SUMATERA BARAT",20,13,167,180
https://kawalpemilu.org#13815,"BALAI GADANG, KOTO TANGAH, KOTA PADANG, SUMATERA BARAT",21,10,141,151
https://kawalpemilu.org#13815,"BALAI GADANG, KOTO TANGAH, KOTA PADANG, SUMATERA BARAT",22,21,169,190
https://kawalpemilu.org#13815,"BALAI GADANG, KOTO TANGAH, KOTA PADANG, SUMATERA BARAT",23,8,160,168
https://kawalpemilu.org#13815,"BALAI GADANG, KOTO TANGAH, KOTA PADANG, SUMATERA BARAT",24,26,185,211
https://kawalpemilu.org#13815,"BALAI GADANG, KOTO TANGAH, KOTA PADANG, SUMATERA BARAT",25,18,171,189
https://kawalpemilu.org#13815,"BALAI GADANG, KOTO TANGAH, KOTA PADANG, SUMATERA BARAT",26,21,163,184
https://kawalpemilu.org#13815,"BALAI GADANG, KOTO TANGAH, KOTA PADANG, SUMATERA BARAT",27,44,173,217
https://kawalpemilu.org#13815,"BALAI GADANG, KOTO TANGAH, KOTA PADANG, SUMATERA BARAT",28,16,195,211
https://kawalpemilu.org#13815,"BALAI GADANG, KOTO TANGAH, KOTA PADANG, SUMATERA BARAT",29,13,207,220
https://kawalpemilu.org#13815,"BALAI GADANG, KOTO TANGAH, KOTA PADANG, SUMATERA BARAT",30,12,184,196
https://kawalpemilu.org#13815,"BALAI GADANG, KOTO TANGAH, KOTA PADANG, SUMATERA BARAT",31,20,171,191
https://kawalpemilu.org#13815,"BALAI GADANG, KOTO TANGAH, KOTA PADANG, SUMATERA BARAT",32,12,166,178
https://kawalpemilu.org#13815,"BALAI GADANG, KOTO TANGAH, KOTA PADANG, SUMATERA BARAT",34,28,186,214
https://kawalpemilu.org#13815,"BALAI GADANG, KOTO TANGAH, KOTA PADANG, SUMATERA BARAT",35,11,130,141
https://kawalpemilu.org#13815,"BALAI GADANG, KOTO TANGAH, KOTA PADANG, SUMATERA BARAT",36,14,172,186
https://kawalpemilu.org#13815,"BALAI GADANG, KOTO TANGAH, KOTA PADANG, SUMATERA BARAT",37,20,185,205
https://kawalpemilu.org#13815,"BALAI GADANG, KOTO TANGAH, KOTA PADANG, SUMATERA BARAT",38,17,157,174
https://kawalpemilu.org#13815,"BALAI GADANG, KOTO TANGAH, KOTA PADANG, SUMATERA BARAT",40,17,109,126
https://kawalpemilu.org#13815,"BALAI GADANG, KOTO TANGAH, KOTA PADANG, SUMATERA BARAT",42,14,139,153
https://kawalpemilu.org#13815,"BALAI GADANG, KOTO TANGAH, KOTA PADANG, SUMATERA BARAT",43,27,148,175
https://kawalpemilu.org#13815,"BALAI GADANG, KOTO TANGAH, KOTA PADANG, SUMATERA BARAT",44,10,190,200
https://kawalpemilu.org#13815,"BALAI GADANG, KOTO TANGAH, KOTA PADANG, SUMATERA BARAT",45,18,115,133
https://kawalpemilu.org#13816,"LUBUK MINTURUN, KOTO TANGAH, KOTA PADANG, SUMATERA BARAT",1,22,185,207
https://kawalpemilu.org#13816,"LUBUK MINTURUN, KOTO TANGAH, KOTA PADANG, SUMATERA BARAT",2,16,175,191
https://kawalpemilu.org#13816,"LUBUK MINTURUN, KOTO TANGAH, KOTA PADANG, SUMATERA BARAT",3,23,167,190
https://kawalpemilu.org#13816,"LUBUK MINTURUN, KOTO TANGAH, KOTA PADANG, SUMATERA BARAT",4,16,168,184
https://kawalpemilu.org#13816,"LUBUK MINTURUN, KOTO TANGAH, KOTA PADANG, SUMATERA BARAT",5,26,163,189
https://kawalpemilu.org#13816,"LUBUK MINTURUN, KOTO TANGAH, KOTA PADANG, SUMATERA BARAT",6,19,162,181
https://kawalpemilu.org#13816,"LUBUK MINTURUN, KOTO TANGAH, KOTA PADANG, SUMATERA BARAT",7,18,217,235
https://kawalpemilu.org#13816,"LUBUK MINTURUN, KOTO TANGAH, KOTA PADANG, SUMATERA BARAT",8,25,201,226
https://kawalpemilu.org#13816,"LUBUK MINTURUN, KOTO TANGAH, KOTA PADANG, SUMATERA BARAT",9,25,178,203
https://kawalpemilu.org#13816,"LUBUK MINTURUN, KOTO TANGAH, KOTA PADANG, SUMATERA BARAT",11,19,156,175
https://kawalpemilu.org#13816,"LUBUK MINTURUN, KOTO TANGAH, KOTA PADANG, SUMATERA BARAT",12,20,178,198
https://kawalpemilu.org#13816,"LUBUK MINTURUN, KOTO TANGAH, KOTA PADANG, SUMATERA BARAT",13,4,168,172
https://kawalpemilu.org#13816,"LUBUK MINTURUN, KOTO TANGAH, KOTA PADANG, SUMATERA BARAT",14,16,162,178
https://kawalpemilu.org#13816,"LUBUK MINTURUN, KOTO TANGAH, KOTA PADANG, SUMATERA BARAT",15,9,186,195
https://kawalpemilu.org#13816,"LUBUK MINTURUN, KOTO TANGAH, KOTA PADANG, SUMATERA BARAT",16,46,158,204
https://kawalpemilu.org#13816,"LUBUK MINTURUN, KOTO TANGAH, KOTA PADANG, SUMATERA BARAT",17,14,183,197
https://kawalpemilu.org#13816,"LUBUK MINTURUN, KOTO TANGAH, KOTA PADANG, SUMATERA BARAT",18,20,170,190
https://kawalpemilu.org#13816,"LUBUK MINTURUN, KOTO TANGAH, KOTA PADANG, SUMATERA BARAT",19,28,154,182
https://kawalpemilu.org#13816,"LUBUK MINTURUN, KOTO TANGAH, KOTA PADANG, SUMATERA BARAT",20,19,147,166
https://kawalpemilu.org#13816,"LUBUK MINTURUN, KOTO TANGAH, KOTA PADANG, SUMATERA BARAT",21,12,141,153
https://kawalpemilu.org#13816,"LUBUK MINTURUN, KOTO TANGAH, KOTA PADANG, SUMATERA BARAT",22,23,191,214
https://kawalpemilu.org#13816,"LUBUK MINTURUN, KOTO TANGAH, KOTA PADANG, SUMATERA BARAT",23,15,138,153
https://kawalpemilu.org#13816,"LUBUK MINTURUN, KOTO TANGAH, KOTA PADANG, SUMATERA BARAT",25,19,152,171
https://kawalpemilu.org#13816,"LUBUK MINTURUN, KOTO TANGAH, KOTA PADANG, SUMATERA BARAT",26,18,196,214
https://kawalpemilu.org#13816,"LUBUK MINTURUN, KOTO TANGAH, KOTA PADANG, SUMATERA BARAT",27,19,169,188
https://kawalpemilu.org#13817,"AIE PACAH, KOTO TANGAH, KOTA PADANG, SUMATERA BARAT",1,12,156,168
https://kawalpemilu.org#13817,"AIE PACAH, KOTO TANGAH, KOTA PADANG, SUMATERA BARAT",2,7,144,151
https://kawalpemilu.org#13817,"AIE PACAH, KOTO TANGAH, KOTA PADANG, SUMATERA BARAT",3,3,153,156
https://kawalpemilu.org#13817,"AIE PACAH, KOTO TANGAH, KOTA PADANG, SUMATERA BARAT",4,19,167,186
https://kawalpemilu.org#13817,"AIE PACAH, KOTO TANGAH, KOTA PADANG, SUMATERA BARAT",5,21,99,120
https://kawalpemilu.org#13817,"AIE PACAH, KOTO TANGAH, KOTA PADANG, SUMATERA BARAT",6,15,178,193
https://kawalpemilu.org#13817,"AIE PACAH, KOTO TANGAH, KOTA PADANG, SUMATERA BARAT",7,24,178,202
https://kawalpemilu.org#13817,"AIE PACAH, KOTO TANGAH, KOTA PADANG, SUMATERA BARAT",8,13,236,249
https://kawalpemilu.org#13817,"AIE PACAH, KOTO TANGAH, KOTA PADANG, SUMATERA BARAT",9,16,190,206
https://kawalpemilu.org#13817,"AIE PACAH, KOTO TANGAH, KOTA PADANG, SUMATERA BARAT",10,9,226,235
https://kawalpemilu.org#13817,"AIE PACAH, KOTO TANGAH, KOTA PADANG, SUMATERA BARAT",11,16,210,226
https://kawalpemilu.org#13817,"AIE PACAH, KOTO TANGAH, KOTA PADANG, SUMATERA BARAT",12,14,169,183
https://kawalpemilu.org#13817,"AIE PACAH, KOTO TANGAH, KOTA PADANG, SUMATERA BARAT",13,18,199,217
https://kawalpemilu.org#13817,"AIE PACAH, KOTO TANGAH, KOTA PADANG, SUMATERA BARAT",14,20,190,210
https://kawalpemilu.org#13817,"AIE PACAH, KOTO TANGAH, KOTA PADANG, SUMATERA BARAT",15,9,109,118
https://kawalpemilu.org#13817,"AIE PACAH, KOTO TANGAH, KOTA PADANG, SUMATERA BARAT",16,22,159,181
https://kawalpemilu.org#13817,"AIE PACAH, KOTO TANGAH, KOTA PADANG, SUMATERA BARAT",17,14,160,174
https://kawalpemilu.org#13817,"AIE PACAH, KOTO TANGAH, KOTA PADANG, SUMATERA BARAT",19,24,137,161
https://kawalpemilu.org#13817,"AIE PACAH, KOTO TANGAH, KOTA PADANG, SUMATERA BARAT",21,10,138,148
https://kawalpemilu.org#13817,"AIE PACAH, KOTO TANGAH, KOTA PADANG, SUMATERA BARAT",22,30,97,127
https://kawalpemilu.org#13817,"AIE PACAH, KOTO TANGAH, KOTA PADANG, SUMATERA BARAT",23,8,123,131
https://kawalpemilu.org#13817,"AIE PACAH, KOTO TANGAH, KOTA PADANG, SUMATERA BARAT",24,19,204,223
https://kawalpemilu.org#13817,"AIE PACAH, KOTO TANGAH, KOTA PADANG, SUMATERA BARAT",25,10,66,76
https://kawalpemilu.org#13817,"AIE PACAH, KOTO TANGAH, KOTA PADANG, SUMATERA BARAT",26,10,148,158
https://kawalpemilu.org#13817,"AIE PACAH, KOTO TANGAH, KOTA PADANG, SUMATERA BARAT",27,22,155,177
https://kawalpemilu.org#13817,"AIE PACAH, KOTO TANGAH, KOTA PADANG, SUMATERA BARAT",28,15,164,179
https://kawalpemilu.org#13817,"AIE PACAH, KOTO TANGAH, KOTA PADANG, SUMATERA BARAT",29,10,123,133
https://kawalpemilu.org#13817,"AIE PACAH, KOTO TANGAH, KOTA PADANG, SUMATERA BARAT",30,17,158,175
https://kawalpemilu.org#13817,"AIE PACAH, KOTO TANGAH, KOTA PADANG, SUMATERA BARAT",31,26,166,192
https://kawalpemilu.org#13818,"DADOK TUNGGUL HITAM, KOTO TANGAH, KOTA PADANG, SUMATERA BARAT",1,47,156,203
https://kawalpemilu.org#13818,"DADOK TUNGGUL HITAM, KOTO TANGAH, KOTA PADANG, SUMATERA BARAT",2,40,192,232
https://kawalpemilu.org#13818,"DADOK TUNGGUL HITAM, KOTO TANGAH, KOTA PADANG, SUMATERA BARAT",3,18,167,185
https://kawalpemilu.org#13818,"DADOK TUNGGUL HITAM, KOTO TANGAH, KOTA PADANG, SUMATERA BARAT",4,43,137,180
https://kawalpemilu.org#13818,"DADOK TUNGGUL HITAM, KOTO TANGAH, KOTA PADANG, SUMATERA BARAT",5,30,202,232
https://kawalpemilu.org#13818,"DADOK TUNGGUL HITAM, KOTO TANGAH, KOTA PADANG, SUMATERA BARAT",6,29,177,206
https://kawalpemilu.org#13818,"DADOK TUNGGUL HITAM, KOTO TANGAH, KOTA PADANG, SUMATERA BARAT",7,26,192,222
https://kawalpemilu.org#13818,"DADOK TUNGGUL HITAM, KOTO TANGAH, KOTA PADANG, SUMATERA BARAT",8,22,207,229
https://kawalpemilu.org#13818,"DADOK TUNGGUL HITAM, KOTO TANGAH, KOTA PADANG, SUMATERA BARAT",9,18,103,121
https://kawalpemilu.org#13818,"DADOK TUNGGUL HITAM, KOTO TANGAH, KOTA PADANG, SUMATERA BARAT",10,29,198,227
https://kawalpemilu.org#13818,"DADOK TUNGGUL HITAM, KOTO TANGAH, KOTA PADANG, SUMATERA BARAT",11,20,185,205
https://kawalpemilu.org#13818,"DADOK TUNGGUL HITAM, KOTO TANGAH, KOTA PADANG, SUMATERA BARAT",12,24,197,221
https://kawalpemilu.org#13818,"DADOK TUNGGUL HITAM, KOTO TANGAH, KOTA PADANG, SUMATERA BARAT",13,23,161,184
https://kawalpemilu.org#13818,"DADOK TUNGGUL HITAM, KOTO TANGAH, KOTA PADANG, SUMATERA BARAT",14,15,210,225
https://kawalpemilu.org#13818,"DADOK TUNGGUL HITAM, KOTO TANGAH, KOTA PADANG, SUMATERA BARAT",15,22,185,207
https://kawalpemilu.org#13818,"DADOK TUNGGUL HITAM, KOTO TANGAH, KOTA PADANG, SUMATERA BARAT",16,30,176,206
https://kawalpemilu.org#13818,"DADOK TUNGGUL HITAM, KOTO TANGAH, KOTA PADANG, SUMATERA BARAT",18,30,192,222
https://kawalpemilu.org#13818,"DADOK TUNGGUL HITAM, KOTO TANGAH, KOTA PADANG, SUMATERA BARAT",19,45,155,200
https://kawalpemilu.org#13818,"DADOK TUNGGUL HITAM, KOTO TANGAH, KOTA PADANG, SUMATERA BARAT",20,29,178,207
https://kawalpemilu.org#13818,"DADOK TUNGGUL HITAM, KOTO TANGAH, KOTA PADANG, SUMATERA BARAT",22,24,170,194
https://kawalpemilu.org#13818,"DADOK TUNGGUL HITAM, KOTO TANGAH, KOTA PADANG, SUMATERA BARAT",23,25,196,221
https://kawalpemilu.org#13818,"DADOK TUNGGUL HITAM, KOTO TANGAH, KOTA PADANG, SUMATERA BARAT",24,33,206,239
https://kawalpemilu.org#13818,"DADOK TUNGGUL HITAM, KOTO TANGAH, KOTA PADANG, SUMATERA BARAT",25,20,167,187
https://kawalpemilu.org#13818,"DADOK TUNGGUL HITAM, KOTO TANGAH, KOTA PADANG, SUMATERA BARAT",26,40,168,208
https://kawalpemilu.org#13818,"DADOK TUNGGUL HITAM, KOTO TANGAH, KOTA PADANG, SUMATERA BARAT",27,34,176,210
https://kawalpemilu.org#13818,"DADOK TUNGGUL HITAM, KOTO TANGAH, KOTA PADANG, SUMATERA BARAT",28,31,159,190
https://kawalpemilu.org#13818,"DADOK TUNGGUL HITAM, KOTO TANGAH, KOTA PADANG, SUMATERA BARAT",29,44,171,215
https://kawalpemilu.org#13818,"DADOK TUNGGUL HITAM, KOTO TANGAH, KOTA PADANG, SUMATERA BARAT",30,19,151,170
https://kawalpemilu.org#13818,"DADOK TUNGGUL HITAM, KOTO TANGAH, KOTA PADANG, SUMATERA BARAT",31,0,0,0
https://kawalpemilu.org#13818,"DADOK TUNGGUL HITAM, KOTO TANGAH, KOTA PADANG, SUMATERA BARAT",33,17,111,128
https://kawalpemilu.org#13818,"DADOK TUNGGUL HITAM, KOTO TANGAH, KOTA PADANG, SUMATERA BARAT",34,24,210,234
https://kawalpemilu.org#13818,"DADOK TUNGGUL HITAM, KOTO TANGAH, KOTA PADANG, SUMATERA BARAT",35,38,150,188
https://kawalpemilu.org#13818,"DADOK TUNGGUL HITAM, KOTO TANGAH, KOTA PADANG, SUMATERA BARAT",37,15,140,155
https://kawalpemilu.org#13818,"DADOK TUNGGUL HITAM, KOTO TANGAH, KOTA PADANG, SUMATERA BARAT",38,26,203,229
https://kawalpemilu.org#13818,"DADOK TUNGGUL HITAM, KOTO TANGAH, KOTA PADANG, SUMATERA BARAT",39,32,144,176
https://kawalpemilu.org#13818,"DADOK TUNGGUL HITAM, KOTO TANGAH, KOTA PADANG, SUMATERA BARAT",40,22,133,155
https://kawalpemilu.org#13818,"DADOK TUNGGUL HITAM, KOTO TANGAH, KOTA PADANG, SUMATERA BARAT",41,39,165,204
https://kawalpemilu.org#13818,"DADOK TUNGGUL HITAM, KOTO TANGAH, KOTA PADANG, SUMATERA BARAT",42,23,135,158
https://kawalpemilu.org#13818,"DADOK TUNGGUL HITAM, KOTO TANGAH, KOTA PADANG, SUMATERA BARAT",43,27,148,175
https://kawalpemilu.org#13818,"DADOK TUNGGUL HITAM, KOTO TANGAH, KOTA PADANG, SUMATERA BARAT",44,30,181,211
https://kawalpemilu.org#13818,"DADOK TUNGGUL HITAM, KOTO TANGAH, KOTA PADANG, SUMATERA BARAT",45,14,143,157
https://kawalpemilu.org#13818,"DADOK TUNGGUL HITAM, KOTO TANGAH, KOTA PADANG, SUMATERA BARAT",46,21,193,213
https://kawalpemilu.org#13818,"DADOK TUNGGUL HITAM, KOTO TANGAH, KOTA PADANG, SUMATERA BARAT",47,23,144,167
https://kawalpemilu.org#13818,"DADOK TUNGGUL HITAM, KOTO TANGAH, KOTA PADANG, SUMATERA BARAT",48,55,141,196
https://kawalpemilu.org#13818,"DADOK TUNGGUL HITAM, KOTO TANGAH, KOTA PADANG, SUMATERA BARAT",49,36,202,238
https://kawalpemilu.org#13818,"DADOK TUNGGUL HITAM, KOTO TANGAH, KOTA PADANG, SUMATERA BARAT",50,45,179,224
https://kawalpemilu.org#13818,"DADOK TUNGGUL HITAM, KOTO TANGAH, KOTA PADANG, SUMATERA BARAT",51,25,160,185
https://kawalpemilu.org#13818,"DADOK TUNGGUL HITAM, KOTO TANGAH, KOTA PADANG, SUMATERA BARAT",52,19,198,217
https://kawalpemilu.org#13818,"DADOK TUNGGUL HITAM, KOTO TANGAH, KOTA PADANG, SUMATERA BARAT",53,21,141,162
https://kawalpemilu.org#13819,"KOTO PANJANG IKUA KOTO, KOTO TANGAH, KOTA PADANG, SUMATERA BARAT",1,23,131,154
https://kawalpemilu.org#13819,"KOTO PANJANG IKUA KOTO, KOTO TANGAH, KOTA PADANG, SUMATERA BARAT",2,18,200,218
https://kawalpemilu.org#13819,"KOTO PANJANG IKUA KOTO, KOTO TANGAH, KOTA PADANG, SUMATERA BARAT",3,9,181,190
https://kawalpemilu.org#13819,"KOTO PANJANG IKUA KOTO, KOTO TANGAH, KOTA PADANG, SUMATERA BARAT",5,12,205,217
https://kawalpemilu.org#13819,"KOTO PANJANG IKUA KOTO, KOTO TANGAH, KOTA PADANG, SUMATERA BARAT",6,17,205,222
https://kawalpemilu.org#13819,"KOTO PANJANG IKUA KOTO, KOTO TANGAH, KOTA PADANG, SUMATERA BARAT",7,15,135,150
https://kawalpemilu.org#13819,"KOTO PANJANG IKUA KOTO, KOTO TANGAH, KOTA PADANG, SUMATERA BARAT",8,13,199,212
https://kawalpemilu.org#13819,"KOTO PANJANG IKUA KOTO, KOTO TANGAH, KOTA PADANG, SUMATERA BARAT",9,23,168,191
https://kawalpemilu.org#13819,"KOTO PANJANG IKUA KOTO, KOTO TANGAH, KOTA PADANG, SUMATERA BARAT",10,23,202,225
https://kawalpemilu.org#13819,"KOTO PANJANG IKUA KOTO, KOTO TANGAH, KOTA PADANG, SUMATERA BARAT",11,9,170,179
https://kawalpemilu.org#13819,"KOTO PANJANG IKUA KOTO, KOTO TANGAH, KOTA PADANG, SUMATERA BARAT",12,19,160,179
https://kawalpemilu.org#13819,"KOTO PANJANG IKUA KOTO, KOTO TANGAH, KOTA PADANG, SUMATERA BARAT",13,10,197,207
https://kawalpemilu.org#13819,"KOTO PANJANG IKUA KOTO, KOTO TANGAH, KOTA PADANG, SUMATERA BARAT",14,18,153,171
https://kawalpemilu.org#13819,"KOTO PANJANG IKUA KOTO, KOTO TANGAH, KOTA PADANG, SUMATERA BARAT",16,13,216,229
https://kawalpemilu.org#13819,"KOTO PANJANG IKUA KOTO, KOTO TANGAH, KOTA PADANG, SUMATERA BARAT",17,39,185,224
https://kawalpemilu.org#13819,"KOTO PANJANG IKUA KOTO, KOTO TANGAH, KOTA PADANG, SUMATERA BARAT",18,33,174,207
https://kawalpemilu.org#13819,"KOTO PANJANG IKUA KOTO, KOTO TANGAH, KOTA PADANG, SUMATERA BARAT",19,24,157,181
https://kawalpemilu.org#13819,"KOTO PANJANG IKUA KOTO, KOTO TANGAH, KOTA PADANG, SUMATERA BARAT",20,44,167,211
https://kawalpemilu.org#13819,"KOTO PANJANG IKUA KOTO, KOTO TANGAH, KOTA PADANG, SUMATERA BARAT",21,30,189,219
https://kawalpemilu.org#13819,"KOTO PANJANG IKUA KOTO, KOTO TANGAH, KOTA PADANG, SUMATERA BARAT",22,15,211,226
https://kawalpemilu.org#13819,"KOTO PANJANG IKUA KOTO, KOTO TANGAH, KOTA PADANG, SUMATERA BARAT",23,35,209,244
https://kawalpemilu.org#13819,"KOTO PANJANG IKUA KOTO, KOTO TANGAH, KOTA PADANG, SUMATERA BARAT",25,55,107,162
https://kawalpemilu.org#13819,"KOTO PANJANG IKUA KOTO, KOTO TANGAH, KOTA PADANG, SUMATERA BARAT",26,31,171,202
https://kawalpemilu.org#13819,"KOTO PANJANG IKUA KOTO, KOTO TANGAH, KOTA PADANG, SUMATERA BARAT",27,28,191,219
https://kawalpemilu.org#13819,"KOTO PANJANG IKUA KOTO, KOTO TANGAH, KOTA PADANG, SUMATERA BARAT",28,4,144,188
https://kawalpemilu.org#13819,"KOTO PANJANG IKUA KOTO, KOTO TANGAH, KOTA PADANG, SUMATERA BARAT",29,13,220,233
https://kawalpemilu.org#13819,"KOTO PANJANG IKUA KOTO, KOTO TANGAH, KOTA PADANG, SUMATERA BARAT",31,3,141,144
https://kawalpemilu.org#13819,"KOTO PANJANG IKUA KOTO, KOTO TANGAH, KOTA PADANG, SUMATERA BARAT",32,9,141,150
https://kawalpemilu.org#13819,"KOTO PANJANG IKUA KOTO, KOTO TANGAH, KOTA PADANG, SUMATERA BARAT",33,9,101,110
https://kawalpemilu.org#13819,"KOTO PANJANG IKUA KOTO, KOTO TANGAH, KOTA PADANG, SUMATERA BARAT",34,22,112,134
https://kawalpemilu.org#13820,"KOTO PULAI, KOTO TANGAH, KOTA PADANG, SUMATERA BARAT",1,34,174,208
https://kawalpemilu.org#13820,"KOTO PULAI, KOTO TANGAH, KOTA PADANG, SUMATERA BARAT",2,19,159,178
https://kawalpemilu.org#13820,"KOTO PULAI, KOTO TANGAH, KOTA PADANG, SUMATERA BARAT",3,12,179,191
https://kawalpemilu.org#13820,"KOTO PULAI, KOTO TANGAH, KOTA PADANG, SUMATERA BARAT",4,13,176,189
https://kawalpemilu.org#13820,"KOTO PULAI, KOTO TANGAH, KOTA PADANG, SUMATERA BARAT",5,23,161,184
https://kawalpemilu.org#13820,"KOTO PULAI, KOTO TANGAH, KOTA PADANG, SUMATERA BARAT",6,22,175,197
https://kawalpemilu.org#13820,"KOTO PULAI, KOTO TANGAH, KOTA PADANG, SUMATERA BARAT",7,4,69,72
https://kawalpemilu.org#13820,"KOTO PULAI, KOTO TANGAH, KOTA PADANG, SUMATERA BARAT",8,16,178,194
https://kawalpemilu.org#13821,"BATIPUH PANJANG, KOTO TANGAH, KOTA PADANG, SUMATERA BARAT",1,17,181,198
https://kawalpemilu.org#13821,"BATIPUH PANJANG, KOTO TANGAH, KOTA PADANG, SUMATERA BARAT",2,20,160,180
https://kawalpemilu.org#13821,"BATIPUH PANJANG, KOTO TANGAH, KOTA PADANG, SUMATERA BARAT",3,13,190,203
https://kawalpemilu.org#13821,"BATIPUH PANJANG, KOTO TANGAH, KOTA PADANG, SUMATERA BARAT",4,16,161,177
https://kawalpemilu.org#13821,"BATIPUH PANJANG, KOTO TANGAH, KOTA PADANG, SUMATERA BARAT",5,22,185,207
https://kawalpemilu.org#13821,"BATIPUH PANJANG, KOTO TANGAH, KOTA PADANG, SUMATERA BARAT",6,11,182,193
https://kawalpemilu.org#13821,"BATIPUH PANJANG, KOTO TANGAH, KOTA PADANG, SUMATERA BARAT",7,16,180,196
https://kawalpemilu.org#13821,"BATIPUH PANJANG, KOTO TANGAH, KOTA PADANG, SUMATERA BARAT",8,41,171,212
https://kawalpemilu.org#13821,"BATIPUH PANJANG, KOTO TANGAH, KOTA PADANG, SUMATERA BARAT",9,10,217,227
https://kawalpemilu.org#13821,"BATIPUH PANJANG, KOTO TANGAH, KOTA PADANG, SUMATERA BARAT",10,31,215,246
https://kawalpemilu.org#13821,"BATIPUH PANJANG, KOTO TANGAH, KOTA PADANG, SUMATERA BARAT",11,12,222,234
https://kawalpemilu.org#13821,"BATIPUH PANJANG, KOTO TANGAH, KOTA PADANG, SUMATERA BARAT",12,22,123,145
https://kawalpemilu.org#13821,"BATIPUH PANJANG, KOTO TANGAH, KOTA PADANG, SUMATERA BARAT",13,29,224,253
https://kawalpemilu.org#13821,"BATIPUH PANJANG, KOTO TANGAH, KOTA PADANG, SUMATERA BARAT",14,8,163,171
https://kawalpemilu.org#13821,"BATIPUH PANJANG, KOTO TANGAH, KOTA PADANG, SUMATERA BARAT",15,22,212,234
https://kawalpemilu.org#13821,"BATIPUH PANJANG, KOTO TANGAH, KOTA PADANG, SUMATERA BARAT",17,26,217,243
https://kawalpemilu.org#13821,"BATIPUH PANJANG, KOTO TANGAH, KOTA PADANG, SUMATERA BARAT",18,17,152,169
https://kawalpemilu.org#13821,"BATIPUH PANJANG, KOTO TANGAH, KOTA PADANG, SUMATERA BARAT",19,30,174,204
https://kawalpemilu.org#13821,"BATIPUH PANJANG, KOTO TANGAH, KOTA PADANG, SUMATERA BARAT",20,7,139,146
https://kawalpemilu.org#13821,"BATIPUH PANJANG, KOTO TANGAH, KOTA PADANG, SUMATERA BARAT",21,71,88,159
https://kawalpemilu.org#13821,"BATIPUH PANJANG, KOTO TANGAH, KOTA PADANG, SUMATERA BARAT",23,12,185,197
https://kawalpemilu.org#13821,"BATIPUH PANJANG, KOTO TANGAH, KOTA PADANG, SUMATERA BARAT",24,16,182,198
https://kawalpemilu.org#13821,"BATIPUH PANJANG, KOTO TANGAH, KOTA PADANG, SUMATERA BARAT",25,12,202,214
https://kawalpemilu.org#13821,"BATIPUH PANJANG, KOTO TANGAH, KOTA PADANG, SUMATERA BARAT",26,18,219,237
https://kawalpemilu.org#13821,"BATIPUH PANJANG, KOTO TANGAH, KOTA PADANG, SUMATERA BARAT",27,27,196,223
https://kawalpemilu.org#13821,"BATIPUH PANJANG, KOTO TANGAH, KOTA PADANG, SUMATERA BARAT",28,20,212,232
https://kawalpemilu.org#13821,"BATIPUH PANJANG, KOTO TANGAH, KOTA PADANG, SUMATERA BARAT",29,20,112,132
https://kawalpemilu.org#13821,"BATIPUH PANJANG, KOTO TANGAH, KOTA PADANG, SUMATERA BARAT",30,7,173,180
https://kawalpemilu.org#13821,"BATIPUH PANJANG, KOTO TANGAH, KOTA PADANG, SUMATERA BARAT",31,9,157,166
https://kawalpemilu.org#13821,"BATIPUH PANJANG, KOTO TANGAH, KOTA PADANG, SUMATERA BARAT",32,18,211,229
https://kawalpemilu.org#13821,"BATIPUH PANJANG, KOTO TANGAH, KOTA PADANG, SUMATERA BARAT",33,9,123,132
https://kawalpemilu.org#13821,"BATIPUH PANJANG, KOTO TANGAH, KOTA PADANG, SUMATERA BARAT",34,15,139,154
https://kawalpemilu.org#13821,"BATIPUH PANJANG, KOTO TANGAH, KOTA PADANG, SUMATERA BARAT",35,1,147,148
https://kawalpemilu.org#13821,"BATIPUH PANJANG, KOTO TANGAH, KOTA PADANG, SUMATERA BARAT",36,32,129,161
https://kawalpemilu.org#13821,"BATIPUH PANJANG, KOTO TANGAH, KOTA PADANG, SUMATERA BARAT",37,9,140,149
https://kawalpemilu.org#13821,"BATIPUH PANJANG, KOTO TANGAH, KOTA PADANG, SUMATERA BARAT",38,14,208,222
https://kawalpemilu.org#13821,"BATIPUH PANJANG, KOTO TANGAH, KOTA PADANG, SUMATERA BARAT",39,20,119,139
https://kawalpemilu.org#13821,"BATIPUH PANJANG, KOTO TANGAH, KOTA PADANG, SUMATERA BARAT",40,8,136,144
https://kawalpemilu.org#13821,"BATIPUH PANJANG, KOTO TANGAH, KOTA PADANG, SUMATERA BARAT",41,12,127,139
https://kawalpemilu.org#13821,"BATIPUH PANJANG, KOTO TANGAH, KOTA PADANG, SUMATERA BARAT",42,7,115,122
https://kawalpemilu.org#13822,"PADANG SARAI, KOTO TANGAH, KOTA PADANG, SUMATERA BARAT",1,41,151,192
https://kawalpemilu.org#13822,"PADANG SARAI, KOTO TANGAH, KOTA PADANG, SUMATERA BARAT",2,27,189,216
https://kawalpemilu.org#13822,"PADANG SARAI, KOTO TANGAH, KOTA PADANG, SUMATERA BARAT",3,10,206,216
https://kawalpemilu.org#13822,"PADANG SARAI, KOTO TANGAH, KOTA PADANG, SUMATERA BARAT",4,47,173,220
https://kawalpemilu.org#13822,"PADANG SARAI, KOTO TANGAH, KOTA PADANG, SUMATERA BARAT",5,32,198,230
https://kawalpemilu.org#13822,"PADANG SARAI, KOTO TANGAH, KOTA PADANG, SUMATERA BARAT",6,30,170,200
https://kawalpemilu.org#13822,"PADANG SARAI, KOTO TANGAH, KOTA PADANG, SUMATERA BARAT",7,10,205,215
https://kawalpemilu.org#13822,"PADANG SARAI, KOTO TANGAH, KOTA PADANG, SUMATERA BARAT",8,69,175,244
https://kawalpemilu.org#13822,"PADANG SARAI, KOTO TANGAH, KOTA PADANG, SUMATERA BARAT",9,23,194,217
https://kawalpemilu.org#13822,"PADANG SARAI, KOTO TANGAH, KOTA PADANG, SUMATERA BARAT",10,45,106,151
https://kawalpemilu.org#13822,"PADANG SARAI, KOTO TANGAH, KOTA PADANG, SUMATERA BARAT",11,15,210,225
https://kawalpemilu.org#13822,"PADANG SARAI, KOTO TANGAH, KOTA PADANG, SUMATERA BARAT",12,24,167,191
https://kawalpemilu.org#13822,"PADANG SARAI, KOTO TANGAH, KOTA PADANG, SUMATERA BARAT",13,12,190,202
https://kawalpemilu.org#13822,"PADANG SARAI, KOTO TANGAH, KOTA PADANG, SUMATERA BARAT",14,77,190,267
https://kawalpemilu.org#13822,"PADANG SARAI, KOTO TANGAH, KOTA PADANG, SUMATERA BARAT",15,14,224,238
https://kawalpemilu.org#13822,"PADANG SARAI, KOTO TANGAH, KOTA PADANG, SUMATERA BARAT",16,21,200,221
https://kawalpemilu.org#13822,"PADANG SARAI, KOTO TANGAH, KOTA PADANG, SUMATERA BARAT",17,11,223,234
https://kawalpemilu.org#13822,"PADANG SARAI, KOTO TANGAH, KOTA PADANG, SUMATERA BARAT",18,35,202,237
https://kawalpemilu.org#13822,"PADANG SARAI, KOTO TANGAH, KOTA PADANG, SUMATERA BARAT",19,25,240,265
https://kawalpemilu.org#13822,"PADANG SARAI, KOTO TANGAH, KOTA PADANG, SUMATERA BARAT",20,41,194,235
https://kawalpemilu.org#13822,"PADANG SARAI, KOTO TANGAH, KOTA PADANG, SUMATERA BARAT",21,16,176,192
https://kawalpemilu.org#13822,"PADANG SARAI, KOTO TANGAH, KOTA PADANG, SUMATERA BARAT",22,37,219,256
https://kawalpemilu.org#13822,"PADANG SARAI, KOTO TANGAH, KOTA PADANG, SUMATERA BARAT",23,26,190,216
https://kawalpemilu.org#13822,"PADANG SARAI, KOTO TANGAH, KOTA PADANG, SUMATERA BARAT",24,22,175,197
https://kawalpemilu.org#13822,"PADANG SARAI, KOTO TANGAH, KOTA PADANG, SUMATERA BARAT",25,18,141,159
https://kawalpemilu.org#13822,"PADANG SARAI, KOTO TANGAH, KOTA PADANG, SUMATERA BARAT",26,19,132,151
https://kawalpemilu.org#13822,"PADANG SARAI, KOTO TANGAH, KOTA PADANG, SUMATERA BARAT",27,25,182,207
https://kawalpemilu.org#13822,"PADANG SARAI, KOTO TANGAH, KOTA PADANG, SUMATERA BARAT",28,101,148,149
https://kawalpemilu.org#13822,"PADANG SARAI, KOTO TANGAH, KOTA PADANG, SUMATERA BARAT",29,79,111,190
https://kawalpemilu.org#13822,"PADANG SARAI, KOTO TANGAH, KOTA PADANG, SUMATERA BARAT",30,16,186,202
https://kawalpemilu.org#13822,"PADANG SARAI, KOTO TANGAH, KOTA PADANG, SUMATERA BARAT",31,20,189,209
https://kawalpemilu.org#13822,"PADANG SARAI, KOTO TANGAH, KOTA PADANG, SUMATERA BARAT",32,24,210,234
https://kawalpemilu.org#13822,"PADANG SARAI, KOTO TANGAH, KOTA PADANG, SUMATERA BARAT",33,34,208,242
https://kawalpemilu.org#13822,"PADANG SARAI, KOTO TANGAH, KOTA PADANG, SUMATERA BARAT",34,51,178,229
https://kawalpemilu.org#13822,"PADANG SARAI, KOTO TANGAH, KOTA PADANG, SUMATERA BARAT",35,65,188,253
https://kawalpemilu.org#13822,"PADANG SARAI, KOTO TANGAH, KOTA PADANG, SUMATERA BARAT",36,38,204,242
https://kawalpemilu.org#13822,"PADANG SARAI, KOTO TANGAH, KOTA PADANG, SUMATERA BARAT",37,57,209,266
https://kawalpemilu.org#13822,"PADANG SARAI, KOTO TANGAH, KOTA PADANG, SUMATERA BARAT",38,17,199,216
https://kawalpemilu.org#13822,"PADANG SARAI, KOTO TANGAH, KOTA PADANG, SUMATERA BARAT",39,38,145,183
https://kawalpemilu.org#13822,"PADANG SARAI, KOTO TANGAH, KOTA PADANG, SUMATERA BARAT",40,58,176,234
https://kawalpemilu.org#13822,"PADANG SARAI, KOTO TANGAH, KOTA PADANG, SUMATERA BARAT",41,31,127,158
https://kawalpemilu.org#13822,"PADANG SARAI, KOTO TANGAH, KOTA PADANG, SUMATERA BARAT",42,22,146,168
https://kawalpemilu.org#13822,"PADANG SARAI, KOTO TANGAH, KOTA PADANG, SUMATERA BARAT",43,17,207,224
https://kawalpemilu.org#13822,"PADANG SARAI, KOTO TANGAH, KOTA PADANG, SUMATERA BARAT",44,47,178,225
https://kawalpemilu.org#13822,"PADANG SARAI, KOTO TANGAH, KOTA PADANG, SUMATERA BARAT",46,27,170,197
https://kawalpemilu.org#13822,"PADANG SARAI, KOTO TANGAH, KOTA PADANG, SUMATERA BARAT",47,17,155,172
https://kawalpemilu.org#13823,"LUBUK BUAYA, KOTO TANGAH, KOTA PADANG, SUMATERA BARAT",1,24,178,202
https://kawalpemilu.org#13823,"LUBUK BUAYA, KOTO TANGAH, KOTA PADANG, SUMATERA BARAT",2,32,153,185
https://kawalpemilu.org#13823,"LUBUK BUAYA, KOTO TANGAH, KOTA PADANG, SUMATERA BARAT",3,30,172,202
https://kawalpemilu.org#13823,"LUBUK BUAYA, KOTO TANGAH, KOTA PADANG, SUMATERA BARAT",4,16,179,195
https://kawalpemilu.org#13823,"LUBUK BUAYA, KOTO TANGAH, KOTA PADANG, SUMATERA BARAT",5,29,216,245
https://kawalpemilu.org#13823,"LUBUK BUAYA, KOTO TANGAH, KOTA PADANG, SUMATERA BARAT",6,9,229,238
https://kawalpemilu.org#13823,"LUBUK BUAYA, KOTO TANGAH, KOTA PADANG, SUMATERA BARAT",7,20,225,245
https://kawalpemilu.org#13823,"LUBUK BUAYA, KOTO TANGAH, KOTA PADANG, SUMATERA BARAT",8,36,155,191
https://kawalpemilu.org#13823,"LUBUK BUAYA, KOTO TANGAH, KOTA PADANG, SUMATERA BARAT",9,34,182,216
https://kawalpemilu.org#13823,"LUBUK BUAYA, KOTO TANGAH, KOTA PADANG, SUMATERA BARAT",10,34,198,232
https://kawalpemilu.org#13823,"LUBUK BUAYA, KOTO TANGAH, KOTA PADANG, SUMATERA BARAT",11,21,176,197
https://kawalpemilu.org#13823,"LUBUK BUAYA, KOTO TANGAH, KOTA PADANG, SUMATERA BARAT",12,18,196,214
https://kawalpemilu.org#13823,"LUBUK BUAYA, KOTO TANGAH, KOTA PADANG, SUMATERA BARAT",13,37,212,249
https://kawalpemilu.org#13823,"LUBUK BUAYA, KOTO TANGAH, KOTA PADANG, SUMATERA BARAT",14,26,147,173
https://kawalpemilu.org#13823,"LUBUK BUAYA, KOTO TANGAH, KOTA PADANG, SUMATERA BARAT",15,27,157,184
https://kawalpemilu.org#13823,"LUBUK BUAYA, KOTO TANGAH, KOTA PADANG, SUMATERA BARAT",16,32,113,145
https://kawalpemilu.org#13823,"LUBUK BUAYA, KOTO TANGAH, KOTA PADANG, SUMATERA BARAT",17,40,177,217
https://kawalpemilu.org#13823,"LUBUK BUAYA, KOTO TANGAH, KOTA PADANG, SUMATERA BARAT",18,32,193,225
https://kawalpemilu.org#13823,"LUBUK BUAYA, KOTO TANGAH, KOTA PADANG, SUMATERA BARAT",19,33,211,244
https://kawalpemilu.org#13823,"LUBUK BUAYA, KOTO TANGAH, KOTA PADANG, SUMATERA BARAT",20,20,201,221
https://kawalpemilu.org#13823,"LUBUK BUAYA, KOTO TANGAH, KOTA PADANG, SUMATERA BARAT",21,34,206,240
https://kawalpemilu.org#13823,"LUBUK BUAYA, KOTO TANGAH, KOTA PADANG, SUMATERA BARAT",22,25,197,222
https://kawalpemilu.org#13823,"LUBUK BUAYA, KOTO TANGAH, KOTA PADANG, SUMATERA BARAT",23,22,162,184
https://kawalpemilu.org#13823,"LUBUK BUAYA, KOTO TANGAH, KOTA PADANG, SUMATERA BARAT",24,24,207,231
https://kawalpemilu.org#13823,"LUBUK BUAYA, KOTO TANGAH, KOTA PADANG, SUMATERA BARAT",25,23,222,245
https://kawalpemilu.org#13823,"LUBUK BUAYA, KOTO TANGAH, KOTA PADANG, SUMATERA BARAT",26,28,180,208
https://kawalpemilu.org#13823,"LUBUK BUAYA, KOTO TANGAH, KOTA PADANG, SUMATERA BARAT",27,15,208,223
https://kawalpemilu.org#13823,"LUBUK BUAYA, KOTO TANGAH, KOTA PADANG, SUMATERA BARAT",28,11,217,228
https://kawalpemilu.org#13823,"LUBUK BUAYA, KOTO TANGAH, KOTA PADANG, SUMATERA BARAT",29,15,170,185
https://kawalpemilu.org#13823,"LUBUK BUAYA, KOTO TANGAH, KOTA PADANG, SUMATERA BARAT",30,31,168,199
https://kawalpemilu.org#13823,"LUBUK BUAYA, KOTO TANGAH, KOTA PADANG, SUMATERA BARAT",31,27,162,189
https://kawalpemilu.org#13823,"LUBUK BUAYA, KOTO TANGAH, KOTA PADANG, SUMATERA BARAT",32,29,181,210
https://kawalpemilu.org#13823,"LUBUK BUAYA, KOTO TANGAH, KOTA PADANG, SUMATERA BARAT",33,34,158,192
https://kawalpemilu.org#13823,"LUBUK BUAYA, KOTO TANGAH, KOTA PADANG, SUMATERA BARAT",34,31,185,216
https://kawalpemilu.org#13823,"LUBUK BUAYA, KOTO TANGAH, KOTA PADANG, SUMATERA BARAT",35,30,175,205
https://kawalpemilu.org#13823,"LUBUK BUAYA, KOTO TANGAH, KOTA PADANG, SUMATERA BARAT",36,42,171,213
https://kawalpemilu.org#13823,"LUBUK BUAYA, KOTO TANGAH, KOTA PADANG, SUMATERA BARAT",37,24,177,201
https://kawalpemilu.org#13823,"LUBUK BUAYA, KOTO TANGAH, KOTA PADANG, SUMATERA BARAT",38,36,165,201
https://kawalpemilu.org#13823,"LUBUK BUAYA, KOTO TANGAH, KOTA PADANG, SUMATERA BARAT",39,41,167,208
https://kawalpemilu.org#13823,"LUBUK BUAYA, KOTO TANGAH, KOTA PADANG, SUMATERA BARAT",40,20,176,196
https://kawalpemilu.org#13823,"LUBUK BUAYA, KOTO TANGAH, KOTA PADANG, SUMATERA BARAT",41,20,167,187
https://kawalpemilu.org#13823,"LUBUK BUAYA, KOTO TANGAH, KOTA PADANG, SUMATERA BARAT",42,14,129,143
https://kawalpemilu.org#13823,"LUBUK BUAYA, KOTO TANGAH, KOTA PADANG, SUMATERA BARAT",43,29,175,204
https://kawalpemilu.org#13823,"LUBUK BUAYA, KOTO TANGAH, KOTA PADANG, SUMATERA BARAT",44,22,171,193
https://kawalpemilu.org#13823,"LUBUK BUAYA, KOTO TANGAH, KOTA PADANG, SUMATERA BARAT",45,16,81,97
https://kawalpemilu.org#13823,"LUBUK BUAYA, KOTO TANGAH, KOTA PADANG, SUMATERA BARAT",46,31,146,177
https://kawalpemilu.org#13823,"LUBUK BUAYA, KOTO TANGAH, KOTA PADANG, SUMATERA BARAT",47,37,105,142
https://kawalpemilu.org#13823,"LUBUK BUAYA, KOTO TANGAH, KOTA PADANG, SUMATERA BARAT",48,31,127,158
https://kawalpemilu.org#13823,"LUBUK BUAYA, KOTO TANGAH, KOTA PADANG, SUMATERA BARAT",49,25,176,201
https://kawalpemilu.org#13823,"LUBUK BUAYA, KOTO TANGAH, KOTA PADANG, SUMATERA BARAT",50,17,203,220
https://kawalpemilu.org#13823,"LUBUK BUAYA, KOTO TANGAH, KOTA PADANG, SUMATERA BARAT",51,28,144,172
https://kawalpemilu.org#13823,"LUBUK BUAYA, KOTO TANGAH, KOTA PADANG, SUMATERA BARAT",53,29,165,194
https://kawalpemilu.org#13823,"LUBUK BUAYA, KOTO TANGAH, KOTA PADANG, SUMATERA BARAT",54,16,161,177
https://kawalpemilu.org#13823,"LUBUK BUAYA, KOTO TANGAH, KOTA PADANG, SUMATERA BARAT",55,20,171,191
https://kawalpemilu.org#13823,"LUBUK BUAYA, KOTO TANGAH, KOTA PADANG, SUMATERA BARAT",56,29,158,187
https://kawalpemilu.org#13823,"LUBUK BUAYA, KOTO TANGAH, KOTA PADANG, SUMATERA BARAT",57,33,172,205
https://kawalpemilu.org#13824,"BATANG KABUNG GANTING, KOTO TANGAH, KOTA PADANG, SUMATERA BARAT",1,13,163,176
https://kawalpemilu.org#13824,"BATANG KABUNG GANTING, KOTO TANGAH, KOTA PADANG, SUMATERA BARAT",2,25,173,198
https://kawalpemilu.org#13824,"BATANG KABUNG GANTING, KOTO TANGAH, KOTA PADANG, SUMATERA BARAT",3,32,138,170
https://kawalpemilu.org#13824,"BATANG KABUNG GANTING, KOTO TANGAH, KOTA PADANG, SUMATERA BARAT",4,27,164,191
https://kawalpemilu.org#13824,"BATANG KABUNG GANTING, KOTO TANGAH, KOTA PADANG, SUMATERA BARAT",5,21,199,220
https://kawalpemilu.org#13824,"BATANG KABUNG GANTING, KOTO TANGAH, KOTA PADANG, SUMATERA BARAT",6,8,196,204
https://kawalpemilu.org#13824,"BATANG KABUNG GANTING, KOTO TANGAH, KOTA PADANG, SUMATERA BARAT",7,15,125,140
https://kawalpemilu.org#13824,"BATANG KABUNG GANTING, KOTO TANGAH, KOTA PADANG, SUMATERA BARAT",8,19,194,213
https://kawalpemilu.org#13824,"BATANG KABUNG GANTING, KOTO TANGAH, KOTA PADANG, SUMATERA BARAT",9,13,178,191
https://kawalpemilu.org#13824,"BATANG KABUNG GANTING, KOTO TANGAH, KOTA PADANG, SUMATERA BARAT",10,27,179,206
https://kawalpemilu.org#13824,"BATANG KABUNG GANTING, KOTO TANGAH, KOTA PADANG, SUMATERA BARAT",11,32,169,201
https://kawalpemilu.org#13824,"BATANG KABUNG GANTING, KOTO TANGAH, KOTA PADANG, SUMATERA BARAT",12,16,155,171
https://kawalpemilu.org#13824,"BATANG KABUNG GANTING, KOTO TANGAH, KOTA PADANG, SUMATERA BARAT",13,15,146,161
https://kawalpemilu.org#13824,"BATANG KABUNG GANTING, KOTO TANGAH, KOTA PADANG, SUMATERA BARAT",16,19,178,197
https://kawalpemilu.org#13824,"BATANG KABUNG GANTING, KOTO TANGAH, KOTA PADANG, SUMATERA BARAT",17,18,190,208
https://kawalpemilu.org#13824,"BATANG KABUNG GANTING, KOTO TANGAH, KOTA PADANG, SUMATERA BARAT",18,31,148,179
https://kawalpemilu.org#13824,"BATANG KABUNG GANTING, KOTO TANGAH, KOTA PADANG, SUMATERA BARAT",19,26,182,208
https://kawalpemilu.org#13824,"BATANG KABUNG GANTING, KOTO TANGAH, KOTA PADANG, SUMATERA BARAT",20,20,154,174
https://kawalpemilu.org#13824,"BATANG KABUNG GANTING, KOTO TANGAH, KOTA PADANG, SUMATERA BARAT",21,12,182,194
https://kawalpemilu.org#13824,"BATANG KABUNG GANTING, KOTO TANGAH, KOTA PADANG, SUMATERA BARAT",22,22,123,145
https://kawalpemilu.org#13824,"BATANG KABUNG GANTING, KOTO TANGAH, KOTA PADANG, SUMATERA BARAT",23,27,190,217
https://kawalpemilu.org#13824,"BATANG KABUNG GANTING, KOTO TANGAH, KOTA PADANG, SUMATERA BARAT",24,29,205,234
https://kawalpemilu.org#13824,"BATANG KABUNG GANTING, KOTO TANGAH, KOTA PADANG, SUMATERA BARAT",25,19,180,199
https://kawalpemilu.org#13824,"BATANG KABUNG GANTING, KOTO TANGAH, KOTA PADANG, SUMATERA BARAT",26,15,140,156
https://kawalpemilu.org#13824,"BATANG KABUNG GANTING, KOTO TANGAH, KOTA PADANG, SUMATERA BARAT",27,27,159,186
https://kawalpemilu.org#13824,"BATANG KABUNG GANTING, KOTO TANGAH, KOTA PADANG, SUMATERA BARAT",28,20,164,184
https://kawalpemilu.org#13824,"BATANG KABUNG GANTING, KOTO TANGAH, KOTA PADANG, SUMATERA BARAT",31,21,133,154
https://kawalpemilu.org#13824,"BATANG KABUNG GANTING, KOTO TANGAH, KOTA PADANG, SUMATERA BARAT",33,12,199,211
https://kawalpemilu.org#13824,"BATANG KABUNG GANTING, KOTO TANGAH, KOTA PADANG, SUMATERA BARAT",34,17,203,220
https://kawalpemilu.org#13824,"BATANG KABUNG GANTING, KOTO TANGAH, KOTA PADANG, SUMATERA BARAT",35,14,116,130
https://kawalpemilu.org#13824,"BATANG KABUNG GANTING, KOTO TANGAH, KOTA PADANG, SUMATERA BARAT",36,27,199,226
https://kawalpemilu.org#13825,"BUNGO PASANG, KOTO TANGAH, KOTA PADANG, SUMATERA BARAT",1,25,191,216
https://kawalpemilu.org#13825,"BUNGO PASANG, KOTO TANGAH, KOTA PADANG, SUMATERA BARAT",2,21,153,174
https://kawalpemilu.org#13825,"BUNGO PASANG, KOTO TANGAH, KOTA PADANG, SUMATERA BARAT",3,9,143,152
https://kawalpemilu.org#13825,"BUNGO PASANG, KOTO TANGAH, KOTA PADANG, SUMATERA BARAT",4,16,185,201
https://kawalpemilu.org#13825,"BUNGO PASANG, KOTO TANGAH, KOTA PADANG, SUMATERA BARAT",5,24,181,205
https://kawalpemilu.org#13825,"BUNGO PASANG, KOTO TANGAH, KOTA PADANG, SUMATERA BARAT",6,11,214,225
https://kawalpemilu.org#13825,"BUNGO PASANG, KOTO TANGAH, KOTA PADANG, SUMATERA BARAT",7,34,160,194
https://kawalpemilu.org#13825,"BUNGO PASANG, KOTO TANGAH, KOTA PADANG, SUMATERA BARAT",8,28,175,203
https://kawalpemilu.org#13825,"BUNGO PASANG, KOTO TANGAH, KOTA PADANG, SUMATERA BARAT",9,17,160,177
https://kawalpemilu.org#13825,"BUNGO PASANG, KOTO TANGAH, KOTA PADANG, SUMATERA BARAT",10,41,139,180
https://kawalpemilu.org#13825,"BUNGO PASANG, KOTO TANGAH, KOTA PADANG, SUMATERA BARAT",11,28,156,184
https://kawalpemilu.org#13825,"BUNGO PASANG, KOTO TANGAH, KOTA PADANG, SUMATERA BARAT",12,14,101,115
https://kawalpemilu.org#13825,"BUNGO PASANG, KOTO TANGAH, KOTA PADANG, SUMATERA BARAT",14,30,127,157
https://kawalpemilu.org#13825,"BUNGO PASANG, KOTO TANGAH, KOTA PADANG, SUMATERA BARAT",15,22,185,207
https://kawalpemilu.org#13825,"BUNGO PASANG, KOTO TANGAH, KOTA PADANG, SUMATERA BARAT",16,46,166,212
https://kawalpemilu.org#13825,"BUNGO PASANG, KOTO TANGAH, KOTA PADANG, SUMATERA BARAT",17,25,213,238
https://kawalpemilu.org#13825,"BUNGO PASANG, KOTO TANGAH, KOTA PADANG, SUMATERA BARAT",19,20,185,205
https://kawalpemilu.org#13825,"BUNGO PASANG, KOTO TANGAH, KOTA PADANG, SUMATERA BARAT",20,32,177,209
https://kawalpemilu.org#13825,"BUNGO PASANG, KOTO TANGAH, KOTA PADANG, SUMATERA BARAT",21,23,168,191
https://kawalpemilu.org#13825,"BUNGO PASANG, KOTO TANGAH, KOTA PADANG, SUMATERA BARAT",22,26,188,214
https://kawalpemilu.org#13825,"BUNGO PASANG, KOTO TANGAH, KOTA PADANG, SUMATERA BARAT",23,32,176,208
https://kawalpemilu.org#13825,"BUNGO PASANG, KOTO TANGAH, KOTA PADANG, SUMATERA BARAT",24,17,212,229
https://kawalpemilu.org#13825,"BUNGO PASANG, KOTO TANGAH, KOTA PADANG, SUMATERA BARAT",25,19,137,156
https://kawalpemilu.org#13825,"BUNGO PASANG, KOTO TANGAH, KOTA PADANG, SUMATERA BARAT",26,25,176,3
https://kawalpemilu.org#13825,"BUNGO PASANG, KOTO TANGAH, KOTA PADANG, SUMATERA BARAT",27,24,169,193
https://kawalpemilu.org#13825,"BUNGO PASANG, KOTO TANGAH, KOTA PADANG, SUMATERA BARAT",28,11,194,205
https://kawalpemilu.org#13825,"BUNGO PASANG, KOTO TANGAH, KOTA PADANG, SUMATERA BARAT",29,5,131,136
https://kawalpemilu.org#13825,"BUNGO PASANG, KOTO TANGAH, KOTA PADANG, SUMATERA BARAT",30,27,156,183
https://kawalpemilu.org#13825,"BUNGO PASANG, KOTO TANGAH, KOTA PADANG, SUMATERA BARAT",31,37,151,188
https://kawalpemilu.org#13825,"BUNGO PASANG, KOTO TANGAH, KOTA PADANG, SUMATERA BARAT",32,24,171,195
https://kawalpemilu.org#13825,"BUNGO PASANG, KOTO TANGAH, KOTA PADANG, SUMATERA BARAT",33,18,214,232
https://kawalpemilu.org#13825,"BUNGO PASANG, KOTO TANGAH, KOTA PADANG, SUMATERA BARAT",34,0,0,0
https://kawalpemilu.org#13825,"BUNGO PASANG, KOTO TANGAH, KOTA PADANG, SUMATERA BARAT",35,24,153,177
https://kawalpemilu.org#13825,"BUNGO PASANG, KOTO TANGAH, KOTA PADANG, SUMATERA BARAT",36,19,149,168
https://kawalpemilu.org#13825,"BUNGO PASANG, KOTO TANGAH, KOTA PADANG, SUMATERA BARAT",37,18,124,142
https://kawalpemilu.org#13825,"BUNGO PASANG, KOTO TANGAH, KOTA PADANG, SUMATERA BARAT",38,15,121,136
https://kawalpemilu.org#13825,"BUNGO PASANG, KOTO TANGAH, KOTA PADANG, SUMATERA BARAT",39,16,151,167
https://kawalpemilu.org#13826,"PARUPUK TABING, KOTO TANGAH, KOTA PADANG, SUMATERA BARAT",2,26,152,178
https://kawalpemilu.org#13826,"PARUPUK TABING, KOTO TANGAH, KOTA PADANG, SUMATERA BARAT",3,17,208,225
https://kawalpemilu.org#13826,"PARUPUK TABING, KOTO TANGAH, KOTA PADANG, SUMATERA BARAT",4,9,131,140
https://kawalpemilu.org#13826,"PARUPUK TABING, KOTO TANGAH, KOTA PADANG, SUMATERA BARAT",6,14,192,206
https://kawalpemilu.org#13826,"PARUPUK TABING, KOTO TANGAH, KOTA PADANG, SUMATERA BARAT",7,35,195,230
https://kawalpemilu.org#13826,"PARUPUK TABING, KOTO TANGAH, KOTA PADANG, SUMATERA BARAT",8,38,197,235
https://kawalpemilu.org#13826,"PARUPUK TABING, KOTO TANGAH, KOTA PADANG, SUMATERA BARAT",9,25,211,236
https://kawalpemilu.org#13826,"PARUPUK TABING, KOTO TANGAH, KOTA PADANG, SUMATERA BARAT",10,106,70,176
https://kawalpemilu.org#13826,"PARUPUK TABING, KOTO TANGAH, KOTA PADANG, SUMATERA BARAT",11,74,97,171
https://kawalpemilu.org#13826,"PARUPUK TABING, KOTO TANGAH, KOTA PADANG, SUMATERA BARAT",12,44,215,259
https://kawalpemilu.org#13826,"PARUPUK TABING, KOTO TANGAH, KOTA PADANG, SUMATERA BARAT",13,27,197,224
https://kawalpemilu.org#13826,"PARUPUK TABING, KOTO TANGAH, KOTA PADANG, SUMATERA BARAT",14,40,147,187
https://kawalpemilu.org#13826,"PARUPUK TABING, KOTO TANGAH, KOTA PADANG, SUMATERA BARAT",15,130,75,205
https://kawalpemilu.org#13826,"PARUPUK TABING, KOTO TANGAH, KOTA PADANG, SUMATERA BARAT",16,29,191,220
https://kawalpemilu.org#13826,"PARUPUK TABING, KOTO TANGAH, KOTA PADANG, SUMATERA BARAT",17,33,124,157
https://kawalpemilu.org#13826,"PARUPUK TABING, KOTO TANGAH, KOTA PADANG, SUMATERA BARAT",18,88,93,181
https://kawalpemilu.org#13826,"PARUPUK TABING, KOTO TANGAH, KOTA PADANG, SUMATERA BARAT",19,82,107,189
https://kawalpemilu.org#13826,"PARUPUK TABING, KOTO TANGAH, KOTA PADANG, SUMATERA BARAT",20,45,140,185
https://kawalpemilu.org#13826,"PARUPUK TABING, KOTO TANGAH, KOTA PADANG, SUMATERA BARAT",21,57,131,188
https://kawalpemilu.org#13826,"PARUPUK TABING, KOTO TANGAH, KOTA PADANG, SUMATERA BARAT",22,56,170,226
https://kawalpemilu.org#13826,"PARUPUK TABING, KOTO TANGAH, KOTA PADANG, SUMATERA BARAT",23,37,206,243
https://kawalpemilu.org#13826,"PARUPUK TABING, KOTO TANGAH, KOTA PADANG, SUMATERA BARAT",24,40,201,241
https://kawalpemilu.org#13826,"PARUPUK TABING, KOTO TANGAH, KOTA PADANG, SUMATERA BARAT",25,31,216,247
https://kawalpemilu.org#13826,"PARUPUK TABING, KOTO TANGAH, KOTA PADANG, SUMATERA BARAT",26,31,118,149
https://kawalpemilu.org#13826,"PARUPUK TABING, KOTO TANGAH, KOTA PADANG, SUMATERA BARAT",27,24,182,206
https://kawalpemilu.org#13826,"PARUPUK TABING, KOTO TANGAH, KOTA PADANG, SUMATERA BARAT",28,52,150,202
https://kawalpemilu.org#13826,"PARUPUK TABING, KOTO TANGAH, KOTA PADANG, SUMATERA BARAT",29,30,179,209
https://kawalpemilu.org#13826,"PARUPUK TABING, KOTO TANGAH, KOTA PADANG, SUMATERA BARAT",30,47,196,243
https://kawalpemilu.org#13826,"PARUPUK TABING, KOTO TANGAH, KOTA PADANG, SUMATERA BARAT",31,46,186,232
https://kawalpemilu.org#13826,"PARUPUK TABING, KOTO TANGAH, KOTA PADANG, SUMATERA BARAT",32,49,143,192
https://kawalpemilu.org#13826,"PARUPUK TABING, KOTO TANGAH, KOTA PADANG, SUMATERA BARAT",33,82,162,244
https://kawalpemilu.org#13826,"PARUPUK TABING, KOTO TANGAH, KOTA PADANG, SUMATERA BARAT",35,33,116,149
https://kawalpemilu.org#13826,"PARUPUK TABING, KOTO TANGAH, KOTA PADANG, SUMATERA BARAT",36,59,222,281
https://kawalpemilu.org#13826,"PARUPUK TABING, KOTO TANGAH, KOTA PADANG, SUMATERA BARAT",37,22,129,151
https://kawalpemilu.org#13826,"PARUPUK TABING, KOTO TANGAH, KOTA PADANG, SUMATERA BARAT",38,27,195,222
https://kawalpemilu.org#13826,"PARUPUK TABING, KOTO TANGAH, KOTA PADANG, SUMATERA BARAT",39,22,120,142
https://kawalpemilu.org#13826,"PARUPUK TABING, KOTO TANGAH, KOTA PADANG, SUMATERA BARAT",40,18,186,204
https://kawalpemilu.org#13826,"PARUPUK TABING, KOTO TANGAH, KOTA PADANG, SUMATERA BARAT",41,16,166,182
https://kawalpemilu.org#13826,"PARUPUK TABING, KOTO TANGAH, KOTA PADANG, SUMATERA BARAT",42,25,188,213
https://kawalpemilu.org#13826,"PARUPUK TABING, KOTO TANGAH, KOTA PADANG, SUMATERA BARAT",43,37,169,206
https://kawalpemilu.org#13826,"PARUPUK TABING, KOTO TANGAH, KOTA PADANG, SUMATERA BARAT",44,60,111,171
https://kawalpemilu.org#13826,"PARUPUK TABING, KOTO TANGAH, KOTA PADANG, SUMATERA BARAT",45,43,150,193
https://kawalpemilu.org#13826,"PARUPUK TABING, KOTO TANGAH, KOTA PADANG, SUMATERA BARAT",46,34,169,203
https://kawalpemilu.org#13826,"PARUPUK TABING, KOTO TANGAH, KOTA PADANG, SUMATERA BARAT",47,30,97,127
https://kawalpemilu.org#13826,"PARUPUK TABING, KOTO TANGAH, KOTA PADANG, SUMATERA BARAT",48,14,124,138
https://kawalpemilu.org#13826,"PARUPUK TABING, KOTO TANGAH, KOTA PADANG, SUMATERA BARAT",50,39,167,206
https://kawalpemilu.org#13826,"PARUPUK TABING, KOTO TANGAH, KOTA PADANG, SUMATERA BARAT",51,23,164,187
https://kawalpemilu.org#13826,"PARUPUK TABING, KOTO TANGAH, KOTA PADANG, SUMATERA BARAT",52,44,123,167
https://kawalpemilu.org#13826,"PARUPUK TABING, KOTO TANGAH, KOTA PADANG, SUMATERA BARAT",53,33,181,214
https://kawalpemilu.org#13826,"PARUPUK TABING, KOTO TANGAH, KOTA PADANG, SUMATERA BARAT",54,15,137,152
https://kawalpemilu.org#13827,"PASIE NAN TIGO, KOTO TANGAH, KOTA PADANG, SUMATERA BARAT",1,31,138,169
https://kawalpemilu.org#13827,"PASIE NAN TIGO, KOTO TANGAH, KOTA PADANG, SUMATERA BARAT",2,17,125,142
https://kawalpemilu.org#13827,"PASIE NAN TIGO, KOTO TANGAH, KOTA PADANG, SUMATERA BARAT",3,22,182,204
https://kawalpemilu.org#13827,"PASIE NAN TIGO, KOTO TANGAH, KOTA PADANG, SUMATERA BARAT",4,37,182,219
https://kawalpemilu.org#13827,"PASIE NAN TIGO, KOTO TANGAH, KOTA PADANG, SUMATERA BARAT",5,16,201,217
https://kawalpemilu.org#13827,"PASIE NAN TIGO, KOTO TANGAH, KOTA PADANG, SUMATERA BARAT",6,28,208,236
https://kawalpemilu.org#13827,"PASIE NAN TIGO, KOTO TANGAH, KOTA PADANG, SUMATERA BARAT",7,35,190,225
https://kawalpemilu.org#13827,"PASIE NAN TIGO, KOTO TANGAH, KOTA PADANG, SUMATERA BARAT",8,13,100,113
https://kawalpemilu.org#13827,"PASIE NAN TIGO, KOTO TANGAH, KOTA PADANG, SUMATERA BARAT",11,48,158,206
https://kawalpemilu.org#13827,"PASIE NAN TIGO, KOTO TANGAH, KOTA PADANG, SUMATERA BARAT",12,37,177,214
https://kawalpemilu.org#13827,"PASIE NAN TIGO, KOTO TANGAH, KOTA PADANG, SUMATERA BARAT",13,8,169,177
https://kawalpemilu.org#13827,"PASIE NAN TIGO, KOTO TANGAH, KOTA PADANG, SUMATERA BARAT",14,5,196,201
https://kawalpemilu.org#13827,"PASIE NAN TIGO, KOTO TANGAH, KOTA PADANG, SUMATERA BARAT",15,22,186,208
https://kawalpemilu.org#13827,"PASIE NAN TIGO, KOTO TANGAH, KOTA PADANG, SUMATERA BARAT",16,25,166,191
https://kawalpemilu.org#13827,"PASIE NAN TIGO, KOTO TANGAH, KOTA PADANG, SUMATERA BARAT",17,11,153,164
https://kawalpemilu.org#13827,"PASIE NAN TIGO, KOTO TANGAH, KOTA PADANG, SUMATERA BARAT",18,43,133,176
https://kawalpemilu.org#13827,"PASIE NAN TIGO, KOTO TANGAH, KOTA PADANG, SUMATERA BARAT",19,24,132,156
https://kawalpemilu.org#13827,"PASIE NAN TIGO, KOTO TANGAH, KOTA PADANG, SUMATERA BARAT",20,31,212,243
https://kawalpemilu.org#13827,"PASIE NAN TIGO, KOTO TANGAH, KOTA PADANG, SUMATERA BARAT",21,14,190,204
https://kawalpemilu.org#13827,"PASIE NAN TIGO, KOTO TANGAH, KOTA PADANG, SUMATERA BARAT",22,26,162,188
https://kawalpemilu.org#13827,"PASIE NAN TIGO, KOTO TANGAH, KOTA PADANG, SUMATERA BARAT",23,13,195,208
https://kawalpemilu.org#13827,"PASIE NAN TIGO, KOTO TANGAH, KOTA PADANG, SUMATERA BARAT",24,11,192,203
https://kawalpemilu.org#13827,"PASIE NAN TIGO, KOTO TANGAH, KOTA PADANG, SUMATERA BARAT",25,19,205,224
https://kawalpemilu.org#13827,"PASIE NAN TIGO, KOTO TANGAH, KOTA PADANG, SUMATERA BARAT",26,10,210,220
https://kawalpemilu.org#13827,"PASIE NAN TIGO, KOTO TANGAH, KOTA PADANG, SUMATERA BARAT",27,25,162,187
https://kawalpemilu.org#13827,"PASIE NAN TIGO, KOTO TANGAH, KOTA PADANG, SUMATERA BARAT",30,24,155,179
https://kawalpemilu.org#13827,"PASIE NAN TIGO, KOTO TANGAH, KOTA PADANG, SUMATERA BARAT",31,10,87,97
https://kawalpemilu.org#13827,"PASIE NAN TIGO, KOTO TANGAH, KOTA PADANG, SUMATERA BARAT",32,15,137,152
https://kawalpemilu.org#13830,"TANAH GARAM, LUBUK SIKARAH, KOTA SOLOK, SUMATERA BARAT",1,22,135,157
https://kawalpemilu.org#13830,"TANAH GARAM, LUBUK SIKARAH, KOTA SOLOK, SUMATERA BARAT",2,39,135,174
https://kawalpemilu.org#13830,"TANAH GARAM, LUBUK SIKARAH, KOTA SOLOK, SUMATERA BARAT",3,12,145,157
https://kawalpemilu.org#13830,"TANAH GARAM, LUBUK SIKARAH, KOTA SOLOK, SUMATERA BARAT",4,24,129,153
https://kawalpemilu.org#13830,"TANAH GARAM, LUBUK SIKARAH, KOTA SOLOK, SUMATERA BARAT",5,22,197,219
https://kawalpemilu.org#13830,"TANAH GARAM, LUBUK SIKARAH, KOTA SOLOK, SUMATERA BARAT",6,20,175,195
https://kawalpemilu.org#13830,"TANAH GARAM, LUBUK SIKARAH, KOTA SOLOK, SUMATERA BARAT",7,30,221,251
https://kawalpemilu.org#13830,"TANAH GARAM, LUBUK SIKARAH, KOTA SOLOK, SUMATERA BARAT",8,29,216,245
https://kawalpemilu.org#13830,"TANAH GARAM, LUBUK SIKARAH, KOTA SOLOK, SUMATERA BARAT",9,31,181,212
https://kawalpemilu.org#13830,"TANAH GARAM, LUBUK SIKARAH, KOTA SOLOK, SUMATERA BARAT",10,33,208,241
https://kawalpemilu.org#13830,"TANAH GARAM, LUBUK SIKARAH, KOTA SOLOK, SUMATERA BARAT",11,19,190,209
https://kawalpemilu.org#13830,"TANAH GARAM, LUBUK SIKARAH, KOTA SOLOK, SUMATERA BARAT",12,12,158,170
https://kawalpemilu.org#13830,"TANAH GARAM, LUBUK SIKARAH, KOTA SOLOK, SUMATERA BARAT",13,16,141,157
https://kawalpemilu.org#13830,"TANAH GARAM, LUBUK SIKARAH, KOTA SOLOK, SUMATERA BARAT",14,21,122,143
https://kawalpemilu.org#13830,"TANAH GARAM, LUBUK SIKARAH, KOTA SOLOK, SUMATERA BARAT",15,20,181,201
https://kawalpemilu.org#13830,"TANAH GARAM, LUBUK SIKARAH, KOTA SOLOK, SUMATERA BARAT",16,17,210,227
https://kawalpemilu.org#13830,"TANAH GARAM, LUBUK SIKARAH, KOTA SOLOK, SUMATERA BARAT",17,35,216,251
https://kawalpemilu.org#13830,"TANAH GARAM, LUBUK SIKARAH, KOTA SOLOK, SUMATERA BARAT",18,22,229,251
https://kawalpemilu.org#13830,"TANAH GARAM, LUBUK SIKARAH, KOTA SOLOK, SUMATERA BARAT",19,17,166,183
https://kawalpemilu.org#13830,"TANAH GARAM, LUBUK SIKARAH, KOTA SOLOK, SUMATERA BARAT",21,10,142,152
https://kawalpemilu.org#13830,"TANAH GARAM, LUBUK SIKARAH, KOTA SOLOK, SUMATERA BARAT",22,9,144,153
https://kawalpemilu.org#13830,"TANAH GARAM, LUBUK SIKARAH, KOTA SOLOK, SUMATERA BARAT",23,20,220,240
https://kawalpemilu.org#13830,"TANAH GARAM, LUBUK SIKARAH, KOTA SOLOK, SUMATERA BARAT",24,11,131,142
https://kawalpemilu.org#13830,"TANAH GARAM, LUBUK SIKARAH, KOTA SOLOK, SUMATERA BARAT",25,24,210,234
https://kawalpemilu.org#13830,"TANAH GARAM, LUBUK SIKARAH, KOTA SOLOK, SUMATERA BARAT",26,13,222,235
https://kawalpemilu.org#13830,"TANAH GARAM, LUBUK SIKARAH, KOTA SOLOK, SUMATERA BARAT",27,30,217,247
https://kawalpemilu.org#13830,"TANAH GARAM, LUBUK SIKARAH, KOTA SOLOK, SUMATERA BARAT",29,15,200,215
https://kawalpemilu.org#13830,"TANAH GARAM, LUBUK SIKARAH, KOTA SOLOK, SUMATERA BARAT",30,26,193,219
https://kawalpemilu.org#13830,"TANAH GARAM, LUBUK SIKARAH, KOTA SOLOK, SUMATERA BARAT",31,27,204,231
https://kawalpemilu.org#13830,"TANAH GARAM, LUBUK SIKARAH, KOTA SOLOK, SUMATERA BARAT",32,26,196,222
https://kawalpemilu.org#13830,"TANAH GARAM, LUBUK SIKARAH, KOTA SOLOK, SUMATERA BARAT",34,23,180,203
https://kawalpemilu.org#13830,"TANAH GARAM, LUBUK SIKARAH, KOTA SOLOK, SUMATERA BARAT",35,16,221,237
https://kawalpemilu.org#13830,"TANAH GARAM, LUBUK SIKARAH, KOTA SOLOK, SUMATERA BARAT",36,16,199,215
https://kawalpemilu.org#13830,"TANAH GARAM, LUBUK SIKARAH, KOTA SOLOK, SUMATERA BARAT",37,19,212,231
https://kawalpemilu.org#13830,"TANAH GARAM, LUBUK SIKARAH, KOTA SOLOK, SUMATERA BARAT",38,26,212,238
https://kawalpemilu.org#13830,"TANAH GARAM, LUBUK SIKARAH, KOTA SOLOK, SUMATERA BARAT",39,23,162,185
https://kawalpemilu.org#13830,"TANAH GARAM, LUBUK SIKARAH, KOTA SOLOK, SUMATERA BARAT",40,24,189,213
https://kawalpemilu.org#13830,"TANAH GARAM, LUBUK SIKARAH, KOTA SOLOK, SUMATERA BARAT",41,31,185,216
https://kawalpemilu.org#13830,"TANAH GARAM, LUBUK SIKARAH, KOTA SOLOK, SUMATERA BARAT",42,25,186,211
https://kawalpemilu.org#13831,"VI SUKU, LUBUK SIKARAH, KOTA SOLOK, SUMATERA BARAT",1,16,165,181
https://kawalpemilu.org#13831,"VI SUKU, LUBUK SIKARAH, KOTA SOLOK, SUMATERA BARAT",2,26,166,192
https://kawalpemilu.org#13831,"VI SUKU, LUBUK SIKARAH, KOTA SOLOK, SUMATERA BARAT",3,26,126,152
https://kawalpemilu.org#13831,"VI SUKU, LUBUK SIKARAH, KOTA SOLOK, SUMATERA BARAT",4,62,125,187
https://kawalpemilu.org#13831,"VI SUKU, LUBUK SIKARAH, KOTA SOLOK, SUMATERA BARAT",6,59,171,230
https://kawalpemilu.org#13831,"VI SUKU, LUBUK SIKARAH, KOTA SOLOK, SUMATERA BARAT",7,14,126,140
https://kawalpemilu.org#13831,"VI SUKU, LUBUK SIKARAH, KOTA SOLOK, SUMATERA BARAT",8,19,150,169
https://kawalpemilu.org#13831,"VI SUKU, LUBUK SIKARAH, KOTA SOLOK, SUMATERA BARAT",9,34,105,139
https://kawalpemilu.org#13831,"VI SUKU, LUBUK SIKARAH, KOTA SOLOK, SUMATERA BARAT",10,39,143,182
https://kawalpemilu.org#13831,"VI SUKU, LUBUK SIKARAH, KOTA SOLOK, SUMATERA BARAT",11,22,155,177
https://kawalpemilu.org#13831,"VI SUKU, LUBUK SIKARAH, KOTA SOLOK, SUMATERA BARAT",12,19,179,198
https://kawalpemilu.org#13831,"VI SUKU, LUBUK SIKARAH, KOTA SOLOK, SUMATERA BARAT",14,20,152,172
https://kawalpemilu.org#13831,"VI SUKU, LUBUK SIKARAH, KOTA SOLOK, SUMATERA BARAT",15,59,158,217
https://kawalpemilu.org#13831,"VI SUKU, LUBUK SIKARAH, KOTA SOLOK, SUMATERA BARAT",19,54,184,238
https://kawalpemilu.org#13832,"SINAPA PILIANG, LUBUK SIKARAH, KOTA SOLOK, SUMATERA BARAT",2,33,150,183
https://kawalpemilu.org#13832,"SINAPA PILIANG, LUBUK SIKARAH, KOTA SOLOK, SUMATERA BARAT",3,44,136,180
https://kawalpemilu.org#13832,"SINAPA PILIANG, LUBUK SIKARAH, KOTA SOLOK, SUMATERA BARAT",4,37,121,158
https://kawalpemilu.org#13832,"SINAPA PILIANG, LUBUK SIKARAH, KOTA SOLOK, SUMATERA BARAT",5,11,210,221
https://kawalpemilu.org#13833,"IX KORONG, LUBUK SIKARAH, KOTA SOLOK, SUMATERA BARAT",2,14,200,214
https://kawalpemilu.org#13833,"IX KORONG, LUBUK SIKARAH, KOTA SOLOK, SUMATERA BARAT",4,22,147,169
https://kawalpemilu.org#13833,"IX KORONG, LUBUK SIKARAH, KOTA SOLOK, SUMATERA BARAT",6,14,213,227
https://kawalpemilu.org#13834,"KAMPAI TABU KARAMBIA, LUBUK SIKARAH, KOTA SOLOK, SUMATERA BARAT",1,16,154,170
https://kawalpemilu.org#13834,"KAMPAI TABU KARAMBIA, LUBUK SIKARAH, KOTA SOLOK, SUMATERA BARAT",2,6,148,154
https://kawalpemilu.org#13834,"KAMPAI TABU KARAMBIA, LUBUK SIKARAH, KOTA SOLOK, SUMATERA BARAT",3,8,154,162
https://kawalpemilu.org#13834,"KAMPAI TABU KARAMBIA, LUBUK SIKARAH, KOTA SOLOK, SUMATERA BARAT",4,23,177,200
https://kawalpemilu.org#13834,"KAMPAI TABU KARAMBIA, LUBUK SIKARAH, KOTA SOLOK, SUMATERA BARAT",5,28,136,164
https://kawalpemilu.org#13834,"KAMPAI TABU KARAMBIA, LUBUK SIKARAH, KOTA SOLOK, SUMATERA BARAT",6,25,136,161
https://kawalpemilu.org#13834,"KAMPAI TABU KARAMBIA, LUBUK SIKARAH, KOTA SOLOK, SUMATERA BARAT",7,27,137,164
https://kawalpemilu.org#13834,"KAMPAI TABU KARAMBIA, LUBUK SIKARAH, KOTA SOLOK, SUMATERA BARAT",8,20,198,218
https://kawalpemilu.org#13834,"KAMPAI TABU KARAMBIA, LUBUK SIKARAH, KOTA SOLOK, SUMATERA BARAT",9,13,174,187
https://kawalpemilu.org#13835,"ARO IV KORONG, LUBUK SIKARAH, KOTA SOLOK, SUMATERA BARAT",1,38,179,217
https://kawalpemilu.org#13835,"ARO IV KORONG, LUBUK SIKARAH, KOTA SOLOK, SUMATERA BARAT",2,16,98,114
https://kawalpemilu.org#13835,"ARO IV KORONG, LUBUK SIKARAH, KOTA SOLOK, SUMATERA BARAT",3,16,184,200
https://kawalpemilu.org#13835,"ARO IV KORONG, LUBUK SIKARAH, KOTA SOLOK, SUMATERA BARAT",4,20,181,201
https://kawalpemilu.org#13835,"ARO IV KORONG, LUBUK SIKARAH, KOTA SOLOK, SUMATERA BARAT",5,16,173,189
https://kawalpemilu.org#13835,"ARO IV KORONG, LUBUK SIKARAH, KOTA SOLOK, SUMATERA BARAT",6,16,152,168
https://kawalpemilu.org#13835,"ARO IV KORONG, LUBUK SIKARAH, KOTA SOLOK, SUMATERA BARAT",7,17,163,180
https://kawalpemilu.org#13835,"ARO IV KORONG, LUBUK SIKARAH, KOTA SOLOK, SUMATERA BARAT",8,20,148,168
https://kawalpemilu.org#13835,"ARO IV KORONG, LUBUK SIKARAH, KOTA SOLOK, SUMATERA BARAT",9,8,101,109
https://kawalpemilu.org#13835,"ARO IV KORONG, LUBUK SIKARAH, KOTA SOLOK, SUMATERA BARAT",10,10,161,171
https://kawalpemilu.org#13836,"SIMPANG RUMBIO, LUBUK SIKARAH, KOTA SOLOK, SUMATERA BARAT",5,15,213,228
https://kawalpemilu.org#13836,"SIMPANG RUMBIO, LUBUK SIKARAH, KOTA SOLOK, SUMATERA BARAT",6,19,130,149
https://kawalpemilu.org#13836,"SIMPANG RUMBIO, LUBUK SIKARAH, KOTA SOLOK, SUMATERA BARAT",8,12,144,156
https://kawalpemilu.org#13836,"SIMPANG RUMBIO, LUBUK SIKARAH, KOTA SOLOK, SUMATERA BARAT",10,20,232,252
https://kawalpemilu.org#13836,"SIMPANG RUMBIO, LUBUK SIKARAH, KOTA SOLOK, SUMATERA BARAT",11,24,163,187
https://kawalpemilu.org#13836,"SIMPANG RUMBIO, LUBUK SIKARAH, KOTA SOLOK, SUMATERA BARAT",13,10,124,134
https://kawalpemilu.org#13836,"SIMPANG RUMBIO, LUBUK SIKARAH, KOTA SOLOK, SUMATERA BARAT",14,26,188,214
https://kawalpemilu.org#13836,"SIMPANG RUMBIO, LUBUK SIKARAH, KOTA SOLOK, SUMATERA BARAT",15,10,179,189
https://kawalpemilu.org#13836,"SIMPANG RUMBIO, LUBUK SIKARAH, KOTA SOLOK, SUMATERA BARAT",16,10,172,182
https://kawalpemilu.org#13836,"SIMPANG RUMBIO, LUBUK SIKARAH, KOTA SOLOK, SUMATERA BARAT",18,12,154,166
https://kawalpemilu.org#13836,"SIMPANG RUMBIO, LUBUK SIKARAH, KOTA SOLOK, SUMATERA BARAT",20,24,253,277
https://kawalpemilu.org#13836,"SIMPANG RUMBIO, LUBUK SIKARAH, KOTA SOLOK, SUMATERA BARAT",22,11,138,149
https://kawalpemilu.org#13836,"SIMPANG RUMBIO, LUBUK SIKARAH, KOTA SOLOK, SUMATERA BARAT",23,17,204,221
https://kawalpemilu.org#13836,"SIMPANG RUMBIO, LUBUK SIKARAH, KOTA SOLOK, SUMATERA BARAT",24,8,157,165
https://kawalpemilu.org#13838,"KOTO PANJANG, TANJUNG HARAPAN, KOTA SOLOK, SUMATERA BARAT",1,23,129,152
https://kawalpemilu.org#13838,"KOTO PANJANG, TANJUNG HARAPAN, KOTA SOLOK, SUMATERA BARAT",2,13,196,209
https://kawalpemilu.org#13838,"KOTO PANJANG, TANJUNG HARAPAN, KOTA SOLOK, SUMATERA BARAT",3,14,169,183
https://kawalpemilu.org#13838,"KOTO PANJANG, TANJUNG HARAPAN, KOTA SOLOK, SUMATERA BARAT",4,13,192,205
https://kawalpemilu.org#13838,"KOTO PANJANG, TANJUNG HARAPAN, KOTA SOLOK, SUMATERA BARAT",5,22,167,189
https://kawalpemilu.org#13838,"KOTO PANJANG, TANJUNG HARAPAN, KOTA SOLOK, SUMATERA BARAT",6,18,159,177
https://kawalpemilu.org#13839,"PASAR PANDAN AIR MATI, TANJUNG HARAPAN, KOTA SOLOK, SUMATERA BARAT",1,18,193,211
https://kawalpemilu.org#13839,"PASAR PANDAN AIR MATI, TANJUNG HARAPAN, KOTA SOLOK, SUMATERA BARAT",2,23,178,201
https://kawalpemilu.org#13839,"PASAR PANDAN AIR MATI, TANJUNG HARAPAN, KOTA SOLOK, SUMATERA BARAT",3,25,191,216
https://kawalpemilu.org#13839,"PASAR PANDAN AIR MATI, TANJUNG HARAPAN, KOTA SOLOK, SUMATERA BARAT",4,21,130,151
https://kawalpemilu.org#13839,"PASAR PANDAN AIR MATI, TANJUNG HARAPAN, KOTA SOLOK, SUMATERA BARAT",5,23,179,202
https://kawalpemilu.org#13839,"PASAR PANDAN AIR MATI, TANJUNG HARAPAN, KOTA SOLOK, SUMATERA BARAT",6,28,143,171
https://kawalpemilu.org#13839,"PASAR PANDAN AIR MATI, TANJUNG HARAPAN, KOTA SOLOK, SUMATERA BARAT",7,17,149,166
https://kawalpemilu.org#13839,"PASAR PANDAN AIR MATI, TANJUNG HARAPAN, KOTA SOLOK, SUMATERA BARAT",8,5,153,158
https://kawalpemilu.org#13839,"PASAR PANDAN AIR MATI, TANJUNG HARAPAN, KOTA SOLOK, SUMATERA BARAT",9,14,121,135
https://kawalpemilu.org#13839,"PASAR PANDAN AIR MATI, TANJUNG HARAPAN, KOTA SOLOK, SUMATERA BARAT",10,14,122,136
https://kawalpemilu.org#13839,"PASAR PANDAN AIR MATI, TANJUNG HARAPAN, KOTA SOLOK, SUMATERA BARAT",11,13,112,125
https://kawalpemilu.org#13839,"PASAR PANDAN AIR MATI, TANJUNG HARAPAN, KOTA SOLOK, SUMATERA BARAT",12,19,148,167
https://kawalpemilu.org#13839,"PASAR PANDAN AIR MATI, TANJUNG HARAPAN, KOTA SOLOK, SUMATERA BARAT",13,28,140,168
https://kawalpemilu.org#13839,"PASAR PANDAN AIR MATI, TANJUNG HARAPAN, KOTA SOLOK, SUMATERA BARAT",14,14,155,169
https://kawalpemilu.org#13839,"PASAR PANDAN AIR MATI, TANJUNG HARAPAN, KOTA SOLOK, SUMATERA BARAT",15,12,177,189
https://kawalpemilu.org#13839,"PASAR PANDAN AIR MATI, TANJUNG HARAPAN, KOTA SOLOK, SUMATERA BARAT",16,18,197,215
https://kawalpemilu.org#13839,"PASAR PANDAN AIR MATI, TANJUNG HARAPAN, KOTA SOLOK, SUMATERA BARAT",17,15,181,196
https://kawalpemilu.org#13839,"PASAR PANDAN AIR MATI, TANJUNG HARAPAN, KOTA SOLOK, SUMATERA BARAT",18,26,185,211
https://kawalpemilu.org#13839,"PASAR PANDAN AIR MATI, TANJUNG HARAPAN, KOTA SOLOK, SUMATERA BARAT",19,33,185,218
https://kawalpemilu.org#13840,"TANJUNG PAKU, TANJUNG HARAPAN, KOTA SOLOK, SUMATERA BARAT",1,14,148,162
https://kawalpemilu.org#13840,"TANJUNG PAKU, TANJUNG HARAPAN, KOTA SOLOK, SUMATERA BARAT",2,9,150,159
https://kawalpemilu.org#13840,"TANJUNG PAKU, TANJUNG HARAPAN, KOTA SOLOK, SUMATERA BARAT",3,19,152,171
https://kawalpemilu.org#13840,"TANJUNG PAKU, TANJUNG HARAPAN, KOTA SOLOK, SUMATERA BARAT",4,19,195,214
https://kawalpemilu.org#13840,"TANJUNG PAKU, TANJUNG HARAPAN, KOTA SOLOK, SUMATERA BARAT",5,19,158,177
https://kawalpemilu.org#13840,"TANJUNG PAKU, TANJUNG HARAPAN, KOTA SOLOK, SUMATERA BARAT",6,12,155,167
https://kawalpemilu.org#13840,"TANJUNG PAKU, TANJUNG HARAPAN, KOTA SOLOK, SUMATERA BARAT",7,15,177,192
https://kawalpemilu.org#13840,"TANJUNG PAKU, TANJUNG HARAPAN, KOTA SOLOK, SUMATERA BARAT",8,21,187,208
https://kawalpemilu.org#13840,"TANJUNG PAKU, TANJUNG HARAPAN, KOTA SOLOK, SUMATERA BARAT",9,22,167,189
https://kawalpemilu.org#13840,"TANJUNG PAKU, TANJUNG HARAPAN, KOTA SOLOK, SUMATERA BARAT",10,42,210,252
https://kawalpemilu.org#13840,"TANJUNG PAKU, TANJUNG HARAPAN, KOTA SOLOK, SUMATERA BARAT",11,33,202,235
https://kawalpemilu.org#13840,"TANJUNG PAKU, TANJUNG HARAPAN, KOTA SOLOK, SUMATERA BARAT",12,35,182,217
https://kawalpemilu.org#13840,"TANJUNG PAKU, TANJUNG HARAPAN, KOTA SOLOK, SUMATERA BARAT",13,20,186,206
https://kawalpemilu.org#13840,"TANJUNG PAKU, TANJUNG HARAPAN, KOTA SOLOK, SUMATERA BARAT",14,27,184,211
https://kawalpemilu.org#13840,"TANJUNG PAKU, TANJUNG HARAPAN, KOTA SOLOK, SUMATERA BARAT",15,16,191,207
https://kawalpemilu.org#13840,"TANJUNG PAKU, TANJUNG HARAPAN, KOTA SOLOK, SUMATERA BARAT",16,19,214,233
https://kawalpemilu.org#13840,"TANJUNG PAKU, TANJUNG HARAPAN, KOTA SOLOK, SUMATERA BARAT",17,29,160,189
https://kawalpemilu.org#13841,"NAN BALIMO, TANJUNG HARAPAN, KOTA SOLOK, SUMATERA BARAT",1,33,177,210
https://kawalpemilu.org#13841,"NAN BALIMO, TANJUNG HARAPAN, KOTA SOLOK, SUMATERA BARAT",2,38,164,202
https://kawalpemilu.org#13841,"NAN BALIMO, TANJUNG HARAPAN, KOTA SOLOK, SUMATERA BARAT",3,29,160,189
https://kawalpemilu.org#13841,"NAN BALIMO, TANJUNG HARAPAN, KOTA SOLOK, SUMATERA BARAT",4,26,163,189
https://kawalpemilu.org#13841,"NAN BALIMO, TANJUNG HARAPAN, KOTA SOLOK, SUMATERA BARAT",5,12,165,177
https://kawalpemilu.org#13841,"NAN BALIMO, TANJUNG HARAPAN, KOTA SOLOK, SUMATERA BARAT",6,21,167,188
https://kawalpemilu.org#13841,"NAN BALIMO, TANJUNG HARAPAN, KOTA SOLOK, SUMATERA BARAT",7,22,151,173
https://kawalpemilu.org#13841,"NAN BALIMO, TANJUNG HARAPAN, KOTA SOLOK, SUMATERA BARAT",8,16,207,223
https://kawalpemilu.org#13841,"NAN BALIMO, TANJUNG HARAPAN, KOTA SOLOK, SUMATERA BARAT",9,37,189,226
https://kawalpemilu.org#13841,"NAN BALIMO, TANJUNG HARAPAN, KOTA SOLOK, SUMATERA BARAT",10,27,135,162
https://kawalpemilu.org#13841,"NAN BALIMO, TANJUNG HARAPAN, KOTA SOLOK, SUMATERA BARAT",11,22,168,190
https://kawalpemilu.org#13841,"NAN BALIMO, TANJUNG HARAPAN, KOTA SOLOK, SUMATERA BARAT",12,26,209,235
https://kawalpemilu.org#13841,"NAN BALIMO, TANJUNG HARAPAN, KOTA SOLOK, SUMATERA BARAT",13,26,193,219
https://kawalpemilu.org#13841,"NAN BALIMO, TANJUNG HARAPAN, KOTA SOLOK, SUMATERA BARAT",14,17,216,233
https://kawalpemilu.org#13841,"NAN BALIMO, TANJUNG HARAPAN, KOTA SOLOK, SUMATERA BARAT",15,23,203,226
https://kawalpemilu.org#13841,"NAN BALIMO, TANJUNG HARAPAN, KOTA SOLOK, SUMATERA BARAT",16,22,167,189
https://kawalpemilu.org#13841,"NAN BALIMO, TANJUNG HARAPAN, KOTA SOLOK, SUMATERA BARAT",17,33,202,235
https://kawalpemilu.org#13841,"NAN BALIMO, TANJUNG HARAPAN, KOTA SOLOK, SUMATERA BARAT",18,28,205,233
https://kawalpemilu.org#13841,"NAN BALIMO, TANJUNG HARAPAN, KOTA SOLOK, SUMATERA BARAT",19,30,175,205
https://kawalpemilu.org#13841,"NAN BALIMO, TANJUNG HARAPAN, KOTA SOLOK, SUMATERA BARAT",20,36,179,215
https://kawalpemilu.org#13841,"NAN BALIMO, TANJUNG HARAPAN, KOTA SOLOK, SUMATERA BARAT",21,10,179,189
https://kawalpemilu.org#13841,"NAN BALIMO, TANJUNG HARAPAN, KOTA SOLOK, SUMATERA BARAT",22,22,166,188
https://kawalpemilu.org#13841,"NAN BALIMO, TANJUNG HARAPAN, KOTA SOLOK, SUMATERA BARAT",23,35,153,188
https://kawalpemilu.org#13841,"NAN BALIMO, TANJUNG HARAPAN, KOTA SOLOK, SUMATERA BARAT",24,30,223,253
https://kawalpemilu.org#13842,"KAMPUNG JAWA, TANJUNG HARAPAN, KOTA SOLOK, SUMATERA BARAT",1,35,154,189
https://kawalpemilu.org#13842,"KAMPUNG JAWA, TANJUNG HARAPAN, KOTA SOLOK, SUMATERA BARAT",2,31,144,175
https://kawalpemilu.org#13842,"KAMPUNG JAWA, TANJUNG HARAPAN, KOTA SOLOK, SUMATERA BARAT",3,12,156,168
https://kawalpemilu.org#13842,"KAMPUNG JAWA, TANJUNG HARAPAN, KOTA SOLOK, SUMATERA BARAT",4,35,224,259
https://kawalpemilu.org#13842,"KAMPUNG JAWA, TANJUNG HARAPAN, KOTA SOLOK, SUMATERA BARAT",5,85,121,206
https://kawalpemilu.org#13842,"KAMPUNG JAWA, TANJUNG HARAPAN, KOTA SOLOK, SUMATERA BARAT",6,35,151,186
https://kawalpemilu.org#13842,"KAMPUNG JAWA, TANJUNG HARAPAN, KOTA SOLOK, SUMATERA BARAT",7,49,196,245
https://kawalpemilu.org#13842,"KAMPUNG JAWA, TANJUNG HARAPAN, KOTA SOLOK, SUMATERA BARAT",8,31,163,194
https://kawalpemilu.org#13842,"KAMPUNG JAWA, TANJUNG HARAPAN, KOTA SOLOK, SUMATERA BARAT",9,24,169,193
https://kawalpemilu.org#13842,"KAMPUNG JAWA, TANJUNG HARAPAN, KOTA SOLOK, SUMATERA BARAT",10,28,193,221
https://kawalpemilu.org#13842,"KAMPUNG JAWA, TANJUNG HARAPAN, KOTA SOLOK, SUMATERA BARAT",11,18,198,216
https://kawalpemilu.org#13842,"KAMPUNG JAWA, TANJUNG HARAPAN, KOTA SOLOK, SUMATERA BARAT",12,44,207,251
https://kawalpemilu.org#13842,"KAMPUNG JAWA, TANJUNG HARAPAN, KOTA SOLOK, SUMATERA BARAT",13,46,207,253
https://kawalpemilu.org#13842,"KAMPUNG JAWA, TANJUNG HARAPAN, KOTA SOLOK, SUMATERA BARAT",14,45,211,256
https://kawalpemilu.org#13842,"KAMPUNG JAWA, TANJUNG HARAPAN, KOTA SOLOK, SUMATERA BARAT",15,28,212,240
https://kawalpemilu.org#13842,"KAMPUNG JAWA, TANJUNG HARAPAN, KOTA SOLOK, SUMATERA BARAT",16,24,205,229
https://kawalpemilu.org#13842,"KAMPUNG JAWA, TANJUNG HARAPAN, KOTA SOLOK, SUMATERA BARAT",17,42,212,254
https://kawalpemilu.org#13842,"KAMPUNG JAWA, TANJUNG HARAPAN, KOTA SOLOK, SUMATERA BARAT",18,40,195,235
https://kawalpemilu.org#13842,"KAMPUNG JAWA, TANJUNG HARAPAN, KOTA SOLOK, SUMATERA BARAT",19,13,78,91
https://kawalpemilu.org#13842,"KAMPUNG JAWA, TANJUNG HARAPAN, KOTA SOLOK, SUMATERA BARAT",20,31,155,186
https://kawalpemilu.org#13842,"KAMPUNG JAWA, TANJUNG HARAPAN, KOTA SOLOK, SUMATERA BARAT",21,24,95,119
https://kawalpemilu.org#13843,"LAING, TANJUNG HARAPAN, KOTA SOLOK, SUMATERA BARAT",1,46,183,229
https://kawalpemilu.org#13843,"LAING, TANJUNG HARAPAN, KOTA SOLOK, SUMATERA BARAT",2,37,202,239
https://kawalpemilu.org#13843,"LAING, TANJUNG HARAPAN, KOTA SOLOK, SUMATERA BARAT",3,14,144,158
https://kawalpemilu.org#13843,"LAING, TANJUNG HARAPAN, KOTA SOLOK, SUMATERA BARAT",4,30,206,236
https://kawalpemilu.org#13843,"LAING, TANJUNG HARAPAN, KOTA SOLOK, SUMATERA BARAT",5,9,124,133
https://kawalpemilu.org#13846,"AUR MULYO, LEMBAH SEGAR, KOTA SAWAHLUNTO, SUMATERA BARAT",1,75,100,175
https://kawalpemilu.org#13846,"AUR MULYO, LEMBAH SEGAR, KOTA SAWAHLUNTO, SUMATERA BARAT",2,34,132,166
https://kawalpemilu.org#13846,"AUR MULYO, LEMBAH SEGAR, KOTA SAWAHLUNTO, SUMATERA BARAT",3,47,158,205
https://kawalpemilu.org#13846,"AUR MULYO, LEMBAH SEGAR, KOTA SAWAHLUNTO, SUMATERA BARAT",4,52,113,165
https://kawalpemilu.org#13847,"KUBANG SIRAKUK UTARA, LEMBAH SEGAR, KOTA SAWAHLUNTO, SUMATERA BARAT",1,28,158,186
https://kawalpemilu.org#13847,"KUBANG SIRAKUK UTARA, LEMBAH SEGAR, KOTA SAWAHLUNTO, SUMATERA BARAT",2,38,161,199
https://kawalpemilu.org#13847,"KUBANG SIRAKUK UTARA, LEMBAH SEGAR, KOTA SAWAHLUNTO, SUMATERA BARAT",3,22,156,178
https://kawalpemilu.org#13848,"KUBANG SIRAKUK SELATAN, LEMBAH SEGAR, KOTA SAWAHLUNTO, SUMATERA BARAT",1,33,159,192
https://kawalpemilu.org#13848,"KUBANG SIRAKUK SELATAN, LEMBAH SEGAR, KOTA SAWAHLUNTO, SUMATERA BARAT",2,34,162,196
https://kawalpemilu.org#13848,"KUBANG SIRAKUK SELATAN, LEMBAH SEGAR, KOTA SAWAHLUNTO, SUMATERA BARAT",3,37,194,231
https://kawalpemilu.org#13849,"PASAR, LEMBAH SEGAR, KOTA SAWAHLUNTO, SUMATERA BARAT",1,26,164,190
https://kawalpemilu.org#13849,"PASAR, LEMBAH SEGAR, KOTA SAWAHLUNTO, SUMATERA BARAT",2,27,161,188
https://kawalpemilu.org#13849,"PASAR, LEMBAH SEGAR, KOTA SAWAHLUNTO, SUMATERA BARAT",3,36,142,178
https://kawalpemilu.org#13849,"PASAR, LEMBAH SEGAR, KOTA SAWAHLUNTO, SUMATERA BARAT",4,33,112,145
https://kawalpemilu.org#13849,"PASAR, LEMBAH SEGAR, KOTA SAWAHLUNTO, SUMATERA BARAT",5,46,142,188
https://kawalpemilu.org#13850,"TANAH LAPANG, LEMBAH SEGAR, KOTA SAWAHLUNTO, SUMATERA BARAT",1,31,184,215
https://kawalpemilu.org#13850,"TANAH LAPANG, LEMBAH SEGAR, KOTA SAWAHLUNTO, SUMATERA BARAT",2,36,167,203
https://kawalpemilu.org#13850,"TANAH LAPANG, LEMBAH SEGAR, KOTA SAWAHLUNTO, SUMATERA BARAT",3,63,160,223
https://kawalpemilu.org#13850,"TANAH LAPANG, LEMBAH SEGAR, KOTA SAWAHLUNTO, SUMATERA BARAT",4,64,146,210
https://kawalpemilu.org#13851,"AIR DINGIN, LEMBAH SEGAR, KOTA SAWAHLUNTO, SUMATERA BARAT",1,47,207,254
https://kawalpemilu.org#13851,"AIR DINGIN, LEMBAH SEGAR, KOTA SAWAHLUNTO, SUMATERA BARAT",2,24,165,189
https://kawalpemilu.org#13851,"AIR DINGIN, LEMBAH SEGAR, KOTA SAWAHLUNTO, SUMATERA BARAT",3,34,173,207
https://kawalpemilu.org#13852,"LUNTO TIMUR, LEMBAH SEGAR, KOTA SAWAHLUNTO, SUMATERA BARAT",1,7,161,168
https://kawalpemilu.org#13852,"LUNTO TIMUR, LEMBAH SEGAR, KOTA SAWAHLUNTO, SUMATERA BARAT",2,16,150,166
https://kawalpemilu.org#13852,"LUNTO TIMUR, LEMBAH SEGAR, KOTA SAWAHLUNTO, SUMATERA BARAT",3,16,146,162
https://kawalpemilu.org#13852,"LUNTO TIMUR, LEMBAH SEGAR, KOTA SAWAHLUNTO, SUMATERA BARAT",4,18,132,150
https://kawalpemilu.org#13852,"LUNTO TIMUR, LEMBAH SEGAR, KOTA SAWAHLUNTO, SUMATERA BARAT",5,23,106,129
https://kawalpemilu.org#13852,"LUNTO TIMUR, LEMBAH SEGAR, KOTA SAWAHLUNTO, SUMATERA BARAT",6,19,71,90
https://kawalpemilu.org#13853,"LUNTO BARAT, LEMBAH SEGAR, KOTA SAWAHLUNTO, SUMATERA BARAT",1,17,173,190
https://kawalpemilu.org#13853,"LUNTO BARAT, LEMBAH SEGAR, KOTA SAWAHLUNTO, SUMATERA BARAT",2,26,183,209
https://kawalpemilu.org#13853,"LUNTO BARAT, LEMBAH SEGAR, KOTA SAWAHLUNTO, SUMATERA BARAT",3,9,111,120
https://kawalpemilu.org#13853,"LUNTO BARAT, LEMBAH SEGAR, KOTA SAWAHLUNTO, SUMATERA BARAT",4,16,145,161
https://kawalpemilu.org#13853,"LUNTO BARAT, LEMBAH SEGAR, KOTA SAWAHLUNTO, SUMATERA BARAT",5,15,127,142
https://kawalpemilu.org#13854,"KUBANG TANGAH, LEMBAH SEGAR, KOTA SAWAHLUNTO, SUMATERA BARAT",1,12,92,104
https://kawalpemilu.org#13854,"KUBANG TANGAH, LEMBAH SEGAR, KOTA SAWAHLUNTO, SUMATERA BARAT",2,30,190,220
https://kawalpemilu.org#13854,"KUBANG TANGAH, LEMBAH SEGAR, KOTA SAWAHLUNTO, SUMATERA BARAT",3,19,127,146
https://kawalpemilu.org#13854,"KUBANG TANGAH, LEMBAH SEGAR, KOTA SAWAHLUNTO, SUMATERA BARAT",4,33,94,127
https://kawalpemilu.org#13854,"KUBANG TANGAH, LEMBAH SEGAR, KOTA SAWAHLUNTO, SUMATERA BARAT",5,35,146,181
https://kawalpemilu.org#13854,"KUBANG TANGAH, LEMBAH SEGAR, KOTA SAWAHLUNTO, SUMATERA BARAT",6,14,115,129
https://kawalpemilu.org#13855,"KUBANG UTARA SIKABU, LEMBAH SEGAR, KOTA SAWAHLUNTO, SUMATERA BARAT",1,39,166,205
https://kawalpemilu.org#13855,"KUBANG UTARA SIKABU, LEMBAH SEGAR, KOTA SAWAHLUNTO, SUMATERA BARAT",2,65,163,228
https://kawalpemilu.org#13855,"KUBANG UTARA SIKABU, LEMBAH SEGAR, KOTA SAWAHLUNTO, SUMATERA BARAT",3,22,148,170
https://kawalpemilu.org#13855,"KUBANG UTARA SIKABU, LEMBAH SEGAR, KOTA SAWAHLUNTO, SUMATERA BARAT",4,24,127,151
https://kawalpemilu.org#13856,"PASAR KUBANG, LEMBAH SEGAR, KOTA SAWAHLUNTO, SUMATERA BARAT",1,23,181,204
https://kawalpemilu.org#13856,"PASAR KUBANG, LEMBAH SEGAR, KOTA SAWAHLUNTO, SUMATERA BARAT",2,17,185,202
https://kawalpemilu.org#13856,"PASAR KUBANG, LEMBAH SEGAR, KOTA SAWAHLUNTO, SUMATERA BARAT",3,67,148,215
https://kawalpemilu.org#13858,"SARINGAN, BARANGIN, KOTA SAWAHLUNTO, SUMATERA BARAT",1,20,142,162
https://kawalpemilu.org#13858,"SARINGAN, BARANGIN, KOTA SAWAHLUNTO, SUMATERA BARAT",2,62,136,198
https://kawalpemilu.org#13858,"SARINGAN, BARANGIN, KOTA SAWAHLUNTO, SUMATERA BARAT",3,32,182,214
https://kawalpemilu.org#13858,"SARINGAN, BARANGIN, KOTA SAWAHLUNTO, SUMATERA BARAT",4,25,119,144
https://kawalpemilu.org#13858,"SARINGAN, BARANGIN, KOTA SAWAHLUNTO, SUMATERA BARAT",5,35,174,209
https://kawalpemilu.org#13858,"SARINGAN, BARANGIN, KOTA SAWAHLUNTO, SUMATERA BARAT",6,26,86,112
https://kawalpemilu.org#13858,"SARINGAN, BARANGIN, KOTA SAWAHLUNTO, SUMATERA BARAT",7,5,44,49
https://kawalpemilu.org#13859,"LUBANG PANJANG, BARANGIN, KOTA SAWAHLUNTO, SUMATERA BARAT",1,29,155,184
https://kawalpemilu.org#13859,"LUBANG PANJANG, BARANGIN, KOTA SAWAHLUNTO, SUMATERA BARAT",2,22,142,164
https://kawalpemilu.org#13859,"LUBANG PANJANG, BARANGIN, KOTA SAWAHLUNTO, SUMATERA BARAT",3,28,198,226
https://kawalpemilu.org#13859,"LUBANG PANJANG, BARANGIN, KOTA SAWAHLUNTO, SUMATERA BARAT",4,37,187,224
https://kawalpemilu.org#13860,"DURIAN I, BARANGIN, KOTA SAWAHLUNTO, SUMATERA BARAT",1,35,200,235
https://kawalpemilu.org#13860,"DURIAN I, BARANGIN, KOTA SAWAHLUNTO, SUMATERA BARAT",2,44,173,217
https://kawalpemilu.org#13860,"DURIAN I, BARANGIN, KOTA SAWAHLUNTO, SUMATERA BARAT",3,54,171,225
https://kawalpemilu.org#13860,"DURIAN I, BARANGIN, KOTA SAWAHLUNTO, SUMATERA BARAT",4,60,133,193
https://kawalpemilu.org#13860,"DURIAN I, BARANGIN, KOTA SAWAHLUNTO, SUMATERA BARAT",5,77,127,204
https://kawalpemilu.org#13860,"DURIAN I, BARANGIN, KOTA SAWAHLUNTO, SUMATERA BARAT",6,51,160,211
https://kawalpemilu.org#13860,"DURIAN I, BARANGIN, KOTA SAWAHLUNTO, SUMATERA BARAT",7,52,159,211
https://kawalpemilu.org#13861,"DURIAN II, BARANGIN, KOTA SAWAHLUNTO, SUMATERA BARAT",1,58,168,226
https://kawalpemilu.org#13861,"DURIAN II, BARANGIN, KOTA SAWAHLUNTO, SUMATERA BARAT",2,53,200,253
https://kawalpemilu.org#13861,"DURIAN II, BARANGIN, KOTA SAWAHLUNTO, SUMATERA BARAT",3,59,152,211
https://kawalpemilu.org#13861,"DURIAN II, BARANGIN, KOTA SAWAHLUNTO, SUMATERA BARAT",4,67,156,223
https://kawalpemilu.org#13861,"DURIAN II, BARANGIN, KOTA SAWAHLUNTO, SUMATERA BARAT",5,54,189,243
https://kawalpemilu.org#13861,"DURIAN II, BARANGIN, KOTA SAWAHLUNTO, SUMATERA BARAT",6,63,182,245
https://kawalpemilu.org#13862,"SANTUR, BARANGIN, KOTA SAWAHLUNTO, SUMATERA BARAT",1,46,179,225
https://kawalpemilu.org#13862,"SANTUR, BARANGIN, KOTA SAWAHLUNTO, SUMATERA BARAT",2,55,173,228
https://kawalpemilu.org#13862,"SANTUR, BARANGIN, KOTA SAWAHLUNTO, SUMATERA BARAT",3,56,191,247
https://kawalpemilu.org#13862,"SANTUR, BARANGIN, KOTA SAWAHLUNTO, SUMATERA BARAT",4,34,163,197
https://kawalpemilu.org#13862,"SANTUR, BARANGIN, KOTA SAWAHLUNTO, SUMATERA BARAT",5,20,204,224
https://kawalpemilu.org#13862,"SANTUR, BARANGIN, KOTA SAWAHLUNTO, SUMATERA BARAT",6,22,138,160
https://kawalpemilu.org#13862,"SANTUR, BARANGIN, KOTA SAWAHLUNTO, SUMATERA BARAT",7,64,120,184
https://kawalpemilu.org#13862,"SANTUR, BARANGIN, KOTA SAWAHLUNTO, SUMATERA BARAT",8,65,99,164
https://kawalpemilu.org#13862,"SANTUR, BARANGIN, KOTA SAWAHLUNTO, SUMATERA BARAT",9,55,113,168
https://kawalpemilu.org#13862,"SANTUR, BARANGIN, KOTA SAWAHLUNTO, SUMATERA BARAT",10,66,155,221
https://kawalpemilu.org#13862,"SANTUR, BARANGIN, KOTA SAWAHLUNTO, SUMATERA BARAT",11,54,165,219
https://kawalpemilu.org#13863,"KOLOK MUDIK, BARANGIN, KOTA SAWAHLUNTO, SUMATERA BARAT",1,35,193,228
https://kawalpemilu.org#13863,"KOLOK MUDIK, BARANGIN, KOTA SAWAHLUNTO, SUMATERA BARAT",2,43,151,194
https://kawalpemilu.org#13863,"KOLOK MUDIK, BARANGIN, KOTA SAWAHLUNTO, SUMATERA BARAT",3,38,180,218
https://kawalpemilu.org#13863,"KOLOK MUDIK, BARANGIN, KOTA SAWAHLUNTO, SUMATERA BARAT",4,38,159,197
https://kawalpemilu.org#13863,"KOLOK MUDIK, BARANGIN, KOTA SAWAHLUNTO, SUMATERA BARAT",5,4,61,65
https://kawalpemilu.org#13864,"KOLOK NAN TUO, BARANGIN, KOTA SAWAHLUNTO, SUMATERA BARAT",1,31,165,196
https://kawalpemilu.org#13864,"KOLOK NAN TUO, BARANGIN, KOTA SAWAHLUNTO, SUMATERA BARAT",2,20,167,187
https://kawalpemilu.org#13864,"KOLOK NAN TUO, BARANGIN, KOTA SAWAHLUNTO, SUMATERA BARAT",3,49,176,225
https://kawalpemilu.org#13864,"KOLOK NAN TUO, BARANGIN, KOTA SAWAHLUNTO, SUMATERA BARAT",4,49,130,179
https://kawalpemilu.org#13865,"TALAGO GUNUNG, BARANGIN, KOTA SAWAHLUNTO, SUMATERA BARAT",1,17,159,176
https://kawalpemilu.org#13865,"TALAGO GUNUNG, BARANGIN, KOTA SAWAHLUNTO, SUMATERA BARAT",2,21,135,156
https://kawalpemilu.org#13865,"TALAGO GUNUNG, BARANGIN, KOTA SAWAHLUNTO, SUMATERA BARAT",3,21,122,143
https://kawalpemilu.org#13865,"TALAGO GUNUNG, BARANGIN, KOTA SAWAHLUNTO, SUMATERA BARAT",4,29,184,213
https://kawalpemilu.org#13865,"TALAGO GUNUNG, BARANGIN, KOTA SAWAHLUNTO, SUMATERA BARAT",5,33,170,203
https://kawalpemilu.org#13865,"TALAGO GUNUNG, BARANGIN, KOTA SAWAHLUNTO, SUMATERA BARAT",6,43,164,207
https://kawalpemilu.org#13866,"LUMINDAI, BARANGIN, KOTA SAWAHLUNTO, SUMATERA BARAT",1,13,163,176
https://kawalpemilu.org#13866,"LUMINDAI, BARANGIN, KOTA SAWAHLUNTO, SUMATERA BARAT",2,31,120,151
https://kawalpemilu.org#13866,"LUMINDAI, BARANGIN, KOTA SAWAHLUNTO, SUMATERA BARAT",3,19,99,118
https://kawalpemilu.org#13866,"LUMINDAI, BARANGIN, KOTA SAWAHLUNTO, SUMATERA BARAT",4,16,106,122
https://kawalpemilu.org#13866,"LUMINDAI, BARANGIN, KOTA SAWAHLUNTO, SUMATERA BARAT",5,16,97,113
https://kawalpemilu.org#13866,"LUMINDAI, BARANGIN, KOTA SAWAHLUNTO, SUMATERA BARAT",6,35,130,165
https://kawalpemilu.org#13866,"LUMINDAI, BARANGIN, KOTA SAWAHLUNTO, SUMATERA BARAT",7,6,122,128
https://kawalpemilu.org#13866,"LUMINDAI, BARANGIN, KOTA SAWAHLUNTO, SUMATERA BARAT",8,40,104,144
https://kawalpemilu.org#13866,"LUMINDAI, BARANGIN, KOTA SAWAHLUNTO, SUMATERA BARAT",9,39,127,166
https://kawalpemilu.org#13866,"LUMINDAI, BARANGIN, KOTA SAWAHLUNTO, SUMATERA BARAT",10,33,150,183
https://kawalpemilu.org#13867,"BALAI BATU SANDARAN, BARANGIN, KOTA SAWAHLUNTO, SUMATERA BARAT",1,29,200,229
https://kawalpemilu.org#13867,"BALAI BATU SANDARAN, BARANGIN, KOTA SAWAHLUNTO, SUMATERA BARAT",2,12,110,122
https://kawalpemilu.org#13867,"BALAI BATU SANDARAN, BARANGIN, KOTA SAWAHLUNTO, SUMATERA BARAT",3,20,67,87
https://kawalpemilu.org#13869,"SILUNGKANG DUO, SILUNGKANG, KOTA SAWAHLUNTO, SUMATERA BARAT",1,24,142,166
https://kawalpemilu.org#13869,"SILUNGKANG DUO, SILUNGKANG, KOTA SAWAHLUNTO, SUMATERA BARAT",2,18,110,128
https://kawalpemilu.org#13869,"SILUNGKANG DUO, SILUNGKANG, KOTA SAWAHLUNTO, SUMATERA BARAT",3,24,107,131
https://kawalpemilu.org#13869,"SILUNGKANG DUO, SILUNGKANG, KOTA SAWAHLUNTO, SUMATERA BARAT",4,21,118,139
https://kawalpemilu.org#13869,"SILUNGKANG DUO, SILUNGKANG, KOTA SAWAHLUNTO, SUMATERA BARAT",5,34,144,178
https://kawalpemilu.org#13870,"SILUNGKANG OSO, SILUNGKANG, KOTA SAWAHLUNTO, SUMATERA BARAT",1,28,143,171
https://kawalpemilu.org#13870,"SILUNGKANG OSO, SILUNGKANG, KOTA SAWAHLUNTO, SUMATERA BARAT",2,33,153,186
https://kawalpemilu.org#13870,"SILUNGKANG OSO, SILUNGKANG, KOTA SAWAHLUNTO, SUMATERA BARAT",3,38,103,141
https://kawalpemilu.org#13870,"SILUNGKANG OSO, SILUNGKANG, KOTA SAWAHLUNTO, SUMATERA BARAT",4,47,108,155
https://kawalpemilu.org#13870,"SILUNGKANG OSO, SILUNGKANG, KOTA SAWAHLUNTO, SUMATERA BARAT",5,28,118,146
https://kawalpemilu.org#13871,"SILUNGKANG TIGO, SILUNGKANG, KOTA SAWAHLUNTO, SUMATERA BARAT",1,32,168,200
https://kawalpemilu.org#13871,"SILUNGKANG TIGO, SILUNGKANG, KOTA SAWAHLUNTO, SUMATERA BARAT",2,26,110,136
https://kawalpemilu.org#13871,"SILUNGKANG TIGO, SILUNGKANG, KOTA SAWAHLUNTO, SUMATERA BARAT",3,27,132,159
https://kawalpemilu.org#13871,"SILUNGKANG TIGO, SILUNGKANG, KOTA SAWAHLUNTO, SUMATERA BARAT",4,41,153,194
https://kawalpemilu.org#13871,"SILUNGKANG TIGO, SILUNGKANG, KOTA SAWAHLUNTO, SUMATERA BARAT",5,28,94,122
https://kawalpemilu.org#13871,"SILUNGKANG TIGO, SILUNGKANG, KOTA SAWAHLUNTO, SUMATERA BARAT",6,44,89,133
https://kawalpemilu.org#13871,"SILUNGKANG TIGO, SILUNGKANG, KOTA SAWAHLUNTO, SUMATERA BARAT",7,23,87,110
https://kawalpemilu.org#13871,"SILUNGKANG TIGO, SILUNGKANG, KOTA SAWAHLUNTO, SUMATERA BARAT",8,38,154,192
https://kawalpemilu.org#13872,"MUARO KALABAN, SILUNGKANG, KOTA SAWAHLUNTO, SUMATERA BARAT",1,41,160,201
https://kawalpemilu.org#13872,"MUARO KALABAN, SILUNGKANG, KOTA SAWAHLUNTO, SUMATERA BARAT",2,31,163,194
https://kawalpemilu.org#13872,"MUARO KALABAN, SILUNGKANG, KOTA SAWAHLUNTO, SUMATERA BARAT",3,36,125,161
https://kawalpemilu.org#13872,"MUARO KALABAN, SILUNGKANG, KOTA SAWAHLUNTO, SUMATERA BARAT",4,23,223,246
https://kawalpemilu.org#13872,"MUARO KALABAN, SILUNGKANG, KOTA SAWAHLUNTO, SUMATERA BARAT",5,14,176,190
https://kawalpemilu.org#13872,"MUARO KALABAN, SILUNGKANG, KOTA SAWAHLUNTO, SUMATERA BARAT",6,12,200,212
https://kawalpemilu.org#13872,"MUARO KALABAN, SILUNGKANG, KOTA SAWAHLUNTO, SUMATERA BARAT",7,29,109,138
https://kawalpemilu.org#13872,"MUARO KALABAN, SILUNGKANG, KOTA SAWAHLUNTO, SUMATERA BARAT",8,43,151,194
https://kawalpemilu.org#13872,"MUARO KALABAN, SILUNGKANG, KOTA SAWAHLUNTO, SUMATERA BARAT",9,39,108,147
https://kawalpemilu.org#13872,"MUARO KALABAN, SILUNGKANG, KOTA SAWAHLUNTO, SUMATERA BARAT",10,35,178,213
https://kawalpemilu.org#13872,"MUARO KALABAN, SILUNGKANG, KOTA SAWAHLUNTO, SUMATERA BARAT",11,28,160,188
https://kawalpemilu.org#13872,"MUARO KALABAN, SILUNGKANG, KOTA SAWAHLUNTO, SUMATERA BARAT",12,44,192,236
https://kawalpemilu.org#13872,"MUARO KALABAN, SILUNGKANG, KOTA SAWAHLUNTO, SUMATERA BARAT",13,49,183,232
https://kawalpemilu.org#13872,"MUARO KALABAN, SILUNGKANG, KOTA SAWAHLUNTO, SUMATERA BARAT",14,39,200,239
https://kawalpemilu.org#13872,"MUARO KALABAN, SILUNGKANG, KOTA SAWAHLUNTO, SUMATERA BARAT",15,17,172,189
https://kawalpemilu.org#13872,"MUARO KALABAN, SILUNGKANG, KOTA SAWAHLUNTO, SUMATERA BARAT",16,23,212,235
https://kawalpemilu.org#13873,"TARATAK BANCAH, SILUNGKANG, KOTA SAWAHLUNTO, SUMATERA BARAT",1,89,120,209
https://kawalpemilu.org#13873,"TARATAK BANCAH, SILUNGKANG, KOTA SAWAHLUNTO, SUMATERA BARAT",2,50,149,199
https://kawalpemilu.org#13875,"TALAWI HILIR, TALAWI, KOTA SAWAHLUNTO, SUMATERA BARAT",1,31,170,201
https://kawalpemilu.org#13875,"TALAWI HILIR, TALAWI, KOTA SAWAHLUNTO, SUMATERA BARAT",2,25,184,209
https://kawalpemilu.org#13875,"TALAWI HILIR, TALAWI, KOTA SAWAHLUNTO, SUMATERA BARAT",3,37,189,226
https://kawalpemilu.org#13875,"TALAWI HILIR, TALAWI, KOTA SAWAHLUNTO, SUMATERA BARAT",4,38,177,215
https://kawalpemilu.org#13875,"TALAWI HILIR, TALAWI, KOTA SAWAHLUNTO, SUMATERA BARAT",5,29,212,241
https://kawalpemilu.org#13875,"TALAWI HILIR, TALAWI, KOTA SAWAHLUNTO, SUMATERA BARAT",6,34,193,227
https://kawalpemilu.org#13875,"TALAWI HILIR, TALAWI, KOTA SAWAHLUNTO, SUMATERA BARAT",7,46,169,215
https://kawalpemilu.org#13875,"TALAWI HILIR, TALAWI, KOTA SAWAHLUNTO, SUMATERA BARAT",8,40,200,240
https://kawalpemilu.org#13875,"TALAWI HILIR, TALAWI, KOTA SAWAHLUNTO, SUMATERA BARAT",9,30,172,202
https://kawalpemilu.org#13875,"TALAWI HILIR, TALAWI, KOTA SAWAHLUNTO, SUMATERA BARAT",10,25,214,239
https://kawalpemilu.org#13875,"TALAWI HILIR, TALAWI, KOTA SAWAHLUNTO, SUMATERA BARAT",11,40,158,198
https://kawalpemilu.org#13876,"TALAWI MUDIK, TALAWI, KOTA SAWAHLUNTO, SUMATERA BARAT",1,54,177,231
https://kawalpemilu.org#13876,"TALAWI MUDIK, TALAWI, KOTA SAWAHLUNTO, SUMATERA BARAT",2,37,198,235
https://kawalpemilu.org#13876,"TALAWI MUDIK, TALAWI, KOTA SAWAHLUNTO, SUMATERA BARAT",3,31,192,223
https://kawalpemilu.org#13876,"TALAWI MUDIK, TALAWI, KOTA SAWAHLUNTO, SUMATERA BARAT",4,48,168,216
https://kawalpemilu.org#13876,"TALAWI MUDIK, TALAWI, KOTA SAWAHLUNTO, SUMATERA BARAT",5,27,194,221
https://kawalpemilu.org#13876,"TALAWI MUDIK, TALAWI, KOTA SAWAHLUNTO, SUMATERA BARAT",6,30,208,238
https://kawalpemilu.org#13876,"TALAWI MUDIK, TALAWI, KOTA SAWAHLUNTO, SUMATERA BARAT",7,32,210,242
https://kawalpemilu.org#13876,"TALAWI MUDIK, TALAWI, KOTA SAWAHLUNTO, SUMATERA BARAT",8,43,189,232
https://kawalpemilu.org#13877,"BUKIT GADANG, TALAWI, KOTA SAWAHLUNTO, SUMATERA BARAT",1,22,236,258
https://kawalpemilu.org#13877,"BUKIT GADANG, TALAWI, KOTA SAWAHLUNTO, SUMATERA BARAT",2,18,218,236
https://kawalpemilu.org#13877,"BUKIT GADANG, TALAWI, KOTA SAWAHLUNTO, SUMATERA BARAT",3,24,210,234
https://kawalpemilu.org#13877,"BUKIT GADANG, TALAWI, KOTA SAWAHLUNTO, SUMATERA BARAT",4,22,204,226
https://kawalpemilu.org#13878,"BATU TANJUNG, TALAWI, KOTA SAWAHLUNTO, SUMATERA BARAT",1,15,197,212
https://kawalpemilu.org#13878,"BATU TANJUNG, TALAWI, KOTA SAWAHLUNTO, SUMATERA BARAT",2,14,202,216
https://kawalpemilu.org#13878,"BATU TANJUNG, TALAWI, KOTA SAWAHLUNTO, SUMATERA BARAT",3,36,170,206
https://kawalpemilu.org#13878,"BATU TANJUNG, TALAWI, KOTA SAWAHLUNTO, SUMATERA BARAT",4,37,124,161
https://kawalpemilu.org#13878,"BATU TANJUNG, TALAWI, KOTA SAWAHLUNTO, SUMATERA BARAT",5,60,180,240
https://kawalpemilu.org#13878,"BATU TANJUNG, TALAWI, KOTA SAWAHLUNTO, SUMATERA BARAT",6,47,205,252
https://kawalpemilu.org#13879,"KUMBAYAU, TALAWI, KOTA SAWAHLUNTO, SUMATERA BARAT",1,26,171,197
https://kawalpemilu.org#13879,"KUMBAYAU, TALAWI, KOTA SAWAHLUNTO, SUMATERA BARAT",2,21,199,220
https://kawalpemilu.org#13879,"KUMBAYAU, TALAWI, KOTA SAWAHLUNTO, SUMATERA BARAT",3,17,190,207
https://kawalpemilu.org#13879,"KUMBAYAU, TALAWI, KOTA SAWAHLUNTO, SUMATERA BARAT",4,17,212,229
https://kawalpemilu.org#13879,"KUMBAYAU, TALAWI, KOTA SAWAHLUNTO, SUMATERA BARAT",5,23,184,207
https://kawalpemilu.org#13880,"TUMPUK TANGAH, TALAWI, KOTA SAWAHLUNTO, SUMATERA BARAT",1,22,228,250
https://kawalpemilu.org#13880,"TUMPUK TANGAH, TALAWI, KOTA SAWAHLUNTO, SUMATERA BARAT",2,11,236,247
https://kawalpemilu.org#13880,"TUMPUK TANGAH, TALAWI, KOTA SAWAHLUNTO, SUMATERA BARAT",3,39,194,233
https://kawalpemilu.org#13880,"TUMPUK TANGAH, TALAWI, KOTA SAWAHLUNTO, SUMATERA BARAT",4,41,204,245
https://kawalpemilu.org#13880,"TUMPUK TANGAH, TALAWI, KOTA SAWAHLUNTO, SUMATERA BARAT",5,34,159,193
https://kawalpemilu.org#13880,"TUMPUK TANGAH, TALAWI, KOTA SAWAHLUNTO, SUMATERA BARAT",6,23,185,208
https://kawalpemilu.org#13881,"DATAR MANSIANG, TALAWI, KOTA SAWAHLUNTO, SUMATERA BARAT",1,31,92,123
https://kawalpemilu.org#13882,"SIJANTANG KOTO, TALAWI, KOTA SAWAHLUNTO, SUMATERA BARAT",1,32,152,184
https://kawalpemilu.org#13882,"SIJANTANG KOTO, TALAWI, KOTA SAWAHLUNTO, SUMATERA BARAT",3,52,151,203
https://kawalpemilu.org#13882,"SIJANTANG KOTO, TALAWI, KOTA SAWAHLUNTO, SUMATERA BARAT",4,50,134,184
https://kawalpemilu.org#13883,"SALAK, TALAWI, KOTA SAWAHLUNTO, SUMATERA BARAT",1,59,131,190
https://kawalpemilu.org#13883,"SALAK, TALAWI, KOTA SAWAHLUNTO, SUMATERA BARAT",2,53,152,205
https://kawalpemilu.org#13883,"SALAK, TALAWI, KOTA SAWAHLUNTO, SUMATERA BARAT",3,59,164,223
https://kawalpemilu.org#13883,"SALAK, TALAWI, KOTA SAWAHLUNTO, SUMATERA BARAT",4,61,166,227
https://kawalpemilu.org#13884,"SIKALANG, TALAWI, KOTA SAWAHLUNTO, SUMATERA BARAT",1,103,120,223
https://kawalpemilu.org#13884,"SIKALANG, TALAWI, KOTA SAWAHLUNTO, SUMATERA BARAT",2,70,167,237
https://kawalpemilu.org#13884,"SIKALANG, TALAWI, KOTA SAWAHLUNTO, SUMATERA BARAT",3,70,164,234
https://kawalpemilu.org#13884,"SIKALANG, TALAWI, KOTA SAWAHLUNTO, SUMATERA BARAT",4,55,128,183
https://kawalpemilu.org#13884,"SIKALANG, TALAWI, KOTA SAWAHLUNTO, SUMATERA BARAT",5,36,130,166
https://kawalpemilu.org#13885,"RANTIH, TALAWI, KOTA SAWAHLUNTO, SUMATERA BARAT",1,15,184,199
https://kawalpemilu.org#13885,"RANTIH, TALAWI, KOTA SAWAHLUNTO, SUMATERA BARAT",2,37,185,222
https://kawalpemilu.org#13888,"GANTING, PADANG PANJANG TIMUR, KOTA PADANG PANJANG, SUMATERA BARAT",1,16,148,164
https://kawalpemilu.org#13888,"GANTING, PADANG PANJANG TIMUR, KOTA PADANG PANJANG, SUMATERA BARAT",2,15,151,166
https://kawalpemilu.org#13888,"GANTING, PADANG PANJANG TIMUR, KOTA PADANG PANJANG, SUMATERA BARAT",3,13,167,180
https://kawalpemilu.org#13888,"GANTING, PADANG PANJANG TIMUR, KOTA PADANG PANJANG, SUMATERA BARAT",4,9,120,129
https://kawalpemilu.org#13888,"GANTING, PADANG PANJANG TIMUR, KOTA PADANG PANJANG, SUMATERA BARAT",5,25,201,226
https://kawalpemilu.org#13888,"GANTING, PADANG PANJANG TIMUR, KOTA PADANG PANJANG, SUMATERA BARAT",6,19,179,198
https://kawalpemilu.org#13888,"GANTING, PADANG PANJANG TIMUR, KOTA PADANG PANJANG, SUMATERA BARAT",7,23,152,175
https://kawalpemilu.org#13888,"GANTING, PADANG PANJANG TIMUR, KOTA PADANG PANJANG, SUMATERA BARAT",8,22,202,224
https://kawalpemilu.org#13888,"GANTING, PADANG PANJANG TIMUR, KOTA PADANG PANJANG, SUMATERA BARAT",9,11,173,184
https://kawalpemilu.org#13889,"SIGANDO, PADANG PANJANG TIMUR, KOTA PADANG PANJANG, SUMATERA BARAT",1,15,196,211
https://kawalpemilu.org#13889,"SIGANDO, PADANG PANJANG TIMUR, KOTA PADANG PANJANG, SUMATERA BARAT",2,31,212,243
https://kawalpemilu.org#13889,"SIGANDO, PADANG PANJANG TIMUR, KOTA PADANG PANJANG, SUMATERA BARAT",3,13,102,115
https://kawalpemilu.org#13889,"SIGANDO, PADANG PANJANG TIMUR, KOTA PADANG PANJANG, SUMATERA BARAT",4,17,198,215
https://kawalpemilu.org#13889,"SIGANDO, PADANG PANJANG TIMUR, KOTA PADANG PANJANG, SUMATERA BARAT",5,16,127,143
https://kawalpemilu.org#13889,"SIGANDO, PADANG PANJANG TIMUR, KOTA PADANG PANJANG, SUMATERA BARAT",6,13,143,156
https://kawalpemilu.org#13890,"EKOR LUBUK, PADANG PANJANG TIMUR, KOTA PADANG PANJANG, SUMATERA BARAT",1,25,156,181
https://kawalpemilu.org#13890,"EKOR LUBUK, PADANG PANJANG TIMUR, KOTA PADANG PANJANG, SUMATERA BARAT",2,21,184,205
https://kawalpemilu.org#13890,"EKOR LUBUK, PADANG PANJANG TIMUR, KOTA PADANG PANJANG, SUMATERA BARAT",3,27,158,185
https://kawalpemilu.org#13890,"EKOR LUBUK, PADANG PANJANG TIMUR, KOTA PADANG PANJANG, SUMATERA BARAT",4,26,195,221
https://kawalpemilu.org#13890,"EKOR LUBUK, PADANG PANJANG TIMUR, KOTA PADANG PANJANG, SUMATERA BARAT",5,14,161,175
https://kawalpemilu.org#13890,"EKOR LUBUK, PADANG PANJANG TIMUR, KOTA PADANG PANJANG, SUMATERA BARAT",6,21,140,161
https://kawalpemilu.org#13890,"EKOR LUBUK, PADANG PANJANG TIMUR, KOTA PADANG PANJANG, SUMATERA BARAT",7,7,153,160
https://kawalpemilu.org#13890,"EKOR LUBUK, PADANG PANJANG TIMUR, KOTA PADANG PANJANG, SUMATERA BARAT",8,6,137,143
https://kawalpemilu.org#13891,"NGALAU, PADANG PANJANG TIMUR, KOTA PADANG PANJANG, SUMATERA BARAT",1,19,179,198
https://kawalpemilu.org#13891,"NGALAU, PADANG PANJANG TIMUR, KOTA PADANG PANJANG, SUMATERA BARAT",2,20,184,204
https://kawalpemilu.org#13891,"NGALAU, PADANG PANJANG TIMUR, KOTA PADANG PANJANG, SUMATERA BARAT",3,19,210,229
https://kawalpemilu.org#13891,"NGALAU, PADANG PANJANG TIMUR, KOTA PADANG PANJANG, SUMATERA BARAT",4,16,169,185
https://kawalpemilu.org#13891,"NGALAU, PADANG PANJANG TIMUR, KOTA PADANG PANJANG, SUMATERA BARAT",5,21,162,183
https://kawalpemilu.org#13891,"NGALAU, PADANG PANJANG TIMUR, KOTA PADANG PANJANG, SUMATERA BARAT",6,20,193,213
https://kawalpemilu.org#13891,"NGALAU, PADANG PANJANG TIMUR, KOTA PADANG PANJANG, SUMATERA BARAT",7,20,160,180
https://kawalpemilu.org#13891,"NGALAU, PADANG PANJANG TIMUR, KOTA PADANG PANJANG, SUMATERA BARAT",8,9,136,145
https://kawalpemilu.org#13891,"NGALAU, PADANG PANJANG TIMUR, KOTA PADANG PANJANG, SUMATERA BARAT",9,20,173,193
https://kawalpemilu.org#13892,"GUGUK MALINTANG, PADANG PANJANG TIMUR, KOTA PADANG PANJANG, SUMATERA BARAT",1,22,140,162
https://kawalpemilu.org#13892,"GUGUK MALINTANG, PADANG PANJANG TIMUR, KOTA PADANG PANJANG, SUMATERA BARAT",2,27,157,184
https://kawalpemilu.org#13892,"GUGUK MALINTANG, PADANG PANJANG TIMUR, KOTA PADANG PANJANG, SUMATERA BARAT",3,34,128,162
https://kawalpemilu.org#13892,"GUGUK MALINTANG, PADANG PANJANG TIMUR, KOTA PADANG PANJANG, SUMATERA BARAT",4,12,146,158
https://kawalpemilu.org#13892,"GUGUK MALINTANG, PADANG PANJANG TIMUR, KOTA PADANG PANJANG, SUMATERA BARAT",5,18,162,180
https://kawalpemilu.org#13892,"GUGUK MALINTANG, PADANG PANJANG TIMUR, KOTA PADANG PANJANG, SUMATERA BARAT",6,8,124,132
https://kawalpemilu.org#13892,"GUGUK MALINTANG, PADANG PANJANG TIMUR, KOTA PADANG PANJANG, SUMATERA BARAT",7,14,112,126
https://kawalpemilu.org#13892,"GUGUK MALINTANG, PADANG PANJANG TIMUR, KOTA PADANG PANJANG, SUMATERA BARAT",8,16,151,167
https://kawalpemilu.org#13892,"GUGUK MALINTANG, PADANG PANJANG TIMUR, KOTA PADANG PANJANG, SUMATERA BARAT",9,12,94,106
https://kawalpemilu.org#13892,"GUGUK MALINTANG, PADANG PANJANG TIMUR, KOTA PADANG PANJANG, SUMATERA BARAT",10,19,109,128
https://kawalpemilu.org#13892,"GUGUK MALINTANG, PADANG PANJANG TIMUR, KOTA PADANG PANJANG, SUMATERA BARAT",11,11,117,128
https://kawalpemilu.org#13892,"GUGUK MALINTANG, PADANG PANJANG TIMUR, KOTA PADANG PANJANG, SUMATERA BARAT",12,19,121,140
https://kawalpemilu.org#13892,"GUGUK MALINTANG, PADANG PANJANG TIMUR, KOTA PADANG PANJANG, SUMATERA BARAT",13,21,163,184
https://kawalpemilu.org#13892,"GUGUK MALINTANG, PADANG PANJANG TIMUR, KOTA PADANG PANJANG, SUMATERA BARAT",14,7,179,186
https://kawalpemilu.org#13892,"GUGUK MALINTANG, PADANG PANJANG TIMUR, KOTA PADANG PANJANG, SUMATERA BARAT",15,10,179,189
https://kawalpemilu.org#13892,"GUGUK MALINTANG, PADANG PANJANG TIMUR, KOTA PADANG PANJANG, SUMATERA BARAT",16,33,126,159
https://kawalpemilu.org#13892,"GUGUK MALINTANG, PADANG PANJANG TIMUR, KOTA PADANG PANJANG, SUMATERA BARAT",17,30,143,173
https://kawalpemilu.org#13892,"GUGUK MALINTANG, PADANG PANJANG TIMUR, KOTA PADANG PANJANG, SUMATERA BARAT",18,58,132,190
https://kawalpemilu.org#13892,"GUGUK MALINTANG, PADANG PANJANG TIMUR, KOTA PADANG PANJANG, SUMATERA BARAT",19,33,157,190
https://kawalpemilu.org#13892,"GUGUK MALINTANG, PADANG PANJANG TIMUR, KOTA PADANG PANJANG, SUMATERA BARAT",20,19,122,141
https://kawalpemilu.org#13892,"GUGUK MALINTANG, PADANG PANJANG TIMUR, KOTA PADANG PANJANG, SUMATERA BARAT",21,5,83,88
https://kawalpemilu.org#13893,"KOTO PANJANG, PADANG PANJANG TIMUR, KOTA PADANG PANJANG, SUMATERA BARAT",1,21,106,127
https://kawalpemilu.org#13893,"KOTO PANJANG, PADANG PANJANG TIMUR, KOTA PADANG PANJANG, SUMATERA BARAT",2,54,94,148
https://kawalpemilu.org#13893,"KOTO PANJANG, PADANG PANJANG TIMUR, KOTA PADANG PANJANG, SUMATERA BARAT",3,27,99,126
https://kawalpemilu.org#13893,"KOTO PANJANG, PADANG PANJANG TIMUR, KOTA PADANG PANJANG, SUMATERA BARAT",4,29,181,210
https://kawalpemilu.org#13893,"KOTO PANJANG, PADANG PANJANG TIMUR, KOTA PADANG PANJANG, SUMATERA BARAT",5,12,131,143
https://kawalpemilu.org#13893,"KOTO PANJANG, PADANG PANJANG TIMUR, KOTA PADANG PANJANG, SUMATERA BARAT",6,55,177,232
https://kawalpemilu.org#13893,"KOTO PANJANG, PADANG PANJANG TIMUR, KOTA PADANG PANJANG, SUMATERA BARAT",7,20,211,231
https://kawalpemilu.org#13893,"KOTO PANJANG, PADANG PANJANG TIMUR, KOTA PADANG PANJANG, SUMATERA BARAT",8,29,157,186
https://kawalpemilu.org#13893,"KOTO PANJANG, PADANG PANJANG TIMUR, KOTA PADANG PANJANG, SUMATERA BARAT",9,14,109,123
https://kawalpemilu.org#13893,"KOTO PANJANG, PADANG PANJANG TIMUR, KOTA PADANG PANJANG, SUMATERA BARAT",10,16,121,137
https://kawalpemilu.org#13893,"KOTO PANJANG, PADANG PANJANG TIMUR, KOTA PADANG PANJANG, SUMATERA BARAT",11,17,119,136
https://kawalpemilu.org#13893,"KOTO PANJANG, PADANG PANJANG TIMUR, KOTA PADANG PANJANG, SUMATERA BARAT",12,19,161,180
https://kawalpemilu.org#13893,"KOTO PANJANG, PADANG PANJANG TIMUR, KOTA PADANG PANJANG, SUMATERA BARAT",13,19,186,205
https://kawalpemilu.org#13893,"KOTO PANJANG, PADANG PANJANG TIMUR, KOTA PADANG PANJANG, SUMATERA BARAT",14,40,202,242
https://kawalpemilu.org#13894,"KOTO KATIK, PADANG PANJANG TIMUR, KOTA PADANG PANJANG, SUMATERA BARAT",1,16,147,163
https://kawalpemilu.org#13894,"KOTO KATIK, PADANG PANJANG TIMUR, KOTA PADANG PANJANG, SUMATERA BARAT",2,15,154,169
https://kawalpemilu.org#13894,"KOTO KATIK, PADANG PANJANG TIMUR, KOTA PADANG PANJANG, SUMATERA BARAT",3,8,148,156
https://kawalpemilu.org#13894,"KOTO KATIK, PADANG PANJANG TIMUR, KOTA PADANG PANJANG, SUMATERA BARAT",4,26,132,158
https://kawalpemilu.org#13895,"TANAH PAK LAMBIK, PADANG PANJANG TIMUR, KOTA PADANG PANJANG, SUMATERA BARAT",1,48,200,248
https://kawalpemilu.org#13895,"TANAH PAK LAMBIK, PADANG PANJANG TIMUR, KOTA PADANG PANJANG, SUMATERA BARAT",2,61,135,196
https://kawalpemilu.org#13895,"TANAH PAK LAMBIK, PADANG PANJANG TIMUR, KOTA PADANG PANJANG, SUMATERA BARAT",3,34,195,229
https://kawalpemilu.org#13895,"TANAH PAK LAMBIK, PADANG PANJANG TIMUR, KOTA PADANG PANJANG, SUMATERA BARAT",4,30,191,221
https://kawalpemilu.org#13895,"TANAH PAK LAMBIK, PADANG PANJANG TIMUR, KOTA PADANG PANJANG, SUMATERA BARAT",5,55,151,206
https://kawalpemilu.org#13897,"BUKIT SURUNGAN, PADANG PANJANG BARAT, KOTA PADANG PANJANG, SUMATERA BARAT",1,17,134,151
https://kawalpemilu.org#13897,"BUKIT SURUNGAN, PADANG PANJANG BARAT, KOTA PADANG PANJANG, SUMATERA BARAT",2,12,125,137
https://kawalpemilu.org#13897,"BUKIT SURUNGAN, PADANG PANJANG BARAT, KOTA PADANG PANJANG, SUMATERA BARAT",3,20,155,175
https://kawalpemilu.org#13897,"BUKIT SURUNGAN, PADANG PANJANG BARAT, KOTA PADANG PANJANG, SUMATERA BARAT",4,24,97,121
https://kawalpemilu.org#13897,"BUKIT SURUNGAN, PADANG PANJANG BARAT, KOTA PADANG PANJANG, SUMATERA BARAT",5,18,175,193
https://kawalpemilu.org#13897,"BUKIT SURUNGAN, PADANG PANJANG BARAT, KOTA PADANG PANJANG, SUMATERA BARAT",6,8,149,157
https://kawalpemilu.org#13897,"BUKIT SURUNGAN, PADANG PANJANG BARAT, KOTA PADANG PANJANG, SUMATERA BARAT",7,17,161,178
https://kawalpemilu.org#13897,"BUKIT SURUNGAN, PADANG PANJANG BARAT, KOTA PADANG PANJANG, SUMATERA BARAT",8,17,159,176
https://kawalpemilu.org#13897,"BUKIT SURUNGAN, PADANG PANJANG BARAT, KOTA PADANG PANJANG, SUMATERA BARAT",9,14,109,123
https://kawalpemilu.org#13898,"PASAR USANG, PADANG PANJANG BARAT, KOTA PADANG PANJANG, SUMATERA BARAT",1,24,193,217
https://kawalpemilu.org#13898,"PASAR USANG, PADANG PANJANG BARAT, KOTA PADANG PANJANG, SUMATERA BARAT",2,21,224,245
https://kawalpemilu.org#13898,"PASAR USANG, PADANG PANJANG BARAT, KOTA PADANG PANJANG, SUMATERA BARAT",3,24,188,212
https://kawalpemilu.org#13898,"PASAR USANG, PADANG PANJANG BARAT, KOTA PADANG PANJANG, SUMATERA BARAT",4,34,187,221
https://kawalpemilu.org#13898,"PASAR USANG, PADANG PANJANG BARAT, KOTA PADANG PANJANG, SUMATERA BARAT",5,62,123,185
https://kawalpemilu.org#13898,"PASAR USANG, PADANG PANJANG BARAT, KOTA PADANG PANJANG, SUMATERA BARAT",6,43,193,236
https://kawalpemilu.org#13898,"PASAR USANG, PADANG PANJANG BARAT, KOTA PADANG PANJANG, SUMATERA BARAT",7,35,181,216
https://kawalpemilu.org#13898,"PASAR USANG, PADANG PANJANG BARAT, KOTA PADANG PANJANG, SUMATERA BARAT",8,14,233,247
https://kawalpemilu.org#13898,"PASAR USANG, PADANG PANJANG BARAT, KOTA PADANG PANJANG, SUMATERA BARAT",9,28,222,250
https://kawalpemilu.org#13898,"PASAR USANG, PADANG PANJANG BARAT, KOTA PADANG PANJANG, SUMATERA BARAT",10,8,220,228
https://kawalpemilu.org#13899,"KAMPUNG MANGGIS, PADANG PANJANG BARAT, KOTA PADANG PANJANG, SUMATERA BARAT",1,40,108,148
https://kawalpemilu.org#13899,"KAMPUNG MANGGIS, PADANG PANJANG BARAT, KOTA PADANG PANJANG, SUMATERA BARAT",2,23,189,212
https://kawalpemilu.org#13899,"KAMPUNG MANGGIS, PADANG PANJANG BARAT, KOTA PADANG PANJANG, SUMATERA BARAT",3,18,152,170
https://kawalpemilu.org#13899,"KAMPUNG MANGGIS, PADANG PANJANG BARAT, KOTA PADANG PANJANG, SUMATERA BARAT",4,25,140,165
https://kawalpemilu.org#13899,"KAMPUNG MANGGIS, PADANG PANJANG BARAT, KOTA PADANG PANJANG, SUMATERA BARAT",5,33,210,243
https://kawalpemilu.org#13899,"KAMPUNG MANGGIS, PADANG PANJANG BARAT, KOTA PADANG PANJANG, SUMATERA BARAT",6,21,133,154
https://kawalpemilu.org#13899,"KAMPUNG MANGGIS, PADANG PANJANG BARAT, KOTA PADANG PANJANG, SUMATERA BARAT",7,23,184,207
https://kawalpemilu.org#13899,"KAMPUNG MANGGIS, PADANG PANJANG BARAT, KOTA PADANG PANJANG, SUMATERA BARAT",8,12,147,159
https://kawalpemilu.org#13899,"KAMPUNG MANGGIS, PADANG PANJANG BARAT, KOTA PADANG PANJANG, SUMATERA BARAT",9,34,157,191
https://kawalpemilu.org#13899,"KAMPUNG MANGGIS, PADANG PANJANG BARAT, KOTA PADANG PANJANG, SUMATERA BARAT",10,19,203,222
https://kawalpemilu.org#13899,"KAMPUNG MANGGIS, PADANG PANJANG BARAT, KOTA PADANG PANJANG, SUMATERA BARAT",11,23,218,241
https://kawalpemilu.org#13899,"KAMPUNG MANGGIS, PADANG PANJANG BARAT, KOTA PADANG PANJANG, SUMATERA BARAT",12,26,192,218
https://kawalpemilu.org#13899,"KAMPUNG MANGGIS, PADANG PANJANG BARAT, KOTA PADANG PANJANG, SUMATERA BARAT",13,19,182,201
https://kawalpemilu.org#13899,"KAMPUNG MANGGIS, PADANG PANJANG BARAT, KOTA PADANG PANJANG, SUMATERA BARAT",14,31,188,219
https://kawalpemilu.org#13899,"KAMPUNG MANGGIS, PADANG PANJANG BARAT, KOTA PADANG PANJANG, SUMATERA BARAT",15,19,165,184
https://kawalpemilu.org#13899,"KAMPUNG MANGGIS, PADANG PANJANG BARAT, KOTA PADANG PANJANG, SUMATERA BARAT",16,17,201,218
https://kawalpemilu.org#13899,"KAMPUNG MANGGIS, PADANG PANJANG BARAT, KOTA PADANG PANJANG, SUMATERA BARAT",17,7,122,129
https://kawalpemilu.org#13899,"KAMPUNG MANGGIS, PADANG PANJANG BARAT, KOTA PADANG PANJANG, SUMATERA BARAT",18,12,167,179
https://kawalpemilu.org#13899,"KAMPUNG MANGGIS, PADANG PANJANG BARAT, KOTA PADANG PANJANG, SUMATERA BARAT",19,28,119,147
https://kawalpemilu.org#13899,"KAMPUNG MANGGIS, PADANG PANJANG BARAT, KOTA PADANG PANJANG, SUMATERA BARAT",20,21,120,141
https://kawalpemilu.org#13899,"KAMPUNG MANGGIS, PADANG PANJANG BARAT, KOTA PADANG PANJANG, SUMATERA BARAT",21,23,138,161
https://kawalpemilu.org#13900,"SILAING BAWAH, PADANG PANJANG BARAT, KOTA PADANG PANJANG, SUMATERA BARAT",1,21,204,225
https://kawalpemilu.org#13900,"SILAING BAWAH, PADANG PANJANG BARAT, KOTA PADANG PANJANG, SUMATERA BARAT",2,15,99,114
https://kawalpemilu.org#13900,"SILAING BAWAH, PADANG PANJANG BARAT, KOTA PADANG PANJANG, SUMATERA BARAT",3,3,148,151
https://kawalpemilu.org#13900,"SILAING BAWAH, PADANG PANJANG BARAT, KOTA PADANG PANJANG, SUMATERA BARAT",4,25,200,225
https://kawalpemilu.org#13900,"SILAING BAWAH, PADANG PANJANG BARAT, KOTA PADANG PANJANG, SUMATERA BARAT",5,11,164,175
https://kawalpemilu.org#13900,"SILAING BAWAH, PADANG PANJANG BARAT, KOTA PADANG PANJANG, SUMATERA BARAT",6,21,181,202
https://kawalpemilu.org#13900,"SILAING BAWAH, PADANG PANJANG BARAT, KOTA PADANG PANJANG, SUMATERA BARAT",7,33,190,223
https://kawalpemilu.org#13900,"SILAING BAWAH, PADANG PANJANG BARAT, KOTA PADANG PANJANG, SUMATERA BARAT",8,52,139,191
https://kawalpemilu.org#13900,"SILAING BAWAH, PADANG PANJANG BARAT, KOTA PADANG PANJANG, SUMATERA BARAT",9,33,206,239
https://kawalpemilu.org#13900,"SILAING BAWAH, PADANG PANJANG BARAT, KOTA PADANG PANJANG, SUMATERA BARAT",10,45,183,228
https://kawalpemilu.org#13900,"SILAING BAWAH, PADANG PANJANG BARAT, KOTA PADANG PANJANG, SUMATERA BARAT",11,18,136,154
https://kawalpemilu.org#13900,"SILAING BAWAH, PADANG PANJANG BARAT, KOTA PADANG PANJANG, SUMATERA BARAT",12,42,181,223
https://kawalpemilu.org#13900,"SILAING BAWAH, PADANG PANJANG BARAT, KOTA PADANG PANJANG, SUMATERA BARAT",13,13,223,236
https://kawalpemilu.org#13900,"SILAING BAWAH, PADANG PANJANG BARAT, KOTA PADANG PANJANG, SUMATERA BARAT",14,14,113,127
https://kawalpemilu.org#13900,"SILAING BAWAH, PADANG PANJANG BARAT, KOTA PADANG PANJANG, SUMATERA BARAT",15,4,158,162
https://kawalpemilu.org#13900,"SILAING BAWAH, PADANG PANJANG BARAT, KOTA PADANG PANJANG, SUMATERA BARAT",16,34,212,246
https://kawalpemilu.org#13900,"SILAING BAWAH, PADANG PANJANG BARAT, KOTA PADANG PANJANG, SUMATERA BARAT",17,23,109,132
https://kawalpemilu.org#13901,"SILAING ATAS, PADANG PANJANG BARAT, KOTA PADANG PANJANG, SUMATERA BARAT",1,12,95,107
https://kawalpemilu.org#13901,"SILAING ATAS, PADANG PANJANG BARAT, KOTA PADANG PANJANG, SUMATERA BARAT",2,21,189,210
https://kawalpemilu.org#13901,"SILAING ATAS, PADANG PANJANG BARAT, KOTA PADANG PANJANG, SUMATERA BARAT",3,39,145,184
https://kawalpemilu.org#13901,"SILAING ATAS, PADANG PANJANG BARAT, KOTA PADANG PANJANG, SUMATERA BARAT",4,19,180,199
https://kawalpemilu.org#13901,"SILAING ATAS, PADANG PANJANG BARAT, KOTA PADANG PANJANG, SUMATERA BARAT",5,47,199,246
https://kawalpemilu.org#13901,"SILAING ATAS, PADANG PANJANG BARAT, KOTA PADANG PANJANG, SUMATERA BARAT",6,20,179,199
https://kawalpemilu.org#13901,"SILAING ATAS, PADANG PANJANG BARAT, KOTA PADANG PANJANG, SUMATERA BARAT",7,38,158,196
https://kawalpemilu.org#13902,"PASAR BARU, PADANG PANJANG BARAT, KOTA PADANG PANJANG, SUMATERA BARAT",1,11,178,189
https://kawalpemilu.org#13902,"PASAR BARU, PADANG PANJANG BARAT, KOTA PADANG PANJANG, SUMATERA BARAT",2,7,112,119
https://kawalpemilu.org#13902,"PASAR BARU, PADANG PANJANG BARAT, KOTA PADANG PANJANG, SUMATERA BARAT",3,22,122,144
https://kawalpemilu.org#13902,"PASAR BARU, PADANG PANJANG BARAT, KOTA PADANG PANJANG, SUMATERA BARAT",4,13,160,173
https://kawalpemilu.org#13902,"PASAR BARU, PADANG PANJANG BARAT, KOTA PADANG PANJANG, SUMATERA BARAT",5,32,118,150
https://kawalpemilu.org#13902,"PASAR BARU, PADANG PANJANG BARAT, KOTA PADANG PANJANG, SUMATERA BARAT",6,22,86,108
https://kawalpemilu.org#13903,"TANAH HITAM, PADANG PANJANG BARAT, KOTA PADANG PANJANG, SUMATERA BARAT",1,16,157,173
https://kawalpemilu.org#13903,"TANAH HITAM, PADANG PANJANG BARAT, KOTA PADANG PANJANG, SUMATERA BARAT",2,9,129,138
https://kawalpemilu.org#13903,"TANAH HITAM, PADANG PANJANG BARAT, KOTA PADANG PANJANG, SUMATERA BARAT",3,19,126,145
https://kawalpemilu.org#13903,"TANAH HITAM, PADANG PANJANG BARAT, KOTA PADANG PANJANG, SUMATERA BARAT",4,5,91,96
https://kawalpemilu.org#13903,"TANAH HITAM, PADANG PANJANG BARAT, KOTA PADANG PANJANG, SUMATERA BARAT",5,38,178,216
https://kawalpemilu.org#13903,"TANAH HITAM, PADANG PANJANG BARAT, KOTA PADANG PANJANG, SUMATERA BARAT",6,25,143,168
https://kawalpemilu.org#13903,"TANAH HITAM, PADANG PANJANG BARAT, KOTA PADANG PANJANG, SUMATERA BARAT",7,23,199,222
https://kawalpemilu.org#13903,"TANAH HITAM, PADANG PANJANG BARAT, KOTA PADANG PANJANG, SUMATERA BARAT",8,32,194,226
https://kawalpemilu.org#13903,"TANAH HITAM, PADANG PANJANG BARAT, KOTA PADANG PANJANG, SUMATERA BARAT",9,16,113,129
https://kawalpemilu.org#13903,"TANAH HITAM, PADANG PANJANG BARAT, KOTA PADANG PANJANG, SUMATERA BARAT",10,19,109,128
https://kawalpemilu.org#13903,"TANAH HITAM, PADANG PANJANG BARAT, KOTA PADANG PANJANG, SUMATERA BARAT",11,9,132,141
https://kawalpemilu.org#13903,"TANAH HITAM, PADANG PANJANG BARAT, KOTA PADANG PANJANG, SUMATERA BARAT",12,21,96,117
https://kawalpemilu.org#13903,"TANAH HITAM, PADANG PANJANG BARAT, KOTA PADANG PANJANG, SUMATERA BARAT",13,18,141,159
https://kawalpemilu.org#13904,"BALAI-BALAI, PADANG PANJANG BARAT, KOTA PADANG PANJANG, SUMATERA BARAT",1,44,172,216
https://kawalpemilu.org#13904,"BALAI-BALAI, PADANG PANJANG BARAT, KOTA PADANG PANJANG, SUMATERA BARAT",2,20,159,179
https://kawalpemilu.org#13904,"BALAI-BALAI, PADANG PANJANG BARAT, KOTA PADANG PANJANG, SUMATERA BARAT",3,25,100,125
https://kawalpemilu.org#13904,"BALAI-BALAI, PADANG PANJANG BARAT, KOTA PADANG PANJANG, SUMATERA BARAT",4,13,128,141
https://kawalpemilu.org#13904,"BALAI-BALAI, PADANG PANJANG BARAT, KOTA PADANG PANJANG, SUMATERA BARAT",5,21,103,124
https://kawalpemilu.org#13904,"BALAI-BALAI, PADANG PANJANG BARAT, KOTA PADANG PANJANG, SUMATERA BARAT",6,20,178,198
https://kawalpemilu.org#13904,"BALAI-BALAI, PADANG PANJANG BARAT, KOTA PADANG PANJANG, SUMATERA BARAT",7,13,203,216
https://kawalpemilu.org#13904,"BALAI-BALAI, PADANG PANJANG BARAT, KOTA PADANG PANJANG, SUMATERA BARAT",8,24,166,190
https://kawalpemilu.org#13904,"BALAI-BALAI, PADANG PANJANG BARAT, KOTA PADANG PANJANG, SUMATERA BARAT",9,31,191,225
https://kawalpemilu.org#13904,"BALAI-BALAI, PADANG PANJANG BARAT, KOTA PADANG PANJANG, SUMATERA BARAT",10,35,178,213
https://kawalpemilu.org#13904,"BALAI-BALAI, PADANG PANJANG BARAT, KOTA PADANG PANJANG, SUMATERA BARAT",11,32,185,217
https://kawalpemilu.org#13904,"BALAI-BALAI, PADANG PANJANG BARAT, KOTA PADANG PANJANG, SUMATERA BARAT",12,42,193,235
https://kawalpemilu.org#13904,"BALAI-BALAI, PADANG PANJANG BARAT, KOTA PADANG PANJANG, SUMATERA BARAT",13,45,197,242
https://kawalpemilu.org#13904,"BALAI-BALAI, PADANG PANJANG BARAT, KOTA PADANG PANJANG, SUMATERA BARAT",14,17,136,153
https://kawalpemilu.org#13904,"BALAI-BALAI, PADANG PANJANG BARAT, KOTA PADANG PANJANG, SUMATERA BARAT",15,22,104,126
https://kawalpemilu.org#13904,"BALAI-BALAI, PADANG PANJANG BARAT, KOTA PADANG PANJANG, SUMATERA BARAT",16,25,97,122
https://kawalpemilu.org#13904,"BALAI-BALAI, PADANG PANJANG BARAT, KOTA PADANG PANJANG, SUMATERA BARAT",17,9,130,139
https://kawalpemilu.org#13904,"BALAI-BALAI, PADANG PANJANG BARAT, KOTA PADANG PANJANG, SUMATERA BARAT",18,19,114,133
https://kawalpemilu.org#13907,"TAROK DIPO, GUGUAK PANJANG, KOTA BUKITTINGGI, SUMATERA BARAT",1,64,146,210
https://kawalpemilu.org#13907,"TAROK DIPO, GUGUAK PANJANG, KOTA BUKITTINGGI, SUMATERA BARAT",2,38,166,204
https://kawalpemilu.org#13907,"TAROK DIPO, GUGUAK PANJANG, KOTA BUKITTINGGI, SUMATERA BARAT",3,38,149,187
https://kawalpemilu.org#13907,"TAROK DIPO, GUGUAK PANJANG, KOTA BUKITTINGGI, SUMATERA BARAT",4,27,179,206
https://kawalpemilu.org#13907,"TAROK DIPO, GUGUAK PANJANG, KOTA BUKITTINGGI, SUMATERA BARAT",5,99,119,218
https://kawalpemilu.org#13907,"TAROK DIPO, GUGUAK PANJANG, KOTA BUKITTINGGI, SUMATERA BARAT",6,58,171,229
https://kawalpemilu.org#13907,"TAROK DIPO, GUGUAK PANJANG, KOTA BUKITTINGGI, SUMATERA BARAT",7,53,122,175
https://kawalpemilu.org#13907,"TAROK DIPO, GUGUAK PANJANG, KOTA BUKITTINGGI, SUMATERA BARAT",8,58,143,201
https://kawalpemilu.org#13907,"TAROK DIPO, GUGUAK PANJANG, KOTA BUKITTINGGI, SUMATERA BARAT",9,21,144,165
https://kawalpemilu.org#13907,"TAROK DIPO, GUGUAK PANJANG, KOTA BUKITTINGGI, SUMATERA BARAT",10,26,174,200
https://kawalpemilu.org#13907,"TAROK DIPO, GUGUAK PANJANG, KOTA BUKITTINGGI, SUMATERA BARAT",11,16,182,198
https://kawalpemilu.org#13907,"TAROK DIPO, GUGUAK PANJANG, KOTA BUKITTINGGI, SUMATERA BARAT",12,28,194,222
https://kawalpemilu.org#13907,"TAROK DIPO, GUGUAK PANJANG, KOTA BUKITTINGGI, SUMATERA BARAT",13,24,192,216
https://kawalpemilu.org#13907,"TAROK DIPO, GUGUAK PANJANG, KOTA BUKITTINGGI, SUMATERA BARAT",14,26,185,211
https://kawalpemilu.org#13907,"TAROK DIPO, GUGUAK PANJANG, KOTA BUKITTINGGI, SUMATERA BARAT",15,17,159,176
https://kawalpemilu.org#13907,"TAROK DIPO, GUGUAK PANJANG, KOTA BUKITTINGGI, SUMATERA BARAT",16,18,182,200
https://kawalpemilu.org#13907,"TAROK DIPO, GUGUAK PANJANG, KOTA BUKITTINGGI, SUMATERA BARAT",17,12,180,192
https://kawalpemilu.org#13907,"TAROK DIPO, GUGUAK PANJANG, KOTA BUKITTINGGI, SUMATERA BARAT",18,12,189,201
https://kawalpemilu.org#13907,"TAROK DIPO, GUGUAK PANJANG, KOTA BUKITTINGGI, SUMATERA BARAT",19,15,157,172
https://kawalpemilu.org#13907,"TAROK DIPO, GUGUAK PANJANG, KOTA BUKITTINGGI, SUMATERA BARAT",20,22,156,178
https://kawalpemilu.org#13907,"TAROK DIPO, GUGUAK PANJANG, KOTA BUKITTINGGI, SUMATERA BARAT",21,9,124,133
https://kawalpemilu.org#13907,"TAROK DIPO, GUGUAK PANJANG, KOTA BUKITTINGGI, SUMATERA BARAT",22,12,164,176
https://kawalpemilu.org#13907,"TAROK DIPO, GUGUAK PANJANG, KOTA BUKITTINGGI, SUMATERA BARAT",23,13,138,151
https://kawalpemilu.org#13907,"TAROK DIPO, GUGUAK PANJANG, KOTA BUKITTINGGI, SUMATERA BARAT",24,14,156,170
https://kawalpemilu.org#13907,"TAROK DIPO, GUGUAK PANJANG, KOTA BUKITTINGGI, SUMATERA BARAT",25,29,125,154
https://kawalpemilu.org#13907,"TAROK DIPO, GUGUAK PANJANG, KOTA BUKITTINGGI, SUMATERA BARAT",26,16,146,162
https://kawalpemilu.org#13907,"TAROK DIPO, GUGUAK PANJANG, KOTA BUKITTINGGI, SUMATERA BARAT",27,21,159,180
https://kawalpemilu.org#13907,"TAROK DIPO, GUGUAK PANJANG, KOTA BUKITTINGGI, SUMATERA BARAT",28,13,136,149
https://kawalpemilu.org#13907,"TAROK DIPO, GUGUAK PANJANG, KOTA BUKITTINGGI, SUMATERA BARAT",29,21,144,165
https://kawalpemilu.org#13907,"TAROK DIPO, GUGUAK PANJANG, KOTA BUKITTINGGI, SUMATERA BARAT",30,27,119,146
https://kawalpemilu.org#13907,"TAROK DIPO, GUGUAK PANJANG, KOTA BUKITTINGGI, SUMATERA BARAT",31,35,158,193
https://kawalpemilu.org#13907,"TAROK DIPO, GUGUAK PANJANG, KOTA BUKITTINGGI, SUMATERA BARAT",32,29,149,178
https://kawalpemilu.org#13907,"TAROK DIPO, GUGUAK PANJANG, KOTA BUKITTINGGI, SUMATERA BARAT",33,30,165,195
https://kawalpemilu.org#13907,"TAROK DIPO, GUGUAK PANJANG, KOTA BUKITTINGGI, SUMATERA BARAT",34,44,116,160
https://kawalpemilu.org#13907,"TAROK DIPO, GUGUAK PANJANG, KOTA BUKITTINGGI, SUMATERA BARAT",35,38,128,166
https://kawalpemilu.org#13907,"TAROK DIPO, GUGUAK PANJANG, KOTA BUKITTINGGI, SUMATERA BARAT",36,39,123,162
https://kawalpemilu.org#13907,"TAROK DIPO, GUGUAK PANJANG, KOTA BUKITTINGGI, SUMATERA BARAT",37,63,118,181
https://kawalpemilu.org#13907,"TAROK DIPO, GUGUAK PANJANG, KOTA BUKITTINGGI, SUMATERA BARAT",38,14,187,201
https://kawalpemilu.org#13907,"TAROK DIPO, GUGUAK PANJANG, KOTA BUKITTINGGI, SUMATERA BARAT",39,22,159,181
https://kawalpemilu.org#13907,"TAROK DIPO, GUGUAK PANJANG, KOTA BUKITTINGGI, SUMATERA BARAT",40,21,169,190
https://kawalpemilu.org#13907,"TAROK DIPO, GUGUAK PANJANG, KOTA BUKITTINGGI, SUMATERA BARAT",41,21,182,203
https://kawalpemilu.org#13907,"TAROK DIPO, GUGUAK PANJANG, KOTA BUKITTINGGI, SUMATERA BARAT",42,13,167,180
https://kawalpemilu.org#13907,"TAROK DIPO, GUGUAK PANJANG, KOTA BUKITTINGGI, SUMATERA BARAT",43,22,190,212
https://kawalpemilu.org#13908,"BUKIK CANGANG KAYU RAMANG, GUGUAK PANJANG, KOTA BUKITTINGGI, SUMATERA BARAT",1,22,166,188
https://kawalpemilu.org#13908,"BUKIK CANGANG KAYU RAMANG, GUGUAK PANJANG, KOTA BUKITTINGGI, SUMATERA BARAT",2,17,168,185
https://kawalpemilu.org#13908,"BUKIK CANGANG KAYU RAMANG, GUGUAK PANJANG, KOTA BUKITTINGGI, SUMATERA BARAT",3,15,163,178
https://kawalpemilu.org#13908,"BUKIK CANGANG KAYU RAMANG, GUGUAK PANJANG, KOTA BUKITTINGGI, SUMATERA BARAT",4,12,148,160
https://kawalpemilu.org#13908,"BUKIK CANGANG KAYU RAMANG, GUGUAK PANJANG, KOTA BUKITTINGGI, SUMATERA BARAT",5,42,130,172
https://kawalpemilu.org#13908,"BUKIK CANGANG KAYU RAMANG, GUGUAK PANJANG, KOTA BUKITTINGGI, SUMATERA BARAT",6,10,187,197
https://kawalpemilu.org#13908,"BUKIK CANGANG KAYU RAMANG, GUGUAK PANJANG, KOTA BUKITTINGGI, SUMATERA BARAT",7,22,138,160
https://kawalpemilu.org#13909,"PAKAN KURAI, GUGUAK PANJANG, KOTA BUKITTINGGI, SUMATERA BARAT",1,16,196,212
https://kawalpemilu.org#13909,"PAKAN KURAI, GUGUAK PANJANG, KOTA BUKITTINGGI, SUMATERA BARAT",2,26,180,206
https://kawalpemilu.org#13909,"PAKAN KURAI, GUGUAK PANJANG, KOTA BUKITTINGGI, SUMATERA BARAT",3,25,157,182
https://kawalpemilu.org#13909,"PAKAN KURAI, GUGUAK PANJANG, KOTA BUKITTINGGI, SUMATERA BARAT",5,29,161,190
https://kawalpemilu.org#13909,"PAKAN KURAI, GUGUAK PANJANG, KOTA BUKITTINGGI, SUMATERA BARAT",6,16,194,210
https://kawalpemilu.org#13909,"PAKAN KURAI, GUGUAK PANJANG, KOTA BUKITTINGGI, SUMATERA BARAT",7,35,153,188
https://kawalpemilu.org#13909,"PAKAN KURAI, GUGUAK PANJANG, KOTA BUKITTINGGI, SUMATERA BARAT",8,17,110,127
https://kawalpemilu.org#13909,"PAKAN KURAI, GUGUAK PANJANG, KOTA BUKITTINGGI, SUMATERA BARAT",9,14,160,174
https://kawalpemilu.org#13909,"PAKAN KURAI, GUGUAK PANJANG, KOTA BUKITTINGGI, SUMATERA BARAT",10,18,99,117
https://kawalpemilu.org#13909,"PAKAN KURAI, GUGUAK PANJANG, KOTA BUKITTINGGI, SUMATERA BARAT",11,23,200,223
https://kawalpemilu.org#13909,"PAKAN KURAI, GUGUAK PANJANG, KOTA BUKITTINGGI, SUMATERA BARAT",12,23,210,233
https://kawalpemilu.org#13909,"PAKAN KURAI, GUGUAK PANJANG, KOTA BUKITTINGGI, SUMATERA BARAT",13,16,188,204
https://kawalpemilu.org#13909,"PAKAN KURAI, GUGUAK PANJANG, KOTA BUKITTINGGI, SUMATERA BARAT",14,7,204,211
https://kawalpemilu.org#13909,"PAKAN KURAI, GUGUAK PANJANG, KOTA BUKITTINGGI, SUMATERA BARAT",15,17,199,216
https://kawalpemilu.org#13909,"PAKAN KURAI, GUGUAK PANJANG, KOTA BUKITTINGGI, SUMATERA BARAT",16,15,163,178
https://kawalpemilu.org#13909,"PAKAN KURAI, GUGUAK PANJANG, KOTA BUKITTINGGI, SUMATERA BARAT",17,23,118,141
https://kawalpemilu.org#13909,"PAKAN KURAI, GUGUAK PANJANG, KOTA BUKITTINGGI, SUMATERA BARAT",18,23,146,169
https://kawalpemilu.org#13910,"AUR TAJUNGKANG TANGAH SAWAH, GUGUAK PANJANG, KOTA BUKITTINGGI, SUMATERA BARAT",1,20,192,212
https://kawalpemilu.org#13910,"AUR TAJUNGKANG TANGAH SAWAH, GUGUAK PANJANG, KOTA BUKITTINGGI, SUMATERA BARAT",2,25,161,186
https://kawalpemilu.org#13910,"AUR TAJUNGKANG TANGAH SAWAH, GUGUAK PANJANG, KOTA BUKITTINGGI, SUMATERA BARAT",3,9,197,206
https://kawalpemilu.org#13910,"AUR TAJUNGKANG TANGAH SAWAH, GUGUAK PANJANG, KOTA BUKITTINGGI, SUMATERA BARAT",4,13,168,181
https://kawalpemilu.org#13910,"AUR TAJUNGKANG TANGAH SAWAH, GUGUAK PANJANG, KOTA BUKITTINGGI, SUMATERA BARAT",5,16,188,204
https://kawalpemilu.org#13910,"AUR TAJUNGKANG TANGAH SAWAH, GUGUAK PANJANG, KOTA BUKITTINGGI, SUMATERA BARAT",6,17,161,178
https://kawalpemilu.org#13910,"AUR TAJUNGKANG TANGAH SAWAH, GUGUAK PANJANG, KOTA BUKITTINGGI, SUMATERA BARAT",7,9,180,189
https://kawalpemilu.org#13910,"AUR TAJUNGKANG TANGAH SAWAH, GUGUAK PANJANG, KOTA BUKITTINGGI, SUMATERA BARAT",8,26,171,197
https://kawalpemilu.org#13910,"AUR TAJUNGKANG TANGAH SAWAH, GUGUAK PANJANG, KOTA BUKITTINGGI, SUMATERA BARAT",9,29,188,217
https://kawalpemilu.org#13910,"AUR TAJUNGKANG TANGAH SAWAH, GUGUAK PANJANG, KOTA BUKITTINGGI, SUMATERA BARAT",10,14,192,206
https://kawalpemilu.org#13910,"AUR TAJUNGKANG TANGAH SAWAH, GUGUAK PANJANG, KOTA BUKITTINGGI, SUMATERA BARAT",11,21,181,202
https://kawalpemilu.org#13910,"AUR TAJUNGKANG TANGAH SAWAH, GUGUAK PANJANG, KOTA BUKITTINGGI, SUMATERA BARAT",12,7,205,212
https://kawalpemilu.org#13910,"AUR TAJUNGKANG TANGAH SAWAH, GUGUAK PANJANG, KOTA BUKITTINGGI, SUMATERA BARAT",13,19,202,221
https://kawalpemilu.org#13910,"AUR TAJUNGKANG TANGAH SAWAH, GUGUAK PANJANG, KOTA BUKITTINGGI, SUMATERA BARAT",14,9,165,174
https://kawalpemilu.org#13910,"AUR TAJUNGKANG TANGAH SAWAH, GUGUAK PANJANG, KOTA BUKITTINGGI, SUMATERA BARAT",15,13,165,178
https://kawalpemilu.org#13910,"AUR TAJUNGKANG TANGAH SAWAH, GUGUAK PANJANG, KOTA BUKITTINGGI, SUMATERA BARAT",16,19,155,174
https://kawalpemilu.org#13910,"AUR TAJUNGKANG TANGAH SAWAH, GUGUAK PANJANG, KOTA BUKITTINGGI, SUMATERA BARAT",17,20,190,210
https://kawalpemilu.org#13910,"AUR TAJUNGKANG TANGAH SAWAH, GUGUAK PANJANG, KOTA BUKITTINGGI, SUMATERA BARAT",18,32,178,210
https://kawalpemilu.org#13910,"AUR TAJUNGKANG TANGAH SAWAH, GUGUAK PANJANG, KOTA BUKITTINGGI, SUMATERA BARAT",19,24,144,168
https://kawalpemilu.org#13911,"BENTENG PASAR ATAS, GUGUAK PANJANG, KOTA BUKITTINGGI, SUMATERA BARAT",1,15,179,194
https://kawalpemilu.org#13911,"BENTENG PASAR ATAS, GUGUAK PANJANG, KOTA BUKITTINGGI, SUMATERA BARAT",2,50,98,148
https://kawalpemilu.org#13911,"BENTENG PASAR ATAS, GUGUAK PANJANG, KOTA BUKITTINGGI, SUMATERA BARAT",3,92,66,158
https://kawalpemilu.org#13911,"BENTENG PASAR ATAS, GUGUAK PANJANG, KOTA BUKITTINGGI, SUMATERA BARAT",4,74,62,136
https://kawalpemilu.org#13911,"BENTENG PASAR ATAS, GUGUAK PANJANG, KOTA BUKITTINGGI, SUMATERA BARAT",5,60,100,160
https://kawalpemilu.org#13912,"KAYU KUBU, GUGUAK PANJANG, KOTA BUKITTINGGI, SUMATERA BARAT",1,34,160,194
https://kawalpemilu.org#13912,"KAYU KUBU, GUGUAK PANJANG, KOTA BUKITTINGGI, SUMATERA BARAT",2,33,185,218
https://kawalpemilu.org#13912,"KAYU KUBU, GUGUAK PANJANG, KOTA BUKITTINGGI, SUMATERA BARAT",3,16,196,212
https://kawalpemilu.org#13912,"KAYU KUBU, GUGUAK PANJANG, KOTA BUKITTINGGI, SUMATERA BARAT",4,21,206,227
https://kawalpemilu.org#13912,"KAYU KUBU, GUGUAK PANJANG, KOTA BUKITTINGGI, SUMATERA BARAT",5,27,121,148
https://kawalpemilu.org#13912,"KAYU KUBU, GUGUAK PANJANG, KOTA BUKITTINGGI, SUMATERA BARAT",6,35,112,147
https://kawalpemilu.org#13912,"KAYU KUBU, GUGUAK PANJANG, KOTA BUKITTINGGI, SUMATERA BARAT",7,18,159,177
https://kawalpemilu.org#13912,"KAYU KUBU, GUGUAK PANJANG, KOTA BUKITTINGGI, SUMATERA BARAT",8,12,90,102
https://kawalpemilu.org#13912,"KAYU KUBU, GUGUAK PANJANG, KOTA BUKITTINGGI, SUMATERA BARAT",9,15,141,156
https://kawalpemilu.org#13912,"KAYU KUBU, GUGUAK PANJANG, KOTA BUKITTINGGI, SUMATERA BARAT",10,29,152,181
https://kawalpemilu.org#13912,"KAYU KUBU, GUGUAK PANJANG, KOTA BUKITTINGGI, SUMATERA BARAT",11,27,135,162
https://kawalpemilu.org#13912,"KAYU KUBU, GUGUAK PANJANG, KOTA BUKITTINGGI, SUMATERA BARAT",12,11,121,132
https://kawalpemilu.org#13912,"KAYU KUBU, GUGUAK PANJANG, KOTA BUKITTINGGI, SUMATERA BARAT",13,36,189,225
https://kawalpemilu.org#13913,"BUKIK APIK PUHUN, GUGUAK PANJANG, KOTA BUKITTINGGI, SUMATERA BARAT",2,17,131,148
https://kawalpemilu.org#13913,"BUKIK APIK PUHUN, GUGUAK PANJANG, KOTA BUKITTINGGI, SUMATERA BARAT",3,23,139,162
https://kawalpemilu.org#13913,"BUKIK APIK PUHUN, GUGUAK PANJANG, KOTA BUKITTINGGI, SUMATERA BARAT",4,13,163,176
https://kawalpemilu.org#13913,"BUKIK APIK PUHUN, GUGUAK PANJANG, KOTA BUKITTINGGI, SUMATERA BARAT",5,8,154,162
https://kawalpemilu.org#13913,"BUKIK APIK PUHUN, GUGUAK PANJANG, KOTA BUKITTINGGI, SUMATERA BARAT",6,15,188,203
https://kawalpemilu.org#13913,"BUKIK APIK PUHUN, GUGUAK PANJANG, KOTA BUKITTINGGI, SUMATERA BARAT",7,22,197,219
https://kawalpemilu.org#13913,"BUKIK APIK PUHUN, GUGUAK PANJANG, KOTA BUKITTINGGI, SUMATERA BARAT",8,14,173,187
https://kawalpemilu.org#13913,"BUKIK APIK PUHUN, GUGUAK PANJANG, KOTA BUKITTINGGI, SUMATERA BARAT",9,16,160,176
https://kawalpemilu.org#13913,"BUKIK APIK PUHUN, GUGUAK PANJANG, KOTA BUKITTINGGI, SUMATERA BARAT",10,16,192,208
https://kawalpemilu.org#13913,"BUKIK APIK PUHUN, GUGUAK PANJANG, KOTA BUKITTINGGI, SUMATERA BARAT",11,23,177,200
https://kawalpemilu.org#13913,"BUKIK APIK PUHUN, GUGUAK PANJANG, KOTA BUKITTINGGI, SUMATERA BARAT",12,34,186,220
https://kawalpemilu.org#13913,"BUKIK APIK PUHUN, GUGUAK PANJANG, KOTA BUKITTINGGI, SUMATERA BARAT",13,20,184,204
https://kawalpemilu.org#13913,"BUKIK APIK PUHUN, GUGUAK PANJANG, KOTA BUKITTINGGI, SUMATERA BARAT",14,19,158,177
https://kawalpemilu.org#13913,"BUKIK APIK PUHUN, GUGUAK PANJANG, KOTA BUKITTINGGI, SUMATERA BARAT",15,23,190,213
https://kawalpemilu.org#13913,"BUKIK APIK PUHUN, GUGUAK PANJANG, KOTA BUKITTINGGI, SUMATERA BARAT",16,19,150,169
https://kawalpemilu.org#13915,"CAMPAGO GUGUK BULEK, MANDIANGIN KOTO SELAYAN, KOTA BUKITTINGGI, SUMATERA BARAT",1,21,194,215
https://kawalpemilu.org#13915,"CAMPAGO GUGUK BULEK, MANDIANGIN KOTO SELAYAN, KOTA BUKITTINGGI, SUMATERA BARAT",2,26,207,233
https://kawalpemilu.org#13915,"CAMPAGO GUGUK BULEK, MANDIANGIN KOTO SELAYAN, KOTA BUKITTINGGI, SUMATERA BARAT",3,30,193,223
https://kawalpemilu.org#13915,"CAMPAGO GUGUK BULEK, MANDIANGIN KOTO SELAYAN, KOTA BUKITTINGGI, SUMATERA BARAT",4,24,207,231
https://kawalpemilu.org#13915,"CAMPAGO GUGUK BULEK, MANDIANGIN KOTO SELAYAN, KOTA BUKITTINGGI, SUMATERA BARAT",5,22,204,226
https://kawalpemilu.org#13915,"CAMPAGO GUGUK BULEK, MANDIANGIN KOTO SELAYAN, KOTA BUKITTINGGI, SUMATERA BARAT",6,19,188,207
https://kawalpemilu.org#13915,"CAMPAGO GUGUK BULEK, MANDIANGIN KOTO SELAYAN, KOTA BUKITTINGGI, SUMATERA BARAT",7,58,105,163
https://kawalpemilu.org#13915,"CAMPAGO GUGUK BULEK, MANDIANGIN KOTO SELAYAN, KOTA BUKITTINGGI, SUMATERA BARAT",8,44,148,192
https://kawalpemilu.org#13915,"CAMPAGO GUGUK BULEK, MANDIANGIN KOTO SELAYAN, KOTA BUKITTINGGI, SUMATERA BARAT",9,24,182,206
https://kawalpemilu.org#13915,"CAMPAGO GUGUK BULEK, MANDIANGIN KOTO SELAYAN, KOTA BUKITTINGGI, SUMATERA BARAT",10,30,158,188
https://kawalpemilu.org#13915,"CAMPAGO GUGUK BULEK, MANDIANGIN KOTO SELAYAN, KOTA BUKITTINGGI, SUMATERA BARAT",11,46,152,198
https://kawalpemilu.org#13915,"CAMPAGO GUGUK BULEK, MANDIANGIN KOTO SELAYAN, KOTA BUKITTINGGI, SUMATERA BARAT",12,59,164,223
https://kawalpemilu.org#13915,"CAMPAGO GUGUK BULEK, MANDIANGIN KOTO SELAYAN, KOTA BUKITTINGGI, SUMATERA BARAT",13,27,204,231
https://kawalpemilu.org#13915,"CAMPAGO GUGUK BULEK, MANDIANGIN KOTO SELAYAN, KOTA BUKITTINGGI, SUMATERA BARAT",14,11,212,223
https://kawalpemilu.org#13915,"CAMPAGO GUGUK BULEK, MANDIANGIN KOTO SELAYAN, KOTA BUKITTINGGI, SUMATERA BARAT",15,79,142,221
https://kawalpemilu.org#13915,"CAMPAGO GUGUK BULEK, MANDIANGIN KOTO SELAYAN, KOTA BUKITTINGGI, SUMATERA BARAT",16,22,202,224
https://kawalpemilu.org#13915,"CAMPAGO GUGUK BULEK, MANDIANGIN KOTO SELAYAN, KOTA BUKITTINGGI, SUMATERA BARAT",17,28,180,208
https://kawalpemilu.org#13915,"CAMPAGO GUGUK BULEK, MANDIANGIN KOTO SELAYAN, KOTA BUKITTINGGI, SUMATERA BARAT",18,31,196,227
https://kawalpemilu.org#13916,"CAMPAGO IPUH, MANDIANGIN KOTO SELAYAN, KOTA BUKITTINGGI, SUMATERA BARAT",1,19,171,190
https://kawalpemilu.org#13916,"CAMPAGO IPUH, MANDIANGIN KOTO SELAYAN, KOTA BUKITTINGGI, SUMATERA BARAT",2,22,214,236
https://kawalpemilu.org#13916,"CAMPAGO IPUH, MANDIANGIN KOTO SELAYAN, KOTA BUKITTINGGI, SUMATERA BARAT",3,22,172,194
https://kawalpemilu.org#13916,"CAMPAGO IPUH, MANDIANGIN KOTO SELAYAN, KOTA BUKITTINGGI, SUMATERA BARAT",4,14,186,200
https://kawalpemilu.org#13916,"CAMPAGO IPUH, MANDIANGIN KOTO SELAYAN, KOTA BUKITTINGGI, SUMATERA BARAT",5,14,99,113
https://kawalpemilu.org#13916,"CAMPAGO IPUH, MANDIANGIN KOTO SELAYAN, KOTA BUKITTINGGI, SUMATERA BARAT",6,10,179,189
https://kawalpemilu.org#13916,"CAMPAGO IPUH, MANDIANGIN KOTO SELAYAN, KOTA BUKITTINGGI, SUMATERA BARAT",7,30,200,230
https://kawalpemilu.org#13916,"CAMPAGO IPUH, MANDIANGIN KOTO SELAYAN, KOTA BUKITTINGGI, SUMATERA BARAT",8,15,169,184
https://kawalpemilu.org#13916,"CAMPAGO IPUH, MANDIANGIN KOTO SELAYAN, KOTA BUKITTINGGI, SUMATERA BARAT",9,22,131,153
https://kawalpemilu.org#13916,"CAMPAGO IPUH, MANDIANGIN KOTO SELAYAN, KOTA BUKITTINGGI, SUMATERA BARAT",10,22,133,155
https://kawalpemilu.org#13916,"CAMPAGO IPUH, MANDIANGIN KOTO SELAYAN, KOTA BUKITTINGGI, SUMATERA BARAT",11,29,171,200
https://kawalpemilu.org#13916,"CAMPAGO IPUH, MANDIANGIN KOTO SELAYAN, KOTA BUKITTINGGI, SUMATERA BARAT",12,23,185,208
https://kawalpemilu.org#13916,"CAMPAGO IPUH, MANDIANGIN KOTO SELAYAN, KOTA BUKITTINGGI, SUMATERA BARAT",13,40,181,221
https://kawalpemilu.org#13916,"CAMPAGO IPUH, MANDIANGIN KOTO SELAYAN, KOTA BUKITTINGGI, SUMATERA BARAT",14,24,149,173
https://kawalpemilu.org#13916,"CAMPAGO IPUH, MANDIANGIN KOTO SELAYAN, KOTA BUKITTINGGI, SUMATERA BARAT",15,29,170,199
https://kawalpemilu.org#13916,"CAMPAGO IPUH, MANDIANGIN KOTO SELAYAN, KOTA BUKITTINGGI, SUMATERA BARAT",16,34,167,201
https://kawalpemilu.org#13916,"CAMPAGO IPUH, MANDIANGIN KOTO SELAYAN, KOTA BUKITTINGGI, SUMATERA BARAT",17,22,180,202
https://kawalpemilu.org#13916,"CAMPAGO IPUH, MANDIANGIN KOTO SELAYAN, KOTA BUKITTINGGI, SUMATERA BARAT",18,15,184,199
https://kawalpemilu.org#13916,"CAMPAGO IPUH, MANDIANGIN KOTO SELAYAN, KOTA BUKITTINGGI, SUMATERA BARAT",19,26,140,166
https://kawalpemilu.org#13916,"CAMPAGO IPUH, MANDIANGIN KOTO SELAYAN, KOTA BUKITTINGGI, SUMATERA BARAT",20,26,187,213
https://kawalpemilu.org#13916,"CAMPAGO IPUH, MANDIANGIN KOTO SELAYAN, KOTA BUKITTINGGI, SUMATERA BARAT",21,23,178,201
https://kawalpemilu.org#13916,"CAMPAGO IPUH, MANDIANGIN KOTO SELAYAN, KOTA BUKITTINGGI, SUMATERA BARAT",22,21,208,229
https://kawalpemilu.org#13916,"CAMPAGO IPUH, MANDIANGIN KOTO SELAYAN, KOTA BUKITTINGGI, SUMATERA BARAT",23,22,191,213
https://kawalpemilu.org#13916,"CAMPAGO IPUH, MANDIANGIN KOTO SELAYAN, KOTA BUKITTINGGI, SUMATERA BARAT",24,30,200,230
https://kawalpemilu.org#13916,"CAMPAGO IPUH, MANDIANGIN KOTO SELAYAN, KOTA BUKITTINGGI, SUMATERA BARAT",25,15,194,209
https://kawalpemilu.org#13916,"CAMPAGO IPUH, MANDIANGIN KOTO SELAYAN, KOTA BUKITTINGGI, SUMATERA BARAT",26,19,139,158
https://kawalpemilu.org#13916,"CAMPAGO IPUH, MANDIANGIN KOTO SELAYAN, KOTA BUKITTINGGI, SUMATERA BARAT",27,11,123,134
https://kawalpemilu.org#13916,"CAMPAGO IPUH, MANDIANGIN KOTO SELAYAN, KOTA BUKITTINGGI, SUMATERA BARAT",28,16,152,168
https://kawalpemilu.org#13917,"PUHUN TEMBOK, MANDIANGIN KOTO SELAYAN, KOTA BUKITTINGGI, SUMATERA BARAT",1,27,200,227
https://kawalpemilu.org#13917,"PUHUN TEMBOK, MANDIANGIN KOTO SELAYAN, KOTA BUKITTINGGI, SUMATERA BARAT",2,21,176,197
https://kawalpemilu.org#13917,"PUHUN TEMBOK, MANDIANGIN KOTO SELAYAN, KOTA BUKITTINGGI, SUMATERA BARAT",3,34,136,170
https://kawalpemilu.org#13917,"PUHUN TEMBOK, MANDIANGIN KOTO SELAYAN, KOTA BUKITTINGGI, SUMATERA BARAT",4,18,195,213
https://kawalpemilu.org#13917,"PUHUN TEMBOK, MANDIANGIN KOTO SELAYAN, KOTA BUKITTINGGI, SUMATERA BARAT",5,28,153,181
https://kawalpemilu.org#13917,"PUHUN TEMBOK, MANDIANGIN KOTO SELAYAN, KOTA BUKITTINGGI, SUMATERA BARAT",6,20,178,198
https://kawalpemilu.org#13917,"PUHUN TEMBOK, MANDIANGIN KOTO SELAYAN, KOTA BUKITTINGGI, SUMATERA BARAT",7,22,204,226
https://kawalpemilu.org#13917,"PUHUN TEMBOK, MANDIANGIN KOTO SELAYAN, KOTA BUKITTINGGI, SUMATERA BARAT",8,19,190,209
https://kawalpemilu.org#13917,"PUHUN TEMBOK, MANDIANGIN KOTO SELAYAN, KOTA BUKITTINGGI, SUMATERA BARAT",9,28,202,230
https://kawalpemilu.org#13917,"PUHUN TEMBOK, MANDIANGIN KOTO SELAYAN, KOTA BUKITTINGGI, SUMATERA BARAT",10,16,210,226
https://kawalpemilu.org#13917,"PUHUN TEMBOK, MANDIANGIN KOTO SELAYAN, KOTA BUKITTINGGI, SUMATERA BARAT",11,30,192,222
https://kawalpemilu.org#13917,"PUHUN TEMBOK, MANDIANGIN KOTO SELAYAN, KOTA BUKITTINGGI, SUMATERA BARAT",12,18,177,195
https://kawalpemilu.org#13917,"PUHUN TEMBOK, MANDIANGIN KOTO SELAYAN, KOTA BUKITTINGGI, SUMATERA BARAT",13,20,178,198
https://kawalpemilu.org#13917,"PUHUN TEMBOK, MANDIANGIN KOTO SELAYAN, KOTA BUKITTINGGI, SUMATERA BARAT",14,16,150,166
https://kawalpemilu.org#13917,"PUHUN TEMBOK, MANDIANGIN KOTO SELAYAN, KOTA BUKITTINGGI, SUMATERA BARAT",15,20,208,228
https://kawalpemilu.org#13917,"PUHUN TEMBOK, MANDIANGIN KOTO SELAYAN, KOTA BUKITTINGGI, SUMATERA BARAT",16,23,117,140
https://kawalpemilu.org#13918,"KUBU GULAI BANCAH, MANDIANGIN KOTO SELAYAN, KOTA BUKITTINGGI, SUMATERA BARAT",1,27,160,187
https://kawalpemilu.org#13918,"KUBU GULAI BANCAH, MANDIANGIN KOTO SELAYAN, KOTA BUKITTINGGI, SUMATERA BARAT",2,12,191,203
https://kawalpemilu.org#13918,"KUBU GULAI BANCAH, MANDIANGIN KOTO SELAYAN, KOTA BUKITTINGGI, SUMATERA BARAT",3,31,171,202
https://kawalpemilu.org#13918,"KUBU GULAI BANCAH, MANDIANGIN KOTO SELAYAN, KOTA BUKITTINGGI, SUMATERA BARAT",4,22,161,183
https://kawalpemilu.org#13918,"KUBU GULAI BANCAH, MANDIANGIN KOTO SELAYAN, KOTA BUKITTINGGI, SUMATERA BARAT",5,11,164,175
https://kawalpemilu.org#13918,"KUBU GULAI BANCAH, MANDIANGIN KOTO SELAYAN, KOTA BUKITTINGGI, SUMATERA BARAT",6,6,160,166
https://kawalpemilu.org#13918,"KUBU GULAI BANCAH, MANDIANGIN KOTO SELAYAN, KOTA BUKITTINGGI, SUMATERA BARAT",7,24,189,213
https://kawalpemilu.org#13918,"KUBU GULAI BANCAH, MANDIANGIN KOTO SELAYAN, KOTA BUKITTINGGI, SUMATERA BARAT",8,38,186,224
https://kawalpemilu.org#13918,"KUBU GULAI BANCAH, MANDIANGIN KOTO SELAYAN, KOTA BUKITTINGGI, SUMATERA BARAT",9,30,220,250
https://kawalpemilu.org#13918,"KUBU GULAI BANCAH, MANDIANGIN KOTO SELAYAN, KOTA BUKITTINGGI, SUMATERA BARAT",10,19,209,228
https://kawalpemilu.org#13918,"KUBU GULAI BANCAH, MANDIANGIN KOTO SELAYAN, KOTA BUKITTINGGI, SUMATERA BARAT",11,42,173,215
https://kawalpemilu.org#13918,"KUBU GULAI BANCAH, MANDIANGIN KOTO SELAYAN, KOTA BUKITTINGGI, SUMATERA BARAT",12,31,178,209
https://kawalpemilu.org#13918,"KUBU GULAI BANCAH, MANDIANGIN KOTO SELAYAN, KOTA BUKITTINGGI, SUMATERA BARAT",13,21,189,210
https://kawalpemilu.org#13918,"KUBU GULAI BANCAH, MANDIANGIN KOTO SELAYAN, KOTA BUKITTINGGI, SUMATERA BARAT",14,18,150,168
https://kawalpemilu.org#13918,"KUBU GULAI BANCAH, MANDIANGIN KOTO SELAYAN, KOTA BUKITTINGGI, SUMATERA BARAT",15,24,214,238
https://kawalpemilu.org#13919,"PUHUN PINTU KABUN, MANDIANGIN KOTO SELAYAN, KOTA BUKITTINGGI, SUMATERA BARAT",1,23,209,232
https://kawalpemilu.org#13919,"PUHUN PINTU KABUN, MANDIANGIN KOTO SELAYAN, KOTA BUKITTINGGI, SUMATERA BARAT",2,18,189,207
https://kawalpemilu.org#13919,"PUHUN PINTU KABUN, MANDIANGIN KOTO SELAYAN, KOTA BUKITTINGGI, SUMATERA BARAT",3,24,202,226
https://kawalpemilu.org#13919,"PUHUN PINTU KABUN, MANDIANGIN KOTO SELAYAN, KOTA BUKITTINGGI, SUMATERA BARAT",4,18,190,208
https://kawalpemilu.org#13919,"PUHUN PINTU KABUN, MANDIANGIN KOTO SELAYAN, KOTA BUKITTINGGI, SUMATERA BARAT",5,17,186,203
https://kawalpemilu.org#13919,"PUHUN PINTU KABUN, MANDIANGIN KOTO SELAYAN, KOTA BUKITTINGGI, SUMATERA BARAT",6,16,205,221
https://kawalpemilu.org#13919,"PUHUN PINTU KABUN, MANDIANGIN KOTO SELAYAN, KOTA BUKITTINGGI, SUMATERA BARAT",7,14,221,235
https://kawalpemilu.org#13919,"PUHUN PINTU KABUN, MANDIANGIN KOTO SELAYAN, KOTA BUKITTINGGI, SUMATERA BARAT",8,13,176,189
https://kawalpemilu.org#13919,"PUHUN PINTU KABUN, MANDIANGIN KOTO SELAYAN, KOTA BUKITTINGGI, SUMATERA BARAT",9,11,214,225
https://kawalpemilu.org#13919,"PUHUN PINTU KABUN, MANDIANGIN KOTO SELAYAN, KOTA BUKITTINGGI, SUMATERA BARAT",10,14,166,180
https://kawalpemilu.org#13919,"PUHUN PINTU KABUN, MANDIANGIN KOTO SELAYAN, KOTA BUKITTINGGI, SUMATERA BARAT",11,26,130,156
https://kawalpemilu.org#13919,"PUHUN PINTU KABUN, MANDIANGIN KOTO SELAYAN, KOTA BUKITTINGGI, SUMATERA BARAT",12,28,162,190
https://kawalpemilu.org#13919,"PUHUN PINTU KABUN, MANDIANGIN KOTO SELAYAN, KOTA BUKITTINGGI, SUMATERA BARAT",13,24,193,217
https://kawalpemilu.org#13919,"PUHUN PINTU KABUN, MANDIANGIN KOTO SELAYAN, KOTA BUKITTINGGI, SUMATERA BARAT",14,28,147,175
https://kawalpemilu.org#13919,"PUHUN PINTU KABUN, MANDIANGIN KOTO SELAYAN, KOTA BUKITTINGGI, SUMATERA BARAT",15,29,145,174
https://kawalpemilu.org#13919,"PUHUN PINTU KABUN, MANDIANGIN KOTO SELAYAN, KOTA BUKITTINGGI, SUMATERA BARAT",16,23,117,140
https://kawalpemilu.org#13919,"PUHUN PINTU KABUN, MANDIANGIN KOTO SELAYAN, KOTA BUKITTINGGI, SUMATERA BARAT",17,22,155,177
https://kawalpemilu.org#13919,"PUHUN PINTU KABUN, MANDIANGIN KOTO SELAYAN, KOTA BUKITTINGGI, SUMATERA BARAT",18,31,158,189
https://kawalpemilu.org#13919,"PUHUN PINTU KABUN, MANDIANGIN KOTO SELAYAN, KOTA BUKITTINGGI, SUMATERA BARAT",19,30,186,216
https://kawalpemilu.org#13919,"PUHUN PINTU KABUN, MANDIANGIN KOTO SELAYAN, KOTA BUKITTINGGI, SUMATERA BARAT",20,18,157,175
https://kawalpemilu.org#13920,"PULAI ANAK AIR, MANDIANGIN KOTO SELAYAN, KOTA BUKITTINGGI, SUMATERA BARAT",1,28,173,201
https://kawalpemilu.org#13920,"PULAI ANAK AIR, MANDIANGIN KOTO SELAYAN, KOTA BUKITTINGGI, SUMATERA BARAT",2,12,184,196
https://kawalpemilu.org#13920,"PULAI ANAK AIR, MANDIANGIN KOTO SELAYAN, KOTA BUKITTINGGI, SUMATERA BARAT",3,22,182,204
https://kawalpemilu.org#13920,"PULAI ANAK AIR, MANDIANGIN KOTO SELAYAN, KOTA BUKITTINGGI, SUMATERA BARAT",4,12,166,178
https://kawalpemilu.org#13920,"PULAI ANAK AIR, MANDIANGIN KOTO SELAYAN, KOTA BUKITTINGGI, SUMATERA BARAT",5,12,172,184
https://kawalpemilu.org#13920,"PULAI ANAK AIR, MANDIANGIN KOTO SELAYAN, KOTA BUKITTINGGI, SUMATERA BARAT",6,17,168,185
https://kawalpemilu.org#13920,"PULAI ANAK AIR, MANDIANGIN KOTO SELAYAN, KOTA BUKITTINGGI, SUMATERA BARAT",7,6,79,85
https://kawalpemilu.org#13920,"PULAI ANAK AIR, MANDIANGIN KOTO SELAYAN, KOTA BUKITTINGGI, SUMATERA BARAT",8,11,191,202
https://kawalpemilu.org#13920,"PULAI ANAK AIR, MANDIANGIN KOTO SELAYAN, KOTA BUKITTINGGI, SUMATERA BARAT",9,15,205,220
https://kawalpemilu.org#13920,"PULAI ANAK AIR, MANDIANGIN KOTO SELAYAN, KOTA BUKITTINGGI, SUMATERA BARAT",10,25,199,224
https://kawalpemilu.org#13920,"PULAI ANAK AIR, MANDIANGIN KOTO SELAYAN, KOTA BUKITTINGGI, SUMATERA BARAT",11,16,196,212
https://kawalpemilu.org#13920,"PULAI ANAK AIR, MANDIANGIN KOTO SELAYAN, KOTA BUKITTINGGI, SUMATERA BARAT",12,39,173,212
https://kawalpemilu.org#13920,"PULAI ANAK AIR, MANDIANGIN KOTO SELAYAN, KOTA BUKITTINGGI, SUMATERA BARAT",13,31,152,183
https://kawalpemilu.org#13920,"PULAI ANAK AIR, MANDIANGIN KOTO SELAYAN, KOTA BUKITTINGGI, SUMATERA BARAT",14,55,132,187
https://kawalpemilu.org#13920,"PULAI ANAK AIR, MANDIANGIN KOTO SELAYAN, KOTA BUKITTINGGI, SUMATERA BARAT",15,104,65,169
https://kawalpemilu.org#13921,"KOTO SELAYAN, MANDIANGIN KOTO SELAYAN, KOTA BUKITTINGGI, SUMATERA BARAT",1,17,199,216
https://kawalpemilu.org#13921,"KOTO SELAYAN, MANDIANGIN KOTO SELAYAN, KOTA BUKITTINGGI, SUMATERA BARAT",2,22,188,210
https://kawalpemilu.org#13921,"KOTO SELAYAN, MANDIANGIN KOTO SELAYAN, KOTA BUKITTINGGI, SUMATERA BARAT",3,18,187,205
https://kawalpemilu.org#13921,"KOTO SELAYAN, MANDIANGIN KOTO SELAYAN, KOTA BUKITTINGGI, SUMATERA BARAT",4,15,178,193
https://kawalpemilu.org#13922,"GAREGEH, MANDIANGIN KOTO SELAYAN, KOTA BUKITTINGGI, SUMATERA BARAT",1,17,191,208
https://kawalpemilu.org#13922,"GAREGEH, MANDIANGIN KOTO SELAYAN, KOTA BUKITTINGGI, SUMATERA BARAT",2,24,194,218
https://kawalpemilu.org#13922,"GAREGEH, MANDIANGIN KOTO SELAYAN, KOTA BUKITTINGGI, SUMATERA BARAT",3,11,177,188
https://kawalpemilu.org#13922,"GAREGEH, MANDIANGIN KOTO SELAYAN, KOTA BUKITTINGGI, SUMATERA BARAT",4,9,196,205
https://kawalpemilu.org#13922,"GAREGEH, MANDIANGIN KOTO SELAYAN, KOTA BUKITTINGGI, SUMATERA BARAT",5,27,190,217
https://kawalpemilu.org#13922,"GAREGEH, MANDIANGIN KOTO SELAYAN, KOTA BUKITTINGGI, SUMATERA BARAT",6,21,194,215
https://kawalpemilu.org#13922,"GAREGEH, MANDIANGIN KOTO SELAYAN, KOTA BUKITTINGGI, SUMATERA BARAT",7,25,180,205
https://kawalpemilu.org#13923,"MANGGIS GANTING, MANDIANGIN KOTO SELAYAN, KOTA BUKITTINGGI, SUMATERA BARAT",1,14,166,180
https://kawalpemilu.org#13923,"MANGGIS GANTING, MANDIANGIN KOTO SELAYAN, KOTA BUKITTINGGI, SUMATERA BARAT",2,37,134,171
https://kawalpemilu.org#13923,"MANGGIS GANTING, MANDIANGIN KOTO SELAYAN, KOTA BUKITTINGGI, SUMATERA BARAT",3,23,151,174
https://kawalpemilu.org#13923,"MANGGIS GANTING, MANDIANGIN KOTO SELAYAN, KOTA BUKITTINGGI, SUMATERA BARAT",4,106,106,212
https://kawalpemilu.org#13923,"MANGGIS GANTING, MANDIANGIN KOTO SELAYAN, KOTA BUKITTINGGI, SUMATERA BARAT",5,55,115,170
https://kawalpemilu.org#13923,"MANGGIS GANTING, MANDIANGIN KOTO SELAYAN, KOTA BUKITTINGGI, SUMATERA BARAT",6,54,106,160
https://kawalpemilu.org#13923,"MANGGIS GANTING, MANDIANGIN KOTO SELAYAN, KOTA BUKITTINGGI, SUMATERA BARAT",7,14,126,140
https://kawalpemilu.org#13923,"MANGGIS GANTING, MANDIANGIN KOTO SELAYAN, KOTA BUKITTINGGI, SUMATERA BARAT",8,19,160,179
https://kawalpemilu.org#13923,"MANGGIS GANTING, MANDIANGIN KOTO SELAYAN, KOTA BUKITTINGGI, SUMATERA BARAT",9,26,191,217
https://kawalpemilu.org#13923,"MANGGIS GANTING, MANDIANGIN KOTO SELAYAN, KOTA BUKITTINGGI, SUMATERA BARAT",10,15,145,160
https://kawalpemilu.org#13923,"MANGGIS GANTING, MANDIANGIN KOTO SELAYAN, KOTA BUKITTINGGI, SUMATERA BARAT",11,16,182,198
https://kawalpemilu.org#13923,"MANGGIS GANTING, MANDIANGIN KOTO SELAYAN, KOTA BUKITTINGGI, SUMATERA BARAT",12,15,138,153
https://kawalpemilu.org#13923,"MANGGIS GANTING, MANDIANGIN KOTO SELAYAN, KOTA BUKITTINGGI, SUMATERA BARAT",13,13,152,165
https://kawalpemilu.org#13923,"MANGGIS GANTING, MANDIANGIN KOTO SELAYAN, KOTA BUKITTINGGI, SUMATERA BARAT",14,12,182,194
https://kawalpemilu.org#13925,"AUR KUNING, AUR BIRUGO TIGO BALEH, KOTA BUKITTINGGI, SUMATERA BARAT",1,4,158,162
https://kawalpemilu.org#13925,"AUR KUNING, AUR BIRUGO TIGO BALEH, KOTA BUKITTINGGI, SUMATERA BARAT",2,16,117,133
https://kawalpemilu.org#13925,"AUR KUNING, AUR BIRUGO TIGO BALEH, KOTA BUKITTINGGI, SUMATERA BARAT",3,15,117,132
https://kawalpemilu.org#13925,"AUR KUNING, AUR BIRUGO TIGO BALEH, KOTA BUKITTINGGI, SUMATERA BARAT",4,12,129,141
https://kawalpemilu.org#13925,"AUR KUNING, AUR BIRUGO TIGO BALEH, KOTA BUKITTINGGI, SUMATERA BARAT",5,13,151,164
https://kawalpemilu.org#13925,"AUR KUNING, AUR BIRUGO TIGO BALEH, KOTA BUKITTINGGI, SUMATERA BARAT",6,18,105,123
https://kawalpemilu.org#13925,"AUR KUNING, AUR BIRUGO TIGO BALEH, KOTA BUKITTINGGI, SUMATERA BARAT",7,3,92,95
https://kawalpemilu.org#13925,"AUR KUNING, AUR BIRUGO TIGO BALEH, KOTA BUKITTINGGI, SUMATERA BARAT",8,6,161,167
https://kawalpemilu.org#13925,"AUR KUNING, AUR BIRUGO TIGO BALEH, KOTA BUKITTINGGI, SUMATERA BARAT",9,8,151,159
https://kawalpemilu.org#13925,"AUR KUNING, AUR BIRUGO TIGO BALEH, KOTA BUKITTINGGI, SUMATERA BARAT",10,13,143,156
https://kawalpemilu.org#13925,"AUR KUNING, AUR BIRUGO TIGO BALEH, KOTA BUKITTINGGI, SUMATERA BARAT",11,21,128,149
https://kawalpemilu.org#13925,"AUR KUNING, AUR BIRUGO TIGO BALEH, KOTA BUKITTINGGI, SUMATERA BARAT",12,23,151,174
https://kawalpemilu.org#13925,"AUR KUNING, AUR BIRUGO TIGO BALEH, KOTA BUKITTINGGI, SUMATERA BARAT",13,22,102,124
https://kawalpemilu.org#13925,"AUR KUNING, AUR BIRUGO TIGO BALEH, KOTA BUKITTINGGI, SUMATERA BARAT",14,15,124,139
https://kawalpemilu.org#13925,"AUR KUNING, AUR BIRUGO TIGO BALEH, KOTA BUKITTINGGI, SUMATERA BARAT",15,8,106,114
https://kawalpemilu.org#13925,"AUR KUNING, AUR BIRUGO TIGO BALEH, KOTA BUKITTINGGI, SUMATERA BARAT",16,14,130,144
https://kawalpemilu.org#13925,"AUR KUNING, AUR BIRUGO TIGO BALEH, KOTA BUKITTINGGI, SUMATERA BARAT",17,13,91,104
https://kawalpemilu.org#13925,"AUR KUNING, AUR BIRUGO TIGO BALEH, KOTA BUKITTINGGI, SUMATERA BARAT",18,11,129,140
https://kawalpemilu.org#13925,"AUR KUNING, AUR BIRUGO TIGO BALEH, KOTA BUKITTINGGI, SUMATERA BARAT",19,11,140,151
https://kawalpemilu.org#13925,"AUR KUNING, AUR BIRUGO TIGO BALEH, KOTA BUKITTINGGI, SUMATERA BARAT",20,10,110,120
https://kawalpemilu.org#13925,"AUR KUNING, AUR BIRUGO TIGO BALEH, KOTA BUKITTINGGI, SUMATERA BARAT",21,15,133,148
https://kawalpemilu.org#13925,"AUR KUNING, AUR BIRUGO TIGO BALEH, KOTA BUKITTINGGI, SUMATERA BARAT",22,14,150,164
https://kawalpemilu.org#13925,"AUR KUNING, AUR BIRUGO TIGO BALEH, KOTA BUKITTINGGI, SUMATERA BARAT",23,12,163,175
https://kawalpemilu.org#13925,"AUR KUNING, AUR BIRUGO TIGO BALEH, KOTA BUKITTINGGI, SUMATERA BARAT",24,9,130,139
https://kawalpemilu.org#13926,"BIRUGO, AUR BIRUGO TIGO BALEH, KOTA BUKITTINGGI, SUMATERA BARAT",1,16,118,134
https://kawalpemilu.org#13926,"BIRUGO, AUR BIRUGO TIGO BALEH, KOTA BUKITTINGGI, SUMATERA BARAT",2,10,114,124
https://kawalpemilu.org#13926,"BIRUGO, AUR BIRUGO TIGO BALEH, KOTA BUKITTINGGI, SUMATERA BARAT",3,11,137,148
https://kawalpemilu.org#13926,"BIRUGO, AUR BIRUGO TIGO BALEH, KOTA BUKITTINGGI, SUMATERA BARAT",4,26,98,124
https://kawalpemilu.org#13926,"BIRUGO, AUR BIRUGO TIGO BALEH, KOTA BUKITTINGGI, SUMATERA BARAT",5,14,130,144
https://kawalpemilu.org#13926,"BIRUGO, AUR BIRUGO TIGO BALEH, KOTA BUKITTINGGI, SUMATERA BARAT",6,27,109,136
https://kawalpemilu.org#13926,"BIRUGO, AUR BIRUGO TIGO BALEH, KOTA BUKITTINGGI, SUMATERA BARAT",7,16,121,137
https://kawalpemilu.org#13926,"BIRUGO, AUR BIRUGO TIGO BALEH, KOTA BUKITTINGGI, SUMATERA BARAT",8,23,118,141
https://kawalpemilu.org#13926,"BIRUGO, AUR BIRUGO TIGO BALEH, KOTA BUKITTINGGI, SUMATERA BARAT",9,27,145,172
https://kawalpemilu.org#13926,"BIRUGO, AUR BIRUGO TIGO BALEH, KOTA BUKITTINGGI, SUMATERA BARAT",10,21,107,128
https://kawalpemilu.org#13926,"BIRUGO, AUR BIRUGO TIGO BALEH, KOTA BUKITTINGGI, SUMATERA BARAT",12,14,105,119
https://kawalpemilu.org#13926,"BIRUGO, AUR BIRUGO TIGO BALEH, KOTA BUKITTINGGI, SUMATERA BARAT",13,13,101,114
https://kawalpemilu.org#13926,"BIRUGO, AUR BIRUGO TIGO BALEH, KOTA BUKITTINGGI, SUMATERA BARAT",14,10,83,93
https://kawalpemilu.org#13926,"BIRUGO, AUR BIRUGO TIGO BALEH, KOTA BUKITTINGGI, SUMATERA BARAT",15,17,145,162
https://kawalpemilu.org#13926,"BIRUGO, AUR BIRUGO TIGO BALEH, KOTA BUKITTINGGI, SUMATERA BARAT",16,14,154,168
https://kawalpemilu.org#13926,"BIRUGO, AUR BIRUGO TIGO BALEH, KOTA BUKITTINGGI, SUMATERA BARAT",17,28,143,171
https://kawalpemilu.org#13926,"BIRUGO, AUR BIRUGO TIGO BALEH, KOTA BUKITTINGGI, SUMATERA BARAT",18,11,121,132
https://kawalpemilu.org#13926,"BIRUGO, AUR BIRUGO TIGO BALEH, KOTA BUKITTINGGI, SUMATERA BARAT",19,19,133,152
https://kawalpemilu.org#13926,"BIRUGO, AUR BIRUGO TIGO BALEH, KOTA BUKITTINGGI, SUMATERA BARAT",20,26,92,118
https://kawalpemilu.org#13926,"BIRUGO, AUR BIRUGO TIGO BALEH, KOTA BUKITTINGGI, SUMATERA BARAT",21,19,176,195
https://kawalpemilu.org#13926,"BIRUGO, AUR BIRUGO TIGO BALEH, KOTA BUKITTINGGI, SUMATERA BARAT",22,16,151,167
https://kawalpemilu.org#13927,"BELAKANG BALOK, AUR BIRUGO TIGO BALEH, KOTA BUKITTINGGI, SUMATERA BARAT",1,30,171,201
https://kawalpemilu.org#13927,"BELAKANG BALOK, AUR BIRUGO TIGO BALEH, KOTA BUKITTINGGI, SUMATERA BARAT",2,24,204,228
https://kawalpemilu.org#13927,"BELAKANG BALOK, AUR BIRUGO TIGO BALEH, KOTA BUKITTINGGI, SUMATERA BARAT",3,32,142,174
https://kawalpemilu.org#13927,"BELAKANG BALOK, AUR BIRUGO TIGO BALEH, KOTA BUKITTINGGI, SUMATERA BARAT",4,35,212,247
https://kawalpemilu.org#13927,"BELAKANG BALOK, AUR BIRUGO TIGO BALEH, KOTA BUKITTINGGI, SUMATERA BARAT",5,32,165,197
https://kawalpemilu.org#13927,"BELAKANG BALOK, AUR BIRUGO TIGO BALEH, KOTA BUKITTINGGI, SUMATERA BARAT",6,35,148,183
https://kawalpemilu.org#13927,"BELAKANG BALOK, AUR BIRUGO TIGO BALEH, KOTA BUKITTINGGI, SUMATERA BARAT",7,21,160,181
https://kawalpemilu.org#13928,"SAPIRAN, AUR BIRUGO TIGO BALEH, KOTA BUKITTINGGI, SUMATERA BARAT",1,32,163,195
https://kawalpemilu.org#13928,"SAPIRAN, AUR BIRUGO TIGO BALEH, KOTA BUKITTINGGI, SUMATERA BARAT",2,35,166,201
https://kawalpemilu.org#13928,"SAPIRAN, AUR BIRUGO TIGO BALEH, KOTA BUKITTINGGI, SUMATERA BARAT",3,18,178,196
https://kawalpemilu.org#13928,"SAPIRAN, AUR BIRUGO TIGO BALEH, KOTA BUKITTINGGI, SUMATERA BARAT",4,43,110,153
https://kawalpemilu.org#13928,"SAPIRAN, AUR BIRUGO TIGO BALEH, KOTA BUKITTINGGI, SUMATERA BARAT",5,28,214,242
https://kawalpemilu.org#13928,"SAPIRAN, AUR BIRUGO TIGO BALEH, KOTA BUKITTINGGI, SUMATERA BARAT",6,78,85,163
https://kawalpemilu.org#13929,"KUBU TANJUNG, AUR BIRUGO TIGO BALEH, KOTA BUKITTINGGI, SUMATERA BARAT",1,8,148,156
https://kawalpemilu.org#13929,"KUBU TANJUNG, AUR BIRUGO TIGO BALEH, KOTA BUKITTINGGI, SUMATERA BARAT",2,20,118,138
https://kawalpemilu.org#13929,"KUBU TANJUNG, AUR BIRUGO TIGO BALEH, KOTA BUKITTINGGI, SUMATERA BARAT",3,10,131,141
https://kawalpemilu.org#13929,"KUBU TANJUNG, AUR BIRUGO TIGO BALEH, KOTA BUKITTINGGI, SUMATERA BARAT",4,13,97,110
https://kawalpemilu.org#13929,"KUBU TANJUNG, AUR BIRUGO TIGO BALEH, KOTA BUKITTINGGI, SUMATERA BARAT",5,19,128,147
https://kawalpemilu.org#13929,"KUBU TANJUNG, AUR BIRUGO TIGO BALEH, KOTA BUKITTINGGI, SUMATERA BARAT",6,8,130,138
https://kawalpemilu.org#13930,"PAKAN LABUH, AUR BIRUGO TIGO BALEH, KOTA BUKITTINGGI, SUMATERA BARAT",1,11,110,121
https://kawalpemilu.org#13930,"PAKAN LABUH, AUR BIRUGO TIGO BALEH, KOTA BUKITTINGGI, SUMATERA BARAT",2,16,110,126
https://kawalpemilu.org#13930,"PAKAN LABUH, AUR BIRUGO TIGO BALEH, KOTA BUKITTINGGI, SUMATERA BARAT",3,12,132,144
https://kawalpemilu.org#13930,"PAKAN LABUH, AUR BIRUGO TIGO BALEH, KOTA BUKITTINGGI, SUMATERA BARAT",4,16,119,135
https://kawalpemilu.org#13930,"PAKAN LABUH, AUR BIRUGO TIGO BALEH, KOTA BUKITTINGGI, SUMATERA BARAT",5,10,112,122
https://kawalpemilu.org#13930,"PAKAN LABUH, AUR BIRUGO TIGO BALEH, KOTA BUKITTINGGI, SUMATERA BARAT",6,16,117,133
https://kawalpemilu.org#13930,"PAKAN LABUH, AUR BIRUGO TIGO BALEH, KOTA BUKITTINGGI, SUMATERA BARAT",7,16,98,114
https://kawalpemilu.org#13930,"PAKAN LABUH, AUR BIRUGO TIGO BALEH, KOTA BUKITTINGGI, SUMATERA BARAT",8,10,110,120
https://kawalpemilu.org#13930,"PAKAN LABUH, AUR BIRUGO TIGO BALEH, KOTA BUKITTINGGI, SUMATERA BARAT",9,4,85,89
https://kawalpemilu.org#13930,"PAKAN LABUH, AUR BIRUGO TIGO BALEH, KOTA BUKITTINGGI, SUMATERA BARAT",10,9,137,146
https://kawalpemilu.org#13930,"PAKAN LABUH, AUR BIRUGO TIGO BALEH, KOTA BUKITTINGGI, SUMATERA BARAT",11,9,117,126
https://kawalpemilu.org#13930,"PAKAN LABUH, AUR BIRUGO TIGO BALEH, KOTA BUKITTINGGI, SUMATERA BARAT",12,16,212,228
https://kawalpemilu.org#13931,"PARIT ANTANG, AUR BIRUGO TIGO BALEH, KOTA BUKITTINGGI, SUMATERA BARAT",1,6,115,121
https://kawalpemilu.org#13931,"PARIT ANTANG, AUR BIRUGO TIGO BALEH, KOTA BUKITTINGGI, SUMATERA BARAT",2,12,125,137
https://kawalpemilu.org#13931,"PARIT ANTANG, AUR BIRUGO TIGO BALEH, KOTA BUKITTINGGI, SUMATERA BARAT",3,13,120,133
https://kawalpemilu.org#13931,"PARIT ANTANG, AUR BIRUGO TIGO BALEH, KOTA BUKITTINGGI, SUMATERA BARAT",4,5,141,146
https://kawalpemilu.org#13931,"PARIT ANTANG, AUR BIRUGO TIGO BALEH, KOTA BUKITTINGGI, SUMATERA BARAT",5,20,141,161
https://kawalpemilu.org#13931,"PARIT ANTANG, AUR BIRUGO TIGO BALEH, KOTA BUKITTINGGI, SUMATERA BARAT",6,19,116,135
https://kawalpemilu.org#13932,"LADANG CAKIAH, AUR BIRUGO TIGO BALEH, KOTA BUKITTINGGI, SUMATERA BARAT",1,14,132,146
https://kawalpemilu.org#13932,"LADANG CAKIAH, AUR BIRUGO TIGO BALEH, KOTA BUKITTINGGI, SUMATERA BARAT",2,8,146,154
https://kawalpemilu.org#13932,"LADANG CAKIAH, AUR BIRUGO TIGO BALEH, KOTA BUKITTINGGI, SUMATERA BARAT",3,14,125,139
https://kawalpemilu.org#13932,"LADANG CAKIAH, AUR BIRUGO TIGO BALEH, KOTA BUKITTINGGI, SUMATERA BARAT",4,12,117,129
https://kawalpemilu.org#13932,"LADANG CAKIAH, AUR BIRUGO TIGO BALEH, KOTA BUKITTINGGI, SUMATERA BARAT",5,11,153,164
https://kawalpemilu.org#13932,"LADANG CAKIAH, AUR BIRUGO TIGO BALEH, KOTA BUKITTINGGI, SUMATERA BARAT",6,13,130,143
https://kawalpemilu.org#13932,"LADANG CAKIAH, AUR BIRUGO TIGO BALEH, KOTA BUKITTINGGI, SUMATERA BARAT",7,5,146,151
https://kawalpemilu.org#13932,"LADANG CAKIAH, AUR BIRUGO TIGO BALEH, KOTA BUKITTINGGI, SUMATERA BARAT",8,18,129,147
https://kawalpemilu.org#13935,"PADANGTONGAH BALAINANDUO, PAYAKUMBUH BARAT, KOTA PAYAKUMBUH, SUMATERA BARAT",1,31,210,241
https://kawalpemilu.org#13935,"PADANGTONGAH BALAINANDUO, PAYAKUMBUH BARAT, KOTA PAYAKUMBUH, SUMATERA BARAT",2,45,190,235
https://kawalpemilu.org#13935,"PADANGTONGAH BALAINANDUO, PAYAKUMBUH BARAT, KOTA PAYAKUMBUH, SUMATERA BARAT",3,36,200,236
https://kawalpemilu.org#13935,"PADANGTONGAH BALAINANDUO, PAYAKUMBUH BARAT, KOTA PAYAKUMBUH, SUMATERA BARAT",4,49,182,231
https://kawalpemilu.org#13935,"PADANGTONGAH BALAINANDUO, PAYAKUMBUH BARAT, KOTA PAYAKUMBUH, SUMATERA BARAT",5,34,206,240
https://kawalpemilu.org#13935,"PADANGTONGAH BALAINANDUO, PAYAKUMBUH BARAT, KOTA PAYAKUMBUH, SUMATERA BARAT",6,27,180,207
https://kawalpemilu.org#13935,"PADANGTONGAH BALAINANDUO, PAYAKUMBUH BARAT, KOTA PAYAKUMBUH, SUMATERA BARAT",7,17,221,238
https://kawalpemilu.org#13936,"PAKAN SINAYAN, PAYAKUMBUH BARAT, KOTA PAYAKUMBUH, SUMATERA BARAT",1,35,224,259
https://kawalpemilu.org#13936,"PAKAN SINAYAN, PAYAKUMBUH BARAT, KOTA PAYAKUMBUH, SUMATERA BARAT",2,31,206,237
https://kawalpemilu.org#13936,"PAKAN SINAYAN, PAYAKUMBUH BARAT, KOTA PAYAKUMBUH, SUMATERA BARAT",3,25,200,225
https://kawalpemilu.org#13936,"PAKAN SINAYAN, PAYAKUMBUH BARAT, KOTA PAYAKUMBUH, SUMATERA BARAT",4,26,207,233
https://kawalpemilu.org#13937,"KUBU GADANG, PAYAKUMBUH BARAT, KOTA PAYAKUMBUH, SUMATERA BARAT",1,21,212,233
https://kawalpemilu.org#13937,"KUBU GADANG, PAYAKUMBUH BARAT, KOTA PAYAKUMBUH, SUMATERA BARAT",2,20,191,211
https://kawalpemilu.org#13937,"KUBU GADANG, PAYAKUMBUH BARAT, KOTA PAYAKUMBUH, SUMATERA BARAT",3,27,178,205
https://kawalpemilu.org#13937,"KUBU GADANG, PAYAKUMBUH BARAT, KOTA PAYAKUMBUH, SUMATERA BARAT",4,20,206,226
https://kawalpemilu.org#13937,"KUBU GADANG, PAYAKUMBUH BARAT, KOTA PAYAKUMBUH, SUMATERA BARAT",5,23,209,232
https://kawalpemilu.org#13937,"KUBU GADANG, PAYAKUMBUH BARAT, KOTA PAYAKUMBUH, SUMATERA BARAT",6,30,206,236
https://kawalpemilu.org#13938,"BULAKAN BALAI KANDI, PAYAKUMBUH BARAT, KOTA PAYAKUMBUH, SUMATERA BARAT",1,22,225,247
https://kawalpemilu.org#13938,"BULAKAN BALAI KANDI, PAYAKUMBUH BARAT, KOTA PAYAKUMBUH, SUMATERA BARAT",2,41,182,223
https://kawalpemilu.org#13938,"BULAKAN BALAI KANDI, PAYAKUMBUH BARAT, KOTA PAYAKUMBUH, SUMATERA BARAT",3,26,208,234
https://kawalpemilu.org#13938,"BULAKAN BALAI KANDI, PAYAKUMBUH BARAT, KOTA PAYAKUMBUH, SUMATERA BARAT",4,17,231,248
https://kawalpemilu.org#13938,"BULAKAN BALAI KANDI, PAYAKUMBUH BARAT, KOTA PAYAKUMBUH, SUMATERA BARAT",5,16,175,191
https://kawalpemilu.org#13938,"BULAKAN BALAI KANDI, PAYAKUMBUH BARAT, KOTA PAYAKUMBUH, SUMATERA BARAT",6,30,163,193
https://kawalpemilu.org#13938,"BULAKAN BALAI KANDI, PAYAKUMBUH BARAT, KOTA PAYAKUMBUH, SUMATERA BARAT",7,28,173,201
https://kawalpemilu.org#13938,"BULAKAN BALAI KANDI, PAYAKUMBUH BARAT, KOTA PAYAKUMBUH, SUMATERA BARAT",8,13,179,192
https://kawalpemilu.org#13938,"BULAKAN BALAI KANDI, PAYAKUMBUH BARAT, KOTA PAYAKUMBUH, SUMATERA BARAT",9,16,189,205
https://kawalpemilu.org#13938,"BULAKAN BALAI KANDI, PAYAKUMBUH BARAT, KOTA PAYAKUMBUH, SUMATERA BARAT",10,13,199,212
https://kawalpemilu.org#13939,"PAYOLANSEK, PAYAKUMBUH BARAT, KOTA PAYAKUMBUH, SUMATERA BARAT",1,14,231,245
https://kawalpemilu.org#13939,"PAYOLANSEK, PAYAKUMBUH BARAT, KOTA PAYAKUMBUH, SUMATERA BARAT",2,31,140,171
https://kawalpemilu.org#13939,"PAYOLANSEK, PAYAKUMBUH BARAT, KOTA PAYAKUMBUH, SUMATERA BARAT",3,18,178,196
https://kawalpemilu.org#13939,"PAYOLANSEK, PAYAKUMBUH BARAT, KOTA PAYAKUMBUH, SUMATERA BARAT",4,17,155,172
https://kawalpemilu.org#13939,"PAYOLANSEK, PAYAKUMBUH BARAT, KOTA PAYAKUMBUH, SUMATERA BARAT",5,24,162,186
https://kawalpemilu.org#13939,"PAYOLANSEK, PAYAKUMBUH BARAT, KOTA PAYAKUMBUH, SUMATERA BARAT",6,27,168,195
https://kawalpemilu.org#13939,"PAYOLANSEK, PAYAKUMBUH BARAT, KOTA PAYAKUMBUH, SUMATERA BARAT",7,14,165,179
https://kawalpemilu.org#13939,"PAYOLANSEK, PAYAKUMBUH BARAT, KOTA PAYAKUMBUH, SUMATERA BARAT",8,18,175,193
https://kawalpemilu.org#13939,"PAYOLANSEK, PAYAKUMBUH BARAT, KOTA PAYAKUMBUH, SUMATERA BARAT",9,30,160,190
https://kawalpemilu.org#13939,"PAYOLANSEK, PAYAKUMBUH BARAT, KOTA PAYAKUMBUH, SUMATERA BARAT",10,23,175,198
https://kawalpemilu.org#13939,"PAYOLANSEK, PAYAKUMBUH BARAT, KOTA PAYAKUMBUH, SUMATERA BARAT",11,14,180,194
https://kawalpemilu.org#13939,"PAYOLANSEK, PAYAKUMBUH BARAT, KOTA PAYAKUMBUH, SUMATERA BARAT",12,26,168,194
https://kawalpemilu.org#13940,"TANJUANGGODANG SUNGAIPINAGO, PAYAKUMBUH BARAT, KOTA PAYAKUMBUH, SUMATERA BARAT",1,14,161,175
https://kawalpemilu.org#13940,"TANJUANGGODANG SUNGAIPINAGO, PAYAKUMBUH BARAT, KOTA PAYAKUMBUH, SUMATERA BARAT",2,11,142,153
https://kawalpemilu.org#13940,"TANJUANGGODANG SUNGAIPINAGO, PAYAKUMBUH BARAT, KOTA PAYAKUMBUH, SUMATERA BARAT",3,19,133,152
https://kawalpemilu.org#13940,"TANJUANGGODANG SUNGAIPINAGO, PAYAKUMBUH BARAT, KOTA PAYAKUMBUH, SUMATERA BARAT",4,12,149,161
https://kawalpemilu.org#13940,"TANJUANGGODANG SUNGAIPINAGO, PAYAKUMBUH BARAT, KOTA PAYAKUMBUH, SUMATERA BARAT",5,30,181,211
https://kawalpemilu.org#13940,"TANJUANGGODANG SUNGAIPINAGO, PAYAKUMBUH BARAT, KOTA PAYAKUMBUH, SUMATERA BARAT",6,33,202,235
https://kawalpemilu.org#13940,"TANJUANGGODANG SUNGAIPINAGO, PAYAKUMBUH BARAT, KOTA PAYAKUMBUH, SUMATERA BARAT",7,37,216,253
https://kawalpemilu.org#13940,"TANJUANGGODANG SUNGAIPINAGO, PAYAKUMBUH BARAT, KOTA PAYAKUMBUH, SUMATERA BARAT",8,12,207,219
https://kawalpemilu.org#13940,"TANJUANGGODANG SUNGAIPINAGO, PAYAKUMBUH BARAT, KOTA PAYAKUMBUH, SUMATERA BARAT",9,33,203,236
https://kawalpemilu.org#13940,"TANJUANGGODANG SUNGAIPINAGO, PAYAKUMBUH BARAT, KOTA PAYAKUMBUH, SUMATERA BARAT",10,37,185,222
https://kawalpemilu.org#13941,"TALANG, PAYAKUMBUH BARAT, KOTA PAYAKUMBUH, SUMATERA BARAT",1,17,234,251
https://kawalpemilu.org#13941,"TALANG, PAYAKUMBUH BARAT, KOTA PAYAKUMBUH, SUMATERA BARAT",2,12,213,225
https://kawalpemilu.org#13941,"TALANG, PAYAKUMBUH BARAT, KOTA PAYAKUMBUH, SUMATERA BARAT",3,31,183,214
https://kawalpemilu.org#13941,"TALANG, PAYAKUMBUH BARAT, KOTA PAYAKUMBUH, SUMATERA BARAT",4,29,186,215
https://kawalpemilu.org#13941,"TALANG, PAYAKUMBUH BARAT, KOTA PAYAKUMBUH, SUMATERA BARAT",5,28,187,215
https://kawalpemilu.org#13941,"TALANG, PAYAKUMBUH BARAT, KOTA PAYAKUMBUH, SUMATERA BARAT",6,23,169,192
https://kawalpemilu.org#13941,"TALANG, PAYAKUMBUH BARAT, KOTA PAYAKUMBUH, SUMATERA BARAT",7,32,173,205
https://kawalpemilu.org#13943,"PADANG TINGGI PILIANG, PAYAKUMBUH BARAT, KOTA PAYAKUMBUH, SUMATERA BARAT",1,30,196,226
https://kawalpemilu.org#13943,"PADANG TINGGI PILIANG, PAYAKUMBUH BARAT, KOTA PAYAKUMBUH, SUMATERA BARAT",2,33,207,240
https://kawalpemilu.org#13943,"PADANG TINGGI PILIANG, PAYAKUMBUH BARAT, KOTA PAYAKUMBUH, SUMATERA BARAT",3,33,186,219
https://kawalpemilu.org#13943,"PADANG TINGGI PILIANG, PAYAKUMBUH BARAT, KOTA PAYAKUMBUH, SUMATERA BARAT",4,46,182,228
https://kawalpemilu.org#13943,"PADANG TINGGI PILIANG, PAYAKUMBUH BARAT, KOTA PAYAKUMBUH, SUMATERA BARAT",5,42,179,221
https://kawalpemilu.org#13943,"PADANG TINGGI PILIANG, PAYAKUMBUH BARAT, KOTA PAYAKUMBUH, SUMATERA BARAT",7,34,195,229
https://kawalpemilu.org#13943,"PADANG TINGGI PILIANG, PAYAKUMBUH BARAT, KOTA PAYAKUMBUH, SUMATERA BARAT",8,26,166,192
https://kawalpemilu.org#13943,"PADANG TINGGI PILIANG, PAYAKUMBUH BARAT, KOTA PAYAKUMBUH, SUMATERA BARAT",9,32,205,237
https://kawalpemilu.org#13945,"KOTO TANGAH, PAYAKUMBUH BARAT, KOTA PAYAKUMBUH, SUMATERA BARAT",1,24,208,232
https://kawalpemilu.org#13945,"KOTO TANGAH, PAYAKUMBUH BARAT, KOTA PAYAKUMBUH, SUMATERA BARAT",2,11,190,201
https://kawalpemilu.org#13945,"KOTO TANGAH, PAYAKUMBUH BARAT, KOTA PAYAKUMBUH, SUMATERA BARAT",3,15,197,212
https://kawalpemilu.org#13945,"KOTO TANGAH, PAYAKUMBUH BARAT, KOTA PAYAKUMBUH, SUMATERA BARAT",4,18,201,219
https://kawalpemilu.org#13945,"KOTO TANGAH, PAYAKUMBUH BARAT, KOTA PAYAKUMBUH, SUMATERA BARAT",5,12,207,219
https://kawalpemilu.org#13946,"PADANGDATA TANAHMATI, PAYAKUMBUH BARAT, KOTA PAYAKUMBUH, SUMATERA BARAT",1,17,211,288
https://kawalpemilu.org#13946,"PADANGDATA TANAHMATI, PAYAKUMBUH BARAT, KOTA PAYAKUMBUH, SUMATERA BARAT",2,24,215,239
https://kawalpemilu.org#13946,"PADANGDATA TANAHMATI, PAYAKUMBUH BARAT, KOTA PAYAKUMBUH, SUMATERA BARAT",3,26,216,242
https://kawalpemilu.org#13946,"PADANGDATA TANAHMATI, PAYAKUMBUH BARAT, KOTA PAYAKUMBUH, SUMATERA BARAT",4,19,220,239
https://kawalpemilu.org#13946,"PADANGDATA TANAHMATI, PAYAKUMBUH BARAT, KOTA PAYAKUMBUH, SUMATERA BARAT",5,18,171,189
https://kawalpemilu.org#13946,"PADANGDATA TANAHMATI, PAYAKUMBUH BARAT, KOTA PAYAKUMBUH, SUMATERA BARAT",6,28,186,214
https://kawalpemilu.org#13946,"PADANGDATA TANAHMATI, PAYAKUMBUH BARAT, KOTA PAYAKUMBUH, SUMATERA BARAT",7,26,199,225
https://kawalpemilu.org#13947,"SUBARANG BATUANG, PAYAKUMBUH BARAT, KOTA PAYAKUMBUH, SUMATERA BARAT",1,29,204,233
https://kawalpemilu.org#13947,"SUBARANG BATUANG, PAYAKUMBUH BARAT, KOTA PAYAKUMBUH, SUMATERA BARAT",2,21,220,241
https://kawalpemilu.org#13947,"SUBARANG BATUANG, PAYAKUMBUH BARAT, KOTA PAYAKUMBUH, SUMATERA BARAT",3,23,218,241
https://kawalpemilu.org#13947,"SUBARANG BATUANG, PAYAKUMBUH BARAT, KOTA PAYAKUMBUH, SUMATERA BARAT",4,28,211,239
https://kawalpemilu.org#13950,"PARIK RANTANG, PAYAKUMBUH BARAT, KOTA PAYAKUMBUH, SUMATERA BARAT",1,57,129,186
https://kawalpemilu.org#13950,"PARIK RANTANG, PAYAKUMBUH BARAT, KOTA PAYAKUMBUH, SUMATERA BARAT",2,23,183,206
https://kawalpemilu.org#13950,"PARIK RANTANG, PAYAKUMBUH BARAT, KOTA PAYAKUMBUH, SUMATERA BARAT",3,20,201,221
https://kawalpemilu.org#13950,"PARIK RANTANG, PAYAKUMBUH BARAT, KOTA PAYAKUMBUH, SUMATERA BARAT",4,29,184,213
https://kawalpemilu.org#13950,"PARIK RANTANG, PAYAKUMBUH BARAT, KOTA PAYAKUMBUH, SUMATERA BARAT",5,38,172,210
https://kawalpemilu.org#13950,"PARIK RANTANG, PAYAKUMBUH BARAT, KOTA PAYAKUMBUH, SUMATERA BARAT",6,24,190,214
https://kawalpemilu.org#13950,"PARIK RANTANG, PAYAKUMBUH BARAT, KOTA PAYAKUMBUH, SUMATERA BARAT",7,52,143,195
https://kawalpemilu.org#13950,"PARIK RANTANG, PAYAKUMBUH BARAT, KOTA PAYAKUMBUH, SUMATERA BARAT",8,50,164,214
https://kawalpemilu.org#13950,"PARIK RANTANG, PAYAKUMBUH BARAT, KOTA PAYAKUMBUH, SUMATERA BARAT",9,29,204,233
https://kawalpemilu.org#13950,"PARIK RANTANG, PAYAKUMBUH BARAT, KOTA PAYAKUMBUH, SUMATERA BARAT",10,28,214,242
https://kawalpemilu.org#13950,"PARIK RANTANG, PAYAKUMBUH BARAT, KOTA PAYAKUMBUH, SUMATERA BARAT",11,30,195,225
https://kawalpemilu.org#13950,"PARIK RANTANG, PAYAKUMBUH BARAT, KOTA PAYAKUMBUH, SUMATERA BARAT",12,41,189,230
https://kawalpemilu.org#13950,"PARIK RANTANG, PAYAKUMBUH BARAT, KOTA PAYAKUMBUH, SUMATERA BARAT",13,37,190,227
https://kawalpemilu.org#13951,"PARAK BATUANG, PAYAKUMBUH BARAT, KOTA PAYAKUMBUH, SUMATERA BARAT",1,40,167,207
https://kawalpemilu.org#13951,"PARAK BATUANG, PAYAKUMBUH BARAT, KOTA PAYAKUMBUH, SUMATERA BARAT",2,42,148,190
https://kawalpemilu.org#13951,"PARAK BATUANG, PAYAKUMBUH BARAT, KOTA PAYAKUMBUH, SUMATERA BARAT",3,28,132,160
https://kawalpemilu.org#13953,"NUNANG DAYA BANGUN, PAYAKUMBUH BARAT, KOTA PAYAKUMBUH, SUMATERA BARAT",1,32,195,227
https://kawalpemilu.org#13953,"NUNANG DAYA BANGUN, PAYAKUMBUH BARAT, KOTA PAYAKUMBUH, SUMATERA BARAT",2,65,131,196
https://kawalpemilu.org#13953,"NUNANG DAYA BANGUN, PAYAKUMBUH BARAT, KOTA PAYAKUMBUH, SUMATERA BARAT",3,28,188,216
https://kawalpemilu.org#13953,"NUNANG DAYA BANGUN, PAYAKUMBUH BARAT, KOTA PAYAKUMBUH, SUMATERA BARAT",4,23,165,188
https://kawalpemilu.org#13953,"NUNANG DAYA BANGUN, PAYAKUMBUH BARAT, KOTA PAYAKUMBUH, SUMATERA BARAT",5,29,168,197
https://kawalpemilu.org#13953,"NUNANG DAYA BANGUN, PAYAKUMBUH BARAT, KOTA PAYAKUMBUH, SUMATERA BARAT",6,89,70,151
https://kawalpemilu.org#13953,"NUNANG DAYA BANGUN, PAYAKUMBUH BARAT, KOTA PAYAKUMBUH, SUMATERA BARAT",7,36,164,200
https://kawalpemilu.org#13953,"NUNANG DAYA BANGUN, PAYAKUMBUH BARAT, KOTA PAYAKUMBUH, SUMATERA BARAT",8,36,134,170
https://kawalpemilu.org#13953,"NUNANG DAYA BANGUN, PAYAKUMBUH BARAT, KOTA PAYAKUMBUH, SUMATERA BARAT",9,22,185,207
https://kawalpemilu.org#13953,"NUNANG DAYA BANGUN, PAYAKUMBUH BARAT, KOTA PAYAKUMBUH, SUMATERA BARAT",10,29,137,166
https://kawalpemilu.org#13954,"LABUAH BASILANG, PAYAKUMBUH BARAT, KOTA PAYAKUMBUH, SUMATERA BARAT",1,58,218,276
https://kawalpemilu.org#13954,"LABUAH BASILANG, PAYAKUMBUH BARAT, KOTA PAYAKUMBUH, SUMATERA BARAT",2,41,212,253
https://kawalpemilu.org#13954,"LABUAH BASILANG, PAYAKUMBUH BARAT, KOTA PAYAKUMBUH, SUMATERA BARAT",3,50,207,257
https://kawalpemilu.org#13954,"LABUAH BASILANG, PAYAKUMBUH BARAT, KOTA PAYAKUMBUH, SUMATERA BARAT",4,37,190,227
https://kawalpemilu.org#13955,"IBUAH, PAYAKUMBUH BARAT, KOTA PAYAKUMBUH, SUMATERA BARAT",1,23,196,219
https://kawalpemilu.org#13955,"IBUAH, PAYAKUMBUH BARAT, KOTA PAYAKUMBUH, SUMATERA BARAT",2,31,186,217
https://kawalpemilu.org#13955,"IBUAH, PAYAKUMBUH BARAT, KOTA PAYAKUMBUH, SUMATERA BARAT",3,20,184,204
https://kawalpemilu.org#13955,"IBUAH, PAYAKUMBUH BARAT, KOTA PAYAKUMBUH, SUMATERA BARAT",4,17,213,230
https://kawalpemilu.org#13955,"IBUAH, PAYAKUMBUH BARAT, KOTA PAYAKUMBUH, SUMATERA BARAT",5,51,170,221
https://kawalpemilu.org#13955,"IBUAH, PAYAKUMBUH BARAT, KOTA PAYAKUMBUH, SUMATERA BARAT",6,29,191,220
https://kawalpemilu.org#13955,"IBUAH, PAYAKUMBUH BARAT, KOTA PAYAKUMBUH, SUMATERA BARAT",7,36,209,245
https://kawalpemilu.org#13955,"IBUAH, PAYAKUMBUH BARAT, KOTA PAYAKUMBUH, SUMATERA BARAT",8,22,207,229
https://kawalpemilu.org#13955,"IBUAH, PAYAKUMBUH BARAT, KOTA PAYAKUMBUH, SUMATERA BARAT",9,24,207,231
https://kawalpemilu.org#13955,"IBUAH, PAYAKUMBUH BARAT, KOTA PAYAKUMBUH, SUMATERA BARAT",10,22,172,194
https://kawalpemilu.org#13955,"IBUAH, PAYAKUMBUH BARAT, KOTA PAYAKUMBUH, SUMATERA BARAT",11,32,171,203
https://kawalpemilu.org#13956,"TANJUNG PAUH, PAYAKUMBUH BARAT, KOTA PAYAKUMBUH, SUMATERA BARAT",1,41,203,244
https://kawalpemilu.org#13956,"TANJUNG PAUH, PAYAKUMBUH BARAT, KOTA PAYAKUMBUH, SUMATERA BARAT",2,46,203,249
https://kawalpemilu.org#13956,"TANJUNG PAUH, PAYAKUMBUH BARAT, KOTA PAYAKUMBUH, SUMATERA BARAT",3,29,192,221
https://kawalpemilu.org#13956,"TANJUNG PAUH, PAYAKUMBUH BARAT, KOTA PAYAKUMBUH, SUMATERA BARAT",4,26,186,212
https://kawalpemilu.org#13956,"TANJUNG PAUH, PAYAKUMBUH BARAT, KOTA PAYAKUMBUH, SUMATERA BARAT",5,35,204,239
https://kawalpemilu.org#13956,"TANJUNG PAUH, PAYAKUMBUH BARAT, KOTA PAYAKUMBUH, SUMATERA BARAT",6,23,206,229
https://kawalpemilu.org#13956,"TANJUNG PAUH, PAYAKUMBUH BARAT, KOTA PAYAKUMBUH, SUMATERA BARAT",7,23,222,245
https://kawalpemilu.org#13956,"TANJUNG PAUH, PAYAKUMBUH BARAT, KOTA PAYAKUMBUH, SUMATERA BARAT",8,34,207,241
https://kawalpemilu.org#13967,"KAPALO KOTO DIBALAI, PAYAKUMBUH UTARA, KOTA PAYAKUMBUH, SUMATERA BARAT",1,21,170,191
https://kawalpemilu.org#13967,"KAPALO KOTO DIBALAI, PAYAKUMBUH UTARA, KOTA PAYAKUMBUH, SUMATERA BARAT",2,28,207,235
https://kawalpemilu.org#13967,"KAPALO KOTO DIBALAI, PAYAKUMBUH UTARA, KOTA PAYAKUMBUH, SUMATERA BARAT",3,34,191,225
https://kawalpemilu.org#13967,"KAPALO KOTO DIBALAI, PAYAKUMBUH UTARA, KOTA PAYAKUMBUH, SUMATERA BARAT",4,15,190,205
https://kawalpemilu.org#13967,"KAPALO KOTO DIBALAI, PAYAKUMBUH UTARA, KOTA PAYAKUMBUH, SUMATERA BARAT",5,21,167,188
https://kawalpemilu.org#13967,"KAPALO KOTO DIBALAI, PAYAKUMBUH UTARA, KOTA PAYAKUMBUH, SUMATERA BARAT",6,21,160,181
https://kawalpemilu.org#13967,"KAPALO KOTO DIBALAI, PAYAKUMBUH UTARA, KOTA PAYAKUMBUH, SUMATERA BARAT",7,17,133,150
https://kawalpemilu.org#13967,"KAPALO KOTO DIBALAI, PAYAKUMBUH UTARA, KOTA PAYAKUMBUH, SUMATERA BARAT",8,30,111,141
https://kawalpemilu.org#13967,"KAPALO KOTO DIBALAI, PAYAKUMBUH UTARA, KOTA PAYAKUMBUH, SUMATERA BARAT",9,16,202,218
https://kawalpemilu.org#13967,"KAPALO KOTO DIBALAI, PAYAKUMBUH UTARA, KOTA PAYAKUMBUH, SUMATERA BARAT",10,18,174,192
https://kawalpemilu.org#13967,"KAPALO KOTO DIBALAI, PAYAKUMBUH UTARA, KOTA PAYAKUMBUH, SUMATERA BARAT",11,28,182,210
https://kawalpemilu.org#13968,"NAPAR, PAYAKUMBUH UTARA, KOTA PAYAKUMBUH, SUMATERA BARAT",1,27,176,203
https://kawalpemilu.org#13968,"NAPAR, PAYAKUMBUH UTARA, KOTA PAYAKUMBUH, SUMATERA BARAT",2,24,181,205
https://kawalpemilu.org#13968,"NAPAR, PAYAKUMBUH UTARA, KOTA PAYAKUMBUH, SUMATERA BARAT",3,23,192,215
https://kawalpemilu.org#13968,"NAPAR, PAYAKUMBUH UTARA, KOTA PAYAKUMBUH, SUMATERA BARAT",4,23,164,187
https://kawalpemilu.org#13968,"NAPAR, PAYAKUMBUH UTARA, KOTA PAYAKUMBUH, SUMATERA BARAT",5,23,180,203
https://kawalpemilu.org#13968,"NAPAR, PAYAKUMBUH UTARA, KOTA PAYAKUMBUH, SUMATERA BARAT",6,27,208,235
https://kawalpemilu.org#13968,"NAPAR, PAYAKUMBUH UTARA, KOTA PAYAKUMBUH, SUMATERA BARAT",7,34,185,219
https://kawalpemilu.org#13969,"TIGO KOTO DIATE, PAYAKUMBUH UTARA, KOTA PAYAKUMBUH, SUMATERA BARAT",1,20,216,236
https://kawalpemilu.org#13969,"TIGO KOTO DIATE, PAYAKUMBUH UTARA, KOTA PAYAKUMBUH, SUMATERA BARAT",2,21,188,209
https://kawalpemilu.org#13969,"TIGO KOTO DIATE, PAYAKUMBUH UTARA, KOTA PAYAKUMBUH, SUMATERA BARAT",3,17,198,215
https://kawalpemilu.org#13969,"TIGO KOTO DIATE, PAYAKUMBUH UTARA, KOTA PAYAKUMBUH, SUMATERA BARAT",4,29,184,213
https://kawalpemilu.org#13969,"TIGO KOTO DIATE, PAYAKUMBUH UTARA, KOTA PAYAKUMBUH, SUMATERA BARAT",5,25,193,218
https://kawalpemilu.org#13969,"TIGO KOTO DIATE, PAYAKUMBUH UTARA, KOTA PAYAKUMBUH, SUMATERA BARAT",6,16,178,194
https://kawalpemilu.org#13969,"TIGO KOTO DIATE, PAYAKUMBUH UTARA, KOTA PAYAKUMBUH, SUMATERA BARAT",7,22,178,200
https://kawalpemilu.org#13969,"TIGO KOTO DIATE, PAYAKUMBUH UTARA, KOTA PAYAKUMBUH, SUMATERA BARAT",8,13,169,182
https://kawalpemilu.org#13969,"TIGO KOTO DIATE, PAYAKUMBUH UTARA, KOTA PAYAKUMBUH, SUMATERA BARAT",9,7,190,197
https://kawalpemilu.org#13969,"TIGO KOTO DIATE, PAYAKUMBUH UTARA, KOTA PAYAKUMBUH, SUMATERA BARAT",10,14,214,228
https://kawalpemilu.org#13969,"TIGO KOTO DIATE, PAYAKUMBUH UTARA, KOTA PAYAKUMBUH, SUMATERA BARAT",11,22,192,214
https://kawalpemilu.org#13969,"TIGO KOTO DIATE, PAYAKUMBUH UTARA, KOTA PAYAKUMBUH, SUMATERA BARAT",12,24,222,246
https://kawalpemilu.org#13969,"TIGO KOTO DIATE, PAYAKUMBUH UTARA, KOTA PAYAKUMBUH, SUMATERA BARAT",13,28,202,230
https://kawalpemilu.org#13973,"OMPANG TANAH SIRAH, PAYAKUMBUH UTARA, KOTA PAYAKUMBUH, SUMATERA BARAT",1,25,245,270
https://kawalpemilu.org#13973,"OMPANG TANAH SIRAH, PAYAKUMBUH UTARA, KOTA PAYAKUMBUH, SUMATERA BARAT",2,25,219,244
https://kawalpemilu.org#13973,"OMPANG TANAH SIRAH, PAYAKUMBUH UTARA, KOTA PAYAKUMBUH, SUMATERA BARAT",3,11,256,267
https://kawalpemilu.org#13973,"OMPANG TANAH SIRAH, PAYAKUMBUH UTARA, KOTA PAYAKUMBUH, SUMATERA BARAT",4,18,231,249
https://kawalpemilu.org#13973,"OMPANG TANAH SIRAH, PAYAKUMBUH UTARA, KOTA PAYAKUMBUH, SUMATERA BARAT",5,12,223,235
https://kawalpemilu.org#13973,"OMPANG TANAH SIRAH, PAYAKUMBUH UTARA, KOTA PAYAKUMBUH, SUMATERA BARAT",6,15,241,256
https://kawalpemilu.org#13973,"OMPANG TANAH SIRAH, PAYAKUMBUH UTARA, KOTA PAYAKUMBUH, SUMATERA BARAT",7,7,230,237
https://kawalpemilu.org#13976,"TARATAK PADANG KAMPUANG, PAYAKUMBUH UTARA, KOTA PAYAKUMBUH, SUMATERA BARAT",1,19,158,177
https://kawalpemilu.org#13976,"TARATAK PADANG KAMPUANG, PAYAKUMBUH UTARA, KOTA PAYAKUMBUH, SUMATERA BARAT",2,21,177,198
https://kawalpemilu.org#13976,"TARATAK PADANG KAMPUANG, PAYAKUMBUH UTARA, KOTA PAYAKUMBUH, SUMATERA BARAT",3,29,167,196
https://kawalpemilu.org#13976,"TARATAK PADANG KAMPUANG, PAYAKUMBUH UTARA, KOTA PAYAKUMBUH, SUMATERA BARAT",4,25,173,198
https://kawalpemilu.org#13976,"TARATAK PADANG KAMPUANG, PAYAKUMBUH UTARA, KOTA PAYAKUMBUH, SUMATERA BARAT",5,24,164,188
https://kawalpemilu.org#13978,"TIGO KOTO DIBARUAH, PAYAKUMBUH UTARA, KOTA PAYAKUMBUH, SUMATERA BARAT",1,36,210,246
https://kawalpemilu.org#13978,"TIGO KOTO DIBARUAH, PAYAKUMBUH UTARA, KOTA PAYAKUMBUH, SUMATERA BARAT",2,43,181,224
https://kawalpemilu.org#13978,"TIGO KOTO DIBARUAH, PAYAKUMBUH UTARA, KOTA PAYAKUMBUH, SUMATERA BARAT",3,33,200,233
https://kawalpemilu.org#13978,"TIGO KOTO DIBARUAH, PAYAKUMBUH UTARA, KOTA PAYAKUMBUH, SUMATERA BARAT",4,36,194,230
https://kawalpemilu.org#13978,"TIGO KOTO DIBARUAH, PAYAKUMBUH UTARA, KOTA PAYAKUMBUH, SUMATERA BARAT",5,32,176,208
https://kawalpemilu.org#13978,"TIGO KOTO DIBARUAH, PAYAKUMBUH UTARA, KOTA PAYAKUMBUH, SUMATERA BARAT",6,27,199,226
https://kawalpemilu.org#13978,"TIGO KOTO DIBARUAH, PAYAKUMBUH UTARA, KOTA PAYAKUMBUH, SUMATERA BARAT",7,19,205,224
https://kawalpemilu.org#13978,"TIGO KOTO DIBARUAH, PAYAKUMBUH UTARA, KOTA PAYAKUMBUH, SUMATERA BARAT",8,24,219,243
https://kawalpemilu.org#13978,"TIGO KOTO DIBARUAH, PAYAKUMBUH UTARA, KOTA PAYAKUMBUH, SUMATERA BARAT",9,38,202,240
https://kawalpemilu.org#13978,"TIGO KOTO DIBARUAH, PAYAKUMBUH UTARA, KOTA PAYAKUMBUH, SUMATERA BARAT",10,31,215,246
https://kawalpemilu.org#13980,"IKUA KOTO DIBALAI, PAYAKUMBUH UTARA, KOTA PAYAKUMBUH, SUMATERA BARAT",1,22,213,235
https://kawalpemilu.org#13980,"IKUA KOTO DIBALAI, PAYAKUMBUH UTARA, KOTA PAYAKUMBUH, SUMATERA BARAT",2,9,207,216
https://kawalpemilu.org#13980,"IKUA KOTO DIBALAI, PAYAKUMBUH UTARA, KOTA PAYAKUMBUH, SUMATERA BARAT",3,10,187,197
https://kawalpemilu.org#13980,"IKUA KOTO DIBALAI, PAYAKUMBUH UTARA, KOTA PAYAKUMBUH, SUMATERA BARAT",4,14,202,216
https://kawalpemilu.org#13980,"IKUA KOTO DIBALAI, PAYAKUMBUH UTARA, KOTA PAYAKUMBUH, SUMATERA BARAT",5,13,164,177
https://kawalpemilu.org#13980,"IKUA KOTO DIBALAI, PAYAKUMBUH UTARA, KOTA PAYAKUMBUH, SUMATERA BARAT",6,15,142,157
https://kawalpemilu.org#13980,"IKUA KOTO DIBALAI, PAYAKUMBUH UTARA, KOTA PAYAKUMBUH, SUMATERA BARAT",7,10,200,210
https://kawalpemilu.org#13980,"IKUA KOTO DIBALAI, PAYAKUMBUH UTARA, KOTA PAYAKUMBUH, SUMATERA BARAT",8,14,189,203
https://kawalpemilu.org#13980,"IKUA KOTO DIBALAI, PAYAKUMBUH UTARA, KOTA PAYAKUMBUH, SUMATERA BARAT",9,18,211,229
https://kawalpemilu.org#13980,"IKUA KOTO DIBALAI, PAYAKUMBUH UTARA, KOTA PAYAKUMBUH, SUMATERA BARAT",10,28,190,218
https://kawalpemilu.org#13984,"BALAI TONGAH KOTO, PAYAKUMBUH UTARA, KOTA PAYAKUMBUH, SUMATERA BARAT",1,21,171,192
https://kawalpemilu.org#13984,"BALAI TONGAH KOTO, PAYAKUMBUH UTARA, KOTA PAYAKUMBUH, SUMATERA BARAT",2,55,178,233
https://kawalpemilu.org#13984,"BALAI TONGAH KOTO, PAYAKUMBUH UTARA, KOTA PAYAKUMBUH, SUMATERA BARAT",3,28,182,210
https://kawalpemilu.org#13984,"BALAI TONGAH KOTO, PAYAKUMBUH UTARA, KOTA PAYAKUMBUH, SUMATERA BARAT",4,5,169,174
https://kawalpemilu.org#13984,"BALAI TONGAH KOTO, PAYAKUMBUH UTARA, KOTA PAYAKUMBUH, SUMATERA BARAT",5,29,174,203
https://kawalpemilu.org#13984,"BALAI TONGAH KOTO, PAYAKUMBUH UTARA, KOTA PAYAKUMBUH, SUMATERA BARAT",6,22,178,200
https://kawalpemilu.org#13984,"BALAI TONGAH KOTO, PAYAKUMBUH UTARA, KOTA PAYAKUMBUH, SUMATERA BARAT",7,23,178,201
https://kawalpemilu.org#13984,"BALAI TONGAH KOTO, PAYAKUMBUH UTARA, KOTA PAYAKUMBUH, SUMATERA BARAT",8,22,171,193
https://kawalpemilu.org#13988,"KOTOKOCIAK KUBU TAPAKRAJO, PAYAKUMBUH UTARA, KOTA PAYAKUMBUH, SUMATERA BARAT",1,34,204,238
https://kawalpemilu.org#13988,"KOTOKOCIAK KUBU TAPAKRAJO, PAYAKUMBUH UTARA, KOTA PAYAKUMBUH, SUMATERA BARAT",2,37,203,240
https://kawalpemilu.org#13988,"KOTOKOCIAK KUBU TAPAKRAJO, PAYAKUMBUH UTARA, KOTA PAYAKUMBUH, SUMATERA BARAT",3,46,204,250
https://kawalpemilu.org#13988,"KOTOKOCIAK KUBU TAPAKRAJO, PAYAKUMBUH UTARA, KOTA PAYAKUMBUH, SUMATERA BARAT",4,19,187,206
https://kawalpemilu.org#13988,"KOTOKOCIAK KUBU TAPAKRAJO, PAYAKUMBUH UTARA, KOTA PAYAKUMBUH, SUMATERA BARAT",5,25,178,203
https://kawalpemilu.org#13988,"KOTOKOCIAK KUBU TAPAKRAJO, PAYAKUMBUH UTARA, KOTA PAYAKUMBUH, SUMATERA BARAT",6,24,202,226
https://kawalpemilu.org#13988,"KOTOKOCIAK KUBU TAPAKRAJO, PAYAKUMBUH UTARA, KOTA PAYAKUMBUH, SUMATERA BARAT",7,33,209,242
https://kawalpemilu.org#13988,"KOTOKOCIAK KUBU TAPAKRAJO, PAYAKUMBUH UTARA, KOTA PAYAKUMBUH, SUMATERA BARAT",8,35,192,227
https://kawalpemilu.org#13988,"KOTOKOCIAK KUBU TAPAKRAJO, PAYAKUMBUH UTARA, KOTA PAYAKUMBUH, SUMATERA BARAT",9,21,173,194
https://kawalpemilu.org#13988,"KOTOKOCIAK KUBU TAPAKRAJO, PAYAKUMBUH UTARA, KOTA PAYAKUMBUH, SUMATERA BARAT",10,14,172,186
https://kawalpemilu.org#13988,"KOTOKOCIAK KUBU TAPAKRAJO, PAYAKUMBUH UTARA, KOTA PAYAKUMBUH, SUMATERA BARAT",11,32,175,207
https://kawalpemilu.org#13988,"KOTOKOCIAK KUBU TAPAKRAJO, PAYAKUMBUH UTARA, KOTA PAYAKUMBUH, SUMATERA BARAT",12,24,183,207
https://kawalpemilu.org#13988,"KOTOKOCIAK KUBU TAPAKRAJO, PAYAKUMBUH UTARA, KOTA PAYAKUMBUH, SUMATERA BARAT",13,22,177,199
https://kawalpemilu.org#13988,"KOTOKOCIAK KUBU TAPAKRAJO, PAYAKUMBUH UTARA, KOTA PAYAKUMBUH, SUMATERA BARAT",14,13,158,171
https://kawalpemilu.org#13996,"BALAI JARING, PAYAKUMBUH TIMUR, KOTA PAYAKUMBUH, SUMATERA BARAT",1,24,201,225
https://kawalpemilu.org#13996,"BALAI JARING, PAYAKUMBUH TIMUR, KOTA PAYAKUMBUH, SUMATERA BARAT",2,30,194,224
https://kawalpemilu.org#13996,"BALAI JARING, PAYAKUMBUH TIMUR, KOTA PAYAKUMBUH, SUMATERA BARAT",3,22,190,212
https://kawalpemilu.org#13996,"BALAI JARING, PAYAKUMBUH TIMUR, KOTA PAYAKUMBUH, SUMATERA BARAT",4,32,190,222
https://kawalpemilu.org#13996,"BALAI JARING, PAYAKUMBUH TIMUR, KOTA PAYAKUMBUH, SUMATERA BARAT",5,45,170,215
https://kawalpemilu.org#13996,"BALAI JARING, PAYAKUMBUH TIMUR, KOTA PAYAKUMBUH, SUMATERA BARAT",6,14,203,217
https://kawalpemilu.org#13998,"PADANG TANGAH PAYOBADAR, PAYAKUMBUH TIMUR, KOTA PAYAKUMBUH, SUMATERA BARAT",1,26,210,236
https://kawalpemilu.org#13998,"PADANG TANGAH PAYOBADAR, PAYAKUMBUH TIMUR, KOTA PAYAKUMBUH, SUMATERA BARAT",2,29,211,240
https://kawalpemilu.org#13998,"PADANG TANGAH PAYOBADAR, PAYAKUMBUH TIMUR, KOTA PAYAKUMBUH, SUMATERA BARAT",3,55,194,249
https://kawalpemilu.org#13998,"PADANG TANGAH PAYOBADAR, PAYAKUMBUH TIMUR, KOTA PAYAKUMBUH, SUMATERA BARAT",4,22,208,230
https://kawalpemilu.org#13998,"PADANG TANGAH PAYOBADAR, PAYAKUMBUH TIMUR, KOTA PAYAKUMBUH, SUMATERA BARAT",5,32,199,231
https://kawalpemilu.org#13998,"PADANG TANGAH PAYOBADAR, PAYAKUMBUH TIMUR, KOTA PAYAKUMBUH, SUMATERA BARAT",6,60,160,220
https://kawalpemilu.org#13998,"PADANG TANGAH PAYOBADAR, PAYAKUMBUH TIMUR, KOTA PAYAKUMBUH, SUMATERA BARAT",7,15,204,219
https://kawalpemilu.org#13998,"PADANG TANGAH PAYOBADAR, PAYAKUMBUH TIMUR, KOTA PAYAKUMBUH, SUMATERA BARAT",8,23,152,175
https://kawalpemilu.org#13998,"PADANG TANGAH PAYOBADAR, PAYAKUMBUH TIMUR, KOTA PAYAKUMBUH, SUMATERA BARAT",9,15,160,175
https://kawalpemilu.org#13999,"PADANG ALAI BODI, PAYAKUMBUH TIMUR, KOTA PAYAKUMBUH, SUMATERA BARAT",1,8,231,239
https://kawalpemilu.org#13999,"PADANG ALAI BODI, PAYAKUMBUH TIMUR, KOTA PAYAKUMBUH, SUMATERA BARAT",2,28,227,255
https://kawalpemilu.org#13999,"PADANG ALAI BODI, PAYAKUMBUH TIMUR, KOTA PAYAKUMBUH, SUMATERA BARAT",3,7,209,216
https://kawalpemilu.org#13999,"PADANG ALAI BODI, PAYAKUMBUH TIMUR, KOTA PAYAKUMBUH, SUMATERA BARAT",4,20,203,223
https://kawalpemilu.org#13999,"PADANG ALAI BODI, PAYAKUMBUH TIMUR, KOTA PAYAKUMBUH, SUMATERA BARAT",5,23,208,231
https://kawalpemilu.org#13999,"PADANG ALAI BODI, PAYAKUMBUH TIMUR, KOTA PAYAKUMBUH, SUMATERA BARAT",6,20,196,216
https://kawalpemilu.org#14001,"SICINCIN, PAYAKUMBUH TIMUR, KOTA PAYAKUMBUH, SUMATERA BARAT",1,28,248,276
https://kawalpemilu.org#14001,"SICINCIN, PAYAKUMBUH TIMUR, KOTA PAYAKUMBUH, SUMATERA BARAT",2,28,248,276
https://kawalpemilu.org#14001,"SICINCIN, PAYAKUMBUH TIMUR, KOTA PAYAKUMBUH, SUMATERA BARAT",3,26,220,246
https://kawalpemilu.org#14001,"SICINCIN, PAYAKUMBUH TIMUR, KOTA PAYAKUMBUH, SUMATERA BARAT",4,37,202,239
https://kawalpemilu.org#14001,"SICINCIN, PAYAKUMBUH TIMUR, KOTA PAYAKUMBUH, SUMATERA BARAT",5,34,183,217
https://kawalpemilu.org#14001,"SICINCIN, PAYAKUMBUH TIMUR, KOTA PAYAKUMBUH, SUMATERA BARAT",6,28,191,219
https://kawalpemilu.org#14001,"SICINCIN, PAYAKUMBUH TIMUR, KOTA PAYAKUMBUH, SUMATERA BARAT",7,24,204,228
https://kawalpemilu.org#14002,"PADANG TIAKAR, PAYAKUMBUH TIMUR, KOTA PAYAKUMBUH, SUMATERA BARAT",1,28,192,220
https://kawalpemilu.org#14002,"PADANG TIAKAR, PAYAKUMBUH TIMUR, KOTA PAYAKUMBUH, SUMATERA BARAT",2,21,205,226
https://kawalpemilu.org#14002,"PADANG TIAKAR, PAYAKUMBUH TIMUR, KOTA PAYAKUMBUH, SUMATERA BARAT",3,39,175,214
https://kawalpemilu.org#14002,"PADANG TIAKAR, PAYAKUMBUH TIMUR, KOTA PAYAKUMBUH, SUMATERA BARAT",4,44,188,232
https://kawalpemilu.org#14002,"PADANG TIAKAR, PAYAKUMBUH TIMUR, KOTA PAYAKUMBUH, SUMATERA BARAT",5,21,206,227
https://kawalpemilu.org#14002,"PADANG TIAKAR, PAYAKUMBUH TIMUR, KOTA PAYAKUMBUH, SUMATERA BARAT",6,26,193,219
https://kawalpemilu.org#14002,"PADANG TIAKAR, PAYAKUMBUH TIMUR, KOTA PAYAKUMBUH, SUMATERA BARAT",7,4,199,203
https://kawalpemilu.org#14002,"PADANG TIAKAR, PAYAKUMBUH TIMUR, KOTA PAYAKUMBUH, SUMATERA BARAT",8,23,195,218
https://kawalpemilu.org#14002,"PADANG TIAKAR, PAYAKUMBUH TIMUR, KOTA PAYAKUMBUH, SUMATERA BARAT",9,20,207,227
https://kawalpemilu.org#14002,"PADANG TIAKAR, PAYAKUMBUH TIMUR, KOTA PAYAKUMBUH, SUMATERA BARAT",10,35,203,238
https://kawalpemilu.org#14002,"PADANG TIAKAR, PAYAKUMBUH TIMUR, KOTA PAYAKUMBUH, SUMATERA BARAT",11,17,189,206
https://kawalpemilu.org#14004,"PAYOBASUNG, PAYAKUMBUH TIMUR, KOTA PAYAKUMBUH, SUMATERA BARAT",1,71,143,214
https://kawalpemilu.org#14004,"PAYOBASUNG, PAYAKUMBUH TIMUR, KOTA PAYAKUMBUH, SUMATERA BARAT",2,77,154,231
https://kawalpemilu.org#14004,"PAYOBASUNG, PAYAKUMBUH TIMUR, KOTA PAYAKUMBUH, SUMATERA BARAT",3,65,168,233
https://kawalpemilu.org#14004,"PAYOBASUNG, PAYAKUMBUH TIMUR, KOTA PAYAKUMBUH, SUMATERA BARAT",4,69,145,214
https://kawalpemilu.org#14004,"PAYOBASUNG, PAYAKUMBUH TIMUR, KOTA PAYAKUMBUH, SUMATERA BARAT",5,67,138,205
https://kawalpemilu.org#14004,"PAYOBASUNG, PAYAKUMBUH TIMUR, KOTA PAYAKUMBUH, SUMATERA BARAT",6,59,178,237
https://kawalpemilu.org#14005,"KOTO PANJANG, PAYAKUMBUH TIMUR, KOTA PAYAKUMBUH, SUMATERA BARAT",1,71,129,200
https://kawalpemilu.org#14005,"KOTO PANJANG, PAYAKUMBUH TIMUR, KOTA PAYAKUMBUH, SUMATERA BARAT",2,55,182,237
https://kawalpemilu.org#14005,"KOTO PANJANG, PAYAKUMBUH TIMUR, KOTA PAYAKUMBUH, SUMATERA BARAT",3,38,187,225
https://kawalpemilu.org#14005,"KOTO PANJANG, PAYAKUMBUH TIMUR, KOTA PAYAKUMBUH, SUMATERA BARAT",4,54,176,230
https://kawalpemilu.org#14005,"KOTO PANJANG, PAYAKUMBUH TIMUR, KOTA PAYAKUMBUH, SUMATERA BARAT",5,40,182,222
https://kawalpemilu.org#14005,"KOTO PANJANG, PAYAKUMBUH TIMUR, KOTA PAYAKUMBUH, SUMATERA BARAT",6,30,192,222
https://kawalpemilu.org#14006,"KOTO BARU, PAYAKUMBUH TIMUR, KOTA PAYAKUMBUH, SUMATERA BARAT",1,19,202,221
https://kawalpemilu.org#14006,"KOTO BARU, PAYAKUMBUH TIMUR, KOTA PAYAKUMBUH, SUMATERA BARAT",2,24,204,228
https://kawalpemilu.org#14006,"KOTO BARU, PAYAKUMBUH TIMUR, KOTA PAYAKUMBUH, SUMATERA BARAT",3,21,216,237
https://kawalpemilu.org#14006,"KOTO BARU, PAYAKUMBUH TIMUR, KOTA PAYAKUMBUH, SUMATERA BARAT",4,35,183,218
https://kawalpemilu.org#14006,"KOTO BARU, PAYAKUMBUH TIMUR, KOTA PAYAKUMBUH, SUMATERA BARAT",5,22,209,231
https://kawalpemilu.org#14009,"TIAKAR, PAYAKUMBUH TIMUR, KOTA PAYAKUMBUH, SUMATERA BARAT",1,41,182,223
https://kawalpemilu.org#14009,"TIAKAR, PAYAKUMBUH TIMUR, KOTA PAYAKUMBUH, SUMATERA BARAT",2,40,185,225
https://kawalpemilu.org#14009,"TIAKAR, PAYAKUMBUH TIMUR, KOTA PAYAKUMBUH, SUMATERA BARAT",3,49,179,228
https://kawalpemilu.org#14009,"TIAKAR, PAYAKUMBUH TIMUR, KOTA PAYAKUMBUH, SUMATERA BARAT",4,36,164,200
https://kawalpemilu.org#14009,"TIAKAR, PAYAKUMBUH TIMUR, KOTA PAYAKUMBUH, SUMATERA BARAT",5,31,169,200
https://kawalpemilu.org#14009,"TIAKAR, PAYAKUMBUH TIMUR, KOTA PAYAKUMBUH, SUMATERA BARAT",6,37,203,240
https://kawalpemilu.org#14009,"TIAKAR, PAYAKUMBUH TIMUR, KOTA PAYAKUMBUH, SUMATERA BARAT",7,94,152,246
https://kawalpemilu.org#14009,"TIAKAR, PAYAKUMBUH TIMUR, KOTA PAYAKUMBUH, SUMATERA BARAT",8,32,199,231
https://kawalpemilu.org#14009,"TIAKAR, PAYAKUMBUH TIMUR, KOTA PAYAKUMBUH, SUMATERA BARAT",9,44,192,236
https://kawalpemilu.org#14009,"TIAKAR, PAYAKUMBUH TIMUR, KOTA PAYAKUMBUH, SUMATERA BARAT",10,39,189,228
https://kawalpemilu.org#14009,"TIAKAR, PAYAKUMBUH TIMUR, KOTA PAYAKUMBUH, SUMATERA BARAT",11,47,163,210
https://kawalpemilu.org#14009,"TIAKAR, PAYAKUMBUH TIMUR, KOTA PAYAKUMBUH, SUMATERA BARAT",12,13,176,189
https://kawalpemilu.org#13993,"PARAMBAHAN, LAMPOSI TIGO NAGORI, KOTA PAYAKUMBUH, SUMATERA BARAT",1,28,208,236
https://kawalpemilu.org#13993,"PARAMBAHAN, LAMPOSI TIGO NAGORI, KOTA PAYAKUMBUH, SUMATERA BARAT",2,27,206,233
https://kawalpemilu.org#13993,"PARAMBAHAN, LAMPOSI TIGO NAGORI, KOTA PAYAKUMBUH, SUMATERA BARAT",3,33,183,216
https://kawalpemilu.org#84450,"PARIT MUKO AIE, LAMPOSI TIGO NAGORI, KOTA PAYAKUMBUH, SUMATERA BARAT",1,15,197,212
https://kawalpemilu.org#84450,"PARIT MUKO AIE, LAMPOSI TIGO NAGORI, KOTA PAYAKUMBUH, SUMATERA BARAT",2,36,172,208
https://kawalpemilu.org#84450,"PARIT MUKO AIE, LAMPOSI TIGO NAGORI, KOTA PAYAKUMBUH, SUMATERA BARAT",3,23,165,188
https://kawalpemilu.org#84450,"PARIT MUKO AIE, LAMPOSI TIGO NAGORI, KOTA PAYAKUMBUH, SUMATERA BARAT",4,8,183,191
https://kawalpemilu.org#84451,"KOTO PANJANG PADANG, LAMPOSI TIGO NAGORI, KOTA PAYAKUMBUH, SUMATERA BARAT",1,17,223,240
https://kawalpemilu.org#84451,"KOTO PANJANG PADANG, LAMPOSI TIGO NAGORI, KOTA PAYAKUMBUH, SUMATERA BARAT",2,26,208,234
https://kawalpemilu.org#84451,"KOTO PANJANG PADANG, LAMPOSI TIGO NAGORI, KOTA PAYAKUMBUH, SUMATERA BARAT",3,27,217,244
https://kawalpemilu.org#84451,"KOTO PANJANG PADANG, LAMPOSI TIGO NAGORI, KOTA PAYAKUMBUH, SUMATERA BARAT",4,27,212,239
https://kawalpemilu.org#84452,"KOTO PANJANG DALAM, LAMPOSI TIGO NAGORI, KOTA PAYAKUMBUH, SUMATERA BARAT",1,18,204,222
https://kawalpemilu.org#84452,"KOTO PANJANG DALAM, LAMPOSI TIGO NAGORI, KOTA PAYAKUMBUH, SUMATERA BARAT",2,17,199,216
https://kawalpemilu.org#84452,"KOTO PANJANG DALAM, LAMPOSI TIGO NAGORI, KOTA PAYAKUMBUH, SUMATERA BARAT",3,19,196,215
https://kawalpemilu.org#84452,"KOTO PANJANG DALAM, LAMPOSI TIGO NAGORI, KOTA PAYAKUMBUH, SUMATERA BARAT",4,20,182,202
https://kawalpemilu.org#84452,"KOTO PANJANG DALAM, LAMPOSI TIGO NAGORI, KOTA PAYAKUMBUH, SUMATERA BARAT",5,30,190,220
https://kawalpemilu.org#84452,"KOTO PANJANG DALAM, LAMPOSI TIGO NAGORI, KOTA PAYAKUMBUH, SUMATERA BARAT",6,29,191,220
https://kawalpemilu.org#87679,"SUNGAI DURIAN, LAMPOSI TIGO NAGORI, KOTA PAYAKUMBUH, SUMATERA BARAT",1,10,215,225
https://kawalpemilu.org#87679,"SUNGAI DURIAN, LAMPOSI TIGO NAGORI, KOTA PAYAKUMBUH, SUMATERA BARAT",2,34,168,202
https://kawalpemilu.org#87679,"SUNGAI DURIAN, LAMPOSI TIGO NAGORI, KOTA PAYAKUMBUH, SUMATERA BARAT",3,22,196,218
https://kawalpemilu.org#87679,"SUNGAI DURIAN, LAMPOSI TIGO NAGORI, KOTA PAYAKUMBUH, SUMATERA BARAT",4,14,191,205
https://kawalpemilu.org#87679,"SUNGAI DURIAN, LAMPOSI TIGO NAGORI, KOTA PAYAKUMBUH, SUMATERA BARAT",5,22,203,225
https://kawalpemilu.org#87679,"SUNGAI DURIAN, LAMPOSI TIGO NAGORI, KOTA PAYAKUMBUH, SUMATERA BARAT",6,16,180,196
https://kawalpemilu.org#87679,"SUNGAI DURIAN, LAMPOSI TIGO NAGORI, KOTA PAYAKUMBUH, SUMATERA BARAT",7,33,188,221
https://kawalpemilu.org#87680,"PADANG SIKABU, LAMPOSI TIGO NAGORI, KOTA PAYAKUMBUH, SUMATERA BARAT",1,38,190,228
https://kawalpemilu.org#87680,"PADANG SIKABU, LAMPOSI TIGO NAGORI, KOTA PAYAKUMBUH, SUMATERA BARAT",2,33,191,224
https://kawalpemilu.org#87680,"PADANG SIKABU, LAMPOSI TIGO NAGORI, KOTA PAYAKUMBUH, SUMATERA BARAT",3,33,181,214
https://kawalpemilu.org#87680,"PADANG SIKABU, LAMPOSI TIGO NAGORI, KOTA PAYAKUMBUH, SUMATERA BARAT",4,23,209,232
https://kawalpemilu.org#13957,"BALAI PANJANG, PAYAKUMBUH SELATAN, KOTA PAYAKUMBUH, SUMATERA BARAT",1,19,181,200
https://kawalpemilu.org#13957,"BALAI PANJANG, PAYAKUMBUH SELATAN, KOTA PAYAKUMBUH, SUMATERA BARAT",2,22,212,234
https://kawalpemilu.org#13957,"BALAI PANJANG, PAYAKUMBUH SELATAN, KOTA PAYAKUMBUH, SUMATERA BARAT",3,25,206,231
https://kawalpemilu.org#13957,"BALAI PANJANG, PAYAKUMBUH SELATAN, KOTA PAYAKUMBUH, SUMATERA BARAT",4,17,145,162
https://kawalpemilu.org#13957,"BALAI PANJANG, PAYAKUMBUH SELATAN, KOTA PAYAKUMBUH, SUMATERA BARAT",5,10,152,162
https://kawalpemilu.org#13958,"LIMBUKAN, PAYAKUMBUH SELATAN, KOTA PAYAKUMBUH, SUMATERA BARAT",1,15,150,165
https://kawalpemilu.org#13958,"LIMBUKAN, PAYAKUMBUH SELATAN, KOTA PAYAKUMBUH, SUMATERA BARAT",2,17,193,210
https://kawalpemilu.org#13958,"LIMBUKAN, PAYAKUMBUH SELATAN, KOTA PAYAKUMBUH, SUMATERA BARAT",3,33,196,229
https://kawalpemilu.org#13958,"LIMBUKAN, PAYAKUMBUH SELATAN, KOTA PAYAKUMBUH, SUMATERA BARAT",4,11,219,230
https://kawalpemilu.org#13958,"LIMBUKAN, PAYAKUMBUH SELATAN, KOTA PAYAKUMBUH, SUMATERA BARAT",5,21,177,198
https://kawalpemilu.org#13958,"LIMBUKAN, PAYAKUMBUH SELATAN, KOTA PAYAKUMBUH, SUMATERA BARAT",6,27,181,208
https://kawalpemilu.org#13958,"LIMBUKAN, PAYAKUMBUH SELATAN, KOTA PAYAKUMBUH, SUMATERA BARAT",7,30,135,165
https://kawalpemilu.org#13958,"LIMBUKAN, PAYAKUMBUH SELATAN, KOTA PAYAKUMBUH, SUMATERA BARAT",8,31,167,198
https://kawalpemilu.org#13959,"KOTO TUO LIMO KAMPUANG, PAYAKUMBUH SELATAN, KOTA PAYAKUMBUH, SUMATERA BARAT",1,24,219,243
https://kawalpemilu.org#13959,"KOTO TUO LIMO KAMPUANG, PAYAKUMBUH SELATAN, KOTA PAYAKUMBUH, SUMATERA BARAT",2,18,165,183
https://kawalpemilu.org#13959,"KOTO TUO LIMO KAMPUANG, PAYAKUMBUH SELATAN, KOTA PAYAKUMBUH, SUMATERA BARAT",3,40,187,227
https://kawalpemilu.org#13962,"SAWAHPADANG AUA KUNIANG, PAYAKUMBUH SELATAN, KOTA PAYAKUMBUH, SUMATERA BARAT",1,39,206,245
https://kawalpemilu.org#13962,"SAWAHPADANG AUA KUNIANG, PAYAKUMBUH SELATAN, KOTA PAYAKUMBUH, SUMATERA BARAT",2,33,227,260
https://kawalpemilu.org#13962,"SAWAHPADANG AUA KUNIANG, PAYAKUMBUH SELATAN, KOTA PAYAKUMBUH, SUMATERA BARAT",3,26,218,244
https://kawalpemilu.org#13962,"SAWAHPADANG AUA KUNIANG, PAYAKUMBUH SELATAN, KOTA PAYAKUMBUH, SUMATERA BARAT",4,36,207,243
https://kawalpemilu.org#13962,"SAWAHPADANG AUA KUNIANG, PAYAKUMBUH SELATAN, KOTA PAYAKUMBUH, SUMATERA BARAT",5,39,212,251
https://kawalpemilu.org#13962,"SAWAHPADANG AUA KUNIANG, PAYAKUMBUH SELATAN, KOTA PAYAKUMBUH, SUMATERA BARAT",6,26,170,196
https://kawalpemilu.org#13964,"KAPALO KOTO AMPANGAN, PAYAKUMBUH SELATAN, KOTA PAYAKUMBUH, SUMATERA BARAT",1,33,184,217
https://kawalpemilu.org#13964,"KAPALO KOTO AMPANGAN, PAYAKUMBUH SELATAN, KOTA PAYAKUMBUH, SUMATERA BARAT",2,27,219,246
https://kawalpemilu.org#13964,"KAPALO KOTO AMPANGAN, PAYAKUMBUH SELATAN, KOTA PAYAKUMBUH, SUMATERA BARAT",3,50,167,217
https://kawalpemilu.org#13964,"KAPALO KOTO AMPANGAN, PAYAKUMBUH SELATAN, KOTA PAYAKUMBUH, SUMATERA BARAT",4,39,212,251
https://kawalpemilu.org#84453,"PADANG KARAMBIA, PAYAKUMBUH SELATAN, KOTA PAYAKUMBUH, SUMATERA BARAT",1,20,148,168
https://kawalpemilu.org#84453,"PADANG KARAMBIA, PAYAKUMBUH SELATAN, KOTA PAYAKUMBUH, SUMATERA BARAT",2,29,188,217
https://kawalpemilu.org#84453,"PADANG KARAMBIA, PAYAKUMBUH SELATAN, KOTA PAYAKUMBUH, SUMATERA BARAT",3,25,190,215
https://kawalpemilu.org#84453,"PADANG KARAMBIA, PAYAKUMBUH SELATAN, KOTA PAYAKUMBUH, SUMATERA BARAT",4,25,154,179
https://kawalpemilu.org#14012,"KARAN AUR, PARIAMAN TENGAH, KOTA PARIAMAN, SUMATERA BARAT",1,25,185,210
https://kawalpemilu.org#14012,"KARAN AUR, PARIAMAN TENGAH, KOTA PARIAMAN, SUMATERA BARAT",2,27,190,217
https://kawalpemilu.org#14012,"KARAN AUR, PARIAMAN TENGAH, KOTA PARIAMAN, SUMATERA BARAT",3,17,258,275
https://kawalpemilu.org#14012,"KARAN AUR, PARIAMAN TENGAH, KOTA PARIAMAN, SUMATERA BARAT",4,16,233,249
https://kawalpemilu.org#14012,"KARAN AUR, PARIAMAN TENGAH, KOTA PARIAMAN, SUMATERA BARAT",5,5,142,147
https://kawalpemilu.org#14012,"KARAN AUR, PARIAMAN TENGAH, KOTA PARIAMAN, SUMATERA BARAT",6,3,145,148
https://kawalpemilu.org#14012,"KARAN AUR, PARIAMAN TENGAH, KOTA PARIAMAN, SUMATERA BARAT",7,5,190,195
https://kawalpemilu.org#14013,"KAMPUNG PERAK, PARIAMAN TENGAH, KOTA PARIAMAN, SUMATERA BARAT",2,27,189,216
https://kawalpemilu.org#14014,"LOHONG, PARIAMAN TENGAH, KOTA PARIAMAN, SUMATERA BARAT",1,25,150,175
https://kawalpemilu.org#14014,"LOHONG, PARIAMAN TENGAH, KOTA PARIAMAN, SUMATERA BARAT",3,27,160,187
https://kawalpemilu.org#14014,"LOHONG, PARIAMAN TENGAH, KOTA PARIAMAN, SUMATERA BARAT",4,25,160,185
https://kawalpemilu.org#14015,"PASIR, PARIAMAN TENGAH, KOTA PARIAMAN, SUMATERA BARAT",1,23,166,189
https://kawalpemilu.org#14015,"PASIR, PARIAMAN TENGAH, KOTA PARIAMAN, SUMATERA BARAT",2,16,154,170
https://kawalpemilu.org#14015,"PASIR, PARIAMAN TENGAH, KOTA PARIAMAN, SUMATERA BARAT",3,21,157,178
https://kawalpemilu.org#14015,"PASIR, PARIAMAN TENGAH, KOTA PARIAMAN, SUMATERA BARAT",4,29,152,181
https://kawalpemilu.org#14016,"KAMPUNG PONDOK, PARIAMAN TENGAH, KOTA PARIAMAN, SUMATERA BARAT",1,39,215,254
https://kawalpemilu.org#14016,"KAMPUNG PONDOK, PARIAMAN TENGAH, KOTA PARIAMAN, SUMATERA BARAT",2,38,215,253
https://kawalpemilu.org#14016,"KAMPUNG PONDOK, PARIAMAN TENGAH, KOTA PARIAMAN, SUMATERA BARAT",3,21,195,216
https://kawalpemilu.org#14016,"KAMPUNG PONDOK, PARIAMAN TENGAH, KOTA PARIAMAN, SUMATERA BARAT",4,35,184,219
https://kawalpemilu.org#14017,"PONDOK II, PARIAMAN TENGAH, KOTA PARIAMAN, SUMATERA BARAT",1,30,160,190
https://kawalpemilu.org#14017,"PONDOK II, PARIAMAN TENGAH, KOTA PARIAMAN, SUMATERA BARAT",2,22,187,209
https://kawalpemilu.org#14017,"PONDOK II, PARIAMAN TENGAH, KOTA PARIAMAN, SUMATERA BARAT",3,27,204,231
https://kawalpemilu.org#14018,"KAMPUNG JAWA I, PARIAMAN TENGAH, KOTA PARIAMAN, SUMATERA BARAT",1,23,188,211
https://kawalpemilu.org#14018,"KAMPUNG JAWA I, PARIAMAN TENGAH, KOTA PARIAMAN, SUMATERA BARAT",2,25,175,200
https://kawalpemilu.org#14018,"KAMPUNG JAWA I, PARIAMAN TENGAH, KOTA PARIAMAN, SUMATERA BARAT",3,23,182,205
https://kawalpemilu.org#14019,"KAMPUNG JAWA II, PARIAMAN TENGAH, KOTA PARIAMAN, SUMATERA BARAT",1,29,165,194
https://kawalpemilu.org#14019,"KAMPUNG JAWA II, PARIAMAN TENGAH, KOTA PARIAMAN, SUMATERA BARAT",2,27,157,184
https://kawalpemilu.org#14019,"KAMPUNG JAWA II, PARIAMAN TENGAH, KOTA PARIAMAN, SUMATERA BARAT",3,40,141,181
https://kawalpemilu.org#14020,"ALAI GELOMBANG, PARIAMAN TENGAH, KOTA PARIAMAN, SUMATERA BARAT",1,35,201,236
https://kawalpemilu.org#14020,"ALAI GELOMBANG, PARIAMAN TENGAH, KOTA PARIAMAN, SUMATERA BARAT",2,22,200,222
https://kawalpemilu.org#14020,"ALAI GELOMBANG, PARIAMAN TENGAH, KOTA PARIAMAN, SUMATERA BARAT",3,21,195,216
https://kawalpemilu.org#14021,"JAWI JAWI I, PARIAMAN TENGAH, KOTA PARIAMAN, SUMATERA BARAT",1,16,158,174
https://kawalpemilu.org#14021,"JAWI JAWI I, PARIAMAN TENGAH, KOTA PARIAMAN, SUMATERA BARAT",2,27,150,177
https://kawalpemilu.org#14021,"JAWI JAWI I, PARIAMAN TENGAH, KOTA PARIAMAN, SUMATERA BARAT",3,11,163,174
https://kawalpemilu.org#14022,"JAWI JAWI II, PARIAMAN TENGAH, KOTA PARIAMAN, SUMATERA BARAT",1,11,181,192
https://kawalpemilu.org#14022,"JAWI JAWI II, PARIAMAN TENGAH, KOTA PARIAMAN, SUMATERA BARAT",2,17,180,197
https://kawalpemilu.org#14022,"JAWI JAWI II, PARIAMAN TENGAH, KOTA PARIAMAN, SUMATERA BARAT",3,21,163,184
https://kawalpemilu.org#14022,"JAWI JAWI II, PARIAMAN TENGAH, KOTA PARIAMAN, SUMATERA BARAT",4,15,179,194
https://kawalpemilu.org#14023,"JALAN BARU, PARIAMAN TENGAH, KOTA PARIAMAN, SUMATERA BARAT",1,10,163,173
https://kawalpemilu.org#14023,"JALAN BARU, PARIAMAN TENGAH, KOTA PARIAMAN, SUMATERA BARAT",2,16,203,219
https://kawalpemilu.org#14023,"JALAN BARU, PARIAMAN TENGAH, KOTA PARIAMAN, SUMATERA BARAT",3,26,143,169
https://kawalpemilu.org#14023,"JALAN BARU, PARIAMAN TENGAH, KOTA PARIAMAN, SUMATERA BARAT",4,14,175,189
https://kawalpemilu.org#14023,"JALAN BARU, PARIAMAN TENGAH, KOTA PARIAMAN, SUMATERA BARAT",5,12,186,198
https://kawalpemilu.org#14024,"TARATAK, PARIAMAN TENGAH, KOTA PARIAMAN, SUMATERA BARAT",1,27,208,235
https://kawalpemilu.org#14024,"TARATAK, PARIAMAN TENGAH, KOTA PARIAMAN, SUMATERA BARAT",2,44,176,220
https://kawalpemilu.org#14024,"TARATAK, PARIAMAN TENGAH, KOTA PARIAMAN, SUMATERA BARAT",3,48,156,204
https://kawalpemilu.org#14025,"JALAN KERETA API, PARIAMAN TENGAH, KOTA PARIAMAN, SUMATERA BARAT",1,11,156,167
https://kawalpemilu.org#14025,"JALAN KERETA API, PARIAMAN TENGAH, KOTA PARIAMAN, SUMATERA BARAT",2,14,151,165
https://kawalpemilu.org#14025,"JALAN KERETA API, PARIAMAN TENGAH, KOTA PARIAMAN, SUMATERA BARAT",3,11,154,165
https://kawalpemilu.org#14026,"UJUNG BATUNG, PARIAMAN TENGAH, KOTA PARIAMAN, SUMATERA BARAT",1,12,156,168
https://kawalpemilu.org#14026,"UJUNG BATUNG, PARIAMAN TENGAH, KOTA PARIAMAN, SUMATERA BARAT",2,8,151,159
https://kawalpemilu.org#14026,"UJUNG BATUNG, PARIAMAN TENGAH, KOTA PARIAMAN, SUMATERA BARAT",3,5,125,130
https://kawalpemilu.org#14027,"JATI HILIR, PARIAMAN TENGAH, KOTA PARIAMAN, SUMATERA BARAT",1,18,184,202
https://kawalpemilu.org#14027,"JATI HILIR, PARIAMAN TENGAH, KOTA PARIAMAN, SUMATERA BARAT",2,9,156,165
https://kawalpemilu.org#14027,"JATI HILIR, PARIAMAN TENGAH, KOTA PARIAMAN, SUMATERA BARAT",3,33,181,214
https://kawalpemilu.org#14027,"JATI HILIR, PARIAMAN TENGAH, KOTA PARIAMAN, SUMATERA BARAT",4,23,195,218
https://kawalpemilu.org#14028,"PAUH BARAT, PARIAMAN TENGAH, KOTA PARIAMAN, SUMATERA BARAT",1,14,199,213
https://kawalpemilu.org#14028,"PAUH BARAT, PARIAMAN TENGAH, KOTA PARIAMAN, SUMATERA BARAT",2,17,204,221
https://kawalpemilu.org#14028,"PAUH BARAT, PARIAMAN TENGAH, KOTA PARIAMAN, SUMATERA BARAT",3,21,204,225
https://kawalpemilu.org#14028,"PAUH BARAT, PARIAMAN TENGAH, KOTA PARIAMAN, SUMATERA BARAT",4,18,174,192
https://kawalpemilu.org#14028,"PAUH BARAT, PARIAMAN TENGAH, KOTA PARIAMAN, SUMATERA BARAT",5,22,183,205
https://kawalpemilu.org#14029,"PAUH TIMUR, PARIAMAN TENGAH, KOTA PARIAMAN, SUMATERA BARAT",1,16,159,175
https://kawalpemilu.org#14029,"PAUH TIMUR, PARIAMAN TENGAH, KOTA PARIAMAN, SUMATERA BARAT",2,42,163,205
https://kawalpemilu.org#14029,"PAUH TIMUR, PARIAMAN TENGAH, KOTA PARIAMAN, SUMATERA BARAT",3,35,169,204
https://kawalpemilu.org#14029,"PAUH TIMUR, PARIAMAN TENGAH, KOTA PARIAMAN, SUMATERA BARAT",4,14,183,197
https://kawalpemilu.org#14029,"PAUH TIMUR, PARIAMAN TENGAH, KOTA PARIAMAN, SUMATERA BARAT",5,8,185,193
https://kawalpemilu.org#14030,"RAWANG, PARIAMAN TENGAH, KOTA PARIAMAN, SUMATERA BARAT",1,30,176,206
https://kawalpemilu.org#14030,"RAWANG, PARIAMAN TENGAH, KOTA PARIAMAN, SUMATERA BARAT",2,18,170,188
https://kawalpemilu.org#14030,"RAWANG, PARIAMAN TENGAH, KOTA PARIAMAN, SUMATERA BARAT",3,29,154,183
https://kawalpemilu.org#14030,"RAWANG, PARIAMAN TENGAH, KOTA PARIAMAN, SUMATERA BARAT",4,21,144,165
https://kawalpemilu.org#14031,"KAMPUNG BARU, PARIAMAN TENGAH, KOTA PARIAMAN, SUMATERA BARAT",1,38,158,196
https://kawalpemilu.org#14031,"KAMPUNG BARU, PARIAMAN TENGAH, KOTA PARIAMAN, SUMATERA BARAT",2,19,171,190
https://kawalpemilu.org#14031,"KAMPUNG BARU, PARIAMAN TENGAH, KOTA PARIAMAN, SUMATERA BARAT",3,37,157,194
https://kawalpemilu.org#14031,"KAMPUNG BARU, PARIAMAN TENGAH, KOTA PARIAMAN, SUMATERA BARAT",4,18,174,192
https://kawalpemilu.org#14031,"KAMPUNG BARU, PARIAMAN TENGAH, KOTA PARIAMAN, SUMATERA BARAT",5,13,170,183
https://kawalpemilu.org#14031,"KAMPUNG BARU, PARIAMAN TENGAH, KOTA PARIAMAN, SUMATERA BARAT",6,21,176,197
https://kawalpemilu.org#14031,"KAMPUNG BARU, PARIAMAN TENGAH, KOTA PARIAMAN, SUMATERA BARAT",7,9,173,182
https://kawalpemilu.org#14031,"KAMPUNG BARU, PARIAMAN TENGAH, KOTA PARIAMAN, SUMATERA BARAT",8,14,182,196
https://kawalpemilu.org#14031,"KAMPUNG BARU, PARIAMAN TENGAH, KOTA PARIAMAN, SUMATERA BARAT",9,15,163,178
https://kawalpemilu.org#14031,"KAMPUNG BARU, PARIAMAN TENGAH, KOTA PARIAMAN, SUMATERA BARAT",10,27,157,184
https://kawalpemilu.org#14032,"CIMPARUH, PARIAMAN TENGAH, KOTA PARIAMAN, SUMATERA BARAT",1,18,216,234
https://kawalpemilu.org#14032,"CIMPARUH, PARIAMAN TENGAH, KOTA PARIAMAN, SUMATERA BARAT",2,15,206,221
https://kawalpemilu.org#14032,"CIMPARUH, PARIAMAN TENGAH, KOTA PARIAMAN, SUMATERA BARAT",3,11,200,211
https://kawalpemilu.org#14032,"CIMPARUH, PARIAMAN TENGAH, KOTA PARIAMAN, SUMATERA BARAT",4,9,199,208
https://kawalpemilu.org#14032,"CIMPARUH, PARIAMAN TENGAH, KOTA PARIAMAN, SUMATERA BARAT",5,9,217,226
https://kawalpemilu.org#14032,"CIMPARUH, PARIAMAN TENGAH, KOTA PARIAMAN, SUMATERA BARAT",6,17,218,235
https://kawalpemilu.org#14032,"CIMPARUH, PARIAMAN TENGAH, KOTA PARIAMAN, SUMATERA BARAT",7,18,216,234
https://kawalpemilu.org#14033,"JATI MUDIK, PARIAMAN TENGAH, KOTA PARIAMAN, SUMATERA BARAT",1,14,199,213
https://kawalpemilu.org#14033,"JATI MUDIK, PARIAMAN TENGAH, KOTA PARIAMAN, SUMATERA BARAT",2,12,190,202
https://kawalpemilu.org#14035,"AMPALU, PARIAMAN UTARA, KOTA PARIAMAN, SUMATERA BARAT",1,11,204,215
https://kawalpemilu.org#14035,"AMPALU, PARIAMAN UTARA, KOTA PARIAMAN, SUMATERA BARAT",2,13,213,226
https://kawalpemilu.org#14035,"AMPALU, PARIAMAN UTARA, KOTA PARIAMAN, SUMATERA BARAT",3,11,179,190
https://kawalpemilu.org#14035,"AMPALU, PARIAMAN UTARA, KOTA PARIAMAN, SUMATERA BARAT",4,10,164,174
https://kawalpemilu.org#14035,"AMPALU, PARIAMAN UTARA, KOTA PARIAMAN, SUMATERA BARAT",5,7,178,185
https://kawalpemilu.org#14036,"APAR, PARIAMAN UTARA, KOTA PARIAMAN, SUMATERA BARAT",1,19,193,212
https://kawalpemilu.org#14036,"APAR, PARIAMAN UTARA, KOTA PARIAMAN, SUMATERA BARAT",2,18,171,189
https://kawalpemilu.org#14036,"APAR, PARIAMAN UTARA, KOTA PARIAMAN, SUMATERA BARAT",3,14,179,193
https://kawalpemilu.org#14037,"TANJUNG SABAR, PARIAMAN UTARA, KOTA PARIAMAN, SUMATERA BARAT",1,19,187,206
https://kawalpemilu.org#14037,"TANJUNG SABAR, PARIAMAN UTARA, KOTA PARIAMAN, SUMATERA BARAT",2,6,137,143
https://kawalpemilu.org#14038,"CUBADAK AIR SELATAN, PARIAMAN UTARA, KOTA PARIAMAN, SUMATERA BARAT",1,5,176,181
https://kawalpemilu.org#14038,"CUBADAK AIR SELATAN, PARIAMAN UTARA, KOTA PARIAMAN, SUMATERA BARAT",2,26,154,180
https://kawalpemilu.org#14038,"CUBADAK AIR SELATAN, PARIAMAN UTARA, KOTA PARIAMAN, SUMATERA BARAT",3,5,159,164
https://kawalpemilu.org#14039,"SIKAPAK BARAT, PARIAMAN UTARA, KOTA PARIAMAN, SUMATERA BARAT",1,9,134,143
https://kawalpemilu.org#14039,"SIKAPAK BARAT, PARIAMAN UTARA, KOTA PARIAMAN, SUMATERA BARAT",2,16,172,188
https://kawalpemilu.org#14039,"SIKAPAK BARAT, PARIAMAN UTARA, KOTA PARIAMAN, SUMATERA BARAT",3,7,188,195
https://kawalpemilu.org#14039,"SIKAPAK BARAT, PARIAMAN UTARA, KOTA PARIAMAN, SUMATERA BARAT",4,6,163,169
https://kawalpemilu.org#14039,"SIKAPAK BARAT, PARIAMAN UTARA, KOTA PARIAMAN, SUMATERA BARAT",5,18,166,184
https://kawalpemilu.org#14040,"SIKAPAK TIMUR, PARIAMAN UTARA, KOTA PARIAMAN, SUMATERA BARAT",1,13,183,196
https://kawalpemilu.org#14040,"SIKAPAK TIMUR, PARIAMAN UTARA, KOTA PARIAMAN, SUMATERA BARAT",2,9,183,192
https://kawalpemilu.org#14040,"SIKAPAK TIMUR, PARIAMAN UTARA, KOTA PARIAMAN, SUMATERA BARAT",3,6,160,166
https://kawalpemilu.org#14041,"MANGGUNG, PARIAMAN UTARA, KOTA PARIAMAN, SUMATERA BARAT",1,17,166,183
https://kawalpemilu.org#14041,"MANGGUNG, PARIAMAN UTARA, KOTA PARIAMAN, SUMATERA BARAT",2,12,179,191
https://kawalpemilu.org#14041,"MANGGUNG, PARIAMAN UTARA, KOTA PARIAMAN, SUMATERA BARAT",3,19,168,187
https://kawalpemilu.org#14041,"MANGGUNG, PARIAMAN UTARA, KOTA PARIAMAN, SUMATERA BARAT",4,11,164,175
https://kawalpemilu.org#14041,"MANGGUNG, PARIAMAN UTARA, KOTA PARIAMAN, SUMATERA BARAT",5,20,190,210
https://kawalpemilu.org#14042,"CUBADAK AIR UTARA, PARIAMAN UTARA, KOTA PARIAMAN, SUMATERA BARAT",1,6,158,164
https://kawalpemilu.org#14042,"CUBADAK AIR UTARA, PARIAMAN UTARA, KOTA PARIAMAN, SUMATERA BARAT",2,16,131,147
https://kawalpemilu.org#14042,"CUBADAK AIR UTARA, PARIAMAN UTARA, KOTA PARIAMAN, SUMATERA BARAT",3,11,215,226
https://kawalpemilu.org#14042,"CUBADAK AIR UTARA, PARIAMAN UTARA, KOTA PARIAMAN, SUMATERA BARAT",4,13,204,217
https://kawalpemilu.org#14043,"TUNGKAL SELATAN, PARIAMAN UTARA, KOTA PARIAMAN, SUMATERA BARAT",1,17,189,206
https://kawalpemilu.org#14043,"TUNGKAL SELATAN, PARIAMAN UTARA, KOTA PARIAMAN, SUMATERA BARAT",2,13,202,215
https://kawalpemilu.org#14043,"TUNGKAL SELATAN, PARIAMAN UTARA, KOTA PARIAMAN, SUMATERA BARAT",3,14,152,166
https://kawalpemilu.org#14043,"TUNGKAL SELATAN, PARIAMAN UTARA, KOTA PARIAMAN, SUMATERA BARAT",4,12,199,211
https://kawalpemilu.org#14044,"NARAS HILIR, PARIAMAN UTARA, KOTA PARIAMAN, SUMATERA BARAT",1,14,222,236
https://kawalpemilu.org#14044,"NARAS HILIR, PARIAMAN UTARA, KOTA PARIAMAN, SUMATERA BARAT",2,18,196,214
https://kawalpemilu.org#14044,"NARAS HILIR, PARIAMAN UTARA, KOTA PARIAMAN, SUMATERA BARAT",3,16,159,175
https://kawalpemilu.org#14044,"NARAS HILIR, PARIAMAN UTARA, KOTA PARIAMAN, SUMATERA BARAT",4,18,152,170
https://kawalpemilu.org#14045,"NARAS I, PARIAMAN UTARA, KOTA PARIAMAN, SUMATERA BARAT",1,31,188,219
https://kawalpemilu.org#14045,"NARAS I, PARIAMAN UTARA, KOTA PARIAMAN, SUMATERA BARAT",2,16,182,198
https://kawalpemilu.org#14045,"NARAS I, PARIAMAN UTARA, KOTA PARIAMAN, SUMATERA BARAT",3,119,198,217
https://kawalpemilu.org#14045,"NARAS I, PARIAMAN UTARA, KOTA PARIAMAN, SUMATERA BARAT",4,12,205,217
https://kawalpemilu.org#14045,"NARAS I, PARIAMAN UTARA, KOTA PARIAMAN, SUMATERA BARAT",5,21,189,210
https://kawalpemilu.org#14045,"NARAS I, PARIAMAN UTARA, KOTA PARIAMAN, SUMATERA BARAT",6,16,208,224
https://kawalpemilu.org#14046,"BALAI NARAS, PARIAMAN UTARA, KOTA PARIAMAN, SUMATERA BARAT",1,17,183,200
https://kawalpemilu.org#14046,"BALAI NARAS, PARIAMAN UTARA, KOTA PARIAMAN, SUMATERA BARAT",2,21,221,242
https://kawalpemilu.org#14046,"BALAI NARAS, PARIAMAN UTARA, KOTA PARIAMAN, SUMATERA BARAT",3,25,228,253
https://kawalpemilu.org#14046,"BALAI NARAS, PARIAMAN UTARA, KOTA PARIAMAN, SUMATERA BARAT",4,20,188,208
https://kawalpemilu.org#14046,"BALAI NARAS, PARIAMAN UTARA, KOTA PARIAMAN, SUMATERA BARAT",5,4,196,200
https://kawalpemilu.org#14046,"BALAI NARAS, PARIAMAN UTARA, KOTA PARIAMAN, SUMATERA BARAT",6,4,111,115
https://kawalpemilu.org#14047,"PADANG BIRIK BIRIK, PARIAMAN UTARA, KOTA PARIAMAN, SUMATERA BARAT",1,5,182,187
https://kawalpemilu.org#14047,"PADANG BIRIK BIRIK, PARIAMAN UTARA, KOTA PARIAMAN, SUMATERA BARAT",2,8,195,203
https://kawalpemilu.org#14047,"PADANG BIRIK BIRIK, PARIAMAN UTARA, KOTA PARIAMAN, SUMATERA BARAT",3,11,221,232
https://kawalpemilu.org#14048,"SINTUK, PARIAMAN UTARA, KOTA PARIAMAN, SUMATERA BARAT",1,13,132,145
https://kawalpemilu.org#14048,"SINTUK, PARIAMAN UTARA, KOTA PARIAMAN, SUMATERA BARAT",2,18,162,180
https://kawalpemilu.org#14048,"SINTUK, PARIAMAN UTARA, KOTA PARIAMAN, SUMATERA BARAT",3,9,118,127
https://kawalpemilu.org#14049,"SUNGAI RAMBAI, PARIAMAN UTARA, KOTA PARIAMAN, SUMATERA BARAT",1,11,157,168
https://kawalpemilu.org#14049,"SUNGAI RAMBAI, PARIAMAN UTARA, KOTA PARIAMAN, SUMATERA BARAT",2,2,191,193
https://kawalpemilu.org#14049,"SUNGAI RAMBAI, PARIAMAN UTARA, KOTA PARIAMAN, SUMATERA BARAT",3,1,152,153
https://kawalpemilu.org#14050,"TUNGKAL UTARA, PARIAMAN UTARA, KOTA PARIAMAN, SUMATERA BARAT",1,15,142,157
https://kawalpemilu.org#14050,"TUNGKAL UTARA, PARIAMAN UTARA, KOTA PARIAMAN, SUMATERA BARAT",2,8,173,181
https://kawalpemilu.org#14050,"TUNGKAL UTARA, PARIAMAN UTARA, KOTA PARIAMAN, SUMATERA BARAT",3,3,121,124
https://kawalpemilu.org#14051,"CUBADAK AIR, PARIAMAN UTARA, KOTA PARIAMAN, SUMATERA BARAT",1,7,215,222
https://kawalpemilu.org#14051,"CUBADAK AIR, PARIAMAN UTARA, KOTA PARIAMAN, SUMATERA BARAT",2,17,168,185
https://kawalpemilu.org#14051,"CUBADAK AIR, PARIAMAN UTARA, KOTA PARIAMAN, SUMATERA BARAT",3,12,173,185
https://kawalpemilu.org#14053,"PASIR SUNUR, PARIAMAN SELATAN, KOTA PARIAMAN, SUMATERA BARAT",1,13,170,183
https://kawalpemilu.org#14054,"BALAI KURAI TAJI, PARIAMAN SELATAN, KOTA PARIAMAN, SUMATERA BARAT",1,14,222,236
https://kawalpemilu.org#14054,"BALAI KURAI TAJI, PARIAMAN SELATAN, KOTA PARIAMAN, SUMATERA BARAT",2,15,221,236
https://kawalpemilu.org#14054,"BALAI KURAI TAJI, PARIAMAN SELATAN, KOTA PARIAMAN, SUMATERA BARAT",3,13,212,225
https://kawalpemilu.org#14055,"PAUH KURAI TAJI, PARIAMAN SELATAN, KOTA PARIAMAN, SUMATERA BARAT",1,6,150,156
https://kawalpemilu.org#14055,"PAUH KURAI TAJI, PARIAMAN SELATAN, KOTA PARIAMAN, SUMATERA BARAT",2,22,154,176
https://kawalpemilu.org#14055,"PAUH KURAI TAJI, PARIAMAN SELATAN, KOTA PARIAMAN, SUMATERA BARAT",3,5,146,151
https://kawalpemilu.org#14056,"SIMPANG, PARIAMAN SELATAN, KOTA PARIAMAN, SUMATERA BARAT",1,30,197,227
https://kawalpemilu.org#14056,"SIMPANG, PARIAMAN SELATAN, KOTA PARIAMAN, SUMATERA BARAT",2,17,191,208
https://kawalpemilu.org#14057,"TOBOH PALABAH, PARIAMAN SELATAN, KOTA PARIAMAN, SUMATERA BARAT",1,8,119,127
https://kawalpemilu.org#14057,"TOBOH PALABAH, PARIAMAN SELATAN, KOTA PARIAMAN, SUMATERA BARAT",2,3,113,116
https://kawalpemilu.org#14057,"TOBOH PALABAH, PARIAMAN SELATAN, KOTA PARIAMAN, SUMATERA BARAT",3,13,193,206
https://kawalpemilu.org#14057,"TOBOH PALABAH, PARIAMAN SELATAN, KOTA PARIAMAN, SUMATERA BARAT",4,15,186,201
https://kawalpemilu.org#14058,"MARABAU, PARIAMAN SELATAN, KOTA PARIAMAN, SUMATERA BARAT",1,7,148,155
https://kawalpemilu.org#14058,"MARABAU, PARIAMAN SELATAN, KOTA PARIAMAN, SUMATERA BARAT",2,9,153,162
https://kawalpemilu.org#14058,"MARABAU, PARIAMAN SELATAN, KOTA PARIAMAN, SUMATERA BARAT",3,14,166,180
https://kawalpemilu.org#14059,"BATANG TAJONGKEK, PARIAMAN SELATAN, KOTA PARIAMAN, SUMATERA BARAT",1,23,210,233
https://kawalpemilu.org#14059,"BATANG TAJONGKEK, PARIAMAN SELATAN, KOTA PARIAMAN, SUMATERA BARAT",2,8,224,232
https://kawalpemilu.org#14060,"SIKABU, PARIAMAN SELATAN, KOTA PARIAMAN, SUMATERA BARAT",1,2,113,115
https://kawalpemilu.org#14060,"SIKABU, PARIAMAN SELATAN, KOTA PARIAMAN, SUMATERA BARAT",2,4,111,115
https://kawalpemilu.org#14061,"SUNGAI KASAI, PARIAMAN SELATAN, KOTA PARIAMAN, SUMATERA BARAT",1,4,147,151
https://kawalpemilu.org#14061,"SUNGAI KASAI, PARIAMAN SELATAN, KOTA PARIAMAN, SUMATERA BARAT",2,6,132,138
https://kawalpemilu.org#14062,"PALAK ANEH, PARIAMAN SELATAN, KOTA PARIAMAN, SUMATERA BARAT",1,15,221,236
https://kawalpemilu.org#14062,"PALAK ANEH, PARIAMAN SELATAN, KOTA PARIAMAN, SUMATERA BARAT",2,13,205,218
https://kawalpemilu.org#14062,"PALAK ANEH, PARIAMAN SELATAN, KOTA PARIAMAN, SUMATERA BARAT",3,6,184,190
https://kawalpemilu.org#14063,"KAMPUNG APAR, PARIAMAN SELATAN, KOTA PARIAMAN, SUMATERA BARAT",1,26,198,224
https://kawalpemilu.org#14063,"KAMPUNG APAR, PARIAMAN SELATAN, KOTA PARIAMAN, SUMATERA BARAT",2,8,209,217
https://kawalpemilu.org#14064,"MARUNGGI, PARIAMAN SELATAN, KOTA PARIAMAN, SUMATERA BARAT",1,17,185,202
https://kawalpemilu.org#14064,"MARUNGGI, PARIAMAN SELATAN, KOTA PARIAMAN, SUMATERA BARAT",2,15,175,190
https://kawalpemilu.org#14064,"MARUNGGI, PARIAMAN SELATAN, KOTA PARIAMAN, SUMATERA BARAT",3,12,199,211
https://kawalpemilu.org#14064,"MARUNGGI, PARIAMAN SELATAN, KOTA PARIAMAN, SUMATERA BARAT",4,9,188,197
https://kawalpemilu.org#14064,"MARUNGGI, PARIAMAN SELATAN, KOTA PARIAMAN, SUMATERA BARAT",5,12,217,229
https://kawalpemilu.org#14064,"MARUNGGI, PARIAMAN SELATAN, KOTA PARIAMAN, SUMATERA BARAT",6,8,183,191
https://kawalpemilu.org#14064,"MARUNGGI, PARIAMAN SELATAN, KOTA PARIAMAN, SUMATERA BARAT",7,11,184,195
https://kawalpemilu.org#14064,"MARUNGGI, PARIAMAN SELATAN, KOTA PARIAMAN, SUMATERA BARAT",8,2,141,143
https://kawalpemilu.org#14064,"MARUNGGI, PARIAMAN SELATAN, KOTA PARIAMAN, SUMATERA BARAT",9,10,177,187
https://kawalpemilu.org#14065,"TALUK, PARIAMAN SELATAN, KOTA PARIAMAN, SUMATERA BARAT",1,20,235,255
https://kawalpemilu.org#14065,"TALUK, PARIAMAN SELATAN, KOTA PARIAMAN, SUMATERA BARAT",2,17,211,228
https://kawalpemilu.org#14065,"TALUK, PARIAMAN SELATAN, KOTA PARIAMAN, SUMATERA BARAT",3,19,258,277
https://kawalpemilu.org#14065,"TALUK, PARIAMAN SELATAN, KOTA PARIAMAN, SUMATERA BARAT",4,4,170,174
https://kawalpemilu.org#14065,"TALUK, PARIAMAN SELATAN, KOTA PARIAMAN, SUMATERA BARAT",5,16,153,169
https://kawalpemilu.org#14065,"TALUK, PARIAMAN SELATAN, KOTA PARIAMAN, SUMATERA BARAT",6,25,210,235
https://kawalpemilu.org#14065,"TALUK, PARIAMAN SELATAN, KOTA PARIAMAN, SUMATERA BARAT",7,15,201,216
https://kawalpemilu.org#14065,"TALUK, PARIAMAN SELATAN, KOTA PARIAMAN, SUMATERA BARAT",8,20,159,179
https://kawalpemilu.org#14065,"TALUK, PARIAMAN SELATAN, KOTA PARIAMAN, SUMATERA BARAT",9,8,152,160
https://kawalpemilu.org#14066,"PADANG CAKUR, PARIAMAN SELATAN, KOTA PARIAMAN, SUMATERA BARAT",1,2,132,134
https://kawalpemilu.org#14066,"PADANG CAKUR, PARIAMAN SELATAN, KOTA PARIAMAN, SUMATERA BARAT",2,3,129,132
https://kawalpemilu.org#14067,"PUNGGUNG LADING, PARIAMAN SELATAN, KOTA PARIAMAN, SUMATERA BARAT",1,29,172,201
https://kawalpemilu.org#14067,"PUNGGUNG LADING, PARIAMAN SELATAN, KOTA PARIAMAN, SUMATERA BARAT",2,15,142,157
https://kawalpemilu.org#14067,"PUNGGUNG LADING, PARIAMAN SELATAN, KOTA PARIAMAN, SUMATERA BARAT",3,21,191,212
https://kawalpemilu.org#14067,"PUNGGUNG LADING, PARIAMAN SELATAN, KOTA PARIAMAN, SUMATERA BARAT",4,22,198,220
https://kawalpemilu.org#14067,"PUNGGUNG LADING, PARIAMAN SELATAN, KOTA PARIAMAN, SUMATERA BARAT",5,14,188,202
https://kawalpemilu.org#14068,"RAMBAI, PARIAMAN SELATAN, KOTA PARIAMAN, SUMATERA BARAT",1,12,200,212
https://kawalpemilu.org#14068,"RAMBAI, PARIAMAN SELATAN, KOTA PARIAMAN, SUMATERA BARAT",2,10,92,102
https://kawalpemilu.org#14068,"RAMBAI, PARIAMAN SELATAN, KOTA PARIAMAN, SUMATERA BARAT",3,11,161,172
https://kawalpemilu.org#14068,"RAMBAI, PARIAMAN SELATAN, KOTA PARIAMAN, SUMATERA BARAT",4,13,117,130
https://kawalpemilu.org#14070,"TALAGO SARIK, PARIAMAN TIMUR, KOTA PARIAMAN, SUMATERA BARAT",1,19,202,221
https://kawalpemilu.org#14070,"TALAGO SARIK, PARIAMAN TIMUR, KOTA PARIAMAN, SUMATERA BARAT",2,17,220,237
https://kawalpemilu.org#14070,"TALAGO SARIK, PARIAMAN TIMUR, KOTA PARIAMAN, SUMATERA BARAT",3,11,200,211
https://kawalpemilu.org#14070,"TALAGO SARIK, PARIAMAN TIMUR, KOTA PARIAMAN, SUMATERA BARAT",4,14,212,226
https://kawalpemilu.org#14071,"PAKASAI, PARIAMAN TIMUR, KOTA PARIAMAN, SUMATERA BARAT",1,12,202,214
https://kawalpemilu.org#14071,"PAKASAI, PARIAMAN TIMUR, KOTA PARIAMAN, SUMATERA BARAT",2,27,180,207
https://kawalpemilu.org#14071,"PAKASAI, PARIAMAN TIMUR, KOTA PARIAMAN, SUMATERA BARAT",3,13,188,201
https://kawalpemilu.org#14072,"KAMPUNG BARU PADUSUNAN, PARIAMAN TIMUR, KOTA PARIAMAN, SUMATERA BARAT",1,12,201,213
https://kawalpemilu.org#14072,"KAMPUNG BARU PADUSUNAN, PARIAMAN TIMUR, KOTA PARIAMAN, SUMATERA BARAT",2,9,201,210
https://kawalpemilu.org#14072,"KAMPUNG BARU PADUSUNAN, PARIAMAN TIMUR, KOTA PARIAMAN, SUMATERA BARAT",3,13,184,197
https://kawalpemilu.org#14072,"KAMPUNG BARU PADUSUNAN, PARIAMAN TIMUR, KOTA PARIAMAN, SUMATERA BARAT",4,10,189,199
https://kawalpemilu.org#14073,"KAMPUNG GADANG, PARIAMAN TIMUR, KOTA PARIAMAN, SUMATERA BARAT",1,9,189,198
https://kawalpemilu.org#14073,"KAMPUNG GADANG, PARIAMAN TIMUR, KOTA PARIAMAN, SUMATERA BARAT",2,8,181,189
https://kawalpemilu.org#14073,"KAMPUNG GADANG, PARIAMAN TIMUR, KOTA PARIAMAN, SUMATERA BARAT",3,16,184,200
https://kawalpemilu.org#14073,"KAMPUNG GADANG, PARIAMAN TIMUR, KOTA PARIAMAN, SUMATERA BARAT",4,13,182,195
https://kawalpemilu.org#14073,"KAMPUNG GADANG, PARIAMAN TIMUR, KOTA PARIAMAN, SUMATERA BARAT",5,15,166,181
https://kawalpemilu.org#14074,"KOTO MARAPAK, PARIAMAN TIMUR, KOTA PARIAMAN, SUMATERA BARAT",1,15,185,200
https://kawalpemilu.org#14074,"KOTO MARAPAK, PARIAMAN TIMUR, KOTA PARIAMAN, SUMATERA BARAT",2,8,219,227
https://kawalpemilu.org#14074,"KOTO MARAPAK, PARIAMAN TIMUR, KOTA PARIAMAN, SUMATERA BARAT",3,5,207,212
https://kawalpemilu.org#14074,"KOTO MARAPAK, PARIAMAN TIMUR, KOTA PARIAMAN, SUMATERA BARAT",4,13,195,208
https://kawalpemilu.org#14075,"BATANG KABUNG, PARIAMAN TIMUR, KOTA PARIAMAN, SUMATERA BARAT",1,15,174,189
https://kawalpemilu.org#14075,"BATANG KABUNG, PARIAMAN TIMUR, KOTA PARIAMAN, SUMATERA BARAT",2,14,173,187
https://kawalpemilu.org#14075,"BATANG KABUNG, PARIAMAN TIMUR, KOTA PARIAMAN, SUMATERA BARAT",3,11,169,180
https://kawalpemilu.org#14075,"BATANG KABUNG, PARIAMAN TIMUR, KOTA PARIAMAN, SUMATERA BARAT",4,15,151,166
https://kawalpemilu.org#14076,"BATO, PARIAMAN TIMUR, KOTA PARIAMAN, SUMATERA BARAT",1,7,189,196
https://kawalpemilu.org#14076,"BATO, PARIAMAN TIMUR, KOTA PARIAMAN, SUMATERA BARAT",2,11,198,209
https://kawalpemilu.org#14076,"BATO, PARIAMAN TIMUR, KOTA PARIAMAN, SUMATERA BARAT",3,25,167,192
https://kawalpemilu.org#14077,"AIR SANTOK, PARIAMAN TIMUR, KOTA PARIAMAN, SUMATERA BARAT",1,13,194,207
https://kawalpemilu.org#14077,"AIR SANTOK, PARIAMAN TIMUR, KOTA PARIAMAN, SUMATERA BARAT",2,22,180,202
https://kawalpemilu.org#14077,"AIR SANTOK, PARIAMAN TIMUR, KOTA PARIAMAN, SUMATERA BARAT",3,13,172,185
https://kawalpemilu.org#14077,"AIR SANTOK, PARIAMAN TIMUR, KOTA PARIAMAN, SUMATERA BARAT",4,21,176,197
https://kawalpemilu.org#14078,"CUBADAK MENTAWAI, PARIAMAN TIMUR, KOTA PARIAMAN, SUMATERA BARAT",1,22,144,166
https://kawalpemilu.org#14078,"CUBADAK MENTAWAI, PARIAMAN TIMUR, KOTA PARIAMAN, SUMATERA BARAT",2,7,184,191
https://kawalpemilu.org#14078,"CUBADAK MENTAWAI, PARIAMAN TIMUR, KOTA PARIAMAN, SUMATERA BARAT",3,19,153,172
https://kawalpemilu.org#14079,"SUNGAI SIRAH, PARIAMAN TIMUR, KOTA PARIAMAN, SUMATERA BARAT",1,15,102,117
https://kawalpemilu.org#14079,"SUNGAI SIRAH, PARIAMAN TIMUR, KOTA PARIAMAN, SUMATERA BARAT",2,15,117,132
https://kawalpemilu.org#14080,"SUNGAI PASAK, PARIAMAN TIMUR, KOTA PARIAMAN, SUMATERA BARAT",1,17,196,213
https://kawalpemilu.org#14080,"SUNGAI PASAK, PARIAMAN TIMUR, KOTA PARIAMAN, SUMATERA BARAT",2,22,207,229
https://kawalpemilu.org#14080,"SUNGAI PASAK, PARIAMAN TIMUR, KOTA PARIAMAN, SUMATERA BARAT",3,20,192,212
https://kawalpemilu.org#14081,"BUNGO TANJUNG, PARIAMAN TIMUR, KOTA PARIAMAN, SUMATERA BARAT",1,5,172,177
https://kawalpemilu.org#14081,"BUNGO TANJUNG, PARIAMAN TIMUR, KOTA PARIAMAN, SUMATERA BARAT",2,12,178,190
https://kawalpemilu.org#14081,"BUNGO TANJUNG, PARIAMAN TIMUR, KOTA PARIAMAN, SUMATERA BARAT",3,16,143,159
https://kawalpemilu.org#14081,"BUNGO TANJUNG, PARIAMAN TIMUR, KOTA PARIAMAN, SUMATERA BARAT",4,9,175,184
https://kawalpemilu.org#14082,"KAMPUNG TANGAH, PARIAMAN TIMUR, KOTA PARIAMAN, SUMATERA BARAT",1,5,123,128
https://kawalpemilu.org#14082,"KAMPUNG TANGAH, PARIAMAN TIMUR, KOTA PARIAMAN, SUMATERA BARAT",2,9,129,138
https://kawalpemilu.org#14083,"KAMPUNG KANDANG, PARIAMAN TIMUR, KOTA PARIAMAN, SUMATERA BARAT",1,20,180,200
https://kawalpemilu.org#14083,"KAMPUNG KANDANG, PARIAMAN TIMUR, KOTA PARIAMAN, SUMATERA BARAT",2,16,187,203
https://kawalpemilu.org#14083,"KAMPUNG KANDANG, PARIAMAN TIMUR, KOTA PARIAMAN, SUMATERA BARAT",3,12,196,208
https://kawalpemilu.org#14083,"KAMPUNG KANDANG, PARIAMAN TIMUR, KOTA PARIAMAN, SUMATERA BARAT",4,11,148,159
https://kawalpemilu.org#14084,"KALUAT, PARIAMAN TIMUR, KOTA PARIAMAN, SUMATERA BARAT",1,12,209,221
https://kawalpemilu.org#14084,"KALUAT, PARIAMAN TIMUR, KOTA PARIAMAN, SUMATERA BARAT",2,21,198,219
https://kawalpemilu.org#14085,"KAJAI, PARIAMAN TIMUR, KOTA PARIAMAN, SUMATERA BARAT",1,18,191,209
https://kawalpemilu.org#14085,"KAJAI, PARIAMAN TIMUR, KOTA PARIAMAN, SUMATERA BARAT",2,7,219,226
