Link KawalPemilu,Nama Kelurahan,Nomor TPS,Suara 01,Suara 02,Suara Sah
https://kawalpemilu.org#17407,"NEGERI SINDANG, SOSOH BUAY RAYAP, OGAN KOMERING ULU, SUMATERA SELATAN",1,24,162,186
https://kawalpemilu.org#17407,"NEGERI SINDANG, SOSOH BUAY RAYAP, OGAN KOMERING ULU, SUMATERA SELATAN",2,21,75,96
https://kawalpemilu.org#17407,"NEGERI SINDANG, SOSOH BUAY RAYAP, OGAN KOMERING ULU, SUMATERA SELATAN",4,33,200,233
https://kawalpemilu.org#17407,"NEGERI SINDANG, SOSOH BUAY RAYAP, OGAN KOMERING ULU, SUMATERA SELATAN",5,17,152,169
https://kawalpemilu.org#17407,"NEGERI SINDANG, SOSOH BUAY RAYAP, OGAN KOMERING ULU, SUMATERA SELATAN",7,29,126,155
https://kawalpemilu.org#17407,"NEGERI SINDANG, SOSOH BUAY RAYAP, OGAN KOMERING ULU, SUMATERA SELATAN",9,23,55,78
https://kawalpemilu.org#17408,"RANTAU KUMPAI, SOSOH BUAY RAYAP, OGAN KOMERING ULU, SUMATERA SELATAN",1,34,166,200
https://kawalpemilu.org#17408,"RANTAU KUMPAI, SOSOH BUAY RAYAP, OGAN KOMERING ULU, SUMATERA SELATAN",2,17,89,106
https://kawalpemilu.org#17408,"RANTAU KUMPAI, SOSOH BUAY RAYAP, OGAN KOMERING ULU, SUMATERA SELATAN",3,59,139,198
https://kawalpemilu.org#17409,"LUBUK BARU, SOSOH BUAY RAYAP, OGAN KOMERING ULU, SUMATERA SELATAN",1,81,157,238
https://kawalpemilu.org#17409,"LUBUK BARU, SOSOH BUAY RAYAP, OGAN KOMERING ULU, SUMATERA SELATAN",2,22,109,131
https://kawalpemilu.org#17409,"LUBUK BARU, SOSOH BUAY RAYAP, OGAN KOMERING ULU, SUMATERA SELATAN",3,37,181,218
https://kawalpemilu.org#17409,"LUBUK BARU, SOSOH BUAY RAYAP, OGAN KOMERING ULU, SUMATERA SELATAN",4,64,94,158
https://kawalpemilu.org#17410,"KUNGKILAN, SOSOH BUAY RAYAP, OGAN KOMERING ULU, SUMATERA SELATAN",1,24,113,137
https://kawalpemilu.org#17410,"KUNGKILAN, SOSOH BUAY RAYAP, OGAN KOMERING ULU, SUMATERA SELATAN",2,19,110,129
https://kawalpemilu.org#17410,"KUNGKILAN, SOSOH BUAY RAYAP, OGAN KOMERING ULU, SUMATERA SELATAN",3,26,92,118
https://kawalpemilu.org#17410,"KUNGKILAN, SOSOH BUAY RAYAP, OGAN KOMERING ULU, SUMATERA SELATAN",4,25,86,111
https://kawalpemilu.org#17411,"PENYANDINGAN, SOSOH BUAY RAYAP, OGAN KOMERING ULU, SUMATERA SELATAN",1,35,177,212
https://kawalpemilu.org#17411,"PENYANDINGAN, SOSOH BUAY RAYAP, OGAN KOMERING ULU, SUMATERA SELATAN",2,29,179,208
https://kawalpemilu.org#17411,"PENYANDINGAN, SOSOH BUAY RAYAP, OGAN KOMERING ULU, SUMATERA SELATAN",3,14,155,169
https://kawalpemilu.org#17411,"PENYANDINGAN, SOSOH BUAY RAYAP, OGAN KOMERING ULU, SUMATERA SELATAN",4,22,128,150
https://kawalpemilu.org#17411,"PENYANDINGAN, SOSOH BUAY RAYAP, OGAN KOMERING ULU, SUMATERA SELATAN",5,19,105,124
https://kawalpemilu.org#17411,"PENYANDINGAN, SOSOH BUAY RAYAP, OGAN KOMERING ULU, SUMATERA SELATAN",6,15,111,126
https://kawalpemilu.org#17412,"BANDAR, SOSOH BUAY RAYAP, OGAN KOMERING ULU, SUMATERA SELATAN",1,12,127,139
https://kawalpemilu.org#17412,"BANDAR, SOSOH BUAY RAYAP, OGAN KOMERING ULU, SUMATERA SELATAN",2,13,144,157
https://kawalpemilu.org#17413,"LUBUK LEBAN, SOSOH BUAY RAYAP, OGAN KOMERING ULU, SUMATERA SELATAN",1,27,114,141
https://kawalpemilu.org#17413,"LUBUK LEBAN, SOSOH BUAY RAYAP, OGAN KOMERING ULU, SUMATERA SELATAN",2,23,109,132
https://kawalpemilu.org#17413,"LUBUK LEBAN, SOSOH BUAY RAYAP, OGAN KOMERING ULU, SUMATERA SELATAN",3,24,128,152
https://kawalpemilu.org#17413,"LUBUK LEBAN, SOSOH BUAY RAYAP, OGAN KOMERING ULU, SUMATERA SELATAN",4,16,129,145
https://kawalpemilu.org#17414,"TUNGKU JAYA, SOSOH BUAY RAYAP, OGAN KOMERING ULU, SUMATERA SELATAN",1,81,83,164
https://kawalpemilu.org#17414,"TUNGKU JAYA, SOSOH BUAY RAYAP, OGAN KOMERING ULU, SUMATERA SELATAN",2,0,0,0
https://kawalpemilu.org#17414,"TUNGKU JAYA, SOSOH BUAY RAYAP, OGAN KOMERING ULU, SUMATERA SELATAN",3,70,116,186
https://kawalpemilu.org#17414,"TUNGKU JAYA, SOSOH BUAY RAYAP, OGAN KOMERING ULU, SUMATERA SELATAN",4,99,111,210
https://kawalpemilu.org#17414,"TUNGKU JAYA, SOSOH BUAY RAYAP, OGAN KOMERING ULU, SUMATERA SELATAN",5,75,112,187
https://kawalpemilu.org#17414,"TUNGKU JAYA, SOSOH BUAY RAYAP, OGAN KOMERING ULU, SUMATERA SELATAN",6,65,123,188
https://kawalpemilu.org#17415,"MEKAR JAYA, SOSOH BUAY RAYAP, OGAN KOMERING ULU, SUMATERA SELATAN",1,93,124,217
https://kawalpemilu.org#17415,"MEKAR JAYA, SOSOH BUAY RAYAP, OGAN KOMERING ULU, SUMATERA SELATAN",2,93,92,185
https://kawalpemilu.org#17415,"MEKAR JAYA, SOSOH BUAY RAYAP, OGAN KOMERING ULU, SUMATERA SELATAN",3,104,113,217
https://kawalpemilu.org#17415,"MEKAR JAYA, SOSOH BUAY RAYAP, OGAN KOMERING ULU, SUMATERA SELATAN",4,85,112,197
https://kawalpemilu.org#17416,"PENANTIAN, SOSOH BUAY RAYAP, OGAN KOMERING ULU, SUMATERA SELATAN",1,26,124,150
https://kawalpemilu.org#17416,"PENANTIAN, SOSOH BUAY RAYAP, OGAN KOMERING ULU, SUMATERA SELATAN",2,29,106,135
https://kawalpemilu.org#17416,"PENANTIAN, SOSOH BUAY RAYAP, OGAN KOMERING ULU, SUMATERA SELATAN",4,47,104,151
https://kawalpemilu.org#90947,"MEKAR SARI, SOSOH BUAY RAYAP, OGAN KOMERING ULU, SUMATERA SELATAN",1,58,96,154
https://kawalpemilu.org#90947,"MEKAR SARI, SOSOH BUAY RAYAP, OGAN KOMERING ULU, SUMATERA SELATAN",2,70,69,139
https://kawalpemilu.org#90947,"MEKAR SARI, SOSOH BUAY RAYAP, OGAN KOMERING ULU, SUMATERA SELATAN",3,55,84,139
https://kawalpemilu.org#90947,"MEKAR SARI, SOSOH BUAY RAYAP, OGAN KOMERING ULU, SUMATERA SELATAN",4,64,123,187
https://kawalpemilu.org#17418,"GUNUNG MERAKSA, PENGANDONAN, OGAN KOMERING ULU, SUMATERA SELATAN",1,69,115,184
https://kawalpemilu.org#17418,"GUNUNG MERAKSA, PENGANDONAN, OGAN KOMERING ULU, SUMATERA SELATAN",2,42,142,184
https://kawalpemilu.org#17419,"TANJUNG PURA, PENGANDONAN, OGAN KOMERING ULU, SUMATERA SELATAN",1,24,104,128
https://kawalpemilu.org#17419,"TANJUNG PURA, PENGANDONAN, OGAN KOMERING ULU, SUMATERA SELATAN",2,39,83,122
https://kawalpemilu.org#17420,"TANJUNG SARI, PENGANDONAN, OGAN KOMERING ULU, SUMATERA SELATAN",1,43,189,232
https://kawalpemilu.org#17421,"TANGSI LONTAR, PENGANDONAN, OGAN KOMERING ULU, SUMATERA SELATAN",1,48,91,139
https://kawalpemilu.org#17421,"TANGSI LONTAR, PENGANDONAN, OGAN KOMERING ULU, SUMATERA SELATAN",2,21,106,127
https://kawalpemilu.org#17422,"BELAMBANGAN, PENGANDONAN, OGAN KOMERING ULU, SUMATERA SELATAN",1,25,120,145
https://kawalpemilu.org#17422,"BELAMBANGAN, PENGANDONAN, OGAN KOMERING ULU, SUMATERA SELATAN",2,48,125,173
https://kawalpemilu.org#17423,"KESAMBIRATA, PENGANDONAN, OGAN KOMERING ULU, SUMATERA SELATAN",1,23,103,126
https://kawalpemilu.org#17423,"KESAMBIRATA, PENGANDONAN, OGAN KOMERING ULU, SUMATERA SELATAN",2,32,155,187
https://kawalpemilu.org#17423,"KESAMBIRATA, PENGANDONAN, OGAN KOMERING ULU, SUMATERA SELATAN",3,19,87,106
https://kawalpemilu.org#17424,"GUNUNG LIWAT, PENGANDONAN, OGAN KOMERING ULU, SUMATERA SELATAN",1,22,128,150
https://kawalpemilu.org#17424,"GUNUNG LIWAT, PENGANDONAN, OGAN KOMERING ULU, SUMATERA SELATAN",2,24,147,171
https://kawalpemilu.org#17424,"GUNUNG LIWAT, PENGANDONAN, OGAN KOMERING ULU, SUMATERA SELATAN",3,21,123,144
https://kawalpemilu.org#17424,"GUNUNG LIWAT, PENGANDONAN, OGAN KOMERING ULU, SUMATERA SELATAN",4,23,126,149
https://kawalpemilu.org#17424,"GUNUNG LIWAT, PENGANDONAN, OGAN KOMERING ULU, SUMATERA SELATAN",5,6,103,109
https://kawalpemilu.org#17424,"GUNUNG LIWAT, PENGANDONAN, OGAN KOMERING ULU, SUMATERA SELATAN",6,10,125,135
https://kawalpemilu.org#17424,"GUNUNG LIWAT, PENGANDONAN, OGAN KOMERING ULU, SUMATERA SELATAN",7,17,105,122
https://kawalpemilu.org#17424,"GUNUNG LIWAT, PENGANDONAN, OGAN KOMERING ULU, SUMATERA SELATAN",8,12,115,127
https://kawalpemilu.org#17425,"PENGANDONAN, PENGANDONAN, OGAN KOMERING ULU, SUMATERA SELATAN",1,39,136,175
https://kawalpemilu.org#17425,"PENGANDONAN, PENGANDONAN, OGAN KOMERING ULU, SUMATERA SELATAN",2,62,81,143
https://kawalpemilu.org#17426,"SEMANDING, PENGANDONAN, OGAN KOMERING ULU, SUMATERA SELATAN",1,65,109,174
https://kawalpemilu.org#17427,"TANJUNGAN, PENGANDONAN, OGAN KOMERING ULU, SUMATERA SELATAN",1,52,175,227
https://kawalpemilu.org#17428,"UJAN MAS, PENGANDONAN, OGAN KOMERING ULU, SUMATERA SELATAN",1,13,221,234
https://kawalpemilu.org#17428,"UJAN MAS, PENGANDONAN, OGAN KOMERING ULU, SUMATERA SELATAN",2,13,193,206
https://kawalpemilu.org#17428,"UJAN MAS, PENGANDONAN, OGAN KOMERING ULU, SUMATERA SELATAN",3,21,193,214
https://kawalpemilu.org#17428,"UJAN MAS, PENGANDONAN, OGAN KOMERING ULU, SUMATERA SELATAN",4,17,187,204
https://kawalpemilu.org#17428,"UJAN MAS, PENGANDONAN, OGAN KOMERING ULU, SUMATERA SELATAN",5,16,209,225
https://kawalpemilu.org#17429,"GUNUNG KURIPAN, PENGANDONAN, OGAN KOMERING ULU, SUMATERA SELATAN",1,31,120,151
https://kawalpemilu.org#17429,"GUNUNG KURIPAN, PENGANDONAN, OGAN KOMERING ULU, SUMATERA SELATAN",2,30,119,149
https://kawalpemilu.org#17429,"GUNUNG KURIPAN, PENGANDONAN, OGAN KOMERING ULU, SUMATERA SELATAN",3,20,118,138
https://kawalpemilu.org#17429,"GUNUNG KURIPAN, PENGANDONAN, OGAN KOMERING ULU, SUMATERA SELATAN",4,25,114,139
https://kawalpemilu.org#17429,"GUNUNG KURIPAN, PENGANDONAN, OGAN KOMERING ULU, SUMATERA SELATAN",5,27,98,125
https://kawalpemilu.org#17429,"GUNUNG KURIPAN, PENGANDONAN, OGAN KOMERING ULU, SUMATERA SELATAN",6,27,121,148
https://kawalpemilu.org#17429,"GUNUNG KURIPAN, PENGANDONAN, OGAN KOMERING ULU, SUMATERA SELATAN",7,25,103,128
https://kawalpemilu.org#17429,"GUNUNG KURIPAN, PENGANDONAN, OGAN KOMERING ULU, SUMATERA SELATAN",8,27,113,140
https://kawalpemilu.org#17431,"KEPAYANG, PENINJAUAN, OGAN KOMERING ULU, SUMATERA SELATAN",1,29,150,179
https://kawalpemilu.org#17431,"KEPAYANG, PENINJAUAN, OGAN KOMERING ULU, SUMATERA SELATAN",2,9,141,150
https://kawalpemilu.org#17431,"KEPAYANG, PENINJAUAN, OGAN KOMERING ULU, SUMATERA SELATAN",3,11,153,164
https://kawalpemilu.org#17431,"KEPAYANG, PENINJAUAN, OGAN KOMERING ULU, SUMATERA SELATAN",4,7,177,184
https://kawalpemilu.org#17431,"KEPAYANG, PENINJAUAN, OGAN KOMERING ULU, SUMATERA SELATAN",5,12,186,198
https://kawalpemilu.org#17431,"KEPAYANG, PENINJAUAN, OGAN KOMERING ULU, SUMATERA SELATAN",6,5,220,225
https://kawalpemilu.org#17431,"KEPAYANG, PENINJAUAN, OGAN KOMERING ULU, SUMATERA SELATAN",7,15,217,232
https://kawalpemilu.org#17431,"KEPAYANG, PENINJAUAN, OGAN KOMERING ULU, SUMATERA SELATAN",8,12,180,192
https://kawalpemilu.org#17431,"KEPAYANG, PENINJAUAN, OGAN KOMERING ULU, SUMATERA SELATAN",9,10,112,122
https://kawalpemilu.org#17432,"KEDONDONG, PENINJAUAN, OGAN KOMERING ULU, SUMATERA SELATAN",1,45,175,220
https://kawalpemilu.org#17432,"KEDONDONG, PENINJAUAN, OGAN KOMERING ULU, SUMATERA SELATAN",2,18,158,176
https://kawalpemilu.org#17433,"BELIMBING, PENINJAUAN, OGAN KOMERING ULU, SUMATERA SELATAN",1,16,204,220
https://kawalpemilu.org#17433,"BELIMBING, PENINJAUAN, OGAN KOMERING ULU, SUMATERA SELATAN",2,11,163,174
https://kawalpemilu.org#17433,"BELIMBING, PENINJAUAN, OGAN KOMERING ULU, SUMATERA SELATAN",3,67,118,185
https://kawalpemilu.org#17433,"BELIMBING, PENINJAUAN, OGAN KOMERING ULU, SUMATERA SELATAN",4,84,128,212
https://kawalpemilu.org#17434,"DURIAN, PENINJAUAN, OGAN KOMERING ULU, SUMATERA SELATAN",1,42,146,188
https://kawalpemilu.org#17434,"DURIAN, PENINJAUAN, OGAN KOMERING ULU, SUMATERA SELATAN",2,36,111,147
https://kawalpemilu.org#17434,"DURIAN, PENINJAUAN, OGAN KOMERING ULU, SUMATERA SELATAN",3,22,116,138
https://kawalpemilu.org#17434,"DURIAN, PENINJAUAN, OGAN KOMERING ULU, SUMATERA SELATAN",4,48,128,176
https://kawalpemilu.org#17434,"DURIAN, PENINJAUAN, OGAN KOMERING ULU, SUMATERA SELATAN",5,27,186,213
https://kawalpemilu.org#17436,"LUBUK RUKAM, PENINJAUAN, OGAN KOMERING ULU, SUMATERA SELATAN",1,16,228,244
https://kawalpemilu.org#17436,"LUBUK RUKAM, PENINJAUAN, OGAN KOMERING ULU, SUMATERA SELATAN",2,25,218,243
https://kawalpemilu.org#17436,"LUBUK RUKAM, PENINJAUAN, OGAN KOMERING ULU, SUMATERA SELATAN",3,12,125,137
https://kawalpemilu.org#17436,"LUBUK RUKAM, PENINJAUAN, OGAN KOMERING ULU, SUMATERA SELATAN",4,8,60,124
https://kawalpemilu.org#17436,"LUBUK RUKAM, PENINJAUAN, OGAN KOMERING ULU, SUMATERA SELATAN",5,10,154,164
https://kawalpemilu.org#17436,"LUBUK RUKAM, PENINJAUAN, OGAN KOMERING ULU, SUMATERA SELATAN",6,40,183,223
https://kawalpemilu.org#17436,"LUBUK RUKAM, PENINJAUAN, OGAN KOMERING ULU, SUMATERA SELATAN",7,39,165,204
https://kawalpemilu.org#17436,"LUBUK RUKAM, PENINJAUAN, OGAN KOMERING ULU, SUMATERA SELATAN",8,16,189,205
https://kawalpemilu.org#17436,"LUBUK RUKAM, PENINJAUAN, OGAN KOMERING ULU, SUMATERA SELATAN",9,15,105,120
https://kawalpemilu.org#17436,"LUBUK RUKAM, PENINJAUAN, OGAN KOMERING ULU, SUMATERA SELATAN",10,36,112,148
https://kawalpemilu.org#17436,"LUBUK RUKAM, PENINJAUAN, OGAN KOMERING ULU, SUMATERA SELATAN",11,135,26,161
https://kawalpemilu.org#17437,"BINDU, PENINJAUAN, OGAN KOMERING ULU, SUMATERA SELATAN",1,15,222,237
https://kawalpemilu.org#17437,"BINDU, PENINJAUAN, OGAN KOMERING ULU, SUMATERA SELATAN",2,18,163,181
https://kawalpemilu.org#17437,"BINDU, PENINJAUAN, OGAN KOMERING ULU, SUMATERA SELATAN",3,16,187,203
https://kawalpemilu.org#17437,"BINDU, PENINJAUAN, OGAN KOMERING ULU, SUMATERA SELATAN",4,4,128,132
https://kawalpemilu.org#17437,"BINDU, PENINJAUAN, OGAN KOMERING ULU, SUMATERA SELATAN",5,11,162,173
https://kawalpemilu.org#17437,"BINDU, PENINJAUAN, OGAN KOMERING ULU, SUMATERA SELATAN",6,10,131,141
https://kawalpemilu.org#17437,"BINDU, PENINJAUAN, OGAN KOMERING ULU, SUMATERA SELATAN",7,16,137,153
https://kawalpemilu.org#17437,"BINDU, PENINJAUAN, OGAN KOMERING ULU, SUMATERA SELATAN",8,31,92,123
https://kawalpemilu.org#17438,"MENDALA, PENINJAUAN, OGAN KOMERING ULU, SUMATERA SELATAN",1,41,192,233
https://kawalpemilu.org#17438,"MENDALA, PENINJAUAN, OGAN KOMERING ULU, SUMATERA SELATAN",2,19,162,181
https://kawalpemilu.org#17438,"MENDALA, PENINJAUAN, OGAN KOMERING ULU, SUMATERA SELATAN",3,27,192,219
https://kawalpemilu.org#17438,"MENDALA, PENINJAUAN, OGAN KOMERING ULU, SUMATERA SELATAN",4,31,214,245
https://kawalpemilu.org#17438,"MENDALA, PENINJAUAN, OGAN KOMERING ULU, SUMATERA SELATAN",5,70,94,164
https://kawalpemilu.org#17438,"MENDALA, PENINJAUAN, OGAN KOMERING ULU, SUMATERA SELATAN",6,37,66,103
https://kawalpemilu.org#17439,"PENINJAUAN, PENINJAUAN, OGAN KOMERING ULU, SUMATERA SELATAN",1,40,142,182
https://kawalpemilu.org#17439,"PENINJAUAN, PENINJAUAN, OGAN KOMERING ULU, SUMATERA SELATAN",2,43,127,170
https://kawalpemilu.org#17439,"PENINJAUAN, PENINJAUAN, OGAN KOMERING ULU, SUMATERA SELATAN",3,29,161,190
https://kawalpemilu.org#17439,"PENINJAUAN, PENINJAUAN, OGAN KOMERING ULU, SUMATERA SELATAN",4,29,191,220
https://kawalpemilu.org#17439,"PENINJAUAN, PENINJAUAN, OGAN KOMERING ULU, SUMATERA SELATAN",5,50,186,236
https://kawalpemilu.org#17439,"PENINJAUAN, PENINJAUAN, OGAN KOMERING ULU, SUMATERA SELATAN",6,54,171,225
https://kawalpemilu.org#17439,"PENINJAUAN, PENINJAUAN, OGAN KOMERING ULU, SUMATERA SELATAN",7,48,156,204
https://kawalpemilu.org#17439,"PENINJAUAN, PENINJAUAN, OGAN KOMERING ULU, SUMATERA SELATAN",8,31,187,218
https://kawalpemilu.org#17439,"PENINJAUAN, PENINJAUAN, OGAN KOMERING ULU, SUMATERA SELATAN",9,42,176,218
https://kawalpemilu.org#17439,"PENINJAUAN, PENINJAUAN, OGAN KOMERING ULU, SUMATERA SELATAN",10,28,165,193
https://kawalpemilu.org#17439,"PENINJAUAN, PENINJAUAN, OGAN KOMERING ULU, SUMATERA SELATAN",11,25,148,173
https://kawalpemilu.org#17439,"PENINJAUAN, PENINJAUAN, OGAN KOMERING ULU, SUMATERA SELATAN",12,57,189,246
https://kawalpemilu.org#17440,"SAUNG NAGA, PENINJAUAN, OGAN KOMERING ULU, SUMATERA SELATAN",1,24,213,237
https://kawalpemilu.org#17440,"SAUNG NAGA, PENINJAUAN, OGAN KOMERING ULU, SUMATERA SELATAN",2,32,184,216
https://kawalpemilu.org#17440,"SAUNG NAGA, PENINJAUAN, OGAN KOMERING ULU, SUMATERA SELATAN",3,21,198,219
https://kawalpemilu.org#17440,"SAUNG NAGA, PENINJAUAN, OGAN KOMERING ULU, SUMATERA SELATAN",4,63,196,259
https://kawalpemilu.org#17440,"SAUNG NAGA, PENINJAUAN, OGAN KOMERING ULU, SUMATERA SELATAN",5,27,179,206
https://kawalpemilu.org#17446,"MAKARTITAMA, PENINJAUAN, OGAN KOMERING ULU, SUMATERA SELATAN",1,57,126,183
https://kawalpemilu.org#17446,"MAKARTITAMA, PENINJAUAN, OGAN KOMERING ULU, SUMATERA SELATAN",2,56,138,194
https://kawalpemilu.org#17446,"MAKARTITAMA, PENINJAUAN, OGAN KOMERING ULU, SUMATERA SELATAN",3,91,96,187
https://kawalpemilu.org#17446,"MAKARTITAMA, PENINJAUAN, OGAN KOMERING ULU, SUMATERA SELATAN",4,42,122,164
https://kawalpemilu.org#17446,"MAKARTITAMA, PENINJAUAN, OGAN KOMERING ULU, SUMATERA SELATAN",5,49,126,173
https://kawalpemilu.org#17446,"MAKARTITAMA, PENINJAUAN, OGAN KOMERING ULU, SUMATERA SELATAN",6,82,90,172
https://kawalpemilu.org#17447,"ESPE TIGA, PENINJAUAN, OGAN KOMERING ULU, SUMATERA SELATAN",1,49,156,205
https://kawalpemilu.org#17447,"ESPE TIGA, PENINJAUAN, OGAN KOMERING ULU, SUMATERA SELATAN",2,43,143,186
https://kawalpemilu.org#17447,"ESPE TIGA, PENINJAUAN, OGAN KOMERING ULU, SUMATERA SELATAN",3,24,160,184
https://kawalpemilu.org#17447,"ESPE TIGA, PENINJAUAN, OGAN KOMERING ULU, SUMATERA SELATAN",4,49,139,188
https://kawalpemilu.org#17448,"MAKARTI JAYA, PENINJAUAN, OGAN KOMERING ULU, SUMATERA SELATAN",1,132,61,193
https://kawalpemilu.org#17448,"MAKARTI JAYA, PENINJAUAN, OGAN KOMERING ULU, SUMATERA SELATAN",2,132,67,199
https://kawalpemilu.org#17448,"MAKARTI JAYA, PENINJAUAN, OGAN KOMERING ULU, SUMATERA SELATAN",3,66,125,191
https://kawalpemilu.org#17448,"MAKARTI JAYA, PENINJAUAN, OGAN KOMERING ULU, SUMATERA SELATAN",4,89,40,129
https://kawalpemilu.org#17448,"MAKARTI JAYA, PENINJAUAN, OGAN KOMERING ULU, SUMATERA SELATAN",5,168,44,212
https://kawalpemilu.org#17449,"MITRA KENCANA, PENINJAUAN, OGAN KOMERING ULU, SUMATERA SELATAN",1,102,80,182
https://kawalpemilu.org#17449,"MITRA KENCANA, PENINJAUAN, OGAN KOMERING ULU, SUMATERA SELATAN",2,101,100,201
https://kawalpemilu.org#17449,"MITRA KENCANA, PENINJAUAN, OGAN KOMERING ULU, SUMATERA SELATAN",3,112,84,196
https://kawalpemilu.org#17449,"MITRA KENCANA, PENINJAUAN, OGAN KOMERING ULU, SUMATERA SELATAN",4,115,85,200
https://kawalpemilu.org#17449,"MITRA KENCANA, PENINJAUAN, OGAN KOMERING ULU, SUMATERA SELATAN",5,79,117,196
https://kawalpemilu.org#17450,"PENILIKAN, PENINJAUAN, OGAN KOMERING ULU, SUMATERA SELATAN",1,120,103,223
https://kawalpemilu.org#17450,"PENILIKAN, PENINJAUAN, OGAN KOMERING ULU, SUMATERA SELATAN",2,171,31,202
https://kawalpemilu.org#17450,"PENILIKAN, PENINJAUAN, OGAN KOMERING ULU, SUMATERA SELATAN",3,43,157,200
https://kawalpemilu.org#17450,"PENILIKAN, PENINJAUAN, OGAN KOMERING ULU, SUMATERA SELATAN",4,37,156,193
https://kawalpemilu.org#17450,"PENILIKAN, PENINJAUAN, OGAN KOMERING ULU, SUMATERA SELATAN",5,41,178,219
https://kawalpemilu.org#17450,"PENILIKAN, PENINJAUAN, OGAN KOMERING ULU, SUMATERA SELATAN",6,69,173,242
https://kawalpemilu.org#17450,"PENILIKAN, PENINJAUAN, OGAN KOMERING ULU, SUMATERA SELATAN",7,54,139,193
https://kawalpemilu.org#17450,"PENILIKAN, PENINJAUAN, OGAN KOMERING ULU, SUMATERA SELATAN",8,85,91,176
https://kawalpemilu.org#17451,"PANJI JAYA, PENINJAUAN, OGAN KOMERING ULU, SUMATERA SELATAN",1,105,64,169
https://kawalpemilu.org#17451,"PANJI JAYA, PENINJAUAN, OGAN KOMERING ULU, SUMATERA SELATAN",2,75,78,153
https://kawalpemilu.org#17451,"PANJI JAYA, PENINJAUAN, OGAN KOMERING ULU, SUMATERA SELATAN",3,72,98,170
https://kawalpemilu.org#17451,"PANJI JAYA, PENINJAUAN, OGAN KOMERING ULU, SUMATERA SELATAN",4,66,103,169
https://kawalpemilu.org#17451,"PANJI JAYA, PENINJAUAN, OGAN KOMERING ULU, SUMATERA SELATAN",5,104,56,160
https://kawalpemilu.org#17451,"PANJI JAYA, PENINJAUAN, OGAN KOMERING ULU, SUMATERA SELATAN",6,84,77,161
https://kawalpemilu.org#17452,"KARANG DAPO, PENINJAUAN, OGAN KOMERING ULU, SUMATERA SELATAN",1,49,92,141
https://kawalpemilu.org#17452,"KARANG DAPO, PENINJAUAN, OGAN KOMERING ULU, SUMATERA SELATAN",2,21,51,77
https://kawalpemilu.org#17452,"KARANG DAPO, PENINJAUAN, OGAN KOMERING ULU, SUMATERA SELATAN",3,24,48,72
https://kawalpemilu.org#17452,"KARANG DAPO, PENINJAUAN, OGAN KOMERING ULU, SUMATERA SELATAN",4,24,95,119
https://kawalpemilu.org#17452,"KARANG DAPO, PENINJAUAN, OGAN KOMERING ULU, SUMATERA SELATAN",5,12,112,131
https://kawalpemilu.org#17452,"KARANG DAPO, PENINJAUAN, OGAN KOMERING ULU, SUMATERA SELATAN",6,27,100,127
https://kawalpemilu.org#17456,"KEMALA JAYA, MUARA JAYA, OGAN KOMERING ULU, SUMATERA SELATAN",1,17,103,120
https://kawalpemilu.org#17456,"KEMALA JAYA, MUARA JAYA, OGAN KOMERING ULU, SUMATERA SELATAN",2,15,94,109
https://kawalpemilu.org#17457,"LONTAR, MUARA JAYA, OGAN KOMERING ULU, SUMATERA SELATAN",1,12,126,138
https://kawalpemilu.org#17457,"LONTAR, MUARA JAYA, OGAN KOMERING ULU, SUMATERA SELATAN",2,12,115,127
https://kawalpemilu.org#17457,"LONTAR, MUARA JAYA, OGAN KOMERING ULU, SUMATERA SELATAN",3,9,153,162
https://kawalpemilu.org#17457,"LONTAR, MUARA JAYA, OGAN KOMERING ULU, SUMATERA SELATAN",4,13,132,145
https://kawalpemilu.org#17458,"MUARA SAEH, MUARA JAYA, OGAN KOMERING ULU, SUMATERA SELATAN",1,6,151,157
https://kawalpemilu.org#17458,"MUARA SAEH, MUARA JAYA, OGAN KOMERING ULU, SUMATERA SELATAN",2,9,118,127
https://kawalpemilu.org#17458,"MUARA SAEH, MUARA JAYA, OGAN KOMERING ULU, SUMATERA SELATAN",3,11,164,175
https://kawalpemilu.org#17458,"MUARA SAEH, MUARA JAYA, OGAN KOMERING ULU, SUMATERA SELATAN",4,14,149,163
https://kawalpemilu.org#17458,"MUARA SAEH, MUARA JAYA, OGAN KOMERING ULU, SUMATERA SELATAN",5,17,116,133
https://kawalpemilu.org#17458,"MUARA SAEH, MUARA JAYA, OGAN KOMERING ULU, SUMATERA SELATAN",6,18,161,179
https://kawalpemilu.org#17459,"LUBUK TUPAK, MUARA JAYA, OGAN KOMERING ULU, SUMATERA SELATAN",1,24,171,195
https://kawalpemilu.org#17459,"LUBUK TUPAK, MUARA JAYA, OGAN KOMERING ULU, SUMATERA SELATAN",2,23,159,182
https://kawalpemilu.org#17460,"BERINGIN, MUARA JAYA, OGAN KOMERING ULU, SUMATERA SELATAN",1,15,150,165
https://kawalpemilu.org#17460,"BERINGIN, MUARA JAYA, OGAN KOMERING ULU, SUMATERA SELATAN",2,19,189,208
https://kawalpemilu.org#17460,"BERINGIN, MUARA JAYA, OGAN KOMERING ULU, SUMATERA SELATAN",3,9,169,178
https://kawalpemilu.org#17461,"SURAU, MUARA JAYA, OGAN KOMERING ULU, SUMATERA SELATAN",1,21,178,199
https://kawalpemilu.org#17461,"SURAU, MUARA JAYA, OGAN KOMERING ULU, SUMATERA SELATAN",2,24,153,177
https://kawalpemilu.org#17461,"SURAU, MUARA JAYA, OGAN KOMERING ULU, SUMATERA SELATAN",3,26,124,150
https://kawalpemilu.org#17461,"SURAU, MUARA JAYA, OGAN KOMERING ULU, SUMATERA SELATAN",4,23,118,141
https://kawalpemilu.org#17462,"KARANG LANTANG, MUARA JAYA, OGAN KOMERING ULU, SUMATERA SELATAN",1,41,149,190
https://kawalpemilu.org#17462,"KARANG LANTANG, MUARA JAYA, OGAN KOMERING ULU, SUMATERA SELATAN",2,22,111,133
https://kawalpemilu.org#17462,"KARANG LANTANG, MUARA JAYA, OGAN KOMERING ULU, SUMATERA SELATAN",3,20,115,135
https://kawalpemilu.org#17462,"KARANG LANTANG, MUARA JAYA, OGAN KOMERING ULU, SUMATERA SELATAN",4,17,135,152
https://kawalpemilu.org#17462,"KARANG LANTANG, MUARA JAYA, OGAN KOMERING ULU, SUMATERA SELATAN",5,21,122,143
https://kawalpemilu.org#17462,"KARANG LANTANG, MUARA JAYA, OGAN KOMERING ULU, SUMATERA SELATAN",6,17,102,119
https://kawalpemilu.org#17464,"TANJUNG AGUNG, BATURAJA BARAT, OGAN KOMERING ULU, SUMATERA SELATAN",1,38,131,169
https://kawalpemilu.org#17464,"TANJUNG AGUNG, BATURAJA BARAT, OGAN KOMERING ULU, SUMATERA SELATAN",2,35,131,166
https://kawalpemilu.org#17464,"TANJUNG AGUNG, BATURAJA BARAT, OGAN KOMERING ULU, SUMATERA SELATAN",3,39,112,151
https://kawalpemilu.org#17464,"TANJUNG AGUNG, BATURAJA BARAT, OGAN KOMERING ULU, SUMATERA SELATAN",4,41,187,228
https://kawalpemilu.org#17464,"TANJUNG AGUNG, BATURAJA BARAT, OGAN KOMERING ULU, SUMATERA SELATAN",5,60,167,227
https://kawalpemilu.org#17464,"TANJUNG AGUNG, BATURAJA BARAT, OGAN KOMERING ULU, SUMATERA SELATAN",6,37,140,177
https://kawalpemilu.org#17464,"TANJUNG AGUNG, BATURAJA BARAT, OGAN KOMERING ULU, SUMATERA SELATAN",7,94,158,252
https://kawalpemilu.org#17464,"TANJUNG AGUNG, BATURAJA BARAT, OGAN KOMERING ULU, SUMATERA SELATAN",8,38,143,181
https://kawalpemilu.org#17466,"TALANG JAWA, BATURAJA BARAT, OGAN KOMERING ULU, SUMATERA SELATAN",1,60,169,229
https://kawalpemilu.org#17466,"TALANG JAWA, BATURAJA BARAT, OGAN KOMERING ULU, SUMATERA SELATAN",2,65,147,212
https://kawalpemilu.org#17466,"TALANG JAWA, BATURAJA BARAT, OGAN KOMERING ULU, SUMATERA SELATAN",3,66,134,200
https://kawalpemilu.org#17466,"TALANG JAWA, BATURAJA BARAT, OGAN KOMERING ULU, SUMATERA SELATAN",4,56,134,190
https://kawalpemilu.org#17466,"TALANG JAWA, BATURAJA BARAT, OGAN KOMERING ULU, SUMATERA SELATAN",5,28,143,171
https://kawalpemilu.org#17466,"TALANG JAWA, BATURAJA BARAT, OGAN KOMERING ULU, SUMATERA SELATAN",6,46,118,164
https://kawalpemilu.org#17466,"TALANG JAWA, BATURAJA BARAT, OGAN KOMERING ULU, SUMATERA SELATAN",7,37,136,173
https://kawalpemilu.org#17466,"TALANG JAWA, BATURAJA BARAT, OGAN KOMERING ULU, SUMATERA SELATAN",8,39,130,169
https://kawalpemilu.org#17466,"TALANG JAWA, BATURAJA BARAT, OGAN KOMERING ULU, SUMATERA SELATAN",9,38,91,129
https://kawalpemilu.org#17466,"TALANG JAWA, BATURAJA BARAT, OGAN KOMERING ULU, SUMATERA SELATAN",10,35,100,135
https://kawalpemilu.org#17466,"TALANG JAWA, BATURAJA BARAT, OGAN KOMERING ULU, SUMATERA SELATAN",11,44,105,149
https://kawalpemilu.org#17466,"TALANG JAWA, BATURAJA BARAT, OGAN KOMERING ULU, SUMATERA SELATAN",12,54,97,151
https://kawalpemilu.org#17466,"TALANG JAWA, BATURAJA BARAT, OGAN KOMERING ULU, SUMATERA SELATAN",13,51,126,177
https://kawalpemilu.org#17466,"TALANG JAWA, BATURAJA BARAT, OGAN KOMERING ULU, SUMATERA SELATAN",14,44,122,166
https://kawalpemilu.org#17466,"TALANG JAWA, BATURAJA BARAT, OGAN KOMERING ULU, SUMATERA SELATAN",15,52,122,174
https://kawalpemilu.org#17466,"TALANG JAWA, BATURAJA BARAT, OGAN KOMERING ULU, SUMATERA SELATAN",16,57,136,193
https://kawalpemilu.org#17466,"TALANG JAWA, BATURAJA BARAT, OGAN KOMERING ULU, SUMATERA SELATAN",17,68,92,160
https://kawalpemilu.org#17466,"TALANG JAWA, BATURAJA BARAT, OGAN KOMERING ULU, SUMATERA SELATAN",18,56,125,181
https://kawalpemilu.org#17466,"TALANG JAWA, BATURAJA BARAT, OGAN KOMERING ULU, SUMATERA SELATAN",19,32,89,121
https://kawalpemilu.org#17466,"TALANG JAWA, BATURAJA BARAT, OGAN KOMERING ULU, SUMATERA SELATAN",20,31,94,125
https://kawalpemilu.org#17466,"TALANG JAWA, BATURAJA BARAT, OGAN KOMERING ULU, SUMATERA SELATAN",21,62,154,216
https://kawalpemilu.org#17466,"TALANG JAWA, BATURAJA BARAT, OGAN KOMERING ULU, SUMATERA SELATAN",22,27,192,219
https://kawalpemilu.org#17466,"TALANG JAWA, BATURAJA BARAT, OGAN KOMERING ULU, SUMATERA SELATAN",23,57,123,180
https://kawalpemilu.org#17466,"TALANG JAWA, BATURAJA BARAT, OGAN KOMERING ULU, SUMATERA SELATAN",24,84,167,251
https://kawalpemilu.org#17466,"TALANG JAWA, BATURAJA BARAT, OGAN KOMERING ULU, SUMATERA SELATAN",25,72,166,238
https://kawalpemilu.org#17467,"AIR GADING, BATURAJA BARAT, OGAN KOMERING ULU, SUMATERA SELATAN",1,46,106,152
https://kawalpemilu.org#17467,"AIR GADING, BATURAJA BARAT, OGAN KOMERING ULU, SUMATERA SELATAN",2,48,89,137
https://kawalpemilu.org#17467,"AIR GADING, BATURAJA BARAT, OGAN KOMERING ULU, SUMATERA SELATAN",3,65,95,160
https://kawalpemilu.org#17467,"AIR GADING, BATURAJA BARAT, OGAN KOMERING ULU, SUMATERA SELATAN",4,63,125,188
https://kawalpemilu.org#17467,"AIR GADING, BATURAJA BARAT, OGAN KOMERING ULU, SUMATERA SELATAN",5,29,124,153
https://kawalpemilu.org#17467,"AIR GADING, BATURAJA BARAT, OGAN KOMERING ULU, SUMATERA SELATAN",6,70,100,170
https://kawalpemilu.org#17467,"AIR GADING, BATURAJA BARAT, OGAN KOMERING ULU, SUMATERA SELATAN",7,64,90,154
https://kawalpemilu.org#17467,"AIR GADING, BATURAJA BARAT, OGAN KOMERING ULU, SUMATERA SELATAN",8,36,114,150
https://kawalpemilu.org#17467,"AIR GADING, BATURAJA BARAT, OGAN KOMERING ULU, SUMATERA SELATAN",9,30,147,177
https://kawalpemilu.org#17467,"AIR GADING, BATURAJA BARAT, OGAN KOMERING ULU, SUMATERA SELATAN",10,28,145,173
https://kawalpemilu.org#17467,"AIR GADING, BATURAJA BARAT, OGAN KOMERING ULU, SUMATERA SELATAN",11,28,120,148
https://kawalpemilu.org#17467,"AIR GADING, BATURAJA BARAT, OGAN KOMERING ULU, SUMATERA SELATAN",12,44,100,144
https://kawalpemilu.org#17467,"AIR GADING, BATURAJA BARAT, OGAN KOMERING ULU, SUMATERA SELATAN",13,47,115,162
https://kawalpemilu.org#17467,"AIR GADING, BATURAJA BARAT, OGAN KOMERING ULU, SUMATERA SELATAN",14,28,122,150
https://kawalpemilu.org#17467,"AIR GADING, BATURAJA BARAT, OGAN KOMERING ULU, SUMATERA SELATAN",15,28,158,186
https://kawalpemilu.org#17468,"BATU PUTIH, BATURAJA BARAT, OGAN KOMERING ULU, SUMATERA SELATAN",1,39,156,195
https://kawalpemilu.org#17468,"BATU PUTIH, BATURAJA BARAT, OGAN KOMERING ULU, SUMATERA SELATAN",2,57,159,216
https://kawalpemilu.org#17468,"BATU PUTIH, BATURAJA BARAT, OGAN KOMERING ULU, SUMATERA SELATAN",3,146,51,197
https://kawalpemilu.org#17468,"BATU PUTIH, BATURAJA BARAT, OGAN KOMERING ULU, SUMATERA SELATAN",4,182,18,200
https://kawalpemilu.org#17468,"BATU PUTIH, BATURAJA BARAT, OGAN KOMERING ULU, SUMATERA SELATAN",5,59,148,207
https://kawalpemilu.org#17468,"BATU PUTIH, BATURAJA BARAT, OGAN KOMERING ULU, SUMATERA SELATAN",6,24,202,226
https://kawalpemilu.org#17468,"BATU PUTIH, BATURAJA BARAT, OGAN KOMERING ULU, SUMATERA SELATAN",7,94,91,185
https://kawalpemilu.org#17468,"BATU PUTIH, BATURAJA BARAT, OGAN KOMERING ULU, SUMATERA SELATAN",8,200,14,214
https://kawalpemilu.org#17469,"LAYA, BATURAJA BARAT, OGAN KOMERING ULU, SUMATERA SELATAN",1,40,181,221
https://kawalpemilu.org#17469,"LAYA, BATURAJA BARAT, OGAN KOMERING ULU, SUMATERA SELATAN",2,44,166,210
https://kawalpemilu.org#17469,"LAYA, BATURAJA BARAT, OGAN KOMERING ULU, SUMATERA SELATAN",3,33,167,200
https://kawalpemilu.org#17469,"LAYA, BATURAJA BARAT, OGAN KOMERING ULU, SUMATERA SELATAN",4,37,179,216
https://kawalpemilu.org#17469,"LAYA, BATURAJA BARAT, OGAN KOMERING ULU, SUMATERA SELATAN",5,35,218,253
https://kawalpemilu.org#17470,"PUSAR, BATURAJA BARAT, OGAN KOMERING ULU, SUMATERA SELATAN",1,34,149,183
https://kawalpemilu.org#17470,"PUSAR, BATURAJA BARAT, OGAN KOMERING ULU, SUMATERA SELATAN",2,26,139,165
https://kawalpemilu.org#17470,"PUSAR, BATURAJA BARAT, OGAN KOMERING ULU, SUMATERA SELATAN",3,25,153,178
https://kawalpemilu.org#17470,"PUSAR, BATURAJA BARAT, OGAN KOMERING ULU, SUMATERA SELATAN",4,31,120,151
https://kawalpemilu.org#17470,"PUSAR, BATURAJA BARAT, OGAN KOMERING ULU, SUMATERA SELATAN",5,41,138,179
https://kawalpemilu.org#17470,"PUSAR, BATURAJA BARAT, OGAN KOMERING ULU, SUMATERA SELATAN",6,31,117,148
https://kawalpemilu.org#17470,"PUSAR, BATURAJA BARAT, OGAN KOMERING ULU, SUMATERA SELATAN",7,40,144,184
https://kawalpemilu.org#17470,"PUSAR, BATURAJA BARAT, OGAN KOMERING ULU, SUMATERA SELATAN",8,34,183,217
https://kawalpemilu.org#17470,"PUSAR, BATURAJA BARAT, OGAN KOMERING ULU, SUMATERA SELATAN",9,24,203,227
https://kawalpemilu.org#17470,"PUSAR, BATURAJA BARAT, OGAN KOMERING ULU, SUMATERA SELATAN",10,47,198,245
https://kawalpemilu.org#17470,"PUSAR, BATURAJA BARAT, OGAN KOMERING ULU, SUMATERA SELATAN",11,88,87,175
https://kawalpemilu.org#17470,"PUSAR, BATURAJA BARAT, OGAN KOMERING ULU, SUMATERA SELATAN",12,52,117,169
https://kawalpemilu.org#17471,"BATU KUNING, BATURAJA BARAT, OGAN KOMERING ULU, SUMATERA SELATAN",1,57,158,215
https://kawalpemilu.org#17471,"BATU KUNING, BATURAJA BARAT, OGAN KOMERING ULU, SUMATERA SELATAN",2,32,177,209
https://kawalpemilu.org#17471,"BATU KUNING, BATURAJA BARAT, OGAN KOMERING ULU, SUMATERA SELATAN",3,42,171,213
https://kawalpemilu.org#17471,"BATU KUNING, BATURAJA BARAT, OGAN KOMERING ULU, SUMATERA SELATAN",4,30,166,196
https://kawalpemilu.org#17471,"BATU KUNING, BATURAJA BARAT, OGAN KOMERING ULU, SUMATERA SELATAN",5,38,157,195
https://kawalpemilu.org#17471,"BATU KUNING, BATURAJA BARAT, OGAN KOMERING ULU, SUMATERA SELATAN",6,36,97,133
https://kawalpemilu.org#17471,"BATU KUNING, BATURAJA BARAT, OGAN KOMERING ULU, SUMATERA SELATAN",7,24,156,180
https://kawalpemilu.org#17471,"BATU KUNING, BATURAJA BARAT, OGAN KOMERING ULU, SUMATERA SELATAN",8,44,159,203
https://kawalpemilu.org#17471,"BATU KUNING, BATURAJA BARAT, OGAN KOMERING ULU, SUMATERA SELATAN",9,59,129,188
https://kawalpemilu.org#17471,"BATU KUNING, BATURAJA BARAT, OGAN KOMERING ULU, SUMATERA SELATAN",10,98,138,236
https://kawalpemilu.org#17471,"BATU KUNING, BATURAJA BARAT, OGAN KOMERING ULU, SUMATERA SELATAN",11,87,121,208
https://kawalpemilu.org#17471,"BATU KUNING, BATURAJA BARAT, OGAN KOMERING ULU, SUMATERA SELATAN",12,20,190,210
https://kawalpemilu.org#17471,"BATU KUNING, BATURAJA BARAT, OGAN KOMERING ULU, SUMATERA SELATAN",13,31,129,160
https://kawalpemilu.org#17471,"BATU KUNING, BATURAJA BARAT, OGAN KOMERING ULU, SUMATERA SELATAN",14,63,218,281
https://kawalpemilu.org#17471,"BATU KUNING, BATURAJA BARAT, OGAN KOMERING ULU, SUMATERA SELATAN",15,42,171,213
https://kawalpemilu.org#17472,"KARANG AGUNG, BATURAJA BARAT, OGAN KOMERING ULU, SUMATERA SELATAN",1,7,121,128
https://kawalpemilu.org#17472,"KARANG AGUNG, BATURAJA BARAT, OGAN KOMERING ULU, SUMATERA SELATAN",2,52,137,189
https://kawalpemilu.org#17472,"KARANG AGUNG, BATURAJA BARAT, OGAN KOMERING ULU, SUMATERA SELATAN",3,19,83,102
https://kawalpemilu.org#17472,"KARANG AGUNG, BATURAJA BARAT, OGAN KOMERING ULU, SUMATERA SELATAN",4,12,99,111
https://kawalpemilu.org#17473,"KARANG ENDAH, BATURAJA BARAT, OGAN KOMERING ULU, SUMATERA SELATAN",1,41,172,213
https://kawalpemilu.org#17473,"KARANG ENDAH, BATURAJA BARAT, OGAN KOMERING ULU, SUMATERA SELATAN",2,35,154,189
https://kawalpemilu.org#17474,"TANJUNG KARANG, BATURAJA BARAT, OGAN KOMERING ULU, SUMATERA SELATAN",1,20,159,179
https://kawalpemilu.org#17474,"TANJUNG KARANG, BATURAJA BARAT, OGAN KOMERING ULU, SUMATERA SELATAN",2,25,174,199
https://kawalpemilu.org#17475,"SUKAMAJU, BATURAJA BARAT, OGAN KOMERING ULU, SUMATERA SELATAN",1,120,107,227
https://kawalpemilu.org#17475,"SUKAMAJU, BATURAJA BARAT, OGAN KOMERING ULU, SUMATERA SELATAN",2,93,131,224
https://kawalpemilu.org#17475,"SUKAMAJU, BATURAJA BARAT, OGAN KOMERING ULU, SUMATERA SELATAN",3,98,109,207
https://kawalpemilu.org#89415,"SAUNG NAGA, BATURAJA BARAT, OGAN KOMERING ULU, SUMATERA SELATAN",1,21,129,150
https://kawalpemilu.org#89415,"SAUNG NAGA, BATURAJA BARAT, OGAN KOMERING ULU, SUMATERA SELATAN",2,20,127,147
https://kawalpemilu.org#89415,"SAUNG NAGA, BATURAJA BARAT, OGAN KOMERING ULU, SUMATERA SELATAN",3,28,111,139
https://kawalpemilu.org#89415,"SAUNG NAGA, BATURAJA BARAT, OGAN KOMERING ULU, SUMATERA SELATAN",4,28,89,117
https://kawalpemilu.org#89415,"SAUNG NAGA, BATURAJA BARAT, OGAN KOMERING ULU, SUMATERA SELATAN",5,25,111,136
https://kawalpemilu.org#89415,"SAUNG NAGA, BATURAJA BARAT, OGAN KOMERING ULU, SUMATERA SELATAN",6,25,117,142
https://kawalpemilu.org#89415,"SAUNG NAGA, BATURAJA BARAT, OGAN KOMERING ULU, SUMATERA SELATAN",7,18,137,155
https://kawalpemilu.org#89415,"SAUNG NAGA, BATURAJA BARAT, OGAN KOMERING ULU, SUMATERA SELATAN",8,27,138,165
https://kawalpemilu.org#89415,"SAUNG NAGA, BATURAJA BARAT, OGAN KOMERING ULU, SUMATERA SELATAN",9,27,100,127
https://kawalpemilu.org#89415,"SAUNG NAGA, BATURAJA BARAT, OGAN KOMERING ULU, SUMATERA SELATAN",10,27,172,199
https://kawalpemilu.org#89415,"SAUNG NAGA, BATURAJA BARAT, OGAN KOMERING ULU, SUMATERA SELATAN",11,46,131,177
https://kawalpemilu.org#89415,"SAUNG NAGA, BATURAJA BARAT, OGAN KOMERING ULU, SUMATERA SELATAN",12,54,101,155
https://kawalpemilu.org#89415,"SAUNG NAGA, BATURAJA BARAT, OGAN KOMERING ULU, SUMATERA SELATAN",13,34,112,146
https://kawalpemilu.org#89415,"SAUNG NAGA, BATURAJA BARAT, OGAN KOMERING ULU, SUMATERA SELATAN",14,41,108,149
https://kawalpemilu.org#89415,"SAUNG NAGA, BATURAJA BARAT, OGAN KOMERING ULU, SUMATERA SELATAN",15,47,100,147
https://kawalpemilu.org#89415,"SAUNG NAGA, BATURAJA BARAT, OGAN KOMERING ULU, SUMATERA SELATAN",16,52,111,163
https://kawalpemilu.org#89415,"SAUNG NAGA, BATURAJA BARAT, OGAN KOMERING ULU, SUMATERA SELATAN",17,44,99,143
https://kawalpemilu.org#89415,"SAUNG NAGA, BATURAJA BARAT, OGAN KOMERING ULU, SUMATERA SELATAN",18,30,128,158
https://kawalpemilu.org#89415,"SAUNG NAGA, BATURAJA BARAT, OGAN KOMERING ULU, SUMATERA SELATAN",19,32,130,162
https://kawalpemilu.org#89415,"SAUNG NAGA, BATURAJA BARAT, OGAN KOMERING ULU, SUMATERA SELATAN",20,46,119,165
https://kawalpemilu.org#89415,"SAUNG NAGA, BATURAJA BARAT, OGAN KOMERING ULU, SUMATERA SELATAN",21,16,126,142
https://kawalpemilu.org#89415,"SAUNG NAGA, BATURAJA BARAT, OGAN KOMERING ULU, SUMATERA SELATAN",22,33,111,144
https://kawalpemilu.org#89415,"SAUNG NAGA, BATURAJA BARAT, OGAN KOMERING ULU, SUMATERA SELATAN",23,33,134,167
https://kawalpemilu.org#89415,"SAUNG NAGA, BATURAJA BARAT, OGAN KOMERING ULU, SUMATERA SELATAN",24,37,117,154
https://kawalpemilu.org#89415,"SAUNG NAGA, BATURAJA BARAT, OGAN KOMERING ULU, SUMATERA SELATAN",25,41,131,172
https://kawalpemilu.org#17477,"PASAR BARU, BATURAJA TIMUR, OGAN KOMERING ULU, SUMATERA SELATAN",1,63,170,233
https://kawalpemilu.org#17477,"PASAR BARU, BATURAJA TIMUR, OGAN KOMERING ULU, SUMATERA SELATAN",2,37,99,136
https://kawalpemilu.org#17477,"PASAR BARU, BATURAJA TIMUR, OGAN KOMERING ULU, SUMATERA SELATAN",3,138,40,178
https://kawalpemilu.org#17477,"PASAR BARU, BATURAJA TIMUR, OGAN KOMERING ULU, SUMATERA SELATAN",4,56,111,167
https://kawalpemilu.org#17477,"PASAR BARU, BATURAJA TIMUR, OGAN KOMERING ULU, SUMATERA SELATAN",5,119,66,185
https://kawalpemilu.org#17477,"PASAR BARU, BATURAJA TIMUR, OGAN KOMERING ULU, SUMATERA SELATAN",6,179,43,222
https://kawalpemilu.org#17477,"PASAR BARU, BATURAJA TIMUR, OGAN KOMERING ULU, SUMATERA SELATAN",7,41,126,167
https://kawalpemilu.org#17477,"PASAR BARU, BATURAJA TIMUR, OGAN KOMERING ULU, SUMATERA SELATAN",8,47,119,166
https://kawalpemilu.org#17477,"PASAR BARU, BATURAJA TIMUR, OGAN KOMERING ULU, SUMATERA SELATAN",9,54,120,174
https://kawalpemilu.org#17477,"PASAR BARU, BATURAJA TIMUR, OGAN KOMERING ULU, SUMATERA SELATAN",10,74,106,180
https://kawalpemilu.org#17477,"PASAR BARU, BATURAJA TIMUR, OGAN KOMERING ULU, SUMATERA SELATAN",11,45,63,108
https://kawalpemilu.org#17477,"PASAR BARU, BATURAJA TIMUR, OGAN KOMERING ULU, SUMATERA SELATAN",12,57,143,200
https://kawalpemilu.org#17477,"PASAR BARU, BATURAJA TIMUR, OGAN KOMERING ULU, SUMATERA SELATAN",13,56,100,156
https://kawalpemilu.org#17477,"PASAR BARU, BATURAJA TIMUR, OGAN KOMERING ULU, SUMATERA SELATAN",14,54,98,152
https://kawalpemilu.org#17477,"PASAR BARU, BATURAJA TIMUR, OGAN KOMERING ULU, SUMATERA SELATAN",15,71,92,163
https://kawalpemilu.org#17477,"PASAR BARU, BATURAJA TIMUR, OGAN KOMERING ULU, SUMATERA SELATAN",16,44,98,142
https://kawalpemilu.org#17477,"PASAR BARU, BATURAJA TIMUR, OGAN KOMERING ULU, SUMATERA SELATAN",17,49,92,141
https://kawalpemilu.org#17478,"KEMELAK BINDUNG LANGIT, BATURAJA TIMUR, OGAN KOMERING ULU, SUMATERA SELATAN",1,65,157,222
https://kawalpemilu.org#17478,"KEMELAK BINDUNG LANGIT, BATURAJA TIMUR, OGAN KOMERING ULU, SUMATERA SELATAN",2,18,80,98
https://kawalpemilu.org#17478,"KEMELAK BINDUNG LANGIT, BATURAJA TIMUR, OGAN KOMERING ULU, SUMATERA SELATAN",3,42,167,209
https://kawalpemilu.org#17478,"KEMELAK BINDUNG LANGIT, BATURAJA TIMUR, OGAN KOMERING ULU, SUMATERA SELATAN",4,49,176,225
https://kawalpemilu.org#17478,"KEMELAK BINDUNG LANGIT, BATURAJA TIMUR, OGAN KOMERING ULU, SUMATERA SELATAN",5,54,208,262
https://kawalpemilu.org#17478,"KEMELAK BINDUNG LANGIT, BATURAJA TIMUR, OGAN KOMERING ULU, SUMATERA SELATAN",6,20,250,270
https://kawalpemilu.org#17478,"KEMELAK BINDUNG LANGIT, BATURAJA TIMUR, OGAN KOMERING ULU, SUMATERA SELATAN",7,32,129,161
https://kawalpemilu.org#17478,"KEMELAK BINDUNG LANGIT, BATURAJA TIMUR, OGAN KOMERING ULU, SUMATERA SELATAN",8,18,130,148
https://kawalpemilu.org#17478,"KEMELAK BINDUNG LANGIT, BATURAJA TIMUR, OGAN KOMERING ULU, SUMATERA SELATAN",9,29,178,207
https://kawalpemilu.org#17478,"KEMELAK BINDUNG LANGIT, BATURAJA TIMUR, OGAN KOMERING ULU, SUMATERA SELATAN",10,15,173,188
https://kawalpemilu.org#17478,"KEMELAK BINDUNG LANGIT, BATURAJA TIMUR, OGAN KOMERING ULU, SUMATERA SELATAN",11,58,174,231
https://kawalpemilu.org#17478,"KEMELAK BINDUNG LANGIT, BATURAJA TIMUR, OGAN KOMERING ULU, SUMATERA SELATAN",13,49,211,260
https://kawalpemilu.org#17478,"KEMELAK BINDUNG LANGIT, BATURAJA TIMUR, OGAN KOMERING ULU, SUMATERA SELATAN",14,40,186,226
https://kawalpemilu.org#17478,"KEMELAK BINDUNG LANGIT, BATURAJA TIMUR, OGAN KOMERING ULU, SUMATERA SELATAN",15,35,139,174
https://kawalpemilu.org#17478,"KEMELAK BINDUNG LANGIT, BATURAJA TIMUR, OGAN KOMERING ULU, SUMATERA SELATAN",16,14,140,154
https://kawalpemilu.org#17478,"KEMELAK BINDUNG LANGIT, BATURAJA TIMUR, OGAN KOMERING ULU, SUMATERA SELATAN",17,49,121,170
https://kawalpemilu.org#17478,"KEMELAK BINDUNG LANGIT, BATURAJA TIMUR, OGAN KOMERING ULU, SUMATERA SELATAN",18,22,129,151
https://kawalpemilu.org#17478,"KEMELAK BINDUNG LANGIT, BATURAJA TIMUR, OGAN KOMERING ULU, SUMATERA SELATAN",19,14,140,154
https://kawalpemilu.org#17478,"KEMELAK BINDUNG LANGIT, BATURAJA TIMUR, OGAN KOMERING ULU, SUMATERA SELATAN",20,36,105,141
https://kawalpemilu.org#17478,"KEMELAK BINDUNG LANGIT, BATURAJA TIMUR, OGAN KOMERING ULU, SUMATERA SELATAN",21,14,147,161
https://kawalpemilu.org#17478,"KEMELAK BINDUNG LANGIT, BATURAJA TIMUR, OGAN KOMERING ULU, SUMATERA SELATAN",22,38,188,226
https://kawalpemilu.org#17478,"KEMELAK BINDUNG LANGIT, BATURAJA TIMUR, OGAN KOMERING ULU, SUMATERA SELATAN",23,20,84,104
https://kawalpemilu.org#17479,"SUKARAYA, BATURAJA TIMUR, OGAN KOMERING ULU, SUMATERA SELATAN",1,17,121,138
https://kawalpemilu.org#17479,"SUKARAYA, BATURAJA TIMUR, OGAN KOMERING ULU, SUMATERA SELATAN",2,37,208,245
https://kawalpemilu.org#17479,"SUKARAYA, BATURAJA TIMUR, OGAN KOMERING ULU, SUMATERA SELATAN",3,77,186,263
https://kawalpemilu.org#17479,"SUKARAYA, BATURAJA TIMUR, OGAN KOMERING ULU, SUMATERA SELATAN",4,44,165,209
https://kawalpemilu.org#17479,"SUKARAYA, BATURAJA TIMUR, OGAN KOMERING ULU, SUMATERA SELATAN",5,26,104,130
https://kawalpemilu.org#17479,"SUKARAYA, BATURAJA TIMUR, OGAN KOMERING ULU, SUMATERA SELATAN",6,34,133,167
https://kawalpemilu.org#17479,"SUKARAYA, BATURAJA TIMUR, OGAN KOMERING ULU, SUMATERA SELATAN",7,40,98,138
https://kawalpemilu.org#17479,"SUKARAYA, BATURAJA TIMUR, OGAN KOMERING ULU, SUMATERA SELATAN",8,31,124,155
https://kawalpemilu.org#17479,"SUKARAYA, BATURAJA TIMUR, OGAN KOMERING ULU, SUMATERA SELATAN",9,35,165,200
https://kawalpemilu.org#17479,"SUKARAYA, BATURAJA TIMUR, OGAN KOMERING ULU, SUMATERA SELATAN",10,26,164,190
https://kawalpemilu.org#17479,"SUKARAYA, BATURAJA TIMUR, OGAN KOMERING ULU, SUMATERA SELATAN",11,34,171,205
https://kawalpemilu.org#17479,"SUKARAYA, BATURAJA TIMUR, OGAN KOMERING ULU, SUMATERA SELATAN",12,40,137,177
https://kawalpemilu.org#17479,"SUKARAYA, BATURAJA TIMUR, OGAN KOMERING ULU, SUMATERA SELATAN",13,27,153,180
https://kawalpemilu.org#17479,"SUKARAYA, BATURAJA TIMUR, OGAN KOMERING ULU, SUMATERA SELATAN",14,40,101,141
https://kawalpemilu.org#17479,"SUKARAYA, BATURAJA TIMUR, OGAN KOMERING ULU, SUMATERA SELATAN",15,39,76,115
https://kawalpemilu.org#17479,"SUKARAYA, BATURAJA TIMUR, OGAN KOMERING ULU, SUMATERA SELATAN",16,38,143,181
https://kawalpemilu.org#17479,"SUKARAYA, BATURAJA TIMUR, OGAN KOMERING ULU, SUMATERA SELATAN",17,36,75,111
https://kawalpemilu.org#17479,"SUKARAYA, BATURAJA TIMUR, OGAN KOMERING ULU, SUMATERA SELATAN",18,33,197,230
https://kawalpemilu.org#17479,"SUKARAYA, BATURAJA TIMUR, OGAN KOMERING ULU, SUMATERA SELATAN",19,29,130,159
https://kawalpemilu.org#17479,"SUKARAYA, BATURAJA TIMUR, OGAN KOMERING ULU, SUMATERA SELATAN",20,41,101,142
https://kawalpemilu.org#17479,"SUKARAYA, BATURAJA TIMUR, OGAN KOMERING ULU, SUMATERA SELATAN",21,27,125,152
https://kawalpemilu.org#17479,"SUKARAYA, BATURAJA TIMUR, OGAN KOMERING ULU, SUMATERA SELATAN",22,17,105,122
https://kawalpemilu.org#17479,"SUKARAYA, BATURAJA TIMUR, OGAN KOMERING ULU, SUMATERA SELATAN",23,24,80,104
https://kawalpemilu.org#17479,"SUKARAYA, BATURAJA TIMUR, OGAN KOMERING ULU, SUMATERA SELATAN",24,26,105,131
https://kawalpemilu.org#17479,"SUKARAYA, BATURAJA TIMUR, OGAN KOMERING ULU, SUMATERA SELATAN",25,33,92,125
https://kawalpemilu.org#17479,"SUKARAYA, BATURAJA TIMUR, OGAN KOMERING ULU, SUMATERA SELATAN",26,24,163,187
https://kawalpemilu.org#17479,"SUKARAYA, BATURAJA TIMUR, OGAN KOMERING ULU, SUMATERA SELATAN",27,31,119,150
https://kawalpemilu.org#17479,"SUKARAYA, BATURAJA TIMUR, OGAN KOMERING ULU, SUMATERA SELATAN",28,24,94,118
https://kawalpemilu.org#17479,"SUKARAYA, BATURAJA TIMUR, OGAN KOMERING ULU, SUMATERA SELATAN",29,29,83,112
https://kawalpemilu.org#17479,"SUKARAYA, BATURAJA TIMUR, OGAN KOMERING ULU, SUMATERA SELATAN",30,51,110,161
https://kawalpemilu.org#17479,"SUKARAYA, BATURAJA TIMUR, OGAN KOMERING ULU, SUMATERA SELATAN",31,28,109,137
https://kawalpemilu.org#17479,"SUKARAYA, BATURAJA TIMUR, OGAN KOMERING ULU, SUMATERA SELATAN",32,21,125,146
https://kawalpemilu.org#17479,"SUKARAYA, BATURAJA TIMUR, OGAN KOMERING ULU, SUMATERA SELATAN",33,35,86,121
https://kawalpemilu.org#17480,"BATURAJA LAMA, BATURAJA TIMUR, OGAN KOMERING ULU, SUMATERA SELATAN",1,51,189,240
https://kawalpemilu.org#17480,"BATURAJA LAMA, BATURAJA TIMUR, OGAN KOMERING ULU, SUMATERA SELATAN",2,38,170,208
https://kawalpemilu.org#17480,"BATURAJA LAMA, BATURAJA TIMUR, OGAN KOMERING ULU, SUMATERA SELATAN",3,42,113,155
https://kawalpemilu.org#17480,"BATURAJA LAMA, BATURAJA TIMUR, OGAN KOMERING ULU, SUMATERA SELATAN",4,32,107,139
https://kawalpemilu.org#17480,"BATURAJA LAMA, BATURAJA TIMUR, OGAN KOMERING ULU, SUMATERA SELATAN",5,44,163,207
https://kawalpemilu.org#17480,"BATURAJA LAMA, BATURAJA TIMUR, OGAN KOMERING ULU, SUMATERA SELATAN",6,53,125,178
https://kawalpemilu.org#17480,"BATURAJA LAMA, BATURAJA TIMUR, OGAN KOMERING ULU, SUMATERA SELATAN",7,52,74,126
https://kawalpemilu.org#17480,"BATURAJA LAMA, BATURAJA TIMUR, OGAN KOMERING ULU, SUMATERA SELATAN",8,69,84,153
https://kawalpemilu.org#17480,"BATURAJA LAMA, BATURAJA TIMUR, OGAN KOMERING ULU, SUMATERA SELATAN",9,76,120,196
https://kawalpemilu.org#17480,"BATURAJA LAMA, BATURAJA TIMUR, OGAN KOMERING ULU, SUMATERA SELATAN",10,109,122,231
https://kawalpemilu.org#17480,"BATURAJA LAMA, BATURAJA TIMUR, OGAN KOMERING ULU, SUMATERA SELATAN",11,87,81,168
https://kawalpemilu.org#17480,"BATURAJA LAMA, BATURAJA TIMUR, OGAN KOMERING ULU, SUMATERA SELATAN",12,65,97,162
https://kawalpemilu.org#17480,"BATURAJA LAMA, BATURAJA TIMUR, OGAN KOMERING ULU, SUMATERA SELATAN",13,30,162,192
https://kawalpemilu.org#17480,"BATURAJA LAMA, BATURAJA TIMUR, OGAN KOMERING ULU, SUMATERA SELATAN",14,59,144,203
https://kawalpemilu.org#17480,"BATURAJA LAMA, BATURAJA TIMUR, OGAN KOMERING ULU, SUMATERA SELATAN",15,48,127,175
https://kawalpemilu.org#17480,"BATURAJA LAMA, BATURAJA TIMUR, OGAN KOMERING ULU, SUMATERA SELATAN",16,31,110,141
https://kawalpemilu.org#17480,"BATURAJA LAMA, BATURAJA TIMUR, OGAN KOMERING ULU, SUMATERA SELATAN",17,33,97,130
https://kawalpemilu.org#17480,"BATURAJA LAMA, BATURAJA TIMUR, OGAN KOMERING ULU, SUMATERA SELATAN",18,38,140,178
https://kawalpemilu.org#17480,"BATURAJA LAMA, BATURAJA TIMUR, OGAN KOMERING ULU, SUMATERA SELATAN",19,46,97,144
https://kawalpemilu.org#17480,"BATURAJA LAMA, BATURAJA TIMUR, OGAN KOMERING ULU, SUMATERA SELATAN",20,23,100,123
https://kawalpemilu.org#17480,"BATURAJA LAMA, BATURAJA TIMUR, OGAN KOMERING ULU, SUMATERA SELATAN",21,61,88,149
https://kawalpemilu.org#17480,"BATURAJA LAMA, BATURAJA TIMUR, OGAN KOMERING ULU, SUMATERA SELATAN",22,122,8,130
https://kawalpemilu.org#17480,"BATURAJA LAMA, BATURAJA TIMUR, OGAN KOMERING ULU, SUMATERA SELATAN",23,61,129,190
https://kawalpemilu.org#17480,"BATURAJA LAMA, BATURAJA TIMUR, OGAN KOMERING ULU, SUMATERA SELATAN",24,56,131,187
https://kawalpemilu.org#17480,"BATURAJA LAMA, BATURAJA TIMUR, OGAN KOMERING ULU, SUMATERA SELATAN",25,30,106,136
https://kawalpemilu.org#17481,"KEMALARAJA, BATURAJA TIMUR, OGAN KOMERING ULU, SUMATERA SELATAN",1,22,131,153
https://kawalpemilu.org#17481,"KEMALARAJA, BATURAJA TIMUR, OGAN KOMERING ULU, SUMATERA SELATAN",2,46,134,180
https://kawalpemilu.org#17481,"KEMALARAJA, BATURAJA TIMUR, OGAN KOMERING ULU, SUMATERA SELATAN",3,23,123,146
https://kawalpemilu.org#17481,"KEMALARAJA, BATURAJA TIMUR, OGAN KOMERING ULU, SUMATERA SELATAN",4,33,85,118
https://kawalpemilu.org#17481,"KEMALARAJA, BATURAJA TIMUR, OGAN KOMERING ULU, SUMATERA SELATAN",5,38,76,114
https://kawalpemilu.org#17481,"KEMALARAJA, BATURAJA TIMUR, OGAN KOMERING ULU, SUMATERA SELATAN",6,20,110,130
https://kawalpemilu.org#17481,"KEMALARAJA, BATURAJA TIMUR, OGAN KOMERING ULU, SUMATERA SELATAN",7,29,107,136
https://kawalpemilu.org#17481,"KEMALARAJA, BATURAJA TIMUR, OGAN KOMERING ULU, SUMATERA SELATAN",8,46,104,150
https://kawalpemilu.org#17481,"KEMALARAJA, BATURAJA TIMUR, OGAN KOMERING ULU, SUMATERA SELATAN",9,24,142,166
https://kawalpemilu.org#17481,"KEMALARAJA, BATURAJA TIMUR, OGAN KOMERING ULU, SUMATERA SELATAN",10,23,92,115
https://kawalpemilu.org#17481,"KEMALARAJA, BATURAJA TIMUR, OGAN KOMERING ULU, SUMATERA SELATAN",11,30,75,105
https://kawalpemilu.org#17481,"KEMALARAJA, BATURAJA TIMUR, OGAN KOMERING ULU, SUMATERA SELATAN",12,25,121,146
https://kawalpemilu.org#17481,"KEMALARAJA, BATURAJA TIMUR, OGAN KOMERING ULU, SUMATERA SELATAN",13,33,112,146
https://kawalpemilu.org#17481,"KEMALARAJA, BATURAJA TIMUR, OGAN KOMERING ULU, SUMATERA SELATAN",14,65,129,194
https://kawalpemilu.org#17481,"KEMALARAJA, BATURAJA TIMUR, OGAN KOMERING ULU, SUMATERA SELATAN",15,49,98,147
https://kawalpemilu.org#17481,"KEMALARAJA, BATURAJA TIMUR, OGAN KOMERING ULU, SUMATERA SELATAN",16,56,204,260
https://kawalpemilu.org#17481,"KEMALARAJA, BATURAJA TIMUR, OGAN KOMERING ULU, SUMATERA SELATAN",17,20,123,143
https://kawalpemilu.org#17481,"KEMALARAJA, BATURAJA TIMUR, OGAN KOMERING ULU, SUMATERA SELATAN",18,30,106,136
https://kawalpemilu.org#17481,"KEMALARAJA, BATURAJA TIMUR, OGAN KOMERING ULU, SUMATERA SELATAN",19,48,140,188
https://kawalpemilu.org#17481,"KEMALARAJA, BATURAJA TIMUR, OGAN KOMERING ULU, SUMATERA SELATAN",20,32,137,169
https://kawalpemilu.org#17481,"KEMALARAJA, BATURAJA TIMUR, OGAN KOMERING ULU, SUMATERA SELATAN",21,30,99,129
https://kawalpemilu.org#17481,"KEMALARAJA, BATURAJA TIMUR, OGAN KOMERING ULU, SUMATERA SELATAN",22,44,192,236
https://kawalpemilu.org#17481,"KEMALARAJA, BATURAJA TIMUR, OGAN KOMERING ULU, SUMATERA SELATAN",23,22,137,159
https://kawalpemilu.org#17481,"KEMALARAJA, BATURAJA TIMUR, OGAN KOMERING ULU, SUMATERA SELATAN",24,28,121,149
https://kawalpemilu.org#17481,"KEMALARAJA, BATURAJA TIMUR, OGAN KOMERING ULU, SUMATERA SELATAN",25,50,158,208
https://kawalpemilu.org#17481,"KEMALARAJA, BATURAJA TIMUR, OGAN KOMERING ULU, SUMATERA SELATAN",26,15,194,209
https://kawalpemilu.org#17481,"KEMALARAJA, BATURAJA TIMUR, OGAN KOMERING ULU, SUMATERA SELATAN",27,15,133,148
https://kawalpemilu.org#17481,"KEMALARAJA, BATURAJA TIMUR, OGAN KOMERING ULU, SUMATERA SELATAN",28,21,112,133
https://kawalpemilu.org#17481,"KEMALARAJA, BATURAJA TIMUR, OGAN KOMERING ULU, SUMATERA SELATAN",29,50,156,206
https://kawalpemilu.org#17481,"KEMALARAJA, BATURAJA TIMUR, OGAN KOMERING ULU, SUMATERA SELATAN",30,34,123,157
https://kawalpemilu.org#17481,"KEMALARAJA, BATURAJA TIMUR, OGAN KOMERING ULU, SUMATERA SELATAN",31,46,177,223
https://kawalpemilu.org#17481,"KEMALARAJA, BATURAJA TIMUR, OGAN KOMERING ULU, SUMATERA SELATAN",32,38,118,156
https://kawalpemilu.org#17481,"KEMALARAJA, BATURAJA TIMUR, OGAN KOMERING ULU, SUMATERA SELATAN",33,57,164,221
https://kawalpemilu.org#17481,"KEMALARAJA, BATURAJA TIMUR, OGAN KOMERING ULU, SUMATERA SELATAN",34,18,89,107
https://kawalpemilu.org#17481,"KEMALARAJA, BATURAJA TIMUR, OGAN KOMERING ULU, SUMATERA SELATAN",35,14,135,149
https://kawalpemilu.org#17481,"KEMALARAJA, BATURAJA TIMUR, OGAN KOMERING ULU, SUMATERA SELATAN",36,26,86,112
https://kawalpemilu.org#17481,"KEMALARAJA, BATURAJA TIMUR, OGAN KOMERING ULU, SUMATERA SELATAN",37,34,93,127
https://kawalpemilu.org#17481,"KEMALARAJA, BATURAJA TIMUR, OGAN KOMERING ULU, SUMATERA SELATAN",38,44,95,139
https://kawalpemilu.org#17481,"KEMALARAJA, BATURAJA TIMUR, OGAN KOMERING ULU, SUMATERA SELATAN",39,48,150,198
https://kawalpemilu.org#17481,"KEMALARAJA, BATURAJA TIMUR, OGAN KOMERING ULU, SUMATERA SELATAN",40,15,122,137
https://kawalpemilu.org#17481,"KEMALARAJA, BATURAJA TIMUR, OGAN KOMERING ULU, SUMATERA SELATAN",41,17,86,103
https://kawalpemilu.org#17481,"KEMALARAJA, BATURAJA TIMUR, OGAN KOMERING ULU, SUMATERA SELATAN",42,23,88,111
https://kawalpemilu.org#17481,"KEMALARAJA, BATURAJA TIMUR, OGAN KOMERING ULU, SUMATERA SELATAN",43,45,136,181
https://kawalpemilu.org#17481,"KEMALARAJA, BATURAJA TIMUR, OGAN KOMERING ULU, SUMATERA SELATAN",44,35,103,138
https://kawalpemilu.org#17481,"KEMALARAJA, BATURAJA TIMUR, OGAN KOMERING ULU, SUMATERA SELATAN",45,22,143,165
https://kawalpemilu.org#17481,"KEMALARAJA, BATURAJA TIMUR, OGAN KOMERING ULU, SUMATERA SELATAN",46,17,107,124
https://kawalpemilu.org#17481,"KEMALARAJA, BATURAJA TIMUR, OGAN KOMERING ULU, SUMATERA SELATAN",47,47,141,188
https://kawalpemilu.org#17481,"KEMALARAJA, BATURAJA TIMUR, OGAN KOMERING ULU, SUMATERA SELATAN",48,26,109,135
https://kawalpemilu.org#17481,"KEMALARAJA, BATURAJA TIMUR, OGAN KOMERING ULU, SUMATERA SELATAN",49,27,140,167
https://kawalpemilu.org#17481,"KEMALARAJA, BATURAJA TIMUR, OGAN KOMERING ULU, SUMATERA SELATAN",50,22,152,174
https://kawalpemilu.org#17481,"KEMALARAJA, BATURAJA TIMUR, OGAN KOMERING ULU, SUMATERA SELATAN",51,36,151,187
https://kawalpemilu.org#17481,"KEMALARAJA, BATURAJA TIMUR, OGAN KOMERING ULU, SUMATERA SELATAN",52,50,172,222
https://kawalpemilu.org#17481,"KEMALARAJA, BATURAJA TIMUR, OGAN KOMERING ULU, SUMATERA SELATAN",53,30,110,140
https://kawalpemilu.org#17481,"KEMALARAJA, BATURAJA TIMUR, OGAN KOMERING ULU, SUMATERA SELATAN",54,13,74,87
https://kawalpemilu.org#17481,"KEMALARAJA, BATURAJA TIMUR, OGAN KOMERING ULU, SUMATERA SELATAN",55,26,75,101
https://kawalpemilu.org#17482,"SEPANCAR LAWANG KULON, BATURAJA TIMUR, OGAN KOMERING ULU, SUMATERA SELATAN",1,45,140,185
https://kawalpemilu.org#17482,"SEPANCAR LAWANG KULON, BATURAJA TIMUR, OGAN KOMERING ULU, SUMATERA SELATAN",2,25,140,165
https://kawalpemilu.org#17482,"SEPANCAR LAWANG KULON, BATURAJA TIMUR, OGAN KOMERING ULU, SUMATERA SELATAN",3,38,195,233
https://kawalpemilu.org#17482,"SEPANCAR LAWANG KULON, BATURAJA TIMUR, OGAN KOMERING ULU, SUMATERA SELATAN",4,61,100,161
https://kawalpemilu.org#17482,"SEPANCAR LAWANG KULON, BATURAJA TIMUR, OGAN KOMERING ULU, SUMATERA SELATAN",5,91,48,139
https://kawalpemilu.org#17482,"SEPANCAR LAWANG KULON, BATURAJA TIMUR, OGAN KOMERING ULU, SUMATERA SELATAN",6,154,16,170
https://kawalpemilu.org#17482,"SEPANCAR LAWANG KULON, BATURAJA TIMUR, OGAN KOMERING ULU, SUMATERA SELATAN",7,127,58,185
https://kawalpemilu.org#17482,"SEPANCAR LAWANG KULON, BATURAJA TIMUR, OGAN KOMERING ULU, SUMATERA SELATAN",8,106,53,159
https://kawalpemilu.org#17482,"SEPANCAR LAWANG KULON, BATURAJA TIMUR, OGAN KOMERING ULU, SUMATERA SELATAN",9,14,81,95
https://kawalpemilu.org#17482,"SEPANCAR LAWANG KULON, BATURAJA TIMUR, OGAN KOMERING ULU, SUMATERA SELATAN",10,25,133,158
https://kawalpemilu.org#17482,"SEPANCAR LAWANG KULON, BATURAJA TIMUR, OGAN KOMERING ULU, SUMATERA SELATAN",11,24,158,182
https://kawalpemilu.org#17482,"SEPANCAR LAWANG KULON, BATURAJA TIMUR, OGAN KOMERING ULU, SUMATERA SELATAN",12,38,173,211
https://kawalpemilu.org#17482,"SEPANCAR LAWANG KULON, BATURAJA TIMUR, OGAN KOMERING ULU, SUMATERA SELATAN",13,40,149,189
https://kawalpemilu.org#17482,"SEPANCAR LAWANG KULON, BATURAJA TIMUR, OGAN KOMERING ULU, SUMATERA SELATAN",14,47,110,157
https://kawalpemilu.org#17482,"SEPANCAR LAWANG KULON, BATURAJA TIMUR, OGAN KOMERING ULU, SUMATERA SELATAN",15,110,15,125
https://kawalpemilu.org#17482,"SEPANCAR LAWANG KULON, BATURAJA TIMUR, OGAN KOMERING ULU, SUMATERA SELATAN",16,62,87,149
https://kawalpemilu.org#17482,"SEPANCAR LAWANG KULON, BATURAJA TIMUR, OGAN KOMERING ULU, SUMATERA SELATAN",17,152,41,193
https://kawalpemilu.org#17482,"SEPANCAR LAWANG KULON, BATURAJA TIMUR, OGAN KOMERING ULU, SUMATERA SELATAN",18,68,79,147
https://kawalpemilu.org#17483,"SUKAJADI, BATURAJA TIMUR, OGAN KOMERING ULU, SUMATERA SELATAN",1,29,137,166
https://kawalpemilu.org#17483,"SUKAJADI, BATURAJA TIMUR, OGAN KOMERING ULU, SUMATERA SELATAN",2,35,119,154
https://kawalpemilu.org#17483,"SUKAJADI, BATURAJA TIMUR, OGAN KOMERING ULU, SUMATERA SELATAN",3,64,111,175
https://kawalpemilu.org#17483,"SUKAJADI, BATURAJA TIMUR, OGAN KOMERING ULU, SUMATERA SELATAN",4,43,64,107
https://kawalpemilu.org#17483,"SUKAJADI, BATURAJA TIMUR, OGAN KOMERING ULU, SUMATERA SELATAN",5,51,124,175
https://kawalpemilu.org#17483,"SUKAJADI, BATURAJA TIMUR, OGAN KOMERING ULU, SUMATERA SELATAN",6,84,98,182
https://kawalpemilu.org#17483,"SUKAJADI, BATURAJA TIMUR, OGAN KOMERING ULU, SUMATERA SELATAN",7,32,127,159
https://kawalpemilu.org#17483,"SUKAJADI, BATURAJA TIMUR, OGAN KOMERING ULU, SUMATERA SELATAN",8,25,143,168
https://kawalpemilu.org#17483,"SUKAJADI, BATURAJA TIMUR, OGAN KOMERING ULU, SUMATERA SELATAN",9,50,143,193
https://kawalpemilu.org#17483,"SUKAJADI, BATURAJA TIMUR, OGAN KOMERING ULU, SUMATERA SELATAN",10,46,153,199
https://kawalpemilu.org#17483,"SUKAJADI, BATURAJA TIMUR, OGAN KOMERING ULU, SUMATERA SELATAN",11,28,182,210
https://kawalpemilu.org#17483,"SUKAJADI, BATURAJA TIMUR, OGAN KOMERING ULU, SUMATERA SELATAN",12,31,172,203
https://kawalpemilu.org#17483,"SUKAJADI, BATURAJA TIMUR, OGAN KOMERING ULU, SUMATERA SELATAN",13,49,107,156
https://kawalpemilu.org#17483,"SUKAJADI, BATURAJA TIMUR, OGAN KOMERING ULU, SUMATERA SELATAN",14,62,183,245
https://kawalpemilu.org#17483,"SUKAJADI, BATURAJA TIMUR, OGAN KOMERING ULU, SUMATERA SELATAN",15,48,124,172
https://kawalpemilu.org#17483,"SUKAJADI, BATURAJA TIMUR, OGAN KOMERING ULU, SUMATERA SELATAN",16,52,92,144
https://kawalpemilu.org#17483,"SUKAJADI, BATURAJA TIMUR, OGAN KOMERING ULU, SUMATERA SELATAN",17,59,181,240
https://kawalpemilu.org#17483,"SUKAJADI, BATURAJA TIMUR, OGAN KOMERING ULU, SUMATERA SELATAN",18,96,77,173
https://kawalpemilu.org#17483,"SUKAJADI, BATURAJA TIMUR, OGAN KOMERING ULU, SUMATERA SELATAN",19,46,113,159
https://kawalpemilu.org#17483,"SUKAJADI, BATURAJA TIMUR, OGAN KOMERING ULU, SUMATERA SELATAN",20,125,25,150
https://kawalpemilu.org#17483,"SUKAJADI, BATURAJA TIMUR, OGAN KOMERING ULU, SUMATERA SELATAN",21,43,136,179
https://kawalpemilu.org#17483,"SUKAJADI, BATURAJA TIMUR, OGAN KOMERING ULU, SUMATERA SELATAN",22,55,92,147
https://kawalpemilu.org#17483,"SUKAJADI, BATURAJA TIMUR, OGAN KOMERING ULU, SUMATERA SELATAN",23,65,74,139
https://kawalpemilu.org#17483,"SUKAJADI, BATURAJA TIMUR, OGAN KOMERING ULU, SUMATERA SELATAN",24,62,87,149
https://kawalpemilu.org#17483,"SUKAJADI, BATURAJA TIMUR, OGAN KOMERING ULU, SUMATERA SELATAN",25,41,81,122
https://kawalpemilu.org#17483,"SUKAJADI, BATURAJA TIMUR, OGAN KOMERING ULU, SUMATERA SELATAN",27,33,128,161
https://kawalpemilu.org#17483,"SUKAJADI, BATURAJA TIMUR, OGAN KOMERING ULU, SUMATERA SELATAN",28,53,100,153
https://kawalpemilu.org#17483,"SUKAJADI, BATURAJA TIMUR, OGAN KOMERING ULU, SUMATERA SELATAN",29,46,105,151
https://kawalpemilu.org#17483,"SUKAJADI, BATURAJA TIMUR, OGAN KOMERING ULU, SUMATERA SELATAN",30,62,117,179
https://kawalpemilu.org#17483,"SUKAJADI, BATURAJA TIMUR, OGAN KOMERING ULU, SUMATERA SELATAN",31,54,144,198
https://kawalpemilu.org#17483,"SUKAJADI, BATURAJA TIMUR, OGAN KOMERING ULU, SUMATERA SELATAN",32,79,124,203
https://kawalpemilu.org#17484,"TANJUNG KEMALA, BATURAJA TIMUR, OGAN KOMERING ULU, SUMATERA SELATAN",1,13,134,147
https://kawalpemilu.org#17484,"TANJUNG KEMALA, BATURAJA TIMUR, OGAN KOMERING ULU, SUMATERA SELATAN",2,57,189,246
https://kawalpemilu.org#17484,"TANJUNG KEMALA, BATURAJA TIMUR, OGAN KOMERING ULU, SUMATERA SELATAN",3,27,198,225
https://kawalpemilu.org#17484,"TANJUNG KEMALA, BATURAJA TIMUR, OGAN KOMERING ULU, SUMATERA SELATAN",4,28,163,191
https://kawalpemilu.org#17484,"TANJUNG KEMALA, BATURAJA TIMUR, OGAN KOMERING ULU, SUMATERA SELATAN",5,0,0,0
https://kawalpemilu.org#17484,"TANJUNG KEMALA, BATURAJA TIMUR, OGAN KOMERING ULU, SUMATERA SELATAN",6,22,137,159
https://kawalpemilu.org#17484,"TANJUNG KEMALA, BATURAJA TIMUR, OGAN KOMERING ULU, SUMATERA SELATAN",7,37,159,196
https://kawalpemilu.org#17485,"TANJUNG BARU, BATURAJA TIMUR, OGAN KOMERING ULU, SUMATERA SELATAN",1,48,233,281
https://kawalpemilu.org#17485,"TANJUNG BARU, BATURAJA TIMUR, OGAN KOMERING ULU, SUMATERA SELATAN",2,30,211,241
https://kawalpemilu.org#17485,"TANJUNG BARU, BATURAJA TIMUR, OGAN KOMERING ULU, SUMATERA SELATAN",3,23,139,162
https://kawalpemilu.org#17485,"TANJUNG BARU, BATURAJA TIMUR, OGAN KOMERING ULU, SUMATERA SELATAN",4,67,152,219
https://kawalpemilu.org#17485,"TANJUNG BARU, BATURAJA TIMUR, OGAN KOMERING ULU, SUMATERA SELATAN",5,61,138,199
https://kawalpemilu.org#17485,"TANJUNG BARU, BATURAJA TIMUR, OGAN KOMERING ULU, SUMATERA SELATAN",6,58,168,226
https://kawalpemilu.org#17485,"TANJUNG BARU, BATURAJA TIMUR, OGAN KOMERING ULU, SUMATERA SELATAN",7,45,230,275
https://kawalpemilu.org#17485,"TANJUNG BARU, BATURAJA TIMUR, OGAN KOMERING ULU, SUMATERA SELATAN",8,44,218,262
https://kawalpemilu.org#17485,"TANJUNG BARU, BATURAJA TIMUR, OGAN KOMERING ULU, SUMATERA SELATAN",10,15,165,180
https://kawalpemilu.org#17485,"TANJUNG BARU, BATURAJA TIMUR, OGAN KOMERING ULU, SUMATERA SELATAN",11,46,139,185
https://kawalpemilu.org#17485,"TANJUNG BARU, BATURAJA TIMUR, OGAN KOMERING ULU, SUMATERA SELATAN",12,47,190,237
https://kawalpemilu.org#17485,"TANJUNG BARU, BATURAJA TIMUR, OGAN KOMERING ULU, SUMATERA SELATAN",13,21,143,164
https://kawalpemilu.org#17485,"TANJUNG BARU, BATURAJA TIMUR, OGAN KOMERING ULU, SUMATERA SELATAN",14,78,220,298
https://kawalpemilu.org#17485,"TANJUNG BARU, BATURAJA TIMUR, OGAN KOMERING ULU, SUMATERA SELATAN",15,27,142,169
https://kawalpemilu.org#17485,"TANJUNG BARU, BATURAJA TIMUR, OGAN KOMERING ULU, SUMATERA SELATAN",16,51,134,185
https://kawalpemilu.org#17485,"TANJUNG BARU, BATURAJA TIMUR, OGAN KOMERING ULU, SUMATERA SELATAN",17,41,148,189
https://kawalpemilu.org#17485,"TANJUNG BARU, BATURAJA TIMUR, OGAN KOMERING ULU, SUMATERA SELATAN",18,49,188,237
https://kawalpemilu.org#17485,"TANJUNG BARU, BATURAJA TIMUR, OGAN KOMERING ULU, SUMATERA SELATAN",19,65,197,262
https://kawalpemilu.org#17485,"TANJUNG BARU, BATURAJA TIMUR, OGAN KOMERING ULU, SUMATERA SELATAN",20,45,181,226
https://kawalpemilu.org#17485,"TANJUNG BARU, BATURAJA TIMUR, OGAN KOMERING ULU, SUMATERA SELATAN",21,24,159,183
https://kawalpemilu.org#17485,"TANJUNG BARU, BATURAJA TIMUR, OGAN KOMERING ULU, SUMATERA SELATAN",22,26,142,168
https://kawalpemilu.org#17485,"TANJUNG BARU, BATURAJA TIMUR, OGAN KOMERING ULU, SUMATERA SELATAN",23,34,129,163
https://kawalpemilu.org#17485,"TANJUNG BARU, BATURAJA TIMUR, OGAN KOMERING ULU, SUMATERA SELATAN",24,54,185,239
https://kawalpemilu.org#17485,"TANJUNG BARU, BATURAJA TIMUR, OGAN KOMERING ULU, SUMATERA SELATAN",25,24,121,145
https://kawalpemilu.org#17485,"TANJUNG BARU, BATURAJA TIMUR, OGAN KOMERING ULU, SUMATERA SELATAN",26,59,94,153
https://kawalpemilu.org#17486,"SEKAR JAYA, BATURAJA TIMUR, OGAN KOMERING ULU, SUMATERA SELATAN",1,21,124,145
https://kawalpemilu.org#17486,"SEKAR JAYA, BATURAJA TIMUR, OGAN KOMERING ULU, SUMATERA SELATAN",2,32,114,146
https://kawalpemilu.org#17486,"SEKAR JAYA, BATURAJA TIMUR, OGAN KOMERING ULU, SUMATERA SELATAN",3,56,233,289
https://kawalpemilu.org#17486,"SEKAR JAYA, BATURAJA TIMUR, OGAN KOMERING ULU, SUMATERA SELATAN",4,43,212,255
https://kawalpemilu.org#17486,"SEKAR JAYA, BATURAJA TIMUR, OGAN KOMERING ULU, SUMATERA SELATAN",5,53,148,201
https://kawalpemilu.org#17486,"SEKAR JAYA, BATURAJA TIMUR, OGAN KOMERING ULU, SUMATERA SELATAN",6,41,186,227
https://kawalpemilu.org#17486,"SEKAR JAYA, BATURAJA TIMUR, OGAN KOMERING ULU, SUMATERA SELATAN",7,38,189,227
https://kawalpemilu.org#17486,"SEKAR JAYA, BATURAJA TIMUR, OGAN KOMERING ULU, SUMATERA SELATAN",8,11,230,241
https://kawalpemilu.org#17486,"SEKAR JAYA, BATURAJA TIMUR, OGAN KOMERING ULU, SUMATERA SELATAN",9,39,196,235
https://kawalpemilu.org#17486,"SEKAR JAYA, BATURAJA TIMUR, OGAN KOMERING ULU, SUMATERA SELATAN",10,33,184,217
https://kawalpemilu.org#17486,"SEKAR JAYA, BATURAJA TIMUR, OGAN KOMERING ULU, SUMATERA SELATAN",11,51,171,222
https://kawalpemilu.org#17486,"SEKAR JAYA, BATURAJA TIMUR, OGAN KOMERING ULU, SUMATERA SELATAN",12,41,166,207
https://kawalpemilu.org#17486,"SEKAR JAYA, BATURAJA TIMUR, OGAN KOMERING ULU, SUMATERA SELATAN",13,29,195,224
https://kawalpemilu.org#17486,"SEKAR JAYA, BATURAJA TIMUR, OGAN KOMERING ULU, SUMATERA SELATAN",14,26,163,189
https://kawalpemilu.org#17486,"SEKAR JAYA, BATURAJA TIMUR, OGAN KOMERING ULU, SUMATERA SELATAN",15,34,116,150
https://kawalpemilu.org#17486,"SEKAR JAYA, BATURAJA TIMUR, OGAN KOMERING ULU, SUMATERA SELATAN",16,41,239,280
https://kawalpemilu.org#17486,"SEKAR JAYA, BATURAJA TIMUR, OGAN KOMERING ULU, SUMATERA SELATAN",17,36,232,268
https://kawalpemilu.org#17486,"SEKAR JAYA, BATURAJA TIMUR, OGAN KOMERING ULU, SUMATERA SELATAN",18,48,152,200
https://kawalpemilu.org#17486,"SEKAR JAYA, BATURAJA TIMUR, OGAN KOMERING ULU, SUMATERA SELATAN",19,29,128,157
https://kawalpemilu.org#17486,"SEKAR JAYA, BATURAJA TIMUR, OGAN KOMERING ULU, SUMATERA SELATAN",20,21,124,145
https://kawalpemilu.org#17486,"SEKAR JAYA, BATURAJA TIMUR, OGAN KOMERING ULU, SUMATERA SELATAN",21,40,209,249
https://kawalpemilu.org#17486,"SEKAR JAYA, BATURAJA TIMUR, OGAN KOMERING ULU, SUMATERA SELATAN",22,45,139,184
https://kawalpemilu.org#17486,"SEKAR JAYA, BATURAJA TIMUR, OGAN KOMERING ULU, SUMATERA SELATAN",23,23,129,152
https://kawalpemilu.org#17486,"SEKAR JAYA, BATURAJA TIMUR, OGAN KOMERING ULU, SUMATERA SELATAN",24,31,192,223
https://kawalpemilu.org#17486,"SEKAR JAYA, BATURAJA TIMUR, OGAN KOMERING ULU, SUMATERA SELATAN",25,35,173,208
https://kawalpemilu.org#17486,"SEKAR JAYA, BATURAJA TIMUR, OGAN KOMERING ULU, SUMATERA SELATAN",26,44,181,225
https://kawalpemilu.org#17486,"SEKAR JAYA, BATURAJA TIMUR, OGAN KOMERING ULU, SUMATERA SELATAN",27,24,150,174
https://kawalpemilu.org#17486,"SEKAR JAYA, BATURAJA TIMUR, OGAN KOMERING ULU, SUMATERA SELATAN",28,38,103,141
https://kawalpemilu.org#17486,"SEKAR JAYA, BATURAJA TIMUR, OGAN KOMERING ULU, SUMATERA SELATAN",29,32,195,227
https://kawalpemilu.org#17486,"SEKAR JAYA, BATURAJA TIMUR, OGAN KOMERING ULU, SUMATERA SELATAN",30,66,222,288
https://kawalpemilu.org#17487,"BATURAJA PERMAI, BATURAJA TIMUR, OGAN KOMERING ULU, SUMATERA SELATAN",1,17,137,154
https://kawalpemilu.org#17487,"BATURAJA PERMAI, BATURAJA TIMUR, OGAN KOMERING ULU, SUMATERA SELATAN",2,51,186,237
https://kawalpemilu.org#17487,"BATURAJA PERMAI, BATURAJA TIMUR, OGAN KOMERING ULU, SUMATERA SELATAN",3,27,141,168
https://kawalpemilu.org#17487,"BATURAJA PERMAI, BATURAJA TIMUR, OGAN KOMERING ULU, SUMATERA SELATAN",4,26,113,139
https://kawalpemilu.org#17487,"BATURAJA PERMAI, BATURAJA TIMUR, OGAN KOMERING ULU, SUMATERA SELATAN",5,30,188,218
https://kawalpemilu.org#17487,"BATURAJA PERMAI, BATURAJA TIMUR, OGAN KOMERING ULU, SUMATERA SELATAN",6,14,88,102
https://kawalpemilu.org#17487,"BATURAJA PERMAI, BATURAJA TIMUR, OGAN KOMERING ULU, SUMATERA SELATAN",7,37,208,245
https://kawalpemilu.org#17487,"BATURAJA PERMAI, BATURAJA TIMUR, OGAN KOMERING ULU, SUMATERA SELATAN",8,27,142,169
https://kawalpemilu.org#17487,"BATURAJA PERMAI, BATURAJA TIMUR, OGAN KOMERING ULU, SUMATERA SELATAN",9,32,206,238
https://kawalpemilu.org#17487,"BATURAJA PERMAI, BATURAJA TIMUR, OGAN KOMERING ULU, SUMATERA SELATAN",10,26,178,204
https://kawalpemilu.org#17487,"BATURAJA PERMAI, BATURAJA TIMUR, OGAN KOMERING ULU, SUMATERA SELATAN",11,40,182,222
https://kawalpemilu.org#17487,"BATURAJA PERMAI, BATURAJA TIMUR, OGAN KOMERING ULU, SUMATERA SELATAN",12,31,115,146
https://kawalpemilu.org#17487,"BATURAJA PERMAI, BATURAJA TIMUR, OGAN KOMERING ULU, SUMATERA SELATAN",13,22,101,123
https://kawalpemilu.org#17487,"BATURAJA PERMAI, BATURAJA TIMUR, OGAN KOMERING ULU, SUMATERA SELATAN",14,26,133,159
https://kawalpemilu.org#17487,"BATURAJA PERMAI, BATURAJA TIMUR, OGAN KOMERING ULU, SUMATERA SELATAN",15,20,135,155
https://kawalpemilu.org#17487,"BATURAJA PERMAI, BATURAJA TIMUR, OGAN KOMERING ULU, SUMATERA SELATAN",16,45,141,186
https://kawalpemilu.org#17487,"BATURAJA PERMAI, BATURAJA TIMUR, OGAN KOMERING ULU, SUMATERA SELATAN",17,45,141,186
https://kawalpemilu.org#17487,"BATURAJA PERMAI, BATURAJA TIMUR, OGAN KOMERING ULU, SUMATERA SELATAN",18,17,181,198
https://kawalpemilu.org#17487,"BATURAJA PERMAI, BATURAJA TIMUR, OGAN KOMERING ULU, SUMATERA SELATAN",19,43,158,201
https://kawalpemilu.org#17487,"BATURAJA PERMAI, BATURAJA TIMUR, OGAN KOMERING ULU, SUMATERA SELATAN",20,49,167,216
https://kawalpemilu.org#17487,"BATURAJA PERMAI, BATURAJA TIMUR, OGAN KOMERING ULU, SUMATERA SELATAN",21,35,172,207
https://kawalpemilu.org#17488,"AIR PAOH, BATURAJA TIMUR, OGAN KOMERING ULU, SUMATERA SELATAN",1,44,150,194
https://kawalpemilu.org#17488,"AIR PAOH, BATURAJA TIMUR, OGAN KOMERING ULU, SUMATERA SELATAN",2,15,157,172
https://kawalpemilu.org#17488,"AIR PAOH, BATURAJA TIMUR, OGAN KOMERING ULU, SUMATERA SELATAN",3,54,141,195
https://kawalpemilu.org#17488,"AIR PAOH, BATURAJA TIMUR, OGAN KOMERING ULU, SUMATERA SELATAN",4,41,159,200
https://kawalpemilu.org#17488,"AIR PAOH, BATURAJA TIMUR, OGAN KOMERING ULU, SUMATERA SELATAN",5,24,127,151
https://kawalpemilu.org#17488,"AIR PAOH, BATURAJA TIMUR, OGAN KOMERING ULU, SUMATERA SELATAN",6,34,155,189
https://kawalpemilu.org#17488,"AIR PAOH, BATURAJA TIMUR, OGAN KOMERING ULU, SUMATERA SELATAN",7,36,111,147
https://kawalpemilu.org#17488,"AIR PAOH, BATURAJA TIMUR, OGAN KOMERING ULU, SUMATERA SELATAN",9,67,149,216
https://kawalpemilu.org#17488,"AIR PAOH, BATURAJA TIMUR, OGAN KOMERING ULU, SUMATERA SELATAN",10,48,158,206
https://kawalpemilu.org#17488,"AIR PAOH, BATURAJA TIMUR, OGAN KOMERING ULU, SUMATERA SELATAN",11,37,135,172
https://kawalpemilu.org#17488,"AIR PAOH, BATURAJA TIMUR, OGAN KOMERING ULU, SUMATERA SELATAN",12,37,175,212
https://kawalpemilu.org#17488,"AIR PAOH, BATURAJA TIMUR, OGAN KOMERING ULU, SUMATERA SELATAN",13,28,143,171
https://kawalpemilu.org#17488,"AIR PAOH, BATURAJA TIMUR, OGAN KOMERING ULU, SUMATERA SELATAN",14,65,150,215
https://kawalpemilu.org#17488,"AIR PAOH, BATURAJA TIMUR, OGAN KOMERING ULU, SUMATERA SELATAN",15,41,187,228
https://kawalpemilu.org#17488,"AIR PAOH, BATURAJA TIMUR, OGAN KOMERING ULU, SUMATERA SELATAN",16,32,187,219
https://kawalpemilu.org#17488,"AIR PAOH, BATURAJA TIMUR, OGAN KOMERING ULU, SUMATERA SELATAN",17,35,131,166
https://kawalpemilu.org#17488,"AIR PAOH, BATURAJA TIMUR, OGAN KOMERING ULU, SUMATERA SELATAN",18,31,208,239
https://kawalpemilu.org#17488,"AIR PAOH, BATURAJA TIMUR, OGAN KOMERING ULU, SUMATERA SELATAN",19,32,169,201
https://kawalpemilu.org#17488,"AIR PAOH, BATURAJA TIMUR, OGAN KOMERING ULU, SUMATERA SELATAN",20,30,86,116
https://kawalpemilu.org#17488,"AIR PAOH, BATURAJA TIMUR, OGAN KOMERING ULU, SUMATERA SELATAN",21,22,142,164
https://kawalpemilu.org#17488,"AIR PAOH, BATURAJA TIMUR, OGAN KOMERING ULU, SUMATERA SELATAN",22,42,131,173
https://kawalpemilu.org#17488,"AIR PAOH, BATURAJA TIMUR, OGAN KOMERING ULU, SUMATERA SELATAN",23,30,129,159
https://kawalpemilu.org#17488,"AIR PAOH, BATURAJA TIMUR, OGAN KOMERING ULU, SUMATERA SELATAN",24,31,143,174
https://kawalpemilu.org#17488,"AIR PAOH, BATURAJA TIMUR, OGAN KOMERING ULU, SUMATERA SELATAN",25,41,139,180
https://kawalpemilu.org#17488,"AIR PAOH, BATURAJA TIMUR, OGAN KOMERING ULU, SUMATERA SELATAN",26,30,122,152
https://kawalpemilu.org#17488,"AIR PAOH, BATURAJA TIMUR, OGAN KOMERING ULU, SUMATERA SELATAN",27,38,122,160
https://kawalpemilu.org#17488,"AIR PAOH, BATURAJA TIMUR, OGAN KOMERING ULU, SUMATERA SELATAN",28,45,115,160
https://kawalpemilu.org#17488,"AIR PAOH, BATURAJA TIMUR, OGAN KOMERING ULU, SUMATERA SELATAN",29,33,172,205
https://kawalpemilu.org#17488,"AIR PAOH, BATURAJA TIMUR, OGAN KOMERING ULU, SUMATERA SELATAN",30,21,104,125
https://kawalpemilu.org#17488,"AIR PAOH, BATURAJA TIMUR, OGAN KOMERING ULU, SUMATERA SELATAN",31,55,159,214
https://kawalpemilu.org#17488,"AIR PAOH, BATURAJA TIMUR, OGAN KOMERING ULU, SUMATERA SELATAN",32,58,193,251
https://kawalpemilu.org#17488,"AIR PAOH, BATURAJA TIMUR, OGAN KOMERING ULU, SUMATERA SELATAN",33,56,164,220
https://kawalpemilu.org#17488,"AIR PAOH, BATURAJA TIMUR, OGAN KOMERING ULU, SUMATERA SELATAN",34,29,121,150
https://kawalpemilu.org#17488,"AIR PAOH, BATURAJA TIMUR, OGAN KOMERING ULU, SUMATERA SELATAN",35,32,106,138
https://kawalpemilu.org#17488,"AIR PAOH, BATURAJA TIMUR, OGAN KOMERING ULU, SUMATERA SELATAN",36,24,141,165
https://kawalpemilu.org#17489,"TERUSAN, BATURAJA TIMUR, OGAN KOMERING ULU, SUMATERA SELATAN",1,23,148,171
https://kawalpemilu.org#17489,"TERUSAN, BATURAJA TIMUR, OGAN KOMERING ULU, SUMATERA SELATAN",2,72,149,221
https://kawalpemilu.org#17489,"TERUSAN, BATURAJA TIMUR, OGAN KOMERING ULU, SUMATERA SELATAN",3,22,136,158
https://kawalpemilu.org#17489,"TERUSAN, BATURAJA TIMUR, OGAN KOMERING ULU, SUMATERA SELATAN",4,85,127,212
https://kawalpemilu.org#17489,"TERUSAN, BATURAJA TIMUR, OGAN KOMERING ULU, SUMATERA SELATAN",5,43,141,184
https://kawalpemilu.org#17491,"KELUMPANG, ULU OGAN, OGAN KOMERING ULU, SUMATERA SELATAN",1,21,169,190
https://kawalpemilu.org#17491,"KELUMPANG, ULU OGAN, OGAN KOMERING ULU, SUMATERA SELATAN",2,13,128,141
https://kawalpemilu.org#17491,"KELUMPANG, ULU OGAN, OGAN KOMERING ULU, SUMATERA SELATAN",3,16,125,141
https://kawalpemilu.org#17491,"KELUMPANG, ULU OGAN, OGAN KOMERING ULU, SUMATERA SELATAN",4,9,128,137
https://kawalpemilu.org#17491,"KELUMPANG, ULU OGAN, OGAN KOMERING ULU, SUMATERA SELATAN",5,22,166,188
https://kawalpemilu.org#17492,"GUNUNG TIGA, ULU OGAN, OGAN KOMERING ULU, SUMATERA SELATAN",1,7,153,160
https://kawalpemilu.org#17492,"GUNUNG TIGA, ULU OGAN, OGAN KOMERING ULU, SUMATERA SELATAN",2,3,135,138
https://kawalpemilu.org#17492,"GUNUNG TIGA, ULU OGAN, OGAN KOMERING ULU, SUMATERA SELATAN",3,10,134,144
https://kawalpemilu.org#17492,"GUNUNG TIGA, ULU OGAN, OGAN KOMERING ULU, SUMATERA SELATAN",4,22,133,155
https://kawalpemilu.org#17492,"GUNUNG TIGA, ULU OGAN, OGAN KOMERING ULU, SUMATERA SELATAN",5,22,134,156
https://kawalpemilu.org#17492,"GUNUNG TIGA, ULU OGAN, OGAN KOMERING ULU, SUMATERA SELATAN",6,17,121,138
https://kawalpemilu.org#17493,"MENDINGIN, ULU OGAN, OGAN KOMERING ULU, SUMATERA SELATAN",1,23,161,184
https://kawalpemilu.org#17493,"MENDINGIN, ULU OGAN, OGAN KOMERING ULU, SUMATERA SELATAN",2,19,172,191
https://kawalpemilu.org#17493,"MENDINGIN, ULU OGAN, OGAN KOMERING ULU, SUMATERA SELATAN",3,133,20,153
https://kawalpemilu.org#17493,"MENDINGIN, ULU OGAN, OGAN KOMERING ULU, SUMATERA SELATAN",4,170,31,201
https://kawalpemilu.org#17493,"MENDINGIN, ULU OGAN, OGAN KOMERING ULU, SUMATERA SELATAN",5,34,139,164
https://kawalpemilu.org#17493,"MENDINGIN, ULU OGAN, OGAN KOMERING ULU, SUMATERA SELATAN",6,15,160,175
https://kawalpemilu.org#17494,"ULAK LEBAR, ULU OGAN, OGAN KOMERING ULU, SUMATERA SELATAN",1,28,130,158
https://kawalpemilu.org#17494,"ULAK LEBAR, ULU OGAN, OGAN KOMERING ULU, SUMATERA SELATAN",2,21,128,149
https://kawalpemilu.org#17494,"ULAK LEBAR, ULU OGAN, OGAN KOMERING ULU, SUMATERA SELATAN",3,16,147,163
https://kawalpemilu.org#17494,"ULAK LEBAR, ULU OGAN, OGAN KOMERING ULU, SUMATERA SELATAN",4,17,149,166
https://kawalpemilu.org#17494,"ULAK LEBAR, ULU OGAN, OGAN KOMERING ULU, SUMATERA SELATAN",5,12,150,162
https://kawalpemilu.org#17494,"ULAK LEBAR, ULU OGAN, OGAN KOMERING ULU, SUMATERA SELATAN",6,23,138,161
https://kawalpemilu.org#17495,"PEDATARAN, ULU OGAN, OGAN KOMERING ULU, SUMATERA SELATAN",1,12,129,141
https://kawalpemilu.org#17495,"PEDATARAN, ULU OGAN, OGAN KOMERING ULU, SUMATERA SELATAN",2,20,126,146
https://kawalpemilu.org#17496,"SUKAJADI, ULU OGAN, OGAN KOMERING ULU, SUMATERA SELATAN",1,30,206,236
https://kawalpemilu.org#17496,"SUKAJADI, ULU OGAN, OGAN KOMERING ULU, SUMATERA SELATAN",2,21,160,181
https://kawalpemilu.org#17497,"BELANDANG, ULU OGAN, OGAN KOMERING ULU, SUMATERA SELATAN",1,29,142,171
https://kawalpemilu.org#17497,"BELANDANG, ULU OGAN, OGAN KOMERING ULU, SUMATERA SELATAN",2,17,153,170
https://kawalpemilu.org#17497,"BELANDANG, ULU OGAN, OGAN KOMERING ULU, SUMATERA SELATAN",3,16,152,168
https://kawalpemilu.org#17497,"BELANDANG, ULU OGAN, OGAN KOMERING ULU, SUMATERA SELATAN",4,16,104,120
https://kawalpemilu.org#17499,"TANJUNG KURUNG, SEMIDANG AJI, OGAN KOMERING ULU, SUMATERA SELATAN",1,11,194,205
https://kawalpemilu.org#17499,"TANJUNG KURUNG, SEMIDANG AJI, OGAN KOMERING ULU, SUMATERA SELATAN",2,17,115,232
https://kawalpemilu.org#17499,"TANJUNG KURUNG, SEMIDANG AJI, OGAN KOMERING ULU, SUMATERA SELATAN",3,12,226,238
https://kawalpemilu.org#17500,"SUKARAMI, SEMIDANG AJI, OGAN KOMERING ULU, SUMATERA SELATAN",1,21,142,163
https://kawalpemilu.org#17501,"BATANG HARI, SEMIDANG AJI, OGAN KOMERING ULU, SUMATERA SELATAN",1,6,136,142
https://kawalpemilu.org#17501,"BATANG HARI, SEMIDANG AJI, OGAN KOMERING ULU, SUMATERA SELATAN",2,11,121,132
https://kawalpemilu.org#17501,"BATANG HARI, SEMIDANG AJI, OGAN KOMERING ULU, SUMATERA SELATAN",3,7,114,121
https://kawalpemilu.org#17501,"BATANG HARI, SEMIDANG AJI, OGAN KOMERING ULU, SUMATERA SELATAN",4,5,107,112
https://kawalpemilu.org#17501,"BATANG HARI, SEMIDANG AJI, OGAN KOMERING ULU, SUMATERA SELATAN",5,11,136,147
https://kawalpemilu.org#17501,"BATANG HARI, SEMIDANG AJI, OGAN KOMERING ULU, SUMATERA SELATAN",6,28,33,61
https://kawalpemilu.org#17501,"BATANG HARI, SEMIDANG AJI, OGAN KOMERING ULU, SUMATERA SELATAN",7,7,128,135
https://kawalpemilu.org#17501,"BATANG HARI, SEMIDANG AJI, OGAN KOMERING ULU, SUMATERA SELATAN",8,3,137,140
https://kawalpemilu.org#17502,"NYIUR SAYAK, SEMIDANG AJI, OGAN KOMERING ULU, SUMATERA SELATAN",1,12,173,185
https://kawalpemilu.org#17502,"NYIUR SAYAK, SEMIDANG AJI, OGAN KOMERING ULU, SUMATERA SELATAN",2,21,169,190
https://kawalpemilu.org#17502,"NYIUR SAYAK, SEMIDANG AJI, OGAN KOMERING ULU, SUMATERA SELATAN",3,18,92,110
https://kawalpemilu.org#17502,"NYIUR SAYAK, SEMIDANG AJI, OGAN KOMERING ULU, SUMATERA SELATAN",4,14,96,110
https://kawalpemilu.org#17503,"SUKA MERINDU, SEMIDANG AJI, OGAN KOMERING ULU, SUMATERA SELATAN",1,10,122,132
https://kawalpemilu.org#17503,"SUKA MERINDU, SEMIDANG AJI, OGAN KOMERING ULU, SUMATERA SELATAN",2,17,164,181
https://kawalpemilu.org#17503,"SUKA MERINDU, SEMIDANG AJI, OGAN KOMERING ULU, SUMATERA SELATAN",3,11,100,111
https://kawalpemilu.org#17504,"PADANG BINDU, SEMIDANG AJI, OGAN KOMERING ULU, SUMATERA SELATAN",1,18,113,131
https://kawalpemilu.org#17504,"PADANG BINDU, SEMIDANG AJI, OGAN KOMERING ULU, SUMATERA SELATAN",2,8,90,98
https://kawalpemilu.org#17504,"PADANG BINDU, SEMIDANG AJI, OGAN KOMERING ULU, SUMATERA SELATAN",3,25,157,182
https://kawalpemilu.org#17504,"PADANG BINDU, SEMIDANG AJI, OGAN KOMERING ULU, SUMATERA SELATAN",4,11,110,121
https://kawalpemilu.org#17504,"PADANG BINDU, SEMIDANG AJI, OGAN KOMERING ULU, SUMATERA SELATAN",5,3,98,101
https://kawalpemilu.org#17504,"PADANG BINDU, SEMIDANG AJI, OGAN KOMERING ULU, SUMATERA SELATAN",6,10,116,126
https://kawalpemilu.org#17504,"PADANG BINDU, SEMIDANG AJI, OGAN KOMERING ULU, SUMATERA SELATAN",7,13,94,107
https://kawalpemilu.org#17504,"PADANG BINDU, SEMIDANG AJI, OGAN KOMERING ULU, SUMATERA SELATAN",8,7,115,122
https://kawalpemilu.org#17504,"PADANG BINDU, SEMIDANG AJI, OGAN KOMERING ULU, SUMATERA SELATAN",9,15,144,159
https://kawalpemilu.org#17504,"PADANG BINDU, SEMIDANG AJI, OGAN KOMERING ULU, SUMATERA SELATAN",10,9,77,86
https://kawalpemilu.org#17504,"PADANG BINDU, SEMIDANG AJI, OGAN KOMERING ULU, SUMATERA SELATAN",11,6,109,115
https://kawalpemilu.org#17504,"PADANG BINDU, SEMIDANG AJI, OGAN KOMERING ULU, SUMATERA SELATAN",12,10,126,136
https://kawalpemilu.org#17504,"PADANG BINDU, SEMIDANG AJI, OGAN KOMERING ULU, SUMATERA SELATAN",13,7,140,147
https://kawalpemilu.org#17504,"PADANG BINDU, SEMIDANG AJI, OGAN KOMERING ULU, SUMATERA SELATAN",14,9,100,109
https://kawalpemilu.org#17504,"PADANG BINDU, SEMIDANG AJI, OGAN KOMERING ULU, SUMATERA SELATAN",15,10,81,91
https://kawalpemilu.org#17504,"PADANG BINDU, SEMIDANG AJI, OGAN KOMERING ULU, SUMATERA SELATAN",16,9,141,150
https://kawalpemilu.org#17504,"PADANG BINDU, SEMIDANG AJI, OGAN KOMERING ULU, SUMATERA SELATAN",17,9,134,143
https://kawalpemilu.org#17504,"PADANG BINDU, SEMIDANG AJI, OGAN KOMERING ULU, SUMATERA SELATAN",18,15,82,97
https://kawalpemilu.org#17504,"PADANG BINDU, SEMIDANG AJI, OGAN KOMERING ULU, SUMATERA SELATAN",19,12,83,95
https://kawalpemilu.org#17505,"PANGGAL PANGGAL, SEMIDANG AJI, OGAN KOMERING ULU, SUMATERA SELATAN",1,16,145,161
https://kawalpemilu.org#17505,"PANGGAL PANGGAL, SEMIDANG AJI, OGAN KOMERING ULU, SUMATERA SELATAN",2,13,119,132
https://kawalpemilu.org#17505,"PANGGAL PANGGAL, SEMIDANG AJI, OGAN KOMERING ULU, SUMATERA SELATAN",3,11,125,136
https://kawalpemilu.org#17505,"PANGGAL PANGGAL, SEMIDANG AJI, OGAN KOMERING ULU, SUMATERA SELATAN",4,15,131,146
https://kawalpemilu.org#17505,"PANGGAL PANGGAL, SEMIDANG AJI, OGAN KOMERING ULU, SUMATERA SELATAN",5,3,156,159
https://kawalpemilu.org#17506,"BEDEGUNG, SEMIDANG AJI, OGAN KOMERING ULU, SUMATERA SELATAN",1,21,125,146
https://kawalpemilu.org#17506,"BEDEGUNG, SEMIDANG AJI, OGAN KOMERING ULU, SUMATERA SELATAN",2,21,139,160
https://kawalpemilu.org#17507,"ULAK PANDAN, SEMIDANG AJI, OGAN KOMERING ULU, SUMATERA SELATAN",1,50,181,231
https://kawalpemilu.org#17507,"ULAK PANDAN, SEMIDANG AJI, OGAN KOMERING ULU, SUMATERA SELATAN",2,37,172,209
https://kawalpemilu.org#17507,"ULAK PANDAN, SEMIDANG AJI, OGAN KOMERING ULU, SUMATERA SELATAN",3,16,106,122
https://kawalpemilu.org#17507,"ULAK PANDAN, SEMIDANG AJI, OGAN KOMERING ULU, SUMATERA SELATAN",4,18,108,126
https://kawalpemilu.org#17507,"ULAK PANDAN, SEMIDANG AJI, OGAN KOMERING ULU, SUMATERA SELATAN",5,16,122,138
https://kawalpemilu.org#17507,"ULAK PANDAN, SEMIDANG AJI, OGAN KOMERING ULU, SUMATERA SELATAN",6,21,111,132
https://kawalpemilu.org#17507,"ULAK PANDAN, SEMIDANG AJI, OGAN KOMERING ULU, SUMATERA SELATAN",7,8,135,143
https://kawalpemilu.org#17507,"ULAK PANDAN, SEMIDANG AJI, OGAN KOMERING ULU, SUMATERA SELATAN",8,20,104,124
https://kawalpemilu.org#17507,"ULAK PANDAN, SEMIDANG AJI, OGAN KOMERING ULU, SUMATERA SELATAN",9,16,146,162
https://kawalpemilu.org#17507,"ULAK PANDAN, SEMIDANG AJI, OGAN KOMERING ULU, SUMATERA SELATAN",10,13,127,140
https://kawalpemilu.org#17507,"ULAK PANDAN, SEMIDANG AJI, OGAN KOMERING ULU, SUMATERA SELATAN",11,22,105,127
https://kawalpemilu.org#17507,"ULAK PANDAN, SEMIDANG AJI, OGAN KOMERING ULU, SUMATERA SELATAN",12,21,134,155
https://kawalpemilu.org#17508,"KEBAN AGUNG, SEMIDANG AJI, OGAN KOMERING ULU, SUMATERA SELATAN",1,19,113,132
https://kawalpemilu.org#17508,"KEBAN AGUNG, SEMIDANG AJI, OGAN KOMERING ULU, SUMATERA SELATAN",2,20,138,158
https://kawalpemilu.org#17508,"KEBAN AGUNG, SEMIDANG AJI, OGAN KOMERING ULU, SUMATERA SELATAN",3,11,120,131
https://kawalpemilu.org#17508,"KEBAN AGUNG, SEMIDANG AJI, OGAN KOMERING ULU, SUMATERA SELATAN",4,22,157,179
https://kawalpemilu.org#17508,"KEBAN AGUNG, SEMIDANG AJI, OGAN KOMERING ULU, SUMATERA SELATAN",5,14,100,114
https://kawalpemilu.org#17508,"KEBAN AGUNG, SEMIDANG AJI, OGAN KOMERING ULU, SUMATERA SELATAN",6,14,102,116
https://kawalpemilu.org#17509,"TUBOHAN, SEMIDANG AJI, OGAN KOMERING ULU, SUMATERA SELATAN",1,23,109,132
https://kawalpemilu.org#17509,"TUBOHAN, SEMIDANG AJI, OGAN KOMERING ULU, SUMATERA SELATAN",2,14,88,102
https://kawalpemilu.org#17509,"TUBOHAN, SEMIDANG AJI, OGAN KOMERING ULU, SUMATERA SELATAN",3,21,104,125
https://kawalpemilu.org#17509,"TUBOHAN, SEMIDANG AJI, OGAN KOMERING ULU, SUMATERA SELATAN",4,24,94,118
https://kawalpemilu.org#17509,"TUBOHAN, SEMIDANG AJI, OGAN KOMERING ULU, SUMATERA SELATAN",5,15,112,127
https://kawalpemilu.org#17509,"TUBOHAN, SEMIDANG AJI, OGAN KOMERING ULU, SUMATERA SELATAN",6,22,114,136
https://kawalpemilu.org#17509,"TUBOHAN, SEMIDANG AJI, OGAN KOMERING ULU, SUMATERA SELATAN",7,25,104,129
https://kawalpemilu.org#17509,"TUBOHAN, SEMIDANG AJI, OGAN KOMERING ULU, SUMATERA SELATAN",8,25,102,127
https://kawalpemilu.org#17510,"RAKSA JIWA, SEMIDANG AJI, OGAN KOMERING ULU, SUMATERA SELATAN",1,30,148,178
https://kawalpemilu.org#17510,"RAKSA JIWA, SEMIDANG AJI, OGAN KOMERING ULU, SUMATERA SELATAN",2,23,162,185
https://kawalpemilu.org#17510,"RAKSA JIWA, SEMIDANG AJI, OGAN KOMERING ULU, SUMATERA SELATAN",3,17,178,195
https://kawalpemilu.org#17510,"RAKSA JIWA, SEMIDANG AJI, OGAN KOMERING ULU, SUMATERA SELATAN",4,13,202,215
https://kawalpemilu.org#17510,"RAKSA JIWA, SEMIDANG AJI, OGAN KOMERING ULU, SUMATERA SELATAN",5,25,171,196
https://kawalpemilu.org#17511,"SELEMAN, SEMIDANG AJI, OGAN KOMERING ULU, SUMATERA SELATAN",1,29,150,179
https://kawalpemilu.org#17511,"SELEMAN, SEMIDANG AJI, OGAN KOMERING ULU, SUMATERA SELATAN",2,31,146,177
https://kawalpemilu.org#17511,"SELEMAN, SEMIDANG AJI, OGAN KOMERING ULU, SUMATERA SELATAN",3,22,113,135
https://kawalpemilu.org#17511,"SELEMAN, SEMIDANG AJI, OGAN KOMERING ULU, SUMATERA SELATAN",4,16,146,162
https://kawalpemilu.org#17511,"SELEMAN, SEMIDANG AJI, OGAN KOMERING ULU, SUMATERA SELATAN",5,25,162,187
https://kawalpemilu.org#17511,"SELEMAN, SEMIDANG AJI, OGAN KOMERING ULU, SUMATERA SELATAN",6,58,178,236
https://kawalpemilu.org#17512,"KEBUN JATI, SEMIDANG AJI, OGAN KOMERING ULU, SUMATERA SELATAN",1,32,202,234
https://kawalpemilu.org#17512,"KEBUN JATI, SEMIDANG AJI, OGAN KOMERING ULU, SUMATERA SELATAN",2,34,173,207
https://kawalpemilu.org#17513,"SINGAPURA, SEMIDANG AJI, OGAN KOMERING ULU, SUMATERA SELATAN",1,40,142,182
https://kawalpemilu.org#17513,"SINGAPURA, SEMIDANG AJI, OGAN KOMERING ULU, SUMATERA SELATAN",2,48,111,159
https://kawalpemilu.org#17513,"SINGAPURA, SEMIDANG AJI, OGAN KOMERING ULU, SUMATERA SELATAN",3,38,121,159
https://kawalpemilu.org#17514,"PENGARINGAN, SEMIDANG AJI, OGAN KOMERING ULU, SUMATERA SELATAN",1,32,175,207
https://kawalpemilu.org#17514,"PENGARINGAN, SEMIDANG AJI, OGAN KOMERING ULU, SUMATERA SELATAN",2,21,201,222
https://kawalpemilu.org#17514,"PENGARINGAN, SEMIDANG AJI, OGAN KOMERING ULU, SUMATERA SELATAN",3,32,162,194
https://kawalpemilu.org#17515,"BANJAR SARI, SEMIDANG AJI, OGAN KOMERING ULU, SUMATERA SELATAN",1,20,133,153
https://kawalpemilu.org#17515,"BANJAR SARI, SEMIDANG AJI, OGAN KOMERING ULU, SUMATERA SELATAN",2,26,127,153
https://kawalpemilu.org#17515,"BANJAR SARI, SEMIDANG AJI, OGAN KOMERING ULU, SUMATERA SELATAN",3,25,137,162
https://kawalpemilu.org#17516,"PANDAN DULANG, SEMIDANG AJI, OGAN KOMERING ULU, SUMATERA SELATAN",1,11,136,147
https://kawalpemilu.org#17516,"PANDAN DULANG, SEMIDANG AJI, OGAN KOMERING ULU, SUMATERA SELATAN",2,35,109,144
https://kawalpemilu.org#17516,"PANDAN DULANG, SEMIDANG AJI, OGAN KOMERING ULU, SUMATERA SELATAN",3,21,160,181
https://kawalpemilu.org#17516,"PANDAN DULANG, SEMIDANG AJI, OGAN KOMERING ULU, SUMATERA SELATAN",4,15,159,174
https://kawalpemilu.org#17517,"PANAI MAKMUR, SEMIDANG AJI, OGAN KOMERING ULU, SUMATERA SELATAN",1,148,40,188
https://kawalpemilu.org#17517,"PANAI MAKMUR, SEMIDANG AJI, OGAN KOMERING ULU, SUMATERA SELATAN",2,78,115,193
https://kawalpemilu.org#17517,"PANAI MAKMUR, SEMIDANG AJI, OGAN KOMERING ULU, SUMATERA SELATAN",4,102,94,196
https://kawalpemilu.org#17518,"GUNA MAKMUR, SEMIDANG AJI, OGAN KOMERING ULU, SUMATERA SELATAN",1,118,31,149
https://kawalpemilu.org#17518,"GUNA MAKMUR, SEMIDANG AJI, OGAN KOMERING ULU, SUMATERA SELATAN",2,90,75,165
https://kawalpemilu.org#17519,"TEBING KAMPUNG, SEMIDANG AJI, OGAN KOMERING ULU, SUMATERA SELATAN",2,44,84,128
https://kawalpemilu.org#17519,"TEBING KAMPUNG, SEMIDANG AJI, OGAN KOMERING ULU, SUMATERA SELATAN",3,28,117,145
https://kawalpemilu.org#17519,"TEBING KAMPUNG, SEMIDANG AJI, OGAN KOMERING ULU, SUMATERA SELATAN",4,39,119,158
https://kawalpemilu.org#17521,"MERBAU, LUBUK BATANG, OGAN KOMERING ULU, SUMATERA SELATAN",1,32,135,167
https://kawalpemilu.org#17521,"MERBAU, LUBUK BATANG, OGAN KOMERING ULU, SUMATERA SELATAN",2,41,158,199
https://kawalpemilu.org#17521,"MERBAU, LUBUK BATANG, OGAN KOMERING ULU, SUMATERA SELATAN",3,74,69,143
https://kawalpemilu.org#17521,"MERBAU, LUBUK BATANG, OGAN KOMERING ULU, SUMATERA SELATAN",4,52,113,165
https://kawalpemilu.org#17521,"MERBAU, LUBUK BATANG, OGAN KOMERING ULU, SUMATERA SELATAN",5,111,65,176
https://kawalpemilu.org#17521,"MERBAU, LUBUK BATANG, OGAN KOMERING ULU, SUMATERA SELATAN",6,58,70,128
https://kawalpemilu.org#17522,"GUNUNG MERAKSA, LUBUK BATANG, OGAN KOMERING ULU, SUMATERA SELATAN",1,34,167,201
https://kawalpemilu.org#17522,"GUNUNG MERAKSA, LUBUK BATANG, OGAN KOMERING ULU, SUMATERA SELATAN",2,32,140,172
https://kawalpemilu.org#17522,"GUNUNG MERAKSA, LUBUK BATANG, OGAN KOMERING ULU, SUMATERA SELATAN",3,16,163,179
https://kawalpemilu.org#17522,"GUNUNG MERAKSA, LUBUK BATANG, OGAN KOMERING ULU, SUMATERA SELATAN",4,51,130,181
https://kawalpemilu.org#17522,"GUNUNG MERAKSA, LUBUK BATANG, OGAN KOMERING ULU, SUMATERA SELATAN",5,122,70,192
https://kawalpemilu.org#17522,"GUNUNG MERAKSA, LUBUK BATANG, OGAN KOMERING ULU, SUMATERA SELATAN",6,53,134,187
https://kawalpemilu.org#17522,"GUNUNG MERAKSA, LUBUK BATANG, OGAN KOMERING ULU, SUMATERA SELATAN",7,52,99,151
https://kawalpemilu.org#17522,"GUNUNG MERAKSA, LUBUK BATANG, OGAN KOMERING ULU, SUMATERA SELATAN",8,46,106,152
https://kawalpemilu.org#17522,"GUNUNG MERAKSA, LUBUK BATANG, OGAN KOMERING ULU, SUMATERA SELATAN",9,39,98,137
https://kawalpemilu.org#17522,"GUNUNG MERAKSA, LUBUK BATANG, OGAN KOMERING ULU, SUMATERA SELATAN",10,30,159,189
https://kawalpemilu.org#17522,"GUNUNG MERAKSA, LUBUK BATANG, OGAN KOMERING ULU, SUMATERA SELATAN",11,115,63,178
https://kawalpemilu.org#17522,"GUNUNG MERAKSA, LUBUK BATANG, OGAN KOMERING ULU, SUMATERA SELATAN",12,31,93,124
https://kawalpemilu.org#17523,"KURUP, LUBUK BATANG, OGAN KOMERING ULU, SUMATERA SELATAN",1,35,135,170
https://kawalpemilu.org#17523,"KURUP, LUBUK BATANG, OGAN KOMERING ULU, SUMATERA SELATAN",2,51,94,145
https://kawalpemilu.org#17523,"KURUP, LUBUK BATANG, OGAN KOMERING ULU, SUMATERA SELATAN",3,51,108,159
https://kawalpemilu.org#17523,"KURUP, LUBUK BATANG, OGAN KOMERING ULU, SUMATERA SELATAN",4,49,77,126
https://kawalpemilu.org#17523,"KURUP, LUBUK BATANG, OGAN KOMERING ULU, SUMATERA SELATAN",5,37,143,180
https://kawalpemilu.org#17523,"KURUP, LUBUK BATANG, OGAN KOMERING ULU, SUMATERA SELATAN",6,46,108,154
https://kawalpemilu.org#17523,"KURUP, LUBUK BATANG, OGAN KOMERING ULU, SUMATERA SELATAN",7,50,103,153
https://kawalpemilu.org#17523,"KURUP, LUBUK BATANG, OGAN KOMERING ULU, SUMATERA SELATAN",8,44,100,144
https://kawalpemilu.org#17524,"BANU AYU, LUBUK BATANG, OGAN KOMERING ULU, SUMATERA SELATAN",1,49,110,159
https://kawalpemilu.org#17524,"BANU AYU, LUBUK BATANG, OGAN KOMERING ULU, SUMATERA SELATAN",2,37,132,169
https://kawalpemilu.org#17524,"BANU AYU, LUBUK BATANG, OGAN KOMERING ULU, SUMATERA SELATAN",3,34,119,153
https://kawalpemilu.org#17524,"BANU AYU, LUBUK BATANG, OGAN KOMERING ULU, SUMATERA SELATAN",4,19,163,182
https://kawalpemilu.org#17524,"BANU AYU, LUBUK BATANG, OGAN KOMERING ULU, SUMATERA SELATAN",5,35,205,240
https://kawalpemilu.org#17524,"BANU AYU, LUBUK BATANG, OGAN KOMERING ULU, SUMATERA SELATAN",6,34,203,237
https://kawalpemilu.org#17524,"BANU AYU, LUBUK BATANG, OGAN KOMERING ULU, SUMATERA SELATAN",7,35,178,213
https://kawalpemilu.org#17524,"BANU AYU, LUBUK BATANG, OGAN KOMERING ULU, SUMATERA SELATAN",8,29,198,227
https://kawalpemilu.org#17524,"BANU AYU, LUBUK BATANG, OGAN KOMERING ULU, SUMATERA SELATAN",9,25,130,155
https://kawalpemilu.org#17524,"BANU AYU, LUBUK BATANG, OGAN KOMERING ULU, SUMATERA SELATAN",10,33,105,138
https://kawalpemilu.org#17524,"BANU AYU, LUBUK BATANG, OGAN KOMERING ULU, SUMATERA SELATAN",11,31,137,168
https://kawalpemilu.org#17524,"BANU AYU, LUBUK BATANG, OGAN KOMERING ULU, SUMATERA SELATAN",12,45,155,200
https://kawalpemilu.org#17525,"TANJUNG DALAM, LUBUK BATANG, OGAN KOMERING ULU, SUMATERA SELATAN",1,39,167,206
https://kawalpemilu.org#17525,"TANJUNG DALAM, LUBUK BATANG, OGAN KOMERING ULU, SUMATERA SELATAN",2,18,121,139
https://kawalpemilu.org#17525,"TANJUNG DALAM, LUBUK BATANG, OGAN KOMERING ULU, SUMATERA SELATAN",3,26,196,222
https://kawalpemilu.org#17525,"TANJUNG DALAM, LUBUK BATANG, OGAN KOMERING ULU, SUMATERA SELATAN",4,19,113,132
https://kawalpemilu.org#17525,"TANJUNG DALAM, LUBUK BATANG, OGAN KOMERING ULU, SUMATERA SELATAN",5,33,141,174
https://kawalpemilu.org#17525,"TANJUNG DALAM, LUBUK BATANG, OGAN KOMERING ULU, SUMATERA SELATAN",6,26,108,134
https://kawalpemilu.org#17526,"LUBUK BATANG BARU, LUBUK BATANG, OGAN KOMERING ULU, SUMATERA SELATAN",1,47,121,168
https://kawalpemilu.org#17526,"LUBUK BATANG BARU, LUBUK BATANG, OGAN KOMERING ULU, SUMATERA SELATAN",2,46,117,163
https://kawalpemilu.org#17526,"LUBUK BATANG BARU, LUBUK BATANG, OGAN KOMERING ULU, SUMATERA SELATAN",3,32,109,141
https://kawalpemilu.org#17526,"LUBUK BATANG BARU, LUBUK BATANG, OGAN KOMERING ULU, SUMATERA SELATAN",4,50,151,201
https://kawalpemilu.org#17526,"LUBUK BATANG BARU, LUBUK BATANG, OGAN KOMERING ULU, SUMATERA SELATAN",5,65,148,213
https://kawalpemilu.org#17526,"LUBUK BATANG BARU, LUBUK BATANG, OGAN KOMERING ULU, SUMATERA SELATAN",6,51,136,187
https://kawalpemilu.org#17526,"LUBUK BATANG BARU, LUBUK BATANG, OGAN KOMERING ULU, SUMATERA SELATAN",7,68,130,198
https://kawalpemilu.org#17526,"LUBUK BATANG BARU, LUBUK BATANG, OGAN KOMERING ULU, SUMATERA SELATAN",8,29,125,154
https://kawalpemilu.org#17526,"LUBUK BATANG BARU, LUBUK BATANG, OGAN KOMERING ULU, SUMATERA SELATAN",9,33,135,168
https://kawalpemilu.org#17526,"LUBUK BATANG BARU, LUBUK BATANG, OGAN KOMERING ULU, SUMATERA SELATAN",10,26,142,168
https://kawalpemilu.org#17526,"LUBUK BATANG BARU, LUBUK BATANG, OGAN KOMERING ULU, SUMATERA SELATAN",11,38,116,154
https://kawalpemilu.org#17526,"LUBUK BATANG BARU, LUBUK BATANG, OGAN KOMERING ULU, SUMATERA SELATAN",12,35,169,204
https://kawalpemilu.org#17526,"LUBUK BATANG BARU, LUBUK BATANG, OGAN KOMERING ULU, SUMATERA SELATAN",13,39,166,205
https://kawalpemilu.org#17526,"LUBUK BATANG BARU, LUBUK BATANG, OGAN KOMERING ULU, SUMATERA SELATAN",14,48,138,186
https://kawalpemilu.org#17526,"LUBUK BATANG BARU, LUBUK BATANG, OGAN KOMERING ULU, SUMATERA SELATAN",15,27,166,193
https://kawalpemilu.org#17526,"LUBUK BATANG BARU, LUBUK BATANG, OGAN KOMERING ULU, SUMATERA SELATAN",16,42,112,154
https://kawalpemilu.org#17527,"LUBUK BATANG LAMA, LUBUK BATANG, OGAN KOMERING ULU, SUMATERA SELATAN",1,18,190,208
https://kawalpemilu.org#17527,"LUBUK BATANG LAMA, LUBUK BATANG, OGAN KOMERING ULU, SUMATERA SELATAN",2,17,202,219
https://kawalpemilu.org#17527,"LUBUK BATANG LAMA, LUBUK BATANG, OGAN KOMERING ULU, SUMATERA SELATAN",3,21,169,190
https://kawalpemilu.org#17527,"LUBUK BATANG LAMA, LUBUK BATANG, OGAN KOMERING ULU, SUMATERA SELATAN",4,20,166,186
https://kawalpemilu.org#17527,"LUBUK BATANG LAMA, LUBUK BATANG, OGAN KOMERING ULU, SUMATERA SELATAN",5,27,166,193
https://kawalpemilu.org#17527,"LUBUK BATANG LAMA, LUBUK BATANG, OGAN KOMERING ULU, SUMATERA SELATAN",6,5,187,192
https://kawalpemilu.org#17527,"LUBUK BATANG LAMA, LUBUK BATANG, OGAN KOMERING ULU, SUMATERA SELATAN",7,61,177,238
https://kawalpemilu.org#17527,"LUBUK BATANG LAMA, LUBUK BATANG, OGAN KOMERING ULU, SUMATERA SELATAN",8,29,131,160
https://kawalpemilu.org#17527,"LUBUK BATANG LAMA, LUBUK BATANG, OGAN KOMERING ULU, SUMATERA SELATAN",9,33,128,161
https://kawalpemilu.org#17527,"LUBUK BATANG LAMA, LUBUK BATANG, OGAN KOMERING ULU, SUMATERA SELATAN",10,20,109,129
https://kawalpemilu.org#17528,"BELATUNG, LUBUK BATANG, OGAN KOMERING ULU, SUMATERA SELATAN",1,18,131,149
https://kawalpemilu.org#17528,"BELATUNG, LUBUK BATANG, OGAN KOMERING ULU, SUMATERA SELATAN",2,14,138,152
https://kawalpemilu.org#17528,"BELATUNG, LUBUK BATANG, OGAN KOMERING ULU, SUMATERA SELATAN",3,14,120,134
https://kawalpemilu.org#17528,"BELATUNG, LUBUK BATANG, OGAN KOMERING ULU, SUMATERA SELATAN",4,18,124,142
https://kawalpemilu.org#17528,"BELATUNG, LUBUK BATANG, OGAN KOMERING ULU, SUMATERA SELATAN",5,7,123,130
https://kawalpemilu.org#17528,"BELATUNG, LUBUK BATANG, OGAN KOMERING ULU, SUMATERA SELATAN",6,17,124,141
https://kawalpemilu.org#17529,"KARTA MULYA, LUBUK BATANG, OGAN KOMERING ULU, SUMATERA SELATAN",1,19,167,186
https://kawalpemilu.org#17529,"KARTA MULYA, LUBUK BATANG, OGAN KOMERING ULU, SUMATERA SELATAN",2,18,154,172
https://kawalpemilu.org#17529,"KARTA MULYA, LUBUK BATANG, OGAN KOMERING ULU, SUMATERA SELATAN",3,35,131,166
https://kawalpemilu.org#17529,"KARTA MULYA, LUBUK BATANG, OGAN KOMERING ULU, SUMATERA SELATAN",4,12,142,154
https://kawalpemilu.org#17529,"KARTA MULYA, LUBUK BATANG, OGAN KOMERING ULU, SUMATERA SELATAN",5,7,156,163
https://kawalpemilu.org#17529,"KARTA MULYA, LUBUK BATANG, OGAN KOMERING ULU, SUMATERA SELATAN",6,32,130,162
https://kawalpemilu.org#17530,"LUNGGAIAN, LUBUK BATANG, OGAN KOMERING ULU, SUMATERA SELATAN",1,21,140,161
https://kawalpemilu.org#17530,"LUNGGAIAN, LUBUK BATANG, OGAN KOMERING ULU, SUMATERA SELATAN",2,9,127,136
https://kawalpemilu.org#17530,"LUNGGAIAN, LUBUK BATANG, OGAN KOMERING ULU, SUMATERA SELATAN",3,12,138,150
https://kawalpemilu.org#17530,"LUNGGAIAN, LUBUK BATANG, OGAN KOMERING ULU, SUMATERA SELATAN",4,12,46,58
https://kawalpemilu.org#17530,"LUNGGAIAN, LUBUK BATANG, OGAN KOMERING ULU, SUMATERA SELATAN",5,20,111,131
https://kawalpemilu.org#17530,"LUNGGAIAN, LUBUK BATANG, OGAN KOMERING ULU, SUMATERA SELATAN",6,7,136,143
https://kawalpemilu.org#17530,"LUNGGAIAN, LUBUK BATANG, OGAN KOMERING ULU, SUMATERA SELATAN",7,4,152,156
https://kawalpemilu.org#17531,"BANDAR AGUNG, LUBUK BATANG, OGAN KOMERING ULU, SUMATERA SELATAN",1,22,161,183
https://kawalpemilu.org#17531,"BANDAR AGUNG, LUBUK BATANG, OGAN KOMERING ULU, SUMATERA SELATAN",2,15,168,183
https://kawalpemilu.org#17531,"BANDAR AGUNG, LUBUK BATANG, OGAN KOMERING ULU, SUMATERA SELATAN",3,12,155,167
https://kawalpemilu.org#17531,"BANDAR AGUNG, LUBUK BATANG, OGAN KOMERING ULU, SUMATERA SELATAN",4,20,170,190
https://kawalpemilu.org#17531,"BANDAR AGUNG, LUBUK BATANG, OGAN KOMERING ULU, SUMATERA SELATAN",5,23,150,173
https://kawalpemilu.org#17531,"BANDAR AGUNG, LUBUK BATANG, OGAN KOMERING ULU, SUMATERA SELATAN",6,41,131,172
https://kawalpemilu.org#17532,"TANJUNG MANGGUS, LUBUK BATANG, OGAN KOMERING ULU, SUMATERA SELATAN",1,16,163,179
https://kawalpemilu.org#17532,"TANJUNG MANGGUS, LUBUK BATANG, OGAN KOMERING ULU, SUMATERA SELATAN",2,20,205,225
https://kawalpemilu.org#17532,"TANJUNG MANGGUS, LUBUK BATANG, OGAN KOMERING ULU, SUMATERA SELATAN",3,13,149,162
https://kawalpemilu.org#17532,"TANJUNG MANGGUS, LUBUK BATANG, OGAN KOMERING ULU, SUMATERA SELATAN",4,31,187,218
https://kawalpemilu.org#17533,"MARKISA, LUBUK BATANG, OGAN KOMERING ULU, SUMATERA SELATAN",1,93,128,221
https://kawalpemilu.org#17533,"MARKISA, LUBUK BATANG, OGAN KOMERING ULU, SUMATERA SELATAN",2,54,175,229
https://kawalpemilu.org#17533,"MARKISA, LUBUK BATANG, OGAN KOMERING ULU, SUMATERA SELATAN",3,69,127,196
https://kawalpemilu.org#17533,"MARKISA, LUBUK BATANG, OGAN KOMERING ULU, SUMATERA SELATAN",4,61,181,242
https://kawalpemilu.org#17534,"AIR WALL, LUBUK BATANG, OGAN KOMERING ULU, SUMATERA SELATAN",1,69,90,159
https://kawalpemilu.org#17534,"AIR WALL, LUBUK BATANG, OGAN KOMERING ULU, SUMATERA SELATAN",2,47,157,204
https://kawalpemilu.org#17534,"AIR WALL, LUBUK BATANG, OGAN KOMERING ULU, SUMATERA SELATAN",3,89,95,184
https://kawalpemilu.org#17534,"AIR WALL, LUBUK BATANG, OGAN KOMERING ULU, SUMATERA SELATAN",4,38,83,121
https://kawalpemilu.org#90948,"SUMBER BAHAGIA, LUBUK BATANG, OGAN KOMERING ULU, SUMATERA SELATAN",1,64,84,148
https://kawalpemilu.org#90948,"SUMBER BAHAGIA, LUBUK BATANG, OGAN KOMERING ULU, SUMATERA SELATAN",2,132,60,192
https://kawalpemilu.org#90948,"SUMBER BAHAGIA, LUBUK BATANG, OGAN KOMERING ULU, SUMATERA SELATAN",3,65,147,212
https://kawalpemilu.org#90948,"SUMBER BAHAGIA, LUBUK BATANG, OGAN KOMERING ULU, SUMATERA SELATAN",4,91,43,134
https://kawalpemilu.org#90948,"SUMBER BAHAGIA, LUBUK BATANG, OGAN KOMERING ULU, SUMATERA SELATAN",5,26,117,143
https://kawalpemilu.org#90948,"SUMBER BAHAGIA, LUBUK BATANG, OGAN KOMERING ULU, SUMATERA SELATAN",6,127,59,186
https://kawalpemilu.org#90948,"SUMBER BAHAGIA, LUBUK BATANG, OGAN KOMERING ULU, SUMATERA SELATAN",7,75,109,184
https://kawalpemilu.org#90948,"SUMBER BAHAGIA, LUBUK BATANG, OGAN KOMERING ULU, SUMATERA SELATAN",8,119,72,191
https://kawalpemilu.org#90948,"SUMBER BAHAGIA, LUBUK BATANG, OGAN KOMERING ULU, SUMATERA SELATAN",9,42,89,131
https://kawalpemilu.org#90948,"SUMBER BAHAGIA, LUBUK BATANG, OGAN KOMERING ULU, SUMATERA SELATAN",10,67,71,138
https://kawalpemilu.org#17536,"BANDAR JAYA, LENGKITI, OGAN KOMERING ULU, SUMATERA SELATAN",1,32,155,187
https://kawalpemilu.org#17536,"BANDAR JAYA, LENGKITI, OGAN KOMERING ULU, SUMATERA SELATAN",2,39,143,182
https://kawalpemilu.org#17536,"BANDAR JAYA, LENGKITI, OGAN KOMERING ULU, SUMATERA SELATAN",3,13,85,98
https://kawalpemilu.org#17536,"BANDAR JAYA, LENGKITI, OGAN KOMERING ULU, SUMATERA SELATAN",4,33,165,198
https://kawalpemilu.org#17536,"BANDAR JAYA, LENGKITI, OGAN KOMERING ULU, SUMATERA SELATAN",5,48,144,192
https://kawalpemilu.org#17537,"KARANG ENDAH, LENGKITI, OGAN KOMERING ULU, SUMATERA SELATAN",1,25,169,194
https://kawalpemilu.org#17537,"KARANG ENDAH, LENGKITI, OGAN KOMERING ULU, SUMATERA SELATAN",2,22,169,191
https://kawalpemilu.org#17537,"KARANG ENDAH, LENGKITI, OGAN KOMERING ULU, SUMATERA SELATAN",3,30,169,199
https://kawalpemilu.org#17537,"KARANG ENDAH, LENGKITI, OGAN KOMERING ULU, SUMATERA SELATAN",4,27,177,204
https://kawalpemilu.org#17537,"KARANG ENDAH, LENGKITI, OGAN KOMERING ULU, SUMATERA SELATAN",5,134,29,163
https://kawalpemilu.org#17537,"KARANG ENDAH, LENGKITI, OGAN KOMERING ULU, SUMATERA SELATAN",6,27,149,176
https://kawalpemilu.org#17537,"KARANG ENDAH, LENGKITI, OGAN KOMERING ULU, SUMATERA SELATAN",7,78,106,184
https://kawalpemilu.org#17537,"KARANG ENDAH, LENGKITI, OGAN KOMERING ULU, SUMATERA SELATAN",8,18,157,175
https://kawalpemilu.org#17537,"KARANG ENDAH, LENGKITI, OGAN KOMERING ULU, SUMATERA SELATAN",9,111,50,161
https://kawalpemilu.org#17538,"PAJAR BULAN, LENGKITI, OGAN KOMERING ULU, SUMATERA SELATAN",1,15,114,129
https://kawalpemilu.org#17538,"PAJAR BULAN, LENGKITI, OGAN KOMERING ULU, SUMATERA SELATAN",2,34,102,136
https://kawalpemilu.org#17539,"PAGAR DEWA, LENGKITI, OGAN KOMERING ULU, SUMATERA SELATAN",1,24,159,183
https://kawalpemilu.org#17539,"PAGAR DEWA, LENGKITI, OGAN KOMERING ULU, SUMATERA SELATAN",2,20,167,187
https://kawalpemilu.org#17539,"PAGAR DEWA, LENGKITI, OGAN KOMERING ULU, SUMATERA SELATAN",3,29,147,176
https://kawalpemilu.org#17540,"BUMI KAWA, LENGKITI, OGAN KOMERING ULU, SUMATERA SELATAN",1,44,170,214
https://kawalpemilu.org#17540,"BUMI KAWA, LENGKITI, OGAN KOMERING ULU, SUMATERA SELATAN",2,39,173,212
https://kawalpemilu.org#17540,"BUMI KAWA, LENGKITI, OGAN KOMERING ULU, SUMATERA SELATAN",3,25,181,206
https://kawalpemilu.org#17540,"BUMI KAWA, LENGKITI, OGAN KOMERING ULU, SUMATERA SELATAN",4,55,90,145
https://kawalpemilu.org#17540,"BUMI KAWA, LENGKITI, OGAN KOMERING ULU, SUMATERA SELATAN",5,74,68,142
https://kawalpemilu.org#17540,"BUMI KAWA, LENGKITI, OGAN KOMERING ULU, SUMATERA SELATAN",6,51,172,223
https://kawalpemilu.org#17540,"BUMI KAWA, LENGKITI, OGAN KOMERING ULU, SUMATERA SELATAN",7,30,147,177
https://kawalpemilu.org#17541,"TANJUNG LENGKAYAP, LENGKITI, OGAN KOMERING ULU, SUMATERA SELATAN",1,66,129,195
https://kawalpemilu.org#17541,"TANJUNG LENGKAYAP, LENGKITI, OGAN KOMERING ULU, SUMATERA SELATAN",2,39,141,180
https://kawalpemilu.org#17541,"TANJUNG LENGKAYAP, LENGKITI, OGAN KOMERING ULU, SUMATERA SELATAN",3,91,123,214
https://kawalpemilu.org#17542,"LUBUK DALAM, LENGKITI, OGAN KOMERING ULU, SUMATERA SELATAN",1,31,176,207
https://kawalpemilu.org#17542,"LUBUK DALAM, LENGKITI, OGAN KOMERING ULU, SUMATERA SELATAN",2,38,191,229
https://kawalpemilu.org#17543,"NEGERI RATU, LENGKITI, OGAN KOMERING ULU, SUMATERA SELATAN",1,14,145,159
https://kawalpemilu.org#17543,"NEGERI RATU, LENGKITI, OGAN KOMERING ULU, SUMATERA SELATAN",2,21,149,170
https://kawalpemilu.org#17544,"SEGARA KEMBANG, LENGKITI, OGAN KOMERING ULU, SUMATERA SELATAN",1,18,118,136
https://kawalpemilu.org#17544,"SEGARA KEMBANG, LENGKITI, OGAN KOMERING ULU, SUMATERA SELATAN",2,20,103,123
https://kawalpemilu.org#17544,"SEGARA KEMBANG, LENGKITI, OGAN KOMERING ULU, SUMATERA SELATAN",3,25,135,160
https://kawalpemilu.org#17544,"SEGARA KEMBANG, LENGKITI, OGAN KOMERING ULU, SUMATERA SELATAN",4,26,110,136
https://kawalpemilu.org#17545,"TIHANG, LENGKITI, OGAN KOMERING ULU, SUMATERA SELATAN",1,11,179,190
https://kawalpemilu.org#17545,"TIHANG, LENGKITI, OGAN KOMERING ULU, SUMATERA SELATAN",2,15,185,200
https://kawalpemilu.org#17545,"TIHANG, LENGKITI, OGAN KOMERING ULU, SUMATERA SELATAN",3,25,168,193
https://kawalpemilu.org#17545,"TIHANG, LENGKITI, OGAN KOMERING ULU, SUMATERA SELATAN",4,25,131,156
https://kawalpemilu.org#17545,"TIHANG, LENGKITI, OGAN KOMERING ULU, SUMATERA SELATAN",5,23,125,148
https://kawalpemilu.org#17546,"LUBUK HARA, LENGKITI, OGAN KOMERING ULU, SUMATERA SELATAN",1,50,162,212
https://kawalpemilu.org#17547,"SUKARAJA, LENGKITI, OGAN KOMERING ULU, SUMATERA SELATAN",1,23,100,123
https://kawalpemilu.org#17547,"SUKARAJA, LENGKITI, OGAN KOMERING ULU, SUMATERA SELATAN",2,49,130,179
https://kawalpemilu.org#17547,"SUKARAJA, LENGKITI, OGAN KOMERING ULU, SUMATERA SELATAN",3,49,152,201
https://kawalpemilu.org#17547,"SUKARAJA, LENGKITI, OGAN KOMERING ULU, SUMATERA SELATAN",4,175,62,237
https://kawalpemilu.org#17547,"SUKARAJA, LENGKITI, OGAN KOMERING ULU, SUMATERA SELATAN",5,34,77,111
https://kawalpemilu.org#17548,"NEGERI AGUNG, LENGKITI, OGAN KOMERING ULU, SUMATERA SELATAN",1,37,202,239
https://kawalpemilu.org#17548,"NEGERI AGUNG, LENGKITI, OGAN KOMERING ULU, SUMATERA SELATAN",2,24,134,158
https://kawalpemilu.org#17548,"NEGERI AGUNG, LENGKITI, OGAN KOMERING ULU, SUMATERA SELATAN",3,47,97,144
https://kawalpemilu.org#17548,"NEGERI AGUNG, LENGKITI, OGAN KOMERING ULU, SUMATERA SELATAN",4,32,169,201
https://kawalpemilu.org#17548,"NEGERI AGUNG, LENGKITI, OGAN KOMERING ULU, SUMATERA SELATAN",5,44,103,147
https://kawalpemilu.org#17549,"GEDUNG PEKUON, LENGKITI, OGAN KOMERING ULU, SUMATERA SELATAN",1,70,130,200
https://kawalpemilu.org#17549,"GEDUNG PEKUON, LENGKITI, OGAN KOMERING ULU, SUMATERA SELATAN",2,33,100,133
https://kawalpemilu.org#17549,"GEDUNG PEKUON, LENGKITI, OGAN KOMERING ULU, SUMATERA SELATAN",3,55,97,152
https://kawalpemilu.org#17549,"GEDUNG PEKUON, LENGKITI, OGAN KOMERING ULU, SUMATERA SELATAN",4,25,70,95
https://kawalpemilu.org#17549,"GEDUNG PEKUON, LENGKITI, OGAN KOMERING ULU, SUMATERA SELATAN",5,27,161,188
https://kawalpemilu.org#17549,"GEDUNG PEKUON, LENGKITI, OGAN KOMERING ULU, SUMATERA SELATAN",6,12,15,27
https://kawalpemilu.org#17549,"GEDUNG PEKUON, LENGKITI, OGAN KOMERING ULU, SUMATERA SELATAN",7,10,23,33
https://kawalpemilu.org#17549,"GEDUNG PEKUON, LENGKITI, OGAN KOMERING ULU, SUMATERA SELATAN",8,38,111,149
https://kawalpemilu.org#17549,"GEDUNG PEKUON, LENGKITI, OGAN KOMERING ULU, SUMATERA SELATAN",9,23,102,125
https://kawalpemilu.org#17550,"TUALANG, LENGKITI, OGAN KOMERING ULU, SUMATERA SELATAN",1,21,132,153
https://kawalpemilu.org#17550,"TUALANG, LENGKITI, OGAN KOMERING ULU, SUMATERA SELATAN",2,5,132,137
https://kawalpemilu.org#17550,"TUALANG, LENGKITI, OGAN KOMERING ULU, SUMATERA SELATAN",3,34,138,172
https://kawalpemilu.org#17550,"TUALANG, LENGKITI, OGAN KOMERING ULU, SUMATERA SELATAN",4,37,122,159
https://kawalpemilu.org#17551,"SUNDAN, LENGKITI, OGAN KOMERING ULU, SUMATERA SELATAN",1,17,141,158
https://kawalpemilu.org#17551,"SUNDAN, LENGKITI, OGAN KOMERING ULU, SUMATERA SELATAN",2,29,143,172
https://kawalpemilu.org#17551,"SUNDAN, LENGKITI, OGAN KOMERING ULU, SUMATERA SELATAN",3,42,123,165
https://kawalpemilu.org#17551,"SUNDAN, LENGKITI, OGAN KOMERING ULU, SUMATERA SELATAN",4,21,161,182
https://kawalpemilu.org#17551,"SUNDAN, LENGKITI, OGAN KOMERING ULU, SUMATERA SELATAN",6,25,126,151
https://kawalpemilu.org#17552,"BUNGA TANJUNG, LENGKITI, OGAN KOMERING ULU, SUMATERA SELATAN",1,102,111,213
https://kawalpemilu.org#17552,"BUNGA TANJUNG, LENGKITI, OGAN KOMERING ULU, SUMATERA SELATAN",2,62,39,101
https://kawalpemilu.org#17552,"BUNGA TANJUNG, LENGKITI, OGAN KOMERING ULU, SUMATERA SELATAN",3,86,44,130
https://kawalpemilu.org#17552,"BUNGA TANJUNG, LENGKITI, OGAN KOMERING ULU, SUMATERA SELATAN",4,63,46,109
https://kawalpemilu.org#17553,"WAY HELING, LENGKITI, OGAN KOMERING ULU, SUMATERA SELATAN",1,29,139,168
https://kawalpemilu.org#17553,"WAY HELING, LENGKITI, OGAN KOMERING ULU, SUMATERA SELATAN",2,33,138,171
https://kawalpemilu.org#17554,"UMPAM, LENGKITI, OGAN KOMERING ULU, SUMATERA SELATAN",1,42,179,221
https://kawalpemilu.org#17554,"UMPAM, LENGKITI, OGAN KOMERING ULU, SUMATERA SELATAN",2,50,179,229
https://kawalpemilu.org#17554,"UMPAM, LENGKITI, OGAN KOMERING ULU, SUMATERA SELATAN",3,36,59,95
https://kawalpemilu.org#17555,"FAJAR JAYA, LENGKITI, OGAN KOMERING ULU, SUMATERA SELATAN",1,28,167,195
https://kawalpemilu.org#17555,"FAJAR JAYA, LENGKITI, OGAN KOMERING ULU, SUMATERA SELATAN",2,42,53,95
https://kawalpemilu.org#17555,"FAJAR JAYA, LENGKITI, OGAN KOMERING ULU, SUMATERA SELATAN",3,82,45,127
https://kawalpemilu.org#17556,"SIMPANG EMPAT, LENGKITI, OGAN KOMERING ULU, SUMATERA SELATAN",1,39,120,159
https://kawalpemilu.org#17556,"SIMPANG EMPAT, LENGKITI, OGAN KOMERING ULU, SUMATERA SELATAN",2,22,117,139
https://kawalpemilu.org#17556,"SIMPANG EMPAT, LENGKITI, OGAN KOMERING ULU, SUMATERA SELATAN",3,22,146,168
https://kawalpemilu.org#17556,"SIMPANG EMPAT, LENGKITI, OGAN KOMERING ULU, SUMATERA SELATAN",4,34,126,160
https://kawalpemilu.org#84678,"TANJUNG AGUNG, LENGKITI, OGAN KOMERING ULU, SUMATERA SELATAN",1,33,94,127
https://kawalpemilu.org#84678,"TANJUNG AGUNG, LENGKITI, OGAN KOMERING ULU, SUMATERA SELATAN",2,33,138,171
https://kawalpemilu.org#84678,"TANJUNG AGUNG, LENGKITI, OGAN KOMERING ULU, SUMATERA SELATAN",3,21,140,161
https://kawalpemilu.org#84678,"TANJUNG AGUNG, LENGKITI, OGAN KOMERING ULU, SUMATERA SELATAN",4,26,64,90
https://kawalpemilu.org#84678,"TANJUNG AGUNG, LENGKITI, OGAN KOMERING ULU, SUMATERA SELATAN",5,27,144,171
https://kawalpemilu.org#17558,"KARYA JAYA, SINAR PENINJAUAN, OGAN KOMERING ULU, SUMATERA SELATAN",1,48,120,168
https://kawalpemilu.org#17558,"KARYA JAYA, SINAR PENINJAUAN, OGAN KOMERING ULU, SUMATERA SELATAN",2,39,147,186
https://kawalpemilu.org#17558,"KARYA JAYA, SINAR PENINJAUAN, OGAN KOMERING ULU, SUMATERA SELATAN",3,40,129,169
https://kawalpemilu.org#17558,"KARYA JAYA, SINAR PENINJAUAN, OGAN KOMERING ULU, SUMATERA SELATAN",4,45,133,178
https://kawalpemilu.org#17558,"KARYA JAYA, SINAR PENINJAUAN, OGAN KOMERING ULU, SUMATERA SELATAN",5,47,128,175
https://kawalpemilu.org#17558,"KARYA JAYA, SINAR PENINJAUAN, OGAN KOMERING ULU, SUMATERA SELATAN",6,86,134,220
https://kawalpemilu.org#17558,"KARYA JAYA, SINAR PENINJAUAN, OGAN KOMERING ULU, SUMATERA SELATAN",7,67,138,205
https://kawalpemilu.org#17558,"KARYA JAYA, SINAR PENINJAUAN, OGAN KOMERING ULU, SUMATERA SELATAN",8,71,104,175
https://kawalpemilu.org#17558,"KARYA JAYA, SINAR PENINJAUAN, OGAN KOMERING ULU, SUMATERA SELATAN",9,59,132,191
https://kawalpemilu.org#17558,"KARYA JAYA, SINAR PENINJAUAN, OGAN KOMERING ULU, SUMATERA SELATAN",10,54,95,149
https://kawalpemilu.org#17558,"KARYA JAYA, SINAR PENINJAUAN, OGAN KOMERING ULU, SUMATERA SELATAN",11,52,128,180
https://kawalpemilu.org#17558,"KARYA JAYA, SINAR PENINJAUAN, OGAN KOMERING ULU, SUMATERA SELATAN",12,28,56,83
https://kawalpemilu.org#17559,"KARYA MUKTI, SINAR PENINJAUAN, OGAN KOMERING ULU, SUMATERA SELATAN",1,88,104,192
https://kawalpemilu.org#17559,"KARYA MUKTI, SINAR PENINJAUAN, OGAN KOMERING ULU, SUMATERA SELATAN",2,76,110,186
https://kawalpemilu.org#17559,"KARYA MUKTI, SINAR PENINJAUAN, OGAN KOMERING ULU, SUMATERA SELATAN",3,90,107,197
https://kawalpemilu.org#17559,"KARYA MUKTI, SINAR PENINJAUAN, OGAN KOMERING ULU, SUMATERA SELATAN",4,74,151,225
https://kawalpemilu.org#17559,"KARYA MUKTI, SINAR PENINJAUAN, OGAN KOMERING ULU, SUMATERA SELATAN",5,104,112,216
https://kawalpemilu.org#17559,"KARYA MUKTI, SINAR PENINJAUAN, OGAN KOMERING ULU, SUMATERA SELATAN",6,94,118,212
https://kawalpemilu.org#17559,"KARYA MUKTI, SINAR PENINJAUAN, OGAN KOMERING ULU, SUMATERA SELATAN",7,95,115,210
https://kawalpemilu.org#17559,"KARYA MUKTI, SINAR PENINJAUAN, OGAN KOMERING ULU, SUMATERA SELATAN",8,99,109,208
https://kawalpemilu.org#17559,"KARYA MUKTI, SINAR PENINJAUAN, OGAN KOMERING ULU, SUMATERA SELATAN",9,74,109,183
https://kawalpemilu.org#17559,"KARYA MUKTI, SINAR PENINJAUAN, OGAN KOMERING ULU, SUMATERA SELATAN",10,69,123,192
https://kawalpemilu.org#17559,"KARYA MUKTI, SINAR PENINJAUAN, OGAN KOMERING ULU, SUMATERA SELATAN",11,58,114,172
https://kawalpemilu.org#17559,"KARYA MUKTI, SINAR PENINJAUAN, OGAN KOMERING ULU, SUMATERA SELATAN",12,74,96,170
https://kawalpemilu.org#17559,"KARYA MUKTI, SINAR PENINJAUAN, OGAN KOMERING ULU, SUMATERA SELATAN",13,78,115,193
https://kawalpemilu.org#17559,"KARYA MUKTI, SINAR PENINJAUAN, OGAN KOMERING ULU, SUMATERA SELATAN",14,78,101,179
https://kawalpemilu.org#17560,"MARGA BAKTI, SINAR PENINJAUAN, OGAN KOMERING ULU, SUMATERA SELATAN",1,75,122,197
https://kawalpemilu.org#17560,"MARGA BAKTI, SINAR PENINJAUAN, OGAN KOMERING ULU, SUMATERA SELATAN",2,62,100,162
https://kawalpemilu.org#17560,"MARGA BAKTI, SINAR PENINJAUAN, OGAN KOMERING ULU, SUMATERA SELATAN",3,65,96,161
https://kawalpemilu.org#17560,"MARGA BAKTI, SINAR PENINJAUAN, OGAN KOMERING ULU, SUMATERA SELATAN",4,147,89,236
https://kawalpemilu.org#17560,"MARGA BAKTI, SINAR PENINJAUAN, OGAN KOMERING ULU, SUMATERA SELATAN",5,79,87,166
https://kawalpemilu.org#17560,"MARGA BAKTI, SINAR PENINJAUAN, OGAN KOMERING ULU, SUMATERA SELATAN",6,78,71,149
https://kawalpemilu.org#17560,"MARGA BAKTI, SINAR PENINJAUAN, OGAN KOMERING ULU, SUMATERA SELATAN",7,79,64,143
https://kawalpemilu.org#17560,"MARGA BAKTI, SINAR PENINJAUAN, OGAN KOMERING ULU, SUMATERA SELATAN",8,127,43,170
https://kawalpemilu.org#17560,"MARGA BAKTI, SINAR PENINJAUAN, OGAN KOMERING ULU, SUMATERA SELATAN",9,113,43,156
https://kawalpemilu.org#17560,"MARGA BAKTI, SINAR PENINJAUAN, OGAN KOMERING ULU, SUMATERA SELATAN",10,85,96,181
https://kawalpemilu.org#17560,"MARGA BAKTI, SINAR PENINJAUAN, OGAN KOMERING ULU, SUMATERA SELATAN",11,39,113,152
https://kawalpemilu.org#17560,"MARGA BAKTI, SINAR PENINJAUAN, OGAN KOMERING ULU, SUMATERA SELATAN",12,99,109,208
https://kawalpemilu.org#17560,"MARGA BAKTI, SINAR PENINJAUAN, OGAN KOMERING ULU, SUMATERA SELATAN",13,66,116,182
https://kawalpemilu.org#17560,"MARGA BAKTI, SINAR PENINJAUAN, OGAN KOMERING ULU, SUMATERA SELATAN",14,65,102,167
https://kawalpemilu.org#17560,"MARGA BAKTI, SINAR PENINJAUAN, OGAN KOMERING ULU, SUMATERA SELATAN",15,95,129,224
https://kawalpemilu.org#17560,"MARGA BAKTI, SINAR PENINJAUAN, OGAN KOMERING ULU, SUMATERA SELATAN",16,79,85,164
https://kawalpemilu.org#17560,"MARGA BAKTI, SINAR PENINJAUAN, OGAN KOMERING ULU, SUMATERA SELATAN",17,63,71,134
https://kawalpemilu.org#17560,"MARGA BAKTI, SINAR PENINJAUAN, OGAN KOMERING ULU, SUMATERA SELATAN",18,64,84,148
https://kawalpemilu.org#17560,"MARGA BAKTI, SINAR PENINJAUAN, OGAN KOMERING ULU, SUMATERA SELATAN",19,115,36,151
https://kawalpemilu.org#17560,"MARGA BAKTI, SINAR PENINJAUAN, OGAN KOMERING ULU, SUMATERA SELATAN",20,119,45,164
https://kawalpemilu.org#17560,"MARGA BAKTI, SINAR PENINJAUAN, OGAN KOMERING ULU, SUMATERA SELATAN",21,91,70,161
https://kawalpemilu.org#17560,"MARGA BAKTI, SINAR PENINJAUAN, OGAN KOMERING ULU, SUMATERA SELATAN",22,33,122,155
https://kawalpemilu.org#17561,"SRI MULYA, SINAR PENINJAUAN, OGAN KOMERING ULU, SUMATERA SELATAN",1,102,73,175
https://kawalpemilu.org#17561,"SRI MULYA, SINAR PENINJAUAN, OGAN KOMERING ULU, SUMATERA SELATAN",2,81,94,175
https://kawalpemilu.org#17561,"SRI MULYA, SINAR PENINJAUAN, OGAN KOMERING ULU, SUMATERA SELATAN",3,76,119,195
https://kawalpemilu.org#17561,"SRI MULYA, SINAR PENINJAUAN, OGAN KOMERING ULU, SUMATERA SELATAN",4,66,126,192
https://kawalpemilu.org#17561,"SRI MULYA, SINAR PENINJAUAN, OGAN KOMERING ULU, SUMATERA SELATAN",5,86,107,193
https://kawalpemilu.org#17561,"SRI MULYA, SINAR PENINJAUAN, OGAN KOMERING ULU, SUMATERA SELATAN",6,93,103,196
https://kawalpemilu.org#17561,"SRI MULYA, SINAR PENINJAUAN, OGAN KOMERING ULU, SUMATERA SELATAN",7,72,123,195
https://kawalpemilu.org#17561,"SRI MULYA, SINAR PENINJAUAN, OGAN KOMERING ULU, SUMATERA SELATAN",8,70,118,188
https://kawalpemilu.org#17561,"SRI MULYA, SINAR PENINJAUAN, OGAN KOMERING ULU, SUMATERA SELATAN",9,72,103,175
https://kawalpemilu.org#17561,"SRI MULYA, SINAR PENINJAUAN, OGAN KOMERING ULU, SUMATERA SELATAN",10,61,90,151
https://kawalpemilu.org#17562,"MARGA MULYA, SINAR PENINJAUAN, OGAN KOMERING ULU, SUMATERA SELATAN",1,38,126,164
https://kawalpemilu.org#17562,"MARGA MULYA, SINAR PENINJAUAN, OGAN KOMERING ULU, SUMATERA SELATAN",2,103,98,201
https://kawalpemilu.org#17562,"MARGA MULYA, SINAR PENINJAUAN, OGAN KOMERING ULU, SUMATERA SELATAN",3,85,92,177
https://kawalpemilu.org#17562,"MARGA MULYA, SINAR PENINJAUAN, OGAN KOMERING ULU, SUMATERA SELATAN",4,69,139,208
https://kawalpemilu.org#17562,"MARGA MULYA, SINAR PENINJAUAN, OGAN KOMERING ULU, SUMATERA SELATAN",5,105,104,209
https://kawalpemilu.org#17562,"MARGA MULYA, SINAR PENINJAUAN, OGAN KOMERING ULU, SUMATERA SELATAN",6,83,120,203
https://kawalpemilu.org#17562,"MARGA MULYA, SINAR PENINJAUAN, OGAN KOMERING ULU, SUMATERA SELATAN",7,52,146,198
https://kawalpemilu.org#17562,"MARGA MULYA, SINAR PENINJAUAN, OGAN KOMERING ULU, SUMATERA SELATAN",8,93,84,177
https://kawalpemilu.org#17563,"TANJUNG MAKMUR, SINAR PENINJAUAN, OGAN KOMERING ULU, SUMATERA SELATAN",1,32,168,200
https://kawalpemilu.org#17563,"TANJUNG MAKMUR, SINAR PENINJAUAN, OGAN KOMERING ULU, SUMATERA SELATAN",2,41,152,193
https://kawalpemilu.org#17563,"TANJUNG MAKMUR, SINAR PENINJAUAN, OGAN KOMERING ULU, SUMATERA SELATAN",3,39,170,209
https://kawalpemilu.org#17563,"TANJUNG MAKMUR, SINAR PENINJAUAN, OGAN KOMERING ULU, SUMATERA SELATAN",4,26,156,182
https://kawalpemilu.org#17563,"TANJUNG MAKMUR, SINAR PENINJAUAN, OGAN KOMERING ULU, SUMATERA SELATAN",5,50,138,188
https://kawalpemilu.org#17563,"TANJUNG MAKMUR, SINAR PENINJAUAN, OGAN KOMERING ULU, SUMATERA SELATAN",6,44,135,179
https://kawalpemilu.org#17563,"TANJUNG MAKMUR, SINAR PENINJAUAN, OGAN KOMERING ULU, SUMATERA SELATAN",7,77,120,197
https://kawalpemilu.org#17563,"TANJUNG MAKMUR, SINAR PENINJAUAN, OGAN KOMERING ULU, SUMATERA SELATAN",8,108,78,186
https://kawalpemilu.org#17563,"TANJUNG MAKMUR, SINAR PENINJAUAN, OGAN KOMERING ULU, SUMATERA SELATAN",9,79,134,213
https://kawalpemilu.org#17563,"TANJUNG MAKMUR, SINAR PENINJAUAN, OGAN KOMERING ULU, SUMATERA SELATAN",10,63,122,185
https://kawalpemilu.org#17565,"BATU MARTA I, LUBUK RAJA, OGAN KOMERING ULU, SUMATERA SELATAN",1,90,190,280
https://kawalpemilu.org#17565,"BATU MARTA I, LUBUK RAJA, OGAN KOMERING ULU, SUMATERA SELATAN",3,53,100,153
https://kawalpemilu.org#17565,"BATU MARTA I, LUBUK RAJA, OGAN KOMERING ULU, SUMATERA SELATAN",4,27,109,136
https://kawalpemilu.org#17565,"BATU MARTA I, LUBUK RAJA, OGAN KOMERING ULU, SUMATERA SELATAN",5,63,184,247
https://kawalpemilu.org#17565,"BATU MARTA I, LUBUK RAJA, OGAN KOMERING ULU, SUMATERA SELATAN",6,35,148,183
https://kawalpemilu.org#17565,"BATU MARTA I, LUBUK RAJA, OGAN KOMERING ULU, SUMATERA SELATAN",7,43,98,141
https://kawalpemilu.org#17565,"BATU MARTA I, LUBUK RAJA, OGAN KOMERING ULU, SUMATERA SELATAN",8,71,115,186
https://kawalpemilu.org#17565,"BATU MARTA I, LUBUK RAJA, OGAN KOMERING ULU, SUMATERA SELATAN",9,72,102,174
https://kawalpemilu.org#17565,"BATU MARTA I, LUBUK RAJA, OGAN KOMERING ULU, SUMATERA SELATAN",10,56,111,167
https://kawalpemilu.org#17565,"BATU MARTA I, LUBUK RAJA, OGAN KOMERING ULU, SUMATERA SELATAN",11,40,126,166
https://kawalpemilu.org#17565,"BATU MARTA I, LUBUK RAJA, OGAN KOMERING ULU, SUMATERA SELATAN",12,55,191,246
https://kawalpemilu.org#17565,"BATU MARTA I, LUBUK RAJA, OGAN KOMERING ULU, SUMATERA SELATAN",13,63,97,160
https://kawalpemilu.org#17565,"BATU MARTA I, LUBUK RAJA, OGAN KOMERING ULU, SUMATERA SELATAN",14,44,120,164
https://kawalpemilu.org#17565,"BATU MARTA I, LUBUK RAJA, OGAN KOMERING ULU, SUMATERA SELATAN",15,16,188,204
https://kawalpemilu.org#17566,"BATU MARTA II, LUBUK RAJA, OGAN KOMERING ULU, SUMATERA SELATAN",1,47,123,170
https://kawalpemilu.org#17566,"BATU MARTA II, LUBUK RAJA, OGAN KOMERING ULU, SUMATERA SELATAN",2,31,128,159
https://kawalpemilu.org#17566,"BATU MARTA II, LUBUK RAJA, OGAN KOMERING ULU, SUMATERA SELATAN",3,37,142,179
https://kawalpemilu.org#17566,"BATU MARTA II, LUBUK RAJA, OGAN KOMERING ULU, SUMATERA SELATAN",4,73,120,193
https://kawalpemilu.org#17566,"BATU MARTA II, LUBUK RAJA, OGAN KOMERING ULU, SUMATERA SELATAN",5,81,111,192
https://kawalpemilu.org#17566,"BATU MARTA II, LUBUK RAJA, OGAN KOMERING ULU, SUMATERA SELATAN",6,74,129,203
https://kawalpemilu.org#17566,"BATU MARTA II, LUBUK RAJA, OGAN KOMERING ULU, SUMATERA SELATAN",7,75,93,168
https://kawalpemilu.org#17566,"BATU MARTA II, LUBUK RAJA, OGAN KOMERING ULU, SUMATERA SELATAN",8,67,91,158
https://kawalpemilu.org#17566,"BATU MARTA II, LUBUK RAJA, OGAN KOMERING ULU, SUMATERA SELATAN",9,46,127,173
https://kawalpemilu.org#17566,"BATU MARTA II, LUBUK RAJA, OGAN KOMERING ULU, SUMATERA SELATAN",10,27,134,161
https://kawalpemilu.org#17567,"LEKIS REJO, LUBUK RAJA, OGAN KOMERING ULU, SUMATERA SELATAN",1,49,173,222
https://kawalpemilu.org#17567,"LEKIS REJO, LUBUK RAJA, OGAN KOMERING ULU, SUMATERA SELATAN",2,40,151,191
https://kawalpemilu.org#17567,"LEKIS REJO, LUBUK RAJA, OGAN KOMERING ULU, SUMATERA SELATAN",3,70,85,155
https://kawalpemilu.org#17567,"LEKIS REJO, LUBUK RAJA, OGAN KOMERING ULU, SUMATERA SELATAN",4,34,187,221
https://kawalpemilu.org#17567,"LEKIS REJO, LUBUK RAJA, OGAN KOMERING ULU, SUMATERA SELATAN",5,40,138,178
https://kawalpemilu.org#17567,"LEKIS REJO, LUBUK RAJA, OGAN KOMERING ULU, SUMATERA SELATAN",6,46,210,256
https://kawalpemilu.org#17567,"LEKIS REJO, LUBUK RAJA, OGAN KOMERING ULU, SUMATERA SELATAN",7,64,136,200
https://kawalpemilu.org#17567,"LEKIS REJO, LUBUK RAJA, OGAN KOMERING ULU, SUMATERA SELATAN",8,77,120,197
https://kawalpemilu.org#17567,"LEKIS REJO, LUBUK RAJA, OGAN KOMERING ULU, SUMATERA SELATAN",9,56,105,161
https://kawalpemilu.org#17567,"LEKIS REJO, LUBUK RAJA, OGAN KOMERING ULU, SUMATERA SELATAN",10,60,101,161
https://kawalpemilu.org#17567,"LEKIS REJO, LUBUK RAJA, OGAN KOMERING ULU, SUMATERA SELATAN",11,37,127,164
https://kawalpemilu.org#17567,"LEKIS REJO, LUBUK RAJA, OGAN KOMERING ULU, SUMATERA SELATAN",12,55,130,185
https://kawalpemilu.org#17567,"LEKIS REJO, LUBUK RAJA, OGAN KOMERING ULU, SUMATERA SELATAN",13,106,96,202
https://kawalpemilu.org#17567,"LEKIS REJO, LUBUK RAJA, OGAN KOMERING ULU, SUMATERA SELATAN",14,50,136,186
https://kawalpemilu.org#17567,"LEKIS REJO, LUBUK RAJA, OGAN KOMERING ULU, SUMATERA SELATAN",15,36,122,158
https://kawalpemilu.org#17567,"LEKIS REJO, LUBUK RAJA, OGAN KOMERING ULU, SUMATERA SELATAN",16,34,132,166
https://kawalpemilu.org#17567,"LEKIS REJO, LUBUK RAJA, OGAN KOMERING ULU, SUMATERA SELATAN",17,54,92,146
https://kawalpemilu.org#17567,"LEKIS REJO, LUBUK RAJA, OGAN KOMERING ULU, SUMATERA SELATAN",18,13,117,130
https://kawalpemilu.org#17567,"LEKIS REJO, LUBUK RAJA, OGAN KOMERING ULU, SUMATERA SELATAN",19,19,131,150
https://kawalpemilu.org#17568,"LUBUK BANJAR, LUBUK RAJA, OGAN KOMERING ULU, SUMATERA SELATAN",1,60,169,229
https://kawalpemilu.org#17568,"LUBUK BANJAR, LUBUK RAJA, OGAN KOMERING ULU, SUMATERA SELATAN",2,53,181,234
https://kawalpemilu.org#17568,"LUBUK BANJAR, LUBUK RAJA, OGAN KOMERING ULU, SUMATERA SELATAN",3,37,141,178
https://kawalpemilu.org#17568,"LUBUK BANJAR, LUBUK RAJA, OGAN KOMERING ULU, SUMATERA SELATAN",4,25,144,168
https://kawalpemilu.org#17568,"LUBUK BANJAR, LUBUK RAJA, OGAN KOMERING ULU, SUMATERA SELATAN",5,58,174,232
https://kawalpemilu.org#17568,"LUBUK BANJAR, LUBUK RAJA, OGAN KOMERING ULU, SUMATERA SELATAN",6,69,155,224
https://kawalpemilu.org#17568,"LUBUK BANJAR, LUBUK RAJA, OGAN KOMERING ULU, SUMATERA SELATAN",7,30,183,213
https://kawalpemilu.org#17568,"LUBUK BANJAR, LUBUK RAJA, OGAN KOMERING ULU, SUMATERA SELATAN",9,101,94,195
https://kawalpemilu.org#17568,"LUBUK BANJAR, LUBUK RAJA, OGAN KOMERING ULU, SUMATERA SELATAN",10,34,195,229
https://kawalpemilu.org#17568,"LUBUK BANJAR, LUBUK RAJA, OGAN KOMERING ULU, SUMATERA SELATAN",11,18,178,196
https://kawalpemilu.org#17569,"BATTU WINANGUN, LUBUK RAJA, OGAN KOMERING ULU, SUMATERA SELATAN",1,37,156,193
https://kawalpemilu.org#17569,"BATTU WINANGUN, LUBUK RAJA, OGAN KOMERING ULU, SUMATERA SELATAN",2,34,191,225
https://kawalpemilu.org#17569,"BATTU WINANGUN, LUBUK RAJA, OGAN KOMERING ULU, SUMATERA SELATAN",3,54,122,176
https://kawalpemilu.org#17569,"BATTU WINANGUN, LUBUK RAJA, OGAN KOMERING ULU, SUMATERA SELATAN",4,69,129,198
https://kawalpemilu.org#17569,"BATTU WINANGUN, LUBUK RAJA, OGAN KOMERING ULU, SUMATERA SELATAN",5,25,126,151
https://kawalpemilu.org#17569,"BATTU WINANGUN, LUBUK RAJA, OGAN KOMERING ULU, SUMATERA SELATAN",6,69,102,171
https://kawalpemilu.org#17569,"BATTU WINANGUN, LUBUK RAJA, OGAN KOMERING ULU, SUMATERA SELATAN",7,79,128,207
https://kawalpemilu.org#17569,"BATTU WINANGUN, LUBUK RAJA, OGAN KOMERING ULU, SUMATERA SELATAN",8,69,102,171
https://kawalpemilu.org#17569,"BATTU WINANGUN, LUBUK RAJA, OGAN KOMERING ULU, SUMATERA SELATAN",9,65,138,203
https://kawalpemilu.org#17569,"BATTU WINANGUN, LUBUK RAJA, OGAN KOMERING ULU, SUMATERA SELATAN",10,45,156,201
https://kawalpemilu.org#17569,"BATTU WINANGUN, LUBUK RAJA, OGAN KOMERING ULU, SUMATERA SELATAN",11,55,168,223
https://kawalpemilu.org#17569,"BATTU WINANGUN, LUBUK RAJA, OGAN KOMERING ULU, SUMATERA SELATAN",12,46,147,193
https://kawalpemilu.org#17569,"BATTU WINANGUN, LUBUK RAJA, OGAN KOMERING ULU, SUMATERA SELATAN",13,51,97,148
https://kawalpemilu.org#17569,"BATTU WINANGUN, LUBUK RAJA, OGAN KOMERING ULU, SUMATERA SELATAN",14,74,117,191
https://kawalpemilu.org#17569,"BATTU WINANGUN, LUBUK RAJA, OGAN KOMERING ULU, SUMATERA SELATAN",15,50,129,179
https://kawalpemilu.org#17569,"BATTU WINANGUN, LUBUK RAJA, OGAN KOMERING ULU, SUMATERA SELATAN",16,52,143,195
https://kawalpemilu.org#84679,"MARTA JAYA, LUBUK RAJA, OGAN KOMERING ULU, SUMATERA SELATAN",1,40,99,139
https://kawalpemilu.org#84679,"MARTA JAYA, LUBUK RAJA, OGAN KOMERING ULU, SUMATERA SELATAN",2,77,172,249
https://kawalpemilu.org#84679,"MARTA JAYA, LUBUK RAJA, OGAN KOMERING ULU, SUMATERA SELATAN",3,87,115,202
https://kawalpemilu.org#84679,"MARTA JAYA, LUBUK RAJA, OGAN KOMERING ULU, SUMATERA SELATAN",4,46,130,176
https://kawalpemilu.org#84679,"MARTA JAYA, LUBUK RAJA, OGAN KOMERING ULU, SUMATERA SELATAN",5,41,147,188
https://kawalpemilu.org#84679,"MARTA JAYA, LUBUK RAJA, OGAN KOMERING ULU, SUMATERA SELATAN",6,61,111,172
https://kawalpemilu.org#84679,"MARTA JAYA, LUBUK RAJA, OGAN KOMERING ULU, SUMATERA SELATAN",7,70,70,140
https://kawalpemilu.org#84679,"MARTA JAYA, LUBUK RAJA, OGAN KOMERING ULU, SUMATERA SELATAN",8,33,136,169
https://kawalpemilu.org#84679,"MARTA JAYA, LUBUK RAJA, OGAN KOMERING ULU, SUMATERA SELATAN",9,16,121,137
https://kawalpemilu.org#84679,"MARTA JAYA, LUBUK RAJA, OGAN KOMERING ULU, SUMATERA SELATAN",10,75,68,143
https://kawalpemilu.org#84679,"MARTA JAYA, LUBUK RAJA, OGAN KOMERING ULU, SUMATERA SELATAN",11,55,123,178
https://kawalpemilu.org#84679,"MARTA JAYA, LUBUK RAJA, OGAN KOMERING ULU, SUMATERA SELATAN",12,28,232,260
https://kawalpemilu.org#84679,"MARTA JAYA, LUBUK RAJA, OGAN KOMERING ULU, SUMATERA SELATAN",13,41,123,164
https://kawalpemilu.org#84679,"MARTA JAYA, LUBUK RAJA, OGAN KOMERING ULU, SUMATERA SELATAN",14,54,132,186
https://kawalpemilu.org#84679,"MARTA JAYA, LUBUK RAJA, OGAN KOMERING ULU, SUMATERA SELATAN",15,34,100,134
https://kawalpemilu.org#84680,"BATU RADEN, LUBUK RAJA, OGAN KOMERING ULU, SUMATERA SELATAN",1,67,134,201
https://kawalpemilu.org#84680,"BATU RADEN, LUBUK RAJA, OGAN KOMERING ULU, SUMATERA SELATAN",2,76,102,178
https://kawalpemilu.org#84680,"BATU RADEN, LUBUK RAJA, OGAN KOMERING ULU, SUMATERA SELATAN",3,40,109,149
https://kawalpemilu.org#84680,"BATU RADEN, LUBUK RAJA, OGAN KOMERING ULU, SUMATERA SELATAN",4,83,75,158
https://kawalpemilu.org#84680,"BATU RADEN, LUBUK RAJA, OGAN KOMERING ULU, SUMATERA SELATAN",5,57,127,184
https://kawalpemilu.org#84680,"BATU RADEN, LUBUK RAJA, OGAN KOMERING ULU, SUMATERA SELATAN",6,82,193,275
https://kawalpemilu.org#84680,"BATU RADEN, LUBUK RAJA, OGAN KOMERING ULU, SUMATERA SELATAN",7,46,112,158
https://kawalpemilu.org#84680,"BATU RADEN, LUBUK RAJA, OGAN KOMERING ULU, SUMATERA SELATAN",8,45,68,0
https://kawalpemilu.org#84680,"BATU RADEN, LUBUK RAJA, OGAN KOMERING ULU, SUMATERA SELATAN",9,37,140,177
https://kawalpemilu.org#84680,"BATU RADEN, LUBUK RAJA, OGAN KOMERING ULU, SUMATERA SELATAN",10,29,175,204
https://kawalpemilu.org#84680,"BATU RADEN, LUBUK RAJA, OGAN KOMERING ULU, SUMATERA SELATAN",11,40,102,142
https://kawalpemilu.org#84680,"BATU RADEN, LUBUK RAJA, OGAN KOMERING ULU, SUMATERA SELATAN",12,31,127,158
https://kawalpemilu.org#84680,"BATU RADEN, LUBUK RAJA, OGAN KOMERING ULU, SUMATERA SELATAN",13,62,124,186
https://kawalpemilu.org#84680,"BATU RADEN, LUBUK RAJA, OGAN KOMERING ULU, SUMATERA SELATAN",14,34,96,130
https://kawalpemilu.org#84680,"BATU RADEN, LUBUK RAJA, OGAN KOMERING ULU, SUMATERA SELATAN",15,36,163,199
https://kawalpemilu.org#84680,"BATU RADEN, LUBUK RAJA, OGAN KOMERING ULU, SUMATERA SELATAN",16,64,166,230
https://kawalpemilu.org#84680,"BATU RADEN, LUBUK RAJA, OGAN KOMERING ULU, SUMATERA SELATAN",17,50,87,137
https://kawalpemilu.org#17435,"LUBUK KEMILING, KEDATON PENINJAUAN RAYA, OGAN KOMERING ULU, SUMATERA SELATAN",1,13,144,157
https://kawalpemilu.org#17435,"LUBUK KEMILING, KEDATON PENINJAUAN RAYA, OGAN KOMERING ULU, SUMATERA SELATAN",2,11,151,162
https://kawalpemilu.org#17435,"LUBUK KEMILING, KEDATON PENINJAUAN RAYA, OGAN KOMERING ULU, SUMATERA SELATAN",3,71,95,166
https://kawalpemilu.org#17441,"BUNGLAI, KEDATON PENINJAUAN RAYA, OGAN KOMERING ULU, SUMATERA SELATAN",1,37,145,182
https://kawalpemilu.org#17441,"BUNGLAI, KEDATON PENINJAUAN RAYA, OGAN KOMERING ULU, SUMATERA SELATAN",2,19,157,176
https://kawalpemilu.org#17441,"BUNGLAI, KEDATON PENINJAUAN RAYA, OGAN KOMERING ULU, SUMATERA SELATAN",3,18,174,192
https://kawalpemilu.org#17441,"BUNGLAI, KEDATON PENINJAUAN RAYA, OGAN KOMERING ULU, SUMATERA SELATAN",4,10,167,177
https://kawalpemilu.org#17441,"BUNGLAI, KEDATON PENINJAUAN RAYA, OGAN KOMERING ULU, SUMATERA SELATAN",5,10,169,179
https://kawalpemilu.org#17441,"BUNGLAI, KEDATON PENINJAUAN RAYA, OGAN KOMERING ULU, SUMATERA SELATAN",6,13,174,187
https://kawalpemilu.org#17441,"BUNGLAI, KEDATON PENINJAUAN RAYA, OGAN KOMERING ULU, SUMATERA SELATAN",7,25,146,171
https://kawalpemilu.org#17441,"BUNGLAI, KEDATON PENINJAUAN RAYA, OGAN KOMERING ULU, SUMATERA SELATAN",8,17,86,1
https://kawalpemilu.org#17442,"KEDATON, KEDATON PENINJAUAN RAYA, OGAN KOMERING ULU, SUMATERA SELATAN",1,34,145,179
https://kawalpemilu.org#17442,"KEDATON, KEDATON PENINJAUAN RAYA, OGAN KOMERING ULU, SUMATERA SELATAN",2,29,173,202
https://kawalpemilu.org#17442,"KEDATON, KEDATON PENINJAUAN RAYA, OGAN KOMERING ULU, SUMATERA SELATAN",3,36,181,217
https://kawalpemilu.org#17442,"KEDATON, KEDATON PENINJAUAN RAYA, OGAN KOMERING ULU, SUMATERA SELATAN",4,27,180,207
https://kawalpemilu.org#17442,"KEDATON, KEDATON PENINJAUAN RAYA, OGAN KOMERING ULU, SUMATERA SELATAN",5,26,179,205
https://kawalpemilu.org#17442,"KEDATON, KEDATON PENINJAUAN RAYA, OGAN KOMERING ULU, SUMATERA SELATAN",6,21,154,175
https://kawalpemilu.org#17442,"KEDATON, KEDATON PENINJAUAN RAYA, OGAN KOMERING ULU, SUMATERA SELATAN",7,20,158,178
https://kawalpemilu.org#17442,"KEDATON, KEDATON PENINJAUAN RAYA, OGAN KOMERING ULU, SUMATERA SELATAN",8,39,144,183
https://kawalpemilu.org#17442,"KEDATON, KEDATON PENINJAUAN RAYA, OGAN KOMERING ULU, SUMATERA SELATAN",9,31,145,176
https://kawalpemilu.org#17442,"KEDATON, KEDATON PENINJAUAN RAYA, OGAN KOMERING ULU, SUMATERA SELATAN",10,29,159,188
https://kawalpemilu.org#17442,"KEDATON, KEDATON PENINJAUAN RAYA, OGAN KOMERING ULU, SUMATERA SELATAN",11,42,102,144
https://kawalpemilu.org#17442,"KEDATON, KEDATON PENINJAUAN RAYA, OGAN KOMERING ULU, SUMATERA SELATAN",12,23,116,139
https://kawalpemilu.org#17443,"RANTAU PANJANG, KEDATON PENINJAUAN RAYA, OGAN KOMERING ULU, SUMATERA SELATAN",1,38,129,167
https://kawalpemilu.org#17444,"KAMPAI, KEDATON PENINJAUAN RAYA, OGAN KOMERING ULU, SUMATERA SELATAN",2,15,189,204
https://kawalpemilu.org#17445,"SUKA PINDAH, KEDATON PENINJAUAN RAYA, OGAN KOMERING ULU, SUMATERA SELATAN",1,24,165,189
https://kawalpemilu.org#17445,"SUKA PINDAH, KEDATON PENINJAUAN RAYA, OGAN KOMERING ULU, SUMATERA SELATAN",2,28,180,208
https://kawalpemilu.org#17445,"SUKA PINDAH, KEDATON PENINJAUAN RAYA, OGAN KOMERING ULU, SUMATERA SELATAN",3,34,155,189
https://kawalpemilu.org#17445,"SUKA PINDAH, KEDATON PENINJAUAN RAYA, OGAN KOMERING ULU, SUMATERA SELATAN",4,33,167,200
https://kawalpemilu.org#17445,"SUKA PINDAH, KEDATON PENINJAUAN RAYA, OGAN KOMERING ULU, SUMATERA SELATAN",5,27,135,162
https://kawalpemilu.org#17445,"SUKA PINDAH, KEDATON PENINJAUAN RAYA, OGAN KOMERING ULU, SUMATERA SELATAN",6,28,158,186
https://kawalpemilu.org#17445,"SUKA PINDAH, KEDATON PENINJAUAN RAYA, OGAN KOMERING ULU, SUMATERA SELATAN",7,49,77,126
https://kawalpemilu.org#17453,"SINAR KEDATON, KEDATON PENINJAUAN RAYA, OGAN KOMERING ULU, SUMATERA SELATAN",1,43,100,143
https://kawalpemilu.org#17453,"SINAR KEDATON, KEDATON PENINJAUAN RAYA, OGAN KOMERING ULU, SUMATERA SELATAN",2,27,110,137
https://kawalpemilu.org#17453,"SINAR KEDATON, KEDATON PENINJAUAN RAYA, OGAN KOMERING ULU, SUMATERA SELATAN",3,20,97,117
https://kawalpemilu.org#17453,"SINAR KEDATON, KEDATON PENINJAUAN RAYA, OGAN KOMERING ULU, SUMATERA SELATAN",4,20,100,120
https://kawalpemilu.org#17453,"SINAR KEDATON, KEDATON PENINJAUAN RAYA, OGAN KOMERING ULU, SUMATERA SELATAN",5,35,84,119
https://kawalpemilu.org#17453,"SINAR KEDATON, KEDATON PENINJAUAN RAYA, OGAN KOMERING ULU, SUMATERA SELATAN",6,25,83,108
https://kawalpemilu.org#17453,"SINAR KEDATON, KEDATON PENINJAUAN RAYA, OGAN KOMERING ULU, SUMATERA SELATAN",7,32,107,139
https://kawalpemilu.org#17453,"SINAR KEDATON, KEDATON PENINJAUAN RAYA, OGAN KOMERING ULU, SUMATERA SELATAN",8,39,115,154
https://kawalpemilu.org#17454,"KEDATON TIMUR, KEDATON PENINJAUAN RAYA, OGAN KOMERING ULU, SUMATERA SELATAN",1,33,91,124
https://kawalpemilu.org#17454,"KEDATON TIMUR, KEDATON PENINJAUAN RAYA, OGAN KOMERING ULU, SUMATERA SELATAN",2,110,69,179
https://kawalpemilu.org#17454,"KEDATON TIMUR, KEDATON PENINJAUAN RAYA, OGAN KOMERING ULU, SUMATERA SELATAN",3,41,69,110
https://kawalpemilu.org#17454,"KEDATON TIMUR, KEDATON PENINJAUAN RAYA, OGAN KOMERING ULU, SUMATERA SELATAN",4,59,44,103
https://kawalpemilu.org#17454,"KEDATON TIMUR, KEDATON PENINJAUAN RAYA, OGAN KOMERING ULU, SUMATERA SELATAN",5,71,136,207
https://kawalpemilu.org#17454,"KEDATON TIMUR, KEDATON PENINJAUAN RAYA, OGAN KOMERING ULU, SUMATERA SELATAN",6,33,91,124
https://kawalpemilu.org#17454,"KEDATON TIMUR, KEDATON PENINJAUAN RAYA, OGAN KOMERING ULU, SUMATERA SELATAN",7,35,83,118
https://kawalpemilu.org#17572,"ULAK KAPAL, TANJUNG LUBUK, OGAN KOMERING ILIR, SUMATERA SELATAN",1,50,198,248
https://kawalpemilu.org#17572,"ULAK KAPAL, TANJUNG LUBUK, OGAN KOMERING ILIR, SUMATERA SELATAN",2,41,177,218
https://kawalpemilu.org#17572,"ULAK KAPAL, TANJUNG LUBUK, OGAN KOMERING ILIR, SUMATERA SELATAN",3,40,107,147
https://kawalpemilu.org#17572,"ULAK KAPAL, TANJUNG LUBUK, OGAN KOMERING ILIR, SUMATERA SELATAN",4,51,143,194
https://kawalpemilu.org#17572,"ULAK KAPAL, TANJUNG LUBUK, OGAN KOMERING ILIR, SUMATERA SELATAN",5,34,174,208
https://kawalpemilu.org#17572,"ULAK KAPAL, TANJUNG LUBUK, OGAN KOMERING ILIR, SUMATERA SELATAN",6,34,174,208
https://kawalpemilu.org#17572,"ULAK KAPAL, TANJUNG LUBUK, OGAN KOMERING ILIR, SUMATERA SELATAN",7,77,161,238
https://kawalpemilu.org#17573,"TANJUNG MERINDU, TANJUNG LUBUK, OGAN KOMERING ILIR, SUMATERA SELATAN",1,51,171,222
https://kawalpemilu.org#17573,"TANJUNG MERINDU, TANJUNG LUBUK, OGAN KOMERING ILIR, SUMATERA SELATAN",2,42,157,199
https://kawalpemilu.org#17573,"TANJUNG MERINDU, TANJUNG LUBUK, OGAN KOMERING ILIR, SUMATERA SELATAN",3,67,141,208
https://kawalpemilu.org#17574,"TANJUNG BARU, TANJUNG LUBUK, OGAN KOMERING ILIR, SUMATERA SELATAN",1,64,165,229
https://kawalpemilu.org#17574,"TANJUNG BARU, TANJUNG LUBUK, OGAN KOMERING ILIR, SUMATERA SELATAN",2,36,170,206
https://kawalpemilu.org#17574,"TANJUNG BARU, TANJUNG LUBUK, OGAN KOMERING ILIR, SUMATERA SELATAN",3,52,188,240
https://kawalpemilu.org#17574,"TANJUNG BARU, TANJUNG LUBUK, OGAN KOMERING ILIR, SUMATERA SELATAN",4,34,212,246
https://kawalpemilu.org#17574,"TANJUNG BARU, TANJUNG LUBUK, OGAN KOMERING ILIR, SUMATERA SELATAN",5,18,146,164
https://kawalpemilu.org#17574,"TANJUNG BARU, TANJUNG LUBUK, OGAN KOMERING ILIR, SUMATERA SELATAN",6,20,161,181
https://kawalpemilu.org#17575,"SERITANJUNG, TANJUNG LUBUK, OGAN KOMERING ILIR, SUMATERA SELATAN",1,35,127,162
https://kawalpemilu.org#17575,"SERITANJUNG, TANJUNG LUBUK, OGAN KOMERING ILIR, SUMATERA SELATAN",2,24,119,143
https://kawalpemilu.org#17575,"SERITANJUNG, TANJUNG LUBUK, OGAN KOMERING ILIR, SUMATERA SELATAN",3,40,187,227
https://kawalpemilu.org#17575,"SERITANJUNG, TANJUNG LUBUK, OGAN KOMERING ILIR, SUMATERA SELATAN",4,26,153,179
https://kawalpemilu.org#17575,"SERITANJUNG, TANJUNG LUBUK, OGAN KOMERING ILIR, SUMATERA SELATAN",5,24,192,216
https://kawalpemilu.org#17576,"PENGARAIAN, TANJUNG LUBUK, OGAN KOMERING ILIR, SUMATERA SELATAN",1,19,226,245
https://kawalpemilu.org#17576,"PENGARAIAN, TANJUNG LUBUK, OGAN KOMERING ILIR, SUMATERA SELATAN",2,10,227,237
https://kawalpemilu.org#17576,"PENGARAIAN, TANJUNG LUBUK, OGAN KOMERING ILIR, SUMATERA SELATAN",3,22,202,224
https://kawalpemilu.org#17576,"PENGARAIAN, TANJUNG LUBUK, OGAN KOMERING ILIR, SUMATERA SELATAN",4,38,191,229
https://kawalpemilu.org#17576,"PENGARAIAN, TANJUNG LUBUK, OGAN KOMERING ILIR, SUMATERA SELATAN",5,12,239,251
https://kawalpemilu.org#17576,"PENGARAIAN, TANJUNG LUBUK, OGAN KOMERING ILIR, SUMATERA SELATAN",6,28,195,223
https://kawalpemilu.org#17576,"PENGARAIAN, TANJUNG LUBUK, OGAN KOMERING ILIR, SUMATERA SELATAN",7,28,207,235
https://kawalpemilu.org#17576,"PENGARAIAN, TANJUNG LUBUK, OGAN KOMERING ILIR, SUMATERA SELATAN",8,42,200,242
https://kawalpemilu.org#17576,"PENGARAIAN, TANJUNG LUBUK, OGAN KOMERING ILIR, SUMATERA SELATAN",9,28,201,229
https://kawalpemilu.org#17576,"PENGARAIAN, TANJUNG LUBUK, OGAN KOMERING ILIR, SUMATERA SELATAN",10,17,193,210
https://kawalpemilu.org#17576,"PENGARAIAN, TANJUNG LUBUK, OGAN KOMERING ILIR, SUMATERA SELATAN",11,13,235,248
https://kawalpemilu.org#17577,"SUKARAMI, TANJUNG LUBUK, OGAN KOMERING ILIR, SUMATERA SELATAN",1,67,173,240
https://kawalpemilu.org#17577,"SUKARAMI, TANJUNG LUBUK, OGAN KOMERING ILIR, SUMATERA SELATAN",2,74,137,211
https://kawalpemilu.org#17577,"SUKARAMI, TANJUNG LUBUK, OGAN KOMERING ILIR, SUMATERA SELATAN",3,57,137,194
https://kawalpemilu.org#17577,"SUKARAMI, TANJUNG LUBUK, OGAN KOMERING ILIR, SUMATERA SELATAN",4,28,166,194
https://kawalpemilu.org#17578,"SUKAMULYA, TANJUNG LUBUK, OGAN KOMERING ILIR, SUMATERA SELATAN",1,41,104,145
https://kawalpemilu.org#17579,"PULAU GEMANTUNG, TANJUNG LUBUK, OGAN KOMERING ILIR, SUMATERA SELATAN",1,26,168,194
https://kawalpemilu.org#17579,"PULAU GEMANTUNG, TANJUNG LUBUK, OGAN KOMERING ILIR, SUMATERA SELATAN",2,25,156,181
https://kawalpemilu.org#17579,"PULAU GEMANTUNG, TANJUNG LUBUK, OGAN KOMERING ILIR, SUMATERA SELATAN",3,15,172,187
https://kawalpemilu.org#17579,"PULAU GEMANTUNG, TANJUNG LUBUK, OGAN KOMERING ILIR, SUMATERA SELATAN",4,9,223,232
https://kawalpemilu.org#17579,"PULAU GEMANTUNG, TANJUNG LUBUK, OGAN KOMERING ILIR, SUMATERA SELATAN",5,31,206,237
https://kawalpemilu.org#17580,"TANJUNG LUBUK, TANJUNG LUBUK, OGAN KOMERING ILIR, SUMATERA SELATAN",1,28,124,154
https://kawalpemilu.org#17580,"TANJUNG LUBUK, TANJUNG LUBUK, OGAN KOMERING ILIR, SUMATERA SELATAN",2,26,102,128
https://kawalpemilu.org#17580,"TANJUNG LUBUK, TANJUNG LUBUK, OGAN KOMERING ILIR, SUMATERA SELATAN",3,68,119,187
https://kawalpemilu.org#17580,"TANJUNG LUBUK, TANJUNG LUBUK, OGAN KOMERING ILIR, SUMATERA SELATAN",4,67,136,203
https://kawalpemilu.org#17580,"TANJUNG LUBUK, TANJUNG LUBUK, OGAN KOMERING ILIR, SUMATERA SELATAN",5,64,114,178
https://kawalpemilu.org#17580,"TANJUNG LUBUK, TANJUNG LUBUK, OGAN KOMERING ILIR, SUMATERA SELATAN",6,39,148,187
https://kawalpemilu.org#17580,"TANJUNG LUBUK, TANJUNG LUBUK, OGAN KOMERING ILIR, SUMATERA SELATAN",7,41,119,160
https://kawalpemilu.org#17580,"TANJUNG LUBUK, TANJUNG LUBUK, OGAN KOMERING ILIR, SUMATERA SELATAN",8,36,122,158
https://kawalpemilu.org#17581,"BUMIAGUNG, TANJUNG LUBUK, OGAN KOMERING ILIR, SUMATERA SELATAN",1,26,186,212
https://kawalpemilu.org#17581,"BUMIAGUNG, TANJUNG LUBUK, OGAN KOMERING ILIR, SUMATERA SELATAN",2,19,124,143
https://kawalpemilu.org#17581,"BUMIAGUNG, TANJUNG LUBUK, OGAN KOMERING ILIR, SUMATERA SELATAN",3,19,181,200
https://kawalpemilu.org#17582,"KOTABUMI, TANJUNG LUBUK, OGAN KOMERING ILIR, SUMATERA SELATAN",1,87,147,234
https://kawalpemilu.org#17582,"KOTABUMI, TANJUNG LUBUK, OGAN KOMERING ILIR, SUMATERA SELATAN",2,21,128,149
https://kawalpemilu.org#17582,"KOTABUMI, TANJUNG LUBUK, OGAN KOMERING ILIR, SUMATERA SELATAN",3,35,183,218
https://kawalpemilu.org#17582,"KOTABUMI, TANJUNG LUBUK, OGAN KOMERING ILIR, SUMATERA SELATAN",4,47,173,220
https://kawalpemilu.org#17583,"TANJUNG BERINGIN, TANJUNG LUBUK, OGAN KOMERING ILIR, SUMATERA SELATAN",1,36,203,239
https://kawalpemilu.org#17583,"TANJUNG BERINGIN, TANJUNG LUBUK, OGAN KOMERING ILIR, SUMATERA SELATAN",2,36,199,235
https://kawalpemilu.org#17583,"TANJUNG BERINGIN, TANJUNG LUBUK, OGAN KOMERING ILIR, SUMATERA SELATAN",3,34,199,233
https://kawalpemilu.org#17583,"TANJUNG BERINGIN, TANJUNG LUBUK, OGAN KOMERING ILIR, SUMATERA SELATAN",4,82,148,230
https://kawalpemilu.org#17584,"TANJUNG LAGA, TANJUNG LUBUK, OGAN KOMERING ILIR, SUMATERA SELATAN",1,28,141,169
https://kawalpemilu.org#17584,"TANJUNG LAGA, TANJUNG LUBUK, OGAN KOMERING ILIR, SUMATERA SELATAN",2,17,162,179
https://kawalpemilu.org#17585,"TANJUNG LAUT, TANJUNG LUBUK, OGAN KOMERING ILIR, SUMATERA SELATAN",1,12,176,188
https://kawalpemilu.org#17585,"TANJUNG LAUT, TANJUNG LUBUK, OGAN KOMERING ILIR, SUMATERA SELATAN",2,48,194,242
https://kawalpemilu.org#17585,"TANJUNG LAUT, TANJUNG LUBUK, OGAN KOMERING ILIR, SUMATERA SELATAN",3,10,112,122
https://kawalpemilu.org#17586,"ULAK BALAM, TANJUNG LUBUK, OGAN KOMERING ILIR, SUMATERA SELATAN",1,21,222,243
https://kawalpemilu.org#17586,"ULAK BALAM, TANJUNG LUBUK, OGAN KOMERING ILIR, SUMATERA SELATAN",2,29,217,246
https://kawalpemilu.org#17586,"ULAK BALAM, TANJUNG LUBUK, OGAN KOMERING ILIR, SUMATERA SELATAN",3,17,160,177
https://kawalpemilu.org#17586,"ULAK BALAM, TANJUNG LUBUK, OGAN KOMERING ILIR, SUMATERA SELATAN",4,8,123,131
https://kawalpemilu.org#17587,"JAMBU ILIR, TANJUNG LUBUK, OGAN KOMERING ILIR, SUMATERA SELATAN",1,24,190,214
https://kawalpemilu.org#17587,"JAMBU ILIR, TANJUNG LUBUK, OGAN KOMERING ILIR, SUMATERA SELATAN",2,28,171,199
https://kawalpemilu.org#17587,"JAMBU ILIR, TANJUNG LUBUK, OGAN KOMERING ILIR, SUMATERA SELATAN",3,26,163,189
https://kawalpemilu.org#17587,"JAMBU ILIR, TANJUNG LUBUK, OGAN KOMERING ILIR, SUMATERA SELATAN",4,13,148,161
https://kawalpemilu.org#17587,"JAMBU ILIR, TANJUNG LUBUK, OGAN KOMERING ILIR, SUMATERA SELATAN",5,19,147,166
https://kawalpemilu.org#17587,"JAMBU ILIR, TANJUNG LUBUK, OGAN KOMERING ILIR, SUMATERA SELATAN",6,27,180,207
https://kawalpemilu.org#17588,"JUKDADAK, TANJUNG LUBUK, OGAN KOMERING ILIR, SUMATERA SELATAN",1,18,173,191
https://kawalpemilu.org#17588,"JUKDADAK, TANJUNG LUBUK, OGAN KOMERING ILIR, SUMATERA SELATAN",2,39,219,258
https://kawalpemilu.org#17588,"JUKDADAK, TANJUNG LUBUK, OGAN KOMERING ILIR, SUMATERA SELATAN",3,31,162,193
https://kawalpemilu.org#91876,"ATAR BALAM, TANJUNG LUBUK, OGAN KOMERING ILIR, SUMATERA SELATAN",1,10,130,140
https://kawalpemilu.org#91876,"ATAR BALAM, TANJUNG LUBUK, OGAN KOMERING ILIR, SUMATERA SELATAN",2,9,121,130
https://kawalpemilu.org#91877,"PULAU GEMANTUNG ILIR, TANJUNG LUBUK, OGAN KOMERING ILIR, SUMATERA SELATAN",1,19,177,196
https://kawalpemilu.org#91877,"PULAU GEMANTUNG ILIR, TANJUNG LUBUK, OGAN KOMERING ILIR, SUMATERA SELATAN",2,19,187,206
https://kawalpemilu.org#91877,"PULAU GEMANTUNG ILIR, TANJUNG LUBUK, OGAN KOMERING ILIR, SUMATERA SELATAN",3,11,158,169
https://kawalpemilu.org#91877,"PULAU GEMANTUNG ILIR, TANJUNG LUBUK, OGAN KOMERING ILIR, SUMATERA SELATAN",4,13,172,185
https://kawalpemilu.org#91877,"PULAU GEMANTUNG ILIR, TANJUNG LUBUK, OGAN KOMERING ILIR, SUMATERA SELATAN",5,12,151,163
https://kawalpemilu.org#91878,"PULAU GEMANTUNG ULU, TANJUNG LUBUK, OGAN KOMERING ILIR, SUMATERA SELATAN",1,38,214,252
https://kawalpemilu.org#91878,"PULAU GEMANTUNG ULU, TANJUNG LUBUK, OGAN KOMERING ILIR, SUMATERA SELATAN",2,45,200,245
https://kawalpemilu.org#91878,"PULAU GEMANTUNG ULU, TANJUNG LUBUK, OGAN KOMERING ILIR, SUMATERA SELATAN",3,91,171,262
https://kawalpemilu.org#91878,"PULAU GEMANTUNG ULU, TANJUNG LUBUK, OGAN KOMERING ILIR, SUMATERA SELATAN",4,69,181,250
https://kawalpemilu.org#91879,"PULAU GEMANTUNG DARAT, TANJUNG LUBUK, OGAN KOMERING ILIR, SUMATERA SELATAN",1,26,143,169
https://kawalpemilu.org#91879,"PULAU GEMANTUNG DARAT, TANJUNG LUBUK, OGAN KOMERING ILIR, SUMATERA SELATAN",2,37,96,133
https://kawalpemilu.org#927873,"TANJUNG HARAPAN, TANJUNG LUBUK, OGAN KOMERING ILIR, SUMATERA SELATAN",1,47,138,185
https://kawalpemilu.org#927873,"TANJUNG HARAPAN, TANJUNG LUBUK, OGAN KOMERING ILIR, SUMATERA SELATAN",2,33,175,208
https://kawalpemilu.org#927873,"TANJUNG HARAPAN, TANJUNG LUBUK, OGAN KOMERING ILIR, SUMATERA SELATAN",3,45,112,157
https://kawalpemilu.org#927873,"TANJUNG HARAPAN, TANJUNG LUBUK, OGAN KOMERING ILIR, SUMATERA SELATAN",4,36,106,142
https://kawalpemilu.org#17594,"PEDAMARAN VI, PEDAMARAN, OGAN KOMERING ILIR, SUMATERA SELATAN",1,96,71,167
https://kawalpemilu.org#17594,"PEDAMARAN VI, PEDAMARAN, OGAN KOMERING ILIR, SUMATERA SELATAN",2,87,71,158
https://kawalpemilu.org#17594,"PEDAMARAN VI, PEDAMARAN, OGAN KOMERING ILIR, SUMATERA SELATAN",3,90,56,146
https://kawalpemilu.org#17594,"PEDAMARAN VI, PEDAMARAN, OGAN KOMERING ILIR, SUMATERA SELATAN",4,106,118,224
https://kawalpemilu.org#17594,"PEDAMARAN VI, PEDAMARAN, OGAN KOMERING ILIR, SUMATERA SELATAN",5,149,83,232
https://kawalpemilu.org#17594,"PEDAMARAN VI, PEDAMARAN, OGAN KOMERING ILIR, SUMATERA SELATAN",6,97,86,183
https://kawalpemilu.org#17594,"PEDAMARAN VI, PEDAMARAN, OGAN KOMERING ILIR, SUMATERA SELATAN",7,113,66,179
https://kawalpemilu.org#17594,"PEDAMARAN VI, PEDAMARAN, OGAN KOMERING ILIR, SUMATERA SELATAN",8,76,65,141
https://kawalpemilu.org#17594,"PEDAMARAN VI, PEDAMARAN, OGAN KOMERING ILIR, SUMATERA SELATAN",9,139,33,172
https://kawalpemilu.org#17594,"PEDAMARAN VI, PEDAMARAN, OGAN KOMERING ILIR, SUMATERA SELATAN",10,99,46,145
https://kawalpemilu.org#17594,"PEDAMARAN VI, PEDAMARAN, OGAN KOMERING ILIR, SUMATERA SELATAN",11,139,46,187
https://kawalpemilu.org#17594,"PEDAMARAN VI, PEDAMARAN, OGAN KOMERING ILIR, SUMATERA SELATAN",12,89,59,148
https://kawalpemilu.org#17594,"PEDAMARAN VI, PEDAMARAN, OGAN KOMERING ILIR, SUMATERA SELATAN",13,102,52,154
https://kawalpemilu.org#17594,"PEDAMARAN VI, PEDAMARAN, OGAN KOMERING ILIR, SUMATERA SELATAN",14,128,88,216
https://kawalpemilu.org#17594,"PEDAMARAN VI, PEDAMARAN, OGAN KOMERING ILIR, SUMATERA SELATAN",15,130,85,215
https://kawalpemilu.org#17594,"PEDAMARAN VI, PEDAMARAN, OGAN KOMERING ILIR, SUMATERA SELATAN",16,168,96,264
https://kawalpemilu.org#17594,"PEDAMARAN VI, PEDAMARAN, OGAN KOMERING ILIR, SUMATERA SELATAN",17,112,96,208
https://kawalpemilu.org#17594,"PEDAMARAN VI, PEDAMARAN, OGAN KOMERING ILIR, SUMATERA SELATAN",18,117,77,194
https://kawalpemilu.org#17594,"PEDAMARAN VI, PEDAMARAN, OGAN KOMERING ILIR, SUMATERA SELATAN",19,99,74,173
https://kawalpemilu.org#17594,"PEDAMARAN VI, PEDAMARAN, OGAN KOMERING ILIR, SUMATERA SELATAN",20,145,48,193
https://kawalpemilu.org#17594,"PEDAMARAN VI, PEDAMARAN, OGAN KOMERING ILIR, SUMATERA SELATAN",21,93,50,143
https://kawalpemilu.org#17594,"PEDAMARAN VI, PEDAMARAN, OGAN KOMERING ILIR, SUMATERA SELATAN",22,76,27,103
https://kawalpemilu.org#17595,"PEDAMARAN V, PEDAMARAN, OGAN KOMERING ILIR, SUMATERA SELATAN",1,121,54,175
https://kawalpemilu.org#17595,"PEDAMARAN V, PEDAMARAN, OGAN KOMERING ILIR, SUMATERA SELATAN",2,146,38,184
https://kawalpemilu.org#17595,"PEDAMARAN V, PEDAMARAN, OGAN KOMERING ILIR, SUMATERA SELATAN",3,181,52,233
https://kawalpemilu.org#17595,"PEDAMARAN V, PEDAMARAN, OGAN KOMERING ILIR, SUMATERA SELATAN",4,139,40,179
https://kawalpemilu.org#17595,"PEDAMARAN V, PEDAMARAN, OGAN KOMERING ILIR, SUMATERA SELATAN",5,159,57,216
https://kawalpemilu.org#17595,"PEDAMARAN V, PEDAMARAN, OGAN KOMERING ILIR, SUMATERA SELATAN",6,109,64,173
https://kawalpemilu.org#17595,"PEDAMARAN V, PEDAMARAN, OGAN KOMERING ILIR, SUMATERA SELATAN",7,100,36,136
https://kawalpemilu.org#17595,"PEDAMARAN V, PEDAMARAN, OGAN KOMERING ILIR, SUMATERA SELATAN",8,129,33,162
https://kawalpemilu.org#17596,"PEDAMARAN IV, PEDAMARAN, OGAN KOMERING ILIR, SUMATERA SELATAN",1,108,91,199
https://kawalpemilu.org#17596,"PEDAMARAN IV, PEDAMARAN, OGAN KOMERING ILIR, SUMATERA SELATAN",2,72,45,117
https://kawalpemilu.org#17596,"PEDAMARAN IV, PEDAMARAN, OGAN KOMERING ILIR, SUMATERA SELATAN",3,179,55,234
https://kawalpemilu.org#17596,"PEDAMARAN IV, PEDAMARAN, OGAN KOMERING ILIR, SUMATERA SELATAN",4,82,42,124
https://kawalpemilu.org#17597,"PEDAMARAN III, PEDAMARAN, OGAN KOMERING ILIR, SUMATERA SELATAN",1,74,83,157
https://kawalpemilu.org#17597,"PEDAMARAN III, PEDAMARAN, OGAN KOMERING ILIR, SUMATERA SELATAN",2,73,92,165
https://kawalpemilu.org#17597,"PEDAMARAN III, PEDAMARAN, OGAN KOMERING ILIR, SUMATERA SELATAN",3,106,67,173
https://kawalpemilu.org#17597,"PEDAMARAN III, PEDAMARAN, OGAN KOMERING ILIR, SUMATERA SELATAN",4,64,72,136
https://kawalpemilu.org#17597,"PEDAMARAN III, PEDAMARAN, OGAN KOMERING ILIR, SUMATERA SELATAN",5,108,61,169
https://kawalpemilu.org#17598,"PEDAMARAN II, PEDAMARAN, OGAN KOMERING ILIR, SUMATERA SELATAN",1,103,78,181
https://kawalpemilu.org#17598,"PEDAMARAN II, PEDAMARAN, OGAN KOMERING ILIR, SUMATERA SELATAN",2,132,56,188
https://kawalpemilu.org#17598,"PEDAMARAN II, PEDAMARAN, OGAN KOMERING ILIR, SUMATERA SELATAN",3,78,63,141
https://kawalpemilu.org#17598,"PEDAMARAN II, PEDAMARAN, OGAN KOMERING ILIR, SUMATERA SELATAN",4,122,48,170
https://kawalpemilu.org#17598,"PEDAMARAN II, PEDAMARAN, OGAN KOMERING ILIR, SUMATERA SELATAN",5,125,28,153
https://kawalpemilu.org#17598,"PEDAMARAN II, PEDAMARAN, OGAN KOMERING ILIR, SUMATERA SELATAN",6,87,84,171
https://kawalpemilu.org#17599,"PEDAMARAN I, PEDAMARAN, OGAN KOMERING ILIR, SUMATERA SELATAN",1,126,64,190
https://kawalpemilu.org#17599,"PEDAMARAN I, PEDAMARAN, OGAN KOMERING ILIR, SUMATERA SELATAN",2,128,55,183
https://kawalpemilu.org#17599,"PEDAMARAN I, PEDAMARAN, OGAN KOMERING ILIR, SUMATERA SELATAN",3,142,31,173
https://kawalpemilu.org#17599,"PEDAMARAN I, PEDAMARAN, OGAN KOMERING ILIR, SUMATERA SELATAN",4,96,58,154
https://kawalpemilu.org#17599,"PEDAMARAN I, PEDAMARAN, OGAN KOMERING ILIR, SUMATERA SELATAN",5,108,72,180
https://kawalpemilu.org#17599,"PEDAMARAN I, PEDAMARAN, OGAN KOMERING ILIR, SUMATERA SELATAN",6,105,59,164
https://kawalpemilu.org#17599,"PEDAMARAN I, PEDAMARAN, OGAN KOMERING ILIR, SUMATERA SELATAN",7,76,84,160
https://kawalpemilu.org#17599,"PEDAMARAN I, PEDAMARAN, OGAN KOMERING ILIR, SUMATERA SELATAN",8,96,85,181
https://kawalpemilu.org#17599,"PEDAMARAN I, PEDAMARAN, OGAN KOMERING ILIR, SUMATERA SELATAN",9,117,71,188
https://kawalpemilu.org#17599,"PEDAMARAN I, PEDAMARAN, OGAN KOMERING ILIR, SUMATERA SELATAN",10,96,60,156
https://kawalpemilu.org#17599,"PEDAMARAN I, PEDAMARAN, OGAN KOMERING ILIR, SUMATERA SELATAN",11,87,75,162
https://kawalpemilu.org#17599,"PEDAMARAN I, PEDAMARAN, OGAN KOMERING ILIR, SUMATERA SELATAN",12,89,59,148
https://kawalpemilu.org#17599,"PEDAMARAN I, PEDAMARAN, OGAN KOMERING ILIR, SUMATERA SELATAN",13,105,39,144
https://kawalpemilu.org#17599,"PEDAMARAN I, PEDAMARAN, OGAN KOMERING ILIR, SUMATERA SELATAN",14,103,58,161
https://kawalpemilu.org#17600,"CINTA JAYA, PEDAMARAN, OGAN KOMERING ILIR, SUMATERA SELATAN",1,159,10,169
https://kawalpemilu.org#17600,"CINTA JAYA, PEDAMARAN, OGAN KOMERING ILIR, SUMATERA SELATAN",2,108,36,144
https://kawalpemilu.org#17600,"CINTA JAYA, PEDAMARAN, OGAN KOMERING ILIR, SUMATERA SELATAN",3,94,79,173
https://kawalpemilu.org#17600,"CINTA JAYA, PEDAMARAN, OGAN KOMERING ILIR, SUMATERA SELATAN",4,61,107,168
https://kawalpemilu.org#17600,"CINTA JAYA, PEDAMARAN, OGAN KOMERING ILIR, SUMATERA SELATAN",5,77,80,157
https://kawalpemilu.org#17601,"SUKADAMAI, PEDAMARAN, OGAN KOMERING ILIR, SUMATERA SELATAN",1,111,93,204
https://kawalpemilu.org#17601,"SUKADAMAI, PEDAMARAN, OGAN KOMERING ILIR, SUMATERA SELATAN",2,141,99,240
https://kawalpemilu.org#17601,"SUKADAMAI, PEDAMARAN, OGAN KOMERING ILIR, SUMATERA SELATAN",3,90,145,235
https://kawalpemilu.org#17601,"SUKADAMAI, PEDAMARAN, OGAN KOMERING ILIR, SUMATERA SELATAN",4,120,138,258
https://kawalpemilu.org#17601,"SUKADAMAI, PEDAMARAN, OGAN KOMERING ILIR, SUMATERA SELATAN",5,175,63,238
https://kawalpemilu.org#17602,"SERINANTI, PEDAMARAN, OGAN KOMERING ILIR, SUMATERA SELATAN",1,75,132,207
https://kawalpemilu.org#17602,"SERINANTI, PEDAMARAN, OGAN KOMERING ILIR, SUMATERA SELATAN",2,86,102,188
https://kawalpemilu.org#17602,"SERINANTI, PEDAMARAN, OGAN KOMERING ILIR, SUMATERA SELATAN",3,100,108,208
https://kawalpemilu.org#17602,"SERINANTI, PEDAMARAN, OGAN KOMERING ILIR, SUMATERA SELATAN",4,95,108,203
https://kawalpemilu.org#17602,"SERINANTI, PEDAMARAN, OGAN KOMERING ILIR, SUMATERA SELATAN",5,93,92,185
https://kawalpemilu.org#17602,"SERINANTI, PEDAMARAN, OGAN KOMERING ILIR, SUMATERA SELATAN",6,98,112,210
https://kawalpemilu.org#17602,"SERINANTI, PEDAMARAN, OGAN KOMERING ILIR, SUMATERA SELATAN",7,84,98,182
https://kawalpemilu.org#17602,"SERINANTI, PEDAMARAN, OGAN KOMERING ILIR, SUMATERA SELATAN",8,91,94,185
https://kawalpemilu.org#17602,"SERINANTI, PEDAMARAN, OGAN KOMERING ILIR, SUMATERA SELATAN",9,91,107,198
https://kawalpemilu.org#17603,"SUKARAJA, PEDAMARAN, OGAN KOMERING ILIR, SUMATERA SELATAN",1,108,146,254
https://kawalpemilu.org#17603,"SUKARAJA, PEDAMARAN, OGAN KOMERING ILIR, SUMATERA SELATAN",2,94,113,207
https://kawalpemilu.org#17603,"SUKARAJA, PEDAMARAN, OGAN KOMERING ILIR, SUMATERA SELATAN",3,117,92,209
https://kawalpemilu.org#17603,"SUKARAJA, PEDAMARAN, OGAN KOMERING ILIR, SUMATERA SELATAN",4,84,101,185
https://kawalpemilu.org#17603,"SUKARAJA, PEDAMARAN, OGAN KOMERING ILIR, SUMATERA SELATAN",5,111,71,182
https://kawalpemilu.org#17603,"SUKARAJA, PEDAMARAN, OGAN KOMERING ILIR, SUMATERA SELATAN",6,117,64,181
https://kawalpemilu.org#17603,"SUKARAJA, PEDAMARAN, OGAN KOMERING ILIR, SUMATERA SELATAN",7,87,91,178
https://kawalpemilu.org#17604,"BURNAI TIMUR, PEDAMARAN, OGAN KOMERING ILIR, SUMATERA SELATAN",1,132,70,202
https://kawalpemilu.org#17604,"BURNAI TIMUR, PEDAMARAN, OGAN KOMERING ILIR, SUMATERA SELATAN",2,127,99,226
https://kawalpemilu.org#17604,"BURNAI TIMUR, PEDAMARAN, OGAN KOMERING ILIR, SUMATERA SELATAN",3,170,69,239
https://kawalpemilu.org#17605,"SUKA PULIH, PEDAMARAN, OGAN KOMERING ILIR, SUMATERA SELATAN",1,167,28,195
https://kawalpemilu.org#17605,"SUKA PULIH, PEDAMARAN, OGAN KOMERING ILIR, SUMATERA SELATAN",2,195,69,264
https://kawalpemilu.org#17605,"SUKA PULIH, PEDAMARAN, OGAN KOMERING ILIR, SUMATERA SELATAN",3,238,47,285
https://kawalpemilu.org#17605,"SUKA PULIH, PEDAMARAN, OGAN KOMERING ILIR, SUMATERA SELATAN",4,137,44,181
https://kawalpemilu.org#17605,"SUKA PULIH, PEDAMARAN, OGAN KOMERING ILIR, SUMATERA SELATAN",5,165,88,253
https://kawalpemilu.org#17605,"SUKA PULIH, PEDAMARAN, OGAN KOMERING ILIR, SUMATERA SELATAN",6,227,37,264
https://kawalpemilu.org#17605,"SUKA PULIH, PEDAMARAN, OGAN KOMERING ILIR, SUMATERA SELATAN",7,210,39,249
https://kawalpemilu.org#17605,"SUKA PULIH, PEDAMARAN, OGAN KOMERING ILIR, SUMATERA SELATAN",8,178,86,264
https://kawalpemilu.org#17605,"SUKA PULIH, PEDAMARAN, OGAN KOMERING ILIR, SUMATERA SELATAN",9,178,55,233
https://kawalpemilu.org#17606,"MENANG RAYA, PEDAMARAN, OGAN KOMERING ILIR, SUMATERA SELATAN",1,102,44,146
https://kawalpemilu.org#17606,"MENANG RAYA, PEDAMARAN, OGAN KOMERING ILIR, SUMATERA SELATAN",2,91,46,137
https://kawalpemilu.org#17606,"MENANG RAYA, PEDAMARAN, OGAN KOMERING ILIR, SUMATERA SELATAN",3,131,63,194
https://kawalpemilu.org#17606,"MENANG RAYA, PEDAMARAN, OGAN KOMERING ILIR, SUMATERA SELATAN",4,129,42,171
https://kawalpemilu.org#17606,"MENANG RAYA, PEDAMARAN, OGAN KOMERING ILIR, SUMATERA SELATAN",5,59,79,138
https://kawalpemilu.org#17606,"MENANG RAYA, PEDAMARAN, OGAN KOMERING ILIR, SUMATERA SELATAN",6,167,32,199
https://kawalpemilu.org#17606,"MENANG RAYA, PEDAMARAN, OGAN KOMERING ILIR, SUMATERA SELATAN",7,125,40,165
https://kawalpemilu.org#17606,"MENANG RAYA, PEDAMARAN, OGAN KOMERING ILIR, SUMATERA SELATAN",8,101,75,176
https://kawalpemilu.org#17606,"MENANG RAYA, PEDAMARAN, OGAN KOMERING ILIR, SUMATERA SELATAN",9,137,64,201
https://kawalpemilu.org#17606,"MENANG RAYA, PEDAMARAN, OGAN KOMERING ILIR, SUMATERA SELATAN",10,128,51,179
https://kawalpemilu.org#17606,"MENANG RAYA, PEDAMARAN, OGAN KOMERING ILIR, SUMATERA SELATAN",11,149,62,211
https://kawalpemilu.org#17606,"MENANG RAYA, PEDAMARAN, OGAN KOMERING ILIR, SUMATERA SELATAN",12,91,72,163
https://kawalpemilu.org#17606,"MENANG RAYA, PEDAMARAN, OGAN KOMERING ILIR, SUMATERA SELATAN",13,119,74,193
https://kawalpemilu.org#17606,"MENANG RAYA, PEDAMARAN, OGAN KOMERING ILIR, SUMATERA SELATAN",14,133,86,219
https://kawalpemilu.org#17606,"MENANG RAYA, PEDAMARAN, OGAN KOMERING ILIR, SUMATERA SELATAN",15,121,38,159
https://kawalpemilu.org#17606,"MENANG RAYA, PEDAMARAN, OGAN KOMERING ILIR, SUMATERA SELATAN",16,130,41,171
https://kawalpemilu.org#17606,"MENANG RAYA, PEDAMARAN, OGAN KOMERING ILIR, SUMATERA SELATAN",17,85,65,150
https://kawalpemilu.org#17606,"MENANG RAYA, PEDAMARAN, OGAN KOMERING ILIR, SUMATERA SELATAN",18,107,81,188
https://kawalpemilu.org#17606,"MENANG RAYA, PEDAMARAN, OGAN KOMERING ILIR, SUMATERA SELATAN",19,115,66,181
https://kawalpemilu.org#17606,"MENANG RAYA, PEDAMARAN, OGAN KOMERING ILIR, SUMATERA SELATAN",20,135,32,167
https://kawalpemilu.org#17606,"MENANG RAYA, PEDAMARAN, OGAN KOMERING ILIR, SUMATERA SELATAN",21,133,53,186
https://kawalpemilu.org#91880,"LEBUH RARAK, PEDAMARAN, OGAN KOMERING ILIR, SUMATERA SELATAN",1,80,64,144
https://kawalpemilu.org#91880,"LEBUH RARAK, PEDAMARAN, OGAN KOMERING ILIR, SUMATERA SELATAN",2,92,61,153
https://kawalpemilu.org#91880,"LEBUH RARAK, PEDAMARAN, OGAN KOMERING ILIR, SUMATERA SELATAN",3,78,57,135
https://kawalpemilu.org#91880,"LEBUH RARAK, PEDAMARAN, OGAN KOMERING ILIR, SUMATERA SELATAN",4,81,61,142
https://kawalpemilu.org#17609,"PEMATANG PANGGANG, MESUJI, OGAN KOMERING ILIR, SUMATERA SELATAN",1,49,111,160
https://kawalpemilu.org#17609,"PEMATANG PANGGANG, MESUJI, OGAN KOMERING ILIR, SUMATERA SELATAN",2,65,88,153
https://kawalpemilu.org#17609,"PEMATANG PANGGANG, MESUJI, OGAN KOMERING ILIR, SUMATERA SELATAN",3,109,174,283
https://kawalpemilu.org#17609,"PEMATANG PANGGANG, MESUJI, OGAN KOMERING ILIR, SUMATERA SELATAN",4,72,180,252
https://kawalpemilu.org#17609,"PEMATANG PANGGANG, MESUJI, OGAN KOMERING ILIR, SUMATERA SELATAN",5,64,201,265
https://kawalpemilu.org#17609,"PEMATANG PANGGANG, MESUJI, OGAN KOMERING ILIR, SUMATERA SELATAN",6,81,119,200
https://kawalpemilu.org#17609,"PEMATANG PANGGANG, MESUJI, OGAN KOMERING ILIR, SUMATERA SELATAN",7,61,99,160
https://kawalpemilu.org#17609,"PEMATANG PANGGANG, MESUJI, OGAN KOMERING ILIR, SUMATERA SELATAN",8,27,77,104
https://kawalpemilu.org#17609,"PEMATANG PANGGANG, MESUJI, OGAN KOMERING ILIR, SUMATERA SELATAN",9,101,121,222
https://kawalpemilu.org#17610,"SUNGAI SODONG, MESUJI, OGAN KOMERING ILIR, SUMATERA SELATAN",1,93,101,194
https://kawalpemilu.org#17610,"SUNGAI SODONG, MESUJI, OGAN KOMERING ILIR, SUMATERA SELATAN",2,44,141,185
https://kawalpemilu.org#17610,"SUNGAI SODONG, MESUJI, OGAN KOMERING ILIR, SUMATERA SELATAN",3,94,38,132
https://kawalpemilu.org#17611,"PAGAR DEWA, MESUJI, OGAN KOMERING ILIR, SUMATERA SELATAN",1,0,0,0
https://kawalpemilu.org#17611,"PAGAR DEWA, MESUJI, OGAN KOMERING ILIR, SUMATERA SELATAN",2,59,64,123
https://kawalpemilu.org#17611,"PAGAR DEWA, MESUJI, OGAN KOMERING ILIR, SUMATERA SELATAN",3,86,63,149
https://kawalpemilu.org#17611,"PAGAR DEWA, MESUJI, OGAN KOMERING ILIR, SUMATERA SELATAN",4,149,18,167
https://kawalpemilu.org#17611,"PAGAR DEWA, MESUJI, OGAN KOMERING ILIR, SUMATERA SELATAN",5,61,12,73
https://kawalpemilu.org#17611,"PAGAR DEWA, MESUJI, OGAN KOMERING ILIR, SUMATERA SELATAN",6,102,13,115
https://kawalpemilu.org#17612,"SURYA ADI, MESUJI, OGAN KOMERING ILIR, SUMATERA SELATAN",1,73,66,139
https://kawalpemilu.org#17612,"SURYA ADI, MESUJI, OGAN KOMERING ILIR, SUMATERA SELATAN",2,92,108,200
https://kawalpemilu.org#17612,"SURYA ADI, MESUJI, OGAN KOMERING ILIR, SUMATERA SELATAN",3,121,77,198
https://kawalpemilu.org#17612,"SURYA ADI, MESUJI, OGAN KOMERING ILIR, SUMATERA SELATAN",4,99,133,232
https://kawalpemilu.org#17612,"SURYA ADI, MESUJI, OGAN KOMERING ILIR, SUMATERA SELATAN",5,78,117,195
https://kawalpemilu.org#17612,"SURYA ADI, MESUJI, OGAN KOMERING ILIR, SUMATERA SELATAN",6,66,116,182
https://kawalpemilu.org#17612,"SURYA ADI, MESUJI, OGAN KOMERING ILIR, SUMATERA SELATAN",7,92,117,209
https://kawalpemilu.org#17612,"SURYA ADI, MESUJI, OGAN KOMERING ILIR, SUMATERA SELATAN",8,64,100,164
https://kawalpemilu.org#17612,"SURYA ADI, MESUJI, OGAN KOMERING ILIR, SUMATERA SELATAN",9,60,125,185
https://kawalpemilu.org#17612,"SURYA ADI, MESUJI, OGAN KOMERING ILIR, SUMATERA SELATAN",10,39,94,133
https://kawalpemilu.org#17612,"SURYA ADI, MESUJI, OGAN KOMERING ILIR, SUMATERA SELATAN",11,44,103,147
https://kawalpemilu.org#17612,"SURYA ADI, MESUJI, OGAN KOMERING ILIR, SUMATERA SELATAN",12,47,134,181
https://kawalpemilu.org#17612,"SURYA ADI, MESUJI, OGAN KOMERING ILIR, SUMATERA SELATAN",13,46,119,165
https://kawalpemilu.org#17612,"SURYA ADI, MESUJI, OGAN KOMERING ILIR, SUMATERA SELATAN",14,30,160,190
https://kawalpemilu.org#17612,"SURYA ADI, MESUJI, OGAN KOMERING ILIR, SUMATERA SELATAN",15,55,138,193
https://kawalpemilu.org#17612,"SURYA ADI, MESUJI, OGAN KOMERING ILIR, SUMATERA SELATAN",16,41,142,183
https://kawalpemilu.org#17612,"SURYA ADI, MESUJI, OGAN KOMERING ILIR, SUMATERA SELATAN",17,44,139,183
https://kawalpemilu.org#17612,"SURYA ADI, MESUJI, OGAN KOMERING ILIR, SUMATERA SELATAN",18,42,170,212
https://kawalpemilu.org#17612,"SURYA ADI, MESUJI, OGAN KOMERING ILIR, SUMATERA SELATAN",19,52,148,200
https://kawalpemilu.org#17612,"SURYA ADI, MESUJI, OGAN KOMERING ILIR, SUMATERA SELATAN",20,49,153,202
https://kawalpemilu.org#17613,"MAKARTI MULYA, MESUJI, OGAN KOMERING ILIR, SUMATERA SELATAN",1,93,96,189
https://kawalpemilu.org#17613,"MAKARTI MULYA, MESUJI, OGAN KOMERING ILIR, SUMATERA SELATAN",2,99,133,232
https://kawalpemilu.org#17613,"MAKARTI MULYA, MESUJI, OGAN KOMERING ILIR, SUMATERA SELATAN",3,111,147,258
https://kawalpemilu.org#17613,"MAKARTI MULYA, MESUJI, OGAN KOMERING ILIR, SUMATERA SELATAN",4,85,154,239
https://kawalpemilu.org#17613,"MAKARTI MULYA, MESUJI, OGAN KOMERING ILIR, SUMATERA SELATAN",5,82,153,235
https://kawalpemilu.org#17613,"MAKARTI MULYA, MESUJI, OGAN KOMERING ILIR, SUMATERA SELATAN",6,129,83,212
https://kawalpemilu.org#17613,"MAKARTI MULYA, MESUJI, OGAN KOMERING ILIR, SUMATERA SELATAN",7,148,93,241
https://kawalpemilu.org#17613,"MAKARTI MULYA, MESUJI, OGAN KOMERING ILIR, SUMATERA SELATAN",8,140,113,253
https://kawalpemilu.org#17613,"MAKARTI MULYA, MESUJI, OGAN KOMERING ILIR, SUMATERA SELATAN",9,158,74,232
https://kawalpemilu.org#17613,"MAKARTI MULYA, MESUJI, OGAN KOMERING ILIR, SUMATERA SELATAN",10,138,52,190
https://kawalpemilu.org#17613,"MAKARTI MULYA, MESUJI, OGAN KOMERING ILIR, SUMATERA SELATAN",11,186,51,237
https://kawalpemilu.org#17613,"MAKARTI MULYA, MESUJI, OGAN KOMERING ILIR, SUMATERA SELATAN",12,158,56,214
https://kawalpemilu.org#17614,"MARGA BAKTI, MESUJI, OGAN KOMERING ILIR, SUMATERA SELATAN",1,80,75,155
https://kawalpemilu.org#17614,"MARGA BAKTI, MESUJI, OGAN KOMERING ILIR, SUMATERA SELATAN",2,72,146,218
https://kawalpemilu.org#17614,"MARGA BAKTI, MESUJI, OGAN KOMERING ILIR, SUMATERA SELATAN",3,66,142,208
https://kawalpemilu.org#17614,"MARGA BAKTI, MESUJI, OGAN KOMERING ILIR, SUMATERA SELATAN",4,90,109,199
https://kawalpemilu.org#17614,"MARGA BAKTI, MESUJI, OGAN KOMERING ILIR, SUMATERA SELATAN",5,81,121,202
https://kawalpemilu.org#17614,"MARGA BAKTI, MESUJI, OGAN KOMERING ILIR, SUMATERA SELATAN",6,87,120,207
https://kawalpemilu.org#17614,"MARGA BAKTI, MESUJI, OGAN KOMERING ILIR, SUMATERA SELATAN",7,64,85,149
https://kawalpemilu.org#17614,"MARGA BAKTI, MESUJI, OGAN KOMERING ILIR, SUMATERA SELATAN",8,59,129,188
https://kawalpemilu.org#17614,"MARGA BAKTI, MESUJI, OGAN KOMERING ILIR, SUMATERA SELATAN",9,66,111,177
https://kawalpemilu.org#17614,"MARGA BAKTI, MESUJI, OGAN KOMERING ILIR, SUMATERA SELATAN",10,70,144,214
https://kawalpemilu.org#17614,"MARGA BAKTI, MESUJI, OGAN KOMERING ILIR, SUMATERA SELATAN",11,75,124,199
https://kawalpemilu.org#17614,"MARGA BAKTI, MESUJI, OGAN KOMERING ILIR, SUMATERA SELATAN",12,120,101,221
https://kawalpemilu.org#17615,"JAYA BAKTI, MESUJI, OGAN KOMERING ILIR, SUMATERA SELATAN",1,46,124,170
https://kawalpemilu.org#17615,"JAYA BAKTI, MESUJI, OGAN KOMERING ILIR, SUMATERA SELATAN",2,72,123,195
https://kawalpemilu.org#17615,"JAYA BAKTI, MESUJI, OGAN KOMERING ILIR, SUMATERA SELATAN",3,92,143,235
https://kawalpemilu.org#17615,"JAYA BAKTI, MESUJI, OGAN KOMERING ILIR, SUMATERA SELATAN",4,80,97,177
https://kawalpemilu.org#17615,"JAYA BAKTI, MESUJI, OGAN KOMERING ILIR, SUMATERA SELATAN",5,0,0,0
https://kawalpemilu.org#17615,"JAYA BAKTI, MESUJI, OGAN KOMERING ILIR, SUMATERA SELATAN",6,84,130,214
https://kawalpemilu.org#17615,"JAYA BAKTI, MESUJI, OGAN KOMERING ILIR, SUMATERA SELATAN",7,29,179,208
https://kawalpemilu.org#17615,"JAYA BAKTI, MESUJI, OGAN KOMERING ILIR, SUMATERA SELATAN",8,24,172,196
https://kawalpemilu.org#17615,"JAYA BAKTI, MESUJI, OGAN KOMERING ILIR, SUMATERA SELATAN",9,21,199,220
https://kawalpemilu.org#17615,"JAYA BAKTI, MESUJI, OGAN KOMERING ILIR, SUMATERA SELATAN",10,75,114,189
https://kawalpemilu.org#17615,"JAYA BAKTI, MESUJI, OGAN KOMERING ILIR, SUMATERA SELATAN",11,83,150,233
https://kawalpemilu.org#17615,"JAYA BAKTI, MESUJI, OGAN KOMERING ILIR, SUMATERA SELATAN",12,69,116,185
https://kawalpemilu.org#17616,"SUKAMUKTI, MESUJI, OGAN KOMERING ILIR, SUMATERA SELATAN",1,77,49,126
https://kawalpemilu.org#17616,"SUKAMUKTI, MESUJI, OGAN KOMERING ILIR, SUMATERA SELATAN",2,106,42,148
https://kawalpemilu.org#17616,"SUKAMUKTI, MESUJI, OGAN KOMERING ILIR, SUMATERA SELATAN",3,123,57,180
https://kawalpemilu.org#17616,"SUKAMUKTI, MESUJI, OGAN KOMERING ILIR, SUMATERA SELATAN",4,121,63,184
https://kawalpemilu.org#17616,"SUKAMUKTI, MESUJI, OGAN KOMERING ILIR, SUMATERA SELATAN",5,94,50,144
https://kawalpemilu.org#17616,"SUKAMUKTI, MESUJI, OGAN KOMERING ILIR, SUMATERA SELATAN",6,146,56,202
https://kawalpemilu.org#17616,"SUKAMUKTI, MESUJI, OGAN KOMERING ILIR, SUMATERA SELATAN",7,154,42,196
https://kawalpemilu.org#17616,"SUKAMUKTI, MESUJI, OGAN KOMERING ILIR, SUMATERA SELATAN",8,152,49,201
https://kawalpemilu.org#17616,"SUKAMUKTI, MESUJI, OGAN KOMERING ILIR, SUMATERA SELATAN",9,144,66,210
https://kawalpemilu.org#17616,"SUKAMUKTI, MESUJI, OGAN KOMERING ILIR, SUMATERA SELATAN",10,121,51,172
https://kawalpemilu.org#17616,"SUKAMUKTI, MESUJI, OGAN KOMERING ILIR, SUMATERA SELATAN",11,145,41,186
https://kawalpemilu.org#17617,"MEKAR WANGI, MESUJI, OGAN KOMERING ILIR, SUMATERA SELATAN",1,73,69,142
https://kawalpemilu.org#17617,"MEKAR WANGI, MESUJI, OGAN KOMERING ILIR, SUMATERA SELATAN",2,104,77,181
https://kawalpemilu.org#17617,"MEKAR WANGI, MESUJI, OGAN KOMERING ILIR, SUMATERA SELATAN",3,116,57,173
https://kawalpemilu.org#17617,"MEKAR WANGI, MESUJI, OGAN KOMERING ILIR, SUMATERA SELATAN",4,94,85,179
https://kawalpemilu.org#17617,"MEKAR WANGI, MESUJI, OGAN KOMERING ILIR, SUMATERA SELATAN",5,91,78,169
https://kawalpemilu.org#17617,"MEKAR WANGI, MESUJI, OGAN KOMERING ILIR, SUMATERA SELATAN",6,87,62,149
https://kawalpemilu.org#17618,"KARYA MUKTI, MESUJI, OGAN KOMERING ILIR, SUMATERA SELATAN",1,81,108,187
https://kawalpemilu.org#17618,"KARYA MUKTI, MESUJI, OGAN KOMERING ILIR, SUMATERA SELATAN",2,79,81,160
https://kawalpemilu.org#17618,"KARYA MUKTI, MESUJI, OGAN KOMERING ILIR, SUMATERA SELATAN",3,148,28,176
https://kawalpemilu.org#17618,"KARYA MUKTI, MESUJI, OGAN KOMERING ILIR, SUMATERA SELATAN",4,114,69,183
https://kawalpemilu.org#17618,"KARYA MUKTI, MESUJI, OGAN KOMERING ILIR, SUMATERA SELATAN",5,88,80,168
https://kawalpemilu.org#17618,"KARYA MUKTI, MESUJI, OGAN KOMERING ILIR, SUMATERA SELATAN",6,117,72,189
https://kawalpemilu.org#17619,"KALIDERES, MESUJI, OGAN KOMERING ILIR, SUMATERA SELATAN",1,46,99,145
https://kawalpemilu.org#17619,"KALIDERES, MESUJI, OGAN KOMERING ILIR, SUMATERA SELATAN",2,129,90,219
https://kawalpemilu.org#17619,"KALIDERES, MESUJI, OGAN KOMERING ILIR, SUMATERA SELATAN",3,160,36,196
https://kawalpemilu.org#17619,"KALIDERES, MESUJI, OGAN KOMERING ILIR, SUMATERA SELATAN",4,129,57,186
https://kawalpemilu.org#17619,"KALIDERES, MESUJI, OGAN KOMERING ILIR, SUMATERA SELATAN",5,86,88,174
https://kawalpemilu.org#17619,"KALIDERES, MESUJI, OGAN KOMERING ILIR, SUMATERA SELATAN",6,79,57,136
https://kawalpemilu.org#17619,"KALIDERES, MESUJI, OGAN KOMERING ILIR, SUMATERA SELATAN",7,99,55,154
https://kawalpemilu.org#17620,"SUMBER DERAS, MESUJI, OGAN KOMERING ILIR, SUMATERA SELATAN",1,71,94,165
https://kawalpemilu.org#17620,"SUMBER DERAS, MESUJI, OGAN KOMERING ILIR, SUMATERA SELATAN",2,79,113,192
https://kawalpemilu.org#17620,"SUMBER DERAS, MESUJI, OGAN KOMERING ILIR, SUMATERA SELATAN",3,65,114,179
https://kawalpemilu.org#17620,"SUMBER DERAS, MESUJI, OGAN KOMERING ILIR, SUMATERA SELATAN",4,88,114,202
https://kawalpemilu.org#17621,"KEMBANG JAJAR, MESUJI, OGAN KOMERING ILIR, SUMATERA SELATAN",1,62,161,223
https://kawalpemilu.org#17621,"KEMBANG JAJAR, MESUJI, OGAN KOMERING ILIR, SUMATERA SELATAN",2,26,131,157
https://kawalpemilu.org#17621,"KEMBANG JAJAR, MESUJI, OGAN KOMERING ILIR, SUMATERA SELATAN",3,65,178,243
https://kawalpemilu.org#17622,"KOTA BARU, MESUJI, OGAN KOMERING ILIR, SUMATERA SELATAN",2,151,36,187
https://kawalpemilu.org#17622,"KOTA BARU, MESUJI, OGAN KOMERING ILIR, SUMATERA SELATAN",3,169,46,215
https://kawalpemilu.org#17833,"LABUHAN JAYA, MESUJI, OGAN KOMERING ILIR, SUMATERA SELATAN",1,58,132,190
https://kawalpemilu.org#17833,"LABUHAN JAYA, MESUJI, OGAN KOMERING ILIR, SUMATERA SELATAN",2,52,185,237
https://kawalpemilu.org#17833,"LABUHAN JAYA, MESUJI, OGAN KOMERING ILIR, SUMATERA SELATAN",3,72,174,246
https://kawalpemilu.org#17833,"LABUHAN JAYA, MESUJI, OGAN KOMERING ILIR, SUMATERA SELATAN",4,126,138,264
https://kawalpemilu.org#17833,"LABUHAN JAYA, MESUJI, OGAN KOMERING ILIR, SUMATERA SELATAN",5,207,18,225
https://kawalpemilu.org#17833,"LABUHAN JAYA, MESUJI, OGAN KOMERING ILIR, SUMATERA SELATAN",6,26,75,101
https://kawalpemilu.org#927876,"PEMATANG KASIH, MESUJI, OGAN KOMERING ILIR, SUMATERA SELATAN",1,30,202,232
https://kawalpemilu.org#927876,"PEMATANG KASIH, MESUJI, OGAN KOMERING ILIR, SUMATERA SELATAN",2,69,96,165
https://kawalpemilu.org#927876,"PEMATANG KASIH, MESUJI, OGAN KOMERING ILIR, SUMATERA SELATAN",3,57,96,153
https://kawalpemilu.org#927877,"SIDOBASUKI, MESUJI, OGAN KOMERING ILIR, SUMATERA SELATAN",1,150,80,230
https://kawalpemilu.org#927877,"SIDOBASUKI, MESUJI, OGAN KOMERING ILIR, SUMATERA SELATAN",2,175,61,236
https://kawalpemilu.org#927877,"SIDOBASUKI, MESUJI, OGAN KOMERING ILIR, SUMATERA SELATAN",3,167,10,177
https://kawalpemilu.org#17624,"JUA-JUA, KAYU AGUNG, OGAN KOMERING ILIR, SUMATERA SELATAN",1,57,125,182
https://kawalpemilu.org#17624,"JUA-JUA, KAYU AGUNG, OGAN KOMERING ILIR, SUMATERA SELATAN",2,54,130,184
https://kawalpemilu.org#17624,"JUA-JUA, KAYU AGUNG, OGAN KOMERING ILIR, SUMATERA SELATAN",3,79,144,223
https://kawalpemilu.org#17624,"JUA-JUA, KAYU AGUNG, OGAN KOMERING ILIR, SUMATERA SELATAN",4,58,101,159
https://kawalpemilu.org#17624,"JUA-JUA, KAYU AGUNG, OGAN KOMERING ILIR, SUMATERA SELATAN",5,49,164,213
https://kawalpemilu.org#17624,"JUA-JUA, KAYU AGUNG, OGAN KOMERING ILIR, SUMATERA SELATAN",6,60,141,201
https://kawalpemilu.org#17624,"JUA-JUA, KAYU AGUNG, OGAN KOMERING ILIR, SUMATERA SELATAN",8,41,149,190
https://kawalpemilu.org#17624,"JUA-JUA, KAYU AGUNG, OGAN KOMERING ILIR, SUMATERA SELATAN",9,61,145,206
https://kawalpemilu.org#17624,"JUA-JUA, KAYU AGUNG, OGAN KOMERING ILIR, SUMATERA SELATAN",10,104,145,249
https://kawalpemilu.org#17624,"JUA-JUA, KAYU AGUNG, OGAN KOMERING ILIR, SUMATERA SELATAN",11,43,118,161
https://kawalpemilu.org#17624,"JUA-JUA, KAYU AGUNG, OGAN KOMERING ILIR, SUMATERA SELATAN",12,64,202,266
https://kawalpemilu.org#17624,"JUA-JUA, KAYU AGUNG, OGAN KOMERING ILIR, SUMATERA SELATAN",13,72,158,230
https://kawalpemilu.org#17624,"JUA-JUA, KAYU AGUNG, OGAN KOMERING ILIR, SUMATERA SELATAN",14,28,105,133
https://kawalpemilu.org#17624,"JUA-JUA, KAYU AGUNG, OGAN KOMERING ILIR, SUMATERA SELATAN",15,67,169,236
https://kawalpemilu.org#17624,"JUA-JUA, KAYU AGUNG, OGAN KOMERING ILIR, SUMATERA SELATAN",16,56,206,262
https://kawalpemilu.org#17624,"JUA-JUA, KAYU AGUNG, OGAN KOMERING ILIR, SUMATERA SELATAN",17,43,151,194
https://kawalpemilu.org#17624,"JUA-JUA, KAYU AGUNG, OGAN KOMERING ILIR, SUMATERA SELATAN",18,38,114,152
https://kawalpemilu.org#17625,"KAYUAGUNG, KAYU AGUNG, OGAN KOMERING ILIR, SUMATERA SELATAN",1,101,100,201
https://kawalpemilu.org#17625,"KAYUAGUNG, KAYU AGUNG, OGAN KOMERING ILIR, SUMATERA SELATAN",2,86,88,174
https://kawalpemilu.org#17625,"KAYUAGUNG, KAYU AGUNG, OGAN KOMERING ILIR, SUMATERA SELATAN",3,83,103,186
https://kawalpemilu.org#17625,"KAYUAGUNG, KAYU AGUNG, OGAN KOMERING ILIR, SUMATERA SELATAN",4,83,76,159
https://kawalpemilu.org#17625,"KAYUAGUNG, KAYU AGUNG, OGAN KOMERING ILIR, SUMATERA SELATAN",5,142,41,183
https://kawalpemilu.org#17625,"KAYUAGUNG, KAYU AGUNG, OGAN KOMERING ILIR, SUMATERA SELATAN",6,125,32,157
https://kawalpemilu.org#17626,"SIDAKERSA, KAYU AGUNG, OGAN KOMERING ILIR, SUMATERA SELATAN",1,101,195,296
https://kawalpemilu.org#17626,"SIDAKERSA, KAYU AGUNG, OGAN KOMERING ILIR, SUMATERA SELATAN",2,84,170,254
https://kawalpemilu.org#17626,"SIDAKERSA, KAYU AGUNG, OGAN KOMERING ILIR, SUMATERA SELATAN",3,78,215,293
https://kawalpemilu.org#17626,"SIDAKERSA, KAYU AGUNG, OGAN KOMERING ILIR, SUMATERA SELATAN",4,74,140,214
https://kawalpemilu.org#17626,"SIDAKERSA, KAYU AGUNG, OGAN KOMERING ILIR, SUMATERA SELATAN",5,64,110,173
https://kawalpemilu.org#17626,"SIDAKERSA, KAYU AGUNG, OGAN KOMERING ILIR, SUMATERA SELATAN",6,57,133,190
https://kawalpemilu.org#17626,"SIDAKERSA, KAYU AGUNG, OGAN KOMERING ILIR, SUMATERA SELATAN",7,49,134,183
https://kawalpemilu.org#17626,"SIDAKERSA, KAYU AGUNG, OGAN KOMERING ILIR, SUMATERA SELATAN",8,52,149,201
https://kawalpemilu.org#17626,"SIDAKERSA, KAYU AGUNG, OGAN KOMERING ILIR, SUMATERA SELATAN",9,40,129,169
https://kawalpemilu.org#17627,"CINTARAJA, KAYU AGUNG, OGAN KOMERING ILIR, SUMATERA SELATAN",1,101,194,295
https://kawalpemilu.org#17627,"CINTARAJA, KAYU AGUNG, OGAN KOMERING ILIR, SUMATERA SELATAN",2,92,132,224
https://kawalpemilu.org#17627,"CINTARAJA, KAYU AGUNG, OGAN KOMERING ILIR, SUMATERA SELATAN",3,98,59,157
https://kawalpemilu.org#17627,"CINTARAJA, KAYU AGUNG, OGAN KOMERING ILIR, SUMATERA SELATAN",4,86,108,194
https://kawalpemilu.org#17627,"CINTARAJA, KAYU AGUNG, OGAN KOMERING ILIR, SUMATERA SELATAN",5,82,105,187
https://kawalpemilu.org#17627,"CINTARAJA, KAYU AGUNG, OGAN KOMERING ILIR, SUMATERA SELATAN",6,57,195,252
https://kawalpemilu.org#17627,"CINTARAJA, KAYU AGUNG, OGAN KOMERING ILIR, SUMATERA SELATAN",7,107,92,199
https://kawalpemilu.org#17627,"CINTARAJA, KAYU AGUNG, OGAN KOMERING ILIR, SUMATERA SELATAN",8,81,96,177
https://kawalpemilu.org#17627,"CINTARAJA, KAYU AGUNG, OGAN KOMERING ILIR, SUMATERA SELATAN",9,58,94,157
https://kawalpemilu.org#17627,"CINTARAJA, KAYU AGUNG, OGAN KOMERING ILIR, SUMATERA SELATAN",10,98,127,225
https://kawalpemilu.org#17628,"MANGUN JAYA, KAYU AGUNG, OGAN KOMERING ILIR, SUMATERA SELATAN",1,102,168,270
https://kawalpemilu.org#17628,"MANGUN JAYA, KAYU AGUNG, OGAN KOMERING ILIR, SUMATERA SELATAN",2,118,156,274
https://kawalpemilu.org#17628,"MANGUN JAYA, KAYU AGUNG, OGAN KOMERING ILIR, SUMATERA SELATAN",3,141,122,262
https://kawalpemilu.org#17628,"MANGUN JAYA, KAYU AGUNG, OGAN KOMERING ILIR, SUMATERA SELATAN",4,74,88,162
https://kawalpemilu.org#17628,"MANGUN JAYA, KAYU AGUNG, OGAN KOMERING ILIR, SUMATERA SELATAN",5,121,144,265
https://kawalpemilu.org#17628,"MANGUN JAYA, KAYU AGUNG, OGAN KOMERING ILIR, SUMATERA SELATAN",6,55,88,143
https://kawalpemilu.org#17628,"MANGUN JAYA, KAYU AGUNG, OGAN KOMERING ILIR, SUMATERA SELATAN",7,82,175,257
https://kawalpemilu.org#17629,"PAKU, KAYU AGUNG, OGAN KOMERING ILIR, SUMATERA SELATAN",1,47,113,160
https://kawalpemilu.org#17629,"PAKU, KAYU AGUNG, OGAN KOMERING ILIR, SUMATERA SELATAN",2,60,187,247
https://kawalpemilu.org#17629,"PAKU, KAYU AGUNG, OGAN KOMERING ILIR, SUMATERA SELATAN",3,75,167,243
https://kawalpemilu.org#17629,"PAKU, KAYU AGUNG, OGAN KOMERING ILIR, SUMATERA SELATAN",4,66,186,252
https://kawalpemilu.org#17629,"PAKU, KAYU AGUNG, OGAN KOMERING ILIR, SUMATERA SELATAN",5,75,150,225
https://kawalpemilu.org#17629,"PAKU, KAYU AGUNG, OGAN KOMERING ILIR, SUMATERA SELATAN",6,67,178,245
https://kawalpemilu.org#17629,"PAKU, KAYU AGUNG, OGAN KOMERING ILIR, SUMATERA SELATAN",7,18,193,211
https://kawalpemilu.org#17629,"PAKU, KAYU AGUNG, OGAN KOMERING ILIR, SUMATERA SELATAN",8,15,90,0
https://kawalpemilu.org#17630,"KEDATON, KAYU AGUNG, OGAN KOMERING ILIR, SUMATERA SELATAN",1,120,144,264
https://kawalpemilu.org#17630,"KEDATON, KAYU AGUNG, OGAN KOMERING ILIR, SUMATERA SELATAN",2,114,86,200
https://kawalpemilu.org#17630,"KEDATON, KAYU AGUNG, OGAN KOMERING ILIR, SUMATERA SELATAN",3,126,115,241
https://kawalpemilu.org#17630,"KEDATON, KAYU AGUNG, OGAN KOMERING ILIR, SUMATERA SELATAN",4,91,137,228
https://kawalpemilu.org#17630,"KEDATON, KAYU AGUNG, OGAN KOMERING ILIR, SUMATERA SELATAN",5,168,88,256
https://kawalpemilu.org#17630,"KEDATON, KAYU AGUNG, OGAN KOMERING ILIR, SUMATERA SELATAN",6,157,66,223
https://kawalpemilu.org#17630,"KEDATON, KAYU AGUNG, OGAN KOMERING ILIR, SUMATERA SELATAN",7,105,131,236
https://kawalpemilu.org#17630,"KEDATON, KAYU AGUNG, OGAN KOMERING ILIR, SUMATERA SELATAN",8,113,82,195
https://kawalpemilu.org#17630,"KEDATON, KAYU AGUNG, OGAN KOMERING ILIR, SUMATERA SELATAN",9,77,93,170
https://kawalpemilu.org#17631,"SUKADANA, KAYU AGUNG, OGAN KOMERING ILIR, SUMATERA SELATAN",1,36,131,167
https://kawalpemilu.org#17631,"SUKADANA, KAYU AGUNG, OGAN KOMERING ILIR, SUMATERA SELATAN",2,28,114,142
https://kawalpemilu.org#17631,"SUKADANA, KAYU AGUNG, OGAN KOMERING ILIR, SUMATERA SELATAN",3,74,129,203
https://kawalpemilu.org#17631,"SUKADANA, KAYU AGUNG, OGAN KOMERING ILIR, SUMATERA SELATAN",4,121,122,243
https://kawalpemilu.org#17631,"SUKADANA, KAYU AGUNG, OGAN KOMERING ILIR, SUMATERA SELATAN",5,42,196,238
https://kawalpemilu.org#17631,"SUKADANA, KAYU AGUNG, OGAN KOMERING ILIR, SUMATERA SELATAN",6,43,194,237
https://kawalpemilu.org#17631,"SUKADANA, KAYU AGUNG, OGAN KOMERING ILIR, SUMATERA SELATAN",7,46,159,205
https://kawalpemilu.org#17631,"SUKADANA, KAYU AGUNG, OGAN KOMERING ILIR, SUMATERA SELATAN",8,49,201,250
https://kawalpemilu.org#17631,"SUKADANA, KAYU AGUNG, OGAN KOMERING ILIR, SUMATERA SELATAN",9,27,168,195
https://kawalpemilu.org#17631,"SUKADANA, KAYU AGUNG, OGAN KOMERING ILIR, SUMATERA SELATAN",10,43,156,199
https://kawalpemilu.org#17631,"SUKADANA, KAYU AGUNG, OGAN KOMERING ILIR, SUMATERA SELATAN",11,51,131,182
https://kawalpemilu.org#17631,"SUKADANA, KAYU AGUNG, OGAN KOMERING ILIR, SUMATERA SELATAN",12,56,127,185
https://kawalpemilu.org#17631,"SUKADANA, KAYU AGUNG, OGAN KOMERING ILIR, SUMATERA SELATAN",13,48,115,163
https://kawalpemilu.org#17631,"SUKADANA, KAYU AGUNG, OGAN KOMERING ILIR, SUMATERA SELATAN",14,67,124,191
https://kawalpemilu.org#17631,"SUKADANA, KAYU AGUNG, OGAN KOMERING ILIR, SUMATERA SELATAN",15,47,108,155
https://kawalpemilu.org#17631,"SUKADANA, KAYU AGUNG, OGAN KOMERING ILIR, SUMATERA SELATAN",16,34,137,171
https://kawalpemilu.org#17632,"PERIGI, KAYU AGUNG, OGAN KOMERING ILIR, SUMATERA SELATAN",1,74,134,208
https://kawalpemilu.org#17632,"PERIGI, KAYU AGUNG, OGAN KOMERING ILIR, SUMATERA SELATAN",2,56,100,156
https://kawalpemilu.org#17632,"PERIGI, KAYU AGUNG, OGAN KOMERING ILIR, SUMATERA SELATAN",3,66,151,217
https://kawalpemilu.org#17633,"KOTARAYA, KAYU AGUNG, OGAN KOMERING ILIR, SUMATERA SELATAN",1,59,184,243
https://kawalpemilu.org#17633,"KOTARAYA, KAYU AGUNG, OGAN KOMERING ILIR, SUMATERA SELATAN",2,105,132,237
https://kawalpemilu.org#17633,"KOTARAYA, KAYU AGUNG, OGAN KOMERING ILIR, SUMATERA SELATAN",3,120,113,233
https://kawalpemilu.org#17633,"KOTARAYA, KAYU AGUNG, OGAN KOMERING ILIR, SUMATERA SELATAN",4,102,116,218
https://kawalpemilu.org#17633,"KOTARAYA, KAYU AGUNG, OGAN KOMERING ILIR, SUMATERA SELATAN",5,129,116,245
https://kawalpemilu.org#17633,"KOTARAYA, KAYU AGUNG, OGAN KOMERING ILIR, SUMATERA SELATAN",6,77,151,228
https://kawalpemilu.org#17633,"KOTARAYA, KAYU AGUNG, OGAN KOMERING ILIR, SUMATERA SELATAN",7,74,172,246
https://kawalpemilu.org#17633,"KOTARAYA, KAYU AGUNG, OGAN KOMERING ILIR, SUMATERA SELATAN",8,64,163,227
https://kawalpemilu.org#17633,"KOTARAYA, KAYU AGUNG, OGAN KOMERING ILIR, SUMATERA SELATAN",9,50,161,211
https://kawalpemilu.org#17633,"KOTARAYA, KAYU AGUNG, OGAN KOMERING ILIR, SUMATERA SELATAN",10,68,199,267
https://kawalpemilu.org#17633,"KOTARAYA, KAYU AGUNG, OGAN KOMERING ILIR, SUMATERA SELATAN",11,75,158,233
https://kawalpemilu.org#17633,"KOTARAYA, KAYU AGUNG, OGAN KOMERING ILIR, SUMATERA SELATAN",12,103,139,242
https://kawalpemilu.org#17633,"KOTARAYA, KAYU AGUNG, OGAN KOMERING ILIR, SUMATERA SELATAN",13,98,145,243
https://kawalpemilu.org#17633,"KOTARAYA, KAYU AGUNG, OGAN KOMERING ILIR, SUMATERA SELATAN",14,15,101,116
https://kawalpemilu.org#17634,"TANJUNG RANCING, KAYU AGUNG, OGAN KOMERING ILIR, SUMATERA SELATAN",1,59,85,144
https://kawalpemilu.org#17634,"TANJUNG RANCING, KAYU AGUNG, OGAN KOMERING ILIR, SUMATERA SELATAN",2,54,198,252
https://kawalpemilu.org#17634,"TANJUNG RANCING, KAYU AGUNG, OGAN KOMERING ILIR, SUMATERA SELATAN",4,102,144,246
https://kawalpemilu.org#17634,"TANJUNG RANCING, KAYU AGUNG, OGAN KOMERING ILIR, SUMATERA SELATAN",5,76,190,266
https://kawalpemilu.org#17634,"TANJUNG RANCING, KAYU AGUNG, OGAN KOMERING ILIR, SUMATERA SELATAN",6,25,191,216
https://kawalpemilu.org#17634,"TANJUNG RANCING, KAYU AGUNG, OGAN KOMERING ILIR, SUMATERA SELATAN",7,42,225,267
https://kawalpemilu.org#17634,"TANJUNG RANCING, KAYU AGUNG, OGAN KOMERING ILIR, SUMATERA SELATAN",8,39,156,195
https://kawalpemilu.org#17634,"TANJUNG RANCING, KAYU AGUNG, OGAN KOMERING ILIR, SUMATERA SELATAN",9,45,207,252
https://kawalpemilu.org#17634,"TANJUNG RANCING, KAYU AGUNG, OGAN KOMERING ILIR, SUMATERA SELATAN",10,47,167,214
https://kawalpemilu.org#17634,"TANJUNG RANCING, KAYU AGUNG, OGAN KOMERING ILIR, SUMATERA SELATAN",11,46,137,183
https://kawalpemilu.org#17635,"KIJANG ULU, KAYU AGUNG, OGAN KOMERING ILIR, SUMATERA SELATAN",1,67,155,222
https://kawalpemilu.org#17635,"KIJANG ULU, KAYU AGUNG, OGAN KOMERING ILIR, SUMATERA SELATAN",2,59,129,188
https://kawalpemilu.org#17635,"KIJANG ULU, KAYU AGUNG, OGAN KOMERING ILIR, SUMATERA SELATAN",3,98,120,218
https://kawalpemilu.org#17635,"KIJANG ULU, KAYU AGUNG, OGAN KOMERING ILIR, SUMATERA SELATAN",4,73,123,196
https://kawalpemilu.org#17635,"KIJANG ULU, KAYU AGUNG, OGAN KOMERING ILIR, SUMATERA SELATAN",5,65,124,189
https://kawalpemilu.org#17635,"KIJANG ULU, KAYU AGUNG, OGAN KOMERING ILIR, SUMATERA SELATAN",6,65,124,189
https://kawalpemilu.org#17635,"KIJANG ULU, KAYU AGUNG, OGAN KOMERING ILIR, SUMATERA SELATAN",7,43,94,137
https://kawalpemilu.org#17635,"KIJANG ULU, KAYU AGUNG, OGAN KOMERING ILIR, SUMATERA SELATAN",8,78,114,192
https://kawalpemilu.org#17635,"KIJANG ULU, KAYU AGUNG, OGAN KOMERING ILIR, SUMATERA SELATAN",9,41,132,173
https://kawalpemilu.org#17636,"MUARA BARU, KAYU AGUNG, OGAN KOMERING ILIR, SUMATERA SELATAN",1,55,129,184
https://kawalpemilu.org#17636,"MUARA BARU, KAYU AGUNG, OGAN KOMERING ILIR, SUMATERA SELATAN",2,61,115,176
https://kawalpemilu.org#17636,"MUARA BARU, KAYU AGUNG, OGAN KOMERING ILIR, SUMATERA SELATAN",3,49,158,207
https://kawalpemilu.org#17636,"MUARA BARU, KAYU AGUNG, OGAN KOMERING ILIR, SUMATERA SELATAN",4,31,91,122
https://kawalpemilu.org#17636,"MUARA BARU, KAYU AGUNG, OGAN KOMERING ILIR, SUMATERA SELATAN",5,46,109,155
https://kawalpemilu.org#17637,"TANJUNG LUBUK, KAYU AGUNG, OGAN KOMERING ILIR, SUMATERA SELATAN",1,106,84,190
https://kawalpemilu.org#17637,"TANJUNG LUBUK, KAYU AGUNG, OGAN KOMERING ILIR, SUMATERA SELATAN",3,71,112,183
https://kawalpemilu.org#17637,"TANJUNG LUBUK, KAYU AGUNG, OGAN KOMERING ILIR, SUMATERA SELATAN",4,69,119,188
https://kawalpemilu.org#17638,"ARISAN BUNTAL, KAYU AGUNG, OGAN KOMERING ILIR, SUMATERA SELATAN",1,87,103,190
https://kawalpemilu.org#17638,"ARISAN BUNTAL, KAYU AGUNG, OGAN KOMERING ILIR, SUMATERA SELATAN",2,91,94,185
https://kawalpemilu.org#17638,"ARISAN BUNTAL, KAYU AGUNG, OGAN KOMERING ILIR, SUMATERA SELATAN",3,75,103,178
https://kawalpemilu.org#17638,"ARISAN BUNTAL, KAYU AGUNG, OGAN KOMERING ILIR, SUMATERA SELATAN",4,64,119,183
https://kawalpemilu.org#17638,"ARISAN BUNTAL, KAYU AGUNG, OGAN KOMERING ILIR, SUMATERA SELATAN",5,81,117,198
https://kawalpemilu.org#17638,"ARISAN BUNTAL, KAYU AGUNG, OGAN KOMERING ILIR, SUMATERA SELATAN",6,87,113,200
https://kawalpemilu.org#17639,"CELIKAH, KAYU AGUNG, OGAN KOMERING ILIR, SUMATERA SELATAN",1,102,105,207
https://kawalpemilu.org#17639,"CELIKAH, KAYU AGUNG, OGAN KOMERING ILIR, SUMATERA SELATAN",2,93,128,221
https://kawalpemilu.org#17639,"CELIKAH, KAYU AGUNG, OGAN KOMERING ILIR, SUMATERA SELATAN",3,113,117,230
https://kawalpemilu.org#17639,"CELIKAH, KAYU AGUNG, OGAN KOMERING ILIR, SUMATERA SELATAN",4,51,105,156
https://kawalpemilu.org#17639,"CELIKAH, KAYU AGUNG, OGAN KOMERING ILIR, SUMATERA SELATAN",5,71,143,214
https://kawalpemilu.org#17639,"CELIKAH, KAYU AGUNG, OGAN KOMERING ILIR, SUMATERA SELATAN",6,72,121,193
https://kawalpemilu.org#17639,"CELIKAH, KAYU AGUNG, OGAN KOMERING ILIR, SUMATERA SELATAN",7,39,118,157
https://kawalpemilu.org#17639,"CELIKAH, KAYU AGUNG, OGAN KOMERING ILIR, SUMATERA SELATAN",8,64,155,219
https://kawalpemilu.org#17639,"CELIKAH, KAYU AGUNG, OGAN KOMERING ILIR, SUMATERA SELATAN",9,73,176,249
https://kawalpemilu.org#17639,"CELIKAH, KAYU AGUNG, OGAN KOMERING ILIR, SUMATERA SELATAN",10,51,155,206
https://kawalpemilu.org#17639,"CELIKAH, KAYU AGUNG, OGAN KOMERING ILIR, SUMATERA SELATAN",11,55,167,222
https://kawalpemilu.org#17639,"CELIKAH, KAYU AGUNG, OGAN KOMERING ILIR, SUMATERA SELATAN",12,107,140,247
https://kawalpemilu.org#17639,"CELIKAH, KAYU AGUNG, OGAN KOMERING ILIR, SUMATERA SELATAN",13,67,139,206
https://kawalpemilu.org#17640,"BANDING ANYAR, KAYU AGUNG, OGAN KOMERING ILIR, SUMATERA SELATAN",1,81,82,163
https://kawalpemilu.org#17640,"BANDING ANYAR, KAYU AGUNG, OGAN KOMERING ILIR, SUMATERA SELATAN",2,55,106,161
https://kawalpemilu.org#17640,"BANDING ANYAR, KAYU AGUNG, OGAN KOMERING ILIR, SUMATERA SELATAN",3,49,99,148
https://kawalpemilu.org#17641,"BULUH CAWANG, KAYU AGUNG, OGAN KOMERING ILIR, SUMATERA SELATAN",1,67,137,201
https://kawalpemilu.org#17641,"BULUH CAWANG, KAYU AGUNG, OGAN KOMERING ILIR, SUMATERA SELATAN",2,56,123,179
https://kawalpemilu.org#17641,"BULUH CAWANG, KAYU AGUNG, OGAN KOMERING ILIR, SUMATERA SELATAN",3,72,130,202
https://kawalpemilu.org#17641,"BULUH CAWANG, KAYU AGUNG, OGAN KOMERING ILIR, SUMATERA SELATAN",4,74,144,218
https://kawalpemilu.org#17641,"BULUH CAWANG, KAYU AGUNG, OGAN KOMERING ILIR, SUMATERA SELATAN",5,104,98,202
https://kawalpemilu.org#17642,"LUBUK DALAM, KAYU AGUNG, OGAN KOMERING ILIR, SUMATERA SELATAN",1,59,128,187
https://kawalpemilu.org#17642,"LUBUK DALAM, KAYU AGUNG, OGAN KOMERING ILIR, SUMATERA SELATAN",2,54,117,171
https://kawalpemilu.org#17642,"LUBUK DALAM, KAYU AGUNG, OGAN KOMERING ILIR, SUMATERA SELATAN",3,111,64,175
https://kawalpemilu.org#17643,"ANYAR, KAYU AGUNG, OGAN KOMERING ILIR, SUMATERA SELATAN",1,80,120,200
https://kawalpemilu.org#17643,"ANYAR, KAYU AGUNG, OGAN KOMERING ILIR, SUMATERA SELATAN",2,61,110,171
https://kawalpemilu.org#17643,"ANYAR, KAYU AGUNG, OGAN KOMERING ILIR, SUMATERA SELATAN",3,50,119,169
https://kawalpemilu.org#17643,"ANYAR, KAYU AGUNG, OGAN KOMERING ILIR, SUMATERA SELATAN",4,64,111,175
https://kawalpemilu.org#17644,"TANJUNG MENANG, KAYU AGUNG, OGAN KOMERING ILIR, SUMATERA SELATAN",1,79,142,221
https://kawalpemilu.org#17644,"TANJUNG MENANG, KAYU AGUNG, OGAN KOMERING ILIR, SUMATERA SELATAN",2,81,130,211
https://kawalpemilu.org#17644,"TANJUNG MENANG, KAYU AGUNG, OGAN KOMERING ILIR, SUMATERA SELATAN",3,128,58,186
https://kawalpemilu.org#17644,"TANJUNG MENANG, KAYU AGUNG, OGAN KOMERING ILIR, SUMATERA SELATAN",4,166,62,228
https://kawalpemilu.org#17645,"TELOKO, KAYU AGUNG, OGAN KOMERING ILIR, SUMATERA SELATAN",1,62,113,175
https://kawalpemilu.org#17645,"TELOKO, KAYU AGUNG, OGAN KOMERING ILIR, SUMATERA SELATAN",2,38,128,166
https://kawalpemilu.org#17645,"TELOKO, KAYU AGUNG, OGAN KOMERING ILIR, SUMATERA SELATAN",3,31,170,201
https://kawalpemilu.org#17645,"TELOKO, KAYU AGUNG, OGAN KOMERING ILIR, SUMATERA SELATAN",4,54,121,175
https://kawalpemilu.org#17645,"TELOKO, KAYU AGUNG, OGAN KOMERING ILIR, SUMATERA SELATAN",5,97,85,182
https://kawalpemilu.org#17645,"TELOKO, KAYU AGUNG, OGAN KOMERING ILIR, SUMATERA SELATAN",6,86,60,146
https://kawalpemilu.org#17646,"TANJUNG SERANG, KAYU AGUNG, OGAN KOMERING ILIR, SUMATERA SELATAN",1,120,58,178
https://kawalpemilu.org#17646,"TANJUNG SERANG, KAYU AGUNG, OGAN KOMERING ILIR, SUMATERA SELATAN",2,123,62,185
https://kawalpemilu.org#17646,"TANJUNG SERANG, KAYU AGUNG, OGAN KOMERING ILIR, SUMATERA SELATAN",3,123,50,173
https://kawalpemilu.org#17646,"TANJUNG SERANG, KAYU AGUNG, OGAN KOMERING ILIR, SUMATERA SELATAN",4,98,56,154
https://kawalpemilu.org#17646,"TANJUNG SERANG, KAYU AGUNG, OGAN KOMERING ILIR, SUMATERA SELATAN",5,69,88,157
https://kawalpemilu.org#17646,"TANJUNG SERANG, KAYU AGUNG, OGAN KOMERING ILIR, SUMATERA SELATAN",6,71,123,194
https://kawalpemilu.org#17646,"TANJUNG SERANG, KAYU AGUNG, OGAN KOMERING ILIR, SUMATERA SELATAN",7,78,100,178
https://kawalpemilu.org#17646,"TANJUNG SERANG, KAYU AGUNG, OGAN KOMERING ILIR, SUMATERA SELATAN",8,78,66,144
https://kawalpemilu.org#17646,"TANJUNG SERANG, KAYU AGUNG, OGAN KOMERING ILIR, SUMATERA SELATAN",9,96,82,178
https://kawalpemilu.org#17646,"TANJUNG SERANG, KAYU AGUNG, OGAN KOMERING ILIR, SUMATERA SELATAN",10,98,69,167
https://kawalpemilu.org#17646,"TANJUNG SERANG, KAYU AGUNG, OGAN KOMERING ILIR, SUMATERA SELATAN",11,97,46,143
https://kawalpemilu.org#17646,"TANJUNG SERANG, KAYU AGUNG, OGAN KOMERING ILIR, SUMATERA SELATAN",12,102,61,163
https://kawalpemilu.org#17647,"SERIGENI BARU, KAYU AGUNG, OGAN KOMERING ILIR, SUMATERA SELATAN",1,52,108,160
https://kawalpemilu.org#17647,"SERIGENI BARU, KAYU AGUNG, OGAN KOMERING ILIR, SUMATERA SELATAN",2,60,86,146
https://kawalpemilu.org#17647,"SERIGENI BARU, KAYU AGUNG, OGAN KOMERING ILIR, SUMATERA SELATAN",3,83,61,144
https://kawalpemilu.org#17647,"SERIGENI BARU, KAYU AGUNG, OGAN KOMERING ILIR, SUMATERA SELATAN",4,104,56,160
https://kawalpemilu.org#17647,"SERIGENI BARU, KAYU AGUNG, OGAN KOMERING ILIR, SUMATERA SELATAN",5,77,103,180
https://kawalpemilu.org#17647,"SERIGENI BARU, KAYU AGUNG, OGAN KOMERING ILIR, SUMATERA SELATAN",6,44,120,164
https://kawalpemilu.org#17647,"SERIGENI BARU, KAYU AGUNG, OGAN KOMERING ILIR, SUMATERA SELATAN",7,62,116,178
https://kawalpemilu.org#17648,"SERIGENI LAMA, KAYU AGUNG, OGAN KOMERING ILIR, SUMATERA SELATAN",1,93,94,187
https://kawalpemilu.org#17648,"SERIGENI LAMA, KAYU AGUNG, OGAN KOMERING ILIR, SUMATERA SELATAN",2,72,108,180
https://kawalpemilu.org#17648,"SERIGENI LAMA, KAYU AGUNG, OGAN KOMERING ILIR, SUMATERA SELATAN",3,76,112,188
https://kawalpemilu.org#17648,"SERIGENI LAMA, KAYU AGUNG, OGAN KOMERING ILIR, SUMATERA SELATAN",4,70,109,179
https://kawalpemilu.org#17648,"SERIGENI LAMA, KAYU AGUNG, OGAN KOMERING ILIR, SUMATERA SELATAN",5,83,87,170
https://kawalpemilu.org#17648,"SERIGENI LAMA, KAYU AGUNG, OGAN KOMERING ILIR, SUMATERA SELATAN",6,55,113,168
https://kawalpemilu.org#17648,"SERIGENI LAMA, KAYU AGUNG, OGAN KOMERING ILIR, SUMATERA SELATAN",7,59,110,169
https://kawalpemilu.org#17648,"SERIGENI LAMA, KAYU AGUNG, OGAN KOMERING ILIR, SUMATERA SELATAN",8,50,161,211
https://kawalpemilu.org#17648,"SERIGENI LAMA, KAYU AGUNG, OGAN KOMERING ILIR, SUMATERA SELATAN",9,55,144,199
https://kawalpemilu.org#17648,"SERIGENI LAMA, KAYU AGUNG, OGAN KOMERING ILIR, SUMATERA SELATAN",10,70,136,206
https://kawalpemilu.org#17648,"SERIGENI LAMA, KAYU AGUNG, OGAN KOMERING ILIR, SUMATERA SELATAN",11,83,96,176
https://kawalpemilu.org#17648,"SERIGENI LAMA, KAYU AGUNG, OGAN KOMERING ILIR, SUMATERA SELATAN",12,90,112,202
https://kawalpemilu.org#17648,"SERIGENI LAMA, KAYU AGUNG, OGAN KOMERING ILIR, SUMATERA SELATAN",13,73,105,178
https://kawalpemilu.org#17648,"SERIGENI LAMA, KAYU AGUNG, OGAN KOMERING ILIR, SUMATERA SELATAN",14,82,93,175
https://kawalpemilu.org#17648,"SERIGENI LAMA, KAYU AGUNG, OGAN KOMERING ILIR, SUMATERA SELATAN",15,72,91,163
https://kawalpemilu.org#17650,"TANJUNG ALAI, SIRAH PULAU PADANG, OGAN KOMERING ILIR, SUMATERA SELATAN",1,57,195,252
https://kawalpemilu.org#17650,"TANJUNG ALAI, SIRAH PULAU PADANG, OGAN KOMERING ILIR, SUMATERA SELATAN",2,36,178,214
https://kawalpemilu.org#17650,"TANJUNG ALAI, SIRAH PULAU PADANG, OGAN KOMERING ILIR, SUMATERA SELATAN",3,26,145,171
https://kawalpemilu.org#17650,"TANJUNG ALAI, SIRAH PULAU PADANG, OGAN KOMERING ILIR, SUMATERA SELATAN",4,17,158,175
https://kawalpemilu.org#17650,"TANJUNG ALAI, SIRAH PULAU PADANG, OGAN KOMERING ILIR, SUMATERA SELATAN",5,47,115,162
https://kawalpemilu.org#17650,"TANJUNG ALAI, SIRAH PULAU PADANG, OGAN KOMERING ILIR, SUMATERA SELATAN",6,89,145,234
https://kawalpemilu.org#17650,"TANJUNG ALAI, SIRAH PULAU PADANG, OGAN KOMERING ILIR, SUMATERA SELATAN",7,84,110,194
https://kawalpemilu.org#17651,"BATU AMPAR, SIRAH PULAU PADANG, OGAN KOMERING ILIR, SUMATERA SELATAN",1,47,107,154
https://kawalpemilu.org#17651,"BATU AMPAR, SIRAH PULAU PADANG, OGAN KOMERING ILIR, SUMATERA SELATAN",2,61,74,135
https://kawalpemilu.org#17651,"BATU AMPAR, SIRAH PULAU PADANG, OGAN KOMERING ILIR, SUMATERA SELATAN",3,32,116,148
https://kawalpemilu.org#17651,"BATU AMPAR, SIRAH PULAU PADANG, OGAN KOMERING ILIR, SUMATERA SELATAN",4,11,108,119
https://kawalpemilu.org#17651,"BATU AMPAR, SIRAH PULAU PADANG, OGAN KOMERING ILIR, SUMATERA SELATAN",5,46,183,229
https://kawalpemilu.org#17651,"BATU AMPAR, SIRAH PULAU PADANG, OGAN KOMERING ILIR, SUMATERA SELATAN",6,40,192,232
https://kawalpemilu.org#17652,"AWAL TERUSAN, SIRAH PULAU PADANG, OGAN KOMERING ILIR, SUMATERA SELATAN",1,65,178,243
https://kawalpemilu.org#17652,"AWAL TERUSAN, SIRAH PULAU PADANG, OGAN KOMERING ILIR, SUMATERA SELATAN",2,37,177,214
https://kawalpemilu.org#17652,"AWAL TERUSAN, SIRAH PULAU PADANG, OGAN KOMERING ILIR, SUMATERA SELATAN",3,53,202,255
https://kawalpemilu.org#17652,"AWAL TERUSAN, SIRAH PULAU PADANG, OGAN KOMERING ILIR, SUMATERA SELATAN",4,33,175,208
https://kawalpemilu.org#17652,"AWAL TERUSAN, SIRAH PULAU PADANG, OGAN KOMERING ILIR, SUMATERA SELATAN",5,32,134,166
https://kawalpemilu.org#17652,"AWAL TERUSAN, SIRAH PULAU PADANG, OGAN KOMERING ILIR, SUMATERA SELATAN",6,34,200,234
https://kawalpemilu.org#17652,"AWAL TERUSAN, SIRAH PULAU PADANG, OGAN KOMERING ILIR, SUMATERA SELATAN",7,56,182,238
https://kawalpemilu.org#17652,"AWAL TERUSAN, SIRAH PULAU PADANG, OGAN KOMERING ILIR, SUMATERA SELATAN",8,41,134,175
https://kawalpemilu.org#17652,"AWAL TERUSAN, SIRAH PULAU PADANG, OGAN KOMERING ILIR, SUMATERA SELATAN",9,75,111,186
https://kawalpemilu.org#17653,"ULAK JERMUN, SIRAH PULAU PADANG, OGAN KOMERING ILIR, SUMATERA SELATAN",1,165,65,230
https://kawalpemilu.org#17653,"ULAK JERMUN, SIRAH PULAU PADANG, OGAN KOMERING ILIR, SUMATERA SELATAN",2,132,107,239
https://kawalpemilu.org#17653,"ULAK JERMUN, SIRAH PULAU PADANG, OGAN KOMERING ILIR, SUMATERA SELATAN",3,151,55,206
https://kawalpemilu.org#17653,"ULAK JERMUN, SIRAH PULAU PADANG, OGAN KOMERING ILIR, SUMATERA SELATAN",4,116,139,255
https://kawalpemilu.org#17653,"ULAK JERMUN, SIRAH PULAU PADANG, OGAN KOMERING ILIR, SUMATERA SELATAN",5,136,43,179
https://kawalpemilu.org#17653,"ULAK JERMUN, SIRAH PULAU PADANG, OGAN KOMERING ILIR, SUMATERA SELATAN",6,117,41,158
https://kawalpemilu.org#17653,"ULAK JERMUN, SIRAH PULAU PADANG, OGAN KOMERING ILIR, SUMATERA SELATAN",7,130,75,205
https://kawalpemilu.org#17653,"ULAK JERMUN, SIRAH PULAU PADANG, OGAN KOMERING ILIR, SUMATERA SELATAN",8,120,64,184
https://kawalpemilu.org#17653,"ULAK JERMUN, SIRAH PULAU PADANG, OGAN KOMERING ILIR, SUMATERA SELATAN",9,175,61,301
https://kawalpemilu.org#17653,"ULAK JERMUN, SIRAH PULAU PADANG, OGAN KOMERING ILIR, SUMATERA SELATAN",10,194,59,253
https://kawalpemilu.org#17653,"ULAK JERMUN, SIRAH PULAU PADANG, OGAN KOMERING ILIR, SUMATERA SELATAN",11,168,42,210
https://kawalpemilu.org#17654,"MANGUN JAYA, SIRAH PULAU PADANG, OGAN KOMERING ILIR, SUMATERA SELATAN",1,133,109,242
https://kawalpemilu.org#17654,"MANGUN JAYA, SIRAH PULAU PADANG, OGAN KOMERING ILIR, SUMATERA SELATAN",2,163,48,211
https://kawalpemilu.org#17654,"MANGUN JAYA, SIRAH PULAU PADANG, OGAN KOMERING ILIR, SUMATERA SELATAN",3,128,78,206
https://kawalpemilu.org#17654,"MANGUN JAYA, SIRAH PULAU PADANG, OGAN KOMERING ILIR, SUMATERA SELATAN",4,142,55,197
https://kawalpemilu.org#17654,"MANGUN JAYA, SIRAH PULAU PADANG, OGAN KOMERING ILIR, SUMATERA SELATAN",5,80,125,205
https://kawalpemilu.org#17654,"MANGUN JAYA, SIRAH PULAU PADANG, OGAN KOMERING ILIR, SUMATERA SELATAN",6,86,102,188
https://kawalpemilu.org#17655,"TERUSAN MENANG, SIRAH PULAU PADANG, OGAN KOMERING ILIR, SUMATERA SELATAN",1,96,103,199
https://kawalpemilu.org#17655,"TERUSAN MENANG, SIRAH PULAU PADANG, OGAN KOMERING ILIR, SUMATERA SELATAN",2,76,124,200
https://kawalpemilu.org#17655,"TERUSAN MENANG, SIRAH PULAU PADANG, OGAN KOMERING ILIR, SUMATERA SELATAN",3,61,134,195
https://kawalpemilu.org#17655,"TERUSAN MENANG, SIRAH PULAU PADANG, OGAN KOMERING ILIR, SUMATERA SELATAN",4,84,128,212
https://kawalpemilu.org#17655,"TERUSAN MENANG, SIRAH PULAU PADANG, OGAN KOMERING ILIR, SUMATERA SELATAN",5,73,131,204
https://kawalpemilu.org#17655,"TERUSAN MENANG, SIRAH PULAU PADANG, OGAN KOMERING ILIR, SUMATERA SELATAN",6,88,112,200
https://kawalpemilu.org#17655,"TERUSAN MENANG, SIRAH PULAU PADANG, OGAN KOMERING ILIR, SUMATERA SELATAN",7,134,67,201
https://kawalpemilu.org#17655,"TERUSAN MENANG, SIRAH PULAU PADANG, OGAN KOMERING ILIR, SUMATERA SELATAN",8,133,84,217
https://kawalpemilu.org#17655,"TERUSAN MENANG, SIRAH PULAU PADANG, OGAN KOMERING ILIR, SUMATERA SELATAN",9,128,55,183
https://kawalpemilu.org#17655,"TERUSAN MENANG, SIRAH PULAU PADANG, OGAN KOMERING ILIR, SUMATERA SELATAN",10,134,89,223
https://kawalpemilu.org#17655,"TERUSAN MENANG, SIRAH PULAU PADANG, OGAN KOMERING ILIR, SUMATERA SELATAN",11,126,88,214
https://kawalpemilu.org#17655,"TERUSAN MENANG, SIRAH PULAU PADANG, OGAN KOMERING ILIR, SUMATERA SELATAN",12,94,113,207
https://kawalpemilu.org#17656,"BELANTI, SIRAH PULAU PADANG, OGAN KOMERING ILIR, SUMATERA SELATAN",1,43,141,184
https://kawalpemilu.org#17656,"BELANTI, SIRAH PULAU PADANG, OGAN KOMERING ILIR, SUMATERA SELATAN",2,83,117,200
https://kawalpemilu.org#17656,"BELANTI, SIRAH PULAU PADANG, OGAN KOMERING ILIR, SUMATERA SELATAN",3,143,97,240
https://kawalpemilu.org#17656,"BELANTI, SIRAH PULAU PADANG, OGAN KOMERING ILIR, SUMATERA SELATAN",4,66,155,221
https://kawalpemilu.org#17656,"BELANTI, SIRAH PULAU PADANG, OGAN KOMERING ILIR, SUMATERA SELATAN",5,167,83,250
https://kawalpemilu.org#17656,"BELANTI, SIRAH PULAU PADANG, OGAN KOMERING ILIR, SUMATERA SELATAN",6,135,39,174
https://kawalpemilu.org#17656,"BELANTI, SIRAH PULAU PADANG, OGAN KOMERING ILIR, SUMATERA SELATAN",7,105,35,140
https://kawalpemilu.org#17657,"TERATE, SIRAH PULAU PADANG, OGAN KOMERING ILIR, SUMATERA SELATAN",1,59,146,205
https://kawalpemilu.org#17657,"TERATE, SIRAH PULAU PADANG, OGAN KOMERING ILIR, SUMATERA SELATAN",2,94,192,286
https://kawalpemilu.org#17657,"TERATE, SIRAH PULAU PADANG, OGAN KOMERING ILIR, SUMATERA SELATAN",3,91,164,255
https://kawalpemilu.org#17657,"TERATE, SIRAH PULAU PADANG, OGAN KOMERING ILIR, SUMATERA SELATAN",4,94,148,243
https://kawalpemilu.org#17657,"TERATE, SIRAH PULAU PADANG, OGAN KOMERING ILIR, SUMATERA SELATAN",5,63,115,178
https://kawalpemilu.org#17657,"TERATE, SIRAH PULAU PADANG, OGAN KOMERING ILIR, SUMATERA SELATAN",6,89,102,191
https://kawalpemilu.org#17657,"TERATE, SIRAH PULAU PADANG, OGAN KOMERING ILIR, SUMATERA SELATAN",7,59,119,178
https://kawalpemilu.org#17657,"TERATE, SIRAH PULAU PADANG, OGAN KOMERING ILIR, SUMATERA SELATAN",8,76,130,206
https://kawalpemilu.org#17657,"TERATE, SIRAH PULAU PADANG, OGAN KOMERING ILIR, SUMATERA SELATAN",9,50,140,190
https://kawalpemilu.org#17657,"TERATE, SIRAH PULAU PADANG, OGAN KOMERING ILIR, SUMATERA SELATAN",10,34,142,176
https://kawalpemilu.org#17657,"TERATE, SIRAH PULAU PADANG, OGAN KOMERING ILIR, SUMATERA SELATAN",11,72,170,242
https://kawalpemilu.org#17658,"RENGAS PITU, SIRAH PULAU PADANG, OGAN KOMERING ILIR, SUMATERA SELATAN",1,99,67,166
https://kawalpemilu.org#17658,"RENGAS PITU, SIRAH PULAU PADANG, OGAN KOMERING ILIR, SUMATERA SELATAN",2,81,58,139
https://kawalpemilu.org#17659,"PANTAI, SIRAH PULAU PADANG, OGAN KOMERING ILIR, SUMATERA SELATAN",1,127,76,203
https://kawalpemilu.org#17660,"SIRAH PULAU PADANG, SIRAH PULAU PADANG, OGAN KOMERING ILIR, SUMATERA SELATAN",1,73,87,160
https://kawalpemilu.org#17660,"SIRAH PULAU PADANG, SIRAH PULAU PADANG, OGAN KOMERING ILIR, SUMATERA SELATAN",2,77,102,179
https://kawalpemilu.org#17660,"SIRAH PULAU PADANG, SIRAH PULAU PADANG, OGAN KOMERING ILIR, SUMATERA SELATAN",3,68,131,199
https://kawalpemilu.org#17661,"SERDANG MENANG, SIRAH PULAU PADANG, OGAN KOMERING ILIR, SUMATERA SELATAN",1,84,112,196
https://kawalpemilu.org#17661,"SERDANG MENANG, SIRAH PULAU PADANG, OGAN KOMERING ILIR, SUMATERA SELATAN",2,105,94,199
https://kawalpemilu.org#17661,"SERDANG MENANG, SIRAH PULAU PADANG, OGAN KOMERING ILIR, SUMATERA SELATAN",3,89,100,189
https://kawalpemilu.org#17661,"SERDANG MENANG, SIRAH PULAU PADANG, OGAN KOMERING ILIR, SUMATERA SELATAN",4,78,122,200
https://kawalpemilu.org#17661,"SERDANG MENANG, SIRAH PULAU PADANG, OGAN KOMERING ILIR, SUMATERA SELATAN",5,87,108,195
https://kawalpemilu.org#17661,"SERDANG MENANG, SIRAH PULAU PADANG, OGAN KOMERING ILIR, SUMATERA SELATAN",6,128,106,234
https://kawalpemilu.org#17662,"BUNGIN TINGGI, SIRAH PULAU PADANG, OGAN KOMERING ILIR, SUMATERA SELATAN",1,112,109,221
https://kawalpemilu.org#17662,"BUNGIN TINGGI, SIRAH PULAU PADANG, OGAN KOMERING ILIR, SUMATERA SELATAN",2,161,85,246
https://kawalpemilu.org#17662,"BUNGIN TINGGI, SIRAH PULAU PADANG, OGAN KOMERING ILIR, SUMATERA SELATAN",3,77,99,176
https://kawalpemilu.org#17662,"BUNGIN TINGGI, SIRAH PULAU PADANG, OGAN KOMERING ILIR, SUMATERA SELATAN",4,166,80,246
https://kawalpemilu.org#17662,"BUNGIN TINGGI, SIRAH PULAU PADANG, OGAN KOMERING ILIR, SUMATERA SELATAN",5,130,50,180
https://kawalpemilu.org#17663,"PENYANDINGAN, SIRAH PULAU PADANG, OGAN KOMERING ILIR, SUMATERA SELATAN",1,125,74,199
https://kawalpemilu.org#17663,"PENYANDINGAN, SIRAH PULAU PADANG, OGAN KOMERING ILIR, SUMATERA SELATAN",2,90,65,155
https://kawalpemilu.org#17663,"PENYANDINGAN, SIRAH PULAU PADANG, OGAN KOMERING ILIR, SUMATERA SELATAN",3,101,116,217
https://kawalpemilu.org#17663,"PENYANDINGAN, SIRAH PULAU PADANG, OGAN KOMERING ILIR, SUMATERA SELATAN",4,121,133,254
https://kawalpemilu.org#17663,"PENYANDINGAN, SIRAH PULAU PADANG, OGAN KOMERING ILIR, SUMATERA SELATAN",5,114,32,146
https://kawalpemilu.org#17664,"BERKAT, SIRAH PULAU PADANG, OGAN KOMERING ILIR, SUMATERA SELATAN",1,98,90,188
https://kawalpemilu.org#17664,"BERKAT, SIRAH PULAU PADANG, OGAN KOMERING ILIR, SUMATERA SELATAN",2,81,111,192
https://kawalpemilu.org#17664,"BERKAT, SIRAH PULAU PADANG, OGAN KOMERING ILIR, SUMATERA SELATAN",3,99,98,197
https://kawalpemilu.org#17664,"BERKAT, SIRAH PULAU PADANG, OGAN KOMERING ILIR, SUMATERA SELATAN",4,117,117,234
https://kawalpemilu.org#17664,"BERKAT, SIRAH PULAU PADANG, OGAN KOMERING ILIR, SUMATERA SELATAN",5,138,83,221
https://kawalpemilu.org#17664,"BERKAT, SIRAH PULAU PADANG, OGAN KOMERING ILIR, SUMATERA SELATAN",6,181,42,223
https://kawalpemilu.org#17665,"SUKARAJA, SIRAH PULAU PADANG, OGAN KOMERING ILIR, SUMATERA SELATAN",1,95,139,234
https://kawalpemilu.org#17665,"SUKARAJA, SIRAH PULAU PADANG, OGAN KOMERING ILIR, SUMATERA SELATAN",2,51,178,229
https://kawalpemilu.org#17665,"SUKARAJA, SIRAH PULAU PADANG, OGAN KOMERING ILIR, SUMATERA SELATAN",3,91,108,199
https://kawalpemilu.org#17665,"SUKARAJA, SIRAH PULAU PADANG, OGAN KOMERING ILIR, SUMATERA SELATAN",4,70,159,229
https://kawalpemilu.org#17665,"SUKARAJA, SIRAH PULAU PADANG, OGAN KOMERING ILIR, SUMATERA SELATAN",5,87,152,239
https://kawalpemilu.org#17666,"PEMATANG BULURAN, SIRAH PULAU PADANG, OGAN KOMERING ILIR, SUMATERA SELATAN",1,34,147,179
https://kawalpemilu.org#17666,"PEMATANG BULURAN, SIRAH PULAU PADANG, OGAN KOMERING ILIR, SUMATERA SELATAN",2,38,178,216
https://kawalpemilu.org#17666,"PEMATANG BULURAN, SIRAH PULAU PADANG, OGAN KOMERING ILIR, SUMATERA SELATAN",3,61,141,202
https://kawalpemilu.org#17666,"PEMATANG BULURAN, SIRAH PULAU PADANG, OGAN KOMERING ILIR, SUMATERA SELATAN",4,64,162,226
https://kawalpemilu.org#17666,"PEMATANG BULURAN, SIRAH PULAU PADANG, OGAN KOMERING ILIR, SUMATERA SELATAN",5,92,105,197
https://kawalpemilu.org#17666,"PEMATANG BULURAN, SIRAH PULAU PADANG, OGAN KOMERING ILIR, SUMATERA SELATAN",6,129,70,199
https://kawalpemilu.org#17667,"RAWANG BESAR, SIRAH PULAU PADANG, OGAN KOMERING ILIR, SUMATERA SELATAN",1,34,168,202
https://kawalpemilu.org#17667,"RAWANG BESAR, SIRAH PULAU PADANG, OGAN KOMERING ILIR, SUMATERA SELATAN",2,25,175,200
https://kawalpemilu.org#17667,"RAWANG BESAR, SIRAH PULAU PADANG, OGAN KOMERING ILIR, SUMATERA SELATAN",3,54,130,184
https://kawalpemilu.org#17667,"RAWANG BESAR, SIRAH PULAU PADANG, OGAN KOMERING ILIR, SUMATERA SELATAN",4,50,143,193
https://kawalpemilu.org#17667,"RAWANG BESAR, SIRAH PULAU PADANG, OGAN KOMERING ILIR, SUMATERA SELATAN",5,62,126,188
https://kawalpemilu.org#17667,"RAWANG BESAR, SIRAH PULAU PADANG, OGAN KOMERING ILIR, SUMATERA SELATAN",6,46,164,210
https://kawalpemilu.org#91882,"BATU AMPAR BARU, SIRAH PULAU PADANG, OGAN KOMERING ILIR, SUMATERA SELATAN",1,104,100,204
https://kawalpemilu.org#91882,"BATU AMPAR BARU, SIRAH PULAU PADANG, OGAN KOMERING ILIR, SUMATERA SELATAN",2,65,110,175
https://kawalpemilu.org#91882,"BATU AMPAR BARU, SIRAH PULAU PADANG, OGAN KOMERING ILIR, SUMATERA SELATAN",3,56,172,228
https://kawalpemilu.org#91882,"BATU AMPAR BARU, SIRAH PULAU PADANG, OGAN KOMERING ILIR, SUMATERA SELATAN",4,63,159,222
https://kawalpemilu.org#91882,"BATU AMPAR BARU, SIRAH PULAU PADANG, OGAN KOMERING ILIR, SUMATERA SELATAN",5,86,152,238
https://kawalpemilu.org#91883,"TERUSAN LAUT, SIRAH PULAU PADANG, OGAN KOMERING ILIR, SUMATERA SELATAN",1,31,181,212
https://kawalpemilu.org#91883,"TERUSAN LAUT, SIRAH PULAU PADANG, OGAN KOMERING ILIR, SUMATERA SELATAN",2,19,168,187
https://kawalpemilu.org#91883,"TERUSAN LAUT, SIRAH PULAU PADANG, OGAN KOMERING ILIR, SUMATERA SELATAN",3,47,174,221
https://kawalpemilu.org#91883,"TERUSAN LAUT, SIRAH PULAU PADANG, OGAN KOMERING ILIR, SUMATERA SELATAN",4,110,76,186
https://kawalpemilu.org#17671,"SIMPANG TIGA, TULUNG SELAPAN, OGAN KOMERING ILIR, SUMATERA SELATAN",1,205,23,228
https://kawalpemilu.org#17671,"SIMPANG TIGA, TULUNG SELAPAN, OGAN KOMERING ILIR, SUMATERA SELATAN",2,153,55,208
https://kawalpemilu.org#17671,"SIMPANG TIGA, TULUNG SELAPAN, OGAN KOMERING ILIR, SUMATERA SELATAN",3,176,45,221
https://kawalpemilu.org#17671,"SIMPANG TIGA, TULUNG SELAPAN, OGAN KOMERING ILIR, SUMATERA SELATAN",4,130,10,140
https://kawalpemilu.org#17671,"SIMPANG TIGA, TULUNG SELAPAN, OGAN KOMERING ILIR, SUMATERA SELATAN",5,109,9,118
https://kawalpemilu.org#17671,"SIMPANG TIGA, TULUNG SELAPAN, OGAN KOMERING ILIR, SUMATERA SELATAN",6,96,6,102
https://kawalpemilu.org#17671,"SIMPANG TIGA, TULUNG SELAPAN, OGAN KOMERING ILIR, SUMATERA SELATAN",7,56,12,68
https://kawalpemilu.org#17672,"PULU BERUANG, TULUNG SELAPAN, OGAN KOMERING ILIR, SUMATERA SELATAN",1,89,140,229
https://kawalpemilu.org#17672,"PULU BERUANG, TULUNG SELAPAN, OGAN KOMERING ILIR, SUMATERA SELATAN",2,54,151,205
https://kawalpemilu.org#17672,"PULU BERUANG, TULUNG SELAPAN, OGAN KOMERING ILIR, SUMATERA SELATAN",3,111,95,206
https://kawalpemilu.org#17673,"PENYANDINGAN, TULUNG SELAPAN, OGAN KOMERING ILIR, SUMATERA SELATAN",1,82,133,215
https://kawalpemilu.org#17673,"PENYANDINGAN, TULUNG SELAPAN, OGAN KOMERING ILIR, SUMATERA SELATAN",2,62,149,211
https://kawalpemilu.org#17674,"TANJUNG BATU, TULUNG SELAPAN, OGAN KOMERING ILIR, SUMATERA SELATAN",1,50,146,196
https://kawalpemilu.org#17674,"TANJUNG BATU, TULUNG SELAPAN, OGAN KOMERING ILIR, SUMATERA SELATAN",2,66,172,238
https://kawalpemilu.org#17675,"TOMAN, TULUNG SELAPAN, OGAN KOMERING ILIR, SUMATERA SELATAN",1,44,115,159
https://kawalpemilu.org#17675,"TOMAN, TULUNG SELAPAN, OGAN KOMERING ILIR, SUMATERA SELATAN",2,47,107,154
https://kawalpemilu.org#17675,"TOMAN, TULUNG SELAPAN, OGAN KOMERING ILIR, SUMATERA SELATAN",3,26,116,142
https://kawalpemilu.org#17676,"CAMBAI, TULUNG SELAPAN, OGAN KOMERING ILIR, SUMATERA SELATAN",1,142,63,205
https://kawalpemilu.org#17676,"CAMBAI, TULUNG SELAPAN, OGAN KOMERING ILIR, SUMATERA SELATAN",2,129,55,184
https://kawalpemilu.org#17676,"CAMBAI, TULUNG SELAPAN, OGAN KOMERING ILIR, SUMATERA SELATAN",3,115,54,169
https://kawalpemilu.org#17676,"CAMBAI, TULUNG SELAPAN, OGAN KOMERING ILIR, SUMATERA SELATAN",4,95,64,159
https://kawalpemilu.org#17676,"CAMBAI, TULUNG SELAPAN, OGAN KOMERING ILIR, SUMATERA SELATAN",5,77,42,119
https://kawalpemilu.org#17677,"KAYU ARA, TULUNG SELAPAN, OGAN KOMERING ILIR, SUMATERA SELATAN",1,62,123,185
https://kawalpemilu.org#17677,"KAYU ARA, TULUNG SELAPAN, OGAN KOMERING ILIR, SUMATERA SELATAN",2,53,124,177
https://kawalpemilu.org#17677,"KAYU ARA, TULUNG SELAPAN, OGAN KOMERING ILIR, SUMATERA SELATAN",3,50,111,161
https://kawalpemilu.org#17677,"KAYU ARA, TULUNG SELAPAN, OGAN KOMERING ILIR, SUMATERA SELATAN",4,40,102,142
https://kawalpemilu.org#17678,"PETALING, TULUNG SELAPAN, OGAN KOMERING ILIR, SUMATERA SELATAN",1,206,38,244
https://kawalpemilu.org#17678,"PETALING, TULUNG SELAPAN, OGAN KOMERING ILIR, SUMATERA SELATAN",2,207,37,244
https://kawalpemilu.org#17678,"PETALING, TULUNG SELAPAN, OGAN KOMERING ILIR, SUMATERA SELATAN",3,192,23,215
https://kawalpemilu.org#17678,"PETALING, TULUNG SELAPAN, OGAN KOMERING ILIR, SUMATERA SELATAN",4,160,26,186
https://kawalpemilu.org#17679,"TULUNG SELAPAN ILIR, TULUNG SELAPAN, OGAN KOMERING ILIR, SUMATERA SELATAN",1,185,60,245
https://kawalpemilu.org#17679,"TULUNG SELAPAN ILIR, TULUNG SELAPAN, OGAN KOMERING ILIR, SUMATERA SELATAN",2,164,41,205
https://kawalpemilu.org#17679,"TULUNG SELAPAN ILIR, TULUNG SELAPAN, OGAN KOMERING ILIR, SUMATERA SELATAN",3,175,48,223
https://kawalpemilu.org#17679,"TULUNG SELAPAN ILIR, TULUNG SELAPAN, OGAN KOMERING ILIR, SUMATERA SELATAN",4,141,42,183
https://kawalpemilu.org#17679,"TULUNG SELAPAN ILIR, TULUNG SELAPAN, OGAN KOMERING ILIR, SUMATERA SELATAN",5,172,26,198
https://kawalpemilu.org#17679,"TULUNG SELAPAN ILIR, TULUNG SELAPAN, OGAN KOMERING ILIR, SUMATERA SELATAN",6,111,33,144
https://kawalpemilu.org#17679,"TULUNG SELAPAN ILIR, TULUNG SELAPAN, OGAN KOMERING ILIR, SUMATERA SELATAN",7,212,50,262
https://kawalpemilu.org#17679,"TULUNG SELAPAN ILIR, TULUNG SELAPAN, OGAN KOMERING ILIR, SUMATERA SELATAN",8,163,28,191
https://kawalpemilu.org#17679,"TULUNG SELAPAN ILIR, TULUNG SELAPAN, OGAN KOMERING ILIR, SUMATERA SELATAN",9,174,33,207
https://kawalpemilu.org#17679,"TULUNG SELAPAN ILIR, TULUNG SELAPAN, OGAN KOMERING ILIR, SUMATERA SELATAN",10,129,39,168
https://kawalpemilu.org#17679,"TULUNG SELAPAN ILIR, TULUNG SELAPAN, OGAN KOMERING ILIR, SUMATERA SELATAN",11,103,42,145
https://kawalpemilu.org#17679,"TULUNG SELAPAN ILIR, TULUNG SELAPAN, OGAN KOMERING ILIR, SUMATERA SELATAN",12,43,14,57
https://kawalpemilu.org#17679,"TULUNG SELAPAN ILIR, TULUNG SELAPAN, OGAN KOMERING ILIR, SUMATERA SELATAN",13,117,24,141
https://kawalpemilu.org#17679,"TULUNG SELAPAN ILIR, TULUNG SELAPAN, OGAN KOMERING ILIR, SUMATERA SELATAN",14,136,31,167
https://kawalpemilu.org#17679,"TULUNG SELAPAN ILIR, TULUNG SELAPAN, OGAN KOMERING ILIR, SUMATERA SELATAN",15,105,21,126
https://kawalpemilu.org#17679,"TULUNG SELAPAN ILIR, TULUNG SELAPAN, OGAN KOMERING ILIR, SUMATERA SELATAN",16,161,70,231
https://kawalpemilu.org#17680,"UJUNG TANJUNG, TULUNG SELAPAN, OGAN KOMERING ILIR, SUMATERA SELATAN",1,202,76,278
https://kawalpemilu.org#17680,"UJUNG TANJUNG, TULUNG SELAPAN, OGAN KOMERING ILIR, SUMATERA SELATAN",2,174,68,242
https://kawalpemilu.org#17680,"UJUNG TANJUNG, TULUNG SELAPAN, OGAN KOMERING ILIR, SUMATERA SELATAN",3,165,49,214
https://kawalpemilu.org#17680,"UJUNG TANJUNG, TULUNG SELAPAN, OGAN KOMERING ILIR, SUMATERA SELATAN",4,189,63,252
https://kawalpemilu.org#17680,"UJUNG TANJUNG, TULUNG SELAPAN, OGAN KOMERING ILIR, SUMATERA SELATAN",5,202,71,273
https://kawalpemilu.org#17680,"UJUNG TANJUNG, TULUNG SELAPAN, OGAN KOMERING ILIR, SUMATERA SELATAN",6,217,49,266
https://kawalpemilu.org#17680,"UJUNG TANJUNG, TULUNG SELAPAN, OGAN KOMERING ILIR, SUMATERA SELATAN",7,138,29,167
https://kawalpemilu.org#17680,"UJUNG TANJUNG, TULUNG SELAPAN, OGAN KOMERING ILIR, SUMATERA SELATAN",8,128,54,182
https://kawalpemilu.org#17681,"LEBUNG GAJAH, TULUNG SELAPAN, OGAN KOMERING ILIR, SUMATERA SELATAN",1,182,70,252
https://kawalpemilu.org#17681,"LEBUNG GAJAH, TULUNG SELAPAN, OGAN KOMERING ILIR, SUMATERA SELATAN",2,163,81,244
https://kawalpemilu.org#17681,"LEBUNG GAJAH, TULUNG SELAPAN, OGAN KOMERING ILIR, SUMATERA SELATAN",3,158,88,246
https://kawalpemilu.org#17681,"LEBUNG GAJAH, TULUNG SELAPAN, OGAN KOMERING ILIR, SUMATERA SELATAN",4,171,55,226
https://kawalpemilu.org#17681,"LEBUNG GAJAH, TULUNG SELAPAN, OGAN KOMERING ILIR, SUMATERA SELATAN",5,124,71,195
https://kawalpemilu.org#17681,"LEBUNG GAJAH, TULUNG SELAPAN, OGAN KOMERING ILIR, SUMATERA SELATAN",6,151,48,199
https://kawalpemilu.org#17681,"LEBUNG GAJAH, TULUNG SELAPAN, OGAN KOMERING ILIR, SUMATERA SELATAN",7,149,79,228
https://kawalpemilu.org#17681,"LEBUNG GAJAH, TULUNG SELAPAN, OGAN KOMERING ILIR, SUMATERA SELATAN",8,149,74,223
https://kawalpemilu.org#17681,"LEBUNG GAJAH, TULUNG SELAPAN, OGAN KOMERING ILIR, SUMATERA SELATAN",9,133,79,212
https://kawalpemilu.org#17682,"LEBUNG ITAM, TULUNG SELAPAN, OGAN KOMERING ILIR, SUMATERA SELATAN",1,125,146,271
https://kawalpemilu.org#17682,"LEBUNG ITAM, TULUNG SELAPAN, OGAN KOMERING ILIR, SUMATERA SELATAN",2,129,124,253
https://kawalpemilu.org#17682,"LEBUNG ITAM, TULUNG SELAPAN, OGAN KOMERING ILIR, SUMATERA SELATAN",3,123,125,248
https://kawalpemilu.org#17682,"LEBUNG ITAM, TULUNG SELAPAN, OGAN KOMERING ILIR, SUMATERA SELATAN",4,147,106,253
https://kawalpemilu.org#17682,"LEBUNG ITAM, TULUNG SELAPAN, OGAN KOMERING ILIR, SUMATERA SELATAN",5,96,154,250
https://kawalpemilu.org#17682,"LEBUNG ITAM, TULUNG SELAPAN, OGAN KOMERING ILIR, SUMATERA SELATAN",6,125,133,258
https://kawalpemilu.org#17683,"PENANGGOAN DUREN, TULUNG SELAPAN, OGAN KOMERING ILIR, SUMATERA SELATAN",1,60,157,217
https://kawalpemilu.org#17683,"PENANGGOAN DUREN, TULUNG SELAPAN, OGAN KOMERING ILIR, SUMATERA SELATAN",2,91,145,236
https://kawalpemilu.org#17683,"PENANGGOAN DUREN, TULUNG SELAPAN, OGAN KOMERING ILIR, SUMATERA SELATAN",3,67,171,238
https://kawalpemilu.org#17683,"PENANGGOAN DUREN, TULUNG SELAPAN, OGAN KOMERING ILIR, SUMATERA SELATAN",4,101,131,232
https://kawalpemilu.org#17683,"PENANGGOAN DUREN, TULUNG SELAPAN, OGAN KOMERING ILIR, SUMATERA SELATAN",5,72,131,0
https://kawalpemilu.org#17683,"PENANGGOAN DUREN, TULUNG SELAPAN, OGAN KOMERING ILIR, SUMATERA SELATAN",6,91,164,255
https://kawalpemilu.org#17683,"PENANGGOAN DUREN, TULUNG SELAPAN, OGAN KOMERING ILIR, SUMATERA SELATAN",7,65,135,210
https://kawalpemilu.org#17683,"PENANGGOAN DUREN, TULUNG SELAPAN, OGAN KOMERING ILIR, SUMATERA SELATAN",8,79,98,177
https://kawalpemilu.org#17684,"JERAMBAH RENGAS, TULUNG SELAPAN, OGAN KOMERING ILIR, SUMATERA SELATAN",1,65,174,239
https://kawalpemilu.org#17684,"JERAMBAH RENGAS, TULUNG SELAPAN, OGAN KOMERING ILIR, SUMATERA SELATAN",2,95,118,213
https://kawalpemilu.org#17684,"JERAMBAH RENGAS, TULUNG SELAPAN, OGAN KOMERING ILIR, SUMATERA SELATAN",3,68,159,227
https://kawalpemilu.org#17684,"JERAMBAH RENGAS, TULUNG SELAPAN, OGAN KOMERING ILIR, SUMATERA SELATAN",4,24,75,99
https://kawalpemilu.org#17685,"SIMPANG TIGA MAKMUR, TULUNG SELAPAN, OGAN KOMERING ILIR, SUMATERA SELATAN",1,280,20,300
https://kawalpemilu.org#17685,"SIMPANG TIGA MAKMUR, TULUNG SELAPAN, OGAN KOMERING ILIR, SUMATERA SELATAN",2,252,25,277
https://kawalpemilu.org#17685,"SIMPANG TIGA MAKMUR, TULUNG SELAPAN, OGAN KOMERING ILIR, SUMATERA SELATAN",3,173,18,191
https://kawalpemilu.org#17685,"SIMPANG TIGA MAKMUR, TULUNG SELAPAN, OGAN KOMERING ILIR, SUMATERA SELATAN",4,127,43,170
https://kawalpemilu.org#17685,"SIMPANG TIGA MAKMUR, TULUNG SELAPAN, OGAN KOMERING ILIR, SUMATERA SELATAN",5,105,75,180
https://kawalpemilu.org#17686,"TULUNG SELAPAN ULU, TULUNG SELAPAN, OGAN KOMERING ILIR, SUMATERA SELATAN",1,155,52,207
https://kawalpemilu.org#17686,"TULUNG SELAPAN ULU, TULUNG SELAPAN, OGAN KOMERING ILIR, SUMATERA SELATAN",2,171,41,212
https://kawalpemilu.org#17686,"TULUNG SELAPAN ULU, TULUNG SELAPAN, OGAN KOMERING ILIR, SUMATERA SELATAN",3,171,27,198
https://kawalpemilu.org#17686,"TULUNG SELAPAN ULU, TULUNG SELAPAN, OGAN KOMERING ILIR, SUMATERA SELATAN",4,185,66,251
https://kawalpemilu.org#17686,"TULUNG SELAPAN ULU, TULUNG SELAPAN, OGAN KOMERING ILIR, SUMATERA SELATAN",5,104,46,150
https://kawalpemilu.org#17686,"TULUNG SELAPAN ULU, TULUNG SELAPAN, OGAN KOMERING ILIR, SUMATERA SELATAN",6,184,59,243
https://kawalpemilu.org#17686,"TULUNG SELAPAN ULU, TULUNG SELAPAN, OGAN KOMERING ILIR, SUMATERA SELATAN",7,168,71,239
https://kawalpemilu.org#17686,"TULUNG SELAPAN ULU, TULUNG SELAPAN, OGAN KOMERING ILIR, SUMATERA SELATAN",8,214,74,288
https://kawalpemilu.org#17687,"SIMPANG TIGA JAYA, TULUNG SELAPAN, OGAN KOMERING ILIR, SUMATERA SELATAN",1,73,167,240
https://kawalpemilu.org#17687,"SIMPANG TIGA JAYA, TULUNG SELAPAN, OGAN KOMERING ILIR, SUMATERA SELATAN",2,220,17,237
https://kawalpemilu.org#17687,"SIMPANG TIGA JAYA, TULUNG SELAPAN, OGAN KOMERING ILIR, SUMATERA SELATAN",3,105,4,109
https://kawalpemilu.org#17687,"SIMPANG TIGA JAYA, TULUNG SELAPAN, OGAN KOMERING ILIR, SUMATERA SELATAN",4,150,40,190
https://kawalpemilu.org#17687,"SIMPANG TIGA JAYA, TULUNG SELAPAN, OGAN KOMERING ILIR, SUMATERA SELATAN",5,258,46,304
https://kawalpemilu.org#17687,"SIMPANG TIGA JAYA, TULUNG SELAPAN, OGAN KOMERING ILIR, SUMATERA SELATAN",6,34,2,36
https://kawalpemilu.org#17687,"SIMPANG TIGA JAYA, TULUNG SELAPAN, OGAN KOMERING ILIR, SUMATERA SELATAN",7,109,9,118
https://kawalpemilu.org#17687,"SIMPANG TIGA JAYA, TULUNG SELAPAN, OGAN KOMERING ILIR, SUMATERA SELATAN",8,107,16,123
https://kawalpemilu.org#17688,"SIMPANG TIGA SAKTI, TULUNG SELAPAN, OGAN KOMERING ILIR, SUMATERA SELATAN",1,135,15,150
https://kawalpemilu.org#17688,"SIMPANG TIGA SAKTI, TULUNG SELAPAN, OGAN KOMERING ILIR, SUMATERA SELATAN",2,159,22,181
https://kawalpemilu.org#17688,"SIMPANG TIGA SAKTI, TULUNG SELAPAN, OGAN KOMERING ILIR, SUMATERA SELATAN",3,177,12,189
https://kawalpemilu.org#17688,"SIMPANG TIGA SAKTI, TULUNG SELAPAN, OGAN KOMERING ILIR, SUMATERA SELATAN",4,64,6,70
https://kawalpemilu.org#17688,"SIMPANG TIGA SAKTI, TULUNG SELAPAN, OGAN KOMERING ILIR, SUMATERA SELATAN",5,110,10,120
https://kawalpemilu.org#17689,"TULUNG SELUANG, TULUNG SELAPAN, OGAN KOMERING ILIR, SUMATERA SELATAN",2,177,76,253
https://kawalpemilu.org#17689,"TULUNG SELUANG, TULUNG SELAPAN, OGAN KOMERING ILIR, SUMATERA SELATAN",3,155,104,259
https://kawalpemilu.org#17690,"RANTAU LURUS, TULUNG SELAPAN, OGAN KOMERING ILIR, SUMATERA SELATAN",1,186,39,225
https://kawalpemilu.org#17690,"RANTAU LURUS, TULUNG SELAPAN, OGAN KOMERING ILIR, SUMATERA SELATAN",2,181,23,204
https://kawalpemilu.org#17690,"RANTAU LURUS, TULUNG SELAPAN, OGAN KOMERING ILIR, SUMATERA SELATAN",3,143,41,184
https://kawalpemilu.org#91884,"KUALA DUA BELAS, TULUNG SELAPAN, OGAN KOMERING ILIR, SUMATERA SELATAN",1,83,55,138
https://kawalpemilu.org#91884,"KUALA DUA BELAS, TULUNG SELAPAN, OGAN KOMERING ILIR, SUMATERA SELATAN",2,77,13,90
https://kawalpemilu.org#91884,"KUALA DUA BELAS, TULUNG SELAPAN, OGAN KOMERING ILIR, SUMATERA SELATAN",3,212,27,239
https://kawalpemilu.org#91885,"SIMPANG TIGA ABADI, TULUNG SELAPAN, OGAN KOMERING ILIR, SUMATERA SELATAN",1,62,29,91
https://kawalpemilu.org#91885,"SIMPANG TIGA ABADI, TULUNG SELAPAN, OGAN KOMERING ILIR, SUMATERA SELATAN",2,106,18,124
https://kawalpemilu.org#91885,"SIMPANG TIGA ABADI, TULUNG SELAPAN, OGAN KOMERING ILIR, SUMATERA SELATAN",3,166,4,170
https://kawalpemilu.org#91885,"SIMPANG TIGA ABADI, TULUNG SELAPAN, OGAN KOMERING ILIR, SUMATERA SELATAN",4,170,34,204
https://kawalpemilu.org#91885,"SIMPANG TIGA ABADI, TULUNG SELAPAN, OGAN KOMERING ILIR, SUMATERA SELATAN",5,166,22,188
https://kawalpemilu.org#927875,"TULUNG SELAPAN TIMUR, TULUNG SELAPAN, OGAN KOMERING ILIR, SUMATERA SELATAN",1,199,39,238
https://kawalpemilu.org#927875,"TULUNG SELAPAN TIMUR, TULUNG SELAPAN, OGAN KOMERING ILIR, SUMATERA SELATAN",2,180,58,238
https://kawalpemilu.org#927875,"TULUNG SELAPAN TIMUR, TULUNG SELAPAN, OGAN KOMERING ILIR, SUMATERA SELATAN",3,196,29,225
https://kawalpemilu.org#927875,"TULUNG SELAPAN TIMUR, TULUNG SELAPAN, OGAN KOMERING ILIR, SUMATERA SELATAN",4,220,28,248
https://kawalpemilu.org#927875,"TULUNG SELAPAN TIMUR, TULUNG SELAPAN, OGAN KOMERING ILIR, SUMATERA SELATAN",5,143,26,169
https://kawalpemilu.org#927875,"TULUNG SELAPAN TIMUR, TULUNG SELAPAN, OGAN KOMERING ILIR, SUMATERA SELATAN",6,100,30,130
https://kawalpemilu.org#17694,"ULAK KEMANG, PAMPANGAN, OGAN KOMERING ILIR, SUMATERA SELATAN",1,117,96,213
https://kawalpemilu.org#17694,"ULAK KEMANG, PAMPANGAN, OGAN KOMERING ILIR, SUMATERA SELATAN",2,103,96,199
https://kawalpemilu.org#17694,"ULAK KEMANG, PAMPANGAN, OGAN KOMERING ILIR, SUMATERA SELATAN",3,92,132,224
https://kawalpemilu.org#17694,"ULAK KEMANG, PAMPANGAN, OGAN KOMERING ILIR, SUMATERA SELATAN",4,29,168,197
https://kawalpemilu.org#17694,"ULAK KEMANG, PAMPANGAN, OGAN KOMERING ILIR, SUMATERA SELATAN",5,55,157,212
https://kawalpemilu.org#17694,"ULAK KEMANG, PAMPANGAN, OGAN KOMERING ILIR, SUMATERA SELATAN",6,32,164,196
https://kawalpemilu.org#17694,"ULAK KEMANG, PAMPANGAN, OGAN KOMERING ILIR, SUMATERA SELATAN",7,62,147,209
https://kawalpemilu.org#17695,"SEPANG, PAMPANGAN, OGAN KOMERING ILIR, SUMATERA SELATAN",1,76,138,214
https://kawalpemilu.org#17695,"SEPANG, PAMPANGAN, OGAN KOMERING ILIR, SUMATERA SELATAN",2,56,163,219
https://kawalpemilu.org#17695,"SEPANG, PAMPANGAN, OGAN KOMERING ILIR, SUMATERA SELATAN",3,32,139,171
https://kawalpemilu.org#17695,"SEPANG, PAMPANGAN, OGAN KOMERING ILIR, SUMATERA SELATAN",4,47,96,143
https://kawalpemilu.org#17695,"SEPANG, PAMPANGAN, OGAN KOMERING ILIR, SUMATERA SELATAN",5,54,127,181
https://kawalpemilu.org#17695,"SEPANG, PAMPANGAN, OGAN KOMERING ILIR, SUMATERA SELATAN",6,38,50,88
https://kawalpemilu.org#17696,"KEMAN, PAMPANGAN, OGAN KOMERING ILIR, SUMATERA SELATAN",1,89,142,231
https://kawalpemilu.org#17696,"KEMAN, PAMPANGAN, OGAN KOMERING ILIR, SUMATERA SELATAN",2,70,155,225
https://kawalpemilu.org#17696,"KEMAN, PAMPANGAN, OGAN KOMERING ILIR, SUMATERA SELATAN",3,89,137,226
https://kawalpemilu.org#17696,"KEMAN, PAMPANGAN, OGAN KOMERING ILIR, SUMATERA SELATAN",4,94,116,210
https://kawalpemilu.org#17696,"KEMAN, PAMPANGAN, OGAN KOMERING ILIR, SUMATERA SELATAN",5,115,104,219
https://kawalpemilu.org#17696,"KEMAN, PAMPANGAN, OGAN KOMERING ILIR, SUMATERA SELATAN",6,87,103,190
https://kawalpemilu.org#17697,"KANDIS, PAMPANGAN, OGAN KOMERING ILIR, SUMATERA SELATAN",1,105,105,210
https://kawalpemilu.org#17697,"KANDIS, PAMPANGAN, OGAN KOMERING ILIR, SUMATERA SELATAN",2,91,85,176
https://kawalpemilu.org#17697,"KANDIS, PAMPANGAN, OGAN KOMERING ILIR, SUMATERA SELATAN",3,106,95,201
https://kawalpemilu.org#17697,"KANDIS, PAMPANGAN, OGAN KOMERING ILIR, SUMATERA SELATAN",4,98,95,193
https://kawalpemilu.org#17697,"KANDIS, PAMPANGAN, OGAN KOMERING ILIR, SUMATERA SELATAN",5,115,69,184
https://kawalpemilu.org#17698,"ULAK DEPATI, PAMPANGAN, OGAN KOMERING ILIR, SUMATERA SELATAN",1,66,86,152
https://kawalpemilu.org#17698,"ULAK DEPATI, PAMPANGAN, OGAN KOMERING ILIR, SUMATERA SELATAN",2,74,87,161
https://kawalpemilu.org#17698,"ULAK DEPATI, PAMPANGAN, OGAN KOMERING ILIR, SUMATERA SELATAN",3,28,119,147
https://kawalpemilu.org#17698,"ULAK DEPATI, PAMPANGAN, OGAN KOMERING ILIR, SUMATERA SELATAN",4,58,105,163
https://kawalpemilu.org#17699,"PULAU LAYANG, PAMPANGAN, OGAN KOMERING ILIR, SUMATERA SELATAN",1,99,93,192
https://kawalpemilu.org#17699,"PULAU LAYANG, PAMPANGAN, OGAN KOMERING ILIR, SUMATERA SELATAN",2,102,99,201
https://kawalpemilu.org#17699,"PULAU LAYANG, PAMPANGAN, OGAN KOMERING ILIR, SUMATERA SELATAN",3,93,99,192
https://kawalpemilu.org#17699,"PULAU LAYANG, PAMPANGAN, OGAN KOMERING ILIR, SUMATERA SELATAN",4,107,91,198
https://kawalpemilu.org#17700,"TAPUS, PAMPANGAN, OGAN KOMERING ILIR, SUMATERA SELATAN",1,98,140,238
https://kawalpemilu.org#17700,"TAPUS, PAMPANGAN, OGAN KOMERING ILIR, SUMATERA SELATAN",2,57,191,248
https://kawalpemilu.org#17700,"TAPUS, PAMPANGAN, OGAN KOMERING ILIR, SUMATERA SELATAN",3,32,170,202
https://kawalpemilu.org#17700,"TAPUS, PAMPANGAN, OGAN KOMERING ILIR, SUMATERA SELATAN",4,55,202,257
https://kawalpemilu.org#17700,"TAPUS, PAMPANGAN, OGAN KOMERING ILIR, SUMATERA SELATAN",5,41,103,144
https://kawalpemilu.org#17700,"TAPUS, PAMPANGAN, OGAN KOMERING ILIR, SUMATERA SELATAN",6,39,90,129
https://kawalpemilu.org#17701,"PULAU BETUNG, PAMPANGAN, OGAN KOMERING ILIR, SUMATERA SELATAN",1,54,135,189
https://kawalpemilu.org#17701,"PULAU BETUNG, PAMPANGAN, OGAN KOMERING ILIR, SUMATERA SELATAN",2,43,134,177
https://kawalpemilu.org#17701,"PULAU BETUNG, PAMPANGAN, OGAN KOMERING ILIR, SUMATERA SELATAN",3,66,159,225
https://kawalpemilu.org#17701,"PULAU BETUNG, PAMPANGAN, OGAN KOMERING ILIR, SUMATERA SELATAN",4,61,150,211
https://kawalpemilu.org#17701,"PULAU BETUNG, PAMPANGAN, OGAN KOMERING ILIR, SUMATERA SELATAN",5,77,127,204
https://kawalpemilu.org#17702,"BANGSAL, PAMPANGAN, OGAN KOMERING ILIR, SUMATERA SELATAN",1,23,107,130
https://kawalpemilu.org#17702,"BANGSAL, PAMPANGAN, OGAN KOMERING ILIR, SUMATERA SELATAN",2,15,100,115
https://kawalpemilu.org#17703,"KURO, PAMPANGAN, OGAN KOMERING ILIR, SUMATERA SELATAN",1,33,87,120
https://kawalpemilu.org#17703,"KURO, PAMPANGAN, OGAN KOMERING ILIR, SUMATERA SELATAN",2,140,54,194
https://kawalpemilu.org#17703,"KURO, PAMPANGAN, OGAN KOMERING ILIR, SUMATERA SELATAN",3,29,82,111
https://kawalpemilu.org#17704,"MANGGARIS, PAMPANGAN, OGAN KOMERING ILIR, SUMATERA SELATAN",1,50,144,194
https://kawalpemilu.org#17704,"MANGGARIS, PAMPANGAN, OGAN KOMERING ILIR, SUMATERA SELATAN",2,69,127,196
https://kawalpemilu.org#17704,"MANGGARIS, PAMPANGAN, OGAN KOMERING ILIR, SUMATERA SELATAN",3,24,100,124
https://kawalpemilu.org#17705,"PAMPANGAN, PAMPANGAN, OGAN KOMERING ILIR, SUMATERA SELATAN",1,63,168,231
https://kawalpemilu.org#17705,"PAMPANGAN, PAMPANGAN, OGAN KOMERING ILIR, SUMATERA SELATAN",2,53,115,168
https://kawalpemilu.org#17705,"PAMPANGAN, PAMPANGAN, OGAN KOMERING ILIR, SUMATERA SELATAN",3,62,114,176
https://kawalpemilu.org#17705,"PAMPANGAN, PAMPANGAN, OGAN KOMERING ILIR, SUMATERA SELATAN",4,71,136,207
https://kawalpemilu.org#17705,"PAMPANGAN, PAMPANGAN, OGAN KOMERING ILIR, SUMATERA SELATAN",5,80,170,250
https://kawalpemilu.org#17705,"PAMPANGAN, PAMPANGAN, OGAN KOMERING ILIR, SUMATERA SELATAN",6,74,145,219
https://kawalpemilu.org#17705,"PAMPANGAN, PAMPANGAN, OGAN KOMERING ILIR, SUMATERA SELATAN",7,75,111,186
https://kawalpemilu.org#17705,"PAMPANGAN, PAMPANGAN, OGAN KOMERING ILIR, SUMATERA SELATAN",8,50,108,158
https://kawalpemilu.org#17706,"SERIMENANG, PAMPANGAN, OGAN KOMERING ILIR, SUMATERA SELATAN",1,67,148,215
https://kawalpemilu.org#17706,"SERIMENANG, PAMPANGAN, OGAN KOMERING ILIR, SUMATERA SELATAN",2,14,177,191
https://kawalpemilu.org#17706,"SERIMENANG, PAMPANGAN, OGAN KOMERING ILIR, SUMATERA SELATAN",3,18,163,181
https://kawalpemilu.org#17707,"SECONDONG, PAMPANGAN, OGAN KOMERING ILIR, SUMATERA SELATAN",1,18,212,230
https://kawalpemilu.org#17707,"SECONDONG, PAMPANGAN, OGAN KOMERING ILIR, SUMATERA SELATAN",2,25,263,288
https://kawalpemilu.org#17708,"JERMUN, PAMPANGAN, OGAN KOMERING ILIR, SUMATERA SELATAN",1,32,198,230
https://kawalpemilu.org#17708,"JERMUN, PAMPANGAN, OGAN KOMERING ILIR, SUMATERA SELATAN",2,41,132,173
https://kawalpemilu.org#17709,"SERDANG, PAMPANGAN, OGAN KOMERING ILIR, SUMATERA SELATAN",1,35,94,129
https://kawalpemilu.org#17709,"SERDANG, PAMPANGAN, OGAN KOMERING ILIR, SUMATERA SELATAN",2,30,84,114
https://kawalpemilu.org#17709,"SERDANG, PAMPANGAN, OGAN KOMERING ILIR, SUMATERA SELATAN",3,39,62,101
https://kawalpemilu.org#17710,"JUNGKAL, PAMPANGAN, OGAN KOMERING ILIR, SUMATERA SELATAN",1,54,71,125
https://kawalpemilu.org#17710,"JUNGKAL, PAMPANGAN, OGAN KOMERING ILIR, SUMATERA SELATAN",2,79,53,132
https://kawalpemilu.org#17710,"JUNGKAL, PAMPANGAN, OGAN KOMERING ILIR, SUMATERA SELATAN",3,120,68,188
https://kawalpemilu.org#17710,"JUNGKAL, PAMPANGAN, OGAN KOMERING ILIR, SUMATERA SELATAN",4,88,72,160
https://kawalpemilu.org#17710,"JUNGKAL, PAMPANGAN, OGAN KOMERING ILIR, SUMATERA SELATAN",5,96,63,159
https://kawalpemilu.org#17711,"TANJUNG KEMANG, PAMPANGAN, OGAN KOMERING ILIR, SUMATERA SELATAN",1,35,85,120
https://kawalpemilu.org#17711,"TANJUNG KEMANG, PAMPANGAN, OGAN KOMERING ILIR, SUMATERA SELATAN",2,40,115,155
https://kawalpemilu.org#17712,"ULAK PIANGGU, PAMPANGAN, OGAN KOMERING ILIR, SUMATERA SELATAN",1,70,157,227
https://kawalpemilu.org#17712,"ULAK PIANGGU, PAMPANGAN, OGAN KOMERING ILIR, SUMATERA SELATAN",2,74,156,230
https://kawalpemilu.org#17712,"ULAK PIANGGU, PAMPANGAN, OGAN KOMERING ILIR, SUMATERA SELATAN",3,88,79,167
https://kawalpemilu.org#91886,"ULAK KEMAN BARU, PAMPANGAN, OGAN KOMERING ILIR, SUMATERA SELATAN",1,76,138,214
https://kawalpemilu.org#91886,"ULAK KEMAN BARU, PAMPANGAN, OGAN KOMERING ILIR, SUMATERA SELATAN",2,45,168,213
https://kawalpemilu.org#91886,"ULAK KEMAN BARU, PAMPANGAN, OGAN KOMERING ILIR, SUMATERA SELATAN",3,31,166,197
https://kawalpemilu.org#91886,"ULAK KEMAN BARU, PAMPANGAN, OGAN KOMERING ILIR, SUMATERA SELATAN",4,58,127,185
https://kawalpemilu.org#91887,"KEMAN BARU, PAMPANGAN, OGAN KOMERING ILIR, SUMATERA SELATAN",1,68,110,178
https://kawalpemilu.org#91887,"KEMAN BARU, PAMPANGAN, OGAN KOMERING ILIR, SUMATERA SELATAN",2,35,121,156
https://kawalpemilu.org#91887,"KEMAN BARU, PAMPANGAN, OGAN KOMERING ILIR, SUMATERA SELATAN",3,38,170,208
https://kawalpemilu.org#91887,"KEMAN BARU, PAMPANGAN, OGAN KOMERING ILIR, SUMATERA SELATAN",4,34,179,213
https://kawalpemilu.org#927882,"SRIMULYA, PAMPANGAN, OGAN KOMERING ILIR, SUMATERA SELATAN",1,107,111,218
https://kawalpemilu.org#927882,"SRIMULYA, PAMPANGAN, OGAN KOMERING ILIR, SUMATERA SELATAN",2,127,96,223
https://kawalpemilu.org#17716,"TEBING SULUH, LEMPUING, OGAN KOMERING ILIR, SUMATERA SELATAN",1,44,148,192
https://kawalpemilu.org#17716,"TEBING SULUH, LEMPUING, OGAN KOMERING ILIR, SUMATERA SELATAN",2,39,224,263
https://kawalpemilu.org#17716,"TEBING SULUH, LEMPUING, OGAN KOMERING ILIR, SUMATERA SELATAN",3,75,134,209
https://kawalpemilu.org#17716,"TEBING SULUH, LEMPUING, OGAN KOMERING ILIR, SUMATERA SELATAN",4,102,68,170
https://kawalpemilu.org#17716,"TEBING SULUH, LEMPUING, OGAN KOMERING ILIR, SUMATERA SELATAN",5,85,158,243
https://kawalpemilu.org#17716,"TEBING SULUH, LEMPUING, OGAN KOMERING ILIR, SUMATERA SELATAN",6,33,87,120
https://kawalpemilu.org#17716,"TEBING SULUH, LEMPUING, OGAN KOMERING ILIR, SUMATERA SELATAN",7,123,160,283
https://kawalpemilu.org#17716,"TEBING SULUH, LEMPUING, OGAN KOMERING ILIR, SUMATERA SELATAN",8,81,99,180
https://kawalpemilu.org#17716,"TEBING SULUH, LEMPUING, OGAN KOMERING ILIR, SUMATERA SELATAN",9,104,149,253
https://kawalpemilu.org#17716,"TEBING SULUH, LEMPUING, OGAN KOMERING ILIR, SUMATERA SELATAN",10,69,137,206
https://kawalpemilu.org#17716,"TEBING SULUH, LEMPUING, OGAN KOMERING ILIR, SUMATERA SELATAN",11,103,181,284
https://kawalpemilu.org#17716,"TEBING SULUH, LEMPUING, OGAN KOMERING ILIR, SUMATERA SELATAN",12,141,105,246
https://kawalpemilu.org#17716,"TEBING SULUH, LEMPUING, OGAN KOMERING ILIR, SUMATERA SELATAN",13,93,105,198
https://kawalpemilu.org#17716,"TEBING SULUH, LEMPUING, OGAN KOMERING ILIR, SUMATERA SELATAN",14,71,160,231
https://kawalpemilu.org#17717,"CAHAYA BUMI, LEMPUING, OGAN KOMERING ILIR, SUMATERA SELATAN",1,37,95,132
https://kawalpemilu.org#17717,"CAHAYA BUMI, LEMPUING, OGAN KOMERING ILIR, SUMATERA SELATAN",2,39,156,195
https://kawalpemilu.org#17717,"CAHAYA BUMI, LEMPUING, OGAN KOMERING ILIR, SUMATERA SELATAN",3,80,182,262
https://kawalpemilu.org#17717,"CAHAYA BUMI, LEMPUING, OGAN KOMERING ILIR, SUMATERA SELATAN",4,87,153,240
https://kawalpemilu.org#17717,"CAHAYA BUMI, LEMPUING, OGAN KOMERING ILIR, SUMATERA SELATAN",5,117,145,262
https://kawalpemilu.org#17717,"CAHAYA BUMI, LEMPUING, OGAN KOMERING ILIR, SUMATERA SELATAN",6,45,185,230
https://kawalpemilu.org#17717,"CAHAYA BUMI, LEMPUING, OGAN KOMERING ILIR, SUMATERA SELATAN",7,36,85,121
https://kawalpemilu.org#17718,"KUTAPANDAN, LEMPUING, OGAN KOMERING ILIR, SUMATERA SELATAN",1,59,109,168
https://kawalpemilu.org#17718,"KUTAPANDAN, LEMPUING, OGAN KOMERING ILIR, SUMATERA SELATAN",2,80,93,173
https://kawalpemilu.org#17718,"KUTAPANDAN, LEMPUING, OGAN KOMERING ILIR, SUMATERA SELATAN",3,90,150,240
https://kawalpemilu.org#17718,"KUTAPANDAN, LEMPUING, OGAN KOMERING ILIR, SUMATERA SELATAN",4,87,126,213
https://kawalpemilu.org#17718,"KUTAPANDAN, LEMPUING, OGAN KOMERING ILIR, SUMATERA SELATAN",5,43,115,158
https://kawalpemilu.org#17718,"KUTAPANDAN, LEMPUING, OGAN KOMERING ILIR, SUMATERA SELATAN",6,64,85,149
https://kawalpemilu.org#17718,"KUTAPANDAN, LEMPUING, OGAN KOMERING ILIR, SUMATERA SELATAN",7,76,176,252
https://kawalpemilu.org#17718,"KUTAPANDAN, LEMPUING, OGAN KOMERING ILIR, SUMATERA SELATAN",8,112,6,118
https://kawalpemilu.org#17719,"CAHAYA MAJU, LEMPUING, OGAN KOMERING ILIR, SUMATERA SELATAN",2,78,146,224
https://kawalpemilu.org#17719,"CAHAYA MAJU, LEMPUING, OGAN KOMERING ILIR, SUMATERA SELATAN",3,129,117,246
https://kawalpemilu.org#17719,"CAHAYA MAJU, LEMPUING, OGAN KOMERING ILIR, SUMATERA SELATAN",4,84,157,241
https://kawalpemilu.org#17719,"CAHAYA MAJU, LEMPUING, OGAN KOMERING ILIR, SUMATERA SELATAN",5,103,129,232
https://kawalpemilu.org#17719,"CAHAYA MAJU, LEMPUING, OGAN KOMERING ILIR, SUMATERA SELATAN",6,96,155,251
https://kawalpemilu.org#17719,"CAHAYA MAJU, LEMPUING, OGAN KOMERING ILIR, SUMATERA SELATAN",7,98,200,298
https://kawalpemilu.org#17719,"CAHAYA MAJU, LEMPUING, OGAN KOMERING ILIR, SUMATERA SELATAN",8,116,160,276
https://kawalpemilu.org#17719,"CAHAYA MAJU, LEMPUING, OGAN KOMERING ILIR, SUMATERA SELATAN",9,79,177,256
https://kawalpemilu.org#17720,"BUMIAGUNG, LEMPUING, OGAN KOMERING ILIR, SUMATERA SELATAN",1,147,147,294
https://kawalpemilu.org#17720,"BUMIAGUNG, LEMPUING, OGAN KOMERING ILIR, SUMATERA SELATAN",2,96,139,235
https://kawalpemilu.org#17720,"BUMIAGUNG, LEMPUING, OGAN KOMERING ILIR, SUMATERA SELATAN",3,76,145,221
https://kawalpemilu.org#17720,"BUMIAGUNG, LEMPUING, OGAN KOMERING ILIR, SUMATERA SELATAN",4,89,141,230
https://kawalpemilu.org#17720,"BUMIAGUNG, LEMPUING, OGAN KOMERING ILIR, SUMATERA SELATAN",5,87,129,216
https://kawalpemilu.org#17720,"BUMIAGUNG, LEMPUING, OGAN KOMERING ILIR, SUMATERA SELATAN",6,106,108,214
https://kawalpemilu.org#17720,"BUMIAGUNG, LEMPUING, OGAN KOMERING ILIR, SUMATERA SELATAN",7,69,164,233
https://kawalpemilu.org#17720,"BUMIAGUNG, LEMPUING, OGAN KOMERING ILIR, SUMATERA SELATAN",8,75,135,210
https://kawalpemilu.org#17720,"BUMIAGUNG, LEMPUING, OGAN KOMERING ILIR, SUMATERA SELATAN",9,104,85,189
https://kawalpemilu.org#17720,"BUMIAGUNG, LEMPUING, OGAN KOMERING ILIR, SUMATERA SELATAN",10,130,98,228
https://kawalpemilu.org#17720,"BUMIAGUNG, LEMPUING, OGAN KOMERING ILIR, SUMATERA SELATAN",11,125,93,218
https://kawalpemilu.org#17720,"BUMIAGUNG, LEMPUING, OGAN KOMERING ILIR, SUMATERA SELATAN",12,96,83,179
https://kawalpemilu.org#17720,"BUMIAGUNG, LEMPUING, OGAN KOMERING ILIR, SUMATERA SELATAN",13,98,90,188
https://kawalpemilu.org#17721,"SUMBERAGUNG, LEMPUING, OGAN KOMERING ILIR, SUMATERA SELATAN",1,60,117,177
https://kawalpemilu.org#17721,"SUMBERAGUNG, LEMPUING, OGAN KOMERING ILIR, SUMATERA SELATAN",2,80,127,207
https://kawalpemilu.org#17721,"SUMBERAGUNG, LEMPUING, OGAN KOMERING ILIR, SUMATERA SELATAN",3,86,98,184
https://kawalpemilu.org#17721,"SUMBERAGUNG, LEMPUING, OGAN KOMERING ILIR, SUMATERA SELATAN",4,98,61,159
https://kawalpemilu.org#17721,"SUMBERAGUNG, LEMPUING, OGAN KOMERING ILIR, SUMATERA SELATAN",5,141,65,206
https://kawalpemilu.org#17721,"SUMBERAGUNG, LEMPUING, OGAN KOMERING ILIR, SUMATERA SELATAN",6,67,128,195
https://kawalpemilu.org#17721,"SUMBERAGUNG, LEMPUING, OGAN KOMERING ILIR, SUMATERA SELATAN",7,51,134,185
https://kawalpemilu.org#17721,"SUMBERAGUNG, LEMPUING, OGAN KOMERING ILIR, SUMATERA SELATAN",8,70,101,171
https://kawalpemilu.org#17721,"SUMBERAGUNG, LEMPUING, OGAN KOMERING ILIR, SUMATERA SELATAN",9,63,92,155
https://kawalpemilu.org#17721,"SUMBERAGUNG, LEMPUING, OGAN KOMERING ILIR, SUMATERA SELATAN",10,19,178,197
https://kawalpemilu.org#17721,"SUMBERAGUNG, LEMPUING, OGAN KOMERING ILIR, SUMATERA SELATAN",11,34,147,181
https://kawalpemilu.org#17722,"TUGUMULYO, LEMPUING, OGAN KOMERING ILIR, SUMATERA SELATAN",1,180,83,263
https://kawalpemilu.org#17722,"TUGUMULYO, LEMPUING, OGAN KOMERING ILIR, SUMATERA SELATAN",2,126,105,231
https://kawalpemilu.org#17722,"TUGUMULYO, LEMPUING, OGAN KOMERING ILIR, SUMATERA SELATAN",3,111,152,263
https://kawalpemilu.org#17722,"TUGUMULYO, LEMPUING, OGAN KOMERING ILIR, SUMATERA SELATAN",4,125,135,260
https://kawalpemilu.org#17722,"TUGUMULYO, LEMPUING, OGAN KOMERING ILIR, SUMATERA SELATAN",5,117,179,296
https://kawalpemilu.org#17722,"TUGUMULYO, LEMPUING, OGAN KOMERING ILIR, SUMATERA SELATAN",6,116,150,266
https://kawalpemilu.org#17722,"TUGUMULYO, LEMPUING, OGAN KOMERING ILIR, SUMATERA SELATAN",7,86,189,275
https://kawalpemilu.org#17722,"TUGUMULYO, LEMPUING, OGAN KOMERING ILIR, SUMATERA SELATAN",8,55,216,271
https://kawalpemilu.org#17722,"TUGUMULYO, LEMPUING, OGAN KOMERING ILIR, SUMATERA SELATAN",9,152,148,300
https://kawalpemilu.org#17722,"TUGUMULYO, LEMPUING, OGAN KOMERING ILIR, SUMATERA SELATAN",10,101,148,249
https://kawalpemilu.org#17722,"TUGUMULYO, LEMPUING, OGAN KOMERING ILIR, SUMATERA SELATAN",11,86,114,200
https://kawalpemilu.org#17722,"TUGUMULYO, LEMPUING, OGAN KOMERING ILIR, SUMATERA SELATAN",12,116,147,263
https://kawalpemilu.org#17722,"TUGUMULYO, LEMPUING, OGAN KOMERING ILIR, SUMATERA SELATAN",13,123,131,254
https://kawalpemilu.org#17722,"TUGUMULYO, LEMPUING, OGAN KOMERING ILIR, SUMATERA SELATAN",14,78,132,210
https://kawalpemilu.org#17722,"TUGUMULYO, LEMPUING, OGAN KOMERING ILIR, SUMATERA SELATAN",15,64,166,230
https://kawalpemilu.org#17722,"TUGUMULYO, LEMPUING, OGAN KOMERING ILIR, SUMATERA SELATAN",16,162,120,282
https://kawalpemilu.org#17722,"TUGUMULYO, LEMPUING, OGAN KOMERING ILIR, SUMATERA SELATAN",17,54,103,157
https://kawalpemilu.org#17722,"TUGUMULYO, LEMPUING, OGAN KOMERING ILIR, SUMATERA SELATAN",18,107,81,188
https://kawalpemilu.org#17722,"TUGUMULYO, LEMPUING, OGAN KOMERING ILIR, SUMATERA SELATAN",19,125,155,280
https://kawalpemilu.org#17722,"TUGUMULYO, LEMPUING, OGAN KOMERING ILIR, SUMATERA SELATAN",20,148,73,221
https://kawalpemilu.org#17722,"TUGUMULYO, LEMPUING, OGAN KOMERING ILIR, SUMATERA SELATAN",21,139,143,282
https://kawalpemilu.org#17722,"TUGUMULYO, LEMPUING, OGAN KOMERING ILIR, SUMATERA SELATAN",22,82,123,205
https://kawalpemilu.org#17722,"TUGUMULYO, LEMPUING, OGAN KOMERING ILIR, SUMATERA SELATAN",23,136,127,263
https://kawalpemilu.org#17722,"TUGUMULYO, LEMPUING, OGAN KOMERING ILIR, SUMATERA SELATAN",24,109,144,253
https://kawalpemilu.org#17722,"TUGUMULYO, LEMPUING, OGAN KOMERING ILIR, SUMATERA SELATAN",25,96,175,271
https://kawalpemilu.org#17722,"TUGUMULYO, LEMPUING, OGAN KOMERING ILIR, SUMATERA SELATAN",26,112,166,278
https://kawalpemilu.org#17722,"TUGUMULYO, LEMPUING, OGAN KOMERING ILIR, SUMATERA SELATAN",27,112,143,255
https://kawalpemilu.org#17722,"TUGUMULYO, LEMPUING, OGAN KOMERING ILIR, SUMATERA SELATAN",28,106,117,223
https://kawalpemilu.org#17723,"DABUK REJO, LEMPUING, OGAN KOMERING ILIR, SUMATERA SELATAN",1,80,181,261
https://kawalpemilu.org#17723,"DABUK REJO, LEMPUING, OGAN KOMERING ILIR, SUMATERA SELATAN",2,75,178,253
https://kawalpemilu.org#17723,"DABUK REJO, LEMPUING, OGAN KOMERING ILIR, SUMATERA SELATAN",3,78,215,293
https://kawalpemilu.org#17723,"DABUK REJO, LEMPUING, OGAN KOMERING ILIR, SUMATERA SELATAN",4,68,148,216
https://kawalpemilu.org#17723,"DABUK REJO, LEMPUING, OGAN KOMERING ILIR, SUMATERA SELATAN",5,37,190,227
https://kawalpemilu.org#17723,"DABUK REJO, LEMPUING, OGAN KOMERING ILIR, SUMATERA SELATAN",6,70,183,253
https://kawalpemilu.org#17723,"DABUK REJO, LEMPUING, OGAN KOMERING ILIR, SUMATERA SELATAN",7,69,178,247
https://kawalpemilu.org#17723,"DABUK REJO, LEMPUING, OGAN KOMERING ILIR, SUMATERA SELATAN",8,77,198,275
https://kawalpemilu.org#17723,"DABUK REJO, LEMPUING, OGAN KOMERING ILIR, SUMATERA SELATAN",9,88,196,284
https://kawalpemilu.org#17723,"DABUK REJO, LEMPUING, OGAN KOMERING ILIR, SUMATERA SELATAN",10,84,189,273
https://kawalpemilu.org#17723,"DABUK REJO, LEMPUING, OGAN KOMERING ILIR, SUMATERA SELATAN",11,87,162,249
https://kawalpemilu.org#17723,"DABUK REJO, LEMPUING, OGAN KOMERING ILIR, SUMATERA SELATAN",12,77,206,283
https://kawalpemilu.org#17723,"DABUK REJO, LEMPUING, OGAN KOMERING ILIR, SUMATERA SELATAN",13,59,58,117
https://kawalpemilu.org#17723,"DABUK REJO, LEMPUING, OGAN KOMERING ILIR, SUMATERA SELATAN",14,52,124,176
https://kawalpemilu.org#17723,"DABUK REJO, LEMPUING, OGAN KOMERING ILIR, SUMATERA SELATAN",15,63,134,197
https://kawalpemilu.org#17724,"SUKA MULYA, LEMPUING, OGAN KOMERING ILIR, SUMATERA SELATAN",1,41,136,177
https://kawalpemilu.org#17724,"SUKA MULYA, LEMPUING, OGAN KOMERING ILIR, SUMATERA SELATAN",2,35,159,194
https://kawalpemilu.org#17724,"SUKA MULYA, LEMPUING, OGAN KOMERING ILIR, SUMATERA SELATAN",3,26,140,166
https://kawalpemilu.org#17724,"SUKA MULYA, LEMPUING, OGAN KOMERING ILIR, SUMATERA SELATAN",4,23,150,173
https://kawalpemilu.org#17724,"SUKA MULYA, LEMPUING, OGAN KOMERING ILIR, SUMATERA SELATAN",5,13,164,177
https://kawalpemilu.org#17724,"SUKA MULYA, LEMPUING, OGAN KOMERING ILIR, SUMATERA SELATAN",6,20,136,156
https://kawalpemilu.org#17724,"SUKA MULYA, LEMPUING, OGAN KOMERING ILIR, SUMATERA SELATAN",7,22,159,181
https://kawalpemilu.org#17724,"SUKA MULYA, LEMPUING, OGAN KOMERING ILIR, SUMATERA SELATAN",8,44,143,187
https://kawalpemilu.org#17724,"SUKA MULYA, LEMPUING, OGAN KOMERING ILIR, SUMATERA SELATAN",9,44,125,169
https://kawalpemilu.org#17724,"SUKA MULYA, LEMPUING, OGAN KOMERING ILIR, SUMATERA SELATAN",10,35,135,170
https://kawalpemilu.org#17724,"SUKA MULYA, LEMPUING, OGAN KOMERING ILIR, SUMATERA SELATAN",11,56,176,234
https://kawalpemilu.org#17724,"SUKA MULYA, LEMPUING, OGAN KOMERING ILIR, SUMATERA SELATAN",12,38,180,218
https://kawalpemilu.org#17724,"SUKA MULYA, LEMPUING, OGAN KOMERING ILIR, SUMATERA SELATAN",13,79,134,213
https://kawalpemilu.org#17724,"SUKA MULYA, LEMPUING, OGAN KOMERING ILIR, SUMATERA SELATAN",14,53,70,123
https://kawalpemilu.org#17725,"BUMIARJO, LEMPUING, OGAN KOMERING ILIR, SUMATERA SELATAN",1,81,161,242
https://kawalpemilu.org#17725,"BUMIARJO, LEMPUING, OGAN KOMERING ILIR, SUMATERA SELATAN",2,149,106,255
https://kawalpemilu.org#17725,"BUMIARJO, LEMPUING, OGAN KOMERING ILIR, SUMATERA SELATAN",3,77,137,214
https://kawalpemilu.org#17725,"BUMIARJO, LEMPUING, OGAN KOMERING ILIR, SUMATERA SELATAN",4,30,173,203
https://kawalpemilu.org#17725,"BUMIARJO, LEMPUING, OGAN KOMERING ILIR, SUMATERA SELATAN",6,73,119,192
https://kawalpemilu.org#17725,"BUMIARJO, LEMPUING, OGAN KOMERING ILIR, SUMATERA SELATAN",7,41,123,164
https://kawalpemilu.org#17726,"TULUNG HARAPAN, LEMPUING, OGAN KOMERING ILIR, SUMATERA SELATAN",1,78,127,205
https://kawalpemilu.org#17726,"TULUNG HARAPAN, LEMPUING, OGAN KOMERING ILIR, SUMATERA SELATAN",2,105,147,252
https://kawalpemilu.org#17726,"TULUNG HARAPAN, LEMPUING, OGAN KOMERING ILIR, SUMATERA SELATAN",3,41,154,195
https://kawalpemilu.org#17726,"TULUNG HARAPAN, LEMPUING, OGAN KOMERING ILIR, SUMATERA SELATAN",4,70,150,220
https://kawalpemilu.org#17726,"TULUNG HARAPAN, LEMPUING, OGAN KOMERING ILIR, SUMATERA SELATAN",5,84,88,172
https://kawalpemilu.org#17726,"TULUNG HARAPAN, LEMPUING, OGAN KOMERING ILIR, SUMATERA SELATAN",6,167,48,215
https://kawalpemilu.org#17727,"KEPAYANG, LEMPUING, OGAN KOMERING ILIR, SUMATERA SELATAN",1,55,185,240
https://kawalpemilu.org#17727,"KEPAYANG, LEMPUING, OGAN KOMERING ILIR, SUMATERA SELATAN",2,25,171,196
https://kawalpemilu.org#17727,"KEPAYANG, LEMPUING, OGAN KOMERING ILIR, SUMATERA SELATAN",4,126,123,249
https://kawalpemilu.org#17727,"KEPAYANG, LEMPUING, OGAN KOMERING ILIR, SUMATERA SELATAN",5,162,81,243
https://kawalpemilu.org#17727,"KEPAYANG, LEMPUING, OGAN KOMERING ILIR, SUMATERA SELATAN",6,97,126,223
https://kawalpemilu.org#17727,"KEPAYANG, LEMPUING, OGAN KOMERING ILIR, SUMATERA SELATAN",7,74,139,213
https://kawalpemilu.org#17727,"KEPAYANG, LEMPUING, OGAN KOMERING ILIR, SUMATERA SELATAN",8,95,132,227
https://kawalpemilu.org#17727,"KEPAYANG, LEMPUING, OGAN KOMERING ILIR, SUMATERA SELATAN",9,101,100,201
https://kawalpemilu.org#17727,"KEPAYANG, LEMPUING, OGAN KOMERING ILIR, SUMATERA SELATAN",10,139,94,233
https://kawalpemilu.org#17728,"TUGU JAYA, LEMPUING, OGAN KOMERING ILIR, SUMATERA SELATAN",1,94,178,272
https://kawalpemilu.org#17728,"TUGU JAYA, LEMPUING, OGAN KOMERING ILIR, SUMATERA SELATAN",2,146,122,268
https://kawalpemilu.org#17728,"TUGU JAYA, LEMPUING, OGAN KOMERING ILIR, SUMATERA SELATAN",4,167,94,261
https://kawalpemilu.org#17728,"TUGU JAYA, LEMPUING, OGAN KOMERING ILIR, SUMATERA SELATAN",5,107,168,275
https://kawalpemilu.org#17728,"TUGU JAYA, LEMPUING, OGAN KOMERING ILIR, SUMATERA SELATAN",6,117,142,259
https://kawalpemilu.org#17728,"TUGU JAYA, LEMPUING, OGAN KOMERING ILIR, SUMATERA SELATAN",7,146,124,270
https://kawalpemilu.org#17728,"TUGU JAYA, LEMPUING, OGAN KOMERING ILIR, SUMATERA SELATAN",9,192,82,274
https://kawalpemilu.org#17728,"TUGU JAYA, LEMPUING, OGAN KOMERING ILIR, SUMATERA SELATAN",10,168,109,277
https://kawalpemilu.org#17728,"TUGU JAYA, LEMPUING, OGAN KOMERING ILIR, SUMATERA SELATAN",11,170,101,271
https://kawalpemilu.org#17729,"TUGU AGUNG, LEMPUING, OGAN KOMERING ILIR, SUMATERA SELATAN",1,105,81,186
https://kawalpemilu.org#17729,"TUGU AGUNG, LEMPUING, OGAN KOMERING ILIR, SUMATERA SELATAN",2,92,92,184
https://kawalpemilu.org#17729,"TUGU AGUNG, LEMPUING, OGAN KOMERING ILIR, SUMATERA SELATAN",4,129,80,209
https://kawalpemilu.org#17729,"TUGU AGUNG, LEMPUING, OGAN KOMERING ILIR, SUMATERA SELATAN",5,63,78,141
https://kawalpemilu.org#17729,"TUGU AGUNG, LEMPUING, OGAN KOMERING ILIR, SUMATERA SELATAN",6,56,81,137
https://kawalpemilu.org#17729,"TUGU AGUNG, LEMPUING, OGAN KOMERING ILIR, SUMATERA SELATAN",7,110,105,215
https://kawalpemilu.org#17729,"TUGU AGUNG, LEMPUING, OGAN KOMERING ILIR, SUMATERA SELATAN",8,88,115,203
https://kawalpemilu.org#17729,"TUGU AGUNG, LEMPUING, OGAN KOMERING ILIR, SUMATERA SELATAN",9,81,126,207
https://kawalpemilu.org#17729,"TUGU AGUNG, LEMPUING, OGAN KOMERING ILIR, SUMATERA SELATAN",10,117,98,215
https://kawalpemilu.org#17729,"TUGU AGUNG, LEMPUING, OGAN KOMERING ILIR, SUMATERA SELATAN",11,116,101,217
https://kawalpemilu.org#17729,"TUGU AGUNG, LEMPUING, OGAN KOMERING ILIR, SUMATERA SELATAN",12,96,131,227
https://kawalpemilu.org#17730,"SINDANG SARI, LEMPUING, OGAN KOMERING ILIR, SUMATERA SELATAN",1,86,166,252
https://kawalpemilu.org#17730,"SINDANG SARI, LEMPUING, OGAN KOMERING ILIR, SUMATERA SELATAN",2,65,167,232
https://kawalpemilu.org#17730,"SINDANG SARI, LEMPUING, OGAN KOMERING ILIR, SUMATERA SELATAN",3,95,155,250
https://kawalpemilu.org#17730,"SINDANG SARI, LEMPUING, OGAN KOMERING ILIR, SUMATERA SELATAN",4,117,124,241
https://kawalpemilu.org#17730,"SINDANG SARI, LEMPUING, OGAN KOMERING ILIR, SUMATERA SELATAN",5,115,118,233
https://kawalpemilu.org#17730,"SINDANG SARI, LEMPUING, OGAN KOMERING ILIR, SUMATERA SELATAN",6,138,119,257
https://kawalpemilu.org#17730,"SINDANG SARI, LEMPUING, OGAN KOMERING ILIR, SUMATERA SELATAN",7,141,122,263
https://kawalpemilu.org#17730,"SINDANG SARI, LEMPUING, OGAN KOMERING ILIR, SUMATERA SELATAN",8,135,104,239
https://kawalpemilu.org#17731,"MEKAR JAYA, LEMPUING, OGAN KOMERING ILIR, SUMATERA SELATAN",1,56,179,235
https://kawalpemilu.org#17731,"MEKAR JAYA, LEMPUING, OGAN KOMERING ILIR, SUMATERA SELATAN",2,53,101,154
https://kawalpemilu.org#17731,"MEKAR JAYA, LEMPUING, OGAN KOMERING ILIR, SUMATERA SELATAN",3,107,151,258
https://kawalpemilu.org#17731,"MEKAR JAYA, LEMPUING, OGAN KOMERING ILIR, SUMATERA SELATAN",4,138,147,285
https://kawalpemilu.org#17731,"MEKAR JAYA, LEMPUING, OGAN KOMERING ILIR, SUMATERA SELATAN",5,88,166,254
https://kawalpemilu.org#17731,"MEKAR JAYA, LEMPUING, OGAN KOMERING ILIR, SUMATERA SELATAN",6,105,174,279
https://kawalpemilu.org#17731,"MEKAR JAYA, LEMPUING, OGAN KOMERING ILIR, SUMATERA SELATAN",7,95,65,260
https://kawalpemilu.org#927884,"SUMBER MAKMUR, LEMPUING, OGAN KOMERING ILIR, SUMATERA SELATAN",1,102,101,203
https://kawalpemilu.org#927884,"SUMBER MAKMUR, LEMPUING, OGAN KOMERING ILIR, SUMATERA SELATAN",2,149,91,240
https://kawalpemilu.org#927884,"SUMBER MAKMUR, LEMPUING, OGAN KOMERING ILIR, SUMATERA SELATAN",3,147,50,197
https://kawalpemilu.org#927884,"SUMBER MAKMUR, LEMPUING, OGAN KOMERING ILIR, SUMATERA SELATAN",4,201,65,266
https://kawalpemilu.org#931149,"BUMIARJO MAKMUR, LEMPUING, OGAN KOMERING ILIR, SUMATERA SELATAN",1,118,101,219
https://kawalpemilu.org#931149,"BUMIARJO MAKMUR, LEMPUING, OGAN KOMERING ILIR, SUMATERA SELATAN",2,160,99,259
https://kawalpemilu.org#931149,"BUMIARJO MAKMUR, LEMPUING, OGAN KOMERING ILIR, SUMATERA SELATAN",3,92,146,238
https://kawalpemilu.org#931149,"BUMIARJO MAKMUR, LEMPUING, OGAN KOMERING ILIR, SUMATERA SELATAN",4,27,244,271
https://kawalpemilu.org#931150,"CAHAYA MAKMUR, LEMPUING, OGAN KOMERING ILIR, SUMATERA SELATAN",1,125,70,195
https://kawalpemilu.org#931150,"CAHAYA MAKMUR, LEMPUING, OGAN KOMERING ILIR, SUMATERA SELATAN",2,186,72,258
https://kawalpemilu.org#931150,"CAHAYA MAKMUR, LEMPUING, OGAN KOMERING ILIR, SUMATERA SELATAN",3,96,106,202
https://kawalpemilu.org#931150,"CAHAYA MAKMUR, LEMPUING, OGAN KOMERING ILIR, SUMATERA SELATAN",4,84,122,206
https://kawalpemilu.org#17733,"TIRTA MULYA, AIR SUGIHAN, OGAN KOMERING ILIR, SUMATERA SELATAN",1,174,39,213
https://kawalpemilu.org#17733,"TIRTA MULYA, AIR SUGIHAN, OGAN KOMERING ILIR, SUMATERA SELATAN",2,154,84,238
https://kawalpemilu.org#17733,"TIRTA MULYA, AIR SUGIHAN, OGAN KOMERING ILIR, SUMATERA SELATAN",3,196,50,246
https://kawalpemilu.org#17733,"TIRTA MULYA, AIR SUGIHAN, OGAN KOMERING ILIR, SUMATERA SELATAN",4,122,54,176
https://kawalpemilu.org#17733,"TIRTA MULYA, AIR SUGIHAN, OGAN KOMERING ILIR, SUMATERA SELATAN",5,146,21,167
https://kawalpemilu.org#17734,"SUKA MULYA, AIR SUGIHAN, OGAN KOMERING ILIR, SUMATERA SELATAN",1,158,70,228
https://kawalpemilu.org#17734,"SUKA MULYA, AIR SUGIHAN, OGAN KOMERING ILIR, SUMATERA SELATAN",2,196,48,244
https://kawalpemilu.org#17734,"SUKA MULYA, AIR SUGIHAN, OGAN KOMERING ILIR, SUMATERA SELATAN",3,213,40,253
https://kawalpemilu.org#17734,"SUKA MULYA, AIR SUGIHAN, OGAN KOMERING ILIR, SUMATERA SELATAN",4,226,42,268
https://kawalpemilu.org#17734,"SUKA MULYA, AIR SUGIHAN, OGAN KOMERING ILIR, SUMATERA SELATAN",5,139,84,223
https://kawalpemilu.org#17735,"JADI MULYA, AIR SUGIHAN, OGAN KOMERING ILIR, SUMATERA SELATAN",1,160,48,208
https://kawalpemilu.org#17735,"JADI MULYA, AIR SUGIHAN, OGAN KOMERING ILIR, SUMATERA SELATAN",2,178,28,206
https://kawalpemilu.org#17735,"JADI MULYA, AIR SUGIHAN, OGAN KOMERING ILIR, SUMATERA SELATAN",3,104,55,159
https://kawalpemilu.org#17735,"JADI MULYA, AIR SUGIHAN, OGAN KOMERING ILIR, SUMATERA SELATAN",4,144,24,168
https://kawalpemilu.org#17736,"MARGA TANI, AIR SUGIHAN, OGAN KOMERING ILIR, SUMATERA SELATAN",1,205,23,228
https://kawalpemilu.org#17736,"MARGA TANI, AIR SUGIHAN, OGAN KOMERING ILIR, SUMATERA SELATAN",2,115,40,155
https://kawalpemilu.org#17736,"MARGA TANI, AIR SUGIHAN, OGAN KOMERING ILIR, SUMATERA SELATAN",3,135,45,180
https://kawalpemilu.org#17736,"MARGA TANI, AIR SUGIHAN, OGAN KOMERING ILIR, SUMATERA SELATAN",4,135,14,149
https://kawalpemilu.org#17737,"BANDAR JAYA, AIR SUGIHAN, OGAN KOMERING ILIR, SUMATERA SELATAN",1,99,101,200
https://kawalpemilu.org#17737,"BANDAR JAYA, AIR SUGIHAN, OGAN KOMERING ILIR, SUMATERA SELATAN",2,98,95,193
https://kawalpemilu.org#17737,"BANDAR JAYA, AIR SUGIHAN, OGAN KOMERING ILIR, SUMATERA SELATAN",3,197,60,257
https://kawalpemilu.org#17737,"BANDAR JAYA, AIR SUGIHAN, OGAN KOMERING ILIR, SUMATERA SELATAN",4,94,120,214
https://kawalpemilu.org#17737,"BANDAR JAYA, AIR SUGIHAN, OGAN KOMERING ILIR, SUMATERA SELATAN",5,148,51,199
https://kawalpemilu.org#17737,"BANDAR JAYA, AIR SUGIHAN, OGAN KOMERING ILIR, SUMATERA SELATAN",6,138,29,167
https://kawalpemilu.org#17738,"MUKTI JAYA, AIR SUGIHAN, OGAN KOMERING ILIR, SUMATERA SELATAN",1,103,122,225
https://kawalpemilu.org#17738,"MUKTI JAYA, AIR SUGIHAN, OGAN KOMERING ILIR, SUMATERA SELATAN",2,120,110,230
https://kawalpemilu.org#17738,"MUKTI JAYA, AIR SUGIHAN, OGAN KOMERING ILIR, SUMATERA SELATAN",3,184,58,242
https://kawalpemilu.org#17738,"MUKTI JAYA, AIR SUGIHAN, OGAN KOMERING ILIR, SUMATERA SELATAN",4,195,60,255
https://kawalpemilu.org#17739,"SERIJAYA BARU, AIR SUGIHAN, OGAN KOMERING ILIR, SUMATERA SELATAN",1,179,77,256
https://kawalpemilu.org#17739,"SERIJAYA BARU, AIR SUGIHAN, OGAN KOMERING ILIR, SUMATERA SELATAN",2,158,52,210
https://kawalpemilu.org#17739,"SERIJAYA BARU, AIR SUGIHAN, OGAN KOMERING ILIR, SUMATERA SELATAN",3,165,52,217
https://kawalpemilu.org#17739,"SERIJAYA BARU, AIR SUGIHAN, OGAN KOMERING ILIR, SUMATERA SELATAN",4,191,27,218
https://kawalpemilu.org#17739,"SERIJAYA BARU, AIR SUGIHAN, OGAN KOMERING ILIR, SUMATERA SELATAN",5,175,45,220
https://kawalpemilu.org#17740,"NUSANTARA, AIR SUGIHAN, OGAN KOMERING ILIR, SUMATERA SELATAN",1,139,26,165
https://kawalpemilu.org#17740,"NUSANTARA, AIR SUGIHAN, OGAN KOMERING ILIR, SUMATERA SELATAN",2,145,40,185
https://kawalpemilu.org#17740,"NUSANTARA, AIR SUGIHAN, OGAN KOMERING ILIR, SUMATERA SELATAN",3,118,63,181
https://kawalpemilu.org#17740,"NUSANTARA, AIR SUGIHAN, OGAN KOMERING ILIR, SUMATERA SELATAN",4,143,62,205
https://kawalpemilu.org#17740,"NUSANTARA, AIR SUGIHAN, OGAN KOMERING ILIR, SUMATERA SELATAN",5,158,47,205
https://kawalpemilu.org#17740,"NUSANTARA, AIR SUGIHAN, OGAN KOMERING ILIR, SUMATERA SELATAN",6,172,31,203
https://kawalpemilu.org#17741,"KERTA MUKTI, AIR SUGIHAN, OGAN KOMERING ILIR, SUMATERA SELATAN",1,69,180,249
https://kawalpemilu.org#17741,"KERTA MUKTI, AIR SUGIHAN, OGAN KOMERING ILIR, SUMATERA SELATAN",2,56,119,175
https://kawalpemilu.org#17741,"KERTA MUKTI, AIR SUGIHAN, OGAN KOMERING ILIR, SUMATERA SELATAN",3,129,62,191
https://kawalpemilu.org#17741,"KERTA MUKTI, AIR SUGIHAN, OGAN KOMERING ILIR, SUMATERA SELATAN",4,147,105,252
https://kawalpemilu.org#17741,"KERTA MUKTI, AIR SUGIHAN, OGAN KOMERING ILIR, SUMATERA SELATAN",5,106,62,168
https://kawalpemilu.org#17741,"KERTA MUKTI, AIR SUGIHAN, OGAN KOMERING ILIR, SUMATERA SELATAN",6,108,98,206
https://kawalpemilu.org#17741,"KERTA MUKTI, AIR SUGIHAN, OGAN KOMERING ILIR, SUMATERA SELATAN",7,114,77,191
https://kawalpemilu.org#17742,"NUSAKERTA, AIR SUGIHAN, OGAN KOMERING ILIR, SUMATERA SELATAN",1,150,84,234
https://kawalpemilu.org#17742,"NUSAKERTA, AIR SUGIHAN, OGAN KOMERING ILIR, SUMATERA SELATAN",2,153,83,236
https://kawalpemilu.org#17742,"NUSAKERTA, AIR SUGIHAN, OGAN KOMERING ILIR, SUMATERA SELATAN",3,196,56,252
https://kawalpemilu.org#17742,"NUSAKERTA, AIR SUGIHAN, OGAN KOMERING ILIR, SUMATERA SELATAN",4,171,61,232
https://kawalpemilu.org#17742,"NUSAKERTA, AIR SUGIHAN, OGAN KOMERING ILIR, SUMATERA SELATAN",5,136,77,213
https://kawalpemilu.org#17742,"NUSAKERTA, AIR SUGIHAN, OGAN KOMERING ILIR, SUMATERA SELATAN",6,107,127,234
https://kawalpemilu.org#17743,"BANYU BIRU, AIR SUGIHAN, OGAN KOMERING ILIR, SUMATERA SELATAN",1,110,31,141
https://kawalpemilu.org#17743,"BANYU BIRU, AIR SUGIHAN, OGAN KOMERING ILIR, SUMATERA SELATAN",2,139,23,162
https://kawalpemilu.org#17743,"BANYU BIRU, AIR SUGIHAN, OGAN KOMERING ILIR, SUMATERA SELATAN",3,112,61,173
https://kawalpemilu.org#17743,"BANYU BIRU, AIR SUGIHAN, OGAN KOMERING ILIR, SUMATERA SELATAN",4,137,81,218
https://kawalpemilu.org#17743,"BANYU BIRU, AIR SUGIHAN, OGAN KOMERING ILIR, SUMATERA SELATAN",5,157,41,198
https://kawalpemilu.org#17743,"BANYU BIRU, AIR SUGIHAN, OGAN KOMERING ILIR, SUMATERA SELATAN",6,111,43,154
https://kawalpemilu.org#17743,"BANYU BIRU, AIR SUGIHAN, OGAN KOMERING ILIR, SUMATERA SELATAN",7,119,32,151
https://kawalpemilu.org#17744,"PANGKALAN DAMAI, AIR SUGIHAN, OGAN KOMERING ILIR, SUMATERA SELATAN",1,114,60,174
https://kawalpemilu.org#17744,"PANGKALAN DAMAI, AIR SUGIHAN, OGAN KOMERING ILIR, SUMATERA SELATAN",2,154,27,181
https://kawalpemilu.org#17744,"PANGKALAN DAMAI, AIR SUGIHAN, OGAN KOMERING ILIR, SUMATERA SELATAN",3,144,36,180
https://kawalpemilu.org#17744,"PANGKALAN DAMAI, AIR SUGIHAN, OGAN KOMERING ILIR, SUMATERA SELATAN",4,115,70,185
https://kawalpemilu.org#17745,"NEGERI SAKTI, AIR SUGIHAN, OGAN KOMERING ILIR, SUMATERA SELATAN",1,121,50,171
https://kawalpemilu.org#17745,"NEGERI SAKTI, AIR SUGIHAN, OGAN KOMERING ILIR, SUMATERA SELATAN",2,150,58,208
https://kawalpemilu.org#17745,"NEGERI SAKTI, AIR SUGIHAN, OGAN KOMERING ILIR, SUMATERA SELATAN",3,100,93,193
https://kawalpemilu.org#17745,"NEGERI SAKTI, AIR SUGIHAN, OGAN KOMERING ILIR, SUMATERA SELATAN",4,137,80,217
https://kawalpemilu.org#17746,"RANTAU KARYA, AIR SUGIHAN, OGAN KOMERING ILIR, SUMATERA SELATAN",1,158,95,253
https://kawalpemilu.org#17746,"RANTAU KARYA, AIR SUGIHAN, OGAN KOMERING ILIR, SUMATERA SELATAN",2,185,75,260
https://kawalpemilu.org#17746,"RANTAU KARYA, AIR SUGIHAN, OGAN KOMERING ILIR, SUMATERA SELATAN",3,157,93,250
https://kawalpemilu.org#17746,"RANTAU KARYA, AIR SUGIHAN, OGAN KOMERING ILIR, SUMATERA SELATAN",4,140,89,229
https://kawalpemilu.org#17746,"RANTAU KARYA, AIR SUGIHAN, OGAN KOMERING ILIR, SUMATERA SELATAN",5,152,39,191
https://kawalpemilu.org#17746,"RANTAU KARYA, AIR SUGIHAN, OGAN KOMERING ILIR, SUMATERA SELATAN",6,148,27,175
https://kawalpemilu.org#17747,"PANGKALAN SAKTI, AIR SUGIHAN, OGAN KOMERING ILIR, SUMATERA SELATAN",1,167,61,228
https://kawalpemilu.org#17747,"PANGKALAN SAKTI, AIR SUGIHAN, OGAN KOMERING ILIR, SUMATERA SELATAN",2,112,85,197
https://kawalpemilu.org#17747,"PANGKALAN SAKTI, AIR SUGIHAN, OGAN KOMERING ILIR, SUMATERA SELATAN",3,90,111,201
https://kawalpemilu.org#17747,"PANGKALAN SAKTI, AIR SUGIHAN, OGAN KOMERING ILIR, SUMATERA SELATAN",4,112,138,250
https://kawalpemilu.org#17747,"PANGKALAN SAKTI, AIR SUGIHAN, OGAN KOMERING ILIR, SUMATERA SELATAN",5,157,69,226
https://kawalpemilu.org#17747,"PANGKALAN SAKTI, AIR SUGIHAN, OGAN KOMERING ILIR, SUMATERA SELATAN",6,146,48,194
https://kawalpemilu.org#17748,"SIMPANG HERAN, AIR SUGIHAN, OGAN KOMERING ILIR, SUMATERA SELATAN",1,165,67,232
https://kawalpemilu.org#17748,"SIMPANG HERAN, AIR SUGIHAN, OGAN KOMERING ILIR, SUMATERA SELATAN",2,157,92,249
https://kawalpemilu.org#17748,"SIMPANG HERAN, AIR SUGIHAN, OGAN KOMERING ILIR, SUMATERA SELATAN",3,134,83,217
https://kawalpemilu.org#17748,"SIMPANG HERAN, AIR SUGIHAN, OGAN KOMERING ILIR, SUMATERA SELATAN",4,152,77,229
https://kawalpemilu.org#17748,"SIMPANG HERAN, AIR SUGIHAN, OGAN KOMERING ILIR, SUMATERA SELATAN",5,165,85,250
https://kawalpemilu.org#17749,"RENGAS ABANG, AIR SUGIHAN, OGAN KOMERING ILIR, SUMATERA SELATAN",1,133,10,143
https://kawalpemilu.org#17749,"RENGAS ABANG, AIR SUGIHAN, OGAN KOMERING ILIR, SUMATERA SELATAN",2,98,59,157
https://kawalpemilu.org#17749,"RENGAS ABANG, AIR SUGIHAN, OGAN KOMERING ILIR, SUMATERA SELATAN",3,188,38,226
https://kawalpemilu.org#17750,"BUKIT BATU, AIR SUGIHAN, OGAN KOMERING ILIR, SUMATERA SELATAN",1,122,67,189
https://kawalpemilu.org#17750,"BUKIT BATU, AIR SUGIHAN, OGAN KOMERING ILIR, SUMATERA SELATAN",2,137,32,169
https://kawalpemilu.org#17750,"BUKIT BATU, AIR SUGIHAN, OGAN KOMERING ILIR, SUMATERA SELATAN",3,136,49,185
https://kawalpemilu.org#17750,"BUKIT BATU, AIR SUGIHAN, OGAN KOMERING ILIR, SUMATERA SELATAN",4,113,56,169
https://kawalpemilu.org#17750,"BUKIT BATU, AIR SUGIHAN, OGAN KOMERING ILIR, SUMATERA SELATAN",5,102,90,192
https://kawalpemilu.org#17750,"BUKIT BATU, AIR SUGIHAN, OGAN KOMERING ILIR, SUMATERA SELATAN",6,90,116,206
https://kawalpemilu.org#17750,"BUKIT BATU, AIR SUGIHAN, OGAN KOMERING ILIR, SUMATERA SELATAN",7,83,111,194
https://kawalpemilu.org#17750,"BUKIT BATU, AIR SUGIHAN, OGAN KOMERING ILIR, SUMATERA SELATAN",8,102,28,130
https://kawalpemilu.org#17750,"BUKIT BATU, AIR SUGIHAN, OGAN KOMERING ILIR, SUMATERA SELATAN",9,68,62,130
https://kawalpemilu.org#17750,"BUKIT BATU, AIR SUGIHAN, OGAN KOMERING ILIR, SUMATERA SELATAN",10,3,37,40
https://kawalpemilu.org#17750,"BUKIT BATU, AIR SUGIHAN, OGAN KOMERING ILIR, SUMATERA SELATAN",11,66,125,191
https://kawalpemilu.org#17750,"BUKIT BATU, AIR SUGIHAN, OGAN KOMERING ILIR, SUMATERA SELATAN",12,44,134,178
https://kawalpemilu.org#17750,"BUKIT BATU, AIR SUGIHAN, OGAN KOMERING ILIR, SUMATERA SELATAN",13,79,136,215
https://kawalpemilu.org#17751,"SUNGAI BATANG, AIR SUGIHAN, OGAN KOMERING ILIR, SUMATERA SELATAN",1,93,18,111
https://kawalpemilu.org#17751,"SUNGAI BATANG, AIR SUGIHAN, OGAN KOMERING ILIR, SUMATERA SELATAN",2,77,9,86
https://kawalpemilu.org#17751,"SUNGAI BATANG, AIR SUGIHAN, OGAN KOMERING ILIR, SUMATERA SELATAN",3,122,7,129
https://kawalpemilu.org#17753,"SUNGAI MENANG, SUNGAI MENANG, OGAN KOMERING ILIR, SUMATERA SELATAN",1,65,3,68
https://kawalpemilu.org#17753,"SUNGAI MENANG, SUNGAI MENANG, OGAN KOMERING ILIR, SUMATERA SELATAN",2,46,244,290
https://kawalpemilu.org#17753,"SUNGAI MENANG, SUNGAI MENANG, OGAN KOMERING ILIR, SUMATERA SELATAN",3,73,114,187
https://kawalpemilu.org#17753,"SUNGAI MENANG, SUNGAI MENANG, OGAN KOMERING ILIR, SUMATERA SELATAN",4,86,162,248
https://kawalpemilu.org#17753,"SUNGAI MENANG, SUNGAI MENANG, OGAN KOMERING ILIR, SUMATERA SELATAN",5,0,0,0
https://kawalpemilu.org#17753,"SUNGAI MENANG, SUNGAI MENANG, OGAN KOMERING ILIR, SUMATERA SELATAN",6,72,173,245
https://kawalpemilu.org#17753,"SUNGAI MENANG, SUNGAI MENANG, OGAN KOMERING ILIR, SUMATERA SELATAN",7,78,193,271
https://kawalpemilu.org#17753,"SUNGAI MENANG, SUNGAI MENANG, OGAN KOMERING ILIR, SUMATERA SELATAN",8,108,130,238
https://kawalpemilu.org#17753,"SUNGAI MENANG, SUNGAI MENANG, OGAN KOMERING ILIR, SUMATERA SELATAN",9,76,32,108
https://kawalpemilu.org#17753,"SUNGAI MENANG, SUNGAI MENANG, OGAN KOMERING ILIR, SUMATERA SELATAN",10,185,70,255
https://kawalpemilu.org#17753,"SUNGAI MENANG, SUNGAI MENANG, OGAN KOMERING ILIR, SUMATERA SELATAN",11,0,0,0
https://kawalpemilu.org#17753,"SUNGAI MENANG, SUNGAI MENANG, OGAN KOMERING ILIR, SUMATERA SELATAN",12,160,118,278
https://kawalpemilu.org#17753,"SUNGAI MENANG, SUNGAI MENANG, OGAN KOMERING ILIR, SUMATERA SELATAN",13,119,33,152
https://kawalpemilu.org#17753,"SUNGAI MENANG, SUNGAI MENANG, OGAN KOMERING ILIR, SUMATERA SELATAN",14,93,94,187
https://kawalpemilu.org#17753,"SUNGAI MENANG, SUNGAI MENANG, OGAN KOMERING ILIR, SUMATERA SELATAN",15,60,39,99
https://kawalpemilu.org#17754,"KARANGSIA, SUNGAI MENANG, OGAN KOMERING ILIR, SUMATERA SELATAN",1,9,288,297
https://kawalpemilu.org#17754,"KARANGSIA, SUNGAI MENANG, OGAN KOMERING ILIR, SUMATERA SELATAN",2,9,288,297
https://kawalpemilu.org#17755,"SUNGAI CEPER, SUNGAI MENANG, OGAN KOMERING ILIR, SUMATERA SELATAN",1,171,17,188
https://kawalpemilu.org#17755,"SUNGAI CEPER, SUNGAI MENANG, OGAN KOMERING ILIR, SUMATERA SELATAN",2,119,59,178
https://kawalpemilu.org#17755,"SUNGAI CEPER, SUNGAI MENANG, OGAN KOMERING ILIR, SUMATERA SELATAN",4,76,30,106
https://kawalpemilu.org#17755,"SUNGAI CEPER, SUNGAI MENANG, OGAN KOMERING ILIR, SUMATERA SELATAN",5,67,11,78
https://kawalpemilu.org#17755,"SUNGAI CEPER, SUNGAI MENANG, OGAN KOMERING ILIR, SUMATERA SELATAN",6,33,40,73
https://kawalpemilu.org#17755,"SUNGAI CEPER, SUNGAI MENANG, OGAN KOMERING ILIR, SUMATERA SELATAN",7,150,54,204
https://kawalpemilu.org#17755,"SUNGAI CEPER, SUNGAI MENANG, OGAN KOMERING ILIR, SUMATERA SELATAN",8,135,63,198
https://kawalpemilu.org#17755,"SUNGAI CEPER, SUNGAI MENANG, OGAN KOMERING ILIR, SUMATERA SELATAN",9,95,92,187
https://kawalpemilu.org#17755,"SUNGAI CEPER, SUNGAI MENANG, OGAN KOMERING ILIR, SUMATERA SELATAN",10,132,30,162
https://kawalpemilu.org#17755,"SUNGAI CEPER, SUNGAI MENANG, OGAN KOMERING ILIR, SUMATERA SELATAN",11,51,62,113
https://kawalpemilu.org#17755,"SUNGAI CEPER, SUNGAI MENANG, OGAN KOMERING ILIR, SUMATERA SELATAN",12,98,41,139
https://kawalpemilu.org#17755,"SUNGAI CEPER, SUNGAI MENANG, OGAN KOMERING ILIR, SUMATERA SELATAN",13,96,34,130
https://kawalpemilu.org#17755,"SUNGAI CEPER, SUNGAI MENANG, OGAN KOMERING ILIR, SUMATERA SELATAN",15,57,28,85
https://kawalpemilu.org#17756,"GAJAH MATI, SUNGAI MENANG, OGAN KOMERING ILIR, SUMATERA SELATAN",1,74,41,115
https://kawalpemilu.org#17756,"GAJAH MATI, SUNGAI MENANG, OGAN KOMERING ILIR, SUMATERA SELATAN",2,118,82,200
https://kawalpemilu.org#17756,"GAJAH MATI, SUNGAI MENANG, OGAN KOMERING ILIR, SUMATERA SELATAN",3,81,18,99
https://kawalpemilu.org#17756,"GAJAH MATI, SUNGAI MENANG, OGAN KOMERING ILIR, SUMATERA SELATAN",4,61,13,74
https://kawalpemilu.org#17756,"GAJAH MATI, SUNGAI MENANG, OGAN KOMERING ILIR, SUMATERA SELATAN",5,119,27,146
https://kawalpemilu.org#17756,"GAJAH MATI, SUNGAI MENANG, OGAN KOMERING ILIR, SUMATERA SELATAN",6,77,58,135
https://kawalpemilu.org#17756,"GAJAH MATI, SUNGAI MENANG, OGAN KOMERING ILIR, SUMATERA SELATAN",7,112,25,137
https://kawalpemilu.org#17756,"GAJAH MATI, SUNGAI MENANG, OGAN KOMERING ILIR, SUMATERA SELATAN",8,107,21,128
https://kawalpemilu.org#17756,"GAJAH MATI, SUNGAI MENANG, OGAN KOMERING ILIR, SUMATERA SELATAN",9,158,8,166
https://kawalpemilu.org#17756,"GAJAH MATI, SUNGAI MENANG, OGAN KOMERING ILIR, SUMATERA SELATAN",10,99,27,126
https://kawalpemilu.org#17756,"GAJAH MATI, SUNGAI MENANG, OGAN KOMERING ILIR, SUMATERA SELATAN",11,30,26,56
https://kawalpemilu.org#17756,"GAJAH MATI, SUNGAI MENANG, OGAN KOMERING ILIR, SUMATERA SELATAN",12,13,2,15
https://kawalpemilu.org#17757,"SUNGAI TEPUK, SUNGAI MENANG, OGAN KOMERING ILIR, SUMATERA SELATAN",1,87,84,171
https://kawalpemilu.org#17757,"SUNGAI TEPUK, SUNGAI MENANG, OGAN KOMERING ILIR, SUMATERA SELATAN",2,125,26,151
https://kawalpemilu.org#17757,"SUNGAI TEPUK, SUNGAI MENANG, OGAN KOMERING ILIR, SUMATERA SELATAN",3,121,9,130
https://kawalpemilu.org#17758,"SUNGAI SIBUR, SUNGAI MENANG, OGAN KOMERING ILIR, SUMATERA SELATAN",1,236,9,245
https://kawalpemilu.org#17758,"SUNGAI SIBUR, SUNGAI MENANG, OGAN KOMERING ILIR, SUMATERA SELATAN",2,224,11,235
https://kawalpemilu.org#17758,"SUNGAI SIBUR, SUNGAI MENANG, OGAN KOMERING ILIR, SUMATERA SELATAN",3,0,0,0
https://kawalpemilu.org#17758,"SUNGAI SIBUR, SUNGAI MENANG, OGAN KOMERING ILIR, SUMATERA SELATAN",4,239,12,251
https://kawalpemilu.org#17758,"SUNGAI SIBUR, SUNGAI MENANG, OGAN KOMERING ILIR, SUMATERA SELATAN",5,123,24,147
https://kawalpemilu.org#17758,"SUNGAI SIBUR, SUNGAI MENANG, OGAN KOMERING ILIR, SUMATERA SELATAN",6,39,3,42
https://kawalpemilu.org#17758,"SUNGAI SIBUR, SUNGAI MENANG, OGAN KOMERING ILIR, SUMATERA SELATAN",7,100,5,105
https://kawalpemilu.org#17758,"SUNGAI SIBUR, SUNGAI MENANG, OGAN KOMERING ILIR, SUMATERA SELATAN",8,155,8,163
https://kawalpemilu.org#17758,"SUNGAI SIBUR, SUNGAI MENANG, OGAN KOMERING ILIR, SUMATERA SELATAN",9,107,4,111
https://kawalpemilu.org#17758,"SUNGAI SIBUR, SUNGAI MENANG, OGAN KOMERING ILIR, SUMATERA SELATAN",10,289,9,298
https://kawalpemilu.org#17758,"SUNGAI SIBUR, SUNGAI MENANG, OGAN KOMERING ILIR, SUMATERA SELATAN",11,258,6,264
https://kawalpemilu.org#17758,"SUNGAI SIBUR, SUNGAI MENANG, OGAN KOMERING ILIR, SUMATERA SELATAN",12,27,2,29
https://kawalpemilu.org#17758,"SUNGAI SIBUR, SUNGAI MENANG, OGAN KOMERING ILIR, SUMATERA SELATAN",13,140,16,156
https://kawalpemilu.org#17758,"SUNGAI SIBUR, SUNGAI MENANG, OGAN KOMERING ILIR, SUMATERA SELATAN",14,74,7,81
https://kawalpemilu.org#17758,"SUNGAI SIBUR, SUNGAI MENANG, OGAN KOMERING ILIR, SUMATERA SELATAN",15,107,8,115
https://kawalpemilu.org#17759,"TALANG MAKMUR, SUNGAI MENANG, OGAN KOMERING ILIR, SUMATERA SELATAN",1,133,68,201
https://kawalpemilu.org#17759,"TALANG MAKMUR, SUNGAI MENANG, OGAN KOMERING ILIR, SUMATERA SELATAN",2,126,56,182
https://kawalpemilu.org#17759,"TALANG MAKMUR, SUNGAI MENANG, OGAN KOMERING ILIR, SUMATERA SELATAN",3,74,64,138
https://kawalpemilu.org#17759,"TALANG MAKMUR, SUNGAI MENANG, OGAN KOMERING ILIR, SUMATERA SELATAN",4,92,100,192
https://kawalpemilu.org#17760,"HARAPAN JAYA, SUNGAI MENANG, OGAN KOMERING ILIR, SUMATERA SELATAN",1,123,96,219
https://kawalpemilu.org#17760,"HARAPAN JAYA, SUNGAI MENANG, OGAN KOMERING ILIR, SUMATERA SELATAN",2,100,61,161
https://kawalpemilu.org#17761,"TALANG JAYA, SUNGAI MENANG, OGAN KOMERING ILIR, SUMATERA SELATAN",1,151,115,266
https://kawalpemilu.org#17761,"TALANG JAYA, SUNGAI MENANG, OGAN KOMERING ILIR, SUMATERA SELATAN",2,120,59,179
https://kawalpemilu.org#17761,"TALANG JAYA, SUNGAI MENANG, OGAN KOMERING ILIR, SUMATERA SELATAN",3,153,64,217
https://kawalpemilu.org#17761,"TALANG JAYA, SUNGAI MENANG, OGAN KOMERING ILIR, SUMATERA SELATAN",4,229,45,274
https://kawalpemilu.org#17761,"TALANG JAYA, SUNGAI MENANG, OGAN KOMERING ILIR, SUMATERA SELATAN",5,81,44,125
https://kawalpemilu.org#17761,"TALANG JAYA, SUNGAI MENANG, OGAN KOMERING ILIR, SUMATERA SELATAN",6,176,94,270
https://kawalpemilu.org#17761,"TALANG JAYA, SUNGAI MENANG, OGAN KOMERING ILIR, SUMATERA SELATAN",7,123,105,228
https://kawalpemilu.org#17761,"TALANG JAYA, SUNGAI MENANG, OGAN KOMERING ILIR, SUMATERA SELATAN",8,145,55,200
https://kawalpemilu.org#17761,"TALANG JAYA, SUNGAI MENANG, OGAN KOMERING ILIR, SUMATERA SELATAN",9,189,27,216
https://kawalpemilu.org#17761,"TALANG JAYA, SUNGAI MENANG, OGAN KOMERING ILIR, SUMATERA SELATAN",10,111,46,157
https://kawalpemilu.org#17762,"SIDOMULYO, SUNGAI MENANG, OGAN KOMERING ILIR, SUMATERA SELATAN",1,218,51,269
https://kawalpemilu.org#17762,"SIDOMULYO, SUNGAI MENANG, OGAN KOMERING ILIR, SUMATERA SELATAN",2,259,42,301
https://kawalpemilu.org#17762,"SIDOMULYO, SUNGAI MENANG, OGAN KOMERING ILIR, SUMATERA SELATAN",3,244,39,283
https://kawalpemilu.org#17762,"SIDOMULYO, SUNGAI MENANG, OGAN KOMERING ILIR, SUMATERA SELATAN",4,237,52,289
https://kawalpemilu.org#17762,"SIDOMULYO, SUNGAI MENANG, OGAN KOMERING ILIR, SUMATERA SELATAN",5,143,115,258
https://kawalpemilu.org#17762,"SIDOMULYO, SUNGAI MENANG, OGAN KOMERING ILIR, SUMATERA SELATAN",6,73,40,113
https://kawalpemilu.org#17762,"SIDOMULYO, SUNGAI MENANG, OGAN KOMERING ILIR, SUMATERA SELATAN",7,170,26,196
https://kawalpemilu.org#17763,"BUMI PRATAMA MANDIRA, SUNGAI MENANG, OGAN KOMERING ILIR, SUMATERA SELATAN",1,44,70,114
https://kawalpemilu.org#17763,"BUMI PRATAMA MANDIRA, SUNGAI MENANG, OGAN KOMERING ILIR, SUMATERA SELATAN",2,67,137,204
https://kawalpemilu.org#17763,"BUMI PRATAMA MANDIRA, SUNGAI MENANG, OGAN KOMERING ILIR, SUMATERA SELATAN",3,52,120,172
https://kawalpemilu.org#17763,"BUMI PRATAMA MANDIRA, SUNGAI MENANG, OGAN KOMERING ILIR, SUMATERA SELATAN",4,39,93,132
https://kawalpemilu.org#17763,"BUMI PRATAMA MANDIRA, SUNGAI MENANG, OGAN KOMERING ILIR, SUMATERA SELATAN",5,66,109,175
https://kawalpemilu.org#17763,"BUMI PRATAMA MANDIRA, SUNGAI MENANG, OGAN KOMERING ILIR, SUMATERA SELATAN",6,72,69,141
https://kawalpemilu.org#17763,"BUMI PRATAMA MANDIRA, SUNGAI MENANG, OGAN KOMERING ILIR, SUMATERA SELATAN",7,56,68,124
https://kawalpemilu.org#17763,"BUMI PRATAMA MANDIRA, SUNGAI MENANG, OGAN KOMERING ILIR, SUMATERA SELATAN",8,61,79,140
https://kawalpemilu.org#17763,"BUMI PRATAMA MANDIRA, SUNGAI MENANG, OGAN KOMERING ILIR, SUMATERA SELATAN",9,68,95,163
https://kawalpemilu.org#17763,"BUMI PRATAMA MANDIRA, SUNGAI MENANG, OGAN KOMERING ILIR, SUMATERA SELATAN",10,76,75,151
https://kawalpemilu.org#17763,"BUMI PRATAMA MANDIRA, SUNGAI MENANG, OGAN KOMERING ILIR, SUMATERA SELATAN",11,35,102,137
https://kawalpemilu.org#17763,"BUMI PRATAMA MANDIRA, SUNGAI MENANG, OGAN KOMERING ILIR, SUMATERA SELATAN",12,74,66,140
https://kawalpemilu.org#17763,"BUMI PRATAMA MANDIRA, SUNGAI MENANG, OGAN KOMERING ILIR, SUMATERA SELATAN",13,89,93,182
https://kawalpemilu.org#17763,"BUMI PRATAMA MANDIRA, SUNGAI MENANG, OGAN KOMERING ILIR, SUMATERA SELATAN",14,73,73,146
https://kawalpemilu.org#17763,"BUMI PRATAMA MANDIRA, SUNGAI MENANG, OGAN KOMERING ILIR, SUMATERA SELATAN",15,59,100,159
https://kawalpemilu.org#17763,"BUMI PRATAMA MANDIRA, SUNGAI MENANG, OGAN KOMERING ILIR, SUMATERA SELATAN",16,110,90,200
https://kawalpemilu.org#17763,"BUMI PRATAMA MANDIRA, SUNGAI MENANG, OGAN KOMERING ILIR, SUMATERA SELATAN",17,54,118,172
https://kawalpemilu.org#17763,"BUMI PRATAMA MANDIRA, SUNGAI MENANG, OGAN KOMERING ILIR, SUMATERA SELATAN",18,74,108,182
https://kawalpemilu.org#17763,"BUMI PRATAMA MANDIRA, SUNGAI MENANG, OGAN KOMERING ILIR, SUMATERA SELATAN",19,64,127,191
https://kawalpemilu.org#17763,"BUMI PRATAMA MANDIRA, SUNGAI MENANG, OGAN KOMERING ILIR, SUMATERA SELATAN",20,55,77,132
https://kawalpemilu.org#17763,"BUMI PRATAMA MANDIRA, SUNGAI MENANG, OGAN KOMERING ILIR, SUMATERA SELATAN",21,49,83,132
https://kawalpemilu.org#17763,"BUMI PRATAMA MANDIRA, SUNGAI MENANG, OGAN KOMERING ILIR, SUMATERA SELATAN",22,37,64,101
https://kawalpemilu.org#17763,"BUMI PRATAMA MANDIRA, SUNGAI MENANG, OGAN KOMERING ILIR, SUMATERA SELATAN",23,28,50,78
https://kawalpemilu.org#17763,"BUMI PRATAMA MANDIRA, SUNGAI MENANG, OGAN KOMERING ILIR, SUMATERA SELATAN",24,45,83,128
https://kawalpemilu.org#17763,"BUMI PRATAMA MANDIRA, SUNGAI MENANG, OGAN KOMERING ILIR, SUMATERA SELATAN",25,86,112,198
https://kawalpemilu.org#17764,"PINANG INDAH, SUNGAI MENANG, OGAN KOMERING ILIR, SUMATERA SELATAN",1,50,32,82
https://kawalpemilu.org#17764,"PINANG INDAH, SUNGAI MENANG, OGAN KOMERING ILIR, SUMATERA SELATAN",2,158,63,221
https://kawalpemilu.org#17764,"PINANG INDAH, SUNGAI MENANG, OGAN KOMERING ILIR, SUMATERA SELATAN",3,33,88,121
https://kawalpemilu.org#17764,"PINANG INDAH, SUNGAI MENANG, OGAN KOMERING ILIR, SUMATERA SELATAN",4,26,3,29
https://kawalpemilu.org#17764,"PINANG INDAH, SUNGAI MENANG, OGAN KOMERING ILIR, SUMATERA SELATAN",5,48,59,107
https://kawalpemilu.org#17764,"PINANG INDAH, SUNGAI MENANG, OGAN KOMERING ILIR, SUMATERA SELATAN",7,142,74,216
https://kawalpemilu.org#17764,"PINANG INDAH, SUNGAI MENANG, OGAN KOMERING ILIR, SUMATERA SELATAN",8,56,226,282
https://kawalpemilu.org#17764,"PINANG INDAH, SUNGAI MENANG, OGAN KOMERING ILIR, SUMATERA SELATAN",9,175,113,288
https://kawalpemilu.org#17764,"PINANG INDAH, SUNGAI MENANG, OGAN KOMERING ILIR, SUMATERA SELATAN",11,167,21,188
https://kawalpemilu.org#17764,"PINANG INDAH, SUNGAI MENANG, OGAN KOMERING ILIR, SUMATERA SELATAN",12,115,128,243
https://kawalpemilu.org#17765,"GAJAH MAKMUR, SUNGAI MENANG, OGAN KOMERING ILIR, SUMATERA SELATAN",1,176,28,204
https://kawalpemilu.org#17765,"GAJAH MAKMUR, SUNGAI MENANG, OGAN KOMERING ILIR, SUMATERA SELATAN",2,95,9,104
https://kawalpemilu.org#17766,"GADING JAYA, SUNGAI MENANG, OGAN KOMERING ILIR, SUMATERA SELATAN",1,176,89,265
https://kawalpemilu.org#17766,"GADING JAYA, SUNGAI MENANG, OGAN KOMERING ILIR, SUMATERA SELATAN",2,149,48,197
https://kawalpemilu.org#91889,"GAJAH MULYA, SUNGAI MENANG, OGAN KOMERING ILIR, SUMATERA SELATAN",1,57,204,261
https://kawalpemilu.org#91890,"SRI GADING, SUNGAI MENANG, OGAN KOMERING ILIR, SUMATERA SELATAN",1,161,25,186
https://kawalpemilu.org#91890,"SRI GADING, SUNGAI MENANG, OGAN KOMERING ILIR, SUMATERA SELATAN",2,176,26,202
https://kawalpemilu.org#91891,"GADING MAS, SUNGAI MENANG, OGAN KOMERING ILIR, SUMATERA SELATAN",1,132,81,213
https://kawalpemilu.org#91891,"GADING MAS, SUNGAI MENANG, OGAN KOMERING ILIR, SUMATERA SELATAN",2,55,34,89
https://kawalpemilu.org#927874,"GAJAH MUKTI, SUNGAI MENANG, OGAN KOMERING ILIR, SUMATERA SELATAN",1,74,115,189
https://kawalpemilu.org#927874,"GAJAH MUKTI, SUNGAI MENANG, OGAN KOMERING ILIR, SUMATERA SELATAN",2,74,95,169
https://kawalpemilu.org#17771,"TANJUNG AUR, JEJAWI, OGAN KOMERING ILIR, SUMATERA SELATAN",1,55,123,178
https://kawalpemilu.org#17771,"TANJUNG AUR, JEJAWI, OGAN KOMERING ILIR, SUMATERA SELATAN",2,34,118,152
https://kawalpemilu.org#17771,"TANJUNG AUR, JEJAWI, OGAN KOMERING ILIR, SUMATERA SELATAN",3,37,110,147
https://kawalpemilu.org#17771,"TANJUNG AUR, JEJAWI, OGAN KOMERING ILIR, SUMATERA SELATAN",4,9,96,105
https://kawalpemilu.org#17772,"LUBUK KETEPENG, JEJAWI, OGAN KOMERING ILIR, SUMATERA SELATAN",1,61,111,172
https://kawalpemilu.org#17772,"LUBUK KETEPENG, JEJAWI, OGAN KOMERING ILIR, SUMATERA SELATAN",2,67,117,184
https://kawalpemilu.org#17772,"LUBUK KETEPENG, JEJAWI, OGAN KOMERING ILIR, SUMATERA SELATAN",3,87,164,251
https://kawalpemilu.org#17772,"LUBUK KETEPENG, JEJAWI, OGAN KOMERING ILIR, SUMATERA SELATAN",4,91,136,227
https://kawalpemilu.org#17773,"TALANG CEMPEDAK, JEJAWI, OGAN KOMERING ILIR, SUMATERA SELATAN",1,87,138,225
https://kawalpemilu.org#17773,"TALANG CEMPEDAK, JEJAWI, OGAN KOMERING ILIR, SUMATERA SELATAN",2,80,132,212
https://kawalpemilu.org#17773,"TALANG CEMPEDAK, JEJAWI, OGAN KOMERING ILIR, SUMATERA SELATAN",3,81,125,206
https://kawalpemilu.org#17773,"TALANG CEMPEDAK, JEJAWI, OGAN KOMERING ILIR, SUMATERA SELATAN",4,131,106,237
https://kawalpemilu.org#17773,"TALANG CEMPEDAK, JEJAWI, OGAN KOMERING ILIR, SUMATERA SELATAN",5,97,93,190
https://kawalpemilu.org#17773,"TALANG CEMPEDAK, JEJAWI, OGAN KOMERING ILIR, SUMATERA SELATAN",6,65,115,180
https://kawalpemilu.org#17773,"TALANG CEMPEDAK, JEJAWI, OGAN KOMERING ILIR, SUMATERA SELATAN",7,71,112,183
https://kawalpemilu.org#17773,"TALANG CEMPEDAK, JEJAWI, OGAN KOMERING ILIR, SUMATERA SELATAN",8,97,74,171
https://kawalpemilu.org#17774,"BUBUSAN, JEJAWI, OGAN KOMERING ILIR, SUMATERA SELATAN",1,56,177,233
https://kawalpemilu.org#17774,"BUBUSAN, JEJAWI, OGAN KOMERING ILIR, SUMATERA SELATAN",2,53,163,216
https://kawalpemilu.org#17774,"BUBUSAN, JEJAWI, OGAN KOMERING ILIR, SUMATERA SELATAN",3,37,170,207
https://kawalpemilu.org#17774,"BUBUSAN, JEJAWI, OGAN KOMERING ILIR, SUMATERA SELATAN",4,19,221,240
https://kawalpemilu.org#17774,"BUBUSAN, JEJAWI, OGAN KOMERING ILIR, SUMATERA SELATAN",5,46,190,236
https://kawalpemilu.org#17774,"BUBUSAN, JEJAWI, OGAN KOMERING ILIR, SUMATERA SELATAN",6,68,174,242
https://kawalpemilu.org#17775,"AIR ITAM, JEJAWI, OGAN KOMERING ILIR, SUMATERA SELATAN",1,85,167,252
https://kawalpemilu.org#17775,"AIR ITAM, JEJAWI, OGAN KOMERING ILIR, SUMATERA SELATAN",2,32,225,257
https://kawalpemilu.org#17775,"AIR ITAM, JEJAWI, OGAN KOMERING ILIR, SUMATERA SELATAN",3,64,135,199
https://kawalpemilu.org#17775,"AIR ITAM, JEJAWI, OGAN KOMERING ILIR, SUMATERA SELATAN",4,102,137,239
https://kawalpemilu.org#17775,"AIR ITAM, JEJAWI, OGAN KOMERING ILIR, SUMATERA SELATAN",5,103,123,226
https://kawalpemilu.org#17775,"AIR ITAM, JEJAWI, OGAN KOMERING ILIR, SUMATERA SELATAN",6,92,144,236
https://kawalpemilu.org#17776,"JEJAWI, JEJAWI, OGAN KOMERING ILIR, SUMATERA SELATAN",1,14,167,181
https://kawalpemilu.org#17776,"JEJAWI, JEJAWI, OGAN KOMERING ILIR, SUMATERA SELATAN",2,23,186,209
https://kawalpemilu.org#17776,"JEJAWI, JEJAWI, OGAN KOMERING ILIR, SUMATERA SELATAN",3,19,156,175
https://kawalpemilu.org#17776,"JEJAWI, JEJAWI, OGAN KOMERING ILIR, SUMATERA SELATAN",4,36,161,197
https://kawalpemilu.org#17776,"JEJAWI, JEJAWI, OGAN KOMERING ILIR, SUMATERA SELATAN",5,12,180,192
https://kawalpemilu.org#17776,"JEJAWI, JEJAWI, OGAN KOMERING ILIR, SUMATERA SELATAN",6,21,101,122
https://kawalpemilu.org#17776,"JEJAWI, JEJAWI, OGAN KOMERING ILIR, SUMATERA SELATAN",7,46,134,180
https://kawalpemilu.org#17776,"JEJAWI, JEJAWI, OGAN KOMERING ILIR, SUMATERA SELATAN",8,8,106,114
https://kawalpemilu.org#17776,"JEJAWI, JEJAWI, OGAN KOMERING ILIR, SUMATERA SELATAN",9,15,173,188
https://kawalpemilu.org#17776,"JEJAWI, JEJAWI, OGAN KOMERING ILIR, SUMATERA SELATAN",10,17,149,166
https://kawalpemilu.org#17776,"JEJAWI, JEJAWI, OGAN KOMERING ILIR, SUMATERA SELATAN",11,16,150,166
https://kawalpemilu.org#17776,"JEJAWI, JEJAWI, OGAN KOMERING ILIR, SUMATERA SELATAN",12,6,120,126
https://kawalpemilu.org#17776,"JEJAWI, JEJAWI, OGAN KOMERING ILIR, SUMATERA SELATAN",13,78,79,157
https://kawalpemilu.org#17776,"JEJAWI, JEJAWI, OGAN KOMERING ILIR, SUMATERA SELATAN",14,19,202,221
https://kawalpemilu.org#17777,"KARANG AGUNG, JEJAWI, OGAN KOMERING ILIR, SUMATERA SELATAN",1,40,154,194
https://kawalpemilu.org#17777,"KARANG AGUNG, JEJAWI, OGAN KOMERING ILIR, SUMATERA SELATAN",2,56,171,227
https://kawalpemilu.org#17777,"KARANG AGUNG, JEJAWI, OGAN KOMERING ILIR, SUMATERA SELATAN",3,56,155,211
https://kawalpemilu.org#17778,"MUARA BATUN, JEJAWI, OGAN KOMERING ILIR, SUMATERA SELATAN",1,72,40,112
https://kawalpemilu.org#17778,"MUARA BATUN, JEJAWI, OGAN KOMERING ILIR, SUMATERA SELATAN",2,106,101,207
https://kawalpemilu.org#17778,"MUARA BATUN, JEJAWI, OGAN KOMERING ILIR, SUMATERA SELATAN",3,81,105,186
https://kawalpemilu.org#17778,"MUARA BATUN, JEJAWI, OGAN KOMERING ILIR, SUMATERA SELATAN",4,27,116,143
https://kawalpemilu.org#17778,"MUARA BATUN, JEJAWI, OGAN KOMERING ILIR, SUMATERA SELATAN",5,96,74,170
https://kawalpemilu.org#17778,"MUARA BATUN, JEJAWI, OGAN KOMERING ILIR, SUMATERA SELATAN",6,75,126,201
https://kawalpemilu.org#17778,"MUARA BATUN, JEJAWI, OGAN KOMERING ILIR, SUMATERA SELATAN",7,78,73,151
https://kawalpemilu.org#17778,"MUARA BATUN, JEJAWI, OGAN KOMERING ILIR, SUMATERA SELATAN",8,68,96,164
https://kawalpemilu.org#17778,"MUARA BATUN, JEJAWI, OGAN KOMERING ILIR, SUMATERA SELATAN",10,75,58,133
https://kawalpemilu.org#17779,"LINGKIS, JEJAWI, OGAN KOMERING ILIR, SUMATERA SELATAN",1,94,84,178
https://kawalpemilu.org#17779,"LINGKIS, JEJAWI, OGAN KOMERING ILIR, SUMATERA SELATAN",2,50,76,126
https://kawalpemilu.org#17779,"LINGKIS, JEJAWI, OGAN KOMERING ILIR, SUMATERA SELATAN",3,60,76,136
https://kawalpemilu.org#17779,"LINGKIS, JEJAWI, OGAN KOMERING ILIR, SUMATERA SELATAN",4,53,70,123
https://kawalpemilu.org#17779,"LINGKIS, JEJAWI, OGAN KOMERING ILIR, SUMATERA SELATAN",5,126,73,199
https://kawalpemilu.org#17779,"LINGKIS, JEJAWI, OGAN KOMERING ILIR, SUMATERA SELATAN",6,61,58,119
https://kawalpemilu.org#17779,"LINGKIS, JEJAWI, OGAN KOMERING ILIR, SUMATERA SELATAN",7,54,41,95
https://kawalpemilu.org#17779,"LINGKIS, JEJAWI, OGAN KOMERING ILIR, SUMATERA SELATAN",9,71,99,170
https://kawalpemilu.org#17779,"LINGKIS, JEJAWI, OGAN KOMERING ILIR, SUMATERA SELATAN",10,54,102,156
https://kawalpemilu.org#17779,"LINGKIS, JEJAWI, OGAN KOMERING ILIR, SUMATERA SELATAN",11,44,57,101
https://kawalpemilu.org#17779,"LINGKIS, JEJAWI, OGAN KOMERING ILIR, SUMATERA SELATAN",12,43,60,103
https://kawalpemilu.org#17779,"LINGKIS, JEJAWI, OGAN KOMERING ILIR, SUMATERA SELATAN",13,69,109,178
https://kawalpemilu.org#17779,"LINGKIS, JEJAWI, OGAN KOMERING ILIR, SUMATERA SELATAN",14,56,133,189
https://kawalpemilu.org#17779,"LINGKIS, JEJAWI, OGAN KOMERING ILIR, SUMATERA SELATAN",15,66,103,169
https://kawalpemilu.org#17780,"TERUSAN JAWA, JEJAWI, OGAN KOMERING ILIR, SUMATERA SELATAN",1,41,79,120
https://kawalpemilu.org#17780,"TERUSAN JAWA, JEJAWI, OGAN KOMERING ILIR, SUMATERA SELATAN",2,58,76,134
https://kawalpemilu.org#17780,"TERUSAN JAWA, JEJAWI, OGAN KOMERING ILIR, SUMATERA SELATAN",3,36,91,127
https://kawalpemilu.org#17780,"TERUSAN JAWA, JEJAWI, OGAN KOMERING ILIR, SUMATERA SELATAN",4,51,24,75
https://kawalpemilu.org#17781,"TANJUNG ALAI, JEJAWI, OGAN KOMERING ILIR, SUMATERA SELATAN",1,58,164,222
https://kawalpemilu.org#17781,"TANJUNG ALAI, JEJAWI, OGAN KOMERING ILIR, SUMATERA SELATAN",2,53,165,218
https://kawalpemilu.org#17781,"TANJUNG ALAI, JEJAWI, OGAN KOMERING ILIR, SUMATERA SELATAN",3,80,142,222
https://kawalpemilu.org#17781,"TANJUNG ALAI, JEJAWI, OGAN KOMERING ILIR, SUMATERA SELATAN",4,69,131,200
https://kawalpemilu.org#17781,"TANJUNG ALAI, JEJAWI, OGAN KOMERING ILIR, SUMATERA SELATAN",5,45,161,206
https://kawalpemilu.org#17781,"TANJUNG ALAI, JEJAWI, OGAN KOMERING ILIR, SUMATERA SELATAN",6,53,167,220
https://kawalpemilu.org#17781,"TANJUNG ALAI, JEJAWI, OGAN KOMERING ILIR, SUMATERA SELATAN",7,30,195,225
https://kawalpemilu.org#17782,"SUKADARMA, JEJAWI, OGAN KOMERING ILIR, SUMATERA SELATAN",1,43,144,187
https://kawalpemilu.org#17782,"SUKADARMA, JEJAWI, OGAN KOMERING ILIR, SUMATERA SELATAN",2,73,167,240
https://kawalpemilu.org#17782,"SUKADARMA, JEJAWI, OGAN KOMERING ILIR, SUMATERA SELATAN",3,23,152,175
https://kawalpemilu.org#17782,"SUKADARMA, JEJAWI, OGAN KOMERING ILIR, SUMATERA SELATAN",4,42,197,239
https://kawalpemilu.org#17782,"SUKADARMA, JEJAWI, OGAN KOMERING ILIR, SUMATERA SELATAN",5,55,165,220
https://kawalpemilu.org#17782,"SUKADARMA, JEJAWI, OGAN KOMERING ILIR, SUMATERA SELATAN",6,46,156,202
https://kawalpemilu.org#17782,"SUKADARMA, JEJAWI, OGAN KOMERING ILIR, SUMATERA SELATAN",7,38,192,232
https://kawalpemilu.org#17782,"SUKADARMA, JEJAWI, OGAN KOMERING ILIR, SUMATERA SELATAN",8,34,219,253
https://kawalpemilu.org#17783,"ULAK TEMBAGA, JEJAWI, OGAN KOMERING ILIR, SUMATERA SELATAN",1,34,164,198
https://kawalpemilu.org#17783,"ULAK TEMBAGA, JEJAWI, OGAN KOMERING ILIR, SUMATERA SELATAN",2,43,111,154
https://kawalpemilu.org#17783,"ULAK TEMBAGA, JEJAWI, OGAN KOMERING ILIR, SUMATERA SELATAN",3,22,104,126
https://kawalpemilu.org#17783,"ULAK TEMBAGA, JEJAWI, OGAN KOMERING ILIR, SUMATERA SELATAN",4,31,111,142
https://kawalpemilu.org#17783,"ULAK TEMBAGA, JEJAWI, OGAN KOMERING ILIR, SUMATERA SELATAN",5,48,125,173
https://kawalpemilu.org#17783,"ULAK TEMBAGA, JEJAWI, OGAN KOMERING ILIR, SUMATERA SELATAN",6,159,72,231
https://kawalpemilu.org#17784,"PEDU, JEJAWI, OGAN KOMERING ILIR, SUMATERA SELATAN",1,42,187,229
https://kawalpemilu.org#17784,"PEDU, JEJAWI, OGAN KOMERING ILIR, SUMATERA SELATAN",2,67,154,221
https://kawalpemilu.org#17784,"PEDU, JEJAWI, OGAN KOMERING ILIR, SUMATERA SELATAN",3,64,162,226
https://kawalpemilu.org#17784,"PEDU, JEJAWI, OGAN KOMERING ILIR, SUMATERA SELATAN",4,84,98,182
https://kawalpemilu.org#17784,"PEDU, JEJAWI, OGAN KOMERING ILIR, SUMATERA SELATAN",5,59,96,155
https://kawalpemilu.org#17784,"PEDU, JEJAWI, OGAN KOMERING ILIR, SUMATERA SELATAN",6,48,106,154
https://kawalpemilu.org#17784,"PEDU, JEJAWI, OGAN KOMERING ILIR, SUMATERA SELATAN",7,26,80,106
https://kawalpemilu.org#17785,"PEMATANG KIJANG, JEJAWI, OGAN KOMERING ILIR, SUMATERA SELATAN",1,98,140,238
https://kawalpemilu.org#17785,"PEMATANG KIJANG, JEJAWI, OGAN KOMERING ILIR, SUMATERA SELATAN",2,60,139,199
https://kawalpemilu.org#17785,"PEMATANG KIJANG, JEJAWI, OGAN KOMERING ILIR, SUMATERA SELATAN",3,59,136,195
https://kawalpemilu.org#17786,"SIMPANG EMPAT, JEJAWI, OGAN KOMERING ILIR, SUMATERA SELATAN",1,76,120,196
https://kawalpemilu.org#17786,"SIMPANG EMPAT, JEJAWI, OGAN KOMERING ILIR, SUMATERA SELATAN",3,59,115,174
https://kawalpemilu.org#17786,"SIMPANG EMPAT, JEJAWI, OGAN KOMERING ILIR, SUMATERA SELATAN",4,0,0,0
https://kawalpemilu.org#17786,"SIMPANG EMPAT, JEJAWI, OGAN KOMERING ILIR, SUMATERA SELATAN",5,107,124,231
https://kawalpemilu.org#17786,"SIMPANG EMPAT, JEJAWI, OGAN KOMERING ILIR, SUMATERA SELATAN",6,29,122,151
https://kawalpemilu.org#91892,"BANTUN BARU, JEJAWI, OGAN KOMERING ILIR, SUMATERA SELATAN",1,94,132,226
https://kawalpemilu.org#91892,"BANTUN BARU, JEJAWI, OGAN KOMERING ILIR, SUMATERA SELATAN",2,77,99,176
https://kawalpemilu.org#91892,"BANTUN BARU, JEJAWI, OGAN KOMERING ILIR, SUMATERA SELATAN",3,75,81,156
https://kawalpemilu.org#91892,"BANTUN BARU, JEJAWI, OGAN KOMERING ILIR, SUMATERA SELATAN",4,77,41,118
https://kawalpemilu.org#91892,"BANTUN BARU, JEJAWI, OGAN KOMERING ILIR, SUMATERA SELATAN",5,60,103,163
https://kawalpemilu.org#91892,"BANTUN BARU, JEJAWI, OGAN KOMERING ILIR, SUMATERA SELATAN",6,77,90,167
https://kawalpemilu.org#91892,"BANTUN BARU, JEJAWI, OGAN KOMERING ILIR, SUMATERA SELATAN",7,110,65,175
https://kawalpemilu.org#91892,"BANTUN BARU, JEJAWI, OGAN KOMERING ILIR, SUMATERA SELATAN",8,95,76,171
https://kawalpemilu.org#91892,"BANTUN BARU, JEJAWI, OGAN KOMERING ILIR, SUMATERA SELATAN",9,106,93,199
https://kawalpemilu.org#927878,"PADANG BULAN, JEJAWI, OGAN KOMERING ILIR, SUMATERA SELATAN",1,54,142,196
https://kawalpemilu.org#927878,"PADANG BULAN, JEJAWI, OGAN KOMERING ILIR, SUMATERA SELATAN",2,52,62,114
https://kawalpemilu.org#927878,"PADANG BULAN, JEJAWI, OGAN KOMERING ILIR, SUMATERA SELATAN",3,51,48,99
https://kawalpemilu.org#927878,"PADANG BULAN, JEJAWI, OGAN KOMERING ILIR, SUMATERA SELATAN",4,78,70,148
https://kawalpemilu.org#927878,"PADANG BULAN, JEJAWI, OGAN KOMERING ILIR, SUMATERA SELATAN",5,50,52,102
https://kawalpemilu.org#927879,"DANAU CEPER, JEJAWI, OGAN KOMERING ILIR, SUMATERA SELATAN",1,67,102,169
https://kawalpemilu.org#927879,"DANAU CEPER, JEJAWI, OGAN KOMERING ILIR, SUMATERA SELATAN",2,67,75,142
https://kawalpemilu.org#17788,"SUNGAI SOMOR, CENGAL, OGAN KOMERING ILIR, SUMATERA SELATAN",1,141,17,158
https://kawalpemilu.org#17788,"SUNGAI SOMOR, CENGAL, OGAN KOMERING ILIR, SUMATERA SELATAN",2,100,41,141
https://kawalpemilu.org#17788,"SUNGAI SOMOR, CENGAL, OGAN KOMERING ILIR, SUMATERA SELATAN",3,75,5,80
https://kawalpemilu.org#17788,"SUNGAI SOMOR, CENGAL, OGAN KOMERING ILIR, SUMATERA SELATAN",4,73,17,90
https://kawalpemilu.org#17788,"SUNGAI SOMOR, CENGAL, OGAN KOMERING ILIR, SUMATERA SELATAN",5,98,95,193
https://kawalpemilu.org#17788,"SUNGAI SOMOR, CENGAL, OGAN KOMERING ILIR, SUMATERA SELATAN",6,107,96,203
https://kawalpemilu.org#17788,"SUNGAI SOMOR, CENGAL, OGAN KOMERING ILIR, SUMATERA SELATAN",7,125,92,217
https://kawalpemilu.org#17789,"SUNGAI LUMPUR, CENGAL, OGAN KOMERING ILIR, SUMATERA SELATAN",1,185,51,236
https://kawalpemilu.org#17789,"SUNGAI LUMPUR, CENGAL, OGAN KOMERING ILIR, SUMATERA SELATAN",2,187,47,234
https://kawalpemilu.org#17789,"SUNGAI LUMPUR, CENGAL, OGAN KOMERING ILIR, SUMATERA SELATAN",3,110,45,155
https://kawalpemilu.org#17789,"SUNGAI LUMPUR, CENGAL, OGAN KOMERING ILIR, SUMATERA SELATAN",4,122,24,146
https://kawalpemilu.org#17789,"SUNGAI LUMPUR, CENGAL, OGAN KOMERING ILIR, SUMATERA SELATAN",5,122,15,137
https://kawalpemilu.org#17789,"SUNGAI LUMPUR, CENGAL, OGAN KOMERING ILIR, SUMATERA SELATAN",6,163,37,200
https://kawalpemilu.org#17789,"SUNGAI LUMPUR, CENGAL, OGAN KOMERING ILIR, SUMATERA SELATAN",7,169,24,193
https://kawalpemilu.org#17790,"SUNGAI JERUJU, CENGAL, OGAN KOMERING ILIR, SUMATERA SELATAN",1,146,47,193
https://kawalpemilu.org#17790,"SUNGAI JERUJU, CENGAL, OGAN KOMERING ILIR, SUMATERA SELATAN",2,126,71,197
https://kawalpemilu.org#17790,"SUNGAI JERUJU, CENGAL, OGAN KOMERING ILIR, SUMATERA SELATAN",3,130,76,206
https://kawalpemilu.org#17790,"SUNGAI JERUJU, CENGAL, OGAN KOMERING ILIR, SUMATERA SELATAN",4,117,115,232
https://kawalpemilu.org#17790,"SUNGAI JERUJU, CENGAL, OGAN KOMERING ILIR, SUMATERA SELATAN",5,160,61,221
https://kawalpemilu.org#17790,"SUNGAI JERUJU, CENGAL, OGAN KOMERING ILIR, SUMATERA SELATAN",6,132,50,182
https://kawalpemilu.org#17790,"SUNGAI JERUJU, CENGAL, OGAN KOMERING ILIR, SUMATERA SELATAN",7,102,38,140
https://kawalpemilu.org#17790,"SUNGAI JERUJU, CENGAL, OGAN KOMERING ILIR, SUMATERA SELATAN",8,141,74,215
https://kawalpemilu.org#17790,"SUNGAI JERUJU, CENGAL, OGAN KOMERING ILIR, SUMATERA SELATAN",9,90,41,131
https://kawalpemilu.org#17790,"SUNGAI JERUJU, CENGAL, OGAN KOMERING ILIR, SUMATERA SELATAN",10,53,128,181
https://kawalpemilu.org#17790,"SUNGAI JERUJU, CENGAL, OGAN KOMERING ILIR, SUMATERA SELATAN",11,179,45,224
https://kawalpemilu.org#17790,"SUNGAI JERUJU, CENGAL, OGAN KOMERING ILIR, SUMATERA SELATAN",12,181,32,213
https://kawalpemilu.org#17791,"SUNGAI KETUPAK, CENGAL, OGAN KOMERING ILIR, SUMATERA SELATAN",1,119,25,144
https://kawalpemilu.org#17791,"SUNGAI KETUPAK, CENGAL, OGAN KOMERING ILIR, SUMATERA SELATAN",2,137,33,170
https://kawalpemilu.org#17791,"SUNGAI KETUPAK, CENGAL, OGAN KOMERING ILIR, SUMATERA SELATAN",3,62,15,77
https://kawalpemilu.org#17792,"ULAK KEDONDONG, CENGAL, OGAN KOMERING ILIR, SUMATERA SELATAN",1,140,50,190
https://kawalpemilu.org#17792,"ULAK KEDONDONG, CENGAL, OGAN KOMERING ILIR, SUMATERA SELATAN",2,121,65,186
https://kawalpemilu.org#17792,"ULAK KEDONDONG, CENGAL, OGAN KOMERING ILIR, SUMATERA SELATAN",3,144,44,188
https://kawalpemilu.org#17792,"ULAK KEDONDONG, CENGAL, OGAN KOMERING ILIR, SUMATERA SELATAN",4,221,35,256
https://kawalpemilu.org#17792,"ULAK KEDONDONG, CENGAL, OGAN KOMERING ILIR, SUMATERA SELATAN",5,79,34,113
https://kawalpemilu.org#17792,"ULAK KEDONDONG, CENGAL, OGAN KOMERING ILIR, SUMATERA SELATAN",6,100,34,134
https://kawalpemilu.org#17792,"ULAK KEDONDONG, CENGAL, OGAN KOMERING ILIR, SUMATERA SELATAN",7,54,14,68
https://kawalpemilu.org#17793,"PELIMBANGAN, CENGAL, OGAN KOMERING ILIR, SUMATERA SELATAN",1,169,119,288
https://kawalpemilu.org#17793,"PELIMBANGAN, CENGAL, OGAN KOMERING ILIR, SUMATERA SELATAN",2,186,102,288
https://kawalpemilu.org#17793,"PELIMBANGAN, CENGAL, OGAN KOMERING ILIR, SUMATERA SELATAN",3,79,81,160
https://kawalpemilu.org#17793,"PELIMBANGAN, CENGAL, OGAN KOMERING ILIR, SUMATERA SELATAN",4,45,46,91
https://kawalpemilu.org#17793,"PELIMBANGAN, CENGAL, OGAN KOMERING ILIR, SUMATERA SELATAN",5,112,114,224
https://kawalpemilu.org#17793,"PELIMBANGAN, CENGAL, OGAN KOMERING ILIR, SUMATERA SELATAN",6,58,76,134
https://kawalpemilu.org#17793,"PELIMBANGAN, CENGAL, OGAN KOMERING ILIR, SUMATERA SELATAN",7,83,14,97
https://kawalpemilu.org#17794,"CENGAL, CENGAL, OGAN KOMERING ILIR, SUMATERA SELATAN",1,100,85,185
https://kawalpemilu.org#17794,"CENGAL, CENGAL, OGAN KOMERING ILIR, SUMATERA SELATAN",2,62,61,123
https://kawalpemilu.org#17794,"CENGAL, CENGAL, OGAN KOMERING ILIR, SUMATERA SELATAN",3,59,72,131
https://kawalpemilu.org#17794,"CENGAL, CENGAL, OGAN KOMERING ILIR, SUMATERA SELATAN",4,51,96,147
https://kawalpemilu.org#17794,"CENGAL, CENGAL, OGAN KOMERING ILIR, SUMATERA SELATAN",5,66,104,170
https://kawalpemilu.org#17794,"CENGAL, CENGAL, OGAN KOMERING ILIR, SUMATERA SELATAN",6,64,71,135
https://kawalpemilu.org#17794,"CENGAL, CENGAL, OGAN KOMERING ILIR, SUMATERA SELATAN",7,75,97,172
https://kawalpemilu.org#17794,"CENGAL, CENGAL, OGAN KOMERING ILIR, SUMATERA SELATAN",8,68,76,144
https://kawalpemilu.org#17794,"CENGAL, CENGAL, OGAN KOMERING ILIR, SUMATERA SELATAN",9,68,94,162
https://kawalpemilu.org#17794,"CENGAL, CENGAL, OGAN KOMERING ILIR, SUMATERA SELATAN",10,76,87,163
https://kawalpemilu.org#17794,"CENGAL, CENGAL, OGAN KOMERING ILIR, SUMATERA SELATAN",11,96,85,181
https://kawalpemilu.org#17794,"CENGAL, CENGAL, OGAN KOMERING ILIR, SUMATERA SELATAN",12,76,71,147
https://kawalpemilu.org#17794,"CENGAL, CENGAL, OGAN KOMERING ILIR, SUMATERA SELATAN",13,75,59,134
https://kawalpemilu.org#17794,"CENGAL, CENGAL, OGAN KOMERING ILIR, SUMATERA SELATAN",14,105,58,163
https://kawalpemilu.org#17794,"CENGAL, CENGAL, OGAN KOMERING ILIR, SUMATERA SELATAN",15,122,28,150
https://kawalpemilu.org#17794,"CENGAL, CENGAL, OGAN KOMERING ILIR, SUMATERA SELATAN",16,72,61,133
https://kawalpemilu.org#17794,"CENGAL, CENGAL, OGAN KOMERING ILIR, SUMATERA SELATAN",17,151,50,201
https://kawalpemilu.org#17794,"CENGAL, CENGAL, OGAN KOMERING ILIR, SUMATERA SELATAN",18,199,59,258
https://kawalpemilu.org#17794,"CENGAL, CENGAL, OGAN KOMERING ILIR, SUMATERA SELATAN",19,77,88,165
https://kawalpemilu.org#17794,"CENGAL, CENGAL, OGAN KOMERING ILIR, SUMATERA SELATAN",20,62,73,135
https://kawalpemilu.org#17794,"CENGAL, CENGAL, OGAN KOMERING ILIR, SUMATERA SELATAN",21,125,108,233
https://kawalpemilu.org#17794,"CENGAL, CENGAL, OGAN KOMERING ILIR, SUMATERA SELATAN",22,64,31,95
https://kawalpemilu.org#17794,"CENGAL, CENGAL, OGAN KOMERING ILIR, SUMATERA SELATAN",23,70,42,112
https://kawalpemilu.org#17794,"CENGAL, CENGAL, OGAN KOMERING ILIR, SUMATERA SELATAN",24,42,64,106
https://kawalpemilu.org#17794,"CENGAL, CENGAL, OGAN KOMERING ILIR, SUMATERA SELATAN",25,57,60,117
https://kawalpemilu.org#17795,"TALANG RIMBA, CENGAL, OGAN KOMERING ILIR, SUMATERA SELATAN",1,159,81,240
https://kawalpemilu.org#17795,"TALANG RIMBA, CENGAL, OGAN KOMERING ILIR, SUMATERA SELATAN",2,147,72,219
https://kawalpemilu.org#17795,"TALANG RIMBA, CENGAL, OGAN KOMERING ILIR, SUMATERA SELATAN",3,95,124,219
https://kawalpemilu.org#17795,"TALANG RIMBA, CENGAL, OGAN KOMERING ILIR, SUMATERA SELATAN",4,103,67,170
https://kawalpemilu.org#17795,"TALANG RIMBA, CENGAL, OGAN KOMERING ILIR, SUMATERA SELATAN",5,112,82,194
https://kawalpemilu.org#17795,"TALANG RIMBA, CENGAL, OGAN KOMERING ILIR, SUMATERA SELATAN",6,69,71,140
https://kawalpemilu.org#17796,"SUNGAI PASIR, CENGAL, OGAN KOMERING ILIR, SUMATERA SELATAN",1,130,31,161
https://kawalpemilu.org#17796,"SUNGAI PASIR, CENGAL, OGAN KOMERING ILIR, SUMATERA SELATAN",2,128,20,148
https://kawalpemilu.org#17796,"SUNGAI PASIR, CENGAL, OGAN KOMERING ILIR, SUMATERA SELATAN",3,180,43,223
https://kawalpemilu.org#17796,"SUNGAI PASIR, CENGAL, OGAN KOMERING ILIR, SUMATERA SELATAN",4,140,24,164
https://kawalpemilu.org#17796,"SUNGAI PASIR, CENGAL, OGAN KOMERING ILIR, SUMATERA SELATAN",5,111,50,161
https://kawalpemilu.org#17796,"SUNGAI PASIR, CENGAL, OGAN KOMERING ILIR, SUMATERA SELATAN",6,125,55,180
https://kawalpemilu.org#17796,"SUNGAI PASIR, CENGAL, OGAN KOMERING ILIR, SUMATERA SELATAN",7,194,35,229
https://kawalpemilu.org#17796,"SUNGAI PASIR, CENGAL, OGAN KOMERING ILIR, SUMATERA SELATAN",8,148,54,202
https://kawalpemilu.org#17796,"SUNGAI PASIR, CENGAL, OGAN KOMERING ILIR, SUMATERA SELATAN",9,154,44,198
https://kawalpemilu.org#17796,"SUNGAI PASIR, CENGAL, OGAN KOMERING ILIR, SUMATERA SELATAN",10,53,7,60
https://kawalpemilu.org#17797,"KUALA SUNGAI JERUJU, CENGAL, OGAN KOMERING ILIR, SUMATERA SELATAN",1,175,24,199
https://kawalpemilu.org#17797,"KUALA SUNGAI JERUJU, CENGAL, OGAN KOMERING ILIR, SUMATERA SELATAN",2,181,11,192
https://kawalpemilu.org#17797,"KUALA SUNGAI JERUJU, CENGAL, OGAN KOMERING ILIR, SUMATERA SELATAN",3,71,6,77
https://kawalpemilu.org#17797,"KUALA SUNGAI JERUJU, CENGAL, OGAN KOMERING ILIR, SUMATERA SELATAN",4,72,6,78
https://kawalpemilu.org#17797,"KUALA SUNGAI JERUJU, CENGAL, OGAN KOMERING ILIR, SUMATERA SELATAN",5,49,26,75
https://kawalpemilu.org#17798,"KUALA SUNGAI PASIR, CENGAL, OGAN KOMERING ILIR, SUMATERA SELATAN",1,212,64,276
https://kawalpemilu.org#17798,"KUALA SUNGAI PASIR, CENGAL, OGAN KOMERING ILIR, SUMATERA SELATAN",2,141,41,182
https://kawalpemilu.org#17798,"KUALA SUNGAI PASIR, CENGAL, OGAN KOMERING ILIR, SUMATERA SELATAN",3,175,37,212
https://kawalpemilu.org#17798,"KUALA SUNGAI PASIR, CENGAL, OGAN KOMERING ILIR, SUMATERA SELATAN",4,202,15,217
https://kawalpemilu.org#17798,"KUALA SUNGAI PASIR, CENGAL, OGAN KOMERING ILIR, SUMATERA SELATAN",5,157,18,175
https://kawalpemilu.org#17798,"KUALA SUNGAI PASIR, CENGAL, OGAN KOMERING ILIR, SUMATERA SELATAN",6,145,24,169
https://kawalpemilu.org#17798,"KUALA SUNGAI PASIR, CENGAL, OGAN KOMERING ILIR, SUMATERA SELATAN",7,72,39,111
https://kawalpemilu.org#927880,"LEBAK BERIANG, CENGAL, OGAN KOMERING ILIR, SUMATERA SELATAN",1,122,70,192
https://kawalpemilu.org#927880,"LEBAK BERIANG, CENGAL, OGAN KOMERING ILIR, SUMATERA SELATAN",2,97,90,187
https://kawalpemilu.org#927880,"LEBAK BERIANG, CENGAL, OGAN KOMERING ILIR, SUMATERA SELATAN",3,97,50,147
https://kawalpemilu.org#927881,"PARIT RAYA, CENGAL, OGAN KOMERING ILIR, SUMATERA SELATAN",1,139,58,197
https://kawalpemilu.org#927881,"PARIT RAYA, CENGAL, OGAN KOMERING ILIR, SUMATERA SELATAN",2,143,39,182
https://kawalpemilu.org#931151,"PANTAI HARAPAN, CENGAL, OGAN KOMERING ILIR, SUMATERA SELATAN",1,121,27,148
https://kawalpemilu.org#931151,"PANTAI HARAPAN, CENGAL, OGAN KOMERING ILIR, SUMATERA SELATAN",2,138,30,168
https://kawalpemilu.org#931151,"PANTAI HARAPAN, CENGAL, OGAN KOMERING ILIR, SUMATERA SELATAN",3,127,7,134
https://kawalpemilu.org#931151,"PANTAI HARAPAN, CENGAL, OGAN KOMERING ILIR, SUMATERA SELATAN",4,41,13,54
https://kawalpemilu.org#931152,"ADIL MAKMUR, CENGAL, OGAN KOMERING ILIR, SUMATERA SELATAN",1,84,23,107
https://kawalpemilu.org#931152,"ADIL MAKMUR, CENGAL, OGAN KOMERING ILIR, SUMATERA SELATAN",2,62,11,73
https://kawalpemilu.org#931153,"BALAM JERUJU, CENGAL, OGAN KOMERING ILIR, SUMATERA SELATAN",1,131,22,153
https://kawalpemilu.org#931153,"BALAM JERUJU, CENGAL, OGAN KOMERING ILIR, SUMATERA SELATAN",2,88,22,110
https://kawalpemilu.org#931153,"BALAM JERUJU, CENGAL, OGAN KOMERING ILIR, SUMATERA SELATAN",3,145,31,176
https://kawalpemilu.org#931153,"BALAM JERUJU, CENGAL, OGAN KOMERING ILIR, SUMATERA SELATAN",4,62,22,84
https://kawalpemilu.org#931153,"BALAM JERUJU, CENGAL, OGAN KOMERING ILIR, SUMATERA SELATAN",5,47,12,59
https://kawalpemilu.org#931154,"KEBUN CABE, CENGAL, OGAN KOMERING ILIR, SUMATERA SELATAN",1,114,26,140
https://kawalpemilu.org#931154,"KEBUN CABE, CENGAL, OGAN KOMERING ILIR, SUMATERA SELATAN",2,171,53,224
https://kawalpemilu.org#931154,"KEBUN CABE, CENGAL, OGAN KOMERING ILIR, SUMATERA SELATAN",3,99,39,138
https://kawalpemilu.org#17800,"DELING, PANGKALAN LAMPAM, OGAN KOMERING ILIR, SUMATERA SELATAN",1,85,59,144
https://kawalpemilu.org#17800,"DELING, PANGKALAN LAMPAM, OGAN KOMERING ILIR, SUMATERA SELATAN",2,62,72,134
https://kawalpemilu.org#17800,"DELING, PANGKALAN LAMPAM, OGAN KOMERING ILIR, SUMATERA SELATAN",3,116,67,183
https://kawalpemilu.org#17801,"PANGKALAN LAMPAN, PANGKALAN LAMPAM, OGAN KOMERING ILIR, SUMATERA SELATAN",1,59,196,255
https://kawalpemilu.org#17801,"PANGKALAN LAMPAN, PANGKALAN LAMPAM, OGAN KOMERING ILIR, SUMATERA SELATAN",2,58,140,198
https://kawalpemilu.org#17801,"PANGKALAN LAMPAN, PANGKALAN LAMPAM, OGAN KOMERING ILIR, SUMATERA SELATAN",3,71,172,243
https://kawalpemilu.org#17801,"PANGKALAN LAMPAN, PANGKALAN LAMPAM, OGAN KOMERING ILIR, SUMATERA SELATAN",4,51,137,188
https://kawalpemilu.org#17801,"PANGKALAN LAMPAN, PANGKALAN LAMPAM, OGAN KOMERING ILIR, SUMATERA SELATAN",5,44,85,129
https://kawalpemilu.org#17801,"PANGKALAN LAMPAN, PANGKALAN LAMPAM, OGAN KOMERING ILIR, SUMATERA SELATAN",6,32,89,121
https://kawalpemilu.org#17801,"PANGKALAN LAMPAN, PANGKALAN LAMPAM, OGAN KOMERING ILIR, SUMATERA SELATAN",7,37,102,139
https://kawalpemilu.org#17802,"LIRIK, PANGKALAN LAMPAM, OGAN KOMERING ILIR, SUMATERA SELATAN",1,40,154,194
https://kawalpemilu.org#17802,"LIRIK, PANGKALAN LAMPAM, OGAN KOMERING ILIR, SUMATERA SELATAN",2,34,170,204
https://kawalpemilu.org#17802,"LIRIK, PANGKALAN LAMPAM, OGAN KOMERING ILIR, SUMATERA SELATAN",3,30,142,172
https://kawalpemilu.org#17803,"LEBUNG BATANG, PANGKALAN LAMPAM, OGAN KOMERING ILIR, SUMATERA SELATAN",1,17,202,219
https://kawalpemilu.org#17803,"LEBUNG BATANG, PANGKALAN LAMPAM, OGAN KOMERING ILIR, SUMATERA SELATAN",2,14,190,204
https://kawalpemilu.org#17804,"SUNGAI BUNGIN, PANGKALAN LAMPAM, OGAN KOMERING ILIR, SUMATERA SELATAN",1,26,203,229
https://kawalpemilu.org#17804,"SUNGAI BUNGIN, PANGKALAN LAMPAM, OGAN KOMERING ILIR, SUMATERA SELATAN",2,28,229,257
https://kawalpemilu.org#17804,"SUNGAI BUNGIN, PANGKALAN LAMPAM, OGAN KOMERING ILIR, SUMATERA SELATAN",3,19,228,247
https://kawalpemilu.org#17804,"SUNGAI BUNGIN, PANGKALAN LAMPAM, OGAN KOMERING ILIR, SUMATERA SELATAN",4,27,150,177
https://kawalpemilu.org#17805,"SUKA RAJA, PANGKALAN LAMPAM, OGAN KOMERING ILIR, SUMATERA SELATAN",1,17,215,232
https://kawalpemilu.org#17805,"SUKA RAJA, PANGKALAN LAMPAM, OGAN KOMERING ILIR, SUMATERA SELATAN",2,34,196,230
https://kawalpemilu.org#17805,"SUKA RAJA, PANGKALAN LAMPAM, OGAN KOMERING ILIR, SUMATERA SELATAN",3,13,176,189
https://kawalpemilu.org#17805,"SUKA RAJA, PANGKALAN LAMPAM, OGAN KOMERING ILIR, SUMATERA SELATAN",4,17,218,235
https://kawalpemilu.org#17806,"DARAT, PANGKALAN LAMPAM, OGAN KOMERING ILIR, SUMATERA SELATAN",1,13,258,271
https://kawalpemilu.org#17806,"DARAT, PANGKALAN LAMPAM, OGAN KOMERING ILIR, SUMATERA SELATAN",2,14,221,235
https://kawalpemilu.org#17806,"DARAT, PANGKALAN LAMPAM, OGAN KOMERING ILIR, SUMATERA SELATAN",3,81,248,266
https://kawalpemilu.org#17806,"DARAT, PANGKALAN LAMPAM, OGAN KOMERING ILIR, SUMATERA SELATAN",4,9,240,249
https://kawalpemilu.org#17806,"DARAT, PANGKALAN LAMPAM, OGAN KOMERING ILIR, SUMATERA SELATAN",5,24,241,265
https://kawalpemilu.org#17806,"DARAT, PANGKALAN LAMPAM, OGAN KOMERING ILIR, SUMATERA SELATAN",6,1,209,210
https://kawalpemilu.org#17807,"PULAUAN, PANGKALAN LAMPAM, OGAN KOMERING ILIR, SUMATERA SELATAN",1,73,184,257
https://kawalpemilu.org#17807,"PULAUAN, PANGKALAN LAMPAM, OGAN KOMERING ILIR, SUMATERA SELATAN",2,46,210,256
https://kawalpemilu.org#17807,"PULAUAN, PANGKALAN LAMPAM, OGAN KOMERING ILIR, SUMATERA SELATAN",3,44,246,290
https://kawalpemilu.org#17807,"PULAUAN, PANGKALAN LAMPAM, OGAN KOMERING ILIR, SUMATERA SELATAN",4,35,257,292
https://kawalpemilu.org#17808,"RIDING, PANGKALAN LAMPAM, OGAN KOMERING ILIR, SUMATERA SELATAN",1,29,207,236
https://kawalpemilu.org#17808,"RIDING, PANGKALAN LAMPAM, OGAN KOMERING ILIR, SUMATERA SELATAN",2,33,177,210
https://kawalpemilu.org#17808,"RIDING, PANGKALAN LAMPAM, OGAN KOMERING ILIR, SUMATERA SELATAN",3,35,109,144
https://kawalpemilu.org#17808,"RIDING, PANGKALAN LAMPAM, OGAN KOMERING ILIR, SUMATERA SELATAN",4,44,204,248
https://kawalpemilu.org#17808,"RIDING, PANGKALAN LAMPAM, OGAN KOMERING ILIR, SUMATERA SELATAN",5,41,190,231
https://kawalpemilu.org#17808,"RIDING, PANGKALAN LAMPAM, OGAN KOMERING ILIR, SUMATERA SELATAN",6,27,151,178
https://kawalpemilu.org#17808,"RIDING, PANGKALAN LAMPAM, OGAN KOMERING ILIR, SUMATERA SELATAN",7,23,158,181
https://kawalpemilu.org#17808,"RIDING, PANGKALAN LAMPAM, OGAN KOMERING ILIR, SUMATERA SELATAN",8,146,56,202
https://kawalpemilu.org#17808,"RIDING, PANGKALAN LAMPAM, OGAN KOMERING ILIR, SUMATERA SELATAN",9,70,105,175
https://kawalpemilu.org#17808,"RIDING, PANGKALAN LAMPAM, OGAN KOMERING ILIR, SUMATERA SELATAN",10,29,171,200
https://kawalpemilu.org#17809,"SUNGGUTAN, PANGKALAN LAMPAM, OGAN KOMERING ILIR, SUMATERA SELATAN",1,19,128,147
https://kawalpemilu.org#17809,"SUNGGUTAN, PANGKALAN LAMPAM, OGAN KOMERING ILIR, SUMATERA SELATAN",2,21,225,246
https://kawalpemilu.org#17809,"SUNGGUTAN, PANGKALAN LAMPAM, OGAN KOMERING ILIR, SUMATERA SELATAN",3,14,184,198
https://kawalpemilu.org#17809,"SUNGGUTAN, PANGKALAN LAMPAM, OGAN KOMERING ILIR, SUMATERA SELATAN",4,14,217,231
https://kawalpemilu.org#17809,"SUNGGUTAN, PANGKALAN LAMPAM, OGAN KOMERING ILIR, SUMATERA SELATAN",5,16,231,247
https://kawalpemilu.org#17810,"SUKA DAMAI, PANGKALAN LAMPAM, OGAN KOMERING ILIR, SUMATERA SELATAN",1,30,177,207
https://kawalpemilu.org#17810,"SUKA DAMAI, PANGKALAN LAMPAM, OGAN KOMERING ILIR, SUMATERA SELATAN",2,24,162,186
https://kawalpemilu.org#17811,"AIR PEDARA, PANGKALAN LAMPAM, OGAN KOMERING ILIR, SUMATERA SELATAN",1,16,185,201
https://kawalpemilu.org#17811,"AIR PEDARA, PANGKALAN LAMPAM, OGAN KOMERING ILIR, SUMATERA SELATAN",2,22,193,215
https://kawalpemilu.org#17811,"AIR PEDARA, PANGKALAN LAMPAM, OGAN KOMERING ILIR, SUMATERA SELATAN",3,6,190,196
https://kawalpemilu.org#17812,"RIMBA SAMAK, PANGKALAN LAMPAM, OGAN KOMERING ILIR, SUMATERA SELATAN",1,13,252,265
https://kawalpemilu.org#17812,"RIMBA SAMAK, PANGKALAN LAMPAM, OGAN KOMERING ILIR, SUMATERA SELATAN",2,8,240,248
https://kawalpemilu.org#17812,"RIMBA SAMAK, PANGKALAN LAMPAM, OGAN KOMERING ILIR, SUMATERA SELATAN",3,15,256,271
https://kawalpemilu.org#17812,"RIMBA SAMAK, PANGKALAN LAMPAM, OGAN KOMERING ILIR, SUMATERA SELATAN",4,9,213,222
https://kawalpemilu.org#17813,"TALANG DAYA, PANGKALAN LAMPAM, OGAN KOMERING ILIR, SUMATERA SELATAN",1,13,192,205
https://kawalpemilu.org#17813,"TALANG DAYA, PANGKALAN LAMPAM, OGAN KOMERING ILIR, SUMATERA SELATAN",2,18,180,198
https://kawalpemilu.org#17813,"TALANG DAYA, PANGKALAN LAMPAM, OGAN KOMERING ILIR, SUMATERA SELATAN",3,16,188,204
https://kawalpemilu.org#17814,"AIR RUMBAI, PANGKALAN LAMPAM, OGAN KOMERING ILIR, SUMATERA SELATAN",1,15,166,181
https://kawalpemilu.org#17814,"AIR RUMBAI, PANGKALAN LAMPAM, OGAN KOMERING ILIR, SUMATERA SELATAN",2,20,168,188
https://kawalpemilu.org#17814,"AIR RUMBAI, PANGKALAN LAMPAM, OGAN KOMERING ILIR, SUMATERA SELATAN",3,15,153,168
https://kawalpemilu.org#17815,"RAMBAI, PANGKALAN LAMPAM, OGAN KOMERING ILIR, SUMATERA SELATAN",1,47,130,177
https://kawalpemilu.org#17815,"RAMBAI, PANGKALAN LAMPAM, OGAN KOMERING ILIR, SUMATERA SELATAN",2,41,132,173
https://kawalpemilu.org#17815,"RAMBAI, PANGKALAN LAMPAM, OGAN KOMERING ILIR, SUMATERA SELATAN",3,49,140,189
https://kawalpemilu.org#17815,"RAMBAI, PANGKALAN LAMPAM, OGAN KOMERING ILIR, SUMATERA SELATAN",4,33,164,197
https://kawalpemilu.org#17815,"RAMBAI, PANGKALAN LAMPAM, OGAN KOMERING ILIR, SUMATERA SELATAN",5,50,110,160
https://kawalpemilu.org#17816,"PERIGI, PANGKALAN LAMPAM, OGAN KOMERING ILIR, SUMATERA SELATAN",1,42,154,196
https://kawalpemilu.org#17816,"PERIGI, PANGKALAN LAMPAM, OGAN KOMERING ILIR, SUMATERA SELATAN",2,33,124,157
https://kawalpemilu.org#17816,"PERIGI, PANGKALAN LAMPAM, OGAN KOMERING ILIR, SUMATERA SELATAN",3,33,213,246
https://kawalpemilu.org#17816,"PERIGI, PANGKALAN LAMPAM, OGAN KOMERING ILIR, SUMATERA SELATAN",4,20,173,193
https://kawalpemilu.org#17816,"PERIGI, PANGKALAN LAMPAM, OGAN KOMERING ILIR, SUMATERA SELATAN",5,55,181,236
https://kawalpemilu.org#17816,"PERIGI, PANGKALAN LAMPAM, OGAN KOMERING ILIR, SUMATERA SELATAN",6,34,143,177
https://kawalpemilu.org#17816,"PERIGI, PANGKALAN LAMPAM, OGAN KOMERING ILIR, SUMATERA SELATAN",7,52,116,168
https://kawalpemilu.org#17816,"PERIGI, PANGKALAN LAMPAM, OGAN KOMERING ILIR, SUMATERA SELATAN",8,33,150,183
https://kawalpemilu.org#927943,"BUKIT BATU, PANGKALAN LAMPAM, OGAN KOMERING ILIR, SUMATERA SELATAN",1,52,203,255
https://kawalpemilu.org#927943,"BUKIT BATU, PANGKALAN LAMPAM, OGAN KOMERING ILIR, SUMATERA SELATAN",2,41,116,157
https://kawalpemilu.org#927944,"RAWA TENAM, PANGKALAN LAMPAM, OGAN KOMERING ILIR, SUMATERA SELATAN",1,26,166,192
https://kawalpemilu.org#17818,"CATUR TUNGGAL, MESUJI MAKMUR, OGAN KOMERING ILIR, SUMATERA SELATAN",1,164,96,260
https://kawalpemilu.org#17818,"CATUR TUNGGAL, MESUJI MAKMUR, OGAN KOMERING ILIR, SUMATERA SELATAN",2,123,51,174
https://kawalpemilu.org#17818,"CATUR TUNGGAL, MESUJI MAKMUR, OGAN KOMERING ILIR, SUMATERA SELATAN",3,96,75,171
https://kawalpemilu.org#17818,"CATUR TUNGGAL, MESUJI MAKMUR, OGAN KOMERING ILIR, SUMATERA SELATAN",4,126,135,261
https://kawalpemilu.org#17818,"CATUR TUNGGAL, MESUJI MAKMUR, OGAN KOMERING ILIR, SUMATERA SELATAN",5,117,118,235
https://kawalpemilu.org#17818,"CATUR TUNGGAL, MESUJI MAKMUR, OGAN KOMERING ILIR, SUMATERA SELATAN",6,129,53,182
https://kawalpemilu.org#17818,"CATUR TUNGGAL, MESUJI MAKMUR, OGAN KOMERING ILIR, SUMATERA SELATAN",7,137,124,261
https://kawalpemilu.org#17818,"CATUR TUNGGAL, MESUJI MAKMUR, OGAN KOMERING ILIR, SUMATERA SELATAN",8,146,89,235
https://kawalpemilu.org#17819,"SURYAKARTA, MESUJI MAKMUR, OGAN KOMERING ILIR, SUMATERA SELATAN",1,73,150,223
https://kawalpemilu.org#17819,"SURYAKARTA, MESUJI MAKMUR, OGAN KOMERING ILIR, SUMATERA SELATAN",2,49,182,231
https://kawalpemilu.org#17819,"SURYAKARTA, MESUJI MAKMUR, OGAN KOMERING ILIR, SUMATERA SELATAN",3,62,159,221
https://kawalpemilu.org#17819,"SURYAKARTA, MESUJI MAKMUR, OGAN KOMERING ILIR, SUMATERA SELATAN",4,67,169,236
https://kawalpemilu.org#17819,"SURYAKARTA, MESUJI MAKMUR, OGAN KOMERING ILIR, SUMATERA SELATAN",5,78,124,202
https://kawalpemilu.org#17819,"SURYAKARTA, MESUJI MAKMUR, OGAN KOMERING ILIR, SUMATERA SELATAN",6,70,114,184
https://kawalpemilu.org#17819,"SURYAKARTA, MESUJI MAKMUR, OGAN KOMERING ILIR, SUMATERA SELATAN",7,81,125,206
https://kawalpemilu.org#17819,"SURYAKARTA, MESUJI MAKMUR, OGAN KOMERING ILIR, SUMATERA SELATAN",8,135,59,194
https://kawalpemilu.org#17820,"TEGAL SARI, MESUJI MAKMUR, OGAN KOMERING ILIR, SUMATERA SELATAN",1,85,153,238
https://kawalpemilu.org#17820,"TEGAL SARI, MESUJI MAKMUR, OGAN KOMERING ILIR, SUMATERA SELATAN",2,77,179,256
https://kawalpemilu.org#17820,"TEGAL SARI, MESUJI MAKMUR, OGAN KOMERING ILIR, SUMATERA SELATAN",3,109,167,276
https://kawalpemilu.org#17820,"TEGAL SARI, MESUJI MAKMUR, OGAN KOMERING ILIR, SUMATERA SELATAN",4,108,127,235
https://kawalpemilu.org#17820,"TEGAL SARI, MESUJI MAKMUR, OGAN KOMERING ILIR, SUMATERA SELATAN",5,78,167,245
https://kawalpemilu.org#17820,"TEGAL SARI, MESUJI MAKMUR, OGAN KOMERING ILIR, SUMATERA SELATAN",6,59,178,237
https://kawalpemilu.org#17820,"TEGAL SARI, MESUJI MAKMUR, OGAN KOMERING ILIR, SUMATERA SELATAN",7,90,125,215
https://kawalpemilu.org#17820,"TEGAL SARI, MESUJI MAKMUR, OGAN KOMERING ILIR, SUMATERA SELATAN",8,78,115,193
https://kawalpemilu.org#17820,"TEGAL SARI, MESUJI MAKMUR, OGAN KOMERING ILIR, SUMATERA SELATAN",9,77,112,189
https://kawalpemilu.org#17821,"MUKTI KARYA, MESUJI MAKMUR, OGAN KOMERING ILIR, SUMATERA SELATAN",1,66,112,178
https://kawalpemilu.org#17821,"MUKTI KARYA, MESUJI MAKMUR, OGAN KOMERING ILIR, SUMATERA SELATAN",2,98,133,231
https://kawalpemilu.org#17821,"MUKTI KARYA, MESUJI MAKMUR, OGAN KOMERING ILIR, SUMATERA SELATAN",3,90,111,201
https://kawalpemilu.org#17821,"MUKTI KARYA, MESUJI MAKMUR, OGAN KOMERING ILIR, SUMATERA SELATAN",4,109,126,235
https://kawalpemilu.org#17821,"MUKTI KARYA, MESUJI MAKMUR, OGAN KOMERING ILIR, SUMATERA SELATAN",5,174,76,250
https://kawalpemilu.org#17821,"MUKTI KARYA, MESUJI MAKMUR, OGAN KOMERING ILIR, SUMATERA SELATAN",6,87,92,179
https://kawalpemilu.org#17821,"MUKTI KARYA, MESUJI MAKMUR, OGAN KOMERING ILIR, SUMATERA SELATAN",7,152,64,216
https://kawalpemilu.org#17822,"PEMATANG JAYA, MESUJI MAKMUR, OGAN KOMERING ILIR, SUMATERA SELATAN",1,82,130,212
https://kawalpemilu.org#17822,"PEMATANG JAYA, MESUJI MAKMUR, OGAN KOMERING ILIR, SUMATERA SELATAN",2,77,132,209
https://kawalpemilu.org#17822,"PEMATANG JAYA, MESUJI MAKMUR, OGAN KOMERING ILIR, SUMATERA SELATAN",3,88,128,216
https://kawalpemilu.org#17822,"PEMATANG JAYA, MESUJI MAKMUR, OGAN KOMERING ILIR, SUMATERA SELATAN",4,129,93,222
https://kawalpemilu.org#17822,"PEMATANG JAYA, MESUJI MAKMUR, OGAN KOMERING ILIR, SUMATERA SELATAN",5,79,116,195
https://kawalpemilu.org#17822,"PEMATANG JAYA, MESUJI MAKMUR, OGAN KOMERING ILIR, SUMATERA SELATAN",6,74,89,163
https://kawalpemilu.org#17822,"PEMATANG JAYA, MESUJI MAKMUR, OGAN KOMERING ILIR, SUMATERA SELATAN",7,57,61,118
https://kawalpemilu.org#17823,"PEMATANG SUKA TANI, MESUJI MAKMUR, OGAN KOMERING ILIR, SUMATERA SELATAN",1,84,94,178
https://kawalpemilu.org#17823,"PEMATANG SUKA TANI, MESUJI MAKMUR, OGAN KOMERING ILIR, SUMATERA SELATAN",2,78,94,172
https://kawalpemilu.org#17823,"PEMATANG SUKA TANI, MESUJI MAKMUR, OGAN KOMERING ILIR, SUMATERA SELATAN",3,74,135,209
https://kawalpemilu.org#17823,"PEMATANG SUKA TANI, MESUJI MAKMUR, OGAN KOMERING ILIR, SUMATERA SELATAN",4,77,125,202
https://kawalpemilu.org#17824,"KAMPUNG BARU, MESUJI MAKMUR, OGAN KOMERING ILIR, SUMATERA SELATAN",1,56,97,153
https://kawalpemilu.org#17824,"KAMPUNG BARU, MESUJI MAKMUR, OGAN KOMERING ILIR, SUMATERA SELATAN",2,68,116,184
https://kawalpemilu.org#17824,"KAMPUNG BARU, MESUJI MAKMUR, OGAN KOMERING ILIR, SUMATERA SELATAN",3,53,131,184
https://kawalpemilu.org#17824,"KAMPUNG BARU, MESUJI MAKMUR, OGAN KOMERING ILIR, SUMATERA SELATAN",4,43,184,227
https://kawalpemilu.org#17824,"KAMPUNG BARU, MESUJI MAKMUR, OGAN KOMERING ILIR, SUMATERA SELATAN",5,61,137,198
https://kawalpemilu.org#17824,"KAMPUNG BARU, MESUJI MAKMUR, OGAN KOMERING ILIR, SUMATERA SELATAN",6,92,160,252
https://kawalpemilu.org#17824,"KAMPUNG BARU, MESUJI MAKMUR, OGAN KOMERING ILIR, SUMATERA SELATAN",7,75,123,198
https://kawalpemilu.org#17824,"KAMPUNG BARU, MESUJI MAKMUR, OGAN KOMERING ILIR, SUMATERA SELATAN",8,88,161,249
https://kawalpemilu.org#17824,"KAMPUNG BARU, MESUJI MAKMUR, OGAN KOMERING ILIR, SUMATERA SELATAN",9,109,109,218
https://kawalpemilu.org#17824,"KAMPUNG BARU, MESUJI MAKMUR, OGAN KOMERING ILIR, SUMATERA SELATAN",10,113,141,254
https://kawalpemilu.org#17824,"KAMPUNG BARU, MESUJI MAKMUR, OGAN KOMERING ILIR, SUMATERA SELATAN",11,51,144,195
https://kawalpemilu.org#17824,"KAMPUNG BARU, MESUJI MAKMUR, OGAN KOMERING ILIR, SUMATERA SELATAN",12,53,111,164
https://kawalpemilu.org#17824,"KAMPUNG BARU, MESUJI MAKMUR, OGAN KOMERING ILIR, SUMATERA SELATAN",13,53,159,249
https://kawalpemilu.org#17824,"KAMPUNG BARU, MESUJI MAKMUR, OGAN KOMERING ILIR, SUMATERA SELATAN",14,112,137,249
https://kawalpemilu.org#17824,"KAMPUNG BARU, MESUJI MAKMUR, OGAN KOMERING ILIR, SUMATERA SELATAN",15,28,200,228
https://kawalpemilu.org#17824,"KAMPUNG BARU, MESUJI MAKMUR, OGAN KOMERING ILIR, SUMATERA SELATAN",16,65,129,194
https://kawalpemilu.org#17824,"KAMPUNG BARU, MESUJI MAKMUR, OGAN KOMERING ILIR, SUMATERA SELATAN",17,67,123,190
https://kawalpemilu.org#17824,"KAMPUNG BARU, MESUJI MAKMUR, OGAN KOMERING ILIR, SUMATERA SELATAN",18,56,143,199
https://kawalpemilu.org#17824,"KAMPUNG BARU, MESUJI MAKMUR, OGAN KOMERING ILIR, SUMATERA SELATAN",19,47,120,167
https://kawalpemilu.org#17824,"KAMPUNG BARU, MESUJI MAKMUR, OGAN KOMERING ILIR, SUMATERA SELATAN",20,63,107,170
https://kawalpemilu.org#17824,"KAMPUNG BARU, MESUJI MAKMUR, OGAN KOMERING ILIR, SUMATERA SELATAN",21,67,70,137
https://kawalpemilu.org#17824,"KAMPUNG BARU, MESUJI MAKMUR, OGAN KOMERING ILIR, SUMATERA SELATAN",22,47,88,135
https://kawalpemilu.org#17824,"KAMPUNG BARU, MESUJI MAKMUR, OGAN KOMERING ILIR, SUMATERA SELATAN",23,70,99,169
https://kawalpemilu.org#17824,"KAMPUNG BARU, MESUJI MAKMUR, OGAN KOMERING ILIR, SUMATERA SELATAN",24,57,87,144
https://kawalpemilu.org#17824,"KAMPUNG BARU, MESUJI MAKMUR, OGAN KOMERING ILIR, SUMATERA SELATAN",25,52,95,147
https://kawalpemilu.org#17824,"KAMPUNG BARU, MESUJI MAKMUR, OGAN KOMERING ILIR, SUMATERA SELATAN",26,49,100,149
https://kawalpemilu.org#17824,"KAMPUNG BARU, MESUJI MAKMUR, OGAN KOMERING ILIR, SUMATERA SELATAN",27,38,124,162
https://kawalpemilu.org#17824,"KAMPUNG BARU, MESUJI MAKMUR, OGAN KOMERING ILIR, SUMATERA SELATAN",28,127,46,173
https://kawalpemilu.org#17824,"KAMPUNG BARU, MESUJI MAKMUR, OGAN KOMERING ILIR, SUMATERA SELATAN",29,116,49,165
https://kawalpemilu.org#17824,"KAMPUNG BARU, MESUJI MAKMUR, OGAN KOMERING ILIR, SUMATERA SELATAN",30,92,34,126
https://kawalpemilu.org#17825,"CAHAYA MAS, MESUJI MAKMUR, OGAN KOMERING ILIR, SUMATERA SELATAN",1,105,150,255
https://kawalpemilu.org#17825,"CAHAYA MAS, MESUJI MAKMUR, OGAN KOMERING ILIR, SUMATERA SELATAN",2,146,113,259
https://kawalpemilu.org#17825,"CAHAYA MAS, MESUJI MAKMUR, OGAN KOMERING ILIR, SUMATERA SELATAN",3,82,128,210
https://kawalpemilu.org#17825,"CAHAYA MAS, MESUJI MAKMUR, OGAN KOMERING ILIR, SUMATERA SELATAN",4,102,108,210
https://kawalpemilu.org#17825,"CAHAYA MAS, MESUJI MAKMUR, OGAN KOMERING ILIR, SUMATERA SELATAN",5,154,81,235
https://kawalpemilu.org#17825,"CAHAYA MAS, MESUJI MAKMUR, OGAN KOMERING ILIR, SUMATERA SELATAN",6,115,68,183
https://kawalpemilu.org#17825,"CAHAYA MAS, MESUJI MAKMUR, OGAN KOMERING ILIR, SUMATERA SELATAN",7,100,69,169
https://kawalpemilu.org#17825,"CAHAYA MAS, MESUJI MAKMUR, OGAN KOMERING ILIR, SUMATERA SELATAN",8,87,55,142
https://kawalpemilu.org#17825,"CAHAYA MAS, MESUJI MAKMUR, OGAN KOMERING ILIR, SUMATERA SELATAN",9,109,46,155
https://kawalpemilu.org#17825,"CAHAYA MAS, MESUJI MAKMUR, OGAN KOMERING ILIR, SUMATERA SELATAN",10,120,86,206
https://kawalpemilu.org#17825,"CAHAYA MAS, MESUJI MAKMUR, OGAN KOMERING ILIR, SUMATERA SELATAN",11,34,150,184
https://kawalpemilu.org#17825,"CAHAYA MAS, MESUJI MAKMUR, OGAN KOMERING ILIR, SUMATERA SELATAN",12,34,110,144
https://kawalpemilu.org#17825,"CAHAYA MAS, MESUJI MAKMUR, OGAN KOMERING ILIR, SUMATERA SELATAN",13,42,66,108
https://kawalpemilu.org#17825,"CAHAYA MAS, MESUJI MAKMUR, OGAN KOMERING ILIR, SUMATERA SELATAN",14,59,161,220
https://kawalpemilu.org#17825,"CAHAYA MAS, MESUJI MAKMUR, OGAN KOMERING ILIR, SUMATERA SELATAN",15,53,140,193
https://kawalpemilu.org#17825,"CAHAYA MAS, MESUJI MAKMUR, OGAN KOMERING ILIR, SUMATERA SELATAN",16,85,124,209
https://kawalpemilu.org#17825,"CAHAYA MAS, MESUJI MAKMUR, OGAN KOMERING ILIR, SUMATERA SELATAN",17,143,105,248
https://kawalpemilu.org#17825,"CAHAYA MAS, MESUJI MAKMUR, OGAN KOMERING ILIR, SUMATERA SELATAN",18,62,152,214
https://kawalpemilu.org#17825,"CAHAYA MAS, MESUJI MAKMUR, OGAN KOMERING ILIR, SUMATERA SELATAN",19,107,161,268
https://kawalpemilu.org#17825,"CAHAYA MAS, MESUJI MAKMUR, OGAN KOMERING ILIR, SUMATERA SELATAN",20,57,165,222
https://kawalpemilu.org#17825,"CAHAYA MAS, MESUJI MAKMUR, OGAN KOMERING ILIR, SUMATERA SELATAN",21,214,44,258
https://kawalpemilu.org#17826,"KARYA USAHA, MESUJI MAKMUR, OGAN KOMERING ILIR, SUMATERA SELATAN",1,59,156,215
https://kawalpemilu.org#17826,"KARYA USAHA, MESUJI MAKMUR, OGAN KOMERING ILIR, SUMATERA SELATAN",2,79,145,224
https://kawalpemilu.org#17826,"KARYA USAHA, MESUJI MAKMUR, OGAN KOMERING ILIR, SUMATERA SELATAN",3,63,142,205
https://kawalpemilu.org#17826,"KARYA USAHA, MESUJI MAKMUR, OGAN KOMERING ILIR, SUMATERA SELATAN",4,88,123,211
https://kawalpemilu.org#17826,"KARYA USAHA, MESUJI MAKMUR, OGAN KOMERING ILIR, SUMATERA SELATAN",5,39,130,169
https://kawalpemilu.org#17827,"PEMATANG BINA TANI, MESUJI MAKMUR, OGAN KOMERING ILIR, SUMATERA SELATAN",1,119,127,246
https://kawalpemilu.org#17827,"PEMATANG BINA TANI, MESUJI MAKMUR, OGAN KOMERING ILIR, SUMATERA SELATAN",2,103,186,289
https://kawalpemilu.org#17827,"PEMATANG BINA TANI, MESUJI MAKMUR, OGAN KOMERING ILIR, SUMATERA SELATAN",3,74,113,187
https://kawalpemilu.org#17827,"PEMATANG BINA TANI, MESUJI MAKMUR, OGAN KOMERING ILIR, SUMATERA SELATAN",4,96,162,258
https://kawalpemilu.org#17827,"PEMATANG BINA TANI, MESUJI MAKMUR, OGAN KOMERING ILIR, SUMATERA SELATAN",5,128,93,221
https://kawalpemilu.org#17827,"PEMATANG BINA TANI, MESUJI MAKMUR, OGAN KOMERING ILIR, SUMATERA SELATAN",6,85,151,236
https://kawalpemilu.org#17827,"PEMATANG BINA TANI, MESUJI MAKMUR, OGAN KOMERING ILIR, SUMATERA SELATAN",7,83,84,167
https://kawalpemilu.org#17827,"PEMATANG BINA TANI, MESUJI MAKMUR, OGAN KOMERING ILIR, SUMATERA SELATAN",8,64,94,158
https://kawalpemilu.org#17828,"BINAKARSA, MESUJI MAKMUR, OGAN KOMERING ILIR, SUMATERA SELATAN",1,142,89,231
https://kawalpemilu.org#17828,"BINAKARSA, MESUJI MAKMUR, OGAN KOMERING ILIR, SUMATERA SELATAN",2,131,108,239
https://kawalpemilu.org#17828,"BINAKARSA, MESUJI MAKMUR, OGAN KOMERING ILIR, SUMATERA SELATAN",3,90,132,222
https://kawalpemilu.org#17828,"BINAKARSA, MESUJI MAKMUR, OGAN KOMERING ILIR, SUMATERA SELATAN",4,67,202,269
https://kawalpemilu.org#17828,"BINAKARSA, MESUJI MAKMUR, OGAN KOMERING ILIR, SUMATERA SELATAN",5,140,114,254
https://kawalpemilu.org#17828,"BINAKARSA, MESUJI MAKMUR, OGAN KOMERING ILIR, SUMATERA SELATAN",6,107,120,227
https://kawalpemilu.org#17829,"PEMATANG SARI, MESUJI MAKMUR, OGAN KOMERING ILIR, SUMATERA SELATAN",1,106,92,198
https://kawalpemilu.org#17829,"PEMATANG SARI, MESUJI MAKMUR, OGAN KOMERING ILIR, SUMATERA SELATAN",2,86,90,176
https://kawalpemilu.org#17829,"PEMATANG SARI, MESUJI MAKMUR, OGAN KOMERING ILIR, SUMATERA SELATAN",3,115,70,185
https://kawalpemilu.org#17829,"PEMATANG SARI, MESUJI MAKMUR, OGAN KOMERING ILIR, SUMATERA SELATAN",4,95,69,164
https://kawalpemilu.org#17829,"PEMATANG SARI, MESUJI MAKMUR, OGAN KOMERING ILIR, SUMATERA SELATAN",5,48,113,161
https://kawalpemilu.org#17830,"PEMATANG SUKARAMAH, MESUJI MAKMUR, OGAN KOMERING ILIR, SUMATERA SELATAN",1,57,130,187
https://kawalpemilu.org#17830,"PEMATANG SUKARAMAH, MESUJI MAKMUR, OGAN KOMERING ILIR, SUMATERA SELATAN",2,78,118,196
https://kawalpemilu.org#17830,"PEMATANG SUKARAMAH, MESUJI MAKMUR, OGAN KOMERING ILIR, SUMATERA SELATAN",3,42,151,193
https://kawalpemilu.org#17830,"PEMATANG SUKARAMAH, MESUJI MAKMUR, OGAN KOMERING ILIR, SUMATERA SELATAN",4,77,99,176
https://kawalpemilu.org#17830,"PEMATANG SUKARAMAH, MESUJI MAKMUR, OGAN KOMERING ILIR, SUMATERA SELATAN",5,47,123,170
https://kawalpemilu.org#17831,"CAHAYA MULYA, MESUJI MAKMUR, OGAN KOMERING ILIR, SUMATERA SELATAN",1,45,148,193
https://kawalpemilu.org#17831,"CAHAYA MULYA, MESUJI MAKMUR, OGAN KOMERING ILIR, SUMATERA SELATAN",2,56,83,139
https://kawalpemilu.org#17831,"CAHAYA MULYA, MESUJI MAKMUR, OGAN KOMERING ILIR, SUMATERA SELATAN",3,105,77,182
https://kawalpemilu.org#17832,"GADING SARI, MESUJI MAKMUR, OGAN KOMERING ILIR, SUMATERA SELATAN",1,122,171,293
https://kawalpemilu.org#17832,"GADING SARI, MESUJI MAKMUR, OGAN KOMERING ILIR, SUMATERA SELATAN",2,66,205,271
https://kawalpemilu.org#17832,"GADING SARI, MESUJI MAKMUR, OGAN KOMERING ILIR, SUMATERA SELATAN",3,86,202,288
https://kawalpemilu.org#17832,"GADING SARI, MESUJI MAKMUR, OGAN KOMERING ILIR, SUMATERA SELATAN",4,147,145,292
https://kawalpemilu.org#17832,"GADING SARI, MESUJI MAKMUR, OGAN KOMERING ILIR, SUMATERA SELATAN",5,116,127,243
https://kawalpemilu.org#17832,"GADING SARI, MESUJI MAKMUR, OGAN KOMERING ILIR, SUMATERA SELATAN",6,118,158,276
https://kawalpemilu.org#17834,"KARYA JAYA, MESUJI MAKMUR, OGAN KOMERING ILIR, SUMATERA SELATAN",1,195,47,242
https://kawalpemilu.org#17834,"KARYA JAYA, MESUJI MAKMUR, OGAN KOMERING ILIR, SUMATERA SELATAN",2,117,98,215
https://kawalpemilu.org#17834,"KARYA JAYA, MESUJI MAKMUR, OGAN KOMERING ILIR, SUMATERA SELATAN",3,151,60,211
https://kawalpemilu.org#17834,"KARYA JAYA, MESUJI MAKMUR, OGAN KOMERING ILIR, SUMATERA SELATAN",4,165,62,227
https://kawalpemilu.org#17834,"KARYA JAYA, MESUJI MAKMUR, OGAN KOMERING ILIR, SUMATERA SELATAN",5,124,136,260
https://kawalpemilu.org#17834,"KARYA JAYA, MESUJI MAKMUR, OGAN KOMERING ILIR, SUMATERA SELATAN",6,148,84,232
https://kawalpemilu.org#17834,"KARYA JAYA, MESUJI MAKMUR, OGAN KOMERING ILIR, SUMATERA SELATAN",7,142,68,210
https://kawalpemilu.org#17834,"KARYA JAYA, MESUJI MAKMUR, OGAN KOMERING ILIR, SUMATERA SELATAN",8,238,31,269
https://kawalpemilu.org#17834,"KARYA JAYA, MESUJI MAKMUR, OGAN KOMERING ILIR, SUMATERA SELATAN",9,85,21,106
https://kawalpemilu.org#17835,"MESUJI JAYA, MESUJI MAKMUR, OGAN KOMERING ILIR, SUMATERA SELATAN",1,150,120,0
https://kawalpemilu.org#17835,"MESUJI JAYA, MESUJI MAKMUR, OGAN KOMERING ILIR, SUMATERA SELATAN",2,174,97,271
https://kawalpemilu.org#17835,"MESUJI JAYA, MESUJI MAKMUR, OGAN KOMERING ILIR, SUMATERA SELATAN",3,149,119,268
https://kawalpemilu.org#17835,"MESUJI JAYA, MESUJI MAKMUR, OGAN KOMERING ILIR, SUMATERA SELATAN",4,176,54,230
https://kawalpemilu.org#17835,"MESUJI JAYA, MESUJI MAKMUR, OGAN KOMERING ILIR, SUMATERA SELATAN",5,178,49,227
https://kawalpemilu.org#17835,"MESUJI JAYA, MESUJI MAKMUR, OGAN KOMERING ILIR, SUMATERA SELATAN",7,96,53,149
https://kawalpemilu.org#17836,"SUMBER MULYA, MESUJI MAKMUR, OGAN KOMERING ILIR, SUMATERA SELATAN",1,91,122,213
https://kawalpemilu.org#17836,"SUMBER MULYA, MESUJI MAKMUR, OGAN KOMERING ILIR, SUMATERA SELATAN",2,81,117,198
https://kawalpemilu.org#17836,"SUMBER MULYA, MESUJI MAKMUR, OGAN KOMERING ILIR, SUMATERA SELATAN",3,77,107,184
https://kawalpemilu.org#17837,"BERINGIN JAYA, MESUJI MAKMUR, OGAN KOMERING ILIR, SUMATERA SELATAN",1,115,76,191
https://kawalpemilu.org#17837,"BERINGIN JAYA, MESUJI MAKMUR, OGAN KOMERING ILIR, SUMATERA SELATAN",2,88,106,194
https://kawalpemilu.org#17837,"BERINGIN JAYA, MESUJI MAKMUR, OGAN KOMERING ILIR, SUMATERA SELATAN",3,93,95,188
https://kawalpemilu.org#17837,"BERINGIN JAYA, MESUJI MAKMUR, OGAN KOMERING ILIR, SUMATERA SELATAN",4,102,91,193
https://kawalpemilu.org#17837,"BERINGIN JAYA, MESUJI MAKMUR, OGAN KOMERING ILIR, SUMATERA SELATAN",5,115,59,174
https://kawalpemilu.org#17837,"BERINGIN JAYA, MESUJI MAKMUR, OGAN KOMERING ILIR, SUMATERA SELATAN",6,99,85,184
https://kawalpemilu.org#17837,"BERINGIN JAYA, MESUJI MAKMUR, OGAN KOMERING ILIR, SUMATERA SELATAN",7,108,66,174
https://kawalpemilu.org#17839,"EMBACANG, MESUJI RAYA, OGAN KOMERING ILIR, SUMATERA SELATAN",1,46,169,215
https://kawalpemilu.org#17839,"EMBACANG, MESUJI RAYA, OGAN KOMERING ILIR, SUMATERA SELATAN",2,31,201,232
https://kawalpemilu.org#17839,"EMBACANG, MESUJI RAYA, OGAN KOMERING ILIR, SUMATERA SELATAN",3,62,186,248
https://kawalpemilu.org#17839,"EMBACANG, MESUJI RAYA, OGAN KOMERING ILIR, SUMATERA SELATAN",4,27,161,188
https://kawalpemilu.org#17839,"EMBACANG, MESUJI RAYA, OGAN KOMERING ILIR, SUMATERA SELATAN",5,0,0,0
https://kawalpemilu.org#17839,"EMBACANG, MESUJI RAYA, OGAN KOMERING ILIR, SUMATERA SELATAN",6,104,8,112
https://kawalpemilu.org#17839,"EMBACANG, MESUJI RAYA, OGAN KOMERING ILIR, SUMATERA SELATAN",7,55,77,132
https://kawalpemilu.org#17840,"BALIAN, MESUJI RAYA, OGAN KOMERING ILIR, SUMATERA SELATAN",1,29,97,126
https://kawalpemilu.org#17840,"BALIAN, MESUJI RAYA, OGAN KOMERING ILIR, SUMATERA SELATAN",2,48,125,173
https://kawalpemilu.org#17840,"BALIAN, MESUJI RAYA, OGAN KOMERING ILIR, SUMATERA SELATAN",3,134,91,225
https://kawalpemilu.org#17840,"BALIAN, MESUJI RAYA, OGAN KOMERING ILIR, SUMATERA SELATAN",4,81,47,128
https://kawalpemilu.org#17840,"BALIAN, MESUJI RAYA, OGAN KOMERING ILIR, SUMATERA SELATAN",5,80,43,123
https://kawalpemilu.org#17840,"BALIAN, MESUJI RAYA, OGAN KOMERING ILIR, SUMATERA SELATAN",6,126,21,147
https://kawalpemilu.org#17840,"BALIAN, MESUJI RAYA, OGAN KOMERING ILIR, SUMATERA SELATAN",7,93,15,108
https://kawalpemilu.org#17840,"BALIAN, MESUJI RAYA, OGAN KOMERING ILIR, SUMATERA SELATAN",8,99,15,114
https://kawalpemilu.org#17840,"BALIAN, MESUJI RAYA, OGAN KOMERING ILIR, SUMATERA SELATAN",9,89,51,140
https://kawalpemilu.org#17840,"BALIAN, MESUJI RAYA, OGAN KOMERING ILIR, SUMATERA SELATAN",10,117,49,166
https://kawalpemilu.org#17840,"BALIAN, MESUJI RAYA, OGAN KOMERING ILIR, SUMATERA SELATAN",11,46,15,61
https://kawalpemilu.org#17841,"SUMBU SARI, MESUJI RAYA, OGAN KOMERING ILIR, SUMATERA SELATAN",1,97,161,258
https://kawalpemilu.org#17841,"SUMBU SARI, MESUJI RAYA, OGAN KOMERING ILIR, SUMATERA SELATAN",2,117,153,270
https://kawalpemilu.org#17841,"SUMBU SARI, MESUJI RAYA, OGAN KOMERING ILIR, SUMATERA SELATAN",3,86,181,267
https://kawalpemilu.org#17841,"SUMBU SARI, MESUJI RAYA, OGAN KOMERING ILIR, SUMATERA SELATAN",4,102,169,271
https://kawalpemilu.org#17841,"SUMBU SARI, MESUJI RAYA, OGAN KOMERING ILIR, SUMATERA SELATAN",5,127,145,272
https://kawalpemilu.org#17841,"SUMBU SARI, MESUJI RAYA, OGAN KOMERING ILIR, SUMATERA SELATAN",6,168,73,241
https://kawalpemilu.org#17841,"SUMBU SARI, MESUJI RAYA, OGAN KOMERING ILIR, SUMATERA SELATAN",7,66,138,204
https://kawalpemilu.org#17842,"SUKA SARI, MESUJI RAYA, OGAN KOMERING ILIR, SUMATERA SELATAN",1,107,96,203
https://kawalpemilu.org#17842,"SUKA SARI, MESUJI RAYA, OGAN KOMERING ILIR, SUMATERA SELATAN",2,98,100,198
https://kawalpemilu.org#17842,"SUKA SARI, MESUJI RAYA, OGAN KOMERING ILIR, SUMATERA SELATAN",3,104,66,170
https://kawalpemilu.org#17842,"SUKA SARI, MESUJI RAYA, OGAN KOMERING ILIR, SUMATERA SELATAN",4,130,63,197
https://kawalpemilu.org#17842,"SUKA SARI, MESUJI RAYA, OGAN KOMERING ILIR, SUMATERA SELATAN",5,124,89,213
https://kawalpemilu.org#17843,"CIPTA SARI, MESUJI RAYA, OGAN KOMERING ILIR, SUMATERA SELATAN",1,132,106,238
https://kawalpemilu.org#17843,"CIPTA SARI, MESUJI RAYA, OGAN KOMERING ILIR, SUMATERA SELATAN",2,147,83,230
https://kawalpemilu.org#17843,"CIPTA SARI, MESUJI RAYA, OGAN KOMERING ILIR, SUMATERA SELATAN",3,86,158,244
https://kawalpemilu.org#17843,"CIPTA SARI, MESUJI RAYA, OGAN KOMERING ILIR, SUMATERA SELATAN",4,78,147,225
https://kawalpemilu.org#17843,"CIPTA SARI, MESUJI RAYA, OGAN KOMERING ILIR, SUMATERA SELATAN",5,51,105,156
https://kawalpemilu.org#17843,"CIPTA SARI, MESUJI RAYA, OGAN KOMERING ILIR, SUMATERA SELATAN",6,95,52,147
https://kawalpemilu.org#17844,"MATARAM JAYA, MESUJI RAYA, OGAN KOMERING ILIR, SUMATERA SELATAN",1,193,57,250
https://kawalpemilu.org#17844,"MATARAM JAYA, MESUJI RAYA, OGAN KOMERING ILIR, SUMATERA SELATAN",2,100,144,244
https://kawalpemilu.org#17844,"MATARAM JAYA, MESUJI RAYA, OGAN KOMERING ILIR, SUMATERA SELATAN",3,245,25,270
https://kawalpemilu.org#17844,"MATARAM JAYA, MESUJI RAYA, OGAN KOMERING ILIR, SUMATERA SELATAN",4,232,22,254
https://kawalpemilu.org#17844,"MATARAM JAYA, MESUJI RAYA, OGAN KOMERING ILIR, SUMATERA SELATAN",5,154,77,231
https://kawalpemilu.org#17844,"MATARAM JAYA, MESUJI RAYA, OGAN KOMERING ILIR, SUMATERA SELATAN",6,189,63,252
https://kawalpemilu.org#17844,"MATARAM JAYA, MESUJI RAYA, OGAN KOMERING ILIR, SUMATERA SELATAN",7,151,77,228
https://kawalpemilu.org#17844,"MATARAM JAYA, MESUJI RAYA, OGAN KOMERING ILIR, SUMATERA SELATAN",8,123,50,173
https://kawalpemilu.org#17844,"MATARAM JAYA, MESUJI RAYA, OGAN KOMERING ILIR, SUMATERA SELATAN",9,106,55,161
https://kawalpemilu.org#17845,"BUMI MAKMUR, MESUJI RAYA, OGAN KOMERING ILIR, SUMATERA SELATAN",1,122,81,203
https://kawalpemilu.org#17845,"BUMI MAKMUR, MESUJI RAYA, OGAN KOMERING ILIR, SUMATERA SELATAN",2,100,98,198
https://kawalpemilu.org#17845,"BUMI MAKMUR, MESUJI RAYA, OGAN KOMERING ILIR, SUMATERA SELATAN",3,131,98,229
https://kawalpemilu.org#17845,"BUMI MAKMUR, MESUJI RAYA, OGAN KOMERING ILIR, SUMATERA SELATAN",4,142,29,171
https://kawalpemilu.org#17845,"BUMI MAKMUR, MESUJI RAYA, OGAN KOMERING ILIR, SUMATERA SELATAN",5,175,50,225
https://kawalpemilu.org#17846,"SUMBER BARU, MESUJI RAYA, OGAN KOMERING ILIR, SUMATERA SELATAN",1,104,150,254
https://kawalpemilu.org#17846,"SUMBER BARU, MESUJI RAYA, OGAN KOMERING ILIR, SUMATERA SELATAN",2,176,61,137
https://kawalpemilu.org#17846,"SUMBER BARU, MESUJI RAYA, OGAN KOMERING ILIR, SUMATERA SELATAN",3,90,151,241
https://kawalpemilu.org#17846,"SUMBER BARU, MESUJI RAYA, OGAN KOMERING ILIR, SUMATERA SELATAN",4,125,87,212
https://kawalpemilu.org#17846,"SUMBER BARU, MESUJI RAYA, OGAN KOMERING ILIR, SUMATERA SELATAN",5,104,112,216
https://kawalpemilu.org#17846,"SUMBER BARU, MESUJI RAYA, OGAN KOMERING ILIR, SUMATERA SELATAN",6,31,61,92
https://kawalpemilu.org#17846,"SUMBER BARU, MESUJI RAYA, OGAN KOMERING ILIR, SUMATERA SELATAN",7,82,58,140
https://kawalpemilu.org#17846,"SUMBER BARU, MESUJI RAYA, OGAN KOMERING ILIR, SUMATERA SELATAN",8,103,89,192
https://kawalpemilu.org#17847,"MULYA JAYA, MESUJI RAYA, OGAN KOMERING ILIR, SUMATERA SELATAN",1,133,136,269
https://kawalpemilu.org#17847,"MULYA JAYA, MESUJI RAYA, OGAN KOMERING ILIR, SUMATERA SELATAN",2,156,98,254
https://kawalpemilu.org#17847,"MULYA JAYA, MESUJI RAYA, OGAN KOMERING ILIR, SUMATERA SELATAN",3,155,98,253
https://kawalpemilu.org#17847,"MULYA JAYA, MESUJI RAYA, OGAN KOMERING ILIR, SUMATERA SELATAN",4,160,101,261
https://kawalpemilu.org#17847,"MULYA JAYA, MESUJI RAYA, OGAN KOMERING ILIR, SUMATERA SELATAN",5,104,137,241
https://kawalpemilu.org#17848,"ROTAN MULYA, MESUJI RAYA, OGAN KOMERING ILIR, SUMATERA SELATAN",1,67,163,230
https://kawalpemilu.org#17848,"ROTAN MULYA, MESUJI RAYA, OGAN KOMERING ILIR, SUMATERA SELATAN",2,100,115,215
https://kawalpemilu.org#17848,"ROTAN MULYA, MESUJI RAYA, OGAN KOMERING ILIR, SUMATERA SELATAN",3,140,84,224
https://kawalpemilu.org#17848,"ROTAN MULYA, MESUJI RAYA, OGAN KOMERING ILIR, SUMATERA SELATAN",4,118,76,194
https://kawalpemilu.org#17849,"EMBACANG PERMAI, MESUJI RAYA, OGAN KOMERING ILIR, SUMATERA SELATAN",1,151,82,233
https://kawalpemilu.org#17849,"EMBACANG PERMAI, MESUJI RAYA, OGAN KOMERING ILIR, SUMATERA SELATAN",2,124,79,203
https://kawalpemilu.org#17850,"GEDUNG REJO, MESUJI RAYA, OGAN KOMERING ILIR, SUMATERA SELATAN",1,151,116,267
https://kawalpemilu.org#17850,"GEDUNG REJO, MESUJI RAYA, OGAN KOMERING ILIR, SUMATERA SELATAN",2,58,94,152
https://kawalpemilu.org#17850,"GEDUNG REJO, MESUJI RAYA, OGAN KOMERING ILIR, SUMATERA SELATAN",3,93,120,213
https://kawalpemilu.org#17850,"GEDUNG REJO, MESUJI RAYA, OGAN KOMERING ILIR, SUMATERA SELATAN",4,76,120,196
https://kawalpemilu.org#17850,"GEDUNG REJO, MESUJI RAYA, OGAN KOMERING ILIR, SUMATERA SELATAN",5,71,97,168
https://kawalpemilu.org#17851,"KERTA MUKTI, MESUJI RAYA, OGAN KOMERING ILIR, SUMATERA SELATAN",1,66,116,182
https://kawalpemilu.org#17851,"KERTA MUKTI, MESUJI RAYA, OGAN KOMERING ILIR, SUMATERA SELATAN",2,119,105,224
https://kawalpemilu.org#17851,"KERTA MUKTI, MESUJI RAYA, OGAN KOMERING ILIR, SUMATERA SELATAN",3,124,82,206
https://kawalpemilu.org#17851,"KERTA MUKTI, MESUJI RAYA, OGAN KOMERING ILIR, SUMATERA SELATAN",4,90,69,159
https://kawalpemilu.org#17851,"KERTA MUKTI, MESUJI RAYA, OGAN KOMERING ILIR, SUMATERA SELATAN",5,136,65,201
https://kawalpemilu.org#17851,"KERTA MUKTI, MESUJI RAYA, OGAN KOMERING ILIR, SUMATERA SELATAN",6,67,90,157
https://kawalpemilu.org#17851,"KERTA MUKTI, MESUJI RAYA, OGAN KOMERING ILIR, SUMATERA SELATAN",7,114,99,213
https://kawalpemilu.org#17852,"KEMANG INDAH, MESUJI RAYA, OGAN KOMERING ILIR, SUMATERA SELATAN",1,156,88,244
https://kawalpemilu.org#17852,"KEMANG INDAH, MESUJI RAYA, OGAN KOMERING ILIR, SUMATERA SELATAN",2,91,83,174
https://kawalpemilu.org#17852,"KEMANG INDAH, MESUJI RAYA, OGAN KOMERING ILIR, SUMATERA SELATAN",3,134,79,213
https://kawalpemilu.org#17852,"KEMANG INDAH, MESUJI RAYA, OGAN KOMERING ILIR, SUMATERA SELATAN",4,107,96,203
https://kawalpemilu.org#17852,"KEMANG INDAH, MESUJI RAYA, OGAN KOMERING ILIR, SUMATERA SELATAN",5,90,43,133
https://kawalpemilu.org#17852,"KEMANG INDAH, MESUJI RAYA, OGAN KOMERING ILIR, SUMATERA SELATAN",6,131,61,192
https://kawalpemilu.org#17853,"BALIAN MAKMUR, MESUJI RAYA, OGAN KOMERING ILIR, SUMATERA SELATAN",1,211,13,224
https://kawalpemilu.org#17853,"BALIAN MAKMUR, MESUJI RAYA, OGAN KOMERING ILIR, SUMATERA SELATAN",2,203,49,252
https://kawalpemilu.org#17853,"BALIAN MAKMUR, MESUJI RAYA, OGAN KOMERING ILIR, SUMATERA SELATAN",3,125,44,169
https://kawalpemilu.org#17853,"BALIAN MAKMUR, MESUJI RAYA, OGAN KOMERING ILIR, SUMATERA SELATAN",4,164,81,245
https://kawalpemilu.org#17853,"BALIAN MAKMUR, MESUJI RAYA, OGAN KOMERING ILIR, SUMATERA SELATAN",5,120,49,169
https://kawalpemilu.org#17854,"SEDYOMULYO, MESUJI RAYA, OGAN KOMERING ILIR, SUMATERA SELATAN",1,234,22,256
https://kawalpemilu.org#17854,"SEDYOMULYO, MESUJI RAYA, OGAN KOMERING ILIR, SUMATERA SELATAN",2,227,26,253
https://kawalpemilu.org#17854,"SEDYOMULYO, MESUJI RAYA, OGAN KOMERING ILIR, SUMATERA SELATAN",3,217,20,237
https://kawalpemilu.org#17854,"SEDYOMULYO, MESUJI RAYA, OGAN KOMERING ILIR, SUMATERA SELATAN",4,229,14,243
https://kawalpemilu.org#17855,"DABUK MAKMUR, MESUJI RAYA, OGAN KOMERING ILIR, SUMATERA SELATAN",1,122,98,220
https://kawalpemilu.org#17855,"DABUK MAKMUR, MESUJI RAYA, OGAN KOMERING ILIR, SUMATERA SELATAN",2,98,107,205
https://kawalpemilu.org#17855,"DABUK MAKMUR, MESUJI RAYA, OGAN KOMERING ILIR, SUMATERA SELATAN",3,62,171,233
https://kawalpemilu.org#17855,"DABUK MAKMUR, MESUJI RAYA, OGAN KOMERING ILIR, SUMATERA SELATAN",4,127,112,239
https://kawalpemilu.org#17857,"TANJUNG SARI I, LEMPUING JAYA, OGAN KOMERING ILIR, SUMATERA SELATAN",1,88,125,213
https://kawalpemilu.org#17857,"TANJUNG SARI I, LEMPUING JAYA, OGAN KOMERING ILIR, SUMATERA SELATAN",2,148,64,212
https://kawalpemilu.org#17857,"TANJUNG SARI I, LEMPUING JAYA, OGAN KOMERING ILIR, SUMATERA SELATAN",3,68,79,147
https://kawalpemilu.org#17857,"TANJUNG SARI I, LEMPUING JAYA, OGAN KOMERING ILIR, SUMATERA SELATAN",5,80,26,106
https://kawalpemilu.org#17858,"LUBUK SEBERUK, LEMPUING JAYA, OGAN KOMERING ILIR, SUMATERA SELATAN",1,143,81,224
https://kawalpemilu.org#17858,"LUBUK SEBERUK, LEMPUING JAYA, OGAN KOMERING ILIR, SUMATERA SELATAN",2,186,44,230
https://kawalpemilu.org#17858,"LUBUK SEBERUK, LEMPUING JAYA, OGAN KOMERING ILIR, SUMATERA SELATAN",3,155,116,271
https://kawalpemilu.org#17858,"LUBUK SEBERUK, LEMPUING JAYA, OGAN KOMERING ILIR, SUMATERA SELATAN",4,153,54,207
https://kawalpemilu.org#17858,"LUBUK SEBERUK, LEMPUING JAYA, OGAN KOMERING ILIR, SUMATERA SELATAN",5,126,50,176
https://kawalpemilu.org#17858,"LUBUK SEBERUK, LEMPUING JAYA, OGAN KOMERING ILIR, SUMATERA SELATAN",6,163,85,248
https://kawalpemilu.org#17858,"LUBUK SEBERUK, LEMPUING JAYA, OGAN KOMERING ILIR, SUMATERA SELATAN",7,135,95,230
https://kawalpemilu.org#17858,"LUBUK SEBERUK, LEMPUING JAYA, OGAN KOMERING ILIR, SUMATERA SELATAN",8,115,54,169
https://kawalpemilu.org#17858,"LUBUK SEBERUK, LEMPUING JAYA, OGAN KOMERING ILIR, SUMATERA SELATAN",9,75,61,136
https://kawalpemilu.org#17858,"LUBUK SEBERUK, LEMPUING JAYA, OGAN KOMERING ILIR, SUMATERA SELATAN",10,127,86,213
https://kawalpemilu.org#17858,"LUBUK SEBERUK, LEMPUING JAYA, OGAN KOMERING ILIR, SUMATERA SELATAN",11,135,93,228
https://kawalpemilu.org#17858,"LUBUK SEBERUK, LEMPUING JAYA, OGAN KOMERING ILIR, SUMATERA SELATAN",12,133,56,189
https://kawalpemilu.org#17858,"LUBUK SEBERUK, LEMPUING JAYA, OGAN KOMERING ILIR, SUMATERA SELATAN",13,94,54,148
https://kawalpemilu.org#17858,"LUBUK SEBERUK, LEMPUING JAYA, OGAN KOMERING ILIR, SUMATERA SELATAN",14,122,110,232
https://kawalpemilu.org#17858,"LUBUK SEBERUK, LEMPUING JAYA, OGAN KOMERING ILIR, SUMATERA SELATAN",15,129,57,186
https://kawalpemilu.org#17858,"LUBUK SEBERUK, LEMPUING JAYA, OGAN KOMERING ILIR, SUMATERA SELATAN",16,119,78,197
https://kawalpemilu.org#17858,"LUBUK SEBERUK, LEMPUING JAYA, OGAN KOMERING ILIR, SUMATERA SELATAN",17,116,119,235
https://kawalpemilu.org#17858,"LUBUK SEBERUK, LEMPUING JAYA, OGAN KOMERING ILIR, SUMATERA SELATAN",18,187,69,256
https://kawalpemilu.org#17858,"LUBUK SEBERUK, LEMPUING JAYA, OGAN KOMERING ILIR, SUMATERA SELATAN",19,120,103,223
https://kawalpemilu.org#17858,"LUBUK SEBERUK, LEMPUING JAYA, OGAN KOMERING ILIR, SUMATERA SELATAN",20,173,94,267
https://kawalpemilu.org#17858,"LUBUK SEBERUK, LEMPUING JAYA, OGAN KOMERING ILIR, SUMATERA SELATAN",22,204,31,235
https://kawalpemilu.org#17858,"LUBUK SEBERUK, LEMPUING JAYA, OGAN KOMERING ILIR, SUMATERA SELATAN",23,241,25,266
https://kawalpemilu.org#17858,"LUBUK SEBERUK, LEMPUING JAYA, OGAN KOMERING ILIR, SUMATERA SELATAN",24,178,41,219
https://kawalpemilu.org#17858,"LUBUK SEBERUK, LEMPUING JAYA, OGAN KOMERING ILIR, SUMATERA SELATAN",25,221,28,249
https://kawalpemilu.org#17858,"LUBUK SEBERUK, LEMPUING JAYA, OGAN KOMERING ILIR, SUMATERA SELATAN",26,216,50,266
https://kawalpemilu.org#17858,"LUBUK SEBERUK, LEMPUING JAYA, OGAN KOMERING ILIR, SUMATERA SELATAN",27,169,46,215
https://kawalpemilu.org#17858,"LUBUK SEBERUK, LEMPUING JAYA, OGAN KOMERING ILIR, SUMATERA SELATAN",28,217,29,246
https://kawalpemilu.org#17858,"LUBUK SEBERUK, LEMPUING JAYA, OGAN KOMERING ILIR, SUMATERA SELATAN",29,172,22,194
https://kawalpemilu.org#17858,"LUBUK SEBERUK, LEMPUING JAYA, OGAN KOMERING ILIR, SUMATERA SELATAN",30,150,86,236
https://kawalpemilu.org#17859,"RANTAU DURIAN I, LEMPUING JAYA, OGAN KOMERING ILIR, SUMATERA SELATAN",1,142,97,239
https://kawalpemilu.org#17859,"RANTAU DURIAN I, LEMPUING JAYA, OGAN KOMERING ILIR, SUMATERA SELATAN",2,91,131,222
https://kawalpemilu.org#17859,"RANTAU DURIAN I, LEMPUING JAYA, OGAN KOMERING ILIR, SUMATERA SELATAN",3,108,134,242
https://kawalpemilu.org#17859,"RANTAU DURIAN I, LEMPUING JAYA, OGAN KOMERING ILIR, SUMATERA SELATAN",4,125,116,241
https://kawalpemilu.org#17859,"RANTAU DURIAN I, LEMPUING JAYA, OGAN KOMERING ILIR, SUMATERA SELATAN",5,180,77,257
https://kawalpemilu.org#17859,"RANTAU DURIAN I, LEMPUING JAYA, OGAN KOMERING ILIR, SUMATERA SELATAN",6,179,85,264
https://kawalpemilu.org#17859,"RANTAU DURIAN I, LEMPUING JAYA, OGAN KOMERING ILIR, SUMATERA SELATAN",7,125,113,238
https://kawalpemilu.org#17859,"RANTAU DURIAN I, LEMPUING JAYA, OGAN KOMERING ILIR, SUMATERA SELATAN",8,111,117,228
https://kawalpemilu.org#17859,"RANTAU DURIAN I, LEMPUING JAYA, OGAN KOMERING ILIR, SUMATERA SELATAN",9,169,65,234
https://kawalpemilu.org#17859,"RANTAU DURIAN I, LEMPUING JAYA, OGAN KOMERING ILIR, SUMATERA SELATAN",10,165,133,298
https://kawalpemilu.org#17859,"RANTAU DURIAN I, LEMPUING JAYA, OGAN KOMERING ILIR, SUMATERA SELATAN",11,178,84,262
https://kawalpemilu.org#17859,"RANTAU DURIAN I, LEMPUING JAYA, OGAN KOMERING ILIR, SUMATERA SELATAN",12,146,113,259
https://kawalpemilu.org#17860,"SUNGAI BELIDA, LEMPUING JAYA, OGAN KOMERING ILIR, SUMATERA SELATAN",1,113,150,263
https://kawalpemilu.org#17860,"SUNGAI BELIDA, LEMPUING JAYA, OGAN KOMERING ILIR, SUMATERA SELATAN",3,108,114,222
https://kawalpemilu.org#17860,"SUNGAI BELIDA, LEMPUING JAYA, OGAN KOMERING ILIR, SUMATERA SELATAN",5,87,65,152
https://kawalpemilu.org#17860,"SUNGAI BELIDA, LEMPUING JAYA, OGAN KOMERING ILIR, SUMATERA SELATAN",6,40,101,141
https://kawalpemilu.org#17860,"SUNGAI BELIDA, LEMPUING JAYA, OGAN KOMERING ILIR, SUMATERA SELATAN",7,102,73,175
https://kawalpemilu.org#17860,"SUNGAI BELIDA, LEMPUING JAYA, OGAN KOMERING ILIR, SUMATERA SELATAN",8,104,94,198
https://kawalpemilu.org#17860,"SUNGAI BELIDA, LEMPUING JAYA, OGAN KOMERING ILIR, SUMATERA SELATAN",9,78,55,133
https://kawalpemilu.org#17860,"SUNGAI BELIDA, LEMPUING JAYA, OGAN KOMERING ILIR, SUMATERA SELATAN",10,64,92,156
https://kawalpemilu.org#17860,"SUNGAI BELIDA, LEMPUING JAYA, OGAN KOMERING ILIR, SUMATERA SELATAN",11,76,98,174
https://kawalpemilu.org#17860,"SUNGAI BELIDA, LEMPUING JAYA, OGAN KOMERING ILIR, SUMATERA SELATAN",12,104,67,171
https://kawalpemilu.org#17860,"SUNGAI BELIDA, LEMPUING JAYA, OGAN KOMERING ILIR, SUMATERA SELATAN",13,203,42,245
https://kawalpemilu.org#17860,"SUNGAI BELIDA, LEMPUING JAYA, OGAN KOMERING ILIR, SUMATERA SELATAN",14,178,80,258
https://kawalpemilu.org#17860,"SUNGAI BELIDA, LEMPUING JAYA, OGAN KOMERING ILIR, SUMATERA SELATAN",15,220,37,257
https://kawalpemilu.org#17861,"LEMPUING INDAH, LEMPUING JAYA, OGAN KOMERING ILIR, SUMATERA SELATAN",1,115,120,235
https://kawalpemilu.org#17861,"LEMPUING INDAH, LEMPUING JAYA, OGAN KOMERING ILIR, SUMATERA SELATAN",2,100,124,224
https://kawalpemilu.org#17862,"MUKTI SARI, LEMPUING JAYA, OGAN KOMERING ILIR, SUMATERA SELATAN",1,101,73,174
https://kawalpemilu.org#17862,"MUKTI SARI, LEMPUING JAYA, OGAN KOMERING ILIR, SUMATERA SELATAN",2,115,129,244
https://kawalpemilu.org#17862,"MUKTI SARI, LEMPUING JAYA, OGAN KOMERING ILIR, SUMATERA SELATAN",3,94,145,239
https://kawalpemilu.org#17862,"MUKTI SARI, LEMPUING JAYA, OGAN KOMERING ILIR, SUMATERA SELATAN",4,40,92,132
https://kawalpemilu.org#17862,"MUKTI SARI, LEMPUING JAYA, OGAN KOMERING ILIR, SUMATERA SELATAN",5,121,62,183
https://kawalpemilu.org#17863,"TANIA MAKMUR, LEMPUING JAYA, OGAN KOMERING ILIR, SUMATERA SELATAN",1,103,129,232
https://kawalpemilu.org#17863,"TANIA MAKMUR, LEMPUING JAYA, OGAN KOMERING ILIR, SUMATERA SELATAN",3,0,0,0
https://kawalpemilu.org#17863,"TANIA MAKMUR, LEMPUING JAYA, OGAN KOMERING ILIR, SUMATERA SELATAN",4,86,125,211
https://kawalpemilu.org#17863,"TANIA MAKMUR, LEMPUING JAYA, OGAN KOMERING ILIR, SUMATERA SELATAN",5,68,176,244
https://kawalpemilu.org#17864,"SUKA MAJU, LEMPUING JAYA, OGAN KOMERING ILIR, SUMATERA SELATAN",1,86,96,182
https://kawalpemilu.org#17864,"SUKA MAJU, LEMPUING JAYA, OGAN KOMERING ILIR, SUMATERA SELATAN",2,90,69,159
https://kawalpemilu.org#17864,"SUKA MAJU, LEMPUING JAYA, OGAN KOMERING ILIR, SUMATERA SELATAN",3,49,154,203
https://kawalpemilu.org#17864,"SUKA MAJU, LEMPUING JAYA, OGAN KOMERING ILIR, SUMATERA SELATAN",4,68,149,217
https://kawalpemilu.org#17865,"MUARA BURNAI II, LEMPUING JAYA, OGAN KOMERING ILIR, SUMATERA SELATAN",1,134,77,211
https://kawalpemilu.org#17865,"MUARA BURNAI II, LEMPUING JAYA, OGAN KOMERING ILIR, SUMATERA SELATAN",2,141,97,238
https://kawalpemilu.org#17865,"MUARA BURNAI II, LEMPUING JAYA, OGAN KOMERING ILIR, SUMATERA SELATAN",3,170,68,238
https://kawalpemilu.org#17865,"MUARA BURNAI II, LEMPUING JAYA, OGAN KOMERING ILIR, SUMATERA SELATAN",4,150,64,214
https://kawalpemilu.org#17865,"MUARA BURNAI II, LEMPUING JAYA, OGAN KOMERING ILIR, SUMATERA SELATAN",5,129,75,199
https://kawalpemilu.org#17865,"MUARA BURNAI II, LEMPUING JAYA, OGAN KOMERING ILIR, SUMATERA SELATAN",6,133,67,200
https://kawalpemilu.org#17865,"MUARA BURNAI II, LEMPUING JAYA, OGAN KOMERING ILIR, SUMATERA SELATAN",7,136,85,221
https://kawalpemilu.org#17865,"MUARA BURNAI II, LEMPUING JAYA, OGAN KOMERING ILIR, SUMATERA SELATAN",8,123,25,148
https://kawalpemilu.org#17865,"MUARA BURNAI II, LEMPUING JAYA, OGAN KOMERING ILIR, SUMATERA SELATAN",9,119,47,166
https://kawalpemilu.org#17865,"MUARA BURNAI II, LEMPUING JAYA, OGAN KOMERING ILIR, SUMATERA SELATAN",10,133,57,190
https://kawalpemilu.org#17865,"MUARA BURNAI II, LEMPUING JAYA, OGAN KOMERING ILIR, SUMATERA SELATAN",11,109,115,224
https://kawalpemilu.org#17865,"MUARA BURNAI II, LEMPUING JAYA, OGAN KOMERING ILIR, SUMATERA SELATAN",12,78,122,200
https://kawalpemilu.org#17865,"MUARA BURNAI II, LEMPUING JAYA, OGAN KOMERING ILIR, SUMATERA SELATAN",13,148,104,252
https://kawalpemilu.org#17865,"MUARA BURNAI II, LEMPUING JAYA, OGAN KOMERING ILIR, SUMATERA SELATAN",14,158,61,219
https://kawalpemilu.org#17865,"MUARA BURNAI II, LEMPUING JAYA, OGAN KOMERING ILIR, SUMATERA SELATAN",15,132,87,219
https://kawalpemilu.org#17865,"MUARA BURNAI II, LEMPUING JAYA, OGAN KOMERING ILIR, SUMATERA SELATAN",16,175,55,230
https://kawalpemilu.org#17865,"MUARA BURNAI II, LEMPUING JAYA, OGAN KOMERING ILIR, SUMATERA SELATAN",17,191,63,254
https://kawalpemilu.org#17865,"MUARA BURNAI II, LEMPUING JAYA, OGAN KOMERING ILIR, SUMATERA SELATAN",18,195,17,212
https://kawalpemilu.org#17865,"MUARA BURNAI II, LEMPUING JAYA, OGAN KOMERING ILIR, SUMATERA SELATAN",19,154,25,179
https://kawalpemilu.org#17865,"MUARA BURNAI II, LEMPUING JAYA, OGAN KOMERING ILIR, SUMATERA SELATAN",20,196,30,226
https://kawalpemilu.org#17866,"SUKA JAYA, LEMPUING JAYA, OGAN KOMERING ILIR, SUMATERA SELATAN",1,131,67,198
https://kawalpemilu.org#17866,"SUKA JAYA, LEMPUING JAYA, OGAN KOMERING ILIR, SUMATERA SELATAN",2,119,90,209
https://kawalpemilu.org#17866,"SUKA JAYA, LEMPUING JAYA, OGAN KOMERING ILIR, SUMATERA SELATAN",3,122,92,214
https://kawalpemilu.org#17867,"RANTAU DURIAN II, LEMPUING JAYA, OGAN KOMERING ILIR, SUMATERA SELATAN",1,167,58,225
https://kawalpemilu.org#17867,"RANTAU DURIAN II, LEMPUING JAYA, OGAN KOMERING ILIR, SUMATERA SELATAN",2,179,79,258
https://kawalpemilu.org#17867,"RANTAU DURIAN II, LEMPUING JAYA, OGAN KOMERING ILIR, SUMATERA SELATAN",3,134,82,216
https://kawalpemilu.org#17867,"RANTAU DURIAN II, LEMPUING JAYA, OGAN KOMERING ILIR, SUMATERA SELATAN",4,165,71,236
https://kawalpemilu.org#17867,"RANTAU DURIAN II, LEMPUING JAYA, OGAN KOMERING ILIR, SUMATERA SELATAN",5,200,57,257
https://kawalpemilu.org#17867,"RANTAU DURIAN II, LEMPUING JAYA, OGAN KOMERING ILIR, SUMATERA SELATAN",6,222,14,236
https://kawalpemilu.org#17867,"RANTAU DURIAN II, LEMPUING JAYA, OGAN KOMERING ILIR, SUMATERA SELATAN",7,236,4,240
https://kawalpemilu.org#17867,"RANTAU DURIAN II, LEMPUING JAYA, OGAN KOMERING ILIR, SUMATERA SELATAN",8,155,98,253
https://kawalpemilu.org#17867,"RANTAU DURIAN II, LEMPUING JAYA, OGAN KOMERING ILIR, SUMATERA SELATAN",9,145,71,216
https://kawalpemilu.org#17867,"RANTAU DURIAN II, LEMPUING JAYA, OGAN KOMERING ILIR, SUMATERA SELATAN",10,45,15,60
https://kawalpemilu.org#17868,"TANJUNG SARI II, LEMPUING JAYA, OGAN KOMERING ILIR, SUMATERA SELATAN",1,122,157,279
https://kawalpemilu.org#17868,"TANJUNG SARI II, LEMPUING JAYA, OGAN KOMERING ILIR, SUMATERA SELATAN",2,142,133,275
https://kawalpemilu.org#17868,"TANJUNG SARI II, LEMPUING JAYA, OGAN KOMERING ILIR, SUMATERA SELATAN",3,150,102,252
https://kawalpemilu.org#17868,"TANJUNG SARI II, LEMPUING JAYA, OGAN KOMERING ILIR, SUMATERA SELATAN",4,140,114,254
https://kawalpemilu.org#17868,"TANJUNG SARI II, LEMPUING JAYA, OGAN KOMERING ILIR, SUMATERA SELATAN",5,120,118,238
https://kawalpemilu.org#17869,"PURWO ASRI, LEMPUING JAYA, OGAN KOMERING ILIR, SUMATERA SELATAN",1,49,50,99
https://kawalpemilu.org#17869,"PURWO ASRI, LEMPUING JAYA, OGAN KOMERING ILIR, SUMATERA SELATAN",2,46,91,137
https://kawalpemilu.org#17869,"PURWO ASRI, LEMPUING JAYA, OGAN KOMERING ILIR, SUMATERA SELATAN",3,47,113,160
https://kawalpemilu.org#17869,"PURWO ASRI, LEMPUING JAYA, OGAN KOMERING ILIR, SUMATERA SELATAN",4,105,130,235
https://kawalpemilu.org#17870,"MUARA BURNAI I, LEMPUING JAYA, OGAN KOMERING ILIR, SUMATERA SELATAN",1,96,67,163
https://kawalpemilu.org#17870,"MUARA BURNAI I, LEMPUING JAYA, OGAN KOMERING ILIR, SUMATERA SELATAN",2,117,36,153
https://kawalpemilu.org#17870,"MUARA BURNAI I, LEMPUING JAYA, OGAN KOMERING ILIR, SUMATERA SELATAN",3,218,73,291
https://kawalpemilu.org#17870,"MUARA BURNAI I, LEMPUING JAYA, OGAN KOMERING ILIR, SUMATERA SELATAN",4,109,99,208
https://kawalpemilu.org#17870,"MUARA BURNAI I, LEMPUING JAYA, OGAN KOMERING ILIR, SUMATERA SELATAN",5,128,70,198
https://kawalpemilu.org#17870,"MUARA BURNAI I, LEMPUING JAYA, OGAN KOMERING ILIR, SUMATERA SELATAN",6,159,63,222
https://kawalpemilu.org#17870,"MUARA BURNAI I, LEMPUING JAYA, OGAN KOMERING ILIR, SUMATERA SELATAN",7,98,107,205
https://kawalpemilu.org#17870,"MUARA BURNAI I, LEMPUING JAYA, OGAN KOMERING ILIR, SUMATERA SELATAN",8,128,128,256
https://kawalpemilu.org#17870,"MUARA BURNAI I, LEMPUING JAYA, OGAN KOMERING ILIR, SUMATERA SELATAN",9,162,89,251
https://kawalpemilu.org#17870,"MUARA BURNAI I, LEMPUING JAYA, OGAN KOMERING ILIR, SUMATERA SELATAN",10,129,107,236
https://kawalpemilu.org#17870,"MUARA BURNAI I, LEMPUING JAYA, OGAN KOMERING ILIR, SUMATERA SELATAN",11,117,122,239
https://kawalpemilu.org#17870,"MUARA BURNAI I, LEMPUING JAYA, OGAN KOMERING ILIR, SUMATERA SELATAN",12,120,94,214
https://kawalpemilu.org#17870,"MUARA BURNAI I, LEMPUING JAYA, OGAN KOMERING ILIR, SUMATERA SELATAN",13,96,129,225
https://kawalpemilu.org#17870,"MUARA BURNAI I, LEMPUING JAYA, OGAN KOMERING ILIR, SUMATERA SELATAN",14,105,105,210
https://kawalpemilu.org#17870,"MUARA BURNAI I, LEMPUING JAYA, OGAN KOMERING ILIR, SUMATERA SELATAN",15,135,62,197
https://kawalpemilu.org#17870,"MUARA BURNAI I, LEMPUING JAYA, OGAN KOMERING ILIR, SUMATERA SELATAN",16,99,119,218
https://kawalpemilu.org#17870,"MUARA BURNAI I, LEMPUING JAYA, OGAN KOMERING ILIR, SUMATERA SELATAN",17,102,91,193
https://kawalpemilu.org#17870,"MUARA BURNAI I, LEMPUING JAYA, OGAN KOMERING ILIR, SUMATERA SELATAN",18,134,61,195
https://kawalpemilu.org#17870,"MUARA BURNAI I, LEMPUING JAYA, OGAN KOMERING ILIR, SUMATERA SELATAN",19,125,49,174
https://kawalpemilu.org#17870,"MUARA BURNAI I, LEMPUING JAYA, OGAN KOMERING ILIR, SUMATERA SELATAN",20,100,58,158
https://kawalpemilu.org#17870,"MUARA BURNAI I, LEMPUING JAYA, OGAN KOMERING ILIR, SUMATERA SELATAN",21,62,127,189
https://kawalpemilu.org#17870,"MUARA BURNAI I, LEMPUING JAYA, OGAN KOMERING ILIR, SUMATERA SELATAN",22,128,63,191
https://kawalpemilu.org#17870,"MUARA BURNAI I, LEMPUING JAYA, OGAN KOMERING ILIR, SUMATERA SELATAN",23,126,113,239
https://kawalpemilu.org#17870,"MUARA BURNAI I, LEMPUING JAYA, OGAN KOMERING ILIR, SUMATERA SELATAN",24,80,66,146
https://kawalpemilu.org#17871,"LUBUK MAKMUR, LEMPUING JAYA, OGAN KOMERING ILIR, SUMATERA SELATAN",1,127,80,207
https://kawalpemilu.org#17871,"LUBUK MAKMUR, LEMPUING JAYA, OGAN KOMERING ILIR, SUMATERA SELATAN",2,134,138,272
https://kawalpemilu.org#17871,"LUBUK MAKMUR, LEMPUING JAYA, OGAN KOMERING ILIR, SUMATERA SELATAN",3,125,109,234
https://kawalpemilu.org#17871,"LUBUK MAKMUR, LEMPUING JAYA, OGAN KOMERING ILIR, SUMATERA SELATAN",4,140,105,245
https://kawalpemilu.org#17871,"LUBUK MAKMUR, LEMPUING JAYA, OGAN KOMERING ILIR, SUMATERA SELATAN",5,105,142,247
https://kawalpemilu.org#17871,"LUBUK MAKMUR, LEMPUING JAYA, OGAN KOMERING ILIR, SUMATERA SELATAN",6,86,94,180
https://kawalpemilu.org#17871,"LUBUK MAKMUR, LEMPUING JAYA, OGAN KOMERING ILIR, SUMATERA SELATAN",7,130,115,245
https://kawalpemilu.org#17871,"LUBUK MAKMUR, LEMPUING JAYA, OGAN KOMERING ILIR, SUMATERA SELATAN",8,96,136,232
https://kawalpemilu.org#17871,"LUBUK MAKMUR, LEMPUING JAYA, OGAN KOMERING ILIR, SUMATERA SELATAN",9,80,154,234
https://kawalpemilu.org#17871,"LUBUK MAKMUR, LEMPUING JAYA, OGAN KOMERING ILIR, SUMATERA SELATAN",10,99,144,243
https://kawalpemilu.org#17871,"LUBUK MAKMUR, LEMPUING JAYA, OGAN KOMERING ILIR, SUMATERA SELATAN",11,38,14,52
https://kawalpemilu.org#17871,"LUBUK MAKMUR, LEMPUING JAYA, OGAN KOMERING ILIR, SUMATERA SELATAN",12,191,20,211
https://kawalpemilu.org#17871,"LUBUK MAKMUR, LEMPUING JAYA, OGAN KOMERING ILIR, SUMATERA SELATAN",13,198,13,211
https://kawalpemilu.org#17871,"LUBUK MAKMUR, LEMPUING JAYA, OGAN KOMERING ILIR, SUMATERA SELATAN",14,227,22,249
https://kawalpemilu.org#17871,"LUBUK MAKMUR, LEMPUING JAYA, OGAN KOMERING ILIR, SUMATERA SELATAN",15,152,23,175
https://kawalpemilu.org#17871,"LUBUK MAKMUR, LEMPUING JAYA, OGAN KOMERING ILIR, SUMATERA SELATAN",16,124,26,150
https://kawalpemilu.org#927872,"RANTAU DURIAN ASLI, LEMPUING JAYA, OGAN KOMERING ILIR, SUMATERA SELATAN",1,41,150,191
https://kawalpemilu.org#927872,"RANTAU DURIAN ASLI, LEMPUING JAYA, OGAN KOMERING ILIR, SUMATERA SELATAN",2,40,127,167
https://kawalpemilu.org#927872,"RANTAU DURIAN ASLI, LEMPUING JAYA, OGAN KOMERING ILIR, SUMATERA SELATAN",3,22,174,196
https://kawalpemilu.org#927872,"RANTAU DURIAN ASLI, LEMPUING JAYA, OGAN KOMERING ILIR, SUMATERA SELATAN",4,6,37,43
https://kawalpemilu.org#17873,"BENAWA, TELUK GELAM, OGAN KOMERING ILIR, SUMATERA SELATAN",1,96,121,217
https://kawalpemilu.org#17873,"BENAWA, TELUK GELAM, OGAN KOMERING ILIR, SUMATERA SELATAN",2,68,175,243
https://kawalpemilu.org#17873,"BENAWA, TELUK GELAM, OGAN KOMERING ILIR, SUMATERA SELATAN",3,65,167,232
https://kawalpemilu.org#17873,"BENAWA, TELUK GELAM, OGAN KOMERING ILIR, SUMATERA SELATAN",4,63,140,203
https://kawalpemilu.org#17873,"BENAWA, TELUK GELAM, OGAN KOMERING ILIR, SUMATERA SELATAN",5,81,112,193
https://kawalpemilu.org#17873,"BENAWA, TELUK GELAM, OGAN KOMERING ILIR, SUMATERA SELATAN",6,76,125,201
https://kawalpemilu.org#17874,"SERAPEK, TELUK GELAM, OGAN KOMERING ILIR, SUMATERA SELATAN",1,76,99,175
https://kawalpemilu.org#17874,"SERAPEK, TELUK GELAM, OGAN KOMERING ILIR, SUMATERA SELATAN",2,90,79,169
https://kawalpemilu.org#17874,"SERAPEK, TELUK GELAM, OGAN KOMERING ILIR, SUMATERA SELATAN",3,95,79,174
https://kawalpemilu.org#17875,"SUGI WARAS, TELUK GELAM, OGAN KOMERING ILIR, SUMATERA SELATAN",1,99,82,181
https://kawalpemilu.org#17875,"SUGI WARAS, TELUK GELAM, OGAN KOMERING ILIR, SUMATERA SELATAN",2,91,107,198
https://kawalpemilu.org#17875,"SUGI WARAS, TELUK GELAM, OGAN KOMERING ILIR, SUMATERA SELATAN",3,109,84,193
https://kawalpemilu.org#17875,"SUGI WARAS, TELUK GELAM, OGAN KOMERING ILIR, SUMATERA SELATAN",4,119,78,197
https://kawalpemilu.org#17876,"MUARA TELANG, TELUK GELAM, OGAN KOMERING ILIR, SUMATERA SELATAN",1,60,127,187
https://kawalpemilu.org#17876,"MUARA TELANG, TELUK GELAM, OGAN KOMERING ILIR, SUMATERA SELATAN",2,79,130,209
https://kawalpemilu.org#17877,"KURIPAN, TELUK GELAM, OGAN KOMERING ILIR, SUMATERA SELATAN",1,65,104,169
https://kawalpemilu.org#17877,"KURIPAN, TELUK GELAM, OGAN KOMERING ILIR, SUMATERA SELATAN",2,132,84,216
https://kawalpemilu.org#17877,"KURIPAN, TELUK GELAM, OGAN KOMERING ILIR, SUMATERA SELATAN",3,132,67,199
https://kawalpemilu.org#17877,"KURIPAN, TELUK GELAM, OGAN KOMERING ILIR, SUMATERA SELATAN",4,132,88,220
https://kawalpemilu.org#17878,"CINTA MARGA, TELUK GELAM, OGAN KOMERING ILIR, SUMATERA SELATAN",1,58,122,180
https://kawalpemilu.org#17878,"CINTA MARGA, TELUK GELAM, OGAN KOMERING ILIR, SUMATERA SELATAN",2,44,100,144
https://kawalpemilu.org#17878,"CINTA MARGA, TELUK GELAM, OGAN KOMERING ILIR, SUMATERA SELATAN",3,61,76,137
https://kawalpemilu.org#17879,"PENYANDINGAN, TELUK GELAM, OGAN KOMERING ILIR, SUMATERA SELATAN",1,108,67,175
https://kawalpemilu.org#17879,"PENYANDINGAN, TELUK GELAM, OGAN KOMERING ILIR, SUMATERA SELATAN",2,101,97,198
https://kawalpemilu.org#17879,"PENYANDINGAN, TELUK GELAM, OGAN KOMERING ILIR, SUMATERA SELATAN",3,136,61,197
https://kawalpemilu.org#17879,"PENYANDINGAN, TELUK GELAM, OGAN KOMERING ILIR, SUMATERA SELATAN",4,186,60,246
https://kawalpemilu.org#17880,"TALANG PENGERAN, TELUK GELAM, OGAN KOMERING ILIR, SUMATERA SELATAN",1,98,90,188
https://kawalpemilu.org#17880,"TALANG PENGERAN, TELUK GELAM, OGAN KOMERING ILIR, SUMATERA SELATAN",2,115,97,212
https://kawalpemilu.org#17880,"TALANG PENGERAN, TELUK GELAM, OGAN KOMERING ILIR, SUMATERA SELATAN",3,119,84,203
https://kawalpemilu.org#17880,"TALANG PENGERAN, TELUK GELAM, OGAN KOMERING ILIR, SUMATERA SELATAN",4,89,121,210
https://kawalpemilu.org#17880,"TALANG PENGERAN, TELUK GELAM, OGAN KOMERING ILIR, SUMATERA SELATAN",5,91,108,199
https://kawalpemilu.org#17881,"ULAK KETAPANG, TELUK GELAM, OGAN KOMERING ILIR, SUMATERA SELATAN",1,94,80,174
https://kawalpemilu.org#17881,"ULAK KETAPANG, TELUK GELAM, OGAN KOMERING ILIR, SUMATERA SELATAN",2,98,76,174
https://kawalpemilu.org#17882,"MULYAGUNA, TELUK GELAM, OGAN KOMERING ILIR, SUMATERA SELATAN",1,84,40,124
https://kawalpemilu.org#17882,"MULYAGUNA, TELUK GELAM, OGAN KOMERING ILIR, SUMATERA SELATAN",2,47,31,78
https://kawalpemilu.org#17882,"MULYAGUNA, TELUK GELAM, OGAN KOMERING ILIR, SUMATERA SELATAN",3,72,68,140
https://kawalpemilu.org#17882,"MULYAGUNA, TELUK GELAM, OGAN KOMERING ILIR, SUMATERA SELATAN",4,93,54,147
https://kawalpemilu.org#17882,"MULYAGUNA, TELUK GELAM, OGAN KOMERING ILIR, SUMATERA SELATAN",5,127,83,210
https://kawalpemilu.org#17882,"MULYAGUNA, TELUK GELAM, OGAN KOMERING ILIR, SUMATERA SELATAN",6,94,49,143
https://kawalpemilu.org#17882,"MULYAGUNA, TELUK GELAM, OGAN KOMERING ILIR, SUMATERA SELATAN",7,150,98,248
https://kawalpemilu.org#17882,"MULYAGUNA, TELUK GELAM, OGAN KOMERING ILIR, SUMATERA SELATAN",8,125,115,240
https://kawalpemilu.org#17882,"MULYAGUNA, TELUK GELAM, OGAN KOMERING ILIR, SUMATERA SELATAN",9,118,118,236
https://kawalpemilu.org#17882,"MULYAGUNA, TELUK GELAM, OGAN KOMERING ILIR, SUMATERA SELATAN",10,100,78,178
https://kawalpemilu.org#17882,"MULYAGUNA, TELUK GELAM, OGAN KOMERING ILIR, SUMATERA SELATAN",11,87,68,155
https://kawalpemilu.org#17882,"MULYAGUNA, TELUK GELAM, OGAN KOMERING ILIR, SUMATERA SELATAN",13,85,88,173
https://kawalpemilu.org#17882,"MULYAGUNA, TELUK GELAM, OGAN KOMERING ILIR, SUMATERA SELATAN",14,62,88,150
https://kawalpemilu.org#17882,"MULYAGUNA, TELUK GELAM, OGAN KOMERING ILIR, SUMATERA SELATAN",15,136,115,251
https://kawalpemilu.org#17883,"PANCA TUNGGAL BENAWA, TELUK GELAM, OGAN KOMERING ILIR, SUMATERA SELATAN",1,61,139,200
https://kawalpemilu.org#17883,"PANCA TUNGGAL BENAWA, TELUK GELAM, OGAN KOMERING ILIR, SUMATERA SELATAN",2,84,111,195
https://kawalpemilu.org#17883,"PANCA TUNGGAL BENAWA, TELUK GELAM, OGAN KOMERING ILIR, SUMATERA SELATAN",3,107,113,220
https://kawalpemilu.org#17884,"BUMI HARAPAN, TELUK GELAM, OGAN KOMERING ILIR, SUMATERA SELATAN",1,107,113,220
https://kawalpemilu.org#17884,"BUMI HARAPAN, TELUK GELAM, OGAN KOMERING ILIR, SUMATERA SELATAN",2,101,97,198
https://kawalpemilu.org#17884,"BUMI HARAPAN, TELUK GELAM, OGAN KOMERING ILIR, SUMATERA SELATAN",3,99,105,204
https://kawalpemilu.org#17884,"BUMI HARAPAN, TELUK GELAM, OGAN KOMERING ILIR, SUMATERA SELATAN",4,126,78,206
https://kawalpemilu.org#17884,"BUMI HARAPAN, TELUK GELAM, OGAN KOMERING ILIR, SUMATERA SELATAN",5,95,117,212
https://kawalpemilu.org#17884,"BUMI HARAPAN, TELUK GELAM, OGAN KOMERING ILIR, SUMATERA SELATAN",6,121,107,228
https://kawalpemilu.org#17884,"BUMI HARAPAN, TELUK GELAM, OGAN KOMERING ILIR, SUMATERA SELATAN",7,98,93,191
https://kawalpemilu.org#17885,"SINAR HARAPAN MULYA, TELUK GELAM, OGAN KOMERING ILIR, SUMATERA SELATAN",1,207,65,272
https://kawalpemilu.org#17885,"SINAR HARAPAN MULYA, TELUK GELAM, OGAN KOMERING ILIR, SUMATERA SELATAN",2,173,58,231
https://kawalpemilu.org#17885,"SINAR HARAPAN MULYA, TELUK GELAM, OGAN KOMERING ILIR, SUMATERA SELATAN",4,112,111,223
https://kawalpemilu.org#17885,"SINAR HARAPAN MULYA, TELUK GELAM, OGAN KOMERING ILIR, SUMATERA SELATAN",5,128,122,250
https://kawalpemilu.org#17886,"SERIGUNA, TELUK GELAM, OGAN KOMERING ILIR, SUMATERA SELATAN",1,136,105,241
https://kawalpemilu.org#17886,"SERIGUNA, TELUK GELAM, OGAN KOMERING ILIR, SUMATERA SELATAN",4,211,47,258
https://kawalpemilu.org#17886,"SERIGUNA, TELUK GELAM, OGAN KOMERING ILIR, SUMATERA SELATAN",5,205,44,249
https://kawalpemilu.org#17888,"PULAU GERONGGANG, PEDAMARAN TIMUR, OGAN KOMERING ILIR, SUMATERA SELATAN",1,110,180,290
https://kawalpemilu.org#17888,"PULAU GERONGGANG, PEDAMARAN TIMUR, OGAN KOMERING ILIR, SUMATERA SELATAN",2,168,104,272
https://kawalpemilu.org#17888,"PULAU GERONGGANG, PEDAMARAN TIMUR, OGAN KOMERING ILIR, SUMATERA SELATAN",3,169,82,251
https://kawalpemilu.org#17888,"PULAU GERONGGANG, PEDAMARAN TIMUR, OGAN KOMERING ILIR, SUMATERA SELATAN",4,139,125,264
https://kawalpemilu.org#17888,"PULAU GERONGGANG, PEDAMARAN TIMUR, OGAN KOMERING ILIR, SUMATERA SELATAN",5,162,100,262
https://kawalpemilu.org#17888,"PULAU GERONGGANG, PEDAMARAN TIMUR, OGAN KOMERING ILIR, SUMATERA SELATAN",6,48,59,107
https://kawalpemilu.org#17888,"PULAU GERONGGANG, PEDAMARAN TIMUR, OGAN KOMERING ILIR, SUMATERA SELATAN",7,118,135,253
https://kawalpemilu.org#17888,"PULAU GERONGGANG, PEDAMARAN TIMUR, OGAN KOMERING ILIR, SUMATERA SELATAN",8,79,190,269
https://kawalpemilu.org#17888,"PULAU GERONGGANG, PEDAMARAN TIMUR, OGAN KOMERING ILIR, SUMATERA SELATAN",9,70,82,152
https://kawalpemilu.org#17888,"PULAU GERONGGANG, PEDAMARAN TIMUR, OGAN KOMERING ILIR, SUMATERA SELATAN",10,16,111,127
https://kawalpemilu.org#17888,"PULAU GERONGGANG, PEDAMARAN TIMUR, OGAN KOMERING ILIR, SUMATERA SELATAN",11,47,44,91
https://kawalpemilu.org#17889,"SUMBER HIDUP, PEDAMARAN TIMUR, OGAN KOMERING ILIR, SUMATERA SELATAN",1,169,109,278
https://kawalpemilu.org#17889,"SUMBER HIDUP, PEDAMARAN TIMUR, OGAN KOMERING ILIR, SUMATERA SELATAN",2,147,101,248
https://kawalpemilu.org#17889,"SUMBER HIDUP, PEDAMARAN TIMUR, OGAN KOMERING ILIR, SUMATERA SELATAN",3,136,87,223
https://kawalpemilu.org#17889,"SUMBER HIDUP, PEDAMARAN TIMUR, OGAN KOMERING ILIR, SUMATERA SELATAN",4,160,67,227
https://kawalpemilu.org#17889,"SUMBER HIDUP, PEDAMARAN TIMUR, OGAN KOMERING ILIR, SUMATERA SELATAN",5,125,106,231
https://kawalpemilu.org#17889,"SUMBER HIDUP, PEDAMARAN TIMUR, OGAN KOMERING ILIR, SUMATERA SELATAN",6,194,59,253
https://kawalpemilu.org#17889,"SUMBER HIDUP, PEDAMARAN TIMUR, OGAN KOMERING ILIR, SUMATERA SELATAN",7,141,81,222
https://kawalpemilu.org#17889,"SUMBER HIDUP, PEDAMARAN TIMUR, OGAN KOMERING ILIR, SUMATERA SELATAN",8,154,108,262
https://kawalpemilu.org#17889,"SUMBER HIDUP, PEDAMARAN TIMUR, OGAN KOMERING ILIR, SUMATERA SELATAN",9,135,110,245
https://kawalpemilu.org#17890,"GADING RAJA, PEDAMARAN TIMUR, OGAN KOMERING ILIR, SUMATERA SELATAN",1,101,135,236
https://kawalpemilu.org#17890,"GADING RAJA, PEDAMARAN TIMUR, OGAN KOMERING ILIR, SUMATERA SELATAN",2,113,128,241
https://kawalpemilu.org#17890,"GADING RAJA, PEDAMARAN TIMUR, OGAN KOMERING ILIR, SUMATERA SELATAN",3,144,78,222
https://kawalpemilu.org#17890,"GADING RAJA, PEDAMARAN TIMUR, OGAN KOMERING ILIR, SUMATERA SELATAN",4,150,77,227
https://kawalpemilu.org#17890,"GADING RAJA, PEDAMARAN TIMUR, OGAN KOMERING ILIR, SUMATERA SELATAN",5,108,86,194
https://kawalpemilu.org#17890,"GADING RAJA, PEDAMARAN TIMUR, OGAN KOMERING ILIR, SUMATERA SELATAN",6,88,87,175
https://kawalpemilu.org#17891,"MARIBAYA, PEDAMARAN TIMUR, OGAN KOMERING ILIR, SUMATERA SELATAN",1,59,133,192
https://kawalpemilu.org#17891,"MARIBAYA, PEDAMARAN TIMUR, OGAN KOMERING ILIR, SUMATERA SELATAN",2,82,130,212
https://kawalpemilu.org#17891,"MARIBAYA, PEDAMARAN TIMUR, OGAN KOMERING ILIR, SUMATERA SELATAN",3,122,94,216
https://kawalpemilu.org#17891,"MARIBAYA, PEDAMARAN TIMUR, OGAN KOMERING ILIR, SUMATERA SELATAN",4,108,80,188
https://kawalpemilu.org#17892,"PANCAWARNA, PEDAMARAN TIMUR, OGAN KOMERING ILIR, SUMATERA SELATAN",1,177,87,264
https://kawalpemilu.org#17892,"PANCAWARNA, PEDAMARAN TIMUR, OGAN KOMERING ILIR, SUMATERA SELATAN",2,159,94,253
https://kawalpemilu.org#17892,"PANCAWARNA, PEDAMARAN TIMUR, OGAN KOMERING ILIR, SUMATERA SELATAN",3,85,158,243
https://kawalpemilu.org#17892,"PANCAWARNA, PEDAMARAN TIMUR, OGAN KOMERING ILIR, SUMATERA SELATAN",4,45,184,229
https://kawalpemilu.org#17892,"PANCAWARNA, PEDAMARAN TIMUR, OGAN KOMERING ILIR, SUMATERA SELATAN",5,61,155,216
https://kawalpemilu.org#17892,"PANCAWARNA, PEDAMARAN TIMUR, OGAN KOMERING ILIR, SUMATERA SELATAN",6,93,146,239
https://kawalpemilu.org#17892,"PANCAWARNA, PEDAMARAN TIMUR, OGAN KOMERING ILIR, SUMATERA SELATAN",7,76,137,213
https://kawalpemilu.org#17892,"PANCAWARNA, PEDAMARAN TIMUR, OGAN KOMERING ILIR, SUMATERA SELATAN",8,115,116,231
https://kawalpemilu.org#17892,"PANCAWARNA, PEDAMARAN TIMUR, OGAN KOMERING ILIR, SUMATERA SELATAN",9,151,77,228
https://kawalpemilu.org#17892,"PANCAWARNA, PEDAMARAN TIMUR, OGAN KOMERING ILIR, SUMATERA SELATAN",10,184,56,240
https://kawalpemilu.org#17893,"TANJUNG MAKMUR, PEDAMARAN TIMUR, OGAN KOMERING ILIR, SUMATERA SELATAN",1,148,91,239
https://kawalpemilu.org#17893,"TANJUNG MAKMUR, PEDAMARAN TIMUR, OGAN KOMERING ILIR, SUMATERA SELATAN",2,210,49,259
https://kawalpemilu.org#17893,"TANJUNG MAKMUR, PEDAMARAN TIMUR, OGAN KOMERING ILIR, SUMATERA SELATAN",3,208,32,240
https://kawalpemilu.org#17893,"TANJUNG MAKMUR, PEDAMARAN TIMUR, OGAN KOMERING ILIR, SUMATERA SELATAN",4,184,53,237
https://kawalpemilu.org#17893,"TANJUNG MAKMUR, PEDAMARAN TIMUR, OGAN KOMERING ILIR, SUMATERA SELATAN",5,184,56,240
https://kawalpemilu.org#17893,"TANJUNG MAKMUR, PEDAMARAN TIMUR, OGAN KOMERING ILIR, SUMATERA SELATAN",6,162,76,238
https://kawalpemilu.org#17893,"TANJUNG MAKMUR, PEDAMARAN TIMUR, OGAN KOMERING ILIR, SUMATERA SELATAN",7,190,59,249
https://kawalpemilu.org#17894,"KAYU LABU, PEDAMARAN TIMUR, OGAN KOMERING ILIR, SUMATERA SELATAN",1,158,68,226
https://kawalpemilu.org#17894,"KAYU LABU, PEDAMARAN TIMUR, OGAN KOMERING ILIR, SUMATERA SELATAN",2,159,58,217
https://kawalpemilu.org#17894,"KAYU LABU, PEDAMARAN TIMUR, OGAN KOMERING ILIR, SUMATERA SELATAN",3,142,94,236
https://kawalpemilu.org#17894,"KAYU LABU, PEDAMARAN TIMUR, OGAN KOMERING ILIR, SUMATERA SELATAN",4,183,92,275
https://kawalpemilu.org#17894,"KAYU LABU, PEDAMARAN TIMUR, OGAN KOMERING ILIR, SUMATERA SELATAN",5,161,58,219
https://kawalpemilu.org#17894,"KAYU LABU, PEDAMARAN TIMUR, OGAN KOMERING ILIR, SUMATERA SELATAN",6,60,17,77
https://kawalpemilu.org#17894,"KAYU LABU, PEDAMARAN TIMUR, OGAN KOMERING ILIR, SUMATERA SELATAN",7,90,22,112
https://kawalpemilu.org#17894,"KAYU LABU, PEDAMARAN TIMUR, OGAN KOMERING ILIR, SUMATERA SELATAN",8,149,74,223
https://kawalpemilu.org#17897,"PADANG BINDU, TANJUNG AGUNG, MUARA ENIM, SUMATERA SELATAN",1,78,91,169
https://kawalpemilu.org#17897,"PADANG BINDU, TANJUNG AGUNG, MUARA ENIM, SUMATERA SELATAN",2,85,120,205
https://kawalpemilu.org#17897,"PADANG BINDU, TANJUNG AGUNG, MUARA ENIM, SUMATERA SELATAN",3,87,56,143
https://kawalpemilu.org#17897,"PADANG BINDU, TANJUNG AGUNG, MUARA ENIM, SUMATERA SELATAN",4,175,52,227
https://kawalpemilu.org#17897,"PADANG BINDU, TANJUNG AGUNG, MUARA ENIM, SUMATERA SELATAN",5,102,94,196
https://kawalpemilu.org#17897,"PADANG BINDU, TANJUNG AGUNG, MUARA ENIM, SUMATERA SELATAN",6,50,64,114
https://kawalpemilu.org#17898,"BEDEGUNG, TANJUNG AGUNG, MUARA ENIM, SUMATERA SELATAN",1,32,166,198
https://kawalpemilu.org#17898,"BEDEGUNG, TANJUNG AGUNG, MUARA ENIM, SUMATERA SELATAN",2,33,150,183
https://kawalpemilu.org#17898,"BEDEGUNG, TANJUNG AGUNG, MUARA ENIM, SUMATERA SELATAN",3,32,148,180
https://kawalpemilu.org#17898,"BEDEGUNG, TANJUNG AGUNG, MUARA ENIM, SUMATERA SELATAN",4,35,161,196
https://kawalpemilu.org#17899,"INDRAMAYU, TANJUNG AGUNG, MUARA ENIM, SUMATERA SELATAN",1,66,136,202
https://kawalpemilu.org#17899,"INDRAMAYU, TANJUNG AGUNG, MUARA ENIM, SUMATERA SELATAN",2,92,94,186
https://kawalpemilu.org#17899,"INDRAMAYU, TANJUNG AGUNG, MUARA ENIM, SUMATERA SELATAN",3,89,101,190
https://kawalpemilu.org#17900,"MUARA MEO, TANJUNG AGUNG, MUARA ENIM, SUMATERA SELATAN",1,37,121,158
https://kawalpemilu.org#17900,"MUARA MEO, TANJUNG AGUNG, MUARA ENIM, SUMATERA SELATAN",2,34,138,172
https://kawalpemilu.org#17900,"MUARA MEO, TANJUNG AGUNG, MUARA ENIM, SUMATERA SELATAN",3,45,144,189
https://kawalpemilu.org#17900,"MUARA MEO, TANJUNG AGUNG, MUARA ENIM, SUMATERA SELATAN",4,37,142,179
https://kawalpemilu.org#17901,"LUBUK NIPIS, TANJUNG AGUNG, MUARA ENIM, SUMATERA SELATAN",1,54,187,241
https://kawalpemilu.org#17901,"LUBUK NIPIS, TANJUNG AGUNG, MUARA ENIM, SUMATERA SELATAN",2,43,164,207
https://kawalpemilu.org#17901,"LUBUK NIPIS, TANJUNG AGUNG, MUARA ENIM, SUMATERA SELATAN",3,49,158,207
https://kawalpemilu.org#17901,"LUBUK NIPIS, TANJUNG AGUNG, MUARA ENIM, SUMATERA SELATAN",4,74,137,211
https://kawalpemilu.org#17901,"LUBUK NIPIS, TANJUNG AGUNG, MUARA ENIM, SUMATERA SELATAN",5,62,169,231
https://kawalpemilu.org#17901,"LUBUK NIPIS, TANJUNG AGUNG, MUARA ENIM, SUMATERA SELATAN",6,43,179,222
https://kawalpemilu.org#17902,"PANDAN DULANG, TANJUNG AGUNG, MUARA ENIM, SUMATERA SELATAN",1,24,103,127
https://kawalpemilu.org#17902,"PANDAN DULANG, TANJUNG AGUNG, MUARA ENIM, SUMATERA SELATAN",2,32,88,120
https://kawalpemilu.org#17905,"LAMBUR, TANJUNG AGUNG, MUARA ENIM, SUMATERA SELATAN",1,34,178,212
https://kawalpemilu.org#17905,"LAMBUR, TANJUNG AGUNG, MUARA ENIM, SUMATERA SELATAN",2,36,161,197
https://kawalpemilu.org#17905,"LAMBUR, TANJUNG AGUNG, MUARA ENIM, SUMATERA SELATAN",3,44,157,201
https://kawalpemilu.org#17906,"LEBAK BUDI, TANJUNG AGUNG, MUARA ENIM, SUMATERA SELATAN",1,36,180,216
https://kawalpemilu.org#17906,"LEBAK BUDI, TANJUNG AGUNG, MUARA ENIM, SUMATERA SELATAN",2,55,170,225
https://kawalpemilu.org#17906,"LEBAK BUDI, TANJUNG AGUNG, MUARA ENIM, SUMATERA SELATAN",3,40,174,214
https://kawalpemilu.org#17906,"LEBAK BUDI, TANJUNG AGUNG, MUARA ENIM, SUMATERA SELATAN",4,43,181,224
https://kawalpemilu.org#17906,"LEBAK BUDI, TANJUNG AGUNG, MUARA ENIM, SUMATERA SELATAN",5,41,181,222
https://kawalpemilu.org#17906,"LEBAK BUDI, TANJUNG AGUNG, MUARA ENIM, SUMATERA SELATAN",6,49,180,229
https://kawalpemilu.org#17906,"LEBAK BUDI, TANJUNG AGUNG, MUARA ENIM, SUMATERA SELATAN",7,39,193,232
https://kawalpemilu.org#17907,"EMBAWANG, TANJUNG AGUNG, MUARA ENIM, SUMATERA SELATAN",1,48,139,187
https://kawalpemilu.org#17907,"EMBAWANG, TANJUNG AGUNG, MUARA ENIM, SUMATERA SELATAN",2,38,152,190
https://kawalpemilu.org#17907,"EMBAWANG, TANJUNG AGUNG, MUARA ENIM, SUMATERA SELATAN",3,70,127,197
https://kawalpemilu.org#17907,"EMBAWANG, TANJUNG AGUNG, MUARA ENIM, SUMATERA SELATAN",4,40,156,196
https://kawalpemilu.org#17908,"PAGAR DEWA, TANJUNG AGUNG, MUARA ENIM, SUMATERA SELATAN",1,97,144,241
https://kawalpemilu.org#17908,"PAGAR DEWA, TANJUNG AGUNG, MUARA ENIM, SUMATERA SELATAN",2,64,159,223
https://kawalpemilu.org#17908,"PAGAR DEWA, TANJUNG AGUNG, MUARA ENIM, SUMATERA SELATAN",3,99,127,226
https://kawalpemilu.org#17908,"PAGAR DEWA, TANJUNG AGUNG, MUARA ENIM, SUMATERA SELATAN",4,137,83,220
https://kawalpemilu.org#17909,"TANJUNG BULAN, TANJUNG AGUNG, MUARA ENIM, SUMATERA SELATAN",1,67,149,216
https://kawalpemilu.org#17909,"TANJUNG BULAN, TANJUNG AGUNG, MUARA ENIM, SUMATERA SELATAN",2,54,164,218
https://kawalpemilu.org#17909,"TANJUNG BULAN, TANJUNG AGUNG, MUARA ENIM, SUMATERA SELATAN",3,37,148,185
https://kawalpemilu.org#17910,"LESUNG BATU, TANJUNG AGUNG, MUARA ENIM, SUMATERA SELATAN",1,42,124,166
https://kawalpemilu.org#17910,"LESUNG BATU, TANJUNG AGUNG, MUARA ENIM, SUMATERA SELATAN",2,71,143,214
https://kawalpemilu.org#17911,"PANDAN ENIM, TANJUNG AGUNG, MUARA ENIM, SUMATERA SELATAN",1,91,168,259
https://kawalpemilu.org#17911,"PANDAN ENIM, TANJUNG AGUNG, MUARA ENIM, SUMATERA SELATAN",2,76,167,243
https://kawalpemilu.org#17911,"PANDAN ENIM, TANJUNG AGUNG, MUARA ENIM, SUMATERA SELATAN",4,95,136,231
https://kawalpemilu.org#17911,"PANDAN ENIM, TANJUNG AGUNG, MUARA ENIM, SUMATERA SELATAN",6,67,174,241
https://kawalpemilu.org#17912,"PADURAKSA, TANJUNG AGUNG, MUARA ENIM, SUMATERA SELATAN",1,113,130,243
https://kawalpemilu.org#17912,"PADURAKSA, TANJUNG AGUNG, MUARA ENIM, SUMATERA SELATAN",2,103,126,229
https://kawalpemilu.org#17912,"PADURAKSA, TANJUNG AGUNG, MUARA ENIM, SUMATERA SELATAN",3,113,131,144
https://kawalpemilu.org#17912,"PADURAKSA, TANJUNG AGUNG, MUARA ENIM, SUMATERA SELATAN",4,88,158,146
https://kawalpemilu.org#17912,"PADURAKSA, TANJUNG AGUNG, MUARA ENIM, SUMATERA SELATAN",5,71,153,224
https://kawalpemilu.org#17913,"MATAS, TANJUNG AGUNG, MUARA ENIM, SUMATERA SELATAN",1,86,121,207
https://kawalpemilu.org#17913,"MATAS, TANJUNG AGUNG, MUARA ENIM, SUMATERA SELATAN",2,70,143,213
https://kawalpemilu.org#17913,"MATAS, TANJUNG AGUNG, MUARA ENIM, SUMATERA SELATAN",3,61,117,178
https://kawalpemilu.org#17913,"MATAS, TANJUNG AGUNG, MUARA ENIM, SUMATERA SELATAN",4,62,136,198
https://kawalpemilu.org#17914,"TANJUNG AGUNG, TANJUNG AGUNG, MUARA ENIM, SUMATERA SELATAN",1,65,163,228
https://kawalpemilu.org#17914,"TANJUNG AGUNG, TANJUNG AGUNG, MUARA ENIM, SUMATERA SELATAN",2,49,157,206
https://kawalpemilu.org#17914,"TANJUNG AGUNG, TANJUNG AGUNG, MUARA ENIM, SUMATERA SELATAN",3,30,170,200
https://kawalpemilu.org#17914,"TANJUNG AGUNG, TANJUNG AGUNG, MUARA ENIM, SUMATERA SELATAN",7,52,157,209
https://kawalpemilu.org#17914,"TANJUNG AGUNG, TANJUNG AGUNG, MUARA ENIM, SUMATERA SELATAN",8,37,160,197
https://kawalpemilu.org#17914,"TANJUNG AGUNG, TANJUNG AGUNG, MUARA ENIM, SUMATERA SELATAN",9,31,141,172
https://kawalpemilu.org#17914,"TANJUNG AGUNG, TANJUNG AGUNG, MUARA ENIM, SUMATERA SELATAN",10,46,165,211
https://kawalpemilu.org#17914,"TANJUNG AGUNG, TANJUNG AGUNG, MUARA ENIM, SUMATERA SELATAN",12,53,144,197
https://kawalpemilu.org#17914,"TANJUNG AGUNG, TANJUNG AGUNG, MUARA ENIM, SUMATERA SELATAN",13,54,157,211
https://kawalpemilu.org#17914,"TANJUNG AGUNG, TANJUNG AGUNG, MUARA ENIM, SUMATERA SELATAN",14,0,0,242
https://kawalpemilu.org#17914,"TANJUNG AGUNG, TANJUNG AGUNG, MUARA ENIM, SUMATERA SELATAN",15,31,144,175
https://kawalpemilu.org#17914,"TANJUNG AGUNG, TANJUNG AGUNG, MUARA ENIM, SUMATERA SELATAN",16,34,144,178
https://kawalpemilu.org#17915,"MUARA EMIL, TANJUNG AGUNG, MUARA ENIM, SUMATERA SELATAN",1,68,133,201
https://kawalpemilu.org#17915,"MUARA EMIL, TANJUNG AGUNG, MUARA ENIM, SUMATERA SELATAN",2,60,147,207
https://kawalpemilu.org#17915,"MUARA EMIL, TANJUNG AGUNG, MUARA ENIM, SUMATERA SELATAN",3,54,150,204
https://kawalpemilu.org#17915,"MUARA EMIL, TANJUNG AGUNG, MUARA ENIM, SUMATERA SELATAN",4,52,175,227
https://kawalpemilu.org#17915,"MUARA EMIL, TANJUNG AGUNG, MUARA ENIM, SUMATERA SELATAN",5,60,144,204
https://kawalpemilu.org#17915,"MUARA EMIL, TANJUNG AGUNG, MUARA ENIM, SUMATERA SELATAN",6,55,144,199
https://kawalpemilu.org#17916,"TANJUNG KARANGAN, TANJUNG AGUNG, MUARA ENIM, SUMATERA SELATAN",1,81,134,215
https://kawalpemilu.org#17916,"TANJUNG KARANGAN, TANJUNG AGUNG, MUARA ENIM, SUMATERA SELATAN",2,71,144,215
https://kawalpemilu.org#17916,"TANJUNG KARANGAN, TANJUNG AGUNG, MUARA ENIM, SUMATERA SELATAN",3,85,126,211
https://kawalpemilu.org#17916,"TANJUNG KARANGAN, TANJUNG AGUNG, MUARA ENIM, SUMATERA SELATAN",4,57,168,225
https://kawalpemilu.org#17916,"TANJUNG KARANGAN, TANJUNG AGUNG, MUARA ENIM, SUMATERA SELATAN",5,64,149,213
https://kawalpemilu.org#17916,"TANJUNG KARANGAN, TANJUNG AGUNG, MUARA ENIM, SUMATERA SELATAN",6,104,93,197
https://kawalpemilu.org#17917,"SELEMAN, TANJUNG AGUNG, MUARA ENIM, SUMATERA SELATAN",1,75,101,176
https://kawalpemilu.org#17917,"SELEMAN, TANJUNG AGUNG, MUARA ENIM, SUMATERA SELATAN",2,48,124,172
https://kawalpemilu.org#17917,"SELEMAN, TANJUNG AGUNG, MUARA ENIM, SUMATERA SELATAN",3,53,136,189
https://kawalpemilu.org#17917,"SELEMAN, TANJUNG AGUNG, MUARA ENIM, SUMATERA SELATAN",4,60,107,167
https://kawalpemilu.org#17917,"SELEMAN, TANJUNG AGUNG, MUARA ENIM, SUMATERA SELATAN",5,45,119,164
https://kawalpemilu.org#17917,"SELEMAN, TANJUNG AGUNG, MUARA ENIM, SUMATERA SELATAN",6,48,109,157
https://kawalpemilu.org#17917,"SELEMAN, TANJUNG AGUNG, MUARA ENIM, SUMATERA SELATAN",7,47,105,152
https://kawalpemilu.org#17917,"SELEMAN, TANJUNG AGUNG, MUARA ENIM, SUMATERA SELATAN",8,53,105,158
https://kawalpemilu.org#17917,"SELEMAN, TANJUNG AGUNG, MUARA ENIM, SUMATERA SELATAN",9,42,97,139
https://kawalpemilu.org#17918,"PENYANDINGAN, TANJUNG AGUNG, MUARA ENIM, SUMATERA SELATAN",1,52,163,215
https://kawalpemilu.org#17918,"PENYANDINGAN, TANJUNG AGUNG, MUARA ENIM, SUMATERA SELATAN",2,71,148,219
https://kawalpemilu.org#17918,"PENYANDINGAN, TANJUNG AGUNG, MUARA ENIM, SUMATERA SELATAN",3,95,132,227
https://kawalpemilu.org#17918,"PENYANDINGAN, TANJUNG AGUNG, MUARA ENIM, SUMATERA SELATAN",4,76,128,204
https://kawalpemilu.org#17919,"TANJUNG LALANG, TANJUNG AGUNG, MUARA ENIM, SUMATERA SELATAN",1,22,205,227
https://kawalpemilu.org#17919,"TANJUNG LALANG, TANJUNG AGUNG, MUARA ENIM, SUMATERA SELATAN",2,31,178,209
https://kawalpemilu.org#17919,"TANJUNG LALANG, TANJUNG AGUNG, MUARA ENIM, SUMATERA SELATAN",3,40,178,218
https://kawalpemilu.org#17919,"TANJUNG LALANG, TANJUNG AGUNG, MUARA ENIM, SUMATERA SELATAN",4,41,176,217
https://kawalpemilu.org#17920,"PULAU PANGGUNG, TANJUNG AGUNG, MUARA ENIM, SUMATERA SELATAN",1,47,211,258
https://kawalpemilu.org#17920,"PULAU PANGGUNG, TANJUNG AGUNG, MUARA ENIM, SUMATERA SELATAN",2,51,178,229
https://kawalpemilu.org#17920,"PULAU PANGGUNG, TANJUNG AGUNG, MUARA ENIM, SUMATERA SELATAN",3,33,215,248
https://kawalpemilu.org#17920,"PULAU PANGGUNG, TANJUNG AGUNG, MUARA ENIM, SUMATERA SELATAN",4,44,177,221
https://kawalpemilu.org#17920,"PULAU PANGGUNG, TANJUNG AGUNG, MUARA ENIM, SUMATERA SELATAN",5,50,196,246
https://kawalpemilu.org#17920,"PULAU PANGGUNG, TANJUNG AGUNG, MUARA ENIM, SUMATERA SELATAN",6,29,181,210
https://kawalpemilu.org#17920,"PULAU PANGGUNG, TANJUNG AGUNG, MUARA ENIM, SUMATERA SELATAN",7,55,169,224
https://kawalpemilu.org#17921,"SUGIH WARAS, TANJUNG AGUNG, MUARA ENIM, SUMATERA SELATAN",1,71,72,143
https://kawalpemilu.org#17922,"PAGAR JATI, TANJUNG AGUNG, MUARA ENIM, SUMATERA SELATAN",2,35,119,154
https://kawalpemilu.org#18117,"SUKARAJA, TANJUNG AGUNG, MUARA ENIM, SUMATERA SELATAN",1,53,138,191
https://kawalpemilu.org#18117,"SUKARAJA, TANJUNG AGUNG, MUARA ENIM, SUMATERA SELATAN",2,51,138,189
https://kawalpemilu.org#18192,"TANJUNG BARU, TANJUNG AGUNG, MUARA ENIM, SUMATERA SELATAN",1,53,122,175
https://kawalpemilu.org#18192,"TANJUNG BARU, TANJUNG AGUNG, MUARA ENIM, SUMATERA SELATAN",2,62,113,175
https://kawalpemilu.org#18192,"TANJUNG BARU, TANJUNG AGUNG, MUARA ENIM, SUMATERA SELATAN",3,20,142,162
https://kawalpemilu.org#17924,"TUNGKAL, MUARA ENIM, MUARA ENIM, SUMATERA SELATAN",1,71,198,269
https://kawalpemilu.org#17924,"TUNGKAL, MUARA ENIM, MUARA ENIM, SUMATERA SELATAN",2,86,177,263
https://kawalpemilu.org#17924,"TUNGKAL, MUARA ENIM, MUARA ENIM, SUMATERA SELATAN",3,59,199,258
https://kawalpemilu.org#17924,"TUNGKAL, MUARA ENIM, MUARA ENIM, SUMATERA SELATAN",4,67,183,250
https://kawalpemilu.org#17924,"TUNGKAL, MUARA ENIM, MUARA ENIM, SUMATERA SELATAN",5,78,174,252
https://kawalpemilu.org#17924,"TUNGKAL, MUARA ENIM, MUARA ENIM, SUMATERA SELATAN",6,58,213,271
https://kawalpemilu.org#17924,"TUNGKAL, MUARA ENIM, MUARA ENIM, SUMATERA SELATAN",7,86,153,239
https://kawalpemilu.org#17924,"TUNGKAL, MUARA ENIM, MUARA ENIM, SUMATERA SELATAN",8,76,160,236
https://kawalpemilu.org#17924,"TUNGKAL, MUARA ENIM, MUARA ENIM, SUMATERA SELATAN",9,68,160,228
https://kawalpemilu.org#17924,"TUNGKAL, MUARA ENIM, MUARA ENIM, SUMATERA SELATAN",10,66,172,238
https://kawalpemilu.org#17924,"TUNGKAL, MUARA ENIM, MUARA ENIM, SUMATERA SELATAN",11,67,128,195
https://kawalpemilu.org#17925,"PASAR II MUARA ENIM, MUARA ENIM, MUARA ENIM, SUMATERA SELATAN",1,35,74,109
https://kawalpemilu.org#17925,"PASAR II MUARA ENIM, MUARA ENIM, MUARA ENIM, SUMATERA SELATAN",2,74,157,231
https://kawalpemilu.org#17925,"PASAR II MUARA ENIM, MUARA ENIM, MUARA ENIM, SUMATERA SELATAN",3,55,188,243
https://kawalpemilu.org#17925,"PASAR II MUARA ENIM, MUARA ENIM, MUARA ENIM, SUMATERA SELATAN",4,71,183,254
https://kawalpemilu.org#17925,"PASAR II MUARA ENIM, MUARA ENIM, MUARA ENIM, SUMATERA SELATAN",5,46,126,172
https://kawalpemilu.org#17925,"PASAR II MUARA ENIM, MUARA ENIM, MUARA ENIM, SUMATERA SELATAN",6,44,123,167
https://kawalpemilu.org#17925,"PASAR II MUARA ENIM, MUARA ENIM, MUARA ENIM, SUMATERA SELATAN",7,73,209,282
https://kawalpemilu.org#17925,"PASAR II MUARA ENIM, MUARA ENIM, MUARA ENIM, SUMATERA SELATAN",8,69,138,207
https://kawalpemilu.org#17925,"PASAR II MUARA ENIM, MUARA ENIM, MUARA ENIM, SUMATERA SELATAN",9,67,173,240
https://kawalpemilu.org#17925,"PASAR II MUARA ENIM, MUARA ENIM, MUARA ENIM, SUMATERA SELATAN",10,58,182,240
https://kawalpemilu.org#17925,"PASAR II MUARA ENIM, MUARA ENIM, MUARA ENIM, SUMATERA SELATAN",11,22,147,169
https://kawalpemilu.org#17925,"PASAR II MUARA ENIM, MUARA ENIM, MUARA ENIM, SUMATERA SELATAN",12,113,99,212
https://kawalpemilu.org#17925,"PASAR II MUARA ENIM, MUARA ENIM, MUARA ENIM, SUMATERA SELATAN",13,142,106,248
https://kawalpemilu.org#17925,"PASAR II MUARA ENIM, MUARA ENIM, MUARA ENIM, SUMATERA SELATAN",14,62,174,236
https://kawalpemilu.org#17925,"PASAR II MUARA ENIM, MUARA ENIM, MUARA ENIM, SUMATERA SELATAN",15,63,167,230
https://kawalpemilu.org#17925,"PASAR II MUARA ENIM, MUARA ENIM, MUARA ENIM, SUMATERA SELATAN",16,42,113,155
https://kawalpemilu.org#17925,"PASAR II MUARA ENIM, MUARA ENIM, MUARA ENIM, SUMATERA SELATAN",17,136,65,201
https://kawalpemilu.org#17925,"PASAR II MUARA ENIM, MUARA ENIM, MUARA ENIM, SUMATERA SELATAN",18,74,131,205
https://kawalpemilu.org#17925,"PASAR II MUARA ENIM, MUARA ENIM, MUARA ENIM, SUMATERA SELATAN",19,52,145,197
https://kawalpemilu.org#17926,"PASAR III MUARA ENIM, MUARA ENIM, MUARA ENIM, SUMATERA SELATAN",1,70,137,207
https://kawalpemilu.org#17926,"PASAR III MUARA ENIM, MUARA ENIM, MUARA ENIM, SUMATERA SELATAN",2,87,111,198
https://kawalpemilu.org#17926,"PASAR III MUARA ENIM, MUARA ENIM, MUARA ENIM, SUMATERA SELATAN",3,104,138,242
https://kawalpemilu.org#17926,"PASAR III MUARA ENIM, MUARA ENIM, MUARA ENIM, SUMATERA SELATAN",4,56,181,237
https://kawalpemilu.org#17926,"PASAR III MUARA ENIM, MUARA ENIM, MUARA ENIM, SUMATERA SELATAN",5,55,158,213
https://kawalpemilu.org#17926,"PASAR III MUARA ENIM, MUARA ENIM, MUARA ENIM, SUMATERA SELATAN",6,48,168,216
https://kawalpemilu.org#17926,"PASAR III MUARA ENIM, MUARA ENIM, MUARA ENIM, SUMATERA SELATAN",7,54,238,292
https://kawalpemilu.org#17926,"PASAR III MUARA ENIM, MUARA ENIM, MUARA ENIM, SUMATERA SELATAN",8,69,194,263
https://kawalpemilu.org#17926,"PASAR III MUARA ENIM, MUARA ENIM, MUARA ENIM, SUMATERA SELATAN",9,46,143,189
https://kawalpemilu.org#17926,"PASAR III MUARA ENIM, MUARA ENIM, MUARA ENIM, SUMATERA SELATAN",10,40,117,157
https://kawalpemilu.org#17926,"PASAR III MUARA ENIM, MUARA ENIM, MUARA ENIM, SUMATERA SELATAN",11,95,130,225
https://kawalpemilu.org#17926,"PASAR III MUARA ENIM, MUARA ENIM, MUARA ENIM, SUMATERA SELATAN",12,96,98,194
https://kawalpemilu.org#17926,"PASAR III MUARA ENIM, MUARA ENIM, MUARA ENIM, SUMATERA SELATAN",13,67,151,218
https://kawalpemilu.org#17926,"PASAR III MUARA ENIM, MUARA ENIM, MUARA ENIM, SUMATERA SELATAN",14,84,187,271
https://kawalpemilu.org#17926,"PASAR III MUARA ENIM, MUARA ENIM, MUARA ENIM, SUMATERA SELATAN",15,61,139,200
https://kawalpemilu.org#17926,"PASAR III MUARA ENIM, MUARA ENIM, MUARA ENIM, SUMATERA SELATAN",16,33,114,147
https://kawalpemilu.org#17926,"PASAR III MUARA ENIM, MUARA ENIM, MUARA ENIM, SUMATERA SELATAN",17,44,77,121
https://kawalpemilu.org#17926,"PASAR III MUARA ENIM, MUARA ENIM, MUARA ENIM, SUMATERA SELATAN",18,81,163,244
https://kawalpemilu.org#17927,"PASAR I MUARA ENIM, MUARA ENIM, MUARA ENIM, SUMATERA SELATAN",1,75,92,167
https://kawalpemilu.org#17927,"PASAR I MUARA ENIM, MUARA ENIM, MUARA ENIM, SUMATERA SELATAN",2,69,186,255
https://kawalpemilu.org#17927,"PASAR I MUARA ENIM, MUARA ENIM, MUARA ENIM, SUMATERA SELATAN",3,70,160,230
https://kawalpemilu.org#17927,"PASAR I MUARA ENIM, MUARA ENIM, MUARA ENIM, SUMATERA SELATAN",4,78,139,217
https://kawalpemilu.org#17927,"PASAR I MUARA ENIM, MUARA ENIM, MUARA ENIM, SUMATERA SELATAN",5,81,152,233
https://kawalpemilu.org#17927,"PASAR I MUARA ENIM, MUARA ENIM, MUARA ENIM, SUMATERA SELATAN",6,65,174,239
https://kawalpemilu.org#17927,"PASAR I MUARA ENIM, MUARA ENIM, MUARA ENIM, SUMATERA SELATAN",7,64,201,265
https://kawalpemilu.org#17927,"PASAR I MUARA ENIM, MUARA ENIM, MUARA ENIM, SUMATERA SELATAN",8,61,153,214
https://kawalpemilu.org#17927,"PASAR I MUARA ENIM, MUARA ENIM, MUARA ENIM, SUMATERA SELATAN",9,55,158,213
https://kawalpemilu.org#17927,"PASAR I MUARA ENIM, MUARA ENIM, MUARA ENIM, SUMATERA SELATAN",10,78,203,281
https://kawalpemilu.org#17927,"PASAR I MUARA ENIM, MUARA ENIM, MUARA ENIM, SUMATERA SELATAN",11,61,154,215
https://kawalpemilu.org#17927,"PASAR I MUARA ENIM, MUARA ENIM, MUARA ENIM, SUMATERA SELATAN",12,62,163,225
https://kawalpemilu.org#17927,"PASAR I MUARA ENIM, MUARA ENIM, MUARA ENIM, SUMATERA SELATAN",13,63,155,218
https://kawalpemilu.org#17927,"PASAR I MUARA ENIM, MUARA ENIM, MUARA ENIM, SUMATERA SELATAN",14,67,179,246
https://kawalpemilu.org#17927,"PASAR I MUARA ENIM, MUARA ENIM, MUARA ENIM, SUMATERA SELATAN",15,47,189,236
https://kawalpemilu.org#17928,"MUARA ENIM, MUARA ENIM, MUARA ENIM, SUMATERA SELATAN",1,85,144,229
https://kawalpemilu.org#17928,"MUARA ENIM, MUARA ENIM, MUARA ENIM, SUMATERA SELATAN",2,93,162,255
https://kawalpemilu.org#17928,"MUARA ENIM, MUARA ENIM, MUARA ENIM, SUMATERA SELATAN",3,86,173,259
https://kawalpemilu.org#17928,"MUARA ENIM, MUARA ENIM, MUARA ENIM, SUMATERA SELATAN",4,77,163,240
https://kawalpemilu.org#17928,"MUARA ENIM, MUARA ENIM, MUARA ENIM, SUMATERA SELATAN",5,73,184,257
https://kawalpemilu.org#17928,"MUARA ENIM, MUARA ENIM, MUARA ENIM, SUMATERA SELATAN",6,80,179,259
https://kawalpemilu.org#17928,"MUARA ENIM, MUARA ENIM, MUARA ENIM, SUMATERA SELATAN",7,65,181,246
https://kawalpemilu.org#17928,"MUARA ENIM, MUARA ENIM, MUARA ENIM, SUMATERA SELATAN",8,76,155,231
https://kawalpemilu.org#17928,"MUARA ENIM, MUARA ENIM, MUARA ENIM, SUMATERA SELATAN",9,85,151,236
https://kawalpemilu.org#17928,"MUARA ENIM, MUARA ENIM, MUARA ENIM, SUMATERA SELATAN",10,84,156,240
https://kawalpemilu.org#17928,"MUARA ENIM, MUARA ENIM, MUARA ENIM, SUMATERA SELATAN",11,85,164,249
https://kawalpemilu.org#17928,"MUARA ENIM, MUARA ENIM, MUARA ENIM, SUMATERA SELATAN",12,82,171,253
https://kawalpemilu.org#17928,"MUARA ENIM, MUARA ENIM, MUARA ENIM, SUMATERA SELATAN",13,67,174,241
https://kawalpemilu.org#17928,"MUARA ENIM, MUARA ENIM, MUARA ENIM, SUMATERA SELATAN",14,94,160,254
https://kawalpemilu.org#17928,"MUARA ENIM, MUARA ENIM, MUARA ENIM, SUMATERA SELATAN",15,68,183,251
https://kawalpemilu.org#17928,"MUARA ENIM, MUARA ENIM, MUARA ENIM, SUMATERA SELATAN",16,59,159,218
https://kawalpemilu.org#17928,"MUARA ENIM, MUARA ENIM, MUARA ENIM, SUMATERA SELATAN",17,64,154,218
https://kawalpemilu.org#17928,"MUARA ENIM, MUARA ENIM, MUARA ENIM, SUMATERA SELATAN",18,88,140,231
https://kawalpemilu.org#17928,"MUARA ENIM, MUARA ENIM, MUARA ENIM, SUMATERA SELATAN",19,62,167,229
https://kawalpemilu.org#17928,"MUARA ENIM, MUARA ENIM, MUARA ENIM, SUMATERA SELATAN",20,65,122,187
https://kawalpemilu.org#17928,"MUARA ENIM, MUARA ENIM, MUARA ENIM, SUMATERA SELATAN",21,63,170,233
https://kawalpemilu.org#17928,"MUARA ENIM, MUARA ENIM, MUARA ENIM, SUMATERA SELATAN",22,84,173,257
https://kawalpemilu.org#17928,"MUARA ENIM, MUARA ENIM, MUARA ENIM, SUMATERA SELATAN",23,63,162,225
https://kawalpemilu.org#17928,"MUARA ENIM, MUARA ENIM, MUARA ENIM, SUMATERA SELATAN",24,67,175,242
https://kawalpemilu.org#17928,"MUARA ENIM, MUARA ENIM, MUARA ENIM, SUMATERA SELATAN",25,117,155,272
https://kawalpemilu.org#17928,"MUARA ENIM, MUARA ENIM, MUARA ENIM, SUMATERA SELATAN",26,64,184,248
https://kawalpemilu.org#17928,"MUARA ENIM, MUARA ENIM, MUARA ENIM, SUMATERA SELATAN",27,76,196,272
https://kawalpemilu.org#17928,"MUARA ENIM, MUARA ENIM, MUARA ENIM, SUMATERA SELATAN",28,77,178,255
https://kawalpemilu.org#17929,"AIR LINTANG, MUARA ENIM, MUARA ENIM, SUMATERA SELATAN",1,81,182,263
https://kawalpemilu.org#17929,"AIR LINTANG, MUARA ENIM, MUARA ENIM, SUMATERA SELATAN",2,46,157,203
https://kawalpemilu.org#17929,"AIR LINTANG, MUARA ENIM, MUARA ENIM, SUMATERA SELATAN",3,46,208,254
https://kawalpemilu.org#17929,"AIR LINTANG, MUARA ENIM, MUARA ENIM, SUMATERA SELATAN",4,57,161,218
https://kawalpemilu.org#17929,"AIR LINTANG, MUARA ENIM, MUARA ENIM, SUMATERA SELATAN",5,39,208,247
https://kawalpemilu.org#17929,"AIR LINTANG, MUARA ENIM, MUARA ENIM, SUMATERA SELATAN",6,44,197,241
https://kawalpemilu.org#17929,"AIR LINTANG, MUARA ENIM, MUARA ENIM, SUMATERA SELATAN",7,46,154,200
https://kawalpemilu.org#17929,"AIR LINTANG, MUARA ENIM, MUARA ENIM, SUMATERA SELATAN",8,62,183,245
https://kawalpemilu.org#17929,"AIR LINTANG, MUARA ENIM, MUARA ENIM, SUMATERA SELATAN",9,43,147,190
https://kawalpemilu.org#17929,"AIR LINTANG, MUARA ENIM, MUARA ENIM, SUMATERA SELATAN",10,62,163,225
https://kawalpemilu.org#17929,"AIR LINTANG, MUARA ENIM, MUARA ENIM, SUMATERA SELATAN",11,36,143,179
https://kawalpemilu.org#17929,"AIR LINTANG, MUARA ENIM, MUARA ENIM, SUMATERA SELATAN",12,52,139,191
https://kawalpemilu.org#17929,"AIR LINTANG, MUARA ENIM, MUARA ENIM, SUMATERA SELATAN",13,44,178,223
https://kawalpemilu.org#17929,"AIR LINTANG, MUARA ENIM, MUARA ENIM, SUMATERA SELATAN",14,65,162,227
https://kawalpemilu.org#17929,"AIR LINTANG, MUARA ENIM, MUARA ENIM, SUMATERA SELATAN",15,54,156,210
https://kawalpemilu.org#17929,"AIR LINTANG, MUARA ENIM, MUARA ENIM, SUMATERA SELATAN",16,35,180,215
https://kawalpemilu.org#17929,"AIR LINTANG, MUARA ENIM, MUARA ENIM, SUMATERA SELATAN",17,45,135,230
https://kawalpemilu.org#17929,"AIR LINTANG, MUARA ENIM, MUARA ENIM, SUMATERA SELATAN",18,46,142,188
https://kawalpemilu.org#17929,"AIR LINTANG, MUARA ENIM, MUARA ENIM, SUMATERA SELATAN",19,51,145,196
https://kawalpemilu.org#17929,"AIR LINTANG, MUARA ENIM, MUARA ENIM, SUMATERA SELATAN",20,50,168,218
https://kawalpemilu.org#17930,"TANJUNG RAJA, MUARA ENIM, MUARA ENIM, SUMATERA SELATAN",1,98,130,228
https://kawalpemilu.org#17930,"TANJUNG RAJA, MUARA ENIM, MUARA ENIM, SUMATERA SELATAN",2,99,135,234
https://kawalpemilu.org#17930,"TANJUNG RAJA, MUARA ENIM, MUARA ENIM, SUMATERA SELATAN",3,89,148,237
https://kawalpemilu.org#17930,"TANJUNG RAJA, MUARA ENIM, MUARA ENIM, SUMATERA SELATAN",4,72,157,229
https://kawalpemilu.org#17930,"TANJUNG RAJA, MUARA ENIM, MUARA ENIM, SUMATERA SELATAN",5,81,148,229
https://kawalpemilu.org#17930,"TANJUNG RAJA, MUARA ENIM, MUARA ENIM, SUMATERA SELATAN",6,113,119,232
https://kawalpemilu.org#17931,"KARANG RAJA, MUARA ENIM, MUARA ENIM, SUMATERA SELATAN",1,118,125,243
https://kawalpemilu.org#17931,"KARANG RAJA, MUARA ENIM, MUARA ENIM, SUMATERA SELATAN",3,110,101,211
https://kawalpemilu.org#17931,"KARANG RAJA, MUARA ENIM, MUARA ENIM, SUMATERA SELATAN",4,90,115,205
https://kawalpemilu.org#17931,"KARANG RAJA, MUARA ENIM, MUARA ENIM, SUMATERA SELATAN",6,101,120,221
https://kawalpemilu.org#17931,"KARANG RAJA, MUARA ENIM, MUARA ENIM, SUMATERA SELATAN",7,114,109,223
https://kawalpemilu.org#17931,"KARANG RAJA, MUARA ENIM, MUARA ENIM, SUMATERA SELATAN",8,125,131,256
https://kawalpemilu.org#17931,"KARANG RAJA, MUARA ENIM, MUARA ENIM, SUMATERA SELATAN",9,103,127,230
https://kawalpemilu.org#17931,"KARANG RAJA, MUARA ENIM, MUARA ENIM, SUMATERA SELATAN",10,55,177,232
https://kawalpemilu.org#17931,"KARANG RAJA, MUARA ENIM, MUARA ENIM, SUMATERA SELATAN",11,44,182,226
https://kawalpemilu.org#17931,"KARANG RAJA, MUARA ENIM, MUARA ENIM, SUMATERA SELATAN",12,107,59,166
https://kawalpemilu.org#17931,"KARANG RAJA, MUARA ENIM, MUARA ENIM, SUMATERA SELATAN",13,88,71,159
https://kawalpemilu.org#17932,"MUARA LAWAI, MUARA ENIM, MUARA ENIM, SUMATERA SELATAN",1,104,163,267
https://kawalpemilu.org#17932,"MUARA LAWAI, MUARA ENIM, MUARA ENIM, SUMATERA SELATAN",2,114,131,245
https://kawalpemilu.org#17932,"MUARA LAWAI, MUARA ENIM, MUARA ENIM, SUMATERA SELATAN",3,103,148,251
https://kawalpemilu.org#17932,"MUARA LAWAI, MUARA ENIM, MUARA ENIM, SUMATERA SELATAN",4,92,138,230
https://kawalpemilu.org#17932,"MUARA LAWAI, MUARA ENIM, MUARA ENIM, SUMATERA SELATAN",5,93,154,247
https://kawalpemilu.org#17932,"MUARA LAWAI, MUARA ENIM, MUARA ENIM, SUMATERA SELATAN",6,52,121,173
https://kawalpemilu.org#17932,"MUARA LAWAI, MUARA ENIM, MUARA ENIM, SUMATERA SELATAN",7,56,225,281
https://kawalpemilu.org#17932,"MUARA LAWAI, MUARA ENIM, MUARA ENIM, SUMATERA SELATAN",8,83,157,240
https://kawalpemilu.org#17932,"MUARA LAWAI, MUARA ENIM, MUARA ENIM, SUMATERA SELATAN",10,35,128,163
https://kawalpemilu.org#17933,"TANJUNG JATI, MUARA ENIM, MUARA ENIM, SUMATERA SELATAN",1,51,180,231
https://kawalpemilu.org#17933,"TANJUNG JATI, MUARA ENIM, MUARA ENIM, SUMATERA SELATAN",2,58,164,222
https://kawalpemilu.org#17933,"TANJUNG JATI, MUARA ENIM, MUARA ENIM, SUMATERA SELATAN",3,60,180,240
https://kawalpemilu.org#17933,"TANJUNG JATI, MUARA ENIM, MUARA ENIM, SUMATERA SELATAN",4,54,186,240
https://kawalpemilu.org#17933,"TANJUNG JATI, MUARA ENIM, MUARA ENIM, SUMATERA SELATAN",5,52,179,231
https://kawalpemilu.org#17934,"LUBUK EMPELAS, MUARA ENIM, MUARA ENIM, SUMATERA SELATAN",1,64,193,257
https://kawalpemilu.org#17934,"LUBUK EMPELAS, MUARA ENIM, MUARA ENIM, SUMATERA SELATAN",2,76,214,290
https://kawalpemilu.org#17934,"LUBUK EMPELAS, MUARA ENIM, MUARA ENIM, SUMATERA SELATAN",3,74,198,272
https://kawalpemilu.org#17934,"LUBUK EMPELAS, MUARA ENIM, MUARA ENIM, SUMATERA SELATAN",4,67,197,264
https://kawalpemilu.org#17934,"LUBUK EMPELAS, MUARA ENIM, MUARA ENIM, SUMATERA SELATAN",5,85,165,250
https://kawalpemilu.org#17935,"KEPUR, MUARA ENIM, MUARA ENIM, SUMATERA SELATAN",1,135,149,284
https://kawalpemilu.org#17935,"KEPUR, MUARA ENIM, MUARA ENIM, SUMATERA SELATAN",2,148,87,235
https://kawalpemilu.org#17935,"KEPUR, MUARA ENIM, MUARA ENIM, SUMATERA SELATAN",3,134,113,247
https://kawalpemilu.org#17935,"KEPUR, MUARA ENIM, MUARA ENIM, SUMATERA SELATAN",4,144,109,253
https://kawalpemilu.org#17935,"KEPUR, MUARA ENIM, MUARA ENIM, SUMATERA SELATAN",5,154,86,240
https://kawalpemilu.org#17935,"KEPUR, MUARA ENIM, MUARA ENIM, SUMATERA SELATAN",6,122,113,235
https://kawalpemilu.org#17935,"KEPUR, MUARA ENIM, MUARA ENIM, SUMATERA SELATAN",7,143,120,0
https://kawalpemilu.org#17935,"KEPUR, MUARA ENIM, MUARA ENIM, SUMATERA SELATAN",8,100,92,192
https://kawalpemilu.org#17936,"TANJUNG SERIAN, MUARA ENIM, MUARA ENIM, SUMATERA SELATAN",1,78,148,226
https://kawalpemilu.org#17936,"TANJUNG SERIAN, MUARA ENIM, MUARA ENIM, SUMATERA SELATAN",2,53,157,210
https://kawalpemilu.org#17936,"TANJUNG SERIAN, MUARA ENIM, MUARA ENIM, SUMATERA SELATAN",3,89,143,232
https://kawalpemilu.org#17936,"TANJUNG SERIAN, MUARA ENIM, MUARA ENIM, SUMATERA SELATAN",4,79,139,218
https://kawalpemilu.org#17936,"TANJUNG SERIAN, MUARA ENIM, MUARA ENIM, SUMATERA SELATAN",5,94,142,236
https://kawalpemilu.org#17937,"MUARA HARAPAN, MUARA ENIM, MUARA ENIM, SUMATERA SELATAN",1,106,136,242
https://kawalpemilu.org#17937,"MUARA HARAPAN, MUARA ENIM, MUARA ENIM, SUMATERA SELATAN",2,136,90,226
https://kawalpemilu.org#17937,"MUARA HARAPAN, MUARA ENIM, MUARA ENIM, SUMATERA SELATAN",3,95,145,240
https://kawalpemilu.org#17937,"MUARA HARAPAN, MUARA ENIM, MUARA ENIM, SUMATERA SELATAN",4,117,125,242
https://kawalpemilu.org#17938,"SAKA JAYA, MUARA ENIM, MUARA ENIM, SUMATERA SELATAN",1,117,108,225
https://kawalpemilu.org#17938,"SAKA JAYA, MUARA ENIM, MUARA ENIM, SUMATERA SELATAN",2,83,117,200
https://kawalpemilu.org#17938,"SAKA JAYA, MUARA ENIM, MUARA ENIM, SUMATERA SELATAN",3,114,148,262
https://kawalpemilu.org#17938,"SAKA JAYA, MUARA ENIM, MUARA ENIM, SUMATERA SELATAN",4,66,190,256
https://kawalpemilu.org#17939,"HARAPAN JAYA, MUARA ENIM, MUARA ENIM, SUMATERA SELATAN",1,86,138,224
https://kawalpemilu.org#17939,"HARAPAN JAYA, MUARA ENIM, MUARA ENIM, SUMATERA SELATAN",2,96,124,220
https://kawalpemilu.org#17939,"HARAPAN JAYA, MUARA ENIM, MUARA ENIM, SUMATERA SELATAN",3,98,124,222
https://kawalpemilu.org#17939,"HARAPAN JAYA, MUARA ENIM, MUARA ENIM, SUMATERA SELATAN",4,92,110,202
https://kawalpemilu.org#17941,"GEMAWANG, RAMBANG DANGKU, MUARA ENIM, SUMATERA SELATAN",1,138,125,263
https://kawalpemilu.org#17941,"GEMAWANG, RAMBANG DANGKU, MUARA ENIM, SUMATERA SELATAN",2,132,101,233
https://kawalpemilu.org#17941,"GEMAWANG, RAMBANG DANGKU, MUARA ENIM, SUMATERA SELATAN",3,121,130,251
https://kawalpemilu.org#17941,"GEMAWANG, RAMBANG DANGKU, MUARA ENIM, SUMATERA SELATAN",4,66,96,162
https://kawalpemilu.org#17941,"GEMAWANG, RAMBANG DANGKU, MUARA ENIM, SUMATERA SELATAN",5,143,61,204
https://kawalpemilu.org#17941,"GEMAWANG, RAMBANG DANGKU, MUARA ENIM, SUMATERA SELATAN",6,136,94,230
https://kawalpemilu.org#17942,"LUBUK RAMAN, RAMBANG DANGKU, MUARA ENIM, SUMATERA SELATAN",1,56,184,240
https://kawalpemilu.org#17942,"LUBUK RAMAN, RAMBANG DANGKU, MUARA ENIM, SUMATERA SELATAN",2,54,189,243
https://kawalpemilu.org#17942,"LUBUK RAMAN, RAMBANG DANGKU, MUARA ENIM, SUMATERA SELATAN",3,62,184,246
https://kawalpemilu.org#17942,"LUBUK RAMAN, RAMBANG DANGKU, MUARA ENIM, SUMATERA SELATAN",4,75,161,236
https://kawalpemilu.org#17942,"LUBUK RAMAN, RAMBANG DANGKU, MUARA ENIM, SUMATERA SELATAN",5,80,157,237
https://kawalpemilu.org#17942,"LUBUK RAMAN, RAMBANG DANGKU, MUARA ENIM, SUMATERA SELATAN",6,82,147,229
https://kawalpemilu.org#17942,"LUBUK RAMAN, RAMBANG DANGKU, MUARA ENIM, SUMATERA SELATAN",7,56,178,234
https://kawalpemilu.org#17942,"LUBUK RAMAN, RAMBANG DANGKU, MUARA ENIM, SUMATERA SELATAN",8,43,190,233
https://kawalpemilu.org#17942,"LUBUK RAMAN, RAMBANG DANGKU, MUARA ENIM, SUMATERA SELATAN",9,64,151,215
https://kawalpemilu.org#17942,"LUBUK RAMAN, RAMBANG DANGKU, MUARA ENIM, SUMATERA SELATAN",10,44,188,232
https://kawalpemilu.org#17942,"LUBUK RAMAN, RAMBANG DANGKU, MUARA ENIM, SUMATERA SELATAN",11,77,146,223
https://kawalpemilu.org#17943,"JEMENANG, RAMBANG DANGKU, MUARA ENIM, SUMATERA SELATAN",1,41,181,222
https://kawalpemilu.org#17943,"JEMENANG, RAMBANG DANGKU, MUARA ENIM, SUMATERA SELATAN",2,58,140,198
https://kawalpemilu.org#17943,"JEMENANG, RAMBANG DANGKU, MUARA ENIM, SUMATERA SELATAN",3,77,145,222
https://kawalpemilu.org#17943,"JEMENANG, RAMBANG DANGKU, MUARA ENIM, SUMATERA SELATAN",4,60,154,214
https://kawalpemilu.org#17943,"JEMENANG, RAMBANG DANGKU, MUARA ENIM, SUMATERA SELATAN",5,69,169,238
https://kawalpemilu.org#17943,"JEMENANG, RAMBANG DANGKU, MUARA ENIM, SUMATERA SELATAN",6,84,142,226
https://kawalpemilu.org#17943,"JEMENANG, RAMBANG DANGKU, MUARA ENIM, SUMATERA SELATAN",7,57,128,185
https://kawalpemilu.org#17943,"JEMENANG, RAMBANG DANGKU, MUARA ENIM, SUMATERA SELATAN",8,76,111,187
https://kawalpemilu.org#17944,"TANJUNG MENANG, RAMBANG DANGKU, MUARA ENIM, SUMATERA SELATAN",4,46,125,171
https://kawalpemilu.org#17945,"TEBAT AGUNG, RAMBANG DANGKU, MUARA ENIM, SUMATERA SELATAN",4,72,188,260
https://kawalpemilu.org#17945,"TEBAT AGUNG, RAMBANG DANGKU, MUARA ENIM, SUMATERA SELATAN",8,77,181,258
https://kawalpemilu.org#17946,"GERINAM, RAMBANG DANGKU, MUARA ENIM, SUMATERA SELATAN",1,50,169,219
https://kawalpemilu.org#17946,"GERINAM, RAMBANG DANGKU, MUARA ENIM, SUMATERA SELATAN",2,40,174,214
https://kawalpemilu.org#17948,"BANUAYU, RAMBANG DANGKU, MUARA ENIM, SUMATERA SELATAN",1,105,125,230
https://kawalpemilu.org#17948,"BANUAYU, RAMBANG DANGKU, MUARA ENIM, SUMATERA SELATAN",2,93,103,196
https://kawalpemilu.org#17948,"BANUAYU, RAMBANG DANGKU, MUARA ENIM, SUMATERA SELATAN",3,128,105,233
https://kawalpemilu.org#17948,"BANUAYU, RAMBANG DANGKU, MUARA ENIM, SUMATERA SELATAN",4,73,139,212
https://kawalpemilu.org#17948,"BANUAYU, RAMBANG DANGKU, MUARA ENIM, SUMATERA SELATAN",5,87,158,245
https://kawalpemilu.org#17948,"BANUAYU, RAMBANG DANGKU, MUARA ENIM, SUMATERA SELATAN",6,117,136,253
https://kawalpemilu.org#17948,"BANUAYU, RAMBANG DANGKU, MUARA ENIM, SUMATERA SELATAN",7,105,135,240
https://kawalpemilu.org#17948,"BANUAYU, RAMBANG DANGKU, MUARA ENIM, SUMATERA SELATAN",8,112,141,253
https://kawalpemilu.org#17948,"BANUAYU, RAMBANG DANGKU, MUARA ENIM, SUMATERA SELATAN",9,105,100,205
https://kawalpemilu.org#17948,"BANUAYU, RAMBANG DANGKU, MUARA ENIM, SUMATERA SELATAN",10,92,115,207
https://kawalpemilu.org#17948,"BANUAYU, RAMBANG DANGKU, MUARA ENIM, SUMATERA SELATAN",11,88,104,192
https://kawalpemilu.org#17948,"BANUAYU, RAMBANG DANGKU, MUARA ENIM, SUMATERA SELATAN",12,81,136,217
https://kawalpemilu.org#17948,"BANUAYU, RAMBANG DANGKU, MUARA ENIM, SUMATERA SELATAN",13,87,97,184
https://kawalpemilu.org#17949,"KURIPAN, RAMBANG DANGKU, MUARA ENIM, SUMATERA SELATAN",1,96,154,250
https://kawalpemilu.org#17949,"KURIPAN, RAMBANG DANGKU, MUARA ENIM, SUMATERA SELATAN",2,106,126,232
https://kawalpemilu.org#17949,"KURIPAN, RAMBANG DANGKU, MUARA ENIM, SUMATERA SELATAN",3,74,151,225
https://kawalpemilu.org#17950,"BATU RAJA, RAMBANG DANGKU, MUARA ENIM, SUMATERA SELATAN",1,130,112,242
https://kawalpemilu.org#17950,"BATU RAJA, RAMBANG DANGKU, MUARA ENIM, SUMATERA SELATAN",3,148,104,252
https://kawalpemilu.org#17950,"BATU RAJA, RAMBANG DANGKU, MUARA ENIM, SUMATERA SELATAN",4,101,96,197
https://kawalpemilu.org#17951,"DANGKU, RAMBANG DANGKU, MUARA ENIM, SUMATERA SELATAN",1,50,196,246
https://kawalpemilu.org#17951,"DANGKU, RAMBANG DANGKU, MUARA ENIM, SUMATERA SELATAN",2,72,173,245
https://kawalpemilu.org#17951,"DANGKU, RAMBANG DANGKU, MUARA ENIM, SUMATERA SELATAN",3,40,231,271
https://kawalpemilu.org#17951,"DANGKU, RAMBANG DANGKU, MUARA ENIM, SUMATERA SELATAN",4,53,205,258
https://kawalpemilu.org#17951,"DANGKU, RAMBANG DANGKU, MUARA ENIM, SUMATERA SELATAN",5,42,212,254
https://kawalpemilu.org#17952,"SIKU, RAMBANG DANGKU, MUARA ENIM, SUMATERA SELATAN",1,96,148,244
https://kawalpemilu.org#17952,"SIKU, RAMBANG DANGKU, MUARA ENIM, SUMATERA SELATAN",2,108,157,265
https://kawalpemilu.org#17952,"SIKU, RAMBANG DANGKU, MUARA ENIM, SUMATERA SELATAN",3,67,179,246
https://kawalpemilu.org#17952,"SIKU, RAMBANG DANGKU, MUARA ENIM, SUMATERA SELATAN",4,68,187,255
https://kawalpemilu.org#17952,"SIKU, RAMBANG DANGKU, MUARA ENIM, SUMATERA SELATAN",5,81,172,253
https://kawalpemilu.org#17952,"SIKU, RAMBANG DANGKU, MUARA ENIM, SUMATERA SELATAN",6,55,168,223
https://kawalpemilu.org#17953,"GUNUNG RAJA, RAMBANG DANGKU, MUARA ENIM, SUMATERA SELATAN",1,92,176,268
https://kawalpemilu.org#17953,"GUNUNG RAJA, RAMBANG DANGKU, MUARA ENIM, SUMATERA SELATAN",2,99,178,277
https://kawalpemilu.org#17953,"GUNUNG RAJA, RAMBANG DANGKU, MUARA ENIM, SUMATERA SELATAN",3,66,197,263
https://kawalpemilu.org#17953,"GUNUNG RAJA, RAMBANG DANGKU, MUARA ENIM, SUMATERA SELATAN",4,90,177,267
https://kawalpemilu.org#17953,"GUNUNG RAJA, RAMBANG DANGKU, MUARA ENIM, SUMATERA SELATAN",5,98,140,238
https://kawalpemilu.org#17953,"GUNUNG RAJA, RAMBANG DANGKU, MUARA ENIM, SUMATERA SELATAN",6,106,120,226
https://kawalpemilu.org#17953,"GUNUNG RAJA, RAMBANG DANGKU, MUARA ENIM, SUMATERA SELATAN",7,71,146,217
https://kawalpemilu.org#17953,"GUNUNG RAJA, RAMBANG DANGKU, MUARA ENIM, SUMATERA SELATAN",8,65,116,181
https://kawalpemilu.org#17954,"SUBAN JERIJI, RAMBANG DANGKU, MUARA ENIM, SUMATERA SELATAN",1,128,120,248
https://kawalpemilu.org#17954,"SUBAN JERIJI, RAMBANG DANGKU, MUARA ENIM, SUMATERA SELATAN",2,121,108,229
https://kawalpemilu.org#17954,"SUBAN JERIJI, RAMBANG DANGKU, MUARA ENIM, SUMATERA SELATAN",3,67,130,197
https://kawalpemilu.org#17954,"SUBAN JERIJI, RAMBANG DANGKU, MUARA ENIM, SUMATERA SELATAN",4,79,171,250
https://kawalpemilu.org#17954,"SUBAN JERIJI, RAMBANG DANGKU, MUARA ENIM, SUMATERA SELATAN",5,77,120,197
https://kawalpemilu.org#17954,"SUBAN JERIJI, RAMBANG DANGKU, MUARA ENIM, SUMATERA SELATAN",6,77,146,223
https://kawalpemilu.org#17954,"SUBAN JERIJI, RAMBANG DANGKU, MUARA ENIM, SUMATERA SELATAN",7,98,125,223
https://kawalpemilu.org#17954,"SUBAN JERIJI, RAMBANG DANGKU, MUARA ENIM, SUMATERA SELATAN",8,78,114,192
https://kawalpemilu.org#17954,"SUBAN JERIJI, RAMBANG DANGKU, MUARA ENIM, SUMATERA SELATAN",9,86,132,218
https://kawalpemilu.org#17954,"SUBAN JERIJI, RAMBANG DANGKU, MUARA ENIM, SUMATERA SELATAN",10,105,114,219
https://kawalpemilu.org#17955,"AIR LIMAU, RAMBANG DANGKU, MUARA ENIM, SUMATERA SELATAN",1,143,102,245
https://kawalpemilu.org#17955,"AIR LIMAU, RAMBANG DANGKU, MUARA ENIM, SUMATERA SELATAN",2,141,98,239
https://kawalpemilu.org#17955,"AIR LIMAU, RAMBANG DANGKU, MUARA ENIM, SUMATERA SELATAN",3,126,85,211
https://kawalpemilu.org#17955,"AIR LIMAU, RAMBANG DANGKU, MUARA ENIM, SUMATERA SELATAN",4,64,154,218
https://kawalpemilu.org#17955,"AIR LIMAU, RAMBANG DANGKU, MUARA ENIM, SUMATERA SELATAN",5,34,133,167
https://kawalpemilu.org#17955,"AIR LIMAU, RAMBANG DANGKU, MUARA ENIM, SUMATERA SELATAN",6,71,144,215
https://kawalpemilu.org#17956,"MANUNGGAL JAYA, RAMBANG DANGKU, MUARA ENIM, SUMATERA SELATAN",1,106,135,241
https://kawalpemilu.org#17956,"MANUNGGAL JAYA, RAMBANG DANGKU, MUARA ENIM, SUMATERA SELATAN",2,72,100,172
https://kawalpemilu.org#17956,"MANUNGGAL JAYA, RAMBANG DANGKU, MUARA ENIM, SUMATERA SELATAN",3,106,126,232
https://kawalpemilu.org#17956,"MANUNGGAL JAYA, RAMBANG DANGKU, MUARA ENIM, SUMATERA SELATAN",4,43,182,225
https://kawalpemilu.org#17956,"MANUNGGAL JAYA, RAMBANG DANGKU, MUARA ENIM, SUMATERA SELATAN",5,65,184,249
https://kawalpemilu.org#17956,"MANUNGGAL JAYA, RAMBANG DANGKU, MUARA ENIM, SUMATERA SELATAN",6,94,172,266
https://kawalpemilu.org#17958,"AIR TALAS, RAMBANG DANGKU, MUARA ENIM, SUMATERA SELATAN",1,170,62,232
https://kawalpemilu.org#17958,"AIR TALAS, RAMBANG DANGKU, MUARA ENIM, SUMATERA SELATAN",2,157,75,232
https://kawalpemilu.org#17959,"AIR ENAU, RAMBANG DANGKU, MUARA ENIM, SUMATERA SELATAN",1,139,107,246
https://kawalpemilu.org#17959,"AIR ENAU, RAMBANG DANGKU, MUARA ENIM, SUMATERA SELATAN",2,124,75,199
https://kawalpemilu.org#17959,"AIR ENAU, RAMBANG DANGKU, MUARA ENIM, SUMATERA SELATAN",3,95,119,214
https://kawalpemilu.org#17959,"AIR ENAU, RAMBANG DANGKU, MUARA ENIM, SUMATERA SELATAN",4,133,56,189
https://kawalpemilu.org#17960,"MANUNGGAL MAKMUR, RAMBANG DANGKU, MUARA ENIM, SUMATERA SELATAN",1,68,125,193
https://kawalpemilu.org#17960,"MANUNGGAL MAKMUR, RAMBANG DANGKU, MUARA ENIM, SUMATERA SELATAN",2,117,77,194
https://kawalpemilu.org#17960,"MANUNGGAL MAKMUR, RAMBANG DANGKU, MUARA ENIM, SUMATERA SELATAN",3,99,132,231
https://kawalpemilu.org#17960,"MANUNGGAL MAKMUR, RAMBANG DANGKU, MUARA ENIM, SUMATERA SELATAN",4,68,135,203
https://kawalpemilu.org#17960,"MANUNGGAL MAKMUR, RAMBANG DANGKU, MUARA ENIM, SUMATERA SELATAN",5,82,99,181
https://kawalpemilu.org#17961,"AUR DURI, RAMBANG DANGKU, MUARA ENIM, SUMATERA SELATAN",1,55,193,248
https://kawalpemilu.org#17961,"AUR DURI, RAMBANG DANGKU, MUARA ENIM, SUMATERA SELATAN",2,72,183,255
https://kawalpemilu.org#17961,"AUR DURI, RAMBANG DANGKU, MUARA ENIM, SUMATERA SELATAN",3,62,209,271
https://kawalpemilu.org#17961,"AUR DURI, RAMBANG DANGKU, MUARA ENIM, SUMATERA SELATAN",4,37,110,147
https://kawalpemilu.org#17961,"AUR DURI, RAMBANG DANGKU, MUARA ENIM, SUMATERA SELATAN",5,12,86,98
https://kawalpemilu.org#17961,"AUR DURI, RAMBANG DANGKU, MUARA ENIM, SUMATERA SELATAN",6,61,143,204
https://kawalpemilu.org#17961,"AUR DURI, RAMBANG DANGKU, MUARA ENIM, SUMATERA SELATAN",7,44,117,161
https://kawalpemilu.org#17962,"PANGKALAN BABAT, RAMBANG DANGKU, MUARA ENIM, SUMATERA SELATAN",1,16,138,154
https://kawalpemilu.org#17963,"KASIH DEWA, RAMBANG DANGKU, MUARA ENIM, SUMATERA SELATAN",1,55,144,199
https://kawalpemilu.org#17963,"KASIH DEWA, RAMBANG DANGKU, MUARA ENIM, SUMATERA SELATAN",2,54,117,171
https://kawalpemilu.org#17964,"AIR CEKDAM, RAMBANG DANGKU, MUARA ENIM, SUMATERA SELATAN",1,81,145,226
https://kawalpemilu.org#17964,"AIR CEKDAM, RAMBANG DANGKU, MUARA ENIM, SUMATERA SELATAN",2,63,192,255
https://kawalpemilu.org#17964,"AIR CEKDAM, RAMBANG DANGKU, MUARA ENIM, SUMATERA SELATAN",3,92,153,245
https://kawalpemilu.org#17966,"KURIPAN SELATAN, RAMBANG DANGKU, MUARA ENIM, SUMATERA SELATAN",1,97,119,216
https://kawalpemilu.org#17966,"KURIPAN SELATAN, RAMBANG DANGKU, MUARA ENIM, SUMATERA SELATAN",2,104,120,224
https://kawalpemilu.org#17966,"KURIPAN SELATAN, RAMBANG DANGKU, MUARA ENIM, SUMATERA SELATAN",3,93,107,200
https://kawalpemilu.org#17968,"PENANGGIRAN, GUNUNG MEGANG, MUARA ENIM, SUMATERA SELATAN",1,132,113,245
https://kawalpemilu.org#17968,"PENANGGIRAN, GUNUNG MEGANG, MUARA ENIM, SUMATERA SELATAN",2,111,125,236
https://kawalpemilu.org#17968,"PENANGGIRAN, GUNUNG MEGANG, MUARA ENIM, SUMATERA SELATAN",3,71,150,221
https://kawalpemilu.org#17968,"PENANGGIRAN, GUNUNG MEGANG, MUARA ENIM, SUMATERA SELATAN",4,109,110,219
https://kawalpemilu.org#17968,"PENANGGIRAN, GUNUNG MEGANG, MUARA ENIM, SUMATERA SELATAN",6,111,132,243
https://kawalpemilu.org#17968,"PENANGGIRAN, GUNUNG MEGANG, MUARA ENIM, SUMATERA SELATAN",7,115,112,227
https://kawalpemilu.org#17968,"PENANGGIRAN, GUNUNG MEGANG, MUARA ENIM, SUMATERA SELATAN",8,135,114,249
https://kawalpemilu.org#17968,"PENANGGIRAN, GUNUNG MEGANG, MUARA ENIM, SUMATERA SELATAN",9,83,114,197
https://kawalpemilu.org#17968,"PENANGGIRAN, GUNUNG MEGANG, MUARA ENIM, SUMATERA SELATAN",10,73,158,231
https://kawalpemilu.org#17969,"GUNUNG MEGANG LUAR, GUNUNG MEGANG, MUARA ENIM, SUMATERA SELATAN",1,32,189,221
https://kawalpemilu.org#17969,"GUNUNG MEGANG LUAR, GUNUNG MEGANG, MUARA ENIM, SUMATERA SELATAN",2,33,172,205
https://kawalpemilu.org#17969,"GUNUNG MEGANG LUAR, GUNUNG MEGANG, MUARA ENIM, SUMATERA SELATAN",3,30,174,204
https://kawalpemilu.org#17969,"GUNUNG MEGANG LUAR, GUNUNG MEGANG, MUARA ENIM, SUMATERA SELATAN",4,53,171,224
https://kawalpemilu.org#17969,"GUNUNG MEGANG LUAR, GUNUNG MEGANG, MUARA ENIM, SUMATERA SELATAN",5,65,175,240
https://kawalpemilu.org#17969,"GUNUNG MEGANG LUAR, GUNUNG MEGANG, MUARA ENIM, SUMATERA SELATAN",6,69,137,206
https://kawalpemilu.org#17969,"GUNUNG MEGANG LUAR, GUNUNG MEGANG, MUARA ENIM, SUMATERA SELATAN",7,61,154,215
https://kawalpemilu.org#17969,"GUNUNG MEGANG LUAR, GUNUNG MEGANG, MUARA ENIM, SUMATERA SELATAN",8,37,182,219
https://kawalpemilu.org#17970,"GUNUNG MEGANG DALAM, GUNUNG MEGANG, MUARA ENIM, SUMATERA SELATAN",1,90,162,252
https://kawalpemilu.org#17970,"GUNUNG MEGANG DALAM, GUNUNG MEGANG, MUARA ENIM, SUMATERA SELATAN",2,78,163,241
https://kawalpemilu.org#17970,"GUNUNG MEGANG DALAM, GUNUNG MEGANG, MUARA ENIM, SUMATERA SELATAN",3,67,169,236
https://kawalpemilu.org#17970,"GUNUNG MEGANG DALAM, GUNUNG MEGANG, MUARA ENIM, SUMATERA SELATAN",4,76,177,253
https://kawalpemilu.org#17970,"GUNUNG MEGANG DALAM, GUNUNG MEGANG, MUARA ENIM, SUMATERA SELATAN",5,76,141,217
https://kawalpemilu.org#17970,"GUNUNG MEGANG DALAM, GUNUNG MEGANG, MUARA ENIM, SUMATERA SELATAN",6,83,154,237
https://kawalpemilu.org#17970,"GUNUNG MEGANG DALAM, GUNUNG MEGANG, MUARA ENIM, SUMATERA SELATAN",7,40,82,122
https://kawalpemilu.org#17970,"GUNUNG MEGANG DALAM, GUNUNG MEGANG, MUARA ENIM, SUMATERA SELATAN",8,98,149,247
https://kawalpemilu.org#17970,"GUNUNG MEGANG DALAM, GUNUNG MEGANG, MUARA ENIM, SUMATERA SELATAN",9,53,193,246
https://kawalpemilu.org#17970,"GUNUNG MEGANG DALAM, GUNUNG MEGANG, MUARA ENIM, SUMATERA SELATAN",10,35,169,204
https://kawalpemilu.org#17970,"GUNUNG MEGANG DALAM, GUNUNG MEGANG, MUARA ENIM, SUMATERA SELATAN",11,59,164,223
https://kawalpemilu.org#17970,"GUNUNG MEGANG DALAM, GUNUNG MEGANG, MUARA ENIM, SUMATERA SELATAN",12,52,183,235
https://kawalpemilu.org#17970,"GUNUNG MEGANG DALAM, GUNUNG MEGANG, MUARA ENIM, SUMATERA SELATAN",13,42,61,103
https://kawalpemilu.org#17971,"LUBUK MUMPO, GUNUNG MEGANG, MUARA ENIM, SUMATERA SELATAN",1,70,131,201
https://kawalpemilu.org#17971,"LUBUK MUMPO, GUNUNG MEGANG, MUARA ENIM, SUMATERA SELATAN",2,76,137,213
https://kawalpemilu.org#17971,"LUBUK MUMPO, GUNUNG MEGANG, MUARA ENIM, SUMATERA SELATAN",3,71,129,200
https://kawalpemilu.org#17971,"LUBUK MUMPO, GUNUNG MEGANG, MUARA ENIM, SUMATERA SELATAN",4,48,177,225
https://kawalpemilu.org#17971,"LUBUK MUMPO, GUNUNG MEGANG, MUARA ENIM, SUMATERA SELATAN",5,44,163,207
https://kawalpemilu.org#17971,"LUBUK MUMPO, GUNUNG MEGANG, MUARA ENIM, SUMATERA SELATAN",6,62,137,199
https://kawalpemilu.org#17971,"LUBUK MUMPO, GUNUNG MEGANG, MUARA ENIM, SUMATERA SELATAN",7,43,188,231
https://kawalpemilu.org#17972,"PERJITO, GUNUNG MEGANG, MUARA ENIM, SUMATERA SELATAN",1,55,183,238
https://kawalpemilu.org#17972,"PERJITO, GUNUNG MEGANG, MUARA ENIM, SUMATERA SELATAN",2,67,186,253
https://kawalpemilu.org#17972,"PERJITO, GUNUNG MEGANG, MUARA ENIM, SUMATERA SELATAN",3,74,155,229
https://kawalpemilu.org#17972,"PERJITO, GUNUNG MEGANG, MUARA ENIM, SUMATERA SELATAN",4,78,156,234
https://kawalpemilu.org#17972,"PERJITO, GUNUNG MEGANG, MUARA ENIM, SUMATERA SELATAN",5,53,162,215
https://kawalpemilu.org#17973,"TANJUNG MUNING, GUNUNG MEGANG, MUARA ENIM, SUMATERA SELATAN",1,121,122,243
https://kawalpemilu.org#17973,"TANJUNG MUNING, GUNUNG MEGANG, MUARA ENIM, SUMATERA SELATAN",2,34,141,244
https://kawalpemilu.org#17973,"TANJUNG MUNING, GUNUNG MEGANG, MUARA ENIM, SUMATERA SELATAN",3,129,94,223
https://kawalpemilu.org#17973,"TANJUNG MUNING, GUNUNG MEGANG, MUARA ENIM, SUMATERA SELATAN",4,95,124,219
https://kawalpemilu.org#17974,"TANJUNG TERANG, GUNUNG MEGANG, MUARA ENIM, SUMATERA SELATAN",1,95,143,238
https://kawalpemilu.org#17974,"TANJUNG TERANG, GUNUNG MEGANG, MUARA ENIM, SUMATERA SELATAN",2,90,140,230
https://kawalpemilu.org#17974,"TANJUNG TERANG, GUNUNG MEGANG, MUARA ENIM, SUMATERA SELATAN",3,112,121,233
https://kawalpemilu.org#17974,"TANJUNG TERANG, GUNUNG MEGANG, MUARA ENIM, SUMATERA SELATAN",5,98,133,231
https://kawalpemilu.org#17974,"TANJUNG TERANG, GUNUNG MEGANG, MUARA ENIM, SUMATERA SELATAN",6,105,117,222
https://kawalpemilu.org#17983,"BANGUN SARI, GUNUNG MEGANG, MUARA ENIM, SUMATERA SELATAN",1,55,157,212
https://kawalpemilu.org#17983,"BANGUN SARI, GUNUNG MEGANG, MUARA ENIM, SUMATERA SELATAN",2,78,151,229
https://kawalpemilu.org#17983,"BANGUN SARI, GUNUNG MEGANG, MUARA ENIM, SUMATERA SELATAN",3,53,202,255
https://kawalpemilu.org#17983,"BANGUN SARI, GUNUNG MEGANG, MUARA ENIM, SUMATERA SELATAN",4,129,96,225
https://kawalpemilu.org#17983,"BANGUN SARI, GUNUNG MEGANG, MUARA ENIM, SUMATERA SELATAN",5,90,114,204
https://kawalpemilu.org#17983,"BANGUN SARI, GUNUNG MEGANG, MUARA ENIM, SUMATERA SELATAN",6,113,98,211
https://kawalpemilu.org#17983,"BANGUN SARI, GUNUNG MEGANG, MUARA ENIM, SUMATERA SELATAN",7,66,174,240
https://kawalpemilu.org#17984,"SUMAJA MAKMUR, GUNUNG MEGANG, MUARA ENIM, SUMATERA SELATAN",1,95,155,250
https://kawalpemilu.org#17984,"SUMAJA MAKMUR, GUNUNG MEGANG, MUARA ENIM, SUMATERA SELATAN",2,90,163,253
https://kawalpemilu.org#17984,"SUMAJA MAKMUR, GUNUNG MEGANG, MUARA ENIM, SUMATERA SELATAN",3,62,120,182
https://kawalpemilu.org#17984,"SUMAJA MAKMUR, GUNUNG MEGANG, MUARA ENIM, SUMATERA SELATAN",4,83,156,239
https://kawalpemilu.org#17984,"SUMAJA MAKMUR, GUNUNG MEGANG, MUARA ENIM, SUMATERA SELATAN",5,97,132,229
https://kawalpemilu.org#17984,"SUMAJA MAKMUR, GUNUNG MEGANG, MUARA ENIM, SUMATERA SELATAN",6,96,154,250
https://kawalpemilu.org#17984,"SUMAJA MAKMUR, GUNUNG MEGANG, MUARA ENIM, SUMATERA SELATAN",7,124,123,247
https://kawalpemilu.org#17984,"SUMAJA MAKMUR, GUNUNG MEGANG, MUARA ENIM, SUMATERA SELATAN",8,80,173,253
https://kawalpemilu.org#17985,"SIDOMULYO, GUNUNG MEGANG, MUARA ENIM, SUMATERA SELATAN",1,116,114,230
https://kawalpemilu.org#17985,"SIDOMULYO, GUNUNG MEGANG, MUARA ENIM, SUMATERA SELATAN",2,114,70,184
https://kawalpemilu.org#17985,"SIDOMULYO, GUNUNG MEGANG, MUARA ENIM, SUMATERA SELATAN",3,105,100,205
https://kawalpemilu.org#17986,"FAJAR INDAH, GUNUNG MEGANG, MUARA ENIM, SUMATERA SELATAN",1,110,96,206
https://kawalpemilu.org#17986,"FAJAR INDAH, GUNUNG MEGANG, MUARA ENIM, SUMATERA SELATAN",2,66,134,200
https://kawalpemilu.org#17986,"FAJAR INDAH, GUNUNG MEGANG, MUARA ENIM, SUMATERA SELATAN",3,96,94,190
https://kawalpemilu.org#17986,"FAJAR INDAH, GUNUNG MEGANG, MUARA ENIM, SUMATERA SELATAN",4,80,135,215
https://kawalpemilu.org#17987,"KAYU ARA SAKTI, GUNUNG MEGANG, MUARA ENIM, SUMATERA SELATAN",1,82,129,211
https://kawalpemilu.org#17987,"KAYU ARA SAKTI, GUNUNG MEGANG, MUARA ENIM, SUMATERA SELATAN",2,150,92,242
https://kawalpemilu.org#17987,"KAYU ARA SAKTI, GUNUNG MEGANG, MUARA ENIM, SUMATERA SELATAN",3,86,89,175
https://kawalpemilu.org#17988,"PANANG JAYA, GUNUNG MEGANG, MUARA ENIM, SUMATERA SELATAN",3,82,153,235
https://kawalpemilu.org#17988,"PANANG JAYA, GUNUNG MEGANG, MUARA ENIM, SUMATERA SELATAN",5,66,168,234
https://kawalpemilu.org#17988,"PANANG JAYA, GUNUNG MEGANG, MUARA ENIM, SUMATERA SELATAN",6,80,144,224
https://kawalpemilu.org#17988,"PANANG JAYA, GUNUNG MEGANG, MUARA ENIM, SUMATERA SELATAN",7,79,143,222
https://kawalpemilu.org#17988,"PANANG JAYA, GUNUNG MEGANG, MUARA ENIM, SUMATERA SELATAN",8,83,115,198
https://kawalpemilu.org#17988,"PANANG JAYA, GUNUNG MEGANG, MUARA ENIM, SUMATERA SELATAN",9,85,140,225
https://kawalpemilu.org#17988,"PANANG JAYA, GUNUNG MEGANG, MUARA ENIM, SUMATERA SELATAN",10,90,117,207
https://kawalpemilu.org#17988,"PANANG JAYA, GUNUNG MEGANG, MUARA ENIM, SUMATERA SELATAN",11,100,138,238
https://kawalpemilu.org#17988,"PANANG JAYA, GUNUNG MEGANG, MUARA ENIM, SUMATERA SELATAN",12,55,135,190
https://kawalpemilu.org#18013,"GELUMBANG, GELUMBANG, MUARA ENIM, SUMATERA SELATAN",1,89,146,235
https://kawalpemilu.org#18013,"GELUMBANG, GELUMBANG, MUARA ENIM, SUMATERA SELATAN",2,85,171,256
https://kawalpemilu.org#18013,"GELUMBANG, GELUMBANG, MUARA ENIM, SUMATERA SELATAN",3,78,164,242
https://kawalpemilu.org#18013,"GELUMBANG, GELUMBANG, MUARA ENIM, SUMATERA SELATAN",4,123,145,268
https://kawalpemilu.org#18013,"GELUMBANG, GELUMBANG, MUARA ENIM, SUMATERA SELATAN",5,97,161,258
https://kawalpemilu.org#18013,"GELUMBANG, GELUMBANG, MUARA ENIM, SUMATERA SELATAN",6,60,201,261
https://kawalpemilu.org#18013,"GELUMBANG, GELUMBANG, MUARA ENIM, SUMATERA SELATAN",7,87,157,244
https://kawalpemilu.org#18013,"GELUMBANG, GELUMBANG, MUARA ENIM, SUMATERA SELATAN",8,95,162,257
https://kawalpemilu.org#18013,"GELUMBANG, GELUMBANG, MUARA ENIM, SUMATERA SELATAN",9,133,87,220
https://kawalpemilu.org#18013,"GELUMBANG, GELUMBANG, MUARA ENIM, SUMATERA SELATAN",10,95,124,219
https://kawalpemilu.org#18013,"GELUMBANG, GELUMBANG, MUARA ENIM, SUMATERA SELATAN",11,91,159,250
https://kawalpemilu.org#18013,"GELUMBANG, GELUMBANG, MUARA ENIM, SUMATERA SELATAN",12,68,131,199
https://kawalpemilu.org#18013,"GELUMBANG, GELUMBANG, MUARA ENIM, SUMATERA SELATAN",13,68,137,205
https://kawalpemilu.org#18013,"GELUMBANG, GELUMBANG, MUARA ENIM, SUMATERA SELATAN",14,82,117,199
https://kawalpemilu.org#18013,"GELUMBANG, GELUMBANG, MUARA ENIM, SUMATERA SELATAN",15,86,142,228
https://kawalpemilu.org#18013,"GELUMBANG, GELUMBANG, MUARA ENIM, SUMATERA SELATAN",16,80,158,238
https://kawalpemilu.org#18014,"GAUNG TELANG, GELUMBANG, MUARA ENIM, SUMATERA SELATAN",1,63,164,227
https://kawalpemilu.org#18014,"GAUNG TELANG, GELUMBANG, MUARA ENIM, SUMATERA SELATAN",2,39,171,210
https://kawalpemilu.org#18014,"GAUNG TELANG, GELUMBANG, MUARA ENIM, SUMATERA SELATAN",3,61,163,224
https://kawalpemilu.org#18014,"GAUNG TELANG, GELUMBANG, MUARA ENIM, SUMATERA SELATAN",4,54,144,198
https://kawalpemilu.org#18015,"PINANG BANJAR, GELUMBANG, MUARA ENIM, SUMATERA SELATAN",1,33,221,254
https://kawalpemilu.org#18015,"PINANG BANJAR, GELUMBANG, MUARA ENIM, SUMATERA SELATAN",2,26,229,255
https://kawalpemilu.org#18015,"PINANG BANJAR, GELUMBANG, MUARA ENIM, SUMATERA SELATAN",3,45,211,256
https://kawalpemilu.org#18015,"PINANG BANJAR, GELUMBANG, MUARA ENIM, SUMATERA SELATAN",4,37,125,162
https://kawalpemilu.org#18016,"SEGAYAM, GELUMBANG, MUARA ENIM, SUMATERA SELATAN",1,63,192,255
https://kawalpemilu.org#18016,"SEGAYAM, GELUMBANG, MUARA ENIM, SUMATERA SELATAN",2,88,160,248
https://kawalpemilu.org#18016,"SEGAYAM, GELUMBANG, MUARA ENIM, SUMATERA SELATAN",3,70,160,230
https://kawalpemilu.org#18016,"SEGAYAM, GELUMBANG, MUARA ENIM, SUMATERA SELATAN",4,57,168,225
https://kawalpemilu.org#18016,"SEGAYAM, GELUMBANG, MUARA ENIM, SUMATERA SELATAN",5,100,103,203
https://kawalpemilu.org#18016,"SEGAYAM, GELUMBANG, MUARA ENIM, SUMATERA SELATAN",6,83,138,221
https://kawalpemilu.org#18016,"SEGAYAM, GELUMBANG, MUARA ENIM, SUMATERA SELATAN",7,124,90,214
https://kawalpemilu.org#18016,"SEGAYAM, GELUMBANG, MUARA ENIM, SUMATERA SELATAN",8,124,103,227
https://kawalpemilu.org#18016,"SEGAYAM, GELUMBANG, MUARA ENIM, SUMATERA SELATAN",9,109,111,220
https://kawalpemilu.org#18016,"SEGAYAM, GELUMBANG, MUARA ENIM, SUMATERA SELATAN",10,123,132,255
https://kawalpemilu.org#18016,"SEGAYAM, GELUMBANG, MUARA ENIM, SUMATERA SELATAN",11,131,108,239
https://kawalpemilu.org#18017,"TAMBANGAN KELEKAR, GELUMBANG, MUARA ENIM, SUMATERA SELATAN",1,104,150,254
https://kawalpemilu.org#18017,"TAMBANGAN KELEKAR, GELUMBANG, MUARA ENIM, SUMATERA SELATAN",2,71,172,243
https://kawalpemilu.org#18017,"TAMBANGAN KELEKAR, GELUMBANG, MUARA ENIM, SUMATERA SELATAN",3,57,192,249
https://kawalpemilu.org#18017,"TAMBANGAN KELEKAR, GELUMBANG, MUARA ENIM, SUMATERA SELATAN",4,66,194,260
https://kawalpemilu.org#18017,"TAMBANGAN KELEKAR, GELUMBANG, MUARA ENIM, SUMATERA SELATAN",5,69,191,260
https://kawalpemilu.org#18017,"TAMBANGAN KELEKAR, GELUMBANG, MUARA ENIM, SUMATERA SELATAN",6,95,158,253
https://kawalpemilu.org#18017,"TAMBANGAN KELEKAR, GELUMBANG, MUARA ENIM, SUMATERA SELATAN",7,92,159,251
https://kawalpemilu.org#18018,"SUKA MENANG, GELUMBANG, MUARA ENIM, SUMATERA SELATAN",1,71,188,259
https://kawalpemilu.org#18018,"SUKA MENANG, GELUMBANG, MUARA ENIM, SUMATERA SELATAN",2,0,0,0
https://kawalpemilu.org#18018,"SUKA MENANG, GELUMBANG, MUARA ENIM, SUMATERA SELATAN",3,108,94,202
https://kawalpemilu.org#18018,"SUKA MENANG, GELUMBANG, MUARA ENIM, SUMATERA SELATAN",4,100,79,179
https://kawalpemilu.org#18018,"SUKA MENANG, GELUMBANG, MUARA ENIM, SUMATERA SELATAN",6,56,198,254
https://kawalpemilu.org#18018,"SUKA MENANG, GELUMBANG, MUARA ENIM, SUMATERA SELATAN",7,70,108,178
https://kawalpemilu.org#18018,"SUKA MENANG, GELUMBANG, MUARA ENIM, SUMATERA SELATAN",8,78,88,166
https://kawalpemilu.org#18019,"KARANG ENDAH, GELUMBANG, MUARA ENIM, SUMATERA SELATAN",1,75,187,262
https://kawalpemilu.org#18019,"KARANG ENDAH, GELUMBANG, MUARA ENIM, SUMATERA SELATAN",2,62,188,250
https://kawalpemilu.org#18019,"KARANG ENDAH, GELUMBANG, MUARA ENIM, SUMATERA SELATAN",3,98,171,269
https://kawalpemilu.org#18019,"KARANG ENDAH, GELUMBANG, MUARA ENIM, SUMATERA SELATAN",4,30,231,261
https://kawalpemilu.org#18019,"KARANG ENDAH, GELUMBANG, MUARA ENIM, SUMATERA SELATAN",5,53,195,248
https://kawalpemilu.org#18019,"KARANG ENDAH, GELUMBANG, MUARA ENIM, SUMATERA SELATAN",6,56,189,245
https://kawalpemilu.org#18019,"KARANG ENDAH, GELUMBANG, MUARA ENIM, SUMATERA SELATAN",7,117,143,260
https://kawalpemilu.org#18019,"KARANG ENDAH, GELUMBANG, MUARA ENIM, SUMATERA SELATAN",8,59,184,243
https://kawalpemilu.org#18019,"KARANG ENDAH, GELUMBANG, MUARA ENIM, SUMATERA SELATAN",9,98,126,224
https://kawalpemilu.org#18019,"KARANG ENDAH, GELUMBANG, MUARA ENIM, SUMATERA SELATAN",11,68,164,232
https://kawalpemilu.org#18020,"JAMBU, GELUMBANG, MUARA ENIM, SUMATERA SELATAN",1,88,132,220
https://kawalpemilu.org#18020,"JAMBU, GELUMBANG, MUARA ENIM, SUMATERA SELATAN",2,82,127,209
https://kawalpemilu.org#18020,"JAMBU, GELUMBANG, MUARA ENIM, SUMATERA SELATAN",3,107,112,219
https://kawalpemilu.org#18020,"JAMBU, GELUMBANG, MUARA ENIM, SUMATERA SELATAN",4,66,134,200
https://kawalpemilu.org#18021,"MIDAR, GELUMBANG, MUARA ENIM, SUMATERA SELATAN",1,41,175,216
https://kawalpemilu.org#18021,"MIDAR, GELUMBANG, MUARA ENIM, SUMATERA SELATAN",2,57,176,233
https://kawalpemilu.org#18021,"MIDAR, GELUMBANG, MUARA ENIM, SUMATERA SELATAN",3,69,132,201
https://kawalpemilu.org#18021,"MIDAR, GELUMBANG, MUARA ENIM, SUMATERA SELATAN",4,34,156,190
https://kawalpemilu.org#18021,"MIDAR, GELUMBANG, MUARA ENIM, SUMATERA SELATAN",5,54,113,167
https://kawalpemilu.org#18022,"MELILIAN, GELUMBANG, MUARA ENIM, SUMATERA SELATAN",1,18,171,189
https://kawalpemilu.org#18022,"MELILIAN, GELUMBANG, MUARA ENIM, SUMATERA SELATAN",2,74,163,237
https://kawalpemilu.org#18022,"MELILIAN, GELUMBANG, MUARA ENIM, SUMATERA SELATAN",3,55,202,257
https://kawalpemilu.org#18022,"MELILIAN, GELUMBANG, MUARA ENIM, SUMATERA SELATAN",4,42,158,200
https://kawalpemilu.org#18022,"MELILIAN, GELUMBANG, MUARA ENIM, SUMATERA SELATAN",5,41,150,191
https://kawalpemilu.org#18023,"PEDATARAN, GELUMBANG, MUARA ENIM, SUMATERA SELATAN",1,54,218,272
https://kawalpemilu.org#18023,"PEDATARAN, GELUMBANG, MUARA ENIM, SUMATERA SELATAN",2,62,208,270
https://kawalpemilu.org#18023,"PEDATARAN, GELUMBANG, MUARA ENIM, SUMATERA SELATAN",3,51,220,271
https://kawalpemilu.org#18023,"PEDATARAN, GELUMBANG, MUARA ENIM, SUMATERA SELATAN",4,70,162,232
https://kawalpemilu.org#18024,"TELUK LIMAU, GELUMBANG, MUARA ENIM, SUMATERA SELATAN",1,41,210,251
https://kawalpemilu.org#18024,"TELUK LIMAU, GELUMBANG, MUARA ENIM, SUMATERA SELATAN",4,35,192,232
https://kawalpemilu.org#18025,"KARTAMULIA, GELUMBANG, MUARA ENIM, SUMATERA SELATAN",1,37,186,223
https://kawalpemilu.org#18025,"KARTAMULIA, GELUMBANG, MUARA ENIM, SUMATERA SELATAN",2,57,172,229
https://kawalpemilu.org#18025,"KARTAMULIA, GELUMBANG, MUARA ENIM, SUMATERA SELATAN",3,56,164,220
https://kawalpemilu.org#18025,"KARTAMULIA, GELUMBANG, MUARA ENIM, SUMATERA SELATAN",4,35,149,184
https://kawalpemilu.org#18025,"KARTAMULIA, GELUMBANG, MUARA ENIM, SUMATERA SELATAN",5,52,135,187
https://kawalpemilu.org#18026,"SEBAU, GELUMBANG, MUARA ENIM, SUMATERA SELATAN",1,49,201,250
https://kawalpemilu.org#18026,"SEBAU, GELUMBANG, MUARA ENIM, SUMATERA SELATAN",2,40,194,234
https://kawalpemilu.org#18026,"SEBAU, GELUMBANG, MUARA ENIM, SUMATERA SELATAN",3,41,183,224
https://kawalpemilu.org#18026,"SEBAU, GELUMBANG, MUARA ENIM, SUMATERA SELATAN",4,70,177,247
https://kawalpemilu.org#18026,"SEBAU, GELUMBANG, MUARA ENIM, SUMATERA SELATAN",5,50,198,248
https://kawalpemilu.org#18026,"SEBAU, GELUMBANG, MUARA ENIM, SUMATERA SELATAN",6,52,197,249
https://kawalpemilu.org#18026,"SEBAU, GELUMBANG, MUARA ENIM, SUMATERA SELATAN",7,41,145,186
https://kawalpemilu.org#18026,"SEBAU, GELUMBANG, MUARA ENIM, SUMATERA SELATAN",8,58,166,224
https://kawalpemilu.org#18027,"SIGAM, GELUMBANG, MUARA ENIM, SUMATERA SELATAN",1,48,226,274
https://kawalpemilu.org#18027,"SIGAM, GELUMBANG, MUARA ENIM, SUMATERA SELATAN",2,44,227,271
https://kawalpemilu.org#18027,"SIGAM, GELUMBANG, MUARA ENIM, SUMATERA SELATAN",3,90,181,271
https://kawalpemilu.org#18027,"SIGAM, GELUMBANG, MUARA ENIM, SUMATERA SELATAN",4,97,108,205
https://kawalpemilu.org#18027,"SIGAM, GELUMBANG, MUARA ENIM, SUMATERA SELATAN",5,166,102,268
https://kawalpemilu.org#18027,"SIGAM, GELUMBANG, MUARA ENIM, SUMATERA SELATAN",6,52,149,201
https://kawalpemilu.org#18027,"SIGAM, GELUMBANG, MUARA ENIM, SUMATERA SELATAN",7,135,104,239
https://kawalpemilu.org#18027,"SIGAM, GELUMBANG, MUARA ENIM, SUMATERA SELATAN",8,108,106,214
https://kawalpemilu.org#18028,"PAYA BAKAL, GELUMBANG, MUARA ENIM, SUMATERA SELATAN",1,38,174,212
https://kawalpemilu.org#18028,"PAYA BAKAL, GELUMBANG, MUARA ENIM, SUMATERA SELATAN",2,33,189,222
https://kawalpemilu.org#18028,"PAYA BAKAL, GELUMBANG, MUARA ENIM, SUMATERA SELATAN",3,27,174,201
https://kawalpemilu.org#18028,"PAYA BAKAL, GELUMBANG, MUARA ENIM, SUMATERA SELATAN",4,39,165,204
https://kawalpemilu.org#18028,"PAYA BAKAL, GELUMBANG, MUARA ENIM, SUMATERA SELATAN",5,39,149,188
https://kawalpemilu.org#18029,"BITIS, GELUMBANG, MUARA ENIM, SUMATERA SELATAN",1,79,174,253
https://kawalpemilu.org#18029,"BITIS, GELUMBANG, MUARA ENIM, SUMATERA SELATAN",2,103,158,261
https://kawalpemilu.org#18029,"BITIS, GELUMBANG, MUARA ENIM, SUMATERA SELATAN",3,95,123,218
https://kawalpemilu.org#18029,"BITIS, GELUMBANG, MUARA ENIM, SUMATERA SELATAN",4,64,117,181
https://kawalpemilu.org#18029,"BITIS, GELUMBANG, MUARA ENIM, SUMATERA SELATAN",5,153,51,204
https://kawalpemilu.org#18030,"GUMAI, GELUMBANG, MUARA ENIM, SUMATERA SELATAN",1,105,133,238
https://kawalpemilu.org#18030,"GUMAI, GELUMBANG, MUARA ENIM, SUMATERA SELATAN",2,105,93,198
https://kawalpemilu.org#18030,"GUMAI, GELUMBANG, MUARA ENIM, SUMATERA SELATAN",3,70,140,210
https://kawalpemilu.org#18030,"GUMAI, GELUMBANG, MUARA ENIM, SUMATERA SELATAN",4,53,155,208
https://kawalpemilu.org#18030,"GUMAI, GELUMBANG, MUARA ENIM, SUMATERA SELATAN",5,61,168,229
https://kawalpemilu.org#18030,"GUMAI, GELUMBANG, MUARA ENIM, SUMATERA SELATAN",6,62,128,190
https://kawalpemilu.org#18030,"GUMAI, GELUMBANG, MUARA ENIM, SUMATERA SELATAN",7,60,133,193
https://kawalpemilu.org#18031,"PUTAK, GELUMBANG, MUARA ENIM, SUMATERA SELATAN",1,76,208,284
https://kawalpemilu.org#18031,"PUTAK, GELUMBANG, MUARA ENIM, SUMATERA SELATAN",2,104,118,222
https://kawalpemilu.org#18031,"PUTAK, GELUMBANG, MUARA ENIM, SUMATERA SELATAN",3,167,82,249
https://kawalpemilu.org#18031,"PUTAK, GELUMBANG, MUARA ENIM, SUMATERA SELATAN",4,171,73,244
https://kawalpemilu.org#18031,"PUTAK, GELUMBANG, MUARA ENIM, SUMATERA SELATAN",6,122,123,245
https://kawalpemilu.org#18031,"PUTAK, GELUMBANG, MUARA ENIM, SUMATERA SELATAN",7,145,72,217
https://kawalpemilu.org#18032,"TALANG TALING, GELUMBANG, MUARA ENIM, SUMATERA SELATAN",1,144,117,261
https://kawalpemilu.org#18032,"TALANG TALING, GELUMBANG, MUARA ENIM, SUMATERA SELATAN",2,134,103,237
https://kawalpemilu.org#18032,"TALANG TALING, GELUMBANG, MUARA ENIM, SUMATERA SELATAN",3,86,153,239
https://kawalpemilu.org#18032,"TALANG TALING, GELUMBANG, MUARA ENIM, SUMATERA SELATAN",4,148,100,248
https://kawalpemilu.org#18032,"TALANG TALING, GELUMBANG, MUARA ENIM, SUMATERA SELATAN",5,114,110,224
https://kawalpemilu.org#18032,"TALANG TALING, GELUMBANG, MUARA ENIM, SUMATERA SELATAN",6,137,108,245
https://kawalpemilu.org#18032,"TALANG TALING, GELUMBANG, MUARA ENIM, SUMATERA SELATAN",7,107,118,225
https://kawalpemilu.org#18032,"TALANG TALING, GELUMBANG, MUARA ENIM, SUMATERA SELATAN",8,121,134,255
https://kawalpemilu.org#18032,"TALANG TALING, GELUMBANG, MUARA ENIM, SUMATERA SELATAN",9,102,91,193
https://kawalpemilu.org#18032,"TALANG TALING, GELUMBANG, MUARA ENIM, SUMATERA SELATAN",10,119,103,222
https://kawalpemilu.org#18033,"SUKA JAYA, GELUMBANG, MUARA ENIM, SUMATERA SELATAN",1,78,122,200
https://kawalpemilu.org#18033,"SUKA JAYA, GELUMBANG, MUARA ENIM, SUMATERA SELATAN",2,61,142,203
https://kawalpemilu.org#18033,"SUKA JAYA, GELUMBANG, MUARA ENIM, SUMATERA SELATAN",3,72,126,198
https://kawalpemilu.org#18034,"KARANG ENDAH SELATAN, GELUMBANG, MUARA ENIM, SUMATERA SELATAN",1,115,110,225
https://kawalpemilu.org#18034,"KARANG ENDAH SELATAN, GELUMBANG, MUARA ENIM, SUMATERA SELATAN",2,43,175,218
https://kawalpemilu.org#18034,"KARANG ENDAH SELATAN, GELUMBANG, MUARA ENIM, SUMATERA SELATAN",3,40,197,237
https://kawalpemilu.org#18034,"KARANG ENDAH SELATAN, GELUMBANG, MUARA ENIM, SUMATERA SELATAN",4,60,187,247
https://kawalpemilu.org#18034,"KARANG ENDAH SELATAN, GELUMBANG, MUARA ENIM, SUMATERA SELATAN",5,82,147,229
https://kawalpemilu.org#18034,"KARANG ENDAH SELATAN, GELUMBANG, MUARA ENIM, SUMATERA SELATAN",6,117,115,232
https://kawalpemilu.org#18034,"KARANG ENDAH SELATAN, GELUMBANG, MUARA ENIM, SUMATERA SELATAN",7,62,137,199
https://kawalpemilu.org#18034,"KARANG ENDAH SELATAN, GELUMBANG, MUARA ENIM, SUMATERA SELATAN",8,56,170,226
https://kawalpemilu.org#18034,"KARANG ENDAH SELATAN, GELUMBANG, MUARA ENIM, SUMATERA SELATAN",9,55,158,213
https://kawalpemilu.org#927948,"BETUNG, GELUMBANG, MUARA ENIM, SUMATERA SELATAN",1,45,119,164
https://kawalpemilu.org#927948,"BETUNG, GELUMBANG, MUARA ENIM, SUMATERA SELATAN",2,41,111,152
https://kawalpemilu.org#18037,"TANJUNG ENIM, LAWANG KIDUL, MUARA ENIM, SUMATERA SELATAN",1,81,136,217
https://kawalpemilu.org#18037,"TANJUNG ENIM, LAWANG KIDUL, MUARA ENIM, SUMATERA SELATAN",2,60,163,223
https://kawalpemilu.org#18037,"TANJUNG ENIM, LAWANG KIDUL, MUARA ENIM, SUMATERA SELATAN",3,67,118,185
https://kawalpemilu.org#18037,"TANJUNG ENIM, LAWANG KIDUL, MUARA ENIM, SUMATERA SELATAN",4,67,120,187
https://kawalpemilu.org#18037,"TANJUNG ENIM, LAWANG KIDUL, MUARA ENIM, SUMATERA SELATAN",5,53,151,204
https://kawalpemilu.org#18037,"TANJUNG ENIM, LAWANG KIDUL, MUARA ENIM, SUMATERA SELATAN",6,58,160,218
https://kawalpemilu.org#18037,"TANJUNG ENIM, LAWANG KIDUL, MUARA ENIM, SUMATERA SELATAN",7,73,143,216
https://kawalpemilu.org#18037,"TANJUNG ENIM, LAWANG KIDUL, MUARA ENIM, SUMATERA SELATAN",8,88,136,224
https://kawalpemilu.org#18037,"TANJUNG ENIM, LAWANG KIDUL, MUARA ENIM, SUMATERA SELATAN",9,48,97,145
https://kawalpemilu.org#18037,"TANJUNG ENIM, LAWANG KIDUL, MUARA ENIM, SUMATERA SELATAN",10,67,128,195
https://kawalpemilu.org#18037,"TANJUNG ENIM, LAWANG KIDUL, MUARA ENIM, SUMATERA SELATAN",11,56,111,167
https://kawalpemilu.org#18037,"TANJUNG ENIM, LAWANG KIDUL, MUARA ENIM, SUMATERA SELATAN",12,76,119,195
https://kawalpemilu.org#18037,"TANJUNG ENIM, LAWANG KIDUL, MUARA ENIM, SUMATERA SELATAN",13,50,94,144
https://kawalpemilu.org#18037,"TANJUNG ENIM, LAWANG KIDUL, MUARA ENIM, SUMATERA SELATAN",14,52,117,169
https://kawalpemilu.org#18037,"TANJUNG ENIM, LAWANG KIDUL, MUARA ENIM, SUMATERA SELATAN",15,100,174,274
https://kawalpemilu.org#18037,"TANJUNG ENIM, LAWANG KIDUL, MUARA ENIM, SUMATERA SELATAN",16,99,135,234
https://kawalpemilu.org#18037,"TANJUNG ENIM, LAWANG KIDUL, MUARA ENIM, SUMATERA SELATAN",17,82,128,210
https://kawalpemilu.org#18037,"TANJUNG ENIM, LAWANG KIDUL, MUARA ENIM, SUMATERA SELATAN",18,94,153,247
https://kawalpemilu.org#18037,"TANJUNG ENIM, LAWANG KIDUL, MUARA ENIM, SUMATERA SELATAN",19,108,112,220
https://kawalpemilu.org#18037,"TANJUNG ENIM, LAWANG KIDUL, MUARA ENIM, SUMATERA SELATAN",20,102,151,253
https://kawalpemilu.org#18037,"TANJUNG ENIM, LAWANG KIDUL, MUARA ENIM, SUMATERA SELATAN",21,119,143,262
https://kawalpemilu.org#18037,"TANJUNG ENIM, LAWANG KIDUL, MUARA ENIM, SUMATERA SELATAN",22,67,137,204
https://kawalpemilu.org#18037,"TANJUNG ENIM, LAWANG KIDUL, MUARA ENIM, SUMATERA SELATAN",23,61,167,228
https://kawalpemilu.org#18037,"TANJUNG ENIM, LAWANG KIDUL, MUARA ENIM, SUMATERA SELATAN",24,69,162,231
https://kawalpemilu.org#18037,"TANJUNG ENIM, LAWANG KIDUL, MUARA ENIM, SUMATERA SELATAN",25,66,150,216
https://kawalpemilu.org#18037,"TANJUNG ENIM, LAWANG KIDUL, MUARA ENIM, SUMATERA SELATAN",26,69,110,179
https://kawalpemilu.org#18037,"TANJUNG ENIM, LAWANG KIDUL, MUARA ENIM, SUMATERA SELATAN",27,57,104,161
https://kawalpemilu.org#18037,"TANJUNG ENIM, LAWANG KIDUL, MUARA ENIM, SUMATERA SELATAN",28,53,135,188
https://kawalpemilu.org#18037,"TANJUNG ENIM, LAWANG KIDUL, MUARA ENIM, SUMATERA SELATAN",29,75,176,251
https://kawalpemilu.org#18037,"TANJUNG ENIM, LAWANG KIDUL, MUARA ENIM, SUMATERA SELATAN",30,90,156,246
https://kawalpemilu.org#18037,"TANJUNG ENIM, LAWANG KIDUL, MUARA ENIM, SUMATERA SELATAN",31,56,129,185
https://kawalpemilu.org#18037,"TANJUNG ENIM, LAWANG KIDUL, MUARA ENIM, SUMATERA SELATAN",32,69,76,145
https://kawalpemilu.org#18037,"TANJUNG ENIM, LAWANG KIDUL, MUARA ENIM, SUMATERA SELATAN",33,72,109,181
https://kawalpemilu.org#18037,"TANJUNG ENIM, LAWANG KIDUL, MUARA ENIM, SUMATERA SELATAN",34,64,112,176
https://kawalpemilu.org#18037,"TANJUNG ENIM, LAWANG KIDUL, MUARA ENIM, SUMATERA SELATAN",35,70,102,172
https://kawalpemilu.org#18037,"TANJUNG ENIM, LAWANG KIDUL, MUARA ENIM, SUMATERA SELATAN",36,81,99,180
https://kawalpemilu.org#18037,"TANJUNG ENIM, LAWANG KIDUL, MUARA ENIM, SUMATERA SELATAN",37,70,86,156
https://kawalpemilu.org#18037,"TANJUNG ENIM, LAWANG KIDUL, MUARA ENIM, SUMATERA SELATAN",38,43,84,127
https://kawalpemilu.org#18038,"PASAR TANJUNG ENIM, LAWANG KIDUL, MUARA ENIM, SUMATERA SELATAN",1,96,115,211
https://kawalpemilu.org#18038,"PASAR TANJUNG ENIM, LAWANG KIDUL, MUARA ENIM, SUMATERA SELATAN",2,74,152,226
https://kawalpemilu.org#18038,"PASAR TANJUNG ENIM, LAWANG KIDUL, MUARA ENIM, SUMATERA SELATAN",3,84,122,206
https://kawalpemilu.org#18038,"PASAR TANJUNG ENIM, LAWANG KIDUL, MUARA ENIM, SUMATERA SELATAN",4,123,130,253
https://kawalpemilu.org#18038,"PASAR TANJUNG ENIM, LAWANG KIDUL, MUARA ENIM, SUMATERA SELATAN",5,173,110,283
https://kawalpemilu.org#18038,"PASAR TANJUNG ENIM, LAWANG KIDUL, MUARA ENIM, SUMATERA SELATAN",6,96,137,229
https://kawalpemilu.org#18038,"PASAR TANJUNG ENIM, LAWANG KIDUL, MUARA ENIM, SUMATERA SELATAN",7,89,163,252
https://kawalpemilu.org#18038,"PASAR TANJUNG ENIM, LAWANG KIDUL, MUARA ENIM, SUMATERA SELATAN",8,94,159,253
https://kawalpemilu.org#18038,"PASAR TANJUNG ENIM, LAWANG KIDUL, MUARA ENIM, SUMATERA SELATAN",9,69,143,212
https://kawalpemilu.org#18038,"PASAR TANJUNG ENIM, LAWANG KIDUL, MUARA ENIM, SUMATERA SELATAN",10,86,115,201
https://kawalpemilu.org#18038,"PASAR TANJUNG ENIM, LAWANG KIDUL, MUARA ENIM, SUMATERA SELATAN",11,76,124,200
https://kawalpemilu.org#18038,"PASAR TANJUNG ENIM, LAWANG KIDUL, MUARA ENIM, SUMATERA SELATAN",12,110,92,202
https://kawalpemilu.org#18038,"PASAR TANJUNG ENIM, LAWANG KIDUL, MUARA ENIM, SUMATERA SELATAN",13,101,113,214
https://kawalpemilu.org#18038,"PASAR TANJUNG ENIM, LAWANG KIDUL, MUARA ENIM, SUMATERA SELATAN",14,66,104,170
https://kawalpemilu.org#18038,"PASAR TANJUNG ENIM, LAWANG KIDUL, MUARA ENIM, SUMATERA SELATAN",15,106,71,77
https://kawalpemilu.org#18038,"PASAR TANJUNG ENIM, LAWANG KIDUL, MUARA ENIM, SUMATERA SELATAN",16,89,176,265
https://kawalpemilu.org#18038,"PASAR TANJUNG ENIM, LAWANG KIDUL, MUARA ENIM, SUMATERA SELATAN",17,83,127,210
https://kawalpemilu.org#18038,"PASAR TANJUNG ENIM, LAWANG KIDUL, MUARA ENIM, SUMATERA SELATAN",18,103,127,230
https://kawalpemilu.org#18038,"PASAR TANJUNG ENIM, LAWANG KIDUL, MUARA ENIM, SUMATERA SELATAN",19,94,152,246
https://kawalpemilu.org#18038,"PASAR TANJUNG ENIM, LAWANG KIDUL, MUARA ENIM, SUMATERA SELATAN",20,149,89,238
https://kawalpemilu.org#18039,"TANJUNG E. SELATAN, LAWANG KIDUL, MUARA ENIM, SUMATERA SELATAN",1,80,110,190
https://kawalpemilu.org#18039,"TANJUNG E. SELATAN, LAWANG KIDUL, MUARA ENIM, SUMATERA SELATAN",2,59,118,177
https://kawalpemilu.org#18039,"TANJUNG E. SELATAN, LAWANG KIDUL, MUARA ENIM, SUMATERA SELATAN",3,57,120,177
https://kawalpemilu.org#18039,"TANJUNG E. SELATAN, LAWANG KIDUL, MUARA ENIM, SUMATERA SELATAN",4,63,139,202
https://kawalpemilu.org#18039,"TANJUNG E. SELATAN, LAWANG KIDUL, MUARA ENIM, SUMATERA SELATAN",5,81,139,220
https://kawalpemilu.org#18039,"TANJUNG E. SELATAN, LAWANG KIDUL, MUARA ENIM, SUMATERA SELATAN",6,89,141,230
https://kawalpemilu.org#18039,"TANJUNG E. SELATAN, LAWANG KIDUL, MUARA ENIM, SUMATERA SELATAN",7,94,124,218
https://kawalpemilu.org#18039,"TANJUNG E. SELATAN, LAWANG KIDUL, MUARA ENIM, SUMATERA SELATAN",8,104,113,217
https://kawalpemilu.org#18039,"TANJUNG E. SELATAN, LAWANG KIDUL, MUARA ENIM, SUMATERA SELATAN",9,92,131,223
https://kawalpemilu.org#18039,"TANJUNG E. SELATAN, LAWANG KIDUL, MUARA ENIM, SUMATERA SELATAN",10,122,116,238
https://kawalpemilu.org#18039,"TANJUNG E. SELATAN, LAWANG KIDUL, MUARA ENIM, SUMATERA SELATAN",11,107,119,226
https://kawalpemilu.org#18039,"TANJUNG E. SELATAN, LAWANG KIDUL, MUARA ENIM, SUMATERA SELATAN",12,99,131,230
https://kawalpemilu.org#18039,"TANJUNG E. SELATAN, LAWANG KIDUL, MUARA ENIM, SUMATERA SELATAN",14,51,130,181
https://kawalpemilu.org#18039,"TANJUNG E. SELATAN, LAWANG KIDUL, MUARA ENIM, SUMATERA SELATAN",15,68,164,232
https://kawalpemilu.org#18039,"TANJUNG E. SELATAN, LAWANG KIDUL, MUARA ENIM, SUMATERA SELATAN",16,95,131,226
https://kawalpemilu.org#18039,"TANJUNG E. SELATAN, LAWANG KIDUL, MUARA ENIM, SUMATERA SELATAN",17,81,133,214
https://kawalpemilu.org#18039,"TANJUNG E. SELATAN, LAWANG KIDUL, MUARA ENIM, SUMATERA SELATAN",18,77,134,211
https://kawalpemilu.org#18039,"TANJUNG E. SELATAN, LAWANG KIDUL, MUARA ENIM, SUMATERA SELATAN",19,58,138,196
https://kawalpemilu.org#18039,"TANJUNG E. SELATAN, LAWANG KIDUL, MUARA ENIM, SUMATERA SELATAN",20,64,129,193
https://kawalpemilu.org#18039,"TANJUNG E. SELATAN, LAWANG KIDUL, MUARA ENIM, SUMATERA SELATAN",23,65,159,224
https://kawalpemilu.org#18040,"TEGAL REJO, LAWANG KIDUL, MUARA ENIM, SUMATERA SELATAN",1,87,150,237
https://kawalpemilu.org#18040,"TEGAL REJO, LAWANG KIDUL, MUARA ENIM, SUMATERA SELATAN",2,106,124,230
https://kawalpemilu.org#18040,"TEGAL REJO, LAWANG KIDUL, MUARA ENIM, SUMATERA SELATAN",3,89,163,252
https://kawalpemilu.org#18040,"TEGAL REJO, LAWANG KIDUL, MUARA ENIM, SUMATERA SELATAN",4,92,124,124
https://kawalpemilu.org#18040,"TEGAL REJO, LAWANG KIDUL, MUARA ENIM, SUMATERA SELATAN",5,103,141,244
https://kawalpemilu.org#18040,"TEGAL REJO, LAWANG KIDUL, MUARA ENIM, SUMATERA SELATAN",6,105,127,232
https://kawalpemilu.org#18040,"TEGAL REJO, LAWANG KIDUL, MUARA ENIM, SUMATERA SELATAN",7,102,137,239
https://kawalpemilu.org#18040,"TEGAL REJO, LAWANG KIDUL, MUARA ENIM, SUMATERA SELATAN",8,94,139,233
https://kawalpemilu.org#18040,"TEGAL REJO, LAWANG KIDUL, MUARA ENIM, SUMATERA SELATAN",9,114,124,238
https://kawalpemilu.org#18040,"TEGAL REJO, LAWANG KIDUL, MUARA ENIM, SUMATERA SELATAN",10,67,130,197
https://kawalpemilu.org#18040,"TEGAL REJO, LAWANG KIDUL, MUARA ENIM, SUMATERA SELATAN",11,79,159,238
https://kawalpemilu.org#18040,"TEGAL REJO, LAWANG KIDUL, MUARA ENIM, SUMATERA SELATAN",12,104,135,239
https://kawalpemilu.org#18040,"TEGAL REJO, LAWANG KIDUL, MUARA ENIM, SUMATERA SELATAN",13,115,144,259
https://kawalpemilu.org#18040,"TEGAL REJO, LAWANG KIDUL, MUARA ENIM, SUMATERA SELATAN",14,103,149,252
https://kawalpemilu.org#18040,"TEGAL REJO, LAWANG KIDUL, MUARA ENIM, SUMATERA SELATAN",15,120,90,210
https://kawalpemilu.org#18040,"TEGAL REJO, LAWANG KIDUL, MUARA ENIM, SUMATERA SELATAN",16,112,121,233
https://kawalpemilu.org#18040,"TEGAL REJO, LAWANG KIDUL, MUARA ENIM, SUMATERA SELATAN",17,98,145,243
https://kawalpemilu.org#18040,"TEGAL REJO, LAWANG KIDUL, MUARA ENIM, SUMATERA SELATAN",18,106,121,227
https://kawalpemilu.org#18040,"TEGAL REJO, LAWANG KIDUL, MUARA ENIM, SUMATERA SELATAN",19,114,122,236
https://kawalpemilu.org#18040,"TEGAL REJO, LAWANG KIDUL, MUARA ENIM, SUMATERA SELATAN",20,85,118,203
https://kawalpemilu.org#18040,"TEGAL REJO, LAWANG KIDUL, MUARA ENIM, SUMATERA SELATAN",21,110,122,232
https://kawalpemilu.org#18040,"TEGAL REJO, LAWANG KIDUL, MUARA ENIM, SUMATERA SELATAN",22,119,118,237
https://kawalpemilu.org#18040,"TEGAL REJO, LAWANG KIDUL, MUARA ENIM, SUMATERA SELATAN",23,120,136,256
https://kawalpemilu.org#18040,"TEGAL REJO, LAWANG KIDUL, MUARA ENIM, SUMATERA SELATAN",24,86,134,220
https://kawalpemilu.org#18040,"TEGAL REJO, LAWANG KIDUL, MUARA ENIM, SUMATERA SELATAN",25,93,151,244
https://kawalpemilu.org#18040,"TEGAL REJO, LAWANG KIDUL, MUARA ENIM, SUMATERA SELATAN",26,134,129,263
https://kawalpemilu.org#18040,"TEGAL REJO, LAWANG KIDUL, MUARA ENIM, SUMATERA SELATAN",27,85,138,223
https://kawalpemilu.org#18040,"TEGAL REJO, LAWANG KIDUL, MUARA ENIM, SUMATERA SELATAN",28,94,138,232
https://kawalpemilu.org#18040,"TEGAL REJO, LAWANG KIDUL, MUARA ENIM, SUMATERA SELATAN",29,73,119,192
https://kawalpemilu.org#18040,"TEGAL REJO, LAWANG KIDUL, MUARA ENIM, SUMATERA SELATAN",30,45,129,174
https://kawalpemilu.org#18040,"TEGAL REJO, LAWANG KIDUL, MUARA ENIM, SUMATERA SELATAN",31,61,170,231
https://kawalpemilu.org#18040,"TEGAL REJO, LAWANG KIDUL, MUARA ENIM, SUMATERA SELATAN",32,93,140,233
https://kawalpemilu.org#18040,"TEGAL REJO, LAWANG KIDUL, MUARA ENIM, SUMATERA SELATAN",33,70,144,214
https://kawalpemilu.org#18040,"TEGAL REJO, LAWANG KIDUL, MUARA ENIM, SUMATERA SELATAN",34,109,132,241
https://kawalpemilu.org#18040,"TEGAL REJO, LAWANG KIDUL, MUARA ENIM, SUMATERA SELATAN",35,76,162,238
https://kawalpemilu.org#18040,"TEGAL REJO, LAWANG KIDUL, MUARA ENIM, SUMATERA SELATAN",36,77,161,244
https://kawalpemilu.org#18040,"TEGAL REJO, LAWANG KIDUL, MUARA ENIM, SUMATERA SELATAN",37,92,121,213
https://kawalpemilu.org#18041,"LINGGA, LAWANG KIDUL, MUARA ENIM, SUMATERA SELATAN",1,81,116,197
https://kawalpemilu.org#18041,"LINGGA, LAWANG KIDUL, MUARA ENIM, SUMATERA SELATAN",2,65,130,195
https://kawalpemilu.org#18041,"LINGGA, LAWANG KIDUL, MUARA ENIM, SUMATERA SELATAN",3,133,79,212
https://kawalpemilu.org#18041,"LINGGA, LAWANG KIDUL, MUARA ENIM, SUMATERA SELATAN",4,94,111,205
https://kawalpemilu.org#18041,"LINGGA, LAWANG KIDUL, MUARA ENIM, SUMATERA SELATAN",5,58,153,211
https://kawalpemilu.org#18041,"LINGGA, LAWANG KIDUL, MUARA ENIM, SUMATERA SELATAN",6,55,206,261
https://kawalpemilu.org#18041,"LINGGA, LAWANG KIDUL, MUARA ENIM, SUMATERA SELATAN",7,79,134,213
https://kawalpemilu.org#18041,"LINGGA, LAWANG KIDUL, MUARA ENIM, SUMATERA SELATAN",8,67,151,218
https://kawalpemilu.org#18041,"LINGGA, LAWANG KIDUL, MUARA ENIM, SUMATERA SELATAN",9,77,148,225
https://kawalpemilu.org#18041,"LINGGA, LAWANG KIDUL, MUARA ENIM, SUMATERA SELATAN",10,51,172,223
https://kawalpemilu.org#18041,"LINGGA, LAWANG KIDUL, MUARA ENIM, SUMATERA SELATAN",11,78,204,282
https://kawalpemilu.org#18041,"LINGGA, LAWANG KIDUL, MUARA ENIM, SUMATERA SELATAN",12,72,149,221
https://kawalpemilu.org#18041,"LINGGA, LAWANG KIDUL, MUARA ENIM, SUMATERA SELATAN",13,124,123,247
https://kawalpemilu.org#18041,"LINGGA, LAWANG KIDUL, MUARA ENIM, SUMATERA SELATAN",14,116,155,271
https://kawalpemilu.org#18041,"LINGGA, LAWANG KIDUL, MUARA ENIM, SUMATERA SELATAN",15,92,181,273
https://kawalpemilu.org#18041,"LINGGA, LAWANG KIDUL, MUARA ENIM, SUMATERA SELATAN",16,81,154,235
https://kawalpemilu.org#18041,"LINGGA, LAWANG KIDUL, MUARA ENIM, SUMATERA SELATAN",17,99,152,251
https://kawalpemilu.org#18041,"LINGGA, LAWANG KIDUL, MUARA ENIM, SUMATERA SELATAN",18,80,137,217
https://kawalpemilu.org#18041,"LINGGA, LAWANG KIDUL, MUARA ENIM, SUMATERA SELATAN",19,85,147,232
https://kawalpemilu.org#18041,"LINGGA, LAWANG KIDUL, MUARA ENIM, SUMATERA SELATAN",20,64,127,191
https://kawalpemilu.org#18042,"KEBAN AGUNG, LAWANG KIDUL, MUARA ENIM, SUMATERA SELATAN",1,61,167,228
https://kawalpemilu.org#18042,"KEBAN AGUNG, LAWANG KIDUL, MUARA ENIM, SUMATERA SELATAN",2,59,182,241
https://kawalpemilu.org#18042,"KEBAN AGUNG, LAWANG KIDUL, MUARA ENIM, SUMATERA SELATAN",3,71,150,221
https://kawalpemilu.org#18042,"KEBAN AGUNG, LAWANG KIDUL, MUARA ENIM, SUMATERA SELATAN",4,68,134,202
https://kawalpemilu.org#18042,"KEBAN AGUNG, LAWANG KIDUL, MUARA ENIM, SUMATERA SELATAN",5,68,149,217
https://kawalpemilu.org#18042,"KEBAN AGUNG, LAWANG KIDUL, MUARA ENIM, SUMATERA SELATAN",6,85,187,272
https://kawalpemilu.org#18042,"KEBAN AGUNG, LAWANG KIDUL, MUARA ENIM, SUMATERA SELATAN",7,146,90,236
https://kawalpemilu.org#18042,"KEBAN AGUNG, LAWANG KIDUL, MUARA ENIM, SUMATERA SELATAN",9,87,166,253
https://kawalpemilu.org#18042,"KEBAN AGUNG, LAWANG KIDUL, MUARA ENIM, SUMATERA SELATAN",10,87,164,251
https://kawalpemilu.org#18042,"KEBAN AGUNG, LAWANG KIDUL, MUARA ENIM, SUMATERA SELATAN",11,76,152,228
https://kawalpemilu.org#18042,"KEBAN AGUNG, LAWANG KIDUL, MUARA ENIM, SUMATERA SELATAN",12,65,167,232
https://kawalpemilu.org#18042,"KEBAN AGUNG, LAWANG KIDUL, MUARA ENIM, SUMATERA SELATAN",13,67,183,250
https://kawalpemilu.org#18042,"KEBAN AGUNG, LAWANG KIDUL, MUARA ENIM, SUMATERA SELATAN",14,83,195,278
https://kawalpemilu.org#18042,"KEBAN AGUNG, LAWANG KIDUL, MUARA ENIM, SUMATERA SELATAN",15,55,157,212
https://kawalpemilu.org#18042,"KEBAN AGUNG, LAWANG KIDUL, MUARA ENIM, SUMATERA SELATAN",16,43,204,247
https://kawalpemilu.org#18042,"KEBAN AGUNG, LAWANG KIDUL, MUARA ENIM, SUMATERA SELATAN",17,65,179,244
https://kawalpemilu.org#18042,"KEBAN AGUNG, LAWANG KIDUL, MUARA ENIM, SUMATERA SELATAN",18,84,178,262
https://kawalpemilu.org#18042,"KEBAN AGUNG, LAWANG KIDUL, MUARA ENIM, SUMATERA SELATAN",19,85,151,236
https://kawalpemilu.org#18042,"KEBAN AGUNG, LAWANG KIDUL, MUARA ENIM, SUMATERA SELATAN",20,55,175,230
https://kawalpemilu.org#18042,"KEBAN AGUNG, LAWANG KIDUL, MUARA ENIM, SUMATERA SELATAN",21,105,191,296
https://kawalpemilu.org#18042,"KEBAN AGUNG, LAWANG KIDUL, MUARA ENIM, SUMATERA SELATAN",22,78,189,267
https://kawalpemilu.org#18042,"KEBAN AGUNG, LAWANG KIDUL, MUARA ENIM, SUMATERA SELATAN",23,117,119,236
https://kawalpemilu.org#18042,"KEBAN AGUNG, LAWANG KIDUL, MUARA ENIM, SUMATERA SELATAN",24,118,121,239
https://kawalpemilu.org#18042,"KEBAN AGUNG, LAWANG KIDUL, MUARA ENIM, SUMATERA SELATAN",25,104,123,227
https://kawalpemilu.org#18042,"KEBAN AGUNG, LAWANG KIDUL, MUARA ENIM, SUMATERA SELATAN",26,120,98,218
https://kawalpemilu.org#18042,"KEBAN AGUNG, LAWANG KIDUL, MUARA ENIM, SUMATERA SELATAN",27,91,130,221
https://kawalpemilu.org#18043,"DARMO, LAWANG KIDUL, MUARA ENIM, SUMATERA SELATAN",1,95,148,243
https://kawalpemilu.org#18043,"DARMO, LAWANG KIDUL, MUARA ENIM, SUMATERA SELATAN",2,76,164,240
https://kawalpemilu.org#18043,"DARMO, LAWANG KIDUL, MUARA ENIM, SUMATERA SELATAN",3,63,154,217
https://kawalpemilu.org#18043,"DARMO, LAWANG KIDUL, MUARA ENIM, SUMATERA SELATAN",4,59,137,196
https://kawalpemilu.org#18043,"DARMO, LAWANG KIDUL, MUARA ENIM, SUMATERA SELATAN",5,53,119,172
https://kawalpemilu.org#18043,"DARMO, LAWANG KIDUL, MUARA ENIM, SUMATERA SELATAN",6,57,117,164
https://kawalpemilu.org#18043,"DARMO, LAWANG KIDUL, MUARA ENIM, SUMATERA SELATAN",7,55,110,165
https://kawalpemilu.org#18043,"DARMO, LAWANG KIDUL, MUARA ENIM, SUMATERA SELATAN",8,64,113,177
https://kawalpemilu.org#18043,"DARMO, LAWANG KIDUL, MUARA ENIM, SUMATERA SELATAN",9,78,84,162
https://kawalpemilu.org#18043,"DARMO, LAWANG KIDUL, MUARA ENIM, SUMATERA SELATAN",10,86,87,173
https://kawalpemilu.org#18043,"DARMO, LAWANG KIDUL, MUARA ENIM, SUMATERA SELATAN",11,79,132,211
https://kawalpemilu.org#18043,"DARMO, LAWANG KIDUL, MUARA ENIM, SUMATERA SELATAN",12,86,119,205
https://kawalpemilu.org#18045,"PENINDAIAN, SEMENDE DARAT LAUT, MUARA ENIM, SUMATERA SELATAN",1,45,247,292
https://kawalpemilu.org#18045,"PENINDAIAN, SEMENDE DARAT LAUT, MUARA ENIM, SUMATERA SELATAN",2,30,144,174
https://kawalpemilu.org#18045,"PENINDAIAN, SEMENDE DARAT LAUT, MUARA ENIM, SUMATERA SELATAN",3,29,104,133
https://kawalpemilu.org#18046,"BABATAN, SEMENDE DARAT LAUT, MUARA ENIM, SUMATERA SELATAN",1,32,225,257
https://kawalpemilu.org#18046,"BABATAN, SEMENDE DARAT LAUT, MUARA ENIM, SUMATERA SELATAN",2,26,204,230
https://kawalpemilu.org#18046,"BABATAN, SEMENDE DARAT LAUT, MUARA ENIM, SUMATERA SELATAN",3,27,112,139
https://kawalpemilu.org#18046,"BABATAN, SEMENDE DARAT LAUT, MUARA ENIM, SUMATERA SELATAN",4,100,181,281
https://kawalpemilu.org#18046,"BABATAN, SEMENDE DARAT LAUT, MUARA ENIM, SUMATERA SELATAN",5,56,161,217
https://kawalpemilu.org#18046,"BABATAN, SEMENDE DARAT LAUT, MUARA ENIM, SUMATERA SELATAN",6,133,32,165
https://kawalpemilu.org#18046,"BABATAN, SEMENDE DARAT LAUT, MUARA ENIM, SUMATERA SELATAN",7,187,20,207
https://kawalpemilu.org#18048,"MUARA DANAU, SEMENDE DARAT LAUT, MUARA ENIM, SUMATERA SELATAN",1,53,141,194
https://kawalpemilu.org#18048,"MUARA DANAU, SEMENDE DARAT LAUT, MUARA ENIM, SUMATERA SELATAN",2,28,151,179
https://kawalpemilu.org#18048,"MUARA DANAU, SEMENDE DARAT LAUT, MUARA ENIM, SUMATERA SELATAN",3,51,127,178
https://kawalpemilu.org#18049,"PENYANDINGAN, SEMENDE DARAT LAUT, MUARA ENIM, SUMATERA SELATAN",1,24,150,174
https://kawalpemilu.org#18049,"PENYANDINGAN, SEMENDE DARAT LAUT, MUARA ENIM, SUMATERA SELATAN",2,22,147,169
https://kawalpemilu.org#18049,"PENYANDINGAN, SEMENDE DARAT LAUT, MUARA ENIM, SUMATERA SELATAN",3,38,154,192
https://kawalpemilu.org#18049,"PENYANDINGAN, SEMENDE DARAT LAUT, MUARA ENIM, SUMATERA SELATAN",4,22,173,195
https://kawalpemilu.org#18050,"TANAH ABANG, SEMENDE DARAT LAUT, MUARA ENIM, SUMATERA SELATAN",1,20,174,194
https://kawalpemilu.org#18050,"TANAH ABANG, SEMENDE DARAT LAUT, MUARA ENIM, SUMATERA SELATAN",2,29,168,197
https://kawalpemilu.org#18050,"TANAH ABANG, SEMENDE DARAT LAUT, MUARA ENIM, SUMATERA SELATAN",3,47,152,199
https://kawalpemilu.org#18050,"TANAH ABANG, SEMENDE DARAT LAUT, MUARA ENIM, SUMATERA SELATAN",4,47,153,200
https://kawalpemilu.org#18051,"PAGAR AGUNG, SEMENDE DARAT LAUT, MUARA ENIM, SUMATERA SELATAN",1,50,119,169
https://kawalpemilu.org#18051,"PAGAR AGUNG, SEMENDE DARAT LAUT, MUARA ENIM, SUMATERA SELATAN",2,37,107,144
https://kawalpemilu.org#18051,"PAGAR AGUNG, SEMENDE DARAT LAUT, MUARA ENIM, SUMATERA SELATAN",3,38,115,153
https://kawalpemilu.org#18052,"PULAU PANGGUNG, SEMENDE DARAT LAUT, MUARA ENIM, SUMATERA SELATAN",1,52,184,236
https://kawalpemilu.org#18052,"PULAU PANGGUNG, SEMENDE DARAT LAUT, MUARA ENIM, SUMATERA SELATAN",2,46,184,230
https://kawalpemilu.org#18052,"PULAU PANGGUNG, SEMENDE DARAT LAUT, MUARA ENIM, SUMATERA SELATAN",3,33,186,219
https://kawalpemilu.org#18052,"PULAU PANGGUNG, SEMENDE DARAT LAUT, MUARA ENIM, SUMATERA SELATAN",4,49,175,224
https://kawalpemilu.org#18052,"PULAU PANGGUNG, SEMENDE DARAT LAUT, MUARA ENIM, SUMATERA SELATAN",5,51,187,238
https://kawalpemilu.org#18052,"PULAU PANGGUNG, SEMENDE DARAT LAUT, MUARA ENIM, SUMATERA SELATAN",6,42,202,244
https://kawalpemilu.org#18052,"PULAU PANGGUNG, SEMENDE DARAT LAUT, MUARA ENIM, SUMATERA SELATAN",7,36,189,225
https://kawalpemilu.org#18052,"PULAU PANGGUNG, SEMENDE DARAT LAUT, MUARA ENIM, SUMATERA SELATAN",8,46,184,230
https://kawalpemilu.org#18052,"PULAU PANGGUNG, SEMENDE DARAT LAUT, MUARA ENIM, SUMATERA SELATAN",9,60,156,216
https://kawalpemilu.org#18052,"PULAU PANGGUNG, SEMENDE DARAT LAUT, MUARA ENIM, SUMATERA SELATAN",10,119,115,234
https://kawalpemilu.org#18053,"KARYA NYATA, SEMENDE DARAT LAUT, MUARA ENIM, SUMATERA SELATAN",1,51,147,198
https://kawalpemilu.org#18053,"KARYA NYATA, SEMENDE DARAT LAUT, MUARA ENIM, SUMATERA SELATAN",2,68,140,208
https://kawalpemilu.org#18053,"KARYA NYATA, SEMENDE DARAT LAUT, MUARA ENIM, SUMATERA SELATAN",3,75,129,204
https://kawalpemilu.org#18054,"PERAPAU, SEMENDE DARAT LAUT, MUARA ENIM, SUMATERA SELATAN",1,17,139,156
https://kawalpemilu.org#18054,"PERAPAU, SEMENDE DARAT LAUT, MUARA ENIM, SUMATERA SELATAN",2,13,148,161
https://kawalpemilu.org#18103,"MUARA DUA, SEMENDE DARAT LAUT, MUARA ENIM, SUMATERA SELATAN",1,44,154,198
https://kawalpemilu.org#18103,"MUARA DUA, SEMENDE DARAT LAUT, MUARA ENIM, SUMATERA SELATAN",2,49,162,211
https://kawalpemilu.org#18103,"MUARA DUA, SEMENDE DARAT LAUT, MUARA ENIM, SUMATERA SELATAN",3,48,143,191
https://kawalpemilu.org#18103,"MUARA DUA, SEMENDE DARAT LAUT, MUARA ENIM, SUMATERA SELATAN",4,55,161,216
https://kawalpemilu.org#18056,"TENAM BUNGKUK, SEMENDE DARAT TENGAH, MUARA ENIM, SUMATERA SELATAN",1,20,127,147
https://kawalpemilu.org#18056,"TENAM BUNGKUK, SEMENDE DARAT TENGAH, MUARA ENIM, SUMATERA SELATAN",2,19,105,124
https://kawalpemilu.org#18056,"TENAM BUNGKUK, SEMENDE DARAT TENGAH, MUARA ENIM, SUMATERA SELATAN",3,24,134,158
https://kawalpemilu.org#18056,"TENAM BUNGKUK, SEMENDE DARAT TENGAH, MUARA ENIM, SUMATERA SELATAN",4,22,130,152
https://kawalpemilu.org#18057,"KOTA PADANG, SEMENDE DARAT TENGAH, MUARA ENIM, SUMATERA SELATAN",1,22,143,165
https://kawalpemilu.org#18057,"KOTA PADANG, SEMENDE DARAT TENGAH, MUARA ENIM, SUMATERA SELATAN",2,48,127,175
https://kawalpemilu.org#18058,"GUNUNG AGUNG, SEMENDE DARAT TENGAH, MUARA ENIM, SUMATERA SELATAN",1,88,94,182
https://kawalpemilu.org#18058,"GUNUNG AGUNG, SEMENDE DARAT TENGAH, MUARA ENIM, SUMATERA SELATAN",2,49,130,179
https://kawalpemilu.org#18058,"GUNUNG AGUNG, SEMENDE DARAT TENGAH, MUARA ENIM, SUMATERA SELATAN",3,55,134,189
https://kawalpemilu.org#18058,"GUNUNG AGUNG, SEMENDE DARAT TENGAH, MUARA ENIM, SUMATERA SELATAN",4,45,145,190
https://kawalpemilu.org#18058,"GUNUNG AGUNG, SEMENDE DARAT TENGAH, MUARA ENIM, SUMATERA SELATAN",5,33,88,121
https://kawalpemilu.org#18059,"SERI TANJUNG, SEMENDE DARAT TENGAH, MUARA ENIM, SUMATERA SELATAN",1,26,86,112
https://kawalpemilu.org#18059,"SERI TANJUNG, SEMENDE DARAT TENGAH, MUARA ENIM, SUMATERA SELATAN",2,14,96,110
https://kawalpemilu.org#18060,"TEBING ABANG, SEMENDE DARAT TENGAH, MUARA ENIM, SUMATERA SELATAN",1,56,189,245
https://kawalpemilu.org#18060,"TEBING ABANG, SEMENDE DARAT TENGAH, MUARA ENIM, SUMATERA SELATAN",2,30,162,192
https://kawalpemilu.org#18061,"BATU SURAU, SEMENDE DARAT TENGAH, MUARA ENIM, SUMATERA SELATAN",1,22,145,167
https://kawalpemilu.org#18061,"BATU SURAU, SEMENDE DARAT TENGAH, MUARA ENIM, SUMATERA SELATAN",2,13,143,156
https://kawalpemilu.org#18062,"TANJUNG RAYA, SEMENDE DARAT TENGAH, MUARA ENIM, SUMATERA SELATAN",1,25,135,160
https://kawalpemilu.org#18062,"TANJUNG RAYA, SEMENDE DARAT TENGAH, MUARA ENIM, SUMATERA SELATAN",2,29,139,168
https://kawalpemilu.org#18062,"TANJUNG RAYA, SEMENDE DARAT TENGAH, MUARA ENIM, SUMATERA SELATAN",3,21,133,154
https://kawalpemilu.org#18062,"TANJUNG RAYA, SEMENDE DARAT TENGAH, MUARA ENIM, SUMATERA SELATAN",4,19,150,169
https://kawalpemilu.org#18063,"MUARA TENANG, SEMENDE DARAT TENGAH, MUARA ENIM, SUMATERA SELATAN",1,21,169,190
https://kawalpemilu.org#18063,"MUARA TENANG, SEMENDE DARAT TENGAH, MUARA ENIM, SUMATERA SELATAN",2,14,176,190
https://kawalpemilu.org#18063,"MUARA TENANG, SEMENDE DARAT TENGAH, MUARA ENIM, SUMATERA SELATAN",3,10,93,103
https://kawalpemilu.org#18064,"REKIMAI JAYA, SEMENDE DARAT TENGAH, MUARA ENIM, SUMATERA SELATAN",1,28,169,197
https://kawalpemilu.org#18064,"REKIMAI JAYA, SEMENDE DARAT TENGAH, MUARA ENIM, SUMATERA SELATAN",2,28,184,212
https://kawalpemilu.org#18064,"REKIMAI JAYA, SEMENDE DARAT TENGAH, MUARA ENIM, SUMATERA SELATAN",3,27,176,203
https://kawalpemilu.org#18065,"PALAK TANAH, SEMENDE DARAT TENGAH, MUARA ENIM, SUMATERA SELATAN",1,25,198,223
https://kawalpemilu.org#18065,"PALAK TANAH, SEMENDE DARAT TENGAH, MUARA ENIM, SUMATERA SELATAN",2,22,180,202
https://kawalpemilu.org#18065,"PALAK TANAH, SEMENDE DARAT TENGAH, MUARA ENIM, SUMATERA SELATAN",3,26,188,214
https://kawalpemilu.org#18066,"KOTA AGUNG, SEMENDE DARAT TENGAH, MUARA ENIM, SUMATERA SELATAN",1,25,163,188
https://kawalpemilu.org#18066,"KOTA AGUNG, SEMENDE DARAT TENGAH, MUARA ENIM, SUMATERA SELATAN",2,26,169,195
https://kawalpemilu.org#18066,"KOTA AGUNG, SEMENDE DARAT TENGAH, MUARA ENIM, SUMATERA SELATAN",3,34,160,194
https://kawalpemilu.org#91896,"SWARNA DWIPA, SEMENDE DARAT TENGAH, MUARA ENIM, SUMATERA SELATAN",1,25,134,159
https://kawalpemilu.org#91896,"SWARNA DWIPA, SEMENDE DARAT TENGAH, MUARA ENIM, SUMATERA SELATAN",2,28,192,220
https://kawalpemilu.org#18069,"TANJUNG TIGA, SEMENDE DARAT ULU, MUARA ENIM, SUMATERA SELATAN",1,19,193,212
https://kawalpemilu.org#18069,"TANJUNG TIGA, SEMENDE DARAT ULU, MUARA ENIM, SUMATERA SELATAN",2,14,194,208
https://kawalpemilu.org#18069,"TANJUNG TIGA, SEMENDE DARAT ULU, MUARA ENIM, SUMATERA SELATAN",3,7,197,204
https://kawalpemilu.org#18069,"TANJUNG TIGA, SEMENDE DARAT ULU, MUARA ENIM, SUMATERA SELATAN",4,5,189,194
https://kawalpemilu.org#18070,"CAHAYA ALAM, SEMENDE DARAT ULU, MUARA ENIM, SUMATERA SELATAN",1,18,161,179
https://kawalpemilu.org#18070,"CAHAYA ALAM, SEMENDE DARAT ULU, MUARA ENIM, SUMATERA SELATAN",2,16,145,161
https://kawalpemilu.org#18070,"CAHAYA ALAM, SEMENDE DARAT ULU, MUARA ENIM, SUMATERA SELATAN",3,16,153,169
https://kawalpemilu.org#18070,"CAHAYA ALAM, SEMENDE DARAT ULU, MUARA ENIM, SUMATERA SELATAN",4,15,137,152
https://kawalpemilu.org#18070,"CAHAYA ALAM, SEMENDE DARAT ULU, MUARA ENIM, SUMATERA SELATAN",5,15,187,202
https://kawalpemilu.org#18070,"CAHAYA ALAM, SEMENDE DARAT ULU, MUARA ENIM, SUMATERA SELATAN",6,20,174,194
https://kawalpemilu.org#18070,"CAHAYA ALAM, SEMENDE DARAT ULU, MUARA ENIM, SUMATERA SELATAN",7,7,64,71
https://kawalpemilu.org#18071,"DATAR LEBAR, SEMENDE DARAT ULU, MUARA ENIM, SUMATERA SELATAN",1,37,152,189
https://kawalpemilu.org#18071,"DATAR LEBAR, SEMENDE DARAT ULU, MUARA ENIM, SUMATERA SELATAN",2,36,155,191
https://kawalpemilu.org#18071,"DATAR LEBAR, SEMENDE DARAT ULU, MUARA ENIM, SUMATERA SELATAN",3,50,145,195
https://kawalpemilu.org#18072,"SEGAMIT, SEMENDE DARAT ULU, MUARA ENIM, SUMATERA SELATAN",1,13,198,211
https://kawalpemilu.org#18072,"SEGAMIT, SEMENDE DARAT ULU, MUARA ENIM, SUMATERA SELATAN",2,15,216,231
https://kawalpemilu.org#18072,"SEGAMIT, SEMENDE DARAT ULU, MUARA ENIM, SUMATERA SELATAN",3,14,220,234
https://kawalpemilu.org#18072,"SEGAMIT, SEMENDE DARAT ULU, MUARA ENIM, SUMATERA SELATAN",4,33,178,211
https://kawalpemilu.org#18072,"SEGAMIT, SEMENDE DARAT ULU, MUARA ENIM, SUMATERA SELATAN",5,22,199,221
https://kawalpemilu.org#18072,"SEGAMIT, SEMENDE DARAT ULU, MUARA ENIM, SUMATERA SELATAN",6,45,154,199
https://kawalpemilu.org#18072,"SEGAMIT, SEMENDE DARAT ULU, MUARA ENIM, SUMATERA SELATAN",7,64,168,232
https://kawalpemilu.org#18072,"SEGAMIT, SEMENDE DARAT ULU, MUARA ENIM, SUMATERA SELATAN",8,14,182,196
https://kawalpemilu.org#18072,"SEGAMIT, SEMENDE DARAT ULU, MUARA ENIM, SUMATERA SELATAN",9,20,176,196
https://kawalpemilu.org#18073,"SIRING AGUNG, SEMENDE DARAT ULU, MUARA ENIM, SUMATERA SELATAN",1,49,106,155
https://kawalpemilu.org#18073,"SIRING AGUNG, SEMENDE DARAT ULU, MUARA ENIM, SUMATERA SELATAN",2,43,105,148
https://kawalpemilu.org#18074,"AREMANTAI, SEMENDE DARAT ULU, MUARA ENIM, SUMATERA SELATAN",1,19,179,198
https://kawalpemilu.org#18074,"AREMANTAI, SEMENDE DARAT ULU, MUARA ENIM, SUMATERA SELATAN",2,13,180,193
https://kawalpemilu.org#18074,"AREMANTAI, SEMENDE DARAT ULU, MUARA ENIM, SUMATERA SELATAN",3,21,174,195
https://kawalpemilu.org#18074,"AREMANTAI, SEMENDE DARAT ULU, MUARA ENIM, SUMATERA SELATAN",4,8,177,185
https://kawalpemilu.org#18074,"AREMANTAI, SEMENDE DARAT ULU, MUARA ENIM, SUMATERA SELATAN",5,11,212,223
https://kawalpemilu.org#18074,"AREMANTAI, SEMENDE DARAT ULU, MUARA ENIM, SUMATERA SELATAN",6,17,206,223
https://kawalpemilu.org#18074,"AREMANTAI, SEMENDE DARAT ULU, MUARA ENIM, SUMATERA SELATAN",7,23,206,229
https://kawalpemilu.org#18075,"TANJUNG AGUNG, SEMENDE DARAT ULU, MUARA ENIM, SUMATERA SELATAN",1,20,190,210
https://kawalpemilu.org#18075,"TANJUNG AGUNG, SEMENDE DARAT ULU, MUARA ENIM, SUMATERA SELATAN",2,51,168,219
https://kawalpemilu.org#18075,"TANJUNG AGUNG, SEMENDE DARAT ULU, MUARA ENIM, SUMATERA SELATAN",3,6,270,276
https://kawalpemilu.org#18075,"TANJUNG AGUNG, SEMENDE DARAT ULU, MUARA ENIM, SUMATERA SELATAN",4,18,160,178
https://kawalpemilu.org#18076,"PAJAR BULAN, SEMENDE DARAT ULU, MUARA ENIM, SUMATERA SELATAN",1,20,215,235
https://kawalpemilu.org#18076,"PAJAR BULAN, SEMENDE DARAT ULU, MUARA ENIM, SUMATERA SELATAN",2,20,207,227
https://kawalpemilu.org#18076,"PAJAR BULAN, SEMENDE DARAT ULU, MUARA ENIM, SUMATERA SELATAN",3,24,218,242
https://kawalpemilu.org#18076,"PAJAR BULAN, SEMENDE DARAT ULU, MUARA ENIM, SUMATERA SELATAN",4,22,177,199
https://kawalpemilu.org#18076,"PAJAR BULAN, SEMENDE DARAT ULU, MUARA ENIM, SUMATERA SELATAN",5,16,191,207
https://kawalpemilu.org#18076,"PAJAR BULAN, SEMENDE DARAT ULU, MUARA ENIM, SUMATERA SELATAN",6,30,186,216
https://kawalpemilu.org#18076,"PAJAR BULAN, SEMENDE DARAT ULU, MUARA ENIM, SUMATERA SELATAN",7,13,205,218
https://kawalpemilu.org#91897,"DANAU GERAK, SEMENDE DARAT ULU, MUARA ENIM, SUMATERA SELATAN",1,24,134,158
https://kawalpemilu.org#91897,"DANAU GERAK, SEMENDE DARAT ULU, MUARA ENIM, SUMATERA SELATAN",2,26,153,179
https://kawalpemilu.org#91897,"DANAU GERAK, SEMENDE DARAT ULU, MUARA ENIM, SUMATERA SELATAN",3,10,156,166
https://kawalpemilu.org#91898,"PALAKAT, SEMENDE DARAT ULU, MUARA ENIM, SUMATERA SELATAN",1,12,216,228
https://kawalpemilu.org#91898,"PALAKAT, SEMENDE DARAT ULU, MUARA ENIM, SUMATERA SELATAN",2,23,197,220
https://kawalpemilu.org#18080,"PINANG BELARIK, UJAN MAS, MUARA ENIM, SUMATERA SELATAN",1,121,113,234
https://kawalpemilu.org#18080,"PINANG BELARIK, UJAN MAS, MUARA ENIM, SUMATERA SELATAN",2,112,112,224
https://kawalpemilu.org#18080,"PINANG BELARIK, UJAN MAS, MUARA ENIM, SUMATERA SELATAN",3,122,82,204
https://kawalpemilu.org#18080,"PINANG BELARIK, UJAN MAS, MUARA ENIM, SUMATERA SELATAN",4,125,74,199
https://kawalpemilu.org#18080,"PINANG BELARIK, UJAN MAS, MUARA ENIM, SUMATERA SELATAN",5,88,153,241
https://kawalpemilu.org#18080,"PINANG BELARIK, UJAN MAS, MUARA ENIM, SUMATERA SELATAN",6,86,154,240
https://kawalpemilu.org#18080,"PINANG BELARIK, UJAN MAS, MUARA ENIM, SUMATERA SELATAN",7,169,59,228
https://kawalpemilu.org#18081,"UJAN MAS LAMA, UJAN MAS, MUARA ENIM, SUMATERA SELATAN",1,72,107,179
https://kawalpemilu.org#18081,"UJAN MAS LAMA, UJAN MAS, MUARA ENIM, SUMATERA SELATAN",2,125,115,240
https://kawalpemilu.org#18081,"UJAN MAS LAMA, UJAN MAS, MUARA ENIM, SUMATERA SELATAN",3,104,136,240
https://kawalpemilu.org#18081,"UJAN MAS LAMA, UJAN MAS, MUARA ENIM, SUMATERA SELATAN",4,83,135,218
https://kawalpemilu.org#18081,"UJAN MAS LAMA, UJAN MAS, MUARA ENIM, SUMATERA SELATAN",5,96,122,218
https://kawalpemilu.org#18081,"UJAN MAS LAMA, UJAN MAS, MUARA ENIM, SUMATERA SELATAN",6,93,121,214
https://kawalpemilu.org#18081,"UJAN MAS LAMA, UJAN MAS, MUARA ENIM, SUMATERA SELATAN",7,108,116,224
https://kawalpemilu.org#18081,"UJAN MAS LAMA, UJAN MAS, MUARA ENIM, SUMATERA SELATAN",8,117,102,219
https://kawalpemilu.org#18081,"UJAN MAS LAMA, UJAN MAS, MUARA ENIM, SUMATERA SELATAN",9,97,145,242
https://kawalpemilu.org#18081,"UJAN MAS LAMA, UJAN MAS, MUARA ENIM, SUMATERA SELATAN",10,113,119,232
https://kawalpemilu.org#18081,"UJAN MAS LAMA, UJAN MAS, MUARA ENIM, SUMATERA SELATAN",11,107,124,231
https://kawalpemilu.org#18081,"UJAN MAS LAMA, UJAN MAS, MUARA ENIM, SUMATERA SELATAN",12,143,96,239
https://kawalpemilu.org#18081,"UJAN MAS LAMA, UJAN MAS, MUARA ENIM, SUMATERA SELATAN",13,117,103,220
https://kawalpemilu.org#18081,"UJAN MAS LAMA, UJAN MAS, MUARA ENIM, SUMATERA SELATAN",14,113,134,247
https://kawalpemilu.org#18081,"UJAN MAS LAMA, UJAN MAS, MUARA ENIM, SUMATERA SELATAN",15,104,114,218
https://kawalpemilu.org#18081,"UJAN MAS LAMA, UJAN MAS, MUARA ENIM, SUMATERA SELATAN",16,75,136,211
https://kawalpemilu.org#18081,"UJAN MAS LAMA, UJAN MAS, MUARA ENIM, SUMATERA SELATAN",17,102,121,223
https://kawalpemilu.org#18081,"UJAN MAS LAMA, UJAN MAS, MUARA ENIM, SUMATERA SELATAN",18,99,96,195
https://kawalpemilu.org#18082,"UJAN MAS BARU, UJAN MAS, MUARA ENIM, SUMATERA SELATAN",1,75,163,238
https://kawalpemilu.org#18082,"UJAN MAS BARU, UJAN MAS, MUARA ENIM, SUMATERA SELATAN",2,73,152,225
https://kawalpemilu.org#18082,"UJAN MAS BARU, UJAN MAS, MUARA ENIM, SUMATERA SELATAN",3,75,154,229
https://kawalpemilu.org#18082,"UJAN MAS BARU, UJAN MAS, MUARA ENIM, SUMATERA SELATAN",4,70,165,235
https://kawalpemilu.org#18082,"UJAN MAS BARU, UJAN MAS, MUARA ENIM, SUMATERA SELATAN",5,58,168,226
https://kawalpemilu.org#18082,"UJAN MAS BARU, UJAN MAS, MUARA ENIM, SUMATERA SELATAN",6,70,151,221
https://kawalpemilu.org#18082,"UJAN MAS BARU, UJAN MAS, MUARA ENIM, SUMATERA SELATAN",7,76,158,234
https://kawalpemilu.org#18082,"UJAN MAS BARU, UJAN MAS, MUARA ENIM, SUMATERA SELATAN",8,78,153,231
https://kawalpemilu.org#18082,"UJAN MAS BARU, UJAN MAS, MUARA ENIM, SUMATERA SELATAN",9,102,120,222
https://kawalpemilu.org#18082,"UJAN MAS BARU, UJAN MAS, MUARA ENIM, SUMATERA SELATAN",10,79,140,219
https://kawalpemilu.org#18082,"UJAN MAS BARU, UJAN MAS, MUARA ENIM, SUMATERA SELATAN",11,70,154,224
https://kawalpemilu.org#18082,"UJAN MAS BARU, UJAN MAS, MUARA ENIM, SUMATERA SELATAN",12,75,147,222
https://kawalpemilu.org#18082,"UJAN MAS BARU, UJAN MAS, MUARA ENIM, SUMATERA SELATAN",14,103,133,236
https://kawalpemilu.org#18082,"UJAN MAS BARU, UJAN MAS, MUARA ENIM, SUMATERA SELATAN",15,116,127,243
https://kawalpemilu.org#18082,"UJAN MAS BARU, UJAN MAS, MUARA ENIM, SUMATERA SELATAN",16,117,123,240
https://kawalpemilu.org#18083,"TANJUNG RAMAN, UJAN MAS, MUARA ENIM, SUMATERA SELATAN",1,174,73,247
https://kawalpemilu.org#18083,"TANJUNG RAMAN, UJAN MAS, MUARA ENIM, SUMATERA SELATAN",2,162,78,240
https://kawalpemilu.org#18083,"TANJUNG RAMAN, UJAN MAS, MUARA ENIM, SUMATERA SELATAN",3,176,76,252
https://kawalpemilu.org#18083,"TANJUNG RAMAN, UJAN MAS, MUARA ENIM, SUMATERA SELATAN",4,180,70,250
https://kawalpemilu.org#18083,"TANJUNG RAMAN, UJAN MAS, MUARA ENIM, SUMATERA SELATAN",5,195,61,256
https://kawalpemilu.org#18084,"MUARA GULA BARU, UJAN MAS, MUARA ENIM, SUMATERA SELATAN",1,85,111,196
https://kawalpemilu.org#18084,"MUARA GULA BARU, UJAN MAS, MUARA ENIM, SUMATERA SELATAN",2,134,91,225
https://kawalpemilu.org#18084,"MUARA GULA BARU, UJAN MAS, MUARA ENIM, SUMATERA SELATAN",3,109,105,214
https://kawalpemilu.org#18085,"MUARA GULA LAMA, UJAN MAS, MUARA ENIM, SUMATERA SELATAN",1,86,133,219
https://kawalpemilu.org#18085,"MUARA GULA LAMA, UJAN MAS, MUARA ENIM, SUMATERA SELATAN",2,89,123,212
https://kawalpemilu.org#18085,"MUARA GULA LAMA, UJAN MAS, MUARA ENIM, SUMATERA SELATAN",3,82,139,221
https://kawalpemilu.org#18085,"MUARA GULA LAMA, UJAN MAS, MUARA ENIM, SUMATERA SELATAN",4,98,116,214
https://kawalpemilu.org#18085,"MUARA GULA LAMA, UJAN MAS, MUARA ENIM, SUMATERA SELATAN",5,111,111,222
https://kawalpemilu.org#18086,"GUCI, UJAN MAS, MUARA ENIM, SUMATERA SELATAN",1,79,159,238
https://kawalpemilu.org#18086,"GUCI, UJAN MAS, MUARA ENIM, SUMATERA SELATAN",2,118,123,241
https://kawalpemilu.org#18086,"GUCI, UJAN MAS, MUARA ENIM, SUMATERA SELATAN",3,100,108,208
https://kawalpemilu.org#18087,"ULAK BANDUNG, UJAN MAS, MUARA ENIM, SUMATERA SELATAN",1,96,127,223
https://kawalpemilu.org#18087,"ULAK BANDUNG, UJAN MAS, MUARA ENIM, SUMATERA SELATAN",2,80,123,203
https://kawalpemilu.org#18087,"ULAK BANDUNG, UJAN MAS, MUARA ENIM, SUMATERA SELATAN",3,78,114,192
https://kawalpemilu.org#18087,"ULAK BANDUNG, UJAN MAS, MUARA ENIM, SUMATERA SELATAN",4,90,128,218
https://kawalpemilu.org#18087,"ULAK BANDUNG, UJAN MAS, MUARA ENIM, SUMATERA SELATAN",5,89,134,223
https://kawalpemilu.org#18087,"ULAK BANDUNG, UJAN MAS, MUARA ENIM, SUMATERA SELATAN",6,135,118,253
https://kawalpemilu.org#18087,"ULAK BANDUNG, UJAN MAS, MUARA ENIM, SUMATERA SELATAN",7,102,112,214
https://kawalpemilu.org#18087,"ULAK BANDUNG, UJAN MAS, MUARA ENIM, SUMATERA SELATAN",8,87,122,209
https://kawalpemilu.org#18087,"ULAK BANDUNG, UJAN MAS, MUARA ENIM, SUMATERA SELATAN",9,73,63,136
https://kawalpemilu.org#18125,"AUR, LUBAI, MUARA ENIM, SUMATERA SELATAN",1,83,129,212
https://kawalpemilu.org#18125,"AUR, LUBAI, MUARA ENIM, SUMATERA SELATAN",2,47,160,207
https://kawalpemilu.org#18125,"AUR, LUBAI, MUARA ENIM, SUMATERA SELATAN",3,48,164,212
https://kawalpemilu.org#18125,"AUR, LUBAI, MUARA ENIM, SUMATERA SELATAN",4,37,136,173
https://kawalpemilu.org#18125,"AUR, LUBAI, MUARA ENIM, SUMATERA SELATAN",5,126,83,209
https://kawalpemilu.org#18125,"AUR, LUBAI, MUARA ENIM, SUMATERA SELATAN",6,92,71,163
https://kawalpemilu.org#18125,"AUR, LUBAI, MUARA ENIM, SUMATERA SELATAN",7,44,57,101
https://kawalpemilu.org#18125,"AUR, LUBAI, MUARA ENIM, SUMATERA SELATAN",8,41,33,74
https://kawalpemilu.org#18125,"AUR, LUBAI, MUARA ENIM, SUMATERA SELATAN",9,47,93,140
https://kawalpemilu.org#18126,"BERINGIN, LUBAI, MUARA ENIM, SUMATERA SELATAN",2,58,138,196
https://kawalpemilu.org#18126,"BERINGIN, LUBAI, MUARA ENIM, SUMATERA SELATAN",3,61,133,194
https://kawalpemilu.org#18126,"BERINGIN, LUBAI, MUARA ENIM, SUMATERA SELATAN",4,48,148,196
https://kawalpemilu.org#18126,"BERINGIN, LUBAI, MUARA ENIM, SUMATERA SELATAN",5,107,103,210
https://kawalpemilu.org#18126,"BERINGIN, LUBAI, MUARA ENIM, SUMATERA SELATAN",6,55,72,127
https://kawalpemilu.org#18126,"BERINGIN, LUBAI, MUARA ENIM, SUMATERA SELATAN",7,122,87,209
https://kawalpemilu.org#18126,"BERINGIN, LUBAI, MUARA ENIM, SUMATERA SELATAN",8,60,124,184
https://kawalpemilu.org#18126,"BERINGIN, LUBAI, MUARA ENIM, SUMATERA SELATAN",9,69,116,185
https://kawalpemilu.org#18126,"BERINGIN, LUBAI, MUARA ENIM, SUMATERA SELATAN",10,64,86,150
https://kawalpemilu.org#18126,"BERINGIN, LUBAI, MUARA ENIM, SUMATERA SELATAN",11,53,117,170
https://kawalpemilu.org#18126,"BERINGIN, LUBAI, MUARA ENIM, SUMATERA SELATAN",12,58,87,145
https://kawalpemilu.org#18126,"BERINGIN, LUBAI, MUARA ENIM, SUMATERA SELATAN",13,54,98,152
https://kawalpemilu.org#18126,"BERINGIN, LUBAI, MUARA ENIM, SUMATERA SELATAN",14,85,93,178
https://kawalpemilu.org#18127,"KOTA BARU, LUBAI, MUARA ENIM, SUMATERA SELATAN",1,52,184,236
https://kawalpemilu.org#18127,"KOTA BARU, LUBAI, MUARA ENIM, SUMATERA SELATAN",2,64,148,212
https://kawalpemilu.org#18127,"KOTA BARU, LUBAI, MUARA ENIM, SUMATERA SELATAN",3,78,136,214
https://kawalpemilu.org#18127,"KOTA BARU, LUBAI, MUARA ENIM, SUMATERA SELATAN",4,48,163,211
https://kawalpemilu.org#18127,"KOTA BARU, LUBAI, MUARA ENIM, SUMATERA SELATAN",5,43,160,203
https://kawalpemilu.org#18127,"KOTA BARU, LUBAI, MUARA ENIM, SUMATERA SELATAN",6,53,160,213
https://kawalpemilu.org#18128,"PAGAR GUNUNG, LUBAI, MUARA ENIM, SUMATERA SELATAN",1,67,111,178
https://kawalpemilu.org#18128,"PAGAR GUNUNG, LUBAI, MUARA ENIM, SUMATERA SELATAN",2,76,95,171
https://kawalpemilu.org#18128,"PAGAR GUNUNG, LUBAI, MUARA ENIM, SUMATERA SELATAN",3,35,152,187
https://kawalpemilu.org#18128,"PAGAR GUNUNG, LUBAI, MUARA ENIM, SUMATERA SELATAN",4,21,170,191
https://kawalpemilu.org#18128,"PAGAR GUNUNG, LUBAI, MUARA ENIM, SUMATERA SELATAN",5,38,140,178
https://kawalpemilu.org#18128,"PAGAR GUNUNG, LUBAI, MUARA ENIM, SUMATERA SELATAN",6,32,102,134
https://kawalpemilu.org#18128,"PAGAR GUNUNG, LUBAI, MUARA ENIM, SUMATERA SELATAN",7,52,103,155
https://kawalpemilu.org#18129,"GUNUNG RAJA, LUBAI, MUARA ENIM, SUMATERA SELATAN",1,29,157,186
https://kawalpemilu.org#18129,"GUNUNG RAJA, LUBAI, MUARA ENIM, SUMATERA SELATAN",2,32,165,197
https://kawalpemilu.org#18129,"GUNUNG RAJA, LUBAI, MUARA ENIM, SUMATERA SELATAN",3,45,155,200
https://kawalpemilu.org#18129,"GUNUNG RAJA, LUBAI, MUARA ENIM, SUMATERA SELATAN",4,31,161,192
https://kawalpemilu.org#18129,"GUNUNG RAJA, LUBAI, MUARA ENIM, SUMATERA SELATAN",5,47,176,223
https://kawalpemilu.org#18129,"GUNUNG RAJA, LUBAI, MUARA ENIM, SUMATERA SELATAN",6,33,138,171
https://kawalpemilu.org#18129,"GUNUNG RAJA, LUBAI, MUARA ENIM, SUMATERA SELATAN",7,22,147,169
https://kawalpemilu.org#18129,"GUNUNG RAJA, LUBAI, MUARA ENIM, SUMATERA SELATAN",8,26,137,163
https://kawalpemilu.org#18130,"TANJUNG KEMALA, LUBAI, MUARA ENIM, SUMATERA SELATAN",1,102,92,194
https://kawalpemilu.org#18130,"TANJUNG KEMALA, LUBAI, MUARA ENIM, SUMATERA SELATAN",2,87,101,188
https://kawalpemilu.org#18130,"TANJUNG KEMALA, LUBAI, MUARA ENIM, SUMATERA SELATAN",3,108,106,214
https://kawalpemilu.org#18130,"TANJUNG KEMALA, LUBAI, MUARA ENIM, SUMATERA SELATAN",4,108,83,191
https://kawalpemilu.org#18130,"TANJUNG KEMALA, LUBAI, MUARA ENIM, SUMATERA SELATAN",5,127,76,203
https://kawalpemilu.org#18130,"TANJUNG KEMALA, LUBAI, MUARA ENIM, SUMATERA SELATAN",6,73,134,207
https://kawalpemilu.org#18130,"TANJUNG KEMALA, LUBAI, MUARA ENIM, SUMATERA SELATAN",7,92,105,197
https://kawalpemilu.org#18131,"SUKA MERINDU, LUBAI, MUARA ENIM, SUMATERA SELATAN",1,52,117,169
https://kawalpemilu.org#18131,"SUKA MERINDU, LUBAI, MUARA ENIM, SUMATERA SELATAN",3,30,156,186
https://kawalpemilu.org#18131,"SUKA MERINDU, LUBAI, MUARA ENIM, SUMATERA SELATAN",4,43,141,184
https://kawalpemilu.org#18131,"SUKA MERINDU, LUBAI, MUARA ENIM, SUMATERA SELATAN",5,51,121,172
https://kawalpemilu.org#18131,"SUKA MERINDU, LUBAI, MUARA ENIM, SUMATERA SELATAN",6,26,165,191
https://kawalpemilu.org#18131,"SUKA MERINDU, LUBAI, MUARA ENIM, SUMATERA SELATAN",7,34,151,185
https://kawalpemilu.org#18131,"SUKA MERINDU, LUBAI, MUARA ENIM, SUMATERA SELATAN",8,33,133,166
https://kawalpemilu.org#18131,"SUKA MERINDU, LUBAI, MUARA ENIM, SUMATERA SELATAN",9,50,116,166
https://kawalpemilu.org#18131,"SUKA MERINDU, LUBAI, MUARA ENIM, SUMATERA SELATAN",10,43,121,164
https://kawalpemilu.org#18134,"JIWA BARU, LUBAI, MUARA ENIM, SUMATERA SELATAN",1,79,134,213
https://kawalpemilu.org#18134,"JIWA BARU, LUBAI, MUARA ENIM, SUMATERA SELATAN",2,65,116,181
https://kawalpemilu.org#18134,"JIWA BARU, LUBAI, MUARA ENIM, SUMATERA SELATAN",3,57,143,200
https://kawalpemilu.org#18134,"JIWA BARU, LUBAI, MUARA ENIM, SUMATERA SELATAN",4,48,141,189
https://kawalpemilu.org#18134,"JIWA BARU, LUBAI, MUARA ENIM, SUMATERA SELATAN",5,67,120,187
https://kawalpemilu.org#18134,"JIWA BARU, LUBAI, MUARA ENIM, SUMATERA SELATAN",6,75,141,216
https://kawalpemilu.org#18134,"JIWA BARU, LUBAI, MUARA ENIM, SUMATERA SELATAN",7,95,95,190
https://kawalpemilu.org#18134,"JIWA BARU, LUBAI, MUARA ENIM, SUMATERA SELATAN",8,155,24,179
https://kawalpemilu.org#18134,"JIWA BARU, LUBAI, MUARA ENIM, SUMATERA SELATAN",9,134,28,162
https://kawalpemilu.org#91903,"MENANTI, LUBAI, MUARA ENIM, SUMATERA SELATAN",1,109,88,197
https://kawalpemilu.org#91903,"MENANTI, LUBAI, MUARA ENIM, SUMATERA SELATAN",2,121,129,250
https://kawalpemilu.org#91903,"MENANTI, LUBAI, MUARA ENIM, SUMATERA SELATAN",3,142,88,230
https://kawalpemilu.org#91904,"AIR ASAM, LUBAI, MUARA ENIM, SUMATERA SELATAN",1,55,144,199
https://kawalpemilu.org#91904,"AIR ASAM, LUBAI, MUARA ENIM, SUMATERA SELATAN",2,67,114,181
https://kawalpemilu.org#91904,"AIR ASAM, LUBAI, MUARA ENIM, SUMATERA SELATAN",3,77,113,190
https://kawalpemilu.org#91904,"AIR ASAM, LUBAI, MUARA ENIM, SUMATERA SELATAN",4,106,71,177
https://kawalpemilu.org#91904,"AIR ASAM, LUBAI, MUARA ENIM, SUMATERA SELATAN",5,158,58,216
https://kawalpemilu.org#91904,"AIR ASAM, LUBAI, MUARA ENIM, SUMATERA SELATAN",6,133,54,187
https://kawalpemilu.org#18143,"BARU RAMBANG, RAMBANG, MUARA ENIM, SUMATERA SELATAN",1,60,149,209
https://kawalpemilu.org#18143,"BARU RAMBANG, RAMBANG, MUARA ENIM, SUMATERA SELATAN",2,36,157,193
https://kawalpemilu.org#18143,"BARU RAMBANG, RAMBANG, MUARA ENIM, SUMATERA SELATAN",3,43,151,194
https://kawalpemilu.org#18143,"BARU RAMBANG, RAMBANG, MUARA ENIM, SUMATERA SELATAN",4,30,129,159
https://kawalpemilu.org#18144,"SUGIHAN, RAMBANG, MUARA ENIM, SUMATERA SELATAN",1,56,132,188
https://kawalpemilu.org#18144,"SUGIHAN, RAMBANG, MUARA ENIM, SUMATERA SELATAN",2,69,130,199
https://kawalpemilu.org#18144,"SUGIHAN, RAMBANG, MUARA ENIM, SUMATERA SELATAN",3,46,146,210
https://kawalpemilu.org#18144,"SUGIHAN, RAMBANG, MUARA ENIM, SUMATERA SELATAN",4,58,141,199
https://kawalpemilu.org#18144,"SUGIHAN, RAMBANG, MUARA ENIM, SUMATERA SELATAN",5,54,67,121
https://kawalpemilu.org#18144,"SUGIHAN, RAMBANG, MUARA ENIM, SUMATERA SELATAN",6,93,144,237
https://kawalpemilu.org#18144,"SUGIHAN, RAMBANG, MUARA ENIM, SUMATERA SELATAN",7,40,199,239
https://kawalpemilu.org#18144,"SUGIHAN, RAMBANG, MUARA ENIM, SUMATERA SELATAN",8,47,156,203
https://kawalpemilu.org#18144,"SUGIHAN, RAMBANG, MUARA ENIM, SUMATERA SELATAN",9,37,83,120
https://kawalpemilu.org#18144,"SUGIHAN, RAMBANG, MUARA ENIM, SUMATERA SELATAN",10,36,68,104
https://kawalpemilu.org#18144,"SUGIHAN, RAMBANG, MUARA ENIM, SUMATERA SELATAN",11,29,60,89
https://kawalpemilu.org#18144,"SUGIHAN, RAMBANG, MUARA ENIM, SUMATERA SELATAN",12,15,109,124
https://kawalpemilu.org#18144,"SUGIHAN, RAMBANG, MUARA ENIM, SUMATERA SELATAN",13,28,94,122
https://kawalpemilu.org#18145,"TANJUNG RAYA, RAMBANG, MUARA ENIM, SUMATERA SELATAN",1,56,181,237
https://kawalpemilu.org#18145,"TANJUNG RAYA, RAMBANG, MUARA ENIM, SUMATERA SELATAN",2,56,186,242
https://kawalpemilu.org#18145,"TANJUNG RAYA, RAMBANG, MUARA ENIM, SUMATERA SELATAN",3,43,194,237
https://kawalpemilu.org#18145,"TANJUNG RAYA, RAMBANG, MUARA ENIM, SUMATERA SELATAN",4,57,192,249
https://kawalpemilu.org#18145,"TANJUNG RAYA, RAMBANG, MUARA ENIM, SUMATERA SELATAN",5,54,168,222
https://kawalpemilu.org#18146,"TANJUNG DALAM, RAMBANG, MUARA ENIM, SUMATERA SELATAN",1,59,156,215
https://kawalpemilu.org#18146,"TANJUNG DALAM, RAMBANG, MUARA ENIM, SUMATERA SELATAN",2,38,163,201
https://kawalpemilu.org#18146,"TANJUNG DALAM, RAMBANG, MUARA ENIM, SUMATERA SELATAN",3,44,144,188
https://kawalpemilu.org#18147,"SUKARAMI, RAMBANG, MUARA ENIM, SUMATERA SELATAN",1,53,165,218
https://kawalpemilu.org#18147,"SUKARAMI, RAMBANG, MUARA ENIM, SUMATERA SELATAN",2,39,189,228
https://kawalpemilu.org#18147,"SUKARAMI, RAMBANG, MUARA ENIM, SUMATERA SELATAN",3,35,157,192
https://kawalpemilu.org#18147,"SUKARAMI, RAMBANG, MUARA ENIM, SUMATERA SELATAN",4,9,105,114
https://kawalpemilu.org#18148,"PAGAR AGUNG, RAMBANG, MUARA ENIM, SUMATERA SELATAN",1,47,170,217
https://kawalpemilu.org#18148,"PAGAR AGUNG, RAMBANG, MUARA ENIM, SUMATERA SELATAN",2,35,206,241
https://kawalpemilu.org#18148,"PAGAR AGUNG, RAMBANG, MUARA ENIM, SUMATERA SELATAN",3,18,202,220
https://kawalpemilu.org#18148,"PAGAR AGUNG, RAMBANG, MUARA ENIM, SUMATERA SELATAN",4,14,167,181
https://kawalpemilu.org#18148,"PAGAR AGUNG, RAMBANG, MUARA ENIM, SUMATERA SELATAN",5,20,201,221
https://kawalpemilu.org#18148,"PAGAR AGUNG, RAMBANG, MUARA ENIM, SUMATERA SELATAN",6,22,171,193
https://kawalpemilu.org#18148,"PAGAR AGUNG, RAMBANG, MUARA ENIM, SUMATERA SELATAN",7,32,173,205
https://kawalpemilu.org#18148,"PAGAR AGUNG, RAMBANG, MUARA ENIM, SUMATERA SELATAN",8,37,219,256
https://kawalpemilu.org#18148,"PAGAR AGUNG, RAMBANG, MUARA ENIM, SUMATERA SELATAN",9,35,83,118
https://kawalpemilu.org#18148,"PAGAR AGUNG, RAMBANG, MUARA ENIM, SUMATERA SELATAN",10,20,95,115
https://kawalpemilu.org#18148,"PAGAR AGUNG, RAMBANG, MUARA ENIM, SUMATERA SELATAN",11,24,56,80
https://kawalpemilu.org#18148,"PAGAR AGUNG, RAMBANG, MUARA ENIM, SUMATERA SELATAN",12,31,75,106
https://kawalpemilu.org#18148,"PAGAR AGUNG, RAMBANG, MUARA ENIM, SUMATERA SELATAN",13,32,68,100
https://kawalpemilu.org#18149,"SUGIH WARAS, RAMBANG, MUARA ENIM, SUMATERA SELATAN",1,81,142,223
https://kawalpemilu.org#18149,"SUGIH WARAS, RAMBANG, MUARA ENIM, SUMATERA SELATAN",2,39,198,237
https://kawalpemilu.org#18149,"SUGIH WARAS, RAMBANG, MUARA ENIM, SUMATERA SELATAN",3,94,166,260
https://kawalpemilu.org#18149,"SUGIH WARAS, RAMBANG, MUARA ENIM, SUMATERA SELATAN",4,55,176,231
https://kawalpemilu.org#18149,"SUGIH WARAS, RAMBANG, MUARA ENIM, SUMATERA SELATAN",5,81,151,232
https://kawalpemilu.org#18149,"SUGIH WARAS, RAMBANG, MUARA ENIM, SUMATERA SELATAN",6,51,155,206
https://kawalpemilu.org#18149,"SUGIH WARAS, RAMBANG, MUARA ENIM, SUMATERA SELATAN",7,65,158,223
https://kawalpemilu.org#18150,"SUMBER RAHAYU, RAMBANG, MUARA ENIM, SUMATERA SELATAN",1,153,75,228
https://kawalpemilu.org#18150,"SUMBER RAHAYU, RAMBANG, MUARA ENIM, SUMATERA SELATAN",2,112,133,245
https://kawalpemilu.org#18150,"SUMBER RAHAYU, RAMBANG, MUARA ENIM, SUMATERA SELATAN",3,88,120,208
https://kawalpemilu.org#18150,"SUMBER RAHAYU, RAMBANG, MUARA ENIM, SUMATERA SELATAN",4,100,139,239
https://kawalpemilu.org#18150,"SUMBER RAHAYU, RAMBANG, MUARA ENIM, SUMATERA SELATAN",5,88,154,242
https://kawalpemilu.org#18150,"SUMBER RAHAYU, RAMBANG, MUARA ENIM, SUMATERA SELATAN",6,102,136,238
https://kawalpemilu.org#18150,"SUMBER RAHAYU, RAMBANG, MUARA ENIM, SUMATERA SELATAN",7,68,173,241
https://kawalpemilu.org#18150,"SUMBER RAHAYU, RAMBANG, MUARA ENIM, SUMATERA SELATAN",8,89,153,242
https://kawalpemilu.org#18150,"SUMBER RAHAYU, RAMBANG, MUARA ENIM, SUMATERA SELATAN",9,70,180,250
https://kawalpemilu.org#18150,"SUMBER RAHAYU, RAMBANG, MUARA ENIM, SUMATERA SELATAN",10,53,187,240
https://kawalpemilu.org#18150,"SUMBER RAHAYU, RAMBANG, MUARA ENIM, SUMATERA SELATAN",11,95,167,262
https://kawalpemilu.org#18151,"MARGA MULYA, RAMBANG, MUARA ENIM, SUMATERA SELATAN",1,123,131,254
https://kawalpemilu.org#18151,"MARGA MULYA, RAMBANG, MUARA ENIM, SUMATERA SELATAN",2,115,114,229
https://kawalpemilu.org#18151,"MARGA MULYA, RAMBANG, MUARA ENIM, SUMATERA SELATAN",3,43,183,226
https://kawalpemilu.org#18151,"MARGA MULYA, RAMBANG, MUARA ENIM, SUMATERA SELATAN",4,69,148,217
https://kawalpemilu.org#18151,"MARGA MULYA, RAMBANG, MUARA ENIM, SUMATERA SELATAN",5,53,173,226
https://kawalpemilu.org#18151,"MARGA MULYA, RAMBANG, MUARA ENIM, SUMATERA SELATAN",6,106,91,197
https://kawalpemilu.org#18151,"MARGA MULYA, RAMBANG, MUARA ENIM, SUMATERA SELATAN",7,87,128,215
https://kawalpemilu.org#18151,"MARGA MULYA, RAMBANG, MUARA ENIM, SUMATERA SELATAN",8,66,146,212
https://kawalpemilu.org#18151,"MARGA MULYA, RAMBANG, MUARA ENIM, SUMATERA SELATAN",9,84,132,216
https://kawalpemilu.org#18152,"KENCANA MULIA, RAMBANG, MUARA ENIM, SUMATERA SELATAN",1,81,157,238
https://kawalpemilu.org#18152,"KENCANA MULIA, RAMBANG, MUARA ENIM, SUMATERA SELATAN",2,91,94,185
https://kawalpemilu.org#18152,"KENCANA MULIA, RAMBANG, MUARA ENIM, SUMATERA SELATAN",3,81,117,198
https://kawalpemilu.org#18152,"KENCANA MULIA, RAMBANG, MUARA ENIM, SUMATERA SELATAN",4,88,166,254
https://kawalpemilu.org#18152,"KENCANA MULIA, RAMBANG, MUARA ENIM, SUMATERA SELATAN",5,83,110,193
https://kawalpemilu.org#18153,"NEGERI AGUNG, RAMBANG, MUARA ENIM, SUMATERA SELATAN",1,24,190,214
https://kawalpemilu.org#18153,"NEGERI AGUNG, RAMBANG, MUARA ENIM, SUMATERA SELATAN",2,22,193,215
https://kawalpemilu.org#18153,"NEGERI AGUNG, RAMBANG, MUARA ENIM, SUMATERA SELATAN",3,38,169,207
https://kawalpemilu.org#18154,"SUGIHWARAS BARAT, RAMBANG, MUARA ENIM, SUMATERA SELATAN",1,31,201,232
https://kawalpemilu.org#18154,"SUGIHWARAS BARAT, RAMBANG, MUARA ENIM, SUMATERA SELATAN",2,72,173,245
https://kawalpemilu.org#18154,"SUGIHWARAS BARAT, RAMBANG, MUARA ENIM, SUMATERA SELATAN",3,39,214,253
https://kawalpemilu.org#18154,"SUGIHWARAS BARAT, RAMBANG, MUARA ENIM, SUMATERA SELATAN",4,47,207,254
https://kawalpemilu.org#18154,"SUGIHWARAS BARAT, RAMBANG, MUARA ENIM, SUMATERA SELATAN",5,54,205,259
https://kawalpemilu.org#18154,"SUGIHWARAS BARAT, RAMBANG, MUARA ENIM, SUMATERA SELATAN",6,36,197,233
https://kawalpemilu.org#18154,"SUGIHWARAS BARAT, RAMBANG, MUARA ENIM, SUMATERA SELATAN",7,43,176,219
https://kawalpemilu.org#927945,"AIR KERUH, RAMBANG, MUARA ENIM, SUMATERA SELATAN",1,71,138,209
https://kawalpemilu.org#18157,"TANJUNG MIRING, SUNGAI ROTAN, MUARA ENIM, SUMATERA SELATAN",1,108,121,229
https://kawalpemilu.org#18157,"TANJUNG MIRING, SUNGAI ROTAN, MUARA ENIM, SUMATERA SELATAN",2,92,114,206
https://kawalpemilu.org#18157,"TANJUNG MIRING, SUNGAI ROTAN, MUARA ENIM, SUMATERA SELATAN",3,87,120,207
https://kawalpemilu.org#18157,"TANJUNG MIRING, SUNGAI ROTAN, MUARA ENIM, SUMATERA SELATAN",4,84,119,203
https://kawalpemilu.org#18158,"DANAU TAMPANG, SUNGAI ROTAN, MUARA ENIM, SUMATERA SELATAN",1,120,56,176
https://kawalpemilu.org#18158,"DANAU TAMPANG, SUNGAI ROTAN, MUARA ENIM, SUMATERA SELATAN",2,124,43,167
https://kawalpemilu.org#18158,"DANAU TAMPANG, SUNGAI ROTAN, MUARA ENIM, SUMATERA SELATAN",3,111,36,147
https://kawalpemilu.org#18158,"DANAU TAMPANG, SUNGAI ROTAN, MUARA ENIM, SUMATERA SELATAN",4,155,40,195
https://kawalpemilu.org#18159,"KASAI, SUNGAI ROTAN, MUARA ENIM, SUMATERA SELATAN",1,135,53,188
https://kawalpemilu.org#18159,"KASAI, SUNGAI ROTAN, MUARA ENIM, SUMATERA SELATAN",2,133,54,187
https://kawalpemilu.org#18159,"KASAI, SUNGAI ROTAN, MUARA ENIM, SUMATERA SELATAN",3,119,54,173
https://kawalpemilu.org#18159,"KASAI, SUNGAI ROTAN, MUARA ENIM, SUMATERA SELATAN",4,146,52,198
https://kawalpemilu.org#18160,"SUNGAI ROTAN, SUNGAI ROTAN, MUARA ENIM, SUMATERA SELATAN",1,120,65,185
https://kawalpemilu.org#18160,"SUNGAI ROTAN, SUNGAI ROTAN, MUARA ENIM, SUMATERA SELATAN",2,136,63,199
https://kawalpemilu.org#18160,"SUNGAI ROTAN, SUNGAI ROTAN, MUARA ENIM, SUMATERA SELATAN",3,100,95,195
https://kawalpemilu.org#18160,"SUNGAI ROTAN, SUNGAI ROTAN, MUARA ENIM, SUMATERA SELATAN",4,114,66,180
https://kawalpemilu.org#18160,"SUNGAI ROTAN, SUNGAI ROTAN, MUARA ENIM, SUMATERA SELATAN",5,91,133,224
https://kawalpemilu.org#18161,"SUKA MERINDU, SUNGAI ROTAN, MUARA ENIM, SUMATERA SELATAN",1,99,115,214
https://kawalpemilu.org#18161,"SUKA MERINDU, SUNGAI ROTAN, MUARA ENIM, SUMATERA SELATAN",2,104,117,221
https://kawalpemilu.org#18161,"SUKA MERINDU, SUNGAI ROTAN, MUARA ENIM, SUMATERA SELATAN",3,101,114,215
https://kawalpemilu.org#18161,"SUKA MERINDU, SUNGAI ROTAN, MUARA ENIM, SUMATERA SELATAN",4,120,112,232
https://kawalpemilu.org#18161,"SUKA MERINDU, SUNGAI ROTAN, MUARA ENIM, SUMATERA SELATAN",5,93,107,200
https://kawalpemilu.org#18161,"SUKA MERINDU, SUNGAI ROTAN, MUARA ENIM, SUMATERA SELATAN",6,128,76,204
https://kawalpemilu.org#18162,"TANDING MARGA, SUNGAI ROTAN, MUARA ENIM, SUMATERA SELATAN",1,112,106,218
https://kawalpemilu.org#18162,"TANDING MARGA, SUNGAI ROTAN, MUARA ENIM, SUMATERA SELATAN",2,111,130,241
https://kawalpemilu.org#18162,"TANDING MARGA, SUNGAI ROTAN, MUARA ENIM, SUMATERA SELATAN",3,90,127,217
https://kawalpemilu.org#18162,"TANDING MARGA, SUNGAI ROTAN, MUARA ENIM, SUMATERA SELATAN",4,75,119,194
https://kawalpemilu.org#18162,"TANDING MARGA, SUNGAI ROTAN, MUARA ENIM, SUMATERA SELATAN",5,105,91,196
https://kawalpemilu.org#18163,"MUARA LEMATANG, SUNGAI ROTAN, MUARA ENIM, SUMATERA SELATAN",1,181,70,251
https://kawalpemilu.org#18163,"MUARA LEMATANG, SUNGAI ROTAN, MUARA ENIM, SUMATERA SELATAN",2,133,114,247
https://kawalpemilu.org#18163,"MUARA LEMATANG, SUNGAI ROTAN, MUARA ENIM, SUMATERA SELATAN",3,142,84,226
https://kawalpemilu.org#18164,"SUKA DANA, SUNGAI ROTAN, MUARA ENIM, SUMATERA SELATAN",1,45,191,236
https://kawalpemilu.org#18164,"SUKA DANA, SUNGAI ROTAN, MUARA ENIM, SUMATERA SELATAN",2,52,176,228
https://kawalpemilu.org#18164,"SUKA DANA, SUNGAI ROTAN, MUARA ENIM, SUMATERA SELATAN",3,54,178,232
https://kawalpemilu.org#18164,"SUKA DANA, SUNGAI ROTAN, MUARA ENIM, SUMATERA SELATAN",4,60,200,260
https://kawalpemilu.org#18165,"MODONG, SUNGAI ROTAN, MUARA ENIM, SUMATERA SELATAN",1,80,181,261
https://kawalpemilu.org#18165,"MODONG, SUNGAI ROTAN, MUARA ENIM, SUMATERA SELATAN",2,99,137,236
https://kawalpemilu.org#18165,"MODONG, SUNGAI ROTAN, MUARA ENIM, SUMATERA SELATAN",3,84,183,267
https://kawalpemilu.org#18165,"MODONG, SUNGAI ROTAN, MUARA ENIM, SUMATERA SELATAN",4,122,126,248
https://kawalpemilu.org#18165,"MODONG, SUNGAI ROTAN, MUARA ENIM, SUMATERA SELATAN",5,140,112,252
https://kawalpemilu.org#18165,"MODONG, SUNGAI ROTAN, MUARA ENIM, SUMATERA SELATAN",6,92,145,237
https://kawalpemilu.org#18166,"SUKA CINTA, SUNGAI ROTAN, MUARA ENIM, SUMATERA SELATAN",1,114,111,225
https://kawalpemilu.org#18166,"SUKA CINTA, SUNGAI ROTAN, MUARA ENIM, SUMATERA SELATAN",2,140,92,232
https://kawalpemilu.org#18166,"SUKA CINTA, SUNGAI ROTAN, MUARA ENIM, SUMATERA SELATAN",3,113,108,221
https://kawalpemilu.org#18166,"SUKA CINTA, SUNGAI ROTAN, MUARA ENIM, SUMATERA SELATAN",4,150,73,223
https://kawalpemilu.org#18166,"SUKA CINTA, SUNGAI ROTAN, MUARA ENIM, SUMATERA SELATAN",5,129,83,212
https://kawalpemilu.org#18167,"PENANDINGAN, SUNGAI ROTAN, MUARA ENIM, SUMATERA SELATAN",1,80,149,229
https://kawalpemilu.org#18167,"PENANDINGAN, SUNGAI ROTAN, MUARA ENIM, SUMATERA SELATAN",2,67,172,239
https://kawalpemilu.org#18167,"PENANDINGAN, SUNGAI ROTAN, MUARA ENIM, SUMATERA SELATAN",3,91,145,236
https://kawalpemilu.org#18167,"PENANDINGAN, SUNGAI ROTAN, MUARA ENIM, SUMATERA SELATAN",4,43,154,197
https://kawalpemilu.org#18167,"PENANDINGAN, SUNGAI ROTAN, MUARA ENIM, SUMATERA SELATAN",5,93,128,221
https://kawalpemilu.org#18168,"DANAU RATA, SUNGAI ROTAN, MUARA ENIM, SUMATERA SELATAN",1,116,85,201
https://kawalpemilu.org#18168,"DANAU RATA, SUNGAI ROTAN, MUARA ENIM, SUMATERA SELATAN",2,98,86,184
https://kawalpemilu.org#18168,"DANAU RATA, SUNGAI ROTAN, MUARA ENIM, SUMATERA SELATAN",3,100,70,170
https://kawalpemilu.org#18168,"DANAU RATA, SUNGAI ROTAN, MUARA ENIM, SUMATERA SELATAN",4,111,75,186
https://kawalpemilu.org#18168,"DANAU RATA, SUNGAI ROTAN, MUARA ENIM, SUMATERA SELATAN",5,86,102,188
https://kawalpemilu.org#18168,"DANAU RATA, SUNGAI ROTAN, MUARA ENIM, SUMATERA SELATAN",6,79,97,176
https://kawalpemilu.org#18168,"DANAU RATA, SUNGAI ROTAN, MUARA ENIM, SUMATERA SELATAN",7,105,93,198
https://kawalpemilu.org#18168,"DANAU RATA, SUNGAI ROTAN, MUARA ENIM, SUMATERA SELATAN",8,95,64,159
https://kawalpemilu.org#18168,"DANAU RATA, SUNGAI ROTAN, MUARA ENIM, SUMATERA SELATAN",9,125,55,180
https://kawalpemilu.org#18168,"DANAU RATA, SUNGAI ROTAN, MUARA ENIM, SUMATERA SELATAN",10,108,59,167
https://kawalpemilu.org#18169,"PAYA ANGUS, SUNGAI ROTAN, MUARA ENIM, SUMATERA SELATAN",1,43,192,235
https://kawalpemilu.org#18169,"PAYA ANGUS, SUNGAI ROTAN, MUARA ENIM, SUMATERA SELATAN",2,47,180,227
https://kawalpemilu.org#18169,"PAYA ANGUS, SUNGAI ROTAN, MUARA ENIM, SUMATERA SELATAN",3,54,170,224
https://kawalpemilu.org#18169,"PAYA ANGUS, SUNGAI ROTAN, MUARA ENIM, SUMATERA SELATAN",4,69,143,212
https://kawalpemilu.org#18170,"SUKA RAMI, SUNGAI ROTAN, MUARA ENIM, SUMATERA SELATAN",1,116,93,209
https://kawalpemilu.org#18170,"SUKA RAMI, SUNGAI ROTAN, MUARA ENIM, SUMATERA SELATAN",2,122,123,245
https://kawalpemilu.org#18170,"SUKA RAMI, SUNGAI ROTAN, MUARA ENIM, SUMATERA SELATAN",3,77,141,218
https://kawalpemilu.org#18170,"SUKA RAMI, SUNGAI ROTAN, MUARA ENIM, SUMATERA SELATAN",4,71,139,210
https://kawalpemilu.org#18170,"SUKA RAMI, SUNGAI ROTAN, MUARA ENIM, SUMATERA SELATAN",5,61,185,246
https://kawalpemilu.org#18170,"SUKA RAMI, SUNGAI ROTAN, MUARA ENIM, SUMATERA SELATAN",6,79,173,252
https://kawalpemilu.org#18171,"PETAR DALAM, SUNGAI ROTAN, MUARA ENIM, SUMATERA SELATAN",1,120,27,147
https://kawalpemilu.org#18171,"PETAR DALAM, SUNGAI ROTAN, MUARA ENIM, SUMATERA SELATAN",2,116,76,192
https://kawalpemilu.org#18171,"PETAR DALAM, SUNGAI ROTAN, MUARA ENIM, SUMATERA SELATAN",3,155,67,222
https://kawalpemilu.org#18171,"PETAR DALAM, SUNGAI ROTAN, MUARA ENIM, SUMATERA SELATAN",4,124,62,186
https://kawalpemilu.org#18172,"SUKA JADI, SUNGAI ROTAN, MUARA ENIM, SUMATERA SELATAN",1,122,133,255
https://kawalpemilu.org#18172,"SUKA JADI, SUNGAI ROTAN, MUARA ENIM, SUMATERA SELATAN",2,144,119,263
https://kawalpemilu.org#18172,"SUKA JADI, SUNGAI ROTAN, MUARA ENIM, SUMATERA SELATAN",3,157,83,240
https://kawalpemilu.org#18172,"SUKA JADI, SUNGAI ROTAN, MUARA ENIM, SUMATERA SELATAN",4,181,62,243
https://kawalpemilu.org#18173,"SUKA MAJU, SUNGAI ROTAN, MUARA ENIM, SUMATERA SELATAN",1,88,163,251
https://kawalpemilu.org#18173,"SUKA MAJU, SUNGAI ROTAN, MUARA ENIM, SUMATERA SELATAN",2,79,162,241
https://kawalpemilu.org#927946,"PETAR LUAR, SUNGAI ROTAN, MUARA ENIM, SUMATERA SELATAN",1,140,88,228
https://kawalpemilu.org#927946,"PETAR LUAR, SUNGAI ROTAN, MUARA ENIM, SUMATERA SELATAN",2,132,84,216
https://kawalpemilu.org#927946,"PETAR LUAR, SUNGAI ROTAN, MUARA ENIM, SUMATERA SELATAN",3,141,92,233
https://kawalpemilu.org#927946,"PETAR LUAR, SUNGAI ROTAN, MUARA ENIM, SUMATERA SELATAN",4,142,89,231
https://kawalpemilu.org#927947,"DANAU BARU, SUNGAI ROTAN, MUARA ENIM, SUMATERA SELATAN",1,87,107,194
https://kawalpemilu.org#927947,"DANAU BARU, SUNGAI ROTAN, MUARA ENIM, SUMATERA SELATAN",2,81,70,151
https://kawalpemilu.org#18183,"PETANANG, LEMBAK, MUARA ENIM, SUMATERA SELATAN",1,28,244,272
https://kawalpemilu.org#18183,"PETANANG, LEMBAK, MUARA ENIM, SUMATERA SELATAN",2,36,208,244
https://kawalpemilu.org#18183,"PETANANG, LEMBAK, MUARA ENIM, SUMATERA SELATAN",3,32,211,243
https://kawalpemilu.org#18183,"PETANANG, LEMBAK, MUARA ENIM, SUMATERA SELATAN",4,16,254,270
https://kawalpemilu.org#18183,"PETANANG, LEMBAK, MUARA ENIM, SUMATERA SELATAN",5,28,243,271
https://kawalpemilu.org#18184,"TALANG NANGKA, LEMBAK, MUARA ENIM, SUMATERA SELATAN",1,24,223,247
https://kawalpemilu.org#18184,"TALANG NANGKA, LEMBAK, MUARA ENIM, SUMATERA SELATAN",2,29,206,235
https://kawalpemilu.org#18184,"TALANG NANGKA, LEMBAK, MUARA ENIM, SUMATERA SELATAN",3,36,204,240
https://kawalpemilu.org#18184,"TALANG NANGKA, LEMBAK, MUARA ENIM, SUMATERA SELATAN",4,20,232,252
https://kawalpemilu.org#18184,"TALANG NANGKA, LEMBAK, MUARA ENIM, SUMATERA SELATAN",5,25,211,236
https://kawalpemilu.org#18184,"TALANG NANGKA, LEMBAK, MUARA ENIM, SUMATERA SELATAN",6,28,215,243
https://kawalpemilu.org#18185,"ALAI, LEMBAK, MUARA ENIM, SUMATERA SELATAN",1,67,169,236
https://kawalpemilu.org#18185,"ALAI, LEMBAK, MUARA ENIM, SUMATERA SELATAN",2,52,189,241
https://kawalpemilu.org#18185,"ALAI, LEMBAK, MUARA ENIM, SUMATERA SELATAN",3,50,213,263
https://kawalpemilu.org#18185,"ALAI, LEMBAK, MUARA ENIM, SUMATERA SELATAN",4,50,202,252
https://kawalpemilu.org#18185,"ALAI, LEMBAK, MUARA ENIM, SUMATERA SELATAN",5,28,225,253
https://kawalpemilu.org#18185,"ALAI, LEMBAK, MUARA ENIM, SUMATERA SELATAN",6,39,229,268
https://kawalpemilu.org#18186,"SUNGAI DUREN, LEMBAK, MUARA ENIM, SUMATERA SELATAN",1,52,178,230
https://kawalpemilu.org#18187,"TAPUS, LEMBAK, MUARA ENIM, SUMATERA SELATAN",1,37,229,266
https://kawalpemilu.org#18187,"TAPUS, LEMBAK, MUARA ENIM, SUMATERA SELATAN",2,55,186,241
https://kawalpemilu.org#18187,"TAPUS, LEMBAK, MUARA ENIM, SUMATERA SELATAN",3,42,201,243
https://kawalpemilu.org#18187,"TAPUS, LEMBAK, MUARA ENIM, SUMATERA SELATAN",4,26,201,227
https://kawalpemilu.org#18188,"LEMBAK, LEMBAK, MUARA ENIM, SUMATERA SELATAN",1,90,134,224
https://kawalpemilu.org#18188,"LEMBAK, LEMBAK, MUARA ENIM, SUMATERA SELATAN",2,83,152,235
https://kawalpemilu.org#18188,"LEMBAK, LEMBAK, MUARA ENIM, SUMATERA SELATAN",3,109,154,263
https://kawalpemilu.org#18188,"LEMBAK, LEMBAK, MUARA ENIM, SUMATERA SELATAN",4,85,166,251
https://kawalpemilu.org#18188,"LEMBAK, LEMBAK, MUARA ENIM, SUMATERA SELATAN",5,57,146,203
https://kawalpemilu.org#18188,"LEMBAK, LEMBAK, MUARA ENIM, SUMATERA SELATAN",6,148,108,256
https://kawalpemilu.org#18188,"LEMBAK, LEMBAK, MUARA ENIM, SUMATERA SELATAN",7,109,137,246
https://kawalpemilu.org#18188,"LEMBAK, LEMBAK, MUARA ENIM, SUMATERA SELATAN",8,80,155,235
https://kawalpemilu.org#18188,"LEMBAK, LEMBAK, MUARA ENIM, SUMATERA SELATAN",9,97,158,255
https://kawalpemilu.org#18188,"LEMBAK, LEMBAK, MUARA ENIM, SUMATERA SELATAN",10,85,134,219
https://kawalpemilu.org#18188,"LEMBAK, LEMBAK, MUARA ENIM, SUMATERA SELATAN",11,122,69,191
https://kawalpemilu.org#18188,"LEMBAK, LEMBAK, MUARA ENIM, SUMATERA SELATAN",12,59,120,179
https://kawalpemilu.org#18188,"LEMBAK, LEMBAK, MUARA ENIM, SUMATERA SELATAN",13,101,58,159
https://kawalpemilu.org#18189,"KEMANG, LEMBAK, MUARA ENIM, SUMATERA SELATAN",1,71,207,278
https://kawalpemilu.org#18189,"KEMANG, LEMBAK, MUARA ENIM, SUMATERA SELATAN",2,42,195,237
https://kawalpemilu.org#18189,"KEMANG, LEMBAK, MUARA ENIM, SUMATERA SELATAN",3,77,198,275
https://kawalpemilu.org#18189,"KEMANG, LEMBAK, MUARA ENIM, SUMATERA SELATAN",4,80,160,240
https://kawalpemilu.org#18189,"KEMANG, LEMBAK, MUARA ENIM, SUMATERA SELATAN",5,73,170,243
https://kawalpemilu.org#18189,"KEMANG, LEMBAK, MUARA ENIM, SUMATERA SELATAN",6,81,173,254
https://kawalpemilu.org#91907,"TANJUNG BARU, LEMBAK, MUARA ENIM, SUMATERA SELATAN",1,51,155,206
https://kawalpemilu.org#91907,"TANJUNG BARU, LEMBAK, MUARA ENIM, SUMATERA SELATAN",2,58,141,199
https://kawalpemilu.org#91907,"TANJUNG BARU, LEMBAK, MUARA ENIM, SUMATERA SELATAN",3,44,155,199
https://kawalpemilu.org#91910,"ALAI SELATAN, LEMBAK, MUARA ENIM, SUMATERA SELATAN",1,53,198,251
https://kawalpemilu.org#91910,"ALAI SELATAN, LEMBAK, MUARA ENIM, SUMATERA SELATAN",2,57,189,246
https://kawalpemilu.org#91910,"ALAI SELATAN, LEMBAK, MUARA ENIM, SUMATERA SELATAN",3,28,218,246
https://kawalpemilu.org#91910,"ALAI SELATAN, LEMBAK, MUARA ENIM, SUMATERA SELATAN",4,28,210,238
https://kawalpemilu.org#91911,"LUBUK ENAU, LEMBAK, MUARA ENIM, SUMATERA SELATAN",1,54,141,195
https://kawalpemilu.org#91911,"LUBUK ENAU, LEMBAK, MUARA ENIM, SUMATERA SELATAN",2,42,157,199
https://kawalpemilu.org#91911,"LUBUK ENAU, LEMBAK, MUARA ENIM, SUMATERA SELATAN",3,142,78,220
https://kawalpemilu.org#18035,"BETUNG, BENAKAT, MUARA ENIM, SUMATERA SELATAN",1,60,153,213
https://kawalpemilu.org#18035,"BETUNG, BENAKAT, MUARA ENIM, SUMATERA SELATAN",2,112,106,218
https://kawalpemilu.org#18035,"BETUNG, BENAKAT, MUARA ENIM, SUMATERA SELATAN",3,67,149,216
https://kawalpemilu.org#18212,"PADANG BINDU, BENAKAT, MUARA ENIM, SUMATERA SELATAN",1,86,167,253
https://kawalpemilu.org#18212,"PADANG BINDU, BENAKAT, MUARA ENIM, SUMATERA SELATAN",2,83,141,224
https://kawalpemilu.org#18212,"PADANG BINDU, BENAKAT, MUARA ENIM, SUMATERA SELATAN",3,64,175,239
https://kawalpemilu.org#18212,"PADANG BINDU, BENAKAT, MUARA ENIM, SUMATERA SELATAN",4,88,124,212
https://kawalpemilu.org#18212,"PADANG BINDU, BENAKAT, MUARA ENIM, SUMATERA SELATAN",5,88,112,200
https://kawalpemilu.org#18212,"PADANG BINDU, BENAKAT, MUARA ENIM, SUMATERA SELATAN",6,96,139,235
https://kawalpemilu.org#18212,"PADANG BINDU, BENAKAT, MUARA ENIM, SUMATERA SELATAN",7,84,69,153
https://kawalpemilu.org#18214,"PAGAR DEWA, BENAKAT, MUARA ENIM, SUMATERA SELATAN",1,101,94,195
https://kawalpemilu.org#18214,"PAGAR DEWA, BENAKAT, MUARA ENIM, SUMATERA SELATAN",2,76,147,223
https://kawalpemilu.org#18214,"PAGAR DEWA, BENAKAT, MUARA ENIM, SUMATERA SELATAN",3,73,151,224
https://kawalpemilu.org#18214,"PAGAR DEWA, BENAKAT, MUARA ENIM, SUMATERA SELATAN",4,80,119,199
https://kawalpemilu.org#18214,"PAGAR DEWA, BENAKAT, MUARA ENIM, SUMATERA SELATAN",5,79,149,228
https://kawalpemilu.org#18215,"PAGARJATI, BENAKAT, MUARA ENIM, SUMATERA SELATAN",1,135,98,233
https://kawalpemilu.org#18215,"PAGARJATI, BENAKAT, MUARA ENIM, SUMATERA SELATAN",2,90,111,201
https://kawalpemilu.org#18215,"PAGARJATI, BENAKAT, MUARA ENIM, SUMATERA SELATAN",3,95,108,203
https://kawalpemilu.org#18215,"PAGARJATI, BENAKAT, MUARA ENIM, SUMATERA SELATAN",4,116,115,231
https://kawalpemilu.org#18216,"HIDUP BARU, BENAKAT, MUARA ENIM, SUMATERA SELATAN",2,93,92,185
https://kawalpemilu.org#18216,"HIDUP BARU, BENAKAT, MUARA ENIM, SUMATERA SELATAN",3,78,115,193
https://kawalpemilu.org#18217,"RAMI PASAI, BENAKAT, MUARA ENIM, SUMATERA SELATAN",1,62,112,174
https://kawalpemilu.org#18217,"RAMI PASAI, BENAKAT, MUARA ENIM, SUMATERA SELATAN",2,87,106,193
https://kawalpemilu.org#18217,"RAMI PASAI, BENAKAT, MUARA ENIM, SUMATERA SELATAN",3,65,114,179
https://kawalpemilu.org#18140,"MENANTI, KELEKAR, MUARA ENIM, SUMATERA SELATAN",1,55,200,255
https://kawalpemilu.org#18140,"MENANTI, KELEKAR, MUARA ENIM, SUMATERA SELATAN",2,51,195,246
https://kawalpemilu.org#18140,"MENANTI, KELEKAR, MUARA ENIM, SUMATERA SELATAN",3,42,196,238
https://kawalpemilu.org#18140,"MENANTI, KELEKAR, MUARA ENIM, SUMATERA SELATAN",4,43,198,241
https://kawalpemilu.org#18140,"MENANTI, KELEKAR, MUARA ENIM, SUMATERA SELATAN",5,37,193,130
https://kawalpemilu.org#18140,"MENANTI, KELEKAR, MUARA ENIM, SUMATERA SELATAN",6,34,230,264
https://kawalpemilu.org#18228,"EMBACANG KELEKAR, KELEKAR, MUARA ENIM, SUMATERA SELATAN",1,95,115,210
https://kawalpemilu.org#18228,"EMBACANG KELEKAR, KELEKAR, MUARA ENIM, SUMATERA SELATAN",2,145,62,207
https://kawalpemilu.org#18228,"EMBACANG KELEKAR, KELEKAR, MUARA ENIM, SUMATERA SELATAN",3,105,40,145
https://kawalpemilu.org#18228,"EMBACANG KELEKAR, KELEKAR, MUARA ENIM, SUMATERA SELATAN",4,94,121,215
https://kawalpemilu.org#18228,"EMBACANG KELEKAR, KELEKAR, MUARA ENIM, SUMATERA SELATAN",5,111,100,211
https://kawalpemilu.org#18228,"EMBACANG KELEKAR, KELEKAR, MUARA ENIM, SUMATERA SELATAN",6,88,57,145
https://kawalpemilu.org#18230,"MENANTI SELATAN, KELEKAR, MUARA ENIM, SUMATERA SELATAN",1,130,119,249
https://kawalpemilu.org#18231,"SUBAN BARU, KELEKAR, MUARA ENIM, SUMATERA SELATAN",1,49,198,247
https://kawalpemilu.org#18231,"SUBAN BARU, KELEKAR, MUARA ENIM, SUMATERA SELATAN",2,24,205,229
https://kawalpemilu.org#18231,"SUBAN BARU, KELEKAR, MUARA ENIM, SUMATERA SELATAN",3,33,154,187
https://kawalpemilu.org#18231,"SUBAN BARU, KELEKAR, MUARA ENIM, SUMATERA SELATAN",4,69,144,213
https://kawalpemilu.org#18232,"PELEMPANG, KELEKAR, MUARA ENIM, SUMATERA SELATAN",1,57,158,215
https://kawalpemilu.org#18232,"PELEMPANG, KELEKAR, MUARA ENIM, SUMATERA SELATAN",2,42,142,184
https://kawalpemilu.org#18232,"PELEMPANG, KELEKAR, MUARA ENIM, SUMATERA SELATAN",3,42,181,223
https://kawalpemilu.org#18232,"PELEMPANG, KELEKAR, MUARA ENIM, SUMATERA SELATAN",4,46,157,203
https://kawalpemilu.org#18232,"PELEMPANG, KELEKAR, MUARA ENIM, SUMATERA SELATAN",5,83,53,136
https://kawalpemilu.org#18233,"TELUK JAYA, KELEKAR, MUARA ENIM, SUMATERA SELATAN",1,33,185,218
https://kawalpemilu.org#18233,"TELUK JAYA, KELEKAR, MUARA ENIM, SUMATERA SELATAN",2,41,159,200
https://kawalpemilu.org#18233,"TELUK JAYA, KELEKAR, MUARA ENIM, SUMATERA SELATAN",3,43,180,223
https://kawalpemilu.org#18233,"TELUK JAYA, KELEKAR, MUARA ENIM, SUMATERA SELATAN",4,50,154,195
https://kawalpemilu.org#18234,"TANJUNG MEDANG, KELEKAR, MUARA ENIM, SUMATERA SELATAN",1,74,194,278
https://kawalpemilu.org#18234,"TANJUNG MEDANG, KELEKAR, MUARA ENIM, SUMATERA SELATAN",2,81,166,247
https://kawalpemilu.org#18234,"TANJUNG MEDANG, KELEKAR, MUARA ENIM, SUMATERA SELATAN",3,111,152,263
https://kawalpemilu.org#18236,"GEDUNG BURUK, MUARA BELIDA, MUARA ENIM, SUMATERA SELATAN",1,116,29,145
https://kawalpemilu.org#18236,"GEDUNG BURUK, MUARA BELIDA, MUARA ENIM, SUMATERA SELATAN",2,85,89,174
https://kawalpemilu.org#18236,"GEDUNG BURUK, MUARA BELIDA, MUARA ENIM, SUMATERA SELATAN",3,56,94,150
https://kawalpemilu.org#18236,"GEDUNG BURUK, MUARA BELIDA, MUARA ENIM, SUMATERA SELATAN",4,0,0,0
https://kawalpemilu.org#18237,"ARISAN MUSI, MUARA BELIDA, MUARA ENIM, SUMATERA SELATAN",1,88,69,157
https://kawalpemilu.org#18237,"ARISAN MUSI, MUARA BELIDA, MUARA ENIM, SUMATERA SELATAN",2,0,0,0
https://kawalpemilu.org#18237,"ARISAN MUSI, MUARA BELIDA, MUARA ENIM, SUMATERA SELATAN",3,71,47,118
https://kawalpemilu.org#18237,"ARISAN MUSI, MUARA BELIDA, MUARA ENIM, SUMATERA SELATAN",4,64,33,97
https://kawalpemilu.org#18237,"ARISAN MUSI, MUARA BELIDA, MUARA ENIM, SUMATERA SELATAN",5,56,43,99
https://kawalpemilu.org#18237,"ARISAN MUSI, MUARA BELIDA, MUARA ENIM, SUMATERA SELATAN",6,45,40,85
https://kawalpemilu.org#18238,"HARAPAN MULYA, MUARA BELIDA, MUARA ENIM, SUMATERA SELATAN",1,169,30,199
https://kawalpemilu.org#18238,"HARAPAN MULYA, MUARA BELIDA, MUARA ENIM, SUMATERA SELATAN",2,145,72,217
https://kawalpemilu.org#18239,"MULIA ABADI, MUARA BELIDA, MUARA ENIM, SUMATERA SELATAN",1,85,66,151
https://kawalpemilu.org#18239,"MULIA ABADI, MUARA BELIDA, MUARA ENIM, SUMATERA SELATAN",2,133,9,142
https://kawalpemilu.org#18239,"MULIA ABADI, MUARA BELIDA, MUARA ENIM, SUMATERA SELATAN",3,118,30,148
https://kawalpemilu.org#18239,"MULIA ABADI, MUARA BELIDA, MUARA ENIM, SUMATERA SELATAN",4,117,21,138
https://kawalpemilu.org#18240,"ARISAN MUSI TIMUR, MUARA BELIDA, MUARA ENIM, SUMATERA SELATAN",1,68,25,93
https://kawalpemilu.org#18240,"ARISAN MUSI TIMUR, MUARA BELIDA, MUARA ENIM, SUMATERA SELATAN",2,87,75,162
https://kawalpemilu.org#18240,"ARISAN MUSI TIMUR, MUARA BELIDA, MUARA ENIM, SUMATERA SELATAN",3,93,64,157
https://kawalpemilu.org#18240,"ARISAN MUSI TIMUR, MUARA BELIDA, MUARA ENIM, SUMATERA SELATAN",4,61,50,111
https://kawalpemilu.org#18241,"PATRA TANI, MUARA BELIDA, MUARA ENIM, SUMATERA SELATAN",1,79,83,162
https://kawalpemilu.org#18241,"PATRA TANI, MUARA BELIDA, MUARA ENIM, SUMATERA SELATAN",2,0,0,0
https://kawalpemilu.org#18241,"PATRA TANI, MUARA BELIDA, MUARA ENIM, SUMATERA SELATAN",3,72,93,165
https://kawalpemilu.org#18242,"TANJUNG BARU, MUARA BELIDA, MUARA ENIM, SUMATERA SELATAN",1,92,59,151
https://kawalpemilu.org#18242,"TANJUNG BARU, MUARA BELIDA, MUARA ENIM, SUMATERA SELATAN",2,35,38,73
https://kawalpemilu.org#18242,"TANJUNG BARU, MUARA BELIDA, MUARA ENIM, SUMATERA SELATAN",3,69,38,107
https://kawalpemilu.org#18242,"TANJUNG BARU, MUARA BELIDA, MUARA ENIM, SUMATERA SELATAN",4,36,44,80
https://kawalpemilu.org#18242,"TANJUNG BARU, MUARA BELIDA, MUARA ENIM, SUMATERA SELATAN",5,64,37,101
https://kawalpemilu.org#18242,"TANJUNG BARU, MUARA BELIDA, MUARA ENIM, SUMATERA SELATAN",6,57,51,108
https://kawalpemilu.org#18242,"TANJUNG BARU, MUARA BELIDA, MUARA ENIM, SUMATERA SELATAN",7,61,17,78
https://kawalpemilu.org#18242,"TANJUNG BARU, MUARA BELIDA, MUARA ENIM, SUMATERA SELATAN",8,101,47,148
https://kawalpemilu.org#18243,"KAYUARA BATU, MUARA BELIDA, MUARA ENIM, SUMATERA SELATAN",1,168,50,218
https://kawalpemilu.org#18243,"KAYUARA BATU, MUARA BELIDA, MUARA ENIM, SUMATERA SELATAN",2,168,28,196
https://kawalpemilu.org#18243,"KAYUARA BATU, MUARA BELIDA, MUARA ENIM, SUMATERA SELATAN",3,133,25,158
https://kawalpemilu.org#17975,"CINTA KASIH, BELIMBING, MUARA ENIM, SUMATERA SELATAN",1,125,150,275
https://kawalpemilu.org#17975,"CINTA KASIH, BELIMBING, MUARA ENIM, SUMATERA SELATAN",2,81,156,237
https://kawalpemilu.org#17975,"CINTA KASIH, BELIMBING, MUARA ENIM, SUMATERA SELATAN",3,103,146,249
https://kawalpemilu.org#17975,"CINTA KASIH, BELIMBING, MUARA ENIM, SUMATERA SELATAN",4,70,182,252
https://kawalpemilu.org#17975,"CINTA KASIH, BELIMBING, MUARA ENIM, SUMATERA SELATAN",5,87,171,258
https://kawalpemilu.org#17975,"CINTA KASIH, BELIMBING, MUARA ENIM, SUMATERA SELATAN",6,68,149,217
https://kawalpemilu.org#17975,"CINTA KASIH, BELIMBING, MUARA ENIM, SUMATERA SELATAN",7,94,152,246
https://kawalpemilu.org#17975,"CINTA KASIH, BELIMBING, MUARA ENIM, SUMATERA SELATAN",8,52,172,224
https://kawalpemilu.org#17975,"CINTA KASIH, BELIMBING, MUARA ENIM, SUMATERA SELATAN",9,83,160,243
https://kawalpemilu.org#17975,"CINTA KASIH, BELIMBING, MUARA ENIM, SUMATERA SELATAN",10,58,170,228
https://kawalpemilu.org#17976,"DARMO KASIH, BELIMBING, MUARA ENIM, SUMATERA SELATAN",1,51,154,205
https://kawalpemilu.org#17976,"DARMO KASIH, BELIMBING, MUARA ENIM, SUMATERA SELATAN",2,69,178,247
https://kawalpemilu.org#17976,"DARMO KASIH, BELIMBING, MUARA ENIM, SUMATERA SELATAN",3,71,172,243
https://kawalpemilu.org#17977,"BULANG, BELIMBING, MUARA ENIM, SUMATERA SELATAN",1,84,137,221
https://kawalpemilu.org#17977,"BULANG, BELIMBING, MUARA ENIM, SUMATERA SELATAN",3,58,137,195
https://kawalpemilu.org#17977,"BULANG, BELIMBING, MUARA ENIM, SUMATERA SELATAN",4,55,141,196
https://kawalpemilu.org#17977,"BULANG, BELIMBING, MUARA ENIM, SUMATERA SELATAN",5,78,159,237
https://kawalpemilu.org#17977,"BULANG, BELIMBING, MUARA ENIM, SUMATERA SELATAN",6,77,166,243
https://kawalpemilu.org#17978,"DALAM, BELIMBING, MUARA ENIM, SUMATERA SELATAN",1,165,65,230
https://kawalpemilu.org#17978,"DALAM, BELIMBING, MUARA ENIM, SUMATERA SELATAN",2,119,73,192
https://kawalpemilu.org#17978,"DALAM, BELIMBING, MUARA ENIM, SUMATERA SELATAN",3,153,71,224
https://kawalpemilu.org#17978,"DALAM, BELIMBING, MUARA ENIM, SUMATERA SELATAN",4,125,81,206
https://kawalpemilu.org#17978,"DALAM, BELIMBING, MUARA ENIM, SUMATERA SELATAN",5,113,91,204
https://kawalpemilu.org#17978,"DALAM, BELIMBING, MUARA ENIM, SUMATERA SELATAN",6,98,84,182
https://kawalpemilu.org#17978,"DALAM, BELIMBING, MUARA ENIM, SUMATERA SELATAN",7,144,89,233
https://kawalpemilu.org#17978,"DALAM, BELIMBING, MUARA ENIM, SUMATERA SELATAN",8,117,74,191
https://kawalpemilu.org#17978,"DALAM, BELIMBING, MUARA ENIM, SUMATERA SELATAN",9,153,73,226
https://kawalpemilu.org#17978,"DALAM, BELIMBING, MUARA ENIM, SUMATERA SELATAN",10,132,88,220
https://kawalpemilu.org#17978,"DALAM, BELIMBING, MUARA ENIM, SUMATERA SELATAN",11,117,95,212
https://kawalpemilu.org#17978,"DALAM, BELIMBING, MUARA ENIM, SUMATERA SELATAN",12,108,83,191
https://kawalpemilu.org#17979,"TANJUNG, BELIMBING, MUARA ENIM, SUMATERA SELATAN",1,52,166,218
https://kawalpemilu.org#17979,"TANJUNG, BELIMBING, MUARA ENIM, SUMATERA SELATAN",2,41,149,190
https://kawalpemilu.org#17979,"TANJUNG, BELIMBING, MUARA ENIM, SUMATERA SELATAN",3,59,156,215
https://kawalpemilu.org#17979,"TANJUNG, BELIMBING, MUARA ENIM, SUMATERA SELATAN",4,44,139,183
https://kawalpemilu.org#17980,"BERUGO, BELIMBING, MUARA ENIM, SUMATERA SELATAN",1,57,122,179
https://kawalpemilu.org#17980,"BERUGO, BELIMBING, MUARA ENIM, SUMATERA SELATAN",2,59,148,207
https://kawalpemilu.org#17980,"BERUGO, BELIMBING, MUARA ENIM, SUMATERA SELATAN",3,74,89,163
https://kawalpemilu.org#17981,"TELUK LUBUK, BELIMBING, MUARA ENIM, SUMATERA SELATAN",1,120,121,241
https://kawalpemilu.org#17981,"TELUK LUBUK, BELIMBING, MUARA ENIM, SUMATERA SELATAN",2,99,115,214
https://kawalpemilu.org#17981,"TELUK LUBUK, BELIMBING, MUARA ENIM, SUMATERA SELATAN",3,114,118,232
https://kawalpemilu.org#17981,"TELUK LUBUK, BELIMBING, MUARA ENIM, SUMATERA SELATAN",4,129,129,258
https://kawalpemilu.org#17981,"TELUK LUBUK, BELIMBING, MUARA ENIM, SUMATERA SELATAN",5,85,122,207
https://kawalpemilu.org#17981,"TELUK LUBUK, BELIMBING, MUARA ENIM, SUMATERA SELATAN",6,107,126,233
https://kawalpemilu.org#17981,"TELUK LUBUK, BELIMBING, MUARA ENIM, SUMATERA SELATAN",7,139,108,247
https://kawalpemilu.org#17981,"TELUK LUBUK, BELIMBING, MUARA ENIM, SUMATERA SELATAN",8,81,126,207
https://kawalpemilu.org#17981,"TELUK LUBUK, BELIMBING, MUARA ENIM, SUMATERA SELATAN",9,106,112,218
https://kawalpemilu.org#17981,"TELUK LUBUK, BELIMBING, MUARA ENIM, SUMATERA SELATAN",10,147,125,272
https://kawalpemilu.org#17981,"TELUK LUBUK, BELIMBING, MUARA ENIM, SUMATERA SELATAN",11,166,97,263
https://kawalpemilu.org#17981,"TELUK LUBUK, BELIMBING, MUARA ENIM, SUMATERA SELATAN",12,128,111,239
https://kawalpemilu.org#17982,"BELIMBING, BELIMBING, MUARA ENIM, SUMATERA SELATAN",1,76,136,212
https://kawalpemilu.org#17982,"BELIMBING, BELIMBING, MUARA ENIM, SUMATERA SELATAN",2,86,122,208
https://kawalpemilu.org#17982,"BELIMBING, BELIMBING, MUARA ENIM, SUMATERA SELATAN",3,79,143,222
https://kawalpemilu.org#17982,"BELIMBING, BELIMBING, MUARA ENIM, SUMATERA SELATAN",4,50,154,204
https://kawalpemilu.org#17982,"BELIMBING, BELIMBING, MUARA ENIM, SUMATERA SELATAN",5,92,136,228
https://kawalpemilu.org#17982,"BELIMBING, BELIMBING, MUARA ENIM, SUMATERA SELATAN",6,94,127,221
https://kawalpemilu.org#17989,"BELIMBING JAYA, BELIMBING, MUARA ENIM, SUMATERA SELATAN",1,94,159,253
https://kawalpemilu.org#17989,"BELIMBING JAYA, BELIMBING, MUARA ENIM, SUMATERA SELATAN",2,71,169,240
https://kawalpemilu.org#17989,"BELIMBING JAYA, BELIMBING, MUARA ENIM, SUMATERA SELATAN",3,62,172,234
https://kawalpemilu.org#17990,"SIMPANG TANJUNG, BELIMBING, MUARA ENIM, SUMATERA SELATAN",1,82,191,273
https://kawalpemilu.org#17990,"SIMPANG TANJUNG, BELIMBING, MUARA ENIM, SUMATERA SELATAN",2,54,158,212
https://kawalpemilu.org#17990,"SIMPANG TANJUNG, BELIMBING, MUARA ENIM, SUMATERA SELATAN",3,93,165,258
https://kawalpemilu.org#17990,"SIMPANG TANJUNG, BELIMBING, MUARA ENIM, SUMATERA SELATAN",4,51,169,220
https://kawalpemilu.org#17990,"SIMPANG TANJUNG, BELIMBING, MUARA ENIM, SUMATERA SELATAN",5,86,176,262
https://kawalpemilu.org#17990,"SIMPANG TANJUNG, BELIMBING, MUARA ENIM, SUMATERA SELATAN",6,81,114,195
https://kawalpemilu.org#18177,"TALANG  BALAI, BELIDA DARAT, MUARA ENIM, SUMATERA SELATAN",1,60,161,221
https://kawalpemilu.org#18177,"TALANG  BALAI, BELIDA DARAT, MUARA ENIM, SUMATERA SELATAN",2,69,154,223
https://kawalpemilu.org#18177,"TALANG  BALAI, BELIDA DARAT, MUARA ENIM, SUMATERA SELATAN",3,70,155,225
https://kawalpemilu.org#18177,"TALANG  BALAI, BELIDA DARAT, MUARA ENIM, SUMATERA SELATAN",4,68,159,227
https://kawalpemilu.org#18177,"TALANG  BALAI, BELIDA DARAT, MUARA ENIM, SUMATERA SELATAN",5,68,152,220
https://kawalpemilu.org#18178,"BABAT, BELIDA DARAT, MUARA ENIM, SUMATERA SELATAN",1,19,218,237
https://kawalpemilu.org#18178,"BABAT, BELIDA DARAT, MUARA ENIM, SUMATERA SELATAN",2,23,202,225
https://kawalpemilu.org#18178,"BABAT, BELIDA DARAT, MUARA ENIM, SUMATERA SELATAN",3,33,203,236
https://kawalpemilu.org#18178,"BABAT, BELIDA DARAT, MUARA ENIM, SUMATERA SELATAN",4,20,189,209
https://kawalpemilu.org#18179,"SIALINGAN, BELIDA DARAT, MUARA ENIM, SUMATERA SELATAN",1,59,191,250
https://kawalpemilu.org#18179,"SIALINGAN, BELIDA DARAT, MUARA ENIM, SUMATERA SELATAN",2,85,170,255
https://kawalpemilu.org#18179,"SIALINGAN, BELIDA DARAT, MUARA ENIM, SUMATERA SELATAN",3,64,180,244
https://kawalpemilu.org#18179,"SIALINGAN, BELIDA DARAT, MUARA ENIM, SUMATERA SELATAN",4,67,193,260
https://kawalpemilu.org#18180,"TANJUNG BUNUT, BELIDA DARAT, MUARA ENIM, SUMATERA SELATAN",2,43,230,273
https://kawalpemilu.org#18180,"TANJUNG BUNUT, BELIDA DARAT, MUARA ENIM, SUMATERA SELATAN",3,36,229,265
https://kawalpemilu.org#18180,"TANJUNG BUNUT, BELIDA DARAT, MUARA ENIM, SUMATERA SELATAN",4,50,214,264
https://kawalpemilu.org#18181,"IBUL, BELIDA DARAT, MUARA ENIM, SUMATERA SELATAN",1,92,181,273
https://kawalpemilu.org#18181,"IBUL, BELIDA DARAT, MUARA ENIM, SUMATERA SELATAN",2,71,188,259
https://kawalpemilu.org#18181,"IBUL, BELIDA DARAT, MUARA ENIM, SUMATERA SELATAN",3,74,189,263
https://kawalpemilu.org#18182,"GAUNG ASAM, BELIDA DARAT, MUARA ENIM, SUMATERA SELATAN",1,54,199,253
https://kawalpemilu.org#18182,"GAUNG ASAM, BELIDA DARAT, MUARA ENIM, SUMATERA SELATAN",2,56,200,256
https://kawalpemilu.org#18182,"GAUNG ASAM, BELIDA DARAT, MUARA ENIM, SUMATERA SELATAN",3,58,196,254
https://kawalpemilu.org#18182,"GAUNG ASAM, BELIDA DARAT, MUARA ENIM, SUMATERA SELATAN",4,51,194,245
https://kawalpemilu.org#18182,"GAUNG ASAM, BELIDA DARAT, MUARA ENIM, SUMATERA SELATAN",5,35,208,243
https://kawalpemilu.org#18182,"GAUNG ASAM, BELIDA DARAT, MUARA ENIM, SUMATERA SELATAN",6,38,180,218
https://kawalpemilu.org#91905,"LUBUK SEMANTUNG, BELIDA DARAT, MUARA ENIM, SUMATERA SELATAN",1,38,196,234
https://kawalpemilu.org#91905,"LUBUK SEMANTUNG, BELIDA DARAT, MUARA ENIM, SUMATERA SELATAN",2,30,183,213
https://kawalpemilu.org#91905,"LUBUK SEMANTUNG, BELIDA DARAT, MUARA ENIM, SUMATERA SELATAN",3,22,180,202
https://kawalpemilu.org#91906,"LUBUK GETAM, BELIDA DARAT, MUARA ENIM, SUMATERA SELATAN",1,27,180,207
https://kawalpemilu.org#91906,"LUBUK GETAM, BELIDA DARAT, MUARA ENIM, SUMATERA SELATAN",2,25,191,216
https://kawalpemilu.org#91906,"LUBUK GETAM, BELIDA DARAT, MUARA ENIM, SUMATERA SELATAN",3,31,182,213
https://kawalpemilu.org#91908,"TANJUNG TIGA, BELIDA DARAT, MUARA ENIM, SUMATERA SELATAN",1,167,95,262
https://kawalpemilu.org#91908,"TANJUNG TIGA, BELIDA DARAT, MUARA ENIM, SUMATERA SELATAN",2,138,129,267
https://kawalpemilu.org#91909,"TALANG BELIUNG, BELIDA DARAT, MUARA ENIM, SUMATERA SELATAN",1,99,102,201
https://kawalpemilu.org#91909,"TALANG BELIUNG, BELIDA DARAT, MUARA ENIM, SUMATERA SELATAN",2,95,123,218
https://kawalpemilu.org#18121,"LECAH, LUBAI ULU, MUARA ENIM, SUMATERA SELATAN",1,67,172,239
https://kawalpemilu.org#18121,"LECAH, LUBAI ULU, MUARA ENIM, SUMATERA SELATAN",2,101,120,221
https://kawalpemilu.org#18121,"LECAH, LUBAI ULU, MUARA ENIM, SUMATERA SELATAN",3,76,156,232
https://kawalpemilu.org#18121,"LECAH, LUBAI ULU, MUARA ENIM, SUMATERA SELATAN",4,127,73,200
https://kawalpemilu.org#18121,"LECAH, LUBAI ULU, MUARA ENIM, SUMATERA SELATAN",5,99,110,209
https://kawalpemilu.org#18122,"PRABU MENANG, LUBAI ULU, MUARA ENIM, SUMATERA SELATAN",1,53,132,185
https://kawalpemilu.org#18122,"PRABU MENANG, LUBAI ULU, MUARA ENIM, SUMATERA SELATAN",2,66,127,193
https://kawalpemilu.org#18122,"PRABU MENANG, LUBAI ULU, MUARA ENIM, SUMATERA SELATAN",3,26,113,139
https://kawalpemilu.org#18122,"PRABU MENANG, LUBAI ULU, MUARA ENIM, SUMATERA SELATAN",4,50,117,167
https://kawalpemilu.org#18122,"PRABU MENANG, LUBAI ULU, MUARA ENIM, SUMATERA SELATAN",5,94,129,223
https://kawalpemilu.org#18122,"PRABU MENANG, LUBAI ULU, MUARA ENIM, SUMATERA SELATAN",6,56,99,155
https://kawalpemilu.org#18122,"PRABU MENANG, LUBAI ULU, MUARA ENIM, SUMATERA SELATAN",7,49,85,134
https://kawalpemilu.org#18122,"PRABU MENANG, LUBAI ULU, MUARA ENIM, SUMATERA SELATAN",8,37,60,97
https://kawalpemilu.org#18123,"PAGAR DEWA, LUBAI ULU, MUARA ENIM, SUMATERA SELATAN",1,75,115,190
https://kawalpemilu.org#18123,"PAGAR DEWA, LUBAI ULU, MUARA ENIM, SUMATERA SELATAN",2,120,105,225
https://kawalpemilu.org#18123,"PAGAR DEWA, LUBAI ULU, MUARA ENIM, SUMATERA SELATAN",3,72,128,200
https://kawalpemilu.org#18123,"PAGAR DEWA, LUBAI ULU, MUARA ENIM, SUMATERA SELATAN",4,113,83,196
https://kawalpemilu.org#18123,"PAGAR DEWA, LUBAI ULU, MUARA ENIM, SUMATERA SELATAN",5,119,122,241
https://kawalpemilu.org#18123,"PAGAR DEWA, LUBAI ULU, MUARA ENIM, SUMATERA SELATAN",6,102,104,206
https://kawalpemilu.org#18123,"PAGAR DEWA, LUBAI ULU, MUARA ENIM, SUMATERA SELATAN",7,84,56,140
https://kawalpemilu.org#18123,"PAGAR DEWA, LUBAI ULU, MUARA ENIM, SUMATERA SELATAN",8,124,41,165
https://kawalpemilu.org#18123,"PAGAR DEWA, LUBAI ULU, MUARA ENIM, SUMATERA SELATAN",9,122,52,174
https://kawalpemilu.org#18123,"PAGAR DEWA, LUBAI ULU, MUARA ENIM, SUMATERA SELATAN",10,72,87,159
https://kawalpemilu.org#18124,"KARANG AGUNG, LUBAI ULU, MUARA ENIM, SUMATERA SELATAN",1,23,10,33
https://kawalpemilu.org#18124,"KARANG AGUNG, LUBAI ULU, MUARA ENIM, SUMATERA SELATAN",2,103,120,223
https://kawalpemilu.org#18124,"KARANG AGUNG, LUBAI ULU, MUARA ENIM, SUMATERA SELATAN",3,49,89,138
https://kawalpemilu.org#18124,"KARANG AGUNG, LUBAI ULU, MUARA ENIM, SUMATERA SELATAN",4,103,149,252
https://kawalpemilu.org#18124,"KARANG AGUNG, LUBAI ULU, MUARA ENIM, SUMATERA SELATAN",5,103,132,235
https://kawalpemilu.org#18124,"KARANG AGUNG, LUBAI ULU, MUARA ENIM, SUMATERA SELATAN",6,41,68,109
https://kawalpemilu.org#18124,"KARANG AGUNG, LUBAI ULU, MUARA ENIM, SUMATERA SELATAN",7,43,66,109
https://kawalpemilu.org#18124,"KARANG AGUNG, LUBAI ULU, MUARA ENIM, SUMATERA SELATAN",9,66,164,237
https://kawalpemilu.org#18124,"KARANG AGUNG, LUBAI ULU, MUARA ENIM, SUMATERA SELATAN",10,71,144,215
https://kawalpemilu.org#18124,"KARANG AGUNG, LUBAI ULU, MUARA ENIM, SUMATERA SELATAN",11,63,85,149
https://kawalpemilu.org#18124,"KARANG AGUNG, LUBAI ULU, MUARA ENIM, SUMATERA SELATAN",12,62,177,239
https://kawalpemilu.org#18124,"KARANG AGUNG, LUBAI ULU, MUARA ENIM, SUMATERA SELATAN",13,85,98,183
https://kawalpemilu.org#18124,"KARANG AGUNG, LUBAI ULU, MUARA ENIM, SUMATERA SELATAN",14,119,92,211
https://kawalpemilu.org#18124,"KARANG AGUNG, LUBAI ULU, MUARA ENIM, SUMATERA SELATAN",15,113,96,209
https://kawalpemilu.org#18124,"KARANG AGUNG, LUBAI ULU, MUARA ENIM, SUMATERA SELATAN",16,139,87,226
https://kawalpemilu.org#18124,"KARANG AGUNG, LUBAI ULU, MUARA ENIM, SUMATERA SELATAN",17,124,95,219
https://kawalpemilu.org#18124,"KARANG AGUNG, LUBAI ULU, MUARA ENIM, SUMATERA SELATAN",18,143,52,195
https://kawalpemilu.org#18132,"SUMBER MULYA, LUBAI ULU, MUARA ENIM, SUMATERA SELATAN",1,104,102,206
https://kawalpemilu.org#18132,"SUMBER MULYA, LUBAI ULU, MUARA ENIM, SUMATERA SELATAN",2,91,119,210
https://kawalpemilu.org#18132,"SUMBER MULYA, LUBAI ULU, MUARA ENIM, SUMATERA SELATAN",3,126,95,221
https://kawalpemilu.org#18132,"SUMBER MULYA, LUBAI ULU, MUARA ENIM, SUMATERA SELATAN",4,108,107,215
https://kawalpemilu.org#18132,"SUMBER MULYA, LUBAI ULU, MUARA ENIM, SUMATERA SELATAN",5,60,159,219
https://kawalpemilu.org#18132,"SUMBER MULYA, LUBAI ULU, MUARA ENIM, SUMATERA SELATAN",6,139,96,235
https://kawalpemilu.org#18132,"SUMBER MULYA, LUBAI ULU, MUARA ENIM, SUMATERA SELATAN",7,91,79,170
https://kawalpemilu.org#18132,"SUMBER MULYA, LUBAI ULU, MUARA ENIM, SUMATERA SELATAN",8,102,137,239
https://kawalpemilu.org#18132,"SUMBER MULYA, LUBAI ULU, MUARA ENIM, SUMATERA SELATAN",9,104,145,249
https://kawalpemilu.org#18132,"SUMBER MULYA, LUBAI ULU, MUARA ENIM, SUMATERA SELATAN",10,44,150,194
https://kawalpemilu.org#18132,"SUMBER MULYA, LUBAI ULU, MUARA ENIM, SUMATERA SELATAN",11,92,119,211
https://kawalpemilu.org#18132,"SUMBER MULYA, LUBAI ULU, MUARA ENIM, SUMATERA SELATAN",12,116,82,198
https://kawalpemilu.org#18132,"SUMBER MULYA, LUBAI ULU, MUARA ENIM, SUMATERA SELATAN",13,80,104,184
https://kawalpemilu.org#18132,"SUMBER MULYA, LUBAI ULU, MUARA ENIM, SUMATERA SELATAN",14,50,80,130
https://kawalpemilu.org#18132,"SUMBER MULYA, LUBAI ULU, MUARA ENIM, SUMATERA SELATAN",15,101,97,198
https://kawalpemilu.org#18132,"SUMBER MULYA, LUBAI ULU, MUARA ENIM, SUMATERA SELATAN",16,84,69,153
https://kawalpemilu.org#18132,"SUMBER MULYA, LUBAI ULU, MUARA ENIM, SUMATERA SELATAN",17,54,92,146
https://kawalpemilu.org#18132,"SUMBER MULYA, LUBAI ULU, MUARA ENIM, SUMATERA SELATAN",18,56,53,109
https://kawalpemilu.org#18133,"KARANG MULYA, LUBAI ULU, MUARA ENIM, SUMATERA SELATAN",1,115,119,234
https://kawalpemilu.org#18133,"KARANG MULYA, LUBAI ULU, MUARA ENIM, SUMATERA SELATAN",2,133,71,204
https://kawalpemilu.org#18133,"KARANG MULYA, LUBAI ULU, MUARA ENIM, SUMATERA SELATAN",3,145,101,246
https://kawalpemilu.org#18133,"KARANG MULYA, LUBAI ULU, MUARA ENIM, SUMATERA SELATAN",4,126,82,208
https://kawalpemilu.org#18133,"KARANG MULYA, LUBAI ULU, MUARA ENIM, SUMATERA SELATAN",5,124,114,238
https://kawalpemilu.org#18133,"KARANG MULYA, LUBAI ULU, MUARA ENIM, SUMATERA SELATAN",6,116,76,192
https://kawalpemilu.org#18133,"KARANG MULYA, LUBAI ULU, MUARA ENIM, SUMATERA SELATAN",7,119,88,207
https://kawalpemilu.org#18133,"KARANG MULYA, LUBAI ULU, MUARA ENIM, SUMATERA SELATAN",8,185,51,236
https://kawalpemilu.org#18135,"LUBAI PERSADA, LUBAI ULU, MUARA ENIM, SUMATERA SELATAN",1,72,106,178
https://kawalpemilu.org#18135,"LUBAI PERSADA, LUBAI ULU, MUARA ENIM, SUMATERA SELATAN",2,71,109,180
https://kawalpemilu.org#18135,"LUBAI PERSADA, LUBAI ULU, MUARA ENIM, SUMATERA SELATAN",3,103,70,173
https://kawalpemilu.org#18135,"LUBAI PERSADA, LUBAI ULU, MUARA ENIM, SUMATERA SELATAN",4,122,88,210
https://kawalpemilu.org#18136,"MEKAR JAYA, LUBAI ULU, MUARA ENIM, SUMATERA SELATAN",1,81,137,218
https://kawalpemilu.org#18136,"MEKAR JAYA, LUBAI ULU, MUARA ENIM, SUMATERA SELATAN",2,87,128,215
https://kawalpemilu.org#18136,"MEKAR JAYA, LUBAI ULU, MUARA ENIM, SUMATERA SELATAN",3,112,109,221
https://kawalpemilu.org#18136,"MEKAR JAYA, LUBAI ULU, MUARA ENIM, SUMATERA SELATAN",4,101,108,209
https://kawalpemilu.org#18137,"LUBAI MAKMUR, LUBAI ULU, MUARA ENIM, SUMATERA SELATAN",1,55,107,162
https://kawalpemilu.org#18137,"LUBAI MAKMUR, LUBAI ULU, MUARA ENIM, SUMATERA SELATAN",2,62,127,189
https://kawalpemilu.org#18138,"SUMBER ASRI, LUBAI ULU, MUARA ENIM, SUMATERA SELATAN",1,68,128,196
https://kawalpemilu.org#18138,"SUMBER ASRI, LUBAI ULU, MUARA ENIM, SUMATERA SELATAN",2,87,105,192
https://kawalpemilu.org#18138,"SUMBER ASRI, LUBAI ULU, MUARA ENIM, SUMATERA SELATAN",3,83,110,193
https://kawalpemilu.org#18138,"SUMBER ASRI, LUBAI ULU, MUARA ENIM, SUMATERA SELATAN",4,80,100,180
https://kawalpemilu.org#18138,"SUMBER ASRI, LUBAI ULU, MUARA ENIM, SUMATERA SELATAN",5,85,108,193
https://kawalpemilu.org#18139,"KARANG SARI, LUBAI ULU, MUARA ENIM, SUMATERA SELATAN",1,169,72,241
https://kawalpemilu.org#18139,"KARANG SARI, LUBAI ULU, MUARA ENIM, SUMATERA SELATAN",2,113,110,223
https://kawalpemilu.org#18139,"KARANG SARI, LUBAI ULU, MUARA ENIM, SUMATERA SELATAN",3,127,90,217
https://kawalpemilu.org#18139,"KARANG SARI, LUBAI ULU, MUARA ENIM, SUMATERA SELATAN",4,147,96,243
https://kawalpemilu.org#18139,"KARANG SARI, LUBAI ULU, MUARA ENIM, SUMATERA SELATAN",5,111,95,206
https://kawalpemilu.org#18139,"KARANG SARI, LUBAI ULU, MUARA ENIM, SUMATERA SELATAN",6,84,105,189
https://kawalpemilu.org#18246,"KEMBANG AYUN, TANJUNGSAKTI PUMU, LAHAT, SUMATERA SELATAN",1,58,213,271
https://kawalpemilu.org#18246,"KEMBANG AYUN, TANJUNGSAKTI PUMU, LAHAT, SUMATERA SELATAN",2,40,121,161
https://kawalpemilu.org#18247,"GUNUNG MERAKSA, TANJUNGSAKTI PUMU, LAHAT, SUMATERA SELATAN",1,76,195,271
https://kawalpemilu.org#18247,"GUNUNG MERAKSA, TANJUNGSAKTI PUMU, LAHAT, SUMATERA SELATAN",2,68,164,232
https://kawalpemilu.org#18247,"GUNUNG MERAKSA, TANJUNGSAKTI PUMU, LAHAT, SUMATERA SELATAN",3,68,149,217
https://kawalpemilu.org#18247,"GUNUNG MERAKSA, TANJUNGSAKTI PUMU, LAHAT, SUMATERA SELATAN",4,56,152,208
https://kawalpemilu.org#18248,"TANJUNG ALAM, TANJUNGSAKTI PUMU, LAHAT, SUMATERA SELATAN",1,40,233,273
https://kawalpemilu.org#18248,"TANJUNG ALAM, TANJUNGSAKTI PUMU, LAHAT, SUMATERA SELATAN",2,36,229,265
https://kawalpemilu.org#18248,"TANJUNG ALAM, TANJUNGSAKTI PUMU, LAHAT, SUMATERA SELATAN",3,47,217,264
https://kawalpemilu.org#18248,"TANJUNG ALAM, TANJUNGSAKTI PUMU, LAHAT, SUMATERA SELATAN",4,21,171,192
https://kawalpemilu.org#18249,"BATU RANCING, TANJUNGSAKTI PUMU, LAHAT, SUMATERA SELATAN",1,54,202,256
https://kawalpemilu.org#18249,"BATU RANCING, TANJUNGSAKTI PUMU, LAHAT, SUMATERA SELATAN",2,28,142,170
https://kawalpemilu.org#18250,"SUBAN, TANJUNGSAKTI PUMU, LAHAT, SUMATERA SELATAN",1,69,206,275
https://kawalpemilu.org#18250,"SUBAN, TANJUNGSAKTI PUMU, LAHAT, SUMATERA SELATAN",2,85,201,286
https://kawalpemilu.org#18250,"SUBAN, TANJUNGSAKTI PUMU, LAHAT, SUMATERA SELATAN",3,23,128,151
https://kawalpemilu.org#18251,"GENTENG, TANJUNGSAKTI PUMU, LAHAT, SUMATERA SELATAN",1,79,200,279
https://kawalpemilu.org#18251,"GENTENG, TANJUNGSAKTI PUMU, LAHAT, SUMATERA SELATAN",2,70,196,266
https://kawalpemilu.org#18252,"GUNUNG AYU, TANJUNGSAKTI PUMU, LAHAT, SUMATERA SELATAN",1,59,180,239
https://kawalpemilu.org#18252,"GUNUNG AYU, TANJUNGSAKTI PUMU, LAHAT, SUMATERA SELATAN",2,59,196,255
https://kawalpemilu.org#18252,"GUNUNG AYU, TANJUNGSAKTI PUMU, LAHAT, SUMATERA SELATAN",3,19,55,74
https://kawalpemilu.org#18253,"UJUNG PULAU, TANJUNGSAKTI PUMU, LAHAT, SUMATERA SELATAN",1,95,184,279
https://kawalpemilu.org#18253,"UJUNG PULAU, TANJUNGSAKTI PUMU, LAHAT, SUMATERA SELATAN",2,97,179,276
https://kawalpemilu.org#18253,"UJUNG PULAU, TANJUNGSAKTI PUMU, LAHAT, SUMATERA SELATAN",3,116,133,249
https://kawalpemilu.org#18254,"MUARA CAWANG, TANJUNGSAKTI PUMU, LAHAT, SUMATERA SELATAN",1,38,184,222
https://kawalpemilu.org#18254,"MUARA CAWANG, TANJUNGSAKTI PUMU, LAHAT, SUMATERA SELATAN",2,19,200,219
https://kawalpemilu.org#18254,"MUARA CAWANG, TANJUNGSAKTI PUMU, LAHAT, SUMATERA SELATAN",3,38,184,222
https://kawalpemilu.org#18255,"KEPALA SIRING, TANJUNGSAKTI PUMU, LAHAT, SUMATERA SELATAN",1,95,102,197
https://kawalpemilu.org#18255,"KEPALA SIRING, TANJUNGSAKTI PUMU, LAHAT, SUMATERA SELATAN",2,88,83,171
https://kawalpemilu.org#18255,"KEPALA SIRING, TANJUNGSAKTI PUMU, LAHAT, SUMATERA SELATAN",3,47,94,141
https://kawalpemilu.org#18256,"SIMPANG TIGA PUMU, TANJUNGSAKTI PUMU, LAHAT, SUMATERA SELATAN",1,60,185,245
https://kawalpemilu.org#18256,"SIMPANG TIGA PUMU, TANJUNGSAKTI PUMU, LAHAT, SUMATERA SELATAN",2,57,181,238
https://kawalpemilu.org#18256,"SIMPANG TIGA PUMU, TANJUNGSAKTI PUMU, LAHAT, SUMATERA SELATAN",3,51,179,230
https://kawalpemilu.org#18256,"SIMPANG TIGA PUMU, TANJUNGSAKTI PUMU, LAHAT, SUMATERA SELATAN",4,68,179,247
https://kawalpemilu.org#18256,"SIMPANG TIGA PUMU, TANJUNGSAKTI PUMU, LAHAT, SUMATERA SELATAN",5,34,131,165
https://kawalpemilu.org#18257,"GUNUNG RAYA, TANJUNGSAKTI PUMU, LAHAT, SUMATERA SELATAN",1,108,151,259
https://kawalpemilu.org#18257,"GUNUNG RAYA, TANJUNGSAKTI PUMU, LAHAT, SUMATERA SELATAN",2,93,173,266
https://kawalpemilu.org#18257,"GUNUNG RAYA, TANJUNGSAKTI PUMU, LAHAT, SUMATERA SELATAN",3,23,63,86
https://kawalpemilu.org#18258,"TALANG TINGGI, TANJUNGSAKTI PUMU, LAHAT, SUMATERA SELATAN",1,129,159,288
https://kawalpemilu.org#18258,"TALANG TINGGI, TANJUNGSAKTI PUMU, LAHAT, SUMATERA SELATAN",2,33,80,113
https://kawalpemilu.org#18259,"KARANG AGUNG, TANJUNGSAKTI PUMU, LAHAT, SUMATERA SELATAN",1,130,152,282
https://kawalpemilu.org#18259,"KARANG AGUNG, TANJUNGSAKTI PUMU, LAHAT, SUMATERA SELATAN",2,94,161,255
https://kawalpemilu.org#18259,"KARANG AGUNG, TANJUNGSAKTI PUMU, LAHAT, SUMATERA SELATAN",3,55,123,178
https://kawalpemilu.org#18261,"SADAN, JARAI, LAHAT, SUMATERA SELATAN",1,154,86,240
https://kawalpemilu.org#18261,"SADAN, JARAI, LAHAT, SUMATERA SELATAN",2,129,74,203
https://kawalpemilu.org#18261,"SADAN, JARAI, LAHAT, SUMATERA SELATAN",3,157,96,253
https://kawalpemilu.org#18261,"SADAN, JARAI, LAHAT, SUMATERA SELATAN",4,173,91,264
https://kawalpemilu.org#18262,"PENANTIAN, JARAI, LAHAT, SUMATERA SELATAN",1,94,114,208
https://kawalpemilu.org#18262,"PENANTIAN, JARAI, LAHAT, SUMATERA SELATAN",2,75,104,179
https://kawalpemilu.org#18262,"PENANTIAN, JARAI, LAHAT, SUMATERA SELATAN",3,95,115,210
https://kawalpemilu.org#18262,"PENANTIAN, JARAI, LAHAT, SUMATERA SELATAN",4,92,96,188
https://kawalpemilu.org#18262,"PENANTIAN, JARAI, LAHAT, SUMATERA SELATAN",5,94,102,196
https://kawalpemilu.org#18263,"BANDAR AJI, JARAI, LAHAT, SUMATERA SELATAN",1,119,82,201
https://kawalpemilu.org#18263,"BANDAR AJI, JARAI, LAHAT, SUMATERA SELATAN",2,116,85,201
https://kawalpemilu.org#18263,"BANDAR AJI, JARAI, LAHAT, SUMATERA SELATAN",3,60,112,172
https://kawalpemilu.org#18263,"BANDAR AJI, JARAI, LAHAT, SUMATERA SELATAN",4,110,78,188
https://kawalpemilu.org#18264,"TERTAP, JARAI, LAHAT, SUMATERA SELATAN",1,106,124,230
https://kawalpemilu.org#18264,"TERTAP, JARAI, LAHAT, SUMATERA SELATAN",2,100,135,235
https://kawalpemilu.org#18264,"TERTAP, JARAI, LAHAT, SUMATERA SELATAN",3,101,127,228
https://kawalpemilu.org#18265,"SERAMBI, JARAI, LAHAT, SUMATERA SELATAN",1,79,153,232
https://kawalpemilu.org#18265,"SERAMBI, JARAI, LAHAT, SUMATERA SELATAN",2,57,143,200
https://kawalpemilu.org#18265,"SERAMBI, JARAI, LAHAT, SUMATERA SELATAN",3,49,159,208
https://kawalpemilu.org#18266,"MUARA TAWI, JARAI, LAHAT, SUMATERA SELATAN",1,45,96,141
https://kawalpemilu.org#18266,"MUARA TAWI, JARAI, LAHAT, SUMATERA SELATAN",2,49,97,146
https://kawalpemilu.org#18267,"KEDATON, JARAI, LAHAT, SUMATERA SELATAN",1,89,139,228
https://kawalpemilu.org#18268,"PELAJARAN, JARAI, LAHAT, SUMATERA SELATAN",1,80,164,244
https://kawalpemilu.org#18268,"PELAJARAN, JARAI, LAHAT, SUMATERA SELATAN",2,87,153,240
https://kawalpemilu.org#18269,"NANTI GIRI, JARAI, LAHAT, SUMATERA SELATAN",1,74,167,241
https://kawalpemilu.org#18269,"NANTI GIRI, JARAI, LAHAT, SUMATERA SELATAN",2,106,157,263
https://kawalpemilu.org#18269,"NANTI GIRI, JARAI, LAHAT, SUMATERA SELATAN",3,71,162,233
https://kawalpemilu.org#18270,"PAMA SALAK, JARAI, LAHAT, SUMATERA SELATAN",1,75,107,182
https://kawalpemilu.org#18270,"PAMA SALAK, JARAI, LAHAT, SUMATERA SELATAN",2,81,93,174
https://kawalpemilu.org#18270,"PAMA SALAK, JARAI, LAHAT, SUMATERA SELATAN",3,72,81,153
https://kawalpemilu.org#18271,"JEMARING, JARAI, LAHAT, SUMATERA SELATAN",1,76,120,196
https://kawalpemilu.org#18271,"JEMARING, JARAI, LAHAT, SUMATERA SELATAN",2,66,120,186
https://kawalpemilu.org#18272,"AROMANTAI, JARAI, LAHAT, SUMATERA SELATAN",1,112,128,240
https://kawalpemilu.org#18272,"AROMANTAI, JARAI, LAHAT, SUMATERA SELATAN",2,61,163,224
https://kawalpemilu.org#18273,"JARAI, JARAI, LAHAT, SUMATERA SELATAN",1,94,113,207
https://kawalpemilu.org#18273,"JARAI, JARAI, LAHAT, SUMATERA SELATAN",2,107,83,190
https://kawalpemilu.org#18273,"JARAI, JARAI, LAHAT, SUMATERA SELATAN",3,137,79,216
https://kawalpemilu.org#18273,"JARAI, JARAI, LAHAT, SUMATERA SELATAN",4,167,60,227
https://kawalpemilu.org#18274,"TANJUNG MENANG, JARAI, LAHAT, SUMATERA SELATAN",1,66,122,188
https://kawalpemilu.org#18274,"TANJUNG MENANG, JARAI, LAHAT, SUMATERA SELATAN",2,63,128,191
https://kawalpemilu.org#18274,"TANJUNG MENANG, JARAI, LAHAT, SUMATERA SELATAN",3,62,118,180
https://kawalpemilu.org#18274,"TANJUNG MENANG, JARAI, LAHAT, SUMATERA SELATAN",4,48,146,194
https://kawalpemilu.org#18275,"MANGUN SARI, JARAI, LAHAT, SUMATERA SELATAN",1,103,135,238
https://kawalpemilu.org#18275,"MANGUN SARI, JARAI, LAHAT, SUMATERA SELATAN",2,94,144,238
https://kawalpemilu.org#18275,"MANGUN SARI, JARAI, LAHAT, SUMATERA SELATAN",3,78,133,211
https://kawalpemilu.org#18275,"MANGUN SARI, JARAI, LAHAT, SUMATERA SELATAN",4,86,142,228
https://kawalpemilu.org#18275,"MANGUN SARI, JARAI, LAHAT, SUMATERA SELATAN",5,71,92,163
https://kawalpemilu.org#18276,"PAGAR DEWA, JARAI, LAHAT, SUMATERA SELATAN",1,55,139,194
https://kawalpemilu.org#18276,"PAGAR DEWA, JARAI, LAHAT, SUMATERA SELATAN",2,62,104,166
https://kawalpemilu.org#18276,"PAGAR DEWA, JARAI, LAHAT, SUMATERA SELATAN",3,49,142,191
https://kawalpemilu.org#18277,"SUKANANTI, JARAI, LAHAT, SUMATERA SELATAN",1,72,162,234
https://kawalpemilu.org#18277,"SUKANANTI, JARAI, LAHAT, SUMATERA SELATAN",2,65,171,236
https://kawalpemilu.org#18278,"LUBUK SAUNG, JARAI, LAHAT, SUMATERA SELATAN",1,45,142,187
https://kawalpemilu.org#18278,"LUBUK SAUNG, JARAI, LAHAT, SUMATERA SELATAN",2,39,149,188
https://kawalpemilu.org#18278,"LUBUK SAUNG, JARAI, LAHAT, SUMATERA SELATAN",3,41,144,185
https://kawalpemilu.org#18279,"KARANG TANDING, JARAI, LAHAT, SUMATERA SELATAN",1,60,189,249
https://kawalpemilu.org#18279,"KARANG TANDING, JARAI, LAHAT, SUMATERA SELATAN",2,47,187,234
https://kawalpemilu.org#18280,"GUNUNG KAYA, JARAI, LAHAT, SUMATERA SELATAN",1,50,128,178
https://kawalpemilu.org#18280,"GUNUNG KAYA, JARAI, LAHAT, SUMATERA SELATAN",2,39,152,191
https://kawalpemilu.org#18281,"GUNUNG MEGANG, JARAI, LAHAT, SUMATERA SELATAN",1,42,105,147
https://kawalpemilu.org#18281,"GUNUNG MEGANG, JARAI, LAHAT, SUMATERA SELATAN",2,16,93,109
https://kawalpemilu.org#18283,"BANGKE, KOTA AGUNG, LAHAT, SUMATERA SELATAN",1,67,122,189
https://kawalpemilu.org#18283,"BANGKE, KOTA AGUNG, LAHAT, SUMATERA SELATAN",2,53,103,156
https://kawalpemilu.org#18284,"TEBAT LANGSAT, KOTA AGUNG, LAHAT, SUMATERA SELATAN",1,68,154,222
https://kawalpemilu.org#18285,"SINGAPURE, KOTA AGUNG, LAHAT, SUMATERA SELATAN",1,34,98,132
https://kawalpemilu.org#18285,"SINGAPURE, KOTA AGUNG, LAHAT, SUMATERA SELATAN",2,39,34,73
https://kawalpemilu.org#18285,"SINGAPURE, KOTA AGUNG, LAHAT, SUMATERA SELATAN",3,54,82,136
https://kawalpemilu.org#18287,"KEBAN JATI, KOTA AGUNG, LAHAT, SUMATERA SELATAN",1,96,122,218
https://kawalpemilu.org#18288,"BINTUHAN, KOTA AGUNG, LAHAT, SUMATERA SELATAN",1,26,100,126
https://kawalpemilu.org#18289,"MUNTAR ALAM BARU, KOTA AGUNG, LAHAT, SUMATERA SELATAN",1,63,153,216
https://kawalpemilu.org#18290,"PANDAN ARANG ULU, KOTA AGUNG, LAHAT, SUMATERA SELATAN",1,37,179,216
https://kawalpemilu.org#18291,"MUNTAR ALAM LAMA, KOTA AGUNG, LAHAT, SUMATERA SELATAN",1,28,175,203
https://kawalpemilu.org#18292,"TANJUNG RAMAN, KOTA AGUNG, LAHAT, SUMATERA SELATAN",1,62,86,148
https://kawalpemilu.org#18293,"TUNGGUL BUTE, KOTA AGUNG, LAHAT, SUMATERA SELATAN",1,80,167,247
https://kawalpemilu.org#18293,"TUNGGUL BUTE, KOTA AGUNG, LAHAT, SUMATERA SELATAN",2,106,142,248
https://kawalpemilu.org#18293,"TUNGGUL BUTE, KOTA AGUNG, LAHAT, SUMATERA SELATAN",3,66,67,133
https://kawalpemilu.org#18293,"TUNGGUL BUTE, KOTA AGUNG, LAHAT, SUMATERA SELATAN",4,64,97,161
https://kawalpemilu.org#18293,"TUNGGUL BUTE, KOTA AGUNG, LAHAT, SUMATERA SELATAN",5,68,126,194
https://kawalpemilu.org#18294,"KARANG ENDAH, KOTA AGUNG, LAHAT, SUMATERA SELATAN",1,40,138,178
https://kawalpemilu.org#18294,"KARANG ENDAH, KOTA AGUNG, LAHAT, SUMATERA SELATAN",2,26,86,112
https://kawalpemilu.org#18295,"KARANG AGUNG, KOTA AGUNG, LAHAT, SUMATERA SELATAN",1,37,126,163
https://kawalpemilu.org#18295,"KARANG AGUNG, KOTA AGUNG, LAHAT, SUMATERA SELATAN",2,33,106,139
https://kawalpemilu.org#18297,"GEDUNG AGUNG, KOTA AGUNG, LAHAT, SUMATERA SELATAN",1,49,135,184
https://kawalpemilu.org#18297,"GEDUNG AGUNG, KOTA AGUNG, LAHAT, SUMATERA SELATAN",2,59,122,181
https://kawalpemilu.org#18298,"KOTA AGUNG, KOTA AGUNG, LAHAT, SUMATERA SELATAN",1,56,145,201
https://kawalpemilu.org#18298,"KOTA AGUNG, KOTA AGUNG, LAHAT, SUMATERA SELATAN",2,87,120,207
https://kawalpemilu.org#18298,"KOTA AGUNG, KOTA AGUNG, LAHAT, SUMATERA SELATAN",3,63,113,176
https://kawalpemilu.org#18298,"KOTA AGUNG, KOTA AGUNG, LAHAT, SUMATERA SELATAN",4,76,134,210
https://kawalpemilu.org#18298,"KOTA AGUNG, KOTA AGUNG, LAHAT, SUMATERA SELATAN",5,73,121,194
https://kawalpemilu.org#18298,"KOTA AGUNG, KOTA AGUNG, LAHAT, SUMATERA SELATAN",6,67,121,188
https://kawalpemilu.org#18299,"LAWANG AGUNG, KOTA AGUNG, LAHAT, SUMATERA SELATAN",2,40,147,187
https://kawalpemilu.org#18300,"SUKARAMI, KOTA AGUNG, LAHAT, SUMATERA SELATAN",1,59,167,226
https://kawalpemilu.org#18300,"SUKARAMI, KOTA AGUNG, LAHAT, SUMATERA SELATAN",2,41,195,236
https://kawalpemilu.org#18300,"SUKARAMI, KOTA AGUNG, LAHAT, SUMATERA SELATAN",3,105,113,218
https://kawalpemilu.org#18301,"TANJUNG BERINGIN, KOTA AGUNG, LAHAT, SUMATERA SELATAN",1,93,135,228
https://kawalpemilu.org#18302,"PAGARUYUNG, KOTA AGUNG, LAHAT, SUMATERA SELATAN",1,54,140,194
https://kawalpemilu.org#18302,"PAGARUYUNG, KOTA AGUNG, LAHAT, SUMATERA SELATAN",2,57,130,187
https://kawalpemilu.org#18302,"PAGARUYUNG, KOTA AGUNG, LAHAT, SUMATERA SELATAN",3,30,153,183
https://kawalpemilu.org#18303,"MUARA GULA, KOTA AGUNG, LAHAT, SUMATERA SELATAN",1,87,133,220
https://kawalpemilu.org#18304,"TANJUNG BULAN, KOTA AGUNG, LAHAT, SUMATERA SELATAN",1,56,135,191
https://kawalpemilu.org#18304,"TANJUNG BULAN, KOTA AGUNG, LAHAT, SUMATERA SELATAN",2,42,150,192
https://kawalpemilu.org#18304,"TANJUNG BULAN, KOTA AGUNG, LAHAT, SUMATERA SELATAN",3,86,91,177
https://kawalpemilu.org#18392,"GUNUNG LIWAT, KOTA AGUNG, LAHAT, SUMATERA SELATAN",1,47,52,99
https://kawalpemilu.org#18399,"SUKA RAJA, KOTA AGUNG, LAHAT, SUMATERA SELATAN",1,31,92,123
https://kawalpemilu.org#18399,"SUKA RAJA, KOTA AGUNG, LAHAT, SUMATERA SELATAN",2,31,109,140
https://kawalpemilu.org#18306,"TANJUNG MULAK, PULAUPINANG, LAHAT, SUMATERA SELATAN",1,53,194,247
https://kawalpemilu.org#18306,"TANJUNG MULAK, PULAUPINANG, LAHAT, SUMATERA SELATAN",2,43,198,241
https://kawalpemilu.org#18307,"PULAU PINANG, PULAUPINANG, LAHAT, SUMATERA SELATAN",1,65,187,252
https://kawalpemilu.org#18307,"PULAU PINANG, PULAUPINANG, LAHAT, SUMATERA SELATAN",2,55,171,226
https://kawalpemilu.org#18308,"TANJUNG SIRIH, PULAUPINANG, LAHAT, SUMATERA SELATAN",1,36,207,243
https://kawalpemilu.org#18308,"TANJUNG SIRIH, PULAUPINANG, LAHAT, SUMATERA SELATAN",2,17,202,219
https://kawalpemilu.org#18308,"TANJUNG SIRIH, PULAUPINANG, LAHAT, SUMATERA SELATAN",3,22,159,181
https://kawalpemilu.org#18309,"LUBUK SEPANG, PULAUPINANG, LAHAT, SUMATERA SELATAN",1,31,220,251
https://kawalpemilu.org#18309,"LUBUK SEPANG, PULAUPINANG, LAHAT, SUMATERA SELATAN",2,44,176,220
https://kawalpemilu.org#18310,"KARANG DALAM, PULAUPINANG, LAHAT, SUMATERA SELATAN",1,27,174,201
https://kawalpemilu.org#18310,"KARANG DALAM, PULAUPINANG, LAHAT, SUMATERA SELATAN",2,19,162,181
https://kawalpemilu.org#18310,"KARANG DALAM, PULAUPINANG, LAHAT, SUMATERA SELATAN",3,13,169,182
https://kawalpemilu.org#18311,"KUBA, PULAUPINANG, LAHAT, SUMATERA SELATAN",1,30,160,190
https://kawalpemilu.org#18311,"KUBA, PULAUPINANG, LAHAT, SUMATERA SELATAN",2,32,130,162
https://kawalpemilu.org#18311,"KUBA, PULAUPINANG, LAHAT, SUMATERA SELATAN",3,38,152,190
https://kawalpemilu.org#18312,"JATI, PULAUPINANG, LAHAT, SUMATERA SELATAN",1,53,178,231
https://kawalpemilu.org#18312,"JATI, PULAUPINANG, LAHAT, SUMATERA SELATAN",2,34,159,193
https://kawalpemilu.org#18312,"JATI, PULAUPINANG, LAHAT, SUMATERA SELATAN",3,23,176,199
https://kawalpemilu.org#18312,"JATI, PULAUPINANG, LAHAT, SUMATERA SELATAN",4,21,174,195
https://kawalpemilu.org#18312,"JATI, PULAUPINANG, LAHAT, SUMATERA SELATAN",5,26,175,201
https://kawalpemilu.org#18313,"PAGAR BATU, PULAUPINANG, LAHAT, SUMATERA SELATAN",1,20,208,228
https://kawalpemilu.org#18313,"PAGAR BATU, PULAUPINANG, LAHAT, SUMATERA SELATAN",2,23,138,161
https://kawalpemilu.org#18314,"MUARA SIBAN, PULAUPINANG, LAHAT, SUMATERA SELATAN",1,40,204,244
https://kawalpemilu.org#18314,"MUARA SIBAN, PULAUPINANG, LAHAT, SUMATERA SELATAN",2,50,186,236
https://kawalpemilu.org#18314,"MUARA SIBAN, PULAUPINANG, LAHAT, SUMATERA SELATAN",3,30,197,227
https://kawalpemilu.org#18314,"MUARA SIBAN, PULAUPINANG, LAHAT, SUMATERA SELATAN",4,38,215,253
https://kawalpemilu.org#18315,"PERIGI, PULAUPINANG, LAHAT, SUMATERA SELATAN",1,52,131,183
https://kawalpemilu.org#18321,"SUKA CINTA, MERAPI BARAT, LAHAT, SUMATERA SELATAN",1,99,110,209
https://kawalpemilu.org#18321,"SUKA CINTA, MERAPI BARAT, LAHAT, SUMATERA SELATAN",2,80,112,192
https://kawalpemilu.org#18321,"SUKA CINTA, MERAPI BARAT, LAHAT, SUMATERA SELATAN",3,63,152,215
https://kawalpemilu.org#18321,"SUKA CINTA, MERAPI BARAT, LAHAT, SUMATERA SELATAN",4,32,135,167
https://kawalpemilu.org#18322,"GUNUNG AGUNG, MERAPI BARAT, LAHAT, SUMATERA SELATAN",1,16,196,212
https://kawalpemilu.org#18322,"GUNUNG AGUNG, MERAPI BARAT, LAHAT, SUMATERA SELATAN",2,33,207,240
https://kawalpemilu.org#18322,"GUNUNG AGUNG, MERAPI BARAT, LAHAT, SUMATERA SELATAN",3,21,211,232
https://kawalpemilu.org#18322,"GUNUNG AGUNG, MERAPI BARAT, LAHAT, SUMATERA SELATAN",4,28,209,237
https://kawalpemilu.org#18322,"GUNUNG AGUNG, MERAPI BARAT, LAHAT, SUMATERA SELATAN",5,8,101,109
https://kawalpemilu.org#18323,"TANJUNG PINANG, MERAPI BARAT, LAHAT, SUMATERA SELATAN",1,38,206,244
https://kawalpemilu.org#18323,"TANJUNG PINANG, MERAPI BARAT, LAHAT, SUMATERA SELATAN",2,35,209,244
https://kawalpemilu.org#18323,"TANJUNG PINANG, MERAPI BARAT, LAHAT, SUMATERA SELATAN",3,26,181,207
https://kawalpemilu.org#18324,"SUKA MARGA, MERAPI BARAT, LAHAT, SUMATERA SELATAN",1,35,207,242
https://kawalpemilu.org#18324,"SUKA MARGA, MERAPI BARAT, LAHAT, SUMATERA SELATAN",2,47,234,281
https://kawalpemilu.org#18325,"PAYO, MERAPI BARAT, LAHAT, SUMATERA SELATAN",1,67,154,221
https://kawalpemilu.org#18325,"PAYO, MERAPI BARAT, LAHAT, SUMATERA SELATAN",2,41,154,195
https://kawalpemilu.org#18325,"PAYO, MERAPI BARAT, LAHAT, SUMATERA SELATAN",3,60,138,198
https://kawalpemilu.org#18325,"PAYO, MERAPI BARAT, LAHAT, SUMATERA SELATAN",4,40,117,157
https://kawalpemilu.org#18326,"KARANG ENDAH, MERAPI BARAT, LAHAT, SUMATERA SELATAN",1,25,218,243
https://kawalpemilu.org#18326,"KARANG ENDAH, MERAPI BARAT, LAHAT, SUMATERA SELATAN",2,34,205,239
https://kawalpemilu.org#18327,"TANJUNG TELANG, MERAPI BARAT, LAHAT, SUMATERA SELATAN",1,51,202,253
https://kawalpemilu.org#18327,"TANJUNG TELANG, MERAPI BARAT, LAHAT, SUMATERA SELATAN",2,64,180,244
https://kawalpemilu.org#18327,"TANJUNG TELANG, MERAPI BARAT, LAHAT, SUMATERA SELATAN",3,35,216,251
https://kawalpemilu.org#18328,"LUBUK KEPAYANG, MERAPI BARAT, LAHAT, SUMATERA SELATAN",1,30,242,272
https://kawalpemilu.org#18328,"LUBUK KEPAYANG, MERAPI BARAT, LAHAT, SUMATERA SELATAN",2,42,233,275
https://kawalpemilu.org#18329,"MUARA TEMIANG, MERAPI BARAT, LAHAT, SUMATERA SELATAN",1,29,157,186
https://kawalpemilu.org#18329,"MUARA TEMIANG, MERAPI BARAT, LAHAT, SUMATERA SELATAN",2,27,167,194
https://kawalpemilu.org#18329,"MUARA TEMIANG, MERAPI BARAT, LAHAT, SUMATERA SELATAN",3,20,167,187
https://kawalpemilu.org#18330,"ULAK PANDAN, MERAPI BARAT, LAHAT, SUMATERA SELATAN",1,88,145,233
https://kawalpemilu.org#18330,"ULAK PANDAN, MERAPI BARAT, LAHAT, SUMATERA SELATAN",2,64,165,229
https://kawalpemilu.org#18330,"ULAK PANDAN, MERAPI BARAT, LAHAT, SUMATERA SELATAN",3,66,145,211
https://kawalpemilu.org#18330,"ULAK PANDAN, MERAPI BARAT, LAHAT, SUMATERA SELATAN",4,54,131,185
https://kawalpemilu.org#18330,"ULAK PANDAN, MERAPI BARAT, LAHAT, SUMATERA SELATAN",5,78,152,230
https://kawalpemilu.org#18330,"ULAK PANDAN, MERAPI BARAT, LAHAT, SUMATERA SELATAN",6,57,139,196
https://kawalpemilu.org#18330,"ULAK PANDAN, MERAPI BARAT, LAHAT, SUMATERA SELATAN",7,56,136,192
https://kawalpemilu.org#18330,"ULAK PANDAN, MERAPI BARAT, LAHAT, SUMATERA SELATAN",8,44,170,214
https://kawalpemilu.org#18331,"NEGRI AGUNG, MERAPI BARAT, LAHAT, SUMATERA SELATAN",1,48,150,198
https://kawalpemilu.org#18331,"NEGRI AGUNG, MERAPI BARAT, LAHAT, SUMATERA SELATAN",2,46,153,199
https://kawalpemilu.org#18331,"NEGRI AGUNG, MERAPI BARAT, LAHAT, SUMATERA SELATAN",3,35,152,187
https://kawalpemilu.org#18332,"LEBAK BUDI, MERAPI BARAT, LAHAT, SUMATERA SELATAN",1,37,166,203
https://kawalpemilu.org#18332,"LEBAK BUDI, MERAPI BARAT, LAHAT, SUMATERA SELATAN",2,43,177,220
https://kawalpemilu.org#18332,"LEBAK BUDI, MERAPI BARAT, LAHAT, SUMATERA SELATAN",3,45,134,179
https://kawalpemilu.org#18332,"LEBAK BUDI, MERAPI BARAT, LAHAT, SUMATERA SELATAN",4,23,113,136
https://kawalpemilu.org#18333,"TANJUNG BARU, MERAPI BARAT, LAHAT, SUMATERA SELATAN",1,88,88,176
https://kawalpemilu.org#18333,"TANJUNG BARU, MERAPI BARAT, LAHAT, SUMATERA SELATAN",2,60,114,174
https://kawalpemilu.org#18333,"TANJUNG BARU, MERAPI BARAT, LAHAT, SUMATERA SELATAN",3,89,136,225
https://kawalpemilu.org#18333,"TANJUNG BARU, MERAPI BARAT, LAHAT, SUMATERA SELATAN",4,83,105,188
https://kawalpemilu.org#18334,"KEBUR, MERAPI BARAT, LAHAT, SUMATERA SELATAN",1,56,163,219
https://kawalpemilu.org#18334,"KEBUR, MERAPI BARAT, LAHAT, SUMATERA SELATAN",2,91,149,240
https://kawalpemilu.org#18334,"KEBUR, MERAPI BARAT, LAHAT, SUMATERA SELATAN",3,76,153,229
https://kawalpemilu.org#18334,"KEBUR, MERAPI BARAT, LAHAT, SUMATERA SELATAN",4,55,168,223
https://kawalpemilu.org#18334,"KEBUR, MERAPI BARAT, LAHAT, SUMATERA SELATAN",5,31,124,155
https://kawalpemilu.org#18334,"KEBUR, MERAPI BARAT, LAHAT, SUMATERA SELATAN",6,49,138,187
https://kawalpemilu.org#18335,"TELATANG, MERAPI BARAT, LAHAT, SUMATERA SELATAN",1,49,159,208
https://kawalpemilu.org#18335,"TELATANG, MERAPI BARAT, LAHAT, SUMATERA SELATAN",2,62,164,226
https://kawalpemilu.org#18335,"TELATANG, MERAPI BARAT, LAHAT, SUMATERA SELATAN",3,53,147,200
https://kawalpemilu.org#18335,"TELATANG, MERAPI BARAT, LAHAT, SUMATERA SELATAN",4,76,150,226
https://kawalpemilu.org#18336,"MUARA MAUNG, MERAPI BARAT, LAHAT, SUMATERA SELATAN",1,46,162,208
https://kawalpemilu.org#18336,"MUARA MAUNG, MERAPI BARAT, LAHAT, SUMATERA SELATAN",2,62,135,197
https://kawalpemilu.org#18336,"MUARA MAUNG, MERAPI BARAT, LAHAT, SUMATERA SELATAN",3,48,164,212
https://kawalpemilu.org#18336,"MUARA MAUNG, MERAPI BARAT, LAHAT, SUMATERA SELATAN",4,47,176,223
https://kawalpemilu.org#18337,"MERAPI, MERAPI BARAT, LAHAT, SUMATERA SELATAN",1,54,165,219
https://kawalpemilu.org#18337,"MERAPI, MERAPI BARAT, LAHAT, SUMATERA SELATAN",2,71,154,225
https://kawalpemilu.org#18337,"MERAPI, MERAPI BARAT, LAHAT, SUMATERA SELATAN",3,74,152,226
https://kawalpemilu.org#18337,"MERAPI, MERAPI BARAT, LAHAT, SUMATERA SELATAN",4,48,169,217
https://kawalpemilu.org#18337,"MERAPI, MERAPI BARAT, LAHAT, SUMATERA SELATAN",5,44,180,224
https://kawalpemilu.org#18337,"MERAPI, MERAPI BARAT, LAHAT, SUMATERA SELATAN",6,41,194,235
https://kawalpemilu.org#18337,"MERAPI, MERAPI BARAT, LAHAT, SUMATERA SELATAN",7,58,189,247
https://kawalpemilu.org#18338,"PURWOSARI, MERAPI BARAT, LAHAT, SUMATERA SELATAN",1,93,129,222
https://kawalpemilu.org#18338,"PURWOSARI, MERAPI BARAT, LAHAT, SUMATERA SELATAN",2,89,108,197
https://kawalpemilu.org#18339,"KARANG REJO, MERAPI BARAT, LAHAT, SUMATERA SELATAN",1,96,108,204
https://kawalpemilu.org#18341,"LAHAT TENGAH, LAHAT, LAHAT, SUMATERA SELATAN",1,55,133,188
https://kawalpemilu.org#18341,"LAHAT TENGAH, LAHAT, LAHAT, SUMATERA SELATAN",2,42,91,133
https://kawalpemilu.org#18341,"LAHAT TENGAH, LAHAT, LAHAT, SUMATERA SELATAN",3,30,151,181
https://kawalpemilu.org#18341,"LAHAT TENGAH, LAHAT, LAHAT, SUMATERA SELATAN",4,27,123,150
https://kawalpemilu.org#18341,"LAHAT TENGAH, LAHAT, LAHAT, SUMATERA SELATAN",5,39,104,143
https://kawalpemilu.org#18341,"LAHAT TENGAH, LAHAT, LAHAT, SUMATERA SELATAN",6,37,156,193
https://kawalpemilu.org#18341,"LAHAT TENGAH, LAHAT, LAHAT, SUMATERA SELATAN",7,47,82,129
https://kawalpemilu.org#18341,"LAHAT TENGAH, LAHAT, LAHAT, SUMATERA SELATAN",8,32,153,185
https://kawalpemilu.org#18341,"LAHAT TENGAH, LAHAT, LAHAT, SUMATERA SELATAN",9,28,110,138
https://kawalpemilu.org#18341,"LAHAT TENGAH, LAHAT, LAHAT, SUMATERA SELATAN",10,30,92,122
https://kawalpemilu.org#18342,"GUNUNG GAJAH, LAHAT, LAHAT, SUMATERA SELATAN",2,48,123,171
https://kawalpemilu.org#18342,"GUNUNG GAJAH, LAHAT, LAHAT, SUMATERA SELATAN",3,96,129,225
https://kawalpemilu.org#18342,"GUNUNG GAJAH, LAHAT, LAHAT, SUMATERA SELATAN",4,87,79,166
https://kawalpemilu.org#18342,"GUNUNG GAJAH, LAHAT, LAHAT, SUMATERA SELATAN",5,65,114,179
https://kawalpemilu.org#18342,"GUNUNG GAJAH, LAHAT, LAHAT, SUMATERA SELATAN",10,52,195,247
https://kawalpemilu.org#18342,"GUNUNG GAJAH, LAHAT, LAHAT, SUMATERA SELATAN",11,40,94,134
https://kawalpemilu.org#18342,"GUNUNG GAJAH, LAHAT, LAHAT, SUMATERA SELATAN",12,78,58,136
https://kawalpemilu.org#18342,"GUNUNG GAJAH, LAHAT, LAHAT, SUMATERA SELATAN",16,46,147,193
https://kawalpemilu.org#18342,"GUNUNG GAJAH, LAHAT, LAHAT, SUMATERA SELATAN",17,53,138,191
https://kawalpemilu.org#18343,"PAGAR AGUNG, LAHAT, LAHAT, SUMATERA SELATAN",1,48,172,220
https://kawalpemilu.org#18343,"PAGAR AGUNG, LAHAT, LAHAT, SUMATERA SELATAN",2,59,209,268
https://kawalpemilu.org#18343,"PAGAR AGUNG, LAHAT, LAHAT, SUMATERA SELATAN",3,65,182,247
https://kawalpemilu.org#18343,"PAGAR AGUNG, LAHAT, LAHAT, SUMATERA SELATAN",4,49,147,196
https://kawalpemilu.org#18343,"PAGAR AGUNG, LAHAT, LAHAT, SUMATERA SELATAN",5,50,170,220
https://kawalpemilu.org#18343,"PAGAR AGUNG, LAHAT, LAHAT, SUMATERA SELATAN",6,33,183,216
https://kawalpemilu.org#18343,"PAGAR AGUNG, LAHAT, LAHAT, SUMATERA SELATAN",7,50,162,212
https://kawalpemilu.org#18343,"PAGAR AGUNG, LAHAT, LAHAT, SUMATERA SELATAN",8,61,164,225
https://kawalpemilu.org#18343,"PAGAR AGUNG, LAHAT, LAHAT, SUMATERA SELATAN",9,50,159,209
https://kawalpemilu.org#18343,"PAGAR AGUNG, LAHAT, LAHAT, SUMATERA SELATAN",10,44,111,155
https://kawalpemilu.org#18343,"PAGAR AGUNG, LAHAT, LAHAT, SUMATERA SELATAN",11,60,155,215
https://kawalpemilu.org#18343,"PAGAR AGUNG, LAHAT, LAHAT, SUMATERA SELATAN",12,83,127,210
https://kawalpemilu.org#18343,"PAGAR AGUNG, LAHAT, LAHAT, SUMATERA SELATAN",13,32,170,202
https://kawalpemilu.org#18343,"PAGAR AGUNG, LAHAT, LAHAT, SUMATERA SELATAN",14,43,155,198
https://kawalpemilu.org#18343,"PAGAR AGUNG, LAHAT, LAHAT, SUMATERA SELATAN",15,61,165,236
https://kawalpemilu.org#18343,"PAGAR AGUNG, LAHAT, LAHAT, SUMATERA SELATAN",16,66,149,215
https://kawalpemilu.org#18343,"PAGAR AGUNG, LAHAT, LAHAT, SUMATERA SELATAN",17,52,168,220
https://kawalpemilu.org#18343,"PAGAR AGUNG, LAHAT, LAHAT, SUMATERA SELATAN",18,37,181,218
https://kawalpemilu.org#18343,"PAGAR AGUNG, LAHAT, LAHAT, SUMATERA SELATAN",19,33,145,178
https://kawalpemilu.org#18343,"PAGAR AGUNG, LAHAT, LAHAT, SUMATERA SELATAN",20,51,126,177
https://kawalpemilu.org#18343,"PAGAR AGUNG, LAHAT, LAHAT, SUMATERA SELATAN",21,32,130,162
https://kawalpemilu.org#18343,"PAGAR AGUNG, LAHAT, LAHAT, SUMATERA SELATAN",22,29,140,169
https://kawalpemilu.org#18343,"PAGAR AGUNG, LAHAT, LAHAT, SUMATERA SELATAN",23,24,134,158
https://kawalpemilu.org#18343,"PAGAR AGUNG, LAHAT, LAHAT, SUMATERA SELATAN",24,36,124,160
https://kawalpemilu.org#18343,"PAGAR AGUNG, LAHAT, LAHAT, SUMATERA SELATAN",25,4,147,151
https://kawalpemilu.org#18343,"PAGAR AGUNG, LAHAT, LAHAT, SUMATERA SELATAN",26,63,160,223
https://kawalpemilu.org#18343,"PAGAR AGUNG, LAHAT, LAHAT, SUMATERA SELATAN",27,49,126,175
https://kawalpemilu.org#18343,"PAGAR AGUNG, LAHAT, LAHAT, SUMATERA SELATAN",28,42,117,159
https://kawalpemilu.org#18344,"PASAR BARU, LAHAT, LAHAT, SUMATERA SELATAN",1,51,81,132
https://kawalpemilu.org#18344,"PASAR BARU, LAHAT, LAHAT, SUMATERA SELATAN",2,47,35,82
https://kawalpemilu.org#18344,"PASAR BARU, LAHAT, LAHAT, SUMATERA SELATAN",3,33,87,120
https://kawalpemilu.org#18344,"PASAR BARU, LAHAT, LAHAT, SUMATERA SELATAN",4,20,80,100
https://kawalpemilu.org#18344,"PASAR BARU, LAHAT, LAHAT, SUMATERA SELATAN",5,75,87,162
https://kawalpemilu.org#18344,"PASAR BARU, LAHAT, LAHAT, SUMATERA SELATAN",6,7,134,141
https://kawalpemilu.org#18344,"PASAR BARU, LAHAT, LAHAT, SUMATERA SELATAN",7,32,120,152
https://kawalpemilu.org#18344,"PASAR BARU, LAHAT, LAHAT, SUMATERA SELATAN",8,15,86,101
https://kawalpemilu.org#18344,"PASAR BARU, LAHAT, LAHAT, SUMATERA SELATAN",9,91,40,131
https://kawalpemilu.org#18344,"PASAR BARU, LAHAT, LAHAT, SUMATERA SELATAN",10,42,42,84
https://kawalpemilu.org#18344,"PASAR BARU, LAHAT, LAHAT, SUMATERA SELATAN",11,29,78,107
https://kawalpemilu.org#18344,"PASAR BARU, LAHAT, LAHAT, SUMATERA SELATAN",12,13,73,86
https://kawalpemilu.org#18344,"PASAR BARU, LAHAT, LAHAT, SUMATERA SELATAN",13,76,61,137
https://kawalpemilu.org#18344,"PASAR BARU, LAHAT, LAHAT, SUMATERA SELATAN",14,14,79,93
https://kawalpemilu.org#18344,"PASAR BARU, LAHAT, LAHAT, SUMATERA SELATAN",15,7,80,87
https://kawalpemilu.org#18345,"KOTA BARU, LAHAT, LAHAT, SUMATERA SELATAN",1,41,153,194
https://kawalpemilu.org#18345,"KOTA BARU, LAHAT, LAHAT, SUMATERA SELATAN",2,39,186,225
https://kawalpemilu.org#18345,"KOTA BARU, LAHAT, LAHAT, SUMATERA SELATAN",3,36,199,235
https://kawalpemilu.org#18345,"KOTA BARU, LAHAT, LAHAT, SUMATERA SELATAN",4,36,184,220
https://kawalpemilu.org#18345,"KOTA BARU, LAHAT, LAHAT, SUMATERA SELATAN",5,31,189,220
https://kawalpemilu.org#18345,"KOTA BARU, LAHAT, LAHAT, SUMATERA SELATAN",6,27,161,188
https://kawalpemilu.org#18345,"KOTA BARU, LAHAT, LAHAT, SUMATERA SELATAN",7,27,162,189
https://kawalpemilu.org#18345,"KOTA BARU, LAHAT, LAHAT, SUMATERA SELATAN",8,64,181,245
https://kawalpemilu.org#18345,"KOTA BARU, LAHAT, LAHAT, SUMATERA SELATAN",9,28,187,215
https://kawalpemilu.org#18345,"KOTA BARU, LAHAT, LAHAT, SUMATERA SELATAN",10,54,168,222
https://kawalpemilu.org#18345,"KOTA BARU, LAHAT, LAHAT, SUMATERA SELATAN",11,31,168,199
https://kawalpemilu.org#18345,"KOTA BARU, LAHAT, LAHAT, SUMATERA SELATAN",12,26,138,164
https://kawalpemilu.org#18345,"KOTA BARU, LAHAT, LAHAT, SUMATERA SELATAN",13,28,180,208
https://kawalpemilu.org#18345,"KOTA BARU, LAHAT, LAHAT, SUMATERA SELATAN",14,31,132,163
https://kawalpemilu.org#18345,"KOTA BARU, LAHAT, LAHAT, SUMATERA SELATAN",15,34,130,164
https://kawalpemilu.org#18346,"PASAR LAMA, LAHAT, LAHAT, SUMATERA SELATAN",1,59,113,172
https://kawalpemilu.org#18346,"PASAR LAMA, LAHAT, LAHAT, SUMATERA SELATAN",2,60,110,170
https://kawalpemilu.org#18346,"PASAR LAMA, LAHAT, LAHAT, SUMATERA SELATAN",3,34,64,98
https://kawalpemilu.org#18346,"PASAR LAMA, LAHAT, LAHAT, SUMATERA SELATAN",5,62,76,138
https://kawalpemilu.org#18346,"PASAR LAMA, LAHAT, LAHAT, SUMATERA SELATAN",6,17,134,151
https://kawalpemilu.org#18346,"PASAR LAMA, LAHAT, LAHAT, SUMATERA SELATAN",7,37,69,106
https://kawalpemilu.org#18346,"PASAR LAMA, LAHAT, LAHAT, SUMATERA SELATAN",8,38,74,112
https://kawalpemilu.org#18346,"PASAR LAMA, LAHAT, LAHAT, SUMATERA SELATAN",9,43,104,147
https://kawalpemilu.org#18346,"PASAR LAMA, LAHAT, LAHAT, SUMATERA SELATAN",10,47,89,136
https://kawalpemilu.org#18346,"PASAR LAMA, LAHAT, LAHAT, SUMATERA SELATAN",12,54,58,112
https://kawalpemilu.org#18346,"PASAR LAMA, LAHAT, LAHAT, SUMATERA SELATAN",13,50,120,170
https://kawalpemilu.org#18346,"PASAR LAMA, LAHAT, LAHAT, SUMATERA SELATAN",14,39,123,162
https://kawalpemilu.org#18346,"PASAR LAMA, LAHAT, LAHAT, SUMATERA SELATAN",15,23,104,127
https://kawalpemilu.org#18346,"PASAR LAMA, LAHAT, LAHAT, SUMATERA SELATAN",16,16,95,111
https://kawalpemilu.org#18346,"PASAR LAMA, LAHAT, LAHAT, SUMATERA SELATAN",17,17,88,105
https://kawalpemilu.org#18346,"PASAR LAMA, LAHAT, LAHAT, SUMATERA SELATAN",18,24,86,110
https://kawalpemilu.org#18346,"PASAR LAMA, LAHAT, LAHAT, SUMATERA SELATAN",19,25,114,139
https://kawalpemilu.org#18346,"PASAR LAMA, LAHAT, LAHAT, SUMATERA SELATAN",20,20,109,129
https://kawalpemilu.org#18346,"PASAR LAMA, LAHAT, LAHAT, SUMATERA SELATAN",22,59,55,114
https://kawalpemilu.org#18346,"PASAR LAMA, LAHAT, LAHAT, SUMATERA SELATAN",23,31,157,188
https://kawalpemilu.org#18346,"PASAR LAMA, LAHAT, LAHAT, SUMATERA SELATAN",24,28,114,142
https://kawalpemilu.org#18346,"PASAR LAMA, LAHAT, LAHAT, SUMATERA SELATAN",25,33,111,144
https://kawalpemilu.org#18346,"PASAR LAMA, LAHAT, LAHAT, SUMATERA SELATAN",26,33,114,147
https://kawalpemilu.org#18346,"PASAR LAMA, LAHAT, LAHAT, SUMATERA SELATAN",27,45,118,163
https://kawalpemilu.org#18346,"PASAR LAMA, LAHAT, LAHAT, SUMATERA SELATAN",28,64,121,185
https://kawalpemilu.org#18346,"PASAR LAMA, LAHAT, LAHAT, SUMATERA SELATAN",29,64,113,177
https://kawalpemilu.org#18346,"PASAR LAMA, LAHAT, LAHAT, SUMATERA SELATAN",30,47,109,156
https://kawalpemilu.org#18346,"PASAR LAMA, LAHAT, LAHAT, SUMATERA SELATAN",31,43,119,162
https://kawalpemilu.org#18346,"PASAR LAMA, LAHAT, LAHAT, SUMATERA SELATAN",32,43,126,169
https://kawalpemilu.org#18346,"PASAR LAMA, LAHAT, LAHAT, SUMATERA SELATAN",34,78,168,246
https://kawalpemilu.org#18346,"PASAR LAMA, LAHAT, LAHAT, SUMATERA SELATAN",35,39,164,203
https://kawalpemilu.org#18346,"PASAR LAMA, LAHAT, LAHAT, SUMATERA SELATAN",36,33,162,195
https://kawalpemilu.org#18346,"PASAR LAMA, LAHAT, LAHAT, SUMATERA SELATAN",37,45,140,185
https://kawalpemilu.org#18346,"PASAR LAMA, LAHAT, LAHAT, SUMATERA SELATAN",38,39,121,160
https://kawalpemilu.org#18346,"PASAR LAMA, LAHAT, LAHAT, SUMATERA SELATAN",39,32,129,161
https://kawalpemilu.org#18346,"PASAR LAMA, LAHAT, LAHAT, SUMATERA SELATAN",40,19,84,103
https://kawalpemilu.org#18346,"PASAR LAMA, LAHAT, LAHAT, SUMATERA SELATAN",41,25,100,125
https://kawalpemilu.org#18347,"PASAR BAWAH, LAHAT, LAHAT, SUMATERA SELATAN",1,37,124,161
https://kawalpemilu.org#18347,"PASAR BAWAH, LAHAT, LAHAT, SUMATERA SELATAN",2,19,129,148
https://kawalpemilu.org#18347,"PASAR BAWAH, LAHAT, LAHAT, SUMATERA SELATAN",3,41,141,182
https://kawalpemilu.org#18347,"PASAR BAWAH, LAHAT, LAHAT, SUMATERA SELATAN",4,26,163,189
https://kawalpemilu.org#18347,"PASAR BAWAH, LAHAT, LAHAT, SUMATERA SELATAN",5,21,152,173
https://kawalpemilu.org#18347,"PASAR BAWAH, LAHAT, LAHAT, SUMATERA SELATAN",6,17,134,151
https://kawalpemilu.org#18347,"PASAR BAWAH, LAHAT, LAHAT, SUMATERA SELATAN",7,43,90,133
https://kawalpemilu.org#18347,"PASAR BAWAH, LAHAT, LAHAT, SUMATERA SELATAN",8,63,107,170
https://kawalpemilu.org#18347,"PASAR BAWAH, LAHAT, LAHAT, SUMATERA SELATAN",9,26,87,113
https://kawalpemilu.org#18347,"PASAR BAWAH, LAHAT, LAHAT, SUMATERA SELATAN",10,35,153,188
https://kawalpemilu.org#18347,"PASAR BAWAH, LAHAT, LAHAT, SUMATERA SELATAN",11,28,87,115
https://kawalpemilu.org#18347,"PASAR BAWAH, LAHAT, LAHAT, SUMATERA SELATAN",12,65,133,198
https://kawalpemilu.org#18348,"RD. PJKA, LAHAT, LAHAT, SUMATERA SELATAN",1,80,210,290
https://kawalpemilu.org#18348,"RD. PJKA, LAHAT, LAHAT, SUMATERA SELATAN",2,99,174,273
https://kawalpemilu.org#18348,"RD. PJKA, LAHAT, LAHAT, SUMATERA SELATAN",3,80,169,249
https://kawalpemilu.org#18348,"RD. PJKA, LAHAT, LAHAT, SUMATERA SELATAN",4,60,237,297
https://kawalpemilu.org#18348,"RD. PJKA, LAHAT, LAHAT, SUMATERA SELATAN",5,70,193,263
https://kawalpemilu.org#18348,"RD. PJKA, LAHAT, LAHAT, SUMATERA SELATAN",6,50,214,264
https://kawalpemilu.org#18349,"BANDAR AGUNG, LAHAT, LAHAT, SUMATERA SELATAN",2,24,139,163
https://kawalpemilu.org#18349,"BANDAR AGUNG, LAHAT, LAHAT, SUMATERA SELATAN",3,72,211,283
https://kawalpemilu.org#18349,"BANDAR AGUNG, LAHAT, LAHAT, SUMATERA SELATAN",4,35,125,160
https://kawalpemilu.org#18349,"BANDAR AGUNG, LAHAT, LAHAT, SUMATERA SELATAN",5,23,136,159
https://kawalpemilu.org#18349,"BANDAR AGUNG, LAHAT, LAHAT, SUMATERA SELATAN",6,61,177,238
https://kawalpemilu.org#18349,"BANDAR AGUNG, LAHAT, LAHAT, SUMATERA SELATAN",7,50,158,208
https://kawalpemilu.org#18349,"BANDAR AGUNG, LAHAT, LAHAT, SUMATERA SELATAN",8,39,186,225
https://kawalpemilu.org#18349,"BANDAR AGUNG, LAHAT, LAHAT, SUMATERA SELATAN",9,29,140,169
https://kawalpemilu.org#18349,"BANDAR AGUNG, LAHAT, LAHAT, SUMATERA SELATAN",10,52,104,156
https://kawalpemilu.org#18349,"BANDAR AGUNG, LAHAT, LAHAT, SUMATERA SELATAN",11,33,133,166
https://kawalpemilu.org#18349,"BANDAR AGUNG, LAHAT, LAHAT, SUMATERA SELATAN",12,51,127,178
https://kawalpemilu.org#18349,"BANDAR AGUNG, LAHAT, LAHAT, SUMATERA SELATAN",13,29,121,150
https://kawalpemilu.org#18349,"BANDAR AGUNG, LAHAT, LAHAT, SUMATERA SELATAN",14,28,201,229
https://kawalpemilu.org#18349,"BANDAR AGUNG, LAHAT, LAHAT, SUMATERA SELATAN",15,25,136,161
https://kawalpemilu.org#18349,"BANDAR AGUNG, LAHAT, LAHAT, SUMATERA SELATAN",16,33,154,187
https://kawalpemilu.org#18349,"BANDAR AGUNG, LAHAT, LAHAT, SUMATERA SELATAN",17,16,154,170
https://kawalpemilu.org#18349,"BANDAR AGUNG, LAHAT, LAHAT, SUMATERA SELATAN",18,21,105,126
https://kawalpemilu.org#18349,"BANDAR AGUNG, LAHAT, LAHAT, SUMATERA SELATAN",19,44,141,185
https://kawalpemilu.org#18349,"BANDAR AGUNG, LAHAT, LAHAT, SUMATERA SELATAN",20,31,140,171
https://kawalpemilu.org#18349,"BANDAR AGUNG, LAHAT, LAHAT, SUMATERA SELATAN",21,28,109,137
https://kawalpemilu.org#18349,"BANDAR AGUNG, LAHAT, LAHAT, SUMATERA SELATAN",22,36,134,170
https://kawalpemilu.org#18349,"BANDAR AGUNG, LAHAT, LAHAT, SUMATERA SELATAN",23,45,116,161
https://kawalpemilu.org#18349,"BANDAR AGUNG, LAHAT, LAHAT, SUMATERA SELATAN",24,45,139,184
https://kawalpemilu.org#18349,"BANDAR AGUNG, LAHAT, LAHAT, SUMATERA SELATAN",25,42,180,222
https://kawalpemilu.org#18349,"BANDAR AGUNG, LAHAT, LAHAT, SUMATERA SELATAN",26,27,129,156
https://kawalpemilu.org#18349,"BANDAR AGUNG, LAHAT, LAHAT, SUMATERA SELATAN",27,29,154,183
https://kawalpemilu.org#18350,"KOTA NEGARA, LAHAT, LAHAT, SUMATERA SELATAN",1,33,202,235
https://kawalpemilu.org#18350,"KOTA NEGARA, LAHAT, LAHAT, SUMATERA SELATAN",2,61,170,231
https://kawalpemilu.org#18350,"KOTA NEGARA, LAHAT, LAHAT, SUMATERA SELATAN",3,66,182,248
https://kawalpemilu.org#18350,"KOTA NEGARA, LAHAT, LAHAT, SUMATERA SELATAN",4,36,176,212
https://kawalpemilu.org#18350,"KOTA NEGARA, LAHAT, LAHAT, SUMATERA SELATAN",5,41,183,224
https://kawalpemilu.org#18350,"KOTA NEGARA, LAHAT, LAHAT, SUMATERA SELATAN",6,42,194,236
https://kawalpemilu.org#18350,"KOTA NEGARA, LAHAT, LAHAT, SUMATERA SELATAN",7,35,106,141
https://kawalpemilu.org#18350,"KOTA NEGARA, LAHAT, LAHAT, SUMATERA SELATAN",8,35,129,164
https://kawalpemilu.org#18351,"KOTA JAYA, LAHAT, LAHAT, SUMATERA SELATAN",1,33,144,177
https://kawalpemilu.org#18351,"KOTA JAYA, LAHAT, LAHAT, SUMATERA SELATAN",2,30,94,124
https://kawalpemilu.org#18351,"KOTA JAYA, LAHAT, LAHAT, SUMATERA SELATAN",3,36,198,234
https://kawalpemilu.org#18351,"KOTA JAYA, LAHAT, LAHAT, SUMATERA SELATAN",4,65,183,248
https://kawalpemilu.org#18351,"KOTA JAYA, LAHAT, LAHAT, SUMATERA SELATAN",5,48,205,253
https://kawalpemilu.org#18351,"KOTA JAYA, LAHAT, LAHAT, SUMATERA SELATAN",6,33,136,169
https://kawalpemilu.org#18351,"KOTA JAYA, LAHAT, LAHAT, SUMATERA SELATAN",8,26,109,135
https://kawalpemilu.org#18351,"KOTA JAYA, LAHAT, LAHAT, SUMATERA SELATAN",9,48,129,177
https://kawalpemilu.org#18351,"KOTA JAYA, LAHAT, LAHAT, SUMATERA SELATAN",10,43,159,202
https://kawalpemilu.org#18352,"RD. PJKA BANDAR AGUNG, LAHAT, LAHAT, SUMATERA SELATAN",1,62,136,198
https://kawalpemilu.org#18352,"RD. PJKA BANDAR AGUNG, LAHAT, LAHAT, SUMATERA SELATAN",2,47,148,195
https://kawalpemilu.org#18352,"RD. PJKA BANDAR AGUNG, LAHAT, LAHAT, SUMATERA SELATAN",3,36,160,196
https://kawalpemilu.org#18352,"RD. PJKA BANDAR AGUNG, LAHAT, LAHAT, SUMATERA SELATAN",4,39,180,219
https://kawalpemilu.org#18353,"SARI BUNGA MAS, LAHAT, LAHAT, SUMATERA SELATAN",1,110,128,238
https://kawalpemilu.org#18353,"SARI BUNGA MAS, LAHAT, LAHAT, SUMATERA SELATAN",2,102,153,255
https://kawalpemilu.org#18353,"SARI BUNGA MAS, LAHAT, LAHAT, SUMATERA SELATAN",3,118,104,222
https://kawalpemilu.org#18353,"SARI BUNGA MAS, LAHAT, LAHAT, SUMATERA SELATAN",4,125,83,208
https://kawalpemilu.org#18353,"SARI BUNGA MAS, LAHAT, LAHAT, SUMATERA SELATAN",5,136,86,222
https://kawalpemilu.org#18353,"SARI BUNGA MAS, LAHAT, LAHAT, SUMATERA SELATAN",6,105,122,227
https://kawalpemilu.org#18353,"SARI BUNGA MAS, LAHAT, LAHAT, SUMATERA SELATAN",7,88,78,166
https://kawalpemilu.org#18353,"SARI BUNGA MAS, LAHAT, LAHAT, SUMATERA SELATAN",8,91,92,183
https://kawalpemilu.org#18354,"TALANG JAWA SELATAN, LAHAT, LAHAT, SUMATERA SELATAN",1,70,135,205
https://kawalpemilu.org#18354,"TALANG JAWA SELATAN, LAHAT, LAHAT, SUMATERA SELATAN",2,71,160,231
https://kawalpemilu.org#18354,"TALANG JAWA SELATAN, LAHAT, LAHAT, SUMATERA SELATAN",3,54,148,202
https://kawalpemilu.org#18354,"TALANG JAWA SELATAN, LAHAT, LAHAT, SUMATERA SELATAN",4,40,121,161
https://kawalpemilu.org#18354,"TALANG JAWA SELATAN, LAHAT, LAHAT, SUMATERA SELATAN",5,50,174,224
https://kawalpemilu.org#18354,"TALANG JAWA SELATAN, LAHAT, LAHAT, SUMATERA SELATAN",6,45,176,221
https://kawalpemilu.org#18354,"TALANG JAWA SELATAN, LAHAT, LAHAT, SUMATERA SELATAN",7,39,142,181
https://kawalpemilu.org#18354,"TALANG JAWA SELATAN, LAHAT, LAHAT, SUMATERA SELATAN",8,57,162,219
https://kawalpemilu.org#18354,"TALANG JAWA SELATAN, LAHAT, LAHAT, SUMATERA SELATAN",9,78,161,239
https://kawalpemilu.org#18354,"TALANG JAWA SELATAN, LAHAT, LAHAT, SUMATERA SELATAN",10,56,201,257
https://kawalpemilu.org#18354,"TALANG JAWA SELATAN, LAHAT, LAHAT, SUMATERA SELATAN",11,15,96,111
https://kawalpemilu.org#18354,"TALANG JAWA SELATAN, LAHAT, LAHAT, SUMATERA SELATAN",12,25,178,203
https://kawalpemilu.org#18354,"TALANG JAWA SELATAN, LAHAT, LAHAT, SUMATERA SELATAN",13,64,166,230
https://kawalpemilu.org#18354,"TALANG JAWA SELATAN, LAHAT, LAHAT, SUMATERA SELATAN",14,48,102,150
https://kawalpemilu.org#18354,"TALANG JAWA SELATAN, LAHAT, LAHAT, SUMATERA SELATAN",15,77,113,190
https://kawalpemilu.org#18354,"TALANG JAWA SELATAN, LAHAT, LAHAT, SUMATERA SELATAN",16,64,124,188
https://kawalpemilu.org#18354,"TALANG JAWA SELATAN, LAHAT, LAHAT, SUMATERA SELATAN",17,33,143,176
https://kawalpemilu.org#18354,"TALANG JAWA SELATAN, LAHAT, LAHAT, SUMATERA SELATAN",18,58,135,193
https://kawalpemilu.org#18354,"TALANG JAWA SELATAN, LAHAT, LAHAT, SUMATERA SELATAN",19,36,142,178
https://kawalpemilu.org#18354,"TALANG JAWA SELATAN, LAHAT, LAHAT, SUMATERA SELATAN",20,61,144,205
https://kawalpemilu.org#18354,"TALANG JAWA SELATAN, LAHAT, LAHAT, SUMATERA SELATAN",21,14,66,80
https://kawalpemilu.org#18354,"TALANG JAWA SELATAN, LAHAT, LAHAT, SUMATERA SELATAN",22,38,133,171
https://kawalpemilu.org#18354,"TALANG JAWA SELATAN, LAHAT, LAHAT, SUMATERA SELATAN",23,31,92,123
https://kawalpemilu.org#18354,"TALANG JAWA SELATAN, LAHAT, LAHAT, SUMATERA SELATAN",24,67,113,180
https://kawalpemilu.org#18354,"TALANG JAWA SELATAN, LAHAT, LAHAT, SUMATERA SELATAN",25,47,123,170
https://kawalpemilu.org#18354,"TALANG JAWA SELATAN, LAHAT, LAHAT, SUMATERA SELATAN",26,27,123,150
https://kawalpemilu.org#18354,"TALANG JAWA SELATAN, LAHAT, LAHAT, SUMATERA SELATAN",27,32,102,134
https://kawalpemilu.org#18355,"BANDAR JAYA, LAHAT, LAHAT, SUMATERA SELATAN",1,55,164,219
https://kawalpemilu.org#18355,"BANDAR JAYA, LAHAT, LAHAT, SUMATERA SELATAN",2,38,157,195
https://kawalpemilu.org#18355,"BANDAR JAYA, LAHAT, LAHAT, SUMATERA SELATAN",3,26,96,122
https://kawalpemilu.org#18355,"BANDAR JAYA, LAHAT, LAHAT, SUMATERA SELATAN",4,33,140,173
https://kawalpemilu.org#18355,"BANDAR JAYA, LAHAT, LAHAT, SUMATERA SELATAN",5,27,87,114
https://kawalpemilu.org#18355,"BANDAR JAYA, LAHAT, LAHAT, SUMATERA SELATAN",6,13,103,116
https://kawalpemilu.org#18355,"BANDAR JAYA, LAHAT, LAHAT, SUMATERA SELATAN",7,5,58,63
https://kawalpemilu.org#18355,"BANDAR JAYA, LAHAT, LAHAT, SUMATERA SELATAN",8,34,98,132
https://kawalpemilu.org#18355,"BANDAR JAYA, LAHAT, LAHAT, SUMATERA SELATAN",9,28,131,159
https://kawalpemilu.org#18355,"BANDAR JAYA, LAHAT, LAHAT, SUMATERA SELATAN",10,43,169,212
https://kawalpemilu.org#18355,"BANDAR JAYA, LAHAT, LAHAT, SUMATERA SELATAN",11,33,169,202
https://kawalpemilu.org#18355,"BANDAR JAYA, LAHAT, LAHAT, SUMATERA SELATAN",12,32,209,241
https://kawalpemilu.org#18355,"BANDAR JAYA, LAHAT, LAHAT, SUMATERA SELATAN",13,27,168,195
https://kawalpemilu.org#18355,"BANDAR JAYA, LAHAT, LAHAT, SUMATERA SELATAN",14,21,105,126
https://kawalpemilu.org#18355,"BANDAR JAYA, LAHAT, LAHAT, SUMATERA SELATAN",15,38,150,188
https://kawalpemilu.org#18355,"BANDAR JAYA, LAHAT, LAHAT, SUMATERA SELATAN",16,34,137,171
https://kawalpemilu.org#18355,"BANDAR JAYA, LAHAT, LAHAT, SUMATERA SELATAN",17,21,139,160
https://kawalpemilu.org#18355,"BANDAR JAYA, LAHAT, LAHAT, SUMATERA SELATAN",18,20,135,155
https://kawalpemilu.org#18355,"BANDAR JAYA, LAHAT, LAHAT, SUMATERA SELATAN",19,33,145,178
https://kawalpemilu.org#18355,"BANDAR JAYA, LAHAT, LAHAT, SUMATERA SELATAN",20,51,155,206
https://kawalpemilu.org#18355,"BANDAR JAYA, LAHAT, LAHAT, SUMATERA SELATAN",21,24,92,116
https://kawalpemilu.org#18355,"BANDAR JAYA, LAHAT, LAHAT, SUMATERA SELATAN",22,13,80,93
https://kawalpemilu.org#18355,"BANDAR JAYA, LAHAT, LAHAT, SUMATERA SELATAN",23,18,102,120
https://kawalpemilu.org#18355,"BANDAR JAYA, LAHAT, LAHAT, SUMATERA SELATAN",24,21,101,122
https://kawalpemilu.org#18355,"BANDAR JAYA, LAHAT, LAHAT, SUMATERA SELATAN",25,7,77,84
https://kawalpemilu.org#18355,"BANDAR JAYA, LAHAT, LAHAT, SUMATERA SELATAN",26,21,116,137
https://kawalpemilu.org#18355,"BANDAR JAYA, LAHAT, LAHAT, SUMATERA SELATAN",27,13,123,136
https://kawalpemilu.org#18355,"BANDAR JAYA, LAHAT, LAHAT, SUMATERA SELATAN",28,27,124,151
https://kawalpemilu.org#18355,"BANDAR JAYA, LAHAT, LAHAT, SUMATERA SELATAN",29,30,101,131
https://kawalpemilu.org#18355,"BANDAR JAYA, LAHAT, LAHAT, SUMATERA SELATAN",30,25,113,127
https://kawalpemilu.org#18355,"BANDAR JAYA, LAHAT, LAHAT, SUMATERA SELATAN",31,18,105,123
https://kawalpemilu.org#18355,"BANDAR JAYA, LAHAT, LAHAT, SUMATERA SELATAN",32,28,119,147
https://kawalpemilu.org#18355,"BANDAR JAYA, LAHAT, LAHAT, SUMATERA SELATAN",33,27,139,166
https://kawalpemilu.org#18355,"BANDAR JAYA, LAHAT, LAHAT, SUMATERA SELATAN",34,21,138,159
https://kawalpemilu.org#18355,"BANDAR JAYA, LAHAT, LAHAT, SUMATERA SELATAN",35,15,132,147
https://kawalpemilu.org#18355,"BANDAR JAYA, LAHAT, LAHAT, SUMATERA SELATAN",36,30,116,146
https://kawalpemilu.org#18355,"BANDAR JAYA, LAHAT, LAHAT, SUMATERA SELATAN",37,26,122,148
https://kawalpemilu.org#18356,"TALANG JAWA UTARA, LAHAT, LAHAT, SUMATERA SELATAN",1,45,105,150
https://kawalpemilu.org#18356,"TALANG JAWA UTARA, LAHAT, LAHAT, SUMATERA SELATAN",2,47,183,230
https://kawalpemilu.org#18356,"TALANG JAWA UTARA, LAHAT, LAHAT, SUMATERA SELATAN",3,43,153,196
https://kawalpemilu.org#18356,"TALANG JAWA UTARA, LAHAT, LAHAT, SUMATERA SELATAN",4,51,181,232
https://kawalpemilu.org#18356,"TALANG JAWA UTARA, LAHAT, LAHAT, SUMATERA SELATAN",6,40,110,150
https://kawalpemilu.org#18356,"TALANG JAWA UTARA, LAHAT, LAHAT, SUMATERA SELATAN",7,89,158,247
https://kawalpemilu.org#18356,"TALANG JAWA UTARA, LAHAT, LAHAT, SUMATERA SELATAN",8,30,199,235
https://kawalpemilu.org#18356,"TALANG JAWA UTARA, LAHAT, LAHAT, SUMATERA SELATAN",9,54,143,197
https://kawalpemilu.org#18356,"TALANG JAWA UTARA, LAHAT, LAHAT, SUMATERA SELATAN",10,41,146,187
https://kawalpemilu.org#18356,"TALANG JAWA UTARA, LAHAT, LAHAT, SUMATERA SELATAN",11,35,150,185
https://kawalpemilu.org#18356,"TALANG JAWA UTARA, LAHAT, LAHAT, SUMATERA SELATAN",12,34,103,137
https://kawalpemilu.org#18356,"TALANG JAWA UTARA, LAHAT, LAHAT, SUMATERA SELATAN",13,31,209,240
https://kawalpemilu.org#18357,"PADANG LENGKUAS, LAHAT, LAHAT, SUMATERA SELATAN",1,71,172,243
https://kawalpemilu.org#18357,"PADANG LENGKUAS, LAHAT, LAHAT, SUMATERA SELATAN",2,65,160,225
https://kawalpemilu.org#18358,"SELAWI, LAHAT, LAHAT, SUMATERA SELATAN",2,22,136,158
https://kawalpemilu.org#18358,"SELAWI, LAHAT, LAHAT, SUMATERA SELATAN",3,18,164,182
https://kawalpemilu.org#18358,"SELAWI, LAHAT, LAHAT, SUMATERA SELATAN",4,34,172,206
https://kawalpemilu.org#18358,"SELAWI, LAHAT, LAHAT, SUMATERA SELATAN",5,19,124,143
https://kawalpemilu.org#18358,"SELAWI, LAHAT, LAHAT, SUMATERA SELATAN",6,27,133,160
https://kawalpemilu.org#18358,"SELAWI, LAHAT, LAHAT, SUMATERA SELATAN",7,38,166,204
https://kawalpemilu.org#18358,"SELAWI, LAHAT, LAHAT, SUMATERA SELATAN",8,49,183,232
https://kawalpemilu.org#18358,"SELAWI, LAHAT, LAHAT, SUMATERA SELATAN",9,41,190,231
https://kawalpemilu.org#18358,"SELAWI, LAHAT, LAHAT, SUMATERA SELATAN",10,36,193,229
https://kawalpemilu.org#18358,"SELAWI, LAHAT, LAHAT, SUMATERA SELATAN",11,55,150,205
https://kawalpemilu.org#18358,"SELAWI, LAHAT, LAHAT, SUMATERA SELATAN",12,36,117,153
https://kawalpemilu.org#18358,"SELAWI, LAHAT, LAHAT, SUMATERA SELATAN",13,42,142,184
https://kawalpemilu.org#18361,"SUKANEGARA, LAHAT, LAHAT, SUMATERA SELATAN",1,29,183,212
https://kawalpemilu.org#18361,"SUKANEGARA, LAHAT, LAHAT, SUMATERA SELATAN",2,34,174,208
https://kawalpemilu.org#18361,"SUKANEGARA, LAHAT, LAHAT, SUMATERA SELATAN",3,19,162,181
https://kawalpemilu.org#18361,"SUKANEGARA, LAHAT, LAHAT, SUMATERA SELATAN",4,33,142,175
https://kawalpemilu.org#18361,"SUKANEGARA, LAHAT, LAHAT, SUMATERA SELATAN",5,33,139,172
https://kawalpemilu.org#18361,"SUKANEGARA, LAHAT, LAHAT, SUMATERA SELATAN",6,34,129,163
https://kawalpemilu.org#18362,"KOTA RAYA, LAHAT, LAHAT, SUMATERA SELATAN",1,30,152,182
https://kawalpemilu.org#18362,"KOTA RAYA, LAHAT, LAHAT, SUMATERA SELATAN",2,33,138,171
https://kawalpemilu.org#18362,"KOTA RAYA, LAHAT, LAHAT, SUMATERA SELATAN",3,41,123,164
https://kawalpemilu.org#18362,"KOTA RAYA, LAHAT, LAHAT, SUMATERA SELATAN",4,52,112,164
https://kawalpemilu.org#18363,"KEBAN, LAHAT, LAHAT, SUMATERA SELATAN",1,34,206,240
https://kawalpemilu.org#18363,"KEBAN, LAHAT, LAHAT, SUMATERA SELATAN",2,19,206,225
https://kawalpemilu.org#18363,"KEBAN, LAHAT, LAHAT, SUMATERA SELATAN",3,26,199,225
https://kawalpemilu.org#18364,"PAGAR SARI, LAHAT, LAHAT, SUMATERA SELATAN",1,71,161,232
https://kawalpemilu.org#18364,"PAGAR SARI, LAHAT, LAHAT, SUMATERA SELATAN",2,71,146,217
https://kawalpemilu.org#18364,"PAGAR SARI, LAHAT, LAHAT, SUMATERA SELATAN",3,78,155,233
https://kawalpemilu.org#18365,"PAGAR NEGARA, LAHAT, LAHAT, SUMATERA SELATAN",1,47,180,227
https://kawalpemilu.org#18365,"PAGAR NEGARA, LAHAT, LAHAT, SUMATERA SELATAN",2,67,190,257
https://kawalpemilu.org#18365,"PAGAR NEGARA, LAHAT, LAHAT, SUMATERA SELATAN",3,44,195,239
https://kawalpemilu.org#18365,"PAGAR NEGARA, LAHAT, LAHAT, SUMATERA SELATAN",4,45,193,238
https://kawalpemilu.org#18370,"SENABING, LAHAT, LAHAT, SUMATERA SELATAN",1,16,160,176
https://kawalpemilu.org#18370,"SENABING, LAHAT, LAHAT, SUMATERA SELATAN",2,11,166,177
https://kawalpemilu.org#18370,"SENABING, LAHAT, LAHAT, SUMATERA SELATAN",3,4,155,159
https://kawalpemilu.org#18370,"SENABING, LAHAT, LAHAT, SUMATERA SELATAN",4,3,140,143
https://kawalpemilu.org#18371,"MANGGUL, LAHAT, LAHAT, SUMATERA SELATAN",1,19,145,164
https://kawalpemilu.org#18371,"MANGGUL, LAHAT, LAHAT, SUMATERA SELATAN",2,31,111,142
https://kawalpemilu.org#18371,"MANGGUL, LAHAT, LAHAT, SUMATERA SELATAN",3,33,177,210
https://kawalpemilu.org#18371,"MANGGUL, LAHAT, LAHAT, SUMATERA SELATAN",4,30,155,185
https://kawalpemilu.org#18371,"MANGGUL, LAHAT, LAHAT, SUMATERA SELATAN",5,61,102,163
https://kawalpemilu.org#18371,"MANGGUL, LAHAT, LAHAT, SUMATERA SELATAN",6,32,176,208
https://kawalpemilu.org#18371,"MANGGUL, LAHAT, LAHAT, SUMATERA SELATAN",7,32,106,138
https://kawalpemilu.org#18371,"MANGGUL, LAHAT, LAHAT, SUMATERA SELATAN",8,38,161,199
https://kawalpemilu.org#18371,"MANGGUL, LAHAT, LAHAT, SUMATERA SELATAN",9,52,148,200
https://kawalpemilu.org#18371,"MANGGUL, LAHAT, LAHAT, SUMATERA SELATAN",10,28,145,173
https://kawalpemilu.org#18371,"MANGGUL, LAHAT, LAHAT, SUMATERA SELATAN",11,32,107,139
https://kawalpemilu.org#18371,"MANGGUL, LAHAT, LAHAT, SUMATERA SELATAN",12,28,111,139
https://kawalpemilu.org#18371,"MANGGUL, LAHAT, LAHAT, SUMATERA SELATAN",13,38,140,178
https://kawalpemilu.org#18371,"MANGGUL, LAHAT, LAHAT, SUMATERA SELATAN",14,58,134,192
https://kawalpemilu.org#18371,"MANGGUL, LAHAT, LAHAT, SUMATERA SELATAN",15,40,120,160
https://kawalpemilu.org#18371,"MANGGUL, LAHAT, LAHAT, SUMATERA SELATAN",16,40,119,159
https://kawalpemilu.org#18372,"ULAK LEBAR, LAHAT, LAHAT, SUMATERA SELATAN",1,33,148,181
https://kawalpemilu.org#18372,"ULAK LEBAR, LAHAT, LAHAT, SUMATERA SELATAN",2,19,131,150
https://kawalpemilu.org#18372,"ULAK LEBAR, LAHAT, LAHAT, SUMATERA SELATAN",3,37,145,182
https://kawalpemilu.org#18372,"ULAK LEBAR, LAHAT, LAHAT, SUMATERA SELATAN",4,48,156,204
https://kawalpemilu.org#18372,"ULAK LEBAR, LAHAT, LAHAT, SUMATERA SELATAN",5,40,171,211
https://kawalpemilu.org#18372,"ULAK LEBAR, LAHAT, LAHAT, SUMATERA SELATAN",6,37,173,210
https://kawalpemilu.org#18373,"GIRI MULYA, LAHAT, LAHAT, SUMATERA SELATAN",1,76,91,167
https://kawalpemilu.org#18373,"GIRI MULYA, LAHAT, LAHAT, SUMATERA SELATAN",2,46,113,159
https://kawalpemilu.org#18373,"GIRI MULYA, LAHAT, LAHAT, SUMATERA SELATAN",3,46,123,169
https://kawalpemilu.org#18373,"GIRI MULYA, LAHAT, LAHAT, SUMATERA SELATAN",4,68,95,163
https://kawalpemilu.org#18374,"MAKARTI TAMA, LAHAT, LAHAT, SUMATERA SELATAN",1,44,100,144
https://kawalpemilu.org#18374,"MAKARTI TAMA, LAHAT, LAHAT, SUMATERA SELATAN",2,47,113,160
https://kawalpemilu.org#18374,"MAKARTI TAMA, LAHAT, LAHAT, SUMATERA SELATAN",3,94,69,163
https://kawalpemilu.org#18374,"MAKARTI TAMA, LAHAT, LAHAT, SUMATERA SELATAN",4,122,35,157
https://kawalpemilu.org#18374,"MAKARTI TAMA, LAHAT, LAHAT, SUMATERA SELATAN",5,82,84,166
https://kawalpemilu.org#18375,"ULAK MAS, LAHAT, LAHAT, SUMATERA SELATAN",1,86,63,149
https://kawalpemilu.org#18375,"ULAK MAS, LAHAT, LAHAT, SUMATERA SELATAN",2,91,57,148
https://kawalpemilu.org#18375,"ULAK MAS, LAHAT, LAHAT, SUMATERA SELATAN",3,77,72,149
https://kawalpemilu.org#18375,"ULAK MAS, LAHAT, LAHAT, SUMATERA SELATAN",4,66,81,147
https://kawalpemilu.org#18377,"TALANG BARU, PAJAR BULAN, LAHAT, SUMATERA SELATAN",1,93,118,211
https://kawalpemilu.org#18378,"TALANG PAGAR AGUNG, PAJAR BULAN, LAHAT, SUMATERA SELATAN",1,93,110,203
https://kawalpemilu.org#18379,"BANTUNAN, PAJAR BULAN, LAHAT, SUMATERA SELATAN",1,106,87,193
https://kawalpemilu.org#18379,"BANTUNAN, PAJAR BULAN, LAHAT, SUMATERA SELATAN",2,80,92,172
https://kawalpemilu.org#18379,"BANTUNAN, PAJAR BULAN, LAHAT, SUMATERA SELATAN",3,98,89,187
https://kawalpemilu.org#18379,"BANTUNAN, PAJAR BULAN, LAHAT, SUMATERA SELATAN",4,94,110,204
https://kawalpemilu.org#18380,"SUKA BUMI, PAJAR BULAN, LAHAT, SUMATERA SELATAN",1,78,115,193
https://kawalpemilu.org#18381,"PULAU PANGGUNG, PAJAR BULAN, LAHAT, SUMATERA SELATAN",1,96,155,251
https://kawalpemilu.org#18381,"PULAU PANGGUNG, PAJAR BULAN, LAHAT, SUMATERA SELATAN",2,54,182,236
https://kawalpemilu.org#18381,"PULAU PANGGUNG, PAJAR BULAN, LAHAT, SUMATERA SELATAN",3,73,161,234
https://kawalpemilu.org#18382,"PAJAR BULAN, PAJAR BULAN, LAHAT, SUMATERA SELATAN",1,70,175,245
https://kawalpemilu.org#18382,"PAJAR BULAN, PAJAR BULAN, LAHAT, SUMATERA SELATAN",2,58,159,217
https://kawalpemilu.org#18383,"KOTA RAYA LEMBAK, PAJAR BULAN, LAHAT, SUMATERA SELATAN",1,50,130,180
https://kawalpemilu.org#18383,"KOTA RAYA LEMBAK, PAJAR BULAN, LAHAT, SUMATERA SELATAN",2,54,126,180
https://kawalpemilu.org#18383,"KOTA RAYA LEMBAK, PAJAR BULAN, LAHAT, SUMATERA SELATAN",3,47,127,174
https://kawalpemilu.org#18384,"SUMUR, PAJAR BULAN, LAHAT, SUMATERA SELATAN",1,106,112,218
https://kawalpemilu.org#18384,"SUMUR, PAJAR BULAN, LAHAT, SUMATERA SELATAN",2,68,123,191
https://kawalpemilu.org#18385,"GELUNG SAKTI, PAJAR BULAN, LAHAT, SUMATERA SELATAN",1,78,82,160
https://kawalpemilu.org#18386,"PULAU, PAJAR BULAN, LAHAT, SUMATERA SELATAN",1,37,129,166
https://kawalpemilu.org#18386,"PULAU, PAJAR BULAN, LAHAT, SUMATERA SELATAN",2,43,122,165
https://kawalpemilu.org#18387,"ULAK BANDUNG, PAJAR BULAN, LAHAT, SUMATERA SELATAN",1,51,107,158
https://kawalpemilu.org#18387,"ULAK BANDUNG, PAJAR BULAN, LAHAT, SUMATERA SELATAN",2,60,122,182
https://kawalpemilu.org#18387,"ULAK BANDUNG, PAJAR BULAN, LAHAT, SUMATERA SELATAN",3,49,87,136
https://kawalpemilu.org#18388,"TALANG PADANG TINGGI, PAJAR BULAN, LAHAT, SUMATERA SELATAN",1,90,64,154
https://kawalpemilu.org#18388,"TALANG PADANG TINGGI, PAJAR BULAN, LAHAT, SUMATERA SELATAN",2,104,49,153
https://kawalpemilu.org#18395,"ACEH, PAJAR BULAN, LAHAT, SUMATERA SELATAN",1,86,77,163
https://kawalpemilu.org#18395,"ACEH, PAJAR BULAN, LAHAT, SUMATERA SELATAN",2,93,87,180
https://kawalpemilu.org#18395,"ACEH, PAJAR BULAN, LAHAT, SUMATERA SELATAN",3,82,84,166
https://kawalpemilu.org#18396,"PAJAR TINGGI, PAJAR BULAN, LAHAT, SUMATERA SELATAN",1,60,108,168
https://kawalpemilu.org#18396,"PAJAR TINGGI, PAJAR BULAN, LAHAT, SUMATERA SELATAN",2,47,102,149
https://kawalpemilu.org#18401,"KOTA RAYA DARAT, PAJAR BULAN, LAHAT, SUMATERA SELATAN",1,70,97,167
https://kawalpemilu.org#18401,"KOTA RAYA DARAT, PAJAR BULAN, LAHAT, SUMATERA SELATAN",2,73,101,174
https://kawalpemilu.org#18402,"JENTIAN, PAJAR BULAN, LAHAT, SUMATERA SELATAN",1,61,139,200
https://kawalpemilu.org#18402,"JENTIAN, PAJAR BULAN, LAHAT, SUMATERA SELATAN",2,29,162,191
https://kawalpemilu.org#18403,"TONGKOK, PAJAR BULAN, LAHAT, SUMATERA SELATAN",1,60,158,218
https://kawalpemilu.org#18403,"TONGKOK, PAJAR BULAN, LAHAT, SUMATERA SELATAN",2,72,141,213
https://kawalpemilu.org#18403,"TONGKOK, PAJAR BULAN, LAHAT, SUMATERA SELATAN",3,43,142,185
https://kawalpemilu.org#18403,"TONGKOK, PAJAR BULAN, LAHAT, SUMATERA SELATAN",4,47,120,167
https://kawalpemilu.org#18404,"BENUA RAJA, PAJAR BULAN, LAHAT, SUMATERA SELATAN",1,71,148,219
https://kawalpemilu.org#18404,"BENUA RAJA, PAJAR BULAN, LAHAT, SUMATERA SELATAN",2,76,156,232
https://kawalpemilu.org#18405,"TALANG MENGKENANG, PAJAR BULAN, LAHAT, SUMATERA SELATAN",1,93,66,159
https://kawalpemilu.org#18406,"TALANG TANGSI, PAJAR BULAN, LAHAT, SUMATERA SELATAN",1,60,74,134
https://kawalpemilu.org#18410,"PAJAR BULAN, MULAK ULU, LAHAT, SUMATERA SELATAN",1,54,185,239
https://kawalpemilu.org#18410,"PAJAR BULAN, MULAK ULU, LAHAT, SUMATERA SELATAN",2,47,171,218
https://kawalpemilu.org#18410,"PAJAR BULAN, MULAK ULU, LAHAT, SUMATERA SELATAN",3,49,170,219
https://kawalpemilu.org#18411,"SUKA NANTI, MULAK ULU, LAHAT, SUMATERA SELATAN",1,44,120,164
https://kawalpemilu.org#18411,"SUKA NANTI, MULAK ULU, LAHAT, SUMATERA SELATAN",2,27,62,89
https://kawalpemilu.org#18412,"KARANG LEBAK, MULAK ULU, LAHAT, SUMATERA SELATAN",1,66,171,237
https://kawalpemilu.org#18414,"BABATAN, MULAK ULU, LAHAT, SUMATERA SELATAN",1,42,160,202
https://kawalpemilu.org#18417,"MUARA TIGA, MULAK ULU, LAHAT, SUMATERA SELATAN",1,28,144,172
https://kawalpemilu.org#18417,"MUARA TIGA, MULAK ULU, LAHAT, SUMATERA SELATAN",2,48,203,251
https://kawalpemilu.org#18417,"MUARA TIGA, MULAK ULU, LAHAT, SUMATERA SELATAN",3,13,76,89
https://kawalpemilu.org#18418,"SENGKUANG, MULAK ULU, LAHAT, SUMATERA SELATAN",1,36,103,139
https://kawalpemilu.org#18419,"PENINDAIAN, MULAK ULU, LAHAT, SUMATERA SELATAN",1,5,160,165
https://kawalpemilu.org#18419,"PENINDAIAN, MULAK ULU, LAHAT, SUMATERA SELATAN",2,10,95,105
https://kawalpemilu.org#18420,"DATAR BALAM, MULAK ULU, LAHAT, SUMATERA SELATAN",1,23,173,196
https://kawalpemilu.org#18420,"DATAR BALAM, MULAK ULU, LAHAT, SUMATERA SELATAN",2,25,157,182
https://kawalpemilu.org#18420,"DATAR BALAM, MULAK ULU, LAHAT, SUMATERA SELATAN",3,30,152,182
https://kawalpemilu.org#18421,"TEBING TINGGI, MULAK ULU, LAHAT, SUMATERA SELATAN",1,50,151,201
https://kawalpemilu.org#18422,"GERAMAT, MULAK ULU, LAHAT, SUMATERA SELATAN",1,14,178,192
https://kawalpemilu.org#18422,"GERAMAT, MULAK ULU, LAHAT, SUMATERA SELATAN",2,18,164,182
https://kawalpemilu.org#18422,"GERAMAT, MULAK ULU, LAHAT, SUMATERA SELATAN",3,18,168,186
https://kawalpemilu.org#18422,"GERAMAT, MULAK ULU, LAHAT, SUMATERA SELATAN",4,20,159,179
https://kawalpemilu.org#18423,"PENGENTAAN, MULAK ULU, LAHAT, SUMATERA SELATAN",1,46,133,179
https://kawalpemilu.org#18423,"PENGENTAAN, MULAK ULU, LAHAT, SUMATERA SELATAN",2,39,132,171
https://kawalpemilu.org#18424,"LESUNG BATU, MULAK ULU, LAHAT, SUMATERA SELATAN",1,20,216,236
https://kawalpemilu.org#18424,"LESUNG BATU, MULAK ULU, LAHAT, SUMATERA SELATAN",2,35,200,235
https://kawalpemilu.org#18425,"AIR PUAR, MULAK ULU, LAHAT, SUMATERA SELATAN",1,23,180,203
https://kawalpemilu.org#18425,"AIR PUAR, MULAK ULU, LAHAT, SUMATERA SELATAN",2,25,187,212
https://kawalpemilu.org#18425,"AIR PUAR, MULAK ULU, LAHAT, SUMATERA SELATAN",3,23,180,203
https://kawalpemilu.org#18427,"MENGKENANG, MULAK ULU, LAHAT, SUMATERA SELATAN",1,63,128,191
https://kawalpemilu.org#18427,"MENGKENANG, MULAK ULU, LAHAT, SUMATERA SELATAN",2,50,132,182
https://kawalpemilu.org#18427,"MENGKENANG, MULAK ULU, LAHAT, SUMATERA SELATAN",3,47,141,188
https://kawalpemilu.org#18427,"MENGKENANG, MULAK ULU, LAHAT, SUMATERA SELATAN",4,86,97,183
https://kawalpemilu.org#18427,"MENGKENANG, MULAK ULU, LAHAT, SUMATERA SELATAN",5,74,91,165
https://kawalpemilu.org#18432,"LAWANG AGUNG MULAK, MULAK ULU, LAHAT, SUMATERA SELATAN",1,12,184,196
https://kawalpemilu.org#18432,"LAWANG AGUNG MULAK, MULAK ULU, LAHAT, SUMATERA SELATAN",2,8,188,196
https://kawalpemilu.org#18432,"LAWANG AGUNG MULAK, MULAK ULU, LAHAT, SUMATERA SELATAN",3,24,171,195
https://kawalpemilu.org#18432,"LAWANG AGUNG MULAK, MULAK ULU, LAHAT, SUMATERA SELATAN",4,11,185,196
https://kawalpemilu.org#18432,"LAWANG AGUNG MULAK, MULAK ULU, LAHAT, SUMATERA SELATAN",5,37,168,205
https://kawalpemilu.org#18432,"LAWANG AGUNG MULAK, MULAK ULU, LAHAT, SUMATERA SELATAN",6,36,154,190
https://kawalpemilu.org#18432,"LAWANG AGUNG MULAK, MULAK ULU, LAHAT, SUMATERA SELATAN",7,40,165,205
https://kawalpemilu.org#18433,"PADANG MASAD, MULAK ULU, LAHAT, SUMATERA SELATAN",1,30,130,160
https://kawalpemilu.org#18433,"PADANG MASAD, MULAK ULU, LAHAT, SUMATERA SELATAN",2,14,100,114
https://kawalpemilu.org#18435,"PANDAN ARANG, KIKIM SELATAN, LAHAT, SUMATERA SELATAN",1,100,107,207
https://kawalpemilu.org#18435,"PANDAN ARANG, KIKIM SELATAN, LAHAT, SUMATERA SELATAN",2,101,108,209
https://kawalpemilu.org#18435,"PANDAN ARANG, KIKIM SELATAN, LAHAT, SUMATERA SELATAN",3,78,120,198
https://kawalpemilu.org#18436,"TANJUNG KURUNG, KIKIM SELATAN, LAHAT, SUMATERA SELATAN",1,35,131,166
https://kawalpemilu.org#18436,"TANJUNG KURUNG, KIKIM SELATAN, LAHAT, SUMATERA SELATAN",2,35,103,138
https://kawalpemilu.org#18437,"NANJUNGAN, KIKIM SELATAN, LAHAT, SUMATERA SELATAN",1,71,178,249
https://kawalpemilu.org#18437,"NANJUNGAN, KIKIM SELATAN, LAHAT, SUMATERA SELATAN",2,75,173,248
https://kawalpemilu.org#18437,"NANJUNGAN, KIKIM SELATAN, LAHAT, SUMATERA SELATAN",3,53,165,218
https://kawalpemilu.org#18438,"PAGARDIN, KIKIM SELATAN, LAHAT, SUMATERA SELATAN",1,111,138,251
https://kawalpemilu.org#18438,"PAGARDIN, KIKIM SELATAN, LAHAT, SUMATERA SELATAN",2,67,152,219
https://kawalpemilu.org#18439,"PULAU BERINGIN, KIKIM SELATAN, LAHAT, SUMATERA SELATAN",1,87,118,205
https://kawalpemilu.org#18439,"PULAU BERINGIN, KIKIM SELATAN, LAHAT, SUMATERA SELATAN",2,76,122,198
https://kawalpemilu.org#18439,"PULAU BERINGIN, KIKIM SELATAN, LAHAT, SUMATERA SELATAN",3,68,127,195
https://kawalpemilu.org#18439,"PULAU BERINGIN, KIKIM SELATAN, LAHAT, SUMATERA SELATAN",4,60,98,158
https://kawalpemilu.org#18440,"BERINGIN JAYA, KIKIM SELATAN, LAHAT, SUMATERA SELATAN",1,42,130,172
https://kawalpemilu.org#18440,"BERINGIN JAYA, KIKIM SELATAN, LAHAT, SUMATERA SELATAN",2,22,133,155
https://kawalpemilu.org#18440,"BERINGIN JAYA, KIKIM SELATAN, LAHAT, SUMATERA SELATAN",3,19,157,176
https://kawalpemilu.org#18440,"BERINGIN JAYA, KIKIM SELATAN, LAHAT, SUMATERA SELATAN",4,31,154,185
https://kawalpemilu.org#18441,"BANU AYU, KIKIM SELATAN, LAHAT, SUMATERA SELATAN",1,26,194,220
https://kawalpemilu.org#18441,"BANU AYU, KIKIM SELATAN, LAHAT, SUMATERA SELATAN",2,27,181,208
https://kawalpemilu.org#18441,"BANU AYU, KIKIM SELATAN, LAHAT, SUMATERA SELATAN",3,32,154,186
https://kawalpemilu.org#18441,"BANU AYU, KIKIM SELATAN, LAHAT, SUMATERA SELATAN",4,26,166,192
https://kawalpemilu.org#18442,"TANJUNG ALAM, KIKIM SELATAN, LAHAT, SUMATERA SELATAN",1,21,159,180
https://kawalpemilu.org#18442,"TANJUNG ALAM, KIKIM SELATAN, LAHAT, SUMATERA SELATAN",2,10,135,145
https://kawalpemilu.org#18442,"TANJUNG ALAM, KIKIM SELATAN, LAHAT, SUMATERA SELATAN",3,17,179,196
https://kawalpemilu.org#18443,"SIRAH PULAU, KIKIM SELATAN, LAHAT, SUMATERA SELATAN",1,16,93,109
https://kawalpemilu.org#18443,"SIRAH PULAU, KIKIM SELATAN, LAHAT, SUMATERA SELATAN",2,16,102,118
https://kawalpemilu.org#18444,"TANJUNG BERINGIN, KIKIM SELATAN, LAHAT, SUMATERA SELATAN",1,80,110,190
https://kawalpemilu.org#18444,"TANJUNG BERINGIN, KIKIM SELATAN, LAHAT, SUMATERA SELATAN",2,67,116,183
https://kawalpemilu.org#18444,"TANJUNG BERINGIN, KIKIM SELATAN, LAHAT, SUMATERA SELATAN",3,78,127,205
https://kawalpemilu.org#18444,"TANJUNG BERINGIN, KIKIM SELATAN, LAHAT, SUMATERA SELATAN",4,84,109,193
https://kawalpemilu.org#18445,"PAGAR JATI, KIKIM SELATAN, LAHAT, SUMATERA SELATAN",1,72,143,215
https://kawalpemilu.org#18445,"PAGAR JATI, KIKIM SELATAN, LAHAT, SUMATERA SELATAN",2,68,127,195
https://kawalpemilu.org#18445,"PAGAR JATI, KIKIM SELATAN, LAHAT, SUMATERA SELATAN",3,89,142,231
https://kawalpemilu.org#18445,"PAGAR JATI, KIKIM SELATAN, LAHAT, SUMATERA SELATAN",4,72,140,212
https://kawalpemilu.org#18445,"PAGAR JATI, KIKIM SELATAN, LAHAT, SUMATERA SELATAN",5,83,134,217
https://kawalpemilu.org#18445,"PAGAR JATI, KIKIM SELATAN, LAHAT, SUMATERA SELATAN",6,50,106,159
https://kawalpemilu.org#18446,"KARANG CAHAYA, KIKIM SELATAN, LAHAT, SUMATERA SELATAN",1,66,183,249
https://kawalpemilu.org#18446,"KARANG CAHAYA, KIKIM SELATAN, LAHAT, SUMATERA SELATAN",2,58,158,216
https://kawalpemilu.org#18447,"JAGA BAYA, KIKIM SELATAN, LAHAT, SUMATERA SELATAN",1,47,119,166
https://kawalpemilu.org#18447,"JAGA BAYA, KIKIM SELATAN, LAHAT, SUMATERA SELATAN",2,35,113,148
https://kawalpemilu.org#18448,"KEBAN AGUNG, KIKIM SELATAN, LAHAT, SUMATERA SELATAN",1,53,193,246
https://kawalpemilu.org#18448,"KEBAN AGUNG, KIKIM SELATAN, LAHAT, SUMATERA SELATAN",2,73,164,237
https://kawalpemilu.org#18448,"KEBAN AGUNG, KIKIM SELATAN, LAHAT, SUMATERA SELATAN",3,66,98,164
https://kawalpemilu.org#18449,"PADANG BINDU, KIKIM SELATAN, LAHAT, SUMATERA SELATAN",1,10,96,106
https://kawalpemilu.org#18449,"PADANG BINDU, KIKIM SELATAN, LAHAT, SUMATERA SELATAN",2,13,109,122
https://kawalpemilu.org#18451,"KEBAN RAYA, KIKIM SELATAN, LAHAT, SUMATERA SELATAN",1,58,43,101
https://kawalpemilu.org#18452,"LUBUK TUNGKANG, KIKIM SELATAN, LAHAT, SUMATERA SELATAN",1,11,140,151
https://kawalpemilu.org#18452,"LUBUK TUNGKANG, KIKIM SELATAN, LAHAT, SUMATERA SELATAN",2,21,121,142
https://kawalpemilu.org#931156,"BERINGIN JANGGUT, KIKIM SELATAN, LAHAT, SUMATERA SELATAN",1,63,165,228
https://kawalpemilu.org#931156,"BERINGIN JANGGUT, KIKIM SELATAN, LAHAT, SUMATERA SELATAN",2,78,131,209
https://kawalpemilu.org#18454,"BUNGA MAS, KIKIM TIMUR, LAHAT, SUMATERA SELATAN",1,48,144,192
https://kawalpemilu.org#18454,"BUNGA MAS, KIKIM TIMUR, LAHAT, SUMATERA SELATAN",2,43,121,164
https://kawalpemilu.org#18454,"BUNGA MAS, KIKIM TIMUR, LAHAT, SUMATERA SELATAN",3,50,149,199
https://kawalpemilu.org#18454,"BUNGA MAS, KIKIM TIMUR, LAHAT, SUMATERA SELATAN",4,54,133,187
https://kawalpemilu.org#18454,"BUNGA MAS, KIKIM TIMUR, LAHAT, SUMATERA SELATAN",5,56,119,175
https://kawalpemilu.org#18454,"BUNGA MAS, KIKIM TIMUR, LAHAT, SUMATERA SELATAN",6,51,132,183
https://kawalpemilu.org#18454,"BUNGA MAS, KIKIM TIMUR, LAHAT, SUMATERA SELATAN",7,39,140,179
https://kawalpemilu.org#18454,"BUNGA MAS, KIKIM TIMUR, LAHAT, SUMATERA SELATAN",8,35,137,172
https://kawalpemilu.org#18454,"BUNGA MAS, KIKIM TIMUR, LAHAT, SUMATERA SELATAN",9,35,110,145
https://kawalpemilu.org#18455,"GUNUNG KEMBANG, KIKIM TIMUR, LAHAT, SUMATERA SELATAN",1,52,136,188
https://kawalpemilu.org#18455,"GUNUNG KEMBANG, KIKIM TIMUR, LAHAT, SUMATERA SELATAN",2,28,166,194
https://kawalpemilu.org#18455,"GUNUNG KEMBANG, KIKIM TIMUR, LAHAT, SUMATERA SELATAN",3,38,147,185
https://kawalpemilu.org#18456,"TANJUNG BINDU, KIKIM TIMUR, LAHAT, SUMATERA SELATAN",1,1,115,116
https://kawalpemilu.org#18456,"TANJUNG BINDU, KIKIM TIMUR, LAHAT, SUMATERA SELATAN",2,3,129,132
https://kawalpemilu.org#18457,"LUBUK TAMPANG, KIKIM TIMUR, LAHAT, SUMATERA SELATAN",1,45,168,213
https://kawalpemilu.org#18457,"LUBUK TAMPANG, KIKIM TIMUR, LAHAT, SUMATERA SELATAN",2,37,172,212
https://kawalpemilu.org#18458,"LUBUK NAMBULAN, KIKIM TIMUR, LAHAT, SUMATERA SELATAN",1,51,145,196
https://kawalpemilu.org#18458,"LUBUK NAMBULAN, KIKIM TIMUR, LAHAT, SUMATERA SELATAN",2,51,111,162
https://kawalpemilu.org#18458,"LUBUK NAMBULAN, KIKIM TIMUR, LAHAT, SUMATERA SELATAN",3,36,157,193
https://kawalpemilu.org#18458,"LUBUK NAMBULAN, KIKIM TIMUR, LAHAT, SUMATERA SELATAN",4,31,138,169
https://kawalpemilu.org#18459,"GELUMBANG, KIKIM TIMUR, LAHAT, SUMATERA SELATAN",1,33,161,194
https://kawalpemilu.org#18459,"GELUMBANG, KIKIM TIMUR, LAHAT, SUMATERA SELATAN",2,25,131,156
https://kawalpemilu.org#18460,"GUNUNG AJI, KIKIM TIMUR, LAHAT, SUMATERA SELATAN",1,37,159,196
https://kawalpemilu.org#18460,"GUNUNG AJI, KIKIM TIMUR, LAHAT, SUMATERA SELATAN",2,24,136,160
https://kawalpemilu.org#18460,"GUNUNG AJI, KIKIM TIMUR, LAHAT, SUMATERA SELATAN",3,28,131,159
https://kawalpemilu.org#18461,"GUNUNG KERTO, KIKIM TIMUR, LAHAT, SUMATERA SELATAN",1,46,179,225
https://kawalpemilu.org#18461,"GUNUNG KERTO, KIKIM TIMUR, LAHAT, SUMATERA SELATAN",2,44,171,215
https://kawalpemilu.org#18461,"GUNUNG KERTO, KIKIM TIMUR, LAHAT, SUMATERA SELATAN",3,48,159,207
https://kawalpemilu.org#18462,"KARANG ENDAH, KIKIM TIMUR, LAHAT, SUMATERA SELATAN",1,63,84,147
https://kawalpemilu.org#18462,"KARANG ENDAH, KIKIM TIMUR, LAHAT, SUMATERA SELATAN",2,50,97,147
https://kawalpemilu.org#18463,"PADU RAKSA, KIKIM TIMUR, LAHAT, SUMATERA SELATAN",1,44,131,175
https://kawalpemilu.org#18463,"PADU RAKSA, KIKIM TIMUR, LAHAT, SUMATERA SELATAN",2,68,131,199
https://kawalpemilu.org#18463,"PADU RAKSA, KIKIM TIMUR, LAHAT, SUMATERA SELATAN",3,50,151,201
https://kawalpemilu.org#18464,"SERONGGO, KIKIM TIMUR, LAHAT, SUMATERA SELATAN",1,34,160,194
https://kawalpemilu.org#18464,"SERONGGO, KIKIM TIMUR, LAHAT, SUMATERA SELATAN",2,23,131,154
https://kawalpemilu.org#18464,"SERONGGO, KIKIM TIMUR, LAHAT, SUMATERA SELATAN",3,34,132,166
https://kawalpemilu.org#18465,"DATAR SERDANG, KIKIM TIMUR, LAHAT, SUMATERA SELATAN",1,8,125,133
https://kawalpemilu.org#18465,"DATAR SERDANG, KIKIM TIMUR, LAHAT, SUMATERA SELATAN",2,13,127,140
https://kawalpemilu.org#18466,"BATU URIP, KIKIM TIMUR, LAHAT, SUMATERA SELATAN",1,8,57,65
https://kawalpemilu.org#18466,"BATU URIP, KIKIM TIMUR, LAHAT, SUMATERA SELATAN",2,119,77,196
https://kawalpemilu.org#18466,"BATU URIP, KIKIM TIMUR, LAHAT, SUMATERA SELATAN",3,76,86,162
https://kawalpemilu.org#18467,"CECAR, KIKIM TIMUR, LAHAT, SUMATERA SELATAN",1,31,192,223
https://kawalpemilu.org#18467,"CECAR, KIKIM TIMUR, LAHAT, SUMATERA SELATAN",2,38,184,222
https://kawalpemilu.org#18467,"CECAR, KIKIM TIMUR, LAHAT, SUMATERA SELATAN",3,25,214,239
https://kawalpemilu.org#18467,"CECAR, KIKIM TIMUR, LAHAT, SUMATERA SELATAN",4,52,184,236
https://kawalpemilu.org#18467,"CECAR, KIKIM TIMUR, LAHAT, SUMATERA SELATAN",5,39,194,233
https://kawalpemilu.org#18468,"PETIKAL LAMA, KIKIM TIMUR, LAHAT, SUMATERA SELATAN",1,41,152,193
https://kawalpemilu.org#18468,"PETIKAL LAMA, KIKIM TIMUR, LAHAT, SUMATERA SELATAN",2,32,154,186
https://kawalpemilu.org#18468,"PETIKAL LAMA, KIKIM TIMUR, LAHAT, SUMATERA SELATAN",3,38,161,199
https://kawalpemilu.org#18470,"LUBUK KUTE, KIKIM TIMUR, LAHAT, SUMATERA SELATAN",1,73,81,154
https://kawalpemilu.org#18470,"LUBUK KUTE, KIKIM TIMUR, LAHAT, SUMATERA SELATAN",2,61,95,156
https://kawalpemilu.org#18471,"PETIKAL BARU, KIKIM TIMUR, LAHAT, SUMATERA SELATAN",2,19,107,126
https://kawalpemilu.org#18472,"GEDUNG AGUNG, KIKIM TIMUR, LAHAT, SUMATERA SELATAN",1,58,153,211
https://kawalpemilu.org#18473,"BABAT LAMA, KIKIM TIMUR, LAHAT, SUMATERA SELATAN",1,21,189,210
https://kawalpemilu.org#18474,"TANDA RAJA, KIKIM TIMUR, LAHAT, SUMATERA SELATAN",1,41,151,192
https://kawalpemilu.org#18474,"TANDA RAJA, KIKIM TIMUR, LAHAT, SUMATERA SELATAN",2,58,133,191
https://kawalpemilu.org#18474,"TANDA RAJA, KIKIM TIMUR, LAHAT, SUMATERA SELATAN",3,77,123,200
https://kawalpemilu.org#18475,"MUARA DANAU, KIKIM TIMUR, LAHAT, SUMATERA SELATAN",1,41,105,146
https://kawalpemilu.org#18475,"MUARA DANAU, KIKIM TIMUR, LAHAT, SUMATERA SELATAN",2,40,97,137
https://kawalpemilu.org#18476,"SENDAWAR, KIKIM TIMUR, LAHAT, SUMATERA SELATAN",1,117,124,241
https://kawalpemilu.org#18477,"LUBUK LAYANG ILIR, KIKIM TIMUR, LAHAT, SUMATERA SELATAN",1,53,119,172
https://kawalpemilu.org#18477,"LUBUK LAYANG ILIR, KIKIM TIMUR, LAHAT, SUMATERA SELATAN",2,49,119,168
https://kawalpemilu.org#18478,"BINJAI, KIKIM TIMUR, LAHAT, SUMATERA SELATAN",1,17,230,247
https://kawalpemilu.org#18479,"LUBUK LAYANG ULU, KIKIM TIMUR, LAHAT, SUMATERA SELATAN",1,8,173,181
https://kawalpemilu.org#18479,"LUBUK LAYANG ULU, KIKIM TIMUR, LAHAT, SUMATERA SELATAN",2,18,163,181
https://kawalpemilu.org#18480,"CEMPAKA SAKTI, KIKIM TIMUR, LAHAT, SUMATERA SELATAN",1,113,136,249
https://kawalpemilu.org#18480,"CEMPAKA SAKTI, KIKIM TIMUR, LAHAT, SUMATERA SELATAN",2,66,101,167
https://kawalpemilu.org#18480,"CEMPAKA SAKTI, KIKIM TIMUR, LAHAT, SUMATERA SELATAN",3,68,95,163
https://kawalpemilu.org#18480,"CEMPAKA SAKTI, KIKIM TIMUR, LAHAT, SUMATERA SELATAN",4,76,133,209
https://kawalpemilu.org#18480,"CEMPAKA SAKTI, KIKIM TIMUR, LAHAT, SUMATERA SELATAN",5,84,101,285
https://kawalpemilu.org#18481,"SUKA HARJO, KIKIM TIMUR, LAHAT, SUMATERA SELATAN",1,145,59,204
https://kawalpemilu.org#18481,"SUKA HARJO, KIKIM TIMUR, LAHAT, SUMATERA SELATAN",2,136,70,206
https://kawalpemilu.org#18481,"SUKA HARJO, KIKIM TIMUR, LAHAT, SUMATERA SELATAN",3,157,63,220
https://kawalpemilu.org#18481,"SUKA HARJO, KIKIM TIMUR, LAHAT, SUMATERA SELATAN",4,118,85,203
https://kawalpemilu.org#18481,"SUKA HARJO, KIKIM TIMUR, LAHAT, SUMATERA SELATAN",5,131,103,234
https://kawalpemilu.org#18482,"MARGA MULYA, KIKIM TIMUR, LAHAT, SUMATERA SELATAN",1,128,96,224
https://kawalpemilu.org#18482,"MARGA MULYA, KIKIM TIMUR, LAHAT, SUMATERA SELATAN",2,129,115,244
https://kawalpemilu.org#18482,"MARGA MULYA, KIKIM TIMUR, LAHAT, SUMATERA SELATAN",3,163,89,252
https://kawalpemilu.org#18482,"MARGA MULYA, KIKIM TIMUR, LAHAT, SUMATERA SELATAN",4,120,121,241
https://kawalpemilu.org#18482,"MARGA MULYA, KIKIM TIMUR, LAHAT, SUMATERA SELATAN",5,127,111,238
https://kawalpemilu.org#18482,"MARGA MULYA, KIKIM TIMUR, LAHAT, SUMATERA SELATAN",6,126,114,240
https://kawalpemilu.org#18483,"KENCANA SARI, KIKIM TIMUR, LAHAT, SUMATERA SELATAN",1,98,94,192
https://kawalpemilu.org#18483,"KENCANA SARI, KIKIM TIMUR, LAHAT, SUMATERA SELATAN",2,94,105,199
https://kawalpemilu.org#18483,"KENCANA SARI, KIKIM TIMUR, LAHAT, SUMATERA SELATAN",3,109,73,182
https://kawalpemilu.org#18483,"KENCANA SARI, KIKIM TIMUR, LAHAT, SUMATERA SELATAN",4,95,85,180
https://kawalpemilu.org#18484,"LINGGAR JAYA, KIKIM TIMUR, LAHAT, SUMATERA SELATAN",1,62,156,218
https://kawalpemilu.org#18484,"LINGGAR JAYA, KIKIM TIMUR, LAHAT, SUMATERA SELATAN",2,59,162,221
https://kawalpemilu.org#18484,"LINGGAR JAYA, KIKIM TIMUR, LAHAT, SUMATERA SELATAN",3,53,164,117
https://kawalpemilu.org#18484,"LINGGAR JAYA, KIKIM TIMUR, LAHAT, SUMATERA SELATAN",4,45,165,210
https://kawalpemilu.org#18485,"PURWARAJA, KIKIM TIMUR, LAHAT, SUMATERA SELATAN",1,104,130,234
https://kawalpemilu.org#18485,"PURWARAJA, KIKIM TIMUR, LAHAT, SUMATERA SELATAN",2,168,97,265
https://kawalpemilu.org#18485,"PURWARAJA, KIKIM TIMUR, LAHAT, SUMATERA SELATAN",3,169,88,257
https://kawalpemilu.org#18485,"PURWARAJA, KIKIM TIMUR, LAHAT, SUMATERA SELATAN",4,150,95,245
https://kawalpemilu.org#18485,"PURWARAJA, KIKIM TIMUR, LAHAT, SUMATERA SELATAN",5,178,83,261
https://kawalpemilu.org#18487,"SUNGAI LARU, KIKIM TENGAH, LAHAT, SUMATERA SELATAN",1,66,152,218
https://kawalpemilu.org#18487,"SUNGAI LARU, KIKIM TENGAH, LAHAT, SUMATERA SELATAN",2,68,132,200
https://kawalpemilu.org#18487,"SUNGAI LARU, KIKIM TENGAH, LAHAT, SUMATERA SELATAN",3,160,34,194
https://kawalpemilu.org#18487,"SUNGAI LARU, KIKIM TENGAH, LAHAT, SUMATERA SELATAN",4,48,138,186
https://kawalpemilu.org#18487,"SUNGAI LARU, KIKIM TENGAH, LAHAT, SUMATERA SELATAN",5,53,140,193
https://kawalpemilu.org#18487,"SUNGAI LARU, KIKIM TENGAH, LAHAT, SUMATERA SELATAN",6,52,152,204
https://kawalpemilu.org#18487,"SUNGAI LARU, KIKIM TENGAH, LAHAT, SUMATERA SELATAN",7,65,141,206
https://kawalpemilu.org#18488,"MUARA LINGSING, KIKIM TENGAH, LAHAT, SUMATERA SELATAN",1,15,164,179
https://kawalpemilu.org#18489,"TANJUNG BARU, KIKIM TENGAH, LAHAT, SUMATERA SELATAN",1,36,182,218
https://kawalpemilu.org#18490,"KEPALA SIRING, KIKIM TENGAH, LAHAT, SUMATERA SELATAN",1,24,190,214
https://kawalpemilu.org#18491,"MASPURA, KIKIM TENGAH, LAHAT, SUMATERA SELATAN",1,46,168,214
https://kawalpemilu.org#18492,"SUKA RAJA, KIKIM TENGAH, LAHAT, SUMATERA SELATAN",1,8,117,125
https://kawalpemilu.org#18493,"TANJUNG AUR, KIKIM TENGAH, LAHAT, SUMATERA SELATAN",1,103,135,238
https://kawalpemilu.org#18493,"TANJUNG AUR, KIKIM TENGAH, LAHAT, SUMATERA SELATAN",2,93,136,229
https://kawalpemilu.org#18493,"TANJUNG AUR, KIKIM TENGAH, LAHAT, SUMATERA SELATAN",3,81,123,204
https://kawalpemilu.org#18493,"TANJUNG AUR, KIKIM TENGAH, LAHAT, SUMATERA SELATAN",4,68,140,208
https://kawalpemilu.org#18493,"TANJUNG AUR, KIKIM TENGAH, LAHAT, SUMATERA SELATAN",5,74,120,194
https://kawalpemilu.org#18493,"TANJUNG AUR, KIKIM TENGAH, LAHAT, SUMATERA SELATAN",6,51,132,183
https://kawalpemilu.org#18493,"TANJUNG AUR, KIKIM TENGAH, LAHAT, SUMATERA SELATAN",7,69,139,208
https://kawalpemilu.org#18493,"TANJUNG AUR, KIKIM TENGAH, LAHAT, SUMATERA SELATAN",8,59,151,210
https://kawalpemilu.org#18493,"TANJUNG AUR, KIKIM TENGAH, LAHAT, SUMATERA SELATAN",9,80,119,199
https://kawalpemilu.org#18493,"TANJUNG AUR, KIKIM TENGAH, LAHAT, SUMATERA SELATAN",10,57,130,187
https://kawalpemilu.org#18494,"PURBAMAS, KIKIM TENGAH, LAHAT, SUMATERA SELATAN",1,135,84,219
https://kawalpemilu.org#18494,"PURBAMAS, KIKIM TENGAH, LAHAT, SUMATERA SELATAN",2,117,111,228
https://kawalpemilu.org#18494,"PURBAMAS, KIKIM TENGAH, LAHAT, SUMATERA SELATAN",3,155,82,237
https://kawalpemilu.org#18495,"BANYU MAS, KIKIM TENGAH, LAHAT, SUMATERA SELATAN",1,37,130,167
https://kawalpemilu.org#18495,"BANYU MAS, KIKIM TENGAH, LAHAT, SUMATERA SELATAN",2,79,95,174
https://kawalpemilu.org#18495,"BANYU MAS, KIKIM TENGAH, LAHAT, SUMATERA SELATAN",3,73,120,193
https://kawalpemilu.org#18497,"SAUNG NAGA, KIKIM BARAT, LAHAT, SUMATERA SELATAN",1,32,212,244
https://kawalpemilu.org#18497,"SAUNG NAGA, KIKIM BARAT, LAHAT, SUMATERA SELATAN",2,32,198,230
https://kawalpemilu.org#18498,"PENANTIAN, KIKIM BARAT, LAHAT, SUMATERA SELATAN",1,35,187,222
https://kawalpemilu.org#18498,"PENANTIAN, KIKIM BARAT, LAHAT, SUMATERA SELATAN",2,17,123,140
https://kawalpemilu.org#18499,"SUKA MERINDU, KIKIM BARAT, LAHAT, SUMATERA SELATAN",1,29,152,181
https://kawalpemilu.org#18499,"SUKA MERINDU, KIKIM BARAT, LAHAT, SUMATERA SELATAN",2,17,152,169
https://kawalpemilu.org#18499,"SUKA MERINDU, KIKIM BARAT, LAHAT, SUMATERA SELATAN",3,24,159,183
https://kawalpemilu.org#18499,"SUKA MERINDU, KIKIM BARAT, LAHAT, SUMATERA SELATAN",4,22,163,185
https://kawalpemilu.org#18500,"JAJARAN BARU, KIKIM BARAT, LAHAT, SUMATERA SELATAN",1,14,219,233
https://kawalpemilu.org#18500,"JAJARAN BARU, KIKIM BARAT, LAHAT, SUMATERA SELATAN",2,11,134,145
https://kawalpemilu.org#18501,"WONOREJO, KIKIM BARAT, LAHAT, SUMATERA SELATAN",1,66,165,231
https://kawalpemilu.org#18501,"WONOREJO, KIKIM BARAT, LAHAT, SUMATERA SELATAN",2,92,119,211
https://kawalpemilu.org#18501,"WONOREJO, KIKIM BARAT, LAHAT, SUMATERA SELATAN",3,114,97,211
https://kawalpemilu.org#18501,"WONOREJO, KIKIM BARAT, LAHAT, SUMATERA SELATAN",4,84,89,173
https://kawalpemilu.org#18502,"BABAT BARU, KIKIM BARAT, LAHAT, SUMATERA SELATAN",1,44,170,214
https://kawalpemilu.org#18502,"BABAT BARU, KIKIM BARAT, LAHAT, SUMATERA SELATAN",2,18,115,133
https://kawalpemilu.org#18503,"JAJARAN LAMA, KIKIM BARAT, LAHAT, SUMATERA SELATAN",1,54,157,211
https://kawalpemilu.org#18503,"JAJARAN LAMA, KIKIM BARAT, LAHAT, SUMATERA SELATAN",2,38,128,166
https://kawalpemilu.org#18504,"LUBUK SEKETI, KIKIM BARAT, LAHAT, SUMATERA SELATAN",1,73,191,264
https://kawalpemilu.org#18504,"LUBUK SEKETI, KIKIM BARAT, LAHAT, SUMATERA SELATAN",2,6,93,99
https://kawalpemilu.org#18505,"SUKA RAME, KIKIM BARAT, LAHAT, SUMATERA SELATAN",1,51,201,252
https://kawalpemilu.org#18505,"SUKA RAME, KIKIM BARAT, LAHAT, SUMATERA SELATAN",2,16,84,100
https://kawalpemilu.org#18506,"SINGAPURA, KIKIM BARAT, LAHAT, SUMATERA SELATAN",1,21,110,131
https://kawalpemilu.org#18506,"SINGAPURA, KIKIM BARAT, LAHAT, SUMATERA SELATAN",2,14,125,139
https://kawalpemilu.org#18506,"SINGAPURA, KIKIM BARAT, LAHAT, SUMATERA SELATAN",3,49,76,125
https://kawalpemilu.org#18506,"SINGAPURA, KIKIM BARAT, LAHAT, SUMATERA SELATAN",4,58,68,126
https://kawalpemilu.org#18507,"ULAK BANDUNG, KIKIM BARAT, LAHAT, SUMATERA SELATAN",1,37,151,188
https://kawalpemilu.org#18507,"ULAK BANDUNG, KIKIM BARAT, LAHAT, SUMATERA SELATAN",2,39,164,203
https://kawalpemilu.org#18507,"ULAK BANDUNG, KIKIM BARAT, LAHAT, SUMATERA SELATAN",3,24,95,119
https://kawalpemilu.org#18508,"BANDAR JAYA, KIKIM BARAT, LAHAT, SUMATERA SELATAN",1,190,31,221
https://kawalpemilu.org#18508,"BANDAR JAYA, KIKIM BARAT, LAHAT, SUMATERA SELATAN",2,160,42,202
https://kawalpemilu.org#18508,"BANDAR JAYA, KIKIM BARAT, LAHAT, SUMATERA SELATAN",3,110,24,134
https://kawalpemilu.org#18509,"PURNAMA SARI, KIKIM BARAT, LAHAT, SUMATERA SELATAN",1,99,161,260
https://kawalpemilu.org#18509,"PURNAMA SARI, KIKIM BARAT, LAHAT, SUMATERA SELATAN",2,126,127,253
https://kawalpemilu.org#18509,"PURNAMA SARI, KIKIM BARAT, LAHAT, SUMATERA SELATAN",3,91,94,185
https://kawalpemilu.org#18510,"WANARAYA, KIKIM BARAT, LAHAT, SUMATERA SELATAN",1,114,104,218
https://kawalpemilu.org#18510,"WANARAYA, KIKIM BARAT, LAHAT, SUMATERA SELATAN",2,109,112,221
https://kawalpemilu.org#18510,"WANARAYA, KIKIM BARAT, LAHAT, SUMATERA SELATAN",3,90,122,212
https://kawalpemilu.org#18510,"WANARAYA, KIKIM BARAT, LAHAT, SUMATERA SELATAN",4,149,68,217
https://kawalpemilu.org#18510,"WANARAYA, KIKIM BARAT, LAHAT, SUMATERA SELATAN",5,109,68,177
https://kawalpemilu.org#18510,"WANARAYA, KIKIM BARAT, LAHAT, SUMATERA SELATAN",6,102,81,183
https://kawalpemilu.org#18511,"PURWOREJO, KIKIM BARAT, LAHAT, SUMATERA SELATAN",1,216,51,267
https://kawalpemilu.org#18511,"PURWOREJO, KIKIM BARAT, LAHAT, SUMATERA SELATAN",2,90,20,110
https://kawalpemilu.org#18512,"SUKA BHAKTI, KIKIM BARAT, LAHAT, SUMATERA SELATAN",1,16,135,151
https://kawalpemilu.org#18512,"SUKA BHAKTI, KIKIM BARAT, LAHAT, SUMATERA SELATAN",2,27,127,154
https://kawalpemilu.org#18513,"MEKAR JAYA, KIKIM BARAT, LAHAT, SUMATERA SELATAN",1,81,95,176
https://kawalpemilu.org#18514,"DARMA RAHARJA, KIKIM BARAT, LAHAT, SUMATERA SELATAN",1,41,171,212
https://kawalpemilu.org#18514,"DARMA RAHARJA, KIKIM BARAT, LAHAT, SUMATERA SELATAN",2,38,178,216
https://kawalpemilu.org#18515,"SIDOMAKMUR, KIKIM BARAT, LAHAT, SUMATERA SELATAN",1,87,182,269
https://kawalpemilu.org#18515,"SIDOMAKMUR, KIKIM BARAT, LAHAT, SUMATERA SELATAN",2,101,134,235
https://kawalpemilu.org#18515,"SIDOMAKMUR, KIKIM BARAT, LAHAT, SUMATERA SELATAN",3,86,157,243
https://kawalpemilu.org#18515,"SIDOMAKMUR, KIKIM BARAT, LAHAT, SUMATERA SELATAN",4,77,131,208
https://kawalpemilu.org#18517,"SUKAJADI, PSEKSU, LAHAT, SUMATERA SELATAN",1,31,185,216
https://kawalpemilu.org#18517,"SUKAJADI, PSEKSU, LAHAT, SUMATERA SELATAN",2,45,176,221
https://kawalpemilu.org#18517,"SUKAJADI, PSEKSU, LAHAT, SUMATERA SELATAN",3,56,155,211
https://kawalpemilu.org#18517,"SUKAJADI, PSEKSU, LAHAT, SUMATERA SELATAN",4,44,179,223
https://kawalpemilu.org#18517,"SUKAJADI, PSEKSU, LAHAT, SUMATERA SELATAN",5,41,175,216
https://kawalpemilu.org#18518,"TANJUNG AGUNG, PSEKSU, LAHAT, SUMATERA SELATAN",1,30,109,139
https://kawalpemilu.org#18518,"TANJUNG AGUNG, PSEKSU, LAHAT, SUMATERA SELATAN",2,33,86,119
https://kawalpemilu.org#18519,"PENANDINGAN, PSEKSU, LAHAT, SUMATERA SELATAN",1,38,104,142
https://kawalpemilu.org#18519,"PENANDINGAN, PSEKSU, LAHAT, SUMATERA SELATAN",2,26,102,128
https://kawalpemilu.org#18520,"TALANG TINGGI, PSEKSU, LAHAT, SUMATERA SELATAN",1,57,107,164
https://kawalpemilu.org#18520,"TALANG TINGGI, PSEKSU, LAHAT, SUMATERA SELATAN",2,18,114,132
https://kawalpemilu.org#18521,"BATUNIDING, PSEKSU, LAHAT, SUMATERA SELATAN",1,13,178,191
https://kawalpemilu.org#18521,"BATUNIDING, PSEKSU, LAHAT, SUMATERA SELATAN",2,4,180,184
https://kawalpemilu.org#18521,"BATUNIDING, PSEKSU, LAHAT, SUMATERA SELATAN",3,5,101,106
https://kawalpemilu.org#18522,"TANJUNG RAYA, PSEKSU, LAHAT, SUMATERA SELATAN",1,31,124,155
https://kawalpemilu.org#18522,"TANJUNG RAYA, PSEKSU, LAHAT, SUMATERA SELATAN",2,22,113,135
https://kawalpemilu.org#18522,"TANJUNG RAYA, PSEKSU, LAHAT, SUMATERA SELATAN",3,33,108,141
https://kawalpemilu.org#18523,"LUBUK MABAR, PSEKSU, LAHAT, SUMATERA SELATAN",1,59,73,132
https://kawalpemilu.org#18523,"LUBUK MABAR, PSEKSU, LAHAT, SUMATERA SELATAN",2,58,114,172
https://kawalpemilu.org#18524,"PAGAR AGUNG, PSEKSU, LAHAT, SUMATERA SELATAN",1,44,136,180
https://kawalpemilu.org#18524,"PAGAR AGUNG, PSEKSU, LAHAT, SUMATERA SELATAN",2,30,150,180
https://kawalpemilu.org#18524,"PAGAR AGUNG, PSEKSU, LAHAT, SUMATERA SELATAN",3,29,148,177
https://kawalpemilu.org#18525,"LUBUK TUBA, PSEKSU, LAHAT, SUMATERA SELATAN",1,15,146,161
https://kawalpemilu.org#18526,"LUBUK ATUNG, PSEKSU, LAHAT, SUMATERA SELATAN",1,42,157,199
https://kawalpemilu.org#18526,"LUBUK ATUNG, PSEKSU, LAHAT, SUMATERA SELATAN",2,35,149,184
https://kawalpemilu.org#18526,"LUBUK ATUNG, PSEKSU, LAHAT, SUMATERA SELATAN",3,34,96,130
https://kawalpemilu.org#18526,"LUBUK ATUNG, PSEKSU, LAHAT, SUMATERA SELATAN",4,69,77,146
https://kawalpemilu.org#18527,"MUARA CAWANG, PSEKSU, LAHAT, SUMATERA SELATAN",1,83,157,240
https://kawalpemilu.org#18527,"MUARA CAWANG, PSEKSU, LAHAT, SUMATERA SELATAN",2,90,149,239
https://kawalpemilu.org#18527,"MUARA CAWANG, PSEKSU, LAHAT, SUMATERA SELATAN",3,84,138,222
https://kawalpemilu.org#18529,"SUGIH WARAS, GUMAY TALANG, LAHAT, SUMATERA SELATAN",1,58,179,237
https://kawalpemilu.org#18529,"SUGIH WARAS, GUMAY TALANG, LAHAT, SUMATERA SELATAN",2,69,174,243
https://kawalpemilu.org#18529,"SUGIH WARAS, GUMAY TALANG, LAHAT, SUMATERA SELATAN",3,30,23,53
https://kawalpemilu.org#18530,"TANJUNG PERIUK, GUMAY TALANG, LAHAT, SUMATERA SELATAN",1,61,185,246
https://kawalpemilu.org#18531,"TANJUNG KARANGAN, GUMAY TALANG, LAHAT, SUMATERA SELATAN",1,28,111,139
https://kawalpemilu.org#18531,"TANJUNG KARANGAN, GUMAY TALANG, LAHAT, SUMATERA SELATAN",2,47,102,149
https://kawalpemilu.org#18532,"MUARA TANDI, GUMAY TALANG, LAHAT, SUMATERA SELATAN",1,51,157,208
https://kawalpemilu.org#18532,"MUARA TANDI, GUMAY TALANG, LAHAT, SUMATERA SELATAN",2,46,173,219
https://kawalpemilu.org#18533,"DARMO, GUMAY TALANG, LAHAT, SUMATERA SELATAN",1,94,145,239
https://kawalpemilu.org#18533,"DARMO, GUMAY TALANG, LAHAT, SUMATERA SELATAN",2,64,153,217
https://kawalpemilu.org#18534,"ENDIKAT ILIR, GUMAY TALANG, LAHAT, SUMATERA SELATAN",1,45,126,171
https://kawalpemilu.org#18534,"ENDIKAT ILIR, GUMAY TALANG, LAHAT, SUMATERA SELATAN",2,63,153,216
https://kawalpemilu.org#18534,"ENDIKAT ILIR, GUMAY TALANG, LAHAT, SUMATERA SELATAN",3,27,128,155
https://kawalpemilu.org#18534,"ENDIKAT ILIR, GUMAY TALANG, LAHAT, SUMATERA SELATAN",4,23,124,147
https://kawalpemilu.org#18535,"TANJUNG BARU, GUMAY TALANG, LAHAT, SUMATERA SELATAN",1,94,156,250
https://kawalpemilu.org#18535,"TANJUNG BARU, GUMAY TALANG, LAHAT, SUMATERA SELATAN",2,95,117,212
https://kawalpemilu.org#18536,"MANDI ANGIN, GUMAY TALANG, LAHAT, SUMATERA SELATAN",1,45,112,157
https://kawalpemilu.org#18536,"MANDI ANGIN, GUMAY TALANG, LAHAT, SUMATERA SELATAN",2,42,112,154
https://kawalpemilu.org#18537,"NGALAM BARU, GUMAY TALANG, LAHAT, SUMATERA SELATAN",1,42,205,247
https://kawalpemilu.org#18537,"NGALAM BARU, GUMAY TALANG, LAHAT, SUMATERA SELATAN",2,47,228,275
https://kawalpemilu.org#18538,"SUKARAMI, GUMAY TALANG, LAHAT, SUMATERA SELATAN",1,93,140,233
https://kawalpemilu.org#18538,"SUKARAMI, GUMAY TALANG, LAHAT, SUMATERA SELATAN",2,77,102,179
https://kawalpemilu.org#18539,"TANJUNG DALAM, GUMAY TALANG, LAHAT, SUMATERA SELATAN",1,34,121,155
https://kawalpemilu.org#18539,"TANJUNG DALAM, GUMAY TALANG, LAHAT, SUMATERA SELATAN",2,32,113,145
https://kawalpemilu.org#18540,"TANAH PILIH, GUMAY TALANG, LAHAT, SUMATERA SELATAN",1,44,120,164
https://kawalpemilu.org#18540,"TANAH PILIH, GUMAY TALANG, LAHAT, SUMATERA SELATAN",2,51,155,206
https://kawalpemilu.org#18540,"TANAH PILIH, GUMAY TALANG, LAHAT, SUMATERA SELATAN",3,61,129,190
https://kawalpemilu.org#18540,"TANAH PILIH, GUMAY TALANG, LAHAT, SUMATERA SELATAN",4,57,170,227
https://kawalpemilu.org#18541,"TANJUNG BERINGIN, GUMAY TALANG, LAHAT, SUMATERA SELATAN",1,28,108,136
https://kawalpemilu.org#18541,"TANJUNG BERINGIN, GUMAY TALANG, LAHAT, SUMATERA SELATAN",2,43,88,131
https://kawalpemilu.org#18542,"BATAY, GUMAY TALANG, LAHAT, SUMATERA SELATAN",1,81,145,226
https://kawalpemilu.org#18542,"BATAY, GUMAY TALANG, LAHAT, SUMATERA SELATAN",2,31,132,163
https://kawalpemilu.org#18543,"SUKA MAKMUR, GUMAY TALANG, LAHAT, SUMATERA SELATAN",1,96,160,256
https://kawalpemilu.org#18543,"SUKA MAKMUR, GUMAY TALANG, LAHAT, SUMATERA SELATAN",2,102,122,224
https://kawalpemilu.org#18543,"SUKA MAKMUR, GUMAY TALANG, LAHAT, SUMATERA SELATAN",3,101,99,200
https://kawalpemilu.org#18543,"SUKA MAKMUR, GUMAY TALANG, LAHAT, SUMATERA SELATAN",4,85,73,158
https://kawalpemilu.org#18543,"SUKA MAKMUR, GUMAY TALANG, LAHAT, SUMATERA SELATAN",5,142,96,238
https://kawalpemilu.org#18545,"KEDATON, PAGAR GUNUNG, LAHAT, SUMATERA SELATAN",1,18,158,176
https://kawalpemilu.org#18545,"KEDATON, PAGAR GUNUNG, LAHAT, SUMATERA SELATAN",2,28,217,245
https://kawalpemilu.org#18545,"KEDATON, PAGAR GUNUNG, LAHAT, SUMATERA SELATAN",3,10,127,137
https://kawalpemilu.org#18545,"KEDATON, PAGAR GUNUNG, LAHAT, SUMATERA SELATAN",4,28,98,126
https://kawalpemilu.org#18546,"TANJUNG AGUNG, PAGAR GUNUNG, LAHAT, SUMATERA SELATAN",1,81,169,250
https://kawalpemilu.org#18546,"TANJUNG AGUNG, PAGAR GUNUNG, LAHAT, SUMATERA SELATAN",2,51,118,169
https://kawalpemilu.org#18546,"TANJUNG AGUNG, PAGAR GUNUNG, LAHAT, SUMATERA SELATAN",3,49,134,183
https://kawalpemilu.org#18546,"TANJUNG AGUNG, PAGAR GUNUNG, LAHAT, SUMATERA SELATAN",4,53,143,196
https://kawalpemilu.org#18547,"KARANG AGUNG, PAGAR GUNUNG, LAHAT, SUMATERA SELATAN",1,64,128,192
https://kawalpemilu.org#18547,"KARANG AGUNG, PAGAR GUNUNG, LAHAT, SUMATERA SELATAN",2,46,147,193
https://kawalpemilu.org#18547,"KARANG AGUNG, PAGAR GUNUNG, LAHAT, SUMATERA SELATAN",3,38,147,185
https://kawalpemilu.org#18548,"BANDUNG AGUNG, PAGAR GUNUNG, LAHAT, SUMATERA SELATAN",1,41,171,212
https://kawalpemilu.org#18548,"BANDUNG AGUNG, PAGAR GUNUNG, LAHAT, SUMATERA SELATAN",2,41,145,186
https://kawalpemilu.org#18549,"LESUNG BATU, PAGAR GUNUNG, LAHAT, SUMATERA SELATAN",1,83,141,224
https://kawalpemilu.org#18549,"LESUNG BATU, PAGAR GUNUNG, LAHAT, SUMATERA SELATAN",2,72,149,221
https://kawalpemilu.org#18549,"LESUNG BATU, PAGAR GUNUNG, LAHAT, SUMATERA SELATAN",3,83,141,224
https://kawalpemilu.org#18549,"LESUNG BATU, PAGAR GUNUNG, LAHAT, SUMATERA SELATAN",4,110,119,229
https://kawalpemilu.org#18550,"AIR LINGKAR, PAGAR GUNUNG, LAHAT, SUMATERA SELATAN",1,64,182,246
https://kawalpemilu.org#18550,"AIR LINGKAR, PAGAR GUNUNG, LAHAT, SUMATERA SELATAN",2,51,184,235
https://kawalpemilu.org#18550,"AIR LINGKAR, PAGAR GUNUNG, LAHAT, SUMATERA SELATAN",3,43,194,237
https://kawalpemilu.org#18551,"BATU RUSA, PAGAR GUNUNG, LAHAT, SUMATERA SELATAN",1,45,92,137
https://kawalpemilu.org#18551,"BATU RUSA, PAGAR GUNUNG, LAHAT, SUMATERA SELATAN",2,43,95,138
https://kawalpemilu.org#18552,"KUPANG, PAGAR GUNUNG, LAHAT, SUMATERA SELATAN",1,59,109,168
https://kawalpemilu.org#18552,"KUPANG, PAGAR GUNUNG, LAHAT, SUMATERA SELATAN",2,16,131,147
https://kawalpemilu.org#18553,"SAWAH DARAT, PAGAR GUNUNG, LAHAT, SUMATERA SELATAN",1,22,215,237
https://kawalpemilu.org#18554,"DANAU, PAGAR GUNUNG, LAHAT, SUMATERA SELATAN",1,18,239,257
https://kawalpemilu.org#18555,"SIRING AGUNG, PAGAR GUNUNG, LAHAT, SUMATERA SELATAN",1,40,132,172
https://kawalpemilu.org#18555,"SIRING AGUNG, PAGAR GUNUNG, LAHAT, SUMATERA SELATAN",2,46,127,173
https://kawalpemilu.org#18556,"PAGAR ALAM, PAGAR GUNUNG, LAHAT, SUMATERA SELATAN",1,46,144,190
https://kawalpemilu.org#18557,"RIMBA SUJUD, PAGAR GUNUNG, LAHAT, SUMATERA SELATAN",1,30,192,222
https://kawalpemilu.org#18558,"GERMIDAR ILIR, PAGAR GUNUNG, LAHAT, SUMATERA SELATAN",1,40,203,243
https://kawalpemilu.org#18559,"PAGAR AGUNG, PAGAR GUNUNG, LAHAT, SUMATERA SELATAN",1,20,72,92
https://kawalpemilu.org#18560,"GERMIDAR ULU, PAGAR GUNUNG, LAHAT, SUMATERA SELATAN",1,23,116,139
https://kawalpemilu.org#18560,"GERMIDAR ULU, PAGAR GUNUNG, LAHAT, SUMATERA SELATAN",2,40,98,138
https://kawalpemilu.org#18561,"PADANG PAGUN, PAGAR GUNUNG, LAHAT, SUMATERA SELATAN",1,24,195,219
https://kawalpemilu.org#18561,"PADANG PAGUN, PAGAR GUNUNG, LAHAT, SUMATERA SELATAN",2,33,195,228
https://kawalpemilu.org#18561,"PADANG PAGUN, PAGAR GUNUNG, LAHAT, SUMATERA SELATAN",3,18,194,212
https://kawalpemilu.org#18561,"PADANG PAGUN, PAGAR GUNUNG, LAHAT, SUMATERA SELATAN",4,19,183,202
https://kawalpemilu.org#18562,"MUARA DUA, PAGAR GUNUNG, LAHAT, SUMATERA SELATAN",1,54,155,209
https://kawalpemilu.org#18563,"PENANTIAN, PAGAR GUNUNG, LAHAT, SUMATERA SELATAN",2,27,161,188
https://kawalpemilu.org#18564,"MERINDU, PAGAR GUNUNG, LAHAT, SUMATERA SELATAN",1,37,211,248
https://kawalpemilu.org#18566,"LEBUAY BANDUNG, MERAPI TIMUR, LAHAT, SUMATERA SELATAN",1,118,87,205
https://kawalpemilu.org#18566,"LEBUAY BANDUNG, MERAPI TIMUR, LAHAT, SUMATERA SELATAN",2,128,85,213
https://kawalpemilu.org#18566,"LEBUAY BANDUNG, MERAPI TIMUR, LAHAT, SUMATERA SELATAN",3,111,76,187
https://kawalpemilu.org#18567,"SIRAH PULAU, MERAPI TIMUR, LAHAT, SUMATERA SELATAN",1,98,169,267
https://kawalpemilu.org#18567,"SIRAH PULAU, MERAPI TIMUR, LAHAT, SUMATERA SELATAN",2,86,161,247
https://kawalpemilu.org#18567,"SIRAH PULAU, MERAPI TIMUR, LAHAT, SUMATERA SELATAN",3,80,183,263
https://kawalpemilu.org#18568,"GUNUNG KEMBANG, MERAPI TIMUR, LAHAT, SUMATERA SELATAN",1,66,178,244
https://kawalpemilu.org#18568,"GUNUNG KEMBANG, MERAPI TIMUR, LAHAT, SUMATERA SELATAN",2,65,144,209
https://kawalpemilu.org#18568,"GUNUNG KEMBANG, MERAPI TIMUR, LAHAT, SUMATERA SELATAN",3,59,141,200
https://kawalpemilu.org#18568,"GUNUNG KEMBANG, MERAPI TIMUR, LAHAT, SUMATERA SELATAN",4,55,172,227
https://kawalpemilu.org#18568,"GUNUNG KEMBANG, MERAPI TIMUR, LAHAT, SUMATERA SELATAN",5,64,156,220
https://kawalpemilu.org#18568,"GUNUNG KEMBANG, MERAPI TIMUR, LAHAT, SUMATERA SELATAN",6,53,173,226
https://kawalpemilu.org#18568,"GUNUNG KEMBANG, MERAPI TIMUR, LAHAT, SUMATERA SELATAN",7,47,177,224
https://kawalpemilu.org#18568,"GUNUNG KEMBANG, MERAPI TIMUR, LAHAT, SUMATERA SELATAN",8,40,184,224
https://kawalpemilu.org#18568,"GUNUNG KEMBANG, MERAPI TIMUR, LAHAT, SUMATERA SELATAN",9,43,179,222
https://kawalpemilu.org#18569,"PRABU MENANG, MERAPI TIMUR, LAHAT, SUMATERA SELATAN",1,55,223,278
https://kawalpemilu.org#18569,"PRABU MENANG, MERAPI TIMUR, LAHAT, SUMATERA SELATAN",2,55,218,273
https://kawalpemilu.org#18569,"PRABU MENANG, MERAPI TIMUR, LAHAT, SUMATERA SELATAN",3,61,185,246
https://kawalpemilu.org#18569,"PRABU MENANG, MERAPI TIMUR, LAHAT, SUMATERA SELATAN",4,101,124,225
https://kawalpemilu.org#18570,"BANJAR SARI, MERAPI TIMUR, LAHAT, SUMATERA SELATAN",1,77,172,249
https://kawalpemilu.org#18570,"BANJAR SARI, MERAPI TIMUR, LAHAT, SUMATERA SELATAN",2,92,152,244
https://kawalpemilu.org#18570,"BANJAR SARI, MERAPI TIMUR, LAHAT, SUMATERA SELATAN",3,86,163,249
https://kawalpemilu.org#18570,"BANJAR SARI, MERAPI TIMUR, LAHAT, SUMATERA SELATAN",4,79,154,233
https://kawalpemilu.org#18570,"BANJAR SARI, MERAPI TIMUR, LAHAT, SUMATERA SELATAN",5,69,153,222
https://kawalpemilu.org#18570,"BANJAR SARI, MERAPI TIMUR, LAHAT, SUMATERA SELATAN",6,68,157,225
https://kawalpemilu.org#18571,"ARAHAN, MERAPI TIMUR, LAHAT, SUMATERA SELATAN",1,39,197,236
https://kawalpemilu.org#18571,"ARAHAN, MERAPI TIMUR, LAHAT, SUMATERA SELATAN",2,36,187,223
https://kawalpemilu.org#18571,"ARAHAN, MERAPI TIMUR, LAHAT, SUMATERA SELATAN",3,36,202,238
https://kawalpemilu.org#18571,"ARAHAN, MERAPI TIMUR, LAHAT, SUMATERA SELATAN",4,39,188,227
https://kawalpemilu.org#18571,"ARAHAN, MERAPI TIMUR, LAHAT, SUMATERA SELATAN",5,66,154,220
https://kawalpemilu.org#18571,"ARAHAN, MERAPI TIMUR, LAHAT, SUMATERA SELATAN",6,59,171,230
https://kawalpemilu.org#18571,"ARAHAN, MERAPI TIMUR, LAHAT, SUMATERA SELATAN",7,30,88,118
https://kawalpemilu.org#18571,"ARAHAN, MERAPI TIMUR, LAHAT, SUMATERA SELATAN",8,46,121,167
https://kawalpemilu.org#18572,"NANJUNGAN, MERAPI TIMUR, LAHAT, SUMATERA SELATAN",1,26,124,150
https://kawalpemilu.org#18572,"NANJUNGAN, MERAPI TIMUR, LAHAT, SUMATERA SELATAN",2,29,125,154
https://kawalpemilu.org#18573,"SENGKUANG, MERAPI TIMUR, LAHAT, SUMATERA SELATAN",1,70,154,224
https://kawalpemilu.org#18573,"SENGKUANG, MERAPI TIMUR, LAHAT, SUMATERA SELATAN",2,59,156,115
https://kawalpemilu.org#18574,"TANJUNG LONTAR, MERAPI TIMUR, LAHAT, SUMATERA SELATAN",1,64,141,205
https://kawalpemilu.org#18574,"TANJUNG LONTAR, MERAPI TIMUR, LAHAT, SUMATERA SELATAN",2,58,142,200
https://kawalpemilu.org#18574,"TANJUNG LONTAR, MERAPI TIMUR, LAHAT, SUMATERA SELATAN",3,45,152,197
https://kawalpemilu.org#18575,"GEDUNG AGUNG, MERAPI TIMUR, LAHAT, SUMATERA SELATAN",1,39,102,141
https://kawalpemilu.org#18575,"GEDUNG AGUNG, MERAPI TIMUR, LAHAT, SUMATERA SELATAN",2,33,91,124
https://kawalpemilu.org#18575,"GEDUNG AGUNG, MERAPI TIMUR, LAHAT, SUMATERA SELATAN",3,59,126,185
https://kawalpemilu.org#18575,"GEDUNG AGUNG, MERAPI TIMUR, LAHAT, SUMATERA SELATAN",4,56,143,199
https://kawalpemilu.org#18575,"GEDUNG AGUNG, MERAPI TIMUR, LAHAT, SUMATERA SELATAN",5,50,157,207
https://kawalpemilu.org#18575,"GEDUNG AGUNG, MERAPI TIMUR, LAHAT, SUMATERA SELATAN",6,47,176,223
https://kawalpemilu.org#18575,"GEDUNG AGUNG, MERAPI TIMUR, LAHAT, SUMATERA SELATAN",7,81,132,213
https://kawalpemilu.org#18575,"GEDUNG AGUNG, MERAPI TIMUR, LAHAT, SUMATERA SELATAN",8,79,142,221
https://kawalpemilu.org#18575,"GEDUNG AGUNG, MERAPI TIMUR, LAHAT, SUMATERA SELATAN",9,113,150,263
https://kawalpemilu.org#18575,"GEDUNG AGUNG, MERAPI TIMUR, LAHAT, SUMATERA SELATAN",10,102,160,262
https://kawalpemilu.org#18575,"GEDUNG AGUNG, MERAPI TIMUR, LAHAT, SUMATERA SELATAN",11,38,99,137
https://kawalpemilu.org#18576,"MUARA LAWAI, MERAPI TIMUR, LAHAT, SUMATERA SELATAN",1,72,187,259
https://kawalpemilu.org#18576,"MUARA LAWAI, MERAPI TIMUR, LAHAT, SUMATERA SELATAN",2,74,181,255
https://kawalpemilu.org#18576,"MUARA LAWAI, MERAPI TIMUR, LAHAT, SUMATERA SELATAN",3,87,157,244
https://kawalpemilu.org#18576,"MUARA LAWAI, MERAPI TIMUR, LAHAT, SUMATERA SELATAN",4,42,98,140
https://kawalpemilu.org#18577,"TANJUNG JAMBU, MERAPI TIMUR, LAHAT, SUMATERA SELATAN",1,101,98,199
https://kawalpemilu.org#18577,"TANJUNG JAMBU, MERAPI TIMUR, LAHAT, SUMATERA SELATAN",2,75,116,191
https://kawalpemilu.org#18577,"TANJUNG JAMBU, MERAPI TIMUR, LAHAT, SUMATERA SELATAN",3,92,112,204
https://kawalpemilu.org#18577,"TANJUNG JAMBU, MERAPI TIMUR, LAHAT, SUMATERA SELATAN",4,97,104,201
https://kawalpemilu.org#18577,"TANJUNG JAMBU, MERAPI TIMUR, LAHAT, SUMATERA SELATAN",5,57,97,154
https://kawalpemilu.org#18578,"CEMPAKA WANGI, MERAPI TIMUR, LAHAT, SUMATERA SELATAN",1,83,122,205
https://kawalpemilu.org#18578,"CEMPAKA WANGI, MERAPI TIMUR, LAHAT, SUMATERA SELATAN",2,73,119,192
https://kawalpemilu.org#18578,"CEMPAKA WANGI, MERAPI TIMUR, LAHAT, SUMATERA SELATAN",3,62,127,189
https://kawalpemilu.org#18579,"LEMATANG JAYA, MERAPI TIMUR, LAHAT, SUMATERA SELATAN",1,82,122,204
https://kawalpemilu.org#18579,"LEMATANG JAYA, MERAPI TIMUR, LAHAT, SUMATERA SELATAN",2,85,112,197
https://kawalpemilu.org#18579,"LEMATANG JAYA, MERAPI TIMUR, LAHAT, SUMATERA SELATAN",3,79,92,171
https://kawalpemilu.org#18579,"LEMATANG JAYA, MERAPI TIMUR, LAHAT, SUMATERA SELATAN",4,89,133,222
https://kawalpemilu.org#18579,"LEMATANG JAYA, MERAPI TIMUR, LAHAT, SUMATERA SELATAN",5,106,117,223
https://kawalpemilu.org#18581,"PULAU PANAS, TANJUNG SAKTI PUMI, LAHAT, SUMATERA SELATAN",1,118,50,168
https://kawalpemilu.org#18581,"PULAU PANAS, TANJUNG SAKTI PUMI, LAHAT, SUMATERA SELATAN",2,122,56,178
https://kawalpemilu.org#18582,"SINDANG PANJANG, TANJUNG SAKTI PUMI, LAHAT, SUMATERA SELATAN",1,92,180,272
https://kawalpemilu.org#18582,"SINDANG PANJANG, TANJUNG SAKTI PUMI, LAHAT, SUMATERA SELATAN",2,73,159,232
https://kawalpemilu.org#18582,"SINDANG PANJANG, TANJUNG SAKTI PUMI, LAHAT, SUMATERA SELATAN",3,65,141,206
https://kawalpemilu.org#18582,"SINDANG PANJANG, TANJUNG SAKTI PUMI, LAHAT, SUMATERA SELATAN",4,57,187,244
https://kawalpemilu.org#18582,"SINDANG PANJANG, TANJUNG SAKTI PUMI, LAHAT, SUMATERA SELATAN",5,78,147,225
https://kawalpemilu.org#18582,"SINDANG PANJANG, TANJUNG SAKTI PUMI, LAHAT, SUMATERA SELATAN",6,68,143,211
https://kawalpemilu.org#18582,"SINDANG PANJANG, TANJUNG SAKTI PUMI, LAHAT, SUMATERA SELATAN",7,135,133,268
https://kawalpemilu.org#18583,"GUNUNG KEMBANG, TANJUNG SAKTI PUMI, LAHAT, SUMATERA SELATAN",1,44,119,163
https://kawalpemilu.org#18583,"GUNUNG KEMBANG, TANJUNG SAKTI PUMI, LAHAT, SUMATERA SELATAN",2,41,141,182
https://kawalpemilu.org#18584,"PAGAR AGUNG, TANJUNG SAKTI PUMI, LAHAT, SUMATERA SELATAN",1,48,105,153
https://kawalpemilu.org#18585,"BENTENG, TANJUNG SAKTI PUMI, LAHAT, SUMATERA SELATAN",1,57,90,147
https://kawalpemilu.org#18585,"BENTENG, TANJUNG SAKTI PUMI, LAHAT, SUMATERA SELATAN",2,45,85,130
https://kawalpemilu.org#18586,"ULAK LEBAR, TANJUNG SAKTI PUMI, LAHAT, SUMATERA SELATAN",1,35,134,169
https://kawalpemilu.org#18586,"ULAK LEBAR, TANJUNG SAKTI PUMI, LAHAT, SUMATERA SELATAN",2,30,150,180
https://kawalpemilu.org#18587,"GUNUNG AGUNG, TANJUNG SAKTI PUMI, LAHAT, SUMATERA SELATAN",1,42,182,224
https://kawalpemilu.org#18587,"GUNUNG AGUNG, TANJUNG SAKTI PUMI, LAHAT, SUMATERA SELATAN",2,40,159,199
https://kawalpemilu.org#18588,"MASAM BULAU, TANJUNG SAKTI PUMI, LAHAT, SUMATERA SELATAN",1,55,134,189
https://kawalpemilu.org#18588,"MASAM BULAU, TANJUNG SAKTI PUMI, LAHAT, SUMATERA SELATAN",2,72,115,187
https://kawalpemilu.org#18588,"MASAM BULAU, TANJUNG SAKTI PUMI, LAHAT, SUMATERA SELATAN",3,42,142,184
https://kawalpemilu.org#18589,"PAJAR BULAN, TANJUNG SAKTI PUMI, LAHAT, SUMATERA SELATAN",1,83,101,184
https://kawalpemilu.org#18589,"PAJAR BULAN, TANJUNG SAKTI PUMI, LAHAT, SUMATERA SELATAN",2,94,122,216
https://kawalpemilu.org#18589,"PAJAR BULAN, TANJUNG SAKTI PUMI, LAHAT, SUMATERA SELATAN",3,93,115,208
https://kawalpemilu.org#18589,"PAJAR BULAN, TANJUNG SAKTI PUMI, LAHAT, SUMATERA SELATAN",4,84,112,196
https://kawalpemilu.org#18590,"TANJUNG BULAN, TANJUNG SAKTI PUMI, LAHAT, SUMATERA SELATAN",1,80,182,262
https://kawalpemilu.org#18590,"TANJUNG BULAN, TANJUNG SAKTI PUMI, LAHAT, SUMATERA SELATAN",2,94,154,248
https://kawalpemilu.org#18591,"PENANDINGAN, TANJUNG SAKTI PUMI, LAHAT, SUMATERA SELATAN",1,91,139,230
https://kawalpemilu.org#18591,"PENANDINGAN, TANJUNG SAKTI PUMI, LAHAT, SUMATERA SELATAN",2,101,114,215
https://kawalpemilu.org#18591,"PENANDINGAN, TANJUNG SAKTI PUMI, LAHAT, SUMATERA SELATAN",3,83,142,225
https://kawalpemilu.org#18592,"TANJUNG SAKTI, TANJUNG SAKTI PUMI, LAHAT, SUMATERA SELATAN",1,82,148,230
https://kawalpemilu.org#18592,"TANJUNG SAKTI, TANJUNG SAKTI PUMI, LAHAT, SUMATERA SELATAN",2,73,154,227
https://kawalpemilu.org#18592,"TANJUNG SAKTI, TANJUNG SAKTI PUMI, LAHAT, SUMATERA SELATAN",3,133,122,255
https://kawalpemilu.org#18593,"NEGERI KAYA, TANJUNG SAKTI PUMI, LAHAT, SUMATERA SELATAN",1,67,83,150
https://kawalpemilu.org#18593,"NEGERI KAYA, TANJUNG SAKTI PUMI, LAHAT, SUMATERA SELATAN",2,65,85,150
https://kawalpemilu.org#18594,"PULAU PANGGUNG, TANJUNG SAKTI PUMI, LAHAT, SUMATERA SELATAN",1,78,145,223
https://kawalpemilu.org#18594,"PULAU PANGGUNG, TANJUNG SAKTI PUMI, LAHAT, SUMATERA SELATAN",2,73,149,222
https://kawalpemilu.org#18594,"PULAU PANGGUNG, TANJUNG SAKTI PUMI, LAHAT, SUMATERA SELATAN",3,54,169,223
https://kawalpemilu.org#18595,"GUNUNG KARTO, TANJUNG SAKTI PUMI, LAHAT, SUMATERA SELATAN",1,100,169,269
https://kawalpemilu.org#18595,"GUNUNG KARTO, TANJUNG SAKTI PUMI, LAHAT, SUMATERA SELATAN",2,102,138,240
https://kawalpemilu.org#18596,"LUBUK TABUN, TANJUNG SAKTI PUMI, LAHAT, SUMATERA SELATAN",1,54,164,218
https://kawalpemilu.org#18596,"LUBUK TABUN, TANJUNG SAKTI PUMI, LAHAT, SUMATERA SELATAN",2,47,168,215
https://kawalpemilu.org#18597,"PAGAR JATI, TANJUNG SAKTI PUMI, LAHAT, SUMATERA SELATAN",1,67,178,245
https://kawalpemilu.org#18597,"PAGAR JATI, TANJUNG SAKTI PUMI, LAHAT, SUMATERA SELATAN",2,90,145,235
https://kawalpemilu.org#18598,"LUBUK DALAM, TANJUNG SAKTI PUMI, LAHAT, SUMATERA SELATAN",1,106,144,250
https://kawalpemilu.org#18598,"LUBUK DALAM, TANJUNG SAKTI PUMI, LAHAT, SUMATERA SELATAN",2,94,168,262
https://kawalpemilu.org#18600,"TINGGI HARI, GUMAY ULU, LAHAT, SUMATERA SELATAN",1,22,141,163
https://kawalpemilu.org#18601,"TANJUNG RAJA, GUMAY ULU, LAHAT, SUMATERA SELATAN",1,75,171,246
https://kawalpemilu.org#18602,"SINJAR BULAN, GUMAY ULU, LAHAT, SUMATERA SELATAN",1,126,101,227
https://kawalpemilu.org#18603,"PADANG GUMAY, GUMAY ULU, LAHAT, SUMATERA SELATAN",1,45,156,201
https://kawalpemilu.org#18604,"TANJUNG AUR, GUMAY ULU, LAHAT, SUMATERA SELATAN",1,31,205,236
https://kawalpemilu.org#18605,"SIMPUR, GUMAY ULU, LAHAT, SUMATERA SELATAN",1,30,105,135
https://kawalpemilu.org#18605,"SIMPUR, GUMAY ULU, LAHAT, SUMATERA SELATAN",2,21,112,133
https://kawalpemilu.org#18606,"LUBUK SELO, GUMAY ULU, LAHAT, SUMATERA SELATAN",1,139,129,268
https://kawalpemilu.org#18606,"LUBUK SELO, GUMAY ULU, LAHAT, SUMATERA SELATAN",2,183,30,213
https://kawalpemilu.org#18606,"LUBUK SELO, GUMAY ULU, LAHAT, SUMATERA SELATAN",3,163,49,212
https://kawalpemilu.org#18607,"RINDU HATI, GUMAY ULU, LAHAT, SUMATERA SELATAN",1,72,114,186
https://kawalpemilu.org#18607,"RINDU HATI, GUMAY ULU, LAHAT, SUMATERA SELATAN",2,45,96,141
https://kawalpemilu.org#18607,"RINDU HATI, GUMAY ULU, LAHAT, SUMATERA SELATAN",3,110,82,192
https://kawalpemilu.org#18608,"SUMBER KARYA, GUMAY ULU, LAHAT, SUMATERA SELATAN",1,82,93,175
https://kawalpemilu.org#18608,"SUMBER KARYA, GUMAY ULU, LAHAT, SUMATERA SELATAN",2,86,117,203
https://kawalpemilu.org#18608,"SUMBER KARYA, GUMAY ULU, LAHAT, SUMATERA SELATAN",3,91,108,199
https://kawalpemilu.org#18609,"TRANS SP II PADANG MUARA DUA, GUMAY ULU, LAHAT, SUMATERA SELATAN",1,69,71,140
https://kawalpemilu.org#18609,"TRANS SP II PADANG MUARA DUA, GUMAY ULU, LAHAT, SUMATERA SELATAN",2,60,90,150
https://kawalpemilu.org#18611,"PADANG, MERAPI SELATAN, LAHAT, SUMATERA SELATAN",1,80,174,254
https://kawalpemilu.org#18611,"PADANG, MERAPI SELATAN, LAHAT, SUMATERA SELATAN",2,47,150,197
https://kawalpemilu.org#18611,"PADANG, MERAPI SELATAN, LAHAT, SUMATERA SELATAN",3,24,122,146
https://kawalpemilu.org#18611,"PADANG, MERAPI SELATAN, LAHAT, SUMATERA SELATAN",4,15,141,156
https://kawalpemilu.org#18612,"TANJUNG MENANG, MERAPI SELATAN, LAHAT, SUMATERA SELATAN",1,26,129,155
https://kawalpemilu.org#18613,"LUBUK PEDARO, MERAPI SELATAN, LAHAT, SUMATERA SELATAN",1,33,203,236
https://kawalpemilu.org#18613,"LUBUK PEDARO, MERAPI SELATAN, LAHAT, SUMATERA SELATAN",2,41,159,200
https://kawalpemilu.org#18614,"SUKA MERINDU, MERAPI SELATAN, LAHAT, SUMATERA SELATAN",1,86,146,232
https://kawalpemilu.org#18614,"SUKA MERINDU, MERAPI SELATAN, LAHAT, SUMATERA SELATAN",2,58,106,164
https://kawalpemilu.org#18615,"TANJUNG BERINGIN, MERAPI SELATAN, LAHAT, SUMATERA SELATAN",1,60,117,177
https://kawalpemilu.org#18615,"TANJUNG BERINGIN, MERAPI SELATAN, LAHAT, SUMATERA SELATAN",2,64,105,169
https://kawalpemilu.org#18615,"TANJUNG BERINGIN, MERAPI SELATAN, LAHAT, SUMATERA SELATAN",3,41,111,152
https://kawalpemilu.org#18616,"TALANG AKAR, MERAPI SELATAN, LAHAT, SUMATERA SELATAN",1,33,153,185
https://kawalpemilu.org#18617,"LUBUK BETUNG, MERAPI SELATAN, LAHAT, SUMATERA SELATAN",1,100,140,240
https://kawalpemilu.org#18617,"LUBUK BETUNG, MERAPI SELATAN, LAHAT, SUMATERA SELATAN",2,92,169,261
https://kawalpemilu.org#18617,"LUBUK BETUNG, MERAPI SELATAN, LAHAT, SUMATERA SELATAN",3,76,115,191
https://kawalpemilu.org#18617,"LUBUK BETUNG, MERAPI SELATAN, LAHAT, SUMATERA SELATAN",4,38,133,171
https://kawalpemilu.org#18617,"LUBUK BETUNG, MERAPI SELATAN, LAHAT, SUMATERA SELATAN",5,24,119,143
https://kawalpemilu.org#18618,"PERANGAI, MERAPI SELATAN, LAHAT, SUMATERA SELATAN",1,50,180,230
https://kawalpemilu.org#18618,"PERANGAI, MERAPI SELATAN, LAHAT, SUMATERA SELATAN",2,49,201,250
https://kawalpemilu.org#18618,"PERANGAI, MERAPI SELATAN, LAHAT, SUMATERA SELATAN",3,56,166,222
https://kawalpemilu.org#18618,"PERANGAI, MERAPI SELATAN, LAHAT, SUMATERA SELATAN",4,52,157,209
https://kawalpemilu.org#18618,"PERANGAI, MERAPI SELATAN, LAHAT, SUMATERA SELATAN",5,77,179,256
https://kawalpemilu.org#18619,"GERAMAT, MERAPI SELATAN, LAHAT, SUMATERA SELATAN",1,61,199,260
https://kawalpemilu.org#18619,"GERAMAT, MERAPI SELATAN, LAHAT, SUMATERA SELATAN",2,89,160,249
https://kawalpemilu.org#18621,"PANDAN ARANG ILIR, TANJUNGTEBAT, LAHAT, SUMATERA SELATAN",1,39,205,244
https://kawalpemilu.org#18621,"PANDAN ARANG ILIR, TANJUNGTEBAT, LAHAT, SUMATERA SELATAN",2,36,76,112
https://kawalpemilu.org#18622,"TANJUNG KURUNG ULU, TANJUNGTEBAT, LAHAT, SUMATERA SELATAN",1,97,101,198
https://kawalpemilu.org#18622,"TANJUNG KURUNG ULU, TANJUNGTEBAT, LAHAT, SUMATERA SELATAN",2,82,88,170
https://kawalpemilu.org#18623,"TANJUNG KURUNG ILIR, TANJUNGTEBAT, LAHAT, SUMATERA SELATAN",1,59,116,175
https://kawalpemilu.org#18623,"TANJUNG KURUNG ILIR, TANJUNGTEBAT, LAHAT, SUMATERA SELATAN",2,9,161,170
https://kawalpemilu.org#18623,"TANJUNG KURUNG ILIR, TANJUNGTEBAT, LAHAT, SUMATERA SELATAN",3,19,192,211
https://kawalpemilu.org#18624,"TANJUNG BARU, TANJUNGTEBAT, LAHAT, SUMATERA SELATAN",1,43,134,177
https://kawalpemilu.org#18624,"TANJUNG BARU, TANJUNGTEBAT, LAHAT, SUMATERA SELATAN",2,57,129,186
https://kawalpemilu.org#18625,"TANJUNG NIBUNG, TANJUNGTEBAT, LAHAT, SUMATERA SELATAN",1,36,126,162
https://kawalpemilu.org#18625,"TANJUNG NIBUNG, TANJUNGTEBAT, LAHAT, SUMATERA SELATAN",2,29,100,129
https://kawalpemilu.org#18626,"TANJUNG TEBAT, TANJUNGTEBAT, LAHAT, SUMATERA SELATAN",1,31,199,230
https://kawalpemilu.org#18626,"TANJUNG TEBAT, TANJUNGTEBAT, LAHAT, SUMATERA SELATAN",2,49,131,180
https://kawalpemilu.org#18627,"TANJUNG BAI, TANJUNGTEBAT, LAHAT, SUMATERA SELATAN",1,39,203,242
https://kawalpemilu.org#18627,"TANJUNG BAI, TANJUNGTEBAT, LAHAT, SUMATERA SELATAN",2,52,148,200
https://kawalpemilu.org#18628,"TANJUNG MENANG, TANJUNGTEBAT, LAHAT, SUMATERA SELATAN",1,48,210,258
https://kawalpemilu.org#18628,"TANJUNG MENANG, TANJUNGTEBAT, LAHAT, SUMATERA SELATAN",2,36,209,245
https://kawalpemilu.org#18628,"TANJUNG MENANG, TANJUNGTEBAT, LAHAT, SUMATERA SELATAN",3,53,142,195
https://kawalpemilu.org#18628,"TANJUNG MENANG, TANJUNGTEBAT, LAHAT, SUMATERA SELATAN",4,74,140,214
https://kawalpemilu.org#18629,"TANJUNG RAYA, TANJUNGTEBAT, LAHAT, SUMATERA SELATAN",1,20,121,141
https://kawalpemilu.org#18629,"TANJUNG RAYA, TANJUNGTEBAT, LAHAT, SUMATERA SELATAN",2,36,117,153
https://kawalpemilu.org#18630,"AIR DINGIN LAMA, TANJUNGTEBAT, LAHAT, SUMATERA SELATAN",1,91,94,185
https://kawalpemilu.org#18630,"AIR DINGIN LAMA, TANJUNGTEBAT, LAHAT, SUMATERA SELATAN",2,58,64,122
https://kawalpemilu.org#18631,"AIR DINGIN BARU, TANJUNGTEBAT, LAHAT, SUMATERA SELATAN",1,63,87,150
https://kawalpemilu.org#18631,"AIR DINGIN BARU, TANJUNGTEBAT, LAHAT, SUMATERA SELATAN",2,39,80,119
https://kawalpemilu.org#18632,"MUARA DANAU, TANJUNGTEBAT, LAHAT, SUMATERA SELATAN",1,39,135,174
https://kawalpemilu.org#18632,"MUARA DANAU, TANJUNGTEBAT, LAHAT, SUMATERA SELATAN",2,49,133,182
https://kawalpemilu.org#18633,"TALANG JAWA, TANJUNGTEBAT, LAHAT, SUMATERA SELATAN",1,48,116,164
https://kawalpemilu.org#18634,"PADANG PERIGI, TANJUNGTEBAT, LAHAT, SUMATERA SELATAN",1,52,156,208
https://kawalpemilu.org#18634,"PADANG PERIGI, TANJUNGTEBAT, LAHAT, SUMATERA SELATAN",2,38,196,234
https://kawalpemilu.org#18636,"MUARA PAYANG, MUARA PAYANG, LAHAT, SUMATERA SELATAN",1,128,74,202
https://kawalpemilu.org#18636,"MUARA PAYANG, MUARA PAYANG, LAHAT, SUMATERA SELATAN",2,68,123,191
https://kawalpemilu.org#18636,"MUARA PAYANG, MUARA PAYANG, LAHAT, SUMATERA SELATAN",3,72,97,169
https://kawalpemilu.org#18636,"MUARA PAYANG, MUARA PAYANG, LAHAT, SUMATERA SELATAN",4,86,99,185
https://kawalpemilu.org#18636,"MUARA PAYANG, MUARA PAYANG, LAHAT, SUMATERA SELATAN",5,100,95,195
https://kawalpemilu.org#18636,"MUARA PAYANG, MUARA PAYANG, LAHAT, SUMATERA SELATAN",6,76,90,166
https://kawalpemilu.org#18637,"MUARA GELUMPAI, MUARA PAYANG, LAHAT, SUMATERA SELATAN",1,124,88,212
https://kawalpemilu.org#18637,"MUARA GELUMPAI, MUARA PAYANG, LAHAT, SUMATERA SELATAN",2,101,92,193
https://kawalpemilu.org#18637,"MUARA GELUMPAI, MUARA PAYANG, LAHAT, SUMATERA SELATAN",3,123,73,196
https://kawalpemilu.org#18637,"MUARA GELUMPAI, MUARA PAYANG, LAHAT, SUMATERA SELATAN",4,113,83,196
https://kawalpemilu.org#18637,"MUARA GELUMPAI, MUARA PAYANG, LAHAT, SUMATERA SELATAN",5,130,93,223
https://kawalpemilu.org#18637,"MUARA GELUMPAI, MUARA PAYANG, LAHAT, SUMATERA SELATAN",6,115,77,192
https://kawalpemilu.org#18638,"TALANG TINGGI, MUARA PAYANG, LAHAT, SUMATERA SELATAN",1,115,134,249
https://kawalpemilu.org#18638,"TALANG TINGGI, MUARA PAYANG, LAHAT, SUMATERA SELATAN",2,92,88,180
https://kawalpemilu.org#18638,"TALANG TINGGI, MUARA PAYANG, LAHAT, SUMATERA SELATAN",3,107,126,233
https://kawalpemilu.org#18638,"TALANG TINGGI, MUARA PAYANG, LAHAT, SUMATERA SELATAN",4,81,98,179
https://kawalpemilu.org#18639,"LAWANG AGUNG LAMA, MUARA PAYANG, LAHAT, SUMATERA SELATAN",1,66,123,189
https://kawalpemilu.org#18639,"LAWANG AGUNG LAMA, MUARA PAYANG, LAHAT, SUMATERA SELATAN",2,98,80,178
https://kawalpemilu.org#18639,"LAWANG AGUNG LAMA, MUARA PAYANG, LAHAT, SUMATERA SELATAN",3,112,71,183
https://kawalpemilu.org#18640,"LAWANG AGUNG BARU, MUARA PAYANG, LAHAT, SUMATERA SELATAN",1,60,110,170
https://kawalpemilu.org#18640,"LAWANG AGUNG BARU, MUARA PAYANG, LAHAT, SUMATERA SELATAN",2,77,110,187
https://kawalpemilu.org#18641,"MUARA JAUH, MUARA PAYANG, LAHAT, SUMATERA SELATAN",1,67,134,201
https://kawalpemilu.org#18641,"MUARA JAUH, MUARA PAYANG, LAHAT, SUMATERA SELATAN",2,62,144,206
https://kawalpemilu.org#18641,"MUARA JAUH, MUARA PAYANG, LAHAT, SUMATERA SELATAN",3,114,64,178
https://kawalpemilu.org#18642,"BANDU AGUNG, MUARA PAYANG, LAHAT, SUMATERA SELATAN",2,56,137,193
https://kawalpemilu.org#18642,"BANDU AGUNG, MUARA PAYANG, LAHAT, SUMATERA SELATAN",3,90,129,219
https://kawalpemilu.org#18642,"BANDU AGUNG, MUARA PAYANG, LAHAT, SUMATERA SELATAN",4,65,123,188
https://kawalpemilu.org#18389,"KAPITAN, SUKA MERINDU, LAHAT, SUMATERA SELATAN",1,45,98,143
https://kawalpemilu.org#18389,"KAPITAN, SUKA MERINDU, LAHAT, SUMATERA SELATAN",2,35,92,127
https://kawalpemilu.org#18390,"GURU AGUNG, SUKA MERINDU, LAHAT, SUMATERA SELATAN",1,47,155,202
https://kawalpemilu.org#18390,"GURU AGUNG, SUKA MERINDU, LAHAT, SUMATERA SELATAN",2,57,122,179
https://kawalpemilu.org#18390,"GURU AGUNG, SUKA MERINDU, LAHAT, SUMATERA SELATAN",3,38,150,188
https://kawalpemilu.org#18391,"KARANG CAYA, SUKA MERINDU, LAHAT, SUMATERA SELATAN",1,85,120,205
https://kawalpemilu.org#18391,"KARANG CAYA, SUKA MERINDU, LAHAT, SUMATERA SELATAN",2,61,111,172
https://kawalpemilu.org#18391,"KARANG CAYA, SUKA MERINDU, LAHAT, SUMATERA SELATAN",3,37,163,200
https://kawalpemilu.org#18391,"KARANG CAYA, SUKA MERINDU, LAHAT, SUMATERA SELATAN",4,38,151,189
https://kawalpemilu.org#18394,"RAMBAI KACA, SUKA MERINDU, LAHAT, SUMATERA SELATAN",1,64,151,215
https://kawalpemilu.org#18394,"RAMBAI KACA, SUKA MERINDU, LAHAT, SUMATERA SELATAN",2,75,139,214
https://kawalpemilu.org#18394,"RAMBAI KACA, SUKA MERINDU, LAHAT, SUMATERA SELATAN",3,60,149,209
https://kawalpemilu.org#18394,"RAMBAI KACA, SUKA MERINDU, LAHAT, SUMATERA SELATAN",4,65,164,229
https://kawalpemilu.org#18394,"RAMBAI KACA, SUKA MERINDU, LAHAT, SUMATERA SELATAN",5,70,121,191
https://kawalpemilu.org#18394,"RAMBAI KACA, SUKA MERINDU, LAHAT, SUMATERA SELATAN",6,46,138,184
https://kawalpemilu.org#18397,"PAGAR KAYA, SUKA MERINDU, LAHAT, SUMATERA SELATAN",1,103,104,207
https://kawalpemilu.org#18397,"PAGAR KAYA, SUKA MERINDU, LAHAT, SUMATERA SELATAN",2,111,88,199
https://kawalpemilu.org#89491,"SUKAMERINDU, SUKA MERINDU, LAHAT, SUMATERA SELATAN",1,32,111,143
https://kawalpemilu.org#89491,"SUKAMERINDU, SUKA MERINDU, LAHAT, SUMATERA SELATAN",2,30,96,126
https://kawalpemilu.org#89492,"GUNUNG LIWAT, SUKA MERINDU, LAHAT, SUMATERA SELATAN",1,58,151,209
https://kawalpemilu.org#89492,"GUNUNG LIWAT, SUKA MERINDU, LAHAT, SUMATERA SELATAN",2,71,129,200
https://kawalpemilu.org#89493,"TANJUNGRAYA, SUKA MERINDU, LAHAT, SUMATERA SELATAN",1,86,165,251
https://kawalpemilu.org#89494,"TANJUNGAGUNG, SUKA MERINDU, LAHAT, SUMATERA SELATAN",1,88,86,174
https://kawalpemilu.org#89494,"TANJUNGAGUNG, SUKA MERINDU, LAHAT, SUMATERA SELATAN",2,61,115,176
https://kawalpemilu.org#89565,"SUKARAJA, SUKA MERINDU, LAHAT, SUMATERA SELATAN",1,50,133,183
https://kawalpemilu.org#89565,"SUKARAJA, SUKA MERINDU, LAHAT, SUMATERA SELATAN",2,51,133,184
https://kawalpemilu.org#89565,"SUKARAJA, SUKA MERINDU, LAHAT, SUMATERA SELATAN",3,52,119,171
https://kawalpemilu.org#18316,"KERUNG, LAHAT SELATAN, LAHAT, SUMATERA SELATAN",1,23,261,284
https://kawalpemilu.org#18316,"KERUNG, LAHAT SELATAN, LAHAT, SUMATERA SELATAN",2,25,192,217
https://kawalpemilu.org#18317,"MUARA CAWANG, LAHAT SELATAN, LAHAT, SUMATERA SELATAN",1,18,151,169
https://kawalpemilu.org#18317,"MUARA CAWANG, LAHAT SELATAN, LAHAT, SUMATERA SELATAN",2,17,112,129
https://kawalpemilu.org#18318,"TALANG SAWAH, LAHAT SELATAN, LAHAT, SUMATERA SELATAN",1,89,150,239
https://kawalpemilu.org#18318,"TALANG SAWAH, LAHAT SELATAN, LAHAT, SUMATERA SELATAN",2,53,154,207
https://kawalpemilu.org#18319,"TALANG SEJEMPUT, LAHAT SELATAN, LAHAT, SUMATERA SELATAN",1,23,173,196
https://kawalpemilu.org#18319,"TALANG SEJEMPUT, LAHAT SELATAN, LAHAT, SUMATERA SELATAN",2,38,143,181
https://kawalpemilu.org#18319,"TALANG SEJEMPUT, LAHAT SELATAN, LAHAT, SUMATERA SELATAN",3,42,141,183
https://kawalpemilu.org#18319,"TALANG SEJEMPUT, LAHAT SELATAN, LAHAT, SUMATERA SELATAN",4,32,161,193
https://kawalpemilu.org#18319,"TALANG SEJEMPUT, LAHAT SELATAN, LAHAT, SUMATERA SELATAN",5,47,153,200
https://kawalpemilu.org#18359,"TANJUNG PAYANG, LAHAT SELATAN, LAHAT, SUMATERA SELATAN",1,50,220,270
https://kawalpemilu.org#18359,"TANJUNG PAYANG, LAHAT SELATAN, LAHAT, SUMATERA SELATAN",2,37,188,225
https://kawalpemilu.org#18359,"TANJUNG PAYANG, LAHAT SELATAN, LAHAT, SUMATERA SELATAN",3,37,177,214
https://kawalpemilu.org#18359,"TANJUNG PAYANG, LAHAT SELATAN, LAHAT, SUMATERA SELATAN",4,23,142,165
https://kawalpemilu.org#18359,"TANJUNG PAYANG, LAHAT SELATAN, LAHAT, SUMATERA SELATAN",5,14,185,199
https://kawalpemilu.org#18359,"TANJUNG PAYANG, LAHAT SELATAN, LAHAT, SUMATERA SELATAN",6,33,184,217
https://kawalpemilu.org#18359,"TANJUNG PAYANG, LAHAT SELATAN, LAHAT, SUMATERA SELATAN",7,44,210,254
https://kawalpemilu.org#18359,"TANJUNG PAYANG, LAHAT SELATAN, LAHAT, SUMATERA SELATAN",8,27,195,222
https://kawalpemilu.org#18359,"TANJUNG PAYANG, LAHAT SELATAN, LAHAT, SUMATERA SELATAN",9,41,194,235
https://kawalpemilu.org#18359,"TANJUNG PAYANG, LAHAT SELATAN, LAHAT, SUMATERA SELATAN",10,30,176,206
https://kawalpemilu.org#18360,"BANJAR NEGARA, LAHAT SELATAN, LAHAT, SUMATERA SELATAN",1,21,194,215
https://kawalpemilu.org#18360,"BANJAR NEGARA, LAHAT SELATAN, LAHAT, SUMATERA SELATAN",2,35,180,215
https://kawalpemilu.org#18366,"TANJUNG TEBAT, LAHAT SELATAN, LAHAT, SUMATERA SELATAN",1,12,130,142
https://kawalpemilu.org#18366,"TANJUNG TEBAT, LAHAT SELATAN, LAHAT, SUMATERA SELATAN",2,21,187,208
https://kawalpemilu.org#18366,"TANJUNG TEBAT, LAHAT SELATAN, LAHAT, SUMATERA SELATAN",3,19,182,201
https://kawalpemilu.org#18367,"NANTAL, LAHAT SELATAN, LAHAT, SUMATERA SELATAN",1,27,202,229
https://kawalpemilu.org#18367,"NANTAL, LAHAT SELATAN, LAHAT, SUMATERA SELATAN",2,27,220,247
https://kawalpemilu.org#18368,"KARANG ANYAR, LAHAT SELATAN, LAHAT, SUMATERA SELATAN",1,75,169,244
https://kawalpemilu.org#18368,"KARANG ANYAR, LAHAT SELATAN, LAHAT, SUMATERA SELATAN",2,76,175,251
https://kawalpemilu.org#18369,"KARANG BARU, LAHAT SELATAN, LAHAT, SUMATERA SELATAN",1,18,139,157
https://kawalpemilu.org#18369,"KARANG BARU, LAHAT SELATAN, LAHAT, SUMATERA SELATAN",2,18,196,214
https://kawalpemilu.org#18369,"KARANG BARU, LAHAT SELATAN, LAHAT, SUMATERA SELATAN",3,32,147,179
https://kawalpemilu.org#18408,"KEBAN AGUNG, MULAK SEBINGKAI, LAHAT, SUMATERA SELATAN",1,61,194,255
https://kawalpemilu.org#18408,"KEBAN AGUNG, MULAK SEBINGKAI, LAHAT, SUMATERA SELATAN",2,71,179,250
https://kawalpemilu.org#18408,"KEBAN AGUNG, MULAK SEBINGKAI, LAHAT, SUMATERA SELATAN",3,33,95,128
https://kawalpemilu.org#18409,"TALANG PADANG, MULAK SEBINGKAI, LAHAT, SUMATERA SELATAN",1,36,128,164
https://kawalpemilu.org#18413,"PENANDINGAN, MULAK SEBINGKAI, LAHAT, SUMATERA SELATAN",1,32,217,249
https://kawalpemilu.org#18413,"PENANDINGAN, MULAK SEBINGKAI, LAHAT, SUMATERA SELATAN",2,35,176,211
https://kawalpemilu.org#18415,"JADIAN BARU, MULAK SEBINGKAI, LAHAT, SUMATERA SELATAN",1,40,149,189
https://kawalpemilu.org#18415,"JADIAN BARU, MULAK SEBINGKAI, LAHAT, SUMATERA SELATAN",2,38,95,133
https://kawalpemilu.org#18416,"JADIAN LAMA, MULAK SEBINGKAI, LAHAT, SUMATERA SELATAN",1,29,87,116
https://kawalpemilu.org#18416,"JADIAN LAMA, MULAK SEBINGKAI, LAHAT, SUMATERA SELATAN",2,61,102,163
https://kawalpemilu.org#18426,"DURIAN DANGKAL, MULAK SEBINGKAI, LAHAT, SUMATERA SELATAN",1,22,158,180
https://kawalpemilu.org#18426,"DURIAN DANGKAL, MULAK SEBINGKAI, LAHAT, SUMATERA SELATAN",2,24,176,200
https://kawalpemilu.org#18426,"DURIAN DANGKAL, MULAK SEBINGKAI, LAHAT, SUMATERA SELATAN",3,23,179,202
https://kawalpemilu.org#18428,"TALANG BERANGIN, MULAK SEBINGKAI, LAHAT, SUMATERA SELATAN",1,35,172,207
https://kawalpemilu.org#18429,"DANAU BELIDANG, MULAK SEBINGKAI, LAHAT, SUMATERA SELATAN",1,19,129,148
https://kawalpemilu.org#18429,"DANAU BELIDANG, MULAK SEBINGKAI, LAHAT, SUMATERA SELATAN",2,12,124,136
https://kawalpemilu.org#18430,"PADANG BINDU, MULAK SEBINGKAI, LAHAT, SUMATERA SELATAN",1,19,138,157
https://kawalpemilu.org#18430,"PADANG BINDU, MULAK SEBINGKAI, LAHAT, SUMATERA SELATAN",2,18,140,158
https://kawalpemilu.org#18431,"LUBUK DENDAN, MULAK SEBINGKAI, LAHAT, SUMATERA SELATAN",1,54,175,229
https://kawalpemilu.org#18431,"LUBUK DENDAN, MULAK SEBINGKAI, LAHAT, SUMATERA SELATAN",2,31,98,129
https://kawalpemilu.org#18645,"B SRIKATON, TUGUMULYO, MUSI RAWAS, SUMATERA SELATAN",1,70,174,244
https://kawalpemilu.org#18645,"B SRIKATON, TUGUMULYO, MUSI RAWAS, SUMATERA SELATAN",2,53,215,268
https://kawalpemilu.org#18645,"B SRIKATON, TUGUMULYO, MUSI RAWAS, SUMATERA SELATAN",3,122,119,241
https://kawalpemilu.org#18645,"B SRIKATON, TUGUMULYO, MUSI RAWAS, SUMATERA SELATAN",5,65,159,224
https://kawalpemilu.org#18645,"B SRIKATON, TUGUMULYO, MUSI RAWAS, SUMATERA SELATAN",6,144,106,250
https://kawalpemilu.org#18645,"B SRIKATON, TUGUMULYO, MUSI RAWAS, SUMATERA SELATAN",7,43,168,211
https://kawalpemilu.org#18645,"B SRIKATON, TUGUMULYO, MUSI RAWAS, SUMATERA SELATAN",8,135,119,254
https://kawalpemilu.org#18645,"B SRIKATON, TUGUMULYO, MUSI RAWAS, SUMATERA SELATAN",9,131,137,268
https://kawalpemilu.org#18645,"B SRIKATON, TUGUMULYO, MUSI RAWAS, SUMATERA SELATAN",10,148,119,267
https://kawalpemilu.org#18645,"B SRIKATON, TUGUMULYO, MUSI RAWAS, SUMATERA SELATAN",11,110,128,238
https://kawalpemilu.org#18646,"SURODADI, TUGUMULYO, MUSI RAWAS, SUMATERA SELATAN",1,82,170,252
https://kawalpemilu.org#18646,"SURODADI, TUGUMULYO, MUSI RAWAS, SUMATERA SELATAN",2,112,135,247
https://kawalpemilu.org#18646,"SURODADI, TUGUMULYO, MUSI RAWAS, SUMATERA SELATAN",4,113,133,246
https://kawalpemilu.org#18646,"SURODADI, TUGUMULYO, MUSI RAWAS, SUMATERA SELATAN",5,148,106,254
https://kawalpemilu.org#18646,"SURODADI, TUGUMULYO, MUSI RAWAS, SUMATERA SELATAN",6,162,90,252
https://kawalpemilu.org#18647,"TEGAL REJO, TUGUMULYO, MUSI RAWAS, SUMATERA SELATAN",1,91,140,231
https://kawalpemilu.org#18647,"TEGAL REJO, TUGUMULYO, MUSI RAWAS, SUMATERA SELATAN",2,82,138,220
https://kawalpemilu.org#18647,"TEGAL REJO, TUGUMULYO, MUSI RAWAS, SUMATERA SELATAN",3,59,163,222
https://kawalpemilu.org#18647,"TEGAL REJO, TUGUMULYO, MUSI RAWAS, SUMATERA SELATAN",4,65,174,239
https://kawalpemilu.org#18647,"TEGAL REJO, TUGUMULYO, MUSI RAWAS, SUMATERA SELATAN",5,67,144,211
https://kawalpemilu.org#18647,"TEGAL REJO, TUGUMULYO, MUSI RAWAS, SUMATERA SELATAN",6,99,127,226
https://kawalpemilu.org#18647,"TEGAL REJO, TUGUMULYO, MUSI RAWAS, SUMATERA SELATAN",7,54,164,218
https://kawalpemilu.org#18647,"TEGAL REJO, TUGUMULYO, MUSI RAWAS, SUMATERA SELATAN",8,50,150,200
https://kawalpemilu.org#18647,"TEGAL REJO, TUGUMULYO, MUSI RAWAS, SUMATERA SELATAN",9,78,158,236
https://kawalpemilu.org#18647,"TEGAL REJO, TUGUMULYO, MUSI RAWAS, SUMATERA SELATAN",10,20,38,58
https://kawalpemilu.org#18648,"TRIKOYO, TUGUMULYO, MUSI RAWAS, SUMATERA SELATAN",1,88,152,240
https://kawalpemilu.org#18648,"TRIKOYO, TUGUMULYO, MUSI RAWAS, SUMATERA SELATAN",2,75,164,239
https://kawalpemilu.org#18648,"TRIKOYO, TUGUMULYO, MUSI RAWAS, SUMATERA SELATAN",3,78,124,202
https://kawalpemilu.org#18648,"TRIKOYO, TUGUMULYO, MUSI RAWAS, SUMATERA SELATAN",4,101,131,232
https://kawalpemilu.org#18648,"TRIKOYO, TUGUMULYO, MUSI RAWAS, SUMATERA SELATAN",5,114,97,211
https://kawalpemilu.org#18648,"TRIKOYO, TUGUMULYO, MUSI RAWAS, SUMATERA SELATAN",6,100,111,211
https://kawalpemilu.org#18648,"TRIKOYO, TUGUMULYO, MUSI RAWAS, SUMATERA SELATAN",7,109,109,218
https://kawalpemilu.org#18648,"TRIKOYO, TUGUMULYO, MUSI RAWAS, SUMATERA SELATAN",8,108,98,206
https://kawalpemilu.org#18649,"KALIBENING, TUGUMULYO, MUSI RAWAS, SUMATERA SELATAN",1,93,162,255
https://kawalpemilu.org#18649,"KALIBENING, TUGUMULYO, MUSI RAWAS, SUMATERA SELATAN",2,91,141,232
https://kawalpemilu.org#18649,"KALIBENING, TUGUMULYO, MUSI RAWAS, SUMATERA SELATAN",3,73,180,253
https://kawalpemilu.org#18649,"KALIBENING, TUGUMULYO, MUSI RAWAS, SUMATERA SELATAN",4,82,166,248
https://kawalpemilu.org#18650,"WIDODO, TUGUMULYO, MUSI RAWAS, SUMATERA SELATAN",1,69,196,265
https://kawalpemilu.org#18650,"WIDODO, TUGUMULYO, MUSI RAWAS, SUMATERA SELATAN",2,66,201,267
https://kawalpemilu.org#18650,"WIDODO, TUGUMULYO, MUSI RAWAS, SUMATERA SELATAN",3,71,190,261
https://kawalpemilu.org#18650,"WIDODO, TUGUMULYO, MUSI RAWAS, SUMATERA SELATAN",4,81,169,250
https://kawalpemilu.org#18650,"WIDODO, TUGUMULYO, MUSI RAWAS, SUMATERA SELATAN",5,96,185,281
https://kawalpemilu.org#18650,"WIDODO, TUGUMULYO, MUSI RAWAS, SUMATERA SELATAN",6,120,162,282
https://kawalpemilu.org#18650,"WIDODO, TUGUMULYO, MUSI RAWAS, SUMATERA SELATAN",7,118,156,274
https://kawalpemilu.org#18650,"WIDODO, TUGUMULYO, MUSI RAWAS, SUMATERA SELATAN",8,78,138,216
https://kawalpemilu.org#18650,"WIDODO, TUGUMULYO, MUSI RAWAS, SUMATERA SELATAN",9,49,72,121
https://kawalpemilu.org#18651,"WONOKERTO, TUGUMULYO, MUSI RAWAS, SUMATERA SELATAN",1,49,205,254
https://kawalpemilu.org#18651,"WONOKERTO, TUGUMULYO, MUSI RAWAS, SUMATERA SELATAN",2,71,171,242
https://kawalpemilu.org#18651,"WONOKERTO, TUGUMULYO, MUSI RAWAS, SUMATERA SELATAN",3,75,173,248
https://kawalpemilu.org#18651,"WONOKERTO, TUGUMULYO, MUSI RAWAS, SUMATERA SELATAN",4,50,182,232
https://kawalpemilu.org#18651,"WONOKERTO, TUGUMULYO, MUSI RAWAS, SUMATERA SELATAN",5,78,167,245
https://kawalpemilu.org#18651,"WONOKERTO, TUGUMULYO, MUSI RAWAS, SUMATERA SELATAN",6,69,180,249
https://kawalpemilu.org#18651,"WONOKERTO, TUGUMULYO, MUSI RAWAS, SUMATERA SELATAN",7,84,159,243
https://kawalpemilu.org#18652,"NAWANGSASI, TUGUMULYO, MUSI RAWAS, SUMATERA SELATAN",1,94,118,212
https://kawalpemilu.org#18652,"NAWANGSASI, TUGUMULYO, MUSI RAWAS, SUMATERA SELATAN",2,75,136,211
https://kawalpemilu.org#18652,"NAWANGSASI, TUGUMULYO, MUSI RAWAS, SUMATERA SELATAN",3,105,121,226
https://kawalpemilu.org#18652,"NAWANGSASI, TUGUMULYO, MUSI RAWAS, SUMATERA SELATAN",4,111,91,202
https://kawalpemilu.org#18652,"NAWANGSASI, TUGUMULYO, MUSI RAWAS, SUMATERA SELATAN",5,108,84,192
https://kawalpemilu.org#18652,"NAWANGSASI, TUGUMULYO, MUSI RAWAS, SUMATERA SELATAN",6,85,151,236
https://kawalpemilu.org#18653,"SUKOMULYO, TUGUMULYO, MUSI RAWAS, SUMATERA SELATAN",1,90,89,179
https://kawalpemilu.org#18653,"SUKOMULYO, TUGUMULYO, MUSI RAWAS, SUMATERA SELATAN",2,75,109,184
https://kawalpemilu.org#18653,"SUKOMULYO, TUGUMULYO, MUSI RAWAS, SUMATERA SELATAN",3,87,102,189
https://kawalpemilu.org#18654,"WUKIRSARI, TUGUMULYO, MUSI RAWAS, SUMATERA SELATAN",1,94,194,288
https://kawalpemilu.org#18654,"WUKIRSARI, TUGUMULYO, MUSI RAWAS, SUMATERA SELATAN",2,73,202,275
https://kawalpemilu.org#18654,"WUKIRSARI, TUGUMULYO, MUSI RAWAS, SUMATERA SELATAN",3,81,187,268
https://kawalpemilu.org#18654,"WUKIRSARI, TUGUMULYO, MUSI RAWAS, SUMATERA SELATAN",4,101,164,265
https://kawalpemilu.org#18654,"WUKIRSARI, TUGUMULYO, MUSI RAWAS, SUMATERA SELATAN",5,79,180,259
https://kawalpemilu.org#18655,"NGADIREJO, TUGUMULYO, MUSI RAWAS, SUMATERA SELATAN",1,146,81,227
https://kawalpemilu.org#18655,"NGADIREJO, TUGUMULYO, MUSI RAWAS, SUMATERA SELATAN",2,147,88,235
https://kawalpemilu.org#18655,"NGADIREJO, TUGUMULYO, MUSI RAWAS, SUMATERA SELATAN",3,115,134,249
https://kawalpemilu.org#18655,"NGADIREJO, TUGUMULYO, MUSI RAWAS, SUMATERA SELATAN",4,133,88,221
https://kawalpemilu.org#18656,"DWI JAYA, TUGUMULYO, MUSI RAWAS, SUMATERA SELATAN",1,58,145,203
https://kawalpemilu.org#18656,"DWI JAYA, TUGUMULYO, MUSI RAWAS, SUMATERA SELATAN",2,57,109,166
https://kawalpemilu.org#18656,"DWI JAYA, TUGUMULYO, MUSI RAWAS, SUMATERA SELATAN",3,90,110,200
https://kawalpemilu.org#18656,"DWI JAYA, TUGUMULYO, MUSI RAWAS, SUMATERA SELATAN",4,110,119,229
https://kawalpemilu.org#18656,"DWI JAYA, TUGUMULYO, MUSI RAWAS, SUMATERA SELATAN",5,119,127,246
https://kawalpemilu.org#18656,"DWI JAYA, TUGUMULYO, MUSI RAWAS, SUMATERA SELATAN",6,34,226,260
https://kawalpemilu.org#18656,"DWI JAYA, TUGUMULYO, MUSI RAWAS, SUMATERA SELATAN",7,30,146,176
https://kawalpemilu.org#18656,"DWI JAYA, TUGUMULYO, MUSI RAWAS, SUMATERA SELATAN",8,30,163,193
https://kawalpemilu.org#18656,"DWI JAYA, TUGUMULYO, MUSI RAWAS, SUMATERA SELATAN",9,49,117,166
https://kawalpemilu.org#18656,"DWI JAYA, TUGUMULYO, MUSI RAWAS, SUMATERA SELATAN",10,44,117,161
https://kawalpemilu.org#18657,"SITI HARJO, TUGUMULYO, MUSI RAWAS, SUMATERA SELATAN",1,64,180,244
https://kawalpemilu.org#18657,"SITI HARJO, TUGUMULYO, MUSI RAWAS, SUMATERA SELATAN",2,118,132,250
https://kawalpemilu.org#18657,"SITI HARJO, TUGUMULYO, MUSI RAWAS, SUMATERA SELATAN",3,84,166,250
https://kawalpemilu.org#18657,"SITI HARJO, TUGUMULYO, MUSI RAWAS, SUMATERA SELATAN",4,138,116,254
https://kawalpemilu.org#18657,"SITI HARJO, TUGUMULYO, MUSI RAWAS, SUMATERA SELATAN",5,115,132,247
https://kawalpemilu.org#18658,"MATARAM, TUGUMULYO, MUSI RAWAS, SUMATERA SELATAN",1,144,95,239
https://kawalpemilu.org#18658,"MATARAM, TUGUMULYO, MUSI RAWAS, SUMATERA SELATAN",2,101,133,234
https://kawalpemilu.org#18658,"MATARAM, TUGUMULYO, MUSI RAWAS, SUMATERA SELATAN",3,148,107,255
https://kawalpemilu.org#18658,"MATARAM, TUGUMULYO, MUSI RAWAS, SUMATERA SELATAN",4,161,93,254
https://kawalpemilu.org#18658,"MATARAM, TUGUMULYO, MUSI RAWAS, SUMATERA SELATAN",5,146,126,272
https://kawalpemilu.org#18658,"MATARAM, TUGUMULYO, MUSI RAWAS, SUMATERA SELATAN",6,142,105,247
https://kawalpemilu.org#18658,"MATARAM, TUGUMULYO, MUSI RAWAS, SUMATERA SELATAN",7,157,130,287
https://kawalpemilu.org#18658,"MATARAM, TUGUMULYO, MUSI RAWAS, SUMATERA SELATAN",8,135,118,253
https://kawalpemilu.org#18658,"MATARAM, TUGUMULYO, MUSI RAWAS, SUMATERA SELATAN",9,139,102,241
https://kawalpemilu.org#18658,"MATARAM, TUGUMULYO, MUSI RAWAS, SUMATERA SELATAN",10,130,108,238
https://kawalpemilu.org#18659,"TAMBAHASRI, TUGUMULYO, MUSI RAWAS, SUMATERA SELATAN",1,128,103,231
https://kawalpemilu.org#18659,"TAMBAHASRI, TUGUMULYO, MUSI RAWAS, SUMATERA SELATAN",2,108,124,232
https://kawalpemilu.org#18659,"TAMBAHASRI, TUGUMULYO, MUSI RAWAS, SUMATERA SELATAN",3,133,116,249
https://kawalpemilu.org#18659,"TAMBAHASRI, TUGUMULYO, MUSI RAWAS, SUMATERA SELATAN",4,102,145,247
https://kawalpemilu.org#18659,"TAMBAHASRI, TUGUMULYO, MUSI RAWAS, SUMATERA SELATAN",5,108,134,242
https://kawalpemilu.org#18659,"TAMBAHASRI, TUGUMULYO, MUSI RAWAS, SUMATERA SELATAN",6,118,121,239
https://kawalpemilu.org#18659,"TAMBAHASRI, TUGUMULYO, MUSI RAWAS, SUMATERA SELATAN",7,119,130,249
https://kawalpemilu.org#18659,"TAMBAHASRI, TUGUMULYO, MUSI RAWAS, SUMATERA SELATAN",8,130,136,266
https://kawalpemilu.org#18660,"WONOREJO, TUGUMULYO, MUSI RAWAS, SUMATERA SELATAN",1,51,171,222
https://kawalpemilu.org#18660,"WONOREJO, TUGUMULYO, MUSI RAWAS, SUMATERA SELATAN",2,61,158,219
https://kawalpemilu.org#18660,"WONOREJO, TUGUMULYO, MUSI RAWAS, SUMATERA SELATAN",3,86,128,214
https://kawalpemilu.org#18661,"SIDOHARJO, TUGUMULYO, MUSI RAWAS, SUMATERA SELATAN",1,124,143,267
https://kawalpemilu.org#18661,"SIDOHARJO, TUGUMULYO, MUSI RAWAS, SUMATERA SELATAN",2,103,161,264
https://kawalpemilu.org#18661,"SIDOHARJO, TUGUMULYO, MUSI RAWAS, SUMATERA SELATAN",3,114,150,264
https://kawalpemilu.org#18661,"SIDOHARJO, TUGUMULYO, MUSI RAWAS, SUMATERA SELATAN",4,99,164,263
https://kawalpemilu.org#18661,"SIDOHARJO, TUGUMULYO, MUSI RAWAS, SUMATERA SELATAN",5,114,159,273
https://kawalpemilu.org#18661,"SIDOHARJO, TUGUMULYO, MUSI RAWAS, SUMATERA SELATAN",6,122,131,253
https://kawalpemilu.org#18661,"SIDOHARJO, TUGUMULYO, MUSI RAWAS, SUMATERA SELATAN",7,112,132,244
https://kawalpemilu.org#18661,"SIDOHARJO, TUGUMULYO, MUSI RAWAS, SUMATERA SELATAN",8,104,143,247
https://kawalpemilu.org#929003,"TRIWIKATON, TUGUMULYO, MUSI RAWAS, SUMATERA SELATAN",1,50,176,6
https://kawalpemilu.org#929003,"TRIWIKATON, TUGUMULYO, MUSI RAWAS, SUMATERA SELATAN",2,61,132,193
https://kawalpemilu.org#929003,"TRIWIKATON, TUGUMULYO, MUSI RAWAS, SUMATERA SELATAN",3,51,188,239
https://kawalpemilu.org#929003,"TRIWIKATON, TUGUMULYO, MUSI RAWAS, SUMATERA SELATAN",4,85,130,215
https://kawalpemilu.org#929003,"TRIWIKATON, TUGUMULYO, MUSI RAWAS, SUMATERA SELATAN",5,58,177,235
https://kawalpemilu.org#929003,"TRIWIKATON, TUGUMULYO, MUSI RAWAS, SUMATERA SELATAN",6,46,176,222
https://kawalpemilu.org#18663,"TRI ANGGUN JAYA, MUARA LAKITAN, MUSI RAWAS, SUMATERA SELATAN",1,138,88,226
https://kawalpemilu.org#18663,"TRI ANGGUN JAYA, MUARA LAKITAN, MUSI RAWAS, SUMATERA SELATAN",2,106,101,207
https://kawalpemilu.org#18663,"TRI ANGGUN JAYA, MUARA LAKITAN, MUSI RAWAS, SUMATERA SELATAN",3,132,123,255
https://kawalpemilu.org#18664,"SEMANGUS, MUARA LAKITAN, MUSI RAWAS, SUMATERA SELATAN",2,122,87,209
https://kawalpemilu.org#18664,"SEMANGUS, MUARA LAKITAN, MUSI RAWAS, SUMATERA SELATAN",3,129,55,184
https://kawalpemilu.org#18664,"SEMANGUS, MUARA LAKITAN, MUSI RAWAS, SUMATERA SELATAN",4,75,102,177
https://kawalpemilu.org#18664,"SEMANGUS, MUARA LAKITAN, MUSI RAWAS, SUMATERA SELATAN",5,115,53,168
https://kawalpemilu.org#18664,"SEMANGUS, MUARA LAKITAN, MUSI RAWAS, SUMATERA SELATAN",6,72,97,169
https://kawalpemilu.org#18664,"SEMANGUS, MUARA LAKITAN, MUSI RAWAS, SUMATERA SELATAN",7,114,69,183
https://kawalpemilu.org#18665,"ANYAR, MUARA LAKITAN, MUSI RAWAS, SUMATERA SELATAN",1,60,90,150
https://kawalpemilu.org#18665,"ANYAR, MUARA LAKITAN, MUSI RAWAS, SUMATERA SELATAN",2,46,134,180
https://kawalpemilu.org#18665,"ANYAR, MUARA LAKITAN, MUSI RAWAS, SUMATERA SELATAN",3,75,125,200
https://kawalpemilu.org#18665,"ANYAR, MUARA LAKITAN, MUSI RAWAS, SUMATERA SELATAN",4,61,90,151
https://kawalpemilu.org#18666,"MUARA RENGAS, MUARA LAKITAN, MUSI RAWAS, SUMATERA SELATAN",1,119,83,202
https://kawalpemilu.org#18666,"MUARA RENGAS, MUARA LAKITAN, MUSI RAWAS, SUMATERA SELATAN",2,117,102,219
https://kawalpemilu.org#18666,"MUARA RENGAS, MUARA LAKITAN, MUSI RAWAS, SUMATERA SELATAN",3,106,88,194
https://kawalpemilu.org#18666,"MUARA RENGAS, MUARA LAKITAN, MUSI RAWAS, SUMATERA SELATAN",4,109,94,203
https://kawalpemilu.org#18667,"SUNGAI PINANG, MUARA LAKITAN, MUSI RAWAS, SUMATERA SELATAN",1,80,155,235
https://kawalpemilu.org#18667,"SUNGAI PINANG, MUARA LAKITAN, MUSI RAWAS, SUMATERA SELATAN",2,58,106,164
https://kawalpemilu.org#18667,"SUNGAI PINANG, MUARA LAKITAN, MUSI RAWAS, SUMATERA SELATAN",3,75,167,242
https://kawalpemilu.org#18667,"SUNGAI PINANG, MUARA LAKITAN, MUSI RAWAS, SUMATERA SELATAN",4,54,111,165
https://kawalpemilu.org#18667,"SUNGAI PINANG, MUARA LAKITAN, MUSI RAWAS, SUMATERA SELATAN",5,73,58,131
https://kawalpemilu.org#18667,"SUNGAI PINANG, MUARA LAKITAN, MUSI RAWAS, SUMATERA SELATAN",6,124,131,255
https://kawalpemilu.org#18667,"SUNGAI PINANG, MUARA LAKITAN, MUSI RAWAS, SUMATERA SELATAN",8,67,113,180
https://kawalpemilu.org#18667,"SUNGAI PINANG, MUARA LAKITAN, MUSI RAWAS, SUMATERA SELATAN",9,41,103,144
https://kawalpemilu.org#18667,"SUNGAI PINANG, MUARA LAKITAN, MUSI RAWAS, SUMATERA SELATAN",10,71,69,140
https://kawalpemilu.org#18667,"SUNGAI PINANG, MUARA LAKITAN, MUSI RAWAS, SUMATERA SELATAN",11,75,114,189
https://kawalpemilu.org#18667,"SUNGAI PINANG, MUARA LAKITAN, MUSI RAWAS, SUMATERA SELATAN",12,52,85,137
https://kawalpemilu.org#18668,"SEMETEH, MUARA LAKITAN, MUSI RAWAS, SUMATERA SELATAN",1,66,172,238
https://kawalpemilu.org#18668,"SEMETEH, MUARA LAKITAN, MUSI RAWAS, SUMATERA SELATAN",2,82,137,219
https://kawalpemilu.org#18668,"SEMETEH, MUARA LAKITAN, MUSI RAWAS, SUMATERA SELATAN",3,66,122,188
https://kawalpemilu.org#18668,"SEMETEH, MUARA LAKITAN, MUSI RAWAS, SUMATERA SELATAN",4,75,111,186
https://kawalpemilu.org#18668,"SEMETEH, MUARA LAKITAN, MUSI RAWAS, SUMATERA SELATAN",5,55,138,193
https://kawalpemilu.org#18669,"PRABUMULIH II, MUARA LAKITAN, MUSI RAWAS, SUMATERA SELATAN",1,57,133,190
https://kawalpemilu.org#18669,"PRABUMULIH II, MUARA LAKITAN, MUSI RAWAS, SUMATERA SELATAN",2,62,118,180
https://kawalpemilu.org#18669,"PRABUMULIH II, MUARA LAKITAN, MUSI RAWAS, SUMATERA SELATAN",3,146,70,216
https://kawalpemilu.org#18669,"PRABUMULIH II, MUARA LAKITAN, MUSI RAWAS, SUMATERA SELATAN",4,81,117,198
https://kawalpemilu.org#18670,"PRABUMULIH I, MUARA LAKITAN, MUSI RAWAS, SUMATERA SELATAN",1,83,118,201
https://kawalpemilu.org#18670,"PRABUMULIH I, MUARA LAKITAN, MUSI RAWAS, SUMATERA SELATAN",2,65,93,158
https://kawalpemilu.org#18670,"PRABUMULIH I, MUARA LAKITAN, MUSI RAWAS, SUMATERA SELATAN",3,72,65,137
https://kawalpemilu.org#18670,"PRABUMULIH I, MUARA LAKITAN, MUSI RAWAS, SUMATERA SELATAN",4,105,61,166
https://kawalpemilu.org#18670,"PRABUMULIH I, MUARA LAKITAN, MUSI RAWAS, SUMATERA SELATAN",5,63,52,115
https://kawalpemilu.org#18670,"PRABUMULIH I, MUARA LAKITAN, MUSI RAWAS, SUMATERA SELATAN",6,104,65,169
https://kawalpemilu.org#18671,"LUBUK PANDAN, MUARA LAKITAN, MUSI RAWAS, SUMATERA SELATAN",1,36,160,196
https://kawalpemilu.org#18671,"LUBUK PANDAN, MUARA LAKITAN, MUSI RAWAS, SUMATERA SELATAN",2,27,163,190
https://kawalpemilu.org#18671,"LUBUK PANDAN, MUARA LAKITAN, MUSI RAWAS, SUMATERA SELATAN",3,47,171,218
https://kawalpemilu.org#18671,"LUBUK PANDAN, MUARA LAKITAN, MUSI RAWAS, SUMATERA SELATAN",5,64,125,189
https://kawalpemilu.org#18671,"LUBUK PANDAN, MUARA LAKITAN, MUSI RAWAS, SUMATERA SELATAN",6,95,163,258
https://kawalpemilu.org#18671,"LUBUK PANDAN, MUARA LAKITAN, MUSI RAWAS, SUMATERA SELATAN",7,89,91,180
https://kawalpemilu.org#18671,"LUBUK PANDAN, MUARA LAKITAN, MUSI RAWAS, SUMATERA SELATAN",8,33,113,146
https://kawalpemilu.org#18672,"PELITA JAYA, MUARA LAKITAN, MUSI RAWAS, SUMATERA SELATAN",1,199,81,280
https://kawalpemilu.org#18672,"PELITA JAYA, MUARA LAKITAN, MUSI RAWAS, SUMATERA SELATAN",2,201,44,245
https://kawalpemilu.org#18672,"PELITA JAYA, MUARA LAKITAN, MUSI RAWAS, SUMATERA SELATAN",3,177,41,218
https://kawalpemilu.org#18672,"PELITA JAYA, MUARA LAKITAN, MUSI RAWAS, SUMATERA SELATAN",4,219,59,278
https://kawalpemilu.org#18672,"PELITA JAYA, MUARA LAKITAN, MUSI RAWAS, SUMATERA SELATAN",5,160,62,222
https://kawalpemilu.org#18672,"PELITA JAYA, MUARA LAKITAN, MUSI RAWAS, SUMATERA SELATAN",6,166,35,201
https://kawalpemilu.org#18673,"SIDO MULYO, MUARA LAKITAN, MUSI RAWAS, SUMATERA SELATAN",1,200,57,251
https://kawalpemilu.org#18673,"SIDO MULYO, MUARA LAKITAN, MUSI RAWAS, SUMATERA SELATAN",2,131,117,248
https://kawalpemilu.org#18673,"SIDO MULYO, MUARA LAKITAN, MUSI RAWAS, SUMATERA SELATAN",3,117,78,195
https://kawalpemilu.org#18673,"SIDO MULYO, MUARA LAKITAN, MUSI RAWAS, SUMATERA SELATAN",4,139,105,244
https://kawalpemilu.org#18673,"SIDO MULYO, MUARA LAKITAN, MUSI RAWAS, SUMATERA SELATAN",5,117,58,175
https://kawalpemilu.org#18673,"SIDO MULYO, MUARA LAKITAN, MUSI RAWAS, SUMATERA SELATAN",6,142,70,212
https://kawalpemilu.org#18674,"MARGA BARU, MUARA LAKITAN, MUSI RAWAS, SUMATERA SELATAN",1,130,150,280
https://kawalpemilu.org#18674,"MARGA BARU, MUARA LAKITAN, MUSI RAWAS, SUMATERA SELATAN",2,144,94,138
https://kawalpemilu.org#18674,"MARGA BARU, MUARA LAKITAN, MUSI RAWAS, SUMATERA SELATAN",3,141,122,263
https://kawalpemilu.org#18674,"MARGA BARU, MUARA LAKITAN, MUSI RAWAS, SUMATERA SELATAN",4,169,84,253
https://kawalpemilu.org#18674,"MARGA BARU, MUARA LAKITAN, MUSI RAWAS, SUMATERA SELATAN",5,149,104,253
https://kawalpemilu.org#18674,"MARGA BARU, MUARA LAKITAN, MUSI RAWAS, SUMATERA SELATAN",6,220,74,294
https://kawalpemilu.org#18674,"MARGA BARU, MUARA LAKITAN, MUSI RAWAS, SUMATERA SELATAN",7,123,151,274
https://kawalpemilu.org#18674,"MARGA BARU, MUARA LAKITAN, MUSI RAWAS, SUMATERA SELATAN",8,116,82,198
https://kawalpemilu.org#18674,"MARGA BARU, MUARA LAKITAN, MUSI RAWAS, SUMATERA SELATAN",9,63,101,164
https://kawalpemilu.org#18674,"MARGA BARU, MUARA LAKITAN, MUSI RAWAS, SUMATERA SELATAN",10,77,95,172
https://kawalpemilu.org#18674,"MARGA BARU, MUARA LAKITAN, MUSI RAWAS, SUMATERA SELATAN",11,154,57,211
https://kawalpemilu.org#18675,"PENDINGAN, MUARA LAKITAN, MUSI RAWAS, SUMATERA SELATAN",2,68,79,147
https://kawalpemilu.org#18675,"PENDINGAN, MUARA LAKITAN, MUSI RAWAS, SUMATERA SELATAN",3,83,99,182
https://kawalpemilu.org#18675,"PENDINGAN, MUARA LAKITAN, MUSI RAWAS, SUMATERA SELATAN",4,90,81,171
https://kawalpemilu.org#18676,"BUMI MAKMUR JAYA, MUARA LAKITAN, MUSI RAWAS, SUMATERA SELATAN",1,117,72,189
https://kawalpemilu.org#18676,"BUMI MAKMUR JAYA, MUARA LAKITAN, MUSI RAWAS, SUMATERA SELATAN",2,87,60,147
https://kawalpemilu.org#18676,"BUMI MAKMUR JAYA, MUARA LAKITAN, MUSI RAWAS, SUMATERA SELATAN",3,70,51,121
https://kawalpemilu.org#18676,"BUMI MAKMUR JAYA, MUARA LAKITAN, MUSI RAWAS, SUMATERA SELATAN",4,82,166,198
https://kawalpemilu.org#18676,"BUMI MAKMUR JAYA, MUARA LAKITAN, MUSI RAWAS, SUMATERA SELATAN",5,136,78,214
https://kawalpemilu.org#18676,"BUMI MAKMUR JAYA, MUARA LAKITAN, MUSI RAWAS, SUMATERA SELATAN",6,101,89,190
https://kawalpemilu.org#18676,"BUMI MAKMUR JAYA, MUARA LAKITAN, MUSI RAWAS, SUMATERA SELATAN",7,126,102,228
https://kawalpemilu.org#18676,"BUMI MAKMUR JAYA, MUARA LAKITAN, MUSI RAWAS, SUMATERA SELATAN",8,154,56,210
https://kawalpemilu.org#18676,"BUMI MAKMUR JAYA, MUARA LAKITAN, MUSI RAWAS, SUMATERA SELATAN",9,149,48,197
https://kawalpemilu.org#18676,"BUMI MAKMUR JAYA, MUARA LAKITAN, MUSI RAWAS, SUMATERA SELATAN",10,74,54,128
https://kawalpemilu.org#18676,"BUMI MAKMUR JAYA, MUARA LAKITAN, MUSI RAWAS, SUMATERA SELATAN",11,100,25,125
https://kawalpemilu.org#18677,"MUKTI KARYA SP 7, MUARA LAKITAN, MUSI RAWAS, SUMATERA SELATAN",1,141,68,182
https://kawalpemilu.org#18678,"HARAPAN MAKMUR, MUARA LAKITAN, MUSI RAWAS, SUMATERA SELATAN",1,77,171,248
https://kawalpemilu.org#18678,"HARAPAN MAKMUR, MUARA LAKITAN, MUSI RAWAS, SUMATERA SELATAN",2,72,171,243
https://kawalpemilu.org#18678,"HARAPAN MAKMUR, MUARA LAKITAN, MUSI RAWAS, SUMATERA SELATAN",3,108,118,226
https://kawalpemilu.org#18678,"HARAPAN MAKMUR, MUARA LAKITAN, MUSI RAWAS, SUMATERA SELATAN",4,101,124,225
https://kawalpemilu.org#18679,"PIAN RAYA, MUARA LAKITAN, MUSI RAWAS, SUMATERA SELATAN",1,120,77,197
https://kawalpemilu.org#18679,"PIAN RAYA, MUARA LAKITAN, MUSI RAWAS, SUMATERA SELATAN",3,128,65,193
https://kawalpemilu.org#18679,"PIAN RAYA, MUARA LAKITAN, MUSI RAWAS, SUMATERA SELATAN",4,36,35,71
https://kawalpemilu.org#18679,"PIAN RAYA, MUARA LAKITAN, MUSI RAWAS, SUMATERA SELATAN",5,126,85,211
https://kawalpemilu.org#18680,"SINDANG LAYA, MUARA LAKITAN, MUSI RAWAS, SUMATERA SELATAN",1,68,67,135
https://kawalpemilu.org#18680,"SINDANG LAYA, MUARA LAKITAN, MUSI RAWAS, SUMATERA SELATAN",2,40,83,123
https://kawalpemilu.org#18681,"MUARA LAKITAN, MUARA LAKITAN, MUSI RAWAS, SUMATERA SELATAN",2,92,124,216
https://kawalpemilu.org#18681,"MUARA LAKITAN, MUARA LAKITAN, MUSI RAWAS, SUMATERA SELATAN",3,83,96,179
https://kawalpemilu.org#18681,"MUARA LAKITAN, MUARA LAKITAN, MUSI RAWAS, SUMATERA SELATAN",4,99,93,192
https://kawalpemilu.org#18681,"MUARA LAKITAN, MUARA LAKITAN, MUSI RAWAS, SUMATERA SELATAN",5,82,143,225
https://kawalpemilu.org#18681,"MUARA LAKITAN, MUARA LAKITAN, MUSI RAWAS, SUMATERA SELATAN",6,90,143,233
https://kawalpemilu.org#18681,"MUARA LAKITAN, MUARA LAKITAN, MUSI RAWAS, SUMATERA SELATAN",7,101,130,231
https://kawalpemilu.org#18681,"MUARA LAKITAN, MUARA LAKITAN, MUSI RAWAS, SUMATERA SELATAN",8,47,135,182
https://kawalpemilu.org#18681,"MUARA LAKITAN, MUARA LAKITAN, MUSI RAWAS, SUMATERA SELATAN",9,103,113,216
https://kawalpemilu.org#18681,"MUARA LAKITAN, MUARA LAKITAN, MUSI RAWAS, SUMATERA SELATAN",10,100,126,226
https://kawalpemilu.org#18681,"MUARA LAKITAN, MUARA LAKITAN, MUSI RAWAS, SUMATERA SELATAN",11,69,66,135
https://kawalpemilu.org#18682,"SEMANGUS BARU, MUARA LAKITAN, MUSI RAWAS, SUMATERA SELATAN",1,128,143,271
https://kawalpemilu.org#18682,"SEMANGUS BARU, MUARA LAKITAN, MUSI RAWAS, SUMATERA SELATAN",2,94,110,204
https://kawalpemilu.org#18682,"SEMANGUS BARU, MUARA LAKITAN, MUSI RAWAS, SUMATERA SELATAN",3,102,130,232
https://kawalpemilu.org#18682,"SEMANGUS BARU, MUARA LAKITAN, MUSI RAWAS, SUMATERA SELATAN",4,62,62,124
https://kawalpemilu.org#18682,"SEMANGUS BARU, MUARA LAKITAN, MUSI RAWAS, SUMATERA SELATAN",5,149,105,254
https://kawalpemilu.org#18682,"SEMANGUS BARU, MUARA LAKITAN, MUSI RAWAS, SUMATERA SELATAN",6,85,126,211
https://kawalpemilu.org#18684,"MUARA KELINGI, MUARA KELINGI, MUSI RAWAS, SUMATERA SELATAN",1,75,126,201
https://kawalpemilu.org#18684,"MUARA KELINGI, MUARA KELINGI, MUSI RAWAS, SUMATERA SELATAN",2,100,163,263
https://kawalpemilu.org#18684,"MUARA KELINGI, MUARA KELINGI, MUSI RAWAS, SUMATERA SELATAN",3,53,155,208
https://kawalpemilu.org#18684,"MUARA KELINGI, MUARA KELINGI, MUSI RAWAS, SUMATERA SELATAN",4,61,230,291
https://kawalpemilu.org#18684,"MUARA KELINGI, MUARA KELINGI, MUSI RAWAS, SUMATERA SELATAN",5,29,170,199
https://kawalpemilu.org#18684,"MUARA KELINGI, MUARA KELINGI, MUSI RAWAS, SUMATERA SELATAN",6,80,214,294
https://kawalpemilu.org#18684,"MUARA KELINGI, MUARA KELINGI, MUSI RAWAS, SUMATERA SELATAN",7,85,190,275
https://kawalpemilu.org#18684,"MUARA KELINGI, MUARA KELINGI, MUSI RAWAS, SUMATERA SELATAN",8,124,142,266
https://kawalpemilu.org#18684,"MUARA KELINGI, MUARA KELINGI, MUSI RAWAS, SUMATERA SELATAN",9,31,154,185
https://kawalpemilu.org#18684,"MUARA KELINGI, MUARA KELINGI, MUSI RAWAS, SUMATERA SELATAN",10,87,154,241
https://kawalpemilu.org#18685,"BINJAI, MUARA KELINGI, MUSI RAWAS, SUMATERA SELATAN",1,124,139,263
https://kawalpemilu.org#18685,"BINJAI, MUARA KELINGI, MUSI RAWAS, SUMATERA SELATAN",2,137,126,263
https://kawalpemilu.org#18685,"BINJAI, MUARA KELINGI, MUSI RAWAS, SUMATERA SELATAN",3,75,92,167
https://kawalpemilu.org#18686,"PULAU PANGGUNG, MUARA KELINGI, MUSI RAWAS, SUMATERA SELATAN",1,47,118,165
https://kawalpemilu.org#18686,"PULAU PANGGUNG, MUARA KELINGI, MUSI RAWAS, SUMATERA SELATAN",2,29,136,165
https://kawalpemilu.org#18686,"PULAU PANGGUNG, MUARA KELINGI, MUSI RAWAS, SUMATERA SELATAN",3,33,220,253
https://kawalpemilu.org#18686,"PULAU PANGGUNG, MUARA KELINGI, MUSI RAWAS, SUMATERA SELATAN",4,29,112,141
https://kawalpemilu.org#18686,"PULAU PANGGUNG, MUARA KELINGI, MUSI RAWAS, SUMATERA SELATAN",5,55,117,172
https://kawalpemilu.org#18686,"PULAU PANGGUNG, MUARA KELINGI, MUSI RAWAS, SUMATERA SELATAN",6,12,95,107
https://kawalpemilu.org#18687,"TANJUNG LAMA, MUARA KELINGI, MUSI RAWAS, SUMATERA SELATAN",1,81,119,200
https://kawalpemilu.org#18687,"TANJUNG LAMA, MUARA KELINGI, MUSI RAWAS, SUMATERA SELATAN",2,98,170,268
https://kawalpemilu.org#18687,"TANJUNG LAMA, MUARA KELINGI, MUSI RAWAS, SUMATERA SELATAN",3,87,143,230
https://kawalpemilu.org#18687,"TANJUNG LAMA, MUARA KELINGI, MUSI RAWAS, SUMATERA SELATAN",4,58,133,191
https://kawalpemilu.org#18688,"MANDI AUR, MUARA KELINGI, MUSI RAWAS, SUMATERA SELATAN",1,84,131,215
https://kawalpemilu.org#18688,"MANDI AUR, MUARA KELINGI, MUSI RAWAS, SUMATERA SELATAN",2,31,160,191
https://kawalpemilu.org#18688,"MANDI AUR, MUARA KELINGI, MUSI RAWAS, SUMATERA SELATAN",3,73,114,187
https://kawalpemilu.org#18688,"MANDI AUR, MUARA KELINGI, MUSI RAWAS, SUMATERA SELATAN",4,60,148,208
https://kawalpemilu.org#18688,"MANDI AUR, MUARA KELINGI, MUSI RAWAS, SUMATERA SELATAN",5,35,74,109
https://kawalpemilu.org#18688,"MANDI AUR, MUARA KELINGI, MUSI RAWAS, SUMATERA SELATAN",6,98,129,127
https://kawalpemilu.org#18688,"MANDI AUR, MUARA KELINGI, MUSI RAWAS, SUMATERA SELATAN",7,75,74,149
https://kawalpemilu.org#18689,"LUBUK TUA, MUARA KELINGI, MUSI RAWAS, SUMATERA SELATAN",1,77,39,116
https://kawalpemilu.org#18689,"LUBUK TUA, MUARA KELINGI, MUSI RAWAS, SUMATERA SELATAN",2,54,124,178
https://kawalpemilu.org#18689,"LUBUK TUA, MUARA KELINGI, MUSI RAWAS, SUMATERA SELATAN",3,145,107,152
https://kawalpemilu.org#18689,"LUBUK TUA, MUARA KELINGI, MUSI RAWAS, SUMATERA SELATAN",4,197,78,275
https://kawalpemilu.org#18689,"LUBUK TUA, MUARA KELINGI, MUSI RAWAS, SUMATERA SELATAN",5,129,83,212
https://kawalpemilu.org#18689,"LUBUK TUA, MUARA KELINGI, MUSI RAWAS, SUMATERA SELATAN",6,116,70,186
https://kawalpemilu.org#18689,"LUBUK TUA, MUARA KELINGI, MUSI RAWAS, SUMATERA SELATAN",7,111,108,219
https://kawalpemilu.org#18689,"LUBUK TUA, MUARA KELINGI, MUSI RAWAS, SUMATERA SELATAN",8,122,101,223
https://kawalpemilu.org#18689,"LUBUK TUA, MUARA KELINGI, MUSI RAWAS, SUMATERA SELATAN",9,163,106,269
https://kawalpemilu.org#18689,"LUBUK TUA, MUARA KELINGI, MUSI RAWAS, SUMATERA SELATAN",10,85,65,150
https://kawalpemilu.org#18689,"LUBUK TUA, MUARA KELINGI, MUSI RAWAS, SUMATERA SELATAN",11,45,106,151
https://kawalpemilu.org#18689,"LUBUK TUA, MUARA KELINGI, MUSI RAWAS, SUMATERA SELATAN",12,139,80,219
https://kawalpemilu.org#18689,"LUBUK TUA, MUARA KELINGI, MUSI RAWAS, SUMATERA SELATAN",13,135,82,217
https://kawalpemilu.org#18689,"LUBUK TUA, MUARA KELINGI, MUSI RAWAS, SUMATERA SELATAN",14,103,106,209
https://kawalpemilu.org#18690,"MAMBANG, MUARA KELINGI, MUSI RAWAS, SUMATERA SELATAN",1,92,138,230
https://kawalpemilu.org#18690,"MAMBANG, MUARA KELINGI, MUSI RAWAS, SUMATERA SELATAN",2,68,80,148
https://kawalpemilu.org#18690,"MAMBANG, MUARA KELINGI, MUSI RAWAS, SUMATERA SELATAN",3,50,93,143
https://kawalpemilu.org#18690,"MAMBANG, MUARA KELINGI, MUSI RAWAS, SUMATERA SELATAN",4,57,173,230
https://kawalpemilu.org#18690,"MAMBANG, MUARA KELINGI, MUSI RAWAS, SUMATERA SELATAN",5,62,82,144
https://kawalpemilu.org#18690,"MAMBANG, MUARA KELINGI, MUSI RAWAS, SUMATERA SELATAN",6,64,111,175
https://kawalpemilu.org#18690,"MAMBANG, MUARA KELINGI, MUSI RAWAS, SUMATERA SELATAN",7,125,73,196
https://kawalpemilu.org#18690,"MAMBANG, MUARA KELINGI, MUSI RAWAS, SUMATERA SELATAN",8,140,53,193
https://kawalpemilu.org#18690,"MAMBANG, MUARA KELINGI, MUSI RAWAS, SUMATERA SELATAN",9,201,43,244
https://kawalpemilu.org#18691,"BINGIN JUNGUT, MUARA KELINGI, MUSI RAWAS, SUMATERA SELATAN",1,55,128,183
https://kawalpemilu.org#18691,"BINGIN JUNGUT, MUARA KELINGI, MUSI RAWAS, SUMATERA SELATAN",2,72,153,225
https://kawalpemilu.org#18691,"BINGIN JUNGUT, MUARA KELINGI, MUSI RAWAS, SUMATERA SELATAN",3,43,149,192
https://kawalpemilu.org#18691,"BINGIN JUNGUT, MUARA KELINGI, MUSI RAWAS, SUMATERA SELATAN",4,18,146,164
https://kawalpemilu.org#18691,"BINGIN JUNGUT, MUARA KELINGI, MUSI RAWAS, SUMATERA SELATAN",5,51,81,132
https://kawalpemilu.org#18692,"TUGU SEMPURNA, MUARA KELINGI, MUSI RAWAS, SUMATERA SELATAN",1,49,94,143
https://kawalpemilu.org#18692,"TUGU SEMPURNA, MUARA KELINGI, MUSI RAWAS, SUMATERA SELATAN",2,61,126,187
https://kawalpemilu.org#18692,"TUGU SEMPURNA, MUARA KELINGI, MUSI RAWAS, SUMATERA SELATAN",3,56,81,137
https://kawalpemilu.org#18692,"TUGU SEMPURNA, MUARA KELINGI, MUSI RAWAS, SUMATERA SELATAN",4,109,106,215
https://kawalpemilu.org#18692,"TUGU SEMPURNA, MUARA KELINGI, MUSI RAWAS, SUMATERA SELATAN",5,155,47,202
https://kawalpemilu.org#18692,"TUGU SEMPURNA, MUARA KELINGI, MUSI RAWAS, SUMATERA SELATAN",6,142,32,174
https://kawalpemilu.org#18693,"MARGA SAKTI, MUARA KELINGI, MUSI RAWAS, SUMATERA SELATAN",1,94,131,225
https://kawalpemilu.org#18693,"MARGA SAKTI, MUARA KELINGI, MUSI RAWAS, SUMATERA SELATAN",2,117,147,264
https://kawalpemilu.org#18693,"MARGA SAKTI, MUARA KELINGI, MUSI RAWAS, SUMATERA SELATAN",3,95,145,240
https://kawalpemilu.org#18693,"MARGA SAKTI, MUARA KELINGI, MUSI RAWAS, SUMATERA SELATAN",4,142,80,222
https://kawalpemilu.org#18694,"KARYA SAKTI, MUARA KELINGI, MUSI RAWAS, SUMATERA SELATAN",1,172,41,213
https://kawalpemilu.org#18694,"KARYA SAKTI, MUARA KELINGI, MUSI RAWAS, SUMATERA SELATAN",2,103,111,214
https://kawalpemilu.org#18694,"KARYA SAKTI, MUARA KELINGI, MUSI RAWAS, SUMATERA SELATAN",3,83,125,208
https://kawalpemilu.org#18694,"KARYA SAKTI, MUARA KELINGI, MUSI RAWAS, SUMATERA SELATAN",4,96,105,201
https://kawalpemilu.org#18694,"KARYA SAKTI, MUARA KELINGI, MUSI RAWAS, SUMATERA SELATAN",5,72,97,169
https://kawalpemilu.org#18694,"KARYA SAKTI, MUARA KELINGI, MUSI RAWAS, SUMATERA SELATAN",6,134,138,272
https://kawalpemilu.org#18694,"KARYA SAKTI, MUARA KELINGI, MUSI RAWAS, SUMATERA SELATAN",7,150,38,188
https://kawalpemilu.org#18694,"KARYA SAKTI, MUARA KELINGI, MUSI RAWAS, SUMATERA SELATAN",8,73,96,169
https://kawalpemilu.org#18694,"KARYA SAKTI, MUARA KELINGI, MUSI RAWAS, SUMATERA SELATAN",9,67,87,154
https://kawalpemilu.org#18695,"PETRANS JAYA, MUARA KELINGI, MUSI RAWAS, SUMATERA SELATAN",1,80,89,169
https://kawalpemilu.org#18695,"PETRANS JAYA, MUARA KELINGI, MUSI RAWAS, SUMATERA SELATAN",2,86,61,147
https://kawalpemilu.org#18695,"PETRANS JAYA, MUARA KELINGI, MUSI RAWAS, SUMATERA SELATAN",3,79,46,125
https://kawalpemilu.org#18695,"PETRANS JAYA, MUARA KELINGI, MUSI RAWAS, SUMATERA SELATAN",4,75,70,145
https://kawalpemilu.org#18695,"PETRANS JAYA, MUARA KELINGI, MUSI RAWAS, SUMATERA SELATAN",5,109,46,150
https://kawalpemilu.org#18695,"PETRANS JAYA, MUARA KELINGI, MUSI RAWAS, SUMATERA SELATAN",6,75,67,142
https://kawalpemilu.org#18696,"KARYA MUKTI, MUARA KELINGI, MUSI RAWAS, SUMATERA SELATAN",1,114,84,198
https://kawalpemilu.org#18696,"KARYA MUKTI, MUARA KELINGI, MUSI RAWAS, SUMATERA SELATAN",2,111,59,170
https://kawalpemilu.org#18696,"KARYA MUKTI, MUARA KELINGI, MUSI RAWAS, SUMATERA SELATAN",3,103,54,157
https://kawalpemilu.org#18696,"KARYA MUKTI, MUARA KELINGI, MUSI RAWAS, SUMATERA SELATAN",4,97,75,172
https://kawalpemilu.org#18696,"KARYA MUKTI, MUARA KELINGI, MUSI RAWAS, SUMATERA SELATAN",5,109,72,181
https://kawalpemilu.org#18696,"KARYA MUKTI, MUARA KELINGI, MUSI RAWAS, SUMATERA SELATAN",6,112,50,162
https://kawalpemilu.org#18697,"BELITI JAYA, MUARA KELINGI, MUSI RAWAS, SUMATERA SELATAN",1,127,87,214
https://kawalpemilu.org#18697,"BELITI JAYA, MUARA KELINGI, MUSI RAWAS, SUMATERA SELATAN",2,123,92,215
https://kawalpemilu.org#18697,"BELITI JAYA, MUARA KELINGI, MUSI RAWAS, SUMATERA SELATAN",3,154,63,217
https://kawalpemilu.org#18697,"BELITI JAYA, MUARA KELINGI, MUSI RAWAS, SUMATERA SELATAN",4,132,73,205
https://kawalpemilu.org#18697,"BELITI JAYA, MUARA KELINGI, MUSI RAWAS, SUMATERA SELATAN",5,118,85,203
https://kawalpemilu.org#18697,"BELITI JAYA, MUARA KELINGI, MUSI RAWAS, SUMATERA SELATAN",6,141,66,207
https://kawalpemilu.org#18698,"KARYA TELADAN, MUARA KELINGI, MUSI RAWAS, SUMATERA SELATAN",1,144,63,207
https://kawalpemilu.org#18698,"KARYA TELADAN, MUARA KELINGI, MUSI RAWAS, SUMATERA SELATAN",2,102,106,208
https://kawalpemilu.org#18698,"KARYA TELADAN, MUARA KELINGI, MUSI RAWAS, SUMATERA SELATAN",3,109,111,220
https://kawalpemilu.org#18698,"KARYA TELADAN, MUARA KELINGI, MUSI RAWAS, SUMATERA SELATAN",4,92,66,158
https://kawalpemilu.org#18698,"KARYA TELADAN, MUARA KELINGI, MUSI RAWAS, SUMATERA SELATAN",5,100,72,172
https://kawalpemilu.org#18698,"KARYA TELADAN, MUARA KELINGI, MUSI RAWAS, SUMATERA SELATAN",6,128,98,226
https://kawalpemilu.org#18698,"KARYA TELADAN, MUARA KELINGI, MUSI RAWAS, SUMATERA SELATAN",7,76,59,135
https://kawalpemilu.org#18699,"TEMUAN SARI, MUARA KELINGI, MUSI RAWAS, SUMATERA SELATAN",1,153,120,273
https://kawalpemilu.org#18699,"TEMUAN SARI, MUARA KELINGI, MUSI RAWAS, SUMATERA SELATAN",2,137,125,262
https://kawalpemilu.org#18699,"TEMUAN SARI, MUARA KELINGI, MUSI RAWAS, SUMATERA SELATAN",3,115,88,203
https://kawalpemilu.org#18699,"TEMUAN SARI, MUARA KELINGI, MUSI RAWAS, SUMATERA SELATAN",4,137,120,257
https://kawalpemilu.org#18699,"TEMUAN SARI, MUARA KELINGI, MUSI RAWAS, SUMATERA SELATAN",5,128,78,206
https://kawalpemilu.org#18700,"TEMUAN JAYA, MUARA KELINGI, MUSI RAWAS, SUMATERA SELATAN",1,119,91,210
https://kawalpemilu.org#18700,"TEMUAN JAYA, MUARA KELINGI, MUSI RAWAS, SUMATERA SELATAN",2,134,81,215
https://kawalpemilu.org#18700,"TEMUAN JAYA, MUARA KELINGI, MUSI RAWAS, SUMATERA SELATAN",3,111,97,208
https://kawalpemilu.org#18700,"TEMUAN JAYA, MUARA KELINGI, MUSI RAWAS, SUMATERA SELATAN",4,96,72,168
https://kawalpemilu.org#18700,"TEMUAN JAYA, MUARA KELINGI, MUSI RAWAS, SUMATERA SELATAN",5,112,71,183
https://kawalpemilu.org#18701,"MEKAR SARI SP. IV, MUARA KELINGI, MUSI RAWAS, SUMATERA SELATAN",1,216,63,279
https://kawalpemilu.org#18701,"MEKAR SARI SP. IV, MUARA KELINGI, MUSI RAWAS, SUMATERA SELATAN",2,183,81,264
https://kawalpemilu.org#18702,"MANGAN JAYA SP.VII, MUARA KELINGI, MUSI RAWAS, SUMATERA SELATAN",1,137,81,218
https://kawalpemilu.org#18702,"MANGAN JAYA SP.VII, MUARA KELINGI, MUSI RAWAS, SUMATERA SELATAN",2,134,88,222
https://kawalpemilu.org#18702,"MANGAN JAYA SP.VII, MUARA KELINGI, MUSI RAWAS, SUMATERA SELATAN",3,124,94,218
https://kawalpemilu.org#18702,"MANGAN JAYA SP.VII, MUARA KELINGI, MUSI RAWAS, SUMATERA SELATAN",4,157,93,250
https://kawalpemilu.org#18703,"LUBUK MUDA, MUARA KELINGI, MUSI RAWAS, SUMATERA SELATAN",1,54,134,188
https://kawalpemilu.org#18703,"LUBUK MUDA, MUARA KELINGI, MUSI RAWAS, SUMATERA SELATAN",2,192,43,235
https://kawalpemilu.org#18703,"LUBUK MUDA, MUARA KELINGI, MUSI RAWAS, SUMATERA SELATAN",3,134,93,227
https://kawalpemilu.org#18703,"LUBUK MUDA, MUARA KELINGI, MUSI RAWAS, SUMATERA SELATAN",4,158,27,185
https://kawalpemilu.org#929004,"SUKAMENANG, MUARA KELINGI, MUSI RAWAS, SUMATERA SELATAN",1,96,64,160
https://kawalpemilu.org#929004,"SUKAMENANG, MUARA KELINGI, MUSI RAWAS, SUMATERA SELATAN",2,83,75,158
https://kawalpemilu.org#929004,"SUKAMENANG, MUARA KELINGI, MUSI RAWAS, SUMATERA SELATAN",3,55,31,86
https://kawalpemilu.org#18760,"MARGA TUNGGAL, JAYALOKA, MUSI RAWAS, SUMATERA SELATAN",1,0,0,0
https://kawalpemilu.org#18760,"MARGA TUNGGAL, JAYALOKA, MUSI RAWAS, SUMATERA SELATAN",2,73,105,178
https://kawalpemilu.org#18760,"MARGA TUNGGAL, JAYALOKA, MUSI RAWAS, SUMATERA SELATAN",3,47,146,193
https://kawalpemilu.org#18760,"MARGA TUNGGAL, JAYALOKA, MUSI RAWAS, SUMATERA SELATAN",4,30,111,141
https://kawalpemilu.org#18760,"MARGA TUNGGAL, JAYALOKA, MUSI RAWAS, SUMATERA SELATAN",5,21,137,158
https://kawalpemilu.org#18760,"MARGA TUNGGAL, JAYALOKA, MUSI RAWAS, SUMATERA SELATAN",6,29,139,166
https://kawalpemilu.org#18760,"MARGA TUNGGAL, JAYALOKA, MUSI RAWAS, SUMATERA SELATAN",7,36,157,193
https://kawalpemilu.org#18761,"GIRI YOSO, JAYALOKA, MUSI RAWAS, SUMATERA SELATAN",1,84,124,208
https://kawalpemilu.org#18761,"GIRI YOSO, JAYALOKA, MUSI RAWAS, SUMATERA SELATAN",2,84,113,197
https://kawalpemilu.org#18761,"GIRI YOSO, JAYALOKA, MUSI RAWAS, SUMATERA SELATAN",3,141,54,195
https://kawalpemilu.org#18761,"GIRI YOSO, JAYALOKA, MUSI RAWAS, SUMATERA SELATAN",4,90,66,156
https://kawalpemilu.org#18761,"GIRI YOSO, JAYALOKA, MUSI RAWAS, SUMATERA SELATAN",5,108,104,212
https://kawalpemilu.org#18761,"GIRI YOSO, JAYALOKA, MUSI RAWAS, SUMATERA SELATAN",6,116,91,207
https://kawalpemilu.org#18762,"KERTOSONO, JAYALOKA, MUSI RAWAS, SUMATERA SELATAN",1,98,109,207
https://kawalpemilu.org#18762,"KERTOSONO, JAYALOKA, MUSI RAWAS, SUMATERA SELATAN",2,84,120,204
https://kawalpemilu.org#18762,"KERTOSONO, JAYALOKA, MUSI RAWAS, SUMATERA SELATAN",3,118,86,204
https://kawalpemilu.org#18762,"KERTOSONO, JAYALOKA, MUSI RAWAS, SUMATERA SELATAN",4,85,105,190
https://kawalpemilu.org#18762,"KERTOSONO, JAYALOKA, MUSI RAWAS, SUMATERA SELATAN",5,118,53,171
https://kawalpemilu.org#18763,"MARGOYOSO, JAYALOKA, MUSI RAWAS, SUMATERA SELATAN",1,123,37,160
https://kawalpemilu.org#18763,"MARGOYOSO, JAYALOKA, MUSI RAWAS, SUMATERA SELATAN",2,112,123,235
https://kawalpemilu.org#18764,"BUMI REJO, JAYALOKA, MUSI RAWAS, SUMATERA SELATAN",1,69,55,124
https://kawalpemilu.org#18764,"BUMI REJO, JAYALOKA, MUSI RAWAS, SUMATERA SELATAN",2,80,69,149
https://kawalpemilu.org#18765,"SIDODADI, JAYALOKA, MUSI RAWAS, SUMATERA SELATAN",1,63,91,154
https://kawalpemilu.org#18765,"SIDODADI, JAYALOKA, MUSI RAWAS, SUMATERA SELATAN",2,46,118,164
https://kawalpemilu.org#18765,"SIDODADI, JAYALOKA, MUSI RAWAS, SUMATERA SELATAN",3,59,75,134
https://kawalpemilu.org#18766,"MARGA TANI, JAYALOKA, MUSI RAWAS, SUMATERA SELATAN",1,71,120,191
https://kawalpemilu.org#18766,"MARGA TANI, JAYALOKA, MUSI RAWAS, SUMATERA SELATAN",2,88,169,257
https://kawalpemilu.org#18766,"MARGA TANI, JAYALOKA, MUSI RAWAS, SUMATERA SELATAN",3,96,107,203
https://kawalpemilu.org#18767,"SUKOWONO, JAYALOKA, MUSI RAWAS, SUMATERA SELATAN",1,99,81,180
https://kawalpemilu.org#18767,"SUKOWONO, JAYALOKA, MUSI RAWAS, SUMATERA SELATAN",2,93,79,172
https://kawalpemilu.org#18767,"SUKOWONO, JAYALOKA, MUSI RAWAS, SUMATERA SELATAN",3,68,109,177
https://kawalpemilu.org#18768,"PURWODADI, JAYALOKA, MUSI RAWAS, SUMATERA SELATAN",1,52,71,123
https://kawalpemilu.org#18768,"PURWODADI, JAYALOKA, MUSI RAWAS, SUMATERA SELATAN",2,88,101,189
https://kawalpemilu.org#18769,"DONOREJO, JAYALOKA, MUSI RAWAS, SUMATERA SELATAN",1,51,99,150
https://kawalpemilu.org#18769,"DONOREJO, JAYALOKA, MUSI RAWAS, SUMATERA SELATAN",2,83,119,202
https://kawalpemilu.org#18769,"DONOREJO, JAYALOKA, MUSI RAWAS, SUMATERA SELATAN",3,87,57,144
https://kawalpemilu.org#18769,"DONOREJO, JAYALOKA, MUSI RAWAS, SUMATERA SELATAN",4,91,54,145
https://kawalpemilu.org#18770,"NGESTIBOGA, JAYALOKA, MUSI RAWAS, SUMATERA SELATAN",1,93,111,204
https://kawalpemilu.org#18770,"NGESTIBOGA, JAYALOKA, MUSI RAWAS, SUMATERA SELATAN",2,106,112,218
https://kawalpemilu.org#18770,"NGESTIBOGA, JAYALOKA, MUSI RAWAS, SUMATERA SELATAN",3,99,84,183
https://kawalpemilu.org#18770,"NGESTIBOGA, JAYALOKA, MUSI RAWAS, SUMATERA SELATAN",4,62,116,178
https://kawalpemilu.org#18770,"NGESTIBOGA, JAYALOKA, MUSI RAWAS, SUMATERA SELATAN",5,85,66,151
https://kawalpemilu.org#18770,"NGESTIBOGA, JAYALOKA, MUSI RAWAS, SUMATERA SELATAN",6,101,72,173
https://kawalpemilu.org#18771,"NGESTIBOGA II, JAYALOKA, MUSI RAWAS, SUMATERA SELATAN",1,97,94,191
https://kawalpemilu.org#18771,"NGESTIBOGA II, JAYALOKA, MUSI RAWAS, SUMATERA SELATAN",2,83,82,165
https://kawalpemilu.org#18771,"NGESTIBOGA II, JAYALOKA, MUSI RAWAS, SUMATERA SELATAN",3,142,86,228
https://kawalpemilu.org#18771,"NGESTIBOGA II, JAYALOKA, MUSI RAWAS, SUMATERA SELATAN",4,146,61,207
https://kawalpemilu.org#18771,"NGESTIBOGA II, JAYALOKA, MUSI RAWAS, SUMATERA SELATAN",5,72,118,190
https://kawalpemilu.org#18771,"NGESTIBOGA II, JAYALOKA, MUSI RAWAS, SUMATERA SELATAN",6,81,118,199
https://kawalpemilu.org#18771,"NGESTIBOGA II, JAYALOKA, MUSI RAWAS, SUMATERA SELATAN",7,87,122,209
https://kawalpemilu.org#18771,"NGESTIBOGA II, JAYALOKA, MUSI RAWAS, SUMATERA SELATAN",8,76,122,198
https://kawalpemilu.org#929005,"NGESTIKARYA, JAYALOKA, MUSI RAWAS, SUMATERA SELATAN",1,83,79,162
https://kawalpemilu.org#929005,"NGESTIKARYA, JAYALOKA, MUSI RAWAS, SUMATERA SELATAN",2,53,63,116
https://kawalpemilu.org#929005,"NGESTIKARYA, JAYALOKA, MUSI RAWAS, SUMATERA SELATAN",3,73,29,102
https://kawalpemilu.org#18773,"PS MUARA BELITI, MUARA BELITI, MUSI RAWAS, SUMATERA SELATAN",1,50,182,232
https://kawalpemilu.org#18773,"PS MUARA BELITI, MUARA BELITI, MUSI RAWAS, SUMATERA SELATAN",2,46,201,247
https://kawalpemilu.org#18773,"PS MUARA BELITI, MUARA BELITI, MUSI RAWAS, SUMATERA SELATAN",3,55,191,246
https://kawalpemilu.org#18773,"PS MUARA BELITI, MUARA BELITI, MUSI RAWAS, SUMATERA SELATAN",4,46,210,256
https://kawalpemilu.org#18773,"PS MUARA BELITI, MUARA BELITI, MUSI RAWAS, SUMATERA SELATAN",5,29,121,150
https://kawalpemilu.org#18773,"PS MUARA BELITI, MUARA BELITI, MUSI RAWAS, SUMATERA SELATAN",6,87,165,252
https://kawalpemilu.org#18773,"PS MUARA BELITI, MUARA BELITI, MUSI RAWAS, SUMATERA SELATAN",7,52,201,253
https://kawalpemilu.org#18773,"PS MUARA BELITI, MUARA BELITI, MUSI RAWAS, SUMATERA SELATAN",8,70,181,251
https://kawalpemilu.org#18773,"PS MUARA BELITI, MUARA BELITI, MUSI RAWAS, SUMATERA SELATAN",9,53,211,264
https://kawalpemilu.org#18773,"PS MUARA BELITI, MUARA BELITI, MUSI RAWAS, SUMATERA SELATAN",10,23,120,143
https://kawalpemilu.org#18773,"PS MUARA BELITI, MUARA BELITI, MUSI RAWAS, SUMATERA SELATAN",11,55,196,251
https://kawalpemilu.org#18773,"PS MUARA BELITI, MUARA BELITI, MUSI RAWAS, SUMATERA SELATAN",12,51,177,228
https://kawalpemilu.org#18773,"PS MUARA BELITI, MUARA BELITI, MUSI RAWAS, SUMATERA SELATAN",13,49,141,190
https://kawalpemilu.org#18773,"PS MUARA BELITI, MUARA BELITI, MUSI RAWAS, SUMATERA SELATAN",14,32,120,152
https://kawalpemilu.org#18773,"PS MUARA BELITI, MUARA BELITI, MUSI RAWAS, SUMATERA SELATAN",15,31,76,107
https://kawalpemilu.org#18774,"PEDANG, MUARA BELITI, MUSI RAWAS, SUMATERA SELATAN",1,28,171,199
https://kawalpemilu.org#18774,"PEDANG, MUARA BELITI, MUSI RAWAS, SUMATERA SELATAN",2,20,172,192
https://kawalpemilu.org#18774,"PEDANG, MUARA BELITI, MUSI RAWAS, SUMATERA SELATAN",3,29,198,227
https://kawalpemilu.org#18774,"PEDANG, MUARA BELITI, MUSI RAWAS, SUMATERA SELATAN",4,23,154,177
https://kawalpemilu.org#18774,"PEDANG, MUARA BELITI, MUSI RAWAS, SUMATERA SELATAN",5,15,184,199
https://kawalpemilu.org#18774,"PEDANG, MUARA BELITI, MUSI RAWAS, SUMATERA SELATAN",6,15,203,218
https://kawalpemilu.org#18774,"PEDANG, MUARA BELITI, MUSI RAWAS, SUMATERA SELATAN",7,32,164,196
https://kawalpemilu.org#18774,"PEDANG, MUARA BELITI, MUSI RAWAS, SUMATERA SELATAN",8,26,146,172
https://kawalpemilu.org#18775,"MUARA BELITI BARU, MUARA BELITI, MUSI RAWAS, SUMATERA SELATAN",1,46,128,174
https://kawalpemilu.org#18775,"MUARA BELITI BARU, MUARA BELITI, MUSI RAWAS, SUMATERA SELATAN",2,50,93,143
https://kawalpemilu.org#18775,"MUARA BELITI BARU, MUARA BELITI, MUSI RAWAS, SUMATERA SELATAN",3,50,171,221
https://kawalpemilu.org#18775,"MUARA BELITI BARU, MUARA BELITI, MUSI RAWAS, SUMATERA SELATAN",4,67,149,216
https://kawalpemilu.org#18775,"MUARA BELITI BARU, MUARA BELITI, MUSI RAWAS, SUMATERA SELATAN",5,33,126,159
https://kawalpemilu.org#18775,"MUARA BELITI BARU, MUARA BELITI, MUSI RAWAS, SUMATERA SELATAN",6,20,109,129
https://kawalpemilu.org#18775,"MUARA BELITI BARU, MUARA BELITI, MUSI RAWAS, SUMATERA SELATAN",7,11,133,144
https://kawalpemilu.org#18775,"MUARA BELITI BARU, MUARA BELITI, MUSI RAWAS, SUMATERA SELATAN",8,11,57,68
https://kawalpemilu.org#18776,"MANA RESMI, MUARA BELITI, MUSI RAWAS, SUMATERA SELATAN",1,22,189,211
https://kawalpemilu.org#18776,"MANA RESMI, MUARA BELITI, MUSI RAWAS, SUMATERA SELATAN",2,25,130,155
https://kawalpemilu.org#18776,"MANA RESMI, MUARA BELITI, MUSI RAWAS, SUMATERA SELATAN",3,13,170,183
https://kawalpemilu.org#18776,"MANA RESMI, MUARA BELITI, MUSI RAWAS, SUMATERA SELATAN",4,25,159,184
https://kawalpemilu.org#18777,"BUMI AGUNG, MUARA BELITI, MUSI RAWAS, SUMATERA SELATAN",1,26,139,165
https://kawalpemilu.org#18777,"BUMI AGUNG, MUARA BELITI, MUSI RAWAS, SUMATERA SELATAN",2,19,138,157
https://kawalpemilu.org#18777,"BUMI AGUNG, MUARA BELITI, MUSI RAWAS, SUMATERA SELATAN",3,15,156,171
https://kawalpemilu.org#18777,"BUMI AGUNG, MUARA BELITI, MUSI RAWAS, SUMATERA SELATAN",4,20,135,155
https://kawalpemilu.org#18778,"SURO, MUARA BELITI, MUSI RAWAS, SUMATERA SELATAN",1,21,209,230
https://kawalpemilu.org#18778,"SURO, MUARA BELITI, MUSI RAWAS, SUMATERA SELATAN",2,31,206,237
https://kawalpemilu.org#18778,"SURO, MUARA BELITI, MUSI RAWAS, SUMATERA SELATAN",3,18,164,182
https://kawalpemilu.org#18778,"SURO, MUARA BELITI, MUSI RAWAS, SUMATERA SELATAN",4,8,131,139
https://kawalpemilu.org#18778,"SURO, MUARA BELITI, MUSI RAWAS, SUMATERA SELATAN",5,5,146,151
https://kawalpemilu.org#18778,"SURO, MUARA BELITI, MUSI RAWAS, SUMATERA SELATAN",6,20,104,124
https://kawalpemilu.org#18778,"SURO, MUARA BELITI, MUSI RAWAS, SUMATERA SELATAN",7,13,150,163
https://kawalpemilu.org#18778,"SURO, MUARA BELITI, MUSI RAWAS, SUMATERA SELATAN",8,24,116,140
https://kawalpemilu.org#18778,"SURO, MUARA BELITI, MUSI RAWAS, SUMATERA SELATAN",10,29,182,211
https://kawalpemilu.org#18778,"SURO, MUARA BELITI, MUSI RAWAS, SUMATERA SELATAN",11,16,117,133
https://kawalpemilu.org#18778,"SURO, MUARA BELITI, MUSI RAWAS, SUMATERA SELATAN",13,146,79,225
https://kawalpemilu.org#18779,"TANAH PERIUK I, MUARA BELITI, MUSI RAWAS, SUMATERA SELATAN",1,36,172,208
https://kawalpemilu.org#18779,"TANAH PERIUK I, MUARA BELITI, MUSI RAWAS, SUMATERA SELATAN",2,36,174,210
https://kawalpemilu.org#18779,"TANAH PERIUK I, MUARA BELITI, MUSI RAWAS, SUMATERA SELATAN",3,37,170,207
https://kawalpemilu.org#18779,"TANAH PERIUK I, MUARA BELITI, MUSI RAWAS, SUMATERA SELATAN",4,63,122,185
https://kawalpemilu.org#18779,"TANAH PERIUK I, MUARA BELITI, MUSI RAWAS, SUMATERA SELATAN",5,33,147,180
https://kawalpemilu.org#18779,"TANAH PERIUK I, MUARA BELITI, MUSI RAWAS, SUMATERA SELATAN",6,42,163,205
https://kawalpemilu.org#18779,"TANAH PERIUK I, MUARA BELITI, MUSI RAWAS, SUMATERA SELATAN",7,41,139,180
https://kawalpemilu.org#18780,"KETUAN JAYA, MUARA BELITI, MUSI RAWAS, SUMATERA SELATAN",1,89,94,183
https://kawalpemilu.org#18780,"KETUAN JAYA, MUARA BELITI, MUSI RAWAS, SUMATERA SELATAN",2,57,120,177
https://kawalpemilu.org#18780,"KETUAN JAYA, MUARA BELITI, MUSI RAWAS, SUMATERA SELATAN",3,91,73,164
https://kawalpemilu.org#18780,"KETUAN JAYA, MUARA BELITI, MUSI RAWAS, SUMATERA SELATAN",4,27,139,166
https://kawalpemilu.org#18780,"KETUAN JAYA, MUARA BELITI, MUSI RAWAS, SUMATERA SELATAN",5,68,91,159
https://kawalpemilu.org#18780,"KETUAN JAYA, MUARA BELITI, MUSI RAWAS, SUMATERA SELATAN",6,58,122,180
https://kawalpemilu.org#18780,"KETUAN JAYA, MUARA BELITI, MUSI RAWAS, SUMATERA SELATAN",7,116,48,164
https://kawalpemilu.org#18780,"KETUAN JAYA, MUARA BELITI, MUSI RAWAS, SUMATERA SELATAN",8,40,103,143
https://kawalpemilu.org#18781,"AIR SATAN, MUARA BELITI, MUSI RAWAS, SUMATERA SELATAN",1,74,72,146
https://kawalpemilu.org#18781,"AIR SATAN, MUARA BELITI, MUSI RAWAS, SUMATERA SELATAN",2,85,63,148
https://kawalpemilu.org#18781,"AIR SATAN, MUARA BELITI, MUSI RAWAS, SUMATERA SELATAN",3,112,117,229
https://kawalpemilu.org#18781,"AIR SATAN, MUARA BELITI, MUSI RAWAS, SUMATERA SELATAN",4,50,68,118
https://kawalpemilu.org#18781,"AIR SATAN, MUARA BELITI, MUSI RAWAS, SUMATERA SELATAN",5,48,104,152
https://kawalpemilu.org#18781,"AIR SATAN, MUARA BELITI, MUSI RAWAS, SUMATERA SELATAN",6,39,81,120
https://kawalpemilu.org#18781,"AIR SATAN, MUARA BELITI, MUSI RAWAS, SUMATERA SELATAN",7,46,147,193
https://kawalpemilu.org#18782,"DURIAN REMUK, MUARA BELITI, MUSI RAWAS, SUMATERA SELATAN",1,50,234,284
https://kawalpemilu.org#18782,"DURIAN REMUK, MUARA BELITI, MUSI RAWAS, SUMATERA SELATAN",2,32,239,271
https://kawalpemilu.org#18782,"DURIAN REMUK, MUARA BELITI, MUSI RAWAS, SUMATERA SELATAN",3,37,155,192
https://kawalpemilu.org#18782,"DURIAN REMUK, MUARA BELITI, MUSI RAWAS, SUMATERA SELATAN",4,19,45,64
https://kawalpemilu.org#18782,"DURIAN REMUK, MUARA BELITI, MUSI RAWAS, SUMATERA SELATAN",5,14,137,151
https://kawalpemilu.org#18783,"SATAN INDAH JAYA, MUARA BELITI, MUSI RAWAS, SUMATERA SELATAN",1,55,73,128
https://kawalpemilu.org#18783,"SATAN INDAH JAYA, MUARA BELITI, MUSI RAWAS, SUMATERA SELATAN",2,48,140,188
https://kawalpemilu.org#18783,"SATAN INDAH JAYA, MUARA BELITI, MUSI RAWAS, SUMATERA SELATAN",3,26,158,184
https://kawalpemilu.org#18783,"SATAN INDAH JAYA, MUARA BELITI, MUSI RAWAS, SUMATERA SELATAN",4,70,116,186
https://kawalpemilu.org#18784,"AIR LESING, MUARA BELITI, MUSI RAWAS, SUMATERA SELATAN",1,60,114,174
https://kawalpemilu.org#18784,"AIR LESING, MUARA BELITI, MUSI RAWAS, SUMATERA SELATAN",2,58,121,179
https://kawalpemilu.org#18784,"AIR LESING, MUARA BELITI, MUSI RAWAS, SUMATERA SELATAN",3,40,71,111
https://kawalpemilu.org#18784,"AIR LESING, MUARA BELITI, MUSI RAWAS, SUMATERA SELATAN",4,56,143,199
https://kawalpemilu.org#18784,"AIR LESING, MUARA BELITI, MUSI RAWAS, SUMATERA SELATAN",5,88,91,179
https://kawalpemilu.org#18786,"TERAWAS, STL ULU TERAWAS, MUSI RAWAS, SUMATERA SELATAN",1,94,117,211
https://kawalpemilu.org#18786,"TERAWAS, STL ULU TERAWAS, MUSI RAWAS, SUMATERA SELATAN",2,56,192,248
https://kawalpemilu.org#18786,"TERAWAS, STL ULU TERAWAS, MUSI RAWAS, SUMATERA SELATAN",3,40,173,213
https://kawalpemilu.org#18786,"TERAWAS, STL ULU TERAWAS, MUSI RAWAS, SUMATERA SELATAN",4,34,182,216
https://kawalpemilu.org#18786,"TERAWAS, STL ULU TERAWAS, MUSI RAWAS, SUMATERA SELATAN",5,50,193,243
https://kawalpemilu.org#18786,"TERAWAS, STL ULU TERAWAS, MUSI RAWAS, SUMATERA SELATAN",6,77,113,190
https://kawalpemilu.org#18786,"TERAWAS, STL ULU TERAWAS, MUSI RAWAS, SUMATERA SELATAN",7,74,147,221
https://kawalpemilu.org#18786,"TERAWAS, STL ULU TERAWAS, MUSI RAWAS, SUMATERA SELATAN",8,106,108,214
https://kawalpemilu.org#18786,"TERAWAS, STL ULU TERAWAS, MUSI RAWAS, SUMATERA SELATAN",9,87,138,225
https://kawalpemilu.org#18786,"TERAWAS, STL ULU TERAWAS, MUSI RAWAS, SUMATERA SELATAN",10,118,157,275
https://kawalpemilu.org#18786,"TERAWAS, STL ULU TERAWAS, MUSI RAWAS, SUMATERA SELATAN",11,104,167,271
https://kawalpemilu.org#18786,"TERAWAS, STL ULU TERAWAS, MUSI RAWAS, SUMATERA SELATAN",12,50,174,224
https://kawalpemilu.org#18787,"SUMBER KARYA, STL ULU TERAWAS, MUSI RAWAS, SUMATERA SELATAN",1,84,154,238
https://kawalpemilu.org#18787,"SUMBER KARYA, STL ULU TERAWAS, MUSI RAWAS, SUMATERA SELATAN",2,121,112,233
https://kawalpemilu.org#18787,"SUMBER KARYA, STL ULU TERAWAS, MUSI RAWAS, SUMATERA SELATAN",3,137,107,244
https://kawalpemilu.org#18787,"SUMBER KARYA, STL ULU TERAWAS, MUSI RAWAS, SUMATERA SELATAN",4,172,80,252
https://kawalpemilu.org#18787,"SUMBER KARYA, STL ULU TERAWAS, MUSI RAWAS, SUMATERA SELATAN",5,93,142,235
https://kawalpemilu.org#18787,"SUMBER KARYA, STL ULU TERAWAS, MUSI RAWAS, SUMATERA SELATAN",6,126,101,227
https://kawalpemilu.org#18788,"SUKOREJO, STL ULU TERAWAS, MUSI RAWAS, SUMATERA SELATAN",1,53,198,251
https://kawalpemilu.org#18788,"SUKOREJO, STL ULU TERAWAS, MUSI RAWAS, SUMATERA SELATAN",2,72,157,229
https://kawalpemilu.org#18788,"SUKOREJO, STL ULU TERAWAS, MUSI RAWAS, SUMATERA SELATAN",3,50,158,208
https://kawalpemilu.org#18788,"SUKOREJO, STL ULU TERAWAS, MUSI RAWAS, SUMATERA SELATAN",4,48,192,240
https://kawalpemilu.org#18788,"SUKOREJO, STL ULU TERAWAS, MUSI RAWAS, SUMATERA SELATAN",5,44,192,236
https://kawalpemilu.org#18788,"SUKOREJO, STL ULU TERAWAS, MUSI RAWAS, SUMATERA SELATAN",6,48,180,228
https://kawalpemilu.org#18788,"SUKOREJO, STL ULU TERAWAS, MUSI RAWAS, SUMATERA SELATAN",7,68,190,258
https://kawalpemilu.org#18789,"SUKAKARYA, STL ULU TERAWAS, MUSI RAWAS, SUMATERA SELATAN",1,78,156,234
https://kawalpemilu.org#18789,"SUKAKARYA, STL ULU TERAWAS, MUSI RAWAS, SUMATERA SELATAN",2,76,146,222
https://kawalpemilu.org#18789,"SUKAKARYA, STL ULU TERAWAS, MUSI RAWAS, SUMATERA SELATAN",3,83,135,218
https://kawalpemilu.org#18789,"SUKAKARYA, STL ULU TERAWAS, MUSI RAWAS, SUMATERA SELATAN",4,88,137,225
https://kawalpemilu.org#18789,"SUKAKARYA, STL ULU TERAWAS, MUSI RAWAS, SUMATERA SELATAN",5,83,128,211
https://kawalpemilu.org#18789,"SUKAKARYA, STL ULU TERAWAS, MUSI RAWAS, SUMATERA SELATAN",6,82,126,208
https://kawalpemilu.org#18790,"SRI MULYO, STL ULU TERAWAS, MUSI RAWAS, SUMATERA SELATAN",1,94,188,282
https://kawalpemilu.org#18790,"SRI MULYO, STL ULU TERAWAS, MUSI RAWAS, SUMATERA SELATAN",2,81,200,281
https://kawalpemilu.org#18790,"SRI MULYO, STL ULU TERAWAS, MUSI RAWAS, SUMATERA SELATAN",3,101,135,236
https://kawalpemilu.org#18790,"SRI MULYO, STL ULU TERAWAS, MUSI RAWAS, SUMATERA SELATAN",4,108,82,190
https://kawalpemilu.org#18790,"SRI MULYO, STL ULU TERAWAS, MUSI RAWAS, SUMATERA SELATAN",5,107,101,208
https://kawalpemilu.org#18790,"SRI MULYO, STL ULU TERAWAS, MUSI RAWAS, SUMATERA SELATAN",6,69,182,251
https://kawalpemilu.org#18790,"SRI MULYO, STL ULU TERAWAS, MUSI RAWAS, SUMATERA SELATAN",7,29,159,188
https://kawalpemilu.org#18790,"SRI MULYO, STL ULU TERAWAS, MUSI RAWAS, SUMATERA SELATAN",8,19,124,143
https://kawalpemilu.org#18791,"SUKAMERINDU, STL ULU TERAWAS, MUSI RAWAS, SUMATERA SELATAN",1,29,116,145
https://kawalpemilu.org#18791,"SUKAMERINDU, STL ULU TERAWAS, MUSI RAWAS, SUMATERA SELATAN",2,15,202,217
https://kawalpemilu.org#18791,"SUKAMERINDU, STL ULU TERAWAS, MUSI RAWAS, SUMATERA SELATAN",3,90,61,151
https://kawalpemilu.org#18791,"SUKAMERINDU, STL ULU TERAWAS, MUSI RAWAS, SUMATERA SELATAN",4,95,117,212
https://kawalpemilu.org#18791,"SUKAMERINDU, STL ULU TERAWAS, MUSI RAWAS, SUMATERA SELATAN",5,88,73,161
https://kawalpemilu.org#18791,"SUKAMERINDU, STL ULU TERAWAS, MUSI RAWAS, SUMATERA SELATAN",6,75,42,117
https://kawalpemilu.org#18792,"PADURAKSA, STL ULU TERAWAS, MUSI RAWAS, SUMATERA SELATAN",1,74,126,200
https://kawalpemilu.org#18792,"PADURAKSA, STL ULU TERAWAS, MUSI RAWAS, SUMATERA SELATAN",2,33,117,150
https://kawalpemilu.org#18792,"PADURAKSA, STL ULU TERAWAS, MUSI RAWAS, SUMATERA SELATAN",3,45,115,160
https://kawalpemilu.org#18792,"PADURAKSA, STL ULU TERAWAS, MUSI RAWAS, SUMATERA SELATAN",4,27,118,145
https://kawalpemilu.org#18793,"BABAT, STL ULU TERAWAS, MUSI RAWAS, SUMATERA SELATAN",1,33,142,175
https://kawalpemilu.org#18793,"BABAT, STL ULU TERAWAS, MUSI RAWAS, SUMATERA SELATAN",2,63,135,198
https://kawalpemilu.org#18793,"BABAT, STL ULU TERAWAS, MUSI RAWAS, SUMATERA SELATAN",3,54,119,173
https://kawalpemilu.org#18793,"BABAT, STL ULU TERAWAS, MUSI RAWAS, SUMATERA SELATAN",4,49,107,156
https://kawalpemilu.org#18793,"BABAT, STL ULU TERAWAS, MUSI RAWAS, SUMATERA SELATAN",5,65,159,224
https://kawalpemilu.org#18793,"BABAT, STL ULU TERAWAS, MUSI RAWAS, SUMATERA SELATAN",6,86,127,213
https://kawalpemilu.org#18793,"BABAT, STL ULU TERAWAS, MUSI RAWAS, SUMATERA SELATAN",7,53,157,210
https://kawalpemilu.org#18793,"BABAT, STL ULU TERAWAS, MUSI RAWAS, SUMATERA SELATAN",8,19,222,241
https://kawalpemilu.org#18793,"BABAT, STL ULU TERAWAS, MUSI RAWAS, SUMATERA SELATAN",9,27,189,216
https://kawalpemilu.org#18793,"BABAT, STL ULU TERAWAS, MUSI RAWAS, SUMATERA SELATAN",10,40,162,202
https://kawalpemilu.org#18793,"BABAT, STL ULU TERAWAS, MUSI RAWAS, SUMATERA SELATAN",11,69,78,147
https://kawalpemilu.org#18793,"BABAT, STL ULU TERAWAS, MUSI RAWAS, SUMATERA SELATAN",12,48,102,151
https://kawalpemilu.org#18794,"PASENAN, STL ULU TERAWAS, MUSI RAWAS, SUMATERA SELATAN",1,98,140,238
https://kawalpemilu.org#18794,"PASENAN, STL ULU TERAWAS, MUSI RAWAS, SUMATERA SELATAN",2,64,164,228
https://kawalpemilu.org#18794,"PASENAN, STL ULU TERAWAS, MUSI RAWAS, SUMATERA SELATAN",3,61,142,203
https://kawalpemilu.org#18794,"PASENAN, STL ULU TERAWAS, MUSI RAWAS, SUMATERA SELATAN",4,58,151,209
https://kawalpemilu.org#18794,"PASENAN, STL ULU TERAWAS, MUSI RAWAS, SUMATERA SELATAN",5,43,110,153
https://kawalpemilu.org#18795,"SUKARAYA, STL ULU TERAWAS, MUSI RAWAS, SUMATERA SELATAN",1,46,173,219
https://kawalpemilu.org#18795,"SUKARAYA, STL ULU TERAWAS, MUSI RAWAS, SUMATERA SELATAN",2,105,120,225
https://kawalpemilu.org#18795,"SUKARAYA, STL ULU TERAWAS, MUSI RAWAS, SUMATERA SELATAN",3,121,74,195
https://kawalpemilu.org#18795,"SUKARAYA, STL ULU TERAWAS, MUSI RAWAS, SUMATERA SELATAN",4,18,173,191
https://kawalpemilu.org#18795,"SUKARAYA, STL ULU TERAWAS, MUSI RAWAS, SUMATERA SELATAN",5,28,149,177
https://kawalpemilu.org#18795,"SUKARAYA, STL ULU TERAWAS, MUSI RAWAS, SUMATERA SELATAN",6,20,104,125
https://kawalpemilu.org#18796,"SUKAMANA, STL ULU TERAWAS, MUSI RAWAS, SUMATERA SELATAN",1,150,75,225
https://kawalpemilu.org#18796,"SUKAMANA, STL ULU TERAWAS, MUSI RAWAS, SUMATERA SELATAN",2,144,92,236
https://kawalpemilu.org#18796,"SUKAMANA, STL ULU TERAWAS, MUSI RAWAS, SUMATERA SELATAN",3,142,77,219
https://kawalpemilu.org#18796,"SUKAMANA, STL ULU TERAWAS, MUSI RAWAS, SUMATERA SELATAN",4,118,126,244
https://kawalpemilu.org#18796,"SUKAMANA, STL ULU TERAWAS, MUSI RAWAS, SUMATERA SELATAN",5,89,146,235
https://kawalpemilu.org#18796,"SUKAMANA, STL ULU TERAWAS, MUSI RAWAS, SUMATERA SELATAN",6,102,143,245
https://kawalpemilu.org#18796,"SUKAMANA, STL ULU TERAWAS, MUSI RAWAS, SUMATERA SELATAN",7,110,111,221
https://kawalpemilu.org#18796,"SUKAMANA, STL ULU TERAWAS, MUSI RAWAS, SUMATERA SELATAN",8,120,100,220
https://kawalpemilu.org#18796,"SUKAMANA, STL ULU TERAWAS, MUSI RAWAS, SUMATERA SELATAN",9,99,93,192
https://kawalpemilu.org#18797,"KOSGORO, STL ULU TERAWAS, MUSI RAWAS, SUMATERA SELATAN",1,133,101,234
https://kawalpemilu.org#18797,"KOSGORO, STL ULU TERAWAS, MUSI RAWAS, SUMATERA SELATAN",2,116,123,239
https://kawalpemilu.org#18797,"KOSGORO, STL ULU TERAWAS, MUSI RAWAS, SUMATERA SELATAN",3,131,97,228
https://kawalpemilu.org#18797,"KOSGORO, STL ULU TERAWAS, MUSI RAWAS, SUMATERA SELATAN",4,124,98,222
https://kawalpemilu.org#18797,"KOSGORO, STL ULU TERAWAS, MUSI RAWAS, SUMATERA SELATAN",5,122,80,202
https://kawalpemilu.org#18798,"SUKARAYA BARU, STL ULU TERAWAS, MUSI RAWAS, SUMATERA SELATAN",1,31,126,157
https://kawalpemilu.org#18798,"SUKARAYA BARU, STL ULU TERAWAS, MUSI RAWAS, SUMATERA SELATAN",2,110,158,268
https://kawalpemilu.org#18798,"SUKARAYA BARU, STL ULU TERAWAS, MUSI RAWAS, SUMATERA SELATAN",3,112,125,237
https://kawalpemilu.org#18798,"SUKARAYA BARU, STL ULU TERAWAS, MUSI RAWAS, SUMATERA SELATAN",4,151,91,242
https://kawalpemilu.org#18798,"SUKARAYA BARU, STL ULU TERAWAS, MUSI RAWAS, SUMATERA SELATAN",5,23,120,143
https://kawalpemilu.org#18800,"SELANGIT, SELANGIT, MUSI RAWAS, SUMATERA SELATAN",1,19,153,172
https://kawalpemilu.org#18800,"SELANGIT, SELANGIT, MUSI RAWAS, SUMATERA SELATAN",2,20,157,177
https://kawalpemilu.org#18800,"SELANGIT, SELANGIT, MUSI RAWAS, SUMATERA SELATAN",3,30,188,218
https://kawalpemilu.org#18800,"SELANGIT, SELANGIT, MUSI RAWAS, SUMATERA SELATAN",4,30,154,184
https://kawalpemilu.org#18800,"SELANGIT, SELANGIT, MUSI RAWAS, SUMATERA SELATAN",5,22,155,177
https://kawalpemilu.org#18800,"SELANGIT, SELANGIT, MUSI RAWAS, SUMATERA SELATAN",6,49,156,205
https://kawalpemilu.org#18800,"SELANGIT, SELANGIT, MUSI RAWAS, SUMATERA SELATAN",7,25,129,154
https://kawalpemilu.org#18800,"SELANGIT, SELANGIT, MUSI RAWAS, SUMATERA SELATAN",8,19,161,180
https://kawalpemilu.org#18800,"SELANGIT, SELANGIT, MUSI RAWAS, SUMATERA SELATAN",9,25,162,187
https://kawalpemilu.org#18801,"LUBUK NGIN, SELANGIT, MUSI RAWAS, SUMATERA SELATAN",1,58,178,236
https://kawalpemilu.org#18801,"LUBUK NGIN, SELANGIT, MUSI RAWAS, SUMATERA SELATAN",2,110,139,249
https://kawalpemilu.org#18801,"LUBUK NGIN, SELANGIT, MUSI RAWAS, SUMATERA SELATAN",3,48,184,232
https://kawalpemilu.org#18801,"LUBUK NGIN, SELANGIT, MUSI RAWAS, SUMATERA SELATAN",4,91,146,237
https://kawalpemilu.org#18801,"LUBUK NGIN, SELANGIT, MUSI RAWAS, SUMATERA SELATAN",5,65,169,234
https://kawalpemilu.org#18801,"LUBUK NGIN, SELANGIT, MUSI RAWAS, SUMATERA SELATAN",6,37,220,257
https://kawalpemilu.org#18801,"LUBUK NGIN, SELANGIT, MUSI RAWAS, SUMATERA SELATAN",7,25,198,223
https://kawalpemilu.org#18801,"LUBUK NGIN, SELANGIT, MUSI RAWAS, SUMATERA SELATAN",8,64,81,145
https://kawalpemilu.org#18801,"LUBUK NGIN, SELANGIT, MUSI RAWAS, SUMATERA SELATAN",9,76,108,184
https://kawalpemilu.org#18801,"LUBUK NGIN, SELANGIT, MUSI RAWAS, SUMATERA SELATAN",10,59,191,250
https://kawalpemilu.org#18801,"LUBUK NGIN, SELANGIT, MUSI RAWAS, SUMATERA SELATAN",11,62,135,197
https://kawalpemilu.org#18801,"LUBUK NGIN, SELANGIT, MUSI RAWAS, SUMATERA SELATAN",12,24,172,196
https://kawalpemilu.org#18802,"NAPAL MELINTANG, SELANGIT, MUSI RAWAS, SUMATERA SELATAN",1,8,190,198
https://kawalpemilu.org#18802,"NAPAL MELINTANG, SELANGIT, MUSI RAWAS, SUMATERA SELATAN",2,32,245,277
https://kawalpemilu.org#18802,"NAPAL MELINTANG, SELANGIT, MUSI RAWAS, SUMATERA SELATAN",3,19,187,206
https://kawalpemilu.org#18802,"NAPAL MELINTANG, SELANGIT, MUSI RAWAS, SUMATERA SELATAN",4,15,123,138
https://kawalpemilu.org#18803,"TABA TENGAH, SELANGIT, MUSI RAWAS, SUMATERA SELATAN",1,23,161,184
https://kawalpemilu.org#18803,"TABA TENGAH, SELANGIT, MUSI RAWAS, SUMATERA SELATAN",2,45,179,224
https://kawalpemilu.org#18803,"TABA TENGAH, SELANGIT, MUSI RAWAS, SUMATERA SELATAN",3,18,168,186
https://kawalpemilu.org#18803,"TABA TENGAH, SELANGIT, MUSI RAWAS, SUMATERA SELATAN",4,37,159,196
https://kawalpemilu.org#18804,"TABA REMANIK, SELANGIT, MUSI RAWAS, SUMATERA SELATAN",1,10,200,210
https://kawalpemilu.org#18804,"TABA REMANIK, SELANGIT, MUSI RAWAS, SUMATERA SELATAN",2,17,187,204
https://kawalpemilu.org#18804,"TABA REMANIK, SELANGIT, MUSI RAWAS, SUMATERA SELATAN",3,18,172,190
https://kawalpemilu.org#18804,"TABA REMANIK, SELANGIT, MUSI RAWAS, SUMATERA SELATAN",4,12,127,139
https://kawalpemilu.org#18805,"BATU GANE, SELANGIT, MUSI RAWAS, SUMATERA SELATAN",1,68,162,230
https://kawalpemilu.org#18805,"BATU GANE, SELANGIT, MUSI RAWAS, SUMATERA SELATAN",2,62,120,182
https://kawalpemilu.org#18805,"BATU GANE, SELANGIT, MUSI RAWAS, SUMATERA SELATAN",3,60,138,198
https://kawalpemilu.org#18806,"KARANG PANGGUNG, SELANGIT, MUSI RAWAS, SUMATERA SELATAN",1,28,200,228
https://kawalpemilu.org#18806,"KARANG PANGGUNG, SELANGIT, MUSI RAWAS, SUMATERA SELATAN",2,66,138,204
https://kawalpemilu.org#18806,"KARANG PANGGUNG, SELANGIT, MUSI RAWAS, SUMATERA SELATAN",3,30,150,180
https://kawalpemilu.org#18807,"MUARA NILAU, SELANGIT, MUSI RAWAS, SUMATERA SELATAN",1,38,183,221
https://kawalpemilu.org#18807,"MUARA NILAU, SELANGIT, MUSI RAWAS, SUMATERA SELATAN",2,28,181,209
https://kawalpemilu.org#18807,"MUARA NILAU, SELANGIT, MUSI RAWAS, SUMATERA SELATAN",3,30,133,163
https://kawalpemilu.org#18807,"MUARA NILAU, SELANGIT, MUSI RAWAS, SUMATERA SELATAN",4,20,200,220
https://kawalpemilu.org#18807,"MUARA NILAU, SELANGIT, MUSI RAWAS, SUMATERA SELATAN",5,26,145,171
https://kawalpemilu.org#18807,"MUARA NILAU, SELANGIT, MUSI RAWAS, SUMATERA SELATAN",6,14,139,153
https://kawalpemilu.org#18807,"MUARA NILAU, SELANGIT, MUSI RAWAS, SUMATERA SELATAN",7,12,183,195
https://kawalpemilu.org#18807,"MUARA NILAU, SELANGIT, MUSI RAWAS, SUMATERA SELATAN",8,29,164,193
https://kawalpemilu.org#18808,"PERABU MENANG, SELANGIT, MUSI RAWAS, SUMATERA SELATAN",1,41,133,174
https://kawalpemilu.org#18808,"PERABU MENANG, SELANGIT, MUSI RAWAS, SUMATERA SELATAN",2,109,145,254
https://kawalpemilu.org#18808,"PERABU MENANG, SELANGIT, MUSI RAWAS, SUMATERA SELATAN",3,79,176,255
https://kawalpemilu.org#18809,"TABA RENA, SELANGIT, MUSI RAWAS, SUMATERA SELATAN",1,24,155,179
https://kawalpemilu.org#18809,"TABA RENA, SELANGIT, MUSI RAWAS, SUMATERA SELATAN",2,14,160,174
https://kawalpemilu.org#18809,"TABA RENA, SELANGIT, MUSI RAWAS, SUMATERA SELATAN",3,37,151,188
https://kawalpemilu.org#18809,"TABA RENA, SELANGIT, MUSI RAWAS, SUMATERA SELATAN",4,28,131,159
https://kawalpemilu.org#18809,"TABA RENA, SELANGIT, MUSI RAWAS, SUMATERA SELATAN",5,27,133,160
https://kawalpemilu.org#18809,"TABA RENA, SELANGIT, MUSI RAWAS, SUMATERA SELATAN",6,17,83,100
https://kawalpemilu.org#18810,"TABA GINDO, SELANGIT, MUSI RAWAS, SUMATERA SELATAN",1,33,162,195
https://kawalpemilu.org#18810,"TABA GINDO, SELANGIT, MUSI RAWAS, SUMATERA SELATAN",2,55,141,196
https://kawalpemilu.org#18810,"TABA GINDO, SELANGIT, MUSI RAWAS, SUMATERA SELATAN",3,66,115,181
https://kawalpemilu.org#18810,"TABA GINDO, SELANGIT, MUSI RAWAS, SUMATERA SELATAN",4,28,188,216
https://kawalpemilu.org#18811,"LUBUK NGIN BARU, SELANGIT, MUSI RAWAS, SUMATERA SELATAN",1,46,182,228
https://kawalpemilu.org#18811,"LUBUK NGIN BARU, SELANGIT, MUSI RAWAS, SUMATERA SELATAN",2,76,154,230
https://kawalpemilu.org#18811,"LUBUK NGIN BARU, SELANGIT, MUSI RAWAS, SUMATERA SELATAN",3,53,182,235
https://kawalpemilu.org#18811,"LUBUK NGIN BARU, SELANGIT, MUSI RAWAS, SUMATERA SELATAN",4,45,88,133
https://kawalpemilu.org#18813,"MEGANG SAKTI I, MEGANG SAKTI, MUSI RAWAS, SUMATERA SELATAN",1,103,96,199
https://kawalpemilu.org#18813,"MEGANG SAKTI I, MEGANG SAKTI, MUSI RAWAS, SUMATERA SELATAN",2,113,141,254
https://kawalpemilu.org#18813,"MEGANG SAKTI I, MEGANG SAKTI, MUSI RAWAS, SUMATERA SELATAN",3,159,116,275
https://kawalpemilu.org#18813,"MEGANG SAKTI I, MEGANG SAKTI, MUSI RAWAS, SUMATERA SELATAN",4,109,135,244
https://kawalpemilu.org#18813,"MEGANG SAKTI I, MEGANG SAKTI, MUSI RAWAS, SUMATERA SELATAN",5,105,120,225
https://kawalpemilu.org#18813,"MEGANG SAKTI I, MEGANG SAKTI, MUSI RAWAS, SUMATERA SELATAN",6,155,103,258
https://kawalpemilu.org#18813,"MEGANG SAKTI I, MEGANG SAKTI, MUSI RAWAS, SUMATERA SELATAN",7,113,122,235
https://kawalpemilu.org#18813,"MEGANG SAKTI I, MEGANG SAKTI, MUSI RAWAS, SUMATERA SELATAN",8,146,110,256
https://kawalpemilu.org#18813,"MEGANG SAKTI I, MEGANG SAKTI, MUSI RAWAS, SUMATERA SELATAN",9,134,89,223
https://kawalpemilu.org#18813,"MEGANG SAKTI I, MEGANG SAKTI, MUSI RAWAS, SUMATERA SELATAN",10,88,97,185
https://kawalpemilu.org#18813,"MEGANG SAKTI I, MEGANG SAKTI, MUSI RAWAS, SUMATERA SELATAN",11,87,83,170
https://kawalpemilu.org#18814,"MUARA MEGANG, MEGANG SAKTI, MUSI RAWAS, SUMATERA SELATAN",1,38,170,208
https://kawalpemilu.org#18814,"MUARA MEGANG, MEGANG SAKTI, MUSI RAWAS, SUMATERA SELATAN",2,16,144,160
https://kawalpemilu.org#18814,"MUARA MEGANG, MEGANG SAKTI, MUSI RAWAS, SUMATERA SELATAN",3,23,180,203
https://kawalpemilu.org#18814,"MUARA MEGANG, MEGANG SAKTI, MUSI RAWAS, SUMATERA SELATAN",4,29,205,234
https://kawalpemilu.org#18814,"MUARA MEGANG, MEGANG SAKTI, MUSI RAWAS, SUMATERA SELATAN",5,24,236,260
https://kawalpemilu.org#18814,"MUARA MEGANG, MEGANG SAKTI, MUSI RAWAS, SUMATERA SELATAN",6,22,67,89
https://kawalpemilu.org#18815,"MEGANG SAKTI II, MEGANG SAKTI, MUSI RAWAS, SUMATERA SELATAN",1,59,90,149
https://kawalpemilu.org#18815,"MEGANG SAKTI II, MEGANG SAKTI, MUSI RAWAS, SUMATERA SELATAN",2,71,113,184
https://kawalpemilu.org#18815,"MEGANG SAKTI II, MEGANG SAKTI, MUSI RAWAS, SUMATERA SELATAN",3,109,122,231
https://kawalpemilu.org#18815,"MEGANG SAKTI II, MEGANG SAKTI, MUSI RAWAS, SUMATERA SELATAN",4,96,117,213
https://kawalpemilu.org#18815,"MEGANG SAKTI II, MEGANG SAKTI, MUSI RAWAS, SUMATERA SELATAN",5,81,124,205
https://kawalpemilu.org#18815,"MEGANG SAKTI II, MEGANG SAKTI, MUSI RAWAS, SUMATERA SELATAN",6,91,133,224
https://kawalpemilu.org#18815,"MEGANG SAKTI II, MEGANG SAKTI, MUSI RAWAS, SUMATERA SELATAN",7,100,120,220
https://kawalpemilu.org#18816,"MEGANG SAKTI III, MEGANG SAKTI, MUSI RAWAS, SUMATERA SELATAN",1,112,119,231
https://kawalpemilu.org#18816,"MEGANG SAKTI III, MEGANG SAKTI, MUSI RAWAS, SUMATERA SELATAN",2,134,98,232
https://kawalpemilu.org#18816,"MEGANG SAKTI III, MEGANG SAKTI, MUSI RAWAS, SUMATERA SELATAN",3,115,116,231
https://kawalpemilu.org#18816,"MEGANG SAKTI III, MEGANG SAKTI, MUSI RAWAS, SUMATERA SELATAN",4,137,83,220
https://kawalpemilu.org#18816,"MEGANG SAKTI III, MEGANG SAKTI, MUSI RAWAS, SUMATERA SELATAN",5,120,137,257
https://kawalpemilu.org#18816,"MEGANG SAKTI III, MEGANG SAKTI, MUSI RAWAS, SUMATERA SELATAN",6,107,122,229
https://kawalpemilu.org#18816,"MEGANG SAKTI III, MEGANG SAKTI, MUSI RAWAS, SUMATERA SELATAN",7,169,84,253
https://kawalpemilu.org#18816,"MEGANG SAKTI III, MEGANG SAKTI, MUSI RAWAS, SUMATERA SELATAN",8,147,90,237
https://kawalpemilu.org#18816,"MEGANG SAKTI III, MEGANG SAKTI, MUSI RAWAS, SUMATERA SELATAN",9,95,117,212
https://kawalpemilu.org#18816,"MEGANG SAKTI III, MEGANG SAKTI, MUSI RAWAS, SUMATERA SELATAN",10,103,102,205
https://kawalpemilu.org#18816,"MEGANG SAKTI III, MEGANG SAKTI, MUSI RAWAS, SUMATERA SELATAN",11,128,111,239
https://kawalpemilu.org#18817,"MEGANG SAKTI IV, MEGANG SAKTI, MUSI RAWAS, SUMATERA SELATAN",1,96,124,220
https://kawalpemilu.org#18817,"MEGANG SAKTI IV, MEGANG SAKTI, MUSI RAWAS, SUMATERA SELATAN",2,99,141,240
https://kawalpemilu.org#18817,"MEGANG SAKTI IV, MEGANG SAKTI, MUSI RAWAS, SUMATERA SELATAN",3,86,127,213
https://kawalpemilu.org#18817,"MEGANG SAKTI IV, MEGANG SAKTI, MUSI RAWAS, SUMATERA SELATAN",4,74,164,238
https://kawalpemilu.org#18817,"MEGANG SAKTI IV, MEGANG SAKTI, MUSI RAWAS, SUMATERA SELATAN",5,70,145,215
https://kawalpemilu.org#18817,"MEGANG SAKTI IV, MEGANG SAKTI, MUSI RAWAS, SUMATERA SELATAN",6,77,124,201
https://kawalpemilu.org#18817,"MEGANG SAKTI IV, MEGANG SAKTI, MUSI RAWAS, SUMATERA SELATAN",7,132,112,244
https://kawalpemilu.org#18817,"MEGANG SAKTI IV, MEGANG SAKTI, MUSI RAWAS, SUMATERA SELATAN",8,89,120,209
https://kawalpemilu.org#18818,"JAJARAN BARU, MEGANG SAKTI, MUSI RAWAS, SUMATERA SELATAN",1,102,135,237
https://kawalpemilu.org#18818,"JAJARAN BARU, MEGANG SAKTI, MUSI RAWAS, SUMATERA SELATAN",2,111,131,242
https://kawalpemilu.org#18818,"JAJARAN BARU, MEGANG SAKTI, MUSI RAWAS, SUMATERA SELATAN",3,102,115,217
https://kawalpemilu.org#18818,"JAJARAN BARU, MEGANG SAKTI, MUSI RAWAS, SUMATERA SELATAN",4,65,171,236
https://kawalpemilu.org#18818,"JAJARAN BARU, MEGANG SAKTI, MUSI RAWAS, SUMATERA SELATAN",5,150,83,233
https://kawalpemilu.org#18818,"JAJARAN BARU, MEGANG SAKTI, MUSI RAWAS, SUMATERA SELATAN",6,173,53,226
https://kawalpemilu.org#18818,"JAJARAN BARU, MEGANG SAKTI, MUSI RAWAS, SUMATERA SELATAN",7,170,75,245
https://kawalpemilu.org#18818,"JAJARAN BARU, MEGANG SAKTI, MUSI RAWAS, SUMATERA SELATAN",8,139,48,187
https://kawalpemilu.org#18818,"JAJARAN BARU, MEGANG SAKTI, MUSI RAWAS, SUMATERA SELATAN",9,162,34,196
https://kawalpemilu.org#18818,"JAJARAN BARU, MEGANG SAKTI, MUSI RAWAS, SUMATERA SELATAN",10,133,45,178
https://kawalpemilu.org#18818,"JAJARAN BARU, MEGANG SAKTI, MUSI RAWAS, SUMATERA SELATAN",11,103,64,167
https://kawalpemilu.org#18818,"JAJARAN BARU, MEGANG SAKTI, MUSI RAWAS, SUMATERA SELATAN",12,108,78,186
https://kawalpemilu.org#18819,"SUMBERREJO, MEGANG SAKTI, MUSI RAWAS, SUMATERA SELATAN",1,121,128,249
https://kawalpemilu.org#18819,"SUMBERREJO, MEGANG SAKTI, MUSI RAWAS, SUMATERA SELATAN",2,146,67,213
https://kawalpemilu.org#18819,"SUMBERREJO, MEGANG SAKTI, MUSI RAWAS, SUMATERA SELATAN",3,176,94,270
https://kawalpemilu.org#18819,"SUMBERREJO, MEGANG SAKTI, MUSI RAWAS, SUMATERA SELATAN",4,136,84,220
https://kawalpemilu.org#18819,"SUMBERREJO, MEGANG SAKTI, MUSI RAWAS, SUMATERA SELATAN",5,158,72,230
https://kawalpemilu.org#18819,"SUMBERREJO, MEGANG SAKTI, MUSI RAWAS, SUMATERA SELATAN",6,196,96,292
https://kawalpemilu.org#18819,"SUMBERREJO, MEGANG SAKTI, MUSI RAWAS, SUMATERA SELATAN",7,172,114,286
https://kawalpemilu.org#18819,"SUMBERREJO, MEGANG SAKTI, MUSI RAWAS, SUMATERA SELATAN",8,156,76,232
https://kawalpemilu.org#18819,"SUMBERREJO, MEGANG SAKTI, MUSI RAWAS, SUMATERA SELATAN",9,115,74,189
https://kawalpemilu.org#18819,"SUMBERREJO, MEGANG SAKTI, MUSI RAWAS, SUMATERA SELATAN",10,161,89,250
https://kawalpemilu.org#18819,"SUMBERREJO, MEGANG SAKTI, MUSI RAWAS, SUMATERA SELATAN",11,159,64,223
https://kawalpemilu.org#18820,"REJO SARI, MEGANG SAKTI, MUSI RAWAS, SUMATERA SELATAN",1,125,112,237
https://kawalpemilu.org#18820,"REJO SARI, MEGANG SAKTI, MUSI RAWAS, SUMATERA SELATAN",2,100,133,233
https://kawalpemilu.org#18820,"REJO SARI, MEGANG SAKTI, MUSI RAWAS, SUMATERA SELATAN",3,114,109,223
https://kawalpemilu.org#18820,"REJO SARI, MEGANG SAKTI, MUSI RAWAS, SUMATERA SELATAN",4,101,146,247
https://kawalpemilu.org#18820,"REJO SARI, MEGANG SAKTI, MUSI RAWAS, SUMATERA SELATAN",5,123,137,260
https://kawalpemilu.org#18821,"MEKAR SARI, MEGANG SAKTI, MUSI RAWAS, SUMATERA SELATAN",1,150,104,254
https://kawalpemilu.org#18821,"MEKAR SARI, MEGANG SAKTI, MUSI RAWAS, SUMATERA SELATAN",2,191,66,257
https://kawalpemilu.org#18821,"MEKAR SARI, MEGANG SAKTI, MUSI RAWAS, SUMATERA SELATAN",3,120,119,239
https://kawalpemilu.org#18821,"MEKAR SARI, MEGANG SAKTI, MUSI RAWAS, SUMATERA SELATAN",4,118,112,230
https://kawalpemilu.org#18821,"MEKAR SARI, MEGANG SAKTI, MUSI RAWAS, SUMATERA SELATAN",5,132,110,242
https://kawalpemilu.org#18822,"CAMPUR SARI, MEGANG SAKTI, MUSI RAWAS, SUMATERA SELATAN",1,68,141,209
https://kawalpemilu.org#18822,"CAMPUR SARI, MEGANG SAKTI, MUSI RAWAS, SUMATERA SELATAN",2,149,77,226
https://kawalpemilu.org#18822,"CAMPUR SARI, MEGANG SAKTI, MUSI RAWAS, SUMATERA SELATAN",3,79,152,231
https://kawalpemilu.org#18822,"CAMPUR SARI, MEGANG SAKTI, MUSI RAWAS, SUMATERA SELATAN",4,168,61,229
https://kawalpemilu.org#18822,"CAMPUR SARI, MEGANG SAKTI, MUSI RAWAS, SUMATERA SELATAN",5,113,61,174
https://kawalpemilu.org#18822,"CAMPUR SARI, MEGANG SAKTI, MUSI RAWAS, SUMATERA SELATAN",6,59,151,210
https://kawalpemilu.org#18823,"TEGAL SARI, MEGANG SAKTI, MUSI RAWAS, SUMATERA SELATAN",1,89,131,220
https://kawalpemilu.org#18823,"TEGAL SARI, MEGANG SAKTI, MUSI RAWAS, SUMATERA SELATAN",2,80,111,191
https://kawalpemilu.org#18823,"TEGAL SARI, MEGANG SAKTI, MUSI RAWAS, SUMATERA SELATAN",3,124,77,201
https://kawalpemilu.org#18823,"TEGAL SARI, MEGANG SAKTI, MUSI RAWAS, SUMATERA SELATAN",4,113,96,209
https://kawalpemilu.org#18823,"TEGAL SARI, MEGANG SAKTI, MUSI RAWAS, SUMATERA SELATAN",5,101,108,209
https://kawalpemilu.org#18824,"MARGA PUSPITA, MEGANG SAKTI, MUSI RAWAS, SUMATERA SELATAN",1,162,95,257
https://kawalpemilu.org#18824,"MARGA PUSPITA, MEGANG SAKTI, MUSI RAWAS, SUMATERA SELATAN",2,122,133,255
https://kawalpemilu.org#18824,"MARGA PUSPITA, MEGANG SAKTI, MUSI RAWAS, SUMATERA SELATAN",3,166,84,250
https://kawalpemilu.org#18825,"MEGANG SAKTI V, MEGANG SAKTI, MUSI RAWAS, SUMATERA SELATAN",1,128,109,237
https://kawalpemilu.org#18825,"MEGANG SAKTI V, MEGANG SAKTI, MUSI RAWAS, SUMATERA SELATAN",2,158,111,269
https://kawalpemilu.org#18825,"MEGANG SAKTI V, MEGANG SAKTI, MUSI RAWAS, SUMATERA SELATAN",3,142,66,208
https://kawalpemilu.org#18825,"MEGANG SAKTI V, MEGANG SAKTI, MUSI RAWAS, SUMATERA SELATAN",4,122,108,230
https://kawalpemilu.org#18825,"MEGANG SAKTI V, MEGANG SAKTI, MUSI RAWAS, SUMATERA SELATAN",5,149,102,251
https://kawalpemilu.org#18825,"MEGANG SAKTI V, MEGANG SAKTI, MUSI RAWAS, SUMATERA SELATAN",6,126,148,274
https://kawalpemilu.org#18825,"MEGANG SAKTI V, MEGANG SAKTI, MUSI RAWAS, SUMATERA SELATAN",7,82,155,237
https://kawalpemilu.org#18825,"MEGANG SAKTI V, MEGANG SAKTI, MUSI RAWAS, SUMATERA SELATAN",8,138,119,257
https://kawalpemilu.org#18825,"MEGANG SAKTI V, MEGANG SAKTI, MUSI RAWAS, SUMATERA SELATAN",9,165,104,269
https://kawalpemilu.org#18825,"MEGANG SAKTI V, MEGANG SAKTI, MUSI RAWAS, SUMATERA SELATAN",10,136,87,223
https://kawalpemilu.org#18826,"PAGAR AYU, MEGANG SAKTI, MUSI RAWAS, SUMATERA SELATAN",1,109,120,229
https://kawalpemilu.org#18826,"PAGAR AYU, MEGANG SAKTI, MUSI RAWAS, SUMATERA SELATAN",2,102,115,217
https://kawalpemilu.org#18826,"PAGAR AYU, MEGANG SAKTI, MUSI RAWAS, SUMATERA SELATAN",3,111,95,206
https://kawalpemilu.org#18826,"PAGAR AYU, MEGANG SAKTI, MUSI RAWAS, SUMATERA SELATAN",4,66,135,201
https://kawalpemilu.org#18826,"PAGAR AYU, MEGANG SAKTI, MUSI RAWAS, SUMATERA SELATAN",5,103,134,237
https://kawalpemilu.org#18826,"PAGAR AYU, MEGANG SAKTI, MUSI RAWAS, SUMATERA SELATAN",6,91,68,159
https://kawalpemilu.org#18826,"PAGAR AYU, MEGANG SAKTI, MUSI RAWAS, SUMATERA SELATAN",7,79,57,136
https://kawalpemilu.org#18827,"KARYA MULIA, MEGANG SAKTI, MUSI RAWAS, SUMATERA SELATAN",1,162,83,245
https://kawalpemilu.org#18827,"KARYA MULIA, MEGANG SAKTI, MUSI RAWAS, SUMATERA SELATAN",2,165,80,245
https://kawalpemilu.org#18827,"KARYA MULIA, MEGANG SAKTI, MUSI RAWAS, SUMATERA SELATAN",3,168,93,261
https://kawalpemilu.org#18827,"KARYA MULIA, MEGANG SAKTI, MUSI RAWAS, SUMATERA SELATAN",4,101,117,218
https://kawalpemilu.org#18828,"WONOSARI, MEGANG SAKTI, MUSI RAWAS, SUMATERA SELATAN",1,172,92,264
https://kawalpemilu.org#18828,"WONOSARI, MEGANG SAKTI, MUSI RAWAS, SUMATERA SELATAN",2,153,116,269
https://kawalpemilu.org#18828,"WONOSARI, MEGANG SAKTI, MUSI RAWAS, SUMATERA SELATAN",3,132,103,235
https://kawalpemilu.org#18828,"WONOSARI, MEGANG SAKTI, MUSI RAWAS, SUMATERA SELATAN",4,117,85,202
https://kawalpemilu.org#18828,"WONOSARI, MEGANG SAKTI, MUSI RAWAS, SUMATERA SELATAN",5,157,118,275
https://kawalpemilu.org#18828,"WONOSARI, MEGANG SAKTI, MUSI RAWAS, SUMATERA SELATAN",6,117,77,194
https://kawalpemilu.org#18828,"WONOSARI, MEGANG SAKTI, MUSI RAWAS, SUMATERA SELATAN",7,130,90,220
https://kawalpemilu.org#18828,"WONOSARI, MEGANG SAKTI, MUSI RAWAS, SUMATERA SELATAN",8,150,84,234
https://kawalpemilu.org#18828,"WONOSARI, MEGANG SAKTI, MUSI RAWAS, SUMATERA SELATAN",9,197,64,261
https://kawalpemilu.org#18828,"WONOSARI, MEGANG SAKTI, MUSI RAWAS, SUMATERA SELATAN",10,118,80,198
https://kawalpemilu.org#18829,"JAJARAN BARU II, MEGANG SAKTI, MUSI RAWAS, SUMATERA SELATAN",1,185,70,255
https://kawalpemilu.org#18829,"JAJARAN BARU II, MEGANG SAKTI, MUSI RAWAS, SUMATERA SELATAN",2,164,72,236
https://kawalpemilu.org#18829,"JAJARAN BARU II, MEGANG SAKTI, MUSI RAWAS, SUMATERA SELATAN",3,136,80,216
https://kawalpemilu.org#18829,"JAJARAN BARU II, MEGANG SAKTI, MUSI RAWAS, SUMATERA SELATAN",4,139,126,265
https://kawalpemilu.org#18829,"JAJARAN BARU II, MEGANG SAKTI, MUSI RAWAS, SUMATERA SELATAN",5,104,119,223
https://kawalpemilu.org#18829,"JAJARAN BARU II, MEGANG SAKTI, MUSI RAWAS, SUMATERA SELATAN",6,150,59,209
https://kawalpemilu.org#18829,"JAJARAN BARU II, MEGANG SAKTI, MUSI RAWAS, SUMATERA SELATAN",7,129,100,229
https://kawalpemilu.org#18829,"JAJARAN BARU II, MEGANG SAKTI, MUSI RAWAS, SUMATERA SELATAN",8,120,76,196
https://kawalpemilu.org#18829,"JAJARAN BARU II, MEGANG SAKTI, MUSI RAWAS, SUMATERA SELATAN",9,50,62,112
https://kawalpemilu.org#18830,"TRISAKTI, MEGANG SAKTI, MUSI RAWAS, SUMATERA SELATAN",1,104,111,215
https://kawalpemilu.org#18830,"TRISAKTI, MEGANG SAKTI, MUSI RAWAS, SUMATERA SELATAN",2,101,76,177
https://kawalpemilu.org#18830,"TRISAKTI, MEGANG SAKTI, MUSI RAWAS, SUMATERA SELATAN",3,120,70,190
https://kawalpemilu.org#18830,"TRISAKTI, MEGANG SAKTI, MUSI RAWAS, SUMATERA SELATAN",4,110,44,154
https://kawalpemilu.org#18831,"MUARA MEGANG I, MEGANG SAKTI, MUSI RAWAS, SUMATERA SELATAN",1,77,135,212
https://kawalpemilu.org#18831,"MUARA MEGANG I, MEGANG SAKTI, MUSI RAWAS, SUMATERA SELATAN",2,76,119,195
https://kawalpemilu.org#18831,"MUARA MEGANG I, MEGANG SAKTI, MUSI RAWAS, SUMATERA SELATAN",3,47,64,111
https://kawalpemilu.org#18832,"MULYO SARI, MEGANG SAKTI, MUSI RAWAS, SUMATERA SELATAN",1,160,73,233
https://kawalpemilu.org#18832,"MULYO SARI, MEGANG SAKTI, MUSI RAWAS, SUMATERA SELATAN",2,85,73,158
https://kawalpemilu.org#18832,"MULYO SARI, MEGANG SAKTI, MUSI RAWAS, SUMATERA SELATAN",3,129,115,244
https://kawalpemilu.org#18832,"MULYO SARI, MEGANG SAKTI, MUSI RAWAS, SUMATERA SELATAN",4,157,79,236
https://kawalpemilu.org#18832,"MULYO SARI, MEGANG SAKTI, MUSI RAWAS, SUMATERA SELATAN",5,128,68,196
https://kawalpemilu.org#929006,"TALANG UBI, MEGANG SAKTI, MUSI RAWAS, SUMATERA SELATAN",1,93,180,273
https://kawalpemilu.org#929006,"TALANG UBI, MEGANG SAKTI, MUSI RAWAS, SUMATERA SELATAN",2,113,111,224
https://kawalpemilu.org#929006,"TALANG UBI, MEGANG SAKTI, MUSI RAWAS, SUMATERA SELATAN",3,68,132,200
https://kawalpemilu.org#929006,"TALANG UBI, MEGANG SAKTI, MUSI RAWAS, SUMATERA SELATAN",4,68,140,208
https://kawalpemilu.org#929006,"TALANG UBI, MEGANG SAKTI, MUSI RAWAS, SUMATERA SELATAN",5,173,115,288
https://kawalpemilu.org#18834,"PURWODADI, PURWODADI, MUSI RAWAS, SUMATERA SELATAN",1,71,158,229
https://kawalpemilu.org#18834,"PURWODADI, PURWODADI, MUSI RAWAS, SUMATERA SELATAN",2,105,166,271
https://kawalpemilu.org#18834,"PURWODADI, PURWODADI, MUSI RAWAS, SUMATERA SELATAN",3,126,146,272
https://kawalpemilu.org#18834,"PURWODADI, PURWODADI, MUSI RAWAS, SUMATERA SELATAN",4,148,130,278
https://kawalpemilu.org#18834,"PURWODADI, PURWODADI, MUSI RAWAS, SUMATERA SELATAN",5,117,124,241
https://kawalpemilu.org#18835,"MANGUN HARJO, PURWODADI, MUSI RAWAS, SUMATERA SELATAN",1,127,130,257
https://kawalpemilu.org#18835,"MANGUN HARJO, PURWODADI, MUSI RAWAS, SUMATERA SELATAN",2,100,130,230
https://kawalpemilu.org#18835,"MANGUN HARJO, PURWODADI, MUSI RAWAS, SUMATERA SELATAN",3,68,136,204
https://kawalpemilu.org#18835,"MANGUN HARJO, PURWODADI, MUSI RAWAS, SUMATERA SELATAN",4,120,110,230
https://kawalpemilu.org#18836,"BANGUN SARI, PURWODADI, MUSI RAWAS, SUMATERA SELATAN",1,158,102,260
https://kawalpemilu.org#18836,"BANGUN SARI, PURWODADI, MUSI RAWAS, SUMATERA SELATAN",2,91,168,259
https://kawalpemilu.org#18836,"BANGUN SARI, PURWODADI, MUSI RAWAS, SUMATERA SELATAN",3,35,207,242
https://kawalpemilu.org#18837,"KERTO SARI, PURWODADI, MUSI RAWAS, SUMATERA SELATAN",1,154,102,256
https://kawalpemilu.org#18837,"KERTO SARI, PURWODADI, MUSI RAWAS, SUMATERA SELATAN",2,155,89,244
https://kawalpemilu.org#18837,"KERTO SARI, PURWODADI, MUSI RAWAS, SUMATERA SELATAN",3,133,126,259
https://kawalpemilu.org#18838,"PAGAR SARI, PURWODADI, MUSI RAWAS, SUMATERA SELATAN",1,195,61,256
https://kawalpemilu.org#18838,"PAGAR SARI, PURWODADI, MUSI RAWAS, SUMATERA SELATAN",2,163,59,222
https://kawalpemilu.org#18839,"MARDIHARJO, PURWODADI, MUSI RAWAS, SUMATERA SELATAN",1,87,151,238
https://kawalpemilu.org#18839,"MARDIHARJO, PURWODADI, MUSI RAWAS, SUMATERA SELATAN",2,51,215,266
https://kawalpemilu.org#18839,"MARDIHARJO, PURWODADI, MUSI RAWAS, SUMATERA SELATAN",3,73,176,249
https://kawalpemilu.org#18839,"MARDIHARJO, PURWODADI, MUSI RAWAS, SUMATERA SELATAN",4,86,146,232
https://kawalpemilu.org#18839,"MARDIHARJO, PURWODADI, MUSI RAWAS, SUMATERA SELATAN",5,83,159,242
https://kawalpemilu.org#18840,"KARYADADI, PURWODADI, MUSI RAWAS, SUMATERA SELATAN",1,122,106,228
https://kawalpemilu.org#18840,"KARYADADI, PURWODADI, MUSI RAWAS, SUMATERA SELATAN",2,107,117,224
https://kawalpemilu.org#18840,"KARYADADI, PURWODADI, MUSI RAWAS, SUMATERA SELATAN",3,110,106,216
https://kawalpemilu.org#18840,"KARYADADI, PURWODADI, MUSI RAWAS, SUMATERA SELATAN",4,104,78,182
https://kawalpemilu.org#18841,"REJOSARI, PURWODADI, MUSI RAWAS, SUMATERA SELATAN",1,58,149,207
https://kawalpemilu.org#18841,"REJOSARI, PURWODADI, MUSI RAWAS, SUMATERA SELATAN",2,60,141,201
https://kawalpemilu.org#18841,"REJOSARI, PURWODADI, MUSI RAWAS, SUMATERA SELATAN",3,73,155,228
https://kawalpemilu.org#18841,"REJOSARI, PURWODADI, MUSI RAWAS, SUMATERA SELATAN",4,60,145,205
https://kawalpemilu.org#18842,"SADAR KARYA, PURWODADI, MUSI RAWAS, SUMATERA SELATAN",1,66,171,237
https://kawalpemilu.org#18842,"SADAR KARYA, PURWODADI, MUSI RAWAS, SUMATERA SELATAN",2,105,133,238
https://kawalpemilu.org#18842,"SADAR KARYA, PURWODADI, MUSI RAWAS, SUMATERA SELATAN",3,78,164,242
https://kawalpemilu.org#18842,"SADAR KARYA, PURWODADI, MUSI RAWAS, SUMATERA SELATAN",4,40,198,238
https://kawalpemilu.org#18842,"SADAR KARYA, PURWODADI, MUSI RAWAS, SUMATERA SELATAN",5,48,179,227
https://kawalpemilu.org#18843,"PURWAKARYA, PURWODADI, MUSI RAWAS, SUMATERA SELATAN",1,59,161,220
https://kawalpemilu.org#18843,"PURWAKARYA, PURWODADI, MUSI RAWAS, SUMATERA SELATAN",2,143,87,230
https://kawalpemilu.org#18844,"TRI KARYA, PURWODADI, MUSI RAWAS, SUMATERA SELATAN",1,68,160,228
https://kawalpemilu.org#18844,"TRI KARYA, PURWODADI, MUSI RAWAS, SUMATERA SELATAN",2,93,145,238
https://kawalpemilu.org#18844,"TRI KARYA, PURWODADI, MUSI RAWAS, SUMATERA SELATAN",3,132,132,264
https://kawalpemilu.org#18844,"TRI KARYA, PURWODADI, MUSI RAWAS, SUMATERA SELATAN",4,95,159,254
https://kawalpemilu.org#18844,"TRI KARYA, PURWODADI, MUSI RAWAS, SUMATERA SELATAN",5,71,171,242
https://kawalpemilu.org#18844,"TRI KARYA, PURWODADI, MUSI RAWAS, SUMATERA SELATAN",6,81,145,226
https://kawalpemilu.org#18846,"KEMBANG TANJUNG, BTS. ULU, MUSI RAWAS, SUMATERA SELATAN",1,41,148,189
https://kawalpemilu.org#18846,"KEMBANG TANJUNG, BTS. ULU, MUSI RAWAS, SUMATERA SELATAN",2,46,139,174
https://kawalpemilu.org#18847,"GN KEMBANG BARU, BTS. ULU, MUSI RAWAS, SUMATERA SELATAN",1,22,146,168
https://kawalpemilu.org#18847,"GN KEMBANG BARU, BTS. ULU, MUSI RAWAS, SUMATERA SELATAN",2,35,158,193
https://kawalpemilu.org#18848,"GN KEMBANG LAMA, BTS. ULU, MUSI RAWAS, SUMATERA SELATAN",1,11,143,154
https://kawalpemilu.org#18848,"GN KEMBANG LAMA, BTS. ULU, MUSI RAWAS, SUMATERA SELATAN",2,7,145,152
https://kawalpemilu.org#18849,"SUNGAI BUNUT, BTS. ULU, MUSI RAWAS, SUMATERA SELATAN",1,66,137,203
https://kawalpemilu.org#18849,"SUNGAI BUNUT, BTS. ULU, MUSI RAWAS, SUMATERA SELATAN",2,70,123,193
https://kawalpemilu.org#18850,"SUNGAI NAIK, BTS. ULU, MUSI RAWAS, SUMATERA SELATAN",1,26,127,153
https://kawalpemilu.org#18850,"SUNGAI NAIK, BTS. ULU, MUSI RAWAS, SUMATERA SELATAN",2,43,109,152
https://kawalpemilu.org#18850,"SUNGAI NAIK, BTS. ULU, MUSI RAWAS, SUMATERA SELATAN",3,105,96,201
https://kawalpemilu.org#18851,"PANGKALAN T. LAMA, BTS. ULU, MUSI RAWAS, SUMATERA SELATAN",1,58,198,256
https://kawalpemilu.org#18851,"PANGKALAN T. LAMA, BTS. ULU, MUSI RAWAS, SUMATERA SELATAN",2,19,196,215
https://kawalpemilu.org#18852,"SADU, BTS. ULU, MUSI RAWAS, SUMATERA SELATAN",1,40,158,198
https://kawalpemilu.org#18852,"SADU, BTS. ULU, MUSI RAWAS, SUMATERA SELATAN",2,50,129,179
https://kawalpemilu.org#18853,"TAMBANGAN, BTS. ULU, MUSI RAWAS, SUMATERA SELATAN",1,69,71,140
https://kawalpemilu.org#18853,"TAMBANGAN, BTS. ULU, MUSI RAWAS, SUMATERA SELATAN",2,111,99,210
https://kawalpemilu.org#18853,"TAMBANGAN, BTS. ULU, MUSI RAWAS, SUMATERA SELATAN",3,54,77,131
https://kawalpemilu.org#18854,"PELAWE, BTS. ULU, MUSI RAWAS, SUMATERA SELATAN",1,140,137,277
https://kawalpemilu.org#18854,"PELAWE, BTS. ULU, MUSI RAWAS, SUMATERA SELATAN",2,141,73,214
https://kawalpemilu.org#18854,"PELAWE, BTS. ULU, MUSI RAWAS, SUMATERA SELATAN",3,105,57,162
https://kawalpemilu.org#18854,"PELAWE, BTS. ULU, MUSI RAWAS, SUMATERA SELATAN",4,144,76,220
https://kawalpemilu.org#18854,"PELAWE, BTS. ULU, MUSI RAWAS, SUMATERA SELATAN",5,134,115,249
https://kawalpemilu.org#18854,"PELAWE, BTS. ULU, MUSI RAWAS, SUMATERA SELATAN",6,106,83,189
https://kawalpemilu.org#18854,"PELAWE, BTS. ULU, MUSI RAWAS, SUMATERA SELATAN",7,134,111,245
https://kawalpemilu.org#18855,"LUBUK PAUH, BTS. ULU, MUSI RAWAS, SUMATERA SELATAN",1,90,158,248
https://kawalpemilu.org#18855,"LUBUK PAUH, BTS. ULU, MUSI RAWAS, SUMATERA SELATAN",2,95,191,286
https://kawalpemilu.org#18855,"LUBUK PAUH, BTS. ULU, MUSI RAWAS, SUMATERA SELATAN",3,106,144,220
https://kawalpemilu.org#18855,"LUBUK PAUH, BTS. ULU, MUSI RAWAS, SUMATERA SELATAN",4,87,49,136
https://kawalpemilu.org#18856,"TRI JAYA, BTS. ULU, MUSI RAWAS, SUMATERA SELATAN",1,94,130,224
https://kawalpemilu.org#18856,"TRI JAYA, BTS. ULU, MUSI RAWAS, SUMATERA SELATAN",2,153,82,235
https://kawalpemilu.org#18856,"TRI JAYA, BTS. ULU, MUSI RAWAS, SUMATERA SELATAN",3,149,82,231
https://kawalpemilu.org#18856,"TRI JAYA, BTS. ULU, MUSI RAWAS, SUMATERA SELATAN",4,158,85,243
https://kawalpemilu.org#18856,"TRI JAYA, BTS. ULU, MUSI RAWAS, SUMATERA SELATAN",5,181,59,240
https://kawalpemilu.org#18856,"TRI JAYA, BTS. ULU, MUSI RAWAS, SUMATERA SELATAN",6,115,93,208
https://kawalpemilu.org#18857,"MULYO HARJO, BTS. ULU, MUSI RAWAS, SUMATERA SELATAN",1,137,108,245
https://kawalpemilu.org#18857,"MULYO HARJO, BTS. ULU, MUSI RAWAS, SUMATERA SELATAN",2,114,92,206
https://kawalpemilu.org#18857,"MULYO HARJO, BTS. ULU, MUSI RAWAS, SUMATERA SELATAN",3,84,113,197
https://kawalpemilu.org#18857,"MULYO HARJO, BTS. ULU, MUSI RAWAS, SUMATERA SELATAN",4,119,105,224
https://kawalpemilu.org#18857,"MULYO HARJO, BTS. ULU, MUSI RAWAS, SUMATERA SELATAN",5,60,114,174
https://kawalpemilu.org#18857,"MULYO HARJO, BTS. ULU, MUSI RAWAS, SUMATERA SELATAN",6,107,112,219
https://kawalpemilu.org#18857,"MULYO HARJO, BTS. ULU, MUSI RAWAS, SUMATERA SELATAN",7,89,82,171
https://kawalpemilu.org#18857,"MULYO HARJO, BTS. ULU, MUSI RAWAS, SUMATERA SELATAN",8,60,144,204
https://kawalpemilu.org#18858,"SUKA MAKMUR, BTS. ULU, MUSI RAWAS, SUMATERA SELATAN",1,138,45,183
https://kawalpemilu.org#18858,"SUKA MAKMUR, BTS. ULU, MUSI RAWAS, SUMATERA SELATAN",2,167,73,240
https://kawalpemilu.org#18858,"SUKA MAKMUR, BTS. ULU, MUSI RAWAS, SUMATERA SELATAN",3,187,84,271
https://kawalpemilu.org#18858,"SUKA MAKMUR, BTS. ULU, MUSI RAWAS, SUMATERA SELATAN",4,139,91,230
https://kawalpemilu.org#18858,"SUKA MAKMUR, BTS. ULU, MUSI RAWAS, SUMATERA SELATAN",5,156,56,212
https://kawalpemilu.org#18858,"SUKA MAKMUR, BTS. ULU, MUSI RAWAS, SUMATERA SELATAN",6,95,43,138
https://kawalpemilu.org#18858,"SUKA MAKMUR, BTS. ULU, MUSI RAWAS, SUMATERA SELATAN",7,162,87,249
https://kawalpemilu.org#18858,"SUKA MAKMUR, BTS. ULU, MUSI RAWAS, SUMATERA SELATAN",8,162,73,235
https://kawalpemilu.org#18859,"RAKSA BUDI, BTS. ULU, MUSI RAWAS, SUMATERA SELATAN",1,71,114,185
https://kawalpemilu.org#18859,"RAKSA BUDI, BTS. ULU, MUSI RAWAS, SUMATERA SELATAN",2,131,63,194
https://kawalpemilu.org#18859,"RAKSA BUDI, BTS. ULU, MUSI RAWAS, SUMATERA SELATAN",3,67,103,170
https://kawalpemilu.org#18859,"RAKSA BUDI, BTS. ULU, MUSI RAWAS, SUMATERA SELATAN",4,140,91,231
https://kawalpemilu.org#18859,"RAKSA BUDI, BTS. ULU, MUSI RAWAS, SUMATERA SELATAN",5,65,61,126
https://kawalpemilu.org#18859,"RAKSA BUDI, BTS. ULU, MUSI RAWAS, SUMATERA SELATAN",6,55,41,96
https://kawalpemilu.org#18860,"KOTA BARU, BTS. ULU, MUSI RAWAS, SUMATERA SELATAN",1,157,72,229
https://kawalpemilu.org#18860,"KOTA BARU, BTS. ULU, MUSI RAWAS, SUMATERA SELATAN",2,171,67,238
https://kawalpemilu.org#18860,"KOTA BARU, BTS. ULU, MUSI RAWAS, SUMATERA SELATAN",3,176,65,241
https://kawalpemilu.org#18860,"KOTA BARU, BTS. ULU, MUSI RAWAS, SUMATERA SELATAN",4,168,75,243
https://kawalpemilu.org#18860,"KOTA BARU, BTS. ULU, MUSI RAWAS, SUMATERA SELATAN",5,152,61,213
https://kawalpemilu.org#18861,"TRI MUKTI, BTS. ULU, MUSI RAWAS, SUMATERA SELATAN",1,124,108,232
https://kawalpemilu.org#18861,"TRI MUKTI, BTS. ULU, MUSI RAWAS, SUMATERA SELATAN",2,139,78,217
https://kawalpemilu.org#18861,"TRI MUKTI, BTS. ULU, MUSI RAWAS, SUMATERA SELATAN",3,167,66,233
https://kawalpemilu.org#18861,"TRI MUKTI, BTS. ULU, MUSI RAWAS, SUMATERA SELATAN",4,160,81,241
https://kawalpemilu.org#18861,"TRI MUKTI, BTS. ULU, MUSI RAWAS, SUMATERA SELATAN",6,121,83,204
https://kawalpemilu.org#18861,"TRI MUKTI, BTS. ULU, MUSI RAWAS, SUMATERA SELATAN",7,130,76,206
https://kawalpemilu.org#18862,"BANGUN JAYA, BTS. ULU, MUSI RAWAS, SUMATERA SELATAN",1,131,73,204
https://kawalpemilu.org#18862,"BANGUN JAYA, BTS. ULU, MUSI RAWAS, SUMATERA SELATAN",2,122,139,261
https://kawalpemilu.org#18862,"BANGUN JAYA, BTS. ULU, MUSI RAWAS, SUMATERA SELATAN",3,230,35,265
https://kawalpemilu.org#18862,"BANGUN JAYA, BTS. ULU, MUSI RAWAS, SUMATERA SELATAN",4,152,78,230
https://kawalpemilu.org#18862,"BANGUN JAYA, BTS. ULU, MUSI RAWAS, SUMATERA SELATAN",5,213,39,252
https://kawalpemilu.org#18862,"BANGUN JAYA, BTS. ULU, MUSI RAWAS, SUMATERA SELATAN",6,126,85,211
https://kawalpemilu.org#18862,"BANGUN JAYA, BTS. ULU, MUSI RAWAS, SUMATERA SELATAN",7,122,145,267
https://kawalpemilu.org#18862,"BANGUN JAYA, BTS. ULU, MUSI RAWAS, SUMATERA SELATAN",8,114,112,226
https://kawalpemilu.org#18862,"BANGUN JAYA, BTS. ULU, MUSI RAWAS, SUMATERA SELATAN",9,125,91,216
https://kawalpemilu.org#18862,"BANGUN JAYA, BTS. ULU, MUSI RAWAS, SUMATERA SELATAN",10,147,19,166
https://kawalpemilu.org#18862,"BANGUN JAYA, BTS. ULU, MUSI RAWAS, SUMATERA SELATAN",11,191,37,228
https://kawalpemilu.org#18862,"BANGUN JAYA, BTS. ULU, MUSI RAWAS, SUMATERA SELATAN",13,94,39,133
https://kawalpemilu.org#18862,"BANGUN JAYA, BTS. ULU, MUSI RAWAS, SUMATERA SELATAN",14,71,94,165
https://kawalpemilu.org#18863,"MEKAR JAYA, BTS. ULU, MUSI RAWAS, SUMATERA SELATAN",1,79,131,210
https://kawalpemilu.org#18864,"PERS. SEMBATU JAYA, BTS. ULU, MUSI RAWAS, SUMATERA SELATAN",1,96,119,215
https://kawalpemilu.org#18864,"PERS. SEMBATU JAYA, BTS. ULU, MUSI RAWAS, SUMATERA SELATAN",2,89,87,152
https://kawalpemilu.org#18864,"PERS. SEMBATU JAYA, BTS. ULU, MUSI RAWAS, SUMATERA SELATAN",3,40,98,138
https://kawalpemilu.org#18864,"PERS. SEMBATU JAYA, BTS. ULU, MUSI RAWAS, SUMATERA SELATAN",4,75,148,223
https://kawalpemilu.org#18864,"PERS. SEMBATU JAYA, BTS. ULU, MUSI RAWAS, SUMATERA SELATAN",5,0,0,0
https://kawalpemilu.org#18903,"LUBUK BESAR, TIANG PUMPUNG KEPUNGUT, MUSI RAWAS, SUMATERA SELATAN",1,31,149,180
https://kawalpemilu.org#18903,"LUBUK BESAR, TIANG PUMPUNG KEPUNGUT, MUSI RAWAS, SUMATERA SELATAN",2,19,150,169
https://kawalpemilu.org#18903,"LUBUK BESAR, TIANG PUMPUNG KEPUNGUT, MUSI RAWAS, SUMATERA SELATAN",3,30,153,183
https://kawalpemilu.org#18903,"LUBUK BESAR, TIANG PUMPUNG KEPUNGUT, MUSI RAWAS, SUMATERA SELATAN",4,39,109,148
https://kawalpemilu.org#18903,"LUBUK BESAR, TIANG PUMPUNG KEPUNGUT, MUSI RAWAS, SUMATERA SELATAN",5,31,164,195
https://kawalpemilu.org#18903,"LUBUK BESAR, TIANG PUMPUNG KEPUNGUT, MUSI RAWAS, SUMATERA SELATAN",6,31,120,151
https://kawalpemilu.org#18903,"LUBUK BESAR, TIANG PUMPUNG KEPUNGUT, MUSI RAWAS, SUMATERA SELATAN",7,29,150,179
https://kawalpemilu.org#18904,"BATU BANDUNG, TIANG PUMPUNG KEPUNGUT, MUSI RAWAS, SUMATERA SELATAN",1,31,151,182
https://kawalpemilu.org#18904,"BATU BANDUNG, TIANG PUMPUNG KEPUNGUT, MUSI RAWAS, SUMATERA SELATAN",2,14,98,112
https://kawalpemilu.org#18904,"BATU BANDUNG, TIANG PUMPUNG KEPUNGUT, MUSI RAWAS, SUMATERA SELATAN",3,32,123,155
https://kawalpemilu.org#18905,"RANTAU BINGIN, TIANG PUMPUNG KEPUNGUT, MUSI RAWAS, SUMATERA SELATAN",1,36,155,191
https://kawalpemilu.org#18905,"RANTAU BINGIN, TIANG PUMPUNG KEPUNGUT, MUSI RAWAS, SUMATERA SELATAN",2,51,150,201
https://kawalpemilu.org#18905,"RANTAU BINGIN, TIANG PUMPUNG KEPUNGUT, MUSI RAWAS, SUMATERA SELATAN",3,47,127,174
https://kawalpemilu.org#18905,"RANTAU BINGIN, TIANG PUMPUNG KEPUNGUT, MUSI RAWAS, SUMATERA SELATAN",4,50,147,197
https://kawalpemilu.org#18905,"RANTAU BINGIN, TIANG PUMPUNG KEPUNGUT, MUSI RAWAS, SUMATERA SELATAN",5,41,157,198
https://kawalpemilu.org#18905,"RANTAU BINGIN, TIANG PUMPUNG KEPUNGUT, MUSI RAWAS, SUMATERA SELATAN",6,40,141,181
https://kawalpemilu.org#18906,"RANTAU SERIK, TIANG PUMPUNG KEPUNGUT, MUSI RAWAS, SUMATERA SELATAN",1,18,156,174
https://kawalpemilu.org#18906,"RANTAU SERIK, TIANG PUMPUNG KEPUNGUT, MUSI RAWAS, SUMATERA SELATAN",2,27,120,147
https://kawalpemilu.org#18906,"RANTAU SERIK, TIANG PUMPUNG KEPUNGUT, MUSI RAWAS, SUMATERA SELATAN",3,37,157,194
https://kawalpemilu.org#18906,"RANTAU SERIK, TIANG PUMPUNG KEPUNGUT, MUSI RAWAS, SUMATERA SELATAN",4,21,198,219
https://kawalpemilu.org#18906,"RANTAU SERIK, TIANG PUMPUNG KEPUNGUT, MUSI RAWAS, SUMATERA SELATAN",5,3,34,37
https://kawalpemilu.org#18907,"MUARA KATI LAMA, TIANG PUMPUNG KEPUNGUT, MUSI RAWAS, SUMATERA SELATAN",1,23,106,129
https://kawalpemilu.org#18907,"MUARA KATI LAMA, TIANG PUMPUNG KEPUNGUT, MUSI RAWAS, SUMATERA SELATAN",2,9,143,152
https://kawalpemilu.org#18907,"MUARA KATI LAMA, TIANG PUMPUNG KEPUNGUT, MUSI RAWAS, SUMATERA SELATAN",3,29,124,153
https://kawalpemilu.org#18907,"MUARA KATI LAMA, TIANG PUMPUNG KEPUNGUT, MUSI RAWAS, SUMATERA SELATAN",4,17,127,144
https://kawalpemilu.org#18908,"MA KATI BARU I, TIANG PUMPUNG KEPUNGUT, MUSI RAWAS, SUMATERA SELATAN",1,34,154,188
https://kawalpemilu.org#18908,"MA KATI BARU I, TIANG PUMPUNG KEPUNGUT, MUSI RAWAS, SUMATERA SELATAN",2,35,118,153
https://kawalpemilu.org#18908,"MA KATI BARU I, TIANG PUMPUNG KEPUNGUT, MUSI RAWAS, SUMATERA SELATAN",3,30,143,173
https://kawalpemilu.org#18908,"MA KATI BARU I, TIANG PUMPUNG KEPUNGUT, MUSI RAWAS, SUMATERA SELATAN",5,37,137,174
https://kawalpemilu.org#18908,"MA KATI BARU I, TIANG PUMPUNG KEPUNGUT, MUSI RAWAS, SUMATERA SELATAN",6,24,112,136
https://kawalpemilu.org#18909,"MA KATI BARU II, TIANG PUMPUNG KEPUNGUT, MUSI RAWAS, SUMATERA SELATAN",1,41,95,136
https://kawalpemilu.org#18909,"MA KATI BARU II, TIANG PUMPUNG KEPUNGUT, MUSI RAWAS, SUMATERA SELATAN",2,30,101,131
https://kawalpemilu.org#18909,"MA KATI BARU II, TIANG PUMPUNG KEPUNGUT, MUSI RAWAS, SUMATERA SELATAN",3,44,74,118
https://kawalpemilu.org#18910,"KEBUR, TIANG PUMPUNG KEPUNGUT, MUSI RAWAS, SUMATERA SELATAN",2,73,112,185
https://kawalpemilu.org#18910,"KEBUR, TIANG PUMPUNG KEPUNGUT, MUSI RAWAS, SUMATERA SELATAN",3,89,136,225
https://kawalpemilu.org#18911,"SIMPANG GEGAS TEMUAN, TIANG PUMPUNG KEPUNGUT, MUSI RAWAS, SUMATERA SELATAN",1,48,167,215
https://kawalpemilu.org#18911,"SIMPANG GEGAS TEMUAN, TIANG PUMPUNG KEPUNGUT, MUSI RAWAS, SUMATERA SELATAN",2,40,151,191
https://kawalpemilu.org#18911,"SIMPANG GEGAS TEMUAN, TIANG PUMPUNG KEPUNGUT, MUSI RAWAS, SUMATERA SELATAN",3,65,114,179
https://kawalpemilu.org#18911,"SIMPANG GEGAS TEMUAN, TIANG PUMPUNG KEPUNGUT, MUSI RAWAS, SUMATERA SELATAN",4,29,82,111
https://kawalpemilu.org#18911,"SIMPANG GEGAS TEMUAN, TIANG PUMPUNG KEPUNGUT, MUSI RAWAS, SUMATERA SELATAN",5,38,95,133
https://kawalpemilu.org#929007,"KEBUR JAYA, TIANG PUMPUNG KEPUNGUT, MUSI RAWAS, SUMATERA SELATAN",1,39,108,147
https://kawalpemilu.org#929007,"KEBUR JAYA, TIANG PUMPUNG KEPUNGUT, MUSI RAWAS, SUMATERA SELATAN",2,50,99,149
https://kawalpemilu.org#929007,"KEBUR JAYA, TIANG PUMPUNG KEPUNGUT, MUSI RAWAS, SUMATERA SELATAN",3,28,102,130
https://kawalpemilu.org#929007,"KEBUR JAYA, TIANG PUMPUNG KEPUNGUT, MUSI RAWAS, SUMATERA SELATAN",4,42,70,112
https://kawalpemilu.org#18913,"SUMBER HARTA, SUMBER HARTA, MUSI RAWAS, SUMATERA SELATAN",1,70,108,178
https://kawalpemilu.org#18913,"SUMBER HARTA, SUMBER HARTA, MUSI RAWAS, SUMATERA SELATAN",2,79,100,179
https://kawalpemilu.org#18913,"SUMBER HARTA, SUMBER HARTA, MUSI RAWAS, SUMATERA SELATAN",3,59,102,161
https://kawalpemilu.org#18913,"SUMBER HARTA, SUMBER HARTA, MUSI RAWAS, SUMATERA SELATAN",4,55,68,123
https://kawalpemilu.org#18913,"SUMBER HARTA, SUMBER HARTA, MUSI RAWAS, SUMATERA SELATAN",5,49,230,279
https://kawalpemilu.org#18913,"SUMBER HARTA, SUMBER HARTA, MUSI RAWAS, SUMATERA SELATAN",6,69,177,246
https://kawalpemilu.org#18913,"SUMBER HARTA, SUMBER HARTA, MUSI RAWAS, SUMATERA SELATAN",7,79,107,186
https://kawalpemilu.org#18913,"SUMBER HARTA, SUMBER HARTA, MUSI RAWAS, SUMATERA SELATAN",8,64,125,189
https://kawalpemilu.org#18913,"SUMBER HARTA, SUMBER HARTA, MUSI RAWAS, SUMATERA SELATAN",9,78,163,241
https://kawalpemilu.org#18913,"SUMBER HARTA, SUMBER HARTA, MUSI RAWAS, SUMATERA SELATAN",10,22,99,121
https://kawalpemilu.org#18913,"SUMBER HARTA, SUMBER HARTA, MUSI RAWAS, SUMATERA SELATAN",11,33,109,142
https://kawalpemilu.org#18913,"SUMBER HARTA, SUMBER HARTA, MUSI RAWAS, SUMATERA SELATAN",12,30,121,151
https://kawalpemilu.org#18913,"SUMBER HARTA, SUMBER HARTA, MUSI RAWAS, SUMATERA SELATAN",13,39,167,206
https://kawalpemilu.org#18914,"SUMBER JAYA, SUMBER HARTA, MUSI RAWAS, SUMATERA SELATAN",1,83,94,177
https://kawalpemilu.org#18914,"SUMBER JAYA, SUMBER HARTA, MUSI RAWAS, SUMATERA SELATAN",2,47,141,188
https://kawalpemilu.org#18914,"SUMBER JAYA, SUMBER HARTA, MUSI RAWAS, SUMATERA SELATAN",3,61,105,166
https://kawalpemilu.org#18915,"SUKA MAJU, SUMBER HARTA, MUSI RAWAS, SUMATERA SELATAN",1,42,193,235
https://kawalpemilu.org#18915,"SUKA MAJU, SUMBER HARTA, MUSI RAWAS, SUMATERA SELATAN",2,59,199,258
https://kawalpemilu.org#18915,"SUKA MAJU, SUMBER HARTA, MUSI RAWAS, SUMATERA SELATAN",3,41,161,206
https://kawalpemilu.org#18915,"SUKA MAJU, SUMBER HARTA, MUSI RAWAS, SUMATERA SELATAN",4,31,102,133
https://kawalpemilu.org#18916,"JAMBU REJO, SUMBER HARTA, MUSI RAWAS, SUMATERA SELATAN",1,64,104,168
https://kawalpemilu.org#18916,"JAMBU REJO, SUMBER HARTA, MUSI RAWAS, SUMATERA SELATAN",2,91,85,176
https://kawalpemilu.org#18916,"JAMBU REJO, SUMBER HARTA, MUSI RAWAS, SUMATERA SELATAN",3,46,129,175
https://kawalpemilu.org#18916,"JAMBU REJO, SUMBER HARTA, MUSI RAWAS, SUMATERA SELATAN",4,55,189,244
https://kawalpemilu.org#18916,"JAMBU REJO, SUMBER HARTA, MUSI RAWAS, SUMATERA SELATAN",5,78,151,229
https://kawalpemilu.org#18916,"JAMBU REJO, SUMBER HARTA, MUSI RAWAS, SUMATERA SELATAN",6,60,45,105
https://kawalpemilu.org#18916,"JAMBU REJO, SUMBER HARTA, MUSI RAWAS, SUMATERA SELATAN",7,49,62,111
https://kawalpemilu.org#18916,"JAMBU REJO, SUMBER HARTA, MUSI RAWAS, SUMATERA SELATAN",8,24,96,120
https://kawalpemilu.org#18917,"SUMBER SARI, SUMBER HARTA, MUSI RAWAS, SUMATERA SELATAN",1,178,66,244
https://kawalpemilu.org#18917,"SUMBER SARI, SUMBER HARTA, MUSI RAWAS, SUMATERA SELATAN",2,156,103,259
https://kawalpemilu.org#18917,"SUMBER SARI, SUMBER HARTA, MUSI RAWAS, SUMATERA SELATAN",3,177,63,240
https://kawalpemilu.org#18917,"SUMBER SARI, SUMBER HARTA, MUSI RAWAS, SUMATERA SELATAN",4,132,122,254
https://kawalpemilu.org#18917,"SUMBER SARI, SUMBER HARTA, MUSI RAWAS, SUMATERA SELATAN",5,94,50,144
https://kawalpemilu.org#18917,"SUMBER SARI, SUMBER HARTA, MUSI RAWAS, SUMATERA SELATAN",6,89,46,135
https://kawalpemilu.org#18917,"SUMBER SARI, SUMBER HARTA, MUSI RAWAS, SUMATERA SELATAN",7,101,68,169
https://kawalpemilu.org#18918,"SUKA MULYA, SUMBER HARTA, MUSI RAWAS, SUMATERA SELATAN",1,77,122,199
https://kawalpemilu.org#18918,"SUKA MULYA, SUMBER HARTA, MUSI RAWAS, SUMATERA SELATAN",2,93,83,176
https://kawalpemilu.org#18918,"SUKA MULYA, SUMBER HARTA, MUSI RAWAS, SUMATERA SELATAN",3,101,61,162
https://kawalpemilu.org#18918,"SUKA MULYA, SUMBER HARTA, MUSI RAWAS, SUMATERA SELATAN",4,49,45,94
https://kawalpemilu.org#18919,"SUKA JAYA, SUMBER HARTA, MUSI RAWAS, SUMATERA SELATAN",1,63,115,178
https://kawalpemilu.org#18919,"SUKA JAYA, SUMBER HARTA, MUSI RAWAS, SUMATERA SELATAN",2,63,146,209
https://kawalpemilu.org#18919,"SUKA JAYA, SUMBER HARTA, MUSI RAWAS, SUMATERA SELATAN",3,84,82,166
https://kawalpemilu.org#18919,"SUKA JAYA, SUMBER HARTA, MUSI RAWAS, SUMATERA SELATAN",4,61,81,142
https://kawalpemilu.org#18920,"MADANG, SUMBER HARTA, MUSI RAWAS, SUMATERA SELATAN",1,14,198,212
https://kawalpemilu.org#18920,"MADANG, SUMBER HARTA, MUSI RAWAS, SUMATERA SELATAN",2,35,106,141
https://kawalpemilu.org#18920,"MADANG, SUMBER HARTA, MUSI RAWAS, SUMATERA SELATAN",3,31,151,184
https://kawalpemilu.org#18920,"MADANG, SUMBER HARTA, MUSI RAWAS, SUMATERA SELATAN",4,74,76,150
https://kawalpemilu.org#18920,"MADANG, SUMBER HARTA, MUSI RAWAS, SUMATERA SELATAN",5,65,70,135
https://kawalpemilu.org#18920,"MADANG, SUMBER HARTA, MUSI RAWAS, SUMATERA SELATAN",6,88,140,228
https://kawalpemilu.org#18920,"MADANG, SUMBER HARTA, MUSI RAWAS, SUMATERA SELATAN",7,115,125,240
https://kawalpemilu.org#18920,"MADANG, SUMBER HARTA, MUSI RAWAS, SUMATERA SELATAN",8,50,57,107
https://kawalpemilu.org#18920,"MADANG, SUMBER HARTA, MUSI RAWAS, SUMATERA SELATAN",9,40,35,75
https://kawalpemilu.org#18921,"SUKARAMI JAYA, SUMBER HARTA, MUSI RAWAS, SUMATERA SELATAN",1,7,206,213
https://kawalpemilu.org#18921,"SUKARAMI JAYA, SUMBER HARTA, MUSI RAWAS, SUMATERA SELATAN",2,12,201,213
https://kawalpemilu.org#18921,"SUKARAMI JAYA, SUMBER HARTA, MUSI RAWAS, SUMATERA SELATAN",3,34,152,186
https://kawalpemilu.org#18921,"SUKARAMI JAYA, SUMBER HARTA, MUSI RAWAS, SUMATERA SELATAN",4,34,89,123
https://kawalpemilu.org#18921,"SUKARAMI JAYA, SUMBER HARTA, MUSI RAWAS, SUMATERA SELATAN",5,46,82,128
https://kawalpemilu.org#18921,"SUKARAMI JAYA, SUMBER HARTA, MUSI RAWAS, SUMATERA SELATAN",6,89,137,226
https://kawalpemilu.org#18921,"SUKARAMI JAYA, SUMBER HARTA, MUSI RAWAS, SUMATERA SELATAN",7,75,99,174
https://kawalpemilu.org#18921,"SUKARAMI JAYA, SUMBER HARTA, MUSI RAWAS, SUMATERA SELATAN",8,40,132,172
https://kawalpemilu.org#929008,"SUMBER ASRI, SUMBER HARTA, MUSI RAWAS, SUMATERA SELATAN",1,31,147,178
https://kawalpemilu.org#929008,"SUMBER ASRI, SUMBER HARTA, MUSI RAWAS, SUMATERA SELATAN",2,31,118,149
https://kawalpemilu.org#929008,"SUMBER ASRI, SUMBER HARTA, MUSI RAWAS, SUMATERA SELATAN",3,20,116,136
https://kawalpemilu.org#929008,"SUMBER ASRI, SUMBER HARTA, MUSI RAWAS, SUMATERA SELATAN",4,27,158,185
https://kawalpemilu.org#929008,"SUMBER ASRI, SUMBER HARTA, MUSI RAWAS, SUMATERA SELATAN",5,29,154,183
https://kawalpemilu.org#929008,"SUMBER ASRI, SUMBER HARTA, MUSI RAWAS, SUMATERA SELATAN",6,24,167,191
https://kawalpemilu.org#18923,"BANPRES, TUAH NEGERI, MUSI RAWAS, SUMATERA SELATAN",1,62,184,246
https://kawalpemilu.org#18923,"BANPRES, TUAH NEGERI, MUSI RAWAS, SUMATERA SELATAN",2,80,166,246
https://kawalpemilu.org#18923,"BANPRES, TUAH NEGERI, MUSI RAWAS, SUMATERA SELATAN",3,45,163,208
https://kawalpemilu.org#18923,"BANPRES, TUAH NEGERI, MUSI RAWAS, SUMATERA SELATAN",4,45,189,234
https://kawalpemilu.org#18923,"BANPRES, TUAH NEGERI, MUSI RAWAS, SUMATERA SELATAN",5,38,198,236
https://kawalpemilu.org#18923,"BANPRES, TUAH NEGERI, MUSI RAWAS, SUMATERA SELATAN",6,68,160,228
https://kawalpemilu.org#18923,"BANPRES, TUAH NEGERI, MUSI RAWAS, SUMATERA SELATAN",7,23,103,126
https://kawalpemilu.org#18924,"JAYA TUNGGAL, TUAH NEGERI, MUSI RAWAS, SUMATERA SELATAN",1,45,175,220
https://kawalpemilu.org#18924,"JAYA TUNGGAL, TUAH NEGERI, MUSI RAWAS, SUMATERA SELATAN",2,55,156,211
https://kawalpemilu.org#18924,"JAYA TUNGGAL, TUAH NEGERI, MUSI RAWAS, SUMATERA SELATAN",3,63,163,226
https://kawalpemilu.org#18924,"JAYA TUNGGAL, TUAH NEGERI, MUSI RAWAS, SUMATERA SELATAN",4,46,126,172
https://kawalpemilu.org#18925,"SUKA MULYA, TUAH NEGERI, MUSI RAWAS, SUMATERA SELATAN",1,58,175,233
https://kawalpemilu.org#18925,"SUKA MULYA, TUAH NEGERI, MUSI RAWAS, SUMATERA SELATAN",2,44,171,215
https://kawalpemilu.org#18925,"SUKA MULYA, TUAH NEGERI, MUSI RAWAS, SUMATERA SELATAN",3,39,154,193
https://kawalpemilu.org#18926,"DHARMA SAKTI, TUAH NEGERI, MUSI RAWAS, SUMATERA SELATAN",1,35,218,253
https://kawalpemilu.org#18926,"DHARMA SAKTI, TUAH NEGERI, MUSI RAWAS, SUMATERA SELATAN",2,45,213,258
https://kawalpemilu.org#18926,"DHARMA SAKTI, TUAH NEGERI, MUSI RAWAS, SUMATERA SELATAN",3,56,193,249
https://kawalpemilu.org#18926,"DHARMA SAKTI, TUAH NEGERI, MUSI RAWAS, SUMATERA SELATAN",4,35,204,239
https://kawalpemilu.org#18926,"DHARMA SAKTI, TUAH NEGERI, MUSI RAWAS, SUMATERA SELATAN",5,84,110,194
https://kawalpemilu.org#18926,"DHARMA SAKTI, TUAH NEGERI, MUSI RAWAS, SUMATERA SELATAN",6,63,159,222
https://kawalpemilu.org#18927,"JAYA BAKTI, TUAH NEGERI, MUSI RAWAS, SUMATERA SELATAN",1,54,166,220
https://kawalpemilu.org#18927,"JAYA BAKTI, TUAH NEGERI, MUSI RAWAS, SUMATERA SELATAN",2,58,171,229
https://kawalpemilu.org#18927,"JAYA BAKTI, TUAH NEGERI, MUSI RAWAS, SUMATERA SELATAN",3,53,175,228
https://kawalpemilu.org#18927,"JAYA BAKTI, TUAH NEGERI, MUSI RAWAS, SUMATERA SELATAN",4,47,184,231
https://kawalpemilu.org#18927,"JAYA BAKTI, TUAH NEGERI, MUSI RAWAS, SUMATERA SELATAN",5,60,177,237
https://kawalpemilu.org#18927,"JAYA BAKTI, TUAH NEGERI, MUSI RAWAS, SUMATERA SELATAN",6,47,134,181
https://kawalpemilu.org#18928,"REMAYU, TUAH NEGERI, MUSI RAWAS, SUMATERA SELATAN",1,22,231,253
https://kawalpemilu.org#18928,"REMAYU, TUAH NEGERI, MUSI RAWAS, SUMATERA SELATAN",2,38,218,256
https://kawalpemilu.org#18928,"REMAYU, TUAH NEGERI, MUSI RAWAS, SUMATERA SELATAN",3,52,217,269
https://kawalpemilu.org#18928,"REMAYU, TUAH NEGERI, MUSI RAWAS, SUMATERA SELATAN",4,57,170,227
https://kawalpemilu.org#18929,"PETUNANG, TUAH NEGERI, MUSI RAWAS, SUMATERA SELATAN",1,37,158,195
https://kawalpemilu.org#18929,"PETUNANG, TUAH NEGERI, MUSI RAWAS, SUMATERA SELATAN",2,53,166,219
https://kawalpemilu.org#18929,"PETUNANG, TUAH NEGERI, MUSI RAWAS, SUMATERA SELATAN",3,50,194,244
https://kawalpemilu.org#18929,"PETUNANG, TUAH NEGERI, MUSI RAWAS, SUMATERA SELATAN",4,34,128,162
https://kawalpemilu.org#18929,"PETUNANG, TUAH NEGERI, MUSI RAWAS, SUMATERA SELATAN",5,43,111,154
https://kawalpemilu.org#18929,"PETUNANG, TUAH NEGERI, MUSI RAWAS, SUMATERA SELATAN",6,47,132,179
https://kawalpemilu.org#18929,"PETUNANG, TUAH NEGERI, MUSI RAWAS, SUMATERA SELATAN",7,45,128,173
https://kawalpemilu.org#18929,"PETUNANG, TUAH NEGERI, MUSI RAWAS, SUMATERA SELATAN",8,58,139,197
https://kawalpemilu.org#18930,"LUBUK RUMBAI, TUAH NEGERI, MUSI RAWAS, SUMATERA SELATAN",1,38,192,230
https://kawalpemilu.org#18930,"LUBUK RUMBAI, TUAH NEGERI, MUSI RAWAS, SUMATERA SELATAN",2,22,201,223
https://kawalpemilu.org#18930,"LUBUK RUMBAI, TUAH NEGERI, MUSI RAWAS, SUMATERA SELATAN",3,27,205,232
https://kawalpemilu.org#18930,"LUBUK RUMBAI, TUAH NEGERI, MUSI RAWAS, SUMATERA SELATAN",4,82,160,242
https://kawalpemilu.org#18930,"LUBUK RUMBAI, TUAH NEGERI, MUSI RAWAS, SUMATERA SELATAN",5,49,223,272
https://kawalpemilu.org#18930,"LUBUK RUMBAI, TUAH NEGERI, MUSI RAWAS, SUMATERA SELATAN",6,69,177,246
https://kawalpemilu.org#18930,"LUBUK RUMBAI, TUAH NEGERI, MUSI RAWAS, SUMATERA SELATAN",7,55,196,251
https://kawalpemilu.org#18930,"LUBUK RUMBAI, TUAH NEGERI, MUSI RAWAS, SUMATERA SELATAN",8,108,150,258
https://kawalpemilu.org#18930,"LUBUK RUMBAI, TUAH NEGERI, MUSI RAWAS, SUMATERA SELATAN",9,126,103,229
https://kawalpemilu.org#18930,"LUBUK RUMBAI, TUAH NEGERI, MUSI RAWAS, SUMATERA SELATAN",10,176,86,262
https://kawalpemilu.org#18930,"LUBUK RUMBAI, TUAH NEGERI, MUSI RAWAS, SUMATERA SELATAN",11,66,170,236
https://kawalpemilu.org#18931,"AIR BELITI, TUAH NEGERI, MUSI RAWAS, SUMATERA SELATAN",1,48,200,248
https://kawalpemilu.org#18931,"AIR BELITI, TUAH NEGERI, MUSI RAWAS, SUMATERA SELATAN",2,65,187,252
https://kawalpemilu.org#18931,"AIR BELITI, TUAH NEGERI, MUSI RAWAS, SUMATERA SELATAN",3,63,187,250
https://kawalpemilu.org#18931,"AIR BELITI, TUAH NEGERI, MUSI RAWAS, SUMATERA SELATAN",4,36,182,218
https://kawalpemilu.org#18931,"AIR BELITI, TUAH NEGERI, MUSI RAWAS, SUMATERA SELATAN",5,26,139,165
https://kawalpemilu.org#18932,"LEBAN JAYA, TUAH NEGERI, MUSI RAWAS, SUMATERA SELATAN",1,86,174,260
https://kawalpemilu.org#18932,"LEBAN JAYA, TUAH NEGERI, MUSI RAWAS, SUMATERA SELATAN",2,76,163,239
https://kawalpemilu.org#18932,"LEBAN JAYA, TUAH NEGERI, MUSI RAWAS, SUMATERA SELATAN",3,87,149,236
https://kawalpemilu.org#18932,"LEBAN JAYA, TUAH NEGERI, MUSI RAWAS, SUMATERA SELATAN",4,113,131,244
https://kawalpemilu.org#18932,"LEBAN JAYA, TUAH NEGERI, MUSI RAWAS, SUMATERA SELATAN",5,108,165,273
https://kawalpemilu.org#18932,"LEBAN JAYA, TUAH NEGERI, MUSI RAWAS, SUMATERA SELATAN",6,77,182,259
https://kawalpemilu.org#18932,"LEBAN JAYA, TUAH NEGERI, MUSI RAWAS, SUMATERA SELATAN",7,87,154,241
https://kawalpemilu.org#18932,"LEBAN JAYA, TUAH NEGERI, MUSI RAWAS, SUMATERA SELATAN",8,55,159,214
https://kawalpemilu.org#18933,"BAMASCO, TUAH NEGERI, MUSI RAWAS, SUMATERA SELATAN",1,108,159,267
https://kawalpemilu.org#18933,"BAMASCO, TUAH NEGERI, MUSI RAWAS, SUMATERA SELATAN",2,104,115,219
https://kawalpemilu.org#18933,"BAMASCO, TUAH NEGERI, MUSI RAWAS, SUMATERA SELATAN",3,86,179,265
https://kawalpemilu.org#18933,"BAMASCO, TUAH NEGERI, MUSI RAWAS, SUMATERA SELATAN",4,92,138,130
https://kawalpemilu.org#18933,"BAMASCO, TUAH NEGERI, MUSI RAWAS, SUMATERA SELATAN",5,129,106,235
https://kawalpemilu.org#18933,"BAMASCO, TUAH NEGERI, MUSI RAWAS, SUMATERA SELATAN",6,55,175,230
https://kawalpemilu.org#18933,"BAMASCO, TUAH NEGERI, MUSI RAWAS, SUMATERA SELATAN",7,79,95,174
https://kawalpemilu.org#18935,"SUKOWARNO, SUKA KARYA, MUSI RAWAS, SUMATERA SELATAN",1,160,85,245
https://kawalpemilu.org#18935,"SUKOWARNO, SUKA KARYA, MUSI RAWAS, SUMATERA SELATAN",2,140,69,209
https://kawalpemilu.org#18935,"SUKOWARNO, SUKA KARYA, MUSI RAWAS, SUMATERA SELATAN",3,134,74,208
https://kawalpemilu.org#18935,"SUKOWARNO, SUKA KARYA, MUSI RAWAS, SUMATERA SELATAN",4,154,88,242
https://kawalpemilu.org#18936,"SUGIH WARAS, SUKA KARYA, MUSI RAWAS, SUMATERA SELATAN",1,102,89,191
https://kawalpemilu.org#18936,"SUGIH WARAS, SUKA KARYA, MUSI RAWAS, SUMATERA SELATAN",2,73,108,181
https://kawalpemilu.org#18936,"SUGIH WARAS, SUKA KARYA, MUSI RAWAS, SUMATERA SELATAN",3,50,128,178
https://kawalpemilu.org#18936,"SUGIH WARAS, SUKA KARYA, MUSI RAWAS, SUMATERA SELATAN",4,55,127,182
https://kawalpemilu.org#18936,"SUGIH WARAS, SUKA KARYA, MUSI RAWAS, SUMATERA SELATAN",5,49,141,190
https://kawalpemilu.org#18936,"SUGIH WARAS, SUKA KARYA, MUSI RAWAS, SUMATERA SELATAN",6,51,148,199
https://kawalpemilu.org#18937,"BANGUN REJO, SUKA KARYA, MUSI RAWAS, SUMATERA SELATAN",1,47,201,248
https://kawalpemilu.org#18937,"BANGUN REJO, SUKA KARYA, MUSI RAWAS, SUMATERA SELATAN",2,59,139,198
https://kawalpemilu.org#18937,"BANGUN REJO, SUKA KARYA, MUSI RAWAS, SUMATERA SELATAN",3,85,154,239
https://kawalpemilu.org#18937,"BANGUN REJO, SUKA KARYA, MUSI RAWAS, SUMATERA SELATAN",4,112,116,228
https://kawalpemilu.org#18937,"BANGUN REJO, SUKA KARYA, MUSI RAWAS, SUMATERA SELATAN",5,126,110,236
https://kawalpemilu.org#18937,"BANGUN REJO, SUKA KARYA, MUSI RAWAS, SUMATERA SELATAN",6,127,70,197
https://kawalpemilu.org#18937,"BANGUN REJO, SUKA KARYA, MUSI RAWAS, SUMATERA SELATAN",7,116,118,234
https://kawalpemilu.org#18938,"CIPTODADI, SUKA KARYA, MUSI RAWAS, SUMATERA SELATAN",1,78,138,216
https://kawalpemilu.org#18938,"CIPTODADI, SUKA KARYA, MUSI RAWAS, SUMATERA SELATAN",2,56,156,212
https://kawalpemilu.org#18938,"CIPTODADI, SUKA KARYA, MUSI RAWAS, SUMATERA SELATAN",3,67,128,195
https://kawalpemilu.org#18938,"CIPTODADI, SUKA KARYA, MUSI RAWAS, SUMATERA SELATAN",4,74,122,196
https://kawalpemilu.org#18938,"CIPTODADI, SUKA KARYA, MUSI RAWAS, SUMATERA SELATAN",5,81,176,257
https://kawalpemilu.org#18938,"CIPTODADI, SUKA KARYA, MUSI RAWAS, SUMATERA SELATAN",6,80,177,257
https://kawalpemilu.org#18938,"CIPTODADI, SUKA KARYA, MUSI RAWAS, SUMATERA SELATAN",7,90,127,217
https://kawalpemilu.org#18938,"CIPTODADI, SUKA KARYA, MUSI RAWAS, SUMATERA SELATAN",8,113,102,215
https://kawalpemilu.org#18938,"CIPTODADI, SUKA KARYA, MUSI RAWAS, SUMATERA SELATAN",9,152,55,207
https://kawalpemilu.org#18938,"CIPTODADI, SUKA KARYA, MUSI RAWAS, SUMATERA SELATAN",10,111,48,159
https://kawalpemilu.org#18939,"SUKARENA, SUKA KARYA, MUSI RAWAS, SUMATERA SELATAN",1,123,88,211
https://kawalpemilu.org#18939,"SUKARENA, SUKA KARYA, MUSI RAWAS, SUMATERA SELATAN",2,117,92,209
https://kawalpemilu.org#18939,"SUKARENA, SUKA KARYA, MUSI RAWAS, SUMATERA SELATAN",3,104,120,224
https://kawalpemilu.org#18940,"YUDHA KARYA BHAKTI, SUKA KARYA, MUSI RAWAS, SUMATERA SELATAN",1,69,142,211
https://kawalpemilu.org#18940,"YUDHA KARYA BHAKTI, SUKA KARYA, MUSI RAWAS, SUMATERA SELATAN",2,52,129,181
https://kawalpemilu.org#18940,"YUDHA KARYA BHAKTI, SUKA KARYA, MUSI RAWAS, SUMATERA SELATAN",3,74,121,195
https://kawalpemilu.org#18941,"RANTAU ALIH, SUKA KARYA, MUSI RAWAS, SUMATERA SELATAN",1,133,97,230
https://kawalpemilu.org#18941,"RANTAU ALIH, SUKA KARYA, MUSI RAWAS, SUMATERA SELATAN",2,147,100,247
https://kawalpemilu.org#18941,"RANTAU ALIH, SUKA KARYA, MUSI RAWAS, SUMATERA SELATAN",3,121,86,207
https://kawalpemilu.org#929009,"CIPTODADI II, SUKA KARYA, MUSI RAWAS, SUMATERA SELATAN",1,91,170,261
https://kawalpemilu.org#929009,"CIPTODADI II, SUKA KARYA, MUSI RAWAS, SUMATERA SELATAN",2,68,130,198
https://kawalpemilu.org#929009,"CIPTODADI II, SUKA KARYA, MUSI RAWAS, SUMATERA SELATAN",3,135,107,242
https://kawalpemilu.org#929009,"CIPTODADI II, SUKA KARYA, MUSI RAWAS, SUMATERA SELATAN",4,145,71,216
https://kawalpemilu.org#929009,"CIPTODADI II, SUKA KARYA, MUSI RAWAS, SUMATERA SELATAN",5,101,33,134
https://kawalpemilu.org#18944,"KAYU ARA, SEKAYU, MUSI BANYUASIN, SUMATERA SELATAN",1,91,177,268
https://kawalpemilu.org#18944,"KAYU ARA, SEKAYU, MUSI BANYUASIN, SUMATERA SELATAN",2,86,146,232
https://kawalpemilu.org#18944,"KAYU ARA, SEKAYU, MUSI BANYUASIN, SUMATERA SELATAN",3,44,142,186
https://kawalpemilu.org#18944,"KAYU ARA, SEKAYU, MUSI BANYUASIN, SUMATERA SELATAN",4,40,122,162
https://kawalpemilu.org#18944,"KAYU ARA, SEKAYU, MUSI BANYUASIN, SUMATERA SELATAN",5,47,165,212
https://kawalpemilu.org#18944,"KAYU ARA, SEKAYU, MUSI BANYUASIN, SUMATERA SELATAN",6,76,184,260
https://kawalpemilu.org#18944,"KAYU ARA, SEKAYU, MUSI BANYUASIN, SUMATERA SELATAN",7,43,199,242
https://kawalpemilu.org#18944,"KAYU ARA, SEKAYU, MUSI BANYUASIN, SUMATERA SELATAN",8,20,79,99
https://kawalpemilu.org#18944,"KAYU ARA, SEKAYU, MUSI BANYUASIN, SUMATERA SELATAN",9,37,215,252
https://kawalpemilu.org#18944,"KAYU ARA, SEKAYU, MUSI BANYUASIN, SUMATERA SELATAN",10,23,206,229
https://kawalpemilu.org#18944,"KAYU ARA, SEKAYU, MUSI BANYUASIN, SUMATERA SELATAN",11,38,206,244
https://kawalpemilu.org#18944,"KAYU ARA, SEKAYU, MUSI BANYUASIN, SUMATERA SELATAN",12,29,208,237
https://kawalpemilu.org#18944,"KAYU ARA, SEKAYU, MUSI BANYUASIN, SUMATERA SELATAN",13,44,197,241
https://kawalpemilu.org#18944,"KAYU ARA, SEKAYU, MUSI BANYUASIN, SUMATERA SELATAN",14,42,141,183
https://kawalpemilu.org#18944,"KAYU ARA, SEKAYU, MUSI BANYUASIN, SUMATERA SELATAN",15,32,158,190
https://kawalpemilu.org#18944,"KAYU ARA, SEKAYU, MUSI BANYUASIN, SUMATERA SELATAN",16,29,272,301
https://kawalpemilu.org#18944,"KAYU ARA, SEKAYU, MUSI BANYUASIN, SUMATERA SELATAN",17,69,255,324
https://kawalpemilu.org#18944,"KAYU ARA, SEKAYU, MUSI BANYUASIN, SUMATERA SELATAN",18,45,231,229
https://kawalpemilu.org#18944,"KAYU ARA, SEKAYU, MUSI BANYUASIN, SUMATERA SELATAN",19,39,225,264
https://kawalpemilu.org#18944,"KAYU ARA, SEKAYU, MUSI BANYUASIN, SUMATERA SELATAN",20,36,232,268
https://kawalpemilu.org#18944,"KAYU ARA, SEKAYU, MUSI BANYUASIN, SUMATERA SELATAN",21,9,114,123
https://kawalpemilu.org#18944,"KAYU ARA, SEKAYU, MUSI BANYUASIN, SUMATERA SELATAN",22,37,54,91
https://kawalpemilu.org#18944,"KAYU ARA, SEKAYU, MUSI BANYUASIN, SUMATERA SELATAN",23,22,66,88
https://kawalpemilu.org#18944,"KAYU ARA, SEKAYU, MUSI BANYUASIN, SUMATERA SELATAN",24,31,189,220
https://kawalpemilu.org#18944,"KAYU ARA, SEKAYU, MUSI BANYUASIN, SUMATERA SELATAN",25,35,255,290
https://kawalpemilu.org#18944,"KAYU ARA, SEKAYU, MUSI BANYUASIN, SUMATERA SELATAN",26,36,183,219
https://kawalpemilu.org#18944,"KAYU ARA, SEKAYU, MUSI BANYUASIN, SUMATERA SELATAN",27,12,113,125
https://kawalpemilu.org#18945,"SERASAN JAYA, SEKAYU, MUSI BANYUASIN, SUMATERA SELATAN",1,54,156,210
https://kawalpemilu.org#18945,"SERASAN JAYA, SEKAYU, MUSI BANYUASIN, SUMATERA SELATAN",2,85,177,262
https://kawalpemilu.org#18945,"SERASAN JAYA, SEKAYU, MUSI BANYUASIN, SUMATERA SELATAN",3,59,172,231
https://kawalpemilu.org#18945,"SERASAN JAYA, SEKAYU, MUSI BANYUASIN, SUMATERA SELATAN",4,34,131,165
https://kawalpemilu.org#18945,"SERASAN JAYA, SEKAYU, MUSI BANYUASIN, SUMATERA SELATAN",5,43,156,199
https://kawalpemilu.org#18945,"SERASAN JAYA, SEKAYU, MUSI BANYUASIN, SUMATERA SELATAN",6,37,102,139
https://kawalpemilu.org#18945,"SERASAN JAYA, SEKAYU, MUSI BANYUASIN, SUMATERA SELATAN",7,43,208,251
https://kawalpemilu.org#18945,"SERASAN JAYA, SEKAYU, MUSI BANYUASIN, SUMATERA SELATAN",8,59,138,197
https://kawalpemilu.org#18945,"SERASAN JAYA, SEKAYU, MUSI BANYUASIN, SUMATERA SELATAN",9,57,167,224
https://kawalpemilu.org#18945,"SERASAN JAYA, SEKAYU, MUSI BANYUASIN, SUMATERA SELATAN",10,56,175,231
https://kawalpemilu.org#18945,"SERASAN JAYA, SEKAYU, MUSI BANYUASIN, SUMATERA SELATAN",11,29,160,189
https://kawalpemilu.org#18945,"SERASAN JAYA, SEKAYU, MUSI BANYUASIN, SUMATERA SELATAN",12,26,143,169
https://kawalpemilu.org#18945,"SERASAN JAYA, SEKAYU, MUSI BANYUASIN, SUMATERA SELATAN",13,23,112,135
https://kawalpemilu.org#18945,"SERASAN JAYA, SEKAYU, MUSI BANYUASIN, SUMATERA SELATAN",14,28,158,186
https://kawalpemilu.org#18945,"SERASAN JAYA, SEKAYU, MUSI BANYUASIN, SUMATERA SELATAN",15,28,106,134
https://kawalpemilu.org#18945,"SERASAN JAYA, SEKAYU, MUSI BANYUASIN, SUMATERA SELATAN",16,23,110,133
https://kawalpemilu.org#18945,"SERASAN JAYA, SEKAYU, MUSI BANYUASIN, SUMATERA SELATAN",17,18,117,135
https://kawalpemilu.org#18945,"SERASAN JAYA, SEKAYU, MUSI BANYUASIN, SUMATERA SELATAN",18,66,210,276
https://kawalpemilu.org#18945,"SERASAN JAYA, SEKAYU, MUSI BANYUASIN, SUMATERA SELATAN",19,53,190,243
https://kawalpemilu.org#18945,"SERASAN JAYA, SEKAYU, MUSI BANYUASIN, SUMATERA SELATAN",20,35,107,142
https://kawalpemilu.org#18945,"SERASAN JAYA, SEKAYU, MUSI BANYUASIN, SUMATERA SELATAN",21,36,120,156
https://kawalpemilu.org#18945,"SERASAN JAYA, SEKAYU, MUSI BANYUASIN, SUMATERA SELATAN",22,51,96,147
https://kawalpemilu.org#18945,"SERASAN JAYA, SEKAYU, MUSI BANYUASIN, SUMATERA SELATAN",23,22,88,110
https://kawalpemilu.org#18945,"SERASAN JAYA, SEKAYU, MUSI BANYUASIN, SUMATERA SELATAN",24,30,164,194
https://kawalpemilu.org#18945,"SERASAN JAYA, SEKAYU, MUSI BANYUASIN, SUMATERA SELATAN",25,64,198,262
https://kawalpemilu.org#18945,"SERASAN JAYA, SEKAYU, MUSI BANYUASIN, SUMATERA SELATAN",26,46,203,249
https://kawalpemilu.org#18945,"SERASAN JAYA, SEKAYU, MUSI BANYUASIN, SUMATERA SELATAN",27,56,209,265
https://kawalpemilu.org#18945,"SERASAN JAYA, SEKAYU, MUSI BANYUASIN, SUMATERA SELATAN",28,38,204,242
https://kawalpemilu.org#18945,"SERASAN JAYA, SEKAYU, MUSI BANYUASIN, SUMATERA SELATAN",29,45,150,195
https://kawalpemilu.org#18945,"SERASAN JAYA, SEKAYU, MUSI BANYUASIN, SUMATERA SELATAN",30,9,47,56
https://kawalpemilu.org#18945,"SERASAN JAYA, SEKAYU, MUSI BANYUASIN, SUMATERA SELATAN",31,5,54,59
https://kawalpemilu.org#18945,"SERASAN JAYA, SEKAYU, MUSI BANYUASIN, SUMATERA SELATAN",32,6,39,45
https://kawalpemilu.org#18946,"SOAK BARU, SEKAYU, MUSI BANYUASIN, SUMATERA SELATAN",1,71,202,273
https://kawalpemilu.org#18946,"SOAK BARU, SEKAYU, MUSI BANYUASIN, SUMATERA SELATAN",2,63,164,227
https://kawalpemilu.org#18946,"SOAK BARU, SEKAYU, MUSI BANYUASIN, SUMATERA SELATAN",4,73,225,298
https://kawalpemilu.org#18946,"SOAK BARU, SEKAYU, MUSI BANYUASIN, SUMATERA SELATAN",5,58,224,282
https://kawalpemilu.org#18946,"SOAK BARU, SEKAYU, MUSI BANYUASIN, SUMATERA SELATAN",6,26,128,154
https://kawalpemilu.org#18946,"SOAK BARU, SEKAYU, MUSI BANYUASIN, SUMATERA SELATAN",7,34,104,138
https://kawalpemilu.org#18946,"SOAK BARU, SEKAYU, MUSI BANYUASIN, SUMATERA SELATAN",8,43,226,269
https://kawalpemilu.org#18946,"SOAK BARU, SEKAYU, MUSI BANYUASIN, SUMATERA SELATAN",9,56,226,282
https://kawalpemilu.org#18946,"SOAK BARU, SEKAYU, MUSI BANYUASIN, SUMATERA SELATAN",10,31,174,205
https://kawalpemilu.org#18946,"SOAK BARU, SEKAYU, MUSI BANYUASIN, SUMATERA SELATAN",11,67,203,270
https://kawalpemilu.org#18946,"SOAK BARU, SEKAYU, MUSI BANYUASIN, SUMATERA SELATAN",12,68,148,216
https://kawalpemilu.org#18946,"SOAK BARU, SEKAYU, MUSI BANYUASIN, SUMATERA SELATAN",13,72,179,251
https://kawalpemilu.org#18946,"SOAK BARU, SEKAYU, MUSI BANYUASIN, SUMATERA SELATAN",14,64,184,248
https://kawalpemilu.org#18946,"SOAK BARU, SEKAYU, MUSI BANYUASIN, SUMATERA SELATAN",15,63,188,251
https://kawalpemilu.org#18946,"SOAK BARU, SEKAYU, MUSI BANYUASIN, SUMATERA SELATAN",16,40,187,227
https://kawalpemilu.org#18946,"SOAK BARU, SEKAYU, MUSI BANYUASIN, SUMATERA SELATAN",17,84,165,249
https://kawalpemilu.org#18946,"SOAK BARU, SEKAYU, MUSI BANYUASIN, SUMATERA SELATAN",18,38,92,130
https://kawalpemilu.org#18946,"SOAK BARU, SEKAYU, MUSI BANYUASIN, SUMATERA SELATAN",19,58,149,207
https://kawalpemilu.org#18946,"SOAK BARU, SEKAYU, MUSI BANYUASIN, SUMATERA SELATAN",20,101,128,229
https://kawalpemilu.org#18947,"BALAI AGUNG, SEKAYU, MUSI BANYUASIN, SUMATERA SELATAN",1,34,96,130
https://kawalpemilu.org#18947,"BALAI AGUNG, SEKAYU, MUSI BANYUASIN, SUMATERA SELATAN",2,24,61,85
https://kawalpemilu.org#18947,"BALAI AGUNG, SEKAYU, MUSI BANYUASIN, SUMATERA SELATAN",3,65,190,255
https://kawalpemilu.org#18947,"BALAI AGUNG, SEKAYU, MUSI BANYUASIN, SUMATERA SELATAN",4,14,138,152
https://kawalpemilu.org#18947,"BALAI AGUNG, SEKAYU, MUSI BANYUASIN, SUMATERA SELATAN",5,12,80,92
https://kawalpemilu.org#18947,"BALAI AGUNG, SEKAYU, MUSI BANYUASIN, SUMATERA SELATAN",6,38,139,177
https://kawalpemilu.org#18947,"BALAI AGUNG, SEKAYU, MUSI BANYUASIN, SUMATERA SELATAN",7,56,168,224
https://kawalpemilu.org#18947,"BALAI AGUNG, SEKAYU, MUSI BANYUASIN, SUMATERA SELATAN",8,72,125,197
https://kawalpemilu.org#18947,"BALAI AGUNG, SEKAYU, MUSI BANYUASIN, SUMATERA SELATAN",9,48,165,213
https://kawalpemilu.org#18947,"BALAI AGUNG, SEKAYU, MUSI BANYUASIN, SUMATERA SELATAN",10,51,170,221
https://kawalpemilu.org#18947,"BALAI AGUNG, SEKAYU, MUSI BANYUASIN, SUMATERA SELATAN",11,48,140,188
https://kawalpemilu.org#18947,"BALAI AGUNG, SEKAYU, MUSI BANYUASIN, SUMATERA SELATAN",12,27,113,140
https://kawalpemilu.org#18947,"BALAI AGUNG, SEKAYU, MUSI BANYUASIN, SUMATERA SELATAN",13,17,133,150
https://kawalpemilu.org#18947,"BALAI AGUNG, SEKAYU, MUSI BANYUASIN, SUMATERA SELATAN",14,25,114,139
https://kawalpemilu.org#18947,"BALAI AGUNG, SEKAYU, MUSI BANYUASIN, SUMATERA SELATAN",15,24,113,137
https://kawalpemilu.org#18947,"BALAI AGUNG, SEKAYU, MUSI BANYUASIN, SUMATERA SELATAN",16,40,166,206
https://kawalpemilu.org#18947,"BALAI AGUNG, SEKAYU, MUSI BANYUASIN, SUMATERA SELATAN",17,46,149,195
https://kawalpemilu.org#18947,"BALAI AGUNG, SEKAYU, MUSI BANYUASIN, SUMATERA SELATAN",18,22,189,211
https://kawalpemilu.org#18947,"BALAI AGUNG, SEKAYU, MUSI BANYUASIN, SUMATERA SELATAN",19,17,151,168
https://kawalpemilu.org#18947,"BALAI AGUNG, SEKAYU, MUSI BANYUASIN, SUMATERA SELATAN",20,37,140,177
https://kawalpemilu.org#18947,"BALAI AGUNG, SEKAYU, MUSI BANYUASIN, SUMATERA SELATAN",21,22,126,148
https://kawalpemilu.org#18947,"BALAI AGUNG, SEKAYU, MUSI BANYUASIN, SUMATERA SELATAN",22,35,202,237
https://kawalpemilu.org#18947,"BALAI AGUNG, SEKAYU, MUSI BANYUASIN, SUMATERA SELATAN",23,37,212,249
https://kawalpemilu.org#18947,"BALAI AGUNG, SEKAYU, MUSI BANYUASIN, SUMATERA SELATAN",24,32,203,235
https://kawalpemilu.org#18947,"BALAI AGUNG, SEKAYU, MUSI BANYUASIN, SUMATERA SELATAN",25,24,137,161
https://kawalpemilu.org#18947,"BALAI AGUNG, SEKAYU, MUSI BANYUASIN, SUMATERA SELATAN",26,23,141,164
https://kawalpemilu.org#18947,"BALAI AGUNG, SEKAYU, MUSI BANYUASIN, SUMATERA SELATAN",27,21,131,152
https://kawalpemilu.org#18947,"BALAI AGUNG, SEKAYU, MUSI BANYUASIN, SUMATERA SELATAN",28,22,152,174
https://kawalpemilu.org#18947,"BALAI AGUNG, SEKAYU, MUSI BANYUASIN, SUMATERA SELATAN",29,57,130,187
https://kawalpemilu.org#18947,"BALAI AGUNG, SEKAYU, MUSI BANYUASIN, SUMATERA SELATAN",30,42,114,156
https://kawalpemilu.org#18947,"BALAI AGUNG, SEKAYU, MUSI BANYUASIN, SUMATERA SELATAN",31,48,133,181
https://kawalpemilu.org#18947,"BALAI AGUNG, SEKAYU, MUSI BANYUASIN, SUMATERA SELATAN",32,51,126,177
https://kawalpemilu.org#18947,"BALAI AGUNG, SEKAYU, MUSI BANYUASIN, SUMATERA SELATAN",33,38,115,153
https://kawalpemilu.org#18947,"BALAI AGUNG, SEKAYU, MUSI BANYUASIN, SUMATERA SELATAN",34,52,89,141
https://kawalpemilu.org#18947,"BALAI AGUNG, SEKAYU, MUSI BANYUASIN, SUMATERA SELATAN",35,35,78,113
https://kawalpemilu.org#18947,"BALAI AGUNG, SEKAYU, MUSI BANYUASIN, SUMATERA SELATAN",36,54,186,240
https://kawalpemilu.org#18947,"BALAI AGUNG, SEKAYU, MUSI BANYUASIN, SUMATERA SELATAN",37,57,214,271
https://kawalpemilu.org#18947,"BALAI AGUNG, SEKAYU, MUSI BANYUASIN, SUMATERA SELATAN",38,46,205,251
https://kawalpemilu.org#18947,"BALAI AGUNG, SEKAYU, MUSI BANYUASIN, SUMATERA SELATAN",39,28,140,168
https://kawalpemilu.org#18947,"BALAI AGUNG, SEKAYU, MUSI BANYUASIN, SUMATERA SELATAN",40,69,156,225
https://kawalpemilu.org#18947,"BALAI AGUNG, SEKAYU, MUSI BANYUASIN, SUMATERA SELATAN",41,48,186,234
https://kawalpemilu.org#18947,"BALAI AGUNG, SEKAYU, MUSI BANYUASIN, SUMATERA SELATAN",42,57,145,202
https://kawalpemilu.org#18947,"BALAI AGUNG, SEKAYU, MUSI BANYUASIN, SUMATERA SELATAN",43,59,114,173
https://kawalpemilu.org#18947,"BALAI AGUNG, SEKAYU, MUSI BANYUASIN, SUMATERA SELATAN",44,56,104,160
https://kawalpemilu.org#18947,"BALAI AGUNG, SEKAYU, MUSI BANYUASIN, SUMATERA SELATAN",45,36,201,237
https://kawalpemilu.org#18947,"BALAI AGUNG, SEKAYU, MUSI BANYUASIN, SUMATERA SELATAN",46,30,148,178
https://kawalpemilu.org#18947,"BALAI AGUNG, SEKAYU, MUSI BANYUASIN, SUMATERA SELATAN",47,41,125,166
https://kawalpemilu.org#18947,"BALAI AGUNG, SEKAYU, MUSI BANYUASIN, SUMATERA SELATAN",48,36,116,152
https://kawalpemilu.org#18947,"BALAI AGUNG, SEKAYU, MUSI BANYUASIN, SUMATERA SELATAN",49,30,142,172
https://kawalpemilu.org#18947,"BALAI AGUNG, SEKAYU, MUSI BANYUASIN, SUMATERA SELATAN",50,16,158,174
https://kawalpemilu.org#18947,"BALAI AGUNG, SEKAYU, MUSI BANYUASIN, SUMATERA SELATAN",51,39,189,228
https://kawalpemilu.org#18947,"BALAI AGUNG, SEKAYU, MUSI BANYUASIN, SUMATERA SELATAN",52,46,180,226
https://kawalpemilu.org#18947,"BALAI AGUNG, SEKAYU, MUSI BANYUASIN, SUMATERA SELATAN",53,30,180,210
https://kawalpemilu.org#18947,"BALAI AGUNG, SEKAYU, MUSI BANYUASIN, SUMATERA SELATAN",54,52,202,254
https://kawalpemilu.org#18947,"BALAI AGUNG, SEKAYU, MUSI BANYUASIN, SUMATERA SELATAN",55,37,248,285
https://kawalpemilu.org#18948,"SUKARAMI, SEKAYU, MUSI BANYUASIN, SUMATERA SELATAN",1,57,175,232
https://kawalpemilu.org#18948,"SUKARAMI, SEKAYU, MUSI BANYUASIN, SUMATERA SELATAN",2,50,150,200
https://kawalpemilu.org#18948,"SUKARAMI, SEKAYU, MUSI BANYUASIN, SUMATERA SELATAN",3,33,158,191
https://kawalpemilu.org#18948,"SUKARAMI, SEKAYU, MUSI BANYUASIN, SUMATERA SELATAN",4,28,158,186
https://kawalpemilu.org#18948,"SUKARAMI, SEKAYU, MUSI BANYUASIN, SUMATERA SELATAN",5,31,164,195
https://kawalpemilu.org#18948,"SUKARAMI, SEKAYU, MUSI BANYUASIN, SUMATERA SELATAN",6,20,184,204
https://kawalpemilu.org#18948,"SUKARAMI, SEKAYU, MUSI BANYUASIN, SUMATERA SELATAN",7,22,191,213
https://kawalpemilu.org#18948,"SUKARAMI, SEKAYU, MUSI BANYUASIN, SUMATERA SELATAN",8,34,171,205
https://kawalpemilu.org#18948,"SUKARAMI, SEKAYU, MUSI BANYUASIN, SUMATERA SELATAN",9,21,187,208
https://kawalpemilu.org#18948,"SUKARAMI, SEKAYU, MUSI BANYUASIN, SUMATERA SELATAN",10,22,189,211
https://kawalpemilu.org#18948,"SUKARAMI, SEKAYU, MUSI BANYUASIN, SUMATERA SELATAN",11,37,153,190
https://kawalpemilu.org#18948,"SUKARAMI, SEKAYU, MUSI BANYUASIN, SUMATERA SELATAN",12,29,191,220
https://kawalpemilu.org#18949,"LUMPATAN, SEKAYU, MUSI BANYUASIN, SUMATERA SELATAN",1,31,123,154
https://kawalpemilu.org#18949,"LUMPATAN, SEKAYU, MUSI BANYUASIN, SUMATERA SELATAN",2,74,119,193
https://kawalpemilu.org#18949,"LUMPATAN, SEKAYU, MUSI BANYUASIN, SUMATERA SELATAN",3,75,151,226
https://kawalpemilu.org#18949,"LUMPATAN, SEKAYU, MUSI BANYUASIN, SUMATERA SELATAN",4,36,129,165
https://kawalpemilu.org#18949,"LUMPATAN, SEKAYU, MUSI BANYUASIN, SUMATERA SELATAN",5,32,159,191
https://kawalpemilu.org#18949,"LUMPATAN, SEKAYU, MUSI BANYUASIN, SUMATERA SELATAN",6,38,182,220
https://kawalpemilu.org#18949,"LUMPATAN, SEKAYU, MUSI BANYUASIN, SUMATERA SELATAN",7,43,150,193
https://kawalpemilu.org#18949,"LUMPATAN, SEKAYU, MUSI BANYUASIN, SUMATERA SELATAN",8,39,156,195
https://kawalpemilu.org#18949,"LUMPATAN, SEKAYU, MUSI BANYUASIN, SUMATERA SELATAN",9,42,148,190
https://kawalpemilu.org#18949,"LUMPATAN, SEKAYU, MUSI BANYUASIN, SUMATERA SELATAN",10,49,135,184
https://kawalpemilu.org#18949,"LUMPATAN, SEKAYU, MUSI BANYUASIN, SUMATERA SELATAN",11,32,174,206
https://kawalpemilu.org#18949,"LUMPATAN, SEKAYU, MUSI BANYUASIN, SUMATERA SELATAN",12,32,150,182
https://kawalpemilu.org#18949,"LUMPATAN, SEKAYU, MUSI BANYUASIN, SUMATERA SELATAN",13,53,141,194
https://kawalpemilu.org#18949,"LUMPATAN, SEKAYU, MUSI BANYUASIN, SUMATERA SELATAN",14,66,157,223
https://kawalpemilu.org#18949,"LUMPATAN, SEKAYU, MUSI BANYUASIN, SUMATERA SELATAN",15,32,60,92
https://kawalpemilu.org#18949,"LUMPATAN, SEKAYU, MUSI BANYUASIN, SUMATERA SELATAN",16,48,63,111
https://kawalpemilu.org#18949,"LUMPATAN, SEKAYU, MUSI BANYUASIN, SUMATERA SELATAN",17,46,101,147
https://kawalpemilu.org#18950,"BAILANGU, SEKAYU, MUSI BANYUASIN, SUMATERA SELATAN",1,125,97,222
https://kawalpemilu.org#18950,"BAILANGU, SEKAYU, MUSI BANYUASIN, SUMATERA SELATAN",2,61,82,143
https://kawalpemilu.org#18950,"BAILANGU, SEKAYU, MUSI BANYUASIN, SUMATERA SELATAN",3,79,126,205
https://kawalpemilu.org#18950,"BAILANGU, SEKAYU, MUSI BANYUASIN, SUMATERA SELATAN",4,61,137,198
https://kawalpemilu.org#18950,"BAILANGU, SEKAYU, MUSI BANYUASIN, SUMATERA SELATAN",5,60,119,179
https://kawalpemilu.org#18950,"BAILANGU, SEKAYU, MUSI BANYUASIN, SUMATERA SELATAN",6,42,142,184
https://kawalpemilu.org#18950,"BAILANGU, SEKAYU, MUSI BANYUASIN, SUMATERA SELATAN",7,65,107,172
https://kawalpemilu.org#18950,"BAILANGU, SEKAYU, MUSI BANYUASIN, SUMATERA SELATAN",8,69,137,206
https://kawalpemilu.org#18950,"BAILANGU, SEKAYU, MUSI BANYUASIN, SUMATERA SELATAN",9,58,150,208
https://kawalpemilu.org#18950,"BAILANGU, SEKAYU, MUSI BANYUASIN, SUMATERA SELATAN",10,37,132,169
https://kawalpemilu.org#18950,"BAILANGU, SEKAYU, MUSI BANYUASIN, SUMATERA SELATAN",11,53,127,180
https://kawalpemilu.org#18950,"BAILANGU, SEKAYU, MUSI BANYUASIN, SUMATERA SELATAN",12,56,153,209
https://kawalpemilu.org#18950,"BAILANGU, SEKAYU, MUSI BANYUASIN, SUMATERA SELATAN",13,29,66,95
https://kawalpemilu.org#18950,"BAILANGU, SEKAYU, MUSI BANYUASIN, SUMATERA SELATAN",14,93,102,195
https://kawalpemilu.org#18951,"MUARA TELADAN, SEKAYU, MUSI BANYUASIN, SUMATERA SELATAN",1,11,209,220
https://kawalpemilu.org#18951,"MUARA TELADAN, SEKAYU, MUSI BANYUASIN, SUMATERA SELATAN",2,33,200,233
https://kawalpemilu.org#18951,"MUARA TELADAN, SEKAYU, MUSI BANYUASIN, SUMATERA SELATAN",3,23,201,224
https://kawalpemilu.org#18951,"MUARA TELADAN, SEKAYU, MUSI BANYUASIN, SUMATERA SELATAN",4,61,195,256
https://kawalpemilu.org#18951,"MUARA TELADAN, SEKAYU, MUSI BANYUASIN, SUMATERA SELATAN",5,83,144,227
https://kawalpemilu.org#18951,"MUARA TELADAN, SEKAYU, MUSI BANYUASIN, SUMATERA SELATAN",6,67,180,247
https://kawalpemilu.org#18951,"MUARA TELADAN, SEKAYU, MUSI BANYUASIN, SUMATERA SELATAN",7,82,185,267
https://kawalpemilu.org#18951,"MUARA TELADAN, SEKAYU, MUSI BANYUASIN, SUMATERA SELATAN",8,37,180,217
https://kawalpemilu.org#18951,"MUARA TELADAN, SEKAYU, MUSI BANYUASIN, SUMATERA SELATAN",9,15,157,172
https://kawalpemilu.org#18951,"MUARA TELADAN, SEKAYU, MUSI BANYUASIN, SUMATERA SELATAN",10,25,170,195
https://kawalpemilu.org#18951,"MUARA TELADAN, SEKAYU, MUSI BANYUASIN, SUMATERA SELATAN",11,70,146,216
https://kawalpemilu.org#18951,"MUARA TELADAN, SEKAYU, MUSI BANYUASIN, SUMATERA SELATAN",12,64,153,217
https://kawalpemilu.org#18951,"MUARA TELADAN, SEKAYU, MUSI BANYUASIN, SUMATERA SELATAN",13,50,122,172
https://kawalpemilu.org#18952,"BANDAR JAYA, SEKAYU, MUSI BANYUASIN, SUMATERA SELATAN",1,58,109,167
https://kawalpemilu.org#18952,"BANDAR JAYA, SEKAYU, MUSI BANYUASIN, SUMATERA SELATAN",2,91,95,186
https://kawalpemilu.org#18952,"BANDAR JAYA, SEKAYU, MUSI BANYUASIN, SUMATERA SELATAN",3,60,93,153
https://kawalpemilu.org#18952,"BANDAR JAYA, SEKAYU, MUSI BANYUASIN, SUMATERA SELATAN",4,70,179,249
https://kawalpemilu.org#18952,"BANDAR JAYA, SEKAYU, MUSI BANYUASIN, SUMATERA SELATAN",5,72,162,234
https://kawalpemilu.org#18952,"BANDAR JAYA, SEKAYU, MUSI BANYUASIN, SUMATERA SELATAN",6,57,180,237
https://kawalpemilu.org#18952,"BANDAR JAYA, SEKAYU, MUSI BANYUASIN, SUMATERA SELATAN",7,46,122,168
https://kawalpemilu.org#18952,"BANDAR JAYA, SEKAYU, MUSI BANYUASIN, SUMATERA SELATAN",8,79,156,235
https://kawalpemilu.org#18952,"BANDAR JAYA, SEKAYU, MUSI BANYUASIN, SUMATERA SELATAN",9,79,46,125
https://kawalpemilu.org#18952,"BANDAR JAYA, SEKAYU, MUSI BANYUASIN, SUMATERA SELATAN",10,93,108,201
https://kawalpemilu.org#18953,"SUNGAI MEDAK, SEKAYU, MUSI BANYUASIN, SUMATERA SELATAN",1,61,199,260
https://kawalpemilu.org#18953,"SUNGAI MEDAK, SEKAYU, MUSI BANYUASIN, SUMATERA SELATAN",2,59,124,183
https://kawalpemilu.org#18953,"SUNGAI MEDAK, SEKAYU, MUSI BANYUASIN, SUMATERA SELATAN",3,55,151,206
https://kawalpemilu.org#18953,"SUNGAI MEDAK, SEKAYU, MUSI BANYUASIN, SUMATERA SELATAN",4,30,145,175
https://kawalpemilu.org#18954,"SUNGAI BATANG, SEKAYU, MUSI BANYUASIN, SUMATERA SELATAN",1,44,182,226
https://kawalpemilu.org#18954,"SUNGAI BATANG, SEKAYU, MUSI BANYUASIN, SUMATERA SELATAN",2,55,148,203
https://kawalpemilu.org#18954,"SUNGAI BATANG, SEKAYU, MUSI BANYUASIN, SUMATERA SELATAN",3,122,102,224
https://kawalpemilu.org#18954,"SUNGAI BATANG, SEKAYU, MUSI BANYUASIN, SUMATERA SELATAN",4,111,123,234
https://kawalpemilu.org#18954,"SUNGAI BATANG, SEKAYU, MUSI BANYUASIN, SUMATERA SELATAN",5,55,127,182
https://kawalpemilu.org#18955,"RIMBA UKUR, SEKAYU, MUSI BANYUASIN, SUMATERA SELATAN",1,142,102,244
https://kawalpemilu.org#18955,"RIMBA UKUR, SEKAYU, MUSI BANYUASIN, SUMATERA SELATAN",2,161,80,241
https://kawalpemilu.org#18955,"RIMBA UKUR, SEKAYU, MUSI BANYUASIN, SUMATERA SELATAN",3,63,183,246
https://kawalpemilu.org#18955,"RIMBA UKUR, SEKAYU, MUSI BANYUASIN, SUMATERA SELATAN",4,63,191,254
https://kawalpemilu.org#18955,"RIMBA UKUR, SEKAYU, MUSI BANYUASIN, SUMATERA SELATAN",5,103,145,248
https://kawalpemilu.org#18955,"RIMBA UKUR, SEKAYU, MUSI BANYUASIN, SUMATERA SELATAN",6,81,168,249
https://kawalpemilu.org#18955,"RIMBA UKUR, SEKAYU, MUSI BANYUASIN, SUMATERA SELATAN",7,94,167,261
https://kawalpemilu.org#18956,"LUMPATAN 2, SEKAYU, MUSI BANYUASIN, SUMATERA SELATAN",1,58,166,224
https://kawalpemilu.org#18956,"LUMPATAN 2, SEKAYU, MUSI BANYUASIN, SUMATERA SELATAN",2,45,119,164
https://kawalpemilu.org#18956,"LUMPATAN 2, SEKAYU, MUSI BANYUASIN, SUMATERA SELATAN",3,30,148,178
https://kawalpemilu.org#18956,"LUMPATAN 2, SEKAYU, MUSI BANYUASIN, SUMATERA SELATAN",4,27,152,179
https://kawalpemilu.org#18956,"LUMPATAN 2, SEKAYU, MUSI BANYUASIN, SUMATERA SELATAN",5,29,135,164
https://kawalpemilu.org#18956,"LUMPATAN 2, SEKAYU, MUSI BANYUASIN, SUMATERA SELATAN",6,19,142,165
https://kawalpemilu.org#18956,"LUMPATAN 2, SEKAYU, MUSI BANYUASIN, SUMATERA SELATAN",7,48,130,178
https://kawalpemilu.org#18956,"LUMPATAN 2, SEKAYU, MUSI BANYUASIN, SUMATERA SELATAN",8,38,122,160
https://kawalpemilu.org#18956,"LUMPATAN 2, SEKAYU, MUSI BANYUASIN, SUMATERA SELATAN",9,32,120,152
https://kawalpemilu.org#18956,"LUMPATAN 2, SEKAYU, MUSI BANYUASIN, SUMATERA SELATAN",10,37,138,175
https://kawalpemilu.org#18956,"LUMPATAN 2, SEKAYU, MUSI BANYUASIN, SUMATERA SELATAN",11,26,165,191
https://kawalpemilu.org#18956,"LUMPATAN 2, SEKAYU, MUSI BANYUASIN, SUMATERA SELATAN",12,31,179,210
https://kawalpemilu.org#18956,"LUMPATAN 2, SEKAYU, MUSI BANYUASIN, SUMATERA SELATAN",14,34,154,188
https://kawalpemilu.org#18956,"LUMPATAN 2, SEKAYU, MUSI BANYUASIN, SUMATERA SELATAN",15,70,170,240
https://kawalpemilu.org#18956,"LUMPATAN 2, SEKAYU, MUSI BANYUASIN, SUMATERA SELATAN",16,106,138,244
https://kawalpemilu.org#18956,"LUMPATAN 2, SEKAYU, MUSI BANYUASIN, SUMATERA SELATAN",17,15,69,84
https://kawalpemilu.org#18957,"BAILANGU TIMUR, SEKAYU, MUSI BANYUASIN, SUMATERA SELATAN",1,56,127,183
https://kawalpemilu.org#18957,"BAILANGU TIMUR, SEKAYU, MUSI BANYUASIN, SUMATERA SELATAN",2,75,96,171
https://kawalpemilu.org#18957,"BAILANGU TIMUR, SEKAYU, MUSI BANYUASIN, SUMATERA SELATAN",3,80,106,186
https://kawalpemilu.org#18957,"BAILANGU TIMUR, SEKAYU, MUSI BANYUASIN, SUMATERA SELATAN",4,43,132,175
https://kawalpemilu.org#18957,"BAILANGU TIMUR, SEKAYU, MUSI BANYUASIN, SUMATERA SELATAN",5,43,145,188
https://kawalpemilu.org#18957,"BAILANGU TIMUR, SEKAYU, MUSI BANYUASIN, SUMATERA SELATAN",6,61,122,183
https://kawalpemilu.org#18957,"BAILANGU TIMUR, SEKAYU, MUSI BANYUASIN, SUMATERA SELATAN",7,38,138,176
https://kawalpemilu.org#18957,"BAILANGU TIMUR, SEKAYU, MUSI BANYUASIN, SUMATERA SELATAN",8,55,121,176
https://kawalpemilu.org#18957,"BAILANGU TIMUR, SEKAYU, MUSI BANYUASIN, SUMATERA SELATAN",9,38,143,181
https://kawalpemilu.org#18957,"BAILANGU TIMUR, SEKAYU, MUSI BANYUASIN, SUMATERA SELATAN",10,46,131,177
https://kawalpemilu.org#18957,"BAILANGU TIMUR, SEKAYU, MUSI BANYUASIN, SUMATERA SELATAN",11,71,133,204
https://kawalpemilu.org#18957,"BAILANGU TIMUR, SEKAYU, MUSI BANYUASIN, SUMATERA SELATAN",12,62,89,151
https://kawalpemilu.org#18957,"BAILANGU TIMUR, SEKAYU, MUSI BANYUASIN, SUMATERA SELATAN",13,52,115,167
https://kawalpemilu.org#18957,"BAILANGU TIMUR, SEKAYU, MUSI BANYUASIN, SUMATERA SELATAN",14,51,137,188
https://kawalpemilu.org#18959,"DANAU CALA, LAIS, MUSI BANYUASIN, SUMATERA SELATAN",1,85,111,196
https://kawalpemilu.org#18959,"DANAU CALA, LAIS, MUSI BANYUASIN, SUMATERA SELATAN",2,88,74,162
https://kawalpemilu.org#18959,"DANAU CALA, LAIS, MUSI BANYUASIN, SUMATERA SELATAN",3,63,86,149
https://kawalpemilu.org#18959,"DANAU CALA, LAIS, MUSI BANYUASIN, SUMATERA SELATAN",4,63,96,159
https://kawalpemilu.org#18959,"DANAU CALA, LAIS, MUSI BANYUASIN, SUMATERA SELATAN",5,29,122,151
https://kawalpemilu.org#18959,"DANAU CALA, LAIS, MUSI BANYUASIN, SUMATERA SELATAN",6,28,109,137
https://kawalpemilu.org#18959,"DANAU CALA, LAIS, MUSI BANYUASIN, SUMATERA SELATAN",7,60,125,185
https://kawalpemilu.org#18959,"DANAU CALA, LAIS, MUSI BANYUASIN, SUMATERA SELATAN",8,44,128,172
https://kawalpemilu.org#18959,"DANAU CALA, LAIS, MUSI BANYUASIN, SUMATERA SELATAN",9,41,110,151
https://kawalpemilu.org#18959,"DANAU CALA, LAIS, MUSI BANYUASIN, SUMATERA SELATAN",10,42,77,119
https://kawalpemilu.org#18960,"RANTAU KEROYA, LAIS, MUSI BANYUASIN, SUMATERA SELATAN",1,52,47,99
https://kawalpemilu.org#18960,"RANTAU KEROYA, LAIS, MUSI BANYUASIN, SUMATERA SELATAN",2,44,45,89
https://kawalpemilu.org#18960,"RANTAU KEROYA, LAIS, MUSI BANYUASIN, SUMATERA SELATAN",3,42,51,93
https://kawalpemilu.org#18960,"RANTAU KEROYA, LAIS, MUSI BANYUASIN, SUMATERA SELATAN",4,33,51,84
https://kawalpemilu.org#18960,"RANTAU KEROYA, LAIS, MUSI BANYUASIN, SUMATERA SELATAN",5,44,46,90
https://kawalpemilu.org#18960,"RANTAU KEROYA, LAIS, MUSI BANYUASIN, SUMATERA SELATAN",6,41,28,69
https://kawalpemilu.org#18960,"RANTAU KEROYA, LAIS, MUSI BANYUASIN, SUMATERA SELATAN",7,52,36,88
https://kawalpemilu.org#18960,"RANTAU KEROYA, LAIS, MUSI BANYUASIN, SUMATERA SELATAN",8,51,43,94
https://kawalpemilu.org#18960,"RANTAU KEROYA, LAIS, MUSI BANYUASIN, SUMATERA SELATAN",9,45,39,84
https://kawalpemilu.org#18960,"RANTAU KEROYA, LAIS, MUSI BANYUASIN, SUMATERA SELATAN",10,26,29,55
https://kawalpemilu.org#18960,"RANTAU KEROYA, LAIS, MUSI BANYUASIN, SUMATERA SELATAN",11,72,36,108
https://kawalpemilu.org#18961,"TANJUNG AGUNG TIMUR, LAIS, MUSI BANYUASIN, SUMATERA SELATAN",1,42,145,187
https://kawalpemilu.org#18961,"TANJUNG AGUNG TIMUR, LAIS, MUSI BANYUASIN, SUMATERA SELATAN",2,35,154,189
https://kawalpemilu.org#18961,"TANJUNG AGUNG TIMUR, LAIS, MUSI BANYUASIN, SUMATERA SELATAN",3,47,171,218
https://kawalpemilu.org#18961,"TANJUNG AGUNG TIMUR, LAIS, MUSI BANYUASIN, SUMATERA SELATAN",4,26,155,181
https://kawalpemilu.org#18961,"TANJUNG AGUNG TIMUR, LAIS, MUSI BANYUASIN, SUMATERA SELATAN",5,25,151,176
https://kawalpemilu.org#18961,"TANJUNG AGUNG TIMUR, LAIS, MUSI BANYUASIN, SUMATERA SELATAN",6,60,178,238
https://kawalpemilu.org#18961,"TANJUNG AGUNG TIMUR, LAIS, MUSI BANYUASIN, SUMATERA SELATAN",7,36,61,97
https://kawalpemilu.org#18961,"TANJUNG AGUNG TIMUR, LAIS, MUSI BANYUASIN, SUMATERA SELATAN",8,54,44,98
https://kawalpemilu.org#18962,"PETALING, LAIS, MUSI BANYUASIN, SUMATERA SELATAN",1,29,139,168
https://kawalpemilu.org#18962,"PETALING, LAIS, MUSI BANYUASIN, SUMATERA SELATAN",2,37,106,143
https://kawalpemilu.org#18962,"PETALING, LAIS, MUSI BANYUASIN, SUMATERA SELATAN",3,15,143,158
https://kawalpemilu.org#18962,"PETALING, LAIS, MUSI BANYUASIN, SUMATERA SELATAN",4,27,120,147
https://kawalpemilu.org#18962,"PETALING, LAIS, MUSI BANYUASIN, SUMATERA SELATAN",5,47,112,159
https://kawalpemilu.org#18962,"PETALING, LAIS, MUSI BANYUASIN, SUMATERA SELATAN",6,47,176,223
https://kawalpemilu.org#18962,"PETALING, LAIS, MUSI BANYUASIN, SUMATERA SELATAN",7,47,167,214
https://kawalpemilu.org#18962,"PETALING, LAIS, MUSI BANYUASIN, SUMATERA SELATAN",8,51,189,240
https://kawalpemilu.org#18962,"PETALING, LAIS, MUSI BANYUASIN, SUMATERA SELATAN",9,61,100,161
https://kawalpemilu.org#18962,"PETALING, LAIS, MUSI BANYUASIN, SUMATERA SELATAN",10,37,119,156
https://kawalpemilu.org#18962,"PETALING, LAIS, MUSI BANYUASIN, SUMATERA SELATAN",11,71,139,210
https://kawalpemilu.org#18962,"PETALING, LAIS, MUSI BANYUASIN, SUMATERA SELATAN",12,58,122,180
https://kawalpemilu.org#18962,"PETALING, LAIS, MUSI BANYUASIN, SUMATERA SELATAN",13,37,128,165
https://kawalpemilu.org#18962,"PETALING, LAIS, MUSI BANYUASIN, SUMATERA SELATAN",14,42,111,153
https://kawalpemilu.org#18962,"PETALING, LAIS, MUSI BANYUASIN, SUMATERA SELATAN",15,32,132,164
https://kawalpemilu.org#18962,"PETALING, LAIS, MUSI BANYUASIN, SUMATERA SELATAN",16,35,136,171
https://kawalpemilu.org#18962,"PETALING, LAIS, MUSI BANYUASIN, SUMATERA SELATAN",17,31,139,170
https://kawalpemilu.org#18963,"LAIS, LAIS, MUSI BANYUASIN, SUMATERA SELATAN",1,46,179,225
https://kawalpemilu.org#18963,"LAIS, LAIS, MUSI BANYUASIN, SUMATERA SELATAN",2,38,162,200
https://kawalpemilu.org#18963,"LAIS, LAIS, MUSI BANYUASIN, SUMATERA SELATAN",3,22,180,202
https://kawalpemilu.org#18963,"LAIS, LAIS, MUSI BANYUASIN, SUMATERA SELATAN",4,57,140,197
https://kawalpemilu.org#18963,"LAIS, LAIS, MUSI BANYUASIN, SUMATERA SELATAN",5,65,166,231
https://kawalpemilu.org#18963,"LAIS, LAIS, MUSI BANYUASIN, SUMATERA SELATAN",7,43,186,229
https://kawalpemilu.org#18963,"LAIS, LAIS, MUSI BANYUASIN, SUMATERA SELATAN",8,74,120,194
https://kawalpemilu.org#18963,"LAIS, LAIS, MUSI BANYUASIN, SUMATERA SELATAN",9,68,136,204
https://kawalpemilu.org#18963,"LAIS, LAIS, MUSI BANYUASIN, SUMATERA SELATAN",10,70,129,199
https://kawalpemilu.org#18963,"LAIS, LAIS, MUSI BANYUASIN, SUMATERA SELATAN",11,82,156,238
https://kawalpemilu.org#18963,"LAIS, LAIS, MUSI BANYUASIN, SUMATERA SELATAN",12,88,151,239
https://kawalpemilu.org#18963,"LAIS, LAIS, MUSI BANYUASIN, SUMATERA SELATAN",13,85,127,212
https://kawalpemilu.org#18963,"LAIS, LAIS, MUSI BANYUASIN, SUMATERA SELATAN",14,65,134,199
https://kawalpemilu.org#18964,"TELUK, LAIS, MUSI BANYUASIN, SUMATERA SELATAN",1,42,158,200
https://kawalpemilu.org#18964,"TELUK, LAIS, MUSI BANYUASIN, SUMATERA SELATAN",2,24,177,201
https://kawalpemilu.org#18964,"TELUK, LAIS, MUSI BANYUASIN, SUMATERA SELATAN",3,17,181,198
https://kawalpemilu.org#18964,"TELUK, LAIS, MUSI BANYUASIN, SUMATERA SELATAN",4,38,190,228
https://kawalpemilu.org#18964,"TELUK, LAIS, MUSI BANYUASIN, SUMATERA SELATAN",5,12,190,202
https://kawalpemilu.org#18964,"TELUK, LAIS, MUSI BANYUASIN, SUMATERA SELATAN",6,13,174,187
https://kawalpemilu.org#18964,"TELUK, LAIS, MUSI BANYUASIN, SUMATERA SELATAN",7,8,215,223
https://kawalpemilu.org#18964,"TELUK, LAIS, MUSI BANYUASIN, SUMATERA SELATAN",8,7,197,204
https://kawalpemilu.org#18964,"TELUK, LAIS, MUSI BANYUASIN, SUMATERA SELATAN",9,24,133,157
https://kawalpemilu.org#18964,"TELUK, LAIS, MUSI BANYUASIN, SUMATERA SELATAN",10,37,132,169
https://kawalpemilu.org#18965,"EPIL, LAIS, MUSI BANYUASIN, SUMATERA SELATAN",1,28,206,234
https://kawalpemilu.org#18965,"EPIL, LAIS, MUSI BANYUASIN, SUMATERA SELATAN",2,5,215,220
https://kawalpemilu.org#18965,"EPIL, LAIS, MUSI BANYUASIN, SUMATERA SELATAN",3,16,147,163
https://kawalpemilu.org#18965,"EPIL, LAIS, MUSI BANYUASIN, SUMATERA SELATAN",4,16,182,198
https://kawalpemilu.org#18965,"EPIL, LAIS, MUSI BANYUASIN, SUMATERA SELATAN",5,15,157,172
https://kawalpemilu.org#18965,"EPIL, LAIS, MUSI BANYUASIN, SUMATERA SELATAN",6,26,171,197
https://kawalpemilu.org#18965,"EPIL, LAIS, MUSI BANYUASIN, SUMATERA SELATAN",7,33,166,199
https://kawalpemilu.org#18965,"EPIL, LAIS, MUSI BANYUASIN, SUMATERA SELATAN",8,13,163,176
https://kawalpemilu.org#18965,"EPIL, LAIS, MUSI BANYUASIN, SUMATERA SELATAN",9,14,125,139
https://kawalpemilu.org#18965,"EPIL, LAIS, MUSI BANYUASIN, SUMATERA SELATAN",10,48,143,191
https://kawalpemilu.org#18965,"EPIL, LAIS, MUSI BANYUASIN, SUMATERA SELATAN",11,20,201,221
https://kawalpemilu.org#18965,"EPIL, LAIS, MUSI BANYUASIN, SUMATERA SELATAN",12,33,146,179
https://kawalpemilu.org#18965,"EPIL, LAIS, MUSI BANYUASIN, SUMATERA SELATAN",13,35,91,126
https://kawalpemilu.org#18965,"EPIL, LAIS, MUSI BANYUASIN, SUMATERA SELATAN",14,31,155,186
https://kawalpemilu.org#18965,"EPIL, LAIS, MUSI BANYUASIN, SUMATERA SELATAN",16,14,160,174
https://kawalpemilu.org#18965,"EPIL, LAIS, MUSI BANYUASIN, SUMATERA SELATAN",17,15,87,102
https://kawalpemilu.org#18965,"EPIL, LAIS, MUSI BANYUASIN, SUMATERA SELATAN",18,14,131,145
https://kawalpemilu.org#18965,"EPIL, LAIS, MUSI BANYUASIN, SUMATERA SELATAN",19,13,109,122
https://kawalpemilu.org#18965,"EPIL, LAIS, MUSI BANYUASIN, SUMATERA SELATAN",20,8,180,188
https://kawalpemilu.org#18965,"EPIL, LAIS, MUSI BANYUASIN, SUMATERA SELATAN",21,8,69,77
https://kawalpemilu.org#18965,"EPIL, LAIS, MUSI BANYUASIN, SUMATERA SELATAN",22,21,99,120
https://kawalpemilu.org#18965,"EPIL, LAIS, MUSI BANYUASIN, SUMATERA SELATAN",23,16,88,104
https://kawalpemilu.org#18966,"PURWOSARI, LAIS, MUSI BANYUASIN, SUMATERA SELATAN",1,58,142,200
https://kawalpemilu.org#18966,"PURWOSARI, LAIS, MUSI BANYUASIN, SUMATERA SELATAN",2,62,125,187
https://kawalpemilu.org#18966,"PURWOSARI, LAIS, MUSI BANYUASIN, SUMATERA SELATAN",3,83,82,165
https://kawalpemilu.org#18966,"PURWOSARI, LAIS, MUSI BANYUASIN, SUMATERA SELATAN",4,69,105,174
https://kawalpemilu.org#18966,"PURWOSARI, LAIS, MUSI BANYUASIN, SUMATERA SELATAN",5,60,119,179
https://kawalpemilu.org#18966,"PURWOSARI, LAIS, MUSI BANYUASIN, SUMATERA SELATAN",6,51,98,149
https://kawalpemilu.org#18966,"PURWOSARI, LAIS, MUSI BANYUASIN, SUMATERA SELATAN",7,55,107,162
https://kawalpemilu.org#18966,"PURWOSARI, LAIS, MUSI BANYUASIN, SUMATERA SELATAN",8,56,117,173
https://kawalpemilu.org#18966,"PURWOSARI, LAIS, MUSI BANYUASIN, SUMATERA SELATAN",9,31,146,177
https://kawalpemilu.org#18966,"PURWOSARI, LAIS, MUSI BANYUASIN, SUMATERA SELATAN",10,39,139,178
https://kawalpemilu.org#18966,"PURWOSARI, LAIS, MUSI BANYUASIN, SUMATERA SELATAN",11,40,136,176
https://kawalpemilu.org#18966,"PURWOSARI, LAIS, MUSI BANYUASIN, SUMATERA SELATAN",12,95,62,157
https://kawalpemilu.org#18967,"TELUK KIJING I, LAIS, MUSI BANYUASIN, SUMATERA SELATAN",1,31,121,152
https://kawalpemilu.org#18967,"TELUK KIJING I, LAIS, MUSI BANYUASIN, SUMATERA SELATAN",2,8,162,170
https://kawalpemilu.org#18967,"TELUK KIJING I, LAIS, MUSI BANYUASIN, SUMATERA SELATAN",3,21,114,135
https://kawalpemilu.org#18967,"TELUK KIJING I, LAIS, MUSI BANYUASIN, SUMATERA SELATAN",4,20,136,156
https://kawalpemilu.org#18967,"TELUK KIJING I, LAIS, MUSI BANYUASIN, SUMATERA SELATAN",5,19,105,124
https://kawalpemilu.org#18967,"TELUK KIJING I, LAIS, MUSI BANYUASIN, SUMATERA SELATAN",6,28,121,149
https://kawalpemilu.org#18967,"TELUK KIJING I, LAIS, MUSI BANYUASIN, SUMATERA SELATAN",7,36,100,136
https://kawalpemilu.org#18967,"TELUK KIJING I, LAIS, MUSI BANYUASIN, SUMATERA SELATAN",8,0,0,0
https://kawalpemilu.org#18967,"TELUK KIJING I, LAIS, MUSI BANYUASIN, SUMATERA SELATAN",9,44,74,118
https://kawalpemilu.org#18967,"TELUK KIJING I, LAIS, MUSI BANYUASIN, SUMATERA SELATAN",10,35,113,148
https://kawalpemilu.org#18967,"TELUK KIJING I, LAIS, MUSI BANYUASIN, SUMATERA SELATAN",11,23,134,157
https://kawalpemilu.org#18967,"TELUK KIJING I, LAIS, MUSI BANYUASIN, SUMATERA SELATAN",12,29,125,154
https://kawalpemilu.org#18967,"TELUK KIJING I, LAIS, MUSI BANYUASIN, SUMATERA SELATAN",13,47,98,145
https://kawalpemilu.org#18967,"TELUK KIJING I, LAIS, MUSI BANYUASIN, SUMATERA SELATAN",14,64,90,154
https://kawalpemilu.org#18967,"TELUK KIJING I, LAIS, MUSI BANYUASIN, SUMATERA SELATAN",15,83,34,117
https://kawalpemilu.org#18967,"TELUK KIJING I, LAIS, MUSI BANYUASIN, SUMATERA SELATAN",16,71,36,107
https://kawalpemilu.org#18968,"TELUK KIJING II, LAIS, MUSI BANYUASIN, SUMATERA SELATAN",1,49,111,160
https://kawalpemilu.org#18968,"TELUK KIJING II, LAIS, MUSI BANYUASIN, SUMATERA SELATAN",2,47,131,178
https://kawalpemilu.org#18968,"TELUK KIJING II, LAIS, MUSI BANYUASIN, SUMATERA SELATAN",3,58,100,158
https://kawalpemilu.org#18968,"TELUK KIJING II, LAIS, MUSI BANYUASIN, SUMATERA SELATAN",4,25,89,114
https://kawalpemilu.org#18968,"TELUK KIJING II, LAIS, MUSI BANYUASIN, SUMATERA SELATAN",5,69,83,152
https://kawalpemilu.org#18968,"TELUK KIJING II, LAIS, MUSI BANYUASIN, SUMATERA SELATAN",6,41,88,129
https://kawalpemilu.org#18968,"TELUK KIJING II, LAIS, MUSI BANYUASIN, SUMATERA SELATAN",7,30,109,139
https://kawalpemilu.org#18968,"TELUK KIJING II, LAIS, MUSI BANYUASIN, SUMATERA SELATAN",8,21,112,133
https://kawalpemilu.org#18968,"TELUK KIJING II, LAIS, MUSI BANYUASIN, SUMATERA SELATAN",9,22,117,139
https://kawalpemilu.org#18968,"TELUK KIJING II, LAIS, MUSI BANYUASIN, SUMATERA SELATAN",10,32,104,136
https://kawalpemilu.org#18968,"TELUK KIJING II, LAIS, MUSI BANYUASIN, SUMATERA SELATAN",11,19,129,148
https://kawalpemilu.org#18968,"TELUK KIJING II, LAIS, MUSI BANYUASIN, SUMATERA SELATAN",12,22,121,143
https://kawalpemilu.org#18968,"TELUK KIJING II, LAIS, MUSI BANYUASIN, SUMATERA SELATAN",13,24,128,152
https://kawalpemilu.org#18968,"TELUK KIJING II, LAIS, MUSI BANYUASIN, SUMATERA SELATAN",14,13,141,154
https://kawalpemilu.org#18968,"TELUK KIJING II, LAIS, MUSI BANYUASIN, SUMATERA SELATAN",15,26,126,152
https://kawalpemilu.org#18968,"TELUK KIJING II, LAIS, MUSI BANYUASIN, SUMATERA SELATAN",16,25,104,129
https://kawalpemilu.org#18968,"TELUK KIJING II, LAIS, MUSI BANYUASIN, SUMATERA SELATAN",17,34,102,136
https://kawalpemilu.org#18968,"TELUK KIJING II, LAIS, MUSI BANYUASIN, SUMATERA SELATAN",18,31,149,180
https://kawalpemilu.org#18969,"TELUK KIJING III, LAIS, MUSI BANYUASIN, SUMATERA SELATAN",1,63,134,197
https://kawalpemilu.org#18969,"TELUK KIJING III, LAIS, MUSI BANYUASIN, SUMATERA SELATAN",2,107,146,253
https://kawalpemilu.org#18969,"TELUK KIJING III, LAIS, MUSI BANYUASIN, SUMATERA SELATAN",3,43,107,150
https://kawalpemilu.org#18969,"TELUK KIJING III, LAIS, MUSI BANYUASIN, SUMATERA SELATAN",4,35,116,151
https://kawalpemilu.org#18969,"TELUK KIJING III, LAIS, MUSI BANYUASIN, SUMATERA SELATAN",5,15,106,121
https://kawalpemilu.org#18969,"TELUK KIJING III, LAIS, MUSI BANYUASIN, SUMATERA SELATAN",6,45,133,178
https://kawalpemilu.org#18969,"TELUK KIJING III, LAIS, MUSI BANYUASIN, SUMATERA SELATAN",7,47,139,186
https://kawalpemilu.org#18969,"TELUK KIJING III, LAIS, MUSI BANYUASIN, SUMATERA SELATAN",8,34,144,178
https://kawalpemilu.org#18969,"TELUK KIJING III, LAIS, MUSI BANYUASIN, SUMATERA SELATAN",9,52,121,173
https://kawalpemilu.org#18969,"TELUK KIJING III, LAIS, MUSI BANYUASIN, SUMATERA SELATAN",10,46,115,161
https://kawalpemilu.org#18969,"TELUK KIJING III, LAIS, MUSI BANYUASIN, SUMATERA SELATAN",11,27,135,162
https://kawalpemilu.org#18969,"TELUK KIJING III, LAIS, MUSI BANYUASIN, SUMATERA SELATAN",12,18,183,201
https://kawalpemilu.org#18969,"TELUK KIJING III, LAIS, MUSI BANYUASIN, SUMATERA SELATAN",13,20,173,193
https://kawalpemilu.org#18969,"TELUK KIJING III, LAIS, MUSI BANYUASIN, SUMATERA SELATAN",14,24,155,179
https://kawalpemilu.org#18969,"TELUK KIJING III, LAIS, MUSI BANYUASIN, SUMATERA SELATAN",15,36,136,172
https://kawalpemilu.org#18969,"TELUK KIJING III, LAIS, MUSI BANYUASIN, SUMATERA SELATAN",16,30,87,117
https://kawalpemilu.org#18970,"TANJUNG AGUNG UTARA, LAIS, MUSI BANYUASIN, SUMATERA SELATAN",1,58,91,149
https://kawalpemilu.org#18970,"TANJUNG AGUNG UTARA, LAIS, MUSI BANYUASIN, SUMATERA SELATAN",2,46,106,152
https://kawalpemilu.org#18970,"TANJUNG AGUNG UTARA, LAIS, MUSI BANYUASIN, SUMATERA SELATAN",3,28,159,187
https://kawalpemilu.org#18970,"TANJUNG AGUNG UTARA, LAIS, MUSI BANYUASIN, SUMATERA SELATAN",4,50,130,180
https://kawalpemilu.org#18970,"TANJUNG AGUNG UTARA, LAIS, MUSI BANYUASIN, SUMATERA SELATAN",5,45,158,203
https://kawalpemilu.org#18970,"TANJUNG AGUNG UTARA, LAIS, MUSI BANYUASIN, SUMATERA SELATAN",6,39,158,197
https://kawalpemilu.org#18971,"TANJUNG AGUNG BARAT, LAIS, MUSI BANYUASIN, SUMATERA SELATAN",1,91,135,226
https://kawalpemilu.org#18971,"TANJUNG AGUNG BARAT, LAIS, MUSI BANYUASIN, SUMATERA SELATAN",2,73,154,227
https://kawalpemilu.org#18971,"TANJUNG AGUNG BARAT, LAIS, MUSI BANYUASIN, SUMATERA SELATAN",3,57,132,189
https://kawalpemilu.org#18971,"TANJUNG AGUNG BARAT, LAIS, MUSI BANYUASIN, SUMATERA SELATAN",4,42,120,162
https://kawalpemilu.org#18971,"TANJUNG AGUNG BARAT, LAIS, MUSI BANYUASIN, SUMATERA SELATAN",5,51,160,211
https://kawalpemilu.org#18971,"TANJUNG AGUNG BARAT, LAIS, MUSI BANYUASIN, SUMATERA SELATAN",6,39,77,116
https://kawalpemilu.org#18971,"TANJUNG AGUNG BARAT, LAIS, MUSI BANYUASIN, SUMATERA SELATAN",7,18,97,115
https://kawalpemilu.org#18971,"TANJUNG AGUNG BARAT, LAIS, MUSI BANYUASIN, SUMATERA SELATAN",8,55,142,197
https://kawalpemilu.org#84685,"TANJUNG AGUNG SELATAN, LAIS, MUSI BANYUASIN, SUMATERA SELATAN",1,78,132,210
https://kawalpemilu.org#84685,"TANJUNG AGUNG SELATAN, LAIS, MUSI BANYUASIN, SUMATERA SELATAN",2,102,98,200
https://kawalpemilu.org#84685,"TANJUNG AGUNG SELATAN, LAIS, MUSI BANYUASIN, SUMATERA SELATAN",3,61,160,221
https://kawalpemilu.org#84685,"TANJUNG AGUNG SELATAN, LAIS, MUSI BANYUASIN, SUMATERA SELATAN",4,127,65,192
https://kawalpemilu.org#84685,"TANJUNG AGUNG SELATAN, LAIS, MUSI BANYUASIN, SUMATERA SELATAN",5,125,46,171
https://kawalpemilu.org#930039,"LAIS UTARA, LAIS, MUSI BANYUASIN, SUMATERA SELATAN",1,26,164,190
https://kawalpemilu.org#930039,"LAIS UTARA, LAIS, MUSI BANYUASIN, SUMATERA SELATAN",2,35,168,203
https://kawalpemilu.org#930039,"LAIS UTARA, LAIS, MUSI BANYUASIN, SUMATERA SELATAN",3,41,155,196
https://kawalpemilu.org#930039,"LAIS UTARA, LAIS, MUSI BANYUASIN, SUMATERA SELATAN",4,52,152,208
https://kawalpemilu.org#930039,"LAIS UTARA, LAIS, MUSI BANYUASIN, SUMATERA SELATAN",5,48,161,209
https://kawalpemilu.org#930039,"LAIS UTARA, LAIS, MUSI BANYUASIN, SUMATERA SELATAN",6,59,165,224
https://kawalpemilu.org#930039,"LAIS UTARA, LAIS, MUSI BANYUASIN, SUMATERA SELATAN",7,69,134,203
https://kawalpemilu.org#18973,"JIRAK, SUNGAI KERUH, MUSI BANYUASIN, SUMATERA SELATAN",1,64,121,185
https://kawalpemilu.org#18973,"JIRAK, SUNGAI KERUH, MUSI BANYUASIN, SUMATERA SELATAN",2,89,165,254
https://kawalpemilu.org#18973,"JIRAK, SUNGAI KERUH, MUSI BANYUASIN, SUMATERA SELATAN",3,108,106,214
https://kawalpemilu.org#18973,"JIRAK, SUNGAI KERUH, MUSI BANYUASIN, SUMATERA SELATAN",4,58,125,183
https://kawalpemilu.org#18973,"JIRAK, SUNGAI KERUH, MUSI BANYUASIN, SUMATERA SELATAN",5,64,154,218
https://kawalpemilu.org#18973,"JIRAK, SUNGAI KERUH, MUSI BANYUASIN, SUMATERA SELATAN",6,48,118,166
https://kawalpemilu.org#18973,"JIRAK, SUNGAI KERUH, MUSI BANYUASIN, SUMATERA SELATAN",7,56,87,143
https://kawalpemilu.org#18973,"JIRAK, SUNGAI KERUH, MUSI BANYUASIN, SUMATERA SELATAN",8,120,98,218
https://kawalpemilu.org#18973,"JIRAK, SUNGAI KERUH, MUSI BANYUASIN, SUMATERA SELATAN",9,119,107,226
https://kawalpemilu.org#18973,"JIRAK, SUNGAI KERUH, MUSI BANYUASIN, SUMATERA SELATAN",10,112,82,194
https://kawalpemilu.org#18973,"JIRAK, SUNGAI KERUH, MUSI BANYUASIN, SUMATERA SELATAN",11,121,69,190
https://kawalpemilu.org#18973,"JIRAK, SUNGAI KERUH, MUSI BANYUASIN, SUMATERA SELATAN",12,80,134,214
https://kawalpemilu.org#18973,"JIRAK, SUNGAI KERUH, MUSI BANYUASIN, SUMATERA SELATAN",13,128,93,221
https://kawalpemilu.org#18973,"JIRAK, SUNGAI KERUH, MUSI BANYUASIN, SUMATERA SELATAN",14,55,155,210
https://kawalpemilu.org#18973,"JIRAK, SUNGAI KERUH, MUSI BANYUASIN, SUMATERA SELATAN",15,60,73,133
https://kawalpemilu.org#18974,"PAGAR KAYA, SUNGAI KERUH, MUSI BANYUASIN, SUMATERA SELATAN",1,43,174,217
https://kawalpemilu.org#18974,"PAGAR KAYA, SUNGAI KERUH, MUSI BANYUASIN, SUMATERA SELATAN",2,21,200,221
https://kawalpemilu.org#18974,"PAGAR KAYA, SUNGAI KERUH, MUSI BANYUASIN, SUMATERA SELATAN",3,45,185,230
https://kawalpemilu.org#18974,"PAGAR KAYA, SUNGAI KERUH, MUSI BANYUASIN, SUMATERA SELATAN",4,44,170,214
https://kawalpemilu.org#18974,"PAGAR KAYA, SUNGAI KERUH, MUSI BANYUASIN, SUMATERA SELATAN",5,50,177,227
https://kawalpemilu.org#18975,"SUKALALI, SUNGAI KERUH, MUSI BANYUASIN, SUMATERA SELATAN",1,45,188,233
https://kawalpemilu.org#18975,"SUKALALI, SUNGAI KERUH, MUSI BANYUASIN, SUMATERA SELATAN",2,50,137,187
https://kawalpemilu.org#18976,"KARTAYU, SUNGAI KERUH, MUSI BANYUASIN, SUMATERA SELATAN",1,20,196,216
https://kawalpemilu.org#18976,"KARTAYU, SUNGAI KERUH, MUSI BANYUASIN, SUMATERA SELATAN",2,24,177,201
https://kawalpemilu.org#18976,"KARTAYU, SUNGAI KERUH, MUSI BANYUASIN, SUMATERA SELATAN",3,17,151,168
https://kawalpemilu.org#18976,"KARTAYU, SUNGAI KERUH, MUSI BANYUASIN, SUMATERA SELATAN",4,22,170,192
https://kawalpemilu.org#18976,"KARTAYU, SUNGAI KERUH, MUSI BANYUASIN, SUMATERA SELATAN",5,11,133,144
https://kawalpemilu.org#18976,"KARTAYU, SUNGAI KERUH, MUSI BANYUASIN, SUMATERA SELATAN",6,17,129,146
https://kawalpemilu.org#18976,"KARTAYU, SUNGAI KERUH, MUSI BANYUASIN, SUMATERA SELATAN",7,19,124,147
https://kawalpemilu.org#18976,"KARTAYU, SUNGAI KERUH, MUSI BANYUASIN, SUMATERA SELATAN",8,24,139,163
https://kawalpemilu.org#18977,"SETIA JAYA, SUNGAI KERUH, MUSI BANYUASIN, SUMATERA SELATAN",1,32,183,215
https://kawalpemilu.org#18977,"SETIA JAYA, SUNGAI KERUH, MUSI BANYUASIN, SUMATERA SELATAN",2,27,189,216
https://kawalpemilu.org#18977,"SETIA JAYA, SUNGAI KERUH, MUSI BANYUASIN, SUMATERA SELATAN",3,10,207,217
https://kawalpemilu.org#18977,"SETIA JAYA, SUNGAI KERUH, MUSI BANYUASIN, SUMATERA SELATAN",4,9,68,77
https://kawalpemilu.org#18978,"SUNGAI DUA, SUNGAI KERUH, MUSI BANYUASIN, SUMATERA SELATAN",1,74,159,233
https://kawalpemilu.org#18978,"SUNGAI DUA, SUNGAI KERUH, MUSI BANYUASIN, SUMATERA SELATAN",2,48,175,223
https://kawalpemilu.org#18978,"SUNGAI DUA, SUNGAI KERUH, MUSI BANYUASIN, SUMATERA SELATAN",3,65,154,219
https://kawalpemilu.org#18978,"SUNGAI DUA, SUNGAI KERUH, MUSI BANYUASIN, SUMATERA SELATAN",4,34,187,221
https://kawalpemilu.org#18978,"SUNGAI DUA, SUNGAI KERUH, MUSI BANYUASIN, SUMATERA SELATAN",5,34,183,217
https://kawalpemilu.org#18979,"SINDANG MARGA, SUNGAI KERUH, MUSI BANYUASIN, SUMATERA SELATAN",1,33,119,232
https://kawalpemilu.org#18979,"SINDANG MARGA, SUNGAI KERUH, MUSI BANYUASIN, SUMATERA SELATAN",2,26,189,215
https://kawalpemilu.org#18979,"SINDANG MARGA, SUNGAI KERUH, MUSI BANYUASIN, SUMATERA SELATAN",3,23,205,228
https://kawalpemilu.org#18979,"SINDANG MARGA, SUNGAI KERUH, MUSI BANYUASIN, SUMATERA SELATAN",4,46,202,248
https://kawalpemilu.org#18979,"SINDANG MARGA, SUNGAI KERUH, MUSI BANYUASIN, SUMATERA SELATAN",5,15,145,160
https://kawalpemilu.org#18979,"SINDANG MARGA, SUNGAI KERUH, MUSI BANYUASIN, SUMATERA SELATAN",6,32,195,227
https://kawalpemilu.org#18980,"TEBING BULANG, SUNGAI KERUH, MUSI BANYUASIN, SUMATERA SELATAN",1,55,187,242
https://kawalpemilu.org#18980,"TEBING BULANG, SUNGAI KERUH, MUSI BANYUASIN, SUMATERA SELATAN",2,51,169,220
https://kawalpemilu.org#18980,"TEBING BULANG, SUNGAI KERUH, MUSI BANYUASIN, SUMATERA SELATAN",3,23,190,213
https://kawalpemilu.org#18980,"TEBING BULANG, SUNGAI KERUH, MUSI BANYUASIN, SUMATERA SELATAN",4,40,170,210
https://kawalpemilu.org#18980,"TEBING BULANG, SUNGAI KERUH, MUSI BANYUASIN, SUMATERA SELATAN",5,26,220,246
https://kawalpemilu.org#18980,"TEBING BULANG, SUNGAI KERUH, MUSI BANYUASIN, SUMATERA SELATAN",6,29,222,251
https://kawalpemilu.org#18980,"TEBING BULANG, SUNGAI KERUH, MUSI BANYUASIN, SUMATERA SELATAN",7,39,213,252
https://kawalpemilu.org#18980,"TEBING BULANG, SUNGAI KERUH, MUSI BANYUASIN, SUMATERA SELATAN",8,41,215,256
https://kawalpemilu.org#18980,"TEBING BULANG, SUNGAI KERUH, MUSI BANYUASIN, SUMATERA SELATAN",9,43,181,224
https://kawalpemilu.org#18980,"TEBING BULANG, SUNGAI KERUH, MUSI BANYUASIN, SUMATERA SELATAN",10,59,67,126
https://kawalpemilu.org#18982,"RANTAU SIALANG, SUNGAI KERUH, MUSI BANYUASIN, SUMATERA SELATAN",1,43,158,201
https://kawalpemilu.org#18982,"RANTAU SIALANG, SUNGAI KERUH, MUSI BANYUASIN, SUMATERA SELATAN",2,37,177,214
https://kawalpemilu.org#18982,"RANTAU SIALANG, SUNGAI KERUH, MUSI BANYUASIN, SUMATERA SELATAN",3,59,145,204
https://kawalpemilu.org#18982,"RANTAU SIALANG, SUNGAI KERUH, MUSI BANYUASIN, SUMATERA SELATAN",4,65,133,198
https://kawalpemilu.org#18982,"RANTAU SIALANG, SUNGAI KERUH, MUSI BANYUASIN, SUMATERA SELATAN",5,63,149,212
https://kawalpemilu.org#18982,"RANTAU SIALANG, SUNGAI KERUH, MUSI BANYUASIN, SUMATERA SELATAN",6,62,143,205
https://kawalpemilu.org#18982,"RANTAU SIALANG, SUNGAI KERUH, MUSI BANYUASIN, SUMATERA SELATAN",7,41,171,212
https://kawalpemilu.org#18982,"RANTAU SIALANG, SUNGAI KERUH, MUSI BANYUASIN, SUMATERA SELATAN",8,36,83,119
https://kawalpemilu.org#18983,"TALANG MENDUNG, SUNGAI KERUH, MUSI BANYUASIN, SUMATERA SELATAN",1,88,115,203
https://kawalpemilu.org#18983,"TALANG MENDUNG, SUNGAI KERUH, MUSI BANYUASIN, SUMATERA SELATAN",2,84,103,187
https://kawalpemilu.org#18983,"TALANG MENDUNG, SUNGAI KERUH, MUSI BANYUASIN, SUMATERA SELATAN",3,126,94,220
https://kawalpemilu.org#18983,"TALANG MENDUNG, SUNGAI KERUH, MUSI BANYUASIN, SUMATERA SELATAN",4,55,66,121
https://kawalpemilu.org#18984,"MEKAR JAYA, SUNGAI KERUH, MUSI BANYUASIN, SUMATERA SELATAN",1,80,91,171
https://kawalpemilu.org#18984,"MEKAR JAYA, SUNGAI KERUH, MUSI BANYUASIN, SUMATERA SELATAN",2,91,117,208
https://kawalpemilu.org#18984,"MEKAR JAYA, SUNGAI KERUH, MUSI BANYUASIN, SUMATERA SELATAN",3,75,114,189
https://kawalpemilu.org#18984,"MEKAR JAYA, SUNGAI KERUH, MUSI BANYUASIN, SUMATERA SELATAN",4,81,123,204
https://kawalpemilu.org#18984,"MEKAR JAYA, SUNGAI KERUH, MUSI BANYUASIN, SUMATERA SELATAN",5,85,46,131
https://kawalpemilu.org#18984,"MEKAR JAYA, SUNGAI KERUH, MUSI BANYUASIN, SUMATERA SELATAN",6,20,34,54
https://kawalpemilu.org#18984,"MEKAR JAYA, SUNGAI KERUH, MUSI BANYUASIN, SUMATERA SELATAN",7,60,134,194
https://kawalpemilu.org#18984,"MEKAR JAYA, SUNGAI KERUH, MUSI BANYUASIN, SUMATERA SELATAN",8,83,104,187
https://kawalpemilu.org#18985,"RUKUN RAHAYU, SUNGAI KERUH, MUSI BANYUASIN, SUMATERA SELATAN",1,84,28,112
https://kawalpemilu.org#18985,"RUKUN RAHAYU, SUNGAI KERUH, MUSI BANYUASIN, SUMATERA SELATAN",2,108,36,144
https://kawalpemilu.org#18985,"RUKUN RAHAYU, SUNGAI KERUH, MUSI BANYUASIN, SUMATERA SELATAN",3,132,80,212
https://kawalpemilu.org#18985,"RUKUN RAHAYU, SUNGAI KERUH, MUSI BANYUASIN, SUMATERA SELATAN",4,78,38,116
https://kawalpemilu.org#18985,"RUKUN RAHAYU, SUNGAI KERUH, MUSI BANYUASIN, SUMATERA SELATAN",5,62,51,113
https://kawalpemilu.org#18985,"RUKUN RAHAYU, SUNGAI KERUH, MUSI BANYUASIN, SUMATERA SELATAN",6,144,68,212
https://kawalpemilu.org#18985,"RUKUN RAHAYU, SUNGAI KERUH, MUSI BANYUASIN, SUMATERA SELATAN",7,153,50,203
https://kawalpemilu.org#18986,"KERTA JAYA, SUNGAI KERUH, MUSI BANYUASIN, SUMATERA SELATAN",1,26,222,248
https://kawalpemilu.org#18986,"KERTA JAYA, SUNGAI KERUH, MUSI BANYUASIN, SUMATERA SELATAN",2,17,215,232
https://kawalpemilu.org#18986,"KERTA JAYA, SUNGAI KERUH, MUSI BANYUASIN, SUMATERA SELATAN",3,31,182,213
https://kawalpemilu.org#18986,"KERTA JAYA, SUNGAI KERUH, MUSI BANYUASIN, SUMATERA SELATAN",4,35,199,234
https://kawalpemilu.org#18986,"KERTA JAYA, SUNGAI KERUH, MUSI BANYUASIN, SUMATERA SELATAN",5,24,205,229
https://kawalpemilu.org#18986,"KERTA JAYA, SUNGAI KERUH, MUSI BANYUASIN, SUMATERA SELATAN",6,19,193,212
https://kawalpemilu.org#18986,"KERTA JAYA, SUNGAI KERUH, MUSI BANYUASIN, SUMATERA SELATAN",7,12,143,155
https://kawalpemilu.org#18986,"KERTA JAYA, SUNGAI KERUH, MUSI BANYUASIN, SUMATERA SELATAN",8,13,145,158
https://kawalpemilu.org#18987,"KERAMAT JAYA, SUNGAI KERUH, MUSI BANYUASIN, SUMATERA SELATAN",1,21,158,179
https://kawalpemilu.org#18987,"KERAMAT JAYA, SUNGAI KERUH, MUSI BANYUASIN, SUMATERA SELATAN",2,27,196,223
https://kawalpemilu.org#18987,"KERAMAT JAYA, SUNGAI KERUH, MUSI BANYUASIN, SUMATERA SELATAN",3,9,152,161
https://kawalpemilu.org#18987,"KERAMAT JAYA, SUNGAI KERUH, MUSI BANYUASIN, SUMATERA SELATAN",4,9,112,121
https://kawalpemilu.org#18987,"KERAMAT JAYA, SUNGAI KERUH, MUSI BANYUASIN, SUMATERA SELATAN",5,15,132,147
https://kawalpemilu.org#18987,"KERAMAT JAYA, SUNGAI KERUH, MUSI BANYUASIN, SUMATERA SELATAN",6,1,72,73
https://kawalpemilu.org#18987,"KERAMAT JAYA, SUNGAI KERUH, MUSI BANYUASIN, SUMATERA SELATAN",7,24,67,91
https://kawalpemilu.org#18988,"BARU JAYA, SUNGAI KERUH, MUSI BANYUASIN, SUMATERA SELATAN",1,41,110,151
https://kawalpemilu.org#18988,"BARU JAYA, SUNGAI KERUH, MUSI BANYUASIN, SUMATERA SELATAN",2,21,161,182
https://kawalpemilu.org#18988,"BARU JAYA, SUNGAI KERUH, MUSI BANYUASIN, SUMATERA SELATAN",3,30,123,153
https://kawalpemilu.org#18989,"LAYAN, SUNGAI KERUH, MUSI BANYUASIN, SUMATERA SELATAN",1,33,168,201
https://kawalpemilu.org#18989,"LAYAN, SUNGAI KERUH, MUSI BANYUASIN, SUMATERA SELATAN",2,63,95,158
https://kawalpemilu.org#18989,"LAYAN, SUNGAI KERUH, MUSI BANYUASIN, SUMATERA SELATAN",3,43,54,97
https://kawalpemilu.org#18990,"REJO SARI, SUNGAI KERUH, MUSI BANYUASIN, SUMATERA SELATAN",1,103,155,258
https://kawalpemilu.org#18990,"REJO SARI, SUNGAI KERUH, MUSI BANYUASIN, SUMATERA SELATAN",2,91,138,229
https://kawalpemilu.org#18990,"REJO SARI, SUNGAI KERUH, MUSI BANYUASIN, SUMATERA SELATAN",3,176,61,237
https://kawalpemilu.org#18991,"JEMBATAN GANTUNG, SUNGAI KERUH, MUSI BANYUASIN, SUMATERA SELATAN",1,87,135,222
https://kawalpemilu.org#18991,"JEMBATAN GANTUNG, SUNGAI KERUH, MUSI BANYUASIN, SUMATERA SELATAN",2,71,175,246
https://kawalpemilu.org#18991,"JEMBATAN GANTUNG, SUNGAI KERUH, MUSI BANYUASIN, SUMATERA SELATAN",3,55,167,222
https://kawalpemilu.org#19057,"GAJAH MATI, SUNGAI KERUH, MUSI BANYUASIN, SUMATERA SELATAN",1,41,148,189
https://kawalpemilu.org#19057,"GAJAH MATI, SUNGAI KERUH, MUSI BANYUASIN, SUMATERA SELATAN",2,52,166,218
https://kawalpemilu.org#19057,"GAJAH MATI, SUNGAI KERUH, MUSI BANYUASIN, SUMATERA SELATAN",3,35,183,218
https://kawalpemilu.org#19057,"GAJAH MATI, SUNGAI KERUH, MUSI BANYUASIN, SUMATERA SELATAN",4,25,183,208
https://kawalpemilu.org#19057,"GAJAH MATI, SUNGAI KERUH, MUSI BANYUASIN, SUMATERA SELATAN",5,31,164,195
https://kawalpemilu.org#19057,"GAJAH MATI, SUNGAI KERUH, MUSI BANYUASIN, SUMATERA SELATAN",6,29,197,226
https://kawalpemilu.org#19057,"GAJAH MATI, SUNGAI KERUH, MUSI BANYUASIN, SUMATERA SELATAN",7,20,172,192
https://kawalpemilu.org#19057,"GAJAH MATI, SUNGAI KERUH, MUSI BANYUASIN, SUMATERA SELATAN",8,17,130,147
https://kawalpemilu.org#19057,"GAJAH MATI, SUNGAI KERUH, MUSI BANYUASIN, SUMATERA SELATAN",9,17,158,175
https://kawalpemilu.org#84686,"TALANG SIMPANG, SUNGAI KERUH, MUSI BANYUASIN, SUMATERA SELATAN",1,56,170,226
https://kawalpemilu.org#84686,"TALANG SIMPANG, SUNGAI KERUH, MUSI BANYUASIN, SUMATERA SELATAN",2,71,126,197
https://kawalpemilu.org#84686,"TALANG SIMPANG, SUNGAI KERUH, MUSI BANYUASIN, SUMATERA SELATAN",3,74,88,162
https://kawalpemilu.org#84686,"TALANG SIMPANG, SUNGAI KERUH, MUSI BANYUASIN, SUMATERA SELATAN",4,46,96,142
https://kawalpemilu.org#84687,"BANGKIT JAYA, SUNGAI KERUH, MUSI BANYUASIN, SUMATERA SELATAN",1,37,111,148
https://kawalpemilu.org#84687,"BANGKIT JAYA, SUNGAI KERUH, MUSI BANYUASIN, SUMATERA SELATAN",2,31,109,140
https://kawalpemilu.org#89427,"SINAR JAYA, SUNGAI KERUH, MUSI BANYUASIN, SUMATERA SELATAN",1,47,174,221
https://kawalpemilu.org#89427,"SINAR JAYA, SUNGAI KERUH, MUSI BANYUASIN, SUMATERA SELATAN",2,39,147,186
https://kawalpemilu.org#89427,"SINAR JAYA, SUNGAI KERUH, MUSI BANYUASIN, SUMATERA SELATAN",3,53,147,200
https://kawalpemilu.org#89427,"SINAR JAYA, SUNGAI KERUH, MUSI BANYUASIN, SUMATERA SELATAN",4,64,144,208
https://kawalpemilu.org#18993,"BUKIT SEJAHTERA, BATANG HARI LEKO, MUSI BANYUASIN, SUMATERA SELATAN",1,139,69,208
https://kawalpemilu.org#18993,"BUKIT SEJAHTERA, BATANG HARI LEKO, MUSI BANYUASIN, SUMATERA SELATAN",2,79,118,197
https://kawalpemilu.org#18993,"BUKIT SEJAHTERA, BATANG HARI LEKO, MUSI BANYUASIN, SUMATERA SELATAN",3,130,110,240
https://kawalpemilu.org#18993,"BUKIT SEJAHTERA, BATANG HARI LEKO, MUSI BANYUASIN, SUMATERA SELATAN",4,134,96,230
https://kawalpemilu.org#18994,"BUKIT PANGKUASAN, BATANG HARI LEKO, MUSI BANYUASIN, SUMATERA SELATAN",2,82,60,142
https://kawalpemilu.org#18994,"BUKIT PANGKUASAN, BATANG HARI LEKO, MUSI BANYUASIN, SUMATERA SELATAN",3,92,61,153
https://kawalpemilu.org#18995,"TANAH ABANG, BATANG HARI LEKO, MUSI BANYUASIN, SUMATERA SELATAN",1,34,145,179
https://kawalpemilu.org#18995,"TANAH ABANG, BATANG HARI LEKO, MUSI BANYUASIN, SUMATERA SELATAN",2,48,145,193
https://kawalpemilu.org#18995,"TANAH ABANG, BATANG HARI LEKO, MUSI BANYUASIN, SUMATERA SELATAN",3,54,159,213
https://kawalpemilu.org#18995,"TANAH ABANG, BATANG HARI LEKO, MUSI BANYUASIN, SUMATERA SELATAN",4,36,137,173
https://kawalpemilu.org#18995,"TANAH ABANG, BATANG HARI LEKO, MUSI BANYUASIN, SUMATERA SELATAN",5,19,91,110
https://kawalpemilu.org#18995,"TANAH ABANG, BATANG HARI LEKO, MUSI BANYUASIN, SUMATERA SELATAN",6,16,139,155
https://kawalpemilu.org#18995,"TANAH ABANG, BATANG HARI LEKO, MUSI BANYUASIN, SUMATERA SELATAN",7,37,202,239
https://kawalpemilu.org#18995,"TANAH ABANG, BATANG HARI LEKO, MUSI BANYUASIN, SUMATERA SELATAN",8,20,100,120
https://kawalpemilu.org#18995,"TANAH ABANG, BATANG HARI LEKO, MUSI BANYUASIN, SUMATERA SELATAN",9,26,128,154
https://kawalpemilu.org#18995,"TANAH ABANG, BATANG HARI LEKO, MUSI BANYUASIN, SUMATERA SELATAN",10,4,91,95
https://kawalpemilu.org#18995,"TANAH ABANG, BATANG HARI LEKO, MUSI BANYUASIN, SUMATERA SELATAN",11,9,93,102
https://kawalpemilu.org#18995,"TANAH ABANG, BATANG HARI LEKO, MUSI BANYUASIN, SUMATERA SELATAN",12,13,59,72
https://kawalpemilu.org#18995,"TANAH ABANG, BATANG HARI LEKO, MUSI BANYUASIN, SUMATERA SELATAN",13,52,74,126
https://kawalpemilu.org#18995,"TANAH ABANG, BATANG HARI LEKO, MUSI BANYUASIN, SUMATERA SELATAN",14,32,51,83
https://kawalpemilu.org#18995,"TANAH ABANG, BATANG HARI LEKO, MUSI BANYUASIN, SUMATERA SELATAN",15,23,116,139
https://kawalpemilu.org#18995,"TANAH ABANG, BATANG HARI LEKO, MUSI BANYUASIN, SUMATERA SELATAN",16,15,133,145
https://kawalpemilu.org#18996,"TALANG LEBAN, BATANG HARI LEKO, MUSI BANYUASIN, SUMATERA SELATAN",1,20,164,184
https://kawalpemilu.org#18996,"TALANG LEBAN, BATANG HARI LEKO, MUSI BANYUASIN, SUMATERA SELATAN",2,14,106,120
https://kawalpemilu.org#18996,"TALANG LEBAN, BATANG HARI LEKO, MUSI BANYUASIN, SUMATERA SELATAN",3,46,97,143
https://kawalpemilu.org#18996,"TALANG LEBAN, BATANG HARI LEKO, MUSI BANYUASIN, SUMATERA SELATAN",4,38,73,111
https://kawalpemilu.org#18996,"TALANG LEBAN, BATANG HARI LEKO, MUSI BANYUASIN, SUMATERA SELATAN",5,26,95,121
https://kawalpemilu.org#18996,"TALANG LEBAN, BATANG HARI LEKO, MUSI BANYUASIN, SUMATERA SELATAN",6,14,186,200
https://kawalpemilu.org#18997,"TALANG BULUH, BATANG HARI LEKO, MUSI BANYUASIN, SUMATERA SELATAN",1,164,65,229
https://kawalpemilu.org#18997,"TALANG BULUH, BATANG HARI LEKO, MUSI BANYUASIN, SUMATERA SELATAN",2,91,34,125
https://kawalpemilu.org#18997,"TALANG BULUH, BATANG HARI LEKO, MUSI BANYUASIN, SUMATERA SELATAN",3,106,55,161
https://kawalpemilu.org#18998,"LUBUK BUAH, BATANG HARI LEKO, MUSI BANYUASIN, SUMATERA SELATAN",1,49,167,216
https://kawalpemilu.org#18998,"LUBUK BUAH, BATANG HARI LEKO, MUSI BANYUASIN, SUMATERA SELATAN",2,101,92,193
https://kawalpemilu.org#18998,"LUBUK BUAH, BATANG HARI LEKO, MUSI BANYUASIN, SUMATERA SELATAN",3,32,90,122
https://kawalpemilu.org#18999,"SUNGAI NAPAL, BATANG HARI LEKO, MUSI BANYUASIN, SUMATERA SELATAN",1,18,172,190
https://kawalpemilu.org#18999,"SUNGAI NAPAL, BATANG HARI LEKO, MUSI BANYUASIN, SUMATERA SELATAN",2,45,123,168
https://kawalpemilu.org#18999,"SUNGAI NAPAL, BATANG HARI LEKO, MUSI BANYUASIN, SUMATERA SELATAN",3,63,141,204
https://kawalpemilu.org#19000,"LUBUK BINTIALO, BATANG HARI LEKO, MUSI BANYUASIN, SUMATERA SELATAN",1,64,74,138
https://kawalpemilu.org#19000,"LUBUK BINTIALO, BATANG HARI LEKO, MUSI BANYUASIN, SUMATERA SELATAN",2,86,65,151
https://kawalpemilu.org#19000,"LUBUK BINTIALO, BATANG HARI LEKO, MUSI BANYUASIN, SUMATERA SELATAN",3,61,80,141
https://kawalpemilu.org#19000,"LUBUK BINTIALO, BATANG HARI LEKO, MUSI BANYUASIN, SUMATERA SELATAN",4,58,77,135
https://kawalpemilu.org#19000,"LUBUK BINTIALO, BATANG HARI LEKO, MUSI BANYUASIN, SUMATERA SELATAN",5,108,61,169
https://kawalpemilu.org#19000,"LUBUK BINTIALO, BATANG HARI LEKO, MUSI BANYUASIN, SUMATERA SELATAN",6,48,80,128
https://kawalpemilu.org#19000,"LUBUK BINTIALO, BATANG HARI LEKO, MUSI BANYUASIN, SUMATERA SELATAN",7,59,68,127
https://kawalpemilu.org#19000,"LUBUK BINTIALO, BATANG HARI LEKO, MUSI BANYUASIN, SUMATERA SELATAN",8,115,59,174
https://kawalpemilu.org#19001,"SAKO SUBAN, BATANG HARI LEKO, MUSI BANYUASIN, SUMATERA SELATAN",2,154,21,175
https://kawalpemilu.org#19002,"BUKIT SELABU, BATANG HARI LEKO, MUSI BANYUASIN, SUMATERA SELATAN",1,134,45,179
https://kawalpemilu.org#19002,"BUKIT SELABU, BATANG HARI LEKO, MUSI BANYUASIN, SUMATERA SELATAN",2,77,107,184
https://kawalpemilu.org#19002,"BUKIT SELABU, BATANG HARI LEKO, MUSI BANYUASIN, SUMATERA SELATAN",3,67,151,218
https://kawalpemilu.org#19002,"BUKIT SELABU, BATANG HARI LEKO, MUSI BANYUASIN, SUMATERA SELATAN",4,79,114,193
https://kawalpemilu.org#19002,"BUKIT SELABU, BATANG HARI LEKO, MUSI BANYUASIN, SUMATERA SELATAN",5,39,151,190
https://kawalpemilu.org#19003,"SAUD, BATANG HARI LEKO, MUSI BANYUASIN, SUMATERA SELATAN",1,12,125,137
https://kawalpemilu.org#19003,"SAUD, BATANG HARI LEKO, MUSI BANYUASIN, SUMATERA SELATAN",2,13,172,185
https://kawalpemilu.org#19003,"SAUD, BATANG HARI LEKO, MUSI BANYUASIN, SUMATERA SELATAN",3,18,186,204
https://kawalpemilu.org#19003,"SAUD, BATANG HARI LEKO, MUSI BANYUASIN, SUMATERA SELATAN",4,11,157,168
https://kawalpemilu.org#19004,"TANJUNG BALI, BATANG HARI LEKO, MUSI BANYUASIN, SUMATERA SELATAN",1,32,118,150
https://kawalpemilu.org#19004,"TANJUNG BALI, BATANG HARI LEKO, MUSI BANYUASIN, SUMATERA SELATAN",2,14,137,151
https://kawalpemilu.org#19004,"TANJUNG BALI, BATANG HARI LEKO, MUSI BANYUASIN, SUMATERA SELATAN",3,18,98,116
https://kawalpemilu.org#19005,"PINGGAP, BATANG HARI LEKO, MUSI BANYUASIN, SUMATERA SELATAN",1,24,115,139
https://kawalpemilu.org#19005,"PINGGAP, BATANG HARI LEKO, MUSI BANYUASIN, SUMATERA SELATAN",2,27,72,99
https://kawalpemilu.org#19005,"PINGGAP, BATANG HARI LEKO, MUSI BANYUASIN, SUMATERA SELATAN",3,15,108,123
https://kawalpemilu.org#19006,"PENGATURAN, BATANG HARI LEKO, MUSI BANYUASIN, SUMATERA SELATAN",1,28,138,166
https://kawalpemilu.org#19006,"PENGATURAN, BATANG HARI LEKO, MUSI BANYUASIN, SUMATERA SELATAN",2,28,116,144
https://kawalpemilu.org#19006,"PENGATURAN, BATANG HARI LEKO, MUSI BANYUASIN, SUMATERA SELATAN",3,35,103,138
https://kawalpemilu.org#19007,"ULAK KEMBANG, BATANG HARI LEKO, MUSI BANYUASIN, SUMATERA SELATAN",1,107,99,216
https://kawalpemilu.org#19007,"ULAK KEMBANG, BATANG HARI LEKO, MUSI BANYUASIN, SUMATERA SELATAN",2,95,97,192
https://kawalpemilu.org#19008,"PANGKALAN  BULIAN, BATANG HARI LEKO, MUSI BANYUASIN, SUMATERA SELATAN",1,112,59,171
https://kawalpemilu.org#19008,"PANGKALAN  BULIAN, BATANG HARI LEKO, MUSI BANYUASIN, SUMATERA SELATAN",2,91,40,131
https://kawalpemilu.org#19008,"PANGKALAN  BULIAN, BATANG HARI LEKO, MUSI BANYUASIN, SUMATERA SELATAN",3,141,84,225
https://kawalpemilu.org#19008,"PANGKALAN  BULIAN, BATANG HARI LEKO, MUSI BANYUASIN, SUMATERA SELATAN",4,114,60,174
https://kawalpemilu.org#19008,"PANGKALAN  BULIAN, BATANG HARI LEKO, MUSI BANYUASIN, SUMATERA SELATAN",5,196,42,196
https://kawalpemilu.org#19008,"PANGKALAN  BULIAN, BATANG HARI LEKO, MUSI BANYUASIN, SUMATERA SELATAN",6,124,87,211
https://kawalpemilu.org#19008,"PANGKALAN  BULIAN, BATANG HARI LEKO, MUSI BANYUASIN, SUMATERA SELATAN",7,135,108,243
https://kawalpemilu.org#19010,"NGULAK I, SANGA DESA, MUSI BANYUASIN, SUMATERA SELATAN",1,97,128,225
https://kawalpemilu.org#19010,"NGULAK I, SANGA DESA, MUSI BANYUASIN, SUMATERA SELATAN",2,120,124,244
https://kawalpemilu.org#19010,"NGULAK I, SANGA DESA, MUSI BANYUASIN, SUMATERA SELATAN",3,99,101,200
https://kawalpemilu.org#19010,"NGULAK I, SANGA DESA, MUSI BANYUASIN, SUMATERA SELATAN",4,136,92,228
https://kawalpemilu.org#19010,"NGULAK I, SANGA DESA, MUSI BANYUASIN, SUMATERA SELATAN",5,129,97,226
https://kawalpemilu.org#19010,"NGULAK I, SANGA DESA, MUSI BANYUASIN, SUMATERA SELATAN",6,155,82,237
https://kawalpemilu.org#19010,"NGULAK I, SANGA DESA, MUSI BANYUASIN, SUMATERA SELATAN",7,126,99,225
https://kawalpemilu.org#19010,"NGULAK I, SANGA DESA, MUSI BANYUASIN, SUMATERA SELATAN",8,125,96,221
https://kawalpemilu.org#19010,"NGULAK I, SANGA DESA, MUSI BANYUASIN, SUMATERA SELATAN",9,100,106,206
https://kawalpemilu.org#19010,"NGULAK I, SANGA DESA, MUSI BANYUASIN, SUMATERA SELATAN",10,124,87,211
https://kawalpemilu.org#19011,"AIR BALUI, SANGA DESA, MUSI BANYUASIN, SUMATERA SELATAN",1,135,67,202
https://kawalpemilu.org#19011,"AIR BALUI, SANGA DESA, MUSI BANYUASIN, SUMATERA SELATAN",2,112,84,196
https://kawalpemilu.org#19011,"AIR BALUI, SANGA DESA, MUSI BANYUASIN, SUMATERA SELATAN",3,127,112,239
https://kawalpemilu.org#19011,"AIR BALUI, SANGA DESA, MUSI BANYUASIN, SUMATERA SELATAN",4,90,136,226
https://kawalpemilu.org#19011,"AIR BALUI, SANGA DESA, MUSI BANYUASIN, SUMATERA SELATAN",5,93,72,165
https://kawalpemilu.org#19011,"AIR BALUI, SANGA DESA, MUSI BANYUASIN, SUMATERA SELATAN",6,111,67,178
https://kawalpemilu.org#19011,"AIR BALUI, SANGA DESA, MUSI BANYUASIN, SUMATERA SELATAN",7,56,43,99
https://kawalpemilu.org#19011,"AIR BALUI, SANGA DESA, MUSI BANYUASIN, SUMATERA SELATAN",8,133,49,182
https://kawalpemilu.org#19011,"AIR BALUI, SANGA DESA, MUSI BANYUASIN, SUMATERA SELATAN",9,100,31,131
https://kawalpemilu.org#19012,"NGANTI, SANGA DESA, MUSI BANYUASIN, SUMATERA SELATAN",1,93,83,176
https://kawalpemilu.org#19012,"NGANTI, SANGA DESA, MUSI BANYUASIN, SUMATERA SELATAN",2,111,81,192
https://kawalpemilu.org#19012,"NGANTI, SANGA DESA, MUSI BANYUASIN, SUMATERA SELATAN",3,84,119,203
https://kawalpemilu.org#19013,"JUD I, SANGA DESA, MUSI BANYUASIN, SUMATERA SELATAN",1,51,72,123
https://kawalpemilu.org#19013,"JUD I, SANGA DESA, MUSI BANYUASIN, SUMATERA SELATAN",2,53,43,96
https://kawalpemilu.org#19014,"JUD II, SANGA DESA, MUSI BANYUASIN, SUMATERA SELATAN",1,112,108,220
https://kawalpemilu.org#19014,"JUD II, SANGA DESA, MUSI BANYUASIN, SUMATERA SELATAN",2,78,110,188
https://kawalpemilu.org#19014,"JUD II, SANGA DESA, MUSI BANYUASIN, SUMATERA SELATAN",3,104,74,178
https://kawalpemilu.org#19015,"PENGGAGE, SANGA DESA, MUSI BANYUASIN, SUMATERA SELATAN",1,68,101,169
https://kawalpemilu.org#19015,"PENGGAGE, SANGA DESA, MUSI BANYUASIN, SUMATERA SELATAN",2,51,102,153
https://kawalpemilu.org#19015,"PENGGAGE, SANGA DESA, MUSI BANYUASIN, SUMATERA SELATAN",3,56,96,152
https://kawalpemilu.org#19015,"PENGGAGE, SANGA DESA, MUSI BANYUASIN, SUMATERA SELATAN",4,73,91,164
https://kawalpemilu.org#19015,"PENGGAGE, SANGA DESA, MUSI BANYUASIN, SUMATERA SELATAN",5,41,58,99
https://kawalpemilu.org#19015,"PENGGAGE, SANGA DESA, MUSI BANYUASIN, SUMATERA SELATAN",6,41,49,90
https://kawalpemilu.org#19016,"NGUNANG, SANGA DESA, MUSI BANYUASIN, SUMATERA SELATAN",1,168,54,222
https://kawalpemilu.org#19016,"NGUNANG, SANGA DESA, MUSI BANYUASIN, SUMATERA SELATAN",2,140,35,175
https://kawalpemilu.org#19016,"NGUNANG, SANGA DESA, MUSI BANYUASIN, SUMATERA SELATAN",3,114,59,173
https://kawalpemilu.org#19016,"NGUNANG, SANGA DESA, MUSI BANYUASIN, SUMATERA SELATAN",4,112,42,154
https://kawalpemilu.org#19016,"NGUNANG, SANGA DESA, MUSI BANYUASIN, SUMATERA SELATAN",5,113,50,163
https://kawalpemilu.org#19016,"NGUNANG, SANGA DESA, MUSI BANYUASIN, SUMATERA SELATAN",6,96,47,143
https://kawalpemilu.org#19016,"NGUNANG, SANGA DESA, MUSI BANYUASIN, SUMATERA SELATAN",7,107,60,167
https://kawalpemilu.org#19016,"NGUNANG, SANGA DESA, MUSI BANYUASIN, SUMATERA SELATAN",8,99,73,172
https://kawalpemilu.org#19016,"NGUNANG, SANGA DESA, MUSI BANYUASIN, SUMATERA SELATAN",9,111,71,182
https://kawalpemilu.org#19017,"NGULAK II, SANGA DESA, MUSI BANYUASIN, SUMATERA SELATAN",1,110,110,220
https://kawalpemilu.org#19017,"NGULAK II, SANGA DESA, MUSI BANYUASIN, SUMATERA SELATAN",3,114,88,202
https://kawalpemilu.org#19017,"NGULAK II, SANGA DESA, MUSI BANYUASIN, SUMATERA SELATAN",4,103,142,245
https://kawalpemilu.org#19017,"NGULAK II, SANGA DESA, MUSI BANYUASIN, SUMATERA SELATAN",5,120,114,234
https://kawalpemilu.org#19018,"NGULAK III, SANGA DESA, MUSI BANYUASIN, SUMATERA SELATAN",1,141,99,240
https://kawalpemilu.org#19018,"NGULAK III, SANGA DESA, MUSI BANYUASIN, SUMATERA SELATAN",2,88,76,164
https://kawalpemilu.org#19018,"NGULAK III, SANGA DESA, MUSI BANYUASIN, SUMATERA SELATAN",3,118,82,200
https://kawalpemilu.org#19019,"ULAK EMBACANG, SANGA DESA, MUSI BANYUASIN, SUMATERA SELATAN",1,75,66,141
https://kawalpemilu.org#19019,"ULAK EMBACANG, SANGA DESA, MUSI BANYUASIN, SUMATERA SELATAN",2,54,60,114
https://kawalpemilu.org#19019,"ULAK EMBACANG, SANGA DESA, MUSI BANYUASIN, SUMATERA SELATAN",3,49,74,123
https://kawalpemilu.org#19019,"ULAK EMBACANG, SANGA DESA, MUSI BANYUASIN, SUMATERA SELATAN",4,60,88,148
https://kawalpemilu.org#19019,"ULAK EMBACANG, SANGA DESA, MUSI BANYUASIN, SUMATERA SELATAN",5,40,86,126
https://kawalpemilu.org#19019,"ULAK EMBACANG, SANGA DESA, MUSI BANYUASIN, SUMATERA SELATAN",6,63,66,129
https://kawalpemilu.org#19020,"TERUSAN, SANGA DESA, MUSI BANYUASIN, SUMATERA SELATAN",1,65,102,167
https://kawalpemilu.org#19020,"TERUSAN, SANGA DESA, MUSI BANYUASIN, SUMATERA SELATAN",2,75,114,189
https://kawalpemilu.org#19020,"TERUSAN, SANGA DESA, MUSI BANYUASIN, SUMATERA SELATAN",3,94,78,172
https://kawalpemilu.org#19020,"TERUSAN, SANGA DESA, MUSI BANYUASIN, SUMATERA SELATAN",4,83,95,178
https://kawalpemilu.org#19020,"TERUSAN, SANGA DESA, MUSI BANYUASIN, SUMATERA SELATAN",5,115,108,223
https://kawalpemilu.org#19020,"TERUSAN, SANGA DESA, MUSI BANYUASIN, SUMATERA SELATAN",6,68,43,111
https://kawalpemilu.org#19020,"TERUSAN, SANGA DESA, MUSI BANYUASIN, SUMATERA SELATAN",7,121,76,197
https://kawalpemilu.org#19020,"TERUSAN, SANGA DESA, MUSI BANYUASIN, SUMATERA SELATAN",8,66,86,152
https://kawalpemilu.org#19021,"KEMANG, SANGA DESA, MUSI BANYUASIN, SUMATERA SELATAN",1,167,54,221
https://kawalpemilu.org#19021,"KEMANG, SANGA DESA, MUSI BANYUASIN, SUMATERA SELATAN",2,131,69,200
https://kawalpemilu.org#19021,"KEMANG, SANGA DESA, MUSI BANYUASIN, SUMATERA SELATAN",3,162,81,243
https://kawalpemilu.org#19021,"KEMANG, SANGA DESA, MUSI BANYUASIN, SUMATERA SELATAN",4,149,68,217
https://kawalpemilu.org#19021,"KEMANG, SANGA DESA, MUSI BANYUASIN, SUMATERA SELATAN",5,153,52,205
https://kawalpemilu.org#19021,"KEMANG, SANGA DESA, MUSI BANYUASIN, SUMATERA SELATAN",6,136,71,207
https://kawalpemilu.org#19021,"KEMANG, SANGA DESA, MUSI BANYUASIN, SUMATERA SELATAN",7,135,68,203
https://kawalpemilu.org#19021,"KEMANG, SANGA DESA, MUSI BANYUASIN, SUMATERA SELATAN",8,156,58,214
https://kawalpemilu.org#19021,"KEMANG, SANGA DESA, MUSI BANYUASIN, SUMATERA SELATAN",9,137,71,208
https://kawalpemilu.org#19022,"TANJUNG RAYA, SANGA DESA, MUSI BANYUASIN, SUMATERA SELATAN",1,109,103,212
https://kawalpemilu.org#19022,"TANJUNG RAYA, SANGA DESA, MUSI BANYUASIN, SUMATERA SELATAN",2,56,122,178
https://kawalpemilu.org#19022,"TANJUNG RAYA, SANGA DESA, MUSI BANYUASIN, SUMATERA SELATAN",3,65,138,203
https://kawalpemilu.org#19022,"TANJUNG RAYA, SANGA DESA, MUSI BANYUASIN, SUMATERA SELATAN",4,95,121,216
https://kawalpemilu.org#19023,"AIR ITAM, SANGA DESA, MUSI BANYUASIN, SUMATERA SELATAN",1,23,128,151
https://kawalpemilu.org#19023,"AIR ITAM, SANGA DESA, MUSI BANYUASIN, SUMATERA SELATAN",2,62,109,171
https://kawalpemilu.org#19024,"KEBAN I, SANGA DESA, MUSI BANYUASIN, SUMATERA SELATAN",1,92,111,203
https://kawalpemilu.org#19024,"KEBAN I, SANGA DESA, MUSI BANYUASIN, SUMATERA SELATAN",2,68,117,185
https://kawalpemilu.org#19024,"KEBAN I, SANGA DESA, MUSI BANYUASIN, SUMATERA SELATAN",3,52,126,178
https://kawalpemilu.org#19024,"KEBAN I, SANGA DESA, MUSI BANYUASIN, SUMATERA SELATAN",4,95,125,220
https://kawalpemilu.org#19024,"KEBAN I, SANGA DESA, MUSI BANYUASIN, SUMATERA SELATAN",5,61,11,72
https://kawalpemilu.org#19024,"KEBAN I, SANGA DESA, MUSI BANYUASIN, SUMATERA SELATAN",6,38,51,89
https://kawalpemilu.org#19024,"KEBAN I, SANGA DESA, MUSI BANYUASIN, SUMATERA SELATAN",7,48,33,81
https://kawalpemilu.org#19024,"KEBAN I, SANGA DESA, MUSI BANYUASIN, SUMATERA SELATAN",8,21,23,44
https://kawalpemilu.org#19025,"KEBAN II, SANGA DESA, MUSI BANYUASIN, SUMATERA SELATAN",1,87,174,261
https://kawalpemilu.org#19025,"KEBAN II, SANGA DESA, MUSI BANYUASIN, SUMATERA SELATAN",2,63,148,211
https://kawalpemilu.org#19025,"KEBAN II, SANGA DESA, MUSI BANYUASIN, SUMATERA SELATAN",3,112,111,223
https://kawalpemilu.org#19025,"KEBAN II, SANGA DESA, MUSI BANYUASIN, SUMATERA SELATAN",4,62,110,172
https://kawalpemilu.org#19026,"PANAI, SANGA DESA, MUSI BANYUASIN, SUMATERA SELATAN",1,131,62,193
https://kawalpemilu.org#19026,"PANAI, SANGA DESA, MUSI BANYUASIN, SUMATERA SELATAN",2,108,83,191
https://kawalpemilu.org#19026,"PANAI, SANGA DESA, MUSI BANYUASIN, SUMATERA SELATAN",3,96,74,170
https://kawalpemilu.org#84688,"NGULAK, SANGA DESA, MUSI BANYUASIN, SUMATERA SELATAN",1,134,74,208
https://kawalpemilu.org#84688,"NGULAK, SANGA DESA, MUSI BANYUASIN, SUMATERA SELATAN",2,119,92,211
https://kawalpemilu.org#84688,"NGULAK, SANGA DESA, MUSI BANYUASIN, SUMATERA SELATAN",3,134,110,244
https://kawalpemilu.org#84688,"NGULAK, SANGA DESA, MUSI BANYUASIN, SUMATERA SELATAN",4,155,85,240
https://kawalpemilu.org#84688,"NGULAK, SANGA DESA, MUSI BANYUASIN, SUMATERA SELATAN",5,72,53,125
https://kawalpemilu.org#84688,"NGULAK, SANGA DESA, MUSI BANYUASIN, SUMATERA SELATAN",6,145,100,245
https://kawalpemilu.org#84689,"MACANG SAKTI, SANGA DESA, MUSI BANYUASIN, SUMATERA SELATAN",1,108,101,209
https://kawalpemilu.org#84689,"MACANG SAKTI, SANGA DESA, MUSI BANYUASIN, SUMATERA SELATAN",2,104,108,212
https://kawalpemilu.org#84689,"MACANG SAKTI, SANGA DESA, MUSI BANYUASIN, SUMATERA SELATAN",3,95,127,222
https://kawalpemilu.org#84689,"MACANG SAKTI, SANGA DESA, MUSI BANYUASIN, SUMATERA SELATAN",4,123,81,204
https://kawalpemilu.org#84689,"MACANG SAKTI, SANGA DESA, MUSI BANYUASIN, SUMATERA SELATAN",5,82,93,175
https://kawalpemilu.org#19028,"BABAT, BABAT TOMAN, MUSI BANYUASIN, SUMATERA SELATAN",1,70,224,294
https://kawalpemilu.org#19028,"BABAT, BABAT TOMAN, MUSI BANYUASIN, SUMATERA SELATAN",2,74,175,249
https://kawalpemilu.org#19028,"BABAT, BABAT TOMAN, MUSI BANYUASIN, SUMATERA SELATAN",3,54,155,209
https://kawalpemilu.org#19028,"BABAT, BABAT TOMAN, MUSI BANYUASIN, SUMATERA SELATAN",4,88,187,275
https://kawalpemilu.org#19028,"BABAT, BABAT TOMAN, MUSI BANYUASIN, SUMATERA SELATAN",5,92,167,259
https://kawalpemilu.org#19028,"BABAT, BABAT TOMAN, MUSI BANYUASIN, SUMATERA SELATAN",6,64,203,267
https://kawalpemilu.org#19028,"BABAT, BABAT TOMAN, MUSI BANYUASIN, SUMATERA SELATAN",7,80,187,267
https://kawalpemilu.org#19028,"BABAT, BABAT TOMAN, MUSI BANYUASIN, SUMATERA SELATAN",8,130,140,270
https://kawalpemilu.org#19028,"BABAT, BABAT TOMAN, MUSI BANYUASIN, SUMATERA SELATAN",9,97,150,247
https://kawalpemilu.org#19028,"BABAT, BABAT TOMAN, MUSI BANYUASIN, SUMATERA SELATAN",10,123,148,271
https://kawalpemilu.org#19028,"BABAT, BABAT TOMAN, MUSI BANYUASIN, SUMATERA SELATAN",11,137,127,264
https://kawalpemilu.org#19029,"MANGUN JAYA, BABAT TOMAN, MUSI BANYUASIN, SUMATERA SELATAN",1,65,156,221
https://kawalpemilu.org#19029,"MANGUN JAYA, BABAT TOMAN, MUSI BANYUASIN, SUMATERA SELATAN",2,76,203,279
https://kawalpemilu.org#19029,"MANGUN JAYA, BABAT TOMAN, MUSI BANYUASIN, SUMATERA SELATAN",3,62,182,244
https://kawalpemilu.org#19029,"MANGUN JAYA, BABAT TOMAN, MUSI BANYUASIN, SUMATERA SELATAN",4,93,133,226
https://kawalpemilu.org#19029,"MANGUN JAYA, BABAT TOMAN, MUSI BANYUASIN, SUMATERA SELATAN",5,117,141,258
https://kawalpemilu.org#19029,"MANGUN JAYA, BABAT TOMAN, MUSI BANYUASIN, SUMATERA SELATAN",7,71,183,254
https://kawalpemilu.org#19029,"MANGUN JAYA, BABAT TOMAN, MUSI BANYUASIN, SUMATERA SELATAN",8,63,204,267
https://kawalpemilu.org#19029,"MANGUN JAYA, BABAT TOMAN, MUSI BANYUASIN, SUMATERA SELATAN",9,109,156,265
https://kawalpemilu.org#19029,"MANGUN JAYA, BABAT TOMAN, MUSI BANYUASIN, SUMATERA SELATAN",10,75,188,263
https://kawalpemilu.org#19029,"MANGUN JAYA, BABAT TOMAN, MUSI BANYUASIN, SUMATERA SELATAN",11,60,107,167
https://kawalpemilu.org#19029,"MANGUN JAYA, BABAT TOMAN, MUSI BANYUASIN, SUMATERA SELATAN",12,150,147,297
https://kawalpemilu.org#19029,"MANGUN JAYA, BABAT TOMAN, MUSI BANYUASIN, SUMATERA SELATAN",13,70,111,181
https://kawalpemilu.org#19030,"SEREKA, BABAT TOMAN, MUSI BANYUASIN, SUMATERA SELATAN",1,48,154,202
https://kawalpemilu.org#19030,"SEREKA, BABAT TOMAN, MUSI BANYUASIN, SUMATERA SELATAN",2,61,134,195
https://kawalpemilu.org#19030,"SEREKA, BABAT TOMAN, MUSI BANYUASIN, SUMATERA SELATAN",3,54,158,212
https://kawalpemilu.org#19030,"SEREKA, BABAT TOMAN, MUSI BANYUASIN, SUMATERA SELATAN",4,109,98,207
https://kawalpemilu.org#19031,"SUGI RAYA, BABAT TOMAN, MUSI BANYUASIN, SUMATERA SELATAN",1,45,140,185
https://kawalpemilu.org#19031,"SUGI RAYA, BABAT TOMAN, MUSI BANYUASIN, SUMATERA SELATAN",2,11,120,131
https://kawalpemilu.org#19032,"SUGI WARAS, BABAT TOMAN, MUSI BANYUASIN, SUMATERA SELATAN",1,79,149,228
https://kawalpemilu.org#19032,"SUGI WARAS, BABAT TOMAN, MUSI BANYUASIN, SUMATERA SELATAN",2,56,190,246
https://kawalpemilu.org#19032,"SUGI WARAS, BABAT TOMAN, MUSI BANYUASIN, SUMATERA SELATAN",3,104,117,221
https://kawalpemilu.org#19033,"BERUGE, BABAT TOMAN, MUSI BANYUASIN, SUMATERA SELATAN",1,71,171,242
https://kawalpemilu.org#19033,"BERUGE, BABAT TOMAN, MUSI BANYUASIN, SUMATERA SELATAN",2,67,128,195
https://kawalpemilu.org#19033,"BERUGE, BABAT TOMAN, MUSI BANYUASIN, SUMATERA SELATAN",3,63,176,239
https://kawalpemilu.org#19033,"BERUGE, BABAT TOMAN, MUSI BANYUASIN, SUMATERA SELATAN",4,47,67,114
https://kawalpemilu.org#19034,"MUARA PUNJUNG, BABAT TOMAN, MUSI BANYUASIN, SUMATERA SELATAN",1,47,189,236
https://kawalpemilu.org#19034,"MUARA PUNJUNG, BABAT TOMAN, MUSI BANYUASIN, SUMATERA SELATAN",2,34,192,226
https://kawalpemilu.org#19034,"MUARA PUNJUNG, BABAT TOMAN, MUSI BANYUASIN, SUMATERA SELATAN",3,56,155,211
https://kawalpemilu.org#19034,"MUARA PUNJUNG, BABAT TOMAN, MUSI BANYUASIN, SUMATERA SELATAN",4,49,177,226
https://kawalpemilu.org#19036,"BANGUN SARI, BABAT TOMAN, MUSI BANYUASIN, SUMATERA SELATAN",1,113,124,237
https://kawalpemilu.org#19036,"BANGUN SARI, BABAT TOMAN, MUSI BANYUASIN, SUMATERA SELATAN",2,109,137,246
https://kawalpemilu.org#19036,"BANGUN SARI, BABAT TOMAN, MUSI BANYUASIN, SUMATERA SELATAN",3,103,131,234
https://kawalpemilu.org#19036,"BANGUN SARI, BABAT TOMAN, MUSI BANYUASIN, SUMATERA SELATAN",4,105,137,242
https://kawalpemilu.org#19036,"BANGUN SARI, BABAT TOMAN, MUSI BANYUASIN, SUMATERA SELATAN",5,80,120,200
https://kawalpemilu.org#19036,"BANGUN SARI, BABAT TOMAN, MUSI BANYUASIN, SUMATERA SELATAN",6,80,96,176
https://kawalpemilu.org#19036,"BANGUN SARI, BABAT TOMAN, MUSI BANYUASIN, SUMATERA SELATAN",7,108,102,210
https://kawalpemilu.org#19037,"TOMAN, BABAT TOMAN, MUSI BANYUASIN, SUMATERA SELATAN",1,89,116,205
https://kawalpemilu.org#19037,"TOMAN, BABAT TOMAN, MUSI BANYUASIN, SUMATERA SELATAN",2,57,157,214
https://kawalpemilu.org#19037,"TOMAN, BABAT TOMAN, MUSI BANYUASIN, SUMATERA SELATAN",3,28,140,168
https://kawalpemilu.org#19037,"TOMAN, BABAT TOMAN, MUSI BANYUASIN, SUMATERA SELATAN",4,72,164,236
https://kawalpemilu.org#19037,"TOMAN, BABAT TOMAN, MUSI BANYUASIN, SUMATERA SELATAN",5,55,142,197
https://kawalpemilu.org#19037,"TOMAN, BABAT TOMAN, MUSI BANYUASIN, SUMATERA SELATAN",6,57,97,154
https://kawalpemilu.org#19037,"TOMAN, BABAT TOMAN, MUSI BANYUASIN, SUMATERA SELATAN",7,68,150,218
https://kawalpemilu.org#19037,"TOMAN, BABAT TOMAN, MUSI BANYUASIN, SUMATERA SELATAN",8,66,107,173
https://kawalpemilu.org#19037,"TOMAN, BABAT TOMAN, MUSI BANYUASIN, SUMATERA SELATAN",9,75,76,151
https://kawalpemilu.org#19037,"TOMAN, BABAT TOMAN, MUSI BANYUASIN, SUMATERA SELATAN",10,46,104,150
https://kawalpemilu.org#19037,"TOMAN, BABAT TOMAN, MUSI BANYUASIN, SUMATERA SELATAN",11,46,100,146
https://kawalpemilu.org#19037,"TOMAN, BABAT TOMAN, MUSI BANYUASIN, SUMATERA SELATAN",12,80,154,234
https://kawalpemilu.org#19037,"TOMAN, BABAT TOMAN, MUSI BANYUASIN, SUMATERA SELATAN",13,69,166,235
https://kawalpemilu.org#19037,"TOMAN, BABAT TOMAN, MUSI BANYUASIN, SUMATERA SELATAN",14,90,149,239
https://kawalpemilu.org#19037,"TOMAN, BABAT TOMAN, MUSI BANYUASIN, SUMATERA SELATAN",15,69,174,243
https://kawalpemilu.org#19037,"TOMAN, BABAT TOMAN, MUSI BANYUASIN, SUMATERA SELATAN",16,88,86,174
https://kawalpemilu.org#19037,"TOMAN, BABAT TOMAN, MUSI BANYUASIN, SUMATERA SELATAN",17,81,71,152
https://kawalpemilu.org#19037,"TOMAN, BABAT TOMAN, MUSI BANYUASIN, SUMATERA SELATAN",18,110,87,197
https://kawalpemilu.org#19037,"TOMAN, BABAT TOMAN, MUSI BANYUASIN, SUMATERA SELATAN",19,39,127,166
https://kawalpemilu.org#19037,"TOMAN, BABAT TOMAN, MUSI BANYUASIN, SUMATERA SELATAN",20,3,31,34
https://kawalpemilu.org#19038,"KASMARAN, BABAT TOMAN, MUSI BANYUASIN, SUMATERA SELATAN",1,77,166,243
https://kawalpemilu.org#19038,"KASMARAN, BABAT TOMAN, MUSI BANYUASIN, SUMATERA SELATAN",2,57,73,130
https://kawalpemilu.org#19038,"KASMARAN, BABAT TOMAN, MUSI BANYUASIN, SUMATERA SELATAN",3,59,153,212
https://kawalpemilu.org#19038,"KASMARAN, BABAT TOMAN, MUSI BANYUASIN, SUMATERA SELATAN",4,55,103,158
https://kawalpemilu.org#19038,"KASMARAN, BABAT TOMAN, MUSI BANYUASIN, SUMATERA SELATAN",5,38,119,157
https://kawalpemilu.org#19038,"KASMARAN, BABAT TOMAN, MUSI BANYUASIN, SUMATERA SELATAN",6,25,125,150
https://kawalpemilu.org#19038,"KASMARAN, BABAT TOMAN, MUSI BANYUASIN, SUMATERA SELATAN",7,35,152,187
https://kawalpemilu.org#19038,"KASMARAN, BABAT TOMAN, MUSI BANYUASIN, SUMATERA SELATAN",8,46,169,215
https://kawalpemilu.org#19038,"KASMARAN, BABAT TOMAN, MUSI BANYUASIN, SUMATERA SELATAN",9,19,138,157
https://kawalpemilu.org#19038,"KASMARAN, BABAT TOMAN, MUSI BANYUASIN, SUMATERA SELATAN",10,30,148,178
https://kawalpemilu.org#19038,"KASMARAN, BABAT TOMAN, MUSI BANYUASIN, SUMATERA SELATAN",11,24,115,139
https://kawalpemilu.org#19038,"KASMARAN, BABAT TOMAN, MUSI BANYUASIN, SUMATERA SELATAN",12,29,126,155
https://kawalpemilu.org#19038,"KASMARAN, BABAT TOMAN, MUSI BANYUASIN, SUMATERA SELATAN",13,61,98,159
https://kawalpemilu.org#19038,"KASMARAN, BABAT TOMAN, MUSI BANYUASIN, SUMATERA SELATAN",14,59,94,153
https://kawalpemilu.org#19038,"KASMARAN, BABAT TOMAN, MUSI BANYUASIN, SUMATERA SELATAN",15,144,86,230
https://kawalpemilu.org#19038,"KASMARAN, BABAT TOMAN, MUSI BANYUASIN, SUMATERA SELATAN",16,7,46,53
https://kawalpemilu.org#19051,"SUNGAI ANGIT, BABAT TOMAN, MUSI BANYUASIN, SUMATERA SELATAN",1,114,125,239
https://kawalpemilu.org#19051,"SUNGAI ANGIT, BABAT TOMAN, MUSI BANYUASIN, SUMATERA SELATAN",2,131,100,231
https://kawalpemilu.org#19051,"SUNGAI ANGIT, BABAT TOMAN, MUSI BANYUASIN, SUMATERA SELATAN",3,106,116,222
https://kawalpemilu.org#19051,"SUNGAI ANGIT, BABAT TOMAN, MUSI BANYUASIN, SUMATERA SELATAN",4,116,102,218
https://kawalpemilu.org#19051,"SUNGAI ANGIT, BABAT TOMAN, MUSI BANYUASIN, SUMATERA SELATAN",5,29,57,86
https://kawalpemilu.org#19051,"SUNGAI ANGIT, BABAT TOMAN, MUSI BANYUASIN, SUMATERA SELATAN",6,95,65,160
https://kawalpemilu.org#19052,"SRIMULYO, BABAT TOMAN, MUSI BANYUASIN, SUMATERA SELATAN",1,102,108,210
https://kawalpemilu.org#19052,"SRIMULYO, BABAT TOMAN, MUSI BANYUASIN, SUMATERA SELATAN",2,94,101,195
https://kawalpemilu.org#19052,"SRIMULYO, BABAT TOMAN, MUSI BANYUASIN, SUMATERA SELATAN",3,99,82,181
https://kawalpemilu.org#19052,"SRIMULYO, BABAT TOMAN, MUSI BANYUASIN, SUMATERA SELATAN",4,73,77,150
https://kawalpemilu.org#19052,"SRIMULYO, BABAT TOMAN, MUSI BANYUASIN, SUMATERA SELATAN",5,32,65,97
https://kawalpemilu.org#930038,"PANGKALAN JAYA, BABAT TOMAN, MUSI BANYUASIN, SUMATERA SELATAN",1,24,149,173
https://kawalpemilu.org#930038,"PANGKALAN JAYA, BABAT TOMAN, MUSI BANYUASIN, SUMATERA SELATAN",2,14,102,116
https://kawalpemilu.org#930038,"PANGKALAN JAYA, BABAT TOMAN, MUSI BANYUASIN, SUMATERA SELATAN",3,24,165,189
https://kawalpemilu.org#930038,"PANGKALAN JAYA, BABAT TOMAN, MUSI BANYUASIN, SUMATERA SELATAN",4,30,159,189
https://kawalpemilu.org#19056,"SUNGAI LILIN, SUNGAI LILIN, MUSI BANYUASIN, SUMATERA SELATAN",1,48,138,186
https://kawalpemilu.org#19056,"SUNGAI LILIN, SUNGAI LILIN, MUSI BANYUASIN, SUMATERA SELATAN",2,48,135,183
https://kawalpemilu.org#19056,"SUNGAI LILIN, SUNGAI LILIN, MUSI BANYUASIN, SUMATERA SELATAN",3,55,139,194
https://kawalpemilu.org#19056,"SUNGAI LILIN, SUNGAI LILIN, MUSI BANYUASIN, SUMATERA SELATAN",4,81,178,259
https://kawalpemilu.org#19056,"SUNGAI LILIN, SUNGAI LILIN, MUSI BANYUASIN, SUMATERA SELATAN",5,54,113,167
https://kawalpemilu.org#19056,"SUNGAI LILIN, SUNGAI LILIN, MUSI BANYUASIN, SUMATERA SELATAN",6,70,131,201
https://kawalpemilu.org#19056,"SUNGAI LILIN, SUNGAI LILIN, MUSI BANYUASIN, SUMATERA SELATAN",7,63,133,196
https://kawalpemilu.org#19056,"SUNGAI LILIN, SUNGAI LILIN, MUSI BANYUASIN, SUMATERA SELATAN",8,109,165,274
https://kawalpemilu.org#19056,"SUNGAI LILIN, SUNGAI LILIN, MUSI BANYUASIN, SUMATERA SELATAN",9,74,211,285
https://kawalpemilu.org#19056,"SUNGAI LILIN, SUNGAI LILIN, MUSI BANYUASIN, SUMATERA SELATAN",10,46,254,300
https://kawalpemilu.org#19056,"SUNGAI LILIN, SUNGAI LILIN, MUSI BANYUASIN, SUMATERA SELATAN",11,51,190,241
https://kawalpemilu.org#19056,"SUNGAI LILIN, SUNGAI LILIN, MUSI BANYUASIN, SUMATERA SELATAN",12,57,157,214
https://kawalpemilu.org#19056,"SUNGAI LILIN, SUNGAI LILIN, MUSI BANYUASIN, SUMATERA SELATAN",13,54,162,216
https://kawalpemilu.org#19056,"SUNGAI LILIN, SUNGAI LILIN, MUSI BANYUASIN, SUMATERA SELATAN",14,32,151,183
https://kawalpemilu.org#19056,"SUNGAI LILIN, SUNGAI LILIN, MUSI BANYUASIN, SUMATERA SELATAN",15,63,150,213
https://kawalpemilu.org#19056,"SUNGAI LILIN, SUNGAI LILIN, MUSI BANYUASIN, SUMATERA SELATAN",16,65,118,183
https://kawalpemilu.org#19056,"SUNGAI LILIN, SUNGAI LILIN, MUSI BANYUASIN, SUMATERA SELATAN",17,69,151,220
https://kawalpemilu.org#19056,"SUNGAI LILIN, SUNGAI LILIN, MUSI BANYUASIN, SUMATERA SELATAN",18,58,161,219
https://kawalpemilu.org#19056,"SUNGAI LILIN, SUNGAI LILIN, MUSI BANYUASIN, SUMATERA SELATAN",19,66,143,209
https://kawalpemilu.org#19056,"SUNGAI LILIN, SUNGAI LILIN, MUSI BANYUASIN, SUMATERA SELATAN",20,68,178,246
https://kawalpemilu.org#19056,"SUNGAI LILIN, SUNGAI LILIN, MUSI BANYUASIN, SUMATERA SELATAN",21,62,186,248
https://kawalpemilu.org#19056,"SUNGAI LILIN, SUNGAI LILIN, MUSI BANYUASIN, SUMATERA SELATAN",22,73,138,211
https://kawalpemilu.org#19056,"SUNGAI LILIN, SUNGAI LILIN, MUSI BANYUASIN, SUMATERA SELATAN",23,66,83,149
https://kawalpemilu.org#19056,"SUNGAI LILIN, SUNGAI LILIN, MUSI BANYUASIN, SUMATERA SELATAN",24,63,134,197
https://kawalpemilu.org#19056,"SUNGAI LILIN, SUNGAI LILIN, MUSI BANYUASIN, SUMATERA SELATAN",25,17,121,138
https://kawalpemilu.org#19056,"SUNGAI LILIN, SUNGAI LILIN, MUSI BANYUASIN, SUMATERA SELATAN",26,69,84,153
https://kawalpemilu.org#19056,"SUNGAI LILIN, SUNGAI LILIN, MUSI BANYUASIN, SUMATERA SELATAN",27,79,120,199
https://kawalpemilu.org#19056,"SUNGAI LILIN, SUNGAI LILIN, MUSI BANYUASIN, SUMATERA SELATAN",28,60,141,201
https://kawalpemilu.org#19056,"SUNGAI LILIN, SUNGAI LILIN, MUSI BANYUASIN, SUMATERA SELATAN",29,80,133,213
https://kawalpemilu.org#19056,"SUNGAI LILIN, SUNGAI LILIN, MUSI BANYUASIN, SUMATERA SELATAN",30,68,127,195
https://kawalpemilu.org#19063,"SRI GUNUNG, SUNGAI LILIN, MUSI BANYUASIN, SUMATERA SELATAN",1,105,144,249
https://kawalpemilu.org#19063,"SRI GUNUNG, SUNGAI LILIN, MUSI BANYUASIN, SUMATERA SELATAN",2,120,41,161
https://kawalpemilu.org#19063,"SRI GUNUNG, SUNGAI LILIN, MUSI BANYUASIN, SUMATERA SELATAN",3,84,161,245
https://kawalpemilu.org#19063,"SRI GUNUNG, SUNGAI LILIN, MUSI BANYUASIN, SUMATERA SELATAN",4,70,161,231
https://kawalpemilu.org#19063,"SRI GUNUNG, SUNGAI LILIN, MUSI BANYUASIN, SUMATERA SELATAN",5,115,94,209
https://kawalpemilu.org#19063,"SRI GUNUNG, SUNGAI LILIN, MUSI BANYUASIN, SUMATERA SELATAN",6,99,68,167
https://kawalpemilu.org#19063,"SRI GUNUNG, SUNGAI LILIN, MUSI BANYUASIN, SUMATERA SELATAN",7,123,93,216
https://kawalpemilu.org#19063,"SRI GUNUNG, SUNGAI LILIN, MUSI BANYUASIN, SUMATERA SELATAN",8,48,134,182
https://kawalpemilu.org#19063,"SRI GUNUNG, SUNGAI LILIN, MUSI BANYUASIN, SUMATERA SELATAN",9,90,128,218
https://kawalpemilu.org#19063,"SRI GUNUNG, SUNGAI LILIN, MUSI BANYUASIN, SUMATERA SELATAN",10,117,125,242
https://kawalpemilu.org#19063,"SRI GUNUNG, SUNGAI LILIN, MUSI BANYUASIN, SUMATERA SELATAN",11,73,152,225
https://kawalpemilu.org#19063,"SRI GUNUNG, SUNGAI LILIN, MUSI BANYUASIN, SUMATERA SELATAN",12,69,116,185
https://kawalpemilu.org#19063,"SRI GUNUNG, SUNGAI LILIN, MUSI BANYUASIN, SUMATERA SELATAN",13,89,48,137
https://kawalpemilu.org#19063,"SRI GUNUNG, SUNGAI LILIN, MUSI BANYUASIN, SUMATERA SELATAN",14,95,87,182
https://kawalpemilu.org#19063,"SRI GUNUNG, SUNGAI LILIN, MUSI BANYUASIN, SUMATERA SELATAN",15,54,150,204
https://kawalpemilu.org#19063,"SRI GUNUNG, SUNGAI LILIN, MUSI BANYUASIN, SUMATERA SELATAN",16,18,40,58
https://kawalpemilu.org#19063,"SRI GUNUNG, SUNGAI LILIN, MUSI BANYUASIN, SUMATERA SELATAN",17,31,77,108
https://kawalpemilu.org#19064,"SUMBER REJEKI, SUNGAI LILIN, MUSI BANYUASIN, SUMATERA SELATAN",1,108,142,250
https://kawalpemilu.org#19064,"SUMBER REJEKI, SUNGAI LILIN, MUSI BANYUASIN, SUMATERA SELATAN",2,124,128,252
https://kawalpemilu.org#19064,"SUMBER REJEKI, SUNGAI LILIN, MUSI BANYUASIN, SUMATERA SELATAN",3,99,147,246
https://kawalpemilu.org#19064,"SUMBER REJEKI, SUNGAI LILIN, MUSI BANYUASIN, SUMATERA SELATAN",4,124,125,249
https://kawalpemilu.org#19064,"SUMBER REJEKI, SUNGAI LILIN, MUSI BANYUASIN, SUMATERA SELATAN",5,136,122,258
https://kawalpemilu.org#19064,"SUMBER REJEKI, SUNGAI LILIN, MUSI BANYUASIN, SUMATERA SELATAN",6,152,111,263
https://kawalpemilu.org#19064,"SUMBER REJEKI, SUNGAI LILIN, MUSI BANYUASIN, SUMATERA SELATAN",7,139,101,240
https://kawalpemilu.org#19064,"SUMBER REJEKI, SUNGAI LILIN, MUSI BANYUASIN, SUMATERA SELATAN",8,104,120,224
https://kawalpemilu.org#19064,"SUMBER REJEKI, SUNGAI LILIN, MUSI BANYUASIN, SUMATERA SELATAN",9,106,130,236
https://kawalpemilu.org#19065,"LINGGO SARI, SUNGAI LILIN, MUSI BANYUASIN, SUMATERA SELATAN",1,73,165,238
https://kawalpemilu.org#19065,"LINGGO SARI, SUNGAI LILIN, MUSI BANYUASIN, SUMATERA SELATAN",2,91,143,234
https://kawalpemilu.org#19065,"LINGGO SARI, SUNGAI LILIN, MUSI BANYUASIN, SUMATERA SELATAN",3,131,130,261
https://kawalpemilu.org#19065,"LINGGO SARI, SUNGAI LILIN, MUSI BANYUASIN, SUMATERA SELATAN",4,80,146,226
https://kawalpemilu.org#19065,"LINGGO SARI, SUNGAI LILIN, MUSI BANYUASIN, SUMATERA SELATAN",5,79,173,252
https://kawalpemilu.org#19065,"LINGGO SARI, SUNGAI LILIN, MUSI BANYUASIN, SUMATERA SELATAN",6,90,143,233
https://kawalpemilu.org#19066,"MULYO REJO, SUNGAI LILIN, MUSI BANYUASIN, SUMATERA SELATAN",1,130,107,237
https://kawalpemilu.org#19066,"MULYO REJO, SUNGAI LILIN, MUSI BANYUASIN, SUMATERA SELATAN",2,174,61,235
https://kawalpemilu.org#19066,"MULYO REJO, SUNGAI LILIN, MUSI BANYUASIN, SUMATERA SELATAN",3,134,77,211
https://kawalpemilu.org#19066,"MULYO REJO, SUNGAI LILIN, MUSI BANYUASIN, SUMATERA SELATAN",4,164,83,247
https://kawalpemilu.org#19066,"MULYO REJO, SUNGAI LILIN, MUSI BANYUASIN, SUMATERA SELATAN",5,74,181,255
https://kawalpemilu.org#19066,"MULYO REJO, SUNGAI LILIN, MUSI BANYUASIN, SUMATERA SELATAN",6,113,115,228
https://kawalpemilu.org#19066,"MULYO REJO, SUNGAI LILIN, MUSI BANYUASIN, SUMATERA SELATAN",7,169,95,264
https://kawalpemilu.org#19066,"MULYO REJO, SUNGAI LILIN, MUSI BANYUASIN, SUMATERA SELATAN",8,98,130,228
https://kawalpemilu.org#19067,"SUKA DAMAI BARU, SUNGAI LILIN, MUSI BANYUASIN, SUMATERA SELATAN",1,115,109,224
https://kawalpemilu.org#19067,"SUKA DAMAI BARU, SUNGAI LILIN, MUSI BANYUASIN, SUMATERA SELATAN",2,131,135,266
https://kawalpemilu.org#19067,"SUKA DAMAI BARU, SUNGAI LILIN, MUSI BANYUASIN, SUMATERA SELATAN",3,97,156,253
https://kawalpemilu.org#19067,"SUKA DAMAI BARU, SUNGAI LILIN, MUSI BANYUASIN, SUMATERA SELATAN",4,194,53,247
https://kawalpemilu.org#19067,"SUKA DAMAI BARU, SUNGAI LILIN, MUSI BANYUASIN, SUMATERA SELATAN",5,130,126,256
https://kawalpemilu.org#19067,"SUKA DAMAI BARU, SUNGAI LILIN, MUSI BANYUASIN, SUMATERA SELATAN",6,163,106,269
https://kawalpemilu.org#19067,"SUKA DAMAI BARU, SUNGAI LILIN, MUSI BANYUASIN, SUMATERA SELATAN",7,144,71,215
https://kawalpemilu.org#19068,"CINTA DAMAI, SUNGAI LILIN, MUSI BANYUASIN, SUMATERA SELATAN",1,154,82,236
https://kawalpemilu.org#19068,"CINTA DAMAI, SUNGAI LILIN, MUSI BANYUASIN, SUMATERA SELATAN",2,113,97,210
https://kawalpemilu.org#19068,"CINTA DAMAI, SUNGAI LILIN, MUSI BANYUASIN, SUMATERA SELATAN",3,132,99,231
https://kawalpemilu.org#19068,"CINTA DAMAI, SUNGAI LILIN, MUSI BANYUASIN, SUMATERA SELATAN",4,114,122,236
https://kawalpemilu.org#19068,"CINTA DAMAI, SUNGAI LILIN, MUSI BANYUASIN, SUMATERA SELATAN",5,138,75,213
https://kawalpemilu.org#19068,"CINTA DAMAI, SUNGAI LILIN, MUSI BANYUASIN, SUMATERA SELATAN",6,191,50,241
https://kawalpemilu.org#19068,"CINTA DAMAI, SUNGAI LILIN, MUSI BANYUASIN, SUMATERA SELATAN",7,154,53,207
https://kawalpemilu.org#19068,"CINTA DAMAI, SUNGAI LILIN, MUSI BANYUASIN, SUMATERA SELATAN",8,146,76,222
https://kawalpemilu.org#19069,"BERLIAN MAKMUR, SUNGAI LILIN, MUSI BANYUASIN, SUMATERA SELATAN",1,111,157,268
https://kawalpemilu.org#19069,"BERLIAN MAKMUR, SUNGAI LILIN, MUSI BANYUASIN, SUMATERA SELATAN",2,134,121,255
https://kawalpemilu.org#19069,"BERLIAN MAKMUR, SUNGAI LILIN, MUSI BANYUASIN, SUMATERA SELATAN",3,88,170,258
https://kawalpemilu.org#19069,"BERLIAN MAKMUR, SUNGAI LILIN, MUSI BANYUASIN, SUMATERA SELATAN",4,111,140,251
https://kawalpemilu.org#19069,"BERLIAN MAKMUR, SUNGAI LILIN, MUSI BANYUASIN, SUMATERA SELATAN",5,93,158,251
https://kawalpemilu.org#19069,"BERLIAN MAKMUR, SUNGAI LILIN, MUSI BANYUASIN, SUMATERA SELATAN",6,81,159,240
https://kawalpemilu.org#19069,"BERLIAN MAKMUR, SUNGAI LILIN, MUSI BANYUASIN, SUMATERA SELATAN",7,139,108,247
https://kawalpemilu.org#19069,"BERLIAN MAKMUR, SUNGAI LILIN, MUSI BANYUASIN, SUMATERA SELATAN",8,83,164,247
https://kawalpemilu.org#19069,"BERLIAN MAKMUR, SUNGAI LILIN, MUSI BANYUASIN, SUMATERA SELATAN",9,127,115,242
https://kawalpemilu.org#19069,"BERLIAN MAKMUR, SUNGAI LILIN, MUSI BANYUASIN, SUMATERA SELATAN",10,119,99,218
https://kawalpemilu.org#19070,"BUMI KENCANA, SUNGAI LILIN, MUSI BANYUASIN, SUMATERA SELATAN",1,124,85,209
https://kawalpemilu.org#19070,"BUMI KENCANA, SUNGAI LILIN, MUSI BANYUASIN, SUMATERA SELATAN",2,128,43,171
https://kawalpemilu.org#19070,"BUMI KENCANA, SUNGAI LILIN, MUSI BANYUASIN, SUMATERA SELATAN",3,205,32,237
https://kawalpemilu.org#19070,"BUMI KENCANA, SUNGAI LILIN, MUSI BANYUASIN, SUMATERA SELATAN",4,200,46,246
https://kawalpemilu.org#19070,"BUMI KENCANA, SUNGAI LILIN, MUSI BANYUASIN, SUMATERA SELATAN",5,187,58,245
https://kawalpemilu.org#19070,"BUMI KENCANA, SUNGAI LILIN, MUSI BANYUASIN, SUMATERA SELATAN",6,130,45,175
https://kawalpemilu.org#19070,"BUMI KENCANA, SUNGAI LILIN, MUSI BANYUASIN, SUMATERA SELATAN",7,151,18,169
https://kawalpemilu.org#19070,"BUMI KENCANA, SUNGAI LILIN, MUSI BANYUASIN, SUMATERA SELATAN",8,147,39,186
https://kawalpemilu.org#19070,"BUMI KENCANA, SUNGAI LILIN, MUSI BANYUASIN, SUMATERA SELATAN",9,149,46,195
https://kawalpemilu.org#19070,"BUMI KENCANA, SUNGAI LILIN, MUSI BANYUASIN, SUMATERA SELATAN",10,119,30,149
https://kawalpemilu.org#19070,"BUMI KENCANA, SUNGAI LILIN, MUSI BANYUASIN, SUMATERA SELATAN",11,152,64,216
https://kawalpemilu.org#19070,"BUMI KENCANA, SUNGAI LILIN, MUSI BANYUASIN, SUMATERA SELATAN",12,105,42,147
https://kawalpemilu.org#19070,"BUMI KENCANA, SUNGAI LILIN, MUSI BANYUASIN, SUMATERA SELATAN",13,106,68,174
https://kawalpemilu.org#19070,"BUMI KENCANA, SUNGAI LILIN, MUSI BANYUASIN, SUMATERA SELATAN",14,143,50,193
https://kawalpemilu.org#19070,"BUMI KENCANA, SUNGAI LILIN, MUSI BANYUASIN, SUMATERA SELATAN",15,133,22,155
https://kawalpemilu.org#19071,"MEKAR JADI, SUNGAI LILIN, MUSI BANYUASIN, SUMATERA SELATAN",1,90,169,259
https://kawalpemilu.org#19071,"MEKAR JADI, SUNGAI LILIN, MUSI BANYUASIN, SUMATERA SELATAN",2,188,72,260
https://kawalpemilu.org#19071,"MEKAR JADI, SUNGAI LILIN, MUSI BANYUASIN, SUMATERA SELATAN",3,140,125,265
https://kawalpemilu.org#19071,"MEKAR JADI, SUNGAI LILIN, MUSI BANYUASIN, SUMATERA SELATAN",4,135,97,232
https://kawalpemilu.org#19071,"MEKAR JADI, SUNGAI LILIN, MUSI BANYUASIN, SUMATERA SELATAN",5,83,60,143
https://kawalpemilu.org#19072,"NUSA SERASAN, SUNGAI LILIN, MUSI BANYUASIN, SUMATERA SELATAN",1,131,102,233
https://kawalpemilu.org#19072,"NUSA SERASAN, SUNGAI LILIN, MUSI BANYUASIN, SUMATERA SELATAN",2,124,108,232
https://kawalpemilu.org#19072,"NUSA SERASAN, SUNGAI LILIN, MUSI BANYUASIN, SUMATERA SELATAN",3,118,120,138
https://kawalpemilu.org#19072,"NUSA SERASAN, SUNGAI LILIN, MUSI BANYUASIN, SUMATERA SELATAN",4,126,127,253
https://kawalpemilu.org#19072,"NUSA SERASAN, SUNGAI LILIN, MUSI BANYUASIN, SUMATERA SELATAN",5,97,161,258
https://kawalpemilu.org#19072,"NUSA SERASAN, SUNGAI LILIN, MUSI BANYUASIN, SUMATERA SELATAN",6,111,122,233
https://kawalpemilu.org#19072,"NUSA SERASAN, SUNGAI LILIN, MUSI BANYUASIN, SUMATERA SELATAN",7,179,82,261
https://kawalpemilu.org#19072,"NUSA SERASAN, SUNGAI LILIN, MUSI BANYUASIN, SUMATERA SELATAN",8,132,104,236
https://kawalpemilu.org#19073,"PINANG BANJAR, SUNGAI LILIN, MUSI BANYUASIN, SUMATERA SELATAN",1,140,111,251
https://kawalpemilu.org#19073,"PINANG BANJAR, SUNGAI LILIN, MUSI BANYUASIN, SUMATERA SELATAN",2,142,109,251
https://kawalpemilu.org#19073,"PINANG BANJAR, SUNGAI LILIN, MUSI BANYUASIN, SUMATERA SELATAN",3,102,153,255
https://kawalpemilu.org#19073,"PINANG BANJAR, SUNGAI LILIN, MUSI BANYUASIN, SUMATERA SELATAN",4,129,107,236
https://kawalpemilu.org#19073,"PINANG BANJAR, SUNGAI LILIN, MUSI BANYUASIN, SUMATERA SELATAN",5,114,109,223
https://kawalpemilu.org#19073,"PINANG BANJAR, SUNGAI LILIN, MUSI BANYUASIN, SUMATERA SELATAN",6,114,122,236
https://kawalpemilu.org#19073,"PINANG BANJAR, SUNGAI LILIN, MUSI BANYUASIN, SUMATERA SELATAN",7,125,103,228
https://kawalpemilu.org#19073,"PINANG BANJAR, SUNGAI LILIN, MUSI BANYUASIN, SUMATERA SELATAN",8,182,68,250
https://kawalpemilu.org#19073,"PINANG BANJAR, SUNGAI LILIN, MUSI BANYUASIN, SUMATERA SELATAN",9,142,51,193
https://kawalpemilu.org#19073,"PINANG BANJAR, SUNGAI LILIN, MUSI BANYUASIN, SUMATERA SELATAN",10,146,58,204
https://kawalpemilu.org#19073,"PINANG BANJAR, SUNGAI LILIN, MUSI BANYUASIN, SUMATERA SELATAN",11,71,83,154
https://kawalpemilu.org#19075,"PANCA TUNGGAL, SUNGAI LILIN, MUSI BANYUASIN, SUMATERA SELATAN",1,184,102,286
https://kawalpemilu.org#19075,"PANCA TUNGGAL, SUNGAI LILIN, MUSI BANYUASIN, SUMATERA SELATAN",2,148,103,251
https://kawalpemilu.org#19075,"PANCA TUNGGAL, SUNGAI LILIN, MUSI BANYUASIN, SUMATERA SELATAN",3,197,73,267
https://kawalpemilu.org#19075,"PANCA TUNGGAL, SUNGAI LILIN, MUSI BANYUASIN, SUMATERA SELATAN",4,112,43,155
https://kawalpemilu.org#19075,"PANCA TUNGGAL, SUNGAI LILIN, MUSI BANYUASIN, SUMATERA SELATAN",5,138,95,233
https://kawalpemilu.org#19075,"PANCA TUNGGAL, SUNGAI LILIN, MUSI BANYUASIN, SUMATERA SELATAN",6,78,132,210
https://kawalpemilu.org#19075,"PANCA TUNGGAL, SUNGAI LILIN, MUSI BANYUASIN, SUMATERA SELATAN",7,85,98,183
https://kawalpemilu.org#19075,"PANCA TUNGGAL, SUNGAI LILIN, MUSI BANYUASIN, SUMATERA SELATAN",8,79,61,140
https://kawalpemilu.org#19075,"PANCA TUNGGAL, SUNGAI LILIN, MUSI BANYUASIN, SUMATERA SELATAN",9,135,65,200
https://kawalpemilu.org#19076,"BUKIT JAYA, SUNGAI LILIN, MUSI BANYUASIN, SUMATERA SELATAN",1,144,107,251
https://kawalpemilu.org#19076,"BUKIT JAYA, SUNGAI LILIN, MUSI BANYUASIN, SUMATERA SELATAN",2,209,44,253
https://kawalpemilu.org#19076,"BUKIT JAYA, SUNGAI LILIN, MUSI BANYUASIN, SUMATERA SELATAN",3,161,104,265
https://kawalpemilu.org#19076,"BUKIT JAYA, SUNGAI LILIN, MUSI BANYUASIN, SUMATERA SELATAN",4,164,103,267
https://kawalpemilu.org#19076,"BUKIT JAYA, SUNGAI LILIN, MUSI BANYUASIN, SUMATERA SELATAN",5,153,97,250
https://kawalpemilu.org#84690,"SUNGAI LILIN JAYA, SUNGAI LILIN, MUSI BANYUASIN, SUMATERA SELATAN",1,86,151,237
https://kawalpemilu.org#84690,"SUNGAI LILIN JAYA, SUNGAI LILIN, MUSI BANYUASIN, SUMATERA SELATAN",2,63,157,220
https://kawalpemilu.org#84690,"SUNGAI LILIN JAYA, SUNGAI LILIN, MUSI BANYUASIN, SUMATERA SELATAN",3,140,64,204
https://kawalpemilu.org#84690,"SUNGAI LILIN JAYA, SUNGAI LILIN, MUSI BANYUASIN, SUMATERA SELATAN",4,81,178,259
https://kawalpemilu.org#84690,"SUNGAI LILIN JAYA, SUNGAI LILIN, MUSI BANYUASIN, SUMATERA SELATAN",5,73,164,237
https://kawalpemilu.org#84690,"SUNGAI LILIN JAYA, SUNGAI LILIN, MUSI BANYUASIN, SUMATERA SELATAN",6,120,123,243
https://kawalpemilu.org#84690,"SUNGAI LILIN JAYA, SUNGAI LILIN, MUSI BANYUASIN, SUMATERA SELATAN",7,77,172,249
https://kawalpemilu.org#84690,"SUNGAI LILIN JAYA, SUNGAI LILIN, MUSI BANYUASIN, SUMATERA SELATAN",8,38,33,71
https://kawalpemilu.org#84690,"SUNGAI LILIN JAYA, SUNGAI LILIN, MUSI BANYUASIN, SUMATERA SELATAN",9,77,179,256
https://kawalpemilu.org#84690,"SUNGAI LILIN JAYA, SUNGAI LILIN, MUSI BANYUASIN, SUMATERA SELATAN",10,71,155,226
https://kawalpemilu.org#84690,"SUNGAI LILIN JAYA, SUNGAI LILIN, MUSI BANYUASIN, SUMATERA SELATAN",11,83,101,184
https://kawalpemilu.org#19082,"TENGGARO, KELUANG, MUSI BANYUASIN, SUMATERA SELATAN",1,79,177,256
https://kawalpemilu.org#19082,"TENGGARO, KELUANG, MUSI BANYUASIN, SUMATERA SELATAN",2,54,208,262
https://kawalpemilu.org#19082,"TENGGARO, KELUANG, MUSI BANYUASIN, SUMATERA SELATAN",3,84,187,271
https://kawalpemilu.org#19084,"TANJUNG DALAM, KELUANG, MUSI BANYUASIN, SUMATERA SELATAN",1,38,133,171
https://kawalpemilu.org#19084,"TANJUNG DALAM, KELUANG, MUSI BANYUASIN, SUMATERA SELATAN",2,51,139,190
https://kawalpemilu.org#19084,"TANJUNG DALAM, KELUANG, MUSI BANYUASIN, SUMATERA SELATAN",4,32,108,140
https://kawalpemilu.org#19085,"DAWAS, KELUANG, MUSI BANYUASIN, SUMATERA SELATAN",1,73,99,172
https://kawalpemilu.org#19085,"DAWAS, KELUANG, MUSI BANYUASIN, SUMATERA SELATAN",2,51,127,178
https://kawalpemilu.org#19085,"DAWAS, KELUANG, MUSI BANYUASIN, SUMATERA SELATAN",3,44,103,147
https://kawalpemilu.org#19085,"DAWAS, KELUANG, MUSI BANYUASIN, SUMATERA SELATAN",4,29,91,120
https://kawalpemilu.org#19085,"DAWAS, KELUANG, MUSI BANYUASIN, SUMATERA SELATAN",5,53,140,193
https://kawalpemilu.org#19085,"DAWAS, KELUANG, MUSI BANYUASIN, SUMATERA SELATAN",6,41,121,162
https://kawalpemilu.org#19085,"DAWAS, KELUANG, MUSI BANYUASIN, SUMATERA SELATAN",7,60,144,204
https://kawalpemilu.org#19085,"DAWAS, KELUANG, MUSI BANYUASIN, SUMATERA SELATAN",8,76,105,181
https://kawalpemilu.org#19085,"DAWAS, KELUANG, MUSI BANYUASIN, SUMATERA SELATAN",9,66,124,190
https://kawalpemilu.org#19085,"DAWAS, KELUANG, MUSI BANYUASIN, SUMATERA SELATAN",10,55,151,206
https://kawalpemilu.org#19085,"DAWAS, KELUANG, MUSI BANYUASIN, SUMATERA SELATAN",11,67,157,224
https://kawalpemilu.org#19085,"DAWAS, KELUANG, MUSI BANYUASIN, SUMATERA SELATAN",12,13,37,50
https://kawalpemilu.org#19085,"DAWAS, KELUANG, MUSI BANYUASIN, SUMATERA SELATAN",13,9,31,40
https://kawalpemilu.org#19086,"MEKAR JAYA, KELUANG, MUSI BANYUASIN, SUMATERA SELATAN",1,124,79,203
https://kawalpemilu.org#19086,"MEKAR JAYA, KELUANG, MUSI BANYUASIN, SUMATERA SELATAN",2,173,49,222
https://kawalpemilu.org#19086,"MEKAR JAYA, KELUANG, MUSI BANYUASIN, SUMATERA SELATAN",3,178,49,227
https://kawalpemilu.org#19086,"MEKAR JAYA, KELUANG, MUSI BANYUASIN, SUMATERA SELATAN",4,103,108,211
https://kawalpemilu.org#19086,"MEKAR JAYA, KELUANG, MUSI BANYUASIN, SUMATERA SELATAN",5,83,108,191
https://kawalpemilu.org#19086,"MEKAR JAYA, KELUANG, MUSI BANYUASIN, SUMATERA SELATAN",6,142,103,245
https://kawalpemilu.org#19086,"MEKAR JAYA, KELUANG, MUSI BANYUASIN, SUMATERA SELATAN",7,93,88,181
https://kawalpemilu.org#19086,"MEKAR JAYA, KELUANG, MUSI BANYUASIN, SUMATERA SELATAN",8,106,79,185
https://kawalpemilu.org#19087,"SUMBER AGUNG, KELUANG, MUSI BANYUASIN, SUMATERA SELATAN",1,98,159,257
https://kawalpemilu.org#19087,"SUMBER AGUNG, KELUANG, MUSI BANYUASIN, SUMATERA SELATAN",2,127,99,226
https://kawalpemilu.org#19087,"SUMBER AGUNG, KELUANG, MUSI BANYUASIN, SUMATERA SELATAN",3,198,54,252
https://kawalpemilu.org#19087,"SUMBER AGUNG, KELUANG, MUSI BANYUASIN, SUMATERA SELATAN",4,190,74,264
https://kawalpemilu.org#19087,"SUMBER AGUNG, KELUANG, MUSI BANYUASIN, SUMATERA SELATAN",5,75,171,246
https://kawalpemilu.org#19087,"SUMBER AGUNG, KELUANG, MUSI BANYUASIN, SUMATERA SELATAN",6,171,93,264
https://kawalpemilu.org#19088,"KARYA MAJU, KELUANG, MUSI BANYUASIN, SUMATERA SELATAN",1,137,103,240
https://kawalpemilu.org#19088,"KARYA MAJU, KELUANG, MUSI BANYUASIN, SUMATERA SELATAN",2,77,144,221
https://kawalpemilu.org#19088,"KARYA MAJU, KELUANG, MUSI BANYUASIN, SUMATERA SELATAN",3,109,126,235
https://kawalpemilu.org#19088,"KARYA MAJU, KELUANG, MUSI BANYUASIN, SUMATERA SELATAN",4,102,136,238
https://kawalpemilu.org#19088,"KARYA MAJU, KELUANG, MUSI BANYUASIN, SUMATERA SELATAN",5,139,81,220
https://kawalpemilu.org#19088,"KARYA MAJU, KELUANG, MUSI BANYUASIN, SUMATERA SELATAN",6,108,148,256
https://kawalpemilu.org#19088,"KARYA MAJU, KELUANG, MUSI BANYUASIN, SUMATERA SELATAN",7,144,108,252
https://kawalpemilu.org#19088,"KARYA MAJU, KELUANG, MUSI BANYUASIN, SUMATERA SELATAN",8,166,85,251
https://kawalpemilu.org#19088,"KARYA MAJU, KELUANG, MUSI BANYUASIN, SUMATERA SELATAN",9,151,103,254
https://kawalpemilu.org#19088,"KARYA MAJU, KELUANG, MUSI BANYUASIN, SUMATERA SELATAN",10,99,119,218
https://kawalpemilu.org#19089,"TEGAL MULYO, KELUANG, MUSI BANYUASIN, SUMATERA SELATAN",1,149,76,225
https://kawalpemilu.org#19089,"TEGAL MULYO, KELUANG, MUSI BANYUASIN, SUMATERA SELATAN",2,144,117,261
https://kawalpemilu.org#19089,"TEGAL MULYO, KELUANG, MUSI BANYUASIN, SUMATERA SELATAN",3,148,50,198
https://kawalpemilu.org#19089,"TEGAL MULYO, KELUANG, MUSI BANYUASIN, SUMATERA SELATAN",4,134,85,219
https://kawalpemilu.org#19089,"TEGAL MULYO, KELUANG, MUSI BANYUASIN, SUMATERA SELATAN",5,121,138,259
https://kawalpemilu.org#19089,"TEGAL MULYO, KELUANG, MUSI BANYUASIN, SUMATERA SELATAN",6,141,110,251
https://kawalpemilu.org#19090,"CIPTA PRAJA, KELUANG, MUSI BANYUASIN, SUMATERA SELATAN",1,80,130,210
https://kawalpemilu.org#19090,"CIPTA PRAJA, KELUANG, MUSI BANYUASIN, SUMATERA SELATAN",2,66,146,212
https://kawalpemilu.org#19090,"CIPTA PRAJA, KELUANG, MUSI BANYUASIN, SUMATERA SELATAN",3,64,156,220
https://kawalpemilu.org#19090,"CIPTA PRAJA, KELUANG, MUSI BANYUASIN, SUMATERA SELATAN",4,81,127,208
https://kawalpemilu.org#19090,"CIPTA PRAJA, KELUANG, MUSI BANYUASIN, SUMATERA SELATAN",5,134,93,227
https://kawalpemilu.org#19090,"CIPTA PRAJA, KELUANG, MUSI BANYUASIN, SUMATERA SELATAN",6,36,163,199
https://kawalpemilu.org#19090,"CIPTA PRAJA, KELUANG, MUSI BANYUASIN, SUMATERA SELATAN",7,90,133,223
https://kawalpemilu.org#19090,"CIPTA PRAJA, KELUANG, MUSI BANYUASIN, SUMATERA SELATAN",8,70,154,224
https://kawalpemilu.org#19091,"LOKA JAYA, KELUANG, MUSI BANYUASIN, SUMATERA SELATAN",1,137,87,224
https://kawalpemilu.org#19091,"LOKA JAYA, KELUANG, MUSI BANYUASIN, SUMATERA SELATAN",2,110,97,207
https://kawalpemilu.org#19091,"LOKA JAYA, KELUANG, MUSI BANYUASIN, SUMATERA SELATAN",3,114,111,225
https://kawalpemilu.org#19091,"LOKA JAYA, KELUANG, MUSI BANYUASIN, SUMATERA SELATAN",4,195,47,242
https://kawalpemilu.org#19091,"LOKA JAYA, KELUANG, MUSI BANYUASIN, SUMATERA SELATAN",5,121,97,218
https://kawalpemilu.org#19092,"MEKAR SARI, KELUANG, MUSI BANYUASIN, SUMATERA SELATAN",1,122,65,187
https://kawalpemilu.org#19092,"MEKAR SARI, KELUANG, MUSI BANYUASIN, SUMATERA SELATAN",2,108,80,188
https://kawalpemilu.org#19093,"SIDO REJO, KELUANG, MUSI BANYUASIN, SUMATERA SELATAN",1,111,89,200
https://kawalpemilu.org#19093,"SIDO REJO, KELUANG, MUSI BANYUASIN, SUMATERA SELATAN",2,168,72,240
https://kawalpemilu.org#19093,"SIDO REJO, KELUANG, MUSI BANYUASIN, SUMATERA SELATAN",3,117,104,221
https://kawalpemilu.org#19093,"SIDO REJO, KELUANG, MUSI BANYUASIN, SUMATERA SELATAN",4,160,115,275
https://kawalpemilu.org#19094,"MULYO ASIH, KELUANG, MUSI BANYUASIN, SUMATERA SELATAN",1,207,58,265
https://kawalpemilu.org#19094,"MULYO ASIH, KELUANG, MUSI BANYUASIN, SUMATERA SELATAN",2,171,83,254
https://kawalpemilu.org#19094,"MULYO ASIH, KELUANG, MUSI BANYUASIN, SUMATERA SELATAN",3,169,74,243
https://kawalpemilu.org#19094,"MULYO ASIH, KELUANG, MUSI BANYUASIN, SUMATERA SELATAN",4,82,149,231
https://kawalpemilu.org#19094,"MULYO ASIH, KELUANG, MUSI BANYUASIN, SUMATERA SELATAN",5,203,68,271
https://kawalpemilu.org#19094,"MULYO ASIH, KELUANG, MUSI BANYUASIN, SUMATERA SELATAN",6,194,65,259
https://kawalpemilu.org#84691,"SRIDAMAI, KELUANG, MUSI BANYUASIN, SUMATERA SELATAN",1,51,172,223
https://kawalpemilu.org#84691,"SRIDAMAI, KELUANG, MUSI BANYUASIN, SUMATERA SELATAN",2,58,136,194
https://kawalpemilu.org#91912,"KELUANG, KELUANG, MUSI BANYUASIN, SUMATERA SELATAN",1,77,163,240
https://kawalpemilu.org#91912,"KELUANG, KELUANG, MUSI BANYUASIN, SUMATERA SELATAN",2,72,135,207
https://kawalpemilu.org#91912,"KELUANG, KELUANG, MUSI BANYUASIN, SUMATERA SELATAN",3,51,157,208
https://kawalpemilu.org#91912,"KELUANG, KELUANG, MUSI BANYUASIN, SUMATERA SELATAN",4,84,126,210
https://kawalpemilu.org#91912,"KELUANG, KELUANG, MUSI BANYUASIN, SUMATERA SELATAN",5,68,127,195
https://kawalpemilu.org#91912,"KELUANG, KELUANG, MUSI BANYUASIN, SUMATERA SELATAN",6,102,114,216
https://kawalpemilu.org#91912,"KELUANG, KELUANG, MUSI BANYUASIN, SUMATERA SELATAN",7,86,172,258
https://kawalpemilu.org#91912,"KELUANG, KELUANG, MUSI BANYUASIN, SUMATERA SELATAN",8,102,107,209
https://kawalpemilu.org#91912,"KELUANG, KELUANG, MUSI BANYUASIN, SUMATERA SELATAN",9,83,156,239
https://kawalpemilu.org#91912,"KELUANG, KELUANG, MUSI BANYUASIN, SUMATERA SELATAN",10,96,130,226
https://kawalpemilu.org#91912,"KELUANG, KELUANG, MUSI BANYUASIN, SUMATERA SELATAN",11,83,106,189
https://kawalpemilu.org#91912,"KELUANG, KELUANG, MUSI BANYUASIN, SUMATERA SELATAN",12,75,132,207
https://kawalpemilu.org#19096,"BAYUNG LENCIR, BAYUNG LENCIR, MUSI BANYUASIN, SUMATERA SELATAN",1,110,151,261
https://kawalpemilu.org#19096,"BAYUNG LENCIR, BAYUNG LENCIR, MUSI BANYUASIN, SUMATERA SELATAN",2,77,155,232
https://kawalpemilu.org#19096,"BAYUNG LENCIR, BAYUNG LENCIR, MUSI BANYUASIN, SUMATERA SELATAN",3,110,133,243
https://kawalpemilu.org#19096,"BAYUNG LENCIR, BAYUNG LENCIR, MUSI BANYUASIN, SUMATERA SELATAN",4,139,101,240
https://kawalpemilu.org#19096,"BAYUNG LENCIR, BAYUNG LENCIR, MUSI BANYUASIN, SUMATERA SELATAN",5,98,83,181
https://kawalpemilu.org#19096,"BAYUNG LENCIR, BAYUNG LENCIR, MUSI BANYUASIN, SUMATERA SELATAN",6,106,139,245
https://kawalpemilu.org#19096,"BAYUNG LENCIR, BAYUNG LENCIR, MUSI BANYUASIN, SUMATERA SELATAN",7,114,118,232
https://kawalpemilu.org#19096,"BAYUNG LENCIR, BAYUNG LENCIR, MUSI BANYUASIN, SUMATERA SELATAN",8,120,140,260
https://kawalpemilu.org#19096,"BAYUNG LENCIR, BAYUNG LENCIR, MUSI BANYUASIN, SUMATERA SELATAN",9,159,110,269
https://kawalpemilu.org#19096,"BAYUNG LENCIR, BAYUNG LENCIR, MUSI BANYUASIN, SUMATERA SELATAN",10,142,112,254
https://kawalpemilu.org#19096,"BAYUNG LENCIR, BAYUNG LENCIR, MUSI BANYUASIN, SUMATERA SELATAN",11,167,86,253
https://kawalpemilu.org#19096,"BAYUNG LENCIR, BAYUNG LENCIR, MUSI BANYUASIN, SUMATERA SELATAN",12,131,69,200
https://kawalpemilu.org#19096,"BAYUNG LENCIR, BAYUNG LENCIR, MUSI BANYUASIN, SUMATERA SELATAN",13,54,112,166
https://kawalpemilu.org#19096,"BAYUNG LENCIR, BAYUNG LENCIR, MUSI BANYUASIN, SUMATERA SELATAN",14,130,78,208
https://kawalpemilu.org#19096,"BAYUNG LENCIR, BAYUNG LENCIR, MUSI BANYUASIN, SUMATERA SELATAN",15,123,83,206
https://kawalpemilu.org#19096,"BAYUNG LENCIR, BAYUNG LENCIR, MUSI BANYUASIN, SUMATERA SELATAN",16,72,123,195
https://kawalpemilu.org#19096,"BAYUNG LENCIR, BAYUNG LENCIR, MUSI BANYUASIN, SUMATERA SELATAN",17,72,81,153
https://kawalpemilu.org#19096,"BAYUNG LENCIR, BAYUNG LENCIR, MUSI BANYUASIN, SUMATERA SELATAN",18,168,46,214
https://kawalpemilu.org#19096,"BAYUNG LENCIR, BAYUNG LENCIR, MUSI BANYUASIN, SUMATERA SELATAN",19,111,48,159
https://kawalpemilu.org#19096,"BAYUNG LENCIR, BAYUNG LENCIR, MUSI BANYUASIN, SUMATERA SELATAN",20,119,103,222
https://kawalpemilu.org#19096,"BAYUNG LENCIR, BAYUNG LENCIR, MUSI BANYUASIN, SUMATERA SELATAN",21,71,67,138
https://kawalpemilu.org#19101,"MUARA MERANG, BAYUNG LENCIR, MUSI BANYUASIN, SUMATERA SELATAN",1,141,54,195
https://kawalpemilu.org#19101,"MUARA MERANG, BAYUNG LENCIR, MUSI BANYUASIN, SUMATERA SELATAN",2,153,61,214
https://kawalpemilu.org#19101,"MUARA MERANG, BAYUNG LENCIR, MUSI BANYUASIN, SUMATERA SELATAN",3,115,30,145
https://kawalpemilu.org#19101,"MUARA MERANG, BAYUNG LENCIR, MUSI BANYUASIN, SUMATERA SELATAN",4,262,37,299
https://kawalpemilu.org#19101,"MUARA MERANG, BAYUNG LENCIR, MUSI BANYUASIN, SUMATERA SELATAN",5,247,53,300
https://kawalpemilu.org#19101,"MUARA MERANG, BAYUNG LENCIR, MUSI BANYUASIN, SUMATERA SELATAN",6,147,56,203
https://kawalpemilu.org#19101,"MUARA MERANG, BAYUNG LENCIR, MUSI BANYUASIN, SUMATERA SELATAN",7,150,50,200
https://kawalpemilu.org#19101,"MUARA MERANG, BAYUNG LENCIR, MUSI BANYUASIN, SUMATERA SELATAN",8,257,22,279
https://kawalpemilu.org#19102,"MANGSANG, BAYUNG LENCIR, MUSI BANYUASIN, SUMATERA SELATAN",1,122,64,186
https://kawalpemilu.org#19102,"MANGSANG, BAYUNG LENCIR, MUSI BANYUASIN, SUMATERA SELATAN",2,125,69,194
https://kawalpemilu.org#19102,"MANGSANG, BAYUNG LENCIR, MUSI BANYUASIN, SUMATERA SELATAN",3,87,48,135
https://kawalpemilu.org#19102,"MANGSANG, BAYUNG LENCIR, MUSI BANYUASIN, SUMATERA SELATAN",4,63,41,104
https://kawalpemilu.org#19102,"MANGSANG, BAYUNG LENCIR, MUSI BANYUASIN, SUMATERA SELATAN",5,137,45,182
https://kawalpemilu.org#19102,"MANGSANG, BAYUNG LENCIR, MUSI BANYUASIN, SUMATERA SELATAN",6,104,26,130
https://kawalpemilu.org#19102,"MANGSANG, BAYUNG LENCIR, MUSI BANYUASIN, SUMATERA SELATAN",7,76,112,188
https://kawalpemilu.org#19102,"MANGSANG, BAYUNG LENCIR, MUSI BANYUASIN, SUMATERA SELATAN",8,89,98,187
https://kawalpemilu.org#19102,"MANGSANG, BAYUNG LENCIR, MUSI BANYUASIN, SUMATERA SELATAN",9,136,26,162
https://kawalpemilu.org#19102,"MANGSANG, BAYUNG LENCIR, MUSI BANYUASIN, SUMATERA SELATAN",10,105,37,142
https://kawalpemilu.org#19102,"MANGSANG, BAYUNG LENCIR, MUSI BANYUASIN, SUMATERA SELATAN",11,140,76,216
https://kawalpemilu.org#19102,"MANGSANG, BAYUNG LENCIR, MUSI BANYUASIN, SUMATERA SELATAN",12,98,63,161
https://kawalpemilu.org#19102,"MANGSANG, BAYUNG LENCIR, MUSI BANYUASIN, SUMATERA SELATAN",13,259,27,286
https://kawalpemilu.org#19102,"MANGSANG, BAYUNG LENCIR, MUSI BANYUASIN, SUMATERA SELATAN",14,224,22,246
https://kawalpemilu.org#19102,"MANGSANG, BAYUNG LENCIR, MUSI BANYUASIN, SUMATERA SELATAN",15,187,20,195
https://kawalpemilu.org#19102,"MANGSANG, BAYUNG LENCIR, MUSI BANYUASIN, SUMATERA SELATAN",16,217,17,234
https://kawalpemilu.org#19102,"MANGSANG, BAYUNG LENCIR, MUSI BANYUASIN, SUMATERA SELATAN",17,133,23,156
https://kawalpemilu.org#19102,"MANGSANG, BAYUNG LENCIR, MUSI BANYUASIN, SUMATERA SELATAN",18,162,27,189
https://kawalpemilu.org#19102,"MANGSANG, BAYUNG LENCIR, MUSI BANYUASIN, SUMATERA SELATAN",19,188,19,207
https://kawalpemilu.org#19102,"MANGSANG, BAYUNG LENCIR, MUSI BANYUASIN, SUMATERA SELATAN",20,140,28,168
https://kawalpemilu.org#19102,"MANGSANG, BAYUNG LENCIR, MUSI BANYUASIN, SUMATERA SELATAN",21,132,28,160
https://kawalpemilu.org#19102,"MANGSANG, BAYUNG LENCIR, MUSI BANYUASIN, SUMATERA SELATAN",22,119,27,146
https://kawalpemilu.org#19102,"MANGSANG, BAYUNG LENCIR, MUSI BANYUASIN, SUMATERA SELATAN",23,198,17,215
https://kawalpemilu.org#19102,"MANGSANG, BAYUNG LENCIR, MUSI BANYUASIN, SUMATERA SELATAN",24,173,27,217
https://kawalpemilu.org#19102,"MANGSANG, BAYUNG LENCIR, MUSI BANYUASIN, SUMATERA SELATAN",25,170,43,213
https://kawalpemilu.org#19103,"TAMPANG BARU, BAYUNG LENCIR, MUSI BANYUASIN, SUMATERA SELATAN",1,158,102,260
https://kawalpemilu.org#19103,"TAMPANG BARU, BAYUNG LENCIR, MUSI BANYUASIN, SUMATERA SELATAN",2,82,118,200
https://kawalpemilu.org#19103,"TAMPANG BARU, BAYUNG LENCIR, MUSI BANYUASIN, SUMATERA SELATAN",3,124,72,196
https://kawalpemilu.org#19103,"TAMPANG BARU, BAYUNG LENCIR, MUSI BANYUASIN, SUMATERA SELATAN",4,139,41,180
https://kawalpemilu.org#19103,"TAMPANG BARU, BAYUNG LENCIR, MUSI BANYUASIN, SUMATERA SELATAN",5,82,105,187
https://kawalpemilu.org#19103,"TAMPANG BARU, BAYUNG LENCIR, MUSI BANYUASIN, SUMATERA SELATAN",6,127,61,188
https://kawalpemilu.org#19103,"TAMPANG BARU, BAYUNG LENCIR, MUSI BANYUASIN, SUMATERA SELATAN",7,95,21,116
https://kawalpemilu.org#19104,"KALI BERAU, BAYUNG LENCIR, MUSI BANYUASIN, SUMATERA SELATAN",1,76,90,166
https://kawalpemilu.org#19104,"KALI BERAU, BAYUNG LENCIR, MUSI BANYUASIN, SUMATERA SELATAN",2,101,124,225
https://kawalpemilu.org#19104,"KALI BERAU, BAYUNG LENCIR, MUSI BANYUASIN, SUMATERA SELATAN",3,148,88,236
https://kawalpemilu.org#19104,"KALI BERAU, BAYUNG LENCIR, MUSI BANYUASIN, SUMATERA SELATAN",4,93,75,168
https://kawalpemilu.org#19104,"KALI BERAU, BAYUNG LENCIR, MUSI BANYUASIN, SUMATERA SELATAN",5,133,90,223
https://kawalpemilu.org#19104,"KALI BERAU, BAYUNG LENCIR, MUSI BANYUASIN, SUMATERA SELATAN",6,172,41,213
https://kawalpemilu.org#19104,"KALI BERAU, BAYUNG LENCIR, MUSI BANYUASIN, SUMATERA SELATAN",7,40,25,65
https://kawalpemilu.org#19105,"SINDANG MARGA, BAYUNG LENCIR, MUSI BANYUASIN, SUMATERA SELATAN",1,139,75,214
https://kawalpemilu.org#19105,"SINDANG MARGA, BAYUNG LENCIR, MUSI BANYUASIN, SUMATERA SELATAN",2,94,98,192
https://kawalpemilu.org#19105,"SINDANG MARGA, BAYUNG LENCIR, MUSI BANYUASIN, SUMATERA SELATAN",3,111,101,212
https://kawalpemilu.org#19105,"SINDANG MARGA, BAYUNG LENCIR, MUSI BANYUASIN, SUMATERA SELATAN",4,66,65,131
https://kawalpemilu.org#19105,"SINDANG MARGA, BAYUNG LENCIR, MUSI BANYUASIN, SUMATERA SELATAN",5,73,81,154
https://kawalpemilu.org#19106,"TELANG, BAYUNG LENCIR, MUSI BANYUASIN, SUMATERA SELATAN",1,92,102,194
https://kawalpemilu.org#19106,"TELANG, BAYUNG LENCIR, MUSI BANYUASIN, SUMATERA SELATAN",2,115,70,185
https://kawalpemilu.org#19106,"TELANG, BAYUNG LENCIR, MUSI BANYUASIN, SUMATERA SELATAN",3,126,26,152
https://kawalpemilu.org#19106,"TELANG, BAYUNG LENCIR, MUSI BANYUASIN, SUMATERA SELATAN",4,81,50,131
https://kawalpemilu.org#19106,"TELANG, BAYUNG LENCIR, MUSI BANYUASIN, SUMATERA SELATAN",5,110,87,197
https://kawalpemilu.org#19106,"TELANG, BAYUNG LENCIR, MUSI BANYUASIN, SUMATERA SELATAN",6,104,62,166
https://kawalpemilu.org#19107,"PAGAR DESA, BAYUNG LENCIR, MUSI BANYUASIN, SUMATERA SELATAN",1,145,49,194
https://kawalpemilu.org#19107,"PAGAR DESA, BAYUNG LENCIR, MUSI BANYUASIN, SUMATERA SELATAN",2,153,24,177
https://kawalpemilu.org#19107,"PAGAR DESA, BAYUNG LENCIR, MUSI BANYUASIN, SUMATERA SELATAN",3,151,32,183
https://kawalpemilu.org#19108,"MENDIS, BAYUNG LENCIR, MUSI BANYUASIN, SUMATERA SELATAN",1,141,62,203
https://kawalpemilu.org#19108,"MENDIS, BAYUNG LENCIR, MUSI BANYUASIN, SUMATERA SELATAN",2,170,71,241
https://kawalpemilu.org#19108,"MENDIS, BAYUNG LENCIR, MUSI BANYUASIN, SUMATERA SELATAN",3,151,47,198
https://kawalpemilu.org#19108,"MENDIS, BAYUNG LENCIR, MUSI BANYUASIN, SUMATERA SELATAN",5,171,66,237
https://kawalpemilu.org#19108,"MENDIS, BAYUNG LENCIR, MUSI BANYUASIN, SUMATERA SELATAN",6,224,38,262
https://kawalpemilu.org#19108,"MENDIS, BAYUNG LENCIR, MUSI BANYUASIN, SUMATERA SELATAN",7,201,33,234
https://kawalpemilu.org#19108,"MENDIS, BAYUNG LENCIR, MUSI BANYUASIN, SUMATERA SELATAN",8,250,38,288
https://kawalpemilu.org#19109,"PULAI GADING, BAYUNG LENCIR, MUSI BANYUASIN, SUMATERA SELATAN",1,164,25,189
https://kawalpemilu.org#19109,"PULAI GADING, BAYUNG LENCIR, MUSI BANYUASIN, SUMATERA SELATAN",2,181,33,214
https://kawalpemilu.org#19109,"PULAI GADING, BAYUNG LENCIR, MUSI BANYUASIN, SUMATERA SELATAN",3,150,38,188
https://kawalpemilu.org#19109,"PULAI GADING, BAYUNG LENCIR, MUSI BANYUASIN, SUMATERA SELATAN",4,126,68,194
https://kawalpemilu.org#19109,"PULAI GADING, BAYUNG LENCIR, MUSI BANYUASIN, SUMATERA SELATAN",5,114,33,147
https://kawalpemilu.org#19109,"PULAI GADING, BAYUNG LENCIR, MUSI BANYUASIN, SUMATERA SELATAN",6,103,18,121
https://kawalpemilu.org#19109,"PULAI GADING, BAYUNG LENCIR, MUSI BANYUASIN, SUMATERA SELATAN",7,64,38,102
https://kawalpemilu.org#19109,"PULAI GADING, BAYUNG LENCIR, MUSI BANYUASIN, SUMATERA SELATAN",8,177,17,194
https://kawalpemilu.org#19109,"PULAI GADING, BAYUNG LENCIR, MUSI BANYUASIN, SUMATERA SELATAN",9,212,20,232
https://kawalpemilu.org#19109,"PULAI GADING, BAYUNG LENCIR, MUSI BANYUASIN, SUMATERA SELATAN",10,139,33,172
https://kawalpemilu.org#19109,"PULAI GADING, BAYUNG LENCIR, MUSI BANYUASIN, SUMATERA SELATAN",11,165,19,184
https://kawalpemilu.org#19109,"PULAI GADING, BAYUNG LENCIR, MUSI BANYUASIN, SUMATERA SELATAN",12,104,34,138
https://kawalpemilu.org#19110,"MUARA MEDAK, BAYUNG LENCIR, MUSI BANYUASIN, SUMATERA SELATAN",1,123,58,181
https://kawalpemilu.org#19110,"MUARA MEDAK, BAYUNG LENCIR, MUSI BANYUASIN, SUMATERA SELATAN",2,141,65,206
https://kawalpemilu.org#19110,"MUARA MEDAK, BAYUNG LENCIR, MUSI BANYUASIN, SUMATERA SELATAN",3,126,49,175
https://kawalpemilu.org#19110,"MUARA MEDAK, BAYUNG LENCIR, MUSI BANYUASIN, SUMATERA SELATAN",4,166,35,201
https://kawalpemilu.org#19110,"MUARA MEDAK, BAYUNG LENCIR, MUSI BANYUASIN, SUMATERA SELATAN",5,91,67,158
https://kawalpemilu.org#19110,"MUARA MEDAK, BAYUNG LENCIR, MUSI BANYUASIN, SUMATERA SELATAN",6,187,17,204
https://kawalpemilu.org#19110,"MUARA MEDAK, BAYUNG LENCIR, MUSI BANYUASIN, SUMATERA SELATAN",7,236,24,260
https://kawalpemilu.org#19110,"MUARA MEDAK, BAYUNG LENCIR, MUSI BANYUASIN, SUMATERA SELATAN",8,246,26,272
https://kawalpemilu.org#19110,"MUARA MEDAK, BAYUNG LENCIR, MUSI BANYUASIN, SUMATERA SELATAN",9,108,19,127
https://kawalpemilu.org#19110,"MUARA MEDAK, BAYUNG LENCIR, MUSI BANYUASIN, SUMATERA SELATAN",10,186,13,199
https://kawalpemilu.org#19110,"MUARA MEDAK, BAYUNG LENCIR, MUSI BANYUASIN, SUMATERA SELATAN",11,110,10,120
https://kawalpemilu.org#19110,"MUARA MEDAK, BAYUNG LENCIR, MUSI BANYUASIN, SUMATERA SELATAN",12,176,29,205
https://kawalpemilu.org#19110,"MUARA MEDAK, BAYUNG LENCIR, MUSI BANYUASIN, SUMATERA SELATAN",13,119,32,151
https://kawalpemilu.org#19110,"MUARA MEDAK, BAYUNG LENCIR, MUSI BANYUASIN, SUMATERA SELATAN",14,165,26,191
https://kawalpemilu.org#19110,"MUARA MEDAK, BAYUNG LENCIR, MUSI BANYUASIN, SUMATERA SELATAN",15,115,27,142
https://kawalpemilu.org#19110,"MUARA MEDAK, BAYUNG LENCIR, MUSI BANYUASIN, SUMATERA SELATAN",16,287,0,287
https://kawalpemilu.org#19110,"MUARA MEDAK, BAYUNG LENCIR, MUSI BANYUASIN, SUMATERA SELATAN",17,169,22,191
https://kawalpemilu.org#19110,"MUARA MEDAK, BAYUNG LENCIR, MUSI BANYUASIN, SUMATERA SELATAN",18,112,19,131
https://kawalpemilu.org#19110,"MUARA MEDAK, BAYUNG LENCIR, MUSI BANYUASIN, SUMATERA SELATAN",19,185,56,241
https://kawalpemilu.org#19110,"MUARA MEDAK, BAYUNG LENCIR, MUSI BANYUASIN, SUMATERA SELATAN",20,192,19,211
https://kawalpemilu.org#19110,"MUARA MEDAK, BAYUNG LENCIR, MUSI BANYUASIN, SUMATERA SELATAN",21,144,20,164
https://kawalpemilu.org#19110,"MUARA MEDAK, BAYUNG LENCIR, MUSI BANYUASIN, SUMATERA SELATAN",22,62,71,133
https://kawalpemilu.org#19110,"MUARA MEDAK, BAYUNG LENCIR, MUSI BANYUASIN, SUMATERA SELATAN",23,142,11,153
https://kawalpemilu.org#19110,"MUARA MEDAK, BAYUNG LENCIR, MUSI BANYUASIN, SUMATERA SELATAN",24,129,42,171
https://kawalpemilu.org#19110,"MUARA MEDAK, BAYUNG LENCIR, MUSI BANYUASIN, SUMATERA SELATAN",25,82,34,116
https://kawalpemilu.org#19111,"SUKAJAYA, BAYUNG LENCIR, MUSI BANYUASIN, SUMATERA SELATAN",1,94,72,166
https://kawalpemilu.org#19111,"SUKAJAYA, BAYUNG LENCIR, MUSI BANYUASIN, SUMATERA SELATAN",2,129,117,246
https://kawalpemilu.org#19111,"SUKAJAYA, BAYUNG LENCIR, MUSI BANYUASIN, SUMATERA SELATAN",3,129,107,236
https://kawalpemilu.org#19111,"SUKAJAYA, BAYUNG LENCIR, MUSI BANYUASIN, SUMATERA SELATAN",4,88,155,243
https://kawalpemilu.org#19111,"SUKAJAYA, BAYUNG LENCIR, MUSI BANYUASIN, SUMATERA SELATAN",5,98,121,219
https://kawalpemilu.org#19111,"SUKAJAYA, BAYUNG LENCIR, MUSI BANYUASIN, SUMATERA SELATAN",6,109,124,233
https://kawalpemilu.org#19111,"SUKAJAYA, BAYUNG LENCIR, MUSI BANYUASIN, SUMATERA SELATAN",7,54,131,185
https://kawalpemilu.org#19111,"SUKAJAYA, BAYUNG LENCIR, MUSI BANYUASIN, SUMATERA SELATAN",8,52,92,144
https://kawalpemilu.org#19111,"SUKAJAYA, BAYUNG LENCIR, MUSI BANYUASIN, SUMATERA SELATAN",9,35,106,141
https://kawalpemilu.org#19111,"SUKAJAYA, BAYUNG LENCIR, MUSI BANYUASIN, SUMATERA SELATAN",10,101,99,200
https://kawalpemilu.org#19111,"SUKAJAYA, BAYUNG LENCIR, MUSI BANYUASIN, SUMATERA SELATAN",11,137,82,219
https://kawalpemilu.org#19111,"SUKAJAYA, BAYUNG LENCIR, MUSI BANYUASIN, SUMATERA SELATAN",12,139,108,247
https://kawalpemilu.org#19111,"SUKAJAYA, BAYUNG LENCIR, MUSI BANYUASIN, SUMATERA SELATAN",13,112,51,163
https://kawalpemilu.org#19111,"SUKAJAYA, BAYUNG LENCIR, MUSI BANYUASIN, SUMATERA SELATAN",14,129,62,191
https://kawalpemilu.org#19111,"SUKAJAYA, BAYUNG LENCIR, MUSI BANYUASIN, SUMATERA SELATAN",15,86,91,177
https://kawalpemilu.org#19111,"SUKAJAYA, BAYUNG LENCIR, MUSI BANYUASIN, SUMATERA SELATAN",16,61,74,137
https://kawalpemilu.org#19111,"SUKAJAYA, BAYUNG LENCIR, MUSI BANYUASIN, SUMATERA SELATAN",17,100,82,182
https://kawalpemilu.org#19111,"SUKAJAYA, BAYUNG LENCIR, MUSI BANYUASIN, SUMATERA SELATAN",18,105,78,183
https://kawalpemilu.org#19111,"SUKAJAYA, BAYUNG LENCIR, MUSI BANYUASIN, SUMATERA SELATAN",19,69,73,142
https://kawalpemilu.org#19117,"SENAWAR JAYA, BAYUNG LENCIR, MUSI BANYUASIN, SUMATERA SELATAN",1,148,46,194
https://kawalpemilu.org#19117,"SENAWAR JAYA, BAYUNG LENCIR, MUSI BANYUASIN, SUMATERA SELATAN",2,75,66,141
https://kawalpemilu.org#19117,"SENAWAR JAYA, BAYUNG LENCIR, MUSI BANYUASIN, SUMATERA SELATAN",3,99,111,210
https://kawalpemilu.org#19117,"SENAWAR JAYA, BAYUNG LENCIR, MUSI BANYUASIN, SUMATERA SELATAN",4,145,89,234
https://kawalpemilu.org#19117,"SENAWAR JAYA, BAYUNG LENCIR, MUSI BANYUASIN, SUMATERA SELATAN",5,112,109,221
https://kawalpemilu.org#19117,"SENAWAR JAYA, BAYUNG LENCIR, MUSI BANYUASIN, SUMATERA SELATAN",6,86,151,237
https://kawalpemilu.org#19117,"SENAWAR JAYA, BAYUNG LENCIR, MUSI BANYUASIN, SUMATERA SELATAN",7,128,119,247
https://kawalpemilu.org#19117,"SENAWAR JAYA, BAYUNG LENCIR, MUSI BANYUASIN, SUMATERA SELATAN",8,76,126,202
https://kawalpemilu.org#19117,"SENAWAR JAYA, BAYUNG LENCIR, MUSI BANYUASIN, SUMATERA SELATAN",9,109,135,244
https://kawalpemilu.org#19117,"SENAWAR JAYA, BAYUNG LENCIR, MUSI BANYUASIN, SUMATERA SELATAN",10,79,90,169
https://kawalpemilu.org#19117,"SENAWAR JAYA, BAYUNG LENCIR, MUSI BANYUASIN, SUMATERA SELATAN",11,122,22,144
https://kawalpemilu.org#19117,"SENAWAR JAYA, BAYUNG LENCIR, MUSI BANYUASIN, SUMATERA SELATAN",12,102,52,154
https://kawalpemilu.org#19120,"SIMPANG BAYAT, BAYUNG LENCIR, MUSI BANYUASIN, SUMATERA SELATAN",1,154,58,212
https://kawalpemilu.org#19120,"SIMPANG BAYAT, BAYUNG LENCIR, MUSI BANYUASIN, SUMATERA SELATAN",2,141,40,181
https://kawalpemilu.org#19120,"SIMPANG BAYAT, BAYUNG LENCIR, MUSI BANYUASIN, SUMATERA SELATAN",3,92,63,155
https://kawalpemilu.org#19120,"SIMPANG BAYAT, BAYUNG LENCIR, MUSI BANYUASIN, SUMATERA SELATAN",4,98,71,169
https://kawalpemilu.org#19120,"SIMPANG BAYAT, BAYUNG LENCIR, MUSI BANYUASIN, SUMATERA SELATAN",5,75,142,217
https://kawalpemilu.org#19120,"SIMPANG BAYAT, BAYUNG LENCIR, MUSI BANYUASIN, SUMATERA SELATAN",6,84,66,150
https://kawalpemilu.org#19120,"SIMPANG BAYAT, BAYUNG LENCIR, MUSI BANYUASIN, SUMATERA SELATAN",7,155,43,198
https://kawalpemilu.org#19120,"SIMPANG BAYAT, BAYUNG LENCIR, MUSI BANYUASIN, SUMATERA SELATAN",8,150,25,175
https://kawalpemilu.org#19120,"SIMPANG BAYAT, BAYUNG LENCIR, MUSI BANYUASIN, SUMATERA SELATAN",9,32,33,65
https://kawalpemilu.org#19121,"BAYAT ILIR, BAYUNG LENCIR, MUSI BANYUASIN, SUMATERA SELATAN",1,133,61,194
https://kawalpemilu.org#19121,"BAYAT ILIR, BAYUNG LENCIR, MUSI BANYUASIN, SUMATERA SELATAN",2,118,51,169
https://kawalpemilu.org#19121,"BAYAT ILIR, BAYUNG LENCIR, MUSI BANYUASIN, SUMATERA SELATAN",3,97,69,166
https://kawalpemilu.org#19121,"BAYAT ILIR, BAYUNG LENCIR, MUSI BANYUASIN, SUMATERA SELATAN",4,126,16,142
https://kawalpemilu.org#19121,"BAYAT ILIR, BAYUNG LENCIR, MUSI BANYUASIN, SUMATERA SELATAN",5,130,10,140
https://kawalpemilu.org#19122,"PANGKALAN BAYAT, BAYUNG LENCIR, MUSI BANYUASIN, SUMATERA SELATAN",1,143,93,236
https://kawalpemilu.org#19122,"PANGKALAN BAYAT, BAYUNG LENCIR, MUSI BANYUASIN, SUMATERA SELATAN",2,122,71,193
https://kawalpemilu.org#19122,"PANGKALAN BAYAT, BAYUNG LENCIR, MUSI BANYUASIN, SUMATERA SELATAN",3,135,31,166
https://kawalpemilu.org#19122,"PANGKALAN BAYAT, BAYUNG LENCIR, MUSI BANYUASIN, SUMATERA SELATAN",4,102,25,127
https://kawalpemilu.org#19123,"MUARA BAHAR, BAYUNG LENCIR, MUSI BANYUASIN, SUMATERA SELATAN",1,91,76,167
https://kawalpemilu.org#19123,"MUARA BAHAR, BAYUNG LENCIR, MUSI BANYUASIN, SUMATERA SELATAN",2,37,59,96
https://kawalpemilu.org#19123,"MUARA BAHAR, BAYUNG LENCIR, MUSI BANYUASIN, SUMATERA SELATAN",3,134,42,176
https://kawalpemilu.org#19123,"MUARA BAHAR, BAYUNG LENCIR, MUSI BANYUASIN, SUMATERA SELATAN",4,185,16,201
https://kawalpemilu.org#19123,"MUARA BAHAR, BAYUNG LENCIR, MUSI BANYUASIN, SUMATERA SELATAN",5,131,62,193
https://kawalpemilu.org#19123,"MUARA BAHAR, BAYUNG LENCIR, MUSI BANYUASIN, SUMATERA SELATAN",6,169,23,192
https://kawalpemilu.org#19123,"MUARA BAHAR, BAYUNG LENCIR, MUSI BANYUASIN, SUMATERA SELATAN",7,178,14,192
https://kawalpemilu.org#19123,"MUARA BAHAR, BAYUNG LENCIR, MUSI BANYUASIN, SUMATERA SELATAN",8,185,18,203
https://kawalpemilu.org#19123,"MUARA BAHAR, BAYUNG LENCIR, MUSI BANYUASIN, SUMATERA SELATAN",9,106,12,118
https://kawalpemilu.org#19123,"MUARA BAHAR, BAYUNG LENCIR, MUSI BANYUASIN, SUMATERA SELATAN",10,123,8,131
https://kawalpemilu.org#19123,"MUARA BAHAR, BAYUNG LENCIR, MUSI BANYUASIN, SUMATERA SELATAN",11,117,9,126
https://kawalpemilu.org#19123,"MUARA BAHAR, BAYUNG LENCIR, MUSI BANYUASIN, SUMATERA SELATAN",12,98,44,142
https://kawalpemilu.org#19127,"MEKAR JAYA, BAYUNG LENCIR, MUSI BANYUASIN, SUMATERA SELATAN",1,156,93,249
https://kawalpemilu.org#19127,"MEKAR JAYA, BAYUNG LENCIR, MUSI BANYUASIN, SUMATERA SELATAN",2,141,114,255
https://kawalpemilu.org#19127,"MEKAR JAYA, BAYUNG LENCIR, MUSI BANYUASIN, SUMATERA SELATAN",3,91,138,229
https://kawalpemilu.org#19127,"MEKAR JAYA, BAYUNG LENCIR, MUSI BANYUASIN, SUMATERA SELATAN",4,140,107,247
https://kawalpemilu.org#19127,"MEKAR JAYA, BAYUNG LENCIR, MUSI BANYUASIN, SUMATERA SELATAN",5,142,75,217
https://kawalpemilu.org#19127,"MEKAR JAYA, BAYUNG LENCIR, MUSI BANYUASIN, SUMATERA SELATAN",6,127,116,243
https://kawalpemilu.org#19127,"MEKAR JAYA, BAYUNG LENCIR, MUSI BANYUASIN, SUMATERA SELATAN",7,114,122,236
https://kawalpemilu.org#19127,"MEKAR JAYA, BAYUNG LENCIR, MUSI BANYUASIN, SUMATERA SELATAN",8,86,125,211
https://kawalpemilu.org#19127,"MEKAR JAYA, BAYUNG LENCIR, MUSI BANYUASIN, SUMATERA SELATAN",9,85,161,246
https://kawalpemilu.org#19127,"MEKAR JAYA, BAYUNG LENCIR, MUSI BANYUASIN, SUMATERA SELATAN",10,89,113,202
https://kawalpemilu.org#19127,"MEKAR JAYA, BAYUNG LENCIR, MUSI BANYUASIN, SUMATERA SELATAN",11,129,140,269
https://kawalpemilu.org#19127,"MEKAR JAYA, BAYUNG LENCIR, MUSI BANYUASIN, SUMATERA SELATAN",12,139,82,221
https://kawalpemilu.org#19127,"MEKAR JAYA, BAYUNG LENCIR, MUSI BANYUASIN, SUMATERA SELATAN",13,120,60,180
https://kawalpemilu.org#19128,"MENDIS JAYA, BAYUNG LENCIR, MUSI BANYUASIN, SUMATERA SELATAN",1,105,98,203
https://kawalpemilu.org#19128,"MENDIS JAYA, BAYUNG LENCIR, MUSI BANYUASIN, SUMATERA SELATAN",2,143,112,255
https://kawalpemilu.org#19128,"MENDIS JAYA, BAYUNG LENCIR, MUSI BANYUASIN, SUMATERA SELATAN",3,148,70,218
https://kawalpemilu.org#19128,"MENDIS JAYA, BAYUNG LENCIR, MUSI BANYUASIN, SUMATERA SELATAN",4,155,52,207
https://kawalpemilu.org#19128,"MENDIS JAYA, BAYUNG LENCIR, MUSI BANYUASIN, SUMATERA SELATAN",5,135,65,200
https://kawalpemilu.org#19128,"MENDIS JAYA, BAYUNG LENCIR, MUSI BANYUASIN, SUMATERA SELATAN",6,137,58,195
https://kawalpemilu.org#19128,"MENDIS JAYA, BAYUNG LENCIR, MUSI BANYUASIN, SUMATERA SELATAN",7,169,36,205
https://kawalpemilu.org#19128,"MENDIS JAYA, BAYUNG LENCIR, MUSI BANYUASIN, SUMATERA SELATAN",8,119,26,145
https://kawalpemilu.org#19128,"MENDIS JAYA, BAYUNG LENCIR, MUSI BANYUASIN, SUMATERA SELATAN",9,129,9,138
https://kawalpemilu.org#19129,"KEPAYANG, BAYUNG LENCIR, MUSI BANYUASIN, SUMATERA SELATAN",1,82,97,179
https://kawalpemilu.org#19129,"KEPAYANG, BAYUNG LENCIR, MUSI BANYUASIN, SUMATERA SELATAN",2,73,75,148
https://kawalpemilu.org#19129,"KEPAYANG, BAYUNG LENCIR, MUSI BANYUASIN, SUMATERA SELATAN",3,66,81,147
https://kawalpemilu.org#19129,"KEPAYANG, BAYUNG LENCIR, MUSI BANYUASIN, SUMATERA SELATAN",4,131,61,192
https://kawalpemilu.org#19129,"KEPAYANG, BAYUNG LENCIR, MUSI BANYUASIN, SUMATERA SELATAN",5,54,19,73
https://kawalpemilu.org#19129,"KEPAYANG, BAYUNG LENCIR, MUSI BANYUASIN, SUMATERA SELATAN",6,110,17,127
https://kawalpemilu.org#19129,"KEPAYANG, BAYUNG LENCIR, MUSI BANYUASIN, SUMATERA SELATAN",7,46,18,64
https://kawalpemilu.org#84692,"BAYUNG LENCIR INDAH, BAYUNG LENCIR, MUSI BANYUASIN, SUMATERA SELATAN",1,78,98,176
https://kawalpemilu.org#84692,"BAYUNG LENCIR INDAH, BAYUNG LENCIR, MUSI BANYUASIN, SUMATERA SELATAN",2,70,181,258
https://kawalpemilu.org#84692,"BAYUNG LENCIR INDAH, BAYUNG LENCIR, MUSI BANYUASIN, SUMATERA SELATAN",3,203,52,255
https://kawalpemilu.org#84692,"BAYUNG LENCIR INDAH, BAYUNG LENCIR, MUSI BANYUASIN, SUMATERA SELATAN",4,85,128,213
https://kawalpemilu.org#84692,"BAYUNG LENCIR INDAH, BAYUNG LENCIR, MUSI BANYUASIN, SUMATERA SELATAN",5,141,103,244
https://kawalpemilu.org#84692,"BAYUNG LENCIR INDAH, BAYUNG LENCIR, MUSI BANYUASIN, SUMATERA SELATAN",6,109,68,177
https://kawalpemilu.org#84692,"BAYUNG LENCIR INDAH, BAYUNG LENCIR, MUSI BANYUASIN, SUMATERA SELATAN",7,179,27,206
https://kawalpemilu.org#84692,"BAYUNG LENCIR INDAH, BAYUNG LENCIR, MUSI BANYUASIN, SUMATERA SELATAN",8,116,32,148
https://kawalpemilu.org#84692,"BAYUNG LENCIR INDAH, BAYUNG LENCIR, MUSI BANYUASIN, SUMATERA SELATAN",9,109,17,126
https://kawalpemilu.org#84692,"BAYUNG LENCIR INDAH, BAYUNG LENCIR, MUSI BANYUASIN, SUMATERA SELATAN",10,104,65,169
https://kawalpemilu.org#84692,"BAYUNG LENCIR INDAH, BAYUNG LENCIR, MUSI BANYUASIN, SUMATERA SELATAN",11,105,145,250
https://kawalpemilu.org#89402,"WONO REJO, BAYUNG LENCIR, MUSI BANYUASIN, SUMATERA SELATAN",1,146,69,215
https://kawalpemilu.org#89402,"WONO REJO, BAYUNG LENCIR, MUSI BANYUASIN, SUMATERA SELATAN",2,141,84,225
https://kawalpemilu.org#89402,"WONO REJO, BAYUNG LENCIR, MUSI BANYUASIN, SUMATERA SELATAN",3,113,132,245
https://kawalpemilu.org#89402,"WONO REJO, BAYUNG LENCIR, MUSI BANYUASIN, SUMATERA SELATAN",4,115,119,234
https://kawalpemilu.org#89402,"WONO REJO, BAYUNG LENCIR, MUSI BANYUASIN, SUMATERA SELATAN",5,189,50,239
https://kawalpemilu.org#89403,"LUBUK HARJO, BAYUNG LENCIR, MUSI BANYUASIN, SUMATERA SELATAN",1,167,69,236
https://kawalpemilu.org#89403,"LUBUK HARJO, BAYUNG LENCIR, MUSI BANYUASIN, SUMATERA SELATAN",2,149,54,203
https://kawalpemilu.org#89403,"LUBUK HARJO, BAYUNG LENCIR, MUSI BANYUASIN, SUMATERA SELATAN",3,175,43,218
https://kawalpemilu.org#89403,"LUBUK HARJO, BAYUNG LENCIR, MUSI BANYUASIN, SUMATERA SELATAN",4,144,124,268
https://kawalpemilu.org#89403,"LUBUK HARJO, BAYUNG LENCIR, MUSI BANYUASIN, SUMATERA SELATAN",5,201,75,276
https://kawalpemilu.org#89403,"LUBUK HARJO, BAYUNG LENCIR, MUSI BANYUASIN, SUMATERA SELATAN",6,139,54,193
https://kawalpemilu.org#89403,"LUBUK HARJO, BAYUNG LENCIR, MUSI BANYUASIN, SUMATERA SELATAN",7,155,42,197
https://kawalpemilu.org#19097,"SUKA DAMAI, PLAKAT TINGGI, MUSI BANYUASIN, SUMATERA SELATAN",1,105,99,204
https://kawalpemilu.org#19097,"SUKA DAMAI, PLAKAT TINGGI, MUSI BANYUASIN, SUMATERA SELATAN",2,39,101,140
https://kawalpemilu.org#19097,"SUKA DAMAI, PLAKAT TINGGI, MUSI BANYUASIN, SUMATERA SELATAN",3,46,119,165
https://kawalpemilu.org#19097,"SUKA DAMAI, PLAKAT TINGGI, MUSI BANYUASIN, SUMATERA SELATAN",4,34,139,173
https://kawalpemilu.org#19097,"SUKA DAMAI, PLAKAT TINGGI, MUSI BANYUASIN, SUMATERA SELATAN",5,61,115,176
https://kawalpemilu.org#19097,"SUKA DAMAI, PLAKAT TINGGI, MUSI BANYUASIN, SUMATERA SELATAN",6,74,151,225
https://kawalpemilu.org#19097,"SUKA DAMAI, PLAKAT TINGGI, MUSI BANYUASIN, SUMATERA SELATAN",7,77,91,168
https://kawalpemilu.org#19097,"SUKA DAMAI, PLAKAT TINGGI, MUSI BANYUASIN, SUMATERA SELATAN",8,54,116,170
https://kawalpemilu.org#19131,"SIDO MUKTI, PLAKAT TINGGI, MUSI BANYUASIN, SUMATERA SELATAN",1,37,125,162
https://kawalpemilu.org#19131,"SIDO MUKTI, PLAKAT TINGGI, MUSI BANYUASIN, SUMATERA SELATAN",2,41,170,211
https://kawalpemilu.org#19131,"SIDO MUKTI, PLAKAT TINGGI, MUSI BANYUASIN, SUMATERA SELATAN",3,66,158,224
https://kawalpemilu.org#19131,"SIDO MUKTI, PLAKAT TINGGI, MUSI BANYUASIN, SUMATERA SELATAN",4,38,170,208
https://kawalpemilu.org#19131,"SIDO MUKTI, PLAKAT TINGGI, MUSI BANYUASIN, SUMATERA SELATAN",5,27,116,143
https://kawalpemilu.org#19131,"SIDO MUKTI, PLAKAT TINGGI, MUSI BANYUASIN, SUMATERA SELATAN",6,53,88,141
https://kawalpemilu.org#19131,"SIDO MUKTI, PLAKAT TINGGI, MUSI BANYUASIN, SUMATERA SELATAN",7,60,151,211
https://kawalpemilu.org#19133,"SUKA JAYA, PLAKAT TINGGI, MUSI BANYUASIN, SUMATERA SELATAN",1,111,88,199
https://kawalpemilu.org#19133,"SUKA JAYA, PLAKAT TINGGI, MUSI BANYUASIN, SUMATERA SELATAN",2,115,88,203
https://kawalpemilu.org#19133,"SUKA JAYA, PLAKAT TINGGI, MUSI BANYUASIN, SUMATERA SELATAN",3,92,106,198
https://kawalpemilu.org#19133,"SUKA JAYA, PLAKAT TINGGI, MUSI BANYUASIN, SUMATERA SELATAN",4,107,81,188
https://kawalpemilu.org#19133,"SUKA JAYA, PLAKAT TINGGI, MUSI BANYUASIN, SUMATERA SELATAN",5,113,73,186
https://kawalpemilu.org#19134,"SUKA MAKMUR, PLAKAT TINGGI, MUSI BANYUASIN, SUMATERA SELATAN",1,84,150,234
https://kawalpemilu.org#19134,"SUKA MAKMUR, PLAKAT TINGGI, MUSI BANYUASIN, SUMATERA SELATAN",2,151,89,240
https://kawalpemilu.org#19134,"SUKA MAKMUR, PLAKAT TINGGI, MUSI BANYUASIN, SUMATERA SELATAN",3,117,133,250
https://kawalpemilu.org#19134,"SUKA MAKMUR, PLAKAT TINGGI, MUSI BANYUASIN, SUMATERA SELATAN",4,116,114,230
https://kawalpemilu.org#19135,"SUKA MAJU, PLAKAT TINGGI, MUSI BANYUASIN, SUMATERA SELATAN",1,68,117,185
https://kawalpemilu.org#19135,"SUKA MAJU, PLAKAT TINGGI, MUSI BANYUASIN, SUMATERA SELATAN",2,68,121,189
https://kawalpemilu.org#19135,"SUKA MAJU, PLAKAT TINGGI, MUSI BANYUASIN, SUMATERA SELATAN",3,103,119,222
https://kawalpemilu.org#19135,"SUKA MAJU, PLAKAT TINGGI, MUSI BANYUASIN, SUMATERA SELATAN",4,156,93,249
https://kawalpemilu.org#19135,"SUKA MAJU, PLAKAT TINGGI, MUSI BANYUASIN, SUMATERA SELATAN",5,70,93,163
https://kawalpemilu.org#19136,"BANGUN HARJA, PLAKAT TINGGI, MUSI BANYUASIN, SUMATERA SELATAN",1,74,61,135
https://kawalpemilu.org#19136,"BANGUN HARJA, PLAKAT TINGGI, MUSI BANYUASIN, SUMATERA SELATAN",2,63,50,113
https://kawalpemilu.org#19136,"BANGUN HARJA, PLAKAT TINGGI, MUSI BANYUASIN, SUMATERA SELATAN",3,90,34,124
https://kawalpemilu.org#19136,"BANGUN HARJA, PLAKAT TINGGI, MUSI BANYUASIN, SUMATERA SELATAN",4,62,79,141
https://kawalpemilu.org#19137,"SIDO RAHAYU, PLAKAT TINGGI, MUSI BANYUASIN, SUMATERA SELATAN",1,74,175,249
https://kawalpemilu.org#19137,"SIDO RAHAYU, PLAKAT TINGGI, MUSI BANYUASIN, SUMATERA SELATAN",2,43,195,238
https://kawalpemilu.org#19137,"SIDO RAHAYU, PLAKAT TINGGI, MUSI BANYUASIN, SUMATERA SELATAN",3,44,201,245
https://kawalpemilu.org#19137,"SIDO RAHAYU, PLAKAT TINGGI, MUSI BANYUASIN, SUMATERA SELATAN",4,68,174,242
https://kawalpemilu.org#19137,"SIDO RAHAYU, PLAKAT TINGGI, MUSI BANYUASIN, SUMATERA SELATAN",5,45,188,233
https://kawalpemilu.org#19137,"SIDO RAHAYU, PLAKAT TINGGI, MUSI BANYUASIN, SUMATERA SELATAN",6,49,179,228
https://kawalpemilu.org#19138,"BUKIT INDAH, PLAKAT TINGGI, MUSI BANYUASIN, SUMATERA SELATAN",1,19,160,179
https://kawalpemilu.org#19138,"BUKIT INDAH, PLAKAT TINGGI, MUSI BANYUASIN, SUMATERA SELATAN",2,39,161,200
https://kawalpemilu.org#19138,"BUKIT INDAH, PLAKAT TINGGI, MUSI BANYUASIN, SUMATERA SELATAN",3,38,174,212
https://kawalpemilu.org#19138,"BUKIT INDAH, PLAKAT TINGGI, MUSI BANYUASIN, SUMATERA SELATAN",4,84,113,197
https://kawalpemilu.org#19138,"BUKIT INDAH, PLAKAT TINGGI, MUSI BANYUASIN, SUMATERA SELATAN",5,49,119,168
https://kawalpemilu.org#19138,"BUKIT INDAH, PLAKAT TINGGI, MUSI BANYUASIN, SUMATERA SELATAN",6,59,109,168
https://kawalpemilu.org#19138,"BUKIT INDAH, PLAKAT TINGGI, MUSI BANYUASIN, SUMATERA SELATAN",7,47,105,152
https://kawalpemilu.org#19139,"WARGA MULYA, PLAKAT TINGGI, MUSI BANYUASIN, SUMATERA SELATAN",1,56,80,136
https://kawalpemilu.org#19139,"WARGA MULYA, PLAKAT TINGGI, MUSI BANYUASIN, SUMATERA SELATAN",2,54,91,145
https://kawalpemilu.org#19139,"WARGA MULYA, PLAKAT TINGGI, MUSI BANYUASIN, SUMATERA SELATAN",3,120,95,215
https://kawalpemilu.org#19139,"WARGA MULYA, PLAKAT TINGGI, MUSI BANYUASIN, SUMATERA SELATAN",4,94,129,223
https://kawalpemilu.org#19139,"WARGA MULYA, PLAKAT TINGGI, MUSI BANYUASIN, SUMATERA SELATAN",5,68,112,180
https://kawalpemilu.org#19140,"TANJUNG KAPUTRAN, PLAKAT TINGGI, MUSI BANYUASIN, SUMATERA SELATAN",1,78,114,192
https://kawalpemilu.org#19140,"TANJUNG KAPUTRAN, PLAKAT TINGGI, MUSI BANYUASIN, SUMATERA SELATAN",2,47,110,157
https://kawalpemilu.org#19140,"TANJUNG KAPUTRAN, PLAKAT TINGGI, MUSI BANYUASIN, SUMATERA SELATAN",3,56,93,149
https://kawalpemilu.org#19140,"TANJUNG KAPUTRAN, PLAKAT TINGGI, MUSI BANYUASIN, SUMATERA SELATAN",4,51,83,134
https://kawalpemilu.org#19140,"TANJUNG KAPUTRAN, PLAKAT TINGGI, MUSI BANYUASIN, SUMATERA SELATAN",5,74,92,166
https://kawalpemilu.org#19140,"TANJUNG KAPUTRAN, PLAKAT TINGGI, MUSI BANYUASIN, SUMATERA SELATAN",6,72,70,142
https://kawalpemilu.org#19140,"TANJUNG KAPUTRAN, PLAKAT TINGGI, MUSI BANYUASIN, SUMATERA SELATAN",7,33,99,132
https://kawalpemilu.org#19140,"TANJUNG KAPUTRAN, PLAKAT TINGGI, MUSI BANYUASIN, SUMATERA SELATAN",8,36,98,134
https://kawalpemilu.org#19140,"TANJUNG KAPUTRAN, PLAKAT TINGGI, MUSI BANYUASIN, SUMATERA SELATAN",9,34,119,153
https://kawalpemilu.org#19141,"AIR PUTIH ULU, PLAKAT TINGGI, MUSI BANYUASIN, SUMATERA SELATAN",1,53,177,230
https://kawalpemilu.org#19141,"AIR PUTIH ULU, PLAKAT TINGGI, MUSI BANYUASIN, SUMATERA SELATAN",2,10,185,195
https://kawalpemilu.org#19141,"AIR PUTIH ULU, PLAKAT TINGGI, MUSI BANYUASIN, SUMATERA SELATAN",3,25,172,197
https://kawalpemilu.org#19141,"AIR PUTIH ULU, PLAKAT TINGGI, MUSI BANYUASIN, SUMATERA SELATAN",4,6,156,162
https://kawalpemilu.org#19141,"AIR PUTIH ULU, PLAKAT TINGGI, MUSI BANYUASIN, SUMATERA SELATAN",5,56,160,216
https://kawalpemilu.org#19141,"AIR PUTIH ULU, PLAKAT TINGGI, MUSI BANYUASIN, SUMATERA SELATAN",7,48,104,152
https://kawalpemilu.org#19141,"AIR PUTIH ULU, PLAKAT TINGGI, MUSI BANYUASIN, SUMATERA SELATAN",8,78,111,189
https://kawalpemilu.org#19141,"AIR PUTIH ULU, PLAKAT TINGGI, MUSI BANYUASIN, SUMATERA SELATAN",9,93,120,213
https://kawalpemilu.org#19142,"SIALANG AGUNG, PLAKAT TINGGI, MUSI BANYUASIN, SUMATERA SELATAN",1,91,131,222
https://kawalpemilu.org#19142,"SIALANG AGUNG, PLAKAT TINGGI, MUSI BANYUASIN, SUMATERA SELATAN",2,59,110,169
https://kawalpemilu.org#19142,"SIALANG AGUNG, PLAKAT TINGGI, MUSI BANYUASIN, SUMATERA SELATAN",3,54,81,135
https://kawalpemilu.org#19143,"CINTA KARYA, PLAKAT TINGGI, MUSI BANYUASIN, SUMATERA SELATAN",1,21,150,171
https://kawalpemilu.org#19143,"CINTA KARYA, PLAKAT TINGGI, MUSI BANYUASIN, SUMATERA SELATAN",2,6,165,171
https://kawalpemilu.org#19143,"CINTA KARYA, PLAKAT TINGGI, MUSI BANYUASIN, SUMATERA SELATAN",3,17,189,206
https://kawalpemilu.org#19143,"CINTA KARYA, PLAKAT TINGGI, MUSI BANYUASIN, SUMATERA SELATAN",4,32,139,171
https://kawalpemilu.org#19143,"CINTA KARYA, PLAKAT TINGGI, MUSI BANYUASIN, SUMATERA SELATAN",5,19,185,0
https://kawalpemilu.org#19143,"CINTA KARYA, PLAKAT TINGGI, MUSI BANYUASIN, SUMATERA SELATAN",6,28,162,190
https://kawalpemilu.org#19143,"CINTA KARYA, PLAKAT TINGGI, MUSI BANYUASIN, SUMATERA SELATAN",7,86,77,163
https://kawalpemilu.org#19144,"AIR PUTIH ILIR, PLAKAT TINGGI, MUSI BANYUASIN, SUMATERA SELATAN",1,63,138,201
https://kawalpemilu.org#19144,"AIR PUTIH ILIR, PLAKAT TINGGI, MUSI BANYUASIN, SUMATERA SELATAN",2,17,165,182
https://kawalpemilu.org#19144,"AIR PUTIH ILIR, PLAKAT TINGGI, MUSI BANYUASIN, SUMATERA SELATAN",3,8,174,182
https://kawalpemilu.org#19144,"AIR PUTIH ILIR, PLAKAT TINGGI, MUSI BANYUASIN, SUMATERA SELATAN",4,28,138,166
https://kawalpemilu.org#89404,"SUMBER REJEKI, PLAKAT TINGGI, MUSI BANYUASIN, SUMATERA SELATAN",1,52,183,235
https://kawalpemilu.org#89404,"SUMBER REJEKI, PLAKAT TINGGI, MUSI BANYUASIN, SUMATERA SELATAN",2,42,173,215
https://kawalpemilu.org#89404,"SUMBER REJEKI, PLAKAT TINGGI, MUSI BANYUASIN, SUMATERA SELATAN",3,19,143,162
https://kawalpemilu.org#19146,"KARANG AGUNG, LALAN, MUSI BANYUASIN, SUMATERA SELATAN",1,87,73,160
https://kawalpemilu.org#19146,"KARANG AGUNG, LALAN, MUSI BANYUASIN, SUMATERA SELATAN",2,113,37,150
https://kawalpemilu.org#19146,"KARANG AGUNG, LALAN, MUSI BANYUASIN, SUMATERA SELATAN",3,132,46,178
https://kawalpemilu.org#19146,"KARANG AGUNG, LALAN, MUSI BANYUASIN, SUMATERA SELATAN",4,85,100,185
https://kawalpemilu.org#19146,"KARANG AGUNG, LALAN, MUSI BANYUASIN, SUMATERA SELATAN",5,103,62,165
https://kawalpemilu.org#19146,"KARANG AGUNG, LALAN, MUSI BANYUASIN, SUMATERA SELATAN",6,119,25,144
https://kawalpemilu.org#19146,"KARANG AGUNG, LALAN, MUSI BANYUASIN, SUMATERA SELATAN",7,133,18,151
https://kawalpemilu.org#19146,"KARANG AGUNG, LALAN, MUSI BANYUASIN, SUMATERA SELATAN",8,126,65,191
https://kawalpemilu.org#19146,"KARANG AGUNG, LALAN, MUSI BANYUASIN, SUMATERA SELATAN",9,139,28,167
https://kawalpemilu.org#19146,"KARANG AGUNG, LALAN, MUSI BANYUASIN, SUMATERA SELATAN",10,93,58,151
https://kawalpemilu.org#19147,"KARANG REJO, LALAN, MUSI BANYUASIN, SUMATERA SELATAN",1,128,32,160
https://kawalpemilu.org#19147,"KARANG REJO, LALAN, MUSI BANYUASIN, SUMATERA SELATAN",2,171,26,197
https://kawalpemilu.org#19147,"KARANG REJO, LALAN, MUSI BANYUASIN, SUMATERA SELATAN",3,186,49,235
https://kawalpemilu.org#19147,"KARANG REJO, LALAN, MUSI BANYUASIN, SUMATERA SELATAN",4,207,23,230
https://kawalpemilu.org#19147,"KARANG REJO, LALAN, MUSI BANYUASIN, SUMATERA SELATAN",5,150,29,179
https://kawalpemilu.org#19147,"KARANG REJO, LALAN, MUSI BANYUASIN, SUMATERA SELATAN",6,180,26,206
https://kawalpemilu.org#19147,"KARANG REJO, LALAN, MUSI BANYUASIN, SUMATERA SELATAN",7,96,52,148
https://kawalpemilu.org#19147,"KARANG REJO, LALAN, MUSI BANYUASIN, SUMATERA SELATAN",8,131,36,167
https://kawalpemilu.org#19148,"KARANG MAKMUR, LALAN, MUSI BANYUASIN, SUMATERA SELATAN",1,151,45,196
https://kawalpemilu.org#19148,"KARANG MAKMUR, LALAN, MUSI BANYUASIN, SUMATERA SELATAN",2,203,23,226
https://kawalpemilu.org#19148,"KARANG MAKMUR, LALAN, MUSI BANYUASIN, SUMATERA SELATAN",3,181,27,208
https://kawalpemilu.org#19148,"KARANG MAKMUR, LALAN, MUSI BANYUASIN, SUMATERA SELATAN",4,121,34,165
https://kawalpemilu.org#19148,"KARANG MAKMUR, LALAN, MUSI BANYUASIN, SUMATERA SELATAN",5,146,18,164
https://kawalpemilu.org#19148,"KARANG MAKMUR, LALAN, MUSI BANYUASIN, SUMATERA SELATAN",6,188,17,205
https://kawalpemilu.org#19148,"KARANG MAKMUR, LALAN, MUSI BANYUASIN, SUMATERA SELATAN",7,77,61,138
https://kawalpemilu.org#19148,"KARANG MAKMUR, LALAN, MUSI BANYUASIN, SUMATERA SELATAN",8,77,37,114
https://kawalpemilu.org#19149,"PERUMPUNG RAYA, LALAN, MUSI BANYUASIN, SUMATERA SELATAN",1,145,17,162
https://kawalpemilu.org#19149,"PERUMPUNG RAYA, LALAN, MUSI BANYUASIN, SUMATERA SELATAN",2,176,15,191
https://kawalpemilu.org#19149,"PERUMPUNG RAYA, LALAN, MUSI BANYUASIN, SUMATERA SELATAN",3,145,48,193
https://kawalpemilu.org#19149,"PERUMPUNG RAYA, LALAN, MUSI BANYUASIN, SUMATERA SELATAN",4,128,22,150
https://kawalpemilu.org#19149,"PERUMPUNG RAYA, LALAN, MUSI BANYUASIN, SUMATERA SELATAN",5,168,15,183
https://kawalpemilu.org#19149,"PERUMPUNG RAYA, LALAN, MUSI BANYUASIN, SUMATERA SELATAN",6,133,16,149
https://kawalpemilu.org#19150,"GALIH SARI, LALAN, MUSI BANYUASIN, SUMATERA SELATAN",1,215,51,266
https://kawalpemilu.org#19150,"GALIH SARI, LALAN, MUSI BANYUASIN, SUMATERA SELATAN",2,238,17,255
https://kawalpemilu.org#19150,"GALIH SARI, LALAN, MUSI BANYUASIN, SUMATERA SELATAN",3,202,46,242
https://kawalpemilu.org#19150,"GALIH SARI, LALAN, MUSI BANYUASIN, SUMATERA SELATAN",4,173,46,219
https://kawalpemilu.org#19150,"GALIH SARI, LALAN, MUSI BANYUASIN, SUMATERA SELATAN",5,144,78,222
https://kawalpemilu.org#19151,"KARANG TIRTA, LALAN, MUSI BANYUASIN, SUMATERA SELATAN",1,79,69,148
https://kawalpemilu.org#19151,"KARANG TIRTA, LALAN, MUSI BANYUASIN, SUMATERA SELATAN",2,135,30,165
https://kawalpemilu.org#19151,"KARANG TIRTA, LALAN, MUSI BANYUASIN, SUMATERA SELATAN",3,180,59,239
https://kawalpemilu.org#19151,"KARANG TIRTA, LALAN, MUSI BANYUASIN, SUMATERA SELATAN",4,183,58,241
https://kawalpemilu.org#19151,"KARANG TIRTA, LALAN, MUSI BANYUASIN, SUMATERA SELATAN",5,115,79,194
https://kawalpemilu.org#19151,"KARANG TIRTA, LALAN, MUSI BANYUASIN, SUMATERA SELATAN",6,205,53,258
https://kawalpemilu.org#19151,"KARANG TIRTA, LALAN, MUSI BANYUASIN, SUMATERA SELATAN",7,112,16,128
https://kawalpemilu.org#19152,"PURWO  AGUNG, LALAN, MUSI BANYUASIN, SUMATERA SELATAN",1,70,62,132
https://kawalpemilu.org#19152,"PURWO  AGUNG, LALAN, MUSI BANYUASIN, SUMATERA SELATAN",2,127,11,138
https://kawalpemilu.org#19152,"PURWO  AGUNG, LALAN, MUSI BANYUASIN, SUMATERA SELATAN",3,86,127,213
https://kawalpemilu.org#19152,"PURWO  AGUNG, LALAN, MUSI BANYUASIN, SUMATERA SELATAN",4,136,59,195
https://kawalpemilu.org#19152,"PURWO  AGUNG, LALAN, MUSI BANYUASIN, SUMATERA SELATAN",5,147,51,198
https://kawalpemilu.org#19153,"KARYA MUKTI, LALAN, MUSI BANYUASIN, SUMATERA SELATAN",1,177,39,216
https://kawalpemilu.org#19153,"KARYA MUKTI, LALAN, MUSI BANYUASIN, SUMATERA SELATAN",2,138,22,160
https://kawalpemilu.org#19153,"KARYA MUKTI, LALAN, MUSI BANYUASIN, SUMATERA SELATAN",3,122,67,189
https://kawalpemilu.org#19154,"SRI KARANG REJO, LALAN, MUSI BANYUASIN, SUMATERA SELATAN",1,168,70,238
https://kawalpemilu.org#19154,"SRI KARANG REJO, LALAN, MUSI BANYUASIN, SUMATERA SELATAN",2,137,65,202
https://kawalpemilu.org#19154,"SRI KARANG REJO, LALAN, MUSI BANYUASIN, SUMATERA SELATAN",3,153,43,196
https://kawalpemilu.org#19155,"MEKAR SARI, LALAN, MUSI BANYUASIN, SUMATERA SELATAN",1,99,88,187
https://kawalpemilu.org#19155,"MEKAR SARI, LALAN, MUSI BANYUASIN, SUMATERA SELATAN",2,114,57,171
https://kawalpemilu.org#19155,"MEKAR SARI, LALAN, MUSI BANYUASIN, SUMATERA SELATAN",3,142,36,178
https://kawalpemilu.org#19156,"AGUNG JAYA, LALAN, MUSI BANYUASIN, SUMATERA SELATAN",1,165,52,217
https://kawalpemilu.org#19156,"AGUNG JAYA, LALAN, MUSI BANYUASIN, SUMATERA SELATAN",2,146,68,214
https://kawalpemilu.org#19156,"AGUNG JAYA, LALAN, MUSI BANYUASIN, SUMATERA SELATAN",3,172,72,244
https://kawalpemilu.org#19157,"BUMI AGUNG, LALAN, MUSI BANYUASIN, SUMATERA SELATAN",1,157,30,187
https://kawalpemilu.org#19157,"BUMI AGUNG, LALAN, MUSI BANYUASIN, SUMATERA SELATAN",2,153,57,210
https://kawalpemilu.org#19157,"BUMI AGUNG, LALAN, MUSI BANYUASIN, SUMATERA SELATAN",3,103,36,139
https://kawalpemilu.org#19157,"BUMI AGUNG, LALAN, MUSI BANYUASIN, SUMATERA SELATAN",4,122,32,154
https://kawalpemilu.org#19157,"BUMI AGUNG, LALAN, MUSI BANYUASIN, SUMATERA SELATAN",5,115,30,145
https://kawalpemilu.org#19158,"JAYA AGUNG, LALAN, MUSI BANYUASIN, SUMATERA SELATAN",1,126,17,143
https://kawalpemilu.org#19158,"JAYA AGUNG, LALAN, MUSI BANYUASIN, SUMATERA SELATAN",2,81,35,116
https://kawalpemilu.org#19159,"SUKA MAKMUR, LALAN, MUSI BANYUASIN, SUMATERA SELATAN",1,147,21,168
https://kawalpemilu.org#19159,"SUKA MAKMUR, LALAN, MUSI BANYUASIN, SUMATERA SELATAN",2,160,23,183
https://kawalpemilu.org#19160,"MANDALA SARI, LALAN, MUSI BANYUASIN, SUMATERA SELATAN",1,136,78,214
https://kawalpemilu.org#19160,"MANDALA SARI, LALAN, MUSI BANYUASIN, SUMATERA SELATAN",2,170,58,228
https://kawalpemilu.org#19160,"MANDALA SARI, LALAN, MUSI BANYUASIN, SUMATERA SELATAN",3,130,79,209
https://kawalpemilu.org#19161,"BANDAR AGUNG, LALAN, MUSI BANYUASIN, SUMATERA SELATAN",1,145,49,194
https://kawalpemilu.org#19161,"BANDAR AGUNG, LALAN, MUSI BANYUASIN, SUMATERA SELATAN",2,115,69,184
https://kawalpemilu.org#19161,"BANDAR AGUNG, LALAN, MUSI BANYUASIN, SUMATERA SELATAN",3,151,46,197
https://kawalpemilu.org#19161,"BANDAR AGUNG, LALAN, MUSI BANYUASIN, SUMATERA SELATAN",4,122,84,206
https://kawalpemilu.org#19161,"BANDAR AGUNG, LALAN, MUSI BANYUASIN, SUMATERA SELATAN",5,128,45,173
https://kawalpemilu.org#19162,"KARANG SARI, LALAN, MUSI BANYUASIN, SUMATERA SELATAN",1,148,32,180
https://kawalpemilu.org#19162,"KARANG SARI, LALAN, MUSI BANYUASIN, SUMATERA SELATAN",2,138,96,234
https://kawalpemilu.org#19162,"KARANG SARI, LALAN, MUSI BANYUASIN, SUMATERA SELATAN",3,93,64,157
https://kawalpemilu.org#19163,"SRI GADING, LALAN, MUSI BANYUASIN, SUMATERA SELATAN",1,174,64,238
https://kawalpemilu.org#19163,"SRI GADING, LALAN, MUSI BANYUASIN, SUMATERA SELATAN",2,142,107,249
https://kawalpemilu.org#19163,"SRI GADING, LALAN, MUSI BANYUASIN, SUMATERA SELATAN",3,175,23,198
https://kawalpemilu.org#19163,"SRI GADING, LALAN, MUSI BANYUASIN, SUMATERA SELATAN",4,169,61,230
https://kawalpemilu.org#19163,"SRI GADING, LALAN, MUSI BANYUASIN, SUMATERA SELATAN",5,97,49,146
https://kawalpemilu.org#19164,"MULYA AGUNG, LALAN, MUSI BANYUASIN, SUMATERA SELATAN",1,104,70,174
https://kawalpemilu.org#19164,"MULYA AGUNG, LALAN, MUSI BANYUASIN, SUMATERA SELATAN",2,149,49,198
https://kawalpemilu.org#19164,"MULYA AGUNG, LALAN, MUSI BANYUASIN, SUMATERA SELATAN",3,135,54,189
https://kawalpemilu.org#19164,"MULYA AGUNG, LALAN, MUSI BANYUASIN, SUMATERA SELATAN",4,63,112,175
https://kawalpemilu.org#19164,"MULYA AGUNG, LALAN, MUSI BANYUASIN, SUMATERA SELATAN",5,127,41,168
https://kawalpemilu.org#19165,"KARANG MUKTI, LALAN, MUSI BANYUASIN, SUMATERA SELATAN",1,152,74,226
https://kawalpemilu.org#19165,"KARANG MUKTI, LALAN, MUSI BANYUASIN, SUMATERA SELATAN",2,194,33,227
https://kawalpemilu.org#19165,"KARANG MUKTI, LALAN, MUSI BANYUASIN, SUMATERA SELATAN",3,168,90,258
https://kawalpemilu.org#19166,"MADYA MULYA, LALAN, MUSI BANYUASIN, SUMATERA SELATAN",1,165,69,234
https://kawalpemilu.org#19166,"MADYA MULYA, LALAN, MUSI BANYUASIN, SUMATERA SELATAN",2,154,55,209
https://kawalpemilu.org#19166,"MADYA MULYA, LALAN, MUSI BANYUASIN, SUMATERA SELATAN",3,159,85,244
https://kawalpemilu.org#19167,"MULYA JAYA, LALAN, MUSI BANYUASIN, SUMATERA SELATAN",1,197,32,229
https://kawalpemilu.org#19167,"MULYA JAYA, LALAN, MUSI BANYUASIN, SUMATERA SELATAN",2,175,61,236
https://kawalpemilu.org#19167,"MULYA JAYA, LALAN, MUSI BANYUASIN, SUMATERA SELATAN",3,145,80,225
https://kawalpemilu.org#19167,"MULYA JAYA, LALAN, MUSI BANYUASIN, SUMATERA SELATAN",4,117,93,210
https://kawalpemilu.org#19167,"MULYA JAYA, LALAN, MUSI BANYUASIN, SUMATERA SELATAN",5,166,78,244
https://kawalpemilu.org#19168,"SARI AGUNG, LALAN, MUSI BANYUASIN, SUMATERA SELATAN",1,171,23,194
https://kawalpemilu.org#19168,"SARI AGUNG, LALAN, MUSI BANYUASIN, SUMATERA SELATAN",2,163,40,203
https://kawalpemilu.org#19168,"SARI AGUNG, LALAN, MUSI BANYUASIN, SUMATERA SELATAN",3,198,51,249
https://kawalpemilu.org#19168,"SARI AGUNG, LALAN, MUSI BANYUASIN, SUMATERA SELATAN",4,172,49,221
https://kawalpemilu.org#19168,"SARI AGUNG, LALAN, MUSI BANYUASIN, SUMATERA SELATAN",5,169,54,223
https://kawalpemilu.org#19169,"SUKA JADI, LALAN, MUSI BANYUASIN, SUMATERA SELATAN",1,138,84,222
https://kawalpemilu.org#19169,"SUKA JADI, LALAN, MUSI BANYUASIN, SUMATERA SELATAN",2,137,90,227
https://kawalpemilu.org#19169,"SUKA JADI, LALAN, MUSI BANYUASIN, SUMATERA SELATAN",3,98,153,251
https://kawalpemilu.org#19169,"SUKA JADI, LALAN, MUSI BANYUASIN, SUMATERA SELATAN",4,208,49,257
https://kawalpemilu.org#19169,"SUKA JADI, LALAN, MUSI BANYUASIN, SUMATERA SELATAN",5,159,71,230
https://kawalpemilu.org#19169,"SUKA JADI, LALAN, MUSI BANYUASIN, SUMATERA SELATAN",6,135,67,202
https://kawalpemilu.org#19170,"RINGIN AGUNG, LALAN, MUSI BANYUASIN, SUMATERA SELATAN",1,136,84,220
https://kawalpemilu.org#19170,"RINGIN AGUNG, LALAN, MUSI BANYUASIN, SUMATERA SELATAN",2,141,67,208
https://kawalpemilu.org#19170,"RINGIN AGUNG, LALAN, MUSI BANYUASIN, SUMATERA SELATAN",3,112,87,199
https://kawalpemilu.org#19170,"RINGIN AGUNG, LALAN, MUSI BANYUASIN, SUMATERA SELATAN",4,155,93,248
https://kawalpemilu.org#19171,"TRI MULYA AGUNG, LALAN, MUSI BANYUASIN, SUMATERA SELATAN",1,114,69,183
https://kawalpemilu.org#19171,"TRI MULYA AGUNG, LALAN, MUSI BANYUASIN, SUMATERA SELATAN",2,82,102,184
https://kawalpemilu.org#19171,"TRI MULYA AGUNG, LALAN, MUSI BANYUASIN, SUMATERA SELATAN",3,147,66,213
https://kawalpemilu.org#19171,"TRI MULYA AGUNG, LALAN, MUSI BANYUASIN, SUMATERA SELATAN",4,72,68,140
https://kawalpemilu.org#19171,"TRI MULYA AGUNG, LALAN, MUSI BANYUASIN, SUMATERA SELATAN",5,145,62,207
https://kawalpemilu.org#930040,"MEKAR JAYA, LALAN, MUSI BANYUASIN, SUMATERA SELATAN",1,114,20,134
https://kawalpemilu.org#930040,"MEKAR JAYA, LALAN, MUSI BANYUASIN, SUMATERA SELATAN",2,161,29,190
https://kawalpemilu.org#930040,"MEKAR JAYA, LALAN, MUSI BANYUASIN, SUMATERA SELATAN",3,157,85,242
https://kawalpemilu.org#19098,"PENINGGALAN, TUNGKAL JAYA, MUSI BANYUASIN, SUMATERA SELATAN",1,140,106,246
https://kawalpemilu.org#19098,"PENINGGALAN, TUNGKAL JAYA, MUSI BANYUASIN, SUMATERA SELATAN",2,128,95,223
https://kawalpemilu.org#19098,"PENINGGALAN, TUNGKAL JAYA, MUSI BANYUASIN, SUMATERA SELATAN",3,148,99,247
https://kawalpemilu.org#19098,"PENINGGALAN, TUNGKAL JAYA, MUSI BANYUASIN, SUMATERA SELATAN",4,118,108,226
https://kawalpemilu.org#19098,"PENINGGALAN, TUNGKAL JAYA, MUSI BANYUASIN, SUMATERA SELATAN",5,161,100,261
https://kawalpemilu.org#19098,"PENINGGALAN, TUNGKAL JAYA, MUSI BANYUASIN, SUMATERA SELATAN",6,175,77,252
https://kawalpemilu.org#19098,"PENINGGALAN, TUNGKAL JAYA, MUSI BANYUASIN, SUMATERA SELATAN",7,135,86,221
https://kawalpemilu.org#19098,"PENINGGALAN, TUNGKAL JAYA, MUSI BANYUASIN, SUMATERA SELATAN",8,135,110,245
https://kawalpemilu.org#19098,"PENINGGALAN, TUNGKAL JAYA, MUSI BANYUASIN, SUMATERA SELATAN",9,101,90,191
https://kawalpemilu.org#19098,"PENINGGALAN, TUNGKAL JAYA, MUSI BANYUASIN, SUMATERA SELATAN",10,129,116,245
https://kawalpemilu.org#19098,"PENINGGALAN, TUNGKAL JAYA, MUSI BANYUASIN, SUMATERA SELATAN",11,165,88,253
https://kawalpemilu.org#19098,"PENINGGALAN, TUNGKAL JAYA, MUSI BANYUASIN, SUMATERA SELATAN",12,135,110,245
https://kawalpemilu.org#19099,"PANGKALAN TUNGKAL, TUNGKAL JAYA, MUSI BANYUASIN, SUMATERA SELATAN",1,133,120,253
https://kawalpemilu.org#19099,"PANGKALAN TUNGKAL, TUNGKAL JAYA, MUSI BANYUASIN, SUMATERA SELATAN",2,151,46,197
https://kawalpemilu.org#19099,"PANGKALAN TUNGKAL, TUNGKAL JAYA, MUSI BANYUASIN, SUMATERA SELATAN",3,53,91,144
https://kawalpemilu.org#19099,"PANGKALAN TUNGKAL, TUNGKAL JAYA, MUSI BANYUASIN, SUMATERA SELATAN",4,143,33,176
https://kawalpemilu.org#19099,"PANGKALAN TUNGKAL, TUNGKAL JAYA, MUSI BANYUASIN, SUMATERA SELATAN",5,80,32,112
https://kawalpemilu.org#19099,"PANGKALAN TUNGKAL, TUNGKAL JAYA, MUSI BANYUASIN, SUMATERA SELATAN",6,79,85,164
https://kawalpemilu.org#19100,"SIMPANG TUNGKAL, TUNGKAL JAYA, MUSI BANYUASIN, SUMATERA SELATAN",1,115,76,191
https://kawalpemilu.org#19100,"SIMPANG TUNGKAL, TUNGKAL JAYA, MUSI BANYUASIN, SUMATERA SELATAN",2,65,81,146
https://kawalpemilu.org#19100,"SIMPANG TUNGKAL, TUNGKAL JAYA, MUSI BANYUASIN, SUMATERA SELATAN",3,90,134,224
https://kawalpemilu.org#19100,"SIMPANG TUNGKAL, TUNGKAL JAYA, MUSI BANYUASIN, SUMATERA SELATAN",4,117,119,236
https://kawalpemilu.org#19100,"SIMPANG TUNGKAL, TUNGKAL JAYA, MUSI BANYUASIN, SUMATERA SELATAN",5,90,96,186
https://kawalpemilu.org#19100,"SIMPANG TUNGKAL, TUNGKAL JAYA, MUSI BANYUASIN, SUMATERA SELATAN",6,135,72,207
https://kawalpemilu.org#19100,"SIMPANG TUNGKAL, TUNGKAL JAYA, MUSI BANYUASIN, SUMATERA SELATAN",7,157,81,238
https://kawalpemilu.org#19100,"SIMPANG TUNGKAL, TUNGKAL JAYA, MUSI BANYUASIN, SUMATERA SELATAN",8,166,109,275
https://kawalpemilu.org#19100,"SIMPANG TUNGKAL, TUNGKAL JAYA, MUSI BANYUASIN, SUMATERA SELATAN",9,84,112,196
https://kawalpemilu.org#19100,"SIMPANG TUNGKAL, TUNGKAL JAYA, MUSI BANYUASIN, SUMATERA SELATAN",10,83,60,143
https://kawalpemilu.org#19100,"SIMPANG TUNGKAL, TUNGKAL JAYA, MUSI BANYUASIN, SUMATERA SELATAN",11,116,36,152
https://kawalpemilu.org#19100,"SIMPANG TUNGKAL, TUNGKAL JAYA, MUSI BANYUASIN, SUMATERA SELATAN",12,74,24,98
https://kawalpemilu.org#19100,"SIMPANG TUNGKAL, TUNGKAL JAYA, MUSI BANYUASIN, SUMATERA SELATAN",13,245,27,272
https://kawalpemilu.org#19100,"SIMPANG TUNGKAL, TUNGKAL JAYA, MUSI BANYUASIN, SUMATERA SELATAN",14,134,132,266
https://kawalpemilu.org#19100,"SIMPANG TUNGKAL, TUNGKAL JAYA, MUSI BANYUASIN, SUMATERA SELATAN",15,214,32,246
https://kawalpemilu.org#19100,"SIMPANG TUNGKAL, TUNGKAL JAYA, MUSI BANYUASIN, SUMATERA SELATAN",16,193,79,272
https://kawalpemilu.org#19112,"SUMBER HARUM, TUNGKAL JAYA, MUSI BANYUASIN, SUMATERA SELATAN",1,126,106,232
https://kawalpemilu.org#19112,"SUMBER HARUM, TUNGKAL JAYA, MUSI BANYUASIN, SUMATERA SELATAN",2,140,86,226
https://kawalpemilu.org#19112,"SUMBER HARUM, TUNGKAL JAYA, MUSI BANYUASIN, SUMATERA SELATAN",3,157,80,237
https://kawalpemilu.org#19112,"SUMBER HARUM, TUNGKAL JAYA, MUSI BANYUASIN, SUMATERA SELATAN",4,173,59,232
https://kawalpemilu.org#19112,"SUMBER HARUM, TUNGKAL JAYA, MUSI BANYUASIN, SUMATERA SELATAN",5,152,76,228
https://kawalpemilu.org#19112,"SUMBER HARUM, TUNGKAL JAYA, MUSI BANYUASIN, SUMATERA SELATAN",6,182,64,246
https://kawalpemilu.org#19112,"SUMBER HARUM, TUNGKAL JAYA, MUSI BANYUASIN, SUMATERA SELATAN",7,168,68,236
https://kawalpemilu.org#19112,"SUMBER HARUM, TUNGKAL JAYA, MUSI BANYUASIN, SUMATERA SELATAN",8,181,60,241
https://kawalpemilu.org#19113,"BERLIAN JAYA, TUNGKAL JAYA, MUSI BANYUASIN, SUMATERA SELATAN",1,113,98,211
https://kawalpemilu.org#19113,"BERLIAN JAYA, TUNGKAL JAYA, MUSI BANYUASIN, SUMATERA SELATAN",2,98,134,232
https://kawalpemilu.org#19113,"BERLIAN JAYA, TUNGKAL JAYA, MUSI BANYUASIN, SUMATERA SELATAN",3,102,107,209
https://kawalpemilu.org#19113,"BERLIAN JAYA, TUNGKAL JAYA, MUSI BANYUASIN, SUMATERA SELATAN",4,134,104,238
https://kawalpemilu.org#19113,"BERLIAN JAYA, TUNGKAL JAYA, MUSI BANYUASIN, SUMATERA SELATAN",5,134,106,240
https://kawalpemilu.org#19113,"BERLIAN JAYA, TUNGKAL JAYA, MUSI BANYUASIN, SUMATERA SELATAN",6,165,83,248
https://kawalpemilu.org#19113,"BERLIAN JAYA, TUNGKAL JAYA, MUSI BANYUASIN, SUMATERA SELATAN",7,122,105,227
https://kawalpemilu.org#19114,"BEJI MULYO, TUNGKAL JAYA, MUSI BANYUASIN, SUMATERA SELATAN",1,186,60,246
https://kawalpemilu.org#19114,"BEJI MULYO, TUNGKAL JAYA, MUSI BANYUASIN, SUMATERA SELATAN",2,184,61,245
https://kawalpemilu.org#19114,"BEJI MULYO, TUNGKAL JAYA, MUSI BANYUASIN, SUMATERA SELATAN",3,229,41,270
https://kawalpemilu.org#19114,"BEJI MULYO, TUNGKAL JAYA, MUSI BANYUASIN, SUMATERA SELATAN",4,206,49,255
https://kawalpemilu.org#19114,"BEJI MULYO, TUNGKAL JAYA, MUSI BANYUASIN, SUMATERA SELATAN",5,204,24,228
https://kawalpemilu.org#19114,"BEJI MULYO, TUNGKAL JAYA, MUSI BANYUASIN, SUMATERA SELATAN",6,193,54,247
https://kawalpemilu.org#19114,"BEJI MULYO, TUNGKAL JAYA, MUSI BANYUASIN, SUMATERA SELATAN",7,243,37,280
https://kawalpemilu.org#19114,"BEJI MULYO, TUNGKAL JAYA, MUSI BANYUASIN, SUMATERA SELATAN",8,213,40,253
https://kawalpemilu.org#19114,"BEJI MULYO, TUNGKAL JAYA, MUSI BANYUASIN, SUMATERA SELATAN",9,211,35,246
https://kawalpemilu.org#19114,"BEJI MULYO, TUNGKAL JAYA, MUSI BANYUASIN, SUMATERA SELATAN",10,224,28,252
https://kawalpemilu.org#19115,"BERO JAYA TIMUR, TUNGKAL JAYA, MUSI BANYUASIN, SUMATERA SELATAN",1,217,36,253
https://kawalpemilu.org#19115,"BERO JAYA TIMUR, TUNGKAL JAYA, MUSI BANYUASIN, SUMATERA SELATAN",2,195,37,232
https://kawalpemilu.org#19115,"BERO JAYA TIMUR, TUNGKAL JAYA, MUSI BANYUASIN, SUMATERA SELATAN",3,216,39,255
https://kawalpemilu.org#19115,"BERO JAYA TIMUR, TUNGKAL JAYA, MUSI BANYUASIN, SUMATERA SELATAN",4,243,39,282
https://kawalpemilu.org#19115,"BERO JAYA TIMUR, TUNGKAL JAYA, MUSI BANYUASIN, SUMATERA SELATAN",5,214,37,251
https://kawalpemilu.org#19115,"BERO JAYA TIMUR, TUNGKAL JAYA, MUSI BANYUASIN, SUMATERA SELATAN",6,194,51,245
https://kawalpemilu.org#19115,"BERO JAYA TIMUR, TUNGKAL JAYA, MUSI BANYUASIN, SUMATERA SELATAN",7,206,45,251
https://kawalpemilu.org#19115,"BERO JAYA TIMUR, TUNGKAL JAYA, MUSI BANYUASIN, SUMATERA SELATAN",8,207,52,259
https://kawalpemilu.org#19115,"BERO JAYA TIMUR, TUNGKAL JAYA, MUSI BANYUASIN, SUMATERA SELATAN",9,219,22,241
https://kawalpemilu.org#19115,"BERO JAYA TIMUR, TUNGKAL JAYA, MUSI BANYUASIN, SUMATERA SELATAN",10,236,12,248
https://kawalpemilu.org#19115,"BERO JAYA TIMUR, TUNGKAL JAYA, MUSI BANYUASIN, SUMATERA SELATAN",11,237,17,254
https://kawalpemilu.org#19116,"MARGO MULYO, TUNGKAL JAYA, MUSI BANYUASIN, SUMATERA SELATAN",1,199,43,242
https://kawalpemilu.org#19116,"MARGO MULYO, TUNGKAL JAYA, MUSI BANYUASIN, SUMATERA SELATAN",2,230,31,261
https://kawalpemilu.org#19116,"MARGO MULYO, TUNGKAL JAYA, MUSI BANYUASIN, SUMATERA SELATAN",3,196,44,240
https://kawalpemilu.org#19116,"MARGO MULYO, TUNGKAL JAYA, MUSI BANYUASIN, SUMATERA SELATAN",4,190,56,246
https://kawalpemilu.org#19116,"MARGO MULYO, TUNGKAL JAYA, MUSI BANYUASIN, SUMATERA SELATAN",5,197,67,264
https://kawalpemilu.org#19116,"MARGO MULYO, TUNGKAL JAYA, MUSI BANYUASIN, SUMATERA SELATAN",6,230,31,261
https://kawalpemilu.org#19116,"MARGO MULYO, TUNGKAL JAYA, MUSI BANYUASIN, SUMATERA SELATAN",7,185,58,243
https://kawalpemilu.org#19118,"PANDAN SARI, TUNGKAL JAYA, MUSI BANYUASIN, SUMATERA SELATAN",1,140,102,242
https://kawalpemilu.org#19118,"PANDAN SARI, TUNGKAL JAYA, MUSI BANYUASIN, SUMATERA SELATAN",2,144,110,254
https://kawalpemilu.org#19118,"PANDAN SARI, TUNGKAL JAYA, MUSI BANYUASIN, SUMATERA SELATAN",3,186,36,222
https://kawalpemilu.org#19118,"PANDAN SARI, TUNGKAL JAYA, MUSI BANYUASIN, SUMATERA SELATAN",4,177,78,255
https://kawalpemilu.org#19118,"PANDAN SARI, TUNGKAL JAYA, MUSI BANYUASIN, SUMATERA SELATAN",5,149,98,247
https://kawalpemilu.org#19119,"SUMBER SARI, TUNGKAL JAYA, MUSI BANYUASIN, SUMATERA SELATAN",1,152,90,242
https://kawalpemilu.org#19119,"SUMBER SARI, TUNGKAL JAYA, MUSI BANYUASIN, SUMATERA SELATAN",2,133,111,244
https://kawalpemilu.org#19119,"SUMBER SARI, TUNGKAL JAYA, MUSI BANYUASIN, SUMATERA SELATAN",3,135,100,235
https://kawalpemilu.org#19119,"SUMBER SARI, TUNGKAL JAYA, MUSI BANYUASIN, SUMATERA SELATAN",4,126,113,239
https://kawalpemilu.org#19119,"SUMBER SARI, TUNGKAL JAYA, MUSI BANYUASIN, SUMATERA SELATAN",5,194,47,241
https://kawalpemilu.org#19119,"SUMBER SARI, TUNGKAL JAYA, MUSI BANYUASIN, SUMATERA SELATAN",6,205,38,243
https://kawalpemilu.org#19119,"SUMBER SARI, TUNGKAL JAYA, MUSI BANYUASIN, SUMATERA SELATAN",7,183,51,234
https://kawalpemilu.org#19124,"SINAR HARAPAN, TUNGKAL JAYA, MUSI BANYUASIN, SUMATERA SELATAN",1,123,94,217
https://kawalpemilu.org#19124,"SINAR HARAPAN, TUNGKAL JAYA, MUSI BANYUASIN, SUMATERA SELATAN",2,138,62,200
https://kawalpemilu.org#19124,"SINAR HARAPAN, TUNGKAL JAYA, MUSI BANYUASIN, SUMATERA SELATAN",3,171,53,224
https://kawalpemilu.org#19124,"SINAR HARAPAN, TUNGKAL JAYA, MUSI BANYUASIN, SUMATERA SELATAN",4,146,39,185
https://kawalpemilu.org#19124,"SINAR HARAPAN, TUNGKAL JAYA, MUSI BANYUASIN, SUMATERA SELATAN",5,130,100,230
https://kawalpemilu.org#19125,"SRI MULYO, TUNGKAL JAYA, MUSI BANYUASIN, SUMATERA SELATAN",1,101,100,201
https://kawalpemilu.org#19125,"SRI MULYO, TUNGKAL JAYA, MUSI BANYUASIN, SUMATERA SELATAN",2,82,157,239
https://kawalpemilu.org#19125,"SRI MULYO, TUNGKAL JAYA, MUSI BANYUASIN, SUMATERA SELATAN",3,136,90,226
https://kawalpemilu.org#19125,"SRI MULYO, TUNGKAL JAYA, MUSI BANYUASIN, SUMATERA SELATAN",4,120,84,202
https://kawalpemilu.org#19125,"SRI MULYO, TUNGKAL JAYA, MUSI BANYUASIN, SUMATERA SELATAN",5,100,99,199
https://kawalpemilu.org#19125,"SRI MULYO, TUNGKAL JAYA, MUSI BANYUASIN, SUMATERA SELATAN",6,126,111,237
https://kawalpemilu.org#19125,"SRI MULYO, TUNGKAL JAYA, MUSI BANYUASIN, SUMATERA SELATAN",7,131,92,223
https://kawalpemilu.org#19126,"BANJAR JAYA, TUNGKAL JAYA, MUSI BANYUASIN, SUMATERA SELATAN",1,121,93,214
https://kawalpemilu.org#19126,"BANJAR JAYA, TUNGKAL JAYA, MUSI BANYUASIN, SUMATERA SELATAN",2,162,59,221
https://kawalpemilu.org#19126,"BANJAR JAYA, TUNGKAL JAYA, MUSI BANYUASIN, SUMATERA SELATAN",3,33,186,219
https://kawalpemilu.org#19126,"BANJAR JAYA, TUNGKAL JAYA, MUSI BANYUASIN, SUMATERA SELATAN",4,108,105,213
https://kawalpemilu.org#19126,"BANJAR JAYA, TUNGKAL JAYA, MUSI BANYUASIN, SUMATERA SELATAN",5,104,121,225
https://kawalpemilu.org#19126,"BANJAR JAYA, TUNGKAL JAYA, MUSI BANYUASIN, SUMATERA SELATAN",6,103,95,198
https://kawalpemilu.org#19126,"BANJAR JAYA, TUNGKAL JAYA, MUSI BANYUASIN, SUMATERA SELATAN",7,125,100,225
https://kawalpemilu.org#84693,"SINAR TUNGKAL, TUNGKAL JAYA, MUSI BANYUASIN, SUMATERA SELATAN",1,62,109,171
https://kawalpemilu.org#84693,"SINAR TUNGKAL, TUNGKAL JAYA, MUSI BANYUASIN, SUMATERA SELATAN",2,76,164,240
https://kawalpemilu.org#84693,"SINAR TUNGKAL, TUNGKAL JAYA, MUSI BANYUASIN, SUMATERA SELATAN",3,96,166,262
https://kawalpemilu.org#84693,"SINAR TUNGKAL, TUNGKAL JAYA, MUSI BANYUASIN, SUMATERA SELATAN",4,50,51,101
https://kawalpemilu.org#84693,"SINAR TUNGKAL, TUNGKAL JAYA, MUSI BANYUASIN, SUMATERA SELATAN",5,20,27,47
https://kawalpemilu.org#89459,"SUKA DAMAI, TUNGKAL JAYA, MUSI BANYUASIN, SUMATERA SELATAN",1,49,189,238
https://kawalpemilu.org#89459,"SUKA DAMAI, TUNGKAL JAYA, MUSI BANYUASIN, SUMATERA SELATAN",2,58,204,262
https://kawalpemilu.org#89459,"SUKA DAMAI, TUNGKAL JAYA, MUSI BANYUASIN, SUMATERA SELATAN",3,35,154,189
https://kawalpemilu.org#89459,"SUKA DAMAI, TUNGKAL JAYA, MUSI BANYUASIN, SUMATERA SELATAN",4,137,80,223
https://kawalpemilu.org#89459,"SUKA DAMAI, TUNGKAL JAYA, MUSI BANYUASIN, SUMATERA SELATAN",5,93,75,168
https://kawalpemilu.org#89459,"SUKA DAMAI, TUNGKAL JAYA, MUSI BANYUASIN, SUMATERA SELATAN",6,79,133,212
https://kawalpemilu.org#89459,"SUKA DAMAI, TUNGKAL JAYA, MUSI BANYUASIN, SUMATERA SELATAN",7,108,97,205
https://kawalpemilu.org#89459,"SUKA DAMAI, TUNGKAL JAYA, MUSI BANYUASIN, SUMATERA SELATAN",8,177,24,201
https://kawalpemilu.org#89459,"SUKA DAMAI, TUNGKAL JAYA, MUSI BANYUASIN, SUMATERA SELATAN",9,159,20,179
https://kawalpemilu.org#89459,"SUKA DAMAI, TUNGKAL JAYA, MUSI BANYUASIN, SUMATERA SELATAN",10,281,6,287
https://kawalpemilu.org#89459,"SUKA DAMAI, TUNGKAL JAYA, MUSI BANYUASIN, SUMATERA SELATAN",11,239,17,256
https://kawalpemilu.org#89459,"SUKA DAMAI, TUNGKAL JAYA, MUSI BANYUASIN, SUMATERA SELATAN",12,230,25,255
https://kawalpemilu.org#89459,"SUKA DAMAI, TUNGKAL JAYA, MUSI BANYUASIN, SUMATERA SELATAN",13,209,15,224
https://kawalpemilu.org#89459,"SUKA DAMAI, TUNGKAL JAYA, MUSI BANYUASIN, SUMATERA SELATAN",14,251,9,260
https://kawalpemilu.org#89459,"SUKA DAMAI, TUNGKAL JAYA, MUSI BANYUASIN, SUMATERA SELATAN",15,234,5,239
https://kawalpemilu.org#89459,"SUKA DAMAI, TUNGKAL JAYA, MUSI BANYUASIN, SUMATERA SELATAN",16,180,2,182
https://kawalpemilu.org#89459,"SUKA DAMAI, TUNGKAL JAYA, MUSI BANYUASIN, SUMATERA SELATAN",17,214,9,223
https://kawalpemilu.org#89460,"SIDO MULYO, TUNGKAL JAYA, MUSI BANYUASIN, SUMATERA SELATAN",1,123,67,190
https://kawalpemilu.org#89460,"SIDO MULYO, TUNGKAL JAYA, MUSI BANYUASIN, SUMATERA SELATAN",2,124,53,177
https://kawalpemilu.org#89460,"SIDO MULYO, TUNGKAL JAYA, MUSI BANYUASIN, SUMATERA SELATAN",3,107,85,192
https://kawalpemilu.org#89460,"SIDO MULYO, TUNGKAL JAYA, MUSI BANYUASIN, SUMATERA SELATAN",4,150,68,218
https://kawalpemilu.org#19035,"ULAK PACEH, LAWANG WETAN, MUSI BANYUASIN, SUMATERA SELATAN",1,49,139,188
https://kawalpemilu.org#19035,"ULAK PACEH, LAWANG WETAN, MUSI BANYUASIN, SUMATERA SELATAN",2,22,124,146
https://kawalpemilu.org#19035,"ULAK PACEH, LAWANG WETAN, MUSI BANYUASIN, SUMATERA SELATAN",3,25,103,128
https://kawalpemilu.org#19035,"ULAK PACEH, LAWANG WETAN, MUSI BANYUASIN, SUMATERA SELATAN",4,22,139,161
https://kawalpemilu.org#19035,"ULAK PACEH, LAWANG WETAN, MUSI BANYUASIN, SUMATERA SELATAN",5,11,108,119
https://kawalpemilu.org#19035,"ULAK PACEH, LAWANG WETAN, MUSI BANYUASIN, SUMATERA SELATAN",6,20,181,201
https://kawalpemilu.org#19035,"ULAK PACEH, LAWANG WETAN, MUSI BANYUASIN, SUMATERA SELATAN",7,27,188,215
https://kawalpemilu.org#19035,"ULAK PACEH, LAWANG WETAN, MUSI BANYUASIN, SUMATERA SELATAN",8,29,167,196
https://kawalpemilu.org#19035,"ULAK PACEH, LAWANG WETAN, MUSI BANYUASIN, SUMATERA SELATAN",9,32,152,184
https://kawalpemilu.org#19035,"ULAK PACEH, LAWANG WETAN, MUSI BANYUASIN, SUMATERA SELATAN",10,37,167,204
https://kawalpemilu.org#19035,"ULAK PACEH, LAWANG WETAN, MUSI BANYUASIN, SUMATERA SELATAN",11,14,61,75
https://kawalpemilu.org#19035,"ULAK PACEH, LAWANG WETAN, MUSI BANYUASIN, SUMATERA SELATAN",12,25,132,157
https://kawalpemilu.org#19039,"ULAK TEBERAU, LAWANG WETAN, MUSI BANYUASIN, SUMATERA SELATAN",1,65,138,203
https://kawalpemilu.org#19039,"ULAK TEBERAU, LAWANG WETAN, MUSI BANYUASIN, SUMATERA SELATAN",2,53,129,182
https://kawalpemilu.org#19039,"ULAK TEBERAU, LAWANG WETAN, MUSI BANYUASIN, SUMATERA SELATAN",3,74,145,219
https://kawalpemilu.org#19039,"ULAK TEBERAU, LAWANG WETAN, MUSI BANYUASIN, SUMATERA SELATAN",4,70,158,228
https://kawalpemilu.org#19039,"ULAK TEBERAU, LAWANG WETAN, MUSI BANYUASIN, SUMATERA SELATAN",5,62,121,183
https://kawalpemilu.org#19039,"ULAK TEBERAU, LAWANG WETAN, MUSI BANYUASIN, SUMATERA SELATAN",6,41,85,126
https://kawalpemilu.org#19039,"ULAK TEBERAU, LAWANG WETAN, MUSI BANYUASIN, SUMATERA SELATAN",7,30,148,178
https://kawalpemilu.org#19039,"ULAK TEBERAU, LAWANG WETAN, MUSI BANYUASIN, SUMATERA SELATAN",8,37,153,190
https://kawalpemilu.org#19040,"KARANG RINGIN I, LAWANG WETAN, MUSI BANYUASIN, SUMATERA SELATAN",1,21,90,111
https://kawalpemilu.org#19040,"KARANG RINGIN I, LAWANG WETAN, MUSI BANYUASIN, SUMATERA SELATAN",2,59,179,238
https://kawalpemilu.org#19040,"KARANG RINGIN I, LAWANG WETAN, MUSI BANYUASIN, SUMATERA SELATAN",3,23,115,138
https://kawalpemilu.org#19040,"KARANG RINGIN I, LAWANG WETAN, MUSI BANYUASIN, SUMATERA SELATAN",4,22,132,154
https://kawalpemilu.org#19040,"KARANG RINGIN I, LAWANG WETAN, MUSI BANYUASIN, SUMATERA SELATAN",5,10,53,63
https://kawalpemilu.org#19041,"KARANG RINGIN II, LAWANG WETAN, MUSI BANYUASIN, SUMATERA SELATAN",1,50,138,188
https://kawalpemilu.org#19041,"KARANG RINGIN II, LAWANG WETAN, MUSI BANYUASIN, SUMATERA SELATAN",2,31,56,87
https://kawalpemilu.org#19041,"KARANG RINGIN II, LAWANG WETAN, MUSI BANYUASIN, SUMATERA SELATAN",3,37,75,112
https://kawalpemilu.org#19041,"KARANG RINGIN II, LAWANG WETAN, MUSI BANYUASIN, SUMATERA SELATAN",4,54,83,137
https://kawalpemilu.org#19041,"KARANG RINGIN II, LAWANG WETAN, MUSI BANYUASIN, SUMATERA SELATAN",5,62,69,131
https://kawalpemilu.org#19042,"RANTAU KASIH, LAWANG WETAN, MUSI BANYUASIN, SUMATERA SELATAN",1,28,103,131
https://kawalpemilu.org#19042,"RANTAU KASIH, LAWANG WETAN, MUSI BANYUASIN, SUMATERA SELATAN",2,24,153,177
https://kawalpemilu.org#19042,"RANTAU KASIH, LAWANG WETAN, MUSI BANYUASIN, SUMATERA SELATAN",3,36,174,210
https://kawalpemilu.org#19042,"RANTAU KASIH, LAWANG WETAN, MUSI BANYUASIN, SUMATERA SELATAN",4,58,129,187
https://kawalpemilu.org#19042,"RANTAU KASIH, LAWANG WETAN, MUSI BANYUASIN, SUMATERA SELATAN",5,81,121,202
https://kawalpemilu.org#19043,"NAPAL, LAWANG WETAN, MUSI BANYUASIN, SUMATERA SELATAN",1,59,126,185
https://kawalpemilu.org#19043,"NAPAL, LAWANG WETAN, MUSI BANYUASIN, SUMATERA SELATAN",2,20,26,46
https://kawalpemilu.org#19043,"NAPAL, LAWANG WETAN, MUSI BANYUASIN, SUMATERA SELATAN",3,59,160,219
https://kawalpemilu.org#19044,"TANJUNG DURIAN, LAWANG WETAN, MUSI BANYUASIN, SUMATERA SELATAN",1,41,155,196
https://kawalpemilu.org#19044,"TANJUNG DURIAN, LAWANG WETAN, MUSI BANYUASIN, SUMATERA SELATAN",2,35,149,184
https://kawalpemilu.org#19044,"TANJUNG DURIAN, LAWANG WETAN, MUSI BANYUASIN, SUMATERA SELATAN",3,28,58,86
https://kawalpemilu.org#19045,"ULAK PACEH JAYA, LAWANG WETAN, MUSI BANYUASIN, SUMATERA SELATAN",1,31,147,178
https://kawalpemilu.org#19045,"ULAK PACEH JAYA, LAWANG WETAN, MUSI BANYUASIN, SUMATERA SELATAN",2,22,153,175
https://kawalpemilu.org#19045,"ULAK PACEH JAYA, LAWANG WETAN, MUSI BANYUASIN, SUMATERA SELATAN",3,19,157,176
https://kawalpemilu.org#19045,"ULAK PACEH JAYA, LAWANG WETAN, MUSI BANYUASIN, SUMATERA SELATAN",4,17,146,163
https://kawalpemilu.org#19045,"ULAK PACEH JAYA, LAWANG WETAN, MUSI BANYUASIN, SUMATERA SELATAN",5,20,142,162
https://kawalpemilu.org#19045,"ULAK PACEH JAYA, LAWANG WETAN, MUSI BANYUASIN, SUMATERA SELATAN",6,10,149,159
https://kawalpemilu.org#19045,"ULAK PACEH JAYA, LAWANG WETAN, MUSI BANYUASIN, SUMATERA SELATAN",7,24,172,196
https://kawalpemilu.org#19045,"ULAK PACEH JAYA, LAWANG WETAN, MUSI BANYUASIN, SUMATERA SELATAN",8,29,147,176
https://kawalpemilu.org#19045,"ULAK PACEH JAYA, LAWANG WETAN, MUSI BANYUASIN, SUMATERA SELATAN",9,48,159,207
https://kawalpemilu.org#19045,"ULAK PACEH JAYA, LAWANG WETAN, MUSI BANYUASIN, SUMATERA SELATAN",10,34,157,191
https://kawalpemilu.org#19045,"ULAK PACEH JAYA, LAWANG WETAN, MUSI BANYUASIN, SUMATERA SELATAN",11,39,207,246
https://kawalpemilu.org#19046,"BUMI AYU, LAWANG WETAN, MUSI BANYUASIN, SUMATERA SELATAN",1,37,217,254
https://kawalpemilu.org#19046,"BUMI AYU, LAWANG WETAN, MUSI BANYUASIN, SUMATERA SELATAN",2,29,175,204
https://kawalpemilu.org#19046,"BUMI AYU, LAWANG WETAN, MUSI BANYUASIN, SUMATERA SELATAN",3,12,187,199
https://kawalpemilu.org#19046,"BUMI AYU, LAWANG WETAN, MUSI BANYUASIN, SUMATERA SELATAN",4,18,191,209
https://kawalpemilu.org#19046,"BUMI AYU, LAWANG WETAN, MUSI BANYUASIN, SUMATERA SELATAN",5,80,126,206
https://kawalpemilu.org#19047,"KARANG WARU, LAWANG WETAN, MUSI BANYUASIN, SUMATERA SELATAN",1,30,167,197
https://kawalpemilu.org#19047,"KARANG WARU, LAWANG WETAN, MUSI BANYUASIN, SUMATERA SELATAN",2,46,152,198
https://kawalpemilu.org#19047,"KARANG WARU, LAWANG WETAN, MUSI BANYUASIN, SUMATERA SELATAN",3,57,160,217
https://kawalpemilu.org#19048,"KARANG ANYAR, LAWANG WETAN, MUSI BANYUASIN, SUMATERA SELATAN",1,49,172,221
https://kawalpemilu.org#19048,"KARANG ANYAR, LAWANG WETAN, MUSI BANYUASIN, SUMATERA SELATAN",2,35,208,243
https://kawalpemilu.org#19048,"KARANG ANYAR, LAWANG WETAN, MUSI BANYUASIN, SUMATERA SELATAN",3,37,209,246
https://kawalpemilu.org#19048,"KARANG ANYAR, LAWANG WETAN, MUSI BANYUASIN, SUMATERA SELATAN",4,30,193,223
https://kawalpemilu.org#19049,"RANTAU PANJANG, LAWANG WETAN, MUSI BANYUASIN, SUMATERA SELATAN",1,91,168,259
https://kawalpemilu.org#19049,"RANTAU PANJANG, LAWANG WETAN, MUSI BANYUASIN, SUMATERA SELATAN",2,38,143,181
https://kawalpemilu.org#19049,"RANTAU PANJANG, LAWANG WETAN, MUSI BANYUASIN, SUMATERA SELATAN",3,43,183,226
https://kawalpemilu.org#19049,"RANTAU PANJANG, LAWANG WETAN, MUSI BANYUASIN, SUMATERA SELATAN",4,15,244,259
https://kawalpemilu.org#19049,"RANTAU PANJANG, LAWANG WETAN, MUSI BANYUASIN, SUMATERA SELATAN",5,54,206,260
https://kawalpemilu.org#19049,"RANTAU PANJANG, LAWANG WETAN, MUSI BANYUASIN, SUMATERA SELATAN",6,26,240,266
https://kawalpemilu.org#19049,"RANTAU PANJANG, LAWANG WETAN, MUSI BANYUASIN, SUMATERA SELATAN",7,16,105,121
https://kawalpemilu.org#19050,"SIMPANG SARI, LAWANG WETAN, MUSI BANYUASIN, SUMATERA SELATAN",1,27,151,178
https://kawalpemilu.org#19050,"SIMPANG SARI, LAWANG WETAN, MUSI BANYUASIN, SUMATERA SELATAN",2,32,99,131
https://kawalpemilu.org#19050,"SIMPANG SARI, LAWANG WETAN, MUSI BANYUASIN, SUMATERA SELATAN",3,36,137,173
https://kawalpemilu.org#19050,"SIMPANG SARI, LAWANG WETAN, MUSI BANYUASIN, SUMATERA SELATAN",4,31,162,193
https://kawalpemilu.org#19050,"SIMPANG SARI, LAWANG WETAN, MUSI BANYUASIN, SUMATERA SELATAN",5,24,102,126
https://kawalpemilu.org#19053,"TALANG PIASE, LAWANG WETAN, MUSI BANYUASIN, SUMATERA SELATAN",1,67,196,263
https://kawalpemilu.org#19053,"TALANG PIASE, LAWANG WETAN, MUSI BANYUASIN, SUMATERA SELATAN",2,25,169,194
https://kawalpemilu.org#19053,"TALANG PIASE, LAWANG WETAN, MUSI BANYUASIN, SUMATERA SELATAN",3,56,186,242
https://kawalpemilu.org#19053,"TALANG PIASE, LAWANG WETAN, MUSI BANYUASIN, SUMATERA SELATAN",4,62,202,264
https://kawalpemilu.org#19054,"PANDAN DULANG, LAWANG WETAN, MUSI BANYUASIN, SUMATERA SELATAN",1,60,68,128
https://kawalpemilu.org#19054,"PANDAN DULANG, LAWANG WETAN, MUSI BANYUASIN, SUMATERA SELATAN",2,74,172,246
https://kawalpemilu.org#19054,"PANDAN DULANG, LAWANG WETAN, MUSI BANYUASIN, SUMATERA SELATAN",3,58,70,128
https://kawalpemilu.org#19054,"PANDAN DULANG, LAWANG WETAN, MUSI BANYUASIN, SUMATERA SELATAN",4,38,122,160
https://kawalpemilu.org#19054,"PANDAN DULANG, LAWANG WETAN, MUSI BANYUASIN, SUMATERA SELATAN",5,21,55,76
https://kawalpemilu.org#19058,"TANJUNG KERANG, BABAT SUPAT, MUSI BANYUASIN, SUMATERA SELATAN",1,49,123,172
https://kawalpemilu.org#19058,"TANJUNG KERANG, BABAT SUPAT, MUSI BANYUASIN, SUMATERA SELATAN",2,49,106,155
https://kawalpemilu.org#19058,"TANJUNG KERANG, BABAT SUPAT, MUSI BANYUASIN, SUMATERA SELATAN",3,45,135,180
https://kawalpemilu.org#19058,"TANJUNG KERANG, BABAT SUPAT, MUSI BANYUASIN, SUMATERA SELATAN",4,41,159,200
https://kawalpemilu.org#19058,"TANJUNG KERANG, BABAT SUPAT, MUSI BANYUASIN, SUMATERA SELATAN",5,52,107,159
https://kawalpemilu.org#19058,"TANJUNG KERANG, BABAT SUPAT, MUSI BANYUASIN, SUMATERA SELATAN",6,76,137,213
https://kawalpemilu.org#19058,"TANJUNG KERANG, BABAT SUPAT, MUSI BANYUASIN, SUMATERA SELATAN",7,111,59,170
https://kawalpemilu.org#19058,"TANJUNG KERANG, BABAT SUPAT, MUSI BANYUASIN, SUMATERA SELATAN",8,114,48,162
https://kawalpemilu.org#19058,"TANJUNG KERANG, BABAT SUPAT, MUSI BANYUASIN, SUMATERA SELATAN",9,88,59,147
https://kawalpemilu.org#19058,"TANJUNG KERANG, BABAT SUPAT, MUSI BANYUASIN, SUMATERA SELATAN",10,114,40,154
https://kawalpemilu.org#19058,"TANJUNG KERANG, BABAT SUPAT, MUSI BANYUASIN, SUMATERA SELATAN",11,50,140,190
https://kawalpemilu.org#19058,"TANJUNG KERANG, BABAT SUPAT, MUSI BANYUASIN, SUMATERA SELATAN",12,45,113,158
https://kawalpemilu.org#19058,"TANJUNG KERANG, BABAT SUPAT, MUSI BANYUASIN, SUMATERA SELATAN",13,34,144,178
https://kawalpemilu.org#19058,"TANJUNG KERANG, BABAT SUPAT, MUSI BANYUASIN, SUMATERA SELATAN",14,27,109,136
https://kawalpemilu.org#19058,"TANJUNG KERANG, BABAT SUPAT, MUSI BANYUASIN, SUMATERA SELATAN",15,69,113,182
https://kawalpemilu.org#19059,"BABAT BANYUASIN, BABAT SUPAT, MUSI BANYUASIN, SUMATERA SELATAN",1,55,189,244
https://kawalpemilu.org#19059,"BABAT BANYUASIN, BABAT SUPAT, MUSI BANYUASIN, SUMATERA SELATAN",2,38,194,232
https://kawalpemilu.org#19059,"BABAT BANYUASIN, BABAT SUPAT, MUSI BANYUASIN, SUMATERA SELATAN",3,42,176,218
https://kawalpemilu.org#19059,"BABAT BANYUASIN, BABAT SUPAT, MUSI BANYUASIN, SUMATERA SELATAN",4,39,180,219
https://kawalpemilu.org#19059,"BABAT BANYUASIN, BABAT SUPAT, MUSI BANYUASIN, SUMATERA SELATAN",5,28,211,239
https://kawalpemilu.org#19059,"BABAT BANYUASIN, BABAT SUPAT, MUSI BANYUASIN, SUMATERA SELATAN",6,61,164,225
https://kawalpemilu.org#19059,"BABAT BANYUASIN, BABAT SUPAT, MUSI BANYUASIN, SUMATERA SELATAN",7,21,96,117
https://kawalpemilu.org#19059,"BABAT BANYUASIN, BABAT SUPAT, MUSI BANYUASIN, SUMATERA SELATAN",8,64,194,258
https://kawalpemilu.org#19059,"BABAT BANYUASIN, BABAT SUPAT, MUSI BANYUASIN, SUMATERA SELATAN",9,63,183,246
https://kawalpemilu.org#19059,"BABAT BANYUASIN, BABAT SUPAT, MUSI BANYUASIN, SUMATERA SELATAN",10,17,180,197
https://kawalpemilu.org#19059,"BABAT BANYUASIN, BABAT SUPAT, MUSI BANYUASIN, SUMATERA SELATAN",11,42,120,162
https://kawalpemilu.org#19059,"BABAT BANYUASIN, BABAT SUPAT, MUSI BANYUASIN, SUMATERA SELATAN",12,29,135,164
https://kawalpemilu.org#19059,"BABAT BANYUASIN, BABAT SUPAT, MUSI BANYUASIN, SUMATERA SELATAN",13,49,161,210
https://kawalpemilu.org#19059,"BABAT BANYUASIN, BABAT SUPAT, MUSI BANYUASIN, SUMATERA SELATAN",14,31,140,171
https://kawalpemilu.org#19061,"LETANG, BABAT SUPAT, MUSI BANYUASIN, SUMATERA SELATAN",1,49,215,264
https://kawalpemilu.org#19061,"LETANG, BABAT SUPAT, MUSI BANYUASIN, SUMATERA SELATAN",2,78,141,219
https://kawalpemilu.org#19061,"LETANG, BABAT SUPAT, MUSI BANYUASIN, SUMATERA SELATAN",3,90,142,232
https://kawalpemilu.org#19061,"LETANG, BABAT SUPAT, MUSI BANYUASIN, SUMATERA SELATAN",4,129,85,214
https://kawalpemilu.org#19061,"LETANG, BABAT SUPAT, MUSI BANYUASIN, SUMATERA SELATAN",5,68,182,250
https://kawalpemilu.org#19061,"LETANG, BABAT SUPAT, MUSI BANYUASIN, SUMATERA SELATAN",6,58,156,214
https://kawalpemilu.org#19061,"LETANG, BABAT SUPAT, MUSI BANYUASIN, SUMATERA SELATAN",7,66,161,227
https://kawalpemilu.org#19062,"SUPAT, BABAT SUPAT, MUSI BANYUASIN, SUMATERA SELATAN",1,35,155,190
https://kawalpemilu.org#19062,"SUPAT, BABAT SUPAT, MUSI BANYUASIN, SUMATERA SELATAN",2,54,83,137
https://kawalpemilu.org#19062,"SUPAT, BABAT SUPAT, MUSI BANYUASIN, SUMATERA SELATAN",3,50,130,180
https://kawalpemilu.org#19062,"SUPAT, BABAT SUPAT, MUSI BANYUASIN, SUMATERA SELATAN",4,46,118,164
https://kawalpemilu.org#19062,"SUPAT, BABAT SUPAT, MUSI BANYUASIN, SUMATERA SELATAN",5,42,111,153
https://kawalpemilu.org#19062,"SUPAT, BABAT SUPAT, MUSI BANYUASIN, SUMATERA SELATAN",6,26,117,143
https://kawalpemilu.org#19062,"SUPAT, BABAT SUPAT, MUSI BANYUASIN, SUMATERA SELATAN",7,38,117,155
https://kawalpemilu.org#19074,"LANGKAP, BABAT SUPAT, MUSI BANYUASIN, SUMATERA SELATAN",1,61,181,242
https://kawalpemilu.org#19074,"LANGKAP, BABAT SUPAT, MUSI BANYUASIN, SUMATERA SELATAN",2,29,199,228
https://kawalpemilu.org#19074,"LANGKAP, BABAT SUPAT, MUSI BANYUASIN, SUMATERA SELATAN",3,49,197,246
https://kawalpemilu.org#19074,"LANGKAP, BABAT SUPAT, MUSI BANYUASIN, SUMATERA SELATAN",4,52,155,207
https://kawalpemilu.org#19074,"LANGKAP, BABAT SUPAT, MUSI BANYUASIN, SUMATERA SELATAN",5,91,135,226
https://kawalpemilu.org#19074,"LANGKAP, BABAT SUPAT, MUSI BANYUASIN, SUMATERA SELATAN",6,45,74,119
https://kawalpemilu.org#19077,"SUMBER JAYA, BABAT SUPAT, MUSI BANYUASIN, SUMATERA SELATAN",1,87,115,202
https://kawalpemilu.org#19077,"SUMBER JAYA, BABAT SUPAT, MUSI BANYUASIN, SUMATERA SELATAN",2,122,65,187
https://kawalpemilu.org#19077,"SUMBER JAYA, BABAT SUPAT, MUSI BANYUASIN, SUMATERA SELATAN",3,72,60,132
https://kawalpemilu.org#19079,"TENGGULANG BARU, BABAT SUPAT, MUSI BANYUASIN, SUMATERA SELATAN",1,85,88,173
https://kawalpemilu.org#19079,"TENGGULANG BARU, BABAT SUPAT, MUSI BANYUASIN, SUMATERA SELATAN",2,108,49,157
https://kawalpemilu.org#19079,"TENGGULANG BARU, BABAT SUPAT, MUSI BANYUASIN, SUMATERA SELATAN",3,131,102,233
https://kawalpemilu.org#19080,"BANDAR TENGGULANG, BABAT SUPAT, MUSI BANYUASIN, SUMATERA SELATAN",1,87,54,141
https://kawalpemilu.org#19080,"BANDAR TENGGULANG, BABAT SUPAT, MUSI BANYUASIN, SUMATERA SELATAN",2,95,47,142
https://kawalpemilu.org#19080,"BANDAR TENGGULANG, BABAT SUPAT, MUSI BANYUASIN, SUMATERA SELATAN",3,96,79,175
https://kawalpemilu.org#84694,"TENGGULANG  JAYA, BABAT SUPAT, MUSI BANYUASIN, SUMATERA SELATAN",1,147,80,227
https://kawalpemilu.org#84694,"TENGGULANG  JAYA, BABAT SUPAT, MUSI BANYUASIN, SUMATERA SELATAN",2,174,51,225
https://kawalpemilu.org#84695,"SUPAT BARAT, BABAT SUPAT, MUSI BANYUASIN, SUMATERA SELATAN",1,91,147,238
https://kawalpemilu.org#84695,"SUPAT BARAT, BABAT SUPAT, MUSI BANYUASIN, SUMATERA SELATAN",2,94,140,234
https://kawalpemilu.org#84695,"SUPAT BARAT, BABAT SUPAT, MUSI BANYUASIN, SUMATERA SELATAN",3,113,89,202
https://kawalpemilu.org#84695,"SUPAT BARAT, BABAT SUPAT, MUSI BANYUASIN, SUMATERA SELATAN",4,49,123,172
https://kawalpemilu.org#84695,"SUPAT BARAT, BABAT SUPAT, MUSI BANYUASIN, SUMATERA SELATAN",5,63,90,153
https://kawalpemilu.org#84696,"SUPAT TIMUR, BABAT SUPAT, MUSI BANYUASIN, SUMATERA SELATAN",1,44,103,147
https://kawalpemilu.org#84696,"SUPAT TIMUR, BABAT SUPAT, MUSI BANYUASIN, SUMATERA SELATAN",2,50,132,182
https://kawalpemilu.org#84696,"SUPAT TIMUR, BABAT SUPAT, MUSI BANYUASIN, SUMATERA SELATAN",3,29,128,157
https://kawalpemilu.org#84696,"SUPAT TIMUR, BABAT SUPAT, MUSI BANYUASIN, SUMATERA SELATAN",4,46,91,137
https://kawalpemilu.org#84696,"SUPAT TIMUR, BABAT SUPAT, MUSI BANYUASIN, SUMATERA SELATAN",5,50,111,161
https://kawalpemilu.org#84696,"SUPAT TIMUR, BABAT SUPAT, MUSI BANYUASIN, SUMATERA SELATAN",6,21,116,137
https://kawalpemilu.org#84696,"SUPAT TIMUR, BABAT SUPAT, MUSI BANYUASIN, SUMATERA SELATAN",7,94,61,155
https://kawalpemilu.org#84696,"SUPAT TIMUR, BABAT SUPAT, MUSI BANYUASIN, SUMATERA SELATAN",8,48,127,175
https://kawalpemilu.org#84696,"SUPAT TIMUR, BABAT SUPAT, MUSI BANYUASIN, SUMATERA SELATAN",9,23,143,166
https://kawalpemilu.org#84696,"SUPAT TIMUR, BABAT SUPAT, MUSI BANYUASIN, SUMATERA SELATAN",10,31,80,111
https://kawalpemilu.org#84696,"SUPAT TIMUR, BABAT SUPAT, MUSI BANYUASIN, SUMATERA SELATAN",11,35,91,126
https://kawalpemilu.org#84696,"SUPAT TIMUR, BABAT SUPAT, MUSI BANYUASIN, SUMATERA SELATAN",12,31,80,111
https://kawalpemilu.org#84697,"SERATUS LAPAN, BABAT SUPAT, MUSI BANYUASIN, SUMATERA SELATAN",1,65,76,141
https://kawalpemilu.org#84697,"SERATUS LAPAN, BABAT SUPAT, MUSI BANYUASIN, SUMATERA SELATAN",2,98,100,198
https://kawalpemilu.org#84697,"SERATUS LAPAN, BABAT SUPAT, MUSI BANYUASIN, SUMATERA SELATAN",3,58,107,165
https://kawalpemilu.org#84697,"SERATUS LAPAN, BABAT SUPAT, MUSI BANYUASIN, SUMATERA SELATAN",4,43,177,220
https://kawalpemilu.org#84697,"SERATUS LAPAN, BABAT SUPAT, MUSI BANYUASIN, SUMATERA SELATAN",5,70,56,126
https://kawalpemilu.org#84698,"BABAT RAMBA JAYA, BABAT SUPAT, MUSI BANYUASIN, SUMATERA SELATAN",1,48,126,174
https://kawalpemilu.org#84698,"BABAT RAMBA JAYA, BABAT SUPAT, MUSI BANYUASIN, SUMATERA SELATAN",2,29,149,178
https://kawalpemilu.org#84698,"BABAT RAMBA JAYA, BABAT SUPAT, MUSI BANYUASIN, SUMATERA SELATAN",3,46,67,113
https://kawalpemilu.org#84698,"BABAT RAMBA JAYA, BABAT SUPAT, MUSI BANYUASIN, SUMATERA SELATAN",4,76,37,113
https://kawalpemilu.org#84698,"BABAT RAMBA JAYA, BABAT SUPAT, MUSI BANYUASIN, SUMATERA SELATAN",5,20,88,108
https://kawalpemilu.org#84698,"BABAT RAMBA JAYA, BABAT SUPAT, MUSI BANYUASIN, SUMATERA SELATAN",6,42,109,151
https://kawalpemilu.org#89464,"SUKA MAJU, BABAT SUPAT, MUSI BANYUASIN, SUMATERA SELATAN",1,44,169,213
https://kawalpemilu.org#89464,"SUKA MAJU, BABAT SUPAT, MUSI BANYUASIN, SUMATERA SELATAN",2,40,138,178
https://kawalpemilu.org#89464,"SUKA MAJU, BABAT SUPAT, MUSI BANYUASIN, SUMATERA SELATAN",3,82,152,234
https://kawalpemilu.org#89464,"SUKA MAJU, BABAT SUPAT, MUSI BANYUASIN, SUMATERA SELATAN",4,55,102,157
https://kawalpemilu.org#89464,"SUKA MAJU, BABAT SUPAT, MUSI BANYUASIN, SUMATERA SELATAN",5,94,109,203
https://kawalpemilu.org#89464,"SUKA MAJU, BABAT SUPAT, MUSI BANYUASIN, SUMATERA SELATAN",6,125,95,220
https://kawalpemilu.org#89464,"SUKA MAJU, BABAT SUPAT, MUSI BANYUASIN, SUMATERA SELATAN",7,64,75,139
https://kawalpemilu.org#89464,"SUKA MAJU, BABAT SUPAT, MUSI BANYUASIN, SUMATERA SELATAN",8,98,87,185
https://kawalpemilu.org#89464,"SUKA MAJU, BABAT SUPAT, MUSI BANYUASIN, SUMATERA SELATAN",9,111,91,202
https://kawalpemilu.org#89464,"SUKA MAJU, BABAT SUPAT, MUSI BANYUASIN, SUMATERA SELATAN",10,78,26,104
https://kawalpemilu.org#89464,"SUKA MAJU, BABAT SUPAT, MUSI BANYUASIN, SUMATERA SELATAN",11,25,130,155
https://kawalpemilu.org#89464,"SUKA MAJU, BABAT SUPAT, MUSI BANYUASIN, SUMATERA SELATAN",12,22,135,157
https://kawalpemilu.org#89464,"SUKA MAJU, BABAT SUPAT, MUSI BANYUASIN, SUMATERA SELATAN",13,98,60,158
https://kawalpemilu.org#89464,"SUKA MAJU, BABAT SUPAT, MUSI BANYUASIN, SUMATERA SELATAN",14,116,66,182
https://kawalpemilu.org#89465,"GAJAH MATI, BABAT SUPAT, MUSI BANYUASIN, SUMATERA SELATAN",1,29,230,259
https://kawalpemilu.org#89465,"GAJAH MATI, BABAT SUPAT, MUSI BANYUASIN, SUMATERA SELATAN",2,21,229,250
https://kawalpemilu.org#89465,"GAJAH MATI, BABAT SUPAT, MUSI BANYUASIN, SUMATERA SELATAN",3,54,131,185
https://kawalpemilu.org#89465,"GAJAH MATI, BABAT SUPAT, MUSI BANYUASIN, SUMATERA SELATAN",4,131,76,207
https://kawalpemilu.org#89465,"GAJAH MATI, BABAT SUPAT, MUSI BANYUASIN, SUMATERA SELATAN",5,79,101,180
https://kawalpemilu.org#89465,"GAJAH MATI, BABAT SUPAT, MUSI BANYUASIN, SUMATERA SELATAN",6,52,96,148
https://kawalpemilu.org#89465,"GAJAH MATI, BABAT SUPAT, MUSI BANYUASIN, SUMATERA SELATAN",7,64,117,181
https://kawalpemilu.org#89465,"GAJAH MATI, BABAT SUPAT, MUSI BANYUASIN, SUMATERA SELATAN",8,50,110,160
https://kawalpemilu.org#89465,"GAJAH MATI, BABAT SUPAT, MUSI BANYUASIN, SUMATERA SELATAN",9,67,85,152
https://kawalpemilu.org#89465,"GAJAH MATI, BABAT SUPAT, MUSI BANYUASIN, SUMATERA SELATAN",10,57,111,168
https://kawalpemilu.org#89465,"GAJAH MATI, BABAT SUPAT, MUSI BANYUASIN, SUMATERA SELATAN",11,66,55,121
https://kawalpemilu.org#930037,"GAJAH MUDA, BABAT SUPAT, MUSI BANYUASIN, SUMATERA SELATAN",1,40,171,211
https://kawalpemilu.org#930037,"GAJAH MUDA, BABAT SUPAT, MUSI BANYUASIN, SUMATERA SELATAN",2,38,158,196
https://kawalpemilu.org#930037,"GAJAH MUDA, BABAT SUPAT, MUSI BANYUASIN, SUMATERA SELATAN",3,24,91,115
https://kawalpemilu.org#19174,"MARIANA, BANYUASIN I, BANYUASIN, SUMATERA SELATAN",1,72,136,208
https://kawalpemilu.org#19174,"MARIANA, BANYUASIN I, BANYUASIN, SUMATERA SELATAN",2,80,113,193
https://kawalpemilu.org#19174,"MARIANA, BANYUASIN I, BANYUASIN, SUMATERA SELATAN",3,84,108,192
https://kawalpemilu.org#19174,"MARIANA, BANYUASIN I, BANYUASIN, SUMATERA SELATAN",4,53,66,119
https://kawalpemilu.org#19174,"MARIANA, BANYUASIN I, BANYUASIN, SUMATERA SELATAN",5,63,77,140
https://kawalpemilu.org#19174,"MARIANA, BANYUASIN I, BANYUASIN, SUMATERA SELATAN",6,56,122,178
https://kawalpemilu.org#19174,"MARIANA, BANYUASIN I, BANYUASIN, SUMATERA SELATAN",7,113,140,253
https://kawalpemilu.org#19174,"MARIANA, BANYUASIN I, BANYUASIN, SUMATERA SELATAN",8,75,94,169
https://kawalpemilu.org#19174,"MARIANA, BANYUASIN I, BANYUASIN, SUMATERA SELATAN",9,60,107,167
https://kawalpemilu.org#19174,"MARIANA, BANYUASIN I, BANYUASIN, SUMATERA SELATAN",10,76,106,182
https://kawalpemilu.org#19174,"MARIANA, BANYUASIN I, BANYUASIN, SUMATERA SELATAN",11,72,124,196
https://kawalpemilu.org#19174,"MARIANA, BANYUASIN I, BANYUASIN, SUMATERA SELATAN",12,83,162,245
https://kawalpemilu.org#19174,"MARIANA, BANYUASIN I, BANYUASIN, SUMATERA SELATAN",13,101,151,252
https://kawalpemilu.org#19174,"MARIANA, BANYUASIN I, BANYUASIN, SUMATERA SELATAN",14,33,74,107
https://kawalpemilu.org#19174,"MARIANA, BANYUASIN I, BANYUASIN, SUMATERA SELATAN",15,41,55,96
https://kawalpemilu.org#19174,"MARIANA, BANYUASIN I, BANYUASIN, SUMATERA SELATAN",16,85,150,235
https://kawalpemilu.org#19174,"MARIANA, BANYUASIN I, BANYUASIN, SUMATERA SELATAN",17,83,106,189
https://kawalpemilu.org#19174,"MARIANA, BANYUASIN I, BANYUASIN, SUMATERA SELATAN",20,80,166,246
https://kawalpemilu.org#19174,"MARIANA, BANYUASIN I, BANYUASIN, SUMATERA SELATAN",21,65,133,198
https://kawalpemilu.org#19174,"MARIANA, BANYUASIN I, BANYUASIN, SUMATERA SELATAN",22,75,185,260
https://kawalpemilu.org#19174,"MARIANA, BANYUASIN I, BANYUASIN, SUMATERA SELATAN",23,97,91,188
https://kawalpemilu.org#19174,"MARIANA, BANYUASIN I, BANYUASIN, SUMATERA SELATAN",24,107,57,164
https://kawalpemilu.org#19174,"MARIANA, BANYUASIN I, BANYUASIN, SUMATERA SELATAN",25,94,130,224
https://kawalpemilu.org#19174,"MARIANA, BANYUASIN I, BANYUASIN, SUMATERA SELATAN",26,91,123,214
https://kawalpemilu.org#19174,"MARIANA, BANYUASIN I, BANYUASIN, SUMATERA SELATAN",27,46,140,186
https://kawalpemilu.org#19174,"MARIANA, BANYUASIN I, BANYUASIN, SUMATERA SELATAN",28,92,109,201
https://kawalpemilu.org#19174,"MARIANA, BANYUASIN I, BANYUASIN, SUMATERA SELATAN",29,31,109,140
https://kawalpemilu.org#19174,"MARIANA, BANYUASIN I, BANYUASIN, SUMATERA SELATAN",30,49,84,133
https://kawalpemilu.org#19175,"MARIANA ILIR, BANYUASIN I, BANYUASIN, SUMATERA SELATAN",1,78,72,150
https://kawalpemilu.org#19175,"MARIANA ILIR, BANYUASIN I, BANYUASIN, SUMATERA SELATAN",2,70,78,148
https://kawalpemilu.org#19175,"MARIANA ILIR, BANYUASIN I, BANYUASIN, SUMATERA SELATAN",3,49,72,121
https://kawalpemilu.org#19175,"MARIANA ILIR, BANYUASIN I, BANYUASIN, SUMATERA SELATAN",4,65,145,210
https://kawalpemilu.org#19175,"MARIANA ILIR, BANYUASIN I, BANYUASIN, SUMATERA SELATAN",5,66,102,168
https://kawalpemilu.org#19175,"MARIANA ILIR, BANYUASIN I, BANYUASIN, SUMATERA SELATAN",6,56,93,149
https://kawalpemilu.org#19175,"MARIANA ILIR, BANYUASIN I, BANYUASIN, SUMATERA SELATAN",7,68,71,139
https://kawalpemilu.org#19175,"MARIANA ILIR, BANYUASIN I, BANYUASIN, SUMATERA SELATAN",8,64,47,111
https://kawalpemilu.org#19175,"MARIANA ILIR, BANYUASIN I, BANYUASIN, SUMATERA SELATAN",9,44,96,140
https://kawalpemilu.org#19175,"MARIANA ILIR, BANYUASIN I, BANYUASIN, SUMATERA SELATAN",11,123,114,237
https://kawalpemilu.org#19175,"MARIANA ILIR, BANYUASIN I, BANYUASIN, SUMATERA SELATAN",12,46,105,151
https://kawalpemilu.org#19175,"MARIANA ILIR, BANYUASIN I, BANYUASIN, SUMATERA SELATAN",13,43,93,136
https://kawalpemilu.org#19175,"MARIANA ILIR, BANYUASIN I, BANYUASIN, SUMATERA SELATAN",14,44,76,120
https://kawalpemilu.org#19175,"MARIANA ILIR, BANYUASIN I, BANYUASIN, SUMATERA SELATAN",15,79,127,206
https://kawalpemilu.org#19175,"MARIANA ILIR, BANYUASIN I, BANYUASIN, SUMATERA SELATAN",16,78,134,212
https://kawalpemilu.org#19175,"MARIANA ILIR, BANYUASIN I, BANYUASIN, SUMATERA SELATAN",17,55,61,116
https://kawalpemilu.org#19175,"MARIANA ILIR, BANYUASIN I, BANYUASIN, SUMATERA SELATAN",18,87,84,171
https://kawalpemilu.org#19175,"MARIANA ILIR, BANYUASIN I, BANYUASIN, SUMATERA SELATAN",19,99,51,150
https://kawalpemilu.org#19175,"MARIANA ILIR, BANYUASIN I, BANYUASIN, SUMATERA SELATAN",20,60,58,118
https://kawalpemilu.org#19175,"MARIANA ILIR, BANYUASIN I, BANYUASIN, SUMATERA SELATAN",21,42,91,133
https://kawalpemilu.org#19175,"MARIANA ILIR, BANYUASIN I, BANYUASIN, SUMATERA SELATAN",22,70,125,195
https://kawalpemilu.org#19175,"MARIANA ILIR, BANYUASIN I, BANYUASIN, SUMATERA SELATAN",23,70,97,167
https://kawalpemilu.org#19175,"MARIANA ILIR, BANYUASIN I, BANYUASIN, SUMATERA SELATAN",24,83,119,202
https://kawalpemilu.org#19175,"MARIANA ILIR, BANYUASIN I, BANYUASIN, SUMATERA SELATAN",25,66,132,198
https://kawalpemilu.org#19175,"MARIANA ILIR, BANYUASIN I, BANYUASIN, SUMATERA SELATAN",26,74,110,184
https://kawalpemilu.org#19175,"MARIANA ILIR, BANYUASIN I, BANYUASIN, SUMATERA SELATAN",28,40,90,130
https://kawalpemilu.org#19176,"SUNGAIREBO, BANYUASIN I, BANYUASIN, SUMATERA SELATAN",1,71,108,179
https://kawalpemilu.org#19176,"SUNGAIREBO, BANYUASIN I, BANYUASIN, SUMATERA SELATAN",2,80,95,175
https://kawalpemilu.org#19176,"SUNGAIREBO, BANYUASIN I, BANYUASIN, SUMATERA SELATAN",3,55,135,190
https://kawalpemilu.org#19176,"SUNGAIREBO, BANYUASIN I, BANYUASIN, SUMATERA SELATAN",4,93,117,210
https://kawalpemilu.org#19176,"SUNGAIREBO, BANYUASIN I, BANYUASIN, SUMATERA SELATAN",7,62,151,213
https://kawalpemilu.org#19176,"SUNGAIREBO, BANYUASIN I, BANYUASIN, SUMATERA SELATAN",8,72,127,199
https://kawalpemilu.org#19176,"SUNGAIREBO, BANYUASIN I, BANYUASIN, SUMATERA SELATAN",9,62,163,225
https://kawalpemilu.org#19176,"SUNGAIREBO, BANYUASIN I, BANYUASIN, SUMATERA SELATAN",10,67,132,199
https://kawalpemilu.org#19176,"SUNGAIREBO, BANYUASIN I, BANYUASIN, SUMATERA SELATAN",11,119,113,232
https://kawalpemilu.org#19176,"SUNGAIREBO, BANYUASIN I, BANYUASIN, SUMATERA SELATAN",12,104,95,199
https://kawalpemilu.org#19176,"SUNGAIREBO, BANYUASIN I, BANYUASIN, SUMATERA SELATAN",13,80,112,192
https://kawalpemilu.org#19176,"SUNGAIREBO, BANYUASIN I, BANYUASIN, SUMATERA SELATAN",14,79,98,177
https://kawalpemilu.org#19176,"SUNGAIREBO, BANYUASIN I, BANYUASIN, SUMATERA SELATAN",15,95,110,205
https://kawalpemilu.org#19176,"SUNGAIREBO, BANYUASIN I, BANYUASIN, SUMATERA SELATAN",16,91,107,198
https://kawalpemilu.org#19176,"SUNGAIREBO, BANYUASIN I, BANYUASIN, SUMATERA SELATAN",17,101,137,238
https://kawalpemilu.org#19176,"SUNGAIREBO, BANYUASIN I, BANYUASIN, SUMATERA SELATAN",18,114,104,218
https://kawalpemilu.org#19176,"SUNGAIREBO, BANYUASIN I, BANYUASIN, SUMATERA SELATAN",19,84,79,163
https://kawalpemilu.org#19176,"SUNGAIREBO, BANYUASIN I, BANYUASIN, SUMATERA SELATAN",20,109,146,255
https://kawalpemilu.org#19176,"SUNGAIREBO, BANYUASIN I, BANYUASIN, SUMATERA SELATAN",21,70,148,218
https://kawalpemilu.org#19176,"SUNGAIREBO, BANYUASIN I, BANYUASIN, SUMATERA SELATAN",22,83,171,254
https://kawalpemilu.org#19176,"SUNGAIREBO, BANYUASIN I, BANYUASIN, SUMATERA SELATAN",23,62,104,166
https://kawalpemilu.org#19176,"SUNGAIREBO, BANYUASIN I, BANYUASIN, SUMATERA SELATAN",24,88,65,153
https://kawalpemilu.org#19177,"SUNGAIGERONG, BANYUASIN I, BANYUASIN, SUMATERA SELATAN",1,93,77,170
https://kawalpemilu.org#19177,"SUNGAIGERONG, BANYUASIN I, BANYUASIN, SUMATERA SELATAN",2,104,52,156
https://kawalpemilu.org#19177,"SUNGAIGERONG, BANYUASIN I, BANYUASIN, SUMATERA SELATAN",3,51,73,124
https://kawalpemilu.org#19177,"SUNGAIGERONG, BANYUASIN I, BANYUASIN, SUMATERA SELATAN",4,95,95,190
https://kawalpemilu.org#19177,"SUNGAIGERONG, BANYUASIN I, BANYUASIN, SUMATERA SELATAN",5,40,70,110
https://kawalpemilu.org#19177,"SUNGAIGERONG, BANYUASIN I, BANYUASIN, SUMATERA SELATAN",6,71,59,130
https://kawalpemilu.org#19177,"SUNGAIGERONG, BANYUASIN I, BANYUASIN, SUMATERA SELATAN",7,99,101,200
https://kawalpemilu.org#19177,"SUNGAIGERONG, BANYUASIN I, BANYUASIN, SUMATERA SELATAN",8,78,63,141
https://kawalpemilu.org#19177,"SUNGAIGERONG, BANYUASIN I, BANYUASIN, SUMATERA SELATAN",9,74,72,146
https://kawalpemilu.org#19177,"SUNGAIGERONG, BANYUASIN I, BANYUASIN, SUMATERA SELATAN",10,83,94,177
https://kawalpemilu.org#19177,"SUNGAIGERONG, BANYUASIN I, BANYUASIN, SUMATERA SELATAN",11,98,39,137
https://kawalpemilu.org#19177,"SUNGAIGERONG, BANYUASIN I, BANYUASIN, SUMATERA SELATAN",12,76,61,137
https://kawalpemilu.org#19177,"SUNGAIGERONG, BANYUASIN I, BANYUASIN, SUMATERA SELATAN",13,35,81,116
https://kawalpemilu.org#19178,"MERAH MATA, BANYUASIN I, BANYUASIN, SUMATERA SELATAN",1,81,91,172
https://kawalpemilu.org#19178,"MERAH MATA, BANYUASIN I, BANYUASIN, SUMATERA SELATAN",3,84,100,184
https://kawalpemilu.org#19178,"MERAH MATA, BANYUASIN I, BANYUASIN, SUMATERA SELATAN",4,56,127,183
https://kawalpemilu.org#19178,"MERAH MATA, BANYUASIN I, BANYUASIN, SUMATERA SELATAN",5,58,126,184
https://kawalpemilu.org#19178,"MERAH MATA, BANYUASIN I, BANYUASIN, SUMATERA SELATAN",6,66,133,199
https://kawalpemilu.org#19178,"MERAH MATA, BANYUASIN I, BANYUASIN, SUMATERA SELATAN",7,88,120,208
https://kawalpemilu.org#19178,"MERAH MATA, BANYUASIN I, BANYUASIN, SUMATERA SELATAN",8,58,91,149
https://kawalpemilu.org#19178,"MERAH MATA, BANYUASIN I, BANYUASIN, SUMATERA SELATAN",9,103,77,180
https://kawalpemilu.org#19178,"MERAH MATA, BANYUASIN I, BANYUASIN, SUMATERA SELATAN",10,63,105,168
https://kawalpemilu.org#19178,"MERAH MATA, BANYUASIN I, BANYUASIN, SUMATERA SELATAN",11,54,56,110
https://kawalpemilu.org#19178,"MERAH MATA, BANYUASIN I, BANYUASIN, SUMATERA SELATAN",12,54,56,110
https://kawalpemilu.org#19178,"MERAH MATA, BANYUASIN I, BANYUASIN, SUMATERA SELATAN",13,47,62,109
https://kawalpemilu.org#19178,"MERAH MATA, BANYUASIN I, BANYUASIN, SUMATERA SELATAN",14,66,133,199
https://kawalpemilu.org#19178,"MERAH MATA, BANYUASIN I, BANYUASIN, SUMATERA SELATAN",15,58,57,115
https://kawalpemilu.org#19178,"MERAH MATA, BANYUASIN I, BANYUASIN, SUMATERA SELATAN",16,98,75,173
https://kawalpemilu.org#19178,"MERAH MATA, BANYUASIN I, BANYUASIN, SUMATERA SELATAN",17,108,109,217
https://kawalpemilu.org#19178,"MERAH MATA, BANYUASIN I, BANYUASIN, SUMATERA SELATAN",18,80,129,209
https://kawalpemilu.org#19178,"MERAH MATA, BANYUASIN I, BANYUASIN, SUMATERA SELATAN",19,130,79,209
https://kawalpemilu.org#19178,"MERAH MATA, BANYUASIN I, BANYUASIN, SUMATERA SELATAN",20,87,58,145
https://kawalpemilu.org#19178,"MERAH MATA, BANYUASIN I, BANYUASIN, SUMATERA SELATAN",21,123,72,195
https://kawalpemilu.org#19178,"MERAH MATA, BANYUASIN I, BANYUASIN, SUMATERA SELATAN",22,63,50,113
https://kawalpemilu.org#19179,"PERAJEN, BANYUASIN I, BANYUASIN, SUMATERA SELATAN",1,71,136,207
https://kawalpemilu.org#19179,"PERAJEN, BANYUASIN I, BANYUASIN, SUMATERA SELATAN",2,74,98,172
https://kawalpemilu.org#19179,"PERAJEN, BANYUASIN I, BANYUASIN, SUMATERA SELATAN",3,61,124,185
https://kawalpemilu.org#19179,"PERAJEN, BANYUASIN I, BANYUASIN, SUMATERA SELATAN",4,75,113,188
https://kawalpemilu.org#19179,"PERAJEN, BANYUASIN I, BANYUASIN, SUMATERA SELATAN",5,87,121,208
https://kawalpemilu.org#19179,"PERAJEN, BANYUASIN I, BANYUASIN, SUMATERA SELATAN",6,100,140,240
https://kawalpemilu.org#19179,"PERAJEN, BANYUASIN I, BANYUASIN, SUMATERA SELATAN",7,85,89,174
https://kawalpemilu.org#19179,"PERAJEN, BANYUASIN I, BANYUASIN, SUMATERA SELATAN",8,87,123,210
https://kawalpemilu.org#19179,"PERAJEN, BANYUASIN I, BANYUASIN, SUMATERA SELATAN",9,88,86,174
https://kawalpemilu.org#19179,"PERAJEN, BANYUASIN I, BANYUASIN, SUMATERA SELATAN",10,100,139,239
https://kawalpemilu.org#19179,"PERAJEN, BANYUASIN I, BANYUASIN, SUMATERA SELATAN",11,104,119,223
https://kawalpemilu.org#19179,"PERAJEN, BANYUASIN I, BANYUASIN, SUMATERA SELATAN",12,109,136,245
https://kawalpemilu.org#19179,"PERAJEN, BANYUASIN I, BANYUASIN, SUMATERA SELATAN",13,75,101,176
https://kawalpemilu.org#19179,"PERAJEN, BANYUASIN I, BANYUASIN, SUMATERA SELATAN",14,56,74,130
https://kawalpemilu.org#19179,"PERAJEN, BANYUASIN I, BANYUASIN, SUMATERA SELATAN",15,63,103,166
https://kawalpemilu.org#19179,"PERAJEN, BANYUASIN I, BANYUASIN, SUMATERA SELATAN",16,66,115,181
https://kawalpemilu.org#19180,"CINTA MANIS LAMA, BANYUASIN I, BANYUASIN, SUMATERA SELATAN",1,54,106,160
https://kawalpemilu.org#19180,"CINTA MANIS LAMA, BANYUASIN I, BANYUASIN, SUMATERA SELATAN",2,51,102,153
https://kawalpemilu.org#19180,"CINTA MANIS LAMA, BANYUASIN I, BANYUASIN, SUMATERA SELATAN",3,65,117,182
https://kawalpemilu.org#19180,"CINTA MANIS LAMA, BANYUASIN I, BANYUASIN, SUMATERA SELATAN",4,71,103,174
https://kawalpemilu.org#19180,"CINTA MANIS LAMA, BANYUASIN I, BANYUASIN, SUMATERA SELATAN",5,91,88,179
https://kawalpemilu.org#19180,"CINTA MANIS LAMA, BANYUASIN I, BANYUASIN, SUMATERA SELATAN",6,91,56,147
https://kawalpemilu.org#19180,"CINTA MANIS LAMA, BANYUASIN I, BANYUASIN, SUMATERA SELATAN",7,57,52,109
https://kawalpemilu.org#19180,"CINTA MANIS LAMA, BANYUASIN I, BANYUASIN, SUMATERA SELATAN",8,85,58,85
https://kawalpemilu.org#19180,"CINTA MANIS LAMA, BANYUASIN I, BANYUASIN, SUMATERA SELATAN",9,99,55,154
https://kawalpemilu.org#19183,"PERAMBAHAN, BANYUASIN I, BANYUASIN, SUMATERA SELATAN",1,86,59,145
https://kawalpemilu.org#19183,"PERAMBAHAN, BANYUASIN I, BANYUASIN, SUMATERA SELATAN",2,111,43,154
https://kawalpemilu.org#19183,"PERAMBAHAN, BANYUASIN I, BANYUASIN, SUMATERA SELATAN",3,91,58,149
https://kawalpemilu.org#19183,"PERAMBAHAN, BANYUASIN I, BANYUASIN, SUMATERA SELATAN",4,89,83,172
https://kawalpemilu.org#19183,"PERAMBAHAN, BANYUASIN I, BANYUASIN, SUMATERA SELATAN",5,101,83,184
https://kawalpemilu.org#19183,"PERAMBAHAN, BANYUASIN I, BANYUASIN, SUMATERA SELATAN",6,110,52,162
https://kawalpemilu.org#19186,"PEMATANG PALAS, BANYUASIN I, BANYUASIN, SUMATERA SELATAN",1,89,126,215
https://kawalpemilu.org#19186,"PEMATANG PALAS, BANYUASIN I, BANYUASIN, SUMATERA SELATAN",2,65,159,224
https://kawalpemilu.org#19186,"PEMATANG PALAS, BANYUASIN I, BANYUASIN, SUMATERA SELATAN",3,97,105,202
https://kawalpemilu.org#19186,"PEMATANG PALAS, BANYUASIN I, BANYUASIN, SUMATERA SELATAN",4,95,26,121
https://kawalpemilu.org#19186,"PEMATANG PALAS, BANYUASIN I, BANYUASIN, SUMATERA SELATAN",5,164,23,187
https://kawalpemilu.org#19187,"TIRTA SARI, BANYUASIN I, BANYUASIN, SUMATERA SELATAN",1,93,52,145
https://kawalpemilu.org#19187,"TIRTA SARI, BANYUASIN I, BANYUASIN, SUMATERA SELATAN",2,150,47,197
https://kawalpemilu.org#19187,"TIRTA SARI, BANYUASIN I, BANYUASIN, SUMATERA SELATAN",3,151,45,196
https://kawalpemilu.org#19187,"TIRTA SARI, BANYUASIN I, BANYUASIN, SUMATERA SELATAN",4,111,55,166
https://kawalpemilu.org#19187,"TIRTA SARI, BANYUASIN I, BANYUASIN, SUMATERA SELATAN",5,93,61,154
https://kawalpemilu.org#19187,"TIRTA SARI, BANYUASIN I, BANYUASIN, SUMATERA SELATAN",6,115,75,190
https://kawalpemilu.org#19187,"TIRTA SARI, BANYUASIN I, BANYUASIN, SUMATERA SELATAN",7,99,58,157
https://kawalpemilu.org#19187,"TIRTA SARI, BANYUASIN I, BANYUASIN, SUMATERA SELATAN",8,130,63,193
https://kawalpemilu.org#19187,"TIRTA SARI, BANYUASIN I, BANYUASIN, SUMATERA SELATAN",9,105,45,150
https://kawalpemilu.org#19187,"TIRTA SARI, BANYUASIN I, BANYUASIN, SUMATERA SELATAN",10,114,71,185
https://kawalpemilu.org#19187,"TIRTA SARI, BANYUASIN I, BANYUASIN, SUMATERA SELATAN",12,111,72,183
https://kawalpemilu.org#19189,"PULAUBORANG, BANYUASIN I, BANYUASIN, SUMATERA SELATAN",1,56,130,186
https://kawalpemilu.org#19189,"PULAUBORANG, BANYUASIN I, BANYUASIN, SUMATERA SELATAN",2,61,160,221
https://kawalpemilu.org#19189,"PULAUBORANG, BANYUASIN I, BANYUASIN, SUMATERA SELATAN",3,58,99,157
https://kawalpemilu.org#19189,"PULAUBORANG, BANYUASIN I, BANYUASIN, SUMATERA SELATAN",4,103,49,152
https://kawalpemilu.org#19189,"PULAUBORANG, BANYUASIN I, BANYUASIN, SUMATERA SELATAN",5,91,150,241
https://kawalpemilu.org#19189,"PULAUBORANG, BANYUASIN I, BANYUASIN, SUMATERA SELATAN",6,129,75,204
https://kawalpemilu.org#19189,"PULAUBORANG, BANYUASIN I, BANYUASIN, SUMATERA SELATAN",7,155,77,232
https://kawalpemilu.org#19189,"PULAUBORANG, BANYUASIN I, BANYUASIN, SUMATERA SELATAN",8,130,82,212
https://kawalpemilu.org#19189,"PULAUBORANG, BANYUASIN I, BANYUASIN, SUMATERA SELATAN",9,82,22,104
https://kawalpemilu.org#19189,"PULAUBORANG, BANYUASIN I, BANYUASIN, SUMATERA SELATAN",10,136,75,211
https://kawalpemilu.org#19189,"PULAUBORANG, BANYUASIN I, BANYUASIN, SUMATERA SELATAN",11,180,67,247
https://kawalpemilu.org#19189,"PULAUBORANG, BANYUASIN I, BANYUASIN, SUMATERA SELATAN",12,88,62,150
https://kawalpemilu.org#19189,"PULAUBORANG, BANYUASIN I, BANYUASIN, SUMATERA SELATAN",13,134,80,214
https://kawalpemilu.org#19189,"PULAUBORANG, BANYUASIN I, BANYUASIN, SUMATERA SELATAN",14,150,111,261
https://kawalpemilu.org#19195,"DUREN IJO, BANYUASIN I, BANYUASIN, SUMATERA SELATAN",1,98,75,173
https://kawalpemilu.org#19195,"DUREN IJO, BANYUASIN I, BANYUASIN, SUMATERA SELATAN",2,78,69,147
https://kawalpemilu.org#19195,"DUREN IJO, BANYUASIN I, BANYUASIN, SUMATERA SELATAN",3,117,60,177
https://kawalpemilu.org#19195,"DUREN IJO, BANYUASIN I, BANYUASIN, SUMATERA SELATAN",4,118,83,201
https://kawalpemilu.org#19198,"PERAMBAHAN BARU, BANYUASIN I, BANYUASIN, SUMATERA SELATAN",1,90,24,114
https://kawalpemilu.org#19198,"PERAMBAHAN BARU, BANYUASIN I, BANYUASIN, SUMATERA SELATAN",2,76,20,96
https://kawalpemilu.org#19203,"SUNGSANG I, BANYUASIN II, BANYUASIN, SUMATERA SELATAN",1,72,89,161
https://kawalpemilu.org#19203,"SUNGSANG I, BANYUASIN II, BANYUASIN, SUMATERA SELATAN",2,145,31,176
https://kawalpemilu.org#19203,"SUNGSANG I, BANYUASIN II, BANYUASIN, SUMATERA SELATAN",3,110,22,132
https://kawalpemilu.org#19203,"SUNGSANG I, BANYUASIN II, BANYUASIN, SUMATERA SELATAN",4,156,49,205
https://kawalpemilu.org#19203,"SUNGSANG I, BANYUASIN II, BANYUASIN, SUMATERA SELATAN",5,144,150,294
https://kawalpemilu.org#19203,"SUNGSANG I, BANYUASIN II, BANYUASIN, SUMATERA SELATAN",6,127,33,160
https://kawalpemilu.org#19203,"SUNGSANG I, BANYUASIN II, BANYUASIN, SUMATERA SELATAN",7,135,36,171
https://kawalpemilu.org#19203,"SUNGSANG I, BANYUASIN II, BANYUASIN, SUMATERA SELATAN",8,137,12,149
https://kawalpemilu.org#19203,"SUNGSANG I, BANYUASIN II, BANYUASIN, SUMATERA SELATAN",9,117,43,160
https://kawalpemilu.org#19203,"SUNGSANG I, BANYUASIN II, BANYUASIN, SUMATERA SELATAN",11,148,38,186
https://kawalpemilu.org#19203,"SUNGSANG I, BANYUASIN II, BANYUASIN, SUMATERA SELATAN",12,100,54,154
https://kawalpemilu.org#19203,"SUNGSANG I, BANYUASIN II, BANYUASIN, SUMATERA SELATAN",13,106,46,152
https://kawalpemilu.org#19203,"SUNGSANG I, BANYUASIN II, BANYUASIN, SUMATERA SELATAN",14,68,30,98
https://kawalpemilu.org#19203,"SUNGSANG I, BANYUASIN II, BANYUASIN, SUMATERA SELATAN",15,54,27,81
https://kawalpemilu.org#19204,"SUNGSANG II, BANYUASIN II, BANYUASIN, SUMATERA SELATAN",1,100,75,175
https://kawalpemilu.org#19204,"SUNGSANG II, BANYUASIN II, BANYUASIN, SUMATERA SELATAN",2,97,82,179
https://kawalpemilu.org#19204,"SUNGSANG II, BANYUASIN II, BANYUASIN, SUMATERA SELATAN",3,91,48,139
https://kawalpemilu.org#19204,"SUNGSANG II, BANYUASIN II, BANYUASIN, SUMATERA SELATAN",4,93,57,150
https://kawalpemilu.org#19204,"SUNGSANG II, BANYUASIN II, BANYUASIN, SUMATERA SELATAN",5,66,84,150
https://kawalpemilu.org#19204,"SUNGSANG II, BANYUASIN II, BANYUASIN, SUMATERA SELATAN",6,51,50,101
https://kawalpemilu.org#19204,"SUNGSANG II, BANYUASIN II, BANYUASIN, SUMATERA SELATAN",7,72,35,107
https://kawalpemilu.org#19204,"SUNGSANG II, BANYUASIN II, BANYUASIN, SUMATERA SELATAN",8,102,53,155
https://kawalpemilu.org#19204,"SUNGSANG II, BANYUASIN II, BANYUASIN, SUMATERA SELATAN",10,96,43,139
https://kawalpemilu.org#19204,"SUNGSANG II, BANYUASIN II, BANYUASIN, SUMATERA SELATAN",12,130,17,147
https://kawalpemilu.org#19204,"SUNGSANG II, BANYUASIN II, BANYUASIN, SUMATERA SELATAN",13,125,69,194
https://kawalpemilu.org#19204,"SUNGSANG II, BANYUASIN II, BANYUASIN, SUMATERA SELATAN",14,32,72,104
https://kawalpemilu.org#19204,"SUNGSANG II, BANYUASIN II, BANYUASIN, SUMATERA SELATAN",15,23,40,63
https://kawalpemilu.org#19205,"SUNGSANG III, BANYUASIN II, BANYUASIN, SUMATERA SELATAN",1,86,69,155
https://kawalpemilu.org#19205,"SUNGSANG III, BANYUASIN II, BANYUASIN, SUMATERA SELATAN",2,76,66,142
https://kawalpemilu.org#19205,"SUNGSANG III, BANYUASIN II, BANYUASIN, SUMATERA SELATAN",3,151,64,215
https://kawalpemilu.org#19205,"SUNGSANG III, BANYUASIN II, BANYUASIN, SUMATERA SELATAN",4,98,44,142
https://kawalpemilu.org#19205,"SUNGSANG III, BANYUASIN II, BANYUASIN, SUMATERA SELATAN",5,110,70,180
https://kawalpemilu.org#19205,"SUNGSANG III, BANYUASIN II, BANYUASIN, SUMATERA SELATAN",6,101,52,153
https://kawalpemilu.org#19205,"SUNGSANG III, BANYUASIN II, BANYUASIN, SUMATERA SELATAN",7,120,40,160
https://kawalpemilu.org#19205,"SUNGSANG III, BANYUASIN II, BANYUASIN, SUMATERA SELATAN",8,121,34,155
https://kawalpemilu.org#19205,"SUNGSANG III, BANYUASIN II, BANYUASIN, SUMATERA SELATAN",9,135,27,162
https://kawalpemilu.org#19205,"SUNGSANG III, BANYUASIN II, BANYUASIN, SUMATERA SELATAN",10,104,6,110
https://kawalpemilu.org#19206,"SUNGSANG IV, BANYUASIN II, BANYUASIN, SUMATERA SELATAN",1,57,25,82
https://kawalpemilu.org#19206,"SUNGSANG IV, BANYUASIN II, BANYUASIN, SUMATERA SELATAN",2,106,46,152
https://kawalpemilu.org#19206,"SUNGSANG IV, BANYUASIN II, BANYUASIN, SUMATERA SELATAN",3,142,48,190
https://kawalpemilu.org#19206,"SUNGSANG IV, BANYUASIN II, BANYUASIN, SUMATERA SELATAN",4,91,46,137
https://kawalpemilu.org#19206,"SUNGSANG IV, BANYUASIN II, BANYUASIN, SUMATERA SELATAN",5,116,53,169
https://kawalpemilu.org#19206,"SUNGSANG IV, BANYUASIN II, BANYUASIN, SUMATERA SELATAN",6,111,44,155
https://kawalpemilu.org#19206,"SUNGSANG IV, BANYUASIN II, BANYUASIN, SUMATERA SELATAN",7,63,40,103
https://kawalpemilu.org#19206,"SUNGSANG IV, BANYUASIN II, BANYUASIN, SUMATERA SELATAN",8,125,56,181
https://kawalpemilu.org#19206,"SUNGSANG IV, BANYUASIN II, BANYUASIN, SUMATERA SELATAN",9,114,28,142
https://kawalpemilu.org#19206,"SUNGSANG IV, BANYUASIN II, BANYUASIN, SUMATERA SELATAN",10,91,47,138
https://kawalpemilu.org#19206,"SUNGSANG IV, BANYUASIN II, BANYUASIN, SUMATERA SELATAN",11,110,26,136
https://kawalpemilu.org#19206,"SUNGSANG IV, BANYUASIN II, BANYUASIN, SUMATERA SELATAN",12,108,17,125
https://kawalpemilu.org#19206,"SUNGSANG IV, BANYUASIN II, BANYUASIN, SUMATERA SELATAN",13,110,24,134
https://kawalpemilu.org#19207,"KARANG SARI, BANYUASIN II, BANYUASIN, SUMATERA SELATAN",2,150,60,210
https://kawalpemilu.org#19207,"KARANG SARI, BANYUASIN II, BANYUASIN, SUMATERA SELATAN",4,129,22,151
https://kawalpemilu.org#19208,"MAJU RIA, BANYUASIN II, BANYUASIN, SUMATERA SELATAN",1,181,36,217
https://kawalpemilu.org#19208,"MAJU RIA, BANYUASIN II, BANYUASIN, SUMATERA SELATAN",2,185,30,215
https://kawalpemilu.org#19208,"MAJU RIA, BANYUASIN II, BANYUASIN, SUMATERA SELATAN",3,118,36,154
https://kawalpemilu.org#19208,"MAJU RIA, BANYUASIN II, BANYUASIN, SUMATERA SELATAN",4,88,12,100
https://kawalpemilu.org#19209,"SRI AGUNG, BANYUASIN II, BANYUASIN, SUMATERA SELATAN",1,198,38,236
https://kawalpemilu.org#19209,"SRI AGUNG, BANYUASIN II, BANYUASIN, SUMATERA SELATAN",2,159,25,184
https://kawalpemilu.org#19209,"SRI AGUNG, BANYUASIN II, BANYUASIN, SUMATERA SELATAN",3,165,38,203
https://kawalpemilu.org#19209,"SRI AGUNG, BANYUASIN II, BANYUASIN, SUMATERA SELATAN",4,176,43,219
https://kawalpemilu.org#19209,"SRI AGUNG, BANYUASIN II, BANYUASIN, SUMATERA SELATAN",5,124,26,150
https://kawalpemilu.org#19209,"SRI AGUNG, BANYUASIN II, BANYUASIN, SUMATERA SELATAN",6,155,48,203
https://kawalpemilu.org#19210,"SUMBER REJEKI, BANYUASIN II, BANYUASIN, SUMATERA SELATAN",1,71,114,185
https://kawalpemilu.org#19210,"SUMBER REJEKI, BANYUASIN II, BANYUASIN, SUMATERA SELATAN",2,151,40,191
https://kawalpemilu.org#19210,"SUMBER REJEKI, BANYUASIN II, BANYUASIN, SUMATERA SELATAN",3,161,16,177
https://kawalpemilu.org#19210,"SUMBER REJEKI, BANYUASIN II, BANYUASIN, SUMATERA SELATAN",4,85,32,117
https://kawalpemilu.org#19210,"SUMBER REJEKI, BANYUASIN II, BANYUASIN, SUMATERA SELATAN",5,91,47,138
https://kawalpemilu.org#19210,"SUMBER REJEKI, BANYUASIN II, BANYUASIN, SUMATERA SELATAN",6,95,10,105
https://kawalpemilu.org#19210,"SUMBER REJEKI, BANYUASIN II, BANYUASIN, SUMATERA SELATAN",7,112,13,125
https://kawalpemilu.org#19211,"TABALA JAYA, BANYUASIN II, BANYUASIN, SUMATERA SELATAN",1,158,73,231
https://kawalpemilu.org#19211,"TABALA JAYA, BANYUASIN II, BANYUASIN, SUMATERA SELATAN",2,173,27,200
https://kawalpemilu.org#19211,"TABALA JAYA, BANYUASIN II, BANYUASIN, SUMATERA SELATAN",3,127,35,162
https://kawalpemilu.org#19211,"TABALA JAYA, BANYUASIN II, BANYUASIN, SUMATERA SELATAN",4,103,37,140
https://kawalpemilu.org#19212,"TELUKPAYO, BANYUASIN II, BANYUASIN, SUMATERA SELATAN",1,53,165,218
https://kawalpemilu.org#19212,"TELUKPAYO, BANYUASIN II, BANYUASIN, SUMATERA SELATAN",2,91,131,222
https://kawalpemilu.org#19212,"TELUKPAYO, BANYUASIN II, BANYUASIN, SUMATERA SELATAN",3,129,139,268
https://kawalpemilu.org#19212,"TELUKPAYO, BANYUASIN II, BANYUASIN, SUMATERA SELATAN",4,79,102,181
https://kawalpemilu.org#19212,"TELUKPAYO, BANYUASIN II, BANYUASIN, SUMATERA SELATAN",5,36,103,139
https://kawalpemilu.org#19212,"TELUKPAYO, BANYUASIN II, BANYUASIN, SUMATERA SELATAN",6,101,105,206
https://kawalpemilu.org#19215,"TANAH PILIH, BANYUASIN II, BANYUASIN, SUMATERA SELATAN",1,128,155,283
https://kawalpemilu.org#19215,"TANAH PILIH, BANYUASIN II, BANYUASIN, SUMATERA SELATAN",2,149,130,279
https://kawalpemilu.org#19215,"TANAH PILIH, BANYUASIN II, BANYUASIN, SUMATERA SELATAN",3,74,63,137
https://kawalpemilu.org#19215,"TANAH PILIH, BANYUASIN II, BANYUASIN, SUMATERA SELATAN",4,60,109,169
https://kawalpemilu.org#19216,"JATI SARI, BANYUASIN II, BANYUASIN, SUMATERA SELATAN",1,144,38,182
https://kawalpemilu.org#19216,"JATI SARI, BANYUASIN II, BANYUASIN, SUMATERA SELATAN",2,103,30,133
https://kawalpemilu.org#19216,"JATI SARI, BANYUASIN II, BANYUASIN, SUMATERA SELATAN",3,131,17,148
https://kawalpemilu.org#19216,"JATI SARI, BANYUASIN II, BANYUASIN, SUMATERA SELATAN",4,85,40,125
https://kawalpemilu.org#19216,"JATI SARI, BANYUASIN II, BANYUASIN, SUMATERA SELATAN",6,126,22,148
https://kawalpemilu.org#19216,"JATI SARI, BANYUASIN II, BANYUASIN, SUMATERA SELATAN",7,200,29,229
https://kawalpemilu.org#19216,"JATI SARI, BANYUASIN II, BANYUASIN, SUMATERA SELATAN",8,143,21,164
https://kawalpemilu.org#19217,"PERAJEN JAYA, BANYUASIN II, BANYUASIN, SUMATERA SELATAN",1,90,96,186
https://kawalpemilu.org#19218,"RIMAU SUNGSANG, BANYUASIN II, BANYUASIN, SUMATERA SELATAN",1,127,111,238
https://kawalpemilu.org#19218,"RIMAU SUNGSANG, BANYUASIN II, BANYUASIN, SUMATERA SELATAN",2,161,68,229
https://kawalpemilu.org#19218,"RIMAU SUNGSANG, BANYUASIN II, BANYUASIN, SUMATERA SELATAN",3,188,56,244
https://kawalpemilu.org#19218,"RIMAU SUNGSANG, BANYUASIN II, BANYUASIN, SUMATERA SELATAN",4,103,32,135
https://kawalpemilu.org#19218,"RIMAU SUNGSANG, BANYUASIN II, BANYUASIN, SUMATERA SELATAN",5,132,17,149
https://kawalpemilu.org#19219,"MEKAR SARI, BANYUASIN II, BANYUASIN, SUMATERA SELATAN",2,155,38,193
https://kawalpemilu.org#19219,"MEKAR SARI, BANYUASIN II, BANYUASIN, SUMATERA SELATAN",3,151,76,227
https://kawalpemilu.org#19219,"MEKAR SARI, BANYUASIN II, BANYUASIN, SUMATERA SELATAN",4,206,34,240
https://kawalpemilu.org#19220,"MARGA SUNGSANG, BANYUASIN II, BANYUASIN, SUMATERA SELATAN",1,140,59,199
https://kawalpemilu.org#19220,"MARGA SUNGSANG, BANYUASIN II, BANYUASIN, SUMATERA SELATAN",2,112,38,150
https://kawalpemilu.org#19220,"MARGA SUNGSANG, BANYUASIN II, BANYUASIN, SUMATERA SELATAN",3,137,24,161
https://kawalpemilu.org#19220,"MARGA SUNGSANG, BANYUASIN II, BANYUASIN, SUMATERA SELATAN",4,156,33,189
https://kawalpemilu.org#19220,"MARGA SUNGSANG, BANYUASIN II, BANYUASIN, SUMATERA SELATAN",5,164,28,192
https://kawalpemilu.org#19220,"MARGA SUNGSANG, BANYUASIN II, BANYUASIN, SUMATERA SELATAN",6,194,43,237
https://kawalpemilu.org#19220,"MARGA SUNGSANG, BANYUASIN II, BANYUASIN, SUMATERA SELATAN",7,191,41,232
https://kawalpemilu.org#19220,"MARGA SUNGSANG, BANYUASIN II, BANYUASIN, SUMATERA SELATAN",8,101,32,133
https://kawalpemilu.org#19221,"MUARA SUNGSANG, BANYUASIN II, BANYUASIN, SUMATERA SELATAN",1,149,98,247
https://kawalpemilu.org#19221,"MUARA SUNGSANG, BANYUASIN II, BANYUASIN, SUMATERA SELATAN",2,114,56,170
https://kawalpemilu.org#19221,"MUARA SUNGSANG, BANYUASIN II, BANYUASIN, SUMATERA SELATAN",3,65,87,152
https://kawalpemilu.org#19221,"MUARA SUNGSANG, BANYUASIN II, BANYUASIN, SUMATERA SELATAN",4,96,102,198
https://kawalpemilu.org#19221,"MUARA SUNGSANG, BANYUASIN II, BANYUASIN, SUMATERA SELATAN",5,61,50,111
https://kawalpemilu.org#19225,"PANGKALAN BALAI, BANYUASIN III, BANYUASIN, SUMATERA SELATAN",1,58,211,269
https://kawalpemilu.org#19225,"PANGKALAN BALAI, BANYUASIN III, BANYUASIN, SUMATERA SELATAN",2,46,182,228
https://kawalpemilu.org#19225,"PANGKALAN BALAI, BANYUASIN III, BANYUASIN, SUMATERA SELATAN",3,61,206,267
https://kawalpemilu.org#19225,"PANGKALAN BALAI, BANYUASIN III, BANYUASIN, SUMATERA SELATAN",4,45,176,221
https://kawalpemilu.org#19225,"PANGKALAN BALAI, BANYUASIN III, BANYUASIN, SUMATERA SELATAN",5,64,172,236
https://kawalpemilu.org#19225,"PANGKALAN BALAI, BANYUASIN III, BANYUASIN, SUMATERA SELATAN",6,69,191,260
https://kawalpemilu.org#19225,"PANGKALAN BALAI, BANYUASIN III, BANYUASIN, SUMATERA SELATAN",7,60,170,230
https://kawalpemilu.org#19225,"PANGKALAN BALAI, BANYUASIN III, BANYUASIN, SUMATERA SELATAN",8,46,153,199
https://kawalpemilu.org#19225,"PANGKALAN BALAI, BANYUASIN III, BANYUASIN, SUMATERA SELATAN",9,48,208,256
https://kawalpemilu.org#19225,"PANGKALAN BALAI, BANYUASIN III, BANYUASIN, SUMATERA SELATAN",10,51,212,263
https://kawalpemilu.org#19225,"PANGKALAN BALAI, BANYUASIN III, BANYUASIN, SUMATERA SELATAN",11,49,231,280
https://kawalpemilu.org#19225,"PANGKALAN BALAI, BANYUASIN III, BANYUASIN, SUMATERA SELATAN",12,84,130,214
https://kawalpemilu.org#19225,"PANGKALAN BALAI, BANYUASIN III, BANYUASIN, SUMATERA SELATAN",13,93,120,213
https://kawalpemilu.org#19225,"PANGKALAN BALAI, BANYUASIN III, BANYUASIN, SUMATERA SELATAN",14,100,133,233
https://kawalpemilu.org#19225,"PANGKALAN BALAI, BANYUASIN III, BANYUASIN, SUMATERA SELATAN",15,58,190,248
https://kawalpemilu.org#19225,"PANGKALAN BALAI, BANYUASIN III, BANYUASIN, SUMATERA SELATAN",16,41,160,201
https://kawalpemilu.org#19225,"PANGKALAN BALAI, BANYUASIN III, BANYUASIN, SUMATERA SELATAN",17,40,189,229
https://kawalpemilu.org#19225,"PANGKALAN BALAI, BANYUASIN III, BANYUASIN, SUMATERA SELATAN",18,71,123,194
https://kawalpemilu.org#19225,"PANGKALAN BALAI, BANYUASIN III, BANYUASIN, SUMATERA SELATAN",19,77,125,202
https://kawalpemilu.org#19225,"PANGKALAN BALAI, BANYUASIN III, BANYUASIN, SUMATERA SELATAN",20,119,77,196
https://kawalpemilu.org#19225,"PANGKALAN BALAI, BANYUASIN III, BANYUASIN, SUMATERA SELATAN",21,68,145,213
https://kawalpemilu.org#19225,"PANGKALAN BALAI, BANYUASIN III, BANYUASIN, SUMATERA SELATAN",22,54,142,196
https://kawalpemilu.org#19225,"PANGKALAN BALAI, BANYUASIN III, BANYUASIN, SUMATERA SELATAN",23,46,133,179
https://kawalpemilu.org#19225,"PANGKALAN BALAI, BANYUASIN III, BANYUASIN, SUMATERA SELATAN",24,50,130,180
https://kawalpemilu.org#19225,"PANGKALAN BALAI, BANYUASIN III, BANYUASIN, SUMATERA SELATAN",25,42,177,219
https://kawalpemilu.org#19225,"PANGKALAN BALAI, BANYUASIN III, BANYUASIN, SUMATERA SELATAN",26,19,109,128
https://kawalpemilu.org#19225,"PANGKALAN BALAI, BANYUASIN III, BANYUASIN, SUMATERA SELATAN",27,31,103,134
https://kawalpemilu.org#19225,"PANGKALAN BALAI, BANYUASIN III, BANYUASIN, SUMATERA SELATAN",28,67,105,172
https://kawalpemilu.org#19225,"PANGKALAN BALAI, BANYUASIN III, BANYUASIN, SUMATERA SELATAN",29,34,155,189
https://kawalpemilu.org#19226,"KEDONDONG RAYE, BANYUASIN III, BANYUASIN, SUMATERA SELATAN",1,26,90,116
https://kawalpemilu.org#19226,"KEDONDONG RAYE, BANYUASIN III, BANYUASIN, SUMATERA SELATAN",2,19,71,90
https://kawalpemilu.org#19226,"KEDONDONG RAYE, BANYUASIN III, BANYUASIN, SUMATERA SELATAN",3,46,177,223
https://kawalpemilu.org#19226,"KEDONDONG RAYE, BANYUASIN III, BANYUASIN, SUMATERA SELATAN",4,20,109,129
https://kawalpemilu.org#19226,"KEDONDONG RAYE, BANYUASIN III, BANYUASIN, SUMATERA SELATAN",5,43,128,171
https://kawalpemilu.org#19226,"KEDONDONG RAYE, BANYUASIN III, BANYUASIN, SUMATERA SELATAN",6,26,107,133
https://kawalpemilu.org#19226,"KEDONDONG RAYE, BANYUASIN III, BANYUASIN, SUMATERA SELATAN",7,23,143,166
https://kawalpemilu.org#19226,"KEDONDONG RAYE, BANYUASIN III, BANYUASIN, SUMATERA SELATAN",8,37,180,217
https://kawalpemilu.org#19226,"KEDONDONG RAYE, BANYUASIN III, BANYUASIN, SUMATERA SELATAN",9,44,173,217
https://kawalpemilu.org#19226,"KEDONDONG RAYE, BANYUASIN III, BANYUASIN, SUMATERA SELATAN",10,45,168,213
https://kawalpemilu.org#19226,"KEDONDONG RAYE, BANYUASIN III, BANYUASIN, SUMATERA SELATAN",11,56,195,251
https://kawalpemilu.org#19226,"KEDONDONG RAYE, BANYUASIN III, BANYUASIN, SUMATERA SELATAN",12,48,139,187
https://kawalpemilu.org#19226,"KEDONDONG RAYE, BANYUASIN III, BANYUASIN, SUMATERA SELATAN",13,39,130,169
https://kawalpemilu.org#19226,"KEDONDONG RAYE, BANYUASIN III, BANYUASIN, SUMATERA SELATAN",14,55,128,183
https://kawalpemilu.org#19226,"KEDONDONG RAYE, BANYUASIN III, BANYUASIN, SUMATERA SELATAN",15,54,162,216
https://kawalpemilu.org#19226,"KEDONDONG RAYE, BANYUASIN III, BANYUASIN, SUMATERA SELATAN",16,41,132,173
https://kawalpemilu.org#19226,"KEDONDONG RAYE, BANYUASIN III, BANYUASIN, SUMATERA SELATAN",17,71,155,226
https://kawalpemilu.org#19226,"KEDONDONG RAYE, BANYUASIN III, BANYUASIN, SUMATERA SELATAN",18,66,108,174
https://kawalpemilu.org#19226,"KEDONDONG RAYE, BANYUASIN III, BANYUASIN, SUMATERA SELATAN",19,40,125,165
https://kawalpemilu.org#19226,"KEDONDONG RAYE, BANYUASIN III, BANYUASIN, SUMATERA SELATAN",20,42,147,189
https://kawalpemilu.org#19226,"KEDONDONG RAYE, BANYUASIN III, BANYUASIN, SUMATERA SELATAN",21,49,179,228
https://kawalpemilu.org#19226,"KEDONDONG RAYE, BANYUASIN III, BANYUASIN, SUMATERA SELATAN",22,34,89,123
https://kawalpemilu.org#19226,"KEDONDONG RAYE, BANYUASIN III, BANYUASIN, SUMATERA SELATAN",23,35,147,182
https://kawalpemilu.org#19226,"KEDONDONG RAYE, BANYUASIN III, BANYUASIN, SUMATERA SELATAN",24,45,101,146
https://kawalpemilu.org#19226,"KEDONDONG RAYE, BANYUASIN III, BANYUASIN, SUMATERA SELATAN",25,51,133,184
https://kawalpemilu.org#19226,"KEDONDONG RAYE, BANYUASIN III, BANYUASIN, SUMATERA SELATAN",26,47,120,167
https://kawalpemilu.org#19226,"KEDONDONG RAYE, BANYUASIN III, BANYUASIN, SUMATERA SELATAN",27,22,136,158
https://kawalpemilu.org#19226,"KEDONDONG RAYE, BANYUASIN III, BANYUASIN, SUMATERA SELATAN",28,46,198,244
https://kawalpemilu.org#19232,"LANGKAN, BANYUASIN III, BANYUASIN, SUMATERA SELATAN",1,54,167,221
https://kawalpemilu.org#19232,"LANGKAN, BANYUASIN III, BANYUASIN, SUMATERA SELATAN",2,63,130,193
https://kawalpemilu.org#19232,"LANGKAN, BANYUASIN III, BANYUASIN, SUMATERA SELATAN",3,38,133,171
https://kawalpemilu.org#19232,"LANGKAN, BANYUASIN III, BANYUASIN, SUMATERA SELATAN",4,49,137,186
https://kawalpemilu.org#19232,"LANGKAN, BANYUASIN III, BANYUASIN, SUMATERA SELATAN",5,36,183,219
https://kawalpemilu.org#19232,"LANGKAN, BANYUASIN III, BANYUASIN, SUMATERA SELATAN",6,55,206,261
https://kawalpemilu.org#19232,"LANGKAN, BANYUASIN III, BANYUASIN, SUMATERA SELATAN",7,55,230,285
https://kawalpemilu.org#19232,"LANGKAN, BANYUASIN III, BANYUASIN, SUMATERA SELATAN",8,33,188,221
https://kawalpemilu.org#19232,"LANGKAN, BANYUASIN III, BANYUASIN, SUMATERA SELATAN",9,59,214,273
https://kawalpemilu.org#19232,"LANGKAN, BANYUASIN III, BANYUASIN, SUMATERA SELATAN",10,107,102,209
https://kawalpemilu.org#19232,"LANGKAN, BANYUASIN III, BANYUASIN, SUMATERA SELATAN",11,52,190,243
https://kawalpemilu.org#19232,"LANGKAN, BANYUASIN III, BANYUASIN, SUMATERA SELATAN",12,36,159,195
https://kawalpemilu.org#19232,"LANGKAN, BANYUASIN III, BANYUASIN, SUMATERA SELATAN",13,48,174,222
https://kawalpemilu.org#19232,"LANGKAN, BANYUASIN III, BANYUASIN, SUMATERA SELATAN",14,55,135,190
https://kawalpemilu.org#19232,"LANGKAN, BANYUASIN III, BANYUASIN, SUMATERA SELATAN",15,30,90,120
https://kawalpemilu.org#19233,"PANGKALAN PANJI, BANYUASIN III, BANYUASIN, SUMATERA SELATAN",1,33,207,240
https://kawalpemilu.org#19233,"PANGKALAN PANJI, BANYUASIN III, BANYUASIN, SUMATERA SELATAN",2,38,189,227
https://kawalpemilu.org#19233,"PANGKALAN PANJI, BANYUASIN III, BANYUASIN, SUMATERA SELATAN",3,29,206,235
https://kawalpemilu.org#19233,"PANGKALAN PANJI, BANYUASIN III, BANYUASIN, SUMATERA SELATAN",4,49,176,225
https://kawalpemilu.org#19233,"PANGKALAN PANJI, BANYUASIN III, BANYUASIN, SUMATERA SELATAN",5,175,112,187
https://kawalpemilu.org#19233,"PANGKALAN PANJI, BANYUASIN III, BANYUASIN, SUMATERA SELATAN",6,58,152,210
https://kawalpemilu.org#19233,"PANGKALAN PANJI, BANYUASIN III, BANYUASIN, SUMATERA SELATAN",7,87,151,238
https://kawalpemilu.org#19233,"PANGKALAN PANJI, BANYUASIN III, BANYUASIN, SUMATERA SELATAN",8,30,114,144
https://kawalpemilu.org#19233,"PANGKALAN PANJI, BANYUASIN III, BANYUASIN, SUMATERA SELATAN",9,66,95,161
https://kawalpemilu.org#19233,"PANGKALAN PANJI, BANYUASIN III, BANYUASIN, SUMATERA SELATAN",10,52,111,163
https://kawalpemilu.org#19233,"PANGKALAN PANJI, BANYUASIN III, BANYUASIN, SUMATERA SELATAN",11,35,141,176
https://kawalpemilu.org#19233,"PANGKALAN PANJI, BANYUASIN III, BANYUASIN, SUMATERA SELATAN",12,13,70,83
https://kawalpemilu.org#19234,"KAYUARA KUNING, BANYUASIN III, BANYUASIN, SUMATERA SELATAN",1,45,185,230
https://kawalpemilu.org#19234,"KAYUARA KUNING, BANYUASIN III, BANYUASIN, SUMATERA SELATAN",3,67,127,194
https://kawalpemilu.org#19234,"KAYUARA KUNING, BANYUASIN III, BANYUASIN, SUMATERA SELATAN",4,46,182,228
https://kawalpemilu.org#19234,"KAYUARA KUNING, BANYUASIN III, BANYUASIN, SUMATERA SELATAN",5,121,146,267
https://kawalpemilu.org#19234,"KAYUARA KUNING, BANYUASIN III, BANYUASIN, SUMATERA SELATAN",6,60,170,230
https://kawalpemilu.org#19234,"KAYUARA KUNING, BANYUASIN III, BANYUASIN, SUMATERA SELATAN",7,33,197,230
https://kawalpemilu.org#19234,"KAYUARA KUNING, BANYUASIN III, BANYUASIN, SUMATERA SELATAN",8,17,183,200
https://kawalpemilu.org#19235,"MULYA AGUNG, BANYUASIN III, BANYUASIN, SUMATERA SELATAN",1,69,96,165
https://kawalpemilu.org#19235,"MULYA AGUNG, BANYUASIN III, BANYUASIN, SUMATERA SELATAN",2,92,134,226
https://kawalpemilu.org#19235,"MULYA AGUNG, BANYUASIN III, BANYUASIN, SUMATERA SELATAN",3,54,158,212
https://kawalpemilu.org#19235,"MULYA AGUNG, BANYUASIN III, BANYUASIN, SUMATERA SELATAN",4,28,82,110
https://kawalpemilu.org#19235,"MULYA AGUNG, BANYUASIN III, BANYUASIN, SUMATERA SELATAN",5,50,132,182
https://kawalpemilu.org#19235,"MULYA AGUNG, BANYUASIN III, BANYUASIN, SUMATERA SELATAN",6,30,107,137
https://kawalpemilu.org#19235,"MULYA AGUNG, BANYUASIN III, BANYUASIN, SUMATERA SELATAN",7,42,192,234
https://kawalpemilu.org#19236,"LUBUK SAUNG, BANYUASIN III, BANYUASIN, SUMATERA SELATAN",1,18,168,204
https://kawalpemilu.org#19236,"LUBUK SAUNG, BANYUASIN III, BANYUASIN, SUMATERA SELATAN",2,26,208,234
https://kawalpemilu.org#19236,"LUBUK SAUNG, BANYUASIN III, BANYUASIN, SUMATERA SELATAN",3,19,173,192
https://kawalpemilu.org#19236,"LUBUK SAUNG, BANYUASIN III, BANYUASIN, SUMATERA SELATAN",4,33,201,234
https://kawalpemilu.org#19236,"LUBUK SAUNG, BANYUASIN III, BANYUASIN, SUMATERA SELATAN",5,28,195,223
https://kawalpemilu.org#19237,"UJUNG TANJUNG, BANYUASIN III, BANYUASIN, SUMATERA SELATAN",1,53,163,216
https://kawalpemilu.org#19237,"UJUNG TANJUNG, BANYUASIN III, BANYUASIN, SUMATERA SELATAN",2,17,169,186
https://kawalpemilu.org#19237,"UJUNG TANJUNG, BANYUASIN III, BANYUASIN, SUMATERA SELATAN",3,31,176,207
https://kawalpemilu.org#19237,"UJUNG TANJUNG, BANYUASIN III, BANYUASIN, SUMATERA SELATAN",4,33,169,202
https://kawalpemilu.org#19237,"UJUNG TANJUNG, BANYUASIN III, BANYUASIN, SUMATERA SELATAN",5,32,232,264
https://kawalpemilu.org#19237,"UJUNG TANJUNG, BANYUASIN III, BANYUASIN, SUMATERA SELATAN",6,23,204,227
https://kawalpemilu.org#19238,"SIDANG MAS, BANYUASIN III, BANYUASIN, SUMATERA SELATAN",1,36,119,155
https://kawalpemilu.org#19238,"SIDANG MAS, BANYUASIN III, BANYUASIN, SUMATERA SELATAN",2,85,142,227
https://kawalpemilu.org#19238,"SIDANG MAS, BANYUASIN III, BANYUASIN, SUMATERA SELATAN",3,29,178,207
https://kawalpemilu.org#19238,"SIDANG MAS, BANYUASIN III, BANYUASIN, SUMATERA SELATAN",4,11,208,219
https://kawalpemilu.org#19238,"SIDANG MAS, BANYUASIN III, BANYUASIN, SUMATERA SELATAN",5,11,125,136
https://kawalpemilu.org#19238,"SIDANG MAS, BANYUASIN III, BANYUASIN, SUMATERA SELATAN",6,32,175,207
https://kawalpemilu.org#19238,"SIDANG MAS, BANYUASIN III, BANYUASIN, SUMATERA SELATAN",7,31,145,176
https://kawalpemilu.org#19239,"GALANG TINGGI, BANYUASIN III, BANYUASIN, SUMATERA SELATAN",1,25,187,212
https://kawalpemilu.org#19239,"GALANG TINGGI, BANYUASIN III, BANYUASIN, SUMATERA SELATAN",2,38,153,191
https://kawalpemilu.org#19239,"GALANG TINGGI, BANYUASIN III, BANYUASIN, SUMATERA SELATAN",3,54,150,204
https://kawalpemilu.org#19239,"GALANG TINGGI, BANYUASIN III, BANYUASIN, SUMATERA SELATAN",4,95,145,240
https://kawalpemilu.org#19239,"GALANG TINGGI, BANYUASIN III, BANYUASIN, SUMATERA SELATAN",5,27,193,220
https://kawalpemilu.org#19239,"GALANG TINGGI, BANYUASIN III, BANYUASIN, SUMATERA SELATAN",6,57,174,231
https://kawalpemilu.org#19239,"GALANG TINGGI, BANYUASIN III, BANYUASIN, SUMATERA SELATAN",7,79,116,195
https://kawalpemilu.org#19239,"GALANG TINGGI, BANYUASIN III, BANYUASIN, SUMATERA SELATAN",8,101,172,273
https://kawalpemilu.org#19240,"PETALING, BANYUASIN III, BANYUASIN, SUMATERA SELATAN",1,77,153,230
https://kawalpemilu.org#19240,"PETALING, BANYUASIN III, BANYUASIN, SUMATERA SELATAN",2,87,144,231
https://kawalpemilu.org#19240,"PETALING, BANYUASIN III, BANYUASIN, SUMATERA SELATAN",3,38,186,224
https://kawalpemilu.org#19240,"PETALING, BANYUASIN III, BANYUASIN, SUMATERA SELATAN",4,55,152,207
https://kawalpemilu.org#19240,"PETALING, BANYUASIN III, BANYUASIN, SUMATERA SELATAN",5,58,167,225
https://kawalpemilu.org#19240,"PETALING, BANYUASIN III, BANYUASIN, SUMATERA SELATAN",6,84,145,229
https://kawalpemilu.org#19241,"RIMBA ALAI, BANYUASIN III, BANYUASIN, SUMATERA SELATAN",1,27,225,252
https://kawalpemilu.org#19241,"RIMBA ALAI, BANYUASIN III, BANYUASIN, SUMATERA SELATAN",2,17,222,239
https://kawalpemilu.org#19241,"RIMBA ALAI, BANYUASIN III, BANYUASIN, SUMATERA SELATAN",3,14,190,204
https://kawalpemilu.org#19242,"PELAJAU ILIR, BANYUASIN III, BANYUASIN, SUMATERA SELATAN",1,20,210,230
https://kawalpemilu.org#19242,"PELAJAU ILIR, BANYUASIN III, BANYUASIN, SUMATERA SELATAN",2,12,207,219
https://kawalpemilu.org#19243,"REGAN AGUNG, BANYUASIN III, BANYUASIN, SUMATERA SELATAN",1,19,209,228
https://kawalpemilu.org#19243,"REGAN AGUNG, BANYUASIN III, BANYUASIN, SUMATERA SELATAN",2,18,172,190
https://kawalpemilu.org#19243,"REGAN AGUNG, BANYUASIN III, BANYUASIN, SUMATERA SELATAN",3,19,202,221
https://kawalpemilu.org#19243,"REGAN AGUNG, BANYUASIN III, BANYUASIN, SUMATERA SELATAN",4,26,179,205
https://kawalpemilu.org#19243,"REGAN AGUNG, BANYUASIN III, BANYUASIN, SUMATERA SELATAN",5,22,190,212
https://kawalpemilu.org#19244,"SUKAMULYA, BANYUASIN III, BANYUASIN, SUMATERA SELATAN",1,47,169,216
https://kawalpemilu.org#19244,"SUKAMULYA, BANYUASIN III, BANYUASIN, SUMATERA SELATAN",2,42,175,217
https://kawalpemilu.org#19244,"SUKAMULYA, BANYUASIN III, BANYUASIN, SUMATERA SELATAN",3,16,195,211
https://kawalpemilu.org#19245,"TANJUNGAGUNG, BANYUASIN III, BANYUASIN, SUMATERA SELATAN",1,42,232,274
https://kawalpemilu.org#19245,"TANJUNGAGUNG, BANYUASIN III, BANYUASIN, SUMATERA SELATAN",2,62,136,198
https://kawalpemilu.org#19246,"TANJUNGMENANG, BANYUASIN III, BANYUASIN, SUMATERA SELATAN",1,43,168,211
https://kawalpemilu.org#19246,"TANJUNGMENANG, BANYUASIN III, BANYUASIN, SUMATERA SELATAN",2,18,194,212
https://kawalpemilu.org#19246,"TANJUNGMENANG, BANYUASIN III, BANYUASIN, SUMATERA SELATAN",3,30,190,220
https://kawalpemilu.org#19246,"TANJUNGMENANG, BANYUASIN III, BANYUASIN, SUMATERA SELATAN",4,26,221,247
https://kawalpemilu.org#19247,"SRI BANDUNG, BANYUASIN III, BANYUASIN, SUMATERA SELATAN",2,39,162,201
https://kawalpemilu.org#19247,"SRI BANDUNG, BANYUASIN III, BANYUASIN, SUMATERA SELATAN",3,30,54,84
https://kawalpemilu.org#19248,"SETERIO, BANYUASIN III, BANYUASIN, SUMATERA SELATAN",3,39,111,150
https://kawalpemilu.org#19248,"SETERIO, BANYUASIN III, BANYUASIN, SUMATERA SELATAN",5,53,111,164
https://kawalpemilu.org#19248,"SETERIO, BANYUASIN III, BANYUASIN, SUMATERA SELATAN",6,42,121,163
https://kawalpemilu.org#19248,"SETERIO, BANYUASIN III, BANYUASIN, SUMATERA SELATAN",7,40,114,154
https://kawalpemilu.org#19248,"SETERIO, BANYUASIN III, BANYUASIN, SUMATERA SELATAN",8,49,128,177
https://kawalpemilu.org#19248,"SETERIO, BANYUASIN III, BANYUASIN, SUMATERA SELATAN",9,39,175,214
https://kawalpemilu.org#19248,"SETERIO, BANYUASIN III, BANYUASIN, SUMATERA SELATAN",10,35,174,209
https://kawalpemilu.org#19248,"SETERIO, BANYUASIN III, BANYUASIN, SUMATERA SELATAN",11,44,193,237
https://kawalpemilu.org#19248,"SETERIO, BANYUASIN III, BANYUASIN, SUMATERA SELATAN",12,49,148,197
https://kawalpemilu.org#19248,"SETERIO, BANYUASIN III, BANYUASIN, SUMATERA SELATAN",13,0,0,0
https://kawalpemilu.org#19248,"SETERIO, BANYUASIN III, BANYUASIN, SUMATERA SELATAN",14,33,87,120
https://kawalpemilu.org#19248,"SETERIO, BANYUASIN III, BANYUASIN, SUMATERA SELATAN",15,55,119,174
https://kawalpemilu.org#19248,"SETERIO, BANYUASIN III, BANYUASIN, SUMATERA SELATAN",16,88,65,153
https://kawalpemilu.org#19248,"SETERIO, BANYUASIN III, BANYUASIN, SUMATERA SELATAN",18,70,153,223
https://kawalpemilu.org#19248,"SETERIO, BANYUASIN III, BANYUASIN, SUMATERA SELATAN",19,28,161,189
https://kawalpemilu.org#19248,"SETERIO, BANYUASIN III, BANYUASIN, SUMATERA SELATAN",20,19,93,112
https://kawalpemilu.org#19249,"PELAJAU, BANYUASIN III, BANYUASIN, SUMATERA SELATAN",1,17,221,238
https://kawalpemilu.org#19249,"PELAJAU, BANYUASIN III, BANYUASIN, SUMATERA SELATAN",2,38,158,196
https://kawalpemilu.org#19249,"PELAJAU, BANYUASIN III, BANYUASIN, SUMATERA SELATAN",3,15,183,198
https://kawalpemilu.org#19249,"PELAJAU, BANYUASIN III, BANYUASIN, SUMATERA SELATAN",4,8,192,200
https://kawalpemilu.org#19249,"PELAJAU, BANYUASIN III, BANYUASIN, SUMATERA SELATAN",5,15,202,217
https://kawalpemilu.org#19250,"TANJUNGBERINGIN, BANYUASIN III, BANYUASIN, SUMATERA SELATAN",1,46,207,253
https://kawalpemilu.org#19250,"TANJUNGBERINGIN, BANYUASIN III, BANYUASIN, SUMATERA SELATAN",2,10,165,175
https://kawalpemilu.org#19250,"TANJUNGBERINGIN, BANYUASIN III, BANYUASIN, SUMATERA SELATAN",3,17,224,241
https://kawalpemilu.org#19250,"TANJUNGBERINGIN, BANYUASIN III, BANYUASIN, SUMATERA SELATAN",4,9,167,176
https://kawalpemilu.org#19250,"TANJUNGBERINGIN, BANYUASIN III, BANYUASIN, SUMATERA SELATAN",5,17,162,179
https://kawalpemilu.org#19251,"TERENTANG, BANYUASIN III, BANYUASIN, SUMATERA SELATAN",1,69,152,221
https://kawalpemilu.org#19251,"TERENTANG, BANYUASIN III, BANYUASIN, SUMATERA SELATAN",2,27,202,229
https://kawalpemilu.org#19251,"TERENTANG, BANYUASIN III, BANYUASIN, SUMATERA SELATAN",4,74,135,209
https://kawalpemilu.org#19253,"TANJUNGKEPAYANG, BANYUASIN III, BANYUASIN, SUMATERA SELATAN",1,25,214,239
https://kawalpemilu.org#19253,"TANJUNGKEPAYANG, BANYUASIN III, BANYUASIN, SUMATERA SELATAN",2,54,175,229
https://kawalpemilu.org#19253,"TANJUNGKEPAYANG, BANYUASIN III, BANYUASIN, SUMATERA SELATAN",3,19,95,114
https://kawalpemilu.org#19258,"TERLANGU, BANYUASIN III, BANYUASIN, SUMATERA SELATAN",1,25,139,164
https://kawalpemilu.org#19258,"TERLANGU, BANYUASIN III, BANYUASIN, SUMATERA SELATAN",2,19,144,163
https://kawalpemilu.org#19259,"SUKARAJA BARU, BANYUASIN III, BANYUASIN, SUMATERA SELATAN",1,38,159,197
https://kawalpemilu.org#19259,"SUKARAJA BARU, BANYUASIN III, BANYUASIN, SUMATERA SELATAN",2,24,183,207
https://kawalpemilu.org#19262,"RIMBA BALAI, BANYUASIN III, BANYUASIN, SUMATERA SELATAN",1,34,176,210
https://kawalpemilu.org#19262,"RIMBA BALAI, BANYUASIN III, BANYUASIN, SUMATERA SELATAN",2,36,142,178
https://kawalpemilu.org#19264,"TELUK BETUNG, PULAU RIMAU, BANYUASIN, SUMATERA SELATAN",1,86,97,183
https://kawalpemilu.org#19264,"TELUK BETUNG, PULAU RIMAU, BANYUASIN, SUMATERA SELATAN",2,93,133,226
https://kawalpemilu.org#19264,"TELUK BETUNG, PULAU RIMAU, BANYUASIN, SUMATERA SELATAN",3,77,55,132
https://kawalpemilu.org#19264,"TELUK BETUNG, PULAU RIMAU, BANYUASIN, SUMATERA SELATAN",4,76,75,151
https://kawalpemilu.org#19264,"TELUK BETUNG, PULAU RIMAU, BANYUASIN, SUMATERA SELATAN",5,111,84,195
https://kawalpemilu.org#19264,"TELUK BETUNG, PULAU RIMAU, BANYUASIN, SUMATERA SELATAN",6,106,69,175
https://kawalpemilu.org#19264,"TELUK BETUNG, PULAU RIMAU, BANYUASIN, SUMATERA SELATAN",7,115,80,195
https://kawalpemilu.org#19264,"TELUK BETUNG, PULAU RIMAU, BANYUASIN, SUMATERA SELATAN",8,79,39,118
https://kawalpemilu.org#19264,"TELUK BETUNG, PULAU RIMAU, BANYUASIN, SUMATERA SELATAN",9,79,36,115
https://kawalpemilu.org#19265,"PENUGUAN, PULAU RIMAU, BANYUASIN, SUMATERA SELATAN",1,101,92,193
https://kawalpemilu.org#19265,"PENUGUAN, PULAU RIMAU, BANYUASIN, SUMATERA SELATAN",2,78,76,154
https://kawalpemilu.org#19265,"PENUGUAN, PULAU RIMAU, BANYUASIN, SUMATERA SELATAN",3,118,82,200
https://kawalpemilu.org#19265,"PENUGUAN, PULAU RIMAU, BANYUASIN, SUMATERA SELATAN",4,116,52,168
https://kawalpemilu.org#19265,"PENUGUAN, PULAU RIMAU, BANYUASIN, SUMATERA SELATAN",5,83,107,190
https://kawalpemilu.org#19265,"PENUGUAN, PULAU RIMAU, BANYUASIN, SUMATERA SELATAN",6,82,48,130
https://kawalpemilu.org#19265,"PENUGUAN, PULAU RIMAU, BANYUASIN, SUMATERA SELATAN",7,84,68,152
https://kawalpemilu.org#19265,"PENUGUAN, PULAU RIMAU, BANYUASIN, SUMATERA SELATAN",8,65,41,106
https://kawalpemilu.org#19265,"PENUGUAN, PULAU RIMAU, BANYUASIN, SUMATERA SELATAN",9,42,81,123
https://kawalpemilu.org#19265,"PENUGUAN, PULAU RIMAU, BANYUASIN, SUMATERA SELATAN",10,65,95,160
https://kawalpemilu.org#19265,"PENUGUAN, PULAU RIMAU, BANYUASIN, SUMATERA SELATAN",11,55,90,145
https://kawalpemilu.org#19265,"PENUGUAN, PULAU RIMAU, BANYUASIN, SUMATERA SELATAN",12,78,64,142
https://kawalpemilu.org#19265,"PENUGUAN, PULAU RIMAU, BANYUASIN, SUMATERA SELATAN",13,60,97,157
https://kawalpemilu.org#19265,"PENUGUAN, PULAU RIMAU, BANYUASIN, SUMATERA SELATAN",14,82,38,120
https://kawalpemilu.org#19265,"PENUGUAN, PULAU RIMAU, BANYUASIN, SUMATERA SELATAN",15,129,32,161
https://kawalpemilu.org#19266,"MUKUT, PULAU RIMAU, BANYUASIN, SUMATERA SELATAN",1,90,22,112
https://kawalpemilu.org#19266,"MUKUT, PULAU RIMAU, BANYUASIN, SUMATERA SELATAN",2,87,17,104
https://kawalpemilu.org#19266,"MUKUT, PULAU RIMAU, BANYUASIN, SUMATERA SELATAN",3,97,77,174
https://kawalpemilu.org#19266,"MUKUT, PULAU RIMAU, BANYUASIN, SUMATERA SELATAN",4,59,62,121
https://kawalpemilu.org#19267,"SUMBER REJEKI, PULAU RIMAU, BANYUASIN, SUMATERA SELATAN",1,155,17,172
https://kawalpemilu.org#19267,"SUMBER REJEKI, PULAU RIMAU, BANYUASIN, SUMATERA SELATAN",2,162,27,189
https://kawalpemilu.org#19267,"SUMBER REJEKI, PULAU RIMAU, BANYUASIN, SUMATERA SELATAN",3,146,24,170
https://kawalpemilu.org#19267,"SUMBER REJEKI, PULAU RIMAU, BANYUASIN, SUMATERA SELATAN",4,161,17,178
https://kawalpemilu.org#19268,"DANA MULYA, PULAU RIMAU, BANYUASIN, SUMATERA SELATAN",1,162,37,199
https://kawalpemilu.org#19268,"DANA MULYA, PULAU RIMAU, BANYUASIN, SUMATERA SELATAN",2,210,20,230
https://kawalpemilu.org#19268,"DANA MULYA, PULAU RIMAU, BANYUASIN, SUMATERA SELATAN",3,177,37,214
https://kawalpemilu.org#19268,"DANA MULYA, PULAU RIMAU, BANYUASIN, SUMATERA SELATAN",4,152,37,189
https://kawalpemilu.org#19269,"WANA MUKTI, PULAU RIMAU, BANYUASIN, SUMATERA SELATAN",1,130,29,159
https://kawalpemilu.org#19269,"WANA MUKTI, PULAU RIMAU, BANYUASIN, SUMATERA SELATAN",2,131,35,166
https://kawalpemilu.org#19269,"WANA MUKTI, PULAU RIMAU, BANYUASIN, SUMATERA SELATAN",3,140,68,208
https://kawalpemilu.org#19270,"BUDI ASIH, PULAU RIMAU, BANYUASIN, SUMATERA SELATAN",1,185,33,218
https://kawalpemilu.org#19270,"BUDI ASIH, PULAU RIMAU, BANYUASIN, SUMATERA SELATAN",2,167,44,211
https://kawalpemilu.org#19270,"BUDI ASIH, PULAU RIMAU, BANYUASIN, SUMATERA SELATAN",3,190,20,210
https://kawalpemilu.org#19270,"BUDI ASIH, PULAU RIMAU, BANYUASIN, SUMATERA SELATAN",4,186,31,217
https://kawalpemilu.org#19271,"SUMBER REJO, PULAU RIMAU, BANYUASIN, SUMATERA SELATAN",1,139,57,196
https://kawalpemilu.org#19271,"SUMBER REJO, PULAU RIMAU, BANYUASIN, SUMATERA SELATAN",2,145,68,213
https://kawalpemilu.org#19271,"SUMBER REJO, PULAU RIMAU, BANYUASIN, SUMATERA SELATAN",3,191,38,229
https://kawalpemilu.org#19271,"SUMBER REJO, PULAU RIMAU, BANYUASIN, SUMATERA SELATAN",4,204,26,230
https://kawalpemilu.org#19271,"SUMBER REJO, PULAU RIMAU, BANYUASIN, SUMATERA SELATAN",5,181,63,244
https://kawalpemilu.org#19272,"KELAPA DUA, PULAU RIMAU, BANYUASIN, SUMATERA SELATAN",1,191,45,236
https://kawalpemilu.org#19272,"KELAPA DUA, PULAU RIMAU, BANYUASIN, SUMATERA SELATAN",2,181,47,228
https://kawalpemilu.org#19272,"KELAPA DUA, PULAU RIMAU, BANYUASIN, SUMATERA SELATAN",3,210,23,233
https://kawalpemilu.org#19272,"KELAPA DUA, PULAU RIMAU, BANYUASIN, SUMATERA SELATAN",4,177,21,198
https://kawalpemilu.org#19272,"KELAPA DUA, PULAU RIMAU, BANYUASIN, SUMATERA SELATAN",5,142,76,218
https://kawalpemilu.org#19273,"SUMBER MUKTI, PULAU RIMAU, BANYUASIN, SUMATERA SELATAN",1,130,76,206
https://kawalpemilu.org#19273,"SUMBER MUKTI, PULAU RIMAU, BANYUASIN, SUMATERA SELATAN",2,124,72,196
https://kawalpemilu.org#19273,"SUMBER MUKTI, PULAU RIMAU, BANYUASIN, SUMATERA SELATAN",3,138,57,195
https://kawalpemilu.org#19273,"SUMBER MUKTI, PULAU RIMAU, BANYUASIN, SUMATERA SELATAN",4,149,65,214
https://kawalpemilu.org#19273,"SUMBER MUKTI, PULAU RIMAU, BANYUASIN, SUMATERA SELATAN",5,191,27,218
https://kawalpemilu.org#19273,"SUMBER MUKTI, PULAU RIMAU, BANYUASIN, SUMATERA SELATAN",6,125,68,193
https://kawalpemilu.org#19273,"SUMBER MUKTI, PULAU RIMAU, BANYUASIN, SUMATERA SELATAN",8,181,42,223
https://kawalpemilu.org#19274,"RUKUN MAKMUR, PULAU RIMAU, BANYUASIN, SUMATERA SELATAN",1,116,128,244
https://kawalpemilu.org#19274,"RUKUN MAKMUR, PULAU RIMAU, BANYUASIN, SUMATERA SELATAN",2,185,58,243
https://kawalpemilu.org#19274,"RUKUN MAKMUR, PULAU RIMAU, BANYUASIN, SUMATERA SELATAN",3,66,59,125
https://kawalpemilu.org#19274,"RUKUN MAKMUR, PULAU RIMAU, BANYUASIN, SUMATERA SELATAN",4,139,29,168
https://kawalpemilu.org#19275,"NUNGGAL SARI, PULAU RIMAU, BANYUASIN, SUMATERA SELATAN",1,107,86,193
https://kawalpemilu.org#19275,"NUNGGAL SARI, PULAU RIMAU, BANYUASIN, SUMATERA SELATAN",2,157,43,200
https://kawalpemilu.org#19275,"NUNGGAL SARI, PULAU RIMAU, BANYUASIN, SUMATERA SELATAN",3,115,71,186
https://kawalpemilu.org#19275,"NUNGGAL SARI, PULAU RIMAU, BANYUASIN, SUMATERA SELATAN",4,153,27,180
https://kawalpemilu.org#19275,"NUNGGAL SARI, PULAU RIMAU, BANYUASIN, SUMATERA SELATAN",5,207,22,229
https://kawalpemilu.org#19276,"SUMBER AGUNG, PULAU RIMAU, BANYUASIN, SUMATERA SELATAN",1,133,37,170
https://kawalpemilu.org#19276,"SUMBER AGUNG, PULAU RIMAU, BANYUASIN, SUMATERA SELATAN",2,157,49,206
https://kawalpemilu.org#19276,"SUMBER AGUNG, PULAU RIMAU, BANYUASIN, SUMATERA SELATAN",3,129,35,164
https://kawalpemilu.org#19278,"MAJATRA, PULAU RIMAU, BANYUASIN, SUMATERA SELATAN",1,139,76,215
https://kawalpemilu.org#19278,"MAJATRA, PULAU RIMAU, BANYUASIN, SUMATERA SELATAN",2,169,49,218
https://kawalpemilu.org#19278,"MAJATRA, PULAU RIMAU, BANYUASIN, SUMATERA SELATAN",3,111,92,203
https://kawalpemilu.org#19279,"WONOSARI, PULAU RIMAU, BANYUASIN, SUMATERA SELATAN",1,188,32,220
https://kawalpemilu.org#19280,"BUMI REJO, PULAU RIMAU, BANYUASIN, SUMATERA SELATAN",1,150,54,204
https://kawalpemilu.org#19280,"BUMI REJO, PULAU RIMAU, BANYUASIN, SUMATERA SELATAN",3,130,47,177
https://kawalpemilu.org#19280,"BUMI REJO, PULAU RIMAU, BANYUASIN, SUMATERA SELATAN",4,169,46,215
https://kawalpemilu.org#19281,"MEKAR SARI, PULAU RIMAU, BANYUASIN, SUMATERA SELATAN",1,123,69,192
https://kawalpemilu.org#19281,"MEKAR SARI, PULAU RIMAU, BANYUASIN, SUMATERA SELATAN",2,123,61,184
https://kawalpemilu.org#19281,"MEKAR SARI, PULAU RIMAU, BANYUASIN, SUMATERA SELATAN",3,152,36,188
https://kawalpemilu.org#19281,"MEKAR SARI, PULAU RIMAU, BANYUASIN, SUMATERA SELATAN",4,179,19,198
https://kawalpemilu.org#19282,"TABUAN ASRI, PULAU RIMAU, BANYUASIN, SUMATERA SELATAN",1,109,79,188
https://kawalpemilu.org#19282,"TABUAN ASRI, PULAU RIMAU, BANYUASIN, SUMATERA SELATAN",2,80,97,177
https://kawalpemilu.org#19283,"SONGO MAKMUR, PULAU RIMAU, BANYUASIN, SUMATERA SELATAN",1,178,47,225
https://kawalpemilu.org#19283,"SONGO MAKMUR, PULAU RIMAU, BANYUASIN, SUMATERA SELATAN",2,157,54,211
https://kawalpemilu.org#19283,"SONGO MAKMUR, PULAU RIMAU, BANYUASIN, SUMATERA SELATAN",3,109,58,167
https://kawalpemilu.org#19283,"SONGO MAKMUR, PULAU RIMAU, BANYUASIN, SUMATERA SELATAN",4,161,43,204
https://kawalpemilu.org#19284,"SUMBER MULYO, PULAU RIMAU, BANYUASIN, SUMATERA SELATAN",1,138,44,182
https://kawalpemilu.org#19284,"SUMBER MULYO, PULAU RIMAU, BANYUASIN, SUMATERA SELATAN",2,156,35,191
https://kawalpemilu.org#19284,"SUMBER MULYO, PULAU RIMAU, BANYUASIN, SUMATERA SELATAN",3,133,42,175
https://kawalpemilu.org#19284,"SUMBER MULYO, PULAU RIMAU, BANYUASIN, SUMATERA SELATAN",4,141,46,187
https://kawalpemilu.org#19285,"RAWA BANDA, PULAU RIMAU, BANYUASIN, SUMATERA SELATAN",1,154,52,206
https://kawalpemilu.org#19285,"RAWA BANDA, PULAU RIMAU, BANYUASIN, SUMATERA SELATAN",2,125,55,180
https://kawalpemilu.org#19285,"RAWA BANDA, PULAU RIMAU, BANYUASIN, SUMATERA SELATAN",3,135,31,166
https://kawalpemilu.org#19285,"RAWA BANDA, PULAU RIMAU, BANYUASIN, SUMATERA SELATAN",4,155,32,187
https://kawalpemilu.org#19286,"KARANG MANUNGGAL, PULAU RIMAU, BANYUASIN, SUMATERA SELATAN",1,152,51,203
https://kawalpemilu.org#19286,"KARANG MANUNGGAL, PULAU RIMAU, BANYUASIN, SUMATERA SELATAN",2,128,65,193
https://kawalpemilu.org#19286,"KARANG MANUNGGAL, PULAU RIMAU, BANYUASIN, SUMATERA SELATAN",3,128,15,143
https://kawalpemilu.org#19286,"KARANG MANUNGGAL, PULAU RIMAU, BANYUASIN, SUMATERA SELATAN",4,151,25,176
https://kawalpemilu.org#19286,"KARANG MANUNGGAL, PULAU RIMAU, BANYUASIN, SUMATERA SELATAN",5,107,10,117
https://kawalpemilu.org#19286,"KARANG MANUNGGAL, PULAU RIMAU, BANYUASIN, SUMATERA SELATAN",6,178,31,209
https://kawalpemilu.org#19287,"PURWODADI, PULAU RIMAU, BANYUASIN, SUMATERA SELATAN",1,107,88,195
https://kawalpemilu.org#19288,"RINGIN HARJO, PULAU RIMAU, BANYUASIN, SUMATERA SELATAN",2,213,13,226
https://kawalpemilu.org#19288,"RINGIN HARJO, PULAU RIMAU, BANYUASIN, SUMATERA SELATAN",3,141,34,175
https://kawalpemilu.org#19288,"RINGIN HARJO, PULAU RIMAU, BANYUASIN, SUMATERA SELATAN",4,164,16,180
https://kawalpemilu.org#19288,"RINGIN HARJO, PULAU RIMAU, BANYUASIN, SUMATERA SELATAN",5,115,33,148
https://kawalpemilu.org#19289,"SENDA MUKTI, PULAU RIMAU, BANYUASIN, SUMATERA SELATAN",1,184,90,274
https://kawalpemilu.org#19289,"SENDA MUKTI, PULAU RIMAU, BANYUASIN, SUMATERA SELATAN",2,150,102,252
https://kawalpemilu.org#19289,"SENDA MUKTI, PULAU RIMAU, BANYUASIN, SUMATERA SELATAN",3,158,84,242
https://kawalpemilu.org#19290,"TIRTO MULYO, PULAU RIMAU, BANYUASIN, SUMATERA SELATAN",1,156,83,239
https://kawalpemilu.org#19290,"TIRTO MULYO, PULAU RIMAU, BANYUASIN, SUMATERA SELATAN",2,115,93,208
https://kawalpemilu.org#19291,"BANJAR SARI, PULAU RIMAU, BANYUASIN, SUMATERA SELATAN",1,156,72,228
https://kawalpemilu.org#19292,"BUANA MUKTI, PULAU RIMAU, BANYUASIN, SUMATERA SELATAN",1,117,77,194
https://kawalpemilu.org#19294,"BETUNG, BETUNG, BANYUASIN, SUMATERA SELATAN",1,79,138,217
https://kawalpemilu.org#19294,"BETUNG, BETUNG, BANYUASIN, SUMATERA SELATAN",2,45,114,159
https://kawalpemilu.org#19294,"BETUNG, BETUNG, BANYUASIN, SUMATERA SELATAN",3,24,185,209
https://kawalpemilu.org#19294,"BETUNG, BETUNG, BANYUASIN, SUMATERA SELATAN",4,42,142,184
https://kawalpemilu.org#19294,"BETUNG, BETUNG, BANYUASIN, SUMATERA SELATAN",5,37,179,216
https://kawalpemilu.org#19294,"BETUNG, BETUNG, BANYUASIN, SUMATERA SELATAN",6,14,67,81
https://kawalpemilu.org#19294,"BETUNG, BETUNG, BANYUASIN, SUMATERA SELATAN",7,49,76,125
https://kawalpemilu.org#19294,"BETUNG, BETUNG, BANYUASIN, SUMATERA SELATAN",8,51,156,207
https://kawalpemilu.org#19294,"BETUNG, BETUNG, BANYUASIN, SUMATERA SELATAN",9,82,135,217
https://kawalpemilu.org#19294,"BETUNG, BETUNG, BANYUASIN, SUMATERA SELATAN",11,29,67,96
https://kawalpemilu.org#19294,"BETUNG, BETUNG, BANYUASIN, SUMATERA SELATAN",12,39,137,176
https://kawalpemilu.org#19294,"BETUNG, BETUNG, BANYUASIN, SUMATERA SELATAN",13,49,131,180
https://kawalpemilu.org#19294,"BETUNG, BETUNG, BANYUASIN, SUMATERA SELATAN",14,55,119,174
https://kawalpemilu.org#19294,"BETUNG, BETUNG, BANYUASIN, SUMATERA SELATAN",15,94,105,199
https://kawalpemilu.org#19294,"BETUNG, BETUNG, BANYUASIN, SUMATERA SELATAN",16,45,100,145
https://kawalpemilu.org#19294,"BETUNG, BETUNG, BANYUASIN, SUMATERA SELATAN",17,81,74,155
https://kawalpemilu.org#19294,"BETUNG, BETUNG, BANYUASIN, SUMATERA SELATAN",18,34,116,150
https://kawalpemilu.org#19294,"BETUNG, BETUNG, BANYUASIN, SUMATERA SELATAN",19,50,106,156
https://kawalpemilu.org#19294,"BETUNG, BETUNG, BANYUASIN, SUMATERA SELATAN",20,49,116,165
https://kawalpemilu.org#19294,"BETUNG, BETUNG, BANYUASIN, SUMATERA SELATAN",21,68,145,213
https://kawalpemilu.org#19294,"BETUNG, BETUNG, BANYUASIN, SUMATERA SELATAN",22,80,113,193
https://kawalpemilu.org#19294,"BETUNG, BETUNG, BANYUASIN, SUMATERA SELATAN",23,26,99,125
https://kawalpemilu.org#19294,"BETUNG, BETUNG, BANYUASIN, SUMATERA SELATAN",24,15,81,96
https://kawalpemilu.org#19294,"BETUNG, BETUNG, BANYUASIN, SUMATERA SELATAN",25,124,112,236
https://kawalpemilu.org#19294,"BETUNG, BETUNG, BANYUASIN, SUMATERA SELATAN",26,75,114,189
https://kawalpemilu.org#19294,"BETUNG, BETUNG, BANYUASIN, SUMATERA SELATAN",27,67,123,190
https://kawalpemilu.org#19294,"BETUNG, BETUNG, BANYUASIN, SUMATERA SELATAN",28,58,125,183
https://kawalpemilu.org#19294,"BETUNG, BETUNG, BANYUASIN, SUMATERA SELATAN",29,66,81,147
https://kawalpemilu.org#19294,"BETUNG, BETUNG, BANYUASIN, SUMATERA SELATAN",30,80,105,185
https://kawalpemilu.org#19294,"BETUNG, BETUNG, BANYUASIN, SUMATERA SELATAN",31,86,91,177
https://kawalpemilu.org#19294,"BETUNG, BETUNG, BANYUASIN, SUMATERA SELATAN",32,50,95,145
https://kawalpemilu.org#19294,"BETUNG, BETUNG, BANYUASIN, SUMATERA SELATAN",33,99,44,143
https://kawalpemilu.org#19294,"BETUNG, BETUNG, BANYUASIN, SUMATERA SELATAN",34,28,100,128
https://kawalpemilu.org#19294,"BETUNG, BETUNG, BANYUASIN, SUMATERA SELATAN",35,44,97,141
https://kawalpemilu.org#19294,"BETUNG, BETUNG, BANYUASIN, SUMATERA SELATAN",36,58,141,199
https://kawalpemilu.org#19294,"BETUNG, BETUNG, BANYUASIN, SUMATERA SELATAN",37,69,66,135
https://kawalpemilu.org#19294,"BETUNG, BETUNG, BANYUASIN, SUMATERA SELATAN",38,40,155,195
https://kawalpemilu.org#19294,"BETUNG, BETUNG, BANYUASIN, SUMATERA SELATAN",39,18,128,146
https://kawalpemilu.org#19294,"BETUNG, BETUNG, BANYUASIN, SUMATERA SELATAN",40,43,86,129
https://kawalpemilu.org#19294,"BETUNG, BETUNG, BANYUASIN, SUMATERA SELATAN",41,41,78,119
https://kawalpemilu.org#19295,"RIMBA ASAM, BETUNG, BANYUASIN, SUMATERA SELATAN",1,6,31,37
https://kawalpemilu.org#19295,"RIMBA ASAM, BETUNG, BANYUASIN, SUMATERA SELATAN",2,72,75,147
https://kawalpemilu.org#19295,"RIMBA ASAM, BETUNG, BANYUASIN, SUMATERA SELATAN",3,76,103,179
https://kawalpemilu.org#19295,"RIMBA ASAM, BETUNG, BANYUASIN, SUMATERA SELATAN",4,62,115,177
https://kawalpemilu.org#19295,"RIMBA ASAM, BETUNG, BANYUASIN, SUMATERA SELATAN",5,95,87,182
https://kawalpemilu.org#19295,"RIMBA ASAM, BETUNG, BANYUASIN, SUMATERA SELATAN",6,50,89,139
https://kawalpemilu.org#19295,"RIMBA ASAM, BETUNG, BANYUASIN, SUMATERA SELATAN",7,87,159,246
https://kawalpemilu.org#19295,"RIMBA ASAM, BETUNG, BANYUASIN, SUMATERA SELATAN",8,49,186,235
https://kawalpemilu.org#19295,"RIMBA ASAM, BETUNG, BANYUASIN, SUMATERA SELATAN",9,34,75,110
https://kawalpemilu.org#19295,"RIMBA ASAM, BETUNG, BANYUASIN, SUMATERA SELATAN",10,48,108,156
https://kawalpemilu.org#19295,"RIMBA ASAM, BETUNG, BANYUASIN, SUMATERA SELATAN",11,55,157,212
https://kawalpemilu.org#19295,"RIMBA ASAM, BETUNG, BANYUASIN, SUMATERA SELATAN",12,50,107,157
https://kawalpemilu.org#19295,"RIMBA ASAM, BETUNG, BANYUASIN, SUMATERA SELATAN",13,62,138,200
https://kawalpemilu.org#19295,"RIMBA ASAM, BETUNG, BANYUASIN, SUMATERA SELATAN",14,65,154,219
https://kawalpemilu.org#19295,"RIMBA ASAM, BETUNG, BANYUASIN, SUMATERA SELATAN",15,57,132,189
https://kawalpemilu.org#19295,"RIMBA ASAM, BETUNG, BANYUASIN, SUMATERA SELATAN",16,43,146,189
https://kawalpemilu.org#19295,"RIMBA ASAM, BETUNG, BANYUASIN, SUMATERA SELATAN",17,48,130,178
https://kawalpemilu.org#19295,"RIMBA ASAM, BETUNG, BANYUASIN, SUMATERA SELATAN",18,35,124,159
https://kawalpemilu.org#19295,"RIMBA ASAM, BETUNG, BANYUASIN, SUMATERA SELATAN",19,48,128,176
https://kawalpemilu.org#19295,"RIMBA ASAM, BETUNG, BANYUASIN, SUMATERA SELATAN",20,28,69,97
https://kawalpemilu.org#19295,"RIMBA ASAM, BETUNG, BANYUASIN, SUMATERA SELATAN",21,31,88,119
https://kawalpemilu.org#19295,"RIMBA ASAM, BETUNG, BANYUASIN, SUMATERA SELATAN",22,42,140,182
https://kawalpemilu.org#19295,"RIMBA ASAM, BETUNG, BANYUASIN, SUMATERA SELATAN",23,57,147,204
https://kawalpemilu.org#19295,"RIMBA ASAM, BETUNG, BANYUASIN, SUMATERA SELATAN",24,36,185,221
https://kawalpemilu.org#19295,"RIMBA ASAM, BETUNG, BANYUASIN, SUMATERA SELATAN",25,65,129,194
https://kawalpemilu.org#19295,"RIMBA ASAM, BETUNG, BANYUASIN, SUMATERA SELATAN",26,53,139,192
https://kawalpemilu.org#19295,"RIMBA ASAM, BETUNG, BANYUASIN, SUMATERA SELATAN",27,15,141,156
https://kawalpemilu.org#19295,"RIMBA ASAM, BETUNG, BANYUASIN, SUMATERA SELATAN",28,15,60,75
https://kawalpemilu.org#19297,"PULAU RAJAK, BETUNG, BANYUASIN, SUMATERA SELATAN",1,27,227,254
https://kawalpemilu.org#19297,"PULAU RAJAK, BETUNG, BANYUASIN, SUMATERA SELATAN",2,18,202,220
https://kawalpemilu.org#19297,"PULAU RAJAK, BETUNG, BANYUASIN, SUMATERA SELATAN",3,15,219,234
https://kawalpemilu.org#19298,"BUKIT, BETUNG, BANYUASIN, SUMATERA SELATAN",1,131,84,215
https://kawalpemilu.org#19298,"BUKIT, BETUNG, BANYUASIN, SUMATERA SELATAN",2,106,143,249
https://kawalpemilu.org#19298,"BUKIT, BETUNG, BANYUASIN, SUMATERA SELATAN",3,93,106,199
https://kawalpemilu.org#19298,"BUKIT, BETUNG, BANYUASIN, SUMATERA SELATAN",4,71,111,182
https://kawalpemilu.org#19298,"BUKIT, BETUNG, BANYUASIN, SUMATERA SELATAN",5,78,166,244
https://kawalpemilu.org#19298,"BUKIT, BETUNG, BANYUASIN, SUMATERA SELATAN",6,57,178,235
https://kawalpemilu.org#19298,"BUKIT, BETUNG, BANYUASIN, SUMATERA SELATAN",7,26,172,198
https://kawalpemilu.org#19298,"BUKIT, BETUNG, BANYUASIN, SUMATERA SELATAN",8,38,191,229
https://kawalpemilu.org#19298,"BUKIT, BETUNG, BANYUASIN, SUMATERA SELATAN",9,55,102,157
https://kawalpemilu.org#19298,"BUKIT, BETUNG, BANYUASIN, SUMATERA SELATAN",10,84,130,214
https://kawalpemilu.org#19298,"BUKIT, BETUNG, BANYUASIN, SUMATERA SELATAN",11,43,191,234
https://kawalpemilu.org#19298,"BUKIT, BETUNG, BANYUASIN, SUMATERA SELATAN",12,53,190,243
https://kawalpemilu.org#19298,"BUKIT, BETUNG, BANYUASIN, SUMATERA SELATAN",13,36,188,224
https://kawalpemilu.org#19298,"BUKIT, BETUNG, BANYUASIN, SUMATERA SELATAN",14,48,125,173
https://kawalpemilu.org#19298,"BUKIT, BETUNG, BANYUASIN, SUMATERA SELATAN",15,49,142,191
https://kawalpemilu.org#19298,"BUKIT, BETUNG, BANYUASIN, SUMATERA SELATAN",16,57,167,224
https://kawalpemilu.org#19298,"BUKIT, BETUNG, BANYUASIN, SUMATERA SELATAN",17,79,133,212
https://kawalpemilu.org#19298,"BUKIT, BETUNG, BANYUASIN, SUMATERA SELATAN",18,46,138,184
https://kawalpemilu.org#19298,"BUKIT, BETUNG, BANYUASIN, SUMATERA SELATAN",19,99,138,237
https://kawalpemilu.org#19299,"SERI KEMBANG, BETUNG, BANYUASIN, SUMATERA SELATAN",2,78,90,168
https://kawalpemilu.org#19299,"SERI KEMBANG, BETUNG, BANYUASIN, SUMATERA SELATAN",3,49,93,142
https://kawalpemilu.org#19299,"SERI KEMBANG, BETUNG, BANYUASIN, SUMATERA SELATAN",4,24,124,148
https://kawalpemilu.org#19299,"SERI KEMBANG, BETUNG, BANYUASIN, SUMATERA SELATAN",5,40,134,174
https://kawalpemilu.org#19299,"SERI KEMBANG, BETUNG, BANYUASIN, SUMATERA SELATAN",6,16,147,163
https://kawalpemilu.org#19299,"SERI KEMBANG, BETUNG, BANYUASIN, SUMATERA SELATAN",7,23,135,158
https://kawalpemilu.org#19299,"SERI KEMBANG, BETUNG, BANYUASIN, SUMATERA SELATAN",8,46,116,162
https://kawalpemilu.org#19299,"SERI KEMBANG, BETUNG, BANYUASIN, SUMATERA SELATAN",10,63,163,226
https://kawalpemilu.org#19299,"SERI KEMBANG, BETUNG, BANYUASIN, SUMATERA SELATAN",11,27,75,102
https://kawalpemilu.org#19299,"SERI KEMBANG, BETUNG, BANYUASIN, SUMATERA SELATAN",12,26,194,220
https://kawalpemilu.org#19300,"LUBUK KARET, BETUNG, BANYUASIN, SUMATERA SELATAN",1,59,104,163
https://kawalpemilu.org#19300,"LUBUK KARET, BETUNG, BANYUASIN, SUMATERA SELATAN",2,52,137,189
https://kawalpemilu.org#19300,"LUBUK KARET, BETUNG, BANYUASIN, SUMATERA SELATAN",3,34,180,214
https://kawalpemilu.org#19300,"LUBUK KARET, BETUNG, BANYUASIN, SUMATERA SELATAN",4,65,135,200
https://kawalpemilu.org#19300,"LUBUK KARET, BETUNG, BANYUASIN, SUMATERA SELATAN",5,45,178,223
https://kawalpemilu.org#19300,"LUBUK KARET, BETUNG, BANYUASIN, SUMATERA SELATAN",6,41,111,152
https://kawalpemilu.org#19300,"LUBUK KARET, BETUNG, BANYUASIN, SUMATERA SELATAN",7,48,136,184
https://kawalpemilu.org#19300,"LUBUK KARET, BETUNG, BANYUASIN, SUMATERA SELATAN",8,21,166,187
https://kawalpemilu.org#19300,"LUBUK KARET, BETUNG, BANYUASIN, SUMATERA SELATAN",9,40,154,194
https://kawalpemilu.org#19300,"LUBUK KARET, BETUNG, BANYUASIN, SUMATERA SELATAN",10,41,124,165
https://kawalpemilu.org#19300,"LUBUK KARET, BETUNG, BANYUASIN, SUMATERA SELATAN",11,49,146,195
https://kawalpemilu.org#19300,"LUBUK KARET, BETUNG, BANYUASIN, SUMATERA SELATAN",12,21,128,149
https://kawalpemilu.org#19300,"LUBUK KARET, BETUNG, BANYUASIN, SUMATERA SELATAN",13,17,85,102
https://kawalpemilu.org#19300,"LUBUK KARET, BETUNG, BANYUASIN, SUMATERA SELATAN",14,19,88,107
https://kawalpemilu.org#19309,"TAJA MULYA, BETUNG, BANYUASIN, SUMATERA SELATAN",1,42,125,167
https://kawalpemilu.org#19309,"TAJA MULYA, BETUNG, BANYUASIN, SUMATERA SELATAN",2,28,125,153
https://kawalpemilu.org#19309,"TAJA MULYA, BETUNG, BANYUASIN, SUMATERA SELATAN",3,66,118,184
https://kawalpemilu.org#19309,"TAJA MULYA, BETUNG, BANYUASIN, SUMATERA SELATAN",4,80,89,169
https://kawalpemilu.org#19309,"TAJA MULYA, BETUNG, BANYUASIN, SUMATERA SELATAN",5,58,112,176
https://kawalpemilu.org#19309,"TAJA MULYA, BETUNG, BANYUASIN, SUMATERA SELATAN",6,24,131,155
https://kawalpemilu.org#19309,"TAJA MULYA, BETUNG, BANYUASIN, SUMATERA SELATAN",7,41,121,162
https://kawalpemilu.org#19309,"TAJA MULYA, BETUNG, BANYUASIN, SUMATERA SELATAN",8,44,142,186
https://kawalpemilu.org#19309,"TAJA MULYA, BETUNG, BANYUASIN, SUMATERA SELATAN",9,36,116,152
https://kawalpemilu.org#19309,"TAJA MULYA, BETUNG, BANYUASIN, SUMATERA SELATAN",10,32,141,173
https://kawalpemilu.org#19309,"TAJA MULYA, BETUNG, BANYUASIN, SUMATERA SELATAN",11,45,163,208
https://kawalpemilu.org#19309,"TAJA MULYA, BETUNG, BANYUASIN, SUMATERA SELATAN",12,67,122,189
https://kawalpemilu.org#19309,"TAJA MULYA, BETUNG, BANYUASIN, SUMATERA SELATAN",13,100,95,195
https://kawalpemilu.org#19310,"TAJA INDAH, BETUNG, BANYUASIN, SUMATERA SELATAN",1,33,138,171
https://kawalpemilu.org#19310,"TAJA INDAH, BETUNG, BANYUASIN, SUMATERA SELATAN",2,20,81,101
https://kawalpemilu.org#19310,"TAJA INDAH, BETUNG, BANYUASIN, SUMATERA SELATAN",3,31,121,152
https://kawalpemilu.org#19310,"TAJA INDAH, BETUNG, BANYUASIN, SUMATERA SELATAN",4,28,96,124
https://kawalpemilu.org#19310,"TAJA INDAH, BETUNG, BANYUASIN, SUMATERA SELATAN",5,48,104,152
https://kawalpemilu.org#19310,"TAJA INDAH, BETUNG, BANYUASIN, SUMATERA SELATAN",6,36,88,124
https://kawalpemilu.org#19310,"TAJA INDAH, BETUNG, BANYUASIN, SUMATERA SELATAN",7,91,62,153
https://kawalpemilu.org#19310,"TAJA INDAH, BETUNG, BANYUASIN, SUMATERA SELATAN",8,23,146,169
https://kawalpemilu.org#19310,"TAJA INDAH, BETUNG, BANYUASIN, SUMATERA SELATAN",9,21,73,94
https://kawalpemilu.org#19310,"TAJA INDAH, BETUNG, BANYUASIN, SUMATERA SELATAN",10,36,110,146
https://kawalpemilu.org#19310,"TAJA INDAH, BETUNG, BANYUASIN, SUMATERA SELATAN",11,34,157,191
https://kawalpemilu.org#19310,"TAJA INDAH, BETUNG, BANYUASIN, SUMATERA SELATAN",12,40,76,116
https://kawalpemilu.org#19310,"TAJA INDAH, BETUNG, BANYUASIN, SUMATERA SELATAN",13,54,70,124
https://kawalpemilu.org#19310,"TAJA INDAH, BETUNG, BANYUASIN, SUMATERA SELATAN",14,34,98,132
https://kawalpemilu.org#19311,"TAJA RAYA II, BETUNG, BANYUASIN, SUMATERA SELATAN",1,43,150,193
https://kawalpemilu.org#19311,"TAJA RAYA II, BETUNG, BANYUASIN, SUMATERA SELATAN",2,20,146,166
https://kawalpemilu.org#19311,"TAJA RAYA II, BETUNG, BANYUASIN, SUMATERA SELATAN",3,44,147,191
https://kawalpemilu.org#19311,"TAJA RAYA II, BETUNG, BANYUASIN, SUMATERA SELATAN",4,33,143,176
https://kawalpemilu.org#19311,"TAJA RAYA II, BETUNG, BANYUASIN, SUMATERA SELATAN",5,30,133,163
https://kawalpemilu.org#19312,"TAJA RAYA I, BETUNG, BANYUASIN, SUMATERA SELATAN",1,22,151,173
https://kawalpemilu.org#19312,"TAJA RAYA I, BETUNG, BANYUASIN, SUMATERA SELATAN",2,37,132,169
https://kawalpemilu.org#19312,"TAJA RAYA I, BETUNG, BANYUASIN, SUMATERA SELATAN",3,72,127,199
https://kawalpemilu.org#19312,"TAJA RAYA I, BETUNG, BANYUASIN, SUMATERA SELATAN",4,28,147,175
https://kawalpemilu.org#19312,"TAJA RAYA I, BETUNG, BANYUASIN, SUMATERA SELATAN",5,15,142,157
https://kawalpemilu.org#19428,"SUKA MULYA, BETUNG, BANYUASIN, SUMATERA SELATAN",1,105,90,195
https://kawalpemilu.org#19428,"SUKA MULYA, BETUNG, BANYUASIN, SUMATERA SELATAN",2,96,69,165
https://kawalpemilu.org#19428,"SUKA MULYA, BETUNG, BANYUASIN, SUMATERA SELATAN",3,47,96,143
https://kawalpemilu.org#19428,"SUKA MULYA, BETUNG, BANYUASIN, SUMATERA SELATAN",4,97,102,199
https://kawalpemilu.org#19428,"SUKA MULYA, BETUNG, BANYUASIN, SUMATERA SELATAN",5,38,107,145
https://kawalpemilu.org#19428,"SUKA MULYA, BETUNG, BANYUASIN, SUMATERA SELATAN",6,85,136,221
https://kawalpemilu.org#19428,"SUKA MULYA, BETUNG, BANYUASIN, SUMATERA SELATAN",7,48,89,137
https://kawalpemilu.org#19428,"SUKA MULYA, BETUNG, BANYUASIN, SUMATERA SELATAN",8,67,75,142
https://kawalpemilu.org#19428,"SUKA MULYA, BETUNG, BANYUASIN, SUMATERA SELATAN",9,70,98,168
https://kawalpemilu.org#19428,"SUKA MULYA, BETUNG, BANYUASIN, SUMATERA SELATAN",10,136,62,198
https://kawalpemilu.org#19428,"SUKA MULYA, BETUNG, BANYUASIN, SUMATERA SELATAN",11,43,66,109
https://kawalpemilu.org#19428,"SUKA MULYA, BETUNG, BANYUASIN, SUMATERA SELATAN",12,112,83,195
https://kawalpemilu.org#19428,"SUKA MULYA, BETUNG, BANYUASIN, SUMATERA SELATAN",13,28,119,147
https://kawalpemilu.org#19428,"SUKA MULYA, BETUNG, BANYUASIN, SUMATERA SELATAN",14,45,184,229
https://kawalpemilu.org#19428,"SUKA MULYA, BETUNG, BANYUASIN, SUMATERA SELATAN",15,30,204,234
https://kawalpemilu.org#19428,"SUKA MULYA, BETUNG, BANYUASIN, SUMATERA SELATAN",16,69,56,125
https://kawalpemilu.org#19428,"SUKA MULYA, BETUNG, BANYUASIN, SUMATERA SELATAN",17,34,70,104
https://kawalpemilu.org#19316,"SUNGAIKEDUKAN, RAMBUTAN, BANYUASIN, SUMATERA SELATAN",1,165,92,257
https://kawalpemilu.org#19316,"SUNGAIKEDUKAN, RAMBUTAN, BANYUASIN, SUMATERA SELATAN",2,90,69,159
https://kawalpemilu.org#19316,"SUNGAIKEDUKAN, RAMBUTAN, BANYUASIN, SUMATERA SELATAN",3,99,140,239
https://kawalpemilu.org#19316,"SUNGAIKEDUKAN, RAMBUTAN, BANYUASIN, SUMATERA SELATAN",4,91,105,196
https://kawalpemilu.org#19316,"SUNGAIKEDUKAN, RAMBUTAN, BANYUASIN, SUMATERA SELATAN",5,76,90,166
https://kawalpemilu.org#19316,"SUNGAIKEDUKAN, RAMBUTAN, BANYUASIN, SUMATERA SELATAN",6,139,82,221
https://kawalpemilu.org#19316,"SUNGAIKEDUKAN, RAMBUTAN, BANYUASIN, SUMATERA SELATAN",8,88,123,211
https://kawalpemilu.org#19316,"SUNGAIKEDUKAN, RAMBUTAN, BANYUASIN, SUMATERA SELATAN",9,98,106,204
https://kawalpemilu.org#19316,"SUNGAIKEDUKAN, RAMBUTAN, BANYUASIN, SUMATERA SELATAN",10,93,135,228
https://kawalpemilu.org#19316,"SUNGAIKEDUKAN, RAMBUTAN, BANYUASIN, SUMATERA SELATAN",11,55,85,140
https://kawalpemilu.org#19316,"SUNGAIKEDUKAN, RAMBUTAN, BANYUASIN, SUMATERA SELATAN",12,73,126,199
https://kawalpemilu.org#19316,"SUNGAIKEDUKAN, RAMBUTAN, BANYUASIN, SUMATERA SELATAN",13,26,94,120
https://kawalpemilu.org#19316,"SUNGAIKEDUKAN, RAMBUTAN, BANYUASIN, SUMATERA SELATAN",14,48,82,130
https://kawalpemilu.org#19316,"SUNGAIKEDUKAN, RAMBUTAN, BANYUASIN, SUMATERA SELATAN",15,45,134,179
https://kawalpemilu.org#19316,"SUNGAIKEDUKAN, RAMBUTAN, BANYUASIN, SUMATERA SELATAN",17,116,58,174
https://kawalpemilu.org#19316,"SUNGAIKEDUKAN, RAMBUTAN, BANYUASIN, SUMATERA SELATAN",18,61,94,155
https://kawalpemilu.org#19316,"SUNGAIKEDUKAN, RAMBUTAN, BANYUASIN, SUMATERA SELATAN",19,59,86,145
https://kawalpemilu.org#19317,"KEBON SAHANG, RAMBUTAN, BANYUASIN, SUMATERA SELATAN",1,35,200,235
https://kawalpemilu.org#19317,"KEBON SAHANG, RAMBUTAN, BANYUASIN, SUMATERA SELATAN",2,37,169,206
https://kawalpemilu.org#19318,"SIJU, RAMBUTAN, BANYUASIN, SUMATERA SELATAN",1,18,201,219
https://kawalpemilu.org#19318,"SIJU, RAMBUTAN, BANYUASIN, SUMATERA SELATAN",3,55,160,215
https://kawalpemilu.org#19318,"SIJU, RAMBUTAN, BANYUASIN, SUMATERA SELATAN",4,33,131,164
https://kawalpemilu.org#19318,"SIJU, RAMBUTAN, BANYUASIN, SUMATERA SELATAN",5,39,137,176
https://kawalpemilu.org#19319,"TANAH LEMBAK, RAMBUTAN, BANYUASIN, SUMATERA SELATAN",1,51,145,196
https://kawalpemilu.org#19319,"TANAH LEMBAK, RAMBUTAN, BANYUASIN, SUMATERA SELATAN",2,46,158,204
https://kawalpemilu.org#19319,"TANAH LEMBAK, RAMBUTAN, BANYUASIN, SUMATERA SELATAN",3,47,157,204
https://kawalpemilu.org#19321,"PELAJAU, RAMBUTAN, BANYUASIN, SUMATERA SELATAN",1,39,161,200
https://kawalpemilu.org#19321,"PELAJAU, RAMBUTAN, BANYUASIN, SUMATERA SELATAN",2,31,163,194
https://kawalpemilu.org#19321,"PELAJAU, RAMBUTAN, BANYUASIN, SUMATERA SELATAN",3,33,162,195
https://kawalpemilu.org#19321,"PELAJAU, RAMBUTAN, BANYUASIN, SUMATERA SELATAN",4,45,159,204
https://kawalpemilu.org#19322,"SUKA PINDAH, RAMBUTAN, BANYUASIN, SUMATERA SELATAN",1,54,164,216
https://kawalpemilu.org#19322,"SUKA PINDAH, RAMBUTAN, BANYUASIN, SUMATERA SELATAN",2,34,175,209
https://kawalpemilu.org#19322,"SUKA PINDAH, RAMBUTAN, BANYUASIN, SUMATERA SELATAN",3,33,160,193
https://kawalpemilu.org#19322,"SUKA PINDAH, RAMBUTAN, BANYUASIN, SUMATERA SELATAN",4,42,159,201
https://kawalpemilu.org#19323,"BARU, RAMBUTAN, BANYUASIN, SUMATERA SELATAN",1,110,75,185
https://kawalpemilu.org#19323,"BARU, RAMBUTAN, BANYUASIN, SUMATERA SELATAN",2,117,57,174
https://kawalpemilu.org#19323,"BARU, RAMBUTAN, BANYUASIN, SUMATERA SELATAN",3,109,87,196
https://kawalpemilu.org#19324,"TANJUNGKERANG, RAMBUTAN, BANYUASIN, SUMATERA SELATAN",1,88,88,176
https://kawalpemilu.org#19324,"TANJUNGKERANG, RAMBUTAN, BANYUASIN, SUMATERA SELATAN",2,98,84,182
https://kawalpemilu.org#19324,"TANJUNGKERANG, RAMBUTAN, BANYUASIN, SUMATERA SELATAN",3,70,79,149
https://kawalpemilu.org#19324,"TANJUNGKERANG, RAMBUTAN, BANYUASIN, SUMATERA SELATAN",4,94,85,179
https://kawalpemilu.org#19324,"TANJUNGKERANG, RAMBUTAN, BANYUASIN, SUMATERA SELATAN",5,85,87,172
https://kawalpemilu.org#19324,"TANJUNGKERANG, RAMBUTAN, BANYUASIN, SUMATERA SELATAN",6,115,51,166
https://kawalpemilu.org#19324,"TANJUNGKERANG, RAMBUTAN, BANYUASIN, SUMATERA SELATAN",7,116,42,158
https://kawalpemilu.org#19325,"RAMBUTAN, RAMBUTAN, BANYUASIN, SUMATERA SELATAN",1,115,123,238
https://kawalpemilu.org#19325,"RAMBUTAN, RAMBUTAN, BANYUASIN, SUMATERA SELATAN",2,76,144,220
https://kawalpemilu.org#19325,"RAMBUTAN, RAMBUTAN, BANYUASIN, SUMATERA SELATAN",3,86,142,228
https://kawalpemilu.org#19325,"RAMBUTAN, RAMBUTAN, BANYUASIN, SUMATERA SELATAN",4,73,159,232
https://kawalpemilu.org#19325,"RAMBUTAN, RAMBUTAN, BANYUASIN, SUMATERA SELATAN",5,84,111,195
https://kawalpemilu.org#19325,"RAMBUTAN, RAMBUTAN, BANYUASIN, SUMATERA SELATAN",6,101,116,217
https://kawalpemilu.org#19325,"RAMBUTAN, RAMBUTAN, BANYUASIN, SUMATERA SELATAN",7,102,112,214
https://kawalpemilu.org#19325,"RAMBUTAN, RAMBUTAN, BANYUASIN, SUMATERA SELATAN",8,30,25,55
https://kawalpemilu.org#19326,"TANJUNGMERBU, RAMBUTAN, BANYUASIN, SUMATERA SELATAN",1,129,80,209
https://kawalpemilu.org#19326,"TANJUNGMERBU, RAMBUTAN, BANYUASIN, SUMATERA SELATAN",3,78,115,193
https://kawalpemilu.org#19326,"TANJUNGMERBU, RAMBUTAN, BANYUASIN, SUMATERA SELATAN",4,96,105,201
https://kawalpemilu.org#19326,"TANJUNGMERBU, RAMBUTAN, BANYUASIN, SUMATERA SELATAN",5,83,121,204
https://kawalpemilu.org#19326,"TANJUNGMERBU, RAMBUTAN, BANYUASIN, SUMATERA SELATAN",6,89,119,208
https://kawalpemilu.org#19327,"SAKO, RAMBUTAN, BANYUASIN, SUMATERA SELATAN",1,67,125,192
https://kawalpemilu.org#19327,"SAKO, RAMBUTAN, BANYUASIN, SUMATERA SELATAN",3,79,112,191
https://kawalpemilu.org#19327,"SAKO, RAMBUTAN, BANYUASIN, SUMATERA SELATAN",4,80,113,193
https://kawalpemilu.org#19327,"SAKO, RAMBUTAN, BANYUASIN, SUMATERA SELATAN",5,89,100,189
https://kawalpemilu.org#19327,"SAKO, RAMBUTAN, BANYUASIN, SUMATERA SELATAN",6,97,91,188
https://kawalpemilu.org#19327,"SAKO, RAMBUTAN, BANYUASIN, SUMATERA SELATAN",7,70,162,232
https://kawalpemilu.org#19328,"GELEBAK DALAM, RAMBUTAN, BANYUASIN, SUMATERA SELATAN",2,74,126,200
https://kawalpemilu.org#19328,"GELEBAK DALAM, RAMBUTAN, BANYUASIN, SUMATERA SELATAN",3,53,143,196
https://kawalpemilu.org#19328,"GELEBAK DALAM, RAMBUTAN, BANYUASIN, SUMATERA SELATAN",4,51,118,169
https://kawalpemilu.org#19328,"GELEBAK DALAM, RAMBUTAN, BANYUASIN, SUMATERA SELATAN",5,40,134,134
https://kawalpemilu.org#19328,"GELEBAK DALAM, RAMBUTAN, BANYUASIN, SUMATERA SELATAN",6,46,129,175
https://kawalpemilu.org#19328,"GELEBAK DALAM, RAMBUTAN, BANYUASIN, SUMATERA SELATAN",7,58,128,186
https://kawalpemilu.org#19329,"MENTEN, RAMBUTAN, BANYUASIN, SUMATERA SELATAN",1,104,88,192
https://kawalpemilu.org#19329,"MENTEN, RAMBUTAN, BANYUASIN, SUMATERA SELATAN",2,79,83,162
https://kawalpemilu.org#19329,"MENTEN, RAMBUTAN, BANYUASIN, SUMATERA SELATAN",3,89,90,179
https://kawalpemilu.org#19329,"MENTEN, RAMBUTAN, BANYUASIN, SUMATERA SELATAN",4,65,99,164
https://kawalpemilu.org#19329,"MENTEN, RAMBUTAN, BANYUASIN, SUMATERA SELATAN",5,87,88,175
https://kawalpemilu.org#19329,"MENTEN, RAMBUTAN, BANYUASIN, SUMATERA SELATAN",6,0,0,0
https://kawalpemilu.org#19330,"PANGKALAN GELEBAK, RAMBUTAN, BANYUASIN, SUMATERA SELATAN",1,56,150,206
https://kawalpemilu.org#19330,"PANGKALAN GELEBAK, RAMBUTAN, BANYUASIN, SUMATERA SELATAN",2,71,146,217
https://kawalpemilu.org#19330,"PANGKALAN GELEBAK, RAMBUTAN, BANYUASIN, SUMATERA SELATAN",3,76,134,210
https://kawalpemilu.org#19330,"PANGKALAN GELEBAK, RAMBUTAN, BANYUASIN, SUMATERA SELATAN",4,64,151,215
https://kawalpemilu.org#19330,"PANGKALAN GELEBAK, RAMBUTAN, BANYUASIN, SUMATERA SELATAN",5,93,106,199
https://kawalpemilu.org#19330,"PANGKALAN GELEBAK, RAMBUTAN, BANYUASIN, SUMATERA SELATAN",7,101,21,122
https://kawalpemilu.org#19331,"SUNGAIDUA, RAMBUTAN, BANYUASIN, SUMATERA SELATAN",3,70,122,192
https://kawalpemilu.org#19331,"SUNGAIDUA, RAMBUTAN, BANYUASIN, SUMATERA SELATAN",4,75,106,181
https://kawalpemilu.org#19331,"SUNGAIDUA, RAMBUTAN, BANYUASIN, SUMATERA SELATAN",6,95,129,224
https://kawalpemilu.org#19331,"SUNGAIDUA, RAMBUTAN, BANYUASIN, SUMATERA SELATAN",7,75,160,235
https://kawalpemilu.org#19331,"SUNGAIDUA, RAMBUTAN, BANYUASIN, SUMATERA SELATAN",8,91,130,221
https://kawalpemilu.org#19331,"SUNGAIDUA, RAMBUTAN, BANYUASIN, SUMATERA SELATAN",9,108,107,215
https://kawalpemilu.org#19331,"SUNGAIDUA, RAMBUTAN, BANYUASIN, SUMATERA SELATAN",10,81,117,198
https://kawalpemilu.org#19331,"SUNGAIDUA, RAMBUTAN, BANYUASIN, SUMATERA SELATAN",11,64,120,184
https://kawalpemilu.org#19332,"SUNGAIPINANG, RAMBUTAN, BANYUASIN, SUMATERA SELATAN",2,93,95,188
https://kawalpemilu.org#19332,"SUNGAIPINANG, RAMBUTAN, BANYUASIN, SUMATERA SELATAN",3,83,135,218
https://kawalpemilu.org#19332,"SUNGAIPINANG, RAMBUTAN, BANYUASIN, SUMATERA SELATAN",4,67,102,169
https://kawalpemilu.org#19332,"SUNGAIPINANG, RAMBUTAN, BANYUASIN, SUMATERA SELATAN",5,44,120,164
https://kawalpemilu.org#19332,"SUNGAIPINANG, RAMBUTAN, BANYUASIN, SUMATERA SELATAN",6,62,105,167
https://kawalpemilu.org#19332,"SUNGAIPINANG, RAMBUTAN, BANYUASIN, SUMATERA SELATAN",7,87,133,220
https://kawalpemilu.org#19332,"SUNGAIPINANG, RAMBUTAN, BANYUASIN, SUMATERA SELATAN",8,47,72,119
https://kawalpemilu.org#19332,"SUNGAIPINANG, RAMBUTAN, BANYUASIN, SUMATERA SELATAN",9,60,124,184
https://kawalpemilu.org#19332,"SUNGAIPINANG, RAMBUTAN, BANYUASIN, SUMATERA SELATAN",10,86,55,141
https://kawalpemilu.org#19332,"SUNGAIPINANG, RAMBUTAN, BANYUASIN, SUMATERA SELATAN",11,75,63,138
https://kawalpemilu.org#19332,"SUNGAIPINANG, RAMBUTAN, BANYUASIN, SUMATERA SELATAN",12,94,63,157
https://kawalpemilu.org#19332,"SUNGAIPINANG, RAMBUTAN, BANYUASIN, SUMATERA SELATAN",13,82,67,149
https://kawalpemilu.org#19332,"SUNGAIPINANG, RAMBUTAN, BANYUASIN, SUMATERA SELATAN",14,121,115,236
https://kawalpemilu.org#19332,"SUNGAIPINANG, RAMBUTAN, BANYUASIN, SUMATERA SELATAN",16,58,49,107
https://kawalpemilu.org#19332,"SUNGAIPINANG, RAMBUTAN, BANYUASIN, SUMATERA SELATAN",17,136,63,199
https://kawalpemilu.org#19332,"SUNGAIPINANG, RAMBUTAN, BANYUASIN, SUMATERA SELATAN",18,162,73,235
https://kawalpemilu.org#19332,"SUNGAIPINANG, RAMBUTAN, BANYUASIN, SUMATERA SELATAN",19,54,70,124
https://kawalpemilu.org#19332,"SUNGAIPINANG, RAMBUTAN, BANYUASIN, SUMATERA SELATAN",20,76,116,192
https://kawalpemilu.org#19332,"SUNGAIPINANG, RAMBUTAN, BANYUASIN, SUMATERA SELATAN",21,73,109,182
https://kawalpemilu.org#19332,"SUNGAIPINANG, RAMBUTAN, BANYUASIN, SUMATERA SELATAN",22,108,164,272
https://kawalpemilu.org#19332,"SUNGAIPINANG, RAMBUTAN, BANYUASIN, SUMATERA SELATAN",23,53,152,205
https://kawalpemilu.org#19332,"SUNGAIPINANG, RAMBUTAN, BANYUASIN, SUMATERA SELATAN",24,62,151,213
https://kawalpemilu.org#19332,"SUNGAIPINANG, RAMBUTAN, BANYUASIN, SUMATERA SELATAN",25,81,111,192
https://kawalpemilu.org#19332,"SUNGAIPINANG, RAMBUTAN, BANYUASIN, SUMATERA SELATAN",26,159,92,251
https://kawalpemilu.org#19332,"SUNGAIPINANG, RAMBUTAN, BANYUASIN, SUMATERA SELATAN",27,127,66,193
https://kawalpemilu.org#19332,"SUNGAIPINANG, RAMBUTAN, BANYUASIN, SUMATERA SELATAN",28,117,48,165
https://kawalpemilu.org#19332,"SUNGAIPINANG, RAMBUTAN, BANYUASIN, SUMATERA SELATAN",29,54,99,153
https://kawalpemilu.org#19334,"DURIAN GADIS, RAMBUTAN, BANYUASIN, SUMATERA SELATAN",1,67,116,183
https://kawalpemilu.org#19334,"DURIAN GADIS, RAMBUTAN, BANYUASIN, SUMATERA SELATAN",2,91,94,185
https://kawalpemilu.org#19335,"PULAUPARANG, RAMBUTAN, BANYUASIN, SUMATERA SELATAN",1,79,107,186
https://kawalpemilu.org#19335,"PULAUPARANG, RAMBUTAN, BANYUASIN, SUMATERA SELATAN",2,87,107,194
https://kawalpemilu.org#19305,"DAYA UTAMA, MUARA PADANG, BANYUASIN, SUMATERA SELATAN",1,177,41,218
https://kawalpemilu.org#19305,"DAYA UTAMA, MUARA PADANG, BANYUASIN, SUMATERA SELATAN",2,118,50,168
https://kawalpemilu.org#19305,"DAYA UTAMA, MUARA PADANG, BANYUASIN, SUMATERA SELATAN",3,149,60,209
https://kawalpemilu.org#19305,"DAYA UTAMA, MUARA PADANG, BANYUASIN, SUMATERA SELATAN",4,140,57,197
https://kawalpemilu.org#19305,"DAYA UTAMA, MUARA PADANG, BANYUASIN, SUMATERA SELATAN",6,161,41,202
https://kawalpemilu.org#19305,"DAYA UTAMA, MUARA PADANG, BANYUASIN, SUMATERA SELATAN",7,155,66,221
https://kawalpemilu.org#19305,"DAYA UTAMA, MUARA PADANG, BANYUASIN, SUMATERA SELATAN",8,155,64,219
https://kawalpemilu.org#19307,"SIDO MULYO 18, MUARA PADANG, BANYUASIN, SUMATERA SELATAN",1,183,31,214
https://kawalpemilu.org#19307,"SIDO MULYO 18, MUARA PADANG, BANYUASIN, SUMATERA SELATAN",2,176,36,212
https://kawalpemilu.org#19307,"SIDO MULYO 18, MUARA PADANG, BANYUASIN, SUMATERA SELATAN",3,171,38,209
https://kawalpemilu.org#19307,"SIDO MULYO 18, MUARA PADANG, BANYUASIN, SUMATERA SELATAN",6,117,80,197
https://kawalpemilu.org#19307,"SIDO MULYO 18, MUARA PADANG, BANYUASIN, SUMATERA SELATAN",8,185,18,203
https://kawalpemilu.org#19308,"SIDO REJO, MUARA PADANG, BANYUASIN, SUMATERA SELATAN",2,148,54,202
https://kawalpemilu.org#19308,"SIDO REJO, MUARA PADANG, BANYUASIN, SUMATERA SELATAN",3,138,82,220
https://kawalpemilu.org#19308,"SIDO REJO, MUARA PADANG, BANYUASIN, SUMATERA SELATAN",4,136,96,232
https://kawalpemilu.org#19308,"SIDO REJO, MUARA PADANG, BANYUASIN, SUMATERA SELATAN",5,154,68,222
https://kawalpemilu.org#19308,"SIDO REJO, MUARA PADANG, BANYUASIN, SUMATERA SELATAN",6,174,25,199
https://kawalpemilu.org#19308,"SIDO REJO, MUARA PADANG, BANYUASIN, SUMATERA SELATAN",7,149,29,178
https://kawalpemilu.org#19337,"MUARA PADANG, MUARA PADANG, BANYUASIN, SUMATERA SELATAN",1,117,64,181
https://kawalpemilu.org#19337,"MUARA PADANG, MUARA PADANG, BANYUASIN, SUMATERA SELATAN",2,108,82,190
https://kawalpemilu.org#19337,"MUARA PADANG, MUARA PADANG, BANYUASIN, SUMATERA SELATAN",3,74,121,195
https://kawalpemilu.org#19337,"MUARA PADANG, MUARA PADANG, BANYUASIN, SUMATERA SELATAN",4,86,117,203
https://kawalpemilu.org#19338,"TANJUNGBARU, MUARA PADANG, BANYUASIN, SUMATERA SELATAN",1,68,112,180
https://kawalpemilu.org#19338,"TANJUNGBARU, MUARA PADANG, BANYUASIN, SUMATERA SELATAN",2,65,129,194
https://kawalpemilu.org#19338,"TANJUNGBARU, MUARA PADANG, BANYUASIN, SUMATERA SELATAN",3,44,24,68
https://kawalpemilu.org#19339,"KARANG ANYAR, MUARA PADANG, BANYUASIN, SUMATERA SELATAN",1,70,63,133
https://kawalpemilu.org#19339,"KARANG ANYAR, MUARA PADANG, BANYUASIN, SUMATERA SELATAN",2,47,67,114
https://kawalpemilu.org#19339,"KARANG ANYAR, MUARA PADANG, BANYUASIN, SUMATERA SELATAN",3,64,68,132
https://kawalpemilu.org#19339,"KARANG ANYAR, MUARA PADANG, BANYUASIN, SUMATERA SELATAN",4,91,49,140
https://kawalpemilu.org#19340,"PURWODADI, MUARA PADANG, BANYUASIN, SUMATERA SELATAN",1,153,91,244
https://kawalpemilu.org#19340,"PURWODADI, MUARA PADANG, BANYUASIN, SUMATERA SELATAN",3,117,95,212
https://kawalpemilu.org#19340,"PURWODADI, MUARA PADANG, BANYUASIN, SUMATERA SELATAN",4,111,105,216
https://kawalpemilu.org#19340,"PURWODADI, MUARA PADANG, BANYUASIN, SUMATERA SELATAN",5,178,49,227
https://kawalpemilu.org#19340,"PURWODADI, MUARA PADANG, BANYUASIN, SUMATERA SELATAN",6,181,36,217
https://kawalpemilu.org#19341,"SUMBER MAKMUR, MUARA PADANG, BANYUASIN, SUMATERA SELATAN",1,197,23,220
https://kawalpemilu.org#19341,"SUMBER MAKMUR, MUARA PADANG, BANYUASIN, SUMATERA SELATAN",2,180,25,205
https://kawalpemilu.org#19341,"SUMBER MAKMUR, MUARA PADANG, BANYUASIN, SUMATERA SELATAN",3,142,51,193
https://kawalpemilu.org#19341,"SUMBER MAKMUR, MUARA PADANG, BANYUASIN, SUMATERA SELATAN",4,133,52,185
https://kawalpemilu.org#19341,"SUMBER MAKMUR, MUARA PADANG, BANYUASIN, SUMATERA SELATAN",5,161,41,202
https://kawalpemilu.org#19341,"SUMBER MAKMUR, MUARA PADANG, BANYUASIN, SUMATERA SELATAN",6,148,44,192
https://kawalpemilu.org#19341,"SUMBER MAKMUR, MUARA PADANG, BANYUASIN, SUMATERA SELATAN",7,120,40,160
https://kawalpemilu.org#19341,"SUMBER MAKMUR, MUARA PADANG, BANYUASIN, SUMATERA SELATAN",8,161,46,207
https://kawalpemilu.org#19342,"AIR GADING, MUARA PADANG, BANYUASIN, SUMATERA SELATAN",1,150,62,212
https://kawalpemilu.org#19342,"AIR GADING, MUARA PADANG, BANYUASIN, SUMATERA SELATAN",2,158,50,208
https://kawalpemilu.org#19342,"AIR GADING, MUARA PADANG, BANYUASIN, SUMATERA SELATAN",3,108,50,158
https://kawalpemilu.org#19342,"AIR GADING, MUARA PADANG, BANYUASIN, SUMATERA SELATAN",4,162,24,186
https://kawalpemilu.org#19342,"AIR GADING, MUARA PADANG, BANYUASIN, SUMATERA SELATAN",5,157,62,219
https://kawalpemilu.org#19342,"AIR GADING, MUARA PADANG, BANYUASIN, SUMATERA SELATAN",6,130,78,208
https://kawalpemilu.org#19343,"TIRTO RAHARJO, MUARA PADANG, BANYUASIN, SUMATERA SELATAN",1,178,31,209
https://kawalpemilu.org#19343,"TIRTO RAHARJO, MUARA PADANG, BANYUASIN, SUMATERA SELATAN",3,143,77,220
https://kawalpemilu.org#19343,"TIRTO RAHARJO, MUARA PADANG, BANYUASIN, SUMATERA SELATAN",4,180,43,223
https://kawalpemilu.org#19343,"TIRTO RAHARJO, MUARA PADANG, BANYUASIN, SUMATERA SELATAN",5,145,43,188
https://kawalpemilu.org#19343,"TIRTO RAHARJO, MUARA PADANG, BANYUASIN, SUMATERA SELATAN",6,127,33,160
https://kawalpemilu.org#19345,"DAYA MAKMUR, MUARA PADANG, BANYUASIN, SUMATERA SELATAN",1,150,65,215
https://kawalpemilu.org#19345,"DAYA MAKMUR, MUARA PADANG, BANYUASIN, SUMATERA SELATAN",2,141,76,217
https://kawalpemilu.org#19345,"DAYA MAKMUR, MUARA PADANG, BANYUASIN, SUMATERA SELATAN",3,120,90,210
https://kawalpemilu.org#19345,"DAYA MAKMUR, MUARA PADANG, BANYUASIN, SUMATERA SELATAN",4,151,65,216
https://kawalpemilu.org#19345,"DAYA MAKMUR, MUARA PADANG, BANYUASIN, SUMATERA SELATAN",5,117,65,182
https://kawalpemilu.org#19345,"DAYA MAKMUR, MUARA PADANG, BANYUASIN, SUMATERA SELATAN",6,108,70,178
https://kawalpemilu.org#19345,"DAYA MAKMUR, MUARA PADANG, BANYUASIN, SUMATERA SELATAN",7,101,86,187
https://kawalpemilu.org#19345,"DAYA MAKMUR, MUARA PADANG, BANYUASIN, SUMATERA SELATAN",8,141,67,208
https://kawalpemilu.org#19348,"SIDO MULYO 20, MUARA PADANG, BANYUASIN, SUMATERA SELATAN",1,145,48,193
https://kawalpemilu.org#19348,"SIDO MULYO 20, MUARA PADANG, BANYUASIN, SUMATERA SELATAN",2,116,37,153
https://kawalpemilu.org#19348,"SIDO MULYO 20, MUARA PADANG, BANYUASIN, SUMATERA SELATAN",3,114,68,182
https://kawalpemilu.org#19348,"SIDO MULYO 20, MUARA PADANG, BANYUASIN, SUMATERA SELATAN",4,114,69,183
https://kawalpemilu.org#19348,"SIDO MULYO 20, MUARA PADANG, BANYUASIN, SUMATERA SELATAN",5,114,64,178
https://kawalpemilu.org#19348,"SIDO MULYO 20, MUARA PADANG, BANYUASIN, SUMATERA SELATAN",6,98,47,145
https://kawalpemilu.org#19348,"SIDO MULYO 20, MUARA PADANG, BANYUASIN, SUMATERA SELATAN",7,142,52,194
https://kawalpemilu.org#19348,"SIDO MULYO 20, MUARA PADANG, BANYUASIN, SUMATERA SELATAN",8,141,37,178
https://kawalpemilu.org#19348,"SIDO MULYO 20, MUARA PADANG, BANYUASIN, SUMATERA SELATAN",9,147,41,188
https://kawalpemilu.org#19349,"MARGO MULYO 20, MUARA PADANG, BANYUASIN, SUMATERA SELATAN",1,162,40,202
https://kawalpemilu.org#19349,"MARGO MULYO 20, MUARA PADANG, BANYUASIN, SUMATERA SELATAN",2,157,34,191
https://kawalpemilu.org#19349,"MARGO MULYO 20, MUARA PADANG, BANYUASIN, SUMATERA SELATAN",4,100,99,199
https://kawalpemilu.org#19349,"MARGO MULYO 20, MUARA PADANG, BANYUASIN, SUMATERA SELATAN",5,132,51,183
https://kawalpemilu.org#19350,"MARGA SUGIHAN, MUARA PADANG, BANYUASIN, SUMATERA SELATAN",1,140,80,220
https://kawalpemilu.org#19350,"MARGA SUGIHAN, MUARA PADANG, BANYUASIN, SUMATERA SELATAN",2,92,95,187
https://kawalpemilu.org#19350,"MARGA SUGIHAN, MUARA PADANG, BANYUASIN, SUMATERA SELATAN",3,137,61,198
https://kawalpemilu.org#19350,"MARGA SUGIHAN, MUARA PADANG, BANYUASIN, SUMATERA SELATAN",4,108,79,187
https://kawalpemilu.org#19351,"TIRTA JAYA, MUARA PADANG, BANYUASIN, SUMATERA SELATAN",1,129,58,187
https://kawalpemilu.org#19351,"TIRTA JAYA, MUARA PADANG, BANYUASIN, SUMATERA SELATAN",2,194,42,236
https://kawalpemilu.org#19351,"TIRTA JAYA, MUARA PADANG, BANYUASIN, SUMATERA SELATAN",3,121,28,149
https://kawalpemilu.org#19359,"MARGA RAHAYU, MUARA TELANG, BANYUASIN, SUMATERA SELATAN",1,106,53,159
https://kawalpemilu.org#19359,"MARGA RAHAYU, MUARA TELANG, BANYUASIN, SUMATERA SELATAN",2,180,50,230
https://kawalpemilu.org#19359,"MARGA RAHAYU, MUARA TELANG, BANYUASIN, SUMATERA SELATAN",3,101,74,175
https://kawalpemilu.org#19359,"MARGA RAHAYU, MUARA TELANG, BANYUASIN, SUMATERA SELATAN",4,164,76,240
https://kawalpemilu.org#19359,"MARGA RAHAYU, MUARA TELANG, BANYUASIN, SUMATERA SELATAN",5,132,41,173
https://kawalpemilu.org#19359,"MARGA RAHAYU, MUARA TELANG, BANYUASIN, SUMATERA SELATAN",6,122,63,185
https://kawalpemilu.org#19359,"MARGA RAHAYU, MUARA TELANG, BANYUASIN, SUMATERA SELATAN",7,112,22,134
https://kawalpemilu.org#19359,"MARGA RAHAYU, MUARA TELANG, BANYUASIN, SUMATERA SELATAN",8,81,64,145
https://kawalpemilu.org#19359,"MARGA RAHAYU, MUARA TELANG, BANYUASIN, SUMATERA SELATAN",9,107,94,201
https://kawalpemilu.org#19359,"MARGA RAHAYU, MUARA TELANG, BANYUASIN, SUMATERA SELATAN",10,91,50,141
https://kawalpemilu.org#19360,"SUMBER MULYA, MUARA TELANG, BANYUASIN, SUMATERA SELATAN",1,187,44,231
https://kawalpemilu.org#19360,"SUMBER MULYA, MUARA TELANG, BANYUASIN, SUMATERA SELATAN",2,67,14,81
https://kawalpemilu.org#19360,"SUMBER MULYA, MUARA TELANG, BANYUASIN, SUMATERA SELATAN",3,190,54,244
https://kawalpemilu.org#19360,"SUMBER MULYA, MUARA TELANG, BANYUASIN, SUMATERA SELATAN",4,128,66,194
https://kawalpemilu.org#19360,"SUMBER MULYA, MUARA TELANG, BANYUASIN, SUMATERA SELATAN",5,55,35,90
https://kawalpemilu.org#19360,"SUMBER MULYA, MUARA TELANG, BANYUASIN, SUMATERA SELATAN",6,162,94,256
https://kawalpemilu.org#19360,"SUMBER MULYA, MUARA TELANG, BANYUASIN, SUMATERA SELATAN",7,66,126,192
https://kawalpemilu.org#19360,"SUMBER MULYA, MUARA TELANG, BANYUASIN, SUMATERA SELATAN",8,172,51,223
https://kawalpemilu.org#19360,"SUMBER MULYA, MUARA TELANG, BANYUASIN, SUMATERA SELATAN",9,195,30,225
https://kawalpemilu.org#19360,"SUMBER MULYA, MUARA TELANG, BANYUASIN, SUMATERA SELATAN",10,169,37,206
https://kawalpemilu.org#19361,"SUMBER HIDUP, MUARA TELANG, BANYUASIN, SUMATERA SELATAN",1,164,49,213
https://kawalpemilu.org#19361,"SUMBER HIDUP, MUARA TELANG, BANYUASIN, SUMATERA SELATAN",2,170,45,215
https://kawalpemilu.org#19361,"SUMBER HIDUP, MUARA TELANG, BANYUASIN, SUMATERA SELATAN",3,181,45,226
https://kawalpemilu.org#19361,"SUMBER HIDUP, MUARA TELANG, BANYUASIN, SUMATERA SELATAN",4,159,75,234
https://kawalpemilu.org#19361,"SUMBER HIDUP, MUARA TELANG, BANYUASIN, SUMATERA SELATAN",5,226,38,264
https://kawalpemilu.org#19361,"SUMBER HIDUP, MUARA TELANG, BANYUASIN, SUMATERA SELATAN",6,168,13,181
https://kawalpemilu.org#19361,"SUMBER HIDUP, MUARA TELANG, BANYUASIN, SUMATERA SELATAN",7,195,20,215
https://kawalpemilu.org#19362,"TELANG REJO, MUARA TELANG, BANYUASIN, SUMATERA SELATAN",1,205,62,267
https://kawalpemilu.org#19362,"TELANG REJO, MUARA TELANG, BANYUASIN, SUMATERA SELATAN",2,174,78,252
https://kawalpemilu.org#19362,"TELANG REJO, MUARA TELANG, BANYUASIN, SUMATERA SELATAN",3,158,67,225
https://kawalpemilu.org#19362,"TELANG REJO, MUARA TELANG, BANYUASIN, SUMATERA SELATAN",4,144,141,285
https://kawalpemilu.org#19362,"TELANG REJO, MUARA TELANG, BANYUASIN, SUMATERA SELATAN",5,199,73,272
https://kawalpemilu.org#19362,"TELANG REJO, MUARA TELANG, BANYUASIN, SUMATERA SELATAN",6,120,60,180
https://kawalpemilu.org#19363,"TELANG JAYA, MUARA TELANG, BANYUASIN, SUMATERA SELATAN",1,166,52,218
https://kawalpemilu.org#19363,"TELANG JAYA, MUARA TELANG, BANYUASIN, SUMATERA SELATAN",3,139,85,224
https://kawalpemilu.org#19363,"TELANG JAYA, MUARA TELANG, BANYUASIN, SUMATERA SELATAN",4,146,39,185
https://kawalpemilu.org#19363,"TELANG JAYA, MUARA TELANG, BANYUASIN, SUMATERA SELATAN",5,145,43,188
https://kawalpemilu.org#19363,"TELANG JAYA, MUARA TELANG, BANYUASIN, SUMATERA SELATAN",6,139,60,199
https://kawalpemilu.org#19363,"TELANG JAYA, MUARA TELANG, BANYUASIN, SUMATERA SELATAN",7,124,101,225
https://kawalpemilu.org#19363,"TELANG JAYA, MUARA TELANG, BANYUASIN, SUMATERA SELATAN",8,204,44,248
https://kawalpemilu.org#19363,"TELANG JAYA, MUARA TELANG, BANYUASIN, SUMATERA SELATAN",9,55,99,154
https://kawalpemilu.org#19363,"TELANG JAYA, MUARA TELANG, BANYUASIN, SUMATERA SELATAN",10,57,129,186
https://kawalpemilu.org#19363,"TELANG JAYA, MUARA TELANG, BANYUASIN, SUMATERA SELATAN",11,93,76,169
https://kawalpemilu.org#19364,"TELANG MAKMUR, MUARA TELANG, BANYUASIN, SUMATERA SELATAN",1,165,55,220
https://kawalpemilu.org#19364,"TELANG MAKMUR, MUARA TELANG, BANYUASIN, SUMATERA SELATAN",2,177,61,238
https://kawalpemilu.org#19364,"TELANG MAKMUR, MUARA TELANG, BANYUASIN, SUMATERA SELATAN",3,190,66,256
https://kawalpemilu.org#19364,"TELANG MAKMUR, MUARA TELANG, BANYUASIN, SUMATERA SELATAN",4,164,94,259
https://kawalpemilu.org#19364,"TELANG MAKMUR, MUARA TELANG, BANYUASIN, SUMATERA SELATAN",5,167,64,231
https://kawalpemilu.org#19364,"TELANG MAKMUR, MUARA TELANG, BANYUASIN, SUMATERA SELATAN",6,142,62,204
https://kawalpemilu.org#19364,"TELANG MAKMUR, MUARA TELANG, BANYUASIN, SUMATERA SELATAN",7,184,32,216
https://kawalpemilu.org#19364,"TELANG MAKMUR, MUARA TELANG, BANYUASIN, SUMATERA SELATAN",8,196,30,226
https://kawalpemilu.org#19365,"TELANG KARYA, MUARA TELANG, BANYUASIN, SUMATERA SELATAN",1,106,72,178
https://kawalpemilu.org#19365,"TELANG KARYA, MUARA TELANG, BANYUASIN, SUMATERA SELATAN",3,90,93,183
https://kawalpemilu.org#19365,"TELANG KARYA, MUARA TELANG, BANYUASIN, SUMATERA SELATAN",4,149,58,207
https://kawalpemilu.org#19365,"TELANG KARYA, MUARA TELANG, BANYUASIN, SUMATERA SELATAN",7,185,24,209
https://kawalpemilu.org#19365,"TELANG KARYA, MUARA TELANG, BANYUASIN, SUMATERA SELATAN",8,184,25,209
https://kawalpemilu.org#19365,"TELANG KARYA, MUARA TELANG, BANYUASIN, SUMATERA SELATAN",9,178,22,200
https://kawalpemilu.org#19366,"PANCA MUKTI, MUARA TELANG, BANYUASIN, SUMATERA SELATAN",1,196,53,249
https://kawalpemilu.org#19366,"PANCA MUKTI, MUARA TELANG, BANYUASIN, SUMATERA SELATAN",2,195,61,256
https://kawalpemilu.org#19366,"PANCA MUKTI, MUARA TELANG, BANYUASIN, SUMATERA SELATAN",3,210,30,240
https://kawalpemilu.org#19366,"PANCA MUKTI, MUARA TELANG, BANYUASIN, SUMATERA SELATAN",4,185,49,234
https://kawalpemilu.org#19366,"PANCA MUKTI, MUARA TELANG, BANYUASIN, SUMATERA SELATAN",5,180,33,213
https://kawalpemilu.org#19366,"PANCA MUKTI, MUARA TELANG, BANYUASIN, SUMATERA SELATAN",6,152,28,180
https://kawalpemilu.org#19366,"PANCA MUKTI, MUARA TELANG, BANYUASIN, SUMATERA SELATAN",7,118,47,165
https://kawalpemilu.org#19366,"PANCA MUKTI, MUARA TELANG, BANYUASIN, SUMATERA SELATAN",8,112,29,141
https://kawalpemilu.org#19367,"MUKTI JAYA, MUARA TELANG, BANYUASIN, SUMATERA SELATAN",1,170,21,191
https://kawalpemilu.org#19367,"MUKTI JAYA, MUARA TELANG, BANYUASIN, SUMATERA SELATAN",2,226,18,244
https://kawalpemilu.org#19367,"MUKTI JAYA, MUARA TELANG, BANYUASIN, SUMATERA SELATAN",3,191,52,243
https://kawalpemilu.org#19367,"MUKTI JAYA, MUARA TELANG, BANYUASIN, SUMATERA SELATAN",4,198,29,227
https://kawalpemilu.org#19367,"MUKTI JAYA, MUARA TELANG, BANYUASIN, SUMATERA SELATAN",5,228,52,280
https://kawalpemilu.org#19367,"MUKTI JAYA, MUARA TELANG, BANYUASIN, SUMATERA SELATAN",6,141,26,167
https://kawalpemilu.org#19367,"MUKTI JAYA, MUARA TELANG, BANYUASIN, SUMATERA SELATAN",7,168,48,216
https://kawalpemilu.org#19369,"MEKAR SARI, MUARA TELANG, BANYUASIN, SUMATERA SELATAN",1,209,49,258
https://kawalpemilu.org#19369,"MEKAR SARI, MUARA TELANG, BANYUASIN, SUMATERA SELATAN",3,184,49,233
https://kawalpemilu.org#19369,"MEKAR SARI, MUARA TELANG, BANYUASIN, SUMATERA SELATAN",4,159,26,185
https://kawalpemilu.org#19369,"MEKAR SARI, MUARA TELANG, BANYUASIN, SUMATERA SELATAN",5,201,44,245
https://kawalpemilu.org#19369,"MEKAR SARI, MUARA TELANG, BANYUASIN, SUMATERA SELATAN",6,177,15,192
https://kawalpemilu.org#19369,"MEKAR SARI, MUARA TELANG, BANYUASIN, SUMATERA SELATAN",7,93,20,113
https://kawalpemilu.org#19373,"MEKAR MUKTI, MUARA TELANG, BANYUASIN, SUMATERA SELATAN",1,204,33,237
https://kawalpemilu.org#19373,"MEKAR MUKTI, MUARA TELANG, BANYUASIN, SUMATERA SELATAN",2,210,50,260
https://kawalpemilu.org#19373,"MEKAR MUKTI, MUARA TELANG, BANYUASIN, SUMATERA SELATAN",3,181,67,248
https://kawalpemilu.org#19373,"MEKAR MUKTI, MUARA TELANG, BANYUASIN, SUMATERA SELATAN",4,206,51,257
https://kawalpemilu.org#19374,"TALANG INDAH, MUARA TELANG, BANYUASIN, SUMATERA SELATAN",2,91,96,187
https://kawalpemilu.org#19374,"TALANG INDAH, MUARA TELANG, BANYUASIN, SUMATERA SELATAN",3,108,65,173
https://kawalpemilu.org#19374,"TALANG INDAH, MUARA TELANG, BANYUASIN, SUMATERA SELATAN",4,129,30,159
https://kawalpemilu.org#19381,"UPANG JAYA, MUARA TELANG, BANYUASIN, SUMATERA SELATAN",1,121,101,222
https://kawalpemilu.org#19381,"UPANG JAYA, MUARA TELANG, BANYUASIN, SUMATERA SELATAN",2,146,91,237
https://kawalpemilu.org#19381,"UPANG JAYA, MUARA TELANG, BANYUASIN, SUMATERA SELATAN",3,84,78,162
https://kawalpemilu.org#19381,"UPANG JAYA, MUARA TELANG, BANYUASIN, SUMATERA SELATAN",4,186,27,213
https://kawalpemilu.org#19381,"UPANG JAYA, MUARA TELANG, BANYUASIN, SUMATERA SELATAN",5,132,26,158
https://kawalpemilu.org#19381,"UPANG JAYA, MUARA TELANG, BANYUASIN, SUMATERA SELATAN",6,171,39,210
https://kawalpemilu.org#19381,"UPANG JAYA, MUARA TELANG, BANYUASIN, SUMATERA SELATAN",7,76,35,111
https://kawalpemilu.org#19381,"UPANG JAYA, MUARA TELANG, BANYUASIN, SUMATERA SELATAN",8,83,41,124
https://kawalpemilu.org#19381,"UPANG JAYA, MUARA TELANG, BANYUASIN, SUMATERA SELATAN",9,133,21,154
https://kawalpemilu.org#19384,"UPANG CERIA, MUARA TELANG, BANYUASIN, SUMATERA SELATAN",2,95,64,159
https://kawalpemilu.org#19384,"UPANG CERIA, MUARA TELANG, BANYUASIN, SUMATERA SELATAN",4,163,65,228
https://kawalpemilu.org#19384,"UPANG CERIA, MUARA TELANG, BANYUASIN, SUMATERA SELATAN",6,167,53,220
https://kawalpemilu.org#19385,"UPANG CEMARA, MUARA TELANG, BANYUASIN, SUMATERA SELATAN",1,175,34,209
https://kawalpemilu.org#19385,"UPANG CEMARA, MUARA TELANG, BANYUASIN, SUMATERA SELATAN",2,138,39,177
https://kawalpemilu.org#19386,"UPANG KARYA, MUARA TELANG, BANYUASIN, SUMATERA SELATAN",1,99,17,116
https://kawalpemilu.org#19386,"UPANG KARYA, MUARA TELANG, BANYUASIN, SUMATERA SELATAN",2,92,17,109
https://kawalpemilu.org#19386,"UPANG KARYA, MUARA TELANG, BANYUASIN, SUMATERA SELATAN",3,112,30,142
https://kawalpemilu.org#19252,"PURWOSARI, MAKARTI JAYA, BANYUASIN, SUMATERA SELATAN",1,113,127,240
https://kawalpemilu.org#19252,"PURWOSARI, MAKARTI JAYA, BANYUASIN, SUMATERA SELATAN",2,98,120,218
https://kawalpemilu.org#19252,"PURWOSARI, MAKARTI JAYA, BANYUASIN, SUMATERA SELATAN",3,151,66,217
https://kawalpemilu.org#19252,"PURWOSARI, MAKARTI JAYA, BANYUASIN, SUMATERA SELATAN",4,95,102,197
https://kawalpemilu.org#19252,"PURWOSARI, MAKARTI JAYA, BANYUASIN, SUMATERA SELATAN",5,80,86,166
https://kawalpemilu.org#19376,"MAKARTI JAYA, MAKARTI JAYA, BANYUASIN, SUMATERA SELATAN",1,94,67,161
https://kawalpemilu.org#19376,"MAKARTI JAYA, MAKARTI JAYA, BANYUASIN, SUMATERA SELATAN",2,105,70,175
https://kawalpemilu.org#19376,"MAKARTI JAYA, MAKARTI JAYA, BANYUASIN, SUMATERA SELATAN",3,126,88,214
https://kawalpemilu.org#19376,"MAKARTI JAYA, MAKARTI JAYA, BANYUASIN, SUMATERA SELATAN",4,118,123,241
https://kawalpemilu.org#19376,"MAKARTI JAYA, MAKARTI JAYA, BANYUASIN, SUMATERA SELATAN",5,110,129,239
https://kawalpemilu.org#19376,"MAKARTI JAYA, MAKARTI JAYA, BANYUASIN, SUMATERA SELATAN",6,72,111,183
https://kawalpemilu.org#19376,"MAKARTI JAYA, MAKARTI JAYA, BANYUASIN, SUMATERA SELATAN",7,69,140,209
https://kawalpemilu.org#19376,"MAKARTI JAYA, MAKARTI JAYA, BANYUASIN, SUMATERA SELATAN",8,52,189,241
https://kawalpemilu.org#19376,"MAKARTI JAYA, MAKARTI JAYA, BANYUASIN, SUMATERA SELATAN",9,84,79,163
https://kawalpemilu.org#19376,"MAKARTI JAYA, MAKARTI JAYA, BANYUASIN, SUMATERA SELATAN",10,64,98,162
https://kawalpemilu.org#19376,"MAKARTI JAYA, MAKARTI JAYA, BANYUASIN, SUMATERA SELATAN",11,171,41,212
https://kawalpemilu.org#19376,"MAKARTI JAYA, MAKARTI JAYA, BANYUASIN, SUMATERA SELATAN",12,129,34,163
https://kawalpemilu.org#19376,"MAKARTI JAYA, MAKARTI JAYA, BANYUASIN, SUMATERA SELATAN",13,140,44,184
https://kawalpemilu.org#19376,"MAKARTI JAYA, MAKARTI JAYA, BANYUASIN, SUMATERA SELATAN",14,156,24,180
https://kawalpemilu.org#19376,"MAKARTI JAYA, MAKARTI JAYA, BANYUASIN, SUMATERA SELATAN",15,123,68,191
https://kawalpemilu.org#19376,"MAKARTI JAYA, MAKARTI JAYA, BANYUASIN, SUMATERA SELATAN",16,144,13,157
https://kawalpemilu.org#19376,"MAKARTI JAYA, MAKARTI JAYA, BANYUASIN, SUMATERA SELATAN",17,124,50,174
https://kawalpemilu.org#19376,"MAKARTI JAYA, MAKARTI JAYA, BANYUASIN, SUMATERA SELATAN",18,111,48,159
https://kawalpemilu.org#19378,"PENDOWO HARJO, MAKARTI JAYA, BANYUASIN, SUMATERA SELATAN",1,198,49,247
https://kawalpemilu.org#19378,"PENDOWO HARJO, MAKARTI JAYA, BANYUASIN, SUMATERA SELATAN",3,145,103,248
https://kawalpemilu.org#19378,"PENDOWO HARJO, MAKARTI JAYA, BANYUASIN, SUMATERA SELATAN",4,134,113,247
https://kawalpemilu.org#19378,"PENDOWO HARJO, MAKARTI JAYA, BANYUASIN, SUMATERA SELATAN",5,175,57,232
https://kawalpemilu.org#19378,"PENDOWO HARJO, MAKARTI JAYA, BANYUASIN, SUMATERA SELATAN",6,182,61,243
https://kawalpemilu.org#19379,"TIRTA KENCANA, MAKARTI JAYA, BANYUASIN, SUMATERA SELATAN",1,93,128,221
https://kawalpemilu.org#19379,"TIRTA KENCANA, MAKARTI JAYA, BANYUASIN, SUMATERA SELATAN",2,121,91,212
https://kawalpemilu.org#19379,"TIRTA KENCANA, MAKARTI JAYA, BANYUASIN, SUMATERA SELATAN",3,153,62,215
https://kawalpemilu.org#19379,"TIRTA KENCANA, MAKARTI JAYA, BANYUASIN, SUMATERA SELATAN",4,145,52,197
https://kawalpemilu.org#19379,"TIRTA KENCANA, MAKARTI JAYA, BANYUASIN, SUMATERA SELATAN",5,143,65,208
https://kawalpemilu.org#19379,"TIRTA KENCANA, MAKARTI JAYA, BANYUASIN, SUMATERA SELATAN",6,129,69,198
https://kawalpemilu.org#19379,"TIRTA KENCANA, MAKARTI JAYA, BANYUASIN, SUMATERA SELATAN",7,131,52,183
https://kawalpemilu.org#19379,"TIRTA KENCANA, MAKARTI JAYA, BANYUASIN, SUMATERA SELATAN",8,145,60,205
https://kawalpemilu.org#19379,"TIRTA KENCANA, MAKARTI JAYA, BANYUASIN, SUMATERA SELATAN",9,102,82,184
https://kawalpemilu.org#19379,"TIRTA KENCANA, MAKARTI JAYA, BANYUASIN, SUMATERA SELATAN",10,115,51,166
https://kawalpemilu.org#19382,"UPANG MAKMUR, MAKARTI JAYA, BANYUASIN, SUMATERA SELATAN",2,97,72,169
https://kawalpemilu.org#19382,"UPANG MAKMUR, MAKARTI JAYA, BANYUASIN, SUMATERA SELATAN",3,126,111,237
https://kawalpemilu.org#19382,"UPANG MAKMUR, MAKARTI JAYA, BANYUASIN, SUMATERA SELATAN",4,119,43,162
https://kawalpemilu.org#19382,"UPANG MAKMUR, MAKARTI JAYA, BANYUASIN, SUMATERA SELATAN",5,57,46,103
https://kawalpemilu.org#19382,"UPANG MAKMUR, MAKARTI JAYA, BANYUASIN, SUMATERA SELATAN",6,52,2,54
https://kawalpemilu.org#19383,"UPANG MULYA, MAKARTI JAYA, BANYUASIN, SUMATERA SELATAN",1,86,66,152
https://kawalpemilu.org#19389,"TANJUNGMAS, MAKARTI JAYA, BANYUASIN, SUMATERA SELATAN",1,129,38,167
https://kawalpemilu.org#19389,"TANJUNGMAS, MAKARTI JAYA, BANYUASIN, SUMATERA SELATAN",2,151,49,200
https://kawalpemilu.org#19389,"TANJUNGMAS, MAKARTI JAYA, BANYUASIN, SUMATERA SELATAN",3,102,49,151
https://kawalpemilu.org#84701,"DELTA UPANG, MAKARTI JAYA, BANYUASIN, SUMATERA SELATAN",1,135,99,234
https://kawalpemilu.org#84701,"DELTA UPANG, MAKARTI JAYA, BANYUASIN, SUMATERA SELATAN",2,89,155,244
https://kawalpemilu.org#84701,"DELTA UPANG, MAKARTI JAYA, BANYUASIN, SUMATERA SELATAN",3,169,75,244
https://kawalpemilu.org#84701,"DELTA UPANG, MAKARTI JAYA, BANYUASIN, SUMATERA SELATAN",4,175,61,236
https://kawalpemilu.org#84701,"DELTA UPANG, MAKARTI JAYA, BANYUASIN, SUMATERA SELATAN",5,140,61,201
https://kawalpemilu.org#84701,"DELTA UPANG, MAKARTI JAYA, BANYUASIN, SUMATERA SELATAN",6,112,90,202
https://kawalpemilu.org#84701,"DELTA UPANG, MAKARTI JAYA, BANYUASIN, SUMATERA SELATAN",7,97,148,245
https://kawalpemilu.org#84701,"DELTA UPANG, MAKARTI JAYA, BANYUASIN, SUMATERA SELATAN",8,127,90,217
https://kawalpemilu.org#84701,"DELTA UPANG, MAKARTI JAYA, BANYUASIN, SUMATERA SELATAN",9,158,79,237
https://kawalpemilu.org#84701,"DELTA UPANG, MAKARTI JAYA, BANYUASIN, SUMATERA SELATAN",10,159,85,244
https://kawalpemilu.org#84702,"SUNGAISEMUT, MAKARTI JAYA, BANYUASIN, SUMATERA SELATAN",1,161,28,189
https://kawalpemilu.org#84702,"SUNGAISEMUT, MAKARTI JAYA, BANYUASIN, SUMATERA SELATAN",2,123,83,206
https://kawalpemilu.org#84702,"SUNGAISEMUT, MAKARTI JAYA, BANYUASIN, SUMATERA SELATAN",3,102,68,170
https://kawalpemilu.org#84702,"SUNGAISEMUT, MAKARTI JAYA, BANYUASIN, SUMATERA SELATAN",4,101,140,241
https://kawalpemilu.org#84702,"SUNGAISEMUT, MAKARTI JAYA, BANYUASIN, SUMATERA SELATAN",5,101,119,220
https://kawalpemilu.org#84702,"SUNGAISEMUT, MAKARTI JAYA, BANYUASIN, SUMATERA SELATAN",6,41,14,55
https://kawalpemilu.org#90551,"PENGESTU, MAKARTI JAYA, BANYUASIN, SUMATERA SELATAN",1,146,56,202
https://kawalpemilu.org#90551,"PENGESTU, MAKARTI JAYA, BANYUASIN, SUMATERA SELATAN",2,143,79,222
https://kawalpemilu.org#90551,"PENGESTU, MAKARTI JAYA, BANYUASIN, SUMATERA SELATAN",3,102,104,206
https://kawalpemilu.org#90551,"PENGESTU, MAKARTI JAYA, BANYUASIN, SUMATERA SELATAN",4,99,119,218
https://kawalpemilu.org#90551,"PENGESTU, MAKARTI JAYA, BANYUASIN, SUMATERA SELATAN",5,125,54,179
https://kawalpemilu.org#90552,"TANJUNGBARU, MAKARTI JAYA, BANYUASIN, SUMATERA SELATAN",1,134,71,205
https://kawalpemilu.org#90552,"TANJUNGBARU, MAKARTI JAYA, BANYUASIN, SUMATERA SELATAN",2,85,134,219
https://kawalpemilu.org#90553,"MUARABARU, MAKARTI JAYA, BANYUASIN, SUMATERA SELATAN",1,111,54,165
https://kawalpemilu.org#90553,"MUARABARU, MAKARTI JAYA, BANYUASIN, SUMATERA SELATAN",2,135,62,197
https://kawalpemilu.org#90553,"MUARABARU, MAKARTI JAYA, BANYUASIN, SUMATERA SELATAN",3,80,28,108
https://kawalpemilu.org#90553,"MUARABARU, MAKARTI JAYA, BANYUASIN, SUMATERA SELATAN",4,91,33,124
https://kawalpemilu.org#19391,"AIR BATU, TALANG KELAPA, BANYUASIN, SUMATERA SELATAN",1,66,149,215
https://kawalpemilu.org#19391,"AIR BATU, TALANG KELAPA, BANYUASIN, SUMATERA SELATAN",2,80,137,217
https://kawalpemilu.org#19391,"AIR BATU, TALANG KELAPA, BANYUASIN, SUMATERA SELATAN",5,66,124,190
https://kawalpemilu.org#19391,"AIR BATU, TALANG KELAPA, BANYUASIN, SUMATERA SELATAN",6,72,143,215
https://kawalpemilu.org#19391,"AIR BATU, TALANG KELAPA, BANYUASIN, SUMATERA SELATAN",7,56,87,143
https://kawalpemilu.org#19391,"AIR BATU, TALANG KELAPA, BANYUASIN, SUMATERA SELATAN",9,89,149,238
https://kawalpemilu.org#19391,"AIR BATU, TALANG KELAPA, BANYUASIN, SUMATERA SELATAN",11,81,151,232
https://kawalpemilu.org#19391,"AIR BATU, TALANG KELAPA, BANYUASIN, SUMATERA SELATAN",12,58,129,187
https://kawalpemilu.org#19391,"AIR BATU, TALANG KELAPA, BANYUASIN, SUMATERA SELATAN",13,53,104,157
https://kawalpemilu.org#19391,"AIR BATU, TALANG KELAPA, BANYUASIN, SUMATERA SELATAN",14,69,142,211
https://kawalpemilu.org#19391,"AIR BATU, TALANG KELAPA, BANYUASIN, SUMATERA SELATAN",16,98,154,252
https://kawalpemilu.org#19391,"AIR BATU, TALANG KELAPA, BANYUASIN, SUMATERA SELATAN",18,48,195,243
https://kawalpemilu.org#19391,"AIR BATU, TALANG KELAPA, BANYUASIN, SUMATERA SELATAN",19,45,141,186
https://kawalpemilu.org#19391,"AIR BATU, TALANG KELAPA, BANYUASIN, SUMATERA SELATAN",20,63,179,242
https://kawalpemilu.org#19391,"AIR BATU, TALANG KELAPA, BANYUASIN, SUMATERA SELATAN",21,67,149,216
https://kawalpemilu.org#19391,"AIR BATU, TALANG KELAPA, BANYUASIN, SUMATERA SELATAN",23,137,52,189
https://kawalpemilu.org#19391,"AIR BATU, TALANG KELAPA, BANYUASIN, SUMATERA SELATAN",24,148,62,210
https://kawalpemilu.org#19391,"AIR BATU, TALANG KELAPA, BANYUASIN, SUMATERA SELATAN",25,0,0,0
https://kawalpemilu.org#19391,"AIR BATU, TALANG KELAPA, BANYUASIN, SUMATERA SELATAN",26,108,72,180
https://kawalpemilu.org#19391,"AIR BATU, TALANG KELAPA, BANYUASIN, SUMATERA SELATAN",27,117,62,179
https://kawalpemilu.org#19391,"AIR BATU, TALANG KELAPA, BANYUASIN, SUMATERA SELATAN",28,130,125,255
https://kawalpemilu.org#19391,"AIR BATU, TALANG KELAPA, BANYUASIN, SUMATERA SELATAN",29,87,91,178
https://kawalpemilu.org#19391,"AIR BATU, TALANG KELAPA, BANYUASIN, SUMATERA SELATAN",30,79,90,169
https://kawalpemilu.org#19392,"SUKOMORO, TALANG KELAPA, BANYUASIN, SUMATERA SELATAN",1,161,111,272
https://kawalpemilu.org#19392,"SUKOMORO, TALANG KELAPA, BANYUASIN, SUMATERA SELATAN",2,145,154,299
https://kawalpemilu.org#19392,"SUKOMORO, TALANG KELAPA, BANYUASIN, SUMATERA SELATAN",4,120,115,235
https://kawalpemilu.org#19392,"SUKOMORO, TALANG KELAPA, BANYUASIN, SUMATERA SELATAN",5,111,130,241
https://kawalpemilu.org#19392,"SUKOMORO, TALANG KELAPA, BANYUASIN, SUMATERA SELATAN",6,61,182,243
https://kawalpemilu.org#19392,"SUKOMORO, TALANG KELAPA, BANYUASIN, SUMATERA SELATAN",7,30,203,233
https://kawalpemilu.org#19392,"SUKOMORO, TALANG KELAPA, BANYUASIN, SUMATERA SELATAN",8,82,143,225
https://kawalpemilu.org#19392,"SUKOMORO, TALANG KELAPA, BANYUASIN, SUMATERA SELATAN",9,61,141,202
https://kawalpemilu.org#19392,"SUKOMORO, TALANG KELAPA, BANYUASIN, SUMATERA SELATAN",11,90,161,251
https://kawalpemilu.org#19392,"SUKOMORO, TALANG KELAPA, BANYUASIN, SUMATERA SELATAN",12,62,155,217
https://kawalpemilu.org#19392,"SUKOMORO, TALANG KELAPA, BANYUASIN, SUMATERA SELATAN",13,64,135,199
https://kawalpemilu.org#19392,"SUKOMORO, TALANG KELAPA, BANYUASIN, SUMATERA SELATAN",14,78,187,265
https://kawalpemilu.org#19392,"SUKOMORO, TALANG KELAPA, BANYUASIN, SUMATERA SELATAN",15,64,132,196
https://kawalpemilu.org#19392,"SUKOMORO, TALANG KELAPA, BANYUASIN, SUMATERA SELATAN",17,65,156,221
https://kawalpemilu.org#19392,"SUKOMORO, TALANG KELAPA, BANYUASIN, SUMATERA SELATAN",18,61,168,229
https://kawalpemilu.org#19392,"SUKOMORO, TALANG KELAPA, BANYUASIN, SUMATERA SELATAN",19,49,103,152
https://kawalpemilu.org#19392,"SUKOMORO, TALANG KELAPA, BANYUASIN, SUMATERA SELATAN",20,54,149,203
https://kawalpemilu.org#19392,"SUKOMORO, TALANG KELAPA, BANYUASIN, SUMATERA SELATAN",21,60,187,247
https://kawalpemilu.org#19392,"SUKOMORO, TALANG KELAPA, BANYUASIN, SUMATERA SELATAN",22,77,192,269
https://kawalpemilu.org#19392,"SUKOMORO, TALANG KELAPA, BANYUASIN, SUMATERA SELATAN",25,117,85,202
https://kawalpemilu.org#19392,"SUKOMORO, TALANG KELAPA, BANYUASIN, SUMATERA SELATAN",26,97,113,210
https://kawalpemilu.org#19392,"SUKOMORO, TALANG KELAPA, BANYUASIN, SUMATERA SELATAN",27,116,106,222
https://kawalpemilu.org#19392,"SUKOMORO, TALANG KELAPA, BANYUASIN, SUMATERA SELATAN",28,85,154,239
https://kawalpemilu.org#19392,"SUKOMORO, TALANG KELAPA, BANYUASIN, SUMATERA SELATAN",29,51,158,209
https://kawalpemilu.org#19392,"SUKOMORO, TALANG KELAPA, BANYUASIN, SUMATERA SELATAN",30,69,132,221
https://kawalpemilu.org#19392,"SUKOMORO, TALANG KELAPA, BANYUASIN, SUMATERA SELATAN",31,72,141,213
https://kawalpemilu.org#19392,"SUKOMORO, TALANG KELAPA, BANYUASIN, SUMATERA SELATAN",32,70,111,181
https://kawalpemilu.org#19392,"SUKOMORO, TALANG KELAPA, BANYUASIN, SUMATERA SELATAN",33,69,181,250
https://kawalpemilu.org#19392,"SUKOMORO, TALANG KELAPA, BANYUASIN, SUMATERA SELATAN",34,55,152,207
https://kawalpemilu.org#19392,"SUKOMORO, TALANG KELAPA, BANYUASIN, SUMATERA SELATAN",35,53,145,198
https://kawalpemilu.org#19392,"SUKOMORO, TALANG KELAPA, BANYUASIN, SUMATERA SELATAN",37,32,149,181
https://kawalpemilu.org#19392,"SUKOMORO, TALANG KELAPA, BANYUASIN, SUMATERA SELATAN",38,46,173,119
https://kawalpemilu.org#19392,"SUKOMORO, TALANG KELAPA, BANYUASIN, SUMATERA SELATAN",39,65,138,203
https://kawalpemilu.org#19392,"SUKOMORO, TALANG KELAPA, BANYUASIN, SUMATERA SELATAN",41,66,147,213
https://kawalpemilu.org#19392,"SUKOMORO, TALANG KELAPA, BANYUASIN, SUMATERA SELATAN",42,22,119,141
https://kawalpemilu.org#19392,"SUKOMORO, TALANG KELAPA, BANYUASIN, SUMATERA SELATAN",43,27,122,149
https://kawalpemilu.org#19393,"SUKAJADI, TALANG KELAPA, BANYUASIN, SUMATERA SELATAN",1,61,144,205
https://kawalpemilu.org#19393,"SUKAJADI, TALANG KELAPA, BANYUASIN, SUMATERA SELATAN",2,79,125,204
https://kawalpemilu.org#19393,"SUKAJADI, TALANG KELAPA, BANYUASIN, SUMATERA SELATAN",3,79,134,213
https://kawalpemilu.org#19393,"SUKAJADI, TALANG KELAPA, BANYUASIN, SUMATERA SELATAN",4,102,109,211
https://kawalpemilu.org#19393,"SUKAJADI, TALANG KELAPA, BANYUASIN, SUMATERA SELATAN",5,90,122,212
https://kawalpemilu.org#19393,"SUKAJADI, TALANG KELAPA, BANYUASIN, SUMATERA SELATAN",6,80,100,180
https://kawalpemilu.org#19393,"SUKAJADI, TALANG KELAPA, BANYUASIN, SUMATERA SELATAN",7,103,97,200
https://kawalpemilu.org#19393,"SUKAJADI, TALANG KELAPA, BANYUASIN, SUMATERA SELATAN",8,67,143,210
https://kawalpemilu.org#19393,"SUKAJADI, TALANG KELAPA, BANYUASIN, SUMATERA SELATAN",9,118,117,235
https://kawalpemilu.org#19393,"SUKAJADI, TALANG KELAPA, BANYUASIN, SUMATERA SELATAN",10,89,87,176
https://kawalpemilu.org#19393,"SUKAJADI, TALANG KELAPA, BANYUASIN, SUMATERA SELATAN",11,79,88,167
https://kawalpemilu.org#19393,"SUKAJADI, TALANG KELAPA, BANYUASIN, SUMATERA SELATAN",12,138,103,241
https://kawalpemilu.org#19393,"SUKAJADI, TALANG KELAPA, BANYUASIN, SUMATERA SELATAN",13,146,70,216
https://kawalpemilu.org#19393,"SUKAJADI, TALANG KELAPA, BANYUASIN, SUMATERA SELATAN",14,121,123,244
https://kawalpemilu.org#19393,"SUKAJADI, TALANG KELAPA, BANYUASIN, SUMATERA SELATAN",15,137,91,228
https://kawalpemilu.org#19393,"SUKAJADI, TALANG KELAPA, BANYUASIN, SUMATERA SELATAN",16,87,96,183
https://kawalpemilu.org#19393,"SUKAJADI, TALANG KELAPA, BANYUASIN, SUMATERA SELATAN",17,37,104,141
https://kawalpemilu.org#19393,"SUKAJADI, TALANG KELAPA, BANYUASIN, SUMATERA SELATAN",18,64,117,181
https://kawalpemilu.org#19393,"SUKAJADI, TALANG KELAPA, BANYUASIN, SUMATERA SELATAN",19,63,162,225
https://kawalpemilu.org#19393,"SUKAJADI, TALANG KELAPA, BANYUASIN, SUMATERA SELATAN",20,93,114,207
https://kawalpemilu.org#19393,"SUKAJADI, TALANG KELAPA, BANYUASIN, SUMATERA SELATAN",21,42,71,113
https://kawalpemilu.org#19393,"SUKAJADI, TALANG KELAPA, BANYUASIN, SUMATERA SELATAN",22,53,124,177
https://kawalpemilu.org#19393,"SUKAJADI, TALANG KELAPA, BANYUASIN, SUMATERA SELATAN",23,57,128,185
https://kawalpemilu.org#19393,"SUKAJADI, TALANG KELAPA, BANYUASIN, SUMATERA SELATAN",24,74,102,176
https://kawalpemilu.org#19393,"SUKAJADI, TALANG KELAPA, BANYUASIN, SUMATERA SELATAN",25,85,122,207
https://kawalpemilu.org#19393,"SUKAJADI, TALANG KELAPA, BANYUASIN, SUMATERA SELATAN",26,68,138,206
https://kawalpemilu.org#19393,"SUKAJADI, TALANG KELAPA, BANYUASIN, SUMATERA SELATAN",27,63,148,211
https://kawalpemilu.org#19393,"SUKAJADI, TALANG KELAPA, BANYUASIN, SUMATERA SELATAN",28,61,134,195
https://kawalpemilu.org#19393,"SUKAJADI, TALANG KELAPA, BANYUASIN, SUMATERA SELATAN",29,84,156,240
https://kawalpemilu.org#19393,"SUKAJADI, TALANG KELAPA, BANYUASIN, SUMATERA SELATAN",30,40,129,169
https://kawalpemilu.org#19393,"SUKAJADI, TALANG KELAPA, BANYUASIN, SUMATERA SELATAN",31,55,117,172
https://kawalpemilu.org#19393,"SUKAJADI, TALANG KELAPA, BANYUASIN, SUMATERA SELATAN",32,101,121,222
https://kawalpemilu.org#19393,"SUKAJADI, TALANG KELAPA, BANYUASIN, SUMATERA SELATAN",33,27,158,185
https://kawalpemilu.org#19393,"SUKAJADI, TALANG KELAPA, BANYUASIN, SUMATERA SELATAN",34,49,135,184
https://kawalpemilu.org#19393,"SUKAJADI, TALANG KELAPA, BANYUASIN, SUMATERA SELATAN",35,61,147,208
https://kawalpemilu.org#19393,"SUKAJADI, TALANG KELAPA, BANYUASIN, SUMATERA SELATAN",36,62,109,171
https://kawalpemilu.org#19393,"SUKAJADI, TALANG KELAPA, BANYUASIN, SUMATERA SELATAN",37,47,118,165
https://kawalpemilu.org#19393,"SUKAJADI, TALANG KELAPA, BANYUASIN, SUMATERA SELATAN",38,40,161,201
https://kawalpemilu.org#19393,"SUKAJADI, TALANG KELAPA, BANYUASIN, SUMATERA SELATAN",39,68,113,181
https://kawalpemilu.org#19393,"SUKAJADI, TALANG KELAPA, BANYUASIN, SUMATERA SELATAN",40,59,137,196
https://kawalpemilu.org#19393,"SUKAJADI, TALANG KELAPA, BANYUASIN, SUMATERA SELATAN",41,86,158,244
https://kawalpemilu.org#19393,"SUKAJADI, TALANG KELAPA, BANYUASIN, SUMATERA SELATAN",42,58,162,220
https://kawalpemilu.org#19393,"SUKAJADI, TALANG KELAPA, BANYUASIN, SUMATERA SELATAN",43,66,164,230
https://kawalpemilu.org#19393,"SUKAJADI, TALANG KELAPA, BANYUASIN, SUMATERA SELATAN",44,72,162,234
https://kawalpemilu.org#19393,"SUKAJADI, TALANG KELAPA, BANYUASIN, SUMATERA SELATAN",45,71,123,194
https://kawalpemilu.org#19393,"SUKAJADI, TALANG KELAPA, BANYUASIN, SUMATERA SELATAN",46,63,99,162
https://kawalpemilu.org#19393,"SUKAJADI, TALANG KELAPA, BANYUASIN, SUMATERA SELATAN",47,82,168,250
https://kawalpemilu.org#19393,"SUKAJADI, TALANG KELAPA, BANYUASIN, SUMATERA SELATAN",48,92,132,224
https://kawalpemilu.org#19393,"SUKAJADI, TALANG KELAPA, BANYUASIN, SUMATERA SELATAN",49,52,158,210
https://kawalpemilu.org#19393,"SUKAJADI, TALANG KELAPA, BANYUASIN, SUMATERA SELATAN",50,70,108,178
https://kawalpemilu.org#19393,"SUKAJADI, TALANG KELAPA, BANYUASIN, SUMATERA SELATAN",51,83,118,201
https://kawalpemilu.org#19393,"SUKAJADI, TALANG KELAPA, BANYUASIN, SUMATERA SELATAN",52,77,103,180
https://kawalpemilu.org#19393,"SUKAJADI, TALANG KELAPA, BANYUASIN, SUMATERA SELATAN",53,74,103,177
https://kawalpemilu.org#19393,"SUKAJADI, TALANG KELAPA, BANYUASIN, SUMATERA SELATAN",54,56,59,115
https://kawalpemilu.org#19393,"SUKAJADI, TALANG KELAPA, BANYUASIN, SUMATERA SELATAN",55,50,111,161
https://kawalpemilu.org#19393,"SUKAJADI, TALANG KELAPA, BANYUASIN, SUMATERA SELATAN",56,96,142,238
https://kawalpemilu.org#19393,"SUKAJADI, TALANG KELAPA, BANYUASIN, SUMATERA SELATAN",57,105,117,222
https://kawalpemilu.org#19393,"SUKAJADI, TALANG KELAPA, BANYUASIN, SUMATERA SELATAN",58,97,125,222
https://kawalpemilu.org#19393,"SUKAJADI, TALANG KELAPA, BANYUASIN, SUMATERA SELATAN",59,113,113,226
https://kawalpemilu.org#19393,"SUKAJADI, TALANG KELAPA, BANYUASIN, SUMATERA SELATAN",60,83,183,266
https://kawalpemilu.org#19393,"SUKAJADI, TALANG KELAPA, BANYUASIN, SUMATERA SELATAN",61,88,156,244
https://kawalpemilu.org#19393,"SUKAJADI, TALANG KELAPA, BANYUASIN, SUMATERA SELATAN",62,108,74,182
https://kawalpemilu.org#19393,"SUKAJADI, TALANG KELAPA, BANYUASIN, SUMATERA SELATAN",63,90,70,160
https://kawalpemilu.org#19393,"SUKAJADI, TALANG KELAPA, BANYUASIN, SUMATERA SELATAN",65,75,102,177
https://kawalpemilu.org#19393,"SUKAJADI, TALANG KELAPA, BANYUASIN, SUMATERA SELATAN",66,64,67,131
https://kawalpemilu.org#19393,"SUKAJADI, TALANG KELAPA, BANYUASIN, SUMATERA SELATAN",67,138,133,271
https://kawalpemilu.org#19393,"SUKAJADI, TALANG KELAPA, BANYUASIN, SUMATERA SELATAN",68,129,112,241
https://kawalpemilu.org#19393,"SUKAJADI, TALANG KELAPA, BANYUASIN, SUMATERA SELATAN",69,112,95,208
https://kawalpemilu.org#19393,"SUKAJADI, TALANG KELAPA, BANYUASIN, SUMATERA SELATAN",70,156,81,237
https://kawalpemilu.org#19393,"SUKAJADI, TALANG KELAPA, BANYUASIN, SUMATERA SELATAN",71,70,145,215
https://kawalpemilu.org#19393,"SUKAJADI, TALANG KELAPA, BANYUASIN, SUMATERA SELATAN",72,98,121,219
https://kawalpemilu.org#19393,"SUKAJADI, TALANG KELAPA, BANYUASIN, SUMATERA SELATAN",73,88,131,219
https://kawalpemilu.org#19393,"SUKAJADI, TALANG KELAPA, BANYUASIN, SUMATERA SELATAN",74,135,100,235
https://kawalpemilu.org#19393,"SUKAJADI, TALANG KELAPA, BANYUASIN, SUMATERA SELATAN",75,69,133,202
https://kawalpemilu.org#19393,"SUKAJADI, TALANG KELAPA, BANYUASIN, SUMATERA SELATAN",76,78,131,209
https://kawalpemilu.org#19393,"SUKAJADI, TALANG KELAPA, BANYUASIN, SUMATERA SELATAN",77,86,138,224
https://kawalpemilu.org#19393,"SUKAJADI, TALANG KELAPA, BANYUASIN, SUMATERA SELATAN",78,55,126,181
https://kawalpemilu.org#19393,"SUKAJADI, TALANG KELAPA, BANYUASIN, SUMATERA SELATAN",79,65,174,239
https://kawalpemilu.org#19393,"SUKAJADI, TALANG KELAPA, BANYUASIN, SUMATERA SELATAN",80,62,104,166
https://kawalpemilu.org#19394,"KENTEN, TALANG KELAPA, BANYUASIN, SUMATERA SELATAN",1,68,131,199
https://kawalpemilu.org#19394,"KENTEN, TALANG KELAPA, BANYUASIN, SUMATERA SELATAN",2,77,130,207
https://kawalpemilu.org#19394,"KENTEN, TALANG KELAPA, BANYUASIN, SUMATERA SELATAN",3,52,116,168
https://kawalpemilu.org#19394,"KENTEN, TALANG KELAPA, BANYUASIN, SUMATERA SELATAN",4,36,92,128
https://kawalpemilu.org#19394,"KENTEN, TALANG KELAPA, BANYUASIN, SUMATERA SELATAN",5,97,125,222
https://kawalpemilu.org#19394,"KENTEN, TALANG KELAPA, BANYUASIN, SUMATERA SELATAN",6,59,70,129
https://kawalpemilu.org#19394,"KENTEN, TALANG KELAPA, BANYUASIN, SUMATERA SELATAN",7,76,120,196
https://kawalpemilu.org#19394,"KENTEN, TALANG KELAPA, BANYUASIN, SUMATERA SELATAN",8,38,128,166
https://kawalpemilu.org#19394,"KENTEN, TALANG KELAPA, BANYUASIN, SUMATERA SELATAN",9,124,138,262
https://kawalpemilu.org#19394,"KENTEN, TALANG KELAPA, BANYUASIN, SUMATERA SELATAN",10,117,106,223
https://kawalpemilu.org#19394,"KENTEN, TALANG KELAPA, BANYUASIN, SUMATERA SELATAN",11,91,109,200
https://kawalpemilu.org#19394,"KENTEN, TALANG KELAPA, BANYUASIN, SUMATERA SELATAN",12,49,84,133
https://kawalpemilu.org#19394,"KENTEN, TALANG KELAPA, BANYUASIN, SUMATERA SELATAN",13,64,71,135
https://kawalpemilu.org#19394,"KENTEN, TALANG KELAPA, BANYUASIN, SUMATERA SELATAN",14,63,107,170
https://kawalpemilu.org#19394,"KENTEN, TALANG KELAPA, BANYUASIN, SUMATERA SELATAN",15,35,53,88
https://kawalpemilu.org#19394,"KENTEN, TALANG KELAPA, BANYUASIN, SUMATERA SELATAN",16,98,107,205
https://kawalpemilu.org#19394,"KENTEN, TALANG KELAPA, BANYUASIN, SUMATERA SELATAN",17,73,146,219
https://kawalpemilu.org#19394,"KENTEN, TALANG KELAPA, BANYUASIN, SUMATERA SELATAN",18,92,79,171
https://kawalpemilu.org#19394,"KENTEN, TALANG KELAPA, BANYUASIN, SUMATERA SELATAN",19,76,115,191
https://kawalpemilu.org#19394,"KENTEN, TALANG KELAPA, BANYUASIN, SUMATERA SELATAN",20,64,101,165
https://kawalpemilu.org#19394,"KENTEN, TALANG KELAPA, BANYUASIN, SUMATERA SELATAN",21,55,85,140
https://kawalpemilu.org#19394,"KENTEN, TALANG KELAPA, BANYUASIN, SUMATERA SELATAN",22,92,119,211
https://kawalpemilu.org#19394,"KENTEN, TALANG KELAPA, BANYUASIN, SUMATERA SELATAN",23,130,95,225
https://kawalpemilu.org#19394,"KENTEN, TALANG KELAPA, BANYUASIN, SUMATERA SELATAN",24,95,127,222
https://kawalpemilu.org#19394,"KENTEN, TALANG KELAPA, BANYUASIN, SUMATERA SELATAN",25,86,111,197
https://kawalpemilu.org#19394,"KENTEN, TALANG KELAPA, BANYUASIN, SUMATERA SELATAN",26,56,99,155
https://kawalpemilu.org#19394,"KENTEN, TALANG KELAPA, BANYUASIN, SUMATERA SELATAN",27,70,121,191
https://kawalpemilu.org#19394,"KENTEN, TALANG KELAPA, BANYUASIN, SUMATERA SELATAN",28,75,97,172
https://kawalpemilu.org#19394,"KENTEN, TALANG KELAPA, BANYUASIN, SUMATERA SELATAN",29,113,173,286
https://kawalpemilu.org#19394,"KENTEN, TALANG KELAPA, BANYUASIN, SUMATERA SELATAN",30,41,95,136
https://kawalpemilu.org#19394,"KENTEN, TALANG KELAPA, BANYUASIN, SUMATERA SELATAN",31,91,138,229
https://kawalpemilu.org#19394,"KENTEN, TALANG KELAPA, BANYUASIN, SUMATERA SELATAN",32,72,123,195
https://kawalpemilu.org#19394,"KENTEN, TALANG KELAPA, BANYUASIN, SUMATERA SELATAN",33,74,80,154
https://kawalpemilu.org#19394,"KENTEN, TALANG KELAPA, BANYUASIN, SUMATERA SELATAN",34,68,169,237
https://kawalpemilu.org#19394,"KENTEN, TALANG KELAPA, BANYUASIN, SUMATERA SELATAN",35,51,139,190
https://kawalpemilu.org#19394,"KENTEN, TALANG KELAPA, BANYUASIN, SUMATERA SELATAN",36,86,88,174
https://kawalpemilu.org#19394,"KENTEN, TALANG KELAPA, BANYUASIN, SUMATERA SELATAN",39,66,52,118
https://kawalpemilu.org#19394,"KENTEN, TALANG KELAPA, BANYUASIN, SUMATERA SELATAN",40,103,114,217
https://kawalpemilu.org#19394,"KENTEN, TALANG KELAPA, BANYUASIN, SUMATERA SELATAN",41,51,78,129
https://kawalpemilu.org#19394,"KENTEN, TALANG KELAPA, BANYUASIN, SUMATERA SELATAN",42,47,139,186
https://kawalpemilu.org#19394,"KENTEN, TALANG KELAPA, BANYUASIN, SUMATERA SELATAN",43,57,140,197
https://kawalpemilu.org#19394,"KENTEN, TALANG KELAPA, BANYUASIN, SUMATERA SELATAN",44,50,191,241
https://kawalpemilu.org#19394,"KENTEN, TALANG KELAPA, BANYUASIN, SUMATERA SELATAN",45,44,94,138
https://kawalpemilu.org#19394,"KENTEN, TALANG KELAPA, BANYUASIN, SUMATERA SELATAN",46,48,103,151
https://kawalpemilu.org#19394,"KENTEN, TALANG KELAPA, BANYUASIN, SUMATERA SELATAN",47,45,116,161
https://kawalpemilu.org#19394,"KENTEN, TALANG KELAPA, BANYUASIN, SUMATERA SELATAN",48,67,147,214
https://kawalpemilu.org#19394,"KENTEN, TALANG KELAPA, BANYUASIN, SUMATERA SELATAN",49,25,85,110
https://kawalpemilu.org#19394,"KENTEN, TALANG KELAPA, BANYUASIN, SUMATERA SELATAN",51,77,115,192
https://kawalpemilu.org#19394,"KENTEN, TALANG KELAPA, BANYUASIN, SUMATERA SELATAN",52,55,91,146
https://kawalpemilu.org#19394,"KENTEN, TALANG KELAPA, BANYUASIN, SUMATERA SELATAN",53,63,119,182
https://kawalpemilu.org#19394,"KENTEN, TALANG KELAPA, BANYUASIN, SUMATERA SELATAN",54,42,59,101
https://kawalpemilu.org#19394,"KENTEN, TALANG KELAPA, BANYUASIN, SUMATERA SELATAN",55,80,135,215
https://kawalpemilu.org#19394,"KENTEN, TALANG KELAPA, BANYUASIN, SUMATERA SELATAN",57,87,145,232
https://kawalpemilu.org#19394,"KENTEN, TALANG KELAPA, BANYUASIN, SUMATERA SELATAN",58,59,87,146
https://kawalpemilu.org#19394,"KENTEN, TALANG KELAPA, BANYUASIN, SUMATERA SELATAN",59,56,115,171
https://kawalpemilu.org#19394,"KENTEN, TALANG KELAPA, BANYUASIN, SUMATERA SELATAN",60,43,73,116
https://kawalpemilu.org#19394,"KENTEN, TALANG KELAPA, BANYUASIN, SUMATERA SELATAN",61,70,107,177
https://kawalpemilu.org#19394,"KENTEN, TALANG KELAPA, BANYUASIN, SUMATERA SELATAN",62,61,90,151
https://kawalpemilu.org#19394,"KENTEN, TALANG KELAPA, BANYUASIN, SUMATERA SELATAN",63,80,146,226
https://kawalpemilu.org#19394,"KENTEN, TALANG KELAPA, BANYUASIN, SUMATERA SELATAN",64,68,157,225
https://kawalpemilu.org#19394,"KENTEN, TALANG KELAPA, BANYUASIN, SUMATERA SELATAN",65,68,100,168
https://kawalpemilu.org#19394,"KENTEN, TALANG KELAPA, BANYUASIN, SUMATERA SELATAN",66,70,112,182
https://kawalpemilu.org#19394,"KENTEN, TALANG KELAPA, BANYUASIN, SUMATERA SELATAN",67,49,98,147
https://kawalpemilu.org#19394,"KENTEN, TALANG KELAPA, BANYUASIN, SUMATERA SELATAN",68,104,89,193
https://kawalpemilu.org#19394,"KENTEN, TALANG KELAPA, BANYUASIN, SUMATERA SELATAN",69,92,51,143
https://kawalpemilu.org#19394,"KENTEN, TALANG KELAPA, BANYUASIN, SUMATERA SELATAN",70,80,92,172
https://kawalpemilu.org#19394,"KENTEN, TALANG KELAPA, BANYUASIN, SUMATERA SELATAN",71,95,58,155
https://kawalpemilu.org#19394,"KENTEN, TALANG KELAPA, BANYUASIN, SUMATERA SELATAN",72,80,73,153
https://kawalpemilu.org#19395,"TANAH MAS, TALANG KELAPA, BANYUASIN, SUMATERA SELATAN",1,77,117,194
https://kawalpemilu.org#19395,"TANAH MAS, TALANG KELAPA, BANYUASIN, SUMATERA SELATAN",2,63,95,158
https://kawalpemilu.org#19395,"TANAH MAS, TALANG KELAPA, BANYUASIN, SUMATERA SELATAN",3,35,73,108
https://kawalpemilu.org#19395,"TANAH MAS, TALANG KELAPA, BANYUASIN, SUMATERA SELATAN",4,62,159,221
https://kawalpemilu.org#19395,"TANAH MAS, TALANG KELAPA, BANYUASIN, SUMATERA SELATAN",5,74,136,210
https://kawalpemilu.org#19395,"TANAH MAS, TALANG KELAPA, BANYUASIN, SUMATERA SELATAN",6,52,89,141
https://kawalpemilu.org#19395,"TANAH MAS, TALANG KELAPA, BANYUASIN, SUMATERA SELATAN",7,135,119,254
https://kawalpemilu.org#19395,"TANAH MAS, TALANG KELAPA, BANYUASIN, SUMATERA SELATAN",8,113,117,230
https://kawalpemilu.org#19395,"TANAH MAS, TALANG KELAPA, BANYUASIN, SUMATERA SELATAN",9,87,118,205
https://kawalpemilu.org#19395,"TANAH MAS, TALANG KELAPA, BANYUASIN, SUMATERA SELATAN",10,132,162,294
https://kawalpemilu.org#19395,"TANAH MAS, TALANG KELAPA, BANYUASIN, SUMATERA SELATAN",11,68,81,149
https://kawalpemilu.org#19395,"TANAH MAS, TALANG KELAPA, BANYUASIN, SUMATERA SELATAN",12,83,129,212
https://kawalpemilu.org#19395,"TANAH MAS, TALANG KELAPA, BANYUASIN, SUMATERA SELATAN",14,70,114,184
https://kawalpemilu.org#19395,"TANAH MAS, TALANG KELAPA, BANYUASIN, SUMATERA SELATAN",15,59,73,132
https://kawalpemilu.org#19395,"TANAH MAS, TALANG KELAPA, BANYUASIN, SUMATERA SELATAN",16,76,159,235
https://kawalpemilu.org#19395,"TANAH MAS, TALANG KELAPA, BANYUASIN, SUMATERA SELATAN",17,71,85,156
https://kawalpemilu.org#19395,"TANAH MAS, TALANG KELAPA, BANYUASIN, SUMATERA SELATAN",19,75,104,179
https://kawalpemilu.org#19395,"TANAH MAS, TALANG KELAPA, BANYUASIN, SUMATERA SELATAN",20,69,96,165
https://kawalpemilu.org#19395,"TANAH MAS, TALANG KELAPA, BANYUASIN, SUMATERA SELATAN",21,49,127,176
https://kawalpemilu.org#19395,"TANAH MAS, TALANG KELAPA, BANYUASIN, SUMATERA SELATAN",22,65,87,152
https://kawalpemilu.org#19395,"TANAH MAS, TALANG KELAPA, BANYUASIN, SUMATERA SELATAN",23,16,50,66
https://kawalpemilu.org#19395,"TANAH MAS, TALANG KELAPA, BANYUASIN, SUMATERA SELATAN",24,44,111,155
https://kawalpemilu.org#19395,"TANAH MAS, TALANG KELAPA, BANYUASIN, SUMATERA SELATAN",25,64,137,201
https://kawalpemilu.org#19395,"TANAH MAS, TALANG KELAPA, BANYUASIN, SUMATERA SELATAN",26,77,130,207
https://kawalpemilu.org#19395,"TANAH MAS, TALANG KELAPA, BANYUASIN, SUMATERA SELATAN",27,49,98,147
https://kawalpemilu.org#19395,"TANAH MAS, TALANG KELAPA, BANYUASIN, SUMATERA SELATAN",28,69,117,186
https://kawalpemilu.org#19395,"TANAH MAS, TALANG KELAPA, BANYUASIN, SUMATERA SELATAN",29,79,164,243
https://kawalpemilu.org#19395,"TANAH MAS, TALANG KELAPA, BANYUASIN, SUMATERA SELATAN",30,68,115,183
https://kawalpemilu.org#19395,"TANAH MAS, TALANG KELAPA, BANYUASIN, SUMATERA SELATAN",31,59,183,242
https://kawalpemilu.org#19395,"TANAH MAS, TALANG KELAPA, BANYUASIN, SUMATERA SELATAN",33,88,75,163
https://kawalpemilu.org#19395,"TANAH MAS, TALANG KELAPA, BANYUASIN, SUMATERA SELATAN",34,97,133,230
https://kawalpemilu.org#19395,"TANAH MAS, TALANG KELAPA, BANYUASIN, SUMATERA SELATAN",35,59,165,224
https://kawalpemilu.org#19395,"TANAH MAS, TALANG KELAPA, BANYUASIN, SUMATERA SELATAN",36,69,114,183
https://kawalpemilu.org#19395,"TANAH MAS, TALANG KELAPA, BANYUASIN, SUMATERA SELATAN",37,67,150,217
https://kawalpemilu.org#19395,"TANAH MAS, TALANG KELAPA, BANYUASIN, SUMATERA SELATAN",38,86,122,208
https://kawalpemilu.org#19395,"TANAH MAS, TALANG KELAPA, BANYUASIN, SUMATERA SELATAN",39,64,89,153
https://kawalpemilu.org#19395,"TANAH MAS, TALANG KELAPA, BANYUASIN, SUMATERA SELATAN",40,75,135,210
https://kawalpemilu.org#19395,"TANAH MAS, TALANG KELAPA, BANYUASIN, SUMATERA SELATAN",41,89,167,256
https://kawalpemilu.org#19395,"TANAH MAS, TALANG KELAPA, BANYUASIN, SUMATERA SELATAN",42,101,111,212
https://kawalpemilu.org#19395,"TANAH MAS, TALANG KELAPA, BANYUASIN, SUMATERA SELATAN",44,42,97,144
https://kawalpemilu.org#19395,"TANAH MAS, TALANG KELAPA, BANYUASIN, SUMATERA SELATAN",45,73,126,199
https://kawalpemilu.org#19395,"TANAH MAS, TALANG KELAPA, BANYUASIN, SUMATERA SELATAN",46,80,84,164
https://kawalpemilu.org#19395,"TANAH MAS, TALANG KELAPA, BANYUASIN, SUMATERA SELATAN",47,79,135,214
https://kawalpemilu.org#19395,"TANAH MAS, TALANG KELAPA, BANYUASIN, SUMATERA SELATAN",48,71,161,232
https://kawalpemilu.org#19395,"TANAH MAS, TALANG KELAPA, BANYUASIN, SUMATERA SELATAN",49,71,144,215
https://kawalpemilu.org#19395,"TANAH MAS, TALANG KELAPA, BANYUASIN, SUMATERA SELATAN",50,40,110,150
https://kawalpemilu.org#19396,"TALANG KERAMAT, TALANG KELAPA, BANYUASIN, SUMATERA SELATAN",1,60,138,198
https://kawalpemilu.org#19396,"TALANG KERAMAT, TALANG KELAPA, BANYUASIN, SUMATERA SELATAN",2,55,127,182
https://kawalpemilu.org#19396,"TALANG KERAMAT, TALANG KELAPA, BANYUASIN, SUMATERA SELATAN",4,108,78,186
https://kawalpemilu.org#19396,"TALANG KERAMAT, TALANG KELAPA, BANYUASIN, SUMATERA SELATAN",5,113,101,214
https://kawalpemilu.org#19396,"TALANG KERAMAT, TALANG KELAPA, BANYUASIN, SUMATERA SELATAN",6,63,140,203
https://kawalpemilu.org#19396,"TALANG KERAMAT, TALANG KELAPA, BANYUASIN, SUMATERA SELATAN",8,106,83,189
https://kawalpemilu.org#19396,"TALANG KERAMAT, TALANG KELAPA, BANYUASIN, SUMATERA SELATAN",9,98,103,201
https://kawalpemilu.org#19396,"TALANG KERAMAT, TALANG KELAPA, BANYUASIN, SUMATERA SELATAN",10,76,101,177
https://kawalpemilu.org#19396,"TALANG KERAMAT, TALANG KELAPA, BANYUASIN, SUMATERA SELATAN",11,105,135,240
https://kawalpemilu.org#19396,"TALANG KERAMAT, TALANG KELAPA, BANYUASIN, SUMATERA SELATAN",12,141,116,257
https://kawalpemilu.org#19396,"TALANG KERAMAT, TALANG KELAPA, BANYUASIN, SUMATERA SELATAN",14,111,92,203
https://kawalpemilu.org#19396,"TALANG KERAMAT, TALANG KELAPA, BANYUASIN, SUMATERA SELATAN",15,105,94,199
https://kawalpemilu.org#19396,"TALANG KERAMAT, TALANG KELAPA, BANYUASIN, SUMATERA SELATAN",16,91,73,163
https://kawalpemilu.org#19396,"TALANG KERAMAT, TALANG KELAPA, BANYUASIN, SUMATERA SELATAN",17,85,77,162
https://kawalpemilu.org#19396,"TALANG KERAMAT, TALANG KELAPA, BANYUASIN, SUMATERA SELATAN",18,81,44,125
https://kawalpemilu.org#19397,"SUNGAIRENGIT, TALANG KELAPA, BANYUASIN, SUMATERA SELATAN",1,79,80,159
https://kawalpemilu.org#19397,"SUNGAIRENGIT, TALANG KELAPA, BANYUASIN, SUMATERA SELATAN",2,67,90,157
https://kawalpemilu.org#19397,"SUNGAIRENGIT, TALANG KELAPA, BANYUASIN, SUMATERA SELATAN",3,112,93,205
https://kawalpemilu.org#19397,"SUNGAIRENGIT, TALANG KELAPA, BANYUASIN, SUMATERA SELATAN",4,93,87,180
https://kawalpemilu.org#19397,"SUNGAIRENGIT, TALANG KELAPA, BANYUASIN, SUMATERA SELATAN",5,78,95,173
https://kawalpemilu.org#19397,"SUNGAIRENGIT, TALANG KELAPA, BANYUASIN, SUMATERA SELATAN",6,97,129,226
https://kawalpemilu.org#19397,"SUNGAIRENGIT, TALANG KELAPA, BANYUASIN, SUMATERA SELATAN",7,66,168,234
https://kawalpemilu.org#19397,"SUNGAIRENGIT, TALANG KELAPA, BANYUASIN, SUMATERA SELATAN",9,60,177,237
https://kawalpemilu.org#19397,"SUNGAIRENGIT, TALANG KELAPA, BANYUASIN, SUMATERA SELATAN",10,47,200,247
https://kawalpemilu.org#19397,"SUNGAIRENGIT, TALANG KELAPA, BANYUASIN, SUMATERA SELATAN",12,46,176,222
https://kawalpemilu.org#19397,"SUNGAIRENGIT, TALANG KELAPA, BANYUASIN, SUMATERA SELATAN",13,93,131,224
https://kawalpemilu.org#19397,"SUNGAIRENGIT, TALANG KELAPA, BANYUASIN, SUMATERA SELATAN",14,66,134,200
https://kawalpemilu.org#19397,"SUNGAIRENGIT, TALANG KELAPA, BANYUASIN, SUMATERA SELATAN",15,56,161,217
https://kawalpemilu.org#19397,"SUNGAIRENGIT, TALANG KELAPA, BANYUASIN, SUMATERA SELATAN",16,115,62,177
https://kawalpemilu.org#19397,"SUNGAIRENGIT, TALANG KELAPA, BANYUASIN, SUMATERA SELATAN",17,149,41,190
https://kawalpemilu.org#19397,"SUNGAIRENGIT, TALANG KELAPA, BANYUASIN, SUMATERA SELATAN",18,145,37,182
https://kawalpemilu.org#19398,"PANGKALAN BENTENG, TALANG KELAPA, BANYUASIN, SUMATERA SELATAN",1,55,124,179
https://kawalpemilu.org#19398,"PANGKALAN BENTENG, TALANG KELAPA, BANYUASIN, SUMATERA SELATAN",2,47,165,212
https://kawalpemilu.org#19398,"PANGKALAN BENTENG, TALANG KELAPA, BANYUASIN, SUMATERA SELATAN",3,49,113,162
https://kawalpemilu.org#19398,"PANGKALAN BENTENG, TALANG KELAPA, BANYUASIN, SUMATERA SELATAN",4,61,151,212
https://kawalpemilu.org#19398,"PANGKALAN BENTENG, TALANG KELAPA, BANYUASIN, SUMATERA SELATAN",5,60,154,214
https://kawalpemilu.org#19398,"PANGKALAN BENTENG, TALANG KELAPA, BANYUASIN, SUMATERA SELATAN",6,155,45,200
https://kawalpemilu.org#19398,"PANGKALAN BENTENG, TALANG KELAPA, BANYUASIN, SUMATERA SELATAN",7,136,44,180
https://kawalpemilu.org#19398,"PANGKALAN BENTENG, TALANG KELAPA, BANYUASIN, SUMATERA SELATAN",8,110,103,213
https://kawalpemilu.org#19398,"PANGKALAN BENTENG, TALANG KELAPA, BANYUASIN, SUMATERA SELATAN",9,76,106,182
https://kawalpemilu.org#19398,"PANGKALAN BENTENG, TALANG KELAPA, BANYUASIN, SUMATERA SELATAN",10,125,67,192
https://kawalpemilu.org#19399,"GASING, TALANG KELAPA, BANYUASIN, SUMATERA SELATAN",1,109,43,152
https://kawalpemilu.org#19399,"GASING, TALANG KELAPA, BANYUASIN, SUMATERA SELATAN",2,86,58,144
https://kawalpemilu.org#19399,"GASING, TALANG KELAPA, BANYUASIN, SUMATERA SELATAN",3,67,58,125
https://kawalpemilu.org#19399,"GASING, TALANG KELAPA, BANYUASIN, SUMATERA SELATAN",4,93,59,152
https://kawalpemilu.org#19399,"GASING, TALANG KELAPA, BANYUASIN, SUMATERA SELATAN",7,74,49,123
https://kawalpemilu.org#19399,"GASING, TALANG KELAPA, BANYUASIN, SUMATERA SELATAN",8,120,92,212
https://kawalpemilu.org#19399,"GASING, TALANG KELAPA, BANYUASIN, SUMATERA SELATAN",9,77,81,158
https://kawalpemilu.org#19399,"GASING, TALANG KELAPA, BANYUASIN, SUMATERA SELATAN",10,104,103,207
https://kawalpemilu.org#19399,"GASING, TALANG KELAPA, BANYUASIN, SUMATERA SELATAN",11,111,101,212
https://kawalpemilu.org#19399,"GASING, TALANG KELAPA, BANYUASIN, SUMATERA SELATAN",12,106,120,226
https://kawalpemilu.org#19399,"GASING, TALANG KELAPA, BANYUASIN, SUMATERA SELATAN",13,83,115,198
https://kawalpemilu.org#19399,"GASING, TALANG KELAPA, BANYUASIN, SUMATERA SELATAN",14,67,61,128
https://kawalpemilu.org#19399,"GASING, TALANG KELAPA, BANYUASIN, SUMATERA SELATAN",15,121,82,203
https://kawalpemilu.org#19399,"GASING, TALANG KELAPA, BANYUASIN, SUMATERA SELATAN",17,94,81,175
https://kawalpemilu.org#19399,"GASING, TALANG KELAPA, BANYUASIN, SUMATERA SELATAN",18,65,98,163
https://kawalpemilu.org#19399,"GASING, TALANG KELAPA, BANYUASIN, SUMATERA SELATAN",19,73,104,177
https://kawalpemilu.org#19400,"TALANG BULUH, TALANG KELAPA, BANYUASIN, SUMATERA SELATAN",1,128,95,223
https://kawalpemilu.org#19400,"TALANG BULUH, TALANG KELAPA, BANYUASIN, SUMATERA SELATAN",2,96,67,163
https://kawalpemilu.org#19400,"TALANG BULUH, TALANG KELAPA, BANYUASIN, SUMATERA SELATAN",3,61,125,186
https://kawalpemilu.org#19400,"TALANG BULUH, TALANG KELAPA, BANYUASIN, SUMATERA SELATAN",4,65,155,220
https://kawalpemilu.org#19400,"TALANG BULUH, TALANG KELAPA, BANYUASIN, SUMATERA SELATAN",5,80,70,150
https://kawalpemilu.org#19400,"TALANG BULUH, TALANG KELAPA, BANYUASIN, SUMATERA SELATAN",6,93,148,241
https://kawalpemilu.org#19400,"TALANG BULUH, TALANG KELAPA, BANYUASIN, SUMATERA SELATAN",7,94,105,199
https://kawalpemilu.org#19400,"TALANG BULUH, TALANG KELAPA, BANYUASIN, SUMATERA SELATAN",8,78,64,144
https://kawalpemilu.org#19400,"TALANG BULUH, TALANG KELAPA, BANYUASIN, SUMATERA SELATAN",9,89,41,130
https://kawalpemilu.org#19401,"KENTEN LAUT, TALANG KELAPA, BANYUASIN, SUMATERA SELATAN",1,56,97,153
https://kawalpemilu.org#19401,"KENTEN LAUT, TALANG KELAPA, BANYUASIN, SUMATERA SELATAN",2,76,106,182
https://kawalpemilu.org#19401,"KENTEN LAUT, TALANG KELAPA, BANYUASIN, SUMATERA SELATAN",3,51,147,238
https://kawalpemilu.org#19401,"KENTEN LAUT, TALANG KELAPA, BANYUASIN, SUMATERA SELATAN",4,67,98,165
https://kawalpemilu.org#19401,"KENTEN LAUT, TALANG KELAPA, BANYUASIN, SUMATERA SELATAN",5,91,90,181
https://kawalpemilu.org#19401,"KENTEN LAUT, TALANG KELAPA, BANYUASIN, SUMATERA SELATAN",6,69,80,149
https://kawalpemilu.org#19401,"KENTEN LAUT, TALANG KELAPA, BANYUASIN, SUMATERA SELATAN",7,52,103,155
https://kawalpemilu.org#19401,"KENTEN LAUT, TALANG KELAPA, BANYUASIN, SUMATERA SELATAN",8,67,123,190
https://kawalpemilu.org#19401,"KENTEN LAUT, TALANG KELAPA, BANYUASIN, SUMATERA SELATAN",9,86,102,188
https://kawalpemilu.org#19401,"KENTEN LAUT, TALANG KELAPA, BANYUASIN, SUMATERA SELATAN",10,113,95,208
https://kawalpemilu.org#19401,"KENTEN LAUT, TALANG KELAPA, BANYUASIN, SUMATERA SELATAN",11,83,84,167
https://kawalpemilu.org#19401,"KENTEN LAUT, TALANG KELAPA, BANYUASIN, SUMATERA SELATAN",12,77,111,188
https://kawalpemilu.org#19401,"KENTEN LAUT, TALANG KELAPA, BANYUASIN, SUMATERA SELATAN",13,21,59,80
https://kawalpemilu.org#19401,"KENTEN LAUT, TALANG KELAPA, BANYUASIN, SUMATERA SELATAN",14,56,116,172
https://kawalpemilu.org#19401,"KENTEN LAUT, TALANG KELAPA, BANYUASIN, SUMATERA SELATAN",16,63,111,174
https://kawalpemilu.org#19401,"KENTEN LAUT, TALANG KELAPA, BANYUASIN, SUMATERA SELATAN",17,66,139,205
https://kawalpemilu.org#19401,"KENTEN LAUT, TALANG KELAPA, BANYUASIN, SUMATERA SELATAN",18,78,136,214
https://kawalpemilu.org#19401,"KENTEN LAUT, TALANG KELAPA, BANYUASIN, SUMATERA SELATAN",19,83,100,183
https://kawalpemilu.org#19401,"KENTEN LAUT, TALANG KELAPA, BANYUASIN, SUMATERA SELATAN",21,75,121,196
https://kawalpemilu.org#19401,"KENTEN LAUT, TALANG KELAPA, BANYUASIN, SUMATERA SELATAN",22,81,103,184
https://kawalpemilu.org#19401,"KENTEN LAUT, TALANG KELAPA, BANYUASIN, SUMATERA SELATAN",23,85,107,192
https://kawalpemilu.org#19401,"KENTEN LAUT, TALANG KELAPA, BANYUASIN, SUMATERA SELATAN",24,75,59,134
https://kawalpemilu.org#19401,"KENTEN LAUT, TALANG KELAPA, BANYUASIN, SUMATERA SELATAN",25,67,59,126
https://kawalpemilu.org#19401,"KENTEN LAUT, TALANG KELAPA, BANYUASIN, SUMATERA SELATAN",26,162,64,226
https://kawalpemilu.org#19401,"KENTEN LAUT, TALANG KELAPA, BANYUASIN, SUMATERA SELATAN",27,55,149,204
https://kawalpemilu.org#19401,"KENTEN LAUT, TALANG KELAPA, BANYUASIN, SUMATERA SELATAN",28,45,70,115
https://kawalpemilu.org#19404,"MUARAABAB, RANTAU BAYUR, BANYUASIN, SUMATERA SELATAN",1,79,39,118
https://kawalpemilu.org#19404,"MUARAABAB, RANTAU BAYUR, BANYUASIN, SUMATERA SELATAN",2,39,52,91
https://kawalpemilu.org#19404,"MUARAABAB, RANTAU BAYUR, BANYUASIN, SUMATERA SELATAN",3,57,58,115
https://kawalpemilu.org#19404,"MUARAABAB, RANTAU BAYUR, BANYUASIN, SUMATERA SELATAN",4,58,40,98
https://kawalpemilu.org#19405,"TANJUNGPASIR, RANTAU BAYUR, BANYUASIN, SUMATERA SELATAN",1,44,159,203
https://kawalpemilu.org#19405,"TANJUNGPASIR, RANTAU BAYUR, BANYUASIN, SUMATERA SELATAN",2,45,116,161
https://kawalpemilu.org#19405,"TANJUNGPASIR, RANTAU BAYUR, BANYUASIN, SUMATERA SELATAN",3,61,168,229
https://kawalpemilu.org#19405,"TANJUNGPASIR, RANTAU BAYUR, BANYUASIN, SUMATERA SELATAN",4,49,167,216
https://kawalpemilu.org#19405,"TANJUNGPASIR, RANTAU BAYUR, BANYUASIN, SUMATERA SELATAN",6,20,110,130
https://kawalpemilu.org#19406,"TANJUNGTIGA, RANTAU BAYUR, BANYUASIN, SUMATERA SELATAN",1,123,98,221
https://kawalpemilu.org#19406,"TANJUNGTIGA, RANTAU BAYUR, BANYUASIN, SUMATERA SELATAN",2,61,111,172
https://kawalpemilu.org#19406,"TANJUNGTIGA, RANTAU BAYUR, BANYUASIN, SUMATERA SELATAN",4,76,111,187
https://kawalpemilu.org#19406,"TANJUNGTIGA, RANTAU BAYUR, BANYUASIN, SUMATERA SELATAN",5,89,108,197
https://kawalpemilu.org#19407,"RANTAU BAYUR, RANTAU BAYUR, BANYUASIN, SUMATERA SELATAN",1,105,93,198
https://kawalpemilu.org#19407,"RANTAU BAYUR, RANTAU BAYUR, BANYUASIN, SUMATERA SELATAN",2,94,128,222
https://kawalpemilu.org#19407,"RANTAU BAYUR, RANTAU BAYUR, BANYUASIN, SUMATERA SELATAN",3,51,130,181
https://kawalpemilu.org#19407,"RANTAU BAYUR, RANTAU BAYUR, BANYUASIN, SUMATERA SELATAN",4,58,174,232
https://kawalpemilu.org#19407,"RANTAU BAYUR, RANTAU BAYUR, BANYUASIN, SUMATERA SELATAN",5,54,95,149
https://kawalpemilu.org#19407,"RANTAU BAYUR, RANTAU BAYUR, BANYUASIN, SUMATERA SELATAN",6,75,106,181
https://kawalpemilu.org#19407,"RANTAU BAYUR, RANTAU BAYUR, BANYUASIN, SUMATERA SELATAN",7,32,132,164
https://kawalpemilu.org#19407,"RANTAU BAYUR, RANTAU BAYUR, BANYUASIN, SUMATERA SELATAN",8,55,158,213
https://kawalpemilu.org#19408,"PAGAR BULAN, RANTAU BAYUR, BANYUASIN, SUMATERA SELATAN",2,123,53,176
https://kawalpemilu.org#19408,"PAGAR BULAN, RANTAU BAYUR, BANYUASIN, SUMATERA SELATAN",4,82,75,157
https://kawalpemilu.org#19409,"KEMANG BEJALU, RANTAU BAYUR, BANYUASIN, SUMATERA SELATAN",1,34,178,212
https://kawalpemilu.org#19409,"KEMANG BEJALU, RANTAU BAYUR, BANYUASIN, SUMATERA SELATAN",3,61,125,186
https://kawalpemilu.org#19410,"TANJUNG MENANG MUSI, RANTAU BAYUR, BANYUASIN, SUMATERA SELATAN",1,41,173,214
https://kawalpemilu.org#19410,"TANJUNG MENANG MUSI, RANTAU BAYUR, BANYUASIN, SUMATERA SELATAN",2,11,183,194
https://kawalpemilu.org#19410,"TANJUNG MENANG MUSI, RANTAU BAYUR, BANYUASIN, SUMATERA SELATAN",3,20,210,230
https://kawalpemilu.org#19410,"TANJUNG MENANG MUSI, RANTAU BAYUR, BANYUASIN, SUMATERA SELATAN",4,23,123,146
https://kawalpemilu.org#19410,"TANJUNG MENANG MUSI, RANTAU BAYUR, BANYUASIN, SUMATERA SELATAN",5,23,123,146
https://kawalpemilu.org#19411,"SRI JAYA, RANTAU BAYUR, BANYUASIN, SUMATERA SELATAN",1,0,0,0
https://kawalpemilu.org#19411,"SRI JAYA, RANTAU BAYUR, BANYUASIN, SUMATERA SELATAN",2,0,0,0
https://kawalpemilu.org#19412,"SEJAGUNG, RANTAU BAYUR, BANYUASIN, SUMATERA SELATAN",1,70,138,208
https://kawalpemilu.org#19412,"SEJAGUNG, RANTAU BAYUR, BANYUASIN, SUMATERA SELATAN",2,91,127,218
https://kawalpemilu.org#19412,"SEJAGUNG, RANTAU BAYUR, BANYUASIN, SUMATERA SELATAN",3,93,106,199
https://kawalpemilu.org#19412,"SEJAGUNG, RANTAU BAYUR, BANYUASIN, SUMATERA SELATAN",4,89,67,156
https://kawalpemilu.org#19412,"SEJAGUNG, RANTAU BAYUR, BANYUASIN, SUMATERA SELATAN",5,57,93,150
https://kawalpemilu.org#19412,"SEJAGUNG, RANTAU BAYUR, BANYUASIN, SUMATERA SELATAN",7,62,152,214
https://kawalpemilu.org#19412,"SEJAGUNG, RANTAU BAYUR, BANYUASIN, SUMATERA SELATAN",8,36,125,161
https://kawalpemilu.org#19412,"SEJAGUNG, RANTAU BAYUR, BANYUASIN, SUMATERA SELATAN",9,15,67,82
https://kawalpemilu.org#19413,"SUNGAI PINANG, RANTAU BAYUR, BANYUASIN, SUMATERA SELATAN",2,38,109,147
https://kawalpemilu.org#19413,"SUNGAI PINANG, RANTAU BAYUR, BANYUASIN, SUMATERA SELATAN",3,90,43,133
https://kawalpemilu.org#19413,"SUNGAI PINANG, RANTAU BAYUR, BANYUASIN, SUMATERA SELATAN",4,69,89,158
https://kawalpemilu.org#19413,"SUNGAI PINANG, RANTAU BAYUR, BANYUASIN, SUMATERA SELATAN",5,67,23,90
https://kawalpemilu.org#19413,"SUNGAI PINANG, RANTAU BAYUR, BANYUASIN, SUMATERA SELATAN",6,36,34,70
https://kawalpemilu.org#19414,"SEMUNTUL, RANTAU BAYUR, BANYUASIN, SUMATERA SELATAN",1,64,137,201
https://kawalpemilu.org#19414,"SEMUNTUL, RANTAU BAYUR, BANYUASIN, SUMATERA SELATAN",2,31,196,227
https://kawalpemilu.org#19414,"SEMUNTUL, RANTAU BAYUR, BANYUASIN, SUMATERA SELATAN",3,78,149,227
https://kawalpemilu.org#19414,"SEMUNTUL, RANTAU BAYUR, BANYUASIN, SUMATERA SELATAN",4,60,101,161
https://kawalpemilu.org#19414,"SEMUNTUL, RANTAU BAYUR, BANYUASIN, SUMATERA SELATAN",6,122,75,197
https://kawalpemilu.org#19414,"SEMUNTUL, RANTAU BAYUR, BANYUASIN, SUMATERA SELATAN",7,31,80,111
https://kawalpemilu.org#19414,"SEMUNTUL, RANTAU BAYUR, BANYUASIN, SUMATERA SELATAN",8,16,141,157
https://kawalpemilu.org#19415,"LEBUNG, RANTAU BAYUR, BANYUASIN, SUMATERA SELATAN",1,68,89,157
https://kawalpemilu.org#19415,"LEBUNG, RANTAU BAYUR, BANYUASIN, SUMATERA SELATAN",2,99,52,151
https://kawalpemilu.org#19415,"LEBUNG, RANTAU BAYUR, BANYUASIN, SUMATERA SELATAN",3,70,117,187
https://kawalpemilu.org#19415,"LEBUNG, RANTAU BAYUR, BANYUASIN, SUMATERA SELATAN",4,75,102,177
https://kawalpemilu.org#19415,"LEBUNG, RANTAU BAYUR, BANYUASIN, SUMATERA SELATAN",5,94,106,201
https://kawalpemilu.org#19415,"LEBUNG, RANTAU BAYUR, BANYUASIN, SUMATERA SELATAN",6,54,84,138
https://kawalpemilu.org#19415,"LEBUNG, RANTAU BAYUR, BANYUASIN, SUMATERA SELATAN",7,45,162,207
https://kawalpemilu.org#19415,"LEBUNG, RANTAU BAYUR, BANYUASIN, SUMATERA SELATAN",8,41,165,206
https://kawalpemilu.org#19415,"LEBUNG, RANTAU BAYUR, BANYUASIN, SUMATERA SELATAN",9,69,128,197
https://kawalpemilu.org#19415,"LEBUNG, RANTAU BAYUR, BANYUASIN, SUMATERA SELATAN",10,59,171,230
https://kawalpemilu.org#19415,"LEBUNG, RANTAU BAYUR, BANYUASIN, SUMATERA SELATAN",11,74,135,209
https://kawalpemilu.org#19415,"LEBUNG, RANTAU BAYUR, BANYUASIN, SUMATERA SELATAN",12,71,94,165
https://kawalpemilu.org#19415,"LEBUNG, RANTAU BAYUR, BANYUASIN, SUMATERA SELATAN",13,87,103,190
https://kawalpemilu.org#19415,"LEBUNG, RANTAU BAYUR, BANYUASIN, SUMATERA SELATAN",14,61,115,176
https://kawalpemilu.org#19416,"LUBUK RENGAS, RANTAU BAYUR, BANYUASIN, SUMATERA SELATAN",1,18,216,236
https://kawalpemilu.org#19416,"LUBUK RENGAS, RANTAU BAYUR, BANYUASIN, SUMATERA SELATAN",2,35,176,211
https://kawalpemilu.org#19416,"LUBUK RENGAS, RANTAU BAYUR, BANYUASIN, SUMATERA SELATAN",3,15,194,209
https://kawalpemilu.org#19416,"LUBUK RENGAS, RANTAU BAYUR, BANYUASIN, SUMATERA SELATAN",4,20,200,220
https://kawalpemilu.org#19416,"LUBUK RENGAS, RANTAU BAYUR, BANYUASIN, SUMATERA SELATAN",5,14,169,183
https://kawalpemilu.org#19416,"LUBUK RENGAS, RANTAU BAYUR, BANYUASIN, SUMATERA SELATAN",6,12,130,142
https://kawalpemilu.org#19417,"PALDAS, RANTAU BAYUR, BANYUASIN, SUMATERA SELATAN",1,18,146,164
https://kawalpemilu.org#19417,"PALDAS, RANTAU BAYUR, BANYUASIN, SUMATERA SELATAN",2,24,152,176
https://kawalpemilu.org#19417,"PALDAS, RANTAU BAYUR, BANYUASIN, SUMATERA SELATAN",3,19,92,111
https://kawalpemilu.org#19417,"PALDAS, RANTAU BAYUR, BANYUASIN, SUMATERA SELATAN",4,24,125,149
https://kawalpemilu.org#19417,"PALDAS, RANTAU BAYUR, BANYUASIN, SUMATERA SELATAN",5,19,170,189
https://kawalpemilu.org#19417,"PALDAS, RANTAU BAYUR, BANYUASIN, SUMATERA SELATAN",6,9,147,156
https://kawalpemilu.org#19417,"PALDAS, RANTAU BAYUR, BANYUASIN, SUMATERA SELATAN",8,22,125,147
https://kawalpemilu.org#19417,"PALDAS, RANTAU BAYUR, BANYUASIN, SUMATERA SELATAN",10,17,176,193
https://kawalpemilu.org#19417,"PALDAS, RANTAU BAYUR, BANYUASIN, SUMATERA SELATAN",11,20,181,201
https://kawalpemilu.org#19417,"PALDAS, RANTAU BAYUR, BANYUASIN, SUMATERA SELATAN",12,28,170,198
https://kawalpemilu.org#19417,"PALDAS, RANTAU BAYUR, BANYUASIN, SUMATERA SELATAN",13,44,153,197
https://kawalpemilu.org#19418,"TEBING ABANG, RANTAU BAYUR, BANYUASIN, SUMATERA SELATAN",1,71,126,197
https://kawalpemilu.org#19418,"TEBING ABANG, RANTAU BAYUR, BANYUASIN, SUMATERA SELATAN",2,70,130,200
https://kawalpemilu.org#19418,"TEBING ABANG, RANTAU BAYUR, BANYUASIN, SUMATERA SELATAN",3,105,130,235
https://kawalpemilu.org#19418,"TEBING ABANG, RANTAU BAYUR, BANYUASIN, SUMATERA SELATAN",4,52,116,168
https://kawalpemilu.org#19418,"TEBING ABANG, RANTAU BAYUR, BANYUASIN, SUMATERA SELATAN",5,61,109,170
https://kawalpemilu.org#19418,"TEBING ABANG, RANTAU BAYUR, BANYUASIN, SUMATERA SELATAN",6,87,132,219
https://kawalpemilu.org#19418,"TEBING ABANG, RANTAU BAYUR, BANYUASIN, SUMATERA SELATAN",7,74,98,172
https://kawalpemilu.org#19418,"TEBING ABANG, RANTAU BAYUR, BANYUASIN, SUMATERA SELATAN",8,113,120,233
https://kawalpemilu.org#19418,"TEBING ABANG, RANTAU BAYUR, BANYUASIN, SUMATERA SELATAN",9,152,84,236
https://kawalpemilu.org#19418,"TEBING ABANG, RANTAU BAYUR, BANYUASIN, SUMATERA SELATAN",10,149,64,213
https://kawalpemilu.org#19418,"TEBING ABANG, RANTAU BAYUR, BANYUASIN, SUMATERA SELATAN",11,57,20,77
https://kawalpemilu.org#19419,"TALANG KEMANG, RANTAU BAYUR, BANYUASIN, SUMATERA SELATAN",1,64,174,238
https://kawalpemilu.org#19419,"TALANG KEMANG, RANTAU BAYUR, BANYUASIN, SUMATERA SELATAN",2,57,151,208
https://kawalpemilu.org#19419,"TALANG KEMANG, RANTAU BAYUR, BANYUASIN, SUMATERA SELATAN",3,65,159,224
https://kawalpemilu.org#19419,"TALANG KEMANG, RANTAU BAYUR, BANYUASIN, SUMATERA SELATAN",4,70,192,262
https://kawalpemilu.org#19419,"TALANG KEMANG, RANTAU BAYUR, BANYUASIN, SUMATERA SELATAN",5,46,194,240
https://kawalpemilu.org#19419,"TALANG KEMANG, RANTAU BAYUR, BANYUASIN, SUMATERA SELATAN",6,49,136,185
https://kawalpemilu.org#19419,"TALANG KEMANG, RANTAU BAYUR, BANYUASIN, SUMATERA SELATAN",7,104,129,233
https://kawalpemilu.org#19419,"TALANG KEMANG, RANTAU BAYUR, BANYUASIN, SUMATERA SELATAN",8,79,128,207
https://kawalpemilu.org#19419,"TALANG KEMANG, RANTAU BAYUR, BANYUASIN, SUMATERA SELATAN",9,40,79,119
https://kawalpemilu.org#19419,"TALANG KEMANG, RANTAU BAYUR, BANYUASIN, SUMATERA SELATAN",10,16,134,150
https://kawalpemilu.org#19419,"TALANG KEMANG, RANTAU BAYUR, BANYUASIN, SUMATERA SELATAN",11,27,140,167
https://kawalpemilu.org#19420,"RANTAU  HARAPAN, RANTAU BAYUR, BANYUASIN, SUMATERA SELATAN",1,19,121,140
https://kawalpemilu.org#19420,"RANTAU  HARAPAN, RANTAU BAYUR, BANYUASIN, SUMATERA SELATAN",2,19,128,147
https://kawalpemilu.org#19420,"RANTAU  HARAPAN, RANTAU BAYUR, BANYUASIN, SUMATERA SELATAN",3,87,54,141
https://kawalpemilu.org#19420,"RANTAU  HARAPAN, RANTAU BAYUR, BANYUASIN, SUMATERA SELATAN",4,100,70,170
https://kawalpemilu.org#19420,"RANTAU  HARAPAN, RANTAU BAYUR, BANYUASIN, SUMATERA SELATAN",5,22,116,138
https://kawalpemilu.org#19420,"RANTAU  HARAPAN, RANTAU BAYUR, BANYUASIN, SUMATERA SELATAN",6,19,106,125
https://kawalpemilu.org#19421,"PENANDINGAN, RANTAU BAYUR, BANYUASIN, SUMATERA SELATAN",1,63,185,248
https://kawalpemilu.org#19421,"PENANDINGAN, RANTAU BAYUR, BANYUASIN, SUMATERA SELATAN",2,48,166,214
https://kawalpemilu.org#19421,"PENANDINGAN, RANTAU BAYUR, BANYUASIN, SUMATERA SELATAN",3,96,120,216
https://kawalpemilu.org#19422,"SUKARELA, RANTAU BAYUR, BANYUASIN, SUMATERA SELATAN",1,24,137,161
https://kawalpemilu.org#19422,"SUKARELA, RANTAU BAYUR, BANYUASIN, SUMATERA SELATAN",2,49,124,173
https://kawalpemilu.org#19422,"SUKARELA, RANTAU BAYUR, BANYUASIN, SUMATERA SELATAN",3,24,163,187
https://kawalpemilu.org#19422,"SUKARELA, RANTAU BAYUR, BANYUASIN, SUMATERA SELATAN",4,26,157,183
https://kawalpemilu.org#19423,"SUNGAILILIN, RANTAU BAYUR, BANYUASIN, SUMATERA SELATAN",2,75,68,143
https://kawalpemilu.org#19423,"SUNGAILILIN, RANTAU BAYUR, BANYUASIN, SUMATERA SELATAN",3,86,60,146
https://kawalpemilu.org#19423,"SUNGAILILIN, RANTAU BAYUR, BANYUASIN, SUMATERA SELATAN",4,87,59,146
https://kawalpemilu.org#84704,"SUNGAINAIK, RANTAU BAYUR, BANYUASIN, SUMATERA SELATAN",2,56,159,215
https://kawalpemilu.org#19254,"SUKA RAJA, TUNGKAL ILIR, BANYUASIN, SUMATERA SELATAN",1,170,17,187
https://kawalpemilu.org#19254,"SUKA RAJA, TUNGKAL ILIR, BANYUASIN, SUMATERA SELATAN",2,167,21,188
https://kawalpemilu.org#19254,"SUKA RAJA, TUNGKAL ILIR, BANYUASIN, SUMATERA SELATAN",3,74,121,195
https://kawalpemilu.org#19254,"SUKA RAJA, TUNGKAL ILIR, BANYUASIN, SUMATERA SELATAN",4,126,65,191
https://kawalpemilu.org#19254,"SUKA RAJA, TUNGKAL ILIR, BANYUASIN, SUMATERA SELATAN",5,146,28,174
https://kawalpemilu.org#19254,"SUKA RAJA, TUNGKAL ILIR, BANYUASIN, SUMATERA SELATAN",6,188,21,209
https://kawalpemilu.org#19426,"BENTAYAN, TUNGKAL ILIR, BANYUASIN, SUMATERA SELATAN",1,41,69,110
https://kawalpemilu.org#19426,"BENTAYAN, TUNGKAL ILIR, BANYUASIN, SUMATERA SELATAN",2,76,42,118
https://kawalpemilu.org#19426,"BENTAYAN, TUNGKAL ILIR, BANYUASIN, SUMATERA SELATAN",3,37,107,144
https://kawalpemilu.org#19426,"BENTAYAN, TUNGKAL ILIR, BANYUASIN, SUMATERA SELATAN",4,77,69,146
https://kawalpemilu.org#19426,"BENTAYAN, TUNGKAL ILIR, BANYUASIN, SUMATERA SELATAN",5,74,111,185
https://kawalpemilu.org#19426,"BENTAYAN, TUNGKAL ILIR, BANYUASIN, SUMATERA SELATAN",6,47,166,213
https://kawalpemilu.org#19426,"BENTAYAN, TUNGKAL ILIR, BANYUASIN, SUMATERA SELATAN",7,65,72,137
https://kawalpemilu.org#19426,"BENTAYAN, TUNGKAL ILIR, BANYUASIN, SUMATERA SELATAN",8,71,148,219
https://kawalpemilu.org#19426,"BENTAYAN, TUNGKAL ILIR, BANYUASIN, SUMATERA SELATAN",9,27,86,113
https://kawalpemilu.org#19426,"BENTAYAN, TUNGKAL ILIR, BANYUASIN, SUMATERA SELATAN",10,138,31,169
https://kawalpemilu.org#19426,"BENTAYAN, TUNGKAL ILIR, BANYUASIN, SUMATERA SELATAN",11,151,42,193
https://kawalpemilu.org#19426,"BENTAYAN, TUNGKAL ILIR, BANYUASIN, SUMATERA SELATAN",12,100,63,163
https://kawalpemilu.org#19426,"BENTAYAN, TUNGKAL ILIR, BANYUASIN, SUMATERA SELATAN",13,71,68,139
https://kawalpemilu.org#19432,"SIDO MULYO, TUNGKAL ILIR, BANYUASIN, SUMATERA SELATAN",1,116,43,159
https://kawalpemilu.org#19432,"SIDO MULYO, TUNGKAL ILIR, BANYUASIN, SUMATERA SELATAN",2,138,47,185
https://kawalpemilu.org#19432,"SIDO MULYO, TUNGKAL ILIR, BANYUASIN, SUMATERA SELATAN",3,136,32,168
https://kawalpemilu.org#19432,"SIDO MULYO, TUNGKAL ILIR, BANYUASIN, SUMATERA SELATAN",4,76,47,123
https://kawalpemilu.org#19432,"SIDO MULYO, TUNGKAL ILIR, BANYUASIN, SUMATERA SELATAN",5,140,23,163
https://kawalpemilu.org#19432,"SIDO MULYO, TUNGKAL ILIR, BANYUASIN, SUMATERA SELATAN",6,118,61,179
https://kawalpemilu.org#19432,"SIDO MULYO, TUNGKAL ILIR, BANYUASIN, SUMATERA SELATAN",7,101,59,160
https://kawalpemilu.org#19432,"SIDO MULYO, TUNGKAL ILIR, BANYUASIN, SUMATERA SELATAN",8,142,56,198
https://kawalpemilu.org#19432,"SIDO MULYO, TUNGKAL ILIR, BANYUASIN, SUMATERA SELATAN",9,138,91,229
https://kawalpemilu.org#19432,"SIDO MULYO, TUNGKAL ILIR, BANYUASIN, SUMATERA SELATAN",10,188,28,216
https://kawalpemilu.org#19432,"SIDO MULYO, TUNGKAL ILIR, BANYUASIN, SUMATERA SELATAN",11,181,48,229
https://kawalpemilu.org#19433,"MARGA RAHAYU, TUNGKAL ILIR, BANYUASIN, SUMATERA SELATAN",1,147,34,181
https://kawalpemilu.org#19433,"MARGA RAHAYU, TUNGKAL ILIR, BANYUASIN, SUMATERA SELATAN",2,157,42,199
https://kawalpemilu.org#19433,"MARGA RAHAYU, TUNGKAL ILIR, BANYUASIN, SUMATERA SELATAN",3,162,55,217
https://kawalpemilu.org#19434,"KELUANG, TUNGKAL ILIR, BANYUASIN, SUMATERA SELATAN",1,57,192,249
https://kawalpemilu.org#19434,"KELUANG, TUNGKAL ILIR, BANYUASIN, SUMATERA SELATAN",2,59,130,189
https://kawalpemilu.org#19434,"KELUANG, TUNGKAL ILIR, BANYUASIN, SUMATERA SELATAN",3,46,116,162
https://kawalpemilu.org#19434,"KELUANG, TUNGKAL ILIR, BANYUASIN, SUMATERA SELATAN",4,50,122,172
https://kawalpemilu.org#19434,"KELUANG, TUNGKAL ILIR, BANYUASIN, SUMATERA SELATAN",5,66,119,185
https://kawalpemilu.org#19434,"KELUANG, TUNGKAL ILIR, BANYUASIN, SUMATERA SELATAN",6,43,138,181
https://kawalpemilu.org#19434,"KELUANG, TUNGKAL ILIR, BANYUASIN, SUMATERA SELATAN",7,25,82,107
https://kawalpemilu.org#19434,"KELUANG, TUNGKAL ILIR, BANYUASIN, SUMATERA SELATAN",8,60,90,150
https://kawalpemilu.org#19434,"KELUANG, TUNGKAL ILIR, BANYUASIN, SUMATERA SELATAN",9,22,65,87
https://kawalpemilu.org#19434,"KELUANG, TUNGKAL ILIR, BANYUASIN, SUMATERA SELATAN",10,81,52,133
https://kawalpemilu.org#19434,"KELUANG, TUNGKAL ILIR, BANYUASIN, SUMATERA SELATAN",11,96,71,167
https://kawalpemilu.org#19434,"KELUANG, TUNGKAL ILIR, BANYUASIN, SUMATERA SELATAN",12,57,82,139
https://kawalpemilu.org#19434,"KELUANG, TUNGKAL ILIR, BANYUASIN, SUMATERA SELATAN",13,73,20,93
https://kawalpemilu.org#19434,"KELUANG, TUNGKAL ILIR, BANYUASIN, SUMATERA SELATAN",14,198,36,234
https://kawalpemilu.org#19434,"KELUANG, TUNGKAL ILIR, BANYUASIN, SUMATERA SELATAN",15,180,23,203
https://kawalpemilu.org#19434,"KELUANG, TUNGKAL ILIR, BANYUASIN, SUMATERA SELATAN",16,227,22,249
https://kawalpemilu.org#19434,"KELUANG, TUNGKAL ILIR, BANYUASIN, SUMATERA SELATAN",17,22,76,98
https://kawalpemilu.org#19434,"KELUANG, TUNGKAL ILIR, BANYUASIN, SUMATERA SELATAN",18,56,30,86
https://kawalpemilu.org#19434,"KELUANG, TUNGKAL ILIR, BANYUASIN, SUMATERA SELATAN",19,75,37,112
https://kawalpemilu.org#19435,"BUMI SERDANG, TUNGKAL ILIR, BANYUASIN, SUMATERA SELATAN",1,166,76,242
https://kawalpemilu.org#19435,"BUMI SERDANG, TUNGKAL ILIR, BANYUASIN, SUMATERA SELATAN",2,139,121,260
https://kawalpemilu.org#19435,"BUMI SERDANG, TUNGKAL ILIR, BANYUASIN, SUMATERA SELATAN",3,147,80,227
https://kawalpemilu.org#19435,"BUMI SERDANG, TUNGKAL ILIR, BANYUASIN, SUMATERA SELATAN",4,168,88,256
https://kawalpemilu.org#19436,"KARANG MULYA, TUNGKAL ILIR, BANYUASIN, SUMATERA SELATAN",1,132,53,185
https://kawalpemilu.org#19436,"KARANG MULYA, TUNGKAL ILIR, BANYUASIN, SUMATERA SELATAN",2,116,46,162
https://kawalpemilu.org#19436,"KARANG MULYA, TUNGKAL ILIR, BANYUASIN, SUMATERA SELATAN",3,138,54,192
https://kawalpemilu.org#19436,"KARANG MULYA, TUNGKAL ILIR, BANYUASIN, SUMATERA SELATAN",4,142,39,181
https://kawalpemilu.org#19437,"SUKA JAYA, TUNGKAL ILIR, BANYUASIN, SUMATERA SELATAN",1,105,22,127
https://kawalpemilu.org#19437,"SUKA JAYA, TUNGKAL ILIR, BANYUASIN, SUMATERA SELATAN",2,115,32,147
https://kawalpemilu.org#19439,"SUKAKARYA, TUNGKAL ILIR, BANYUASIN, SUMATERA SELATAN",1,127,37,164
https://kawalpemilu.org#19439,"SUKAKARYA, TUNGKAL ILIR, BANYUASIN, SUMATERA SELATAN",2,136,56,192
https://kawalpemilu.org#90635,"TELUKTENGGULANG, TUNGKAL ILIR, BANYUASIN, SUMATERA SELATAN",1,89,106,195
https://kawalpemilu.org#90635,"TELUKTENGGULANG, TUNGKAL ILIR, BANYUASIN, SUMATERA SELATAN",2,91,31,122
https://kawalpemilu.org#90635,"TELUKTENGGULANG, TUNGKAL ILIR, BANYUASIN, SUMATERA SELATAN",3,168,30,198
https://kawalpemilu.org#90635,"TELUKTENGGULANG, TUNGKAL ILIR, BANYUASIN, SUMATERA SELATAN",4,183,14,197
https://kawalpemilu.org#90635,"TELUKTENGGULANG, TUNGKAL ILIR, BANYUASIN, SUMATERA SELATAN",5,153,52,205
https://kawalpemilu.org#90635,"TELUKTENGGULANG, TUNGKAL ILIR, BANYUASIN, SUMATERA SELATAN",6,150,21,171
https://kawalpemilu.org#90635,"TELUKTENGGULANG, TUNGKAL ILIR, BANYUASIN, SUMATERA SELATAN",7,172,43,215
https://kawalpemilu.org#90635,"TELUKTENGGULANG, TUNGKAL ILIR, BANYUASIN, SUMATERA SELATAN",8,155,63,218
https://kawalpemilu.org#90635,"TELUKTENGGULANG, TUNGKAL ILIR, BANYUASIN, SUMATERA SELATAN",9,68,18,86
https://kawalpemilu.org#90636,"SUKA MULYA, TUNGKAL ILIR, BANYUASIN, SUMATERA SELATAN",1,187,41,228
https://kawalpemilu.org#90636,"SUKA MULYA, TUNGKAL ILIR, BANYUASIN, SUMATERA SELATAN",2,151,64,215
https://kawalpemilu.org#90636,"SUKA MULYA, TUNGKAL ILIR, BANYUASIN, SUMATERA SELATAN",3,152,46,198
https://kawalpemilu.org#90636,"SUKA MULYA, TUNGKAL ILIR, BANYUASIN, SUMATERA SELATAN",4,166,11,177
https://kawalpemilu.org#90636,"SUKA MULYA, TUNGKAL ILIR, BANYUASIN, SUMATERA SELATAN",5,182,39,221
https://kawalpemilu.org#90636,"SUKA MULYA, TUNGKAL ILIR, BANYUASIN, SUMATERA SELATAN",6,173,42,215
https://kawalpemilu.org#90636,"SUKA MULYA, TUNGKAL ILIR, BANYUASIN, SUMATERA SELATAN",7,141,57,198
https://kawalpemilu.org#90636,"SUKA MULYA, TUNGKAL ILIR, BANYUASIN, SUMATERA SELATAN",8,84,55,139
https://kawalpemilu.org#90636,"SUKA MULYA, TUNGKAL ILIR, BANYUASIN, SUMATERA SELATAN",9,83,33,116
https://kawalpemilu.org#90636,"SUKA MULYA, TUNGKAL ILIR, BANYUASIN, SUMATERA SELATAN",10,89,69,158
https://kawalpemilu.org#90636,"SUKA MULYA, TUNGKAL ILIR, BANYUASIN, SUMATERA SELATAN",11,84,40,124
https://kawalpemilu.org#90637,"KARANG ANYAR, TUNGKAL ILIR, BANYUASIN, SUMATERA SELATAN",1,216,43,259
https://kawalpemilu.org#90637,"KARANG ANYAR, TUNGKAL ILIR, BANYUASIN, SUMATERA SELATAN",2,120,43,163
https://kawalpemilu.org#90637,"KARANG ANYAR, TUNGKAL ILIR, BANYUASIN, SUMATERA SELATAN",3,111,76,187
https://kawalpemilu.org#90638,"KARANG ASAM, TUNGKAL ILIR, BANYUASIN, SUMATERA SELATAN",1,189,25,214
https://kawalpemilu.org#90638,"KARANG ASAM, TUNGKAL ILIR, BANYUASIN, SUMATERA SELATAN",2,166,25,191
https://kawalpemilu.org#19427,"MULYA SARI, TANJUNG LAGO, BANYUASIN, SUMATERA SELATAN",1,203,43,246
https://kawalpemilu.org#19427,"MULYA SARI, TANJUNG LAGO, BANYUASIN, SUMATERA SELATAN",2,217,49,266
https://kawalpemilu.org#19427,"MULYA SARI, TANJUNG LAGO, BANYUASIN, SUMATERA SELATAN",3,214,38,252
https://kawalpemilu.org#19427,"MULYA SARI, TANJUNG LAGO, BANYUASIN, SUMATERA SELATAN",4,191,64,255
https://kawalpemilu.org#19427,"MULYA SARI, TANJUNG LAGO, BANYUASIN, SUMATERA SELATAN",5,137,58,195
https://kawalpemilu.org#19427,"MULYA SARI, TANJUNG LAGO, BANYUASIN, SUMATERA SELATAN",6,136,72,208
https://kawalpemilu.org#19427,"MULYA SARI, TANJUNG LAGO, BANYUASIN, SUMATERA SELATAN",7,101,93,194
https://kawalpemilu.org#19427,"MULYA SARI, TANJUNG LAGO, BANYUASIN, SUMATERA SELATAN",8,165,59,224
https://kawalpemilu.org#19427,"MULYA SARI, TANJUNG LAGO, BANYUASIN, SUMATERA SELATAN",9,219,10,229
https://kawalpemilu.org#19429,"SERI MENANTI, TANJUNG LAGO, BANYUASIN, SUMATERA SELATAN",1,116,46,162
https://kawalpemilu.org#19429,"SERI MENANTI, TANJUNG LAGO, BANYUASIN, SUMATERA SELATAN",2,120,33,153
https://kawalpemilu.org#19431,"TANJUNGLAGO, TANJUNG LAGO, BANYUASIN, SUMATERA SELATAN",1,70,51,121
https://kawalpemilu.org#19431,"TANJUNGLAGO, TANJUNG LAGO, BANYUASIN, SUMATERA SELATAN",2,66,87,153
https://kawalpemilu.org#19431,"TANJUNGLAGO, TANJUNG LAGO, BANYUASIN, SUMATERA SELATAN",3,121,66,187
https://kawalpemilu.org#19431,"TANJUNGLAGO, TANJUNG LAGO, BANYUASIN, SUMATERA SELATAN",4,87,46,133
https://kawalpemilu.org#19431,"TANJUNGLAGO, TANJUNG LAGO, BANYUASIN, SUMATERA SELATAN",5,90,43,133
https://kawalpemilu.org#19431,"TANJUNGLAGO, TANJUNG LAGO, BANYUASIN, SUMATERA SELATAN",6,70,61,131
https://kawalpemilu.org#19431,"TANJUNGLAGO, TANJUNG LAGO, BANYUASIN, SUMATERA SELATAN",7,76,97,173
https://kawalpemilu.org#19431,"TANJUNGLAGO, TANJUNG LAGO, BANYUASIN, SUMATERA SELATAN",8,67,85,152
https://kawalpemilu.org#19431,"TANJUNGLAGO, TANJUNG LAGO, BANYUASIN, SUMATERA SELATAN",9,48,101,149
https://kawalpemilu.org#19431,"TANJUNGLAGO, TANJUNG LAGO, BANYUASIN, SUMATERA SELATAN",10,58,75,133
https://kawalpemilu.org#19431,"TANJUNGLAGO, TANJUNG LAGO, BANYUASIN, SUMATERA SELATAN",11,39,62,101
https://kawalpemilu.org#19431,"TANJUNGLAGO, TANJUNG LAGO, BANYUASIN, SUMATERA SELATAN",12,50,53,103
https://kawalpemilu.org#19431,"TANJUNGLAGO, TANJUNG LAGO, BANYUASIN, SUMATERA SELATAN",13,100,36,136
https://kawalpemilu.org#19431,"TANJUNGLAGO, TANJUNG LAGO, BANYUASIN, SUMATERA SELATAN",14,71,33,104
https://kawalpemilu.org#19431,"TANJUNGLAGO, TANJUNG LAGO, BANYUASIN, SUMATERA SELATAN",15,75,81,156
https://kawalpemilu.org#19431,"TANJUNGLAGO, TANJUNG LAGO, BANYUASIN, SUMATERA SELATAN",16,76,31,107
https://kawalpemilu.org#19431,"TANJUNGLAGO, TANJUNG LAGO, BANYUASIN, SUMATERA SELATAN",17,93,79,172
https://kawalpemilu.org#19441,"TELANG SARI, TANJUNG LAGO, BANYUASIN, SUMATERA SELATAN",1,198,49,247
https://kawalpemilu.org#19441,"TELANG SARI, TANJUNG LAGO, BANYUASIN, SUMATERA SELATAN",2,200,29,229
https://kawalpemilu.org#19441,"TELANG SARI, TANJUNG LAGO, BANYUASIN, SUMATERA SELATAN",3,169,35,204
https://kawalpemilu.org#19441,"TELANG SARI, TANJUNG LAGO, BANYUASIN, SUMATERA SELATAN",4,198,33,231
https://kawalpemilu.org#19441,"TELANG SARI, TANJUNG LAGO, BANYUASIN, SUMATERA SELATAN",5,192,59,251
https://kawalpemilu.org#19441,"TELANG SARI, TANJUNG LAGO, BANYUASIN, SUMATERA SELATAN",6,222,43,265
https://kawalpemilu.org#19443,"PURWOSARI, TANJUNG LAGO, BANYUASIN, SUMATERA SELATAN",1,191,22,213
https://kawalpemilu.org#19443,"PURWOSARI, TANJUNG LAGO, BANYUASIN, SUMATERA SELATAN",2,137,32,169
https://kawalpemilu.org#19443,"PURWOSARI, TANJUNG LAGO, BANYUASIN, SUMATERA SELATAN",3,139,62,201
https://kawalpemilu.org#19443,"PURWOSARI, TANJUNG LAGO, BANYUASIN, SUMATERA SELATAN",4,82,104,186
https://kawalpemilu.org#19445,"SEBALIK, TANJUNG LAGO, BANYUASIN, SUMATERA SELATAN",1,109,129,238
https://kawalpemilu.org#19445,"SEBALIK, TANJUNG LAGO, BANYUASIN, SUMATERA SELATAN",2,79,125,204
https://kawalpemilu.org#19445,"SEBALIK, TANJUNG LAGO, BANYUASIN, SUMATERA SELATAN",3,102,104,206
https://kawalpemilu.org#19445,"SEBALIK, TANJUNG LAGO, BANYUASIN, SUMATERA SELATAN",4,126,56,182
https://kawalpemilu.org#19445,"SEBALIK, TANJUNG LAGO, BANYUASIN, SUMATERA SELATAN",5,97,40,137
https://kawalpemilu.org#19445,"SEBALIK, TANJUNG LAGO, BANYUASIN, SUMATERA SELATAN",6,181,33,214
https://kawalpemilu.org#19447,"KUALA PUNTIAN, TANJUNG LAGO, BANYUASIN, SUMATERA SELATAN",1,100,107,207
https://kawalpemilu.org#19447,"KUALA PUNTIAN, TANJUNG LAGO, BANYUASIN, SUMATERA SELATAN",2,75,138,213
https://kawalpemilu.org#19447,"KUALA PUNTIAN, TANJUNG LAGO, BANYUASIN, SUMATERA SELATAN",4,92,29,121
https://kawalpemilu.org#19447,"KUALA PUNTIAN, TANJUNG LAGO, BANYUASIN, SUMATERA SELATAN",5,67,76,143
https://kawalpemilu.org#19447,"KUALA PUNTIAN, TANJUNG LAGO, BANYUASIN, SUMATERA SELATAN",7,26,39,65
https://kawalpemilu.org#19447,"KUALA PUNTIAN, TANJUNG LAGO, BANYUASIN, SUMATERA SELATAN",8,29,16,45
https://kawalpemilu.org#19448,"SUKA TANI, TANJUNG LAGO, BANYUASIN, SUMATERA SELATAN",1,182,68,250
https://kawalpemilu.org#19448,"SUKA TANI, TANJUNG LAGO, BANYUASIN, SUMATERA SELATAN",2,140,23,163
https://kawalpemilu.org#19448,"SUKA TANI, TANJUNG LAGO, BANYUASIN, SUMATERA SELATAN",3,205,45,250
https://kawalpemilu.org#19448,"SUKA TANI, TANJUNG LAGO, BANYUASIN, SUMATERA SELATAN",4,105,69,174
https://kawalpemilu.org#19448,"SUKA TANI, TANJUNG LAGO, BANYUASIN, SUMATERA SELATAN",5,182,58,240
https://kawalpemilu.org#19448,"SUKA TANI, TANJUNG LAGO, BANYUASIN, SUMATERA SELATAN",6,167,38,205
https://kawalpemilu.org#19448,"SUKA TANI, TANJUNG LAGO, BANYUASIN, SUMATERA SELATAN",7,170,31,201
https://kawalpemilu.org#19449,"SUKA DAMAI, TANJUNG LAGO, BANYUASIN, SUMATERA SELATAN",1,125,89,214
https://kawalpemilu.org#19449,"SUKA DAMAI, TANJUNG LAGO, BANYUASIN, SUMATERA SELATAN",2,153,60,213
https://kawalpemilu.org#19449,"SUKA DAMAI, TANJUNG LAGO, BANYUASIN, SUMATERA SELATAN",3,145,96,241
https://kawalpemilu.org#19449,"SUKA DAMAI, TANJUNG LAGO, BANYUASIN, SUMATERA SELATAN",4,128,84,212
https://kawalpemilu.org#19449,"SUKA DAMAI, TANJUNG LAGO, BANYUASIN, SUMATERA SELATAN",5,146,68,214
https://kawalpemilu.org#19449,"SUKA DAMAI, TANJUNG LAGO, BANYUASIN, SUMATERA SELATAN",6,130,86,216
https://kawalpemilu.org#19449,"SUKA DAMAI, TANJUNG LAGO, BANYUASIN, SUMATERA SELATAN",7,122,60,182
https://kawalpemilu.org#19449,"SUKA DAMAI, TANJUNG LAGO, BANYUASIN, SUMATERA SELATAN",8,138,101,239
https://kawalpemilu.org#19449,"SUKA DAMAI, TANJUNG LAGO, BANYUASIN, SUMATERA SELATAN",9,155,82,237
https://kawalpemilu.org#19449,"SUKA DAMAI, TANJUNG LAGO, BANYUASIN, SUMATERA SELATAN",10,192,40,232
https://kawalpemilu.org#19449,"SUKA DAMAI, TANJUNG LAGO, BANYUASIN, SUMATERA SELATAN",11,209,33,242
https://kawalpemilu.org#19450,"BANYU URIP, TANJUNG LAGO, BANYUASIN, SUMATERA SELATAN",3,160,49,209
https://kawalpemilu.org#19450,"BANYU URIP, TANJUNG LAGO, BANYUASIN, SUMATERA SELATAN",5,134,56,190
https://kawalpemilu.org#19450,"BANYU URIP, TANJUNG LAGO, BANYUASIN, SUMATERA SELATAN",6,166,42,208
https://kawalpemilu.org#19450,"BANYU URIP, TANJUNG LAGO, BANYUASIN, SUMATERA SELATAN",7,168,15,183
https://kawalpemilu.org#19450,"BANYU URIP, TANJUNG LAGO, BANYUASIN, SUMATERA SELATAN",8,196,26,222
https://kawalpemilu.org#19450,"BANYU URIP, TANJUNG LAGO, BANYUASIN, SUMATERA SELATAN",9,196,13,209
https://kawalpemilu.org#19450,"BANYU URIP, TANJUNG LAGO, BANYUASIN, SUMATERA SELATAN",10,128,68,196
https://kawalpemilu.org#19450,"BANYU URIP, TANJUNG LAGO, BANYUASIN, SUMATERA SELATAN",11,177,37,214
https://kawalpemilu.org#19450,"BANYU URIP, TANJUNG LAGO, BANYUASIN, SUMATERA SELATAN",12,159,47,206
https://kawalpemilu.org#19451,"BANGUN SARI, TANJUNG LAGO, BANYUASIN, SUMATERA SELATAN",1,144,60,204
https://kawalpemilu.org#19451,"BANGUN SARI, TANJUNG LAGO, BANYUASIN, SUMATERA SELATAN",2,192,34,226
https://kawalpemilu.org#19451,"BANGUN SARI, TANJUNG LAGO, BANYUASIN, SUMATERA SELATAN",3,162,66,228
https://kawalpemilu.org#19451,"BANGUN SARI, TANJUNG LAGO, BANYUASIN, SUMATERA SELATAN",4,93,113,206
https://kawalpemilu.org#19451,"BANGUN SARI, TANJUNG LAGO, BANYUASIN, SUMATERA SELATAN",5,127,70,197
https://kawalpemilu.org#19451,"BANGUN SARI, TANJUNG LAGO, BANYUASIN, SUMATERA SELATAN",6,182,34,216
https://kawalpemilu.org#19451,"BANGUN SARI, TANJUNG LAGO, BANYUASIN, SUMATERA SELATAN",7,200,20,220
https://kawalpemilu.org#19451,"BANGUN SARI, TANJUNG LAGO, BANYUASIN, SUMATERA SELATAN",8,182,43,225
https://kawalpemilu.org#19451,"BANGUN SARI, TANJUNG LAGO, BANYUASIN, SUMATERA SELATAN",9,191,43,234
https://kawalpemilu.org#19451,"BANGUN SARI, TANJUNG LAGO, BANYUASIN, SUMATERA SELATAN",10,192,27,219
https://kawalpemilu.org#19451,"BANGUN SARI, TANJUNG LAGO, BANYUASIN, SUMATERA SELATAN",11,172,58,230
https://kawalpemilu.org#19452,"SUMBER MEKAR MUKTI, TANJUNG LAGO, BANYUASIN, SUMATERA SELATAN",1,179,30,213
https://kawalpemilu.org#19452,"SUMBER MEKAR MUKTI, TANJUNG LAGO, BANYUASIN, SUMATERA SELATAN",2,184,37,221
https://kawalpemilu.org#19452,"SUMBER MEKAR MUKTI, TANJUNG LAGO, BANYUASIN, SUMATERA SELATAN",3,164,53,217
https://kawalpemilu.org#19452,"SUMBER MEKAR MUKTI, TANJUNG LAGO, BANYUASIN, SUMATERA SELATAN",4,169,20,189
https://kawalpemilu.org#19452,"SUMBER MEKAR MUKTI, TANJUNG LAGO, BANYUASIN, SUMATERA SELATAN",5,151,16,167
https://kawalpemilu.org#19452,"SUMBER MEKAR MUKTI, TANJUNG LAGO, BANYUASIN, SUMATERA SELATAN",6,160,19,179
https://kawalpemilu.org#19452,"SUMBER MEKAR MUKTI, TANJUNG LAGO, BANYUASIN, SUMATERA SELATAN",7,176,13,189
https://kawalpemilu.org#19452,"SUMBER MEKAR MUKTI, TANJUNG LAGO, BANYUASIN, SUMATERA SELATAN",8,145,25,170
https://kawalpemilu.org#19453,"MUARA SUGIH, TANJUNG LAGO, BANYUASIN, SUMATERA SELATAN",1,148,94,242
https://kawalpemilu.org#19453,"MUARA SUGIH, TANJUNG LAGO, BANYUASIN, SUMATERA SELATAN",2,165,46,211
https://kawalpemilu.org#19453,"MUARA SUGIH, TANJUNG LAGO, BANYUASIN, SUMATERA SELATAN",3,143,48,191
https://kawalpemilu.org#19453,"MUARA SUGIH, TANJUNG LAGO, BANYUASIN, SUMATERA SELATAN",4,96,55,151
https://kawalpemilu.org#19454,"MANGGAR RAYA, TANJUNG LAGO, BANYUASIN, SUMATERA SELATAN",1,167,78,245
https://kawalpemilu.org#19454,"MANGGAR RAYA, TANJUNG LAGO, BANYUASIN, SUMATERA SELATAN",2,177,51,228
https://kawalpemilu.org#19454,"MANGGAR RAYA, TANJUNG LAGO, BANYUASIN, SUMATERA SELATAN",3,176,44,220
https://kawalpemilu.org#19454,"MANGGAR RAYA, TANJUNG LAGO, BANYUASIN, SUMATERA SELATAN",4,184,84,268
https://kawalpemilu.org#19454,"MANGGAR RAYA, TANJUNG LAGO, BANYUASIN, SUMATERA SELATAN",6,137,40,177
https://kawalpemilu.org#19455,"BUNGA KARANG, TANJUNG LAGO, BANYUASIN, SUMATERA SELATAN",1,57,29,86
https://kawalpemilu.org#19455,"BUNGA KARANG, TANJUNG LAGO, BANYUASIN, SUMATERA SELATAN",2,129,109,238
https://kawalpemilu.org#19455,"BUNGA KARANG, TANJUNG LAGO, BANYUASIN, SUMATERA SELATAN",3,54,58,112
https://kawalpemilu.org#19455,"BUNGA KARANG, TANJUNG LAGO, BANYUASIN, SUMATERA SELATAN",4,117,93,210
https://kawalpemilu.org#19455,"BUNGA KARANG, TANJUNG LAGO, BANYUASIN, SUMATERA SELATAN",5,102,66,168
https://kawalpemilu.org#19455,"BUNGA KARANG, TANJUNG LAGO, BANYUASIN, SUMATERA SELATAN",6,140,29,169
https://kawalpemilu.org#19455,"BUNGA KARANG, TANJUNG LAGO, BANYUASIN, SUMATERA SELATAN",7,66,23,89
https://kawalpemilu.org#19192,"SIDO MAKMUR, MUARA SUGIHAN, BANYUASIN, SUMATERA SELATAN",1,132,45,177
https://kawalpemilu.org#19192,"SIDO MAKMUR, MUARA SUGIHAN, BANYUASIN, SUMATERA SELATAN",2,138,25,163
https://kawalpemilu.org#19457,"MARGO MULYO 16, MUARA SUGIHAN, BANYUASIN, SUMATERA SELATAN",1,142,100,242
https://kawalpemilu.org#19457,"MARGO MULYO 16, MUARA SUGIHAN, BANYUASIN, SUMATERA SELATAN",3,157,51,208
https://kawalpemilu.org#19457,"MARGO MULYO 16, MUARA SUGIHAN, BANYUASIN, SUMATERA SELATAN",4,157,52,209
https://kawalpemilu.org#19457,"MARGO MULYO 16, MUARA SUGIHAN, BANYUASIN, SUMATERA SELATAN",5,177,44,221
https://kawalpemilu.org#19457,"MARGO MULYO 16, MUARA SUGIHAN, BANYUASIN, SUMATERA SELATAN",6,188,45,233
https://kawalpemilu.org#19458,"REJO SARI, MUARA SUGIHAN, BANYUASIN, SUMATERA SELATAN",2,212,26,238
https://kawalpemilu.org#19458,"REJO SARI, MUARA SUGIHAN, BANYUASIN, SUMATERA SELATAN",3,195,43,238
https://kawalpemilu.org#19458,"REJO SARI, MUARA SUGIHAN, BANYUASIN, SUMATERA SELATAN",4,204,68,272
https://kawalpemilu.org#19458,"REJO SARI, MUARA SUGIHAN, BANYUASIN, SUMATERA SELATAN",5,149,104,253
https://kawalpemilu.org#19459,"DAYA MURNI, MUARA SUGIHAN, BANYUASIN, SUMATERA SELATAN",1,172,84,256
https://kawalpemilu.org#19459,"DAYA MURNI, MUARA SUGIHAN, BANYUASIN, SUMATERA SELATAN",2,89,80,169
https://kawalpemilu.org#19459,"DAYA MURNI, MUARA SUGIHAN, BANYUASIN, SUMATERA SELATAN",3,107,93,200
https://kawalpemilu.org#19459,"DAYA MURNI, MUARA SUGIHAN, BANYUASIN, SUMATERA SELATAN",4,119,94,213
https://kawalpemilu.org#19459,"DAYA MURNI, MUARA SUGIHAN, BANYUASIN, SUMATERA SELATAN",6,128,62,190
https://kawalpemilu.org#19459,"DAYA MURNI, MUARA SUGIHAN, BANYUASIN, SUMATERA SELATAN",7,84,34,118
https://kawalpemilu.org#19460,"DAYA BANGUN HARJO, MUARA SUGIHAN, BANYUASIN, SUMATERA SELATAN",1,215,29,244
https://kawalpemilu.org#19460,"DAYA BANGUN HARJO, MUARA SUGIHAN, BANYUASIN, SUMATERA SELATAN",2,131,83,214
https://kawalpemilu.org#19460,"DAYA BANGUN HARJO, MUARA SUGIHAN, BANYUASIN, SUMATERA SELATAN",3,157,87,245
https://kawalpemilu.org#19460,"DAYA BANGUN HARJO, MUARA SUGIHAN, BANYUASIN, SUMATERA SELATAN",4,112,99,211
https://kawalpemilu.org#19460,"DAYA BANGUN HARJO, MUARA SUGIHAN, BANYUASIN, SUMATERA SELATAN",5,89,90,179
https://kawalpemilu.org#19461,"SUMBER MULYO, MUARA SUGIHAN, BANYUASIN, SUMATERA SELATAN",1,225,41,266
https://kawalpemilu.org#19461,"SUMBER MULYO, MUARA SUGIHAN, BANYUASIN, SUMATERA SELATAN",2,198,54,252
https://kawalpemilu.org#19461,"SUMBER MULYO, MUARA SUGIHAN, BANYUASIN, SUMATERA SELATAN",3,174,60,234
https://kawalpemilu.org#19461,"SUMBER MULYO, MUARA SUGIHAN, BANYUASIN, SUMATERA SELATAN",4,203,43,246
https://kawalpemilu.org#19461,"SUMBER MULYO, MUARA SUGIHAN, BANYUASIN, SUMATERA SELATAN",5,196,35,231
https://kawalpemilu.org#19462,"SUGIH WARAS, MUARA SUGIHAN, BANYUASIN, SUMATERA SELATAN",2,204,32,236
https://kawalpemilu.org#19462,"SUGIH WARAS, MUARA SUGIHAN, BANYUASIN, SUMATERA SELATAN",3,133,68,201
https://kawalpemilu.org#19462,"SUGIH WARAS, MUARA SUGIHAN, BANYUASIN, SUMATERA SELATAN",4,125,59,184
https://kawalpemilu.org#19462,"SUGIH WARAS, MUARA SUGIHAN, BANYUASIN, SUMATERA SELATAN",5,193,29,222
https://kawalpemilu.org#19462,"SUGIH WARAS, MUARA SUGIHAN, BANYUASIN, SUMATERA SELATAN",6,192,25,217
https://kawalpemilu.org#19463,"INDRAPURA, MUARA SUGIHAN, BANYUASIN, SUMATERA SELATAN",1,200,27,227
https://kawalpemilu.org#19463,"INDRAPURA, MUARA SUGIHAN, BANYUASIN, SUMATERA SELATAN",2,159,54,213
https://kawalpemilu.org#19463,"INDRAPURA, MUARA SUGIHAN, BANYUASIN, SUMATERA SELATAN",3,187,61,248
https://kawalpemilu.org#19463,"INDRAPURA, MUARA SUGIHAN, BANYUASIN, SUMATERA SELATAN",4,208,48,256
https://kawalpemilu.org#19463,"INDRAPURA, MUARA SUGIHAN, BANYUASIN, SUMATERA SELATAN",5,184,26,210
https://kawalpemilu.org#19463,"INDRAPURA, MUARA SUGIHAN, BANYUASIN, SUMATERA SELATAN",6,200,42,242
https://kawalpemilu.org#19464,"CENDANA, MUARA SUGIHAN, BANYUASIN, SUMATERA SELATAN",1,205,34,239
https://kawalpemilu.org#19464,"CENDANA, MUARA SUGIHAN, BANYUASIN, SUMATERA SELATAN",2,217,26,243
https://kawalpemilu.org#19464,"CENDANA, MUARA SUGIHAN, BANYUASIN, SUMATERA SELATAN",3,206,28,234
https://kawalpemilu.org#19464,"CENDANA, MUARA SUGIHAN, BANYUASIN, SUMATERA SELATAN",4,180,96,276
https://kawalpemilu.org#19464,"CENDANA, MUARA SUGIHAN, BANYUASIN, SUMATERA SELATAN",5,187,26,213
https://kawalpemilu.org#19464,"CENDANA, MUARA SUGIHAN, BANYUASIN, SUMATERA SELATAN",6,187,18,205
https://kawalpemilu.org#19464,"CENDANA, MUARA SUGIHAN, BANYUASIN, SUMATERA SELATAN",7,227,27,254
https://kawalpemilu.org#19465,"ARGO MULYO, MUARA SUGIHAN, BANYUASIN, SUMATERA SELATAN",1,191,20,211
https://kawalpemilu.org#19465,"ARGO MULYO, MUARA SUGIHAN, BANYUASIN, SUMATERA SELATAN",2,148,72,220
https://kawalpemilu.org#19465,"ARGO MULYO, MUARA SUGIHAN, BANYUASIN, SUMATERA SELATAN",3,171,39,210
https://kawalpemilu.org#19465,"ARGO MULYO, MUARA SUGIHAN, BANYUASIN, SUMATERA SELATAN",4,144,61,205
https://kawalpemilu.org#19465,"ARGO MULYO, MUARA SUGIHAN, BANYUASIN, SUMATERA SELATAN",5,122,77,199
https://kawalpemilu.org#19465,"ARGO MULYO, MUARA SUGIHAN, BANYUASIN, SUMATERA SELATAN",6,141,54,195
https://kawalpemilu.org#19467,"TIRTO MULYO, MUARA SUGIHAN, BANYUASIN, SUMATERA SELATAN",1,96,122,218
https://kawalpemilu.org#19467,"TIRTO MULYO, MUARA SUGIHAN, BANYUASIN, SUMATERA SELATAN",2,83,145,228
https://kawalpemilu.org#19467,"TIRTO MULYO, MUARA SUGIHAN, BANYUASIN, SUMATERA SELATAN",3,134,93,227
https://kawalpemilu.org#19468,"DAYA KESUMA, MUARA SUGIHAN, BANYUASIN, SUMATERA SELATAN",1,167,78,245
https://kawalpemilu.org#19468,"DAYA KESUMA, MUARA SUGIHAN, BANYUASIN, SUMATERA SELATAN",2,205,43,248
https://kawalpemilu.org#19468,"DAYA KESUMA, MUARA SUGIHAN, BANYUASIN, SUMATERA SELATAN",3,104,103,207
https://kawalpemilu.org#19468,"DAYA KESUMA, MUARA SUGIHAN, BANYUASIN, SUMATERA SELATAN",4,89,96,185
https://kawalpemilu.org#19469,"MARGA RUKUN, MUARA SUGIHAN, BANYUASIN, SUMATERA SELATAN",1,203,77,280
https://kawalpemilu.org#19469,"MARGA RUKUN, MUARA SUGIHAN, BANYUASIN, SUMATERA SELATAN",2,193,90,283
https://kawalpemilu.org#19469,"MARGA RUKUN, MUARA SUGIHAN, BANYUASIN, SUMATERA SELATAN",3,208,66,274
https://kawalpemilu.org#19469,"MARGA RUKUN, MUARA SUGIHAN, BANYUASIN, SUMATERA SELATAN",6,111,127,238
https://kawalpemilu.org#19469,"MARGA RUKUN, MUARA SUGIHAN, BANYUASIN, SUMATERA SELATAN",7,100,139,239
https://kawalpemilu.org#19470,"GANESHA MUKTI, MUARA SUGIHAN, BANYUASIN, SUMATERA SELATAN",1,82,125,182
https://kawalpemilu.org#19470,"GANESHA MUKTI, MUARA SUGIHAN, BANYUASIN, SUMATERA SELATAN",3,200,44,244
https://kawalpemilu.org#19470,"GANESHA MUKTI, MUARA SUGIHAN, BANYUASIN, SUMATERA SELATAN",4,89,103,192
https://kawalpemilu.org#19470,"GANESHA MUKTI, MUARA SUGIHAN, BANYUASIN, SUMATERA SELATAN",5,80,27,107
https://kawalpemilu.org#19470,"GANESHA MUKTI, MUARA SUGIHAN, BANYUASIN, SUMATERA SELATAN",6,51,103,154
https://kawalpemilu.org#19471,"TIMBUL JAYA, MUARA SUGIHAN, BANYUASIN, SUMATERA SELATAN",1,114,32,146
https://kawalpemilu.org#19471,"TIMBUL JAYA, MUARA SUGIHAN, BANYUASIN, SUMATERA SELATAN",2,164,70,234
https://kawalpemilu.org#19471,"TIMBUL JAYA, MUARA SUGIHAN, BANYUASIN, SUMATERA SELATAN",3,196,25,221
https://kawalpemilu.org#19471,"TIMBUL JAYA, MUARA SUGIHAN, BANYUASIN, SUMATERA SELATAN",4,128,44,172
https://kawalpemilu.org#19471,"TIMBUL JAYA, MUARA SUGIHAN, BANYUASIN, SUMATERA SELATAN",5,51,43,94
https://kawalpemilu.org#19472,"JALUR MULYA, MUARA SUGIHAN, BANYUASIN, SUMATERA SELATAN",1,176,24,200
https://kawalpemilu.org#19472,"JALUR MULYA, MUARA SUGIHAN, BANYUASIN, SUMATERA SELATAN",2,180,29,209
https://kawalpemilu.org#19472,"JALUR MULYA, MUARA SUGIHAN, BANYUASIN, SUMATERA SELATAN",3,146,51,197
https://kawalpemilu.org#19472,"JALUR MULYA, MUARA SUGIHAN, BANYUASIN, SUMATERA SELATAN",4,169,32,201
https://kawalpemilu.org#19473,"GILIRANG, MUARA SUGIHAN, BANYUASIN, SUMATERA SELATAN",1,91,120,211
https://kawalpemilu.org#19473,"GILIRANG, MUARA SUGIHAN, BANYUASIN, SUMATERA SELATAN",2,127,85,212
https://kawalpemilu.org#19473,"GILIRANG, MUARA SUGIHAN, BANYUASIN, SUMATERA SELATAN",3,245,19,264
https://kawalpemilu.org#19473,"GILIRANG, MUARA SUGIHAN, BANYUASIN, SUMATERA SELATAN",4,70,105,175
https://kawalpemilu.org#19474,"JURU TARO, MUARA SUGIHAN, BANYUASIN, SUMATERA SELATAN",1,75,87,162
https://kawalpemilu.org#19474,"JURU TARO, MUARA SUGIHAN, BANYUASIN, SUMATERA SELATAN",2,66,67,133
https://kawalpemilu.org#19474,"JURU TARO, MUARA SUGIHAN, BANYUASIN, SUMATERA SELATAN",3,138,120,258
https://kawalpemilu.org#19474,"JURU TARO, MUARA SUGIHAN, BANYUASIN, SUMATERA SELATAN",4,66,60,126
https://kawalpemilu.org#19476,"BERINGIN AGUNG, MUARA SUGIHAN, BANYUASIN, SUMATERA SELATAN",1,97,90,187
https://kawalpemilu.org#19476,"BERINGIN AGUNG, MUARA SUGIHAN, BANYUASIN, SUMATERA SELATAN",2,109,88,197
https://kawalpemilu.org#19476,"BERINGIN AGUNG, MUARA SUGIHAN, BANYUASIN, SUMATERA SELATAN",3,134,39,173
https://kawalpemilu.org#19476,"BERINGIN AGUNG, MUARA SUGIHAN, BANYUASIN, SUMATERA SELATAN",4,119,55,174
https://kawalpemilu.org#19476,"BERINGIN AGUNG, MUARA SUGIHAN, BANYUASIN, SUMATERA SELATAN",5,121,59,180
https://kawalpemilu.org#19476,"BERINGIN AGUNG, MUARA SUGIHAN, BANYUASIN, SUMATERA SELATAN",6,141,31,172
https://kawalpemilu.org#19478,"MEKAR JAYA, MUARA SUGIHAN, BANYUASIN, SUMATERA SELATAN",1,183,29,212
https://kawalpemilu.org#19478,"MEKAR JAYA, MUARA SUGIHAN, BANYUASIN, SUMATERA SELATAN",2,187,24,211
https://kawalpemilu.org#19478,"MEKAR JAYA, MUARA SUGIHAN, BANYUASIN, SUMATERA SELATAN",4,164,18,182
https://kawalpemilu.org#19478,"MEKAR JAYA, MUARA SUGIHAN, BANYUASIN, SUMATERA SELATAN",5,123,21,144
https://kawalpemilu.org#84705,"KUALA SUGIHAN, MUARA SUGIHAN, BANYUASIN, SUMATERA SELATAN",1,175,69,244
https://kawalpemilu.org#84705,"KUALA SUGIHAN, MUARA SUGIHAN, BANYUASIN, SUMATERA SELATAN",2,142,95,237
https://kawalpemilu.org#84705,"KUALA SUGIHAN, MUARA SUGIHAN, BANYUASIN, SUMATERA SELATAN",3,153,103,256
https://kawalpemilu.org#90555,"TIRTO HARJO, MUARA SUGIHAN, BANYUASIN, SUMATERA SELATAN",1,105,117,222
https://kawalpemilu.org#90555,"TIRTO HARJO, MUARA SUGIHAN, BANYUASIN, SUMATERA SELATAN",2,109,124,233
https://kawalpemilu.org#90555,"TIRTO HARJO, MUARA SUGIHAN, BANYUASIN, SUMATERA SELATAN",3,164,72,236
https://kawalpemilu.org#90555,"TIRTO HARJO, MUARA SUGIHAN, BANYUASIN, SUMATERA SELATAN",4,103,148,251
https://kawalpemilu.org#90555,"TIRTO HARJO, MUARA SUGIHAN, BANYUASIN, SUMATERA SELATAN",5,132,91,223
https://kawalpemilu.org#90555,"TIRTO HARJO, MUARA SUGIHAN, BANYUASIN, SUMATERA SELATAN",6,101,128,229
https://kawalpemilu.org#19377,"UPANG, AIR SALEK, BANYUASIN, SUMATERA SELATAN",1,119,57,176
https://kawalpemilu.org#19377,"UPANG, AIR SALEK, BANYUASIN, SUMATERA SELATAN",2,129,61,190
https://kawalpemilu.org#19377,"UPANG, AIR SALEK, BANYUASIN, SUMATERA SELATAN",3,63,78,141
https://kawalpemilu.org#19377,"UPANG, AIR SALEK, BANYUASIN, SUMATERA SELATAN",4,104,39,143
https://kawalpemilu.org#19377,"UPANG, AIR SALEK, BANYUASIN, SUMATERA SELATAN",5,196,34,230
https://kawalpemilu.org#19377,"UPANG, AIR SALEK, BANYUASIN, SUMATERA SELATAN",6,76,60,136
https://kawalpemilu.org#19377,"UPANG, AIR SALEK, BANYUASIN, SUMATERA SELATAN",7,49,39,88
https://kawalpemilu.org#19466,"SALEH MULYA, AIR SALEK, BANYUASIN, SUMATERA SELATAN",1,117,81,198
https://kawalpemilu.org#19466,"SALEH MULYA, AIR SALEK, BANYUASIN, SUMATERA SELATAN",2,147,36,183
https://kawalpemilu.org#19480,"AIR SOLOK BATU, AIR SALEK, BANYUASIN, SUMATERA SELATAN",1,160,49,209
https://kawalpemilu.org#19480,"AIR SOLOK BATU, AIR SALEK, BANYUASIN, SUMATERA SELATAN",2,69,27,96
https://kawalpemilu.org#19480,"AIR SOLOK BATU, AIR SALEK, BANYUASIN, SUMATERA SELATAN",3,96,25,121
https://kawalpemilu.org#19481,"SRI MULYO, AIR SALEK, BANYUASIN, SUMATERA SELATAN",1,143,32,175
https://kawalpemilu.org#19481,"SRI MULYO, AIR SALEK, BANYUASIN, SUMATERA SELATAN",2,157,32,189
https://kawalpemilu.org#19481,"SRI MULYO, AIR SALEK, BANYUASIN, SUMATERA SELATAN",3,156,30,186
https://kawalpemilu.org#19481,"SRI MULYO, AIR SALEK, BANYUASIN, SUMATERA SELATAN",4,169,41,210
https://kawalpemilu.org#19481,"SRI MULYO, AIR SALEK, BANYUASIN, SUMATERA SELATAN",5,191,48,239
https://kawalpemilu.org#19481,"SRI MULYO, AIR SALEK, BANYUASIN, SUMATERA SELATAN",6,95,74,169
https://kawalpemilu.org#19481,"SRI MULYO, AIR SALEK, BANYUASIN, SUMATERA SELATAN",7,159,52,211
https://kawalpemilu.org#19481,"SRI MULYO, AIR SALEK, BANYUASIN, SUMATERA SELATAN",8,133,78,211
https://kawalpemilu.org#19481,"SRI MULYO, AIR SALEK, BANYUASIN, SUMATERA SELATAN",9,134,54,188
https://kawalpemilu.org#19481,"SRI MULYO, AIR SALEK, BANYUASIN, SUMATERA SELATAN",10,146,12,158
https://kawalpemilu.org#19481,"SRI MULYO, AIR SALEK, BANYUASIN, SUMATERA SELATAN",11,107,24,131
https://kawalpemilu.org#19481,"SRI MULYO, AIR SALEK, BANYUASIN, SUMATERA SELATAN",12,161,49,210
https://kawalpemilu.org#19482,"SRI KATON, AIR SALEK, BANYUASIN, SUMATERA SELATAN",2,148,78,226
https://kawalpemilu.org#19482,"SRI KATON, AIR SALEK, BANYUASIN, SUMATERA SELATAN",3,165,80,245
https://kawalpemilu.org#19482,"SRI KATON, AIR SALEK, BANYUASIN, SUMATERA SELATAN",4,131,107,238
https://kawalpemilu.org#19482,"SRI KATON, AIR SALEK, BANYUASIN, SUMATERA SELATAN",5,153,106,259
https://kawalpemilu.org#19482,"SRI KATON, AIR SALEK, BANYUASIN, SUMATERA SELATAN",6,170,63,233
https://kawalpemilu.org#19482,"SRI KATON, AIR SALEK, BANYUASIN, SUMATERA SELATAN",7,194,57,251
https://kawalpemilu.org#19483,"SIDO HARJO, AIR SALEK, BANYUASIN, SUMATERA SELATAN",1,198,22,220
https://kawalpemilu.org#19483,"SIDO HARJO, AIR SALEK, BANYUASIN, SUMATERA SELATAN",2,171,8,179
https://kawalpemilu.org#19483,"SIDO HARJO, AIR SALEK, BANYUASIN, SUMATERA SELATAN",3,145,28,173
https://kawalpemilu.org#19483,"SIDO HARJO, AIR SALEK, BANYUASIN, SUMATERA SELATAN",4,172,36,208
https://kawalpemilu.org#19483,"SIDO HARJO, AIR SALEK, BANYUASIN, SUMATERA SELATAN",5,184,20,204
https://kawalpemilu.org#19483,"SIDO HARJO, AIR SALEK, BANYUASIN, SUMATERA SELATAN",6,162,57,219
https://kawalpemilu.org#19483,"SIDO HARJO, AIR SALEK, BANYUASIN, SUMATERA SELATAN",7,98,101,199
https://kawalpemilu.org#19483,"SIDO HARJO, AIR SALEK, BANYUASIN, SUMATERA SELATAN",8,136,84,220
https://kawalpemilu.org#19484,"BINTARAN, AIR SALEK, BANYUASIN, SUMATERA SELATAN",1,194,33,227
https://kawalpemilu.org#19484,"BINTARAN, AIR SALEK, BANYUASIN, SUMATERA SELATAN",2,177,31,208
https://kawalpemilu.org#19484,"BINTARAN, AIR SALEK, BANYUASIN, SUMATERA SELATAN",3,195,25,220
https://kawalpemilu.org#19484,"BINTARAN, AIR SALEK, BANYUASIN, SUMATERA SELATAN",4,215,27,242
https://kawalpemilu.org#19484,"BINTARAN, AIR SALEK, BANYUASIN, SUMATERA SELATAN",5,147,33,180
https://kawalpemilu.org#19484,"BINTARAN, AIR SALEK, BANYUASIN, SUMATERA SELATAN",6,193,30,223
https://kawalpemilu.org#19484,"BINTARAN, AIR SALEK, BANYUASIN, SUMATERA SELATAN",7,151,34,185
https://kawalpemilu.org#19485,"DAMAR WULAN, AIR SALEK, BANYUASIN, SUMATERA SELATAN",1,142,55,197
https://kawalpemilu.org#19485,"DAMAR WULAN, AIR SALEK, BANYUASIN, SUMATERA SELATAN",2,145,35,180
https://kawalpemilu.org#19485,"DAMAR WULAN, AIR SALEK, BANYUASIN, SUMATERA SELATAN",3,174,47,221
https://kawalpemilu.org#19485,"DAMAR WULAN, AIR SALEK, BANYUASIN, SUMATERA SELATAN",4,198,33,231
https://kawalpemilu.org#19485,"DAMAR WULAN, AIR SALEK, BANYUASIN, SUMATERA SELATAN",5,206,29,235
https://kawalpemilu.org#19485,"DAMAR WULAN, AIR SALEK, BANYUASIN, SUMATERA SELATAN",6,179,39,218
https://kawalpemilu.org#19485,"DAMAR WULAN, AIR SALEK, BANYUASIN, SUMATERA SELATAN",7,169,37,206
https://kawalpemilu.org#19486,"ENGGAL REJO, AIR SALEK, BANYUASIN, SUMATERA SELATAN",1,217,27,244
https://kawalpemilu.org#19486,"ENGGAL REJO, AIR SALEK, BANYUASIN, SUMATERA SELATAN",2,173,16,189
https://kawalpemilu.org#19486,"ENGGAL REJO, AIR SALEK, BANYUASIN, SUMATERA SELATAN",3,154,69,223
https://kawalpemilu.org#19486,"ENGGAL REJO, AIR SALEK, BANYUASIN, SUMATERA SELATAN",4,182,31,213
https://kawalpemilu.org#19486,"ENGGAL REJO, AIR SALEK, BANYUASIN, SUMATERA SELATAN",5,174,56,230
https://kawalpemilu.org#19486,"ENGGAL REJO, AIR SALEK, BANYUASIN, SUMATERA SELATAN",6,143,66,209
https://kawalpemilu.org#19486,"ENGGAL REJO, AIR SALEK, BANYUASIN, SUMATERA SELATAN",7,143,56,199
https://kawalpemilu.org#19487,"SALEH JAYA, AIR SALEK, BANYUASIN, SUMATERA SELATAN",1,89,111,200
https://kawalpemilu.org#19487,"SALEH JAYA, AIR SALEK, BANYUASIN, SUMATERA SELATAN",2,160,52,212
https://kawalpemilu.org#19487,"SALEH JAYA, AIR SALEK, BANYUASIN, SUMATERA SELATAN",3,162,53,215
https://kawalpemilu.org#19487,"SALEH JAYA, AIR SALEK, BANYUASIN, SUMATERA SELATAN",4,188,41,229
https://kawalpemilu.org#19487,"SALEH JAYA, AIR SALEK, BANYUASIN, SUMATERA SELATAN",5,103,96,199
https://kawalpemilu.org#19487,"SALEH JAYA, AIR SALEK, BANYUASIN, SUMATERA SELATAN",6,130,70,200
https://kawalpemilu.org#19487,"SALEH JAYA, AIR SALEK, BANYUASIN, SUMATERA SELATAN",7,179,32,211
https://kawalpemilu.org#19487,"SALEH JAYA, AIR SALEK, BANYUASIN, SUMATERA SELATAN",8,180,23,203
https://kawalpemilu.org#19488,"SALEH AGUNG, AIR SALEK, BANYUASIN, SUMATERA SELATAN",1,196,37,233
https://kawalpemilu.org#19488,"SALEH AGUNG, AIR SALEK, BANYUASIN, SUMATERA SELATAN",2,149,64,213
https://kawalpemilu.org#19488,"SALEH AGUNG, AIR SALEK, BANYUASIN, SUMATERA SELATAN",3,219,27,246
https://kawalpemilu.org#19488,"SALEH AGUNG, AIR SALEK, BANYUASIN, SUMATERA SELATAN",4,172,58,230
https://kawalpemilu.org#19488,"SALEH AGUNG, AIR SALEK, BANYUASIN, SUMATERA SELATAN",5,187,40,227
https://kawalpemilu.org#19488,"SALEH AGUNG, AIR SALEK, BANYUASIN, SUMATERA SELATAN",6,204,24,228
https://kawalpemilu.org#19488,"SALEH AGUNG, AIR SALEK, BANYUASIN, SUMATERA SELATAN",7,197,20,217
https://kawalpemilu.org#19490,"SALEH MUKTI, AIR SALEK, BANYUASIN, SUMATERA SELATAN",1,203,38,241
https://kawalpemilu.org#19490,"SALEH MUKTI, AIR SALEK, BANYUASIN, SUMATERA SELATAN",2,153,19,172
https://kawalpemilu.org#19490,"SALEH MUKTI, AIR SALEK, BANYUASIN, SUMATERA SELATAN",3,185,6,191
https://kawalpemilu.org#19490,"SALEH MUKTI, AIR SALEK, BANYUASIN, SUMATERA SELATAN",4,149,28,177
https://kawalpemilu.org#19490,"SALEH MUKTI, AIR SALEK, BANYUASIN, SUMATERA SELATAN",5,179,35,214
https://kawalpemilu.org#19490,"SALEH MUKTI, AIR SALEK, BANYUASIN, SUMATERA SELATAN",6,143,25,168
https://kawalpemilu.org#19490,"SALEH MUKTI, AIR SALEK, BANYUASIN, SUMATERA SELATAN",7,162,18,180
https://kawalpemilu.org#19490,"SALEH MUKTI, AIR SALEK, BANYUASIN, SUMATERA SELATAN",8,238,41,279
https://kawalpemilu.org#19491,"SALEH MAKMUR, AIR SALEK, BANYUASIN, SUMATERA SELATAN",1,186,23,209
https://kawalpemilu.org#19491,"SALEH MAKMUR, AIR SALEK, BANYUASIN, SUMATERA SELATAN",2,205,21,226
https://kawalpemilu.org#19491,"SALEH MAKMUR, AIR SALEK, BANYUASIN, SUMATERA SELATAN",3,153,62,215
https://kawalpemilu.org#19491,"SALEH MAKMUR, AIR SALEK, BANYUASIN, SUMATERA SELATAN",4,108,33,141
https://kawalpemilu.org#90640,"UPANG MARGA, AIR SALEK, BANYUASIN, SUMATERA SELATAN",1,66,87,153
https://kawalpemilu.org#90640,"UPANG MARGA, AIR SALEK, BANYUASIN, SUMATERA SELATAN",2,75,62,137
https://kawalpemilu.org#90640,"UPANG MARGA, AIR SALEK, BANYUASIN, SUMATERA SELATAN",3,89,68,157
https://kawalpemilu.org#90640,"UPANG MARGA, AIR SALEK, BANYUASIN, SUMATERA SELATAN",4,77,77,154
https://kawalpemilu.org#90640,"UPANG MARGA, AIR SALEK, BANYUASIN, SUMATERA SELATAN",5,45,122,167
https://kawalpemilu.org#90640,"UPANG MARGA, AIR SALEK, BANYUASIN, SUMATERA SELATAN",6,36,69,105
https://kawalpemilu.org#90640,"UPANG MARGA, AIR SALEK, BANYUASIN, SUMATERA SELATAN",7,77,28,105
https://kawalpemilu.org#19296,"TALANG IPUH, SUAK TAPEH, BANYUASIN, SUMATERA SELATAN",1,31,177,208
https://kawalpemilu.org#19296,"TALANG IPUH, SUAK TAPEH, BANYUASIN, SUMATERA SELATAN",2,15,182,197
https://kawalpemilu.org#19296,"TALANG IPUH, SUAK TAPEH, BANYUASIN, SUMATERA SELATAN",3,12,204,216
https://kawalpemilu.org#19296,"TALANG IPUH, SUAK TAPEH, BANYUASIN, SUMATERA SELATAN",4,28,183,211
https://kawalpemilu.org#19301,"DURIAN DAUN, SUAK TAPEH, BANYUASIN, SUMATERA SELATAN",1,20,207,227
https://kawalpemilu.org#19301,"DURIAN DAUN, SUAK TAPEH, BANYUASIN, SUMATERA SELATAN",2,27,185,212
https://kawalpemilu.org#19301,"DURIAN DAUN, SUAK TAPEH, BANYUASIN, SUMATERA SELATAN",3,21,150,171
https://kawalpemilu.org#19301,"DURIAN DAUN, SUAK TAPEH, BANYUASIN, SUMATERA SELATAN",4,6,206,212
https://kawalpemilu.org#19302,"LUBUK LANCANG, SUAK TAPEH, BANYUASIN, SUMATERA SELATAN",1,70,153,223
https://kawalpemilu.org#19302,"LUBUK LANCANG, SUAK TAPEH, BANYUASIN, SUMATERA SELATAN",2,40,178,218
https://kawalpemilu.org#19302,"LUBUK LANCANG, SUAK TAPEH, BANYUASIN, SUMATERA SELATAN",3,45,131,176
https://kawalpemilu.org#19302,"LUBUK LANCANG, SUAK TAPEH, BANYUASIN, SUMATERA SELATAN",4,58,153,211
https://kawalpemilu.org#19302,"LUBUK LANCANG, SUAK TAPEH, BANYUASIN, SUMATERA SELATAN",5,47,201,248
https://kawalpemilu.org#19302,"LUBUK LANCANG, SUAK TAPEH, BANYUASIN, SUMATERA SELATAN",6,38,211,249
https://kawalpemilu.org#19302,"LUBUK LANCANG, SUAK TAPEH, BANYUASIN, SUMATERA SELATAN",8,27,146,173
https://kawalpemilu.org#19302,"LUBUK LANCANG, SUAK TAPEH, BANYUASIN, SUMATERA SELATAN",9,22,152,174
https://kawalpemilu.org#19302,"LUBUK LANCANG, SUAK TAPEH, BANYUASIN, SUMATERA SELATAN",10,17,124,141
https://kawalpemilu.org#19302,"LUBUK LANCANG, SUAK TAPEH, BANYUASIN, SUMATERA SELATAN",11,23,120,143
https://kawalpemilu.org#19302,"LUBUK LANCANG, SUAK TAPEH, BANYUASIN, SUMATERA SELATAN",12,14,161,175
https://kawalpemilu.org#19302,"LUBUK LANCANG, SUAK TAPEH, BANYUASIN, SUMATERA SELATAN",13,122,27,149
https://kawalpemilu.org#19303,"BIYUKU, SUAK TAPEH, BANYUASIN, SUMATERA SELATAN",1,47,208,255
https://kawalpemilu.org#19303,"BIYUKU, SUAK TAPEH, BANYUASIN, SUMATERA SELATAN",3,71,149,220
https://kawalpemilu.org#19304,"BENGKUANG, SUAK TAPEH, BANYUASIN, SUMATERA SELATAN",1,13,126,139
https://kawalpemilu.org#19304,"BENGKUANG, SUAK TAPEH, BANYUASIN, SUMATERA SELATAN",2,63,101,164
https://kawalpemilu.org#19306,"SEDANG, SUAK TAPEH, BANYUASIN, SUMATERA SELATAN",1,15,171,186
https://kawalpemilu.org#19306,"SEDANG, SUAK TAPEH, BANYUASIN, SUMATERA SELATAN",2,18,138,156
https://kawalpemilu.org#19306,"SEDANG, SUAK TAPEH, BANYUASIN, SUMATERA SELATAN",3,35,160,195
https://kawalpemilu.org#19306,"SEDANG, SUAK TAPEH, BANYUASIN, SUMATERA SELATAN",4,25,164,189
https://kawalpemilu.org#19306,"SEDANG, SUAK TAPEH, BANYUASIN, SUMATERA SELATAN",5,25,145,170
https://kawalpemilu.org#19306,"SEDANG, SUAK TAPEH, BANYUASIN, SUMATERA SELATAN",6,28,158,186
https://kawalpemilu.org#19306,"SEDANG, SUAK TAPEH, BANYUASIN, SUMATERA SELATAN",7,27,152,179
https://kawalpemilu.org#84706,"RIMBA TERAP, SUAK TAPEH, BANYUASIN, SUMATERA SELATAN",1,39,185,224
https://kawalpemilu.org#84706,"RIMBA TERAP, SUAK TAPEH, BANYUASIN, SUMATERA SELATAN",2,61,145,206
https://kawalpemilu.org#84706,"RIMBA TERAP, SUAK TAPEH, BANYUASIN, SUMATERA SELATAN",3,76,108,184
https://kawalpemilu.org#84707,"TANJUNGLAUT, SUAK TAPEH, BANYUASIN, SUMATERA SELATAN",1,43,114,157
https://kawalpemilu.org#84707,"TANJUNGLAUT, SUAK TAPEH, BANYUASIN, SUMATERA SELATAN",2,52,135,187
https://kawalpemilu.org#84707,"TANJUNGLAUT, SUAK TAPEH, BANYUASIN, SUMATERA SELATAN",3,38,128,166
https://kawalpemilu.org#84707,"TANJUNGLAUT, SUAK TAPEH, BANYUASIN, SUMATERA SELATAN",4,60,128,188
https://kawalpemilu.org#84707,"TANJUNGLAUT, SUAK TAPEH, BANYUASIN, SUMATERA SELATAN",5,33,133,166
https://kawalpemilu.org#84707,"TANJUNGLAUT, SUAK TAPEH, BANYUASIN, SUMATERA SELATAN",6,40,138,178
https://kawalpemilu.org#84707,"TANJUNGLAUT, SUAK TAPEH, BANYUASIN, SUMATERA SELATAN",7,55,102,157
https://kawalpemilu.org#84708,"AIR SENGGIRIS, SUAK TAPEH, BANYUASIN, SUMATERA SELATAN",1,20,210,230
https://kawalpemilu.org#84708,"AIR SENGGIRIS, SUAK TAPEH, BANYUASIN, SUMATERA SELATAN",2,37,182,219
https://kawalpemilu.org#90557,"MERANTI, SUAK TAPEH, BANYUASIN, SUMATERA SELATAN",1,42,186,228
https://kawalpemilu.org#90557,"MERANTI, SUAK TAPEH, BANYUASIN, SUMATERA SELATAN",2,56,161,217
https://kawalpemilu.org#90557,"MERANTI, SUAK TAPEH, BANYUASIN, SUMATERA SELATAN",3,43,178,221
https://kawalpemilu.org#90557,"MERANTI, SUAK TAPEH, BANYUASIN, SUMATERA SELATAN",4,61,154,215
https://kawalpemilu.org#90557,"MERANTI, SUAK TAPEH, BANYUASIN, SUMATERA SELATAN",5,59,177,236
https://kawalpemilu.org#90557,"MERANTI, SUAK TAPEH, BANYUASIN, SUMATERA SELATAN",6,103,128,231
https://kawalpemilu.org#90557,"MERANTI, SUAK TAPEH, BANYUASIN, SUMATERA SELATAN",7,102,91,199
https://kawalpemilu.org#90558,"SUKARAJA, SUAK TAPEH, BANYUASIN, SUMATERA SELATAN",1,44,100,144
https://kawalpemilu.org#90558,"SUKARAJA, SUAK TAPEH, BANYUASIN, SUMATERA SELATAN",2,28,135,163
https://kawalpemilu.org#90558,"SUKARAJA, SUAK TAPEH, BANYUASIN, SUMATERA SELATAN",3,26,128,154
https://kawalpemilu.org#19227,"MAINAN, SEMBAWA, BANYUASIN, SUMATERA SELATAN",1,21,111,132
https://kawalpemilu.org#19227,"MAINAN, SEMBAWA, BANYUASIN, SUMATERA SELATAN",2,25,150,175
https://kawalpemilu.org#19227,"MAINAN, SEMBAWA, BANYUASIN, SUMATERA SELATAN",3,23,148,171
https://kawalpemilu.org#19227,"MAINAN, SEMBAWA, BANYUASIN, SUMATERA SELATAN",4,45,144,189
https://kawalpemilu.org#19227,"MAINAN, SEMBAWA, BANYUASIN, SUMATERA SELATAN",5,19,134,153
https://kawalpemilu.org#19227,"MAINAN, SEMBAWA, BANYUASIN, SUMATERA SELATAN",6,53,109,162
https://kawalpemilu.org#19227,"MAINAN, SEMBAWA, BANYUASIN, SUMATERA SELATAN",7,41,168,209
https://kawalpemilu.org#19227,"MAINAN, SEMBAWA, BANYUASIN, SUMATERA SELATAN",8,34,149,183
https://kawalpemilu.org#19227,"MAINAN, SEMBAWA, BANYUASIN, SUMATERA SELATAN",9,23,153,176
https://kawalpemilu.org#19227,"MAINAN, SEMBAWA, BANYUASIN, SUMATERA SELATAN",10,62,130,192
https://kawalpemilu.org#19227,"MAINAN, SEMBAWA, BANYUASIN, SUMATERA SELATAN",11,29,101,130
https://kawalpemilu.org#19227,"MAINAN, SEMBAWA, BANYUASIN, SUMATERA SELATAN",12,2,66,68
https://kawalpemilu.org#19227,"MAINAN, SEMBAWA, BANYUASIN, SUMATERA SELATAN",13,33,117,150
https://kawalpemilu.org#19227,"MAINAN, SEMBAWA, BANYUASIN, SUMATERA SELATAN",15,30,97,127
https://kawalpemilu.org#19227,"MAINAN, SEMBAWA, BANYUASIN, SUMATERA SELATAN",16,38,158,196
https://kawalpemilu.org#19227,"MAINAN, SEMBAWA, BANYUASIN, SUMATERA SELATAN",17,53,100,153
https://kawalpemilu.org#19227,"MAINAN, SEMBAWA, BANYUASIN, SUMATERA SELATAN",18,50,70,120
https://kawalpemilu.org#19227,"MAINAN, SEMBAWA, BANYUASIN, SUMATERA SELATAN",19,41,88,129
https://kawalpemilu.org#19227,"MAINAN, SEMBAWA, BANYUASIN, SUMATERA SELATAN",20,19,89,108
https://kawalpemilu.org#19227,"MAINAN, SEMBAWA, BANYUASIN, SUMATERA SELATAN",21,31,116,147
https://kawalpemilu.org#19227,"MAINAN, SEMBAWA, BANYUASIN, SUMATERA SELATAN",22,32,101,133
https://kawalpemilu.org#19228,"LIMAU, SEMBAWA, BANYUASIN, SUMATERA SELATAN",1,50,115,165
https://kawalpemilu.org#19228,"LIMAU, SEMBAWA, BANYUASIN, SUMATERA SELATAN",2,38,130,168
https://kawalpemilu.org#19228,"LIMAU, SEMBAWA, BANYUASIN, SUMATERA SELATAN",3,43,136,179
https://kawalpemilu.org#19228,"LIMAU, SEMBAWA, BANYUASIN, SUMATERA SELATAN",4,55,151,206
https://kawalpemilu.org#19228,"LIMAU, SEMBAWA, BANYUASIN, SUMATERA SELATAN",5,60,122,182
https://kawalpemilu.org#19228,"LIMAU, SEMBAWA, BANYUASIN, SUMATERA SELATAN",6,31,148,179
https://kawalpemilu.org#19228,"LIMAU, SEMBAWA, BANYUASIN, SUMATERA SELATAN",7,46,108,154
https://kawalpemilu.org#19229,"REJODADI, SEMBAWA, BANYUASIN, SUMATERA SELATAN",1,31,99,130
https://kawalpemilu.org#19229,"REJODADI, SEMBAWA, BANYUASIN, SUMATERA SELATAN",2,32,108,140
https://kawalpemilu.org#19229,"REJODADI, SEMBAWA, BANYUASIN, SUMATERA SELATAN",3,55,156,211
https://kawalpemilu.org#19229,"REJODADI, SEMBAWA, BANYUASIN, SUMATERA SELATAN",4,72,156,228
https://kawalpemilu.org#19229,"REJODADI, SEMBAWA, BANYUASIN, SUMATERA SELATAN",5,66,137,203
https://kawalpemilu.org#19229,"REJODADI, SEMBAWA, BANYUASIN, SUMATERA SELATAN",6,60,184,244
https://kawalpemilu.org#19229,"REJODADI, SEMBAWA, BANYUASIN, SUMATERA SELATAN",7,61,131,192
https://kawalpemilu.org#19229,"REJODADI, SEMBAWA, BANYUASIN, SUMATERA SELATAN",8,55,180,235
https://kawalpemilu.org#19229,"REJODADI, SEMBAWA, BANYUASIN, SUMATERA SELATAN",9,44,91,135
https://kawalpemilu.org#19229,"REJODADI, SEMBAWA, BANYUASIN, SUMATERA SELATAN",10,49,123,172
https://kawalpemilu.org#19229,"REJODADI, SEMBAWA, BANYUASIN, SUMATERA SELATAN",11,50,160,210
https://kawalpemilu.org#19229,"REJODADI, SEMBAWA, BANYUASIN, SUMATERA SELATAN",12,82,133,215
https://kawalpemilu.org#19229,"REJODADI, SEMBAWA, BANYUASIN, SUMATERA SELATAN",13,113,44,157
https://kawalpemilu.org#19229,"REJODADI, SEMBAWA, BANYUASIN, SUMATERA SELATAN",14,69,99,168
https://kawalpemilu.org#19230,"LALANG SEMBAWA, SEMBAWA, BANYUASIN, SUMATERA SELATAN",1,63,172,235
https://kawalpemilu.org#19230,"LALANG SEMBAWA, SEMBAWA, BANYUASIN, SUMATERA SELATAN",2,75,148,223
https://kawalpemilu.org#19230,"LALANG SEMBAWA, SEMBAWA, BANYUASIN, SUMATERA SELATAN",3,71,180,251
https://kawalpemilu.org#19230,"LALANG SEMBAWA, SEMBAWA, BANYUASIN, SUMATERA SELATAN",4,65,167,232
https://kawalpemilu.org#19230,"LALANG SEMBAWA, SEMBAWA, BANYUASIN, SUMATERA SELATAN",5,43,152,195
https://kawalpemilu.org#19230,"LALANG SEMBAWA, SEMBAWA, BANYUASIN, SUMATERA SELATAN",6,39,176,215
https://kawalpemilu.org#19230,"LALANG SEMBAWA, SEMBAWA, BANYUASIN, SUMATERA SELATAN",7,46,185,231
https://kawalpemilu.org#19230,"LALANG SEMBAWA, SEMBAWA, BANYUASIN, SUMATERA SELATAN",8,93,162,255
https://kawalpemilu.org#19230,"LALANG SEMBAWA, SEMBAWA, BANYUASIN, SUMATERA SELATAN",9,63,174,237
https://kawalpemilu.org#19230,"LALANG SEMBAWA, SEMBAWA, BANYUASIN, SUMATERA SELATAN",10,66,154,220
https://kawalpemilu.org#19230,"LALANG SEMBAWA, SEMBAWA, BANYUASIN, SUMATERA SELATAN",11,49,165,214
https://kawalpemilu.org#19230,"LALANG SEMBAWA, SEMBAWA, BANYUASIN, SUMATERA SELATAN",13,54,148,202
https://kawalpemilu.org#19230,"LALANG SEMBAWA, SEMBAWA, BANYUASIN, SUMATERA SELATAN",14,54,177,231
https://kawalpemilu.org#19230,"LALANG SEMBAWA, SEMBAWA, BANYUASIN, SUMATERA SELATAN",15,71,169,240
https://kawalpemilu.org#19230,"LALANG SEMBAWA, SEMBAWA, BANYUASIN, SUMATERA SELATAN",16,84,168,252
https://kawalpemilu.org#19230,"LALANG SEMBAWA, SEMBAWA, BANYUASIN, SUMATERA SELATAN",17,76,131,207
https://kawalpemilu.org#19230,"LALANG SEMBAWA, SEMBAWA, BANYUASIN, SUMATERA SELATAN",18,78,115,193
https://kawalpemilu.org#19230,"LALANG SEMBAWA, SEMBAWA, BANYUASIN, SUMATERA SELATAN",19,85,161,246
https://kawalpemilu.org#19230,"LALANG SEMBAWA, SEMBAWA, BANYUASIN, SUMATERA SELATAN",20,44,157,201
https://kawalpemilu.org#19257,"LIMBANG MULYA, SEMBAWA, BANYUASIN, SUMATERA SELATAN",1,101,53,154
https://kawalpemilu.org#84709,"SANTANSARI, SEMBAWA, BANYUASIN, SUMATERA SELATAN",1,33,127,160
https://kawalpemilu.org#84709,"SANTANSARI, SEMBAWA, BANYUASIN, SUMATERA SELATAN",2,60,187,247
https://kawalpemilu.org#84709,"SANTANSARI, SEMBAWA, BANYUASIN, SUMATERA SELATAN",3,46,90,136
https://kawalpemilu.org#84710,"MUARADAMAI, SEMBAWA, BANYUASIN, SUMATERA SELATAN",2,74,145,219
https://kawalpemilu.org#84710,"MUARADAMAI, SEMBAWA, BANYUASIN, SUMATERA SELATAN",3,30,151,181
https://kawalpemilu.org#84711,"PULAUHARAPAN, SEMBAWA, BANYUASIN, SUMATERA SELATAN",1,17,130,147
https://kawalpemilu.org#84711,"PULAUHARAPAN, SEMBAWA, BANYUASIN, SUMATERA SELATAN",2,22,135,157
https://kawalpemilu.org#84711,"PULAUHARAPAN, SEMBAWA, BANYUASIN, SUMATERA SELATAN",3,20,121,141
https://kawalpemilu.org#84711,"PULAUHARAPAN, SEMBAWA, BANYUASIN, SUMATERA SELATAN",4,40,119,159
https://kawalpemilu.org#84711,"PULAUHARAPAN, SEMBAWA, BANYUASIN, SUMATERA SELATAN",5,39,131,170
https://kawalpemilu.org#84711,"PULAUHARAPAN, SEMBAWA, BANYUASIN, SUMATERA SELATAN",6,27,119,146
https://kawalpemilu.org#84711,"PULAUHARAPAN, SEMBAWA, BANYUASIN, SUMATERA SELATAN",7,24,119,143
https://kawalpemilu.org#84711,"PULAUHARAPAN, SEMBAWA, BANYUASIN, SUMATERA SELATAN",8,19,160,179
https://kawalpemilu.org#84711,"PULAUHARAPAN, SEMBAWA, BANYUASIN, SUMATERA SELATAN",9,29,144,173
https://kawalpemilu.org#84711,"PULAUHARAPAN, SEMBAWA, BANYUASIN, SUMATERA SELATAN",10,37,135,172
https://kawalpemilu.org#84711,"PULAUHARAPAN, SEMBAWA, BANYUASIN, SUMATERA SELATAN",11,36,139,175
https://kawalpemilu.org#84711,"PULAUHARAPAN, SEMBAWA, BANYUASIN, SUMATERA SELATAN",12,39,141,180
https://kawalpemilu.org#84711,"PULAUHARAPAN, SEMBAWA, BANYUASIN, SUMATERA SELATAN",13,42,141,183
https://kawalpemilu.org#84711,"PULAUHARAPAN, SEMBAWA, BANYUASIN, SUMATERA SELATAN",14,38,155,193
https://kawalpemilu.org#84711,"PULAUHARAPAN, SEMBAWA, BANYUASIN, SUMATERA SELATAN",15,36,130,166
https://kawalpemilu.org#84711,"PULAUHARAPAN, SEMBAWA, BANYUASIN, SUMATERA SELATAN",16,26,101,127
https://kawalpemilu.org#84711,"PULAUHARAPAN, SEMBAWA, BANYUASIN, SUMATERA SELATAN",17,35,184,219
https://kawalpemilu.org#84711,"PULAUHARAPAN, SEMBAWA, BANYUASIN, SUMATERA SELATAN",18,34,139,173
https://kawalpemilu.org#84711,"PULAUHARAPAN, SEMBAWA, BANYUASIN, SUMATERA SELATAN",19,65,154,219
https://kawalpemilu.org#84711,"PULAUHARAPAN, SEMBAWA, BANYUASIN, SUMATERA SELATAN",20,65,168,231
https://kawalpemilu.org#84711,"PULAUHARAPAN, SEMBAWA, BANYUASIN, SUMATERA SELATAN",21,93,144,237
https://kawalpemilu.org#84711,"PULAUHARAPAN, SEMBAWA, BANYUASIN, SUMATERA SELATAN",22,31,119,150
https://kawalpemilu.org#84711,"PULAUHARAPAN, SEMBAWA, BANYUASIN, SUMATERA SELATAN",23,31,113,144
https://kawalpemilu.org#84711,"PULAUHARAPAN, SEMBAWA, BANYUASIN, SUMATERA SELATAN",24,48,77,125
https://kawalpemilu.org#84711,"PULAUHARAPAN, SEMBAWA, BANYUASIN, SUMATERA SELATAN",25,63,126,189
https://kawalpemilu.org#84711,"PULAUHARAPAN, SEMBAWA, BANYUASIN, SUMATERA SELATAN",26,42,133,175
https://kawalpemilu.org#84712,"PURWO SARI, SEMBAWA, BANYUASIN, SUMATERA SELATAN",1,62,165,227
https://kawalpemilu.org#84712,"PURWO SARI, SEMBAWA, BANYUASIN, SUMATERA SELATAN",2,76,157,233
https://kawalpemilu.org#84712,"PURWO SARI, SEMBAWA, BANYUASIN, SUMATERA SELATAN",3,76,147,226
https://kawalpemilu.org#84712,"PURWO SARI, SEMBAWA, BANYUASIN, SUMATERA SELATAN",4,60,152,212
https://kawalpemilu.org#84712,"PURWO SARI, SEMBAWA, BANYUASIN, SUMATERA SELATAN",5,42,154,196
https://kawalpemilu.org#84712,"PURWO SARI, SEMBAWA, BANYUASIN, SUMATERA SELATAN",6,65,125,190
https://kawalpemilu.org#84712,"PURWO SARI, SEMBAWA, BANYUASIN, SUMATERA SELATAN",7,16,101,117
https://kawalpemilu.org#84713,"PULAUMUNING, SEMBAWA, BANYUASIN, SUMATERA SELATAN",1,41,114,155
https://kawalpemilu.org#90559,"SUKA MAKMUR, SEMBAWA, BANYUASIN, SUMATERA SELATAN",1,147,38,185
https://kawalpemilu.org#19353,"TELANG LUBUK, SUMBER MARGA TELANG, BANYUASIN, SUMATERA SELATAN",1,130,52,182
https://kawalpemilu.org#19353,"TELANG LUBUK, SUMBER MARGA TELANG, BANYUASIN, SUMATERA SELATAN",2,122,57,179
https://kawalpemilu.org#19353,"TELANG LUBUK, SUMBER MARGA TELANG, BANYUASIN, SUMATERA SELATAN",3,94,37,131
https://kawalpemilu.org#19353,"TELANG LUBUK, SUMBER MARGA TELANG, BANYUASIN, SUMATERA SELATAN",4,120,40,160
https://kawalpemilu.org#19354,"TERUSAN DALAM, SUMBER MARGA TELANG, BANYUASIN, SUMATERA SELATAN",1,116,61,177
https://kawalpemilu.org#19354,"TERUSAN DALAM, SUMBER MARGA TELANG, BANYUASIN, SUMATERA SELATAN",2,68,98,166
https://kawalpemilu.org#19354,"TERUSAN DALAM, SUMBER MARGA TELANG, BANYUASIN, SUMATERA SELATAN",3,86,69,155
https://kawalpemilu.org#19354,"TERUSAN DALAM, SUMBER MARGA TELANG, BANYUASIN, SUMATERA SELATAN",4,23,20,43
https://kawalpemilu.org#19354,"TERUSAN DALAM, SUMBER MARGA TELANG, BANYUASIN, SUMATERA SELATAN",5,51,70,121
https://kawalpemilu.org#19354,"TERUSAN DALAM, SUMBER MARGA TELANG, BANYUASIN, SUMATERA SELATAN",6,61,80,141
https://kawalpemilu.org#19357,"TERUSAN TENGAH, SUMBER MARGA TELANG, BANYUASIN, SUMATERA SELATAN",1,102,65,167
https://kawalpemilu.org#19357,"TERUSAN TENGAH, SUMBER MARGA TELANG, BANYUASIN, SUMATERA SELATAN",2,116,55,171
https://kawalpemilu.org#19357,"TERUSAN TENGAH, SUMBER MARGA TELANG, BANYUASIN, SUMATERA SELATAN",3,8,82,90
https://kawalpemilu.org#19357,"TERUSAN TENGAH, SUMBER MARGA TELANG, BANYUASIN, SUMATERA SELATAN",4,74,54,128
https://kawalpemilu.org#19357,"TERUSAN TENGAH, SUMBER MARGA TELANG, BANYUASIN, SUMATERA SELATAN",5,92,52,144
https://kawalpemilu.org#19358,"SUMBER JAYA, SUMBER MARGA TELANG, BANYUASIN, SUMATERA SELATAN",2,90,63,153
https://kawalpemilu.org#19358,"SUMBER JAYA, SUMBER MARGA TELANG, BANYUASIN, SUMATERA SELATAN",3,54,36,90
https://kawalpemilu.org#19358,"SUMBER JAYA, SUMBER MARGA TELANG, BANYUASIN, SUMATERA SELATAN",4,61,67,128
https://kawalpemilu.org#19358,"SUMBER JAYA, SUMBER MARGA TELANG, BANYUASIN, SUMATERA SELATAN",5,162,26,188
https://kawalpemilu.org#19358,"SUMBER JAYA, SUMBER MARGA TELANG, BANYUASIN, SUMATERA SELATAN",6,168,25,193
https://kawalpemilu.org#19358,"SUMBER JAYA, SUMBER MARGA TELANG, BANYUASIN, SUMATERA SELATAN",7,117,76,193
https://kawalpemilu.org#19358,"SUMBER JAYA, SUMBER MARGA TELANG, BANYUASIN, SUMATERA SELATAN",8,77,101,178
https://kawalpemilu.org#19358,"SUMBER JAYA, SUMBER MARGA TELANG, BANYUASIN, SUMATERA SELATAN",9,135,57,192
https://kawalpemilu.org#19358,"SUMBER JAYA, SUMBER MARGA TELANG, BANYUASIN, SUMATERA SELATAN",10,81,45,126
https://kawalpemilu.org#19358,"SUMBER JAYA, SUMBER MARGA TELANG, BANYUASIN, SUMATERA SELATAN",11,139,46,185
https://kawalpemilu.org#19358,"SUMBER JAYA, SUMBER MARGA TELANG, BANYUASIN, SUMATERA SELATAN",12,89,34,123
https://kawalpemilu.org#19358,"SUMBER JAYA, SUMBER MARGA TELANG, BANYUASIN, SUMATERA SELATAN",13,57,131,188
https://kawalpemilu.org#19358,"SUMBER JAYA, SUMBER MARGA TELANG, BANYUASIN, SUMATERA SELATAN",14,109,87,196
https://kawalpemilu.org#19358,"SUMBER JAYA, SUMBER MARGA TELANG, BANYUASIN, SUMATERA SELATAN",15,98,52,150
https://kawalpemilu.org#19358,"SUMBER JAYA, SUMBER MARGA TELANG, BANYUASIN, SUMATERA SELATAN",16,117,23,140
https://kawalpemilu.org#19368,"KARANG BARU, SUMBER MARGA TELANG, BANYUASIN, SUMATERA SELATAN",1,104,98,202
https://kawalpemilu.org#19368,"KARANG BARU, SUMBER MARGA TELANG, BANYUASIN, SUMATERA SELATAN",3,90,31,121
https://kawalpemilu.org#19368,"KARANG BARU, SUMBER MARGA TELANG, BANYUASIN, SUMATERA SELATAN",4,145,52,197
https://kawalpemilu.org#19368,"KARANG BARU, SUMBER MARGA TELANG, BANYUASIN, SUMATERA SELATAN",5,106,110,216
https://kawalpemilu.org#19368,"KARANG BARU, SUMBER MARGA TELANG, BANYUASIN, SUMATERA SELATAN",7,111,45,156
https://kawalpemilu.org#19368,"KARANG BARU, SUMBER MARGA TELANG, BANYUASIN, SUMATERA SELATAN",8,133,42,175
https://kawalpemilu.org#19368,"KARANG BARU, SUMBER MARGA TELANG, BANYUASIN, SUMATERA SELATAN",9,95,28,123
https://kawalpemilu.org#19368,"KARANG BARU, SUMBER MARGA TELANG, BANYUASIN, SUMATERA SELATAN",10,80,35,115
https://kawalpemilu.org#19368,"KARANG BARU, SUMBER MARGA TELANG, BANYUASIN, SUMATERA SELATAN",11,160,60,220
https://kawalpemilu.org#19370,"SRI TIGA, SUMBER MARGA TELANG, BANYUASIN, SUMATERA SELATAN",1,51,133,184
https://kawalpemilu.org#19370,"SRI TIGA, SUMBER MARGA TELANG, BANYUASIN, SUMATERA SELATAN",2,126,104,230
https://kawalpemilu.org#19370,"SRI TIGA, SUMBER MARGA TELANG, BANYUASIN, SUMATERA SELATAN",3,115,154,269
https://kawalpemilu.org#19370,"SRI TIGA, SUMBER MARGA TELANG, BANYUASIN, SUMATERA SELATAN",4,51,95,146
https://kawalpemilu.org#19370,"SRI TIGA, SUMBER MARGA TELANG, BANYUASIN, SUMATERA SELATAN",5,80,110,190
https://kawalpemilu.org#19370,"SRI TIGA, SUMBER MARGA TELANG, BANYUASIN, SUMATERA SELATAN",6,128,91,219
https://kawalpemilu.org#19372,"TERUSAN MUARA, SUMBER MARGA TELANG, BANYUASIN, SUMATERA SELATAN",1,84,92,176
https://kawalpemilu.org#19372,"TERUSAN MUARA, SUMBER MARGA TELANG, BANYUASIN, SUMATERA SELATAN",2,140,79,219
https://kawalpemilu.org#19372,"TERUSAN MUARA, SUMBER MARGA TELANG, BANYUASIN, SUMATERA SELATAN",3,68,69,137
https://kawalpemilu.org#19372,"TERUSAN MUARA, SUMBER MARGA TELANG, BANYUASIN, SUMATERA SELATAN",4,127,48,175
https://kawalpemilu.org#19372,"TERUSAN MUARA, SUMBER MARGA TELANG, BANYUASIN, SUMATERA SELATAN",5,132,33,165
https://kawalpemilu.org#19372,"TERUSAN MUARA, SUMBER MARGA TELANG, BANYUASIN, SUMATERA SELATAN",6,92,30,122
https://kawalpemilu.org#19430,"KARANG ANYAR, SUMBER MARGA TELANG, BANYUASIN, SUMATERA SELATAN",1,104,97,201
https://kawalpemilu.org#19430,"KARANG ANYAR, SUMBER MARGA TELANG, BANYUASIN, SUMATERA SELATAN",2,79,81,160
https://kawalpemilu.org#19430,"KARANG ANYAR, SUMBER MARGA TELANG, BANYUASIN, SUMATERA SELATAN",4,132,63,195
https://kawalpemilu.org#19430,"KARANG ANYAR, SUMBER MARGA TELANG, BANYUASIN, SUMATERA SELATAN",5,127,66,193
https://kawalpemilu.org#19430,"KARANG ANYAR, SUMBER MARGA TELANG, BANYUASIN, SUMATERA SELATAN",6,148,117,265
https://kawalpemilu.org#19430,"KARANG ANYAR, SUMBER MARGA TELANG, BANYUASIN, SUMATERA SELATAN",7,97,136,233
https://kawalpemilu.org#19430,"KARANG ANYAR, SUMBER MARGA TELANG, BANYUASIN, SUMATERA SELATAN",8,40,57,97
https://kawalpemilu.org#19430,"KARANG ANYAR, SUMBER MARGA TELANG, BANYUASIN, SUMATERA SELATAN",9,79,29,108
https://kawalpemilu.org#90560,"MUARATELANG, SUMBER MARGA TELANG, BANYUASIN, SUMATERA SELATAN",1,111,116,227
https://kawalpemilu.org#90560,"MUARATELANG, SUMBER MARGA TELANG, BANYUASIN, SUMATERA SELATAN",2,99,135,234
https://kawalpemilu.org#90560,"MUARATELANG, SUMBER MARGA TELANG, BANYUASIN, SUMATERA SELATAN",3,64,185,249
https://kawalpemilu.org#90560,"MUARATELANG, SUMBER MARGA TELANG, BANYUASIN, SUMATERA SELATAN",4,90,97,187
https://kawalpemilu.org#90560,"MUARATELANG, SUMBER MARGA TELANG, BANYUASIN, SUMATERA SELATAN",5,75,66,141
https://kawalpemilu.org#90560,"MUARATELANG, SUMBER MARGA TELANG, BANYUASIN, SUMATERA SELATAN",6,131,35,166
https://kawalpemilu.org#90560,"MUARATELANG, SUMBER MARGA TELANG, BANYUASIN, SUMATERA SELATAN",7,132,19,151
https://kawalpemilu.org#90560,"MUARATELANG, SUMBER MARGA TELANG, BANYUASIN, SUMATERA SELATAN",8,101,68,169
https://kawalpemilu.org#90560,"MUARATELANG, SUMBER MARGA TELANG, BANYUASIN, SUMATERA SELATAN",9,135,30,165
https://kawalpemilu.org#90560,"MUARATELANG, SUMBER MARGA TELANG, BANYUASIN, SUMATERA SELATAN",10,92,18,110
https://kawalpemilu.org#90561,"MUARATELANG MARGA, SUMBER MARGA TELANG, BANYUASIN, SUMATERA SELATAN",1,141,70,211
https://kawalpemilu.org#90561,"MUARATELANG MARGA, SUMBER MARGA TELANG, BANYUASIN, SUMATERA SELATAN",2,105,78,183
https://kawalpemilu.org#90561,"MUARATELANG MARGA, SUMBER MARGA TELANG, BANYUASIN, SUMATERA SELATAN",3,129,68,197
https://kawalpemilu.org#90561,"MUARATELANG MARGA, SUMBER MARGA TELANG, BANYUASIN, SUMATERA SELATAN",4,153,18,171
https://kawalpemilu.org#19181,"CINTA MANIS BARU, AIR KUMBANG, BANYUASIN, SUMATERA SELATAN",1,104,109,213
https://kawalpemilu.org#19181,"CINTA MANIS BARU, AIR KUMBANG, BANYUASIN, SUMATERA SELATAN",2,104,101,205
https://kawalpemilu.org#19181,"CINTA MANIS BARU, AIR KUMBANG, BANYUASIN, SUMATERA SELATAN",3,78,137,215
https://kawalpemilu.org#19181,"CINTA MANIS BARU, AIR KUMBANG, BANYUASIN, SUMATERA SELATAN",4,122,66,188
https://kawalpemilu.org#19181,"CINTA MANIS BARU, AIR KUMBANG, BANYUASIN, SUMATERA SELATAN",5,155,56,211
https://kawalpemilu.org#19181,"CINTA MANIS BARU, AIR KUMBANG, BANYUASIN, SUMATERA SELATAN",6,144,36,180
https://kawalpemilu.org#19181,"CINTA MANIS BARU, AIR KUMBANG, BANYUASIN, SUMATERA SELATAN",7,191,60,251
https://kawalpemilu.org#19181,"CINTA MANIS BARU, AIR KUMBANG, BANYUASIN, SUMATERA SELATAN",8,127,40,167
https://kawalpemilu.org#19181,"CINTA MANIS BARU, AIR KUMBANG, BANYUASIN, SUMATERA SELATAN",9,90,31,121
https://kawalpemilu.org#19182,"SEBUBUS, AIR KUMBANG, BANYUASIN, SUMATERA SELATAN",1,165,70,235
https://kawalpemilu.org#19182,"SEBUBUS, AIR KUMBANG, BANYUASIN, SUMATERA SELATAN",2,114,95,209
https://kawalpemilu.org#19185,"SIDOMULYO, AIR KUMBANG, BANYUASIN, SUMATERA SELATAN",1,202,40,242
https://kawalpemilu.org#19185,"SIDOMULYO, AIR KUMBANG, BANYUASIN, SUMATERA SELATAN",2,161,59,220
https://kawalpemilu.org#19185,"SIDOMULYO, AIR KUMBANG, BANYUASIN, SUMATERA SELATAN",3,111,34,145
https://kawalpemilu.org#19185,"SIDOMULYO, AIR KUMBANG, BANYUASIN, SUMATERA SELATAN",4,149,94,243
https://kawalpemilu.org#19185,"SIDOMULYO, AIR KUMBANG, BANYUASIN, SUMATERA SELATAN",5,173,47,220
https://kawalpemilu.org#19185,"SIDOMULYO, AIR KUMBANG, BANYUASIN, SUMATERA SELATAN",6,129,40,169
https://kawalpemilu.org#19185,"SIDOMULYO, AIR KUMBANG, BANYUASIN, SUMATERA SELATAN",7,148,71,219
https://kawalpemilu.org#19185,"SIDOMULYO, AIR KUMBANG, BANYUASIN, SUMATERA SELATAN",8,147,65,212
https://kawalpemilu.org#19185,"SIDOMULYO, AIR KUMBANG, BANYUASIN, SUMATERA SELATAN",9,165,31,196
https://kawalpemilu.org#19185,"SIDOMULYO, AIR KUMBANG, BANYUASIN, SUMATERA SELATAN",10,162,23,185
https://kawalpemilu.org#19188,"NUSA MAKMUR, AIR KUMBANG, BANYUASIN, SUMATERA SELATAN",1,132,107,239
https://kawalpemilu.org#19188,"NUSA MAKMUR, AIR KUMBANG, BANYUASIN, SUMATERA SELATAN",2,165,43,208
https://kawalpemilu.org#19188,"NUSA MAKMUR, AIR KUMBANG, BANYUASIN, SUMATERA SELATAN",3,169,62,231
https://kawalpemilu.org#19188,"NUSA MAKMUR, AIR KUMBANG, BANYUASIN, SUMATERA SELATAN",4,182,46,228
https://kawalpemilu.org#19188,"NUSA MAKMUR, AIR KUMBANG, BANYUASIN, SUMATERA SELATAN",5,140,37,177
https://kawalpemilu.org#19188,"NUSA MAKMUR, AIR KUMBANG, BANYUASIN, SUMATERA SELATAN",6,137,66,203
https://kawalpemilu.org#19188,"NUSA MAKMUR, AIR KUMBANG, BANYUASIN, SUMATERA SELATAN",8,161,36,197
https://kawalpemilu.org#19188,"NUSA MAKMUR, AIR KUMBANG, BANYUASIN, SUMATERA SELATAN",9,151,58,209
https://kawalpemilu.org#19188,"NUSA MAKMUR, AIR KUMBANG, BANYUASIN, SUMATERA SELATAN",10,131,30,161
https://kawalpemilu.org#19193,"PADANG REJO, AIR KUMBANG, BANYUASIN, SUMATERA SELATAN",1,67,51,118
https://kawalpemilu.org#19194,"RIMBA JAYA, AIR KUMBANG, BANYUASIN, SUMATERA SELATAN",1,89,94,183
https://kawalpemilu.org#19194,"RIMBA JAYA, AIR KUMBANG, BANYUASIN, SUMATERA SELATAN",2,94,64,158
https://kawalpemilu.org#19194,"RIMBA JAYA, AIR KUMBANG, BANYUASIN, SUMATERA SELATAN",3,80,74,154
https://kawalpemilu.org#19194,"RIMBA JAYA, AIR KUMBANG, BANYUASIN, SUMATERA SELATAN",4,136,77,213
https://kawalpemilu.org#19194,"RIMBA JAYA, AIR KUMBANG, BANYUASIN, SUMATERA SELATAN",5,201,28,229
https://kawalpemilu.org#19194,"RIMBA JAYA, AIR KUMBANG, BANYUASIN, SUMATERA SELATAN",6,127,79,206
https://kawalpemilu.org#19194,"RIMBA JAYA, AIR KUMBANG, BANYUASIN, SUMATERA SELATAN",7,58,123,181
https://kawalpemilu.org#19194,"RIMBA JAYA, AIR KUMBANG, BANYUASIN, SUMATERA SELATAN",9,146,57,203
https://kawalpemilu.org#19196,"TIRTA MAKMUR, AIR KUMBANG, BANYUASIN, SUMATERA SELATAN",1,190,56,246
https://kawalpemilu.org#19196,"TIRTA MAKMUR, AIR KUMBANG, BANYUASIN, SUMATERA SELATAN",2,194,35,229
https://kawalpemilu.org#19197,"PANCA MULYA, AIR KUMBANG, BANYUASIN, SUMATERA SELATAN",1,137,43,180
https://kawalpemilu.org#19197,"PANCA MULYA, AIR KUMBANG, BANYUASIN, SUMATERA SELATAN",2,160,55,215
https://kawalpemilu.org#19197,"PANCA MULYA, AIR KUMBANG, BANYUASIN, SUMATERA SELATAN",3,177,32,209
https://kawalpemilu.org#19200,"AIR KUMBANG BAKTI, AIR KUMBANG, BANYUASIN, SUMATERA SELATAN",2,125,15,140
https://kawalpemilu.org#19201,"PANCA DESA, AIR KUMBANG, BANYUASIN, SUMATERA SELATAN",1,157,15,172
https://kawalpemilu.org#19201,"PANCA DESA, AIR KUMBANG, BANYUASIN, SUMATERA SELATAN",2,166,28,194
https://kawalpemilu.org#19201,"PANCA DESA, AIR KUMBANG, BANYUASIN, SUMATERA SELATAN",3,176,54,230
https://kawalpemilu.org#19201,"PANCA DESA, AIR KUMBANG, BANYUASIN, SUMATERA SELATAN",4,97,35,132
https://kawalpemilu.org#19333,"SEBOKOR, AIR KUMBANG, BANYUASIN, SUMATERA SELATAN",1,93,102,195
https://kawalpemilu.org#19333,"SEBOKOR, AIR KUMBANG, BANYUASIN, SUMATERA SELATAN",2,103,83,186
https://kawalpemilu.org#19333,"SEBOKOR, AIR KUMBANG, BANYUASIN, SUMATERA SELATAN",3,111,82,193
https://kawalpemilu.org#19333,"SEBOKOR, AIR KUMBANG, BANYUASIN, SUMATERA SELATAN",4,118,66,184
https://kawalpemilu.org#19333,"SEBOKOR, AIR KUMBANG, BANYUASIN, SUMATERA SELATAN",5,122,65,187
https://kawalpemilu.org#19333,"SEBOKOR, AIR KUMBANG, BANYUASIN, SUMATERA SELATAN",6,121,78,199
https://kawalpemilu.org#19333,"SEBOKOR, AIR KUMBANG, BANYUASIN, SUMATERA SELATAN",7,144,78,222
https://kawalpemilu.org#84714,"TELUKTENGGIRIK, AIR KUMBANG, BANYUASIN, SUMATERA SELATAN",1,160,60,220
https://kawalpemilu.org#84714,"TELUKTENGGIRIK, AIR KUMBANG, BANYUASIN, SUMATERA SELATAN",2,152,85,237
https://kawalpemilu.org#84714,"TELUKTENGGIRIK, AIR KUMBANG, BANYUASIN, SUMATERA SELATAN",3,155,88,243
https://kawalpemilu.org#90562,"SIDO MAKMUR, AIR KUMBANG, BANYUASIN, SUMATERA SELATAN",1,174,51,225
https://kawalpemilu.org#90562,"SIDO MAKMUR, AIR KUMBANG, BANYUASIN, SUMATERA SELATAN",2,131,89,220
https://kawalpemilu.org#90562,"SIDO MAKMUR, AIR KUMBANG, BANYUASIN, SUMATERA SELATAN",3,139,67,206
https://kawalpemilu.org#90562,"SIDO MAKMUR, AIR KUMBANG, BANYUASIN, SUMATERA SELATAN",4,164,45,209
https://kawalpemilu.org#90562,"SIDO MAKMUR, AIR KUMBANG, BANYUASIN, SUMATERA SELATAN",5,170,55,225
https://kawalpemilu.org#90563,"KUMBANG PADANG PERMATA, AIR KUMBANG, BANYUASIN, SUMATERA SELATAN",1,128,60,188
https://kawalpemilu.org#90563,"KUMBANG PADANG PERMATA, AIR KUMBANG, BANYUASIN, SUMATERA SELATAN",2,156,19,175
https://kawalpemilu.org#90563,"KUMBANG PADANG PERMATA, AIR KUMBANG, BANYUASIN, SUMATERA SELATAN",3,154,24,178
https://kawalpemilu.org#90563,"KUMBANG PADANG PERMATA, AIR KUMBANG, BANYUASIN, SUMATERA SELATAN",4,145,38,183
https://kawalpemilu.org#90563,"KUMBANG PADANG PERMATA, AIR KUMBANG, BANYUASIN, SUMATERA SELATAN",5,140,35,175
https://kawalpemilu.org#90564,"MUARABARU, AIR KUMBANG, BANYUASIN, SUMATERA SELATAN",1,67,13,80
https://kawalpemilu.org#90564,"MUARABARU, AIR KUMBANG, BANYUASIN, SUMATERA SELATAN",2,93,39,132
https://kawalpemilu.org#90565,"BUDI MULYA, AIR KUMBANG, BANYUASIN, SUMATERA SELATAN",1,134,16,150
https://kawalpemilu.org#90565,"BUDI MULYA, AIR KUMBANG, BANYUASIN, SUMATERA SELATAN",2,180,29,209
https://kawalpemilu.org#90565,"BUDI MULYA, AIR KUMBANG, BANYUASIN, SUMATERA SELATAN",3,122,44,166
https://kawalpemilu.org#19494,"DUSUN MARTAPURA, MARTAPURA, OGAN KOMERING ULU TIMUR, SUMATERA SELATAN",1,70,133,203
https://kawalpemilu.org#19494,"DUSUN MARTAPURA, MARTAPURA, OGAN KOMERING ULU TIMUR, SUMATERA SELATAN",2,66,145,211
https://kawalpemilu.org#19494,"DUSUN MARTAPURA, MARTAPURA, OGAN KOMERING ULU TIMUR, SUMATERA SELATAN",3,70,170,240
https://kawalpemilu.org#19494,"DUSUN MARTAPURA, MARTAPURA, OGAN KOMERING ULU TIMUR, SUMATERA SELATAN",4,83,152,235
https://kawalpemilu.org#19494,"DUSUN MARTAPURA, MARTAPURA, OGAN KOMERING ULU TIMUR, SUMATERA SELATAN",5,72,126,198
https://kawalpemilu.org#19494,"DUSUN MARTAPURA, MARTAPURA, OGAN KOMERING ULU TIMUR, SUMATERA SELATAN",6,70,135,205
https://kawalpemilu.org#19494,"DUSUN MARTAPURA, MARTAPURA, OGAN KOMERING ULU TIMUR, SUMATERA SELATAN",7,51,159,210
https://kawalpemilu.org#19494,"DUSUN MARTAPURA, MARTAPURA, OGAN KOMERING ULU TIMUR, SUMATERA SELATAN",8,90,120,210
https://kawalpemilu.org#19494,"DUSUN MARTAPURA, MARTAPURA, OGAN KOMERING ULU TIMUR, SUMATERA SELATAN",9,51,109,160
https://kawalpemilu.org#19494,"DUSUN MARTAPURA, MARTAPURA, OGAN KOMERING ULU TIMUR, SUMATERA SELATAN",10,53,166,219
https://kawalpemilu.org#19494,"DUSUN MARTAPURA, MARTAPURA, OGAN KOMERING ULU TIMUR, SUMATERA SELATAN",11,28,73,101
https://kawalpemilu.org#19495,"PASAR MARTAPURA, MARTAPURA, OGAN KOMERING ULU TIMUR, SUMATERA SELATAN",1,87,133,220
https://kawalpemilu.org#19495,"PASAR MARTAPURA, MARTAPURA, OGAN KOMERING ULU TIMUR, SUMATERA SELATAN",2,87,134,221
https://kawalpemilu.org#19495,"PASAR MARTAPURA, MARTAPURA, OGAN KOMERING ULU TIMUR, SUMATERA SELATAN",3,43,134,177
https://kawalpemilu.org#19495,"PASAR MARTAPURA, MARTAPURA, OGAN KOMERING ULU TIMUR, SUMATERA SELATAN",4,75,171,246
https://kawalpemilu.org#19495,"PASAR MARTAPURA, MARTAPURA, OGAN KOMERING ULU TIMUR, SUMATERA SELATAN",5,97,168,265
https://kawalpemilu.org#19495,"PASAR MARTAPURA, MARTAPURA, OGAN KOMERING ULU TIMUR, SUMATERA SELATAN",6,100,135,235
https://kawalpemilu.org#19495,"PASAR MARTAPURA, MARTAPURA, OGAN KOMERING ULU TIMUR, SUMATERA SELATAN",7,37,43,80
https://kawalpemilu.org#19496,"PAKU SENGKUNYIT, MARTAPURA, OGAN KOMERING ULU TIMUR, SUMATERA SELATAN",1,88,155,243
https://kawalpemilu.org#19496,"PAKU SENGKUNYIT, MARTAPURA, OGAN KOMERING ULU TIMUR, SUMATERA SELATAN",2,72,150,222
https://kawalpemilu.org#19496,"PAKU SENGKUNYIT, MARTAPURA, OGAN KOMERING ULU TIMUR, SUMATERA SELATAN",3,66,135,201
https://kawalpemilu.org#19496,"PAKU SENGKUNYIT, MARTAPURA, OGAN KOMERING ULU TIMUR, SUMATERA SELATAN",4,110,140,250
https://kawalpemilu.org#19496,"PAKU SENGKUNYIT, MARTAPURA, OGAN KOMERING ULU TIMUR, SUMATERA SELATAN",5,61,142,203
https://kawalpemilu.org#19496,"PAKU SENGKUNYIT, MARTAPURA, OGAN KOMERING ULU TIMUR, SUMATERA SELATAN",6,92,143,235
https://kawalpemilu.org#19496,"PAKU SENGKUNYIT, MARTAPURA, OGAN KOMERING ULU TIMUR, SUMATERA SELATAN",7,57,180,237
https://kawalpemilu.org#19496,"PAKU SENGKUNYIT, MARTAPURA, OGAN KOMERING ULU TIMUR, SUMATERA SELATAN",8,47,154,201
https://kawalpemilu.org#19496,"PAKU SENGKUNYIT, MARTAPURA, OGAN KOMERING ULU TIMUR, SUMATERA SELATAN",9,75,96,171
https://kawalpemilu.org#19496,"PAKU SENGKUNYIT, MARTAPURA, OGAN KOMERING ULU TIMUR, SUMATERA SELATAN",10,64,157,221
https://kawalpemilu.org#19496,"PAKU SENGKUNYIT, MARTAPURA, OGAN KOMERING ULU TIMUR, SUMATERA SELATAN",11,45,108,153
https://kawalpemilu.org#19496,"PAKU SENGKUNYIT, MARTAPURA, OGAN KOMERING ULU TIMUR, SUMATERA SELATAN",12,69,161,230
https://kawalpemilu.org#19496,"PAKU SENGKUNYIT, MARTAPURA, OGAN KOMERING ULU TIMUR, SUMATERA SELATAN",13,92,119,211
https://kawalpemilu.org#19496,"PAKU SENGKUNYIT, MARTAPURA, OGAN KOMERING ULU TIMUR, SUMATERA SELATAN",14,70,100,170
https://kawalpemilu.org#19497,"BUKIT SARI, MARTAPURA, OGAN KOMERING ULU TIMUR, SUMATERA SELATAN",1,31,178,209
https://kawalpemilu.org#19497,"BUKIT SARI, MARTAPURA, OGAN KOMERING ULU TIMUR, SUMATERA SELATAN",2,57,145,202
https://kawalpemilu.org#19497,"BUKIT SARI, MARTAPURA, OGAN KOMERING ULU TIMUR, SUMATERA SELATAN",3,71,95,166
https://kawalpemilu.org#19497,"BUKIT SARI, MARTAPURA, OGAN KOMERING ULU TIMUR, SUMATERA SELATAN",4,60,159,219
https://kawalpemilu.org#19497,"BUKIT SARI, MARTAPURA, OGAN KOMERING ULU TIMUR, SUMATERA SELATAN",5,51,149,200
https://kawalpemilu.org#19497,"BUKIT SARI, MARTAPURA, OGAN KOMERING ULU TIMUR, SUMATERA SELATAN",6,40,75,115
https://kawalpemilu.org#19497,"BUKIT SARI, MARTAPURA, OGAN KOMERING ULU TIMUR, SUMATERA SELATAN",7,75,115,190
https://kawalpemilu.org#19498,"TERUKIS RAHAYU, MARTAPURA, OGAN KOMERING ULU TIMUR, SUMATERA SELATAN",1,45,152,197
https://kawalpemilu.org#19498,"TERUKIS RAHAYU, MARTAPURA, OGAN KOMERING ULU TIMUR, SUMATERA SELATAN",2,69,159,228
https://kawalpemilu.org#19498,"TERUKIS RAHAYU, MARTAPURA, OGAN KOMERING ULU TIMUR, SUMATERA SELATAN",3,67,164,231
https://kawalpemilu.org#19498,"TERUKIS RAHAYU, MARTAPURA, OGAN KOMERING ULU TIMUR, SUMATERA SELATAN",4,52,198,250
https://kawalpemilu.org#19498,"TERUKIS RAHAYU, MARTAPURA, OGAN KOMERING ULU TIMUR, SUMATERA SELATAN",5,58,127,185
https://kawalpemilu.org#19498,"TERUKIS RAHAYU, MARTAPURA, OGAN KOMERING ULU TIMUR, SUMATERA SELATAN",6,70,174,244
https://kawalpemilu.org#19498,"TERUKIS RAHAYU, MARTAPURA, OGAN KOMERING ULU TIMUR, SUMATERA SELATAN",7,55,175,230
https://kawalpemilu.org#19498,"TERUKIS RAHAYU, MARTAPURA, OGAN KOMERING ULU TIMUR, SUMATERA SELATAN",8,63,125,188
https://kawalpemilu.org#19498,"TERUKIS RAHAYU, MARTAPURA, OGAN KOMERING ULU TIMUR, SUMATERA SELATAN",9,58,169,227
https://kawalpemilu.org#19498,"TERUKIS RAHAYU, MARTAPURA, OGAN KOMERING ULU TIMUR, SUMATERA SELATAN",10,34,161,195
https://kawalpemilu.org#19498,"TERUKIS RAHAYU, MARTAPURA, OGAN KOMERING ULU TIMUR, SUMATERA SELATAN",11,32,124,156
https://kawalpemilu.org#19498,"TERUKIS RAHAYU, MARTAPURA, OGAN KOMERING ULU TIMUR, SUMATERA SELATAN",12,44,163,207
https://kawalpemilu.org#19498,"TERUKIS RAHAYU, MARTAPURA, OGAN KOMERING ULU TIMUR, SUMATERA SELATAN",13,30,105,135
https://kawalpemilu.org#19498,"TERUKIS RAHAYU, MARTAPURA, OGAN KOMERING ULU TIMUR, SUMATERA SELATAN",14,99,106,205
https://kawalpemilu.org#19498,"TERUKIS RAHAYU, MARTAPURA, OGAN KOMERING ULU TIMUR, SUMATERA SELATAN",15,69,118,187
https://kawalpemilu.org#19499,"SUNGAI TUHA JAYA, MARTAPURA, OGAN KOMERING ULU TIMUR, SUMATERA SELATAN",1,41,137,178
https://kawalpemilu.org#19499,"SUNGAI TUHA JAYA, MARTAPURA, OGAN KOMERING ULU TIMUR, SUMATERA SELATAN",2,58,194,252
https://kawalpemilu.org#19499,"SUNGAI TUHA JAYA, MARTAPURA, OGAN KOMERING ULU TIMUR, SUMATERA SELATAN",3,52,187,239
https://kawalpemilu.org#19499,"SUNGAI TUHA JAYA, MARTAPURA, OGAN KOMERING ULU TIMUR, SUMATERA SELATAN",4,81,136,217
https://kawalpemilu.org#19499,"SUNGAI TUHA JAYA, MARTAPURA, OGAN KOMERING ULU TIMUR, SUMATERA SELATAN",5,17,203,220
https://kawalpemilu.org#19499,"SUNGAI TUHA JAYA, MARTAPURA, OGAN KOMERING ULU TIMUR, SUMATERA SELATAN",6,29,186,215
https://kawalpemilu.org#19499,"SUNGAI TUHA JAYA, MARTAPURA, OGAN KOMERING ULU TIMUR, SUMATERA SELATAN",7,15,94,109
https://kawalpemilu.org#19499,"SUNGAI TUHA JAYA, MARTAPURA, OGAN KOMERING ULU TIMUR, SUMATERA SELATAN",8,21,95,116
https://kawalpemilu.org#19500,"VETERAN JAYA, MARTAPURA, OGAN KOMERING ULU TIMUR, SUMATERA SELATAN",1,73,157,230
https://kawalpemilu.org#19500,"VETERAN JAYA, MARTAPURA, OGAN KOMERING ULU TIMUR, SUMATERA SELATAN",2,81,134,215
https://kawalpemilu.org#19500,"VETERAN JAYA, MARTAPURA, OGAN KOMERING ULU TIMUR, SUMATERA SELATAN",3,71,178,249
https://kawalpemilu.org#19500,"VETERAN JAYA, MARTAPURA, OGAN KOMERING ULU TIMUR, SUMATERA SELATAN",4,100,159,259
https://kawalpemilu.org#19500,"VETERAN JAYA, MARTAPURA, OGAN KOMERING ULU TIMUR, SUMATERA SELATAN",5,67,174,241
https://kawalpemilu.org#19500,"VETERAN JAYA, MARTAPURA, OGAN KOMERING ULU TIMUR, SUMATERA SELATAN",6,61,81,142
https://kawalpemilu.org#19500,"VETERAN JAYA, MARTAPURA, OGAN KOMERING ULU TIMUR, SUMATERA SELATAN",7,88,163,251
https://kawalpemilu.org#19500,"VETERAN JAYA, MARTAPURA, OGAN KOMERING ULU TIMUR, SUMATERA SELATAN",8,51,122,173
https://kawalpemilu.org#19500,"VETERAN JAYA, MARTAPURA, OGAN KOMERING ULU TIMUR, SUMATERA SELATAN",9,54,164,218
https://kawalpemilu.org#19500,"VETERAN JAYA, MARTAPURA, OGAN KOMERING ULU TIMUR, SUMATERA SELATAN",10,59,189,248
https://kawalpemilu.org#19500,"VETERAN JAYA, MARTAPURA, OGAN KOMERING ULU TIMUR, SUMATERA SELATAN",11,82,63,145
https://kawalpemilu.org#19501,"TANJUNG KEMALA, MARTAPURA, OGAN KOMERING ULU TIMUR, SUMATERA SELATAN",1,44,99,143
https://kawalpemilu.org#19501,"TANJUNG KEMALA, MARTAPURA, OGAN KOMERING ULU TIMUR, SUMATERA SELATAN",2,86,155,241
https://kawalpemilu.org#19501,"TANJUNG KEMALA, MARTAPURA, OGAN KOMERING ULU TIMUR, SUMATERA SELATAN",3,76,167,243
https://kawalpemilu.org#19501,"TANJUNG KEMALA, MARTAPURA, OGAN KOMERING ULU TIMUR, SUMATERA SELATAN",4,71,154,225
https://kawalpemilu.org#19501,"TANJUNG KEMALA, MARTAPURA, OGAN KOMERING ULU TIMUR, SUMATERA SELATAN",5,61,120,181
https://kawalpemilu.org#19501,"TANJUNG KEMALA, MARTAPURA, OGAN KOMERING ULU TIMUR, SUMATERA SELATAN",6,30,141,171
https://kawalpemilu.org#19501,"TANJUNG KEMALA, MARTAPURA, OGAN KOMERING ULU TIMUR, SUMATERA SELATAN",7,63,126,189
https://kawalpemilu.org#19501,"TANJUNG KEMALA, MARTAPURA, OGAN KOMERING ULU TIMUR, SUMATERA SELATAN",8,110,141,251
https://kawalpemilu.org#19501,"TANJUNG KEMALA, MARTAPURA, OGAN KOMERING ULU TIMUR, SUMATERA SELATAN",9,34,75,109
https://kawalpemilu.org#19501,"TANJUNG KEMALA, MARTAPURA, OGAN KOMERING ULU TIMUR, SUMATERA SELATAN",10,17,45,62
https://kawalpemilu.org#19502,"KOTA BARU, MARTAPURA, OGAN KOMERING ULU TIMUR, SUMATERA SELATAN",1,68,133,201
https://kawalpemilu.org#19502,"KOTA BARU, MARTAPURA, OGAN KOMERING ULU TIMUR, SUMATERA SELATAN",2,85,190,275
https://kawalpemilu.org#19502,"KOTA BARU, MARTAPURA, OGAN KOMERING ULU TIMUR, SUMATERA SELATAN",3,34,146,180
https://kawalpemilu.org#19502,"KOTA BARU, MARTAPURA, OGAN KOMERING ULU TIMUR, SUMATERA SELATAN",4,78,164,242
https://kawalpemilu.org#19502,"KOTA BARU, MARTAPURA, OGAN KOMERING ULU TIMUR, SUMATERA SELATAN",5,33,162,195
https://kawalpemilu.org#19502,"KOTA BARU, MARTAPURA, OGAN KOMERING ULU TIMUR, SUMATERA SELATAN",6,58,194,252
https://kawalpemilu.org#19502,"KOTA BARU, MARTAPURA, OGAN KOMERING ULU TIMUR, SUMATERA SELATAN",7,102,128,230
https://kawalpemilu.org#19502,"KOTA BARU, MARTAPURA, OGAN KOMERING ULU TIMUR, SUMATERA SELATAN",8,70,177,247
https://kawalpemilu.org#19502,"KOTA BARU, MARTAPURA, OGAN KOMERING ULU TIMUR, SUMATERA SELATAN",9,119,119,238
https://kawalpemilu.org#19502,"KOTA BARU, MARTAPURA, OGAN KOMERING ULU TIMUR, SUMATERA SELATAN",10,66,173,239
https://kawalpemilu.org#19502,"KOTA BARU, MARTAPURA, OGAN KOMERING ULU TIMUR, SUMATERA SELATAN",11,37,163,200
https://kawalpemilu.org#19502,"KOTA BARU, MARTAPURA, OGAN KOMERING ULU TIMUR, SUMATERA SELATAN",12,63,130,193
https://kawalpemilu.org#19502,"KOTA BARU, MARTAPURA, OGAN KOMERING ULU TIMUR, SUMATERA SELATAN",13,64,129,193
https://kawalpemilu.org#19502,"KOTA BARU, MARTAPURA, OGAN KOMERING ULU TIMUR, SUMATERA SELATAN",14,70,93,163
https://kawalpemilu.org#19503,"KEROMONGAN, MARTAPURA, OGAN KOMERING ULU TIMUR, SUMATERA SELATAN",1,61,88,149
https://kawalpemilu.org#19503,"KEROMONGAN, MARTAPURA, OGAN KOMERING ULU TIMUR, SUMATERA SELATAN",2,43,117,160
https://kawalpemilu.org#19503,"KEROMONGAN, MARTAPURA, OGAN KOMERING ULU TIMUR, SUMATERA SELATAN",3,44,104,148
https://kawalpemilu.org#19503,"KEROMONGAN, MARTAPURA, OGAN KOMERING ULU TIMUR, SUMATERA SELATAN",4,38,123,161
https://kawalpemilu.org#19503,"KEROMONGAN, MARTAPURA, OGAN KOMERING ULU TIMUR, SUMATERA SELATAN",5,73,108,181
https://kawalpemilu.org#19503,"KEROMONGAN, MARTAPURA, OGAN KOMERING ULU TIMUR, SUMATERA SELATAN",6,64,77,141
https://kawalpemilu.org#19503,"KEROMONGAN, MARTAPURA, OGAN KOMERING ULU TIMUR, SUMATERA SELATAN",7,79,132,211
https://kawalpemilu.org#19503,"KEROMONGAN, MARTAPURA, OGAN KOMERING ULU TIMUR, SUMATERA SELATAN",8,92,134,226
https://kawalpemilu.org#19503,"KEROMONGAN, MARTAPURA, OGAN KOMERING ULU TIMUR, SUMATERA SELATAN",9,41,116,157
https://kawalpemilu.org#19503,"KEROMONGAN, MARTAPURA, OGAN KOMERING ULU TIMUR, SUMATERA SELATAN",10,51,131,182
https://kawalpemilu.org#19503,"KEROMONGAN, MARTAPURA, OGAN KOMERING ULU TIMUR, SUMATERA SELATAN",11,69,59,128
https://kawalpemilu.org#19504,"PERJAYA, MARTAPURA, OGAN KOMERING ULU TIMUR, SUMATERA SELATAN",1,71,151,222
https://kawalpemilu.org#19504,"PERJAYA, MARTAPURA, OGAN KOMERING ULU TIMUR, SUMATERA SELATAN",2,82,166,248
https://kawalpemilu.org#19504,"PERJAYA, MARTAPURA, OGAN KOMERING ULU TIMUR, SUMATERA SELATAN",3,124,120,244
https://kawalpemilu.org#19504,"PERJAYA, MARTAPURA, OGAN KOMERING ULU TIMUR, SUMATERA SELATAN",4,70,120,190
https://kawalpemilu.org#19504,"PERJAYA, MARTAPURA, OGAN KOMERING ULU TIMUR, SUMATERA SELATAN",5,90,120,210
https://kawalpemilu.org#19504,"PERJAYA, MARTAPURA, OGAN KOMERING ULU TIMUR, SUMATERA SELATAN",6,39,151,190
https://kawalpemilu.org#19504,"PERJAYA, MARTAPURA, OGAN KOMERING ULU TIMUR, SUMATERA SELATAN",7,171,90,261
https://kawalpemilu.org#19504,"PERJAYA, MARTAPURA, OGAN KOMERING ULU TIMUR, SUMATERA SELATAN",8,101,162,263
https://kawalpemilu.org#19504,"PERJAYA, MARTAPURA, OGAN KOMERING ULU TIMUR, SUMATERA SELATAN",9,94,151,245
https://kawalpemilu.org#19504,"PERJAYA, MARTAPURA, OGAN KOMERING ULU TIMUR, SUMATERA SELATAN",10,71,101,172
https://kawalpemilu.org#19504,"PERJAYA, MARTAPURA, OGAN KOMERING ULU TIMUR, SUMATERA SELATAN",11,42,153,195
https://kawalpemilu.org#19504,"PERJAYA, MARTAPURA, OGAN KOMERING ULU TIMUR, SUMATERA SELATAN",12,120,109,229
https://kawalpemilu.org#19504,"PERJAYA, MARTAPURA, OGAN KOMERING ULU TIMUR, SUMATERA SELATAN",13,114,76,190
https://kawalpemilu.org#19505,"SUKOMULYO, MARTAPURA, OGAN KOMERING ULU TIMUR, SUMATERA SELATAN",1,51,162,213
https://kawalpemilu.org#19505,"SUKOMULYO, MARTAPURA, OGAN KOMERING ULU TIMUR, SUMATERA SELATAN",2,97,146,243
https://kawalpemilu.org#19505,"SUKOMULYO, MARTAPURA, OGAN KOMERING ULU TIMUR, SUMATERA SELATAN",3,84,131,215
https://kawalpemilu.org#19505,"SUKOMULYO, MARTAPURA, OGAN KOMERING ULU TIMUR, SUMATERA SELATAN",4,75,124,199
https://kawalpemilu.org#19505,"SUKOMULYO, MARTAPURA, OGAN KOMERING ULU TIMUR, SUMATERA SELATAN",5,105,98,203
https://kawalpemilu.org#19506,"KOTABARU BARAT, MARTAPURA, OGAN KOMERING ULU TIMUR, SUMATERA SELATAN",1,70,176,246
https://kawalpemilu.org#19506,"KOTABARU BARAT, MARTAPURA, OGAN KOMERING ULU TIMUR, SUMATERA SELATAN",2,70,146,216
https://kawalpemilu.org#19506,"KOTABARU BARAT, MARTAPURA, OGAN KOMERING ULU TIMUR, SUMATERA SELATAN",3,56,141,197
https://kawalpemilu.org#19506,"KOTABARU BARAT, MARTAPURA, OGAN KOMERING ULU TIMUR, SUMATERA SELATAN",4,81,183,264
https://kawalpemilu.org#19506,"KOTABARU BARAT, MARTAPURA, OGAN KOMERING ULU TIMUR, SUMATERA SELATAN",5,111,150,261
https://kawalpemilu.org#19506,"KOTABARU BARAT, MARTAPURA, OGAN KOMERING ULU TIMUR, SUMATERA SELATAN",6,87,135,222
https://kawalpemilu.org#19506,"KOTABARU BARAT, MARTAPURA, OGAN KOMERING ULU TIMUR, SUMATERA SELATAN",7,72,176,248
https://kawalpemilu.org#19506,"KOTABARU BARAT, MARTAPURA, OGAN KOMERING ULU TIMUR, SUMATERA SELATAN",8,84,150,234
https://kawalpemilu.org#19506,"KOTABARU BARAT, MARTAPURA, OGAN KOMERING ULU TIMUR, SUMATERA SELATAN",9,90,139,229
https://kawalpemilu.org#19506,"KOTABARU BARAT, MARTAPURA, OGAN KOMERING ULU TIMUR, SUMATERA SELATAN",10,35,60,95
https://kawalpemilu.org#19507,"KOTABARU SELATAN, MARTAPURA, OGAN KOMERING ULU TIMUR, SUMATERA SELATAN",1,80,146,226
https://kawalpemilu.org#19507,"KOTABARU SELATAN, MARTAPURA, OGAN KOMERING ULU TIMUR, SUMATERA SELATAN",3,130,101,231
https://kawalpemilu.org#19507,"KOTABARU SELATAN, MARTAPURA, OGAN KOMERING ULU TIMUR, SUMATERA SELATAN",4,149,113,262
https://kawalpemilu.org#19507,"KOTABARU SELATAN, MARTAPURA, OGAN KOMERING ULU TIMUR, SUMATERA SELATAN",5,76,111,187
https://kawalpemilu.org#19507,"KOTABARU SELATAN, MARTAPURA, OGAN KOMERING ULU TIMUR, SUMATERA SELATAN",6,174,60,234
https://kawalpemilu.org#19507,"KOTABARU SELATAN, MARTAPURA, OGAN KOMERING ULU TIMUR, SUMATERA SELATAN",7,75,114,189
https://kawalpemilu.org#19507,"KOTABARU SELATAN, MARTAPURA, OGAN KOMERING ULU TIMUR, SUMATERA SELATAN",8,38,104,142
https://kawalpemilu.org#19508,"PERJAYA BARAT, MARTAPURA, OGAN KOMERING ULU TIMUR, SUMATERA SELATAN",1,59,145,204
https://kawalpemilu.org#19508,"PERJAYA BARAT, MARTAPURA, OGAN KOMERING ULU TIMUR, SUMATERA SELATAN",2,90,102,192
https://kawalpemilu.org#19508,"PERJAYA BARAT, MARTAPURA, OGAN KOMERING ULU TIMUR, SUMATERA SELATAN",3,60,140,200
https://kawalpemilu.org#19508,"PERJAYA BARAT, MARTAPURA, OGAN KOMERING ULU TIMUR, SUMATERA SELATAN",4,73,156,229
https://kawalpemilu.org#19508,"PERJAYA BARAT, MARTAPURA, OGAN KOMERING ULU TIMUR, SUMATERA SELATAN",5,62,131,193
https://kawalpemilu.org#19508,"PERJAYA BARAT, MARTAPURA, OGAN KOMERING ULU TIMUR, SUMATERA SELATAN",6,36,161,197
https://kawalpemilu.org#19509,"TANJUNG KEMALA BARAT, MARTAPURA, OGAN KOMERING ULU TIMUR, SUMATERA SELATAN",1,26,135,161
https://kawalpemilu.org#19509,"TANJUNG KEMALA BARAT, MARTAPURA, OGAN KOMERING ULU TIMUR, SUMATERA SELATAN",2,21,133,154
https://kawalpemilu.org#19509,"TANJUNG KEMALA BARAT, MARTAPURA, OGAN KOMERING ULU TIMUR, SUMATERA SELATAN",3,93,129,222
https://kawalpemilu.org#19509,"TANJUNG KEMALA BARAT, MARTAPURA, OGAN KOMERING ULU TIMUR, SUMATERA SELATAN",4,77,143,220
https://kawalpemilu.org#19511,"SUKA RAJA, BUAY MADANG, OGAN KOMERING ULU TIMUR, SUMATERA SELATAN",1,82,81,163
https://kawalpemilu.org#19511,"SUKA RAJA, BUAY MADANG, OGAN KOMERING ULU TIMUR, SUMATERA SELATAN",2,94,67,161
https://kawalpemilu.org#19511,"SUKA RAJA, BUAY MADANG, OGAN KOMERING ULU TIMUR, SUMATERA SELATAN",3,96,74,170
https://kawalpemilu.org#19511,"SUKA RAJA, BUAY MADANG, OGAN KOMERING ULU TIMUR, SUMATERA SELATAN",4,107,80,187
https://kawalpemilu.org#19511,"SUKA RAJA, BUAY MADANG, OGAN KOMERING ULU TIMUR, SUMATERA SELATAN",5,98,72,170
https://kawalpemilu.org#19511,"SUKA RAJA, BUAY MADANG, OGAN KOMERING ULU TIMUR, SUMATERA SELATAN",6,63,76,139
https://kawalpemilu.org#19511,"SUKA RAJA, BUAY MADANG, OGAN KOMERING ULU TIMUR, SUMATERA SELATAN",7,125,70,195
https://kawalpemilu.org#19511,"SUKA RAJA, BUAY MADANG, OGAN KOMERING ULU TIMUR, SUMATERA SELATAN",8,142,67,211
https://kawalpemilu.org#19511,"SUKA RAJA, BUAY MADANG, OGAN KOMERING ULU TIMUR, SUMATERA SELATAN",9,112,74,186
https://kawalpemilu.org#19511,"SUKA RAJA, BUAY MADANG, OGAN KOMERING ULU TIMUR, SUMATERA SELATAN",10,102,105,207
https://kawalpemilu.org#19511,"SUKA RAJA, BUAY MADANG, OGAN KOMERING ULU TIMUR, SUMATERA SELATAN",11,120,114,234
https://kawalpemilu.org#19511,"SUKA RAJA, BUAY MADANG, OGAN KOMERING ULU TIMUR, SUMATERA SELATAN",12,125,100,225
https://kawalpemilu.org#19511,"SUKA RAJA, BUAY MADANG, OGAN KOMERING ULU TIMUR, SUMATERA SELATAN",13,127,111,238
https://kawalpemilu.org#19511,"SUKA RAJA, BUAY MADANG, OGAN KOMERING ULU TIMUR, SUMATERA SELATAN",14,105,159,264
https://kawalpemilu.org#19512,"KURUNGAN NYAWA, BUAY MADANG, OGAN KOMERING ULU TIMUR, SUMATERA SELATAN",1,67,150,217
https://kawalpemilu.org#19512,"KURUNGAN NYAWA, BUAY MADANG, OGAN KOMERING ULU TIMUR, SUMATERA SELATAN",2,48,97,145
https://kawalpemilu.org#19512,"KURUNGAN NYAWA, BUAY MADANG, OGAN KOMERING ULU TIMUR, SUMATERA SELATAN",3,64,188,252
https://kawalpemilu.org#19512,"KURUNGAN NYAWA, BUAY MADANG, OGAN KOMERING ULU TIMUR, SUMATERA SELATAN",4,51,89,140
https://kawalpemilu.org#19512,"KURUNGAN NYAWA, BUAY MADANG, OGAN KOMERING ULU TIMUR, SUMATERA SELATAN",5,81,77,158
https://kawalpemilu.org#19512,"KURUNGAN NYAWA, BUAY MADANG, OGAN KOMERING ULU TIMUR, SUMATERA SELATAN",6,84,58,142
https://kawalpemilu.org#19512,"KURUNGAN NYAWA, BUAY MADANG, OGAN KOMERING ULU TIMUR, SUMATERA SELATAN",7,55,92,147
https://kawalpemilu.org#19512,"KURUNGAN NYAWA, BUAY MADANG, OGAN KOMERING ULU TIMUR, SUMATERA SELATAN",8,55,134,189
https://kawalpemilu.org#19512,"KURUNGAN NYAWA, BUAY MADANG, OGAN KOMERING ULU TIMUR, SUMATERA SELATAN",9,0,0,0
https://kawalpemilu.org#19512,"KURUNGAN NYAWA, BUAY MADANG, OGAN KOMERING ULU TIMUR, SUMATERA SELATAN",10,36,114,150
https://kawalpemilu.org#19512,"KURUNGAN NYAWA, BUAY MADANG, OGAN KOMERING ULU TIMUR, SUMATERA SELATAN",11,65,71,136
https://kawalpemilu.org#19512,"KURUNGAN NYAWA, BUAY MADANG, OGAN KOMERING ULU TIMUR, SUMATERA SELATAN",12,60,76,136
https://kawalpemilu.org#19512,"KURUNGAN NYAWA, BUAY MADANG, OGAN KOMERING ULU TIMUR, SUMATERA SELATAN",13,87,65,152
https://kawalpemilu.org#19512,"KURUNGAN NYAWA, BUAY MADANG, OGAN KOMERING ULU TIMUR, SUMATERA SELATAN",14,61,91,152
https://kawalpemilu.org#19512,"KURUNGAN NYAWA, BUAY MADANG, OGAN KOMERING ULU TIMUR, SUMATERA SELATAN",15,50,143,193
https://kawalpemilu.org#19513,"PISANG JAYA, BUAY MADANG, OGAN KOMERING ULU TIMUR, SUMATERA SELATAN",1,132,98,230
https://kawalpemilu.org#19513,"PISANG JAYA, BUAY MADANG, OGAN KOMERING ULU TIMUR, SUMATERA SELATAN",2,114,95,209
https://kawalpemilu.org#19513,"PISANG JAYA, BUAY MADANG, OGAN KOMERING ULU TIMUR, SUMATERA SELATAN",3,142,76,218
https://kawalpemilu.org#19514,"SUMBER AGUNG, BUAY MADANG, OGAN KOMERING ULU TIMUR, SUMATERA SELATAN",1,116,103,219
https://kawalpemilu.org#19514,"SUMBER AGUNG, BUAY MADANG, OGAN KOMERING ULU TIMUR, SUMATERA SELATAN",2,95,122,217
https://kawalpemilu.org#19514,"SUMBER AGUNG, BUAY MADANG, OGAN KOMERING ULU TIMUR, SUMATERA SELATAN",3,114,120,234
https://kawalpemilu.org#19514,"SUMBER AGUNG, BUAY MADANG, OGAN KOMERING ULU TIMUR, SUMATERA SELATAN",4,94,130,224
https://kawalpemilu.org#19514,"SUMBER AGUNG, BUAY MADANG, OGAN KOMERING ULU TIMUR, SUMATERA SELATAN",5,102,95,197
https://kawalpemilu.org#19515,"TEBAT JAYA, BUAY MADANG, OGAN KOMERING ULU TIMUR, SUMATERA SELATAN",1,117,117,234
https://kawalpemilu.org#19515,"TEBAT JAYA, BUAY MADANG, OGAN KOMERING ULU TIMUR, SUMATERA SELATAN",2,157,78,235
https://kawalpemilu.org#19515,"TEBAT JAYA, BUAY MADANG, OGAN KOMERING ULU TIMUR, SUMATERA SELATAN",3,77,69,146
https://kawalpemilu.org#19515,"TEBAT JAYA, BUAY MADANG, OGAN KOMERING ULU TIMUR, SUMATERA SELATAN",4,85,109,194
https://kawalpemilu.org#19515,"TEBAT JAYA, BUAY MADANG, OGAN KOMERING ULU TIMUR, SUMATERA SELATAN",5,99,117,216
https://kawalpemilu.org#19515,"TEBAT JAYA, BUAY MADANG, OGAN KOMERING ULU TIMUR, SUMATERA SELATAN",6,80,130,210
https://kawalpemilu.org#19515,"TEBAT JAYA, BUAY MADANG, OGAN KOMERING ULU TIMUR, SUMATERA SELATAN",7,107,110,217
https://kawalpemilu.org#19515,"TEBAT JAYA, BUAY MADANG, OGAN KOMERING ULU TIMUR, SUMATERA SELATAN",8,113,57,170
https://kawalpemilu.org#19515,"TEBAT JAYA, BUAY MADANG, OGAN KOMERING ULU TIMUR, SUMATERA SELATAN",9,93,121,214
https://kawalpemilu.org#19515,"TEBAT JAYA, BUAY MADANG, OGAN KOMERING ULU TIMUR, SUMATERA SELATAN",10,154,97,251
https://kawalpemilu.org#19515,"TEBAT JAYA, BUAY MADANG, OGAN KOMERING ULU TIMUR, SUMATERA SELATAN",11,66,134,200
https://kawalpemilu.org#19515,"TEBAT JAYA, BUAY MADANG, OGAN KOMERING ULU TIMUR, SUMATERA SELATAN",12,76,128,204
https://kawalpemilu.org#19515,"TEBAT JAYA, BUAY MADANG, OGAN KOMERING ULU TIMUR, SUMATERA SELATAN",13,53,117,170
https://kawalpemilu.org#19516,"SRIDADI, BUAY MADANG, OGAN KOMERING ULU TIMUR, SUMATERA SELATAN",1,59,77,136
https://kawalpemilu.org#19516,"SRIDADI, BUAY MADANG, OGAN KOMERING ULU TIMUR, SUMATERA SELATAN",2,81,92,173
https://kawalpemilu.org#19516,"SRIDADI, BUAY MADANG, OGAN KOMERING ULU TIMUR, SUMATERA SELATAN",3,56,78,134
https://kawalpemilu.org#19516,"SRIDADI, BUAY MADANG, OGAN KOMERING ULU TIMUR, SUMATERA SELATAN",4,39,95,134
https://kawalpemilu.org#19516,"SRIDADI, BUAY MADANG, OGAN KOMERING ULU TIMUR, SUMATERA SELATAN",5,91,66,157
https://kawalpemilu.org#19516,"SRIDADI, BUAY MADANG, OGAN KOMERING ULU TIMUR, SUMATERA SELATAN",6,63,126,189
https://kawalpemilu.org#19516,"SRIDADI, BUAY MADANG, OGAN KOMERING ULU TIMUR, SUMATERA SELATAN",7,43,89,132
https://kawalpemilu.org#19516,"SRIDADI, BUAY MADANG, OGAN KOMERING ULU TIMUR, SUMATERA SELATAN",8,71,76,147
https://kawalpemilu.org#19517,"TANJUNG BULAN, BUAY MADANG, OGAN KOMERING ULU TIMUR, SUMATERA SELATAN",1,106,139,245
https://kawalpemilu.org#19517,"TANJUNG BULAN, BUAY MADANG, OGAN KOMERING ULU TIMUR, SUMATERA SELATAN",2,42,111,153
https://kawalpemilu.org#19517,"TANJUNG BULAN, BUAY MADANG, OGAN KOMERING ULU TIMUR, SUMATERA SELATAN",3,43,85,128
https://kawalpemilu.org#19517,"TANJUNG BULAN, BUAY MADANG, OGAN KOMERING ULU TIMUR, SUMATERA SELATAN",4,84,76,160
https://kawalpemilu.org#19517,"TANJUNG BULAN, BUAY MADANG, OGAN KOMERING ULU TIMUR, SUMATERA SELATAN",5,26,143,169
https://kawalpemilu.org#19517,"TANJUNG BULAN, BUAY MADANG, OGAN KOMERING ULU TIMUR, SUMATERA SELATAN",6,84,74,158
https://kawalpemilu.org#19517,"TANJUNG BULAN, BUAY MADANG, OGAN KOMERING ULU TIMUR, SUMATERA SELATAN",7,23,105,128
https://kawalpemilu.org#19517,"TANJUNG BULAN, BUAY MADANG, OGAN KOMERING ULU TIMUR, SUMATERA SELATAN",8,43,109,152
https://kawalpemilu.org#19517,"TANJUNG BULAN, BUAY MADANG, OGAN KOMERING ULU TIMUR, SUMATERA SELATAN",9,31,110,141
https://kawalpemilu.org#19517,"TANJUNG BULAN, BUAY MADANG, OGAN KOMERING ULU TIMUR, SUMATERA SELATAN",11,97,74,171
https://kawalpemilu.org#19518,"WAY HALOM, BUAY MADANG, OGAN KOMERING ULU TIMUR, SUMATERA SELATAN",1,83,120,203
https://kawalpemilu.org#19518,"WAY HALOM, BUAY MADANG, OGAN KOMERING ULU TIMUR, SUMATERA SELATAN",2,67,120,187
https://kawalpemilu.org#19518,"WAY HALOM, BUAY MADANG, OGAN KOMERING ULU TIMUR, SUMATERA SELATAN",3,62,153,215
https://kawalpemilu.org#19518,"WAY HALOM, BUAY MADANG, OGAN KOMERING ULU TIMUR, SUMATERA SELATAN",4,83,150,233
https://kawalpemilu.org#19518,"WAY HALOM, BUAY MADANG, OGAN KOMERING ULU TIMUR, SUMATERA SELATAN",5,85,114,199
https://kawalpemilu.org#19518,"WAY HALOM, BUAY MADANG, OGAN KOMERING ULU TIMUR, SUMATERA SELATAN",6,69,95,164
https://kawalpemilu.org#19518,"WAY HALOM, BUAY MADANG, OGAN KOMERING ULU TIMUR, SUMATERA SELATAN",7,57,87,144
https://kawalpemilu.org#19518,"WAY HALOM, BUAY MADANG, OGAN KOMERING ULU TIMUR, SUMATERA SELATAN",8,38,130,168
https://kawalpemilu.org#19519,"KURUNGAN NYAWA I, BUAY MADANG, OGAN KOMERING ULU TIMUR, SUMATERA SELATAN",1,100,91,191
https://kawalpemilu.org#19519,"KURUNGAN NYAWA I, BUAY MADANG, OGAN KOMERING ULU TIMUR, SUMATERA SELATAN",2,114,55,169
https://kawalpemilu.org#19519,"KURUNGAN NYAWA I, BUAY MADANG, OGAN KOMERING ULU TIMUR, SUMATERA SELATAN",3,88,74,162
https://kawalpemilu.org#19519,"KURUNGAN NYAWA I, BUAY MADANG, OGAN KOMERING ULU TIMUR, SUMATERA SELATAN",4,101,78,179
https://kawalpemilu.org#19519,"KURUNGAN NYAWA I, BUAY MADANG, OGAN KOMERING ULU TIMUR, SUMATERA SELATAN",5,77,99,176
https://kawalpemilu.org#19519,"KURUNGAN NYAWA I, BUAY MADANG, OGAN KOMERING ULU TIMUR, SUMATERA SELATAN",6,61,108,169
https://kawalpemilu.org#19519,"KURUNGAN NYAWA I, BUAY MADANG, OGAN KOMERING ULU TIMUR, SUMATERA SELATAN",7,84,125,209
https://kawalpemilu.org#19519,"KURUNGAN NYAWA I, BUAY MADANG, OGAN KOMERING ULU TIMUR, SUMATERA SELATAN",8,92,80,172
https://kawalpemilu.org#19519,"KURUNGAN NYAWA I, BUAY MADANG, OGAN KOMERING ULU TIMUR, SUMATERA SELATAN",9,125,59,184
https://kawalpemilu.org#19520,"KURUNGAN NYAWA II, BUAY MADANG, OGAN KOMERING ULU TIMUR, SUMATERA SELATAN",1,86,192,278
https://kawalpemilu.org#19520,"KURUNGAN NYAWA II, BUAY MADANG, OGAN KOMERING ULU TIMUR, SUMATERA SELATAN",2,100,138,238
https://kawalpemilu.org#19520,"KURUNGAN NYAWA II, BUAY MADANG, OGAN KOMERING ULU TIMUR, SUMATERA SELATAN",3,99,159,258
https://kawalpemilu.org#19520,"KURUNGAN NYAWA II, BUAY MADANG, OGAN KOMERING ULU TIMUR, SUMATERA SELATAN",4,90,89,179
https://kawalpemilu.org#19520,"KURUNGAN NYAWA II, BUAY MADANG, OGAN KOMERING ULU TIMUR, SUMATERA SELATAN",5,144,113,257
https://kawalpemilu.org#19520,"KURUNGAN NYAWA II, BUAY MADANG, OGAN KOMERING ULU TIMUR, SUMATERA SELATAN",6,57,137,194
https://kawalpemilu.org#19521,"KURUNGAN NYAWA III, BUAY MADANG, OGAN KOMERING ULU TIMUR, SUMATERA SELATAN",1,87,127,214
https://kawalpemilu.org#19521,"KURUNGAN NYAWA III, BUAY MADANG, OGAN KOMERING ULU TIMUR, SUMATERA SELATAN",2,81,129,210
https://kawalpemilu.org#19521,"KURUNGAN NYAWA III, BUAY MADANG, OGAN KOMERING ULU TIMUR, SUMATERA SELATAN",3,98,110,208
https://kawalpemilu.org#19521,"KURUNGAN NYAWA III, BUAY MADANG, OGAN KOMERING ULU TIMUR, SUMATERA SELATAN",4,83,125,208
https://kawalpemilu.org#19522,"CIPTA MUDA, BUAY MADANG, OGAN KOMERING ULU TIMUR, SUMATERA SELATAN",1,71,162,233
https://kawalpemilu.org#19522,"CIPTA MUDA, BUAY MADANG, OGAN KOMERING ULU TIMUR, SUMATERA SELATAN",2,101,130,231
https://kawalpemilu.org#19522,"CIPTA MUDA, BUAY MADANG, OGAN KOMERING ULU TIMUR, SUMATERA SELATAN",3,78,118,196
https://kawalpemilu.org#19522,"CIPTA MUDA, BUAY MADANG, OGAN KOMERING ULU TIMUR, SUMATERA SELATAN",4,111,128,239
https://kawalpemilu.org#19522,"CIPTA MUDA, BUAY MADANG, OGAN KOMERING ULU TIMUR, SUMATERA SELATAN",5,80,142,222
https://kawalpemilu.org#19523,"AMAN JAYA, BUAY MADANG, OGAN KOMERING ULU TIMUR, SUMATERA SELATAN",1,56,126,182
https://kawalpemilu.org#19523,"AMAN JAYA, BUAY MADANG, OGAN KOMERING ULU TIMUR, SUMATERA SELATAN",2,83,103,186
https://kawalpemilu.org#19523,"AMAN JAYA, BUAY MADANG, OGAN KOMERING ULU TIMUR, SUMATERA SELATAN",6,86,121,207
https://kawalpemilu.org#19524,"MULYO AGUNG, BUAY MADANG, OGAN KOMERING ULU TIMUR, SUMATERA SELATAN",1,78,118,196
https://kawalpemilu.org#19524,"MULYO AGUNG, BUAY MADANG, OGAN KOMERING ULU TIMUR, SUMATERA SELATAN",2,91,122,213
https://kawalpemilu.org#19524,"MULYO AGUNG, BUAY MADANG, OGAN KOMERING ULU TIMUR, SUMATERA SELATAN",3,88,95,183
https://kawalpemilu.org#19524,"MULYO AGUNG, BUAY MADANG, OGAN KOMERING ULU TIMUR, SUMATERA SELATAN",4,94,120,214
https://kawalpemilu.org#19524,"MULYO AGUNG, BUAY MADANG, OGAN KOMERING ULU TIMUR, SUMATERA SELATAN",5,55,158,213
https://kawalpemilu.org#19525,"SUKARAJA TUHA, BUAY MADANG, OGAN KOMERING ULU TIMUR, SUMATERA SELATAN",1,72,135,207
https://kawalpemilu.org#19525,"SUKARAJA TUHA, BUAY MADANG, OGAN KOMERING ULU TIMUR, SUMATERA SELATAN",2,52,168,220
https://kawalpemilu.org#19525,"SUKARAJA TUHA, BUAY MADANG, OGAN KOMERING ULU TIMUR, SUMATERA SELATAN",3,90,142,232
https://kawalpemilu.org#19525,"SUKARAJA TUHA, BUAY MADANG, OGAN KOMERING ULU TIMUR, SUMATERA SELATAN",4,72,131,203
https://kawalpemilu.org#19526,"GANJAR AGUNG, BUAY MADANG, OGAN KOMERING ULU TIMUR, SUMATERA SELATAN",1,64,92,156
https://kawalpemilu.org#19526,"GANJAR AGUNG, BUAY MADANG, OGAN KOMERING ULU TIMUR, SUMATERA SELATAN",2,124,92,216
https://kawalpemilu.org#19526,"GANJAR AGUNG, BUAY MADANG, OGAN KOMERING ULU TIMUR, SUMATERA SELATAN",3,43,105,148
https://kawalpemilu.org#19526,"GANJAR AGUNG, BUAY MADANG, OGAN KOMERING ULU TIMUR, SUMATERA SELATAN",4,32,97,129
https://kawalpemilu.org#19527,"MUDA SENTOSA, BUAY MADANG, OGAN KOMERING ULU TIMUR, SUMATERA SELATAN",1,27,192,219
https://kawalpemilu.org#19527,"MUDA SENTOSA, BUAY MADANG, OGAN KOMERING ULU TIMUR, SUMATERA SELATAN",2,43,169,212
https://kawalpemilu.org#19527,"MUDA SENTOSA, BUAY MADANG, OGAN KOMERING ULU TIMUR, SUMATERA SELATAN",3,96,67,163
https://kawalpemilu.org#19527,"MUDA SENTOSA, BUAY MADANG, OGAN KOMERING ULU TIMUR, SUMATERA SELATAN",4,171,76,247
https://kawalpemilu.org#19529,"SIDO RAHAYU, BELITANG, OGAN KOMERING ULU TIMUR, SUMATERA SELATAN",1,68,128,196
https://kawalpemilu.org#19529,"SIDO RAHAYU, BELITANG, OGAN KOMERING ULU TIMUR, SUMATERA SELATAN",2,65,128,193
https://kawalpemilu.org#19529,"SIDO RAHAYU, BELITANG, OGAN KOMERING ULU TIMUR, SUMATERA SELATAN",3,107,151,258
https://kawalpemilu.org#19529,"SIDO RAHAYU, BELITANG, OGAN KOMERING ULU TIMUR, SUMATERA SELATAN",4,122,120,242
https://kawalpemilu.org#19529,"SIDO RAHAYU, BELITANG, OGAN KOMERING ULU TIMUR, SUMATERA SELATAN",5,96,129,225
https://kawalpemilu.org#19529,"SIDO RAHAYU, BELITANG, OGAN KOMERING ULU TIMUR, SUMATERA SELATAN",6,40,171,211
https://kawalpemilu.org#19529,"SIDO RAHAYU, BELITANG, OGAN KOMERING ULU TIMUR, SUMATERA SELATAN",7,104,72,176
https://kawalpemilu.org#19529,"SIDO RAHAYU, BELITANG, OGAN KOMERING ULU TIMUR, SUMATERA SELATAN",8,130,99,229
https://kawalpemilu.org#19530,"TAWANG REJO, BELITANG, OGAN KOMERING ULU TIMUR, SUMATERA SELATAN",1,89,98,187
https://kawalpemilu.org#19530,"TAWANG REJO, BELITANG, OGAN KOMERING ULU TIMUR, SUMATERA SELATAN",2,64,138,202
https://kawalpemilu.org#19530,"TAWANG REJO, BELITANG, OGAN KOMERING ULU TIMUR, SUMATERA SELATAN",3,78,120,198
https://kawalpemilu.org#19530,"TAWANG REJO, BELITANG, OGAN KOMERING ULU TIMUR, SUMATERA SELATAN",4,54,153,207
https://kawalpemilu.org#19530,"TAWANG REJO, BELITANG, OGAN KOMERING ULU TIMUR, SUMATERA SELATAN",5,104,88,192
https://kawalpemilu.org#19530,"TAWANG REJO, BELITANG, OGAN KOMERING ULU TIMUR, SUMATERA SELATAN",6,109,91,200
https://kawalpemilu.org#19531,"TANJUNG RAYA, BELITANG, OGAN KOMERING ULU TIMUR, SUMATERA SELATAN",1,69,59,128
https://kawalpemilu.org#19531,"TANJUNG RAYA, BELITANG, OGAN KOMERING ULU TIMUR, SUMATERA SELATAN",2,50,150,200
https://kawalpemilu.org#19531,"TANJUNG RAYA, BELITANG, OGAN KOMERING ULU TIMUR, SUMATERA SELATAN",3,83,82,165
https://kawalpemilu.org#19531,"TANJUNG RAYA, BELITANG, OGAN KOMERING ULU TIMUR, SUMATERA SELATAN",4,54,109,163
https://kawalpemilu.org#19531,"TANJUNG RAYA, BELITANG, OGAN KOMERING ULU TIMUR, SUMATERA SELATAN",5,53,76,129
https://kawalpemilu.org#19532,"SIDO MULYO, BELITANG, OGAN KOMERING ULU TIMUR, SUMATERA SELATAN",1,151,101,252
https://kawalpemilu.org#19532,"SIDO MULYO, BELITANG, OGAN KOMERING ULU TIMUR, SUMATERA SELATAN",2,134,112,246
https://kawalpemilu.org#19532,"SIDO MULYO, BELITANG, OGAN KOMERING ULU TIMUR, SUMATERA SELATAN",3,151,102,253
https://kawalpemilu.org#19532,"SIDO MULYO, BELITANG, OGAN KOMERING ULU TIMUR, SUMATERA SELATAN",4,105,116,221
https://kawalpemilu.org#19532,"SIDO MULYO, BELITANG, OGAN KOMERING ULU TIMUR, SUMATERA SELATAN",5,142,132,274
https://kawalpemilu.org#19532,"SIDO MULYO, BELITANG, OGAN KOMERING ULU TIMUR, SUMATERA SELATAN",6,111,139,250
https://kawalpemilu.org#19532,"SIDO MULYO, BELITANG, OGAN KOMERING ULU TIMUR, SUMATERA SELATAN",7,80,172,252
https://kawalpemilu.org#19532,"SIDO MULYO, BELITANG, OGAN KOMERING ULU TIMUR, SUMATERA SELATAN",9,73,61,134
https://kawalpemilu.org#19532,"SIDO MULYO, BELITANG, OGAN KOMERING ULU TIMUR, SUMATERA SELATAN",10,92,97,189
https://kawalpemilu.org#19532,"SIDO MULYO, BELITANG, OGAN KOMERING ULU TIMUR, SUMATERA SELATAN",11,121,90,211
https://kawalpemilu.org#19532,"SIDO MULYO, BELITANG, OGAN KOMERING ULU TIMUR, SUMATERA SELATAN",12,123,136,259
https://kawalpemilu.org#19532,"SIDO MULYO, BELITANG, OGAN KOMERING ULU TIMUR, SUMATERA SELATAN",13,103,108,211
https://kawalpemilu.org#19532,"SIDO MULYO, BELITANG, OGAN KOMERING ULU TIMUR, SUMATERA SELATAN",14,123,78,201
https://kawalpemilu.org#19532,"SIDO MULYO, BELITANG, OGAN KOMERING ULU TIMUR, SUMATERA SELATAN",15,121,57,178
https://kawalpemilu.org#19533,"HARJO WINANGUN, BELITANG, OGAN KOMERING ULU TIMUR, SUMATERA SELATAN",1,41,137,178
https://kawalpemilu.org#19533,"HARJO WINANGUN, BELITANG, OGAN KOMERING ULU TIMUR, SUMATERA SELATAN",2,73,134,207
https://kawalpemilu.org#19533,"HARJO WINANGUN, BELITANG, OGAN KOMERING ULU TIMUR, SUMATERA SELATAN",3,73,92,165
https://kawalpemilu.org#19533,"HARJO WINANGUN, BELITANG, OGAN KOMERING ULU TIMUR, SUMATERA SELATAN",4,51,132,183
https://kawalpemilu.org#19533,"HARJO WINANGUN, BELITANG, OGAN KOMERING ULU TIMUR, SUMATERA SELATAN",5,92,150,242
https://kawalpemilu.org#19533,"HARJO WINANGUN, BELITANG, OGAN KOMERING ULU TIMUR, SUMATERA SELATAN",6,102,125,227
https://kawalpemilu.org#19533,"HARJO WINANGUN, BELITANG, OGAN KOMERING ULU TIMUR, SUMATERA SELATAN",7,48,99,147
https://kawalpemilu.org#19533,"HARJO WINANGUN, BELITANG, OGAN KOMERING ULU TIMUR, SUMATERA SELATAN",8,68,121,189
https://kawalpemilu.org#19534,"PUJO RAHAYU, BELITANG, OGAN KOMERING ULU TIMUR, SUMATERA SELATAN",1,87,100,187
https://kawalpemilu.org#19534,"PUJO RAHAYU, BELITANG, OGAN KOMERING ULU TIMUR, SUMATERA SELATAN",2,93,147,240
https://kawalpemilu.org#19534,"PUJO RAHAYU, BELITANG, OGAN KOMERING ULU TIMUR, SUMATERA SELATAN",3,89,130,219
https://kawalpemilu.org#19534,"PUJO RAHAYU, BELITANG, OGAN KOMERING ULU TIMUR, SUMATERA SELATAN",4,78,166,244
https://kawalpemilu.org#19534,"PUJO RAHAYU, BELITANG, OGAN KOMERING ULU TIMUR, SUMATERA SELATAN",5,85,128,213
https://kawalpemilu.org#19534,"PUJO RAHAYU, BELITANG, OGAN KOMERING ULU TIMUR, SUMATERA SELATAN",6,99,100,199
https://kawalpemilu.org#19534,"PUJO RAHAYU, BELITANG, OGAN KOMERING ULU TIMUR, SUMATERA SELATAN",7,82,124,206
https://kawalpemilu.org#19535,"TRIYOSO, BELITANG, OGAN KOMERING ULU TIMUR, SUMATERA SELATAN",1,77,110,187
https://kawalpemilu.org#19535,"TRIYOSO, BELITANG, OGAN KOMERING ULU TIMUR, SUMATERA SELATAN",2,66,87,153
https://kawalpemilu.org#19535,"TRIYOSO, BELITANG, OGAN KOMERING ULU TIMUR, SUMATERA SELATAN",3,60,134,194
https://kawalpemilu.org#19535,"TRIYOSO, BELITANG, OGAN KOMERING ULU TIMUR, SUMATERA SELATAN",4,181,40,221
https://kawalpemilu.org#19535,"TRIYOSO, BELITANG, OGAN KOMERING ULU TIMUR, SUMATERA SELATAN",5,59,105,164
https://kawalpemilu.org#19535,"TRIYOSO, BELITANG, OGAN KOMERING ULU TIMUR, SUMATERA SELATAN",6,66,66,132
https://kawalpemilu.org#19536,"SUMBER SUKO, BELITANG, OGAN KOMERING ULU TIMUR, SUMATERA SELATAN",1,36,156,192
https://kawalpemilu.org#19536,"SUMBER SUKO, BELITANG, OGAN KOMERING ULU TIMUR, SUMATERA SELATAN",2,58,194,252
https://kawalpemilu.org#19536,"SUMBER SUKO, BELITANG, OGAN KOMERING ULU TIMUR, SUMATERA SELATAN",3,44,179,223
https://kawalpemilu.org#19536,"SUMBER SUKO, BELITANG, OGAN KOMERING ULU TIMUR, SUMATERA SELATAN",4,21,133,154
https://kawalpemilu.org#19536,"SUMBER SUKO, BELITANG, OGAN KOMERING ULU TIMUR, SUMATERA SELATAN",5,32,131,163
https://kawalpemilu.org#19536,"SUMBER SUKO, BELITANG, OGAN KOMERING ULU TIMUR, SUMATERA SELATAN",6,65,132,197
https://kawalpemilu.org#19537,"SUKO SARI, BELITANG, OGAN KOMERING ULU TIMUR, SUMATERA SELATAN",1,66,131,197
https://kawalpemilu.org#19537,"SUKO SARI, BELITANG, OGAN KOMERING ULU TIMUR, SUMATERA SELATAN",2,85,98,183
https://kawalpemilu.org#19537,"SUKO SARI, BELITANG, OGAN KOMERING ULU TIMUR, SUMATERA SELATAN",3,62,135,197
https://kawalpemilu.org#19537,"SUKO SARI, BELITANG, OGAN KOMERING ULU TIMUR, SUMATERA SELATAN",4,80,138,218
https://kawalpemilu.org#19538,"GUMAWANG, BELITANG, OGAN KOMERING ULU TIMUR, SUMATERA SELATAN",1,61,97,158
https://kawalpemilu.org#19538,"GUMAWANG, BELITANG, OGAN KOMERING ULU TIMUR, SUMATERA SELATAN",2,72,128,200
https://kawalpemilu.org#19538,"GUMAWANG, BELITANG, OGAN KOMERING ULU TIMUR, SUMATERA SELATAN",3,70,67,137
https://kawalpemilu.org#19538,"GUMAWANG, BELITANG, OGAN KOMERING ULU TIMUR, SUMATERA SELATAN",4,31,119,150
https://kawalpemilu.org#19538,"GUMAWANG, BELITANG, OGAN KOMERING ULU TIMUR, SUMATERA SELATAN",5,89,144,233
https://kawalpemilu.org#19538,"GUMAWANG, BELITANG, OGAN KOMERING ULU TIMUR, SUMATERA SELATAN",6,49,131,180
https://kawalpemilu.org#19538,"GUMAWANG, BELITANG, OGAN KOMERING ULU TIMUR, SUMATERA SELATAN",7,85,111,196
https://kawalpemilu.org#19538,"GUMAWANG, BELITANG, OGAN KOMERING ULU TIMUR, SUMATERA SELATAN",8,48,116,164
https://kawalpemilu.org#19538,"GUMAWANG, BELITANG, OGAN KOMERING ULU TIMUR, SUMATERA SELATAN",9,73,128,201
https://kawalpemilu.org#19538,"GUMAWANG, BELITANG, OGAN KOMERING ULU TIMUR, SUMATERA SELATAN",10,80,138,218
https://kawalpemilu.org#19538,"GUMAWANG, BELITANG, OGAN KOMERING ULU TIMUR, SUMATERA SELATAN",11,42,165,207
https://kawalpemilu.org#19538,"GUMAWANG, BELITANG, OGAN KOMERING ULU TIMUR, SUMATERA SELATAN",12,76,129,205
https://kawalpemilu.org#19538,"GUMAWANG, BELITANG, OGAN KOMERING ULU TIMUR, SUMATERA SELATAN",13,89,117,206
https://kawalpemilu.org#19538,"GUMAWANG, BELITANG, OGAN KOMERING ULU TIMUR, SUMATERA SELATAN",14,67,97,164
https://kawalpemilu.org#19538,"GUMAWANG, BELITANG, OGAN KOMERING ULU TIMUR, SUMATERA SELATAN",15,69,129,198
https://kawalpemilu.org#19538,"GUMAWANG, BELITANG, OGAN KOMERING ULU TIMUR, SUMATERA SELATAN",16,101,112,213
https://kawalpemilu.org#19538,"GUMAWANG, BELITANG, OGAN KOMERING ULU TIMUR, SUMATERA SELATAN",17,58,94,152
https://kawalpemilu.org#19538,"GUMAWANG, BELITANG, OGAN KOMERING ULU TIMUR, SUMATERA SELATAN",18,25,130,155
https://kawalpemilu.org#19538,"GUMAWANG, BELITANG, OGAN KOMERING ULU TIMUR, SUMATERA SELATAN",19,62,103,165
https://kawalpemilu.org#19538,"GUMAWANG, BELITANG, OGAN KOMERING ULU TIMUR, SUMATERA SELATAN",20,53,100,153
https://kawalpemilu.org#19539,"BEDILAN, BELITANG, OGAN KOMERING ULU TIMUR, SUMATERA SELATAN",1,95,72,167
https://kawalpemilu.org#19539,"BEDILAN, BELITANG, OGAN KOMERING ULU TIMUR, SUMATERA SELATAN",2,137,66,203
https://kawalpemilu.org#19539,"BEDILAN, BELITANG, OGAN KOMERING ULU TIMUR, SUMATERA SELATAN",3,117,97,214
https://kawalpemilu.org#19539,"BEDILAN, BELITANG, OGAN KOMERING ULU TIMUR, SUMATERA SELATAN",4,71,126,197
https://kawalpemilu.org#19539,"BEDILAN, BELITANG, OGAN KOMERING ULU TIMUR, SUMATERA SELATAN",5,91,140,231
https://kawalpemilu.org#19539,"BEDILAN, BELITANG, OGAN KOMERING ULU TIMUR, SUMATERA SELATAN",6,101,103,204
https://kawalpemilu.org#19539,"BEDILAN, BELITANG, OGAN KOMERING ULU TIMUR, SUMATERA SELATAN",7,125,90,215
https://kawalpemilu.org#19539,"BEDILAN, BELITANG, OGAN KOMERING ULU TIMUR, SUMATERA SELATAN",8,71,112,183
https://kawalpemilu.org#19539,"BEDILAN, BELITANG, OGAN KOMERING ULU TIMUR, SUMATERA SELATAN",9,45,81,126
https://kawalpemilu.org#19540,"TEGAL REJO, BELITANG, OGAN KOMERING ULU TIMUR, SUMATERA SELATAN",3,105,99,204
https://kawalpemilu.org#19540,"TEGAL REJO, BELITANG, OGAN KOMERING ULU TIMUR, SUMATERA SELATAN",4,87,129,216
https://kawalpemilu.org#19540,"TEGAL REJO, BELITANG, OGAN KOMERING ULU TIMUR, SUMATERA SELATAN",5,107,99,206
https://kawalpemilu.org#19540,"TEGAL REJO, BELITANG, OGAN KOMERING ULU TIMUR, SUMATERA SELATAN",6,92,98,190
https://kawalpemilu.org#19540,"TEGAL REJO, BELITANG, OGAN KOMERING ULU TIMUR, SUMATERA SELATAN",7,116,77,193
https://kawalpemilu.org#19540,"TEGAL REJO, BELITANG, OGAN KOMERING ULU TIMUR, SUMATERA SELATAN",8,162,28,190
https://kawalpemilu.org#19540,"TEGAL REJO, BELITANG, OGAN KOMERING ULU TIMUR, SUMATERA SELATAN",9,147,49,196
https://kawalpemilu.org#19541,"SIDO GEDE, BELITANG, OGAN KOMERING ULU TIMUR, SUMATERA SELATAN",1,59,134,193
https://kawalpemilu.org#19541,"SIDO GEDE, BELITANG, OGAN KOMERING ULU TIMUR, SUMATERA SELATAN",2,65,120,185
https://kawalpemilu.org#19541,"SIDO GEDE, BELITANG, OGAN KOMERING ULU TIMUR, SUMATERA SELATAN",3,63,134,197
https://kawalpemilu.org#19541,"SIDO GEDE, BELITANG, OGAN KOMERING ULU TIMUR, SUMATERA SELATAN",4,91,111,202
https://kawalpemilu.org#19541,"SIDO GEDE, BELITANG, OGAN KOMERING ULU TIMUR, SUMATERA SELATAN",5,59,133,192
https://kawalpemilu.org#19541,"SIDO GEDE, BELITANG, OGAN KOMERING ULU TIMUR, SUMATERA SELATAN",6,72,110,182
https://kawalpemilu.org#19541,"SIDO GEDE, BELITANG, OGAN KOMERING ULU TIMUR, SUMATERA SELATAN",7,82,96,178
https://kawalpemilu.org#19541,"SIDO GEDE, BELITANG, OGAN KOMERING ULU TIMUR, SUMATERA SELATAN",8,94,81,175
https://kawalpemilu.org#19542,"SIDO MAKMUR, BELITANG, OGAN KOMERING ULU TIMUR, SUMATERA SELATAN",1,95,102,197
https://kawalpemilu.org#19542,"SIDO MAKMUR, BELITANG, OGAN KOMERING ULU TIMUR, SUMATERA SELATAN",2,99,85,184
https://kawalpemilu.org#19542,"SIDO MAKMUR, BELITANG, OGAN KOMERING ULU TIMUR, SUMATERA SELATAN",3,103,82,185
https://kawalpemilu.org#19542,"SIDO MAKMUR, BELITANG, OGAN KOMERING ULU TIMUR, SUMATERA SELATAN",4,108,108,216
https://kawalpemilu.org#19542,"SIDO MAKMUR, BELITANG, OGAN KOMERING ULU TIMUR, SUMATERA SELATAN",5,63,150,213
https://kawalpemilu.org#19542,"SIDO MAKMUR, BELITANG, OGAN KOMERING ULU TIMUR, SUMATERA SELATAN",6,92,95,187
https://kawalpemilu.org#19542,"SIDO MAKMUR, BELITANG, OGAN KOMERING ULU TIMUR, SUMATERA SELATAN",7,75,145,220
https://kawalpemilu.org#19543,"SUKA JADI, BELITANG, OGAN KOMERING ULU TIMUR, SUMATERA SELATAN",1,54,129,183
https://kawalpemilu.org#19543,"SUKA JADI, BELITANG, OGAN KOMERING ULU TIMUR, SUMATERA SELATAN",2,41,109,150
https://kawalpemilu.org#19544,"SERBA GUNA, BELITANG, OGAN KOMERING ULU TIMUR, SUMATERA SELATAN",1,94,132,226
https://kawalpemilu.org#19544,"SERBA GUNA, BELITANG, OGAN KOMERING ULU TIMUR, SUMATERA SELATAN",2,91,42,133
https://kawalpemilu.org#19545,"SUKARAMI, BELITANG, OGAN KOMERING ULU TIMUR, SUMATERA SELATAN",1,52,137,189
https://kawalpemilu.org#19545,"SUKARAMI, BELITANG, OGAN KOMERING ULU TIMUR, SUMATERA SELATAN",2,78,127,205
https://kawalpemilu.org#19545,"SUKARAMI, BELITANG, OGAN KOMERING ULU TIMUR, SUMATERA SELATAN",3,72,149,221
https://kawalpemilu.org#19545,"SUKARAMI, BELITANG, OGAN KOMERING ULU TIMUR, SUMATERA SELATAN",4,79,119,198
https://kawalpemilu.org#19545,"SUKARAMI, BELITANG, OGAN KOMERING ULU TIMUR, SUMATERA SELATAN",5,117,107,224
https://kawalpemilu.org#19545,"SUKARAMI, BELITANG, OGAN KOMERING ULU TIMUR, SUMATERA SELATAN",6,151,51,202
https://kawalpemilu.org#19546,"GEDUNG REJO, BELITANG, OGAN KOMERING ULU TIMUR, SUMATERA SELATAN",1,90,102,192
https://kawalpemilu.org#19546,"GEDUNG REJO, BELITANG, OGAN KOMERING ULU TIMUR, SUMATERA SELATAN",2,101,127,228
https://kawalpemilu.org#19546,"GEDUNG REJO, BELITANG, OGAN KOMERING ULU TIMUR, SUMATERA SELATAN",3,127,114,241
https://kawalpemilu.org#19546,"GEDUNG REJO, BELITANG, OGAN KOMERING ULU TIMUR, SUMATERA SELATAN",4,136,92,228
https://kawalpemilu.org#19546,"GEDUNG REJO, BELITANG, OGAN KOMERING ULU TIMUR, SUMATERA SELATAN",5,135,77,212
https://kawalpemilu.org#19546,"GEDUNG REJO, BELITANG, OGAN KOMERING ULU TIMUR, SUMATERA SELATAN",6,75,103,178
https://kawalpemilu.org#19546,"GEDUNG REJO, BELITANG, OGAN KOMERING ULU TIMUR, SUMATERA SELATAN",7,96,83,179
https://kawalpemilu.org#19547,"KARANG KEMIRI, BELITANG, OGAN KOMERING ULU TIMUR, SUMATERA SELATAN",1,88,109,197
https://kawalpemilu.org#19547,"KARANG KEMIRI, BELITANG, OGAN KOMERING ULU TIMUR, SUMATERA SELATAN",2,65,137,202
https://kawalpemilu.org#19547,"KARANG KEMIRI, BELITANG, OGAN KOMERING ULU TIMUR, SUMATERA SELATAN",3,73,145,218
https://kawalpemilu.org#19547,"KARANG KEMIRI, BELITANG, OGAN KOMERING ULU TIMUR, SUMATERA SELATAN",4,47,163,210
https://kawalpemilu.org#19547,"KARANG KEMIRI, BELITANG, OGAN KOMERING ULU TIMUR, SUMATERA SELATAN",5,74,146,220
https://kawalpemilu.org#19547,"KARANG KEMIRI, BELITANG, OGAN KOMERING ULU TIMUR, SUMATERA SELATAN",6,109,99,208
https://kawalpemilu.org#19547,"KARANG KEMIRI, BELITANG, OGAN KOMERING ULU TIMUR, SUMATERA SELATAN",7,37,239,276
https://kawalpemilu.org#19547,"KARANG KEMIRI, BELITANG, OGAN KOMERING ULU TIMUR, SUMATERA SELATAN",8,74,186,260
https://kawalpemilu.org#19548,"SIDODADI, BELITANG, OGAN KOMERING ULU TIMUR, SUMATERA SELATAN",1,116,107,223
https://kawalpemilu.org#19548,"SIDODADI, BELITANG, OGAN KOMERING ULU TIMUR, SUMATERA SELATAN",2,111,91,202
https://kawalpemilu.org#19548,"SIDODADI, BELITANG, OGAN KOMERING ULU TIMUR, SUMATERA SELATAN",3,83,130,213
https://kawalpemilu.org#19548,"SIDODADI, BELITANG, OGAN KOMERING ULU TIMUR, SUMATERA SELATAN",4,80,93,173
https://kawalpemilu.org#19548,"SIDODADI, BELITANG, OGAN KOMERING ULU TIMUR, SUMATERA SELATAN",5,97,122,219
https://kawalpemilu.org#19548,"SIDODADI, BELITANG, OGAN KOMERING ULU TIMUR, SUMATERA SELATAN",6,81,71,152
https://kawalpemilu.org#19549,"SUMBER SUKO JAYA, BELITANG, OGAN KOMERING ULU TIMUR, SUMATERA SELATAN",1,131,97,228
https://kawalpemilu.org#19549,"SUMBER SUKO JAYA, BELITANG, OGAN KOMERING ULU TIMUR, SUMATERA SELATAN",2,72,133,205
https://kawalpemilu.org#19549,"SUMBER SUKO JAYA, BELITANG, OGAN KOMERING ULU TIMUR, SUMATERA SELATAN",3,120,63,183
https://kawalpemilu.org#19549,"SUMBER SUKO JAYA, BELITANG, OGAN KOMERING ULU TIMUR, SUMATERA SELATAN",5,75,91,166
https://kawalpemilu.org#19549,"SUMBER SUKO JAYA, BELITANG, OGAN KOMERING ULU TIMUR, SUMATERA SELATAN",6,103,116,219
https://kawalpemilu.org#19550,"GUNUNG MAS, BELITANG, OGAN KOMERING ULU TIMUR, SUMATERA SELATAN",1,103,115,218
https://kawalpemilu.org#19550,"GUNUNG MAS, BELITANG, OGAN KOMERING ULU TIMUR, SUMATERA SELATAN",2,88,112,200
https://kawalpemilu.org#19550,"GUNUNG MAS, BELITANG, OGAN KOMERING ULU TIMUR, SUMATERA SELATAN",3,56,110,166
https://kawalpemilu.org#19550,"GUNUNG MAS, BELITANG, OGAN KOMERING ULU TIMUR, SUMATERA SELATAN",4,74,106,180
https://kawalpemilu.org#19550,"GUNUNG MAS, BELITANG, OGAN KOMERING ULU TIMUR, SUMATERA SELATAN",5,123,84,207
https://kawalpemilu.org#928908,"MOJOSARI, BELITANG, OGAN KOMERING ULU TIMUR, SUMATERA SELATAN",1,116,95,211
https://kawalpemilu.org#928908,"MOJOSARI, BELITANG, OGAN KOMERING ULU TIMUR, SUMATERA SELATAN",2,77,118,195
https://kawalpemilu.org#928908,"MOJOSARI, BELITANG, OGAN KOMERING ULU TIMUR, SUMATERA SELATAN",3,80,108,188
https://kawalpemilu.org#19552,"GUNUNG BATU, CEMPAKA, OGAN KOMERING ULU TIMUR, SUMATERA SELATAN",2,35,100,135
https://kawalpemilu.org#19552,"GUNUNG BATU, CEMPAKA, OGAN KOMERING ULU TIMUR, SUMATERA SELATAN",3,33,131,164
https://kawalpemilu.org#19552,"GUNUNG BATU, CEMPAKA, OGAN KOMERING ULU TIMUR, SUMATERA SELATAN",4,35,99,134
https://kawalpemilu.org#19552,"GUNUNG BATU, CEMPAKA, OGAN KOMERING ULU TIMUR, SUMATERA SELATAN",5,81,103,184
https://kawalpemilu.org#19552,"GUNUNG BATU, CEMPAKA, OGAN KOMERING ULU TIMUR, SUMATERA SELATAN",6,59,131,190
https://kawalpemilu.org#19552,"GUNUNG BATU, CEMPAKA, OGAN KOMERING ULU TIMUR, SUMATERA SELATAN",7,30,122,152
https://kawalpemilu.org#19552,"GUNUNG BATU, CEMPAKA, OGAN KOMERING ULU TIMUR, SUMATERA SELATAN",8,30,132,162
https://kawalpemilu.org#19552,"GUNUNG BATU, CEMPAKA, OGAN KOMERING ULU TIMUR, SUMATERA SELATAN",9,38,131,169
https://kawalpemilu.org#19552,"GUNUNG BATU, CEMPAKA, OGAN KOMERING ULU TIMUR, SUMATERA SELATAN",10,54,130,184
https://kawalpemilu.org#19552,"GUNUNG BATU, CEMPAKA, OGAN KOMERING ULU TIMUR, SUMATERA SELATAN",11,32,114,146
https://kawalpemilu.org#19552,"GUNUNG BATU, CEMPAKA, OGAN KOMERING ULU TIMUR, SUMATERA SELATAN",12,37,87,124
https://kawalpemilu.org#19552,"GUNUNG BATU, CEMPAKA, OGAN KOMERING ULU TIMUR, SUMATERA SELATAN",13,18,86,104
https://kawalpemilu.org#19552,"GUNUNG BATU, CEMPAKA, OGAN KOMERING ULU TIMUR, SUMATERA SELATAN",14,40,62,102
https://kawalpemilu.org#19553,"ULAK BARU, CEMPAKA, OGAN KOMERING ULU TIMUR, SUMATERA SELATAN",1,54,59,113
https://kawalpemilu.org#19553,"ULAK BARU, CEMPAKA, OGAN KOMERING ULU TIMUR, SUMATERA SELATAN",2,57,62,119
https://kawalpemilu.org#19553,"ULAK BARU, CEMPAKA, OGAN KOMERING ULU TIMUR, SUMATERA SELATAN",3,70,67,137
https://kawalpemilu.org#19553,"ULAK BARU, CEMPAKA, OGAN KOMERING ULU TIMUR, SUMATERA SELATAN",4,72,59,131
https://kawalpemilu.org#19554,"GUNUNG JATI, CEMPAKA, OGAN KOMERING ULU TIMUR, SUMATERA SELATAN",1,81,83,164
https://kawalpemilu.org#19554,"GUNUNG JATI, CEMPAKA, OGAN KOMERING ULU TIMUR, SUMATERA SELATAN",2,72,80,152
https://kawalpemilu.org#19554,"GUNUNG JATI, CEMPAKA, OGAN KOMERING ULU TIMUR, SUMATERA SELATAN",3,50,75,125
https://kawalpemilu.org#19554,"GUNUNG JATI, CEMPAKA, OGAN KOMERING ULU TIMUR, SUMATERA SELATAN",4,57,39,96
https://kawalpemilu.org#19554,"GUNUNG JATI, CEMPAKA, OGAN KOMERING ULU TIMUR, SUMATERA SELATAN",5,69,73,142
https://kawalpemilu.org#19554,"GUNUNG JATI, CEMPAKA, OGAN KOMERING ULU TIMUR, SUMATERA SELATAN",6,97,32,129
https://kawalpemilu.org#19554,"GUNUNG JATI, CEMPAKA, OGAN KOMERING ULU TIMUR, SUMATERA SELATAN",7,65,68,133
https://kawalpemilu.org#19554,"GUNUNG JATI, CEMPAKA, OGAN KOMERING ULU TIMUR, SUMATERA SELATAN",8,45,39,84
https://kawalpemilu.org#19555,"KURIPAN, CEMPAKA, OGAN KOMERING ULU TIMUR, SUMATERA SELATAN",1,63,41,104
https://kawalpemilu.org#19555,"KURIPAN, CEMPAKA, OGAN KOMERING ULU TIMUR, SUMATERA SELATAN",2,49,47,96
https://kawalpemilu.org#19555,"KURIPAN, CEMPAKA, OGAN KOMERING ULU TIMUR, SUMATERA SELATAN",3,52,43,95
https://kawalpemilu.org#19555,"KURIPAN, CEMPAKA, OGAN KOMERING ULU TIMUR, SUMATERA SELATAN",4,54,31,85
https://kawalpemilu.org#19556,"NEGERI SAKTI, CEMPAKA, OGAN KOMERING ULU TIMUR, SUMATERA SELATAN",1,34,62,96
https://kawalpemilu.org#19556,"NEGERI SAKTI, CEMPAKA, OGAN KOMERING ULU TIMUR, SUMATERA SELATAN",2,56,35,91
https://kawalpemilu.org#19557,"CAMPANG TIGA ULU, CEMPAKA, OGAN KOMERING ULU TIMUR, SUMATERA SELATAN",1,93,50,143
https://kawalpemilu.org#19557,"CAMPANG TIGA ULU, CEMPAKA, OGAN KOMERING ULU TIMUR, SUMATERA SELATAN",2,86,67,153
https://kawalpemilu.org#19557,"CAMPANG TIGA ULU, CEMPAKA, OGAN KOMERING ULU TIMUR, SUMATERA SELATAN",3,90,34,124
https://kawalpemilu.org#19557,"CAMPANG TIGA ULU, CEMPAKA, OGAN KOMERING ULU TIMUR, SUMATERA SELATAN",4,98,47,145
https://kawalpemilu.org#19557,"CAMPANG TIGA ULU, CEMPAKA, OGAN KOMERING ULU TIMUR, SUMATERA SELATAN",5,128,57,185
https://kawalpemilu.org#19557,"CAMPANG TIGA ULU, CEMPAKA, OGAN KOMERING ULU TIMUR, SUMATERA SELATAN",6,79,61,140
https://kawalpemilu.org#19557,"CAMPANG TIGA ULU, CEMPAKA, OGAN KOMERING ULU TIMUR, SUMATERA SELATAN",7,110,62,172
https://kawalpemilu.org#19557,"CAMPANG TIGA ULU, CEMPAKA, OGAN KOMERING ULU TIMUR, SUMATERA SELATAN",8,79,33,112
https://kawalpemilu.org#19557,"CAMPANG TIGA ULU, CEMPAKA, OGAN KOMERING ULU TIMUR, SUMATERA SELATAN",9,90,45,135
https://kawalpemilu.org#19557,"CAMPANG TIGA ULU, CEMPAKA, OGAN KOMERING ULU TIMUR, SUMATERA SELATAN",10,70,64,134
https://kawalpemilu.org#19557,"CAMPANG TIGA ULU, CEMPAKA, OGAN KOMERING ULU TIMUR, SUMATERA SELATAN",11,80,39,119
https://kawalpemilu.org#19557,"CAMPANG TIGA ULU, CEMPAKA, OGAN KOMERING ULU TIMUR, SUMATERA SELATAN",12,90,47,137
https://kawalpemilu.org#19557,"CAMPANG TIGA ULU, CEMPAKA, OGAN KOMERING ULU TIMUR, SUMATERA SELATAN",13,96,35,131
https://kawalpemilu.org#19557,"CAMPANG TIGA ULU, CEMPAKA, OGAN KOMERING ULU TIMUR, SUMATERA SELATAN",14,75,25,100
https://kawalpemilu.org#19557,"CAMPANG TIGA ULU, CEMPAKA, OGAN KOMERING ULU TIMUR, SUMATERA SELATAN",15,62,35,97
https://kawalpemilu.org#19557,"CAMPANG TIGA ULU, CEMPAKA, OGAN KOMERING ULU TIMUR, SUMATERA SELATAN",16,74,49,123
https://kawalpemilu.org#19558,"SUKARAJA, CEMPAKA, OGAN KOMERING ULU TIMUR, SUMATERA SELATAN",1,54,69,123
https://kawalpemilu.org#19558,"SUKARAJA, CEMPAKA, OGAN KOMERING ULU TIMUR, SUMATERA SELATAN",2,69,60,129
https://kawalpemilu.org#19559,"CEMPAKA, CEMPAKA, OGAN KOMERING ULU TIMUR, SUMATERA SELATAN",1,93,50,143
https://kawalpemilu.org#19559,"CEMPAKA, CEMPAKA, OGAN KOMERING ULU TIMUR, SUMATERA SELATAN",2,112,71,183
https://kawalpemilu.org#19559,"CEMPAKA, CEMPAKA, OGAN KOMERING ULU TIMUR, SUMATERA SELATAN",3,88,30,118
https://kawalpemilu.org#19559,"CEMPAKA, CEMPAKA, OGAN KOMERING ULU TIMUR, SUMATERA SELATAN",4,47,36,83
https://kawalpemilu.org#19559,"CEMPAKA, CEMPAKA, OGAN KOMERING ULU TIMUR, SUMATERA SELATAN",5,80,64,144
https://kawalpemilu.org#19559,"CEMPAKA, CEMPAKA, OGAN KOMERING ULU TIMUR, SUMATERA SELATAN",6,66,45,111
https://kawalpemilu.org#19559,"CEMPAKA, CEMPAKA, OGAN KOMERING ULU TIMUR, SUMATERA SELATAN",7,81,94,175
https://kawalpemilu.org#19559,"CEMPAKA, CEMPAKA, OGAN KOMERING ULU TIMUR, SUMATERA SELATAN",8,61,69,130
https://kawalpemilu.org#19559,"CEMPAKA, CEMPAKA, OGAN KOMERING ULU TIMUR, SUMATERA SELATAN",9,71,68,139
https://kawalpemilu.org#19559,"CEMPAKA, CEMPAKA, OGAN KOMERING ULU TIMUR, SUMATERA SELATAN",10,81,64,145
https://kawalpemilu.org#19559,"CEMPAKA, CEMPAKA, OGAN KOMERING ULU TIMUR, SUMATERA SELATAN",11,59,47,106
https://kawalpemilu.org#19559,"CEMPAKA, CEMPAKA, OGAN KOMERING ULU TIMUR, SUMATERA SELATAN",12,49,45,94
https://kawalpemilu.org#19559,"CEMPAKA, CEMPAKA, OGAN KOMERING ULU TIMUR, SUMATERA SELATAN",13,58,72,130
https://kawalpemilu.org#19560,"SUKABUMI, CEMPAKA, OGAN KOMERING ULU TIMUR, SUMATERA SELATAN",1,46,62,108
https://kawalpemilu.org#19560,"SUKABUMI, CEMPAKA, OGAN KOMERING ULU TIMUR, SUMATERA SELATAN",2,30,92,122
https://kawalpemilu.org#19560,"SUKABUMI, CEMPAKA, OGAN KOMERING ULU TIMUR, SUMATERA SELATAN",3,40,105,145
https://kawalpemilu.org#19560,"SUKABUMI, CEMPAKA, OGAN KOMERING ULU TIMUR, SUMATERA SELATAN",4,47,66,113
https://kawalpemilu.org#19560,"SUKABUMI, CEMPAKA, OGAN KOMERING ULU TIMUR, SUMATERA SELATAN",5,47,100,147
https://kawalpemilu.org#19560,"SUKABUMI, CEMPAKA, OGAN KOMERING ULU TIMUR, SUMATERA SELATAN",6,48,81,129
https://kawalpemilu.org#19560,"SUKABUMI, CEMPAKA, OGAN KOMERING ULU TIMUR, SUMATERA SELATAN",7,54,57,111
https://kawalpemilu.org#19560,"SUKABUMI, CEMPAKA, OGAN KOMERING ULU TIMUR, SUMATERA SELATAN",8,28,93,121
https://kawalpemilu.org#19560,"SUKABUMI, CEMPAKA, OGAN KOMERING ULU TIMUR, SUMATERA SELATAN",9,32,81,113
https://kawalpemilu.org#19560,"SUKABUMI, CEMPAKA, OGAN KOMERING ULU TIMUR, SUMATERA SELATAN",10,39,83,122
https://kawalpemilu.org#19560,"SUKABUMI, CEMPAKA, OGAN KOMERING ULU TIMUR, SUMATERA SELATAN",11,44,102,146
https://kawalpemilu.org#19561,"CAMPANG TIGA ILIR, CEMPAKA, OGAN KOMERING ULU TIMUR, SUMATERA SELATAN",2,65,49,114
https://kawalpemilu.org#19561,"CAMPANG TIGA ILIR, CEMPAKA, OGAN KOMERING ULU TIMUR, SUMATERA SELATAN",3,54,67,121
https://kawalpemilu.org#19561,"CAMPANG TIGA ILIR, CEMPAKA, OGAN KOMERING ULU TIMUR, SUMATERA SELATAN",4,75,73,148
https://kawalpemilu.org#19561,"CAMPANG TIGA ILIR, CEMPAKA, OGAN KOMERING ULU TIMUR, SUMATERA SELATAN",5,97,59,156
https://kawalpemilu.org#19561,"CAMPANG TIGA ILIR, CEMPAKA, OGAN KOMERING ULU TIMUR, SUMATERA SELATAN",7,65,61,126
https://kawalpemilu.org#19561,"CAMPANG TIGA ILIR, CEMPAKA, OGAN KOMERING ULU TIMUR, SUMATERA SELATAN",8,77,47,124
https://kawalpemilu.org#19561,"CAMPANG TIGA ILIR, CEMPAKA, OGAN KOMERING ULU TIMUR, SUMATERA SELATAN",9,69,46,115
https://kawalpemilu.org#19561,"CAMPANG TIGA ILIR, CEMPAKA, OGAN KOMERING ULU TIMUR, SUMATERA SELATAN",10,51,42,93
https://kawalpemilu.org#19562,"MALUAI INDAH, CEMPAKA, OGAN KOMERING ULU TIMUR, SUMATERA SELATAN",1,70,41,111
https://kawalpemilu.org#19562,"MALUAI INDAH, CEMPAKA, OGAN KOMERING ULU TIMUR, SUMATERA SELATAN",2,67,46,113
https://kawalpemilu.org#19562,"MALUAI INDAH, CEMPAKA, OGAN KOMERING ULU TIMUR, SUMATERA SELATAN",3,116,94,210
https://kawalpemilu.org#19562,"MALUAI INDAH, CEMPAKA, OGAN KOMERING ULU TIMUR, SUMATERA SELATAN",4,76,49,125
https://kawalpemilu.org#19562,"MALUAI INDAH, CEMPAKA, OGAN KOMERING ULU TIMUR, SUMATERA SELATAN",5,79,61,140
https://kawalpemilu.org#19562,"MALUAI INDAH, CEMPAKA, OGAN KOMERING ULU TIMUR, SUMATERA SELATAN",6,93,77,170
https://kawalpemilu.org#19563,"HARISAN JAYA, CEMPAKA, OGAN KOMERING ULU TIMUR, SUMATERA SELATAN",1,64,71,135
https://kawalpemilu.org#19563,"HARISAN JAYA, CEMPAKA, OGAN KOMERING ULU TIMUR, SUMATERA SELATAN",2,38,52,90
https://kawalpemilu.org#19563,"HARISAN JAYA, CEMPAKA, OGAN KOMERING ULU TIMUR, SUMATERA SELATAN",3,58,74,132
https://kawalpemilu.org#19563,"HARISAN JAYA, CEMPAKA, OGAN KOMERING ULU TIMUR, SUMATERA SELATAN",4,42,72,114
https://kawalpemilu.org#19563,"HARISAN JAYA, CEMPAKA, OGAN KOMERING ULU TIMUR, SUMATERA SELATAN",5,75,43,118
https://kawalpemilu.org#19564,"CAMPANG TIGA JAYA, CEMPAKA, OGAN KOMERING ULU TIMUR, SUMATERA SELATAN",1,129,138,267
https://kawalpemilu.org#19564,"CAMPANG TIGA JAYA, CEMPAKA, OGAN KOMERING ULU TIMUR, SUMATERA SELATAN",2,184,47,231
https://kawalpemilu.org#19564,"CAMPANG TIGA JAYA, CEMPAKA, OGAN KOMERING ULU TIMUR, SUMATERA SELATAN",3,119,158,277
https://kawalpemilu.org#19564,"CAMPANG TIGA JAYA, CEMPAKA, OGAN KOMERING ULU TIMUR, SUMATERA SELATAN",4,107,46,153
https://kawalpemilu.org#19564,"CAMPANG TIGA JAYA, CEMPAKA, OGAN KOMERING ULU TIMUR, SUMATERA SELATAN",5,25,58,83
https://kawalpemilu.org#19564,"CAMPANG TIGA JAYA, CEMPAKA, OGAN KOMERING ULU TIMUR, SUMATERA SELATAN",6,161,91,252
https://kawalpemilu.org#19564,"CAMPANG TIGA JAYA, CEMPAKA, OGAN KOMERING ULU TIMUR, SUMATERA SELATAN",7,150,64,214
https://kawalpemilu.org#19566,"NEGERI PAKUAN, BUAY PEMUKA PELIUNG, OGAN KOMERING ULU TIMUR, SUMATERA SELATAN",1,21,138,159
https://kawalpemilu.org#19566,"NEGERI PAKUAN, BUAY PEMUKA PELIUNG, OGAN KOMERING ULU TIMUR, SUMATERA SELATAN",2,58,174,232
https://kawalpemilu.org#19566,"NEGERI PAKUAN, BUAY PEMUKA PELIUNG, OGAN KOMERING ULU TIMUR, SUMATERA SELATAN",3,41,110,151
https://kawalpemilu.org#19566,"NEGERI PAKUAN, BUAY PEMUKA PELIUNG, OGAN KOMERING ULU TIMUR, SUMATERA SELATAN",4,83,118,201
https://kawalpemilu.org#19566,"NEGERI PAKUAN, BUAY PEMUKA PELIUNG, OGAN KOMERING ULU TIMUR, SUMATERA SELATAN",5,116,89,205
https://kawalpemilu.org#19566,"NEGERI PAKUAN, BUAY PEMUKA PELIUNG, OGAN KOMERING ULU TIMUR, SUMATERA SELATAN",6,141,87,228
https://kawalpemilu.org#19566,"NEGERI PAKUAN, BUAY PEMUKA PELIUNG, OGAN KOMERING ULU TIMUR, SUMATERA SELATAN",7,131,102,233
https://kawalpemilu.org#19566,"NEGERI PAKUAN, BUAY PEMUKA PELIUNG, OGAN KOMERING ULU TIMUR, SUMATERA SELATAN",11,143,98,241
https://kawalpemilu.org#19567,"NEGERI AGUNG, BUAY PEMUKA PELIUNG, OGAN KOMERING ULU TIMUR, SUMATERA SELATAN",1,73,170,243
https://kawalpemilu.org#19567,"NEGERI AGUNG, BUAY PEMUKA PELIUNG, OGAN KOMERING ULU TIMUR, SUMATERA SELATAN",2,82,153,235
https://kawalpemilu.org#19567,"NEGERI AGUNG, BUAY PEMUKA PELIUNG, OGAN KOMERING ULU TIMUR, SUMATERA SELATAN",3,48,179,227
https://kawalpemilu.org#19567,"NEGERI AGUNG, BUAY PEMUKA PELIUNG, OGAN KOMERING ULU TIMUR, SUMATERA SELATAN",4,77,103,180
https://kawalpemilu.org#19567,"NEGERI AGUNG, BUAY PEMUKA PELIUNG, OGAN KOMERING ULU TIMUR, SUMATERA SELATAN",5,120,138,258
https://kawalpemilu.org#19567,"NEGERI AGUNG, BUAY PEMUKA PELIUNG, OGAN KOMERING ULU TIMUR, SUMATERA SELATAN",6,156,112,268
https://kawalpemilu.org#19568,"BANU MAS, BUAY PEMUKA PELIUNG, OGAN KOMERING ULU TIMUR, SUMATERA SELATAN",1,163,107,270
https://kawalpemilu.org#19568,"BANU MAS, BUAY PEMUKA PELIUNG, OGAN KOMERING ULU TIMUR, SUMATERA SELATAN",2,88,113,201
https://kawalpemilu.org#19568,"BANU MAS, BUAY PEMUKA PELIUNG, OGAN KOMERING ULU TIMUR, SUMATERA SELATAN",3,79,191,270
https://kawalpemilu.org#19568,"BANU MAS, BUAY PEMUKA PELIUNG, OGAN KOMERING ULU TIMUR, SUMATERA SELATAN",4,48,182,230
https://kawalpemilu.org#19568,"BANU MAS, BUAY PEMUKA PELIUNG, OGAN KOMERING ULU TIMUR, SUMATERA SELATAN",5,90,164,254
https://kawalpemilu.org#19568,"BANU MAS, BUAY PEMUKA PELIUNG, OGAN KOMERING ULU TIMUR, SUMATERA SELATAN",6,75,76,151
https://kawalpemilu.org#19568,"BANU MAS, BUAY PEMUKA PELIUNG, OGAN KOMERING ULU TIMUR, SUMATERA SELATAN",7,57,87,144
https://kawalpemilu.org#19568,"BANU MAS, BUAY PEMUKA PELIUNG, OGAN KOMERING ULU TIMUR, SUMATERA SELATAN",8,98,122,220
https://kawalpemilu.org#19568,"BANU MAS, BUAY PEMUKA PELIUNG, OGAN KOMERING ULU TIMUR, SUMATERA SELATAN",9,80,131,211
https://kawalpemilu.org#19569,"BANU AYU, BUAY PEMUKA PELIUNG, OGAN KOMERING ULU TIMUR, SUMATERA SELATAN",1,121,119,240
https://kawalpemilu.org#19569,"BANU AYU, BUAY PEMUKA PELIUNG, OGAN KOMERING ULU TIMUR, SUMATERA SELATAN",2,103,165,268
https://kawalpemilu.org#19569,"BANU AYU, BUAY PEMUKA PELIUNG, OGAN KOMERING ULU TIMUR, SUMATERA SELATAN",3,105,125,230
https://kawalpemilu.org#19569,"BANU AYU, BUAY PEMUKA PELIUNG, OGAN KOMERING ULU TIMUR, SUMATERA SELATAN",4,188,62,250
https://kawalpemilu.org#19569,"BANU AYU, BUAY PEMUKA PELIUNG, OGAN KOMERING ULU TIMUR, SUMATERA SELATAN",5,123,110,233
https://kawalpemilu.org#19569,"BANU AYU, BUAY PEMUKA PELIUNG, OGAN KOMERING ULU TIMUR, SUMATERA SELATAN",6,152,64,216
https://kawalpemilu.org#19569,"BANU AYU, BUAY PEMUKA PELIUNG, OGAN KOMERING ULU TIMUR, SUMATERA SELATAN",7,116,127,243
https://kawalpemilu.org#19569,"BANU AYU, BUAY PEMUKA PELIUNG, OGAN KOMERING ULU TIMUR, SUMATERA SELATAN",8,133,83,216
https://kawalpemilu.org#19569,"BANU AYU, BUAY PEMUKA PELIUNG, OGAN KOMERING ULU TIMUR, SUMATERA SELATAN",9,90,115,205
https://kawalpemilu.org#19569,"BANU AYU, BUAY PEMUKA PELIUNG, OGAN KOMERING ULU TIMUR, SUMATERA SELATAN",10,151,77,228
https://kawalpemilu.org#19569,"BANU AYU, BUAY PEMUKA PELIUNG, OGAN KOMERING ULU TIMUR, SUMATERA SELATAN",11,54,34,88
https://kawalpemilu.org#19570,"PULAU NEGARA, BUAY PEMUKA PELIUNG, OGAN KOMERING ULU TIMUR, SUMATERA SELATAN",1,68,142,210
https://kawalpemilu.org#19570,"PULAU NEGARA, BUAY PEMUKA PELIUNG, OGAN KOMERING ULU TIMUR, SUMATERA SELATAN",2,52,160,212
https://kawalpemilu.org#19570,"PULAU NEGARA, BUAY PEMUKA PELIUNG, OGAN KOMERING ULU TIMUR, SUMATERA SELATAN",3,42,151,193
https://kawalpemilu.org#19570,"PULAU NEGARA, BUAY PEMUKA PELIUNG, OGAN KOMERING ULU TIMUR, SUMATERA SELATAN",4,101,160,261
https://kawalpemilu.org#19570,"PULAU NEGARA, BUAY PEMUKA PELIUNG, OGAN KOMERING ULU TIMUR, SUMATERA SELATAN",5,117,128,245
https://kawalpemilu.org#19570,"PULAU NEGARA, BUAY PEMUKA PELIUNG, OGAN KOMERING ULU TIMUR, SUMATERA SELATAN",6,37,30,67
https://kawalpemilu.org#19570,"PULAU NEGARA, BUAY PEMUKA PELIUNG, OGAN KOMERING ULU TIMUR, SUMATERA SELATAN",7,107,132,239
https://kawalpemilu.org#19570,"PULAU NEGARA, BUAY PEMUKA PELIUNG, OGAN KOMERING ULU TIMUR, SUMATERA SELATAN",8,73,135,208
https://kawalpemilu.org#19570,"PULAU NEGARA, BUAY PEMUKA PELIUNG, OGAN KOMERING ULU TIMUR, SUMATERA SELATAN",9,47,109,156
https://kawalpemilu.org#19570,"PULAU NEGARA, BUAY PEMUKA PELIUNG, OGAN KOMERING ULU TIMUR, SUMATERA SELATAN",10,44,43,87
https://kawalpemilu.org#19571,"SAUNG DADI, BUAY PEMUKA PELIUNG, OGAN KOMERING ULU TIMUR, SUMATERA SELATAN",1,68,125,193
https://kawalpemilu.org#19571,"SAUNG DADI, BUAY PEMUKA PELIUNG, OGAN KOMERING ULU TIMUR, SUMATERA SELATAN",2,89,110,199
https://kawalpemilu.org#19571,"SAUNG DADI, BUAY PEMUKA PELIUNG, OGAN KOMERING ULU TIMUR, SUMATERA SELATAN",3,93,108,201
https://kawalpemilu.org#19571,"SAUNG DADI, BUAY PEMUKA PELIUNG, OGAN KOMERING ULU TIMUR, SUMATERA SELATAN",4,83,126,209
https://kawalpemilu.org#19571,"SAUNG DADI, BUAY PEMUKA PELIUNG, OGAN KOMERING ULU TIMUR, SUMATERA SELATAN",5,93,110,203
https://kawalpemilu.org#19571,"SAUNG DADI, BUAY PEMUKA PELIUNG, OGAN KOMERING ULU TIMUR, SUMATERA SELATAN",6,121,100,221
https://kawalpemilu.org#19572,"TRANTANG SAKTI, BUAY PEMUKA PELIUNG, OGAN KOMERING ULU TIMUR, SUMATERA SELATAN",1,165,68,233
https://kawalpemilu.org#19572,"TRANTANG SAKTI, BUAY PEMUKA PELIUNG, OGAN KOMERING ULU TIMUR, SUMATERA SELATAN",2,84,166,250
https://kawalpemilu.org#19572,"TRANTANG SAKTI, BUAY PEMUKA PELIUNG, OGAN KOMERING ULU TIMUR, SUMATERA SELATAN",3,77,162,239
https://kawalpemilu.org#19572,"TRANTANG SAKTI, BUAY PEMUKA PELIUNG, OGAN KOMERING ULU TIMUR, SUMATERA SELATAN",4,109,118,227
https://kawalpemilu.org#19573,"PEMETUNG BASUKI, BUAY PEMUKA PELIUNG, OGAN KOMERING ULU TIMUR, SUMATERA SELATAN",1,117,89,206
https://kawalpemilu.org#19573,"PEMETUNG BASUKI, BUAY PEMUKA PELIUNG, OGAN KOMERING ULU TIMUR, SUMATERA SELATAN",2,120,89,209
https://kawalpemilu.org#19573,"PEMETUNG BASUKI, BUAY PEMUKA PELIUNG, OGAN KOMERING ULU TIMUR, SUMATERA SELATAN",4,83,128,211
https://kawalpemilu.org#19573,"PEMETUNG BASUKI, BUAY PEMUKA PELIUNG, OGAN KOMERING ULU TIMUR, SUMATERA SELATAN",5,70,150,220
https://kawalpemilu.org#19573,"PEMETUNG BASUKI, BUAY PEMUKA PELIUNG, OGAN KOMERING ULU TIMUR, SUMATERA SELATAN",6,69,142,211
https://kawalpemilu.org#19573,"PEMETUNG BASUKI, BUAY PEMUKA PELIUNG, OGAN KOMERING ULU TIMUR, SUMATERA SELATAN",7,69,139,208
https://kawalpemilu.org#19573,"PEMETUNG BASUKI, BUAY PEMUKA PELIUNG, OGAN KOMERING ULU TIMUR, SUMATERA SELATAN",8,57,151,208
https://kawalpemilu.org#19573,"PEMETUNG BASUKI, BUAY PEMUKA PELIUNG, OGAN KOMERING ULU TIMUR, SUMATERA SELATAN",9,138,34,172
https://kawalpemilu.org#19573,"PEMETUNG BASUKI, BUAY PEMUKA PELIUNG, OGAN KOMERING ULU TIMUR, SUMATERA SELATAN",10,73,133,206
https://kawalpemilu.org#19574,"PAHANG ASRI, BUAY PEMUKA PELIUNG, OGAN KOMERING ULU TIMUR, SUMATERA SELATAN",1,127,97,224
https://kawalpemilu.org#19574,"PAHANG ASRI, BUAY PEMUKA PELIUNG, OGAN KOMERING ULU TIMUR, SUMATERA SELATAN",2,164,58,222
https://kawalpemilu.org#19574,"PAHANG ASRI, BUAY PEMUKA PELIUNG, OGAN KOMERING ULU TIMUR, SUMATERA SELATAN",3,146,66,212
https://kawalpemilu.org#19574,"PAHANG ASRI, BUAY PEMUKA PELIUNG, OGAN KOMERING ULU TIMUR, SUMATERA SELATAN",4,145,75,220
https://kawalpemilu.org#19574,"PAHANG ASRI, BUAY PEMUKA PELIUNG, OGAN KOMERING ULU TIMUR, SUMATERA SELATAN",5,124,85,209
https://kawalpemilu.org#19574,"PAHANG ASRI, BUAY PEMUKA PELIUNG, OGAN KOMERING ULU TIMUR, SUMATERA SELATAN",6,131,89,220
https://kawalpemilu.org#19574,"PAHANG ASRI, BUAY PEMUKA PELIUNG, OGAN KOMERING ULU TIMUR, SUMATERA SELATAN",7,124,91,215
https://kawalpemilu.org#19574,"PAHANG ASRI, BUAY PEMUKA PELIUNG, OGAN KOMERING ULU TIMUR, SUMATERA SELATAN",8,116,89,205
https://kawalpemilu.org#19574,"PAHANG ASRI, BUAY PEMUKA PELIUNG, OGAN KOMERING ULU TIMUR, SUMATERA SELATAN",9,162,63,225
https://kawalpemilu.org#19575,"BANTAN, BUAY PEMUKA PELIUNG, OGAN KOMERING ULU TIMUR, SUMATERA SELATAN",1,93,138,231
https://kawalpemilu.org#19575,"BANTAN, BUAY PEMUKA PELIUNG, OGAN KOMERING ULU TIMUR, SUMATERA SELATAN",2,112,86,198
https://kawalpemilu.org#19575,"BANTAN, BUAY PEMUKA PELIUNG, OGAN KOMERING ULU TIMUR, SUMATERA SELATAN",3,47,114,161
https://kawalpemilu.org#19575,"BANTAN, BUAY PEMUKA PELIUNG, OGAN KOMERING ULU TIMUR, SUMATERA SELATAN",4,84,106,190
https://kawalpemilu.org#19575,"BANTAN, BUAY PEMUKA PELIUNG, OGAN KOMERING ULU TIMUR, SUMATERA SELATAN",5,132,129,261
https://kawalpemilu.org#19575,"BANTAN, BUAY PEMUKA PELIUNG, OGAN KOMERING ULU TIMUR, SUMATERA SELATAN",6,141,56,197
https://kawalpemilu.org#19576,"BANDAR JAYA, BUAY PEMUKA PELIUNG, OGAN KOMERING ULU TIMUR, SUMATERA SELATAN",1,146,69,215
https://kawalpemilu.org#19576,"BANDAR JAYA, BUAY PEMUKA PELIUNG, OGAN KOMERING ULU TIMUR, SUMATERA SELATAN",2,87,104,191
https://kawalpemilu.org#19576,"BANDAR JAYA, BUAY PEMUKA PELIUNG, OGAN KOMERING ULU TIMUR, SUMATERA SELATAN",3,145,130,275
https://kawalpemilu.org#19576,"BANDAR JAYA, BUAY PEMUKA PELIUNG, OGAN KOMERING ULU TIMUR, SUMATERA SELATAN",4,137,58,195
https://kawalpemilu.org#19576,"BANDAR JAYA, BUAY PEMUKA PELIUNG, OGAN KOMERING ULU TIMUR, SUMATERA SELATAN",5,160,62,222
https://kawalpemilu.org#19577,"NEGERI AGUNG JAYA, BUAY PEMUKA PELIUNG, OGAN KOMERING ULU TIMUR, SUMATERA SELATAN",1,103,95,198
https://kawalpemilu.org#19577,"NEGERI AGUNG JAYA, BUAY PEMUKA PELIUNG, OGAN KOMERING ULU TIMUR, SUMATERA SELATAN",2,94,105,199
https://kawalpemilu.org#19577,"NEGERI AGUNG JAYA, BUAY PEMUKA PELIUNG, OGAN KOMERING ULU TIMUR, SUMATERA SELATAN",3,96,107,203
https://kawalpemilu.org#19577,"NEGERI AGUNG JAYA, BUAY PEMUKA PELIUNG, OGAN KOMERING ULU TIMUR, SUMATERA SELATAN",4,75,116,191
https://kawalpemilu.org#19577,"NEGERI AGUNG JAYA, BUAY PEMUKA PELIUNG, OGAN KOMERING ULU TIMUR, SUMATERA SELATAN",5,105,115,220
https://kawalpemilu.org#19577,"NEGERI AGUNG JAYA, BUAY PEMUKA PELIUNG, OGAN KOMERING ULU TIMUR, SUMATERA SELATAN",6,127,94,221
https://kawalpemilu.org#19577,"NEGERI AGUNG JAYA, BUAY PEMUKA PELIUNG, OGAN KOMERING ULU TIMUR, SUMATERA SELATAN",7,76,92,168
https://kawalpemilu.org#19577,"NEGERI AGUNG JAYA, BUAY PEMUKA PELIUNG, OGAN KOMERING ULU TIMUR, SUMATERA SELATAN",8,36,87,123
https://kawalpemilu.org#19578,"BANTAN PELITA, BUAY PEMUKA PELIUNG, OGAN KOMERING ULU TIMUR, SUMATERA SELATAN",1,86,150,236
https://kawalpemilu.org#19578,"BANTAN PELITA, BUAY PEMUKA PELIUNG, OGAN KOMERING ULU TIMUR, SUMATERA SELATAN",2,33,207,240
https://kawalpemilu.org#19578,"BANTAN PELITA, BUAY PEMUKA PELIUNG, OGAN KOMERING ULU TIMUR, SUMATERA SELATAN",3,77,100,177
https://kawalpemilu.org#19578,"BANTAN PELITA, BUAY PEMUKA PELIUNG, OGAN KOMERING ULU TIMUR, SUMATERA SELATAN",4,63,149,212
https://kawalpemilu.org#19578,"BANTAN PELITA, BUAY PEMUKA PELIUNG, OGAN KOMERING ULU TIMUR, SUMATERA SELATAN",5,72,140,212
https://kawalpemilu.org#19578,"BANTAN PELITA, BUAY PEMUKA PELIUNG, OGAN KOMERING ULU TIMUR, SUMATERA SELATAN",6,79,116,195
https://kawalpemilu.org#19578,"BANTAN PELITA, BUAY PEMUKA PELIUNG, OGAN KOMERING ULU TIMUR, SUMATERA SELATAN",7,98,52,150
https://kawalpemilu.org#19578,"BANTAN PELITA, BUAY PEMUKA PELIUNG, OGAN KOMERING ULU TIMUR, SUMATERA SELATAN",8,99,48,147
https://kawalpemilu.org#19580,"KARANG NEGARA, MADANG SUKU II, OGAN KOMERING ULU TIMUR, SUMATERA SELATAN",1,0,0,0
https://kawalpemilu.org#19580,"KARANG NEGARA, MADANG SUKU II, OGAN KOMERING ULU TIMUR, SUMATERA SELATAN",2,34,72,106
https://kawalpemilu.org#19580,"KARANG NEGARA, MADANG SUKU II, OGAN KOMERING ULU TIMUR, SUMATERA SELATAN",3,10,55,65
https://kawalpemilu.org#19581,"RIANG BANDUNG, MADANG SUKU II, OGAN KOMERING ULU TIMUR, SUMATERA SELATAN",3,88,103,191
https://kawalpemilu.org#19581,"RIANG BANDUNG, MADANG SUKU II, OGAN KOMERING ULU TIMUR, SUMATERA SELATAN",4,89,108,197
https://kawalpemilu.org#19581,"RIANG BANDUNG, MADANG SUKU II, OGAN KOMERING ULU TIMUR, SUMATERA SELATAN",5,48,100,148
https://kawalpemilu.org#19581,"RIANG BANDUNG, MADANG SUKU II, OGAN KOMERING ULU TIMUR, SUMATERA SELATAN",6,63,88,151
https://kawalpemilu.org#19581,"RIANG BANDUNG, MADANG SUKU II, OGAN KOMERING ULU TIMUR, SUMATERA SELATAN",7,32,94,126
https://kawalpemilu.org#19581,"RIANG BANDUNG, MADANG SUKU II, OGAN KOMERING ULU TIMUR, SUMATERA SELATAN",9,42,112,154
https://kawalpemilu.org#19581,"RIANG BANDUNG, MADANG SUKU II, OGAN KOMERING ULU TIMUR, SUMATERA SELATAN",10,0,0,0
https://kawalpemilu.org#19581,"RIANG BANDUNG, MADANG SUKU II, OGAN KOMERING ULU TIMUR, SUMATERA SELATAN",11,111,76,187
https://kawalpemilu.org#19582,"KOTA NEGARA, MADANG SUKU II, OGAN KOMERING ULU TIMUR, SUMATERA SELATAN",1,89,49,138
https://kawalpemilu.org#19582,"KOTA NEGARA, MADANG SUKU II, OGAN KOMERING ULU TIMUR, SUMATERA SELATAN",2,60,83,143
https://kawalpemilu.org#19582,"KOTA NEGARA, MADANG SUKU II, OGAN KOMERING ULU TIMUR, SUMATERA SELATAN",3,29,130,159
https://kawalpemilu.org#19582,"KOTA NEGARA, MADANG SUKU II, OGAN KOMERING ULU TIMUR, SUMATERA SELATAN",4,69,145,214
https://kawalpemilu.org#19582,"KOTA NEGARA, MADANG SUKU II, OGAN KOMERING ULU TIMUR, SUMATERA SELATAN",5,36,74,110
https://kawalpemilu.org#19582,"KOTA NEGARA, MADANG SUKU II, OGAN KOMERING ULU TIMUR, SUMATERA SELATAN",6,38,105,143
https://kawalpemilu.org#19582,"KOTA NEGARA, MADANG SUKU II, OGAN KOMERING ULU TIMUR, SUMATERA SELATAN",7,150,55,205
https://kawalpemilu.org#19583,"KERTA NEGARA, MADANG SUKU II, OGAN KOMERING ULU TIMUR, SUMATERA SELATAN",1,91,113,204
https://kawalpemilu.org#19583,"KERTA NEGARA, MADANG SUKU II, OGAN KOMERING ULU TIMUR, SUMATERA SELATAN",2,59,94,159
https://kawalpemilu.org#19583,"KERTA NEGARA, MADANG SUKU II, OGAN KOMERING ULU TIMUR, SUMATERA SELATAN",3,99,103,202
https://kawalpemilu.org#19584,"PANDAN AGUNG, MADANG SUKU II, OGAN KOMERING ULU TIMUR, SUMATERA SELATAN",1,48,105,153
https://kawalpemilu.org#19584,"PANDAN AGUNG, MADANG SUKU II, OGAN KOMERING ULU TIMUR, SUMATERA SELATAN",2,49,118,167
https://kawalpemilu.org#19584,"PANDAN AGUNG, MADANG SUKU II, OGAN KOMERING ULU TIMUR, SUMATERA SELATAN",3,62,143,205
https://kawalpemilu.org#19584,"PANDAN AGUNG, MADANG SUKU II, OGAN KOMERING ULU TIMUR, SUMATERA SELATAN",4,31,85,116
https://kawalpemilu.org#19584,"PANDAN AGUNG, MADANG SUKU II, OGAN KOMERING ULU TIMUR, SUMATERA SELATAN",5,69,109,178
https://kawalpemilu.org#19584,"PANDAN AGUNG, MADANG SUKU II, OGAN KOMERING ULU TIMUR, SUMATERA SELATAN",6,44,91,135
https://kawalpemilu.org#19584,"PANDAN AGUNG, MADANG SUKU II, OGAN KOMERING ULU TIMUR, SUMATERA SELATAN",7,57,106,163
https://kawalpemilu.org#19584,"PANDAN AGUNG, MADANG SUKU II, OGAN KOMERING ULU TIMUR, SUMATERA SELATAN",8,34,124,158
https://kawalpemilu.org#19585,"SRI MULYO, MADANG SUKU II, OGAN KOMERING ULU TIMUR, SUMATERA SELATAN",2,95,69,164
https://kawalpemilu.org#19585,"SRI MULYO, MADANG SUKU II, OGAN KOMERING ULU TIMUR, SUMATERA SELATAN",3,65,186,251
https://kawalpemilu.org#19585,"SRI MULYO, MADANG SUKU II, OGAN KOMERING ULU TIMUR, SUMATERA SELATAN",4,82,85,167
https://kawalpemilu.org#19585,"SRI MULYO, MADANG SUKU II, OGAN KOMERING ULU TIMUR, SUMATERA SELATAN",5,55,133,188
https://kawalpemilu.org#19585,"SRI MULYO, MADANG SUKU II, OGAN KOMERING ULU TIMUR, SUMATERA SELATAN",6,60,83,143
https://kawalpemilu.org#19585,"SRI MULYO, MADANG SUKU II, OGAN KOMERING ULU TIMUR, SUMATERA SELATAN",7,56,72,128
https://kawalpemilu.org#19585,"SRI MULYO, MADANG SUKU II, OGAN KOMERING ULU TIMUR, SUMATERA SELATAN",8,72,150,222
https://kawalpemilu.org#19586,"MARGO TANI, MADANG SUKU II, OGAN KOMERING ULU TIMUR, SUMATERA SELATAN",1,112,67,179
https://kawalpemilu.org#19586,"MARGO TANI, MADANG SUKU II, OGAN KOMERING ULU TIMUR, SUMATERA SELATAN",2,89,88,177
https://kawalpemilu.org#19586,"MARGO TANI, MADANG SUKU II, OGAN KOMERING ULU TIMUR, SUMATERA SELATAN",3,58,71,129
https://kawalpemilu.org#19586,"MARGO TANI, MADANG SUKU II, OGAN KOMERING ULU TIMUR, SUMATERA SELATAN",4,64,99,163
https://kawalpemilu.org#19586,"MARGO TANI, MADANG SUKU II, OGAN KOMERING ULU TIMUR, SUMATERA SELATAN",5,88,56,144
https://kawalpemilu.org#19586,"MARGO TANI, MADANG SUKU II, OGAN KOMERING ULU TIMUR, SUMATERA SELATAN",6,72,82,154
https://kawalpemilu.org#19586,"MARGO TANI, MADANG SUKU II, OGAN KOMERING ULU TIMUR, SUMATERA SELATAN",7,62,77,139
https://kawalpemilu.org#19586,"MARGO TANI, MADANG SUKU II, OGAN KOMERING ULU TIMUR, SUMATERA SELATAN",8,55,99,154
https://kawalpemilu.org#19586,"MARGO TANI, MADANG SUKU II, OGAN KOMERING ULU TIMUR, SUMATERA SELATAN",9,33,151,184
https://kawalpemilu.org#19587,"JATI MULYA II, MADANG SUKU II, OGAN KOMERING ULU TIMUR, SUMATERA SELATAN",1,10,191,201
https://kawalpemilu.org#19587,"JATI MULYA II, MADANG SUKU II, OGAN KOMERING ULU TIMUR, SUMATERA SELATAN",2,22,180,202
https://kawalpemilu.org#19587,"JATI MULYA II, MADANG SUKU II, OGAN KOMERING ULU TIMUR, SUMATERA SELATAN",3,131,52,183
https://kawalpemilu.org#19587,"JATI MULYA II, MADANG SUKU II, OGAN KOMERING ULU TIMUR, SUMATERA SELATAN",4,66,96,162
https://kawalpemilu.org#19587,"JATI MULYA II, MADANG SUKU II, OGAN KOMERING ULU TIMUR, SUMATERA SELATAN",5,57,147,204
https://kawalpemilu.org#19587,"JATI MULYA II, MADANG SUKU II, OGAN KOMERING ULU TIMUR, SUMATERA SELATAN",6,30,206,236
https://kawalpemilu.org#19587,"JATI MULYA II, MADANG SUKU II, OGAN KOMERING ULU TIMUR, SUMATERA SELATAN",7,29,104,133
https://kawalpemilu.org#19587,"JATI MULYA II, MADANG SUKU II, OGAN KOMERING ULU TIMUR, SUMATERA SELATAN",8,29,165,194
https://kawalpemilu.org#19587,"JATI MULYA II, MADANG SUKU II, OGAN KOMERING ULU TIMUR, SUMATERA SELATAN",9,71,116,187
https://kawalpemilu.org#19587,"JATI MULYA II, MADANG SUKU II, OGAN KOMERING ULU TIMUR, SUMATERA SELATAN",10,43,149,192
https://kawalpemilu.org#19587,"JATI MULYA II, MADANG SUKU II, OGAN KOMERING ULU TIMUR, SUMATERA SELATAN",11,43,84,127
https://kawalpemilu.org#19587,"JATI MULYA II, MADANG SUKU II, OGAN KOMERING ULU TIMUR, SUMATERA SELATAN",12,20,101,121
https://kawalpemilu.org#19588,"PANDAN JAYA, MADANG SUKU II, OGAN KOMERING ULU TIMUR, SUMATERA SELATAN",3,76,128,204
https://kawalpemilu.org#19588,"PANDAN JAYA, MADANG SUKU II, OGAN KOMERING ULU TIMUR, SUMATERA SELATAN",4,55,162,217
https://kawalpemilu.org#19588,"PANDAN JAYA, MADANG SUKU II, OGAN KOMERING ULU TIMUR, SUMATERA SELATAN",5,52,113,165
https://kawalpemilu.org#19588,"PANDAN JAYA, MADANG SUKU II, OGAN KOMERING ULU TIMUR, SUMATERA SELATAN",6,102,167,269
https://kawalpemilu.org#19589,"RASUAN BARU, MADANG SUKU II, OGAN KOMERING ULU TIMUR, SUMATERA SELATAN",1,48,117,165
https://kawalpemilu.org#19589,"RASUAN BARU, MADANG SUKU II, OGAN KOMERING ULU TIMUR, SUMATERA SELATAN",2,78,94,172
https://kawalpemilu.org#19589,"RASUAN BARU, MADANG SUKU II, OGAN KOMERING ULU TIMUR, SUMATERA SELATAN",3,64,90,154
https://kawalpemilu.org#19589,"RASUAN BARU, MADANG SUKU II, OGAN KOMERING ULU TIMUR, SUMATERA SELATAN",4,66,95,161
https://kawalpemilu.org#19590,"BANBANREJO, MADANG SUKU II, OGAN KOMERING ULU TIMUR, SUMATERA SELATAN",1,75,92,167
https://kawalpemilu.org#19590,"BANBANREJO, MADANG SUKU II, OGAN KOMERING ULU TIMUR, SUMATERA SELATAN",2,150,82,232
https://kawalpemilu.org#19590,"BANBANREJO, MADANG SUKU II, OGAN KOMERING ULU TIMUR, SUMATERA SELATAN",3,108,61,169
https://kawalpemilu.org#19590,"BANBANREJO, MADANG SUKU II, OGAN KOMERING ULU TIMUR, SUMATERA SELATAN",4,100,133,233
https://kawalpemilu.org#19590,"BANBANREJO, MADANG SUKU II, OGAN KOMERING ULU TIMUR, SUMATERA SELATAN",5,96,68,164
https://kawalpemilu.org#19590,"BANBANREJO, MADANG SUKU II, OGAN KOMERING ULU TIMUR, SUMATERA SELATAN",6,111,61,172
https://kawalpemilu.org#19591,"SUKA NEGARA, MADANG SUKU II, OGAN KOMERING ULU TIMUR, SUMATERA SELATAN",1,99,88,187
https://kawalpemilu.org#19591,"SUKA NEGARA, MADANG SUKU II, OGAN KOMERING ULU TIMUR, SUMATERA SELATAN",2,91,96,187
https://kawalpemilu.org#19591,"SUKA NEGARA, MADANG SUKU II, OGAN KOMERING ULU TIMUR, SUMATERA SELATAN",3,120,101,221
https://kawalpemilu.org#19591,"SUKA NEGARA, MADANG SUKU II, OGAN KOMERING ULU TIMUR, SUMATERA SELATAN",4,95,134,229
https://kawalpemilu.org#19591,"SUKA NEGARA, MADANG SUKU II, OGAN KOMERING ULU TIMUR, SUMATERA SELATAN",5,55,134,189
https://kawalpemilu.org#19591,"SUKA NEGARA, MADANG SUKU II, OGAN KOMERING ULU TIMUR, SUMATERA SELATAN",6,42,45,87
https://kawalpemilu.org#19592,"RIANG BANDUNG ILIR, MADANG SUKU II, OGAN KOMERING ULU TIMUR, SUMATERA SELATAN",1,35,102,137
https://kawalpemilu.org#19592,"RIANG BANDUNG ILIR, MADANG SUKU II, OGAN KOMERING ULU TIMUR, SUMATERA SELATAN",2,48,83,131
https://kawalpemilu.org#19592,"RIANG BANDUNG ILIR, MADANG SUKU II, OGAN KOMERING ULU TIMUR, SUMATERA SELATAN",3,41,97,138
https://kawalpemilu.org#19592,"RIANG BANDUNG ILIR, MADANG SUKU II, OGAN KOMERING ULU TIMUR, SUMATERA SELATAN",4,47,88,135
https://kawalpemilu.org#19592,"RIANG BANDUNG ILIR, MADANG SUKU II, OGAN KOMERING ULU TIMUR, SUMATERA SELATAN",5,47,91,138
https://kawalpemilu.org#19592,"RIANG BANDUNG ILIR, MADANG SUKU II, OGAN KOMERING ULU TIMUR, SUMATERA SELATAN",6,80,111,191
https://kawalpemilu.org#19592,"RIANG BANDUNG ILIR, MADANG SUKU II, OGAN KOMERING ULU TIMUR, SUMATERA SELATAN",7,53,56,109
https://kawalpemilu.org#19592,"RIANG BANDUNG ILIR, MADANG SUKU II, OGAN KOMERING ULU TIMUR, SUMATERA SELATAN",8,96,100,196
https://kawalpemilu.org#19592,"RIANG BANDUNG ILIR, MADANG SUKU II, OGAN KOMERING ULU TIMUR, SUMATERA SELATAN",9,72,96,168
https://kawalpemilu.org#19592,"RIANG BANDUNG ILIR, MADANG SUKU II, OGAN KOMERING ULU TIMUR, SUMATERA SELATAN",10,99,55,154
https://kawalpemilu.org#19594,"DADI MULYO, MADANG SUKU II, OGAN KOMERING ULU TIMUR, SUMATERA SELATAN",1,55,145,200
https://kawalpemilu.org#19594,"DADI MULYO, MADANG SUKU II, OGAN KOMERING ULU TIMUR, SUMATERA SELATAN",3,81,122,203
https://kawalpemilu.org#19594,"DADI MULYO, MADANG SUKU II, OGAN KOMERING ULU TIMUR, SUMATERA SELATAN",4,132,85,217
https://kawalpemilu.org#19595,"MARGOTANI II, MADANG SUKU II, OGAN KOMERING ULU TIMUR, SUMATERA SELATAN",1,103,76,179
https://kawalpemilu.org#19595,"MARGOTANI II, MADANG SUKU II, OGAN KOMERING ULU TIMUR, SUMATERA SELATAN",2,64,120,184
https://kawalpemilu.org#19595,"MARGOTANI II, MADANG SUKU II, OGAN KOMERING ULU TIMUR, SUMATERA SELATAN",3,33,151,184
https://kawalpemilu.org#19595,"MARGOTANI II, MADANG SUKU II, OGAN KOMERING ULU TIMUR, SUMATERA SELATAN",4,45,122,167
https://kawalpemilu.org#19595,"MARGOTANI II, MADANG SUKU II, OGAN KOMERING ULU TIMUR, SUMATERA SELATAN",5,39,119,158
https://kawalpemilu.org#84715,"SRIKENCANA, MADANG SUKU II, OGAN KOMERING ULU TIMUR, SUMATERA SELATAN",1,117,92,209
https://kawalpemilu.org#84715,"SRIKENCANA, MADANG SUKU II, OGAN KOMERING ULU TIMUR, SUMATERA SELATAN",2,151,48,199
https://kawalpemilu.org#84715,"SRIKENCANA, MADANG SUKU II, OGAN KOMERING ULU TIMUR, SUMATERA SELATAN",3,70,106,176
https://kawalpemilu.org#928909,"KOTA NEGARA TIMUR, MADANG SUKU II, OGAN KOMERING ULU TIMUR, SUMATERA SELATAN",1,90,164,254
https://kawalpemilu.org#928910,"TALANG GIRING, MADANG SUKU II, OGAN KOMERING ULU TIMUR, SUMATERA SELATAN",1,75,94,169
https://kawalpemilu.org#928910,"TALANG GIRING, MADANG SUKU II, OGAN KOMERING ULU TIMUR, SUMATERA SELATAN",2,81,61,142
https://kawalpemilu.org#928910,"TALANG GIRING, MADANG SUKU II, OGAN KOMERING ULU TIMUR, SUMATERA SELATAN",3,65,70,135
https://kawalpemilu.org#928911,"KALIREJO, MADANG SUKU II, OGAN KOMERING ULU TIMUR, SUMATERA SELATAN",1,145,73,218
https://kawalpemilu.org#928911,"KALIREJO, MADANG SUKU II, OGAN KOMERING ULU TIMUR, SUMATERA SELATAN",2,122,80,202
https://kawalpemilu.org#19597,"MENDAYUN, MADANG SUKU I, OGAN KOMERING ULU TIMUR, SUMATERA SELATAN",1,53,117,170
https://kawalpemilu.org#19597,"MENDAYUN, MADANG SUKU I, OGAN KOMERING ULU TIMUR, SUMATERA SELATAN",2,109,35,144
https://kawalpemilu.org#19597,"MENDAYUN, MADANG SUKU I, OGAN KOMERING ULU TIMUR, SUMATERA SELATAN",3,129,50,179
https://kawalpemilu.org#19597,"MENDAYUN, MADANG SUKU I, OGAN KOMERING ULU TIMUR, SUMATERA SELATAN",4,73,66,139
https://kawalpemilu.org#19597,"MENDAYUN, MADANG SUKU I, OGAN KOMERING ULU TIMUR, SUMATERA SELATAN",5,60,63,123
https://kawalpemilu.org#19597,"MENDAYUN, MADANG SUKU I, OGAN KOMERING ULU TIMUR, SUMATERA SELATAN",6,87,72,159
https://kawalpemilu.org#19597,"MENDAYUN, MADANG SUKU I, OGAN KOMERING ULU TIMUR, SUMATERA SELATAN",7,111,106,217
https://kawalpemilu.org#19597,"MENDAYUN, MADANG SUKU I, OGAN KOMERING ULU TIMUR, SUMATERA SELATAN",8,139,47,186
https://kawalpemilu.org#19597,"MENDAYUN, MADANG SUKU I, OGAN KOMERING ULU TIMUR, SUMATERA SELATAN",9,79,62,141
https://kawalpemilu.org#19597,"MENDAYUN, MADANG SUKU I, OGAN KOMERING ULU TIMUR, SUMATERA SELATAN",10,84,83,167
https://kawalpemilu.org#19597,"MENDAYUN, MADANG SUKU I, OGAN KOMERING ULU TIMUR, SUMATERA SELATAN",11,109,47,156
https://kawalpemilu.org#19597,"MENDAYUN, MADANG SUKU I, OGAN KOMERING ULU TIMUR, SUMATERA SELATAN",12,97,62,159
https://kawalpemilu.org#19597,"MENDAYUN, MADANG SUKU I, OGAN KOMERING ULU TIMUR, SUMATERA SELATAN",13,104,64,168
https://kawalpemilu.org#19597,"MENDAYUN, MADANG SUKU I, OGAN KOMERING ULU TIMUR, SUMATERA SELATAN",14,75,53,128
https://kawalpemilu.org#19597,"MENDAYUN, MADANG SUKU I, OGAN KOMERING ULU TIMUR, SUMATERA SELATAN",15,69,43,112
https://kawalpemilu.org#19597,"MENDAYUN, MADANG SUKU I, OGAN KOMERING ULU TIMUR, SUMATERA SELATAN",16,85,68,153
https://kawalpemilu.org#19597,"MENDAYUN, MADANG SUKU I, OGAN KOMERING ULU TIMUR, SUMATERA SELATAN",17,101,24,125
https://kawalpemilu.org#19597,"MENDAYUN, MADANG SUKU I, OGAN KOMERING ULU TIMUR, SUMATERA SELATAN",18,54,79,133
https://kawalpemilu.org#19597,"MENDAYUN, MADANG SUKU I, OGAN KOMERING ULU TIMUR, SUMATERA SELATAN",19,110,36,146
https://kawalpemilu.org#19598,"GUNUNG TERANG, MADANG SUKU I, OGAN KOMERING ULU TIMUR, SUMATERA SELATAN",1,39,137,176
https://kawalpemilu.org#19598,"GUNUNG TERANG, MADANG SUKU I, OGAN KOMERING ULU TIMUR, SUMATERA SELATAN",2,74,83,157
https://kawalpemilu.org#19598,"GUNUNG TERANG, MADANG SUKU I, OGAN KOMERING ULU TIMUR, SUMATERA SELATAN",3,65,120,185
https://kawalpemilu.org#19598,"GUNUNG TERANG, MADANG SUKU I, OGAN KOMERING ULU TIMUR, SUMATERA SELATAN",4,50,100,150
https://kawalpemilu.org#19598,"GUNUNG TERANG, MADANG SUKU I, OGAN KOMERING ULU TIMUR, SUMATERA SELATAN",5,97,91,188
https://kawalpemilu.org#19598,"GUNUNG TERANG, MADANG SUKU I, OGAN KOMERING ULU TIMUR, SUMATERA SELATAN",6,112,125,237
https://kawalpemilu.org#19598,"GUNUNG TERANG, MADANG SUKU I, OGAN KOMERING ULU TIMUR, SUMATERA SELATAN",7,101,104,205
https://kawalpemilu.org#19598,"GUNUNG TERANG, MADANG SUKU I, OGAN KOMERING ULU TIMUR, SUMATERA SELATAN",8,59,74,133
https://kawalpemilu.org#19598,"GUNUNG TERANG, MADANG SUKU I, OGAN KOMERING ULU TIMUR, SUMATERA SELATAN",9,66,134,200
https://kawalpemilu.org#19598,"GUNUNG TERANG, MADANG SUKU I, OGAN KOMERING ULU TIMUR, SUMATERA SELATAN",10,80,98,178
https://kawalpemilu.org#19598,"GUNUNG TERANG, MADANG SUKU I, OGAN KOMERING ULU TIMUR, SUMATERA SELATAN",11,70,90,160
https://kawalpemilu.org#19598,"GUNUNG TERANG, MADANG SUKU I, OGAN KOMERING ULU TIMUR, SUMATERA SELATAN",12,62,62,124
https://kawalpemilu.org#19598,"GUNUNG TERANG, MADANG SUKU I, OGAN KOMERING ULU TIMUR, SUMATERA SELATAN",13,160,50,210
https://kawalpemilu.org#19598,"GUNUNG TERANG, MADANG SUKU I, OGAN KOMERING ULU TIMUR, SUMATERA SELATAN",14,141,52,193
https://kawalpemilu.org#19598,"GUNUNG TERANG, MADANG SUKU I, OGAN KOMERING ULU TIMUR, SUMATERA SELATAN",15,103,39,142
https://kawalpemilu.org#19598,"GUNUNG TERANG, MADANG SUKU I, OGAN KOMERING ULU TIMUR, SUMATERA SELATAN",16,110,128,238
https://kawalpemilu.org#19598,"GUNUNG TERANG, MADANG SUKU I, OGAN KOMERING ULU TIMUR, SUMATERA SELATAN",17,114,75,189
https://kawalpemilu.org#19598,"GUNUNG TERANG, MADANG SUKU I, OGAN KOMERING ULU TIMUR, SUMATERA SELATAN",18,117,83,200
https://kawalpemilu.org#19599,"KARTA MULYA, MADANG SUKU I, OGAN KOMERING ULU TIMUR, SUMATERA SELATAN",1,74,62,136
https://kawalpemilu.org#19599,"KARTA MULYA, MADANG SUKU I, OGAN KOMERING ULU TIMUR, SUMATERA SELATAN",2,44,121,165
https://kawalpemilu.org#19599,"KARTA MULYA, MADANG SUKU I, OGAN KOMERING ULU TIMUR, SUMATERA SELATAN",3,101,139,240
https://kawalpemilu.org#19599,"KARTA MULYA, MADANG SUKU I, OGAN KOMERING ULU TIMUR, SUMATERA SELATAN",4,43,51,94
https://kawalpemilu.org#19599,"KARTA MULYA, MADANG SUKU I, OGAN KOMERING ULU TIMUR, SUMATERA SELATAN",5,69,138,207
https://kawalpemilu.org#19599,"KARTA MULYA, MADANG SUKU I, OGAN KOMERING ULU TIMUR, SUMATERA SELATAN",6,107,50,157
https://kawalpemilu.org#19599,"KARTA MULYA, MADANG SUKU I, OGAN KOMERING ULU TIMUR, SUMATERA SELATAN",7,63,45,108
https://kawalpemilu.org#19600,"SIMPANG KARTA MULYA, MADANG SUKU I, OGAN KOMERING ULU TIMUR, SUMATERA SELATAN",1,76,53,129
https://kawalpemilu.org#19601,"HARJO MULYO, MADANG SUKU I, OGAN KOMERING ULU TIMUR, SUMATERA SELATAN",1,47,72,119
https://kawalpemilu.org#19601,"HARJO MULYO, MADANG SUKU I, OGAN KOMERING ULU TIMUR, SUMATERA SELATAN",2,73,61,134
https://kawalpemilu.org#19601,"HARJO MULYO, MADANG SUKU I, OGAN KOMERING ULU TIMUR, SUMATERA SELATAN",3,90,36,126
https://kawalpemilu.org#19601,"HARJO MULYO, MADANG SUKU I, OGAN KOMERING ULU TIMUR, SUMATERA SELATAN",4,72,63,135
https://kawalpemilu.org#19601,"HARJO MULYO, MADANG SUKU I, OGAN KOMERING ULU TIMUR, SUMATERA SELATAN",5,42,89,131
https://kawalpemilu.org#19601,"HARJO MULYO, MADANG SUKU I, OGAN KOMERING ULU TIMUR, SUMATERA SELATAN",6,45,77,122
https://kawalpemilu.org#19601,"HARJO MULYO, MADANG SUKU I, OGAN KOMERING ULU TIMUR, SUMATERA SELATAN",7,91,54,145
https://kawalpemilu.org#19601,"HARJO MULYO, MADANG SUKU I, OGAN KOMERING ULU TIMUR, SUMATERA SELATAN",8,64,47,111
https://kawalpemilu.org#19601,"HARJO MULYO, MADANG SUKU I, OGAN KOMERING ULU TIMUR, SUMATERA SELATAN",9,87,13,100
https://kawalpemilu.org#19601,"HARJO MULYO, MADANG SUKU I, OGAN KOMERING ULU TIMUR, SUMATERA SELATAN",10,82,47,129
https://kawalpemilu.org#19601,"HARJO MULYO, MADANG SUKU I, OGAN KOMERING ULU TIMUR, SUMATERA SELATAN",11,86,51,137
https://kawalpemilu.org#19601,"HARJO MULYO, MADANG SUKU I, OGAN KOMERING ULU TIMUR, SUMATERA SELATAN",12,81,37,118
https://kawalpemilu.org#19602,"JAYA BAKTI, MADANG SUKU I, OGAN KOMERING ULU TIMUR, SUMATERA SELATAN",1,71,106,177
https://kawalpemilu.org#19602,"JAYA BAKTI, MADANG SUKU I, OGAN KOMERING ULU TIMUR, SUMATERA SELATAN",2,32,98,130
https://kawalpemilu.org#19602,"JAYA BAKTI, MADANG SUKU I, OGAN KOMERING ULU TIMUR, SUMATERA SELATAN",3,115,70,185
https://kawalpemilu.org#19602,"JAYA BAKTI, MADANG SUKU I, OGAN KOMERING ULU TIMUR, SUMATERA SELATAN",4,80,98,178
https://kawalpemilu.org#19602,"JAYA BAKTI, MADANG SUKU I, OGAN KOMERING ULU TIMUR, SUMATERA SELATAN",5,77,107,184
https://kawalpemilu.org#19602,"JAYA BAKTI, MADANG SUKU I, OGAN KOMERING ULU TIMUR, SUMATERA SELATAN",6,70,86,156
https://kawalpemilu.org#19602,"JAYA BAKTI, MADANG SUKU I, OGAN KOMERING ULU TIMUR, SUMATERA SELATAN",7,52,106,158
https://kawalpemilu.org#19602,"JAYA BAKTI, MADANG SUKU I, OGAN KOMERING ULU TIMUR, SUMATERA SELATAN",8,78,51,129
https://kawalpemilu.org#19602,"JAYA BAKTI, MADANG SUKU I, OGAN KOMERING ULU TIMUR, SUMATERA SELATAN",9,106,46,152
https://kawalpemilu.org#19602,"JAYA BAKTI, MADANG SUKU I, OGAN KOMERING ULU TIMUR, SUMATERA SELATAN",10,32,134,166
https://kawalpemilu.org#19602,"JAYA BAKTI, MADANG SUKU I, OGAN KOMERING ULU TIMUR, SUMATERA SELATAN",11,38,63,101
https://kawalpemilu.org#19603,"RASUAN, MADANG SUKU I, OGAN KOMERING ULU TIMUR, SUMATERA SELATAN",1,111,54,165
https://kawalpemilu.org#19603,"RASUAN, MADANG SUKU I, OGAN KOMERING ULU TIMUR, SUMATERA SELATAN",2,154,81,235
https://kawalpemilu.org#19603,"RASUAN, MADANG SUKU I, OGAN KOMERING ULU TIMUR, SUMATERA SELATAN",3,86,95,181
https://kawalpemilu.org#19603,"RASUAN, MADANG SUKU I, OGAN KOMERING ULU TIMUR, SUMATERA SELATAN",4,76,91,167
https://kawalpemilu.org#19603,"RASUAN, MADANG SUKU I, OGAN KOMERING ULU TIMUR, SUMATERA SELATAN",5,74,63,137
https://kawalpemilu.org#19603,"RASUAN, MADANG SUKU I, OGAN KOMERING ULU TIMUR, SUMATERA SELATAN",6,59,81,140
https://kawalpemilu.org#19603,"RASUAN, MADANG SUKU I, OGAN KOMERING ULU TIMUR, SUMATERA SELATAN",7,71,121,192
https://kawalpemilu.org#19603,"RASUAN, MADANG SUKU I, OGAN KOMERING ULU TIMUR, SUMATERA SELATAN",8,75,134,209
https://kawalpemilu.org#19603,"RASUAN, MADANG SUKU I, OGAN KOMERING ULU TIMUR, SUMATERA SELATAN",9,72,124,196
https://kawalpemilu.org#19603,"RASUAN, MADANG SUKU I, OGAN KOMERING ULU TIMUR, SUMATERA SELATAN",10,59,70,129
https://kawalpemilu.org#19603,"RASUAN, MADANG SUKU I, OGAN KOMERING ULU TIMUR, SUMATERA SELATAN",11,54,93,147
https://kawalpemilu.org#19603,"RASUAN, MADANG SUKU I, OGAN KOMERING ULU TIMUR, SUMATERA SELATAN",12,89,91,180
https://kawalpemilu.org#19604,"MENGULAK, MADANG SUKU I, OGAN KOMERING ULU TIMUR, SUMATERA SELATAN",1,42,90,132
https://kawalpemilu.org#19604,"MENGULAK, MADANG SUKU I, OGAN KOMERING ULU TIMUR, SUMATERA SELATAN",2,55,78,133
https://kawalpemilu.org#19604,"MENGULAK, MADANG SUKU I, OGAN KOMERING ULU TIMUR, SUMATERA SELATAN",3,58,137,195
https://kawalpemilu.org#19604,"MENGULAK, MADANG SUKU I, OGAN KOMERING ULU TIMUR, SUMATERA SELATAN",4,29,97,126
https://kawalpemilu.org#19604,"MENGULAK, MADANG SUKU I, OGAN KOMERING ULU TIMUR, SUMATERA SELATAN",5,73,129,202
https://kawalpemilu.org#19604,"MENGULAK, MADANG SUKU I, OGAN KOMERING ULU TIMUR, SUMATERA SELATAN",6,36,140,176
https://kawalpemilu.org#19604,"MENGULAK, MADANG SUKU I, OGAN KOMERING ULU TIMUR, SUMATERA SELATAN",7,37,89,126
https://kawalpemilu.org#19604,"MENGULAK, MADANG SUKU I, OGAN KOMERING ULU TIMUR, SUMATERA SELATAN",8,59,74,133
https://kawalpemilu.org#19604,"MENGULAK, MADANG SUKU I, OGAN KOMERING ULU TIMUR, SUMATERA SELATAN",9,69,77,146
https://kawalpemilu.org#19604,"MENGULAK, MADANG SUKU I, OGAN KOMERING ULU TIMUR, SUMATERA SELATAN",10,55,107,162
https://kawalpemilu.org#19604,"MENGULAK, MADANG SUKU I, OGAN KOMERING ULU TIMUR, SUMATERA SELATAN",11,37,116,153
https://kawalpemilu.org#19604,"MENGULAK, MADANG SUKU I, OGAN KOMERING ULU TIMUR, SUMATERA SELATAN",12,39,91,130
https://kawalpemilu.org#19604,"MENGULAK, MADANG SUKU I, OGAN KOMERING ULU TIMUR, SUMATERA SELATAN",13,55,81,136
https://kawalpemilu.org#19605,"JATI SARI, MADANG SUKU I, OGAN KOMERING ULU TIMUR, SUMATERA SELATAN",1,59,71,130
https://kawalpemilu.org#19605,"JATI SARI, MADANG SUKU I, OGAN KOMERING ULU TIMUR, SUMATERA SELATAN",2,104,96,200
https://kawalpemilu.org#19605,"JATI SARI, MADANG SUKU I, OGAN KOMERING ULU TIMUR, SUMATERA SELATAN",3,81,32,113
https://kawalpemilu.org#19605,"JATI SARI, MADANG SUKU I, OGAN KOMERING ULU TIMUR, SUMATERA SELATAN",4,74,55,129
https://kawalpemilu.org#19605,"JATI SARI, MADANG SUKU I, OGAN KOMERING ULU TIMUR, SUMATERA SELATAN",5,111,30,141
https://kawalpemilu.org#19605,"JATI SARI, MADANG SUKU I, OGAN KOMERING ULU TIMUR, SUMATERA SELATAN",6,82,85,167
https://kawalpemilu.org#19605,"JATI SARI, MADANG SUKU I, OGAN KOMERING ULU TIMUR, SUMATERA SELATAN",7,36,102,138
https://kawalpemilu.org#19605,"JATI SARI, MADANG SUKU I, OGAN KOMERING ULU TIMUR, SUMATERA SELATAN",8,120,81,201
https://kawalpemilu.org#19605,"JATI SARI, MADANG SUKU I, OGAN KOMERING ULU TIMUR, SUMATERA SELATAN",9,62,71,133
https://kawalpemilu.org#19605,"JATI SARI, MADANG SUKU I, OGAN KOMERING ULU TIMUR, SUMATERA SELATAN",10,67,87,154
https://kawalpemilu.org#19606,"AGUNG JATI, MADANG SUKU I, OGAN KOMERING ULU TIMUR, SUMATERA SELATAN",1,109,33,142
https://kawalpemilu.org#19606,"AGUNG JATI, MADANG SUKU I, OGAN KOMERING ULU TIMUR, SUMATERA SELATAN",2,90,48,138
https://kawalpemilu.org#19606,"AGUNG JATI, MADANG SUKU I, OGAN KOMERING ULU TIMUR, SUMATERA SELATAN",3,173,103,276
https://kawalpemilu.org#19606,"AGUNG JATI, MADANG SUKU I, OGAN KOMERING ULU TIMUR, SUMATERA SELATAN",4,114,48,162
https://kawalpemilu.org#19606,"AGUNG JATI, MADANG SUKU I, OGAN KOMERING ULU TIMUR, SUMATERA SELATAN",5,103,41,144
https://kawalpemilu.org#19606,"AGUNG JATI, MADANG SUKU I, OGAN KOMERING ULU TIMUR, SUMATERA SELATAN",6,81,50,131
https://kawalpemilu.org#19606,"AGUNG JATI, MADANG SUKU I, OGAN KOMERING ULU TIMUR, SUMATERA SELATAN",7,119,37,156
https://kawalpemilu.org#19606,"AGUNG JATI, MADANG SUKU I, OGAN KOMERING ULU TIMUR, SUMATERA SELATAN",8,116,121,237
https://kawalpemilu.org#19606,"AGUNG JATI, MADANG SUKU I, OGAN KOMERING ULU TIMUR, SUMATERA SELATAN",9,135,18,153
https://kawalpemilu.org#19606,"AGUNG JATI, MADANG SUKU I, OGAN KOMERING ULU TIMUR, SUMATERA SELATAN",10,164,66,230
https://kawalpemilu.org#19606,"AGUNG JATI, MADANG SUKU I, OGAN KOMERING ULU TIMUR, SUMATERA SELATAN",11,89,78,167
https://kawalpemilu.org#19606,"AGUNG JATI, MADANG SUKU I, OGAN KOMERING ULU TIMUR, SUMATERA SELATAN",12,223,36,259
https://kawalpemilu.org#19606,"AGUNG JATI, MADANG SUKU I, OGAN KOMERING ULU TIMUR, SUMATERA SELATAN",13,116,34,150
https://kawalpemilu.org#19606,"AGUNG JATI, MADANG SUKU I, OGAN KOMERING ULU TIMUR, SUMATERA SELATAN",14,103,44,147
https://kawalpemilu.org#19606,"AGUNG JATI, MADANG SUKU I, OGAN KOMERING ULU TIMUR, SUMATERA SELATAN",15,105,23,128
https://kawalpemilu.org#19606,"AGUNG JATI, MADANG SUKU I, OGAN KOMERING ULU TIMUR, SUMATERA SELATAN",16,128,22,150
https://kawalpemilu.org#19606,"AGUNG JATI, MADANG SUKU I, OGAN KOMERING ULU TIMUR, SUMATERA SELATAN",17,75,86,161
https://kawalpemilu.org#19607,"TRIDADI, MADANG SUKU I, OGAN KOMERING ULU TIMUR, SUMATERA SELATAN",1,101,81,182
https://kawalpemilu.org#19607,"TRIDADI, MADANG SUKU I, OGAN KOMERING ULU TIMUR, SUMATERA SELATAN",2,122,58,180
https://kawalpemilu.org#19607,"TRIDADI, MADANG SUKU I, OGAN KOMERING ULU TIMUR, SUMATERA SELATAN",3,100,83,183
https://kawalpemilu.org#19607,"TRIDADI, MADANG SUKU I, OGAN KOMERING ULU TIMUR, SUMATERA SELATAN",4,122,63,185
https://kawalpemilu.org#19607,"TRIDADI, MADANG SUKU I, OGAN KOMERING ULU TIMUR, SUMATERA SELATAN",5,88,70,158
https://kawalpemilu.org#19608,"RASUAN DARAT, MADANG SUKU I, OGAN KOMERING ULU TIMUR, SUMATERA SELATAN",1,108,84,192
https://kawalpemilu.org#19608,"RASUAN DARAT, MADANG SUKU I, OGAN KOMERING ULU TIMUR, SUMATERA SELATAN",2,58,103,161
https://kawalpemilu.org#19608,"RASUAN DARAT, MADANG SUKU I, OGAN KOMERING ULU TIMUR, SUMATERA SELATAN",3,58,95,153
https://kawalpemilu.org#19608,"RASUAN DARAT, MADANG SUKU I, OGAN KOMERING ULU TIMUR, SUMATERA SELATAN",4,53,111,164
https://kawalpemilu.org#19608,"RASUAN DARAT, MADANG SUKU I, OGAN KOMERING ULU TIMUR, SUMATERA SELATAN",5,46,135,181
https://kawalpemilu.org#19608,"RASUAN DARAT, MADANG SUKU I, OGAN KOMERING ULU TIMUR, SUMATERA SELATAN",6,74,84,158
https://kawalpemilu.org#928912,"HARJO MULYO JAYA, MADANG SUKU I, OGAN KOMERING ULU TIMUR, SUMATERA SELATAN",2,85,53,138
https://kawalpemilu.org#928912,"HARJO MULYO JAYA, MADANG SUKU I, OGAN KOMERING ULU TIMUR, SUMATERA SELATAN",3,69,65,134
https://kawalpemilu.org#928912,"HARJO MULYO JAYA, MADANG SUKU I, OGAN KOMERING ULU TIMUR, SUMATERA SELATAN",4,65,69,134
https://kawalpemilu.org#928912,"HARJO MULYO JAYA, MADANG SUKU I, OGAN KOMERING ULU TIMUR, SUMATERA SELATAN",5,77,59,136
https://kawalpemilu.org#928912,"HARJO MULYO JAYA, MADANG SUKU I, OGAN KOMERING ULU TIMUR, SUMATERA SELATAN",6,84,51,135
https://kawalpemilu.org#928912,"HARJO MULYO JAYA, MADANG SUKU I, OGAN KOMERING ULU TIMUR, SUMATERA SELATAN",7,54,82,136
https://kawalpemilu.org#928912,"HARJO MULYO JAYA, MADANG SUKU I, OGAN KOMERING ULU TIMUR, SUMATERA SELATAN",8,55,67,122
https://kawalpemilu.org#928912,"HARJO MULYO JAYA, MADANG SUKU I, OGAN KOMERING ULU TIMUR, SUMATERA SELATAN",9,74,50,124
https://kawalpemilu.org#928912,"HARJO MULYO JAYA, MADANG SUKU I, OGAN KOMERING ULU TIMUR, SUMATERA SELATAN",10,87,44,131
https://kawalpemilu.org#19610,"JAYA MULYA, SEMENDAWAI SUKU III, OGAN KOMERING ULU TIMUR, SUMATERA SELATAN",1,75,89,164
https://kawalpemilu.org#19610,"JAYA MULYA, SEMENDAWAI SUKU III, OGAN KOMERING ULU TIMUR, SUMATERA SELATAN",2,56,123,179
https://kawalpemilu.org#19610,"JAYA MULYA, SEMENDAWAI SUKU III, OGAN KOMERING ULU TIMUR, SUMATERA SELATAN",3,62,147,209
https://kawalpemilu.org#19610,"JAYA MULYA, SEMENDAWAI SUKU III, OGAN KOMERING ULU TIMUR, SUMATERA SELATAN",4,64,106,170
https://kawalpemilu.org#19610,"JAYA MULYA, SEMENDAWAI SUKU III, OGAN KOMERING ULU TIMUR, SUMATERA SELATAN",5,61,105,166
https://kawalpemilu.org#19610,"JAYA MULYA, SEMENDAWAI SUKU III, OGAN KOMERING ULU TIMUR, SUMATERA SELATAN",6,71,126,197
https://kawalpemilu.org#19610,"JAYA MULYA, SEMENDAWAI SUKU III, OGAN KOMERING ULU TIMUR, SUMATERA SELATAN",7,73,144,217
https://kawalpemilu.org#19610,"JAYA MULYA, SEMENDAWAI SUKU III, OGAN KOMERING ULU TIMUR, SUMATERA SELATAN",8,62,87,149
https://kawalpemilu.org#19610,"JAYA MULYA, SEMENDAWAI SUKU III, OGAN KOMERING ULU TIMUR, SUMATERA SELATAN",9,130,64,194
https://kawalpemilu.org#19610,"JAYA MULYA, SEMENDAWAI SUKU III, OGAN KOMERING ULU TIMUR, SUMATERA SELATAN",10,77,111,188
https://kawalpemilu.org#19610,"JAYA MULYA, SEMENDAWAI SUKU III, OGAN KOMERING ULU TIMUR, SUMATERA SELATAN",11,63,116,179
https://kawalpemilu.org#19611,"GUNUNG SUGIH, SEMENDAWAI SUKU III, OGAN KOMERING ULU TIMUR, SUMATERA SELATAN",1,53,140,193
https://kawalpemilu.org#19611,"GUNUNG SUGIH, SEMENDAWAI SUKU III, OGAN KOMERING ULU TIMUR, SUMATERA SELATAN",2,51,134,185
https://kawalpemilu.org#19611,"GUNUNG SUGIH, SEMENDAWAI SUKU III, OGAN KOMERING ULU TIMUR, SUMATERA SELATAN",3,123,64,187
https://kawalpemilu.org#19611,"GUNUNG SUGIH, SEMENDAWAI SUKU III, OGAN KOMERING ULU TIMUR, SUMATERA SELATAN",4,47,143,190
https://kawalpemilu.org#19611,"GUNUNG SUGIH, SEMENDAWAI SUKU III, OGAN KOMERING ULU TIMUR, SUMATERA SELATAN",5,66,111,177
https://kawalpemilu.org#19612,"MARGO REJO, SEMENDAWAI SUKU III, OGAN KOMERING ULU TIMUR, SUMATERA SELATAN",1,153,64,217
https://kawalpemilu.org#19612,"MARGO REJO, SEMENDAWAI SUKU III, OGAN KOMERING ULU TIMUR, SUMATERA SELATAN",2,141,58,199
https://kawalpemilu.org#19612,"MARGO REJO, SEMENDAWAI SUKU III, OGAN KOMERING ULU TIMUR, SUMATERA SELATAN",3,118,58,176
https://kawalpemilu.org#19612,"MARGO REJO, SEMENDAWAI SUKU III, OGAN KOMERING ULU TIMUR, SUMATERA SELATAN",4,157,48,205
https://kawalpemilu.org#19612,"MARGO REJO, SEMENDAWAI SUKU III, OGAN KOMERING ULU TIMUR, SUMATERA SELATAN",5,157,47,204
https://kawalpemilu.org#19612,"MARGO REJO, SEMENDAWAI SUKU III, OGAN KOMERING ULU TIMUR, SUMATERA SELATAN",6,132,51,183
https://kawalpemilu.org#19612,"MARGO REJO, SEMENDAWAI SUKU III, OGAN KOMERING ULU TIMUR, SUMATERA SELATAN",7,185,37,222
https://kawalpemilu.org#19613,"TRIMOHARJO, SEMENDAWAI SUKU III, OGAN KOMERING ULU TIMUR, SUMATERA SELATAN",1,90,65,155
https://kawalpemilu.org#19613,"TRIMOHARJO, SEMENDAWAI SUKU III, OGAN KOMERING ULU TIMUR, SUMATERA SELATAN",2,81,89,170
https://kawalpemilu.org#19613,"TRIMOHARJO, SEMENDAWAI SUKU III, OGAN KOMERING ULU TIMUR, SUMATERA SELATAN",3,84,98,182
https://kawalpemilu.org#19613,"TRIMOHARJO, SEMENDAWAI SUKU III, OGAN KOMERING ULU TIMUR, SUMATERA SELATAN",4,97,72,169
https://kawalpemilu.org#19613,"TRIMOHARJO, SEMENDAWAI SUKU III, OGAN KOMERING ULU TIMUR, SUMATERA SELATAN",5,146,54,200
https://kawalpemilu.org#19613,"TRIMOHARJO, SEMENDAWAI SUKU III, OGAN KOMERING ULU TIMUR, SUMATERA SELATAN",6,60,130,190
https://kawalpemilu.org#19613,"TRIMOHARJO, SEMENDAWAI SUKU III, OGAN KOMERING ULU TIMUR, SUMATERA SELATAN",7,36,153,189
https://kawalpemilu.org#19613,"TRIMOHARJO, SEMENDAWAI SUKU III, OGAN KOMERING ULU TIMUR, SUMATERA SELATAN",8,33,162,195
https://kawalpemilu.org#19613,"TRIMOHARJO, SEMENDAWAI SUKU III, OGAN KOMERING ULU TIMUR, SUMATERA SELATAN",9,95,110,205
https://kawalpemilu.org#19613,"TRIMOHARJO, SEMENDAWAI SUKU III, OGAN KOMERING ULU TIMUR, SUMATERA SELATAN",10,71,108,179
https://kawalpemilu.org#19613,"TRIMOHARJO, SEMENDAWAI SUKU III, OGAN KOMERING ULU TIMUR, SUMATERA SELATAN",11,71,81,152
https://kawalpemilu.org#19613,"TRIMOHARJO, SEMENDAWAI SUKU III, OGAN KOMERING ULU TIMUR, SUMATERA SELATAN",12,116,37,153
https://kawalpemilu.org#19613,"TRIMOHARJO, SEMENDAWAI SUKU III, OGAN KOMERING ULU TIMUR, SUMATERA SELATAN",13,92,65,157
https://kawalpemilu.org#19613,"TRIMOHARJO, SEMENDAWAI SUKU III, OGAN KOMERING ULU TIMUR, SUMATERA SELATAN",14,69,94,163
https://kawalpemilu.org#19613,"TRIMOHARJO, SEMENDAWAI SUKU III, OGAN KOMERING ULU TIMUR, SUMATERA SELATAN",15,71,99,170
https://kawalpemilu.org#19614,"TAMAN AGUNG, SEMENDAWAI SUKU III, OGAN KOMERING ULU TIMUR, SUMATERA SELATAN",1,74,115,189
https://kawalpemilu.org#19614,"TAMAN AGUNG, SEMENDAWAI SUKU III, OGAN KOMERING ULU TIMUR, SUMATERA SELATAN",2,0,0,0
https://kawalpemilu.org#19614,"TAMAN AGUNG, SEMENDAWAI SUKU III, OGAN KOMERING ULU TIMUR, SUMATERA SELATAN",3,122,91,213
https://kawalpemilu.org#19614,"TAMAN AGUNG, SEMENDAWAI SUKU III, OGAN KOMERING ULU TIMUR, SUMATERA SELATAN",4,77,111,188
https://kawalpemilu.org#19614,"TAMAN AGUNG, SEMENDAWAI SUKU III, OGAN KOMERING ULU TIMUR, SUMATERA SELATAN",5,109,97,206
https://kawalpemilu.org#19614,"TAMAN AGUNG, SEMENDAWAI SUKU III, OGAN KOMERING ULU TIMUR, SUMATERA SELATAN",6,114,90,204
https://kawalpemilu.org#19615,"KRUJON, SEMENDAWAI SUKU III, OGAN KOMERING ULU TIMUR, SUMATERA SELATAN",1,77,123,200
https://kawalpemilu.org#19615,"KRUJON, SEMENDAWAI SUKU III, OGAN KOMERING ULU TIMUR, SUMATERA SELATAN",2,65,89,154
https://kawalpemilu.org#19615,"KRUJON, SEMENDAWAI SUKU III, OGAN KOMERING ULU TIMUR, SUMATERA SELATAN",3,98,82,180
https://kawalpemilu.org#19615,"KRUJON, SEMENDAWAI SUKU III, OGAN KOMERING ULU TIMUR, SUMATERA SELATAN",4,106,84,190
https://kawalpemilu.org#19615,"KRUJON, SEMENDAWAI SUKU III, OGAN KOMERING ULU TIMUR, SUMATERA SELATAN",5,83,110,193
https://kawalpemilu.org#19616,"KARANG ENDAH, SEMENDAWAI SUKU III, OGAN KOMERING ULU TIMUR, SUMATERA SELATAN",1,54,153,207
https://kawalpemilu.org#19616,"KARANG ENDAH, SEMENDAWAI SUKU III, OGAN KOMERING ULU TIMUR, SUMATERA SELATAN",2,36,177,213
https://kawalpemilu.org#19616,"KARANG ENDAH, SEMENDAWAI SUKU III, OGAN KOMERING ULU TIMUR, SUMATERA SELATAN",3,64,172,236
https://kawalpemilu.org#19616,"KARANG ENDAH, SEMENDAWAI SUKU III, OGAN KOMERING ULU TIMUR, SUMATERA SELATAN",4,51,156,207
https://kawalpemilu.org#19616,"KARANG ENDAH, SEMENDAWAI SUKU III, OGAN KOMERING ULU TIMUR, SUMATERA SELATAN",5,64,131,195
https://kawalpemilu.org#19616,"KARANG ENDAH, SEMENDAWAI SUKU III, OGAN KOMERING ULU TIMUR, SUMATERA SELATAN",6,61,181,242
https://kawalpemilu.org#19616,"KARANG ENDAH, SEMENDAWAI SUKU III, OGAN KOMERING ULU TIMUR, SUMATERA SELATAN",7,70,169,239
https://kawalpemilu.org#19616,"KARANG ENDAH, SEMENDAWAI SUKU III, OGAN KOMERING ULU TIMUR, SUMATERA SELATAN",8,58,135,193
https://kawalpemilu.org#19617,"SRIWANGI, SEMENDAWAI SUKU III, OGAN KOMERING ULU TIMUR, SUMATERA SELATAN",1,109,70,179
https://kawalpemilu.org#19617,"SRIWANGI, SEMENDAWAI SUKU III, OGAN KOMERING ULU TIMUR, SUMATERA SELATAN",2,94,79,173
https://kawalpemilu.org#19617,"SRIWANGI, SEMENDAWAI SUKU III, OGAN KOMERING ULU TIMUR, SUMATERA SELATAN",3,95,98,193
https://kawalpemilu.org#19617,"SRIWANGI, SEMENDAWAI SUKU III, OGAN KOMERING ULU TIMUR, SUMATERA SELATAN",4,102,86,188
https://kawalpemilu.org#19617,"SRIWANGI, SEMENDAWAI SUKU III, OGAN KOMERING ULU TIMUR, SUMATERA SELATAN",5,61,89,150
https://kawalpemilu.org#19617,"SRIWANGI, SEMENDAWAI SUKU III, OGAN KOMERING ULU TIMUR, SUMATERA SELATAN",6,81,105,186
https://kawalpemilu.org#19617,"SRIWANGI, SEMENDAWAI SUKU III, OGAN KOMERING ULU TIMUR, SUMATERA SELATAN",7,66,75,141
https://kawalpemilu.org#19617,"SRIWANGI, SEMENDAWAI SUKU III, OGAN KOMERING ULU TIMUR, SUMATERA SELATAN",8,70,72,142
https://kawalpemilu.org#19617,"SRIWANGI, SEMENDAWAI SUKU III, OGAN KOMERING ULU TIMUR, SUMATERA SELATAN",9,72,80,152
https://kawalpemilu.org#19618,"CAHYA NEGERI, SEMENDAWAI SUKU III, OGAN KOMERING ULU TIMUR, SUMATERA SELATAN",1,92,116,208
https://kawalpemilu.org#19618,"CAHYA NEGERI, SEMENDAWAI SUKU III, OGAN KOMERING ULU TIMUR, SUMATERA SELATAN",2,118,104,222
https://kawalpemilu.org#19618,"CAHYA NEGERI, SEMENDAWAI SUKU III, OGAN KOMERING ULU TIMUR, SUMATERA SELATAN",3,75,112,187
https://kawalpemilu.org#19618,"CAHYA NEGERI, SEMENDAWAI SUKU III, OGAN KOMERING ULU TIMUR, SUMATERA SELATAN",4,87,136,223
https://kawalpemilu.org#19618,"CAHYA NEGERI, SEMENDAWAI SUKU III, OGAN KOMERING ULU TIMUR, SUMATERA SELATAN",5,82,107,189
https://kawalpemilu.org#19619,"SUKA MULYA, SEMENDAWAI SUKU III, OGAN KOMERING ULU TIMUR, SUMATERA SELATAN",1,94,89,183
https://kawalpemilu.org#19619,"SUKA MULYA, SEMENDAWAI SUKU III, OGAN KOMERING ULU TIMUR, SUMATERA SELATAN",2,85,120,205
https://kawalpemilu.org#19619,"SUKA MULYA, SEMENDAWAI SUKU III, OGAN KOMERING ULU TIMUR, SUMATERA SELATAN",3,62,141,203
https://kawalpemilu.org#19619,"SUKA MULYA, SEMENDAWAI SUKU III, OGAN KOMERING ULU TIMUR, SUMATERA SELATAN",4,72,142,214
https://kawalpemilu.org#19620,"TARAMAN, SEMENDAWAI SUKU III, OGAN KOMERING ULU TIMUR, SUMATERA SELATAN",1,97,71,168
https://kawalpemilu.org#19620,"TARAMAN, SEMENDAWAI SUKU III, OGAN KOMERING ULU TIMUR, SUMATERA SELATAN",2,89,70,159
https://kawalpemilu.org#19620,"TARAMAN, SEMENDAWAI SUKU III, OGAN KOMERING ULU TIMUR, SUMATERA SELATAN",3,108,66,174
https://kawalpemilu.org#19620,"TARAMAN, SEMENDAWAI SUKU III, OGAN KOMERING ULU TIMUR, SUMATERA SELATAN",4,106,56,162
https://kawalpemilu.org#19620,"TARAMAN, SEMENDAWAI SUKU III, OGAN KOMERING ULU TIMUR, SUMATERA SELATAN",5,119,55,174
https://kawalpemilu.org#19620,"TARAMAN, SEMENDAWAI SUKU III, OGAN KOMERING ULU TIMUR, SUMATERA SELATAN",6,134,69,203
https://kawalpemilu.org#19620,"TARAMAN, SEMENDAWAI SUKU III, OGAN KOMERING ULU TIMUR, SUMATERA SELATAN",7,88,48,136
https://kawalpemilu.org#19620,"TARAMAN, SEMENDAWAI SUKU III, OGAN KOMERING ULU TIMUR, SUMATERA SELATAN",8,28,28,56
https://kawalpemilu.org#19621,"MARGODADI, SEMENDAWAI SUKU III, OGAN KOMERING ULU TIMUR, SUMATERA SELATAN",1,100,79,179
https://kawalpemilu.org#19621,"MARGODADI, SEMENDAWAI SUKU III, OGAN KOMERING ULU TIMUR, SUMATERA SELATAN",2,147,56,203
https://kawalpemilu.org#19621,"MARGODADI, SEMENDAWAI SUKU III, OGAN KOMERING ULU TIMUR, SUMATERA SELATAN",3,145,69,214
https://kawalpemilu.org#19621,"MARGODADI, SEMENDAWAI SUKU III, OGAN KOMERING ULU TIMUR, SUMATERA SELATAN",4,124,62,186
https://kawalpemilu.org#19621,"MARGODADI, SEMENDAWAI SUKU III, OGAN KOMERING ULU TIMUR, SUMATERA SELATAN",6,119,57,176
https://kawalpemilu.org#19622,"TAMAN HARJO, SEMENDAWAI SUKU III, OGAN KOMERING ULU TIMUR, SUMATERA SELATAN",1,156,44,200
https://kawalpemilu.org#19622,"TAMAN HARJO, SEMENDAWAI SUKU III, OGAN KOMERING ULU TIMUR, SUMATERA SELATAN",2,117,47,164
https://kawalpemilu.org#19622,"TAMAN HARJO, SEMENDAWAI SUKU III, OGAN KOMERING ULU TIMUR, SUMATERA SELATAN",3,123,78,201
https://kawalpemilu.org#19622,"TAMAN HARJO, SEMENDAWAI SUKU III, OGAN KOMERING ULU TIMUR, SUMATERA SELATAN",4,134,60,194
https://kawalpemilu.org#19622,"TAMAN HARJO, SEMENDAWAI SUKU III, OGAN KOMERING ULU TIMUR, SUMATERA SELATAN",5,123,56,179
https://kawalpemilu.org#19623,"TAMAN MULYO, SEMENDAWAI SUKU III, OGAN KOMERING ULU TIMUR, SUMATERA SELATAN",1,120,60,180
https://kawalpemilu.org#19623,"TAMAN MULYO, SEMENDAWAI SUKU III, OGAN KOMERING ULU TIMUR, SUMATERA SELATAN",2,122,31,153
https://kawalpemilu.org#19623,"TAMAN MULYO, SEMENDAWAI SUKU III, OGAN KOMERING ULU TIMUR, SUMATERA SELATAN",3,146,61,207
https://kawalpemilu.org#19623,"TAMAN MULYO, SEMENDAWAI SUKU III, OGAN KOMERING ULU TIMUR, SUMATERA SELATAN",4,104,56,160
https://kawalpemilu.org#19624,"MUJO RAHAYU, SEMENDAWAI SUKU III, OGAN KOMERING ULU TIMUR, SUMATERA SELATAN",1,148,85,233
https://kawalpemilu.org#19624,"MUJO RAHAYU, SEMENDAWAI SUKU III, OGAN KOMERING ULU TIMUR, SUMATERA SELATAN",2,117,130,247
https://kawalpemilu.org#19624,"MUJO RAHAYU, SEMENDAWAI SUKU III, OGAN KOMERING ULU TIMUR, SUMATERA SELATAN",3,174,45,219
https://kawalpemilu.org#19624,"MUJO RAHAYU, SEMENDAWAI SUKU III, OGAN KOMERING ULU TIMUR, SUMATERA SELATAN",4,153,80,233
https://kawalpemilu.org#19624,"MUJO RAHAYU, SEMENDAWAI SUKU III, OGAN KOMERING ULU TIMUR, SUMATERA SELATAN",5,121,111,232
https://kawalpemilu.org#19624,"MUJO RAHAYU, SEMENDAWAI SUKU III, OGAN KOMERING ULU TIMUR, SUMATERA SELATAN",6,75,138,213
https://kawalpemilu.org#19624,"MUJO RAHAYU, SEMENDAWAI SUKU III, OGAN KOMERING ULU TIMUR, SUMATERA SELATAN",7,80,75,155
https://kawalpemilu.org#19624,"MUJO RAHAYU, SEMENDAWAI SUKU III, OGAN KOMERING ULU TIMUR, SUMATERA SELATAN",8,81,57,138
https://kawalpemilu.org#19625,"SRIWANGI ULU, SEMENDAWAI SUKU III, OGAN KOMERING ULU TIMUR, SUMATERA SELATAN",1,113,85,198
https://kawalpemilu.org#19625,"SRIWANGI ULU, SEMENDAWAI SUKU III, OGAN KOMERING ULU TIMUR, SUMATERA SELATAN",2,94,108,202
https://kawalpemilu.org#19625,"SRIWANGI ULU, SEMENDAWAI SUKU III, OGAN KOMERING ULU TIMUR, SUMATERA SELATAN",3,106,101,207
https://kawalpemilu.org#19625,"SRIWANGI ULU, SEMENDAWAI SUKU III, OGAN KOMERING ULU TIMUR, SUMATERA SELATAN",4,83,112,195
https://kawalpemilu.org#19625,"SRIWANGI ULU, SEMENDAWAI SUKU III, OGAN KOMERING ULU TIMUR, SUMATERA SELATAN",5,92,85,177
https://kawalpemilu.org#19625,"SRIWANGI ULU, SEMENDAWAI SUKU III, OGAN KOMERING ULU TIMUR, SUMATERA SELATAN",6,72,76,148
https://kawalpemilu.org#19626,"TRIMO REJO, SEMENDAWAI SUKU III, OGAN KOMERING ULU TIMUR, SUMATERA SELATAN",1,93,99,192
https://kawalpemilu.org#19626,"TRIMO REJO, SEMENDAWAI SUKU III, OGAN KOMERING ULU TIMUR, SUMATERA SELATAN",2,68,126,194
https://kawalpemilu.org#19626,"TRIMO REJO, SEMENDAWAI SUKU III, OGAN KOMERING ULU TIMUR, SUMATERA SELATAN",3,92,110,202
https://kawalpemilu.org#19626,"TRIMO REJO, SEMENDAWAI SUKU III, OGAN KOMERING ULU TIMUR, SUMATERA SELATAN",4,101,78,179
https://kawalpemilu.org#19626,"TRIMO REJO, SEMENDAWAI SUKU III, OGAN KOMERING ULU TIMUR, SUMATERA SELATAN",5,92,102,194
https://kawalpemilu.org#19626,"TRIMO REJO, SEMENDAWAI SUKU III, OGAN KOMERING ULU TIMUR, SUMATERA SELATAN",6,96,105,201
https://kawalpemilu.org#19626,"TRIMO REJO, SEMENDAWAI SUKU III, OGAN KOMERING ULU TIMUR, SUMATERA SELATAN",7,86,125,211
https://kawalpemilu.org#19627,"TARAMAN JAYA, SEMENDAWAI SUKU III, OGAN KOMERING ULU TIMUR, SUMATERA SELATAN",1,64,120,184
https://kawalpemilu.org#19627,"TARAMAN JAYA, SEMENDAWAI SUKU III, OGAN KOMERING ULU TIMUR, SUMATERA SELATAN",2,73,111,184
https://kawalpemilu.org#19627,"TARAMAN JAYA, SEMENDAWAI SUKU III, OGAN KOMERING ULU TIMUR, SUMATERA SELATAN",3,69,115,184
https://kawalpemilu.org#19627,"TARAMAN JAYA, SEMENDAWAI SUKU III, OGAN KOMERING ULU TIMUR, SUMATERA SELATAN",4,89,93,182
https://kawalpemilu.org#19627,"TARAMAN JAYA, SEMENDAWAI SUKU III, OGAN KOMERING ULU TIMUR, SUMATERA SELATAN",5,102,76,178
https://kawalpemilu.org#19627,"TARAMAN JAYA, SEMENDAWAI SUKU III, OGAN KOMERING ULU TIMUR, SUMATERA SELATAN",6,97,69,166
https://kawalpemilu.org#19627,"TARAMAN JAYA, SEMENDAWAI SUKU III, OGAN KOMERING ULU TIMUR, SUMATERA SELATAN",7,86,113,199
https://kawalpemilu.org#19627,"TARAMAN JAYA, SEMENDAWAI SUKU III, OGAN KOMERING ULU TIMUR, SUMATERA SELATAN",8,73,111,184
https://kawalpemilu.org#19627,"TARAMAN JAYA, SEMENDAWAI SUKU III, OGAN KOMERING ULU TIMUR, SUMATERA SELATAN",9,72,122,194
https://kawalpemilu.org#19628,"KARANG MARGA, SEMENDAWAI SUKU III, OGAN KOMERING ULU TIMUR, SUMATERA SELATAN",1,161,20,181
https://kawalpemilu.org#19628,"KARANG MARGA, SEMENDAWAI SUKU III, OGAN KOMERING ULU TIMUR, SUMATERA SELATAN",2,103,36,139
https://kawalpemilu.org#19628,"KARANG MARGA, SEMENDAWAI SUKU III, OGAN KOMERING ULU TIMUR, SUMATERA SELATAN",3,111,94,205
https://kawalpemilu.org#19628,"KARANG MARGA, SEMENDAWAI SUKU III, OGAN KOMERING ULU TIMUR, SUMATERA SELATAN",4,153,67,220
https://kawalpemilu.org#19628,"KARANG MARGA, SEMENDAWAI SUKU III, OGAN KOMERING ULU TIMUR, SUMATERA SELATAN",5,93,57,150
https://kawalpemilu.org#19628,"KARANG MARGA, SEMENDAWAI SUKU III, OGAN KOMERING ULU TIMUR, SUMATERA SELATAN",6,110,108,218
https://kawalpemilu.org#19630,"TANJUNG KEMUNING, BELITANG II, OGAN KOMERING ULU TIMUR, SUMATERA SELATAN",1,124,122,246
https://kawalpemilu.org#19630,"TANJUNG KEMUNING, BELITANG II, OGAN KOMERING ULU TIMUR, SUMATERA SELATAN",2,95,135,230
https://kawalpemilu.org#19630,"TANJUNG KEMUNING, BELITANG II, OGAN KOMERING ULU TIMUR, SUMATERA SELATAN",3,78,172,250
https://kawalpemilu.org#19630,"TANJUNG KEMUNING, BELITANG II, OGAN KOMERING ULU TIMUR, SUMATERA SELATAN",4,116,140,256
https://kawalpemilu.org#19630,"TANJUNG KEMUNING, BELITANG II, OGAN KOMERING ULU TIMUR, SUMATERA SELATAN",5,79,134,213
https://kawalpemilu.org#19630,"TANJUNG KEMUNING, BELITANG II, OGAN KOMERING ULU TIMUR, SUMATERA SELATAN",6,105,146,251
https://kawalpemilu.org#19631,"RAMAN JAYA, BELITANG II, OGAN KOMERING ULU TIMUR, SUMATERA SELATAN",1,66,86,152
https://kawalpemilu.org#19631,"RAMAN JAYA, BELITANG II, OGAN KOMERING ULU TIMUR, SUMATERA SELATAN",2,116,59,175
https://kawalpemilu.org#19631,"RAMAN JAYA, BELITANG II, OGAN KOMERING ULU TIMUR, SUMATERA SELATAN",3,150,61,211
https://kawalpemilu.org#19631,"RAMAN JAYA, BELITANG II, OGAN KOMERING ULU TIMUR, SUMATERA SELATAN",4,133,72,205
https://kawalpemilu.org#19631,"RAMAN JAYA, BELITANG II, OGAN KOMERING ULU TIMUR, SUMATERA SELATAN",5,84,91,175
https://kawalpemilu.org#19632,"SUMBER JAYA, BELITANG II, OGAN KOMERING ULU TIMUR, SUMATERA SELATAN",1,123,71,194
https://kawalpemilu.org#19632,"SUMBER JAYA, BELITANG II, OGAN KOMERING ULU TIMUR, SUMATERA SELATAN",2,94,56,150
https://kawalpemilu.org#19632,"SUMBER JAYA, BELITANG II, OGAN KOMERING ULU TIMUR, SUMATERA SELATAN",3,92,96,188
https://kawalpemilu.org#19632,"SUMBER JAYA, BELITANG II, OGAN KOMERING ULU TIMUR, SUMATERA SELATAN",4,88,97,185
https://kawalpemilu.org#19632,"SUMBER JAYA, BELITANG II, OGAN KOMERING ULU TIMUR, SUMATERA SELATAN",5,91,105,196
https://kawalpemilu.org#19632,"SUMBER JAYA, BELITANG II, OGAN KOMERING ULU TIMUR, SUMATERA SELATAN",6,84,103,187
https://kawalpemilu.org#19632,"SUMBER JAYA, BELITANG II, OGAN KOMERING ULU TIMUR, SUMATERA SELATAN",7,96,80,176
https://kawalpemilu.org#19632,"SUMBER JAYA, BELITANG II, OGAN KOMERING ULU TIMUR, SUMATERA SELATAN",8,82,93,175
https://kawalpemilu.org#19632,"SUMBER JAYA, BELITANG II, OGAN KOMERING ULU TIMUR, SUMATERA SELATAN",9,70,100,170
https://kawalpemilu.org#19632,"SUMBER JAYA, BELITANG II, OGAN KOMERING ULU TIMUR, SUMATERA SELATAN",10,73,115,188
https://kawalpemilu.org#19632,"SUMBER JAYA, BELITANG II, OGAN KOMERING ULU TIMUR, SUMATERA SELATAN",11,107,86,193
https://kawalpemilu.org#19633,"SUMBER REJO, BELITANG II, OGAN KOMERING ULU TIMUR, SUMATERA SELATAN",1,63,124,187
https://kawalpemilu.org#19633,"SUMBER REJO, BELITANG II, OGAN KOMERING ULU TIMUR, SUMATERA SELATAN",2,81,100,181
https://kawalpemilu.org#19633,"SUMBER REJO, BELITANG II, OGAN KOMERING ULU TIMUR, SUMATERA SELATAN",3,124,46,170
https://kawalpemilu.org#19634,"SUMBER SARI, BELITANG II, OGAN KOMERING ULU TIMUR, SUMATERA SELATAN",1,103,104,207
https://kawalpemilu.org#19634,"SUMBER SARI, BELITANG II, OGAN KOMERING ULU TIMUR, SUMATERA SELATAN",2,0,0,0
https://kawalpemilu.org#19634,"SUMBER SARI, BELITANG II, OGAN KOMERING ULU TIMUR, SUMATERA SELATAN",3,91,124,215
https://kawalpemilu.org#19634,"SUMBER SARI, BELITANG II, OGAN KOMERING ULU TIMUR, SUMATERA SELATAN",4,94,120,214
https://kawalpemilu.org#19634,"SUMBER SARI, BELITANG II, OGAN KOMERING ULU TIMUR, SUMATERA SELATAN",5,87,127,214
https://kawalpemilu.org#19634,"SUMBER SARI, BELITANG II, OGAN KOMERING ULU TIMUR, SUMATERA SELATAN",6,143,105,248
https://kawalpemilu.org#19634,"SUMBER SARI, BELITANG II, OGAN KOMERING ULU TIMUR, SUMATERA SELATAN",7,133,86,219
https://kawalpemilu.org#19634,"SUMBER SARI, BELITANG II, OGAN KOMERING ULU TIMUR, SUMATERA SELATAN",8,147,75,222
https://kawalpemilu.org#19635,"TEGAL SARI, BELITANG II, OGAN KOMERING ULU TIMUR, SUMATERA SELATAN",1,114,97,211
https://kawalpemilu.org#19635,"TEGAL SARI, BELITANG II, OGAN KOMERING ULU TIMUR, SUMATERA SELATAN",2,151,70,221
https://kawalpemilu.org#19635,"TEGAL SARI, BELITANG II, OGAN KOMERING ULU TIMUR, SUMATERA SELATAN",3,136,67,203
https://kawalpemilu.org#19635,"TEGAL SARI, BELITANG II, OGAN KOMERING ULU TIMUR, SUMATERA SELATAN",4,117,80,197
https://kawalpemilu.org#19635,"TEGAL SARI, BELITANG II, OGAN KOMERING ULU TIMUR, SUMATERA SELATAN",5,159,36,195
https://kawalpemilu.org#19636,"SRI BANTOLO, BELITANG II, OGAN KOMERING ULU TIMUR, SUMATERA SELATAN",1,58,149,207
https://kawalpemilu.org#19636,"SRI BANTOLO, BELITANG II, OGAN KOMERING ULU TIMUR, SUMATERA SELATAN",2,91,126,217
https://kawalpemilu.org#19636,"SRI BANTOLO, BELITANG II, OGAN KOMERING ULU TIMUR, SUMATERA SELATAN",3,129,89,218
https://kawalpemilu.org#19636,"SRI BANTOLO, BELITANG II, OGAN KOMERING ULU TIMUR, SUMATERA SELATAN",4,125,84,209
https://kawalpemilu.org#19637,"SUMBER RAHAYU, BELITANG II, OGAN KOMERING ULU TIMUR, SUMATERA SELATAN",1,92,96,188
https://kawalpemilu.org#19637,"SUMBER RAHAYU, BELITANG II, OGAN KOMERING ULU TIMUR, SUMATERA SELATAN",2,93,89,182
https://kawalpemilu.org#19637,"SUMBER RAHAYU, BELITANG II, OGAN KOMERING ULU TIMUR, SUMATERA SELATAN",3,60,134,194
https://kawalpemilu.org#19637,"SUMBER RAHAYU, BELITANG II, OGAN KOMERING ULU TIMUR, SUMATERA SELATAN",4,57,98,155
https://kawalpemilu.org#19638,"MARGO MULYO, BELITANG II, OGAN KOMERING ULU TIMUR, SUMATERA SELATAN",1,124,114,238
https://kawalpemilu.org#19638,"MARGO MULYO, BELITANG II, OGAN KOMERING ULU TIMUR, SUMATERA SELATAN",2,89,144,233
https://kawalpemilu.org#19638,"MARGO MULYO, BELITANG II, OGAN KOMERING ULU TIMUR, SUMATERA SELATAN",3,71,154,225
https://kawalpemilu.org#19638,"MARGO MULYO, BELITANG II, OGAN KOMERING ULU TIMUR, SUMATERA SELATAN",4,112,98,210
https://kawalpemilu.org#19638,"MARGO MULYO, BELITANG II, OGAN KOMERING ULU TIMUR, SUMATERA SELATAN",5,122,75,197
https://kawalpemilu.org#19638,"MARGO MULYO, BELITANG II, OGAN KOMERING ULU TIMUR, SUMATERA SELATAN",6,117,93,210
https://kawalpemilu.org#19638,"MARGO MULYO, BELITANG II, OGAN KOMERING ULU TIMUR, SUMATERA SELATAN",7,55,165,220
https://kawalpemilu.org#19638,"MARGO MULYO, BELITANG II, OGAN KOMERING ULU TIMUR, SUMATERA SELATAN",8,65,140,205
https://kawalpemilu.org#19638,"MARGO MULYO, BELITANG II, OGAN KOMERING ULU TIMUR, SUMATERA SELATAN",9,51,171,222
https://kawalpemilu.org#19638,"MARGO MULYO, BELITANG II, OGAN KOMERING ULU TIMUR, SUMATERA SELATAN",10,40,156,196
https://kawalpemilu.org#19638,"MARGO MULYO, BELITANG II, OGAN KOMERING ULU TIMUR, SUMATERA SELATAN",11,71,104,175
https://kawalpemilu.org#19638,"MARGO MULYO, BELITANG II, OGAN KOMERING ULU TIMUR, SUMATERA SELATAN",12,58,103,161
https://kawalpemilu.org#19638,"MARGO MULYO, BELITANG II, OGAN KOMERING ULU TIMUR, SUMATERA SELATAN",13,64,137,201
https://kawalpemilu.org#19638,"MARGO MULYO, BELITANG II, OGAN KOMERING ULU TIMUR, SUMATERA SELATAN",14,23,193,216
https://kawalpemilu.org#19639,"PURWOSARI, BELITANG II, OGAN KOMERING ULU TIMUR, SUMATERA SELATAN",1,17,127,144
https://kawalpemilu.org#19640,"KARANG MANIK, BELITANG II, OGAN KOMERING ULU TIMUR, SUMATERA SELATAN",1,153,27,180
https://kawalpemilu.org#19640,"KARANG MANIK, BELITANG II, OGAN KOMERING ULU TIMUR, SUMATERA SELATAN",2,90,90,180
https://kawalpemilu.org#19640,"KARANG MANIK, BELITANG II, OGAN KOMERING ULU TIMUR, SUMATERA SELATAN",3,87,95,182
https://kawalpemilu.org#19640,"KARANG MANIK, BELITANG II, OGAN KOMERING ULU TIMUR, SUMATERA SELATAN",4,98,70,168
https://kawalpemilu.org#19640,"KARANG MANIK, BELITANG II, OGAN KOMERING ULU TIMUR, SUMATERA SELATAN",5,73,124,197
https://kawalpemilu.org#19640,"KARANG MANIK, BELITANG II, OGAN KOMERING ULU TIMUR, SUMATERA SELATAN",6,60,100,160
https://kawalpemilu.org#19640,"KARANG MANIK, BELITANG II, OGAN KOMERING ULU TIMUR, SUMATERA SELATAN",7,52,121,173
https://kawalpemilu.org#19641,"SUMBER HARAPAN, BELITANG II, OGAN KOMERING ULU TIMUR, SUMATERA SELATAN",1,112,159,271
https://kawalpemilu.org#19641,"SUMBER HARAPAN, BELITANG II, OGAN KOMERING ULU TIMUR, SUMATERA SELATAN",2,126,93,219
https://kawalpemilu.org#19641,"SUMBER HARAPAN, BELITANG II, OGAN KOMERING ULU TIMUR, SUMATERA SELATAN",3,73,98,171
https://kawalpemilu.org#19641,"SUMBER HARAPAN, BELITANG II, OGAN KOMERING ULU TIMUR, SUMATERA SELATAN",4,64,67,131
https://kawalpemilu.org#19641,"SUMBER HARAPAN, BELITANG II, OGAN KOMERING ULU TIMUR, SUMATERA SELATAN",5,83,90,173
https://kawalpemilu.org#19641,"SUMBER HARAPAN, BELITANG II, OGAN KOMERING ULU TIMUR, SUMATERA SELATAN",6,110,95,205
https://kawalpemilu.org#19641,"SUMBER HARAPAN, BELITANG II, OGAN KOMERING ULU TIMUR, SUMATERA SELATAN",7,120,79,199
https://kawalpemilu.org#19641,"SUMBER HARAPAN, BELITANG II, OGAN KOMERING ULU TIMUR, SUMATERA SELATAN",8,146,69,215
https://kawalpemilu.org#19641,"SUMBER HARAPAN, BELITANG II, OGAN KOMERING ULU TIMUR, SUMATERA SELATAN",9,122,59,181
https://kawalpemilu.org#19641,"SUMBER HARAPAN, BELITANG II, OGAN KOMERING ULU TIMUR, SUMATERA SELATAN",10,116,51,167
https://kawalpemilu.org#19641,"SUMBER HARAPAN, BELITANG II, OGAN KOMERING ULU TIMUR, SUMATERA SELATAN",11,88,99,187
https://kawalpemilu.org#19641,"SUMBER HARAPAN, BELITANG II, OGAN KOMERING ULU TIMUR, SUMATERA SELATAN",12,70,130,200
https://kawalpemilu.org#19642,"KELI REJO, BELITANG II, OGAN KOMERING ULU TIMUR, SUMATERA SELATAN",2,105,30,135
https://kawalpemilu.org#19642,"KELI REJO, BELITANG II, OGAN KOMERING ULU TIMUR, SUMATERA SELATAN",3,140,18,158
https://kawalpemilu.org#19642,"KELI REJO, BELITANG II, OGAN KOMERING ULU TIMUR, SUMATERA SELATAN",4,101,66,167
https://kawalpemilu.org#19642,"KELI REJO, BELITANG II, OGAN KOMERING ULU TIMUR, SUMATERA SELATAN",5,119,93,212
https://kawalpemilu.org#19642,"KELI REJO, BELITANG II, OGAN KOMERING ULU TIMUR, SUMATERA SELATAN",6,126,11,137
https://kawalpemilu.org#19642,"KELI REJO, BELITANG II, OGAN KOMERING ULU TIMUR, SUMATERA SELATAN",7,147,10,157
https://kawalpemilu.org#19642,"KELI REJO, BELITANG II, OGAN KOMERING ULU TIMUR, SUMATERA SELATAN",8,92,37,129
https://kawalpemilu.org#19643,"TOTO REJO, BELITANG II, OGAN KOMERING ULU TIMUR, SUMATERA SELATAN",1,76,141,217
https://kawalpemilu.org#19643,"TOTO REJO, BELITANG II, OGAN KOMERING ULU TIMUR, SUMATERA SELATAN",2,64,157,221
https://kawalpemilu.org#19643,"TOTO REJO, BELITANG II, OGAN KOMERING ULU TIMUR, SUMATERA SELATAN",3,77,131,208
https://kawalpemilu.org#19643,"TOTO REJO, BELITANG II, OGAN KOMERING ULU TIMUR, SUMATERA SELATAN",4,72,82,154
https://kawalpemilu.org#19643,"TOTO REJO, BELITANG II, OGAN KOMERING ULU TIMUR, SUMATERA SELATAN",5,89,121,210
https://kawalpemilu.org#19643,"TOTO REJO, BELITANG II, OGAN KOMERING ULU TIMUR, SUMATERA SELATAN",6,101,140,241
https://kawalpemilu.org#19643,"TOTO REJO, BELITANG II, OGAN KOMERING ULU TIMUR, SUMATERA SELATAN",7,47,143,190
https://kawalpemilu.org#19643,"TOTO REJO, BELITANG II, OGAN KOMERING ULU TIMUR, SUMATERA SELATAN",8,69,89,158
https://kawalpemilu.org#19645,"SRIJAYA, BELITANG II, OGAN KOMERING ULU TIMUR, SUMATERA SELATAN",1,60,66,126
https://kawalpemilu.org#19645,"SRIJAYA, BELITANG II, OGAN KOMERING ULU TIMUR, SUMATERA SELATAN",2,80,86,166
https://kawalpemilu.org#19645,"SRIJAYA, BELITANG II, OGAN KOMERING ULU TIMUR, SUMATERA SELATAN",3,107,74,181
https://kawalpemilu.org#19646,"KEMUNING JAYA, BELITANG II, OGAN KOMERING ULU TIMUR, SUMATERA SELATAN",1,144,54,198
https://kawalpemilu.org#19646,"KEMUNING JAYA, BELITANG II, OGAN KOMERING ULU TIMUR, SUMATERA SELATAN",2,72,122,194
https://kawalpemilu.org#19646,"KEMUNING JAYA, BELITANG II, OGAN KOMERING ULU TIMUR, SUMATERA SELATAN",3,88,104,192
https://kawalpemilu.org#19646,"KEMUNING JAYA, BELITANG II, OGAN KOMERING ULU TIMUR, SUMATERA SELATAN",4,107,67,174
https://kawalpemilu.org#19646,"KEMUNING JAYA, BELITANG II, OGAN KOMERING ULU TIMUR, SUMATERA SELATAN",5,165,67,232
https://kawalpemilu.org#19647,"BANGUN REJO, BELITANG II, OGAN KOMERING ULU TIMUR, SUMATERA SELATAN",2,53,136,189
https://kawalpemilu.org#19647,"BANGUN REJO, BELITANG II, OGAN KOMERING ULU TIMUR, SUMATERA SELATAN",3,83,80,163
https://kawalpemilu.org#19648,"BATU MAS, BELITANG II, OGAN KOMERING ULU TIMUR, SUMATERA SELATAN",1,39,105,144
https://kawalpemilu.org#19648,"BATU MAS, BELITANG II, OGAN KOMERING ULU TIMUR, SUMATERA SELATAN",2,104,56,160
https://kawalpemilu.org#19648,"BATU MAS, BELITANG II, OGAN KOMERING ULU TIMUR, SUMATERA SELATAN",3,125,73,198
https://kawalpemilu.org#19648,"BATU MAS, BELITANG II, OGAN KOMERING ULU TIMUR, SUMATERA SELATAN",4,56,86,142
https://kawalpemilu.org#19649,"SUKA JAYA, BELITANG II, OGAN KOMERING ULU TIMUR, SUMATERA SELATAN",1,72,64,136
https://kawalpemilu.org#19649,"SUKA JAYA, BELITANG II, OGAN KOMERING ULU TIMUR, SUMATERA SELATAN",2,78,88,166
https://kawalpemilu.org#19649,"SUKA JAYA, BELITANG II, OGAN KOMERING ULU TIMUR, SUMATERA SELATAN",3,163,45,208
https://kawalpemilu.org#19649,"SUKA JAYA, BELITANG II, OGAN KOMERING ULU TIMUR, SUMATERA SELATAN",4,74,184,258
https://kawalpemilu.org#19649,"SUKA JAYA, BELITANG II, OGAN KOMERING ULU TIMUR, SUMATERA SELATAN",5,163,37,200
https://kawalpemilu.org#19651,"DARMA BUANA, BELITANG II, OGAN KOMERING ULU TIMUR, SUMATERA SELATAN",1,247,17,264
https://kawalpemilu.org#19651,"DARMA BUANA, BELITANG II, OGAN KOMERING ULU TIMUR, SUMATERA SELATAN",2,264,5,269
https://kawalpemilu.org#19651,"DARMA BUANA, BELITANG II, OGAN KOMERING ULU TIMUR, SUMATERA SELATAN",3,226,11,237
https://kawalpemilu.org#19652,"PURWOREJO, BELITANG II, OGAN KOMERING ULU TIMUR, SUMATERA SELATAN",1,68,108,176
https://kawalpemilu.org#19652,"PURWOREJO, BELITANG II, OGAN KOMERING ULU TIMUR, SUMATERA SELATAN",2,56,80,136
https://kawalpemilu.org#19652,"PURWOREJO, BELITANG II, OGAN KOMERING ULU TIMUR, SUMATERA SELATAN",3,90,86,176
https://kawalpemilu.org#19652,"PURWOREJO, BELITANG II, OGAN KOMERING ULU TIMUR, SUMATERA SELATAN",4,89,57,146
https://kawalpemilu.org#19653,"KARANG JAYA, BELITANG II, OGAN KOMERING ULU TIMUR, SUMATERA SELATAN",1,102,88,190
https://kawalpemilu.org#19653,"KARANG JAYA, BELITANG II, OGAN KOMERING ULU TIMUR, SUMATERA SELATAN",2,86,67,153
https://kawalpemilu.org#19653,"KARANG JAYA, BELITANG II, OGAN KOMERING ULU TIMUR, SUMATERA SELATAN",3,82,65,147
https://kawalpemilu.org#19653,"KARANG JAYA, BELITANG II, OGAN KOMERING ULU TIMUR, SUMATERA SELATAN",4,77,99,176
https://kawalpemilu.org#90218,"TEGAL BESAR, BELITANG II, OGAN KOMERING ULU TIMUR, SUMATERA SELATAN",1,203,21,224
https://kawalpemilu.org#90218,"TEGAL BESAR, BELITANG II, OGAN KOMERING ULU TIMUR, SUMATERA SELATAN",2,170,56,226
https://kawalpemilu.org#90218,"TEGAL BESAR, BELITANG II, OGAN KOMERING ULU TIMUR, SUMATERA SELATAN",3,216,12,228
https://kawalpemilu.org#90218,"TEGAL BESAR, BELITANG II, OGAN KOMERING ULU TIMUR, SUMATERA SELATAN",4,179,22,201
https://kawalpemilu.org#90219,"REJO MULYO, BELITANG II, OGAN KOMERING ULU TIMUR, SUMATERA SELATAN",1,119,94,213
https://kawalpemilu.org#90219,"REJO MULYO, BELITANG II, OGAN KOMERING ULU TIMUR, SUMATERA SELATAN",3,84,135,219
https://kawalpemilu.org#90219,"REJO MULYO, BELITANG II, OGAN KOMERING ULU TIMUR, SUMATERA SELATAN",4,149,90,239
https://kawalpemilu.org#19655,"KUTOSARI, BELITANG III, OGAN KOMERING ULU TIMUR, SUMATERA SELATAN",1,137,120,257
https://kawalpemilu.org#19655,"KUTOSARI, BELITANG III, OGAN KOMERING ULU TIMUR, SUMATERA SELATAN",2,124,102,226
https://kawalpemilu.org#19655,"KUTOSARI, BELITANG III, OGAN KOMERING ULU TIMUR, SUMATERA SELATAN",3,152,83,235
https://kawalpemilu.org#19655,"KUTOSARI, BELITANG III, OGAN KOMERING ULU TIMUR, SUMATERA SELATAN",4,137,85,222
https://kawalpemilu.org#19655,"KUTOSARI, BELITANG III, OGAN KOMERING ULU TIMUR, SUMATERA SELATAN",5,114,102,216
https://kawalpemilu.org#19655,"KUTOSARI, BELITANG III, OGAN KOMERING ULU TIMUR, SUMATERA SELATAN",6,88,90,178
https://kawalpemilu.org#19656,"NUSA RAYA, BELITANG III, OGAN KOMERING ULU TIMUR, SUMATERA SELATAN",1,86,121,207
https://kawalpemilu.org#19656,"NUSA RAYA, BELITANG III, OGAN KOMERING ULU TIMUR, SUMATERA SELATAN",2,78,127,205
https://kawalpemilu.org#19656,"NUSA RAYA, BELITANG III, OGAN KOMERING ULU TIMUR, SUMATERA SELATAN",3,74,115,189
https://kawalpemilu.org#19656,"NUSA RAYA, BELITANG III, OGAN KOMERING ULU TIMUR, SUMATERA SELATAN",4,114,99,213
https://kawalpemilu.org#19656,"NUSA RAYA, BELITANG III, OGAN KOMERING ULU TIMUR, SUMATERA SELATAN",5,134,74,208
https://kawalpemilu.org#19656,"NUSA RAYA, BELITANG III, OGAN KOMERING ULU TIMUR, SUMATERA SELATAN",6,131,87,218
https://kawalpemilu.org#19656,"NUSA RAYA, BELITANG III, OGAN KOMERING ULU TIMUR, SUMATERA SELATAN",7,127,70,197
https://kawalpemilu.org#19657,"NUSA TUNGGAL, BELITANG III, OGAN KOMERING ULU TIMUR, SUMATERA SELATAN",1,175,60,235
https://kawalpemilu.org#19657,"NUSA TUNGGAL, BELITANG III, OGAN KOMERING ULU TIMUR, SUMATERA SELATAN",2,128,92,220
https://kawalpemilu.org#19657,"NUSA TUNGGAL, BELITANG III, OGAN KOMERING ULU TIMUR, SUMATERA SELATAN",3,123,77,200
https://kawalpemilu.org#19657,"NUSA TUNGGAL, BELITANG III, OGAN KOMERING ULU TIMUR, SUMATERA SELATAN",4,58,166,224
https://kawalpemilu.org#19657,"NUSA TUNGGAL, BELITANG III, OGAN KOMERING ULU TIMUR, SUMATERA SELATAN",5,58,185,243
https://kawalpemilu.org#19658,"NUSA BALI, BELITANG III, OGAN KOMERING ULU TIMUR, SUMATERA SELATAN",1,135,60,195
https://kawalpemilu.org#19658,"NUSA BALI, BELITANG III, OGAN KOMERING ULU TIMUR, SUMATERA SELATAN",2,169,95,264
https://kawalpemilu.org#19658,"NUSA BALI, BELITANG III, OGAN KOMERING ULU TIMUR, SUMATERA SELATAN",3,142,74,216
https://kawalpemilu.org#19658,"NUSA BALI, BELITANG III, OGAN KOMERING ULU TIMUR, SUMATERA SELATAN",4,56,187,243
https://kawalpemilu.org#19658,"NUSA BALI, BELITANG III, OGAN KOMERING ULU TIMUR, SUMATERA SELATAN",5,33,68,101
https://kawalpemilu.org#19659,"NUSA BAKTI, BELITANG III, OGAN KOMERING ULU TIMUR, SUMATERA SELATAN",1,41,179,220
https://kawalpemilu.org#19659,"NUSA BAKTI, BELITANG III, OGAN KOMERING ULU TIMUR, SUMATERA SELATAN",2,55,186,241
https://kawalpemilu.org#19659,"NUSA BAKTI, BELITANG III, OGAN KOMERING ULU TIMUR, SUMATERA SELATAN",3,41,162,203
https://kawalpemilu.org#19659,"NUSA BAKTI, BELITANG III, OGAN KOMERING ULU TIMUR, SUMATERA SELATAN",4,68,152,220
https://kawalpemilu.org#19659,"NUSA BAKTI, BELITANG III, OGAN KOMERING ULU TIMUR, SUMATERA SELATAN",5,45,190,235
https://kawalpemilu.org#19659,"NUSA BAKTI, BELITANG III, OGAN KOMERING ULU TIMUR, SUMATERA SELATAN",6,40,188,228
https://kawalpemilu.org#19659,"NUSA BAKTI, BELITANG III, OGAN KOMERING ULU TIMUR, SUMATERA SELATAN",7,21,198,219
https://kawalpemilu.org#19659,"NUSA BAKTI, BELITANG III, OGAN KOMERING ULU TIMUR, SUMATERA SELATAN",8,52,159,211
https://kawalpemilu.org#19660,"NUSA JAYA, BELITANG III, OGAN KOMERING ULU TIMUR, SUMATERA SELATAN",1,92,142,234
https://kawalpemilu.org#19660,"NUSA JAYA, BELITANG III, OGAN KOMERING ULU TIMUR, SUMATERA SELATAN",2,130,99,229
https://kawalpemilu.org#19660,"NUSA JAYA, BELITANG III, OGAN KOMERING ULU TIMUR, SUMATERA SELATAN",3,154,86,240
https://kawalpemilu.org#19660,"NUSA JAYA, BELITANG III, OGAN KOMERING ULU TIMUR, SUMATERA SELATAN",4,110,104,214
https://kawalpemilu.org#19660,"NUSA JAYA, BELITANG III, OGAN KOMERING ULU TIMUR, SUMATERA SELATAN",5,104,98,202
https://kawalpemilu.org#19661,"NUSA TENGGARA, BELITANG III, OGAN KOMERING ULU TIMUR, SUMATERA SELATAN",1,94,162,256
https://kawalpemilu.org#19661,"NUSA TENGGARA, BELITANG III, OGAN KOMERING ULU TIMUR, SUMATERA SELATAN",2,73,169,242
https://kawalpemilu.org#19661,"NUSA TENGGARA, BELITANG III, OGAN KOMERING ULU TIMUR, SUMATERA SELATAN",3,111,122,233
https://kawalpemilu.org#19661,"NUSA TENGGARA, BELITANG III, OGAN KOMERING ULU TIMUR, SUMATERA SELATAN",4,107,135,242
https://kawalpemilu.org#19661,"NUSA TENGGARA, BELITANG III, OGAN KOMERING ULU TIMUR, SUMATERA SELATAN",5,105,126,231
https://kawalpemilu.org#19662,"NUSA AGUNG, BELITANG III, OGAN KOMERING ULU TIMUR, SUMATERA SELATAN",1,31,215,246
https://kawalpemilu.org#19662,"NUSA AGUNG, BELITANG III, OGAN KOMERING ULU TIMUR, SUMATERA SELATAN",2,143,118,261
https://kawalpemilu.org#19662,"NUSA AGUNG, BELITANG III, OGAN KOMERING ULU TIMUR, SUMATERA SELATAN",3,71,158,229
https://kawalpemilu.org#19663,"NUSA MAJU, BELITANG III, OGAN KOMERING ULU TIMUR, SUMATERA SELATAN",1,116,129,245
https://kawalpemilu.org#19663,"NUSA MAJU, BELITANG III, OGAN KOMERING ULU TIMUR, SUMATERA SELATAN",2,64,174,238
https://kawalpemilu.org#19663,"NUSA MAJU, BELITANG III, OGAN KOMERING ULU TIMUR, SUMATERA SELATAN",3,101,152,253
https://kawalpemilu.org#19663,"NUSA MAJU, BELITANG III, OGAN KOMERING ULU TIMUR, SUMATERA SELATAN",4,55,200,255
https://kawalpemilu.org#19664,"SENU MARGA, BELITANG III, OGAN KOMERING ULU TIMUR, SUMATERA SELATAN",1,35,150,185
https://kawalpemilu.org#19664,"SENU MARGA, BELITANG III, OGAN KOMERING ULU TIMUR, SUMATERA SELATAN",2,75,111,186
https://kawalpemilu.org#19664,"SENU MARGA, BELITANG III, OGAN KOMERING ULU TIMUR, SUMATERA SELATAN",3,58,111,169
https://kawalpemilu.org#19665,"KARANG SARI, BELITANG III, OGAN KOMERING ULU TIMUR, SUMATERA SELATAN",1,87,170,257
https://kawalpemilu.org#19665,"KARANG SARI, BELITANG III, OGAN KOMERING ULU TIMUR, SUMATERA SELATAN",2,106,140,246
https://kawalpemilu.org#19665,"KARANG SARI, BELITANG III, OGAN KOMERING ULU TIMUR, SUMATERA SELATAN",3,134,126,260
https://kawalpemilu.org#19665,"KARANG SARI, BELITANG III, OGAN KOMERING ULU TIMUR, SUMATERA SELATAN",4,106,164,270
https://kawalpemilu.org#19665,"KARANG SARI, BELITANG III, OGAN KOMERING ULU TIMUR, SUMATERA SELATAN",5,31,97,128
https://kawalpemilu.org#19665,"KARANG SARI, BELITANG III, OGAN KOMERING ULU TIMUR, SUMATERA SELATAN",6,155,107,262
https://kawalpemilu.org#19665,"KARANG SARI, BELITANG III, OGAN KOMERING ULU TIMUR, SUMATERA SELATAN",7,22,155,137
https://kawalpemilu.org#19666,"TRIKARYA, BELITANG III, OGAN KOMERING ULU TIMUR, SUMATERA SELATAN",1,101,89,190
https://kawalpemilu.org#19666,"TRIKARYA, BELITANG III, OGAN KOMERING ULU TIMUR, SUMATERA SELATAN",2,155,88,243
https://kawalpemilu.org#19666,"TRIKARYA, BELITANG III, OGAN KOMERING ULU TIMUR, SUMATERA SELATAN",3,194,50,244
https://kawalpemilu.org#19666,"TRIKARYA, BELITANG III, OGAN KOMERING ULU TIMUR, SUMATERA SELATAN",4,179,38,217
https://kawalpemilu.org#19666,"TRIKARYA, BELITANG III, OGAN KOMERING ULU TIMUR, SUMATERA SELATAN",5,150,108,258
https://kawalpemilu.org#19666,"TRIKARYA, BELITANG III, OGAN KOMERING ULU TIMUR, SUMATERA SELATAN",6,128,75,203
https://kawalpemilu.org#19666,"TRIKARYA, BELITANG III, OGAN KOMERING ULU TIMUR, SUMATERA SELATAN",7,151,57,208
https://kawalpemilu.org#19666,"TRIKARYA, BELITANG III, OGAN KOMERING ULU TIMUR, SUMATERA SELATAN",8,103,124,227
https://kawalpemilu.org#19666,"TRIKARYA, BELITANG III, OGAN KOMERING ULU TIMUR, SUMATERA SELATAN",9,196,38,234
https://kawalpemilu.org#19667,"SUKA NEGARA, BELITANG III, OGAN KOMERING ULU TIMUR, SUMATERA SELATAN",1,91,139,230
https://kawalpemilu.org#19667,"SUKA NEGARA, BELITANG III, OGAN KOMERING ULU TIMUR, SUMATERA SELATAN",2,77,180,257
https://kawalpemilu.org#19667,"SUKA NEGARA, BELITANG III, OGAN KOMERING ULU TIMUR, SUMATERA SELATAN",3,199,49,248
https://kawalpemilu.org#19667,"SUKA NEGARA, BELITANG III, OGAN KOMERING ULU TIMUR, SUMATERA SELATAN",4,165,96,261
https://kawalpemilu.org#19667,"SUKA NEGARA, BELITANG III, OGAN KOMERING ULU TIMUR, SUMATERA SELATAN",5,149,87,236
https://kawalpemilu.org#19667,"SUKA NEGARA, BELITANG III, OGAN KOMERING ULU TIMUR, SUMATERA SELATAN",6,141,98,239
https://kawalpemilu.org#19668,"RINGIN SARI, BELITANG III, OGAN KOMERING ULU TIMUR, SUMATERA SELATAN",1,105,175,280
https://kawalpemilu.org#19668,"RINGIN SARI, BELITANG III, OGAN KOMERING ULU TIMUR, SUMATERA SELATAN",2,99,171,270
https://kawalpemilu.org#19668,"RINGIN SARI, BELITANG III, OGAN KOMERING ULU TIMUR, SUMATERA SELATAN",3,75,186,261
https://kawalpemilu.org#19668,"RINGIN SARI, BELITANG III, OGAN KOMERING ULU TIMUR, SUMATERA SELATAN",4,60,162,222
https://kawalpemilu.org#19668,"RINGIN SARI, BELITANG III, OGAN KOMERING ULU TIMUR, SUMATERA SELATAN",5,44,92,136
https://kawalpemilu.org#19669,"DADI REJO, BELITANG III, OGAN KOMERING ULU TIMUR, SUMATERA SELATAN",1,71,159,230
https://kawalpemilu.org#19669,"DADI REJO, BELITANG III, OGAN KOMERING ULU TIMUR, SUMATERA SELATAN",2,93,132,225
https://kawalpemilu.org#19669,"DADI REJO, BELITANG III, OGAN KOMERING ULU TIMUR, SUMATERA SELATAN",3,108,117,225
https://kawalpemilu.org#19669,"DADI REJO, BELITANG III, OGAN KOMERING ULU TIMUR, SUMATERA SELATAN",4,113,110,223
https://kawalpemilu.org#19669,"DADI REJO, BELITANG III, OGAN KOMERING ULU TIMUR, SUMATERA SELATAN",5,106,129,235
https://kawalpemilu.org#19669,"DADI REJO, BELITANG III, OGAN KOMERING ULU TIMUR, SUMATERA SELATAN",6,99,123,222
https://kawalpemilu.org#19670,"GANTI WARNO, BELITANG III, OGAN KOMERING ULU TIMUR, SUMATERA SELATAN",1,90,133,223
https://kawalpemilu.org#19670,"GANTI WARNO, BELITANG III, OGAN KOMERING ULU TIMUR, SUMATERA SELATAN",2,172,70,242
https://kawalpemilu.org#19670,"GANTI WARNO, BELITANG III, OGAN KOMERING ULU TIMUR, SUMATERA SELATAN",3,109,92,201
https://kawalpemilu.org#19670,"GANTI WARNO, BELITANG III, OGAN KOMERING ULU TIMUR, SUMATERA SELATAN",4,104,77,184
https://kawalpemilu.org#19670,"GANTI WARNO, BELITANG III, OGAN KOMERING ULU TIMUR, SUMATERA SELATAN",5,100,69,169
https://kawalpemilu.org#19671,"SINAR BALI, BELITANG III, OGAN KOMERING ULU TIMUR, SUMATERA SELATAN",1,204,17,221
https://kawalpemilu.org#19671,"SINAR BALI, BELITANG III, OGAN KOMERING ULU TIMUR, SUMATERA SELATAN",2,184,22,206
https://kawalpemilu.org#19672,"SUMBER REJO, BELITANG III, OGAN KOMERING ULU TIMUR, SUMATERA SELATAN",1,47,154,201
https://kawalpemilu.org#19672,"SUMBER REJO, BELITANG III, OGAN KOMERING ULU TIMUR, SUMATERA SELATAN",2,56,144,200
https://kawalpemilu.org#19672,"SUMBER REJO, BELITANG III, OGAN KOMERING ULU TIMUR, SUMATERA SELATAN",3,65,164,229
https://kawalpemilu.org#19672,"SUMBER REJO, BELITANG III, OGAN KOMERING ULU TIMUR, SUMATERA SELATAN",4,42,147,189
https://kawalpemilu.org#19673,"KARANG JADI, BELITANG III, OGAN KOMERING ULU TIMUR, SUMATERA SELATAN",1,29,131,160
https://kawalpemilu.org#19673,"KARANG JADI, BELITANG III, OGAN KOMERING ULU TIMUR, SUMATERA SELATAN",2,81,128,209
https://kawalpemilu.org#19673,"KARANG JADI, BELITANG III, OGAN KOMERING ULU TIMUR, SUMATERA SELATAN",3,36,176,212
https://kawalpemilu.org#19673,"KARANG JADI, BELITANG III, OGAN KOMERING ULU TIMUR, SUMATERA SELATAN",4,75,133,208
https://kawalpemilu.org#19674,"KARYA MAJU, BELITANG III, OGAN KOMERING ULU TIMUR, SUMATERA SELATAN",1,63,192,255
https://kawalpemilu.org#19674,"KARYA MAJU, BELITANG III, OGAN KOMERING ULU TIMUR, SUMATERA SELATAN",2,58,182,240
https://kawalpemilu.org#19674,"KARYA MAJU, BELITANG III, OGAN KOMERING ULU TIMUR, SUMATERA SELATAN",3,84,77,161
https://kawalpemilu.org#19674,"KARYA MAJU, BELITANG III, OGAN KOMERING ULU TIMUR, SUMATERA SELATAN",4,99,66,165
https://kawalpemilu.org#19676,"BATU RAJA BUNGIN, BUNGA MAYANG, OGAN KOMERING ULU TIMUR, SUMATERA SELATAN",1,56,109,165
https://kawalpemilu.org#19676,"BATU RAJA BUNGIN, BUNGA MAYANG, OGAN KOMERING ULU TIMUR, SUMATERA SELATAN",2,0,0,0
https://kawalpemilu.org#19676,"BATU RAJA BUNGIN, BUNGA MAYANG, OGAN KOMERING ULU TIMUR, SUMATERA SELATAN",3,0,0,0
https://kawalpemilu.org#19676,"BATU RAJA BUNGIN, BUNGA MAYANG, OGAN KOMERING ULU TIMUR, SUMATERA SELATAN",4,0,0,0
https://kawalpemilu.org#19676,"BATU RAJA BUNGIN, BUNGA MAYANG, OGAN KOMERING ULU TIMUR, SUMATERA SELATAN",6,0,0,0
https://kawalpemilu.org#19676,"BATU RAJA BUNGIN, BUNGA MAYANG, OGAN KOMERING ULU TIMUR, SUMATERA SELATAN",7,0,0,0
https://kawalpemilu.org#19676,"BATU RAJA BUNGIN, BUNGA MAYANG, OGAN KOMERING ULU TIMUR, SUMATERA SELATAN",8,88,88,176
https://kawalpemilu.org#19676,"BATU RAJA BUNGIN, BUNGA MAYANG, OGAN KOMERING ULU TIMUR, SUMATERA SELATAN",9,43,99,142
https://kawalpemilu.org#19676,"BATU RAJA BUNGIN, BUNGA MAYANG, OGAN KOMERING ULU TIMUR, SUMATERA SELATAN",10,122,65,187
https://kawalpemilu.org#19676,"BATU RAJA BUNGIN, BUNGA MAYANG, OGAN KOMERING ULU TIMUR, SUMATERA SELATAN",11,63,62,125
https://kawalpemilu.org#19677,"TULANG BAWANG, BUNGA MAYANG, OGAN KOMERING ULU TIMUR, SUMATERA SELATAN",1,106,75,181
https://kawalpemilu.org#19677,"TULANG BAWANG, BUNGA MAYANG, OGAN KOMERING ULU TIMUR, SUMATERA SELATAN",2,134,96,230
https://kawalpemilu.org#19677,"TULANG BAWANG, BUNGA MAYANG, OGAN KOMERING ULU TIMUR, SUMATERA SELATAN",3,147,84,231
https://kawalpemilu.org#19677,"TULANG BAWANG, BUNGA MAYANG, OGAN KOMERING ULU TIMUR, SUMATERA SELATAN",4,145,84,229
https://kawalpemilu.org#19677,"TULANG BAWANG, BUNGA MAYANG, OGAN KOMERING ULU TIMUR, SUMATERA SELATAN",5,178,52,230
https://kawalpemilu.org#19677,"TULANG BAWANG, BUNGA MAYANG, OGAN KOMERING ULU TIMUR, SUMATERA SELATAN",6,120,73,193
https://kawalpemilu.org#19677,"TULANG BAWANG, BUNGA MAYANG, OGAN KOMERING ULU TIMUR, SUMATERA SELATAN",7,84,47,131
https://kawalpemilu.org#19678,"SABAHLIOH, BUNGA MAYANG, OGAN KOMERING ULU TIMUR, SUMATERA SELATAN",1,100,68,168
https://kawalpemilu.org#19678,"SABAHLIOH, BUNGA MAYANG, OGAN KOMERING ULU TIMUR, SUMATERA SELATAN",2,87,51,138
https://kawalpemilu.org#19678,"SABAHLIOH, BUNGA MAYANG, OGAN KOMERING ULU TIMUR, SUMATERA SELATAN",3,149,63,212
https://kawalpemilu.org#19678,"SABAHLIOH, BUNGA MAYANG, OGAN KOMERING ULU TIMUR, SUMATERA SELATAN",4,157,39,196
https://kawalpemilu.org#19679,"NEGERI RATU, BUNGA MAYANG, OGAN KOMERING ULU TIMUR, SUMATERA SELATAN",1,123,75,198
https://kawalpemilu.org#19679,"NEGERI RATU, BUNGA MAYANG, OGAN KOMERING ULU TIMUR, SUMATERA SELATAN",2,54,81,135
https://kawalpemilu.org#19679,"NEGERI RATU, BUNGA MAYANG, OGAN KOMERING ULU TIMUR, SUMATERA SELATAN",3,21,116,137
https://kawalpemilu.org#19679,"NEGERI RATU, BUNGA MAYANG, OGAN KOMERING ULU TIMUR, SUMATERA SELATAN",4,62,101,163
https://kawalpemilu.org#19679,"NEGERI RATU, BUNGA MAYANG, OGAN KOMERING ULU TIMUR, SUMATERA SELATAN",5,103,122,225
https://kawalpemilu.org#19679,"NEGERI RATU, BUNGA MAYANG, OGAN KOMERING ULU TIMUR, SUMATERA SELATAN",6,93,145,238
https://kawalpemilu.org#19680,"PERACAK, BUNGA MAYANG, OGAN KOMERING ULU TIMUR, SUMATERA SELATAN",1,77,145,222
https://kawalpemilu.org#19680,"PERACAK, BUNGA MAYANG, OGAN KOMERING ULU TIMUR, SUMATERA SELATAN",2,92,129,221
https://kawalpemilu.org#19680,"PERACAK, BUNGA MAYANG, OGAN KOMERING ULU TIMUR, SUMATERA SELATAN",3,73,121,193
https://kawalpemilu.org#19680,"PERACAK, BUNGA MAYANG, OGAN KOMERING ULU TIMUR, SUMATERA SELATAN",4,51,184,235
https://kawalpemilu.org#19680,"PERACAK, BUNGA MAYANG, OGAN KOMERING ULU TIMUR, SUMATERA SELATAN",5,72,165,237
https://kawalpemilu.org#19680,"PERACAK, BUNGA MAYANG, OGAN KOMERING ULU TIMUR, SUMATERA SELATAN",6,42,125,167
https://kawalpemilu.org#19680,"PERACAK, BUNGA MAYANG, OGAN KOMERING ULU TIMUR, SUMATERA SELATAN",7,71,153,224
https://kawalpemilu.org#19680,"PERACAK, BUNGA MAYANG, OGAN KOMERING ULU TIMUR, SUMATERA SELATAN",8,73,124,197
https://kawalpemilu.org#19680,"PERACAK, BUNGA MAYANG, OGAN KOMERING ULU TIMUR, SUMATERA SELATAN",9,79,100,179
https://kawalpemilu.org#19680,"PERACAK, BUNGA MAYANG, OGAN KOMERING ULU TIMUR, SUMATERA SELATAN",10,168,41,209
https://kawalpemilu.org#19681,"NEGERI RATU BARU, BUNGA MAYANG, OGAN KOMERING ULU TIMUR, SUMATERA SELATAN",1,94,66,160
https://kawalpemilu.org#19681,"NEGERI RATU BARU, BUNGA MAYANG, OGAN KOMERING ULU TIMUR, SUMATERA SELATAN",2,70,87,157
https://kawalpemilu.org#19681,"NEGERI RATU BARU, BUNGA MAYANG, OGAN KOMERING ULU TIMUR, SUMATERA SELATAN",3,137,70,207
https://kawalpemilu.org#19681,"NEGERI RATU BARU, BUNGA MAYANG, OGAN KOMERING ULU TIMUR, SUMATERA SELATAN",4,85,115,200
https://kawalpemilu.org#19681,"NEGERI RATU BARU, BUNGA MAYANG, OGAN KOMERING ULU TIMUR, SUMATERA SELATAN",5,63,84,147
https://kawalpemilu.org#19682,"TUNAS PERACAK, BUNGA MAYANG, OGAN KOMERING ULU TIMUR, SUMATERA SELATAN",1,74,151,225
https://kawalpemilu.org#19682,"TUNAS PERACAK, BUNGA MAYANG, OGAN KOMERING ULU TIMUR, SUMATERA SELATAN",2,92,143,235
https://kawalpemilu.org#19682,"TUNAS PERACAK, BUNGA MAYANG, OGAN KOMERING ULU TIMUR, SUMATERA SELATAN",3,108,125,233
https://kawalpemilu.org#19682,"TUNAS PERACAK, BUNGA MAYANG, OGAN KOMERING ULU TIMUR, SUMATERA SELATAN",4,67,67,134
https://kawalpemilu.org#19682,"TUNAS PERACAK, BUNGA MAYANG, OGAN KOMERING ULU TIMUR, SUMATERA SELATAN",5,98,73,171
https://kawalpemilu.org#19683,"SUKABARU, BUNGA MAYANG, OGAN KOMERING ULU TIMUR, SUMATERA SELATAN",1,75,113,188
https://kawalpemilu.org#19683,"SUKABARU, BUNGA MAYANG, OGAN KOMERING ULU TIMUR, SUMATERA SELATAN",2,88,88,176
https://kawalpemilu.org#19683,"SUKABARU, BUNGA MAYANG, OGAN KOMERING ULU TIMUR, SUMATERA SELATAN",3,80,102,182
https://kawalpemilu.org#19683,"SUKABARU, BUNGA MAYANG, OGAN KOMERING ULU TIMUR, SUMATERA SELATAN",4,132,57,189
https://kawalpemilu.org#19683,"SUKABARU, BUNGA MAYANG, OGAN KOMERING ULU TIMUR, SUMATERA SELATAN",5,136,47,183
https://kawalpemilu.org#19683,"SUKABARU, BUNGA MAYANG, OGAN KOMERING ULU TIMUR, SUMATERA SELATAN",6,144,43,187
https://kawalpemilu.org#19685,"TANJUNG MAS, BUAY MADANG TIMUR, OGAN KOMERING ULU TIMUR, SUMATERA SELATAN",1,72,117,189
https://kawalpemilu.org#19685,"TANJUNG MAS, BUAY MADANG TIMUR, OGAN KOMERING ULU TIMUR, SUMATERA SELATAN",2,138,105,243
https://kawalpemilu.org#19685,"TANJUNG MAS, BUAY MADANG TIMUR, OGAN KOMERING ULU TIMUR, SUMATERA SELATAN",3,106,130,236
https://kawalpemilu.org#19685,"TANJUNG MAS, BUAY MADANG TIMUR, OGAN KOMERING ULU TIMUR, SUMATERA SELATAN",4,47,153,200
https://kawalpemilu.org#19685,"TANJUNG MAS, BUAY MADANG TIMUR, OGAN KOMERING ULU TIMUR, SUMATERA SELATAN",5,78,118,196
https://kawalpemilu.org#19685,"TANJUNG MAS, BUAY MADANG TIMUR, OGAN KOMERING ULU TIMUR, SUMATERA SELATAN",6,71,155,226
https://kawalpemilu.org#19685,"TANJUNG MAS, BUAY MADANG TIMUR, OGAN KOMERING ULU TIMUR, SUMATERA SELATAN",7,63,138,201
https://kawalpemilu.org#19685,"TANJUNG MAS, BUAY MADANG TIMUR, OGAN KOMERING ULU TIMUR, SUMATERA SELATAN",8,108,111,219
https://kawalpemilu.org#19685,"TANJUNG MAS, BUAY MADANG TIMUR, OGAN KOMERING ULU TIMUR, SUMATERA SELATAN",9,86,102,188
https://kawalpemilu.org#19686,"TEKO REJO, BUAY MADANG TIMUR, OGAN KOMERING ULU TIMUR, SUMATERA SELATAN",1,88,198,286
https://kawalpemilu.org#19686,"TEKO REJO, BUAY MADANG TIMUR, OGAN KOMERING ULU TIMUR, SUMATERA SELATAN",2,180,80,260
https://kawalpemilu.org#19686,"TEKO REJO, BUAY MADANG TIMUR, OGAN KOMERING ULU TIMUR, SUMATERA SELATAN",3,248,43,291
https://kawalpemilu.org#19686,"TEKO REJO, BUAY MADANG TIMUR, OGAN KOMERING ULU TIMUR, SUMATERA SELATAN",4,230,65,295
https://kawalpemilu.org#19686,"TEKO REJO, BUAY MADANG TIMUR, OGAN KOMERING ULU TIMUR, SUMATERA SELATAN",5,138,152,290
https://kawalpemilu.org#19686,"TEKO REJO, BUAY MADANG TIMUR, OGAN KOMERING ULU TIMUR, SUMATERA SELATAN",6,199,93,292
https://kawalpemilu.org#19686,"TEKO REJO, BUAY MADANG TIMUR, OGAN KOMERING ULU TIMUR, SUMATERA SELATAN",7,238,52,290
https://kawalpemilu.org#19686,"TEKO REJO, BUAY MADANG TIMUR, OGAN KOMERING ULU TIMUR, SUMATERA SELATAN",8,191,87,278
https://kawalpemilu.org#19688,"SUMBER ASRI, BUAY MADANG TIMUR, OGAN KOMERING ULU TIMUR, SUMATERA SELATAN",1,110,99,209
https://kawalpemilu.org#19688,"SUMBER ASRI, BUAY MADANG TIMUR, OGAN KOMERING ULU TIMUR, SUMATERA SELATAN",2,82,136,218
https://kawalpemilu.org#19688,"SUMBER ASRI, BUAY MADANG TIMUR, OGAN KOMERING ULU TIMUR, SUMATERA SELATAN",3,131,86,217
https://kawalpemilu.org#19688,"SUMBER ASRI, BUAY MADANG TIMUR, OGAN KOMERING ULU TIMUR, SUMATERA SELATAN",4,84,132,216
https://kawalpemilu.org#19688,"SUMBER ASRI, BUAY MADANG TIMUR, OGAN KOMERING ULU TIMUR, SUMATERA SELATAN",5,78,149,227
https://kawalpemilu.org#19689,"SUKA MAJU, BUAY MADANG TIMUR, OGAN KOMERING ULU TIMUR, SUMATERA SELATAN",1,213,25,238
https://kawalpemilu.org#19689,"SUKA MAJU, BUAY MADANG TIMUR, OGAN KOMERING ULU TIMUR, SUMATERA SELATAN",2,101,104,205
https://kawalpemilu.org#19689,"SUKA MAJU, BUAY MADANG TIMUR, OGAN KOMERING ULU TIMUR, SUMATERA SELATAN",3,100,124,224
https://kawalpemilu.org#19689,"SUKA MAJU, BUAY MADANG TIMUR, OGAN KOMERING ULU TIMUR, SUMATERA SELATAN",4,149,74,223
https://kawalpemilu.org#19689,"SUKA MAJU, BUAY MADANG TIMUR, OGAN KOMERING ULU TIMUR, SUMATERA SELATAN",5,40,174,214
https://kawalpemilu.org#19689,"SUKA MAJU, BUAY MADANG TIMUR, OGAN KOMERING ULU TIMUR, SUMATERA SELATAN",6,34,161,195
https://kawalpemilu.org#19689,"SUKA MAJU, BUAY MADANG TIMUR, OGAN KOMERING ULU TIMUR, SUMATERA SELATAN",7,35,186,221
https://kawalpemilu.org#19689,"SUKA MAJU, BUAY MADANG TIMUR, OGAN KOMERING ULU TIMUR, SUMATERA SELATAN",8,28,191,219
https://kawalpemilu.org#19690,"SRIKATON, BUAY MADANG TIMUR, OGAN KOMERING ULU TIMUR, SUMATERA SELATAN",1,52,154,206
https://kawalpemilu.org#19690,"SRIKATON, BUAY MADANG TIMUR, OGAN KOMERING ULU TIMUR, SUMATERA SELATAN",2,100,122,222
https://kawalpemilu.org#19690,"SRIKATON, BUAY MADANG TIMUR, OGAN KOMERING ULU TIMUR, SUMATERA SELATAN",3,98,111,209
https://kawalpemilu.org#19690,"SRIKATON, BUAY MADANG TIMUR, OGAN KOMERING ULU TIMUR, SUMATERA SELATAN",4,81,147,228
https://kawalpemilu.org#19690,"SRIKATON, BUAY MADANG TIMUR, OGAN KOMERING ULU TIMUR, SUMATERA SELATAN",5,70,162,232
https://kawalpemilu.org#19690,"SRIKATON, BUAY MADANG TIMUR, OGAN KOMERING ULU TIMUR, SUMATERA SELATAN",6,56,150,206
https://kawalpemilu.org#19690,"SRIKATON, BUAY MADANG TIMUR, OGAN KOMERING ULU TIMUR, SUMATERA SELATAN",7,56,135,191
https://kawalpemilu.org#19690,"SRIKATON, BUAY MADANG TIMUR, OGAN KOMERING ULU TIMUR, SUMATERA SELATAN",8,59,151,210
https://kawalpemilu.org#19690,"SRIKATON, BUAY MADANG TIMUR, OGAN KOMERING ULU TIMUR, SUMATERA SELATAN",9,43,124,167
https://kawalpemilu.org#19690,"SRIKATON, BUAY MADANG TIMUR, OGAN KOMERING ULU TIMUR, SUMATERA SELATAN",10,74,151,225
https://kawalpemilu.org#19690,"SRIKATON, BUAY MADANG TIMUR, OGAN KOMERING ULU TIMUR, SUMATERA SELATAN",11,101,92,193
https://kawalpemilu.org#19690,"SRIKATON, BUAY MADANG TIMUR, OGAN KOMERING ULU TIMUR, SUMATERA SELATAN",12,82,155,237
https://kawalpemilu.org#19690,"SRIKATON, BUAY MADANG TIMUR, OGAN KOMERING ULU TIMUR, SUMATERA SELATAN",13,62,146,208
https://kawalpemilu.org#19690,"SRIKATON, BUAY MADANG TIMUR, OGAN KOMERING ULU TIMUR, SUMATERA SELATAN",14,89,143,232
https://kawalpemilu.org#19690,"SRIKATON, BUAY MADANG TIMUR, OGAN KOMERING ULU TIMUR, SUMATERA SELATAN",15,39,156,195
https://kawalpemilu.org#19690,"SRIKATON, BUAY MADANG TIMUR, OGAN KOMERING ULU TIMUR, SUMATERA SELATAN",16,53,142,195
https://kawalpemilu.org#19690,"SRIKATON, BUAY MADANG TIMUR, OGAN KOMERING ULU TIMUR, SUMATERA SELATAN",17,71,116,187
https://kawalpemilu.org#19690,"SRIKATON, BUAY MADANG TIMUR, OGAN KOMERING ULU TIMUR, SUMATERA SELATAN",18,92,90,182
https://kawalpemilu.org#19690,"SRIKATON, BUAY MADANG TIMUR, OGAN KOMERING ULU TIMUR, SUMATERA SELATAN",19,57,91,148
https://kawalpemilu.org#19691,"LIMAN SARI, BUAY MADANG TIMUR, OGAN KOMERING ULU TIMUR, SUMATERA SELATAN",1,136,125,261
https://kawalpemilu.org#19691,"LIMAN SARI, BUAY MADANG TIMUR, OGAN KOMERING ULU TIMUR, SUMATERA SELATAN",2,112,152,264
https://kawalpemilu.org#19691,"LIMAN SARI, BUAY MADANG TIMUR, OGAN KOMERING ULU TIMUR, SUMATERA SELATAN",3,101,128,229
https://kawalpemilu.org#19691,"LIMAN SARI, BUAY MADANG TIMUR, OGAN KOMERING ULU TIMUR, SUMATERA SELATAN",4,108,157,265
https://kawalpemilu.org#19692,"SUMBER HARJO, BUAY MADANG TIMUR, OGAN KOMERING ULU TIMUR, SUMATERA SELATAN",1,98,143,241
https://kawalpemilu.org#19692,"SUMBER HARJO, BUAY MADANG TIMUR, OGAN KOMERING ULU TIMUR, SUMATERA SELATAN",2,109,104,213
https://kawalpemilu.org#19692,"SUMBER HARJO, BUAY MADANG TIMUR, OGAN KOMERING ULU TIMUR, SUMATERA SELATAN",3,23,115,138
https://kawalpemilu.org#19692,"SUMBER HARJO, BUAY MADANG TIMUR, OGAN KOMERING ULU TIMUR, SUMATERA SELATAN",4,91,146,237
https://kawalpemilu.org#19692,"SUMBER HARJO, BUAY MADANG TIMUR, OGAN KOMERING ULU TIMUR, SUMATERA SELATAN",5,58,147,205
https://kawalpemilu.org#19692,"SUMBER HARJO, BUAY MADANG TIMUR, OGAN KOMERING ULU TIMUR, SUMATERA SELATAN",6,89,132,221
https://kawalpemilu.org#19692,"SUMBER HARJO, BUAY MADANG TIMUR, OGAN KOMERING ULU TIMUR, SUMATERA SELATAN",7,79,146,225
https://kawalpemilu.org#19692,"SUMBER HARJO, BUAY MADANG TIMUR, OGAN KOMERING ULU TIMUR, SUMATERA SELATAN",8,86,121,207
https://kawalpemilu.org#19692,"SUMBER HARJO, BUAY MADANG TIMUR, OGAN KOMERING ULU TIMUR, SUMATERA SELATAN",9,90,144,234
https://kawalpemilu.org#19692,"SUMBER HARJO, BUAY MADANG TIMUR, OGAN KOMERING ULU TIMUR, SUMATERA SELATAN",10,49,136,185
https://kawalpemilu.org#19693,"SUMBER MULYO, BUAY MADANG TIMUR, OGAN KOMERING ULU TIMUR, SUMATERA SELATAN",1,121,135,256
https://kawalpemilu.org#19693,"SUMBER MULYO, BUAY MADANG TIMUR, OGAN KOMERING ULU TIMUR, SUMATERA SELATAN",2,99,146,245
https://kawalpemilu.org#19693,"SUMBER MULYO, BUAY MADANG TIMUR, OGAN KOMERING ULU TIMUR, SUMATERA SELATAN",3,106,104,210
https://kawalpemilu.org#19693,"SUMBER MULYO, BUAY MADANG TIMUR, OGAN KOMERING ULU TIMUR, SUMATERA SELATAN",4,24,168,192
https://kawalpemilu.org#19693,"SUMBER MULYO, BUAY MADANG TIMUR, OGAN KOMERING ULU TIMUR, SUMATERA SELATAN",5,37,137,174
https://kawalpemilu.org#19693,"SUMBER MULYO, BUAY MADANG TIMUR, OGAN KOMERING ULU TIMUR, SUMATERA SELATAN",7,102,122,224
https://kawalpemilu.org#19693,"SUMBER MULYO, BUAY MADANG TIMUR, OGAN KOMERING ULU TIMUR, SUMATERA SELATAN",8,80,150,230
https://kawalpemilu.org#19693,"SUMBER MULYO, BUAY MADANG TIMUR, OGAN KOMERING ULU TIMUR, SUMATERA SELATAN",9,107,133,240
https://kawalpemilu.org#19693,"SUMBER MULYO, BUAY MADANG TIMUR, OGAN KOMERING ULU TIMUR, SUMATERA SELATAN",10,75,186,261
https://kawalpemilu.org#19693,"SUMBER MULYO, BUAY MADANG TIMUR, OGAN KOMERING ULU TIMUR, SUMATERA SELATAN",11,44,141,185
https://kawalpemilu.org#19693,"SUMBER MULYO, BUAY MADANG TIMUR, OGAN KOMERING ULU TIMUR, SUMATERA SELATAN",12,50,132,182
https://kawalpemilu.org#19694,"KARANG TENGAH, BUAY MADANG TIMUR, OGAN KOMERING ULU TIMUR, SUMATERA SELATAN",1,80,131,211
https://kawalpemilu.org#19694,"KARANG TENGAH, BUAY MADANG TIMUR, OGAN KOMERING ULU TIMUR, SUMATERA SELATAN",2,82,135,217
https://kawalpemilu.org#19694,"KARANG TENGAH, BUAY MADANG TIMUR, OGAN KOMERING ULU TIMUR, SUMATERA SELATAN",3,61,153,214
https://kawalpemilu.org#19694,"KARANG TENGAH, BUAY MADANG TIMUR, OGAN KOMERING ULU TIMUR, SUMATERA SELATAN",4,76,128,204
https://kawalpemilu.org#19694,"KARANG TENGAH, BUAY MADANG TIMUR, OGAN KOMERING ULU TIMUR, SUMATERA SELATAN",5,80,140,220
https://kawalpemilu.org#19694,"KARANG TENGAH, BUAY MADANG TIMUR, OGAN KOMERING ULU TIMUR, SUMATERA SELATAN",6,51,150,201
https://kawalpemilu.org#19694,"KARANG TENGAH, BUAY MADANG TIMUR, OGAN KOMERING ULU TIMUR, SUMATERA SELATAN",7,61,143,204
https://kawalpemilu.org#19695,"BANGUN HARJO, BUAY MADANG TIMUR, OGAN KOMERING ULU TIMUR, SUMATERA SELATAN",1,69,157,226
https://kawalpemilu.org#19695,"BANGUN HARJO, BUAY MADANG TIMUR, OGAN KOMERING ULU TIMUR, SUMATERA SELATAN",2,112,123,235
https://kawalpemilu.org#19695,"BANGUN HARJO, BUAY MADANG TIMUR, OGAN KOMERING ULU TIMUR, SUMATERA SELATAN",3,81,159,240
https://kawalpemilu.org#19695,"BANGUN HARJO, BUAY MADANG TIMUR, OGAN KOMERING ULU TIMUR, SUMATERA SELATAN",4,60,180,240
https://kawalpemilu.org#19695,"BANGUN HARJO, BUAY MADANG TIMUR, OGAN KOMERING ULU TIMUR, SUMATERA SELATAN",5,58,186,244
https://kawalpemilu.org#19696,"TAMBAK BOYO, BUAY MADANG TIMUR, OGAN KOMERING ULU TIMUR, SUMATERA SELATAN",1,72,140,212
https://kawalpemilu.org#19696,"TAMBAK BOYO, BUAY MADANG TIMUR, OGAN KOMERING ULU TIMUR, SUMATERA SELATAN",2,106,112,218
https://kawalpemilu.org#19696,"TAMBAK BOYO, BUAY MADANG TIMUR, OGAN KOMERING ULU TIMUR, SUMATERA SELATAN",3,110,122,232
https://kawalpemilu.org#19696,"TAMBAK BOYO, BUAY MADANG TIMUR, OGAN KOMERING ULU TIMUR, SUMATERA SELATAN",4,78,139,217
https://kawalpemilu.org#19696,"TAMBAK BOYO, BUAY MADANG TIMUR, OGAN KOMERING ULU TIMUR, SUMATERA SELATAN",5,66,165,231
https://kawalpemilu.org#19696,"TAMBAK BOYO, BUAY MADANG TIMUR, OGAN KOMERING ULU TIMUR, SUMATERA SELATAN",6,114,73,187
https://kawalpemilu.org#19696,"TAMBAK BOYO, BUAY MADANG TIMUR, OGAN KOMERING ULU TIMUR, SUMATERA SELATAN",7,100,92,192
https://kawalpemilu.org#19696,"TAMBAK BOYO, BUAY MADANG TIMUR, OGAN KOMERING ULU TIMUR, SUMATERA SELATAN",8,107,126,233
https://kawalpemilu.org#19696,"TAMBAK BOYO, BUAY MADANG TIMUR, OGAN KOMERING ULU TIMUR, SUMATERA SELATAN",9,124,74,198
https://kawalpemilu.org#19697,"PENGANDONAN, BUAY MADANG TIMUR, OGAN KOMERING ULU TIMUR, SUMATERA SELATAN",1,40,169,209
https://kawalpemilu.org#19697,"PENGANDONAN, BUAY MADANG TIMUR, OGAN KOMERING ULU TIMUR, SUMATERA SELATAN",2,42,141,183
https://kawalpemilu.org#19697,"PENGANDONAN, BUAY MADANG TIMUR, OGAN KOMERING ULU TIMUR, SUMATERA SELATAN",3,119,70,189
https://kawalpemilu.org#19697,"PENGANDONAN, BUAY MADANG TIMUR, OGAN KOMERING ULU TIMUR, SUMATERA SELATAN",4,110,66,176
https://kawalpemilu.org#19697,"PENGANDONAN, BUAY MADANG TIMUR, OGAN KOMERING ULU TIMUR, SUMATERA SELATAN",5,109,91,200
https://kawalpemilu.org#19699,"SUKOHARJO, BUAY MADANG TIMUR, OGAN KOMERING ULU TIMUR, SUMATERA SELATAN",1,112,129,241
https://kawalpemilu.org#19699,"SUKOHARJO, BUAY MADANG TIMUR, OGAN KOMERING ULU TIMUR, SUMATERA SELATAN",2,96,124,220
https://kawalpemilu.org#19699,"SUKOHARJO, BUAY MADANG TIMUR, OGAN KOMERING ULU TIMUR, SUMATERA SELATAN",3,95,109,204
https://kawalpemilu.org#19699,"SUKOHARJO, BUAY MADANG TIMUR, OGAN KOMERING ULU TIMUR, SUMATERA SELATAN",4,70,141,211
https://kawalpemilu.org#19699,"SUKOHARJO, BUAY MADANG TIMUR, OGAN KOMERING ULU TIMUR, SUMATERA SELATAN",5,85,136,221
https://kawalpemilu.org#19700,"SUKODADI, BUAY MADANG TIMUR, OGAN KOMERING ULU TIMUR, SUMATERA SELATAN",1,90,61,151
https://kawalpemilu.org#19700,"SUKODADI, BUAY MADANG TIMUR, OGAN KOMERING ULU TIMUR, SUMATERA SELATAN",2,118,39,157
https://kawalpemilu.org#19700,"SUKODADI, BUAY MADANG TIMUR, OGAN KOMERING ULU TIMUR, SUMATERA SELATAN",3,57,123,180
https://kawalpemilu.org#19700,"SUKODADI, BUAY MADANG TIMUR, OGAN KOMERING ULU TIMUR, SUMATERA SELATAN",4,104,87,191
https://kawalpemilu.org#19701,"ROWODADI, BUAY MADANG TIMUR, OGAN KOMERING ULU TIMUR, SUMATERA SELATAN",1,65,149,214
https://kawalpemilu.org#19701,"ROWODADI, BUAY MADANG TIMUR, OGAN KOMERING ULU TIMUR, SUMATERA SELATAN",2,63,159,222
https://kawalpemilu.org#19701,"ROWODADI, BUAY MADANG TIMUR, OGAN KOMERING ULU TIMUR, SUMATERA SELATAN",3,53,180,233
https://kawalpemilu.org#19701,"ROWODADI, BUAY MADANG TIMUR, OGAN KOMERING ULU TIMUR, SUMATERA SELATAN",4,39,169,208
https://kawalpemilu.org#19701,"ROWODADI, BUAY MADANG TIMUR, OGAN KOMERING ULU TIMUR, SUMATERA SELATAN",5,86,159,245
https://kawalpemilu.org#19702,"SUMEDANG SARI, BUAY MADANG TIMUR, OGAN KOMERING ULU TIMUR, SUMATERA SELATAN",1,64,140,204
https://kawalpemilu.org#19702,"SUMEDANG SARI, BUAY MADANG TIMUR, OGAN KOMERING ULU TIMUR, SUMATERA SELATAN",2,76,108,184
https://kawalpemilu.org#19702,"SUMEDANG SARI, BUAY MADANG TIMUR, OGAN KOMERING ULU TIMUR, SUMATERA SELATAN",3,118,81,199
https://kawalpemilu.org#19703,"KUMPUL REJO, BUAY MADANG TIMUR, OGAN KOMERING ULU TIMUR, SUMATERA SELATAN",1,76,145,221
https://kawalpemilu.org#19703,"KUMPUL REJO, BUAY MADANG TIMUR, OGAN KOMERING ULU TIMUR, SUMATERA SELATAN",2,80,165,245
https://kawalpemilu.org#19703,"KUMPUL REJO, BUAY MADANG TIMUR, OGAN KOMERING ULU TIMUR, SUMATERA SELATAN",3,70,150,220
https://kawalpemilu.org#19703,"KUMPUL REJO, BUAY MADANG TIMUR, OGAN KOMERING ULU TIMUR, SUMATERA SELATAN",4,67,156,223
https://kawalpemilu.org#19704,"METRO REJO, BUAY MADANG TIMUR, OGAN KOMERING ULU TIMUR, SUMATERA SELATAN",1,88,130,218
https://kawalpemilu.org#19704,"METRO REJO, BUAY MADANG TIMUR, OGAN KOMERING ULU TIMUR, SUMATERA SELATAN",2,190,0,190
https://kawalpemilu.org#19704,"METRO REJO, BUAY MADANG TIMUR, OGAN KOMERING ULU TIMUR, SUMATERA SELATAN",3,198,4,202
https://kawalpemilu.org#19705,"KEDU, BUAY MADANG TIMUR, OGAN KOMERING ULU TIMUR, SUMATERA SELATAN",1,95,135,230
https://kawalpemilu.org#19705,"KEDU, BUAY MADANG TIMUR, OGAN KOMERING ULU TIMUR, SUMATERA SELATAN",2,132,108,240
https://kawalpemilu.org#19705,"KEDU, BUAY MADANG TIMUR, OGAN KOMERING ULU TIMUR, SUMATERA SELATAN",3,69,117,186
https://kawalpemilu.org#19705,"KEDU, BUAY MADANG TIMUR, OGAN KOMERING ULU TIMUR, SUMATERA SELATAN",4,53,136,189
https://kawalpemilu.org#19706,"KEDUNG REJO, BUAY MADANG TIMUR, OGAN KOMERING ULU TIMUR, SUMATERA SELATAN",1,59,173,232
https://kawalpemilu.org#19706,"KEDUNG REJO, BUAY MADANG TIMUR, OGAN KOMERING ULU TIMUR, SUMATERA SELATAN",2,92,181,273
https://kawalpemilu.org#19706,"KEDUNG REJO, BUAY MADANG TIMUR, OGAN KOMERING ULU TIMUR, SUMATERA SELATAN",3,83,137,220
https://kawalpemilu.org#19707,"BANYUMAS ASRI, BUAY MADANG TIMUR, OGAN KOMERING ULU TIMUR, SUMATERA SELATAN",1,35,150,185
https://kawalpemilu.org#19707,"BANYUMAS ASRI, BUAY MADANG TIMUR, OGAN KOMERING ULU TIMUR, SUMATERA SELATAN",2,42,136,178
https://kawalpemilu.org#19707,"BANYUMAS ASRI, BUAY MADANG TIMUR, OGAN KOMERING ULU TIMUR, SUMATERA SELATAN",3,44,146,190
https://kawalpemilu.org#19707,"BANYUMAS ASRI, BUAY MADANG TIMUR, OGAN KOMERING ULU TIMUR, SUMATERA SELATAN",4,80,112,192
https://kawalpemilu.org#84717,"REJO DADI, BUAY MADANG TIMUR, OGAN KOMERING ULU TIMUR, SUMATERA SELATAN",1,114,104,218
https://kawalpemilu.org#84717,"REJO DADI, BUAY MADANG TIMUR, OGAN KOMERING ULU TIMUR, SUMATERA SELATAN",2,125,107,232
https://kawalpemilu.org#84717,"REJO DADI, BUAY MADANG TIMUR, OGAN KOMERING ULU TIMUR, SUMATERA SELATAN",3,170,75,245
https://kawalpemilu.org#84717,"REJO DADI, BUAY MADANG TIMUR, OGAN KOMERING ULU TIMUR, SUMATERA SELATAN",4,168,57,225
https://kawalpemilu.org#84717,"REJO DADI, BUAY MADANG TIMUR, OGAN KOMERING ULU TIMUR, SUMATERA SELATAN",5,136,95,231
https://kawalpemilu.org#90220,"TANJUNGSARI, BUAY MADANG TIMUR, OGAN KOMERING ULU TIMUR, SUMATERA SELATAN",1,75,146,221
https://kawalpemilu.org#90220,"TANJUNGSARI, BUAY MADANG TIMUR, OGAN KOMERING ULU TIMUR, SUMATERA SELATAN",2,35,204,239
https://kawalpemilu.org#90220,"TANJUNGSARI, BUAY MADANG TIMUR, OGAN KOMERING ULU TIMUR, SUMATERA SELATAN",3,63,186,249
https://kawalpemilu.org#90220,"TANJUNGSARI, BUAY MADANG TIMUR, OGAN KOMERING ULU TIMUR, SUMATERA SELATAN",4,32,186,218
https://kawalpemilu.org#90220,"TANJUNGSARI, BUAY MADANG TIMUR, OGAN KOMERING ULU TIMUR, SUMATERA SELATAN",5,85,83,168
https://kawalpemilu.org#90220,"TANJUNGSARI, BUAY MADANG TIMUR, OGAN KOMERING ULU TIMUR, SUMATERA SELATAN",6,47,161,208
https://kawalpemilu.org#90220,"TANJUNGSARI, BUAY MADANG TIMUR, OGAN KOMERING ULU TIMUR, SUMATERA SELATAN",7,80,115,195
https://kawalpemilu.org#90220,"TANJUNGSARI, BUAY MADANG TIMUR, OGAN KOMERING ULU TIMUR, SUMATERA SELATAN",8,89,56,145
https://kawalpemilu.org#928913,"GUMUK REJO, BUAY MADANG TIMUR, OGAN KOMERING ULU TIMUR, SUMATERA SELATAN",1,187,47,234
https://kawalpemilu.org#928913,"GUMUK REJO, BUAY MADANG TIMUR, OGAN KOMERING ULU TIMUR, SUMATERA SELATAN",2,111,75,186
https://kawalpemilu.org#928914,"TANJUNG MULYA, BUAY MADANG TIMUR, OGAN KOMERING ULU TIMUR, SUMATERA SELATAN",1,77,132,209
https://kawalpemilu.org#928914,"TANJUNG MULYA, BUAY MADANG TIMUR, OGAN KOMERING ULU TIMUR, SUMATERA SELATAN",2,78,141,219
https://kawalpemilu.org#928914,"TANJUNG MULYA, BUAY MADANG TIMUR, OGAN KOMERING ULU TIMUR, SUMATERA SELATAN",3,75,107,182
https://kawalpemilu.org#928914,"TANJUNG MULYA, BUAY MADANG TIMUR, OGAN KOMERING ULU TIMUR, SUMATERA SELATAN",4,55,157,212
https://kawalpemilu.org#928915,"RAMAN AGUNG, BUAY MADANG TIMUR, OGAN KOMERING ULU TIMUR, SUMATERA SELATAN",1,111,103,214
https://kawalpemilu.org#928915,"RAMAN AGUNG, BUAY MADANG TIMUR, OGAN KOMERING ULU TIMUR, SUMATERA SELATAN",2,134,64,198
https://kawalpemilu.org#928915,"RAMAN AGUNG, BUAY MADANG TIMUR, OGAN KOMERING ULU TIMUR, SUMATERA SELATAN",3,118,83,201
https://kawalpemilu.org#928915,"RAMAN AGUNG, BUAY MADANG TIMUR, OGAN KOMERING ULU TIMUR, SUMATERA SELATAN",4,65,71,136
https://kawalpemilu.org#928916,"BUKIT MAS, BUAY MADANG TIMUR, OGAN KOMERING ULU TIMUR, SUMATERA SELATAN",1,115,77,192
https://kawalpemilu.org#928916,"BUKIT MAS, BUAY MADANG TIMUR, OGAN KOMERING ULU TIMUR, SUMATERA SELATAN",2,102,98,200
https://kawalpemilu.org#928916,"BUKIT MAS, BUAY MADANG TIMUR, OGAN KOMERING ULU TIMUR, SUMATERA SELATAN",3,48,135,183
https://kawalpemilu.org#928916,"BUKIT MAS, BUAY MADANG TIMUR, OGAN KOMERING ULU TIMUR, SUMATERA SELATAN",4,59,124,183
https://kawalpemilu.org#928917,"TANJUNG AGUNG, BUAY MADANG TIMUR, OGAN KOMERING ULU TIMUR, SUMATERA SELATAN",1,84,137,221
https://kawalpemilu.org#928917,"TANJUNG AGUNG, BUAY MADANG TIMUR, OGAN KOMERING ULU TIMUR, SUMATERA SELATAN",2,109,97,206
https://kawalpemilu.org#928917,"TANJUNG AGUNG, BUAY MADANG TIMUR, OGAN KOMERING ULU TIMUR, SUMATERA SELATAN",3,60,143,203
https://kawalpemilu.org#928918,"BERASAN MULYA, BUAY MADANG TIMUR, OGAN KOMERING ULU TIMUR, SUMATERA SELATAN",1,139,112,251
https://kawalpemilu.org#928918,"BERASAN MULYA, BUAY MADANG TIMUR, OGAN KOMERING ULU TIMUR, SUMATERA SELATAN",2,223,44,267
https://kawalpemilu.org#928918,"BERASAN MULYA, BUAY MADANG TIMUR, OGAN KOMERING ULU TIMUR, SUMATERA SELATAN",3,113,110,223
https://kawalpemilu.org#928918,"BERASAN MULYA, BUAY MADANG TIMUR, OGAN KOMERING ULU TIMUR, SUMATERA SELATAN",4,71,166,237
https://kawalpemilu.org#928919,"SUMBER TANI, BUAY MADANG TIMUR, OGAN KOMERING ULU TIMUR, SUMATERA SELATAN",1,79,148,227
https://kawalpemilu.org#928919,"SUMBER TANI, BUAY MADANG TIMUR, OGAN KOMERING ULU TIMUR, SUMATERA SELATAN",2,105,154,259
https://kawalpemilu.org#19709,"NIKAN, MADANG SUKU III, OGAN KOMERING ULU TIMUR, SUMATERA SELATAN",1,9,165,174
https://kawalpemilu.org#19709,"NIKAN, MADANG SUKU III, OGAN KOMERING ULU TIMUR, SUMATERA SELATAN",2,14,189,203
https://kawalpemilu.org#19709,"NIKAN, MADANG SUKU III, OGAN KOMERING ULU TIMUR, SUMATERA SELATAN",3,67,37,104
https://kawalpemilu.org#19709,"NIKAN, MADANG SUKU III, OGAN KOMERING ULU TIMUR, SUMATERA SELATAN",4,15,166,181
https://kawalpemilu.org#19710,"BANDING AGUNG, MADANG SUKU III, OGAN KOMERING ULU TIMUR, SUMATERA SELATAN",1,137,105,242
https://kawalpemilu.org#19710,"BANDING AGUNG, MADANG SUKU III, OGAN KOMERING ULU TIMUR, SUMATERA SELATAN",2,127,106,233
https://kawalpemilu.org#19710,"BANDING AGUNG, MADANG SUKU III, OGAN KOMERING ULU TIMUR, SUMATERA SELATAN",3,65,166,231
https://kawalpemilu.org#19711,"SURABAYA, MADANG SUKU III, OGAN KOMERING ULU TIMUR, SUMATERA SELATAN",1,47,175,222
https://kawalpemilu.org#19711,"SURABAYA, MADANG SUKU III, OGAN KOMERING ULU TIMUR, SUMATERA SELATAN",2,73,191,264
https://kawalpemilu.org#19711,"SURABAYA, MADANG SUKU III, OGAN KOMERING ULU TIMUR, SUMATERA SELATAN",3,65,142,207
https://kawalpemilu.org#19711,"SURABAYA, MADANG SUKU III, OGAN KOMERING ULU TIMUR, SUMATERA SELATAN",4,50,151,201
https://kawalpemilu.org#19711,"SURABAYA, MADANG SUKU III, OGAN KOMERING ULU TIMUR, SUMATERA SELATAN",5,121,44,165
https://kawalpemilu.org#19711,"SURABAYA, MADANG SUKU III, OGAN KOMERING ULU TIMUR, SUMATERA SELATAN",6,147,50,197
https://kawalpemilu.org#19711,"SURABAYA, MADANG SUKU III, OGAN KOMERING ULU TIMUR, SUMATERA SELATAN",7,104,31,135
https://kawalpemilu.org#19712,"BINA AMARTA, MADANG SUKU III, OGAN KOMERING ULU TIMUR, SUMATERA SELATAN",1,53,100,153
https://kawalpemilu.org#19712,"BINA AMARTA, MADANG SUKU III, OGAN KOMERING ULU TIMUR, SUMATERA SELATAN",2,28,159,187
https://kawalpemilu.org#19712,"BINA AMARTA, MADANG SUKU III, OGAN KOMERING ULU TIMUR, SUMATERA SELATAN",3,55,126,181
https://kawalpemilu.org#19712,"BINA AMARTA, MADANG SUKU III, OGAN KOMERING ULU TIMUR, SUMATERA SELATAN",4,69,115,184
https://kawalpemilu.org#19712,"BINA AMARTA, MADANG SUKU III, OGAN KOMERING ULU TIMUR, SUMATERA SELATAN",5,61,88,149
https://kawalpemilu.org#19712,"BINA AMARTA, MADANG SUKU III, OGAN KOMERING ULU TIMUR, SUMATERA SELATAN",6,34,126,160
https://kawalpemilu.org#19712,"BINA AMARTA, MADANG SUKU III, OGAN KOMERING ULU TIMUR, SUMATERA SELATAN",7,37,104,141
https://kawalpemilu.org#19712,"BINA AMARTA, MADANG SUKU III, OGAN KOMERING ULU TIMUR, SUMATERA SELATAN",8,59,130,189
https://kawalpemilu.org#19712,"BINA AMARTA, MADANG SUKU III, OGAN KOMERING ULU TIMUR, SUMATERA SELATAN",9,55,126,181
https://kawalpemilu.org#19712,"BINA AMARTA, MADANG SUKU III, OGAN KOMERING ULU TIMUR, SUMATERA SELATAN",10,33,105,138
https://kawalpemilu.org#19712,"BINA AMARTA, MADANG SUKU III, OGAN KOMERING ULU TIMUR, SUMATERA SELATAN",11,26,131,157
https://kawalpemilu.org#19712,"BINA AMARTA, MADANG SUKU III, OGAN KOMERING ULU TIMUR, SUMATERA SELATAN",12,79,98,177
https://kawalpemilu.org#19712,"BINA AMARTA, MADANG SUKU III, OGAN KOMERING ULU TIMUR, SUMATERA SELATAN",13,33,86,119
https://kawalpemilu.org#19712,"BINA AMARTA, MADANG SUKU III, OGAN KOMERING ULU TIMUR, SUMATERA SELATAN",14,67,92,159
https://kawalpemilu.org#19713,"WANA BAKTI, MADANG SUKU III, OGAN KOMERING ULU TIMUR, SUMATERA SELATAN",1,51,87,138
https://kawalpemilu.org#19713,"WANA BAKTI, MADANG SUKU III, OGAN KOMERING ULU TIMUR, SUMATERA SELATAN",2,66,72,138
https://kawalpemilu.org#19713,"WANA BAKTI, MADANG SUKU III, OGAN KOMERING ULU TIMUR, SUMATERA SELATAN",3,41,142,183
https://kawalpemilu.org#19713,"WANA BAKTI, MADANG SUKU III, OGAN KOMERING ULU TIMUR, SUMATERA SELATAN",4,32,203,235
https://kawalpemilu.org#19713,"WANA BAKTI, MADANG SUKU III, OGAN KOMERING ULU TIMUR, SUMATERA SELATAN",5,32,165,197
https://kawalpemilu.org#19713,"WANA BAKTI, MADANG SUKU III, OGAN KOMERING ULU TIMUR, SUMATERA SELATAN",6,57,130,187
https://kawalpemilu.org#19713,"WANA BAKTI, MADANG SUKU III, OGAN KOMERING ULU TIMUR, SUMATERA SELATAN",7,61,80,141
https://kawalpemilu.org#19713,"WANA BAKTI, MADANG SUKU III, OGAN KOMERING ULU TIMUR, SUMATERA SELATAN",8,226,14,240
https://kawalpemilu.org#19713,"WANA BAKTI, MADANG SUKU III, OGAN KOMERING ULU TIMUR, SUMATERA SELATAN",9,190,11,201
https://kawalpemilu.org#19713,"WANA BAKTI, MADANG SUKU III, OGAN KOMERING ULU TIMUR, SUMATERA SELATAN",10,93,67,160
https://kawalpemilu.org#19713,"WANA BAKTI, MADANG SUKU III, OGAN KOMERING ULU TIMUR, SUMATERA SELATAN",11,54,90,144
https://kawalpemilu.org#19713,"WANA BAKTI, MADANG SUKU III, OGAN KOMERING ULU TIMUR, SUMATERA SELATAN",12,59,101,160
https://kawalpemilu.org#19713,"WANA BAKTI, MADANG SUKU III, OGAN KOMERING ULU TIMUR, SUMATERA SELATAN",13,96,88,184
https://kawalpemilu.org#19713,"WANA BAKTI, MADANG SUKU III, OGAN KOMERING ULU TIMUR, SUMATERA SELATAN",14,120,55,175
https://kawalpemilu.org#19713,"WANA BAKTI, MADANG SUKU III, OGAN KOMERING ULU TIMUR, SUMATERA SELATAN",15,110,102,212
https://kawalpemilu.org#19714,"KARYA MAKMUR, MADANG SUKU III, OGAN KOMERING ULU TIMUR, SUMATERA SELATAN",1,104,121,225
https://kawalpemilu.org#19714,"KARYA MAKMUR, MADANG SUKU III, OGAN KOMERING ULU TIMUR, SUMATERA SELATAN",2,41,133,174
https://kawalpemilu.org#19714,"KARYA MAKMUR, MADANG SUKU III, OGAN KOMERING ULU TIMUR, SUMATERA SELATAN",3,55,104,159
https://kawalpemilu.org#19714,"KARYA MAKMUR, MADANG SUKU III, OGAN KOMERING ULU TIMUR, SUMATERA SELATAN",4,47,131,178
https://kawalpemilu.org#19714,"KARYA MAKMUR, MADANG SUKU III, OGAN KOMERING ULU TIMUR, SUMATERA SELATAN",5,56,96,152
https://kawalpemilu.org#19714,"KARYA MAKMUR, MADANG SUKU III, OGAN KOMERING ULU TIMUR, SUMATERA SELATAN",6,46,123,169
https://kawalpemilu.org#19714,"KARYA MAKMUR, MADANG SUKU III, OGAN KOMERING ULU TIMUR, SUMATERA SELATAN",7,56,153,209
https://kawalpemilu.org#19714,"KARYA MAKMUR, MADANG SUKU III, OGAN KOMERING ULU TIMUR, SUMATERA SELATAN",8,86,87,173
https://kawalpemilu.org#19714,"KARYA MAKMUR, MADANG SUKU III, OGAN KOMERING ULU TIMUR, SUMATERA SELATAN",9,52,84,136
https://kawalpemilu.org#19715,"SUKA DAMAI, MADANG SUKU III, OGAN KOMERING ULU TIMUR, SUMATERA SELATAN",1,58,176,234
https://kawalpemilu.org#19715,"SUKA DAMAI, MADANG SUKU III, OGAN KOMERING ULU TIMUR, SUMATERA SELATAN",2,29,131,160
https://kawalpemilu.org#19715,"SUKA DAMAI, MADANG SUKU III, OGAN KOMERING ULU TIMUR, SUMATERA SELATAN",3,22,92,114
https://kawalpemilu.org#19715,"SUKA DAMAI, MADANG SUKU III, OGAN KOMERING ULU TIMUR, SUMATERA SELATAN",4,42,143,185
https://kawalpemilu.org#19715,"SUKA DAMAI, MADANG SUKU III, OGAN KOMERING ULU TIMUR, SUMATERA SELATAN",5,74,106,180
https://kawalpemilu.org#19715,"SUKA DAMAI, MADANG SUKU III, OGAN KOMERING ULU TIMUR, SUMATERA SELATAN",6,47,191,238
https://kawalpemilu.org#19715,"SUKA DAMAI, MADANG SUKU III, OGAN KOMERING ULU TIMUR, SUMATERA SELATAN",7,28,118,146
https://kawalpemilu.org#19715,"SUKA DAMAI, MADANG SUKU III, OGAN KOMERING ULU TIMUR, SUMATERA SELATAN",8,94,153,247
https://kawalpemilu.org#19715,"SUKA DAMAI, MADANG SUKU III, OGAN KOMERING ULU TIMUR, SUMATERA SELATAN",9,41,120,161
https://kawalpemilu.org#19717,"BATU MARTA X, MADANG SUKU III, OGAN KOMERING ULU TIMUR, SUMATERA SELATAN",1,103,149,251
https://kawalpemilu.org#19717,"BATU MARTA X, MADANG SUKU III, OGAN KOMERING ULU TIMUR, SUMATERA SELATAN",2,85,117,202
https://kawalpemilu.org#19717,"BATU MARTA X, MADANG SUKU III, OGAN KOMERING ULU TIMUR, SUMATERA SELATAN",3,71,119,190
https://kawalpemilu.org#19717,"BATU MARTA X, MADANG SUKU III, OGAN KOMERING ULU TIMUR, SUMATERA SELATAN",4,186,60,246
https://kawalpemilu.org#19717,"BATU MARTA X, MADANG SUKU III, OGAN KOMERING ULU TIMUR, SUMATERA SELATAN",5,80,142,222
https://kawalpemilu.org#19717,"BATU MARTA X, MADANG SUKU III, OGAN KOMERING ULU TIMUR, SUMATERA SELATAN",6,48,154,202
https://kawalpemilu.org#19717,"BATU MARTA X, MADANG SUKU III, OGAN KOMERING ULU TIMUR, SUMATERA SELATAN",7,68,107,175
https://kawalpemilu.org#84718,"BATU MARTA VI, MADANG SUKU III, OGAN KOMERING ULU TIMUR, SUMATERA SELATAN",1,44,168,212
https://kawalpemilu.org#84718,"BATU MARTA VI, MADANG SUKU III, OGAN KOMERING ULU TIMUR, SUMATERA SELATAN",2,131,75,206
https://kawalpemilu.org#84718,"BATU MARTA VI, MADANG SUKU III, OGAN KOMERING ULU TIMUR, SUMATERA SELATAN",3,196,53,249
https://kawalpemilu.org#84718,"BATU MARTA VI, MADANG SUKU III, OGAN KOMERING ULU TIMUR, SUMATERA SELATAN",4,79,148,227
https://kawalpemilu.org#84718,"BATU MARTA VI, MADANG SUKU III, OGAN KOMERING ULU TIMUR, SUMATERA SELATAN",5,71,110,181
https://kawalpemilu.org#84718,"BATU MARTA VI, MADANG SUKU III, OGAN KOMERING ULU TIMUR, SUMATERA SELATAN",6,48,135,183
https://kawalpemilu.org#84718,"BATU MARTA VI, MADANG SUKU III, OGAN KOMERING ULU TIMUR, SUMATERA SELATAN",7,81,104,185
https://kawalpemilu.org#84718,"BATU MARTA VI, MADANG SUKU III, OGAN KOMERING ULU TIMUR, SUMATERA SELATAN",8,65,179,244
https://kawalpemilu.org#84718,"BATU MARTA VI, MADANG SUKU III, OGAN KOMERING ULU TIMUR, SUMATERA SELATAN",9,35,109,144
https://kawalpemilu.org#84718,"BATU MARTA VI, MADANG SUKU III, OGAN KOMERING ULU TIMUR, SUMATERA SELATAN",10,92,93,185
https://kawalpemilu.org#84718,"BATU MARTA VI, MADANG SUKU III, OGAN KOMERING ULU TIMUR, SUMATERA SELATAN",11,72,90,162
https://kawalpemilu.org#84718,"BATU MARTA VI, MADANG SUKU III, OGAN KOMERING ULU TIMUR, SUMATERA SELATAN",12,100,84,184
https://kawalpemilu.org#84718,"BATU MARTA VI, MADANG SUKU III, OGAN KOMERING ULU TIMUR, SUMATERA SELATAN",13,73,104,177
https://kawalpemilu.org#84718,"BATU MARTA VI, MADANG SUKU III, OGAN KOMERING ULU TIMUR, SUMATERA SELATAN",14,74,89,163
https://kawalpemilu.org#84718,"BATU MARTA VI, MADANG SUKU III, OGAN KOMERING ULU TIMUR, SUMATERA SELATAN",15,39,121,160
https://kawalpemilu.org#84718,"BATU MARTA VI, MADANG SUKU III, OGAN KOMERING ULU TIMUR, SUMATERA SELATAN",16,36,97,133
https://kawalpemilu.org#928920,"MARTA V JAYA, MADANG SUKU III, OGAN KOMERING ULU TIMUR, SUMATERA SELATAN",1,148,49,197
https://kawalpemilu.org#928920,"MARTA V JAYA, MADANG SUKU III, OGAN KOMERING ULU TIMUR, SUMATERA SELATAN",2,145,64,209
https://kawalpemilu.org#19719,"TANJUNG KUKUH, SEMENDAWAI BARAT, OGAN KOMERING ULU TIMUR, SUMATERA SELATAN",1,99,115,214
https://kawalpemilu.org#19719,"TANJUNG KUKUH, SEMENDAWAI BARAT, OGAN KOMERING ULU TIMUR, SUMATERA SELATAN",2,139,84,223
https://kawalpemilu.org#19719,"TANJUNG KUKUH, SEMENDAWAI BARAT, OGAN KOMERING ULU TIMUR, SUMATERA SELATAN",3,91,94,185
https://kawalpemilu.org#19719,"TANJUNG KUKUH, SEMENDAWAI BARAT, OGAN KOMERING ULU TIMUR, SUMATERA SELATAN",4,113,57,170
https://kawalpemilu.org#19719,"TANJUNG KUKUH, SEMENDAWAI BARAT, OGAN KOMERING ULU TIMUR, SUMATERA SELATAN",5,164,35,199
https://kawalpemilu.org#19719,"TANJUNG KUKUH, SEMENDAWAI BARAT, OGAN KOMERING ULU TIMUR, SUMATERA SELATAN",6,143,91,234
https://kawalpemilu.org#19719,"TANJUNG KUKUH, SEMENDAWAI BARAT, OGAN KOMERING ULU TIMUR, SUMATERA SELATAN",7,107,99,206
https://kawalpemilu.org#19719,"TANJUNG KUKUH, SEMENDAWAI BARAT, OGAN KOMERING ULU TIMUR, SUMATERA SELATAN",8,30,43,73
https://kawalpemilu.org#19720,"BETUNG, SEMENDAWAI BARAT, OGAN KOMERING ULU TIMUR, SUMATERA SELATAN",1,98,61,159
https://kawalpemilu.org#19720,"BETUNG, SEMENDAWAI BARAT, OGAN KOMERING ULU TIMUR, SUMATERA SELATAN",2,85,34,119
https://kawalpemilu.org#19720,"BETUNG, SEMENDAWAI BARAT, OGAN KOMERING ULU TIMUR, SUMATERA SELATAN",3,74,61,135
https://kawalpemilu.org#19720,"BETUNG, SEMENDAWAI BARAT, OGAN KOMERING ULU TIMUR, SUMATERA SELATAN",4,91,55,146
https://kawalpemilu.org#19720,"BETUNG, SEMENDAWAI BARAT, OGAN KOMERING ULU TIMUR, SUMATERA SELATAN",5,58,63,121
https://kawalpemilu.org#19720,"BETUNG, SEMENDAWAI BARAT, OGAN KOMERING ULU TIMUR, SUMATERA SELATAN",6,62,50,112
https://kawalpemilu.org#19720,"BETUNG, SEMENDAWAI BARAT, OGAN KOMERING ULU TIMUR, SUMATERA SELATAN",7,62,49,111
https://kawalpemilu.org#19720,"BETUNG, SEMENDAWAI BARAT, OGAN KOMERING ULU TIMUR, SUMATERA SELATAN",8,75,28,103
https://kawalpemilu.org#19720,"BETUNG, SEMENDAWAI BARAT, OGAN KOMERING ULU TIMUR, SUMATERA SELATAN",9,98,30,128
https://kawalpemilu.org#19720,"BETUNG, SEMENDAWAI BARAT, OGAN KOMERING ULU TIMUR, SUMATERA SELATAN",10,117,45,162
https://kawalpemilu.org#19720,"BETUNG, SEMENDAWAI BARAT, OGAN KOMERING ULU TIMUR, SUMATERA SELATAN",11,58,52,110
https://kawalpemilu.org#19720,"BETUNG, SEMENDAWAI BARAT, OGAN KOMERING ULU TIMUR, SUMATERA SELATAN",12,59,36,95
https://kawalpemilu.org#19720,"BETUNG, SEMENDAWAI BARAT, OGAN KOMERING ULU TIMUR, SUMATERA SELATAN",13,62,58,120
https://kawalpemilu.org#19721,"TANJUNG MAS, SEMENDAWAI BARAT, OGAN KOMERING ULU TIMUR, SUMATERA SELATAN",1,48,119,167
https://kawalpemilu.org#19721,"TANJUNG MAS, SEMENDAWAI BARAT, OGAN KOMERING ULU TIMUR, SUMATERA SELATAN",2,44,122,166
https://kawalpemilu.org#19721,"TANJUNG MAS, SEMENDAWAI BARAT, OGAN KOMERING ULU TIMUR, SUMATERA SELATAN",3,80,81,161
https://kawalpemilu.org#19722,"MENANGA BESAR, SEMENDAWAI BARAT, OGAN KOMERING ULU TIMUR, SUMATERA SELATAN",1,57,60,117
https://kawalpemilu.org#19722,"MENANGA BESAR, SEMENDAWAI BARAT, OGAN KOMERING ULU TIMUR, SUMATERA SELATAN",2,51,77,128
https://kawalpemilu.org#19722,"MENANGA BESAR, SEMENDAWAI BARAT, OGAN KOMERING ULU TIMUR, SUMATERA SELATAN",3,81,114,195
https://kawalpemilu.org#19722,"MENANGA BESAR, SEMENDAWAI BARAT, OGAN KOMERING ULU TIMUR, SUMATERA SELATAN",4,42,64,106
https://kawalpemilu.org#19722,"MENANGA BESAR, SEMENDAWAI BARAT, OGAN KOMERING ULU TIMUR, SUMATERA SELATAN",5,34,72,106
https://kawalpemilu.org#19722,"MENANGA BESAR, SEMENDAWAI BARAT, OGAN KOMERING ULU TIMUR, SUMATERA SELATAN",6,22,86,108
https://kawalpemilu.org#19722,"MENANGA BESAR, SEMENDAWAI BARAT, OGAN KOMERING ULU TIMUR, SUMATERA SELATAN",7,0,0,0
https://kawalpemilu.org#19722,"MENANGA BESAR, SEMENDAWAI BARAT, OGAN KOMERING ULU TIMUR, SUMATERA SELATAN",8,22,96,118
https://kawalpemilu.org#19722,"MENANGA BESAR, SEMENDAWAI BARAT, OGAN KOMERING ULU TIMUR, SUMATERA SELATAN",9,28,118,146
https://kawalpemilu.org#19722,"MENANGA BESAR, SEMENDAWAI BARAT, OGAN KOMERING ULU TIMUR, SUMATERA SELATAN",10,22,108,130
https://kawalpemilu.org#19722,"MENANGA BESAR, SEMENDAWAI BARAT, OGAN KOMERING ULU TIMUR, SUMATERA SELATAN",11,29,101,130
https://kawalpemilu.org#19723,"MENANGA TENGAH, SEMENDAWAI BARAT, OGAN KOMERING ULU TIMUR, SUMATERA SELATAN",1,55,114,169
https://kawalpemilu.org#19723,"MENANGA TENGAH, SEMENDAWAI BARAT, OGAN KOMERING ULU TIMUR, SUMATERA SELATAN",2,42,129,171
https://kawalpemilu.org#19723,"MENANGA TENGAH, SEMENDAWAI BARAT, OGAN KOMERING ULU TIMUR, SUMATERA SELATAN",3,49,116,165
https://kawalpemilu.org#19723,"MENANGA TENGAH, SEMENDAWAI BARAT, OGAN KOMERING ULU TIMUR, SUMATERA SELATAN",4,44,65,109
https://kawalpemilu.org#19723,"MENANGA TENGAH, SEMENDAWAI BARAT, OGAN KOMERING ULU TIMUR, SUMATERA SELATAN",5,96,84,180
https://kawalpemilu.org#19723,"MENANGA TENGAH, SEMENDAWAI BARAT, OGAN KOMERING ULU TIMUR, SUMATERA SELATAN",6,57,86,143
https://kawalpemilu.org#19723,"MENANGA TENGAH, SEMENDAWAI BARAT, OGAN KOMERING ULU TIMUR, SUMATERA SELATAN",7,129,64,193
https://kawalpemilu.org#19723,"MENANGA TENGAH, SEMENDAWAI BARAT, OGAN KOMERING ULU TIMUR, SUMATERA SELATAN",8,146,85,231
https://kawalpemilu.org#19723,"MENANGA TENGAH, SEMENDAWAI BARAT, OGAN KOMERING ULU TIMUR, SUMATERA SELATAN",9,135,70,205
https://kawalpemilu.org#19723,"MENANGA TENGAH, SEMENDAWAI BARAT, OGAN KOMERING ULU TIMUR, SUMATERA SELATAN",10,163,85,248
https://kawalpemilu.org#19724,"ADU MANIS, SEMENDAWAI BARAT, OGAN KOMERING ULU TIMUR, SUMATERA SELATAN",1,49,88,137
https://kawalpemilu.org#19724,"ADU MANIS, SEMENDAWAI BARAT, OGAN KOMERING ULU TIMUR, SUMATERA SELATAN",2,51,88,139
https://kawalpemilu.org#19724,"ADU MANIS, SEMENDAWAI BARAT, OGAN KOMERING ULU TIMUR, SUMATERA SELATAN",3,40,66,106
https://kawalpemilu.org#19725,"SUKA NEGERI, SEMENDAWAI BARAT, OGAN KOMERING ULU TIMUR, SUMATERA SELATAN",1,57,136,193
https://kawalpemilu.org#19725,"SUKA NEGERI, SEMENDAWAI BARAT, OGAN KOMERING ULU TIMUR, SUMATERA SELATAN",2,42,130,172
https://kawalpemilu.org#19725,"SUKA NEGERI, SEMENDAWAI BARAT, OGAN KOMERING ULU TIMUR, SUMATERA SELATAN",3,44,82,126
https://kawalpemilu.org#19725,"SUKA NEGERI, SEMENDAWAI BARAT, OGAN KOMERING ULU TIMUR, SUMATERA SELATAN",4,47,92,139
https://kawalpemilu.org#19725,"SUKA NEGERI, SEMENDAWAI BARAT, OGAN KOMERING ULU TIMUR, SUMATERA SELATAN",5,53,103,156
https://kawalpemilu.org#19725,"SUKA NEGERI, SEMENDAWAI BARAT, OGAN KOMERING ULU TIMUR, SUMATERA SELATAN",6,45,111,156
https://kawalpemilu.org#19725,"SUKA NEGERI, SEMENDAWAI BARAT, OGAN KOMERING ULU TIMUR, SUMATERA SELATAN",7,41,119,160
https://kawalpemilu.org#19725,"SUKA NEGERI, SEMENDAWAI BARAT, OGAN KOMERING ULU TIMUR, SUMATERA SELATAN",8,36,105,141
https://kawalpemilu.org#19725,"SUKA NEGERI, SEMENDAWAI BARAT, OGAN KOMERING ULU TIMUR, SUMATERA SELATAN",9,35,121,156
https://kawalpemilu.org#19725,"SUKA NEGERI, SEMENDAWAI BARAT, OGAN KOMERING ULU TIMUR, SUMATERA SELATAN",10,46,117,163
https://kawalpemilu.org#19726,"KANGKUNG, SEMENDAWAI BARAT, OGAN KOMERING ULU TIMUR, SUMATERA SELATAN",1,49,106,155
https://kawalpemilu.org#19726,"KANGKUNG, SEMENDAWAI BARAT, OGAN KOMERING ULU TIMUR, SUMATERA SELATAN",2,64,78,142
https://kawalpemilu.org#19726,"KANGKUNG, SEMENDAWAI BARAT, OGAN KOMERING ULU TIMUR, SUMATERA SELATAN",3,44,96,140
https://kawalpemilu.org#19726,"KANGKUNG, SEMENDAWAI BARAT, OGAN KOMERING ULU TIMUR, SUMATERA SELATAN",4,76,47,123
https://kawalpemilu.org#19726,"KANGKUNG, SEMENDAWAI BARAT, OGAN KOMERING ULU TIMUR, SUMATERA SELATAN",5,36,81,117
https://kawalpemilu.org#19726,"KANGKUNG, SEMENDAWAI BARAT, OGAN KOMERING ULU TIMUR, SUMATERA SELATAN",6,45,58,103
https://kawalpemilu.org#19727,"SRI TANJUNG, SEMENDAWAI BARAT, OGAN KOMERING ULU TIMUR, SUMATERA SELATAN",1,85,71,156
https://kawalpemilu.org#19727,"SRI TANJUNG, SEMENDAWAI BARAT, OGAN KOMERING ULU TIMUR, SUMATERA SELATAN",2,84,53,137
https://kawalpemilu.org#19727,"SRI TANJUNG, SEMENDAWAI BARAT, OGAN KOMERING ULU TIMUR, SUMATERA SELATAN",3,72,55,127
https://kawalpemilu.org#19727,"SRI TANJUNG, SEMENDAWAI BARAT, OGAN KOMERING ULU TIMUR, SUMATERA SELATAN",4,75,44,119
https://kawalpemilu.org#19728,"KANGKUNG ILIR, SEMENDAWAI BARAT, OGAN KOMERING ULU TIMUR, SUMATERA SELATAN",1,42,121,163
https://kawalpemilu.org#19728,"KANGKUNG ILIR, SEMENDAWAI BARAT, OGAN KOMERING ULU TIMUR, SUMATERA SELATAN",2,40,76,116
https://kawalpemilu.org#19728,"KANGKUNG ILIR, SEMENDAWAI BARAT, OGAN KOMERING ULU TIMUR, SUMATERA SELATAN",3,48,166,214
https://kawalpemilu.org#19728,"KANGKUNG ILIR, SEMENDAWAI BARAT, OGAN KOMERING ULU TIMUR, SUMATERA SELATAN",4,37,101,138
https://kawalpemilu.org#19728,"KANGKUNG ILIR, SEMENDAWAI BARAT, OGAN KOMERING ULU TIMUR, SUMATERA SELATAN",5,28,79,107
https://kawalpemilu.org#19728,"KANGKUNG ILIR, SEMENDAWAI BARAT, OGAN KOMERING ULU TIMUR, SUMATERA SELATAN",6,32,75,107
https://kawalpemilu.org#19729,"BETUNG TIMUR, SEMENDAWAI BARAT, OGAN KOMERING ULU TIMUR, SUMATERA SELATAN",1,86,129,215
https://kawalpemilu.org#19729,"BETUNG TIMUR, SEMENDAWAI BARAT, OGAN KOMERING ULU TIMUR, SUMATERA SELATAN",2,139,76,215
https://kawalpemilu.org#19730,"MENANGA SARI, SEMENDAWAI BARAT, OGAN KOMERING ULU TIMUR, SUMATERA SELATAN",1,115,64,179
https://kawalpemilu.org#19730,"MENANGA SARI, SEMENDAWAI BARAT, OGAN KOMERING ULU TIMUR, SUMATERA SELATAN",2,147,32,179
https://kawalpemilu.org#19732,"KARANG MELATI, SEMENDAWAI TIMUR, OGAN KOMERING ULU TIMUR, SUMATERA SELATAN",1,69,130,199
https://kawalpemilu.org#19732,"KARANG MELATI, SEMENDAWAI TIMUR, OGAN KOMERING ULU TIMUR, SUMATERA SELATAN",2,93,109,202
https://kawalpemilu.org#19732,"KARANG MELATI, SEMENDAWAI TIMUR, OGAN KOMERING ULU TIMUR, SUMATERA SELATAN",3,109,83,192
https://kawalpemilu.org#19732,"KARANG MELATI, SEMENDAWAI TIMUR, OGAN KOMERING ULU TIMUR, SUMATERA SELATAN",4,56,120,176
https://kawalpemilu.org#19732,"KARANG MELATI, SEMENDAWAI TIMUR, OGAN KOMERING ULU TIMUR, SUMATERA SELATAN",5,78,107,185
https://kawalpemilu.org#19732,"KARANG MELATI, SEMENDAWAI TIMUR, OGAN KOMERING ULU TIMUR, SUMATERA SELATAN",6,87,99,186
https://kawalpemilu.org#19732,"KARANG MELATI, SEMENDAWAI TIMUR, OGAN KOMERING ULU TIMUR, SUMATERA SELATAN",7,106,75,181
https://kawalpemilu.org#19733,"KARANG MENJANGAN, SEMENDAWAI TIMUR, OGAN KOMERING ULU TIMUR, SUMATERA SELATAN",1,110,106,216
https://kawalpemilu.org#19733,"KARANG MENJANGAN, SEMENDAWAI TIMUR, OGAN KOMERING ULU TIMUR, SUMATERA SELATAN",2,98,31,129
https://kawalpemilu.org#19733,"KARANG MENJANGAN, SEMENDAWAI TIMUR, OGAN KOMERING ULU TIMUR, SUMATERA SELATAN",3,100,31,131
https://kawalpemilu.org#19733,"KARANG MENJANGAN, SEMENDAWAI TIMUR, OGAN KOMERING ULU TIMUR, SUMATERA SELATAN",4,182,34,216
https://kawalpemilu.org#19733,"KARANG MENJANGAN, SEMENDAWAI TIMUR, OGAN KOMERING ULU TIMUR, SUMATERA SELATAN",5,156,77,233
https://kawalpemilu.org#19733,"KARANG MENJANGAN, SEMENDAWAI TIMUR, OGAN KOMERING ULU TIMUR, SUMATERA SELATAN",6,129,36,165
https://kawalpemilu.org#19733,"KARANG MENJANGAN, SEMENDAWAI TIMUR, OGAN KOMERING ULU TIMUR, SUMATERA SELATAN",7,85,65,150
https://kawalpemilu.org#19734,"KARANG ANYAR, SEMENDAWAI TIMUR, OGAN KOMERING ULU TIMUR, SUMATERA SELATAN",1,101,82,183
https://kawalpemilu.org#19734,"KARANG ANYAR, SEMENDAWAI TIMUR, OGAN KOMERING ULU TIMUR, SUMATERA SELATAN",3,111,52,163
https://kawalpemilu.org#19734,"KARANG ANYAR, SEMENDAWAI TIMUR, OGAN KOMERING ULU TIMUR, SUMATERA SELATAN",5,206,4,210
https://kawalpemilu.org#19734,"KARANG ANYAR, SEMENDAWAI TIMUR, OGAN KOMERING ULU TIMUR, SUMATERA SELATAN",6,117,51,168
https://kawalpemilu.org#19734,"KARANG ANYAR, SEMENDAWAI TIMUR, OGAN KOMERING ULU TIMUR, SUMATERA SELATAN",7,97,65,162
https://kawalpemilu.org#19734,"KARANG ANYAR, SEMENDAWAI TIMUR, OGAN KOMERING ULU TIMUR, SUMATERA SELATAN",8,142,7,149
https://kawalpemilu.org#19735,"TULUNG HARAPAN, SEMENDAWAI TIMUR, OGAN KOMERING ULU TIMUR, SUMATERA SELATAN",1,205,17,222
https://kawalpemilu.org#19735,"TULUNG HARAPAN, SEMENDAWAI TIMUR, OGAN KOMERING ULU TIMUR, SUMATERA SELATAN",2,42,107,149
https://kawalpemilu.org#19735,"TULUNG HARAPAN, SEMENDAWAI TIMUR, OGAN KOMERING ULU TIMUR, SUMATERA SELATAN",3,73,148,221
https://kawalpemilu.org#19735,"TULUNG HARAPAN, SEMENDAWAI TIMUR, OGAN KOMERING ULU TIMUR, SUMATERA SELATAN",4,67,157,224
https://kawalpemilu.org#19735,"TULUNG HARAPAN, SEMENDAWAI TIMUR, OGAN KOMERING ULU TIMUR, SUMATERA SELATAN",5,59,129,188
https://kawalpemilu.org#19735,"TULUNG HARAPAN, SEMENDAWAI TIMUR, OGAN KOMERING ULU TIMUR, SUMATERA SELATAN",6,56,94,150
https://kawalpemilu.org#19735,"TULUNG HARAPAN, SEMENDAWAI TIMUR, OGAN KOMERING ULU TIMUR, SUMATERA SELATAN",7,75,81,156
https://kawalpemilu.org#19735,"TULUNG HARAPAN, SEMENDAWAI TIMUR, OGAN KOMERING ULU TIMUR, SUMATERA SELATAN",8,42,71,113
https://kawalpemilu.org#19736,"NIRWANA, SEMENDAWAI TIMUR, OGAN KOMERING ULU TIMUR, SUMATERA SELATAN",1,138,7,145
https://kawalpemilu.org#19736,"NIRWANA, SEMENDAWAI TIMUR, OGAN KOMERING ULU TIMUR, SUMATERA SELATAN",2,128,102,230
https://kawalpemilu.org#19736,"NIRWANA, SEMENDAWAI TIMUR, OGAN KOMERING ULU TIMUR, SUMATERA SELATAN",3,68,80,148
https://kawalpemilu.org#19736,"NIRWANA, SEMENDAWAI TIMUR, OGAN KOMERING ULU TIMUR, SUMATERA SELATAN",4,164,104,268
https://kawalpemilu.org#19736,"NIRWANA, SEMENDAWAI TIMUR, OGAN KOMERING ULU TIMUR, SUMATERA SELATAN",5,83,107,190
https://kawalpemilu.org#19736,"NIRWANA, SEMENDAWAI TIMUR, OGAN KOMERING ULU TIMUR, SUMATERA SELATAN",6,130,23,153
https://kawalpemilu.org#19736,"NIRWANA, SEMENDAWAI TIMUR, OGAN KOMERING ULU TIMUR, SUMATERA SELATAN",7,133,90,223
https://kawalpemilu.org#19736,"NIRWANA, SEMENDAWAI TIMUR, OGAN KOMERING ULU TIMUR, SUMATERA SELATAN",8,151,114,265
https://kawalpemilu.org#19736,"NIRWANA, SEMENDAWAI TIMUR, OGAN KOMERING ULU TIMUR, SUMATERA SELATAN",9,106,31,137
https://kawalpemilu.org#19736,"NIRWANA, SEMENDAWAI TIMUR, OGAN KOMERING ULU TIMUR, SUMATERA SELATAN",10,100,72,172
https://kawalpemilu.org#19736,"NIRWANA, SEMENDAWAI TIMUR, OGAN KOMERING ULU TIMUR, SUMATERA SELATAN",11,100,14,114
https://kawalpemilu.org#19737,"KOTA TANAH, SEMENDAWAI TIMUR, OGAN KOMERING ULU TIMUR, SUMATERA SELATAN",1,91,143,234
https://kawalpemilu.org#19737,"KOTA TANAH, SEMENDAWAI TIMUR, OGAN KOMERING ULU TIMUR, SUMATERA SELATAN",2,79,122,201
https://kawalpemilu.org#19737,"KOTA TANAH, SEMENDAWAI TIMUR, OGAN KOMERING ULU TIMUR, SUMATERA SELATAN",3,133,64,197
https://kawalpemilu.org#19737,"KOTA TANAH, SEMENDAWAI TIMUR, OGAN KOMERING ULU TIMUR, SUMATERA SELATAN",4,114,98,212
https://kawalpemilu.org#19737,"KOTA TANAH, SEMENDAWAI TIMUR, OGAN KOMERING ULU TIMUR, SUMATERA SELATAN",5,71,93,164
https://kawalpemilu.org#19738,"BURNAI MULYA, SEMENDAWAI TIMUR, OGAN KOMERING ULU TIMUR, SUMATERA SELATAN",1,41,131,172
https://kawalpemilu.org#19738,"BURNAI MULYA, SEMENDAWAI TIMUR, OGAN KOMERING ULU TIMUR, SUMATERA SELATAN",2,39,121,160
https://kawalpemilu.org#19738,"BURNAI MULYA, SEMENDAWAI TIMUR, OGAN KOMERING ULU TIMUR, SUMATERA SELATAN",3,49,168,217
https://kawalpemilu.org#19738,"BURNAI MULYA, SEMENDAWAI TIMUR, OGAN KOMERING ULU TIMUR, SUMATERA SELATAN",4,83,108,191
https://kawalpemilu.org#19738,"BURNAI MULYA, SEMENDAWAI TIMUR, OGAN KOMERING ULU TIMUR, SUMATERA SELATAN",5,106,96,202
https://kawalpemilu.org#19738,"BURNAI MULYA, SEMENDAWAI TIMUR, OGAN KOMERING ULU TIMUR, SUMATERA SELATAN",6,60,119,179
https://kawalpemilu.org#19738,"BURNAI MULYA, SEMENDAWAI TIMUR, OGAN KOMERING ULU TIMUR, SUMATERA SELATAN",7,27,165,192
https://kawalpemilu.org#19738,"BURNAI MULYA, SEMENDAWAI TIMUR, OGAN KOMERING ULU TIMUR, SUMATERA SELATAN",8,47,116,163
https://kawalpemilu.org#19739,"KOTA MULYA, SEMENDAWAI TIMUR, OGAN KOMERING ULU TIMUR, SUMATERA SELATAN",1,125,62,187
https://kawalpemilu.org#19739,"KOTA MULYA, SEMENDAWAI TIMUR, OGAN KOMERING ULU TIMUR, SUMATERA SELATAN",2,31,161,191
https://kawalpemilu.org#19739,"KOTA MULYA, SEMENDAWAI TIMUR, OGAN KOMERING ULU TIMUR, SUMATERA SELATAN",3,103,82,185
https://kawalpemilu.org#19739,"KOTA MULYA, SEMENDAWAI TIMUR, OGAN KOMERING ULU TIMUR, SUMATERA SELATAN",4,65,105,170
https://kawalpemilu.org#19740,"BUNGIN JAYA, SEMENDAWAI TIMUR, OGAN KOMERING ULU TIMUR, SUMATERA SELATAN",1,118,70,188
https://kawalpemilu.org#19740,"BUNGIN JAYA, SEMENDAWAI TIMUR, OGAN KOMERING ULU TIMUR, SUMATERA SELATAN",2,118,73,191
https://kawalpemilu.org#19740,"BUNGIN JAYA, SEMENDAWAI TIMUR, OGAN KOMERING ULU TIMUR, SUMATERA SELATAN",3,134,33,167
https://kawalpemilu.org#19741,"MELATI JAYA, SEMENDAWAI TIMUR, OGAN KOMERING ULU TIMUR, SUMATERA SELATAN",2,125,63,188
https://kawalpemilu.org#19741,"MELATI JAYA, SEMENDAWAI TIMUR, OGAN KOMERING ULU TIMUR, SUMATERA SELATAN",3,69,145,214
https://kawalpemilu.org#19741,"MELATI JAYA, SEMENDAWAI TIMUR, OGAN KOMERING ULU TIMUR, SUMATERA SELATAN",4,100,105,205
https://kawalpemilu.org#19741,"MELATI JAYA, SEMENDAWAI TIMUR, OGAN KOMERING ULU TIMUR, SUMATERA SELATAN",5,59,108,167
https://kawalpemilu.org#19741,"MELATI JAYA, SEMENDAWAI TIMUR, OGAN KOMERING ULU TIMUR, SUMATERA SELATAN",6,145,54,199
https://kawalpemilu.org#19741,"MELATI JAYA, SEMENDAWAI TIMUR, OGAN KOMERING ULU TIMUR, SUMATERA SELATAN",7,105,104,209
https://kawalpemilu.org#19741,"MELATI JAYA, SEMENDAWAI TIMUR, OGAN KOMERING ULU TIMUR, SUMATERA SELATAN",8,108,72,180
https://kawalpemilu.org#19741,"MELATI JAYA, SEMENDAWAI TIMUR, OGAN KOMERING ULU TIMUR, SUMATERA SELATAN",9,86,83,169
https://kawalpemilu.org#19742,"MULIA JAYA, SEMENDAWAI TIMUR, OGAN KOMERING ULU TIMUR, SUMATERA SELATAN",1,116,67,183
https://kawalpemilu.org#19742,"MULIA JAYA, SEMENDAWAI TIMUR, OGAN KOMERING ULU TIMUR, SUMATERA SELATAN",2,104,109,213
https://kawalpemilu.org#19742,"MULIA JAYA, SEMENDAWAI TIMUR, OGAN KOMERING ULU TIMUR, SUMATERA SELATAN",3,131,97,228
https://kawalpemilu.org#19742,"MULIA JAYA, SEMENDAWAI TIMUR, OGAN KOMERING ULU TIMUR, SUMATERA SELATAN",4,90,53,143
https://kawalpemilu.org#19742,"MULIA JAYA, SEMENDAWAI TIMUR, OGAN KOMERING ULU TIMUR, SUMATERA SELATAN",5,138,34,172
https://kawalpemilu.org#19742,"MULIA JAYA, SEMENDAWAI TIMUR, OGAN KOMERING ULU TIMUR, SUMATERA SELATAN",6,64,70,134
https://kawalpemilu.org#19743,"BURNAI JAYA, SEMENDAWAI TIMUR, OGAN KOMERING ULU TIMUR, SUMATERA SELATAN",1,108,88,196
https://kawalpemilu.org#19743,"BURNAI JAYA, SEMENDAWAI TIMUR, OGAN KOMERING ULU TIMUR, SUMATERA SELATAN",2,82,78,160
https://kawalpemilu.org#19743,"BURNAI JAYA, SEMENDAWAI TIMUR, OGAN KOMERING ULU TIMUR, SUMATERA SELATAN",3,133,2,135
https://kawalpemilu.org#19743,"BURNAI JAYA, SEMENDAWAI TIMUR, OGAN KOMERING ULU TIMUR, SUMATERA SELATAN",4,61,96,157
https://kawalpemilu.org#19743,"BURNAI JAYA, SEMENDAWAI TIMUR, OGAN KOMERING ULU TIMUR, SUMATERA SELATAN",5,111,4,115
https://kawalpemilu.org#19744,"HARAPAN JAYA, SEMENDAWAI TIMUR, OGAN KOMERING ULU TIMUR, SUMATERA SELATAN",1,103,40,143
https://kawalpemilu.org#19744,"HARAPAN JAYA, SEMENDAWAI TIMUR, OGAN KOMERING ULU TIMUR, SUMATERA SELATAN",2,217,37,254
https://kawalpemilu.org#19745,"KARANG MULYA, SEMENDAWAI TIMUR, OGAN KOMERING ULU TIMUR, SUMATERA SELATAN",1,174,12,186
https://kawalpemilu.org#19745,"KARANG MULYA, SEMENDAWAI TIMUR, OGAN KOMERING ULU TIMUR, SUMATERA SELATAN",3,106,97,203
https://kawalpemilu.org#19745,"KARANG MULYA, SEMENDAWAI TIMUR, OGAN KOMERING ULU TIMUR, SUMATERA SELATAN",4,94,81,175
https://kawalpemilu.org#19745,"KARANG MULYA, SEMENDAWAI TIMUR, OGAN KOMERING ULU TIMUR, SUMATERA SELATAN",5,190,12,202
https://kawalpemilu.org#19747,"MELATI AGUNG, SEMENDAWAI TIMUR, OGAN KOMERING ULU TIMUR, SUMATERA SELATAN",1,81,135,216
https://kawalpemilu.org#19747,"MELATI AGUNG, SEMENDAWAI TIMUR, OGAN KOMERING ULU TIMUR, SUMATERA SELATAN",2,62,127,189
https://kawalpemilu.org#19747,"MELATI AGUNG, SEMENDAWAI TIMUR, OGAN KOMERING ULU TIMUR, SUMATERA SELATAN",3,0,0,0
https://kawalpemilu.org#19747,"MELATI AGUNG, SEMENDAWAI TIMUR, OGAN KOMERING ULU TIMUR, SUMATERA SELATAN",4,80,44,124
https://kawalpemilu.org#19747,"MELATI AGUNG, SEMENDAWAI TIMUR, OGAN KOMERING ULU TIMUR, SUMATERA SELATAN",5,67,82,149
https://kawalpemilu.org#19747,"MELATI AGUNG, SEMENDAWAI TIMUR, OGAN KOMERING ULU TIMUR, SUMATERA SELATAN",6,82,89,171
https://kawalpemilu.org#19748,"WANA MAKMUR, SEMENDAWAI TIMUR, OGAN KOMERING ULU TIMUR, SUMATERA SELATAN",1,93,57,150
https://kawalpemilu.org#19748,"WANA MAKMUR, SEMENDAWAI TIMUR, OGAN KOMERING ULU TIMUR, SUMATERA SELATAN",2,103,63,166
https://kawalpemilu.org#19748,"WANA MAKMUR, SEMENDAWAI TIMUR, OGAN KOMERING ULU TIMUR, SUMATERA SELATAN",3,143,46,189
https://kawalpemilu.org#19748,"WANA MAKMUR, SEMENDAWAI TIMUR, OGAN KOMERING ULU TIMUR, SUMATERA SELATAN",4,107,37,144
https://kawalpemilu.org#19748,"WANA MAKMUR, SEMENDAWAI TIMUR, OGAN KOMERING ULU TIMUR, SUMATERA SELATAN",5,112,50,162
https://kawalpemilu.org#19748,"WANA MAKMUR, SEMENDAWAI TIMUR, OGAN KOMERING ULU TIMUR, SUMATERA SELATAN",6,139,41,180
https://kawalpemilu.org#90221,"WANASARI, SEMENDAWAI TIMUR, OGAN KOMERING ULU TIMUR, SUMATERA SELATAN",1,140,90,230
https://kawalpemilu.org#90221,"WANASARI, SEMENDAWAI TIMUR, OGAN KOMERING ULU TIMUR, SUMATERA SELATAN",2,112,37,149
https://kawalpemilu.org#90221,"WANASARI, SEMENDAWAI TIMUR, OGAN KOMERING ULU TIMUR, SUMATERA SELATAN",3,50,71,121
https://kawalpemilu.org#90221,"WANASARI, SEMENDAWAI TIMUR, OGAN KOMERING ULU TIMUR, SUMATERA SELATAN",4,119,130,249
https://kawalpemilu.org#90221,"WANASARI, SEMENDAWAI TIMUR, OGAN KOMERING ULU TIMUR, SUMATERA SELATAN",5,58,51,109
https://kawalpemilu.org#90221,"WANASARI, SEMENDAWAI TIMUR, OGAN KOMERING ULU TIMUR, SUMATERA SELATAN",6,80,57,137
https://kawalpemilu.org#928921,"BAWANG TIKAR, SEMENDAWAI TIMUR, OGAN KOMERING ULU TIMUR, SUMATERA SELATAN",1,38,98,136
https://kawalpemilu.org#928921,"BAWANG TIKAR, SEMENDAWAI TIMUR, OGAN KOMERING ULU TIMUR, SUMATERA SELATAN",2,62,70,132
https://kawalpemilu.org#928921,"BAWANG TIKAR, SEMENDAWAI TIMUR, OGAN KOMERING ULU TIMUR, SUMATERA SELATAN",3,88,73,161
https://kawalpemilu.org#928921,"BAWANG TIKAR, SEMENDAWAI TIMUR, OGAN KOMERING ULU TIMUR, SUMATERA SELATAN",4,71,102,173
https://kawalpemilu.org#928922,"KARYA BAKTI, SEMENDAWAI TIMUR, OGAN KOMERING ULU TIMUR, SUMATERA SELATAN",1,167,80,247
https://kawalpemilu.org#928922,"KARYA BAKTI, SEMENDAWAI TIMUR, OGAN KOMERING ULU TIMUR, SUMATERA SELATAN",2,146,59,205
https://kawalpemilu.org#928922,"KARYA BAKTI, SEMENDAWAI TIMUR, OGAN KOMERING ULU TIMUR, SUMATERA SELATAN",3,220,26,246
https://kawalpemilu.org#928922,"KARYA BAKTI, SEMENDAWAI TIMUR, OGAN KOMERING ULU TIMUR, SUMATERA SELATAN",4,165,7,172
https://kawalpemilu.org#19750,"BUNGA MAYANG, JAYAPURA, OGAN KOMERING ULU TIMUR, SUMATERA SELATAN",1,78,117,195
https://kawalpemilu.org#19750,"BUNGA MAYANG, JAYAPURA, OGAN KOMERING ULU TIMUR, SUMATERA SELATAN",2,164,91,255
https://kawalpemilu.org#19750,"BUNGA MAYANG, JAYAPURA, OGAN KOMERING ULU TIMUR, SUMATERA SELATAN",3,145,103,248
https://kawalpemilu.org#19750,"BUNGA MAYANG, JAYAPURA, OGAN KOMERING ULU TIMUR, SUMATERA SELATAN",5,83,98,181
https://kawalpemilu.org#19751,"JAYAPURA, JAYAPURA, OGAN KOMERING ULU TIMUR, SUMATERA SELATAN",1,104,119,223
https://kawalpemilu.org#19751,"JAYAPURA, JAYAPURA, OGAN KOMERING ULU TIMUR, SUMATERA SELATAN",3,49,118,167
https://kawalpemilu.org#19751,"JAYAPURA, JAYAPURA, OGAN KOMERING ULU TIMUR, SUMATERA SELATAN",4,128,120,248
https://kawalpemilu.org#19751,"JAYAPURA, JAYAPURA, OGAN KOMERING ULU TIMUR, SUMATERA SELATAN",5,92,101,193
https://kawalpemilu.org#19751,"JAYAPURA, JAYAPURA, OGAN KOMERING ULU TIMUR, SUMATERA SELATAN",6,77,105,182
https://kawalpemilu.org#19751,"JAYAPURA, JAYAPURA, OGAN KOMERING ULU TIMUR, SUMATERA SELATAN",7,116,106,222
https://kawalpemilu.org#19752,"WAY SALAK, JAYAPURA, OGAN KOMERING ULU TIMUR, SUMATERA SELATAN",1,29,196,225
https://kawalpemilu.org#19752,"WAY SALAK, JAYAPURA, OGAN KOMERING ULU TIMUR, SUMATERA SELATAN",2,27,125,152
https://kawalpemilu.org#19752,"WAY SALAK, JAYAPURA, OGAN KOMERING ULU TIMUR, SUMATERA SELATAN",3,93,62,155
https://kawalpemilu.org#19753,"MENDAH, JAYAPURA, OGAN KOMERING ULU TIMUR, SUMATERA SELATAN",1,34,79,113
https://kawalpemilu.org#19753,"MENDAH, JAYAPURA, OGAN KOMERING ULU TIMUR, SUMATERA SELATAN",2,58,145,203
https://kawalpemilu.org#19753,"MENDAH, JAYAPURA, OGAN KOMERING ULU TIMUR, SUMATERA SELATAN",3,22,107,129
https://kawalpemilu.org#19753,"MENDAH, JAYAPURA, OGAN KOMERING ULU TIMUR, SUMATERA SELATAN",5,194,21,215
https://kawalpemilu.org#19753,"MENDAH, JAYAPURA, OGAN KOMERING ULU TIMUR, SUMATERA SELATAN",6,115,59,174
https://kawalpemilu.org#19753,"MENDAH, JAYAPURA, OGAN KOMERING ULU TIMUR, SUMATERA SELATAN",7,117,89,206
https://kawalpemilu.org#19753,"MENDAH, JAYAPURA, OGAN KOMERING ULU TIMUR, SUMATERA SELATAN",8,134,31,165
https://kawalpemilu.org#19753,"MENDAH, JAYAPURA, OGAN KOMERING ULU TIMUR, SUMATERA SELATAN",10,216,46,262
https://kawalpemilu.org#19753,"MENDAH, JAYAPURA, OGAN KOMERING ULU TIMUR, SUMATERA SELATAN",12,28,82,110
https://kawalpemilu.org#19753,"MENDAH, JAYAPURA, OGAN KOMERING ULU TIMUR, SUMATERA SELATAN",13,50,100,150
https://kawalpemilu.org#19753,"MENDAH, JAYAPURA, OGAN KOMERING ULU TIMUR, SUMATERA SELATAN",14,165,18,183
https://kawalpemilu.org#19753,"MENDAH, JAYAPURA, OGAN KOMERING ULU TIMUR, SUMATERA SELATAN",15,181,24,205
https://kawalpemilu.org#19753,"MENDAH, JAYAPURA, OGAN KOMERING ULU TIMUR, SUMATERA SELATAN",16,110,72,182
https://kawalpemilu.org#19753,"MENDAH, JAYAPURA, OGAN KOMERING ULU TIMUR, SUMATERA SELATAN",17,144,31,175
https://kawalpemilu.org#19754,"TUMIJAYA, JAYAPURA, OGAN KOMERING ULU TIMUR, SUMATERA SELATAN",1,109,62,171
https://kawalpemilu.org#19754,"TUMIJAYA, JAYAPURA, OGAN KOMERING ULU TIMUR, SUMATERA SELATAN",2,97,62,159
https://kawalpemilu.org#19754,"TUMIJAYA, JAYAPURA, OGAN KOMERING ULU TIMUR, SUMATERA SELATAN",3,72,42,114
https://kawalpemilu.org#19754,"TUMIJAYA, JAYAPURA, OGAN KOMERING ULU TIMUR, SUMATERA SELATAN",4,70,32,102
https://kawalpemilu.org#19754,"TUMIJAYA, JAYAPURA, OGAN KOMERING ULU TIMUR, SUMATERA SELATAN",5,92,77,169
https://kawalpemilu.org#19754,"TUMIJAYA, JAYAPURA, OGAN KOMERING ULU TIMUR, SUMATERA SELATAN",6,130,64,194
https://kawalpemilu.org#19754,"TUMIJAYA, JAYAPURA, OGAN KOMERING ULU TIMUR, SUMATERA SELATAN",7,84,89,173
https://kawalpemilu.org#19754,"TUMIJAYA, JAYAPURA, OGAN KOMERING ULU TIMUR, SUMATERA SELATAN",8,90,65,155
https://kawalpemilu.org#19755,"CONDONG, JAYAPURA, OGAN KOMERING ULU TIMUR, SUMATERA SELATAN",1,43,124,167
https://kawalpemilu.org#19755,"CONDONG, JAYAPURA, OGAN KOMERING ULU TIMUR, SUMATERA SELATAN",2,27,104,131
https://kawalpemilu.org#19755,"CONDONG, JAYAPURA, OGAN KOMERING ULU TIMUR, SUMATERA SELATAN",3,150,65,215
https://kawalpemilu.org#19755,"CONDONG, JAYAPURA, OGAN KOMERING ULU TIMUR, SUMATERA SELATAN",4,114,70,184
https://kawalpemilu.org#19755,"CONDONG, JAYAPURA, OGAN KOMERING ULU TIMUR, SUMATERA SELATAN",5,146,76,222
https://kawalpemilu.org#19756,"PERACAK JAYA, JAYAPURA, OGAN KOMERING ULU TIMUR, SUMATERA SELATAN",1,178,41,219
https://kawalpemilu.org#19756,"PERACAK JAYA, JAYAPURA, OGAN KOMERING ULU TIMUR, SUMATERA SELATAN",2,139,37,176
https://kawalpemilu.org#19756,"PERACAK JAYA, JAYAPURA, OGAN KOMERING ULU TIMUR, SUMATERA SELATAN",3,143,30,173
https://kawalpemilu.org#19756,"PERACAK JAYA, JAYAPURA, OGAN KOMERING ULU TIMUR, SUMATERA SELATAN",4,216,28,244
https://kawalpemilu.org#19757,"KAMBANG, JAYAPURA, OGAN KOMERING ULU TIMUR, SUMATERA SELATAN",1,58,110,168
https://kawalpemilu.org#19757,"KAMBANG, JAYAPURA, OGAN KOMERING ULU TIMUR, SUMATERA SELATAN",2,19,78,97
https://kawalpemilu.org#19757,"KAMBANG, JAYAPURA, OGAN KOMERING ULU TIMUR, SUMATERA SELATAN",3,26,59,85
https://kawalpemilu.org#19759,"KARSA JAYA, BELITANG JAYA, OGAN KOMERING ULU TIMUR, SUMATERA SELATAN",2,117,77,194
https://kawalpemilu.org#19759,"KARSA JAYA, BELITANG JAYA, OGAN KOMERING ULU TIMUR, SUMATERA SELATAN",3,110,60,170
https://kawalpemilu.org#19759,"KARSA JAYA, BELITANG JAYA, OGAN KOMERING ULU TIMUR, SUMATERA SELATAN",4,154,72,226
https://kawalpemilu.org#19759,"KARSA JAYA, BELITANG JAYA, OGAN KOMERING ULU TIMUR, SUMATERA SELATAN",5,107,84,191
https://kawalpemilu.org#19759,"KARSA JAYA, BELITANG JAYA, OGAN KOMERING ULU TIMUR, SUMATERA SELATAN",6,157,35,192
https://kawalpemilu.org#19761,"SIDOREJO, BELITANG JAYA, OGAN KOMERING ULU TIMUR, SUMATERA SELATAN",1,47,174,221
https://kawalpemilu.org#19761,"SIDOREJO, BELITANG JAYA, OGAN KOMERING ULU TIMUR, SUMATERA SELATAN",2,86,129,215
https://kawalpemilu.org#19761,"SIDOREJO, BELITANG JAYA, OGAN KOMERING ULU TIMUR, SUMATERA SELATAN",3,90,112,202
https://kawalpemilu.org#19761,"SIDOREJO, BELITANG JAYA, OGAN KOMERING ULU TIMUR, SUMATERA SELATAN",4,96,90,186
https://kawalpemilu.org#19761,"SIDOREJO, BELITANG JAYA, OGAN KOMERING ULU TIMUR, SUMATERA SELATAN",5,112,73,185
https://kawalpemilu.org#19761,"SIDOREJO, BELITANG JAYA, OGAN KOMERING ULU TIMUR, SUMATERA SELATAN",6,96,68,164
https://kawalpemilu.org#19762,"BANJAR REJO, BELITANG JAYA, OGAN KOMERING ULU TIMUR, SUMATERA SELATAN",1,68,54,122
https://kawalpemilu.org#19762,"BANJAR REJO, BELITANG JAYA, OGAN KOMERING ULU TIMUR, SUMATERA SELATAN",2,115,59,174
https://kawalpemilu.org#19762,"BANJAR REJO, BELITANG JAYA, OGAN KOMERING ULU TIMUR, SUMATERA SELATAN",3,117,73,190
https://kawalpemilu.org#19762,"BANJAR REJO, BELITANG JAYA, OGAN KOMERING ULU TIMUR, SUMATERA SELATAN",4,92,105,197
https://kawalpemilu.org#19762,"BANJAR REJO, BELITANG JAYA, OGAN KOMERING ULU TIMUR, SUMATERA SELATAN",5,30,59,89
https://kawalpemilu.org#19763,"MARGO KOYO, BELITANG JAYA, OGAN KOMERING ULU TIMUR, SUMATERA SELATAN",1,56,103,159
https://kawalpemilu.org#19763,"MARGO KOYO, BELITANG JAYA, OGAN KOMERING ULU TIMUR, SUMATERA SELATAN",2,50,131,181
https://kawalpemilu.org#19764,"PANCA TUNGGAL, BELITANG JAYA, OGAN KOMERING ULU TIMUR, SUMATERA SELATAN",1,32,168,200
https://kawalpemilu.org#19764,"PANCA TUNGGAL, BELITANG JAYA, OGAN KOMERING ULU TIMUR, SUMATERA SELATAN",2,79,114,193
https://kawalpemilu.org#19764,"PANCA TUNGGAL, BELITANG JAYA, OGAN KOMERING ULU TIMUR, SUMATERA SELATAN",3,117,88,205
https://kawalpemilu.org#19764,"PANCA TUNGGAL, BELITANG JAYA, OGAN KOMERING ULU TIMUR, SUMATERA SELATAN",4,100,84,184
https://kawalpemilu.org#19764,"PANCA TUNGGAL, BELITANG JAYA, OGAN KOMERING ULU TIMUR, SUMATERA SELATAN",5,58,143,201
https://kawalpemilu.org#19764,"PANCA TUNGGAL, BELITANG JAYA, OGAN KOMERING ULU TIMUR, SUMATERA SELATAN",6,70,122,192
https://kawalpemilu.org#19764,"PANCA TUNGGAL, BELITANG JAYA, OGAN KOMERING ULU TIMUR, SUMATERA SELATAN",7,98,37,135
https://kawalpemilu.org#19764,"PANCA TUNGGAL, BELITANG JAYA, OGAN KOMERING ULU TIMUR, SUMATERA SELATAN",8,57,97,154
https://kawalpemilu.org#19764,"PANCA TUNGGAL, BELITANG JAYA, OGAN KOMERING ULU TIMUR, SUMATERA SELATAN",9,78,122,200
https://kawalpemilu.org#19765,"SUMBER AGUNG, BELITANG JAYA, OGAN KOMERING ULU TIMUR, SUMATERA SELATAN",1,112,57,169
https://kawalpemilu.org#19765,"SUMBER AGUNG, BELITANG JAYA, OGAN KOMERING ULU TIMUR, SUMATERA SELATAN",2,96,61,157
https://kawalpemilu.org#19765,"SUMBER AGUNG, BELITANG JAYA, OGAN KOMERING ULU TIMUR, SUMATERA SELATAN",3,118,53,171
https://kawalpemilu.org#19765,"SUMBER AGUNG, BELITANG JAYA, OGAN KOMERING ULU TIMUR, SUMATERA SELATAN",4,91,75,166
https://kawalpemilu.org#19765,"SUMBER AGUNG, BELITANG JAYA, OGAN KOMERING ULU TIMUR, SUMATERA SELATAN",5,116,67,183
https://kawalpemilu.org#19765,"SUMBER AGUNG, BELITANG JAYA, OGAN KOMERING ULU TIMUR, SUMATERA SELATAN",6,106,66,172
https://kawalpemilu.org#19766,"WINDUSARI, BELITANG JAYA, OGAN KOMERING ULU TIMUR, SUMATERA SELATAN",1,119,96,215
https://kawalpemilu.org#19766,"WINDUSARI, BELITANG JAYA, OGAN KOMERING ULU TIMUR, SUMATERA SELATAN",2,129,79,208
https://kawalpemilu.org#19766,"WINDUSARI, BELITANG JAYA, OGAN KOMERING ULU TIMUR, SUMATERA SELATAN",3,176,42,218
https://kawalpemilu.org#19766,"WINDUSARI, BELITANG JAYA, OGAN KOMERING ULU TIMUR, SUMATERA SELATAN",4,136,78,214
https://kawalpemilu.org#19767,"KARYA MAKMUR, BELITANG JAYA, OGAN KOMERING ULU TIMUR, SUMATERA SELATAN",1,152,71,223
https://kawalpemilu.org#19767,"KARYA MAKMUR, BELITANG JAYA, OGAN KOMERING ULU TIMUR, SUMATERA SELATAN",2,172,58,230
https://kawalpemilu.org#19767,"KARYA MAKMUR, BELITANG JAYA, OGAN KOMERING ULU TIMUR, SUMATERA SELATAN",3,151,72,223
https://kawalpemilu.org#19767,"KARYA MAKMUR, BELITANG JAYA, OGAN KOMERING ULU TIMUR, SUMATERA SELATAN",4,120,69,189
https://kawalpemilu.org#19767,"KARYA MAKMUR, BELITANG JAYA, OGAN KOMERING ULU TIMUR, SUMATERA SELATAN",5,76,132,208
https://kawalpemilu.org#19767,"KARYA MAKMUR, BELITANG JAYA, OGAN KOMERING ULU TIMUR, SUMATERA SELATAN",6,89,96,185
https://kawalpemilu.org#19767,"KARYA MAKMUR, BELITANG JAYA, OGAN KOMERING ULU TIMUR, SUMATERA SELATAN",7,138,37,175
https://kawalpemilu.org#19767,"KARYA MAKMUR, BELITANG JAYA, OGAN KOMERING ULU TIMUR, SUMATERA SELATAN",8,153,40,193
https://kawalpemilu.org#19768,"GIRI MULYO, BELITANG JAYA, OGAN KOMERING ULU TIMUR, SUMATERA SELATAN",1,71,73,144
https://kawalpemilu.org#19768,"GIRI MULYO, BELITANG JAYA, OGAN KOMERING ULU TIMUR, SUMATERA SELATAN",2,76,156,232
https://kawalpemilu.org#19768,"GIRI MULYO, BELITANG JAYA, OGAN KOMERING ULU TIMUR, SUMATERA SELATAN",3,66,141,207
https://kawalpemilu.org#19768,"GIRI MULYO, BELITANG JAYA, OGAN KOMERING ULU TIMUR, SUMATERA SELATAN",4,32,115,147
https://kawalpemilu.org#19769,"MADU GONDO, BELITANG JAYA, OGAN KOMERING ULU TIMUR, SUMATERA SELATAN",1,82,122,204
https://kawalpemilu.org#19769,"MADU GONDO, BELITANG JAYA, OGAN KOMERING ULU TIMUR, SUMATERA SELATAN",2,99,147,246
https://kawalpemilu.org#19769,"MADU GONDO, BELITANG JAYA, OGAN KOMERING ULU TIMUR, SUMATERA SELATAN",3,59,138,197
https://kawalpemilu.org#19770,"ARGO MULYO, BELITANG JAYA, OGAN KOMERING ULU TIMUR, SUMATERA SELATAN",1,69,164,233
https://kawalpemilu.org#19770,"ARGO MULYO, BELITANG JAYA, OGAN KOMERING ULU TIMUR, SUMATERA SELATAN",2,81,171,252
https://kawalpemilu.org#19770,"ARGO MULYO, BELITANG JAYA, OGAN KOMERING ULU TIMUR, SUMATERA SELATAN",3,101,105,206
https://kawalpemilu.org#19771,"REJOSARI JAYA, BELITANG JAYA, OGAN KOMERING ULU TIMUR, SUMATERA SELATAN",1,42,135,177
https://kawalpemilu.org#19771,"REJOSARI JAYA, BELITANG JAYA, OGAN KOMERING ULU TIMUR, SUMATERA SELATAN",2,88,101,189
https://kawalpemilu.org#19771,"REJOSARI JAYA, BELITANG JAYA, OGAN KOMERING ULU TIMUR, SUMATERA SELATAN",3,98,97,195
https://kawalpemilu.org#19771,"REJOSARI JAYA, BELITANG JAYA, OGAN KOMERING ULU TIMUR, SUMATERA SELATAN",4,43,138,181
https://kawalpemilu.org#19771,"REJOSARI JAYA, BELITANG JAYA, OGAN KOMERING ULU TIMUR, SUMATERA SELATAN",5,91,94,185
https://kawalpemilu.org#90222,"REJOSARI, BELITANG JAYA, OGAN KOMERING ULU TIMUR, SUMATERA SELATAN",1,39,80,119
https://kawalpemilu.org#90222,"REJOSARI, BELITANG JAYA, OGAN KOMERING ULU TIMUR, SUMATERA SELATAN",2,42,217,259
https://kawalpemilu.org#90222,"REJOSARI, BELITANG JAYA, OGAN KOMERING ULU TIMUR, SUMATERA SELATAN",3,61,123,184
https://kawalpemilu.org#90222,"REJOSARI, BELITANG JAYA, OGAN KOMERING ULU TIMUR, SUMATERA SELATAN",4,78,185,263
https://kawalpemilu.org#90222,"REJOSARI, BELITANG JAYA, OGAN KOMERING ULU TIMUR, SUMATERA SELATAN",5,52,168,220
https://kawalpemilu.org#19773,"TUGU MULYO, BELITANG MADANG RAYA, OGAN KOMERING ULU TIMUR, SUMATERA SELATAN",1,92,81,173
https://kawalpemilu.org#19773,"TUGU MULYO, BELITANG MADANG RAYA, OGAN KOMERING ULU TIMUR, SUMATERA SELATAN",2,80,92,172
https://kawalpemilu.org#19773,"TUGU MULYO, BELITANG MADANG RAYA, OGAN KOMERING ULU TIMUR, SUMATERA SELATAN",3,97,122,219
https://kawalpemilu.org#19773,"TUGU MULYO, BELITANG MADANG RAYA, OGAN KOMERING ULU TIMUR, SUMATERA SELATAN",4,88,114,202
https://kawalpemilu.org#19773,"TUGU MULYO, BELITANG MADANG RAYA, OGAN KOMERING ULU TIMUR, SUMATERA SELATAN",5,91,132,223
https://kawalpemilu.org#19773,"TUGU MULYO, BELITANG MADANG RAYA, OGAN KOMERING ULU TIMUR, SUMATERA SELATAN",6,87,118,205
https://kawalpemilu.org#19773,"TUGU MULYO, BELITANG MADANG RAYA, OGAN KOMERING ULU TIMUR, SUMATERA SELATAN",7,50,140,190
https://kawalpemilu.org#19773,"TUGU MULYO, BELITANG MADANG RAYA, OGAN KOMERING ULU TIMUR, SUMATERA SELATAN",8,89,75,164
https://kawalpemilu.org#19773,"TUGU MULYO, BELITANG MADANG RAYA, OGAN KOMERING ULU TIMUR, SUMATERA SELATAN",9,107,107,214
https://kawalpemilu.org#19773,"TUGU MULYO, BELITANG MADANG RAYA, OGAN KOMERING ULU TIMUR, SUMATERA SELATAN",10,108,130,238
https://kawalpemilu.org#19774,"BANGSA NEGARA, BELITANG MADANG RAYA, OGAN KOMERING ULU TIMUR, SUMATERA SELATAN",1,66,143,209
https://kawalpemilu.org#19774,"BANGSA NEGARA, BELITANG MADANG RAYA, OGAN KOMERING ULU TIMUR, SUMATERA SELATAN",2,65,167,232
https://kawalpemilu.org#19774,"BANGSA NEGARA, BELITANG MADANG RAYA, OGAN KOMERING ULU TIMUR, SUMATERA SELATAN",3,93,116,209
https://kawalpemilu.org#19774,"BANGSA NEGARA, BELITANG MADANG RAYA, OGAN KOMERING ULU TIMUR, SUMATERA SELATAN",4,98,124,222
https://kawalpemilu.org#19774,"BANGSA NEGARA, BELITANG MADANG RAYA, OGAN KOMERING ULU TIMUR, SUMATERA SELATAN",5,64,151,215
https://kawalpemilu.org#19774,"BANGSA NEGARA, BELITANG MADANG RAYA, OGAN KOMERING ULU TIMUR, SUMATERA SELATAN",6,68,105,173
https://kawalpemilu.org#19775,"TUGU HARUM, BELITANG MADANG RAYA, OGAN KOMERING ULU TIMUR, SUMATERA SELATAN",1,47,197,244
https://kawalpemilu.org#19775,"TUGU HARUM, BELITANG MADANG RAYA, OGAN KOMERING ULU TIMUR, SUMATERA SELATAN",2,82,156,238
https://kawalpemilu.org#19775,"TUGU HARUM, BELITANG MADANG RAYA, OGAN KOMERING ULU TIMUR, SUMATERA SELATAN",3,44,149,193
https://kawalpemilu.org#19775,"TUGU HARUM, BELITANG MADANG RAYA, OGAN KOMERING ULU TIMUR, SUMATERA SELATAN",4,34,175,209
https://kawalpemilu.org#19775,"TUGU HARUM, BELITANG MADANG RAYA, OGAN KOMERING ULU TIMUR, SUMATERA SELATAN",5,66,147,213
https://kawalpemilu.org#19775,"TUGU HARUM, BELITANG MADANG RAYA, OGAN KOMERING ULU TIMUR, SUMATERA SELATAN",6,54,205,259
https://kawalpemilu.org#19775,"TUGU HARUM, BELITANG MADANG RAYA, OGAN KOMERING ULU TIMUR, SUMATERA SELATAN",7,47,190,237
https://kawalpemilu.org#19775,"TUGU HARUM, BELITANG MADANG RAYA, OGAN KOMERING ULU TIMUR, SUMATERA SELATAN",8,79,89,168
https://kawalpemilu.org#19775,"TUGU HARUM, BELITANG MADANG RAYA, OGAN KOMERING ULU TIMUR, SUMATERA SELATAN",9,82,124,206
https://kawalpemilu.org#19775,"TUGU HARUM, BELITANG MADANG RAYA, OGAN KOMERING ULU TIMUR, SUMATERA SELATAN",10,97,151,248
https://kawalpemilu.org#19775,"TUGU HARUM, BELITANG MADANG RAYA, OGAN KOMERING ULU TIMUR, SUMATERA SELATAN",11,96,156,252
https://kawalpemilu.org#19775,"TUGU HARUM, BELITANG MADANG RAYA, OGAN KOMERING ULU TIMUR, SUMATERA SELATAN",12,78,122,200
https://kawalpemilu.org#19775,"TUGU HARUM, BELITANG MADANG RAYA, OGAN KOMERING ULU TIMUR, SUMATERA SELATAN",13,68,179,247
https://kawalpemilu.org#19775,"TUGU HARUM, BELITANG MADANG RAYA, OGAN KOMERING ULU TIMUR, SUMATERA SELATAN",14,73,172,245
https://kawalpemilu.org#19775,"TUGU HARUM, BELITANG MADANG RAYA, OGAN KOMERING ULU TIMUR, SUMATERA SELATAN",15,57,127,184
https://kawalpemilu.org#19775,"TUGU HARUM, BELITANG MADANG RAYA, OGAN KOMERING ULU TIMUR, SUMATERA SELATAN",16,109,75,184
https://kawalpemilu.org#19775,"TUGU HARUM, BELITANG MADANG RAYA, OGAN KOMERING ULU TIMUR, SUMATERA SELATAN",17,109,95,204
https://kawalpemilu.org#19776,"TULUS AYU, BELITANG MADANG RAYA, OGAN KOMERING ULU TIMUR, SUMATERA SELATAN",1,93,117,210
https://kawalpemilu.org#19776,"TULUS AYU, BELITANG MADANG RAYA, OGAN KOMERING ULU TIMUR, SUMATERA SELATAN",2,101,123,224
https://kawalpemilu.org#19776,"TULUS AYU, BELITANG MADANG RAYA, OGAN KOMERING ULU TIMUR, SUMATERA SELATAN",3,102,112,214
https://kawalpemilu.org#19776,"TULUS AYU, BELITANG MADANG RAYA, OGAN KOMERING ULU TIMUR, SUMATERA SELATAN",4,128,91,219
https://kawalpemilu.org#19776,"TULUS AYU, BELITANG MADANG RAYA, OGAN KOMERING ULU TIMUR, SUMATERA SELATAN",5,78,112,190
https://kawalpemilu.org#19776,"TULUS AYU, BELITANG MADANG RAYA, OGAN KOMERING ULU TIMUR, SUMATERA SELATAN",6,38,158,196
https://kawalpemilu.org#19776,"TULUS AYU, BELITANG MADANG RAYA, OGAN KOMERING ULU TIMUR, SUMATERA SELATAN",7,85,106,191
https://kawalpemilu.org#19776,"TULUS AYU, BELITANG MADANG RAYA, OGAN KOMERING ULU TIMUR, SUMATERA SELATAN",8,77,110,187
https://kawalpemilu.org#19776,"TULUS AYU, BELITANG MADANG RAYA, OGAN KOMERING ULU TIMUR, SUMATERA SELATAN",9,77,120,197
https://kawalpemilu.org#19776,"TULUS AYU, BELITANG MADANG RAYA, OGAN KOMERING ULU TIMUR, SUMATERA SELATAN",10,103,105,208
https://kawalpemilu.org#19776,"TULUS AYU, BELITANG MADANG RAYA, OGAN KOMERING ULU TIMUR, SUMATERA SELATAN",11,47,159,206
https://kawalpemilu.org#19776,"TULUS AYU, BELITANG MADANG RAYA, OGAN KOMERING ULU TIMUR, SUMATERA SELATAN",12,64,123,187
https://kawalpemilu.org#19777,"YOSOWINANGUN, BELITANG MADANG RAYA, OGAN KOMERING ULU TIMUR, SUMATERA SELATAN",1,138,51,189
https://kawalpemilu.org#19777,"YOSOWINANGUN, BELITANG MADANG RAYA, OGAN KOMERING ULU TIMUR, SUMATERA SELATAN",2,71,108,179
https://kawalpemilu.org#19777,"YOSOWINANGUN, BELITANG MADANG RAYA, OGAN KOMERING ULU TIMUR, SUMATERA SELATAN",3,58,127,185
https://kawalpemilu.org#19777,"YOSOWINANGUN, BELITANG MADANG RAYA, OGAN KOMERING ULU TIMUR, SUMATERA SELATAN",4,56,131,187
https://kawalpemilu.org#19777,"YOSOWINANGUN, BELITANG MADANG RAYA, OGAN KOMERING ULU TIMUR, SUMATERA SELATAN",5,98,94,192
https://kawalpemilu.org#19777,"YOSOWINANGUN, BELITANG MADANG RAYA, OGAN KOMERING ULU TIMUR, SUMATERA SELATAN",6,96,97,193
https://kawalpemilu.org#19777,"YOSOWINANGUN, BELITANG MADANG RAYA, OGAN KOMERING ULU TIMUR, SUMATERA SELATAN",7,58,116,174
https://kawalpemilu.org#19777,"YOSOWINANGUN, BELITANG MADANG RAYA, OGAN KOMERING ULU TIMUR, SUMATERA SELATAN",8,92,99,191
https://kawalpemilu.org#19778,"KARANG BINANGUN, BELITANG MADANG RAYA, OGAN KOMERING ULU TIMUR, SUMATERA SELATAN",1,69,107,176
https://kawalpemilu.org#19778,"KARANG BINANGUN, BELITANG MADANG RAYA, OGAN KOMERING ULU TIMUR, SUMATERA SELATAN",2,58,118,176
https://kawalpemilu.org#19778,"KARANG BINANGUN, BELITANG MADANG RAYA, OGAN KOMERING ULU TIMUR, SUMATERA SELATAN",3,62,117,179
https://kawalpemilu.org#19778,"KARANG BINANGUN, BELITANG MADANG RAYA, OGAN KOMERING ULU TIMUR, SUMATERA SELATAN",4,76,100,176
https://kawalpemilu.org#19778,"KARANG BINANGUN, BELITANG MADANG RAYA, OGAN KOMERING ULU TIMUR, SUMATERA SELATAN",5,64,136,200
https://kawalpemilu.org#19778,"KARANG BINANGUN, BELITANG MADANG RAYA, OGAN KOMERING ULU TIMUR, SUMATERA SELATAN",6,65,120,185
https://kawalpemilu.org#19778,"KARANG BINANGUN, BELITANG MADANG RAYA, OGAN KOMERING ULU TIMUR, SUMATERA SELATAN",7,65,120,185
https://kawalpemilu.org#19778,"KARANG BINANGUN, BELITANG MADANG RAYA, OGAN KOMERING ULU TIMUR, SUMATERA SELATAN",8,68,100,168
https://kawalpemilu.org#19778,"KARANG BINANGUN, BELITANG MADANG RAYA, OGAN KOMERING ULU TIMUR, SUMATERA SELATAN",9,60,114,174
https://kawalpemilu.org#19778,"KARANG BINANGUN, BELITANG MADANG RAYA, OGAN KOMERING ULU TIMUR, SUMATERA SELATAN",10,82,97,179
https://kawalpemilu.org#19779,"JATI MULYO I, BELITANG MADANG RAYA, OGAN KOMERING ULU TIMUR, SUMATERA SELATAN",1,79,118,197
https://kawalpemilu.org#19779,"JATI MULYO I, BELITANG MADANG RAYA, OGAN KOMERING ULU TIMUR, SUMATERA SELATAN",2,78,84,162
https://kawalpemilu.org#19779,"JATI MULYO I, BELITANG MADANG RAYA, OGAN KOMERING ULU TIMUR, SUMATERA SELATAN",3,39,172,211
https://kawalpemilu.org#19779,"JATI MULYO I, BELITANG MADANG RAYA, OGAN KOMERING ULU TIMUR, SUMATERA SELATAN",4,62,134,196
https://kawalpemilu.org#19779,"JATI MULYO I, BELITANG MADANG RAYA, OGAN KOMERING ULU TIMUR, SUMATERA SELATAN",5,85,70,155
https://kawalpemilu.org#19779,"JATI MULYO I, BELITANG MADANG RAYA, OGAN KOMERING ULU TIMUR, SUMATERA SELATAN",6,92,58,150
https://kawalpemilu.org#19779,"JATI MULYO I, BELITANG MADANG RAYA, OGAN KOMERING ULU TIMUR, SUMATERA SELATAN",7,100,86,186
https://kawalpemilu.org#19779,"JATI MULYO I, BELITANG MADANG RAYA, OGAN KOMERING ULU TIMUR, SUMATERA SELATAN",8,105,76,181
https://kawalpemilu.org#19779,"JATI MULYO I, BELITANG MADANG RAYA, OGAN KOMERING ULU TIMUR, SUMATERA SELATAN",9,129,65,194
https://kawalpemilu.org#19780,"PANDAN SARI I, BELITANG MADANG RAYA, OGAN KOMERING ULU TIMUR, SUMATERA SELATAN",1,90,99,189
https://kawalpemilu.org#19780,"PANDAN SARI I, BELITANG MADANG RAYA, OGAN KOMERING ULU TIMUR, SUMATERA SELATAN",2,103,110,213
https://kawalpemilu.org#19780,"PANDAN SARI I, BELITANG MADANG RAYA, OGAN KOMERING ULU TIMUR, SUMATERA SELATAN",3,113,62,175
https://kawalpemilu.org#19780,"PANDAN SARI I, BELITANG MADANG RAYA, OGAN KOMERING ULU TIMUR, SUMATERA SELATAN",4,78,64,142
https://kawalpemilu.org#19780,"PANDAN SARI I, BELITANG MADANG RAYA, OGAN KOMERING ULU TIMUR, SUMATERA SELATAN",5,63,77,140
https://kawalpemilu.org#19780,"PANDAN SARI I, BELITANG MADANG RAYA, OGAN KOMERING ULU TIMUR, SUMATERA SELATAN",6,173,27,200
https://kawalpemilu.org#19780,"PANDAN SARI I, BELITANG MADANG RAYA, OGAN KOMERING ULU TIMUR, SUMATERA SELATAN",7,83,46,129
https://kawalpemilu.org#19780,"PANDAN SARI I, BELITANG MADANG RAYA, OGAN KOMERING ULU TIMUR, SUMATERA SELATAN",8,95,64,159
https://kawalpemilu.org#19781,"PELITA JAYA, BELITANG MADANG RAYA, OGAN KOMERING ULU TIMUR, SUMATERA SELATAN",1,153,54,207
https://kawalpemilu.org#19781,"PELITA JAYA, BELITANG MADANG RAYA, OGAN KOMERING ULU TIMUR, SUMATERA SELATAN",2,83,132,215
https://kawalpemilu.org#19781,"PELITA JAYA, BELITANG MADANG RAYA, OGAN KOMERING ULU TIMUR, SUMATERA SELATAN",3,68,137,205
https://kawalpemilu.org#19781,"PELITA JAYA, BELITANG MADANG RAYA, OGAN KOMERING ULU TIMUR, SUMATERA SELATAN",4,60,96,156
https://kawalpemilu.org#19781,"PELITA JAYA, BELITANG MADANG RAYA, OGAN KOMERING ULU TIMUR, SUMATERA SELATAN",5,62,92,154
https://kawalpemilu.org#19781,"PELITA JAYA, BELITANG MADANG RAYA, OGAN KOMERING ULU TIMUR, SUMATERA SELATAN",6,31,152,183
https://kawalpemilu.org#19781,"PELITA JAYA, BELITANG MADANG RAYA, OGAN KOMERING ULU TIMUR, SUMATERA SELATAN",7,116,60,176
https://kawalpemilu.org#19782,"MEKAR JAYA, BELITANG MADANG RAYA, OGAN KOMERING ULU TIMUR, SUMATERA SELATAN",1,97,124,221
https://kawalpemilu.org#19782,"MEKAR JAYA, BELITANG MADANG RAYA, OGAN KOMERING ULU TIMUR, SUMATERA SELATAN",2,122,49,171
https://kawalpemilu.org#19782,"MEKAR JAYA, BELITANG MADANG RAYA, OGAN KOMERING ULU TIMUR, SUMATERA SELATAN",3,108,70,178
https://kawalpemilu.org#19782,"MEKAR JAYA, BELITANG MADANG RAYA, OGAN KOMERING ULU TIMUR, SUMATERA SELATAN",4,116,65,181
https://kawalpemilu.org#19783,"LUBUK HARJO, BELITANG MADANG RAYA, OGAN KOMERING ULU TIMUR, SUMATERA SELATAN",1,99,105,204
https://kawalpemilu.org#19783,"LUBUK HARJO, BELITANG MADANG RAYA, OGAN KOMERING ULU TIMUR, SUMATERA SELATAN",2,106,85,191
https://kawalpemilu.org#19783,"LUBUK HARJO, BELITANG MADANG RAYA, OGAN KOMERING ULU TIMUR, SUMATERA SELATAN",3,54,146,200
https://kawalpemilu.org#19783,"LUBUK HARJO, BELITANG MADANG RAYA, OGAN KOMERING ULU TIMUR, SUMATERA SELATAN",4,82,120,202
https://kawalpemilu.org#19783,"LUBUK HARJO, BELITANG MADANG RAYA, OGAN KOMERING ULU TIMUR, SUMATERA SELATAN",5,59,99,158
https://kawalpemilu.org#19783,"LUBUK HARJO, BELITANG MADANG RAYA, OGAN KOMERING ULU TIMUR, SUMATERA SELATAN",6,47,141,188
https://kawalpemilu.org#19783,"LUBUK HARJO, BELITANG MADANG RAYA, OGAN KOMERING ULU TIMUR, SUMATERA SELATAN",7,97,76,173
https://kawalpemilu.org#19783,"LUBUK HARJO, BELITANG MADANG RAYA, OGAN KOMERING ULU TIMUR, SUMATERA SELATAN",8,77,107,184
https://kawalpemilu.org#19783,"LUBUK HARJO, BELITANG MADANG RAYA, OGAN KOMERING ULU TIMUR, SUMATERA SELATAN",9,62,102,164
https://kawalpemilu.org#19783,"LUBUK HARJO, BELITANG MADANG RAYA, OGAN KOMERING ULU TIMUR, SUMATERA SELATAN",10,27,95,122
https://kawalpemilu.org#19784,"TANAH MERAH, BELITANG MADANG RAYA, OGAN KOMERING ULU TIMUR, SUMATERA SELATAN",1,69,147,216
https://kawalpemilu.org#19784,"TANAH MERAH, BELITANG MADANG RAYA, OGAN KOMERING ULU TIMUR, SUMATERA SELATAN",2,69,140,209
https://kawalpemilu.org#19784,"TANAH MERAH, BELITANG MADANG RAYA, OGAN KOMERING ULU TIMUR, SUMATERA SELATAN",3,90,161,251
https://kawalpemilu.org#19784,"TANAH MERAH, BELITANG MADANG RAYA, OGAN KOMERING ULU TIMUR, SUMATERA SELATAN",4,81,107,188
https://kawalpemilu.org#19784,"TANAH MERAH, BELITANG MADANG RAYA, OGAN KOMERING ULU TIMUR, SUMATERA SELATAN",5,64,66,130
https://kawalpemilu.org#19784,"TANAH MERAH, BELITANG MADANG RAYA, OGAN KOMERING ULU TIMUR, SUMATERA SELATAN",6,91,108,199
https://kawalpemilu.org#19784,"TANAH MERAH, BELITANG MADANG RAYA, OGAN KOMERING ULU TIMUR, SUMATERA SELATAN",7,57,128,185
https://kawalpemilu.org#19784,"TANAH MERAH, BELITANG MADANG RAYA, OGAN KOMERING ULU TIMUR, SUMATERA SELATAN",8,54,156,210
https://kawalpemilu.org#19784,"TANAH MERAH, BELITANG MADANG RAYA, OGAN KOMERING ULU TIMUR, SUMATERA SELATAN",9,66,116,182
https://kawalpemilu.org#19784,"TANAH MERAH, BELITANG MADANG RAYA, OGAN KOMERING ULU TIMUR, SUMATERA SELATAN",10,60,132,192
https://kawalpemilu.org#19784,"TANAH MERAH, BELITANG MADANG RAYA, OGAN KOMERING ULU TIMUR, SUMATERA SELATAN",11,64,114,178
https://kawalpemilu.org#19784,"TANAH MERAH, BELITANG MADANG RAYA, OGAN KOMERING ULU TIMUR, SUMATERA SELATAN",12,41,140,181
https://kawalpemilu.org#19784,"TANAH MERAH, BELITANG MADANG RAYA, OGAN KOMERING ULU TIMUR, SUMATERA SELATAN",13,73,115,188
https://kawalpemilu.org#19784,"TANAH MERAH, BELITANG MADANG RAYA, OGAN KOMERING ULU TIMUR, SUMATERA SELATAN",14,110,83,193
https://kawalpemilu.org#19784,"TANAH MERAH, BELITANG MADANG RAYA, OGAN KOMERING ULU TIMUR, SUMATERA SELATAN",15,101,100,201
https://kawalpemilu.org#19784,"TANAH MERAH, BELITANG MADANG RAYA, OGAN KOMERING ULU TIMUR, SUMATERA SELATAN",16,175,41,216
https://kawalpemilu.org#19784,"TANAH MERAH, BELITANG MADANG RAYA, OGAN KOMERING ULU TIMUR, SUMATERA SELATAN",17,74,36,110
https://kawalpemilu.org#19785,"RANTAU JAYA, BELITANG MADANG RAYA, OGAN KOMERING ULU TIMUR, SUMATERA SELATAN",1,73,127,200
https://kawalpemilu.org#19785,"RANTAU JAYA, BELITANG MADANG RAYA, OGAN KOMERING ULU TIMUR, SUMATERA SELATAN",2,36,133,169
https://kawalpemilu.org#19785,"RANTAU JAYA, BELITANG MADANG RAYA, OGAN KOMERING ULU TIMUR, SUMATERA SELATAN",3,34,158,192
https://kawalpemilu.org#19785,"RANTAU JAYA, BELITANG MADANG RAYA, OGAN KOMERING ULU TIMUR, SUMATERA SELATAN",4,38,147,185
https://kawalpemilu.org#19785,"RANTAU JAYA, BELITANG MADANG RAYA, OGAN KOMERING ULU TIMUR, SUMATERA SELATAN",5,73,94,167
https://kawalpemilu.org#19785,"RANTAU JAYA, BELITANG MADANG RAYA, OGAN KOMERING ULU TIMUR, SUMATERA SELATAN",6,54,116,170
https://kawalpemilu.org#19785,"RANTAU JAYA, BELITANG MADANG RAYA, OGAN KOMERING ULU TIMUR, SUMATERA SELATAN",7,46,135,181
https://kawalpemilu.org#19785,"RANTAU JAYA, BELITANG MADANG RAYA, OGAN KOMERING ULU TIMUR, SUMATERA SELATAN",8,47,119,166
https://kawalpemilu.org#19785,"RANTAU JAYA, BELITANG MADANG RAYA, OGAN KOMERING ULU TIMUR, SUMATERA SELATAN",9,45,135,180
https://kawalpemilu.org#19786,"TEBING SARI MULYA, BELITANG MADANG RAYA, OGAN KOMERING ULU TIMUR, SUMATERA SELATAN",1,160,71,231
https://kawalpemilu.org#19786,"TEBING SARI MULYA, BELITANG MADANG RAYA, OGAN KOMERING ULU TIMUR, SUMATERA SELATAN",2,132,51,183
https://kawalpemilu.org#19786,"TEBING SARI MULYA, BELITANG MADANG RAYA, OGAN KOMERING ULU TIMUR, SUMATERA SELATAN",3,135,54,189
https://kawalpemilu.org#19786,"TEBING SARI MULYA, BELITANG MADANG RAYA, OGAN KOMERING ULU TIMUR, SUMATERA SELATAN",4,135,68,203
https://kawalpemilu.org#19787,"MARGA CINTA, BELITANG MADANG RAYA, OGAN KOMERING ULU TIMUR, SUMATERA SELATAN",1,56,144,200
https://kawalpemilu.org#19787,"MARGA CINTA, BELITANG MADANG RAYA, OGAN KOMERING ULU TIMUR, SUMATERA SELATAN",2,65,128,193
https://kawalpemilu.org#19787,"MARGA CINTA, BELITANG MADANG RAYA, OGAN KOMERING ULU TIMUR, SUMATERA SELATAN",4,69,127,196
https://kawalpemilu.org#19787,"MARGA CINTA, BELITANG MADANG RAYA, OGAN KOMERING ULU TIMUR, SUMATERA SELATAN",5,79,87,166
https://kawalpemilu.org#19787,"MARGA CINTA, BELITANG MADANG RAYA, OGAN KOMERING ULU TIMUR, SUMATERA SELATAN",6,63,119,182
https://kawalpemilu.org#928923,"KARANG BINANGUN II, BELITANG MADANG RAYA, OGAN KOMERING ULU TIMUR, SUMATERA SELATAN",1,93,91,184
https://kawalpemilu.org#928923,"KARANG BINANGUN II, BELITANG MADANG RAYA, OGAN KOMERING ULU TIMUR, SUMATERA SELATAN",2,107,67,174
https://kawalpemilu.org#928923,"KARANG BINANGUN II, BELITANG MADANG RAYA, OGAN KOMERING ULU TIMUR, SUMATERA SELATAN",3,78,101,179
https://kawalpemilu.org#928923,"KARANG BINANGUN II, BELITANG MADANG RAYA, OGAN KOMERING ULU TIMUR, SUMATERA SELATAN",4,85,84,169
https://kawalpemilu.org#928923,"KARANG BINANGUN II, BELITANG MADANG RAYA, OGAN KOMERING ULU TIMUR, SUMATERA SELATAN",5,113,67,180
https://kawalpemilu.org#928923,"KARANG BINANGUN II, BELITANG MADANG RAYA, OGAN KOMERING ULU TIMUR, SUMATERA SELATAN",6,90,63,153
https://kawalpemilu.org#19789,"PETANGGAN, BELITANG MULYA, OGAN KOMERING ULU TIMUR, SUMATERA SELATAN",1,67,92,159
https://kawalpemilu.org#19789,"PETANGGAN, BELITANG MULYA, OGAN KOMERING ULU TIMUR, SUMATERA SELATAN",2,36,111,147
https://kawalpemilu.org#19789,"PETANGGAN, BELITANG MULYA, OGAN KOMERING ULU TIMUR, SUMATERA SELATAN",3,46,101,147
https://kawalpemilu.org#19789,"PETANGGAN, BELITANG MULYA, OGAN KOMERING ULU TIMUR, SUMATERA SELATAN",4,57,93,150
https://kawalpemilu.org#19789,"PETANGGAN, BELITANG MULYA, OGAN KOMERING ULU TIMUR, SUMATERA SELATAN",5,59,94,153
https://kawalpemilu.org#19789,"PETANGGAN, BELITANG MULYA, OGAN KOMERING ULU TIMUR, SUMATERA SELATAN",6,53,89,142
https://kawalpemilu.org#19789,"PETANGGAN, BELITANG MULYA, OGAN KOMERING ULU TIMUR, SUMATERA SELATAN",7,53,100,153
https://kawalpemilu.org#19790,"SARI GUNA, BELITANG MULYA, OGAN KOMERING ULU TIMUR, SUMATERA SELATAN",1,60,56,117
https://kawalpemilu.org#19790,"SARI GUNA, BELITANG MULYA, OGAN KOMERING ULU TIMUR, SUMATERA SELATAN",2,45,53,98
https://kawalpemilu.org#19790,"SARI GUNA, BELITANG MULYA, OGAN KOMERING ULU TIMUR, SUMATERA SELATAN",3,48,58,106
https://kawalpemilu.org#19790,"SARI GUNA, BELITANG MULYA, OGAN KOMERING ULU TIMUR, SUMATERA SELATAN",4,41,71,112
https://kawalpemilu.org#19790,"SARI GUNA, BELITANG MULYA, OGAN KOMERING ULU TIMUR, SUMATERA SELATAN",5,47,42,89
https://kawalpemilu.org#19792,"SUGIH WARAS, BELITANG MULYA, OGAN KOMERING ULU TIMUR, SUMATERA SELATAN",1,46,71,117
https://kawalpemilu.org#19792,"SUGIH WARAS, BELITANG MULYA, OGAN KOMERING ULU TIMUR, SUMATERA SELATAN",2,64,103,167
https://kawalpemilu.org#19792,"SUGIH WARAS, BELITANG MULYA, OGAN KOMERING ULU TIMUR, SUMATERA SELATAN",3,69,69,138
https://kawalpemilu.org#19792,"SUGIH WARAS, BELITANG MULYA, OGAN KOMERING ULU TIMUR, SUMATERA SELATAN",4,42,81,123
https://kawalpemilu.org#19792,"SUGIH WARAS, BELITANG MULYA, OGAN KOMERING ULU TIMUR, SUMATERA SELATAN",5,57,71,128
https://kawalpemilu.org#19792,"SUGIH WARAS, BELITANG MULYA, OGAN KOMERING ULU TIMUR, SUMATERA SELATAN",6,67,81,148
https://kawalpemilu.org#19793,"REJO SARI, BELITANG MULYA, OGAN KOMERING ULU TIMUR, SUMATERA SELATAN",1,128,42,170
https://kawalpemilu.org#19793,"REJO SARI, BELITANG MULYA, OGAN KOMERING ULU TIMUR, SUMATERA SELATAN",2,120,91,211
https://kawalpemilu.org#19793,"REJO SARI, BELITANG MULYA, OGAN KOMERING ULU TIMUR, SUMATERA SELATAN",3,129,60,189
https://kawalpemilu.org#19793,"REJO SARI, BELITANG MULYA, OGAN KOMERING ULU TIMUR, SUMATERA SELATAN",4,92,107,199
https://kawalpemilu.org#19793,"REJO SARI, BELITANG MULYA, OGAN KOMERING ULU TIMUR, SUMATERA SELATAN",5,93,104,197
https://kawalpemilu.org#19793,"REJO SARI, BELITANG MULYA, OGAN KOMERING ULU TIMUR, SUMATERA SELATAN",6,160,42,202
https://kawalpemilu.org#19793,"REJO SARI, BELITANG MULYA, OGAN KOMERING ULU TIMUR, SUMATERA SELATAN",7,135,81,216
https://kawalpemilu.org#19794,"PURWODADI, BELITANG MULYA, OGAN KOMERING ULU TIMUR, SUMATERA SELATAN",1,32,82,114
https://kawalpemilu.org#19794,"PURWODADI, BELITANG MULYA, OGAN KOMERING ULU TIMUR, SUMATERA SELATAN",2,51,72,123
https://kawalpemilu.org#19794,"PURWODADI, BELITANG MULYA, OGAN KOMERING ULU TIMUR, SUMATERA SELATAN",3,31,78,109
https://kawalpemilu.org#19794,"PURWODADI, BELITANG MULYA, OGAN KOMERING ULU TIMUR, SUMATERA SELATAN",4,29,59,88
https://kawalpemilu.org#19794,"PURWODADI, BELITANG MULYA, OGAN KOMERING ULU TIMUR, SUMATERA SELATAN",5,32,79,111
https://kawalpemilu.org#19794,"PURWODADI, BELITANG MULYA, OGAN KOMERING ULU TIMUR, SUMATERA SELATAN",6,44,62,106
https://kawalpemilu.org#19794,"PURWODADI, BELITANG MULYA, OGAN KOMERING ULU TIMUR, SUMATERA SELATAN",7,41,62,103
https://kawalpemilu.org#19794,"PURWODADI, BELITANG MULYA, OGAN KOMERING ULU TIMUR, SUMATERA SELATAN",8,59,49,108
https://kawalpemilu.org#19794,"PURWODADI, BELITANG MULYA, OGAN KOMERING ULU TIMUR, SUMATERA SELATAN",9,51,62,113
https://kawalpemilu.org#19794,"PURWODADI, BELITANG MULYA, OGAN KOMERING ULU TIMUR, SUMATERA SELATAN",10,47,43,90
https://kawalpemilu.org#19794,"PURWODADI, BELITANG MULYA, OGAN KOMERING ULU TIMUR, SUMATERA SELATAN",11,46,54,100
https://kawalpemilu.org#19794,"PURWODADI, BELITANG MULYA, OGAN KOMERING ULU TIMUR, SUMATERA SELATAN",12,42,67,109
https://kawalpemilu.org#19794,"PURWODADI, BELITANG MULYA, OGAN KOMERING ULU TIMUR, SUMATERA SELATAN",13,37,90,127
https://kawalpemilu.org#19794,"PURWODADI, BELITANG MULYA, OGAN KOMERING ULU TIMUR, SUMATERA SELATAN",14,43,69,112
https://kawalpemilu.org#19794,"PURWODADI, BELITANG MULYA, OGAN KOMERING ULU TIMUR, SUMATERA SELATAN",15,47,68,115
https://kawalpemilu.org#19794,"PURWODADI, BELITANG MULYA, OGAN KOMERING ULU TIMUR, SUMATERA SELATAN",16,55,67,122
https://kawalpemilu.org#19794,"PURWODADI, BELITANG MULYA, OGAN KOMERING ULU TIMUR, SUMATERA SELATAN",17,72,86,158
https://kawalpemilu.org#19794,"PURWODADI, BELITANG MULYA, OGAN KOMERING ULU TIMUR, SUMATERA SELATAN",18,65,82,147
https://kawalpemilu.org#19795,"SRIMULYO, BELITANG MULYA, OGAN KOMERING ULU TIMUR, SUMATERA SELATAN",1,48,94,142
https://kawalpemilu.org#19795,"SRIMULYO, BELITANG MULYA, OGAN KOMERING ULU TIMUR, SUMATERA SELATAN",2,52,92,144
https://kawalpemilu.org#19795,"SRIMULYO, BELITANG MULYA, OGAN KOMERING ULU TIMUR, SUMATERA SELATAN",3,55,65,120
https://kawalpemilu.org#19795,"SRIMULYO, BELITANG MULYA, OGAN KOMERING ULU TIMUR, SUMATERA SELATAN",4,68,99,167
https://kawalpemilu.org#19795,"SRIMULYO, BELITANG MULYA, OGAN KOMERING ULU TIMUR, SUMATERA SELATAN",5,62,54,116
https://kawalpemilu.org#19795,"SRIMULYO, BELITANG MULYA, OGAN KOMERING ULU TIMUR, SUMATERA SELATAN",6,69,86,155
https://kawalpemilu.org#19795,"SRIMULYO, BELITANG MULYA, OGAN KOMERING ULU TIMUR, SUMATERA SELATAN",7,57,48,105
https://kawalpemilu.org#19795,"SRIMULYO, BELITANG MULYA, OGAN KOMERING ULU TIMUR, SUMATERA SELATAN",8,79,33,112
https://kawalpemilu.org#19795,"SRIMULYO, BELITANG MULYA, OGAN KOMERING ULU TIMUR, SUMATERA SELATAN",9,63,63,126
https://kawalpemilu.org#19795,"SRIMULYO, BELITANG MULYA, OGAN KOMERING ULU TIMUR, SUMATERA SELATAN",10,60,47,107
https://kawalpemilu.org#19795,"SRIMULYO, BELITANG MULYA, OGAN KOMERING ULU TIMUR, SUMATERA SELATAN",11,41,110,151
https://kawalpemilu.org#19795,"SRIMULYO, BELITANG MULYA, OGAN KOMERING ULU TIMUR, SUMATERA SELATAN",12,50,97,147
https://kawalpemilu.org#19795,"SRIMULYO, BELITANG MULYA, OGAN KOMERING ULU TIMUR, SUMATERA SELATAN",13,48,84,132
https://kawalpemilu.org#19795,"SRIMULYO, BELITANG MULYA, OGAN KOMERING ULU TIMUR, SUMATERA SELATAN",15,61,72,133
https://kawalpemilu.org#19795,"SRIMULYO, BELITANG MULYA, OGAN KOMERING ULU TIMUR, SUMATERA SELATAN",16,60,89,149
https://kawalpemilu.org#19796,"ULAK BUNTAR, BELITANG MULYA, OGAN KOMERING ULU TIMUR, SUMATERA SELATAN",1,15,59,74
https://kawalpemilu.org#19796,"ULAK BUNTAR, BELITANG MULYA, OGAN KOMERING ULU TIMUR, SUMATERA SELATAN",2,90,147,237
https://kawalpemilu.org#19796,"ULAK BUNTAR, BELITANG MULYA, OGAN KOMERING ULU TIMUR, SUMATERA SELATAN",3,60,80,140
https://kawalpemilu.org#19796,"ULAK BUNTAR, BELITANG MULYA, OGAN KOMERING ULU TIMUR, SUMATERA SELATAN",4,62,81,143
https://kawalpemilu.org#19796,"ULAK BUNTAR, BELITANG MULYA, OGAN KOMERING ULU TIMUR, SUMATERA SELATAN",5,58,82,140
https://kawalpemilu.org#19796,"ULAK BUNTAR, BELITANG MULYA, OGAN KOMERING ULU TIMUR, SUMATERA SELATAN",6,72,92,164
https://kawalpemilu.org#19796,"ULAK BUNTAR, BELITANG MULYA, OGAN KOMERING ULU TIMUR, SUMATERA SELATAN",7,73,96,169
https://kawalpemilu.org#19796,"ULAK BUNTAR, BELITANG MULYA, OGAN KOMERING ULU TIMUR, SUMATERA SELATAN",8,61,70,131
https://kawalpemilu.org#19796,"ULAK BUNTAR, BELITANG MULYA, OGAN KOMERING ULU TIMUR, SUMATERA SELATAN",9,64,113,177
https://kawalpemilu.org#19796,"ULAK BUNTAR, BELITANG MULYA, OGAN KOMERING ULU TIMUR, SUMATERA SELATAN",10,79,106,185
https://kawalpemilu.org#19797,"SRIBUDAYA, BELITANG MULYA, OGAN KOMERING ULU TIMUR, SUMATERA SELATAN",1,47,104,151
https://kawalpemilu.org#19797,"SRIBUDAYA, BELITANG MULYA, OGAN KOMERING ULU TIMUR, SUMATERA SELATAN",2,66,95,161
https://kawalpemilu.org#19797,"SRIBUDAYA, BELITANG MULYA, OGAN KOMERING ULU TIMUR, SUMATERA SELATAN",3,90,68,158
https://kawalpemilu.org#19797,"SRIBUDAYA, BELITANG MULYA, OGAN KOMERING ULU TIMUR, SUMATERA SELATAN",4,21,126,147
https://kawalpemilu.org#19798,"SUKO HARJO, BELITANG MULYA, OGAN KOMERING ULU TIMUR, SUMATERA SELATAN",1,57,128,185
https://kawalpemilu.org#19798,"SUKO HARJO, BELITANG MULYA, OGAN KOMERING ULU TIMUR, SUMATERA SELATAN",2,66,106,172
https://kawalpemilu.org#19798,"SUKO HARJO, BELITANG MULYA, OGAN KOMERING ULU TIMUR, SUMATERA SELATAN",3,51,56,107
https://kawalpemilu.org#19798,"SUKO HARJO, BELITANG MULYA, OGAN KOMERING ULU TIMUR, SUMATERA SELATAN",4,65,62,127
https://kawalpemilu.org#19798,"SUKO HARJO, BELITANG MULYA, OGAN KOMERING ULU TIMUR, SUMATERA SELATAN",5,51,99,150
https://kawalpemilu.org#19799,"TULUNG SARI, BELITANG MULYA, OGAN KOMERING ULU TIMUR, SUMATERA SELATAN",1,50,91,141
https://kawalpemilu.org#19799,"TULUNG SARI, BELITANG MULYA, OGAN KOMERING ULU TIMUR, SUMATERA SELATAN",2,51,74,125
https://kawalpemilu.org#19799,"TULUNG SARI, BELITANG MULYA, OGAN KOMERING ULU TIMUR, SUMATERA SELATAN",3,57,81,138
https://kawalpemilu.org#19799,"TULUNG SARI, BELITANG MULYA, OGAN KOMERING ULU TIMUR, SUMATERA SELATAN",4,77,72,149
https://kawalpemilu.org#19799,"TULUNG SARI, BELITANG MULYA, OGAN KOMERING ULU TIMUR, SUMATERA SELATAN",5,59,87,146
https://kawalpemilu.org#19799,"TULUNG SARI, BELITANG MULYA, OGAN KOMERING ULU TIMUR, SUMATERA SELATAN",6,36,78,114
https://kawalpemilu.org#19799,"TULUNG SARI, BELITANG MULYA, OGAN KOMERING ULU TIMUR, SUMATERA SELATAN",7,52,86,138
https://kawalpemilu.org#84719,"SIDO WALUYO, BELITANG MULYA, OGAN KOMERING ULU TIMUR, SUMATERA SELATAN",1,138,37,175
https://kawalpemilu.org#84719,"SIDO WALUYO, BELITANG MULYA, OGAN KOMERING ULU TIMUR, SUMATERA SELATAN",2,159,43,202
https://kawalpemilu.org#84719,"SIDO WALUYO, BELITANG MULYA, OGAN KOMERING ULU TIMUR, SUMATERA SELATAN",3,95,99,194
https://kawalpemilu.org#84719,"SIDO WALUYO, BELITANG MULYA, OGAN KOMERING ULU TIMUR, SUMATERA SELATAN",4,99,46,145
https://kawalpemilu.org#84719,"SIDO WALUYO, BELITANG MULYA, OGAN KOMERING ULU TIMUR, SUMATERA SELATAN",5,73,88,161
https://kawalpemilu.org#90223,"MULYA SARI, BELITANG MULYA, OGAN KOMERING ULU TIMUR, SUMATERA SELATAN",1,39,67,106
https://kawalpemilu.org#90223,"MULYA SARI, BELITANG MULYA, OGAN KOMERING ULU TIMUR, SUMATERA SELATAN",2,39,64,103
https://kawalpemilu.org#90223,"MULYA SARI, BELITANG MULYA, OGAN KOMERING ULU TIMUR, SUMATERA SELATAN",3,42,61,103
https://kawalpemilu.org#19801,"MUNCAK KABAU, BUAY PEMUKA BANGSA RAJA, OGAN KOMERING ULU TIMUR, SUMATERA SELATAN",1,74,24,98
https://kawalpemilu.org#19801,"MUNCAK KABAU, BUAY PEMUKA BANGSA RAJA, OGAN KOMERING ULU TIMUR, SUMATERA SELATAN",2,122,52,174
https://kawalpemilu.org#19801,"MUNCAK KABAU, BUAY PEMUKA BANGSA RAJA, OGAN KOMERING ULU TIMUR, SUMATERA SELATAN",3,63,48,111
https://kawalpemilu.org#19801,"MUNCAK KABAU, BUAY PEMUKA BANGSA RAJA, OGAN KOMERING ULU TIMUR, SUMATERA SELATAN",4,33,35,68
https://kawalpemilu.org#19801,"MUNCAK KABAU, BUAY PEMUKA BANGSA RAJA, OGAN KOMERING ULU TIMUR, SUMATERA SELATAN",5,126,97,223
https://kawalpemilu.org#19801,"MUNCAK KABAU, BUAY PEMUKA BANGSA RAJA, OGAN KOMERING ULU TIMUR, SUMATERA SELATAN",6,45,99,144
https://kawalpemilu.org#19801,"MUNCAK KABAU, BUAY PEMUKA BANGSA RAJA, OGAN KOMERING ULU TIMUR, SUMATERA SELATAN",7,0,175,175
https://kawalpemilu.org#19801,"MUNCAK KABAU, BUAY PEMUKA BANGSA RAJA, OGAN KOMERING ULU TIMUR, SUMATERA SELATAN",8,0,166,166
https://kawalpemilu.org#19801,"MUNCAK KABAU, BUAY PEMUKA BANGSA RAJA, OGAN KOMERING ULU TIMUR, SUMATERA SELATAN",9,22,64,86
https://kawalpemilu.org#19801,"MUNCAK KABAU, BUAY PEMUKA BANGSA RAJA, OGAN KOMERING ULU TIMUR, SUMATERA SELATAN",10,47,104,151
https://kawalpemilu.org#19801,"MUNCAK KABAU, BUAY PEMUKA BANGSA RAJA, OGAN KOMERING ULU TIMUR, SUMATERA SELATAN",11,65,115,180
https://kawalpemilu.org#19801,"MUNCAK KABAU, BUAY PEMUKA BANGSA RAJA, OGAN KOMERING ULU TIMUR, SUMATERA SELATAN",12,56,136,192
https://kawalpemilu.org#19801,"MUNCAK KABAU, BUAY PEMUKA BANGSA RAJA, OGAN KOMERING ULU TIMUR, SUMATERA SELATAN",13,29,136,165
https://kawalpemilu.org#19801,"MUNCAK KABAU, BUAY PEMUKA BANGSA RAJA, OGAN KOMERING ULU TIMUR, SUMATERA SELATAN",14,35,169,204
https://kawalpemilu.org#19801,"MUNCAK KABAU, BUAY PEMUKA BANGSA RAJA, OGAN KOMERING ULU TIMUR, SUMATERA SELATAN",15,27,182,209
https://kawalpemilu.org#19801,"MUNCAK KABAU, BUAY PEMUKA BANGSA RAJA, OGAN KOMERING ULU TIMUR, SUMATERA SELATAN",16,33,108,141
https://kawalpemilu.org#19802,"SRI BUNGA, BUAY PEMUKA BANGSA RAJA, OGAN KOMERING ULU TIMUR, SUMATERA SELATAN",1,57,156,213
https://kawalpemilu.org#19802,"SRI BUNGA, BUAY PEMUKA BANGSA RAJA, OGAN KOMERING ULU TIMUR, SUMATERA SELATAN",2,53,137,190
https://kawalpemilu.org#19802,"SRI BUNGA, BUAY PEMUKA BANGSA RAJA, OGAN KOMERING ULU TIMUR, SUMATERA SELATAN",3,43,188,231
https://kawalpemilu.org#19802,"SRI BUNGA, BUAY PEMUKA BANGSA RAJA, OGAN KOMERING ULU TIMUR, SUMATERA SELATAN",4,46,116,162
https://kawalpemilu.org#19802,"SRI BUNGA, BUAY PEMUKA BANGSA RAJA, OGAN KOMERING ULU TIMUR, SUMATERA SELATAN",5,62,101,163
https://kawalpemilu.org#19803,"ANYAR, BUAY PEMUKA BANGSA RAJA, OGAN KOMERING ULU TIMUR, SUMATERA SELATAN",1,117,91,208
https://kawalpemilu.org#19803,"ANYAR, BUAY PEMUKA BANGSA RAJA, OGAN KOMERING ULU TIMUR, SUMATERA SELATAN",2,63,47,110
https://kawalpemilu.org#19803,"ANYAR, BUAY PEMUKA BANGSA RAJA, OGAN KOMERING ULU TIMUR, SUMATERA SELATAN",3,128,47,175
https://kawalpemilu.org#19803,"ANYAR, BUAY PEMUKA BANGSA RAJA, OGAN KOMERING ULU TIMUR, SUMATERA SELATAN",4,120,65,185
https://kawalpemilu.org#19803,"ANYAR, BUAY PEMUKA BANGSA RAJA, OGAN KOMERING ULU TIMUR, SUMATERA SELATAN",5,76,49,125
https://kawalpemilu.org#19803,"ANYAR, BUAY PEMUKA BANGSA RAJA, OGAN KOMERING ULU TIMUR, SUMATERA SELATAN",6,86,53,139
https://kawalpemilu.org#19804,"RAWASARI, BUAY PEMUKA BANGSA RAJA, OGAN KOMERING ULU TIMUR, SUMATERA SELATAN",1,49,88,137
https://kawalpemilu.org#19804,"RAWASARI, BUAY PEMUKA BANGSA RAJA, OGAN KOMERING ULU TIMUR, SUMATERA SELATAN",2,95,59,154
https://kawalpemilu.org#19804,"RAWASARI, BUAY PEMUKA BANGSA RAJA, OGAN KOMERING ULU TIMUR, SUMATERA SELATAN",3,100,96,196
https://kawalpemilu.org#19804,"RAWASARI, BUAY PEMUKA BANGSA RAJA, OGAN KOMERING ULU TIMUR, SUMATERA SELATAN",4,127,75,202
https://kawalpemilu.org#19805,"PANDAN SARI II, BUAY PEMUKA BANGSA RAJA, OGAN KOMERING ULU TIMUR, SUMATERA SELATAN",1,97,85,182
https://kawalpemilu.org#19805,"PANDAN SARI II, BUAY PEMUKA BANGSA RAJA, OGAN KOMERING ULU TIMUR, SUMATERA SELATAN",2,107,78,185
https://kawalpemilu.org#19805,"PANDAN SARI II, BUAY PEMUKA BANGSA RAJA, OGAN KOMERING ULU TIMUR, SUMATERA SELATAN",3,108,72,180
https://kawalpemilu.org#19805,"PANDAN SARI II, BUAY PEMUKA BANGSA RAJA, OGAN KOMERING ULU TIMUR, SUMATERA SELATAN",4,88,103,191
https://kawalpemilu.org#19806,"SURYA MENANG, BUAY PEMUKA BANGSA RAJA, OGAN KOMERING ULU TIMUR, SUMATERA SELATAN",1,52,104,156
https://kawalpemilu.org#19806,"SURYA MENANG, BUAY PEMUKA BANGSA RAJA, OGAN KOMERING ULU TIMUR, SUMATERA SELATAN",2,27,127,154
https://kawalpemilu.org#19807,"SRI BULAN, BUAY PEMUKA BANGSA RAJA, OGAN KOMERING ULU TIMUR, SUMATERA SELATAN",1,26,141,167
https://kawalpemilu.org#19807,"SRI BULAN, BUAY PEMUKA BANGSA RAJA, OGAN KOMERING ULU TIMUR, SUMATERA SELATAN",2,48,125,173
https://kawalpemilu.org#19807,"SRI BULAN, BUAY PEMUKA BANGSA RAJA, OGAN KOMERING ULU TIMUR, SUMATERA SELATAN",3,123,50,173
https://kawalpemilu.org#19807,"SRI BULAN, BUAY PEMUKA BANGSA RAJA, OGAN KOMERING ULU TIMUR, SUMATERA SELATAN",4,55,103,158
https://kawalpemilu.org#19807,"SRI BULAN, BUAY PEMUKA BANGSA RAJA, OGAN KOMERING ULU TIMUR, SUMATERA SELATAN",5,45,133,178
https://kawalpemilu.org#19807,"SRI BULAN, BUAY PEMUKA BANGSA RAJA, OGAN KOMERING ULU TIMUR, SUMATERA SELATAN",6,69,88,157
https://kawalpemilu.org#19807,"SRI BULAN, BUAY PEMUKA BANGSA RAJA, OGAN KOMERING ULU TIMUR, SUMATERA SELATAN",7,75,106,181
https://kawalpemilu.org#19810,"BATU BELANG JAYA, MUARA DUA, OGAN KOMERING ULU SELATAN, SUMATERA SELATAN",1,56,127,183
https://kawalpemilu.org#19810,"BATU BELANG JAYA, MUARA DUA, OGAN KOMERING ULU SELATAN, SUMATERA SELATAN",2,65,134,199
https://kawalpemilu.org#19810,"BATU BELANG JAYA, MUARA DUA, OGAN KOMERING ULU SELATAN, SUMATERA SELATAN",3,115,181,296
https://kawalpemilu.org#19810,"BATU BELANG JAYA, MUARA DUA, OGAN KOMERING ULU SELATAN, SUMATERA SELATAN",4,81,175,256
https://kawalpemilu.org#19810,"BATU BELANG JAYA, MUARA DUA, OGAN KOMERING ULU SELATAN, SUMATERA SELATAN",5,91,183,274
https://kawalpemilu.org#19810,"BATU BELANG JAYA, MUARA DUA, OGAN KOMERING ULU SELATAN, SUMATERA SELATAN",6,86,180,266
https://kawalpemilu.org#19810,"BATU BELANG JAYA, MUARA DUA, OGAN KOMERING ULU SELATAN, SUMATERA SELATAN",7,39,95,134
https://kawalpemilu.org#19810,"BATU BELANG JAYA, MUARA DUA, OGAN KOMERING ULU SELATAN, SUMATERA SELATAN",8,37,138,175
https://kawalpemilu.org#19810,"BATU BELANG JAYA, MUARA DUA, OGAN KOMERING ULU SELATAN, SUMATERA SELATAN",9,83,158,241
https://kawalpemilu.org#19810,"BATU BELANG JAYA, MUARA DUA, OGAN KOMERING ULU SELATAN, SUMATERA SELATAN",10,52,138,190
https://kawalpemilu.org#19810,"BATU BELANG JAYA, MUARA DUA, OGAN KOMERING ULU SELATAN, SUMATERA SELATAN",11,68,145,213
https://kawalpemilu.org#19810,"BATU BELANG JAYA, MUARA DUA, OGAN KOMERING ULU SELATAN, SUMATERA SELATAN",12,41,124,165
https://kawalpemilu.org#19810,"BATU BELANG JAYA, MUARA DUA, OGAN KOMERING ULU SELATAN, SUMATERA SELATAN",13,90,190,280
https://kawalpemilu.org#19810,"BATU BELANG JAYA, MUARA DUA, OGAN KOMERING ULU SELATAN, SUMATERA SELATAN",14,71,83,154
https://kawalpemilu.org#19810,"BATU BELANG JAYA, MUARA DUA, OGAN KOMERING ULU SELATAN, SUMATERA SELATAN",15,68,123,191
https://kawalpemilu.org#19810,"BATU BELANG JAYA, MUARA DUA, OGAN KOMERING ULU SELATAN, SUMATERA SELATAN",16,81,119,200
https://kawalpemilu.org#19810,"BATU BELANG JAYA, MUARA DUA, OGAN KOMERING ULU SELATAN, SUMATERA SELATAN",17,74,73,147
https://kawalpemilu.org#19810,"BATU BELANG JAYA, MUARA DUA, OGAN KOMERING ULU SELATAN, SUMATERA SELATAN",18,61,79,140
https://kawalpemilu.org#19811,"BUMI AGUNG, MUARA DUA, OGAN KOMERING ULU SELATAN, SUMATERA SELATAN",1,48,77,125
https://kawalpemilu.org#19811,"BUMI AGUNG, MUARA DUA, OGAN KOMERING ULU SELATAN, SUMATERA SELATAN",2,59,146,205
https://kawalpemilu.org#19811,"BUMI AGUNG, MUARA DUA, OGAN KOMERING ULU SELATAN, SUMATERA SELATAN",3,51,142,193
https://kawalpemilu.org#19811,"BUMI AGUNG, MUARA DUA, OGAN KOMERING ULU SELATAN, SUMATERA SELATAN",5,81,83,164
https://kawalpemilu.org#19811,"BUMI AGUNG, MUARA DUA, OGAN KOMERING ULU SELATAN, SUMATERA SELATAN",6,42,90,132
https://kawalpemilu.org#19811,"BUMI AGUNG, MUARA DUA, OGAN KOMERING ULU SELATAN, SUMATERA SELATAN",7,51,94,145
https://kawalpemilu.org#19811,"BUMI AGUNG, MUARA DUA, OGAN KOMERING ULU SELATAN, SUMATERA SELATAN",8,32,155,187
https://kawalpemilu.org#19811,"BUMI AGUNG, MUARA DUA, OGAN KOMERING ULU SELATAN, SUMATERA SELATAN",9,71,119,190
https://kawalpemilu.org#19811,"BUMI AGUNG, MUARA DUA, OGAN KOMERING ULU SELATAN, SUMATERA SELATAN",10,42,106,148
https://kawalpemilu.org#19811,"BUMI AGUNG, MUARA DUA, OGAN KOMERING ULU SELATAN, SUMATERA SELATAN",11,88,189,277
https://kawalpemilu.org#19811,"BUMI AGUNG, MUARA DUA, OGAN KOMERING ULU SELATAN, SUMATERA SELATAN",12,77,108,185
https://kawalpemilu.org#19811,"BUMI AGUNG, MUARA DUA, OGAN KOMERING ULU SELATAN, SUMATERA SELATAN",13,73,121,194
https://kawalpemilu.org#19811,"BUMI AGUNG, MUARA DUA, OGAN KOMERING ULU SELATAN, SUMATERA SELATAN",14,98,160,258
https://kawalpemilu.org#19811,"BUMI AGUNG, MUARA DUA, OGAN KOMERING ULU SELATAN, SUMATERA SELATAN",15,63,147,210
https://kawalpemilu.org#19811,"BUMI AGUNG, MUARA DUA, OGAN KOMERING ULU SELATAN, SUMATERA SELATAN",16,70,147,217
https://kawalpemilu.org#19811,"BUMI AGUNG, MUARA DUA, OGAN KOMERING ULU SELATAN, SUMATERA SELATAN",17,75,119,194
https://kawalpemilu.org#19811,"BUMI AGUNG, MUARA DUA, OGAN KOMERING ULU SELATAN, SUMATERA SELATAN",18,32,155,187
https://kawalpemilu.org#19812,"PANCUR PUNGAH, MUARA DUA, OGAN KOMERING ULU SELATAN, SUMATERA SELATAN",1,46,99,145
https://kawalpemilu.org#19812,"PANCUR PUNGAH, MUARA DUA, OGAN KOMERING ULU SELATAN, SUMATERA SELATAN",2,85,109,194
https://kawalpemilu.org#19812,"PANCUR PUNGAH, MUARA DUA, OGAN KOMERING ULU SELATAN, SUMATERA SELATAN",3,38,134,172
https://kawalpemilu.org#19812,"PANCUR PUNGAH, MUARA DUA, OGAN KOMERING ULU SELATAN, SUMATERA SELATAN",4,64,130,194
https://kawalpemilu.org#19812,"PANCUR PUNGAH, MUARA DUA, OGAN KOMERING ULU SELATAN, SUMATERA SELATAN",5,77,97,174
https://kawalpemilu.org#19812,"PANCUR PUNGAH, MUARA DUA, OGAN KOMERING ULU SELATAN, SUMATERA SELATAN",6,67,130,197
https://kawalpemilu.org#19812,"PANCUR PUNGAH, MUARA DUA, OGAN KOMERING ULU SELATAN, SUMATERA SELATAN",7,39,143,182
https://kawalpemilu.org#19812,"PANCUR PUNGAH, MUARA DUA, OGAN KOMERING ULU SELATAN, SUMATERA SELATAN",8,66,136,202
https://kawalpemilu.org#19812,"PANCUR PUNGAH, MUARA DUA, OGAN KOMERING ULU SELATAN, SUMATERA SELATAN",9,98,147,245
https://kawalpemilu.org#19812,"PANCUR PUNGAH, MUARA DUA, OGAN KOMERING ULU SELATAN, SUMATERA SELATAN",10,49,121,170
https://kawalpemilu.org#19812,"PANCUR PUNGAH, MUARA DUA, OGAN KOMERING ULU SELATAN, SUMATERA SELATAN",11,36,87,123
https://kawalpemilu.org#19813,"KISAU, MUARA DUA, OGAN KOMERING ULU SELATAN, SUMATERA SELATAN",1,41,117,158
https://kawalpemilu.org#19813,"KISAU, MUARA DUA, OGAN KOMERING ULU SELATAN, SUMATERA SELATAN",2,32,102,134
https://kawalpemilu.org#19813,"KISAU, MUARA DUA, OGAN KOMERING ULU SELATAN, SUMATERA SELATAN",3,44,144,188
https://kawalpemilu.org#19813,"KISAU, MUARA DUA, OGAN KOMERING ULU SELATAN, SUMATERA SELATAN",4,62,100,162
https://kawalpemilu.org#19813,"KISAU, MUARA DUA, OGAN KOMERING ULU SELATAN, SUMATERA SELATAN",5,79,110,189
https://kawalpemilu.org#19813,"KISAU, MUARA DUA, OGAN KOMERING ULU SELATAN, SUMATERA SELATAN",6,39,104,143
https://kawalpemilu.org#19813,"KISAU, MUARA DUA, OGAN KOMERING ULU SELATAN, SUMATERA SELATAN",7,102,105,207
https://kawalpemilu.org#19813,"KISAU, MUARA DUA, OGAN KOMERING ULU SELATAN, SUMATERA SELATAN",8,89,108,197
https://kawalpemilu.org#19813,"KISAU, MUARA DUA, OGAN KOMERING ULU SELATAN, SUMATERA SELATAN",9,95,158,253
https://kawalpemilu.org#19813,"KISAU, MUARA DUA, OGAN KOMERING ULU SELATAN, SUMATERA SELATAN",10,103,139,242
https://kawalpemilu.org#19813,"KISAU, MUARA DUA, OGAN KOMERING ULU SELATAN, SUMATERA SELATAN",11,83,160,243
https://kawalpemilu.org#19814,"PASAR MUARADUA, MUARA DUA, OGAN KOMERING ULU SELATAN, SUMATERA SELATAN",1,30,101,131
https://kawalpemilu.org#19814,"PASAR MUARADUA, MUARA DUA, OGAN KOMERING ULU SELATAN, SUMATERA SELATAN",2,55,82,137
https://kawalpemilu.org#19814,"PASAR MUARADUA, MUARA DUA, OGAN KOMERING ULU SELATAN, SUMATERA SELATAN",3,28,105,133
https://kawalpemilu.org#19814,"PASAR MUARADUA, MUARA DUA, OGAN KOMERING ULU SELATAN, SUMATERA SELATAN",4,42,93,135
https://kawalpemilu.org#19814,"PASAR MUARADUA, MUARA DUA, OGAN KOMERING ULU SELATAN, SUMATERA SELATAN",5,69,92,161
https://kawalpemilu.org#19814,"PASAR MUARADUA, MUARA DUA, OGAN KOMERING ULU SELATAN, SUMATERA SELATAN",6,65,90,154
https://kawalpemilu.org#19814,"PASAR MUARADUA, MUARA DUA, OGAN KOMERING ULU SELATAN, SUMATERA SELATAN",7,52,88,140
https://kawalpemilu.org#19814,"PASAR MUARADUA, MUARA DUA, OGAN KOMERING ULU SELATAN, SUMATERA SELATAN",8,96,89,185
https://kawalpemilu.org#19814,"PASAR MUARADUA, MUARA DUA, OGAN KOMERING ULU SELATAN, SUMATERA SELATAN",9,125,111,236
https://kawalpemilu.org#19814,"PASAR MUARADUA, MUARA DUA, OGAN KOMERING ULU SELATAN, SUMATERA SELATAN",10,97,134,231
https://kawalpemilu.org#19814,"PASAR MUARADUA, MUARA DUA, OGAN KOMERING ULU SELATAN, SUMATERA SELATAN",11,62,184,246
https://kawalpemilu.org#19814,"PASAR MUARADUA, MUARA DUA, OGAN KOMERING ULU SELATAN, SUMATERA SELATAN",12,54,110,164
https://kawalpemilu.org#19814,"PASAR MUARADUA, MUARA DUA, OGAN KOMERING ULU SELATAN, SUMATERA SELATAN",13,54,130,184
https://kawalpemilu.org#19814,"PASAR MUARADUA, MUARA DUA, OGAN KOMERING ULU SELATAN, SUMATERA SELATAN",14,46,116,162
https://kawalpemilu.org#19814,"PASAR MUARADUA, MUARA DUA, OGAN KOMERING ULU SELATAN, SUMATERA SELATAN",15,76,95,171
https://kawalpemilu.org#19814,"PASAR MUARADUA, MUARA DUA, OGAN KOMERING ULU SELATAN, SUMATERA SELATAN",16,49,117,166
https://kawalpemilu.org#19814,"PASAR MUARADUA, MUARA DUA, OGAN KOMERING ULU SELATAN, SUMATERA SELATAN",17,40,62,102
https://kawalpemilu.org#19814,"PASAR MUARADUA, MUARA DUA, OGAN KOMERING ULU SELATAN, SUMATERA SELATAN",18,37,72,109
https://kawalpemilu.org#19814,"PASAR MUARADUA, MUARA DUA, OGAN KOMERING ULU SELATAN, SUMATERA SELATAN",19,40,88,128
https://kawalpemilu.org#19814,"PASAR MUARADUA, MUARA DUA, OGAN KOMERING ULU SELATAN, SUMATERA SELATAN",20,89,111,200
https://kawalpemilu.org#19814,"PASAR MUARADUA, MUARA DUA, OGAN KOMERING ULU SELATAN, SUMATERA SELATAN",21,37,144,181
https://kawalpemilu.org#19814,"PASAR MUARADUA, MUARA DUA, OGAN KOMERING ULU SELATAN, SUMATERA SELATAN",22,64,142,206
https://kawalpemilu.org#19814,"PASAR MUARADUA, MUARA DUA, OGAN KOMERING ULU SELATAN, SUMATERA SELATAN",23,44,99,143
https://kawalpemilu.org#19814,"PASAR MUARADUA, MUARA DUA, OGAN KOMERING ULU SELATAN, SUMATERA SELATAN",24,38,79,117
https://kawalpemilu.org#19814,"PASAR MUARADUA, MUARA DUA, OGAN KOMERING ULU SELATAN, SUMATERA SELATAN",25,106,54,160
https://kawalpemilu.org#19814,"PASAR MUARADUA, MUARA DUA, OGAN KOMERING ULU SELATAN, SUMATERA SELATAN",26,53,68,121
https://kawalpemilu.org#19814,"PASAR MUARADUA, MUARA DUA, OGAN KOMERING ULU SELATAN, SUMATERA SELATAN",27,64,62,126
https://kawalpemilu.org#19814,"PASAR MUARADUA, MUARA DUA, OGAN KOMERING ULU SELATAN, SUMATERA SELATAN",28,78,48,126
https://kawalpemilu.org#19814,"PASAR MUARADUA, MUARA DUA, OGAN KOMERING ULU SELATAN, SUMATERA SELATAN",29,77,78,155
https://kawalpemilu.org#19814,"PASAR MUARADUA, MUARA DUA, OGAN KOMERING ULU SELATAN, SUMATERA SELATAN",30,74,93,167
https://kawalpemilu.org#19814,"PASAR MUARADUA, MUARA DUA, OGAN KOMERING ULU SELATAN, SUMATERA SELATAN",31,109,91,200
https://kawalpemilu.org#19814,"PASAR MUARADUA, MUARA DUA, OGAN KOMERING ULU SELATAN, SUMATERA SELATAN",32,105,77,182
https://kawalpemilu.org#19814,"PASAR MUARADUA, MUARA DUA, OGAN KOMERING ULU SELATAN, SUMATERA SELATAN",33,99,78,177
https://kawalpemilu.org#19814,"PASAR MUARADUA, MUARA DUA, OGAN KOMERING ULU SELATAN, SUMATERA SELATAN",34,95,82,177
https://kawalpemilu.org#19814,"PASAR MUARADUA, MUARA DUA, OGAN KOMERING ULU SELATAN, SUMATERA SELATAN",35,109,103,212
https://kawalpemilu.org#19814,"PASAR MUARADUA, MUARA DUA, OGAN KOMERING ULU SELATAN, SUMATERA SELATAN",36,108,106,214
https://kawalpemilu.org#19814,"PASAR MUARADUA, MUARA DUA, OGAN KOMERING ULU SELATAN, SUMATERA SELATAN",37,59,105,164
https://kawalpemilu.org#19814,"PASAR MUARADUA, MUARA DUA, OGAN KOMERING ULU SELATAN, SUMATERA SELATAN",38,59,82,141
https://kawalpemilu.org#19814,"PASAR MUARADUA, MUARA DUA, OGAN KOMERING ULU SELATAN, SUMATERA SELATAN",39,45,105,150
https://kawalpemilu.org#19814,"PASAR MUARADUA, MUARA DUA, OGAN KOMERING ULU SELATAN, SUMATERA SELATAN",40,49,90,139
https://kawalpemilu.org#19814,"PASAR MUARADUA, MUARA DUA, OGAN KOMERING ULU SELATAN, SUMATERA SELATAN",41,63,72,135
https://kawalpemilu.org#19814,"PASAR MUARADUA, MUARA DUA, OGAN KOMERING ULU SELATAN, SUMATERA SELATAN",42,61,67,128
https://kawalpemilu.org#19814,"PASAR MUARADUA, MUARA DUA, OGAN KOMERING ULU SELATAN, SUMATERA SELATAN",43,73,55,123
https://kawalpemilu.org#19814,"PASAR MUARADUA, MUARA DUA, OGAN KOMERING ULU SELATAN, SUMATERA SELATAN",44,67,65,132
https://kawalpemilu.org#19814,"PASAR MUARADUA, MUARA DUA, OGAN KOMERING ULU SELATAN, SUMATERA SELATAN",45,70,55,125
https://kawalpemilu.org#19814,"PASAR MUARADUA, MUARA DUA, OGAN KOMERING ULU SELATAN, SUMATERA SELATAN",46,57,84,141
https://kawalpemilu.org#19814,"PASAR MUARADUA, MUARA DUA, OGAN KOMERING ULU SELATAN, SUMATERA SELATAN",47,46,76,122
https://kawalpemilu.org#19814,"PASAR MUARADUA, MUARA DUA, OGAN KOMERING ULU SELATAN, SUMATERA SELATAN",48,41,95,136
https://kawalpemilu.org#19815,"GEDUNG LEPIHAN, MUARA DUA, OGAN KOMERING ULU SELATAN, SUMATERA SELATAN",1,137,78,215
https://kawalpemilu.org#19815,"GEDUNG LEPIHAN, MUARA DUA, OGAN KOMERING ULU SELATAN, SUMATERA SELATAN",2,149,89,238
https://kawalpemilu.org#19815,"GEDUNG LEPIHAN, MUARA DUA, OGAN KOMERING ULU SELATAN, SUMATERA SELATAN",3,141,79,220
https://kawalpemilu.org#19815,"GEDUNG LEPIHAN, MUARA DUA, OGAN KOMERING ULU SELATAN, SUMATERA SELATAN",4,66,34,100
https://kawalpemilu.org#19816,"GUNUNG TIGA, MUARA DUA, OGAN KOMERING ULU SELATAN, SUMATERA SELATAN",1,64,122,186
https://kawalpemilu.org#19816,"GUNUNG TIGA, MUARA DUA, OGAN KOMERING ULU SELATAN, SUMATERA SELATAN",2,100,127,227
https://kawalpemilu.org#19816,"GUNUNG TIGA, MUARA DUA, OGAN KOMERING ULU SELATAN, SUMATERA SELATAN",3,208,46,254
https://kawalpemilu.org#19816,"GUNUNG TIGA, MUARA DUA, OGAN KOMERING ULU SELATAN, SUMATERA SELATAN",4,72,88,160
https://kawalpemilu.org#19816,"GUNUNG TIGA, MUARA DUA, OGAN KOMERING ULU SELATAN, SUMATERA SELATAN",5,68,84,152
https://kawalpemilu.org#19816,"GUNUNG TIGA, MUARA DUA, OGAN KOMERING ULU SELATAN, SUMATERA SELATAN",6,106,83,189
https://kawalpemilu.org#19817,"SUKA BANJAR, MUARA DUA, OGAN KOMERING ULU SELATAN, SUMATERA SELATAN",1,100,96,196
https://kawalpemilu.org#19817,"SUKA BANJAR, MUARA DUA, OGAN KOMERING ULU SELATAN, SUMATERA SELATAN",2,85,38,123
https://kawalpemilu.org#19817,"SUKA BANJAR, MUARA DUA, OGAN KOMERING ULU SELATAN, SUMATERA SELATAN",3,67,36,103
https://kawalpemilu.org#19818,"SUKARAJA II, MUARA DUA, OGAN KOMERING ULU SELATAN, SUMATERA SELATAN",1,59,90,149
https://kawalpemilu.org#19818,"SUKARAJA II, MUARA DUA, OGAN KOMERING ULU SELATAN, SUMATERA SELATAN",2,101,87,188
https://kawalpemilu.org#19819,"PENDAGAN, MUARA DUA, OGAN KOMERING ULU SELATAN, SUMATERA SELATAN",1,42,121,163
https://kawalpemilu.org#19819,"PENDAGAN, MUARA DUA, OGAN KOMERING ULU SELATAN, SUMATERA SELATAN",2,58,146,204
https://kawalpemilu.org#19819,"PENDAGAN, MUARA DUA, OGAN KOMERING ULU SELATAN, SUMATERA SELATAN",3,70,195,265
https://kawalpemilu.org#19819,"PENDAGAN, MUARA DUA, OGAN KOMERING ULU SELATAN, SUMATERA SELATAN",4,83,76,159
https://kawalpemilu.org#19819,"PENDAGAN, MUARA DUA, OGAN KOMERING ULU SELATAN, SUMATERA SELATAN",5,12,67,79
https://kawalpemilu.org#19819,"PENDAGAN, MUARA DUA, OGAN KOMERING ULU SELATAN, SUMATERA SELATAN",6,67,124,191
https://kawalpemilu.org#19819,"PENDAGAN, MUARA DUA, OGAN KOMERING ULU SELATAN, SUMATERA SELATAN",7,55,119,174
https://kawalpemilu.org#19820,"MEHANGGIN, MUARA DUA, OGAN KOMERING ULU SELATAN, SUMATERA SELATAN",1,49,123,172
https://kawalpemilu.org#19820,"MEHANGGIN, MUARA DUA, OGAN KOMERING ULU SELATAN, SUMATERA SELATAN",2,62,103,165
https://kawalpemilu.org#19820,"MEHANGGIN, MUARA DUA, OGAN KOMERING ULU SELATAN, SUMATERA SELATAN",3,37,125,162
https://kawalpemilu.org#19820,"MEHANGGIN, MUARA DUA, OGAN KOMERING ULU SELATAN, SUMATERA SELATAN",4,20,131,151
https://kawalpemilu.org#19820,"MEHANGGIN, MUARA DUA, OGAN KOMERING ULU SELATAN, SUMATERA SELATAN",5,68,100,168
https://kawalpemilu.org#19820,"MEHANGGIN, MUARA DUA, OGAN KOMERING ULU SELATAN, SUMATERA SELATAN",7,64,74,138
https://kawalpemilu.org#19820,"MEHANGGIN, MUARA DUA, OGAN KOMERING ULU SELATAN, SUMATERA SELATAN",8,89,84,173
https://kawalpemilu.org#19821,"PELANGKI, MUARA DUA, OGAN KOMERING ULU SELATAN, SUMATERA SELATAN",1,82,155,237
https://kawalpemilu.org#19821,"PELANGKI, MUARA DUA, OGAN KOMERING ULU SELATAN, SUMATERA SELATAN",2,81,119,200
https://kawalpemilu.org#19821,"PELANGKI, MUARA DUA, OGAN KOMERING ULU SELATAN, SUMATERA SELATAN",3,85,156,241
https://kawalpemilu.org#19821,"PELANGKI, MUARA DUA, OGAN KOMERING ULU SELATAN, SUMATERA SELATAN",4,76,120,196
https://kawalpemilu.org#19821,"PELANGKI, MUARA DUA, OGAN KOMERING ULU SELATAN, SUMATERA SELATAN",5,52,81,133
https://kawalpemilu.org#19821,"PELANGKI, MUARA DUA, OGAN KOMERING ULU SELATAN, SUMATERA SELATAN",6,58,89,147
https://kawalpemilu.org#19821,"PELANGKI, MUARA DUA, OGAN KOMERING ULU SELATAN, SUMATERA SELATAN",7,99,150,249
https://kawalpemilu.org#19821,"PELANGKI, MUARA DUA, OGAN KOMERING ULU SELATAN, SUMATERA SELATAN",8,95,117,212
https://kawalpemilu.org#19821,"PELANGKI, MUARA DUA, OGAN KOMERING ULU SELATAN, SUMATERA SELATAN",9,176,68,244
https://kawalpemilu.org#19821,"PELANGKI, MUARA DUA, OGAN KOMERING ULU SELATAN, SUMATERA SELATAN",10,202,49,251
https://kawalpemilu.org#19822,"BATU BELANG 2, MUARA DUA, OGAN KOMERING ULU SELATAN, SUMATERA SELATAN",2,129,83,212
https://kawalpemilu.org#19822,"BATU BELANG 2, MUARA DUA, OGAN KOMERING ULU SELATAN, SUMATERA SELATAN",3,140,72,212
https://kawalpemilu.org#19823,"DATAR, MUARA DUA, OGAN KOMERING ULU SELATAN, SUMATERA SELATAN",1,34,71,105
https://kawalpemilu.org#19823,"DATAR, MUARA DUA, OGAN KOMERING ULU SELATAN, SUMATERA SELATAN",2,84,90,174
https://kawalpemilu.org#19823,"DATAR, MUARA DUA, OGAN KOMERING ULU SELATAN, SUMATERA SELATAN",3,37,99,136
https://kawalpemilu.org#19825,"TANJUNG BULAN, PULAU BERINGIN, OGAN KOMERING ULU SELATAN, SUMATERA SELATAN",1,87,123,210
https://kawalpemilu.org#19825,"TANJUNG BULAN, PULAU BERINGIN, OGAN KOMERING ULU SELATAN, SUMATERA SELATAN",2,90,131,220
https://kawalpemilu.org#19825,"TANJUNG BULAN, PULAU BERINGIN, OGAN KOMERING ULU SELATAN, SUMATERA SELATAN",3,96,101,197
https://kawalpemilu.org#19825,"TANJUNG BULAN, PULAU BERINGIN, OGAN KOMERING ULU SELATAN, SUMATERA SELATAN",4,77,126,203
https://kawalpemilu.org#19825,"TANJUNG BULAN, PULAU BERINGIN, OGAN KOMERING ULU SELATAN, SUMATERA SELATAN",5,81,96,177
https://kawalpemilu.org#19826,"PULAU BERINGIN, PULAU BERINGIN, OGAN KOMERING ULU SELATAN, SUMATERA SELATAN",1,69,125,194
https://kawalpemilu.org#19826,"PULAU BERINGIN, PULAU BERINGIN, OGAN KOMERING ULU SELATAN, SUMATERA SELATAN",2,82,85,167
https://kawalpemilu.org#19826,"PULAU BERINGIN, PULAU BERINGIN, OGAN KOMERING ULU SELATAN, SUMATERA SELATAN",3,65,110,175
https://kawalpemilu.org#19826,"PULAU BERINGIN, PULAU BERINGIN, OGAN KOMERING ULU SELATAN, SUMATERA SELATAN",4,58,98,156
https://kawalpemilu.org#19826,"PULAU BERINGIN, PULAU BERINGIN, OGAN KOMERING ULU SELATAN, SUMATERA SELATAN",5,66,187,253
https://kawalpemilu.org#19826,"PULAU BERINGIN, PULAU BERINGIN, OGAN KOMERING ULU SELATAN, SUMATERA SELATAN",6,54,132,186
https://kawalpemilu.org#19826,"PULAU BERINGIN, PULAU BERINGIN, OGAN KOMERING ULU SELATAN, SUMATERA SELATAN",7,90,87,177
https://kawalpemilu.org#19826,"PULAU BERINGIN, PULAU BERINGIN, OGAN KOMERING ULU SELATAN, SUMATERA SELATAN",8,61,107,168
https://kawalpemilu.org#19826,"PULAU BERINGIN, PULAU BERINGIN, OGAN KOMERING ULU SELATAN, SUMATERA SELATAN",9,73,100,173
https://kawalpemilu.org#19826,"PULAU BERINGIN, PULAU BERINGIN, OGAN KOMERING ULU SELATAN, SUMATERA SELATAN",10,92,130,222
https://kawalpemilu.org#19826,"PULAU BERINGIN, PULAU BERINGIN, OGAN KOMERING ULU SELATAN, SUMATERA SELATAN",11,93,153,246
https://kawalpemilu.org#19827,"AROMANTAI, PULAU BERINGIN, OGAN KOMERING ULU SELATAN, SUMATERA SELATAN",1,95,111,206
https://kawalpemilu.org#19827,"AROMANTAI, PULAU BERINGIN, OGAN KOMERING ULU SELATAN, SUMATERA SELATAN",2,73,118,191
https://kawalpemilu.org#19827,"AROMANTAI, PULAU BERINGIN, OGAN KOMERING ULU SELATAN, SUMATERA SELATAN",3,86,106,192
https://kawalpemilu.org#19827,"AROMANTAI, PULAU BERINGIN, OGAN KOMERING ULU SELATAN, SUMATERA SELATAN",4,84,93,177
https://kawalpemilu.org#19827,"AROMANTAI, PULAU BERINGIN, OGAN KOMERING ULU SELATAN, SUMATERA SELATAN",5,101,104,205
https://kawalpemilu.org#19828,"TANJUNG KARI, PULAU BERINGIN, OGAN KOMERING ULU SELATAN, SUMATERA SELATAN",1,105,138,243
https://kawalpemilu.org#19828,"TANJUNG KARI, PULAU BERINGIN, OGAN KOMERING ULU SELATAN, SUMATERA SELATAN",2,99,107,206
https://kawalpemilu.org#19828,"TANJUNG KARI, PULAU BERINGIN, OGAN KOMERING ULU SELATAN, SUMATERA SELATAN",3,98,123,221
https://kawalpemilu.org#19828,"TANJUNG KARI, PULAU BERINGIN, OGAN KOMERING ULU SELATAN, SUMATERA SELATAN",4,80,120,200
https://kawalpemilu.org#19828,"TANJUNG KARI, PULAU BERINGIN, OGAN KOMERING ULU SELATAN, SUMATERA SELATAN",5,36,38,74
https://kawalpemilu.org#19829,"SIMPANG PANCUR, PULAU BERINGIN, OGAN KOMERING ULU SELATAN, SUMATERA SELATAN",1,71,146,217
https://kawalpemilu.org#19829,"SIMPANG PANCUR, PULAU BERINGIN, OGAN KOMERING ULU SELATAN, SUMATERA SELATAN",2,111,114,225
https://kawalpemilu.org#19829,"SIMPANG PANCUR, PULAU BERINGIN, OGAN KOMERING ULU SELATAN, SUMATERA SELATAN",3,96,119,215
https://kawalpemilu.org#19829,"SIMPANG PANCUR, PULAU BERINGIN, OGAN KOMERING ULU SELATAN, SUMATERA SELATAN",4,88,140,228
https://kawalpemilu.org#19829,"SIMPANG PANCUR, PULAU BERINGIN, OGAN KOMERING ULU SELATAN, SUMATERA SELATAN",5,120,104,224
https://kawalpemilu.org#19829,"SIMPANG PANCUR, PULAU BERINGIN, OGAN KOMERING ULU SELATAN, SUMATERA SELATAN",6,121,83,204
https://kawalpemilu.org#19830,"PAGAR AGUNG, PULAU BERINGIN, OGAN KOMERING ULU SELATAN, SUMATERA SELATAN",1,147,73,220
https://kawalpemilu.org#19830,"PAGAR AGUNG, PULAU BERINGIN, OGAN KOMERING ULU SELATAN, SUMATERA SELATAN",2,130,73,203
https://kawalpemilu.org#19830,"PAGAR AGUNG, PULAU BERINGIN, OGAN KOMERING ULU SELATAN, SUMATERA SELATAN",3,83,111,194
https://kawalpemilu.org#19830,"PAGAR AGUNG, PULAU BERINGIN, OGAN KOMERING ULU SELATAN, SUMATERA SELATAN",4,141,37,178
https://kawalpemilu.org#19830,"PAGAR AGUNG, PULAU BERINGIN, OGAN KOMERING ULU SELATAN, SUMATERA SELATAN",5,125,44,169
https://kawalpemilu.org#19831,"GUNUNG BATU, PULAU BERINGIN, OGAN KOMERING ULU SELATAN, SUMATERA SELATAN",1,98,119,217
https://kawalpemilu.org#19831,"GUNUNG BATU, PULAU BERINGIN, OGAN KOMERING ULU SELATAN, SUMATERA SELATAN",2,93,102,195
https://kawalpemilu.org#19831,"GUNUNG BATU, PULAU BERINGIN, OGAN KOMERING ULU SELATAN, SUMATERA SELATAN",3,117,76,193
https://kawalpemilu.org#19831,"GUNUNG BATU, PULAU BERINGIN, OGAN KOMERING ULU SELATAN, SUMATERA SELATAN",4,121,99,220
https://kawalpemilu.org#19831,"GUNUNG BATU, PULAU BERINGIN, OGAN KOMERING ULU SELATAN, SUMATERA SELATAN",5,83,88,171
https://kawalpemilu.org#19832,"KEMU, PULAU BERINGIN, OGAN KOMERING ULU SELATAN, SUMATERA SELATAN",1,135,121,256
https://kawalpemilu.org#19832,"KEMU, PULAU BERINGIN, OGAN KOMERING ULU SELATAN, SUMATERA SELATAN",2,111,143,254
https://kawalpemilu.org#19832,"KEMU, PULAU BERINGIN, OGAN KOMERING ULU SELATAN, SUMATERA SELATAN",3,127,144,271
https://kawalpemilu.org#19832,"KEMU, PULAU BERINGIN, OGAN KOMERING ULU SELATAN, SUMATERA SELATAN",4,147,130,277
https://kawalpemilu.org#19832,"KEMU, PULAU BERINGIN, OGAN KOMERING ULU SELATAN, SUMATERA SELATAN",5,104,151,255
https://kawalpemilu.org#19832,"KEMU, PULAU BERINGIN, OGAN KOMERING ULU SELATAN, SUMATERA SELATAN",6,111,138,249
https://kawalpemilu.org#19832,"KEMU, PULAU BERINGIN, OGAN KOMERING ULU SELATAN, SUMATERA SELATAN",7,130,134,264
https://kawalpemilu.org#19832,"KEMU, PULAU BERINGIN, OGAN KOMERING ULU SELATAN, SUMATERA SELATAN",8,143,147,290
https://kawalpemilu.org#19832,"KEMU, PULAU BERINGIN, OGAN KOMERING ULU SELATAN, SUMATERA SELATAN",9,121,141,262
https://kawalpemilu.org#19832,"KEMU, PULAU BERINGIN, OGAN KOMERING ULU SELATAN, SUMATERA SELATAN",10,121,123,244
https://kawalpemilu.org#19832,"KEMU, PULAU BERINGIN, OGAN KOMERING ULU SELATAN, SUMATERA SELATAN",11,98,114,212
https://kawalpemilu.org#19833,"ANUGERAH KEMU, PULAU BERINGIN, OGAN KOMERING ULU SELATAN, SUMATERA SELATAN",1,147,52,199
https://kawalpemilu.org#19833,"ANUGERAH KEMU, PULAU BERINGIN, OGAN KOMERING ULU SELATAN, SUMATERA SELATAN",2,119,93,212
https://kawalpemilu.org#19833,"ANUGERAH KEMU, PULAU BERINGIN, OGAN KOMERING ULU SELATAN, SUMATERA SELATAN",3,136,108,244
https://kawalpemilu.org#19833,"ANUGERAH KEMU, PULAU BERINGIN, OGAN KOMERING ULU SELATAN, SUMATERA SELATAN",4,193,64,257
https://kawalpemilu.org#19834,"KEMU ULU, PULAU BERINGIN, OGAN KOMERING ULU SELATAN, SUMATERA SELATAN",1,98,145,243
https://kawalpemilu.org#19834,"KEMU ULU, PULAU BERINGIN, OGAN KOMERING ULU SELATAN, SUMATERA SELATAN",2,97,157,254
https://kawalpemilu.org#19834,"KEMU ULU, PULAU BERINGIN, OGAN KOMERING ULU SELATAN, SUMATERA SELATAN",3,85,157,242
https://kawalpemilu.org#19834,"KEMU ULU, PULAU BERINGIN, OGAN KOMERING ULU SELATAN, SUMATERA SELATAN",4,90,150,240
https://kawalpemilu.org#19834,"KEMU ULU, PULAU BERINGIN, OGAN KOMERING ULU SELATAN, SUMATERA SELATAN",5,93,148,241
https://kawalpemilu.org#19834,"KEMU ULU, PULAU BERINGIN, OGAN KOMERING ULU SELATAN, SUMATERA SELATAN",6,99,151,250
https://kawalpemilu.org#19834,"KEMU ULU, PULAU BERINGIN, OGAN KOMERING ULU SELATAN, SUMATERA SELATAN",7,23,65,88
https://kawalpemilu.org#19835,"PEMATANG OBAR, PULAU BERINGIN, OGAN KOMERING ULU SELATAN, SUMATERA SELATAN",1,202,30,232
https://kawalpemilu.org#19835,"PEMATANG OBAR, PULAU BERINGIN, OGAN KOMERING ULU SELATAN, SUMATERA SELATAN",2,205,25,230
https://kawalpemilu.org#19835,"PEMATANG OBAR, PULAU BERINGIN, OGAN KOMERING ULU SELATAN, SUMATERA SELATAN",3,191,23,214
https://kawalpemilu.org#19836,"TANJUNG BULAN ULU, PULAU BERINGIN, OGAN KOMERING ULU SELATAN, SUMATERA SELATAN",1,123,88,211
https://kawalpemilu.org#19836,"TANJUNG BULAN ULU, PULAU BERINGIN, OGAN KOMERING ULU SELATAN, SUMATERA SELATAN",2,119,73,192
https://kawalpemilu.org#19836,"TANJUNG BULAN ULU, PULAU BERINGIN, OGAN KOMERING ULU SELATAN, SUMATERA SELATAN",3,110,66,176
https://kawalpemilu.org#19836,"TANJUNG BULAN ULU, PULAU BERINGIN, OGAN KOMERING ULU SELATAN, SUMATERA SELATAN",4,116,68,184
https://kawalpemilu.org#19836,"TANJUNG BULAN ULU, PULAU BERINGIN, OGAN KOMERING ULU SELATAN, SUMATERA SELATAN",5,127,44,171
https://kawalpemilu.org#19837,"PULAU BERINGIN UTARA, PULAU BERINGIN, OGAN KOMERING ULU SELATAN, SUMATERA SELATAN",1,78,103,181
https://kawalpemilu.org#19837,"PULAU BERINGIN UTARA, PULAU BERINGIN, OGAN KOMERING ULU SELATAN, SUMATERA SELATAN",2,75,108,183
https://kawalpemilu.org#19837,"PULAU BERINGIN UTARA, PULAU BERINGIN, OGAN KOMERING ULU SELATAN, SUMATERA SELATAN",3,65,122,187
https://kawalpemilu.org#19837,"PULAU BERINGIN UTARA, PULAU BERINGIN, OGAN KOMERING ULU SELATAN, SUMATERA SELATAN",4,79,84,163
https://kawalpemilu.org#19837,"PULAU BERINGIN UTARA, PULAU BERINGIN, OGAN KOMERING ULU SELATAN, SUMATERA SELATAN",5,65,124,189
https://kawalpemilu.org#19837,"PULAU BERINGIN UTARA, PULAU BERINGIN, OGAN KOMERING ULU SELATAN, SUMATERA SELATAN",6,85,90,175
https://kawalpemilu.org#19837,"PULAU BERINGIN UTARA, PULAU BERINGIN, OGAN KOMERING ULU SELATAN, SUMATERA SELATAN",7,88,83,171
https://kawalpemilu.org#19839,"BANDAR AGUNG RANAU, BANDING AGUNG, OGAN KOMERING ULU SELATAN, SUMATERA SELATAN",1,68,123,191
https://kawalpemilu.org#19839,"BANDAR AGUNG RANAU, BANDING AGUNG, OGAN KOMERING ULU SELATAN, SUMATERA SELATAN",2,54,132,186
https://kawalpemilu.org#19839,"BANDAR AGUNG RANAU, BANDING AGUNG, OGAN KOMERING ULU SELATAN, SUMATERA SELATAN",3,78,121,199
https://kawalpemilu.org#19839,"BANDAR AGUNG RANAU, BANDING AGUNG, OGAN KOMERING ULU SELATAN, SUMATERA SELATAN",4,73,136,209
https://kawalpemilu.org#19839,"BANDAR AGUNG RANAU, BANDING AGUNG, OGAN KOMERING ULU SELATAN, SUMATERA SELATAN",5,61,76,137
https://kawalpemilu.org#19839,"BANDAR AGUNG RANAU, BANDING AGUNG, OGAN KOMERING ULU SELATAN, SUMATERA SELATAN",6,28,72,100
https://kawalpemilu.org#19839,"BANDAR AGUNG RANAU, BANDING AGUNG, OGAN KOMERING ULU SELATAN, SUMATERA SELATAN",7,99,87,186
https://kawalpemilu.org#19839,"BANDAR AGUNG RANAU, BANDING AGUNG, OGAN KOMERING ULU SELATAN, SUMATERA SELATAN",8,49,68,117
https://kawalpemilu.org#19839,"BANDAR AGUNG RANAU, BANDING AGUNG, OGAN KOMERING ULU SELATAN, SUMATERA SELATAN",9,60,109,169
https://kawalpemilu.org#19839,"BANDAR AGUNG RANAU, BANDING AGUNG, OGAN KOMERING ULU SELATAN, SUMATERA SELATAN",10,43,60,103
https://kawalpemilu.org#19839,"BANDAR AGUNG RANAU, BANDING AGUNG, OGAN KOMERING ULU SELATAN, SUMATERA SELATAN",11,41,88,129
https://kawalpemilu.org#19839,"BANDAR AGUNG RANAU, BANDING AGUNG, OGAN KOMERING ULU SELATAN, SUMATERA SELATAN",12,39,73,112
https://kawalpemilu.org#19839,"BANDAR AGUNG RANAU, BANDING AGUNG, OGAN KOMERING ULU SELATAN, SUMATERA SELATAN",13,35,56,91
https://kawalpemilu.org#19840,"WAY TIMAH, BANDING AGUNG, OGAN KOMERING ULU SELATAN, SUMATERA SELATAN",1,37,101,138
https://kawalpemilu.org#19840,"WAY TIMAH, BANDING AGUNG, OGAN KOMERING ULU SELATAN, SUMATERA SELATAN",2,28,92,120
https://kawalpemilu.org#19841,"SIPATUHU, BANDING AGUNG, OGAN KOMERING ULU SELATAN, SUMATERA SELATAN",1,137,55,192
https://kawalpemilu.org#19841,"SIPATUHU, BANDING AGUNG, OGAN KOMERING ULU SELATAN, SUMATERA SELATAN",2,143,54,197
https://kawalpemilu.org#19841,"SIPATUHU, BANDING AGUNG, OGAN KOMERING ULU SELATAN, SUMATERA SELATAN",3,145,51,196
https://kawalpemilu.org#19841,"SIPATUHU, BANDING AGUNG, OGAN KOMERING ULU SELATAN, SUMATERA SELATAN",4,136,42,178
https://kawalpemilu.org#19841,"SIPATUHU, BANDING AGUNG, OGAN KOMERING ULU SELATAN, SUMATERA SELATAN",5,124,57,181
https://kawalpemilu.org#19841,"SIPATUHU, BANDING AGUNG, OGAN KOMERING ULU SELATAN, SUMATERA SELATAN",6,131,46,177
https://kawalpemilu.org#19841,"SIPATUHU, BANDING AGUNG, OGAN KOMERING ULU SELATAN, SUMATERA SELATAN",7,126,55,181
https://kawalpemilu.org#19841,"SIPATUHU, BANDING AGUNG, OGAN KOMERING ULU SELATAN, SUMATERA SELATAN",8,144,37,181
https://kawalpemilu.org#19842,"BANDING AGUNG, BANDING AGUNG, OGAN KOMERING ULU SELATAN, SUMATERA SELATAN",1,17,108,125
https://kawalpemilu.org#19842,"BANDING AGUNG, BANDING AGUNG, OGAN KOMERING ULU SELATAN, SUMATERA SELATAN",2,64,79,143
https://kawalpemilu.org#19842,"BANDING AGUNG, BANDING AGUNG, OGAN KOMERING ULU SELATAN, SUMATERA SELATAN",3,41,55,96
https://kawalpemilu.org#19842,"BANDING AGUNG, BANDING AGUNG, OGAN KOMERING ULU SELATAN, SUMATERA SELATAN",4,12,49,61
https://kawalpemilu.org#19842,"BANDING AGUNG, BANDING AGUNG, OGAN KOMERING ULU SELATAN, SUMATERA SELATAN",5,21,60,81
https://kawalpemilu.org#19843,"SURABAYA, BANDING AGUNG, OGAN KOMERING ULU SELATAN, SUMATERA SELATAN",1,27,115,142
https://kawalpemilu.org#19843,"SURABAYA, BANDING AGUNG, OGAN KOMERING ULU SELATAN, SUMATERA SELATAN",2,49,119,168
https://kawalpemilu.org#19843,"SURABAYA, BANDING AGUNG, OGAN KOMERING ULU SELATAN, SUMATERA SELATAN",3,30,66,96
https://kawalpemilu.org#19843,"SURABAYA, BANDING AGUNG, OGAN KOMERING ULU SELATAN, SUMATERA SELATAN",4,42,69,111
https://kawalpemilu.org#19844,"SUGIH WARAS, BANDING AGUNG, OGAN KOMERING ULU SELATAN, SUMATERA SELATAN",1,68,89,157
https://kawalpemilu.org#19844,"SUGIH WARAS, BANDING AGUNG, OGAN KOMERING ULU SELATAN, SUMATERA SELATAN",2,38,76,114
https://kawalpemilu.org#19844,"SUGIH WARAS, BANDING AGUNG, OGAN KOMERING ULU SELATAN, SUMATERA SELATAN",3,68,92,160
https://kawalpemilu.org#19844,"SUGIH WARAS, BANDING AGUNG, OGAN KOMERING ULU SELATAN, SUMATERA SELATAN",4,106,44,150
https://kawalpemilu.org#19844,"SUGIH WARAS, BANDING AGUNG, OGAN KOMERING ULU SELATAN, SUMATERA SELATAN",5,68,55,123
https://kawalpemilu.org#19844,"SUGIH WARAS, BANDING AGUNG, OGAN KOMERING ULU SELATAN, SUMATERA SELATAN",6,60,74,134
https://kawalpemilu.org#19844,"SUGIH WARAS, BANDING AGUNG, OGAN KOMERING ULU SELATAN, SUMATERA SELATAN",7,100,31,131
https://kawalpemilu.org#19844,"SUGIH WARAS, BANDING AGUNG, OGAN KOMERING ULU SELATAN, SUMATERA SELATAN",8,36,79,115
https://kawalpemilu.org#19845,"SUKA NEGERI, BANDING AGUNG, OGAN KOMERING ULU SELATAN, SUMATERA SELATAN",1,59,167,226
https://kawalpemilu.org#19845,"SUKA NEGERI, BANDING AGUNG, OGAN KOMERING ULU SELATAN, SUMATERA SELATAN",2,58,151,209
https://kawalpemilu.org#19846,"RANTAU NIPIS, BANDING AGUNG, OGAN KOMERING ULU SELATAN, SUMATERA SELATAN",1,144,104,248
https://kawalpemilu.org#19846,"RANTAU NIPIS, BANDING AGUNG, OGAN KOMERING ULU SELATAN, SUMATERA SELATAN",2,88,55,143
https://kawalpemilu.org#19846,"RANTAU NIPIS, BANDING AGUNG, OGAN KOMERING ULU SELATAN, SUMATERA SELATAN",3,97,30,127
https://kawalpemilu.org#19846,"RANTAU NIPIS, BANDING AGUNG, OGAN KOMERING ULU SELATAN, SUMATERA SELATAN",4,84,87,171
https://kawalpemilu.org#19846,"RANTAU NIPIS, BANDING AGUNG, OGAN KOMERING ULU SELATAN, SUMATERA SELATAN",5,86,66,152
https://kawalpemilu.org#19847,"AIR RUPIK, BANDING AGUNG, OGAN KOMERING ULU SELATAN, SUMATERA SELATAN",1,97,159,256
https://kawalpemilu.org#19847,"AIR RUPIK, BANDING AGUNG, OGAN KOMERING ULU SELATAN, SUMATERA SELATAN",2,100,95,195
https://kawalpemilu.org#19847,"AIR RUPIK, BANDING AGUNG, OGAN KOMERING ULU SELATAN, SUMATERA SELATAN",3,109,70,179
https://kawalpemilu.org#19847,"AIR RUPIK, BANDING AGUNG, OGAN KOMERING ULU SELATAN, SUMATERA SELATAN",4,151,69,220
https://kawalpemilu.org#19848,"TALANG MERBAU, BANDING AGUNG, OGAN KOMERING ULU SELATAN, SUMATERA SELATAN",1,111,64,175
https://kawalpemilu.org#19848,"TALANG MERBAU, BANDING AGUNG, OGAN KOMERING ULU SELATAN, SUMATERA SELATAN",2,92,59,151
https://kawalpemilu.org#19848,"TALANG MERBAU, BANDING AGUNG, OGAN KOMERING ULU SELATAN, SUMATERA SELATAN",3,103,47,150
https://kawalpemilu.org#19848,"TALANG MERBAU, BANDING AGUNG, OGAN KOMERING ULU SELATAN, SUMATERA SELATAN",4,98,26,128
https://kawalpemilu.org#19849,"TANJUNG AGUNG, BANDING AGUNG, OGAN KOMERING ULU SELATAN, SUMATERA SELATAN",1,58,143,201
https://kawalpemilu.org#19849,"TANJUNG AGUNG, BANDING AGUNG, OGAN KOMERING ULU SELATAN, SUMATERA SELATAN",2,102,82,184
https://kawalpemilu.org#19849,"TANJUNG AGUNG, BANDING AGUNG, OGAN KOMERING ULU SELATAN, SUMATERA SELATAN",3,108,43,151
https://kawalpemilu.org#19850,"TANJUNG HARAPAN, BANDING AGUNG, OGAN KOMERING ULU SELATAN, SUMATERA SELATAN",1,82,77,159
https://kawalpemilu.org#19850,"TANJUNG HARAPAN, BANDING AGUNG, OGAN KOMERING ULU SELATAN, SUMATERA SELATAN",2,87,72,159
https://kawalpemilu.org#19850,"TANJUNG HARAPAN, BANDING AGUNG, OGAN KOMERING ULU SELATAN, SUMATERA SELATAN",3,85,69,154
https://kawalpemilu.org#19851,"TELANAI, BANDING AGUNG, OGAN KOMERING ULU SELATAN, SUMATERA SELATAN",1,48,115,163
https://kawalpemilu.org#19851,"TELANAI, BANDING AGUNG, OGAN KOMERING ULU SELATAN, SUMATERA SELATAN",2,136,66,202
https://kawalpemilu.org#19851,"TELANAI, BANDING AGUNG, OGAN KOMERING ULU SELATAN, SUMATERA SELATAN",3,39,84,123
https://kawalpemilu.org#19852,"SUMBER MAKMUR, BANDING AGUNG, OGAN KOMERING ULU SELATAN, SUMATERA SELATAN",1,105,38,143
https://kawalpemilu.org#19852,"SUMBER MAKMUR, BANDING AGUNG, OGAN KOMERING ULU SELATAN, SUMATERA SELATAN",2,81,108,189
https://kawalpemilu.org#19853,"KARANG INDAH, BANDING AGUNG, OGAN KOMERING ULU SELATAN, SUMATERA SELATAN",1,70,49,119
https://kawalpemilu.org#19853,"KARANG INDAH, BANDING AGUNG, OGAN KOMERING ULU SELATAN, SUMATERA SELATAN",2,70,43,113
https://kawalpemilu.org#19854,"TANGSI AGUNG, BANDING AGUNG, OGAN KOMERING ULU SELATAN, SUMATERA SELATAN",1,70,100,170
https://kawalpemilu.org#19854,"TANGSI AGUNG, BANDING AGUNG, OGAN KOMERING ULU SELATAN, SUMATERA SELATAN",2,73,74,147
https://kawalpemilu.org#19855,"PENANTIAN, BANDING AGUNG, OGAN KOMERING ULU SELATAN, SUMATERA SELATAN",1,87,73,160
https://kawalpemilu.org#19855,"PENANTIAN, BANDING AGUNG, OGAN KOMERING ULU SELATAN, SUMATERA SELATAN",2,102,51,153
https://kawalpemilu.org#19855,"PENANTIAN, BANDING AGUNG, OGAN KOMERING ULU SELATAN, SUMATERA SELATAN",3,84,57,141
https://kawalpemilu.org#19855,"PENANTIAN, BANDING AGUNG, OGAN KOMERING ULU SELATAN, SUMATERA SELATAN",4,69,39,108
https://kawalpemilu.org#19856,"SUKA MAJU, BANDING AGUNG, OGAN KOMERING ULU SELATAN, SUMATERA SELATAN",1,41,95,136
https://kawalpemilu.org#19856,"SUKA MAJU, BANDING AGUNG, OGAN KOMERING ULU SELATAN, SUMATERA SELATAN",2,158,72,230
https://kawalpemilu.org#19856,"SUKA MAJU, BANDING AGUNG, OGAN KOMERING ULU SELATAN, SUMATERA SELATAN",3,55,84,139
https://kawalpemilu.org#19857,"SIDODADI, BANDING AGUNG, OGAN KOMERING ULU SELATAN, SUMATERA SELATAN",1,95,64,159
https://kawalpemilu.org#19857,"SIDODADI, BANDING AGUNG, OGAN KOMERING ULU SELATAN, SUMATERA SELATAN",2,149,63,212
https://kawalpemilu.org#19857,"SIDODADI, BANDING AGUNG, OGAN KOMERING ULU SELATAN, SUMATERA SELATAN",3,80,41,121
https://kawalpemilu.org#19858,"SIPATUHU II, BANDING AGUNG, OGAN KOMERING ULU SELATAN, SUMATERA SELATAN",1,102,46,148
https://kawalpemilu.org#19858,"SIPATUHU II, BANDING AGUNG, OGAN KOMERING ULU SELATAN, SUMATERA SELATAN",2,132,31,163
https://kawalpemilu.org#19858,"SIPATUHU II, BANDING AGUNG, OGAN KOMERING ULU SELATAN, SUMATERA SELATAN",3,114,23,137
https://kawalpemilu.org#19858,"SIPATUHU II, BANDING AGUNG, OGAN KOMERING ULU SELATAN, SUMATERA SELATAN",4,115,46,161
https://kawalpemilu.org#19858,"SIPATUHU II, BANDING AGUNG, OGAN KOMERING ULU SELATAN, SUMATERA SELATAN",5,132,32,164
https://kawalpemilu.org#19858,"SIPATUHU II, BANDING AGUNG, OGAN KOMERING ULU SELATAN, SUMATERA SELATAN",6,127,16,143
https://kawalpemilu.org#19859,"TERAP MULIA, BANDING AGUNG, OGAN KOMERING ULU SELATAN, SUMATERA SELATAN",1,20,132,152
https://kawalpemilu.org#19859,"TERAP MULIA, BANDING AGUNG, OGAN KOMERING ULU SELATAN, SUMATERA SELATAN",2,11,129,140
https://kawalpemilu.org#19860,"SURABAYA TIMUR, BANDING AGUNG, OGAN KOMERING ULU SELATAN, SUMATERA SELATAN",1,77,64,141
https://kawalpemilu.org#19862,"LAWANG AGUNG, MUARA DUA KISAM, OGAN KOMERING ULU SELATAN, SUMATERA SELATAN",1,31,155,186
https://kawalpemilu.org#19862,"LAWANG AGUNG, MUARA DUA KISAM, OGAN KOMERING ULU SELATAN, SUMATERA SELATAN",2,54,151,196
https://kawalpemilu.org#19862,"LAWANG AGUNG, MUARA DUA KISAM, OGAN KOMERING ULU SELATAN, SUMATERA SELATAN",3,72,188,260
https://kawalpemilu.org#19862,"LAWANG AGUNG, MUARA DUA KISAM, OGAN KOMERING ULU SELATAN, SUMATERA SELATAN",4,27,167,194
https://kawalpemilu.org#19863,"BAYUR TENGAH, MUARA DUA KISAM, OGAN KOMERING ULU SELATAN, SUMATERA SELATAN",1,53,83,136
https://kawalpemilu.org#19863,"BAYUR TENGAH, MUARA DUA KISAM, OGAN KOMERING ULU SELATAN, SUMATERA SELATAN",2,42,110,152
https://kawalpemilu.org#19863,"BAYUR TENGAH, MUARA DUA KISAM, OGAN KOMERING ULU SELATAN, SUMATERA SELATAN",3,48,135,183
https://kawalpemilu.org#19864,"TANJUNG TEBAT, MUARA DUA KISAM, OGAN KOMERING ULU SELATAN, SUMATERA SELATAN",1,84,100,184
https://kawalpemilu.org#19864,"TANJUNG TEBAT, MUARA DUA KISAM, OGAN KOMERING ULU SELATAN, SUMATERA SELATAN",2,35,122,157
https://kawalpemilu.org#19864,"TANJUNG TEBAT, MUARA DUA KISAM, OGAN KOMERING ULU SELATAN, SUMATERA SELATAN",3,43,87,130
https://kawalpemilu.org#19864,"TANJUNG TEBAT, MUARA DUA KISAM, OGAN KOMERING ULU SELATAN, SUMATERA SELATAN",4,32,163,195
https://kawalpemilu.org#19864,"TANJUNG TEBAT, MUARA DUA KISAM, OGAN KOMERING ULU SELATAN, SUMATERA SELATAN",5,37,132,169
https://kawalpemilu.org#19865,"SUGIHAN, MUARA DUA KISAM, OGAN KOMERING ULU SELATAN, SUMATERA SELATAN",1,54,158,212
https://kawalpemilu.org#19865,"SUGIHAN, MUARA DUA KISAM, OGAN KOMERING ULU SELATAN, SUMATERA SELATAN",2,44,118,162
https://kawalpemilu.org#19865,"SUGIHAN, MUARA DUA KISAM, OGAN KOMERING ULU SELATAN, SUMATERA SELATAN",3,47,177,224
https://kawalpemilu.org#19865,"SUGIHAN, MUARA DUA KISAM, OGAN KOMERING ULU SELATAN, SUMATERA SELATAN",4,47,166,213
https://kawalpemilu.org#19865,"SUGIHAN, MUARA DUA KISAM, OGAN KOMERING ULU SELATAN, SUMATERA SELATAN",5,30,133,163
https://kawalpemilu.org#19866,"PENYANDINGAN, MUARA DUA KISAM, OGAN KOMERING ULU SELATAN, SUMATERA SELATAN",1,81,117,198
https://kawalpemilu.org#19866,"PENYANDINGAN, MUARA DUA KISAM, OGAN KOMERING ULU SELATAN, SUMATERA SELATAN",2,66,143,209
https://kawalpemilu.org#19866,"PENYANDINGAN, MUARA DUA KISAM, OGAN KOMERING ULU SELATAN, SUMATERA SELATAN",3,46,14,60
https://kawalpemilu.org#19867,"ALUN DUA, MUARA DUA KISAM, OGAN KOMERING ULU SELATAN, SUMATERA SELATAN",1,48,107,155
https://kawalpemilu.org#19867,"ALUN DUA, MUARA DUA KISAM, OGAN KOMERING ULU SELATAN, SUMATERA SELATAN",2,60,87,147
https://kawalpemilu.org#19868,"BANDAR ALAM BARU, MUARA DUA KISAM, OGAN KOMERING ULU SELATAN, SUMATERA SELATAN",1,78,83,161
https://kawalpemilu.org#19868,"BANDAR ALAM BARU, MUARA DUA KISAM, OGAN KOMERING ULU SELATAN, SUMATERA SELATAN",2,71,72,143
https://kawalpemilu.org#19869,"DUSUN TENGAH, MUARA DUA KISAM, OGAN KOMERING ULU SELATAN, SUMATERA SELATAN",1,93,68,161
https://kawalpemilu.org#19869,"DUSUN TENGAH, MUARA DUA KISAM, OGAN KOMERING ULU SELATAN, SUMATERA SELATAN",2,73,103,176
https://kawalpemilu.org#19869,"DUSUN TENGAH, MUARA DUA KISAM, OGAN KOMERING ULU SELATAN, SUMATERA SELATAN",3,75,61,136
https://kawalpemilu.org#19869,"DUSUN TENGAH, MUARA DUA KISAM, OGAN KOMERING ULU SELATAN, SUMATERA SELATAN",4,72,71,143
https://kawalpemilu.org#19870,"ULAK AGUNG ILIR, MUARA DUA KISAM, OGAN KOMERING ULU SELATAN, SUMATERA SELATAN",1,105,67,172
https://kawalpemilu.org#19870,"ULAK AGUNG ILIR, MUARA DUA KISAM, OGAN KOMERING ULU SELATAN, SUMATERA SELATAN",2,85,81,166
https://kawalpemilu.org#19870,"ULAK AGUNG ILIR, MUARA DUA KISAM, OGAN KOMERING ULU SELATAN, SUMATERA SELATAN",3,108,80,188
https://kawalpemilu.org#19870,"ULAK AGUNG ILIR, MUARA DUA KISAM, OGAN KOMERING ULU SELATAN, SUMATERA SELATAN",4,137,11,148
https://kawalpemilu.org#19871,"GUNUNG GARE, MUARA DUA KISAM, OGAN KOMERING ULU SELATAN, SUMATERA SELATAN",1,71,126,197
https://kawalpemilu.org#19871,"GUNUNG GARE, MUARA DUA KISAM, OGAN KOMERING ULU SELATAN, SUMATERA SELATAN",2,69,146,215
https://kawalpemilu.org#19871,"GUNUNG GARE, MUARA DUA KISAM, OGAN KOMERING ULU SELATAN, SUMATERA SELATAN",3,100,80,180
https://kawalpemilu.org#19871,"GUNUNG GARE, MUARA DUA KISAM, OGAN KOMERING ULU SELATAN, SUMATERA SELATAN",4,87,54,141
https://kawalpemilu.org#19871,"GUNUNG GARE, MUARA DUA KISAM, OGAN KOMERING ULU SELATAN, SUMATERA SELATAN",5,202,3,205
https://kawalpemilu.org#19872,"ULAK AGUNG ULU, MUARA DUA KISAM, OGAN KOMERING ULU SELATAN, SUMATERA SELATAN",1,94,70,164
https://kawalpemilu.org#19872,"ULAK AGUNG ULU, MUARA DUA KISAM, OGAN KOMERING ULU SELATAN, SUMATERA SELATAN",2,104,88,192
https://kawalpemilu.org#19872,"ULAK AGUNG ULU, MUARA DUA KISAM, OGAN KOMERING ULU SELATAN, SUMATERA SELATAN",3,86,47,133
https://kawalpemilu.org#19872,"ULAK AGUNG ULU, MUARA DUA KISAM, OGAN KOMERING ULU SELATAN, SUMATERA SELATAN",4,68,76,144
https://kawalpemilu.org#19872,"ULAK AGUNG ULU, MUARA DUA KISAM, OGAN KOMERING ULU SELATAN, SUMATERA SELATAN",5,98,62,160
https://kawalpemilu.org#19872,"ULAK AGUNG ULU, MUARA DUA KISAM, OGAN KOMERING ULU SELATAN, SUMATERA SELATAN",6,75,63,138
https://kawalpemilu.org#19873,"MUARADUA KISAM, MUARA DUA KISAM, OGAN KOMERING ULU SELATAN, SUMATERA SELATAN",1,55,89,144
https://kawalpemilu.org#19873,"MUARADUA KISAM, MUARA DUA KISAM, OGAN KOMERING ULU SELATAN, SUMATERA SELATAN",2,69,90,159
https://kawalpemilu.org#19873,"MUARADUA KISAM, MUARA DUA KISAM, OGAN KOMERING ULU SELATAN, SUMATERA SELATAN",3,71,81,152
https://kawalpemilu.org#19873,"MUARADUA KISAM, MUARA DUA KISAM, OGAN KOMERING ULU SELATAN, SUMATERA SELATAN",4,60,73,133
https://kawalpemilu.org#19874,"SUKANANTI, MUARA DUA KISAM, OGAN KOMERING ULU SELATAN, SUMATERA SELATAN",1,47,91,138
https://kawalpemilu.org#19874,"SUKANANTI, MUARA DUA KISAM, OGAN KOMERING ULU SELATAN, SUMATERA SELATAN",2,40,95,135
https://kawalpemilu.org#19874,"SUKANANTI, MUARA DUA KISAM, OGAN KOMERING ULU SELATAN, SUMATERA SELATAN",3,85,81,166
https://kawalpemilu.org#19875,"PAGAR DEWA, MUARA DUA KISAM, OGAN KOMERING ULU SELATAN, SUMATERA SELATAN",1,42,105,147
https://kawalpemilu.org#19875,"PAGAR DEWA, MUARA DUA KISAM, OGAN KOMERING ULU SELATAN, SUMATERA SELATAN",2,42,102,144
https://kawalpemilu.org#19875,"PAGAR DEWA, MUARA DUA KISAM, OGAN KOMERING ULU SELATAN, SUMATERA SELATAN",3,45,59,104
https://kawalpemilu.org#19875,"PAGAR DEWA, MUARA DUA KISAM, OGAN KOMERING ULU SELATAN, SUMATERA SELATAN",4,56,91,147
https://kawalpemilu.org#19876,"TANJUNG BERINGIN, MUARA DUA KISAM, OGAN KOMERING ULU SELATAN, SUMATERA SELATAN",1,121,101,222
https://kawalpemilu.org#19876,"TANJUNG BERINGIN, MUARA DUA KISAM, OGAN KOMERING ULU SELATAN, SUMATERA SELATAN",2,76,117,193
https://kawalpemilu.org#19877,"PENANTIAN, MUARA DUA KISAM, OGAN KOMERING ULU SELATAN, SUMATERA SELATAN",1,87,98,185
https://kawalpemilu.org#19877,"PENANTIAN, MUARA DUA KISAM, OGAN KOMERING ULU SELATAN, SUMATERA SELATAN",2,89,82,171
https://kawalpemilu.org#19877,"PENANTIAN, MUARA DUA KISAM, OGAN KOMERING ULU SELATAN, SUMATERA SELATAN",3,84,86,170
https://kawalpemilu.org#19877,"PENANTIAN, MUARA DUA KISAM, OGAN KOMERING ULU SELATAN, SUMATERA SELATAN",4,69,56,125
https://kawalpemilu.org#19878,"SUKARAJA, MUARA DUA KISAM, OGAN KOMERING ULU SELATAN, SUMATERA SELATAN",1,83,71,154
https://kawalpemilu.org#19878,"SUKARAJA, MUARA DUA KISAM, OGAN KOMERING ULU SELATAN, SUMATERA SELATAN",2,77,62,139
https://kawalpemilu.org#19879,"SIMPANG LUBUK DALAM, MUARA DUA KISAM, OGAN KOMERING ULU SELATAN, SUMATERA SELATAN",1,87,55,142
https://kawalpemilu.org#19879,"SIMPANG LUBUK DALAM, MUARA DUA KISAM, OGAN KOMERING ULU SELATAN, SUMATERA SELATAN",2,91,54,145
https://kawalpemilu.org#19879,"SIMPANG LUBUK DALAM, MUARA DUA KISAM, OGAN KOMERING ULU SELATAN, SUMATERA SELATAN",3,74,51,125
https://kawalpemilu.org#19879,"SIMPANG LUBUK DALAM, MUARA DUA KISAM, OGAN KOMERING ULU SELATAN, SUMATERA SELATAN",4,45,85,130
https://kawalpemilu.org#19879,"SIMPANG LUBUK DALAM, MUARA DUA KISAM, OGAN KOMERING ULU SELATAN, SUMATERA SELATAN",5,90,47,137
https://kawalpemilu.org#19879,"SIMPANG LUBUK DALAM, MUARA DUA KISAM, OGAN KOMERING ULU SELATAN, SUMATERA SELATAN",6,60,54,114
https://kawalpemilu.org#19881,"KARANG AGUNG, SIMPANG, OGAN KOMERING ULU SELATAN, SUMATERA SELATAN",1,83,116,199
https://kawalpemilu.org#19881,"KARANG AGUNG, SIMPANG, OGAN KOMERING ULU SELATAN, SUMATERA SELATAN",2,57,85,142
https://kawalpemilu.org#19881,"KARANG AGUNG, SIMPANG, OGAN KOMERING ULU SELATAN, SUMATERA SELATAN",3,86,123,209
https://kawalpemilu.org#19881,"KARANG AGUNG, SIMPANG, OGAN KOMERING ULU SELATAN, SUMATERA SELATAN",4,66,128,194
https://kawalpemilu.org#19881,"KARANG AGUNG, SIMPANG, OGAN KOMERING ULU SELATAN, SUMATERA SELATAN",5,16,56,72
https://kawalpemilu.org#19881,"KARANG AGUNG, SIMPANG, OGAN KOMERING ULU SELATAN, SUMATERA SELATAN",6,87,120,207
https://kawalpemilu.org#19881,"KARANG AGUNG, SIMPANG, OGAN KOMERING ULU SELATAN, SUMATERA SELATAN",7,32,79,111
https://kawalpemilu.org#19881,"KARANG AGUNG, SIMPANG, OGAN KOMERING ULU SELATAN, SUMATERA SELATAN",8,45,98,143
https://kawalpemilu.org#19882,"LUBAR, SIMPANG, OGAN KOMERING ULU SELATAN, SUMATERA SELATAN",1,85,108,193
https://kawalpemilu.org#19882,"LUBAR, SIMPANG, OGAN KOMERING ULU SELATAN, SUMATERA SELATAN",2,63,67,130
https://kawalpemilu.org#19882,"LUBAR, SIMPANG, OGAN KOMERING ULU SELATAN, SUMATERA SELATAN",3,138,88,226
https://kawalpemilu.org#19882,"LUBAR, SIMPANG, OGAN KOMERING ULU SELATAN, SUMATERA SELATAN",4,113,86,199
https://kawalpemilu.org#19882,"LUBAR, SIMPANG, OGAN KOMERING ULU SELATAN, SUMATERA SELATAN",5,76,65,141
https://kawalpemilu.org#19883,"TANJUNG SARI, SIMPANG, OGAN KOMERING ULU SELATAN, SUMATERA SELATAN",1,141,69,210
https://kawalpemilu.org#19883,"TANJUNG SARI, SIMPANG, OGAN KOMERING ULU SELATAN, SUMATERA SELATAN",2,60,88,148
https://kawalpemilu.org#19883,"TANJUNG SARI, SIMPANG, OGAN KOMERING ULU SELATAN, SUMATERA SELATAN",3,38,136,174
https://kawalpemilu.org#19883,"TANJUNG SARI, SIMPANG, OGAN KOMERING ULU SELATAN, SUMATERA SELATAN",4,39,135,174
https://kawalpemilu.org#19884,"SIMPANGAN, SIMPANG, OGAN KOMERING ULU SELATAN, SUMATERA SELATAN",1,74,104,178
https://kawalpemilu.org#19884,"SIMPANGAN, SIMPANG, OGAN KOMERING ULU SELATAN, SUMATERA SELATAN",2,80,99,179
https://kawalpemilu.org#19884,"SIMPANGAN, SIMPANG, OGAN KOMERING ULU SELATAN, SUMATERA SELATAN",3,64,132,196
https://kawalpemilu.org#19884,"SIMPANGAN, SIMPANG, OGAN KOMERING ULU SELATAN, SUMATERA SELATAN",4,69,90,159
https://kawalpemilu.org#19884,"SIMPANGAN, SIMPANG, OGAN KOMERING ULU SELATAN, SUMATERA SELATAN",5,61,85,146
https://kawalpemilu.org#19884,"SIMPANGAN, SIMPANG, OGAN KOMERING ULU SELATAN, SUMATERA SELATAN",6,53,126,179
https://kawalpemilu.org#19885,"BUNGIN CAMPANG, SIMPANG, OGAN KOMERING ULU SELATAN, SUMATERA SELATAN",1,108,97,205
https://kawalpemilu.org#19885,"BUNGIN CAMPANG, SIMPANG, OGAN KOMERING ULU SELATAN, SUMATERA SELATAN",2,69,88,157
https://kawalpemilu.org#19885,"BUNGIN CAMPANG, SIMPANG, OGAN KOMERING ULU SELATAN, SUMATERA SELATAN",3,67,84,151
https://kawalpemilu.org#19885,"BUNGIN CAMPANG, SIMPANG, OGAN KOMERING ULU SELATAN, SUMATERA SELATAN",4,127,67,194
https://kawalpemilu.org#19885,"BUNGIN CAMPANG, SIMPANG, OGAN KOMERING ULU SELATAN, SUMATERA SELATAN",5,99,80,179
https://kawalpemilu.org#19885,"BUNGIN CAMPANG, SIMPANG, OGAN KOMERING ULU SELATAN, SUMATERA SELATAN",6,68,74,142
https://kawalpemilu.org#19885,"BUNGIN CAMPANG, SIMPANG, OGAN KOMERING ULU SELATAN, SUMATERA SELATAN",7,71,75,146
https://kawalpemilu.org#19886,"SIMPANG AGUNG, SIMPANG, OGAN KOMERING ULU SELATAN, SUMATERA SELATAN",1,52,168,220
https://kawalpemilu.org#19886,"SIMPANG AGUNG, SIMPANG, OGAN KOMERING ULU SELATAN, SUMATERA SELATAN",2,58,133,191
https://kawalpemilu.org#19886,"SIMPANG AGUNG, SIMPANG, OGAN KOMERING ULU SELATAN, SUMATERA SELATAN",3,62,94,156
https://kawalpemilu.org#19886,"SIMPANG AGUNG, SIMPANG, OGAN KOMERING ULU SELATAN, SUMATERA SELATAN",4,47,88,135
https://kawalpemilu.org#19886,"SIMPANG AGUNG, SIMPANG, OGAN KOMERING ULU SELATAN, SUMATERA SELATAN",5,53,85,138
https://kawalpemilu.org#19886,"SIMPANG AGUNG, SIMPANG, OGAN KOMERING ULU SELATAN, SUMATERA SELATAN",6,42,140,182
https://kawalpemilu.org#19886,"SIMPANG AGUNG, SIMPANG, OGAN KOMERING ULU SELATAN, SUMATERA SELATAN",7,51,88,139
https://kawalpemilu.org#19886,"SIMPANG AGUNG, SIMPANG, OGAN KOMERING ULU SELATAN, SUMATERA SELATAN",8,93,99,192
https://kawalpemilu.org#19886,"SIMPANG AGUNG, SIMPANG, OGAN KOMERING ULU SELATAN, SUMATERA SELATAN",9,65,70,135
https://kawalpemilu.org#19886,"SIMPANG AGUNG, SIMPANG, OGAN KOMERING ULU SELATAN, SUMATERA SELATAN",10,45,91,136
https://kawalpemilu.org#19886,"SIMPANG AGUNG, SIMPANG, OGAN KOMERING ULU SELATAN, SUMATERA SELATAN",11,52,72,124
https://kawalpemilu.org#19886,"SIMPANG AGUNG, SIMPANG, OGAN KOMERING ULU SELATAN, SUMATERA SELATAN",12,36,100,136
https://kawalpemilu.org#19886,"SIMPANG AGUNG, SIMPANG, OGAN KOMERING ULU SELATAN, SUMATERA SELATAN",13,99,128,227
https://kawalpemilu.org#19887,"SINAR MULYO, SIMPANG, OGAN KOMERING ULU SELATAN, SUMATERA SELATAN",1,105,83,188
https://kawalpemilu.org#19887,"SINAR MULYO, SIMPANG, OGAN KOMERING ULU SELATAN, SUMATERA SELATAN",2,97,46,143
https://kawalpemilu.org#19887,"SINAR MULYO, SIMPANG, OGAN KOMERING ULU SELATAN, SUMATERA SELATAN",3,63,105,168
https://kawalpemilu.org#19887,"SINAR MULYO, SIMPANG, OGAN KOMERING ULU SELATAN, SUMATERA SELATAN",4,112,67,179
https://kawalpemilu.org#19887,"SINAR MULYO, SIMPANG, OGAN KOMERING ULU SELATAN, SUMATERA SELATAN",5,100,58,158
https://kawalpemilu.org#19887,"SINAR MULYO, SIMPANG, OGAN KOMERING ULU SELATAN, SUMATERA SELATAN",6,43,110,153
https://kawalpemilu.org#19889,"SUKARAMI, BUAY SANDANG AJI, OGAN KOMERING ULU SELATAN, SUMATERA SELATAN",1,73,152,225
https://kawalpemilu.org#19889,"SUKARAMI, BUAY SANDANG AJI, OGAN KOMERING ULU SELATAN, SUMATERA SELATAN",2,59,184,243
https://kawalpemilu.org#19889,"SUKARAMI, BUAY SANDANG AJI, OGAN KOMERING ULU SELATAN, SUMATERA SELATAN",3,38,108,146
https://kawalpemilu.org#19889,"SUKARAMI, BUAY SANDANG AJI, OGAN KOMERING ULU SELATAN, SUMATERA SELATAN",4,48,101,149
https://kawalpemilu.org#19890,"TANJUNG RAYA, BUAY SANDANG AJI, OGAN KOMERING ULU SELATAN, SUMATERA SELATAN",1,79,63,142
https://kawalpemilu.org#19890,"TANJUNG RAYA, BUAY SANDANG AJI, OGAN KOMERING ULU SELATAN, SUMATERA SELATAN",2,69,72,141
https://kawalpemilu.org#19890,"TANJUNG RAYA, BUAY SANDANG AJI, OGAN KOMERING ULU SELATAN, SUMATERA SELATAN",3,48,101,149
https://kawalpemilu.org#19890,"TANJUNG RAYA, BUAY SANDANG AJI, OGAN KOMERING ULU SELATAN, SUMATERA SELATAN",4,55,86,141
https://kawalpemilu.org#19891,"TANJUNG MENANG ILIR, BUAY SANDANG AJI, OGAN KOMERING ULU SELATAN, SUMATERA SELATAN",1,58,152,210
https://kawalpemilu.org#19891,"TANJUNG MENANG ILIR, BUAY SANDANG AJI, OGAN KOMERING ULU SELATAN, SUMATERA SELATAN",2,67,151,218
https://kawalpemilu.org#19892,"TANJUNG MENANG ULU, BUAY SANDANG AJI, OGAN KOMERING ULU SELATAN, SUMATERA SELATAN",1,108,118,226
https://kawalpemilu.org#19892,"TANJUNG MENANG ULU, BUAY SANDANG AJI, OGAN KOMERING ULU SELATAN, SUMATERA SELATAN",2,58,82,140
https://kawalpemilu.org#19892,"TANJUNG MENANG ULU, BUAY SANDANG AJI, OGAN KOMERING ULU SELATAN, SUMATERA SELATAN",3,45,81,126
https://kawalpemilu.org#19893,"KENALI, BUAY SANDANG AJI, OGAN KOMERING ULU SELATAN, SUMATERA SELATAN",1,84,123,207
https://kawalpemilu.org#19893,"KENALI, BUAY SANDANG AJI, OGAN KOMERING ULU SELATAN, SUMATERA SELATAN",2,61,148,209
https://kawalpemilu.org#19893,"KENALI, BUAY SANDANG AJI, OGAN KOMERING ULU SELATAN, SUMATERA SELATAN",3,69,121,190
https://kawalpemilu.org#19893,"KENALI, BUAY SANDANG AJI, OGAN KOMERING ULU SELATAN, SUMATERA SELATAN",4,58,130,188
https://kawalpemilu.org#19893,"KENALI, BUAY SANDANG AJI, OGAN KOMERING ULU SELATAN, SUMATERA SELATAN",5,90,113,203
https://kawalpemilu.org#19893,"KENALI, BUAY SANDANG AJI, OGAN KOMERING ULU SELATAN, SUMATERA SELATAN",6,71,138,209
https://kawalpemilu.org#19894,"NEGERI CAHYA, BUAY SANDANG AJI, OGAN KOMERING ULU SELATAN, SUMATERA SELATAN",1,62,99,161
https://kawalpemilu.org#19894,"NEGERI CAHYA, BUAY SANDANG AJI, OGAN KOMERING ULU SELATAN, SUMATERA SELATAN",2,42,116,158
https://kawalpemilu.org#19894,"NEGERI CAHYA, BUAY SANDANG AJI, OGAN KOMERING ULU SELATAN, SUMATERA SELATAN",3,92,111,203
https://kawalpemilu.org#19894,"NEGERI CAHYA, BUAY SANDANG AJI, OGAN KOMERING ULU SELATAN, SUMATERA SELATAN",4,48,140,188
https://kawalpemilu.org#19895,"SUKARAJA I, BUAY SANDANG AJI, OGAN KOMERING ULU SELATAN, SUMATERA SELATAN",1,43,128,171
https://kawalpemilu.org#19895,"SUKARAJA I, BUAY SANDANG AJI, OGAN KOMERING ULU SELATAN, SUMATERA SELATAN",2,39,136,175
https://kawalpemilu.org#19895,"SUKARAJA I, BUAY SANDANG AJI, OGAN KOMERING ULU SELATAN, SUMATERA SELATAN",3,55,115,170
https://kawalpemilu.org#19895,"SUKARAJA I, BUAY SANDANG AJI, OGAN KOMERING ULU SELATAN, SUMATERA SELATAN",4,54,94,148
https://kawalpemilu.org#19896,"TANJUNG IMAN, BUAY SANDANG AJI, OGAN KOMERING ULU SELATAN, SUMATERA SELATAN",1,80,140,220
https://kawalpemilu.org#19896,"TANJUNG IMAN, BUAY SANDANG AJI, OGAN KOMERING ULU SELATAN, SUMATERA SELATAN",2,89,140,229
https://kawalpemilu.org#19897,"BUNGA MAS, BUAY SANDANG AJI, OGAN KOMERING ULU SELATAN, SUMATERA SELATAN",1,38,258,296
https://kawalpemilu.org#19897,"BUNGA MAS, BUAY SANDANG AJI, OGAN KOMERING ULU SELATAN, SUMATERA SELATAN",2,45,197,242
https://kawalpemilu.org#19898,"LUBUK LIKU, BUAY SANDANG AJI, OGAN KOMERING ULU SELATAN, SUMATERA SELATAN",1,67,120,187
https://kawalpemilu.org#19898,"LUBUK LIKU, BUAY SANDANG AJI, OGAN KOMERING ULU SELATAN, SUMATERA SELATAN",2,60,125,185
https://kawalpemilu.org#19899,"KOTA KARANG, BUAY SANDANG AJI, OGAN KOMERING ULU SELATAN, SUMATERA SELATAN",1,41,112,153
https://kawalpemilu.org#19899,"KOTA KARANG, BUAY SANDANG AJI, OGAN KOMERING ULU SELATAN, SUMATERA SELATAN",2,51,97,148
https://kawalpemilu.org#19899,"KOTA KARANG, BUAY SANDANG AJI, OGAN KOMERING ULU SELATAN, SUMATERA SELATAN",3,63,149,212
https://kawalpemilu.org#19900,"NEGERI BATIN, BUAY SANDANG AJI, OGAN KOMERING ULU SELATAN, SUMATERA SELATAN",1,90,145,235
https://kawalpemilu.org#19900,"NEGERI BATIN, BUAY SANDANG AJI, OGAN KOMERING ULU SELATAN, SUMATERA SELATAN",2,80,140,220
https://kawalpemilu.org#19900,"NEGERI BATIN, BUAY SANDANG AJI, OGAN KOMERING ULU SELATAN, SUMATERA SELATAN",3,45,113,158
https://kawalpemilu.org#19900,"NEGERI BATIN, BUAY SANDANG AJI, OGAN KOMERING ULU SELATAN, SUMATERA SELATAN",4,51,126,177
https://kawalpemilu.org#19900,"NEGERI BATIN, BUAY SANDANG AJI, OGAN KOMERING ULU SELATAN, SUMATERA SELATAN",5,134,114,248
https://kawalpemilu.org#19901,"MADURA, BUAY SANDANG AJI, OGAN KOMERING ULU SELATAN, SUMATERA SELATAN",1,96,148,244
https://kawalpemilu.org#19901,"MADURA, BUAY SANDANG AJI, OGAN KOMERING ULU SELATAN, SUMATERA SELATAN",2,82,147,229
https://kawalpemilu.org#19901,"MADURA, BUAY SANDANG AJI, OGAN KOMERING ULU SELATAN, SUMATERA SELATAN",3,77,92,169
https://kawalpemilu.org#19901,"MADURA, BUAY SANDANG AJI, OGAN KOMERING ULU SELATAN, SUMATERA SELATAN",4,66,86,152
https://kawalpemilu.org#19902,"NEGERI  AGUNG, BUAY SANDANG AJI, OGAN KOMERING ULU SELATAN, SUMATERA SELATAN",1,90,127,217
https://kawalpemilu.org#19902,"NEGERI  AGUNG, BUAY SANDANG AJI, OGAN KOMERING ULU SELATAN, SUMATERA SELATAN",2,63,137,200
https://kawalpemilu.org#19902,"NEGERI  AGUNG, BUAY SANDANG AJI, OGAN KOMERING ULU SELATAN, SUMATERA SELATAN",3,92,116,208
https://kawalpemilu.org#19902,"NEGERI  AGUNG, BUAY SANDANG AJI, OGAN KOMERING ULU SELATAN, SUMATERA SELATAN",4,56,101,157
https://kawalpemilu.org#19903,"GUNUNG TERANG, BUAY SANDANG AJI, OGAN KOMERING ULU SELATAN, SUMATERA SELATAN",1,96,114,210
https://kawalpemilu.org#19903,"GUNUNG TERANG, BUAY SANDANG AJI, OGAN KOMERING ULU SELATAN, SUMATERA SELATAN",2,75,98,173
https://kawalpemilu.org#19903,"GUNUNG TERANG, BUAY SANDANG AJI, OGAN KOMERING ULU SELATAN, SUMATERA SELATAN",3,87,105,192
https://kawalpemilu.org#19903,"GUNUNG TERANG, BUAY SANDANG AJI, OGAN KOMERING ULU SELATAN, SUMATERA SELATAN",4,113,111,224
https://kawalpemilu.org#19903,"GUNUNG TERANG, BUAY SANDANG AJI, OGAN KOMERING ULU SELATAN, SUMATERA SELATAN",5,70,156,226
https://kawalpemilu.org#19903,"GUNUNG TERANG, BUAY SANDANG AJI, OGAN KOMERING ULU SELATAN, SUMATERA SELATAN",6,66,35,101
https://kawalpemilu.org#19903,"GUNUNG TERANG, BUAY SANDANG AJI, OGAN KOMERING ULU SELATAN, SUMATERA SELATAN",7,98,89,187
https://kawalpemilu.org#19904,"TALANG BARU, BUAY SANDANG AJI, OGAN KOMERING ULU SELATAN, SUMATERA SELATAN",1,103,94,197
https://kawalpemilu.org#19904,"TALANG BARU, BUAY SANDANG AJI, OGAN KOMERING ULU SELATAN, SUMATERA SELATAN",2,149,104,253
https://kawalpemilu.org#19906,"SUGIH WARAS, BUAY RUNJUNG, OGAN KOMERING ULU SELATAN, SUMATERA SELATAN",1,94,148,242
https://kawalpemilu.org#19906,"SUGIH WARAS, BUAY RUNJUNG, OGAN KOMERING ULU SELATAN, SUMATERA SELATAN",2,62,116,178
https://kawalpemilu.org#19906,"SUGIH WARAS, BUAY RUNJUNG, OGAN KOMERING ULU SELATAN, SUMATERA SELATAN",3,56,111,167
https://kawalpemilu.org#19907,"PADANG SARI, BUAY RUNJUNG, OGAN KOMERING ULU SELATAN, SUMATERA SELATAN",1,36,168,204
https://kawalpemilu.org#19907,"PADANG SARI, BUAY RUNJUNG, OGAN KOMERING ULU SELATAN, SUMATERA SELATAN",2,65,159,224
https://kawalpemilu.org#19908,"PADANG BINDU, BUAY RUNJUNG, OGAN KOMERING ULU SELATAN, SUMATERA SELATAN",1,41,98,139
https://kawalpemilu.org#19908,"PADANG BINDU, BUAY RUNJUNG, OGAN KOMERING ULU SELATAN, SUMATERA SELATAN",2,53,145,198
https://kawalpemilu.org#19908,"PADANG BINDU, BUAY RUNJUNG, OGAN KOMERING ULU SELATAN, SUMATERA SELATAN",3,40,142,182
https://kawalpemilu.org#19908,"PADANG BINDU, BUAY RUNJUNG, OGAN KOMERING ULU SELATAN, SUMATERA SELATAN",4,63,110,173
https://kawalpemilu.org#19909,"SAUNG NAGA, BUAY RUNJUNG, OGAN KOMERING ULU SELATAN, SUMATERA SELATAN",1,37,143,180
https://kawalpemilu.org#19909,"SAUNG NAGA, BUAY RUNJUNG, OGAN KOMERING ULU SELATAN, SUMATERA SELATAN",2,44,156,200
https://kawalpemilu.org#19909,"SAUNG NAGA, BUAY RUNJUNG, OGAN KOMERING ULU SELATAN, SUMATERA SELATAN",3,49,144,193
https://kawalpemilu.org#19910,"NEGERI BATIN BARU, BUAY RUNJUNG, OGAN KOMERING ULU SELATAN, SUMATERA SELATAN",1,67,204,271
https://kawalpemilu.org#19911,"KOTA AMAN, BUAY RUNJUNG, OGAN KOMERING ULU SELATAN, SUMATERA SELATAN",1,72,111,183
https://kawalpemilu.org#19911,"KOTA AMAN, BUAY RUNJUNG, OGAN KOMERING ULU SELATAN, SUMATERA SELATAN",2,56,83,139
https://kawalpemilu.org#19911,"KOTA AMAN, BUAY RUNJUNG, OGAN KOMERING ULU SELATAN, SUMATERA SELATAN",3,89,31,120
https://kawalpemilu.org#19912,"BELAMBANGAN, BUAY RUNJUNG, OGAN KOMERING ULU SELATAN, SUMATERA SELATAN",1,101,135,236
https://kawalpemilu.org#19912,"BELAMBANGAN, BUAY RUNJUNG, OGAN KOMERING ULU SELATAN, SUMATERA SELATAN",2,33,170,203
https://kawalpemilu.org#19913,"PENINJAUAN, BUAY RUNJUNG, OGAN KOMERING ULU SELATAN, SUMATERA SELATAN",1,89,86,175
https://kawalpemilu.org#19913,"PENINJAUAN, BUAY RUNJUNG, OGAN KOMERING ULU SELATAN, SUMATERA SELATAN",2,72,62,134
https://kawalpemilu.org#19913,"PENINJAUAN, BUAY RUNJUNG, OGAN KOMERING ULU SELATAN, SUMATERA SELATAN",3,84,82,166
https://kawalpemilu.org#19913,"PENINJAUAN, BUAY RUNJUNG, OGAN KOMERING ULU SELATAN, SUMATERA SELATAN",4,92,59,151
https://kawalpemilu.org#19914,"NAGAR AGUNG, BUAY RUNJUNG, OGAN KOMERING ULU SELATAN, SUMATERA SELATAN",1,51,87,138
https://kawalpemilu.org#19914,"NAGAR AGUNG, BUAY RUNJUNG, OGAN KOMERING ULU SELATAN, SUMATERA SELATAN",2,43,96,139
https://kawalpemilu.org#19914,"NAGAR AGUNG, BUAY RUNJUNG, OGAN KOMERING ULU SELATAN, SUMATERA SELATAN",3,43,96,139
https://kawalpemilu.org#19914,"NAGAR AGUNG, BUAY RUNJUNG, OGAN KOMERING ULU SELATAN, SUMATERA SELATAN",4,45,101,146
https://kawalpemilu.org#19915,"SIMPANG SAGA, BUAY RUNJUNG, OGAN KOMERING ULU SELATAN, SUMATERA SELATAN",2,148,26,174
https://kawalpemilu.org#19915,"SIMPANG SAGA, BUAY RUNJUNG, OGAN KOMERING ULU SELATAN, SUMATERA SELATAN",3,152,68,220
https://kawalpemilu.org#19915,"SIMPANG SAGA, BUAY RUNJUNG, OGAN KOMERING ULU SELATAN, SUMATERA SELATAN",4,148,52,200
https://kawalpemilu.org#19916,"PERUPUS BLAMBANGAN, BUAY RUNJUNG, OGAN KOMERING ULU SELATAN, SUMATERA SELATAN",1,89,68,157
https://kawalpemilu.org#19916,"PERUPUS BLAMBANGAN, BUAY RUNJUNG, OGAN KOMERING ULU SELATAN, SUMATERA SELATAN",2,120,31,151
https://kawalpemilu.org#19917,"KAGELANG BLAMBANGAN, BUAY RUNJUNG, OGAN KOMERING ULU SELATAN, SUMATERA SELATAN",1,36,118,154
https://kawalpemilu.org#19917,"KAGELANG BLAMBANGAN, BUAY RUNJUNG, OGAN KOMERING ULU SELATAN, SUMATERA SELATAN",2,69,139,208
https://kawalpemilu.org#19917,"KAGELANG BLAMBANGAN, BUAY RUNJUNG, OGAN KOMERING ULU SELATAN, SUMATERA SELATAN",3,67,43,110
https://kawalpemilu.org#19918,"SUKAJADI BLAMBANGAN, BUAY RUNJUNG, OGAN KOMERING ULU SELATAN, SUMATERA SELATAN",1,56,120,176
https://kawalpemilu.org#19918,"SUKAJADI BLAMBANGAN, BUAY RUNJUNG, OGAN KOMERING ULU SELATAN, SUMATERA SELATAN",2,80,107,187
https://kawalpemilu.org#19919,"BEDENG BLAMBANGAN, BUAY RUNJUNG, OGAN KOMERING ULU SELATAN, SUMATERA SELATAN",1,83,97,180
https://kawalpemilu.org#19919,"BEDENG BLAMBANGAN, BUAY RUNJUNG, OGAN KOMERING ULU SELATAN, SUMATERA SELATAN",2,59,76,135
https://kawalpemilu.org#19921,"KOTA DALAM, MEKAKAU ILIR, OGAN KOMERING ULU SELATAN, SUMATERA SELATAN",1,30,147,177
https://kawalpemilu.org#19921,"KOTA DALAM, MEKAKAU ILIR, OGAN KOMERING ULU SELATAN, SUMATERA SELATAN",2,53,134,187
https://kawalpemilu.org#19921,"KOTA DALAM, MEKAKAU ILIR, OGAN KOMERING ULU SELATAN, SUMATERA SELATAN",3,43,97,140
https://kawalpemilu.org#19921,"KOTA DALAM, MEKAKAU ILIR, OGAN KOMERING ULU SELATAN, SUMATERA SELATAN",4,52,104,156
https://kawalpemilu.org#19921,"KOTA DALAM, MEKAKAU ILIR, OGAN KOMERING ULU SELATAN, SUMATERA SELATAN",5,81,131,212
https://kawalpemilu.org#19921,"KOTA DALAM, MEKAKAU ILIR, OGAN KOMERING ULU SELATAN, SUMATERA SELATAN",6,111,79,190
https://kawalpemilu.org#19921,"KOTA DALAM, MEKAKAU ILIR, OGAN KOMERING ULU SELATAN, SUMATERA SELATAN",7,128,58,186
https://kawalpemilu.org#19922,"TELUK AGUNG, MEKAKAU ILIR, OGAN KOMERING ULU SELATAN, SUMATERA SELATAN",1,49,112,161
https://kawalpemilu.org#19922,"TELUK AGUNG, MEKAKAU ILIR, OGAN KOMERING ULU SELATAN, SUMATERA SELATAN",2,53,220,273
https://kawalpemilu.org#19922,"TELUK AGUNG, MEKAKAU ILIR, OGAN KOMERING ULU SELATAN, SUMATERA SELATAN",3,33,123,156
https://kawalpemilu.org#19922,"TELUK AGUNG, MEKAKAU ILIR, OGAN KOMERING ULU SELATAN, SUMATERA SELATAN",4,83,102,185
https://kawalpemilu.org#19922,"TELUK AGUNG, MEKAKAU ILIR, OGAN KOMERING ULU SELATAN, SUMATERA SELATAN",5,48,113,161
https://kawalpemilu.org#19922,"TELUK AGUNG, MEKAKAU ILIR, OGAN KOMERING ULU SELATAN, SUMATERA SELATAN",6,52,93,145
https://kawalpemilu.org#19922,"TELUK AGUNG, MEKAKAU ILIR, OGAN KOMERING ULU SELATAN, SUMATERA SELATAN",7,74,113,187
https://kawalpemilu.org#19923,"PULAU DUKU, MEKAKAU ILIR, OGAN KOMERING ULU SELATAN, SUMATERA SELATAN",1,105,131,236
https://kawalpemilu.org#19923,"PULAU DUKU, MEKAKAU ILIR, OGAN KOMERING ULU SELATAN, SUMATERA SELATAN",2,53,86,139
https://kawalpemilu.org#19923,"PULAU DUKU, MEKAKAU ILIR, OGAN KOMERING ULU SELATAN, SUMATERA SELATAN",3,76,62,138
https://kawalpemilu.org#19923,"PULAU DUKU, MEKAKAU ILIR, OGAN KOMERING ULU SELATAN, SUMATERA SELATAN",4,66,94,160
https://kawalpemilu.org#19924,"TANJUNG BESAR, MEKAKAU ILIR, OGAN KOMERING ULU SELATAN, SUMATERA SELATAN",1,84,161,245
https://kawalpemilu.org#19924,"TANJUNG BESAR, MEKAKAU ILIR, OGAN KOMERING ULU SELATAN, SUMATERA SELATAN",2,73,146,219
https://kawalpemilu.org#19924,"TANJUNG BESAR, MEKAKAU ILIR, OGAN KOMERING ULU SELATAN, SUMATERA SELATAN",3,91,152,243
https://kawalpemilu.org#19924,"TANJUNG BESAR, MEKAKAU ILIR, OGAN KOMERING ULU SELATAN, SUMATERA SELATAN",4,94,127,221
https://kawalpemilu.org#19924,"TANJUNG BESAR, MEKAKAU ILIR, OGAN KOMERING ULU SELATAN, SUMATERA SELATAN",5,110,104,214
https://kawalpemilu.org#19924,"TANJUNG BESAR, MEKAKAU ILIR, OGAN KOMERING ULU SELATAN, SUMATERA SELATAN",6,133,98,231
https://kawalpemilu.org#19924,"TANJUNG BESAR, MEKAKAU ILIR, OGAN KOMERING ULU SELATAN, SUMATERA SELATAN",7,39,85,124
https://kawalpemilu.org#19925,"SINAR MARGA, MEKAKAU ILIR, OGAN KOMERING ULU SELATAN, SUMATERA SELATAN",1,73,172,245
https://kawalpemilu.org#19925,"SINAR MARGA, MEKAKAU ILIR, OGAN KOMERING ULU SELATAN, SUMATERA SELATAN",2,68,134,202
https://kawalpemilu.org#19925,"SINAR MARGA, MEKAKAU ILIR, OGAN KOMERING ULU SELATAN, SUMATERA SELATAN",3,75,103,178
https://kawalpemilu.org#19925,"SINAR MARGA, MEKAKAU ILIR, OGAN KOMERING ULU SELATAN, SUMATERA SELATAN",4,67,159,226
https://kawalpemilu.org#19925,"SINAR MARGA, MEKAKAU ILIR, OGAN KOMERING ULU SELATAN, SUMATERA SELATAN",5,93,103,196
https://kawalpemilu.org#19925,"SINAR MARGA, MEKAKAU ILIR, OGAN KOMERING ULU SELATAN, SUMATERA SELATAN",6,90,83,173
https://kawalpemilu.org#19926,"KOTA BARU, MEKAKAU ILIR, OGAN KOMERING ULU SELATAN, SUMATERA SELATAN",1,70,108,178
https://kawalpemilu.org#19926,"KOTA BARU, MEKAKAU ILIR, OGAN KOMERING ULU SELATAN, SUMATERA SELATAN",2,71,93,164
https://kawalpemilu.org#19926,"KOTA BARU, MEKAKAU ILIR, OGAN KOMERING ULU SELATAN, SUMATERA SELATAN",3,107,80,187
https://kawalpemilu.org#19926,"KOTA BARU, MEKAKAU ILIR, OGAN KOMERING ULU SELATAN, SUMATERA SELATAN",4,56,70,126
https://kawalpemilu.org#19927,"GALANG TINGGI, MEKAKAU ILIR, OGAN KOMERING ULU SELATAN, SUMATERA SELATAN",1,77,111,188
https://kawalpemilu.org#19927,"GALANG TINGGI, MEKAKAU ILIR, OGAN KOMERING ULU SELATAN, SUMATERA SELATAN",2,99,121,220
https://kawalpemilu.org#19927,"GALANG TINGGI, MEKAKAU ILIR, OGAN KOMERING ULU SELATAN, SUMATERA SELATAN",3,100,103,203
https://kawalpemilu.org#19927,"GALANG TINGGI, MEKAKAU ILIR, OGAN KOMERING ULU SELATAN, SUMATERA SELATAN",4,66,102,168
https://kawalpemilu.org#19927,"GALANG TINGGI, MEKAKAU ILIR, OGAN KOMERING ULU SELATAN, SUMATERA SELATAN",5,86,102,188
https://kawalpemilu.org#19927,"GALANG TINGGI, MEKAKAU ILIR, OGAN KOMERING ULU SELATAN, SUMATERA SELATAN",6,93,90,183
https://kawalpemilu.org#19927,"GALANG TINGGI, MEKAKAU ILIR, OGAN KOMERING ULU SELATAN, SUMATERA SELATAN",7,145,52,197
https://kawalpemilu.org#19927,"GALANG TINGGI, MEKAKAU ILIR, OGAN KOMERING ULU SELATAN, SUMATERA SELATAN",8,122,25,147
https://kawalpemilu.org#19927,"GALANG TINGGI, MEKAKAU ILIR, OGAN KOMERING ULU SELATAN, SUMATERA SELATAN",9,117,30,147
https://kawalpemilu.org#19928,"SUKARAJA, MEKAKAU ILIR, OGAN KOMERING ULU SELATAN, SUMATERA SELATAN",1,87,124,211
https://kawalpemilu.org#19928,"SUKARAJA, MEKAKAU ILIR, OGAN KOMERING ULU SELATAN, SUMATERA SELATAN",2,108,87,195
https://kawalpemilu.org#19928,"SUKARAJA, MEKAKAU ILIR, OGAN KOMERING ULU SELATAN, SUMATERA SELATAN",3,131,66,197
https://kawalpemilu.org#19928,"SUKARAJA, MEKAKAU ILIR, OGAN KOMERING ULU SELATAN, SUMATERA SELATAN",4,94,87,181
https://kawalpemilu.org#19928,"SUKARAJA, MEKAKAU ILIR, OGAN KOMERING ULU SELATAN, SUMATERA SELATAN",5,71,65,136
https://kawalpemilu.org#19929,"SRI MENANTI, MEKAKAU ILIR, OGAN KOMERING ULU SELATAN, SUMATERA SELATAN",1,60,177,237
https://kawalpemilu.org#19929,"SRI MENANTI, MEKAKAU ILIR, OGAN KOMERING ULU SELATAN, SUMATERA SELATAN",2,55,163,218
https://kawalpemilu.org#19929,"SRI MENANTI, MEKAKAU ILIR, OGAN KOMERING ULU SELATAN, SUMATERA SELATAN",3,143,73,216
https://kawalpemilu.org#19929,"SRI MENANTI, MEKAKAU ILIR, OGAN KOMERING ULU SELATAN, SUMATERA SELATAN",4,124,89,213
https://kawalpemilu.org#19929,"SRI MENANTI, MEKAKAU ILIR, OGAN KOMERING ULU SELATAN, SUMATERA SELATAN",5,87,130,217
https://kawalpemilu.org#19930,"KEPAYANG, MEKAKAU ILIR, OGAN KOMERING ULU SELATAN, SUMATERA SELATAN",1,83,131,214
https://kawalpemilu.org#19930,"KEPAYANG, MEKAKAU ILIR, OGAN KOMERING ULU SELATAN, SUMATERA SELATAN",2,107,102,209
https://kawalpemilu.org#19931,"KEMANG BANDUNG, MEKAKAU ILIR, OGAN KOMERING ULU SELATAN, SUMATERA SELATAN",1,103,83,186
https://kawalpemilu.org#19931,"KEMANG BANDUNG, MEKAKAU ILIR, OGAN KOMERING ULU SELATAN, SUMATERA SELATAN",2,124,56,180
https://kawalpemilu.org#19932,"SELABUNG BELIMBING JAYA, MEKAKAU ILIR, OGAN KOMERING ULU SELATAN, SUMATERA SELATAN",1,156,76,232
https://kawalpemilu.org#19932,"SELABUNG BELIMBING JAYA, MEKAKAU ILIR, OGAN KOMERING ULU SELATAN, SUMATERA SELATAN",2,143,50,193
https://kawalpemilu.org#19932,"SELABUNG BELIMBING JAYA, MEKAKAU ILIR, OGAN KOMERING ULU SELATAN, SUMATERA SELATAN",3,239,43,282
https://kawalpemilu.org#19933,"BUNUT, MEKAKAU ILIR, OGAN KOMERING ULU SELATAN, SUMATERA SELATAN",1,134,107,241
https://kawalpemilu.org#19933,"BUNUT, MEKAKAU ILIR, OGAN KOMERING ULU SELATAN, SUMATERA SELATAN",2,124,100,224
https://kawalpemilu.org#19934,"AIR BARU, MEKAKAU ILIR, OGAN KOMERING ULU SELATAN, SUMATERA SELATAN",1,106,34,140
https://kawalpemilu.org#19934,"AIR BARU, MEKAKAU ILIR, OGAN KOMERING ULU SELATAN, SUMATERA SELATAN",2,84,24,108
https://kawalpemilu.org#19934,"AIR BARU, MEKAKAU ILIR, OGAN KOMERING ULU SELATAN, SUMATERA SELATAN",3,86,34,120
https://kawalpemilu.org#19934,"AIR BARU, MEKAKAU ILIR, OGAN KOMERING ULU SELATAN, SUMATERA SELATAN",4,102,28,130
https://kawalpemilu.org#19935,"PERE'AN, MEKAKAU ILIR, OGAN KOMERING ULU SELATAN, SUMATERA SELATAN",1,163,38,201
https://kawalpemilu.org#19935,"PERE'AN, MEKAKAU ILIR, OGAN KOMERING ULU SELATAN, SUMATERA SELATAN",2,166,30,196
https://kawalpemilu.org#19935,"PERE'AN, MEKAKAU ILIR, OGAN KOMERING ULU SELATAN, SUMATERA SELATAN",3,189,49,238
https://kawalpemilu.org#19935,"PERE'AN, MEKAKAU ILIR, OGAN KOMERING ULU SELATAN, SUMATERA SELATAN",4,132,51,183
https://kawalpemilu.org#19935,"PERE'AN, MEKAKAU ILIR, OGAN KOMERING ULU SELATAN, SUMATERA SELATAN",5,153,17,170
https://kawalpemilu.org#19937,"TANJUNG DURIAN, BUAY PEMACA, OGAN KOMERING ULU SELATAN, SUMATERA SELATAN",1,55,111,166
https://kawalpemilu.org#19937,"TANJUNG DURIAN, BUAY PEMACA, OGAN KOMERING ULU SELATAN, SUMATERA SELATAN",2,68,73,141
https://kawalpemilu.org#19937,"TANJUNG DURIAN, BUAY PEMACA, OGAN KOMERING ULU SELATAN, SUMATERA SELATAN",3,96,75,171
https://kawalpemilu.org#19937,"TANJUNG DURIAN, BUAY PEMACA, OGAN KOMERING ULU SELATAN, SUMATERA SELATAN",4,94,31,125
https://kawalpemilu.org#19937,"TANJUNG DURIAN, BUAY PEMACA, OGAN KOMERING ULU SELATAN, SUMATERA SELATAN",5,57,92,149
https://kawalpemilu.org#19937,"TANJUNG DURIAN, BUAY PEMACA, OGAN KOMERING ULU SELATAN, SUMATERA SELATAN",6,75,109,184
https://kawalpemilu.org#19937,"TANJUNG DURIAN, BUAY PEMACA, OGAN KOMERING ULU SELATAN, SUMATERA SELATAN",7,81,74,155
https://kawalpemilu.org#19937,"TANJUNG DURIAN, BUAY PEMACA, OGAN KOMERING ULU SELATAN, SUMATERA SELATAN",8,106,39,145
https://kawalpemilu.org#19937,"TANJUNG DURIAN, BUAY PEMACA, OGAN KOMERING ULU SELATAN, SUMATERA SELATAN",9,114,56,170
https://kawalpemilu.org#19938,"SIPIN, BUAY PEMACA, OGAN KOMERING ULU SELATAN, SUMATERA SELATAN",1,106,86,192
https://kawalpemilu.org#19938,"SIPIN, BUAY PEMACA, OGAN KOMERING ULU SELATAN, SUMATERA SELATAN",2,102,83,185
https://kawalpemilu.org#19938,"SIPIN, BUAY PEMACA, OGAN KOMERING ULU SELATAN, SUMATERA SELATAN",3,132,118,250
https://kawalpemilu.org#19938,"SIPIN, BUAY PEMACA, OGAN KOMERING ULU SELATAN, SUMATERA SELATAN",4,93,101,194
https://kawalpemilu.org#19938,"SIPIN, BUAY PEMACA, OGAN KOMERING ULU SELATAN, SUMATERA SELATAN",5,79,102,181
https://kawalpemilu.org#19938,"SIPIN, BUAY PEMACA, OGAN KOMERING ULU SELATAN, SUMATERA SELATAN",6,128,95,223
https://kawalpemilu.org#19939,"KOTA WAY, BUAY PEMACA, OGAN KOMERING ULU SELATAN, SUMATERA SELATAN",1,81,103,184
https://kawalpemilu.org#19939,"KOTA WAY, BUAY PEMACA, OGAN KOMERING ULU SELATAN, SUMATERA SELATAN",2,45,65,110
https://kawalpemilu.org#19939,"KOTA WAY, BUAY PEMACA, OGAN KOMERING ULU SELATAN, SUMATERA SELATAN",3,58,73,131
https://kawalpemilu.org#19939,"KOTA WAY, BUAY PEMACA, OGAN KOMERING ULU SELATAN, SUMATERA SELATAN",4,58,105,163
https://kawalpemilu.org#19939,"KOTA WAY, BUAY PEMACA, OGAN KOMERING ULU SELATAN, SUMATERA SELATAN",5,72,96,168
https://kawalpemilu.org#19939,"KOTA WAY, BUAY PEMACA, OGAN KOMERING ULU SELATAN, SUMATERA SELATAN",6,47,37,84
https://kawalpemilu.org#19939,"KOTA WAY, BUAY PEMACA, OGAN KOMERING ULU SELATAN, SUMATERA SELATAN",7,45,77,122
https://kawalpemilu.org#19940,"TALANG PADANG, BUAY PEMACA, OGAN KOMERING ULU SELATAN, SUMATERA SELATAN",1,80,152,232
https://kawalpemilu.org#19940,"TALANG PADANG, BUAY PEMACA, OGAN KOMERING ULU SELATAN, SUMATERA SELATAN",2,59,122,181
https://kawalpemilu.org#19940,"TALANG PADANG, BUAY PEMACA, OGAN KOMERING ULU SELATAN, SUMATERA SELATAN",3,40,92,132
https://kawalpemilu.org#19940,"TALANG PADANG, BUAY PEMACA, OGAN KOMERING ULU SELATAN, SUMATERA SELATAN",4,62,124,186
https://kawalpemilu.org#19940,"TALANG PADANG, BUAY PEMACA, OGAN KOMERING ULU SELATAN, SUMATERA SELATAN",5,51,142,193
https://kawalpemilu.org#19940,"TALANG PADANG, BUAY PEMACA, OGAN KOMERING ULU SELATAN, SUMATERA SELATAN",6,53,66,119
https://kawalpemilu.org#19940,"TALANG PADANG, BUAY PEMACA, OGAN KOMERING ULU SELATAN, SUMATERA SELATAN",7,41,94,135
https://kawalpemilu.org#19940,"TALANG PADANG, BUAY PEMACA, OGAN KOMERING ULU SELATAN, SUMATERA SELATAN",8,46,88,134
https://kawalpemilu.org#19941,"SRI MENANTI, BUAY PEMACA, OGAN KOMERING ULU SELATAN, SUMATERA SELATAN",1,68,110,178
https://kawalpemilu.org#19941,"SRI MENANTI, BUAY PEMACA, OGAN KOMERING ULU SELATAN, SUMATERA SELATAN",2,69,123,192
https://kawalpemilu.org#19941,"SRI MENANTI, BUAY PEMACA, OGAN KOMERING ULU SELATAN, SUMATERA SELATAN",3,155,106,261
https://kawalpemilu.org#19941,"SRI MENANTI, BUAY PEMACA, OGAN KOMERING ULU SELATAN, SUMATERA SELATAN",4,148,85,233
https://kawalpemilu.org#19941,"SRI MENANTI, BUAY PEMACA, OGAN KOMERING ULU SELATAN, SUMATERA SELATAN",5,183,64,247
https://kawalpemilu.org#19942,"SERAKAT JAYA, BUAY PEMACA, OGAN KOMERING ULU SELATAN, SUMATERA SELATAN",1,95,94,189
https://kawalpemilu.org#19942,"SERAKAT JAYA, BUAY PEMACA, OGAN KOMERING ULU SELATAN, SUMATERA SELATAN",2,126,63,189
https://kawalpemilu.org#19942,"SERAKAT JAYA, BUAY PEMACA, OGAN KOMERING ULU SELATAN, SUMATERA SELATAN",3,78,119,197
https://kawalpemilu.org#19942,"SERAKAT JAYA, BUAY PEMACA, OGAN KOMERING ULU SELATAN, SUMATERA SELATAN",4,146,33,179
https://kawalpemilu.org#19943,"KARET JAYA, BUAY PEMACA, OGAN KOMERING ULU SELATAN, SUMATERA SELATAN",1,49,147,196
https://kawalpemilu.org#19943,"KARET JAYA, BUAY PEMACA, OGAN KOMERING ULU SELATAN, SUMATERA SELATAN",2,76,44,120
https://kawalpemilu.org#19943,"KARET JAYA, BUAY PEMACA, OGAN KOMERING ULU SELATAN, SUMATERA SELATAN",3,168,63,231
https://kawalpemilu.org#19943,"KARET JAYA, BUAY PEMACA, OGAN KOMERING ULU SELATAN, SUMATERA SELATAN",4,72,40,112
https://kawalpemilu.org#19943,"KARET JAYA, BUAY PEMACA, OGAN KOMERING ULU SELATAN, SUMATERA SELATAN",5,104,89,193
https://kawalpemilu.org#19943,"KARET JAYA, BUAY PEMACA, OGAN KOMERING ULU SELATAN, SUMATERA SELATAN",6,62,70,132
https://kawalpemilu.org#19943,"KARET JAYA, BUAY PEMACA, OGAN KOMERING ULU SELATAN, SUMATERA SELATAN",7,96,77,173
https://kawalpemilu.org#19943,"KARET JAYA, BUAY PEMACA, OGAN KOMERING ULU SELATAN, SUMATERA SELATAN",8,25,82,107
https://kawalpemilu.org#19944,"DANAU JAYA, BUAY PEMACA, OGAN KOMERING ULU SELATAN, SUMATERA SELATAN",1,74,88,162
https://kawalpemilu.org#19944,"DANAU JAYA, BUAY PEMACA, OGAN KOMERING ULU SELATAN, SUMATERA SELATAN",2,122,50,172
https://kawalpemilu.org#19944,"DANAU JAYA, BUAY PEMACA, OGAN KOMERING ULU SELATAN, SUMATERA SELATAN",3,195,45,240
https://kawalpemilu.org#19944,"DANAU JAYA, BUAY PEMACA, OGAN KOMERING ULU SELATAN, SUMATERA SELATAN",4,202,37,239
https://kawalpemilu.org#19944,"DANAU JAYA, BUAY PEMACA, OGAN KOMERING ULU SELATAN, SUMATERA SELATAN",5,230,35,265
https://kawalpemilu.org#19944,"DANAU JAYA, BUAY PEMACA, OGAN KOMERING ULU SELATAN, SUMATERA SELATAN",6,238,10,248
https://kawalpemilu.org#19944,"DANAU JAYA, BUAY PEMACA, OGAN KOMERING ULU SELATAN, SUMATERA SELATAN",7,58,53,111
https://kawalpemilu.org#19944,"DANAU JAYA, BUAY PEMACA, OGAN KOMERING ULU SELATAN, SUMATERA SELATAN",8,97,54,151
https://kawalpemilu.org#19944,"DANAU JAYA, BUAY PEMACA, OGAN KOMERING ULU SELATAN, SUMATERA SELATAN",9,202,34,236
https://kawalpemilu.org#19944,"DANAU JAYA, BUAY PEMACA, OGAN KOMERING ULU SELATAN, SUMATERA SELATAN",10,216,15,231
https://kawalpemilu.org#19945,"SUMBER RINGIN, BUAY PEMACA, OGAN KOMERING ULU SELATAN, SUMATERA SELATAN",1,76,97,173
https://kawalpemilu.org#19945,"SUMBER RINGIN, BUAY PEMACA, OGAN KOMERING ULU SELATAN, SUMATERA SELATAN",2,85,30,115
https://kawalpemilu.org#19945,"SUMBER RINGIN, BUAY PEMACA, OGAN KOMERING ULU SELATAN, SUMATERA SELATAN",3,200,40,240
https://kawalpemilu.org#19945,"SUMBER RINGIN, BUAY PEMACA, OGAN KOMERING ULU SELATAN, SUMATERA SELATAN",4,62,147,209
https://kawalpemilu.org#19945,"SUMBER RINGIN, BUAY PEMACA, OGAN KOMERING ULU SELATAN, SUMATERA SELATAN",5,47,100,147
https://kawalpemilu.org#19945,"SUMBER RINGIN, BUAY PEMACA, OGAN KOMERING ULU SELATAN, SUMATERA SELATAN",6,57,125,182
https://kawalpemilu.org#19945,"SUMBER RINGIN, BUAY PEMACA, OGAN KOMERING ULU SELATAN, SUMATERA SELATAN",7,54,59,113
https://kawalpemilu.org#19946,"KEMBANG TINGGI, BUAY PEMACA, OGAN KOMERING ULU SELATAN, SUMATERA SELATAN",1,54,66,120
https://kawalpemilu.org#19946,"KEMBANG TINGGI, BUAY PEMACA, OGAN KOMERING ULU SELATAN, SUMATERA SELATAN",2,86,81,167
https://kawalpemilu.org#19946,"KEMBANG TINGGI, BUAY PEMACA, OGAN KOMERING ULU SELATAN, SUMATERA SELATAN",3,44,97,141
https://kawalpemilu.org#19946,"KEMBANG TINGGI, BUAY PEMACA, OGAN KOMERING ULU SELATAN, SUMATERA SELATAN",4,65,42,107
https://kawalpemilu.org#19946,"KEMBANG TINGGI, BUAY PEMACA, OGAN KOMERING ULU SELATAN, SUMATERA SELATAN",5,48,51,99
https://kawalpemilu.org#19946,"KEMBANG TINGGI, BUAY PEMACA, OGAN KOMERING ULU SELATAN, SUMATERA SELATAN",6,40,79,119
https://kawalpemilu.org#19947,"SIDO RAHAYU, BUAY PEMACA, OGAN KOMERING ULU SELATAN, SUMATERA SELATAN",1,131,25,156
https://kawalpemilu.org#19947,"SIDO RAHAYU, BUAY PEMACA, OGAN KOMERING ULU SELATAN, SUMATERA SELATAN",2,138,38,138
https://kawalpemilu.org#19947,"SIDO RAHAYU, BUAY PEMACA, OGAN KOMERING ULU SELATAN, SUMATERA SELATAN",3,127,14,141
https://kawalpemilu.org#19947,"SIDO RAHAYU, BUAY PEMACA, OGAN KOMERING ULU SELATAN, SUMATERA SELATAN",4,199,13,212
https://kawalpemilu.org#19947,"SIDO RAHAYU, BUAY PEMACA, OGAN KOMERING ULU SELATAN, SUMATERA SELATAN",5,160,22,182
https://kawalpemilu.org#19947,"SIDO RAHAYU, BUAY PEMACA, OGAN KOMERING ULU SELATAN, SUMATERA SELATAN",6,159,11,170
https://kawalpemilu.org#19947,"SIDO RAHAYU, BUAY PEMACA, OGAN KOMERING ULU SELATAN, SUMATERA SELATAN",7,129,10,139
https://kawalpemilu.org#19947,"SIDO RAHAYU, BUAY PEMACA, OGAN KOMERING ULU SELATAN, SUMATERA SELATAN",8,144,12,156
https://kawalpemilu.org#19947,"SIDO RAHAYU, BUAY PEMACA, OGAN KOMERING ULU SELATAN, SUMATERA SELATAN",9,73,99,172
https://kawalpemilu.org#19947,"SIDO RAHAYU, BUAY PEMACA, OGAN KOMERING ULU SELATAN, SUMATERA SELATAN",10,168,27,195
https://kawalpemilu.org#19947,"SIDO RAHAYU, BUAY PEMACA, OGAN KOMERING ULU SELATAN, SUMATERA SELATAN",11,168,8,176
https://kawalpemilu.org#19947,"SIDO RAHAYU, BUAY PEMACA, OGAN KOMERING ULU SELATAN, SUMATERA SELATAN",12,154,14,168
https://kawalpemilu.org#19947,"SIDO RAHAYU, BUAY PEMACA, OGAN KOMERING ULU SELATAN, SUMATERA SELATAN",13,98,47,145
https://kawalpemilu.org#19947,"SIDO RAHAYU, BUAY PEMACA, OGAN KOMERING ULU SELATAN, SUMATERA SELATAN",14,101,37,138
https://kawalpemilu.org#19948,"SIDODADI, BUAY PEMACA, OGAN KOMERING ULU SELATAN, SUMATERA SELATAN",1,124,44,168
https://kawalpemilu.org#19948,"SIDODADI, BUAY PEMACA, OGAN KOMERING ULU SELATAN, SUMATERA SELATAN",2,98,64,162
https://kawalpemilu.org#19948,"SIDODADI, BUAY PEMACA, OGAN KOMERING ULU SELATAN, SUMATERA SELATAN",3,53,51,104
https://kawalpemilu.org#19948,"SIDODADI, BUAY PEMACA, OGAN KOMERING ULU SELATAN, SUMATERA SELATAN",4,122,40,162
https://kawalpemilu.org#19948,"SIDODADI, BUAY PEMACA, OGAN KOMERING ULU SELATAN, SUMATERA SELATAN",5,131,65,196
https://kawalpemilu.org#19948,"SIDODADI, BUAY PEMACA, OGAN KOMERING ULU SELATAN, SUMATERA SELATAN",6,101,42,143
https://kawalpemilu.org#19949,"DURIAN SEMBILAN, BUAY PEMACA, OGAN KOMERING ULU SELATAN, SUMATERA SELATAN",1,95,65,160
https://kawalpemilu.org#19949,"DURIAN SEMBILAN, BUAY PEMACA, OGAN KOMERING ULU SELATAN, SUMATERA SELATAN",2,130,34,164
https://kawalpemilu.org#19949,"DURIAN SEMBILAN, BUAY PEMACA, OGAN KOMERING ULU SELATAN, SUMATERA SELATAN",3,180,35,215
https://kawalpemilu.org#19949,"DURIAN SEMBILAN, BUAY PEMACA, OGAN KOMERING ULU SELATAN, SUMATERA SELATAN",4,101,33,134
https://kawalpemilu.org#19949,"DURIAN SEMBILAN, BUAY PEMACA, OGAN KOMERING ULU SELATAN, SUMATERA SELATAN",5,72,64,136
https://kawalpemilu.org#19950,"SUMBER RAYA, BUAY PEMACA, OGAN KOMERING ULU SELATAN, SUMATERA SELATAN",1,52,61,113
https://kawalpemilu.org#19950,"SUMBER RAYA, BUAY PEMACA, OGAN KOMERING ULU SELATAN, SUMATERA SELATAN",2,87,74,161
https://kawalpemilu.org#19950,"SUMBER RAYA, BUAY PEMACA, OGAN KOMERING ULU SELATAN, SUMATERA SELATAN",3,53,69,122
https://kawalpemilu.org#19951,"SINAR NAPALAN, BUAY PEMACA, OGAN KOMERING ULU SELATAN, SUMATERA SELATAN",1,34,81,115
https://kawalpemilu.org#19951,"SINAR NAPALAN, BUAY PEMACA, OGAN KOMERING ULU SELATAN, SUMATERA SELATAN",2,69,36,105
https://kawalpemilu.org#19951,"SINAR NAPALAN, BUAY PEMACA, OGAN KOMERING ULU SELATAN, SUMATERA SELATAN",3,102,8,110
https://kawalpemilu.org#19951,"SINAR NAPALAN, BUAY PEMACA, OGAN KOMERING ULU SELATAN, SUMATERA SELATAN",4,41,88,129
https://kawalpemilu.org#19951,"SINAR NAPALAN, BUAY PEMACA, OGAN KOMERING ULU SELATAN, SUMATERA SELATAN",5,134,52,186
https://kawalpemilu.org#19951,"SINAR NAPALAN, BUAY PEMACA, OGAN KOMERING ULU SELATAN, SUMATERA SELATAN",6,143,53,196
https://kawalpemilu.org#19951,"SINAR NAPALAN, BUAY PEMACA, OGAN KOMERING ULU SELATAN, SUMATERA SELATAN",7,99,15,114
https://kawalpemilu.org#19951,"SINAR NAPALAN, BUAY PEMACA, OGAN KOMERING ULU SELATAN, SUMATERA SELATAN",8,124,33,157
https://kawalpemilu.org#19951,"SINAR NAPALAN, BUAY PEMACA, OGAN KOMERING ULU SELATAN, SUMATERA SELATAN",9,78,57,135
https://kawalpemilu.org#19952,"TANJUNG JAYA, BUAY PEMACA, OGAN KOMERING ULU SELATAN, SUMATERA SELATAN",1,88,47,135
https://kawalpemilu.org#19952,"TANJUNG JAYA, BUAY PEMACA, OGAN KOMERING ULU SELATAN, SUMATERA SELATAN",2,130,60,190
https://kawalpemilu.org#19952,"TANJUNG JAYA, BUAY PEMACA, OGAN KOMERING ULU SELATAN, SUMATERA SELATAN",3,104,34,138
https://kawalpemilu.org#19952,"TANJUNG JAYA, BUAY PEMACA, OGAN KOMERING ULU SELATAN, SUMATERA SELATAN",4,114,76,190
https://kawalpemilu.org#19952,"TANJUNG JAYA, BUAY PEMACA, OGAN KOMERING ULU SELATAN, SUMATERA SELATAN",5,148,82,230
https://kawalpemilu.org#19952,"TANJUNG JAYA, BUAY PEMACA, OGAN KOMERING ULU SELATAN, SUMATERA SELATAN",6,162,30,192
https://kawalpemilu.org#19952,"TANJUNG JAYA, BUAY PEMACA, OGAN KOMERING ULU SELATAN, SUMATERA SELATAN",7,92,7,99
https://kawalpemilu.org#19952,"TANJUNG JAYA, BUAY PEMACA, OGAN KOMERING ULU SELATAN, SUMATERA SELATAN",8,52,133,185
https://kawalpemilu.org#19952,"TANJUNG JAYA, BUAY PEMACA, OGAN KOMERING ULU SELATAN, SUMATERA SELATAN",9,102,48,150
https://kawalpemilu.org#19952,"TANJUNG JAYA, BUAY PEMACA, OGAN KOMERING ULU SELATAN, SUMATERA SELATAN",10,58,47,105
https://kawalpemilu.org#19952,"TANJUNG JAYA, BUAY PEMACA, OGAN KOMERING ULU SELATAN, SUMATERA SELATAN",11,36,45,81
https://kawalpemilu.org#19952,"TANJUNG JAYA, BUAY PEMACA, OGAN KOMERING ULU SELATAN, SUMATERA SELATAN",12,91,21,112
https://kawalpemilu.org#19953,"SINAR BARU, BUAY PEMACA, OGAN KOMERING ULU SELATAN, SUMATERA SELATAN",1,169,28,197
https://kawalpemilu.org#19953,"SINAR BARU, BUAY PEMACA, OGAN KOMERING ULU SELATAN, SUMATERA SELATAN",2,120,58,178
https://kawalpemilu.org#19953,"SINAR BARU, BUAY PEMACA, OGAN KOMERING ULU SELATAN, SUMATERA SELATAN",3,189,7,196
https://kawalpemilu.org#19953,"SINAR BARU, BUAY PEMACA, OGAN KOMERING ULU SELATAN, SUMATERA SELATAN",4,135,49,184
https://kawalpemilu.org#19953,"SINAR BARU, BUAY PEMACA, OGAN KOMERING ULU SELATAN, SUMATERA SELATAN",5,35,2,37
https://kawalpemilu.org#19953,"SINAR BARU, BUAY PEMACA, OGAN KOMERING ULU SELATAN, SUMATERA SELATAN",6,203,72,275
https://kawalpemilu.org#19953,"SINAR BARU, BUAY PEMACA, OGAN KOMERING ULU SELATAN, SUMATERA SELATAN",7,151,39,190
https://kawalpemilu.org#19953,"SINAR BARU, BUAY PEMACA, OGAN KOMERING ULU SELATAN, SUMATERA SELATAN",8,94,61,155
https://kawalpemilu.org#19953,"SINAR BARU, BUAY PEMACA, OGAN KOMERING ULU SELATAN, SUMATERA SELATAN",9,80,23,103
https://kawalpemilu.org#19953,"SINAR BARU, BUAY PEMACA, OGAN KOMERING ULU SELATAN, SUMATERA SELATAN",10,67,35,102
https://kawalpemilu.org#19953,"SINAR BARU, BUAY PEMACA, OGAN KOMERING ULU SELATAN, SUMATERA SELATAN",11,89,8,97
https://kawalpemilu.org#19954,"MEKAR JAYA, BUAY PEMACA, OGAN KOMERING ULU SELATAN, SUMATERA SELATAN",1,167,34,201
https://kawalpemilu.org#19954,"MEKAR JAYA, BUAY PEMACA, OGAN KOMERING ULU SELATAN, SUMATERA SELATAN",2,166,21,187
https://kawalpemilu.org#19954,"MEKAR JAYA, BUAY PEMACA, OGAN KOMERING ULU SELATAN, SUMATERA SELATAN",3,226,39,265
https://kawalpemilu.org#19954,"MEKAR JAYA, BUAY PEMACA, OGAN KOMERING ULU SELATAN, SUMATERA SELATAN",4,147,29,176
https://kawalpemilu.org#19954,"MEKAR JAYA, BUAY PEMACA, OGAN KOMERING ULU SELATAN, SUMATERA SELATAN",5,80,32,112
https://kawalpemilu.org#19954,"MEKAR JAYA, BUAY PEMACA, OGAN KOMERING ULU SELATAN, SUMATERA SELATAN",6,246,19,265
https://kawalpemilu.org#19954,"MEKAR JAYA, BUAY PEMACA, OGAN KOMERING ULU SELATAN, SUMATERA SELATAN",7,162,9,171
https://kawalpemilu.org#19954,"MEKAR JAYA, BUAY PEMACA, OGAN KOMERING ULU SELATAN, SUMATERA SELATAN",8,189,47,236
https://kawalpemilu.org#19954,"MEKAR JAYA, BUAY PEMACA, OGAN KOMERING ULU SELATAN, SUMATERA SELATAN",9,144,25,169
https://kawalpemilu.org#19954,"MEKAR JAYA, BUAY PEMACA, OGAN KOMERING ULU SELATAN, SUMATERA SELATAN",10,226,24,250
https://kawalpemilu.org#19955,"TANJUNG SARI, BUAY PEMACA, OGAN KOMERING ULU SELATAN, SUMATERA SELATAN",1,207,40,247
https://kawalpemilu.org#19955,"TANJUNG SARI, BUAY PEMACA, OGAN KOMERING ULU SELATAN, SUMATERA SELATAN",2,145,32,177
https://kawalpemilu.org#19955,"TANJUNG SARI, BUAY PEMACA, OGAN KOMERING ULU SELATAN, SUMATERA SELATAN",3,111,55,166
https://kawalpemilu.org#19956,"TANJUNG BARU, BUAY PEMACA, OGAN KOMERING ULU SELATAN, SUMATERA SELATAN",1,141,72,213
https://kawalpemilu.org#19956,"TANJUNG BARU, BUAY PEMACA, OGAN KOMERING ULU SELATAN, SUMATERA SELATAN",2,65,158,223
https://kawalpemilu.org#19956,"TANJUNG BARU, BUAY PEMACA, OGAN KOMERING ULU SELATAN, SUMATERA SELATAN",3,101,98,199
https://kawalpemilu.org#19957,"AIR KELIAN, BUAY PEMACA, OGAN KOMERING ULU SELATAN, SUMATERA SELATAN",1,56,120,176
https://kawalpemilu.org#19957,"AIR KELIAN, BUAY PEMACA, OGAN KOMERING ULU SELATAN, SUMATERA SELATAN",2,88,92,180
https://kawalpemilu.org#19958,"TANJUNG MENANG, BUAY PEMACA, OGAN KOMERING ULU SELATAN, SUMATERA SELATAN",1,63,124,187
https://kawalpemilu.org#19958,"TANJUNG MENANG, BUAY PEMACA, OGAN KOMERING ULU SELATAN, SUMATERA SELATAN",2,86,105,191
https://kawalpemilu.org#19960,"BALAYAN, KISAM TINGGI, OGAN KOMERING ULU SELATAN, SUMATERA SELATAN",1,76,101,177
https://kawalpemilu.org#19960,"BALAYAN, KISAM TINGGI, OGAN KOMERING ULU SELATAN, SUMATERA SELATAN",2,103,72,175
https://kawalpemilu.org#19960,"BALAYAN, KISAM TINGGI, OGAN KOMERING ULU SELATAN, SUMATERA SELATAN",3,36,57,93
https://kawalpemilu.org#19961,"BERASANG, KISAM TINGGI, OGAN KOMERING ULU SELATAN, SUMATERA SELATAN",1,90,142,232
https://kawalpemilu.org#19961,"BERASANG, KISAM TINGGI, OGAN KOMERING ULU SELATAN, SUMATERA SELATAN",2,57,104,161
https://kawalpemilu.org#19961,"BERASANG, KISAM TINGGI, OGAN KOMERING ULU SELATAN, SUMATERA SELATAN",3,40,114,154
https://kawalpemilu.org#19961,"BERASANG, KISAM TINGGI, OGAN KOMERING ULU SELATAN, SUMATERA SELATAN",4,107,45,152
https://kawalpemilu.org#19962,"TEBAT GABUS, KISAM TINGGI, OGAN KOMERING ULU SELATAN, SUMATERA SELATAN",1,57,100,157
https://kawalpemilu.org#19962,"TEBAT GABUS, KISAM TINGGI, OGAN KOMERING ULU SELATAN, SUMATERA SELATAN",2,29,117,146
https://kawalpemilu.org#19962,"TEBAT GABUS, KISAM TINGGI, OGAN KOMERING ULU SELATAN, SUMATERA SELATAN",3,67,134,201
https://kawalpemilu.org#19962,"TEBAT GABUS, KISAM TINGGI, OGAN KOMERING ULU SELATAN, SUMATERA SELATAN",4,82,123,205
https://kawalpemilu.org#19962,"TEBAT GABUS, KISAM TINGGI, OGAN KOMERING ULU SELATAN, SUMATERA SELATAN",5,123,88,211
https://kawalpemilu.org#19963,"PADANG LAY, KISAM TINGGI, OGAN KOMERING ULU SELATAN, SUMATERA SELATAN",1,53,95,148
https://kawalpemilu.org#19963,"PADANG LAY, KISAM TINGGI, OGAN KOMERING ULU SELATAN, SUMATERA SELATAN",2,39,109,148
https://kawalpemilu.org#19963,"PADANG LAY, KISAM TINGGI, OGAN KOMERING ULU SELATAN, SUMATERA SELATAN",3,54,226,280
https://kawalpemilu.org#19963,"PADANG LAY, KISAM TINGGI, OGAN KOMERING ULU SELATAN, SUMATERA SELATAN",4,39,153,192
https://kawalpemilu.org#19964,"DANAU RATA, KISAM TINGGI, OGAN KOMERING ULU SELATAN, SUMATERA SELATAN",1,86,71,157
https://kawalpemilu.org#19964,"DANAU RATA, KISAM TINGGI, OGAN KOMERING ULU SELATAN, SUMATERA SELATAN",2,45,101,146
https://kawalpemilu.org#19964,"DANAU RATA, KISAM TINGGI, OGAN KOMERING ULU SELATAN, SUMATERA SELATAN",3,98,105,203
https://kawalpemilu.org#19964,"DANAU RATA, KISAM TINGGI, OGAN KOMERING ULU SELATAN, SUMATERA SELATAN",4,122,83,205
https://kawalpemilu.org#19964,"DANAU RATA, KISAM TINGGI, OGAN KOMERING ULU SELATAN, SUMATERA SELATAN",5,62,47,109
https://kawalpemilu.org#19965,"PAJAR BULAN, KISAM TINGGI, OGAN KOMERING ULU SELATAN, SUMATERA SELATAN",1,20,212,232
https://kawalpemilu.org#19965,"PAJAR BULAN, KISAM TINGGI, OGAN KOMERING ULU SELATAN, SUMATERA SELATAN",2,19,174,193
https://kawalpemilu.org#19966,"BANDAR ALAM LAMA, KISAM TINGGI, OGAN KOMERING ULU SELATAN, SUMATERA SELATAN",1,74,168,242
https://kawalpemilu.org#19966,"BANDAR ALAM LAMA, KISAM TINGGI, OGAN KOMERING ULU SELATAN, SUMATERA SELATAN",2,112,28,140
https://kawalpemilu.org#19966,"BANDAR ALAM LAMA, KISAM TINGGI, OGAN KOMERING ULU SELATAN, SUMATERA SELATAN",3,138,41,179
https://kawalpemilu.org#19966,"BANDAR ALAM LAMA, KISAM TINGGI, OGAN KOMERING ULU SELATAN, SUMATERA SELATAN",4,129,29,158
https://kawalpemilu.org#19967,"MUARA PAYANG, KISAM TINGGI, OGAN KOMERING ULU SELATAN, SUMATERA SELATAN",1,106,71,177
https://kawalpemilu.org#19967,"MUARA PAYANG, KISAM TINGGI, OGAN KOMERING ULU SELATAN, SUMATERA SELATAN",2,135,90,225
https://kawalpemilu.org#19967,"MUARA PAYANG, KISAM TINGGI, OGAN KOMERING ULU SELATAN, SUMATERA SELATAN",3,100,58,158
https://kawalpemilu.org#19968,"SIRING AGUNG, KISAM TINGGI, OGAN KOMERING ULU SELATAN, SUMATERA SELATAN",1,71,63,134
https://kawalpemilu.org#19968,"SIRING AGUNG, KISAM TINGGI, OGAN KOMERING ULU SELATAN, SUMATERA SELATAN",2,88,70,158
https://kawalpemilu.org#19968,"SIRING AGUNG, KISAM TINGGI, OGAN KOMERING ULU SELATAN, SUMATERA SELATAN",3,71,63,134
https://kawalpemilu.org#19968,"SIRING AGUNG, KISAM TINGGI, OGAN KOMERING ULU SELATAN, SUMATERA SELATAN",4,65,45,110
https://kawalpemilu.org#19969,"KOTA PADANG, KISAM TINGGI, OGAN KOMERING ULU SELATAN, SUMATERA SELATAN",1,40,101,141
https://kawalpemilu.org#19969,"KOTA PADANG, KISAM TINGGI, OGAN KOMERING ULU SELATAN, SUMATERA SELATAN",2,42,91,133
https://kawalpemilu.org#19969,"KOTA PADANG, KISAM TINGGI, OGAN KOMERING ULU SELATAN, SUMATERA SELATAN",3,42,101,143
https://kawalpemilu.org#19969,"KOTA PADANG, KISAM TINGGI, OGAN KOMERING ULU SELATAN, SUMATERA SELATAN",4,32,74,106
https://kawalpemilu.org#19970,"PADANG BINDU, KISAM TINGGI, OGAN KOMERING ULU SELATAN, SUMATERA SELATAN",1,59,98,157
https://kawalpemilu.org#19970,"PADANG BINDU, KISAM TINGGI, OGAN KOMERING ULU SELATAN, SUMATERA SELATAN",2,59,104,163
https://kawalpemilu.org#19970,"PADANG BINDU, KISAM TINGGI, OGAN KOMERING ULU SELATAN, SUMATERA SELATAN",3,55,72,127
https://kawalpemilu.org#19971,"TENANG, KISAM TINGGI, OGAN KOMERING ULU SELATAN, SUMATERA SELATAN",1,58,73,131
https://kawalpemilu.org#19971,"TENANG, KISAM TINGGI, OGAN KOMERING ULU SELATAN, SUMATERA SELATAN",2,74,37,111
https://kawalpemilu.org#19971,"TENANG, KISAM TINGGI, OGAN KOMERING ULU SELATAN, SUMATERA SELATAN",3,104,53,157
https://kawalpemilu.org#19971,"TENANG, KISAM TINGGI, OGAN KOMERING ULU SELATAN, SUMATERA SELATAN",4,109,64,173
https://kawalpemilu.org#19972,"GUNUNG MEGANG, KISAM TINGGI, OGAN KOMERING ULU SELATAN, SUMATERA SELATAN",1,120,106,226
https://kawalpemilu.org#19972,"GUNUNG MEGANG, KISAM TINGGI, OGAN KOMERING ULU SELATAN, SUMATERA SELATAN",2,139,24,163
https://kawalpemilu.org#19972,"GUNUNG MEGANG, KISAM TINGGI, OGAN KOMERING ULU SELATAN, SUMATERA SELATAN",3,96,40,136
https://kawalpemilu.org#19973,"ULAK PANDAN, KISAM TINGGI, OGAN KOMERING ULU SELATAN, SUMATERA SELATAN",1,42,82,124
https://kawalpemilu.org#19973,"ULAK PANDAN, KISAM TINGGI, OGAN KOMERING ULU SELATAN, SUMATERA SELATAN",2,39,93,132
https://kawalpemilu.org#19973,"ULAK PANDAN, KISAM TINGGI, OGAN KOMERING ULU SELATAN, SUMATERA SELATAN",3,58,92,150
https://kawalpemilu.org#19973,"ULAK PANDAN, KISAM TINGGI, OGAN KOMERING ULU SELATAN, SUMATERA SELATAN",4,42,72,114
https://kawalpemilu.org#19973,"ULAK PANDAN, KISAM TINGGI, OGAN KOMERING ULU SELATAN, SUMATERA SELATAN",5,102,149,251
https://kawalpemilu.org#19974,"PULAU PANGGUNG, KISAM TINGGI, OGAN KOMERING ULU SELATAN, SUMATERA SELATAN",1,54,108,162
https://kawalpemilu.org#19974,"PULAU PANGGUNG, KISAM TINGGI, OGAN KOMERING ULU SELATAN, SUMATERA SELATAN",2,64,76,140
https://kawalpemilu.org#19974,"PULAU PANGGUNG, KISAM TINGGI, OGAN KOMERING ULU SELATAN, SUMATERA SELATAN",3,25,133,158
https://kawalpemilu.org#19974,"PULAU PANGGUNG, KISAM TINGGI, OGAN KOMERING ULU SELATAN, SUMATERA SELATAN",4,36,118,154
https://kawalpemilu.org#19974,"PULAU PANGGUNG, KISAM TINGGI, OGAN KOMERING ULU SELATAN, SUMATERA SELATAN",5,54,109,163
https://kawalpemilu.org#19974,"PULAU PANGGUNG, KISAM TINGGI, OGAN KOMERING ULU SELATAN, SUMATERA SELATAN",6,56,112,168
https://kawalpemilu.org#19974,"PULAU PANGGUNG, KISAM TINGGI, OGAN KOMERING ULU SELATAN, SUMATERA SELATAN",7,57,148,205
https://kawalpemilu.org#19975,"SIMPANG TIGA, KISAM TINGGI, OGAN KOMERING ULU SELATAN, SUMATERA SELATAN",1,204,44,248
https://kawalpemilu.org#19975,"SIMPANG TIGA, KISAM TINGGI, OGAN KOMERING ULU SELATAN, SUMATERA SELATAN",2,190,72,262
https://kawalpemilu.org#19976,"SIMPANG EMPAT, KISAM TINGGI, OGAN KOMERING ULU SELATAN, SUMATERA SELATAN",1,124,31,155
https://kawalpemilu.org#19976,"SIMPANG EMPAT, KISAM TINGGI, OGAN KOMERING ULU SELATAN, SUMATERA SELATAN",2,129,21,150
https://kawalpemilu.org#19976,"SIMPANG EMPAT, KISAM TINGGI, OGAN KOMERING ULU SELATAN, SUMATERA SELATAN",3,249,25,274
https://kawalpemilu.org#19976,"SIMPANG EMPAT, KISAM TINGGI, OGAN KOMERING ULU SELATAN, SUMATERA SELATAN",4,178,50,228
https://kawalpemilu.org#19977,"SINGA LAGA, KISAM TINGGI, OGAN KOMERING ULU SELATAN, SUMATERA SELATAN",1,143,54,197
https://kawalpemilu.org#19977,"SINGA LAGA, KISAM TINGGI, OGAN KOMERING ULU SELATAN, SUMATERA SELATAN",2,131,54,185
https://kawalpemilu.org#19977,"SINGA LAGA, KISAM TINGGI, OGAN KOMERING ULU SELATAN, SUMATERA SELATAN",3,189,53,242
https://kawalpemilu.org#19977,"SINGA LAGA, KISAM TINGGI, OGAN KOMERING ULU SELATAN, SUMATERA SELATAN",4,115,64,179
https://kawalpemilu.org#19978,"AIR ALUN, KISAM TINGGI, OGAN KOMERING ULU SELATAN, SUMATERA SELATAN",1,124,41,165
https://kawalpemilu.org#19978,"AIR ALUN, KISAM TINGGI, OGAN KOMERING ULU SELATAN, SUMATERA SELATAN",2,110,21,131
https://kawalpemilu.org#19978,"AIR ALUN, KISAM TINGGI, OGAN KOMERING ULU SELATAN, SUMATERA SELATAN",3,98,21,119
https://kawalpemilu.org#19978,"AIR ALUN, KISAM TINGGI, OGAN KOMERING ULU SELATAN, SUMATERA SELATAN",4,181,29,210
https://kawalpemilu.org#19980,"PIUS, KISAM ILIR, OGAN KOMERING ULU SELATAN, SUMATERA SELATAN",1,79,79,158
https://kawalpemilu.org#19980,"PIUS, KISAM ILIR, OGAN KOMERING ULU SELATAN, SUMATERA SELATAN",2,103,107,210
https://kawalpemilu.org#19980,"PIUS, KISAM ILIR, OGAN KOMERING ULU SELATAN, SUMATERA SELATAN",3,87,83,170
https://kawalpemilu.org#19981,"PENGANDONAN, KISAM ILIR, OGAN KOMERING ULU SELATAN, SUMATERA SELATAN",1,74,66,140
https://kawalpemilu.org#19981,"PENGANDONAN, KISAM ILIR, OGAN KOMERING ULU SELATAN, SUMATERA SELATAN",2,78,107,185
https://kawalpemilu.org#19981,"PENGANDONAN, KISAM ILIR, OGAN KOMERING ULU SELATAN, SUMATERA SELATAN",3,90,93,183
https://kawalpemilu.org#19982,"SIRING ALAM, KISAM ILIR, OGAN KOMERING ULU SELATAN, SUMATERA SELATAN",1,60,78,138
https://kawalpemilu.org#19982,"SIRING ALAM, KISAM ILIR, OGAN KOMERING ULU SELATAN, SUMATERA SELATAN",2,15,55,70
https://kawalpemilu.org#19982,"SIRING ALAM, KISAM ILIR, OGAN KOMERING ULU SELATAN, SUMATERA SELATAN",3,53,52,105
https://kawalpemilu.org#19983,"SIMPANG CAMPANG, KISAM ILIR, OGAN KOMERING ULU SELATAN, SUMATERA SELATAN",1,74,72,146
https://kawalpemilu.org#19983,"SIMPANG CAMPANG, KISAM ILIR, OGAN KOMERING ULU SELATAN, SUMATERA SELATAN",2,83,135,218
https://kawalpemilu.org#19983,"SIMPANG CAMPANG, KISAM ILIR, OGAN KOMERING ULU SELATAN, SUMATERA SELATAN",3,45,130,175
https://kawalpemilu.org#19983,"SIMPANG CAMPANG, KISAM ILIR, OGAN KOMERING ULU SELATAN, SUMATERA SELATAN",5,41,80,121
https://kawalpemilu.org#19983,"SIMPANG CAMPANG, KISAM ILIR, OGAN KOMERING ULU SELATAN, SUMATERA SELATAN",6,50,92,142
https://kawalpemilu.org#19983,"SIMPANG CAMPANG, KISAM ILIR, OGAN KOMERING ULU SELATAN, SUMATERA SELATAN",7,64,11,75
https://kawalpemilu.org#19984,"PULAU KEMILING, KISAM ILIR, OGAN KOMERING ULU SELATAN, SUMATERA SELATAN",1,50,121,171
https://kawalpemilu.org#19984,"PULAU KEMILING, KISAM ILIR, OGAN KOMERING ULU SELATAN, SUMATERA SELATAN",2,42,114,156
https://kawalpemilu.org#19985,"KEBAN AGUNG, KISAM ILIR, OGAN KOMERING ULU SELATAN, SUMATERA SELATAN",1,64,129,193
https://kawalpemilu.org#19985,"KEBAN AGUNG, KISAM ILIR, OGAN KOMERING ULU SELATAN, SUMATERA SELATAN",2,63,74,137
https://kawalpemilu.org#19985,"KEBAN AGUNG, KISAM ILIR, OGAN KOMERING ULU SELATAN, SUMATERA SELATAN",3,74,22,96
https://kawalpemilu.org#19986,"MUARA SINDANG, KISAM ILIR, OGAN KOMERING ULU SELATAN, SUMATERA SELATAN",1,76,69,145
https://kawalpemilu.org#19986,"MUARA SINDANG, KISAM ILIR, OGAN KOMERING ULU SELATAN, SUMATERA SELATAN",2,76,105,181
https://kawalpemilu.org#19986,"MUARA SINDANG, KISAM ILIR, OGAN KOMERING ULU SELATAN, SUMATERA SELATAN",3,54,74,128
https://kawalpemilu.org#19987,"CAMPANG JAYA, KISAM ILIR, OGAN KOMERING ULU SELATAN, SUMATERA SELATAN",1,114,107,221
https://kawalpemilu.org#19987,"CAMPANG JAYA, KISAM ILIR, OGAN KOMERING ULU SELATAN, SUMATERA SELATAN",2,78,72,150
https://kawalpemilu.org#19987,"CAMPANG JAYA, KISAM ILIR, OGAN KOMERING ULU SELATAN, SUMATERA SELATAN",3,87,46,133
https://kawalpemilu.org#19988,"TANJUNG JATI, KISAM ILIR, OGAN KOMERING ULU SELATAN, SUMATERA SELATAN",1,100,93,193
https://kawalpemilu.org#19988,"TANJUNG JATI, KISAM ILIR, OGAN KOMERING ULU SELATAN, SUMATERA SELATAN",2,37,46,83
https://kawalpemilu.org#19990,"SIMPANG SENDER, BUAY PEMATANG RIBU RANAU TENGAH, OGAN KOMERING ULU SELATAN, SUMATERA SELATAN",1,69,160,229
https://kawalpemilu.org#19990,"SIMPANG SENDER, BUAY PEMATANG RIBU RANAU TENGAH, OGAN KOMERING ULU SELATAN, SUMATERA SELATAN",2,136,34,170
https://kawalpemilu.org#19990,"SIMPANG SENDER, BUAY PEMATANG RIBU RANAU TENGAH, OGAN KOMERING ULU SELATAN, SUMATERA SELATAN",3,68,102,170
https://kawalpemilu.org#19990,"SIMPANG SENDER, BUAY PEMATANG RIBU RANAU TENGAH, OGAN KOMERING ULU SELATAN, SUMATERA SELATAN",4,88,123,211
https://kawalpemilu.org#19990,"SIMPANG SENDER, BUAY PEMATANG RIBU RANAU TENGAH, OGAN KOMERING ULU SELATAN, SUMATERA SELATAN",5,118,162,280
https://kawalpemilu.org#19990,"SIMPANG SENDER, BUAY PEMATANG RIBU RANAU TENGAH, OGAN KOMERING ULU SELATAN, SUMATERA SELATAN",6,62,166,228
https://kawalpemilu.org#19990,"SIMPANG SENDER, BUAY PEMATANG RIBU RANAU TENGAH, OGAN KOMERING ULU SELATAN, SUMATERA SELATAN",7,130,136,266
https://kawalpemilu.org#19990,"SIMPANG SENDER, BUAY PEMATANG RIBU RANAU TENGAH, OGAN KOMERING ULU SELATAN, SUMATERA SELATAN",8,75,88,163
https://kawalpemilu.org#19990,"SIMPANG SENDER, BUAY PEMATANG RIBU RANAU TENGAH, OGAN KOMERING ULU SELATAN, SUMATERA SELATAN",9,79,146,225
https://kawalpemilu.org#19990,"SIMPANG SENDER, BUAY PEMATANG RIBU RANAU TENGAH, OGAN KOMERING ULU SELATAN, SUMATERA SELATAN",10,97,134,231
https://kawalpemilu.org#19990,"SIMPANG SENDER, BUAY PEMATANG RIBU RANAU TENGAH, OGAN KOMERING ULU SELATAN, SUMATERA SELATAN",11,73,114,187
https://kawalpemilu.org#19990,"SIMPANG SENDER, BUAY PEMATANG RIBU RANAU TENGAH, OGAN KOMERING ULU SELATAN, SUMATERA SELATAN",12,94,101,195
https://kawalpemilu.org#19990,"SIMPANG SENDER, BUAY PEMATANG RIBU RANAU TENGAH, OGAN KOMERING ULU SELATAN, SUMATERA SELATAN",13,77,78,155
https://kawalpemilu.org#19991,"TANJUNG KEMALA, BUAY PEMATANG RIBU RANAU TENGAH, OGAN KOMERING ULU SELATAN, SUMATERA SELATAN",1,22,96,118
https://kawalpemilu.org#19991,"TANJUNG KEMALA, BUAY PEMATANG RIBU RANAU TENGAH, OGAN KOMERING ULU SELATAN, SUMATERA SELATAN",2,50,87,137
https://kawalpemilu.org#19991,"TANJUNG KEMALA, BUAY PEMATANG RIBU RANAU TENGAH, OGAN KOMERING ULU SELATAN, SUMATERA SELATAN",3,33,85,118
https://kawalpemilu.org#19992,"SUKAMARGA, BUAY PEMATANG RIBU RANAU TENGAH, OGAN KOMERING ULU SELATAN, SUMATERA SELATAN",1,45,126,171
https://kawalpemilu.org#19992,"SUKAMARGA, BUAY PEMATANG RIBU RANAU TENGAH, OGAN KOMERING ULU SELATAN, SUMATERA SELATAN",2,64,126,190
https://kawalpemilu.org#19992,"SUKAMARGA, BUAY PEMATANG RIBU RANAU TENGAH, OGAN KOMERING ULU SELATAN, SUMATERA SELATAN",3,46,106,152
https://kawalpemilu.org#19992,"SUKAMARGA, BUAY PEMATANG RIBU RANAU TENGAH, OGAN KOMERING ULU SELATAN, SUMATERA SELATAN",4,59,125,184
https://kawalpemilu.org#19993,"SUBIK, BUAY PEMATANG RIBU RANAU TENGAH, OGAN KOMERING ULU SELATAN, SUMATERA SELATAN",1,38,115,115
https://kawalpemilu.org#19994,"JEPARA, BUAY PEMATANG RIBU RANAU TENGAH, OGAN KOMERING ULU SELATAN, SUMATERA SELATAN",1,87,72,159
https://kawalpemilu.org#19994,"JEPARA, BUAY PEMATANG RIBU RANAU TENGAH, OGAN KOMERING ULU SELATAN, SUMATERA SELATAN",2,67,82,149
https://kawalpemilu.org#19995,"HANGKUSA, BUAY PEMATANG RIBU RANAU TENGAH, OGAN KOMERING ULU SELATAN, SUMATERA SELATAN",1,45,131,176
https://kawalpemilu.org#19995,"HANGKUSA, BUAY PEMATANG RIBU RANAU TENGAH, OGAN KOMERING ULU SELATAN, SUMATERA SELATAN",2,59,102,161
https://kawalpemilu.org#19996,"SUKARAMI, BUAY PEMATANG RIBU RANAU TENGAH, OGAN KOMERING ULU SELATAN, SUMATERA SELATAN",1,19,127,146
https://kawalpemilu.org#19996,"SUKARAMI, BUAY PEMATANG RIBU RANAU TENGAH, OGAN KOMERING ULU SELATAN, SUMATERA SELATAN",2,67,82,149
https://kawalpemilu.org#19996,"SUKARAMI, BUAY PEMATANG RIBU RANAU TENGAH, OGAN KOMERING ULU SELATAN, SUMATERA SELATAN",3,26,128,154
https://kawalpemilu.org#19996,"SUKARAMI, BUAY PEMATANG RIBU RANAU TENGAH, OGAN KOMERING ULU SELATAN, SUMATERA SELATAN",4,60,120,180
https://kawalpemilu.org#19997,"PADANG RATU, BUAY PEMATANG RIBU RANAU TENGAH, OGAN KOMERING ULU SELATAN, SUMATERA SELATAN",1,84,89,173
https://kawalpemilu.org#19997,"PADANG RATU, BUAY PEMATANG RIBU RANAU TENGAH, OGAN KOMERING ULU SELATAN, SUMATERA SELATAN",2,132,82,220
https://kawalpemilu.org#19998,"TANJUNG SETIA, BUAY PEMATANG RIBU RANAU TENGAH, OGAN KOMERING ULU SELATAN, SUMATERA SELATAN",1,61,77,136
https://kawalpemilu.org#19998,"TANJUNG SETIA, BUAY PEMATANG RIBU RANAU TENGAH, OGAN KOMERING ULU SELATAN, SUMATERA SELATAN",2,123,63,186
https://kawalpemilu.org#19998,"TANJUNG SETIA, BUAY PEMATANG RIBU RANAU TENGAH, OGAN KOMERING ULU SELATAN, SUMATERA SELATAN",3,65,90,155
https://kawalpemilu.org#19998,"TANJUNG SETIA, BUAY PEMATANG RIBU RANAU TENGAH, OGAN KOMERING ULU SELATAN, SUMATERA SELATAN",4,133,55,188
https://kawalpemilu.org#19999,"GEDUNG BARU, BUAY PEMATANG RIBU RANAU TENGAH, OGAN KOMERING ULU SELATAN, SUMATERA SELATAN",1,34,92,126
https://kawalpemilu.org#19999,"GEDUNG BARU, BUAY PEMATANG RIBU RANAU TENGAH, OGAN KOMERING ULU SELATAN, SUMATERA SELATAN",2,24,92,116
https://kawalpemilu.org#20000,"TANJUNG SARI, BUAY PEMATANG RIBU RANAU TENGAH, OGAN KOMERING ULU SELATAN, SUMATERA SELATAN",1,62,72,134
https://kawalpemilu.org#20000,"TANJUNG SARI, BUAY PEMATANG RIBU RANAU TENGAH, OGAN KOMERING ULU SELATAN, SUMATERA SELATAN",2,62,72,134
https://kawalpemilu.org#20001,"SUKA BUMI, BUAY PEMATANG RIBU RANAU TENGAH, OGAN KOMERING ULU SELATAN, SUMATERA SELATAN",1,62,115,177
https://kawalpemilu.org#20001,"SUKA BUMI, BUAY PEMATANG RIBU RANAU TENGAH, OGAN KOMERING ULU SELATAN, SUMATERA SELATAN",2,78,107,185
https://kawalpemilu.org#20002,"SUMBER MULIA, BUAY PEMATANG RIBU RANAU TENGAH, OGAN KOMERING ULU SELATAN, SUMATERA SELATAN",1,90,72,162
https://kawalpemilu.org#20002,"SUMBER MULIA, BUAY PEMATANG RIBU RANAU TENGAH, OGAN KOMERING ULU SELATAN, SUMATERA SELATAN",2,82,78,160
https://kawalpemilu.org#20002,"SUMBER MULIA, BUAY PEMATANG RIBU RANAU TENGAH, OGAN KOMERING ULU SELATAN, SUMATERA SELATAN",3,145,99,244
https://kawalpemilu.org#20002,"SUMBER MULIA, BUAY PEMATANG RIBU RANAU TENGAH, OGAN KOMERING ULU SELATAN, SUMATERA SELATAN",4,118,158,276
https://kawalpemilu.org#20002,"SUMBER MULIA, BUAY PEMATANG RIBU RANAU TENGAH, OGAN KOMERING ULU SELATAN, SUMATERA SELATAN",5,72,41,113
https://kawalpemilu.org#20002,"SUMBER MULIA, BUAY PEMATANG RIBU RANAU TENGAH, OGAN KOMERING ULU SELATAN, SUMATERA SELATAN",6,92,82,174
https://kawalpemilu.org#20002,"SUMBER MULIA, BUAY PEMATANG RIBU RANAU TENGAH, OGAN KOMERING ULU SELATAN, SUMATERA SELATAN",7,56,85,141
https://kawalpemilu.org#20003,"WAY RELAI, BUAY PEMATANG RIBU RANAU TENGAH, OGAN KOMERING ULU SELATAN, SUMATERA SELATAN",1,45,120,165
https://kawalpemilu.org#20003,"WAY RELAI, BUAY PEMATANG RIBU RANAU TENGAH, OGAN KOMERING ULU SELATAN, SUMATERA SELATAN",2,57,129,186
https://kawalpemilu.org#20004,"TANJUNG BARU RANAU, BUAY PEMATANG RIBU RANAU TENGAH, OGAN KOMERING ULU SELATAN, SUMATERA SELATAN",1,25,92,117
https://kawalpemilu.org#20004,"TANJUNG BARU RANAU, BUAY PEMATANG RIBU RANAU TENGAH, OGAN KOMERING ULU SELATAN, SUMATERA SELATAN",2,15,92,107
https://kawalpemilu.org#20005,"SIMPANG SENDER SELATAN, BUAY PEMATANG RIBU RANAU TENGAH, OGAN KOMERING ULU SELATAN, SUMATERA SELATAN",1,127,54,181
https://kawalpemilu.org#20005,"SIMPANG SENDER SELATAN, BUAY PEMATANG RIBU RANAU TENGAH, OGAN KOMERING ULU SELATAN, SUMATERA SELATAN",2,136,34,170
https://kawalpemilu.org#20005,"SIMPANG SENDER SELATAN, BUAY PEMATANG RIBU RANAU TENGAH, OGAN KOMERING ULU SELATAN, SUMATERA SELATAN",3,116,70,186
https://kawalpemilu.org#20006,"SIMPANG SENDER UTARA, BUAY PEMATANG RIBU RANAU TENGAH, OGAN KOMERING ULU SELATAN, SUMATERA SELATAN",1,208,44,252
https://kawalpemilu.org#20006,"SIMPANG SENDER UTARA, BUAY PEMATANG RIBU RANAU TENGAH, OGAN KOMERING ULU SELATAN, SUMATERA SELATAN",2,151,23,174
https://kawalpemilu.org#20006,"SIMPANG SENDER UTARA, BUAY PEMATANG RIBU RANAU TENGAH, OGAN KOMERING ULU SELATAN, SUMATERA SELATAN",3,98,54,152
https://kawalpemilu.org#20006,"SIMPANG SENDER UTARA, BUAY PEMATANG RIBU RANAU TENGAH, OGAN KOMERING ULU SELATAN, SUMATERA SELATAN",4,181,17,198
https://kawalpemilu.org#20006,"SIMPANG SENDER UTARA, BUAY PEMATANG RIBU RANAU TENGAH, OGAN KOMERING ULU SELATAN, SUMATERA SELATAN",5,109,35,144
https://kawalpemilu.org#20006,"SIMPANG SENDER UTARA, BUAY PEMATANG RIBU RANAU TENGAH, OGAN KOMERING ULU SELATAN, SUMATERA SELATAN",6,97,53,150
https://kawalpemilu.org#20007,"SIMPANG SENDER TIMUR, BUAY PEMATANG RIBU RANAU TENGAH, OGAN KOMERING ULU SELATAN, SUMATERA SELATAN",1,64,94,158
https://kawalpemilu.org#20007,"SIMPANG SENDER TIMUR, BUAY PEMATANG RIBU RANAU TENGAH, OGAN KOMERING ULU SELATAN, SUMATERA SELATAN",2,26,134,160
https://kawalpemilu.org#20007,"SIMPANG SENDER TIMUR, BUAY PEMATANG RIBU RANAU TENGAH, OGAN KOMERING ULU SELATAN, SUMATERA SELATAN",3,86,92,178
https://kawalpemilu.org#20007,"SIMPANG SENDER TIMUR, BUAY PEMATANG RIBU RANAU TENGAH, OGAN KOMERING ULU SELATAN, SUMATERA SELATAN",4,45,81,126
https://kawalpemilu.org#20008,"SIMPANG SENDER TENGAH, BUAY PEMATANG RIBU RANAU TENGAH, OGAN KOMERING ULU SELATAN, SUMATERA SELATAN",1,64,99,163
https://kawalpemilu.org#20008,"SIMPANG SENDER TENGAH, BUAY PEMATANG RIBU RANAU TENGAH, OGAN KOMERING ULU SELATAN, SUMATERA SELATAN",2,153,45,198
https://kawalpemilu.org#20008,"SIMPANG SENDER TENGAH, BUAY PEMATANG RIBU RANAU TENGAH, OGAN KOMERING ULU SELATAN, SUMATERA SELATAN",3,52,96,148
https://kawalpemilu.org#20009,"SUMBER JAYA, BUAY PEMATANG RIBU RANAU TENGAH, OGAN KOMERING ULU SELATAN, SUMATERA SELATAN",1,201,49,250
https://kawalpemilu.org#20009,"SUMBER JAYA, BUAY PEMATANG RIBU RANAU TENGAH, OGAN KOMERING ULU SELATAN, SUMATERA SELATAN",2,215,63,278
https://kawalpemilu.org#20009,"SUMBER JAYA, BUAY PEMATANG RIBU RANAU TENGAH, OGAN KOMERING ULU SELATAN, SUMATERA SELATAN",3,237,23,260
https://kawalpemilu.org#20009,"SUMBER JAYA, BUAY PEMATANG RIBU RANAU TENGAH, OGAN KOMERING ULU SELATAN, SUMATERA SELATAN",4,210,56,266
https://kawalpemilu.org#20009,"SUMBER JAYA, BUAY PEMATANG RIBU RANAU TENGAH, OGAN KOMERING ULU SELATAN, SUMATERA SELATAN",5,69,77,146
https://kawalpemilu.org#20009,"SUMBER JAYA, BUAY PEMATANG RIBU RANAU TENGAH, OGAN KOMERING ULU SELATAN, SUMATERA SELATAN",6,93,45,138
https://kawalpemilu.org#91913,"PAKHDA SUKA, BUAY PEMATANG RIBU RANAU TENGAH, OGAN KOMERING ULU SELATAN, SUMATERA SELATAN",1,53,120,173
https://kawalpemilu.org#91914,"SERUMPUN JAYA, BUAY PEMATANG RIBU RANAU TENGAH, OGAN KOMERING ULU SELATAN, SUMATERA SELATAN",1,61,93,154
https://kawalpemilu.org#91914,"SERUMPUN JAYA, BUAY PEMATANG RIBU RANAU TENGAH, OGAN KOMERING ULU SELATAN, SUMATERA SELATAN",2,49,76,125
https://kawalpemilu.org#20013,"SUKAJAYA, WARKUK RANAU SELATAN, OGAN KOMERING ULU SELATAN, SUMATERA SELATAN",1,32,148,180
https://kawalpemilu.org#20013,"SUKAJAYA, WARKUK RANAU SELATAN, OGAN KOMERING ULU SELATAN, SUMATERA SELATAN",2,33,145,178
https://kawalpemilu.org#20014,"KOTA BATU, WARKUK RANAU SELATAN, OGAN KOMERING ULU SELATAN, SUMATERA SELATAN",1,59,78,137
https://kawalpemilu.org#20014,"KOTA BATU, WARKUK RANAU SELATAN, OGAN KOMERING ULU SELATAN, SUMATERA SELATAN",2,61,118,179
https://kawalpemilu.org#20014,"KOTA BATU, WARKUK RANAU SELATAN, OGAN KOMERING ULU SELATAN, SUMATERA SELATAN",3,41,82,123
https://kawalpemilu.org#20014,"KOTA BATU, WARKUK RANAU SELATAN, OGAN KOMERING ULU SELATAN, SUMATERA SELATAN",4,34,88,122
https://kawalpemilu.org#20014,"KOTA BATU, WARKUK RANAU SELATAN, OGAN KOMERING ULU SELATAN, SUMATERA SELATAN",5,43,85,128
https://kawalpemilu.org#20014,"KOTA BATU, WARKUK RANAU SELATAN, OGAN KOMERING ULU SELATAN, SUMATERA SELATAN",6,79,49,128
https://kawalpemilu.org#20014,"KOTA BATU, WARKUK RANAU SELATAN, OGAN KOMERING ULU SELATAN, SUMATERA SELATAN",7,187,41,228
https://kawalpemilu.org#20014,"KOTA BATU, WARKUK RANAU SELATAN, OGAN KOMERING ULU SELATAN, SUMATERA SELATAN",8,50,69,119
https://kawalpemilu.org#20014,"KOTA BATU, WARKUK RANAU SELATAN, OGAN KOMERING ULU SELATAN, SUMATERA SELATAN",9,27,89,116
https://kawalpemilu.org#20014,"KOTA BATU, WARKUK RANAU SELATAN, OGAN KOMERING ULU SELATAN, SUMATERA SELATAN",10,46,83,129
https://kawalpemilu.org#20014,"KOTA BATU, WARKUK RANAU SELATAN, OGAN KOMERING ULU SELATAN, SUMATERA SELATAN",11,35,89,124
https://kawalpemilu.org#20014,"KOTA BATU, WARKUK RANAU SELATAN, OGAN KOMERING ULU SELATAN, SUMATERA SELATAN",12,78,42,120
https://kawalpemilu.org#20015,"PAGAR DEWA, WARKUK RANAU SELATAN, OGAN KOMERING ULU SELATAN, SUMATERA SELATAN",1,12,152,164
https://kawalpemilu.org#20015,"PAGAR DEWA, WARKUK RANAU SELATAN, OGAN KOMERING ULU SELATAN, SUMATERA SELATAN",2,25,111,136
https://kawalpemilu.org#20015,"PAGAR DEWA, WARKUK RANAU SELATAN, OGAN KOMERING ULU SELATAN, SUMATERA SELATAN",3,101,191,292
https://kawalpemilu.org#20015,"PAGAR DEWA, WARKUK RANAU SELATAN, OGAN KOMERING ULU SELATAN, SUMATERA SELATAN",4,11,129,140
https://kawalpemilu.org#20015,"PAGAR DEWA, WARKUK RANAU SELATAN, OGAN KOMERING ULU SELATAN, SUMATERA SELATAN",5,102,75,177
https://kawalpemilu.org#20016,"TANJUNG JATI, WARKUK RANAU SELATAN, OGAN KOMERING ULU SELATAN, SUMATERA SELATAN",1,40,160,200
https://kawalpemilu.org#20016,"TANJUNG JATI, WARKUK RANAU SELATAN, OGAN KOMERING ULU SELATAN, SUMATERA SELATAN",2,49,167,216
https://kawalpemilu.org#20016,"TANJUNG JATI, WARKUK RANAU SELATAN, OGAN KOMERING ULU SELATAN, SUMATERA SELATAN",3,21,177,198
https://kawalpemilu.org#20016,"TANJUNG JATI, WARKUK RANAU SELATAN, OGAN KOMERING ULU SELATAN, SUMATERA SELATAN",4,36,144,180
https://kawalpemilu.org#20017,"GUNUNG AJI, WARKUK RANAU SELATAN, OGAN KOMERING ULU SELATAN, SUMATERA SELATAN",1,50,72,122
https://kawalpemilu.org#20017,"GUNUNG AJI, WARKUK RANAU SELATAN, OGAN KOMERING ULU SELATAN, SUMATERA SELATAN",2,138,47,185
https://kawalpemilu.org#20017,"GUNUNG AJI, WARKUK RANAU SELATAN, OGAN KOMERING ULU SELATAN, SUMATERA SELATAN",3,149,58,207
https://kawalpemilu.org#20017,"GUNUNG AJI, WARKUK RANAU SELATAN, OGAN KOMERING ULU SELATAN, SUMATERA SELATAN",4,77,47,124
https://kawalpemilu.org#20018,"PILLA, WARKUK RANAU SELATAN, OGAN KOMERING ULU SELATAN, SUMATERA SELATAN",1,76,67,143
https://kawalpemilu.org#20018,"PILLA, WARKUK RANAU SELATAN, OGAN KOMERING ULU SELATAN, SUMATERA SELATAN",2,116,106,222
https://kawalpemilu.org#20018,"PILLA, WARKUK RANAU SELATAN, OGAN KOMERING ULU SELATAN, SUMATERA SELATAN",3,55,68,123
https://kawalpemilu.org#20019,"GUNUNG RAYA, WARKUK RANAU SELATAN, OGAN KOMERING ULU SELATAN, SUMATERA SELATAN",1,160,62,222
https://kawalpemilu.org#20019,"GUNUNG RAYA, WARKUK RANAU SELATAN, OGAN KOMERING ULU SELATAN, SUMATERA SELATAN",2,103,99,202
https://kawalpemilu.org#20019,"GUNUNG RAYA, WARKUK RANAU SELATAN, OGAN KOMERING ULU SELATAN, SUMATERA SELATAN",3,190,83,273
https://kawalpemilu.org#20019,"GUNUNG RAYA, WARKUK RANAU SELATAN, OGAN KOMERING ULU SELATAN, SUMATERA SELATAN",4,152,51,203
https://kawalpemilu.org#20019,"GUNUNG RAYA, WARKUK RANAU SELATAN, OGAN KOMERING ULU SELATAN, SUMATERA SELATAN",5,207,51,258
https://kawalpemilu.org#20019,"GUNUNG RAYA, WARKUK RANAU SELATAN, OGAN KOMERING ULU SELATAN, SUMATERA SELATAN",6,123,46,169
https://kawalpemilu.org#20019,"GUNUNG RAYA, WARKUK RANAU SELATAN, OGAN KOMERING ULU SELATAN, SUMATERA SELATAN",7,152,72,224
https://kawalpemilu.org#20020,"REMANAM JAYA, WARKUK RANAU SELATAN, OGAN KOMERING ULU SELATAN, SUMATERA SELATAN",1,172,80,252
https://kawalpemilu.org#20020,"REMANAM JAYA, WARKUK RANAU SELATAN, OGAN KOMERING ULU SELATAN, SUMATERA SELATAN",2,153,35,188
https://kawalpemilu.org#20020,"REMANAM JAYA, WARKUK RANAU SELATAN, OGAN KOMERING ULU SELATAN, SUMATERA SELATAN",3,173,7,180
https://kawalpemilu.org#20020,"REMANAM JAYA, WARKUK RANAU SELATAN, OGAN KOMERING ULU SELATAN, SUMATERA SELATAN",4,181,19,200
https://kawalpemilu.org#20020,"REMANAM JAYA, WARKUK RANAU SELATAN, OGAN KOMERING ULU SELATAN, SUMATERA SELATAN",5,92,58,150
https://kawalpemilu.org#20020,"REMANAM JAYA, WARKUK RANAU SELATAN, OGAN KOMERING ULU SELATAN, SUMATERA SELATAN",6,159,6,165
https://kawalpemilu.org#20020,"REMANAM JAYA, WARKUK RANAU SELATAN, OGAN KOMERING ULU SELATAN, SUMATERA SELATAN",7,155,11,166
https://kawalpemilu.org#20020,"REMANAM JAYA, WARKUK RANAU SELATAN, OGAN KOMERING ULU SELATAN, SUMATERA SELATAN",8,198,6,204
https://kawalpemilu.org#20020,"REMANAM JAYA, WARKUK RANAU SELATAN, OGAN KOMERING ULU SELATAN, SUMATERA SELATAN",9,142,41,183
https://kawalpemilu.org#20020,"REMANAM JAYA, WARKUK RANAU SELATAN, OGAN KOMERING ULU SELATAN, SUMATERA SELATAN",10,162,23,185
https://kawalpemilu.org#20020,"REMANAM JAYA, WARKUK RANAU SELATAN, OGAN KOMERING ULU SELATAN, SUMATERA SELATAN",11,95,35,130
https://kawalpemilu.org#20021,"KIWIS RAYA, WARKUK RANAU SELATAN, OGAN KOMERING ULU SELATAN, SUMATERA SELATAN",1,73,84,175
https://kawalpemilu.org#20021,"KIWIS RAYA, WARKUK RANAU SELATAN, OGAN KOMERING ULU SELATAN, SUMATERA SELATAN",2,111,97,208
https://kawalpemilu.org#20021,"KIWIS RAYA, WARKUK RANAU SELATAN, OGAN KOMERING ULU SELATAN, SUMATERA SELATAN",3,155,73,228
https://kawalpemilu.org#20021,"KIWIS RAYA, WARKUK RANAU SELATAN, OGAN KOMERING ULU SELATAN, SUMATERA SELATAN",4,122,62,184
https://kawalpemilu.org#20021,"KIWIS RAYA, WARKUK RANAU SELATAN, OGAN KOMERING ULU SELATAN, SUMATERA SELATAN",5,74,52,126
https://kawalpemilu.org#20021,"KIWIS RAYA, WARKUK RANAU SELATAN, OGAN KOMERING ULU SELATAN, SUMATERA SELATAN",6,114,34,148
https://kawalpemilu.org#20021,"KIWIS RAYA, WARKUK RANAU SELATAN, OGAN KOMERING ULU SELATAN, SUMATERA SELATAN",7,68,38,106
https://kawalpemilu.org#20021,"KIWIS RAYA, WARKUK RANAU SELATAN, OGAN KOMERING ULU SELATAN, SUMATERA SELATAN",8,86,33,119
https://kawalpemilu.org#20021,"KIWIS RAYA, WARKUK RANAU SELATAN, OGAN KOMERING ULU SELATAN, SUMATERA SELATAN",9,88,52,140
https://kawalpemilu.org#20022,"SEGIGOK RAYA, WARKUK RANAU SELATAN, OGAN KOMERING ULU SELATAN, SUMATERA SELATAN",1,139,2,141
https://kawalpemilu.org#20022,"SEGIGOK RAYA, WARKUK RANAU SELATAN, OGAN KOMERING ULU SELATAN, SUMATERA SELATAN",2,206,19,225
https://kawalpemilu.org#20022,"SEGIGOK RAYA, WARKUK RANAU SELATAN, OGAN KOMERING ULU SELATAN, SUMATERA SELATAN",3,209,13,222
https://kawalpemilu.org#20023,"BUMI AGUNG, WARKUK RANAU SELATAN, OGAN KOMERING ULU SELATAN, SUMATERA SELATAN",1,186,57,243
https://kawalpemilu.org#20023,"BUMI AGUNG, WARKUK RANAU SELATAN, OGAN KOMERING ULU SELATAN, SUMATERA SELATAN",2,218,54,272
https://kawalpemilu.org#20024,"MEKAR SARI, WARKUK RANAU SELATAN, OGAN KOMERING ULU SELATAN, SUMATERA SELATAN",1,111,19,130
https://kawalpemilu.org#20024,"MEKAR SARI, WARKUK RANAU SELATAN, OGAN KOMERING ULU SELATAN, SUMATERA SELATAN",2,130,75,205
https://kawalpemilu.org#20024,"MEKAR SARI, WARKUK RANAU SELATAN, OGAN KOMERING ULU SELATAN, SUMATERA SELATAN",3,151,22,173
https://kawalpemilu.org#20024,"MEKAR SARI, WARKUK RANAU SELATAN, OGAN KOMERING ULU SELATAN, SUMATERA SELATAN",4,142,59,201
https://kawalpemilu.org#20025,"BEDENG TIGA, WARKUK RANAU SELATAN, OGAN KOMERING ULU SELATAN, SUMATERA SELATAN",1,76,121,197
https://kawalpemilu.org#20025,"BEDENG TIGA, WARKUK RANAU SELATAN, OGAN KOMERING ULU SELATAN, SUMATERA SELATAN",2,155,46,201
https://kawalpemilu.org#20025,"BEDENG TIGA, WARKUK RANAU SELATAN, OGAN KOMERING ULU SELATAN, SUMATERA SELATAN",3,72,151,223
https://kawalpemilu.org#20025,"BEDENG TIGA, WARKUK RANAU SELATAN, OGAN KOMERING ULU SELATAN, SUMATERA SELATAN",4,84,93,177
https://kawalpemilu.org#20026,"GEDUNG RANAU, WARKUK RANAU SELATAN, OGAN KOMERING ULU SELATAN, SUMATERA SELATAN",1,118,35,153
https://kawalpemilu.org#20026,"GEDUNG RANAU, WARKUK RANAU SELATAN, OGAN KOMERING ULU SELATAN, SUMATERA SELATAN",2,105,28,133
https://kawalpemilu.org#20027,"TANJUNG BARU, WARKUK RANAU SELATAN, OGAN KOMERING ULU SELATAN, SUMATERA SELATAN",1,75,87,162
https://kawalpemilu.org#20027,"TANJUNG BARU, WARKUK RANAU SELATAN, OGAN KOMERING ULU SELATAN, SUMATERA SELATAN",2,86,78,164
https://kawalpemilu.org#20027,"TANJUNG BARU, WARKUK RANAU SELATAN, OGAN KOMERING ULU SELATAN, SUMATERA SELATAN",3,69,101,170
https://kawalpemilu.org#20028,"WAY WANGI SEMINUNG, WARKUK RANAU SELATAN, OGAN KOMERING ULU SELATAN, SUMATERA SELATAN",1,84,81,165
https://kawalpemilu.org#20028,"WAY WANGI SEMINUNG, WARKUK RANAU SELATAN, OGAN KOMERING ULU SELATAN, SUMATERA SELATAN",2,107,95,202
https://kawalpemilu.org#20028,"WAY WANGI SEMINUNG, WARKUK RANAU SELATAN, OGAN KOMERING ULU SELATAN, SUMATERA SELATAN",3,68,71,139
https://kawalpemilu.org#20030,"MERPANG, RUNJUNG AGUNG, OGAN KOMERING ULU SELATAN, SUMATERA SELATAN",1,69,94,163
https://kawalpemilu.org#20030,"MERPANG, RUNJUNG AGUNG, OGAN KOMERING ULU SELATAN, SUMATERA SELATAN",2,95,134,229
https://kawalpemilu.org#20030,"MERPANG, RUNJUNG AGUNG, OGAN KOMERING ULU SELATAN, SUMATERA SELATAN",3,131,93,224
https://kawalpemilu.org#20031,"TANJUNG KURUNG, RUNJUNG AGUNG, OGAN KOMERING ULU SELATAN, SUMATERA SELATAN",1,53,91,144
https://kawalpemilu.org#20031,"TANJUNG KURUNG, RUNJUNG AGUNG, OGAN KOMERING ULU SELATAN, SUMATERA SELATAN",2,41,101,142
https://kawalpemilu.org#20031,"TANJUNG KURUNG, RUNJUNG AGUNG, OGAN KOMERING ULU SELATAN, SUMATERA SELATAN",3,42,117,159
https://kawalpemilu.org#20031,"TANJUNG KURUNG, RUNJUNG AGUNG, OGAN KOMERING ULU SELATAN, SUMATERA SELATAN",4,29,99,128
https://kawalpemilu.org#20031,"TANJUNG KURUNG, RUNJUNG AGUNG, OGAN KOMERING ULU SELATAN, SUMATERA SELATAN",5,29,108,137
https://kawalpemilu.org#20031,"TANJUNG KURUNG, RUNJUNG AGUNG, OGAN KOMERING ULU SELATAN, SUMATERA SELATAN",6,32,113,145
https://kawalpemilu.org#20032,"AIR BARU, RUNJUNG AGUNG, OGAN KOMERING ULU SELATAN, SUMATERA SELATAN",1,58,148,206
https://kawalpemilu.org#20032,"AIR BARU, RUNJUNG AGUNG, OGAN KOMERING ULU SELATAN, SUMATERA SELATAN",2,65,83,148
https://kawalpemilu.org#20032,"AIR BARU, RUNJUNG AGUNG, OGAN KOMERING ULU SELATAN, SUMATERA SELATAN",3,50,88,138
https://kawalpemilu.org#20032,"AIR BARU, RUNJUNG AGUNG, OGAN KOMERING ULU SELATAN, SUMATERA SELATAN",4,85,32,117
https://kawalpemilu.org#20033,"PENANGGUNGAN, RUNJUNG AGUNG, OGAN KOMERING ULU SELATAN, SUMATERA SELATAN",1,69,134,203
https://kawalpemilu.org#20033,"PENANGGUNGAN, RUNJUNG AGUNG, OGAN KOMERING ULU SELATAN, SUMATERA SELATAN",2,84,128,212
https://kawalpemilu.org#20033,"PENANGGUNGAN, RUNJUNG AGUNG, OGAN KOMERING ULU SELATAN, SUMATERA SELATAN",3,71,136,207
https://kawalpemilu.org#20033,"PENANGGUNGAN, RUNJUNG AGUNG, OGAN KOMERING ULU SELATAN, SUMATERA SELATAN",4,59,132,191
https://kawalpemilu.org#20034,"BUMI GENAP, RUNJUNG AGUNG, OGAN KOMERING ULU SELATAN, SUMATERA SELATAN",1,19,144,163
https://kawalpemilu.org#20034,"BUMI GENAP, RUNJUNG AGUNG, OGAN KOMERING ULU SELATAN, SUMATERA SELATAN",2,24,155,179
https://kawalpemilu.org#20034,"BUMI GENAP, RUNJUNG AGUNG, OGAN KOMERING ULU SELATAN, SUMATERA SELATAN",3,66,158,224
https://kawalpemilu.org#20034,"BUMI GENAP, RUNJUNG AGUNG, OGAN KOMERING ULU SELATAN, SUMATERA SELATAN",4,77,198,275
https://kawalpemilu.org#20034,"BUMI GENAP, RUNJUNG AGUNG, OGAN KOMERING ULU SELATAN, SUMATERA SELATAN",5,46,118,164
https://kawalpemilu.org#20034,"BUMI GENAP, RUNJUNG AGUNG, OGAN KOMERING ULU SELATAN, SUMATERA SELATAN",6,42,117,159
https://kawalpemilu.org#20034,"BUMI GENAP, RUNJUNG AGUNG, OGAN KOMERING ULU SELATAN, SUMATERA SELATAN",7,150,77,227
https://kawalpemilu.org#20035,"GEDUNG NYAWA, RUNJUNG AGUNG, OGAN KOMERING ULU SELATAN, SUMATERA SELATAN",1,113,103,216
https://kawalpemilu.org#20035,"GEDUNG NYAWA, RUNJUNG AGUNG, OGAN KOMERING ULU SELATAN, SUMATERA SELATAN",2,43,75,118
https://kawalpemilu.org#20035,"GEDUNG NYAWA, RUNJUNG AGUNG, OGAN KOMERING ULU SELATAN, SUMATERA SELATAN",3,70,65,135
https://kawalpemilu.org#20035,"GEDUNG NYAWA, RUNJUNG AGUNG, OGAN KOMERING ULU SELATAN, SUMATERA SELATAN",4,44,131,175
https://kawalpemilu.org#20036,"GEDUNG WANI, RUNJUNG AGUNG, OGAN KOMERING ULU SELATAN, SUMATERA SELATAN",1,52,122,174
https://kawalpemilu.org#20036,"GEDUNG WANI, RUNJUNG AGUNG, OGAN KOMERING ULU SELATAN, SUMATERA SELATAN",2,71,73,144
https://kawalpemilu.org#20036,"GEDUNG WANI, RUNJUNG AGUNG, OGAN KOMERING ULU SELATAN, SUMATERA SELATAN",3,73,143,216
https://kawalpemilu.org#20036,"GEDUNG WANI, RUNJUNG AGUNG, OGAN KOMERING ULU SELATAN, SUMATERA SELATAN",4,81,110,191
https://kawalpemilu.org#20036,"GEDUNG WANI, RUNJUNG AGUNG, OGAN KOMERING ULU SELATAN, SUMATERA SELATAN",5,36,143,179
https://kawalpemilu.org#20036,"GEDUNG WANI, RUNJUNG AGUNG, OGAN KOMERING ULU SELATAN, SUMATERA SELATAN",6,34,147,181
https://kawalpemilu.org#20036,"GEDUNG WANI, RUNJUNG AGUNG, OGAN KOMERING ULU SELATAN, SUMATERA SELATAN",7,51,118,169
https://kawalpemilu.org#20036,"GEDUNG WANI, RUNJUNG AGUNG, OGAN KOMERING ULU SELATAN, SUMATERA SELATAN",8,68,189,257
https://kawalpemilu.org#20036,"GEDUNG WANI, RUNJUNG AGUNG, OGAN KOMERING ULU SELATAN, SUMATERA SELATAN",9,54,128,182
https://kawalpemilu.org#20036,"GEDUNG WANI, RUNJUNG AGUNG, OGAN KOMERING ULU SELATAN, SUMATERA SELATAN",10,25,151,176
https://kawalpemilu.org#20036,"GEDUNG WANI, RUNJUNG AGUNG, OGAN KOMERING ULU SELATAN, SUMATERA SELATAN",11,88,119,207
https://kawalpemilu.org#20036,"GEDUNG WANI, RUNJUNG AGUNG, OGAN KOMERING ULU SELATAN, SUMATERA SELATAN",12,133,67,200
https://kawalpemilu.org#20036,"GEDUNG WANI, RUNJUNG AGUNG, OGAN KOMERING ULU SELATAN, SUMATERA SELATAN",13,85,89,174
https://kawalpemilu.org#20037,"SURA, RUNJUNG AGUNG, OGAN KOMERING ULU SELATAN, SUMATERA SELATAN",1,42,102,144
https://kawalpemilu.org#20037,"SURA, RUNJUNG AGUNG, OGAN KOMERING ULU SELATAN, SUMATERA SELATAN",2,60,93,153
https://kawalpemilu.org#20037,"SURA, RUNJUNG AGUNG, OGAN KOMERING ULU SELATAN, SUMATERA SELATAN",3,39,95,143
https://kawalpemilu.org#20037,"SURA, RUNJUNG AGUNG, OGAN KOMERING ULU SELATAN, SUMATERA SELATAN",4,82,80,162
https://kawalpemilu.org#20038,"KARANG ENDAH, RUNJUNG AGUNG, OGAN KOMERING ULU SELATAN, SUMATERA SELATAN",1,59,83,142
https://kawalpemilu.org#20038,"KARANG ENDAH, RUNJUNG AGUNG, OGAN KOMERING ULU SELATAN, SUMATERA SELATAN",2,57,77,134
https://kawalpemilu.org#20038,"KARANG ENDAH, RUNJUNG AGUNG, OGAN KOMERING ULU SELATAN, SUMATERA SELATAN",3,80,72,152
https://kawalpemilu.org#20040,"PULAU KEMUNING, SUNGAI ARE, OGAN KOMERING ULU SELATAN, SUMATERA SELATAN",1,93,124,217
https://kawalpemilu.org#20040,"PULAU KEMUNING, SUNGAI ARE, OGAN KOMERING ULU SELATAN, SUMATERA SELATAN",2,77,78,155
https://kawalpemilu.org#20040,"PULAU KEMUNING, SUNGAI ARE, OGAN KOMERING ULU SELATAN, SUMATERA SELATAN",3,115,31,146
https://kawalpemilu.org#20041,"GUNTUNG JAYA, SUNGAI ARE, OGAN KOMERING ULU SELATAN, SUMATERA SELATAN",1,149,92,241
https://kawalpemilu.org#20041,"GUNTUNG JAYA, SUNGAI ARE, OGAN KOMERING ULU SELATAN, SUMATERA SELATAN",2,125,72,197
https://kawalpemilu.org#20042,"TANAH PILIH, SUNGAI ARE, OGAN KOMERING ULU SELATAN, SUMATERA SELATAN",1,125,89,214
https://kawalpemilu.org#20042,"TANAH PILIH, SUNGAI ARE, OGAN KOMERING ULU SELATAN, SUMATERA SELATAN",2,147,65,212
https://kawalpemilu.org#20043,"UJAN MAS, SUNGAI ARE, OGAN KOMERING ULU SELATAN, SUMATERA SELATAN",1,37,154,191
https://kawalpemilu.org#20043,"UJAN MAS, SUNGAI ARE, OGAN KOMERING ULU SELATAN, SUMATERA SELATAN",2,24,209,233
https://kawalpemilu.org#20043,"UJAN MAS, SUNGAI ARE, OGAN KOMERING ULU SELATAN, SUMATERA SELATAN",3,65,135,200
https://kawalpemilu.org#20043,"UJAN MAS, SUNGAI ARE, OGAN KOMERING ULU SELATAN, SUMATERA SELATAN",4,31,164,195
https://kawalpemilu.org#20043,"UJAN MAS, SUNGAI ARE, OGAN KOMERING ULU SELATAN, SUMATERA SELATAN",5,18,191,209
https://kawalpemilu.org#20043,"UJAN MAS, SUNGAI ARE, OGAN KOMERING ULU SELATAN, SUMATERA SELATAN",6,82,144,226
https://kawalpemilu.org#20044,"PECAH PINGGAN, SUNGAI ARE, OGAN KOMERING ULU SELATAN, SUMATERA SELATAN",1,43,110,153
https://kawalpemilu.org#20044,"PECAH PINGGAN, SUNGAI ARE, OGAN KOMERING ULU SELATAN, SUMATERA SELATAN",2,56,128,184
https://kawalpemilu.org#20044,"PECAH PINGGAN, SUNGAI ARE, OGAN KOMERING ULU SELATAN, SUMATERA SELATAN",3,43,115,158
https://kawalpemilu.org#20045,"CUKOH NAU, SUNGAI ARE, OGAN KOMERING ULU SELATAN, SUMATERA SELATAN",1,61,152,213
https://kawalpemilu.org#20045,"CUKOH NAU, SUNGAI ARE, OGAN KOMERING ULU SELATAN, SUMATERA SELATAN",2,90,108,198
https://kawalpemilu.org#20046,"SIMPANG LUAS, SUNGAI ARE, OGAN KOMERING ULU SELATAN, SUMATERA SELATAN",1,125,171,296
https://kawalpemilu.org#20046,"SIMPANG LUAS, SUNGAI ARE, OGAN KOMERING ULU SELATAN, SUMATERA SELATAN",2,71,160,231
https://kawalpemilu.org#20046,"SIMPANG LUAS, SUNGAI ARE, OGAN KOMERING ULU SELATAN, SUMATERA SELATAN",3,121,126,247
https://kawalpemilu.org#20046,"SIMPANG LUAS, SUNGAI ARE, OGAN KOMERING ULU SELATAN, SUMATERA SELATAN",4,196,54,250
https://kawalpemilu.org#20046,"SIMPANG LUAS, SUNGAI ARE, OGAN KOMERING ULU SELATAN, SUMATERA SELATAN",5,116,148,264
https://kawalpemilu.org#20046,"SIMPANG LUAS, SUNGAI ARE, OGAN KOMERING ULU SELATAN, SUMATERA SELATAN",6,113,77,190
https://kawalpemilu.org#20046,"SIMPANG LUAS, SUNGAI ARE, OGAN KOMERING ULU SELATAN, SUMATERA SELATAN",7,94,112,206
https://kawalpemilu.org#20047,"SADAU JAYA, SUNGAI ARE, OGAN KOMERING ULU SELATAN, SUMATERA SELATAN",1,118,49,167
https://kawalpemilu.org#20047,"SADAU JAYA, SUNGAI ARE, OGAN KOMERING ULU SELATAN, SUMATERA SELATAN",2,133,64,197
https://kawalpemilu.org#20047,"SADAU JAYA, SUNGAI ARE, OGAN KOMERING ULU SELATAN, SUMATERA SELATAN",3,148,18,166
https://kawalpemilu.org#20047,"SADAU JAYA, SUNGAI ARE, OGAN KOMERING ULU SELATAN, SUMATERA SELATAN",4,193,30,223
https://kawalpemilu.org#20048,"SEBAJA, SUNGAI ARE, OGAN KOMERING ULU SELATAN, SUMATERA SELATAN",1,48,147,195
https://kawalpemilu.org#20048,"SEBAJA, SUNGAI ARE, OGAN KOMERING ULU SELATAN, SUMATERA SELATAN",2,86,54,138
https://kawalpemilu.org#20048,"SEBAJA, SUNGAI ARE, OGAN KOMERING ULU SELATAN, SUMATERA SELATAN",3,32,65,97
https://kawalpemilu.org#20048,"SEBAJA, SUNGAI ARE, OGAN KOMERING ULU SELATAN, SUMATERA SELATAN",4,122,17,139
https://kawalpemilu.org#20050,"TANJUNG HARAPAN, SINDANG DANAU, OGAN KOMERING ULU SELATAN, SUMATERA SELATAN",1,30,188,218
https://kawalpemilu.org#20050,"TANJUNG HARAPAN, SINDANG DANAU, OGAN KOMERING ULU SELATAN, SUMATERA SELATAN",2,32,221,253
https://kawalpemilu.org#20051,"MUARA SINDANG ILIR, SINDANG DANAU, OGAN KOMERING ULU SELATAN, SUMATERA SELATAN",1,18,160,178
https://kawalpemilu.org#20051,"MUARA SINDANG ILIR, SINDANG DANAU, OGAN KOMERING ULU SELATAN, SUMATERA SELATAN",2,21,150,171
https://kawalpemilu.org#20051,"MUARA SINDANG ILIR, SINDANG DANAU, OGAN KOMERING ULU SELATAN, SUMATERA SELATAN",3,21,169,190
https://kawalpemilu.org#20051,"MUARA SINDANG ILIR, SINDANG DANAU, OGAN KOMERING ULU SELATAN, SUMATERA SELATAN",4,36,175,211
https://kawalpemilu.org#20052,"MUARA SINDANG TENGAH, SINDANG DANAU, OGAN KOMERING ULU SELATAN, SUMATERA SELATAN",1,3,231,234
https://kawalpemilu.org#20052,"MUARA SINDANG TENGAH, SINDANG DANAU, OGAN KOMERING ULU SELATAN, SUMATERA SELATAN",2,18,154,172
https://kawalpemilu.org#20053,"PEMATANG DANAU, SINDANG DANAU, OGAN KOMERING ULU SELATAN, SUMATERA SELATAN",1,13,153,166
https://kawalpemilu.org#20053,"PEMATANG DANAU, SINDANG DANAU, OGAN KOMERING ULU SELATAN, SUMATERA SELATAN",2,26,147,173
https://kawalpemilu.org#20053,"PEMATANG DANAU, SINDANG DANAU, OGAN KOMERING ULU SELATAN, SUMATERA SELATAN",3,38,118,156
https://kawalpemilu.org#20053,"PEMATANG DANAU, SINDANG DANAU, OGAN KOMERING ULU SELATAN, SUMATERA SELATAN",4,43,138,181
https://kawalpemilu.org#20054,"ULU DANAU, SINDANG DANAU, OGAN KOMERING ULU SELATAN, SUMATERA SELATAN",1,41,114,155
https://kawalpemilu.org#20054,"ULU DANAU, SINDANG DANAU, OGAN KOMERING ULU SELATAN, SUMATERA SELATAN",2,25,140,165
https://kawalpemilu.org#20054,"ULU DANAU, SINDANG DANAU, OGAN KOMERING ULU SELATAN, SUMATERA SELATAN",3,31,130,161
https://kawalpemilu.org#20054,"ULU DANAU, SINDANG DANAU, OGAN KOMERING ULU SELATAN, SUMATERA SELATAN",4,40,194,234
https://kawalpemilu.org#20054,"ULU DANAU, SINDANG DANAU, OGAN KOMERING ULU SELATAN, SUMATERA SELATAN",5,47,93,140
https://kawalpemilu.org#20054,"ULU DANAU, SINDANG DANAU, OGAN KOMERING ULU SELATAN, SUMATERA SELATAN",6,52,124,176
https://kawalpemilu.org#20054,"ULU DANAU, SINDANG DANAU, OGAN KOMERING ULU SELATAN, SUMATERA SELATAN",7,55,191,246
https://kawalpemilu.org#20054,"ULU DANAU, SINDANG DANAU, OGAN KOMERING ULU SELATAN, SUMATERA SELATAN",8,25,126,151
https://kawalpemilu.org#20054,"ULU DANAU, SINDANG DANAU, OGAN KOMERING ULU SELATAN, SUMATERA SELATAN",9,76,195,271
https://kawalpemilu.org#20054,"ULU DANAU, SINDANG DANAU, OGAN KOMERING ULU SELATAN, SUMATERA SELATAN",10,52,48,100
https://kawalpemilu.org#20054,"ULU DANAU, SINDANG DANAU, OGAN KOMERING ULU SELATAN, SUMATERA SELATAN",11,75,63,138
https://kawalpemilu.org#20054,"ULU DANAU, SINDANG DANAU, OGAN KOMERING ULU SELATAN, SUMATERA SELATAN",12,28,160,188
https://kawalpemilu.org#20054,"ULU DANAU, SINDANG DANAU, OGAN KOMERING ULU SELATAN, SUMATERA SELATAN",13,27,96,123
https://kawalpemilu.org#20054,"ULU DANAU, SINDANG DANAU, OGAN KOMERING ULU SELATAN, SUMATERA SELATAN",14,46,157,203
https://kawalpemilu.org#20054,"ULU DANAU, SINDANG DANAU, OGAN KOMERING ULU SELATAN, SUMATERA SELATAN",15,35,92,127
https://kawalpemilu.org#20054,"ULU DANAU, SINDANG DANAU, OGAN KOMERING ULU SELATAN, SUMATERA SELATAN",16,42,97,139
https://kawalpemilu.org#20054,"ULU DANAU, SINDANG DANAU, OGAN KOMERING ULU SELATAN, SUMATERA SELATAN",17,52,93,145
https://kawalpemilu.org#20054,"ULU DANAU, SINDANG DANAU, OGAN KOMERING ULU SELATAN, SUMATERA SELATAN",18,56,154,210
https://kawalpemilu.org#20054,"ULU DANAU, SINDANG DANAU, OGAN KOMERING ULU SELATAN, SUMATERA SELATAN",19,29,97,126
https://kawalpemilu.org#20055,"TEBAT LAYANG, SINDANG DANAU, OGAN KOMERING ULU SELATAN, SUMATERA SELATAN",1,164,24,188
https://kawalpemilu.org#20055,"TEBAT LAYANG, SINDANG DANAU, OGAN KOMERING ULU SELATAN, SUMATERA SELATAN",2,167,30,197
https://kawalpemilu.org#20056,"WATES, SINDANG DANAU, OGAN KOMERING ULU SELATAN, SUMATERA SELATAN",1,121,92,213
https://kawalpemilu.org#20056,"WATES, SINDANG DANAU, OGAN KOMERING ULU SELATAN, SUMATERA SELATAN",2,98,59,157
https://kawalpemilu.org#20056,"WATES, SINDANG DANAU, OGAN KOMERING ULU SELATAN, SUMATERA SELATAN",3,123,43,166
https://kawalpemilu.org#20058,"TEKANA, BUANA PEMACA, OGAN KOMERING ULU SELATAN, SUMATERA SELATAN",1,43,108,151
https://kawalpemilu.org#20058,"TEKANA, BUANA PEMACA, OGAN KOMERING ULU SELATAN, SUMATERA SELATAN",2,45,113,158
https://kawalpemilu.org#20058,"TEKANA, BUANA PEMACA, OGAN KOMERING ULU SELATAN, SUMATERA SELATAN",3,49,79,128
https://kawalpemilu.org#20058,"TEKANA, BUANA PEMACA, OGAN KOMERING ULU SELATAN, SUMATERA SELATAN",4,29,75,104
https://kawalpemilu.org#20058,"TEKANA, BUANA PEMACA, OGAN KOMERING ULU SELATAN, SUMATERA SELATAN",5,39,108,147
https://kawalpemilu.org#20058,"TEKANA, BUANA PEMACA, OGAN KOMERING ULU SELATAN, SUMATERA SELATAN",6,52,72,124
https://kawalpemilu.org#20059,"TANJUNG BERINGIN, BUANA PEMACA, OGAN KOMERING ULU SELATAN, SUMATERA SELATAN",1,76,94,170
https://kawalpemilu.org#20059,"TANJUNG BERINGIN, BUANA PEMACA, OGAN KOMERING ULU SELATAN, SUMATERA SELATAN",2,52,150,202
https://kawalpemilu.org#20059,"TANJUNG BERINGIN, BUANA PEMACA, OGAN KOMERING ULU SELATAN, SUMATERA SELATAN",3,38,92,130
https://kawalpemilu.org#20059,"TANJUNG BERINGIN, BUANA PEMACA, OGAN KOMERING ULU SELATAN, SUMATERA SELATAN",4,63,63,126
https://kawalpemilu.org#20059,"TANJUNG BERINGIN, BUANA PEMACA, OGAN KOMERING ULU SELATAN, SUMATERA SELATAN",5,35,80,115
https://kawalpemilu.org#20060,"BANDAR, BUANA PEMACA, OGAN KOMERING ULU SELATAN, SUMATERA SELATAN",1,31,145,176
https://kawalpemilu.org#20060,"BANDAR, BUANA PEMACA, OGAN KOMERING ULU SELATAN, SUMATERA SELATAN",2,77,85,162
https://kawalpemilu.org#20060,"BANDAR, BUANA PEMACA, OGAN KOMERING ULU SELATAN, SUMATERA SELATAN",3,30,79,109
https://kawalpemilu.org#20060,"BANDAR, BUANA PEMACA, OGAN KOMERING ULU SELATAN, SUMATERA SELATAN",4,24,128,152
https://kawalpemilu.org#20060,"BANDAR, BUANA PEMACA, OGAN KOMERING ULU SELATAN, SUMATERA SELATAN",5,22,119,141
https://kawalpemilu.org#20061,"JAGARAGA, BUANA PEMACA, OGAN KOMERING ULU SELATAN, SUMATERA SELATAN",1,25,166,191
https://kawalpemilu.org#20061,"JAGARAGA, BUANA PEMACA, OGAN KOMERING ULU SELATAN, SUMATERA SELATAN",2,42,134,176
https://kawalpemilu.org#20061,"JAGARAGA, BUANA PEMACA, OGAN KOMERING ULU SELATAN, SUMATERA SELATAN",3,12,7,19
https://kawalpemilu.org#20061,"JAGARAGA, BUANA PEMACA, OGAN KOMERING ULU SELATAN, SUMATERA SELATAN",4,94,117,211
https://kawalpemilu.org#20061,"JAGARAGA, BUANA PEMACA, OGAN KOMERING ULU SELATAN, SUMATERA SELATAN",5,28,203,231
https://kawalpemilu.org#20061,"JAGARAGA, BUANA PEMACA, OGAN KOMERING ULU SELATAN, SUMATERA SELATAN",6,49,130,179
https://kawalpemilu.org#20062,"DAMARPURA, BUANA PEMACA, OGAN KOMERING ULU SELATAN, SUMATERA SELATAN",1,26,134,160
https://kawalpemilu.org#20062,"DAMARPURA, BUANA PEMACA, OGAN KOMERING ULU SELATAN, SUMATERA SELATAN",2,59,107,166
https://kawalpemilu.org#20062,"DAMARPURA, BUANA PEMACA, OGAN KOMERING ULU SELATAN, SUMATERA SELATAN",3,23,163,186
https://kawalpemilu.org#20062,"DAMARPURA, BUANA PEMACA, OGAN KOMERING ULU SELATAN, SUMATERA SELATAN",4,110,75,185
https://kawalpemilu.org#20062,"DAMARPURA, BUANA PEMACA, OGAN KOMERING ULU SELATAN, SUMATERA SELATAN",5,145,83,228
https://kawalpemilu.org#20062,"DAMARPURA, BUANA PEMACA, OGAN KOMERING ULU SELATAN, SUMATERA SELATAN",6,21,129,150
https://kawalpemilu.org#20062,"DAMARPURA, BUANA PEMACA, OGAN KOMERING ULU SELATAN, SUMATERA SELATAN",7,21,112,133
https://kawalpemilu.org#20062,"DAMARPURA, BUANA PEMACA, OGAN KOMERING ULU SELATAN, SUMATERA SELATAN",8,50,103,153
https://kawalpemilu.org#20063,"TUNAS JAYA, BUANA PEMACA, OGAN KOMERING ULU SELATAN, SUMATERA SELATAN",1,104,51,155
https://kawalpemilu.org#20063,"TUNAS JAYA, BUANA PEMACA, OGAN KOMERING ULU SELATAN, SUMATERA SELATAN",2,159,29,188
https://kawalpemilu.org#20063,"TUNAS JAYA, BUANA PEMACA, OGAN KOMERING ULU SELATAN, SUMATERA SELATAN",3,133,34,167
https://kawalpemilu.org#20063,"TUNAS JAYA, BUANA PEMACA, OGAN KOMERING ULU SELATAN, SUMATERA SELATAN",4,166,69,235
https://kawalpemilu.org#20063,"TUNAS JAYA, BUANA PEMACA, OGAN KOMERING ULU SELATAN, SUMATERA SELATAN",5,164,27,191
https://kawalpemilu.org#20063,"TUNAS JAYA, BUANA PEMACA, OGAN KOMERING ULU SELATAN, SUMATERA SELATAN",6,165,55,220
https://kawalpemilu.org#20063,"TUNAS JAYA, BUANA PEMACA, OGAN KOMERING ULU SELATAN, SUMATERA SELATAN",7,71,71,142
https://kawalpemilu.org#20064,"SINAR DANAU, BUANA PEMACA, OGAN KOMERING ULU SELATAN, SUMATERA SELATAN",1,37,141,178
https://kawalpemilu.org#20064,"SINAR DANAU, BUANA PEMACA, OGAN KOMERING ULU SELATAN, SUMATERA SELATAN",2,101,91,192
https://kawalpemilu.org#20064,"SINAR DANAU, BUANA PEMACA, OGAN KOMERING ULU SELATAN, SUMATERA SELATAN",3,66,76,142
https://kawalpemilu.org#20064,"SINAR DANAU, BUANA PEMACA, OGAN KOMERING ULU SELATAN, SUMATERA SELATAN",4,83,59,142
https://kawalpemilu.org#20065,"GEMIUNG, BUANA PEMACA, OGAN KOMERING ULU SELATAN, SUMATERA SELATAN",1,60,78,138
https://kawalpemilu.org#20065,"GEMIUNG, BUANA PEMACA, OGAN KOMERING ULU SELATAN, SUMATERA SELATAN",2,97,50,147
https://kawalpemilu.org#20065,"GEMIUNG, BUANA PEMACA, OGAN KOMERING ULU SELATAN, SUMATERA SELATAN",3,67,154,221
https://kawalpemilu.org#20065,"GEMIUNG, BUANA PEMACA, OGAN KOMERING ULU SELATAN, SUMATERA SELATAN",4,55,126,181
https://kawalpemilu.org#20065,"GEMIUNG, BUANA PEMACA, OGAN KOMERING ULU SELATAN, SUMATERA SELATAN",5,112,104,216
https://kawalpemilu.org#20065,"GEMIUNG, BUANA PEMACA, OGAN KOMERING ULU SELATAN, SUMATERA SELATAN",6,51,69,120
https://kawalpemilu.org#20065,"GEMIUNG, BUANA PEMACA, OGAN KOMERING ULU SELATAN, SUMATERA SELATAN",7,63,61,124
https://kawalpemilu.org#20067,"PENINGGIRAN, TIGA DIHAJI, OGAN KOMERING ULU SELATAN, SUMATERA SELATAN",1,37,149,186
https://kawalpemilu.org#20067,"PENINGGIRAN, TIGA DIHAJI, OGAN KOMERING ULU SELATAN, SUMATERA SELATAN",2,37,139,176
https://kawalpemilu.org#20067,"PENINGGIRAN, TIGA DIHAJI, OGAN KOMERING ULU SELATAN, SUMATERA SELATAN",3,26,163,189
https://kawalpemilu.org#20068,"KURIPAN, TIGA DIHAJI, OGAN KOMERING ULU SELATAN, SUMATERA SELATAN",1,35,90,125
https://kawalpemilu.org#20068,"KURIPAN, TIGA DIHAJI, OGAN KOMERING ULU SELATAN, SUMATERA SELATAN",2,31,88,119
https://kawalpemilu.org#20068,"KURIPAN, TIGA DIHAJI, OGAN KOMERING ULU SELATAN, SUMATERA SELATAN",3,77,89,166
https://kawalpemilu.org#20068,"KURIPAN, TIGA DIHAJI, OGAN KOMERING ULU SELATAN, SUMATERA SELATAN",4,89,74,163
https://kawalpemilu.org#20068,"KURIPAN, TIGA DIHAJI, OGAN KOMERING ULU SELATAN, SUMATERA SELATAN",5,70,67,137
https://kawalpemilu.org#20068,"KURIPAN, TIGA DIHAJI, OGAN KOMERING ULU SELATAN, SUMATERA SELATAN",6,34,75,109
https://kawalpemilu.org#20068,"KURIPAN, TIGA DIHAJI, OGAN KOMERING ULU SELATAN, SUMATERA SELATAN",7,99,39,138
https://kawalpemilu.org#20068,"KURIPAN, TIGA DIHAJI, OGAN KOMERING ULU SELATAN, SUMATERA SELATAN",8,70,73,143
https://kawalpemilu.org#20068,"KURIPAN, TIGA DIHAJI, OGAN KOMERING ULU SELATAN, SUMATERA SELATAN",9,193,27,220
https://kawalpemilu.org#20068,"KURIPAN, TIGA DIHAJI, OGAN KOMERING ULU SELATAN, SUMATERA SELATAN",10,177,23,200
https://kawalpemilu.org#20069,"SURABAYA, TIGA DIHAJI, OGAN KOMERING ULU SELATAN, SUMATERA SELATAN",1,91,73,164
https://kawalpemilu.org#20069,"SURABAYA, TIGA DIHAJI, OGAN KOMERING ULU SELATAN, SUMATERA SELATAN",2,108,44,152
https://kawalpemilu.org#20070,"SUKARENA, TIGA DIHAJI, OGAN KOMERING ULU SELATAN, SUMATERA SELATAN",1,76,120,196
https://kawalpemilu.org#20070,"SUKARENA, TIGA DIHAJI, OGAN KOMERING ULU SELATAN, SUMATERA SELATAN",2,82,92,174
https://kawalpemilu.org#20070,"SUKARENA, TIGA DIHAJI, OGAN KOMERING ULU SELATAN, SUMATERA SELATAN",3,63,123,186
https://kawalpemilu.org#20070,"SUKARENA, TIGA DIHAJI, OGAN KOMERING ULU SELATAN, SUMATERA SELATAN",4,53,94,147
https://kawalpemilu.org#20070,"SUKARENA, TIGA DIHAJI, OGAN KOMERING ULU SELATAN, SUMATERA SELATAN",5,66,104,170
https://kawalpemilu.org#20070,"SUKARENA, TIGA DIHAJI, OGAN KOMERING ULU SELATAN, SUMATERA SELATAN",6,141,17,158
https://kawalpemilu.org#20071,"KARANG PENDETA, TIGA DIHAJI, OGAN KOMERING ULU SELATAN, SUMATERA SELATAN",1,79,162,241
https://kawalpemilu.org#20071,"KARANG PENDETA, TIGA DIHAJI, OGAN KOMERING ULU SELATAN, SUMATERA SELATAN",2,90,128,218
https://kawalpemilu.org#20071,"KARANG PENDETA, TIGA DIHAJI, OGAN KOMERING ULU SELATAN, SUMATERA SELATAN",3,80,95,175
https://kawalpemilu.org#20071,"KARANG PENDETA, TIGA DIHAJI, OGAN KOMERING ULU SELATAN, SUMATERA SELATAN",4,56,111,167
https://kawalpemilu.org#20071,"KARANG PENDETA, TIGA DIHAJI, OGAN KOMERING ULU SELATAN, SUMATERA SELATAN",5,214,53,267
https://kawalpemilu.org#20071,"KARANG PENDETA, TIGA DIHAJI, OGAN KOMERING ULU SELATAN, SUMATERA SELATAN",6,134,134,268
https://kawalpemilu.org#20072,"KOTA AGUNG, TIGA DIHAJI, OGAN KOMERING ULU SELATAN, SUMATERA SELATAN",1,59,106,165
https://kawalpemilu.org#20072,"KOTA AGUNG, TIGA DIHAJI, OGAN KOMERING ULU SELATAN, SUMATERA SELATAN",2,60,114,174
https://kawalpemilu.org#20072,"KOTA AGUNG, TIGA DIHAJI, OGAN KOMERING ULU SELATAN, SUMATERA SELATAN",3,65,111,176
https://kawalpemilu.org#20073,"SUKABUMI, TIGA DIHAJI, OGAN KOMERING ULU SELATAN, SUMATERA SELATAN",1,87,81,168
https://kawalpemilu.org#20073,"SUKABUMI, TIGA DIHAJI, OGAN KOMERING ULU SELATAN, SUMATERA SELATAN",2,91,90,181
https://kawalpemilu.org#20073,"SUKABUMI, TIGA DIHAJI, OGAN KOMERING ULU SELATAN, SUMATERA SELATAN",3,110,72,182
https://kawalpemilu.org#20073,"SUKABUMI, TIGA DIHAJI, OGAN KOMERING ULU SELATAN, SUMATERA SELATAN",4,149,59,208
https://kawalpemilu.org#20073,"SUKABUMI, TIGA DIHAJI, OGAN KOMERING ULU SELATAN, SUMATERA SELATAN",5,127,57,184
https://kawalpemilu.org#20073,"SUKABUMI, TIGA DIHAJI, OGAN KOMERING ULU SELATAN, SUMATERA SELATAN",6,106,75,181
https://kawalpemilu.org#20073,"SUKABUMI, TIGA DIHAJI, OGAN KOMERING ULU SELATAN, SUMATERA SELATAN",7,118,59,177
https://kawalpemilu.org#20074,"KURIPAN II, TIGA DIHAJI, OGAN KOMERING ULU SELATAN, SUMATERA SELATAN",1,71,57,128
https://kawalpemilu.org#20074,"KURIPAN II, TIGA DIHAJI, OGAN KOMERING ULU SELATAN, SUMATERA SELATAN",2,57,74,131
https://kawalpemilu.org#20074,"KURIPAN II, TIGA DIHAJI, OGAN KOMERING ULU SELATAN, SUMATERA SELATAN",3,88,71,159
https://kawalpemilu.org#20074,"KURIPAN II, TIGA DIHAJI, OGAN KOMERING ULU SELATAN, SUMATERA SELATAN",4,88,87,175
https://kawalpemilu.org#20076,"RANTAU PANJANG, BUAY RAWAN, OGAN KOMERING ULU SELATAN, SUMATERA SELATAN",1,81,115,196
https://kawalpemilu.org#20076,"RANTAU PANJANG, BUAY RAWAN, OGAN KOMERING ULU SELATAN, SUMATERA SELATAN",2,63,116,179
https://kawalpemilu.org#20076,"RANTAU PANJANG, BUAY RAWAN, OGAN KOMERING ULU SELATAN, SUMATERA SELATAN",3,61,118,179
https://kawalpemilu.org#20076,"RANTAU PANJANG, BUAY RAWAN, OGAN KOMERING ULU SELATAN, SUMATERA SELATAN",4,103,71,174
https://kawalpemilu.org#20076,"RANTAU PANJANG, BUAY RAWAN, OGAN KOMERING ULU SELATAN, SUMATERA SELATAN",5,97,84,181
https://kawalpemilu.org#20076,"RANTAU PANJANG, BUAY RAWAN, OGAN KOMERING ULU SELATAN, SUMATERA SELATAN",6,124,85,209
https://kawalpemilu.org#20076,"RANTAU PANJANG, BUAY RAWAN, OGAN KOMERING ULU SELATAN, SUMATERA SELATAN",7,141,72,213
https://kawalpemilu.org#20076,"RANTAU PANJANG, BUAY RAWAN, OGAN KOMERING ULU SELATAN, SUMATERA SELATAN",8,133,53,186
https://kawalpemilu.org#20077,"SUKAJAYA, BUAY RAWAN, OGAN KOMERING ULU SELATAN, SUMATERA SELATAN",1,57,38,95
https://kawalpemilu.org#20077,"SUKAJAYA, BUAY RAWAN, OGAN KOMERING ULU SELATAN, SUMATERA SELATAN",2,123,116,242
https://kawalpemilu.org#20077,"SUKAJAYA, BUAY RAWAN, OGAN KOMERING ULU SELATAN, SUMATERA SELATAN",3,64,67,131
https://kawalpemilu.org#20077,"SUKAJAYA, BUAY RAWAN, OGAN KOMERING ULU SELATAN, SUMATERA SELATAN",4,122,35,157
https://kawalpemilu.org#20077,"SUKAJAYA, BUAY RAWAN, OGAN KOMERING ULU SELATAN, SUMATERA SELATAN",5,83,86,169
https://kawalpemilu.org#20077,"SUKAJAYA, BUAY RAWAN, OGAN KOMERING ULU SELATAN, SUMATERA SELATAN",6,106,96,202
https://kawalpemilu.org#20077,"SUKAJAYA, BUAY RAWAN, OGAN KOMERING ULU SELATAN, SUMATERA SELATAN",7,54,62,116
https://kawalpemilu.org#20077,"SUKAJAYA, BUAY RAWAN, OGAN KOMERING ULU SELATAN, SUMATERA SELATAN",8,112,53,165
https://kawalpemilu.org#20077,"SUKAJAYA, BUAY RAWAN, OGAN KOMERING ULU SELATAN, SUMATERA SELATAN",9,66,48,114
https://kawalpemilu.org#20077,"SUKAJAYA, BUAY RAWAN, OGAN KOMERING ULU SELATAN, SUMATERA SELATAN",10,66,75,141
https://kawalpemilu.org#20077,"SUKAJAYA, BUAY RAWAN, OGAN KOMERING ULU SELATAN, SUMATERA SELATAN",11,68,36,104
https://kawalpemilu.org#20078,"BANJAR AGUNG, BUAY RAWAN, OGAN KOMERING ULU SELATAN, SUMATERA SELATAN",1,67,100,167
https://kawalpemilu.org#20078,"BANJAR AGUNG, BUAY RAWAN, OGAN KOMERING ULU SELATAN, SUMATERA SELATAN",2,44,110,154
https://kawalpemilu.org#20078,"BANJAR AGUNG, BUAY RAWAN, OGAN KOMERING ULU SELATAN, SUMATERA SELATAN",3,72,101,173
https://kawalpemilu.org#20078,"BANJAR AGUNG, BUAY RAWAN, OGAN KOMERING ULU SELATAN, SUMATERA SELATAN",4,54,90,144
https://kawalpemilu.org#20079,"RUOS, BUAY RAWAN, OGAN KOMERING ULU SELATAN, SUMATERA SELATAN",1,57,115,172
https://kawalpemilu.org#20079,"RUOS, BUAY RAWAN, OGAN KOMERING ULU SELATAN, SUMATERA SELATAN",2,50,114,164
https://kawalpemilu.org#20079,"RUOS, BUAY RAWAN, OGAN KOMERING ULU SELATAN, SUMATERA SELATAN",3,111,68,179
https://kawalpemilu.org#20079,"RUOS, BUAY RAWAN, OGAN KOMERING ULU SELATAN, SUMATERA SELATAN",4,82,73,155
https://kawalpemilu.org#20080,"GUNUNG CAHYA, BUAY RAWAN, OGAN KOMERING ULU SELATAN, SUMATERA SELATAN",1,114,104,218
https://kawalpemilu.org#20080,"GUNUNG CAHYA, BUAY RAWAN, OGAN KOMERING ULU SELATAN, SUMATERA SELATAN",2,92,115,207
https://kawalpemilu.org#20080,"GUNUNG CAHYA, BUAY RAWAN, OGAN KOMERING ULU SELATAN, SUMATERA SELATAN",3,82,73,155
https://kawalpemilu.org#20080,"GUNUNG CAHYA, BUAY RAWAN, OGAN KOMERING ULU SELATAN, SUMATERA SELATAN",4,83,112,195
https://kawalpemilu.org#20080,"GUNUNG CAHYA, BUAY RAWAN, OGAN KOMERING ULU SELATAN, SUMATERA SELATAN",5,81,123,204
https://kawalpemilu.org#20081,"BUMI JAYA, BUAY RAWAN, OGAN KOMERING ULU SELATAN, SUMATERA SELATAN",1,84,94,178
https://kawalpemilu.org#20081,"BUMI JAYA, BUAY RAWAN, OGAN KOMERING ULU SELATAN, SUMATERA SELATAN",2,161,43,204
https://kawalpemilu.org#20081,"BUMI JAYA, BUAY RAWAN, OGAN KOMERING ULU SELATAN, SUMATERA SELATAN",3,91,81,172
https://kawalpemilu.org#20082,"BENDI, BUAY RAWAN, OGAN KOMERING ULU SELATAN, SUMATERA SELATAN",1,67,112,179
https://kawalpemilu.org#20082,"BENDI, BUAY RAWAN, OGAN KOMERING ULU SELATAN, SUMATERA SELATAN",2,182,83,265
https://kawalpemilu.org#20082,"BENDI, BUAY RAWAN, OGAN KOMERING ULU SELATAN, SUMATERA SELATAN",3,65,119,184
https://kawalpemilu.org#20083,"PEKUOLAN, BUAY RAWAN, OGAN KOMERING ULU SELATAN, SUMATERA SELATAN",1,49,115,164
https://kawalpemilu.org#20083,"PEKUOLAN, BUAY RAWAN, OGAN KOMERING ULU SELATAN, SUMATERA SELATAN",2,41,120,161
https://kawalpemilu.org#20083,"PEKUOLAN, BUAY RAWAN, OGAN KOMERING ULU SELATAN, SUMATERA SELATAN",3,42,116,158
https://kawalpemilu.org#20083,"PEKUOLAN, BUAY RAWAN, OGAN KOMERING ULU SELATAN, SUMATERA SELATAN",4,40,125,165
https://kawalpemilu.org#20084,"PELAWI, BUAY RAWAN, OGAN KOMERING ULU SELATAN, SUMATERA SELATAN",1,100,87,187
https://kawalpemilu.org#20084,"PELAWI, BUAY RAWAN, OGAN KOMERING ULU SELATAN, SUMATERA SELATAN",2,115,138,253
https://kawalpemilu.org#20084,"PELAWI, BUAY RAWAN, OGAN KOMERING ULU SELATAN, SUMATERA SELATAN",3,75,35,110
https://kawalpemilu.org#20084,"PELAWI, BUAY RAWAN, OGAN KOMERING ULU SELATAN, SUMATERA SELATAN",4,67,94,161
https://kawalpemilu.org#20085,"MAJAR, BUAY RAWAN, OGAN KOMERING ULU SELATAN, SUMATERA SELATAN",1,74,97,171
https://kawalpemilu.org#20085,"MAJAR, BUAY RAWAN, OGAN KOMERING ULU SELATAN, SUMATERA SELATAN",2,74,57,131
https://kawalpemilu.org#20086,"BUMI AGUNG JAYA, BUAY RAWAN, OGAN KOMERING ULU SELATAN, SUMATERA SELATAN",1,100,140,240
https://kawalpemilu.org#20086,"BUMI AGUNG JAYA, BUAY RAWAN, OGAN KOMERING ULU SELATAN, SUMATERA SELATAN",2,163,54,217
https://kawalpemilu.org#20086,"BUMI AGUNG JAYA, BUAY RAWAN, OGAN KOMERING ULU SELATAN, SUMATERA SELATAN",3,67,110,180
https://kawalpemilu.org#20086,"BUMI AGUNG JAYA, BUAY RAWAN, OGAN KOMERING ULU SELATAN, SUMATERA SELATAN",4,154,83,237
https://kawalpemilu.org#20086,"BUMI AGUNG JAYA, BUAY RAWAN, OGAN KOMERING ULU SELATAN, SUMATERA SELATAN",5,125,147,272
https://kawalpemilu.org#20089,"MUARA KUANG, MUARA KUANG, OGAN ILIR, SUMATERA SELATAN",1,53,138,191
https://kawalpemilu.org#20089,"MUARA KUANG, MUARA KUANG, OGAN ILIR, SUMATERA SELATAN",2,57,151,208
https://kawalpemilu.org#20089,"MUARA KUANG, MUARA KUANG, OGAN ILIR, SUMATERA SELATAN",3,57,130,187
https://kawalpemilu.org#20089,"MUARA KUANG, MUARA KUANG, OGAN ILIR, SUMATERA SELATAN",4,88,103,191
https://kawalpemilu.org#20089,"MUARA KUANG, MUARA KUANG, OGAN ILIR, SUMATERA SELATAN",5,87,92,179
https://kawalpemilu.org#20090,"MUNGGU, MUARA KUANG, OGAN ILIR, SUMATERA SELATAN",1,21,187,208
https://kawalpemilu.org#20090,"MUNGGU, MUARA KUANG, OGAN ILIR, SUMATERA SELATAN",2,11,198,209
https://kawalpemilu.org#20090,"MUNGGU, MUARA KUANG, OGAN ILIR, SUMATERA SELATAN",3,26,166,192
https://kawalpemilu.org#20090,"MUNGGU, MUARA KUANG, OGAN ILIR, SUMATERA SELATAN",4,35,169,204
https://kawalpemilu.org#20090,"MUNGGU, MUARA KUANG, OGAN ILIR, SUMATERA SELATAN",5,29,170,199
https://kawalpemilu.org#20091,"SERI MENANTI, MUARA KUANG, OGAN ILIR, SUMATERA SELATAN",1,44,187,231
https://kawalpemilu.org#20091,"SERI MENANTI, MUARA KUANG, OGAN ILIR, SUMATERA SELATAN",2,64,190,254
https://kawalpemilu.org#20091,"SERI MENANTI, MUARA KUANG, OGAN ILIR, SUMATERA SELATAN",3,68,176,244
https://kawalpemilu.org#20092,"RANTAU SIALANG, MUARA KUANG, OGAN ILIR, SUMATERA SELATAN",1,27,169,196
https://kawalpemilu.org#20092,"RANTAU SIALANG, MUARA KUANG, OGAN ILIR, SUMATERA SELATAN",2,30,168,198
https://kawalpemilu.org#20092,"RANTAU SIALANG, MUARA KUANG, OGAN ILIR, SUMATERA SELATAN",3,41,164,205
https://kawalpemilu.org#20093,"KUANG ANYAR, MUARA KUANG, OGAN ILIR, SUMATERA SELATAN",1,41,204,245
https://kawalpemilu.org#20093,"KUANG ANYAR, MUARA KUANG, OGAN ILIR, SUMATERA SELATAN",2,44,209,253
https://kawalpemilu.org#20094,"KASAH, MUARA KUANG, OGAN ILIR, SUMATERA SELATAN",1,70,129,199
https://kawalpemilu.org#20094,"KASAH, MUARA KUANG, OGAN ILIR, SUMATERA SELATAN",2,30,150,180
https://kawalpemilu.org#20094,"KASAH, MUARA KUANG, OGAN ILIR, SUMATERA SELATAN",3,34,157,191
https://kawalpemilu.org#20096,"TANABANG ULU, MUARA KUANG, OGAN ILIR, SUMATERA SELATAN",1,113,84,197
https://kawalpemilu.org#20096,"TANABANG ULU, MUARA KUANG, OGAN ILIR, SUMATERA SELATAN",2,124,74,198
https://kawalpemilu.org#20096,"TANABANG ULU, MUARA KUANG, OGAN ILIR, SUMATERA SELATAN",3,133,90,223
https://kawalpemilu.org#20097,"SERI KEMBANG, MUARA KUANG, OGAN ILIR, SUMATERA SELATAN",1,68,116,184
https://kawalpemilu.org#20097,"SERI KEMBANG, MUARA KUANG, OGAN ILIR, SUMATERA SELATAN",2,62,139,201
https://kawalpemilu.org#20097,"SERI KEMBANG, MUARA KUANG, OGAN ILIR, SUMATERA SELATAN",3,63,119,182
https://kawalpemilu.org#20097,"SERI KEMBANG, MUARA KUANG, OGAN ILIR, SUMATERA SELATAN",4,45,143,188
https://kawalpemilu.org#20097,"SERI KEMBANG, MUARA KUANG, OGAN ILIR, SUMATERA SELATAN",5,53,112,165
https://kawalpemilu.org#20098,"NAGASARI, MUARA KUANG, OGAN ILIR, SUMATERA SELATAN",1,31,153,184
https://kawalpemilu.org#20098,"NAGASARI, MUARA KUANG, OGAN ILIR, SUMATERA SELATAN",2,28,159,187
https://kawalpemilu.org#20098,"NAGASARI, MUARA KUANG, OGAN ILIR, SUMATERA SELATAN",3,69,101,170
https://kawalpemilu.org#20098,"NAGASARI, MUARA KUANG, OGAN ILIR, SUMATERA SELATAN",4,38,130,168
https://kawalpemilu.org#20098,"NAGASARI, MUARA KUANG, OGAN ILIR, SUMATERA SELATAN",5,36,113,149
https://kawalpemilu.org#20098,"NAGASARI, MUARA KUANG, OGAN ILIR, SUMATERA SELATAN",6,29,135,164
https://kawalpemilu.org#20099,"SUKA CINTA, MUARA KUANG, OGAN ILIR, SUMATERA SELATAN",1,87,102,189
https://kawalpemilu.org#20099,"SUKA CINTA, MUARA KUANG, OGAN ILIR, SUMATERA SELATAN",2,90,90,180
https://kawalpemilu.org#20099,"SUKA CINTA, MUARA KUANG, OGAN ILIR, SUMATERA SELATAN",3,86,121,207
https://kawalpemilu.org#20099,"SUKA CINTA, MUARA KUANG, OGAN ILIR, SUMATERA SELATAN",4,98,116,214
https://kawalpemilu.org#20099,"SUKA CINTA, MUARA KUANG, OGAN ILIR, SUMATERA SELATAN",5,76,131,207
https://kawalpemilu.org#20099,"SUKA CINTA, MUARA KUANG, OGAN ILIR, SUMATERA SELATAN",6,98,127,225
https://kawalpemilu.org#20100,"KELAMPADU, MUARA KUANG, OGAN ILIR, SUMATERA SELATAN",1,61,119,180
https://kawalpemilu.org#20100,"KELAMPADU, MUARA KUANG, OGAN ILIR, SUMATERA SELATAN",2,51,110,161
https://kawalpemilu.org#20100,"KELAMPADU, MUARA KUANG, OGAN ILIR, SUMATERA SELATAN",3,73,122,195
https://kawalpemilu.org#20100,"KELAMPADU, MUARA KUANG, OGAN ILIR, SUMATERA SELATAN",4,75,95,170
https://kawalpemilu.org#927630,"TANABANG ILIR, MUARA KUANG, OGAN ILIR, SUMATERA SELATAN",1,100,62,162
https://kawalpemilu.org#927630,"TANABANG ILIR, MUARA KUANG, OGAN ILIR, SUMATERA SELATAN",2,64,89,153
https://kawalpemilu.org#927630,"TANABANG ILIR, MUARA KUANG, OGAN ILIR, SUMATERA SELATAN",3,89,74,163
https://kawalpemilu.org#927630,"TANABANG ILIR, MUARA KUANG, OGAN ILIR, SUMATERA SELATAN",4,78,90,168
https://kawalpemilu.org#927870,"SUKAJADI, MUARA KUANG, OGAN ILIR, SUMATERA SELATAN",1,128,75,203
https://kawalpemilu.org#927870,"SUKAJADI, MUARA KUANG, OGAN ILIR, SUMATERA SELATAN",2,139,76,215
https://kawalpemilu.org#927870,"SUKAJADI, MUARA KUANG, OGAN ILIR, SUMATERA SELATAN",3,111,66,177
https://kawalpemilu.org#927870,"SUKAJADI, MUARA KUANG, OGAN ILIR, SUMATERA SELATAN",4,124,76,200
https://kawalpemilu.org#927870,"SUKAJADI, MUARA KUANG, OGAN ILIR, SUMATERA SELATAN",5,108,76,184
https://kawalpemilu.org#927871,"RAMA KASIH, MUARA KUANG, OGAN ILIR, SUMATERA SELATAN",1,117,99,216
https://kawalpemilu.org#927871,"RAMA KASIH, MUARA KUANG, OGAN ILIR, SUMATERA SELATAN",2,90,110,200
https://kawalpemilu.org#927871,"RAMA KASIH, MUARA KUANG, OGAN ILIR, SUMATERA SELATAN",3,111,104,215
https://kawalpemilu.org#927871,"RAMA KASIH, MUARA KUANG, OGAN ILIR, SUMATERA SELATAN",4,107,93,200
https://kawalpemilu.org#20104,"TANJUNG BATU, TANJUNG BATU, OGAN ILIR, SUMATERA SELATAN",1,90,147,237
https://kawalpemilu.org#20104,"TANJUNG BATU, TANJUNG BATU, OGAN ILIR, SUMATERA SELATAN",2,97,118,215
https://kawalpemilu.org#20104,"TANJUNG BATU, TANJUNG BATU, OGAN ILIR, SUMATERA SELATAN",3,70,95,165
https://kawalpemilu.org#20104,"TANJUNG BATU, TANJUNG BATU, OGAN ILIR, SUMATERA SELATAN",4,73,148,221
https://kawalpemilu.org#20104,"TANJUNG BATU, TANJUNG BATU, OGAN ILIR, SUMATERA SELATAN",5,91,141,232
https://kawalpemilu.org#20104,"TANJUNG BATU, TANJUNG BATU, OGAN ILIR, SUMATERA SELATAN",6,91,152,243
https://kawalpemilu.org#20104,"TANJUNG BATU, TANJUNG BATU, OGAN ILIR, SUMATERA SELATAN",7,73,177,250
https://kawalpemilu.org#20104,"TANJUNG BATU, TANJUNG BATU, OGAN ILIR, SUMATERA SELATAN",8,99,134,233
https://kawalpemilu.org#20104,"TANJUNG BATU, TANJUNG BATU, OGAN ILIR, SUMATERA SELATAN",9,87,172,259
https://kawalpemilu.org#20105,"TANJUNG BATU TIMUR, TANJUNG BATU, OGAN ILIR, SUMATERA SELATAN",1,100,122,222
https://kawalpemilu.org#20105,"TANJUNG BATU TIMUR, TANJUNG BATU, OGAN ILIR, SUMATERA SELATAN",2,86,165,251
https://kawalpemilu.org#20105,"TANJUNG BATU TIMUR, TANJUNG BATU, OGAN ILIR, SUMATERA SELATAN",3,54,173,227
https://kawalpemilu.org#20105,"TANJUNG BATU TIMUR, TANJUNG BATU, OGAN ILIR, SUMATERA SELATAN",4,85,155,240
https://kawalpemilu.org#20105,"TANJUNG BATU TIMUR, TANJUNG BATU, OGAN ILIR, SUMATERA SELATAN",5,52,148,200
https://kawalpemilu.org#20105,"TANJUNG BATU TIMUR, TANJUNG BATU, OGAN ILIR, SUMATERA SELATAN",6,68,173,241
https://kawalpemilu.org#20105,"TANJUNG BATU TIMUR, TANJUNG BATU, OGAN ILIR, SUMATERA SELATAN",7,93,168,261
https://kawalpemilu.org#20105,"TANJUNG BATU TIMUR, TANJUNG BATU, OGAN ILIR, SUMATERA SELATAN",8,66,159,225
https://kawalpemilu.org#20105,"TANJUNG BATU TIMUR, TANJUNG BATU, OGAN ILIR, SUMATERA SELATAN",9,61,155,216
https://kawalpemilu.org#20105,"TANJUNG BATU TIMUR, TANJUNG BATU, OGAN ILIR, SUMATERA SELATAN",10,55,211,266
https://kawalpemilu.org#20106,"SERI BANDUNG, TANJUNG BATU, OGAN ILIR, SUMATERA SELATAN",1,49,169,218
https://kawalpemilu.org#20106,"SERI BANDUNG, TANJUNG BATU, OGAN ILIR, SUMATERA SELATAN",2,49,145,194
https://kawalpemilu.org#20106,"SERI BANDUNG, TANJUNG BATU, OGAN ILIR, SUMATERA SELATAN",3,39,183,222
https://kawalpemilu.org#20106,"SERI BANDUNG, TANJUNG BATU, OGAN ILIR, SUMATERA SELATAN",4,27,195,222
https://kawalpemilu.org#20106,"SERI BANDUNG, TANJUNG BATU, OGAN ILIR, SUMATERA SELATAN",5,32,176,208
https://kawalpemilu.org#20106,"SERI BANDUNG, TANJUNG BATU, OGAN ILIR, SUMATERA SELATAN",6,32,168,200
https://kawalpemilu.org#20106,"SERI BANDUNG, TANJUNG BATU, OGAN ILIR, SUMATERA SELATAN",7,26,179,205
https://kawalpemilu.org#20106,"SERI BANDUNG, TANJUNG BATU, OGAN ILIR, SUMATERA SELATAN",8,20,206,226
https://kawalpemilu.org#20106,"SERI BANDUNG, TANJUNG BATU, OGAN ILIR, SUMATERA SELATAN",9,37,211,248
https://kawalpemilu.org#20106,"SERI BANDUNG, TANJUNG BATU, OGAN ILIR, SUMATERA SELATAN",10,42,195,237
https://kawalpemilu.org#20107,"SERI TANJUNG, TANJUNG BATU, OGAN ILIR, SUMATERA SELATAN",1,51,168,219
https://kawalpemilu.org#20107,"SERI TANJUNG, TANJUNG BATU, OGAN ILIR, SUMATERA SELATAN",2,62,171,233
https://kawalpemilu.org#20107,"SERI TANJUNG, TANJUNG BATU, OGAN ILIR, SUMATERA SELATAN",3,94,156,250
https://kawalpemilu.org#20107,"SERI TANJUNG, TANJUNG BATU, OGAN ILIR, SUMATERA SELATAN",4,77,153,230
https://kawalpemilu.org#20107,"SERI TANJUNG, TANJUNG BATU, OGAN ILIR, SUMATERA SELATAN",5,82,155,237
https://kawalpemilu.org#20107,"SERI TANJUNG, TANJUNG BATU, OGAN ILIR, SUMATERA SELATAN",6,65,165,230
https://kawalpemilu.org#20107,"SERI TANJUNG, TANJUNG BATU, OGAN ILIR, SUMATERA SELATAN",7,62,172,234
https://kawalpemilu.org#20107,"SERI TANJUNG, TANJUNG BATU, OGAN ILIR, SUMATERA SELATAN",8,98,152,250
https://kawalpemilu.org#20107,"SERI TANJUNG, TANJUNG BATU, OGAN ILIR, SUMATERA SELATAN",9,59,148,207
https://kawalpemilu.org#20107,"SERI TANJUNG, TANJUNG BATU, OGAN ILIR, SUMATERA SELATAN",10,100,150,250
https://kawalpemilu.org#20107,"SERI TANJUNG, TANJUNG BATU, OGAN ILIR, SUMATERA SELATAN",11,63,161,224
https://kawalpemilu.org#20108,"TANJUNG TAMBAK, TANJUNG BATU, OGAN ILIR, SUMATERA SELATAN",1,92,106,198
https://kawalpemilu.org#20108,"TANJUNG TAMBAK, TANJUNG BATU, OGAN ILIR, SUMATERA SELATAN",2,56,131,187
https://kawalpemilu.org#20108,"TANJUNG TAMBAK, TANJUNG BATU, OGAN ILIR, SUMATERA SELATAN",3,81,119,200
https://kawalpemilu.org#20108,"TANJUNG TAMBAK, TANJUNG BATU, OGAN ILIR, SUMATERA SELATAN",4,69,121,190
https://kawalpemilu.org#20109,"SENURO TIMUR, TANJUNG BATU, OGAN ILIR, SUMATERA SELATAN",1,69,178,247
https://kawalpemilu.org#20109,"SENURO TIMUR, TANJUNG BATU, OGAN ILIR, SUMATERA SELATAN",2,80,125,205
https://kawalpemilu.org#20109,"SENURO TIMUR, TANJUNG BATU, OGAN ILIR, SUMATERA SELATAN",3,76,159,235
https://kawalpemilu.org#20109,"SENURO TIMUR, TANJUNG BATU, OGAN ILIR, SUMATERA SELATAN",4,71,166,237
https://kawalpemilu.org#20110,"TANJUNG BARU PETAI, TANJUNG BATU, OGAN ILIR, SUMATERA SELATAN",1,81,161,242
https://kawalpemilu.org#20110,"TANJUNG BARU PETAI, TANJUNG BATU, OGAN ILIR, SUMATERA SELATAN",2,87,129,216
https://kawalpemilu.org#20110,"TANJUNG BARU PETAI, TANJUNG BATU, OGAN ILIR, SUMATERA SELATAN",3,89,160,249
https://kawalpemilu.org#20111,"TANJUNG BATU SEBERANG, TANJUNG BATU, OGAN ILIR, SUMATERA SELATAN",1,48,191,239
https://kawalpemilu.org#20111,"TANJUNG BATU SEBERANG, TANJUNG BATU, OGAN ILIR, SUMATERA SELATAN",2,64,170,234
https://kawalpemilu.org#20111,"TANJUNG BATU SEBERANG, TANJUNG BATU, OGAN ILIR, SUMATERA SELATAN",3,85,151,236
https://kawalpemilu.org#20111,"TANJUNG BATU SEBERANG, TANJUNG BATU, OGAN ILIR, SUMATERA SELATAN",4,85,151,236
https://kawalpemilu.org#20112,"PAJAR BULAN, TANJUNG BATU, OGAN ILIR, SUMATERA SELATAN",1,66,137,203
https://kawalpemilu.org#20112,"PAJAR BULAN, TANJUNG BATU, OGAN ILIR, SUMATERA SELATAN",2,54,151,205
https://kawalpemilu.org#20112,"PAJAR BULAN, TANJUNG BATU, OGAN ILIR, SUMATERA SELATAN",3,56,154,210
https://kawalpemilu.org#20112,"PAJAR BULAN, TANJUNG BATU, OGAN ILIR, SUMATERA SELATAN",4,53,153,206
https://kawalpemilu.org#20112,"PAJAR BULAN, TANJUNG BATU, OGAN ILIR, SUMATERA SELATAN",5,53,170,223
https://kawalpemilu.org#20113,"TANJUNG ATAP, TANJUNG BATU, OGAN ILIR, SUMATERA SELATAN",1,93,112,205
https://kawalpemilu.org#20113,"TANJUNG ATAP, TANJUNG BATU, OGAN ILIR, SUMATERA SELATAN",2,100,143,243
https://kawalpemilu.org#20113,"TANJUNG ATAP, TANJUNG BATU, OGAN ILIR, SUMATERA SELATAN",3,124,109,233
https://kawalpemilu.org#20113,"TANJUNG ATAP, TANJUNG BATU, OGAN ILIR, SUMATERA SELATAN",4,79,132,211
https://kawalpemilu.org#20113,"TANJUNG ATAP, TANJUNG BATU, OGAN ILIR, SUMATERA SELATAN",5,93,165,258
https://kawalpemilu.org#20114,"TANJUNG PINANG I, TANJUNG BATU, OGAN ILIR, SUMATERA SELATAN",1,64,142,206
https://kawalpemilu.org#20114,"TANJUNG PINANG I, TANJUNG BATU, OGAN ILIR, SUMATERA SELATAN",2,72,127,199
https://kawalpemilu.org#20114,"TANJUNG PINANG I, TANJUNG BATU, OGAN ILIR, SUMATERA SELATAN",3,59,160,219
https://kawalpemilu.org#20114,"TANJUNG PINANG I, TANJUNG BATU, OGAN ILIR, SUMATERA SELATAN",4,40,160,200
https://kawalpemilu.org#20114,"TANJUNG PINANG I, TANJUNG BATU, OGAN ILIR, SUMATERA SELATAN",5,55,156,211
https://kawalpemilu.org#20114,"TANJUNG PINANG I, TANJUNG BATU, OGAN ILIR, SUMATERA SELATAN",6,52,142,194
https://kawalpemilu.org#20114,"TANJUNG PINANG I, TANJUNG BATU, OGAN ILIR, SUMATERA SELATAN",7,54,200,254
https://kawalpemilu.org#20115,"LIMBANG JAYA I, TANJUNG BATU, OGAN ILIR, SUMATERA SELATAN",1,110,147,257
https://kawalpemilu.org#20115,"LIMBANG JAYA I, TANJUNG BATU, OGAN ILIR, SUMATERA SELATAN",2,108,130,238
https://kawalpemilu.org#20115,"LIMBANG JAYA I, TANJUNG BATU, OGAN ILIR, SUMATERA SELATAN",3,98,154,252
https://kawalpemilu.org#20115,"LIMBANG JAYA I, TANJUNG BATU, OGAN ILIR, SUMATERA SELATAN",4,124,122,246
https://kawalpemilu.org#20115,"LIMBANG JAYA I, TANJUNG BATU, OGAN ILIR, SUMATERA SELATAN",5,118,119,237
https://kawalpemilu.org#20116,"TANJUNG LAUT, TANJUNG BATU, OGAN ILIR, SUMATERA SELATAN",1,109,100,209
https://kawalpemilu.org#20116,"TANJUNG LAUT, TANJUNG BATU, OGAN ILIR, SUMATERA SELATAN",2,125,80,205
https://kawalpemilu.org#20116,"TANJUNG LAUT, TANJUNG BATU, OGAN ILIR, SUMATERA SELATAN",3,97,106,203
https://kawalpemilu.org#20116,"TANJUNG LAUT, TANJUNG BATU, OGAN ILIR, SUMATERA SELATAN",4,108,94,202
https://kawalpemilu.org#20116,"TANJUNG LAUT, TANJUNG BATU, OGAN ILIR, SUMATERA SELATAN",5,97,201,201
https://kawalpemilu.org#20117,"BURAI, TANJUNG BATU, OGAN ILIR, SUMATERA SELATAN",1,41,184,225
https://kawalpemilu.org#20117,"BURAI, TANJUNG BATU, OGAN ILIR, SUMATERA SELATAN",2,35,175,210
https://kawalpemilu.org#20117,"BURAI, TANJUNG BATU, OGAN ILIR, SUMATERA SELATAN",3,38,197,235
https://kawalpemilu.org#20117,"BURAI, TANJUNG BATU, OGAN ILIR, SUMATERA SELATAN",4,50,208,258
https://kawalpemilu.org#20117,"BURAI, TANJUNG BATU, OGAN ILIR, SUMATERA SELATAN",5,139,83,222
https://kawalpemilu.org#20118,"SENTUL, TANJUNG BATU, OGAN ILIR, SUMATERA SELATAN",1,37,187,224
https://kawalpemilu.org#20118,"SENTUL, TANJUNG BATU, OGAN ILIR, SUMATERA SELATAN",2,40,186,226
https://kawalpemilu.org#20118,"SENTUL, TANJUNG BATU, OGAN ILIR, SUMATERA SELATAN",3,41,175,216
https://kawalpemilu.org#20118,"SENTUL, TANJUNG BATU, OGAN ILIR, SUMATERA SELATAN",4,33,182,215
https://kawalpemilu.org#20118,"SENTUL, TANJUNG BATU, OGAN ILIR, SUMATERA SELATAN",5,55,192,247
https://kawalpemilu.org#20119,"BANGUN JAYA, TANJUNG BATU, OGAN ILIR, SUMATERA SELATAN",1,91,136,227
https://kawalpemilu.org#20119,"BANGUN JAYA, TANJUNG BATU, OGAN ILIR, SUMATERA SELATAN",2,84,152,236
https://kawalpemilu.org#20119,"BANGUN JAYA, TANJUNG BATU, OGAN ILIR, SUMATERA SELATAN",3,80,154,234
https://kawalpemilu.org#20119,"BANGUN JAYA, TANJUNG BATU, OGAN ILIR, SUMATERA SELATAN",4,78,144,222
https://kawalpemilu.org#20119,"BANGUN JAYA, TANJUNG BATU, OGAN ILIR, SUMATERA SELATAN",5,86,150,236
https://kawalpemilu.org#20119,"BANGUN JAYA, TANJUNG BATU, OGAN ILIR, SUMATERA SELATAN",6,80,165,245
https://kawalpemilu.org#20119,"BANGUN JAYA, TANJUNG BATU, OGAN ILIR, SUMATERA SELATAN",7,75,157,232
https://kawalpemilu.org#20120,"TANJUNG TAMBAK BARU, TANJUNG BATU, OGAN ILIR, SUMATERA SELATAN",1,51,135,186
https://kawalpemilu.org#20120,"TANJUNG TAMBAK BARU, TANJUNG BATU, OGAN ILIR, SUMATERA SELATAN",2,76,111,187
https://kawalpemilu.org#20120,"TANJUNG TAMBAK BARU, TANJUNG BATU, OGAN ILIR, SUMATERA SELATAN",3,66,121,187
https://kawalpemilu.org#20120,"TANJUNG TAMBAK BARU, TANJUNG BATU, OGAN ILIR, SUMATERA SELATAN",4,54,135,189
https://kawalpemilu.org#20121,"LIMBANG JAYA II, TANJUNG BATU, OGAN ILIR, SUMATERA SELATAN",1,114,132,246
https://kawalpemilu.org#20121,"LIMBANG JAYA II, TANJUNG BATU, OGAN ILIR, SUMATERA SELATAN",2,139,109,248
https://kawalpemilu.org#20121,"LIMBANG JAYA II, TANJUNG BATU, OGAN ILIR, SUMATERA SELATAN",3,141,99,240
https://kawalpemilu.org#20121,"LIMBANG JAYA II, TANJUNG BATU, OGAN ILIR, SUMATERA SELATAN",4,177,75,252
https://kawalpemilu.org#20121,"LIMBANG JAYA II, TANJUNG BATU, OGAN ILIR, SUMATERA SELATAN",5,121,123,244
https://kawalpemilu.org#20122,"SENURO BARAT, TANJUNG BATU, OGAN ILIR, SUMATERA SELATAN",1,64,175,239
https://kawalpemilu.org#20122,"SENURO BARAT, TANJUNG BATU, OGAN ILIR, SUMATERA SELATAN",2,50,188,238
https://kawalpemilu.org#20122,"SENURO BARAT, TANJUNG BATU, OGAN ILIR, SUMATERA SELATAN",3,66,168,234
https://kawalpemilu.org#20122,"SENURO BARAT, TANJUNG BATU, OGAN ILIR, SUMATERA SELATAN",4,87,153,240
https://kawalpemilu.org#20122,"SENURO BARAT, TANJUNG BATU, OGAN ILIR, SUMATERA SELATAN",5,68,170,238
https://kawalpemilu.org#20122,"SENURO BARAT, TANJUNG BATU, OGAN ILIR, SUMATERA SELATAN",6,47,188,235
https://kawalpemilu.org#20122,"SENURO BARAT, TANJUNG BATU, OGAN ILIR, SUMATERA SELATAN",7,61,192,253
https://kawalpemilu.org#20123,"TANJUNG PINANG II, TANJUNG BATU, OGAN ILIR, SUMATERA SELATAN",1,55,163,218
https://kawalpemilu.org#20123,"TANJUNG PINANG II, TANJUNG BATU, OGAN ILIR, SUMATERA SELATAN",2,63,155,218
https://kawalpemilu.org#20123,"TANJUNG PINANG II, TANJUNG BATU, OGAN ILIR, SUMATERA SELATAN",3,84,140,224
https://kawalpemilu.org#20123,"TANJUNG PINANG II, TANJUNG BATU, OGAN ILIR, SUMATERA SELATAN",4,62,203,265
https://kawalpemilu.org#20124,"TANJUNG ATAP BARAT, TANJUNG BATU, OGAN ILIR, SUMATERA SELATAN",1,100,155,255
https://kawalpemilu.org#20124,"TANJUNG ATAP BARAT, TANJUNG BATU, OGAN ILIR, SUMATERA SELATAN",2,90,152,242
https://kawalpemilu.org#20124,"TANJUNG ATAP BARAT, TANJUNG BATU, OGAN ILIR, SUMATERA SELATAN",3,80,133,213
https://kawalpemilu.org#20124,"TANJUNG ATAP BARAT, TANJUNG BATU, OGAN ILIR, SUMATERA SELATAN",4,41,195,236
https://kawalpemilu.org#20124,"TANJUNG ATAP BARAT, TANJUNG BATU, OGAN ILIR, SUMATERA SELATAN",5,74,145,219
https://kawalpemilu.org#20126,"TANJUNG RAJA, TANJUNG RAJA, OGAN ILIR, SUMATERA SELATAN",1,118,99,217
https://kawalpemilu.org#20126,"TANJUNG RAJA, TANJUNG RAJA, OGAN ILIR, SUMATERA SELATAN",2,143,117,260
https://kawalpemilu.org#20126,"TANJUNG RAJA, TANJUNG RAJA, OGAN ILIR, SUMATERA SELATAN",3,95,111,206
https://kawalpemilu.org#20126,"TANJUNG RAJA, TANJUNG RAJA, OGAN ILIR, SUMATERA SELATAN",4,96,158,254
https://kawalpemilu.org#20126,"TANJUNG RAJA, TANJUNG RAJA, OGAN ILIR, SUMATERA SELATAN",5,95,127,222
https://kawalpemilu.org#20126,"TANJUNG RAJA, TANJUNG RAJA, OGAN ILIR, SUMATERA SELATAN",6,116,110,226
https://kawalpemilu.org#20126,"TANJUNG RAJA, TANJUNG RAJA, OGAN ILIR, SUMATERA SELATAN",7,84,144,228
https://kawalpemilu.org#20126,"TANJUNG RAJA, TANJUNG RAJA, OGAN ILIR, SUMATERA SELATAN",8,98,114,212
https://kawalpemilu.org#20126,"TANJUNG RAJA, TANJUNG RAJA, OGAN ILIR, SUMATERA SELATAN",9,140,133,273
https://kawalpemilu.org#20126,"TANJUNG RAJA, TANJUNG RAJA, OGAN ILIR, SUMATERA SELATAN",10,192,95,287
https://kawalpemilu.org#20126,"TANJUNG RAJA, TANJUNG RAJA, OGAN ILIR, SUMATERA SELATAN",11,100,170,270
https://kawalpemilu.org#20126,"TANJUNG RAJA, TANJUNG RAJA, OGAN ILIR, SUMATERA SELATAN",12,196,65,261
https://kawalpemilu.org#20126,"TANJUNG RAJA, TANJUNG RAJA, OGAN ILIR, SUMATERA SELATAN",13,102,72,174
https://kawalpemilu.org#20127,"TANJUNG RAJA BARAT, TANJUNG RAJA, OGAN ILIR, SUMATERA SELATAN",1,97,120,217
https://kawalpemilu.org#20127,"TANJUNG RAJA BARAT, TANJUNG RAJA, OGAN ILIR, SUMATERA SELATAN",2,87,139,226
https://kawalpemilu.org#20127,"TANJUNG RAJA BARAT, TANJUNG RAJA, OGAN ILIR, SUMATERA SELATAN",3,86,131,221
https://kawalpemilu.org#20127,"TANJUNG RAJA BARAT, TANJUNG RAJA, OGAN ILIR, SUMATERA SELATAN",4,96,133,229
https://kawalpemilu.org#20127,"TANJUNG RAJA BARAT, TANJUNG RAJA, OGAN ILIR, SUMATERA SELATAN",5,132,81,213
https://kawalpemilu.org#20127,"TANJUNG RAJA BARAT, TANJUNG RAJA, OGAN ILIR, SUMATERA SELATAN",7,66,162,228
https://kawalpemilu.org#20127,"TANJUNG RAJA BARAT, TANJUNG RAJA, OGAN ILIR, SUMATERA SELATAN",9,28,61,89
https://kawalpemilu.org#20127,"TANJUNG RAJA BARAT, TANJUNG RAJA, OGAN ILIR, SUMATERA SELATAN",10,36,66,102
https://kawalpemilu.org#20127,"TANJUNG RAJA BARAT, TANJUNG RAJA, OGAN ILIR, SUMATERA SELATAN",11,97,135,232
https://kawalpemilu.org#20127,"TANJUNG RAJA BARAT, TANJUNG RAJA, OGAN ILIR, SUMATERA SELATAN",12,107,118,225
https://kawalpemilu.org#20128,"TANJUNG RAJA UTARA, TANJUNG RAJA, OGAN ILIR, SUMATERA SELATAN",1,96,140,236
https://kawalpemilu.org#20128,"TANJUNG RAJA UTARA, TANJUNG RAJA, OGAN ILIR, SUMATERA SELATAN",2,114,117,231
https://kawalpemilu.org#20128,"TANJUNG RAJA UTARA, TANJUNG RAJA, OGAN ILIR, SUMATERA SELATAN",3,75,105,180
https://kawalpemilu.org#20128,"TANJUNG RAJA UTARA, TANJUNG RAJA, OGAN ILIR, SUMATERA SELATAN",4,138,89,227
https://kawalpemilu.org#20128,"TANJUNG RAJA UTARA, TANJUNG RAJA, OGAN ILIR, SUMATERA SELATAN",5,108,101,209
https://kawalpemilu.org#20128,"TANJUNG RAJA UTARA, TANJUNG RAJA, OGAN ILIR, SUMATERA SELATAN",6,149,100,249
https://kawalpemilu.org#20128,"TANJUNG RAJA UTARA, TANJUNG RAJA, OGAN ILIR, SUMATERA SELATAN",7,99,82,181
https://kawalpemilu.org#20129,"TANJUNG RAJA TIMUR, TANJUNG RAJA, OGAN ILIR, SUMATERA SELATAN",1,59,182,241
https://kawalpemilu.org#20129,"TANJUNG RAJA TIMUR, TANJUNG RAJA, OGAN ILIR, SUMATERA SELATAN",2,57,181,238
https://kawalpemilu.org#20129,"TANJUNG RAJA TIMUR, TANJUNG RAJA, OGAN ILIR, SUMATERA SELATAN",3,119,144,263
https://kawalpemilu.org#20129,"TANJUNG RAJA TIMUR, TANJUNG RAJA, OGAN ILIR, SUMATERA SELATAN",4,96,153,249
https://kawalpemilu.org#20129,"TANJUNG RAJA TIMUR, TANJUNG RAJA, OGAN ILIR, SUMATERA SELATAN",5,63,173,236
https://kawalpemilu.org#20129,"TANJUNG RAJA TIMUR, TANJUNG RAJA, OGAN ILIR, SUMATERA SELATAN",6,106,140,246
https://kawalpemilu.org#20129,"TANJUNG RAJA TIMUR, TANJUNG RAJA, OGAN ILIR, SUMATERA SELATAN",7,79,171,250
https://kawalpemilu.org#20130,"SUKA PINDAH, TANJUNG RAJA, OGAN ILIR, SUMATERA SELATAN",1,42,136,178
https://kawalpemilu.org#20130,"SUKA PINDAH, TANJUNG RAJA, OGAN ILIR, SUMATERA SELATAN",2,44,114,158
https://kawalpemilu.org#20130,"SUKA PINDAH, TANJUNG RAJA, OGAN ILIR, SUMATERA SELATAN",3,77,148,225
https://kawalpemilu.org#20130,"SUKA PINDAH, TANJUNG RAJA, OGAN ILIR, SUMATERA SELATAN",4,63,156,219
https://kawalpemilu.org#20131,"TANJUNG TEMIANG, TANJUNG RAJA, OGAN ILIR, SUMATERA SELATAN",1,122,113,235
https://kawalpemilu.org#20131,"TANJUNG TEMIANG, TANJUNG RAJA, OGAN ILIR, SUMATERA SELATAN",2,139,98,237
https://kawalpemilu.org#20131,"TANJUNG TEMIANG, TANJUNG RAJA, OGAN ILIR, SUMATERA SELATAN",3,154,88,242
https://kawalpemilu.org#20131,"TANJUNG TEMIANG, TANJUNG RAJA, OGAN ILIR, SUMATERA SELATAN",4,83,119,202
https://kawalpemilu.org#20131,"TANJUNG TEMIANG, TANJUNG RAJA, OGAN ILIR, SUMATERA SELATAN",5,84,142,226
https://kawalpemilu.org#20131,"TANJUNG TEMIANG, TANJUNG RAJA, OGAN ILIR, SUMATERA SELATAN",6,132,124,256
https://kawalpemilu.org#20132,"SERI DALAM, TANJUNG RAJA, OGAN ILIR, SUMATERA SELATAN",1,139,77,216
https://kawalpemilu.org#20132,"SERI DALAM, TANJUNG RAJA, OGAN ILIR, SUMATERA SELATAN",2,115,108,223
https://kawalpemilu.org#20132,"SERI DALAM, TANJUNG RAJA, OGAN ILIR, SUMATERA SELATAN",3,109,118,227
https://kawalpemilu.org#20132,"SERI DALAM, TANJUNG RAJA, OGAN ILIR, SUMATERA SELATAN",4,121,113,234
https://kawalpemilu.org#20132,"SERI DALAM, TANJUNG RAJA, OGAN ILIR, SUMATERA SELATAN",5,80,103,183
https://kawalpemilu.org#20132,"SERI DALAM, TANJUNG RAJA, OGAN ILIR, SUMATERA SELATAN",6,63,155,218
https://kawalpemilu.org#20133,"KERINJING, TANJUNG RAJA, OGAN ILIR, SUMATERA SELATAN",1,68,131,199
https://kawalpemilu.org#20133,"KERINJING, TANJUNG RAJA, OGAN ILIR, SUMATERA SELATAN",2,50,139,189
https://kawalpemilu.org#20133,"KERINJING, TANJUNG RAJA, OGAN ILIR, SUMATERA SELATAN",3,44,140,184
https://kawalpemilu.org#20133,"KERINJING, TANJUNG RAJA, OGAN ILIR, SUMATERA SELATAN",4,86,132,218
https://kawalpemilu.org#20134,"ULAK KERBAU BARU, TANJUNG RAJA, OGAN ILIR, SUMATERA SELATAN",1,74,137,211
https://kawalpemilu.org#20134,"ULAK KERBAU BARU, TANJUNG RAJA, OGAN ILIR, SUMATERA SELATAN",2,78,118,196
https://kawalpemilu.org#20134,"ULAK KERBAU BARU, TANJUNG RAJA, OGAN ILIR, SUMATERA SELATAN",3,52,147,199
https://kawalpemilu.org#20134,"ULAK KERBAU BARU, TANJUNG RAJA, OGAN ILIR, SUMATERA SELATAN",4,35,145,180
https://kawalpemilu.org#20134,"ULAK KERBAU BARU, TANJUNG RAJA, OGAN ILIR, SUMATERA SELATAN",5,46,136,182
https://kawalpemilu.org#20135,"ULAK KERBAU LAMA, TANJUNG RAJA, OGAN ILIR, SUMATERA SELATAN",1,45,185,230
https://kawalpemilu.org#20135,"ULAK KERBAU LAMA, TANJUNG RAJA, OGAN ILIR, SUMATERA SELATAN",2,46,177,223
https://kawalpemilu.org#20135,"ULAK KERBAU LAMA, TANJUNG RAJA, OGAN ILIR, SUMATERA SELATAN",3,48,182,230
https://kawalpemilu.org#20135,"ULAK KERBAU LAMA, TANJUNG RAJA, OGAN ILIR, SUMATERA SELATAN",4,43,150,193
https://kawalpemilu.org#20135,"ULAK KERBAU LAMA, TANJUNG RAJA, OGAN ILIR, SUMATERA SELATAN",5,71,128,199
https://kawalpemilu.org#20135,"ULAK KERBAU LAMA, TANJUNG RAJA, OGAN ILIR, SUMATERA SELATAN",6,92,119,211
https://kawalpemilu.org#20136,"TANJUNG AGAS, TANJUNG RAJA, OGAN ILIR, SUMATERA SELATAN",1,80,111,191
https://kawalpemilu.org#20136,"TANJUNG AGAS, TANJUNG RAJA, OGAN ILIR, SUMATERA SELATAN",2,46,137,183
https://kawalpemilu.org#20136,"TANJUNG AGAS, TANJUNG RAJA, OGAN ILIR, SUMATERA SELATAN",3,35,154,189
https://kawalpemilu.org#20136,"TANJUNG AGAS, TANJUNG RAJA, OGAN ILIR, SUMATERA SELATAN",4,58,123,181
https://kawalpemilu.org#20137,"SIRING ALAM, TANJUNG RAJA, OGAN ILIR, SUMATERA SELATAN",1,58,163,221
https://kawalpemilu.org#20137,"SIRING ALAM, TANJUNG RAJA, OGAN ILIR, SUMATERA SELATAN",2,56,139,195
https://kawalpemilu.org#20137,"SIRING ALAM, TANJUNG RAJA, OGAN ILIR, SUMATERA SELATAN",3,66,140,206
https://kawalpemilu.org#20138,"TALANG BALAI BARU I, TANJUNG RAJA, OGAN ILIR, SUMATERA SELATAN",1,108,115,223
https://kawalpemilu.org#20138,"TALANG BALAI BARU I, TANJUNG RAJA, OGAN ILIR, SUMATERA SELATAN",2,128,115,243
https://kawalpemilu.org#20138,"TALANG BALAI BARU I, TANJUNG RAJA, OGAN ILIR, SUMATERA SELATAN",3,119,118,237
https://kawalpemilu.org#20138,"TALANG BALAI BARU I, TANJUNG RAJA, OGAN ILIR, SUMATERA SELATAN",4,122,101,223
https://kawalpemilu.org#20138,"TALANG BALAI BARU I, TANJUNG RAJA, OGAN ILIR, SUMATERA SELATAN",5,87,147,234
https://kawalpemilu.org#20138,"TALANG BALAI BARU I, TANJUNG RAJA, OGAN ILIR, SUMATERA SELATAN",6,109,105,214
https://kawalpemilu.org#20139,"TALANG BALAI LAMA, TANJUNG RAJA, OGAN ILIR, SUMATERA SELATAN",1,95,100,195
https://kawalpemilu.org#20139,"TALANG BALAI LAMA, TANJUNG RAJA, OGAN ILIR, SUMATERA SELATAN",2,92,102,194
https://kawalpemilu.org#20139,"TALANG BALAI LAMA, TANJUNG RAJA, OGAN ILIR, SUMATERA SELATAN",3,66,117,183
https://kawalpemilu.org#20139,"TALANG BALAI LAMA, TANJUNG RAJA, OGAN ILIR, SUMATERA SELATAN",4,86,103,189
https://kawalpemilu.org#20139,"TALANG BALAI LAMA, TANJUNG RAJA, OGAN ILIR, SUMATERA SELATAN",5,89,88,177
https://kawalpemilu.org#20140,"SKONJING, TANJUNG RAJA, OGAN ILIR, SUMATERA SELATAN",1,99,130,229
https://kawalpemilu.org#20140,"SKONJING, TANJUNG RAJA, OGAN ILIR, SUMATERA SELATAN",2,65,113,178
https://kawalpemilu.org#20140,"SKONJING, TANJUNG RAJA, OGAN ILIR, SUMATERA SELATAN",3,48,112,160
https://kawalpemilu.org#20140,"SKONJING, TANJUNG RAJA, OGAN ILIR, SUMATERA SELATAN",4,56,127,183
https://kawalpemilu.org#20140,"SKONJING, TANJUNG RAJA, OGAN ILIR, SUMATERA SELATAN",5,40,113,153
https://kawalpemilu.org#20140,"SKONJING, TANJUNG RAJA, OGAN ILIR, SUMATERA SELATAN",6,61,102,163
https://kawalpemilu.org#20141,"TANJUNG RAJA SELATAN, TANJUNG RAJA, OGAN ILIR, SUMATERA SELATAN",1,115,104,219
https://kawalpemilu.org#20141,"TANJUNG RAJA SELATAN, TANJUNG RAJA, OGAN ILIR, SUMATERA SELATAN",2,118,74,192
https://kawalpemilu.org#20141,"TANJUNG RAJA SELATAN, TANJUNG RAJA, OGAN ILIR, SUMATERA SELATAN",3,120,107,227
https://kawalpemilu.org#20141,"TANJUNG RAJA SELATAN, TANJUNG RAJA, OGAN ILIR, SUMATERA SELATAN",4,120,108,228
https://kawalpemilu.org#20141,"TANJUNG RAJA SELATAN, TANJUNG RAJA, OGAN ILIR, SUMATERA SELATAN",5,106,107,213
https://kawalpemilu.org#20141,"TANJUNG RAJA SELATAN, TANJUNG RAJA, OGAN ILIR, SUMATERA SELATAN",6,110,107,217
https://kawalpemilu.org#20141,"TANJUNG RAJA SELATAN, TANJUNG RAJA, OGAN ILIR, SUMATERA SELATAN",7,115,108,223
https://kawalpemilu.org#20141,"TANJUNG RAJA SELATAN, TANJUNG RAJA, OGAN ILIR, SUMATERA SELATAN",8,112,102,214
https://kawalpemilu.org#20141,"TANJUNG RAJA SELATAN, TANJUNG RAJA, OGAN ILIR, SUMATERA SELATAN",9,87,125,212
https://kawalpemilu.org#20141,"TANJUNG RAJA SELATAN, TANJUNG RAJA, OGAN ILIR, SUMATERA SELATAN",10,95,83,178
https://kawalpemilu.org#20142,"BELANTI, TANJUNG RAJA, OGAN ILIR, SUMATERA SELATAN",1,104,114,218
https://kawalpemilu.org#20142,"BELANTI, TANJUNG RAJA, OGAN ILIR, SUMATERA SELATAN",2,114,139,253
https://kawalpemilu.org#20142,"BELANTI, TANJUNG RAJA, OGAN ILIR, SUMATERA SELATAN",3,95,166,261
https://kawalpemilu.org#20142,"BELANTI, TANJUNG RAJA, OGAN ILIR, SUMATERA SELATAN",4,81,107,188
https://kawalpemilu.org#20142,"BELANTI, TANJUNG RAJA, OGAN ILIR, SUMATERA SELATAN",5,44,105,149
https://kawalpemilu.org#20142,"BELANTI, TANJUNG RAJA, OGAN ILIR, SUMATERA SELATAN",6,99,166,265
https://kawalpemilu.org#20143,"TANJUNG HARAPAN, TANJUNG RAJA, OGAN ILIR, SUMATERA SELATAN",1,93,83,176
https://kawalpemilu.org#20143,"TANJUNG HARAPAN, TANJUNG RAJA, OGAN ILIR, SUMATERA SELATAN",2,159,67,226
https://kawalpemilu.org#20143,"TANJUNG HARAPAN, TANJUNG RAJA, OGAN ILIR, SUMATERA SELATAN",3,121,58,179
https://kawalpemilu.org#20144,"TALANG BALAI BARU II, TANJUNG RAJA, OGAN ILIR, SUMATERA SELATAN",1,138,115,253
https://kawalpemilu.org#20144,"TALANG BALAI BARU II, TANJUNG RAJA, OGAN ILIR, SUMATERA SELATAN",2,88,155,243
https://kawalpemilu.org#20144,"TALANG BALAI BARU II, TANJUNG RAJA, OGAN ILIR, SUMATERA SELATAN",3,107,139,246
https://kawalpemilu.org#20144,"TALANG BALAI BARU II, TANJUNG RAJA, OGAN ILIR, SUMATERA SELATAN",4,94,152,246
https://kawalpemilu.org#20144,"TALANG BALAI BARU II, TANJUNG RAJA, OGAN ILIR, SUMATERA SELATAN",5,59,179,238
https://kawalpemilu.org#20146,"INDRALAYA RAYA, INDRALAYA, OGAN ILIR, SUMATERA SELATAN",1,66,164,230
https://kawalpemilu.org#20146,"INDRALAYA RAYA, INDRALAYA, OGAN ILIR, SUMATERA SELATAN",2,55,137,192
https://kawalpemilu.org#20146,"INDRALAYA RAYA, INDRALAYA, OGAN ILIR, SUMATERA SELATAN",3,63,163,226
https://kawalpemilu.org#20146,"INDRALAYA RAYA, INDRALAYA, OGAN ILIR, SUMATERA SELATAN",4,72,179,251
https://kawalpemilu.org#20146,"INDRALAYA RAYA, INDRALAYA, OGAN ILIR, SUMATERA SELATAN",5,48,183,231
https://kawalpemilu.org#20146,"INDRALAYA RAYA, INDRALAYA, OGAN ILIR, SUMATERA SELATAN",6,45,199,244
https://kawalpemilu.org#20146,"INDRALAYA RAYA, INDRALAYA, OGAN ILIR, SUMATERA SELATAN",7,72,227,299
https://kawalpemilu.org#20146,"INDRALAYA RAYA, INDRALAYA, OGAN ILIR, SUMATERA SELATAN",8,67,219,286
https://kawalpemilu.org#20146,"INDRALAYA RAYA, INDRALAYA, OGAN ILIR, SUMATERA SELATAN",9,62,171,233
https://kawalpemilu.org#20146,"INDRALAYA RAYA, INDRALAYA, OGAN ILIR, SUMATERA SELATAN",10,84,149,233
https://kawalpemilu.org#20146,"INDRALAYA RAYA, INDRALAYA, OGAN ILIR, SUMATERA SELATAN",11,74,174,248
https://kawalpemilu.org#20146,"INDRALAYA RAYA, INDRALAYA, OGAN ILIR, SUMATERA SELATAN",12,62,184,246
https://kawalpemilu.org#20147,"INDRALAYA INDAH, INDRALAYA, OGAN ILIR, SUMATERA SELATAN",1,94,196,290
https://kawalpemilu.org#20147,"INDRALAYA INDAH, INDRALAYA, OGAN ILIR, SUMATERA SELATAN",2,72,187,259
https://kawalpemilu.org#20147,"INDRALAYA INDAH, INDRALAYA, OGAN ILIR, SUMATERA SELATAN",3,55,172,227
https://kawalpemilu.org#20147,"INDRALAYA INDAH, INDRALAYA, OGAN ILIR, SUMATERA SELATAN",4,41,175,216
https://kawalpemilu.org#20147,"INDRALAYA INDAH, INDRALAYA, OGAN ILIR, SUMATERA SELATAN",5,46,145,191
https://kawalpemilu.org#20147,"INDRALAYA INDAH, INDRALAYA, OGAN ILIR, SUMATERA SELATAN",6,85,105,190
https://kawalpemilu.org#20147,"INDRALAYA INDAH, INDRALAYA, OGAN ILIR, SUMATERA SELATAN",7,61,178,239
https://kawalpemilu.org#20147,"INDRALAYA INDAH, INDRALAYA, OGAN ILIR, SUMATERA SELATAN",8,69,168,237
https://kawalpemilu.org#20148,"INDRALAYA MULIA, INDRALAYA, OGAN ILIR, SUMATERA SELATAN",1,104,133,237
https://kawalpemilu.org#20148,"INDRALAYA MULIA, INDRALAYA, OGAN ILIR, SUMATERA SELATAN",2,83,163,246
https://kawalpemilu.org#20148,"INDRALAYA MULIA, INDRALAYA, OGAN ILIR, SUMATERA SELATAN",3,82,186,268
https://kawalpemilu.org#20148,"INDRALAYA MULIA, INDRALAYA, OGAN ILIR, SUMATERA SELATAN",4,64,186,250
https://kawalpemilu.org#20148,"INDRALAYA MULIA, INDRALAYA, OGAN ILIR, SUMATERA SELATAN",5,79,178,257
https://kawalpemilu.org#20148,"INDRALAYA MULIA, INDRALAYA, OGAN ILIR, SUMATERA SELATAN",6,68,200,268
https://kawalpemilu.org#20148,"INDRALAYA MULIA, INDRALAYA, OGAN ILIR, SUMATERA SELATAN",7,59,196,255
https://kawalpemilu.org#20148,"INDRALAYA MULIA, INDRALAYA, OGAN ILIR, SUMATERA SELATAN",8,69,127,196
https://kawalpemilu.org#20148,"INDRALAYA MULIA, INDRALAYA, OGAN ILIR, SUMATERA SELATAN",9,47,209,256
https://kawalpemilu.org#20148,"INDRALAYA MULIA, INDRALAYA, OGAN ILIR, SUMATERA SELATAN",10,46,189,235
https://kawalpemilu.org#20148,"INDRALAYA MULIA, INDRALAYA, OGAN ILIR, SUMATERA SELATAN",11,75,176,251
https://kawalpemilu.org#20148,"INDRALAYA MULIA, INDRALAYA, OGAN ILIR, SUMATERA SELATAN",12,73,166,239
https://kawalpemilu.org#20148,"INDRALAYA MULIA, INDRALAYA, OGAN ILIR, SUMATERA SELATAN",13,65,119,184
https://kawalpemilu.org#20148,"INDRALAYA MULIA, INDRALAYA, OGAN ILIR, SUMATERA SELATAN",14,61,214,275
https://kawalpemilu.org#20148,"INDRALAYA MULIA, INDRALAYA, OGAN ILIR, SUMATERA SELATAN",15,78,213,291
https://kawalpemilu.org#20149,"LUBUK SAKTI, INDRALAYA, OGAN ILIR, SUMATERA SELATAN",1,150,69,219
https://kawalpemilu.org#20149,"LUBUK SAKTI, INDRALAYA, OGAN ILIR, SUMATERA SELATAN",2,132,92,224
https://kawalpemilu.org#20149,"LUBUK SAKTI, INDRALAYA, OGAN ILIR, SUMATERA SELATAN",3,105,108,213
https://kawalpemilu.org#20149,"LUBUK SAKTI, INDRALAYA, OGAN ILIR, SUMATERA SELATAN",4,94,97,191
https://kawalpemilu.org#20149,"LUBUK SAKTI, INDRALAYA, OGAN ILIR, SUMATERA SELATAN",5,102,101,203
https://kawalpemilu.org#20149,"LUBUK SAKTI, INDRALAYA, OGAN ILIR, SUMATERA SELATAN",6,123,105,228
https://kawalpemilu.org#20150,"TANJUNG GELAM, INDRALAYA, OGAN ILIR, SUMATERA SELATAN",1,96,110,206
https://kawalpemilu.org#20150,"TANJUNG GELAM, INDRALAYA, OGAN ILIR, SUMATERA SELATAN",2,87,119,206
https://kawalpemilu.org#20150,"TANJUNG GELAM, INDRALAYA, OGAN ILIR, SUMATERA SELATAN",3,102,109,211
https://kawalpemilu.org#20150,"TANJUNG GELAM, INDRALAYA, OGAN ILIR, SUMATERA SELATAN",4,92,179,271
https://kawalpemilu.org#20151,"TANJUNG AGUNG, INDRALAYA, OGAN ILIR, SUMATERA SELATAN",1,80,130,210
https://kawalpemilu.org#20151,"TANJUNG AGUNG, INDRALAYA, OGAN ILIR, SUMATERA SELATAN",2,106,134,240
https://kawalpemilu.org#20151,"TANJUNG AGUNG, INDRALAYA, OGAN ILIR, SUMATERA SELATAN",3,80,109,189
https://kawalpemilu.org#20151,"TANJUNG AGUNG, INDRALAYA, OGAN ILIR, SUMATERA SELATAN",4,90,114,204
https://kawalpemilu.org#20152,"TANJUNG SEJARO, INDRALAYA, OGAN ILIR, SUMATERA SELATAN",1,121,121,242
https://kawalpemilu.org#20152,"TANJUNG SEJARO, INDRALAYA, OGAN ILIR, SUMATERA SELATAN",2,148,87,235
https://kawalpemilu.org#20152,"TANJUNG SEJARO, INDRALAYA, OGAN ILIR, SUMATERA SELATAN",3,113,113,226
https://kawalpemilu.org#20152,"TANJUNG SEJARO, INDRALAYA, OGAN ILIR, SUMATERA SELATAN",4,91,128,219
https://kawalpemilu.org#20153,"SAKATIGA SEBERANG, INDRALAYA, OGAN ILIR, SUMATERA SELATAN",1,116,87,203
https://kawalpemilu.org#20153,"SAKATIGA SEBERANG, INDRALAYA, OGAN ILIR, SUMATERA SELATAN",2,68,155,223
https://kawalpemilu.org#20153,"SAKATIGA SEBERANG, INDRALAYA, OGAN ILIR, SUMATERA SELATAN",3,42,165,207
https://kawalpemilu.org#20153,"SAKATIGA SEBERANG, INDRALAYA, OGAN ILIR, SUMATERA SELATAN",4,60,141,201
https://kawalpemilu.org#20154,"MUARA P. ULU, INDRALAYA, OGAN ILIR, SUMATERA SELATAN",1,86,161,247
https://kawalpemilu.org#20154,"MUARA P. ULU, INDRALAYA, OGAN ILIR, SUMATERA SELATAN",2,114,129,243
https://kawalpemilu.org#20154,"MUARA P. ULU, INDRALAYA, OGAN ILIR, SUMATERA SELATAN",3,113,112,225
https://kawalpemilu.org#20154,"MUARA P. ULU, INDRALAYA, OGAN ILIR, SUMATERA SELATAN",4,88,125,213
https://kawalpemilu.org#20155,"TANJUNG SETEKO, INDRALAYA, OGAN ILIR, SUMATERA SELATAN",1,97,143,240
https://kawalpemilu.org#20155,"TANJUNG SETEKO, INDRALAYA, OGAN ILIR, SUMATERA SELATAN",2,87,166,253
https://kawalpemilu.org#20155,"TANJUNG SETEKO, INDRALAYA, OGAN ILIR, SUMATERA SELATAN",3,65,171,236
https://kawalpemilu.org#20155,"TANJUNG SETEKO, INDRALAYA, OGAN ILIR, SUMATERA SELATAN",4,56,176,232
https://kawalpemilu.org#20155,"TANJUNG SETEKO, INDRALAYA, OGAN ILIR, SUMATERA SELATAN",5,37,190,227
https://kawalpemilu.org#20155,"TANJUNG SETEKO, INDRALAYA, OGAN ILIR, SUMATERA SELATAN",6,49,172,221
https://kawalpemilu.org#20155,"TANJUNG SETEKO, INDRALAYA, OGAN ILIR, SUMATERA SELATAN",7,72,155,227
https://kawalpemilu.org#20155,"TANJUNG SETEKO, INDRALAYA, OGAN ILIR, SUMATERA SELATAN",8,53,162,215
https://kawalpemilu.org#20155,"TANJUNG SETEKO, INDRALAYA, OGAN ILIR, SUMATERA SELATAN",9,86,174,260
https://kawalpemilu.org#20155,"TANJUNG SETEKO, INDRALAYA, OGAN ILIR, SUMATERA SELATAN",10,44,65,109
https://kawalpemilu.org#20155,"TANJUNG SETEKO, INDRALAYA, OGAN ILIR, SUMATERA SELATAN",11,156,19,175
https://kawalpemilu.org#20156,"SAKA TIGA, INDRALAYA, OGAN ILIR, SUMATERA SELATAN",1,24,209,233
https://kawalpemilu.org#20156,"SAKA TIGA, INDRALAYA, OGAN ILIR, SUMATERA SELATAN",2,17,218,235
https://kawalpemilu.org#20156,"SAKA TIGA, INDRALAYA, OGAN ILIR, SUMATERA SELATAN",3,10,179,189
https://kawalpemilu.org#20156,"SAKA TIGA, INDRALAYA, OGAN ILIR, SUMATERA SELATAN",4,31,200,231
https://kawalpemilu.org#20156,"SAKA TIGA, INDRALAYA, OGAN ILIR, SUMATERA SELATAN",5,25,219,244
https://kawalpemilu.org#20156,"SAKA TIGA, INDRALAYA, OGAN ILIR, SUMATERA SELATAN",6,60,166,226
https://kawalpemilu.org#20156,"SAKA TIGA, INDRALAYA, OGAN ILIR, SUMATERA SELATAN",7,45,184,229
https://kawalpemilu.org#20156,"SAKA TIGA, INDRALAYA, OGAN ILIR, SUMATERA SELATAN",8,50,136,186
https://kawalpemilu.org#20156,"SAKA TIGA, INDRALAYA, OGAN ILIR, SUMATERA SELATAN",9,5,155,160
https://kawalpemilu.org#20157,"ULAK BANDING, INDRALAYA, OGAN ILIR, SUMATERA SELATAN",1,125,83,208
https://kawalpemilu.org#20158,"MUARA P. ILIR, INDRALAYA, OGAN ILIR, SUMATERA SELATAN",1,90,109,199
https://kawalpemilu.org#20158,"MUARA P. ILIR, INDRALAYA, OGAN ILIR, SUMATERA SELATAN",2,116,101,217
https://kawalpemilu.org#20158,"MUARA P. ILIR, INDRALAYA, OGAN ILIR, SUMATERA SELATAN",3,91,135,226
https://kawalpemilu.org#20159,"TALANG AUR, INDRALAYA, OGAN ILIR, SUMATERA SELATAN",1,106,64,170
https://kawalpemilu.org#20159,"TALANG AUR, INDRALAYA, OGAN ILIR, SUMATERA SELATAN",2,113,77,190
https://kawalpemilu.org#20159,"TALANG AUR, INDRALAYA, OGAN ILIR, SUMATERA SELATAN",3,96,86,182
https://kawalpemilu.org#20159,"TALANG AUR, INDRALAYA, OGAN ILIR, SUMATERA SELATAN",4,117,65,182
https://kawalpemilu.org#20159,"TALANG AUR, INDRALAYA, OGAN ILIR, SUMATERA SELATAN",5,126,83,209
https://kawalpemilu.org#20160,"ULAK BEDIL, INDRALAYA, OGAN ILIR, SUMATERA SELATAN",1,91,92,183
https://kawalpemilu.org#20160,"ULAK BEDIL, INDRALAYA, OGAN ILIR, SUMATERA SELATAN",2,46,87,133
https://kawalpemilu.org#20160,"ULAK BEDIL, INDRALAYA, OGAN ILIR, SUMATERA SELATAN",3,51,39,90
https://kawalpemilu.org#20161,"PENYANDINGAN, INDRALAYA, OGAN ILIR, SUMATERA SELATAN",1,119,87,206
https://kawalpemilu.org#20161,"PENYANDINGAN, INDRALAYA, OGAN ILIR, SUMATERA SELATAN",2,102,113,215
https://kawalpemilu.org#20162,"SUDIMAMPIR, INDRALAYA, OGAN ILIR, SUMATERA SELATAN",1,121,50,171
https://kawalpemilu.org#20162,"SUDIMAMPIR, INDRALAYA, OGAN ILIR, SUMATERA SELATAN",2,107,62,169
https://kawalpemilu.org#20162,"SUDIMAMPIR, INDRALAYA, OGAN ILIR, SUMATERA SELATAN",3,110,80,190
https://kawalpemilu.org#20162,"SUDIMAMPIR, INDRALAYA, OGAN ILIR, SUMATERA SELATAN",4,118,42,160
https://kawalpemilu.org#20162,"SUDIMAMPIR, INDRALAYA, OGAN ILIR, SUMATERA SELATAN",5,113,60,173
https://kawalpemilu.org#20162,"SUDIMAMPIR, INDRALAYA, OGAN ILIR, SUMATERA SELATAN",6,102,82,184
https://kawalpemilu.org#20163,"ULAK SEGELUNG, INDRALAYA, OGAN ILIR, SUMATERA SELATAN",1,93,112,205
https://kawalpemilu.org#20163,"ULAK SEGELUNG, INDRALAYA, OGAN ILIR, SUMATERA SELATAN",2,57,126,201
https://kawalpemilu.org#20163,"ULAK SEGELUNG, INDRALAYA, OGAN ILIR, SUMATERA SELATAN",3,95,131,226
https://kawalpemilu.org#20164,"SEJARO SAKTI, INDRALAYA, OGAN ILIR, SUMATERA SELATAN",1,105,137,242
https://kawalpemilu.org#20164,"SEJARO SAKTI, INDRALAYA, OGAN ILIR, SUMATERA SELATAN",2,94,118,212
https://kawalpemilu.org#20164,"SEJARO SAKTI, INDRALAYA, OGAN ILIR, SUMATERA SELATAN",3,90,125,215
https://kawalpemilu.org#20165,"TUNAS AUR, INDRALAYA, OGAN ILIR, SUMATERA SELATAN",1,73,94,167
https://kawalpemilu.org#20165,"TUNAS AUR, INDRALAYA, OGAN ILIR, SUMATERA SELATAN",2,90,51,141
https://kawalpemilu.org#20165,"TUNAS AUR, INDRALAYA, OGAN ILIR, SUMATERA SELATAN",3,116,27,143
https://kawalpemilu.org#20167,"AURSTANDING, PEMULUTAN, OGAN ILIR, SUMATERA SELATAN",1,100,86,186
https://kawalpemilu.org#20167,"AURSTANDING, PEMULUTAN, OGAN ILIR, SUMATERA SELATAN",2,139,86,225
https://kawalpemilu.org#20167,"AURSTANDING, PEMULUTAN, OGAN ILIR, SUMATERA SELATAN",3,154,117,271
https://kawalpemilu.org#20167,"AURSTANDING, PEMULUTAN, OGAN ILIR, SUMATERA SELATAN",4,136,91,227
https://kawalpemilu.org#20167,"AURSTANDING, PEMULUTAN, OGAN ILIR, SUMATERA SELATAN",5,160,45,205
https://kawalpemilu.org#20168,"SUKARAMI, PEMULUTAN, OGAN ILIR, SUMATERA SELATAN",1,93,160,253
https://kawalpemilu.org#20168,"SUKARAMI, PEMULUTAN, OGAN ILIR, SUMATERA SELATAN",2,81,120,201
https://kawalpemilu.org#20168,"SUKARAMI, PEMULUTAN, OGAN ILIR, SUMATERA SELATAN",3,59,166,225
https://kawalpemilu.org#20168,"SUKARAMI, PEMULUTAN, OGAN ILIR, SUMATERA SELATAN",4,30,75,105
https://kawalpemilu.org#20169,"MUARA DUA, PEMULUTAN, OGAN ILIR, SUMATERA SELATAN",1,70,142,212
https://kawalpemilu.org#20169,"MUARA DUA, PEMULUTAN, OGAN ILIR, SUMATERA SELATAN",2,81,122,203
https://kawalpemilu.org#20169,"MUARA DUA, PEMULUTAN, OGAN ILIR, SUMATERA SELATAN",3,92,158,250
https://kawalpemilu.org#20169,"MUARA DUA, PEMULUTAN, OGAN ILIR, SUMATERA SELATAN",4,68,133,201
https://kawalpemilu.org#20169,"MUARA DUA, PEMULUTAN, OGAN ILIR, SUMATERA SELATAN",5,96,123,219
https://kawalpemilu.org#20170,"PALU, PEMULUTAN, OGAN ILIR, SUMATERA SELATAN",1,131,104,235
https://kawalpemilu.org#20170,"PALU, PEMULUTAN, OGAN ILIR, SUMATERA SELATAN",2,127,107,234
https://kawalpemilu.org#20170,"PALU, PEMULUTAN, OGAN ILIR, SUMATERA SELATAN",3,131,53,184
https://kawalpemilu.org#20170,"PALU, PEMULUTAN, OGAN ILIR, SUMATERA SELATAN",4,113,133,246
https://kawalpemilu.org#20170,"PALU, PEMULUTAN, OGAN ILIR, SUMATERA SELATAN",5,162,54,216
https://kawalpemilu.org#20171,"TELUK KECAPI, PEMULUTAN, OGAN ILIR, SUMATERA SELATAN",2,81,170,251
https://kawalpemilu.org#20171,"TELUK KECAPI, PEMULUTAN, OGAN ILIR, SUMATERA SELATAN",3,69,141,210
https://kawalpemilu.org#20171,"TELUK KECAPI, PEMULUTAN, OGAN ILIR, SUMATERA SELATAN",4,129,100,229
https://kawalpemilu.org#20171,"TELUK KECAPI, PEMULUTAN, OGAN ILIR, SUMATERA SELATAN",5,72,156,228
https://kawalpemilu.org#20172,"PELABUHAN DALAM, PEMULUTAN, OGAN ILIR, SUMATERA SELATAN",1,121,138,259
https://kawalpemilu.org#20172,"PELABUHAN DALAM, PEMULUTAN, OGAN ILIR, SUMATERA SELATAN",2,86,155,241
https://kawalpemilu.org#20172,"PELABUHAN DALAM, PEMULUTAN, OGAN ILIR, SUMATERA SELATAN",3,93,173,266
https://kawalpemilu.org#20172,"PELABUHAN DALAM, PEMULUTAN, OGAN ILIR, SUMATERA SELATAN",4,74,200,274
https://kawalpemilu.org#20172,"PELABUHAN DALAM, PEMULUTAN, OGAN ILIR, SUMATERA SELATAN",5,65,212,277
https://kawalpemilu.org#20172,"PELABUHAN DALAM, PEMULUTAN, OGAN ILIR, SUMATERA SELATAN",6,112,162,274
https://kawalpemilu.org#20172,"PELABUHAN DALAM, PEMULUTAN, OGAN ILIR, SUMATERA SELATAN",7,141,107,248
https://kawalpemilu.org#20173,"PEMULUTAN ULU, PEMULUTAN, OGAN ILIR, SUMATERA SELATAN",1,51,204,255
https://kawalpemilu.org#20173,"PEMULUTAN ULU, PEMULUTAN, OGAN ILIR, SUMATERA SELATAN",2,48,202,250
https://kawalpemilu.org#20173,"PEMULUTAN ULU, PEMULUTAN, OGAN ILIR, SUMATERA SELATAN",3,49,192,241
https://kawalpemilu.org#20173,"PEMULUTAN ULU, PEMULUTAN, OGAN ILIR, SUMATERA SELATAN",4,60,228,288
https://kawalpemilu.org#20173,"PEMULUTAN ULU, PEMULUTAN, OGAN ILIR, SUMATERA SELATAN",5,53,208,261
https://kawalpemilu.org#20173,"PEMULUTAN ULU, PEMULUTAN, OGAN ILIR, SUMATERA SELATAN",6,64,186,250
https://kawalpemilu.org#20174,"PEMULUTAN ILIR, PEMULUTAN, OGAN ILIR, SUMATERA SELATAN",1,87,98,185
https://kawalpemilu.org#20174,"PEMULUTAN ILIR, PEMULUTAN, OGAN ILIR, SUMATERA SELATAN",2,88,155,243
https://kawalpemilu.org#20174,"PEMULUTAN ILIR, PEMULUTAN, OGAN ILIR, SUMATERA SELATAN",3,56,121,177
https://kawalpemilu.org#20174,"PEMULUTAN ILIR, PEMULUTAN, OGAN ILIR, SUMATERA SELATAN",4,75,133,208
https://kawalpemilu.org#20174,"PEMULUTAN ILIR, PEMULUTAN, OGAN ILIR, SUMATERA SELATAN",5,78,97,175
https://kawalpemilu.org#20174,"PEMULUTAN ILIR, PEMULUTAN, OGAN ILIR, SUMATERA SELATAN",6,93,108,201
https://kawalpemilu.org#20174,"PEMULUTAN ILIR, PEMULUTAN, OGAN ILIR, SUMATERA SELATAN",7,136,98,234
https://kawalpemilu.org#20175,"SUNGAI RASAU, PEMULUTAN, OGAN ILIR, SUMATERA SELATAN",1,70,122,192
https://kawalpemilu.org#20175,"SUNGAI RASAU, PEMULUTAN, OGAN ILIR, SUMATERA SELATAN",2,61,122,183
https://kawalpemilu.org#20175,"SUNGAI RASAU, PEMULUTAN, OGAN ILIR, SUMATERA SELATAN",3,38,152,190
https://kawalpemilu.org#20175,"SUNGAI RASAU, PEMULUTAN, OGAN ILIR, SUMATERA SELATAN",4,82,119,201
https://kawalpemilu.org#20176,"IBUL BESAR I, PEMULUTAN, OGAN ILIR, SUMATERA SELATAN",1,157,112,269
https://kawalpemilu.org#20176,"IBUL BESAR I, PEMULUTAN, OGAN ILIR, SUMATERA SELATAN",2,133,140,273
https://kawalpemilu.org#20176,"IBUL BESAR I, PEMULUTAN, OGAN ILIR, SUMATERA SELATAN",3,75,164,239
https://kawalpemilu.org#20176,"IBUL BESAR I, PEMULUTAN, OGAN ILIR, SUMATERA SELATAN",4,59,117,176
https://kawalpemilu.org#20176,"IBUL BESAR I, PEMULUTAN, OGAN ILIR, SUMATERA SELATAN",5,89,82,169
https://kawalpemilu.org#20176,"IBUL BESAR I, PEMULUTAN, OGAN ILIR, SUMATERA SELATAN",6,63,89,152
https://kawalpemilu.org#20177,"PEGAYUT, PEMULUTAN, OGAN ILIR, SUMATERA SELATAN",1,44,189,236
https://kawalpemilu.org#20177,"PEGAYUT, PEMULUTAN, OGAN ILIR, SUMATERA SELATAN",2,40,163,203
https://kawalpemilu.org#20177,"PEGAYUT, PEMULUTAN, OGAN ILIR, SUMATERA SELATAN",3,72,121,193
https://kawalpemilu.org#20177,"PEGAYUT, PEMULUTAN, OGAN ILIR, SUMATERA SELATAN",4,80,96,176
https://kawalpemilu.org#20177,"PEGAYUT, PEMULUTAN, OGAN ILIR, SUMATERA SELATAN",5,84,57,141
https://kawalpemilu.org#20177,"PEGAYUT, PEMULUTAN, OGAN ILIR, SUMATERA SELATAN",6,42,156,198
https://kawalpemilu.org#20178,"S. PELABUHAN DLM, PEMULUTAN, OGAN ILIR, SUMATERA SELATAN",1,96,146,242
https://kawalpemilu.org#20178,"S. PELABUHAN DLM, PEMULUTAN, OGAN ILIR, SUMATERA SELATAN",2,116,128,244
https://kawalpemilu.org#20178,"S. PELABUHAN DLM, PEMULUTAN, OGAN ILIR, SUMATERA SELATAN",3,64,168,232
https://kawalpemilu.org#20178,"S. PELABUHAN DLM, PEMULUTAN, OGAN ILIR, SUMATERA SELATAN",4,86,115,201
https://kawalpemilu.org#20178,"S. PELABUHAN DLM, PEMULUTAN, OGAN ILIR, SUMATERA SELATAN",5,103,114,217
https://kawalpemilu.org#20179,"IBUL BESAR II, PEMULUTAN, OGAN ILIR, SUMATERA SELATAN",1,84,170,254
https://kawalpemilu.org#20179,"IBUL BESAR II, PEMULUTAN, OGAN ILIR, SUMATERA SELATAN",2,113,149,262
https://kawalpemilu.org#20179,"IBUL BESAR II, PEMULUTAN, OGAN ILIR, SUMATERA SELATAN",3,91,113,204
https://kawalpemilu.org#20179,"IBUL BESAR II, PEMULUTAN, OGAN ILIR, SUMATERA SELATAN",4,105,125,230
https://kawalpemilu.org#20179,"IBUL BESAR II, PEMULUTAN, OGAN ILIR, SUMATERA SELATAN",5,123,116,239
https://kawalpemilu.org#20179,"IBUL BESAR II, PEMULUTAN, OGAN ILIR, SUMATERA SELATAN",6,143,134,277
https://kawalpemilu.org#20179,"IBUL BESAR II, PEMULUTAN, OGAN ILIR, SUMATERA SELATAN",7,80,138,218
https://kawalpemilu.org#20180,"IBUL BESAR III, PEMULUTAN, OGAN ILIR, SUMATERA SELATAN",1,156,112,268
https://kawalpemilu.org#20180,"IBUL BESAR III, PEMULUTAN, OGAN ILIR, SUMATERA SELATAN",2,87,88,175
https://kawalpemilu.org#20180,"IBUL BESAR III, PEMULUTAN, OGAN ILIR, SUMATERA SELATAN",3,175,90,265
https://kawalpemilu.org#20180,"IBUL BESAR III, PEMULUTAN, OGAN ILIR, SUMATERA SELATAN",4,115,109,224
https://kawalpemilu.org#20180,"IBUL BESAR III, PEMULUTAN, OGAN ILIR, SUMATERA SELATAN",5,98,127,225
https://kawalpemilu.org#20180,"IBUL BESAR III, PEMULUTAN, OGAN ILIR, SUMATERA SELATAN",6,90,143,233
https://kawalpemilu.org#20181,"MEKAR JAYA, PEMULUTAN, OGAN ILIR, SUMATERA SELATAN",1,126,63,189
https://kawalpemilu.org#20181,"MEKAR JAYA, PEMULUTAN, OGAN ILIR, SUMATERA SELATAN",2,126,65,191
https://kawalpemilu.org#20181,"MEKAR JAYA, PEMULUTAN, OGAN ILIR, SUMATERA SELATAN",3,120,31,151
https://kawalpemilu.org#20182,"KEDUKAN BUJANG, PEMULUTAN, OGAN ILIR, SUMATERA SELATAN",1,99,72,171
https://kawalpemilu.org#20182,"KEDUKAN BUJANG, PEMULUTAN, OGAN ILIR, SUMATERA SELATAN",2,98,63,161
https://kawalpemilu.org#20182,"KEDUKAN BUJANG, PEMULUTAN, OGAN ILIR, SUMATERA SELATAN",3,103,95,198
https://kawalpemilu.org#20182,"KEDUKAN BUJANG, PEMULUTAN, OGAN ILIR, SUMATERA SELATAN",4,101,57,158
https://kawalpemilu.org#20183,"RAWA JAYA, PEMULUTAN, OGAN ILIR, SUMATERA SELATAN",1,61,132,193
https://kawalpemilu.org#20183,"RAWA JAYA, PEMULUTAN, OGAN ILIR, SUMATERA SELATAN",2,112,128,240
https://kawalpemilu.org#20184,"BABATAN SAUDAGAR, PEMULUTAN, OGAN ILIR, SUMATERA SELATAN",1,169,87,256
https://kawalpemilu.org#20184,"BABATAN SAUDAGAR, PEMULUTAN, OGAN ILIR, SUMATERA SELATAN",2,116,115,231
https://kawalpemilu.org#20184,"BABATAN SAUDAGAR, PEMULUTAN, OGAN ILIR, SUMATERA SELATAN",3,140,78,218
https://kawalpemilu.org#20184,"BABATAN SAUDAGAR, PEMULUTAN, OGAN ILIR, SUMATERA SELATAN",4,93,116,209
https://kawalpemilu.org#20184,"BABATAN SAUDAGAR, PEMULUTAN, OGAN ILIR, SUMATERA SELATAN",5,79,112,191
https://kawalpemilu.org#20185,"TANJUNG PASIR, PEMULUTAN, OGAN ILIR, SUMATERA SELATAN",1,125,95,220
https://kawalpemilu.org#20185,"TANJUNG PASIR, PEMULUTAN, OGAN ILIR, SUMATERA SELATAN",2,129,119,248
https://kawalpemilu.org#20186,"HARAPAN, PEMULUTAN, OGAN ILIR, SUMATERA SELATAN",1,139,130,269
https://kawalpemilu.org#20186,"HARAPAN, PEMULUTAN, OGAN ILIR, SUMATERA SELATAN",2,126,117,243
https://kawalpemilu.org#20186,"HARAPAN, PEMULUTAN, OGAN ILIR, SUMATERA SELATAN",3,131,73,204
https://kawalpemilu.org#20187,"PIPA PUTIH, PEMULUTAN, OGAN ILIR, SUMATERA SELATAN",1,144,64,208
https://kawalpemilu.org#20187,"PIPA PUTIH, PEMULUTAN, OGAN ILIR, SUMATERA SELATAN",2,123,70,193
https://kawalpemilu.org#20187,"PIPA PUTIH, PEMULUTAN, OGAN ILIR, SUMATERA SELATAN",3,128,87,215
https://kawalpemilu.org#20187,"PIPA PUTIH, PEMULUTAN, OGAN ILIR, SUMATERA SELATAN",4,95,101,196
https://kawalpemilu.org#20187,"PIPA PUTIH, PEMULUTAN, OGAN ILIR, SUMATERA SELATAN",5,121,83,204
https://kawalpemilu.org#20187,"PIPA PUTIH, PEMULUTAN, OGAN ILIR, SUMATERA SELATAN",6,126,103,229
https://kawalpemilu.org#20188,"SUNGAI BUAYA, PEMULUTAN, OGAN ILIR, SUMATERA SELATAN",1,114,103,217
https://kawalpemilu.org#20188,"SUNGAI BUAYA, PEMULUTAN, OGAN ILIR, SUMATERA SELATAN",2,131,78,209
https://kawalpemilu.org#20188,"SUNGAI BUAYA, PEMULUTAN, OGAN ILIR, SUMATERA SELATAN",3,143,79,222
https://kawalpemilu.org#20188,"SUNGAI BUAYA, PEMULUTAN, OGAN ILIR, SUMATERA SELATAN",4,92,68,160
https://kawalpemilu.org#20189,"MUARA BARU, PEMULUTAN, OGAN ILIR, SUMATERA SELATAN",1,154,108,262
https://kawalpemilu.org#20189,"MUARA BARU, PEMULUTAN, OGAN ILIR, SUMATERA SELATAN",2,140,138,278
https://kawalpemilu.org#20189,"MUARA BARU, PEMULUTAN, OGAN ILIR, SUMATERA SELATAN",3,101,126,227
https://kawalpemilu.org#20190,"SEMBADAK, PEMULUTAN, OGAN ILIR, SUMATERA SELATAN",1,69,153,222
https://kawalpemilu.org#20190,"SEMBADAK, PEMULUTAN, OGAN ILIR, SUMATERA SELATAN",2,112,126,238
https://kawalpemilu.org#20190,"SEMBADAK, PEMULUTAN, OGAN ILIR, SUMATERA SELATAN",3,111,124,235
https://kawalpemilu.org#20191,"LEBUNG JANGKAR, PEMULUTAN, OGAN ILIR, SUMATERA SELATAN",1,105,110,215
https://kawalpemilu.org#20191,"LEBUNG JANGKAR, PEMULUTAN, OGAN ILIR, SUMATERA SELATAN",2,119,107,226
https://kawalpemilu.org#20191,"LEBUNG JANGKAR, PEMULUTAN, OGAN ILIR, SUMATERA SELATAN",3,152,97,249
https://kawalpemilu.org#20191,"LEBUNG JANGKAR, PEMULUTAN, OGAN ILIR, SUMATERA SELATAN",4,108,47,155
https://kawalpemilu.org#20193,"SIRAH PULAU KILIP, RANTAU ALAI, OGAN ILIR, SUMATERA SELATAN",1,30,130,160
https://kawalpemilu.org#20193,"SIRAH PULAU KILIP, RANTAU ALAI, OGAN ILIR, SUMATERA SELATAN",2,36,123,159
https://kawalpemilu.org#20194,"KELAMPAIAN, RANTAU ALAI, OGAN ILIR, SUMATERA SELATAN",1,39,43,82
https://kawalpemilu.org#20194,"KELAMPAIAN, RANTAU ALAI, OGAN ILIR, SUMATERA SELATAN",2,103,83,186
https://kawalpemilu.org#20194,"KELAMPAIAN, RANTAU ALAI, OGAN ILIR, SUMATERA SELATAN",3,53,28,81
https://kawalpemilu.org#20195,"SUKANANTI, RANTAU ALAI, OGAN ILIR, SUMATERA SELATAN",1,83,133,216
https://kawalpemilu.org#20196,"SUKAMARGA, RANTAU ALAI, OGAN ILIR, SUMATERA SELATAN",1,32,136,168
https://kawalpemilu.org#20196,"SUKAMARGA, RANTAU ALAI, OGAN ILIR, SUMATERA SELATAN",2,35,198,233
https://kawalpemilu.org#20197,"RANTAU ALAI, RANTAU ALAI, OGAN ILIR, SUMATERA SELATAN",1,19,91,110
https://kawalpemilu.org#20197,"RANTAU ALAI, RANTAU ALAI, OGAN ILIR, SUMATERA SELATAN",2,18,106,124
https://kawalpemilu.org#20197,"RANTAU ALAI, RANTAU ALAI, OGAN ILIR, SUMATERA SELATAN",4,40,145,185
https://kawalpemilu.org#20197,"RANTAU ALAI, RANTAU ALAI, OGAN ILIR, SUMATERA SELATAN",5,41,89,130
https://kawalpemilu.org#20197,"RANTAU ALAI, RANTAU ALAI, OGAN ILIR, SUMATERA SELATAN",6,41,141,182
https://kawalpemilu.org#20198,"KERTA BAYANG, RANTAU ALAI, OGAN ILIR, SUMATERA SELATAN",1,46,112,158
https://kawalpemilu.org#20198,"KERTA BAYANG, RANTAU ALAI, OGAN ILIR, SUMATERA SELATAN",2,28,91,119
https://kawalpemilu.org#20198,"KERTA BAYANG, RANTAU ALAI, OGAN ILIR, SUMATERA SELATAN",3,46,100,146
https://kawalpemilu.org#20199,"TANJUNG MAS, RANTAU ALAI, OGAN ILIR, SUMATERA SELATAN",1,53,132,185
https://kawalpemilu.org#20199,"TANJUNG MAS, RANTAU ALAI, OGAN ILIR, SUMATERA SELATAN",2,41,100,141
https://kawalpemilu.org#20199,"TANJUNG MAS, RANTAU ALAI, OGAN ILIR, SUMATERA SELATAN",3,55,105,160
https://kawalpemilu.org#20199,"TANJUNG MAS, RANTAU ALAI, OGAN ILIR, SUMATERA SELATAN",4,52,109,161
https://kawalpemilu.org#20199,"TANJUNG MAS, RANTAU ALAI, OGAN ILIR, SUMATERA SELATAN",5,64,109,173
https://kawalpemilu.org#20200,"TALANG SARI, RANTAU ALAI, OGAN ILIR, SUMATERA SELATAN",1,59,77,136
https://kawalpemilu.org#20200,"TALANG SARI, RANTAU ALAI, OGAN ILIR, SUMATERA SELATAN",2,45,75,120
https://kawalpemilu.org#20201,"LEBUNG BANDUNG, RANTAU ALAI, OGAN ILIR, SUMATERA SELATAN",1,62,135,197
https://kawalpemilu.org#20201,"LEBUNG BANDUNG, RANTAU ALAI, OGAN ILIR, SUMATERA SELATAN",2,60,137,197
https://kawalpemilu.org#20202,"SANDING MARGA, RANTAU ALAI, OGAN ILIR, SUMATERA SELATAN",1,67,113,180
https://kawalpemilu.org#20202,"SANDING MARGA, RANTAU ALAI, OGAN ILIR, SUMATERA SELATAN",2,55,43,98
https://kawalpemilu.org#20202,"SANDING MARGA, RANTAU ALAI, OGAN ILIR, SUMATERA SELATAN",3,89,104,193
https://kawalpemilu.org#20202,"SANDING MARGA, RANTAU ALAI, OGAN ILIR, SUMATERA SELATAN",4,70,50,120
https://kawalpemilu.org#20203,"SUKAMAJU, RANTAU ALAI, OGAN ILIR, SUMATERA SELATAN",1,36,157,193
https://kawalpemilu.org#20203,"SUKAMAJU, RANTAU ALAI, OGAN ILIR, SUMATERA SELATAN",2,28,49,77
https://kawalpemilu.org#20203,"SUKAMAJU, RANTAU ALAI, OGAN ILIR, SUMATERA SELATAN",3,20,50,70
https://kawalpemilu.org#20204,"MEKAR SARI, RANTAU ALAI, OGAN ILIR, SUMATERA SELATAN",1,99,71,170
https://kawalpemilu.org#20204,"MEKAR SARI, RANTAU ALAI, OGAN ILIR, SUMATERA SELATAN",2,72,94,166
https://kawalpemilu.org#20204,"MEKAR SARI, RANTAU ALAI, OGAN ILIR, SUMATERA SELATAN",3,113,65,178
https://kawalpemilu.org#20204,"MEKAR SARI, RANTAU ALAI, OGAN ILIR, SUMATERA SELATAN",4,59,96,155
https://kawalpemilu.org#20204,"MEKAR SARI, RANTAU ALAI, OGAN ILIR, SUMATERA SELATAN",5,53,83,136
https://kawalpemilu.org#20204,"MEKAR SARI, RANTAU ALAI, OGAN ILIR, SUMATERA SELATAN",6,47,27,74
https://kawalpemilu.org#20204,"MEKAR SARI, RANTAU ALAI, OGAN ILIR, SUMATERA SELATAN",7,45,83,128
https://kawalpemilu.org#20205,"SUKANANTI BARU, RANTAU ALAI, OGAN ILIR, SUMATERA SELATAN",1,115,69,184
https://kawalpemilu.org#20205,"SUKANANTI BARU, RANTAU ALAI, OGAN ILIR, SUMATERA SELATAN",2,38,95,133
https://kawalpemilu.org#20205,"SUKANANTI BARU, RANTAU ALAI, OGAN ILIR, SUMATERA SELATAN",3,34,54,88
https://kawalpemilu.org#20207,"TIMBANGAN, INDRALAYA UTARA, OGAN ILIR, SUMATERA SELATAN",1,52,185,237
https://kawalpemilu.org#20207,"TIMBANGAN, INDRALAYA UTARA, OGAN ILIR, SUMATERA SELATAN",2,39,149,188
https://kawalpemilu.org#20207,"TIMBANGAN, INDRALAYA UTARA, OGAN ILIR, SUMATERA SELATAN",3,46,90,136
https://kawalpemilu.org#20207,"TIMBANGAN, INDRALAYA UTARA, OGAN ILIR, SUMATERA SELATAN",4,59,167,226
https://kawalpemilu.org#20207,"TIMBANGAN, INDRALAYA UTARA, OGAN ILIR, SUMATERA SELATAN",5,48,147,195
https://kawalpemilu.org#20207,"TIMBANGAN, INDRALAYA UTARA, OGAN ILIR, SUMATERA SELATAN",6,111,134,245
https://kawalpemilu.org#20207,"TIMBANGAN, INDRALAYA UTARA, OGAN ILIR, SUMATERA SELATAN",7,86,148,234
https://kawalpemilu.org#20207,"TIMBANGAN, INDRALAYA UTARA, OGAN ILIR, SUMATERA SELATAN",8,95,138,233
https://kawalpemilu.org#20207,"TIMBANGAN, INDRALAYA UTARA, OGAN ILIR, SUMATERA SELATAN",9,106,161,267
https://kawalpemilu.org#20207,"TIMBANGAN, INDRALAYA UTARA, OGAN ILIR, SUMATERA SELATAN",10,51,142,193
https://kawalpemilu.org#20207,"TIMBANGAN, INDRALAYA UTARA, OGAN ILIR, SUMATERA SELATAN",11,80,136,216
https://kawalpemilu.org#20207,"TIMBANGAN, INDRALAYA UTARA, OGAN ILIR, SUMATERA SELATAN",12,100,128,228
https://kawalpemilu.org#20207,"TIMBANGAN, INDRALAYA UTARA, OGAN ILIR, SUMATERA SELATAN",13,66,219,285
https://kawalpemilu.org#20207,"TIMBANGAN, INDRALAYA UTARA, OGAN ILIR, SUMATERA SELATAN",14,79,196,275
https://kawalpemilu.org#20207,"TIMBANGAN, INDRALAYA UTARA, OGAN ILIR, SUMATERA SELATAN",15,59,182,241
https://kawalpemilu.org#20207,"TIMBANGAN, INDRALAYA UTARA, OGAN ILIR, SUMATERA SELATAN",16,57,146,203
https://kawalpemilu.org#20207,"TIMBANGAN, INDRALAYA UTARA, OGAN ILIR, SUMATERA SELATAN",17,37,98,135
https://kawalpemilu.org#20207,"TIMBANGAN, INDRALAYA UTARA, OGAN ILIR, SUMATERA SELATAN",18,130,148,278
https://kawalpemilu.org#20208,"TANJUNG PERING, INDRALAYA UTARA, OGAN ILIR, SUMATERA SELATAN",1,46,196,242
https://kawalpemilu.org#20208,"TANJUNG PERING, INDRALAYA UTARA, OGAN ILIR, SUMATERA SELATAN",2,44,180,224
https://kawalpemilu.org#20208,"TANJUNG PERING, INDRALAYA UTARA, OGAN ILIR, SUMATERA SELATAN",3,98,102,200
https://kawalpemilu.org#20208,"TANJUNG PERING, INDRALAYA UTARA, OGAN ILIR, SUMATERA SELATAN",4,62,94,156
https://kawalpemilu.org#20208,"TANJUNG PERING, INDRALAYA UTARA, OGAN ILIR, SUMATERA SELATAN",5,78,142,220
https://kawalpemilu.org#20209,"BAKUNG, INDRALAYA UTARA, OGAN ILIR, SUMATERA SELATAN",1,75,197,272
https://kawalpemilu.org#20209,"BAKUNG, INDRALAYA UTARA, OGAN ILIR, SUMATERA SELATAN",2,67,219,286
https://kawalpemilu.org#20209,"BAKUNG, INDRALAYA UTARA, OGAN ILIR, SUMATERA SELATAN",3,165,54,219
https://kawalpemilu.org#20209,"BAKUNG, INDRALAYA UTARA, OGAN ILIR, SUMATERA SELATAN",4,88,58,146
https://kawalpemilu.org#20209,"BAKUNG, INDRALAYA UTARA, OGAN ILIR, SUMATERA SELATAN",5,151,54,205
https://kawalpemilu.org#20209,"BAKUNG, INDRALAYA UTARA, OGAN ILIR, SUMATERA SELATAN",6,142,68,210
https://kawalpemilu.org#20210,"LOROK, INDRALAYA UTARA, OGAN ILIR, SUMATERA SELATAN",1,71,200,271
https://kawalpemilu.org#20210,"LOROK, INDRALAYA UTARA, OGAN ILIR, SUMATERA SELATAN",2,96,169,265
https://kawalpemilu.org#20210,"LOROK, INDRALAYA UTARA, OGAN ILIR, SUMATERA SELATAN",3,116,111,227
https://kawalpemilu.org#20210,"LOROK, INDRALAYA UTARA, OGAN ILIR, SUMATERA SELATAN",4,143,77,220
https://kawalpemilu.org#20211,"PARIT, INDRALAYA UTARA, OGAN ILIR, SUMATERA SELATAN",1,49,155,204
https://kawalpemilu.org#20211,"PARIT, INDRALAYA UTARA, OGAN ILIR, SUMATERA SELATAN",2,72,189,261
https://kawalpemilu.org#20211,"PARIT, INDRALAYA UTARA, OGAN ILIR, SUMATERA SELATAN",3,102,67,169
https://kawalpemilu.org#20212,"PAYAKABUNG, INDRALAYA UTARA, OGAN ILIR, SUMATERA SELATAN",1,115,124,239
https://kawalpemilu.org#20212,"PAYAKABUNG, INDRALAYA UTARA, OGAN ILIR, SUMATERA SELATAN",2,85,116,201
https://kawalpemilu.org#20212,"PAYAKABUNG, INDRALAYA UTARA, OGAN ILIR, SUMATERA SELATAN",3,65,206,271
https://kawalpemilu.org#20212,"PAYAKABUNG, INDRALAYA UTARA, OGAN ILIR, SUMATERA SELATAN",4,76,173,249
https://kawalpemilu.org#20212,"PAYAKABUNG, INDRALAYA UTARA, OGAN ILIR, SUMATERA SELATAN",5,83,138,221
https://kawalpemilu.org#20212,"PAYAKABUNG, INDRALAYA UTARA, OGAN ILIR, SUMATERA SELATAN",6,76,34,110
https://kawalpemilu.org#20213,"SUNGAI RAMBUTAN, INDRALAYA UTARA, OGAN ILIR, SUMATERA SELATAN",1,111,90,201
https://kawalpemilu.org#20213,"SUNGAI RAMBUTAN, INDRALAYA UTARA, OGAN ILIR, SUMATERA SELATAN",2,69,119,188
https://kawalpemilu.org#20213,"SUNGAI RAMBUTAN, INDRALAYA UTARA, OGAN ILIR, SUMATERA SELATAN",3,121,107,228
https://kawalpemilu.org#20213,"SUNGAI RAMBUTAN, INDRALAYA UTARA, OGAN ILIR, SUMATERA SELATAN",4,67,30,97
https://kawalpemilu.org#20213,"SUNGAI RAMBUTAN, INDRALAYA UTARA, OGAN ILIR, SUMATERA SELATAN",5,129,99,228
https://kawalpemilu.org#20213,"SUNGAI RAMBUTAN, INDRALAYA UTARA, OGAN ILIR, SUMATERA SELATAN",6,107,37,144
https://kawalpemilu.org#20213,"SUNGAI RAMBUTAN, INDRALAYA UTARA, OGAN ILIR, SUMATERA SELATAN",7,88,58,146
https://kawalpemilu.org#20213,"SUNGAI RAMBUTAN, INDRALAYA UTARA, OGAN ILIR, SUMATERA SELATAN",8,84,25,109
https://kawalpemilu.org#20213,"SUNGAI RAMBUTAN, INDRALAYA UTARA, OGAN ILIR, SUMATERA SELATAN",9,106,29,135
https://kawalpemilu.org#20214,"PURNA JAYA, INDRALAYA UTARA, OGAN ILIR, SUMATERA SELATAN",1,60,155,215
https://kawalpemilu.org#20214,"PURNA JAYA, INDRALAYA UTARA, OGAN ILIR, SUMATERA SELATAN",2,54,156,210
https://kawalpemilu.org#20214,"PURNA JAYA, INDRALAYA UTARA, OGAN ILIR, SUMATERA SELATAN",3,90,180,270
https://kawalpemilu.org#20214,"PURNA JAYA, INDRALAYA UTARA, OGAN ILIR, SUMATERA SELATAN",4,40,104,144
https://kawalpemilu.org#20215,"SOAK BATOK, INDRALAYA UTARA, OGAN ILIR, SUMATERA SELATAN",1,69,150,219
https://kawalpemilu.org#20215,"SOAK BATOK, INDRALAYA UTARA, OGAN ILIR, SUMATERA SELATAN",2,107,96,203
https://kawalpemilu.org#20215,"SOAK BATOK, INDRALAYA UTARA, OGAN ILIR, SUMATERA SELATAN",3,45,150,195
https://kawalpemilu.org#20215,"SOAK BATOK, INDRALAYA UTARA, OGAN ILIR, SUMATERA SELATAN",4,61,148,209
https://kawalpemilu.org#20215,"SOAK BATOK, INDRALAYA UTARA, OGAN ILIR, SUMATERA SELATAN",5,97,109,206
https://kawalpemilu.org#20215,"SOAK BATOK, INDRALAYA UTARA, OGAN ILIR, SUMATERA SELATAN",6,68,143,211
https://kawalpemilu.org#20216,"TANJUNG BARU, INDRALAYA UTARA, OGAN ILIR, SUMATERA SELATAN",1,78,136,214
https://kawalpemilu.org#20216,"TANJUNG BARU, INDRALAYA UTARA, OGAN ILIR, SUMATERA SELATAN",2,63,168,231
https://kawalpemilu.org#20216,"TANJUNG BARU, INDRALAYA UTARA, OGAN ILIR, SUMATERA SELATAN",3,72,166,238
https://kawalpemilu.org#20216,"TANJUNG BARU, INDRALAYA UTARA, OGAN ILIR, SUMATERA SELATAN",4,72,144,216
https://kawalpemilu.org#20216,"TANJUNG BARU, INDRALAYA UTARA, OGAN ILIR, SUMATERA SELATAN",5,73,53,126
https://kawalpemilu.org#20217,"TANJUNG PULE, INDRALAYA UTARA, OGAN ILIR, SUMATERA SELATAN",1,216,64,280
https://kawalpemilu.org#20217,"TANJUNG PULE, INDRALAYA UTARA, OGAN ILIR, SUMATERA SELATAN",2,207,31,238
https://kawalpemilu.org#20217,"TANJUNG PULE, INDRALAYA UTARA, OGAN ILIR, SUMATERA SELATAN",3,81,19,100
https://kawalpemilu.org#20218,"PERMATA BARU, INDRALAYA UTARA, OGAN ILIR, SUMATERA SELATAN",1,79,140,219
https://kawalpemilu.org#20218,"PERMATA BARU, INDRALAYA UTARA, OGAN ILIR, SUMATERA SELATAN",2,68,133,201
https://kawalpemilu.org#20218,"PERMATA BARU, INDRALAYA UTARA, OGAN ILIR, SUMATERA SELATAN",4,82,121,203
https://kawalpemilu.org#20218,"PERMATA BARU, INDRALAYA UTARA, OGAN ILIR, SUMATERA SELATAN",5,75,170,245
https://kawalpemilu.org#20218,"PERMATA BARU, INDRALAYA UTARA, OGAN ILIR, SUMATERA SELATAN",6,77,142,219
https://kawalpemilu.org#20218,"PERMATA BARU, INDRALAYA UTARA, OGAN ILIR, SUMATERA SELATAN",7,93,131,224
https://kawalpemilu.org#20218,"PERMATA BARU, INDRALAYA UTARA, OGAN ILIR, SUMATERA SELATAN",8,68,107,175
https://kawalpemilu.org#20218,"PERMATA BARU, INDRALAYA UTARA, OGAN ILIR, SUMATERA SELATAN",9,50,144,194
https://kawalpemilu.org#20218,"PERMATA BARU, INDRALAYA UTARA, OGAN ILIR, SUMATERA SELATAN",10,67,111,178
https://kawalpemilu.org#20218,"PERMATA BARU, INDRALAYA UTARA, OGAN ILIR, SUMATERA SELATAN",11,103,96,199
https://kawalpemilu.org#20219,"SUKA MULIA, INDRALAYA UTARA, OGAN ILIR, SUMATERA SELATAN",1,112,54,166
https://kawalpemilu.org#20219,"SUKA MULIA, INDRALAYA UTARA, OGAN ILIR, SUMATERA SELATAN",2,103,81,184
https://kawalpemilu.org#20219,"SUKA MULIA, INDRALAYA UTARA, OGAN ILIR, SUMATERA SELATAN",3,125,84,209
https://kawalpemilu.org#20219,"SUKA MULIA, INDRALAYA UTARA, OGAN ILIR, SUMATERA SELATAN",4,110,49,159
https://kawalpemilu.org#20219,"SUKA MULIA, INDRALAYA UTARA, OGAN ILIR, SUMATERA SELATAN",5,73,31,104
https://kawalpemilu.org#20220,"PULAU KABAI, INDRALAYA UTARA, OGAN ILIR, SUMATERA SELATAN",1,124,62,186
https://kawalpemilu.org#20220,"PULAU KABAI, INDRALAYA UTARA, OGAN ILIR, SUMATERA SELATAN",2,185,45,230
https://kawalpemilu.org#20221,"PULAU SEMAMBU, INDRALAYA UTARA, OGAN ILIR, SUMATERA SELATAN",1,95,114,209
https://kawalpemilu.org#20221,"PULAU SEMAMBU, INDRALAYA UTARA, OGAN ILIR, SUMATERA SELATAN",2,137,129,266
https://kawalpemilu.org#20221,"PULAU SEMAMBU, INDRALAYA UTARA, OGAN ILIR, SUMATERA SELATAN",3,118,89,207
https://kawalpemilu.org#20221,"PULAU SEMAMBU, INDRALAYA UTARA, OGAN ILIR, SUMATERA SELATAN",4,115,129,244
https://kawalpemilu.org#20221,"PULAU SEMAMBU, INDRALAYA UTARA, OGAN ILIR, SUMATERA SELATAN",5,113,136,249
https://kawalpemilu.org#20222,"PALEM RAYA, INDRALAYA UTARA, OGAN ILIR, SUMATERA SELATAN",1,105,102,207
https://kawalpemilu.org#20222,"PALEM RAYA, INDRALAYA UTARA, OGAN ILIR, SUMATERA SELATAN",2,76,138,214
https://kawalpemilu.org#20222,"PALEM RAYA, INDRALAYA UTARA, OGAN ILIR, SUMATERA SELATAN",3,64,167,231
https://kawalpemilu.org#20222,"PALEM RAYA, INDRALAYA UTARA, OGAN ILIR, SUMATERA SELATAN",4,86,128,214
https://kawalpemilu.org#20222,"PALEM RAYA, INDRALAYA UTARA, OGAN ILIR, SUMATERA SELATAN",5,78,119,197
https://kawalpemilu.org#20222,"PALEM RAYA, INDRALAYA UTARA, OGAN ILIR, SUMATERA SELATAN",6,74,122,196
https://kawalpemilu.org#20222,"PALEM RAYA, INDRALAYA UTARA, OGAN ILIR, SUMATERA SELATAN",7,110,132,242
https://kawalpemilu.org#20222,"PALEM RAYA, INDRALAYA UTARA, OGAN ILIR, SUMATERA SELATAN",8,113,154,267
https://kawalpemilu.org#20224,"MANDI ANGIN, INDRALAYA SELATAN, OGAN ILIR, SUMATERA SELATAN",1,72,163,235
https://kawalpemilu.org#20224,"MANDI ANGIN, INDRALAYA SELATAN, OGAN ILIR, SUMATERA SELATAN",2,65,138,203
https://kawalpemilu.org#20225,"TANJUNG LUBUK, INDRALAYA SELATAN, OGAN ILIR, SUMATERA SELATAN",1,122,123,245
https://kawalpemilu.org#20225,"TANJUNG LUBUK, INDRALAYA SELATAN, OGAN ILIR, SUMATERA SELATAN",2,112,136,248
https://kawalpemilu.org#20225,"TANJUNG LUBUK, INDRALAYA SELATAN, OGAN ILIR, SUMATERA SELATAN",3,104,160,264
https://kawalpemilu.org#20225,"TANJUNG LUBUK, INDRALAYA SELATAN, OGAN ILIR, SUMATERA SELATAN",4,91,161,252
https://kawalpemilu.org#20226,"TEBING GERINTING SELATAN, INDRALAYA SELATAN, OGAN ILIR, SUMATERA SELATAN",1,119,126,245
https://kawalpemilu.org#20226,"TEBING GERINTING SELATAN, INDRALAYA SELATAN, OGAN ILIR, SUMATERA SELATAN",2,100,140,240
https://kawalpemilu.org#20226,"TEBING GERINTING SELATAN, INDRALAYA SELATAN, OGAN ILIR, SUMATERA SELATAN",3,87,140,227
https://kawalpemilu.org#20227,"ARISAN GADING, INDRALAYA SELATAN, OGAN ILIR, SUMATERA SELATAN",1,95,134,229
https://kawalpemilu.org#20227,"ARISAN GADING, INDRALAYA SELATAN, OGAN ILIR, SUMATERA SELATAN",2,85,123,208
https://kawalpemilu.org#20227,"ARISAN GADING, INDRALAYA SELATAN, OGAN ILIR, SUMATERA SELATAN",3,86,127,213
https://kawalpemilu.org#20227,"ARISAN GADING, INDRALAYA SELATAN, OGAN ILIR, SUMATERA SELATAN",4,78,145,223
https://kawalpemilu.org#20228,"TANJUNG DAYANG SELATAN, INDRALAYA SELATAN, OGAN ILIR, SUMATERA SELATAN",1,68,207,275
https://kawalpemilu.org#20228,"TANJUNG DAYANG SELATAN, INDRALAYA SELATAN, OGAN ILIR, SUMATERA SELATAN",2,78,173,251
https://kawalpemilu.org#20228,"TANJUNG DAYANG SELATAN, INDRALAYA SELATAN, OGAN ILIR, SUMATERA SELATAN",3,67,181,248
https://kawalpemilu.org#20228,"TANJUNG DAYANG SELATAN, INDRALAYA SELATAN, OGAN ILIR, SUMATERA SELATAN",4,67,186,253
https://kawalpemilu.org#20228,"TANJUNG DAYANG SELATAN, INDRALAYA SELATAN, OGAN ILIR, SUMATERA SELATAN",5,145,111,256
https://kawalpemilu.org#20229,"BETI, INDRALAYA SELATAN, OGAN ILIR, SUMATERA SELATAN",1,63,114,177
https://kawalpemilu.org#20229,"BETI, INDRALAYA SELATAN, OGAN ILIR, SUMATERA SELATAN",2,67,108,175
https://kawalpemilu.org#20229,"BETI, INDRALAYA SELATAN, OGAN ILIR, SUMATERA SELATAN",3,58,121,179
https://kawalpemilu.org#20230,"MERANJAT I, INDRALAYA SELATAN, OGAN ILIR, SUMATERA SELATAN",1,87,145,232
https://kawalpemilu.org#20230,"MERANJAT I, INDRALAYA SELATAN, OGAN ILIR, SUMATERA SELATAN",2,72,156,228
https://kawalpemilu.org#20230,"MERANJAT I, INDRALAYA SELATAN, OGAN ILIR, SUMATERA SELATAN",3,64,124,188
https://kawalpemilu.org#20230,"MERANJAT I, INDRALAYA SELATAN, OGAN ILIR, SUMATERA SELATAN",4,75,121,196
https://kawalpemilu.org#20230,"MERANJAT I, INDRALAYA SELATAN, OGAN ILIR, SUMATERA SELATAN",5,83,113,196
https://kawalpemilu.org#20230,"MERANJAT I, INDRALAYA SELATAN, OGAN ILIR, SUMATERA SELATAN",6,94,128,222
https://kawalpemilu.org#20230,"MERANJAT I, INDRALAYA SELATAN, OGAN ILIR, SUMATERA SELATAN",7,150,115,265
https://kawalpemilu.org#20231,"MERANJAT ILIR, INDRALAYA SELATAN, OGAN ILIR, SUMATERA SELATAN",1,113,120,233
https://kawalpemilu.org#20231,"MERANJAT ILIR, INDRALAYA SELATAN, OGAN ILIR, SUMATERA SELATAN",2,83,164,247
https://kawalpemilu.org#20231,"MERANJAT ILIR, INDRALAYA SELATAN, OGAN ILIR, SUMATERA SELATAN",3,67,143,210
https://kawalpemilu.org#20231,"MERANJAT ILIR, INDRALAYA SELATAN, OGAN ILIR, SUMATERA SELATAN",4,105,97,202
https://kawalpemilu.org#20232,"MERANJAT II, INDRALAYA SELATAN, OGAN ILIR, SUMATERA SELATAN",1,61,122,183
https://kawalpemilu.org#20232,"MERANJAT II, INDRALAYA SELATAN, OGAN ILIR, SUMATERA SELATAN",2,78,106,184
https://kawalpemilu.org#20232,"MERANJAT II, INDRALAYA SELATAN, OGAN ILIR, SUMATERA SELATAN",3,64,120,184
https://kawalpemilu.org#20232,"MERANJAT II, INDRALAYA SELATAN, OGAN ILIR, SUMATERA SELATAN",4,55,144,199
https://kawalpemilu.org#20232,"MERANJAT II, INDRALAYA SELATAN, OGAN ILIR, SUMATERA SELATAN",5,60,133,193
https://kawalpemilu.org#20232,"MERANJAT II, INDRALAYA SELATAN, OGAN ILIR, SUMATERA SELATAN",6,66,103,169
https://kawalpemilu.org#20233,"SUKARAJA LAMA, INDRALAYA SELATAN, OGAN ILIR, SUMATERA SELATAN",1,44,127,171
https://kawalpemilu.org#20233,"SUKARAJA LAMA, INDRALAYA SELATAN, OGAN ILIR, SUMATERA SELATAN",2,40,133,173
https://kawalpemilu.org#20233,"SUKARAJA LAMA, INDRALAYA SELATAN, OGAN ILIR, SUMATERA SELATAN",3,36,122,158
https://kawalpemilu.org#20233,"SUKARAJA LAMA, INDRALAYA SELATAN, OGAN ILIR, SUMATERA SELATAN",4,49,111,160
https://kawalpemilu.org#20233,"SUKARAJA LAMA, INDRALAYA SELATAN, OGAN ILIR, SUMATERA SELATAN",5,60,97,157
https://kawalpemilu.org#20234,"SUKARAJA BARU, INDRALAYA SELATAN, OGAN ILIR, SUMATERA SELATAN",1,77,136,213
https://kawalpemilu.org#20234,"SUKARAJA BARU, INDRALAYA SELATAN, OGAN ILIR, SUMATERA SELATAN",2,61,146,207
https://kawalpemilu.org#20234,"SUKARAJA BARU, INDRALAYA SELATAN, OGAN ILIR, SUMATERA SELATAN",3,69,126,195
https://kawalpemilu.org#20234,"SUKARAJA BARU, INDRALAYA SELATAN, OGAN ILIR, SUMATERA SELATAN",4,68,136,204
https://kawalpemilu.org#20234,"SUKARAJA BARU, INDRALAYA SELATAN, OGAN ILIR, SUMATERA SELATAN",5,102,80,182
https://kawalpemilu.org#20234,"SUKARAJA BARU, INDRALAYA SELATAN, OGAN ILIR, SUMATERA SELATAN",6,77,126,203
https://kawalpemilu.org#20235,"TEBING GERINTING UTARA, INDRALAYA SELATAN, OGAN ILIR, SUMATERA SELATAN",1,117,133,250
https://kawalpemilu.org#20235,"TEBING GERINTING UTARA, INDRALAYA SELATAN, OGAN ILIR, SUMATERA SELATAN",2,61,188,249
https://kawalpemilu.org#20235,"TEBING GERINTING UTARA, INDRALAYA SELATAN, OGAN ILIR, SUMATERA SELATAN",3,76,158,234
https://kawalpemilu.org#20235,"TEBING GERINTING UTARA, INDRALAYA SELATAN, OGAN ILIR, SUMATERA SELATAN",4,61,143,204
https://kawalpemilu.org#20235,"TEBING GERINTING UTARA, INDRALAYA SELATAN, OGAN ILIR, SUMATERA SELATAN",5,83,118,201
https://kawalpemilu.org#20235,"TEBING GERINTING UTARA, INDRALAYA SELATAN, OGAN ILIR, SUMATERA SELATAN",6,46,69,115
https://kawalpemilu.org#20236,"TANJUNG DAYANG UTARA, INDRALAYA SELATAN, OGAN ILIR, SUMATERA SELATAN",1,151,94,245
https://kawalpemilu.org#20236,"TANJUNG DAYANG UTARA, INDRALAYA SELATAN, OGAN ILIR, SUMATERA SELATAN",2,95,132,227
https://kawalpemilu.org#20236,"TANJUNG DAYANG UTARA, INDRALAYA SELATAN, OGAN ILIR, SUMATERA SELATAN",3,105,81,186
https://kawalpemilu.org#20237,"MERANJAT III, INDRALAYA SELATAN, OGAN ILIR, SUMATERA SELATAN",1,99,80,179
https://kawalpemilu.org#20237,"MERANJAT III, INDRALAYA SELATAN, OGAN ILIR, SUMATERA SELATAN",2,112,113,225
https://kawalpemilu.org#20237,"MERANJAT III, INDRALAYA SELATAN, OGAN ILIR, SUMATERA SELATAN",3,99,111,210
https://kawalpemilu.org#20237,"MERANJAT III, INDRALAYA SELATAN, OGAN ILIR, SUMATERA SELATAN",4,99,129,228
https://kawalpemilu.org#20239,"PEMATANG BANGSAL, PEMULUTAN SELATAN, OGAN ILIR, SUMATERA SELATAN",1,96,127,223
https://kawalpemilu.org#20239,"PEMATANG BANGSAL, PEMULUTAN SELATAN, OGAN ILIR, SUMATERA SELATAN",2,81,88,169
https://kawalpemilu.org#20239,"PEMATANG BANGSAL, PEMULUTAN SELATAN, OGAN ILIR, SUMATERA SELATAN",3,111,87,198
https://kawalpemilu.org#20240,"MAYA PATI, PEMULUTAN SELATAN, OGAN ILIR, SUMATERA SELATAN",1,73,100,173
https://kawalpemilu.org#20240,"MAYA PATI, PEMULUTAN SELATAN, OGAN ILIR, SUMATERA SELATAN",2,56,106,162
https://kawalpemilu.org#20240,"MAYA PATI, PEMULUTAN SELATAN, OGAN ILIR, SUMATERA SELATAN",3,118,48,166
https://kawalpemilu.org#20240,"MAYA PATI, PEMULUTAN SELATAN, OGAN ILIR, SUMATERA SELATAN",4,73,79,152
https://kawalpemilu.org#20241,"SUNGAI LEBUNG, PEMULUTAN SELATAN, OGAN ILIR, SUMATERA SELATAN",1,120,112,232
https://kawalpemilu.org#20241,"SUNGAI LEBUNG, PEMULUTAN SELATAN, OGAN ILIR, SUMATERA SELATAN",2,67,75,142
https://kawalpemilu.org#20241,"SUNGAI LEBUNG, PEMULUTAN SELATAN, OGAN ILIR, SUMATERA SELATAN",3,121,59,180
https://kawalpemilu.org#20241,"SUNGAI LEBUNG, PEMULUTAN SELATAN, OGAN ILIR, SUMATERA SELATAN",4,109,115,224
https://kawalpemilu.org#20241,"SUNGAI LEBUNG, PEMULUTAN SELATAN, OGAN ILIR, SUMATERA SELATAN",5,75,133,208
https://kawalpemilu.org#20241,"SUNGAI LEBUNG, PEMULUTAN SELATAN, OGAN ILIR, SUMATERA SELATAN",6,102,30,132
https://kawalpemilu.org#20241,"SUNGAI LEBUNG, PEMULUTAN SELATAN, OGAN ILIR, SUMATERA SELATAN",7,106,34,140
https://kawalpemilu.org#20242,"KAPUK, PEMULUTAN SELATAN, OGAN ILIR, SUMATERA SELATAN",1,96,62,158
https://kawalpemilu.org#20242,"KAPUK, PEMULUTAN SELATAN, OGAN ILIR, SUMATERA SELATAN",2,56,101,157
https://kawalpemilu.org#20242,"KAPUK, PEMULUTAN SELATAN, OGAN ILIR, SUMATERA SELATAN",3,88,72,160
https://kawalpemilu.org#20242,"KAPUK, PEMULUTAN SELATAN, OGAN ILIR, SUMATERA SELATAN",4,106,103,209
https://kawalpemilu.org#20242,"KAPUK, PEMULUTAN SELATAN, OGAN ILIR, SUMATERA SELATAN",5,98,64,162
https://kawalpemilu.org#20243,"ULAK AURSTANDING, PEMULUTAN SELATAN, OGAN ILIR, SUMATERA SELATAN",1,102,108,210
https://kawalpemilu.org#20243,"ULAK AURSTANDING, PEMULUTAN SELATAN, OGAN ILIR, SUMATERA SELATAN",2,76,101,177
https://kawalpemilu.org#20243,"ULAK AURSTANDING, PEMULUTAN SELATAN, OGAN ILIR, SUMATERA SELATAN",3,93,81,174
https://kawalpemilu.org#20243,"ULAK AURSTANDING, PEMULUTAN SELATAN, OGAN ILIR, SUMATERA SELATAN",4,91,47,138
https://kawalpemilu.org#20243,"ULAK AURSTANDING, PEMULUTAN SELATAN, OGAN ILIR, SUMATERA SELATAN",5,97,26,123
https://kawalpemilu.org#20244,"MAJU JAYA, PEMULUTAN SELATAN, OGAN ILIR, SUMATERA SELATAN",1,103,82,185
https://kawalpemilu.org#20244,"MAJU JAYA, PEMULUTAN SELATAN, OGAN ILIR, SUMATERA SELATAN",2,141,76,217
https://kawalpemilu.org#20244,"MAJU JAYA, PEMULUTAN SELATAN, OGAN ILIR, SUMATERA SELATAN",3,75,24,99
https://kawalpemilu.org#20245,"NAIKAN TEMBAKANG, PEMULUTAN SELATAN, OGAN ILIR, SUMATERA SELATAN",1,102,100,202
https://kawalpemilu.org#20245,"NAIKAN TEMBAKANG, PEMULUTAN SELATAN, OGAN ILIR, SUMATERA SELATAN",2,79,113,192
https://kawalpemilu.org#20245,"NAIKAN TEMBAKANG, PEMULUTAN SELATAN, OGAN ILIR, SUMATERA SELATAN",3,92,57,149
https://kawalpemilu.org#20246,"SEGAYAM, PEMULUTAN SELATAN, OGAN ILIR, SUMATERA SELATAN",1,154,74,228
https://kawalpemilu.org#20246,"SEGAYAM, PEMULUTAN SELATAN, OGAN ILIR, SUMATERA SELATAN",2,117,49,166
https://kawalpemilu.org#20246,"SEGAYAM, PEMULUTAN SELATAN, OGAN ILIR, SUMATERA SELATAN",3,180,25,205
https://kawalpemilu.org#20246,"SEGAYAM, PEMULUTAN SELATAN, OGAN ILIR, SUMATERA SELATAN",4,126,48,174
https://kawalpemilu.org#20247,"CAHAYA MARGA, PEMULUTAN SELATAN, OGAN ILIR, SUMATERA SELATAN",1,73,96,169
https://kawalpemilu.org#20247,"CAHAYA MARGA, PEMULUTAN SELATAN, OGAN ILIR, SUMATERA SELATAN",2,90,30,120
https://kawalpemilu.org#20247,"CAHAYA MARGA, PEMULUTAN SELATAN, OGAN ILIR, SUMATERA SELATAN",3,111,76,187
https://kawalpemilu.org#20247,"CAHAYA MARGA, PEMULUTAN SELATAN, OGAN ILIR, SUMATERA SELATAN",4,106,67,173
https://kawalpemilu.org#20248,"S. LEBUNG ULU, PEMULUTAN SELATAN, OGAN ILIR, SUMATERA SELATAN",1,39,134,173
https://kawalpemilu.org#20248,"S. LEBUNG ULU, PEMULUTAN SELATAN, OGAN ILIR, SUMATERA SELATAN",2,138,64,202
https://kawalpemilu.org#20248,"S. LEBUNG ULU, PEMULUTAN SELATAN, OGAN ILIR, SUMATERA SELATAN",3,84,88,172
https://kawalpemilu.org#20248,"S. LEBUNG ULU, PEMULUTAN SELATAN, OGAN ILIR, SUMATERA SELATAN",4,83,79,162
https://kawalpemilu.org#20249,"SUNGAI KELI, PEMULUTAN SELATAN, OGAN ILIR, SUMATERA SELATAN",1,139,94,233
https://kawalpemilu.org#20249,"SUNGAI KELI, PEMULUTAN SELATAN, OGAN ILIR, SUMATERA SELATAN",2,53,88,141
https://kawalpemilu.org#20250,"LEBAK PERING, PEMULUTAN SELATAN, OGAN ILIR, SUMATERA SELATAN",1,82,53,135
https://kawalpemilu.org#20250,"LEBAK PERING, PEMULUTAN SELATAN, OGAN ILIR, SUMATERA SELATAN",2,106,83,189
https://kawalpemilu.org#20250,"LEBAK PERING, PEMULUTAN SELATAN, OGAN ILIR, SUMATERA SELATAN",3,100,36,136
https://kawalpemilu.org#20251,"SUNGAI ONDOK, PEMULUTAN SELATAN, OGAN ILIR, SUMATERA SELATAN",1,65,97,162
https://kawalpemilu.org#20251,"SUNGAI ONDOK, PEMULUTAN SELATAN, OGAN ILIR, SUMATERA SELATAN",2,73,42,115
https://kawalpemilu.org#20252,"PEMATANG BUNGUR, PEMULUTAN SELATAN, OGAN ILIR, SUMATERA SELATAN",1,112,69,181
https://kawalpemilu.org#20252,"PEMATANG BUNGUR, PEMULUTAN SELATAN, OGAN ILIR, SUMATERA SELATAN",2,128,53,181
https://kawalpemilu.org#20252,"PEMATANG BUNGUR, PEMULUTAN SELATAN, OGAN ILIR, SUMATERA SELATAN",3,141,53,194
https://kawalpemilu.org#20252,"PEMATANG BUNGUR, PEMULUTAN SELATAN, OGAN ILIR, SUMATERA SELATAN",4,102,54,156
https://kawalpemilu.org#20253,"HARIMAU TANDANG, PEMULUTAN SELATAN, OGAN ILIR, SUMATERA SELATAN",1,147,80,227
https://kawalpemilu.org#20253,"HARIMAU TANDANG, PEMULUTAN SELATAN, OGAN ILIR, SUMATERA SELATAN",2,119,109,228
https://kawalpemilu.org#20253,"HARIMAU TANDANG, PEMULUTAN SELATAN, OGAN ILIR, SUMATERA SELATAN",3,121,60,181
https://kawalpemilu.org#20255,"SUKA MERINDU, PEMULUTAN BARAT, OGAN ILIR, SUMATERA SELATAN",1,133,92,225
https://kawalpemilu.org#20255,"SUKA MERINDU, PEMULUTAN BARAT, OGAN ILIR, SUMATERA SELATAN",2,120,110,230
https://kawalpemilu.org#20255,"SUKA MERINDU, PEMULUTAN BARAT, OGAN ILIR, SUMATERA SELATAN",3,124,118,242
https://kawalpemilu.org#20256,"SARANG ELANG, PEMULUTAN BARAT, OGAN ILIR, SUMATERA SELATAN",1,100,83,183
https://kawalpemilu.org#20256,"SARANG ELANG, PEMULUTAN BARAT, OGAN ILIR, SUMATERA SELATAN",2,83,94,177
https://kawalpemilu.org#20256,"SARANG ELANG, PEMULUTAN BARAT, OGAN ILIR, SUMATERA SELATAN",3,85,93,178
https://kawalpemilu.org#20257,"KAMAL, PEMULUTAN BARAT, OGAN ILIR, SUMATERA SELATAN",1,49,119,168
https://kawalpemilu.org#20257,"KAMAL, PEMULUTAN BARAT, OGAN ILIR, SUMATERA SELATAN",2,61,112,173
https://kawalpemilu.org#20257,"KAMAL, PEMULUTAN BARAT, OGAN ILIR, SUMATERA SELATAN",3,53,114,167
https://kawalpemilu.org#20258,"PULAU NEGARA, PEMULUTAN BARAT, OGAN ILIR, SUMATERA SELATAN",1,129,81,210
https://kawalpemilu.org#20258,"PULAU NEGARA, PEMULUTAN BARAT, OGAN ILIR, SUMATERA SELATAN",2,84,112,194
https://kawalpemilu.org#20258,"PULAU NEGARA, PEMULUTAN BARAT, OGAN ILIR, SUMATERA SELATAN",4,98,109,207
https://kawalpemilu.org#20259,"TALANG PANGERAN ULU, PEMULUTAN BARAT, OGAN ILIR, SUMATERA SELATAN",1,59,180,239
https://kawalpemilu.org#20259,"TALANG PANGERAN ULU, PEMULUTAN BARAT, OGAN ILIR, SUMATERA SELATAN",2,83,131,214
https://kawalpemilu.org#20259,"TALANG PANGERAN ULU, PEMULUTAN BARAT, OGAN ILIR, SUMATERA SELATAN",3,122,90,212
https://kawalpemilu.org#20259,"TALANG PANGERAN ULU, PEMULUTAN BARAT, OGAN ILIR, SUMATERA SELATAN",4,79,115,194
https://kawalpemilu.org#20259,"TALANG PANGERAN ULU, PEMULUTAN BARAT, OGAN ILIR, SUMATERA SELATAN",5,117,99,216
https://kawalpemilu.org#20259,"TALANG PANGERAN ULU, PEMULUTAN BARAT, OGAN ILIR, SUMATERA SELATAN",6,78,109,187
https://kawalpemilu.org#20260,"ULAK KEMBAHANG I, PEMULUTAN BARAT, OGAN ILIR, SUMATERA SELATAN",1,107,106,213
https://kawalpemilu.org#20260,"ULAK KEMBAHANG I, PEMULUTAN BARAT, OGAN ILIR, SUMATERA SELATAN",2,59,160,219
https://kawalpemilu.org#20260,"ULAK KEMBAHANG I, PEMULUTAN BARAT, OGAN ILIR, SUMATERA SELATAN",3,98,116,214
https://kawalpemilu.org#20261,"ULAK PETANGISAN, PEMULUTAN BARAT, OGAN ILIR, SUMATERA SELATAN",1,31,156,187
https://kawalpemilu.org#20261,"ULAK PETANGISAN, PEMULUTAN BARAT, OGAN ILIR, SUMATERA SELATAN",2,50,127,177
https://kawalpemilu.org#20261,"ULAK PETANGISAN, PEMULUTAN BARAT, OGAN ILIR, SUMATERA SELATAN",3,52,118,170
https://kawalpemilu.org#20262,"SERI BANDING, PEMULUTAN BARAT, OGAN ILIR, SUMATERA SELATAN",1,59,127,186
https://kawalpemilu.org#20262,"SERI BANDING, PEMULUTAN BARAT, OGAN ILIR, SUMATERA SELATAN",2,69,117,186
https://kawalpemilu.org#20262,"SERI BANDING, PEMULUTAN BARAT, OGAN ILIR, SUMATERA SELATAN",3,90,92,182
https://kawalpemilu.org#20263,"ULAK KEMBAHANG II, PEMULUTAN BARAT, OGAN ILIR, SUMATERA SELATAN",1,109,104,213
https://kawalpemilu.org#20263,"ULAK KEMBAHANG II, PEMULUTAN BARAT, OGAN ILIR, SUMATERA SELATAN",2,112,130,242
https://kawalpemilu.org#20263,"ULAK KEMBAHANG II, PEMULUTAN BARAT, OGAN ILIR, SUMATERA SELATAN",3,95,119,214
https://kawalpemilu.org#20263,"ULAK KEMBAHANG II, PEMULUTAN BARAT, OGAN ILIR, SUMATERA SELATAN",4,84,81,165
https://kawalpemilu.org#20264,"TALANG PANGERAN ILIR, PEMULUTAN BARAT, OGAN ILIR, SUMATERA SELATAN",1,114,114,228
https://kawalpemilu.org#20264,"TALANG PANGERAN ILIR, PEMULUTAN BARAT, OGAN ILIR, SUMATERA SELATAN",2,103,118,221
https://kawalpemilu.org#20264,"TALANG PANGERAN ILIR, PEMULUTAN BARAT, OGAN ILIR, SUMATERA SELATAN",3,114,114,228
https://kawalpemilu.org#20264,"TALANG PANGERAN ILIR, PEMULUTAN BARAT, OGAN ILIR, SUMATERA SELATAN",4,72,169,241
https://kawalpemilu.org#20264,"TALANG PANGERAN ILIR, PEMULUTAN BARAT, OGAN ILIR, SUMATERA SELATAN",5,108,141,249
https://kawalpemilu.org#20265,"ARISAN JAYA, PEMULUTAN BARAT, OGAN ILIR, SUMATERA SELATAN",2,78,115,193
https://kawalpemilu.org#20265,"ARISAN JAYA, PEMULUTAN BARAT, OGAN ILIR, SUMATERA SELATAN",3,61,142,203
https://kawalpemilu.org#20267,"KOTADARO I, RANTAU PANJANG, OGAN ILIR, SUMATERA SELATAN",2,151,51,202
https://kawalpemilu.org#20267,"KOTADARO I, RANTAU PANJANG, OGAN ILIR, SUMATERA SELATAN",3,133,81,214
https://kawalpemilu.org#20267,"KOTADARO I, RANTAU PANJANG, OGAN ILIR, SUMATERA SELATAN",4,121,67,188
https://kawalpemilu.org#20267,"KOTADARO I, RANTAU PANJANG, OGAN ILIR, SUMATERA SELATAN",5,90,78,168
https://kawalpemilu.org#20267,"KOTADARO I, RANTAU PANJANG, OGAN ILIR, SUMATERA SELATAN",6,148,53,201
https://kawalpemilu.org#20267,"KOTADARO I, RANTAU PANJANG, OGAN ILIR, SUMATERA SELATAN",7,104,67,171
https://kawalpemilu.org#20268,"KETAPANG I, RANTAU PANJANG, OGAN ILIR, SUMATERA SELATAN",1,103,155,258
https://kawalpemilu.org#20268,"KETAPANG I, RANTAU PANJANG, OGAN ILIR, SUMATERA SELATAN",2,143,102,245
https://kawalpemilu.org#20268,"KETAPANG I, RANTAU PANJANG, OGAN ILIR, SUMATERA SELATAN",3,81,48,129
https://kawalpemilu.org#20268,"KETAPANG I, RANTAU PANJANG, OGAN ILIR, SUMATERA SELATAN",4,92,44,136
https://kawalpemilu.org#20269,"RANTAU PANJANG ILIR, RANTAU PANJANG, OGAN ILIR, SUMATERA SELATAN",1,89,99,188
https://kawalpemilu.org#20269,"RANTAU PANJANG ILIR, RANTAU PANJANG, OGAN ILIR, SUMATERA SELATAN",2,83,77,160
https://kawalpemilu.org#20269,"RANTAU PANJANG ILIR, RANTAU PANJANG, OGAN ILIR, SUMATERA SELATAN",3,76,112,188
https://kawalpemilu.org#20269,"RANTAU PANJANG ILIR, RANTAU PANJANG, OGAN ILIR, SUMATERA SELATAN",4,71,88,159
https://kawalpemilu.org#20270,"JAGARAJA, RANTAU PANJANG, OGAN ILIR, SUMATERA SELATAN",1,96,84,180
https://kawalpemilu.org#20270,"JAGARAJA, RANTAU PANJANG, OGAN ILIR, SUMATERA SELATAN",2,78,106,184
https://kawalpemilu.org#20270,"JAGARAJA, RANTAU PANJANG, OGAN ILIR, SUMATERA SELATAN",3,104,109,213
https://kawalpemilu.org#20270,"JAGARAJA, RANTAU PANJANG, OGAN ILIR, SUMATERA SELATAN",4,101,71,172
https://kawalpemilu.org#20271,"JAGALANO, RANTAU PANJANG, OGAN ILIR, SUMATERA SELATAN",1,63,100,163
https://kawalpemilu.org#20271,"JAGALANO, RANTAU PANJANG, OGAN ILIR, SUMATERA SELATAN",2,77,83,160
https://kawalpemilu.org#20271,"JAGALANO, RANTAU PANJANG, OGAN ILIR, SUMATERA SELATAN",3,72,94,166
https://kawalpemilu.org#20271,"JAGALANO, RANTAU PANJANG, OGAN ILIR, SUMATERA SELATAN",4,41,105,146
https://kawalpemilu.org#20271,"JAGALANO, RANTAU PANJANG, OGAN ILIR, SUMATERA SELATAN",5,69,112,181
https://kawalpemilu.org#20272,"SEJANGKO I, RANTAU PANJANG, OGAN ILIR, SUMATERA SELATAN",1,98,118,216
https://kawalpemilu.org#20272,"SEJANGKO I, RANTAU PANJANG, OGAN ILIR, SUMATERA SELATAN",2,92,129,221
https://kawalpemilu.org#20272,"SEJANGKO I, RANTAU PANJANG, OGAN ILIR, SUMATERA SELATAN",3,67,114,181
https://kawalpemilu.org#20273,"KOTA DARO II, RANTAU PANJANG, OGAN ILIR, SUMATERA SELATAN",1,137,70,207
https://kawalpemilu.org#20273,"KOTA DARO II, RANTAU PANJANG, OGAN ILIR, SUMATERA SELATAN",2,129,72,201
https://kawalpemilu.org#20273,"KOTA DARO II, RANTAU PANJANG, OGAN ILIR, SUMATERA SELATAN",3,130,147,277
https://kawalpemilu.org#20273,"KOTA DARO II, RANTAU PANJANG, OGAN ILIR, SUMATERA SELATAN",4,120,82,202
https://kawalpemilu.org#20273,"KOTA DARO II, RANTAU PANJANG, OGAN ILIR, SUMATERA SELATAN",5,106,98,204
https://kawalpemilu.org#20273,"KOTA DARO II, RANTAU PANJANG, OGAN ILIR, SUMATERA SELATAN",6,121,51,172
https://kawalpemilu.org#20274,"SUNGAI ROTAN, RANTAU PANJANG, OGAN ILIR, SUMATERA SELATAN",1,71,122,193
https://kawalpemilu.org#20274,"SUNGAI ROTAN, RANTAU PANJANG, OGAN ILIR, SUMATERA SELATAN",2,74,112,186
https://kawalpemilu.org#20274,"SUNGAI ROTAN, RANTAU PANJANG, OGAN ILIR, SUMATERA SELATAN",3,86,87,173
https://kawalpemilu.org#20274,"SUNGAI ROTAN, RANTAU PANJANG, OGAN ILIR, SUMATERA SELATAN",4,80,89,169
https://kawalpemilu.org#20275,"RANTAU PANJANG ULU, RANTAU PANJANG, OGAN ILIR, SUMATERA SELATAN",1,89,84,173
https://kawalpemilu.org#20275,"RANTAU PANJANG ULU, RANTAU PANJANG, OGAN ILIR, SUMATERA SELATAN",2,59,96,155
https://kawalpemilu.org#20275,"RANTAU PANJANG ULU, RANTAU PANJANG, OGAN ILIR, SUMATERA SELATAN",3,32,123,155
https://kawalpemilu.org#20275,"RANTAU PANJANG ULU, RANTAU PANJANG, OGAN ILIR, SUMATERA SELATAN",4,73,103,176
https://kawalpemilu.org#20275,"RANTAU PANJANG ULU, RANTAU PANJANG, OGAN ILIR, SUMATERA SELATAN",5,27,53,80
https://kawalpemilu.org#20276,"KETAPANG II, RANTAU PANJANG, OGAN ILIR, SUMATERA SELATAN",1,89,88,177
https://kawalpemilu.org#20276,"KETAPANG II, RANTAU PANJANG, OGAN ILIR, SUMATERA SELATAN",2,156,60,216
https://kawalpemilu.org#20277,"SEJANGKO II, RANTAU PANJANG, OGAN ILIR, SUMATERA SELATAN",1,72,121,193
https://kawalpemilu.org#20277,"SEJANGKO II, RANTAU PANJANG, OGAN ILIR, SUMATERA SELATAN",2,97,88,185
https://kawalpemilu.org#20277,"SEJANGKO II, RANTAU PANJANG, OGAN ILIR, SUMATERA SELATAN",3,109,74,183
https://kawalpemilu.org#20278,"ARISAN DERAS, RANTAU PANJANG, OGAN ILIR, SUMATERA SELATAN",1,78,134,212
https://kawalpemilu.org#20278,"ARISAN DERAS, RANTAU PANJANG, OGAN ILIR, SUMATERA SELATAN",2,66,103,169
https://kawalpemilu.org#20278,"ARISAN DERAS, RANTAU PANJANG, OGAN ILIR, SUMATERA SELATAN",3,115,83,198
https://kawalpemilu.org#20278,"ARISAN DERAS, RANTAU PANJANG, OGAN ILIR, SUMATERA SELATAN",4,112,85,197
https://kawalpemilu.org#20278,"ARISAN DERAS, RANTAU PANJANG, OGAN ILIR, SUMATERA SELATAN",5,54,109,163
https://kawalpemilu.org#20280,"SUNGAI PINANG, SUNGAI PINANG, OGAN ILIR, SUMATERA SELATAN",1,114,138,252
https://kawalpemilu.org#20280,"SUNGAI PINANG, SUNGAI PINANG, OGAN ILIR, SUMATERA SELATAN",2,82,167,249
https://kawalpemilu.org#20280,"SUNGAI PINANG, SUNGAI PINANG, OGAN ILIR, SUMATERA SELATAN",3,91,154,245
https://kawalpemilu.org#20280,"SUNGAI PINANG, SUNGAI PINANG, OGAN ILIR, SUMATERA SELATAN",4,96,103,199
https://kawalpemilu.org#20280,"SUNGAI PINANG, SUNGAI PINANG, OGAN ILIR, SUMATERA SELATAN",5,112,102,214
https://kawalpemilu.org#20280,"SUNGAI PINANG, SUNGAI PINANG, OGAN ILIR, SUMATERA SELATAN",6,112,98,210
https://kawalpemilu.org#20281,"SERIJABO, SUNGAI PINANG, OGAN ILIR, SUMATERA SELATAN",1,93,110,203
https://kawalpemilu.org#20281,"SERIJABO, SUNGAI PINANG, OGAN ILIR, SUMATERA SELATAN",2,101,140,241
https://kawalpemilu.org#20281,"SERIJABO, SUNGAI PINANG, OGAN ILIR, SUMATERA SELATAN",3,75,155,230
https://kawalpemilu.org#20281,"SERIJABO, SUNGAI PINANG, OGAN ILIR, SUMATERA SELATAN",4,92,141,233
https://kawalpemilu.org#20281,"SERIJABO, SUNGAI PINANG, OGAN ILIR, SUMATERA SELATAN",5,114,127,241
https://kawalpemilu.org#20281,"SERIJABO, SUNGAI PINANG, OGAN ILIR, SUMATERA SELATAN",6,103,124,227
https://kawalpemilu.org#20281,"SERIJABO, SUNGAI PINANG, OGAN ILIR, SUMATERA SELATAN",7,162,64,226
https://kawalpemilu.org#20281,"SERIJABO, SUNGAI PINANG, OGAN ILIR, SUMATERA SELATAN",8,140,70,210
https://kawalpemilu.org#20282,"SUNGAI PINANG II, SUNGAI PINANG, OGAN ILIR, SUMATERA SELATAN",1,141,100,241
https://kawalpemilu.org#20282,"SUNGAI PINANG II, SUNGAI PINANG, OGAN ILIR, SUMATERA SELATAN",2,104,115,219
https://kawalpemilu.org#20282,"SUNGAI PINANG II, SUNGAI PINANG, OGAN ILIR, SUMATERA SELATAN",3,119,96,215
https://kawalpemilu.org#20282,"SUNGAI PINANG II, SUNGAI PINANG, OGAN ILIR, SUMATERA SELATAN",4,98,116,214
https://kawalpemilu.org#20282,"SUNGAI PINANG II, SUNGAI PINANG, OGAN ILIR, SUMATERA SELATAN",5,91,157,248
https://kawalpemilu.org#20282,"SUNGAI PINANG II, SUNGAI PINANG, OGAN ILIR, SUMATERA SELATAN",6,115,128,243
https://kawalpemilu.org#20282,"SUNGAI PINANG II, SUNGAI PINANG, OGAN ILIR, SUMATERA SELATAN",7,86,132,218
https://kawalpemilu.org#20282,"SUNGAI PINANG II, SUNGAI PINANG, OGAN ILIR, SUMATERA SELATAN",8,90,140,230
https://kawalpemilu.org#20283,"TALANG DUKUN, SUNGAI PINANG, OGAN ILIR, SUMATERA SELATAN",1,120,126,246
https://kawalpemilu.org#20283,"TALANG DUKUN, SUNGAI PINANG, OGAN ILIR, SUMATERA SELATAN",2,90,122,212
https://kawalpemilu.org#20283,"TALANG DUKUN, SUNGAI PINANG, OGAN ILIR, SUMATERA SELATAN",3,118,99,217
https://kawalpemilu.org#20283,"TALANG DUKUN, SUNGAI PINANG, OGAN ILIR, SUMATERA SELATAN",4,94,116,210
https://kawalpemilu.org#20284,"TANJUNG SERIAN, SUNGAI PINANG, OGAN ILIR, SUMATERA SELATAN",1,75,107,182
https://kawalpemilu.org#20284,"TANJUNG SERIAN, SUNGAI PINANG, OGAN ILIR, SUMATERA SELATAN",2,59,93,152
https://kawalpemilu.org#20284,"TANJUNG SERIAN, SUNGAI PINANG, OGAN ILIR, SUMATERA SELATAN",3,67,115,182
https://kawalpemilu.org#20285,"PENYANDINGAN, SUNGAI PINANG, OGAN ILIR, SUMATERA SELATAN",1,83,93,176
https://kawalpemilu.org#20285,"PENYANDINGAN, SUNGAI PINANG, OGAN ILIR, SUMATERA SELATAN",2,130,73,203
https://kawalpemilu.org#20285,"PENYANDINGAN, SUNGAI PINANG, OGAN ILIR, SUMATERA SELATAN",3,105,29,134
https://kawalpemilu.org#20285,"PENYANDINGAN, SUNGAI PINANG, OGAN ILIR, SUMATERA SELATAN",4,79,91,170
https://kawalpemilu.org#20285,"PENYANDINGAN, SUNGAI PINANG, OGAN ILIR, SUMATERA SELATAN",5,124,76,200
https://kawalpemilu.org#20286,"SUNGAI PINANG III, SUNGAI PINANG, OGAN ILIR, SUMATERA SELATAN",1,109,104,213
https://kawalpemilu.org#20286,"SUNGAI PINANG III, SUNGAI PINANG, OGAN ILIR, SUMATERA SELATAN",2,96,74,170
https://kawalpemilu.org#20286,"SUNGAI PINANG III, SUNGAI PINANG, OGAN ILIR, SUMATERA SELATAN",3,92,103,195
https://kawalpemilu.org#20286,"SUNGAI PINANG III, SUNGAI PINANG, OGAN ILIR, SUMATERA SELATAN",4,81,103,184
https://kawalpemilu.org#20286,"SUNGAI PINANG III, SUNGAI PINANG, OGAN ILIR, SUMATERA SELATAN",5,96,97,193
https://kawalpemilu.org#20287,"PINANG JAYA, SUNGAI PINANG, OGAN ILIR, SUMATERA SELATAN",1,167,67,234
https://kawalpemilu.org#20287,"PINANG JAYA, SUNGAI PINANG, OGAN ILIR, SUMATERA SELATAN",2,154,74,228
https://kawalpemilu.org#20287,"PINANG JAYA, SUNGAI PINANG, OGAN ILIR, SUMATERA SELATAN",3,180,45,225
https://kawalpemilu.org#20287,"PINANG JAYA, SUNGAI PINANG, OGAN ILIR, SUMATERA SELATAN",4,168,41,209
https://kawalpemilu.org#20288,"SUNGAI PINANG I, SUNGAI PINANG, OGAN ILIR, SUMATERA SELATAN",1,100,89,189
https://kawalpemilu.org#20288,"SUNGAI PINANG I, SUNGAI PINANG, OGAN ILIR, SUMATERA SELATAN",2,107,72,179
https://kawalpemilu.org#20288,"SUNGAI PINANG I, SUNGAI PINANG, OGAN ILIR, SUMATERA SELATAN",3,106,67,173
https://kawalpemilu.org#20288,"SUNGAI PINANG I, SUNGAI PINANG, OGAN ILIR, SUMATERA SELATAN",4,78,112,190
https://kawalpemilu.org#20288,"SUNGAI PINANG I, SUNGAI PINANG, OGAN ILIR, SUMATERA SELATAN",5,91,97,188
https://kawalpemilu.org#20289,"PINANG MAS, SUNGAI PINANG, OGAN ILIR, SUMATERA SELATAN",1,115,119,234
https://kawalpemilu.org#20289,"PINANG MAS, SUNGAI PINANG, OGAN ILIR, SUMATERA SELATAN",2,109,109,218
https://kawalpemilu.org#20289,"PINANG MAS, SUNGAI PINANG, OGAN ILIR, SUMATERA SELATAN",3,127,80,207
https://kawalpemilu.org#20289,"PINANG MAS, SUNGAI PINANG, OGAN ILIR, SUMATERA SELATAN",4,105,111,216
https://kawalpemilu.org#20289,"PINANG MAS, SUNGAI PINANG, OGAN ILIR, SUMATERA SELATAN",5,123,96,219
https://kawalpemilu.org#20289,"PINANG MAS, SUNGAI PINANG, OGAN ILIR, SUMATERA SELATAN",6,106,98,204
https://kawalpemilu.org#20290,"S. PINANG LAGATI, SUNGAI PINANG, OGAN ILIR, SUMATERA SELATAN",1,110,96,206
https://kawalpemilu.org#20290,"S. PINANG LAGATI, SUNGAI PINANG, OGAN ILIR, SUMATERA SELATAN",2,97,100,197
https://kawalpemilu.org#20290,"S. PINANG LAGATI, SUNGAI PINANG, OGAN ILIR, SUMATERA SELATAN",3,82,129,211
https://kawalpemilu.org#20290,"S. PINANG LAGATI, SUNGAI PINANG, OGAN ILIR, SUMATERA SELATAN",4,104,62,166
https://kawalpemilu.org#20290,"S. PINANG LAGATI, SUNGAI PINANG, OGAN ILIR, SUMATERA SELATAN",5,120,67,187
https://kawalpemilu.org#20291,"S. PINANG NIBUNG, SUNGAI PINANG, OGAN ILIR, SUMATERA SELATAN",2,88,102,190
https://kawalpemilu.org#20291,"S. PINANG NIBUNG, SUNGAI PINANG, OGAN ILIR, SUMATERA SELATAN",3,66,114,180
https://kawalpemilu.org#20291,"S. PINANG NIBUNG, SUNGAI PINANG, OGAN ILIR, SUMATERA SELATAN",4,103,87,190
https://kawalpemilu.org#20291,"S. PINANG NIBUNG, SUNGAI PINANG, OGAN ILIR, SUMATERA SELATAN",5,80,95,175
https://kawalpemilu.org#20292,"SERI JABO BARU, SUNGAI PINANG, OGAN ILIR, SUMATERA SELATAN",1,121,140,261
https://kawalpemilu.org#20292,"SERI JABO BARU, SUNGAI PINANG, OGAN ILIR, SUMATERA SELATAN",2,115,106,221
https://kawalpemilu.org#20292,"SERI JABO BARU, SUNGAI PINANG, OGAN ILIR, SUMATERA SELATAN",3,147,66,213
https://kawalpemilu.org#20294,"LUBUK RUKAM, KANDIS, OGAN ILIR, SUMATERA SELATAN",1,68,88,157
https://kawalpemilu.org#20294,"LUBUK RUKAM, KANDIS, OGAN ILIR, SUMATERA SELATAN",2,67,113,180
https://kawalpemilu.org#20295,"TANJUNG ALAI, KANDIS, OGAN ILIR, SUMATERA SELATAN",1,74,78,152
https://kawalpemilu.org#20296,"KANDIS I, KANDIS, OGAN ILIR, SUMATERA SELATAN",1,39,154,193
https://kawalpemilu.org#20296,"KANDIS I, KANDIS, OGAN ILIR, SUMATERA SELATAN",2,36,152,188
https://kawalpemilu.org#20296,"KANDIS I, KANDIS, OGAN ILIR, SUMATERA SELATAN",3,12,150,162
https://kawalpemilu.org#20296,"KANDIS I, KANDIS, OGAN ILIR, SUMATERA SELATAN",4,27,142,169
https://kawalpemilu.org#20297,"KUMBANG ULU, KANDIS, OGAN ILIR, SUMATERA SELATAN",1,55,96,151
https://kawalpemilu.org#20297,"KUMBANG ULU, KANDIS, OGAN ILIR, SUMATERA SELATAN",2,64,99,163
https://kawalpemilu.org#20298,"KUMBANG ILIR, KANDIS, OGAN ILIR, SUMATERA SELATAN",1,70,65,135
https://kawalpemilu.org#20298,"KUMBANG ILIR, KANDIS, OGAN ILIR, SUMATERA SELATAN",2,46,54,100
https://kawalpemilu.org#20299,"MIJI, KANDIS, OGAN ILIR, SUMATERA SELATAN",1,117,75,192
https://kawalpemilu.org#20299,"MIJI, KANDIS, OGAN ILIR, SUMATERA SELATAN",2,114,64,178
https://kawalpemilu.org#20299,"MIJI, KANDIS, OGAN ILIR, SUMATERA SELATAN",3,57,103,160
https://kawalpemilu.org#20299,"MIJI, KANDIS, OGAN ILIR, SUMATERA SELATAN",4,98,83,181
https://kawalpemilu.org#20300,"SANTAPAN BARAT, KANDIS, OGAN ILIR, SUMATERA SELATAN",1,113,103,216
https://kawalpemilu.org#20300,"SANTAPAN BARAT, KANDIS, OGAN ILIR, SUMATERA SELATAN",2,91,118,209
https://kawalpemilu.org#20300,"SANTAPAN BARAT, KANDIS, OGAN ILIR, SUMATERA SELATAN",3,102,84,186
https://kawalpemilu.org#20300,"SANTAPAN BARAT, KANDIS, OGAN ILIR, SUMATERA SELATAN",4,67,116,183
https://kawalpemilu.org#20300,"SANTAPAN BARAT, KANDIS, OGAN ILIR, SUMATERA SELATAN",5,101,91,192
https://kawalpemilu.org#20301,"PANDAN ARANG, KANDIS, OGAN ILIR, SUMATERA SELATAN",1,25,139,164
https://kawalpemilu.org#20301,"PANDAN ARANG, KANDIS, OGAN ILIR, SUMATERA SELATAN",2,40,112,152
https://kawalpemilu.org#20302,"MUARA KUMBANG, KANDIS, OGAN ILIR, SUMATERA SELATAN",1,53,89,142
https://kawalpemilu.org#20302,"MUARA KUMBANG, KANDIS, OGAN ILIR, SUMATERA SELATAN",2,31,118,149
https://kawalpemilu.org#20302,"MUARA KUMBANG, KANDIS, OGAN ILIR, SUMATERA SELATAN",3,36,115,151
https://kawalpemilu.org#20303,"KANDIS II, KANDIS, OGAN ILIR, SUMATERA SELATAN",1,45,142,187
https://kawalpemilu.org#20303,"KANDIS II, KANDIS, OGAN ILIR, SUMATERA SELATAN",2,44,170,214
https://kawalpemilu.org#20303,"KANDIS II, KANDIS, OGAN ILIR, SUMATERA SELATAN",3,32,180,212
https://kawalpemilu.org#20304,"SANTAPAN TIMUR, KANDIS, OGAN ILIR, SUMATERA SELATAN",1,78,67,145
https://kawalpemilu.org#20304,"SANTAPAN TIMUR, KANDIS, OGAN ILIR, SUMATERA SELATAN",2,83,43,126
https://kawalpemilu.org#20304,"SANTAPAN TIMUR, KANDIS, OGAN ILIR, SUMATERA SELATAN",3,90,55,145
https://kawalpemilu.org#20304,"SANTAPAN TIMUR, KANDIS, OGAN ILIR, SUMATERA SELATAN",4,83,65,148
https://kawalpemilu.org#20305,"LUBUK SEGONANG, KANDIS, OGAN ILIR, SUMATERA SELATAN",1,60,79,139
https://kawalpemilu.org#20305,"LUBUK SEGONANG, KANDIS, OGAN ILIR, SUMATERA SELATAN",2,35,136,171
https://kawalpemilu.org#20305,"LUBUK SEGONANG, KANDIS, OGAN ILIR, SUMATERA SELATAN",3,36,81,117
https://kawalpemilu.org#20307,"IBUL DALAM, RAMBANG KUANG, OGAN ILIR, SUMATERA SELATAN",1,22,157,179
https://kawalpemilu.org#20307,"IBUL DALAM, RAMBANG KUANG, OGAN ILIR, SUMATERA SELATAN",2,25,151,176
https://kawalpemilu.org#20307,"IBUL DALAM, RAMBANG KUANG, OGAN ILIR, SUMATERA SELATAN",3,10,160,170
https://kawalpemilu.org#20308,"BERINGIN DALAM, RAMBANG KUANG, OGAN ILIR, SUMATERA SELATAN",1,11,208,219
https://kawalpemilu.org#20308,"BERINGIN DALAM, RAMBANG KUANG, OGAN ILIR, SUMATERA SELATAN",2,14,165,179
https://kawalpemilu.org#20308,"BERINGIN DALAM, RAMBANG KUANG, OGAN ILIR, SUMATERA SELATAN",3,53,120,173
https://kawalpemilu.org#20308,"BERINGIN DALAM, RAMBANG KUANG, OGAN ILIR, SUMATERA SELATAN",4,27,169,196
https://kawalpemilu.org#20308,"BERINGIN DALAM, RAMBANG KUANG, OGAN ILIR, SUMATERA SELATAN",5,20,88,108
https://kawalpemilu.org#20309,"KUANG DALAM BARAT, RAMBANG KUANG, OGAN ILIR, SUMATERA SELATAN",1,19,155,174
https://kawalpemilu.org#20309,"KUANG DALAM BARAT, RAMBANG KUANG, OGAN ILIR, SUMATERA SELATAN",2,26,160,186
https://kawalpemilu.org#20309,"KUANG DALAM BARAT, RAMBANG KUANG, OGAN ILIR, SUMATERA SELATAN",3,21,151,172
https://kawalpemilu.org#20309,"KUANG DALAM BARAT, RAMBANG KUANG, OGAN ILIR, SUMATERA SELATAN",4,71,131,202
https://kawalpemilu.org#20309,"KUANG DALAM BARAT, RAMBANG KUANG, OGAN ILIR, SUMATERA SELATAN",5,31,148,179
https://kawalpemilu.org#20309,"KUANG DALAM BARAT, RAMBANG KUANG, OGAN ILIR, SUMATERA SELATAN",6,57,129,186
https://kawalpemilu.org#20310,"LUBUK TUNGGAL, RAMBANG KUANG, OGAN ILIR, SUMATERA SELATAN",1,54,145,199
https://kawalpemilu.org#20310,"LUBUK TUNGGAL, RAMBANG KUANG, OGAN ILIR, SUMATERA SELATAN",2,51,146,197
https://kawalpemilu.org#20310,"LUBUK TUNGGAL, RAMBANG KUANG, OGAN ILIR, SUMATERA SELATAN",3,62,124,186
https://kawalpemilu.org#20311,"ULAK SEGARA, RAMBANG KUANG, OGAN ILIR, SUMATERA SELATAN",1,63,122,185
https://kawalpemilu.org#20311,"ULAK SEGARA, RAMBANG KUANG, OGAN ILIR, SUMATERA SELATAN",2,77,115,192
https://kawalpemilu.org#20311,"ULAK SEGARA, RAMBANG KUANG, OGAN ILIR, SUMATERA SELATAN",3,92,94,186
https://kawalpemilu.org#20312,"TANJUNG BULAN, RAMBANG KUANG, OGAN ILIR, SUMATERA SELATAN",1,53,142,195
https://kawalpemilu.org#20312,"TANJUNG BULAN, RAMBANG KUANG, OGAN ILIR, SUMATERA SELATAN",3,53,120,173
https://kawalpemilu.org#20312,"TANJUNG BULAN, RAMBANG KUANG, OGAN ILIR, SUMATERA SELATAN",4,66,111,177
https://kawalpemilu.org#20312,"TANJUNG BULAN, RAMBANG KUANG, OGAN ILIR, SUMATERA SELATAN",5,66,120,186
https://kawalpemilu.org#20312,"TANJUNG BULAN, RAMBANG KUANG, OGAN ILIR, SUMATERA SELATAN",6,82,122,204
https://kawalpemilu.org#20312,"TANJUNG BULAN, RAMBANG KUANG, OGAN ILIR, SUMATERA SELATAN",7,42,134,176
https://kawalpemilu.org#20312,"TANJUNG BULAN, RAMBANG KUANG, OGAN ILIR, SUMATERA SELATAN",8,35,149,184
https://kawalpemilu.org#20313,"TAMBANG RAMBANG, RAMBANG KUANG, OGAN ILIR, SUMATERA SELATAN",1,46,106,152
https://kawalpemilu.org#20313,"TAMBANG RAMBANG, RAMBANG KUANG, OGAN ILIR, SUMATERA SELATAN",2,58,131,189
https://kawalpemilu.org#20313,"TAMBANG RAMBANG, RAMBANG KUANG, OGAN ILIR, SUMATERA SELATAN",3,53,143,196
https://kawalpemilu.org#20313,"TAMBANG RAMBANG, RAMBANG KUANG, OGAN ILIR, SUMATERA SELATAN",4,47,168,215
https://kawalpemilu.org#20313,"TAMBANG RAMBANG, RAMBANG KUANG, OGAN ILIR, SUMATERA SELATAN",5,31,156,187
https://kawalpemilu.org#20313,"TAMBANG RAMBANG, RAMBANG KUANG, OGAN ILIR, SUMATERA SELATAN",6,30,180,210
https://kawalpemilu.org#20313,"TAMBANG RAMBANG, RAMBANG KUANG, OGAN ILIR, SUMATERA SELATAN",7,35,153,188
https://kawalpemilu.org#20313,"TAMBANG RAMBANG, RAMBANG KUANG, OGAN ILIR, SUMATERA SELATAN",8,49,126,175
https://kawalpemilu.org#20313,"TAMBANG RAMBANG, RAMBANG KUANG, OGAN ILIR, SUMATERA SELATAN",9,58,99,157
https://kawalpemilu.org#20313,"TAMBANG RAMBANG, RAMBANG KUANG, OGAN ILIR, SUMATERA SELATAN",10,68,93,161
https://kawalpemilu.org#20313,"TAMBANG RAMBANG, RAMBANG KUANG, OGAN ILIR, SUMATERA SELATAN",11,63,93,156
https://kawalpemilu.org#20314,"TANGAI, RAMBANG KUANG, OGAN ILIR, SUMATERA SELATAN",1,37,94,131
https://kawalpemilu.org#20314,"TANGAI, RAMBANG KUANG, OGAN ILIR, SUMATERA SELATAN",2,40,85,125
https://kawalpemilu.org#20314,"TANGAI, RAMBANG KUANG, OGAN ILIR, SUMATERA SELATAN",3,57,81,138
https://kawalpemilu.org#20315,"KAYU ARA, RAMBANG KUANG, OGAN ILIR, SUMATERA SELATAN",1,46,128,174
https://kawalpemilu.org#20315,"KAYU ARA, RAMBANG KUANG, OGAN ILIR, SUMATERA SELATAN",2,30,127,157
https://kawalpemilu.org#20315,"KAYU ARA, RAMBANG KUANG, OGAN ILIR, SUMATERA SELATAN",3,46,143,189
https://kawalpemilu.org#20315,"KAYU ARA, RAMBANG KUANG, OGAN ILIR, SUMATERA SELATAN",4,54,147,201
https://kawalpemilu.org#20315,"KAYU ARA, RAMBANG KUANG, OGAN ILIR, SUMATERA SELATAN",5,62,70,132
https://kawalpemilu.org#20316,"TANJUNG MIRING, RAMBANG KUANG, OGAN ILIR, SUMATERA SELATAN",1,50,118,168
https://kawalpemilu.org#20316,"TANJUNG MIRING, RAMBANG KUANG, OGAN ILIR, SUMATERA SELATAN",2,37,157,194
https://kawalpemilu.org#20316,"TANJUNG MIRING, RAMBANG KUANG, OGAN ILIR, SUMATERA SELATAN",3,47,133,180
https://kawalpemilu.org#20316,"TANJUNG MIRING, RAMBANG KUANG, OGAN ILIR, SUMATERA SELATAN",4,73,118,191
https://kawalpemilu.org#20316,"TANJUNG MIRING, RAMBANG KUANG, OGAN ILIR, SUMATERA SELATAN",5,57,121,178
https://kawalpemilu.org#20316,"TANJUNG MIRING, RAMBANG KUANG, OGAN ILIR, SUMATERA SELATAN",6,49,127,176
https://kawalpemilu.org#20316,"TANJUNG MIRING, RAMBANG KUANG, OGAN ILIR, SUMATERA SELATAN",7,56,105,161
https://kawalpemilu.org#20317,"SUNUR, RAMBANG KUANG, OGAN ILIR, SUMATERA SELATAN",1,88,84,172
https://kawalpemilu.org#20317,"SUNUR, RAMBANG KUANG, OGAN ILIR, SUMATERA SELATAN",2,68,102,170
https://kawalpemilu.org#20317,"SUNUR, RAMBANG KUANG, OGAN ILIR, SUMATERA SELATAN",3,63,115,178
https://kawalpemilu.org#20317,"SUNUR, RAMBANG KUANG, OGAN ILIR, SUMATERA SELATAN",4,70,85,155
https://kawalpemilu.org#20317,"SUNUR, RAMBANG KUANG, OGAN ILIR, SUMATERA SELATAN",5,57,91,148
https://kawalpemilu.org#20318,"KUANG DALAM TIMUR, RAMBANG KUANG, OGAN ILIR, SUMATERA SELATAN",1,16,134,150
https://kawalpemilu.org#20318,"KUANG DALAM TIMUR, RAMBANG KUANG, OGAN ILIR, SUMATERA SELATAN",2,14,162,176
https://kawalpemilu.org#20318,"KUANG DALAM TIMUR, RAMBANG KUANG, OGAN ILIR, SUMATERA SELATAN",3,20,154,174
https://kawalpemilu.org#20318,"KUANG DALAM TIMUR, RAMBANG KUANG, OGAN ILIR, SUMATERA SELATAN",4,19,140,159
https://kawalpemilu.org#20318,"KUANG DALAM TIMUR, RAMBANG KUANG, OGAN ILIR, SUMATERA SELATAN",5,19,139,158
https://kawalpemilu.org#20318,"KUANG DALAM TIMUR, RAMBANG KUANG, OGAN ILIR, SUMATERA SELATAN",6,43,100,143
https://kawalpemilu.org#20319,"SUKANANTI, RAMBANG KUANG, OGAN ILIR, SUMATERA SELATAN",1,105,118,223
https://kawalpemilu.org#20319,"SUKANANTI, RAMBANG KUANG, OGAN ILIR, SUMATERA SELATAN",2,101,117,218
https://kawalpemilu.org#20321,"ULAK KEMBAHANG, LUBUK KELIAT, OGAN ILIR, SUMATERA SELATAN",1,70,138,208
https://kawalpemilu.org#20321,"ULAK KEMBAHANG, LUBUK KELIAT, OGAN ILIR, SUMATERA SELATAN",2,76,38,114
https://kawalpemilu.org#20321,"ULAK KEMBAHANG, LUBUK KELIAT, OGAN ILIR, SUMATERA SELATAN",3,89,121,210
https://kawalpemilu.org#20321,"ULAK KEMBAHANG, LUBUK KELIAT, OGAN ILIR, SUMATERA SELATAN",4,65,97,162
https://kawalpemilu.org#20321,"ULAK KEMBAHANG, LUBUK KELIAT, OGAN ILIR, SUMATERA SELATAN",5,80,80,160
https://kawalpemilu.org#20322,"LUBUK KELIAT, LUBUK KELIAT, OGAN ILIR, SUMATERA SELATAN",1,99,76,175
https://kawalpemilu.org#20322,"LUBUK KELIAT, LUBUK KELIAT, OGAN ILIR, SUMATERA SELATAN",2,77,71,148
https://kawalpemilu.org#20322,"LUBUK KELIAT, LUBUK KELIAT, OGAN ILIR, SUMATERA SELATAN",3,67,88,155
https://kawalpemilu.org#20322,"LUBUK KELIAT, LUBUK KELIAT, OGAN ILIR, SUMATERA SELATAN",4,116,48,164
https://kawalpemilu.org#20322,"LUBUK KELIAT, LUBUK KELIAT, OGAN ILIR, SUMATERA SELATAN",5,109,89,198
https://kawalpemilu.org#20322,"LUBUK KELIAT, LUBUK KELIAT, OGAN ILIR, SUMATERA SELATAN",6,110,89,199
https://kawalpemilu.org#20323,"EMBECANG, LUBUK KELIAT, OGAN ILIR, SUMATERA SELATAN",1,99,84,183
https://kawalpemilu.org#20323,"EMBECANG, LUBUK KELIAT, OGAN ILIR, SUMATERA SELATAN",2,101,76,177
https://kawalpemilu.org#20323,"EMBECANG, LUBUK KELIAT, OGAN ILIR, SUMATERA SELATAN",3,73,106,179
https://kawalpemilu.org#20324,"KASI RAJA, LUBUK KELIAT, OGAN ILIR, SUMATERA SELATAN",1,73,167,240
https://kawalpemilu.org#20324,"KASI RAJA, LUBUK KELIAT, OGAN ILIR, SUMATERA SELATAN",2,82,151,233
https://kawalpemilu.org#20324,"KASI RAJA, LUBUK KELIAT, OGAN ILIR, SUMATERA SELATAN",3,80,138,218
https://kawalpemilu.org#20324,"KASI RAJA, LUBUK KELIAT, OGAN ILIR, SUMATERA SELATAN",4,50,149,199
https://kawalpemilu.org#20325,"TALANG TENGAH DARAT, LUBUK KELIAT, OGAN ILIR, SUMATERA SELATAN",1,137,77,214
https://kawalpemilu.org#20325,"TALANG TENGAH DARAT, LUBUK KELIAT, OGAN ILIR, SUMATERA SELATAN",2,142,105,247
https://kawalpemilu.org#20325,"TALANG TENGAH DARAT, LUBUK KELIAT, OGAN ILIR, SUMATERA SELATAN",3,103,122,225
https://kawalpemilu.org#20325,"TALANG TENGAH DARAT, LUBUK KELIAT, OGAN ILIR, SUMATERA SELATAN",4,93,102,195
https://kawalpemilu.org#20325,"TALANG TENGAH DARAT, LUBUK KELIAT, OGAN ILIR, SUMATERA SELATAN",5,88,116,204
https://kawalpemilu.org#20325,"TALANG TENGAH DARAT, LUBUK KELIAT, OGAN ILIR, SUMATERA SELATAN",6,100,87,187
https://kawalpemilu.org#20325,"TALANG TENGAH DARAT, LUBUK KELIAT, OGAN ILIR, SUMATERA SELATAN",7,93,95,188
https://kawalpemilu.org#20325,"TALANG TENGAH DARAT, LUBUK KELIAT, OGAN ILIR, SUMATERA SELATAN",8,80,85,165
https://kawalpemilu.org#20326,"PAYALINGKUNG, LUBUK KELIAT, OGAN ILIR, SUMATERA SELATAN",1,80,118,198
https://kawalpemilu.org#20326,"PAYALINGKUNG, LUBUK KELIAT, OGAN ILIR, SUMATERA SELATAN",2,101,76,177
https://kawalpemilu.org#20326,"PAYALINGKUNG, LUBUK KELIAT, OGAN ILIR, SUMATERA SELATAN",3,107,69,176
https://kawalpemilu.org#20327,"KETIAU, LUBUK KELIAT, OGAN ILIR, SUMATERA SELATAN",1,79,176,255
https://kawalpemilu.org#20327,"KETIAU, LUBUK KELIAT, OGAN ILIR, SUMATERA SELATAN",2,59,156,215
https://kawalpemilu.org#20327,"KETIAU, LUBUK KELIAT, OGAN ILIR, SUMATERA SELATAN",3,48,146,194
https://kawalpemilu.org#20327,"KETIAU, LUBUK KELIAT, OGAN ILIR, SUMATERA SELATAN",4,65,185,250
https://kawalpemilu.org#20327,"KETIAU, LUBUK KELIAT, OGAN ILIR, SUMATERA SELATAN",5,91,111,202
https://kawalpemilu.org#20327,"KETIAU, LUBUK KELIAT, OGAN ILIR, SUMATERA SELATAN",6,45,185,230
https://kawalpemilu.org#20327,"KETIAU, LUBUK KELIAT, OGAN ILIR, SUMATERA SELATAN",7,81,112,193
https://kawalpemilu.org#20327,"KETIAU, LUBUK KELIAT, OGAN ILIR, SUMATERA SELATAN",8,49,146,195
https://kawalpemilu.org#20327,"KETIAU, LUBUK KELIAT, OGAN ILIR, SUMATERA SELATAN",9,71,67,138
https://kawalpemilu.org#20327,"KETIAU, LUBUK KELIAT, OGAN ILIR, SUMATERA SELATAN",10,92,42,134
https://kawalpemilu.org#20327,"KETIAU, LUBUK KELIAT, OGAN ILIR, SUMATERA SELATAN",12,109,50,159
https://kawalpemilu.org#20328,"BETUNG I, LUBUK KELIAT, OGAN ILIR, SUMATERA SELATAN",1,81,168,249
https://kawalpemilu.org#20328,"BETUNG I, LUBUK KELIAT, OGAN ILIR, SUMATERA SELATAN",2,43,203,246
https://kawalpemilu.org#20328,"BETUNG I, LUBUK KELIAT, OGAN ILIR, SUMATERA SELATAN",3,97,151,248
https://kawalpemilu.org#20328,"BETUNG I, LUBUK KELIAT, OGAN ILIR, SUMATERA SELATAN",4,73,104,177
https://kawalpemilu.org#20329,"BETUNG II, LUBUK KELIAT, OGAN ILIR, SUMATERA SELATAN",1,48,183,231
https://kawalpemilu.org#20329,"BETUNG II, LUBUK KELIAT, OGAN ILIR, SUMATERA SELATAN",2,47,180,227
https://kawalpemilu.org#20329,"BETUNG II, LUBUK KELIAT, OGAN ILIR, SUMATERA SELATAN",3,39,166,205
https://kawalpemilu.org#20329,"BETUNG II, LUBUK KELIAT, OGAN ILIR, SUMATERA SELATAN",4,55,158,213
https://kawalpemilu.org#20329,"BETUNG II, LUBUK KELIAT, OGAN ILIR, SUMATERA SELATAN",5,37,165,202
https://kawalpemilu.org#20330,"TALANG TENGAH LAUT, LUBUK KELIAT, OGAN ILIR, SUMATERA SELATAN",1,89,150,239
https://kawalpemilu.org#20330,"TALANG TENGAH LAUT, LUBUK KELIAT, OGAN ILIR, SUMATERA SELATAN",2,69,134,203
https://kawalpemilu.org#20332,"PAYARAMAN BARAT, PAYARAMAN, OGAN ILIR, SUMATERA SELATAN",1,95,127,222
https://kawalpemilu.org#20332,"PAYARAMAN BARAT, PAYARAMAN, OGAN ILIR, SUMATERA SELATAN",2,84,135,219
https://kawalpemilu.org#20332,"PAYARAMAN BARAT, PAYARAMAN, OGAN ILIR, SUMATERA SELATAN",3,98,125,223
https://kawalpemilu.org#20332,"PAYARAMAN BARAT, PAYARAMAN, OGAN ILIR, SUMATERA SELATAN",4,105,118,223
https://kawalpemilu.org#20332,"PAYARAMAN BARAT, PAYARAMAN, OGAN ILIR, SUMATERA SELATAN",5,98,122,220
https://kawalpemilu.org#20332,"PAYARAMAN BARAT, PAYARAMAN, OGAN ILIR, SUMATERA SELATAN",6,126,105,231
https://kawalpemilu.org#20333,"PAYARAMAN TIMUR, PAYARAMAN, OGAN ILIR, SUMATERA SELATAN",1,114,121,235
https://kawalpemilu.org#20333,"PAYARAMAN TIMUR, PAYARAMAN, OGAN ILIR, SUMATERA SELATAN",2,90,162,252
https://kawalpemilu.org#20333,"PAYARAMAN TIMUR, PAYARAMAN, OGAN ILIR, SUMATERA SELATAN",3,97,136,233
https://kawalpemilu.org#20333,"PAYARAMAN TIMUR, PAYARAMAN, OGAN ILIR, SUMATERA SELATAN",4,96,130,226
https://kawalpemilu.org#20333,"PAYARAMAN TIMUR, PAYARAMAN, OGAN ILIR, SUMATERA SELATAN",5,102,123,225
https://kawalpemilu.org#20333,"PAYARAMAN TIMUR, PAYARAMAN, OGAN ILIR, SUMATERA SELATAN",6,110,117,227
https://kawalpemilu.org#20334,"TEBEDAK I, PAYARAMAN, OGAN ILIR, SUMATERA SELATAN",1,65,132,197
https://kawalpemilu.org#20334,"TEBEDAK I, PAYARAMAN, OGAN ILIR, SUMATERA SELATAN",2,49,162,211
https://kawalpemilu.org#20334,"TEBEDAK I, PAYARAMAN, OGAN ILIR, SUMATERA SELATAN",3,35,168,203
https://kawalpemilu.org#20334,"TEBEDAK I, PAYARAMAN, OGAN ILIR, SUMATERA SELATAN",4,47,166,213
https://kawalpemilu.org#20334,"TEBEDAK I, PAYARAMAN, OGAN ILIR, SUMATERA SELATAN",5,60,146,206
https://kawalpemilu.org#20334,"TEBEDAK I, PAYARAMAN, OGAN ILIR, SUMATERA SELATAN",6,76,142,218
https://kawalpemilu.org#20335,"LUBUK BANDUNG, PAYARAMAN, OGAN ILIR, SUMATERA SELATAN",1,35,197,232
https://kawalpemilu.org#20335,"LUBUK BANDUNG, PAYARAMAN, OGAN ILIR, SUMATERA SELATAN",2,41,137,178
https://kawalpemilu.org#20335,"LUBUK BANDUNG, PAYARAMAN, OGAN ILIR, SUMATERA SELATAN",3,32,155,187
https://kawalpemilu.org#20335,"LUBUK BANDUNG, PAYARAMAN, OGAN ILIR, SUMATERA SELATAN",4,44,168,212
https://kawalpemilu.org#20336,"TALANG SELEMAN, PAYARAMAN, OGAN ILIR, SUMATERA SELATAN",1,47,174,221
https://kawalpemilu.org#20336,"TALANG SELEMAN, PAYARAMAN, OGAN ILIR, SUMATERA SELATAN",2,79,145,224
https://kawalpemilu.org#20336,"TALANG SELEMAN, PAYARAMAN, OGAN ILIR, SUMATERA SELATAN",3,67,142,209
https://kawalpemilu.org#20336,"TALANG SELEMAN, PAYARAMAN, OGAN ILIR, SUMATERA SELATAN",4,86,131,217
https://kawalpemilu.org#20336,"TALANG SELEMAN, PAYARAMAN, OGAN ILIR, SUMATERA SELATAN",5,93,136,229
https://kawalpemilu.org#20337,"TEBEDAK II, PAYARAMAN, OGAN ILIR, SUMATERA SELATAN",1,163,89,252
https://kawalpemilu.org#20337,"TEBEDAK II, PAYARAMAN, OGAN ILIR, SUMATERA SELATAN",2,91,153,244
https://kawalpemilu.org#20337,"TEBEDAK II, PAYARAMAN, OGAN ILIR, SUMATERA SELATAN",3,90,159,249
https://kawalpemilu.org#20337,"TEBEDAK II, PAYARAMAN, OGAN ILIR, SUMATERA SELATAN",4,72,156,228
https://kawalpemilu.org#20337,"TEBEDAK II, PAYARAMAN, OGAN ILIR, SUMATERA SELATAN",5,76,173,249
https://kawalpemilu.org#20338,"TANJUNG LALANG, PAYARAMAN, OGAN ILIR, SUMATERA SELATAN",1,13,184,197
https://kawalpemilu.org#20338,"TANJUNG LALANG, PAYARAMAN, OGAN ILIR, SUMATERA SELATAN",2,8,218,226
https://kawalpemilu.org#20338,"TANJUNG LALANG, PAYARAMAN, OGAN ILIR, SUMATERA SELATAN",3,24,198,222
https://kawalpemilu.org#20338,"TANJUNG LALANG, PAYARAMAN, OGAN ILIR, SUMATERA SELATAN",4,41,186,227
https://kawalpemilu.org#20338,"TANJUNG LALANG, PAYARAMAN, OGAN ILIR, SUMATERA SELATAN",5,14,206,220
https://kawalpemilu.org#20338,"TANJUNG LALANG, PAYARAMAN, OGAN ILIR, SUMATERA SELATAN",6,12,194,206
https://kawalpemilu.org#20338,"TANJUNG LALANG, PAYARAMAN, OGAN ILIR, SUMATERA SELATAN",7,17,203,220
https://kawalpemilu.org#20338,"TANJUNG LALANG, PAYARAMAN, OGAN ILIR, SUMATERA SELATAN",8,15,202,217
https://kawalpemilu.org#20339,"SERI KEMBANG I, PAYARAMAN, OGAN ILIR, SUMATERA SELATAN",1,52,165,217
https://kawalpemilu.org#20339,"SERI KEMBANG I, PAYARAMAN, OGAN ILIR, SUMATERA SELATAN",2,71,164,235
https://kawalpemilu.org#20339,"SERI KEMBANG I, PAYARAMAN, OGAN ILIR, SUMATERA SELATAN",3,50,177,227
https://kawalpemilu.org#20339,"SERI KEMBANG I, PAYARAMAN, OGAN ILIR, SUMATERA SELATAN",4,54,161,215
https://kawalpemilu.org#20339,"SERI KEMBANG I, PAYARAMAN, OGAN ILIR, SUMATERA SELATAN",5,59,160,219
https://kawalpemilu.org#20339,"SERI KEMBANG I, PAYARAMAN, OGAN ILIR, SUMATERA SELATAN",6,72,141,213
https://kawalpemilu.org#20339,"SERI KEMBANG I, PAYARAMAN, OGAN ILIR, SUMATERA SELATAN",7,77,138,215
https://kawalpemilu.org#20340,"RENGAS I, PAYARAMAN, OGAN ILIR, SUMATERA SELATAN",1,54,205,259
https://kawalpemilu.org#20340,"RENGAS I, PAYARAMAN, OGAN ILIR, SUMATERA SELATAN",2,66,191,257
https://kawalpemilu.org#20340,"RENGAS I, PAYARAMAN, OGAN ILIR, SUMATERA SELATAN",3,66,188,254
https://kawalpemilu.org#20340,"RENGAS I, PAYARAMAN, OGAN ILIR, SUMATERA SELATAN",4,85,187,272
https://kawalpemilu.org#20341,"PAYA BESAR, PAYARAMAN, OGAN ILIR, SUMATERA SELATAN",1,59,169,228
https://kawalpemilu.org#20341,"PAYA BESAR, PAYARAMAN, OGAN ILIR, SUMATERA SELATAN",2,97,134,231
https://kawalpemilu.org#20341,"PAYA BESAR, PAYARAMAN, OGAN ILIR, SUMATERA SELATAN",3,105,124,229
https://kawalpemilu.org#20342,"RENGAS II, PAYARAMAN, OGAN ILIR, SUMATERA SELATAN",1,24,195,219
https://kawalpemilu.org#20342,"RENGAS II, PAYARAMAN, OGAN ILIR, SUMATERA SELATAN",2,32,189,221
https://kawalpemilu.org#20342,"RENGAS II, PAYARAMAN, OGAN ILIR, SUMATERA SELATAN",3,39,180,219
https://kawalpemilu.org#20342,"RENGAS II, PAYARAMAN, OGAN ILIR, SUMATERA SELATAN",4,50,162,212
https://kawalpemilu.org#20342,"RENGAS II, PAYARAMAN, OGAN ILIR, SUMATERA SELATAN",5,82,96,178
https://kawalpemilu.org#20343,"SERI KEMBANG II, PAYARAMAN, OGAN ILIR, SUMATERA SELATAN",1,55,204,259
https://kawalpemilu.org#20343,"SERI KEMBANG II, PAYARAMAN, OGAN ILIR, SUMATERA SELATAN",2,65,171,236
https://kawalpemilu.org#20343,"SERI KEMBANG II, PAYARAMAN, OGAN ILIR, SUMATERA SELATAN",3,63,182,245
https://kawalpemilu.org#20343,"SERI KEMBANG II, PAYARAMAN, OGAN ILIR, SUMATERA SELATAN",4,63,199,262
https://kawalpemilu.org#20344,"SERI KEMBANG III, PAYARAMAN, OGAN ILIR, SUMATERA SELATAN",1,69,177,246
https://kawalpemilu.org#20344,"SERI KEMBANG III, PAYARAMAN, OGAN ILIR, SUMATERA SELATAN",2,61,174,235
https://kawalpemilu.org#20344,"SERI KEMBANG III, PAYARAMAN, OGAN ILIR, SUMATERA SELATAN",3,75,177,252
https://kawalpemilu.org#20344,"SERI KEMBANG III, PAYARAMAN, OGAN ILIR, SUMATERA SELATAN",4,80,161,241
https://kawalpemilu.org#20347,"BATU JUNGUL, MUARA PINANG, EMPAT LAWANG, SUMATERA SELATAN",1,109,121,230
https://kawalpemilu.org#20347,"BATU JUNGUL, MUARA PINANG, EMPAT LAWANG, SUMATERA SELATAN",2,138,139,277
https://kawalpemilu.org#20347,"BATU JUNGUL, MUARA PINANG, EMPAT LAWANG, SUMATERA SELATAN",3,110,123,233
https://kawalpemilu.org#20347,"BATU JUNGUL, MUARA PINANG, EMPAT LAWANG, SUMATERA SELATAN",4,74,147,221
https://kawalpemilu.org#20348,"SUKA DANA, MUARA PINANG, EMPAT LAWANG, SUMATERA SELATAN",1,72,66,138
https://kawalpemilu.org#20348,"SUKA DANA, MUARA PINANG, EMPAT LAWANG, SUMATERA SELATAN",2,60,70,130
https://kawalpemilu.org#20348,"SUKA DANA, MUARA PINANG, EMPAT LAWANG, SUMATERA SELATAN",3,88,99,187
https://kawalpemilu.org#20348,"SUKA DANA, MUARA PINANG, EMPAT LAWANG, SUMATERA SELATAN",4,87,92,179
https://kawalpemilu.org#20348,"SUKA DANA, MUARA PINANG, EMPAT LAWANG, SUMATERA SELATAN",5,81,113,194
https://kawalpemilu.org#20348,"SUKA DANA, MUARA PINANG, EMPAT LAWANG, SUMATERA SELATAN",6,86,94,180
https://kawalpemilu.org#20348,"SUKA DANA, MUARA PINANG, EMPAT LAWANG, SUMATERA SELATAN",7,94,94,188
https://kawalpemilu.org#20348,"SUKA DANA, MUARA PINANG, EMPAT LAWANG, SUMATERA SELATAN",8,95,92,187
https://kawalpemilu.org#20348,"SUKA DANA, MUARA PINANG, EMPAT LAWANG, SUMATERA SELATAN",9,84,83,167
https://kawalpemilu.org#20348,"SUKA DANA, MUARA PINANG, EMPAT LAWANG, SUMATERA SELATAN",10,82,67,149
https://kawalpemilu.org#20349,"PADANG BURNAI, MUARA PINANG, EMPAT LAWANG, SUMATERA SELATAN",1,47,92,139
https://kawalpemilu.org#20349,"PADANG BURNAI, MUARA PINANG, EMPAT LAWANG, SUMATERA SELATAN",2,51,86,137
https://kawalpemilu.org#20349,"PADANG BURNAI, MUARA PINANG, EMPAT LAWANG, SUMATERA SELATAN",3,45,86,131
https://kawalpemilu.org#20349,"PADANG BURNAI, MUARA PINANG, EMPAT LAWANG, SUMATERA SELATAN",4,35,108,143
https://kawalpemilu.org#20351,"TANJUNG KURUNG, MUARA PINANG, EMPAT LAWANG, SUMATERA SELATAN",1,80,128,208
https://kawalpemilu.org#20351,"TANJUNG KURUNG, MUARA PINANG, EMPAT LAWANG, SUMATERA SELATAN",2,64,109,173
https://kawalpemilu.org#20351,"TANJUNG KURUNG, MUARA PINANG, EMPAT LAWANG, SUMATERA SELATAN",3,94,82,176
https://kawalpemilu.org#20351,"TANJUNG KURUNG, MUARA PINANG, EMPAT LAWANG, SUMATERA SELATAN",4,70,72,142
https://kawalpemilu.org#20352,"MUARA PINANG BARU, MUARA PINANG, EMPAT LAWANG, SUMATERA SELATAN",1,76,68,144
https://kawalpemilu.org#20352,"MUARA PINANG BARU, MUARA PINANG, EMPAT LAWANG, SUMATERA SELATAN",2,104,95,199
https://kawalpemilu.org#20352,"MUARA PINANG BARU, MUARA PINANG, EMPAT LAWANG, SUMATERA SELATAN",3,91,82,173
https://kawalpemilu.org#20352,"MUARA PINANG BARU, MUARA PINANG, EMPAT LAWANG, SUMATERA SELATAN",4,68,43,111
https://kawalpemilu.org#20352,"MUARA PINANG BARU, MUARA PINANG, EMPAT LAWANG, SUMATERA SELATAN",5,52,161,213
https://kawalpemilu.org#20352,"MUARA PINANG BARU, MUARA PINANG, EMPAT LAWANG, SUMATERA SELATAN",6,50,126,176
https://kawalpemilu.org#20352,"MUARA PINANG BARU, MUARA PINANG, EMPAT LAWANG, SUMATERA SELATAN",7,30,176,206
https://kawalpemilu.org#20352,"MUARA PINANG BARU, MUARA PINANG, EMPAT LAWANG, SUMATERA SELATAN",8,41,133,174
https://kawalpemilu.org#20352,"MUARA PINANG BARU, MUARA PINANG, EMPAT LAWANG, SUMATERA SELATAN",9,31,85,116
https://kawalpemilu.org#20352,"MUARA PINANG BARU, MUARA PINANG, EMPAT LAWANG, SUMATERA SELATAN",10,77,135,212
https://kawalpemilu.org#20352,"MUARA PINANG BARU, MUARA PINANG, EMPAT LAWANG, SUMATERA SELATAN",11,62,114,176
https://kawalpemilu.org#20353,"LUBUK TANJUNG, MUARA PINANG, EMPAT LAWANG, SUMATERA SELATAN",1,95,130,225
https://kawalpemilu.org#20353,"LUBUK TANJUNG, MUARA PINANG, EMPAT LAWANG, SUMATERA SELATAN",2,72,124,200
https://kawalpemilu.org#20353,"LUBUK TANJUNG, MUARA PINANG, EMPAT LAWANG, SUMATERA SELATAN",4,74,112,186
https://kawalpemilu.org#20354,"TALANG BARU, MUARA PINANG, EMPAT LAWANG, SUMATERA SELATAN",1,63,124,187
https://kawalpemilu.org#20354,"TALANG BARU, MUARA PINANG, EMPAT LAWANG, SUMATERA SELATAN",2,26,130,156
https://kawalpemilu.org#20354,"TALANG BARU, MUARA PINANG, EMPAT LAWANG, SUMATERA SELATAN",3,42,134,176
https://kawalpemilu.org#20354,"TALANG BARU, MUARA PINANG, EMPAT LAWANG, SUMATERA SELATAN",4,52,86,138
https://kawalpemilu.org#20354,"TALANG BARU, MUARA PINANG, EMPAT LAWANG, SUMATERA SELATAN",5,70,108,178
https://kawalpemilu.org#20354,"TALANG BARU, MUARA PINANG, EMPAT LAWANG, SUMATERA SELATAN",6,41,94,135
https://kawalpemilu.org#20354,"TALANG BARU, MUARA PINANG, EMPAT LAWANG, SUMATERA SELATAN",7,66,118,184
https://kawalpemilu.org#20354,"TALANG BARU, MUARA PINANG, EMPAT LAWANG, SUMATERA SELATAN",8,54,108,162
https://kawalpemilu.org#20355,"SAPA PANJANG, MUARA PINANG, EMPAT LAWANG, SUMATERA SELATAN",1,51,89,140
https://kawalpemilu.org#20355,"SAPA PANJANG, MUARA PINANG, EMPAT LAWANG, SUMATERA SELATAN",2,54,67,121
https://kawalpemilu.org#20355,"SAPA PANJANG, MUARA PINANG, EMPAT LAWANG, SUMATERA SELATAN",3,56,72,128
https://kawalpemilu.org#20355,"SAPA PANJANG, MUARA PINANG, EMPAT LAWANG, SUMATERA SELATAN",4,62,64,126
https://kawalpemilu.org#20356,"MUARA PINANG LAMA, MUARA PINANG, EMPAT LAWANG, SUMATERA SELATAN",2,148,67,215
https://kawalpemilu.org#20356,"MUARA PINANG LAMA, MUARA PINANG, EMPAT LAWANG, SUMATERA SELATAN",3,121,50,171
https://kawalpemilu.org#20356,"MUARA PINANG LAMA, MUARA PINANG, EMPAT LAWANG, SUMATERA SELATAN",4,108,57,165
https://kawalpemilu.org#20357,"TANJUNG TAWANG, MUARA PINANG, EMPAT LAWANG, SUMATERA SELATAN",1,73,86,159
https://kawalpemilu.org#20357,"TANJUNG TAWANG, MUARA PINANG, EMPAT LAWANG, SUMATERA SELATAN",2,91,91,182
https://kawalpemilu.org#20357,"TANJUNG TAWANG, MUARA PINANG, EMPAT LAWANG, SUMATERA SELATAN",3,63,81,144
https://kawalpemilu.org#20357,"TANJUNG TAWANG, MUARA PINANG, EMPAT LAWANG, SUMATERA SELATAN",4,88,94,182
https://kawalpemilu.org#20357,"TANJUNG TAWANG, MUARA PINANG, EMPAT LAWANG, SUMATERA SELATAN",5,37,83,120
https://kawalpemilu.org#20357,"TANJUNG TAWANG, MUARA PINANG, EMPAT LAWANG, SUMATERA SELATAN",6,107,75,182
https://kawalpemilu.org#20358,"GEDUNG AGUNG, MUARA PINANG, EMPAT LAWANG, SUMATERA SELATAN",1,71,91,162
https://kawalpemilu.org#20358,"GEDUNG AGUNG, MUARA PINANG, EMPAT LAWANG, SUMATERA SELATAN",2,52,84,136
https://kawalpemilu.org#20358,"GEDUNG AGUNG, MUARA PINANG, EMPAT LAWANG, SUMATERA SELATAN",3,37,82,119
https://kawalpemilu.org#20358,"GEDUNG AGUNG, MUARA PINANG, EMPAT LAWANG, SUMATERA SELATAN",4,47,87,134
https://kawalpemilu.org#20359,"PAJAR MENANG, MUARA PINANG, EMPAT LAWANG, SUMATERA SELATAN",1,74,104,178
https://kawalpemilu.org#20359,"PAJAR MENANG, MUARA PINANG, EMPAT LAWANG, SUMATERA SELATAN",2,65,101,166
https://kawalpemilu.org#20359,"PAJAR MENANG, MUARA PINANG, EMPAT LAWANG, SUMATERA SELATAN",3,81,151,232
https://kawalpemilu.org#20359,"PAJAR MENANG, MUARA PINANG, EMPAT LAWANG, SUMATERA SELATAN",4,73,116,189
https://kawalpemilu.org#20360,"NIUR, MUARA PINANG, EMPAT LAWANG, SUMATERA SELATAN",1,40,82,122
https://kawalpemilu.org#20360,"NIUR, MUARA PINANG, EMPAT LAWANG, SUMATERA SELATAN",2,46,82,128
https://kawalpemilu.org#20360,"NIUR, MUARA PINANG, EMPAT LAWANG, SUMATERA SELATAN",4,60,95,155
https://kawalpemilu.org#20360,"NIUR, MUARA PINANG, EMPAT LAWANG, SUMATERA SELATAN",5,42,69,111
https://kawalpemilu.org#20360,"NIUR, MUARA PINANG, EMPAT LAWANG, SUMATERA SELATAN",6,45,84,129
https://kawalpemilu.org#20361,"MUARA SEMA, MUARA PINANG, EMPAT LAWANG, SUMATERA SELATAN",2,57,128,185
https://kawalpemilu.org#20361,"MUARA SEMA, MUARA PINANG, EMPAT LAWANG, SUMATERA SELATAN",3,44,130,174
https://kawalpemilu.org#20361,"MUARA SEMA, MUARA PINANG, EMPAT LAWANG, SUMATERA SELATAN",4,38,111,149
https://kawalpemilu.org#20362,"TALANG BENTENG, MUARA PINANG, EMPAT LAWANG, SUMATERA SELATAN",1,53,93,146
https://kawalpemilu.org#20362,"TALANG BENTENG, MUARA PINANG, EMPAT LAWANG, SUMATERA SELATAN",2,69,76,145
https://kawalpemilu.org#20362,"TALANG BENTENG, MUARA PINANG, EMPAT LAWANG, SUMATERA SELATAN",3,50,125,175
https://kawalpemilu.org#20362,"TALANG BENTENG, MUARA PINANG, EMPAT LAWANG, SUMATERA SELATAN",4,53,98,151
https://kawalpemilu.org#20362,"TALANG BENTENG, MUARA PINANG, EMPAT LAWANG, SUMATERA SELATAN",5,64,108,172
https://kawalpemilu.org#20362,"TALANG BENTENG, MUARA PINANG, EMPAT LAWANG, SUMATERA SELATAN",7,83,125,208
https://kawalpemilu.org#20363,"LUBUK ULAK, MUARA PINANG, EMPAT LAWANG, SUMATERA SELATAN",1,25,83,108
https://kawalpemilu.org#20363,"LUBUK ULAK, MUARA PINANG, EMPAT LAWANG, SUMATERA SELATAN",2,33,89,122
https://kawalpemilu.org#20363,"LUBUK ULAK, MUARA PINANG, EMPAT LAWANG, SUMATERA SELATAN",3,30,162,192
https://kawalpemilu.org#20364,"BATU GALANG, MUARA PINANG, EMPAT LAWANG, SUMATERA SELATAN",1,51,111,162
https://kawalpemilu.org#20364,"BATU GALANG, MUARA PINANG, EMPAT LAWANG, SUMATERA SELATAN",2,45,85,130
https://kawalpemilu.org#20365,"MUARA TIMBUK, MUARA PINANG, EMPAT LAWANG, SUMATERA SELATAN",1,39,90,129
https://kawalpemilu.org#20365,"MUARA TIMBUK, MUARA PINANG, EMPAT LAWANG, SUMATERA SELATAN",2,42,82,124
https://kawalpemilu.org#20365,"MUARA TIMBUK, MUARA PINANG, EMPAT LAWANG, SUMATERA SELATAN",3,58,83,141
https://kawalpemilu.org#20365,"MUARA TIMBUK, MUARA PINANG, EMPAT LAWANG, SUMATERA SELATAN",4,52,104,156
https://kawalpemilu.org#20366,"SELEMAN ILIR, MUARA PINANG, EMPAT LAWANG, SUMATERA SELATAN",1,34,143,177
https://kawalpemilu.org#20366,"SELEMAN ILIR, MUARA PINANG, EMPAT LAWANG, SUMATERA SELATAN",2,57,116,173
https://kawalpemilu.org#20366,"SELEMAN ILIR, MUARA PINANG, EMPAT LAWANG, SUMATERA SELATAN",3,40,87,127
https://kawalpemilu.org#20366,"SELEMAN ILIR, MUARA PINANG, EMPAT LAWANG, SUMATERA SELATAN",4,32,106,138
https://kawalpemilu.org#20366,"SELEMAN ILIR, MUARA PINANG, EMPAT LAWANG, SUMATERA SELATAN",5,49,100,149
https://kawalpemilu.org#20367,"SELEMAN ULU, MUARA PINANG, EMPAT LAWANG, SUMATERA SELATAN",1,44,135,179
https://kawalpemilu.org#20367,"SELEMAN ULU, MUARA PINANG, EMPAT LAWANG, SUMATERA SELATAN",2,23,115,138
https://kawalpemilu.org#20367,"SELEMAN ULU, MUARA PINANG, EMPAT LAWANG, SUMATERA SELATAN",3,56,149,205
https://kawalpemilu.org#20367,"SELEMAN ULU, MUARA PINANG, EMPAT LAWANG, SUMATERA SELATAN",4,34,91,125
https://kawalpemilu.org#20367,"SELEMAN ULU, MUARA PINANG, EMPAT LAWANG, SUMATERA SELATAN",5,41,148,189
https://kawalpemilu.org#20367,"SELEMAN ULU, MUARA PINANG, EMPAT LAWANG, SUMATERA SELATAN",6,38,102,140
https://kawalpemilu.org#20367,"SELEMAN ULU, MUARA PINANG, EMPAT LAWANG, SUMATERA SELATAN",7,99,85,184
https://kawalpemilu.org#20367,"SELEMAN ULU, MUARA PINANG, EMPAT LAWANG, SUMATERA SELATAN",8,46,74,120
https://kawalpemilu.org#20367,"SELEMAN ULU, MUARA PINANG, EMPAT LAWANG, SUMATERA SELATAN",9,83,89,172
https://kawalpemilu.org#20367,"SELEMAN ULU, MUARA PINANG, EMPAT LAWANG, SUMATERA SELATAN",10,0,0,0
https://kawalpemilu.org#20367,"SELEMAN ULU, MUARA PINANG, EMPAT LAWANG, SUMATERA SELATAN",11,44,79,123
https://kawalpemilu.org#20454,"SAWAH, MUARA PINANG, EMPAT LAWANG, SUMATERA SELATAN",1,40,178,218
https://kawalpemilu.org#20454,"SAWAH, MUARA PINANG, EMPAT LAWANG, SUMATERA SELATAN",2,30,196,226
https://kawalpemilu.org#20454,"SAWAH, MUARA PINANG, EMPAT LAWANG, SUMATERA SELATAN",3,56,163,219
https://kawalpemilu.org#20454,"SAWAH, MUARA PINANG, EMPAT LAWANG, SUMATERA SELATAN",4,31,181,212
https://kawalpemilu.org#20454,"SAWAH, MUARA PINANG, EMPAT LAWANG, SUMATERA SELATAN",6,41,161,202
https://kawalpemilu.org#20454,"SAWAH, MUARA PINANG, EMPAT LAWANG, SUMATERA SELATAN",7,58,150,208
https://kawalpemilu.org#20454,"SAWAH, MUARA PINANG, EMPAT LAWANG, SUMATERA SELATAN",8,48,145,193
https://kawalpemilu.org#20454,"SAWAH, MUARA PINANG, EMPAT LAWANG, SUMATERA SELATAN",9,42,167,209
https://kawalpemilu.org#20454,"SAWAH, MUARA PINANG, EMPAT LAWANG, SUMATERA SELATAN",10,34,152,186
https://kawalpemilu.org#20454,"SAWAH, MUARA PINANG, EMPAT LAWANG, SUMATERA SELATAN",12,36,229,265
https://kawalpemilu.org#20370,"JARAKAN, PENDOPO, EMPAT LAWANG, SUMATERA SELATAN",1,49,92,141
https://kawalpemilu.org#20370,"JARAKAN, PENDOPO, EMPAT LAWANG, SUMATERA SELATAN",2,47,80,127
https://kawalpemilu.org#20370,"JARAKAN, PENDOPO, EMPAT LAWANG, SUMATERA SELATAN",3,55,67,122
https://kawalpemilu.org#20370,"JARAKAN, PENDOPO, EMPAT LAWANG, SUMATERA SELATAN",4,40,93,133
https://kawalpemilu.org#20370,"JARAKAN, PENDOPO, EMPAT LAWANG, SUMATERA SELATAN",5,68,93,161
https://kawalpemilu.org#20370,"JARAKAN, PENDOPO, EMPAT LAWANG, SUMATERA SELATAN",6,42,57,99
https://kawalpemilu.org#20370,"JARAKAN, PENDOPO, EMPAT LAWANG, SUMATERA SELATAN",7,59,95,154
https://kawalpemilu.org#20370,"JARAKAN, PENDOPO, EMPAT LAWANG, SUMATERA SELATAN",8,40,79,119
https://kawalpemilu.org#20371,"BANDAR AGUNG, PENDOPO, EMPAT LAWANG, SUMATERA SELATAN",1,52,105,157
https://kawalpemilu.org#20371,"BANDAR AGUNG, PENDOPO, EMPAT LAWANG, SUMATERA SELATAN",2,60,137,197
https://kawalpemilu.org#20371,"BANDAR AGUNG, PENDOPO, EMPAT LAWANG, SUMATERA SELATAN",3,56,134,190
https://kawalpemilu.org#20371,"BANDAR AGUNG, PENDOPO, EMPAT LAWANG, SUMATERA SELATAN",4,54,132,186
https://kawalpemilu.org#20372,"LUBUK SEPANG, PENDOPO, EMPAT LAWANG, SUMATERA SELATAN",1,50,197,247
https://kawalpemilu.org#20372,"LUBUK SEPANG, PENDOPO, EMPAT LAWANG, SUMATERA SELATAN",2,65,153,218
https://kawalpemilu.org#20372,"LUBUK SEPANG, PENDOPO, EMPAT LAWANG, SUMATERA SELATAN",3,43,127,170
https://kawalpemilu.org#20372,"LUBUK SEPANG, PENDOPO, EMPAT LAWANG, SUMATERA SELATAN",4,19,73,92
https://kawalpemilu.org#20373,"LUBUK LAYANG, PENDOPO, EMPAT LAWANG, SUMATERA SELATAN",1,55,183,238
https://kawalpemilu.org#20373,"LUBUK LAYANG, PENDOPO, EMPAT LAWANG, SUMATERA SELATAN",2,72,175,247
https://kawalpemilu.org#20373,"LUBUK LAYANG, PENDOPO, EMPAT LAWANG, SUMATERA SELATAN",3,51,182,233
https://kawalpemilu.org#20373,"LUBUK LAYANG, PENDOPO, EMPAT LAWANG, SUMATERA SELATAN",4,41,163,204
https://kawalpemilu.org#20373,"LUBUK LAYANG, PENDOPO, EMPAT LAWANG, SUMATERA SELATAN",5,54,162,216
https://kawalpemilu.org#20374,"NANJUNGAN, PENDOPO, EMPAT LAWANG, SUMATERA SELATAN",1,60,219,279
https://kawalpemilu.org#20374,"NANJUNGAN, PENDOPO, EMPAT LAWANG, SUMATERA SELATAN",2,42,147,189
https://kawalpemilu.org#20374,"NANJUNGAN, PENDOPO, EMPAT LAWANG, SUMATERA SELATAN",3,51,140,191
https://kawalpemilu.org#20374,"NANJUNGAN, PENDOPO, EMPAT LAWANG, SUMATERA SELATAN",4,52,136,188
https://kawalpemilu.org#20374,"NANJUNGAN, PENDOPO, EMPAT LAWANG, SUMATERA SELATAN",5,48,146,194
https://kawalpemilu.org#20374,"NANJUNGAN, PENDOPO, EMPAT LAWANG, SUMATERA SELATAN",6,54,119,173
https://kawalpemilu.org#20374,"NANJUNGAN, PENDOPO, EMPAT LAWANG, SUMATERA SELATAN",7,31,148,179
https://kawalpemilu.org#20374,"NANJUNGAN, PENDOPO, EMPAT LAWANG, SUMATERA SELATAN",8,36,143,179
https://kawalpemilu.org#20374,"NANJUNGAN, PENDOPO, EMPAT LAWANG, SUMATERA SELATAN",9,35,157,192
https://kawalpemilu.org#20374,"NANJUNGAN, PENDOPO, EMPAT LAWANG, SUMATERA SELATAN",10,47,144,191
https://kawalpemilu.org#20375,"TANJUNGERAN, PENDOPO, EMPAT LAWANG, SUMATERA SELATAN",1,62,136,198
https://kawalpemilu.org#20376,"TANJUNGRAMAN, PENDOPO, EMPAT LAWANG, SUMATERA SELATAN",1,45,184,229
https://kawalpemilu.org#20376,"TANJUNGRAMAN, PENDOPO, EMPAT LAWANG, SUMATERA SELATAN",2,32,195,227
https://kawalpemilu.org#20376,"TANJUNGRAMAN, PENDOPO, EMPAT LAWANG, SUMATERA SELATAN",3,31,229,260
https://kawalpemilu.org#20376,"TANJUNGRAMAN, PENDOPO, EMPAT LAWANG, SUMATERA SELATAN",4,35,205,240
https://kawalpemilu.org#20376,"TANJUNGRAMAN, PENDOPO, EMPAT LAWANG, SUMATERA SELATAN",5,30,215,245
https://kawalpemilu.org#20376,"TANJUNGRAMAN, PENDOPO, EMPAT LAWANG, SUMATERA SELATAN",6,24,223,247
https://kawalpemilu.org#20376,"TANJUNGRAMAN, PENDOPO, EMPAT LAWANG, SUMATERA SELATAN",7,26,180,206
https://kawalpemilu.org#20376,"TANJUNGRAMAN, PENDOPO, EMPAT LAWANG, SUMATERA SELATAN",8,36,205,241
https://kawalpemilu.org#20387,"BERUGE ILIR, PENDOPO, EMPAT LAWANG, SUMATERA SELATAN",1,56,156,212
https://kawalpemilu.org#20387,"BERUGE ILIR, PENDOPO, EMPAT LAWANG, SUMATERA SELATAN",2,60,154,214
https://kawalpemilu.org#20387,"BERUGE ILIR, PENDOPO, EMPAT LAWANG, SUMATERA SELATAN",3,83,124,207
https://kawalpemilu.org#20387,"BERUGE ILIR, PENDOPO, EMPAT LAWANG, SUMATERA SELATAN",4,71,133,204
https://kawalpemilu.org#20387,"BERUGE ILIR, PENDOPO, EMPAT LAWANG, SUMATERA SELATAN",5,52,96,148
https://kawalpemilu.org#20387,"BERUGE ILIR, PENDOPO, EMPAT LAWANG, SUMATERA SELATAN",6,56,118,174
https://kawalpemilu.org#20387,"BERUGE ILIR, PENDOPO, EMPAT LAWANG, SUMATERA SELATAN",7,57,160,217
https://kawalpemilu.org#20387,"BERUGE ILIR, PENDOPO, EMPAT LAWANG, SUMATERA SELATAN",8,105,151,256
https://kawalpemilu.org#20387,"BERUGE ILIR, PENDOPO, EMPAT LAWANG, SUMATERA SELATAN",9,114,141,255
https://kawalpemilu.org#20387,"BERUGE ILIR, PENDOPO, EMPAT LAWANG, SUMATERA SELATAN",10,91,115,206
https://kawalpemilu.org#20388,"PAGAR TENGAH, PENDOPO, EMPAT LAWANG, SUMATERA SELATAN",1,77,66,143
https://kawalpemilu.org#20388,"PAGAR TENGAH, PENDOPO, EMPAT LAWANG, SUMATERA SELATAN",2,99,72,171
https://kawalpemilu.org#20388,"PAGAR TENGAH, PENDOPO, EMPAT LAWANG, SUMATERA SELATAN",3,74,114,188
https://kawalpemilu.org#20388,"PAGAR TENGAH, PENDOPO, EMPAT LAWANG, SUMATERA SELATAN",4,90,151,241
https://kawalpemilu.org#20388,"PAGAR TENGAH, PENDOPO, EMPAT LAWANG, SUMATERA SELATAN",5,92,144,236
https://kawalpemilu.org#20388,"PAGAR TENGAH, PENDOPO, EMPAT LAWANG, SUMATERA SELATAN",6,96,128,224
https://kawalpemilu.org#20388,"PAGAR TENGAH, PENDOPO, EMPAT LAWANG, SUMATERA SELATAN",8,88,114,202
https://kawalpemilu.org#20388,"PAGAR TENGAH, PENDOPO, EMPAT LAWANG, SUMATERA SELATAN",9,79,128,207
https://kawalpemilu.org#20388,"PAGAR TENGAH, PENDOPO, EMPAT LAWANG, SUMATERA SELATAN",10,45,88,133
https://kawalpemilu.org#20388,"PAGAR TENGAH, PENDOPO, EMPAT LAWANG, SUMATERA SELATAN",11,69,132,201
https://kawalpemilu.org#20388,"PAGAR TENGAH, PENDOPO, EMPAT LAWANG, SUMATERA SELATAN",12,44,89,133
https://kawalpemilu.org#20389,"BAYAU, PENDOPO, EMPAT LAWANG, SUMATERA SELATAN",1,75,145,220
https://kawalpemilu.org#20389,"BAYAU, PENDOPO, EMPAT LAWANG, SUMATERA SELATAN",2,56,167,223
https://kawalpemilu.org#20389,"BAYAU, PENDOPO, EMPAT LAWANG, SUMATERA SELATAN",3,65,174,239
https://kawalpemilu.org#20391,"GN. MERAKSA BARU, PENDOPO, EMPAT LAWANG, SUMATERA SELATAN",1,74,117,191
https://kawalpemilu.org#20391,"GN. MERAKSA BARU, PENDOPO, EMPAT LAWANG, SUMATERA SELATAN",2,52,135,187
https://kawalpemilu.org#20391,"GN. MERAKSA BARU, PENDOPO, EMPAT LAWANG, SUMATERA SELATAN",3,64,119,183
https://kawalpemilu.org#20391,"GN. MERAKSA BARU, PENDOPO, EMPAT LAWANG, SUMATERA SELATAN",4,61,128,189
https://kawalpemilu.org#20391,"GN. MERAKSA BARU, PENDOPO, EMPAT LAWANG, SUMATERA SELATAN",5,56,120,176
https://kawalpemilu.org#20391,"GN. MERAKSA BARU, PENDOPO, EMPAT LAWANG, SUMATERA SELATAN",6,44,107,151
https://kawalpemilu.org#20391,"GN. MERAKSA BARU, PENDOPO, EMPAT LAWANG, SUMATERA SELATAN",7,39,150,189
https://kawalpemilu.org#20391,"GN. MERAKSA BARU, PENDOPO, EMPAT LAWANG, SUMATERA SELATAN",8,23,86,109
https://kawalpemilu.org#20391,"GN. MERAKSA BARU, PENDOPO, EMPAT LAWANG, SUMATERA SELATAN",9,33,63,96
https://kawalpemilu.org#20392,"LANDUR, PENDOPO, EMPAT LAWANG, SUMATERA SELATAN",1,68,131,199
https://kawalpemilu.org#20392,"LANDUR, PENDOPO, EMPAT LAWANG, SUMATERA SELATAN",2,68,141,209
https://kawalpemilu.org#20392,"LANDUR, PENDOPO, EMPAT LAWANG, SUMATERA SELATAN",3,60,127,187
https://kawalpemilu.org#20392,"LANDUR, PENDOPO, EMPAT LAWANG, SUMATERA SELATAN",4,72,122,194
https://kawalpemilu.org#20392,"LANDUR, PENDOPO, EMPAT LAWANG, SUMATERA SELATAN",5,62,103,165
https://kawalpemilu.org#20392,"LANDUR, PENDOPO, EMPAT LAWANG, SUMATERA SELATAN",6,61,126,187
https://kawalpemilu.org#20392,"LANDUR, PENDOPO, EMPAT LAWANG, SUMATERA SELATAN",7,63,108,171
https://kawalpemilu.org#20393,"MUARAKARANG, PENDOPO, EMPAT LAWANG, SUMATERA SELATAN",1,43,116,159
https://kawalpemilu.org#20393,"MUARAKARANG, PENDOPO, EMPAT LAWANG, SUMATERA SELATAN",2,53,112,165
https://kawalpemilu.org#20393,"MUARAKARANG, PENDOPO, EMPAT LAWANG, SUMATERA SELATAN",3,31,92,123
https://kawalpemilu.org#20393,"MUARAKARANG, PENDOPO, EMPAT LAWANG, SUMATERA SELATAN",4,33,92,125
https://kawalpemilu.org#20393,"MUARAKARANG, PENDOPO, EMPAT LAWANG, SUMATERA SELATAN",5,51,100,151
https://kawalpemilu.org#20393,"MUARAKARANG, PENDOPO, EMPAT LAWANG, SUMATERA SELATAN",6,35,80,115
https://kawalpemilu.org#20393,"MUARAKARANG, PENDOPO, EMPAT LAWANG, SUMATERA SELATAN",7,58,67,125
https://kawalpemilu.org#20393,"MUARAKARANG, PENDOPO, EMPAT LAWANG, SUMATERA SELATAN",8,30,69,99
https://kawalpemilu.org#20393,"MUARAKARANG, PENDOPO, EMPAT LAWANG, SUMATERA SELATAN",9,60,80,140
https://kawalpemilu.org#20393,"MUARAKARANG, PENDOPO, EMPAT LAWANG, SUMATERA SELATAN",10,50,79,129
https://kawalpemilu.org#20394,"SARANG BULAN, PENDOPO, EMPAT LAWANG, SUMATERA SELATAN",1,50,151,201
https://kawalpemilu.org#20394,"SARANG BULAN, PENDOPO, EMPAT LAWANG, SUMATERA SELATAN",2,86,146,232
https://kawalpemilu.org#20394,"SARANG BULAN, PENDOPO, EMPAT LAWANG, SUMATERA SELATAN",3,42,115,157
https://kawalpemilu.org#20394,"SARANG BULAN, PENDOPO, EMPAT LAWANG, SUMATERA SELATAN",4,79,144,223
https://kawalpemilu.org#20395,"TANJUNGBARU, PENDOPO, EMPAT LAWANG, SUMATERA SELATAN",1,48,112,160
https://kawalpemilu.org#20395,"TANJUNGBARU, PENDOPO, EMPAT LAWANG, SUMATERA SELATAN",2,61,112,173
https://kawalpemilu.org#20395,"TANJUNGBARU, PENDOPO, EMPAT LAWANG, SUMATERA SELATAN",3,61,112,173
https://kawalpemilu.org#20395,"TANJUNGBARU, PENDOPO, EMPAT LAWANG, SUMATERA SELATAN",4,54,115,169
https://kawalpemilu.org#20396,"BATU CAWANG, PENDOPO, EMPAT LAWANG, SUMATERA SELATAN",1,72,88,160
https://kawalpemilu.org#20396,"BATU CAWANG, PENDOPO, EMPAT LAWANG, SUMATERA SELATAN",2,60,94,154
https://kawalpemilu.org#20397,"MANGGILAN, PENDOPO, EMPAT LAWANG, SUMATERA SELATAN",1,66,151,217
https://kawalpemilu.org#20397,"MANGGILAN, PENDOPO, EMPAT LAWANG, SUMATERA SELATAN",2,58,93,151
https://kawalpemilu.org#20397,"MANGGILAN, PENDOPO, EMPAT LAWANG, SUMATERA SELATAN",3,76,105,181
https://kawalpemilu.org#20398,"GN MERAKASA LAMA, PENDOPO, EMPAT LAWANG, SUMATERA SELATAN",1,76,108,184
https://kawalpemilu.org#20398,"GN MERAKASA LAMA, PENDOPO, EMPAT LAWANG, SUMATERA SELATAN",2,57,139,196
https://kawalpemilu.org#20398,"GN MERAKASA LAMA, PENDOPO, EMPAT LAWANG, SUMATERA SELATAN",3,60,141,201
https://kawalpemilu.org#20398,"GN MERAKASA LAMA, PENDOPO, EMPAT LAWANG, SUMATERA SELATAN",4,38,81,119
https://kawalpemilu.org#20399,"PENDOPO, PENDOPO, EMPAT LAWANG, SUMATERA SELATAN",1,27,183,210
https://kawalpemilu.org#20399,"PENDOPO, PENDOPO, EMPAT LAWANG, SUMATERA SELATAN",2,24,176,200
https://kawalpemilu.org#20399,"PENDOPO, PENDOPO, EMPAT LAWANG, SUMATERA SELATAN",3,69,177,246
https://kawalpemilu.org#20399,"PENDOPO, PENDOPO, EMPAT LAWANG, SUMATERA SELATAN",4,65,165,230
https://kawalpemilu.org#20399,"PENDOPO, PENDOPO, EMPAT LAWANG, SUMATERA SELATAN",5,85,130,215
https://kawalpemilu.org#20399,"PENDOPO, PENDOPO, EMPAT LAWANG, SUMATERA SELATAN",6,37,142,179
https://kawalpemilu.org#20399,"PENDOPO, PENDOPO, EMPAT LAWANG, SUMATERA SELATAN",7,45,165,210
https://kawalpemilu.org#20399,"PENDOPO, PENDOPO, EMPAT LAWANG, SUMATERA SELATAN",8,46,190,236
https://kawalpemilu.org#20399,"PENDOPO, PENDOPO, EMPAT LAWANG, SUMATERA SELATAN",9,44,150,194
https://kawalpemilu.org#20399,"PENDOPO, PENDOPO, EMPAT LAWANG, SUMATERA SELATAN",10,43,166,209
https://kawalpemilu.org#20399,"PENDOPO, PENDOPO, EMPAT LAWANG, SUMATERA SELATAN",11,49,135,184
https://kawalpemilu.org#20399,"PENDOPO, PENDOPO, EMPAT LAWANG, SUMATERA SELATAN",12,53,138,191
https://kawalpemilu.org#20399,"PENDOPO, PENDOPO, EMPAT LAWANG, SUMATERA SELATAN",13,62,138,200
https://kawalpemilu.org#20399,"PENDOPO, PENDOPO, EMPAT LAWANG, SUMATERA SELATAN",14,44,136,180
https://kawalpemilu.org#20399,"PENDOPO, PENDOPO, EMPAT LAWANG, SUMATERA SELATAN",15,58,139,197
https://kawalpemilu.org#20401,"AIR KELINCAR, ULU MUSI, EMPAT LAWANG, SUMATERA SELATAN",1,61,134,195
https://kawalpemilu.org#20401,"AIR KELINCAR, ULU MUSI, EMPAT LAWANG, SUMATERA SELATAN",2,40,121,161
https://kawalpemilu.org#20401,"AIR KELINCAR, ULU MUSI, EMPAT LAWANG, SUMATERA SELATAN",3,72,108,180
https://kawalpemilu.org#20401,"AIR KELINCAR, ULU MUSI, EMPAT LAWANG, SUMATERA SELATAN",4,58,114,172
https://kawalpemilu.org#20401,"AIR KELINCAR, ULU MUSI, EMPAT LAWANG, SUMATERA SELATAN",5,92,53,145
https://kawalpemilu.org#20401,"AIR KELINCAR, ULU MUSI, EMPAT LAWANG, SUMATERA SELATAN",6,108,52,160
https://kawalpemilu.org#20401,"AIR KELINCAR, ULU MUSI, EMPAT LAWANG, SUMATERA SELATAN",7,100,129,229
https://kawalpemilu.org#20401,"AIR KELINCAR, ULU MUSI, EMPAT LAWANG, SUMATERA SELATAN",8,55,123,178
https://kawalpemilu.org#20401,"AIR KELINCAR, ULU MUSI, EMPAT LAWANG, SUMATERA SELATAN",9,57,117,174
https://kawalpemilu.org#20401,"AIR KELINCAR, ULU MUSI, EMPAT LAWANG, SUMATERA SELATAN",10,33,118,148
https://kawalpemilu.org#20401,"AIR KELINCAR, ULU MUSI, EMPAT LAWANG, SUMATERA SELATAN",11,22,121,143
https://kawalpemilu.org#20402,"TALANG BENGKULU, ULU MUSI, EMPAT LAWANG, SUMATERA SELATAN",1,72,113,185
https://kawalpemilu.org#20402,"TALANG BENGKULU, ULU MUSI, EMPAT LAWANG, SUMATERA SELATAN",2,69,140,209
https://kawalpemilu.org#20403,"KUNDURAN, ULU MUSI, EMPAT LAWANG, SUMATERA SELATAN",1,43,196,239
https://kawalpemilu.org#20403,"KUNDURAN, ULU MUSI, EMPAT LAWANG, SUMATERA SELATAN",2,23,128,151
https://kawalpemilu.org#20403,"KUNDURAN, ULU MUSI, EMPAT LAWANG, SUMATERA SELATAN",3,23,128,151
https://kawalpemilu.org#20404,"SIMPANG PERIGI, ULU MUSI, EMPAT LAWANG, SUMATERA SELATAN",1,37,155,192
https://kawalpemilu.org#20404,"SIMPANG PERIGI, ULU MUSI, EMPAT LAWANG, SUMATERA SELATAN",2,29,144,173
https://kawalpemilu.org#20404,"SIMPANG PERIGI, ULU MUSI, EMPAT LAWANG, SUMATERA SELATAN",3,41,175,216
https://kawalpemilu.org#20405,"MUARA KALANGAN, ULU MUSI, EMPAT LAWANG, SUMATERA SELATAN",1,62,122,184
https://kawalpemilu.org#20405,"MUARA KALANGAN, ULU MUSI, EMPAT LAWANG, SUMATERA SELATAN",2,48,152,200
https://kawalpemilu.org#20405,"MUARA KALANGAN, ULU MUSI, EMPAT LAWANG, SUMATERA SELATAN",3,29,123,152
https://kawalpemilu.org#20405,"MUARA KALANGAN, ULU MUSI, EMPAT LAWANG, SUMATERA SELATAN",4,40,108,148
https://kawalpemilu.org#20405,"MUARA KALANGAN, ULU MUSI, EMPAT LAWANG, SUMATERA SELATAN",5,60,166,226
https://kawalpemilu.org#20406,"BATU LINTANG, ULU MUSI, EMPAT LAWANG, SUMATERA SELATAN",1,67,138,205
https://kawalpemilu.org#20406,"BATU LINTANG, ULU MUSI, EMPAT LAWANG, SUMATERA SELATAN",2,42,93,135
https://kawalpemilu.org#20406,"BATU LINTANG, ULU MUSI, EMPAT LAWANG, SUMATERA SELATAN",3,41,112,153
https://kawalpemilu.org#20406,"BATU LINTANG, ULU MUSI, EMPAT LAWANG, SUMATERA SELATAN",4,23,134,157
https://kawalpemilu.org#20406,"BATU LINTANG, ULU MUSI, EMPAT LAWANG, SUMATERA SELATAN",5,34,112,146
https://kawalpemilu.org#20407,"PADANG TEPONG, ULU MUSI, EMPAT LAWANG, SUMATERA SELATAN",1,16,111,127
https://kawalpemilu.org#20407,"PADANG TEPONG, ULU MUSI, EMPAT LAWANG, SUMATERA SELATAN",3,37,102,139
https://kawalpemilu.org#20407,"PADANG TEPONG, ULU MUSI, EMPAT LAWANG, SUMATERA SELATAN",4,47,134,181
https://kawalpemilu.org#20407,"PADANG TEPONG, ULU MUSI, EMPAT LAWANG, SUMATERA SELATAN",5,21,85,106
https://kawalpemilu.org#20407,"PADANG TEPONG, ULU MUSI, EMPAT LAWANG, SUMATERA SELATAN",6,30,110,140
https://kawalpemilu.org#20407,"PADANG TEPONG, ULU MUSI, EMPAT LAWANG, SUMATERA SELATAN",7,35,103,138
https://kawalpemilu.org#20407,"PADANG TEPONG, ULU MUSI, EMPAT LAWANG, SUMATERA SELATAN",8,35,107,142
https://kawalpemilu.org#20407,"PADANG TEPONG, ULU MUSI, EMPAT LAWANG, SUMATERA SELATAN",9,43,102,145
https://kawalpemilu.org#20407,"PADANG TEPONG, ULU MUSI, EMPAT LAWANG, SUMATERA SELATAN",10,21,139,160
https://kawalpemilu.org#20407,"PADANG TEPONG, ULU MUSI, EMPAT LAWANG, SUMATERA SELATAN",11,20,53,73
https://kawalpemilu.org#20407,"PADANG TEPONG, ULU MUSI, EMPAT LAWANG, SUMATERA SELATAN",12,39,85,124
https://kawalpemilu.org#20407,"PADANG TEPONG, ULU MUSI, EMPAT LAWANG, SUMATERA SELATAN",13,32,85,118
https://kawalpemilu.org#20408,"MUARA BETUNG, ULU MUSI, EMPAT LAWANG, SUMATERA SELATAN",1,130,110,141
https://kawalpemilu.org#20408,"MUARA BETUNG, ULU MUSI, EMPAT LAWANG, SUMATERA SELATAN",2,47,111,158
https://kawalpemilu.org#20408,"MUARA BETUNG, ULU MUSI, EMPAT LAWANG, SUMATERA SELATAN",3,49,140,189
https://kawalpemilu.org#20409,"LB. PUDING BARU, ULU MUSI, EMPAT LAWANG, SUMATERA SELATAN",1,34,103,137
https://kawalpemilu.org#20409,"LB. PUDING BARU, ULU MUSI, EMPAT LAWANG, SUMATERA SELATAN",2,26,89,115
https://kawalpemilu.org#20410,"PULAU KEMANG, ULU MUSI, EMPAT LAWANG, SUMATERA SELATAN",1,18,76,94
https://kawalpemilu.org#20410,"PULAU KEMANG, ULU MUSI, EMPAT LAWANG, SUMATERA SELATAN",2,20,78,98
https://kawalpemilu.org#20411,"LB. PUDING LAMA, ULU MUSI, EMPAT LAWANG, SUMATERA SELATAN",1,21,133,154
https://kawalpemilu.org#20411,"LB. PUDING LAMA, ULU MUSI, EMPAT LAWANG, SUMATERA SELATAN",2,23,122,145
https://kawalpemilu.org#20412,"BATU BIDUNG, ULU MUSI, EMPAT LAWANG, SUMATERA SELATAN",1,45,96,141
https://kawalpemilu.org#20412,"BATU BIDUNG, ULU MUSI, EMPAT LAWANG, SUMATERA SELATAN",2,35,119,154
https://kawalpemilu.org#20424,"TANJUNG AGUNG, ULU MUSI, EMPAT LAWANG, SUMATERA SELATAN",1,33,142,175
https://kawalpemilu.org#20424,"TANJUNG AGUNG, ULU MUSI, EMPAT LAWANG, SUMATERA SELATAN",2,43,173,216
https://kawalpemilu.org#20424,"TANJUNG AGUNG, ULU MUSI, EMPAT LAWANG, SUMATERA SELATAN",3,39,172,211
https://kawalpemilu.org#20424,"TANJUNG AGUNG, ULU MUSI, EMPAT LAWANG, SUMATERA SELATAN",4,48,161,209
https://kawalpemilu.org#20424,"TANJUNG AGUNG, ULU MUSI, EMPAT LAWANG, SUMATERA SELATAN",5,45,150,195
https://kawalpemilu.org#20424,"TANJUNG AGUNG, ULU MUSI, EMPAT LAWANG, SUMATERA SELATAN",6,62,140,202
https://kawalpemilu.org#20424,"TANJUNG AGUNG, ULU MUSI, EMPAT LAWANG, SUMATERA SELATAN",7,86,138,224
https://kawalpemilu.org#20424,"TANJUNG AGUNG, ULU MUSI, EMPAT LAWANG, SUMATERA SELATAN",8,64,182,246
https://kawalpemilu.org#20424,"TANJUNG AGUNG, ULU MUSI, EMPAT LAWANG, SUMATERA SELATAN",9,88,94,182
https://kawalpemilu.org#20424,"TANJUNG AGUNG, ULU MUSI, EMPAT LAWANG, SUMATERA SELATAN",10,30,177,207
https://kawalpemilu.org#20424,"TANJUNG AGUNG, ULU MUSI, EMPAT LAWANG, SUMATERA SELATAN",11,17,197,214
https://kawalpemilu.org#20424,"TANJUNG AGUNG, ULU MUSI, EMPAT LAWANG, SUMATERA SELATAN",12,46,34,80
https://kawalpemilu.org#20424,"TANJUNG AGUNG, ULU MUSI, EMPAT LAWANG, SUMATERA SELATAN",13,51,44,97
https://kawalpemilu.org#20424,"TANJUNG AGUNG, ULU MUSI, EMPAT LAWANG, SUMATERA SELATAN",14,104,94,198
https://kawalpemilu.org#20424,"TANJUNG AGUNG, ULU MUSI, EMPAT LAWANG, SUMATERA SELATAN",15,63,95,158
https://kawalpemilu.org#20425,"GALANG, ULU MUSI, EMPAT LAWANG, SUMATERA SELATAN",1,18,121,139
https://kawalpemilu.org#20425,"GALANG, ULU MUSI, EMPAT LAWANG, SUMATERA SELATAN",2,20,90,110
https://kawalpemilu.org#20425,"GALANG, ULU MUSI, EMPAT LAWANG, SUMATERA SELATAN",3,23,147,170
https://kawalpemilu.org#20425,"GALANG, ULU MUSI, EMPAT LAWANG, SUMATERA SELATAN",4,16,119,135
https://kawalpemilu.org#18887,"KELUMPANG JAYA, TEBING TINGGI, EMPAT LAWANG, SUMATERA SELATAN",1,120,89,209
https://kawalpemilu.org#18887,"KELUMPANG JAYA, TEBING TINGGI, EMPAT LAWANG, SUMATERA SELATAN",2,134,41,175
https://kawalpemilu.org#18887,"KELUMPANG JAYA, TEBING TINGGI, EMPAT LAWANG, SUMATERA SELATAN",3,160,33,193
https://kawalpemilu.org#18887,"KELUMPANG JAYA, TEBING TINGGI, EMPAT LAWANG, SUMATERA SELATAN",5,151,57,208
https://kawalpemilu.org#20427,"PS. TEBING TINGGI, TEBING TINGGI, EMPAT LAWANG, SUMATERA SELATAN",1,53,89,142
https://kawalpemilu.org#20427,"PS. TEBING TINGGI, TEBING TINGGI, EMPAT LAWANG, SUMATERA SELATAN",2,33,61,94
https://kawalpemilu.org#20427,"PS. TEBING TINGGI, TEBING TINGGI, EMPAT LAWANG, SUMATERA SELATAN",3,37,127,164
https://kawalpemilu.org#20427,"PS. TEBING TINGGI, TEBING TINGGI, EMPAT LAWANG, SUMATERA SELATAN",4,78,111,189
https://kawalpemilu.org#20427,"PS. TEBING TINGGI, TEBING TINGGI, EMPAT LAWANG, SUMATERA SELATAN",5,62,98,160
https://kawalpemilu.org#20427,"PS. TEBING TINGGI, TEBING TINGGI, EMPAT LAWANG, SUMATERA SELATAN",6,47,106,153
https://kawalpemilu.org#20427,"PS. TEBING TINGGI, TEBING TINGGI, EMPAT LAWANG, SUMATERA SELATAN",7,61,92,153
https://kawalpemilu.org#20427,"PS. TEBING TINGGI, TEBING TINGGI, EMPAT LAWANG, SUMATERA SELATAN",8,31,75,106
https://kawalpemilu.org#20427,"PS. TEBING TINGGI, TEBING TINGGI, EMPAT LAWANG, SUMATERA SELATAN",10,78,178,256
https://kawalpemilu.org#20427,"PS. TEBING TINGGI, TEBING TINGGI, EMPAT LAWANG, SUMATERA SELATAN",11,41,169,210
https://kawalpemilu.org#20427,"PS. TEBING TINGGI, TEBING TINGGI, EMPAT LAWANG, SUMATERA SELATAN",12,20,122,142
https://kawalpemilu.org#20427,"PS. TEBING TINGGI, TEBING TINGGI, EMPAT LAWANG, SUMATERA SELATAN",13,22,139,161
https://kawalpemilu.org#20427,"PS. TEBING TINGGI, TEBING TINGGI, EMPAT LAWANG, SUMATERA SELATAN",14,42,167,209
https://kawalpemilu.org#20427,"PS. TEBING TINGGI, TEBING TINGGI, EMPAT LAWANG, SUMATERA SELATAN",15,55,134,189
https://kawalpemilu.org#20427,"PS. TEBING TINGGI, TEBING TINGGI, EMPAT LAWANG, SUMATERA SELATAN",16,53,67,120
https://kawalpemilu.org#20427,"PS. TEBING TINGGI, TEBING TINGGI, EMPAT LAWANG, SUMATERA SELATAN",17,34,81,115
https://kawalpemilu.org#20427,"PS. TEBING TINGGI, TEBING TINGGI, EMPAT LAWANG, SUMATERA SELATAN",18,29,113,142
https://kawalpemilu.org#20427,"PS. TEBING TINGGI, TEBING TINGGI, EMPAT LAWANG, SUMATERA SELATAN",19,44,233,277
https://kawalpemilu.org#20427,"PS. TEBING TINGGI, TEBING TINGGI, EMPAT LAWANG, SUMATERA SELATAN",20,61,106,167
https://kawalpemilu.org#20427,"PS. TEBING TINGGI, TEBING TINGGI, EMPAT LAWANG, SUMATERA SELATAN",21,36,118,154
https://kawalpemilu.org#20427,"PS. TEBING TINGGI, TEBING TINGGI, EMPAT LAWANG, SUMATERA SELATAN",22,55,207,262
https://kawalpemilu.org#20427,"PS. TEBING TINGGI, TEBING TINGGI, EMPAT LAWANG, SUMATERA SELATAN",23,63,121,184
https://kawalpemilu.org#20429,"JAYA LOKA, TEBING TINGGI, EMPAT LAWANG, SUMATERA SELATAN",1,52,92,144
https://kawalpemilu.org#20429,"JAYA LOKA, TEBING TINGGI, EMPAT LAWANG, SUMATERA SELATAN",2,47,94,141
https://kawalpemilu.org#20429,"JAYA LOKA, TEBING TINGGI, EMPAT LAWANG, SUMATERA SELATAN",3,80,137,217
https://kawalpemilu.org#20429,"JAYA LOKA, TEBING TINGGI, EMPAT LAWANG, SUMATERA SELATAN",4,72,146,218
https://kawalpemilu.org#20429,"JAYA LOKA, TEBING TINGGI, EMPAT LAWANG, SUMATERA SELATAN",5,39,99,138
https://kawalpemilu.org#20429,"JAYA LOKA, TEBING TINGGI, EMPAT LAWANG, SUMATERA SELATAN",6,51,107,158
https://kawalpemilu.org#20429,"JAYA LOKA, TEBING TINGGI, EMPAT LAWANG, SUMATERA SELATAN",7,65,155,220
https://kawalpemilu.org#20429,"JAYA LOKA, TEBING TINGGI, EMPAT LAWANG, SUMATERA SELATAN",8,60,144,204
https://kawalpemilu.org#20429,"JAYA LOKA, TEBING TINGGI, EMPAT LAWANG, SUMATERA SELATAN",9,75,144,219
https://kawalpemilu.org#20429,"JAYA LOKA, TEBING TINGGI, EMPAT LAWANG, SUMATERA SELATAN",10,66,84,150
https://kawalpemilu.org#20429,"JAYA LOKA, TEBING TINGGI, EMPAT LAWANG, SUMATERA SELATAN",11,63,97,160
https://kawalpemilu.org#20429,"JAYA LOKA, TEBING TINGGI, EMPAT LAWANG, SUMATERA SELATAN",12,65,77,142
https://kawalpemilu.org#20429,"JAYA LOKA, TEBING TINGGI, EMPAT LAWANG, SUMATERA SELATAN",13,65,162,227
https://kawalpemilu.org#20429,"JAYA LOKA, TEBING TINGGI, EMPAT LAWANG, SUMATERA SELATAN",15,43,75,118
https://kawalpemilu.org#20429,"JAYA LOKA, TEBING TINGGI, EMPAT LAWANG, SUMATERA SELATAN",16,49,85,134
https://kawalpemilu.org#20429,"JAYA LOKA, TEBING TINGGI, EMPAT LAWANG, SUMATERA SELATAN",17,33,79,112
https://kawalpemilu.org#20429,"JAYA LOKA, TEBING TINGGI, EMPAT LAWANG, SUMATERA SELATAN",20,40,101,141
https://kawalpemilu.org#20429,"JAYA LOKA, TEBING TINGGI, EMPAT LAWANG, SUMATERA SELATAN",21,35,81,116
https://kawalpemilu.org#20429,"JAYA LOKA, TEBING TINGGI, EMPAT LAWANG, SUMATERA SELATAN",22,28,73,101
https://kawalpemilu.org#20429,"JAYA LOKA, TEBING TINGGI, EMPAT LAWANG, SUMATERA SELATAN",23,12,86,98
https://kawalpemilu.org#20429,"JAYA LOKA, TEBING TINGGI, EMPAT LAWANG, SUMATERA SELATAN",24,23,115,138
https://kawalpemilu.org#20429,"JAYA LOKA, TEBING TINGGI, EMPAT LAWANG, SUMATERA SELATAN",25,25,114,139
https://kawalpemilu.org#20429,"JAYA LOKA, TEBING TINGGI, EMPAT LAWANG, SUMATERA SELATAN",27,20,103,123
https://kawalpemilu.org#20430,"UJUNG ALIH, TEBING TINGGI, EMPAT LAWANG, SUMATERA SELATAN",1,10,131,141
https://kawalpemilu.org#20430,"UJUNG ALIH, TEBING TINGGI, EMPAT LAWANG, SUMATERA SELATAN",2,8,105,113
https://kawalpemilu.org#20430,"UJUNG ALIH, TEBING TINGGI, EMPAT LAWANG, SUMATERA SELATAN",3,10,118,128
https://kawalpemilu.org#20430,"UJUNG ALIH, TEBING TINGGI, EMPAT LAWANG, SUMATERA SELATAN",4,10,107,117
https://kawalpemilu.org#20430,"UJUNG ALIH, TEBING TINGGI, EMPAT LAWANG, SUMATERA SELATAN",5,16,101,117
https://kawalpemilu.org#20430,"UJUNG ALIH, TEBING TINGGI, EMPAT LAWANG, SUMATERA SELATAN",6,11,100,111
https://kawalpemilu.org#20431,"LB. GELANGGANG, TEBING TINGGI, EMPAT LAWANG, SUMATERA SELATAN",1,35,171,206
https://kawalpemilu.org#20431,"LB. GELANGGANG, TEBING TINGGI, EMPAT LAWANG, SUMATERA SELATAN",3,20,69,89
https://kawalpemilu.org#20432,"ULAK MENGKUDU, TEBING TINGGI, EMPAT LAWANG, SUMATERA SELATAN",1,66,143,209
https://kawalpemilu.org#20432,"ULAK MENGKUDU, TEBING TINGGI, EMPAT LAWANG, SUMATERA SELATAN",2,27,122,149
https://kawalpemilu.org#20432,"ULAK MENGKUDU, TEBING TINGGI, EMPAT LAWANG, SUMATERA SELATAN",3,28,83,111
https://kawalpemilu.org#20432,"ULAK MENGKUDU, TEBING TINGGI, EMPAT LAWANG, SUMATERA SELATAN",4,44,110,154
https://kawalpemilu.org#20432,"ULAK MENGKUDU, TEBING TINGGI, EMPAT LAWANG, SUMATERA SELATAN",5,26,85,111
https://kawalpemilu.org#20433,"BATU PANCE, TEBING TINGGI, EMPAT LAWANG, SUMATERA SELATAN",1,21,86,107
https://kawalpemilu.org#20433,"BATU PANCE, TEBING TINGGI, EMPAT LAWANG, SUMATERA SELATAN",2,34,79,113
https://kawalpemilu.org#20433,"BATU PANCE, TEBING TINGGI, EMPAT LAWANG, SUMATERA SELATAN",3,21,101,122
https://kawalpemilu.org#20433,"BATU PANCE, TEBING TINGGI, EMPAT LAWANG, SUMATERA SELATAN",4,37,96,133
https://kawalpemilu.org#20433,"BATU PANCE, TEBING TINGGI, EMPAT LAWANG, SUMATERA SELATAN",5,20,71,91
https://kawalpemilu.org#20433,"BATU PANCE, TEBING TINGGI, EMPAT LAWANG, SUMATERA SELATAN",6,30,100,130
https://kawalpemilu.org#20433,"BATU PANCE, TEBING TINGGI, EMPAT LAWANG, SUMATERA SELATAN",7,19,88,107
https://kawalpemilu.org#20434,"AUR GADING, TEBING TINGGI, EMPAT LAWANG, SUMATERA SELATAN",1,32,118,150
https://kawalpemilu.org#20434,"AUR GADING, TEBING TINGGI, EMPAT LAWANG, SUMATERA SELATAN",2,16,115,131
https://kawalpemilu.org#20434,"AUR GADING, TEBING TINGGI, EMPAT LAWANG, SUMATERA SELATAN",3,28,112,140
https://kawalpemilu.org#20434,"AUR GADING, TEBING TINGGI, EMPAT LAWANG, SUMATERA SELATAN",4,39,110,149
https://kawalpemilu.org#20435,"TERUSAN LAMA, TEBING TINGGI, EMPAT LAWANG, SUMATERA SELATAN",1,18,214,232
https://kawalpemilu.org#20436,"TERUSAN BARU, TEBING TINGGI, EMPAT LAWANG, SUMATERA SELATAN",1,45,125,170
https://kawalpemilu.org#20436,"TERUSAN BARU, TEBING TINGGI, EMPAT LAWANG, SUMATERA SELATAN",2,21,83,104
https://kawalpemilu.org#20436,"TERUSAN BARU, TEBING TINGGI, EMPAT LAWANG, SUMATERA SELATAN",4,24,103,127
https://kawalpemilu.org#20436,"TERUSAN BARU, TEBING TINGGI, EMPAT LAWANG, SUMATERA SELATAN",5,20,129,149
https://kawalpemilu.org#20436,"TERUSAN BARU, TEBING TINGGI, EMPAT LAWANG, SUMATERA SELATAN",6,19,111,130
https://kawalpemilu.org#20436,"TERUSAN BARU, TEBING TINGGI, EMPAT LAWANG, SUMATERA SELATAN",7,17,118,135
https://kawalpemilu.org#20436,"TERUSAN BARU, TEBING TINGGI, EMPAT LAWANG, SUMATERA SELATAN",8,18,105,123
https://kawalpemilu.org#20436,"TERUSAN BARU, TEBING TINGGI, EMPAT LAWANG, SUMATERA SELATAN",9,17,122,139
https://kawalpemilu.org#20436,"TERUSAN BARU, TEBING TINGGI, EMPAT LAWANG, SUMATERA SELATAN",10,19,126,145
https://kawalpemilu.org#20437,"RANTAU TENANG, TEBING TINGGI, EMPAT LAWANG, SUMATERA SELATAN",1,47,107,154
https://kawalpemilu.org#20437,"RANTAU TENANG, TEBING TINGGI, EMPAT LAWANG, SUMATERA SELATAN",2,25,106,131
https://kawalpemilu.org#20437,"RANTAU TENANG, TEBING TINGGI, EMPAT LAWANG, SUMATERA SELATAN",3,40,165,205
https://kawalpemilu.org#20437,"RANTAU TENANG, TEBING TINGGI, EMPAT LAWANG, SUMATERA SELATAN",4,44,154,198
https://kawalpemilu.org#20437,"RANTAU TENANG, TEBING TINGGI, EMPAT LAWANG, SUMATERA SELATAN",5,44,130,174
https://kawalpemilu.org#20437,"RANTAU TENANG, TEBING TINGGI, EMPAT LAWANG, SUMATERA SELATAN",6,35,34,69
https://kawalpemilu.org#20438,"SEGURING KECIL, TEBING TINGGI, EMPAT LAWANG, SUMATERA SELATAN",1,36,121,157
https://kawalpemilu.org#20438,"SEGURING KECIL, TEBING TINGGI, EMPAT LAWANG, SUMATERA SELATAN",2,36,96,132
https://kawalpemilu.org#20439,"KUPANG, TEBING TINGGI, EMPAT LAWANG, SUMATERA SELATAN",1,40,171,211
https://kawalpemilu.org#20439,"KUPANG, TEBING TINGGI, EMPAT LAWANG, SUMATERA SELATAN",2,23,139,162
https://kawalpemilu.org#20439,"KUPANG, TEBING TINGGI, EMPAT LAWANG, SUMATERA SELATAN",3,29,130,159
https://kawalpemilu.org#20439,"KUPANG, TEBING TINGGI, EMPAT LAWANG, SUMATERA SELATAN",4,41,156,197
https://kawalpemilu.org#20439,"KUPANG, TEBING TINGGI, EMPAT LAWANG, SUMATERA SELATAN",5,39,141,180
https://kawalpemilu.org#20439,"KUPANG, TEBING TINGGI, EMPAT LAWANG, SUMATERA SELATAN",6,22,118,140
https://kawalpemilu.org#20439,"KUPANG, TEBING TINGGI, EMPAT LAWANG, SUMATERA SELATAN",7,29,75,104
https://kawalpemilu.org#20439,"KUPANG, TEBING TINGGI, EMPAT LAWANG, SUMATERA SELATAN",8,40,123,163
https://kawalpemilu.org#20439,"KUPANG, TEBING TINGGI, EMPAT LAWANG, SUMATERA SELATAN",9,75,56,131
https://kawalpemilu.org#20440,"KEMANG MANIS, TEBING TINGGI, EMPAT LAWANG, SUMATERA SELATAN",1,46,125,171
https://kawalpemilu.org#20440,"KEMANG MANIS, TEBING TINGGI, EMPAT LAWANG, SUMATERA SELATAN",2,26,142,168
https://kawalpemilu.org#20440,"KEMANG MANIS, TEBING TINGGI, EMPAT LAWANG, SUMATERA SELATAN",3,30,112,142
https://kawalpemilu.org#20440,"KEMANG MANIS, TEBING TINGGI, EMPAT LAWANG, SUMATERA SELATAN",4,38,106,144
https://kawalpemilu.org#20441,"LAMPAR BARU, TEBING TINGGI, EMPAT LAWANG, SUMATERA SELATAN",1,70,110,180
https://kawalpemilu.org#20441,"LAMPAR BARU, TEBING TINGGI, EMPAT LAWANG, SUMATERA SELATAN",2,44,106,150
https://kawalpemilu.org#20441,"LAMPAR BARU, TEBING TINGGI, EMPAT LAWANG, SUMATERA SELATAN",3,44,107,151
https://kawalpemilu.org#20441,"LAMPAR BARU, TEBING TINGGI, EMPAT LAWANG, SUMATERA SELATAN",4,35,141,176
https://kawalpemilu.org#20442,"TANJUNGKUPANG, TEBING TINGGI, EMPAT LAWANG, SUMATERA SELATAN",1,38,127,165
https://kawalpemilu.org#20442,"TANJUNGKUPANG, TEBING TINGGI, EMPAT LAWANG, SUMATERA SELATAN",2,27,90,117
https://kawalpemilu.org#20442,"TANJUNGKUPANG, TEBING TINGGI, EMPAT LAWANG, SUMATERA SELATAN",3,30,110,140
https://kawalpemilu.org#20442,"TANJUNGKUPANG, TEBING TINGGI, EMPAT LAWANG, SUMATERA SELATAN",4,25,87,112
https://kawalpemilu.org#20442,"TANJUNGKUPANG, TEBING TINGGI, EMPAT LAWANG, SUMATERA SELATAN",5,43,166,209
https://kawalpemilu.org#20442,"TANJUNGKUPANG, TEBING TINGGI, EMPAT LAWANG, SUMATERA SELATAN",6,30,110,140
https://kawalpemilu.org#20442,"TANJUNGKUPANG, TEBING TINGGI, EMPAT LAWANG, SUMATERA SELATAN",7,16,62,78
https://kawalpemilu.org#20442,"TANJUNGKUPANG, TEBING TINGGI, EMPAT LAWANG, SUMATERA SELATAN",8,16,123,139
https://kawalpemilu.org#20442,"TANJUNGKUPANG, TEBING TINGGI, EMPAT LAWANG, SUMATERA SELATAN",9,16,62,78
https://kawalpemilu.org#20442,"TANJUNGKUPANG, TEBING TINGGI, EMPAT LAWANG, SUMATERA SELATAN",11,27,91,118
https://kawalpemilu.org#20442,"TANJUNGKUPANG, TEBING TINGGI, EMPAT LAWANG, SUMATERA SELATAN",12,42,161,203
https://kawalpemilu.org#20442,"TANJUNGKUPANG, TEBING TINGGI, EMPAT LAWANG, SUMATERA SELATAN",13,23,111,134
https://kawalpemilu.org#20442,"TANJUNGKUPANG, TEBING TINGGI, EMPAT LAWANG, SUMATERA SELATAN",14,36,222,258
https://kawalpemilu.org#20442,"TANJUNGKUPANG, TEBING TINGGI, EMPAT LAWANG, SUMATERA SELATAN",15,38,149,187
https://kawalpemilu.org#20442,"TANJUNGKUPANG, TEBING TINGGI, EMPAT LAWANG, SUMATERA SELATAN",16,46,138,184
https://kawalpemilu.org#20442,"TANJUNGKUPANG, TEBING TINGGI, EMPAT LAWANG, SUMATERA SELATAN",17,36,115,151
https://kawalpemilu.org#20442,"TANJUNGKUPANG, TEBING TINGGI, EMPAT LAWANG, SUMATERA SELATAN",18,29,202,231
https://kawalpemilu.org#20442,"TANJUNGKUPANG, TEBING TINGGI, EMPAT LAWANG, SUMATERA SELATAN",20,34,156,190
https://kawalpemilu.org#20442,"TANJUNGKUPANG, TEBING TINGGI, EMPAT LAWANG, SUMATERA SELATAN",21,27,103,130
https://kawalpemilu.org#20443,"TANJUNGMAKMUR, TEBING TINGGI, EMPAT LAWANG, SUMATERA SELATAN",1,17,157,174
https://kawalpemilu.org#20443,"TANJUNGMAKMUR, TEBING TINGGI, EMPAT LAWANG, SUMATERA SELATAN",3,29,177,206
https://kawalpemilu.org#20443,"TANJUNGMAKMUR, TEBING TINGGI, EMPAT LAWANG, SUMATERA SELATAN",4,35,158,193
https://kawalpemilu.org#20443,"TANJUNGMAKMUR, TEBING TINGGI, EMPAT LAWANG, SUMATERA SELATAN",5,11,127,138
https://kawalpemilu.org#20443,"TANJUNGMAKMUR, TEBING TINGGI, EMPAT LAWANG, SUMATERA SELATAN",6,80,126,206
https://kawalpemilu.org#20443,"TANJUNGMAKMUR, TEBING TINGGI, EMPAT LAWANG, SUMATERA SELATAN",7,36,102,138
https://kawalpemilu.org#20443,"TANJUNGMAKMUR, TEBING TINGGI, EMPAT LAWANG, SUMATERA SELATAN",8,45,134,179
https://kawalpemilu.org#20443,"TANJUNGMAKMUR, TEBING TINGGI, EMPAT LAWANG, SUMATERA SELATAN",9,46,116,162
https://kawalpemilu.org#20449,"KOTA GADING, TEBING TINGGI, EMPAT LAWANG, SUMATERA SELATAN",1,34,123,157
https://kawalpemilu.org#20449,"KOTA GADING, TEBING TINGGI, EMPAT LAWANG, SUMATERA SELATAN",2,41,86,127
https://kawalpemilu.org#20449,"KOTA GADING, TEBING TINGGI, EMPAT LAWANG, SUMATERA SELATAN",3,27,103,130
https://kawalpemilu.org#20449,"KOTA GADING, TEBING TINGGI, EMPAT LAWANG, SUMATERA SELATAN",4,26,138,164
https://kawalpemilu.org#20450,"BATU RAJA BARU, TEBING TINGGI, EMPAT LAWANG, SUMATERA SELATAN",1,29,103,132
https://kawalpemilu.org#20450,"BATU RAJA BARU, TEBING TINGGI, EMPAT LAWANG, SUMATERA SELATAN",2,20,73,93
https://kawalpemilu.org#20450,"BATU RAJA BARU, TEBING TINGGI, EMPAT LAWANG, SUMATERA SELATAN",3,40,154,194
https://kawalpemilu.org#20450,"BATU RAJA BARU, TEBING TINGGI, EMPAT LAWANG, SUMATERA SELATAN",4,16,149,165
https://kawalpemilu.org#20450,"BATU RAJA BARU, TEBING TINGGI, EMPAT LAWANG, SUMATERA SELATAN",5,27,90,117
https://kawalpemilu.org#20451,"BATU RAJA LAMA, TEBING TINGGI, EMPAT LAWANG, SUMATERA SELATAN",1,37,131,168
https://kawalpemilu.org#20451,"BATU RAJA LAMA, TEBING TINGGI, EMPAT LAWANG, SUMATERA SELATAN",2,46,173,219
https://kawalpemilu.org#20451,"BATU RAJA LAMA, TEBING TINGGI, EMPAT LAWANG, SUMATERA SELATAN",3,30,140,170
https://kawalpemilu.org#20451,"BATU RAJA LAMA, TEBING TINGGI, EMPAT LAWANG, SUMATERA SELATAN",4,54,94,148
https://kawalpemilu.org#20451,"BATU RAJA LAMA, TEBING TINGGI, EMPAT LAWANG, SUMATERA SELATAN",5,26,139,165
https://kawalpemilu.org#20452,"SUGI WARAS, TEBING TINGGI, EMPAT LAWANG, SUMATERA SELATAN",1,63,179,242
https://kawalpemilu.org#20452,"SUGI WARAS, TEBING TINGGI, EMPAT LAWANG, SUMATERA SELATAN",2,67,186,253
https://kawalpemilu.org#20455,"MEKAR JAYA, TEBING TINGGI, EMPAT LAWANG, SUMATERA SELATAN",1,35,130,165
https://kawalpemilu.org#20455,"MEKAR JAYA, TEBING TINGGI, EMPAT LAWANG, SUMATERA SELATAN",2,31,121,152
https://kawalpemilu.org#20455,"MEKAR JAYA, TEBING TINGGI, EMPAT LAWANG, SUMATERA SELATAN",3,36,142,178
https://kawalpemilu.org#20455,"MEKAR JAYA, TEBING TINGGI, EMPAT LAWANG, SUMATERA SELATAN",4,25,127,152
https://kawalpemilu.org#20455,"MEKAR JAYA, TEBING TINGGI, EMPAT LAWANG, SUMATERA SELATAN",5,26,129,155
https://kawalpemilu.org#20455,"MEKAR JAYA, TEBING TINGGI, EMPAT LAWANG, SUMATERA SELATAN",6,24,111,135
https://kawalpemilu.org#20458,"FAJAR BAKTI, TEBING TINGGI, EMPAT LAWANG, SUMATERA SELATAN",1,24,194,218
https://kawalpemilu.org#20458,"FAJAR BAKTI, TEBING TINGGI, EMPAT LAWANG, SUMATERA SELATAN",2,21,192,213
https://kawalpemilu.org#20458,"FAJAR BAKTI, TEBING TINGGI, EMPAT LAWANG, SUMATERA SELATAN",3,28,224,252
https://kawalpemilu.org#20460,"PANCUR MAS, TEBING TINGGI, EMPAT LAWANG, SUMATERA SELATAN",1,33,105,138
https://kawalpemilu.org#20460,"PANCUR MAS, TEBING TINGGI, EMPAT LAWANG, SUMATERA SELATAN",2,49,95,144
https://kawalpemilu.org#20461,"MAKARTI JAYA, TEBING TINGGI, EMPAT LAWANG, SUMATERA SELATAN",1,55,145,200
https://kawalpemilu.org#20461,"MAKARTI JAYA, TEBING TINGGI, EMPAT LAWANG, SUMATERA SELATAN",2,34,162,196
https://kawalpemilu.org#20462,"TANJUNG KUPANG BARU, TEBING TINGGI, EMPAT LAWANG, SUMATERA SELATAN",1,18,108,126
https://kawalpemilu.org#20462,"TANJUNG KUPANG BARU, TEBING TINGGI, EMPAT LAWANG, SUMATERA SELATAN",2,11,94,105
https://kawalpemilu.org#20462,"TANJUNG KUPANG BARU, TEBING TINGGI, EMPAT LAWANG, SUMATERA SELATAN",4,42,91,133
https://kawalpemilu.org#20462,"TANJUNG KUPANG BARU, TEBING TINGGI, EMPAT LAWANG, SUMATERA SELATAN",6,48,127,175
https://kawalpemilu.org#20463,"KELUMPANG JAYA, TEBING TINGGI, EMPAT LAWANG, SUMATERA SELATAN",1,51,172,223
https://kawalpemilu.org#20463,"KELUMPANG JAYA, TEBING TINGGI, EMPAT LAWANG, SUMATERA SELATAN",2,54,192,246
https://kawalpemilu.org#20463,"KELUMPANG JAYA, TEBING TINGGI, EMPAT LAWANG, SUMATERA SELATAN",4,67,161,228
https://kawalpemilu.org#20463,"KELUMPANG JAYA, TEBING TINGGI, EMPAT LAWANG, SUMATERA SELATAN",5,85,159,244
https://kawalpemilu.org#20465,"UMO JATI, LINTANG KANAN, EMPAT LAWANG, SUMATERA SELATAN",1,60,139,199
https://kawalpemilu.org#20465,"UMO JATI, LINTANG KANAN, EMPAT LAWANG, SUMATERA SELATAN",2,42,129,171
https://kawalpemilu.org#20465,"UMO JATI, LINTANG KANAN, EMPAT LAWANG, SUMATERA SELATAN",3,39,141,180
https://kawalpemilu.org#20465,"UMO JATI, LINTANG KANAN, EMPAT LAWANG, SUMATERA SELATAN",4,32,142,174
https://kawalpemilu.org#20465,"UMO JATI, LINTANG KANAN, EMPAT LAWANG, SUMATERA SELATAN",5,40,142,182
https://kawalpemilu.org#20465,"UMO JATI, LINTANG KANAN, EMPAT LAWANG, SUMATERA SELATAN",6,42,150,192
https://kawalpemilu.org#20465,"UMO JATI, LINTANG KANAN, EMPAT LAWANG, SUMATERA SELATAN",7,54,120,174
https://kawalpemilu.org#20465,"UMO JATI, LINTANG KANAN, EMPAT LAWANG, SUMATERA SELATAN",8,59,149,208
https://kawalpemilu.org#20466,"TANJUNG JATI, LINTANG KANAN, EMPAT LAWANG, SUMATERA SELATAN",1,84,71,155
https://kawalpemilu.org#20466,"TANJUNG JATI, LINTANG KANAN, EMPAT LAWANG, SUMATERA SELATAN",2,66,73,139
https://kawalpemilu.org#20466,"TANJUNG JATI, LINTANG KANAN, EMPAT LAWANG, SUMATERA SELATAN",3,50,53,103
https://kawalpemilu.org#20466,"TANJUNG JATI, LINTANG KANAN, EMPAT LAWANG, SUMATERA SELATAN",4,33,42,75
https://kawalpemilu.org#20467,"PAGAR JATI, LINTANG KANAN, EMPAT LAWANG, SUMATERA SELATAN",1,46,77,123
https://kawalpemilu.org#20467,"PAGAR JATI, LINTANG KANAN, EMPAT LAWANG, SUMATERA SELATAN",2,43,87,130
https://kawalpemilu.org#20467,"PAGAR JATI, LINTANG KANAN, EMPAT LAWANG, SUMATERA SELATAN",3,38,94,132
https://kawalpemilu.org#20467,"PAGAR JATI, LINTANG KANAN, EMPAT LAWANG, SUMATERA SELATAN",4,42,66,108
https://kawalpemilu.org#20468,"NIBUNG, LINTANG KANAN, EMPAT LAWANG, SUMATERA SELATAN",1,44,98,142
https://kawalpemilu.org#20468,"NIBUNG, LINTANG KANAN, EMPAT LAWANG, SUMATERA SELATAN",2,28,106,134
https://kawalpemilu.org#20468,"NIBUNG, LINTANG KANAN, EMPAT LAWANG, SUMATERA SELATAN",3,32,124,156
https://kawalpemilu.org#20468,"NIBUNG, LINTANG KANAN, EMPAT LAWANG, SUMATERA SELATAN",4,35,55,90
https://kawalpemilu.org#20468,"NIBUNG, LINTANG KANAN, EMPAT LAWANG, SUMATERA SELATAN",5,38,88,126
https://kawalpemilu.org#20468,"NIBUNG, LINTANG KANAN, EMPAT LAWANG, SUMATERA SELATAN",6,31,91,122
https://kawalpemilu.org#20468,"NIBUNG, LINTANG KANAN, EMPAT LAWANG, SUMATERA SELATAN",7,57,103,160
https://kawalpemilu.org#20468,"NIBUNG, LINTANG KANAN, EMPAT LAWANG, SUMATERA SELATAN",8,27,88,115
https://kawalpemilu.org#20468,"NIBUNG, LINTANG KANAN, EMPAT LAWANG, SUMATERA SELATAN",9,11,89,100
https://kawalpemilu.org#20468,"NIBUNG, LINTANG KANAN, EMPAT LAWANG, SUMATERA SELATAN",10,19,59,78
https://kawalpemilu.org#20469,"BATU AMPAR, LINTANG KANAN, EMPAT LAWANG, SUMATERA SELATAN",1,32,112,144
https://kawalpemilu.org#20469,"BATU AMPAR, LINTANG KANAN, EMPAT LAWANG, SUMATERA SELATAN",2,26,96,122
https://kawalpemilu.org#20469,"BATU AMPAR, LINTANG KANAN, EMPAT LAWANG, SUMATERA SELATAN",3,18,105,123
https://kawalpemilu.org#20469,"BATU AMPAR, LINTANG KANAN, EMPAT LAWANG, SUMATERA SELATAN",4,10,126,136
https://kawalpemilu.org#20469,"BATU AMPAR, LINTANG KANAN, EMPAT LAWANG, SUMATERA SELATAN",5,23,93,116
https://kawalpemilu.org#20469,"BATU AMPAR, LINTANG KANAN, EMPAT LAWANG, SUMATERA SELATAN",6,25,88,113
https://kawalpemilu.org#20470,"KARANG TANDING, LINTANG KANAN, EMPAT LAWANG, SUMATERA SELATAN",1,94,77,171
https://kawalpemilu.org#20470,"KARANG TANDING, LINTANG KANAN, EMPAT LAWANG, SUMATERA SELATAN",2,97,86,183
https://kawalpemilu.org#20470,"KARANG TANDING, LINTANG KANAN, EMPAT LAWANG, SUMATERA SELATAN",3,62,69,131
https://kawalpemilu.org#20470,"KARANG TANDING, LINTANG KANAN, EMPAT LAWANG, SUMATERA SELATAN",4,64,71,135
https://kawalpemilu.org#20470,"KARANG TANDING, LINTANG KANAN, EMPAT LAWANG, SUMATERA SELATAN",5,125,80,205
https://kawalpemilu.org#20470,"KARANG TANDING, LINTANG KANAN, EMPAT LAWANG, SUMATERA SELATAN",6,67,33,100
https://kawalpemilu.org#20471,"LUBUK CIK, LINTANG KANAN, EMPAT LAWANG, SUMATERA SELATAN",1,76,57,133
https://kawalpemilu.org#20471,"LUBUK CIK, LINTANG KANAN, EMPAT LAWANG, SUMATERA SELATAN",2,77,51,128
https://kawalpemilu.org#20471,"LUBUK CIK, LINTANG KANAN, EMPAT LAWANG, SUMATERA SELATAN",3,53,65,118
https://kawalpemilu.org#20471,"LUBUK CIK, LINTANG KANAN, EMPAT LAWANG, SUMATERA SELATAN",4,58,60,118
https://kawalpemilu.org#20472,"RANTAU KASAI, LINTANG KANAN, EMPAT LAWANG, SUMATERA SELATAN",1,71,67,138
https://kawalpemilu.org#20472,"RANTAU KASAI, LINTANG KANAN, EMPAT LAWANG, SUMATERA SELATAN",2,41,43,84
https://kawalpemilu.org#20472,"RANTAU KASAI, LINTANG KANAN, EMPAT LAWANG, SUMATERA SELATAN",3,73,30,103
https://kawalpemilu.org#20472,"RANTAU KASAI, LINTANG KANAN, EMPAT LAWANG, SUMATERA SELATAN",4,53,63,116
https://kawalpemilu.org#20473,"SUKARAMI, LINTANG KANAN, EMPAT LAWANG, SUMATERA SELATAN",1,69,84,153
https://kawalpemilu.org#20473,"SUKARAMI, LINTANG KANAN, EMPAT LAWANG, SUMATERA SELATAN",2,50,58,108
https://kawalpemilu.org#20473,"SUKARAMI, LINTANG KANAN, EMPAT LAWANG, SUMATERA SELATAN",3,107,85,192
https://kawalpemilu.org#20473,"SUKARAMI, LINTANG KANAN, EMPAT LAWANG, SUMATERA SELATAN",4,89,99,188
https://kawalpemilu.org#20474,"RANTAU ALIH, LINTANG KANAN, EMPAT LAWANG, SUMATERA SELATAN",1,44,97,141
https://kawalpemilu.org#20474,"RANTAU ALIH, LINTANG KANAN, EMPAT LAWANG, SUMATERA SELATAN",2,35,74,109
https://kawalpemilu.org#20474,"RANTAU ALIH, LINTANG KANAN, EMPAT LAWANG, SUMATERA SELATAN",3,40,89,129
https://kawalpemilu.org#20474,"RANTAU ALIH, LINTANG KANAN, EMPAT LAWANG, SUMATERA SELATAN",4,25,88,113
https://kawalpemilu.org#20474,"RANTAU ALIH, LINTANG KANAN, EMPAT LAWANG, SUMATERA SELATAN",5,46,94,140
https://kawalpemilu.org#20474,"RANTAU ALIH, LINTANG KANAN, EMPAT LAWANG, SUMATERA SELATAN",6,48,116,164
https://kawalpemilu.org#20475,"TANJUNG ALAM, LINTANG KANAN, EMPAT LAWANG, SUMATERA SELATAN",1,68,113,181
https://kawalpemilu.org#20475,"TANJUNG ALAM, LINTANG KANAN, EMPAT LAWANG, SUMATERA SELATAN",2,58,108,166
https://kawalpemilu.org#20475,"TANJUNG ALAM, LINTANG KANAN, EMPAT LAWANG, SUMATERA SELATAN",3,72,98,170
https://kawalpemilu.org#20475,"TANJUNG ALAM, LINTANG KANAN, EMPAT LAWANG, SUMATERA SELATAN",4,68,114,182
https://kawalpemilu.org#20475,"TANJUNG ALAM, LINTANG KANAN, EMPAT LAWANG, SUMATERA SELATAN",5,66,76,142
https://kawalpemilu.org#20475,"TANJUNG ALAM, LINTANG KANAN, EMPAT LAWANG, SUMATERA SELATAN",6,74,76,150
https://kawalpemilu.org#20475,"TANJUNG ALAM, LINTANG KANAN, EMPAT LAWANG, SUMATERA SELATAN",7,61,62,123
https://kawalpemilu.org#20475,"TANJUNG ALAM, LINTANG KANAN, EMPAT LAWANG, SUMATERA SELATAN",8,69,79,148
https://kawalpemilu.org#20476,"LESUNG BATU, LINTANG KANAN, EMPAT LAWANG, SUMATERA SELATAN",1,103,36,139
https://kawalpemilu.org#20476,"LESUNG BATU, LINTANG KANAN, EMPAT LAWANG, SUMATERA SELATAN",3,73,64,137
https://kawalpemilu.org#20476,"LESUNG BATU, LINTANG KANAN, EMPAT LAWANG, SUMATERA SELATAN",4,81,63,144
https://kawalpemilu.org#20476,"LESUNG BATU, LINTANG KANAN, EMPAT LAWANG, SUMATERA SELATAN",5,71,49,120
https://kawalpemilu.org#20476,"LESUNG BATU, LINTANG KANAN, EMPAT LAWANG, SUMATERA SELATAN",7,73,63,136
https://kawalpemilu.org#20476,"LESUNG BATU, LINTANG KANAN, EMPAT LAWANG, SUMATERA SELATAN",8,81,66,147
https://kawalpemilu.org#20476,"LESUNG BATU, LINTANG KANAN, EMPAT LAWANG, SUMATERA SELATAN",9,66,59,125
https://kawalpemilu.org#20476,"LESUNG BATU, LINTANG KANAN, EMPAT LAWANG, SUMATERA SELATAN",10,68,65,133
https://kawalpemilu.org#20476,"LESUNG BATU, LINTANG KANAN, EMPAT LAWANG, SUMATERA SELATAN",11,73,73,146
https://kawalpemilu.org#20476,"LESUNG BATU, LINTANG KANAN, EMPAT LAWANG, SUMATERA SELATAN",12,62,61,123
https://kawalpemilu.org#20477,"BABATAN, LINTANG KANAN, EMPAT LAWANG, SUMATERA SELATAN",1,133,74,207
https://kawalpemilu.org#20477,"BABATAN, LINTANG KANAN, EMPAT LAWANG, SUMATERA SELATAN",2,126,62,188
https://kawalpemilu.org#20477,"BABATAN, LINTANG KANAN, EMPAT LAWANG, SUMATERA SELATAN",3,106,73,179
https://kawalpemilu.org#20477,"BABATAN, LINTANG KANAN, EMPAT LAWANG, SUMATERA SELATAN",4,83,77,160
https://kawalpemilu.org#20477,"BABATAN, LINTANG KANAN, EMPAT LAWANG, SUMATERA SELATAN",5,63,48,111
https://kawalpemilu.org#20477,"BABATAN, LINTANG KANAN, EMPAT LAWANG, SUMATERA SELATAN",6,58,53,111
https://kawalpemilu.org#20477,"BABATAN, LINTANG KANAN, EMPAT LAWANG, SUMATERA SELATAN",7,71,17,88
https://kawalpemilu.org#20477,"BABATAN, LINTANG KANAN, EMPAT LAWANG, SUMATERA SELATAN",8,41,32,73
https://kawalpemilu.org#20477,"BABATAN, LINTANG KANAN, EMPAT LAWANG, SUMATERA SELATAN",9,50,34,84
https://kawalpemilu.org#20477,"BABATAN, LINTANG KANAN, EMPAT LAWANG, SUMATERA SELATAN",10,67,11,78
https://kawalpemilu.org#20477,"BABATAN, LINTANG KANAN, EMPAT LAWANG, SUMATERA SELATAN",11,46,13,59
https://kawalpemilu.org#20477,"BABATAN, LINTANG KANAN, EMPAT LAWANG, SUMATERA SELATAN",12,94,29,123
https://kawalpemilu.org#20477,"BABATAN, LINTANG KANAN, EMPAT LAWANG, SUMATERA SELATAN",13,107,89,196
https://kawalpemilu.org#20477,"BABATAN, LINTANG KANAN, EMPAT LAWANG, SUMATERA SELATAN",14,84,30,114
https://kawalpemilu.org#20477,"BABATAN, LINTANG KANAN, EMPAT LAWANG, SUMATERA SELATAN",15,101,38,139
https://kawalpemilu.org#20477,"BABATAN, LINTANG KANAN, EMPAT LAWANG, SUMATERA SELATAN",16,137,38,175
https://kawalpemilu.org#20477,"BABATAN, LINTANG KANAN, EMPAT LAWANG, SUMATERA SELATAN",17,134,47,181
https://kawalpemilu.org#20477,"BABATAN, LINTANG KANAN, EMPAT LAWANG, SUMATERA SELATAN",18,58,82,140
https://kawalpemilu.org#20477,"BABATAN, LINTANG KANAN, EMPAT LAWANG, SUMATERA SELATAN",19,82,62,144
https://kawalpemilu.org#20477,"BABATAN, LINTANG KANAN, EMPAT LAWANG, SUMATERA SELATAN",20,100,55,155
https://kawalpemilu.org#20477,"BABATAN, LINTANG KANAN, EMPAT LAWANG, SUMATERA SELATAN",21,49,41,90
https://kawalpemilu.org#20477,"BABATAN, LINTANG KANAN, EMPAT LAWANG, SUMATERA SELATAN",22,57,31,88
https://kawalpemilu.org#20477,"BABATAN, LINTANG KANAN, EMPAT LAWANG, SUMATERA SELATAN",23,50,40,90
https://kawalpemilu.org#20477,"BABATAN, LINTANG KANAN, EMPAT LAWANG, SUMATERA SELATAN",24,42,39,81
https://kawalpemilu.org#20477,"BABATAN, LINTANG KANAN, EMPAT LAWANG, SUMATERA SELATAN",25,67,11,78
https://kawalpemilu.org#20477,"BABATAN, LINTANG KANAN, EMPAT LAWANG, SUMATERA SELATAN",26,77,28,105
https://kawalpemilu.org#20478,"MUARA DANAU, LINTANG KANAN, EMPAT LAWANG, SUMATERA SELATAN",1,51,106,157
https://kawalpemilu.org#20478,"MUARA DANAU, LINTANG KANAN, EMPAT LAWANG, SUMATERA SELATAN",2,36,110,146
https://kawalpemilu.org#20478,"MUARA DANAU, LINTANG KANAN, EMPAT LAWANG, SUMATERA SELATAN",3,48,127,175
https://kawalpemilu.org#20478,"MUARA DANAU, LINTANG KANAN, EMPAT LAWANG, SUMATERA SELATAN",4,50,126,176
https://kawalpemilu.org#20479,"ENDALO, LINTANG KANAN, EMPAT LAWANG, SUMATERA SELATAN",1,72,78,150
https://kawalpemilu.org#20479,"ENDALO, LINTANG KANAN, EMPAT LAWANG, SUMATERA SELATAN",2,26,90,116
https://kawalpemilu.org#20479,"ENDALO, LINTANG KANAN, EMPAT LAWANG, SUMATERA SELATAN",3,75,74,149
https://kawalpemilu.org#20479,"ENDALO, LINTANG KANAN, EMPAT LAWANG, SUMATERA SELATAN",4,64,63,127
https://kawalpemilu.org#20480,"LUBUK TAPANG, LINTANG KANAN, EMPAT LAWANG, SUMATERA SELATAN",1,90,36,126
https://kawalpemilu.org#20480,"LUBUK TAPANG, LINTANG KANAN, EMPAT LAWANG, SUMATERA SELATAN",2,78,58,136
https://kawalpemilu.org#20480,"LUBUK TAPANG, LINTANG KANAN, EMPAT LAWANG, SUMATERA SELATAN",3,68,39,107
https://kawalpemilu.org#20480,"LUBUK TAPANG, LINTANG KANAN, EMPAT LAWANG, SUMATERA SELATAN",4,100,51,151
https://kawalpemilu.org#20483,"KARANG ARE, TALANG PADANG, EMPAT LAWANG, SUMATERA SELATAN",1,9,145,154
https://kawalpemilu.org#20483,"KARANG ARE, TALANG PADANG, EMPAT LAWANG, SUMATERA SELATAN",2,21,136,157
https://kawalpemilu.org#20483,"KARANG ARE, TALANG PADANG, EMPAT LAWANG, SUMATERA SELATAN",3,16,124,140
https://kawalpemilu.org#20483,"KARANG ARE, TALANG PADANG, EMPAT LAWANG, SUMATERA SELATAN",4,25,127,152
https://kawalpemilu.org#20484,"PADANG TITIRAN, TALANG PADANG, EMPAT LAWANG, SUMATERA SELATAN",1,41,138,179
https://kawalpemilu.org#20484,"PADANG TITIRAN, TALANG PADANG, EMPAT LAWANG, SUMATERA SELATAN",2,17,120,137
https://kawalpemilu.org#20484,"PADANG TITIRAN, TALANG PADANG, EMPAT LAWANG, SUMATERA SELATAN",3,24,116,140
https://kawalpemilu.org#20484,"PADANG TITIRAN, TALANG PADANG, EMPAT LAWANG, SUMATERA SELATAN",4,27,96,123
https://kawalpemilu.org#20484,"PADANG TITIRAN, TALANG PADANG, EMPAT LAWANG, SUMATERA SELATAN",5,23,113,136
https://kawalpemilu.org#20484,"PADANG TITIRAN, TALANG PADANG, EMPAT LAWANG, SUMATERA SELATAN",6,15,91,106
https://kawalpemilu.org#20485,"KEMBAHANG LAMA, TALANG PADANG, EMPAT LAWANG, SUMATERA SELATAN",1,56,103,159
https://kawalpemilu.org#20485,"KEMBAHANG LAMA, TALANG PADANG, EMPAT LAWANG, SUMATERA SELATAN",2,45,101,146
https://kawalpemilu.org#20486,"PASAR TALANG PADANG, TALANG PADANG, EMPAT LAWANG, SUMATERA SELATAN",1,60,142,202
https://kawalpemilu.org#20486,"PASAR TALANG PADANG, TALANG PADANG, EMPAT LAWANG, SUMATERA SELATAN",2,50,133,72
https://kawalpemilu.org#20486,"PASAR TALANG PADANG, TALANG PADANG, EMPAT LAWANG, SUMATERA SELATAN",3,59,100,159
https://kawalpemilu.org#20487,"MACANG MANIS, TALANG PADANG, EMPAT LAWANG, SUMATERA SELATAN",1,37,136,137
https://kawalpemilu.org#20487,"MACANG MANIS, TALANG PADANG, EMPAT LAWANG, SUMATERA SELATAN",2,48,132,177
https://kawalpemilu.org#20488,"LUBUK BUNTAK, TALANG PADANG, EMPAT LAWANG, SUMATERA SELATAN",1,63,130,193
https://kawalpemilu.org#20488,"LUBUK BUNTAK, TALANG PADANG, EMPAT LAWANG, SUMATERA SELATAN",2,91,130,221
https://kawalpemilu.org#20488,"LUBUK BUNTAK, TALANG PADANG, EMPAT LAWANG, SUMATERA SELATAN",3,65,120,185
https://kawalpemilu.org#20489,"TALANG DURIAN, TALANG PADANG, EMPAT LAWANG, SUMATERA SELATAN",1,33,88,121
https://kawalpemilu.org#20489,"TALANG DURIAN, TALANG PADANG, EMPAT LAWANG, SUMATERA SELATAN",2,19,84,103
https://kawalpemilu.org#20489,"TALANG DURIAN, TALANG PADANG, EMPAT LAWANG, SUMATERA SELATAN",3,23,84,107
https://kawalpemilu.org#20489,"TALANG DURIAN, TALANG PADANG, EMPAT LAWANG, SUMATERA SELATAN",4,32,92,124
https://kawalpemilu.org#20490,"TALANG PADANG, TALANG PADANG, EMPAT LAWANG, SUMATERA SELATAN",1,118,121,239
https://kawalpemilu.org#20490,"TALANG PADANG, TALANG PADANG, EMPAT LAWANG, SUMATERA SELATAN",2,75,95,170
https://kawalpemilu.org#20490,"TALANG PADANG, TALANG PADANG, EMPAT LAWANG, SUMATERA SELATAN",3,88,102,190
https://kawalpemilu.org#20490,"TALANG PADANG, TALANG PADANG, EMPAT LAWANG, SUMATERA SELATAN",4,98,125,223
https://kawalpemilu.org#20491,"KEMBAHANG BARU, TALANG PADANG, EMPAT LAWANG, SUMATERA SELATAN",1,39,126,165
https://kawalpemilu.org#20492,"CANGGU, TALANG PADANG, EMPAT LAWANG, SUMATERA SELATAN",1,57,155,212
https://kawalpemilu.org#20493,"REMANTAI, TALANG PADANG, EMPAT LAWANG, SUMATERA SELATAN",1,36,121,157
https://kawalpemilu.org#20493,"REMANTAI, TALANG PADANG, EMPAT LAWANG, SUMATERA SELATAN",2,30,132,162
https://kawalpemilu.org#20493,"REMANTAI, TALANG PADANG, EMPAT LAWANG, SUMATERA SELATAN",3,35,167,202
https://kawalpemilu.org#20494,"ULAK DABUK, TALANG PADANG, EMPAT LAWANG, SUMATERA SELATAN",1,56,113,169
https://kawalpemilu.org#20494,"ULAK DABUK, TALANG PADANG, EMPAT LAWANG, SUMATERA SELATAN",2,43,112,155
https://kawalpemilu.org#20494,"ULAK DABUK, TALANG PADANG, EMPAT LAWANG, SUMATERA SELATAN",3,58,108,166
https://kawalpemilu.org#20494,"ULAK DABUK, TALANG PADANG, EMPAT LAWANG, SUMATERA SELATAN",4,33,96,129
https://kawalpemilu.org#20494,"ULAK DABUK, TALANG PADANG, EMPAT LAWANG, SUMATERA SELATAN",5,52,137,189
https://kawalpemilu.org#20495,"LAMPAR BARU, TALANG PADANG, EMPAT LAWANG, SUMATERA SELATAN",1,82,114,196
https://kawalpemilu.org#20495,"LAMPAR BARU, TALANG PADANG, EMPAT LAWANG, SUMATERA SELATAN",3,70,71,141
https://kawalpemilu.org#20495,"LAMPAR BARU, TALANG PADANG, EMPAT LAWANG, SUMATERA SELATAN",4,79,94,173
https://kawalpemilu.org#20495,"LAMPAR BARU, TALANG PADANG, EMPAT LAWANG, SUMATERA SELATAN",5,51,80,131
https://kawalpemilu.org#20495,"LAMPAR BARU, TALANG PADANG, EMPAT LAWANG, SUMATERA SELATAN",6,46,92,138
https://kawalpemilu.org#20495,"LAMPAR BARU, TALANG PADANG, EMPAT LAWANG, SUMATERA SELATAN",7,59,55,114
https://kawalpemilu.org#20495,"LAMPAR BARU, TALANG PADANG, EMPAT LAWANG, SUMATERA SELATAN",8,34,46,80
https://kawalpemilu.org#20497,"TALANG PADANG, PASEMAH AIR KERUH, EMPAT LAWANG, SUMATERA SELATAN",1,29,171,200
https://kawalpemilu.org#20497,"TALANG PADANG, PASEMAH AIR KERUH, EMPAT LAWANG, SUMATERA SELATAN",2,16,129,145
https://kawalpemilu.org#20497,"TALANG PADANG, PASEMAH AIR KERUH, EMPAT LAWANG, SUMATERA SELATAN",3,33,156,189
https://kawalpemilu.org#20497,"TALANG PADANG, PASEMAH AIR KERUH, EMPAT LAWANG, SUMATERA SELATAN",4,39,146,185
https://kawalpemilu.org#20497,"TALANG PADANG, PASEMAH AIR KERUH, EMPAT LAWANG, SUMATERA SELATAN",5,25,152,177
https://kawalpemilu.org#20497,"TALANG PADANG, PASEMAH AIR KERUH, EMPAT LAWANG, SUMATERA SELATAN",6,13,110,123
https://kawalpemilu.org#20497,"TALANG PADANG, PASEMAH AIR KERUH, EMPAT LAWANG, SUMATERA SELATAN",7,15,149,164
https://kawalpemilu.org#20497,"TALANG PADANG, PASEMAH AIR KERUH, EMPAT LAWANG, SUMATERA SELATAN",8,13,124,137
https://kawalpemilu.org#20497,"TALANG PADANG, PASEMAH AIR KERUH, EMPAT LAWANG, SUMATERA SELATAN",9,32,139,171
https://kawalpemilu.org#20497,"TALANG PADANG, PASEMAH AIR KERUH, EMPAT LAWANG, SUMATERA SELATAN",10,24,109,133
https://kawalpemilu.org#20497,"TALANG PADANG, PASEMAH AIR KERUH, EMPAT LAWANG, SUMATERA SELATAN",11,27,139,166
https://kawalpemilu.org#20497,"TALANG PADANG, PASEMAH AIR KERUH, EMPAT LAWANG, SUMATERA SELATAN",12,35,129,164
https://kawalpemilu.org#20498,"TANJUNG BERINGIN, PASEMAH AIR KERUH, EMPAT LAWANG, SUMATERA SELATAN",1,32,161,193
https://kawalpemilu.org#20498,"TANJUNG BERINGIN, PASEMAH AIR KERUH, EMPAT LAWANG, SUMATERA SELATAN",2,28,153,181
https://kawalpemilu.org#20498,"TANJUNG BERINGIN, PASEMAH AIR KERUH, EMPAT LAWANG, SUMATERA SELATAN",3,27,142,169
https://kawalpemilu.org#20498,"TANJUNG BERINGIN, PASEMAH AIR KERUH, EMPAT LAWANG, SUMATERA SELATAN",4,15,167,182
https://kawalpemilu.org#20499,"PENANTIAN, PASEMAH AIR KERUH, EMPAT LAWANG, SUMATERA SELATAN",1,79,101,180
https://kawalpemilu.org#20499,"PENANTIAN, PASEMAH AIR KERUH, EMPAT LAWANG, SUMATERA SELATAN",2,64,122,186
https://kawalpemilu.org#20499,"PENANTIAN, PASEMAH AIR KERUH, EMPAT LAWANG, SUMATERA SELATAN",3,58,102,160
https://kawalpemilu.org#20499,"PENANTIAN, PASEMAH AIR KERUH, EMPAT LAWANG, SUMATERA SELATAN",4,48,109,157
https://kawalpemilu.org#20499,"PENANTIAN, PASEMAH AIR KERUH, EMPAT LAWANG, SUMATERA SELATAN",5,24,138,162
https://kawalpemilu.org#20499,"PENANTIAN, PASEMAH AIR KERUH, EMPAT LAWANG, SUMATERA SELATAN",6,13,92,105
https://kawalpemilu.org#20500,"PAGAR JATI, PASEMAH AIR KERUH, EMPAT LAWANG, SUMATERA SELATAN",1,38,168,206
https://kawalpemilu.org#20500,"PAGAR JATI, PASEMAH AIR KERUH, EMPAT LAWANG, SUMATERA SELATAN",2,44,132,176
https://kawalpemilu.org#20500,"PAGAR JATI, PASEMAH AIR KERUH, EMPAT LAWANG, SUMATERA SELATAN",3,21,126,147
https://kawalpemilu.org#20501,"KEBON JATI, PASEMAH AIR KERUH, EMPAT LAWANG, SUMATERA SELATAN",1,25,126,151
https://kawalpemilu.org#20501,"KEBON JATI, PASEMAH AIR KERUH, EMPAT LAWANG, SUMATERA SELATAN",2,29,145,174
https://kawalpemilu.org#20501,"KEBON JATI, PASEMAH AIR KERUH, EMPAT LAWANG, SUMATERA SELATAN",3,43,114,163
https://kawalpemilu.org#20501,"KEBON JATI, PASEMAH AIR KERUH, EMPAT LAWANG, SUMATERA SELATAN",4,46,130,176
https://kawalpemilu.org#20501,"KEBON JATI, PASEMAH AIR KERUH, EMPAT LAWANG, SUMATERA SELATAN",5,54,118,172
https://kawalpemilu.org#20501,"KEBON JATI, PASEMAH AIR KERUH, EMPAT LAWANG, SUMATERA SELATAN",6,41,122,163
https://kawalpemilu.org#20501,"KEBON JATI, PASEMAH AIR KERUH, EMPAT LAWANG, SUMATERA SELATAN",7,51,84,135
https://kawalpemilu.org#20501,"KEBON JATI, PASEMAH AIR KERUH, EMPAT LAWANG, SUMATERA SELATAN",8,35,112,147
https://kawalpemilu.org#20502,"BANDAR AGUNG, PASEMAH AIR KERUH, EMPAT LAWANG, SUMATERA SELATAN",1,17,188,205
https://kawalpemilu.org#20502,"BANDAR AGUNG, PASEMAH AIR KERUH, EMPAT LAWANG, SUMATERA SELATAN",2,6,187,193
https://kawalpemilu.org#20502,"BANDAR AGUNG, PASEMAH AIR KERUH, EMPAT LAWANG, SUMATERA SELATAN",3,39,154,193
https://kawalpemilu.org#20502,"BANDAR AGUNG, PASEMAH AIR KERUH, EMPAT LAWANG, SUMATERA SELATAN",4,39,151,190
https://kawalpemilu.org#20502,"BANDAR AGUNG, PASEMAH AIR KERUH, EMPAT LAWANG, SUMATERA SELATAN",5,36,155,191
https://kawalpemilu.org#20502,"BANDAR AGUNG, PASEMAH AIR KERUH, EMPAT LAWANG, SUMATERA SELATAN",6,42,155,197
https://kawalpemilu.org#20503,"LAWANG AGUNG, PASEMAH AIR KERUH, EMPAT LAWANG, SUMATERA SELATAN",1,45,169,214
https://kawalpemilu.org#20503,"LAWANG AGUNG, PASEMAH AIR KERUH, EMPAT LAWANG, SUMATERA SELATAN",2,44,170,214
https://kawalpemilu.org#20503,"LAWANG AGUNG, PASEMAH AIR KERUH, EMPAT LAWANG, SUMATERA SELATAN",3,55,133,188
https://kawalpemilu.org#20503,"LAWANG AGUNG, PASEMAH AIR KERUH, EMPAT LAWANG, SUMATERA SELATAN",4,40,146,186
https://kawalpemilu.org#20503,"LAWANG AGUNG, PASEMAH AIR KERUH, EMPAT LAWANG, SUMATERA SELATAN",5,66,155,221
https://kawalpemilu.org#20503,"LAWANG AGUNG, PASEMAH AIR KERUH, EMPAT LAWANG, SUMATERA SELATAN",6,51,175,226
https://kawalpemilu.org#20504,"NANJUNGAN, PASEMAH AIR KERUH, EMPAT LAWANG, SUMATERA SELATAN",1,38,111,149
https://kawalpemilu.org#20504,"NANJUNGAN, PASEMAH AIR KERUH, EMPAT LAWANG, SUMATERA SELATAN",2,36,124,160
https://kawalpemilu.org#20504,"NANJUNGAN, PASEMAH AIR KERUH, EMPAT LAWANG, SUMATERA SELATAN",3,44,118,162
https://kawalpemilu.org#20504,"NANJUNGAN, PASEMAH AIR KERUH, EMPAT LAWANG, SUMATERA SELATAN",4,31,105,136
https://kawalpemilu.org#20504,"NANJUNGAN, PASEMAH AIR KERUH, EMPAT LAWANG, SUMATERA SELATAN",5,36,119,155
https://kawalpemilu.org#20504,"NANJUNGAN, PASEMAH AIR KERUH, EMPAT LAWANG, SUMATERA SELATAN",6,30,97,127
https://kawalpemilu.org#20504,"NANJUNGAN, PASEMAH AIR KERUH, EMPAT LAWANG, SUMATERA SELATAN",7,21,128,149
https://kawalpemilu.org#20504,"NANJUNGAN, PASEMAH AIR KERUH, EMPAT LAWANG, SUMATERA SELATAN",8,5,132,137
https://kawalpemilu.org#20504,"NANJUNGAN, PASEMAH AIR KERUH, EMPAT LAWANG, SUMATERA SELATAN",9,82,55,137
https://kawalpemilu.org#20504,"NANJUNGAN, PASEMAH AIR KERUH, EMPAT LAWANG, SUMATERA SELATAN",10,56,98,154
https://kawalpemilu.org#20505,"TALANG RANDAI, PASEMAH AIR KERUH, EMPAT LAWANG, SUMATERA SELATAN",1,27,188,215
https://kawalpemilu.org#20505,"TALANG RANDAI, PASEMAH AIR KERUH, EMPAT LAWANG, SUMATERA SELATAN",2,28,155,183
https://kawalpemilu.org#20506,"AIR MAYAM, PASEMAH AIR KERUH, EMPAT LAWANG, SUMATERA SELATAN",1,38,203,241
https://kawalpemilu.org#20506,"AIR MAYAM, PASEMAH AIR KERUH, EMPAT LAWANG, SUMATERA SELATAN",2,44,208,252
https://kawalpemilu.org#20506,"AIR MAYAM, PASEMAH AIR KERUH, EMPAT LAWANG, SUMATERA SELATAN",3,26,200,226
https://kawalpemilu.org#20506,"AIR MAYAM, PASEMAH AIR KERUH, EMPAT LAWANG, SUMATERA SELATAN",4,26,154,180
https://kawalpemilu.org#20506,"AIR MAYAM, PASEMAH AIR KERUH, EMPAT LAWANG, SUMATERA SELATAN",5,108,107,215
https://kawalpemilu.org#20506,"AIR MAYAM, PASEMAH AIR KERUH, EMPAT LAWANG, SUMATERA SELATAN",6,68,162,230
https://kawalpemilu.org#20506,"AIR MAYAM, PASEMAH AIR KERUH, EMPAT LAWANG, SUMATERA SELATAN",7,107,112,219
https://kawalpemilu.org#20506,"AIR MAYAM, PASEMAH AIR KERUH, EMPAT LAWANG, SUMATERA SELATAN",8,123,90,213
https://kawalpemilu.org#20506,"AIR MAYAM, PASEMAH AIR KERUH, EMPAT LAWANG, SUMATERA SELATAN",9,102,96,198
https://kawalpemilu.org#20506,"AIR MAYAM, PASEMAH AIR KERUH, EMPAT LAWANG, SUMATERA SELATAN",10,82,113,195
https://kawalpemilu.org#20507,"MUARA RUNGGA, PASEMAH AIR KERUH, EMPAT LAWANG, SUMATERA SELATAN",1,32,133,165
https://kawalpemilu.org#20507,"MUARA RUNGGA, PASEMAH AIR KERUH, EMPAT LAWANG, SUMATERA SELATAN",2,48,157,206
https://kawalpemilu.org#20507,"MUARA RUNGGA, PASEMAH AIR KERUH, EMPAT LAWANG, SUMATERA SELATAN",3,39,145,184
https://kawalpemilu.org#20508,"PADANG GELAI, PASEMAH AIR KERUH, EMPAT LAWANG, SUMATERA SELATAN",1,42,130,172
https://kawalpemilu.org#20508,"PADANG GELAI, PASEMAH AIR KERUH, EMPAT LAWANG, SUMATERA SELATAN",2,32,79,111
https://kawalpemilu.org#20508,"PADANG GELAI, PASEMAH AIR KERUH, EMPAT LAWANG, SUMATERA SELATAN",3,23,98,120
https://kawalpemilu.org#20508,"PADANG GELAI, PASEMAH AIR KERUH, EMPAT LAWANG, SUMATERA SELATAN",4,13,81,94
https://kawalpemilu.org#20508,"PADANG GELAI, PASEMAH AIR KERUH, EMPAT LAWANG, SUMATERA SELATAN",5,35,122,157
https://kawalpemilu.org#20508,"PADANG GELAI, PASEMAH AIR KERUH, EMPAT LAWANG, SUMATERA SELATAN",6,44,12,156
https://kawalpemilu.org#20508,"PADANG GELAI, PASEMAH AIR KERUH, EMPAT LAWANG, SUMATERA SELATAN",7,65,87,152
https://kawalpemilu.org#20508,"PADANG GELAI, PASEMAH AIR KERUH, EMPAT LAWANG, SUMATERA SELATAN",8,30,138,168
https://kawalpemilu.org#20509,"PADANG BINDU, PASEMAH AIR KERUH, EMPAT LAWANG, SUMATERA SELATAN",1,33,87,120
https://kawalpemilu.org#20509,"PADANG BINDU, PASEMAH AIR KERUH, EMPAT LAWANG, SUMATERA SELATAN",2,32,78,110
https://kawalpemilu.org#20509,"PADANG BINDU, PASEMAH AIR KERUH, EMPAT LAWANG, SUMATERA SELATAN",3,28,96,124
https://kawalpemilu.org#20510,"MUARA SINDANG, PASEMAH AIR KERUH, EMPAT LAWANG, SUMATERA SELATAN",1,42,179,221
https://kawalpemilu.org#20510,"MUARA SINDANG, PASEMAH AIR KERUH, EMPAT LAWANG, SUMATERA SELATAN",2,33,151,184
https://kawalpemilu.org#20510,"MUARA SINDANG, PASEMAH AIR KERUH, EMPAT LAWANG, SUMATERA SELATAN",3,63,150,213
https://kawalpemilu.org#20510,"MUARA SINDANG, PASEMAH AIR KERUH, EMPAT LAWANG, SUMATERA SELATAN",4,59,126,185
https://kawalpemilu.org#20511,"MUARA AMAN, PASEMAH AIR KERUH, EMPAT LAWANG, SUMATERA SELATAN",1,69,74,143
https://kawalpemilu.org#20511,"MUARA AMAN, PASEMAH AIR KERUH, EMPAT LAWANG, SUMATERA SELATAN",2,57,62,119
https://kawalpemilu.org#20511,"MUARA AMAN, PASEMAH AIR KERUH, EMPAT LAWANG, SUMATERA SELATAN",3,54,130,184
https://kawalpemilu.org#20511,"MUARA AMAN, PASEMAH AIR KERUH, EMPAT LAWANG, SUMATERA SELATAN",4,44,96,140
https://kawalpemilu.org#20413,"PUNTANG, SIKAP DALAM, EMPAT LAWANG, SUMATERA SELATAN",1,49,98,147
https://kawalpemilu.org#20413,"PUNTANG, SIKAP DALAM, EMPAT LAWANG, SUMATERA SELATAN",2,55,82,137
https://kawalpemilu.org#20413,"PUNTANG, SIKAP DALAM, EMPAT LAWANG, SUMATERA SELATAN",3,57,89,146
https://kawalpemilu.org#20413,"PUNTANG, SIKAP DALAM, EMPAT LAWANG, SUMATERA SELATAN",4,61,72,133
https://kawalpemilu.org#20413,"PUNTANG, SIKAP DALAM, EMPAT LAWANG, SUMATERA SELATAN",5,55,159,214
https://kawalpemilu.org#20413,"PUNTANG, SIKAP DALAM, EMPAT LAWANG, SUMATERA SELATAN",6,50,93,143
https://kawalpemilu.org#20416,"KARANG GEDE, SIKAP DALAM, EMPAT LAWANG, SUMATERA SELATAN",1,35,116,151
https://kawalpemilu.org#20416,"KARANG GEDE, SIKAP DALAM, EMPAT LAWANG, SUMATERA SELATAN",2,33,105,138
https://kawalpemilu.org#20416,"KARANG GEDE, SIKAP DALAM, EMPAT LAWANG, SUMATERA SELATAN",3,19,105,124
https://kawalpemilu.org#20416,"KARANG GEDE, SIKAP DALAM, EMPAT LAWANG, SUMATERA SELATAN",4,29,103,132
https://kawalpemilu.org#20416,"KARANG GEDE, SIKAP DALAM, EMPAT LAWANG, SUMATERA SELATAN",5,25,95,120
https://kawalpemilu.org#20416,"KARANG GEDE, SIKAP DALAM, EMPAT LAWANG, SUMATERA SELATAN",6,46,82,128
https://kawalpemilu.org#20416,"KARANG GEDE, SIKAP DALAM, EMPAT LAWANG, SUMATERA SELATAN",7,35,125,160
https://kawalpemilu.org#20416,"KARANG GEDE, SIKAP DALAM, EMPAT LAWANG, SUMATERA SELATAN",8,35,106,141
https://kawalpemilu.org#20417,"KARANG DAPO BARU, SIKAP DALAM, EMPAT LAWANG, SUMATERA SELATAN",1,58,132,190
https://kawalpemilu.org#20417,"KARANG DAPO BARU, SIKAP DALAM, EMPAT LAWANG, SUMATERA SELATAN",2,76,111,187
https://kawalpemilu.org#20418,"KARANG DAPO LAMA, SIKAP DALAM, EMPAT LAWANG, SUMATERA SELATAN",1,20,130,150
https://kawalpemilu.org#20418,"KARANG DAPO LAMA, SIKAP DALAM, EMPAT LAWANG, SUMATERA SELATAN",2,10,112,122
https://kawalpemilu.org#20418,"KARANG DAPO LAMA, SIKAP DALAM, EMPAT LAWANG, SUMATERA SELATAN",3,20,117,137
https://kawalpemilu.org#20418,"KARANG DAPO LAMA, SIKAP DALAM, EMPAT LAWANG, SUMATERA SELATAN",4,12,96,108
https://kawalpemilu.org#20418,"KARANG DAPO LAMA, SIKAP DALAM, EMPAT LAWANG, SUMATERA SELATAN",5,7,129,136
https://kawalpemilu.org#20418,"KARANG DAPO LAMA, SIKAP DALAM, EMPAT LAWANG, SUMATERA SELATAN",6,10,113,123
https://kawalpemilu.org#20420,"TAPA BARU, SIKAP DALAM, EMPAT LAWANG, SUMATERA SELATAN",1,49,102,151
https://kawalpemilu.org#20420,"TAPA BARU, SIKAP DALAM, EMPAT LAWANG, SUMATERA SELATAN",2,49,96,145
https://kawalpemilu.org#20420,"TAPA BARU, SIKAP DALAM, EMPAT LAWANG, SUMATERA SELATAN",3,56,148,204
https://kawalpemilu.org#20420,"TAPA BARU, SIKAP DALAM, EMPAT LAWANG, SUMATERA SELATAN",4,79,139,218
https://kawalpemilu.org#20421,"TAPA LAMA, SIKAP DALAM, EMPAT LAWANG, SUMATERA SELATAN",1,24,86,110
https://kawalpemilu.org#20421,"TAPA LAMA, SIKAP DALAM, EMPAT LAWANG, SUMATERA SELATAN",2,25,86,111
https://kawalpemilu.org#20421,"TAPA LAMA, SIKAP DALAM, EMPAT LAWANG, SUMATERA SELATAN",3,24,101,125
https://kawalpemilu.org#20421,"TAPA LAMA, SIKAP DALAM, EMPAT LAWANG, SUMATERA SELATAN",4,19,75,94
https://kawalpemilu.org#20421,"TAPA LAMA, SIKAP DALAM, EMPAT LAWANG, SUMATERA SELATAN",5,23,86,109
https://kawalpemilu.org#20422,"MARTAPURA, SIKAP DALAM, EMPAT LAWANG, SUMATERA SELATAN",1,13,123,136
https://kawalpemilu.org#20422,"MARTAPURA, SIKAP DALAM, EMPAT LAWANG, SUMATERA SELATAN",2,17,121,138
https://kawalpemilu.org#20422,"MARTAPURA, SIKAP DALAM, EMPAT LAWANG, SUMATERA SELATAN",3,19,116,135
https://kawalpemilu.org#20422,"MARTAPURA, SIKAP DALAM, EMPAT LAWANG, SUMATERA SELATAN",5,13,115,127
https://kawalpemilu.org#20422,"MARTAPURA, SIKAP DALAM, EMPAT LAWANG, SUMATERA SELATAN",6,12,110,122
https://kawalpemilu.org#20422,"MARTAPURA, SIKAP DALAM, EMPAT LAWANG, SUMATERA SELATAN",7,16,122,138
https://kawalpemilu.org#20422,"MARTAPURA, SIKAP DALAM, EMPAT LAWANG, SUMATERA SELATAN",8,7,109,116
https://kawalpemilu.org#20422,"MARTAPURA, SIKAP DALAM, EMPAT LAWANG, SUMATERA SELATAN",9,9,113,122
https://kawalpemilu.org#20422,"MARTAPURA, SIKAP DALAM, EMPAT LAWANG, SUMATERA SELATAN",10,23,89,112
https://kawalpemilu.org#20423,"KARANG ANYAR, SIKAP DALAM, EMPAT LAWANG, SUMATERA SELATAN",1,35,128,163
https://kawalpemilu.org#20423,"KARANG ANYAR, SIKAP DALAM, EMPAT LAWANG, SUMATERA SELATAN",2,15,122,137
https://kawalpemilu.org#20423,"KARANG ANYAR, SIKAP DALAM, EMPAT LAWANG, SUMATERA SELATAN",3,8,178,186
https://kawalpemilu.org#20423,"KARANG ANYAR, SIKAP DALAM, EMPAT LAWANG, SUMATERA SELATAN",4,31,156,187
https://kawalpemilu.org#20423,"KARANG ANYAR, SIKAP DALAM, EMPAT LAWANG, SUMATERA SELATAN",5,11,159,170
https://kawalpemilu.org#90663,"BANDARAJI, SIKAP DALAM, EMPAT LAWANG, SUMATERA SELATAN",1,55,125,180
https://kawalpemilu.org#90663,"BANDARAJI, SIKAP DALAM, EMPAT LAWANG, SUMATERA SELATAN",2,48,101,149
https://kawalpemilu.org#90663,"BANDARAJI, SIKAP DALAM, EMPAT LAWANG, SUMATERA SELATAN",3,74,95,169
https://kawalpemilu.org#90663,"BANDARAJI, SIKAP DALAM, EMPAT LAWANG, SUMATERA SELATAN",4,34,91,125
https://kawalpemilu.org#90663,"BANDARAJI, SIKAP DALAM, EMPAT LAWANG, SUMATERA SELATAN",5,81,104,185
https://kawalpemilu.org#90663,"BANDARAJI, SIKAP DALAM, EMPAT LAWANG, SUMATERA SELATAN",6,74,89,163
https://kawalpemilu.org#90664,"PADURAKSA, SIKAP DALAM, EMPAT LAWANG, SUMATERA SELATAN",1,23,152,175
https://kawalpemilu.org#90664,"PADURAKSA, SIKAP DALAM, EMPAT LAWANG, SUMATERA SELATAN",2,21,147,168
https://kawalpemilu.org#90664,"PADURAKSA, SIKAP DALAM, EMPAT LAWANG, SUMATERA SELATAN",3,35,177,212
https://kawalpemilu.org#90664,"PADURAKSA, SIKAP DALAM, EMPAT LAWANG, SUMATERA SELATAN",4,27,170,197
https://kawalpemilu.org#90664,"PADURAKSA, SIKAP DALAM, EMPAT LAWANG, SUMATERA SELATAN",5,33,129,162
https://kawalpemilu.org#90664,"PADURAKSA, SIKAP DALAM, EMPAT LAWANG, SUMATERA SELATAN",6,30,135,165
https://kawalpemilu.org#90665,"TANGGARASA, SIKAP DALAM, EMPAT LAWANG, SUMATERA SELATAN",1,43,98,141
https://kawalpemilu.org#90665,"TANGGARASA, SIKAP DALAM, EMPAT LAWANG, SUMATERA SELATAN",2,25,106,131
https://kawalpemilu.org#90665,"TANGGARASA, SIKAP DALAM, EMPAT LAWANG, SUMATERA SELATAN",3,33,108,141
https://kawalpemilu.org#90665,"TANGGARASA, SIKAP DALAM, EMPAT LAWANG, SUMATERA SELATAN",4,22,102,124
https://kawalpemilu.org#90665,"TANGGARASA, SIKAP DALAM, EMPAT LAWANG, SUMATERA SELATAN",5,60,110,170
https://kawalpemilu.org#90665,"TANGGARASA, SIKAP DALAM, EMPAT LAWANG, SUMATERA SELATAN",6,23,85,108
https://kawalpemilu.org#90665,"TANGGARASA, SIKAP DALAM, EMPAT LAWANG, SUMATERA SELATAN",7,25,81,106
https://kawalpemilu.org#90665,"TANGGARASA, SIKAP DALAM, EMPAT LAWANG, SUMATERA SELATAN",8,27,81,108
https://kawalpemilu.org#90665,"TANGGARASA, SIKAP DALAM, EMPAT LAWANG, SUMATERA SELATAN",9,20,76,96
https://kawalpemilu.org#90665,"TANGGARASA, SIKAP DALAM, EMPAT LAWANG, SUMATERA SELATAN",10,19,65,84
https://kawalpemilu.org#90665,"TANGGARASA, SIKAP DALAM, EMPAT LAWANG, SUMATERA SELATAN",11,39,87,126
https://kawalpemilu.org#90665,"TANGGARASA, SIKAP DALAM, EMPAT LAWANG, SUMATERA SELATAN",12,19,65,84
https://kawalpemilu.org#20444,"LUBUK KELUMPANG, SALING, EMPAT LAWANG, SUMATERA SELATAN",1,57,116,173
https://kawalpemilu.org#20444,"LUBUK KELUMPANG, SALING, EMPAT LAWANG, SUMATERA SELATAN",2,50,137,187
https://kawalpemilu.org#20445,"MUARA SALING, SALING, EMPAT LAWANG, SUMATERA SELATAN",1,15,71,86
https://kawalpemilu.org#20445,"MUARA SALING, SALING, EMPAT LAWANG, SUMATERA SELATAN",2,13,78,91
https://kawalpemilu.org#20445,"MUARA SALING, SALING, EMPAT LAWANG, SUMATERA SELATAN",3,31,129,160
https://kawalpemilu.org#20445,"MUARA SALING, SALING, EMPAT LAWANG, SUMATERA SELATAN",4,16,97,113
https://kawalpemilu.org#20445,"MUARA SALING, SALING, EMPAT LAWANG, SUMATERA SELATAN",5,9,74,83
https://kawalpemilu.org#20445,"MUARA SALING, SALING, EMPAT LAWANG, SUMATERA SELATAN",6,22,82,104
https://kawalpemilu.org#20445,"MUARA SALING, SALING, EMPAT LAWANG, SUMATERA SELATAN",7,10,90,100
https://kawalpemilu.org#20445,"MUARA SALING, SALING, EMPAT LAWANG, SUMATERA SELATAN",8,12,89,101
https://kawalpemilu.org#20445,"MUARA SALING, SALING, EMPAT LAWANG, SUMATERA SELATAN",9,22,122,144
https://kawalpemilu.org#20445,"MUARA SALING, SALING, EMPAT LAWANG, SUMATERA SELATAN",10,22,107,129
https://kawalpemilu.org#20445,"MUARA SALING, SALING, EMPAT LAWANG, SUMATERA SELATAN",11,24,127,151
https://kawalpemilu.org#20445,"MUARA SALING, SALING, EMPAT LAWANG, SUMATERA SELATAN",12,20,140,160
https://kawalpemilu.org#20453,"KEBON, SALING, EMPAT LAWANG, SUMATERA SELATAN",1,25,126,151
https://kawalpemilu.org#20453,"KEBON, SALING, EMPAT LAWANG, SUMATERA SELATAN",2,17,112,129
https://kawalpemilu.org#20453,"KEBON, SALING, EMPAT LAWANG, SUMATERA SELATAN",3,29,135,164
https://kawalpemilu.org#20453,"KEBON, SALING, EMPAT LAWANG, SUMATERA SELATAN",4,27,123,150
https://kawalpemilu.org#20453,"KEBON, SALING, EMPAT LAWANG, SUMATERA SELATAN",5,28,114,142
https://kawalpemilu.org#20453,"KEBON, SALING, EMPAT LAWANG, SUMATERA SELATAN",6,11,100,111
https://kawalpemilu.org#20456,"SUKA KAYA, SALING, EMPAT LAWANG, SUMATERA SELATAN",1,22,165,187
https://kawalpemilu.org#20456,"SUKA KAYA, SALING, EMPAT LAWANG, SUMATERA SELATAN",2,4,183,187
https://kawalpemilu.org#20456,"SUKA KAYA, SALING, EMPAT LAWANG, SUMATERA SELATAN",3,7,211,218
https://kawalpemilu.org#20456,"SUKA KAYA, SALING, EMPAT LAWANG, SUMATERA SELATAN",4,4,229,233
https://kawalpemilu.org#20456,"SUKA KAYA, SALING, EMPAT LAWANG, SUMATERA SELATAN",5,2,150,152
https://kawalpemilu.org#20456,"SUKA KAYA, SALING, EMPAT LAWANG, SUMATERA SELATAN",6,0,165,165
https://kawalpemilu.org#20456,"SUKA KAYA, SALING, EMPAT LAWANG, SUMATERA SELATAN",7,0,154,154
https://kawalpemilu.org#20456,"SUKA KAYA, SALING, EMPAT LAWANG, SUMATERA SELATAN",8,0,0,168
https://kawalpemilu.org#20457,"TABA, SALING, EMPAT LAWANG, SUMATERA SELATAN",1,19,151,170
https://kawalpemilu.org#20457,"TABA, SALING, EMPAT LAWANG, SUMATERA SELATAN",2,15,174,189
https://kawalpemilu.org#20457,"TABA, SALING, EMPAT LAWANG, SUMATERA SELATAN",3,18,148,174
https://kawalpemilu.org#20457,"TABA, SALING, EMPAT LAWANG, SUMATERA SELATAN",4,18,163,181
https://kawalpemilu.org#90666,"TANJUNGNING SIMPANG, SALING, EMPAT LAWANG, SUMATERA SELATAN",1,31,104,135
https://kawalpemilu.org#90666,"TANJUNGNING SIMPANG, SALING, EMPAT LAWANG, SUMATERA SELATAN",2,25,99,124
https://kawalpemilu.org#90666,"TANJUNGNING SIMPANG, SALING, EMPAT LAWANG, SUMATERA SELATAN",3,17,119,136
https://kawalpemilu.org#90666,"TANJUNGNING SIMPANG, SALING, EMPAT LAWANG, SUMATERA SELATAN",4,20,105,125
https://kawalpemilu.org#90666,"TANJUNGNING SIMPANG, SALING, EMPAT LAWANG, SUMATERA SELATAN",5,19,84,103
https://kawalpemilu.org#90666,"TANJUNGNING SIMPANG, SALING, EMPAT LAWANG, SUMATERA SELATAN",6,17,69,86
https://kawalpemilu.org#90666,"TANJUNGNING SIMPANG, SALING, EMPAT LAWANG, SUMATERA SELATAN",7,25,125,150
https://kawalpemilu.org#90667,"TANJUNGNING TENGAH, SALING, EMPAT LAWANG, SUMATERA SELATAN",1,43,96,139
https://kawalpemilu.org#90667,"TANJUNGNING TENGAH, SALING, EMPAT LAWANG, SUMATERA SELATAN",2,28,112,140
https://kawalpemilu.org#90667,"TANJUNGNING TENGAH, SALING, EMPAT LAWANG, SUMATERA SELATAN",3,41,122,163
https://kawalpemilu.org#90667,"TANJUNGNING TENGAH, SALING, EMPAT LAWANG, SUMATERA SELATAN",4,35,112,147
https://kawalpemilu.org#90668,"TANJUNGNING LAMA, SALING, EMPAT LAWANG, SUMATERA SELATAN",1,35,80,115
https://kawalpemilu.org#90668,"TANJUNGNING LAMA, SALING, EMPAT LAWANG, SUMATERA SELATAN",2,42,92,134
https://kawalpemilu.org#90668,"TANJUNGNING LAMA, SALING, EMPAT LAWANG, SUMATERA SELATAN",3,45,76,121
https://kawalpemilu.org#90668,"TANJUNGNING LAMA, SALING, EMPAT LAWANG, SUMATERA SELATAN",4,45,107,152
https://kawalpemilu.org#90669,"TANJUNGNING JAYA, SALING, EMPAT LAWANG, SUMATERA SELATAN",1,52,102,154
https://kawalpemilu.org#90669,"TANJUNGNING JAYA, SALING, EMPAT LAWANG, SUMATERA SELATAN",2,44,99,143
https://kawalpemilu.org#90670,"SAWAH, SALING, EMPAT LAWANG, SUMATERA SELATAN",1,17,87,104
https://kawalpemilu.org#90670,"SAWAH, SALING, EMPAT LAWANG, SUMATERA SELATAN",3,13,79,92
https://kawalpemilu.org#90670,"SAWAH, SALING, EMPAT LAWANG, SUMATERA SELATAN",4,10,78,88
https://kawalpemilu.org#90670,"SAWAH, SALING, EMPAT LAWANG, SUMATERA SELATAN",5,14,94,108
https://kawalpemilu.org#90670,"SAWAH, SALING, EMPAT LAWANG, SUMATERA SELATAN",7,23,88,111
https://kawalpemilu.org#90670,"SAWAH, SALING, EMPAT LAWANG, SUMATERA SELATAN",8,14,97,111
https://kawalpemilu.org#20377,"KUNGKILAN, PENDOPO BARAT, EMPAT LAWANG, SUMATERA SELATAN",1,50,181,231
https://kawalpemilu.org#20377,"KUNGKILAN, PENDOPO BARAT, EMPAT LAWANG, SUMATERA SELATAN",2,29,155,184
https://kawalpemilu.org#20378,"RANTAU DODOR, PENDOPO BARAT, EMPAT LAWANG, SUMATERA SELATAN",1,63,146,209
https://kawalpemilu.org#20378,"RANTAU DODOR, PENDOPO BARAT, EMPAT LAWANG, SUMATERA SELATAN",2,28,168,196
https://kawalpemilu.org#20378,"RANTAU DODOR, PENDOPO BARAT, EMPAT LAWANG, SUMATERA SELATAN",3,19,163,182
https://kawalpemilu.org#20378,"RANTAU DODOR, PENDOPO BARAT, EMPAT LAWANG, SUMATERA SELATAN",4,12,107,119
https://kawalpemilu.org#20378,"RANTAU DODOR, PENDOPO BARAT, EMPAT LAWANG, SUMATERA SELATAN",5,11,87,98
https://kawalpemilu.org#20378,"RANTAU DODOR, PENDOPO BARAT, EMPAT LAWANG, SUMATERA SELATAN",6,22,92,114
https://kawalpemilu.org#20378,"RANTAU DODOR, PENDOPO BARAT, EMPAT LAWANG, SUMATERA SELATAN",7,16,113,129
https://kawalpemilu.org#20379,"LINGGE, PENDOPO BARAT, EMPAT LAWANG, SUMATERA SELATAN",1,26,168,194
https://kawalpemilu.org#20379,"LINGGE, PENDOPO BARAT, EMPAT LAWANG, SUMATERA SELATAN",2,17,175,192
https://kawalpemilu.org#20379,"LINGGE, PENDOPO BARAT, EMPAT LAWANG, SUMATERA SELATAN",3,29,215,244
https://kawalpemilu.org#20379,"LINGGE, PENDOPO BARAT, EMPAT LAWANG, SUMATERA SELATAN",4,19,145,164
https://kawalpemilu.org#20379,"LINGGE, PENDOPO BARAT, EMPAT LAWANG, SUMATERA SELATAN",6,26,216,242
https://kawalpemilu.org#20379,"LINGGE, PENDOPO BARAT, EMPAT LAWANG, SUMATERA SELATAN",7,32,215,247
https://kawalpemilu.org#20379,"LINGGE, PENDOPO BARAT, EMPAT LAWANG, SUMATERA SELATAN",8,61,119,180
https://kawalpemilu.org#20379,"LINGGE, PENDOPO BARAT, EMPAT LAWANG, SUMATERA SELATAN",9,60,187,247
https://kawalpemilu.org#20379,"LINGGE, PENDOPO BARAT, EMPAT LAWANG, SUMATERA SELATAN",10,51,183,234
https://kawalpemilu.org#20379,"LINGGE, PENDOPO BARAT, EMPAT LAWANG, SUMATERA SELATAN",11,61,136,197
https://kawalpemilu.org#20381,"KARANG CAYA, PENDOPO BARAT, EMPAT LAWANG, SUMATERA SELATAN",1,48,198,246
https://kawalpemilu.org#20381,"KARANG CAYA, PENDOPO BARAT, EMPAT LAWANG, SUMATERA SELATAN",2,61,181,242
https://kawalpemilu.org#20381,"KARANG CAYA, PENDOPO BARAT, EMPAT LAWANG, SUMATERA SELATAN",3,52,175,227
https://kawalpemilu.org#20382,"AIR KANDIS, PENDOPO BARAT, EMPAT LAWANG, SUMATERA SELATAN",1,46,204,250
https://kawalpemilu.org#20382,"AIR KANDIS, PENDOPO BARAT, EMPAT LAWANG, SUMATERA SELATAN",2,30,207,237
https://kawalpemilu.org#20382,"AIR KANDIS, PENDOPO BARAT, EMPAT LAWANG, SUMATERA SELATAN",3,17,211,228
https://kawalpemilu.org#20384,"TEBAT PAYANG, PENDOPO BARAT, EMPAT LAWANG, SUMATERA SELATAN",1,85,127,212
https://kawalpemilu.org#20384,"TEBAT PAYANG, PENDOPO BARAT, EMPAT LAWANG, SUMATERA SELATAN",2,67,112,179
https://kawalpemilu.org#90671,"MUARALINTANG LAMA, PENDOPO BARAT, EMPAT LAWANG, SUMATERA SELATAN",1,27,107,134
https://kawalpemilu.org#90671,"MUARALINTANG LAMA, PENDOPO BARAT, EMPAT LAWANG, SUMATERA SELATAN",2,34,93,127
https://kawalpemilu.org#90671,"MUARALINTANG LAMA, PENDOPO BARAT, EMPAT LAWANG, SUMATERA SELATAN",3,33,125,158
https://kawalpemilu.org#90671,"MUARALINTANG LAMA, PENDOPO BARAT, EMPAT LAWANG, SUMATERA SELATAN",4,26,175,201
https://kawalpemilu.org#90671,"MUARALINTANG LAMA, PENDOPO BARAT, EMPAT LAWANG, SUMATERA SELATAN",5,45,136,181
https://kawalpemilu.org#90671,"MUARALINTANG LAMA, PENDOPO BARAT, EMPAT LAWANG, SUMATERA SELATAN",6,31,138,169
https://kawalpemilu.org#90672,"MUARALINTANG BARU, PENDOPO BARAT, EMPAT LAWANG, SUMATERA SELATAN",1,47,158,205
https://kawalpemilu.org#90672,"MUARALINTANG BARU, PENDOPO BARAT, EMPAT LAWANG, SUMATERA SELATAN",2,38,97,135
https://kawalpemilu.org#90672,"MUARALINTANG BARU, PENDOPO BARAT, EMPAT LAWANG, SUMATERA SELATAN",3,18,94,112
https://kawalpemilu.org#90673,"TANJUNGRAYA, PENDOPO BARAT, EMPAT LAWANG, SUMATERA SELATAN",1,59,62,121
https://kawalpemilu.org#90673,"TANJUNGRAYA, PENDOPO BARAT, EMPAT LAWANG, SUMATERA SELATAN",2,36,69,105
https://kawalpemilu.org#90673,"TANJUNGRAYA, PENDOPO BARAT, EMPAT LAWANG, SUMATERA SELATAN",3,52,116,168
https://kawalpemilu.org#90675,"PADANG BINDU, PENDOPO BARAT, EMPAT LAWANG, SUMATERA SELATAN",1,60,160,220
https://kawalpemilu.org#20514,"35 ILIR, ILIR BARAT II, KOTA PALEMBANG, SUMATERA SELATAN",3,53,169,222
https://kawalpemilu.org#20514,"35 ILIR, ILIR BARAT II, KOTA PALEMBANG, SUMATERA SELATAN",6,101,108,209
https://kawalpemilu.org#20514,"35 ILIR, ILIR BARAT II, KOTA PALEMBANG, SUMATERA SELATAN",7,101,112,213
https://kawalpemilu.org#20514,"35 ILIR, ILIR BARAT II, KOTA PALEMBANG, SUMATERA SELATAN",9,100,126,226
https://kawalpemilu.org#20514,"35 ILIR, ILIR BARAT II, KOTA PALEMBANG, SUMATERA SELATAN",11,72,166,235
https://kawalpemilu.org#20514,"35 ILIR, ILIR BARAT II, KOTA PALEMBANG, SUMATERA SELATAN",12,82,129,211
https://kawalpemilu.org#20514,"35 ILIR, ILIR BARAT II, KOTA PALEMBANG, SUMATERA SELATAN",13,93,166,259
https://kawalpemilu.org#20514,"35 ILIR, ILIR BARAT II, KOTA PALEMBANG, SUMATERA SELATAN",14,59,155,214
https://kawalpemilu.org#20514,"35 ILIR, ILIR BARAT II, KOTA PALEMBANG, SUMATERA SELATAN",15,78,126,204
https://kawalpemilu.org#20514,"35 ILIR, ILIR BARAT II, KOTA PALEMBANG, SUMATERA SELATAN",18,84,110,194
https://kawalpemilu.org#20514,"35 ILIR, ILIR BARAT II, KOTA PALEMBANG, SUMATERA SELATAN",19,50,122,172
https://kawalpemilu.org#20514,"35 ILIR, ILIR BARAT II, KOTA PALEMBANG, SUMATERA SELATAN",20,20,124,144
https://kawalpemilu.org#20514,"35 ILIR, ILIR BARAT II, KOTA PALEMBANG, SUMATERA SELATAN",22,66,88,154
https://kawalpemilu.org#20514,"35 ILIR, ILIR BARAT II, KOTA PALEMBANG, SUMATERA SELATAN",23,47,87,134
https://kawalpemilu.org#20514,"35 ILIR, ILIR BARAT II, KOTA PALEMBANG, SUMATERA SELATAN",25,100,154,254
https://kawalpemilu.org#20514,"35 ILIR, ILIR BARAT II, KOTA PALEMBANG, SUMATERA SELATAN",26,76,123,199
https://kawalpemilu.org#20514,"35 ILIR, ILIR BARAT II, KOTA PALEMBANG, SUMATERA SELATAN",27,59,195,254
https://kawalpemilu.org#20514,"35 ILIR, ILIR BARAT II, KOTA PALEMBANG, SUMATERA SELATAN",28,73,132,205
https://kawalpemilu.org#20514,"35 ILIR, ILIR BARAT II, KOTA PALEMBANG, SUMATERA SELATAN",29,86,127,213
https://kawalpemilu.org#20514,"35 ILIR, ILIR BARAT II, KOTA PALEMBANG, SUMATERA SELATAN",30,64,106,170
https://kawalpemilu.org#20514,"35 ILIR, ILIR BARAT II, KOTA PALEMBANG, SUMATERA SELATAN",31,48,99,147
https://kawalpemilu.org#20514,"35 ILIR, ILIR BARAT II, KOTA PALEMBANG, SUMATERA SELATAN",33,42,95,137
https://kawalpemilu.org#20514,"35 ILIR, ILIR BARAT II, KOTA PALEMBANG, SUMATERA SELATAN",34,70,129,199
https://kawalpemilu.org#20515,"32 ILIR, ILIR BARAT II, KOTA PALEMBANG, SUMATERA SELATAN",1,93,132,225
https://kawalpemilu.org#20515,"32 ILIR, ILIR BARAT II, KOTA PALEMBANG, SUMATERA SELATAN",2,82,134,216
https://kawalpemilu.org#20515,"32 ILIR, ILIR BARAT II, KOTA PALEMBANG, SUMATERA SELATAN",3,66,146,212
https://kawalpemilu.org#20515,"32 ILIR, ILIR BARAT II, KOTA PALEMBANG, SUMATERA SELATAN",5,54,136,190
https://kawalpemilu.org#20515,"32 ILIR, ILIR BARAT II, KOTA PALEMBANG, SUMATERA SELATAN",7,56,183,239
https://kawalpemilu.org#20515,"32 ILIR, ILIR BARAT II, KOTA PALEMBANG, SUMATERA SELATAN",8,51,139,190
https://kawalpemilu.org#20515,"32 ILIR, ILIR BARAT II, KOTA PALEMBANG, SUMATERA SELATAN",9,88,165,253
https://kawalpemilu.org#20515,"32 ILIR, ILIR BARAT II, KOTA PALEMBANG, SUMATERA SELATAN",10,54,178,232
https://kawalpemilu.org#20515,"32 ILIR, ILIR BARAT II, KOTA PALEMBANG, SUMATERA SELATAN",11,90,146,236
https://kawalpemilu.org#20515,"32 ILIR, ILIR BARAT II, KOTA PALEMBANG, SUMATERA SELATAN",12,51,132,183
https://kawalpemilu.org#20515,"32 ILIR, ILIR BARAT II, KOTA PALEMBANG, SUMATERA SELATAN",13,29,86,115
https://kawalpemilu.org#20515,"32 ILIR, ILIR BARAT II, KOTA PALEMBANG, SUMATERA SELATAN",15,84,128,212
https://kawalpemilu.org#20515,"32 ILIR, ILIR BARAT II, KOTA PALEMBANG, SUMATERA SELATAN",16,100,90,190
https://kawalpemilu.org#20515,"32 ILIR, ILIR BARAT II, KOTA PALEMBANG, SUMATERA SELATAN",17,39,167,206
https://kawalpemilu.org#20515,"32 ILIR, ILIR BARAT II, KOTA PALEMBANG, SUMATERA SELATAN",19,98,170,268
https://kawalpemilu.org#20515,"32 ILIR, ILIR BARAT II, KOTA PALEMBANG, SUMATERA SELATAN",22,30,161,191
https://kawalpemilu.org#20515,"32 ILIR, ILIR BARAT II, KOTA PALEMBANG, SUMATERA SELATAN",24,21,121,142
https://kawalpemilu.org#20515,"32 ILIR, ILIR BARAT II, KOTA PALEMBANG, SUMATERA SELATAN",25,45,104,149
https://kawalpemilu.org#20515,"32 ILIR, ILIR BARAT II, KOTA PALEMBANG, SUMATERA SELATAN",26,91,122,213
https://kawalpemilu.org#20515,"32 ILIR, ILIR BARAT II, KOTA PALEMBANG, SUMATERA SELATAN",27,82,166,248
https://kawalpemilu.org#20515,"32 ILIR, ILIR BARAT II, KOTA PALEMBANG, SUMATERA SELATAN",28,81,169,250
https://kawalpemilu.org#20515,"32 ILIR, ILIR BARAT II, KOTA PALEMBANG, SUMATERA SELATAN",29,95,110,205
https://kawalpemilu.org#20515,"32 ILIR, ILIR BARAT II, KOTA PALEMBANG, SUMATERA SELATAN",30,53,99,152
https://kawalpemilu.org#20515,"32 ILIR, ILIR BARAT II, KOTA PALEMBANG, SUMATERA SELATAN",31,42,126,168
https://kawalpemilu.org#20515,"32 ILIR, ILIR BARAT II, KOTA PALEMBANG, SUMATERA SELATAN",32,45,140,185
https://kawalpemilu.org#20515,"32 ILIR, ILIR BARAT II, KOTA PALEMBANG, SUMATERA SELATAN",33,19,81,100
https://kawalpemilu.org#20515,"32 ILIR, ILIR BARAT II, KOTA PALEMBANG, SUMATERA SELATAN",35,57,65,122
https://kawalpemilu.org#20515,"32 ILIR, ILIR BARAT II, KOTA PALEMBANG, SUMATERA SELATAN",36,68,136,204
https://kawalpemilu.org#20515,"32 ILIR, ILIR BARAT II, KOTA PALEMBANG, SUMATERA SELATAN",37,46,111,157
https://kawalpemilu.org#20515,"32 ILIR, ILIR BARAT II, KOTA PALEMBANG, SUMATERA SELATAN",38,72,128,200
https://kawalpemilu.org#20515,"32 ILIR, ILIR BARAT II, KOTA PALEMBANG, SUMATERA SELATAN",39,82,150,232
https://kawalpemilu.org#20515,"32 ILIR, ILIR BARAT II, KOTA PALEMBANG, SUMATERA SELATAN",40,81,110,191
https://kawalpemilu.org#20515,"32 ILIR, ILIR BARAT II, KOTA PALEMBANG, SUMATERA SELATAN",41,68,151,219
https://kawalpemilu.org#20515,"32 ILIR, ILIR BARAT II, KOTA PALEMBANG, SUMATERA SELATAN",42,79,126,205
https://kawalpemilu.org#20515,"32 ILIR, ILIR BARAT II, KOTA PALEMBANG, SUMATERA SELATAN",44,17,87,104
https://kawalpemilu.org#20516,"30 ILIR, ILIR BARAT II, KOTA PALEMBANG, SUMATERA SELATAN",1,74,151,225
https://kawalpemilu.org#20516,"30 ILIR, ILIR BARAT II, KOTA PALEMBANG, SUMATERA SELATAN",2,63,135,198
https://kawalpemilu.org#20516,"30 ILIR, ILIR BARAT II, KOTA PALEMBANG, SUMATERA SELATAN",3,52,103,155
https://kawalpemilu.org#20516,"30 ILIR, ILIR BARAT II, KOTA PALEMBANG, SUMATERA SELATAN",4,56,148,204
https://kawalpemilu.org#20516,"30 ILIR, ILIR BARAT II, KOTA PALEMBANG, SUMATERA SELATAN",5,87,141,228
https://kawalpemilu.org#20516,"30 ILIR, ILIR BARAT II, KOTA PALEMBANG, SUMATERA SELATAN",6,40,148,188
https://kawalpemilu.org#20516,"30 ILIR, ILIR BARAT II, KOTA PALEMBANG, SUMATERA SELATAN",7,57,144,201
https://kawalpemilu.org#20516,"30 ILIR, ILIR BARAT II, KOTA PALEMBANG, SUMATERA SELATAN",8,56,157,213
https://kawalpemilu.org#20516,"30 ILIR, ILIR BARAT II, KOTA PALEMBANG, SUMATERA SELATAN",9,43,156,199
https://kawalpemilu.org#20516,"30 ILIR, ILIR BARAT II, KOTA PALEMBANG, SUMATERA SELATAN",10,39,113,152
https://kawalpemilu.org#20516,"30 ILIR, ILIR BARAT II, KOTA PALEMBANG, SUMATERA SELATAN",11,57,114,171
https://kawalpemilu.org#20516,"30 ILIR, ILIR BARAT II, KOTA PALEMBANG, SUMATERA SELATAN",12,21,184,205
https://kawalpemilu.org#20516,"30 ILIR, ILIR BARAT II, KOTA PALEMBANG, SUMATERA SELATAN",13,65,163,228
https://kawalpemilu.org#20516,"30 ILIR, ILIR BARAT II, KOTA PALEMBANG, SUMATERA SELATAN",14,75,152,227
https://kawalpemilu.org#20516,"30 ILIR, ILIR BARAT II, KOTA PALEMBANG, SUMATERA SELATAN",15,119,133,252
https://kawalpemilu.org#20516,"30 ILIR, ILIR BARAT II, KOTA PALEMBANG, SUMATERA SELATAN",16,54,158,212
https://kawalpemilu.org#20516,"30 ILIR, ILIR BARAT II, KOTA PALEMBANG, SUMATERA SELATAN",17,71,92,163
https://kawalpemilu.org#20516,"30 ILIR, ILIR BARAT II, KOTA PALEMBANG, SUMATERA SELATAN",18,92,137,229
https://kawalpemilu.org#20516,"30 ILIR, ILIR BARAT II, KOTA PALEMBANG, SUMATERA SELATAN",19,75,91,166
https://kawalpemilu.org#20516,"30 ILIR, ILIR BARAT II, KOTA PALEMBANG, SUMATERA SELATAN",20,85,166,251
https://kawalpemilu.org#20516,"30 ILIR, ILIR BARAT II, KOTA PALEMBANG, SUMATERA SELATAN",21,48,107,155
https://kawalpemilu.org#20516,"30 ILIR, ILIR BARAT II, KOTA PALEMBANG, SUMATERA SELATAN",22,25,87,112
https://kawalpemilu.org#20516,"30 ILIR, ILIR BARAT II, KOTA PALEMBANG, SUMATERA SELATAN",23,60,136,196
https://kawalpemilu.org#20516,"30 ILIR, ILIR BARAT II, KOTA PALEMBANG, SUMATERA SELATAN",24,56,85,141
https://kawalpemilu.org#20516,"30 ILIR, ILIR BARAT II, KOTA PALEMBANG, SUMATERA SELATAN",25,40,143,183
https://kawalpemilu.org#20516,"30 ILIR, ILIR BARAT II, KOTA PALEMBANG, SUMATERA SELATAN",26,57,143,200
https://kawalpemilu.org#20516,"30 ILIR, ILIR BARAT II, KOTA PALEMBANG, SUMATERA SELATAN",27,47,51,98
https://kawalpemilu.org#20516,"30 ILIR, ILIR BARAT II, KOTA PALEMBANG, SUMATERA SELATAN",28,46,138,184
https://kawalpemilu.org#20516,"30 ILIR, ILIR BARAT II, KOTA PALEMBANG, SUMATERA SELATAN",29,78,120,198
https://kawalpemilu.org#20516,"30 ILIR, ILIR BARAT II, KOTA PALEMBANG, SUMATERA SELATAN",30,75,87,162
https://kawalpemilu.org#20516,"30 ILIR, ILIR BARAT II, KOTA PALEMBANG, SUMATERA SELATAN",31,56,106,162
https://kawalpemilu.org#20516,"30 ILIR, ILIR BARAT II, KOTA PALEMBANG, SUMATERA SELATAN",32,40,117,157
https://kawalpemilu.org#20516,"30 ILIR, ILIR BARAT II, KOTA PALEMBANG, SUMATERA SELATAN",33,71,188,259
https://kawalpemilu.org#20516,"30 ILIR, ILIR BARAT II, KOTA PALEMBANG, SUMATERA SELATAN",34,53,177,230
https://kawalpemilu.org#20516,"30 ILIR, ILIR BARAT II, KOTA PALEMBANG, SUMATERA SELATAN",35,46,87,133
https://kawalpemilu.org#20516,"30 ILIR, ILIR BARAT II, KOTA PALEMBANG, SUMATERA SELATAN",36,80,100,180
https://kawalpemilu.org#20516,"30 ILIR, ILIR BARAT II, KOTA PALEMBANG, SUMATERA SELATAN",37,56,154,210
https://kawalpemilu.org#20516,"30 ILIR, ILIR BARAT II, KOTA PALEMBANG, SUMATERA SELATAN",38,46,165,211
https://kawalpemilu.org#20516,"30 ILIR, ILIR BARAT II, KOTA PALEMBANG, SUMATERA SELATAN",39,94,156,250
https://kawalpemilu.org#20516,"30 ILIR, ILIR BARAT II, KOTA PALEMBANG, SUMATERA SELATAN",40,54,167,221
https://kawalpemilu.org#20516,"30 ILIR, ILIR BARAT II, KOTA PALEMBANG, SUMATERA SELATAN",41,74,137,211
https://kawalpemilu.org#20516,"30 ILIR, ILIR BARAT II, KOTA PALEMBANG, SUMATERA SELATAN",42,110,126,236
https://kawalpemilu.org#20516,"30 ILIR, ILIR BARAT II, KOTA PALEMBANG, SUMATERA SELATAN",43,60,158,218
https://kawalpemilu.org#20516,"30 ILIR, ILIR BARAT II, KOTA PALEMBANG, SUMATERA SELATAN",44,61,155,216
https://kawalpemilu.org#20516,"30 ILIR, ILIR BARAT II, KOTA PALEMBANG, SUMATERA SELATAN",45,68,145,213
https://kawalpemilu.org#20516,"30 ILIR, ILIR BARAT II, KOTA PALEMBANG, SUMATERA SELATAN",46,64,142,206
https://kawalpemilu.org#20516,"30 ILIR, ILIR BARAT II, KOTA PALEMBANG, SUMATERA SELATAN",47,64,94,158
https://kawalpemilu.org#20516,"30 ILIR, ILIR BARAT II, KOTA PALEMBANG, SUMATERA SELATAN",48,47,96,143
https://kawalpemilu.org#20516,"30 ILIR, ILIR BARAT II, KOTA PALEMBANG, SUMATERA SELATAN",49,58,80,138
https://kawalpemilu.org#20516,"30 ILIR, ILIR BARAT II, KOTA PALEMBANG, SUMATERA SELATAN",50,80,187,267
https://kawalpemilu.org#20516,"30 ILIR, ILIR BARAT II, KOTA PALEMBANG, SUMATERA SELATAN",51,59,167,226
https://kawalpemilu.org#20516,"30 ILIR, ILIR BARAT II, KOTA PALEMBANG, SUMATERA SELATAN",52,62,133,195
https://kawalpemilu.org#20516,"30 ILIR, ILIR BARAT II, KOTA PALEMBANG, SUMATERA SELATAN",53,60,143,203
https://kawalpemilu.org#20516,"30 ILIR, ILIR BARAT II, KOTA PALEMBANG, SUMATERA SELATAN",54,72,78,150
https://kawalpemilu.org#20516,"30 ILIR, ILIR BARAT II, KOTA PALEMBANG, SUMATERA SELATAN",55,73,89,162
https://kawalpemilu.org#20516,"30 ILIR, ILIR BARAT II, KOTA PALEMBANG, SUMATERA SELATAN",56,100,101,201
https://kawalpemilu.org#20516,"30 ILIR, ILIR BARAT II, KOTA PALEMBANG, SUMATERA SELATAN",57,98,107,209
https://kawalpemilu.org#20516,"30 ILIR, ILIR BARAT II, KOTA PALEMBANG, SUMATERA SELATAN",58,126,118,244
https://kawalpemilu.org#20516,"30 ILIR, ILIR BARAT II, KOTA PALEMBANG, SUMATERA SELATAN",59,104,47,151
https://kawalpemilu.org#20516,"30 ILIR, ILIR BARAT II, KOTA PALEMBANG, SUMATERA SELATAN",60,59,103,162
https://kawalpemilu.org#20516,"30 ILIR, ILIR BARAT II, KOTA PALEMBANG, SUMATERA SELATAN",61,120,106,226
https://kawalpemilu.org#20516,"30 ILIR, ILIR BARAT II, KOTA PALEMBANG, SUMATERA SELATAN",62,73,81,154
https://kawalpemilu.org#20517,"29 ILIR, ILIR BARAT II, KOTA PALEMBANG, SUMATERA SELATAN",1,61,183,244
https://kawalpemilu.org#20517,"29 ILIR, ILIR BARAT II, KOTA PALEMBANG, SUMATERA SELATAN",2,61,183,244
https://kawalpemilu.org#20517,"29 ILIR, ILIR BARAT II, KOTA PALEMBANG, SUMATERA SELATAN",3,96,120,216
https://kawalpemilu.org#20517,"29 ILIR, ILIR BARAT II, KOTA PALEMBANG, SUMATERA SELATAN",4,64,141,205
https://kawalpemilu.org#20517,"29 ILIR, ILIR BARAT II, KOTA PALEMBANG, SUMATERA SELATAN",5,118,106,224
https://kawalpemilu.org#20517,"29 ILIR, ILIR BARAT II, KOTA PALEMBANG, SUMATERA SELATAN",6,53,171,224
https://kawalpemilu.org#20517,"29 ILIR, ILIR BARAT II, KOTA PALEMBANG, SUMATERA SELATAN",7,72,163,235
https://kawalpemilu.org#20517,"29 ILIR, ILIR BARAT II, KOTA PALEMBANG, SUMATERA SELATAN",8,68,175,243
https://kawalpemilu.org#20517,"29 ILIR, ILIR BARAT II, KOTA PALEMBANG, SUMATERA SELATAN",9,102,151,253
https://kawalpemilu.org#20517,"29 ILIR, ILIR BARAT II, KOTA PALEMBANG, SUMATERA SELATAN",10,68,175,243
https://kawalpemilu.org#20517,"29 ILIR, ILIR BARAT II, KOTA PALEMBANG, SUMATERA SELATAN",11,69,137,206
https://kawalpemilu.org#20517,"29 ILIR, ILIR BARAT II, KOTA PALEMBANG, SUMATERA SELATAN",12,32,116,148
https://kawalpemilu.org#20517,"29 ILIR, ILIR BARAT II, KOTA PALEMBANG, SUMATERA SELATAN",13,106,145,251
https://kawalpemilu.org#20517,"29 ILIR, ILIR BARAT II, KOTA PALEMBANG, SUMATERA SELATAN",14,54,159,213
https://kawalpemilu.org#20517,"29 ILIR, ILIR BARAT II, KOTA PALEMBANG, SUMATERA SELATAN",15,92,171,263
https://kawalpemilu.org#20517,"29 ILIR, ILIR BARAT II, KOTA PALEMBANG, SUMATERA SELATAN",17,59,178,237
https://kawalpemilu.org#20517,"29 ILIR, ILIR BARAT II, KOTA PALEMBANG, SUMATERA SELATAN",18,57,186,243
https://kawalpemilu.org#20517,"29 ILIR, ILIR BARAT II, KOTA PALEMBANG, SUMATERA SELATAN",21,89,150,239
https://kawalpemilu.org#20517,"29 ILIR, ILIR BARAT II, KOTA PALEMBANG, SUMATERA SELATAN",22,75,160,235
https://kawalpemilu.org#20518,"28 ILIR, ILIR BARAT II, KOTA PALEMBANG, SUMATERA SELATAN",1,127,102,229
https://kawalpemilu.org#20518,"28 ILIR, ILIR BARAT II, KOTA PALEMBANG, SUMATERA SELATAN",2,101,133,234
https://kawalpemilu.org#20518,"28 ILIR, ILIR BARAT II, KOTA PALEMBANG, SUMATERA SELATAN",3,85,135,220
https://kawalpemilu.org#20518,"28 ILIR, ILIR BARAT II, KOTA PALEMBANG, SUMATERA SELATAN",4,54,154,208
https://kawalpemilu.org#20518,"28 ILIR, ILIR BARAT II, KOTA PALEMBANG, SUMATERA SELATAN",5,52,140,192
https://kawalpemilu.org#20518,"28 ILIR, ILIR BARAT II, KOTA PALEMBANG, SUMATERA SELATAN",6,57,126,183
https://kawalpemilu.org#20519,"27 ILIR, ILIR BARAT II, KOTA PALEMBANG, SUMATERA SELATAN",1,64,200,264
https://kawalpemilu.org#20519,"27 ILIR, ILIR BARAT II, KOTA PALEMBANG, SUMATERA SELATAN",2,77,188,265
https://kawalpemilu.org#20519,"27 ILIR, ILIR BARAT II, KOTA PALEMBANG, SUMATERA SELATAN",3,62,165,227
https://kawalpemilu.org#20519,"27 ILIR, ILIR BARAT II, KOTA PALEMBANG, SUMATERA SELATAN",4,51,158,209
https://kawalpemilu.org#20519,"27 ILIR, ILIR BARAT II, KOTA PALEMBANG, SUMATERA SELATAN",5,64,146,210
https://kawalpemilu.org#20519,"27 ILIR, ILIR BARAT II, KOTA PALEMBANG, SUMATERA SELATAN",6,67,138,205
https://kawalpemilu.org#20519,"27 ILIR, ILIR BARAT II, KOTA PALEMBANG, SUMATERA SELATAN",7,59,153,212
https://kawalpemilu.org#20519,"27 ILIR, ILIR BARAT II, KOTA PALEMBANG, SUMATERA SELATAN",8,57,166,223
https://kawalpemilu.org#20520,"KEMANG MANIS, ILIR BARAT II, KOTA PALEMBANG, SUMATERA SELATAN",1,119,113,232
https://kawalpemilu.org#20520,"KEMANG MANIS, ILIR BARAT II, KOTA PALEMBANG, SUMATERA SELATAN",2,121,97,218
https://kawalpemilu.org#20520,"KEMANG MANIS, ILIR BARAT II, KOTA PALEMBANG, SUMATERA SELATAN",3,133,117,250
https://kawalpemilu.org#20520,"KEMANG MANIS, ILIR BARAT II, KOTA PALEMBANG, SUMATERA SELATAN",4,99,142,241
https://kawalpemilu.org#20520,"KEMANG MANIS, ILIR BARAT II, KOTA PALEMBANG, SUMATERA SELATAN",5,164,49,213
https://kawalpemilu.org#20520,"KEMANG MANIS, ILIR BARAT II, KOTA PALEMBANG, SUMATERA SELATAN",6,175,36,211
https://kawalpemilu.org#20520,"KEMANG MANIS, ILIR BARAT II, KOTA PALEMBANG, SUMATERA SELATAN",7,155,56,211
https://kawalpemilu.org#20520,"KEMANG MANIS, ILIR BARAT II, KOTA PALEMBANG, SUMATERA SELATAN",8,87,162,249
https://kawalpemilu.org#20520,"KEMANG MANIS, ILIR BARAT II, KOTA PALEMBANG, SUMATERA SELATAN",9,99,113,212
https://kawalpemilu.org#20520,"KEMANG MANIS, ILIR BARAT II, KOTA PALEMBANG, SUMATERA SELATAN",11,100,144,244
https://kawalpemilu.org#20520,"KEMANG MANIS, ILIR BARAT II, KOTA PALEMBANG, SUMATERA SELATAN",12,152,107,259
https://kawalpemilu.org#20520,"KEMANG MANIS, ILIR BARAT II, KOTA PALEMBANG, SUMATERA SELATAN",13,160,67,227
https://kawalpemilu.org#20520,"KEMANG MANIS, ILIR BARAT II, KOTA PALEMBANG, SUMATERA SELATAN",14,190,35,225
https://kawalpemilu.org#20520,"KEMANG MANIS, ILIR BARAT II, KOTA PALEMBANG, SUMATERA SELATAN",15,205,19,224
https://kawalpemilu.org#20523,"1 ULU, SEBERANG ULU I, KOTA PALEMBANG, SUMATERA SELATAN",2,44,103,147
https://kawalpemilu.org#20523,"1 ULU, SEBERANG ULU I, KOTA PALEMBANG, SUMATERA SELATAN",4,49,64,113
https://kawalpemilu.org#20523,"1 ULU, SEBERANG ULU I, KOTA PALEMBANG, SUMATERA SELATAN",5,62,121,183
https://kawalpemilu.org#20523,"1 ULU, SEBERANG ULU I, KOTA PALEMBANG, SUMATERA SELATAN",6,65,167,232
https://kawalpemilu.org#20523,"1 ULU, SEBERANG ULU I, KOTA PALEMBANG, SUMATERA SELATAN",7,92,91,183
https://kawalpemilu.org#20523,"1 ULU, SEBERANG ULU I, KOTA PALEMBANG, SUMATERA SELATAN",8,97,102,199
https://kawalpemilu.org#20523,"1 ULU, SEBERANG ULU I, KOTA PALEMBANG, SUMATERA SELATAN",9,0,0,0
https://kawalpemilu.org#20523,"1 ULU, SEBERANG ULU I, KOTA PALEMBANG, SUMATERA SELATAN",10,118,38,156
https://kawalpemilu.org#20523,"1 ULU, SEBERANG ULU I, KOTA PALEMBANG, SUMATERA SELATAN",12,64,156,220
https://kawalpemilu.org#20523,"1 ULU, SEBERANG ULU I, KOTA PALEMBANG, SUMATERA SELATAN",13,55,69,124
https://kawalpemilu.org#20523,"1 ULU, SEBERANG ULU I, KOTA PALEMBANG, SUMATERA SELATAN",14,52,123,175
https://kawalpemilu.org#20523,"1 ULU, SEBERANG ULU I, KOTA PALEMBANG, SUMATERA SELATAN",15,54,101,155
https://kawalpemilu.org#20523,"1 ULU, SEBERANG ULU I, KOTA PALEMBANG, SUMATERA SELATAN",16,65,59,124
https://kawalpemilu.org#20523,"1 ULU, SEBERANG ULU I, KOTA PALEMBANG, SUMATERA SELATAN",17,48,99,147
https://kawalpemilu.org#20523,"1 ULU, SEBERANG ULU I, KOTA PALEMBANG, SUMATERA SELATAN",18,26,68,94
https://kawalpemilu.org#20523,"1 ULU, SEBERANG ULU I, KOTA PALEMBANG, SUMATERA SELATAN",19,36,96,132
https://kawalpemilu.org#20523,"1 ULU, SEBERANG ULU I, KOTA PALEMBANG, SUMATERA SELATAN",20,41,68,109
https://kawalpemilu.org#20523,"1 ULU, SEBERANG ULU I, KOTA PALEMBANG, SUMATERA SELATAN",21,105,79,184
https://kawalpemilu.org#20523,"1 ULU, SEBERANG ULU I, KOTA PALEMBANG, SUMATERA SELATAN",22,43,86,129
https://kawalpemilu.org#20523,"1 ULU, SEBERANG ULU I, KOTA PALEMBANG, SUMATERA SELATAN",23,42,123,165
https://kawalpemilu.org#20523,"1 ULU, SEBERANG ULU I, KOTA PALEMBANG, SUMATERA SELATAN",24,97,83,180
https://kawalpemilu.org#20523,"1 ULU, SEBERANG ULU I, KOTA PALEMBANG, SUMATERA SELATAN",26,35,91,126
https://kawalpemilu.org#20523,"1 ULU, SEBERANG ULU I, KOTA PALEMBANG, SUMATERA SELATAN",27,86,99,185
https://kawalpemilu.org#20523,"1 ULU, SEBERANG ULU I, KOTA PALEMBANG, SUMATERA SELATAN",28,43,90,133
https://kawalpemilu.org#20523,"1 ULU, SEBERANG ULU I, KOTA PALEMBANG, SUMATERA SELATAN",29,38,92,130
https://kawalpemilu.org#20523,"1 ULU, SEBERANG ULU I, KOTA PALEMBANG, SUMATERA SELATAN",30,126,151,277
https://kawalpemilu.org#20523,"1 ULU, SEBERANG ULU I, KOTA PALEMBANG, SUMATERA SELATAN",31,28,86,114
https://kawalpemilu.org#20523,"1 ULU, SEBERANG ULU I, KOTA PALEMBANG, SUMATERA SELATAN",32,39,110,149
https://kawalpemilu.org#20523,"1 ULU, SEBERANG ULU I, KOTA PALEMBANG, SUMATERA SELATAN",33,52,86,138
https://kawalpemilu.org#20523,"1 ULU, SEBERANG ULU I, KOTA PALEMBANG, SUMATERA SELATAN",34,57,94,151
https://kawalpemilu.org#20523,"1 ULU, SEBERANG ULU I, KOTA PALEMBANG, SUMATERA SELATAN",35,59,70,129
https://kawalpemilu.org#20523,"1 ULU, SEBERANG ULU I, KOTA PALEMBANG, SUMATERA SELATAN",36,44,49,93
https://kawalpemilu.org#20523,"1 ULU, SEBERANG ULU I, KOTA PALEMBANG, SUMATERA SELATAN",37,44,133,177
https://kawalpemilu.org#20523,"1 ULU, SEBERANG ULU I, KOTA PALEMBANG, SUMATERA SELATAN",38,38,82,120
https://kawalpemilu.org#20523,"1 ULU, SEBERANG ULU I, KOTA PALEMBANG, SUMATERA SELATAN",39,62,109,171
https://kawalpemilu.org#20523,"1 ULU, SEBERANG ULU I, KOTA PALEMBANG, SUMATERA SELATAN",41,44,129,173
https://kawalpemilu.org#20523,"1 ULU, SEBERANG ULU I, KOTA PALEMBANG, SUMATERA SELATAN",42,60,86,146
https://kawalpemilu.org#20523,"1 ULU, SEBERANG ULU I, KOTA PALEMBANG, SUMATERA SELATAN",43,27,105,132
https://kawalpemilu.org#20523,"1 ULU, SEBERANG ULU I, KOTA PALEMBANG, SUMATERA SELATAN",44,72,82,154
https://kawalpemilu.org#20523,"1 ULU, SEBERANG ULU I, KOTA PALEMBANG, SUMATERA SELATAN",45,85,79,164
https://kawalpemilu.org#20523,"1 ULU, SEBERANG ULU I, KOTA PALEMBANG, SUMATERA SELATAN",46,99,66,165
https://kawalpemilu.org#20523,"1 ULU, SEBERANG ULU I, KOTA PALEMBANG, SUMATERA SELATAN",47,76,145,221
https://kawalpemilu.org#20523,"1 ULU, SEBERANG ULU I, KOTA PALEMBANG, SUMATERA SELATAN",48,39,68,107
https://kawalpemilu.org#20523,"1 ULU, SEBERANG ULU I, KOTA PALEMBANG, SUMATERA SELATAN",49,72,170,242
https://kawalpemilu.org#20524,"2 ULU, SEBERANG ULU I, KOTA PALEMBANG, SUMATERA SELATAN",1,45,98,143
https://kawalpemilu.org#20524,"2 ULU, SEBERANG ULU I, KOTA PALEMBANG, SUMATERA SELATAN",2,85,151,236
https://kawalpemilu.org#20524,"2 ULU, SEBERANG ULU I, KOTA PALEMBANG, SUMATERA SELATAN",3,91,112,203
https://kawalpemilu.org#20524,"2 ULU, SEBERANG ULU I, KOTA PALEMBANG, SUMATERA SELATAN",4,102,121,223
https://kawalpemilu.org#20524,"2 ULU, SEBERANG ULU I, KOTA PALEMBANG, SUMATERA SELATAN",8,87,165,252
https://kawalpemilu.org#20524,"2 ULU, SEBERANG ULU I, KOTA PALEMBANG, SUMATERA SELATAN",9,93,92,185
https://kawalpemilu.org#20524,"2 ULU, SEBERANG ULU I, KOTA PALEMBANG, SUMATERA SELATAN",13,48,127,175
https://kawalpemilu.org#20524,"2 ULU, SEBERANG ULU I, KOTA PALEMBANG, SUMATERA SELATAN",14,41,124,165
https://kawalpemilu.org#20524,"2 ULU, SEBERANG ULU I, KOTA PALEMBANG, SUMATERA SELATAN",15,38,98,136
https://kawalpemilu.org#20524,"2 ULU, SEBERANG ULU I, KOTA PALEMBANG, SUMATERA SELATAN",17,81,63,144
https://kawalpemilu.org#20524,"2 ULU, SEBERANG ULU I, KOTA PALEMBANG, SUMATERA SELATAN",19,51,176,227
https://kawalpemilu.org#20524,"2 ULU, SEBERANG ULU I, KOTA PALEMBANG, SUMATERA SELATAN",20,50,124,174
https://kawalpemilu.org#20524,"2 ULU, SEBERANG ULU I, KOTA PALEMBANG, SUMATERA SELATAN",21,50,97,147
https://kawalpemilu.org#20524,"2 ULU, SEBERANG ULU I, KOTA PALEMBANG, SUMATERA SELATAN",22,93,79,172
https://kawalpemilu.org#20524,"2 ULU, SEBERANG ULU I, KOTA PALEMBANG, SUMATERA SELATAN",23,27,112,139
https://kawalpemilu.org#20524,"2 ULU, SEBERANG ULU I, KOTA PALEMBANG, SUMATERA SELATAN",24,40,74,114
https://kawalpemilu.org#20524,"2 ULU, SEBERANG ULU I, KOTA PALEMBANG, SUMATERA SELATAN",25,76,158,234
https://kawalpemilu.org#20524,"2 ULU, SEBERANG ULU I, KOTA PALEMBANG, SUMATERA SELATAN",26,88,83,171
https://kawalpemilu.org#20524,"2 ULU, SEBERANG ULU I, KOTA PALEMBANG, SUMATERA SELATAN",28,77,152,229
https://kawalpemilu.org#20524,"2 ULU, SEBERANG ULU I, KOTA PALEMBANG, SUMATERA SELATAN",29,82,84,166
https://kawalpemilu.org#20524,"2 ULU, SEBERANG ULU I, KOTA PALEMBANG, SUMATERA SELATAN",31,36,109,145
https://kawalpemilu.org#20524,"2 ULU, SEBERANG ULU I, KOTA PALEMBANG, SUMATERA SELATAN",32,74,120,194
https://kawalpemilu.org#20525,"3 / 4 ULU, SEBERANG ULU I, KOTA PALEMBANG, SUMATERA SELATAN",1,70,154,224
https://kawalpemilu.org#20525,"3 / 4 ULU, SEBERANG ULU I, KOTA PALEMBANG, SUMATERA SELATAN",2,41,96,137
https://kawalpemilu.org#20525,"3 / 4 ULU, SEBERANG ULU I, KOTA PALEMBANG, SUMATERA SELATAN",3,52,103,155
https://kawalpemilu.org#20525,"3 / 4 ULU, SEBERANG ULU I, KOTA PALEMBANG, SUMATERA SELATAN",4,60,112,172
https://kawalpemilu.org#20525,"3 / 4 ULU, SEBERANG ULU I, KOTA PALEMBANG, SUMATERA SELATAN",6,106,156,262
https://kawalpemilu.org#20525,"3 / 4 ULU, SEBERANG ULU I, KOTA PALEMBANG, SUMATERA SELATAN",7,77,70,147
https://kawalpemilu.org#20525,"3 / 4 ULU, SEBERANG ULU I, KOTA PALEMBANG, SUMATERA SELATAN",8,73,83,156
https://kawalpemilu.org#20525,"3 / 4 ULU, SEBERANG ULU I, KOTA PALEMBANG, SUMATERA SELATAN",10,75,89,164
https://kawalpemilu.org#20525,"3 / 4 ULU, SEBERANG ULU I, KOTA PALEMBANG, SUMATERA SELATAN",11,98,108,206
https://kawalpemilu.org#20525,"3 / 4 ULU, SEBERANG ULU I, KOTA PALEMBANG, SUMATERA SELATAN",12,23,120,143
https://kawalpemilu.org#20525,"3 / 4 ULU, SEBERANG ULU I, KOTA PALEMBANG, SUMATERA SELATAN",14,62,73,135
https://kawalpemilu.org#20525,"3 / 4 ULU, SEBERANG ULU I, KOTA PALEMBANG, SUMATERA SELATAN",15,70,95,165
https://kawalpemilu.org#20525,"3 / 4 ULU, SEBERANG ULU I, KOTA PALEMBANG, SUMATERA SELATAN",16,84,99,183
https://kawalpemilu.org#20525,"3 / 4 ULU, SEBERANG ULU I, KOTA PALEMBANG, SUMATERA SELATAN",17,54,94,148
https://kawalpemilu.org#20525,"3 / 4 ULU, SEBERANG ULU I, KOTA PALEMBANG, SUMATERA SELATAN",19,105,120,225
https://kawalpemilu.org#20525,"3 / 4 ULU, SEBERANG ULU I, KOTA PALEMBANG, SUMATERA SELATAN",20,24,57,81
https://kawalpemilu.org#20525,"3 / 4 ULU, SEBERANG ULU I, KOTA PALEMBANG, SUMATERA SELATAN",21,53,107,160
https://kawalpemilu.org#20525,"3 / 4 ULU, SEBERANG ULU I, KOTA PALEMBANG, SUMATERA SELATAN",22,62,83,145
https://kawalpemilu.org#20525,"3 / 4 ULU, SEBERANG ULU I, KOTA PALEMBANG, SUMATERA SELATAN",24,43,126,169
https://kawalpemilu.org#20525,"3 / 4 ULU, SEBERANG ULU I, KOTA PALEMBANG, SUMATERA SELATAN",25,88,145,233
https://kawalpemilu.org#20525,"3 / 4 ULU, SEBERANG ULU I, KOTA PALEMBANG, SUMATERA SELATAN",26,74,107,181
https://kawalpemilu.org#20525,"3 / 4 ULU, SEBERANG ULU I, KOTA PALEMBANG, SUMATERA SELATAN",27,76,112,188
https://kawalpemilu.org#20525,"3 / 4 ULU, SEBERANG ULU I, KOTA PALEMBANG, SUMATERA SELATAN",28,78,105,183
https://kawalpemilu.org#20525,"3 / 4 ULU, SEBERANG ULU I, KOTA PALEMBANG, SUMATERA SELATAN",29,49,86,135
https://kawalpemilu.org#20525,"3 / 4 ULU, SEBERANG ULU I, KOTA PALEMBANG, SUMATERA SELATAN",30,38,121,159
https://kawalpemilu.org#20525,"3 / 4 ULU, SEBERANG ULU I, KOTA PALEMBANG, SUMATERA SELATAN",31,44,104,148
https://kawalpemilu.org#20525,"3 / 4 ULU, SEBERANG ULU I, KOTA PALEMBANG, SUMATERA SELATAN",32,57,124,181
https://kawalpemilu.org#20525,"3 / 4 ULU, SEBERANG ULU I, KOTA PALEMBANG, SUMATERA SELATAN",33,71,126,197
https://kawalpemilu.org#20525,"3 / 4 ULU, SEBERANG ULU I, KOTA PALEMBANG, SUMATERA SELATAN",35,55,97,152
https://kawalpemilu.org#20525,"3 / 4 ULU, SEBERANG ULU I, KOTA PALEMBANG, SUMATERA SELATAN",36,95,80,175
https://kawalpemilu.org#20525,"3 / 4 ULU, SEBERANG ULU I, KOTA PALEMBANG, SUMATERA SELATAN",37,91,79,170
https://kawalpemilu.org#20525,"3 / 4 ULU, SEBERANG ULU I, KOTA PALEMBANG, SUMATERA SELATAN",41,119,122,241
https://kawalpemilu.org#20525,"3 / 4 ULU, SEBERANG ULU I, KOTA PALEMBANG, SUMATERA SELATAN",42,77,90,167
https://kawalpemilu.org#20525,"3 / 4 ULU, SEBERANG ULU I, KOTA PALEMBANG, SUMATERA SELATAN",44,62,42,104
https://kawalpemilu.org#20525,"3 / 4 ULU, SEBERANG ULU I, KOTA PALEMBANG, SUMATERA SELATAN",45,75,170,245
https://kawalpemilu.org#20525,"3 / 4 ULU, SEBERANG ULU I, KOTA PALEMBANG, SUMATERA SELATAN",46,71,190,261
https://kawalpemilu.org#20525,"3 / 4 ULU, SEBERANG ULU I, KOTA PALEMBANG, SUMATERA SELATAN",48,70,76,146
https://kawalpemilu.org#20525,"3 / 4 ULU, SEBERANG ULU I, KOTA PALEMBANG, SUMATERA SELATAN",50,57,81,138
https://kawalpemilu.org#20525,"3 / 4 ULU, SEBERANG ULU I, KOTA PALEMBANG, SUMATERA SELATAN",51,74,185,259
https://kawalpemilu.org#20525,"3 / 4 ULU, SEBERANG ULU I, KOTA PALEMBANG, SUMATERA SELATAN",52,62,105,167
https://kawalpemilu.org#20525,"3 / 4 ULU, SEBERANG ULU I, KOTA PALEMBANG, SUMATERA SELATAN",53,43,82,125
https://kawalpemilu.org#20525,"3 / 4 ULU, SEBERANG ULU I, KOTA PALEMBANG, SUMATERA SELATAN",54,55,64,119
https://kawalpemilu.org#20525,"3 / 4 ULU, SEBERANG ULU I, KOTA PALEMBANG, SUMATERA SELATAN",55,82,125,207
https://kawalpemilu.org#20525,"3 / 4 ULU, SEBERANG ULU I, KOTA PALEMBANG, SUMATERA SELATAN",56,95,165,260
https://kawalpemilu.org#20525,"3 / 4 ULU, SEBERANG ULU I, KOTA PALEMBANG, SUMATERA SELATAN",57,48,115,163
https://kawalpemilu.org#20525,"3 / 4 ULU, SEBERANG ULU I, KOTA PALEMBANG, SUMATERA SELATAN",58,54,133,187
https://kawalpemilu.org#20525,"3 / 4 ULU, SEBERANG ULU I, KOTA PALEMBANG, SUMATERA SELATAN",59,50,45,95
https://kawalpemilu.org#20525,"3 / 4 ULU, SEBERANG ULU I, KOTA PALEMBANG, SUMATERA SELATAN",60,67,36,103
https://kawalpemilu.org#20525,"3 / 4 ULU, SEBERANG ULU I, KOTA PALEMBANG, SUMATERA SELATAN",61,68,131,199
https://kawalpemilu.org#20525,"3 / 4 ULU, SEBERANG ULU I, KOTA PALEMBANG, SUMATERA SELATAN",63,65,100,165
https://kawalpemilu.org#20525,"3 / 4 ULU, SEBERANG ULU I, KOTA PALEMBANG, SUMATERA SELATAN",65,25,75,100
https://kawalpemilu.org#20525,"3 / 4 ULU, SEBERANG ULU I, KOTA PALEMBANG, SUMATERA SELATAN",67,49,85,134
https://kawalpemilu.org#20525,"3 / 4 ULU, SEBERANG ULU I, KOTA PALEMBANG, SUMATERA SELATAN",68,53,76,129
https://kawalpemilu.org#20525,"3 / 4 ULU, SEBERANG ULU I, KOTA PALEMBANG, SUMATERA SELATAN",69,140,86,226
https://kawalpemilu.org#20525,"3 / 4 ULU, SEBERANG ULU I, KOTA PALEMBANG, SUMATERA SELATAN",70,50,61,111
https://kawalpemilu.org#20525,"3 / 4 ULU, SEBERANG ULU I, KOTA PALEMBANG, SUMATERA SELATAN",71,53,41,94
https://kawalpemilu.org#20525,"3 / 4 ULU, SEBERANG ULU I, KOTA PALEMBANG, SUMATERA SELATAN",72,123,67,190
https://kawalpemilu.org#20525,"3 / 4 ULU, SEBERANG ULU I, KOTA PALEMBANG, SUMATERA SELATAN",73,108,69,177
https://kawalpemilu.org#20526,"5 ULU, SEBERANG ULU I, KOTA PALEMBANG, SUMATERA SELATAN",2,25,45,70
https://kawalpemilu.org#20526,"5 ULU, SEBERANG ULU I, KOTA PALEMBANG, SUMATERA SELATAN",3,38,99,137
https://kawalpemilu.org#20526,"5 ULU, SEBERANG ULU I, KOTA PALEMBANG, SUMATERA SELATAN",4,29,102,131
https://kawalpemilu.org#20526,"5 ULU, SEBERANG ULU I, KOTA PALEMBANG, SUMATERA SELATAN",5,54,104,158
https://kawalpemilu.org#20526,"5 ULU, SEBERANG ULU I, KOTA PALEMBANG, SUMATERA SELATAN",7,46,105,151
https://kawalpemilu.org#20526,"5 ULU, SEBERANG ULU I, KOTA PALEMBANG, SUMATERA SELATAN",8,42,133,175
https://kawalpemilu.org#20526,"5 ULU, SEBERANG ULU I, KOTA PALEMBANG, SUMATERA SELATAN",10,40,117,157
https://kawalpemilu.org#20526,"5 ULU, SEBERANG ULU I, KOTA PALEMBANG, SUMATERA SELATAN",14,44,126,170
https://kawalpemilu.org#20526,"5 ULU, SEBERANG ULU I, KOTA PALEMBANG, SUMATERA SELATAN",15,31,134,165
https://kawalpemilu.org#20526,"5 ULU, SEBERANG ULU I, KOTA PALEMBANG, SUMATERA SELATAN",16,23,73,96
https://kawalpemilu.org#20526,"5 ULU, SEBERANG ULU I, KOTA PALEMBANG, SUMATERA SELATAN",18,78,69,147
https://kawalpemilu.org#20526,"5 ULU, SEBERANG ULU I, KOTA PALEMBANG, SUMATERA SELATAN",19,76,63,139
https://kawalpemilu.org#20526,"5 ULU, SEBERANG ULU I, KOTA PALEMBANG, SUMATERA SELATAN",20,38,163,201
https://kawalpemilu.org#20526,"5 ULU, SEBERANG ULU I, KOTA PALEMBANG, SUMATERA SELATAN",22,32,153,185
https://kawalpemilu.org#20526,"5 ULU, SEBERANG ULU I, KOTA PALEMBANG, SUMATERA SELATAN",24,125,135,260
https://kawalpemilu.org#20526,"5 ULU, SEBERANG ULU I, KOTA PALEMBANG, SUMATERA SELATAN",25,77,138,215
https://kawalpemilu.org#20526,"5 ULU, SEBERANG ULU I, KOTA PALEMBANG, SUMATERA SELATAN",26,59,154,213
https://kawalpemilu.org#20526,"5 ULU, SEBERANG ULU I, KOTA PALEMBANG, SUMATERA SELATAN",27,60,136,196
https://kawalpemilu.org#20526,"5 ULU, SEBERANG ULU I, KOTA PALEMBANG, SUMATERA SELATAN",28,39,147,186
https://kawalpemilu.org#20526,"5 ULU, SEBERANG ULU I, KOTA PALEMBANG, SUMATERA SELATAN",29,56,159,215
https://kawalpemilu.org#20526,"5 ULU, SEBERANG ULU I, KOTA PALEMBANG, SUMATERA SELATAN",31,41,122,163
https://kawalpemilu.org#20526,"5 ULU, SEBERANG ULU I, KOTA PALEMBANG, SUMATERA SELATAN",32,30,68,99
https://kawalpemilu.org#20526,"5 ULU, SEBERANG ULU I, KOTA PALEMBANG, SUMATERA SELATAN",33,43,110,153
https://kawalpemilu.org#20526,"5 ULU, SEBERANG ULU I, KOTA PALEMBANG, SUMATERA SELATAN",34,35,95,130
https://kawalpemilu.org#20526,"5 ULU, SEBERANG ULU I, KOTA PALEMBANG, SUMATERA SELATAN",35,68,166,234
https://kawalpemilu.org#20526,"5 ULU, SEBERANG ULU I, KOTA PALEMBANG, SUMATERA SELATAN",36,64,157,221
https://kawalpemilu.org#20526,"5 ULU, SEBERANG ULU I, KOTA PALEMBANG, SUMATERA SELATAN",37,62,71,133
https://kawalpemilu.org#20526,"5 ULU, SEBERANG ULU I, KOTA PALEMBANG, SUMATERA SELATAN",38,37,91,128
https://kawalpemilu.org#20526,"5 ULU, SEBERANG ULU I, KOTA PALEMBANG, SUMATERA SELATAN",39,106,152,258
https://kawalpemilu.org#20526,"5 ULU, SEBERANG ULU I, KOTA PALEMBANG, SUMATERA SELATAN",40,37,94,131
https://kawalpemilu.org#20526,"5 ULU, SEBERANG ULU I, KOTA PALEMBANG, SUMATERA SELATAN",42,50,142,192
https://kawalpemilu.org#20526,"5 ULU, SEBERANG ULU I, KOTA PALEMBANG, SUMATERA SELATAN",44,52,142,194
https://kawalpemilu.org#20526,"5 ULU, SEBERANG ULU I, KOTA PALEMBANG, SUMATERA SELATAN",45,83,115,198
https://kawalpemilu.org#20526,"5 ULU, SEBERANG ULU I, KOTA PALEMBANG, SUMATERA SELATAN",46,43,87,130
https://kawalpemilu.org#20526,"5 ULU, SEBERANG ULU I, KOTA PALEMBANG, SUMATERA SELATAN",47,111,167,278
https://kawalpemilu.org#20526,"5 ULU, SEBERANG ULU I, KOTA PALEMBANG, SUMATERA SELATAN",48,43,67,110
https://kawalpemilu.org#20526,"5 ULU, SEBERANG ULU I, KOTA PALEMBANG, SUMATERA SELATAN",49,56,132,188
https://kawalpemilu.org#20526,"5 ULU, SEBERANG ULU I, KOTA PALEMBANG, SUMATERA SELATAN",50,92,120,212
https://kawalpemilu.org#20526,"5 ULU, SEBERANG ULU I, KOTA PALEMBANG, SUMATERA SELATAN",51,77,137,285
https://kawalpemilu.org#20526,"5 ULU, SEBERANG ULU I, KOTA PALEMBANG, SUMATERA SELATAN",52,89,69,158
https://kawalpemilu.org#20526,"5 ULU, SEBERANG ULU I, KOTA PALEMBANG, SUMATERA SELATAN",53,69,112,181
https://kawalpemilu.org#20526,"5 ULU, SEBERANG ULU I, KOTA PALEMBANG, SUMATERA SELATAN",60,79,50,129
https://kawalpemilu.org#20526,"5 ULU, SEBERANG ULU I, KOTA PALEMBANG, SUMATERA SELATAN",61,58,74,132
https://kawalpemilu.org#20526,"5 ULU, SEBERANG ULU I, KOTA PALEMBANG, SUMATERA SELATAN",62,75,191,266
https://kawalpemilu.org#20526,"5 ULU, SEBERANG ULU I, KOTA PALEMBANG, SUMATERA SELATAN",63,94,152,246
https://kawalpemilu.org#20526,"5 ULU, SEBERANG ULU I, KOTA PALEMBANG, SUMATERA SELATAN",65,52,177,229
https://kawalpemilu.org#20526,"5 ULU, SEBERANG ULU I, KOTA PALEMBANG, SUMATERA SELATAN",66,60,117,177
https://kawalpemilu.org#20526,"5 ULU, SEBERANG ULU I, KOTA PALEMBANG, SUMATERA SELATAN",67,54,132,186
https://kawalpemilu.org#20526,"5 ULU, SEBERANG ULU I, KOTA PALEMBANG, SUMATERA SELATAN",69,58,88,146
https://kawalpemilu.org#20526,"5 ULU, SEBERANG ULU I, KOTA PALEMBANG, SUMATERA SELATAN",71,44,85,129
https://kawalpemilu.org#20526,"5 ULU, SEBERANG ULU I, KOTA PALEMBANG, SUMATERA SELATAN",73,54,117,171
https://kawalpemilu.org#20526,"5 ULU, SEBERANG ULU I, KOTA PALEMBANG, SUMATERA SELATAN",74,67,94,161
https://kawalpemilu.org#20526,"5 ULU, SEBERANG ULU I, KOTA PALEMBANG, SUMATERA SELATAN",75,56,97,153
https://kawalpemilu.org#20526,"5 ULU, SEBERANG ULU I, KOTA PALEMBANG, SUMATERA SELATAN",76,73,128,201
https://kawalpemilu.org#20526,"5 ULU, SEBERANG ULU I, KOTA PALEMBANG, SUMATERA SELATAN",77,13,51,64
https://kawalpemilu.org#20526,"5 ULU, SEBERANG ULU I, KOTA PALEMBANG, SUMATERA SELATAN",78,55,145,200
https://kawalpemilu.org#20526,"5 ULU, SEBERANG ULU I, KOTA PALEMBANG, SUMATERA SELATAN",79,55,141,196
https://kawalpemilu.org#20526,"5 ULU, SEBERANG ULU I, KOTA PALEMBANG, SUMATERA SELATAN",80,61,156,217
https://kawalpemilu.org#20526,"5 ULU, SEBERANG ULU I, KOTA PALEMBANG, SUMATERA SELATAN",81,42,135,177
https://kawalpemilu.org#20526,"5 ULU, SEBERANG ULU I, KOTA PALEMBANG, SUMATERA SELATAN",82,56,153,209
https://kawalpemilu.org#20526,"5 ULU, SEBERANG ULU I, KOTA PALEMBANG, SUMATERA SELATAN",83,43,86,128
https://kawalpemilu.org#20526,"5 ULU, SEBERANG ULU I, KOTA PALEMBANG, SUMATERA SELATAN",84,48,71,119
https://kawalpemilu.org#20526,"5 ULU, SEBERANG ULU I, KOTA PALEMBANG, SUMATERA SELATAN",85,60,123,183
https://kawalpemilu.org#20526,"5 ULU, SEBERANG ULU I, KOTA PALEMBANG, SUMATERA SELATAN",86,81,116,197
https://kawalpemilu.org#20527,"7 ULU, SEBERANG ULU I, KOTA PALEMBANG, SUMATERA SELATAN",1,49,173,222
https://kawalpemilu.org#20527,"7 ULU, SEBERANG ULU I, KOTA PALEMBANG, SUMATERA SELATAN",3,70,99,169
https://kawalpemilu.org#20527,"7 ULU, SEBERANG ULU I, KOTA PALEMBANG, SUMATERA SELATAN",4,74,169,243
https://kawalpemilu.org#20527,"7 ULU, SEBERANG ULU I, KOTA PALEMBANG, SUMATERA SELATAN",5,99,156,255
https://kawalpemilu.org#20527,"7 ULU, SEBERANG ULU I, KOTA PALEMBANG, SUMATERA SELATAN",8,62,138,200
https://kawalpemilu.org#20527,"7 ULU, SEBERANG ULU I, KOTA PALEMBANG, SUMATERA SELATAN",9,91,128,219
https://kawalpemilu.org#20527,"7 ULU, SEBERANG ULU I, KOTA PALEMBANG, SUMATERA SELATAN",10,75,92,167
https://kawalpemilu.org#20527,"7 ULU, SEBERANG ULU I, KOTA PALEMBANG, SUMATERA SELATAN",11,74,84,158
https://kawalpemilu.org#20527,"7 ULU, SEBERANG ULU I, KOTA PALEMBANG, SUMATERA SELATAN",14,79,145,224
https://kawalpemilu.org#20527,"7 ULU, SEBERANG ULU I, KOTA PALEMBANG, SUMATERA SELATAN",15,75,134,209
https://kawalpemilu.org#20527,"7 ULU, SEBERANG ULU I, KOTA PALEMBANG, SUMATERA SELATAN",16,38,109,147
https://kawalpemilu.org#20527,"7 ULU, SEBERANG ULU I, KOTA PALEMBANG, SUMATERA SELATAN",18,105,79,184
https://kawalpemilu.org#20527,"7 ULU, SEBERANG ULU I, KOTA PALEMBANG, SUMATERA SELATAN",19,50,103,153
https://kawalpemilu.org#20527,"7 ULU, SEBERANG ULU I, KOTA PALEMBANG, SUMATERA SELATAN",20,75,107,182
https://kawalpemilu.org#20527,"7 ULU, SEBERANG ULU I, KOTA PALEMBANG, SUMATERA SELATAN",21,68,143,211
https://kawalpemilu.org#20527,"7 ULU, SEBERANG ULU I, KOTA PALEMBANG, SUMATERA SELATAN",22,53,148,201
https://kawalpemilu.org#20527,"7 ULU, SEBERANG ULU I, KOTA PALEMBANG, SUMATERA SELATAN",23,57,172,229
https://kawalpemilu.org#20527,"7 ULU, SEBERANG ULU I, KOTA PALEMBANG, SUMATERA SELATAN",26,82,113,195
https://kawalpemilu.org#20527,"7 ULU, SEBERANG ULU I, KOTA PALEMBANG, SUMATERA SELATAN",27,87,124,211
https://kawalpemilu.org#20527,"7 ULU, SEBERANG ULU I, KOTA PALEMBANG, SUMATERA SELATAN",28,73,120,193
https://kawalpemilu.org#20527,"7 ULU, SEBERANG ULU I, KOTA PALEMBANG, SUMATERA SELATAN",29,58,131,189
https://kawalpemilu.org#20527,"7 ULU, SEBERANG ULU I, KOTA PALEMBANG, SUMATERA SELATAN",30,48,91,139
https://kawalpemilu.org#20527,"7 ULU, SEBERANG ULU I, KOTA PALEMBANG, SUMATERA SELATAN",31,69,190,259
https://kawalpemilu.org#20527,"7 ULU, SEBERANG ULU I, KOTA PALEMBANG, SUMATERA SELATAN",32,44,113,157
https://kawalpemilu.org#20527,"7 ULU, SEBERANG ULU I, KOTA PALEMBANG, SUMATERA SELATAN",33,101,123,224
https://kawalpemilu.org#20527,"7 ULU, SEBERANG ULU I, KOTA PALEMBANG, SUMATERA SELATAN",34,102,94,196
https://kawalpemilu.org#20527,"7 ULU, SEBERANG ULU I, KOTA PALEMBANG, SUMATERA SELATAN",35,63,79,142
https://kawalpemilu.org#20527,"7 ULU, SEBERANG ULU I, KOTA PALEMBANG, SUMATERA SELATAN",36,105,124,229
https://kawalpemilu.org#20527,"7 ULU, SEBERANG ULU I, KOTA PALEMBANG, SUMATERA SELATAN",37,77,110,187
https://kawalpemilu.org#20527,"7 ULU, SEBERANG ULU I, KOTA PALEMBANG, SUMATERA SELATAN",38,53,84,137
https://kawalpemilu.org#20527,"7 ULU, SEBERANG ULU I, KOTA PALEMBANG, SUMATERA SELATAN",42,70,106,176
https://kawalpemilu.org#20527,"7 ULU, SEBERANG ULU I, KOTA PALEMBANG, SUMATERA SELATAN",43,87,132,219
https://kawalpemilu.org#20527,"7 ULU, SEBERANG ULU I, KOTA PALEMBANG, SUMATERA SELATAN",44,109,88,197
https://kawalpemilu.org#20527,"7 ULU, SEBERANG ULU I, KOTA PALEMBANG, SUMATERA SELATAN",45,116,98,214
https://kawalpemilu.org#20527,"7 ULU, SEBERANG ULU I, KOTA PALEMBANG, SUMATERA SELATAN",46,18,156,174
https://kawalpemilu.org#20527,"7 ULU, SEBERANG ULU I, KOTA PALEMBANG, SUMATERA SELATAN",47,97,147,244
https://kawalpemilu.org#20527,"7 ULU, SEBERANG ULU I, KOTA PALEMBANG, SUMATERA SELATAN",48,71,104,175
https://kawalpemilu.org#20527,"7 ULU, SEBERANG ULU I, KOTA PALEMBANG, SUMATERA SELATAN",49,56,94,150
https://kawalpemilu.org#20527,"7 ULU, SEBERANG ULU I, KOTA PALEMBANG, SUMATERA SELATAN",50,37,138,175
https://kawalpemilu.org#20527,"7 ULU, SEBERANG ULU I, KOTA PALEMBANG, SUMATERA SELATAN",51,94,133,227
https://kawalpemilu.org#20527,"7 ULU, SEBERANG ULU I, KOTA PALEMBANG, SUMATERA SELATAN",52,4,168,172
https://kawalpemilu.org#20527,"7 ULU, SEBERANG ULU I, KOTA PALEMBANG, SUMATERA SELATAN",53,9,185,194
https://kawalpemilu.org#20533,"11 ULU, SEBERANG ULU II, KOTA PALEMBANG, SUMATERA SELATAN",1,74,139,213
https://kawalpemilu.org#20533,"11 ULU, SEBERANG ULU II, KOTA PALEMBANG, SUMATERA SELATAN",2,76,130,206
https://kawalpemilu.org#20533,"11 ULU, SEBERANG ULU II, KOTA PALEMBANG, SUMATERA SELATAN",3,89,112,201
https://kawalpemilu.org#20533,"11 ULU, SEBERANG ULU II, KOTA PALEMBANG, SUMATERA SELATAN",4,92,81,173
https://kawalpemilu.org#20533,"11 ULU, SEBERANG ULU II, KOTA PALEMBANG, SUMATERA SELATAN",5,76,104,280
https://kawalpemilu.org#20533,"11 ULU, SEBERANG ULU II, KOTA PALEMBANG, SUMATERA SELATAN",6,99,131,230
https://kawalpemilu.org#20533,"11 ULU, SEBERANG ULU II, KOTA PALEMBANG, SUMATERA SELATAN",7,63,174,237
https://kawalpemilu.org#20533,"11 ULU, SEBERANG ULU II, KOTA PALEMBANG, SUMATERA SELATAN",8,84,108,192
https://kawalpemilu.org#20533,"11 ULU, SEBERANG ULU II, KOTA PALEMBANG, SUMATERA SELATAN",9,111,136,247
https://kawalpemilu.org#20533,"11 ULU, SEBERANG ULU II, KOTA PALEMBANG, SUMATERA SELATAN",10,107,89,196
https://kawalpemilu.org#20533,"11 ULU, SEBERANG ULU II, KOTA PALEMBANG, SUMATERA SELATAN",11,90,158,248
https://kawalpemilu.org#20533,"11 ULU, SEBERANG ULU II, KOTA PALEMBANG, SUMATERA SELATAN",12,40,181,221
https://kawalpemilu.org#20533,"11 ULU, SEBERANG ULU II, KOTA PALEMBANG, SUMATERA SELATAN",13,79,140,219
https://kawalpemilu.org#20533,"11 ULU, SEBERANG ULU II, KOTA PALEMBANG, SUMATERA SELATAN",14,105,120,225
https://kawalpemilu.org#20533,"11 ULU, SEBERANG ULU II, KOTA PALEMBANG, SUMATERA SELATAN",15,127,117,244
https://kawalpemilu.org#20533,"11 ULU, SEBERANG ULU II, KOTA PALEMBANG, SUMATERA SELATAN",16,115,115,230
https://kawalpemilu.org#20533,"11 ULU, SEBERANG ULU II, KOTA PALEMBANG, SUMATERA SELATAN",17,138,94,232
https://kawalpemilu.org#20533,"11 ULU, SEBERANG ULU II, KOTA PALEMBANG, SUMATERA SELATAN",18,130,49,179
https://kawalpemilu.org#20533,"11 ULU, SEBERANG ULU II, KOTA PALEMBANG, SUMATERA SELATAN",19,71,92,163
https://kawalpemilu.org#20533,"11 ULU, SEBERANG ULU II, KOTA PALEMBANG, SUMATERA SELATAN",20,106,74,180
https://kawalpemilu.org#20534,"12 ULU, SEBERANG ULU II, KOTA PALEMBANG, SUMATERA SELATAN",1,88,116,204
https://kawalpemilu.org#20534,"12 ULU, SEBERANG ULU II, KOTA PALEMBANG, SUMATERA SELATAN",2,30,189,219
https://kawalpemilu.org#20534,"12 ULU, SEBERANG ULU II, KOTA PALEMBANG, SUMATERA SELATAN",4,45,116,161
https://kawalpemilu.org#20534,"12 ULU, SEBERANG ULU II, KOTA PALEMBANG, SUMATERA SELATAN",5,40,222,262
https://kawalpemilu.org#20534,"12 ULU, SEBERANG ULU II, KOTA PALEMBANG, SUMATERA SELATAN",6,158,117,275
https://kawalpemilu.org#20534,"12 ULU, SEBERANG ULU II, KOTA PALEMBANG, SUMATERA SELATAN",7,93,126,219
https://kawalpemilu.org#20534,"12 ULU, SEBERANG ULU II, KOTA PALEMBANG, SUMATERA SELATAN",8,93,91,184
https://kawalpemilu.org#20534,"12 ULU, SEBERANG ULU II, KOTA PALEMBANG, SUMATERA SELATAN",9,102,78,180
https://kawalpemilu.org#20534,"12 ULU, SEBERANG ULU II, KOTA PALEMBANG, SUMATERA SELATAN",11,106,110,216
https://kawalpemilu.org#20534,"12 ULU, SEBERANG ULU II, KOTA PALEMBANG, SUMATERA SELATAN",12,134,153,287
https://kawalpemilu.org#20534,"12 ULU, SEBERANG ULU II, KOTA PALEMBANG, SUMATERA SELATAN",13,113,115,228
https://kawalpemilu.org#20534,"12 ULU, SEBERANG ULU II, KOTA PALEMBANG, SUMATERA SELATAN",14,116,120,236
https://kawalpemilu.org#20534,"12 ULU, SEBERANG ULU II, KOTA PALEMBANG, SUMATERA SELATAN",15,100,84,184
https://kawalpemilu.org#20535,"13 ULU, SEBERANG ULU II, KOTA PALEMBANG, SUMATERA SELATAN",1,57,156,213
https://kawalpemilu.org#20535,"13 ULU, SEBERANG ULU II, KOTA PALEMBANG, SUMATERA SELATAN",2,32,214,246
https://kawalpemilu.org#20535,"13 ULU, SEBERANG ULU II, KOTA PALEMBANG, SUMATERA SELATAN",3,49,196,245
https://kawalpemilu.org#20535,"13 ULU, SEBERANG ULU II, KOTA PALEMBANG, SUMATERA SELATAN",4,89,172,261
https://kawalpemilu.org#20535,"13 ULU, SEBERANG ULU II, KOTA PALEMBANG, SUMATERA SELATAN",5,20,207,227
https://kawalpemilu.org#20535,"13 ULU, SEBERANG ULU II, KOTA PALEMBANG, SUMATERA SELATAN",6,33,151,184
https://kawalpemilu.org#20535,"13 ULU, SEBERANG ULU II, KOTA PALEMBANG, SUMATERA SELATAN",7,65,171,236
https://kawalpemilu.org#20535,"13 ULU, SEBERANG ULU II, KOTA PALEMBANG, SUMATERA SELATAN",8,43,223,266
https://kawalpemilu.org#20535,"13 ULU, SEBERANG ULU II, KOTA PALEMBANG, SUMATERA SELATAN",9,35,167,202
https://kawalpemilu.org#20535,"13 ULU, SEBERANG ULU II, KOTA PALEMBANG, SUMATERA SELATAN",10,45,172,217
https://kawalpemilu.org#20535,"13 ULU, SEBERANG ULU II, KOTA PALEMBANG, SUMATERA SELATAN",14,77,137,214
https://kawalpemilu.org#20535,"13 ULU, SEBERANG ULU II, KOTA PALEMBANG, SUMATERA SELATAN",18,39,193,232
https://kawalpemilu.org#20535,"13 ULU, SEBERANG ULU II, KOTA PALEMBANG, SUMATERA SELATAN",21,100,102,202
https://kawalpemilu.org#20535,"13 ULU, SEBERANG ULU II, KOTA PALEMBANG, SUMATERA SELATAN",26,66,126,192
https://kawalpemilu.org#20535,"13 ULU, SEBERANG ULU II, KOTA PALEMBANG, SUMATERA SELATAN",27,76,158,234
https://kawalpemilu.org#20535,"13 ULU, SEBERANG ULU II, KOTA PALEMBANG, SUMATERA SELATAN",29,69,189,258
https://kawalpemilu.org#20536,"14 ULU, SEBERANG ULU II, KOTA PALEMBANG, SUMATERA SELATAN",1,95,158,253
https://kawalpemilu.org#20536,"14 ULU, SEBERANG ULU II, KOTA PALEMBANG, SUMATERA SELATAN",2,76,146,222
https://kawalpemilu.org#20536,"14 ULU, SEBERANG ULU II, KOTA PALEMBANG, SUMATERA SELATAN",3,54,177,231
https://kawalpemilu.org#20536,"14 ULU, SEBERANG ULU II, KOTA PALEMBANG, SUMATERA SELATAN",4,15,253,268
https://kawalpemilu.org#20536,"14 ULU, SEBERANG ULU II, KOTA PALEMBANG, SUMATERA SELATAN",5,70,172,242
https://kawalpemilu.org#20536,"14 ULU, SEBERANG ULU II, KOTA PALEMBANG, SUMATERA SELATAN",6,63,198,261
https://kawalpemilu.org#20536,"14 ULU, SEBERANG ULU II, KOTA PALEMBANG, SUMATERA SELATAN",7,84,173,257
https://kawalpemilu.org#20536,"14 ULU, SEBERANG ULU II, KOTA PALEMBANG, SUMATERA SELATAN",8,69,183,252
https://kawalpemilu.org#20536,"14 ULU, SEBERANG ULU II, KOTA PALEMBANG, SUMATERA SELATAN",9,56,162,218
https://kawalpemilu.org#20536,"14 ULU, SEBERANG ULU II, KOTA PALEMBANG, SUMATERA SELATAN",10,86,163,249
https://kawalpemilu.org#20536,"14 ULU, SEBERANG ULU II, KOTA PALEMBANG, SUMATERA SELATAN",11,79,131,210
https://kawalpemilu.org#20536,"14 ULU, SEBERANG ULU II, KOTA PALEMBANG, SUMATERA SELATAN",12,74,128,202
https://kawalpemilu.org#20536,"14 ULU, SEBERANG ULU II, KOTA PALEMBANG, SUMATERA SELATAN",13,62,184,246
https://kawalpemilu.org#20536,"14 ULU, SEBERANG ULU II, KOTA PALEMBANG, SUMATERA SELATAN",14,63,126,189
https://kawalpemilu.org#20536,"14 ULU, SEBERANG ULU II, KOTA PALEMBANG, SUMATERA SELATAN",15,74,106,180
https://kawalpemilu.org#20536,"14 ULU, SEBERANG ULU II, KOTA PALEMBANG, SUMATERA SELATAN",16,92,178,270
https://kawalpemilu.org#20536,"14 ULU, SEBERANG ULU II, KOTA PALEMBANG, SUMATERA SELATAN",17,98,179,277
https://kawalpemilu.org#20536,"14 ULU, SEBERANG ULU II, KOTA PALEMBANG, SUMATERA SELATAN",18,228,47,275
https://kawalpemilu.org#20536,"14 ULU, SEBERANG ULU II, KOTA PALEMBANG, SUMATERA SELATAN",19,155,100,255
https://kawalpemilu.org#20536,"14 ULU, SEBERANG ULU II, KOTA PALEMBANG, SUMATERA SELATAN",20,90,174,264
https://kawalpemilu.org#20536,"14 ULU, SEBERANG ULU II, KOTA PALEMBANG, SUMATERA SELATAN",21,83,122,205
https://kawalpemilu.org#20536,"14 ULU, SEBERANG ULU II, KOTA PALEMBANG, SUMATERA SELATAN",22,70,132,202
https://kawalpemilu.org#20536,"14 ULU, SEBERANG ULU II, KOTA PALEMBANG, SUMATERA SELATAN",23,81,136,217
https://kawalpemilu.org#20536,"14 ULU, SEBERANG ULU II, KOTA PALEMBANG, SUMATERA SELATAN",24,55,170,225
https://kawalpemilu.org#20536,"14 ULU, SEBERANG ULU II, KOTA PALEMBANG, SUMATERA SELATAN",25,70,154,224
https://kawalpemilu.org#20536,"14 ULU, SEBERANG ULU II, KOTA PALEMBANG, SUMATERA SELATAN",26,53,207,260
https://kawalpemilu.org#20536,"14 ULU, SEBERANG ULU II, KOTA PALEMBANG, SUMATERA SELATAN",27,98,143,241
https://kawalpemilu.org#20536,"14 ULU, SEBERANG ULU II, KOTA PALEMBANG, SUMATERA SELATAN",28,77,162,239
https://kawalpemilu.org#20536,"14 ULU, SEBERANG ULU II, KOTA PALEMBANG, SUMATERA SELATAN",29,99,171,270
https://kawalpemilu.org#20536,"14 ULU, SEBERANG ULU II, KOTA PALEMBANG, SUMATERA SELATAN",30,66,113,179
https://kawalpemilu.org#20537,"16 ULU, SEBERANG ULU II, KOTA PALEMBANG, SUMATERA SELATAN",1,64,200,264
https://kawalpemilu.org#20537,"16 ULU, SEBERANG ULU II, KOTA PALEMBANG, SUMATERA SELATAN",3,55,118,173
https://kawalpemilu.org#20537,"16 ULU, SEBERANG ULU II, KOTA PALEMBANG, SUMATERA SELATAN",4,86,172,258
https://kawalpemilu.org#20537,"16 ULU, SEBERANG ULU II, KOTA PALEMBANG, SUMATERA SELATAN",7,103,146,249
https://kawalpemilu.org#20537,"16 ULU, SEBERANG ULU II, KOTA PALEMBANG, SUMATERA SELATAN",8,93,196,289
https://kawalpemilu.org#20537,"16 ULU, SEBERANG ULU II, KOTA PALEMBANG, SUMATERA SELATAN",10,78,151,229
https://kawalpemilu.org#20537,"16 ULU, SEBERANG ULU II, KOTA PALEMBANG, SUMATERA SELATAN",13,56,191,247
https://kawalpemilu.org#20537,"16 ULU, SEBERANG ULU II, KOTA PALEMBANG, SUMATERA SELATAN",16,91,196,287
https://kawalpemilu.org#20537,"16 ULU, SEBERANG ULU II, KOTA PALEMBANG, SUMATERA SELATAN",23,75,150,225
https://kawalpemilu.org#20537,"16 ULU, SEBERANG ULU II, KOTA PALEMBANG, SUMATERA SELATAN",24,79,149,228
https://kawalpemilu.org#20537,"16 ULU, SEBERANG ULU II, KOTA PALEMBANG, SUMATERA SELATAN",29,62,138,200
https://kawalpemilu.org#20537,"16 ULU, SEBERANG ULU II, KOTA PALEMBANG, SUMATERA SELATAN",30,92,168,260
https://kawalpemilu.org#20537,"16 ULU, SEBERANG ULU II, KOTA PALEMBANG, SUMATERA SELATAN",31,98,197,295
https://kawalpemilu.org#20537,"16 ULU, SEBERANG ULU II, KOTA PALEMBANG, SUMATERA SELATAN",43,63,168,231
https://kawalpemilu.org#20537,"16 ULU, SEBERANG ULU II, KOTA PALEMBANG, SUMATERA SELATAN",56,61,154,215
https://kawalpemilu.org#20537,"16 ULU, SEBERANG ULU II, KOTA PALEMBANG, SUMATERA SELATAN",58,75,139,214
https://kawalpemilu.org#20537,"16 ULU, SEBERANG ULU II, KOTA PALEMBANG, SUMATERA SELATAN",60,66,175,241
https://kawalpemilu.org#20537,"16 ULU, SEBERANG ULU II, KOTA PALEMBANG, SUMATERA SELATAN",65,97,127,224
https://kawalpemilu.org#20537,"16 ULU, SEBERANG ULU II, KOTA PALEMBANG, SUMATERA SELATAN",66,59,144,203
https://kawalpemilu.org#20538,"TANGGA TAKAT, SEBERANG ULU II, KOTA PALEMBANG, SUMATERA SELATAN",9,80,146,226
https://kawalpemilu.org#20538,"TANGGA TAKAT, SEBERANG ULU II, KOTA PALEMBANG, SUMATERA SELATAN",16,62,122,184
https://kawalpemilu.org#20538,"TANGGA TAKAT, SEBERANG ULU II, KOTA PALEMBANG, SUMATERA SELATAN",30,73,154,227
https://kawalpemilu.org#20538,"TANGGA TAKAT, SEBERANG ULU II, KOTA PALEMBANG, SUMATERA SELATAN",31,77,135,212
https://kawalpemilu.org#20538,"TANGGA TAKAT, SEBERANG ULU II, KOTA PALEMBANG, SUMATERA SELATAN",32,107,95,202
https://kawalpemilu.org#20538,"TANGGA TAKAT, SEBERANG ULU II, KOTA PALEMBANG, SUMATERA SELATAN",33,92,150,242
https://kawalpemilu.org#20538,"TANGGA TAKAT, SEBERANG ULU II, KOTA PALEMBANG, SUMATERA SELATAN",34,66,160,226
https://kawalpemilu.org#20538,"TANGGA TAKAT, SEBERANG ULU II, KOTA PALEMBANG, SUMATERA SELATAN",36,53,151,204
https://kawalpemilu.org#20538,"TANGGA TAKAT, SEBERANG ULU II, KOTA PALEMBANG, SUMATERA SELATAN",37,102,124,226
https://kawalpemilu.org#20538,"TANGGA TAKAT, SEBERANG ULU II, KOTA PALEMBANG, SUMATERA SELATAN",38,138,106,244
https://kawalpemilu.org#20538,"TANGGA TAKAT, SEBERANG ULU II, KOTA PALEMBANG, SUMATERA SELATAN",39,63,161,224
https://kawalpemilu.org#20538,"TANGGA TAKAT, SEBERANG ULU II, KOTA PALEMBANG, SUMATERA SELATAN",40,56,162,218
https://kawalpemilu.org#20538,"TANGGA TAKAT, SEBERANG ULU II, KOTA PALEMBANG, SUMATERA SELATAN",41,83,152,235
https://kawalpemilu.org#20538,"TANGGA TAKAT, SEBERANG ULU II, KOTA PALEMBANG, SUMATERA SELATAN",44,44,159,203
https://kawalpemilu.org#20538,"TANGGA TAKAT, SEBERANG ULU II, KOTA PALEMBANG, SUMATERA SELATAN",45,82,140,222
https://kawalpemilu.org#20538,"TANGGA TAKAT, SEBERANG ULU II, KOTA PALEMBANG, SUMATERA SELATAN",46,63,152,215
https://kawalpemilu.org#20539,"SENTOSA, SEBERANG ULU II, KOTA PALEMBANG, SUMATERA SELATAN",1,94,118,212
https://kawalpemilu.org#20539,"SENTOSA, SEBERANG ULU II, KOTA PALEMBANG, SUMATERA SELATAN",2,82,139,221
https://kawalpemilu.org#20539,"SENTOSA, SEBERANG ULU II, KOTA PALEMBANG, SUMATERA SELATAN",3,62,107,169
https://kawalpemilu.org#20539,"SENTOSA, SEBERANG ULU II, KOTA PALEMBANG, SUMATERA SELATAN",5,76,141,217
https://kawalpemilu.org#20539,"SENTOSA, SEBERANG ULU II, KOTA PALEMBANG, SUMATERA SELATAN",6,29,90,119
https://kawalpemilu.org#20539,"SENTOSA, SEBERANG ULU II, KOTA PALEMBANG, SUMATERA SELATAN",8,46,125,171
https://kawalpemilu.org#20539,"SENTOSA, SEBERANG ULU II, KOTA PALEMBANG, SUMATERA SELATAN",10,70,136,206
https://kawalpemilu.org#20539,"SENTOSA, SEBERANG ULU II, KOTA PALEMBANG, SUMATERA SELATAN",12,73,148,221
https://kawalpemilu.org#20539,"SENTOSA, SEBERANG ULU II, KOTA PALEMBANG, SUMATERA SELATAN",13,114,131,245
https://kawalpemilu.org#20539,"SENTOSA, SEBERANG ULU II, KOTA PALEMBANG, SUMATERA SELATAN",15,124,121,245
https://kawalpemilu.org#20539,"SENTOSA, SEBERANG ULU II, KOTA PALEMBANG, SUMATERA SELATAN",16,105,129,234
https://kawalpemilu.org#20539,"SENTOSA, SEBERANG ULU II, KOTA PALEMBANG, SUMATERA SELATAN",17,80,130,210
https://kawalpemilu.org#20539,"SENTOSA, SEBERANG ULU II, KOTA PALEMBANG, SUMATERA SELATAN",18,45,134,179
https://kawalpemilu.org#20539,"SENTOSA, SEBERANG ULU II, KOTA PALEMBANG, SUMATERA SELATAN",20,76,144,220
https://kawalpemilu.org#20539,"SENTOSA, SEBERANG ULU II, KOTA PALEMBANG, SUMATERA SELATAN",21,74,155,229
https://kawalpemilu.org#20539,"SENTOSA, SEBERANG ULU II, KOTA PALEMBANG, SUMATERA SELATAN",22,81,114,195
https://kawalpemilu.org#20539,"SENTOSA, SEBERANG ULU II, KOTA PALEMBANG, SUMATERA SELATAN",23,77,109,186
https://kawalpemilu.org#20539,"SENTOSA, SEBERANG ULU II, KOTA PALEMBANG, SUMATERA SELATAN",24,98,108,206
https://kawalpemilu.org#20539,"SENTOSA, SEBERANG ULU II, KOTA PALEMBANG, SUMATERA SELATAN",25,65,70,135
https://kawalpemilu.org#20539,"SENTOSA, SEBERANG ULU II, KOTA PALEMBANG, SUMATERA SELATAN",26,78,106,184
https://kawalpemilu.org#20539,"SENTOSA, SEBERANG ULU II, KOTA PALEMBANG, SUMATERA SELATAN",27,35,100,135
https://kawalpemilu.org#20539,"SENTOSA, SEBERANG ULU II, KOTA PALEMBANG, SUMATERA SELATAN",28,51,87,138
https://kawalpemilu.org#20539,"SENTOSA, SEBERANG ULU II, KOTA PALEMBANG, SUMATERA SELATAN",30,46,170,216
https://kawalpemilu.org#20539,"SENTOSA, SEBERANG ULU II, KOTA PALEMBANG, SUMATERA SELATAN",31,46,121,167
https://kawalpemilu.org#20539,"SENTOSA, SEBERANG ULU II, KOTA PALEMBANG, SUMATERA SELATAN",32,83,126,209
https://kawalpemilu.org#20539,"SENTOSA, SEBERANG ULU II, KOTA PALEMBANG, SUMATERA SELATAN",33,112,82,194
https://kawalpemilu.org#20539,"SENTOSA, SEBERANG ULU II, KOTA PALEMBANG, SUMATERA SELATAN",34,62,114,176
https://kawalpemilu.org#20539,"SENTOSA, SEBERANG ULU II, KOTA PALEMBANG, SUMATERA SELATAN",35,112,120,232
https://kawalpemilu.org#20539,"SENTOSA, SEBERANG ULU II, KOTA PALEMBANG, SUMATERA SELATAN",36,94,131,225
https://kawalpemilu.org#20539,"SENTOSA, SEBERANG ULU II, KOTA PALEMBANG, SUMATERA SELATAN",37,71,101,172
https://kawalpemilu.org#20539,"SENTOSA, SEBERANG ULU II, KOTA PALEMBANG, SUMATERA SELATAN",38,78,119,197
https://kawalpemilu.org#20539,"SENTOSA, SEBERANG ULU II, KOTA PALEMBANG, SUMATERA SELATAN",39,108,135,243
https://kawalpemilu.org#20539,"SENTOSA, SEBERANG ULU II, KOTA PALEMBANG, SUMATERA SELATAN",40,117,131,248
https://kawalpemilu.org#20539,"SENTOSA, SEBERANG ULU II, KOTA PALEMBANG, SUMATERA SELATAN",42,80,163,243
https://kawalpemilu.org#20539,"SENTOSA, SEBERANG ULU II, KOTA PALEMBANG, SUMATERA SELATAN",43,98,139,237
https://kawalpemilu.org#20539,"SENTOSA, SEBERANG ULU II, KOTA PALEMBANG, SUMATERA SELATAN",44,105,145,250
https://kawalpemilu.org#20539,"SENTOSA, SEBERANG ULU II, KOTA PALEMBANG, SUMATERA SELATAN",45,44,191,235
https://kawalpemilu.org#20541,"BUKIT LAMA, ILIR BARAT I, KOTA PALEMBANG, SUMATERA SELATAN",1,77,165,242
https://kawalpemilu.org#20541,"BUKIT LAMA, ILIR BARAT I, KOTA PALEMBANG, SUMATERA SELATAN",2,50,162,212
https://kawalpemilu.org#20541,"BUKIT LAMA, ILIR BARAT I, KOTA PALEMBANG, SUMATERA SELATAN",3,58,137,195
https://kawalpemilu.org#20541,"BUKIT LAMA, ILIR BARAT I, KOTA PALEMBANG, SUMATERA SELATAN",4,72,148,220
https://kawalpemilu.org#20541,"BUKIT LAMA, ILIR BARAT I, KOTA PALEMBANG, SUMATERA SELATAN",5,49,109,158
https://kawalpemilu.org#20541,"BUKIT LAMA, ILIR BARAT I, KOTA PALEMBANG, SUMATERA SELATAN",6,58,112,170
https://kawalpemilu.org#20541,"BUKIT LAMA, ILIR BARAT I, KOTA PALEMBANG, SUMATERA SELATAN",7,54,94,148
https://kawalpemilu.org#20541,"BUKIT LAMA, ILIR BARAT I, KOTA PALEMBANG, SUMATERA SELATAN",8,74,148,222
https://kawalpemilu.org#20541,"BUKIT LAMA, ILIR BARAT I, KOTA PALEMBANG, SUMATERA SELATAN",9,84,167,251
https://kawalpemilu.org#20541,"BUKIT LAMA, ILIR BARAT I, KOTA PALEMBANG, SUMATERA SELATAN",10,76,169,245
https://kawalpemilu.org#20541,"BUKIT LAMA, ILIR BARAT I, KOTA PALEMBANG, SUMATERA SELATAN",11,47,109,156
https://kawalpemilu.org#20541,"BUKIT LAMA, ILIR BARAT I, KOTA PALEMBANG, SUMATERA SELATAN",12,44,116,160
https://kawalpemilu.org#20541,"BUKIT LAMA, ILIR BARAT I, KOTA PALEMBANG, SUMATERA SELATAN",13,54,85,139
https://kawalpemilu.org#20541,"BUKIT LAMA, ILIR BARAT I, KOTA PALEMBANG, SUMATERA SELATAN",14,58,122,180
https://kawalpemilu.org#20541,"BUKIT LAMA, ILIR BARAT I, KOTA PALEMBANG, SUMATERA SELATAN",15,46,111,157
https://kawalpemilu.org#20541,"BUKIT LAMA, ILIR BARAT I, KOTA PALEMBANG, SUMATERA SELATAN",16,44,123,167
https://kawalpemilu.org#20541,"BUKIT LAMA, ILIR BARAT I, KOTA PALEMBANG, SUMATERA SELATAN",17,45,142,187
https://kawalpemilu.org#20541,"BUKIT LAMA, ILIR BARAT I, KOTA PALEMBANG, SUMATERA SELATAN",18,65,128,192
https://kawalpemilu.org#20541,"BUKIT LAMA, ILIR BARAT I, KOTA PALEMBANG, SUMATERA SELATAN",19,78,108,186
https://kawalpemilu.org#20541,"BUKIT LAMA, ILIR BARAT I, KOTA PALEMBANG, SUMATERA SELATAN",20,65,111,176
https://kawalpemilu.org#20541,"BUKIT LAMA, ILIR BARAT I, KOTA PALEMBANG, SUMATERA SELATAN",21,84,153,237
https://kawalpemilu.org#20541,"BUKIT LAMA, ILIR BARAT I, KOTA PALEMBANG, SUMATERA SELATAN",22,34,97,131
https://kawalpemilu.org#20541,"BUKIT LAMA, ILIR BARAT I, KOTA PALEMBANG, SUMATERA SELATAN",23,48,100,148
https://kawalpemilu.org#20541,"BUKIT LAMA, ILIR BARAT I, KOTA PALEMBANG, SUMATERA SELATAN",24,49,125,174
https://kawalpemilu.org#20541,"BUKIT LAMA, ILIR BARAT I, KOTA PALEMBANG, SUMATERA SELATAN",25,69,127,196
https://kawalpemilu.org#20541,"BUKIT LAMA, ILIR BARAT I, KOTA PALEMBANG, SUMATERA SELATAN",26,41,97,138
https://kawalpemilu.org#20541,"BUKIT LAMA, ILIR BARAT I, KOTA PALEMBANG, SUMATERA SELATAN",27,38,106,144
https://kawalpemilu.org#20541,"BUKIT LAMA, ILIR BARAT I, KOTA PALEMBANG, SUMATERA SELATAN",28,61,101,162
https://kawalpemilu.org#20541,"BUKIT LAMA, ILIR BARAT I, KOTA PALEMBANG, SUMATERA SELATAN",29,62,110,172
https://kawalpemilu.org#20541,"BUKIT LAMA, ILIR BARAT I, KOTA PALEMBANG, SUMATERA SELATAN",30,54,123,177
https://kawalpemilu.org#20541,"BUKIT LAMA, ILIR BARAT I, KOTA PALEMBANG, SUMATERA SELATAN",31,48,130,178
https://kawalpemilu.org#20541,"BUKIT LAMA, ILIR BARAT I, KOTA PALEMBANG, SUMATERA SELATAN",32,49,130,179
https://kawalpemilu.org#20541,"BUKIT LAMA, ILIR BARAT I, KOTA PALEMBANG, SUMATERA SELATAN",33,71,131,202
https://kawalpemilu.org#20541,"BUKIT LAMA, ILIR BARAT I, KOTA PALEMBANG, SUMATERA SELATAN",34,63,134,197
https://kawalpemilu.org#20541,"BUKIT LAMA, ILIR BARAT I, KOTA PALEMBANG, SUMATERA SELATAN",35,93,65,158
https://kawalpemilu.org#20541,"BUKIT LAMA, ILIR BARAT I, KOTA PALEMBANG, SUMATERA SELATAN",36,117,69,186
https://kawalpemilu.org#20541,"BUKIT LAMA, ILIR BARAT I, KOTA PALEMBANG, SUMATERA SELATAN",37,159,13,172
https://kawalpemilu.org#20541,"BUKIT LAMA, ILIR BARAT I, KOTA PALEMBANG, SUMATERA SELATAN",38,160,9,169
https://kawalpemilu.org#20541,"BUKIT LAMA, ILIR BARAT I, KOTA PALEMBANG, SUMATERA SELATAN",39,144,12,156
https://kawalpemilu.org#20541,"BUKIT LAMA, ILIR BARAT I, KOTA PALEMBANG, SUMATERA SELATAN",40,42,84,126
https://kawalpemilu.org#20541,"BUKIT LAMA, ILIR BARAT I, KOTA PALEMBANG, SUMATERA SELATAN",41,58,86,144
https://kawalpemilu.org#20541,"BUKIT LAMA, ILIR BARAT I, KOTA PALEMBANG, SUMATERA SELATAN",42,70,159,229
https://kawalpemilu.org#20541,"BUKIT LAMA, ILIR BARAT I, KOTA PALEMBANG, SUMATERA SELATAN",43,74,79,153
https://kawalpemilu.org#20541,"BUKIT LAMA, ILIR BARAT I, KOTA PALEMBANG, SUMATERA SELATAN",44,61,89,150
https://kawalpemilu.org#20541,"BUKIT LAMA, ILIR BARAT I, KOTA PALEMBANG, SUMATERA SELATAN",45,76,129,205
https://kawalpemilu.org#20541,"BUKIT LAMA, ILIR BARAT I, KOTA PALEMBANG, SUMATERA SELATAN",46,72,130,205
https://kawalpemilu.org#20541,"BUKIT LAMA, ILIR BARAT I, KOTA PALEMBANG, SUMATERA SELATAN",47,99,104,203
https://kawalpemilu.org#20541,"BUKIT LAMA, ILIR BARAT I, KOTA PALEMBANG, SUMATERA SELATAN",48,72,69,141
https://kawalpemilu.org#20541,"BUKIT LAMA, ILIR BARAT I, KOTA PALEMBANG, SUMATERA SELATAN",49,119,78,197
https://kawalpemilu.org#20541,"BUKIT LAMA, ILIR BARAT I, KOTA PALEMBANG, SUMATERA SELATAN",50,113,75,188
https://kawalpemilu.org#20541,"BUKIT LAMA, ILIR BARAT I, KOTA PALEMBANG, SUMATERA SELATAN",51,169,68,237
https://kawalpemilu.org#20541,"BUKIT LAMA, ILIR BARAT I, KOTA PALEMBANG, SUMATERA SELATAN",52,106,152,258
https://kawalpemilu.org#20541,"BUKIT LAMA, ILIR BARAT I, KOTA PALEMBANG, SUMATERA SELATAN",53,0,0,0
https://kawalpemilu.org#20541,"BUKIT LAMA, ILIR BARAT I, KOTA PALEMBANG, SUMATERA SELATAN",55,99,120,219
https://kawalpemilu.org#20541,"BUKIT LAMA, ILIR BARAT I, KOTA PALEMBANG, SUMATERA SELATAN",56,92,120,212
https://kawalpemilu.org#20541,"BUKIT LAMA, ILIR BARAT I, KOTA PALEMBANG, SUMATERA SELATAN",58,47,127,174
https://kawalpemilu.org#20541,"BUKIT LAMA, ILIR BARAT I, KOTA PALEMBANG, SUMATERA SELATAN",59,69,119,188
https://kawalpemilu.org#20541,"BUKIT LAMA, ILIR BARAT I, KOTA PALEMBANG, SUMATERA SELATAN",60,116,96,212
https://kawalpemilu.org#20541,"BUKIT LAMA, ILIR BARAT I, KOTA PALEMBANG, SUMATERA SELATAN",61,132,59,191
https://kawalpemilu.org#20541,"BUKIT LAMA, ILIR BARAT I, KOTA PALEMBANG, SUMATERA SELATAN",63,39,69,108
https://kawalpemilu.org#20541,"BUKIT LAMA, ILIR BARAT I, KOTA PALEMBANG, SUMATERA SELATAN",64,60,77,137
https://kawalpemilu.org#20541,"BUKIT LAMA, ILIR BARAT I, KOTA PALEMBANG, SUMATERA SELATAN",65,53,103,156
https://kawalpemilu.org#20541,"BUKIT LAMA, ILIR BARAT I, KOTA PALEMBANG, SUMATERA SELATAN",66,115,91,206
https://kawalpemilu.org#20541,"BUKIT LAMA, ILIR BARAT I, KOTA PALEMBANG, SUMATERA SELATAN",67,81,47,128
https://kawalpemilu.org#20541,"BUKIT LAMA, ILIR BARAT I, KOTA PALEMBANG, SUMATERA SELATAN",68,57,188,245
https://kawalpemilu.org#20541,"BUKIT LAMA, ILIR BARAT I, KOTA PALEMBANG, SUMATERA SELATAN",69,84,160,244
https://kawalpemilu.org#20541,"BUKIT LAMA, ILIR BARAT I, KOTA PALEMBANG, SUMATERA SELATAN",70,78,190,268
https://kawalpemilu.org#20541,"BUKIT LAMA, ILIR BARAT I, KOTA PALEMBANG, SUMATERA SELATAN",71,28,112,140
https://kawalpemilu.org#20541,"BUKIT LAMA, ILIR BARAT I, KOTA PALEMBANG, SUMATERA SELATAN",72,32,101,133
https://kawalpemilu.org#20541,"BUKIT LAMA, ILIR BARAT I, KOTA PALEMBANG, SUMATERA SELATAN",73,35,107,142
https://kawalpemilu.org#20541,"BUKIT LAMA, ILIR BARAT I, KOTA PALEMBANG, SUMATERA SELATAN",74,132,113,245
https://kawalpemilu.org#20541,"BUKIT LAMA, ILIR BARAT I, KOTA PALEMBANG, SUMATERA SELATAN",75,63,144,207
https://kawalpemilu.org#20541,"BUKIT LAMA, ILIR BARAT I, KOTA PALEMBANG, SUMATERA SELATAN",76,46,108,154
https://kawalpemilu.org#20541,"BUKIT LAMA, ILIR BARAT I, KOTA PALEMBANG, SUMATERA SELATAN",77,60,84,144
https://kawalpemilu.org#20541,"BUKIT LAMA, ILIR BARAT I, KOTA PALEMBANG, SUMATERA SELATAN",78,74,118,192
https://kawalpemilu.org#20541,"BUKIT LAMA, ILIR BARAT I, KOTA PALEMBANG, SUMATERA SELATAN",79,86,115,201
https://kawalpemilu.org#20541,"BUKIT LAMA, ILIR BARAT I, KOTA PALEMBANG, SUMATERA SELATAN",80,50,152,202
https://kawalpemilu.org#20541,"BUKIT LAMA, ILIR BARAT I, KOTA PALEMBANG, SUMATERA SELATAN",81,40,90,130
https://kawalpemilu.org#20541,"BUKIT LAMA, ILIR BARAT I, KOTA PALEMBANG, SUMATERA SELATAN",82,76,160,236
https://kawalpemilu.org#20541,"BUKIT LAMA, ILIR BARAT I, KOTA PALEMBANG, SUMATERA SELATAN",83,73,152,225
https://kawalpemilu.org#20541,"BUKIT LAMA, ILIR BARAT I, KOTA PALEMBANG, SUMATERA SELATAN",84,38,111,149
https://kawalpemilu.org#20541,"BUKIT LAMA, ILIR BARAT I, KOTA PALEMBANG, SUMATERA SELATAN",85,45,84,129
https://kawalpemilu.org#20541,"BUKIT LAMA, ILIR BARAT I, KOTA PALEMBANG, SUMATERA SELATAN",86,51,83,134
https://kawalpemilu.org#20541,"BUKIT LAMA, ILIR BARAT I, KOTA PALEMBANG, SUMATERA SELATAN",87,66,138,204
https://kawalpemilu.org#20541,"BUKIT LAMA, ILIR BARAT I, KOTA PALEMBANG, SUMATERA SELATAN",88,77,106,183
https://kawalpemilu.org#20541,"BUKIT LAMA, ILIR BARAT I, KOTA PALEMBANG, SUMATERA SELATAN",89,69,47,116
https://kawalpemilu.org#20541,"BUKIT LAMA, ILIR BARAT I, KOTA PALEMBANG, SUMATERA SELATAN",90,81,86,167
https://kawalpemilu.org#20541,"BUKIT LAMA, ILIR BARAT I, KOTA PALEMBANG, SUMATERA SELATAN",91,56,126,182
https://kawalpemilu.org#20541,"BUKIT LAMA, ILIR BARAT I, KOTA PALEMBANG, SUMATERA SELATAN",92,73,133,206
https://kawalpemilu.org#20541,"BUKIT LAMA, ILIR BARAT I, KOTA PALEMBANG, SUMATERA SELATAN",93,82,110,192
https://kawalpemilu.org#20541,"BUKIT LAMA, ILIR BARAT I, KOTA PALEMBANG, SUMATERA SELATAN",94,54,118,172
https://kawalpemilu.org#20541,"BUKIT LAMA, ILIR BARAT I, KOTA PALEMBANG, SUMATERA SELATAN",95,63,140,203
https://kawalpemilu.org#20541,"BUKIT LAMA, ILIR BARAT I, KOTA PALEMBANG, SUMATERA SELATAN",96,64,120,184
https://kawalpemilu.org#20541,"BUKIT LAMA, ILIR BARAT I, KOTA PALEMBANG, SUMATERA SELATAN",97,54,103,157
https://kawalpemilu.org#20541,"BUKIT LAMA, ILIR BARAT I, KOTA PALEMBANG, SUMATERA SELATAN",98,75,97,172
https://kawalpemilu.org#20541,"BUKIT LAMA, ILIR BARAT I, KOTA PALEMBANG, SUMATERA SELATAN",99,71,104,175
https://kawalpemilu.org#20541,"BUKIT LAMA, ILIR BARAT I, KOTA PALEMBANG, SUMATERA SELATAN",100,84,149,233
https://kawalpemilu.org#20541,"BUKIT LAMA, ILIR BARAT I, KOTA PALEMBANG, SUMATERA SELATAN",101,72,134,206
https://kawalpemilu.org#20541,"BUKIT LAMA, ILIR BARAT I, KOTA PALEMBANG, SUMATERA SELATAN",102,59,116,175
https://kawalpemilu.org#20541,"BUKIT LAMA, ILIR BARAT I, KOTA PALEMBANG, SUMATERA SELATAN",103,19,63,82
https://kawalpemilu.org#20541,"BUKIT LAMA, ILIR BARAT I, KOTA PALEMBANG, SUMATERA SELATAN",104,75,165,240
https://kawalpemilu.org#20541,"BUKIT LAMA, ILIR BARAT I, KOTA PALEMBANG, SUMATERA SELATAN",105,77,112,189
https://kawalpemilu.org#20541,"BUKIT LAMA, ILIR BARAT I, KOTA PALEMBANG, SUMATERA SELATAN",106,44,68,112
https://kawalpemilu.org#20541,"BUKIT LAMA, ILIR BARAT I, KOTA PALEMBANG, SUMATERA SELATAN",107,90,83,173
https://kawalpemilu.org#20541,"BUKIT LAMA, ILIR BARAT I, KOTA PALEMBANG, SUMATERA SELATAN",108,87,121,208
https://kawalpemilu.org#20541,"BUKIT LAMA, ILIR BARAT I, KOTA PALEMBANG, SUMATERA SELATAN",109,84,90,174
https://kawalpemilu.org#20541,"BUKIT LAMA, ILIR BARAT I, KOTA PALEMBANG, SUMATERA SELATAN",110,49,100,149
https://kawalpemilu.org#20541,"BUKIT LAMA, ILIR BARAT I, KOTA PALEMBANG, SUMATERA SELATAN",111,68,99,167
https://kawalpemilu.org#20541,"BUKIT LAMA, ILIR BARAT I, KOTA PALEMBANG, SUMATERA SELATAN",112,64,120,184
https://kawalpemilu.org#20541,"BUKIT LAMA, ILIR BARAT I, KOTA PALEMBANG, SUMATERA SELATAN",113,57,117,174
https://kawalpemilu.org#20541,"BUKIT LAMA, ILIR BARAT I, KOTA PALEMBANG, SUMATERA SELATAN",114,44,118,162
https://kawalpemilu.org#20541,"BUKIT LAMA, ILIR BARAT I, KOTA PALEMBANG, SUMATERA SELATAN",116,44,158,202
https://kawalpemilu.org#20541,"BUKIT LAMA, ILIR BARAT I, KOTA PALEMBANG, SUMATERA SELATAN",117,64,120,184
https://kawalpemilu.org#20541,"BUKIT LAMA, ILIR BARAT I, KOTA PALEMBANG, SUMATERA SELATAN",118,76,100,176
https://kawalpemilu.org#20541,"BUKIT LAMA, ILIR BARAT I, KOTA PALEMBANG, SUMATERA SELATAN",119,104,59,163
https://kawalpemilu.org#20541,"BUKIT LAMA, ILIR BARAT I, KOTA PALEMBANG, SUMATERA SELATAN",120,58,70,128
https://kawalpemilu.org#20541,"BUKIT LAMA, ILIR BARAT I, KOTA PALEMBANG, SUMATERA SELATAN",121,65,118,183
https://kawalpemilu.org#20541,"BUKIT LAMA, ILIR BARAT I, KOTA PALEMBANG, SUMATERA SELATAN",122,0,0,0
https://kawalpemilu.org#20541,"BUKIT LAMA, ILIR BARAT I, KOTA PALEMBANG, SUMATERA SELATAN",123,43,83,126
https://kawalpemilu.org#20541,"BUKIT LAMA, ILIR BARAT I, KOTA PALEMBANG, SUMATERA SELATAN",125,57,80,137
https://kawalpemilu.org#20541,"BUKIT LAMA, ILIR BARAT I, KOTA PALEMBANG, SUMATERA SELATAN",126,53,74,127
https://kawalpemilu.org#20541,"BUKIT LAMA, ILIR BARAT I, KOTA PALEMBANG, SUMATERA SELATAN",127,49,80,129
https://kawalpemilu.org#20542,"LOROK PAKJO, ILIR BARAT I, KOTA PALEMBANG, SUMATERA SELATAN",1,95,147,242
https://kawalpemilu.org#20542,"LOROK PAKJO, ILIR BARAT I, KOTA PALEMBANG, SUMATERA SELATAN",2,87,123,210
https://kawalpemilu.org#20542,"LOROK PAKJO, ILIR BARAT I, KOTA PALEMBANG, SUMATERA SELATAN",3,66,135,201
https://kawalpemilu.org#20542,"LOROK PAKJO, ILIR BARAT I, KOTA PALEMBANG, SUMATERA SELATAN",4,65,119,184
https://kawalpemilu.org#20542,"LOROK PAKJO, ILIR BARAT I, KOTA PALEMBANG, SUMATERA SELATAN",5,81,99,180
https://kawalpemilu.org#20542,"LOROK PAKJO, ILIR BARAT I, KOTA PALEMBANG, SUMATERA SELATAN",6,51,110,161
https://kawalpemilu.org#20542,"LOROK PAKJO, ILIR BARAT I, KOTA PALEMBANG, SUMATERA SELATAN",8,120,34,154
https://kawalpemilu.org#20542,"LOROK PAKJO, ILIR BARAT I, KOTA PALEMBANG, SUMATERA SELATAN",9,114,131,245
https://kawalpemilu.org#20542,"LOROK PAKJO, ILIR BARAT I, KOTA PALEMBANG, SUMATERA SELATAN",12,86,94,180
https://kawalpemilu.org#20542,"LOROK PAKJO, ILIR BARAT I, KOTA PALEMBANG, SUMATERA SELATAN",14,158,23,181
https://kawalpemilu.org#20542,"LOROK PAKJO, ILIR BARAT I, KOTA PALEMBANG, SUMATERA SELATAN",15,175,30,205
https://kawalpemilu.org#20542,"LOROK PAKJO, ILIR BARAT I, KOTA PALEMBANG, SUMATERA SELATAN",18,64,126,190
https://kawalpemilu.org#20542,"LOROK PAKJO, ILIR BARAT I, KOTA PALEMBANG, SUMATERA SELATAN",19,49,97,146
https://kawalpemilu.org#20542,"LOROK PAKJO, ILIR BARAT I, KOTA PALEMBANG, SUMATERA SELATAN",20,74,130,204
https://kawalpemilu.org#20542,"LOROK PAKJO, ILIR BARAT I, KOTA PALEMBANG, SUMATERA SELATAN",21,82,121,203
https://kawalpemilu.org#20542,"LOROK PAKJO, ILIR BARAT I, KOTA PALEMBANG, SUMATERA SELATAN",23,42,91,133
https://kawalpemilu.org#20542,"LOROK PAKJO, ILIR BARAT I, KOTA PALEMBANG, SUMATERA SELATAN",24,68,135,203
https://kawalpemilu.org#20542,"LOROK PAKJO, ILIR BARAT I, KOTA PALEMBANG, SUMATERA SELATAN",25,66,125,191
https://kawalpemilu.org#20542,"LOROK PAKJO, ILIR BARAT I, KOTA PALEMBANG, SUMATERA SELATAN",26,42,129,171
https://kawalpemilu.org#20542,"LOROK PAKJO, ILIR BARAT I, KOTA PALEMBANG, SUMATERA SELATAN",27,59,76,135
https://kawalpemilu.org#20542,"LOROK PAKJO, ILIR BARAT I, KOTA PALEMBANG, SUMATERA SELATAN",28,61,76,137
https://kawalpemilu.org#20542,"LOROK PAKJO, ILIR BARAT I, KOTA PALEMBANG, SUMATERA SELATAN",29,53,106,159
https://kawalpemilu.org#20542,"LOROK PAKJO, ILIR BARAT I, KOTA PALEMBANG, SUMATERA SELATAN",30,48,103,151
https://kawalpemilu.org#20542,"LOROK PAKJO, ILIR BARAT I, KOTA PALEMBANG, SUMATERA SELATAN",31,62,117,179
https://kawalpemilu.org#20542,"LOROK PAKJO, ILIR BARAT I, KOTA PALEMBANG, SUMATERA SELATAN",32,52,116,168
https://kawalpemilu.org#20542,"LOROK PAKJO, ILIR BARAT I, KOTA PALEMBANG, SUMATERA SELATAN",33,36,108,144
https://kawalpemilu.org#20542,"LOROK PAKJO, ILIR BARAT I, KOTA PALEMBANG, SUMATERA SELATAN",34,57,135,192
https://kawalpemilu.org#20542,"LOROK PAKJO, ILIR BARAT I, KOTA PALEMBANG, SUMATERA SELATAN",35,71,122,193
https://kawalpemilu.org#20542,"LOROK PAKJO, ILIR BARAT I, KOTA PALEMBANG, SUMATERA SELATAN",36,68,131,199
https://kawalpemilu.org#20542,"LOROK PAKJO, ILIR BARAT I, KOTA PALEMBANG, SUMATERA SELATAN",37,49,83,132
https://kawalpemilu.org#20542,"LOROK PAKJO, ILIR BARAT I, KOTA PALEMBANG, SUMATERA SELATAN",38,80,128,208
https://kawalpemilu.org#20542,"LOROK PAKJO, ILIR BARAT I, KOTA PALEMBANG, SUMATERA SELATAN",39,85,160,245
https://kawalpemilu.org#20542,"LOROK PAKJO, ILIR BARAT I, KOTA PALEMBANG, SUMATERA SELATAN",40,48,150,198
https://kawalpemilu.org#20542,"LOROK PAKJO, ILIR BARAT I, KOTA PALEMBANG, SUMATERA SELATAN",41,62,119,181
https://kawalpemilu.org#20542,"LOROK PAKJO, ILIR BARAT I, KOTA PALEMBANG, SUMATERA SELATAN",42,38,118,156
https://kawalpemilu.org#20542,"LOROK PAKJO, ILIR BARAT I, KOTA PALEMBANG, SUMATERA SELATAN",43,40,102,142
https://kawalpemilu.org#20542,"LOROK PAKJO, ILIR BARAT I, KOTA PALEMBANG, SUMATERA SELATAN",44,34,115,149
https://kawalpemilu.org#20542,"LOROK PAKJO, ILIR BARAT I, KOTA PALEMBANG, SUMATERA SELATAN",45,31,114,145
https://kawalpemilu.org#20542,"LOROK PAKJO, ILIR BARAT I, KOTA PALEMBANG, SUMATERA SELATAN",46,95,155,250
https://kawalpemilu.org#20542,"LOROK PAKJO, ILIR BARAT I, KOTA PALEMBANG, SUMATERA SELATAN",47,94,103,197
https://kawalpemilu.org#20542,"LOROK PAKJO, ILIR BARAT I, KOTA PALEMBANG, SUMATERA SELATAN",48,52,79,131
https://kawalpemilu.org#20542,"LOROK PAKJO, ILIR BARAT I, KOTA PALEMBANG, SUMATERA SELATAN",49,46,116,162
https://kawalpemilu.org#20542,"LOROK PAKJO, ILIR BARAT I, KOTA PALEMBANG, SUMATERA SELATAN",50,75,146,221
https://kawalpemilu.org#20542,"LOROK PAKJO, ILIR BARAT I, KOTA PALEMBANG, SUMATERA SELATAN",52,119,19,138
https://kawalpemilu.org#20542,"LOROK PAKJO, ILIR BARAT I, KOTA PALEMBANG, SUMATERA SELATAN",53,36,110,146
https://kawalpemilu.org#20542,"LOROK PAKJO, ILIR BARAT I, KOTA PALEMBANG, SUMATERA SELATAN",54,47,110,155
https://kawalpemilu.org#20542,"LOROK PAKJO, ILIR BARAT I, KOTA PALEMBANG, SUMATERA SELATAN",55,47,118,165
https://kawalpemilu.org#20542,"LOROK PAKJO, ILIR BARAT I, KOTA PALEMBANG, SUMATERA SELATAN",56,50,173,223
https://kawalpemilu.org#20542,"LOROK PAKJO, ILIR BARAT I, KOTA PALEMBANG, SUMATERA SELATAN",57,54,107,161
https://kawalpemilu.org#20542,"LOROK PAKJO, ILIR BARAT I, KOTA PALEMBANG, SUMATERA SELATAN",58,55,67,122
https://kawalpemilu.org#20542,"LOROK PAKJO, ILIR BARAT I, KOTA PALEMBANG, SUMATERA SELATAN",59,53,172,225
https://kawalpemilu.org#20542,"LOROK PAKJO, ILIR BARAT I, KOTA PALEMBANG, SUMATERA SELATAN",60,48,129,177
https://kawalpemilu.org#20542,"LOROK PAKJO, ILIR BARAT I, KOTA PALEMBANG, SUMATERA SELATAN",61,62,137,199
https://kawalpemilu.org#20542,"LOROK PAKJO, ILIR BARAT I, KOTA PALEMBANG, SUMATERA SELATAN",62,40,106,146
https://kawalpemilu.org#20542,"LOROK PAKJO, ILIR BARAT I, KOTA PALEMBANG, SUMATERA SELATAN",63,72,152,224
https://kawalpemilu.org#20542,"LOROK PAKJO, ILIR BARAT I, KOTA PALEMBANG, SUMATERA SELATAN",64,76,164,240
https://kawalpemilu.org#20542,"LOROK PAKJO, ILIR BARAT I, KOTA PALEMBANG, SUMATERA SELATAN",65,87,129,216
https://kawalpemilu.org#20542,"LOROK PAKJO, ILIR BARAT I, KOTA PALEMBANG, SUMATERA SELATAN",66,58,104,162
https://kawalpemilu.org#20542,"LOROK PAKJO, ILIR BARAT I, KOTA PALEMBANG, SUMATERA SELATAN",67,0,0,0
https://kawalpemilu.org#20542,"LOROK PAKJO, ILIR BARAT I, KOTA PALEMBANG, SUMATERA SELATAN",68,73,105,178
https://kawalpemilu.org#20542,"LOROK PAKJO, ILIR BARAT I, KOTA PALEMBANG, SUMATERA SELATAN",69,64,146,210
https://kawalpemilu.org#20542,"LOROK PAKJO, ILIR BARAT I, KOTA PALEMBANG, SUMATERA SELATAN",70,30,90,120
https://kawalpemilu.org#20542,"LOROK PAKJO, ILIR BARAT I, KOTA PALEMBANG, SUMATERA SELATAN",71,59,112,171
https://kawalpemilu.org#20542,"LOROK PAKJO, ILIR BARAT I, KOTA PALEMBANG, SUMATERA SELATAN",72,69,109,178
https://kawalpemilu.org#20542,"LOROK PAKJO, ILIR BARAT I, KOTA PALEMBANG, SUMATERA SELATAN",73,31,106,137
https://kawalpemilu.org#20542,"LOROK PAKJO, ILIR BARAT I, KOTA PALEMBANG, SUMATERA SELATAN",74,32,90,122
https://kawalpemilu.org#20542,"LOROK PAKJO, ILIR BARAT I, KOTA PALEMBANG, SUMATERA SELATAN",75,58,207,265
https://kawalpemilu.org#20542,"LOROK PAKJO, ILIR BARAT I, KOTA PALEMBANG, SUMATERA SELATAN",76,61,179,240
https://kawalpemilu.org#20542,"LOROK PAKJO, ILIR BARAT I, KOTA PALEMBANG, SUMATERA SELATAN",77,78,128,206
https://kawalpemilu.org#20542,"LOROK PAKJO, ILIR BARAT I, KOTA PALEMBANG, SUMATERA SELATAN",78,44,83,127
https://kawalpemilu.org#20542,"LOROK PAKJO, ILIR BARAT I, KOTA PALEMBANG, SUMATERA SELATAN",79,35,58,93
https://kawalpemilu.org#20542,"LOROK PAKJO, ILIR BARAT I, KOTA PALEMBANG, SUMATERA SELATAN",80,30,90,120
https://kawalpemilu.org#20542,"LOROK PAKJO, ILIR BARAT I, KOTA PALEMBANG, SUMATERA SELATAN",81,73,162,235
https://kawalpemilu.org#20542,"LOROK PAKJO, ILIR BARAT I, KOTA PALEMBANG, SUMATERA SELATAN",83,107,89,196
https://kawalpemilu.org#20542,"LOROK PAKJO, ILIR BARAT I, KOTA PALEMBANG, SUMATERA SELATAN",84,88,122,210
https://kawalpemilu.org#20542,"LOROK PAKJO, ILIR BARAT I, KOTA PALEMBANG, SUMATERA SELATAN",86,60,129,189
https://kawalpemilu.org#20542,"LOROK PAKJO, ILIR BARAT I, KOTA PALEMBANG, SUMATERA SELATAN",87,56,115,171
https://kawalpemilu.org#20542,"LOROK PAKJO, ILIR BARAT I, KOTA PALEMBANG, SUMATERA SELATAN",88,50,190,240
https://kawalpemilu.org#20542,"LOROK PAKJO, ILIR BARAT I, KOTA PALEMBANG, SUMATERA SELATAN",89,32,116,148
https://kawalpemilu.org#20542,"LOROK PAKJO, ILIR BARAT I, KOTA PALEMBANG, SUMATERA SELATAN",90,51,142,193
https://kawalpemilu.org#20542,"LOROK PAKJO, ILIR BARAT I, KOTA PALEMBANG, SUMATERA SELATAN",91,35,116,151
https://kawalpemilu.org#20542,"LOROK PAKJO, ILIR BARAT I, KOTA PALEMBANG, SUMATERA SELATAN",94,28,59,87
https://kawalpemilu.org#20542,"LOROK PAKJO, ILIR BARAT I, KOTA PALEMBANG, SUMATERA SELATAN",95,54,32,86
https://kawalpemilu.org#20543,"26 ILIR I, ILIR BARAT I, KOTA PALEMBANG, SUMATERA SELATAN",1,53,136,189
https://kawalpemilu.org#20543,"26 ILIR I, ILIR BARAT I, KOTA PALEMBANG, SUMATERA SELATAN",2,80,104,184
https://kawalpemilu.org#20543,"26 ILIR I, ILIR BARAT I, KOTA PALEMBANG, SUMATERA SELATAN",3,83,145,228
https://kawalpemilu.org#20543,"26 ILIR I, ILIR BARAT I, KOTA PALEMBANG, SUMATERA SELATAN",4,44,108,152
https://kawalpemilu.org#20543,"26 ILIR I, ILIR BARAT I, KOTA PALEMBANG, SUMATERA SELATAN",5,53,187,240
https://kawalpemilu.org#20543,"26 ILIR I, ILIR BARAT I, KOTA PALEMBANG, SUMATERA SELATAN",6,91,105,196
https://kawalpemilu.org#20543,"26 ILIR I, ILIR BARAT I, KOTA PALEMBANG, SUMATERA SELATAN",7,67,147,214
https://kawalpemilu.org#20543,"26 ILIR I, ILIR BARAT I, KOTA PALEMBANG, SUMATERA SELATAN",8,63,85,148
https://kawalpemilu.org#20543,"26 ILIR I, ILIR BARAT I, KOTA PALEMBANG, SUMATERA SELATAN",9,68,153,221
https://kawalpemilu.org#20543,"26 ILIR I, ILIR BARAT I, KOTA PALEMBANG, SUMATERA SELATAN",10,59,58,117
https://kawalpemilu.org#20543,"26 ILIR I, ILIR BARAT I, KOTA PALEMBANG, SUMATERA SELATAN",12,68,131,199
https://kawalpemilu.org#20543,"26 ILIR I, ILIR BARAT I, KOTA PALEMBANG, SUMATERA SELATAN",13,74,81,155
https://kawalpemilu.org#20543,"26 ILIR I, ILIR BARAT I, KOTA PALEMBANG, SUMATERA SELATAN",14,78,48,126
https://kawalpemilu.org#20543,"26 ILIR I, ILIR BARAT I, KOTA PALEMBANG, SUMATERA SELATAN",15,68,73,141
https://kawalpemilu.org#20543,"26 ILIR I, ILIR BARAT I, KOTA PALEMBANG, SUMATERA SELATAN",16,175,84,259
https://kawalpemilu.org#20543,"26 ILIR I, ILIR BARAT I, KOTA PALEMBANG, SUMATERA SELATAN",17,132,100,232
https://kawalpemilu.org#20544,"SIRING AGUNG, ILIR BARAT I, KOTA PALEMBANG, SUMATERA SELATAN",1,44,119,163
https://kawalpemilu.org#20544,"SIRING AGUNG, ILIR BARAT I, KOTA PALEMBANG, SUMATERA SELATAN",2,57,92,149
https://kawalpemilu.org#20544,"SIRING AGUNG, ILIR BARAT I, KOTA PALEMBANG, SUMATERA SELATAN",3,95,71,166
https://kawalpemilu.org#20544,"SIRING AGUNG, ILIR BARAT I, KOTA PALEMBANG, SUMATERA SELATAN",4,89,70,159
https://kawalpemilu.org#20544,"SIRING AGUNG, ILIR BARAT I, KOTA PALEMBANG, SUMATERA SELATAN",5,37,124,161
https://kawalpemilu.org#20544,"SIRING AGUNG, ILIR BARAT I, KOTA PALEMBANG, SUMATERA SELATAN",7,48,97,145
https://kawalpemilu.org#20544,"SIRING AGUNG, ILIR BARAT I, KOTA PALEMBANG, SUMATERA SELATAN",8,33,86,119
https://kawalpemilu.org#20544,"SIRING AGUNG, ILIR BARAT I, KOTA PALEMBANG, SUMATERA SELATAN",9,62,181,243
https://kawalpemilu.org#20544,"SIRING AGUNG, ILIR BARAT I, KOTA PALEMBANG, SUMATERA SELATAN",10,51,200,251
https://kawalpemilu.org#20544,"SIRING AGUNG, ILIR BARAT I, KOTA PALEMBANG, SUMATERA SELATAN",11,46,206,252
https://kawalpemilu.org#20544,"SIRING AGUNG, ILIR BARAT I, KOTA PALEMBANG, SUMATERA SELATAN",12,27,96,123
https://kawalpemilu.org#20544,"SIRING AGUNG, ILIR BARAT I, KOTA PALEMBANG, SUMATERA SELATAN",13,26,82,108
https://kawalpemilu.org#20544,"SIRING AGUNG, ILIR BARAT I, KOTA PALEMBANG, SUMATERA SELATAN",14,55,88,143
https://kawalpemilu.org#20544,"SIRING AGUNG, ILIR BARAT I, KOTA PALEMBANG, SUMATERA SELATAN",15,35,87,122
https://kawalpemilu.org#20544,"SIRING AGUNG, ILIR BARAT I, KOTA PALEMBANG, SUMATERA SELATAN",16,38,84,122
https://kawalpemilu.org#20544,"SIRING AGUNG, ILIR BARAT I, KOTA PALEMBANG, SUMATERA SELATAN",17,56,102,158
https://kawalpemilu.org#20544,"SIRING AGUNG, ILIR BARAT I, KOTA PALEMBANG, SUMATERA SELATAN",18,67,79,146
https://kawalpemilu.org#20544,"SIRING AGUNG, ILIR BARAT I, KOTA PALEMBANG, SUMATERA SELATAN",19,69,114,183
https://kawalpemilu.org#20544,"SIRING AGUNG, ILIR BARAT I, KOTA PALEMBANG, SUMATERA SELATAN",20,24,87,111
https://kawalpemilu.org#20544,"SIRING AGUNG, ILIR BARAT I, KOTA PALEMBANG, SUMATERA SELATAN",21,36,88,124
https://kawalpemilu.org#20544,"SIRING AGUNG, ILIR BARAT I, KOTA PALEMBANG, SUMATERA SELATAN",22,40,123,163
https://kawalpemilu.org#20544,"SIRING AGUNG, ILIR BARAT I, KOTA PALEMBANG, SUMATERA SELATAN",24,61,136,197
https://kawalpemilu.org#20544,"SIRING AGUNG, ILIR BARAT I, KOTA PALEMBANG, SUMATERA SELATAN",26,40,121,161
https://kawalpemilu.org#20544,"SIRING AGUNG, ILIR BARAT I, KOTA PALEMBANG, SUMATERA SELATAN",27,35,132,167
https://kawalpemilu.org#20544,"SIRING AGUNG, ILIR BARAT I, KOTA PALEMBANG, SUMATERA SELATAN",28,66,109,175
https://kawalpemilu.org#20544,"SIRING AGUNG, ILIR BARAT I, KOTA PALEMBANG, SUMATERA SELATAN",29,41,115,156
https://kawalpemilu.org#20544,"SIRING AGUNG, ILIR BARAT I, KOTA PALEMBANG, SUMATERA SELATAN",30,62,124,186
https://kawalpemilu.org#20544,"SIRING AGUNG, ILIR BARAT I, KOTA PALEMBANG, SUMATERA SELATAN",31,79,133,212
https://kawalpemilu.org#20544,"SIRING AGUNG, ILIR BARAT I, KOTA PALEMBANG, SUMATERA SELATAN",32,71,120,191
https://kawalpemilu.org#20544,"SIRING AGUNG, ILIR BARAT I, KOTA PALEMBANG, SUMATERA SELATAN",34,64,152,216
https://kawalpemilu.org#20544,"SIRING AGUNG, ILIR BARAT I, KOTA PALEMBANG, SUMATERA SELATAN",35,73,127,200
https://kawalpemilu.org#20544,"SIRING AGUNG, ILIR BARAT I, KOTA PALEMBANG, SUMATERA SELATAN",36,68,151,219
https://kawalpemilu.org#20544,"SIRING AGUNG, ILIR BARAT I, KOTA PALEMBANG, SUMATERA SELATAN",37,34,115,149
https://kawalpemilu.org#20544,"SIRING AGUNG, ILIR BARAT I, KOTA PALEMBANG, SUMATERA SELATAN",38,35,140,175
https://kawalpemilu.org#20544,"SIRING AGUNG, ILIR BARAT I, KOTA PALEMBANG, SUMATERA SELATAN",39,70,187,257
https://kawalpemilu.org#20544,"SIRING AGUNG, ILIR BARAT I, KOTA PALEMBANG, SUMATERA SELATAN",40,37,118,155
https://kawalpemilu.org#20544,"SIRING AGUNG, ILIR BARAT I, KOTA PALEMBANG, SUMATERA SELATAN",41,40,114,154
https://kawalpemilu.org#20544,"SIRING AGUNG, ILIR BARAT I, KOTA PALEMBANG, SUMATERA SELATAN",42,34,127,161
https://kawalpemilu.org#20544,"SIRING AGUNG, ILIR BARAT I, KOTA PALEMBANG, SUMATERA SELATAN",43,33,142,175
https://kawalpemilu.org#20544,"SIRING AGUNG, ILIR BARAT I, KOTA PALEMBANG, SUMATERA SELATAN",45,40,136,176
https://kawalpemilu.org#20544,"SIRING AGUNG, ILIR BARAT I, KOTA PALEMBANG, SUMATERA SELATAN",46,29,138,167
https://kawalpemilu.org#20544,"SIRING AGUNG, ILIR BARAT I, KOTA PALEMBANG, SUMATERA SELATAN",47,9,49,58
https://kawalpemilu.org#20544,"SIRING AGUNG, ILIR BARAT I, KOTA PALEMBANG, SUMATERA SELATAN",48,44,147,191
https://kawalpemilu.org#20544,"SIRING AGUNG, ILIR BARAT I, KOTA PALEMBANG, SUMATERA SELATAN",49,57,154,211
https://kawalpemilu.org#20544,"SIRING AGUNG, ILIR BARAT I, KOTA PALEMBANG, SUMATERA SELATAN",50,34,142,176
https://kawalpemilu.org#20544,"SIRING AGUNG, ILIR BARAT I, KOTA PALEMBANG, SUMATERA SELATAN",51,34,145,179
https://kawalpemilu.org#20544,"SIRING AGUNG, ILIR BARAT I, KOTA PALEMBANG, SUMATERA SELATAN",52,32,92,124
https://kawalpemilu.org#20544,"SIRING AGUNG, ILIR BARAT I, KOTA PALEMBANG, SUMATERA SELATAN",53,31,108,139
https://kawalpemilu.org#20544,"SIRING AGUNG, ILIR BARAT I, KOTA PALEMBANG, SUMATERA SELATAN",54,35,119,154
https://kawalpemilu.org#20544,"SIRING AGUNG, ILIR BARAT I, KOTA PALEMBANG, SUMATERA SELATAN",55,44,88,132
https://kawalpemilu.org#20544,"SIRING AGUNG, ILIR BARAT I, KOTA PALEMBANG, SUMATERA SELATAN",56,54,89,143
https://kawalpemilu.org#20544,"SIRING AGUNG, ILIR BARAT I, KOTA PALEMBANG, SUMATERA SELATAN",57,49,103,152
https://kawalpemilu.org#20544,"SIRING AGUNG, ILIR BARAT I, KOTA PALEMBANG, SUMATERA SELATAN",58,49,123,172
https://kawalpemilu.org#20544,"SIRING AGUNG, ILIR BARAT I, KOTA PALEMBANG, SUMATERA SELATAN",59,47,150,197
https://kawalpemilu.org#20544,"SIRING AGUNG, ILIR BARAT I, KOTA PALEMBANG, SUMATERA SELATAN",60,67,122,189
https://kawalpemilu.org#20544,"SIRING AGUNG, ILIR BARAT I, KOTA PALEMBANG, SUMATERA SELATAN",61,61,126,187
https://kawalpemilu.org#20544,"SIRING AGUNG, ILIR BARAT I, KOTA PALEMBANG, SUMATERA SELATAN",62,77,121,198
https://kawalpemilu.org#20544,"SIRING AGUNG, ILIR BARAT I, KOTA PALEMBANG, SUMATERA SELATAN",63,26,108,134
https://kawalpemilu.org#20544,"SIRING AGUNG, ILIR BARAT I, KOTA PALEMBANG, SUMATERA SELATAN",64,35,102,137
https://kawalpemilu.org#20544,"SIRING AGUNG, ILIR BARAT I, KOTA PALEMBANG, SUMATERA SELATAN",65,22,121,143
https://kawalpemilu.org#20544,"SIRING AGUNG, ILIR BARAT I, KOTA PALEMBANG, SUMATERA SELATAN",66,39,104,143
https://kawalpemilu.org#20544,"SIRING AGUNG, ILIR BARAT I, KOTA PALEMBANG, SUMATERA SELATAN",67,34,141,175
https://kawalpemilu.org#20544,"SIRING AGUNG, ILIR BARAT I, KOTA PALEMBANG, SUMATERA SELATAN",68,39,160,199
https://kawalpemilu.org#20544,"SIRING AGUNG, ILIR BARAT I, KOTA PALEMBANG, SUMATERA SELATAN",69,27,92,119
https://kawalpemilu.org#20544,"SIRING AGUNG, ILIR BARAT I, KOTA PALEMBANG, SUMATERA SELATAN",70,25,80,105
https://kawalpemilu.org#20544,"SIRING AGUNG, ILIR BARAT I, KOTA PALEMBANG, SUMATERA SELATAN",71,16,79,95
https://kawalpemilu.org#20544,"SIRING AGUNG, ILIR BARAT I, KOTA PALEMBANG, SUMATERA SELATAN",72,17,90,107
https://kawalpemilu.org#20544,"SIRING AGUNG, ILIR BARAT I, KOTA PALEMBANG, SUMATERA SELATAN",73,9,33,42
https://kawalpemilu.org#20545,"DEMANG LEBAR DAUN, ILIR BARAT I, KOTA PALEMBANG, SUMATERA SELATAN",1,83,133,216
https://kawalpemilu.org#20545,"DEMANG LEBAR DAUN, ILIR BARAT I, KOTA PALEMBANG, SUMATERA SELATAN",2,83,79,162
https://kawalpemilu.org#20545,"DEMANG LEBAR DAUN, ILIR BARAT I, KOTA PALEMBANG, SUMATERA SELATAN",3,49,128,177
https://kawalpemilu.org#20545,"DEMANG LEBAR DAUN, ILIR BARAT I, KOTA PALEMBANG, SUMATERA SELATAN",4,40,49,89
https://kawalpemilu.org#20545,"DEMANG LEBAR DAUN, ILIR BARAT I, KOTA PALEMBANG, SUMATERA SELATAN",5,37,135,172
https://kawalpemilu.org#20545,"DEMANG LEBAR DAUN, ILIR BARAT I, KOTA PALEMBANG, SUMATERA SELATAN",6,67,145,212
https://kawalpemilu.org#20545,"DEMANG LEBAR DAUN, ILIR BARAT I, KOTA PALEMBANG, SUMATERA SELATAN",7,61,137,198
https://kawalpemilu.org#20545,"DEMANG LEBAR DAUN, ILIR BARAT I, KOTA PALEMBANG, SUMATERA SELATAN",8,23,87,110
https://kawalpemilu.org#20545,"DEMANG LEBAR DAUN, ILIR BARAT I, KOTA PALEMBANG, SUMATERA SELATAN",9,59,86,145
https://kawalpemilu.org#20545,"DEMANG LEBAR DAUN, ILIR BARAT I, KOTA PALEMBANG, SUMATERA SELATAN",10,80,150,230
https://kawalpemilu.org#20545,"DEMANG LEBAR DAUN, ILIR BARAT I, KOTA PALEMBANG, SUMATERA SELATAN",12,111,120,231
https://kawalpemilu.org#20545,"DEMANG LEBAR DAUN, ILIR BARAT I, KOTA PALEMBANG, SUMATERA SELATAN",13,81,87,168
https://kawalpemilu.org#20545,"DEMANG LEBAR DAUN, ILIR BARAT I, KOTA PALEMBANG, SUMATERA SELATAN",14,42,76,118
https://kawalpemilu.org#20545,"DEMANG LEBAR DAUN, ILIR BARAT I, KOTA PALEMBANG, SUMATERA SELATAN",15,32,88,120
https://kawalpemilu.org#20545,"DEMANG LEBAR DAUN, ILIR BARAT I, KOTA PALEMBANG, SUMATERA SELATAN",16,53,108,161
https://kawalpemilu.org#20545,"DEMANG LEBAR DAUN, ILIR BARAT I, KOTA PALEMBANG, SUMATERA SELATAN",17,54,106,160
https://kawalpemilu.org#20545,"DEMANG LEBAR DAUN, ILIR BARAT I, KOTA PALEMBANG, SUMATERA SELATAN",18,39,61,100
https://kawalpemilu.org#20545,"DEMANG LEBAR DAUN, ILIR BARAT I, KOTA PALEMBANG, SUMATERA SELATAN",19,211,16,227
https://kawalpemilu.org#20545,"DEMANG LEBAR DAUN, ILIR BARAT I, KOTA PALEMBANG, SUMATERA SELATAN",20,41,100,141
https://kawalpemilu.org#20545,"DEMANG LEBAR DAUN, ILIR BARAT I, KOTA PALEMBANG, SUMATERA SELATAN",21,53,107,160
https://kawalpemilu.org#20545,"DEMANG LEBAR DAUN, ILIR BARAT I, KOTA PALEMBANG, SUMATERA SELATAN",22,25,104,129
https://kawalpemilu.org#20545,"DEMANG LEBAR DAUN, ILIR BARAT I, KOTA PALEMBANG, SUMATERA SELATAN",23,53,96,149
https://kawalpemilu.org#20545,"DEMANG LEBAR DAUN, ILIR BARAT I, KOTA PALEMBANG, SUMATERA SELATAN",24,30,84,114
https://kawalpemilu.org#20545,"DEMANG LEBAR DAUN, ILIR BARAT I, KOTA PALEMBANG, SUMATERA SELATAN",25,30,49,79
https://kawalpemilu.org#20545,"DEMANG LEBAR DAUN, ILIR BARAT I, KOTA PALEMBANG, SUMATERA SELATAN",26,23,99,122
https://kawalpemilu.org#20545,"DEMANG LEBAR DAUN, ILIR BARAT I, KOTA PALEMBANG, SUMATERA SELATAN",27,44,68,112
https://kawalpemilu.org#20545,"DEMANG LEBAR DAUN, ILIR BARAT I, KOTA PALEMBANG, SUMATERA SELATAN",28,35,51,86
https://kawalpemilu.org#20545,"DEMANG LEBAR DAUN, ILIR BARAT I, KOTA PALEMBANG, SUMATERA SELATAN",29,51,113,164
https://kawalpemilu.org#20545,"DEMANG LEBAR DAUN, ILIR BARAT I, KOTA PALEMBANG, SUMATERA SELATAN",30,46,113,159
https://kawalpemilu.org#20545,"DEMANG LEBAR DAUN, ILIR BARAT I, KOTA PALEMBANG, SUMATERA SELATAN",31,53,117,170
https://kawalpemilu.org#20545,"DEMANG LEBAR DAUN, ILIR BARAT I, KOTA PALEMBANG, SUMATERA SELATAN",32,47,114,161
https://kawalpemilu.org#20545,"DEMANG LEBAR DAUN, ILIR BARAT I, KOTA PALEMBANG, SUMATERA SELATAN",33,47,126,173
https://kawalpemilu.org#20545,"DEMANG LEBAR DAUN, ILIR BARAT I, KOTA PALEMBANG, SUMATERA SELATAN",34,42,65,107
https://kawalpemilu.org#20545,"DEMANG LEBAR DAUN, ILIR BARAT I, KOTA PALEMBANG, SUMATERA SELATAN",35,60,85,145
https://kawalpemilu.org#20545,"DEMANG LEBAR DAUN, ILIR BARAT I, KOTA PALEMBANG, SUMATERA SELATAN",36,73,103,176
https://kawalpemilu.org#20545,"DEMANG LEBAR DAUN, ILIR BARAT I, KOTA PALEMBANG, SUMATERA SELATAN",37,67,94,161
https://kawalpemilu.org#20545,"DEMANG LEBAR DAUN, ILIR BARAT I, KOTA PALEMBANG, SUMATERA SELATAN",38,43,112,155
https://kawalpemilu.org#20545,"DEMANG LEBAR DAUN, ILIR BARAT I, KOTA PALEMBANG, SUMATERA SELATAN",39,50,154,204
https://kawalpemilu.org#20545,"DEMANG LEBAR DAUN, ILIR BARAT I, KOTA PALEMBANG, SUMATERA SELATAN",40,79,115,194
https://kawalpemilu.org#20545,"DEMANG LEBAR DAUN, ILIR BARAT I, KOTA PALEMBANG, SUMATERA SELATAN",41,69,92,161
https://kawalpemilu.org#20545,"DEMANG LEBAR DAUN, ILIR BARAT I, KOTA PALEMBANG, SUMATERA SELATAN",42,43,100,143
https://kawalpemilu.org#20545,"DEMANG LEBAR DAUN, ILIR BARAT I, KOTA PALEMBANG, SUMATERA SELATAN",43,54,105,159
https://kawalpemilu.org#20545,"DEMANG LEBAR DAUN, ILIR BARAT I, KOTA PALEMBANG, SUMATERA SELATAN",44,32,113,145
https://kawalpemilu.org#20545,"DEMANG LEBAR DAUN, ILIR BARAT I, KOTA PALEMBANG, SUMATERA SELATAN",45,43,134,177
https://kawalpemilu.org#20545,"DEMANG LEBAR DAUN, ILIR BARAT I, KOTA PALEMBANG, SUMATERA SELATAN",46,62,128,190
https://kawalpemilu.org#20545,"DEMANG LEBAR DAUN, ILIR BARAT I, KOTA PALEMBANG, SUMATERA SELATAN",47,16,149,210
https://kawalpemilu.org#20545,"DEMANG LEBAR DAUN, ILIR BARAT I, KOTA PALEMBANG, SUMATERA SELATAN",48,75,170,245
https://kawalpemilu.org#20545,"DEMANG LEBAR DAUN, ILIR BARAT I, KOTA PALEMBANG, SUMATERA SELATAN",49,72,130,202
https://kawalpemilu.org#20545,"DEMANG LEBAR DAUN, ILIR BARAT I, KOTA PALEMBANG, SUMATERA SELATAN",50,60,146,206
https://kawalpemilu.org#20545,"DEMANG LEBAR DAUN, ILIR BARAT I, KOTA PALEMBANG, SUMATERA SELATAN",51,53,159,212
https://kawalpemilu.org#20545,"DEMANG LEBAR DAUN, ILIR BARAT I, KOTA PALEMBANG, SUMATERA SELATAN",52,80,166,246
https://kawalpemilu.org#20545,"DEMANG LEBAR DAUN, ILIR BARAT I, KOTA PALEMBANG, SUMATERA SELATAN",53,66,177,243
https://kawalpemilu.org#20545,"DEMANG LEBAR DAUN, ILIR BARAT I, KOTA PALEMBANG, SUMATERA SELATAN",54,50,100,150
https://kawalpemilu.org#20545,"DEMANG LEBAR DAUN, ILIR BARAT I, KOTA PALEMBANG, SUMATERA SELATAN",55,36,110,146
https://kawalpemilu.org#20545,"DEMANG LEBAR DAUN, ILIR BARAT I, KOTA PALEMBANG, SUMATERA SELATAN",56,40,119,159
https://kawalpemilu.org#20545,"DEMANG LEBAR DAUN, ILIR BARAT I, KOTA PALEMBANG, SUMATERA SELATAN",57,58,109,167
https://kawalpemilu.org#20545,"DEMANG LEBAR DAUN, ILIR BARAT I, KOTA PALEMBANG, SUMATERA SELATAN",58,66,103,169
https://kawalpemilu.org#20545,"DEMANG LEBAR DAUN, ILIR BARAT I, KOTA PALEMBANG, SUMATERA SELATAN",59,45,128,173
https://kawalpemilu.org#20545,"DEMANG LEBAR DAUN, ILIR BARAT I, KOTA PALEMBANG, SUMATERA SELATAN",60,68,123,191
https://kawalpemilu.org#20545,"DEMANG LEBAR DAUN, ILIR BARAT I, KOTA PALEMBANG, SUMATERA SELATAN",61,54,79,133
https://kawalpemilu.org#20545,"DEMANG LEBAR DAUN, ILIR BARAT I, KOTA PALEMBANG, SUMATERA SELATAN",62,56,122,178
https://kawalpemilu.org#20545,"DEMANG LEBAR DAUN, ILIR BARAT I, KOTA PALEMBANG, SUMATERA SELATAN",63,35,118,153
https://kawalpemilu.org#20545,"DEMANG LEBAR DAUN, ILIR BARAT I, KOTA PALEMBANG, SUMATERA SELATAN",64,43,175,218
https://kawalpemilu.org#20545,"DEMANG LEBAR DAUN, ILIR BARAT I, KOTA PALEMBANG, SUMATERA SELATAN",65,29,120,149
https://kawalpemilu.org#20545,"DEMANG LEBAR DAUN, ILIR BARAT I, KOTA PALEMBANG, SUMATERA SELATAN",66,58,121,179
https://kawalpemilu.org#20545,"DEMANG LEBAR DAUN, ILIR BARAT I, KOTA PALEMBANG, SUMATERA SELATAN",67,51,149,200
https://kawalpemilu.org#20545,"DEMANG LEBAR DAUN, ILIR BARAT I, KOTA PALEMBANG, SUMATERA SELATAN",68,58,160,218
https://kawalpemilu.org#20545,"DEMANG LEBAR DAUN, ILIR BARAT I, KOTA PALEMBANG, SUMATERA SELATAN",69,88,167,255
https://kawalpemilu.org#20545,"DEMANG LEBAR DAUN, ILIR BARAT I, KOTA PALEMBANG, SUMATERA SELATAN",70,70,123,193
https://kawalpemilu.org#20545,"DEMANG LEBAR DAUN, ILIR BARAT I, KOTA PALEMBANG, SUMATERA SELATAN",71,43,138,181
https://kawalpemilu.org#20545,"DEMANG LEBAR DAUN, ILIR BARAT I, KOTA PALEMBANG, SUMATERA SELATAN",72,50,155,205
https://kawalpemilu.org#20545,"DEMANG LEBAR DAUN, ILIR BARAT I, KOTA PALEMBANG, SUMATERA SELATAN",73,43,131,174
https://kawalpemilu.org#20545,"DEMANG LEBAR DAUN, ILIR BARAT I, KOTA PALEMBANG, SUMATERA SELATAN",74,33,85,118
https://kawalpemilu.org#20545,"DEMANG LEBAR DAUN, ILIR BARAT I, KOTA PALEMBANG, SUMATERA SELATAN",75,63,118,181
https://kawalpemilu.org#20545,"DEMANG LEBAR DAUN, ILIR BARAT I, KOTA PALEMBANG, SUMATERA SELATAN",76,82,126,208
https://kawalpemilu.org#20545,"DEMANG LEBAR DAUN, ILIR BARAT I, KOTA PALEMBANG, SUMATERA SELATAN",77,51,133,184
https://kawalpemilu.org#20545,"DEMANG LEBAR DAUN, ILIR BARAT I, KOTA PALEMBANG, SUMATERA SELATAN",78,47,129,176
https://kawalpemilu.org#20545,"DEMANG LEBAR DAUN, ILIR BARAT I, KOTA PALEMBANG, SUMATERA SELATAN",79,47,100,147
https://kawalpemilu.org#20546,"BUKIT BARU, ILIR BARAT I, KOTA PALEMBANG, SUMATERA SELATAN",1,31,154,185
https://kawalpemilu.org#20546,"BUKIT BARU, ILIR BARAT I, KOTA PALEMBANG, SUMATERA SELATAN",2,21,133,154
https://kawalpemilu.org#20546,"BUKIT BARU, ILIR BARAT I, KOTA PALEMBANG, SUMATERA SELATAN",3,41,152,193
https://kawalpemilu.org#20546,"BUKIT BARU, ILIR BARAT I, KOTA PALEMBANG, SUMATERA SELATAN",4,16,169,185
https://kawalpemilu.org#20546,"BUKIT BARU, ILIR BARAT I, KOTA PALEMBANG, SUMATERA SELATAN",5,17,144,161
https://kawalpemilu.org#20546,"BUKIT BARU, ILIR BARAT I, KOTA PALEMBANG, SUMATERA SELATAN",6,19,171,190
https://kawalpemilu.org#20546,"BUKIT BARU, ILIR BARAT I, KOTA PALEMBANG, SUMATERA SELATAN",7,25,159,184
https://kawalpemilu.org#20546,"BUKIT BARU, ILIR BARAT I, KOTA PALEMBANG, SUMATERA SELATAN",8,29,125,154
https://kawalpemilu.org#20546,"BUKIT BARU, ILIR BARAT I, KOTA PALEMBANG, SUMATERA SELATAN",9,32,117,149
https://kawalpemilu.org#20546,"BUKIT BARU, ILIR BARAT I, KOTA PALEMBANG, SUMATERA SELATAN",10,25,151,176
https://kawalpemilu.org#20546,"BUKIT BARU, ILIR BARAT I, KOTA PALEMBANG, SUMATERA SELATAN",11,36,100,136
https://kawalpemilu.org#20546,"BUKIT BARU, ILIR BARAT I, KOTA PALEMBANG, SUMATERA SELATAN",12,41,111,152
https://kawalpemilu.org#20546,"BUKIT BARU, ILIR BARAT I, KOTA PALEMBANG, SUMATERA SELATAN",13,40,97,137
https://kawalpemilu.org#20546,"BUKIT BARU, ILIR BARAT I, KOTA PALEMBANG, SUMATERA SELATAN",14,35,96,131
https://kawalpemilu.org#20546,"BUKIT BARU, ILIR BARAT I, KOTA PALEMBANG, SUMATERA SELATAN",15,42,141,183
https://kawalpemilu.org#20546,"BUKIT BARU, ILIR BARAT I, KOTA PALEMBANG, SUMATERA SELATAN",16,46,117,163
https://kawalpemilu.org#20546,"BUKIT BARU, ILIR BARAT I, KOTA PALEMBANG, SUMATERA SELATAN",17,47,108,155
https://kawalpemilu.org#20546,"BUKIT BARU, ILIR BARAT I, KOTA PALEMBANG, SUMATERA SELATAN",18,64,139,203
https://kawalpemilu.org#20546,"BUKIT BARU, ILIR BARAT I, KOTA PALEMBANG, SUMATERA SELATAN",19,78,130,208
https://kawalpemilu.org#20546,"BUKIT BARU, ILIR BARAT I, KOTA PALEMBANG, SUMATERA SELATAN",20,56,84,140
https://kawalpemilu.org#20546,"BUKIT BARU, ILIR BARAT I, KOTA PALEMBANG, SUMATERA SELATAN",21,51,102,153
https://kawalpemilu.org#20546,"BUKIT BARU, ILIR BARAT I, KOTA PALEMBANG, SUMATERA SELATAN",22,41,155,196
https://kawalpemilu.org#20546,"BUKIT BARU, ILIR BARAT I, KOTA PALEMBANG, SUMATERA SELATAN",23,72,105,177
https://kawalpemilu.org#20546,"BUKIT BARU, ILIR BARAT I, KOTA PALEMBANG, SUMATERA SELATAN",24,69,72,141
https://kawalpemilu.org#20546,"BUKIT BARU, ILIR BARAT I, KOTA PALEMBANG, SUMATERA SELATAN",25,44,139,183
https://kawalpemilu.org#20546,"BUKIT BARU, ILIR BARAT I, KOTA PALEMBANG, SUMATERA SELATAN",26,66,130,196
https://kawalpemilu.org#20546,"BUKIT BARU, ILIR BARAT I, KOTA PALEMBANG, SUMATERA SELATAN",27,40,156,196
https://kawalpemilu.org#20546,"BUKIT BARU, ILIR BARAT I, KOTA PALEMBANG, SUMATERA SELATAN",28,24,79,103
https://kawalpemilu.org#20546,"BUKIT BARU, ILIR BARAT I, KOTA PALEMBANG, SUMATERA SELATAN",29,42,72,114
https://kawalpemilu.org#20546,"BUKIT BARU, ILIR BARAT I, KOTA PALEMBANG, SUMATERA SELATAN",30,57,120,177
https://kawalpemilu.org#20546,"BUKIT BARU, ILIR BARAT I, KOTA PALEMBANG, SUMATERA SELATAN",31,88,151,239
https://kawalpemilu.org#20546,"BUKIT BARU, ILIR BARAT I, KOTA PALEMBANG, SUMATERA SELATAN",32,76,145,221
https://kawalpemilu.org#20546,"BUKIT BARU, ILIR BARAT I, KOTA PALEMBANG, SUMATERA SELATAN",33,80,96,176
https://kawalpemilu.org#20546,"BUKIT BARU, ILIR BARAT I, KOTA PALEMBANG, SUMATERA SELATAN",34,113,75,188
https://kawalpemilu.org#20546,"BUKIT BARU, ILIR BARAT I, KOTA PALEMBANG, SUMATERA SELATAN",35,97,124,221
https://kawalpemilu.org#20546,"BUKIT BARU, ILIR BARAT I, KOTA PALEMBANG, SUMATERA SELATAN",36,65,134,199
https://kawalpemilu.org#20546,"BUKIT BARU, ILIR BARAT I, KOTA PALEMBANG, SUMATERA SELATAN",37,74,110,184
https://kawalpemilu.org#20546,"BUKIT BARU, ILIR BARAT I, KOTA PALEMBANG, SUMATERA SELATAN",38,73,125,198
https://kawalpemilu.org#20546,"BUKIT BARU, ILIR BARAT I, KOTA PALEMBANG, SUMATERA SELATAN",39,80,94,174
https://kawalpemilu.org#20546,"BUKIT BARU, ILIR BARAT I, KOTA PALEMBANG, SUMATERA SELATAN",40,105,140,245
https://kawalpemilu.org#20546,"BUKIT BARU, ILIR BARAT I, KOTA PALEMBANG, SUMATERA SELATAN",41,75,125,200
https://kawalpemilu.org#20546,"BUKIT BARU, ILIR BARAT I, KOTA PALEMBANG, SUMATERA SELATAN",42,48,112,160
https://kawalpemilu.org#20546,"BUKIT BARU, ILIR BARAT I, KOTA PALEMBANG, SUMATERA SELATAN",43,89,148,237
https://kawalpemilu.org#20546,"BUKIT BARU, ILIR BARAT I, KOTA PALEMBANG, SUMATERA SELATAN",44,40,98,138
https://kawalpemilu.org#20546,"BUKIT BARU, ILIR BARAT I, KOTA PALEMBANG, SUMATERA SELATAN",45,32,105,137
https://kawalpemilu.org#20546,"BUKIT BARU, ILIR BARAT I, KOTA PALEMBANG, SUMATERA SELATAN",46,62,150,212
https://kawalpemilu.org#20546,"BUKIT BARU, ILIR BARAT I, KOTA PALEMBANG, SUMATERA SELATAN",47,78,109,187
https://kawalpemilu.org#20546,"BUKIT BARU, ILIR BARAT I, KOTA PALEMBANG, SUMATERA SELATAN",48,34,160,194
https://kawalpemilu.org#20546,"BUKIT BARU, ILIR BARAT I, KOTA PALEMBANG, SUMATERA SELATAN",49,55,129,184
https://kawalpemilu.org#20546,"BUKIT BARU, ILIR BARAT I, KOTA PALEMBANG, SUMATERA SELATAN",50,41,135,176
https://kawalpemilu.org#20546,"BUKIT BARU, ILIR BARAT I, KOTA PALEMBANG, SUMATERA SELATAN",51,58,131,189
https://kawalpemilu.org#20546,"BUKIT BARU, ILIR BARAT I, KOTA PALEMBANG, SUMATERA SELATAN",52,51,98,149
https://kawalpemilu.org#20546,"BUKIT BARU, ILIR BARAT I, KOTA PALEMBANG, SUMATERA SELATAN",53,51,97,148
https://kawalpemilu.org#20546,"BUKIT BARU, ILIR BARAT I, KOTA PALEMBANG, SUMATERA SELATAN",54,92,132,224
https://kawalpemilu.org#20546,"BUKIT BARU, ILIR BARAT I, KOTA PALEMBANG, SUMATERA SELATAN",55,46,69,115
https://kawalpemilu.org#20546,"BUKIT BARU, ILIR BARAT I, KOTA PALEMBANG, SUMATERA SELATAN",56,35,92,127
https://kawalpemilu.org#20546,"BUKIT BARU, ILIR BARAT I, KOTA PALEMBANG, SUMATERA SELATAN",57,46,86,132
https://kawalpemilu.org#20546,"BUKIT BARU, ILIR BARAT I, KOTA PALEMBANG, SUMATERA SELATAN",58,45,118,163
https://kawalpemilu.org#20546,"BUKIT BARU, ILIR BARAT I, KOTA PALEMBANG, SUMATERA SELATAN",59,103,143,246
https://kawalpemilu.org#20546,"BUKIT BARU, ILIR BARAT I, KOTA PALEMBANG, SUMATERA SELATAN",60,48,88,136
https://kawalpemilu.org#20546,"BUKIT BARU, ILIR BARAT I, KOTA PALEMBANG, SUMATERA SELATAN",61,82,118,200
https://kawalpemilu.org#20546,"BUKIT BARU, ILIR BARAT I, KOTA PALEMBANG, SUMATERA SELATAN",62,51,121,172
https://kawalpemilu.org#20546,"BUKIT BARU, ILIR BARAT I, KOTA PALEMBANG, SUMATERA SELATAN",63,70,167,237
https://kawalpemilu.org#20546,"BUKIT BARU, ILIR BARAT I, KOTA PALEMBANG, SUMATERA SELATAN",64,51,159,210
https://kawalpemilu.org#20546,"BUKIT BARU, ILIR BARAT I, KOTA PALEMBANG, SUMATERA SELATAN",65,62,120,182
https://kawalpemilu.org#20546,"BUKIT BARU, ILIR BARAT I, KOTA PALEMBANG, SUMATERA SELATAN",66,50,135,185
https://kawalpemilu.org#20548,"18 ILIR, ILIR TIMUR I, KOTA PALEMBANG, SUMATERA SELATAN",1,161,39,200
https://kawalpemilu.org#20548,"18 ILIR, ILIR TIMUR I, KOTA PALEMBANG, SUMATERA SELATAN",2,103,54,157
https://kawalpemilu.org#20548,"18 ILIR, ILIR TIMUR I, KOTA PALEMBANG, SUMATERA SELATAN",3,91,35,126
https://kawalpemilu.org#20548,"18 ILIR, ILIR TIMUR I, KOTA PALEMBANG, SUMATERA SELATAN",4,116,45,161
https://kawalpemilu.org#20548,"18 ILIR, ILIR TIMUR I, KOTA PALEMBANG, SUMATERA SELATAN",5,151,78,229
https://kawalpemilu.org#20548,"18 ILIR, ILIR TIMUR I, KOTA PALEMBANG, SUMATERA SELATAN",6,91,42,133
https://kawalpemilu.org#20548,"18 ILIR, ILIR TIMUR I, KOTA PALEMBANG, SUMATERA SELATAN",7,59,139,198
https://kawalpemilu.org#20548,"18 ILIR, ILIR TIMUR I, KOTA PALEMBANG, SUMATERA SELATAN",8,70,107,177
https://kawalpemilu.org#20549,"16 ILIR, ILIR TIMUR I, KOTA PALEMBANG, SUMATERA SELATAN",1,137,78,215
https://kawalpemilu.org#20549,"16 ILIR, ILIR TIMUR I, KOTA PALEMBANG, SUMATERA SELATAN",2,163,57,220
https://kawalpemilu.org#20549,"16 ILIR, ILIR TIMUR I, KOTA PALEMBANG, SUMATERA SELATAN",3,144,62,206
https://kawalpemilu.org#20549,"16 ILIR, ILIR TIMUR I, KOTA PALEMBANG, SUMATERA SELATAN",4,143,69,212
https://kawalpemilu.org#20550,"13 ILIR, ILIR TIMUR I, KOTA PALEMBANG, SUMATERA SELATAN",1,99,121,220
https://kawalpemilu.org#20550,"13 ILIR, ILIR TIMUR I, KOTA PALEMBANG, SUMATERA SELATAN",2,120,106,226
https://kawalpemilu.org#20550,"13 ILIR, ILIR TIMUR I, KOTA PALEMBANG, SUMATERA SELATAN",3,131,101,232
https://kawalpemilu.org#20550,"13 ILIR, ILIR TIMUR I, KOTA PALEMBANG, SUMATERA SELATAN",4,106,108,214
https://kawalpemilu.org#20550,"13 ILIR, ILIR TIMUR I, KOTA PALEMBANG, SUMATERA SELATAN",5,78,129,207
https://kawalpemilu.org#20550,"13 ILIR, ILIR TIMUR I, KOTA PALEMBANG, SUMATERA SELATAN",6,68,124,192
https://kawalpemilu.org#20550,"13 ILIR, ILIR TIMUR I, KOTA PALEMBANG, SUMATERA SELATAN",7,55,159,214
https://kawalpemilu.org#20550,"13 ILIR, ILIR TIMUR I, KOTA PALEMBANG, SUMATERA SELATAN",8,52,131,183
https://kawalpemilu.org#20550,"13 ILIR, ILIR TIMUR I, KOTA PALEMBANG, SUMATERA SELATAN",9,84,141,225
https://kawalpemilu.org#20550,"13 ILIR, ILIR TIMUR I, KOTA PALEMBANG, SUMATERA SELATAN",10,98,105,203
https://kawalpemilu.org#20551,"14 ILIR, ILIR TIMUR I, KOTA PALEMBANG, SUMATERA SELATAN",1,77,163,240
https://kawalpemilu.org#20551,"14 ILIR, ILIR TIMUR I, KOTA PALEMBANG, SUMATERA SELATAN",2,145,83,228
https://kawalpemilu.org#20551,"14 ILIR, ILIR TIMUR I, KOTA PALEMBANG, SUMATERA SELATAN",3,68,139,207
https://kawalpemilu.org#20551,"14 ILIR, ILIR TIMUR I, KOTA PALEMBANG, SUMATERA SELATAN",4,86,121,207
https://kawalpemilu.org#20551,"14 ILIR, ILIR TIMUR I, KOTA PALEMBANG, SUMATERA SELATAN",5,159,48,207
https://kawalpemilu.org#20551,"14 ILIR, ILIR TIMUR I, KOTA PALEMBANG, SUMATERA SELATAN",6,144,85,229
https://kawalpemilu.org#20551,"14 ILIR, ILIR TIMUR I, KOTA PALEMBANG, SUMATERA SELATAN",7,84,113,197
https://kawalpemilu.org#20551,"14 ILIR, ILIR TIMUR I, KOTA PALEMBANG, SUMATERA SELATAN",8,78,112,190
https://kawalpemilu.org#20551,"14 ILIR, ILIR TIMUR I, KOTA PALEMBANG, SUMATERA SELATAN",9,56,138,194
https://kawalpemilu.org#20551,"14 ILIR, ILIR TIMUR I, KOTA PALEMBANG, SUMATERA SELATAN",11,28,48,76
https://kawalpemilu.org#20552,"15 ILIR, ILIR TIMUR I, KOTA PALEMBANG, SUMATERA SELATAN",1,176,17,193
https://kawalpemilu.org#20552,"15 ILIR, ILIR TIMUR I, KOTA PALEMBANG, SUMATERA SELATAN",2,121,80,201
https://kawalpemilu.org#20552,"15 ILIR, ILIR TIMUR I, KOTA PALEMBANG, SUMATERA SELATAN",3,102,92,194
https://kawalpemilu.org#20552,"15 ILIR, ILIR TIMUR I, KOTA PALEMBANG, SUMATERA SELATAN",4,165,57,222
https://kawalpemilu.org#20552,"15 ILIR, ILIR TIMUR I, KOTA PALEMBANG, SUMATERA SELATAN",5,181,86,267
https://kawalpemilu.org#20552,"15 ILIR, ILIR TIMUR I, KOTA PALEMBANG, SUMATERA SELATAN",6,176,43,219
https://kawalpemilu.org#20552,"15 ILIR, ILIR TIMUR I, KOTA PALEMBANG, SUMATERA SELATAN",7,151,29,180
https://kawalpemilu.org#20552,"15 ILIR, ILIR TIMUR I, KOTA PALEMBANG, SUMATERA SELATAN",8,191,15,206
https://kawalpemilu.org#20552,"15 ILIR, ILIR TIMUR I, KOTA PALEMBANG, SUMATERA SELATAN",9,181,4,185
https://kawalpemilu.org#20552,"15 ILIR, ILIR TIMUR I, KOTA PALEMBANG, SUMATERA SELATAN",11,197,20,217
https://kawalpemilu.org#20552,"15 ILIR, ILIR TIMUR I, KOTA PALEMBANG, SUMATERA SELATAN",12,179,23,202
https://kawalpemilu.org#20552,"15 ILIR, ILIR TIMUR I, KOTA PALEMBANG, SUMATERA SELATAN",13,158,48,206
https://kawalpemilu.org#20552,"15 ILIR, ILIR TIMUR I, KOTA PALEMBANG, SUMATERA SELATAN",14,184,71,255
https://kawalpemilu.org#20552,"15 ILIR, ILIR TIMUR I, KOTA PALEMBANG, SUMATERA SELATAN",16,209,30,239
https://kawalpemilu.org#20553,"17 ILIR, ILIR TIMUR I, KOTA PALEMBANG, SUMATERA SELATAN",1,144,48,192
https://kawalpemilu.org#20553,"17 ILIR, ILIR TIMUR I, KOTA PALEMBANG, SUMATERA SELATAN",2,136,49,185
https://kawalpemilu.org#20553,"17 ILIR, ILIR TIMUR I, KOTA PALEMBANG, SUMATERA SELATAN",3,131,129,260
https://kawalpemilu.org#20553,"17 ILIR, ILIR TIMUR I, KOTA PALEMBANG, SUMATERA SELATAN",4,199,21,220
https://kawalpemilu.org#20553,"17 ILIR, ILIR TIMUR I, KOTA PALEMBANG, SUMATERA SELATAN",5,199,23,222
https://kawalpemilu.org#20553,"17 ILIR, ILIR TIMUR I, KOTA PALEMBANG, SUMATERA SELATAN",6,137,9,146
https://kawalpemilu.org#20553,"17 ILIR, ILIR TIMUR I, KOTA PALEMBANG, SUMATERA SELATAN",7,168,15,183
https://kawalpemilu.org#20553,"17 ILIR, ILIR TIMUR I, KOTA PALEMBANG, SUMATERA SELATAN",8,110,96,206
https://kawalpemilu.org#20553,"17 ILIR, ILIR TIMUR I, KOTA PALEMBANG, SUMATERA SELATAN",9,127,49,176
https://kawalpemilu.org#20553,"17 ILIR, ILIR TIMUR I, KOTA PALEMBANG, SUMATERA SELATAN",11,155,55,210
https://kawalpemilu.org#20554,"20 ILIR III, ILIR TIMUR I, KOTA PALEMBANG, SUMATERA SELATAN",1,55,50,105
https://kawalpemilu.org#20554,"20 ILIR III, ILIR TIMUR I, KOTA PALEMBANG, SUMATERA SELATAN",2,33,84,117
https://kawalpemilu.org#20554,"20 ILIR III, ILIR TIMUR I, KOTA PALEMBANG, SUMATERA SELATAN",3,30,82,112
https://kawalpemilu.org#20554,"20 ILIR III, ILIR TIMUR I, KOTA PALEMBANG, SUMATERA SELATAN",4,61,89,150
https://kawalpemilu.org#20554,"20 ILIR III, ILIR TIMUR I, KOTA PALEMBANG, SUMATERA SELATAN",5,103,99,202
https://kawalpemilu.org#20554,"20 ILIR III, ILIR TIMUR I, KOTA PALEMBANG, SUMATERA SELATAN",6,102,105,207
https://kawalpemilu.org#20554,"20 ILIR III, ILIR TIMUR I, KOTA PALEMBANG, SUMATERA SELATAN",7,151,117,268
https://kawalpemilu.org#20554,"20 ILIR III, ILIR TIMUR I, KOTA PALEMBANG, SUMATERA SELATAN",8,70,37,107
https://kawalpemilu.org#20554,"20 ILIR III, ILIR TIMUR I, KOTA PALEMBANG, SUMATERA SELATAN",9,95,85,180
https://kawalpemilu.org#20554,"20 ILIR III, ILIR TIMUR I, KOTA PALEMBANG, SUMATERA SELATAN",10,57,94,151
https://kawalpemilu.org#20554,"20 ILIR III, ILIR TIMUR I, KOTA PALEMBANG, SUMATERA SELATAN",11,46,57,103
https://kawalpemilu.org#20554,"20 ILIR III, ILIR TIMUR I, KOTA PALEMBANG, SUMATERA SELATAN",12,124,77,201
https://kawalpemilu.org#20554,"20 ILIR III, ILIR TIMUR I, KOTA PALEMBANG, SUMATERA SELATAN",13,91,107,198
https://kawalpemilu.org#20554,"20 ILIR III, ILIR TIMUR I, KOTA PALEMBANG, SUMATERA SELATAN",14,60,185,245
https://kawalpemilu.org#20554,"20 ILIR III, ILIR TIMUR I, KOTA PALEMBANG, SUMATERA SELATAN",15,59,150,209
https://kawalpemilu.org#20554,"20 ILIR III, ILIR TIMUR I, KOTA PALEMBANG, SUMATERA SELATAN",16,89,121,210
https://kawalpemilu.org#20554,"20 ILIR III, ILIR TIMUR I, KOTA PALEMBANG, SUMATERA SELATAN",17,89,86,175
https://kawalpemilu.org#20554,"20 ILIR III, ILIR TIMUR I, KOTA PALEMBANG, SUMATERA SELATAN",18,84,134,218
https://kawalpemilu.org#20554,"20 ILIR III, ILIR TIMUR I, KOTA PALEMBANG, SUMATERA SELATAN",19,77,85,162
https://kawalpemilu.org#20554,"20 ILIR III, ILIR TIMUR I, KOTA PALEMBANG, SUMATERA SELATAN",20,80,151,231
https://kawalpemilu.org#20554,"20 ILIR III, ILIR TIMUR I, KOTA PALEMBANG, SUMATERA SELATAN",21,110,114,224
https://kawalpemilu.org#20554,"20 ILIR III, ILIR TIMUR I, KOTA PALEMBANG, SUMATERA SELATAN",22,82,94,176
https://kawalpemilu.org#20554,"20 ILIR III, ILIR TIMUR I, KOTA PALEMBANG, SUMATERA SELATAN",23,101,108,209
https://kawalpemilu.org#20554,"20 ILIR III, ILIR TIMUR I, KOTA PALEMBANG, SUMATERA SELATAN",24,106,35,141
https://kawalpemilu.org#20554,"20 ILIR III, ILIR TIMUR I, KOTA PALEMBANG, SUMATERA SELATAN",25,41,89,130
https://kawalpemilu.org#20554,"20 ILIR III, ILIR TIMUR I, KOTA PALEMBANG, SUMATERA SELATAN",26,130,29,159
https://kawalpemilu.org#20554,"20 ILIR III, ILIR TIMUR I, KOTA PALEMBANG, SUMATERA SELATAN",27,51,153,204
https://kawalpemilu.org#20554,"20 ILIR III, ILIR TIMUR I, KOTA PALEMBANG, SUMATERA SELATAN",28,96,102,198
https://kawalpemilu.org#20554,"20 ILIR III, ILIR TIMUR I, KOTA PALEMBANG, SUMATERA SELATAN",29,72,133,205
https://kawalpemilu.org#20554,"20 ILIR III, ILIR TIMUR I, KOTA PALEMBANG, SUMATERA SELATAN",31,69,61,130
https://kawalpemilu.org#20554,"20 ILIR III, ILIR TIMUR I, KOTA PALEMBANG, SUMATERA SELATAN",32,41,94,135
https://kawalpemilu.org#20555,"20 ILIR IV, ILIR TIMUR I, KOTA PALEMBANG, SUMATERA SELATAN",1,50,187,237
https://kawalpemilu.org#20555,"20 ILIR IV, ILIR TIMUR I, KOTA PALEMBANG, SUMATERA SELATAN",2,50,156,206
https://kawalpemilu.org#20555,"20 ILIR IV, ILIR TIMUR I, KOTA PALEMBANG, SUMATERA SELATAN",3,59,121,176
https://kawalpemilu.org#20555,"20 ILIR IV, ILIR TIMUR I, KOTA PALEMBANG, SUMATERA SELATAN",4,46,158,204
https://kawalpemilu.org#20555,"20 ILIR IV, ILIR TIMUR I, KOTA PALEMBANG, SUMATERA SELATAN",5,77,152,230
https://kawalpemilu.org#20555,"20 ILIR IV, ILIR TIMUR I, KOTA PALEMBANG, SUMATERA SELATAN",6,34,153,187
https://kawalpemilu.org#20555,"20 ILIR IV, ILIR TIMUR I, KOTA PALEMBANG, SUMATERA SELATAN",7,72,169,241
https://kawalpemilu.org#20555,"20 ILIR IV, ILIR TIMUR I, KOTA PALEMBANG, SUMATERA SELATAN",8,49,150,199
https://kawalpemilu.org#20555,"20 ILIR IV, ILIR TIMUR I, KOTA PALEMBANG, SUMATERA SELATAN",9,46,88,134
https://kawalpemilu.org#20555,"20 ILIR IV, ILIR TIMUR I, KOTA PALEMBANG, SUMATERA SELATAN",10,61,141,202
https://kawalpemilu.org#20555,"20 ILIR IV, ILIR TIMUR I, KOTA PALEMBANG, SUMATERA SELATAN",12,56,104,160
https://kawalpemilu.org#20555,"20 ILIR IV, ILIR TIMUR I, KOTA PALEMBANG, SUMATERA SELATAN",13,60,137,197
https://kawalpemilu.org#20555,"20 ILIR IV, ILIR TIMUR I, KOTA PALEMBANG, SUMATERA SELATAN",14,39,112,151
https://kawalpemilu.org#20555,"20 ILIR IV, ILIR TIMUR I, KOTA PALEMBANG, SUMATERA SELATAN",15,50,120,170
https://kawalpemilu.org#20555,"20 ILIR IV, ILIR TIMUR I, KOTA PALEMBANG, SUMATERA SELATAN",16,71,99,170
https://kawalpemilu.org#20555,"20 ILIR IV, ILIR TIMUR I, KOTA PALEMBANG, SUMATERA SELATAN",17,31,112,143
https://kawalpemilu.org#20555,"20 ILIR IV, ILIR TIMUR I, KOTA PALEMBANG, SUMATERA SELATAN",18,79,138,217
https://kawalpemilu.org#20555,"20 ILIR IV, ILIR TIMUR I, KOTA PALEMBANG, SUMATERA SELATAN",19,55,157,212
https://kawalpemilu.org#20555,"20 ILIR IV, ILIR TIMUR I, KOTA PALEMBANG, SUMATERA SELATAN",20,57,154,211
https://kawalpemilu.org#20555,"20 ILIR IV, ILIR TIMUR I, KOTA PALEMBANG, SUMATERA SELATAN",21,64,147,211
https://kawalpemilu.org#20555,"20 ILIR IV, ILIR TIMUR I, KOTA PALEMBANG, SUMATERA SELATAN",22,61,131,192
https://kawalpemilu.org#20555,"20 ILIR IV, ILIR TIMUR I, KOTA PALEMBANG, SUMATERA SELATAN",23,54,111,165
https://kawalpemilu.org#20555,"20 ILIR IV, ILIR TIMUR I, KOTA PALEMBANG, SUMATERA SELATAN",24,53,129,191
https://kawalpemilu.org#20555,"20 ILIR IV, ILIR TIMUR I, KOTA PALEMBANG, SUMATERA SELATAN",25,82,156,238
https://kawalpemilu.org#20555,"20 ILIR IV, ILIR TIMUR I, KOTA PALEMBANG, SUMATERA SELATAN",26,73,168,241
https://kawalpemilu.org#20555,"20 ILIR IV, ILIR TIMUR I, KOTA PALEMBANG, SUMATERA SELATAN",27,51,214,265
https://kawalpemilu.org#20555,"20 ILIR IV, ILIR TIMUR I, KOTA PALEMBANG, SUMATERA SELATAN",28,75,142,217
https://kawalpemilu.org#20555,"20 ILIR IV, ILIR TIMUR I, KOTA PALEMBANG, SUMATERA SELATAN",29,115,93,208
https://kawalpemilu.org#20555,"20 ILIR IV, ILIR TIMUR I, KOTA PALEMBANG, SUMATERA SELATAN",30,95,122,217
https://kawalpemilu.org#20555,"20 ILIR IV, ILIR TIMUR I, KOTA PALEMBANG, SUMATERA SELATAN",31,60,127,187
https://kawalpemilu.org#20555,"20 ILIR IV, ILIR TIMUR I, KOTA PALEMBANG, SUMATERA SELATAN",32,49,142,191
https://kawalpemilu.org#20555,"20 ILIR IV, ILIR TIMUR I, KOTA PALEMBANG, SUMATERA SELATAN",33,100,104,204
https://kawalpemilu.org#20555,"20 ILIR IV, ILIR TIMUR I, KOTA PALEMBANG, SUMATERA SELATAN",34,74,114,188
https://kawalpemilu.org#20555,"20 ILIR IV, ILIR TIMUR I, KOTA PALEMBANG, SUMATERA SELATAN",35,80,175,255
https://kawalpemilu.org#20555,"20 ILIR IV, ILIR TIMUR I, KOTA PALEMBANG, SUMATERA SELATAN",36,82,137,219
https://kawalpemilu.org#20555,"20 ILIR IV, ILIR TIMUR I, KOTA PALEMBANG, SUMATERA SELATAN",37,74,126,200
https://kawalpemilu.org#20555,"20 ILIR IV, ILIR TIMUR I, KOTA PALEMBANG, SUMATERA SELATAN",38,57,118,175
https://kawalpemilu.org#20555,"20 ILIR IV, ILIR TIMUR I, KOTA PALEMBANG, SUMATERA SELATAN",39,62,148,210
https://kawalpemilu.org#20555,"20 ILIR IV, ILIR TIMUR I, KOTA PALEMBANG, SUMATERA SELATAN",40,73,132,205
https://kawalpemilu.org#20555,"20 ILIR IV, ILIR TIMUR I, KOTA PALEMBANG, SUMATERA SELATAN",41,52,133,185
https://kawalpemilu.org#20556,"20 ILIR I, ILIR TIMUR I, KOTA PALEMBANG, SUMATERA SELATAN",1,105,132,237
https://kawalpemilu.org#20556,"20 ILIR I, ILIR TIMUR I, KOTA PALEMBANG, SUMATERA SELATAN",2,73,100,173
https://kawalpemilu.org#20556,"20 ILIR I, ILIR TIMUR I, KOTA PALEMBANG, SUMATERA SELATAN",3,118,23,141
https://kawalpemilu.org#20556,"20 ILIR I, ILIR TIMUR I, KOTA PALEMBANG, SUMATERA SELATAN",5,65,79,144
https://kawalpemilu.org#20556,"20 ILIR I, ILIR TIMUR I, KOTA PALEMBANG, SUMATERA SELATAN",6,109,102,211
https://kawalpemilu.org#20556,"20 ILIR I, ILIR TIMUR I, KOTA PALEMBANG, SUMATERA SELATAN",7,80,49,129
https://kawalpemilu.org#20556,"20 ILIR I, ILIR TIMUR I, KOTA PALEMBANG, SUMATERA SELATAN",8,66,78,144
https://kawalpemilu.org#20556,"20 ILIR I, ILIR TIMUR I, KOTA PALEMBANG, SUMATERA SELATAN",9,155,47,202
https://kawalpemilu.org#20556,"20 ILIR I, ILIR TIMUR I, KOTA PALEMBANG, SUMATERA SELATAN",10,102,74,176
https://kawalpemilu.org#20556,"20 ILIR I, ILIR TIMUR I, KOTA PALEMBANG, SUMATERA SELATAN",11,108,14,122
https://kawalpemilu.org#20556,"20 ILIR I, ILIR TIMUR I, KOTA PALEMBANG, SUMATERA SELATAN",12,130,75,205
https://kawalpemilu.org#20556,"20 ILIR I, ILIR TIMUR I, KOTA PALEMBANG, SUMATERA SELATAN",13,121,14,135
https://kawalpemilu.org#20556,"20 ILIR I, ILIR TIMUR I, KOTA PALEMBANG, SUMATERA SELATAN",14,181,18,199
https://kawalpemilu.org#20556,"20 ILIR I, ILIR TIMUR I, KOTA PALEMBANG, SUMATERA SELATAN",15,146,46,192
https://kawalpemilu.org#20556,"20 ILIR I, ILIR TIMUR I, KOTA PALEMBANG, SUMATERA SELATAN",16,148,31,179
https://kawalpemilu.org#20556,"20 ILIR I, ILIR TIMUR I, KOTA PALEMBANG, SUMATERA SELATAN",17,137,16,153
https://kawalpemilu.org#20556,"20 ILIR I, ILIR TIMUR I, KOTA PALEMBANG, SUMATERA SELATAN",18,148,20,168
https://kawalpemilu.org#20556,"20 ILIR I, ILIR TIMUR I, KOTA PALEMBANG, SUMATERA SELATAN",19,73,69,142
https://kawalpemilu.org#20556,"20 ILIR I, ILIR TIMUR I, KOTA PALEMBANG, SUMATERA SELATAN",20,148,102,250
https://kawalpemilu.org#20556,"20 ILIR I, ILIR TIMUR I, KOTA PALEMBANG, SUMATERA SELATAN",21,141,82,223
https://kawalpemilu.org#20556,"20 ILIR I, ILIR TIMUR I, KOTA PALEMBANG, SUMATERA SELATAN",22,101,20,121
https://kawalpemilu.org#20556,"20 ILIR I, ILIR TIMUR I, KOTA PALEMBANG, SUMATERA SELATAN",23,94,56,150
https://kawalpemilu.org#20556,"20 ILIR I, ILIR TIMUR I, KOTA PALEMBANG, SUMATERA SELATAN",24,142,71,213
https://kawalpemilu.org#20556,"20 ILIR I, ILIR TIMUR I, KOTA PALEMBANG, SUMATERA SELATAN",25,145,52,197
https://kawalpemilu.org#20556,"20 ILIR I, ILIR TIMUR I, KOTA PALEMBANG, SUMATERA SELATAN",26,164,39,203
https://kawalpemilu.org#20556,"20 ILIR I, ILIR TIMUR I, KOTA PALEMBANG, SUMATERA SELATAN",27,121,82,203
https://kawalpemilu.org#20556,"20 ILIR I, ILIR TIMUR I, KOTA PALEMBANG, SUMATERA SELATAN",28,127,72,199
https://kawalpemilu.org#20556,"20 ILIR I, ILIR TIMUR I, KOTA PALEMBANG, SUMATERA SELATAN",29,180,63,243
https://kawalpemilu.org#20556,"20 ILIR I, ILIR TIMUR I, KOTA PALEMBANG, SUMATERA SELATAN",30,99,107,206
https://kawalpemilu.org#20556,"20 ILIR I, ILIR TIMUR I, KOTA PALEMBANG, SUMATERA SELATAN",31,118,51,169
https://kawalpemilu.org#20556,"20 ILIR I, ILIR TIMUR I, KOTA PALEMBANG, SUMATERA SELATAN",32,119,65,184
https://kawalpemilu.org#20556,"20 ILIR I, ILIR TIMUR I, KOTA PALEMBANG, SUMATERA SELATAN",33,83,112,195
https://kawalpemilu.org#20556,"20 ILIR I, ILIR TIMUR I, KOTA PALEMBANG, SUMATERA SELATAN",34,113,76,189
https://kawalpemilu.org#20556,"20 ILIR I, ILIR TIMUR I, KOTA PALEMBANG, SUMATERA SELATAN",35,104,100,204
https://kawalpemilu.org#20557,"SUNGAI PANGERAN, ILIR TIMUR I, KOTA PALEMBANG, SUMATERA SELATAN",1,174,20,194
https://kawalpemilu.org#20557,"SUNGAI PANGERAN, ILIR TIMUR I, KOTA PALEMBANG, SUMATERA SELATAN",2,107,54,161
https://kawalpemilu.org#20557,"SUNGAI PANGERAN, ILIR TIMUR I, KOTA PALEMBANG, SUMATERA SELATAN",3,192,30,222
https://kawalpemilu.org#20557,"SUNGAI PANGERAN, ILIR TIMUR I, KOTA PALEMBANG, SUMATERA SELATAN",4,106,122,228
https://kawalpemilu.org#20557,"SUNGAI PANGERAN, ILIR TIMUR I, KOTA PALEMBANG, SUMATERA SELATAN",5,98,127,225
https://kawalpemilu.org#20557,"SUNGAI PANGERAN, ILIR TIMUR I, KOTA PALEMBANG, SUMATERA SELATAN",6,188,33,221
https://kawalpemilu.org#20557,"SUNGAI PANGERAN, ILIR TIMUR I, KOTA PALEMBANG, SUMATERA SELATAN",7,188,44,232
https://kawalpemilu.org#20557,"SUNGAI PANGERAN, ILIR TIMUR I, KOTA PALEMBANG, SUMATERA SELATAN",8,145,51,196
https://kawalpemilu.org#20557,"SUNGAI PANGERAN, ILIR TIMUR I, KOTA PALEMBANG, SUMATERA SELATAN",9,119,27,146
https://kawalpemilu.org#20557,"SUNGAI PANGERAN, ILIR TIMUR I, KOTA PALEMBANG, SUMATERA SELATAN",10,152,57,209
https://kawalpemilu.org#20557,"SUNGAI PANGERAN, ILIR TIMUR I, KOTA PALEMBANG, SUMATERA SELATAN",11,178,29,207
https://kawalpemilu.org#20557,"SUNGAI PANGERAN, ILIR TIMUR I, KOTA PALEMBANG, SUMATERA SELATAN",12,147,52,199
https://kawalpemilu.org#20557,"SUNGAI PANGERAN, ILIR TIMUR I, KOTA PALEMBANG, SUMATERA SELATAN",13,129,36,165
https://kawalpemilu.org#20557,"SUNGAI PANGERAN, ILIR TIMUR I, KOTA PALEMBANG, SUMATERA SELATAN",14,99,98,197
https://kawalpemilu.org#20557,"SUNGAI PANGERAN, ILIR TIMUR I, KOTA PALEMBANG, SUMATERA SELATAN",15,136,0,136
https://kawalpemilu.org#20557,"SUNGAI PANGERAN, ILIR TIMUR I, KOTA PALEMBANG, SUMATERA SELATAN",16,116,84,200
https://kawalpemilu.org#20557,"SUNGAI PANGERAN, ILIR TIMUR I, KOTA PALEMBANG, SUMATERA SELATAN",17,171,64,235
https://kawalpemilu.org#20557,"SUNGAI PANGERAN, ILIR TIMUR I, KOTA PALEMBANG, SUMATERA SELATAN",18,111,103,214
https://kawalpemilu.org#20557,"SUNGAI PANGERAN, ILIR TIMUR I, KOTA PALEMBANG, SUMATERA SELATAN",19,134,62,196
https://kawalpemilu.org#20557,"SUNGAI PANGERAN, ILIR TIMUR I, KOTA PALEMBANG, SUMATERA SELATAN",20,189,75,264
https://kawalpemilu.org#20557,"SUNGAI PANGERAN, ILIR TIMUR I, KOTA PALEMBANG, SUMATERA SELATAN",21,133,127,260
https://kawalpemilu.org#20557,"SUNGAI PANGERAN, ILIR TIMUR I, KOTA PALEMBANG, SUMATERA SELATAN",22,119,137,255
https://kawalpemilu.org#20557,"SUNGAI PANGERAN, ILIR TIMUR I, KOTA PALEMBANG, SUMATERA SELATAN",23,102,106,208
https://kawalpemilu.org#20557,"SUNGAI PANGERAN, ILIR TIMUR I, KOTA PALEMBANG, SUMATERA SELATAN",24,58,115,173
https://kawalpemilu.org#20557,"SUNGAI PANGERAN, ILIR TIMUR I, KOTA PALEMBANG, SUMATERA SELATAN",25,128,125,253
https://kawalpemilu.org#20557,"SUNGAI PANGERAN, ILIR TIMUR I, KOTA PALEMBANG, SUMATERA SELATAN",26,99,94,193
https://kawalpemilu.org#20557,"SUNGAI PANGERAN, ILIR TIMUR I, KOTA PALEMBANG, SUMATERA SELATAN",27,170,70,240
https://kawalpemilu.org#20557,"SUNGAI PANGERAN, ILIR TIMUR I, KOTA PALEMBANG, SUMATERA SELATAN",28,90,148,238
https://kawalpemilu.org#20557,"SUNGAI PANGERAN, ILIR TIMUR I, KOTA PALEMBANG, SUMATERA SELATAN",29,113,134,247
https://kawalpemilu.org#20557,"SUNGAI PANGERAN, ILIR TIMUR I, KOTA PALEMBANG, SUMATERA SELATAN",30,177,46,223
https://kawalpemilu.org#20558,"KEPANDEAN BARU, ILIR TIMUR I, KOTA PALEMBANG, SUMATERA SELATAN",1,171,25,196
https://kawalpemilu.org#20558,"KEPANDEAN BARU, ILIR TIMUR I, KOTA PALEMBANG, SUMATERA SELATAN",2,147,48,195
https://kawalpemilu.org#20558,"KEPANDEAN BARU, ILIR TIMUR I, KOTA PALEMBANG, SUMATERA SELATAN",3,175,27,202
https://kawalpemilu.org#20558,"KEPANDEAN BARU, ILIR TIMUR I, KOTA PALEMBANG, SUMATERA SELATAN",4,225,22,247
https://kawalpemilu.org#20558,"KEPANDEAN BARU, ILIR TIMUR I, KOTA PALEMBANG, SUMATERA SELATAN",5,155,27,182
https://kawalpemilu.org#20564,"5 ILIR, ILIR TIMUR II, KOTA PALEMBANG, SUMATERA SELATAN",1,125,85,208
https://kawalpemilu.org#20564,"5 ILIR, ILIR TIMUR II, KOTA PALEMBANG, SUMATERA SELATAN",2,83,55,138
https://kawalpemilu.org#20564,"5 ILIR, ILIR TIMUR II, KOTA PALEMBANG, SUMATERA SELATAN",3,116,79,195
https://kawalpemilu.org#20564,"5 ILIR, ILIR TIMUR II, KOTA PALEMBANG, SUMATERA SELATAN",4,88,88,176
https://kawalpemilu.org#20564,"5 ILIR, ILIR TIMUR II, KOTA PALEMBANG, SUMATERA SELATAN",5,120,107,227
https://kawalpemilu.org#20564,"5 ILIR, ILIR TIMUR II, KOTA PALEMBANG, SUMATERA SELATAN",6,75,138,213
https://kawalpemilu.org#20564,"5 ILIR, ILIR TIMUR II, KOTA PALEMBANG, SUMATERA SELATAN",7,119,118,237
https://kawalpemilu.org#20564,"5 ILIR, ILIR TIMUR II, KOTA PALEMBANG, SUMATERA SELATAN",9,127,63,190
https://kawalpemilu.org#20564,"5 ILIR, ILIR TIMUR II, KOTA PALEMBANG, SUMATERA SELATAN",11,75,130,205
https://kawalpemilu.org#20564,"5 ILIR, ILIR TIMUR II, KOTA PALEMBANG, SUMATERA SELATAN",12,60,136,196
https://kawalpemilu.org#20564,"5 ILIR, ILIR TIMUR II, KOTA PALEMBANG, SUMATERA SELATAN",13,50,110,160
https://kawalpemilu.org#20564,"5 ILIR, ILIR TIMUR II, KOTA PALEMBANG, SUMATERA SELATAN",14,98,84,182
https://kawalpemilu.org#20564,"5 ILIR, ILIR TIMUR II, KOTA PALEMBANG, SUMATERA SELATAN",15,120,60,165
https://kawalpemilu.org#20564,"5 ILIR, ILIR TIMUR II, KOTA PALEMBANG, SUMATERA SELATAN",16,86,141,227
https://kawalpemilu.org#20564,"5 ILIR, ILIR TIMUR II, KOTA PALEMBANG, SUMATERA SELATAN",17,87,136,223
https://kawalpemilu.org#20564,"5 ILIR, ILIR TIMUR II, KOTA PALEMBANG, SUMATERA SELATAN",18,65,187,252
https://kawalpemilu.org#20564,"5 ILIR, ILIR TIMUR II, KOTA PALEMBANG, SUMATERA SELATAN",20,88,158,146
https://kawalpemilu.org#20564,"5 ILIR, ILIR TIMUR II, KOTA PALEMBANG, SUMATERA SELATAN",21,95,81,176
https://kawalpemilu.org#20564,"5 ILIR, ILIR TIMUR II, KOTA PALEMBANG, SUMATERA SELATAN",22,149,68,217
https://kawalpemilu.org#20564,"5 ILIR, ILIR TIMUR II, KOTA PALEMBANG, SUMATERA SELATAN",23,135,47,182
https://kawalpemilu.org#20564,"5 ILIR, ILIR TIMUR II, KOTA PALEMBANG, SUMATERA SELATAN",24,68,105,173
https://kawalpemilu.org#20564,"5 ILIR, ILIR TIMUR II, KOTA PALEMBANG, SUMATERA SELATAN",25,190,37,227
https://kawalpemilu.org#20564,"5 ILIR, ILIR TIMUR II, KOTA PALEMBANG, SUMATERA SELATAN",27,75,153,228
https://kawalpemilu.org#20564,"5 ILIR, ILIR TIMUR II, KOTA PALEMBANG, SUMATERA SELATAN",28,95,125,220
https://kawalpemilu.org#20564,"5 ILIR, ILIR TIMUR II, KOTA PALEMBANG, SUMATERA SELATAN",29,76,117,193
https://kawalpemilu.org#20564,"5 ILIR, ILIR TIMUR II, KOTA PALEMBANG, SUMATERA SELATAN",30,117,115,232
https://kawalpemilu.org#20564,"5 ILIR, ILIR TIMUR II, KOTA PALEMBANG, SUMATERA SELATAN",31,108,133,241
https://kawalpemilu.org#20564,"5 ILIR, ILIR TIMUR II, KOTA PALEMBANG, SUMATERA SELATAN",32,72,84,156
https://kawalpemilu.org#20564,"5 ILIR, ILIR TIMUR II, KOTA PALEMBANG, SUMATERA SELATAN",33,68,157,225
https://kawalpemilu.org#20564,"5 ILIR, ILIR TIMUR II, KOTA PALEMBANG, SUMATERA SELATAN",34,127,88,215
https://kawalpemilu.org#20565,"3 ILIR, ILIR TIMUR II, KOTA PALEMBANG, SUMATERA SELATAN",1,69,127,196
https://kawalpemilu.org#20565,"3 ILIR, ILIR TIMUR II, KOTA PALEMBANG, SUMATERA SELATAN",2,62,158,220
https://kawalpemilu.org#20565,"3 ILIR, ILIR TIMUR II, KOTA PALEMBANG, SUMATERA SELATAN",3,78,162,240
https://kawalpemilu.org#20565,"3 ILIR, ILIR TIMUR II, KOTA PALEMBANG, SUMATERA SELATAN",4,63,160,223
https://kawalpemilu.org#20565,"3 ILIR, ILIR TIMUR II, KOTA PALEMBANG, SUMATERA SELATAN",6,42,107,149
https://kawalpemilu.org#20565,"3 ILIR, ILIR TIMUR II, KOTA PALEMBANG, SUMATERA SELATAN",7,69,101,170
https://kawalpemilu.org#20565,"3 ILIR, ILIR TIMUR II, KOTA PALEMBANG, SUMATERA SELATAN",8,56,87,143
https://kawalpemilu.org#20565,"3 ILIR, ILIR TIMUR II, KOTA PALEMBANG, SUMATERA SELATAN",9,95,126,221
https://kawalpemilu.org#20565,"3 ILIR, ILIR TIMUR II, KOTA PALEMBANG, SUMATERA SELATAN",10,84,143,227
https://kawalpemilu.org#20565,"3 ILIR, ILIR TIMUR II, KOTA PALEMBANG, SUMATERA SELATAN",11,21,104,125
https://kawalpemilu.org#20565,"3 ILIR, ILIR TIMUR II, KOTA PALEMBANG, SUMATERA SELATAN",12,61,124,185
https://kawalpemilu.org#20565,"3 ILIR, ILIR TIMUR II, KOTA PALEMBANG, SUMATERA SELATAN",13,44,108,152
https://kawalpemilu.org#20565,"3 ILIR, ILIR TIMUR II, KOTA PALEMBANG, SUMATERA SELATAN",14,49,112,161
https://kawalpemilu.org#20565,"3 ILIR, ILIR TIMUR II, KOTA PALEMBANG, SUMATERA SELATAN",15,80,120,200
https://kawalpemilu.org#20565,"3 ILIR, ILIR TIMUR II, KOTA PALEMBANG, SUMATERA SELATAN",16,53,155,208
https://kawalpemilu.org#20565,"3 ILIR, ILIR TIMUR II, KOTA PALEMBANG, SUMATERA SELATAN",17,113,101,214
https://kawalpemilu.org#20565,"3 ILIR, ILIR TIMUR II, KOTA PALEMBANG, SUMATERA SELATAN",18,81,157,238
https://kawalpemilu.org#20565,"3 ILIR, ILIR TIMUR II, KOTA PALEMBANG, SUMATERA SELATAN",19,31,169,200
https://kawalpemilu.org#20565,"3 ILIR, ILIR TIMUR II, KOTA PALEMBANG, SUMATERA SELATAN",22,60,135,195
https://kawalpemilu.org#20565,"3 ILIR, ILIR TIMUR II, KOTA PALEMBANG, SUMATERA SELATAN",23,84,127,211
https://kawalpemilu.org#20565,"3 ILIR, ILIR TIMUR II, KOTA PALEMBANG, SUMATERA SELATAN",24,74,119,193
https://kawalpemilu.org#20565,"3 ILIR, ILIR TIMUR II, KOTA PALEMBANG, SUMATERA SELATAN",25,66,152,218
https://kawalpemilu.org#20565,"3 ILIR, ILIR TIMUR II, KOTA PALEMBANG, SUMATERA SELATAN",26,82,128,210
https://kawalpemilu.org#20565,"3 ILIR, ILIR TIMUR II, KOTA PALEMBANG, SUMATERA SELATAN",27,81,115,196
https://kawalpemilu.org#20565,"3 ILIR, ILIR TIMUR II, KOTA PALEMBANG, SUMATERA SELATAN",28,59,116,175
https://kawalpemilu.org#20565,"3 ILIR, ILIR TIMUR II, KOTA PALEMBANG, SUMATERA SELATAN",29,84,109,193
https://kawalpemilu.org#20565,"3 ILIR, ILIR TIMUR II, KOTA PALEMBANG, SUMATERA SELATAN",30,40,109,149
https://kawalpemilu.org#20565,"3 ILIR, ILIR TIMUR II, KOTA PALEMBANG, SUMATERA SELATAN",31,55,170,225
https://kawalpemilu.org#20565,"3 ILIR, ILIR TIMUR II, KOTA PALEMBANG, SUMATERA SELATAN",32,55,136,191
https://kawalpemilu.org#20565,"3 ILIR, ILIR TIMUR II, KOTA PALEMBANG, SUMATERA SELATAN",33,80,136,216
https://kawalpemilu.org#20565,"3 ILIR, ILIR TIMUR II, KOTA PALEMBANG, SUMATERA SELATAN",34,71,144,215
https://kawalpemilu.org#20565,"3 ILIR, ILIR TIMUR II, KOTA PALEMBANG, SUMATERA SELATAN",35,38,149,187
https://kawalpemilu.org#20565,"3 ILIR, ILIR TIMUR II, KOTA PALEMBANG, SUMATERA SELATAN",36,33,140,173
https://kawalpemilu.org#20565,"3 ILIR, ILIR TIMUR II, KOTA PALEMBANG, SUMATERA SELATAN",37,23,136,159
https://kawalpemilu.org#20565,"3 ILIR, ILIR TIMUR II, KOTA PALEMBANG, SUMATERA SELATAN",38,57,136,194
https://kawalpemilu.org#20565,"3 ILIR, ILIR TIMUR II, KOTA PALEMBANG, SUMATERA SELATAN",39,47,128,175
https://kawalpemilu.org#20565,"3 ILIR, ILIR TIMUR II, KOTA PALEMBANG, SUMATERA SELATAN",40,61,133,194
https://kawalpemilu.org#20565,"3 ILIR, ILIR TIMUR II, KOTA PALEMBANG, SUMATERA SELATAN",41,74,149,223
https://kawalpemilu.org#20565,"3 ILIR, ILIR TIMUR II, KOTA PALEMBANG, SUMATERA SELATAN",42,82,140,222
https://kawalpemilu.org#20565,"3 ILIR, ILIR TIMUR II, KOTA PALEMBANG, SUMATERA SELATAN",43,76,158,234
https://kawalpemilu.org#20565,"3 ILIR, ILIR TIMUR II, KOTA PALEMBANG, SUMATERA SELATAN",45,66,160,226
https://kawalpemilu.org#20565,"3 ILIR, ILIR TIMUR II, KOTA PALEMBANG, SUMATERA SELATAN",46,59,132,191
https://kawalpemilu.org#20565,"3 ILIR, ILIR TIMUR II, KOTA PALEMBANG, SUMATERA SELATAN",48,51,180,231
https://kawalpemilu.org#20565,"3 ILIR, ILIR TIMUR II, KOTA PALEMBANG, SUMATERA SELATAN",49,47,181,228
https://kawalpemilu.org#20566,"1 ILIR, ILIR TIMUR II, KOTA PALEMBANG, SUMATERA SELATAN",1,93,109,202
https://kawalpemilu.org#20566,"1 ILIR, ILIR TIMUR II, KOTA PALEMBANG, SUMATERA SELATAN",2,83,87,170
https://kawalpemilu.org#20566,"1 ILIR, ILIR TIMUR II, KOTA PALEMBANG, SUMATERA SELATAN",3,58,108,166
https://kawalpemilu.org#20566,"1 ILIR, ILIR TIMUR II, KOTA PALEMBANG, SUMATERA SELATAN",4,77,145,222
https://kawalpemilu.org#20566,"1 ILIR, ILIR TIMUR II, KOTA PALEMBANG, SUMATERA SELATAN",6,86,98,184
https://kawalpemilu.org#20566,"1 ILIR, ILIR TIMUR II, KOTA PALEMBANG, SUMATERA SELATAN",7,64,138,202
https://kawalpemilu.org#20566,"1 ILIR, ILIR TIMUR II, KOTA PALEMBANG, SUMATERA SELATAN",8,87,139,226
https://kawalpemilu.org#20566,"1 ILIR, ILIR TIMUR II, KOTA PALEMBANG, SUMATERA SELATAN",10,38,141,179
https://kawalpemilu.org#20566,"1 ILIR, ILIR TIMUR II, KOTA PALEMBANG, SUMATERA SELATAN",11,37,135,172
https://kawalpemilu.org#20566,"1 ILIR, ILIR TIMUR II, KOTA PALEMBANG, SUMATERA SELATAN",12,74,150,224
https://kawalpemilu.org#20566,"1 ILIR, ILIR TIMUR II, KOTA PALEMBANG, SUMATERA SELATAN",14,68,153,221
https://kawalpemilu.org#20566,"1 ILIR, ILIR TIMUR II, KOTA PALEMBANG, SUMATERA SELATAN",15,40,168,208
https://kawalpemilu.org#20566,"1 ILIR, ILIR TIMUR II, KOTA PALEMBANG, SUMATERA SELATAN",16,39,192,231
https://kawalpemilu.org#20566,"1 ILIR, ILIR TIMUR II, KOTA PALEMBANG, SUMATERA SELATAN",17,33,95,128
https://kawalpemilu.org#20567,"2 ILIR, ILIR TIMUR II, KOTA PALEMBANG, SUMATERA SELATAN",1,62,127,189
https://kawalpemilu.org#20567,"2 ILIR, ILIR TIMUR II, KOTA PALEMBANG, SUMATERA SELATAN",2,97,138,235
https://kawalpemilu.org#20567,"2 ILIR, ILIR TIMUR II, KOTA PALEMBANG, SUMATERA SELATAN",3,42,68,110
https://kawalpemilu.org#20567,"2 ILIR, ILIR TIMUR II, KOTA PALEMBANG, SUMATERA SELATAN",4,108,109,217
https://kawalpemilu.org#20567,"2 ILIR, ILIR TIMUR II, KOTA PALEMBANG, SUMATERA SELATAN",5,121,125,246
https://kawalpemilu.org#20567,"2 ILIR, ILIR TIMUR II, KOTA PALEMBANG, SUMATERA SELATAN",6,122,96,218
https://kawalpemilu.org#20567,"2 ILIR, ILIR TIMUR II, KOTA PALEMBANG, SUMATERA SELATAN",7,68,81,149
https://kawalpemilu.org#20567,"2 ILIR, ILIR TIMUR II, KOTA PALEMBANG, SUMATERA SELATAN",8,87,138,225
https://kawalpemilu.org#20567,"2 ILIR, ILIR TIMUR II, KOTA PALEMBANG, SUMATERA SELATAN",9,88,97,185
https://kawalpemilu.org#20567,"2 ILIR, ILIR TIMUR II, KOTA PALEMBANG, SUMATERA SELATAN",10,83,103,186
https://kawalpemilu.org#20567,"2 ILIR, ILIR TIMUR II, KOTA PALEMBANG, SUMATERA SELATAN",11,69,142,211
https://kawalpemilu.org#20567,"2 ILIR, ILIR TIMUR II, KOTA PALEMBANG, SUMATERA SELATAN",12,88,151,239
https://kawalpemilu.org#20567,"2 ILIR, ILIR TIMUR II, KOTA PALEMBANG, SUMATERA SELATAN",13,80,137,217
https://kawalpemilu.org#20567,"2 ILIR, ILIR TIMUR II, KOTA PALEMBANG, SUMATERA SELATAN",14,143,129,272
https://kawalpemilu.org#20567,"2 ILIR, ILIR TIMUR II, KOTA PALEMBANG, SUMATERA SELATAN",15,80,128,208
https://kawalpemilu.org#20567,"2 ILIR, ILIR TIMUR II, KOTA PALEMBANG, SUMATERA SELATAN",16,102,135,237
https://kawalpemilu.org#20567,"2 ILIR, ILIR TIMUR II, KOTA PALEMBANG, SUMATERA SELATAN",17,58,126,184
https://kawalpemilu.org#20567,"2 ILIR, ILIR TIMUR II, KOTA PALEMBANG, SUMATERA SELATAN",18,74,120,194
https://kawalpemilu.org#20567,"2 ILIR, ILIR TIMUR II, KOTA PALEMBANG, SUMATERA SELATAN",19,75,102,177
https://kawalpemilu.org#20567,"2 ILIR, ILIR TIMUR II, KOTA PALEMBANG, SUMATERA SELATAN",20,111,116,227
https://kawalpemilu.org#20567,"2 ILIR, ILIR TIMUR II, KOTA PALEMBANG, SUMATERA SELATAN",21,75,112,187
https://kawalpemilu.org#20567,"2 ILIR, ILIR TIMUR II, KOTA PALEMBANG, SUMATERA SELATAN",22,55,92,147
https://kawalpemilu.org#20567,"2 ILIR, ILIR TIMUR II, KOTA PALEMBANG, SUMATERA SELATAN",23,36,110,146
https://kawalpemilu.org#20567,"2 ILIR, ILIR TIMUR II, KOTA PALEMBANG, SUMATERA SELATAN",24,37,110,147
https://kawalpemilu.org#20567,"2 ILIR, ILIR TIMUR II, KOTA PALEMBANG, SUMATERA SELATAN",25,29,107,136
https://kawalpemilu.org#20567,"2 ILIR, ILIR TIMUR II, KOTA PALEMBANG, SUMATERA SELATAN",26,41,123,164
https://kawalpemilu.org#20567,"2 ILIR, ILIR TIMUR II, KOTA PALEMBANG, SUMATERA SELATAN",27,18,128,146
https://kawalpemilu.org#20567,"2 ILIR, ILIR TIMUR II, KOTA PALEMBANG, SUMATERA SELATAN",28,33,88,121
https://kawalpemilu.org#20567,"2 ILIR, ILIR TIMUR II, KOTA PALEMBANG, SUMATERA SELATAN",29,17,102,119
https://kawalpemilu.org#20567,"2 ILIR, ILIR TIMUR II, KOTA PALEMBANG, SUMATERA SELATAN",30,65,129,194
https://kawalpemilu.org#20567,"2 ILIR, ILIR TIMUR II, KOTA PALEMBANG, SUMATERA SELATAN",31,65,101,166
https://kawalpemilu.org#20567,"2 ILIR, ILIR TIMUR II, KOTA PALEMBANG, SUMATERA SELATAN",32,50,81,131
https://kawalpemilu.org#20567,"2 ILIR, ILIR TIMUR II, KOTA PALEMBANG, SUMATERA SELATAN",33,21,113,134
https://kawalpemilu.org#20567,"2 ILIR, ILIR TIMUR II, KOTA PALEMBANG, SUMATERA SELATAN",34,16,101,117
https://kawalpemilu.org#20567,"2 ILIR, ILIR TIMUR II, KOTA PALEMBANG, SUMATERA SELATAN",35,41,142,183
https://kawalpemilu.org#20567,"2 ILIR, ILIR TIMUR II, KOTA PALEMBANG, SUMATERA SELATAN",36,68,163,231
https://kawalpemilu.org#20567,"2 ILIR, ILIR TIMUR II, KOTA PALEMBANG, SUMATERA SELATAN",37,73,97,170
https://kawalpemilu.org#20567,"2 ILIR, ILIR TIMUR II, KOTA PALEMBANG, SUMATERA SELATAN",38,57,124,181
https://kawalpemilu.org#20567,"2 ILIR, ILIR TIMUR II, KOTA PALEMBANG, SUMATERA SELATAN",39,67,105,172
https://kawalpemilu.org#20567,"2 ILIR, ILIR TIMUR II, KOTA PALEMBANG, SUMATERA SELATAN",40,59,87,146
https://kawalpemilu.org#20567,"2 ILIR, ILIR TIMUR II, KOTA PALEMBANG, SUMATERA SELATAN",42,43,91,134
https://kawalpemilu.org#20567,"2 ILIR, ILIR TIMUR II, KOTA PALEMBANG, SUMATERA SELATAN",43,40,109,149
https://kawalpemilu.org#20567,"2 ILIR, ILIR TIMUR II, KOTA PALEMBANG, SUMATERA SELATAN",44,28,116,144
https://kawalpemilu.org#20567,"2 ILIR, ILIR TIMUR II, KOTA PALEMBANG, SUMATERA SELATAN",45,70,120,190
https://kawalpemilu.org#20567,"2 ILIR, ILIR TIMUR II, KOTA PALEMBANG, SUMATERA SELATAN",46,46,96,142
https://kawalpemilu.org#20567,"2 ILIR, ILIR TIMUR II, KOTA PALEMBANG, SUMATERA SELATAN",49,55,112,167
https://kawalpemilu.org#20567,"2 ILIR, ILIR TIMUR II, KOTA PALEMBANG, SUMATERA SELATAN",50,42,84,126
https://kawalpemilu.org#20567,"2 ILIR, ILIR TIMUR II, KOTA PALEMBANG, SUMATERA SELATAN",51,48,77,125
https://kawalpemilu.org#20567,"2 ILIR, ILIR TIMUR II, KOTA PALEMBANG, SUMATERA SELATAN",52,62,85,147
https://kawalpemilu.org#20567,"2 ILIR, ILIR TIMUR II, KOTA PALEMBANG, SUMATERA SELATAN",53,24,122,146
https://kawalpemilu.org#20567,"2 ILIR, ILIR TIMUR II, KOTA PALEMBANG, SUMATERA SELATAN",54,64,109,173
https://kawalpemilu.org#20567,"2 ILIR, ILIR TIMUR II, KOTA PALEMBANG, SUMATERA SELATAN",55,81,111,192
https://kawalpemilu.org#20567,"2 ILIR, ILIR TIMUR II, KOTA PALEMBANG, SUMATERA SELATAN",56,55,143,198
https://kawalpemilu.org#20567,"2 ILIR, ILIR TIMUR II, KOTA PALEMBANG, SUMATERA SELATAN",57,42,158,200
https://kawalpemilu.org#20567,"2 ILIR, ILIR TIMUR II, KOTA PALEMBANG, SUMATERA SELATAN",58,31,121,152
https://kawalpemilu.org#20567,"2 ILIR, ILIR TIMUR II, KOTA PALEMBANG, SUMATERA SELATAN",59,62,171,233
https://kawalpemilu.org#20568,"LAWANG KIDUL, ILIR TIMUR II, KOTA PALEMBANG, SUMATERA SELATAN",1,118,135,153
https://kawalpemilu.org#20568,"LAWANG KIDUL, ILIR TIMUR II, KOTA PALEMBANG, SUMATERA SELATAN",2,85,114,199
https://kawalpemilu.org#20568,"LAWANG KIDUL, ILIR TIMUR II, KOTA PALEMBANG, SUMATERA SELATAN",3,33,85,118
https://kawalpemilu.org#20568,"LAWANG KIDUL, ILIR TIMUR II, KOTA PALEMBANG, SUMATERA SELATAN",4,55,149,204
https://kawalpemilu.org#20568,"LAWANG KIDUL, ILIR TIMUR II, KOTA PALEMBANG, SUMATERA SELATAN",5,34,105,139
https://kawalpemilu.org#20568,"LAWANG KIDUL, ILIR TIMUR II, KOTA PALEMBANG, SUMATERA SELATAN",6,61,116,177
https://kawalpemilu.org#20568,"LAWANG KIDUL, ILIR TIMUR II, KOTA PALEMBANG, SUMATERA SELATAN",7,62,104,166
https://kawalpemilu.org#20568,"LAWANG KIDUL, ILIR TIMUR II, KOTA PALEMBANG, SUMATERA SELATAN",8,33,116,149
https://kawalpemilu.org#20568,"LAWANG KIDUL, ILIR TIMUR II, KOTA PALEMBANG, SUMATERA SELATAN",9,54,154,208
https://kawalpemilu.org#20568,"LAWANG KIDUL, ILIR TIMUR II, KOTA PALEMBANG, SUMATERA SELATAN",10,54,180,234
https://kawalpemilu.org#20568,"LAWANG KIDUL, ILIR TIMUR II, KOTA PALEMBANG, SUMATERA SELATAN",11,81,164,245
https://kawalpemilu.org#20568,"LAWANG KIDUL, ILIR TIMUR II, KOTA PALEMBANG, SUMATERA SELATAN",12,87,119,206
https://kawalpemilu.org#20568,"LAWANG KIDUL, ILIR TIMUR II, KOTA PALEMBANG, SUMATERA SELATAN",13,64,90,154
https://kawalpemilu.org#20568,"LAWANG KIDUL, ILIR TIMUR II, KOTA PALEMBANG, SUMATERA SELATAN",14,72,131,203
https://kawalpemilu.org#20568,"LAWANG KIDUL, ILIR TIMUR II, KOTA PALEMBANG, SUMATERA SELATAN",15,71,143,214
https://kawalpemilu.org#20568,"LAWANG KIDUL, ILIR TIMUR II, KOTA PALEMBANG, SUMATERA SELATAN",16,68,116,184
https://kawalpemilu.org#20568,"LAWANG KIDUL, ILIR TIMUR II, KOTA PALEMBANG, SUMATERA SELATAN",17,49,108,157
https://kawalpemilu.org#20568,"LAWANG KIDUL, ILIR TIMUR II, KOTA PALEMBANG, SUMATERA SELATAN",18,34,144,178
https://kawalpemilu.org#20568,"LAWANG KIDUL, ILIR TIMUR II, KOTA PALEMBANG, SUMATERA SELATAN",19,27,121,148
https://kawalpemilu.org#20568,"LAWANG KIDUL, ILIR TIMUR II, KOTA PALEMBANG, SUMATERA SELATAN",20,27,101,128
https://kawalpemilu.org#20568,"LAWANG KIDUL, ILIR TIMUR II, KOTA PALEMBANG, SUMATERA SELATAN",21,65,104,169
https://kawalpemilu.org#20568,"LAWANG KIDUL, ILIR TIMUR II, KOTA PALEMBANG, SUMATERA SELATAN",22,31,85,120
https://kawalpemilu.org#20568,"LAWANG KIDUL, ILIR TIMUR II, KOTA PALEMBANG, SUMATERA SELATAN",23,44,99,143
https://kawalpemilu.org#20568,"LAWANG KIDUL, ILIR TIMUR II, KOTA PALEMBANG, SUMATERA SELATAN",24,74,139,213
https://kawalpemilu.org#20568,"LAWANG KIDUL, ILIR TIMUR II, KOTA PALEMBANG, SUMATERA SELATAN",25,102,133,235
https://kawalpemilu.org#20568,"LAWANG KIDUL, ILIR TIMUR II, KOTA PALEMBANG, SUMATERA SELATAN",26,50,130,180
https://kawalpemilu.org#20568,"LAWANG KIDUL, ILIR TIMUR II, KOTA PALEMBANG, SUMATERA SELATAN",27,43,101,144
https://kawalpemilu.org#20568,"LAWANG KIDUL, ILIR TIMUR II, KOTA PALEMBANG, SUMATERA SELATAN",28,58,134,192
https://kawalpemilu.org#20568,"LAWANG KIDUL, ILIR TIMUR II, KOTA PALEMBANG, SUMATERA SELATAN",29,19,96,115
https://kawalpemilu.org#20568,"LAWANG KIDUL, ILIR TIMUR II, KOTA PALEMBANG, SUMATERA SELATAN",30,46,94,140
https://kawalpemilu.org#20571,"SUNGAI BUAH, ILIR TIMUR II, KOTA PALEMBANG, SUMATERA SELATAN",1,108,61,169
https://kawalpemilu.org#20571,"SUNGAI BUAH, ILIR TIMUR II, KOTA PALEMBANG, SUMATERA SELATAN",2,59,82,141
https://kawalpemilu.org#20571,"SUNGAI BUAH, ILIR TIMUR II, KOTA PALEMBANG, SUMATERA SELATAN",3,64,111,175
https://kawalpemilu.org#20571,"SUNGAI BUAH, ILIR TIMUR II, KOTA PALEMBANG, SUMATERA SELATAN",5,63,118,181
https://kawalpemilu.org#20571,"SUNGAI BUAH, ILIR TIMUR II, KOTA PALEMBANG, SUMATERA SELATAN",6,68,108,176
https://kawalpemilu.org#20571,"SUNGAI BUAH, ILIR TIMUR II, KOTA PALEMBANG, SUMATERA SELATAN",7,39,122,161
https://kawalpemilu.org#20571,"SUNGAI BUAH, ILIR TIMUR II, KOTA PALEMBANG, SUMATERA SELATAN",8,17,128,145
https://kawalpemilu.org#20571,"SUNGAI BUAH, ILIR TIMUR II, KOTA PALEMBANG, SUMATERA SELATAN",9,56,88,144
https://kawalpemilu.org#20571,"SUNGAI BUAH, ILIR TIMUR II, KOTA PALEMBANG, SUMATERA SELATAN",10,69,78,147
https://kawalpemilu.org#20571,"SUNGAI BUAH, ILIR TIMUR II, KOTA PALEMBANG, SUMATERA SELATAN",11,45,87,132
https://kawalpemilu.org#20571,"SUNGAI BUAH, ILIR TIMUR II, KOTA PALEMBANG, SUMATERA SELATAN",12,41,79,120
https://kawalpemilu.org#20571,"SUNGAI BUAH, ILIR TIMUR II, KOTA PALEMBANG, SUMATERA SELATAN",13,52,72,124
https://kawalpemilu.org#20571,"SUNGAI BUAH, ILIR TIMUR II, KOTA PALEMBANG, SUMATERA SELATAN",14,45,88,133
https://kawalpemilu.org#20571,"SUNGAI BUAH, ILIR TIMUR II, KOTA PALEMBANG, SUMATERA SELATAN",15,17,103,120
https://kawalpemilu.org#20571,"SUNGAI BUAH, ILIR TIMUR II, KOTA PALEMBANG, SUMATERA SELATAN",16,32,85,117
https://kawalpemilu.org#20571,"SUNGAI BUAH, ILIR TIMUR II, KOTA PALEMBANG, SUMATERA SELATAN",17,26,114,140
https://kawalpemilu.org#20571,"SUNGAI BUAH, ILIR TIMUR II, KOTA PALEMBANG, SUMATERA SELATAN",19,39,80,119
https://kawalpemilu.org#20571,"SUNGAI BUAH, ILIR TIMUR II, KOTA PALEMBANG, SUMATERA SELATAN",20,40,93,133
https://kawalpemilu.org#20571,"SUNGAI BUAH, ILIR TIMUR II, KOTA PALEMBANG, SUMATERA SELATAN",21,62,120,182
https://kawalpemilu.org#20571,"SUNGAI BUAH, ILIR TIMUR II, KOTA PALEMBANG, SUMATERA SELATAN",22,24,97,121
https://kawalpemilu.org#20571,"SUNGAI BUAH, ILIR TIMUR II, KOTA PALEMBANG, SUMATERA SELATAN",23,71,108,179
https://kawalpemilu.org#20571,"SUNGAI BUAH, ILIR TIMUR II, KOTA PALEMBANG, SUMATERA SELATAN",24,47,112,159
https://kawalpemilu.org#20571,"SUNGAI BUAH, ILIR TIMUR II, KOTA PALEMBANG, SUMATERA SELATAN",25,66,101,167
https://kawalpemilu.org#20571,"SUNGAI BUAH, ILIR TIMUR II, KOTA PALEMBANG, SUMATERA SELATAN",26,70,160,230
https://kawalpemilu.org#20571,"SUNGAI BUAH, ILIR TIMUR II, KOTA PALEMBANG, SUMATERA SELATAN",27,84,120,204
https://kawalpemilu.org#20571,"SUNGAI BUAH, ILIR TIMUR II, KOTA PALEMBANG, SUMATERA SELATAN",28,68,123,191
https://kawalpemilu.org#20571,"SUNGAI BUAH, ILIR TIMUR II, KOTA PALEMBANG, SUMATERA SELATAN",29,80,130,210
https://kawalpemilu.org#20571,"SUNGAI BUAH, ILIR TIMUR II, KOTA PALEMBANG, SUMATERA SELATAN",30,64,114,178
https://kawalpemilu.org#20571,"SUNGAI BUAH, ILIR TIMUR II, KOTA PALEMBANG, SUMATERA SELATAN",31,70,88,158
https://kawalpemilu.org#20571,"SUNGAI BUAH, ILIR TIMUR II, KOTA PALEMBANG, SUMATERA SELATAN",32,52,109,161
https://kawalpemilu.org#20571,"SUNGAI BUAH, ILIR TIMUR II, KOTA PALEMBANG, SUMATERA SELATAN",33,69,95,164
https://kawalpemilu.org#20571,"SUNGAI BUAH, ILIR TIMUR II, KOTA PALEMBANG, SUMATERA SELATAN",34,49,115,164
https://kawalpemilu.org#20571,"SUNGAI BUAH, ILIR TIMUR II, KOTA PALEMBANG, SUMATERA SELATAN",35,47,143,190
https://kawalpemilu.org#20571,"SUNGAI BUAH, ILIR TIMUR II, KOTA PALEMBANG, SUMATERA SELATAN",36,79,118,197
https://kawalpemilu.org#20571,"SUNGAI BUAH, ILIR TIMUR II, KOTA PALEMBANG, SUMATERA SELATAN",37,59,111,170
https://kawalpemilu.org#20571,"SUNGAI BUAH, ILIR TIMUR II, KOTA PALEMBANG, SUMATERA SELATAN",38,47,109,156
https://kawalpemilu.org#20571,"SUNGAI BUAH, ILIR TIMUR II, KOTA PALEMBANG, SUMATERA SELATAN",39,35,112,147
https://kawalpemilu.org#20571,"SUNGAI BUAH, ILIR TIMUR II, KOTA PALEMBANG, SUMATERA SELATAN",40,44,129,173
https://kawalpemilu.org#20571,"SUNGAI BUAH, ILIR TIMUR II, KOTA PALEMBANG, SUMATERA SELATAN",41,90,91,181
https://kawalpemilu.org#20571,"SUNGAI BUAH, ILIR TIMUR II, KOTA PALEMBANG, SUMATERA SELATAN",42,96,94,190
https://kawalpemilu.org#20571,"SUNGAI BUAH, ILIR TIMUR II, KOTA PALEMBANG, SUMATERA SELATAN",43,56,110,166
https://kawalpemilu.org#20571,"SUNGAI BUAH, ILIR TIMUR II, KOTA PALEMBANG, SUMATERA SELATAN",44,58,126,184
https://kawalpemilu.org#20571,"SUNGAI BUAH, ILIR TIMUR II, KOTA PALEMBANG, SUMATERA SELATAN",45,35,39,74
https://kawalpemilu.org#20571,"SUNGAI BUAH, ILIR TIMUR II, KOTA PALEMBANG, SUMATERA SELATAN",46,62,130,192
https://kawalpemilu.org#20571,"SUNGAI BUAH, ILIR TIMUR II, KOTA PALEMBANG, SUMATERA SELATAN",47,57,139,196
https://kawalpemilu.org#20573,"TALANG BETUTU, SUKARAMI, KOTA PALEMBANG, SUMATERA SELATAN",1,113,118,231
https://kawalpemilu.org#20573,"TALANG BETUTU, SUKARAMI, KOTA PALEMBANG, SUMATERA SELATAN",3,68,138,206
https://kawalpemilu.org#20573,"TALANG BETUTU, SUKARAMI, KOTA PALEMBANG, SUMATERA SELATAN",4,69,151,220
https://kawalpemilu.org#20573,"TALANG BETUTU, SUKARAMI, KOTA PALEMBANG, SUMATERA SELATAN",5,92,129,221
https://kawalpemilu.org#20573,"TALANG BETUTU, SUKARAMI, KOTA PALEMBANG, SUMATERA SELATAN",6,107,115,222
https://kawalpemilu.org#20573,"TALANG BETUTU, SUKARAMI, KOTA PALEMBANG, SUMATERA SELATAN",7,96,39,135
https://kawalpemilu.org#20573,"TALANG BETUTU, SUKARAMI, KOTA PALEMBANG, SUMATERA SELATAN",9,80,133,213
https://kawalpemilu.org#20573,"TALANG BETUTU, SUKARAMI, KOTA PALEMBANG, SUMATERA SELATAN",10,80,96,176
https://kawalpemilu.org#20573,"TALANG BETUTU, SUKARAMI, KOTA PALEMBANG, SUMATERA SELATAN",11,174,70,244
https://kawalpemilu.org#20573,"TALANG BETUTU, SUKARAMI, KOTA PALEMBANG, SUMATERA SELATAN",12,77,79,156
https://kawalpemilu.org#20573,"TALANG BETUTU, SUKARAMI, KOTA PALEMBANG, SUMATERA SELATAN",13,91,89,180
https://kawalpemilu.org#20573,"TALANG BETUTU, SUKARAMI, KOTA PALEMBANG, SUMATERA SELATAN",14,110,98,208
https://kawalpemilu.org#20573,"TALANG BETUTU, SUKARAMI, KOTA PALEMBANG, SUMATERA SELATAN",15,75,78,153
https://kawalpemilu.org#20573,"TALANG BETUTU, SUKARAMI, KOTA PALEMBANG, SUMATERA SELATAN",16,49,78,127
https://kawalpemilu.org#20573,"TALANG BETUTU, SUKARAMI, KOTA PALEMBANG, SUMATERA SELATAN",17,43,120,163
https://kawalpemilu.org#20573,"TALANG BETUTU, SUKARAMI, KOTA PALEMBANG, SUMATERA SELATAN",18,71,87,158
https://kawalpemilu.org#20573,"TALANG BETUTU, SUKARAMI, KOTA PALEMBANG, SUMATERA SELATAN",19,118,68,186
https://kawalpemilu.org#20573,"TALANG BETUTU, SUKARAMI, KOTA PALEMBANG, SUMATERA SELATAN",20,140,65,205
https://kawalpemilu.org#20573,"TALANG BETUTU, SUKARAMI, KOTA PALEMBANG, SUMATERA SELATAN",21,130,76,206
https://kawalpemilu.org#20573,"TALANG BETUTU, SUKARAMI, KOTA PALEMBANG, SUMATERA SELATAN",22,85,119,204
https://kawalpemilu.org#20573,"TALANG BETUTU, SUKARAMI, KOTA PALEMBANG, SUMATERA SELATAN",25,63,68,131
https://kawalpemilu.org#20573,"TALANG BETUTU, SUKARAMI, KOTA PALEMBANG, SUMATERA SELATAN",26,113,119,232
https://kawalpemilu.org#20573,"TALANG BETUTU, SUKARAMI, KOTA PALEMBANG, SUMATERA SELATAN",27,137,97,234
https://kawalpemilu.org#20573,"TALANG BETUTU, SUKARAMI, KOTA PALEMBANG, SUMATERA SELATAN",29,115,115,230
https://kawalpemilu.org#20573,"TALANG BETUTU, SUKARAMI, KOTA PALEMBANG, SUMATERA SELATAN",30,116,158,274
https://kawalpemilu.org#20573,"TALANG BETUTU, SUKARAMI, KOTA PALEMBANG, SUMATERA SELATAN",33,161,63,179
https://kawalpemilu.org#20573,"TALANG BETUTU, SUKARAMI, KOTA PALEMBANG, SUMATERA SELATAN",34,77,105,182
https://kawalpemilu.org#20573,"TALANG BETUTU, SUKARAMI, KOTA PALEMBANG, SUMATERA SELATAN",36,99,76,175
https://kawalpemilu.org#20573,"TALANG BETUTU, SUKARAMI, KOTA PALEMBANG, SUMATERA SELATAN",37,52,101,153
https://kawalpemilu.org#20573,"TALANG BETUTU, SUKARAMI, KOTA PALEMBANG, SUMATERA SELATAN",38,126,74,200
https://kawalpemilu.org#20573,"TALANG BETUTU, SUKARAMI, KOTA PALEMBANG, SUMATERA SELATAN",39,102,36,138
https://kawalpemilu.org#20573,"TALANG BETUTU, SUKARAMI, KOTA PALEMBANG, SUMATERA SELATAN",40,144,71,215
https://kawalpemilu.org#20573,"TALANG BETUTU, SUKARAMI, KOTA PALEMBANG, SUMATERA SELATAN",42,63,32,95
https://kawalpemilu.org#20573,"TALANG BETUTU, SUKARAMI, KOTA PALEMBANG, SUMATERA SELATAN",43,57,80,137
https://kawalpemilu.org#20573,"TALANG BETUTU, SUKARAMI, KOTA PALEMBANG, SUMATERA SELATAN",44,71,78,149
https://kawalpemilu.org#20574,"SUKAJAYA, SUKARAMI, KOTA PALEMBANG, SUMATERA SELATAN",1,76,103,179
https://kawalpemilu.org#20574,"SUKAJAYA, SUKARAMI, KOTA PALEMBANG, SUMATERA SELATAN",2,69,70,139
https://kawalpemilu.org#20574,"SUKAJAYA, SUKARAMI, KOTA PALEMBANG, SUMATERA SELATAN",3,53,148,201
https://kawalpemilu.org#20574,"SUKAJAYA, SUKARAMI, KOTA PALEMBANG, SUMATERA SELATAN",4,100,142,242
https://kawalpemilu.org#20574,"SUKAJAYA, SUKARAMI, KOTA PALEMBANG, SUMATERA SELATAN",5,80,113,193
https://kawalpemilu.org#20574,"SUKAJAYA, SUKARAMI, KOTA PALEMBANG, SUMATERA SELATAN",6,57,83,140
https://kawalpemilu.org#20574,"SUKAJAYA, SUKARAMI, KOTA PALEMBANG, SUMATERA SELATAN",7,72,118,190
https://kawalpemilu.org#20574,"SUKAJAYA, SUKARAMI, KOTA PALEMBANG, SUMATERA SELATAN",8,76,164,240
https://kawalpemilu.org#20574,"SUKAJAYA, SUKARAMI, KOTA PALEMBANG, SUMATERA SELATAN",9,74,130,204
https://kawalpemilu.org#20574,"SUKAJAYA, SUKARAMI, KOTA PALEMBANG, SUMATERA SELATAN",12,77,166,243
https://kawalpemilu.org#20574,"SUKAJAYA, SUKARAMI, KOTA PALEMBANG, SUMATERA SELATAN",13,78,130,208
https://kawalpemilu.org#20574,"SUKAJAYA, SUKARAMI, KOTA PALEMBANG, SUMATERA SELATAN",14,63,131,194
https://kawalpemilu.org#20574,"SUKAJAYA, SUKARAMI, KOTA PALEMBANG, SUMATERA SELATAN",15,44,113,157
https://kawalpemilu.org#20574,"SUKAJAYA, SUKARAMI, KOTA PALEMBANG, SUMATERA SELATAN",16,95,107,202
https://kawalpemilu.org#20574,"SUKAJAYA, SUKARAMI, KOTA PALEMBANG, SUMATERA SELATAN",17,84,95,179
https://kawalpemilu.org#20574,"SUKAJAYA, SUKARAMI, KOTA PALEMBANG, SUMATERA SELATAN",18,60,124,184
https://kawalpemilu.org#20574,"SUKAJAYA, SUKARAMI, KOTA PALEMBANG, SUMATERA SELATAN",19,110,166,276
https://kawalpemilu.org#20574,"SUKAJAYA, SUKARAMI, KOTA PALEMBANG, SUMATERA SELATAN",20,96,106,202
https://kawalpemilu.org#20574,"SUKAJAYA, SUKARAMI, KOTA PALEMBANG, SUMATERA SELATAN",21,63,115,178
https://kawalpemilu.org#20574,"SUKAJAYA, SUKARAMI, KOTA PALEMBANG, SUMATERA SELATAN",22,66,172,238
https://kawalpemilu.org#20574,"SUKAJAYA, SUKARAMI, KOTA PALEMBANG, SUMATERA SELATAN",23,53,140,193
https://kawalpemilu.org#20574,"SUKAJAYA, SUKARAMI, KOTA PALEMBANG, SUMATERA SELATAN",24,43,146,189
https://kawalpemilu.org#20574,"SUKAJAYA, SUKARAMI, KOTA PALEMBANG, SUMATERA SELATAN",25,46,132,178
https://kawalpemilu.org#20574,"SUKAJAYA, SUKARAMI, KOTA PALEMBANG, SUMATERA SELATAN",26,60,141,201
https://kawalpemilu.org#20574,"SUKAJAYA, SUKARAMI, KOTA PALEMBANG, SUMATERA SELATAN",27,67,116,183
https://kawalpemilu.org#20574,"SUKAJAYA, SUKARAMI, KOTA PALEMBANG, SUMATERA SELATAN",28,101,88,189
https://kawalpemilu.org#20574,"SUKAJAYA, SUKARAMI, KOTA PALEMBANG, SUMATERA SELATAN",29,41,122,163
https://kawalpemilu.org#20574,"SUKAJAYA, SUKARAMI, KOTA PALEMBANG, SUMATERA SELATAN",30,63,172,235
https://kawalpemilu.org#20574,"SUKAJAYA, SUKARAMI, KOTA PALEMBANG, SUMATERA SELATAN",31,77,179,256
https://kawalpemilu.org#20574,"SUKAJAYA, SUKARAMI, KOTA PALEMBANG, SUMATERA SELATAN",33,79,155,234
https://kawalpemilu.org#20574,"SUKAJAYA, SUKARAMI, KOTA PALEMBANG, SUMATERA SELATAN",34,78,170,248
https://kawalpemilu.org#20574,"SUKAJAYA, SUKARAMI, KOTA PALEMBANG, SUMATERA SELATAN",35,72,67,139
https://kawalpemilu.org#20574,"SUKAJAYA, SUKARAMI, KOTA PALEMBANG, SUMATERA SELATAN",36,74,155,229
https://kawalpemilu.org#20574,"SUKAJAYA, SUKARAMI, KOTA PALEMBANG, SUMATERA SELATAN",37,86,136,222
https://kawalpemilu.org#20574,"SUKAJAYA, SUKARAMI, KOTA PALEMBANG, SUMATERA SELATAN",38,77,141,218
https://kawalpemilu.org#20574,"SUKAJAYA, SUKARAMI, KOTA PALEMBANG, SUMATERA SELATAN",39,51,153,204
https://kawalpemilu.org#20574,"SUKAJAYA, SUKARAMI, KOTA PALEMBANG, SUMATERA SELATAN",40,45,153,198
https://kawalpemilu.org#20574,"SUKAJAYA, SUKARAMI, KOTA PALEMBANG, SUMATERA SELATAN",41,68,150,218
https://kawalpemilu.org#20574,"SUKAJAYA, SUKARAMI, KOTA PALEMBANG, SUMATERA SELATAN",42,85,138,223
https://kawalpemilu.org#20574,"SUKAJAYA, SUKARAMI, KOTA PALEMBANG, SUMATERA SELATAN",43,80,162,242
https://kawalpemilu.org#20574,"SUKAJAYA, SUKARAMI, KOTA PALEMBANG, SUMATERA SELATAN",45,136,112,248
https://kawalpemilu.org#20574,"SUKAJAYA, SUKARAMI, KOTA PALEMBANG, SUMATERA SELATAN",47,64,124,188
https://kawalpemilu.org#20574,"SUKAJAYA, SUKARAMI, KOTA PALEMBANG, SUMATERA SELATAN",48,85,200,285
https://kawalpemilu.org#20574,"SUKAJAYA, SUKARAMI, KOTA PALEMBANG, SUMATERA SELATAN",49,92,148,240
https://kawalpemilu.org#20574,"SUKAJAYA, SUKARAMI, KOTA PALEMBANG, SUMATERA SELATAN",50,76,121,197
https://kawalpemilu.org#20574,"SUKAJAYA, SUKARAMI, KOTA PALEMBANG, SUMATERA SELATAN",52,83,176,259
https://kawalpemilu.org#20574,"SUKAJAYA, SUKARAMI, KOTA PALEMBANG, SUMATERA SELATAN",53,93,107,200
https://kawalpemilu.org#20574,"SUKAJAYA, SUKARAMI, KOTA PALEMBANG, SUMATERA SELATAN",54,85,103,188
https://kawalpemilu.org#20574,"SUKAJAYA, SUKARAMI, KOTA PALEMBANG, SUMATERA SELATAN",55,114,66,178
https://kawalpemilu.org#20574,"SUKAJAYA, SUKARAMI, KOTA PALEMBANG, SUMATERA SELATAN",56,92,110,202
https://kawalpemilu.org#20574,"SUKAJAYA, SUKARAMI, KOTA PALEMBANG, SUMATERA SELATAN",57,70,58,128
https://kawalpemilu.org#20574,"SUKAJAYA, SUKARAMI, KOTA PALEMBANG, SUMATERA SELATAN",58,67,77,144
https://kawalpemilu.org#20574,"SUKAJAYA, SUKARAMI, KOTA PALEMBANG, SUMATERA SELATAN",59,188,36,224
https://kawalpemilu.org#20574,"SUKAJAYA, SUKARAMI, KOTA PALEMBANG, SUMATERA SELATAN",60,109,59,168
https://kawalpemilu.org#20574,"SUKAJAYA, SUKARAMI, KOTA PALEMBANG, SUMATERA SELATAN",61,96,90,186
https://kawalpemilu.org#20574,"SUKAJAYA, SUKARAMI, KOTA PALEMBANG, SUMATERA SELATAN",62,125,81,206
https://kawalpemilu.org#20574,"SUKAJAYA, SUKARAMI, KOTA PALEMBANG, SUMATERA SELATAN",63,65,119,184
https://kawalpemilu.org#20574,"SUKAJAYA, SUKARAMI, KOTA PALEMBANG, SUMATERA SELATAN",64,77,173,250
https://kawalpemilu.org#20574,"SUKAJAYA, SUKARAMI, KOTA PALEMBANG, SUMATERA SELATAN",65,74,145,219
https://kawalpemilu.org#20574,"SUKAJAYA, SUKARAMI, KOTA PALEMBANG, SUMATERA SELATAN",66,94,155,249
https://kawalpemilu.org#20574,"SUKAJAYA, SUKARAMI, KOTA PALEMBANG, SUMATERA SELATAN",68,59,143,202
https://kawalpemilu.org#20574,"SUKAJAYA, SUKARAMI, KOTA PALEMBANG, SUMATERA SELATAN",69,62,129,191
https://kawalpemilu.org#20574,"SUKAJAYA, SUKARAMI, KOTA PALEMBANG, SUMATERA SELATAN",70,60,165,225
https://kawalpemilu.org#20574,"SUKAJAYA, SUKARAMI, KOTA PALEMBANG, SUMATERA SELATAN",71,56,126,182
https://kawalpemilu.org#20574,"SUKAJAYA, SUKARAMI, KOTA PALEMBANG, SUMATERA SELATAN",72,32,114,146
https://kawalpemilu.org#20574,"SUKAJAYA, SUKARAMI, KOTA PALEMBANG, SUMATERA SELATAN",73,66,119,185
https://kawalpemilu.org#20574,"SUKAJAYA, SUKARAMI, KOTA PALEMBANG, SUMATERA SELATAN",74,74,140,214
https://kawalpemilu.org#20574,"SUKAJAYA, SUKARAMI, KOTA PALEMBANG, SUMATERA SELATAN",75,83,142,225
https://kawalpemilu.org#20574,"SUKAJAYA, SUKARAMI, KOTA PALEMBANG, SUMATERA SELATAN",76,82,110,192
https://kawalpemilu.org#20574,"SUKAJAYA, SUKARAMI, KOTA PALEMBANG, SUMATERA SELATAN",77,68,108,176
https://kawalpemilu.org#20574,"SUKAJAYA, SUKARAMI, KOTA PALEMBANG, SUMATERA SELATAN",78,77,123,200
https://kawalpemilu.org#20574,"SUKAJAYA, SUKARAMI, KOTA PALEMBANG, SUMATERA SELATAN",79,103,105,208
https://kawalpemilu.org#20574,"SUKAJAYA, SUKARAMI, KOTA PALEMBANG, SUMATERA SELATAN",80,64,97,164
https://kawalpemilu.org#20574,"SUKAJAYA, SUKARAMI, KOTA PALEMBANG, SUMATERA SELATAN",81,76,91,167
https://kawalpemilu.org#20574,"SUKAJAYA, SUKARAMI, KOTA PALEMBANG, SUMATERA SELATAN",82,75,104,179
https://kawalpemilu.org#20574,"SUKAJAYA, SUKARAMI, KOTA PALEMBANG, SUMATERA SELATAN",84,45,107,152
https://kawalpemilu.org#20574,"SUKAJAYA, SUKARAMI, KOTA PALEMBANG, SUMATERA SELATAN",85,84,173,257
https://kawalpemilu.org#20574,"SUKAJAYA, SUKARAMI, KOTA PALEMBANG, SUMATERA SELATAN",86,46,133,179
https://kawalpemilu.org#20574,"SUKAJAYA, SUKARAMI, KOTA PALEMBANG, SUMATERA SELATAN",87,117,175,292
https://kawalpemilu.org#20574,"SUKAJAYA, SUKARAMI, KOTA PALEMBANG, SUMATERA SELATAN",88,69,122,191
https://kawalpemilu.org#20574,"SUKAJAYA, SUKARAMI, KOTA PALEMBANG, SUMATERA SELATAN",89,71,137,208
https://kawalpemilu.org#20574,"SUKAJAYA, SUKARAMI, KOTA PALEMBANG, SUMATERA SELATAN",90,63,111,174
https://kawalpemilu.org#20574,"SUKAJAYA, SUKARAMI, KOTA PALEMBANG, SUMATERA SELATAN",92,49,91,140
https://kawalpemilu.org#20574,"SUKAJAYA, SUKARAMI, KOTA PALEMBANG, SUMATERA SELATAN",93,56,91,147
https://kawalpemilu.org#20574,"SUKAJAYA, SUKARAMI, KOTA PALEMBANG, SUMATERA SELATAN",94,60,124,184
https://kawalpemilu.org#20574,"SUKAJAYA, SUKARAMI, KOTA PALEMBANG, SUMATERA SELATAN",95,60,129,189
https://kawalpemilu.org#20574,"SUKAJAYA, SUKARAMI, KOTA PALEMBANG, SUMATERA SELATAN",96,85,97,182
https://kawalpemilu.org#20574,"SUKAJAYA, SUKARAMI, KOTA PALEMBANG, SUMATERA SELATAN",97,91,119,210
https://kawalpemilu.org#20574,"SUKAJAYA, SUKARAMI, KOTA PALEMBANG, SUMATERA SELATAN",98,61,125,186
https://kawalpemilu.org#20574,"SUKAJAYA, SUKARAMI, KOTA PALEMBANG, SUMATERA SELATAN",99,53,144,197
https://kawalpemilu.org#20574,"SUKAJAYA, SUKARAMI, KOTA PALEMBANG, SUMATERA SELATAN",100,70,113,178
https://kawalpemilu.org#20574,"SUKAJAYA, SUKARAMI, KOTA PALEMBANG, SUMATERA SELATAN",101,46,156,202
https://kawalpemilu.org#20574,"SUKAJAYA, SUKARAMI, KOTA PALEMBANG, SUMATERA SELATAN",102,39,105,144
https://kawalpemilu.org#20574,"SUKAJAYA, SUKARAMI, KOTA PALEMBANG, SUMATERA SELATAN",103,66,162,228
https://kawalpemilu.org#20574,"SUKAJAYA, SUKARAMI, KOTA PALEMBANG, SUMATERA SELATAN",104,73,111,184
https://kawalpemilu.org#20574,"SUKAJAYA, SUKARAMI, KOTA PALEMBANG, SUMATERA SELATAN",105,62,108,170
https://kawalpemilu.org#20574,"SUKAJAYA, SUKARAMI, KOTA PALEMBANG, SUMATERA SELATAN",106,72,106,178
https://kawalpemilu.org#20574,"SUKAJAYA, SUKARAMI, KOTA PALEMBANG, SUMATERA SELATAN",107,210,46,256
https://kawalpemilu.org#20574,"SUKAJAYA, SUKARAMI, KOTA PALEMBANG, SUMATERA SELATAN",108,85,83,168
https://kawalpemilu.org#20574,"SUKAJAYA, SUKARAMI, KOTA PALEMBANG, SUMATERA SELATAN",109,63,79,142
https://kawalpemilu.org#20574,"SUKAJAYA, SUKARAMI, KOTA PALEMBANG, SUMATERA SELATAN",110,43,100,143
https://kawalpemilu.org#20574,"SUKAJAYA, SUKARAMI, KOTA PALEMBANG, SUMATERA SELATAN",111,47,127,174
https://kawalpemilu.org#20574,"SUKAJAYA, SUKARAMI, KOTA PALEMBANG, SUMATERA SELATAN",112,67,77,144
https://kawalpemilu.org#20574,"SUKAJAYA, SUKARAMI, KOTA PALEMBANG, SUMATERA SELATAN",113,68,110,178
https://kawalpemilu.org#20574,"SUKAJAYA, SUKARAMI, KOTA PALEMBANG, SUMATERA SELATAN",114,87,97,184
https://kawalpemilu.org#20574,"SUKAJAYA, SUKARAMI, KOTA PALEMBANG, SUMATERA SELATAN",115,98,156,254
https://kawalpemilu.org#20574,"SUKAJAYA, SUKARAMI, KOTA PALEMBANG, SUMATERA SELATAN",116,78,156,234
https://kawalpemilu.org#20574,"SUKAJAYA, SUKARAMI, KOTA PALEMBANG, SUMATERA SELATAN",117,57,158,215
https://kawalpemilu.org#20574,"SUKAJAYA, SUKARAMI, KOTA PALEMBANG, SUMATERA SELATAN",118,0,0,168
https://kawalpemilu.org#20574,"SUKAJAYA, SUKARAMI, KOTA PALEMBANG, SUMATERA SELATAN",119,38,107,145
https://kawalpemilu.org#20574,"SUKAJAYA, SUKARAMI, KOTA PALEMBANG, SUMATERA SELATAN",120,82,192,274
https://kawalpemilu.org#20574,"SUKAJAYA, SUKARAMI, KOTA PALEMBANG, SUMATERA SELATAN",121,49,161,210
https://kawalpemilu.org#20574,"SUKAJAYA, SUKARAMI, KOTA PALEMBANG, SUMATERA SELATAN",122,38,83,121
https://kawalpemilu.org#20574,"SUKAJAYA, SUKARAMI, KOTA PALEMBANG, SUMATERA SELATAN",123,69,106,175
https://kawalpemilu.org#20574,"SUKAJAYA, SUKARAMI, KOTA PALEMBANG, SUMATERA SELATAN",124,52,103,155
https://kawalpemilu.org#20574,"SUKAJAYA, SUKARAMI, KOTA PALEMBANG, SUMATERA SELATAN",125,54,120,174
https://kawalpemilu.org#20574,"SUKAJAYA, SUKARAMI, KOTA PALEMBANG, SUMATERA SELATAN",126,38,80,118
https://kawalpemilu.org#20574,"SUKAJAYA, SUKARAMI, KOTA PALEMBANG, SUMATERA SELATAN",127,85,133,218
https://kawalpemilu.org#20574,"SUKAJAYA, SUKARAMI, KOTA PALEMBANG, SUMATERA SELATAN",128,98,128,226
https://kawalpemilu.org#20574,"SUKAJAYA, SUKARAMI, KOTA PALEMBANG, SUMATERA SELATAN",129,45,151,196
https://kawalpemilu.org#20574,"SUKAJAYA, SUKARAMI, KOTA PALEMBANG, SUMATERA SELATAN",130,68,126,194
https://kawalpemilu.org#20574,"SUKAJAYA, SUKARAMI, KOTA PALEMBANG, SUMATERA SELATAN",131,54,108,162
https://kawalpemilu.org#20575,"SUKARAMI, SUKARAMI, KOTA PALEMBANG, SUMATERA SELATAN",1,56,180,236
https://kawalpemilu.org#20575,"SUKARAMI, SUKARAMI, KOTA PALEMBANG, SUMATERA SELATAN",2,82,116,198
https://kawalpemilu.org#20575,"SUKARAMI, SUKARAMI, KOTA PALEMBANG, SUMATERA SELATAN",3,65,100,165
https://kawalpemilu.org#20575,"SUKARAMI, SUKARAMI, KOTA PALEMBANG, SUMATERA SELATAN",4,84,126,210
https://kawalpemilu.org#20575,"SUKARAMI, SUKARAMI, KOTA PALEMBANG, SUMATERA SELATAN",5,83,118,201
https://kawalpemilu.org#20575,"SUKARAMI, SUKARAMI, KOTA PALEMBANG, SUMATERA SELATAN",6,92,101,193
https://kawalpemilu.org#20575,"SUKARAMI, SUKARAMI, KOTA PALEMBANG, SUMATERA SELATAN",7,114,121,235
https://kawalpemilu.org#20575,"SUKARAMI, SUKARAMI, KOTA PALEMBANG, SUMATERA SELATAN",8,72,112,184
https://kawalpemilu.org#20575,"SUKARAMI, SUKARAMI, KOTA PALEMBANG, SUMATERA SELATAN",9,83,88,171
https://kawalpemilu.org#20575,"SUKARAMI, SUKARAMI, KOTA PALEMBANG, SUMATERA SELATAN",10,68,119,187
https://kawalpemilu.org#20575,"SUKARAMI, SUKARAMI, KOTA PALEMBANG, SUMATERA SELATAN",11,55,147,202
https://kawalpemilu.org#20575,"SUKARAMI, SUKARAMI, KOTA PALEMBANG, SUMATERA SELATAN",12,77,145,222
https://kawalpemilu.org#20575,"SUKARAMI, SUKARAMI, KOTA PALEMBANG, SUMATERA SELATAN",13,85,153,238
https://kawalpemilu.org#20575,"SUKARAMI, SUKARAMI, KOTA PALEMBANG, SUMATERA SELATAN",14,86,190,276
https://kawalpemilu.org#20575,"SUKARAMI, SUKARAMI, KOTA PALEMBANG, SUMATERA SELATAN",15,43,130,173
https://kawalpemilu.org#20575,"SUKARAMI, SUKARAMI, KOTA PALEMBANG, SUMATERA SELATAN",16,35,156,191
https://kawalpemilu.org#20575,"SUKARAMI, SUKARAMI, KOTA PALEMBANG, SUMATERA SELATAN",17,47,101,148
https://kawalpemilu.org#20575,"SUKARAMI, SUKARAMI, KOTA PALEMBANG, SUMATERA SELATAN",18,42,103,145
https://kawalpemilu.org#20575,"SUKARAMI, SUKARAMI, KOTA PALEMBANG, SUMATERA SELATAN",19,35,96,131
https://kawalpemilu.org#20575,"SUKARAMI, SUKARAMI, KOTA PALEMBANG, SUMATERA SELATAN",20,85,172,257
https://kawalpemilu.org#20575,"SUKARAMI, SUKARAMI, KOTA PALEMBANG, SUMATERA SELATAN",21,84,144,228
https://kawalpemilu.org#20575,"SUKARAMI, SUKARAMI, KOTA PALEMBANG, SUMATERA SELATAN",22,62,131,193
https://kawalpemilu.org#20575,"SUKARAMI, SUKARAMI, KOTA PALEMBANG, SUMATERA SELATAN",23,90,108,198
https://kawalpemilu.org#20575,"SUKARAMI, SUKARAMI, KOTA PALEMBANG, SUMATERA SELATAN",24,83,89,172
https://kawalpemilu.org#20575,"SUKARAMI, SUKARAMI, KOTA PALEMBANG, SUMATERA SELATAN",25,126,92,217
https://kawalpemilu.org#20575,"SUKARAMI, SUKARAMI, KOTA PALEMBANG, SUMATERA SELATAN",26,82,136,218
https://kawalpemilu.org#20575,"SUKARAMI, SUKARAMI, KOTA PALEMBANG, SUMATERA SELATAN",27,76,107,183
https://kawalpemilu.org#20575,"SUKARAMI, SUKARAMI, KOTA PALEMBANG, SUMATERA SELATAN",28,121,129,250
https://kawalpemilu.org#20575,"SUKARAMI, SUKARAMI, KOTA PALEMBANG, SUMATERA SELATAN",29,101,138,239
https://kawalpemilu.org#20575,"SUKARAMI, SUKARAMI, KOTA PALEMBANG, SUMATERA SELATAN",30,84,150,234
https://kawalpemilu.org#20575,"SUKARAMI, SUKARAMI, KOTA PALEMBANG, SUMATERA SELATAN",31,69,116,185
https://kawalpemilu.org#20575,"SUKARAMI, SUKARAMI, KOTA PALEMBANG, SUMATERA SELATAN",32,64,93,157
https://kawalpemilu.org#20575,"SUKARAMI, SUKARAMI, KOTA PALEMBANG, SUMATERA SELATAN",33,71,125,196
https://kawalpemilu.org#20575,"SUKARAMI, SUKARAMI, KOTA PALEMBANG, SUMATERA SELATAN",34,62,152,214
https://kawalpemilu.org#20575,"SUKARAMI, SUKARAMI, KOTA PALEMBANG, SUMATERA SELATAN",35,65,84,149
https://kawalpemilu.org#20575,"SUKARAMI, SUKARAMI, KOTA PALEMBANG, SUMATERA SELATAN",36,55,85,140
https://kawalpemilu.org#20575,"SUKARAMI, SUKARAMI, KOTA PALEMBANG, SUMATERA SELATAN",37,65,128,193
https://kawalpemilu.org#20575,"SUKARAMI, SUKARAMI, KOTA PALEMBANG, SUMATERA SELATAN",38,52,98,150
https://kawalpemilu.org#20575,"SUKARAMI, SUKARAMI, KOTA PALEMBANG, SUMATERA SELATAN",39,50,144,194
https://kawalpemilu.org#20575,"SUKARAMI, SUKARAMI, KOTA PALEMBANG, SUMATERA SELATAN",40,101,79,180
https://kawalpemilu.org#20575,"SUKARAMI, SUKARAMI, KOTA PALEMBANG, SUMATERA SELATAN",41,124,60,184
https://kawalpemilu.org#20575,"SUKARAMI, SUKARAMI, KOTA PALEMBANG, SUMATERA SELATAN",42,73,60,133
https://kawalpemilu.org#20575,"SUKARAMI, SUKARAMI, KOTA PALEMBANG, SUMATERA SELATAN",43,60,62,122
https://kawalpemilu.org#20575,"SUKARAMI, SUKARAMI, KOTA PALEMBANG, SUMATERA SELATAN",44,117,64,181
https://kawalpemilu.org#20575,"SUKARAMI, SUKARAMI, KOTA PALEMBANG, SUMATERA SELATAN",45,94,81,175
https://kawalpemilu.org#20575,"SUKARAMI, SUKARAMI, KOTA PALEMBANG, SUMATERA SELATAN",46,55,24,79
https://kawalpemilu.org#20575,"SUKARAMI, SUKARAMI, KOTA PALEMBANG, SUMATERA SELATAN",47,84,121,205
https://kawalpemilu.org#20575,"SUKARAMI, SUKARAMI, KOTA PALEMBANG, SUMATERA SELATAN",48,74,119,193
https://kawalpemilu.org#20575,"SUKARAMI, SUKARAMI, KOTA PALEMBANG, SUMATERA SELATAN",49,70,120,190
https://kawalpemilu.org#20575,"SUKARAMI, SUKARAMI, KOTA PALEMBANG, SUMATERA SELATAN",50,38,73,111
https://kawalpemilu.org#20575,"SUKARAMI, SUKARAMI, KOTA PALEMBANG, SUMATERA SELATAN",51,58,112,170
https://kawalpemilu.org#20575,"SUKARAMI, SUKARAMI, KOTA PALEMBANG, SUMATERA SELATAN",52,34,93,127
https://kawalpemilu.org#20575,"SUKARAMI, SUKARAMI, KOTA PALEMBANG, SUMATERA SELATAN",53,50,98,148
https://kawalpemilu.org#20575,"SUKARAMI, SUKARAMI, KOTA PALEMBANG, SUMATERA SELATAN",54,51,92,143
https://kawalpemilu.org#20575,"SUKARAMI, SUKARAMI, KOTA PALEMBANG, SUMATERA SELATAN",55,60,146,206
https://kawalpemilu.org#20575,"SUKARAMI, SUKARAMI, KOTA PALEMBANG, SUMATERA SELATAN",56,55,111,166
https://kawalpemilu.org#20575,"SUKARAMI, SUKARAMI, KOTA PALEMBANG, SUMATERA SELATAN",57,42,91,133
https://kawalpemilu.org#20575,"SUKARAMI, SUKARAMI, KOTA PALEMBANG, SUMATERA SELATAN",58,60,99,159
https://kawalpemilu.org#20575,"SUKARAMI, SUKARAMI, KOTA PALEMBANG, SUMATERA SELATAN",59,50,172,222
https://kawalpemilu.org#20575,"SUKARAMI, SUKARAMI, KOTA PALEMBANG, SUMATERA SELATAN",60,56,172,228
https://kawalpemilu.org#20576,"KEBUN BUNGA, SUKARAMI, KOTA PALEMBANG, SUMATERA SELATAN",1,30,82,112
https://kawalpemilu.org#20576,"KEBUN BUNGA, SUKARAMI, KOTA PALEMBANG, SUMATERA SELATAN",2,27,71,98
https://kawalpemilu.org#20576,"KEBUN BUNGA, SUKARAMI, KOTA PALEMBANG, SUMATERA SELATAN",3,53,84,137
https://kawalpemilu.org#20576,"KEBUN BUNGA, SUKARAMI, KOTA PALEMBANG, SUMATERA SELATAN",4,125,87,212
https://kawalpemilu.org#20576,"KEBUN BUNGA, SUKARAMI, KOTA PALEMBANG, SUMATERA SELATAN",5,152,74,226
https://kawalpemilu.org#20576,"KEBUN BUNGA, SUKARAMI, KOTA PALEMBANG, SUMATERA SELATAN",6,92,140,232
https://kawalpemilu.org#20576,"KEBUN BUNGA, SUKARAMI, KOTA PALEMBANG, SUMATERA SELATAN",7,85,108,193
https://kawalpemilu.org#20576,"KEBUN BUNGA, SUKARAMI, KOTA PALEMBANG, SUMATERA SELATAN",8,106,137,243
https://kawalpemilu.org#20576,"KEBUN BUNGA, SUKARAMI, KOTA PALEMBANG, SUMATERA SELATAN",9,86,94,180
https://kawalpemilu.org#20576,"KEBUN BUNGA, SUKARAMI, KOTA PALEMBANG, SUMATERA SELATAN",10,85,91,176
https://kawalpemilu.org#20576,"KEBUN BUNGA, SUKARAMI, KOTA PALEMBANG, SUMATERA SELATAN",11,59,109,168
https://kawalpemilu.org#20576,"KEBUN BUNGA, SUKARAMI, KOTA PALEMBANG, SUMATERA SELATAN",12,81,174,255
https://kawalpemilu.org#20576,"KEBUN BUNGA, SUKARAMI, KOTA PALEMBANG, SUMATERA SELATAN",13,64,144,208
https://kawalpemilu.org#20576,"KEBUN BUNGA, SUKARAMI, KOTA PALEMBANG, SUMATERA SELATAN",14,110,177,287
https://kawalpemilu.org#20576,"KEBUN BUNGA, SUKARAMI, KOTA PALEMBANG, SUMATERA SELATAN",15,118,151,269
https://kawalpemilu.org#20576,"KEBUN BUNGA, SUKARAMI, KOTA PALEMBANG, SUMATERA SELATAN",17,60,93,153
https://kawalpemilu.org#20576,"KEBUN BUNGA, SUKARAMI, KOTA PALEMBANG, SUMATERA SELATAN",18,51,136,187
https://kawalpemilu.org#20576,"KEBUN BUNGA, SUKARAMI, KOTA PALEMBANG, SUMATERA SELATAN",21,73,123,196
https://kawalpemilu.org#20576,"KEBUN BUNGA, SUKARAMI, KOTA PALEMBANG, SUMATERA SELATAN",22,102,186,288
https://kawalpemilu.org#20576,"KEBUN BUNGA, SUKARAMI, KOTA PALEMBANG, SUMATERA SELATAN",23,45,99,144
https://kawalpemilu.org#20576,"KEBUN BUNGA, SUKARAMI, KOTA PALEMBANG, SUMATERA SELATAN",24,69,148,217
https://kawalpemilu.org#20576,"KEBUN BUNGA, SUKARAMI, KOTA PALEMBANG, SUMATERA SELATAN",25,77,135,212
https://kawalpemilu.org#20576,"KEBUN BUNGA, SUKARAMI, KOTA PALEMBANG, SUMATERA SELATAN",27,88,199,287
https://kawalpemilu.org#20576,"KEBUN BUNGA, SUKARAMI, KOTA PALEMBANG, SUMATERA SELATAN",28,71,145,216
https://kawalpemilu.org#20576,"KEBUN BUNGA, SUKARAMI, KOTA PALEMBANG, SUMATERA SELATAN",29,46,116,212
https://kawalpemilu.org#20576,"KEBUN BUNGA, SUKARAMI, KOTA PALEMBANG, SUMATERA SELATAN",30,98,94,192
https://kawalpemilu.org#20576,"KEBUN BUNGA, SUKARAMI, KOTA PALEMBANG, SUMATERA SELATAN",31,120,79,199
https://kawalpemilu.org#20576,"KEBUN BUNGA, SUKARAMI, KOTA PALEMBANG, SUMATERA SELATAN",32,152,68,220
https://kawalpemilu.org#20576,"KEBUN BUNGA, SUKARAMI, KOTA PALEMBANG, SUMATERA SELATAN",33,79,120,199
https://kawalpemilu.org#20576,"KEBUN BUNGA, SUKARAMI, KOTA PALEMBANG, SUMATERA SELATAN",34,59,97,156
https://kawalpemilu.org#20576,"KEBUN BUNGA, SUKARAMI, KOTA PALEMBANG, SUMATERA SELATAN",35,52,109,161
https://kawalpemilu.org#20576,"KEBUN BUNGA, SUKARAMI, KOTA PALEMBANG, SUMATERA SELATAN",36,65,121,186
https://kawalpemilu.org#20576,"KEBUN BUNGA, SUKARAMI, KOTA PALEMBANG, SUMATERA SELATAN",37,52,146,198
https://kawalpemilu.org#20576,"KEBUN BUNGA, SUKARAMI, KOTA PALEMBANG, SUMATERA SELATAN",39,72,120,192
https://kawalpemilu.org#20576,"KEBUN BUNGA, SUKARAMI, KOTA PALEMBANG, SUMATERA SELATAN",40,97,122,219
https://kawalpemilu.org#20576,"KEBUN BUNGA, SUKARAMI, KOTA PALEMBANG, SUMATERA SELATAN",41,81,130,211
https://kawalpemilu.org#20576,"KEBUN BUNGA, SUKARAMI, KOTA PALEMBANG, SUMATERA SELATAN",44,59,126,185
https://kawalpemilu.org#20576,"KEBUN BUNGA, SUKARAMI, KOTA PALEMBANG, SUMATERA SELATAN",45,66,140,206
https://kawalpemilu.org#20576,"KEBUN BUNGA, SUKARAMI, KOTA PALEMBANG, SUMATERA SELATAN",46,81,108,189
https://kawalpemilu.org#20576,"KEBUN BUNGA, SUKARAMI, KOTA PALEMBANG, SUMATERA SELATAN",47,89,131,220
https://kawalpemilu.org#20576,"KEBUN BUNGA, SUKARAMI, KOTA PALEMBANG, SUMATERA SELATAN",48,46,123,169
https://kawalpemilu.org#20576,"KEBUN BUNGA, SUKARAMI, KOTA PALEMBANG, SUMATERA SELATAN",51,54,134,188
https://kawalpemilu.org#20576,"KEBUN BUNGA, SUKARAMI, KOTA PALEMBANG, SUMATERA SELATAN",52,58,110,168
https://kawalpemilu.org#20576,"KEBUN BUNGA, SUKARAMI, KOTA PALEMBANG, SUMATERA SELATAN",53,64,103,167
https://kawalpemilu.org#20576,"KEBUN BUNGA, SUKARAMI, KOTA PALEMBANG, SUMATERA SELATAN",54,41,198,239
https://kawalpemilu.org#20576,"KEBUN BUNGA, SUKARAMI, KOTA PALEMBANG, SUMATERA SELATAN",55,81,154,235
https://kawalpemilu.org#20576,"KEBUN BUNGA, SUKARAMI, KOTA PALEMBANG, SUMATERA SELATAN",56,108,134,242
https://kawalpemilu.org#20576,"KEBUN BUNGA, SUKARAMI, KOTA PALEMBANG, SUMATERA SELATAN",57,76,114,190
https://kawalpemilu.org#20576,"KEBUN BUNGA, SUKARAMI, KOTA PALEMBANG, SUMATERA SELATAN",58,67,101,168
https://kawalpemilu.org#20576,"KEBUN BUNGA, SUKARAMI, KOTA PALEMBANG, SUMATERA SELATAN",59,88,97,185
https://kawalpemilu.org#20576,"KEBUN BUNGA, SUKARAMI, KOTA PALEMBANG, SUMATERA SELATAN",60,0,0,0
https://kawalpemilu.org#20576,"KEBUN BUNGA, SUKARAMI, KOTA PALEMBANG, SUMATERA SELATAN",61,27,138,165
https://kawalpemilu.org#20576,"KEBUN BUNGA, SUKARAMI, KOTA PALEMBANG, SUMATERA SELATAN",62,39,125,164
https://kawalpemilu.org#20576,"KEBUN BUNGA, SUKARAMI, KOTA PALEMBANG, SUMATERA SELATAN",63,51,135,186
https://kawalpemilu.org#20576,"KEBUN BUNGA, SUKARAMI, KOTA PALEMBANG, SUMATERA SELATAN",64,111,171,282
https://kawalpemilu.org#20576,"KEBUN BUNGA, SUKARAMI, KOTA PALEMBANG, SUMATERA SELATAN",65,88,107,195
https://kawalpemilu.org#20576,"KEBUN BUNGA, SUKARAMI, KOTA PALEMBANG, SUMATERA SELATAN",66,82,108,190
https://kawalpemilu.org#20576,"KEBUN BUNGA, SUKARAMI, KOTA PALEMBANG, SUMATERA SELATAN",67,80,163,243
https://kawalpemilu.org#20576,"KEBUN BUNGA, SUKARAMI, KOTA PALEMBANG, SUMATERA SELATAN",68,82,154,236
https://kawalpemilu.org#20576,"KEBUN BUNGA, SUKARAMI, KOTA PALEMBANG, SUMATERA SELATAN",69,72,172,244
https://kawalpemilu.org#20576,"KEBUN BUNGA, SUKARAMI, KOTA PALEMBANG, SUMATERA SELATAN",71,89,140,229
https://kawalpemilu.org#20576,"KEBUN BUNGA, SUKARAMI, KOTA PALEMBANG, SUMATERA SELATAN",72,75,132,207
https://kawalpemilu.org#20576,"KEBUN BUNGA, SUKARAMI, KOTA PALEMBANG, SUMATERA SELATAN",73,114,102,216
https://kawalpemilu.org#20576,"KEBUN BUNGA, SUKARAMI, KOTA PALEMBANG, SUMATERA SELATAN",74,61,93,154
https://kawalpemilu.org#20576,"KEBUN BUNGA, SUKARAMI, KOTA PALEMBANG, SUMATERA SELATAN",75,76,148,224
https://kawalpemilu.org#20576,"KEBUN BUNGA, SUKARAMI, KOTA PALEMBANG, SUMATERA SELATAN",76,51,98,149
https://kawalpemilu.org#20576,"KEBUN BUNGA, SUKARAMI, KOTA PALEMBANG, SUMATERA SELATAN",77,40,86,126
https://kawalpemilu.org#20576,"KEBUN BUNGA, SUKARAMI, KOTA PALEMBANG, SUMATERA SELATAN",78,65,137,202
https://kawalpemilu.org#20576,"KEBUN BUNGA, SUKARAMI, KOTA PALEMBANG, SUMATERA SELATAN",79,66,130,196
https://kawalpemilu.org#20576,"KEBUN BUNGA, SUKARAMI, KOTA PALEMBANG, SUMATERA SELATAN",80,0,0,244
https://kawalpemilu.org#20576,"KEBUN BUNGA, SUKARAMI, KOTA PALEMBANG, SUMATERA SELATAN",81,26,56,82
https://kawalpemilu.org#20576,"KEBUN BUNGA, SUKARAMI, KOTA PALEMBANG, SUMATERA SELATAN",82,70,91,161
https://kawalpemilu.org#20576,"KEBUN BUNGA, SUKARAMI, KOTA PALEMBANG, SUMATERA SELATAN",83,109,128,237
https://kawalpemilu.org#20576,"KEBUN BUNGA, SUKARAMI, KOTA PALEMBANG, SUMATERA SELATAN",84,94,148,242
https://kawalpemilu.org#20576,"KEBUN BUNGA, SUKARAMI, KOTA PALEMBANG, SUMATERA SELATAN",85,136,127,263
https://kawalpemilu.org#20576,"KEBUN BUNGA, SUKARAMI, KOTA PALEMBANG, SUMATERA SELATAN",86,110,103,113
https://kawalpemilu.org#20576,"KEBUN BUNGA, SUKARAMI, KOTA PALEMBANG, SUMATERA SELATAN",87,103,71,174
https://kawalpemilu.org#20576,"KEBUN BUNGA, SUKARAMI, KOTA PALEMBANG, SUMATERA SELATAN",88,150,140,290
https://kawalpemilu.org#20576,"KEBUN BUNGA, SUKARAMI, KOTA PALEMBANG, SUMATERA SELATAN",89,51,64,115
https://kawalpemilu.org#20576,"KEBUN BUNGA, SUKARAMI, KOTA PALEMBANG, SUMATERA SELATAN",90,72,77,149
https://kawalpemilu.org#20576,"KEBUN BUNGA, SUKARAMI, KOTA PALEMBANG, SUMATERA SELATAN",91,110,86,196
https://kawalpemilu.org#20576,"KEBUN BUNGA, SUKARAMI, KOTA PALEMBANG, SUMATERA SELATAN",92,107,99,206
https://kawalpemilu.org#20577,"SUKA BANGUN, SUKARAMI, KOTA PALEMBANG, SUMATERA SELATAN",1,64,104,168
https://kawalpemilu.org#20577,"SUKA BANGUN, SUKARAMI, KOTA PALEMBANG, SUMATERA SELATAN",2,21,72,93
https://kawalpemilu.org#20577,"SUKA BANGUN, SUKARAMI, KOTA PALEMBANG, SUMATERA SELATAN",3,39,101,140
https://kawalpemilu.org#20577,"SUKA BANGUN, SUKARAMI, KOTA PALEMBANG, SUMATERA SELATAN",4,41,103,144
https://kawalpemilu.org#20577,"SUKA BANGUN, SUKARAMI, KOTA PALEMBANG, SUMATERA SELATAN",5,48,91,139
https://kawalpemilu.org#20577,"SUKA BANGUN, SUKARAMI, KOTA PALEMBANG, SUMATERA SELATAN",6,53,117,170
https://kawalpemilu.org#20577,"SUKA BANGUN, SUKARAMI, KOTA PALEMBANG, SUMATERA SELATAN",7,70,87,157
https://kawalpemilu.org#20577,"SUKA BANGUN, SUKARAMI, KOTA PALEMBANG, SUMATERA SELATAN",8,45,91,136
https://kawalpemilu.org#20577,"SUKA BANGUN, SUKARAMI, KOTA PALEMBANG, SUMATERA SELATAN",9,54,52,106
https://kawalpemilu.org#20577,"SUKA BANGUN, SUKARAMI, KOTA PALEMBANG, SUMATERA SELATAN",10,57,98,155
https://kawalpemilu.org#20577,"SUKA BANGUN, SUKARAMI, KOTA PALEMBANG, SUMATERA SELATAN",11,128,107,235
https://kawalpemilu.org#20577,"SUKA BANGUN, SUKARAMI, KOTA PALEMBANG, SUMATERA SELATAN",12,37,78,115
https://kawalpemilu.org#20577,"SUKA BANGUN, SUKARAMI, KOTA PALEMBANG, SUMATERA SELATAN",13,49,129,178
https://kawalpemilu.org#20577,"SUKA BANGUN, SUKARAMI, KOTA PALEMBANG, SUMATERA SELATAN",14,61,101,162
https://kawalpemilu.org#20577,"SUKA BANGUN, SUKARAMI, KOTA PALEMBANG, SUMATERA SELATAN",15,141,51,192
https://kawalpemilu.org#20577,"SUKA BANGUN, SUKARAMI, KOTA PALEMBANG, SUMATERA SELATAN",16,130,21,151
https://kawalpemilu.org#20577,"SUKA BANGUN, SUKARAMI, KOTA PALEMBANG, SUMATERA SELATAN",17,51,79,130
https://kawalpemilu.org#20577,"SUKA BANGUN, SUKARAMI, KOTA PALEMBANG, SUMATERA SELATAN",18,57,67,124
https://kawalpemilu.org#20577,"SUKA BANGUN, SUKARAMI, KOTA PALEMBANG, SUMATERA SELATAN",19,63,88,151
https://kawalpemilu.org#20577,"SUKA BANGUN, SUKARAMI, KOTA PALEMBANG, SUMATERA SELATAN",20,60,137,197
https://kawalpemilu.org#20577,"SUKA BANGUN, SUKARAMI, KOTA PALEMBANG, SUMATERA SELATAN",21,36,111,147
https://kawalpemilu.org#20577,"SUKA BANGUN, SUKARAMI, KOTA PALEMBANG, SUMATERA SELATAN",22,89,135,224
https://kawalpemilu.org#20577,"SUKA BANGUN, SUKARAMI, KOTA PALEMBANG, SUMATERA SELATAN",23,65,110,175
https://kawalpemilu.org#20577,"SUKA BANGUN, SUKARAMI, KOTA PALEMBANG, SUMATERA SELATAN",24,65,138,203
https://kawalpemilu.org#20577,"SUKA BANGUN, SUKARAMI, KOTA PALEMBANG, SUMATERA SELATAN",25,64,126,190
https://kawalpemilu.org#20577,"SUKA BANGUN, SUKARAMI, KOTA PALEMBANG, SUMATERA SELATAN",26,68,71,139
https://kawalpemilu.org#20577,"SUKA BANGUN, SUKARAMI, KOTA PALEMBANG, SUMATERA SELATAN",27,84,99,183
https://kawalpemilu.org#20577,"SUKA BANGUN, SUKARAMI, KOTA PALEMBANG, SUMATERA SELATAN",28,71,135,206
https://kawalpemilu.org#20577,"SUKA BANGUN, SUKARAMI, KOTA PALEMBANG, SUMATERA SELATAN",29,83,102,185
https://kawalpemilu.org#20577,"SUKA BANGUN, SUKARAMI, KOTA PALEMBANG, SUMATERA SELATAN",30,45,108,153
https://kawalpemilu.org#20577,"SUKA BANGUN, SUKARAMI, KOTA PALEMBANG, SUMATERA SELATAN",31,50,123,173
https://kawalpemilu.org#20577,"SUKA BANGUN, SUKARAMI, KOTA PALEMBANG, SUMATERA SELATAN",32,57,96,153
https://kawalpemilu.org#20577,"SUKA BANGUN, SUKARAMI, KOTA PALEMBANG, SUMATERA SELATAN",33,40,109,149
https://kawalpemilu.org#20577,"SUKA BANGUN, SUKARAMI, KOTA PALEMBANG, SUMATERA SELATAN",34,59,143,202
https://kawalpemilu.org#20577,"SUKA BANGUN, SUKARAMI, KOTA PALEMBANG, SUMATERA SELATAN",35,74,171,245
https://kawalpemilu.org#20577,"SUKA BANGUN, SUKARAMI, KOTA PALEMBANG, SUMATERA SELATAN",36,73,158,231
https://kawalpemilu.org#20577,"SUKA BANGUN, SUKARAMI, KOTA PALEMBANG, SUMATERA SELATAN",37,54,140,194
https://kawalpemilu.org#20577,"SUKA BANGUN, SUKARAMI, KOTA PALEMBANG, SUMATERA SELATAN",38,57,69,126
https://kawalpemilu.org#20577,"SUKA BANGUN, SUKARAMI, KOTA PALEMBANG, SUMATERA SELATAN",39,73,114,187
https://kawalpemilu.org#20577,"SUKA BANGUN, SUKARAMI, KOTA PALEMBANG, SUMATERA SELATAN",40,52,64,116
https://kawalpemilu.org#20577,"SUKA BANGUN, SUKARAMI, KOTA PALEMBANG, SUMATERA SELATAN",41,73,66,139
https://kawalpemilu.org#20577,"SUKA BANGUN, SUKARAMI, KOTA PALEMBANG, SUMATERA SELATAN",42,46,81,127
https://kawalpemilu.org#20577,"SUKA BANGUN, SUKARAMI, KOTA PALEMBANG, SUMATERA SELATAN",43,135,138,273
https://kawalpemilu.org#20577,"SUKA BANGUN, SUKARAMI, KOTA PALEMBANG, SUMATERA SELATAN",44,103,123,226
https://kawalpemilu.org#20577,"SUKA BANGUN, SUKARAMI, KOTA PALEMBANG, SUMATERA SELATAN",45,55,176,231
https://kawalpemilu.org#20577,"SUKA BANGUN, SUKARAMI, KOTA PALEMBANG, SUMATERA SELATAN",46,60,61,121
https://kawalpemilu.org#20577,"SUKA BANGUN, SUKARAMI, KOTA PALEMBANG, SUMATERA SELATAN",47,37,113,150
https://kawalpemilu.org#20577,"SUKA BANGUN, SUKARAMI, KOTA PALEMBANG, SUMATERA SELATAN",48,39,94,133
https://kawalpemilu.org#20577,"SUKA BANGUN, SUKARAMI, KOTA PALEMBANG, SUMATERA SELATAN",49,73,130,203
https://kawalpemilu.org#20577,"SUKA BANGUN, SUKARAMI, KOTA PALEMBANG, SUMATERA SELATAN",50,77,94,171
https://kawalpemilu.org#20577,"SUKA BANGUN, SUKARAMI, KOTA PALEMBANG, SUMATERA SELATAN",51,70,111,181
https://kawalpemilu.org#20577,"SUKA BANGUN, SUKARAMI, KOTA PALEMBANG, SUMATERA SELATAN",52,91,104,195
https://kawalpemilu.org#20577,"SUKA BANGUN, SUKARAMI, KOTA PALEMBANG, SUMATERA SELATAN",53,53,101,154
https://kawalpemilu.org#20577,"SUKA BANGUN, SUKARAMI, KOTA PALEMBANG, SUMATERA SELATAN",54,57,110,167
https://kawalpemilu.org#20577,"SUKA BANGUN, SUKARAMI, KOTA PALEMBANG, SUMATERA SELATAN",55,34,110,144
https://kawalpemilu.org#20577,"SUKA BANGUN, SUKARAMI, KOTA PALEMBANG, SUMATERA SELATAN",56,49,117,166
https://kawalpemilu.org#20577,"SUKA BANGUN, SUKARAMI, KOTA PALEMBANG, SUMATERA SELATAN",57,93,108,201
https://kawalpemilu.org#20577,"SUKA BANGUN, SUKARAMI, KOTA PALEMBANG, SUMATERA SELATAN",58,87,125,212
https://kawalpemilu.org#20577,"SUKA BANGUN, SUKARAMI, KOTA PALEMBANG, SUMATERA SELATAN",59,50,116,166
https://kawalpemilu.org#20577,"SUKA BANGUN, SUKARAMI, KOTA PALEMBANG, SUMATERA SELATAN",60,52,58,110
https://kawalpemilu.org#20577,"SUKA BANGUN, SUKARAMI, KOTA PALEMBANG, SUMATERA SELATAN",61,49,68,117
https://kawalpemilu.org#20577,"SUKA BANGUN, SUKARAMI, KOTA PALEMBANG, SUMATERA SELATAN",62,101,52,153
https://kawalpemilu.org#20577,"SUKA BANGUN, SUKARAMI, KOTA PALEMBANG, SUMATERA SELATAN",63,68,56,124
https://kawalpemilu.org#20577,"SUKA BANGUN, SUKARAMI, KOTA PALEMBANG, SUMATERA SELATAN",64,56,52,108
https://kawalpemilu.org#20578,"TALANG JAMBE, SUKARAMI, KOTA PALEMBANG, SUMATERA SELATAN",1,89,53,142
https://kawalpemilu.org#20578,"TALANG JAMBE, SUKARAMI, KOTA PALEMBANG, SUMATERA SELATAN",3,88,134,222
https://kawalpemilu.org#20578,"TALANG JAMBE, SUKARAMI, KOTA PALEMBANG, SUMATERA SELATAN",4,75,51,126
https://kawalpemilu.org#20578,"TALANG JAMBE, SUKARAMI, KOTA PALEMBANG, SUMATERA SELATAN",5,99,113,212
https://kawalpemilu.org#20578,"TALANG JAMBE, SUKARAMI, KOTA PALEMBANG, SUMATERA SELATAN",6,77,106,182
https://kawalpemilu.org#20578,"TALANG JAMBE, SUKARAMI, KOTA PALEMBANG, SUMATERA SELATAN",7,64,74,138
https://kawalpemilu.org#20578,"TALANG JAMBE, SUKARAMI, KOTA PALEMBANG, SUMATERA SELATAN",8,81,47,128
https://kawalpemilu.org#20578,"TALANG JAMBE, SUKARAMI, KOTA PALEMBANG, SUMATERA SELATAN",9,78,62,140
https://kawalpemilu.org#20578,"TALANG JAMBE, SUKARAMI, KOTA PALEMBANG, SUMATERA SELATAN",10,77,46,123
https://kawalpemilu.org#20578,"TALANG JAMBE, SUKARAMI, KOTA PALEMBANG, SUMATERA SELATAN",11,95,77,172
https://kawalpemilu.org#20578,"TALANG JAMBE, SUKARAMI, KOTA PALEMBANG, SUMATERA SELATAN",12,131,80,211
https://kawalpemilu.org#20578,"TALANG JAMBE, SUKARAMI, KOTA PALEMBANG, SUMATERA SELATAN",13,74,69,143
https://kawalpemilu.org#20578,"TALANG JAMBE, SUKARAMI, KOTA PALEMBANG, SUMATERA SELATAN",14,62,62,124
https://kawalpemilu.org#20578,"TALANG JAMBE, SUKARAMI, KOTA PALEMBANG, SUMATERA SELATAN",15,68,51,119
https://kawalpemilu.org#20578,"TALANG JAMBE, SUKARAMI, KOTA PALEMBANG, SUMATERA SELATAN",16,35,96,131
https://kawalpemilu.org#20578,"TALANG JAMBE, SUKARAMI, KOTA PALEMBANG, SUMATERA SELATAN",17,63,156,219
https://kawalpemilu.org#20578,"TALANG JAMBE, SUKARAMI, KOTA PALEMBANG, SUMATERA SELATAN",18,125,134,259
https://kawalpemilu.org#20578,"TALANG JAMBE, SUKARAMI, KOTA PALEMBANG, SUMATERA SELATAN",19,68,117,185
https://kawalpemilu.org#20578,"TALANG JAMBE, SUKARAMI, KOTA PALEMBANG, SUMATERA SELATAN",20,96,113,209
https://kawalpemilu.org#20578,"TALANG JAMBE, SUKARAMI, KOTA PALEMBANG, SUMATERA SELATAN",21,75,102,177
https://kawalpemilu.org#20578,"TALANG JAMBE, SUKARAMI, KOTA PALEMBANG, SUMATERA SELATAN",22,50,91,141
https://kawalpemilu.org#20578,"TALANG JAMBE, SUKARAMI, KOTA PALEMBANG, SUMATERA SELATAN",23,108,129,237
https://kawalpemilu.org#20578,"TALANG JAMBE, SUKARAMI, KOTA PALEMBANG, SUMATERA SELATAN",24,85,153,231
https://kawalpemilu.org#20578,"TALANG JAMBE, SUKARAMI, KOTA PALEMBANG, SUMATERA SELATAN",25,80,146,226
https://kawalpemilu.org#20578,"TALANG JAMBE, SUKARAMI, KOTA PALEMBANG, SUMATERA SELATAN",26,80,104,184
https://kawalpemilu.org#20578,"TALANG JAMBE, SUKARAMI, KOTA PALEMBANG, SUMATERA SELATAN",27,56,129,185
https://kawalpemilu.org#20578,"TALANG JAMBE, SUKARAMI, KOTA PALEMBANG, SUMATERA SELATAN",28,85,146,231
https://kawalpemilu.org#20578,"TALANG JAMBE, SUKARAMI, KOTA PALEMBANG, SUMATERA SELATAN",30,80,153,233
https://kawalpemilu.org#20578,"TALANG JAMBE, SUKARAMI, KOTA PALEMBANG, SUMATERA SELATAN",31,65,113,178
https://kawalpemilu.org#20578,"TALANG JAMBE, SUKARAMI, KOTA PALEMBANG, SUMATERA SELATAN",32,70,119,189
https://kawalpemilu.org#20578,"TALANG JAMBE, SUKARAMI, KOTA PALEMBANG, SUMATERA SELATAN",33,68,114,182
https://kawalpemilu.org#20578,"TALANG JAMBE, SUKARAMI, KOTA PALEMBANG, SUMATERA SELATAN",34,89,135,224
https://kawalpemilu.org#20578,"TALANG JAMBE, SUKARAMI, KOTA PALEMBANG, SUMATERA SELATAN",35,66,82,148
https://kawalpemilu.org#20578,"TALANG JAMBE, SUKARAMI, KOTA PALEMBANG, SUMATERA SELATAN",36,88,161,249
https://kawalpemilu.org#20578,"TALANG JAMBE, SUKARAMI, KOTA PALEMBANG, SUMATERA SELATAN",37,104,126,230
https://kawalpemilu.org#20578,"TALANG JAMBE, SUKARAMI, KOTA PALEMBANG, SUMATERA SELATAN",38,66,124,190
https://kawalpemilu.org#20578,"TALANG JAMBE, SUKARAMI, KOTA PALEMBANG, SUMATERA SELATAN",39,63,105,168
https://kawalpemilu.org#20578,"TALANG JAMBE, SUKARAMI, KOTA PALEMBANG, SUMATERA SELATAN",40,102,143,245
https://kawalpemilu.org#20578,"TALANG JAMBE, SUKARAMI, KOTA PALEMBANG, SUMATERA SELATAN",41,100,102,202
https://kawalpemilu.org#20578,"TALANG JAMBE, SUKARAMI, KOTA PALEMBANG, SUMATERA SELATAN",42,71,86,157
https://kawalpemilu.org#20578,"TALANG JAMBE, SUKARAMI, KOTA PALEMBANG, SUMATERA SELATAN",43,113,143,256
https://kawalpemilu.org#20578,"TALANG JAMBE, SUKARAMI, KOTA PALEMBANG, SUMATERA SELATAN",44,63,55,118
https://kawalpemilu.org#20578,"TALANG JAMBE, SUKARAMI, KOTA PALEMBANG, SUMATERA SELATAN",45,68,71,139
https://kawalpemilu.org#20579,"SUKODADI, SUKARAMI, KOTA PALEMBANG, SUMATERA SELATAN",1,118,95,213
https://kawalpemilu.org#20579,"SUKODADI, SUKARAMI, KOTA PALEMBANG, SUMATERA SELATAN",2,95,116,211
https://kawalpemilu.org#20579,"SUKODADI, SUKARAMI, KOTA PALEMBANG, SUMATERA SELATAN",3,111,97,208
https://kawalpemilu.org#20579,"SUKODADI, SUKARAMI, KOTA PALEMBANG, SUMATERA SELATAN",4,120,94,214
https://kawalpemilu.org#20579,"SUKODADI, SUKARAMI, KOTA PALEMBANG, SUMATERA SELATAN",5,99,105,204
https://kawalpemilu.org#20579,"SUKODADI, SUKARAMI, KOTA PALEMBANG, SUMATERA SELATAN",6,121,90,211
https://kawalpemilu.org#20579,"SUKODADI, SUKARAMI, KOTA PALEMBANG, SUMATERA SELATAN",7,88,132,220
https://kawalpemilu.org#20579,"SUKODADI, SUKARAMI, KOTA PALEMBANG, SUMATERA SELATAN",8,98,116,214
https://kawalpemilu.org#20579,"SUKODADI, SUKARAMI, KOTA PALEMBANG, SUMATERA SELATAN",9,88,130,218
https://kawalpemilu.org#20579,"SUKODADI, SUKARAMI, KOTA PALEMBANG, SUMATERA SELATAN",10,61,180,241
https://kawalpemilu.org#20579,"SUKODADI, SUKARAMI, KOTA PALEMBANG, SUMATERA SELATAN",11,100,104,204
https://kawalpemilu.org#20579,"SUKODADI, SUKARAMI, KOTA PALEMBANG, SUMATERA SELATAN",12,115,101,216
https://kawalpemilu.org#20579,"SUKODADI, SUKARAMI, KOTA PALEMBANG, SUMATERA SELATAN",13,91,100,191
https://kawalpemilu.org#20579,"SUKODADI, SUKARAMI, KOTA PALEMBANG, SUMATERA SELATAN",14,63,147,210
https://kawalpemilu.org#20579,"SUKODADI, SUKARAMI, KOTA PALEMBANG, SUMATERA SELATAN",15,108,103,211
https://kawalpemilu.org#20579,"SUKODADI, SUKARAMI, KOTA PALEMBANG, SUMATERA SELATAN",16,120,74,194
https://kawalpemilu.org#20579,"SUKODADI, SUKARAMI, KOTA PALEMBANG, SUMATERA SELATAN",17,104,114,218
https://kawalpemilu.org#20579,"SUKODADI, SUKARAMI, KOTA PALEMBANG, SUMATERA SELATAN",18,83,131,214
https://kawalpemilu.org#20579,"SUKODADI, SUKARAMI, KOTA PALEMBANG, SUMATERA SELATAN",19,109,103,212
https://kawalpemilu.org#20579,"SUKODADI, SUKARAMI, KOTA PALEMBANG, SUMATERA SELATAN",21,103,114,217
https://kawalpemilu.org#20579,"SUKODADI, SUKARAMI, KOTA PALEMBANG, SUMATERA SELATAN",22,102,120,222
https://kawalpemilu.org#20579,"SUKODADI, SUKARAMI, KOTA PALEMBANG, SUMATERA SELATAN",24,112,107,219
https://kawalpemilu.org#20579,"SUKODADI, SUKARAMI, KOTA PALEMBANG, SUMATERA SELATAN",25,76,107,183
https://kawalpemilu.org#20579,"SUKODADI, SUKARAMI, KOTA PALEMBANG, SUMATERA SELATAN",26,109,127,236
https://kawalpemilu.org#20579,"SUKODADI, SUKARAMI, KOTA PALEMBANG, SUMATERA SELATAN",27,114,110,224
https://kawalpemilu.org#20579,"SUKODADI, SUKARAMI, KOTA PALEMBANG, SUMATERA SELATAN",28,76,133,209
https://kawalpemilu.org#20579,"SUKODADI, SUKARAMI, KOTA PALEMBANG, SUMATERA SELATAN",30,81,111,192
https://kawalpemilu.org#20579,"SUKODADI, SUKARAMI, KOTA PALEMBANG, SUMATERA SELATAN",31,79,159,238
https://kawalpemilu.org#20579,"SUKODADI, SUKARAMI, KOTA PALEMBANG, SUMATERA SELATAN",32,78,101,179
https://kawalpemilu.org#20579,"SUKODADI, SUKARAMI, KOTA PALEMBANG, SUMATERA SELATAN",33,71,96,167
https://kawalpemilu.org#20579,"SUKODADI, SUKARAMI, KOTA PALEMBANG, SUMATERA SELATAN",34,51,158,209
https://kawalpemilu.org#20579,"SUKODADI, SUKARAMI, KOTA PALEMBANG, SUMATERA SELATAN",35,104,102,206
https://kawalpemilu.org#20579,"SUKODADI, SUKARAMI, KOTA PALEMBANG, SUMATERA SELATAN",36,59,155,214
https://kawalpemilu.org#20579,"SUKODADI, SUKARAMI, KOTA PALEMBANG, SUMATERA SELATAN",37,72,120,192
https://kawalpemilu.org#20579,"SUKODADI, SUKARAMI, KOTA PALEMBANG, SUMATERA SELATAN",38,81,112,193
https://kawalpemilu.org#20579,"SUKODADI, SUKARAMI, KOTA PALEMBANG, SUMATERA SELATAN",39,60,141,201
https://kawalpemilu.org#20579,"SUKODADI, SUKARAMI, KOTA PALEMBANG, SUMATERA SELATAN",40,58,138,196
https://kawalpemilu.org#20579,"SUKODADI, SUKARAMI, KOTA PALEMBANG, SUMATERA SELATAN",41,67,147,214
https://kawalpemilu.org#20579,"SUKODADI, SUKARAMI, KOTA PALEMBANG, SUMATERA SELATAN",42,76,170,246
https://kawalpemilu.org#20579,"SUKODADI, SUKARAMI, KOTA PALEMBANG, SUMATERA SELATAN",43,70,153,223
https://kawalpemilu.org#20579,"SUKODADI, SUKARAMI, KOTA PALEMBANG, SUMATERA SELATAN",44,80,82,162
https://kawalpemilu.org#20579,"SUKODADI, SUKARAMI, KOTA PALEMBANG, SUMATERA SELATAN",45,92,126,218
https://kawalpemilu.org#20579,"SUKODADI, SUKARAMI, KOTA PALEMBANG, SUMATERA SELATAN",46,69,76,145
https://kawalpemilu.org#20579,"SUKODADI, SUKARAMI, KOTA PALEMBANG, SUMATERA SELATAN",47,87,97,184
https://kawalpemilu.org#20579,"SUKODADI, SUKARAMI, KOTA PALEMBANG, SUMATERA SELATAN",48,139,101,0
https://kawalpemilu.org#20579,"SUKODADI, SUKARAMI, KOTA PALEMBANG, SUMATERA SELATAN",49,125,136,261
https://kawalpemilu.org#20579,"SUKODADI, SUKARAMI, KOTA PALEMBANG, SUMATERA SELATAN",50,151,63,214
https://kawalpemilu.org#20581,"SUKAMAJU, SAKO, KOTA PALEMBANG, SUMATERA SELATAN",1,143,35,178
https://kawalpemilu.org#20581,"SUKAMAJU, SAKO, KOTA PALEMBANG, SUMATERA SELATAN",2,123,36,159
https://kawalpemilu.org#20581,"SUKAMAJU, SAKO, KOTA PALEMBANG, SUMATERA SELATAN",3,87,65,152
https://kawalpemilu.org#20581,"SUKAMAJU, SAKO, KOTA PALEMBANG, SUMATERA SELATAN",4,103,95,198
https://kawalpemilu.org#20581,"SUKAMAJU, SAKO, KOTA PALEMBANG, SUMATERA SELATAN",5,98,62,160
https://kawalpemilu.org#20581,"SUKAMAJU, SAKO, KOTA PALEMBANG, SUMATERA SELATAN",6,47,103,150
https://kawalpemilu.org#20581,"SUKAMAJU, SAKO, KOTA PALEMBANG, SUMATERA SELATAN",7,53,79,132
https://kawalpemilu.org#20581,"SUKAMAJU, SAKO, KOTA PALEMBANG, SUMATERA SELATAN",8,119,118,237
https://kawalpemilu.org#20581,"SUKAMAJU, SAKO, KOTA PALEMBANG, SUMATERA SELATAN",9,101,104,205
https://kawalpemilu.org#20581,"SUKAMAJU, SAKO, KOTA PALEMBANG, SUMATERA SELATAN",10,93,127,220
https://kawalpemilu.org#20581,"SUKAMAJU, SAKO, KOTA PALEMBANG, SUMATERA SELATAN",11,59,142,201
https://kawalpemilu.org#20581,"SUKAMAJU, SAKO, KOTA PALEMBANG, SUMATERA SELATAN",12,63,70,133
https://kawalpemilu.org#20581,"SUKAMAJU, SAKO, KOTA PALEMBANG, SUMATERA SELATAN",13,119,89,208
https://kawalpemilu.org#20581,"SUKAMAJU, SAKO, KOTA PALEMBANG, SUMATERA SELATAN",14,125,96,221
https://kawalpemilu.org#20581,"SUKAMAJU, SAKO, KOTA PALEMBANG, SUMATERA SELATAN",15,130,90,220
https://kawalpemilu.org#20581,"SUKAMAJU, SAKO, KOTA PALEMBANG, SUMATERA SELATAN",16,79,40,119
https://kawalpemilu.org#20581,"SUKAMAJU, SAKO, KOTA PALEMBANG, SUMATERA SELATAN",17,77,47,124
https://kawalpemilu.org#20581,"SUKAMAJU, SAKO, KOTA PALEMBANG, SUMATERA SELATAN",18,54,100,154
https://kawalpemilu.org#20581,"SUKAMAJU, SAKO, KOTA PALEMBANG, SUMATERA SELATAN",19,134,60,194
https://kawalpemilu.org#20581,"SUKAMAJU, SAKO, KOTA PALEMBANG, SUMATERA SELATAN",20,77,70,147
https://kawalpemilu.org#20581,"SUKAMAJU, SAKO, KOTA PALEMBANG, SUMATERA SELATAN",21,64,82,146
https://kawalpemilu.org#20581,"SUKAMAJU, SAKO, KOTA PALEMBANG, SUMATERA SELATAN",22,88,94,182
https://kawalpemilu.org#20581,"SUKAMAJU, SAKO, KOTA PALEMBANG, SUMATERA SELATAN",23,75,87,162
https://kawalpemilu.org#20581,"SUKAMAJU, SAKO, KOTA PALEMBANG, SUMATERA SELATAN",24,59,188,247
https://kawalpemilu.org#20581,"SUKAMAJU, SAKO, KOTA PALEMBANG, SUMATERA SELATAN",25,77,148,225
https://kawalpemilu.org#20581,"SUKAMAJU, SAKO, KOTA PALEMBANG, SUMATERA SELATAN",27,89,78,167
https://kawalpemilu.org#20581,"SUKAMAJU, SAKO, KOTA PALEMBANG, SUMATERA SELATAN",28,92,67,159
https://kawalpemilu.org#20581,"SUKAMAJU, SAKO, KOTA PALEMBANG, SUMATERA SELATAN",29,111,101,212
https://kawalpemilu.org#20581,"SUKAMAJU, SAKO, KOTA PALEMBANG, SUMATERA SELATAN",30,97,141,238
https://kawalpemilu.org#20581,"SUKAMAJU, SAKO, KOTA PALEMBANG, SUMATERA SELATAN",31,69,107,176
https://kawalpemilu.org#20581,"SUKAMAJU, SAKO, KOTA PALEMBANG, SUMATERA SELATAN",32,78,114,192
https://kawalpemilu.org#20581,"SUKAMAJU, SAKO, KOTA PALEMBANG, SUMATERA SELATAN",34,116,92,208
https://kawalpemilu.org#20581,"SUKAMAJU, SAKO, KOTA PALEMBANG, SUMATERA SELATAN",35,100,77,177
https://kawalpemilu.org#20581,"SUKAMAJU, SAKO, KOTA PALEMBANG, SUMATERA SELATAN",36,88,86,174
https://kawalpemilu.org#20581,"SUKAMAJU, SAKO, KOTA PALEMBANG, SUMATERA SELATAN",37,69,95,164
https://kawalpemilu.org#20581,"SUKAMAJU, SAKO, KOTA PALEMBANG, SUMATERA SELATAN",38,78,90,168
https://kawalpemilu.org#20581,"SUKAMAJU, SAKO, KOTA PALEMBANG, SUMATERA SELATAN",39,63,104,167
https://kawalpemilu.org#20581,"SUKAMAJU, SAKO, KOTA PALEMBANG, SUMATERA SELATAN",40,86,145,231
https://kawalpemilu.org#20581,"SUKAMAJU, SAKO, KOTA PALEMBANG, SUMATERA SELATAN",41,100,101,201
https://kawalpemilu.org#20581,"SUKAMAJU, SAKO, KOTA PALEMBANG, SUMATERA SELATAN",42,56,100,156
https://kawalpemilu.org#20581,"SUKAMAJU, SAKO, KOTA PALEMBANG, SUMATERA SELATAN",43,79,136,215
https://kawalpemilu.org#20581,"SUKAMAJU, SAKO, KOTA PALEMBANG, SUMATERA SELATAN",44,61,170,231
https://kawalpemilu.org#20581,"SUKAMAJU, SAKO, KOTA PALEMBANG, SUMATERA SELATAN",45,78,143,221
https://kawalpemilu.org#20581,"SUKAMAJU, SAKO, KOTA PALEMBANG, SUMATERA SELATAN",46,78,125,203
https://kawalpemilu.org#20581,"SUKAMAJU, SAKO, KOTA PALEMBANG, SUMATERA SELATAN",47,96,120,216
https://kawalpemilu.org#20581,"SUKAMAJU, SAKO, KOTA PALEMBANG, SUMATERA SELATAN",48,92,154,246
https://kawalpemilu.org#20581,"SUKAMAJU, SAKO, KOTA PALEMBANG, SUMATERA SELATAN",49,120,32,152
https://kawalpemilu.org#20581,"SUKAMAJU, SAKO, KOTA PALEMBANG, SUMATERA SELATAN",50,101,129,230
https://kawalpemilu.org#20581,"SUKAMAJU, SAKO, KOTA PALEMBANG, SUMATERA SELATAN",51,59,92,151
https://kawalpemilu.org#20581,"SUKAMAJU, SAKO, KOTA PALEMBANG, SUMATERA SELATAN",52,47,104,151
https://kawalpemilu.org#20581,"SUKAMAJU, SAKO, KOTA PALEMBANG, SUMATERA SELATAN",53,48,100,148
https://kawalpemilu.org#20581,"SUKAMAJU, SAKO, KOTA PALEMBANG, SUMATERA SELATAN",54,68,113,181
https://kawalpemilu.org#20581,"SUKAMAJU, SAKO, KOTA PALEMBANG, SUMATERA SELATAN",55,53,107,160
https://kawalpemilu.org#20581,"SUKAMAJU, SAKO, KOTA PALEMBANG, SUMATERA SELATAN",56,39,107,146
https://kawalpemilu.org#20581,"SUKAMAJU, SAKO, KOTA PALEMBANG, SUMATERA SELATAN",57,59,92,151
https://kawalpemilu.org#20581,"SUKAMAJU, SAKO, KOTA PALEMBANG, SUMATERA SELATAN",58,80,93,173
https://kawalpemilu.org#20581,"SUKAMAJU, SAKO, KOTA PALEMBANG, SUMATERA SELATAN",59,73,132,205
https://kawalpemilu.org#20581,"SUKAMAJU, SAKO, KOTA PALEMBANG, SUMATERA SELATAN",60,86,119,205
https://kawalpemilu.org#20581,"SUKAMAJU, SAKO, KOTA PALEMBANG, SUMATERA SELATAN",61,104,99,203
https://kawalpemilu.org#20581,"SUKAMAJU, SAKO, KOTA PALEMBANG, SUMATERA SELATAN",62,115,104,219
https://kawalpemilu.org#20581,"SUKAMAJU, SAKO, KOTA PALEMBANG, SUMATERA SELATAN",63,58,85,143
https://kawalpemilu.org#20581,"SUKAMAJU, SAKO, KOTA PALEMBANG, SUMATERA SELATAN",64,96,96,192
https://kawalpemilu.org#20581,"SUKAMAJU, SAKO, KOTA PALEMBANG, SUMATERA SELATAN",66,105,125,230
https://kawalpemilu.org#20581,"SUKAMAJU, SAKO, KOTA PALEMBANG, SUMATERA SELATAN",67,37,99,136
https://kawalpemilu.org#20581,"SUKAMAJU, SAKO, KOTA PALEMBANG, SUMATERA SELATAN",68,76,86,162
https://kawalpemilu.org#20581,"SUKAMAJU, SAKO, KOTA PALEMBANG, SUMATERA SELATAN",69,97,94,191
https://kawalpemilu.org#20581,"SUKAMAJU, SAKO, KOTA PALEMBANG, SUMATERA SELATAN",70,109,123,232
https://kawalpemilu.org#20581,"SUKAMAJU, SAKO, KOTA PALEMBANG, SUMATERA SELATAN",71,62,103,165
https://kawalpemilu.org#20581,"SUKAMAJU, SAKO, KOTA PALEMBANG, SUMATERA SELATAN",72,67,92,159
https://kawalpemilu.org#20581,"SUKAMAJU, SAKO, KOTA PALEMBANG, SUMATERA SELATAN",73,78,120,198
https://kawalpemilu.org#20581,"SUKAMAJU, SAKO, KOTA PALEMBANG, SUMATERA SELATAN",74,76,87,163
https://kawalpemilu.org#20581,"SUKAMAJU, SAKO, KOTA PALEMBANG, SUMATERA SELATAN",76,59,70,129
https://kawalpemilu.org#20581,"SUKAMAJU, SAKO, KOTA PALEMBANG, SUMATERA SELATAN",77,96,150,246
https://kawalpemilu.org#20581,"SUKAMAJU, SAKO, KOTA PALEMBANG, SUMATERA SELATAN",78,54,100,154
https://kawalpemilu.org#20581,"SUKAMAJU, SAKO, KOTA PALEMBANG, SUMATERA SELATAN",79,88,159,247
https://kawalpemilu.org#20581,"SUKAMAJU, SAKO, KOTA PALEMBANG, SUMATERA SELATAN",80,91,103,194
https://kawalpemilu.org#20581,"SUKAMAJU, SAKO, KOTA PALEMBANG, SUMATERA SELATAN",81,98,124,222
https://kawalpemilu.org#20581,"SUKAMAJU, SAKO, KOTA PALEMBANG, SUMATERA SELATAN",82,113,67,180
https://kawalpemilu.org#20581,"SUKAMAJU, SAKO, KOTA PALEMBANG, SUMATERA SELATAN",83,62,77,139
https://kawalpemilu.org#20581,"SUKAMAJU, SAKO, KOTA PALEMBANG, SUMATERA SELATAN",84,67,113,180
https://kawalpemilu.org#20581,"SUKAMAJU, SAKO, KOTA PALEMBANG, SUMATERA SELATAN",85,36,115,151
https://kawalpemilu.org#20582,"SAKO, SAKO, KOTA PALEMBANG, SUMATERA SELATAN",1,131,157,288
https://kawalpemilu.org#20582,"SAKO, SAKO, KOTA PALEMBANG, SUMATERA SELATAN",2,57,89,146
https://kawalpemilu.org#20582,"SAKO, SAKO, KOTA PALEMBANG, SUMATERA SELATAN",3,76,124,200
https://kawalpemilu.org#20582,"SAKO, SAKO, KOTA PALEMBANG, SUMATERA SELATAN",5,98,162,260
https://kawalpemilu.org#20582,"SAKO, SAKO, KOTA PALEMBANG, SUMATERA SELATAN",6,114,103,247
https://kawalpemilu.org#20582,"SAKO, SAKO, KOTA PALEMBANG, SUMATERA SELATAN",7,143,135,278
https://kawalpemilu.org#20582,"SAKO, SAKO, KOTA PALEMBANG, SUMATERA SELATAN",8,16,23,39
https://kawalpemilu.org#20582,"SAKO, SAKO, KOTA PALEMBANG, SUMATERA SELATAN",9,93,58,151
https://kawalpemilu.org#20582,"SAKO, SAKO, KOTA PALEMBANG, SUMATERA SELATAN",10,97,89,186
https://kawalpemilu.org#20582,"SAKO, SAKO, KOTA PALEMBANG, SUMATERA SELATAN",11,137,139,276
https://kawalpemilu.org#20582,"SAKO, SAKO, KOTA PALEMBANG, SUMATERA SELATAN",12,92,101,193
https://kawalpemilu.org#20582,"SAKO, SAKO, KOTA PALEMBANG, SUMATERA SELATAN",13,123,126,249
https://kawalpemilu.org#20582,"SAKO, SAKO, KOTA PALEMBANG, SUMATERA SELATAN",14,83,99,182
https://kawalpemilu.org#20582,"SAKO, SAKO, KOTA PALEMBANG, SUMATERA SELATAN",15,121,162,283
https://kawalpemilu.org#20582,"SAKO, SAKO, KOTA PALEMBANG, SUMATERA SELATAN",16,61,163,224
https://kawalpemilu.org#20582,"SAKO, SAKO, KOTA PALEMBANG, SUMATERA SELATAN",17,139,150,289
https://kawalpemilu.org#20582,"SAKO, SAKO, KOTA PALEMBANG, SUMATERA SELATAN",18,122,174,296
https://kawalpemilu.org#20582,"SAKO, SAKO, KOTA PALEMBANG, SUMATERA SELATAN",19,128,38,166
https://kawalpemilu.org#20582,"SAKO, SAKO, KOTA PALEMBANG, SUMATERA SELATAN",20,134,39,173
https://kawalpemilu.org#20582,"SAKO, SAKO, KOTA PALEMBANG, SUMATERA SELATAN",21,95,169,264
https://kawalpemilu.org#20582,"SAKO, SAKO, KOTA PALEMBANG, SUMATERA SELATAN",22,111,140,251
https://kawalpemilu.org#20582,"SAKO, SAKO, KOTA PALEMBANG, SUMATERA SELATAN",23,78,203,281
https://kawalpemilu.org#20582,"SAKO, SAKO, KOTA PALEMBANG, SUMATERA SELATAN",24,105,115,220
https://kawalpemilu.org#20582,"SAKO, SAKO, KOTA PALEMBANG, SUMATERA SELATAN",25,122,125,247
https://kawalpemilu.org#20582,"SAKO, SAKO, KOTA PALEMBANG, SUMATERA SELATAN",26,124,123,247
https://kawalpemilu.org#20582,"SAKO, SAKO, KOTA PALEMBANG, SUMATERA SELATAN",28,107,136,243
https://kawalpemilu.org#20582,"SAKO, SAKO, KOTA PALEMBANG, SUMATERA SELATAN",29,78,138,216
https://kawalpemilu.org#20582,"SAKO, SAKO, KOTA PALEMBANG, SUMATERA SELATAN",30,87,82,169
https://kawalpemilu.org#20582,"SAKO, SAKO, KOTA PALEMBANG, SUMATERA SELATAN",31,67,119,186
https://kawalpemilu.org#20582,"SAKO, SAKO, KOTA PALEMBANG, SUMATERA SELATAN",32,140,153,293
https://kawalpemilu.org#20582,"SAKO, SAKO, KOTA PALEMBANG, SUMATERA SELATAN",33,123,95,218
https://kawalpemilu.org#20582,"SAKO, SAKO, KOTA PALEMBANG, SUMATERA SELATAN",34,87,101,188
https://kawalpemilu.org#20582,"SAKO, SAKO, KOTA PALEMBANG, SUMATERA SELATAN",35,66,117,183
https://kawalpemilu.org#20582,"SAKO, SAKO, KOTA PALEMBANG, SUMATERA SELATAN",36,66,123,189
https://kawalpemilu.org#20582,"SAKO, SAKO, KOTA PALEMBANG, SUMATERA SELATAN",37,56,181,238
https://kawalpemilu.org#20582,"SAKO, SAKO, KOTA PALEMBANG, SUMATERA SELATAN",38,45,149,194
https://kawalpemilu.org#20582,"SAKO, SAKO, KOTA PALEMBANG, SUMATERA SELATAN",39,49,117,166
https://kawalpemilu.org#20582,"SAKO, SAKO, KOTA PALEMBANG, SUMATERA SELATAN",40,60,166,226
https://kawalpemilu.org#20582,"SAKO, SAKO, KOTA PALEMBANG, SUMATERA SELATAN",41,48,94,142
https://kawalpemilu.org#20582,"SAKO, SAKO, KOTA PALEMBANG, SUMATERA SELATAN",42,34,100,134
https://kawalpemilu.org#20582,"SAKO, SAKO, KOTA PALEMBANG, SUMATERA SELATAN",43,44,112,156
https://kawalpemilu.org#20582,"SAKO, SAKO, KOTA PALEMBANG, SUMATERA SELATAN",44,61,145,206
https://kawalpemilu.org#20582,"SAKO, SAKO, KOTA PALEMBANG, SUMATERA SELATAN",45,55,164,219
https://kawalpemilu.org#20582,"SAKO, SAKO, KOTA PALEMBANG, SUMATERA SELATAN",46,64,117,181
https://kawalpemilu.org#20582,"SAKO, SAKO, KOTA PALEMBANG, SUMATERA SELATAN",47,66,98,164
https://kawalpemilu.org#20582,"SAKO, SAKO, KOTA PALEMBANG, SUMATERA SELATAN",48,63,187,250
https://kawalpemilu.org#20582,"SAKO, SAKO, KOTA PALEMBANG, SUMATERA SELATAN",49,38,135,173
https://kawalpemilu.org#20582,"SAKO, SAKO, KOTA PALEMBANG, SUMATERA SELATAN",50,57,117,174
https://kawalpemilu.org#20582,"SAKO, SAKO, KOTA PALEMBANG, SUMATERA SELATAN",51,64,132,196
https://kawalpemilu.org#20582,"SAKO, SAKO, KOTA PALEMBANG, SUMATERA SELATAN",52,52,128,180
https://kawalpemilu.org#20582,"SAKO, SAKO, KOTA PALEMBANG, SUMATERA SELATAN",53,61,127,188
https://kawalpemilu.org#20582,"SAKO, SAKO, KOTA PALEMBANG, SUMATERA SELATAN",54,95,135,230
https://kawalpemilu.org#20582,"SAKO, SAKO, KOTA PALEMBANG, SUMATERA SELATAN",56,46,180,226
https://kawalpemilu.org#20582,"SAKO, SAKO, KOTA PALEMBANG, SUMATERA SELATAN",57,50,114,164
https://kawalpemilu.org#20582,"SAKO, SAKO, KOTA PALEMBANG, SUMATERA SELATAN",59,57,129,186
https://kawalpemilu.org#20582,"SAKO, SAKO, KOTA PALEMBANG, SUMATERA SELATAN",60,60,189,249
https://kawalpemilu.org#20582,"SAKO, SAKO, KOTA PALEMBANG, SUMATERA SELATAN",61,80,136,216
https://kawalpemilu.org#20582,"SAKO, SAKO, KOTA PALEMBANG, SUMATERA SELATAN",62,67,133,200
https://kawalpemilu.org#20582,"SAKO, SAKO, KOTA PALEMBANG, SUMATERA SELATAN",63,49,129,178
https://kawalpemilu.org#20582,"SAKO, SAKO, KOTA PALEMBANG, SUMATERA SELATAN",64,30,124,154
https://kawalpemilu.org#20582,"SAKO, SAKO, KOTA PALEMBANG, SUMATERA SELATAN",65,56,122,178
https://kawalpemilu.org#20582,"SAKO, SAKO, KOTA PALEMBANG, SUMATERA SELATAN",66,36,107,143
https://kawalpemilu.org#20582,"SAKO, SAKO, KOTA PALEMBANG, SUMATERA SELATAN",67,42,90,132
https://kawalpemilu.org#20582,"SAKO, SAKO, KOTA PALEMBANG, SUMATERA SELATAN",68,56,120,176
https://kawalpemilu.org#20582,"SAKO, SAKO, KOTA PALEMBANG, SUMATERA SELATAN",69,67,98,165
https://kawalpemilu.org#20582,"SAKO, SAKO, KOTA PALEMBANG, SUMATERA SELATAN",70,54,158,212
https://kawalpemilu.org#20582,"SAKO, SAKO, KOTA PALEMBANG, SUMATERA SELATAN",71,80,185,265
https://kawalpemilu.org#20582,"SAKO, SAKO, KOTA PALEMBANG, SUMATERA SELATAN",72,73,154,227
https://kawalpemilu.org#20582,"SAKO, SAKO, KOTA PALEMBANG, SUMATERA SELATAN",73,60,104,164
https://kawalpemilu.org#20582,"SAKO, SAKO, KOTA PALEMBANG, SUMATERA SELATAN",74,85,142,227
https://kawalpemilu.org#20582,"SAKO, SAKO, KOTA PALEMBANG, SUMATERA SELATAN",75,45,97,142
https://kawalpemilu.org#20582,"SAKO, SAKO, KOTA PALEMBANG, SUMATERA SELATAN",76,61,129,190
https://kawalpemilu.org#20582,"SAKO, SAKO, KOTA PALEMBANG, SUMATERA SELATAN",77,93,139,233
https://kawalpemilu.org#20582,"SAKO, SAKO, KOTA PALEMBANG, SUMATERA SELATAN",78,46,120,166
https://kawalpemilu.org#20582,"SAKO, SAKO, KOTA PALEMBANG, SUMATERA SELATAN",79,47,152,199
https://kawalpemilu.org#20582,"SAKO, SAKO, KOTA PALEMBANG, SUMATERA SELATAN",80,74,227,301
https://kawalpemilu.org#20582,"SAKO, SAKO, KOTA PALEMBANG, SUMATERA SELATAN",81,87,183,270
https://kawalpemilu.org#20582,"SAKO, SAKO, KOTA PALEMBANG, SUMATERA SELATAN",83,49,161,210
https://kawalpemilu.org#20582,"SAKO, SAKO, KOTA PALEMBANG, SUMATERA SELATAN",85,62,153,198
https://kawalpemilu.org#20582,"SAKO, SAKO, KOTA PALEMBANG, SUMATERA SELATAN",86,77,125,202
https://kawalpemilu.org#20582,"SAKO, SAKO, KOTA PALEMBANG, SUMATERA SELATAN",87,87,198,285
https://kawalpemilu.org#20582,"SAKO, SAKO, KOTA PALEMBANG, SUMATERA SELATAN",88,50,111,161
https://kawalpemilu.org#20582,"SAKO, SAKO, KOTA PALEMBANG, SUMATERA SELATAN",89,66,118,184
https://kawalpemilu.org#20582,"SAKO, SAKO, KOTA PALEMBANG, SUMATERA SELATAN",90,58,139,197
https://kawalpemilu.org#20582,"SAKO, SAKO, KOTA PALEMBANG, SUMATERA SELATAN",91,76,155,231
https://kawalpemilu.org#20582,"SAKO, SAKO, KOTA PALEMBANG, SUMATERA SELATAN",92,65,181,246
https://kawalpemilu.org#20582,"SAKO, SAKO, KOTA PALEMBANG, SUMATERA SELATAN",93,51,191,242
https://kawalpemilu.org#20582,"SAKO, SAKO, KOTA PALEMBANG, SUMATERA SELATAN",94,60,138,198
https://kawalpemilu.org#20582,"SAKO, SAKO, KOTA PALEMBANG, SUMATERA SELATAN",95,77,141,218
https://kawalpemilu.org#20582,"SAKO, SAKO, KOTA PALEMBANG, SUMATERA SELATAN",96,73,150,223
https://kawalpemilu.org#20582,"SAKO, SAKO, KOTA PALEMBANG, SUMATERA SELATAN",97,59,122,181
https://kawalpemilu.org#20582,"SAKO, SAKO, KOTA PALEMBANG, SUMATERA SELATAN",98,47,181,228
https://kawalpemilu.org#20582,"SAKO, SAKO, KOTA PALEMBANG, SUMATERA SELATAN",99,80,149,229
https://kawalpemilu.org#20582,"SAKO, SAKO, KOTA PALEMBANG, SUMATERA SELATAN",100,57,138,195
https://kawalpemilu.org#20582,"SAKO, SAKO, KOTA PALEMBANG, SUMATERA SELATAN",101,97,148,245
https://kawalpemilu.org#20582,"SAKO, SAKO, KOTA PALEMBANG, SUMATERA SELATAN",102,86,176,262
https://kawalpemilu.org#20582,"SAKO, SAKO, KOTA PALEMBANG, SUMATERA SELATAN",104,88,100,188
https://kawalpemilu.org#20582,"SAKO, SAKO, KOTA PALEMBANG, SUMATERA SELATAN",105,26,83,109
https://kawalpemilu.org#20583,"SIALANG, SAKO, KOTA PALEMBANG, SUMATERA SELATAN",1,73,80,153
https://kawalpemilu.org#20583,"SIALANG, SAKO, KOTA PALEMBANG, SUMATERA SELATAN",2,77,111,188
https://kawalpemilu.org#20583,"SIALANG, SAKO, KOTA PALEMBANG, SUMATERA SELATAN",3,96,139,235
https://kawalpemilu.org#20583,"SIALANG, SAKO, KOTA PALEMBANG, SUMATERA SELATAN",4,73,97,170
https://kawalpemilu.org#20583,"SIALANG, SAKO, KOTA PALEMBANG, SUMATERA SELATAN",5,31,146,177
https://kawalpemilu.org#20583,"SIALANG, SAKO, KOTA PALEMBANG, SUMATERA SELATAN",6,42,120,162
https://kawalpemilu.org#20583,"SIALANG, SAKO, KOTA PALEMBANG, SUMATERA SELATAN",7,79,145,224
https://kawalpemilu.org#20583,"SIALANG, SAKO, KOTA PALEMBANG, SUMATERA SELATAN",8,76,137,213
https://kawalpemilu.org#20583,"SIALANG, SAKO, KOTA PALEMBANG, SUMATERA SELATAN",9,100,169,269
https://kawalpemilu.org#20583,"SIALANG, SAKO, KOTA PALEMBANG, SUMATERA SELATAN",10,99,147,246
https://kawalpemilu.org#20583,"SIALANG, SAKO, KOTA PALEMBANG, SUMATERA SELATAN",11,53,112,165
https://kawalpemilu.org#20583,"SIALANG, SAKO, KOTA PALEMBANG, SUMATERA SELATAN",12,56,174,230
https://kawalpemilu.org#20583,"SIALANG, SAKO, KOTA PALEMBANG, SUMATERA SELATAN",13,61,102,163
https://kawalpemilu.org#20583,"SIALANG, SAKO, KOTA PALEMBANG, SUMATERA SELATAN",14,45,106,151
https://kawalpemilu.org#20583,"SIALANG, SAKO, KOTA PALEMBANG, SUMATERA SELATAN",15,56,120,176
https://kawalpemilu.org#20583,"SIALANG, SAKO, KOTA PALEMBANG, SUMATERA SELATAN",16,50,129,179
https://kawalpemilu.org#20583,"SIALANG, SAKO, KOTA PALEMBANG, SUMATERA SELATAN",17,63,110,173
https://kawalpemilu.org#20583,"SIALANG, SAKO, KOTA PALEMBANG, SUMATERA SELATAN",18,54,121,175
https://kawalpemilu.org#20583,"SIALANG, SAKO, KOTA PALEMBANG, SUMATERA SELATAN",19,61,117,178
https://kawalpemilu.org#20583,"SIALANG, SAKO, KOTA PALEMBANG, SUMATERA SELATAN",20,61,131,192
https://kawalpemilu.org#20583,"SIALANG, SAKO, KOTA PALEMBANG, SUMATERA SELATAN",21,79,154,233
https://kawalpemilu.org#20583,"SIALANG, SAKO, KOTA PALEMBANG, SUMATERA SELATAN",22,66,109,175
https://kawalpemilu.org#20583,"SIALANG, SAKO, KOTA PALEMBANG, SUMATERA SELATAN",23,78,93,171
https://kawalpemilu.org#20583,"SIALANG, SAKO, KOTA PALEMBANG, SUMATERA SELATAN",25,63,76,139
https://kawalpemilu.org#20583,"SIALANG, SAKO, KOTA PALEMBANG, SUMATERA SELATAN",26,77,116,193
https://kawalpemilu.org#20583,"SIALANG, SAKO, KOTA PALEMBANG, SUMATERA SELATAN",27,76,79,155
https://kawalpemilu.org#20583,"SIALANG, SAKO, KOTA PALEMBANG, SUMATERA SELATAN",28,46,129,175
https://kawalpemilu.org#20583,"SIALANG, SAKO, KOTA PALEMBANG, SUMATERA SELATAN",29,36,115,151
https://kawalpemilu.org#20583,"SIALANG, SAKO, KOTA PALEMBANG, SUMATERA SELATAN",30,37,114,151
https://kawalpemilu.org#20583,"SIALANG, SAKO, KOTA PALEMBANG, SUMATERA SELATAN",31,34,108,142
https://kawalpemilu.org#20583,"SIALANG, SAKO, KOTA PALEMBANG, SUMATERA SELATAN",32,53,100,153
https://kawalpemilu.org#20583,"SIALANG, SAKO, KOTA PALEMBANG, SUMATERA SELATAN",33,84,145,229
https://kawalpemilu.org#20583,"SIALANG, SAKO, KOTA PALEMBANG, SUMATERA SELATAN",34,53,97,150
https://kawalpemilu.org#20583,"SIALANG, SAKO, KOTA PALEMBANG, SUMATERA SELATAN",35,59,85,144
https://kawalpemilu.org#20583,"SIALANG, SAKO, KOTA PALEMBANG, SUMATERA SELATAN",36,125,156,281
https://kawalpemilu.org#20583,"SIALANG, SAKO, KOTA PALEMBANG, SUMATERA SELATAN",37,58,95,153
https://kawalpemilu.org#20583,"SIALANG, SAKO, KOTA PALEMBANG, SUMATERA SELATAN",38,44,100,144
https://kawalpemilu.org#20583,"SIALANG, SAKO, KOTA PALEMBANG, SUMATERA SELATAN",39,30,107,137
https://kawalpemilu.org#20583,"SIALANG, SAKO, KOTA PALEMBANG, SUMATERA SELATAN",40,56,124,180
https://kawalpemilu.org#20583,"SIALANG, SAKO, KOTA PALEMBANG, SUMATERA SELATAN",41,39,99,138
https://kawalpemilu.org#20583,"SIALANG, SAKO, KOTA PALEMBANG, SUMATERA SELATAN",42,52,123,175
https://kawalpemilu.org#20583,"SIALANG, SAKO, KOTA PALEMBANG, SUMATERA SELATAN",43,59,128,187
https://kawalpemilu.org#20583,"SIALANG, SAKO, KOTA PALEMBANG, SUMATERA SELATAN",44,50,150,200
https://kawalpemilu.org#20583,"SIALANG, SAKO, KOTA PALEMBANG, SUMATERA SELATAN",45,56,128,184
https://kawalpemilu.org#20583,"SIALANG, SAKO, KOTA PALEMBANG, SUMATERA SELATAN",46,56,151,207
https://kawalpemilu.org#20583,"SIALANG, SAKO, KOTA PALEMBANG, SUMATERA SELATAN",47,45,91,136
https://kawalpemilu.org#20583,"SIALANG, SAKO, KOTA PALEMBANG, SUMATERA SELATAN",48,36,98,134
https://kawalpemilu.org#20583,"SIALANG, SAKO, KOTA PALEMBANG, SUMATERA SELATAN",49,58,133,191
https://kawalpemilu.org#20583,"SIALANG, SAKO, KOTA PALEMBANG, SUMATERA SELATAN",50,38,97,135
https://kawalpemilu.org#20583,"SIALANG, SAKO, KOTA PALEMBANG, SUMATERA SELATAN",51,60,112,172
https://kawalpemilu.org#20583,"SIALANG, SAKO, KOTA PALEMBANG, SUMATERA SELATAN",52,45,171,216
https://kawalpemilu.org#20583,"SIALANG, SAKO, KOTA PALEMBANG, SUMATERA SELATAN",53,61,195,256
https://kawalpemilu.org#20583,"SIALANG, SAKO, KOTA PALEMBANG, SUMATERA SELATAN",54,65,163,228
https://kawalpemilu.org#20583,"SIALANG, SAKO, KOTA PALEMBANG, SUMATERA SELATAN",55,50,114,164
https://kawalpemilu.org#20583,"SIALANG, SAKO, KOTA PALEMBANG, SUMATERA SELATAN",56,61,87,148
https://kawalpemilu.org#20583,"SIALANG, SAKO, KOTA PALEMBANG, SUMATERA SELATAN",57,24,118,142
https://kawalpemilu.org#20583,"SIALANG, SAKO, KOTA PALEMBANG, SUMATERA SELATAN",58,37,98,135
https://kawalpemilu.org#20583,"SIALANG, SAKO, KOTA PALEMBANG, SUMATERA SELATAN",59,60,136,196
https://kawalpemilu.org#20583,"SIALANG, SAKO, KOTA PALEMBANG, SUMATERA SELATAN",60,79,89,168
https://kawalpemilu.org#20583,"SIALANG, SAKO, KOTA PALEMBANG, SUMATERA SELATAN",61,44,67,111
https://kawalpemilu.org#20583,"SIALANG, SAKO, KOTA PALEMBANG, SUMATERA SELATAN",62,42,61,103
https://kawalpemilu.org#20583,"SIALANG, SAKO, KOTA PALEMBANG, SUMATERA SELATAN",63,48,116,164
https://kawalpemilu.org#20583,"SIALANG, SAKO, KOTA PALEMBANG, SUMATERA SELATAN",64,40,123,163
https://kawalpemilu.org#20583,"SIALANG, SAKO, KOTA PALEMBANG, SUMATERA SELATAN",65,40,117,157
https://kawalpemilu.org#20583,"SIALANG, SAKO, KOTA PALEMBANG, SUMATERA SELATAN",66,38,129,167
https://kawalpemilu.org#20583,"SIALANG, SAKO, KOTA PALEMBANG, SUMATERA SELATAN",67,67,158,225
https://kawalpemilu.org#20583,"SIALANG, SAKO, KOTA PALEMBANG, SUMATERA SELATAN",68,57,88,145
https://kawalpemilu.org#20583,"SIALANG, SAKO, KOTA PALEMBANG, SUMATERA SELATAN",69,81,163,244
https://kawalpemilu.org#20584,"SAKO BARU, SAKO, KOTA PALEMBANG, SUMATERA SELATAN",1,80,70,150
https://kawalpemilu.org#20584,"SAKO BARU, SAKO, KOTA PALEMBANG, SUMATERA SELATAN",2,79,82,161
https://kawalpemilu.org#20584,"SAKO BARU, SAKO, KOTA PALEMBANG, SUMATERA SELATAN",3,102,97,199
https://kawalpemilu.org#20584,"SAKO BARU, SAKO, KOTA PALEMBANG, SUMATERA SELATAN",4,62,98,160
https://kawalpemilu.org#20584,"SAKO BARU, SAKO, KOTA PALEMBANG, SUMATERA SELATAN",5,65,110,175
https://kawalpemilu.org#20584,"SAKO BARU, SAKO, KOTA PALEMBANG, SUMATERA SELATAN",9,45,49,94
https://kawalpemilu.org#20584,"SAKO BARU, SAKO, KOTA PALEMBANG, SUMATERA SELATAN",12,61,64,125
https://kawalpemilu.org#20584,"SAKO BARU, SAKO, KOTA PALEMBANG, SUMATERA SELATAN",13,51,70,121
https://kawalpemilu.org#20584,"SAKO BARU, SAKO, KOTA PALEMBANG, SUMATERA SELATAN",14,50,72,122
https://kawalpemilu.org#20584,"SAKO BARU, SAKO, KOTA PALEMBANG, SUMATERA SELATAN",15,58,63,121
https://kawalpemilu.org#20584,"SAKO BARU, SAKO, KOTA PALEMBANG, SUMATERA SELATAN",17,51,81,132
https://kawalpemilu.org#20584,"SAKO BARU, SAKO, KOTA PALEMBANG, SUMATERA SELATAN",18,73,106,179
https://kawalpemilu.org#20584,"SAKO BARU, SAKO, KOTA PALEMBANG, SUMATERA SELATAN",19,77,88,165
https://kawalpemilu.org#20584,"SAKO BARU, SAKO, KOTA PALEMBANG, SUMATERA SELATAN",20,96,53,149
https://kawalpemilu.org#20584,"SAKO BARU, SAKO, KOTA PALEMBANG, SUMATERA SELATAN",21,64,96,160
https://kawalpemilu.org#20584,"SAKO BARU, SAKO, KOTA PALEMBANG, SUMATERA SELATAN",22,46,84,130
https://kawalpemilu.org#20584,"SAKO BARU, SAKO, KOTA PALEMBANG, SUMATERA SELATAN",23,47,95,142
https://kawalpemilu.org#20584,"SAKO BARU, SAKO, KOTA PALEMBANG, SUMATERA SELATAN",24,66,129,195
https://kawalpemilu.org#20584,"SAKO BARU, SAKO, KOTA PALEMBANG, SUMATERA SELATAN",25,114,109,223
https://kawalpemilu.org#20584,"SAKO BARU, SAKO, KOTA PALEMBANG, SUMATERA SELATAN",26,81,157,238
https://kawalpemilu.org#20584,"SAKO BARU, SAKO, KOTA PALEMBANG, SUMATERA SELATAN",27,80,97,177
https://kawalpemilu.org#20584,"SAKO BARU, SAKO, KOTA PALEMBANG, SUMATERA SELATAN",28,61,74,135
https://kawalpemilu.org#20584,"SAKO BARU, SAKO, KOTA PALEMBANG, SUMATERA SELATAN",29,60,94,154
https://kawalpemilu.org#20584,"SAKO BARU, SAKO, KOTA PALEMBANG, SUMATERA SELATAN",31,69,84,153
https://kawalpemilu.org#20584,"SAKO BARU, SAKO, KOTA PALEMBANG, SUMATERA SELATAN",32,64,129,193
https://kawalpemilu.org#20584,"SAKO BARU, SAKO, KOTA PALEMBANG, SUMATERA SELATAN",33,56,143,199
https://kawalpemilu.org#20584,"SAKO BARU, SAKO, KOTA PALEMBANG, SUMATERA SELATAN",34,76,125,201
https://kawalpemilu.org#20584,"SAKO BARU, SAKO, KOTA PALEMBANG, SUMATERA SELATAN",35,73,161,234
https://kawalpemilu.org#20584,"SAKO BARU, SAKO, KOTA PALEMBANG, SUMATERA SELATAN",36,76,139,215
https://kawalpemilu.org#20584,"SAKO BARU, SAKO, KOTA PALEMBANG, SUMATERA SELATAN",39,19,49,68
https://kawalpemilu.org#20586,"20 ILIR II, KEMUNING, KOTA PALEMBANG, SUMATERA SELATAN",1,92,135,227
https://kawalpemilu.org#20586,"20 ILIR II, KEMUNING, KOTA PALEMBANG, SUMATERA SELATAN",2,81,170,251
https://kawalpemilu.org#20586,"20 ILIR II, KEMUNING, KOTA PALEMBANG, SUMATERA SELATAN",3,82,149,231
https://kawalpemilu.org#20586,"20 ILIR II, KEMUNING, KOTA PALEMBANG, SUMATERA SELATAN",4,89,115,204
https://kawalpemilu.org#20586,"20 ILIR II, KEMUNING, KOTA PALEMBANG, SUMATERA SELATAN",5,87,97,184
https://kawalpemilu.org#20586,"20 ILIR II, KEMUNING, KOTA PALEMBANG, SUMATERA SELATAN",6,33,127,160
https://kawalpemilu.org#20586,"20 ILIR II, KEMUNING, KOTA PALEMBANG, SUMATERA SELATAN",7,70,93,163
https://kawalpemilu.org#20586,"20 ILIR II, KEMUNING, KOTA PALEMBANG, SUMATERA SELATAN",8,65,100,165
https://kawalpemilu.org#20586,"20 ILIR II, KEMUNING, KOTA PALEMBANG, SUMATERA SELATAN",9,62,130,192
https://kawalpemilu.org#20586,"20 ILIR II, KEMUNING, KOTA PALEMBANG, SUMATERA SELATAN",10,69,151,220
https://kawalpemilu.org#20586,"20 ILIR II, KEMUNING, KOTA PALEMBANG, SUMATERA SELATAN",11,109,118,227
https://kawalpemilu.org#20586,"20 ILIR II, KEMUNING, KOTA PALEMBANG, SUMATERA SELATAN",12,63,160,223
https://kawalpemilu.org#20586,"20 ILIR II, KEMUNING, KOTA PALEMBANG, SUMATERA SELATAN",13,61,179,240
https://kawalpemilu.org#20586,"20 ILIR II, KEMUNING, KOTA PALEMBANG, SUMATERA SELATAN",14,97,165,262
https://kawalpemilu.org#20586,"20 ILIR II, KEMUNING, KOTA PALEMBANG, SUMATERA SELATAN",15,104,139,243
https://kawalpemilu.org#20586,"20 ILIR II, KEMUNING, KOTA PALEMBANG, SUMATERA SELATAN",16,69,91,160
https://kawalpemilu.org#20586,"20 ILIR II, KEMUNING, KOTA PALEMBANG, SUMATERA SELATAN",17,29,129,158
https://kawalpemilu.org#20586,"20 ILIR II, KEMUNING, KOTA PALEMBANG, SUMATERA SELATAN",18,143,56,199
https://kawalpemilu.org#20586,"20 ILIR II, KEMUNING, KOTA PALEMBANG, SUMATERA SELATAN",19,117,148,265
https://kawalpemilu.org#20586,"20 ILIR II, KEMUNING, KOTA PALEMBANG, SUMATERA SELATAN",20,51,77,128
https://kawalpemilu.org#20586,"20 ILIR II, KEMUNING, KOTA PALEMBANG, SUMATERA SELATAN",21,63,107,170
https://kawalpemilu.org#20586,"20 ILIR II, KEMUNING, KOTA PALEMBANG, SUMATERA SELATAN",22,95,151,246
https://kawalpemilu.org#20586,"20 ILIR II, KEMUNING, KOTA PALEMBANG, SUMATERA SELATAN",23,52,150,202
https://kawalpemilu.org#20586,"20 ILIR II, KEMUNING, KOTA PALEMBANG, SUMATERA SELATAN",24,106,73,179
https://kawalpemilu.org#20586,"20 ILIR II, KEMUNING, KOTA PALEMBANG, SUMATERA SELATAN",25,95,148,243
https://kawalpemilu.org#20586,"20 ILIR II, KEMUNING, KOTA PALEMBANG, SUMATERA SELATAN",26,144,105,252
https://kawalpemilu.org#20586,"20 ILIR II, KEMUNING, KOTA PALEMBANG, SUMATERA SELATAN",27,61,104,165
https://kawalpemilu.org#20586,"20 ILIR II, KEMUNING, KOTA PALEMBANG, SUMATERA SELATAN",28,61,119,180
https://kawalpemilu.org#20586,"20 ILIR II, KEMUNING, KOTA PALEMBANG, SUMATERA SELATAN",29,117,95,212
https://kawalpemilu.org#20586,"20 ILIR II, KEMUNING, KOTA PALEMBANG, SUMATERA SELATAN",32,80,170,250
https://kawalpemilu.org#20586,"20 ILIR II, KEMUNING, KOTA PALEMBANG, SUMATERA SELATAN",33,55,77,132
https://kawalpemilu.org#20586,"20 ILIR II, KEMUNING, KOTA PALEMBANG, SUMATERA SELATAN",34,107,141,248
https://kawalpemilu.org#20586,"20 ILIR II, KEMUNING, KOTA PALEMBANG, SUMATERA SELATAN",35,74,143,217
https://kawalpemilu.org#20586,"20 ILIR II, KEMUNING, KOTA PALEMBANG, SUMATERA SELATAN",36,56,94,150
https://kawalpemilu.org#20586,"20 ILIR II, KEMUNING, KOTA PALEMBANG, SUMATERA SELATAN",37,59,149,208
https://kawalpemilu.org#20586,"20 ILIR II, KEMUNING, KOTA PALEMBANG, SUMATERA SELATAN",38,75,155,230
https://kawalpemilu.org#20586,"20 ILIR II, KEMUNING, KOTA PALEMBANG, SUMATERA SELATAN",39,73,128,201
https://kawalpemilu.org#20586,"20 ILIR II, KEMUNING, KOTA PALEMBANG, SUMATERA SELATAN",40,76,146,222
https://kawalpemilu.org#20586,"20 ILIR II, KEMUNING, KOTA PALEMBANG, SUMATERA SELATAN",41,59,68,127
https://kawalpemilu.org#20586,"20 ILIR II, KEMUNING, KOTA PALEMBANG, SUMATERA SELATAN",42,38,105,143
https://kawalpemilu.org#20586,"20 ILIR II, KEMUNING, KOTA PALEMBANG, SUMATERA SELATAN",43,60,181,241
https://kawalpemilu.org#20586,"20 ILIR II, KEMUNING, KOTA PALEMBANG, SUMATERA SELATAN",44,38,109,147
https://kawalpemilu.org#20587,"ARIO KEMUNING, KEMUNING, KOTA PALEMBANG, SUMATERA SELATAN",1,61,146,207
https://kawalpemilu.org#20587,"ARIO KEMUNING, KEMUNING, KOTA PALEMBANG, SUMATERA SELATAN",2,55,141,196
https://kawalpemilu.org#20587,"ARIO KEMUNING, KEMUNING, KOTA PALEMBANG, SUMATERA SELATAN",3,58,152,210
https://kawalpemilu.org#20587,"ARIO KEMUNING, KEMUNING, KOTA PALEMBANG, SUMATERA SELATAN",4,62,132,194
https://kawalpemilu.org#20587,"ARIO KEMUNING, KEMUNING, KOTA PALEMBANG, SUMATERA SELATAN",5,56,80,136
https://kawalpemilu.org#20587,"ARIO KEMUNING, KEMUNING, KOTA PALEMBANG, SUMATERA SELATAN",6,48,85,133
https://kawalpemilu.org#20587,"ARIO KEMUNING, KEMUNING, KOTA PALEMBANG, SUMATERA SELATAN",7,69,63,132
https://kawalpemilu.org#20587,"ARIO KEMUNING, KEMUNING, KOTA PALEMBANG, SUMATERA SELATAN",8,74,61,135
https://kawalpemilu.org#20587,"ARIO KEMUNING, KEMUNING, KOTA PALEMBANG, SUMATERA SELATAN",10,61,78,139
https://kawalpemilu.org#20587,"ARIO KEMUNING, KEMUNING, KOTA PALEMBANG, SUMATERA SELATAN",11,20,115,135
https://kawalpemilu.org#20587,"ARIO KEMUNING, KEMUNING, KOTA PALEMBANG, SUMATERA SELATAN",12,50,96,146
https://kawalpemilu.org#20587,"ARIO KEMUNING, KEMUNING, KOTA PALEMBANG, SUMATERA SELATAN",13,124,87,211
https://kawalpemilu.org#20587,"ARIO KEMUNING, KEMUNING, KOTA PALEMBANG, SUMATERA SELATAN",14,64,71,135
https://kawalpemilu.org#20587,"ARIO KEMUNING, KEMUNING, KOTA PALEMBANG, SUMATERA SELATAN",15,69,140,209
https://kawalpemilu.org#20587,"ARIO KEMUNING, KEMUNING, KOTA PALEMBANG, SUMATERA SELATAN",16,81,47,128
https://kawalpemilu.org#20587,"ARIO KEMUNING, KEMUNING, KOTA PALEMBANG, SUMATERA SELATAN",17,76,63,139
https://kawalpemilu.org#20587,"ARIO KEMUNING, KEMUNING, KOTA PALEMBANG, SUMATERA SELATAN",19,63,135,198
https://kawalpemilu.org#20587,"ARIO KEMUNING, KEMUNING, KOTA PALEMBANG, SUMATERA SELATAN",21,38,107,145
https://kawalpemilu.org#20587,"ARIO KEMUNING, KEMUNING, KOTA PALEMBANG, SUMATERA SELATAN",22,62,86,148
https://kawalpemilu.org#20587,"ARIO KEMUNING, KEMUNING, KOTA PALEMBANG, SUMATERA SELATAN",23,90,164,254
https://kawalpemilu.org#20587,"ARIO KEMUNING, KEMUNING, KOTA PALEMBANG, SUMATERA SELATAN",24,128,95,223
https://kawalpemilu.org#20587,"ARIO KEMUNING, KEMUNING, KOTA PALEMBANG, SUMATERA SELATAN",25,28,139,167
https://kawalpemilu.org#20587,"ARIO KEMUNING, KEMUNING, KOTA PALEMBANG, SUMATERA SELATAN",26,140,42,182
https://kawalpemilu.org#20587,"ARIO KEMUNING, KEMUNING, KOTA PALEMBANG, SUMATERA SELATAN",27,60,90,150
https://kawalpemilu.org#20587,"ARIO KEMUNING, KEMUNING, KOTA PALEMBANG, SUMATERA SELATAN",28,48,82,130
https://kawalpemilu.org#20587,"ARIO KEMUNING, KEMUNING, KOTA PALEMBANG, SUMATERA SELATAN",29,68,75,143
https://kawalpemilu.org#20587,"ARIO KEMUNING, KEMUNING, KOTA PALEMBANG, SUMATERA SELATAN",31,53,82,135
https://kawalpemilu.org#20587,"ARIO KEMUNING, KEMUNING, KOTA PALEMBANG, SUMATERA SELATAN",32,45,79,124
https://kawalpemilu.org#20587,"ARIO KEMUNING, KEMUNING, KOTA PALEMBANG, SUMATERA SELATAN",33,82,83,165
https://kawalpemilu.org#20587,"ARIO KEMUNING, KEMUNING, KOTA PALEMBANG, SUMATERA SELATAN",34,69,96,165
https://kawalpemilu.org#20587,"ARIO KEMUNING, KEMUNING, KOTA PALEMBANG, SUMATERA SELATAN",35,82,68,150
https://kawalpemilu.org#20588,"SEKIP JAYA, KEMUNING, KOTA PALEMBANG, SUMATERA SELATAN",1,77,103,180
https://kawalpemilu.org#20588,"SEKIP JAYA, KEMUNING, KOTA PALEMBANG, SUMATERA SELATAN",2,86,114,200
https://kawalpemilu.org#20588,"SEKIP JAYA, KEMUNING, KOTA PALEMBANG, SUMATERA SELATAN",3,63,152,215
https://kawalpemilu.org#20588,"SEKIP JAYA, KEMUNING, KOTA PALEMBANG, SUMATERA SELATAN",4,61,86,147
https://kawalpemilu.org#20588,"SEKIP JAYA, KEMUNING, KOTA PALEMBANG, SUMATERA SELATAN",5,100,86,186
https://kawalpemilu.org#20588,"SEKIP JAYA, KEMUNING, KOTA PALEMBANG, SUMATERA SELATAN",6,113,76,189
https://kawalpemilu.org#20588,"SEKIP JAYA, KEMUNING, KOTA PALEMBANG, SUMATERA SELATAN",7,61,80,141
https://kawalpemilu.org#20588,"SEKIP JAYA, KEMUNING, KOTA PALEMBANG, SUMATERA SELATAN",8,56,62,118
https://kawalpemilu.org#20588,"SEKIP JAYA, KEMUNING, KOTA PALEMBANG, SUMATERA SELATAN",10,84,98,182
https://kawalpemilu.org#20588,"SEKIP JAYA, KEMUNING, KOTA PALEMBANG, SUMATERA SELATAN",11,131,53,184
https://kawalpemilu.org#20588,"SEKIP JAYA, KEMUNING, KOTA PALEMBANG, SUMATERA SELATAN",12,67,115,182
https://kawalpemilu.org#20588,"SEKIP JAYA, KEMUNING, KOTA PALEMBANG, SUMATERA SELATAN",13,69,84,153
https://kawalpemilu.org#20588,"SEKIP JAYA, KEMUNING, KOTA PALEMBANG, SUMATERA SELATAN",14,85,121,206
https://kawalpemilu.org#20588,"SEKIP JAYA, KEMUNING, KOTA PALEMBANG, SUMATERA SELATAN",15,50,78,128
https://kawalpemilu.org#20588,"SEKIP JAYA, KEMUNING, KOTA PALEMBANG, SUMATERA SELATAN",16,73,64,137
https://kawalpemilu.org#20588,"SEKIP JAYA, KEMUNING, KOTA PALEMBANG, SUMATERA SELATAN",17,57,77,134
https://kawalpemilu.org#20588,"SEKIP JAYA, KEMUNING, KOTA PALEMBANG, SUMATERA SELATAN",18,43,72,115
https://kawalpemilu.org#20588,"SEKIP JAYA, KEMUNING, KOTA PALEMBANG, SUMATERA SELATAN",19,58,94,152
https://kawalpemilu.org#20588,"SEKIP JAYA, KEMUNING, KOTA PALEMBANG, SUMATERA SELATAN",21,65,80,145
https://kawalpemilu.org#20588,"SEKIP JAYA, KEMUNING, KOTA PALEMBANG, SUMATERA SELATAN",22,52,94,146
https://kawalpemilu.org#20588,"SEKIP JAYA, KEMUNING, KOTA PALEMBANG, SUMATERA SELATAN",23,72,105,177
https://kawalpemilu.org#20588,"SEKIP JAYA, KEMUNING, KOTA PALEMBANG, SUMATERA SELATAN",24,62,143,205
https://kawalpemilu.org#20588,"SEKIP JAYA, KEMUNING, KOTA PALEMBANG, SUMATERA SELATAN",25,51,80,131
https://kawalpemilu.org#20588,"SEKIP JAYA, KEMUNING, KOTA PALEMBANG, SUMATERA SELATAN",26,47,73,120
https://kawalpemilu.org#20588,"SEKIP JAYA, KEMUNING, KOTA PALEMBANG, SUMATERA SELATAN",27,69,170,239
https://kawalpemilu.org#20588,"SEKIP JAYA, KEMUNING, KOTA PALEMBANG, SUMATERA SELATAN",28,60,90,150
https://kawalpemilu.org#20588,"SEKIP JAYA, KEMUNING, KOTA PALEMBANG, SUMATERA SELATAN",29,45,85,130
https://kawalpemilu.org#20588,"SEKIP JAYA, KEMUNING, KOTA PALEMBANG, SUMATERA SELATAN",30,71,94,165
https://kawalpemilu.org#20588,"SEKIP JAYA, KEMUNING, KOTA PALEMBANG, SUMATERA SELATAN",31,91,89,180
https://kawalpemilu.org#20588,"SEKIP JAYA, KEMUNING, KOTA PALEMBANG, SUMATERA SELATAN",32,63,147,210
https://kawalpemilu.org#20588,"SEKIP JAYA, KEMUNING, KOTA PALEMBANG, SUMATERA SELATAN",33,72,27,99
https://kawalpemilu.org#20588,"SEKIP JAYA, KEMUNING, KOTA PALEMBANG, SUMATERA SELATAN",34,77,66,143
https://kawalpemilu.org#20588,"SEKIP JAYA, KEMUNING, KOTA PALEMBANG, SUMATERA SELATAN",35,69,61,130
https://kawalpemilu.org#20588,"SEKIP JAYA, KEMUNING, KOTA PALEMBANG, SUMATERA SELATAN",36,46,65,111
https://kawalpemilu.org#20588,"SEKIP JAYA, KEMUNING, KOTA PALEMBANG, SUMATERA SELATAN",37,42,56,98
https://kawalpemilu.org#20588,"SEKIP JAYA, KEMUNING, KOTA PALEMBANG, SUMATERA SELATAN",38,78,81,159
https://kawalpemilu.org#20588,"SEKIP JAYA, KEMUNING, KOTA PALEMBANG, SUMATERA SELATAN",39,56,75,131
https://kawalpemilu.org#20588,"SEKIP JAYA, KEMUNING, KOTA PALEMBANG, SUMATERA SELATAN",40,93,116,209
https://kawalpemilu.org#20588,"SEKIP JAYA, KEMUNING, KOTA PALEMBANG, SUMATERA SELATAN",41,61,34,95
https://kawalpemilu.org#20588,"SEKIP JAYA, KEMUNING, KOTA PALEMBANG, SUMATERA SELATAN",42,67,23,90
https://kawalpemilu.org#20588,"SEKIP JAYA, KEMUNING, KOTA PALEMBANG, SUMATERA SELATAN",43,134,40,174
https://kawalpemilu.org#20588,"SEKIP JAYA, KEMUNING, KOTA PALEMBANG, SUMATERA SELATAN",44,145,26,171
https://kawalpemilu.org#20588,"SEKIP JAYA, KEMUNING, KOTA PALEMBANG, SUMATERA SELATAN",46,50,82,132
https://kawalpemilu.org#20588,"SEKIP JAYA, KEMUNING, KOTA PALEMBANG, SUMATERA SELATAN",48,78,80,158
https://kawalpemilu.org#20588,"SEKIP JAYA, KEMUNING, KOTA PALEMBANG, SUMATERA SELATAN",49,58,83,141
https://kawalpemilu.org#20588,"SEKIP JAYA, KEMUNING, KOTA PALEMBANG, SUMATERA SELATAN",50,148,39,187
https://kawalpemilu.org#20588,"SEKIP JAYA, KEMUNING, KOTA PALEMBANG, SUMATERA SELATAN",51,90,50,140
https://kawalpemilu.org#20588,"SEKIP JAYA, KEMUNING, KOTA PALEMBANG, SUMATERA SELATAN",52,128,100,228
https://kawalpemilu.org#20588,"SEKIP JAYA, KEMUNING, KOTA PALEMBANG, SUMATERA SELATAN",53,56,115,171
https://kawalpemilu.org#20588,"SEKIP JAYA, KEMUNING, KOTA PALEMBANG, SUMATERA SELATAN",54,112,27,139
https://kawalpemilu.org#20588,"SEKIP JAYA, KEMUNING, KOTA PALEMBANG, SUMATERA SELATAN",55,60,46,106
https://kawalpemilu.org#20589,"PAHLAWAN, KEMUNING, KOTA PALEMBANG, SUMATERA SELATAN",1,57,189,246
https://kawalpemilu.org#20589,"PAHLAWAN, KEMUNING, KOTA PALEMBANG, SUMATERA SELATAN",2,72,115,187
https://kawalpemilu.org#20589,"PAHLAWAN, KEMUNING, KOTA PALEMBANG, SUMATERA SELATAN",4,27,105,132
https://kawalpemilu.org#20589,"PAHLAWAN, KEMUNING, KOTA PALEMBANG, SUMATERA SELATAN",5,53,128,181
https://kawalpemilu.org#20589,"PAHLAWAN, KEMUNING, KOTA PALEMBANG, SUMATERA SELATAN",7,57,82,139
https://kawalpemilu.org#20589,"PAHLAWAN, KEMUNING, KOTA PALEMBANG, SUMATERA SELATAN",8,50,93,143
https://kawalpemilu.org#20589,"PAHLAWAN, KEMUNING, KOTA PALEMBANG, SUMATERA SELATAN",9,49,75,124
https://kawalpemilu.org#20589,"PAHLAWAN, KEMUNING, KOTA PALEMBANG, SUMATERA SELATAN",10,46,84,130
https://kawalpemilu.org#20589,"PAHLAWAN, KEMUNING, KOTA PALEMBANG, SUMATERA SELATAN",11,61,72,133
https://kawalpemilu.org#20589,"PAHLAWAN, KEMUNING, KOTA PALEMBANG, SUMATERA SELATAN",12,105,76,181
https://kawalpemilu.org#20589,"PAHLAWAN, KEMUNING, KOTA PALEMBANG, SUMATERA SELATAN",15,163,45,208
https://kawalpemilu.org#20589,"PAHLAWAN, KEMUNING, KOTA PALEMBANG, SUMATERA SELATAN",16,107,77,184
https://kawalpemilu.org#20589,"PAHLAWAN, KEMUNING, KOTA PALEMBANG, SUMATERA SELATAN",17,133,88,221
https://kawalpemilu.org#20589,"PAHLAWAN, KEMUNING, KOTA PALEMBANG, SUMATERA SELATAN",18,80,192,272
https://kawalpemilu.org#20589,"PAHLAWAN, KEMUNING, KOTA PALEMBANG, SUMATERA SELATAN",19,141,65,206
https://kawalpemilu.org#20589,"PAHLAWAN, KEMUNING, KOTA PALEMBANG, SUMATERA SELATAN",20,128,63,191
https://kawalpemilu.org#20589,"PAHLAWAN, KEMUNING, KOTA PALEMBANG, SUMATERA SELATAN",21,60,95,155
https://kawalpemilu.org#20589,"PAHLAWAN, KEMUNING, KOTA PALEMBANG, SUMATERA SELATAN",22,73,113,186
https://kawalpemilu.org#20589,"PAHLAWAN, KEMUNING, KOTA PALEMBANG, SUMATERA SELATAN",23,84,171,255
https://kawalpemilu.org#20589,"PAHLAWAN, KEMUNING, KOTA PALEMBANG, SUMATERA SELATAN",24,80,76,156
https://kawalpemilu.org#20589,"PAHLAWAN, KEMUNING, KOTA PALEMBANG, SUMATERA SELATAN",25,68,96,164
https://kawalpemilu.org#20589,"PAHLAWAN, KEMUNING, KOTA PALEMBANG, SUMATERA SELATAN",27,49,95,144
https://kawalpemilu.org#20589,"PAHLAWAN, KEMUNING, KOTA PALEMBANG, SUMATERA SELATAN",28,65,141,206
https://kawalpemilu.org#20589,"PAHLAWAN, KEMUNING, KOTA PALEMBANG, SUMATERA SELATAN",29,68,126,194
https://kawalpemilu.org#20589,"PAHLAWAN, KEMUNING, KOTA PALEMBANG, SUMATERA SELATAN",30,60,124,184
https://kawalpemilu.org#20589,"PAHLAWAN, KEMUNING, KOTA PALEMBANG, SUMATERA SELATAN",31,53,136,189
https://kawalpemilu.org#20589,"PAHLAWAN, KEMUNING, KOTA PALEMBANG, SUMATERA SELATAN",32,117,95,212
https://kawalpemilu.org#20589,"PAHLAWAN, KEMUNING, KOTA PALEMBANG, SUMATERA SELATAN",33,92,114,206
https://kawalpemilu.org#20589,"PAHLAWAN, KEMUNING, KOTA PALEMBANG, SUMATERA SELATAN",35,103,60,163
https://kawalpemilu.org#20590,"PIPA REJA, KEMUNING, KOTA PALEMBANG, SUMATERA SELATAN",1,71,115,186
https://kawalpemilu.org#20590,"PIPA REJA, KEMUNING, KOTA PALEMBANG, SUMATERA SELATAN",2,69,147,216
https://kawalpemilu.org#20590,"PIPA REJA, KEMUNING, KOTA PALEMBANG, SUMATERA SELATAN",3,115,158,273
https://kawalpemilu.org#20590,"PIPA REJA, KEMUNING, KOTA PALEMBANG, SUMATERA SELATAN",4,72,124,196
https://kawalpemilu.org#20590,"PIPA REJA, KEMUNING, KOTA PALEMBANG, SUMATERA SELATAN",5,50,133,183
https://kawalpemilu.org#20590,"PIPA REJA, KEMUNING, KOTA PALEMBANG, SUMATERA SELATAN",6,71,183,254
https://kawalpemilu.org#20590,"PIPA REJA, KEMUNING, KOTA PALEMBANG, SUMATERA SELATAN",7,49,186,235
https://kawalpemilu.org#20590,"PIPA REJA, KEMUNING, KOTA PALEMBANG, SUMATERA SELATAN",8,93,120,213
https://kawalpemilu.org#20590,"PIPA REJA, KEMUNING, KOTA PALEMBANG, SUMATERA SELATAN",9,89,144,233
https://kawalpemilu.org#20590,"PIPA REJA, KEMUNING, KOTA PALEMBANG, SUMATERA SELATAN",10,81,163,244
https://kawalpemilu.org#20590,"PIPA REJA, KEMUNING, KOTA PALEMBANG, SUMATERA SELATAN",11,65,179,244
https://kawalpemilu.org#20590,"PIPA REJA, KEMUNING, KOTA PALEMBANG, SUMATERA SELATAN",12,51,137,188
https://kawalpemilu.org#20590,"PIPA REJA, KEMUNING, KOTA PALEMBANG, SUMATERA SELATAN",13,76,171,247
https://kawalpemilu.org#20590,"PIPA REJA, KEMUNING, KOTA PALEMBANG, SUMATERA SELATAN",14,76,160,236
https://kawalpemilu.org#20590,"PIPA REJA, KEMUNING, KOTA PALEMBANG, SUMATERA SELATAN",15,58,164,222
https://kawalpemilu.org#20590,"PIPA REJA, KEMUNING, KOTA PALEMBANG, SUMATERA SELATAN",16,73,163,236
https://kawalpemilu.org#20590,"PIPA REJA, KEMUNING, KOTA PALEMBANG, SUMATERA SELATAN",17,99,177,276
https://kawalpemilu.org#20590,"PIPA REJA, KEMUNING, KOTA PALEMBANG, SUMATERA SELATAN",18,59,185,244
https://kawalpemilu.org#20590,"PIPA REJA, KEMUNING, KOTA PALEMBANG, SUMATERA SELATAN",19,90,156,246
https://kawalpemilu.org#20590,"PIPA REJA, KEMUNING, KOTA PALEMBANG, SUMATERA SELATAN",20,48,171,219
https://kawalpemilu.org#20590,"PIPA REJA, KEMUNING, KOTA PALEMBANG, SUMATERA SELATAN",21,61,156,217
https://kawalpemilu.org#20590,"PIPA REJA, KEMUNING, KOTA PALEMBANG, SUMATERA SELATAN",22,60,150,210
https://kawalpemilu.org#20590,"PIPA REJA, KEMUNING, KOTA PALEMBANG, SUMATERA SELATAN",23,65,172,237
https://kawalpemilu.org#20590,"PIPA REJA, KEMUNING, KOTA PALEMBANG, SUMATERA SELATAN",24,72,149,221
https://kawalpemilu.org#20590,"PIPA REJA, KEMUNING, KOTA PALEMBANG, SUMATERA SELATAN",25,83,155,238
https://kawalpemilu.org#20590,"PIPA REJA, KEMUNING, KOTA PALEMBANG, SUMATERA SELATAN",26,103,157,260
https://kawalpemilu.org#20590,"PIPA REJA, KEMUNING, KOTA PALEMBANG, SUMATERA SELATAN",27,77,132,209
https://kawalpemilu.org#20590,"PIPA REJA, KEMUNING, KOTA PALEMBANG, SUMATERA SELATAN",28,61,161,222
https://kawalpemilu.org#20590,"PIPA REJA, KEMUNING, KOTA PALEMBANG, SUMATERA SELATAN",29,47,158,205
https://kawalpemilu.org#20590,"PIPA REJA, KEMUNING, KOTA PALEMBANG, SUMATERA SELATAN",30,95,157,252
https://kawalpemilu.org#20590,"PIPA REJA, KEMUNING, KOTA PALEMBANG, SUMATERA SELATAN",31,43,102,145
https://kawalpemilu.org#20590,"PIPA REJA, KEMUNING, KOTA PALEMBANG, SUMATERA SELATAN",32,113,124,237
https://kawalpemilu.org#20590,"PIPA REJA, KEMUNING, KOTA PALEMBANG, SUMATERA SELATAN",33,88,133,221
https://kawalpemilu.org#20590,"PIPA REJA, KEMUNING, KOTA PALEMBANG, SUMATERA SELATAN",34,70,138,208
https://kawalpemilu.org#20590,"PIPA REJA, KEMUNING, KOTA PALEMBANG, SUMATERA SELATAN",35,82,161,243
https://kawalpemilu.org#20590,"PIPA REJA, KEMUNING, KOTA PALEMBANG, SUMATERA SELATAN",36,96,153,249
https://kawalpemilu.org#20590,"PIPA REJA, KEMUNING, KOTA PALEMBANG, SUMATERA SELATAN",37,72,167,239
https://kawalpemilu.org#20590,"PIPA REJA, KEMUNING, KOTA PALEMBANG, SUMATERA SELATAN",38,78,134,212
https://kawalpemilu.org#20590,"PIPA REJA, KEMUNING, KOTA PALEMBANG, SUMATERA SELATAN",39,53,99,152
https://kawalpemilu.org#20590,"PIPA REJA, KEMUNING, KOTA PALEMBANG, SUMATERA SELATAN",40,50,140,190
https://kawalpemilu.org#20590,"PIPA REJA, KEMUNING, KOTA PALEMBANG, SUMATERA SELATAN",41,53,116,169
https://kawalpemilu.org#20590,"PIPA REJA, KEMUNING, KOTA PALEMBANG, SUMATERA SELATAN",42,67,149,216
https://kawalpemilu.org#20590,"PIPA REJA, KEMUNING, KOTA PALEMBANG, SUMATERA SELATAN",43,54,129,183
https://kawalpemilu.org#20590,"PIPA REJA, KEMUNING, KOTA PALEMBANG, SUMATERA SELATAN",44,86,159,245
https://kawalpemilu.org#20590,"PIPA REJA, KEMUNING, KOTA PALEMBANG, SUMATERA SELATAN",45,98,135,233
https://kawalpemilu.org#20590,"PIPA REJA, KEMUNING, KOTA PALEMBANG, SUMATERA SELATAN",46,91,103,194
https://kawalpemilu.org#20591,"TALANG AMAN, KEMUNING, KOTA PALEMBANG, SUMATERA SELATAN",1,69,47,116
https://kawalpemilu.org#20591,"TALANG AMAN, KEMUNING, KOTA PALEMBANG, SUMATERA SELATAN",2,66,52,118
https://kawalpemilu.org#20591,"TALANG AMAN, KEMUNING, KOTA PALEMBANG, SUMATERA SELATAN",3,31,120,151
https://kawalpemilu.org#20591,"TALANG AMAN, KEMUNING, KOTA PALEMBANG, SUMATERA SELATAN",4,32,128,160
https://kawalpemilu.org#20591,"TALANG AMAN, KEMUNING, KOTA PALEMBANG, SUMATERA SELATAN",5,45,102,147
https://kawalpemilu.org#20591,"TALANG AMAN, KEMUNING, KOTA PALEMBANG, SUMATERA SELATAN",6,87,129,216
https://kawalpemilu.org#20591,"TALANG AMAN, KEMUNING, KOTA PALEMBANG, SUMATERA SELATAN",7,59,84,143
https://kawalpemilu.org#20591,"TALANG AMAN, KEMUNING, KOTA PALEMBANG, SUMATERA SELATAN",8,67,94,161
https://kawalpemilu.org#20591,"TALANG AMAN, KEMUNING, KOTA PALEMBANG, SUMATERA SELATAN",9,50,106,156
https://kawalpemilu.org#20591,"TALANG AMAN, KEMUNING, KOTA PALEMBANG, SUMATERA SELATAN",10,55,80,135
https://kawalpemilu.org#20591,"TALANG AMAN, KEMUNING, KOTA PALEMBANG, SUMATERA SELATAN",11,58,97,155
https://kawalpemilu.org#20591,"TALANG AMAN, KEMUNING, KOTA PALEMBANG, SUMATERA SELATAN",12,33,97,130
https://kawalpemilu.org#20591,"TALANG AMAN, KEMUNING, KOTA PALEMBANG, SUMATERA SELATAN",13,73,124,197
https://kawalpemilu.org#20591,"TALANG AMAN, KEMUNING, KOTA PALEMBANG, SUMATERA SELATAN",14,95,105,200
https://kawalpemilu.org#20591,"TALANG AMAN, KEMUNING, KOTA PALEMBANG, SUMATERA SELATAN",15,75,82,157
https://kawalpemilu.org#20591,"TALANG AMAN, KEMUNING, KOTA PALEMBANG, SUMATERA SELATAN",16,64,131,195
https://kawalpemilu.org#20591,"TALANG AMAN, KEMUNING, KOTA PALEMBANG, SUMATERA SELATAN",17,52,99,151
https://kawalpemilu.org#20591,"TALANG AMAN, KEMUNING, KOTA PALEMBANG, SUMATERA SELATAN",18,46,155,201
https://kawalpemilu.org#20591,"TALANG AMAN, KEMUNING, KOTA PALEMBANG, SUMATERA SELATAN",19,131,132,263
https://kawalpemilu.org#20591,"TALANG AMAN, KEMUNING, KOTA PALEMBANG, SUMATERA SELATAN",20,65,77,142
https://kawalpemilu.org#20591,"TALANG AMAN, KEMUNING, KOTA PALEMBANG, SUMATERA SELATAN",23,71,133,204
https://kawalpemilu.org#20591,"TALANG AMAN, KEMUNING, KOTA PALEMBANG, SUMATERA SELATAN",25,33,139,172
https://kawalpemilu.org#20591,"TALANG AMAN, KEMUNING, KOTA PALEMBANG, SUMATERA SELATAN",27,56,125,181
https://kawalpemilu.org#20591,"TALANG AMAN, KEMUNING, KOTA PALEMBANG, SUMATERA SELATAN",28,82,170,252
https://kawalpemilu.org#20591,"TALANG AMAN, KEMUNING, KOTA PALEMBANG, SUMATERA SELATAN",29,27,109,136
https://kawalpemilu.org#20591,"TALANG AMAN, KEMUNING, KOTA PALEMBANG, SUMATERA SELATAN",30,37,99,136
https://kawalpemilu.org#20591,"TALANG AMAN, KEMUNING, KOTA PALEMBANG, SUMATERA SELATAN",37,61,88,149
https://kawalpemilu.org#20591,"TALANG AMAN, KEMUNING, KOTA PALEMBANG, SUMATERA SELATAN",38,72,103,175
https://kawalpemilu.org#20591,"TALANG AMAN, KEMUNING, KOTA PALEMBANG, SUMATERA SELATAN",41,31,93,124
https://kawalpemilu.org#20591,"TALANG AMAN, KEMUNING, KOTA PALEMBANG, SUMATERA SELATAN",42,35,81,116
https://kawalpemilu.org#20591,"TALANG AMAN, KEMUNING, KOTA PALEMBANG, SUMATERA SELATAN",43,33,109,142
https://kawalpemilu.org#20593,"BUKIT SANGKAL, KALIDONI, KOTA PALEMBANG, SUMATERA SELATAN",1,69,63,132
https://kawalpemilu.org#20593,"BUKIT SANGKAL, KALIDONI, KOTA PALEMBANG, SUMATERA SELATAN",2,79,50,129
https://kawalpemilu.org#20593,"BUKIT SANGKAL, KALIDONI, KOTA PALEMBANG, SUMATERA SELATAN",3,130,82,212
https://kawalpemilu.org#20593,"BUKIT SANGKAL, KALIDONI, KOTA PALEMBANG, SUMATERA SELATAN",4,135,71,206
https://kawalpemilu.org#20593,"BUKIT SANGKAL, KALIDONI, KOTA PALEMBANG, SUMATERA SELATAN",5,94,51,145
https://kawalpemilu.org#20593,"BUKIT SANGKAL, KALIDONI, KOTA PALEMBANG, SUMATERA SELATAN",6,75,81,156
https://kawalpemilu.org#20593,"BUKIT SANGKAL, KALIDONI, KOTA PALEMBANG, SUMATERA SELATAN",7,56,94,150
https://kawalpemilu.org#20593,"BUKIT SANGKAL, KALIDONI, KOTA PALEMBANG, SUMATERA SELATAN",8,39,92,131
https://kawalpemilu.org#20593,"BUKIT SANGKAL, KALIDONI, KOTA PALEMBANG, SUMATERA SELATAN",9,127,55,182
https://kawalpemilu.org#20593,"BUKIT SANGKAL, KALIDONI, KOTA PALEMBANG, SUMATERA SELATAN",10,133,52,185
https://kawalpemilu.org#20593,"BUKIT SANGKAL, KALIDONI, KOTA PALEMBANG, SUMATERA SELATAN",11,126,70,196
https://kawalpemilu.org#20593,"BUKIT SANGKAL, KALIDONI, KOTA PALEMBANG, SUMATERA SELATAN",12,100,37,137
https://kawalpemilu.org#20593,"BUKIT SANGKAL, KALIDONI, KOTA PALEMBANG, SUMATERA SELATAN",13,160,77,237
https://kawalpemilu.org#20593,"BUKIT SANGKAL, KALIDONI, KOTA PALEMBANG, SUMATERA SELATAN",14,109,50,159
https://kawalpemilu.org#20593,"BUKIT SANGKAL, KALIDONI, KOTA PALEMBANG, SUMATERA SELATAN",15,160,34,194
https://kawalpemilu.org#20593,"BUKIT SANGKAL, KALIDONI, KOTA PALEMBANG, SUMATERA SELATAN",16,101,32,133
https://kawalpemilu.org#20593,"BUKIT SANGKAL, KALIDONI, KOTA PALEMBANG, SUMATERA SELATAN",17,114,23,137
https://kawalpemilu.org#20593,"BUKIT SANGKAL, KALIDONI, KOTA PALEMBANG, SUMATERA SELATAN",18,82,172,254
https://kawalpemilu.org#20593,"BUKIT SANGKAL, KALIDONI, KOTA PALEMBANG, SUMATERA SELATAN",19,118,94,212
https://kawalpemilu.org#20593,"BUKIT SANGKAL, KALIDONI, KOTA PALEMBANG, SUMATERA SELATAN",20,97,132,229
https://kawalpemilu.org#20593,"BUKIT SANGKAL, KALIDONI, KOTA PALEMBANG, SUMATERA SELATAN",21,107,115,222
https://kawalpemilu.org#20593,"BUKIT SANGKAL, KALIDONI, KOTA PALEMBANG, SUMATERA SELATAN",22,54,136,190
https://kawalpemilu.org#20593,"BUKIT SANGKAL, KALIDONI, KOTA PALEMBANG, SUMATERA SELATAN",23,63,133,196
https://kawalpemilu.org#20593,"BUKIT SANGKAL, KALIDONI, KOTA PALEMBANG, SUMATERA SELATAN",24,48,107,155
https://kawalpemilu.org#20593,"BUKIT SANGKAL, KALIDONI, KOTA PALEMBANG, SUMATERA SELATAN",25,58,85,143
https://kawalpemilu.org#20593,"BUKIT SANGKAL, KALIDONI, KOTA PALEMBANG, SUMATERA SELATAN",26,83,126,209
https://kawalpemilu.org#20593,"BUKIT SANGKAL, KALIDONI, KOTA PALEMBANG, SUMATERA SELATAN",27,60,131,191
https://kawalpemilu.org#20593,"BUKIT SANGKAL, KALIDONI, KOTA PALEMBANG, SUMATERA SELATAN",28,106,165,271
https://kawalpemilu.org#20593,"BUKIT SANGKAL, KALIDONI, KOTA PALEMBANG, SUMATERA SELATAN",29,77,136,213
https://kawalpemilu.org#20593,"BUKIT SANGKAL, KALIDONI, KOTA PALEMBANG, SUMATERA SELATAN",30,77,161,238
https://kawalpemilu.org#20593,"BUKIT SANGKAL, KALIDONI, KOTA PALEMBANG, SUMATERA SELATAN",31,72,143,215
https://kawalpemilu.org#20593,"BUKIT SANGKAL, KALIDONI, KOTA PALEMBANG, SUMATERA SELATAN",32,95,145,240
https://kawalpemilu.org#20593,"BUKIT SANGKAL, KALIDONI, KOTA PALEMBANG, SUMATERA SELATAN",33,107,79,186
https://kawalpemilu.org#20593,"BUKIT SANGKAL, KALIDONI, KOTA PALEMBANG, SUMATERA SELATAN",34,67,146,213
https://kawalpemilu.org#20593,"BUKIT SANGKAL, KALIDONI, KOTA PALEMBANG, SUMATERA SELATAN",35,84,111,195
https://kawalpemilu.org#20593,"BUKIT SANGKAL, KALIDONI, KOTA PALEMBANG, SUMATERA SELATAN",36,80,119,199
https://kawalpemilu.org#20593,"BUKIT SANGKAL, KALIDONI, KOTA PALEMBANG, SUMATERA SELATAN",37,62,124,186
https://kawalpemilu.org#20593,"BUKIT SANGKAL, KALIDONI, KOTA PALEMBANG, SUMATERA SELATAN",39,75,134,209
https://kawalpemilu.org#20593,"BUKIT SANGKAL, KALIDONI, KOTA PALEMBANG, SUMATERA SELATAN",41,85,125,210
https://kawalpemilu.org#20593,"BUKIT SANGKAL, KALIDONI, KOTA PALEMBANG, SUMATERA SELATAN",42,63,129,192
https://kawalpemilu.org#20593,"BUKIT SANGKAL, KALIDONI, KOTA PALEMBANG, SUMATERA SELATAN",43,66,133,199
https://kawalpemilu.org#20593,"BUKIT SANGKAL, KALIDONI, KOTA PALEMBANG, SUMATERA SELATAN",44,75,149,224
https://kawalpemilu.org#20593,"BUKIT SANGKAL, KALIDONI, KOTA PALEMBANG, SUMATERA SELATAN",45,72,104,176
https://kawalpemilu.org#20593,"BUKIT SANGKAL, KALIDONI, KOTA PALEMBANG, SUMATERA SELATAN",46,39,56,95
https://kawalpemilu.org#20593,"BUKIT SANGKAL, KALIDONI, KOTA PALEMBANG, SUMATERA SELATAN",47,51,101,152
https://kawalpemilu.org#20593,"BUKIT SANGKAL, KALIDONI, KOTA PALEMBANG, SUMATERA SELATAN",48,57,100,157
https://kawalpemilu.org#20593,"BUKIT SANGKAL, KALIDONI, KOTA PALEMBANG, SUMATERA SELATAN",49,75,109,184
https://kawalpemilu.org#20593,"BUKIT SANGKAL, KALIDONI, KOTA PALEMBANG, SUMATERA SELATAN",50,51,134,185
https://kawalpemilu.org#20593,"BUKIT SANGKAL, KALIDONI, KOTA PALEMBANG, SUMATERA SELATAN",51,54,129,183
https://kawalpemilu.org#20593,"BUKIT SANGKAL, KALIDONI, KOTA PALEMBANG, SUMATERA SELATAN",52,61,100,161
https://kawalpemilu.org#20593,"BUKIT SANGKAL, KALIDONI, KOTA PALEMBANG, SUMATERA SELATAN",53,64,110,174
https://kawalpemilu.org#20593,"BUKIT SANGKAL, KALIDONI, KOTA PALEMBANG, SUMATERA SELATAN",54,63,93,156
https://kawalpemilu.org#20593,"BUKIT SANGKAL, KALIDONI, KOTA PALEMBANG, SUMATERA SELATAN",57,65,84,149
https://kawalpemilu.org#20593,"BUKIT SANGKAL, KALIDONI, KOTA PALEMBANG, SUMATERA SELATAN",58,46,67,113
https://kawalpemilu.org#20593,"BUKIT SANGKAL, KALIDONI, KOTA PALEMBANG, SUMATERA SELATAN",59,64,94,158
https://kawalpemilu.org#20593,"BUKIT SANGKAL, KALIDONI, KOTA PALEMBANG, SUMATERA SELATAN",60,43,53,96
https://kawalpemilu.org#20593,"BUKIT SANGKAL, KALIDONI, KOTA PALEMBANG, SUMATERA SELATAN",61,78,121,199
https://kawalpemilu.org#20593,"BUKIT SANGKAL, KALIDONI, KOTA PALEMBANG, SUMATERA SELATAN",62,86,116,202
https://kawalpemilu.org#20593,"BUKIT SANGKAL, KALIDONI, KOTA PALEMBANG, SUMATERA SELATAN",63,66,115,181
https://kawalpemilu.org#20593,"BUKIT SANGKAL, KALIDONI, KOTA PALEMBANG, SUMATERA SELATAN",64,67,92,159
https://kawalpemilu.org#20593,"BUKIT SANGKAL, KALIDONI, KOTA PALEMBANG, SUMATERA SELATAN",65,73,113,186
https://kawalpemilu.org#20593,"BUKIT SANGKAL, KALIDONI, KOTA PALEMBANG, SUMATERA SELATAN",66,77,73,150
https://kawalpemilu.org#20593,"BUKIT SANGKAL, KALIDONI, KOTA PALEMBANG, SUMATERA SELATAN",69,69,30,99
https://kawalpemilu.org#20593,"BUKIT SANGKAL, KALIDONI, KOTA PALEMBANG, SUMATERA SELATAN",70,39,104,143
https://kawalpemilu.org#20593,"BUKIT SANGKAL, KALIDONI, KOTA PALEMBANG, SUMATERA SELATAN",71,25,61,86
https://kawalpemilu.org#20593,"BUKIT SANGKAL, KALIDONI, KOTA PALEMBANG, SUMATERA SELATAN",72,78,63,141
https://kawalpemilu.org#20593,"BUKIT SANGKAL, KALIDONI, KOTA PALEMBANG, SUMATERA SELATAN",73,112,60,172
https://kawalpemilu.org#20593,"BUKIT SANGKAL, KALIDONI, KOTA PALEMBANG, SUMATERA SELATAN",74,89,67,156
https://kawalpemilu.org#20593,"BUKIT SANGKAL, KALIDONI, KOTA PALEMBANG, SUMATERA SELATAN",75,172,13,185
https://kawalpemilu.org#20593,"BUKIT SANGKAL, KALIDONI, KOTA PALEMBANG, SUMATERA SELATAN",76,209,33,242
https://kawalpemilu.org#20593,"BUKIT SANGKAL, KALIDONI, KOTA PALEMBANG, SUMATERA SELATAN",77,49,92,141
https://kawalpemilu.org#20593,"BUKIT SANGKAL, KALIDONI, KOTA PALEMBANG, SUMATERA SELATAN",78,60,133,193
https://kawalpemilu.org#20593,"BUKIT SANGKAL, KALIDONI, KOTA PALEMBANG, SUMATERA SELATAN",79,41,94,135
https://kawalpemilu.org#20593,"BUKIT SANGKAL, KALIDONI, KOTA PALEMBANG, SUMATERA SELATAN",80,70,146,216
https://kawalpemilu.org#20593,"BUKIT SANGKAL, KALIDONI, KOTA PALEMBANG, SUMATERA SELATAN",81,59,164,223
https://kawalpemilu.org#20593,"BUKIT SANGKAL, KALIDONI, KOTA PALEMBANG, SUMATERA SELATAN",82,85,111,196
https://kawalpemilu.org#20593,"BUKIT SANGKAL, KALIDONI, KOTA PALEMBANG, SUMATERA SELATAN",83,93,116,209
https://kawalpemilu.org#20593,"BUKIT SANGKAL, KALIDONI, KOTA PALEMBANG, SUMATERA SELATAN",84,57,89,146
https://kawalpemilu.org#20593,"BUKIT SANGKAL, KALIDONI, KOTA PALEMBANG, SUMATERA SELATAN",86,68,115,183
https://kawalpemilu.org#20593,"BUKIT SANGKAL, KALIDONI, KOTA PALEMBANG, SUMATERA SELATAN",87,102,133,235
https://kawalpemilu.org#20593,"BUKIT SANGKAL, KALIDONI, KOTA PALEMBANG, SUMATERA SELATAN",88,68,96,164
https://kawalpemilu.org#20593,"BUKIT SANGKAL, KALIDONI, KOTA PALEMBANG, SUMATERA SELATAN",89,71,80,151
https://kawalpemilu.org#20593,"BUKIT SANGKAL, KALIDONI, KOTA PALEMBANG, SUMATERA SELATAN",90,60,78,138
https://kawalpemilu.org#20593,"BUKIT SANGKAL, KALIDONI, KOTA PALEMBANG, SUMATERA SELATAN",91,69,117,186
https://kawalpemilu.org#20593,"BUKIT SANGKAL, KALIDONI, KOTA PALEMBANG, SUMATERA SELATAN",92,50,113,163
https://kawalpemilu.org#20593,"BUKIT SANGKAL, KALIDONI, KOTA PALEMBANG, SUMATERA SELATAN",93,57,110,167
https://kawalpemilu.org#20593,"BUKIT SANGKAL, KALIDONI, KOTA PALEMBANG, SUMATERA SELATAN",94,87,48,135
https://kawalpemilu.org#20593,"BUKIT SANGKAL, KALIDONI, KOTA PALEMBANG, SUMATERA SELATAN",95,132,91,223
https://kawalpemilu.org#20594,"KALIDONI, KALIDONI, KOTA PALEMBANG, SUMATERA SELATAN",1,92,146,238
https://kawalpemilu.org#20594,"KALIDONI, KALIDONI, KOTA PALEMBANG, SUMATERA SELATAN",3,47,124,171
https://kawalpemilu.org#20594,"KALIDONI, KALIDONI, KOTA PALEMBANG, SUMATERA SELATAN",4,72,138,210
https://kawalpemilu.org#20594,"KALIDONI, KALIDONI, KOTA PALEMBANG, SUMATERA SELATAN",5,82,168,250
https://kawalpemilu.org#20594,"KALIDONI, KALIDONI, KOTA PALEMBANG, SUMATERA SELATAN",6,51,158,209
https://kawalpemilu.org#20594,"KALIDONI, KALIDONI, KOTA PALEMBANG, SUMATERA SELATAN",7,65,108,173
https://kawalpemilu.org#20594,"KALIDONI, KALIDONI, KOTA PALEMBANG, SUMATERA SELATAN",8,85,182,267
https://kawalpemilu.org#20594,"KALIDONI, KALIDONI, KOTA PALEMBANG, SUMATERA SELATAN",9,91,137,228
https://kawalpemilu.org#20594,"KALIDONI, KALIDONI, KOTA PALEMBANG, SUMATERA SELATAN",12,89,186,275
https://kawalpemilu.org#20594,"KALIDONI, KALIDONI, KOTA PALEMBANG, SUMATERA SELATAN",13,13,177,190
https://kawalpemilu.org#20594,"KALIDONI, KALIDONI, KOTA PALEMBANG, SUMATERA SELATAN",14,74,178,252
https://kawalpemilu.org#20594,"KALIDONI, KALIDONI, KOTA PALEMBANG, SUMATERA SELATAN",15,43,167,210
https://kawalpemilu.org#20594,"KALIDONI, KALIDONI, KOTA PALEMBANG, SUMATERA SELATAN",16,70,160,230
https://kawalpemilu.org#20594,"KALIDONI, KALIDONI, KOTA PALEMBANG, SUMATERA SELATAN",19,66,138,204
https://kawalpemilu.org#20594,"KALIDONI, KALIDONI, KOTA PALEMBANG, SUMATERA SELATAN",22,85,218,303
https://kawalpemilu.org#20594,"KALIDONI, KALIDONI, KOTA PALEMBANG, SUMATERA SELATAN",26,66,166,232
https://kawalpemilu.org#20594,"KALIDONI, KALIDONI, KOTA PALEMBANG, SUMATERA SELATAN",27,48,126,174
https://kawalpemilu.org#20594,"KALIDONI, KALIDONI, KOTA PALEMBANG, SUMATERA SELATAN",30,60,175,235
https://kawalpemilu.org#20594,"KALIDONI, KALIDONI, KOTA PALEMBANG, SUMATERA SELATAN",31,67,176,243
https://kawalpemilu.org#20594,"KALIDONI, KALIDONI, KOTA PALEMBANG, SUMATERA SELATAN",36,67,147,214
https://kawalpemilu.org#20594,"KALIDONI, KALIDONI, KOTA PALEMBANG, SUMATERA SELATAN",37,67,155,222
https://kawalpemilu.org#20594,"KALIDONI, KALIDONI, KOTA PALEMBANG, SUMATERA SELATAN",39,127,176,303
https://kawalpemilu.org#20594,"KALIDONI, KALIDONI, KOTA PALEMBANG, SUMATERA SELATAN",40,53,185,238
https://kawalpemilu.org#20594,"KALIDONI, KALIDONI, KOTA PALEMBANG, SUMATERA SELATAN",41,99,120,219
https://kawalpemilu.org#20594,"KALIDONI, KALIDONI, KOTA PALEMBANG, SUMATERA SELATAN",42,63,150,213
https://kawalpemilu.org#20594,"KALIDONI, KALIDONI, KOTA PALEMBANG, SUMATERA SELATAN",44,57,115,172
https://kawalpemilu.org#20594,"KALIDONI, KALIDONI, KOTA PALEMBANG, SUMATERA SELATAN",46,55,159,214
https://kawalpemilu.org#20594,"KALIDONI, KALIDONI, KOTA PALEMBANG, SUMATERA SELATAN",47,78,97,175
https://kawalpemilu.org#20594,"KALIDONI, KALIDONI, KOTA PALEMBANG, SUMATERA SELATAN",48,72,132,204
https://kawalpemilu.org#20594,"KALIDONI, KALIDONI, KOTA PALEMBANG, SUMATERA SELATAN",49,105,142,247
https://kawalpemilu.org#20594,"KALIDONI, KALIDONI, KOTA PALEMBANG, SUMATERA SELATAN",57,37,91,128
https://kawalpemilu.org#20594,"KALIDONI, KALIDONI, KOTA PALEMBANG, SUMATERA SELATAN",58,60,155,215
https://kawalpemilu.org#20594,"KALIDONI, KALIDONI, KOTA PALEMBANG, SUMATERA SELATAN",61,68,69,137
https://kawalpemilu.org#20594,"KALIDONI, KALIDONI, KOTA PALEMBANG, SUMATERA SELATAN",62,95,87,182
https://kawalpemilu.org#20594,"KALIDONI, KALIDONI, KOTA PALEMBANG, SUMATERA SELATAN",65,80,167,247
https://kawalpemilu.org#20594,"KALIDONI, KALIDONI, KOTA PALEMBANG, SUMATERA SELATAN",67,53,172,225
https://kawalpemilu.org#20594,"KALIDONI, KALIDONI, KOTA PALEMBANG, SUMATERA SELATAN",71,97,97,194
https://kawalpemilu.org#20594,"KALIDONI, KALIDONI, KOTA PALEMBANG, SUMATERA SELATAN",72,47,97,144
https://kawalpemilu.org#20595,"SEI SELAYUR, KALIDONI, KOTA PALEMBANG, SUMATERA SELATAN",1,61,156,217
https://kawalpemilu.org#20595,"SEI SELAYUR, KALIDONI, KOTA PALEMBANG, SUMATERA SELATAN",2,75,123,198
https://kawalpemilu.org#20595,"SEI SELAYUR, KALIDONI, KOTA PALEMBANG, SUMATERA SELATAN",4,81,150,231
https://kawalpemilu.org#20595,"SEI SELAYUR, KALIDONI, KOTA PALEMBANG, SUMATERA SELATAN",5,61,136,197
https://kawalpemilu.org#20595,"SEI SELAYUR, KALIDONI, KOTA PALEMBANG, SUMATERA SELATAN",6,78,174,252
https://kawalpemilu.org#20595,"SEI SELAYUR, KALIDONI, KOTA PALEMBANG, SUMATERA SELATAN",7,84,139,223
https://kawalpemilu.org#20595,"SEI SELAYUR, KALIDONI, KOTA PALEMBANG, SUMATERA SELATAN",8,57,175,232
https://kawalpemilu.org#20595,"SEI SELAYUR, KALIDONI, KOTA PALEMBANG, SUMATERA SELATAN",9,72,153,225
https://kawalpemilu.org#20595,"SEI SELAYUR, KALIDONI, KOTA PALEMBANG, SUMATERA SELATAN",10,79,141,220
https://kawalpemilu.org#20595,"SEI SELAYUR, KALIDONI, KOTA PALEMBANG, SUMATERA SELATAN",14,74,178,252
https://kawalpemilu.org#20595,"SEI SELAYUR, KALIDONI, KOTA PALEMBANG, SUMATERA SELATAN",15,43,167,210
https://kawalpemilu.org#20595,"SEI SELAYUR, KALIDONI, KOTA PALEMBANG, SUMATERA SELATAN",16,70,160,230
https://kawalpemilu.org#20595,"SEI SELAYUR, KALIDONI, KOTA PALEMBANG, SUMATERA SELATAN",17,91,154,254
https://kawalpemilu.org#20595,"SEI SELAYUR, KALIDONI, KOTA PALEMBANG, SUMATERA SELATAN",18,95,143,238
https://kawalpemilu.org#20595,"SEI SELAYUR, KALIDONI, KOTA PALEMBANG, SUMATERA SELATAN",19,61,137,198
https://kawalpemilu.org#20595,"SEI SELAYUR, KALIDONI, KOTA PALEMBANG, SUMATERA SELATAN",20,89,164,253
https://kawalpemilu.org#20595,"SEI SELAYUR, KALIDONI, KOTA PALEMBANG, SUMATERA SELATAN",21,60,138,198
https://kawalpemilu.org#20595,"SEI SELAYUR, KALIDONI, KOTA PALEMBANG, SUMATERA SELATAN",22,91,138,229
https://kawalpemilu.org#20595,"SEI SELAYUR, KALIDONI, KOTA PALEMBANG, SUMATERA SELATAN",23,100,150,250
https://kawalpemilu.org#20595,"SEI SELAYUR, KALIDONI, KOTA PALEMBANG, SUMATERA SELATAN",25,69,164,233
https://kawalpemilu.org#20595,"SEI SELAYUR, KALIDONI, KOTA PALEMBANG, SUMATERA SELATAN",26,74,177,251
https://kawalpemilu.org#20595,"SEI SELAYUR, KALIDONI, KOTA PALEMBANG, SUMATERA SELATAN",27,111,132,243
https://kawalpemilu.org#20595,"SEI SELAYUR, KALIDONI, KOTA PALEMBANG, SUMATERA SELATAN",28,78,169,247
https://kawalpemilu.org#20595,"SEI SELAYUR, KALIDONI, KOTA PALEMBANG, SUMATERA SELATAN",29,73,189,262
https://kawalpemilu.org#20595,"SEI SELAYUR, KALIDONI, KOTA PALEMBANG, SUMATERA SELATAN",30,71,123,194
https://kawalpemilu.org#20595,"SEI SELAYUR, KALIDONI, KOTA PALEMBANG, SUMATERA SELATAN",31,68,147,215
https://kawalpemilu.org#20595,"SEI SELAYUR, KALIDONI, KOTA PALEMBANG, SUMATERA SELATAN",32,55,139,194
https://kawalpemilu.org#20595,"SEI SELAYUR, KALIDONI, KOTA PALEMBANG, SUMATERA SELATAN",33,69,169,238
https://kawalpemilu.org#20595,"SEI SELAYUR, KALIDONI, KOTA PALEMBANG, SUMATERA SELATAN",34,86,156,242
https://kawalpemilu.org#20595,"SEI SELAYUR, KALIDONI, KOTA PALEMBANG, SUMATERA SELATAN",35,42,117,159
https://kawalpemilu.org#20595,"SEI SELAYUR, KALIDONI, KOTA PALEMBANG, SUMATERA SELATAN",36,93,142,235
https://kawalpemilu.org#20595,"SEI SELAYUR, KALIDONI, KOTA PALEMBANG, SUMATERA SELATAN",37,77,139,216
https://kawalpemilu.org#20595,"SEI SELAYUR, KALIDONI, KOTA PALEMBANG, SUMATERA SELATAN",38,65,161,226
https://kawalpemilu.org#20595,"SEI SELAYUR, KALIDONI, KOTA PALEMBANG, SUMATERA SELATAN",39,69,138,207
https://kawalpemilu.org#20595,"SEI SELAYUR, KALIDONI, KOTA PALEMBANG, SUMATERA SELATAN",40,63,162,225
https://kawalpemilu.org#20595,"SEI SELAYUR, KALIDONI, KOTA PALEMBANG, SUMATERA SELATAN",41,77,144,221
https://kawalpemilu.org#20595,"SEI SELAYUR, KALIDONI, KOTA PALEMBANG, SUMATERA SELATAN",42,59,225,284
https://kawalpemilu.org#20595,"SEI SELAYUR, KALIDONI, KOTA PALEMBANG, SUMATERA SELATAN",44,45,92,137
https://kawalpemilu.org#20595,"SEI SELAYUR, KALIDONI, KOTA PALEMBANG, SUMATERA SELATAN",46,76,141,217
https://kawalpemilu.org#20595,"SEI SELAYUR, KALIDONI, KOTA PALEMBANG, SUMATERA SELATAN",47,67,148,215
https://kawalpemilu.org#20595,"SEI SELAYUR, KALIDONI, KOTA PALEMBANG, SUMATERA SELATAN",48,68,129,197
https://kawalpemilu.org#20595,"SEI SELAYUR, KALIDONI, KOTA PALEMBANG, SUMATERA SELATAN",49,67,80,147
https://kawalpemilu.org#20595,"SEI SELAYUR, KALIDONI, KOTA PALEMBANG, SUMATERA SELATAN",50,57,111,168
https://kawalpemilu.org#20595,"SEI SELAYUR, KALIDONI, KOTA PALEMBANG, SUMATERA SELATAN",51,60,139,199
https://kawalpemilu.org#20596,"SEI SELINCAH, KALIDONI, KOTA PALEMBANG, SUMATERA SELATAN",1,45,140,185
https://kawalpemilu.org#20596,"SEI SELINCAH, KALIDONI, KOTA PALEMBANG, SUMATERA SELATAN",2,31,108,139
https://kawalpemilu.org#20596,"SEI SELINCAH, KALIDONI, KOTA PALEMBANG, SUMATERA SELATAN",3,67,120,187
https://kawalpemilu.org#20596,"SEI SELINCAH, KALIDONI, KOTA PALEMBANG, SUMATERA SELATAN",4,49,119,168
https://kawalpemilu.org#20596,"SEI SELINCAH, KALIDONI, KOTA PALEMBANG, SUMATERA SELATAN",5,64,85,149
https://kawalpemilu.org#20596,"SEI SELINCAH, KALIDONI, KOTA PALEMBANG, SUMATERA SELATAN",6,51,73,124
https://kawalpemilu.org#20596,"SEI SELINCAH, KALIDONI, KOTA PALEMBANG, SUMATERA SELATAN",7,66,144,210
https://kawalpemilu.org#20596,"SEI SELINCAH, KALIDONI, KOTA PALEMBANG, SUMATERA SELATAN",8,44,73,117
https://kawalpemilu.org#20596,"SEI SELINCAH, KALIDONI, KOTA PALEMBANG, SUMATERA SELATAN",9,86,147,233
https://kawalpemilu.org#20596,"SEI SELINCAH, KALIDONI, KOTA PALEMBANG, SUMATERA SELATAN",10,60,108,168
https://kawalpemilu.org#20596,"SEI SELINCAH, KALIDONI, KOTA PALEMBANG, SUMATERA SELATAN",13,39,86,125
https://kawalpemilu.org#20596,"SEI SELINCAH, KALIDONI, KOTA PALEMBANG, SUMATERA SELATAN",14,62,82,144
https://kawalpemilu.org#20596,"SEI SELINCAH, KALIDONI, KOTA PALEMBANG, SUMATERA SELATAN",15,43,86,129
https://kawalpemilu.org#20596,"SEI SELINCAH, KALIDONI, KOTA PALEMBANG, SUMATERA SELATAN",17,61,89,150
https://kawalpemilu.org#20596,"SEI SELINCAH, KALIDONI, KOTA PALEMBANG, SUMATERA SELATAN",18,73,110,183
https://kawalpemilu.org#20596,"SEI SELINCAH, KALIDONI, KOTA PALEMBANG, SUMATERA SELATAN",19,49,99,148
https://kawalpemilu.org#20596,"SEI SELINCAH, KALIDONI, KOTA PALEMBANG, SUMATERA SELATAN",20,71,140,211
https://kawalpemilu.org#20596,"SEI SELINCAH, KALIDONI, KOTA PALEMBANG, SUMATERA SELATAN",22,83,82,165
https://kawalpemilu.org#20596,"SEI SELINCAH, KALIDONI, KOTA PALEMBANG, SUMATERA SELATAN",23,78,160,238
https://kawalpemilu.org#20596,"SEI SELINCAH, KALIDONI, KOTA PALEMBANG, SUMATERA SELATAN",24,70,129,199
https://kawalpemilu.org#20596,"SEI SELINCAH, KALIDONI, KOTA PALEMBANG, SUMATERA SELATAN",25,41,67,108
https://kawalpemilu.org#20596,"SEI SELINCAH, KALIDONI, KOTA PALEMBANG, SUMATERA SELATAN",26,99,177,276
https://kawalpemilu.org#20596,"SEI SELINCAH, KALIDONI, KOTA PALEMBANG, SUMATERA SELATAN",30,43,109,152
https://kawalpemilu.org#20596,"SEI SELINCAH, KALIDONI, KOTA PALEMBANG, SUMATERA SELATAN",31,31,98,129
https://kawalpemilu.org#20596,"SEI SELINCAH, KALIDONI, KOTA PALEMBANG, SUMATERA SELATAN",32,59,102,161
https://kawalpemilu.org#20596,"SEI SELINCAH, KALIDONI, KOTA PALEMBANG, SUMATERA SELATAN",33,41,92,133
https://kawalpemilu.org#20596,"SEI SELINCAH, KALIDONI, KOTA PALEMBANG, SUMATERA SELATAN",34,38,145,183
https://kawalpemilu.org#20596,"SEI SELINCAH, KALIDONI, KOTA PALEMBANG, SUMATERA SELATAN",35,40,78,118
https://kawalpemilu.org#20596,"SEI SELINCAH, KALIDONI, KOTA PALEMBANG, SUMATERA SELATAN",36,72,134,206
https://kawalpemilu.org#20596,"SEI SELINCAH, KALIDONI, KOTA PALEMBANG, SUMATERA SELATAN",37,50,103,153
https://kawalpemilu.org#20596,"SEI SELINCAH, KALIDONI, KOTA PALEMBANG, SUMATERA SELATAN",38,41,124,165
https://kawalpemilu.org#20596,"SEI SELINCAH, KALIDONI, KOTA PALEMBANG, SUMATERA SELATAN",39,42,119,161
https://kawalpemilu.org#20596,"SEI SELINCAH, KALIDONI, KOTA PALEMBANG, SUMATERA SELATAN",41,57,114,171
https://kawalpemilu.org#20596,"SEI SELINCAH, KALIDONI, KOTA PALEMBANG, SUMATERA SELATAN",42,57,89,146
https://kawalpemilu.org#20596,"SEI SELINCAH, KALIDONI, KOTA PALEMBANG, SUMATERA SELATAN",45,70,123,193
https://kawalpemilu.org#20596,"SEI SELINCAH, KALIDONI, KOTA PALEMBANG, SUMATERA SELATAN",46,59,122,181
https://kawalpemilu.org#20596,"SEI SELINCAH, KALIDONI, KOTA PALEMBANG, SUMATERA SELATAN",47,82,115,197
https://kawalpemilu.org#20596,"SEI SELINCAH, KALIDONI, KOTA PALEMBANG, SUMATERA SELATAN",48,61,87,148
https://kawalpemilu.org#20596,"SEI SELINCAH, KALIDONI, KOTA PALEMBANG, SUMATERA SELATAN",49,41,81,122
https://kawalpemilu.org#20596,"SEI SELINCAH, KALIDONI, KOTA PALEMBANG, SUMATERA SELATAN",52,96,115,211
https://kawalpemilu.org#20596,"SEI SELINCAH, KALIDONI, KOTA PALEMBANG, SUMATERA SELATAN",53,110,138,248
https://kawalpemilu.org#20596,"SEI SELINCAH, KALIDONI, KOTA PALEMBANG, SUMATERA SELATAN",54,45,111,156
https://kawalpemilu.org#20596,"SEI SELINCAH, KALIDONI, KOTA PALEMBANG, SUMATERA SELATAN",55,42,125,167
https://kawalpemilu.org#20596,"SEI SELINCAH, KALIDONI, KOTA PALEMBANG, SUMATERA SELATAN",56,42,84,126
https://kawalpemilu.org#20596,"SEI SELINCAH, KALIDONI, KOTA PALEMBANG, SUMATERA SELATAN",57,30,67,102
https://kawalpemilu.org#20596,"SEI SELINCAH, KALIDONI, KOTA PALEMBANG, SUMATERA SELATAN",58,41,171,212
https://kawalpemilu.org#20596,"SEI SELINCAH, KALIDONI, KOTA PALEMBANG, SUMATERA SELATAN",59,40,106,146
https://kawalpemilu.org#20596,"SEI SELINCAH, KALIDONI, KOTA PALEMBANG, SUMATERA SELATAN",60,45,71,116
https://kawalpemilu.org#20596,"SEI SELINCAH, KALIDONI, KOTA PALEMBANG, SUMATERA SELATAN",61,51,105,156
https://kawalpemilu.org#20596,"SEI SELINCAH, KALIDONI, KOTA PALEMBANG, SUMATERA SELATAN",62,25,95,120
https://kawalpemilu.org#20596,"SEI SELINCAH, KALIDONI, KOTA PALEMBANG, SUMATERA SELATAN",63,53,53,106
https://kawalpemilu.org#20596,"SEI SELINCAH, KALIDONI, KOTA PALEMBANG, SUMATERA SELATAN",64,47,75,122
https://kawalpemilu.org#20596,"SEI SELINCAH, KALIDONI, KOTA PALEMBANG, SUMATERA SELATAN",65,32,94,126
https://kawalpemilu.org#20596,"SEI SELINCAH, KALIDONI, KOTA PALEMBANG, SUMATERA SELATAN",66,52,91,143
https://kawalpemilu.org#20596,"SEI SELINCAH, KALIDONI, KOTA PALEMBANG, SUMATERA SELATAN",67,36,77,113
https://kawalpemilu.org#20596,"SEI SELINCAH, KALIDONI, KOTA PALEMBANG, SUMATERA SELATAN",68,51,73,124
https://kawalpemilu.org#20596,"SEI SELINCAH, KALIDONI, KOTA PALEMBANG, SUMATERA SELATAN",69,39,65,104
https://kawalpemilu.org#20596,"SEI SELINCAH, KALIDONI, KOTA PALEMBANG, SUMATERA SELATAN",71,53,74,127
https://kawalpemilu.org#20596,"SEI SELINCAH, KALIDONI, KOTA PALEMBANG, SUMATERA SELATAN",72,63,79,142
https://kawalpemilu.org#20596,"SEI SELINCAH, KALIDONI, KOTA PALEMBANG, SUMATERA SELATAN",73,72,110,182
https://kawalpemilu.org#20596,"SEI SELINCAH, KALIDONI, KOTA PALEMBANG, SUMATERA SELATAN",74,53,92,145
https://kawalpemilu.org#20596,"SEI SELINCAH, KALIDONI, KOTA PALEMBANG, SUMATERA SELATAN",75,70,111,181
https://kawalpemilu.org#20596,"SEI SELINCAH, KALIDONI, KOTA PALEMBANG, SUMATERA SELATAN",76,35,63,98
https://kawalpemilu.org#20596,"SEI SELINCAH, KALIDONI, KOTA PALEMBANG, SUMATERA SELATAN",77,66,94,160
https://kawalpemilu.org#20596,"SEI SELINCAH, KALIDONI, KOTA PALEMBANG, SUMATERA SELATAN",78,83,129,212
https://kawalpemilu.org#20596,"SEI SELINCAH, KALIDONI, KOTA PALEMBANG, SUMATERA SELATAN",79,58,119,177
https://kawalpemilu.org#20596,"SEI SELINCAH, KALIDONI, KOTA PALEMBANG, SUMATERA SELATAN",80,52,60,112
https://kawalpemilu.org#20596,"SEI SELINCAH, KALIDONI, KOTA PALEMBANG, SUMATERA SELATAN",82,64,33,97
https://kawalpemilu.org#20596,"SEI SELINCAH, KALIDONI, KOTA PALEMBANG, SUMATERA SELATAN",83,64,115,179
https://kawalpemilu.org#20596,"SEI SELINCAH, KALIDONI, KOTA PALEMBANG, SUMATERA SELATAN",84,45,62,107
https://kawalpemilu.org#20596,"SEI SELINCAH, KALIDONI, KOTA PALEMBANG, SUMATERA SELATAN",85,37,72,109
https://kawalpemilu.org#20596,"SEI SELINCAH, KALIDONI, KOTA PALEMBANG, SUMATERA SELATAN",86,41,77,118
https://kawalpemilu.org#20596,"SEI SELINCAH, KALIDONI, KOTA PALEMBANG, SUMATERA SELATAN",89,65,80,145
https://kawalpemilu.org#20596,"SEI SELINCAH, KALIDONI, KOTA PALEMBANG, SUMATERA SELATAN",90,40,116,156
https://kawalpemilu.org#20596,"SEI SELINCAH, KALIDONI, KOTA PALEMBANG, SUMATERA SELATAN",91,52,67,119
https://kawalpemilu.org#20596,"SEI SELINCAH, KALIDONI, KOTA PALEMBANG, SUMATERA SELATAN",92,42,119,161
https://kawalpemilu.org#20596,"SEI SELINCAH, KALIDONI, KOTA PALEMBANG, SUMATERA SELATAN",93,57,94,151
https://kawalpemilu.org#20596,"SEI SELINCAH, KALIDONI, KOTA PALEMBANG, SUMATERA SELATAN",94,54,79,133
https://kawalpemilu.org#20596,"SEI SELINCAH, KALIDONI, KOTA PALEMBANG, SUMATERA SELATAN",96,38,128,166
https://kawalpemilu.org#20597,"SEI LAIS, KALIDONI, KOTA PALEMBANG, SUMATERA SELATAN",1,111,123,234
https://kawalpemilu.org#20597,"SEI LAIS, KALIDONI, KOTA PALEMBANG, SUMATERA SELATAN",2,85,122,207
https://kawalpemilu.org#20597,"SEI LAIS, KALIDONI, KOTA PALEMBANG, SUMATERA SELATAN",3,52,107,159
https://kawalpemilu.org#20597,"SEI LAIS, KALIDONI, KOTA PALEMBANG, SUMATERA SELATAN",5,71,129,200
https://kawalpemilu.org#20597,"SEI LAIS, KALIDONI, KOTA PALEMBANG, SUMATERA SELATAN",6,43,132,175
https://kawalpemilu.org#20597,"SEI LAIS, KALIDONI, KOTA PALEMBANG, SUMATERA SELATAN",7,45,70,115
https://kawalpemilu.org#20597,"SEI LAIS, KALIDONI, KOTA PALEMBANG, SUMATERA SELATAN",8,22,92,114
https://kawalpemilu.org#20597,"SEI LAIS, KALIDONI, KOTA PALEMBANG, SUMATERA SELATAN",9,48,114,162
https://kawalpemilu.org#20597,"SEI LAIS, KALIDONI, KOTA PALEMBANG, SUMATERA SELATAN",10,42,98,140
https://kawalpemilu.org#20597,"SEI LAIS, KALIDONI, KOTA PALEMBANG, SUMATERA SELATAN",12,41,107,148
https://kawalpemilu.org#20597,"SEI LAIS, KALIDONI, KOTA PALEMBANG, SUMATERA SELATAN",13,29,89,118
https://kawalpemilu.org#20597,"SEI LAIS, KALIDONI, KOTA PALEMBANG, SUMATERA SELATAN",14,108,111,219
https://kawalpemilu.org#20597,"SEI LAIS, KALIDONI, KOTA PALEMBANG, SUMATERA SELATAN",15,63,95,158
https://kawalpemilu.org#20597,"SEI LAIS, KALIDONI, KOTA PALEMBANG, SUMATERA SELATAN",16,69,177,246
https://kawalpemilu.org#20597,"SEI LAIS, KALIDONI, KOTA PALEMBANG, SUMATERA SELATAN",17,51,100,151
https://kawalpemilu.org#20597,"SEI LAIS, KALIDONI, KOTA PALEMBANG, SUMATERA SELATAN",18,42,116,158
https://kawalpemilu.org#20597,"SEI LAIS, KALIDONI, KOTA PALEMBANG, SUMATERA SELATAN",19,63,167,230
https://kawalpemilu.org#20597,"SEI LAIS, KALIDONI, KOTA PALEMBANG, SUMATERA SELATAN",20,81,141,222
https://kawalpemilu.org#20597,"SEI LAIS, KALIDONI, KOTA PALEMBANG, SUMATERA SELATAN",21,54,131,185
https://kawalpemilu.org#20597,"SEI LAIS, KALIDONI, KOTA PALEMBANG, SUMATERA SELATAN",24,87,158,245
https://kawalpemilu.org#20597,"SEI LAIS, KALIDONI, KOTA PALEMBANG, SUMATERA SELATAN",25,27,105,132
https://kawalpemilu.org#20597,"SEI LAIS, KALIDONI, KOTA PALEMBANG, SUMATERA SELATAN",27,66,101,167
https://kawalpemilu.org#20597,"SEI LAIS, KALIDONI, KOTA PALEMBANG, SUMATERA SELATAN",28,58,105,163
https://kawalpemilu.org#20597,"SEI LAIS, KALIDONI, KOTA PALEMBANG, SUMATERA SELATAN",30,57,98,155
https://kawalpemilu.org#20597,"SEI LAIS, KALIDONI, KOTA PALEMBANG, SUMATERA SELATAN",31,73,151,224
https://kawalpemilu.org#20597,"SEI LAIS, KALIDONI, KOTA PALEMBANG, SUMATERA SELATAN",32,105,105,210
https://kawalpemilu.org#20597,"SEI LAIS, KALIDONI, KOTA PALEMBANG, SUMATERA SELATAN",34,75,130,205
https://kawalpemilu.org#20597,"SEI LAIS, KALIDONI, KOTA PALEMBANG, SUMATERA SELATAN",35,68,106,174
https://kawalpemilu.org#20597,"SEI LAIS, KALIDONI, KOTA PALEMBANG, SUMATERA SELATAN",36,54,128,182
https://kawalpemilu.org#20597,"SEI LAIS, KALIDONI, KOTA PALEMBANG, SUMATERA SELATAN",37,49,64,113
https://kawalpemilu.org#20597,"SEI LAIS, KALIDONI, KOTA PALEMBANG, SUMATERA SELATAN",38,59,93,152
https://kawalpemilu.org#20597,"SEI LAIS, KALIDONI, KOTA PALEMBANG, SUMATERA SELATAN",39,86,111,197
https://kawalpemilu.org#20597,"SEI LAIS, KALIDONI, KOTA PALEMBANG, SUMATERA SELATAN",40,88,136,224
https://kawalpemilu.org#20597,"SEI LAIS, KALIDONI, KOTA PALEMBANG, SUMATERA SELATAN",41,71,75,146
https://kawalpemilu.org#20597,"SEI LAIS, KALIDONI, KOTA PALEMBANG, SUMATERA SELATAN",42,56,100,156
https://kawalpemilu.org#20597,"SEI LAIS, KALIDONI, KOTA PALEMBANG, SUMATERA SELATAN",43,83,109,192
https://kawalpemilu.org#20597,"SEI LAIS, KALIDONI, KOTA PALEMBANG, SUMATERA SELATAN",44,55,178,233
https://kawalpemilu.org#20597,"SEI LAIS, KALIDONI, KOTA PALEMBANG, SUMATERA SELATAN",45,57,137,194
https://kawalpemilu.org#20597,"SEI LAIS, KALIDONI, KOTA PALEMBANG, SUMATERA SELATAN",46,59,81,140
https://kawalpemilu.org#20599,"19 ILIR, BUKIT KECIL, KOTA PALEMBANG, SUMATERA SELATAN",1,50,185,235
https://kawalpemilu.org#20599,"19 ILIR, BUKIT KECIL, KOTA PALEMBANG, SUMATERA SELATAN",2,88,133,220
https://kawalpemilu.org#20599,"19 ILIR, BUKIT KECIL, KOTA PALEMBANG, SUMATERA SELATAN",3,47,144,191
https://kawalpemilu.org#20599,"19 ILIR, BUKIT KECIL, KOTA PALEMBANG, SUMATERA SELATAN",4,35,178,213
https://kawalpemilu.org#20599,"19 ILIR, BUKIT KECIL, KOTA PALEMBANG, SUMATERA SELATAN",5,45,179,224
https://kawalpemilu.org#20599,"19 ILIR, BUKIT KECIL, KOTA PALEMBANG, SUMATERA SELATAN",7,46,169,215
https://kawalpemilu.org#20599,"19 ILIR, BUKIT KECIL, KOTA PALEMBANG, SUMATERA SELATAN",8,18,104,122
https://kawalpemilu.org#20599,"19 ILIR, BUKIT KECIL, KOTA PALEMBANG, SUMATERA SELATAN",9,19,88,107
https://kawalpemilu.org#20600,"22 ILIR, BUKIT KECIL, KOTA PALEMBANG, SUMATERA SELATAN",1,94,159,253
https://kawalpemilu.org#20600,"22 ILIR, BUKIT KECIL, KOTA PALEMBANG, SUMATERA SELATAN",2,61,171,232
https://kawalpemilu.org#20600,"22 ILIR, BUKIT KECIL, KOTA PALEMBANG, SUMATERA SELATAN",3,56,158,214
https://kawalpemilu.org#20600,"22 ILIR, BUKIT KECIL, KOTA PALEMBANG, SUMATERA SELATAN",4,51,193,244
https://kawalpemilu.org#20600,"22 ILIR, BUKIT KECIL, KOTA PALEMBANG, SUMATERA SELATAN",5,44,168,212
https://kawalpemilu.org#20600,"22 ILIR, BUKIT KECIL, KOTA PALEMBANG, SUMATERA SELATAN",6,46,145,191
https://kawalpemilu.org#20600,"22 ILIR, BUKIT KECIL, KOTA PALEMBANG, SUMATERA SELATAN",7,37,188,225
https://kawalpemilu.org#20602,"24 ILIR, BUKIT KECIL, KOTA PALEMBANG, SUMATERA SELATAN",1,54,148,202
https://kawalpemilu.org#20602,"24 ILIR, BUKIT KECIL, KOTA PALEMBANG, SUMATERA SELATAN",2,52,116,168
https://kawalpemilu.org#20602,"24 ILIR, BUKIT KECIL, KOTA PALEMBANG, SUMATERA SELATAN",4,59,95,154
https://kawalpemilu.org#20602,"24 ILIR, BUKIT KECIL, KOTA PALEMBANG, SUMATERA SELATAN",5,78,120,198
https://kawalpemilu.org#20602,"24 ILIR, BUKIT KECIL, KOTA PALEMBANG, SUMATERA SELATAN",6,87,53,140
https://kawalpemilu.org#20602,"24 ILIR, BUKIT KECIL, KOTA PALEMBANG, SUMATERA SELATAN",7,101,26,127
https://kawalpemilu.org#20602,"24 ILIR, BUKIT KECIL, KOTA PALEMBANG, SUMATERA SELATAN",8,88,82,170
https://kawalpemilu.org#20602,"24 ILIR, BUKIT KECIL, KOTA PALEMBANG, SUMATERA SELATAN",9,92,96,188
https://kawalpemilu.org#20602,"24 ILIR, BUKIT KECIL, KOTA PALEMBANG, SUMATERA SELATAN",11,85,120,205
https://kawalpemilu.org#20602,"24 ILIR, BUKIT KECIL, KOTA PALEMBANG, SUMATERA SELATAN",12,65,109,174
https://kawalpemilu.org#20602,"24 ILIR, BUKIT KECIL, KOTA PALEMBANG, SUMATERA SELATAN",14,137,130,267
https://kawalpemilu.org#20602,"24 ILIR, BUKIT KECIL, KOTA PALEMBANG, SUMATERA SELATAN",17,92,107,199
https://kawalpemilu.org#20602,"24 ILIR, BUKIT KECIL, KOTA PALEMBANG, SUMATERA SELATAN",18,95,130,225
https://kawalpemilu.org#20602,"24 ILIR, BUKIT KECIL, KOTA PALEMBANG, SUMATERA SELATAN",19,89,174,263
https://kawalpemilu.org#20602,"24 ILIR, BUKIT KECIL, KOTA PALEMBANG, SUMATERA SELATAN",21,100,147,247
https://kawalpemilu.org#20602,"24 ILIR, BUKIT KECIL, KOTA PALEMBANG, SUMATERA SELATAN",23,75,102,177
https://kawalpemilu.org#20602,"24 ILIR, BUKIT KECIL, KOTA PALEMBANG, SUMATERA SELATAN",24,45,148,193
https://kawalpemilu.org#20602,"24 ILIR, BUKIT KECIL, KOTA PALEMBANG, SUMATERA SELATAN",26,51,150,201
https://kawalpemilu.org#20602,"24 ILIR, BUKIT KECIL, KOTA PALEMBANG, SUMATERA SELATAN",27,72,170,242
https://kawalpemilu.org#20602,"24 ILIR, BUKIT KECIL, KOTA PALEMBANG, SUMATERA SELATAN",28,71,168,239
https://kawalpemilu.org#20602,"24 ILIR, BUKIT KECIL, KOTA PALEMBANG, SUMATERA SELATAN",29,39,185,224
https://kawalpemilu.org#20602,"24 ILIR, BUKIT KECIL, KOTA PALEMBANG, SUMATERA SELATAN",30,95,114,209
https://kawalpemilu.org#20602,"24 ILIR, BUKIT KECIL, KOTA PALEMBANG, SUMATERA SELATAN",31,74,88,162
https://kawalpemilu.org#20602,"24 ILIR, BUKIT KECIL, KOTA PALEMBANG, SUMATERA SELATAN",32,89,70,159
https://kawalpemilu.org#20602,"24 ILIR, BUKIT KECIL, KOTA PALEMBANG, SUMATERA SELATAN",33,42,162,204
https://kawalpemilu.org#20602,"24 ILIR, BUKIT KECIL, KOTA PALEMBANG, SUMATERA SELATAN",34,66,114,180
https://kawalpemilu.org#20602,"24 ILIR, BUKIT KECIL, KOTA PALEMBANG, SUMATERA SELATAN",35,0,0,0
https://kawalpemilu.org#20602,"24 ILIR, BUKIT KECIL, KOTA PALEMBANG, SUMATERA SELATAN",36,74,104,178
https://kawalpemilu.org#20602,"24 ILIR, BUKIT KECIL, KOTA PALEMBANG, SUMATERA SELATAN",38,80,128,208
https://kawalpemilu.org#20602,"24 ILIR, BUKIT KECIL, KOTA PALEMBANG, SUMATERA SELATAN",40,65,130,195
https://kawalpemilu.org#20602,"24 ILIR, BUKIT KECIL, KOTA PALEMBANG, SUMATERA SELATAN",42,82,108,190
https://kawalpemilu.org#20602,"24 ILIR, BUKIT KECIL, KOTA PALEMBANG, SUMATERA SELATAN",43,15,25,40
https://kawalpemilu.org#20602,"24 ILIR, BUKIT KECIL, KOTA PALEMBANG, SUMATERA SELATAN",44,38,41,79
https://kawalpemilu.org#20602,"24 ILIR, BUKIT KECIL, KOTA PALEMBANG, SUMATERA SELATAN",46,34,66,100
https://kawalpemilu.org#20602,"24 ILIR, BUKIT KECIL, KOTA PALEMBANG, SUMATERA SELATAN",47,28,72,100
https://kawalpemilu.org#20602,"24 ILIR, BUKIT KECIL, KOTA PALEMBANG, SUMATERA SELATAN",48,28,52,80
https://kawalpemilu.org#20602,"24 ILIR, BUKIT KECIL, KOTA PALEMBANG, SUMATERA SELATAN",49,31,56,87
https://kawalpemilu.org#20603,"26 ILIR, BUKIT KECIL, KOTA PALEMBANG, SUMATERA SELATAN",1,66,127,193
https://kawalpemilu.org#20603,"26 ILIR, BUKIT KECIL, KOTA PALEMBANG, SUMATERA SELATAN",2,80,104,184
https://kawalpemilu.org#20603,"26 ILIR, BUKIT KECIL, KOTA PALEMBANG, SUMATERA SELATAN",3,100,114,214
https://kawalpemilu.org#20603,"26 ILIR, BUKIT KECIL, KOTA PALEMBANG, SUMATERA SELATAN",4,59,107,166
https://kawalpemilu.org#20603,"26 ILIR, BUKIT KECIL, KOTA PALEMBANG, SUMATERA SELATAN",5,69,136,205
https://kawalpemilu.org#20603,"26 ILIR, BUKIT KECIL, KOTA PALEMBANG, SUMATERA SELATAN",7,70,120,190
https://kawalpemilu.org#20603,"26 ILIR, BUKIT KECIL, KOTA PALEMBANG, SUMATERA SELATAN",8,62,91,153
https://kawalpemilu.org#20603,"26 ILIR, BUKIT KECIL, KOTA PALEMBANG, SUMATERA SELATAN",9,40,59,99
https://kawalpemilu.org#20603,"26 ILIR, BUKIT KECIL, KOTA PALEMBANG, SUMATERA SELATAN",10,53,85,138
https://kawalpemilu.org#20603,"26 ILIR, BUKIT KECIL, KOTA PALEMBANG, SUMATERA SELATAN",11,78,101,179
https://kawalpemilu.org#20603,"26 ILIR, BUKIT KECIL, KOTA PALEMBANG, SUMATERA SELATAN",13,46,147,193
https://kawalpemilu.org#20603,"26 ILIR, BUKIT KECIL, KOTA PALEMBANG, SUMATERA SELATAN",14,58,129,187
https://kawalpemilu.org#20603,"26 ILIR, BUKIT KECIL, KOTA PALEMBANG, SUMATERA SELATAN",15,38,156,194
https://kawalpemilu.org#20603,"26 ILIR, BUKIT KECIL, KOTA PALEMBANG, SUMATERA SELATAN",16,50,137,187
https://kawalpemilu.org#20603,"26 ILIR, BUKIT KECIL, KOTA PALEMBANG, SUMATERA SELATAN",17,66,135,201
https://kawalpemilu.org#20603,"26 ILIR, BUKIT KECIL, KOTA PALEMBANG, SUMATERA SELATAN",19,51,103,154
https://kawalpemilu.org#20603,"26 ILIR, BUKIT KECIL, KOTA PALEMBANG, SUMATERA SELATAN",20,90,145,235
https://kawalpemilu.org#20603,"26 ILIR, BUKIT KECIL, KOTA PALEMBANG, SUMATERA SELATAN",21,59,145,204
https://kawalpemilu.org#20603,"26 ILIR, BUKIT KECIL, KOTA PALEMBANG, SUMATERA SELATAN",22,99,150,249
https://kawalpemilu.org#20603,"26 ILIR, BUKIT KECIL, KOTA PALEMBANG, SUMATERA SELATAN",24,88,116,204
https://kawalpemilu.org#20603,"26 ILIR, BUKIT KECIL, KOTA PALEMBANG, SUMATERA SELATAN",25,73,153,226
https://kawalpemilu.org#20603,"26 ILIR, BUKIT KECIL, KOTA PALEMBANG, SUMATERA SELATAN",27,123,139,262
https://kawalpemilu.org#20603,"26 ILIR, BUKIT KECIL, KOTA PALEMBANG, SUMATERA SELATAN",28,79,158,237
https://kawalpemilu.org#20603,"26 ILIR, BUKIT KECIL, KOTA PALEMBANG, SUMATERA SELATAN",29,81,118,199
https://kawalpemilu.org#20603,"26 ILIR, BUKIT KECIL, KOTA PALEMBANG, SUMATERA SELATAN",30,82,120,202
https://kawalpemilu.org#20603,"26 ILIR, BUKIT KECIL, KOTA PALEMBANG, SUMATERA SELATAN",31,31,57,88
https://kawalpemilu.org#20603,"26 ILIR, BUKIT KECIL, KOTA PALEMBANG, SUMATERA SELATAN",33,25,55,80
https://kawalpemilu.org#20604,"TALANG SEMUT, BUKIT KECIL, KOTA PALEMBANG, SUMATERA SELATAN",1,94,107,201
https://kawalpemilu.org#20604,"TALANG SEMUT, BUKIT KECIL, KOTA PALEMBANG, SUMATERA SELATAN",2,64,143,207
https://kawalpemilu.org#20604,"TALANG SEMUT, BUKIT KECIL, KOTA PALEMBANG, SUMATERA SELATAN",4,51,164,215
https://kawalpemilu.org#20604,"TALANG SEMUT, BUKIT KECIL, KOTA PALEMBANG, SUMATERA SELATAN",5,70,169,239
https://kawalpemilu.org#20604,"TALANG SEMUT, BUKIT KECIL, KOTA PALEMBANG, SUMATERA SELATAN",7,0,0,0
https://kawalpemilu.org#20604,"TALANG SEMUT, BUKIT KECIL, KOTA PALEMBANG, SUMATERA SELATAN",8,86,138,224
https://kawalpemilu.org#20604,"TALANG SEMUT, BUKIT KECIL, KOTA PALEMBANG, SUMATERA SELATAN",9,48,209,257
https://kawalpemilu.org#20604,"TALANG SEMUT, BUKIT KECIL, KOTA PALEMBANG, SUMATERA SELATAN",10,56,197,253
https://kawalpemilu.org#20604,"TALANG SEMUT, BUKIT KECIL, KOTA PALEMBANG, SUMATERA SELATAN",11,29,197,226
https://kawalpemilu.org#20604,"TALANG SEMUT, BUKIT KECIL, KOTA PALEMBANG, SUMATERA SELATAN",12,50,190,240
https://kawalpemilu.org#20604,"TALANG SEMUT, BUKIT KECIL, KOTA PALEMBANG, SUMATERA SELATAN",13,56,128,184
https://kawalpemilu.org#20604,"TALANG SEMUT, BUKIT KECIL, KOTA PALEMBANG, SUMATERA SELATAN",14,85,108,295
https://kawalpemilu.org#20604,"TALANG SEMUT, BUKIT KECIL, KOTA PALEMBANG, SUMATERA SELATAN",17,50,36,86
https://kawalpemilu.org#20604,"TALANG SEMUT, BUKIT KECIL, KOTA PALEMBANG, SUMATERA SELATAN",18,38,110,203
https://kawalpemilu.org#20604,"TALANG SEMUT, BUKIT KECIL, KOTA PALEMBANG, SUMATERA SELATAN",19,27,76,103
https://kawalpemilu.org#20604,"TALANG SEMUT, BUKIT KECIL, KOTA PALEMBANG, SUMATERA SELATAN",20,49,69,118
https://kawalpemilu.org#20606,"GANDUS, GANDUS, KOTA PALEMBANG, SUMATERA SELATAN",1,114,121,235
https://kawalpemilu.org#20606,"GANDUS, GANDUS, KOTA PALEMBANG, SUMATERA SELATAN",2,71,191,262
https://kawalpemilu.org#20606,"GANDUS, GANDUS, KOTA PALEMBANG, SUMATERA SELATAN",3,135,121,256
https://kawalpemilu.org#20606,"GANDUS, GANDUS, KOTA PALEMBANG, SUMATERA SELATAN",4,104,126,230
https://kawalpemilu.org#20606,"GANDUS, GANDUS, KOTA PALEMBANG, SUMATERA SELATAN",5,48,187,235
https://kawalpemilu.org#20606,"GANDUS, GANDUS, KOTA PALEMBANG, SUMATERA SELATAN",6,47,178,225
https://kawalpemilu.org#20606,"GANDUS, GANDUS, KOTA PALEMBANG, SUMATERA SELATAN",7,51,166,217
https://kawalpemilu.org#20606,"GANDUS, GANDUS, KOTA PALEMBANG, SUMATERA SELATAN",8,51,194,245
https://kawalpemilu.org#20606,"GANDUS, GANDUS, KOTA PALEMBANG, SUMATERA SELATAN",9,58,225,283
https://kawalpemilu.org#20606,"GANDUS, GANDUS, KOTA PALEMBANG, SUMATERA SELATAN",10,76,193,269
https://kawalpemilu.org#20606,"GANDUS, GANDUS, KOTA PALEMBANG, SUMATERA SELATAN",11,71,198,269
https://kawalpemilu.org#20606,"GANDUS, GANDUS, KOTA PALEMBANG, SUMATERA SELATAN",12,48,197,245
https://kawalpemilu.org#20606,"GANDUS, GANDUS, KOTA PALEMBANG, SUMATERA SELATAN",13,50,166,216
https://kawalpemilu.org#20606,"GANDUS, GANDUS, KOTA PALEMBANG, SUMATERA SELATAN",14,42,191,233
https://kawalpemilu.org#20606,"GANDUS, GANDUS, KOTA PALEMBANG, SUMATERA SELATAN",15,40,144,184
https://kawalpemilu.org#20606,"GANDUS, GANDUS, KOTA PALEMBANG, SUMATERA SELATAN",16,54,134,188
https://kawalpemilu.org#20606,"GANDUS, GANDUS, KOTA PALEMBANG, SUMATERA SELATAN",17,61,180,241
https://kawalpemilu.org#20606,"GANDUS, GANDUS, KOTA PALEMBANG, SUMATERA SELATAN",18,97,136,233
https://kawalpemilu.org#20606,"GANDUS, GANDUS, KOTA PALEMBANG, SUMATERA SELATAN",19,118,160,278
https://kawalpemilu.org#20606,"GANDUS, GANDUS, KOTA PALEMBANG, SUMATERA SELATAN",20,38,200,238
https://kawalpemilu.org#20606,"GANDUS, GANDUS, KOTA PALEMBANG, SUMATERA SELATAN",21,46,238,284
https://kawalpemilu.org#20606,"GANDUS, GANDUS, KOTA PALEMBANG, SUMATERA SELATAN",22,41,190,231
https://kawalpemilu.org#20606,"GANDUS, GANDUS, KOTA PALEMBANG, SUMATERA SELATAN",23,35,136,171
https://kawalpemilu.org#20606,"GANDUS, GANDUS, KOTA PALEMBANG, SUMATERA SELATAN",24,55,162,217
https://kawalpemilu.org#20606,"GANDUS, GANDUS, KOTA PALEMBANG, SUMATERA SELATAN",25,24,249,273
https://kawalpemilu.org#20606,"GANDUS, GANDUS, KOTA PALEMBANG, SUMATERA SELATAN",26,19,241,260
https://kawalpemilu.org#20606,"GANDUS, GANDUS, KOTA PALEMBANG, SUMATERA SELATAN",27,57,145,202
https://kawalpemilu.org#20606,"GANDUS, GANDUS, KOTA PALEMBANG, SUMATERA SELATAN",28,95,179,274
https://kawalpemilu.org#20606,"GANDUS, GANDUS, KOTA PALEMBANG, SUMATERA SELATAN",29,86,174,260
https://kawalpemilu.org#20606,"GANDUS, GANDUS, KOTA PALEMBANG, SUMATERA SELATAN",30,46,153,199
https://kawalpemilu.org#20606,"GANDUS, GANDUS, KOTA PALEMBANG, SUMATERA SELATAN",31,65,186,251
https://kawalpemilu.org#20606,"GANDUS, GANDUS, KOTA PALEMBANG, SUMATERA SELATAN",32,52,141,193
https://kawalpemilu.org#20606,"GANDUS, GANDUS, KOTA PALEMBANG, SUMATERA SELATAN",33,64,201,265
https://kawalpemilu.org#20606,"GANDUS, GANDUS, KOTA PALEMBANG, SUMATERA SELATAN",34,46,218,264
https://kawalpemilu.org#20606,"GANDUS, GANDUS, KOTA PALEMBANG, SUMATERA SELATAN",35,47,183,230
https://kawalpemilu.org#20606,"GANDUS, GANDUS, KOTA PALEMBANG, SUMATERA SELATAN",36,57,242,299
https://kawalpemilu.org#20606,"GANDUS, GANDUS, KOTA PALEMBANG, SUMATERA SELATAN",37,89,202,291
https://kawalpemilu.org#20607,"KARANG ANYAR, GANDUS, KOTA PALEMBANG, SUMATERA SELATAN",1,53,147,200
https://kawalpemilu.org#20607,"KARANG ANYAR, GANDUS, KOTA PALEMBANG, SUMATERA SELATAN",2,76,141,217
https://kawalpemilu.org#20607,"KARANG ANYAR, GANDUS, KOTA PALEMBANG, SUMATERA SELATAN",3,72,149,221
https://kawalpemilu.org#20607,"KARANG ANYAR, GANDUS, KOTA PALEMBANG, SUMATERA SELATAN",4,100,146,246
https://kawalpemilu.org#20607,"KARANG ANYAR, GANDUS, KOTA PALEMBANG, SUMATERA SELATAN",5,121,128,249
https://kawalpemilu.org#20607,"KARANG ANYAR, GANDUS, KOTA PALEMBANG, SUMATERA SELATAN",6,57,130,187
https://kawalpemilu.org#20607,"KARANG ANYAR, GANDUS, KOTA PALEMBANG, SUMATERA SELATAN",7,100,117,217
https://kawalpemilu.org#20607,"KARANG ANYAR, GANDUS, KOTA PALEMBANG, SUMATERA SELATAN",8,78,126,207
https://kawalpemilu.org#20607,"KARANG ANYAR, GANDUS, KOTA PALEMBANG, SUMATERA SELATAN",9,60,169,229
https://kawalpemilu.org#20607,"KARANG ANYAR, GANDUS, KOTA PALEMBANG, SUMATERA SELATAN",10,94,136,230
https://kawalpemilu.org#20607,"KARANG ANYAR, GANDUS, KOTA PALEMBANG, SUMATERA SELATAN",11,108,115,223
https://kawalpemilu.org#20607,"KARANG ANYAR, GANDUS, KOTA PALEMBANG, SUMATERA SELATAN",12,76,165,241
https://kawalpemilu.org#20607,"KARANG ANYAR, GANDUS, KOTA PALEMBANG, SUMATERA SELATAN",13,56,136,192
https://kawalpemilu.org#20607,"KARANG ANYAR, GANDUS, KOTA PALEMBANG, SUMATERA SELATAN",14,68,155,223
https://kawalpemilu.org#20607,"KARANG ANYAR, GANDUS, KOTA PALEMBANG, SUMATERA SELATAN",15,90,122,212
https://kawalpemilu.org#20607,"KARANG ANYAR, GANDUS, KOTA PALEMBANG, SUMATERA SELATAN",16,124,146,270
https://kawalpemilu.org#20607,"KARANG ANYAR, GANDUS, KOTA PALEMBANG, SUMATERA SELATAN",17,103,151,254
https://kawalpemilu.org#20607,"KARANG ANYAR, GANDUS, KOTA PALEMBANG, SUMATERA SELATAN",18,105,128,233
https://kawalpemilu.org#20607,"KARANG ANYAR, GANDUS, KOTA PALEMBANG, SUMATERA SELATAN",20,93,152,245
https://kawalpemilu.org#20607,"KARANG ANYAR, GANDUS, KOTA PALEMBANG, SUMATERA SELATAN",21,96,131,227
https://kawalpemilu.org#20607,"KARANG ANYAR, GANDUS, KOTA PALEMBANG, SUMATERA SELATAN",22,85,160,245
https://kawalpemilu.org#20607,"KARANG ANYAR, GANDUS, KOTA PALEMBANG, SUMATERA SELATAN",23,97,143,240
https://kawalpemilu.org#20607,"KARANG ANYAR, GANDUS, KOTA PALEMBANG, SUMATERA SELATAN",24,74,170,244
https://kawalpemilu.org#20607,"KARANG ANYAR, GANDUS, KOTA PALEMBANG, SUMATERA SELATAN",25,84,124,208
https://kawalpemilu.org#20607,"KARANG ANYAR, GANDUS, KOTA PALEMBANG, SUMATERA SELATAN",26,77,136,213
https://kawalpemilu.org#20607,"KARANG ANYAR, GANDUS, KOTA PALEMBANG, SUMATERA SELATAN",28,62,138,200
https://kawalpemilu.org#20607,"KARANG ANYAR, GANDUS, KOTA PALEMBANG, SUMATERA SELATAN",29,94,126,220
https://kawalpemilu.org#20607,"KARANG ANYAR, GANDUS, KOTA PALEMBANG, SUMATERA SELATAN",30,50,134,184
https://kawalpemilu.org#20607,"KARANG ANYAR, GANDUS, KOTA PALEMBANG, SUMATERA SELATAN",31,53,109,162
https://kawalpemilu.org#20607,"KARANG ANYAR, GANDUS, KOTA PALEMBANG, SUMATERA SELATAN",32,103,100,203
https://kawalpemilu.org#20607,"KARANG ANYAR, GANDUS, KOTA PALEMBANG, SUMATERA SELATAN",33,66,141,207
https://kawalpemilu.org#20607,"KARANG ANYAR, GANDUS, KOTA PALEMBANG, SUMATERA SELATAN",35,77,159,236
https://kawalpemilu.org#20607,"KARANG ANYAR, GANDUS, KOTA PALEMBANG, SUMATERA SELATAN",37,122,101,223
https://kawalpemilu.org#20608,"36 ILIR, GANDUS, KOTA PALEMBANG, SUMATERA SELATAN",1,70,117,187
https://kawalpemilu.org#20608,"36 ILIR, GANDUS, KOTA PALEMBANG, SUMATERA SELATAN",2,54,167,221
https://kawalpemilu.org#20608,"36 ILIR, GANDUS, KOTA PALEMBANG, SUMATERA SELATAN",3,52,155,207
https://kawalpemilu.org#20608,"36 ILIR, GANDUS, KOTA PALEMBANG, SUMATERA SELATAN",4,70,124,196
https://kawalpemilu.org#20608,"36 ILIR, GANDUS, KOTA PALEMBANG, SUMATERA SELATAN",5,83,115,198
https://kawalpemilu.org#20608,"36 ILIR, GANDUS, KOTA PALEMBANG, SUMATERA SELATAN",6,100,110,210
https://kawalpemilu.org#20608,"36 ILIR, GANDUS, KOTA PALEMBANG, SUMATERA SELATAN",7,91,88,179
https://kawalpemilu.org#20608,"36 ILIR, GANDUS, KOTA PALEMBANG, SUMATERA SELATAN",8,66,93,159
https://kawalpemilu.org#20608,"36 ILIR, GANDUS, KOTA PALEMBANG, SUMATERA SELATAN",9,70,113,183
https://kawalpemilu.org#20608,"36 ILIR, GANDUS, KOTA PALEMBANG, SUMATERA SELATAN",10,61,138,199
https://kawalpemilu.org#20608,"36 ILIR, GANDUS, KOTA PALEMBANG, SUMATERA SELATAN",11,81,153,234
https://kawalpemilu.org#20608,"36 ILIR, GANDUS, KOTA PALEMBANG, SUMATERA SELATAN",12,50,107,157
https://kawalpemilu.org#20608,"36 ILIR, GANDUS, KOTA PALEMBANG, SUMATERA SELATAN",13,62,115,177
https://kawalpemilu.org#20608,"36 ILIR, GANDUS, KOTA PALEMBANG, SUMATERA SELATAN",14,89,169,258
https://kawalpemilu.org#20608,"36 ILIR, GANDUS, KOTA PALEMBANG, SUMATERA SELATAN",15,91,156,247
https://kawalpemilu.org#20608,"36 ILIR, GANDUS, KOTA PALEMBANG, SUMATERA SELATAN",16,49,139,188
https://kawalpemilu.org#20608,"36 ILIR, GANDUS, KOTA PALEMBANG, SUMATERA SELATAN",17,51,71,122
https://kawalpemilu.org#20608,"36 ILIR, GANDUS, KOTA PALEMBANG, SUMATERA SELATAN",18,85,152,237
https://kawalpemilu.org#20608,"36 ILIR, GANDUS, KOTA PALEMBANG, SUMATERA SELATAN",20,45,119,164
https://kawalpemilu.org#20608,"36 ILIR, GANDUS, KOTA PALEMBANG, SUMATERA SELATAN",21,70,116,186
https://kawalpemilu.org#20608,"36 ILIR, GANDUS, KOTA PALEMBANG, SUMATERA SELATAN",22,38,85,123
https://kawalpemilu.org#20608,"36 ILIR, GANDUS, KOTA PALEMBANG, SUMATERA SELATAN",23,63,94,157
https://kawalpemilu.org#20608,"36 ILIR, GANDUS, KOTA PALEMBANG, SUMATERA SELATAN",24,79,111,190
https://kawalpemilu.org#20608,"36 ILIR, GANDUS, KOTA PALEMBANG, SUMATERA SELATAN",25,50,150,200
https://kawalpemilu.org#20608,"36 ILIR, GANDUS, KOTA PALEMBANG, SUMATERA SELATAN",26,99,115,214
https://kawalpemilu.org#20608,"36 ILIR, GANDUS, KOTA PALEMBANG, SUMATERA SELATAN",27,84,113,197
https://kawalpemilu.org#20608,"36 ILIR, GANDUS, KOTA PALEMBANG, SUMATERA SELATAN",29,105,160,265
https://kawalpemilu.org#20608,"36 ILIR, GANDUS, KOTA PALEMBANG, SUMATERA SELATAN",30,101,110,211
https://kawalpemilu.org#20608,"36 ILIR, GANDUS, KOTA PALEMBANG, SUMATERA SELATAN",31,76,177,253
https://kawalpemilu.org#20608,"36 ILIR, GANDUS, KOTA PALEMBANG, SUMATERA SELATAN",32,66,89,155
https://kawalpemilu.org#20608,"36 ILIR, GANDUS, KOTA PALEMBANG, SUMATERA SELATAN",33,112,80,192
https://kawalpemilu.org#20608,"36 ILIR, GANDUS, KOTA PALEMBANG, SUMATERA SELATAN",34,93,87,180
https://kawalpemilu.org#20608,"36 ILIR, GANDUS, KOTA PALEMBANG, SUMATERA SELATAN",35,74,151,225
https://kawalpemilu.org#20608,"36 ILIR, GANDUS, KOTA PALEMBANG, SUMATERA SELATAN",36,44,56,100
https://kawalpemilu.org#20609,"KARANG JAYA, GANDUS, KOTA PALEMBANG, SUMATERA SELATAN",1,76,133,209
https://kawalpemilu.org#20609,"KARANG JAYA, GANDUS, KOTA PALEMBANG, SUMATERA SELATAN",2,61,162,223
https://kawalpemilu.org#20609,"KARANG JAYA, GANDUS, KOTA PALEMBANG, SUMATERA SELATAN",3,72,75,147
https://kawalpemilu.org#20609,"KARANG JAYA, GANDUS, KOTA PALEMBANG, SUMATERA SELATAN",4,94,72,166
https://kawalpemilu.org#20609,"KARANG JAYA, GANDUS, KOTA PALEMBANG, SUMATERA SELATAN",5,55,83,138
https://kawalpemilu.org#20609,"KARANG JAYA, GANDUS, KOTA PALEMBANG, SUMATERA SELATAN",6,56,77,133
https://kawalpemilu.org#20609,"KARANG JAYA, GANDUS, KOTA PALEMBANG, SUMATERA SELATAN",7,82,103,185
https://kawalpemilu.org#20609,"KARANG JAYA, GANDUS, KOTA PALEMBANG, SUMATERA SELATAN",8,104,73,177
https://kawalpemilu.org#20609,"KARANG JAYA, GANDUS, KOTA PALEMBANG, SUMATERA SELATAN",9,49,58,107
https://kawalpemilu.org#20609,"KARANG JAYA, GANDUS, KOTA PALEMBANG, SUMATERA SELATAN",10,49,149,198
https://kawalpemilu.org#20609,"KARANG JAYA, GANDUS, KOTA PALEMBANG, SUMATERA SELATAN",11,43,129,172
https://kawalpemilu.org#20609,"KARANG JAYA, GANDUS, KOTA PALEMBANG, SUMATERA SELATAN",12,45,87,132
https://kawalpemilu.org#20609,"KARANG JAYA, GANDUS, KOTA PALEMBANG, SUMATERA SELATAN",13,63,94,157
https://kawalpemilu.org#20609,"KARANG JAYA, GANDUS, KOTA PALEMBANG, SUMATERA SELATAN",14,49,85,134
https://kawalpemilu.org#20609,"KARANG JAYA, GANDUS, KOTA PALEMBANG, SUMATERA SELATAN",15,64,106,170
https://kawalpemilu.org#20609,"KARANG JAYA, GANDUS, KOTA PALEMBANG, SUMATERA SELATAN",16,75,109,184
https://kawalpemilu.org#20609,"KARANG JAYA, GANDUS, KOTA PALEMBANG, SUMATERA SELATAN",17,25,46,71
https://kawalpemilu.org#20609,"KARANG JAYA, GANDUS, KOTA PALEMBANG, SUMATERA SELATAN",18,34,62,96
https://kawalpemilu.org#20609,"KARANG JAYA, GANDUS, KOTA PALEMBANG, SUMATERA SELATAN",19,64,92,156
https://kawalpemilu.org#20609,"KARANG JAYA, GANDUS, KOTA PALEMBANG, SUMATERA SELATAN",20,50,81,131
https://kawalpemilu.org#20609,"KARANG JAYA, GANDUS, KOTA PALEMBANG, SUMATERA SELATAN",21,74,93,167
https://kawalpemilu.org#20609,"KARANG JAYA, GANDUS, KOTA PALEMBANG, SUMATERA SELATAN",22,72,92,164
https://kawalpemilu.org#20609,"KARANG JAYA, GANDUS, KOTA PALEMBANG, SUMATERA SELATAN",23,51,130,181
https://kawalpemilu.org#20609,"KARANG JAYA, GANDUS, KOTA PALEMBANG, SUMATERA SELATAN",24,74,92,166
https://kawalpemilu.org#20609,"KARANG JAYA, GANDUS, KOTA PALEMBANG, SUMATERA SELATAN",25,76,112,188
https://kawalpemilu.org#20609,"KARANG JAYA, GANDUS, KOTA PALEMBANG, SUMATERA SELATAN",26,84,157,241
https://kawalpemilu.org#20609,"KARANG JAYA, GANDUS, KOTA PALEMBANG, SUMATERA SELATAN",27,29,67,96
https://kawalpemilu.org#20609,"KARANG JAYA, GANDUS, KOTA PALEMBANG, SUMATERA SELATAN",28,64,56,120
https://kawalpemilu.org#20609,"KARANG JAYA, GANDUS, KOTA PALEMBANG, SUMATERA SELATAN",29,64,62,126
https://kawalpemilu.org#20609,"KARANG JAYA, GANDUS, KOTA PALEMBANG, SUMATERA SELATAN",30,93,83,176
https://kawalpemilu.org#20609,"KARANG JAYA, GANDUS, KOTA PALEMBANG, SUMATERA SELATAN",31,77,151,226
https://kawalpemilu.org#20609,"KARANG JAYA, GANDUS, KOTA PALEMBANG, SUMATERA SELATAN",32,85,137,222
https://kawalpemilu.org#20609,"KARANG JAYA, GANDUS, KOTA PALEMBANG, SUMATERA SELATAN",33,94,143,237
https://kawalpemilu.org#20609,"KARANG JAYA, GANDUS, KOTA PALEMBANG, SUMATERA SELATAN",34,60,71,131
https://kawalpemilu.org#20609,"KARANG JAYA, GANDUS, KOTA PALEMBANG, SUMATERA SELATAN",35,27,67,94
https://kawalpemilu.org#20609,"KARANG JAYA, GANDUS, KOTA PALEMBANG, SUMATERA SELATAN",36,47,46,93
https://kawalpemilu.org#20609,"KARANG JAYA, GANDUS, KOTA PALEMBANG, SUMATERA SELATAN",37,34,46,80
https://kawalpemilu.org#20609,"KARANG JAYA, GANDUS, KOTA PALEMBANG, SUMATERA SELATAN",38,85,156,241
https://kawalpemilu.org#20609,"KARANG JAYA, GANDUS, KOTA PALEMBANG, SUMATERA SELATAN",39,99,61,160
https://kawalpemilu.org#20609,"KARANG JAYA, GANDUS, KOTA PALEMBANG, SUMATERA SELATAN",41,74,102,176
https://kawalpemilu.org#20609,"KARANG JAYA, GANDUS, KOTA PALEMBANG, SUMATERA SELATAN",42,16,58,74
https://kawalpemilu.org#20609,"KARANG JAYA, GANDUS, KOTA PALEMBANG, SUMATERA SELATAN",43,62,159,221
https://kawalpemilu.org#20610,"PULOKERTO, GANDUS, KOTA PALEMBANG, SUMATERA SELATAN",1,49,132,181
https://kawalpemilu.org#20610,"PULOKERTO, GANDUS, KOTA PALEMBANG, SUMATERA SELATAN",3,69,130,199
https://kawalpemilu.org#20610,"PULOKERTO, GANDUS, KOTA PALEMBANG, SUMATERA SELATAN",4,65,163,228
https://kawalpemilu.org#20610,"PULOKERTO, GANDUS, KOTA PALEMBANG, SUMATERA SELATAN",5,115,115,230
https://kawalpemilu.org#20610,"PULOKERTO, GANDUS, KOTA PALEMBANG, SUMATERA SELATAN",6,52,163,215
https://kawalpemilu.org#20610,"PULOKERTO, GANDUS, KOTA PALEMBANG, SUMATERA SELATAN",8,75,153,228
https://kawalpemilu.org#20610,"PULOKERTO, GANDUS, KOTA PALEMBANG, SUMATERA SELATAN",9,52,170,222
https://kawalpemilu.org#20610,"PULOKERTO, GANDUS, KOTA PALEMBANG, SUMATERA SELATAN",11,85,127,212
https://kawalpemilu.org#20610,"PULOKERTO, GANDUS, KOTA PALEMBANG, SUMATERA SELATAN",13,52,83,135
https://kawalpemilu.org#20610,"PULOKERTO, GANDUS, KOTA PALEMBANG, SUMATERA SELATAN",14,79,126,205
https://kawalpemilu.org#20610,"PULOKERTO, GANDUS, KOTA PALEMBANG, SUMATERA SELATAN",15,88,59,147
https://kawalpemilu.org#20610,"PULOKERTO, GANDUS, KOTA PALEMBANG, SUMATERA SELATAN",16,46,137,183
https://kawalpemilu.org#20610,"PULOKERTO, GANDUS, KOTA PALEMBANG, SUMATERA SELATAN",17,63,174,237
https://kawalpemilu.org#20610,"PULOKERTO, GANDUS, KOTA PALEMBANG, SUMATERA SELATAN",18,49,114,163
https://kawalpemilu.org#20610,"PULOKERTO, GANDUS, KOTA PALEMBANG, SUMATERA SELATAN",19,48,163,211
https://kawalpemilu.org#20610,"PULOKERTO, GANDUS, KOTA PALEMBANG, SUMATERA SELATAN",21,54,115,169
https://kawalpemilu.org#20610,"PULOKERTO, GANDUS, KOTA PALEMBANG, SUMATERA SELATAN",22,75,117,192
https://kawalpemilu.org#20610,"PULOKERTO, GANDUS, KOTA PALEMBANG, SUMATERA SELATAN",23,45,159,204
https://kawalpemilu.org#20610,"PULOKERTO, GANDUS, KOTA PALEMBANG, SUMATERA SELATAN",24,73,184,257
https://kawalpemilu.org#20610,"PULOKERTO, GANDUS, KOTA PALEMBANG, SUMATERA SELATAN",25,50,140,190
https://kawalpemilu.org#20610,"PULOKERTO, GANDUS, KOTA PALEMBANG, SUMATERA SELATAN",26,43,144,187
https://kawalpemilu.org#20610,"PULOKERTO, GANDUS, KOTA PALEMBANG, SUMATERA SELATAN",28,74,183,257
https://kawalpemilu.org#20610,"PULOKERTO, GANDUS, KOTA PALEMBANG, SUMATERA SELATAN",29,79,103,182
https://kawalpemilu.org#20610,"PULOKERTO, GANDUS, KOTA PALEMBANG, SUMATERA SELATAN",30,36,91,127
https://kawalpemilu.org#20610,"PULOKERTO, GANDUS, KOTA PALEMBANG, SUMATERA SELATAN",31,52,84,136
https://kawalpemilu.org#20610,"PULOKERTO, GANDUS, KOTA PALEMBANG, SUMATERA SELATAN",32,94,72,170
https://kawalpemilu.org#20610,"PULOKERTO, GANDUS, KOTA PALEMBANG, SUMATERA SELATAN",33,107,71,178
https://kawalpemilu.org#20610,"PULOKERTO, GANDUS, KOTA PALEMBANG, SUMATERA SELATAN",34,112,33,145
https://kawalpemilu.org#20610,"PULOKERTO, GANDUS, KOTA PALEMBANG, SUMATERA SELATAN",35,83,95,178
https://kawalpemilu.org#20610,"PULOKERTO, GANDUS, KOTA PALEMBANG, SUMATERA SELATAN",36,65,161,226
https://kawalpemilu.org#20610,"PULOKERTO, GANDUS, KOTA PALEMBANG, SUMATERA SELATAN",37,57,61,118
https://kawalpemilu.org#20610,"PULOKERTO, GANDUS, KOTA PALEMBANG, SUMATERA SELATAN",38,41,156,197
https://kawalpemilu.org#20610,"PULOKERTO, GANDUS, KOTA PALEMBANG, SUMATERA SELATAN",41,80,136,216
https://kawalpemilu.org#20612,"KEMAS RINDO, KERTAPATI, KOTA PALEMBANG, SUMATERA SELATAN",1,53,156,209
https://kawalpemilu.org#20612,"KEMAS RINDO, KERTAPATI, KOTA PALEMBANG, SUMATERA SELATAN",2,49,91,140
https://kawalpemilu.org#20612,"KEMAS RINDO, KERTAPATI, KOTA PALEMBANG, SUMATERA SELATAN",3,84,131,215
https://kawalpemilu.org#20612,"KEMAS RINDO, KERTAPATI, KOTA PALEMBANG, SUMATERA SELATAN",6,72,165,237
https://kawalpemilu.org#20612,"KEMAS RINDO, KERTAPATI, KOTA PALEMBANG, SUMATERA SELATAN",8,67,130,197
https://kawalpemilu.org#20612,"KEMAS RINDO, KERTAPATI, KOTA PALEMBANG, SUMATERA SELATAN",9,53,149,202
https://kawalpemilu.org#20612,"KEMAS RINDO, KERTAPATI, KOTA PALEMBANG, SUMATERA SELATAN",10,28,88,116
https://kawalpemilu.org#20612,"KEMAS RINDO, KERTAPATI, KOTA PALEMBANG, SUMATERA SELATAN",11,81,134,215
https://kawalpemilu.org#20612,"KEMAS RINDO, KERTAPATI, KOTA PALEMBANG, SUMATERA SELATAN",12,72,112,184
https://kawalpemilu.org#20612,"KEMAS RINDO, KERTAPATI, KOTA PALEMBANG, SUMATERA SELATAN",13,43,78,121
https://kawalpemilu.org#20612,"KEMAS RINDO, KERTAPATI, KOTA PALEMBANG, SUMATERA SELATAN",14,49,96,145
https://kawalpemilu.org#20612,"KEMAS RINDO, KERTAPATI, KOTA PALEMBANG, SUMATERA SELATAN",15,72,131,203
https://kawalpemilu.org#20612,"KEMAS RINDO, KERTAPATI, KOTA PALEMBANG, SUMATERA SELATAN",16,51,93,144
https://kawalpemilu.org#20612,"KEMAS RINDO, KERTAPATI, KOTA PALEMBANG, SUMATERA SELATAN",17,66,129,195
https://kawalpemilu.org#20612,"KEMAS RINDO, KERTAPATI, KOTA PALEMBANG, SUMATERA SELATAN",18,28,73,101
https://kawalpemilu.org#20612,"KEMAS RINDO, KERTAPATI, KOTA PALEMBANG, SUMATERA SELATAN",19,72,134,206
https://kawalpemilu.org#20612,"KEMAS RINDO, KERTAPATI, KOTA PALEMBANG, SUMATERA SELATAN",20,56,141,197
https://kawalpemilu.org#20612,"KEMAS RINDO, KERTAPATI, KOTA PALEMBANG, SUMATERA SELATAN",21,49,146,195
https://kawalpemilu.org#20612,"KEMAS RINDO, KERTAPATI, KOTA PALEMBANG, SUMATERA SELATAN",22,61,159,220
https://kawalpemilu.org#20612,"KEMAS RINDO, KERTAPATI, KOTA PALEMBANG, SUMATERA SELATAN",23,78,158,236
https://kawalpemilu.org#20612,"KEMAS RINDO, KERTAPATI, KOTA PALEMBANG, SUMATERA SELATAN",25,64,175,239
https://kawalpemilu.org#20612,"KEMAS RINDO, KERTAPATI, KOTA PALEMBANG, SUMATERA SELATAN",26,79,151,230
https://kawalpemilu.org#20612,"KEMAS RINDO, KERTAPATI, KOTA PALEMBANG, SUMATERA SELATAN",27,67,130,197
https://kawalpemilu.org#20612,"KEMAS RINDO, KERTAPATI, KOTA PALEMBANG, SUMATERA SELATAN",28,77,166,243
https://kawalpemilu.org#20612,"KEMAS RINDO, KERTAPATI, KOTA PALEMBANG, SUMATERA SELATAN",29,110,74,184
https://kawalpemilu.org#20612,"KEMAS RINDO, KERTAPATI, KOTA PALEMBANG, SUMATERA SELATAN",30,75,130,205
https://kawalpemilu.org#20612,"KEMAS RINDO, KERTAPATI, KOTA PALEMBANG, SUMATERA SELATAN",31,73,99,172
https://kawalpemilu.org#20612,"KEMAS RINDO, KERTAPATI, KOTA PALEMBANG, SUMATERA SELATAN",32,154,78,232
https://kawalpemilu.org#20612,"KEMAS RINDO, KERTAPATI, KOTA PALEMBANG, SUMATERA SELATAN",33,89,117,206
https://kawalpemilu.org#20612,"KEMAS RINDO, KERTAPATI, KOTA PALEMBANG, SUMATERA SELATAN",34,49,82,131
https://kawalpemilu.org#20612,"KEMAS RINDO, KERTAPATI, KOTA PALEMBANG, SUMATERA SELATAN",35,58,75,133
https://kawalpemilu.org#20612,"KEMAS RINDO, KERTAPATI, KOTA PALEMBANG, SUMATERA SELATAN",36,35,140,175
https://kawalpemilu.org#20612,"KEMAS RINDO, KERTAPATI, KOTA PALEMBANG, SUMATERA SELATAN",38,97,77,174
https://kawalpemilu.org#20612,"KEMAS RINDO, KERTAPATI, KOTA PALEMBANG, SUMATERA SELATAN",39,72,98,170
https://kawalpemilu.org#20612,"KEMAS RINDO, KERTAPATI, KOTA PALEMBANG, SUMATERA SELATAN",40,77,129,206
https://kawalpemilu.org#20612,"KEMAS RINDO, KERTAPATI, KOTA PALEMBANG, SUMATERA SELATAN",41,107,91,198
https://kawalpemilu.org#20612,"KEMAS RINDO, KERTAPATI, KOTA PALEMBANG, SUMATERA SELATAN",42,88,100,188
https://kawalpemilu.org#20612,"KEMAS RINDO, KERTAPATI, KOTA PALEMBANG, SUMATERA SELATAN",43,93,79,172
https://kawalpemilu.org#20612,"KEMAS RINDO, KERTAPATI, KOTA PALEMBANG, SUMATERA SELATAN",44,89,121,210
https://kawalpemilu.org#20612,"KEMAS RINDO, KERTAPATI, KOTA PALEMBANG, SUMATERA SELATAN",45,78,68,146
https://kawalpemilu.org#20612,"KEMAS RINDO, KERTAPATI, KOTA PALEMBANG, SUMATERA SELATAN",46,70,71,141
https://kawalpemilu.org#20612,"KEMAS RINDO, KERTAPATI, KOTA PALEMBANG, SUMATERA SELATAN",47,105,112,217
https://kawalpemilu.org#20612,"KEMAS RINDO, KERTAPATI, KOTA PALEMBANG, SUMATERA SELATAN",48,94,74,168
https://kawalpemilu.org#20612,"KEMAS RINDO, KERTAPATI, KOTA PALEMBANG, SUMATERA SELATAN",49,92,107,199
https://kawalpemilu.org#20613,"KEMANG AGUNG, KERTAPATI, KOTA PALEMBANG, SUMATERA SELATAN",1,65,150,215
https://kawalpemilu.org#20613,"KEMANG AGUNG, KERTAPATI, KOTA PALEMBANG, SUMATERA SELATAN",2,64,83,147
https://kawalpemilu.org#20613,"KEMANG AGUNG, KERTAPATI, KOTA PALEMBANG, SUMATERA SELATAN",4,59,125,184
https://kawalpemilu.org#20613,"KEMANG AGUNG, KERTAPATI, KOTA PALEMBANG, SUMATERA SELATAN",5,72,125,197
https://kawalpemilu.org#20613,"KEMANG AGUNG, KERTAPATI, KOTA PALEMBANG, SUMATERA SELATAN",6,60,145,205
https://kawalpemilu.org#20613,"KEMANG AGUNG, KERTAPATI, KOTA PALEMBANG, SUMATERA SELATAN",7,54,98,152
https://kawalpemilu.org#20613,"KEMANG AGUNG, KERTAPATI, KOTA PALEMBANG, SUMATERA SELATAN",8,96,101,197
https://kawalpemilu.org#20613,"KEMANG AGUNG, KERTAPATI, KOTA PALEMBANG, SUMATERA SELATAN",9,70,109,179
https://kawalpemilu.org#20613,"KEMANG AGUNG, KERTAPATI, KOTA PALEMBANG, SUMATERA SELATAN",10,116,126,242
https://kawalpemilu.org#20613,"KEMANG AGUNG, KERTAPATI, KOTA PALEMBANG, SUMATERA SELATAN",11,97,123,220
https://kawalpemilu.org#20613,"KEMANG AGUNG, KERTAPATI, KOTA PALEMBANG, SUMATERA SELATAN",12,84,110,194
https://kawalpemilu.org#20613,"KEMANG AGUNG, KERTAPATI, KOTA PALEMBANG, SUMATERA SELATAN",13,48,140,188
https://kawalpemilu.org#20613,"KEMANG AGUNG, KERTAPATI, KOTA PALEMBANG, SUMATERA SELATAN",14,48,136,184
https://kawalpemilu.org#20613,"KEMANG AGUNG, KERTAPATI, KOTA PALEMBANG, SUMATERA SELATAN",15,44,143,187
https://kawalpemilu.org#20613,"KEMANG AGUNG, KERTAPATI, KOTA PALEMBANG, SUMATERA SELATAN",16,50,107,157
https://kawalpemilu.org#20613,"KEMANG AGUNG, KERTAPATI, KOTA PALEMBANG, SUMATERA SELATAN",17,67,95,162
https://kawalpemilu.org#20613,"KEMANG AGUNG, KERTAPATI, KOTA PALEMBANG, SUMATERA SELATAN",18,70,147,217
https://kawalpemilu.org#20613,"KEMANG AGUNG, KERTAPATI, KOTA PALEMBANG, SUMATERA SELATAN",19,50,145,195
https://kawalpemilu.org#20613,"KEMANG AGUNG, KERTAPATI, KOTA PALEMBANG, SUMATERA SELATAN",20,89,132,221
https://kawalpemilu.org#20613,"KEMANG AGUNG, KERTAPATI, KOTA PALEMBANG, SUMATERA SELATAN",21,77,136,213
https://kawalpemilu.org#20613,"KEMANG AGUNG, KERTAPATI, KOTA PALEMBANG, SUMATERA SELATAN",22,83,162,245
https://kawalpemilu.org#20613,"KEMANG AGUNG, KERTAPATI, KOTA PALEMBANG, SUMATERA SELATAN",23,103,123,226
https://kawalpemilu.org#20613,"KEMANG AGUNG, KERTAPATI, KOTA PALEMBANG, SUMATERA SELATAN",24,64,189,253
https://kawalpemilu.org#20613,"KEMANG AGUNG, KERTAPATI, KOTA PALEMBANG, SUMATERA SELATAN",25,100,113,213
https://kawalpemilu.org#20613,"KEMANG AGUNG, KERTAPATI, KOTA PALEMBANG, SUMATERA SELATAN",26,85,96,181
https://kawalpemilu.org#20613,"KEMANG AGUNG, KERTAPATI, KOTA PALEMBANG, SUMATERA SELATAN",27,78,98,176
https://kawalpemilu.org#20613,"KEMANG AGUNG, KERTAPATI, KOTA PALEMBANG, SUMATERA SELATAN",28,47,164,211
https://kawalpemilu.org#20613,"KEMANG AGUNG, KERTAPATI, KOTA PALEMBANG, SUMATERA SELATAN",29,45,114,159
https://kawalpemilu.org#20613,"KEMANG AGUNG, KERTAPATI, KOTA PALEMBANG, SUMATERA SELATAN",30,37,98,135
https://kawalpemilu.org#20613,"KEMANG AGUNG, KERTAPATI, KOTA PALEMBANG, SUMATERA SELATAN",31,43,96,139
https://kawalpemilu.org#20613,"KEMANG AGUNG, KERTAPATI, KOTA PALEMBANG, SUMATERA SELATAN",32,76,180,256
https://kawalpemilu.org#20613,"KEMANG AGUNG, KERTAPATI, KOTA PALEMBANG, SUMATERA SELATAN",34,78,81,159
https://kawalpemilu.org#20613,"KEMANG AGUNG, KERTAPATI, KOTA PALEMBANG, SUMATERA SELATAN",36,99,140,239
https://kawalpemilu.org#20613,"KEMANG AGUNG, KERTAPATI, KOTA PALEMBANG, SUMATERA SELATAN",37,64,94,158
https://kawalpemilu.org#20613,"KEMANG AGUNG, KERTAPATI, KOTA PALEMBANG, SUMATERA SELATAN",38,48,80,128
https://kawalpemilu.org#20613,"KEMANG AGUNG, KERTAPATI, KOTA PALEMBANG, SUMATERA SELATAN",39,93,110,203
https://kawalpemilu.org#20613,"KEMANG AGUNG, KERTAPATI, KOTA PALEMBANG, SUMATERA SELATAN",40,69,95,164
https://kawalpemilu.org#20613,"KEMANG AGUNG, KERTAPATI, KOTA PALEMBANG, SUMATERA SELATAN",41,70,176,246
https://kawalpemilu.org#20613,"KEMANG AGUNG, KERTAPATI, KOTA PALEMBANG, SUMATERA SELATAN",42,36,77,113
https://kawalpemilu.org#20613,"KEMANG AGUNG, KERTAPATI, KOTA PALEMBANG, SUMATERA SELATAN",43,68,122,190
https://kawalpemilu.org#20613,"KEMANG AGUNG, KERTAPATI, KOTA PALEMBANG, SUMATERA SELATAN",44,79,202,281
https://kawalpemilu.org#20613,"KEMANG AGUNG, KERTAPATI, KOTA PALEMBANG, SUMATERA SELATAN",46,71,129,200
https://kawalpemilu.org#20613,"KEMANG AGUNG, KERTAPATI, KOTA PALEMBANG, SUMATERA SELATAN",47,60,126,186
https://kawalpemilu.org#20613,"KEMANG AGUNG, KERTAPATI, KOTA PALEMBANG, SUMATERA SELATAN",48,67,131,198
https://kawalpemilu.org#20613,"KEMANG AGUNG, KERTAPATI, KOTA PALEMBANG, SUMATERA SELATAN",49,75,112,187
https://kawalpemilu.org#20613,"KEMANG AGUNG, KERTAPATI, KOTA PALEMBANG, SUMATERA SELATAN",50,64,115,179
https://kawalpemilu.org#20613,"KEMANG AGUNG, KERTAPATI, KOTA PALEMBANG, SUMATERA SELATAN",51,70,103,173
https://kawalpemilu.org#20613,"KEMANG AGUNG, KERTAPATI, KOTA PALEMBANG, SUMATERA SELATAN",52,66,108,174
https://kawalpemilu.org#20613,"KEMANG AGUNG, KERTAPATI, KOTA PALEMBANG, SUMATERA SELATAN",53,59,149,208
https://kawalpemilu.org#20613,"KEMANG AGUNG, KERTAPATI, KOTA PALEMBANG, SUMATERA SELATAN",54,107,178,285
https://kawalpemilu.org#20613,"KEMANG AGUNG, KERTAPATI, KOTA PALEMBANG, SUMATERA SELATAN",55,116,98,214
https://kawalpemilu.org#20613,"KEMANG AGUNG, KERTAPATI, KOTA PALEMBANG, SUMATERA SELATAN",56,98,70,168
https://kawalpemilu.org#20613,"KEMANG AGUNG, KERTAPATI, KOTA PALEMBANG, SUMATERA SELATAN",57,56,48,104
https://kawalpemilu.org#20613,"KEMANG AGUNG, KERTAPATI, KOTA PALEMBANG, SUMATERA SELATAN",58,32,119,151
https://kawalpemilu.org#20613,"KEMANG AGUNG, KERTAPATI, KOTA PALEMBANG, SUMATERA SELATAN",59,60,139,199
https://kawalpemilu.org#20613,"KEMANG AGUNG, KERTAPATI, KOTA PALEMBANG, SUMATERA SELATAN",60,65,152,217
https://kawalpemilu.org#20613,"KEMANG AGUNG, KERTAPATI, KOTA PALEMBANG, SUMATERA SELATAN",62,69,108,177
https://kawalpemilu.org#20613,"KEMANG AGUNG, KERTAPATI, KOTA PALEMBANG, SUMATERA SELATAN",63,57,94,151
https://kawalpemilu.org#20613,"KEMANG AGUNG, KERTAPATI, KOTA PALEMBANG, SUMATERA SELATAN",64,69,146,215
https://kawalpemilu.org#20613,"KEMANG AGUNG, KERTAPATI, KOTA PALEMBANG, SUMATERA SELATAN",65,32,82,114
https://kawalpemilu.org#20614,"KERAMASAN, KERTAPATI, KOTA PALEMBANG, SUMATERA SELATAN",1,88,135,223
https://kawalpemilu.org#20614,"KERAMASAN, KERTAPATI, KOTA PALEMBANG, SUMATERA SELATAN",2,88,95,183
https://kawalpemilu.org#20614,"KERAMASAN, KERTAPATI, KOTA PALEMBANG, SUMATERA SELATAN",3,81,55,136
https://kawalpemilu.org#20614,"KERAMASAN, KERTAPATI, KOTA PALEMBANG, SUMATERA SELATAN",4,79,57,136
https://kawalpemilu.org#20614,"KERAMASAN, KERTAPATI, KOTA PALEMBANG, SUMATERA SELATAN",5,97,143,240
https://kawalpemilu.org#20614,"KERAMASAN, KERTAPATI, KOTA PALEMBANG, SUMATERA SELATAN",6,89,144,233
https://kawalpemilu.org#20614,"KERAMASAN, KERTAPATI, KOTA PALEMBANG, SUMATERA SELATAN",9,67,96,163
https://kawalpemilu.org#20614,"KERAMASAN, KERTAPATI, KOTA PALEMBANG, SUMATERA SELATAN",10,59,89,148
https://kawalpemilu.org#20614,"KERAMASAN, KERTAPATI, KOTA PALEMBANG, SUMATERA SELATAN",11,67,91,158
https://kawalpemilu.org#20614,"KERAMASAN, KERTAPATI, KOTA PALEMBANG, SUMATERA SELATAN",12,33,214,247
https://kawalpemilu.org#20614,"KERAMASAN, KERTAPATI, KOTA PALEMBANG, SUMATERA SELATAN",13,14,119,133
https://kawalpemilu.org#20614,"KERAMASAN, KERTAPATI, KOTA PALEMBANG, SUMATERA SELATAN",14,32,153,185
https://kawalpemilu.org#20614,"KERAMASAN, KERTAPATI, KOTA PALEMBANG, SUMATERA SELATAN",15,30,121,151
https://kawalpemilu.org#20614,"KERAMASAN, KERTAPATI, KOTA PALEMBANG, SUMATERA SELATAN",16,15,93,108
https://kawalpemilu.org#20614,"KERAMASAN, KERTAPATI, KOTA PALEMBANG, SUMATERA SELATAN",18,36,148,184
https://kawalpemilu.org#20614,"KERAMASAN, KERTAPATI, KOTA PALEMBANG, SUMATERA SELATAN",19,57,100,157
https://kawalpemilu.org#20614,"KERAMASAN, KERTAPATI, KOTA PALEMBANG, SUMATERA SELATAN",20,88,99,187
https://kawalpemilu.org#20614,"KERAMASAN, KERTAPATI, KOTA PALEMBANG, SUMATERA SELATAN",21,99,110,209
https://kawalpemilu.org#20614,"KERAMASAN, KERTAPATI, KOTA PALEMBANG, SUMATERA SELATAN",22,92,56,148
https://kawalpemilu.org#20614,"KERAMASAN, KERTAPATI, KOTA PALEMBANG, SUMATERA SELATAN",23,76,67,143
https://kawalpemilu.org#20614,"KERAMASAN, KERTAPATI, KOTA PALEMBANG, SUMATERA SELATAN",24,69,83,152
https://kawalpemilu.org#20614,"KERAMASAN, KERTAPATI, KOTA PALEMBANG, SUMATERA SELATAN",25,86,97,183
https://kawalpemilu.org#20614,"KERAMASAN, KERTAPATI, KOTA PALEMBANG, SUMATERA SELATAN",26,83,89,172
https://kawalpemilu.org#20614,"KERAMASAN, KERTAPATI, KOTA PALEMBANG, SUMATERA SELATAN",27,137,135,272
https://kawalpemilu.org#20614,"KERAMASAN, KERTAPATI, KOTA PALEMBANG, SUMATERA SELATAN",28,64,66,130
https://kawalpemilu.org#20614,"KERAMASAN, KERTAPATI, KOTA PALEMBANG, SUMATERA SELATAN",32,85,124,209
https://kawalpemilu.org#20614,"KERAMASAN, KERTAPATI, KOTA PALEMBANG, SUMATERA SELATAN",38,61,153,214
https://kawalpemilu.org#20614,"KERAMASAN, KERTAPATI, KOTA PALEMBANG, SUMATERA SELATAN",40,85,84,169
https://kawalpemilu.org#20615,"KERTAPATI, KERTAPATI, KOTA PALEMBANG, SUMATERA SELATAN",1,44,209,253
https://kawalpemilu.org#20615,"KERTAPATI, KERTAPATI, KOTA PALEMBANG, SUMATERA SELATAN",2,58,126,184
https://kawalpemilu.org#20615,"KERTAPATI, KERTAPATI, KOTA PALEMBANG, SUMATERA SELATAN",3,76,104,180
https://kawalpemilu.org#20615,"KERTAPATI, KERTAPATI, KOTA PALEMBANG, SUMATERA SELATAN",4,65,98,163
https://kawalpemilu.org#20615,"KERTAPATI, KERTAPATI, KOTA PALEMBANG, SUMATERA SELATAN",5,42,87,129
https://kawalpemilu.org#20615,"KERTAPATI, KERTAPATI, KOTA PALEMBANG, SUMATERA SELATAN",6,85,105,190
https://kawalpemilu.org#20615,"KERTAPATI, KERTAPATI, KOTA PALEMBANG, SUMATERA SELATAN",7,47,79,126
https://kawalpemilu.org#20615,"KERTAPATI, KERTAPATI, KOTA PALEMBANG, SUMATERA SELATAN",8,57,100,157
https://kawalpemilu.org#20615,"KERTAPATI, KERTAPATI, KOTA PALEMBANG, SUMATERA SELATAN",9,86,101,187
https://kawalpemilu.org#20615,"KERTAPATI, KERTAPATI, KOTA PALEMBANG, SUMATERA SELATAN",10,74,75,149
https://kawalpemilu.org#20615,"KERTAPATI, KERTAPATI, KOTA PALEMBANG, SUMATERA SELATAN",11,84,65,149
https://kawalpemilu.org#20615,"KERTAPATI, KERTAPATI, KOTA PALEMBANG, SUMATERA SELATAN",12,58,67,125
https://kawalpemilu.org#20615,"KERTAPATI, KERTAPATI, KOTA PALEMBANG, SUMATERA SELATAN",13,56,92,148
https://kawalpemilu.org#20615,"KERTAPATI, KERTAPATI, KOTA PALEMBANG, SUMATERA SELATAN",14,75,120,195
https://kawalpemilu.org#20615,"KERTAPATI, KERTAPATI, KOTA PALEMBANG, SUMATERA SELATAN",15,42,62,104
https://kawalpemilu.org#20615,"KERTAPATI, KERTAPATI, KOTA PALEMBANG, SUMATERA SELATAN",16,58,96,154
https://kawalpemilu.org#20615,"KERTAPATI, KERTAPATI, KOTA PALEMBANG, SUMATERA SELATAN",17,65,143,208
https://kawalpemilu.org#20615,"KERTAPATI, KERTAPATI, KOTA PALEMBANG, SUMATERA SELATAN",18,103,135,238
https://kawalpemilu.org#20615,"KERTAPATI, KERTAPATI, KOTA PALEMBANG, SUMATERA SELATAN",19,86,100,186
https://kawalpemilu.org#20615,"KERTAPATI, KERTAPATI, KOTA PALEMBANG, SUMATERA SELATAN",20,91,99,190
https://kawalpemilu.org#20615,"KERTAPATI, KERTAPATI, KOTA PALEMBANG, SUMATERA SELATAN",21,40,62,102
https://kawalpemilu.org#20615,"KERTAPATI, KERTAPATI, KOTA PALEMBANG, SUMATERA SELATAN",22,38,83,121
https://kawalpemilu.org#20615,"KERTAPATI, KERTAPATI, KOTA PALEMBANG, SUMATERA SELATAN",23,33,73,106
https://kawalpemilu.org#20615,"KERTAPATI, KERTAPATI, KOTA PALEMBANG, SUMATERA SELATAN",24,102,140,242
https://kawalpemilu.org#20615,"KERTAPATI, KERTAPATI, KOTA PALEMBANG, SUMATERA SELATAN",25,81,115,196
https://kawalpemilu.org#20615,"KERTAPATI, KERTAPATI, KOTA PALEMBANG, SUMATERA SELATAN",26,67,116,183
https://kawalpemilu.org#20615,"KERTAPATI, KERTAPATI, KOTA PALEMBANG, SUMATERA SELATAN",27,53,73,126
https://kawalpemilu.org#20615,"KERTAPATI, KERTAPATI, KOTA PALEMBANG, SUMATERA SELATAN",28,94,102,196
https://kawalpemilu.org#20615,"KERTAPATI, KERTAPATI, KOTA PALEMBANG, SUMATERA SELATAN",29,84,101,185
https://kawalpemilu.org#20615,"KERTAPATI, KERTAPATI, KOTA PALEMBANG, SUMATERA SELATAN",30,80,69,149
https://kawalpemilu.org#20615,"KERTAPATI, KERTAPATI, KOTA PALEMBANG, SUMATERA SELATAN",31,108,76,184
https://kawalpemilu.org#20616,"KARYA JAYA, KERTAPATI, KOTA PALEMBANG, SUMATERA SELATAN",1,63,79,142
https://kawalpemilu.org#20616,"KARYA JAYA, KERTAPATI, KOTA PALEMBANG, SUMATERA SELATAN",2,67,66,133
https://kawalpemilu.org#20616,"KARYA JAYA, KERTAPATI, KOTA PALEMBANG, SUMATERA SELATAN",3,93,141,234
https://kawalpemilu.org#20616,"KARYA JAYA, KERTAPATI, KOTA PALEMBANG, SUMATERA SELATAN",4,123,150,273
https://kawalpemilu.org#20616,"KARYA JAYA, KERTAPATI, KOTA PALEMBANG, SUMATERA SELATAN",5,61,113,174
https://kawalpemilu.org#20616,"KARYA JAYA, KERTAPATI, KOTA PALEMBANG, SUMATERA SELATAN",6,53,99,152
https://kawalpemilu.org#20616,"KARYA JAYA, KERTAPATI, KOTA PALEMBANG, SUMATERA SELATAN",8,60,102,162
https://kawalpemilu.org#20616,"KARYA JAYA, KERTAPATI, KOTA PALEMBANG, SUMATERA SELATAN",9,116,120,236
https://kawalpemilu.org#20616,"KARYA JAYA, KERTAPATI, KOTA PALEMBANG, SUMATERA SELATAN",10,77,131,208
https://kawalpemilu.org#20616,"KARYA JAYA, KERTAPATI, KOTA PALEMBANG, SUMATERA SELATAN",11,98,85,183
https://kawalpemilu.org#20616,"KARYA JAYA, KERTAPATI, KOTA PALEMBANG, SUMATERA SELATAN",12,53,99,152
https://kawalpemilu.org#20616,"KARYA JAYA, KERTAPATI, KOTA PALEMBANG, SUMATERA SELATAN",13,108,68,176
https://kawalpemilu.org#20616,"KARYA JAYA, KERTAPATI, KOTA PALEMBANG, SUMATERA SELATAN",14,95,82,177
https://kawalpemilu.org#20616,"KARYA JAYA, KERTAPATI, KOTA PALEMBANG, SUMATERA SELATAN",15,93,98,191
https://kawalpemilu.org#20616,"KARYA JAYA, KERTAPATI, KOTA PALEMBANG, SUMATERA SELATAN",16,78,142,220
https://kawalpemilu.org#20616,"KARYA JAYA, KERTAPATI, KOTA PALEMBANG, SUMATERA SELATAN",17,72,194,266
https://kawalpemilu.org#20616,"KARYA JAYA, KERTAPATI, KOTA PALEMBANG, SUMATERA SELATAN",18,119,95,214
https://kawalpemilu.org#20616,"KARYA JAYA, KERTAPATI, KOTA PALEMBANG, SUMATERA SELATAN",19,126,86,212
https://kawalpemilu.org#20616,"KARYA JAYA, KERTAPATI, KOTA PALEMBANG, SUMATERA SELATAN",20,107,68,175
https://kawalpemilu.org#20616,"KARYA JAYA, KERTAPATI, KOTA PALEMBANG, SUMATERA SELATAN",21,83,109,192
https://kawalpemilu.org#20616,"KARYA JAYA, KERTAPATI, KOTA PALEMBANG, SUMATERA SELATAN",22,66,82,148
https://kawalpemilu.org#20616,"KARYA JAYA, KERTAPATI, KOTA PALEMBANG, SUMATERA SELATAN",23,72,97,169
https://kawalpemilu.org#20616,"KARYA JAYA, KERTAPATI, KOTA PALEMBANG, SUMATERA SELATAN",24,139,132,271
https://kawalpemilu.org#20616,"KARYA JAYA, KERTAPATI, KOTA PALEMBANG, SUMATERA SELATAN",25,132,128,260
https://kawalpemilu.org#20616,"KARYA JAYA, KERTAPATI, KOTA PALEMBANG, SUMATERA SELATAN",26,109,84,193
https://kawalpemilu.org#20616,"KARYA JAYA, KERTAPATI, KOTA PALEMBANG, SUMATERA SELATAN",27,111,95,206
https://kawalpemilu.org#20616,"KARYA JAYA, KERTAPATI, KOTA PALEMBANG, SUMATERA SELATAN",28,92,115,207
https://kawalpemilu.org#20616,"KARYA JAYA, KERTAPATI, KOTA PALEMBANG, SUMATERA SELATAN",29,75,110,185
https://kawalpemilu.org#20616,"KARYA JAYA, KERTAPATI, KOTA PALEMBANG, SUMATERA SELATAN",30,81,131,212
https://kawalpemilu.org#20616,"KARYA JAYA, KERTAPATI, KOTA PALEMBANG, SUMATERA SELATAN",31,156,105,261
https://kawalpemilu.org#20616,"KARYA JAYA, KERTAPATI, KOTA PALEMBANG, SUMATERA SELATAN",32,92,149,241
https://kawalpemilu.org#20617,"OGAN BARU, KERTAPATI, KOTA PALEMBANG, SUMATERA SELATAN",1,70,97,167
https://kawalpemilu.org#20617,"OGAN BARU, KERTAPATI, KOTA PALEMBANG, SUMATERA SELATAN",2,46,151,197
https://kawalpemilu.org#20617,"OGAN BARU, KERTAPATI, KOTA PALEMBANG, SUMATERA SELATAN",3,87,135,222
https://kawalpemilu.org#20617,"OGAN BARU, KERTAPATI, KOTA PALEMBANG, SUMATERA SELATAN",4,85,132,217
https://kawalpemilu.org#20617,"OGAN BARU, KERTAPATI, KOTA PALEMBANG, SUMATERA SELATAN",5,57,50,107
https://kawalpemilu.org#20617,"OGAN BARU, KERTAPATI, KOTA PALEMBANG, SUMATERA SELATAN",7,58,91,149
https://kawalpemilu.org#20617,"OGAN BARU, KERTAPATI, KOTA PALEMBANG, SUMATERA SELATAN",8,92,142,234
https://kawalpemilu.org#20617,"OGAN BARU, KERTAPATI, KOTA PALEMBANG, SUMATERA SELATAN",11,70,90,160
https://kawalpemilu.org#20617,"OGAN BARU, KERTAPATI, KOTA PALEMBANG, SUMATERA SELATAN",12,56,105,161
https://kawalpemilu.org#20617,"OGAN BARU, KERTAPATI, KOTA PALEMBANG, SUMATERA SELATAN",13,37,97,134
https://kawalpemilu.org#20617,"OGAN BARU, KERTAPATI, KOTA PALEMBANG, SUMATERA SELATAN",14,54,84,138
https://kawalpemilu.org#20617,"OGAN BARU, KERTAPATI, KOTA PALEMBANG, SUMATERA SELATAN",15,106,106,212
https://kawalpemilu.org#20617,"OGAN BARU, KERTAPATI, KOTA PALEMBANG, SUMATERA SELATAN",16,93,87,180
https://kawalpemilu.org#20617,"OGAN BARU, KERTAPATI, KOTA PALEMBANG, SUMATERA SELATAN",17,81,54,135
https://kawalpemilu.org#20617,"OGAN BARU, KERTAPATI, KOTA PALEMBANG, SUMATERA SELATAN",18,121,92,213
https://kawalpemilu.org#20617,"OGAN BARU, KERTAPATI, KOTA PALEMBANG, SUMATERA SELATAN",19,76,121,197
https://kawalpemilu.org#20617,"OGAN BARU, KERTAPATI, KOTA PALEMBANG, SUMATERA SELATAN",20,65,127,192
https://kawalpemilu.org#20617,"OGAN BARU, KERTAPATI, KOTA PALEMBANG, SUMATERA SELATAN",23,72,92,164
https://kawalpemilu.org#20617,"OGAN BARU, KERTAPATI, KOTA PALEMBANG, SUMATERA SELATAN",24,86,106,192
https://kawalpemilu.org#20617,"OGAN BARU, KERTAPATI, KOTA PALEMBANG, SUMATERA SELATAN",25,115,93,208
https://kawalpemilu.org#20617,"OGAN BARU, KERTAPATI, KOTA PALEMBANG, SUMATERA SELATAN",26,102,123,225
https://kawalpemilu.org#20617,"OGAN BARU, KERTAPATI, KOTA PALEMBANG, SUMATERA SELATAN",29,66,121,187
https://kawalpemilu.org#20617,"OGAN BARU, KERTAPATI, KOTA PALEMBANG, SUMATERA SELATAN",30,75,80,155
https://kawalpemilu.org#20617,"OGAN BARU, KERTAPATI, KOTA PALEMBANG, SUMATERA SELATAN",31,90,86,176
https://kawalpemilu.org#20617,"OGAN BARU, KERTAPATI, KOTA PALEMBANG, SUMATERA SELATAN",32,47,98,145
https://kawalpemilu.org#20617,"OGAN BARU, KERTAPATI, KOTA PALEMBANG, SUMATERA SELATAN",33,107,110,217
https://kawalpemilu.org#20617,"OGAN BARU, KERTAPATI, KOTA PALEMBANG, SUMATERA SELATAN",34,103,97,200
https://kawalpemilu.org#20617,"OGAN BARU, KERTAPATI, KOTA PALEMBANG, SUMATERA SELATAN",35,126,140,266
https://kawalpemilu.org#20617,"OGAN BARU, KERTAPATI, KOTA PALEMBANG, SUMATERA SELATAN",36,92,168,260
https://kawalpemilu.org#20617,"OGAN BARU, KERTAPATI, KOTA PALEMBANG, SUMATERA SELATAN",37,53,139,192
https://kawalpemilu.org#20617,"OGAN BARU, KERTAPATI, KOTA PALEMBANG, SUMATERA SELATAN",38,96,134,230
https://kawalpemilu.org#20617,"OGAN BARU, KERTAPATI, KOTA PALEMBANG, SUMATERA SELATAN",40,66,71,137
https://kawalpemilu.org#20617,"OGAN BARU, KERTAPATI, KOTA PALEMBANG, SUMATERA SELATAN",41,92,149,241
https://kawalpemilu.org#20617,"OGAN BARU, KERTAPATI, KOTA PALEMBANG, SUMATERA SELATAN",42,130,53,183
https://kawalpemilu.org#20617,"OGAN BARU, KERTAPATI, KOTA PALEMBANG, SUMATERA SELATAN",43,119,91,210
https://kawalpemilu.org#20617,"OGAN BARU, KERTAPATI, KOTA PALEMBANG, SUMATERA SELATAN",44,114,107,221
https://kawalpemilu.org#20617,"OGAN BARU, KERTAPATI, KOTA PALEMBANG, SUMATERA SELATAN",45,126,113,239
https://kawalpemilu.org#20617,"OGAN BARU, KERTAPATI, KOTA PALEMBANG, SUMATERA SELATAN",46,86,63,149
https://kawalpemilu.org#20617,"OGAN BARU, KERTAPATI, KOTA PALEMBANG, SUMATERA SELATAN",47,82,75,157
https://kawalpemilu.org#20617,"OGAN BARU, KERTAPATI, KOTA PALEMBANG, SUMATERA SELATAN",48,108,60,168
https://kawalpemilu.org#20617,"OGAN BARU, KERTAPATI, KOTA PALEMBANG, SUMATERA SELATAN",50,83,75,158
https://kawalpemilu.org#20617,"OGAN BARU, KERTAPATI, KOTA PALEMBANG, SUMATERA SELATAN",51,67,136,203
https://kawalpemilu.org#20617,"OGAN BARU, KERTAPATI, KOTA PALEMBANG, SUMATERA SELATAN",52,63,69,132
https://kawalpemilu.org#20617,"OGAN BARU, KERTAPATI, KOTA PALEMBANG, SUMATERA SELATAN",53,87,97,184
https://kawalpemilu.org#20617,"OGAN BARU, KERTAPATI, KOTA PALEMBANG, SUMATERA SELATAN",54,90,94,184
https://kawalpemilu.org#20617,"OGAN BARU, KERTAPATI, KOTA PALEMBANG, SUMATERA SELATAN",55,80,77,157
https://kawalpemilu.org#20617,"OGAN BARU, KERTAPATI, KOTA PALEMBANG, SUMATERA SELATAN",56,54,139,193
https://kawalpemilu.org#20617,"OGAN BARU, KERTAPATI, KOTA PALEMBANG, SUMATERA SELATAN",57,51,79,130
https://kawalpemilu.org#20617,"OGAN BARU, KERTAPATI, KOTA PALEMBANG, SUMATERA SELATAN",58,90,71,161
https://kawalpemilu.org#20617,"OGAN BARU, KERTAPATI, KOTA PALEMBANG, SUMATERA SELATAN",60,98,78,176
https://kawalpemilu.org#20617,"OGAN BARU, KERTAPATI, KOTA PALEMBANG, SUMATERA SELATAN",61,178,58,236
https://kawalpemilu.org#20617,"OGAN BARU, KERTAPATI, KOTA PALEMBANG, SUMATERA SELATAN",62,46,103,149
https://kawalpemilu.org#20619,"BAGUS KUNING, PLAJU, KOTA PALEMBANG, SUMATERA SELATAN",1,88,153,247
https://kawalpemilu.org#20619,"BAGUS KUNING, PLAJU, KOTA PALEMBANG, SUMATERA SELATAN",2,41,147,188
https://kawalpemilu.org#20619,"BAGUS KUNING, PLAJU, KOTA PALEMBANG, SUMATERA SELATAN",3,63,136,199
https://kawalpemilu.org#20619,"BAGUS KUNING, PLAJU, KOTA PALEMBANG, SUMATERA SELATAN",4,54,139,193
https://kawalpemilu.org#20619,"BAGUS KUNING, PLAJU, KOTA PALEMBANG, SUMATERA SELATAN",5,68,109,177
https://kawalpemilu.org#20619,"BAGUS KUNING, PLAJU, KOTA PALEMBANG, SUMATERA SELATAN",6,115,142,257
https://kawalpemilu.org#20619,"BAGUS KUNING, PLAJU, KOTA PALEMBANG, SUMATERA SELATAN",7,100,127,227
https://kawalpemilu.org#20619,"BAGUS KUNING, PLAJU, KOTA PALEMBANG, SUMATERA SELATAN",8,79,154,233
https://kawalpemilu.org#20619,"BAGUS KUNING, PLAJU, KOTA PALEMBANG, SUMATERA SELATAN",9,89,139,228
https://kawalpemilu.org#20619,"BAGUS KUNING, PLAJU, KOTA PALEMBANG, SUMATERA SELATAN",10,112,117,229
https://kawalpemilu.org#20619,"BAGUS KUNING, PLAJU, KOTA PALEMBANG, SUMATERA SELATAN",11,114,143,257
https://kawalpemilu.org#20619,"BAGUS KUNING, PLAJU, KOTA PALEMBANG, SUMATERA SELATAN",12,76,149,225
https://kawalpemilu.org#20619,"BAGUS KUNING, PLAJU, KOTA PALEMBANG, SUMATERA SELATAN",13,87,137,224
https://kawalpemilu.org#20619,"BAGUS KUNING, PLAJU, KOTA PALEMBANG, SUMATERA SELATAN",14,110,90,200
https://kawalpemilu.org#20619,"BAGUS KUNING, PLAJU, KOTA PALEMBANG, SUMATERA SELATAN",15,132,117,249
https://kawalpemilu.org#20619,"BAGUS KUNING, PLAJU, KOTA PALEMBANG, SUMATERA SELATAN",16,63,77,140
https://kawalpemilu.org#20619,"BAGUS KUNING, PLAJU, KOTA PALEMBANG, SUMATERA SELATAN",17,77,77,154
https://kawalpemilu.org#20619,"BAGUS KUNING, PLAJU, KOTA PALEMBANG, SUMATERA SELATAN",18,74,85,159
https://kawalpemilu.org#20619,"BAGUS KUNING, PLAJU, KOTA PALEMBANG, SUMATERA SELATAN",19,91,99,190
https://kawalpemilu.org#20619,"BAGUS KUNING, PLAJU, KOTA PALEMBANG, SUMATERA SELATAN",20,86,99,185
https://kawalpemilu.org#20619,"BAGUS KUNING, PLAJU, KOTA PALEMBANG, SUMATERA SELATAN",21,97,156,253
https://kawalpemilu.org#20619,"BAGUS KUNING, PLAJU, KOTA PALEMBANG, SUMATERA SELATAN",22,92,116,208
https://kawalpemilu.org#20619,"BAGUS KUNING, PLAJU, KOTA PALEMBANG, SUMATERA SELATAN",23,65,113,178
https://kawalpemilu.org#20619,"BAGUS KUNING, PLAJU, KOTA PALEMBANG, SUMATERA SELATAN",24,66,180,246
https://kawalpemilu.org#20619,"BAGUS KUNING, PLAJU, KOTA PALEMBANG, SUMATERA SELATAN",25,62,147,209
https://kawalpemilu.org#20619,"BAGUS KUNING, PLAJU, KOTA PALEMBANG, SUMATERA SELATAN",26,105,121,226
https://kawalpemilu.org#20619,"BAGUS KUNING, PLAJU, KOTA PALEMBANG, SUMATERA SELATAN",27,55,162,217
https://kawalpemilu.org#20619,"BAGUS KUNING, PLAJU, KOTA PALEMBANG, SUMATERA SELATAN",28,53,113,166
https://kawalpemilu.org#20619,"BAGUS KUNING, PLAJU, KOTA PALEMBANG, SUMATERA SELATAN",29,60,122,182
https://kawalpemilu.org#20619,"BAGUS KUNING, PLAJU, KOTA PALEMBANG, SUMATERA SELATAN",30,115,141,256
https://kawalpemilu.org#20620,"PLAJU DARAT, PLAJU, KOTA PALEMBANG, SUMATERA SELATAN",1,62,123,185
https://kawalpemilu.org#20620,"PLAJU DARAT, PLAJU, KOTA PALEMBANG, SUMATERA SELATAN",2,72,167,239
https://kawalpemilu.org#20620,"PLAJU DARAT, PLAJU, KOTA PALEMBANG, SUMATERA SELATAN",3,83,94,177
https://kawalpemilu.org#20620,"PLAJU DARAT, PLAJU, KOTA PALEMBANG, SUMATERA SELATAN",4,100,164,264
https://kawalpemilu.org#20620,"PLAJU DARAT, PLAJU, KOTA PALEMBANG, SUMATERA SELATAN",5,41,138,179
https://kawalpemilu.org#20620,"PLAJU DARAT, PLAJU, KOTA PALEMBANG, SUMATERA SELATAN",6,93,158,251
https://kawalpemilu.org#20620,"PLAJU DARAT, PLAJU, KOTA PALEMBANG, SUMATERA SELATAN",7,90,102,192
https://kawalpemilu.org#20620,"PLAJU DARAT, PLAJU, KOTA PALEMBANG, SUMATERA SELATAN",8,99,155,254
https://kawalpemilu.org#20620,"PLAJU DARAT, PLAJU, KOTA PALEMBANG, SUMATERA SELATAN",9,103,132,235
https://kawalpemilu.org#20620,"PLAJU DARAT, PLAJU, KOTA PALEMBANG, SUMATERA SELATAN",10,86,131,217
https://kawalpemilu.org#20620,"PLAJU DARAT, PLAJU, KOTA PALEMBANG, SUMATERA SELATAN",11,109,111,220
https://kawalpemilu.org#20620,"PLAJU DARAT, PLAJU, KOTA PALEMBANG, SUMATERA SELATAN",12,97,134,231
https://kawalpemilu.org#20620,"PLAJU DARAT, PLAJU, KOTA PALEMBANG, SUMATERA SELATAN",13,136,136,272
https://kawalpemilu.org#20620,"PLAJU DARAT, PLAJU, KOTA PALEMBANG, SUMATERA SELATAN",14,88,111,199
https://kawalpemilu.org#20620,"PLAJU DARAT, PLAJU, KOTA PALEMBANG, SUMATERA SELATAN",15,106,161,267
https://kawalpemilu.org#20620,"PLAJU DARAT, PLAJU, KOTA PALEMBANG, SUMATERA SELATAN",16,83,113,196
https://kawalpemilu.org#20620,"PLAJU DARAT, PLAJU, KOTA PALEMBANG, SUMATERA SELATAN",17,93,81,174
https://kawalpemilu.org#20620,"PLAJU DARAT, PLAJU, KOTA PALEMBANG, SUMATERA SELATAN",18,86,61,147
https://kawalpemilu.org#20620,"PLAJU DARAT, PLAJU, KOTA PALEMBANG, SUMATERA SELATAN",19,97,88,185
https://kawalpemilu.org#20620,"PLAJU DARAT, PLAJU, KOTA PALEMBANG, SUMATERA SELATAN",20,90,81,171
https://kawalpemilu.org#20620,"PLAJU DARAT, PLAJU, KOTA PALEMBANG, SUMATERA SELATAN",21,108,152,260
https://kawalpemilu.org#20620,"PLAJU DARAT, PLAJU, KOTA PALEMBANG, SUMATERA SELATAN",22,114,123,237
https://kawalpemilu.org#20620,"PLAJU DARAT, PLAJU, KOTA PALEMBANG, SUMATERA SELATAN",23,96,140,236
https://kawalpemilu.org#20620,"PLAJU DARAT, PLAJU, KOTA PALEMBANG, SUMATERA SELATAN",24,109,157,266
https://kawalpemilu.org#20620,"PLAJU DARAT, PLAJU, KOTA PALEMBANG, SUMATERA SELATAN",25,98,116,214
https://kawalpemilu.org#20620,"PLAJU DARAT, PLAJU, KOTA PALEMBANG, SUMATERA SELATAN",26,87,132,219
https://kawalpemilu.org#20620,"PLAJU DARAT, PLAJU, KOTA PALEMBANG, SUMATERA SELATAN",27,93,96,189
https://kawalpemilu.org#20620,"PLAJU DARAT, PLAJU, KOTA PALEMBANG, SUMATERA SELATAN",28,60,167,227
https://kawalpemilu.org#20620,"PLAJU DARAT, PLAJU, KOTA PALEMBANG, SUMATERA SELATAN",29,64,184,248
https://kawalpemilu.org#20620,"PLAJU DARAT, PLAJU, KOTA PALEMBANG, SUMATERA SELATAN",30,108,103,211
https://kawalpemilu.org#20620,"PLAJU DARAT, PLAJU, KOTA PALEMBANG, SUMATERA SELATAN",31,99,158,257
https://kawalpemilu.org#20620,"PLAJU DARAT, PLAJU, KOTA PALEMBANG, SUMATERA SELATAN",32,91,154,245
https://kawalpemilu.org#20620,"PLAJU DARAT, PLAJU, KOTA PALEMBANG, SUMATERA SELATAN",33,73,146,219
https://kawalpemilu.org#20620,"PLAJU DARAT, PLAJU, KOTA PALEMBANG, SUMATERA SELATAN",34,57,147,204
https://kawalpemilu.org#20620,"PLAJU DARAT, PLAJU, KOTA PALEMBANG, SUMATERA SELATAN",35,44,104,148
https://kawalpemilu.org#20620,"PLAJU DARAT, PLAJU, KOTA PALEMBANG, SUMATERA SELATAN",39,72,200,272
https://kawalpemilu.org#20620,"PLAJU DARAT, PLAJU, KOTA PALEMBANG, SUMATERA SELATAN",40,90,135,225
https://kawalpemilu.org#20620,"PLAJU DARAT, PLAJU, KOTA PALEMBANG, SUMATERA SELATAN",41,74,173,247
https://kawalpemilu.org#20620,"PLAJU DARAT, PLAJU, KOTA PALEMBANG, SUMATERA SELATAN",42,83,84,167
https://kawalpemilu.org#20620,"PLAJU DARAT, PLAJU, KOTA PALEMBANG, SUMATERA SELATAN",43,72,99,171
https://kawalpemilu.org#20620,"PLAJU DARAT, PLAJU, KOTA PALEMBANG, SUMATERA SELATAN",44,106,176,282
https://kawalpemilu.org#20620,"PLAJU DARAT, PLAJU, KOTA PALEMBANG, SUMATERA SELATAN",45,132,77,209
https://kawalpemilu.org#20620,"PLAJU DARAT, PLAJU, KOTA PALEMBANG, SUMATERA SELATAN",46,58,177,235
https://kawalpemilu.org#20620,"PLAJU DARAT, PLAJU, KOTA PALEMBANG, SUMATERA SELATAN",48,39,74,113
https://kawalpemilu.org#20621,"PLAJU ILIR, PLAJU, KOTA PALEMBANG, SUMATERA SELATAN",1,91,143,234
https://kawalpemilu.org#20621,"PLAJU ILIR, PLAJU, KOTA PALEMBANG, SUMATERA SELATAN",2,59,179,238
https://kawalpemilu.org#20621,"PLAJU ILIR, PLAJU, KOTA PALEMBANG, SUMATERA SELATAN",3,86,135,221
https://kawalpemilu.org#20621,"PLAJU ILIR, PLAJU, KOTA PALEMBANG, SUMATERA SELATAN",4,95,157,252
https://kawalpemilu.org#20621,"PLAJU ILIR, PLAJU, KOTA PALEMBANG, SUMATERA SELATAN",5,100,162,262
https://kawalpemilu.org#20621,"PLAJU ILIR, PLAJU, KOTA PALEMBANG, SUMATERA SELATAN",6,76,153,229
https://kawalpemilu.org#20621,"PLAJU ILIR, PLAJU, KOTA PALEMBANG, SUMATERA SELATAN",7,95,116,211
https://kawalpemilu.org#20621,"PLAJU ILIR, PLAJU, KOTA PALEMBANG, SUMATERA SELATAN",8,75,149,224
https://kawalpemilu.org#20621,"PLAJU ILIR, PLAJU, KOTA PALEMBANG, SUMATERA SELATAN",9,68,153,221
https://kawalpemilu.org#20621,"PLAJU ILIR, PLAJU, KOTA PALEMBANG, SUMATERA SELATAN",10,58,112,170
https://kawalpemilu.org#20621,"PLAJU ILIR, PLAJU, KOTA PALEMBANG, SUMATERA SELATAN",11,81,130,211
https://kawalpemilu.org#20621,"PLAJU ILIR, PLAJU, KOTA PALEMBANG, SUMATERA SELATAN",12,114,108,222
https://kawalpemilu.org#20621,"PLAJU ILIR, PLAJU, KOTA PALEMBANG, SUMATERA SELATAN",13,61,83,144
https://kawalpemilu.org#20621,"PLAJU ILIR, PLAJU, KOTA PALEMBANG, SUMATERA SELATAN",14,92,110,202
https://kawalpemilu.org#20621,"PLAJU ILIR, PLAJU, KOTA PALEMBANG, SUMATERA SELATAN",15,97,154,251
https://kawalpemilu.org#20621,"PLAJU ILIR, PLAJU, KOTA PALEMBANG, SUMATERA SELATAN",16,100,115,215
https://kawalpemilu.org#20621,"PLAJU ILIR, PLAJU, KOTA PALEMBANG, SUMATERA SELATAN",17,86,164,250
https://kawalpemilu.org#20621,"PLAJU ILIR, PLAJU, KOTA PALEMBANG, SUMATERA SELATAN",18,54,103,157
https://kawalpemilu.org#20621,"PLAJU ILIR, PLAJU, KOTA PALEMBANG, SUMATERA SELATAN",19,49,122,171
https://kawalpemilu.org#20621,"PLAJU ILIR, PLAJU, KOTA PALEMBANG, SUMATERA SELATAN",20,64,154,218
https://kawalpemilu.org#20621,"PLAJU ILIR, PLAJU, KOTA PALEMBANG, SUMATERA SELATAN",21,74,144,218
https://kawalpemilu.org#20621,"PLAJU ILIR, PLAJU, KOTA PALEMBANG, SUMATERA SELATAN",22,75,175,250
https://kawalpemilu.org#20621,"PLAJU ILIR, PLAJU, KOTA PALEMBANG, SUMATERA SELATAN",23,134,93,227
https://kawalpemilu.org#20621,"PLAJU ILIR, PLAJU, KOTA PALEMBANG, SUMATERA SELATAN",24,100,129,229
https://kawalpemilu.org#20621,"PLAJU ILIR, PLAJU, KOTA PALEMBANG, SUMATERA SELATAN",25,94,152,246
https://kawalpemilu.org#20621,"PLAJU ILIR, PLAJU, KOTA PALEMBANG, SUMATERA SELATAN",26,56,169,225
https://kawalpemilu.org#20621,"PLAJU ILIR, PLAJU, KOTA PALEMBANG, SUMATERA SELATAN",27,55,147,202
https://kawalpemilu.org#20621,"PLAJU ILIR, PLAJU, KOTA PALEMBANG, SUMATERA SELATAN",28,94,125,219
https://kawalpemilu.org#20621,"PLAJU ILIR, PLAJU, KOTA PALEMBANG, SUMATERA SELATAN",29,131,114,245
https://kawalpemilu.org#20621,"PLAJU ILIR, PLAJU, KOTA PALEMBANG, SUMATERA SELATAN",30,72,179,251
https://kawalpemilu.org#20621,"PLAJU ILIR, PLAJU, KOTA PALEMBANG, SUMATERA SELATAN",31,104,117,221
https://kawalpemilu.org#20621,"PLAJU ILIR, PLAJU, KOTA PALEMBANG, SUMATERA SELATAN",32,67,199,266
https://kawalpemilu.org#20621,"PLAJU ILIR, PLAJU, KOTA PALEMBANG, SUMATERA SELATAN",33,87,169,256
https://kawalpemilu.org#20621,"PLAJU ILIR, PLAJU, KOTA PALEMBANG, SUMATERA SELATAN",34,93,133,226
https://kawalpemilu.org#20621,"PLAJU ILIR, PLAJU, KOTA PALEMBANG, SUMATERA SELATAN",35,109,123,232
https://kawalpemilu.org#20621,"PLAJU ILIR, PLAJU, KOTA PALEMBANG, SUMATERA SELATAN",36,85,126,211
https://kawalpemilu.org#20621,"PLAJU ILIR, PLAJU, KOTA PALEMBANG, SUMATERA SELATAN",37,93,157,250
https://kawalpemilu.org#20621,"PLAJU ILIR, PLAJU, KOTA PALEMBANG, SUMATERA SELATAN",38,60,143,203
https://kawalpemilu.org#20623,"KOMPERTA, PLAJU, KOTA PALEMBANG, SUMATERA SELATAN",1,34,232,266
https://kawalpemilu.org#20623,"KOMPERTA, PLAJU, KOTA PALEMBANG, SUMATERA SELATAN",2,37,198,235
https://kawalpemilu.org#20623,"KOMPERTA, PLAJU, KOTA PALEMBANG, SUMATERA SELATAN",3,42,227,269
https://kawalpemilu.org#20623,"KOMPERTA, PLAJU, KOTA PALEMBANG, SUMATERA SELATAN",4,31,232,263
https://kawalpemilu.org#20623,"KOMPERTA, PLAJU, KOTA PALEMBANG, SUMATERA SELATAN",5,76,174,250
https://kawalpemilu.org#20623,"KOMPERTA, PLAJU, KOTA PALEMBANG, SUMATERA SELATAN",6,64,143,207
https://kawalpemilu.org#20623,"KOMPERTA, PLAJU, KOTA PALEMBANG, SUMATERA SELATAN",7,45,196,241
https://kawalpemilu.org#20624,"TALANG PUTRI, PLAJU, KOTA PALEMBANG, SUMATERA SELATAN",1,98,115,213
https://kawalpemilu.org#20624,"TALANG PUTRI, PLAJU, KOTA PALEMBANG, SUMATERA SELATAN",2,100,138,238
https://kawalpemilu.org#20624,"TALANG PUTRI, PLAJU, KOTA PALEMBANG, SUMATERA SELATAN",3,78,140,218
https://kawalpemilu.org#20624,"TALANG PUTRI, PLAJU, KOTA PALEMBANG, SUMATERA SELATAN",4,81,95,176
https://kawalpemilu.org#20624,"TALANG PUTRI, PLAJU, KOTA PALEMBANG, SUMATERA SELATAN",5,92,113,205
https://kawalpemilu.org#20624,"TALANG PUTRI, PLAJU, KOTA PALEMBANG, SUMATERA SELATAN",6,83,113,196
https://kawalpemilu.org#20624,"TALANG PUTRI, PLAJU, KOTA PALEMBANG, SUMATERA SELATAN",7,78,117,195
https://kawalpemilu.org#20624,"TALANG PUTRI, PLAJU, KOTA PALEMBANG, SUMATERA SELATAN",8,106,150,256
https://kawalpemilu.org#20624,"TALANG PUTRI, PLAJU, KOTA PALEMBANG, SUMATERA SELATAN",9,107,127,234
https://kawalpemilu.org#20624,"TALANG PUTRI, PLAJU, KOTA PALEMBANG, SUMATERA SELATAN",10,112,116,228
https://kawalpemilu.org#20624,"TALANG PUTRI, PLAJU, KOTA PALEMBANG, SUMATERA SELATAN",11,107,93,200
https://kawalpemilu.org#20624,"TALANG PUTRI, PLAJU, KOTA PALEMBANG, SUMATERA SELATAN",12,93,114,207
https://kawalpemilu.org#20624,"TALANG PUTRI, PLAJU, KOTA PALEMBANG, SUMATERA SELATAN",13,105,119,224
https://kawalpemilu.org#20624,"TALANG PUTRI, PLAJU, KOTA PALEMBANG, SUMATERA SELATAN",14,92,110,202
https://kawalpemilu.org#20624,"TALANG PUTRI, PLAJU, KOTA PALEMBANG, SUMATERA SELATAN",15,115,127,242
https://kawalpemilu.org#20624,"TALANG PUTRI, PLAJU, KOTA PALEMBANG, SUMATERA SELATAN",16,111,99,210
https://kawalpemilu.org#20624,"TALANG PUTRI, PLAJU, KOTA PALEMBANG, SUMATERA SELATAN",17,93,95,188
https://kawalpemilu.org#20624,"TALANG PUTRI, PLAJU, KOTA PALEMBANG, SUMATERA SELATAN",18,62,170,232
https://kawalpemilu.org#20624,"TALANG PUTRI, PLAJU, KOTA PALEMBANG, SUMATERA SELATAN",19,75,140,215
https://kawalpemilu.org#20624,"TALANG PUTRI, PLAJU, KOTA PALEMBANG, SUMATERA SELATAN",20,127,111,238
https://kawalpemilu.org#20624,"TALANG PUTRI, PLAJU, KOTA PALEMBANG, SUMATERA SELATAN",21,89,142,231
https://kawalpemilu.org#20624,"TALANG PUTRI, PLAJU, KOTA PALEMBANG, SUMATERA SELATAN",22,84,141,225
https://kawalpemilu.org#20624,"TALANG PUTRI, PLAJU, KOTA PALEMBANG, SUMATERA SELATAN",23,106,123,229
https://kawalpemilu.org#20624,"TALANG PUTRI, PLAJU, KOTA PALEMBANG, SUMATERA SELATAN",24,110,113,223
https://kawalpemilu.org#20624,"TALANG PUTRI, PLAJU, KOTA PALEMBANG, SUMATERA SELATAN",25,77,150,227
https://kawalpemilu.org#20624,"TALANG PUTRI, PLAJU, KOTA PALEMBANG, SUMATERA SELATAN",26,97,115,212
https://kawalpemilu.org#20624,"TALANG PUTRI, PLAJU, KOTA PALEMBANG, SUMATERA SELATAN",27,105,98,203
https://kawalpemilu.org#20624,"TALANG PUTRI, PLAJU, KOTA PALEMBANG, SUMATERA SELATAN",28,82,88,170
https://kawalpemilu.org#20624,"TALANG PUTRI, PLAJU, KOTA PALEMBANG, SUMATERA SELATAN",29,92,124,216
https://kawalpemilu.org#20624,"TALANG PUTRI, PLAJU, KOTA PALEMBANG, SUMATERA SELATAN",30,91,126,217
https://kawalpemilu.org#20624,"TALANG PUTRI, PLAJU, KOTA PALEMBANG, SUMATERA SELATAN",31,104,124,228
https://kawalpemilu.org#20624,"TALANG PUTRI, PLAJU, KOTA PALEMBANG, SUMATERA SELATAN",32,141,119,260
https://kawalpemilu.org#20624,"TALANG PUTRI, PLAJU, KOTA PALEMBANG, SUMATERA SELATAN",33,129,137,266
https://kawalpemilu.org#20624,"TALANG PUTRI, PLAJU, KOTA PALEMBANG, SUMATERA SELATAN",34,111,161,272
https://kawalpemilu.org#20624,"TALANG PUTRI, PLAJU, KOTA PALEMBANG, SUMATERA SELATAN",35,110,96,206
https://kawalpemilu.org#20624,"TALANG PUTRI, PLAJU, KOTA PALEMBANG, SUMATERA SELATAN",36,92,86,178
https://kawalpemilu.org#20624,"TALANG PUTRI, PLAJU, KOTA PALEMBANG, SUMATERA SELATAN",37,102,82,184
https://kawalpemilu.org#20624,"TALANG PUTRI, PLAJU, KOTA PALEMBANG, SUMATERA SELATAN",38,153,78,231
https://kawalpemilu.org#20624,"TALANG PUTRI, PLAJU, KOTA PALEMBANG, SUMATERA SELATAN",39,111,85,196
https://kawalpemilu.org#20624,"TALANG PUTRI, PLAJU, KOTA PALEMBANG, SUMATERA SELATAN",40,114,102,216
https://kawalpemilu.org#20624,"TALANG PUTRI, PLAJU, KOTA PALEMBANG, SUMATERA SELATAN",41,131,101,232
https://kawalpemilu.org#20624,"TALANG PUTRI, PLAJU, KOTA PALEMBANG, SUMATERA SELATAN",42,92,145,237
https://kawalpemilu.org#20624,"TALANG PUTRI, PLAJU, KOTA PALEMBANG, SUMATERA SELATAN",43,78,142,220
https://kawalpemilu.org#20625,"TALANG BUBUK, PLAJU, KOTA PALEMBANG, SUMATERA SELATAN",1,77,127,204
https://kawalpemilu.org#20625,"TALANG BUBUK, PLAJU, KOTA PALEMBANG, SUMATERA SELATAN",2,59,149,208
https://kawalpemilu.org#20625,"TALANG BUBUK, PLAJU, KOTA PALEMBANG, SUMATERA SELATAN",3,78,120,198
https://kawalpemilu.org#20625,"TALANG BUBUK, PLAJU, KOTA PALEMBANG, SUMATERA SELATAN",4,83,116,199
https://kawalpemilu.org#20625,"TALANG BUBUK, PLAJU, KOTA PALEMBANG, SUMATERA SELATAN",5,92,110,202
https://kawalpemilu.org#20625,"TALANG BUBUK, PLAJU, KOTA PALEMBANG, SUMATERA SELATAN",6,99,105,204
https://kawalpemilu.org#20625,"TALANG BUBUK, PLAJU, KOTA PALEMBANG, SUMATERA SELATAN",7,73,134,207
https://kawalpemilu.org#20625,"TALANG BUBUK, PLAJU, KOTA PALEMBANG, SUMATERA SELATAN",8,87,132,219
https://kawalpemilu.org#20625,"TALANG BUBUK, PLAJU, KOTA PALEMBANG, SUMATERA SELATAN",9,72,138,210
https://kawalpemilu.org#20625,"TALANG BUBUK, PLAJU, KOTA PALEMBANG, SUMATERA SELATAN",10,110,153,263
https://kawalpemilu.org#20625,"TALANG BUBUK, PLAJU, KOTA PALEMBANG, SUMATERA SELATAN",11,86,152,238
https://kawalpemilu.org#20625,"TALANG BUBUK, PLAJU, KOTA PALEMBANG, SUMATERA SELATAN",12,87,157,244
https://kawalpemilu.org#20625,"TALANG BUBUK, PLAJU, KOTA PALEMBANG, SUMATERA SELATAN",13,89,142,131
https://kawalpemilu.org#20625,"TALANG BUBUK, PLAJU, KOTA PALEMBANG, SUMATERA SELATAN",14,72,143,215
https://kawalpemilu.org#20625,"TALANG BUBUK, PLAJU, KOTA PALEMBANG, SUMATERA SELATAN",15,108,138,246
https://kawalpemilu.org#20625,"TALANG BUBUK, PLAJU, KOTA PALEMBANG, SUMATERA SELATAN",16,68,134,202
https://kawalpemilu.org#20625,"TALANG BUBUK, PLAJU, KOTA PALEMBANG, SUMATERA SELATAN",17,129,116,245
https://kawalpemilu.org#20625,"TALANG BUBUK, PLAJU, KOTA PALEMBANG, SUMATERA SELATAN",18,87,108,195
https://kawalpemilu.org#20625,"TALANG BUBUK, PLAJU, KOTA PALEMBANG, SUMATERA SELATAN",19,114,118,232
https://kawalpemilu.org#20625,"TALANG BUBUK, PLAJU, KOTA PALEMBANG, SUMATERA SELATAN",20,103,118,221
https://kawalpemilu.org#20625,"TALANG BUBUK, PLAJU, KOTA PALEMBANG, SUMATERA SELATAN",21,90,138,228
https://kawalpemilu.org#20625,"TALANG BUBUK, PLAJU, KOTA PALEMBANG, SUMATERA SELATAN",22,94,119,213
https://kawalpemilu.org#20625,"TALANG BUBUK, PLAJU, KOTA PALEMBANG, SUMATERA SELATAN",23,83,113,196
https://kawalpemilu.org#20625,"TALANG BUBUK, PLAJU, KOTA PALEMBANG, SUMATERA SELATAN",24,85,115,200
https://kawalpemilu.org#20625,"TALANG BUBUK, PLAJU, KOTA PALEMBANG, SUMATERA SELATAN",25,106,104,210
https://kawalpemilu.org#89351,"PLAJU ULU, PLAJU, KOTA PALEMBANG, SUMATERA SELATAN",1,101,136,237
https://kawalpemilu.org#89351,"PLAJU ULU, PLAJU, KOTA PALEMBANG, SUMATERA SELATAN",2,128,131,259
https://kawalpemilu.org#89351,"PLAJU ULU, PLAJU, KOTA PALEMBANG, SUMATERA SELATAN",3,70,155,225
https://kawalpemilu.org#89351,"PLAJU ULU, PLAJU, KOTA PALEMBANG, SUMATERA SELATAN",4,88,142,230
https://kawalpemilu.org#89351,"PLAJU ULU, PLAJU, KOTA PALEMBANG, SUMATERA SELATAN",5,77,191,268
https://kawalpemilu.org#89351,"PLAJU ULU, PLAJU, KOTA PALEMBANG, SUMATERA SELATAN",6,74,100,174
https://kawalpemilu.org#89351,"PLAJU ULU, PLAJU, KOTA PALEMBANG, SUMATERA SELATAN",7,109,150,259
https://kawalpemilu.org#89351,"PLAJU ULU, PLAJU, KOTA PALEMBANG, SUMATERA SELATAN",9,67,123,190
https://kawalpemilu.org#89351,"PLAJU ULU, PLAJU, KOTA PALEMBANG, SUMATERA SELATAN",10,76,122,198
https://kawalpemilu.org#89351,"PLAJU ULU, PLAJU, KOTA PALEMBANG, SUMATERA SELATAN",11,78,138,216
https://kawalpemilu.org#89351,"PLAJU ULU, PLAJU, KOTA PALEMBANG, SUMATERA SELATAN",12,65,151,216
https://kawalpemilu.org#89351,"PLAJU ULU, PLAJU, KOTA PALEMBANG, SUMATERA SELATAN",13,72,132,204
https://kawalpemilu.org#89351,"PLAJU ULU, PLAJU, KOTA PALEMBANG, SUMATERA SELATAN",14,101,129,230
https://kawalpemilu.org#89351,"PLAJU ULU, PLAJU, KOTA PALEMBANG, SUMATERA SELATAN",16,89,98,187
https://kawalpemilu.org#89351,"PLAJU ULU, PLAJU, KOTA PALEMBANG, SUMATERA SELATAN",17,72,109,181
https://kawalpemilu.org#89351,"PLAJU ULU, PLAJU, KOTA PALEMBANG, SUMATERA SELATAN",18,142,122,264
https://kawalpemilu.org#89351,"PLAJU ULU, PLAJU, KOTA PALEMBANG, SUMATERA SELATAN",19,94,139,233
https://kawalpemilu.org#89351,"PLAJU ULU, PLAJU, KOTA PALEMBANG, SUMATERA SELATAN",20,84,125,209
https://kawalpemilu.org#89351,"PLAJU ULU, PLAJU, KOTA PALEMBANG, SUMATERA SELATAN",21,83,152,235
https://kawalpemilu.org#89351,"PLAJU ULU, PLAJU, KOTA PALEMBANG, SUMATERA SELATAN",22,70,93,163
https://kawalpemilu.org#89351,"PLAJU ULU, PLAJU, KOTA PALEMBANG, SUMATERA SELATAN",23,69,117,186
https://kawalpemilu.org#89351,"PLAJU ULU, PLAJU, KOTA PALEMBANG, SUMATERA SELATAN",24,52,108,160
https://kawalpemilu.org#89351,"PLAJU ULU, PLAJU, KOTA PALEMBANG, SUMATERA SELATAN",25,65,130,195
https://kawalpemilu.org#89351,"PLAJU ULU, PLAJU, KOTA PALEMBANG, SUMATERA SELATAN",26,74,182,256
https://kawalpemilu.org#89351,"PLAJU ULU, PLAJU, KOTA PALEMBANG, SUMATERA SELATAN",27,58,204,262
https://kawalpemilu.org#89351,"PLAJU ULU, PLAJU, KOTA PALEMBANG, SUMATERA SELATAN",28,61,203,264
https://kawalpemilu.org#89351,"PLAJU ULU, PLAJU, KOTA PALEMBANG, SUMATERA SELATAN",30,98,101,199
https://kawalpemilu.org#89351,"PLAJU ULU, PLAJU, KOTA PALEMBANG, SUMATERA SELATAN",31,101,184,285
https://kawalpemilu.org#89351,"PLAJU ULU, PLAJU, KOTA PALEMBANG, SUMATERA SELATAN",32,88,157,245
https://kawalpemilu.org#89351,"PLAJU ULU, PLAJU, KOTA PALEMBANG, SUMATERA SELATAN",33,79,158,237
https://kawalpemilu.org#89351,"PLAJU ULU, PLAJU, KOTA PALEMBANG, SUMATERA SELATAN",34,69,137,206
https://kawalpemilu.org#89351,"PLAJU ULU, PLAJU, KOTA PALEMBANG, SUMATERA SELATAN",35,108,83,191
https://kawalpemilu.org#89351,"PLAJU ULU, PLAJU, KOTA PALEMBANG, SUMATERA SELATAN",36,109,99,208
https://kawalpemilu.org#89351,"PLAJU ULU, PLAJU, KOTA PALEMBANG, SUMATERA SELATAN",37,82,159,241
https://kawalpemilu.org#89351,"PLAJU ULU, PLAJU, KOTA PALEMBANG, SUMATERA SELATAN",38,52,141,193
https://kawalpemilu.org#89351,"PLAJU ULU, PLAJU, KOTA PALEMBANG, SUMATERA SELATAN",39,49,101,150
https://kawalpemilu.org#89351,"PLAJU ULU, PLAJU, KOTA PALEMBANG, SUMATERA SELATAN",40,72,145,217
https://kawalpemilu.org#89351,"PLAJU ULU, PLAJU, KOTA PALEMBANG, SUMATERA SELATAN",41,98,122,220
https://kawalpemilu.org#89351,"PLAJU ULU, PLAJU, KOTA PALEMBANG, SUMATERA SELATAN",44,82,119,201
https://kawalpemilu.org#89351,"PLAJU ULU, PLAJU, KOTA PALEMBANG, SUMATERA SELATAN",45,58,114,172
https://kawalpemilu.org#89351,"PLAJU ULU, PLAJU, KOTA PALEMBANG, SUMATERA SELATAN",46,59,207,266
https://kawalpemilu.org#89351,"PLAJU ULU, PLAJU, KOTA PALEMBANG, SUMATERA SELATAN",47,51,173,224
https://kawalpemilu.org#89351,"PLAJU ULU, PLAJU, KOTA PALEMBANG, SUMATERA SELATAN",48,83,111,194
https://kawalpemilu.org#89351,"PLAJU ULU, PLAJU, KOTA PALEMBANG, SUMATERA SELATAN",49,83,111,194
https://kawalpemilu.org#89351,"PLAJU ULU, PLAJU, KOTA PALEMBANG, SUMATERA SELATAN",50,71,132,203
https://kawalpemilu.org#89351,"PLAJU ULU, PLAJU, KOTA PALEMBANG, SUMATERA SELATAN",51,43,168,211
https://kawalpemilu.org#89351,"PLAJU ULU, PLAJU, KOTA PALEMBANG, SUMATERA SELATAN",52,64,131,195
https://kawalpemilu.org#89351,"PLAJU ULU, PLAJU, KOTA PALEMBANG, SUMATERA SELATAN",53,81,129,210
https://kawalpemilu.org#89351,"PLAJU ULU, PLAJU, KOTA PALEMBANG, SUMATERA SELATAN",54,50,165,215
https://kawalpemilu.org#89351,"PLAJU ULU, PLAJU, KOTA PALEMBANG, SUMATERA SELATAN",55,82,133,215
https://kawalpemilu.org#89351,"PLAJU ULU, PLAJU, KOTA PALEMBANG, SUMATERA SELATAN",56,80,105,185
https://kawalpemilu.org#89351,"PLAJU ULU, PLAJU, KOTA PALEMBANG, SUMATERA SELATAN",57,63,94,157
https://kawalpemilu.org#20627,"ALANG-ALANG LEBAR, ALANG-ALANG LEBAR, KOTA PALEMBANG, SUMATERA SELATAN",1,80,159,239
https://kawalpemilu.org#20627,"ALANG-ALANG LEBAR, ALANG-ALANG LEBAR, KOTA PALEMBANG, SUMATERA SELATAN",2,69,134,203
https://kawalpemilu.org#20627,"ALANG-ALANG LEBAR, ALANG-ALANG LEBAR, KOTA PALEMBANG, SUMATERA SELATAN",3,52,115,167
https://kawalpemilu.org#20627,"ALANG-ALANG LEBAR, ALANG-ALANG LEBAR, KOTA PALEMBANG, SUMATERA SELATAN",4,41,82,123
https://kawalpemilu.org#20627,"ALANG-ALANG LEBAR, ALANG-ALANG LEBAR, KOTA PALEMBANG, SUMATERA SELATAN",5,84,100,184
https://kawalpemilu.org#20627,"ALANG-ALANG LEBAR, ALANG-ALANG LEBAR, KOTA PALEMBANG, SUMATERA SELATAN",6,90,106,196
https://kawalpemilu.org#20627,"ALANG-ALANG LEBAR, ALANG-ALANG LEBAR, KOTA PALEMBANG, SUMATERA SELATAN",7,42,115,157
https://kawalpemilu.org#20627,"ALANG-ALANG LEBAR, ALANG-ALANG LEBAR, KOTA PALEMBANG, SUMATERA SELATAN",8,43,96,139
https://kawalpemilu.org#20627,"ALANG-ALANG LEBAR, ALANG-ALANG LEBAR, KOTA PALEMBANG, SUMATERA SELATAN",9,76,107,183
https://kawalpemilu.org#20627,"ALANG-ALANG LEBAR, ALANG-ALANG LEBAR, KOTA PALEMBANG, SUMATERA SELATAN",10,83,87,170
https://kawalpemilu.org#20627,"ALANG-ALANG LEBAR, ALANG-ALANG LEBAR, KOTA PALEMBANG, SUMATERA SELATAN",11,118,120,238
https://kawalpemilu.org#20627,"ALANG-ALANG LEBAR, ALANG-ALANG LEBAR, KOTA PALEMBANG, SUMATERA SELATAN",12,91,109,200
https://kawalpemilu.org#20627,"ALANG-ALANG LEBAR, ALANG-ALANG LEBAR, KOTA PALEMBANG, SUMATERA SELATAN",13,84,187,271
https://kawalpemilu.org#20627,"ALANG-ALANG LEBAR, ALANG-ALANG LEBAR, KOTA PALEMBANG, SUMATERA SELATAN",14,49,135,184
https://kawalpemilu.org#20627,"ALANG-ALANG LEBAR, ALANG-ALANG LEBAR, KOTA PALEMBANG, SUMATERA SELATAN",15,90,105,195
https://kawalpemilu.org#20627,"ALANG-ALANG LEBAR, ALANG-ALANG LEBAR, KOTA PALEMBANG, SUMATERA SELATAN",16,106,87,193
https://kawalpemilu.org#20627,"ALANG-ALANG LEBAR, ALANG-ALANG LEBAR, KOTA PALEMBANG, SUMATERA SELATAN",17,51,116,167
https://kawalpemilu.org#20627,"ALANG-ALANG LEBAR, ALANG-ALANG LEBAR, KOTA PALEMBANG, SUMATERA SELATAN",18,66,96,162
https://kawalpemilu.org#20627,"ALANG-ALANG LEBAR, ALANG-ALANG LEBAR, KOTA PALEMBANG, SUMATERA SELATAN",19,30,101,131
https://kawalpemilu.org#20627,"ALANG-ALANG LEBAR, ALANG-ALANG LEBAR, KOTA PALEMBANG, SUMATERA SELATAN",20,37,48,85
https://kawalpemilu.org#20627,"ALANG-ALANG LEBAR, ALANG-ALANG LEBAR, KOTA PALEMBANG, SUMATERA SELATAN",21,85,115,200
https://kawalpemilu.org#20627,"ALANG-ALANG LEBAR, ALANG-ALANG LEBAR, KOTA PALEMBANG, SUMATERA SELATAN",22,85,130,215
https://kawalpemilu.org#20627,"ALANG-ALANG LEBAR, ALANG-ALANG LEBAR, KOTA PALEMBANG, SUMATERA SELATAN",23,30,122,152
https://kawalpemilu.org#20627,"ALANG-ALANG LEBAR, ALANG-ALANG LEBAR, KOTA PALEMBANG, SUMATERA SELATAN",24,110,160,270
https://kawalpemilu.org#20627,"ALANG-ALANG LEBAR, ALANG-ALANG LEBAR, KOTA PALEMBANG, SUMATERA SELATAN",25,137,104,241
https://kawalpemilu.org#20627,"ALANG-ALANG LEBAR, ALANG-ALANG LEBAR, KOTA PALEMBANG, SUMATERA SELATAN",26,49,133,182
https://kawalpemilu.org#20627,"ALANG-ALANG LEBAR, ALANG-ALANG LEBAR, KOTA PALEMBANG, SUMATERA SELATAN",27,68,103,171
https://kawalpemilu.org#20627,"ALANG-ALANG LEBAR, ALANG-ALANG LEBAR, KOTA PALEMBANG, SUMATERA SELATAN",28,53,91,144
https://kawalpemilu.org#20627,"ALANG-ALANG LEBAR, ALANG-ALANG LEBAR, KOTA PALEMBANG, SUMATERA SELATAN",29,108,148,256
https://kawalpemilu.org#20627,"ALANG-ALANG LEBAR, ALANG-ALANG LEBAR, KOTA PALEMBANG, SUMATERA SELATAN",30,97,127,224
https://kawalpemilu.org#20627,"ALANG-ALANG LEBAR, ALANG-ALANG LEBAR, KOTA PALEMBANG, SUMATERA SELATAN",31,139,91,230
https://kawalpemilu.org#20628,"SRIJAYA, ALANG-ALANG LEBAR, KOTA PALEMBANG, SUMATERA SELATAN",1,58,174,232
https://kawalpemilu.org#20628,"SRIJAYA, ALANG-ALANG LEBAR, KOTA PALEMBANG, SUMATERA SELATAN",2,59,72,131
https://kawalpemilu.org#20628,"SRIJAYA, ALANG-ALANG LEBAR, KOTA PALEMBANG, SUMATERA SELATAN",3,172,68,240
https://kawalpemilu.org#20628,"SRIJAYA, ALANG-ALANG LEBAR, KOTA PALEMBANG, SUMATERA SELATAN",4,74,143,217
https://kawalpemilu.org#20628,"SRIJAYA, ALANG-ALANG LEBAR, KOTA PALEMBANG, SUMATERA SELATAN",5,43,116,159
https://kawalpemilu.org#20628,"SRIJAYA, ALANG-ALANG LEBAR, KOTA PALEMBANG, SUMATERA SELATAN",6,30,115,145
https://kawalpemilu.org#20628,"SRIJAYA, ALANG-ALANG LEBAR, KOTA PALEMBANG, SUMATERA SELATAN",8,49,125,174
https://kawalpemilu.org#20628,"SRIJAYA, ALANG-ALANG LEBAR, KOTA PALEMBANG, SUMATERA SELATAN",9,44,113,157
https://kawalpemilu.org#20628,"SRIJAYA, ALANG-ALANG LEBAR, KOTA PALEMBANG, SUMATERA SELATAN",10,47,84,131
https://kawalpemilu.org#20628,"SRIJAYA, ALANG-ALANG LEBAR, KOTA PALEMBANG, SUMATERA SELATAN",11,47,176,223
https://kawalpemilu.org#20628,"SRIJAYA, ALANG-ALANG LEBAR, KOTA PALEMBANG, SUMATERA SELATAN",12,52,85,137
https://kawalpemilu.org#20628,"SRIJAYA, ALANG-ALANG LEBAR, KOTA PALEMBANG, SUMATERA SELATAN",13,61,81,142
https://kawalpemilu.org#20628,"SRIJAYA, ALANG-ALANG LEBAR, KOTA PALEMBANG, SUMATERA SELATAN",14,49,85,134
https://kawalpemilu.org#20628,"SRIJAYA, ALANG-ALANG LEBAR, KOTA PALEMBANG, SUMATERA SELATAN",15,47,111,158
https://kawalpemilu.org#20628,"SRIJAYA, ALANG-ALANG LEBAR, KOTA PALEMBANG, SUMATERA SELATAN",16,68,116,184
https://kawalpemilu.org#20628,"SRIJAYA, ALANG-ALANG LEBAR, KOTA PALEMBANG, SUMATERA SELATAN",17,50,88,138
https://kawalpemilu.org#20628,"SRIJAYA, ALANG-ALANG LEBAR, KOTA PALEMBANG, SUMATERA SELATAN",18,34,147,181
https://kawalpemilu.org#20628,"SRIJAYA, ALANG-ALANG LEBAR, KOTA PALEMBANG, SUMATERA SELATAN",19,37,110,147
https://kawalpemilu.org#20628,"SRIJAYA, ALANG-ALANG LEBAR, KOTA PALEMBANG, SUMATERA SELATAN",20,65,130,195
https://kawalpemilu.org#20628,"SRIJAYA, ALANG-ALANG LEBAR, KOTA PALEMBANG, SUMATERA SELATAN",21,64,130,194
https://kawalpemilu.org#20628,"SRIJAYA, ALANG-ALANG LEBAR, KOTA PALEMBANG, SUMATERA SELATAN",22,66,138,204
https://kawalpemilu.org#20628,"SRIJAYA, ALANG-ALANG LEBAR, KOTA PALEMBANG, SUMATERA SELATAN",24,32,128,160
https://kawalpemilu.org#20628,"SRIJAYA, ALANG-ALANG LEBAR, KOTA PALEMBANG, SUMATERA SELATAN",25,89,136,225
https://kawalpemilu.org#20628,"SRIJAYA, ALANG-ALANG LEBAR, KOTA PALEMBANG, SUMATERA SELATAN",26,65,144,209
https://kawalpemilu.org#20628,"SRIJAYA, ALANG-ALANG LEBAR, KOTA PALEMBANG, SUMATERA SELATAN",27,29,97,126
https://kawalpemilu.org#20628,"SRIJAYA, ALANG-ALANG LEBAR, KOTA PALEMBANG, SUMATERA SELATAN",28,42,100,142
https://kawalpemilu.org#20628,"SRIJAYA, ALANG-ALANG LEBAR, KOTA PALEMBANG, SUMATERA SELATAN",29,65,154,219
https://kawalpemilu.org#20628,"SRIJAYA, ALANG-ALANG LEBAR, KOTA PALEMBANG, SUMATERA SELATAN",30,34,123,157
https://kawalpemilu.org#20628,"SRIJAYA, ALANG-ALANG LEBAR, KOTA PALEMBANG, SUMATERA SELATAN",31,48,106,154
https://kawalpemilu.org#20628,"SRIJAYA, ALANG-ALANG LEBAR, KOTA PALEMBANG, SUMATERA SELATAN",33,70,134,204
https://kawalpemilu.org#20628,"SRIJAYA, ALANG-ALANG LEBAR, KOTA PALEMBANG, SUMATERA SELATAN",35,58,119,177
https://kawalpemilu.org#20628,"SRIJAYA, ALANG-ALANG LEBAR, KOTA PALEMBANG, SUMATERA SELATAN",36,93,111,204
https://kawalpemilu.org#20628,"SRIJAYA, ALANG-ALANG LEBAR, KOTA PALEMBANG, SUMATERA SELATAN",37,71,108,179
https://kawalpemilu.org#20628,"SRIJAYA, ALANG-ALANG LEBAR, KOTA PALEMBANG, SUMATERA SELATAN",38,55,105,160
https://kawalpemilu.org#20628,"SRIJAYA, ALANG-ALANG LEBAR, KOTA PALEMBANG, SUMATERA SELATAN",39,96,176,272
https://kawalpemilu.org#20628,"SRIJAYA, ALANG-ALANG LEBAR, KOTA PALEMBANG, SUMATERA SELATAN",42,68,128,196
https://kawalpemilu.org#20628,"SRIJAYA, ALANG-ALANG LEBAR, KOTA PALEMBANG, SUMATERA SELATAN",43,73,125,198
https://kawalpemilu.org#20628,"SRIJAYA, ALANG-ALANG LEBAR, KOTA PALEMBANG, SUMATERA SELATAN",46,44,127,171
https://kawalpemilu.org#20628,"SRIJAYA, ALANG-ALANG LEBAR, KOTA PALEMBANG, SUMATERA SELATAN",47,35,127,162
https://kawalpemilu.org#20628,"SRIJAYA, ALANG-ALANG LEBAR, KOTA PALEMBANG, SUMATERA SELATAN",48,60,147,207
https://kawalpemilu.org#20628,"SRIJAYA, ALANG-ALANG LEBAR, KOTA PALEMBANG, SUMATERA SELATAN",50,38,134,172
https://kawalpemilu.org#20628,"SRIJAYA, ALANG-ALANG LEBAR, KOTA PALEMBANG, SUMATERA SELATAN",51,42,87,129
https://kawalpemilu.org#20628,"SRIJAYA, ALANG-ALANG LEBAR, KOTA PALEMBANG, SUMATERA SELATAN",52,77,93,210
https://kawalpemilu.org#20628,"SRIJAYA, ALANG-ALANG LEBAR, KOTA PALEMBANG, SUMATERA SELATAN",53,48,164,212
https://kawalpemilu.org#20628,"SRIJAYA, ALANG-ALANG LEBAR, KOTA PALEMBANG, SUMATERA SELATAN",55,55,119,0
https://kawalpemilu.org#20628,"SRIJAYA, ALANG-ALANG LEBAR, KOTA PALEMBANG, SUMATERA SELATAN",56,61,119,180
https://kawalpemilu.org#20628,"SRIJAYA, ALANG-ALANG LEBAR, KOTA PALEMBANG, SUMATERA SELATAN",58,51,129,180
https://kawalpemilu.org#20628,"SRIJAYA, ALANG-ALANG LEBAR, KOTA PALEMBANG, SUMATERA SELATAN",59,65,152,217
https://kawalpemilu.org#20628,"SRIJAYA, ALANG-ALANG LEBAR, KOTA PALEMBANG, SUMATERA SELATAN",60,55,135,190
https://kawalpemilu.org#20628,"SRIJAYA, ALANG-ALANG LEBAR, KOTA PALEMBANG, SUMATERA SELATAN",61,58,175,233
https://kawalpemilu.org#20628,"SRIJAYA, ALANG-ALANG LEBAR, KOTA PALEMBANG, SUMATERA SELATAN",62,42,150,192
https://kawalpemilu.org#20628,"SRIJAYA, ALANG-ALANG LEBAR, KOTA PALEMBANG, SUMATERA SELATAN",63,60,134,194
https://kawalpemilu.org#20628,"SRIJAYA, ALANG-ALANG LEBAR, KOTA PALEMBANG, SUMATERA SELATAN",64,87,138,225
https://kawalpemilu.org#20628,"SRIJAYA, ALANG-ALANG LEBAR, KOTA PALEMBANG, SUMATERA SELATAN",65,41,120,161
https://kawalpemilu.org#20628,"SRIJAYA, ALANG-ALANG LEBAR, KOTA PALEMBANG, SUMATERA SELATAN",66,60,92,152
https://kawalpemilu.org#20629,"TALANG KELAPA, ALANG-ALANG LEBAR, KOTA PALEMBANG, SUMATERA SELATAN",1,63,111,174
https://kawalpemilu.org#20629,"TALANG KELAPA, ALANG-ALANG LEBAR, KOTA PALEMBANG, SUMATERA SELATAN",2,48,89,137
https://kawalpemilu.org#20629,"TALANG KELAPA, ALANG-ALANG LEBAR, KOTA PALEMBANG, SUMATERA SELATAN",3,53,83,136
https://kawalpemilu.org#20629,"TALANG KELAPA, ALANG-ALANG LEBAR, KOTA PALEMBANG, SUMATERA SELATAN",4,50,127,177
https://kawalpemilu.org#20629,"TALANG KELAPA, ALANG-ALANG LEBAR, KOTA PALEMBANG, SUMATERA SELATAN",5,58,116,174
https://kawalpemilu.org#20629,"TALANG KELAPA, ALANG-ALANG LEBAR, KOTA PALEMBANG, SUMATERA SELATAN",6,33,77,110
https://kawalpemilu.org#20629,"TALANG KELAPA, ALANG-ALANG LEBAR, KOTA PALEMBANG, SUMATERA SELATAN",7,93,121,214
https://kawalpemilu.org#20629,"TALANG KELAPA, ALANG-ALANG LEBAR, KOTA PALEMBANG, SUMATERA SELATAN",8,44,71,115
https://kawalpemilu.org#20629,"TALANG KELAPA, ALANG-ALANG LEBAR, KOTA PALEMBANG, SUMATERA SELATAN",9,70,89,159
https://kawalpemilu.org#20629,"TALANG KELAPA, ALANG-ALANG LEBAR, KOTA PALEMBANG, SUMATERA SELATAN",10,87,131,218
https://kawalpemilu.org#20629,"TALANG KELAPA, ALANG-ALANG LEBAR, KOTA PALEMBANG, SUMATERA SELATAN",11,78,108,186
https://kawalpemilu.org#20629,"TALANG KELAPA, ALANG-ALANG LEBAR, KOTA PALEMBANG, SUMATERA SELATAN",12,79,134,213
https://kawalpemilu.org#20629,"TALANG KELAPA, ALANG-ALANG LEBAR, KOTA PALEMBANG, SUMATERA SELATAN",13,36,78,114
https://kawalpemilu.org#20629,"TALANG KELAPA, ALANG-ALANG LEBAR, KOTA PALEMBANG, SUMATERA SELATAN",14,47,109,156
https://kawalpemilu.org#20629,"TALANG KELAPA, ALANG-ALANG LEBAR, KOTA PALEMBANG, SUMATERA SELATAN",15,46,104,150
https://kawalpemilu.org#20629,"TALANG KELAPA, ALANG-ALANG LEBAR, KOTA PALEMBANG, SUMATERA SELATAN",16,32,127,159
https://kawalpemilu.org#20629,"TALANG KELAPA, ALANG-ALANG LEBAR, KOTA PALEMBANG, SUMATERA SELATAN",17,41,114,155
https://kawalpemilu.org#20629,"TALANG KELAPA, ALANG-ALANG LEBAR, KOTA PALEMBANG, SUMATERA SELATAN",18,56,183,239
https://kawalpemilu.org#20629,"TALANG KELAPA, ALANG-ALANG LEBAR, KOTA PALEMBANG, SUMATERA SELATAN",19,54,145,199
https://kawalpemilu.org#20629,"TALANG KELAPA, ALANG-ALANG LEBAR, KOTA PALEMBANG, SUMATERA SELATAN",20,53,114,167
https://kawalpemilu.org#20629,"TALANG KELAPA, ALANG-ALANG LEBAR, KOTA PALEMBANG, SUMATERA SELATAN",21,43,75,118
https://kawalpemilu.org#20629,"TALANG KELAPA, ALANG-ALANG LEBAR, KOTA PALEMBANG, SUMATERA SELATAN",22,22,148,170
https://kawalpemilu.org#20629,"TALANG KELAPA, ALANG-ALANG LEBAR, KOTA PALEMBANG, SUMATERA SELATAN",23,85,143,228
https://kawalpemilu.org#20629,"TALANG KELAPA, ALANG-ALANG LEBAR, KOTA PALEMBANG, SUMATERA SELATAN",24,41,108,149
https://kawalpemilu.org#20629,"TALANG KELAPA, ALANG-ALANG LEBAR, KOTA PALEMBANG, SUMATERA SELATAN",25,40,138,178
https://kawalpemilu.org#20629,"TALANG KELAPA, ALANG-ALANG LEBAR, KOTA PALEMBANG, SUMATERA SELATAN",26,64,133,197
https://kawalpemilu.org#20629,"TALANG KELAPA, ALANG-ALANG LEBAR, KOTA PALEMBANG, SUMATERA SELATAN",27,67,170,237
https://kawalpemilu.org#20629,"TALANG KELAPA, ALANG-ALANG LEBAR, KOTA PALEMBANG, SUMATERA SELATAN",28,79,151,230
https://kawalpemilu.org#20629,"TALANG KELAPA, ALANG-ALANG LEBAR, KOTA PALEMBANG, SUMATERA SELATAN",29,44,89,133
https://kawalpemilu.org#20629,"TALANG KELAPA, ALANG-ALANG LEBAR, KOTA PALEMBANG, SUMATERA SELATAN",30,108,264,372
https://kawalpemilu.org#20629,"TALANG KELAPA, ALANG-ALANG LEBAR, KOTA PALEMBANG, SUMATERA SELATAN",31,72,142,214
https://kawalpemilu.org#20629,"TALANG KELAPA, ALANG-ALANG LEBAR, KOTA PALEMBANG, SUMATERA SELATAN",32,55,163,218
https://kawalpemilu.org#20629,"TALANG KELAPA, ALANG-ALANG LEBAR, KOTA PALEMBANG, SUMATERA SELATAN",33,57,156,213
https://kawalpemilu.org#20629,"TALANG KELAPA, ALANG-ALANG LEBAR, KOTA PALEMBANG, SUMATERA SELATAN",34,68,124,192
https://kawalpemilu.org#20629,"TALANG KELAPA, ALANG-ALANG LEBAR, KOTA PALEMBANG, SUMATERA SELATAN",35,61,121,182
https://kawalpemilu.org#20629,"TALANG KELAPA, ALANG-ALANG LEBAR, KOTA PALEMBANG, SUMATERA SELATAN",36,61,137,198
https://kawalpemilu.org#20629,"TALANG KELAPA, ALANG-ALANG LEBAR, KOTA PALEMBANG, SUMATERA SELATAN",38,48,121,169
https://kawalpemilu.org#20629,"TALANG KELAPA, ALANG-ALANG LEBAR, KOTA PALEMBANG, SUMATERA SELATAN",39,49,84,133
https://kawalpemilu.org#20629,"TALANG KELAPA, ALANG-ALANG LEBAR, KOTA PALEMBANG, SUMATERA SELATAN",40,47,165,212
https://kawalpemilu.org#20629,"TALANG KELAPA, ALANG-ALANG LEBAR, KOTA PALEMBANG, SUMATERA SELATAN",41,68,135,203
https://kawalpemilu.org#20629,"TALANG KELAPA, ALANG-ALANG LEBAR, KOTA PALEMBANG, SUMATERA SELATAN",42,89,139,228
https://kawalpemilu.org#20629,"TALANG KELAPA, ALANG-ALANG LEBAR, KOTA PALEMBANG, SUMATERA SELATAN",43,80,168,248
https://kawalpemilu.org#20629,"TALANG KELAPA, ALANG-ALANG LEBAR, KOTA PALEMBANG, SUMATERA SELATAN",44,40,109,149
https://kawalpemilu.org#20629,"TALANG KELAPA, ALANG-ALANG LEBAR, KOTA PALEMBANG, SUMATERA SELATAN",45,34,103,137
https://kawalpemilu.org#20629,"TALANG KELAPA, ALANG-ALANG LEBAR, KOTA PALEMBANG, SUMATERA SELATAN",46,42,169,211
https://kawalpemilu.org#20629,"TALANG KELAPA, ALANG-ALANG LEBAR, KOTA PALEMBANG, SUMATERA SELATAN",47,57,123,180
https://kawalpemilu.org#20629,"TALANG KELAPA, ALANG-ALANG LEBAR, KOTA PALEMBANG, SUMATERA SELATAN",48,69,158,227
https://kawalpemilu.org#20629,"TALANG KELAPA, ALANG-ALANG LEBAR, KOTA PALEMBANG, SUMATERA SELATAN",49,52,120,172
https://kawalpemilu.org#20629,"TALANG KELAPA, ALANG-ALANG LEBAR, KOTA PALEMBANG, SUMATERA SELATAN",50,48,105,153
https://kawalpemilu.org#20629,"TALANG KELAPA, ALANG-ALANG LEBAR, KOTA PALEMBANG, SUMATERA SELATAN",51,40,131,171
https://kawalpemilu.org#20629,"TALANG KELAPA, ALANG-ALANG LEBAR, KOTA PALEMBANG, SUMATERA SELATAN",52,46,113,159
https://kawalpemilu.org#20629,"TALANG KELAPA, ALANG-ALANG LEBAR, KOTA PALEMBANG, SUMATERA SELATAN",53,59,112,171
https://kawalpemilu.org#20629,"TALANG KELAPA, ALANG-ALANG LEBAR, KOTA PALEMBANG, SUMATERA SELATAN",54,35,77,112
https://kawalpemilu.org#20629,"TALANG KELAPA, ALANG-ALANG LEBAR, KOTA PALEMBANG, SUMATERA SELATAN",55,70,203,273
https://kawalpemilu.org#20629,"TALANG KELAPA, ALANG-ALANG LEBAR, KOTA PALEMBANG, SUMATERA SELATAN",57,32,110,142
https://kawalpemilu.org#20629,"TALANG KELAPA, ALANG-ALANG LEBAR, KOTA PALEMBANG, SUMATERA SELATAN",58,37,113,150
https://kawalpemilu.org#20629,"TALANG KELAPA, ALANG-ALANG LEBAR, KOTA PALEMBANG, SUMATERA SELATAN",59,41,121,162
https://kawalpemilu.org#20629,"TALANG KELAPA, ALANG-ALANG LEBAR, KOTA PALEMBANG, SUMATERA SELATAN",60,39,122,161
https://kawalpemilu.org#20629,"TALANG KELAPA, ALANG-ALANG LEBAR, KOTA PALEMBANG, SUMATERA SELATAN",61,54,143,197
https://kawalpemilu.org#20629,"TALANG KELAPA, ALANG-ALANG LEBAR, KOTA PALEMBANG, SUMATERA SELATAN",62,60,122,182
https://kawalpemilu.org#20629,"TALANG KELAPA, ALANG-ALANG LEBAR, KOTA PALEMBANG, SUMATERA SELATAN",63,53,138,191
https://kawalpemilu.org#20629,"TALANG KELAPA, ALANG-ALANG LEBAR, KOTA PALEMBANG, SUMATERA SELATAN",64,39,101,140
https://kawalpemilu.org#20629,"TALANG KELAPA, ALANG-ALANG LEBAR, KOTA PALEMBANG, SUMATERA SELATAN",65,43,126,169
https://kawalpemilu.org#20629,"TALANG KELAPA, ALANG-ALANG LEBAR, KOTA PALEMBANG, SUMATERA SELATAN",66,89,107,196
https://kawalpemilu.org#20629,"TALANG KELAPA, ALANG-ALANG LEBAR, KOTA PALEMBANG, SUMATERA SELATAN",67,81,141,223
https://kawalpemilu.org#20629,"TALANG KELAPA, ALANG-ALANG LEBAR, KOTA PALEMBANG, SUMATERA SELATAN",68,56,117,173
https://kawalpemilu.org#20629,"TALANG KELAPA, ALANG-ALANG LEBAR, KOTA PALEMBANG, SUMATERA SELATAN",69,52,99,151
https://kawalpemilu.org#20629,"TALANG KELAPA, ALANG-ALANG LEBAR, KOTA PALEMBANG, SUMATERA SELATAN",70,62,71,133
https://kawalpemilu.org#20629,"TALANG KELAPA, ALANG-ALANG LEBAR, KOTA PALEMBANG, SUMATERA SELATAN",72,94,197,291
https://kawalpemilu.org#20629,"TALANG KELAPA, ALANG-ALANG LEBAR, KOTA PALEMBANG, SUMATERA SELATAN",73,63,124,187
https://kawalpemilu.org#20629,"TALANG KELAPA, ALANG-ALANG LEBAR, KOTA PALEMBANG, SUMATERA SELATAN",74,42,138,180
https://kawalpemilu.org#20629,"TALANG KELAPA, ALANG-ALANG LEBAR, KOTA PALEMBANG, SUMATERA SELATAN",75,82,139,221
https://kawalpemilu.org#20629,"TALANG KELAPA, ALANG-ALANG LEBAR, KOTA PALEMBANG, SUMATERA SELATAN",76,69,109,178
https://kawalpemilu.org#20629,"TALANG KELAPA, ALANG-ALANG LEBAR, KOTA PALEMBANG, SUMATERA SELATAN",77,67,173,240
https://kawalpemilu.org#20629,"TALANG KELAPA, ALANG-ALANG LEBAR, KOTA PALEMBANG, SUMATERA SELATAN",78,86,165,251
https://kawalpemilu.org#20629,"TALANG KELAPA, ALANG-ALANG LEBAR, KOTA PALEMBANG, SUMATERA SELATAN",79,87,142,229
https://kawalpemilu.org#20629,"TALANG KELAPA, ALANG-ALANG LEBAR, KOTA PALEMBANG, SUMATERA SELATAN",80,55,162,217
https://kawalpemilu.org#20629,"TALANG KELAPA, ALANG-ALANG LEBAR, KOTA PALEMBANG, SUMATERA SELATAN",81,49,165,214
https://kawalpemilu.org#20629,"TALANG KELAPA, ALANG-ALANG LEBAR, KOTA PALEMBANG, SUMATERA SELATAN",82,61,131,192
https://kawalpemilu.org#20629,"TALANG KELAPA, ALANG-ALANG LEBAR, KOTA PALEMBANG, SUMATERA SELATAN",83,56,142,198
https://kawalpemilu.org#20629,"TALANG KELAPA, ALANG-ALANG LEBAR, KOTA PALEMBANG, SUMATERA SELATAN",84,49,152,201
https://kawalpemilu.org#20629,"TALANG KELAPA, ALANG-ALANG LEBAR, KOTA PALEMBANG, SUMATERA SELATAN",85,36,98,134
https://kawalpemilu.org#20629,"TALANG KELAPA, ALANG-ALANG LEBAR, KOTA PALEMBANG, SUMATERA SELATAN",86,63,111,174
https://kawalpemilu.org#20629,"TALANG KELAPA, ALANG-ALANG LEBAR, KOTA PALEMBANG, SUMATERA SELATAN",87,55,64,119
https://kawalpemilu.org#20629,"TALANG KELAPA, ALANG-ALANG LEBAR, KOTA PALEMBANG, SUMATERA SELATAN",88,0,0,0
https://kawalpemilu.org#20629,"TALANG KELAPA, ALANG-ALANG LEBAR, KOTA PALEMBANG, SUMATERA SELATAN",89,92,123,215
https://kawalpemilu.org#20629,"TALANG KELAPA, ALANG-ALANG LEBAR, KOTA PALEMBANG, SUMATERA SELATAN",90,81,61,142
https://kawalpemilu.org#20629,"TALANG KELAPA, ALANG-ALANG LEBAR, KOTA PALEMBANG, SUMATERA SELATAN",91,59,99,158
https://kawalpemilu.org#20629,"TALANG KELAPA, ALANG-ALANG LEBAR, KOTA PALEMBANG, SUMATERA SELATAN",92,57,109,166
https://kawalpemilu.org#20629,"TALANG KELAPA, ALANG-ALANG LEBAR, KOTA PALEMBANG, SUMATERA SELATAN",93,50,96,146
https://kawalpemilu.org#20629,"TALANG KELAPA, ALANG-ALANG LEBAR, KOTA PALEMBANG, SUMATERA SELATAN",94,94,189,283
https://kawalpemilu.org#20629,"TALANG KELAPA, ALANG-ALANG LEBAR, KOTA PALEMBANG, SUMATERA SELATAN",95,56,93,149
https://kawalpemilu.org#20629,"TALANG KELAPA, ALANG-ALANG LEBAR, KOTA PALEMBANG, SUMATERA SELATAN",96,79,222,300
https://kawalpemilu.org#20629,"TALANG KELAPA, ALANG-ALANG LEBAR, KOTA PALEMBANG, SUMATERA SELATAN",97,45,144,189
https://kawalpemilu.org#20629,"TALANG KELAPA, ALANG-ALANG LEBAR, KOTA PALEMBANG, SUMATERA SELATAN",98,93,116,209
https://kawalpemilu.org#20629,"TALANG KELAPA, ALANG-ALANG LEBAR, KOTA PALEMBANG, SUMATERA SELATAN",99,80,89,169
https://kawalpemilu.org#20629,"TALANG KELAPA, ALANG-ALANG LEBAR, KOTA PALEMBANG, SUMATERA SELATAN",100,101,205,306
https://kawalpemilu.org#20629,"TALANG KELAPA, ALANG-ALANG LEBAR, KOTA PALEMBANG, SUMATERA SELATAN",101,49,145,194
https://kawalpemilu.org#20629,"TALANG KELAPA, ALANG-ALANG LEBAR, KOTA PALEMBANG, SUMATERA SELATAN",102,54,171,225
https://kawalpemilu.org#20629,"TALANG KELAPA, ALANG-ALANG LEBAR, KOTA PALEMBANG, SUMATERA SELATAN",103,34,87,121
https://kawalpemilu.org#20629,"TALANG KELAPA, ALANG-ALANG LEBAR, KOTA PALEMBANG, SUMATERA SELATAN",104,19,107,126
https://kawalpemilu.org#20629,"TALANG KELAPA, ALANG-ALANG LEBAR, KOTA PALEMBANG, SUMATERA SELATAN",105,64,101,165
https://kawalpemilu.org#20629,"TALANG KELAPA, ALANG-ALANG LEBAR, KOTA PALEMBANG, SUMATERA SELATAN",106,29,137,166
https://kawalpemilu.org#20629,"TALANG KELAPA, ALANG-ALANG LEBAR, KOTA PALEMBANG, SUMATERA SELATAN",107,29,77,106
https://kawalpemilu.org#20629,"TALANG KELAPA, ALANG-ALANG LEBAR, KOTA PALEMBANG, SUMATERA SELATAN",108,52,127,179
https://kawalpemilu.org#20629,"TALANG KELAPA, ALANG-ALANG LEBAR, KOTA PALEMBANG, SUMATERA SELATAN",109,92,119,211
https://kawalpemilu.org#20629,"TALANG KELAPA, ALANG-ALANG LEBAR, KOTA PALEMBANG, SUMATERA SELATAN",110,58,193,251
https://kawalpemilu.org#20629,"TALANG KELAPA, ALANG-ALANG LEBAR, KOTA PALEMBANG, SUMATERA SELATAN",111,58,167,225
https://kawalpemilu.org#20629,"TALANG KELAPA, ALANG-ALANG LEBAR, KOTA PALEMBANG, SUMATERA SELATAN",112,37,84,121
https://kawalpemilu.org#20629,"TALANG KELAPA, ALANG-ALANG LEBAR, KOTA PALEMBANG, SUMATERA SELATAN",113,47,98,145
https://kawalpemilu.org#20629,"TALANG KELAPA, ALANG-ALANG LEBAR, KOTA PALEMBANG, SUMATERA SELATAN",114,85,234,319
https://kawalpemilu.org#20629,"TALANG KELAPA, ALANG-ALANG LEBAR, KOTA PALEMBANG, SUMATERA SELATAN",115,49,95,144
https://kawalpemilu.org#20629,"TALANG KELAPA, ALANG-ALANG LEBAR, KOTA PALEMBANG, SUMATERA SELATAN",116,100,107,207
https://kawalpemilu.org#20629,"TALANG KELAPA, ALANG-ALANG LEBAR, KOTA PALEMBANG, SUMATERA SELATAN",117,82,172,254
https://kawalpemilu.org#20629,"TALANG KELAPA, ALANG-ALANG LEBAR, KOTA PALEMBANG, SUMATERA SELATAN",118,46,116,162
https://kawalpemilu.org#20629,"TALANG KELAPA, ALANG-ALANG LEBAR, KOTA PALEMBANG, SUMATERA SELATAN",119,38,90,128
https://kawalpemilu.org#20629,"TALANG KELAPA, ALANG-ALANG LEBAR, KOTA PALEMBANG, SUMATERA SELATAN",120,68,98,166
https://kawalpemilu.org#20630,"KARYA BARU, ALANG-ALANG LEBAR, KOTA PALEMBANG, SUMATERA SELATAN",1,26,142,168
https://kawalpemilu.org#20630,"KARYA BARU, ALANG-ALANG LEBAR, KOTA PALEMBANG, SUMATERA SELATAN",3,172,68,240
https://kawalpemilu.org#20630,"KARYA BARU, ALANG-ALANG LEBAR, KOTA PALEMBANG, SUMATERA SELATAN",4,171,50,221
https://kawalpemilu.org#20630,"KARYA BARU, ALANG-ALANG LEBAR, KOTA PALEMBANG, SUMATERA SELATAN",5,115,10,125
https://kawalpemilu.org#20630,"KARYA BARU, ALANG-ALANG LEBAR, KOTA PALEMBANG, SUMATERA SELATAN",6,145,6,151
https://kawalpemilu.org#20630,"KARYA BARU, ALANG-ALANG LEBAR, KOTA PALEMBANG, SUMATERA SELATAN",8,70,4,74
https://kawalpemilu.org#20630,"KARYA BARU, ALANG-ALANG LEBAR, KOTA PALEMBANG, SUMATERA SELATAN",11,167,25,192
https://kawalpemilu.org#20630,"KARYA BARU, ALANG-ALANG LEBAR, KOTA PALEMBANG, SUMATERA SELATAN",15,154,70,224
https://kawalpemilu.org#20630,"KARYA BARU, ALANG-ALANG LEBAR, KOTA PALEMBANG, SUMATERA SELATAN",17,159,35,194
https://kawalpemilu.org#20630,"KARYA BARU, ALANG-ALANG LEBAR, KOTA PALEMBANG, SUMATERA SELATAN",19,89,102,191
https://kawalpemilu.org#20630,"KARYA BARU, ALANG-ALANG LEBAR, KOTA PALEMBANG, SUMATERA SELATAN",21,49,69,118
https://kawalpemilu.org#20630,"KARYA BARU, ALANG-ALANG LEBAR, KOTA PALEMBANG, SUMATERA SELATAN",22,90,134,224
https://kawalpemilu.org#20630,"KARYA BARU, ALANG-ALANG LEBAR, KOTA PALEMBANG, SUMATERA SELATAN",24,75,77,152
https://kawalpemilu.org#20630,"KARYA BARU, ALANG-ALANG LEBAR, KOTA PALEMBANG, SUMATERA SELATAN",34,31,117,148
https://kawalpemilu.org#20630,"KARYA BARU, ALANG-ALANG LEBAR, KOTA PALEMBANG, SUMATERA SELATAN",35,26,142,168
https://kawalpemilu.org#20630,"KARYA BARU, ALANG-ALANG LEBAR, KOTA PALEMBANG, SUMATERA SELATAN",37,41,79,120
https://kawalpemilu.org#20630,"KARYA BARU, ALANG-ALANG LEBAR, KOTA PALEMBANG, SUMATERA SELATAN",39,63,134,197
https://kawalpemilu.org#20630,"KARYA BARU, ALANG-ALANG LEBAR, KOTA PALEMBANG, SUMATERA SELATAN",40,71,117,188
https://kawalpemilu.org#20630,"KARYA BARU, ALANG-ALANG LEBAR, KOTA PALEMBANG, SUMATERA SELATAN",41,88,172,260
https://kawalpemilu.org#20630,"KARYA BARU, ALANG-ALANG LEBAR, KOTA PALEMBANG, SUMATERA SELATAN",42,46,89,135
https://kawalpemilu.org#20630,"KARYA BARU, ALANG-ALANG LEBAR, KOTA PALEMBANG, SUMATERA SELATAN",43,77,143,220
https://kawalpemilu.org#20630,"KARYA BARU, ALANG-ALANG LEBAR, KOTA PALEMBANG, SUMATERA SELATAN",44,61,162,223
https://kawalpemilu.org#20630,"KARYA BARU, ALANG-ALANG LEBAR, KOTA PALEMBANG, SUMATERA SELATAN",46,60,109,169
https://kawalpemilu.org#20630,"KARYA BARU, ALANG-ALANG LEBAR, KOTA PALEMBANG, SUMATERA SELATAN",47,66,78,144
https://kawalpemilu.org#20630,"KARYA BARU, ALANG-ALANG LEBAR, KOTA PALEMBANG, SUMATERA SELATAN",48,60,137,197
https://kawalpemilu.org#20630,"KARYA BARU, ALANG-ALANG LEBAR, KOTA PALEMBANG, SUMATERA SELATAN",49,89,85,174
https://kawalpemilu.org#20630,"KARYA BARU, ALANG-ALANG LEBAR, KOTA PALEMBANG, SUMATERA SELATAN",53,61,79,140
https://kawalpemilu.org#20630,"KARYA BARU, ALANG-ALANG LEBAR, KOTA PALEMBANG, SUMATERA SELATAN",57,68,142,210
https://kawalpemilu.org#20630,"KARYA BARU, ALANG-ALANG LEBAR, KOTA PALEMBANG, SUMATERA SELATAN",58,60,60,120
https://kawalpemilu.org#20630,"KARYA BARU, ALANG-ALANG LEBAR, KOTA PALEMBANG, SUMATERA SELATAN",59,34,90,124
https://kawalpemilu.org#20630,"KARYA BARU, ALANG-ALANG LEBAR, KOTA PALEMBANG, SUMATERA SELATAN",60,85,153,238
https://kawalpemilu.org#20630,"KARYA BARU, ALANG-ALANG LEBAR, KOTA PALEMBANG, SUMATERA SELATAN",64,106,135,241
https://kawalpemilu.org#20630,"KARYA BARU, ALANG-ALANG LEBAR, KOTA PALEMBANG, SUMATERA SELATAN",65,88,140,228
https://kawalpemilu.org#20630,"KARYA BARU, ALANG-ALANG LEBAR, KOTA PALEMBANG, SUMATERA SELATAN",66,116,141,257
https://kawalpemilu.org#20630,"KARYA BARU, ALANG-ALANG LEBAR, KOTA PALEMBANG, SUMATERA SELATAN",67,71,103,174
https://kawalpemilu.org#20630,"KARYA BARU, ALANG-ALANG LEBAR, KOTA PALEMBANG, SUMATERA SELATAN",70,45,103,148
https://kawalpemilu.org#20630,"KARYA BARU, ALANG-ALANG LEBAR, KOTA PALEMBANG, SUMATERA SELATAN",71,65,163,228
https://kawalpemilu.org#20632,"SRI MULYA, SEMATANG BORANG, KOTA PALEMBANG, SUMATERA SELATAN",1,70,125,195
https://kawalpemilu.org#20632,"SRI MULYA, SEMATANG BORANG, KOTA PALEMBANG, SUMATERA SELATAN",2,62,133,195
https://kawalpemilu.org#20632,"SRI MULYA, SEMATANG BORANG, KOTA PALEMBANG, SUMATERA SELATAN",3,84,173,257
https://kawalpemilu.org#20632,"SRI MULYA, SEMATANG BORANG, KOTA PALEMBANG, SUMATERA SELATAN",4,89,161,250
https://kawalpemilu.org#20632,"SRI MULYA, SEMATANG BORANG, KOTA PALEMBANG, SUMATERA SELATAN",5,107,104,211
https://kawalpemilu.org#20632,"SRI MULYA, SEMATANG BORANG, KOTA PALEMBANG, SUMATERA SELATAN",8,96,124,220
https://kawalpemilu.org#20632,"SRI MULYA, SEMATANG BORANG, KOTA PALEMBANG, SUMATERA SELATAN",9,76,175,251
https://kawalpemilu.org#20632,"SRI MULYA, SEMATANG BORANG, KOTA PALEMBANG, SUMATERA SELATAN",10,74,174,248
https://kawalpemilu.org#20632,"SRI MULYA, SEMATANG BORANG, KOTA PALEMBANG, SUMATERA SELATAN",11,89,144,233
https://kawalpemilu.org#20632,"SRI MULYA, SEMATANG BORANG, KOTA PALEMBANG, SUMATERA SELATAN",13,119,147,266
https://kawalpemilu.org#20632,"SRI MULYA, SEMATANG BORANG, KOTA PALEMBANG, SUMATERA SELATAN",15,126,99,225
https://kawalpemilu.org#20632,"SRI MULYA, SEMATANG BORANG, KOTA PALEMBANG, SUMATERA SELATAN",16,101,160,261
https://kawalpemilu.org#20632,"SRI MULYA, SEMATANG BORANG, KOTA PALEMBANG, SUMATERA SELATAN",17,94,148,242
https://kawalpemilu.org#20632,"SRI MULYA, SEMATANG BORANG, KOTA PALEMBANG, SUMATERA SELATAN",18,92,118,210
https://kawalpemilu.org#20632,"SRI MULYA, SEMATANG BORANG, KOTA PALEMBANG, SUMATERA SELATAN",19,69,129,198
https://kawalpemilu.org#20632,"SRI MULYA, SEMATANG BORANG, KOTA PALEMBANG, SUMATERA SELATAN",20,82,131,213
https://kawalpemilu.org#20632,"SRI MULYA, SEMATANG BORANG, KOTA PALEMBANG, SUMATERA SELATAN",21,63,79,142
https://kawalpemilu.org#20632,"SRI MULYA, SEMATANG BORANG, KOTA PALEMBANG, SUMATERA SELATAN",25,83,217,300
https://kawalpemilu.org#20632,"SRI MULYA, SEMATANG BORANG, KOTA PALEMBANG, SUMATERA SELATAN",26,80,202,282
https://kawalpemilu.org#20632,"SRI MULYA, SEMATANG BORANG, KOTA PALEMBANG, SUMATERA SELATAN",27,102,148,250
https://kawalpemilu.org#20632,"SRI MULYA, SEMATANG BORANG, KOTA PALEMBANG, SUMATERA SELATAN",29,100,96,196
https://kawalpemilu.org#20632,"SRI MULYA, SEMATANG BORANG, KOTA PALEMBANG, SUMATERA SELATAN",30,96,121,217
https://kawalpemilu.org#20632,"SRI MULYA, SEMATANG BORANG, KOTA PALEMBANG, SUMATERA SELATAN",31,86,144,230
https://kawalpemilu.org#20632,"SRI MULYA, SEMATANG BORANG, KOTA PALEMBANG, SUMATERA SELATAN",32,92,119,211
https://kawalpemilu.org#20632,"SRI MULYA, SEMATANG BORANG, KOTA PALEMBANG, SUMATERA SELATAN",33,119,132,251
https://kawalpemilu.org#20632,"SRI MULYA, SEMATANG BORANG, KOTA PALEMBANG, SUMATERA SELATAN",34,130,197,327
https://kawalpemilu.org#20633,"SUKAMULYA, SEMATANG BORANG, KOTA PALEMBANG, SUMATERA SELATAN",1,170,100,270
https://kawalpemilu.org#20633,"SUKAMULYA, SEMATANG BORANG, KOTA PALEMBANG, SUMATERA SELATAN",2,104,154,258
https://kawalpemilu.org#20633,"SUKAMULYA, SEMATANG BORANG, KOTA PALEMBANG, SUMATERA SELATAN",3,72,149,221
https://kawalpemilu.org#20633,"SUKAMULYA, SEMATANG BORANG, KOTA PALEMBANG, SUMATERA SELATAN",4,91,137,228
https://kawalpemilu.org#20633,"SUKAMULYA, SEMATANG BORANG, KOTA PALEMBANG, SUMATERA SELATAN",5,140,114,254
https://kawalpemilu.org#20633,"SUKAMULYA, SEMATANG BORANG, KOTA PALEMBANG, SUMATERA SELATAN",8,126,97,223
https://kawalpemilu.org#20633,"SUKAMULYA, SEMATANG BORANG, KOTA PALEMBANG, SUMATERA SELATAN",9,102,129,231
https://kawalpemilu.org#20633,"SUKAMULYA, SEMATANG BORANG, KOTA PALEMBANG, SUMATERA SELATAN",10,114,34,148
https://kawalpemilu.org#20633,"SUKAMULYA, SEMATANG BORANG, KOTA PALEMBANG, SUMATERA SELATAN",11,104,94,198
https://kawalpemilu.org#20633,"SUKAMULYA, SEMATANG BORANG, KOTA PALEMBANG, SUMATERA SELATAN",13,112,109,221
https://kawalpemilu.org#20633,"SUKAMULYA, SEMATANG BORANG, KOTA PALEMBANG, SUMATERA SELATAN",14,69,206,275
https://kawalpemilu.org#20634,"LEBUNG GAJAH, SEMATANG BORANG, KOTA PALEMBANG, SUMATERA SELATAN",1,35,63,98
https://kawalpemilu.org#20634,"LEBUNG GAJAH, SEMATANG BORANG, KOTA PALEMBANG, SUMATERA SELATAN",4,28,79,107
https://kawalpemilu.org#20634,"LEBUNG GAJAH, SEMATANG BORANG, KOTA PALEMBANG, SUMATERA SELATAN",5,52,109,161
https://kawalpemilu.org#20634,"LEBUNG GAJAH, SEMATANG BORANG, KOTA PALEMBANG, SUMATERA SELATAN",6,41,73,114
https://kawalpemilu.org#20634,"LEBUNG GAJAH, SEMATANG BORANG, KOTA PALEMBANG, SUMATERA SELATAN",7,29,105,134
https://kawalpemilu.org#20634,"LEBUNG GAJAH, SEMATANG BORANG, KOTA PALEMBANG, SUMATERA SELATAN",8,46,127,173
https://kawalpemilu.org#20634,"LEBUNG GAJAH, SEMATANG BORANG, KOTA PALEMBANG, SUMATERA SELATAN",10,54,116,170
https://kawalpemilu.org#20634,"LEBUNG GAJAH, SEMATANG BORANG, KOTA PALEMBANG, SUMATERA SELATAN",11,60,187,247
https://kawalpemilu.org#20634,"LEBUNG GAJAH, SEMATANG BORANG, KOTA PALEMBANG, SUMATERA SELATAN",12,67,116,183
https://kawalpemilu.org#20634,"LEBUNG GAJAH, SEMATANG BORANG, KOTA PALEMBANG, SUMATERA SELATAN",13,58,115,173
https://kawalpemilu.org#20634,"LEBUNG GAJAH, SEMATANG BORANG, KOTA PALEMBANG, SUMATERA SELATAN",14,34,104,138
https://kawalpemilu.org#20634,"LEBUNG GAJAH, SEMATANG BORANG, KOTA PALEMBANG, SUMATERA SELATAN",15,50,28,78
https://kawalpemilu.org#20634,"LEBUNG GAJAH, SEMATANG BORANG, KOTA PALEMBANG, SUMATERA SELATAN",17,103,87,190
https://kawalpemilu.org#20634,"LEBUNG GAJAH, SEMATANG BORANG, KOTA PALEMBANG, SUMATERA SELATAN",18,65,79,144
https://kawalpemilu.org#20634,"LEBUNG GAJAH, SEMATANG BORANG, KOTA PALEMBANG, SUMATERA SELATAN",19,35,143,178
https://kawalpemilu.org#20634,"LEBUNG GAJAH, SEMATANG BORANG, KOTA PALEMBANG, SUMATERA SELATAN",21,95,77,172
https://kawalpemilu.org#20634,"LEBUNG GAJAH, SEMATANG BORANG, KOTA PALEMBANG, SUMATERA SELATAN",23,115,108,223
https://kawalpemilu.org#20634,"LEBUNG GAJAH, SEMATANG BORANG, KOTA PALEMBANG, SUMATERA SELATAN",24,104,46,150
https://kawalpemilu.org#20634,"LEBUNG GAJAH, SEMATANG BORANG, KOTA PALEMBANG, SUMATERA SELATAN",25,80,77,157
https://kawalpemilu.org#20634,"LEBUNG GAJAH, SEMATANG BORANG, KOTA PALEMBANG, SUMATERA SELATAN",26,188,50,238
https://kawalpemilu.org#20634,"LEBUNG GAJAH, SEMATANG BORANG, KOTA PALEMBANG, SUMATERA SELATAN",27,132,35,167
https://kawalpemilu.org#20634,"LEBUNG GAJAH, SEMATANG BORANG, KOTA PALEMBANG, SUMATERA SELATAN",28,85,116,201
https://kawalpemilu.org#20634,"LEBUNG GAJAH, SEMATANG BORANG, KOTA PALEMBANG, SUMATERA SELATAN",32,63,64,127
https://kawalpemilu.org#20634,"LEBUNG GAJAH, SEMATANG BORANG, KOTA PALEMBANG, SUMATERA SELATAN",33,88,111,199
https://kawalpemilu.org#20634,"LEBUNG GAJAH, SEMATANG BORANG, KOTA PALEMBANG, SUMATERA SELATAN",34,89,105,194
https://kawalpemilu.org#20634,"LEBUNG GAJAH, SEMATANG BORANG, KOTA PALEMBANG, SUMATERA SELATAN",37,54,73,127
https://kawalpemilu.org#20634,"LEBUNG GAJAH, SEMATANG BORANG, KOTA PALEMBANG, SUMATERA SELATAN",38,66,111,177
https://kawalpemilu.org#20634,"LEBUNG GAJAH, SEMATANG BORANG, KOTA PALEMBANG, SUMATERA SELATAN",39,48,57,105
https://kawalpemilu.org#20634,"LEBUNG GAJAH, SEMATANG BORANG, KOTA PALEMBANG, SUMATERA SELATAN",42,114,146,260
https://kawalpemilu.org#20634,"LEBUNG GAJAH, SEMATANG BORANG, KOTA PALEMBANG, SUMATERA SELATAN",43,100,94,194
https://kawalpemilu.org#20634,"LEBUNG GAJAH, SEMATANG BORANG, KOTA PALEMBANG, SUMATERA SELATAN",45,56,149,205
https://kawalpemilu.org#20634,"LEBUNG GAJAH, SEMATANG BORANG, KOTA PALEMBANG, SUMATERA SELATAN",47,65,154,219
https://kawalpemilu.org#20634,"LEBUNG GAJAH, SEMATANG BORANG, KOTA PALEMBANG, SUMATERA SELATAN",48,56,91,147
https://kawalpemilu.org#20634,"LEBUNG GAJAH, SEMATANG BORANG, KOTA PALEMBANG, SUMATERA SELATAN",49,38,94,132
https://kawalpemilu.org#20634,"LEBUNG GAJAH, SEMATANG BORANG, KOTA PALEMBANG, SUMATERA SELATAN",51,88,120,208
https://kawalpemilu.org#20634,"LEBUNG GAJAH, SEMATANG BORANG, KOTA PALEMBANG, SUMATERA SELATAN",52,81,127,208
https://kawalpemilu.org#20634,"LEBUNG GAJAH, SEMATANG BORANG, KOTA PALEMBANG, SUMATERA SELATAN",53,53,112,165
https://kawalpemilu.org#20634,"LEBUNG GAJAH, SEMATANG BORANG, KOTA PALEMBANG, SUMATERA SELATAN",55,73,157,230
https://kawalpemilu.org#20634,"LEBUNG GAJAH, SEMATANG BORANG, KOTA PALEMBANG, SUMATERA SELATAN",56,53,42,195
https://kawalpemilu.org#20634,"LEBUNG GAJAH, SEMATANG BORANG, KOTA PALEMBANG, SUMATERA SELATAN",58,65,120,185
https://kawalpemilu.org#20634,"LEBUNG GAJAH, SEMATANG BORANG, KOTA PALEMBANG, SUMATERA SELATAN",60,42,101,143
https://kawalpemilu.org#20634,"LEBUNG GAJAH, SEMATANG BORANG, KOTA PALEMBANG, SUMATERA SELATAN",61,55,113,168
https://kawalpemilu.org#20634,"LEBUNG GAJAH, SEMATANG BORANG, KOTA PALEMBANG, SUMATERA SELATAN",63,100,82,182
https://kawalpemilu.org#20634,"LEBUNG GAJAH, SEMATANG BORANG, KOTA PALEMBANG, SUMATERA SELATAN",64,91,73,164
https://kawalpemilu.org#20634,"LEBUNG GAJAH, SEMATANG BORANG, KOTA PALEMBANG, SUMATERA SELATAN",67,44,55,99
https://kawalpemilu.org#20634,"LEBUNG GAJAH, SEMATANG BORANG, KOTA PALEMBANG, SUMATERA SELATAN",68,55,79,134
https://kawalpemilu.org#20634,"LEBUNG GAJAH, SEMATANG BORANG, KOTA PALEMBANG, SUMATERA SELATAN",69,39,70,109
https://kawalpemilu.org#20634,"LEBUNG GAJAH, SEMATANG BORANG, KOTA PALEMBANG, SUMATERA SELATAN",70,55,51,106
https://kawalpemilu.org#20634,"LEBUNG GAJAH, SEMATANG BORANG, KOTA PALEMBANG, SUMATERA SELATAN",72,100,73,173
https://kawalpemilu.org#20634,"LEBUNG GAJAH, SEMATANG BORANG, KOTA PALEMBANG, SUMATERA SELATAN",73,52,81,133
https://kawalpemilu.org#20634,"LEBUNG GAJAH, SEMATANG BORANG, KOTA PALEMBANG, SUMATERA SELATAN",74,51,67,118
https://kawalpemilu.org#20634,"LEBUNG GAJAH, SEMATANG BORANG, KOTA PALEMBANG, SUMATERA SELATAN",75,58,27,85
https://kawalpemilu.org#20634,"LEBUNG GAJAH, SEMATANG BORANG, KOTA PALEMBANG, SUMATERA SELATAN",76,41,82,123
https://kawalpemilu.org#20634,"LEBUNG GAJAH, SEMATANG BORANG, KOTA PALEMBANG, SUMATERA SELATAN",77,48,70,118
https://kawalpemilu.org#20634,"LEBUNG GAJAH, SEMATANG BORANG, KOTA PALEMBANG, SUMATERA SELATAN",78,57,103,160
https://kawalpemilu.org#20634,"LEBUNG GAJAH, SEMATANG BORANG, KOTA PALEMBANG, SUMATERA SELATAN",80,33,118,151
https://kawalpemilu.org#20634,"LEBUNG GAJAH, SEMATANG BORANG, KOTA PALEMBANG, SUMATERA SELATAN",81,45,57,102
https://kawalpemilu.org#20635,"KARYA MULYA, SEMATANG BORANG, KOTA PALEMBANG, SUMATERA SELATAN",1,53,118,171
https://kawalpemilu.org#20635,"KARYA MULYA, SEMATANG BORANG, KOTA PALEMBANG, SUMATERA SELATAN",2,83,140,223
https://kawalpemilu.org#20635,"KARYA MULYA, SEMATANG BORANG, KOTA PALEMBANG, SUMATERA SELATAN",3,78,127,205
https://kawalpemilu.org#20635,"KARYA MULYA, SEMATANG BORANG, KOTA PALEMBANG, SUMATERA SELATAN",4,61,123,184
https://kawalpemilu.org#20635,"KARYA MULYA, SEMATANG BORANG, KOTA PALEMBANG, SUMATERA SELATAN",5,89,154,243
https://kawalpemilu.org#20635,"KARYA MULYA, SEMATANG BORANG, KOTA PALEMBANG, SUMATERA SELATAN",6,47,93,140
https://kawalpemilu.org#20635,"KARYA MULYA, SEMATANG BORANG, KOTA PALEMBANG, SUMATERA SELATAN",7,87,102,189
https://kawalpemilu.org#20635,"KARYA MULYA, SEMATANG BORANG, KOTA PALEMBANG, SUMATERA SELATAN",8,94,101,195
https://kawalpemilu.org#20635,"KARYA MULYA, SEMATANG BORANG, KOTA PALEMBANG, SUMATERA SELATAN",9,86,178,264
https://kawalpemilu.org#20635,"KARYA MULYA, SEMATANG BORANG, KOTA PALEMBANG, SUMATERA SELATAN",10,61,153,214
https://kawalpemilu.org#20635,"KARYA MULYA, SEMATANG BORANG, KOTA PALEMBANG, SUMATERA SELATAN",11,75,185,260
https://kawalpemilu.org#20635,"KARYA MULYA, SEMATANG BORANG, KOTA PALEMBANG, SUMATERA SELATAN",12,64,119,183
https://kawalpemilu.org#20635,"KARYA MULYA, SEMATANG BORANG, KOTA PALEMBANG, SUMATERA SELATAN",13,57,153,210
https://kawalpemilu.org#20635,"KARYA MULYA, SEMATANG BORANG, KOTA PALEMBANG, SUMATERA SELATAN",14,72,189,261
https://kawalpemilu.org#20635,"KARYA MULYA, SEMATANG BORANG, KOTA PALEMBANG, SUMATERA SELATAN",15,65,178,243
https://kawalpemilu.org#20522,"15 ULU, JAKABARING, KOTA PALEMBANG, SUMATERA SELATAN",1,65,108,173
https://kawalpemilu.org#20522,"15 ULU, JAKABARING, KOTA PALEMBANG, SUMATERA SELATAN",2,76,118,194
https://kawalpemilu.org#20522,"15 ULU, JAKABARING, KOTA PALEMBANG, SUMATERA SELATAN",3,85,151,236
https://kawalpemilu.org#20522,"15 ULU, JAKABARING, KOTA PALEMBANG, SUMATERA SELATAN",4,65,180,245
https://kawalpemilu.org#20522,"15 ULU, JAKABARING, KOTA PALEMBANG, SUMATERA SELATAN",5,117,129,246
https://kawalpemilu.org#20522,"15 ULU, JAKABARING, KOTA PALEMBANG, SUMATERA SELATAN",6,94,138,232
https://kawalpemilu.org#20522,"15 ULU, JAKABARING, KOTA PALEMBANG, SUMATERA SELATAN",7,118,77,195
https://kawalpemilu.org#20522,"15 ULU, JAKABARING, KOTA PALEMBANG, SUMATERA SELATAN",8,83,136,219
https://kawalpemilu.org#20522,"15 ULU, JAKABARING, KOTA PALEMBANG, SUMATERA SELATAN",9,78,93,171
https://kawalpemilu.org#20522,"15 ULU, JAKABARING, KOTA PALEMBANG, SUMATERA SELATAN",10,86,135,221
https://kawalpemilu.org#20522,"15 ULU, JAKABARING, KOTA PALEMBANG, SUMATERA SELATAN",11,70,98,168
https://kawalpemilu.org#20522,"15 ULU, JAKABARING, KOTA PALEMBANG, SUMATERA SELATAN",12,60,101,161
https://kawalpemilu.org#20522,"15 ULU, JAKABARING, KOTA PALEMBANG, SUMATERA SELATAN",13,43,185,228
https://kawalpemilu.org#20522,"15 ULU, JAKABARING, KOTA PALEMBANG, SUMATERA SELATAN",14,45,121,166
https://kawalpemilu.org#20522,"15 ULU, JAKABARING, KOTA PALEMBANG, SUMATERA SELATAN",15,113,140,253
https://kawalpemilu.org#20522,"15 ULU, JAKABARING, KOTA PALEMBANG, SUMATERA SELATAN",16,72,115,187
https://kawalpemilu.org#20522,"15 ULU, JAKABARING, KOTA PALEMBANG, SUMATERA SELATAN",17,140,101,241
https://kawalpemilu.org#20522,"15 ULU, JAKABARING, KOTA PALEMBANG, SUMATERA SELATAN",18,111,74,185
https://kawalpemilu.org#20522,"15 ULU, JAKABARING, KOTA PALEMBANG, SUMATERA SELATAN",19,135,74,209
https://kawalpemilu.org#20522,"15 ULU, JAKABARING, KOTA PALEMBANG, SUMATERA SELATAN",20,107,80,187
https://kawalpemilu.org#20522,"15 ULU, JAKABARING, KOTA PALEMBANG, SUMATERA SELATAN",21,86,118,204
https://kawalpemilu.org#20522,"15 ULU, JAKABARING, KOTA PALEMBANG, SUMATERA SELATAN",22,100,94,194
https://kawalpemilu.org#20522,"15 ULU, JAKABARING, KOTA PALEMBANG, SUMATERA SELATAN",23,83,77,160
https://kawalpemilu.org#20522,"15 ULU, JAKABARING, KOTA PALEMBANG, SUMATERA SELATAN",24,62,110,172
https://kawalpemilu.org#20522,"15 ULU, JAKABARING, KOTA PALEMBANG, SUMATERA SELATAN",25,49,127,176
https://kawalpemilu.org#20522,"15 ULU, JAKABARING, KOTA PALEMBANG, SUMATERA SELATAN",26,72,171,243
https://kawalpemilu.org#20522,"15 ULU, JAKABARING, KOTA PALEMBANG, SUMATERA SELATAN",27,77,140,217
https://kawalpemilu.org#20522,"15 ULU, JAKABARING, KOTA PALEMBANG, SUMATERA SELATAN",28,69,112,181
https://kawalpemilu.org#20522,"15 ULU, JAKABARING, KOTA PALEMBANG, SUMATERA SELATAN",29,111,85,196
https://kawalpemilu.org#20522,"15 ULU, JAKABARING, KOTA PALEMBANG, SUMATERA SELATAN",31,71,82,153
https://kawalpemilu.org#20522,"15 ULU, JAKABARING, KOTA PALEMBANG, SUMATERA SELATAN",32,70,76,146
https://kawalpemilu.org#20522,"15 ULU, JAKABARING, KOTA PALEMBANG, SUMATERA SELATAN",33,57,80,137
https://kawalpemilu.org#20522,"15 ULU, JAKABARING, KOTA PALEMBANG, SUMATERA SELATAN",34,132,151,283
https://kawalpemilu.org#20522,"15 ULU, JAKABARING, KOTA PALEMBANG, SUMATERA SELATAN",35,102,106,208
https://kawalpemilu.org#20522,"15 ULU, JAKABARING, KOTA PALEMBANG, SUMATERA SELATAN",36,63,135,198
https://kawalpemilu.org#20522,"15 ULU, JAKABARING, KOTA PALEMBANG, SUMATERA SELATAN",37,48,105,153
https://kawalpemilu.org#20522,"15 ULU, JAKABARING, KOTA PALEMBANG, SUMATERA SELATAN",38,44,88,132
https://kawalpemilu.org#20522,"15 ULU, JAKABARING, KOTA PALEMBANG, SUMATERA SELATAN",39,63,127,190
https://kawalpemilu.org#20522,"15 ULU, JAKABARING, KOTA PALEMBANG, SUMATERA SELATAN",40,46,125,171
https://kawalpemilu.org#20522,"15 ULU, JAKABARING, KOTA PALEMBANG, SUMATERA SELATAN",41,68,132,200
https://kawalpemilu.org#20522,"15 ULU, JAKABARING, KOTA PALEMBANG, SUMATERA SELATAN",42,65,169,234
https://kawalpemilu.org#20522,"15 ULU, JAKABARING, KOTA PALEMBANG, SUMATERA SELATAN",43,47,106,153
https://kawalpemilu.org#20522,"15 ULU, JAKABARING, KOTA PALEMBANG, SUMATERA SELATAN",44,72,109,181
https://kawalpemilu.org#20522,"15 ULU, JAKABARING, KOTA PALEMBANG, SUMATERA SELATAN",45,48,135,183
https://kawalpemilu.org#20522,"15 ULU, JAKABARING, KOTA PALEMBANG, SUMATERA SELATAN",46,52,150,202
https://kawalpemilu.org#20522,"15 ULU, JAKABARING, KOTA PALEMBANG, SUMATERA SELATAN",47,96,171,267
https://kawalpemilu.org#20522,"15 ULU, JAKABARING, KOTA PALEMBANG, SUMATERA SELATAN",48,103,126,229
https://kawalpemilu.org#20522,"15 ULU, JAKABARING, KOTA PALEMBANG, SUMATERA SELATAN",49,109,136,245
https://kawalpemilu.org#20522,"15 ULU, JAKABARING, KOTA PALEMBANG, SUMATERA SELATAN",50,116,83,199
https://kawalpemilu.org#20522,"15 ULU, JAKABARING, KOTA PALEMBANG, SUMATERA SELATAN",51,100,87,187
https://kawalpemilu.org#20522,"15 ULU, JAKABARING, KOTA PALEMBANG, SUMATERA SELATAN",52,71,108,179
https://kawalpemilu.org#20522,"15 ULU, JAKABARING, KOTA PALEMBANG, SUMATERA SELATAN",53,61,110,171
https://kawalpemilu.org#20522,"15 ULU, JAKABARING, KOTA PALEMBANG, SUMATERA SELATAN",54,75,151,226
https://kawalpemilu.org#20522,"15 ULU, JAKABARING, KOTA PALEMBANG, SUMATERA SELATAN",55,38,83,121
https://kawalpemilu.org#20522,"15 ULU, JAKABARING, KOTA PALEMBANG, SUMATERA SELATAN",56,82,140,222
https://kawalpemilu.org#20522,"15 ULU, JAKABARING, KOTA PALEMBANG, SUMATERA SELATAN",57,81,117,198
https://kawalpemilu.org#20522,"15 ULU, JAKABARING, KOTA PALEMBANG, SUMATERA SELATAN",58,76,145,221
https://kawalpemilu.org#20522,"15 ULU, JAKABARING, KOTA PALEMBANG, SUMATERA SELATAN",59,59,147,206
https://kawalpemilu.org#20522,"15 ULU, JAKABARING, KOTA PALEMBANG, SUMATERA SELATAN",60,87,213,300
https://kawalpemilu.org#20522,"15 ULU, JAKABARING, KOTA PALEMBANG, SUMATERA SELATAN",61,133,100,233
https://kawalpemilu.org#20522,"15 ULU, JAKABARING, KOTA PALEMBANG, SUMATERA SELATAN",62,101,113,214
https://kawalpemilu.org#20522,"15 ULU, JAKABARING, KOTA PALEMBANG, SUMATERA SELATAN",63,80,170,250
https://kawalpemilu.org#20522,"15 ULU, JAKABARING, KOTA PALEMBANG, SUMATERA SELATAN",64,80,149,229
https://kawalpemilu.org#20522,"15 ULU, JAKABARING, KOTA PALEMBANG, SUMATERA SELATAN",65,41,82,123
https://kawalpemilu.org#20522,"15 ULU, JAKABARING, KOTA PALEMBANG, SUMATERA SELATAN",66,82,134,216
https://kawalpemilu.org#20522,"15 ULU, JAKABARING, KOTA PALEMBANG, SUMATERA SELATAN",67,45,139,184
https://kawalpemilu.org#20522,"15 ULU, JAKABARING, KOTA PALEMBANG, SUMATERA SELATAN",68,47,109,156
https://kawalpemilu.org#20522,"15 ULU, JAKABARING, KOTA PALEMBANG, SUMATERA SELATAN",69,72,121,193
https://kawalpemilu.org#20522,"15 ULU, JAKABARING, KOTA PALEMBANG, SUMATERA SELATAN",70,44,127,171
https://kawalpemilu.org#20522,"15 ULU, JAKABARING, KOTA PALEMBANG, SUMATERA SELATAN",71,49,125,174
https://kawalpemilu.org#20522,"15 ULU, JAKABARING, KOTA PALEMBANG, SUMATERA SELATAN",72,61,101,162
https://kawalpemilu.org#20522,"15 ULU, JAKABARING, KOTA PALEMBANG, SUMATERA SELATAN",73,78,162,240
https://kawalpemilu.org#20522,"15 ULU, JAKABARING, KOTA PALEMBANG, SUMATERA SELATAN",74,56,131,187
https://kawalpemilu.org#20522,"15 ULU, JAKABARING, KOTA PALEMBANG, SUMATERA SELATAN",75,56,244,300
https://kawalpemilu.org#20522,"15 ULU, JAKABARING, KOTA PALEMBANG, SUMATERA SELATAN",76,84,206,290
https://kawalpemilu.org#20522,"15 ULU, JAKABARING, KOTA PALEMBANG, SUMATERA SELATAN",77,71,181,252
https://kawalpemilu.org#20522,"15 ULU, JAKABARING, KOTA PALEMBANG, SUMATERA SELATAN",78,64,160,224
https://kawalpemilu.org#20522,"15 ULU, JAKABARING, KOTA PALEMBANG, SUMATERA SELATAN",79,68,162,230
https://kawalpemilu.org#20522,"15 ULU, JAKABARING, KOTA PALEMBANG, SUMATERA SELATAN",80,68,155,223
https://kawalpemilu.org#20522,"15 ULU, JAKABARING, KOTA PALEMBANG, SUMATERA SELATAN",81,61,201,262
https://kawalpemilu.org#20522,"15 ULU, JAKABARING, KOTA PALEMBANG, SUMATERA SELATAN",82,73,127,200
https://kawalpemilu.org#20522,"15 ULU, JAKABARING, KOTA PALEMBANG, SUMATERA SELATAN",83,49,142,191
https://kawalpemilu.org#20522,"15 ULU, JAKABARING, KOTA PALEMBANG, SUMATERA SELATAN",84,43,129,172
https://kawalpemilu.org#20528,"8 ULU, JAKABARING, KOTA PALEMBANG, SUMATERA SELATAN",1,99,98,197
https://kawalpemilu.org#20528,"8 ULU, JAKABARING, KOTA PALEMBANG, SUMATERA SELATAN",2,83,138,221
https://kawalpemilu.org#20528,"8 ULU, JAKABARING, KOTA PALEMBANG, SUMATERA SELATAN",4,78,117,195
https://kawalpemilu.org#20528,"8 ULU, JAKABARING, KOTA PALEMBANG, SUMATERA SELATAN",5,86,158,244
https://kawalpemilu.org#20528,"8 ULU, JAKABARING, KOTA PALEMBANG, SUMATERA SELATAN",6,82,128,210
https://kawalpemilu.org#20528,"8 ULU, JAKABARING, KOTA PALEMBANG, SUMATERA SELATAN",10,79,80,159
https://kawalpemilu.org#20528,"8 ULU, JAKABARING, KOTA PALEMBANG, SUMATERA SELATAN",11,66,82,148
https://kawalpemilu.org#20528,"8 ULU, JAKABARING, KOTA PALEMBANG, SUMATERA SELATAN",12,85,104,189
https://kawalpemilu.org#20528,"8 ULU, JAKABARING, KOTA PALEMBANG, SUMATERA SELATAN",13,89,128,227
https://kawalpemilu.org#20528,"8 ULU, JAKABARING, KOTA PALEMBANG, SUMATERA SELATAN",14,80,150,230
https://kawalpemilu.org#20528,"8 ULU, JAKABARING, KOTA PALEMBANG, SUMATERA SELATAN",15,92,119,211
https://kawalpemilu.org#20528,"8 ULU, JAKABARING, KOTA PALEMBANG, SUMATERA SELATAN",17,124,152,276
https://kawalpemilu.org#20528,"8 ULU, JAKABARING, KOTA PALEMBANG, SUMATERA SELATAN",18,90,132,222
https://kawalpemilu.org#20528,"8 ULU, JAKABARING, KOTA PALEMBANG, SUMATERA SELATAN",19,64,103,167
https://kawalpemilu.org#20528,"8 ULU, JAKABARING, KOTA PALEMBANG, SUMATERA SELATAN",20,70,168,238
https://kawalpemilu.org#20528,"8 ULU, JAKABARING, KOTA PALEMBANG, SUMATERA SELATAN",21,50,113,163
https://kawalpemilu.org#20528,"8 ULU, JAKABARING, KOTA PALEMBANG, SUMATERA SELATAN",22,57,120,177
https://kawalpemilu.org#20528,"8 ULU, JAKABARING, KOTA PALEMBANG, SUMATERA SELATAN",23,99,128,227
https://kawalpemilu.org#20528,"8 ULU, JAKABARING, KOTA PALEMBANG, SUMATERA SELATAN",24,98,107,205
https://kawalpemilu.org#20528,"8 ULU, JAKABARING, KOTA PALEMBANG, SUMATERA SELATAN",25,97,91,188
https://kawalpemilu.org#20528,"8 ULU, JAKABARING, KOTA PALEMBANG, SUMATERA SELATAN",26,96,101,197
https://kawalpemilu.org#20528,"8 ULU, JAKABARING, KOTA PALEMBANG, SUMATERA SELATAN",27,92,86,78
https://kawalpemilu.org#20528,"8 ULU, JAKABARING, KOTA PALEMBANG, SUMATERA SELATAN",28,98,91,189
https://kawalpemilu.org#20528,"8 ULU, JAKABARING, KOTA PALEMBANG, SUMATERA SELATAN",29,76,125,201
https://kawalpemilu.org#20528,"8 ULU, JAKABARING, KOTA PALEMBANG, SUMATERA SELATAN",30,79,134,213
https://kawalpemilu.org#20528,"8 ULU, JAKABARING, KOTA PALEMBANG, SUMATERA SELATAN",31,115,91,206
https://kawalpemilu.org#20528,"8 ULU, JAKABARING, KOTA PALEMBANG, SUMATERA SELATAN",32,111,133,244
https://kawalpemilu.org#20528,"8 ULU, JAKABARING, KOTA PALEMBANG, SUMATERA SELATAN",33,29,53,82
https://kawalpemilu.org#20529,"9/10 ULU, JAKABARING, KOTA PALEMBANG, SUMATERA SELATAN",1,50,108,158
https://kawalpemilu.org#20529,"9/10 ULU, JAKABARING, KOTA PALEMBANG, SUMATERA SELATAN",2,65,68,133
https://kawalpemilu.org#20529,"9/10 ULU, JAKABARING, KOTA PALEMBANG, SUMATERA SELATAN",3,95,105,200
https://kawalpemilu.org#20529,"9/10 ULU, JAKABARING, KOTA PALEMBANG, SUMATERA SELATAN",4,205,39,244
https://kawalpemilu.org#20529,"9/10 ULU, JAKABARING, KOTA PALEMBANG, SUMATERA SELATAN",5,82,100,182
https://kawalpemilu.org#20529,"9/10 ULU, JAKABARING, KOTA PALEMBANG, SUMATERA SELATAN",6,136,56,7
https://kawalpemilu.org#20529,"9/10 ULU, JAKABARING, KOTA PALEMBANG, SUMATERA SELATAN",7,85,38,123
https://kawalpemilu.org#20529,"9/10 ULU, JAKABARING, KOTA PALEMBANG, SUMATERA SELATAN",8,62,45,107
https://kawalpemilu.org#20529,"9/10 ULU, JAKABARING, KOTA PALEMBANG, SUMATERA SELATAN",9,98,118,216
https://kawalpemilu.org#20529,"9/10 ULU, JAKABARING, KOTA PALEMBANG, SUMATERA SELATAN",10,135,15,150
https://kawalpemilu.org#20529,"9/10 ULU, JAKABARING, KOTA PALEMBANG, SUMATERA SELATAN",12,38,86,124
https://kawalpemilu.org#20529,"9/10 ULU, JAKABARING, KOTA PALEMBANG, SUMATERA SELATAN",13,60,122,182
https://kawalpemilu.org#20529,"9/10 ULU, JAKABARING, KOTA PALEMBANG, SUMATERA SELATAN",14,54,119,173
https://kawalpemilu.org#20529,"9/10 ULU, JAKABARING, KOTA PALEMBANG, SUMATERA SELATAN",15,68,143,211
https://kawalpemilu.org#20529,"9/10 ULU, JAKABARING, KOTA PALEMBANG, SUMATERA SELATAN",16,52,123,175
https://kawalpemilu.org#20529,"9/10 ULU, JAKABARING, KOTA PALEMBANG, SUMATERA SELATAN",17,77,39,116
https://kawalpemilu.org#20529,"9/10 ULU, JAKABARING, KOTA PALEMBANG, SUMATERA SELATAN",18,82,96,178
https://kawalpemilu.org#20529,"9/10 ULU, JAKABARING, KOTA PALEMBANG, SUMATERA SELATAN",19,64,83,147
https://kawalpemilu.org#20529,"9/10 ULU, JAKABARING, KOTA PALEMBANG, SUMATERA SELATAN",20,70,142,212
https://kawalpemilu.org#20529,"9/10 ULU, JAKABARING, KOTA PALEMBANG, SUMATERA SELATAN",21,52,88,140
https://kawalpemilu.org#20529,"9/10 ULU, JAKABARING, KOTA PALEMBANG, SUMATERA SELATAN",22,115,94,209
https://kawalpemilu.org#20529,"9/10 ULU, JAKABARING, KOTA PALEMBANG, SUMATERA SELATAN",23,94,105,199
https://kawalpemilu.org#20529,"9/10 ULU, JAKABARING, KOTA PALEMBANG, SUMATERA SELATAN",24,101,129,230
https://kawalpemilu.org#20529,"9/10 ULU, JAKABARING, KOTA PALEMBANG, SUMATERA SELATAN",25,60,114,174
https://kawalpemilu.org#20529,"9/10 ULU, JAKABARING, KOTA PALEMBANG, SUMATERA SELATAN",26,65,60,125
https://kawalpemilu.org#20529,"9/10 ULU, JAKABARING, KOTA PALEMBANG, SUMATERA SELATAN",27,58,79,137
https://kawalpemilu.org#20529,"9/10 ULU, JAKABARING, KOTA PALEMBANG, SUMATERA SELATAN",28,117,132,249
https://kawalpemilu.org#20529,"9/10 ULU, JAKABARING, KOTA PALEMBANG, SUMATERA SELATAN",29,87,87,174
https://kawalpemilu.org#20529,"9/10 ULU, JAKABARING, KOTA PALEMBANG, SUMATERA SELATAN",30,45,100,145
https://kawalpemilu.org#20529,"9/10 ULU, JAKABARING, KOTA PALEMBANG, SUMATERA SELATAN",31,132,73,205
https://kawalpemilu.org#20529,"9/10 ULU, JAKABARING, KOTA PALEMBANG, SUMATERA SELATAN",32,60,91,151
https://kawalpemilu.org#20529,"9/10 ULU, JAKABARING, KOTA PALEMBANG, SUMATERA SELATAN",33,85,105,185
https://kawalpemilu.org#20529,"9/10 ULU, JAKABARING, KOTA PALEMBANG, SUMATERA SELATAN",34,107,110,217
https://kawalpemilu.org#20529,"9/10 ULU, JAKABARING, KOTA PALEMBANG, SUMATERA SELATAN",35,68,154,222
https://kawalpemilu.org#20529,"9/10 ULU, JAKABARING, KOTA PALEMBANG, SUMATERA SELATAN",36,52,77,129
https://kawalpemilu.org#20529,"9/10 ULU, JAKABARING, KOTA PALEMBANG, SUMATERA SELATAN",37,42,70,112
https://kawalpemilu.org#20529,"9/10 ULU, JAKABARING, KOTA PALEMBANG, SUMATERA SELATAN",38,50,146,196
https://kawalpemilu.org#20529,"9/10 ULU, JAKABARING, KOTA PALEMBANG, SUMATERA SELATAN",39,69,115,184
https://kawalpemilu.org#20529,"9/10 ULU, JAKABARING, KOTA PALEMBANG, SUMATERA SELATAN",40,69,120,189
https://kawalpemilu.org#20529,"9/10 ULU, JAKABARING, KOTA PALEMBANG, SUMATERA SELATAN",41,68,53,121
https://kawalpemilu.org#20530,"TUAN KENTANG, JAKABARING, KOTA PALEMBANG, SUMATERA SELATAN",1,83,101,184
https://kawalpemilu.org#20530,"TUAN KENTANG, JAKABARING, KOTA PALEMBANG, SUMATERA SELATAN",2,85,60,145
https://kawalpemilu.org#20530,"TUAN KENTANG, JAKABARING, KOTA PALEMBANG, SUMATERA SELATAN",3,43,106,149
https://kawalpemilu.org#20530,"TUAN KENTANG, JAKABARING, KOTA PALEMBANG, SUMATERA SELATAN",4,39,104,143
https://kawalpemilu.org#20530,"TUAN KENTANG, JAKABARING, KOTA PALEMBANG, SUMATERA SELATAN",5,75,153,228
https://kawalpemilu.org#20530,"TUAN KENTANG, JAKABARING, KOTA PALEMBANG, SUMATERA SELATAN",6,74,89,163
https://kawalpemilu.org#20530,"TUAN KENTANG, JAKABARING, KOTA PALEMBANG, SUMATERA SELATAN",8,87,114,201
https://kawalpemilu.org#20530,"TUAN KENTANG, JAKABARING, KOTA PALEMBANG, SUMATERA SELATAN",9,77,87,164
https://kawalpemilu.org#20530,"TUAN KENTANG, JAKABARING, KOTA PALEMBANG, SUMATERA SELATAN",10,72,111,183
https://kawalpemilu.org#20530,"TUAN KENTANG, JAKABARING, KOTA PALEMBANG, SUMATERA SELATAN",11,56,85,141
https://kawalpemilu.org#20530,"TUAN KENTANG, JAKABARING, KOTA PALEMBANG, SUMATERA SELATAN",12,28,94,122
https://kawalpemilu.org#20530,"TUAN KENTANG, JAKABARING, KOTA PALEMBANG, SUMATERA SELATAN",13,67,129,196
https://kawalpemilu.org#20530,"TUAN KENTANG, JAKABARING, KOTA PALEMBANG, SUMATERA SELATAN",14,92,111,203
https://kawalpemilu.org#20530,"TUAN KENTANG, JAKABARING, KOTA PALEMBANG, SUMATERA SELATAN",15,118,129,247
https://kawalpemilu.org#20530,"TUAN KENTANG, JAKABARING, KOTA PALEMBANG, SUMATERA SELATAN",16,79,85,164
https://kawalpemilu.org#20530,"TUAN KENTANG, JAKABARING, KOTA PALEMBANG, SUMATERA SELATAN",17,52,59,111
https://kawalpemilu.org#20530,"TUAN KENTANG, JAKABARING, KOTA PALEMBANG, SUMATERA SELATAN",18,56,113,169
https://kawalpemilu.org#20530,"TUAN KENTANG, JAKABARING, KOTA PALEMBANG, SUMATERA SELATAN",19,49,114,163
https://kawalpemilu.org#20530,"TUAN KENTANG, JAKABARING, KOTA PALEMBANG, SUMATERA SELATAN",20,61,132,193
https://kawalpemilu.org#20530,"TUAN KENTANG, JAKABARING, KOTA PALEMBANG, SUMATERA SELATAN",22,103,115,218
https://kawalpemilu.org#20530,"TUAN KENTANG, JAKABARING, KOTA PALEMBANG, SUMATERA SELATAN",23,104,143,247
https://kawalpemilu.org#20530,"TUAN KENTANG, JAKABARING, KOTA PALEMBANG, SUMATERA SELATAN",24,90,146,236
https://kawalpemilu.org#20530,"TUAN KENTANG, JAKABARING, KOTA PALEMBANG, SUMATERA SELATAN",25,66,113,179
https://kawalpemilu.org#20530,"TUAN KENTANG, JAKABARING, KOTA PALEMBANG, SUMATERA SELATAN",26,89,125,214
https://kawalpemilu.org#20530,"TUAN KENTANG, JAKABARING, KOTA PALEMBANG, SUMATERA SELATAN",27,55,154,209
https://kawalpemilu.org#20530,"TUAN KENTANG, JAKABARING, KOTA PALEMBANG, SUMATERA SELATAN",28,46,176,222
https://kawalpemilu.org#20530,"TUAN KENTANG, JAKABARING, KOTA PALEMBANG, SUMATERA SELATAN",29,46,135,181
https://kawalpemilu.org#20530,"TUAN KENTANG, JAKABARING, KOTA PALEMBANG, SUMATERA SELATAN",30,69,156,225
https://kawalpemilu.org#20530,"TUAN KENTANG, JAKABARING, KOTA PALEMBANG, SUMATERA SELATAN",31,91,163,254
https://kawalpemilu.org#20530,"TUAN KENTANG, JAKABARING, KOTA PALEMBANG, SUMATERA SELATAN",32,88,127,215
https://kawalpemilu.org#20530,"TUAN KENTANG, JAKABARING, KOTA PALEMBANG, SUMATERA SELATAN",33,109,122,231
https://kawalpemilu.org#20530,"TUAN KENTANG, JAKABARING, KOTA PALEMBANG, SUMATERA SELATAN",34,54,93,147
https://kawalpemilu.org#20530,"TUAN KENTANG, JAKABARING, KOTA PALEMBANG, SUMATERA SELATAN",35,30,42,72
https://kawalpemilu.org#20530,"TUAN KENTANG, JAKABARING, KOTA PALEMBANG, SUMATERA SELATAN",36,98,102,200
https://kawalpemilu.org#20530,"TUAN KENTANG, JAKABARING, KOTA PALEMBANG, SUMATERA SELATAN",37,40,47,87
https://kawalpemilu.org#20530,"TUAN KENTANG, JAKABARING, KOTA PALEMBANG, SUMATERA SELATAN",38,15,55,70
https://kawalpemilu.org#20531,"SILABERANTI, JAKABARING, KOTA PALEMBANG, SUMATERA SELATAN",1,49,46,95
https://kawalpemilu.org#20531,"SILABERANTI, JAKABARING, KOTA PALEMBANG, SUMATERA SELATAN",2,67,99,166
https://kawalpemilu.org#20531,"SILABERANTI, JAKABARING, KOTA PALEMBANG, SUMATERA SELATAN",3,57,103,160
https://kawalpemilu.org#20531,"SILABERANTI, JAKABARING, KOTA PALEMBANG, SUMATERA SELATAN",4,45,89,134
https://kawalpemilu.org#20531,"SILABERANTI, JAKABARING, KOTA PALEMBANG, SUMATERA SELATAN",5,65,119,184
https://kawalpemilu.org#20531,"SILABERANTI, JAKABARING, KOTA PALEMBANG, SUMATERA SELATAN",6,56,140,196
https://kawalpemilu.org#20531,"SILABERANTI, JAKABARING, KOTA PALEMBANG, SUMATERA SELATAN",7,86,159,245
https://kawalpemilu.org#20531,"SILABERANTI, JAKABARING, KOTA PALEMBANG, SUMATERA SELATAN",8,62,134,196
https://kawalpemilu.org#20531,"SILABERANTI, JAKABARING, KOTA PALEMBANG, SUMATERA SELATAN",9,49,133,182
https://kawalpemilu.org#20531,"SILABERANTI, JAKABARING, KOTA PALEMBANG, SUMATERA SELATAN",10,27,107,134
https://kawalpemilu.org#20531,"SILABERANTI, JAKABARING, KOTA PALEMBANG, SUMATERA SELATAN",11,57,95,152
https://kawalpemilu.org#20531,"SILABERANTI, JAKABARING, KOTA PALEMBANG, SUMATERA SELATAN",12,51,158,209
https://kawalpemilu.org#20531,"SILABERANTI, JAKABARING, KOTA PALEMBANG, SUMATERA SELATAN",13,58,101,159
https://kawalpemilu.org#20531,"SILABERANTI, JAKABARING, KOTA PALEMBANG, SUMATERA SELATAN",14,42,120,162
https://kawalpemilu.org#20531,"SILABERANTI, JAKABARING, KOTA PALEMBANG, SUMATERA SELATAN",15,52,82,134
https://kawalpemilu.org#20531,"SILABERANTI, JAKABARING, KOTA PALEMBANG, SUMATERA SELATAN",16,47,116,163
https://kawalpemilu.org#20531,"SILABERANTI, JAKABARING, KOTA PALEMBANG, SUMATERA SELATAN",17,35,121,156
https://kawalpemilu.org#20531,"SILABERANTI, JAKABARING, KOTA PALEMBANG, SUMATERA SELATAN",18,85,103,188
https://kawalpemilu.org#20531,"SILABERANTI, JAKABARING, KOTA PALEMBANG, SUMATERA SELATAN",19,75,91,166
https://kawalpemilu.org#20531,"SILABERANTI, JAKABARING, KOTA PALEMBANG, SUMATERA SELATAN",20,56,140,196
https://kawalpemilu.org#20531,"SILABERANTI, JAKABARING, KOTA PALEMBANG, SUMATERA SELATAN",21,72,66,138
https://kawalpemilu.org#20531,"SILABERANTI, JAKABARING, KOTA PALEMBANG, SUMATERA SELATAN",22,54,68,122
https://kawalpemilu.org#20531,"SILABERANTI, JAKABARING, KOTA PALEMBANG, SUMATERA SELATAN",23,88,155,243
https://kawalpemilu.org#20531,"SILABERANTI, JAKABARING, KOTA PALEMBANG, SUMATERA SELATAN",24,74,168,242
https://kawalpemilu.org#20531,"SILABERANTI, JAKABARING, KOTA PALEMBANG, SUMATERA SELATAN",25,55,86,141
https://kawalpemilu.org#20531,"SILABERANTI, JAKABARING, KOTA PALEMBANG, SUMATERA SELATAN",26,61,75,136
https://kawalpemilu.org#20531,"SILABERANTI, JAKABARING, KOTA PALEMBANG, SUMATERA SELATAN",27,115,59,174
https://kawalpemilu.org#20531,"SILABERANTI, JAKABARING, KOTA PALEMBANG, SUMATERA SELATAN",28,48,99,147
https://kawalpemilu.org#20531,"SILABERANTI, JAKABARING, KOTA PALEMBANG, SUMATERA SELATAN",29,53,100,153
https://kawalpemilu.org#20531,"SILABERANTI, JAKABARING, KOTA PALEMBANG, SUMATERA SELATAN",30,63,52,115
https://kawalpemilu.org#20531,"SILABERANTI, JAKABARING, KOTA PALEMBANG, SUMATERA SELATAN",31,81,67,148
https://kawalpemilu.org#20531,"SILABERANTI, JAKABARING, KOTA PALEMBANG, SUMATERA SELATAN",32,123,119,242
https://kawalpemilu.org#20531,"SILABERANTI, JAKABARING, KOTA PALEMBANG, SUMATERA SELATAN",33,87,129,216
https://kawalpemilu.org#20531,"SILABERANTI, JAKABARING, KOTA PALEMBANG, SUMATERA SELATAN",34,133,109,242
https://kawalpemilu.org#20531,"SILABERANTI, JAKABARING, KOTA PALEMBANG, SUMATERA SELATAN",35,60,67,127
https://kawalpemilu.org#20531,"SILABERANTI, JAKABARING, KOTA PALEMBANG, SUMATERA SELATAN",36,51,99,150
https://kawalpemilu.org#20531,"SILABERANTI, JAKABARING, KOTA PALEMBANG, SUMATERA SELATAN",37,57,85,142
https://kawalpemilu.org#20531,"SILABERANTI, JAKABARING, KOTA PALEMBANG, SUMATERA SELATAN",39,74,132,206
https://kawalpemilu.org#20531,"SILABERANTI, JAKABARING, KOTA PALEMBANG, SUMATERA SELATAN",40,48,110,158
https://kawalpemilu.org#20531,"SILABERANTI, JAKABARING, KOTA PALEMBANG, SUMATERA SELATAN",41,116,137,253
https://kawalpemilu.org#20531,"SILABERANTI, JAKABARING, KOTA PALEMBANG, SUMATERA SELATAN",42,124,98,222
https://kawalpemilu.org#20531,"SILABERANTI, JAKABARING, KOTA PALEMBANG, SUMATERA SELATAN",43,80,28,108
https://kawalpemilu.org#20531,"SILABERANTI, JAKABARING, KOTA PALEMBANG, SUMATERA SELATAN",44,94,142,236
https://kawalpemilu.org#20531,"SILABERANTI, JAKABARING, KOTA PALEMBANG, SUMATERA SELATAN",45,78,156,234
https://kawalpemilu.org#20531,"SILABERANTI, JAKABARING, KOTA PALEMBANG, SUMATERA SELATAN",46,34,118,152
https://kawalpemilu.org#20531,"SILABERANTI, JAKABARING, KOTA PALEMBANG, SUMATERA SELATAN",47,71,99,170
https://kawalpemilu.org#20531,"SILABERANTI, JAKABARING, KOTA PALEMBANG, SUMATERA SELATAN",48,44,119,163
https://kawalpemilu.org#20531,"SILABERANTI, JAKABARING, KOTA PALEMBANG, SUMATERA SELATAN",49,48,136,184
https://kawalpemilu.org#20531,"SILABERANTI, JAKABARING, KOTA PALEMBANG, SUMATERA SELATAN",50,31,100,131
https://kawalpemilu.org#20531,"SILABERANTI, JAKABARING, KOTA PALEMBANG, SUMATERA SELATAN",51,48,103,151
https://kawalpemilu.org#20531,"SILABERANTI, JAKABARING, KOTA PALEMBANG, SUMATERA SELATAN",52,73,76,149
https://kawalpemilu.org#20531,"SILABERANTI, JAKABARING, KOTA PALEMBANG, SUMATERA SELATAN",53,84,132,216
https://kawalpemilu.org#20531,"SILABERANTI, JAKABARING, KOTA PALEMBANG, SUMATERA SELATAN",54,72,115,187
https://kawalpemilu.org#20531,"SILABERANTI, JAKABARING, KOTA PALEMBANG, SUMATERA SELATAN",55,33,73,106
https://kawalpemilu.org#20531,"SILABERANTI, JAKABARING, KOTA PALEMBANG, SUMATERA SELATAN",56,31,68,99
https://kawalpemilu.org#20531,"SILABERANTI, JAKABARING, KOTA PALEMBANG, SUMATERA SELATAN",57,57,76,133
https://kawalpemilu.org#20531,"SILABERANTI, JAKABARING, KOTA PALEMBANG, SUMATERA SELATAN",58,61,74,135
https://kawalpemilu.org#20531,"SILABERANTI, JAKABARING, KOTA PALEMBANG, SUMATERA SELATAN",59,43,128,171
https://kawalpemilu.org#20531,"SILABERANTI, JAKABARING, KOTA PALEMBANG, SUMATERA SELATAN",60,87,125,212
https://kawalpemilu.org#20531,"SILABERANTI, JAKABARING, KOTA PALEMBANG, SUMATERA SELATAN",61,84,125,209
https://kawalpemilu.org#20560,"10 ILIR, ILIR TIMUR III, KOTA PALEMBANG, SUMATERA SELATAN",1,74,124,198
https://kawalpemilu.org#20560,"10 ILIR, ILIR TIMUR III, KOTA PALEMBANG, SUMATERA SELATAN",2,128,67,195
https://kawalpemilu.org#20560,"10 ILIR, ILIR TIMUR III, KOTA PALEMBANG, SUMATERA SELATAN",3,82,63,145
https://kawalpemilu.org#20560,"10 ILIR, ILIR TIMUR III, KOTA PALEMBANG, SUMATERA SELATAN",4,49,94,143
https://kawalpemilu.org#20560,"10 ILIR, ILIR TIMUR III, KOTA PALEMBANG, SUMATERA SELATAN",5,18,43,61
https://kawalpemilu.org#20560,"10 ILIR, ILIR TIMUR III, KOTA PALEMBANG, SUMATERA SELATAN",6,33,127,160
https://kawalpemilu.org#20560,"10 ILIR, ILIR TIMUR III, KOTA PALEMBANG, SUMATERA SELATAN",7,29,109,138
https://kawalpemilu.org#20560,"10 ILIR, ILIR TIMUR III, KOTA PALEMBANG, SUMATERA SELATAN",8,22,231,253
https://kawalpemilu.org#20560,"10 ILIR, ILIR TIMUR III, KOTA PALEMBANG, SUMATERA SELATAN",9,65,156,221
https://kawalpemilu.org#20560,"10 ILIR, ILIR TIMUR III, KOTA PALEMBANG, SUMATERA SELATAN",10,117,81,198
https://kawalpemilu.org#20560,"10 ILIR, ILIR TIMUR III, KOTA PALEMBANG, SUMATERA SELATAN",11,52,93,145
https://kawalpemilu.org#20560,"10 ILIR, ILIR TIMUR III, KOTA PALEMBANG, SUMATERA SELATAN",12,83,132,215
https://kawalpemilu.org#20560,"10 ILIR, ILIR TIMUR III, KOTA PALEMBANG, SUMATERA SELATAN",13,100,158,258
https://kawalpemilu.org#20561,"11 ILIR, ILIR TIMUR III, KOTA PALEMBANG, SUMATERA SELATAN",1,97,91,188
https://kawalpemilu.org#20561,"11 ILIR, ILIR TIMUR III, KOTA PALEMBANG, SUMATERA SELATAN",2,56,124,180
https://kawalpemilu.org#20561,"11 ILIR, ILIR TIMUR III, KOTA PALEMBANG, SUMATERA SELATAN",3,92,73,165
https://kawalpemilu.org#20561,"11 ILIR, ILIR TIMUR III, KOTA PALEMBANG, SUMATERA SELATAN",4,89,94,183
https://kawalpemilu.org#20561,"11 ILIR, ILIR TIMUR III, KOTA PALEMBANG, SUMATERA SELATAN",5,68,112,180
https://kawalpemilu.org#20561,"11 ILIR, ILIR TIMUR III, KOTA PALEMBANG, SUMATERA SELATAN",6,97,126,223
https://kawalpemilu.org#20561,"11 ILIR, ILIR TIMUR III, KOTA PALEMBANG, SUMATERA SELATAN",7,114,80,194
https://kawalpemilu.org#20561,"11 ILIR, ILIR TIMUR III, KOTA PALEMBANG, SUMATERA SELATAN",9,66,133,199
https://kawalpemilu.org#20561,"11 ILIR, ILIR TIMUR III, KOTA PALEMBANG, SUMATERA SELATAN",10,69,106,175
https://kawalpemilu.org#20561,"11 ILIR, ILIR TIMUR III, KOTA PALEMBANG, SUMATERA SELATAN",11,118,48,166
https://kawalpemilu.org#20561,"11 ILIR, ILIR TIMUR III, KOTA PALEMBANG, SUMATERA SELATAN",12,82,97,179
https://kawalpemilu.org#20562,"9 ILIR, ILIR TIMUR III, KOTA PALEMBANG, SUMATERA SELATAN",1,164,68,232
https://kawalpemilu.org#20562,"9 ILIR, ILIR TIMUR III, KOTA PALEMBANG, SUMATERA SELATAN",2,27,62,89
https://kawalpemilu.org#20562,"9 ILIR, ILIR TIMUR III, KOTA PALEMBANG, SUMATERA SELATAN",4,117,95,212
https://kawalpemilu.org#20562,"9 ILIR, ILIR TIMUR III, KOTA PALEMBANG, SUMATERA SELATAN",5,84,122,206
https://kawalpemilu.org#20562,"9 ILIR, ILIR TIMUR III, KOTA PALEMBANG, SUMATERA SELATAN",6,90,182,272
https://kawalpemilu.org#20562,"9 ILIR, ILIR TIMUR III, KOTA PALEMBANG, SUMATERA SELATAN",7,67,118,185
https://kawalpemilu.org#20562,"9 ILIR, ILIR TIMUR III, KOTA PALEMBANG, SUMATERA SELATAN",8,53,113,166
https://kawalpemilu.org#20562,"9 ILIR, ILIR TIMUR III, KOTA PALEMBANG, SUMATERA SELATAN",9,64,89,153
https://kawalpemilu.org#20562,"9 ILIR, ILIR TIMUR III, KOTA PALEMBANG, SUMATERA SELATAN",10,38,146,184
https://kawalpemilu.org#20562,"9 ILIR, ILIR TIMUR III, KOTA PALEMBANG, SUMATERA SELATAN",11,49,135,184
https://kawalpemilu.org#20562,"9 ILIR, ILIR TIMUR III, KOTA PALEMBANG, SUMATERA SELATAN",12,56,112,168
https://kawalpemilu.org#20562,"9 ILIR, ILIR TIMUR III, KOTA PALEMBANG, SUMATERA SELATAN",13,63,168,231
https://kawalpemilu.org#20562,"9 ILIR, ILIR TIMUR III, KOTA PALEMBANG, SUMATERA SELATAN",15,44,86,130
https://kawalpemilu.org#20562,"9 ILIR, ILIR TIMUR III, KOTA PALEMBANG, SUMATERA SELATAN",16,40,130,170
https://kawalpemilu.org#20562,"9 ILIR, ILIR TIMUR III, KOTA PALEMBANG, SUMATERA SELATAN",17,61,149,210
https://kawalpemilu.org#20562,"9 ILIR, ILIR TIMUR III, KOTA PALEMBANG, SUMATERA SELATAN",18,72,143,215
https://kawalpemilu.org#20562,"9 ILIR, ILIR TIMUR III, KOTA PALEMBANG, SUMATERA SELATAN",19,106,138,244
https://kawalpemilu.org#20562,"9 ILIR, ILIR TIMUR III, KOTA PALEMBANG, SUMATERA SELATAN",20,124,24,148
https://kawalpemilu.org#20562,"9 ILIR, ILIR TIMUR III, KOTA PALEMBANG, SUMATERA SELATAN",21,70,113,183
https://kawalpemilu.org#20562,"9 ILIR, ILIR TIMUR III, KOTA PALEMBANG, SUMATERA SELATAN",22,89,129,218
https://kawalpemilu.org#20562,"9 ILIR, ILIR TIMUR III, KOTA PALEMBANG, SUMATERA SELATAN",23,81,140,221
https://kawalpemilu.org#20562,"9 ILIR, ILIR TIMUR III, KOTA PALEMBANG, SUMATERA SELATAN",25,54,97,151
https://kawalpemilu.org#20562,"9 ILIR, ILIR TIMUR III, KOTA PALEMBANG, SUMATERA SELATAN",26,114,15,129
https://kawalpemilu.org#20562,"9 ILIR, ILIR TIMUR III, KOTA PALEMBANG, SUMATERA SELATAN",27,114,18,132
https://kawalpemilu.org#20562,"9 ILIR, ILIR TIMUR III, KOTA PALEMBANG, SUMATERA SELATAN",28,96,145,241
https://kawalpemilu.org#20562,"9 ILIR, ILIR TIMUR III, KOTA PALEMBANG, SUMATERA SELATAN",29,106,138,244
https://kawalpemilu.org#20562,"9 ILIR, ILIR TIMUR III, KOTA PALEMBANG, SUMATERA SELATAN",31,60,50,110
https://kawalpemilu.org#20562,"9 ILIR, ILIR TIMUR III, KOTA PALEMBANG, SUMATERA SELATAN",32,52,159,211
https://kawalpemilu.org#20562,"9 ILIR, ILIR TIMUR III, KOTA PALEMBANG, SUMATERA SELATAN",33,50,157,207
https://kawalpemilu.org#20562,"9 ILIR, ILIR TIMUR III, KOTA PALEMBANG, SUMATERA SELATAN",34,103,99,202
https://kawalpemilu.org#20562,"9 ILIR, ILIR TIMUR III, KOTA PALEMBANG, SUMATERA SELATAN",37,129,74,203
https://kawalpemilu.org#20562,"9 ILIR, ILIR TIMUR III, KOTA PALEMBANG, SUMATERA SELATAN",38,69,134,203
https://kawalpemilu.org#20562,"9 ILIR, ILIR TIMUR III, KOTA PALEMBANG, SUMATERA SELATAN",39,80,174,254
https://kawalpemilu.org#20562,"9 ILIR, ILIR TIMUR III, KOTA PALEMBANG, SUMATERA SELATAN",40,93,125,218
https://kawalpemilu.org#20562,"9 ILIR, ILIR TIMUR III, KOTA PALEMBANG, SUMATERA SELATAN",42,79,135,214
https://kawalpemilu.org#20562,"9 ILIR, ILIR TIMUR III, KOTA PALEMBANG, SUMATERA SELATAN",43,51,123,174
https://kawalpemilu.org#20563,"8 ILIR, ILIR TIMUR III, KOTA PALEMBANG, SUMATERA SELATAN",1,109,123,232
https://kawalpemilu.org#20563,"8 ILIR, ILIR TIMUR III, KOTA PALEMBANG, SUMATERA SELATAN",2,126,106,232
https://kawalpemilu.org#20563,"8 ILIR, ILIR TIMUR III, KOTA PALEMBANG, SUMATERA SELATAN",3,156,51,207
https://kawalpemilu.org#20563,"8 ILIR, ILIR TIMUR III, KOTA PALEMBANG, SUMATERA SELATAN",4,69,112,181
https://kawalpemilu.org#20563,"8 ILIR, ILIR TIMUR III, KOTA PALEMBANG, SUMATERA SELATAN",5,86,112,198
https://kawalpemilu.org#20563,"8 ILIR, ILIR TIMUR III, KOTA PALEMBANG, SUMATERA SELATAN",6,100,122,222
https://kawalpemilu.org#20563,"8 ILIR, ILIR TIMUR III, KOTA PALEMBANG, SUMATERA SELATAN",7,78,123,201
https://kawalpemilu.org#20563,"8 ILIR, ILIR TIMUR III, KOTA PALEMBANG, SUMATERA SELATAN",9,93,92,185
https://kawalpemilu.org#20563,"8 ILIR, ILIR TIMUR III, KOTA PALEMBANG, SUMATERA SELATAN",10,106,104,210
https://kawalpemilu.org#20563,"8 ILIR, ILIR TIMUR III, KOTA PALEMBANG, SUMATERA SELATAN",11,110,90,200
https://kawalpemilu.org#20563,"8 ILIR, ILIR TIMUR III, KOTA PALEMBANG, SUMATERA SELATAN",12,77,168,245
https://kawalpemilu.org#20563,"8 ILIR, ILIR TIMUR III, KOTA PALEMBANG, SUMATERA SELATAN",13,85,151,236
https://kawalpemilu.org#20563,"8 ILIR, ILIR TIMUR III, KOTA PALEMBANG, SUMATERA SELATAN",14,75,123,198
https://kawalpemilu.org#20563,"8 ILIR, ILIR TIMUR III, KOTA PALEMBANG, SUMATERA SELATAN",17,79,147,226
https://kawalpemilu.org#20563,"8 ILIR, ILIR TIMUR III, KOTA PALEMBANG, SUMATERA SELATAN",18,66,162,228
https://kawalpemilu.org#20563,"8 ILIR, ILIR TIMUR III, KOTA PALEMBANG, SUMATERA SELATAN",19,73,122,195
https://kawalpemilu.org#20563,"8 ILIR, ILIR TIMUR III, KOTA PALEMBANG, SUMATERA SELATAN",22,61,133,194
https://kawalpemilu.org#20563,"8 ILIR, ILIR TIMUR III, KOTA PALEMBANG, SUMATERA SELATAN",23,60,174,234
https://kawalpemilu.org#20563,"8 ILIR, ILIR TIMUR III, KOTA PALEMBANG, SUMATERA SELATAN",24,101,98,199
https://kawalpemilu.org#20563,"8 ILIR, ILIR TIMUR III, KOTA PALEMBANG, SUMATERA SELATAN",25,22,102,124
https://kawalpemilu.org#20563,"8 ILIR, ILIR TIMUR III, KOTA PALEMBANG, SUMATERA SELATAN",26,64,145,209
https://kawalpemilu.org#20563,"8 ILIR, ILIR TIMUR III, KOTA PALEMBANG, SUMATERA SELATAN",27,23,132,155
https://kawalpemilu.org#20563,"8 ILIR, ILIR TIMUR III, KOTA PALEMBANG, SUMATERA SELATAN",28,66,146,212
https://kawalpemilu.org#20563,"8 ILIR, ILIR TIMUR III, KOTA PALEMBANG, SUMATERA SELATAN",30,78,97,175
https://kawalpemilu.org#20563,"8 ILIR, ILIR TIMUR III, KOTA PALEMBANG, SUMATERA SELATAN",31,52,175,227
https://kawalpemilu.org#20563,"8 ILIR, ILIR TIMUR III, KOTA PALEMBANG, SUMATERA SELATAN",32,72,158,230
https://kawalpemilu.org#20563,"8 ILIR, ILIR TIMUR III, KOTA PALEMBANG, SUMATERA SELATAN",33,88,105,193
https://kawalpemilu.org#20563,"8 ILIR, ILIR TIMUR III, KOTA PALEMBANG, SUMATERA SELATAN",34,74,104,178
https://kawalpemilu.org#20563,"8 ILIR, ILIR TIMUR III, KOTA PALEMBANG, SUMATERA SELATAN",35,68,125,193
https://kawalpemilu.org#20563,"8 ILIR, ILIR TIMUR III, KOTA PALEMBANG, SUMATERA SELATAN",36,54,108,162
https://kawalpemilu.org#20563,"8 ILIR, ILIR TIMUR III, KOTA PALEMBANG, SUMATERA SELATAN",37,56,149,205
https://kawalpemilu.org#20563,"8 ILIR, ILIR TIMUR III, KOTA PALEMBANG, SUMATERA SELATAN",38,61,147,208
https://kawalpemilu.org#20563,"8 ILIR, ILIR TIMUR III, KOTA PALEMBANG, SUMATERA SELATAN",39,14,39,53
https://kawalpemilu.org#20563,"8 ILIR, ILIR TIMUR III, KOTA PALEMBANG, SUMATERA SELATAN",40,50,128,178
https://kawalpemilu.org#20563,"8 ILIR, ILIR TIMUR III, KOTA PALEMBANG, SUMATERA SELATAN",41,49,126,175
https://kawalpemilu.org#20563,"8 ILIR, ILIR TIMUR III, KOTA PALEMBANG, SUMATERA SELATAN",42,67,134,201
https://kawalpemilu.org#20563,"8 ILIR, ILIR TIMUR III, KOTA PALEMBANG, SUMATERA SELATAN",43,59,83,142
https://kawalpemilu.org#20563,"8 ILIR, ILIR TIMUR III, KOTA PALEMBANG, SUMATERA SELATAN",44,62,93,155
https://kawalpemilu.org#20563,"8 ILIR, ILIR TIMUR III, KOTA PALEMBANG, SUMATERA SELATAN",45,45,110,155
https://kawalpemilu.org#20563,"8 ILIR, ILIR TIMUR III, KOTA PALEMBANG, SUMATERA SELATAN",46,66,142,208
https://kawalpemilu.org#20563,"8 ILIR, ILIR TIMUR III, KOTA PALEMBANG, SUMATERA SELATAN",47,88,107,195
https://kawalpemilu.org#20563,"8 ILIR, ILIR TIMUR III, KOTA PALEMBANG, SUMATERA SELATAN",48,70,106,176
https://kawalpemilu.org#20563,"8 ILIR, ILIR TIMUR III, KOTA PALEMBANG, SUMATERA SELATAN",49,76,170,246
https://kawalpemilu.org#20563,"8 ILIR, ILIR TIMUR III, KOTA PALEMBANG, SUMATERA SELATAN",50,71,165,236
https://kawalpemilu.org#20563,"8 ILIR, ILIR TIMUR III, KOTA PALEMBANG, SUMATERA SELATAN",51,57,123,180
https://kawalpemilu.org#20563,"8 ILIR, ILIR TIMUR III, KOTA PALEMBANG, SUMATERA SELATAN",52,54,121,175
https://kawalpemilu.org#20563,"8 ILIR, ILIR TIMUR III, KOTA PALEMBANG, SUMATERA SELATAN",53,20,85,105
https://kawalpemilu.org#20563,"8 ILIR, ILIR TIMUR III, KOTA PALEMBANG, SUMATERA SELATAN",54,57,145,202
https://kawalpemilu.org#20563,"8 ILIR, ILIR TIMUR III, KOTA PALEMBANG, SUMATERA SELATAN",55,97,100,197
https://kawalpemilu.org#20563,"8 ILIR, ILIR TIMUR III, KOTA PALEMBANG, SUMATERA SELATAN",56,90,110,200
https://kawalpemilu.org#20563,"8 ILIR, ILIR TIMUR III, KOTA PALEMBANG, SUMATERA SELATAN",57,65,34,99
https://kawalpemilu.org#20563,"8 ILIR, ILIR TIMUR III, KOTA PALEMBANG, SUMATERA SELATAN",60,85,67,152
https://kawalpemilu.org#20563,"8 ILIR, ILIR TIMUR III, KOTA PALEMBANG, SUMATERA SELATAN",61,171,15,186
https://kawalpemilu.org#20563,"8 ILIR, ILIR TIMUR III, KOTA PALEMBANG, SUMATERA SELATAN",63,144,27,171
https://kawalpemilu.org#20563,"8 ILIR, ILIR TIMUR III, KOTA PALEMBANG, SUMATERA SELATAN",65,66,87,153
https://kawalpemilu.org#20563,"8 ILIR, ILIR TIMUR III, KOTA PALEMBANG, SUMATERA SELATAN",66,71,62,133
https://kawalpemilu.org#20563,"8 ILIR, ILIR TIMUR III, KOTA PALEMBANG, SUMATERA SELATAN",67,77,156,233
https://kawalpemilu.org#20563,"8 ILIR, ILIR TIMUR III, KOTA PALEMBANG, SUMATERA SELATAN",68,59,181,240
https://kawalpemilu.org#20569,"KUTO BATU, ILIR TIMUR III, KOTA PALEMBANG, SUMATERA SELATAN",1,43,222,265
https://kawalpemilu.org#20569,"KUTO BATU, ILIR TIMUR III, KOTA PALEMBANG, SUMATERA SELATAN",2,25,142,167
https://kawalpemilu.org#20569,"KUTO BATU, ILIR TIMUR III, KOTA PALEMBANG, SUMATERA SELATAN",3,54,243,297
https://kawalpemilu.org#20569,"KUTO BATU, ILIR TIMUR III, KOTA PALEMBANG, SUMATERA SELATAN",4,70,193,263
https://kawalpemilu.org#20569,"KUTO BATU, ILIR TIMUR III, KOTA PALEMBANG, SUMATERA SELATAN",5,71,120,191
https://kawalpemilu.org#20569,"KUTO BATU, ILIR TIMUR III, KOTA PALEMBANG, SUMATERA SELATAN",6,67,117,184
https://kawalpemilu.org#20569,"KUTO BATU, ILIR TIMUR III, KOTA PALEMBANG, SUMATERA SELATAN",7,85,171,256
https://kawalpemilu.org#20569,"KUTO BATU, ILIR TIMUR III, KOTA PALEMBANG, SUMATERA SELATAN",8,76,103,179
https://kawalpemilu.org#20569,"KUTO BATU, ILIR TIMUR III, KOTA PALEMBANG, SUMATERA SELATAN",9,83,128,211
https://kawalpemilu.org#20569,"KUTO BATU, ILIR TIMUR III, KOTA PALEMBANG, SUMATERA SELATAN",10,105,102,207
https://kawalpemilu.org#20569,"KUTO BATU, ILIR TIMUR III, KOTA PALEMBANG, SUMATERA SELATAN",11,74,186,260
https://kawalpemilu.org#20569,"KUTO BATU, ILIR TIMUR III, KOTA PALEMBANG, SUMATERA SELATAN",12,46,147,193
https://kawalpemilu.org#20569,"KUTO BATU, ILIR TIMUR III, KOTA PALEMBANG, SUMATERA SELATAN",13,31,124,155
https://kawalpemilu.org#20569,"KUTO BATU, ILIR TIMUR III, KOTA PALEMBANG, SUMATERA SELATAN",14,19,103,122
https://kawalpemilu.org#20569,"KUTO BATU, ILIR TIMUR III, KOTA PALEMBANG, SUMATERA SELATAN",15,65,90,155
https://kawalpemilu.org#20569,"KUTO BATU, ILIR TIMUR III, KOTA PALEMBANG, SUMATERA SELATAN",16,58,117,175
https://kawalpemilu.org#20569,"KUTO BATU, ILIR TIMUR III, KOTA PALEMBANG, SUMATERA SELATAN",17,59,157,216
https://kawalpemilu.org#20569,"KUTO BATU, ILIR TIMUR III, KOTA PALEMBANG, SUMATERA SELATAN",18,85,109,194
https://kawalpemilu.org#20569,"KUTO BATU, ILIR TIMUR III, KOTA PALEMBANG, SUMATERA SELATAN",19,68,140,208
https://kawalpemilu.org#20569,"KUTO BATU, ILIR TIMUR III, KOTA PALEMBANG, SUMATERA SELATAN",20,53,180,233
https://kawalpemilu.org#20569,"KUTO BATU, ILIR TIMUR III, KOTA PALEMBANG, SUMATERA SELATAN",22,79,141,220
https://kawalpemilu.org#20569,"KUTO BATU, ILIR TIMUR III, KOTA PALEMBANG, SUMATERA SELATAN",23,62,82,144
https://kawalpemilu.org#20569,"KUTO BATU, ILIR TIMUR III, KOTA PALEMBANG, SUMATERA SELATAN",24,100,129,229
https://kawalpemilu.org#20569,"KUTO BATU, ILIR TIMUR III, KOTA PALEMBANG, SUMATERA SELATAN",25,73,153,226
https://kawalpemilu.org#20569,"KUTO BATU, ILIR TIMUR III, KOTA PALEMBANG, SUMATERA SELATAN",26,33,99,132
https://kawalpemilu.org#20569,"KUTO BATU, ILIR TIMUR III, KOTA PALEMBANG, SUMATERA SELATAN",27,32,188,220
https://kawalpemilu.org#20569,"KUTO BATU, ILIR TIMUR III, KOTA PALEMBANG, SUMATERA SELATAN",28,39,139,178
https://kawalpemilu.org#20569,"KUTO BATU, ILIR TIMUR III, KOTA PALEMBANG, SUMATERA SELATAN",29,40,164,204
https://kawalpemilu.org#20569,"KUTO BATU, ILIR TIMUR III, KOTA PALEMBANG, SUMATERA SELATAN",30,31,136,167
https://kawalpemilu.org#20569,"KUTO BATU, ILIR TIMUR III, KOTA PALEMBANG, SUMATERA SELATAN",31,40,214,254
https://kawalpemilu.org#20569,"KUTO BATU, ILIR TIMUR III, KOTA PALEMBANG, SUMATERA SELATAN",32,54,162,211
https://kawalpemilu.org#20569,"KUTO BATU, ILIR TIMUR III, KOTA PALEMBANG, SUMATERA SELATAN",33,47,149,196
https://kawalpemilu.org#20569,"KUTO BATU, ILIR TIMUR III, KOTA PALEMBANG, SUMATERA SELATAN",34,44,115,159
https://kawalpemilu.org#20569,"KUTO BATU, ILIR TIMUR III, KOTA PALEMBANG, SUMATERA SELATAN",35,95,77,172
https://kawalpemilu.org#20569,"KUTO BATU, ILIR TIMUR III, KOTA PALEMBANG, SUMATERA SELATAN",36,102,135,237
https://kawalpemilu.org#20569,"KUTO BATU, ILIR TIMUR III, KOTA PALEMBANG, SUMATERA SELATAN",37,41,121,161
https://kawalpemilu.org#20569,"KUTO BATU, ILIR TIMUR III, KOTA PALEMBANG, SUMATERA SELATAN",38,35,93,128
https://kawalpemilu.org#20569,"KUTO BATU, ILIR TIMUR III, KOTA PALEMBANG, SUMATERA SELATAN",39,63,130,193
https://kawalpemilu.org#20569,"KUTO BATU, ILIR TIMUR III, KOTA PALEMBANG, SUMATERA SELATAN",40,97,152,249
https://kawalpemilu.org#20569,"KUTO BATU, ILIR TIMUR III, KOTA PALEMBANG, SUMATERA SELATAN",41,7,132,139
https://kawalpemilu.org#20570,"DUKU, ILIR TIMUR III, KOTA PALEMBANG, SUMATERA SELATAN",1,132,26,158
https://kawalpemilu.org#20570,"DUKU, ILIR TIMUR III, KOTA PALEMBANG, SUMATERA SELATAN",2,190,45,235
https://kawalpemilu.org#20570,"DUKU, ILIR TIMUR III, KOTA PALEMBANG, SUMATERA SELATAN",3,205,70,275
https://kawalpemilu.org#20570,"DUKU, ILIR TIMUR III, KOTA PALEMBANG, SUMATERA SELATAN",5,82,110,192
https://kawalpemilu.org#20570,"DUKU, ILIR TIMUR III, KOTA PALEMBANG, SUMATERA SELATAN",6,112,89,201
https://kawalpemilu.org#20570,"DUKU, ILIR TIMUR III, KOTA PALEMBANG, SUMATERA SELATAN",8,74,144,216
https://kawalpemilu.org#20570,"DUKU, ILIR TIMUR III, KOTA PALEMBANG, SUMATERA SELATAN",9,105,131,236
https://kawalpemilu.org#20570,"DUKU, ILIR TIMUR III, KOTA PALEMBANG, SUMATERA SELATAN",10,96,114,210
https://kawalpemilu.org#20570,"DUKU, ILIR TIMUR III, KOTA PALEMBANG, SUMATERA SELATAN",11,67,112,179
https://kawalpemilu.org#20570,"DUKU, ILIR TIMUR III, KOTA PALEMBANG, SUMATERA SELATAN",12,91,104,195
https://kawalpemilu.org#20570,"DUKU, ILIR TIMUR III, KOTA PALEMBANG, SUMATERA SELATAN",13,62,135,197
https://kawalpemilu.org#20570,"DUKU, ILIR TIMUR III, KOTA PALEMBANG, SUMATERA SELATAN",15,67,147,214
https://kawalpemilu.org#20570,"DUKU, ILIR TIMUR III, KOTA PALEMBANG, SUMATERA SELATAN",16,86,76,162
https://kawalpemilu.org#20570,"DUKU, ILIR TIMUR III, KOTA PALEMBANG, SUMATERA SELATAN",18,136,70,206
https://kawalpemilu.org#20570,"DUKU, ILIR TIMUR III, KOTA PALEMBANG, SUMATERA SELATAN",19,185,37,222
https://kawalpemilu.org#20570,"DUKU, ILIR TIMUR III, KOTA PALEMBANG, SUMATERA SELATAN",20,193,38,231
https://kawalpemilu.org#20570,"DUKU, ILIR TIMUR III, KOTA PALEMBANG, SUMATERA SELATAN",21,199,42,241
https://kawalpemilu.org#20570,"DUKU, ILIR TIMUR III, KOTA PALEMBANG, SUMATERA SELATAN",22,156,46,202
https://kawalpemilu.org#20570,"DUKU, ILIR TIMUR III, KOTA PALEMBANG, SUMATERA SELATAN",23,102,58,160
https://kawalpemilu.org#20570,"DUKU, ILIR TIMUR III, KOTA PALEMBANG, SUMATERA SELATAN",24,104,41,145
https://kawalpemilu.org#20570,"DUKU, ILIR TIMUR III, KOTA PALEMBANG, SUMATERA SELATAN",25,87,115,202
https://kawalpemilu.org#20570,"DUKU, ILIR TIMUR III, KOTA PALEMBANG, SUMATERA SELATAN",26,74,89,163
https://kawalpemilu.org#20570,"DUKU, ILIR TIMUR III, KOTA PALEMBANG, SUMATERA SELATAN",27,106,150,256
https://kawalpemilu.org#20570,"DUKU, ILIR TIMUR III, KOTA PALEMBANG, SUMATERA SELATAN",28,129,52,181
https://kawalpemilu.org#20570,"DUKU, ILIR TIMUR III, KOTA PALEMBANG, SUMATERA SELATAN",29,125,37,162
https://kawalpemilu.org#20570,"DUKU, ILIR TIMUR III, KOTA PALEMBANG, SUMATERA SELATAN",30,121,122,243
https://kawalpemilu.org#20570,"DUKU, ILIR TIMUR III, KOTA PALEMBANG, SUMATERA SELATAN",31,70,158,228
https://kawalpemilu.org#20570,"DUKU, ILIR TIMUR III, KOTA PALEMBANG, SUMATERA SELATAN",32,77,107,184
https://kawalpemilu.org#20570,"DUKU, ILIR TIMUR III, KOTA PALEMBANG, SUMATERA SELATAN",34,52,164,216
https://kawalpemilu.org#20570,"DUKU, ILIR TIMUR III, KOTA PALEMBANG, SUMATERA SELATAN",35,80,150,230
https://kawalpemilu.org#20570,"DUKU, ILIR TIMUR III, KOTA PALEMBANG, SUMATERA SELATAN",36,46,102,148
https://kawalpemilu.org#20570,"DUKU, ILIR TIMUR III, KOTA PALEMBANG, SUMATERA SELATAN",37,67,151,218
https://kawalpemilu.org#20570,"DUKU, ILIR TIMUR III, KOTA PALEMBANG, SUMATERA SELATAN",38,37,110,147
https://kawalpemilu.org#20570,"DUKU, ILIR TIMUR III, KOTA PALEMBANG, SUMATERA SELATAN",39,71,149,220
https://kawalpemilu.org#20570,"DUKU, ILIR TIMUR III, KOTA PALEMBANG, SUMATERA SELATAN",40,43,167,210
https://kawalpemilu.org#20570,"DUKU, ILIR TIMUR III, KOTA PALEMBANG, SUMATERA SELATAN",41,140,87,227
https://kawalpemilu.org#20570,"DUKU, ILIR TIMUR III, KOTA PALEMBANG, SUMATERA SELATAN",42,91,111,202
https://kawalpemilu.org#20570,"DUKU, ILIR TIMUR III, KOTA PALEMBANG, SUMATERA SELATAN",43,99,89,188
https://kawalpemilu.org#20570,"DUKU, ILIR TIMUR III, KOTA PALEMBANG, SUMATERA SELATAN",45,177,37,214
https://kawalpemilu.org#20570,"DUKU, ILIR TIMUR III, KOTA PALEMBANG, SUMATERA SELATAN",46,82,114,196
https://kawalpemilu.org#20570,"DUKU, ILIR TIMUR III, KOTA PALEMBANG, SUMATERA SELATAN",47,47,163,210
https://kawalpemilu.org#20570,"DUKU, ILIR TIMUR III, KOTA PALEMBANG, SUMATERA SELATAN",48,58,106,164
https://kawalpemilu.org#20638,"PAGAR ALAM, PAGAR ALAM UTARA, KOTA PAGAR ALAM, SUMATERA SELATAN",1,65,104,169
https://kawalpemilu.org#20638,"PAGAR ALAM, PAGAR ALAM UTARA, KOTA PAGAR ALAM, SUMATERA SELATAN",2,55,146,201
https://kawalpemilu.org#20638,"PAGAR ALAM, PAGAR ALAM UTARA, KOTA PAGAR ALAM, SUMATERA SELATAN",3,53,92,145
https://kawalpemilu.org#20638,"PAGAR ALAM, PAGAR ALAM UTARA, KOTA PAGAR ALAM, SUMATERA SELATAN",4,88,117,205
https://kawalpemilu.org#20638,"PAGAR ALAM, PAGAR ALAM UTARA, KOTA PAGAR ALAM, SUMATERA SELATAN",5,24,98,122
https://kawalpemilu.org#20638,"PAGAR ALAM, PAGAR ALAM UTARA, KOTA PAGAR ALAM, SUMATERA SELATAN",6,82,93,175
https://kawalpemilu.org#20638,"PAGAR ALAM, PAGAR ALAM UTARA, KOTA PAGAR ALAM, SUMATERA SELATAN",7,57,188,245
https://kawalpemilu.org#20638,"PAGAR ALAM, PAGAR ALAM UTARA, KOTA PAGAR ALAM, SUMATERA SELATAN",8,91,95,186
https://kawalpemilu.org#20638,"PAGAR ALAM, PAGAR ALAM UTARA, KOTA PAGAR ALAM, SUMATERA SELATAN",9,97,77,174
https://kawalpemilu.org#20638,"PAGAR ALAM, PAGAR ALAM UTARA, KOTA PAGAR ALAM, SUMATERA SELATAN",10,39,89,128
https://kawalpemilu.org#20638,"PAGAR ALAM, PAGAR ALAM UTARA, KOTA PAGAR ALAM, SUMATERA SELATAN",11,59,78,137
https://kawalpemilu.org#20638,"PAGAR ALAM, PAGAR ALAM UTARA, KOTA PAGAR ALAM, SUMATERA SELATAN",12,94,160,254
https://kawalpemilu.org#20638,"PAGAR ALAM, PAGAR ALAM UTARA, KOTA PAGAR ALAM, SUMATERA SELATAN",13,64,193,257
https://kawalpemilu.org#20638,"PAGAR ALAM, PAGAR ALAM UTARA, KOTA PAGAR ALAM, SUMATERA SELATAN",14,121,105,226
https://kawalpemilu.org#20638,"PAGAR ALAM, PAGAR ALAM UTARA, KOTA PAGAR ALAM, SUMATERA SELATAN",15,154,98,252
https://kawalpemilu.org#20638,"PAGAR ALAM, PAGAR ALAM UTARA, KOTA PAGAR ALAM, SUMATERA SELATAN",16,65,97,162
https://kawalpemilu.org#20638,"PAGAR ALAM, PAGAR ALAM UTARA, KOTA PAGAR ALAM, SUMATERA SELATAN",17,81,114,195
https://kawalpemilu.org#20638,"PAGAR ALAM, PAGAR ALAM UTARA, KOTA PAGAR ALAM, SUMATERA SELATAN",18,147,138,285
https://kawalpemilu.org#20638,"PAGAR ALAM, PAGAR ALAM UTARA, KOTA PAGAR ALAM, SUMATERA SELATAN",19,122,104,226
https://kawalpemilu.org#20638,"PAGAR ALAM, PAGAR ALAM UTARA, KOTA PAGAR ALAM, SUMATERA SELATAN",20,116,94,210
https://kawalpemilu.org#20638,"PAGAR ALAM, PAGAR ALAM UTARA, KOTA PAGAR ALAM, SUMATERA SELATAN",21,65,161,226
https://kawalpemilu.org#20638,"PAGAR ALAM, PAGAR ALAM UTARA, KOTA PAGAR ALAM, SUMATERA SELATAN",22,109,164,273
https://kawalpemilu.org#20638,"PAGAR ALAM, PAGAR ALAM UTARA, KOTA PAGAR ALAM, SUMATERA SELATAN",23,64,120,184
https://kawalpemilu.org#20638,"PAGAR ALAM, PAGAR ALAM UTARA, KOTA PAGAR ALAM, SUMATERA SELATAN",24,79,114,193
https://kawalpemilu.org#20639,"SUKOREJO, PAGAR ALAM UTARA, KOTA PAGAR ALAM, SUMATERA SELATAN",1,117,99,216
https://kawalpemilu.org#20639,"SUKOREJO, PAGAR ALAM UTARA, KOTA PAGAR ALAM, SUMATERA SELATAN",2,125,104,229
https://kawalpemilu.org#20639,"SUKOREJO, PAGAR ALAM UTARA, KOTA PAGAR ALAM, SUMATERA SELATAN",3,118,66,184
https://kawalpemilu.org#20639,"SUKOREJO, PAGAR ALAM UTARA, KOTA PAGAR ALAM, SUMATERA SELATAN",4,92,26,118
https://kawalpemilu.org#20639,"SUKOREJO, PAGAR ALAM UTARA, KOTA PAGAR ALAM, SUMATERA SELATAN",5,123,98,221
https://kawalpemilu.org#20639,"SUKOREJO, PAGAR ALAM UTARA, KOTA PAGAR ALAM, SUMATERA SELATAN",6,117,96,213
https://kawalpemilu.org#20639,"SUKOREJO, PAGAR ALAM UTARA, KOTA PAGAR ALAM, SUMATERA SELATAN",7,30,122,152
https://kawalpemilu.org#20639,"SUKOREJO, PAGAR ALAM UTARA, KOTA PAGAR ALAM, SUMATERA SELATAN",8,82,103,185
https://kawalpemilu.org#20639,"SUKOREJO, PAGAR ALAM UTARA, KOTA PAGAR ALAM, SUMATERA SELATAN",9,38,102,140
https://kawalpemilu.org#20639,"SUKOREJO, PAGAR ALAM UTARA, KOTA PAGAR ALAM, SUMATERA SELATAN",10,37,112,149
https://kawalpemilu.org#20639,"SUKOREJO, PAGAR ALAM UTARA, KOTA PAGAR ALAM, SUMATERA SELATAN",11,49,85,134
https://kawalpemilu.org#20639,"SUKOREJO, PAGAR ALAM UTARA, KOTA PAGAR ALAM, SUMATERA SELATAN",12,29,70,99
https://kawalpemilu.org#20639,"SUKOREJO, PAGAR ALAM UTARA, KOTA PAGAR ALAM, SUMATERA SELATAN",13,39,68,107
https://kawalpemilu.org#20639,"SUKOREJO, PAGAR ALAM UTARA, KOTA PAGAR ALAM, SUMATERA SELATAN",14,70,79,149
https://kawalpemilu.org#20639,"SUKOREJO, PAGAR ALAM UTARA, KOTA PAGAR ALAM, SUMATERA SELATAN",15,37,69,106
https://kawalpemilu.org#20639,"SUKOREJO, PAGAR ALAM UTARA, KOTA PAGAR ALAM, SUMATERA SELATAN",16,63,77,140
https://kawalpemilu.org#20639,"SUKOREJO, PAGAR ALAM UTARA, KOTA PAGAR ALAM, SUMATERA SELATAN",17,84,136,220
https://kawalpemilu.org#20639,"SUKOREJO, PAGAR ALAM UTARA, KOTA PAGAR ALAM, SUMATERA SELATAN",18,71,100,171
https://kawalpemilu.org#20639,"SUKOREJO, PAGAR ALAM UTARA, KOTA PAGAR ALAM, SUMATERA SELATAN",19,138,115,253
https://kawalpemilu.org#20639,"SUKOREJO, PAGAR ALAM UTARA, KOTA PAGAR ALAM, SUMATERA SELATAN",20,79,119,198
https://kawalpemilu.org#20639,"SUKOREJO, PAGAR ALAM UTARA, KOTA PAGAR ALAM, SUMATERA SELATAN",21,126,143,269
https://kawalpemilu.org#20639,"SUKOREJO, PAGAR ALAM UTARA, KOTA PAGAR ALAM, SUMATERA SELATAN",22,43,117,160
https://kawalpemilu.org#20640,"BANGUN JAYA, PAGAR ALAM UTARA, KOTA PAGAR ALAM, SUMATERA SELATAN",1,74,80,154
https://kawalpemilu.org#20640,"BANGUN JAYA, PAGAR ALAM UTARA, KOTA PAGAR ALAM, SUMATERA SELATAN",2,62,74,136
https://kawalpemilu.org#20640,"BANGUN JAYA, PAGAR ALAM UTARA, KOTA PAGAR ALAM, SUMATERA SELATAN",3,42,116,158
https://kawalpemilu.org#20640,"BANGUN JAYA, PAGAR ALAM UTARA, KOTA PAGAR ALAM, SUMATERA SELATAN",4,79,150,229
https://kawalpemilu.org#20640,"BANGUN JAYA, PAGAR ALAM UTARA, KOTA PAGAR ALAM, SUMATERA SELATAN",5,43,117,160
https://kawalpemilu.org#20640,"BANGUN JAYA, PAGAR ALAM UTARA, KOTA PAGAR ALAM, SUMATERA SELATAN",6,133,141,274
https://kawalpemilu.org#20640,"BANGUN JAYA, PAGAR ALAM UTARA, KOTA PAGAR ALAM, SUMATERA SELATAN",7,88,83,171
https://kawalpemilu.org#20641,"ALUN DUA, PAGAR ALAM UTARA, KOTA PAGAR ALAM, SUMATERA SELATAN",1,66,215,281
https://kawalpemilu.org#20641,"ALUN DUA, PAGAR ALAM UTARA, KOTA PAGAR ALAM, SUMATERA SELATAN",2,52,105,157
https://kawalpemilu.org#20641,"ALUN DUA, PAGAR ALAM UTARA, KOTA PAGAR ALAM, SUMATERA SELATAN",3,89,71,160
https://kawalpemilu.org#20641,"ALUN DUA, PAGAR ALAM UTARA, KOTA PAGAR ALAM, SUMATERA SELATAN",4,50,76,126
https://kawalpemilu.org#20641,"ALUN DUA, PAGAR ALAM UTARA, KOTA PAGAR ALAM, SUMATERA SELATAN",5,59,79,138
https://kawalpemilu.org#20641,"ALUN DUA, PAGAR ALAM UTARA, KOTA PAGAR ALAM, SUMATERA SELATAN",6,206,87,293
https://kawalpemilu.org#20641,"ALUN DUA, PAGAR ALAM UTARA, KOTA PAGAR ALAM, SUMATERA SELATAN",7,125,63,188
https://kawalpemilu.org#20641,"ALUN DUA, PAGAR ALAM UTARA, KOTA PAGAR ALAM, SUMATERA SELATAN",8,97,121,218
https://kawalpemilu.org#20641,"ALUN DUA, PAGAR ALAM UTARA, KOTA PAGAR ALAM, SUMATERA SELATAN",9,90,121,211
https://kawalpemilu.org#20641,"ALUN DUA, PAGAR ALAM UTARA, KOTA PAGAR ALAM, SUMATERA SELATAN",10,89,85,174
https://kawalpemilu.org#20642,"BERINGIN JAYA, PAGAR ALAM UTARA, KOTA PAGAR ALAM, SUMATERA SELATAN",1,79,78,157
https://kawalpemilu.org#20642,"BERINGIN JAYA, PAGAR ALAM UTARA, KOTA PAGAR ALAM, SUMATERA SELATAN",2,129,118,247
https://kawalpemilu.org#20642,"BERINGIN JAYA, PAGAR ALAM UTARA, KOTA PAGAR ALAM, SUMATERA SELATAN",3,94,113,207
https://kawalpemilu.org#20642,"BERINGIN JAYA, PAGAR ALAM UTARA, KOTA PAGAR ALAM, SUMATERA SELATAN",4,104,149,253
https://kawalpemilu.org#20642,"BERINGIN JAYA, PAGAR ALAM UTARA, KOTA PAGAR ALAM, SUMATERA SELATAN",5,182,65,247
https://kawalpemilu.org#20642,"BERINGIN JAYA, PAGAR ALAM UTARA, KOTA PAGAR ALAM, SUMATERA SELATAN",6,87,129,216
https://kawalpemilu.org#20642,"BERINGIN JAYA, PAGAR ALAM UTARA, KOTA PAGAR ALAM, SUMATERA SELATAN",7,153,94,247
https://kawalpemilu.org#20642,"BERINGIN JAYA, PAGAR ALAM UTARA, KOTA PAGAR ALAM, SUMATERA SELATAN",8,90,123,213
https://kawalpemilu.org#20642,"BERINGIN JAYA, PAGAR ALAM UTARA, KOTA PAGAR ALAM, SUMATERA SELATAN",9,92,72,164
https://kawalpemilu.org#20642,"BERINGIN JAYA, PAGAR ALAM UTARA, KOTA PAGAR ALAM, SUMATERA SELATAN",10,114,82,196
https://kawalpemilu.org#20642,"BERINGIN JAYA, PAGAR ALAM UTARA, KOTA PAGAR ALAM, SUMATERA SELATAN",11,66,179,245
https://kawalpemilu.org#20642,"BERINGIN JAYA, PAGAR ALAM UTARA, KOTA PAGAR ALAM, SUMATERA SELATAN",12,62,143,205
https://kawalpemilu.org#20642,"BERINGIN JAYA, PAGAR ALAM UTARA, KOTA PAGAR ALAM, SUMATERA SELATAN",13,37,72,109
https://kawalpemilu.org#20642,"BERINGIN JAYA, PAGAR ALAM UTARA, KOTA PAGAR ALAM, SUMATERA SELATAN",14,42,139,181
https://kawalpemilu.org#20642,"BERINGIN JAYA, PAGAR ALAM UTARA, KOTA PAGAR ALAM, SUMATERA SELATAN",15,17,71,88
https://kawalpemilu.org#20642,"BERINGIN JAYA, PAGAR ALAM UTARA, KOTA PAGAR ALAM, SUMATERA SELATAN",16,30,59,89
https://kawalpemilu.org#20642,"BERINGIN JAYA, PAGAR ALAM UTARA, KOTA PAGAR ALAM, SUMATERA SELATAN",17,40,65,105
https://kawalpemilu.org#20642,"BERINGIN JAYA, PAGAR ALAM UTARA, KOTA PAGAR ALAM, SUMATERA SELATAN",18,64,116,180
https://kawalpemilu.org#20644,"SELIBAR, PAGAR ALAM UTARA, KOTA PAGAR ALAM, SUMATERA SELATAN",1,31,183,214
https://kawalpemilu.org#20644,"SELIBAR, PAGAR ALAM UTARA, KOTA PAGAR ALAM, SUMATERA SELATAN",2,30,173,203
https://kawalpemilu.org#20644,"SELIBAR, PAGAR ALAM UTARA, KOTA PAGAR ALAM, SUMATERA SELATAN",3,68,148,216
https://kawalpemilu.org#20644,"SELIBAR, PAGAR ALAM UTARA, KOTA PAGAR ALAM, SUMATERA SELATAN",4,85,161,246
https://kawalpemilu.org#20644,"SELIBAR, PAGAR ALAM UTARA, KOTA PAGAR ALAM, SUMATERA SELATAN",5,90,72,162
https://kawalpemilu.org#20644,"SELIBAR, PAGAR ALAM UTARA, KOTA PAGAR ALAM, SUMATERA SELATAN",6,67,90,157
https://kawalpemilu.org#20644,"SELIBAR, PAGAR ALAM UTARA, KOTA PAGAR ALAM, SUMATERA SELATAN",7,94,95,189
https://kawalpemilu.org#20644,"SELIBAR, PAGAR ALAM UTARA, KOTA PAGAR ALAM, SUMATERA SELATAN",8,125,106,231
https://kawalpemilu.org#20644,"SELIBAR, PAGAR ALAM UTARA, KOTA PAGAR ALAM, SUMATERA SELATAN",9,82,50,132
https://kawalpemilu.org#20644,"SELIBAR, PAGAR ALAM UTARA, KOTA PAGAR ALAM, SUMATERA SELATAN",10,121,72,193
https://kawalpemilu.org#20644,"SELIBAR, PAGAR ALAM UTARA, KOTA PAGAR ALAM, SUMATERA SELATAN",11,131,71,205
https://kawalpemilu.org#20644,"SELIBAR, PAGAR ALAM UTARA, KOTA PAGAR ALAM, SUMATERA SELATAN",12,54,80,134
https://kawalpemilu.org#20645,"CURUP JARE, PAGAR ALAM UTARA, KOTA PAGAR ALAM, SUMATERA SELATAN",1,69,131,200
https://kawalpemilu.org#20645,"CURUP JARE, PAGAR ALAM UTARA, KOTA PAGAR ALAM, SUMATERA SELATAN",2,35,79,114
https://kawalpemilu.org#20645,"CURUP JARE, PAGAR ALAM UTARA, KOTA PAGAR ALAM, SUMATERA SELATAN",3,23,98,121
https://kawalpemilu.org#20645,"CURUP JARE, PAGAR ALAM UTARA, KOTA PAGAR ALAM, SUMATERA SELATAN",4,92,122,214
https://kawalpemilu.org#20645,"CURUP JARE, PAGAR ALAM UTARA, KOTA PAGAR ALAM, SUMATERA SELATAN",5,68,78,146
https://kawalpemilu.org#20645,"CURUP JARE, PAGAR ALAM UTARA, KOTA PAGAR ALAM, SUMATERA SELATAN",6,40,88,128
https://kawalpemilu.org#20645,"CURUP JARE, PAGAR ALAM UTARA, KOTA PAGAR ALAM, SUMATERA SELATAN",7,62,116,178
https://kawalpemilu.org#20645,"CURUP JARE, PAGAR ALAM UTARA, KOTA PAGAR ALAM, SUMATERA SELATAN",8,35,80,115
https://kawalpemilu.org#20645,"CURUP JARE, PAGAR ALAM UTARA, KOTA PAGAR ALAM, SUMATERA SELATAN",9,67,78,145
https://kawalpemilu.org#20646,"BANGUN REJO, PAGAR ALAM UTARA, KOTA PAGAR ALAM, SUMATERA SELATAN",1,83,109,192
https://kawalpemilu.org#20646,"BANGUN REJO, PAGAR ALAM UTARA, KOTA PAGAR ALAM, SUMATERA SELATAN",2,81,127,204
https://kawalpemilu.org#20646,"BANGUN REJO, PAGAR ALAM UTARA, KOTA PAGAR ALAM, SUMATERA SELATAN",3,74,107,181
https://kawalpemilu.org#20646,"BANGUN REJO, PAGAR ALAM UTARA, KOTA PAGAR ALAM, SUMATERA SELATAN",4,148,60,208
https://kawalpemilu.org#20646,"BANGUN REJO, PAGAR ALAM UTARA, KOTA PAGAR ALAM, SUMATERA SELATAN",5,144,106,250
https://kawalpemilu.org#20646,"BANGUN REJO, PAGAR ALAM UTARA, KOTA PAGAR ALAM, SUMATERA SELATAN",6,169,99,268
https://kawalpemilu.org#20646,"BANGUN REJO, PAGAR ALAM UTARA, KOTA PAGAR ALAM, SUMATERA SELATAN",7,214,65,279
https://kawalpemilu.org#20646,"BANGUN REJO, PAGAR ALAM UTARA, KOTA PAGAR ALAM, SUMATERA SELATAN",8,152,81,233
https://kawalpemilu.org#20646,"BANGUN REJO, PAGAR ALAM UTARA, KOTA PAGAR ALAM, SUMATERA SELATAN",9,109,67,176
https://kawalpemilu.org#20646,"BANGUN REJO, PAGAR ALAM UTARA, KOTA PAGAR ALAM, SUMATERA SELATAN",10,53,203,256
https://kawalpemilu.org#20646,"BANGUN REJO, PAGAR ALAM UTARA, KOTA PAGAR ALAM, SUMATERA SELATAN",11,53,182,235
https://kawalpemilu.org#20646,"BANGUN REJO, PAGAR ALAM UTARA, KOTA PAGAR ALAM, SUMATERA SELATAN",12,38,138,176
https://kawalpemilu.org#20646,"BANGUN REJO, PAGAR ALAM UTARA, KOTA PAGAR ALAM, SUMATERA SELATAN",13,44,158,202
https://kawalpemilu.org#20646,"BANGUN REJO, PAGAR ALAM UTARA, KOTA PAGAR ALAM, SUMATERA SELATAN",14,72,211,283
https://kawalpemilu.org#20646,"BANGUN REJO, PAGAR ALAM UTARA, KOTA PAGAR ALAM, SUMATERA SELATAN",15,73,224,297
https://kawalpemilu.org#20646,"BANGUN REJO, PAGAR ALAM UTARA, KOTA PAGAR ALAM, SUMATERA SELATAN",16,46,213,259
https://kawalpemilu.org#91957,"KURIPAN BABAS, PAGAR ALAM UTARA, KOTA PAGAR ALAM, SUMATERA SELATAN",1,75,100,175
https://kawalpemilu.org#91957,"KURIPAN BABAS, PAGAR ALAM UTARA, KOTA PAGAR ALAM, SUMATERA SELATAN",2,139,76,215
https://kawalpemilu.org#91957,"KURIPAN BABAS, PAGAR ALAM UTARA, KOTA PAGAR ALAM, SUMATERA SELATAN",3,125,70,195
https://kawalpemilu.org#91957,"KURIPAN BABAS, PAGAR ALAM UTARA, KOTA PAGAR ALAM, SUMATERA SELATAN",4,96,120,216
https://kawalpemilu.org#91957,"KURIPAN BABAS, PAGAR ALAM UTARA, KOTA PAGAR ALAM, SUMATERA SELATAN",5,60,83,143
https://kawalpemilu.org#91957,"KURIPAN BABAS, PAGAR ALAM UTARA, KOTA PAGAR ALAM, SUMATERA SELATAN",6,69,81,150
https://kawalpemilu.org#91957,"KURIPAN BABAS, PAGAR ALAM UTARA, KOTA PAGAR ALAM, SUMATERA SELATAN",7,52,113,165
https://kawalpemilu.org#91957,"KURIPAN BABAS, PAGAR ALAM UTARA, KOTA PAGAR ALAM, SUMATERA SELATAN",8,71,88,159
https://kawalpemilu.org#91957,"KURIPAN BABAS, PAGAR ALAM UTARA, KOTA PAGAR ALAM, SUMATERA SELATAN",9,44,117,161
https://kawalpemilu.org#91960,"DEMPO MAKMUR, PAGAR ALAM UTARA, KOTA PAGAR ALAM, SUMATERA SELATAN",1,142,142,284
https://kawalpemilu.org#91960,"DEMPO MAKMUR, PAGAR ALAM UTARA, KOTA PAGAR ALAM, SUMATERA SELATAN",2,78,80,158
https://kawalpemilu.org#91960,"DEMPO MAKMUR, PAGAR ALAM UTARA, KOTA PAGAR ALAM, SUMATERA SELATAN",3,119,132,251
https://kawalpemilu.org#91960,"DEMPO MAKMUR, PAGAR ALAM UTARA, KOTA PAGAR ALAM, SUMATERA SELATAN",4,48,76,124
https://kawalpemilu.org#91960,"DEMPO MAKMUR, PAGAR ALAM UTARA, KOTA PAGAR ALAM, SUMATERA SELATAN",5,87,142,229
https://kawalpemilu.org#91960,"DEMPO MAKMUR, PAGAR ALAM UTARA, KOTA PAGAR ALAM, SUMATERA SELATAN",6,173,113,286
https://kawalpemilu.org#91960,"DEMPO MAKMUR, PAGAR ALAM UTARA, KOTA PAGAR ALAM, SUMATERA SELATAN",7,119,37,156
https://kawalpemilu.org#91960,"DEMPO MAKMUR, PAGAR ALAM UTARA, KOTA PAGAR ALAM, SUMATERA SELATAN",8,59,223,282
https://kawalpemilu.org#91960,"DEMPO MAKMUR, PAGAR ALAM UTARA, KOTA PAGAR ALAM, SUMATERA SELATAN",9,45,148,193
https://kawalpemilu.org#91960,"DEMPO MAKMUR, PAGAR ALAM UTARA, KOTA PAGAR ALAM, SUMATERA SELATAN",10,150,124,274
https://kawalpemilu.org#91960,"DEMPO MAKMUR, PAGAR ALAM UTARA, KOTA PAGAR ALAM, SUMATERA SELATAN",11,101,58,159
https://kawalpemilu.org#20649,"SIDOREJO, PAGAR ALAM SELATAN, KOTA PAGAR ALAM, SUMATERA SELATAN",1,83,54,137
https://kawalpemilu.org#20649,"SIDOREJO, PAGAR ALAM SELATAN, KOTA PAGAR ALAM, SUMATERA SELATAN",2,142,52,194
https://kawalpemilu.org#20649,"SIDOREJO, PAGAR ALAM SELATAN, KOTA PAGAR ALAM, SUMATERA SELATAN",3,130,117,247
https://kawalpemilu.org#20649,"SIDOREJO, PAGAR ALAM SELATAN, KOTA PAGAR ALAM, SUMATERA SELATAN",4,107,84,191
https://kawalpemilu.org#20649,"SIDOREJO, PAGAR ALAM SELATAN, KOTA PAGAR ALAM, SUMATERA SELATAN",5,101,116,217
https://kawalpemilu.org#20649,"SIDOREJO, PAGAR ALAM SELATAN, KOTA PAGAR ALAM, SUMATERA SELATAN",6,122,100,222
https://kawalpemilu.org#20649,"SIDOREJO, PAGAR ALAM SELATAN, KOTA PAGAR ALAM, SUMATERA SELATAN",7,186,92,278
https://kawalpemilu.org#20649,"SIDOREJO, PAGAR ALAM SELATAN, KOTA PAGAR ALAM, SUMATERA SELATAN",8,118,133,251
https://kawalpemilu.org#20649,"SIDOREJO, PAGAR ALAM SELATAN, KOTA PAGAR ALAM, SUMATERA SELATAN",9,70,90,160
https://kawalpemilu.org#20649,"SIDOREJO, PAGAR ALAM SELATAN, KOTA PAGAR ALAM, SUMATERA SELATAN",10,101,103,204
https://kawalpemilu.org#20649,"SIDOREJO, PAGAR ALAM SELATAN, KOTA PAGAR ALAM, SUMATERA SELATAN",11,115,97,212
https://kawalpemilu.org#20649,"SIDOREJO, PAGAR ALAM SELATAN, KOTA PAGAR ALAM, SUMATERA SELATAN",12,111,110,221
https://kawalpemilu.org#20649,"SIDOREJO, PAGAR ALAM SELATAN, KOTA PAGAR ALAM, SUMATERA SELATAN",13,89,114,203
https://kawalpemilu.org#20649,"SIDOREJO, PAGAR ALAM SELATAN, KOTA PAGAR ALAM, SUMATERA SELATAN",14,88,127,215
https://kawalpemilu.org#20649,"SIDOREJO, PAGAR ALAM SELATAN, KOTA PAGAR ALAM, SUMATERA SELATAN",15,58,83,141
https://kawalpemilu.org#20649,"SIDOREJO, PAGAR ALAM SELATAN, KOTA PAGAR ALAM, SUMATERA SELATAN",16,58,70,128
https://kawalpemilu.org#20649,"SIDOREJO, PAGAR ALAM SELATAN, KOTA PAGAR ALAM, SUMATERA SELATAN",17,157,79,236
https://kawalpemilu.org#20649,"SIDOREJO, PAGAR ALAM SELATAN, KOTA PAGAR ALAM, SUMATERA SELATAN",18,90,72,162
https://kawalpemilu.org#20649,"SIDOREJO, PAGAR ALAM SELATAN, KOTA PAGAR ALAM, SUMATERA SELATAN",19,136,82,218
https://kawalpemilu.org#20649,"SIDOREJO, PAGAR ALAM SELATAN, KOTA PAGAR ALAM, SUMATERA SELATAN",20,0,0,0
https://kawalpemilu.org#20649,"SIDOREJO, PAGAR ALAM SELATAN, KOTA PAGAR ALAM, SUMATERA SELATAN",21,71,58,129
https://kawalpemilu.org#20649,"SIDOREJO, PAGAR ALAM SELATAN, KOTA PAGAR ALAM, SUMATERA SELATAN",22,114,45,159
https://kawalpemilu.org#20649,"SIDOREJO, PAGAR ALAM SELATAN, KOTA PAGAR ALAM, SUMATERA SELATAN",23,74,74,148
https://kawalpemilu.org#20649,"SIDOREJO, PAGAR ALAM SELATAN, KOTA PAGAR ALAM, SUMATERA SELATAN",24,63,49,112
https://kawalpemilu.org#20649,"SIDOREJO, PAGAR ALAM SELATAN, KOTA PAGAR ALAM, SUMATERA SELATAN",25,65,50,115
https://kawalpemilu.org#20650,"TUMBAK ULAS, PAGAR ALAM SELATAN, KOTA PAGAR ALAM, SUMATERA SELATAN",1,37,149,186
https://kawalpemilu.org#20650,"TUMBAK ULAS, PAGAR ALAM SELATAN, KOTA PAGAR ALAM, SUMATERA SELATAN",2,69,182,251
https://kawalpemilu.org#20650,"TUMBAK ULAS, PAGAR ALAM SELATAN, KOTA PAGAR ALAM, SUMATERA SELATAN",3,102,166,268
https://kawalpemilu.org#20650,"TUMBAK ULAS, PAGAR ALAM SELATAN, KOTA PAGAR ALAM, SUMATERA SELATAN",4,82,109,191
https://kawalpemilu.org#20650,"TUMBAK ULAS, PAGAR ALAM SELATAN, KOTA PAGAR ALAM, SUMATERA SELATAN",5,114,81,195
https://kawalpemilu.org#20650,"TUMBAK ULAS, PAGAR ALAM SELATAN, KOTA PAGAR ALAM, SUMATERA SELATAN",6,70,105,175
https://kawalpemilu.org#20650,"TUMBAK ULAS, PAGAR ALAM SELATAN, KOTA PAGAR ALAM, SUMATERA SELATAN",7,162,42,204
https://kawalpemilu.org#20650,"TUMBAK ULAS, PAGAR ALAM SELATAN, KOTA PAGAR ALAM, SUMATERA SELATAN",8,185,65,250
https://kawalpemilu.org#20650,"TUMBAK ULAS, PAGAR ALAM SELATAN, KOTA PAGAR ALAM, SUMATERA SELATAN",9,144,9,153
https://kawalpemilu.org#20650,"TUMBAK ULAS, PAGAR ALAM SELATAN, KOTA PAGAR ALAM, SUMATERA SELATAN",10,107,46,153
https://kawalpemilu.org#20650,"TUMBAK ULAS, PAGAR ALAM SELATAN, KOTA PAGAR ALAM, SUMATERA SELATAN",11,110,80,190
https://kawalpemilu.org#20650,"TUMBAK ULAS, PAGAR ALAM SELATAN, KOTA PAGAR ALAM, SUMATERA SELATAN",12,61,113,174
https://kawalpemilu.org#20650,"TUMBAK ULAS, PAGAR ALAM SELATAN, KOTA PAGAR ALAM, SUMATERA SELATAN",13,124,127,251
https://kawalpemilu.org#20650,"TUMBAK ULAS, PAGAR ALAM SELATAN, KOTA PAGAR ALAM, SUMATERA SELATAN",15,61,191,256
https://kawalpemilu.org#20650,"TUMBAK ULAS, PAGAR ALAM SELATAN, KOTA PAGAR ALAM, SUMATERA SELATAN",16,69,131,200
https://kawalpemilu.org#20650,"TUMBAK ULAS, PAGAR ALAM SELATAN, KOTA PAGAR ALAM, SUMATERA SELATAN",17,80,105,185
https://kawalpemilu.org#20650,"TUMBAK ULAS, PAGAR ALAM SELATAN, KOTA PAGAR ALAM, SUMATERA SELATAN",18,150,114,264
https://kawalpemilu.org#20650,"TUMBAK ULAS, PAGAR ALAM SELATAN, KOTA PAGAR ALAM, SUMATERA SELATAN",19,49,79,128
https://kawalpemilu.org#20650,"TUMBAK ULAS, PAGAR ALAM SELATAN, KOTA PAGAR ALAM, SUMATERA SELATAN",20,60,108,168
https://kawalpemilu.org#20650,"TUMBAK ULAS, PAGAR ALAM SELATAN, KOTA PAGAR ALAM, SUMATERA SELATAN",21,70,60,130
https://kawalpemilu.org#20650,"TUMBAK ULAS, PAGAR ALAM SELATAN, KOTA PAGAR ALAM, SUMATERA SELATAN",22,58,74,132
https://kawalpemilu.org#20650,"TUMBAK ULAS, PAGAR ALAM SELATAN, KOTA PAGAR ALAM, SUMATERA SELATAN",23,117,36,153
https://kawalpemilu.org#20650,"TUMBAK ULAS, PAGAR ALAM SELATAN, KOTA PAGAR ALAM, SUMATERA SELATAN",24,43,68,111
https://kawalpemilu.org#20650,"TUMBAK ULAS, PAGAR ALAM SELATAN, KOTA PAGAR ALAM, SUMATERA SELATAN",25,90,58,148
https://kawalpemilu.org#20650,"TUMBAK ULAS, PAGAR ALAM SELATAN, KOTA PAGAR ALAM, SUMATERA SELATAN",26,105,31,136
https://kawalpemilu.org#20650,"TUMBAK ULAS, PAGAR ALAM SELATAN, KOTA PAGAR ALAM, SUMATERA SELATAN",27,112,38,150
https://kawalpemilu.org#20650,"TUMBAK ULAS, PAGAR ALAM SELATAN, KOTA PAGAR ALAM, SUMATERA SELATAN",28,133,57,190
https://kawalpemilu.org#20651,"TEBAT GIRI INDAH, PAGAR ALAM SELATAN, KOTA PAGAR ALAM, SUMATERA SELATAN",1,89,116,205
https://kawalpemilu.org#20651,"TEBAT GIRI INDAH, PAGAR ALAM SELATAN, KOTA PAGAR ALAM, SUMATERA SELATAN",2,105,108,213
https://kawalpemilu.org#20651,"TEBAT GIRI INDAH, PAGAR ALAM SELATAN, KOTA PAGAR ALAM, SUMATERA SELATAN",3,57,149,206
https://kawalpemilu.org#20651,"TEBAT GIRI INDAH, PAGAR ALAM SELATAN, KOTA PAGAR ALAM, SUMATERA SELATAN",4,75,125,200
https://kawalpemilu.org#20651,"TEBAT GIRI INDAH, PAGAR ALAM SELATAN, KOTA PAGAR ALAM, SUMATERA SELATAN",5,109,111,220
https://kawalpemilu.org#20651,"TEBAT GIRI INDAH, PAGAR ALAM SELATAN, KOTA PAGAR ALAM, SUMATERA SELATAN",6,75,106,181
https://kawalpemilu.org#20651,"TEBAT GIRI INDAH, PAGAR ALAM SELATAN, KOTA PAGAR ALAM, SUMATERA SELATAN",7,103,60,163
https://kawalpemilu.org#20651,"TEBAT GIRI INDAH, PAGAR ALAM SELATAN, KOTA PAGAR ALAM, SUMATERA SELATAN",8,68,120,188
https://kawalpemilu.org#20651,"TEBAT GIRI INDAH, PAGAR ALAM SELATAN, KOTA PAGAR ALAM, SUMATERA SELATAN",9,96,84,180
https://kawalpemilu.org#20651,"TEBAT GIRI INDAH, PAGAR ALAM SELATAN, KOTA PAGAR ALAM, SUMATERA SELATAN",10,61,50,111
https://kawalpemilu.org#20651,"TEBAT GIRI INDAH, PAGAR ALAM SELATAN, KOTA PAGAR ALAM, SUMATERA SELATAN",11,97,82,179
https://kawalpemilu.org#20651,"TEBAT GIRI INDAH, PAGAR ALAM SELATAN, KOTA PAGAR ALAM, SUMATERA SELATAN",12,78,109,187
https://kawalpemilu.org#20651,"TEBAT GIRI INDAH, PAGAR ALAM SELATAN, KOTA PAGAR ALAM, SUMATERA SELATAN",13,88,100,188
https://kawalpemilu.org#20651,"TEBAT GIRI INDAH, PAGAR ALAM SELATAN, KOTA PAGAR ALAM, SUMATERA SELATAN",14,100,85,185
https://kawalpemilu.org#20651,"TEBAT GIRI INDAH, PAGAR ALAM SELATAN, KOTA PAGAR ALAM, SUMATERA SELATAN",15,112,102,214
https://kawalpemilu.org#20651,"TEBAT GIRI INDAH, PAGAR ALAM SELATAN, KOTA PAGAR ALAM, SUMATERA SELATAN",16,117,80,197
https://kawalpemilu.org#20651,"TEBAT GIRI INDAH, PAGAR ALAM SELATAN, KOTA PAGAR ALAM, SUMATERA SELATAN",17,85,81,166
https://kawalpemilu.org#20651,"TEBAT GIRI INDAH, PAGAR ALAM SELATAN, KOTA PAGAR ALAM, SUMATERA SELATAN",18,75,103,178
https://kawalpemilu.org#20651,"TEBAT GIRI INDAH, PAGAR ALAM SELATAN, KOTA PAGAR ALAM, SUMATERA SELATAN",19,64,87,151
https://kawalpemilu.org#20651,"TEBAT GIRI INDAH, PAGAR ALAM SELATAN, KOTA PAGAR ALAM, SUMATERA SELATAN",20,70,70,140
https://kawalpemilu.org#20651,"TEBAT GIRI INDAH, PAGAR ALAM SELATAN, KOTA PAGAR ALAM, SUMATERA SELATAN",21,52,83,135
https://kawalpemilu.org#20651,"TEBAT GIRI INDAH, PAGAR ALAM SELATAN, KOTA PAGAR ALAM, SUMATERA SELATAN",22,90,92,182
https://kawalpemilu.org#20651,"TEBAT GIRI INDAH, PAGAR ALAM SELATAN, KOTA PAGAR ALAM, SUMATERA SELATAN",23,105,72,177
https://kawalpemilu.org#20654,"ULU RURAH, PAGAR ALAM SELATAN, KOTA PAGAR ALAM, SUMATERA SELATAN",1,77,72,149
https://kawalpemilu.org#20654,"ULU RURAH, PAGAR ALAM SELATAN, KOTA PAGAR ALAM, SUMATERA SELATAN",2,90,131,221
https://kawalpemilu.org#20654,"ULU RURAH, PAGAR ALAM SELATAN, KOTA PAGAR ALAM, SUMATERA SELATAN",3,91,125,216
https://kawalpemilu.org#20654,"ULU RURAH, PAGAR ALAM SELATAN, KOTA PAGAR ALAM, SUMATERA SELATAN",4,78,198,276
https://kawalpemilu.org#20654,"ULU RURAH, PAGAR ALAM SELATAN, KOTA PAGAR ALAM, SUMATERA SELATAN",5,81,166,247
https://kawalpemilu.org#20654,"ULU RURAH, PAGAR ALAM SELATAN, KOTA PAGAR ALAM, SUMATERA SELATAN",6,78,60,138
https://kawalpemilu.org#20654,"ULU RURAH, PAGAR ALAM SELATAN, KOTA PAGAR ALAM, SUMATERA SELATAN",7,99,89,188
https://kawalpemilu.org#20654,"ULU RURAH, PAGAR ALAM SELATAN, KOTA PAGAR ALAM, SUMATERA SELATAN",9,45,154,199
https://kawalpemilu.org#20654,"ULU RURAH, PAGAR ALAM SELATAN, KOTA PAGAR ALAM, SUMATERA SELATAN",10,119,136,255
https://kawalpemilu.org#20654,"ULU RURAH, PAGAR ALAM SELATAN, KOTA PAGAR ALAM, SUMATERA SELATAN",11,33,102,135
https://kawalpemilu.org#20654,"ULU RURAH, PAGAR ALAM SELATAN, KOTA PAGAR ALAM, SUMATERA SELATAN",13,83,84,167
https://kawalpemilu.org#20654,"ULU RURAH, PAGAR ALAM SELATAN, KOTA PAGAR ALAM, SUMATERA SELATAN",14,47,97,144
https://kawalpemilu.org#20654,"ULU RURAH, PAGAR ALAM SELATAN, KOTA PAGAR ALAM, SUMATERA SELATAN",15,82,49,131
https://kawalpemilu.org#20655,"TANJUNG AGUNG, PAGAR ALAM SELATAN, KOTA PAGAR ALAM, SUMATERA SELATAN",1,108,100,218
https://kawalpemilu.org#20655,"TANJUNG AGUNG, PAGAR ALAM SELATAN, KOTA PAGAR ALAM, SUMATERA SELATAN",2,111,93,204
https://kawalpemilu.org#20655,"TANJUNG AGUNG, PAGAR ALAM SELATAN, KOTA PAGAR ALAM, SUMATERA SELATAN",3,96,117,213
https://kawalpemilu.org#20655,"TANJUNG AGUNG, PAGAR ALAM SELATAN, KOTA PAGAR ALAM, SUMATERA SELATAN",4,96,122,218
https://kawalpemilu.org#20655,"TANJUNG AGUNG, PAGAR ALAM SELATAN, KOTA PAGAR ALAM, SUMATERA SELATAN",5,110,86,206
https://kawalpemilu.org#20655,"TANJUNG AGUNG, PAGAR ALAM SELATAN, KOTA PAGAR ALAM, SUMATERA SELATAN",6,113,115,228
https://kawalpemilu.org#20655,"TANJUNG AGUNG, PAGAR ALAM SELATAN, KOTA PAGAR ALAM, SUMATERA SELATAN",7,103,77,180
https://kawalpemilu.org#20655,"TANJUNG AGUNG, PAGAR ALAM SELATAN, KOTA PAGAR ALAM, SUMATERA SELATAN",8,121,65,186
https://kawalpemilu.org#20656,"GUNUNG DEMPO, PAGAR ALAM SELATAN, KOTA PAGAR ALAM, SUMATERA SELATAN",1,43,110,153
https://kawalpemilu.org#20656,"GUNUNG DEMPO, PAGAR ALAM SELATAN, KOTA PAGAR ALAM, SUMATERA SELATAN",2,16,105,121
https://kawalpemilu.org#20656,"GUNUNG DEMPO, PAGAR ALAM SELATAN, KOTA PAGAR ALAM, SUMATERA SELATAN",3,35,100,135
https://kawalpemilu.org#20656,"GUNUNG DEMPO, PAGAR ALAM SELATAN, KOTA PAGAR ALAM, SUMATERA SELATAN",4,37,68,105
https://kawalpemilu.org#20656,"GUNUNG DEMPO, PAGAR ALAM SELATAN, KOTA PAGAR ALAM, SUMATERA SELATAN",5,27,95,122
https://kawalpemilu.org#20656,"GUNUNG DEMPO, PAGAR ALAM SELATAN, KOTA PAGAR ALAM, SUMATERA SELATAN",6,28,54,82
https://kawalpemilu.org#20656,"GUNUNG DEMPO, PAGAR ALAM SELATAN, KOTA PAGAR ALAM, SUMATERA SELATAN",7,43,88,131
https://kawalpemilu.org#20656,"GUNUNG DEMPO, PAGAR ALAM SELATAN, KOTA PAGAR ALAM, SUMATERA SELATAN",8,21,89,110
https://kawalpemilu.org#20656,"GUNUNG DEMPO, PAGAR ALAM SELATAN, KOTA PAGAR ALAM, SUMATERA SELATAN",9,18,90,108
https://kawalpemilu.org#20656,"GUNUNG DEMPO, PAGAR ALAM SELATAN, KOTA PAGAR ALAM, SUMATERA SELATAN",10,27,27,54
https://kawalpemilu.org#20656,"GUNUNG DEMPO, PAGAR ALAM SELATAN, KOTA PAGAR ALAM, SUMATERA SELATAN",11,34,92,126
https://kawalpemilu.org#20656,"GUNUNG DEMPO, PAGAR ALAM SELATAN, KOTA PAGAR ALAM, SUMATERA SELATAN",12,39,92,131
https://kawalpemilu.org#90681,"BESEMAH SERASAN, PAGAR ALAM SELATAN, KOTA PAGAR ALAM, SUMATERA SELATAN",1,81,73,154
https://kawalpemilu.org#90681,"BESEMAH SERASAN, PAGAR ALAM SELATAN, KOTA PAGAR ALAM, SUMATERA SELATAN",2,94,93,187
https://kawalpemilu.org#90681,"BESEMAH SERASAN, PAGAR ALAM SELATAN, KOTA PAGAR ALAM, SUMATERA SELATAN",3,130,73,203
https://kawalpemilu.org#90681,"BESEMAH SERASAN, PAGAR ALAM SELATAN, KOTA PAGAR ALAM, SUMATERA SELATAN",4,97,75,172
https://kawalpemilu.org#90681,"BESEMAH SERASAN, PAGAR ALAM SELATAN, KOTA PAGAR ALAM, SUMATERA SELATAN",5,114,90,204
https://kawalpemilu.org#90681,"BESEMAH SERASAN, PAGAR ALAM SELATAN, KOTA PAGAR ALAM, SUMATERA SELATAN",6,86,93,179
https://kawalpemilu.org#90681,"BESEMAH SERASAN, PAGAR ALAM SELATAN, KOTA PAGAR ALAM, SUMATERA SELATAN",7,66,31,97
https://kawalpemilu.org#90681,"BESEMAH SERASAN, PAGAR ALAM SELATAN, KOTA PAGAR ALAM, SUMATERA SELATAN",8,79,86,165
https://kawalpemilu.org#90681,"BESEMAH SERASAN, PAGAR ALAM SELATAN, KOTA PAGAR ALAM, SUMATERA SELATAN",9,62,110,172
https://kawalpemilu.org#90681,"BESEMAH SERASAN, PAGAR ALAM SELATAN, KOTA PAGAR ALAM, SUMATERA SELATAN",10,119,99,218
https://kawalpemilu.org#90681,"BESEMAH SERASAN, PAGAR ALAM SELATAN, KOTA PAGAR ALAM, SUMATERA SELATAN",11,42,110,152
https://kawalpemilu.org#90681,"BESEMAH SERASAN, PAGAR ALAM SELATAN, KOTA PAGAR ALAM, SUMATERA SELATAN",12,42,110,152
https://kawalpemilu.org#90681,"BESEMAH SERASAN, PAGAR ALAM SELATAN, KOTA PAGAR ALAM, SUMATERA SELATAN",13,72,166,238
https://kawalpemilu.org#90681,"BESEMAH SERASAN, PAGAR ALAM SELATAN, KOTA PAGAR ALAM, SUMATERA SELATAN",14,105,88,193
https://kawalpemilu.org#90681,"BESEMAH SERASAN, PAGAR ALAM SELATAN, KOTA PAGAR ALAM, SUMATERA SELATAN",15,112,66,178
https://kawalpemilu.org#90681,"BESEMAH SERASAN, PAGAR ALAM SELATAN, KOTA PAGAR ALAM, SUMATERA SELATAN",16,72,86,158
https://kawalpemilu.org#90681,"BESEMAH SERASAN, PAGAR ALAM SELATAN, KOTA PAGAR ALAM, SUMATERA SELATAN",17,126,126,252
https://kawalpemilu.org#90681,"BESEMAH SERASAN, PAGAR ALAM SELATAN, KOTA PAGAR ALAM, SUMATERA SELATAN",18,124,103,227
https://kawalpemilu.org#90681,"BESEMAH SERASAN, PAGAR ALAM SELATAN, KOTA PAGAR ALAM, SUMATERA SELATAN",19,91,109,200
https://kawalpemilu.org#90681,"BESEMAH SERASAN, PAGAR ALAM SELATAN, KOTA PAGAR ALAM, SUMATERA SELATAN",20,155,92,247
https://kawalpemilu.org#90681,"BESEMAH SERASAN, PAGAR ALAM SELATAN, KOTA PAGAR ALAM, SUMATERA SELATAN",21,93,120,213
https://kawalpemilu.org#90681,"BESEMAH SERASAN, PAGAR ALAM SELATAN, KOTA PAGAR ALAM, SUMATERA SELATAN",22,48,112,160
https://kawalpemilu.org#90681,"BESEMAH SERASAN, PAGAR ALAM SELATAN, KOTA PAGAR ALAM, SUMATERA SELATAN",23,71,70,141
https://kawalpemilu.org#90681,"BESEMAH SERASAN, PAGAR ALAM SELATAN, KOTA PAGAR ALAM, SUMATERA SELATAN",24,110,36,146
https://kawalpemilu.org#90681,"BESEMAH SERASAN, PAGAR ALAM SELATAN, KOTA PAGAR ALAM, SUMATERA SELATAN",25,59,86,145
https://kawalpemilu.org#91962,"NENDAGUNG, PAGAR ALAM SELATAN, KOTA PAGAR ALAM, SUMATERA SELATAN",1,45,117,162
https://kawalpemilu.org#91962,"NENDAGUNG, PAGAR ALAM SELATAN, KOTA PAGAR ALAM, SUMATERA SELATAN",2,75,166,241
https://kawalpemilu.org#91962,"NENDAGUNG, PAGAR ALAM SELATAN, KOTA PAGAR ALAM, SUMATERA SELATAN",3,72,94,166
https://kawalpemilu.org#91962,"NENDAGUNG, PAGAR ALAM SELATAN, KOTA PAGAR ALAM, SUMATERA SELATAN",4,60,121,181
https://kawalpemilu.org#91962,"NENDAGUNG, PAGAR ALAM SELATAN, KOTA PAGAR ALAM, SUMATERA SELATAN",5,70,131,201
https://kawalpemilu.org#91962,"NENDAGUNG, PAGAR ALAM SELATAN, KOTA PAGAR ALAM, SUMATERA SELATAN",6,48,90,138
https://kawalpemilu.org#91962,"NENDAGUNG, PAGAR ALAM SELATAN, KOTA PAGAR ALAM, SUMATERA SELATAN",7,39,106,145
https://kawalpemilu.org#91962,"NENDAGUNG, PAGAR ALAM SELATAN, KOTA PAGAR ALAM, SUMATERA SELATAN",8,56,105,161
https://kawalpemilu.org#91962,"NENDAGUNG, PAGAR ALAM SELATAN, KOTA PAGAR ALAM, SUMATERA SELATAN",9,20,95,115
https://kawalpemilu.org#91962,"NENDAGUNG, PAGAR ALAM SELATAN, KOTA PAGAR ALAM, SUMATERA SELATAN",10,32,103,135
https://kawalpemilu.org#91962,"NENDAGUNG, PAGAR ALAM SELATAN, KOTA PAGAR ALAM, SUMATERA SELATAN",11,21,127,148
https://kawalpemilu.org#91962,"NENDAGUNG, PAGAR ALAM SELATAN, KOTA PAGAR ALAM, SUMATERA SELATAN",12,37,99,136
https://kawalpemilu.org#91962,"NENDAGUNG, PAGAR ALAM SELATAN, KOTA PAGAR ALAM, SUMATERA SELATAN",13,42,117,159
https://kawalpemilu.org#91962,"NENDAGUNG, PAGAR ALAM SELATAN, KOTA PAGAR ALAM, SUMATERA SELATAN",14,47,119,166
https://kawalpemilu.org#91962,"NENDAGUNG, PAGAR ALAM SELATAN, KOTA PAGAR ALAM, SUMATERA SELATAN",15,40,128,168
https://kawalpemilu.org#91962,"NENDAGUNG, PAGAR ALAM SELATAN, KOTA PAGAR ALAM, SUMATERA SELATAN",16,52,74,126
https://kawalpemilu.org#91962,"NENDAGUNG, PAGAR ALAM SELATAN, KOTA PAGAR ALAM, SUMATERA SELATAN",17,64,120,184
https://kawalpemilu.org#91962,"NENDAGUNG, PAGAR ALAM SELATAN, KOTA PAGAR ALAM, SUMATERA SELATAN",19,73,180,153
https://kawalpemilu.org#91962,"NENDAGUNG, PAGAR ALAM SELATAN, KOTA PAGAR ALAM, SUMATERA SELATAN",20,81,177,258
https://kawalpemilu.org#91962,"NENDAGUNG, PAGAR ALAM SELATAN, KOTA PAGAR ALAM, SUMATERA SELATAN",21,63,127,190
https://kawalpemilu.org#91962,"NENDAGUNG, PAGAR ALAM SELATAN, KOTA PAGAR ALAM, SUMATERA SELATAN",22,102,118,220
https://kawalpemilu.org#91962,"NENDAGUNG, PAGAR ALAM SELATAN, KOTA PAGAR ALAM, SUMATERA SELATAN",23,67,124,191
https://kawalpemilu.org#91962,"NENDAGUNG, PAGAR ALAM SELATAN, KOTA PAGAR ALAM, SUMATERA SELATAN",24,55,84,139
https://kawalpemilu.org#91962,"NENDAGUNG, PAGAR ALAM SELATAN, KOTA PAGAR ALAM, SUMATERA SELATAN",25,63,89,152
https://kawalpemilu.org#91962,"NENDAGUNG, PAGAR ALAM SELATAN, KOTA PAGAR ALAM, SUMATERA SELATAN",26,66,79,145
https://kawalpemilu.org#91962,"NENDAGUNG, PAGAR ALAM SELATAN, KOTA PAGAR ALAM, SUMATERA SELATAN",27,61,150,211
https://kawalpemilu.org#91962,"NENDAGUNG, PAGAR ALAM SELATAN, KOTA PAGAR ALAM, SUMATERA SELATAN",28,68,110,178
https://kawalpemilu.org#91962,"NENDAGUNG, PAGAR ALAM SELATAN, KOTA PAGAR ALAM, SUMATERA SELATAN",29,64,133,197
https://kawalpemilu.org#91962,"NENDAGUNG, PAGAR ALAM SELATAN, KOTA PAGAR ALAM, SUMATERA SELATAN",30,46,81,127
https://kawalpemilu.org#91962,"NENDAGUNG, PAGAR ALAM SELATAN, KOTA PAGAR ALAM, SUMATERA SELATAN",31,26,100,126
https://kawalpemilu.org#91962,"NENDAGUNG, PAGAR ALAM SELATAN, KOTA PAGAR ALAM, SUMATERA SELATAN",32,40,108,148
https://kawalpemilu.org#91962,"NENDAGUNG, PAGAR ALAM SELATAN, KOTA PAGAR ALAM, SUMATERA SELATAN",33,33,111,144
https://kawalpemilu.org#91962,"NENDAGUNG, PAGAR ALAM SELATAN, KOTA PAGAR ALAM, SUMATERA SELATAN",34,40,108,148
https://kawalpemilu.org#91962,"NENDAGUNG, PAGAR ALAM SELATAN, KOTA PAGAR ALAM, SUMATERA SELATAN",35,41,124,165
https://kawalpemilu.org#91962,"NENDAGUNG, PAGAR ALAM SELATAN, KOTA PAGAR ALAM, SUMATERA SELATAN",36,36,83,119
https://kawalpemilu.org#91962,"NENDAGUNG, PAGAR ALAM SELATAN, KOTA PAGAR ALAM, SUMATERA SELATAN",37,49,99,148
https://kawalpemilu.org#91962,"NENDAGUNG, PAGAR ALAM SELATAN, KOTA PAGAR ALAM, SUMATERA SELATAN",38,77,57,134
https://kawalpemilu.org#91962,"NENDAGUNG, PAGAR ALAM SELATAN, KOTA PAGAR ALAM, SUMATERA SELATAN",39,49,81,130
https://kawalpemilu.org#20658,"JANGKAR MAS, DEMPO UTARA, KOTA PAGAR ALAM, SUMATERA SELATAN",1,101,66,167
https://kawalpemilu.org#20658,"JANGKAR MAS, DEMPO UTARA, KOTA PAGAR ALAM, SUMATERA SELATAN",2,83,81,164
https://kawalpemilu.org#20658,"JANGKAR MAS, DEMPO UTARA, KOTA PAGAR ALAM, SUMATERA SELATAN",3,82,78,160
https://kawalpemilu.org#20658,"JANGKAR MAS, DEMPO UTARA, KOTA PAGAR ALAM, SUMATERA SELATAN",4,116,57,173
https://kawalpemilu.org#20658,"JANGKAR MAS, DEMPO UTARA, KOTA PAGAR ALAM, SUMATERA SELATAN",6,43,81,124
https://kawalpemilu.org#20658,"JANGKAR MAS, DEMPO UTARA, KOTA PAGAR ALAM, SUMATERA SELATAN",7,69,56,125
https://kawalpemilu.org#20658,"JANGKAR MAS, DEMPO UTARA, KOTA PAGAR ALAM, SUMATERA SELATAN",8,105,27,132
https://kawalpemilu.org#20658,"JANGKAR MAS, DEMPO UTARA, KOTA PAGAR ALAM, SUMATERA SELATAN",9,72,76,148
https://kawalpemilu.org#20658,"JANGKAR MAS, DEMPO UTARA, KOTA PAGAR ALAM, SUMATERA SELATAN",10,65,107,172
https://kawalpemilu.org#20660,"BUMI AGUNG, DEMPO UTARA, KOTA PAGAR ALAM, SUMATERA SELATAN",1,86,91,177
https://kawalpemilu.org#20660,"BUMI AGUNG, DEMPO UTARA, KOTA PAGAR ALAM, SUMATERA SELATAN",2,64,115,179
https://kawalpemilu.org#20660,"BUMI AGUNG, DEMPO UTARA, KOTA PAGAR ALAM, SUMATERA SELATAN",3,69,98,167
https://kawalpemilu.org#20660,"BUMI AGUNG, DEMPO UTARA, KOTA PAGAR ALAM, SUMATERA SELATAN",4,93,82,175
https://kawalpemilu.org#20660,"BUMI AGUNG, DEMPO UTARA, KOTA PAGAR ALAM, SUMATERA SELATAN",5,86,91,177
https://kawalpemilu.org#20660,"BUMI AGUNG, DEMPO UTARA, KOTA PAGAR ALAM, SUMATERA SELATAN",6,113,59,172
https://kawalpemilu.org#20660,"BUMI AGUNG, DEMPO UTARA, KOTA PAGAR ALAM, SUMATERA SELATAN",7,80,56,136
https://kawalpemilu.org#20660,"BUMI AGUNG, DEMPO UTARA, KOTA PAGAR ALAM, SUMATERA SELATAN",8,144,24,168
https://kawalpemilu.org#20660,"BUMI AGUNG, DEMPO UTARA, KOTA PAGAR ALAM, SUMATERA SELATAN",9,153,45,198
https://kawalpemilu.org#20660,"BUMI AGUNG, DEMPO UTARA, KOTA PAGAR ALAM, SUMATERA SELATAN",10,89,97,186
https://kawalpemilu.org#20660,"BUMI AGUNG, DEMPO UTARA, KOTA PAGAR ALAM, SUMATERA SELATAN",11,86,82,168
https://kawalpemilu.org#20660,"BUMI AGUNG, DEMPO UTARA, KOTA PAGAR ALAM, SUMATERA SELATAN",12,99,72,171
https://kawalpemilu.org#20660,"BUMI AGUNG, DEMPO UTARA, KOTA PAGAR ALAM, SUMATERA SELATAN",13,59,114,173
https://kawalpemilu.org#20660,"BUMI AGUNG, DEMPO UTARA, KOTA PAGAR ALAM, SUMATERA SELATAN",14,76,65,141
https://kawalpemilu.org#20663,"BURUNG DINANG, DEMPO UTARA, KOTA PAGAR ALAM, SUMATERA SELATAN",1,71,79,150
https://kawalpemilu.org#20663,"BURUNG DINANG, DEMPO UTARA, KOTA PAGAR ALAM, SUMATERA SELATAN",2,82,86,168
https://kawalpemilu.org#20663,"BURUNG DINANG, DEMPO UTARA, KOTA PAGAR ALAM, SUMATERA SELATAN",3,82,85,167
https://kawalpemilu.org#20663,"BURUNG DINANG, DEMPO UTARA, KOTA PAGAR ALAM, SUMATERA SELATAN",4,100,32,132
https://kawalpemilu.org#20663,"BURUNG DINANG, DEMPO UTARA, KOTA PAGAR ALAM, SUMATERA SELATAN",5,104,39,143
https://kawalpemilu.org#20663,"BURUNG DINANG, DEMPO UTARA, KOTA PAGAR ALAM, SUMATERA SELATAN",6,98,25,123
https://kawalpemilu.org#20663,"BURUNG DINANG, DEMPO UTARA, KOTA PAGAR ALAM, SUMATERA SELATAN",7,67,60,127
https://kawalpemilu.org#20663,"BURUNG DINANG, DEMPO UTARA, KOTA PAGAR ALAM, SUMATERA SELATAN",8,93,42,135
https://kawalpemilu.org#20663,"BURUNG DINANG, DEMPO UTARA, KOTA PAGAR ALAM, SUMATERA SELATAN",9,71,85,156
https://kawalpemilu.org#20663,"BURUNG DINANG, DEMPO UTARA, KOTA PAGAR ALAM, SUMATERA SELATAN",10,96,36,132
https://kawalpemilu.org#20664,"REBA TINGGI, DEMPO UTARA, KOTA PAGAR ALAM, SUMATERA SELATAN",1,55,63,118
https://kawalpemilu.org#20664,"REBA TINGGI, DEMPO UTARA, KOTA PAGAR ALAM, SUMATERA SELATAN",2,61,128,189
https://kawalpemilu.org#20664,"REBA TINGGI, DEMPO UTARA, KOTA PAGAR ALAM, SUMATERA SELATAN",3,59,57,116
https://kawalpemilu.org#20664,"REBA TINGGI, DEMPO UTARA, KOTA PAGAR ALAM, SUMATERA SELATAN",4,34,100,134
https://kawalpemilu.org#20664,"REBA TINGGI, DEMPO UTARA, KOTA PAGAR ALAM, SUMATERA SELATAN",5,71,83,154
https://kawalpemilu.org#20664,"REBA TINGGI, DEMPO UTARA, KOTA PAGAR ALAM, SUMATERA SELATAN",6,81,119,200
https://kawalpemilu.org#20664,"REBA TINGGI, DEMPO UTARA, KOTA PAGAR ALAM, SUMATERA SELATAN",7,36,109,145
https://kawalpemilu.org#20664,"REBA TINGGI, DEMPO UTARA, KOTA PAGAR ALAM, SUMATERA SELATAN",8,82,79,161
https://kawalpemilu.org#20664,"REBA TINGGI, DEMPO UTARA, KOTA PAGAR ALAM, SUMATERA SELATAN",9,60,114,174
https://kawalpemilu.org#20664,"REBA TINGGI, DEMPO UTARA, KOTA PAGAR ALAM, SUMATERA SELATAN",10,49,90,139
https://kawalpemilu.org#20664,"REBA TINGGI, DEMPO UTARA, KOTA PAGAR ALAM, SUMATERA SELATAN",11,48,66,114
https://kawalpemilu.org#91966,"PAGAR WANGI, DEMPO UTARA, KOTA PAGAR ALAM, SUMATERA SELATAN",1,111,47,158
https://kawalpemilu.org#91966,"PAGAR WANGI, DEMPO UTARA, KOTA PAGAR ALAM, SUMATERA SELATAN",2,112,50,162
https://kawalpemilu.org#91966,"PAGAR WANGI, DEMPO UTARA, KOTA PAGAR ALAM, SUMATERA SELATAN",3,101,56,157
https://kawalpemilu.org#91966,"PAGAR WANGI, DEMPO UTARA, KOTA PAGAR ALAM, SUMATERA SELATAN",4,142,129,253
https://kawalpemilu.org#91966,"PAGAR WANGI, DEMPO UTARA, KOTA PAGAR ALAM, SUMATERA SELATAN",5,82,53,135
https://kawalpemilu.org#91966,"PAGAR WANGI, DEMPO UTARA, KOTA PAGAR ALAM, SUMATERA SELATAN",6,93,29,122
https://kawalpemilu.org#91966,"PAGAR WANGI, DEMPO UTARA, KOTA PAGAR ALAM, SUMATERA SELATAN",7,73,72,145
https://kawalpemilu.org#91966,"PAGAR WANGI, DEMPO UTARA, KOTA PAGAR ALAM, SUMATERA SELATAN",8,75,61,135
https://kawalpemilu.org#91966,"PAGAR WANGI, DEMPO UTARA, KOTA PAGAR ALAM, SUMATERA SELATAN",9,107,97,204
https://kawalpemilu.org#91966,"PAGAR WANGI, DEMPO UTARA, KOTA PAGAR ALAM, SUMATERA SELATAN",11,91,64,155
https://kawalpemilu.org#91966,"PAGAR WANGI, DEMPO UTARA, KOTA PAGAR ALAM, SUMATERA SELATAN",12,77,68,145
https://kawalpemilu.org#91966,"PAGAR WANGI, DEMPO UTARA, KOTA PAGAR ALAM, SUMATERA SELATAN",13,77,46,123
https://kawalpemilu.org#91966,"PAGAR WANGI, DEMPO UTARA, KOTA PAGAR ALAM, SUMATERA SELATAN",14,74,64,138
https://kawalpemilu.org#91966,"PAGAR WANGI, DEMPO UTARA, KOTA PAGAR ALAM, SUMATERA SELATAN",15,78,60,138
https://kawalpemilu.org#91968,"AGUNG LAWANGAN, DEMPO UTARA, KOTA PAGAR ALAM, SUMATERA SELATAN",1,106,54,160
https://kawalpemilu.org#91968,"AGUNG LAWANGAN, DEMPO UTARA, KOTA PAGAR ALAM, SUMATERA SELATAN",2,133,61,194
https://kawalpemilu.org#91968,"AGUNG LAWANGAN, DEMPO UTARA, KOTA PAGAR ALAM, SUMATERA SELATAN",3,116,93,209
https://kawalpemilu.org#91968,"AGUNG LAWANGAN, DEMPO UTARA, KOTA PAGAR ALAM, SUMATERA SELATAN",4,109,64,173
https://kawalpemilu.org#91968,"AGUNG LAWANGAN, DEMPO UTARA, KOTA PAGAR ALAM, SUMATERA SELATAN",5,127,29,156
https://kawalpemilu.org#91968,"AGUNG LAWANGAN, DEMPO UTARA, KOTA PAGAR ALAM, SUMATERA SELATAN",6,80,146,226
https://kawalpemilu.org#91968,"AGUNG LAWANGAN, DEMPO UTARA, KOTA PAGAR ALAM, SUMATERA SELATAN",7,71,149,220
https://kawalpemilu.org#91968,"AGUNG LAWANGAN, DEMPO UTARA, KOTA PAGAR ALAM, SUMATERA SELATAN",8,48,107,155
https://kawalpemilu.org#91968,"AGUNG LAWANGAN, DEMPO UTARA, KOTA PAGAR ALAM, SUMATERA SELATAN",9,80,116,196
https://kawalpemilu.org#91968,"AGUNG LAWANGAN, DEMPO UTARA, KOTA PAGAR ALAM, SUMATERA SELATAN",10,63,98,161
https://kawalpemilu.org#91968,"AGUNG LAWANGAN, DEMPO UTARA, KOTA PAGAR ALAM, SUMATERA SELATAN",11,55,66,121
https://kawalpemilu.org#91968,"AGUNG LAWANGAN, DEMPO UTARA, KOTA PAGAR ALAM, SUMATERA SELATAN",12,83,87,170
https://kawalpemilu.org#91968,"AGUNG LAWANGAN, DEMPO UTARA, KOTA PAGAR ALAM, SUMATERA SELATAN",13,99,98,197
https://kawalpemilu.org#91968,"AGUNG LAWANGAN, DEMPO UTARA, KOTA PAGAR ALAM, SUMATERA SELATAN",14,38,85,123
https://kawalpemilu.org#91968,"AGUNG LAWANGAN, DEMPO UTARA, KOTA PAGAR ALAM, SUMATERA SELATAN",15,58,111,169
https://kawalpemilu.org#91968,"AGUNG LAWANGAN, DEMPO UTARA, KOTA PAGAR ALAM, SUMATERA SELATAN",16,64,151,215
https://kawalpemilu.org#91968,"AGUNG LAWANGAN, DEMPO UTARA, KOTA PAGAR ALAM, SUMATERA SELATAN",17,35,103,138
https://kawalpemilu.org#91968,"AGUNG LAWANGAN, DEMPO UTARA, KOTA PAGAR ALAM, SUMATERA SELATAN",18,114,39,153
https://kawalpemilu.org#91968,"AGUNG LAWANGAN, DEMPO UTARA, KOTA PAGAR ALAM, SUMATERA SELATAN",19,36,92,128
https://kawalpemilu.org#91968,"AGUNG LAWANGAN, DEMPO UTARA, KOTA PAGAR ALAM, SUMATERA SELATAN",20,58,62,120
https://kawalpemilu.org#91968,"AGUNG LAWANGAN, DEMPO UTARA, KOTA PAGAR ALAM, SUMATERA SELATAN",21,62,58,120
https://kawalpemilu.org#91969,"MUARA SIBAN, DEMPO UTARA, KOTA PAGAR ALAM, SUMATERA SELATAN",1,49,89,138
https://kawalpemilu.org#91969,"MUARA SIBAN, DEMPO UTARA, KOTA PAGAR ALAM, SUMATERA SELATAN",2,51,82,133
https://kawalpemilu.org#91969,"MUARA SIBAN, DEMPO UTARA, KOTA PAGAR ALAM, SUMATERA SELATAN",4,15,136,151
https://kawalpemilu.org#91969,"MUARA SIBAN, DEMPO UTARA, KOTA PAGAR ALAM, SUMATERA SELATAN",5,36,120,156
https://kawalpemilu.org#91969,"MUARA SIBAN, DEMPO UTARA, KOTA PAGAR ALAM, SUMATERA SELATAN",6,23,124,147
https://kawalpemilu.org#91969,"MUARA SIBAN, DEMPO UTARA, KOTA PAGAR ALAM, SUMATERA SELATAN",7,25,147,172
https://kawalpemilu.org#91969,"MUARA SIBAN, DEMPO UTARA, KOTA PAGAR ALAM, SUMATERA SELATAN",8,41,101,142
https://kawalpemilu.org#91969,"MUARA SIBAN, DEMPO UTARA, KOTA PAGAR ALAM, SUMATERA SELATAN",9,63,125,188
https://kawalpemilu.org#91969,"MUARA SIBAN, DEMPO UTARA, KOTA PAGAR ALAM, SUMATERA SELATAN",10,55,101,156
https://kawalpemilu.org#91969,"MUARA SIBAN, DEMPO UTARA, KOTA PAGAR ALAM, SUMATERA SELATAN",11,62,83,145
https://kawalpemilu.org#91969,"MUARA SIBAN, DEMPO UTARA, KOTA PAGAR ALAM, SUMATERA SELATAN",12,49,83,132
https://kawalpemilu.org#91969,"MUARA SIBAN, DEMPO UTARA, KOTA PAGAR ALAM, SUMATERA SELATAN",13,33,108,141
https://kawalpemilu.org#91969,"MUARA SIBAN, DEMPO UTARA, KOTA PAGAR ALAM, SUMATERA SELATAN",14,30,107,137
https://kawalpemilu.org#20667,"PENJALANG, DEMPO SELATAN, KOTA PAGAR ALAM, SUMATERA SELATAN",1,45,141,186
https://kawalpemilu.org#20667,"PENJALANG, DEMPO SELATAN, KOTA PAGAR ALAM, SUMATERA SELATAN",2,29,116,145
https://kawalpemilu.org#20667,"PENJALANG, DEMPO SELATAN, KOTA PAGAR ALAM, SUMATERA SELATAN",3,44,141,185
https://kawalpemilu.org#20667,"PENJALANG, DEMPO SELATAN, KOTA PAGAR ALAM, SUMATERA SELATAN",4,60,177,237
https://kawalpemilu.org#20667,"PENJALANG, DEMPO SELATAN, KOTA PAGAR ALAM, SUMATERA SELATAN",6,44,99,143
https://kawalpemilu.org#20667,"PENJALANG, DEMPO SELATAN, KOTA PAGAR ALAM, SUMATERA SELATAN",7,64,121,185
https://kawalpemilu.org#20667,"PENJALANG, DEMPO SELATAN, KOTA PAGAR ALAM, SUMATERA SELATAN",8,84,82,166
https://kawalpemilu.org#20667,"PENJALANG, DEMPO SELATAN, KOTA PAGAR ALAM, SUMATERA SELATAN",9,68,140,208
https://kawalpemilu.org#20667,"PENJALANG, DEMPO SELATAN, KOTA PAGAR ALAM, SUMATERA SELATAN",10,72,87,159
https://kawalpemilu.org#20668,"LUBUK BUNTAK, DEMPO SELATAN, KOTA PAGAR ALAM, SUMATERA SELATAN",1,63,104,167
https://kawalpemilu.org#20668,"LUBUK BUNTAK, DEMPO SELATAN, KOTA PAGAR ALAM, SUMATERA SELATAN",2,41,88,129
https://kawalpemilu.org#20668,"LUBUK BUNTAK, DEMPO SELATAN, KOTA PAGAR ALAM, SUMATERA SELATAN",3,50,23,73
https://kawalpemilu.org#20668,"LUBUK BUNTAK, DEMPO SELATAN, KOTA PAGAR ALAM, SUMATERA SELATAN",4,44,90,134
https://kawalpemilu.org#20668,"LUBUK BUNTAK, DEMPO SELATAN, KOTA PAGAR ALAM, SUMATERA SELATAN",5,43,96,139
https://kawalpemilu.org#20668,"LUBUK BUNTAK, DEMPO SELATAN, KOTA PAGAR ALAM, SUMATERA SELATAN",6,43,147,190
https://kawalpemilu.org#20668,"LUBUK BUNTAK, DEMPO SELATAN, KOTA PAGAR ALAM, SUMATERA SELATAN",7,36,57,93
https://kawalpemilu.org#20668,"LUBUK BUNTAK, DEMPO SELATAN, KOTA PAGAR ALAM, SUMATERA SELATAN",8,51,101,152
https://kawalpemilu.org#20668,"LUBUK BUNTAK, DEMPO SELATAN, KOTA PAGAR ALAM, SUMATERA SELATAN",9,18,124,142
https://kawalpemilu.org#20669,"KANCE DIWE, DEMPO SELATAN, KOTA PAGAR ALAM, SUMATERA SELATAN",1,78,115,193
https://kawalpemilu.org#20669,"KANCE DIWE, DEMPO SELATAN, KOTA PAGAR ALAM, SUMATERA SELATAN",2,56,92,148
https://kawalpemilu.org#20669,"KANCE DIWE, DEMPO SELATAN, KOTA PAGAR ALAM, SUMATERA SELATAN",3,46,109,155
https://kawalpemilu.org#20669,"KANCE DIWE, DEMPO SELATAN, KOTA PAGAR ALAM, SUMATERA SELATAN",4,36,83,119
https://kawalpemilu.org#20669,"KANCE DIWE, DEMPO SELATAN, KOTA PAGAR ALAM, SUMATERA SELATAN",5,46,64,110
https://kawalpemilu.org#20669,"KANCE DIWE, DEMPO SELATAN, KOTA PAGAR ALAM, SUMATERA SELATAN",6,138,66,204
https://kawalpemilu.org#20669,"KANCE DIWE, DEMPO SELATAN, KOTA PAGAR ALAM, SUMATERA SELATAN",7,34,71,105
https://kawalpemilu.org#20669,"KANCE DIWE, DEMPO SELATAN, KOTA PAGAR ALAM, SUMATERA SELATAN",8,58,146,204
https://kawalpemilu.org#20669,"KANCE DIWE, DEMPO SELATAN, KOTA PAGAR ALAM, SUMATERA SELATAN",10,89,25,114
https://kawalpemilu.org#20669,"KANCE DIWE, DEMPO SELATAN, KOTA PAGAR ALAM, SUMATERA SELATAN",11,51,19,70
https://kawalpemilu.org#20670,"ATUNG BUNGSU, DEMPO SELATAN, KOTA PAGAR ALAM, SUMATERA SELATAN",1,35,168,203
https://kawalpemilu.org#20670,"ATUNG BUNGSU, DEMPO SELATAN, KOTA PAGAR ALAM, SUMATERA SELATAN",2,43,90,133
https://kawalpemilu.org#20670,"ATUNG BUNGSU, DEMPO SELATAN, KOTA PAGAR ALAM, SUMATERA SELATAN",3,52,183,235
https://kawalpemilu.org#20670,"ATUNG BUNGSU, DEMPO SELATAN, KOTA PAGAR ALAM, SUMATERA SELATAN",4,45,50,95
https://kawalpemilu.org#20670,"ATUNG BUNGSU, DEMPO SELATAN, KOTA PAGAR ALAM, SUMATERA SELATAN",5,36,83,119
https://kawalpemilu.org#20670,"ATUNG BUNGSU, DEMPO SELATAN, KOTA PAGAR ALAM, SUMATERA SELATAN",6,41,43,84
https://kawalpemilu.org#20670,"ATUNG BUNGSU, DEMPO SELATAN, KOTA PAGAR ALAM, SUMATERA SELATAN",7,63,134,197
https://kawalpemilu.org#20670,"ATUNG BUNGSU, DEMPO SELATAN, KOTA PAGAR ALAM, SUMATERA SELATAN",8,86,77,163
https://kawalpemilu.org#20670,"ATUNG BUNGSU, DEMPO SELATAN, KOTA PAGAR ALAM, SUMATERA SELATAN",9,75,82,157
https://kawalpemilu.org#20670,"ATUNG BUNGSU, DEMPO SELATAN, KOTA PAGAR ALAM, SUMATERA SELATAN",10,106,74,180
https://kawalpemilu.org#20670,"ATUNG BUNGSU, DEMPO SELATAN, KOTA PAGAR ALAM, SUMATERA SELATAN",11,118,73,191
https://kawalpemilu.org#20670,"ATUNG BUNGSU, DEMPO SELATAN, KOTA PAGAR ALAM, SUMATERA SELATAN",12,128,46,174
https://kawalpemilu.org#20670,"ATUNG BUNGSU, DEMPO SELATAN, KOTA PAGAR ALAM, SUMATERA SELATAN",13,102,39,141
https://kawalpemilu.org#91971,"PERAHU DIPO, DEMPO SELATAN, KOTA PAGAR ALAM, SUMATERA SELATAN",1,24,115,139
https://kawalpemilu.org#91971,"PERAHU DIPO, DEMPO SELATAN, KOTA PAGAR ALAM, SUMATERA SELATAN",2,39,99,138
https://kawalpemilu.org#91971,"PERAHU DIPO, DEMPO SELATAN, KOTA PAGAR ALAM, SUMATERA SELATAN",3,44,136,180
https://kawalpemilu.org#91971,"PERAHU DIPO, DEMPO SELATAN, KOTA PAGAR ALAM, SUMATERA SELATAN",4,139,104,243
https://kawalpemilu.org#91971,"PERAHU DIPO, DEMPO SELATAN, KOTA PAGAR ALAM, SUMATERA SELATAN",5,67,96,163
https://kawalpemilu.org#91971,"PERAHU DIPO, DEMPO SELATAN, KOTA PAGAR ALAM, SUMATERA SELATAN",6,63,70,133
https://kawalpemilu.org#91971,"PERAHU DIPO, DEMPO SELATAN, KOTA PAGAR ALAM, SUMATERA SELATAN",7,95,117,212
https://kawalpemilu.org#91971,"PERAHU DIPO, DEMPO SELATAN, KOTA PAGAR ALAM, SUMATERA SELATAN",8,142,93,235
https://kawalpemilu.org#91971,"PERAHU DIPO, DEMPO SELATAN, KOTA PAGAR ALAM, SUMATERA SELATAN",9,91,20,111
https://kawalpemilu.org#91971,"PERAHU DIPO, DEMPO SELATAN, KOTA PAGAR ALAM, SUMATERA SELATAN",10,79,33,113
https://kawalpemilu.org#20672,"KARANG DALO, DEMPO TENGAH, KOTA PAGAR ALAM, SUMATERA SELATAN",1,75,95,170
https://kawalpemilu.org#20672,"KARANG DALO, DEMPO TENGAH, KOTA PAGAR ALAM, SUMATERA SELATAN",2,58,127,185
https://kawalpemilu.org#20672,"KARANG DALO, DEMPO TENGAH, KOTA PAGAR ALAM, SUMATERA SELATAN",3,48,83,131
https://kawalpemilu.org#20672,"KARANG DALO, DEMPO TENGAH, KOTA PAGAR ALAM, SUMATERA SELATAN",4,59,78,137
https://kawalpemilu.org#20672,"KARANG DALO, DEMPO TENGAH, KOTA PAGAR ALAM, SUMATERA SELATAN",5,80,122,202
https://kawalpemilu.org#20672,"KARANG DALO, DEMPO TENGAH, KOTA PAGAR ALAM, SUMATERA SELATAN",6,60,105,165
https://kawalpemilu.org#20672,"KARANG DALO, DEMPO TENGAH, KOTA PAGAR ALAM, SUMATERA SELATAN",7,66,87,153
https://kawalpemilu.org#20672,"KARANG DALO, DEMPO TENGAH, KOTA PAGAR ALAM, SUMATERA SELATAN",8,88,106,194
https://kawalpemilu.org#20672,"KARANG DALO, DEMPO TENGAH, KOTA PAGAR ALAM, SUMATERA SELATAN",9,127,51,178
https://kawalpemilu.org#20672,"KARANG DALO, DEMPO TENGAH, KOTA PAGAR ALAM, SUMATERA SELATAN",10,88,124,212
https://kawalpemilu.org#20672,"KARANG DALO, DEMPO TENGAH, KOTA PAGAR ALAM, SUMATERA SELATAN",11,66,70,136
https://kawalpemilu.org#20672,"KARANG DALO, DEMPO TENGAH, KOTA PAGAR ALAM, SUMATERA SELATAN",12,36,113,149
https://kawalpemilu.org#20672,"KARANG DALO, DEMPO TENGAH, KOTA PAGAR ALAM, SUMATERA SELATAN",13,103,75,178
https://kawalpemilu.org#20672,"KARANG DALO, DEMPO TENGAH, KOTA PAGAR ALAM, SUMATERA SELATAN",14,48,81,129
https://kawalpemilu.org#20673,"PELANG KENIDAI, DEMPO TENGAH, KOTA PAGAR ALAM, SUMATERA SELATAN",1,128,105,233
https://kawalpemilu.org#20673,"PELANG KENIDAI, DEMPO TENGAH, KOTA PAGAR ALAM, SUMATERA SELATAN",2,56,151,207
https://kawalpemilu.org#20673,"PELANG KENIDAI, DEMPO TENGAH, KOTA PAGAR ALAM, SUMATERA SELATAN",3,154,87,241
https://kawalpemilu.org#20673,"PELANG KENIDAI, DEMPO TENGAH, KOTA PAGAR ALAM, SUMATERA SELATAN",4,152,46,198
https://kawalpemilu.org#20673,"PELANG KENIDAI, DEMPO TENGAH, KOTA PAGAR ALAM, SUMATERA SELATAN",5,53,109,162
https://kawalpemilu.org#20673,"PELANG KENIDAI, DEMPO TENGAH, KOTA PAGAR ALAM, SUMATERA SELATAN",6,47,109,156
https://kawalpemilu.org#20673,"PELANG KENIDAI, DEMPO TENGAH, KOTA PAGAR ALAM, SUMATERA SELATAN",7,55,96,151
https://kawalpemilu.org#20673,"PELANG KENIDAI, DEMPO TENGAH, KOTA PAGAR ALAM, SUMATERA SELATAN",8,87,90,177
https://kawalpemilu.org#20673,"PELANG KENIDAI, DEMPO TENGAH, KOTA PAGAR ALAM, SUMATERA SELATAN",9,78,45,123
https://kawalpemilu.org#20673,"PELANG KENIDAI, DEMPO TENGAH, KOTA PAGAR ALAM, SUMATERA SELATAN",10,59,103,162
https://kawalpemilu.org#20674,"PADANG TEMU, DEMPO TENGAH, KOTA PAGAR ALAM, SUMATERA SELATAN",1,102,47,149
https://kawalpemilu.org#20674,"PADANG TEMU, DEMPO TENGAH, KOTA PAGAR ALAM, SUMATERA SELATAN",2,47,75,122
https://kawalpemilu.org#20674,"PADANG TEMU, DEMPO TENGAH, KOTA PAGAR ALAM, SUMATERA SELATAN",3,43,95,138
https://kawalpemilu.org#20674,"PADANG TEMU, DEMPO TENGAH, KOTA PAGAR ALAM, SUMATERA SELATAN",4,112,77,189
https://kawalpemilu.org#20674,"PADANG TEMU, DEMPO TENGAH, KOTA PAGAR ALAM, SUMATERA SELATAN",5,102,83,185
https://kawalpemilu.org#20674,"PADANG TEMU, DEMPO TENGAH, KOTA PAGAR ALAM, SUMATERA SELATAN",6,92,50,142
https://kawalpemilu.org#20674,"PADANG TEMU, DEMPO TENGAH, KOTA PAGAR ALAM, SUMATERA SELATAN",7,86,73,159
https://kawalpemilu.org#20674,"PADANG TEMU, DEMPO TENGAH, KOTA PAGAR ALAM, SUMATERA SELATAN",8,75,167,192
https://kawalpemilu.org#20674,"PADANG TEMU, DEMPO TENGAH, KOTA PAGAR ALAM, SUMATERA SELATAN",9,73,91,164
https://kawalpemilu.org#20674,"PADANG TEMU, DEMPO TENGAH, KOTA PAGAR ALAM, SUMATERA SELATAN",10,38,82,120
https://kawalpemilu.org#20674,"PADANG TEMU, DEMPO TENGAH, KOTA PAGAR ALAM, SUMATERA SELATAN",11,53,53,106
https://kawalpemilu.org#20674,"PADANG TEMU, DEMPO TENGAH, KOTA PAGAR ALAM, SUMATERA SELATAN",12,59,58,117
https://kawalpemilu.org#20675,"JOKOH, DEMPO TENGAH, KOTA PAGAR ALAM, SUMATERA SELATAN",1,65,120,185
https://kawalpemilu.org#20675,"JOKOH, DEMPO TENGAH, KOTA PAGAR ALAM, SUMATERA SELATAN",2,53,83,136
https://kawalpemilu.org#20675,"JOKOH, DEMPO TENGAH, KOTA PAGAR ALAM, SUMATERA SELATAN",3,33,93,126
https://kawalpemilu.org#20675,"JOKOH, DEMPO TENGAH, KOTA PAGAR ALAM, SUMATERA SELATAN",4,92,50,142
https://kawalpemilu.org#20675,"JOKOH, DEMPO TENGAH, KOTA PAGAR ALAM, SUMATERA SELATAN",5,61,97,158
https://kawalpemilu.org#20675,"JOKOH, DEMPO TENGAH, KOTA PAGAR ALAM, SUMATERA SELATAN",6,93,59,152
https://kawalpemilu.org#20675,"JOKOH, DEMPO TENGAH, KOTA PAGAR ALAM, SUMATERA SELATAN",7,98,55,153
https://kawalpemilu.org#20675,"JOKOH, DEMPO TENGAH, KOTA PAGAR ALAM, SUMATERA SELATAN",8,95,112,207
https://kawalpemilu.org#20675,"JOKOH, DEMPO TENGAH, KOTA PAGAR ALAM, SUMATERA SELATAN",9,97,75,172
https://kawalpemilu.org#20675,"JOKOH, DEMPO TENGAH, KOTA PAGAR ALAM, SUMATERA SELATAN",10,107,19,126
https://kawalpemilu.org#20675,"JOKOH, DEMPO TENGAH, KOTA PAGAR ALAM, SUMATERA SELATAN",11,177,25,202
https://kawalpemilu.org#20675,"JOKOH, DEMPO TENGAH, KOTA PAGAR ALAM, SUMATERA SELATAN",12,82,51,133
https://kawalpemilu.org#20676,"CANDI JAYA, DEMPO TENGAH, KOTA PAGAR ALAM, SUMATERA SELATAN",1,88,102,190
https://kawalpemilu.org#20676,"CANDI JAYA, DEMPO TENGAH, KOTA PAGAR ALAM, SUMATERA SELATAN",2,64,102,166
https://kawalpemilu.org#20676,"CANDI JAYA, DEMPO TENGAH, KOTA PAGAR ALAM, SUMATERA SELATAN",3,94,71,165
https://kawalpemilu.org#20676,"CANDI JAYA, DEMPO TENGAH, KOTA PAGAR ALAM, SUMATERA SELATAN",4,114,68,182
https://kawalpemilu.org#20676,"CANDI JAYA, DEMPO TENGAH, KOTA PAGAR ALAM, SUMATERA SELATAN",5,169,67,236
https://kawalpemilu.org#20676,"CANDI JAYA, DEMPO TENGAH, KOTA PAGAR ALAM, SUMATERA SELATAN",6,74,22,96
https://kawalpemilu.org#20676,"CANDI JAYA, DEMPO TENGAH, KOTA PAGAR ALAM, SUMATERA SELATAN",7,114,81,198
https://kawalpemilu.org#20676,"CANDI JAYA, DEMPO TENGAH, KOTA PAGAR ALAM, SUMATERA SELATAN",8,124,14,138
https://kawalpemilu.org#20676,"CANDI JAYA, DEMPO TENGAH, KOTA PAGAR ALAM, SUMATERA SELATAN",9,131,32,163
https://kawalpemilu.org#20676,"CANDI JAYA, DEMPO TENGAH, KOTA PAGAR ALAM, SUMATERA SELATAN",10,114,11,125
https://kawalpemilu.org#20679,"AIR KUTI, LUBUK LINGGAU TIMUR I, KOTA LUBUKLINGGAU, SUMATERA SELATAN",1,39,164,203
https://kawalpemilu.org#20679,"AIR KUTI, LUBUK LINGGAU TIMUR I, KOTA LUBUKLINGGAU, SUMATERA SELATAN",2,43,115,158
https://kawalpemilu.org#20679,"AIR KUTI, LUBUK LINGGAU TIMUR I, KOTA LUBUKLINGGAU, SUMATERA SELATAN",3,26,131,157
https://kawalpemilu.org#20679,"AIR KUTI, LUBUK LINGGAU TIMUR I, KOTA LUBUKLINGGAU, SUMATERA SELATAN",4,44,131,175
https://kawalpemilu.org#20679,"AIR KUTI, LUBUK LINGGAU TIMUR I, KOTA LUBUKLINGGAU, SUMATERA SELATAN",5,51,172,223
https://kawalpemilu.org#20679,"AIR KUTI, LUBUK LINGGAU TIMUR I, KOTA LUBUKLINGGAU, SUMATERA SELATAN",6,68,180,248
https://kawalpemilu.org#20679,"AIR KUTI, LUBUK LINGGAU TIMUR I, KOTA LUBUKLINGGAU, SUMATERA SELATAN",7,51,148,199
https://kawalpemilu.org#20680,"MAJAPAHIT, LUBUK LINGGAU TIMUR I, KOTA LUBUKLINGGAU, SUMATERA SELATAN",1,59,165,224
https://kawalpemilu.org#20680,"MAJAPAHIT, LUBUK LINGGAU TIMUR I, KOTA LUBUKLINGGAU, SUMATERA SELATAN",3,41,184,225
https://kawalpemilu.org#20680,"MAJAPAHIT, LUBUK LINGGAU TIMUR I, KOTA LUBUKLINGGAU, SUMATERA SELATAN",4,60,107,167
https://kawalpemilu.org#20680,"MAJAPAHIT, LUBUK LINGGAU TIMUR I, KOTA LUBUKLINGGAU, SUMATERA SELATAN",5,93,141,234
https://kawalpemilu.org#20680,"MAJAPAHIT, LUBUK LINGGAU TIMUR I, KOTA LUBUKLINGGAU, SUMATERA SELATAN",6,62,196,258
https://kawalpemilu.org#20680,"MAJAPAHIT, LUBUK LINGGAU TIMUR I, KOTA LUBUKLINGGAU, SUMATERA SELATAN",7,74,197,271
https://kawalpemilu.org#20680,"MAJAPAHIT, LUBUK LINGGAU TIMUR I, KOTA LUBUKLINGGAU, SUMATERA SELATAN",8,52,202,254
https://kawalpemilu.org#20680,"MAJAPAHIT, LUBUK LINGGAU TIMUR I, KOTA LUBUKLINGGAU, SUMATERA SELATAN",9,37,214,251
https://kawalpemilu.org#20680,"MAJAPAHIT, LUBUK LINGGAU TIMUR I, KOTA LUBUKLINGGAU, SUMATERA SELATAN",10,37,202,239
https://kawalpemilu.org#20680,"MAJAPAHIT, LUBUK LINGGAU TIMUR I, KOTA LUBUKLINGGAU, SUMATERA SELATAN",11,35,190,225
https://kawalpemilu.org#20680,"MAJAPAHIT, LUBUK LINGGAU TIMUR I, KOTA LUBUKLINGGAU, SUMATERA SELATAN",12,65,187,252
https://kawalpemilu.org#20681,"TABA JEMEKEH, LUBUK LINGGAU TIMUR I, KOTA LUBUKLINGGAU, SUMATERA SELATAN",2,60,201,261
https://kawalpemilu.org#20681,"TABA JEMEKEH, LUBUK LINGGAU TIMUR I, KOTA LUBUKLINGGAU, SUMATERA SELATAN",3,69,183,252
https://kawalpemilu.org#20681,"TABA JEMEKEH, LUBUK LINGGAU TIMUR I, KOTA LUBUKLINGGAU, SUMATERA SELATAN",4,67,157,224
https://kawalpemilu.org#20681,"TABA JEMEKEH, LUBUK LINGGAU TIMUR I, KOTA LUBUKLINGGAU, SUMATERA SELATAN",5,40,131,171
https://kawalpemilu.org#20681,"TABA JEMEKEH, LUBUK LINGGAU TIMUR I, KOTA LUBUKLINGGAU, SUMATERA SELATAN",6,68,152,220
https://kawalpemilu.org#20681,"TABA JEMEKEH, LUBUK LINGGAU TIMUR I, KOTA LUBUKLINGGAU, SUMATERA SELATAN",7,47,158,205
https://kawalpemilu.org#20681,"TABA JEMEKEH, LUBUK LINGGAU TIMUR I, KOTA LUBUKLINGGAU, SUMATERA SELATAN",8,52,188,240
https://kawalpemilu.org#20681,"TABA JEMEKEH, LUBUK LINGGAU TIMUR I, KOTA LUBUKLINGGAU, SUMATERA SELATAN",9,37,137,174
https://kawalpemilu.org#20681,"TABA JEMEKEH, LUBUK LINGGAU TIMUR I, KOTA LUBUKLINGGAU, SUMATERA SELATAN",10,47,162,209
https://kawalpemilu.org#20681,"TABA JEMEKEH, LUBUK LINGGAU TIMUR I, KOTA LUBUKLINGGAU, SUMATERA SELATAN",11,41,227,268
https://kawalpemilu.org#20681,"TABA JEMEKEH, LUBUK LINGGAU TIMUR I, KOTA LUBUKLINGGAU, SUMATERA SELATAN",12,63,172,235
https://kawalpemilu.org#20681,"TABA JEMEKEH, LUBUK LINGGAU TIMUR I, KOTA LUBUKLINGGAU, SUMATERA SELATAN",13,67,158,225
https://kawalpemilu.org#20681,"TABA JEMEKEH, LUBUK LINGGAU TIMUR I, KOTA LUBUKLINGGAU, SUMATERA SELATAN",14,63,114,177
https://kawalpemilu.org#20681,"TABA JEMEKEH, LUBUK LINGGAU TIMUR I, KOTA LUBUKLINGGAU, SUMATERA SELATAN",15,73,149,222
https://kawalpemilu.org#20681,"TABA JEMEKEH, LUBUK LINGGAU TIMUR I, KOTA LUBUKLINGGAU, SUMATERA SELATAN",16,53,192,245
https://kawalpemilu.org#20681,"TABA JEMEKEH, LUBUK LINGGAU TIMUR I, KOTA LUBUKLINGGAU, SUMATERA SELATAN",17,83,185,268
https://kawalpemilu.org#20681,"TABA JEMEKEH, LUBUK LINGGAU TIMUR I, KOTA LUBUKLINGGAU, SUMATERA SELATAN",18,73,176,249
https://kawalpemilu.org#20681,"TABA JEMEKEH, LUBUK LINGGAU TIMUR I, KOTA LUBUKLINGGAU, SUMATERA SELATAN",19,48,126,174
https://kawalpemilu.org#20681,"TABA JEMEKEH, LUBUK LINGGAU TIMUR I, KOTA LUBUKLINGGAU, SUMATERA SELATAN",20,99,154,253
https://kawalpemilu.org#20681,"TABA JEMEKEH, LUBUK LINGGAU TIMUR I, KOTA LUBUKLINGGAU, SUMATERA SELATAN",21,81,145,226
https://kawalpemilu.org#20682,"NIKAN JAYA, LUBUK LINGGAU TIMUR I, KOTA LUBUKLINGGAU, SUMATERA SELATAN",1,53,179,232
https://kawalpemilu.org#20682,"NIKAN JAYA, LUBUK LINGGAU TIMUR I, KOTA LUBUKLINGGAU, SUMATERA SELATAN",2,36,202,238
https://kawalpemilu.org#20682,"NIKAN JAYA, LUBUK LINGGAU TIMUR I, KOTA LUBUKLINGGAU, SUMATERA SELATAN",3,41,204,245
https://kawalpemilu.org#20682,"NIKAN JAYA, LUBUK LINGGAU TIMUR I, KOTA LUBUKLINGGAU, SUMATERA SELATAN",4,56,171,227
https://kawalpemilu.org#20682,"NIKAN JAYA, LUBUK LINGGAU TIMUR I, KOTA LUBUKLINGGAU, SUMATERA SELATAN",5,49,180,229
https://kawalpemilu.org#20682,"NIKAN JAYA, LUBUK LINGGAU TIMUR I, KOTA LUBUKLINGGAU, SUMATERA SELATAN",6,54,175,229
https://kawalpemilu.org#20682,"NIKAN JAYA, LUBUK LINGGAU TIMUR I, KOTA LUBUKLINGGAU, SUMATERA SELATAN",7,43,146,189
https://kawalpemilu.org#20682,"NIKAN JAYA, LUBUK LINGGAU TIMUR I, KOTA LUBUKLINGGAU, SUMATERA SELATAN",8,27,110,137
https://kawalpemilu.org#20682,"NIKAN JAYA, LUBUK LINGGAU TIMUR I, KOTA LUBUKLINGGAU, SUMATERA SELATAN",9,36,171,207
https://kawalpemilu.org#20682,"NIKAN JAYA, LUBUK LINGGAU TIMUR I, KOTA LUBUKLINGGAU, SUMATERA SELATAN",10,29,166,195
https://kawalpemilu.org#20683,"TABA LESTARI, LUBUK LINGGAU TIMUR I, KOTA LUBUKLINGGAU, SUMATERA SELATAN",1,65,176,241
https://kawalpemilu.org#20683,"TABA LESTARI, LUBUK LINGGAU TIMUR I, KOTA LUBUKLINGGAU, SUMATERA SELATAN",2,55,183,238
https://kawalpemilu.org#20683,"TABA LESTARI, LUBUK LINGGAU TIMUR I, KOTA LUBUKLINGGAU, SUMATERA SELATAN",3,41,203,244
https://kawalpemilu.org#20683,"TABA LESTARI, LUBUK LINGGAU TIMUR I, KOTA LUBUKLINGGAU, SUMATERA SELATAN",4,57,165,222
https://kawalpemilu.org#20683,"TABA LESTARI, LUBUK LINGGAU TIMUR I, KOTA LUBUKLINGGAU, SUMATERA SELATAN",5,51,163,214
https://kawalpemilu.org#20683,"TABA LESTARI, LUBUK LINGGAU TIMUR I, KOTA LUBUKLINGGAU, SUMATERA SELATAN",6,53,199,252
https://kawalpemilu.org#20684,"BATU URIP TABA, LUBUK LINGGAU TIMUR I, KOTA LUBUKLINGGAU, SUMATERA SELATAN",1,62,177,239
https://kawalpemilu.org#20684,"BATU URIP TABA, LUBUK LINGGAU TIMUR I, KOTA LUBUKLINGGAU, SUMATERA SELATAN",2,68,141,209
https://kawalpemilu.org#20684,"BATU URIP TABA, LUBUK LINGGAU TIMUR I, KOTA LUBUKLINGGAU, SUMATERA SELATAN",4,65,153,218
https://kawalpemilu.org#20684,"BATU URIP TABA, LUBUK LINGGAU TIMUR I, KOTA LUBUKLINGGAU, SUMATERA SELATAN",6,70,168,238
https://kawalpemilu.org#20684,"BATU URIP TABA, LUBUK LINGGAU TIMUR I, KOTA LUBUKLINGGAU, SUMATERA SELATAN",7,59,162,221
https://kawalpemilu.org#20684,"BATU URIP TABA, LUBUK LINGGAU TIMUR I, KOTA LUBUKLINGGAU, SUMATERA SELATAN",8,40,210,250
https://kawalpemilu.org#20685,"TABA KOJI, LUBUK LINGGAU TIMUR I, KOTA LUBUKLINGGAU, SUMATERA SELATAN",1,76,153,229
https://kawalpemilu.org#20685,"TABA KOJI, LUBUK LINGGAU TIMUR I, KOTA LUBUKLINGGAU, SUMATERA SELATAN",2,102,168,270
https://kawalpemilu.org#20685,"TABA KOJI, LUBUK LINGGAU TIMUR I, KOTA LUBUKLINGGAU, SUMATERA SELATAN",3,159,60,219
https://kawalpemilu.org#20685,"TABA KOJI, LUBUK LINGGAU TIMUR I, KOTA LUBUKLINGGAU, SUMATERA SELATAN",4,92,147,239
https://kawalpemilu.org#20685,"TABA KOJI, LUBUK LINGGAU TIMUR I, KOTA LUBUKLINGGAU, SUMATERA SELATAN",5,102,142,244
https://kawalpemilu.org#20686,"WATERVANG, LUBUK LINGGAU TIMUR I, KOTA LUBUKLINGGAU, SUMATERA SELATAN",1,64,202,266
https://kawalpemilu.org#20686,"WATERVANG, LUBUK LINGGAU TIMUR I, KOTA LUBUKLINGGAU, SUMATERA SELATAN",2,81,160,241
https://kawalpemilu.org#20686,"WATERVANG, LUBUK LINGGAU TIMUR I, KOTA LUBUKLINGGAU, SUMATERA SELATAN",3,57,122,179
https://kawalpemilu.org#20686,"WATERVANG, LUBUK LINGGAU TIMUR I, KOTA LUBUKLINGGAU, SUMATERA SELATAN",4,84,152,236
https://kawalpemilu.org#20686,"WATERVANG, LUBUK LINGGAU TIMUR I, KOTA LUBUKLINGGAU, SUMATERA SELATAN",5,54,133,187
https://kawalpemilu.org#20686,"WATERVANG, LUBUK LINGGAU TIMUR I, KOTA LUBUKLINGGAU, SUMATERA SELATAN",6,86,189,275
https://kawalpemilu.org#20686,"WATERVANG, LUBUK LINGGAU TIMUR I, KOTA LUBUKLINGGAU, SUMATERA SELATAN",7,63,141,204
https://kawalpemilu.org#20686,"WATERVANG, LUBUK LINGGAU TIMUR I, KOTA LUBUKLINGGAU, SUMATERA SELATAN",8,66,183,249
https://kawalpemilu.org#20686,"WATERVANG, LUBUK LINGGAU TIMUR I, KOTA LUBUKLINGGAU, SUMATERA SELATAN",9,72,156,228
https://kawalpemilu.org#20686,"WATERVANG, LUBUK LINGGAU TIMUR I, KOTA LUBUKLINGGAU, SUMATERA SELATAN",10,68,119,182
https://kawalpemilu.org#20686,"WATERVANG, LUBUK LINGGAU TIMUR I, KOTA LUBUKLINGGAU, SUMATERA SELATAN",11,44,162,206
https://kawalpemilu.org#20686,"WATERVANG, LUBUK LINGGAU TIMUR I, KOTA LUBUKLINGGAU, SUMATERA SELATAN",13,56,192,248
https://kawalpemilu.org#20688,"KAYU ARA, LUBUK LINGGAU BARAT I, KOTA LUBUKLINGGAU, SUMATERA SELATAN",1,54,166,220
https://kawalpemilu.org#20688,"KAYU ARA, LUBUK LINGGAU BARAT I, KOTA LUBUKLINGGAU, SUMATERA SELATAN",2,29,157,186
https://kawalpemilu.org#20688,"KAYU ARA, LUBUK LINGGAU BARAT I, KOTA LUBUKLINGGAU, SUMATERA SELATAN",3,40,150,190
https://kawalpemilu.org#20688,"KAYU ARA, LUBUK LINGGAU BARAT I, KOTA LUBUKLINGGAU, SUMATERA SELATAN",4,58,144,202
https://kawalpemilu.org#20688,"KAYU ARA, LUBUK LINGGAU BARAT I, KOTA LUBUKLINGGAU, SUMATERA SELATAN",5,40,165,205
https://kawalpemilu.org#20688,"KAYU ARA, LUBUK LINGGAU BARAT I, KOTA LUBUKLINGGAU, SUMATERA SELATAN",6,32,133,165
https://kawalpemilu.org#20688,"KAYU ARA, LUBUK LINGGAU BARAT I, KOTA LUBUKLINGGAU, SUMATERA SELATAN",7,41,127,168
https://kawalpemilu.org#20688,"KAYU ARA, LUBUK LINGGAU BARAT I, KOTA LUBUKLINGGAU, SUMATERA SELATAN",8,51,121,172
https://kawalpemilu.org#20688,"KAYU ARA, LUBUK LINGGAU BARAT I, KOTA LUBUKLINGGAU, SUMATERA SELATAN",9,44,127,171
https://kawalpemilu.org#20688,"KAYU ARA, LUBUK LINGGAU BARAT I, KOTA LUBUKLINGGAU, SUMATERA SELATAN",10,41,152,193
https://kawalpemilu.org#20689,"LUBUK TANJUNG, LUBUK LINGGAU BARAT I, KOTA LUBUKLINGGAU, SUMATERA SELATAN",1,48,130,178
https://kawalpemilu.org#20689,"LUBUK TANJUNG, LUBUK LINGGAU BARAT I, KOTA LUBUKLINGGAU, SUMATERA SELATAN",2,46,156,202
https://kawalpemilu.org#20689,"LUBUK TANJUNG, LUBUK LINGGAU BARAT I, KOTA LUBUKLINGGAU, SUMATERA SELATAN",3,37,159,196
https://kawalpemilu.org#20689,"LUBUK TANJUNG, LUBUK LINGGAU BARAT I, KOTA LUBUKLINGGAU, SUMATERA SELATAN",4,31,179,210
https://kawalpemilu.org#20689,"LUBUK TANJUNG, LUBUK LINGGAU BARAT I, KOTA LUBUKLINGGAU, SUMATERA SELATAN",5,37,161,198
https://kawalpemilu.org#20689,"LUBUK TANJUNG, LUBUK LINGGAU BARAT I, KOTA LUBUKLINGGAU, SUMATERA SELATAN",6,32,139,171
https://kawalpemilu.org#20689,"LUBUK TANJUNG, LUBUK LINGGAU BARAT I, KOTA LUBUKLINGGAU, SUMATERA SELATAN",7,30,137,167
https://kawalpemilu.org#20689,"LUBUK TANJUNG, LUBUK LINGGAU BARAT I, KOTA LUBUKLINGGAU, SUMATERA SELATAN",8,41,162,203
https://kawalpemilu.org#20689,"LUBUK TANJUNG, LUBUK LINGGAU BARAT I, KOTA LUBUKLINGGAU, SUMATERA SELATAN",9,31,167,198
https://kawalpemilu.org#20689,"LUBUK TANJUNG, LUBUK LINGGAU BARAT I, KOTA LUBUKLINGGAU, SUMATERA SELATAN",10,44,174,218
https://kawalpemilu.org#20689,"LUBUK TANJUNG, LUBUK LINGGAU BARAT I, KOTA LUBUKLINGGAU, SUMATERA SELATAN",11,41,208,249
https://kawalpemilu.org#20689,"LUBUK TANJUNG, LUBUK LINGGAU BARAT I, KOTA LUBUKLINGGAU, SUMATERA SELATAN",12,46,170,216
https://kawalpemilu.org#20689,"LUBUK TANJUNG, LUBUK LINGGAU BARAT I, KOTA LUBUKLINGGAU, SUMATERA SELATAN",13,34,164,198
https://kawalpemilu.org#20689,"LUBUK TANJUNG, LUBUK LINGGAU BARAT I, KOTA LUBUKLINGGAU, SUMATERA SELATAN",14,40,159,199
https://kawalpemilu.org#20690,"TANJUNG INDAH, LUBUK LINGGAU BARAT I, KOTA LUBUKLINGGAU, SUMATERA SELATAN",1,46,185,231
https://kawalpemilu.org#20690,"TANJUNG INDAH, LUBUK LINGGAU BARAT I, KOTA LUBUKLINGGAU, SUMATERA SELATAN",2,57,142,199
https://kawalpemilu.org#20690,"TANJUNG INDAH, LUBUK LINGGAU BARAT I, KOTA LUBUKLINGGAU, SUMATERA SELATAN",3,47,170,217
https://kawalpemilu.org#20690,"TANJUNG INDAH, LUBUK LINGGAU BARAT I, KOTA LUBUKLINGGAU, SUMATERA SELATAN",4,71,154,225
https://kawalpemilu.org#20690,"TANJUNG INDAH, LUBUK LINGGAU BARAT I, KOTA LUBUKLINGGAU, SUMATERA SELATAN",5,72,134,206
https://kawalpemilu.org#20690,"TANJUNG INDAH, LUBUK LINGGAU BARAT I, KOTA LUBUKLINGGAU, SUMATERA SELATAN",6,51,158,209
https://kawalpemilu.org#20690,"TANJUNG INDAH, LUBUK LINGGAU BARAT I, KOTA LUBUKLINGGAU, SUMATERA SELATAN",7,50,97,147
https://kawalpemilu.org#20690,"TANJUNG INDAH, LUBUK LINGGAU BARAT I, KOTA LUBUKLINGGAU, SUMATERA SELATAN",8,29,127,156
https://kawalpemilu.org#20691,"BANDUNG UJUNG, LUBUK LINGGAU BARAT I, KOTA LUBUKLINGGAU, SUMATERA SELATAN",1,58,125,183
https://kawalpemilu.org#20691,"BANDUNG UJUNG, LUBUK LINGGAU BARAT I, KOTA LUBUKLINGGAU, SUMATERA SELATAN",2,62,140,202
https://kawalpemilu.org#20691,"BANDUNG UJUNG, LUBUK LINGGAU BARAT I, KOTA LUBUKLINGGAU, SUMATERA SELATAN",3,51,100,151
https://kawalpemilu.org#20691,"BANDUNG UJUNG, LUBUK LINGGAU BARAT I, KOTA LUBUKLINGGAU, SUMATERA SELATAN",4,70,107,177
https://kawalpemilu.org#20691,"BANDUNG UJUNG, LUBUK LINGGAU BARAT I, KOTA LUBUKLINGGAU, SUMATERA SELATAN",5,52,146,198
https://kawalpemilu.org#20691,"BANDUNG UJUNG, LUBUK LINGGAU BARAT I, KOTA LUBUKLINGGAU, SUMATERA SELATAN",6,43,90,133
https://kawalpemilu.org#20691,"BANDUNG UJUNG, LUBUK LINGGAU BARAT I, KOTA LUBUKLINGGAU, SUMATERA SELATAN",7,57,139,196
https://kawalpemilu.org#20691,"BANDUNG UJUNG, LUBUK LINGGAU BARAT I, KOTA LUBUKLINGGAU, SUMATERA SELATAN",8,39,157,196
https://kawalpemilu.org#20691,"BANDUNG UJUNG, LUBUK LINGGAU BARAT I, KOTA LUBUKLINGGAU, SUMATERA SELATAN",9,41,159,200
https://kawalpemilu.org#20691,"BANDUNG UJUNG, LUBUK LINGGAU BARAT I, KOTA LUBUKLINGGAU, SUMATERA SELATAN",10,51,141,192
https://kawalpemilu.org#20692,"BANDUNG KIRI, LUBUK LINGGAU BARAT I, KOTA LUBUKLINGGAU, SUMATERA SELATAN",1,71,98,169
https://kawalpemilu.org#20692,"BANDUNG KIRI, LUBUK LINGGAU BARAT I, KOTA LUBUKLINGGAU, SUMATERA SELATAN",2,68,166,234
https://kawalpemilu.org#20692,"BANDUNG KIRI, LUBUK LINGGAU BARAT I, KOTA LUBUKLINGGAU, SUMATERA SELATAN",3,40,149,189
https://kawalpemilu.org#20692,"BANDUNG KIRI, LUBUK LINGGAU BARAT I, KOTA LUBUKLINGGAU, SUMATERA SELATAN",4,30,140,170
https://kawalpemilu.org#20692,"BANDUNG KIRI, LUBUK LINGGAU BARAT I, KOTA LUBUKLINGGAU, SUMATERA SELATAN",5,69,143,212
https://kawalpemilu.org#20692,"BANDUNG KIRI, LUBUK LINGGAU BARAT I, KOTA LUBUKLINGGAU, SUMATERA SELATAN",6,48,154,202
https://kawalpemilu.org#20692,"BANDUNG KIRI, LUBUK LINGGAU BARAT I, KOTA LUBUKLINGGAU, SUMATERA SELATAN",7,58,191,249
https://kawalpemilu.org#20692,"BANDUNG KIRI, LUBUK LINGGAU BARAT I, KOTA LUBUKLINGGAU, SUMATERA SELATAN",8,0,0,0
https://kawalpemilu.org#20692,"BANDUNG KIRI, LUBUK LINGGAU BARAT I, KOTA LUBUKLINGGAU, SUMATERA SELATAN",9,54,118,172
https://kawalpemilu.org#20692,"BANDUNG KIRI, LUBUK LINGGAU BARAT I, KOTA LUBUKLINGGAU, SUMATERA SELATAN",10,42,141,183
https://kawalpemilu.org#20693,"SUKAJADI, LUBUK LINGGAU BARAT I, KOTA LUBUKLINGGAU, SUMATERA SELATAN",1,57,117,174
https://kawalpemilu.org#20693,"SUKAJADI, LUBUK LINGGAU BARAT I, KOTA LUBUKLINGGAU, SUMATERA SELATAN",2,62,113,175
https://kawalpemilu.org#20693,"SUKAJADI, LUBUK LINGGAU BARAT I, KOTA LUBUKLINGGAU, SUMATERA SELATAN",3,60,170,230
https://kawalpemilu.org#20693,"SUKAJADI, LUBUK LINGGAU BARAT I, KOTA LUBUKLINGGAU, SUMATERA SELATAN",4,64,185,249
https://kawalpemilu.org#20693,"SUKAJADI, LUBUK LINGGAU BARAT I, KOTA LUBUKLINGGAU, SUMATERA SELATAN",5,46,140,186
https://kawalpemilu.org#20693,"SUKAJADI, LUBUK LINGGAU BARAT I, KOTA LUBUKLINGGAU, SUMATERA SELATAN",6,61,185,246
https://kawalpemilu.org#20693,"SUKAJADI, LUBUK LINGGAU BARAT I, KOTA LUBUKLINGGAU, SUMATERA SELATAN",7,37,109,146
https://kawalpemilu.org#20693,"SUKAJADI, LUBUK LINGGAU BARAT I, KOTA LUBUKLINGGAU, SUMATERA SELATAN",8,35,126,161
https://kawalpemilu.org#20693,"SUKAJADI, LUBUK LINGGAU BARAT I, KOTA LUBUKLINGGAU, SUMATERA SELATAN",9,30,127,157
https://kawalpemilu.org#20693,"SUKAJADI, LUBUK LINGGAU BARAT I, KOTA LUBUKLINGGAU, SUMATERA SELATAN",10,34,103,137
https://kawalpemilu.org#20693,"SUKAJADI, LUBUK LINGGAU BARAT I, KOTA LUBUKLINGGAU, SUMATERA SELATAN",11,59,114,173
https://kawalpemilu.org#20694,"MUARA ENIM, LUBUK LINGGAU BARAT I, KOTA LUBUKLINGGAU, SUMATERA SELATAN",1,80,166,246
https://kawalpemilu.org#20694,"MUARA ENIM, LUBUK LINGGAU BARAT I, KOTA LUBUKLINGGAU, SUMATERA SELATAN",2,101,150,251
https://kawalpemilu.org#20694,"MUARA ENIM, LUBUK LINGGAU BARAT I, KOTA LUBUKLINGGAU, SUMATERA SELATAN",3,58,129,187
https://kawalpemilu.org#20694,"MUARA ENIM, LUBUK LINGGAU BARAT I, KOTA LUBUKLINGGAU, SUMATERA SELATAN",4,70,136,206
https://kawalpemilu.org#20694,"MUARA ENIM, LUBUK LINGGAU BARAT I, KOTA LUBUKLINGGAU, SUMATERA SELATAN",5,90,95,185
https://kawalpemilu.org#20694,"MUARA ENIM, LUBUK LINGGAU BARAT I, KOTA LUBUKLINGGAU, SUMATERA SELATAN",6,87,123,210
https://kawalpemilu.org#20694,"MUARA ENIM, LUBUK LINGGAU BARAT I, KOTA LUBUKLINGGAU, SUMATERA SELATAN",7,68,136,204
https://kawalpemilu.org#20694,"MUARA ENIM, LUBUK LINGGAU BARAT I, KOTA LUBUKLINGGAU, SUMATERA SELATAN",8,98,153,251
https://kawalpemilu.org#20694,"MUARA ENIM, LUBUK LINGGAU BARAT I, KOTA LUBUKLINGGAU, SUMATERA SELATAN",9,64,163,227
https://kawalpemilu.org#20694,"MUARA ENIM, LUBUK LINGGAU BARAT I, KOTA LUBUKLINGGAU, SUMATERA SELATAN",10,105,133,238
https://kawalpemilu.org#20694,"MUARA ENIM, LUBUK LINGGAU BARAT I, KOTA LUBUKLINGGAU, SUMATERA SELATAN",11,71,133,204
https://kawalpemilu.org#20694,"MUARA ENIM, LUBUK LINGGAU BARAT I, KOTA LUBUKLINGGAU, SUMATERA SELATAN",12,82,137,219
https://kawalpemilu.org#20694,"MUARA ENIM, LUBUK LINGGAU BARAT I, KOTA LUBUKLINGGAU, SUMATERA SELATAN",13,54,179,233
https://kawalpemilu.org#20694,"MUARA ENIM, LUBUK LINGGAU BARAT I, KOTA LUBUKLINGGAU, SUMATERA SELATAN",14,63,165,228
https://kawalpemilu.org#20695,"WATAS LUBUK DURIAN, LUBUK LINGGAU BARAT I, KOTA LUBUKLINGGAU, SUMATERA SELATAN",1,45,169,214
https://kawalpemilu.org#20695,"WATAS LUBUK DURIAN, LUBUK LINGGAU BARAT I, KOTA LUBUKLINGGAU, SUMATERA SELATAN",2,39,158,197
https://kawalpemilu.org#20695,"WATAS LUBUK DURIAN, LUBUK LINGGAU BARAT I, KOTA LUBUKLINGGAU, SUMATERA SELATAN",3,34,161,195
https://kawalpemilu.org#20695,"WATAS LUBUK DURIAN, LUBUK LINGGAU BARAT I, KOTA LUBUKLINGGAU, SUMATERA SELATAN",4,30,147,177
https://kawalpemilu.org#20696,"LUBUK AMAN, LUBUK LINGGAU BARAT I, KOTA LUBUKLINGGAU, SUMATERA SELATAN",1,61,101,162
https://kawalpemilu.org#20696,"LUBUK AMAN, LUBUK LINGGAU BARAT I, KOTA LUBUKLINGGAU, SUMATERA SELATAN",2,25,120,145
https://kawalpemilu.org#20696,"LUBUK AMAN, LUBUK LINGGAU BARAT I, KOTA LUBUKLINGGAU, SUMATERA SELATAN",3,46,131,177
https://kawalpemilu.org#20696,"LUBUK AMAN, LUBUK LINGGAU BARAT I, KOTA LUBUKLINGGAU, SUMATERA SELATAN",4,59,115,174
https://kawalpemilu.org#20696,"LUBUK AMAN, LUBUK LINGGAU BARAT I, KOTA LUBUKLINGGAU, SUMATERA SELATAN",5,63,109,172
https://kawalpemilu.org#20696,"LUBUK AMAN, LUBUK LINGGAU BARAT I, KOTA LUBUKLINGGAU, SUMATERA SELATAN",6,58,115,173
https://kawalpemilu.org#20696,"LUBUK AMAN, LUBUK LINGGAU BARAT I, KOTA LUBUKLINGGAU, SUMATERA SELATAN",7,43,144,188
https://kawalpemilu.org#20697,"TANJUNG AMAN, LUBUK LINGGAU BARAT I, KOTA LUBUKLINGGAU, SUMATERA SELATAN",1,60,179,239
https://kawalpemilu.org#20697,"TANJUNG AMAN, LUBUK LINGGAU BARAT I, KOTA LUBUKLINGGAU, SUMATERA SELATAN",2,70,158,228
https://kawalpemilu.org#20697,"TANJUNG AMAN, LUBUK LINGGAU BARAT I, KOTA LUBUKLINGGAU, SUMATERA SELATAN",3,90,168,258
https://kawalpemilu.org#20697,"TANJUNG AMAN, LUBUK LINGGAU BARAT I, KOTA LUBUKLINGGAU, SUMATERA SELATAN",4,60,193,253
https://kawalpemilu.org#20697,"TANJUNG AMAN, LUBUK LINGGAU BARAT I, KOTA LUBUKLINGGAU, SUMATERA SELATAN",5,41,198,230
https://kawalpemilu.org#20697,"TANJUNG AMAN, LUBUK LINGGAU BARAT I, KOTA LUBUKLINGGAU, SUMATERA SELATAN",6,69,170,239
https://kawalpemilu.org#20697,"TANJUNG AMAN, LUBUK LINGGAU BARAT I, KOTA LUBUKLINGGAU, SUMATERA SELATAN",8,60,180,240
https://kawalpemilu.org#20697,"TANJUNG AMAN, LUBUK LINGGAU BARAT I, KOTA LUBUKLINGGAU, SUMATERA SELATAN",9,52,156,208
https://kawalpemilu.org#20698,"PELITA JAYA, LUBUK LINGGAU BARAT I, KOTA LUBUKLINGGAU, SUMATERA SELATAN",1,44,189,233
https://kawalpemilu.org#20698,"PELITA JAYA, LUBUK LINGGAU BARAT I, KOTA LUBUKLINGGAU, SUMATERA SELATAN",2,65,189,254
https://kawalpemilu.org#20698,"PELITA JAYA, LUBUK LINGGAU BARAT I, KOTA LUBUKLINGGAU, SUMATERA SELATAN",3,38,141,179
https://kawalpemilu.org#20698,"PELITA JAYA, LUBUK LINGGAU BARAT I, KOTA LUBUKLINGGAU, SUMATERA SELATAN",4,61,168,229
https://kawalpemilu.org#20698,"PELITA JAYA, LUBUK LINGGAU BARAT I, KOTA LUBUKLINGGAU, SUMATERA SELATAN",5,47,149,196
https://kawalpemilu.org#20698,"PELITA JAYA, LUBUK LINGGAU BARAT I, KOTA LUBUKLINGGAU, SUMATERA SELATAN",6,52,175,227
https://kawalpemilu.org#20698,"PELITA JAYA, LUBUK LINGGAU BARAT I, KOTA LUBUKLINGGAU, SUMATERA SELATAN",7,49,174,223
https://kawalpemilu.org#20700,"LUBUK KUPANG, LUBUK LINGGAU SELATAN I, KOTA LUBUKLINGGAU, SUMATERA SELATAN",1,40,206,246
https://kawalpemilu.org#20700,"LUBUK KUPANG, LUBUK LINGGAU SELATAN I, KOTA LUBUKLINGGAU, SUMATERA SELATAN",2,26,192,218
https://kawalpemilu.org#20700,"LUBUK KUPANG, LUBUK LINGGAU SELATAN I, KOTA LUBUKLINGGAU, SUMATERA SELATAN",3,34,207,241
https://kawalpemilu.org#20700,"LUBUK KUPANG, LUBUK LINGGAU SELATAN I, KOTA LUBUKLINGGAU, SUMATERA SELATAN",4,28,200,228
https://kawalpemilu.org#20700,"LUBUK KUPANG, LUBUK LINGGAU SELATAN I, KOTA LUBUKLINGGAU, SUMATERA SELATAN",5,111,159,270
https://kawalpemilu.org#20700,"LUBUK KUPANG, LUBUK LINGGAU SELATAN I, KOTA LUBUKLINGGAU, SUMATERA SELATAN",6,107,148,255
https://kawalpemilu.org#20700,"LUBUK KUPANG, LUBUK LINGGAU SELATAN I, KOTA LUBUKLINGGAU, SUMATERA SELATAN",7,93,176,269
https://kawalpemilu.org#20700,"LUBUK KUPANG, LUBUK LINGGAU SELATAN I, KOTA LUBUKLINGGAU, SUMATERA SELATAN",8,97,144,241
https://kawalpemilu.org#20700,"LUBUK KUPANG, LUBUK LINGGAU SELATAN I, KOTA LUBUKLINGGAU, SUMATERA SELATAN",9,57,164,221
https://kawalpemilu.org#20700,"LUBUK KUPANG, LUBUK LINGGAU SELATAN I, KOTA LUBUKLINGGAU, SUMATERA SELATAN",10,56,195,251
https://kawalpemilu.org#20701,"RAHMAH, LUBUK LINGGAU SELATAN I, KOTA LUBUKLINGGAU, SUMATERA SELATAN",1,42,206,248
https://kawalpemilu.org#20701,"RAHMAH, LUBUK LINGGAU SELATAN I, KOTA LUBUKLINGGAU, SUMATERA SELATAN",2,50,164,214
https://kawalpemilu.org#20701,"RAHMAH, LUBUK LINGGAU SELATAN I, KOTA LUBUKLINGGAU, SUMATERA SELATAN",3,77,161,238
https://kawalpemilu.org#20701,"RAHMAH, LUBUK LINGGAU SELATAN I, KOTA LUBUKLINGGAU, SUMATERA SELATAN",4,74,165,239
https://kawalpemilu.org#20701,"RAHMAH, LUBUK LINGGAU SELATAN I, KOTA LUBUKLINGGAU, SUMATERA SELATAN",5,81,152,233
https://kawalpemilu.org#20701,"RAHMAH, LUBUK LINGGAU SELATAN I, KOTA LUBUKLINGGAU, SUMATERA SELATAN",6,56,179,235
https://kawalpemilu.org#20701,"RAHMAH, LUBUK LINGGAU SELATAN I, KOTA LUBUKLINGGAU, SUMATERA SELATAN",7,59,181,240
https://kawalpemilu.org#20701,"RAHMAH, LUBUK LINGGAU SELATAN I, KOTA LUBUKLINGGAU, SUMATERA SELATAN",8,70,168,238
https://kawalpemilu.org#20702,"JUKUNG, LUBUK LINGGAU SELATAN I, KOTA LUBUKLINGGAU, SUMATERA SELATAN",1,31,209,240
https://kawalpemilu.org#20702,"JUKUNG, LUBUK LINGGAU SELATAN I, KOTA LUBUKLINGGAU, SUMATERA SELATAN",2,28,189,217
https://kawalpemilu.org#20702,"JUKUNG, LUBUK LINGGAU SELATAN I, KOTA LUBUKLINGGAU, SUMATERA SELATAN",3,19,132,151
https://kawalpemilu.org#20702,"JUKUNG, LUBUK LINGGAU SELATAN I, KOTA LUBUKLINGGAU, SUMATERA SELATAN",4,38,67,105
https://kawalpemilu.org#20702,"JUKUNG, LUBUK LINGGAU SELATAN I, KOTA LUBUKLINGGAU, SUMATERA SELATAN",5,28,189,217
https://kawalpemilu.org#20702,"JUKUNG, LUBUK LINGGAU SELATAN I, KOTA LUBUKLINGGAU, SUMATERA SELATAN",6,16,202,218
https://kawalpemilu.org#20702,"JUKUNG, LUBUK LINGGAU SELATAN I, KOTA LUBUKLINGGAU, SUMATERA SELATAN",7,28,101,129
https://kawalpemilu.org#20703,"AIR KATI, LUBUK LINGGAU SELATAN I, KOTA LUBUKLINGGAU, SUMATERA SELATAN",1,43,183,226
https://kawalpemilu.org#20703,"AIR KATI, LUBUK LINGGAU SELATAN I, KOTA LUBUKLINGGAU, SUMATERA SELATAN",2,55,159,214
https://kawalpemilu.org#20703,"AIR KATI, LUBUK LINGGAU SELATAN I, KOTA LUBUKLINGGAU, SUMATERA SELATAN",3,45,205,250
https://kawalpemilu.org#20703,"AIR KATI, LUBUK LINGGAU SELATAN I, KOTA LUBUKLINGGAU, SUMATERA SELATAN",4,46,168,213
https://kawalpemilu.org#20703,"AIR KATI, LUBUK LINGGAU SELATAN I, KOTA LUBUKLINGGAU, SUMATERA SELATAN",5,38,166,219
https://kawalpemilu.org#20704,"AIR TEMAM, LUBUK LINGGAU SELATAN I, KOTA LUBUKLINGGAU, SUMATERA SELATAN",1,107,153,260
https://kawalpemilu.org#20704,"AIR TEMAM, LUBUK LINGGAU SELATAN I, KOTA LUBUKLINGGAU, SUMATERA SELATAN",2,95,158,253
https://kawalpemilu.org#20704,"AIR TEMAM, LUBUK LINGGAU SELATAN I, KOTA LUBUKLINGGAU, SUMATERA SELATAN",3,74,218,292
https://kawalpemilu.org#20704,"AIR TEMAM, LUBUK LINGGAU SELATAN I, KOTA LUBUKLINGGAU, SUMATERA SELATAN",4,151,124,275
https://kawalpemilu.org#20704,"AIR TEMAM, LUBUK LINGGAU SELATAN I, KOTA LUBUKLINGGAU, SUMATERA SELATAN",5,131,131,262
https://kawalpemilu.org#20704,"AIR TEMAM, LUBUK LINGGAU SELATAN I, KOTA LUBUKLINGGAU, SUMATERA SELATAN",6,33,150,183
https://kawalpemilu.org#20705,"PERUMNAS RAHMAH, LUBUK LINGGAU SELATAN I, KOTA LUBUKLINGGAU, SUMATERA SELATAN",1,81,150,231
https://kawalpemilu.org#20705,"PERUMNAS RAHMAH, LUBUK LINGGAU SELATAN I, KOTA LUBUKLINGGAU, SUMATERA SELATAN",2,76,148,224
https://kawalpemilu.org#20705,"PERUMNAS RAHMAH, LUBUK LINGGAU SELATAN I, KOTA LUBUKLINGGAU, SUMATERA SELATAN",3,62,92,154
https://kawalpemilu.org#20706,"LUBUK BINJAI, LUBUK LINGGAU SELATAN I, KOTA LUBUKLINGGAU, SUMATERA SELATAN",1,9,169,178
https://kawalpemilu.org#20706,"LUBUK BINJAI, LUBUK LINGGAU SELATAN I, KOTA LUBUKLINGGAU, SUMATERA SELATAN",2,27,160,187
https://kawalpemilu.org#20706,"LUBUK BINJAI, LUBUK LINGGAU SELATAN I, KOTA LUBUKLINGGAU, SUMATERA SELATAN",3,20,190,210
https://kawalpemilu.org#20706,"LUBUK BINJAI, LUBUK LINGGAU SELATAN I, KOTA LUBUKLINGGAU, SUMATERA SELATAN",4,56,141,197
https://kawalpemilu.org#20708,"DURIAN RAMPAK, LUBUK LINGGAU UTARA I, KOTA LUBUKLINGGAU, SUMATERA SELATAN",1,69,148,217
https://kawalpemilu.org#20708,"DURIAN RAMPAK, LUBUK LINGGAU UTARA I, KOTA LUBUKLINGGAU, SUMATERA SELATAN",2,30,161,191
https://kawalpemilu.org#20708,"DURIAN RAMPAK, LUBUK LINGGAU UTARA I, KOTA LUBUKLINGGAU, SUMATERA SELATAN",3,47,176,223
https://kawalpemilu.org#20708,"DURIAN RAMPAK, LUBUK LINGGAU UTARA I, KOTA LUBUKLINGGAU, SUMATERA SELATAN",4,37,170,207
https://kawalpemilu.org#20709,"TANJUNG RAYA, LUBUK LINGGAU UTARA I, KOTA LUBUKLINGGAU, SUMATERA SELATAN",1,56,195,251
https://kawalpemilu.org#20709,"TANJUNG RAYA, LUBUK LINGGAU UTARA I, KOTA LUBUKLINGGAU, SUMATERA SELATAN",2,69,168,237
https://kawalpemilu.org#20709,"TANJUNG RAYA, LUBUK LINGGAU UTARA I, KOTA LUBUKLINGGAU, SUMATERA SELATAN",3,63,184,247
https://kawalpemilu.org#20709,"TANJUNG RAYA, LUBUK LINGGAU UTARA I, KOTA LUBUKLINGGAU, SUMATERA SELATAN",4,60,175,235
https://kawalpemilu.org#20710,"SUMBER AGUNG, LUBUK LINGGAU UTARA I, KOTA LUBUKLINGGAU, SUMATERA SELATAN",1,82,160,242
https://kawalpemilu.org#20710,"SUMBER AGUNG, LUBUK LINGGAU UTARA I, KOTA LUBUKLINGGAU, SUMATERA SELATAN",2,137,123,260
https://kawalpemilu.org#20710,"SUMBER AGUNG, LUBUK LINGGAU UTARA I, KOTA LUBUKLINGGAU, SUMATERA SELATAN",3,133,122,255
https://kawalpemilu.org#20710,"SUMBER AGUNG, LUBUK LINGGAU UTARA I, KOTA LUBUKLINGGAU, SUMATERA SELATAN",4,91,149,240
https://kawalpemilu.org#20710,"SUMBER AGUNG, LUBUK LINGGAU UTARA I, KOTA LUBUKLINGGAU, SUMATERA SELATAN",5,36,102,138
https://kawalpemilu.org#20710,"SUMBER AGUNG, LUBUK LINGGAU UTARA I, KOTA LUBUKLINGGAU, SUMATERA SELATAN",6,72,148,220
https://kawalpemilu.org#20710,"SUMBER AGUNG, LUBUK LINGGAU UTARA I, KOTA LUBUKLINGGAU, SUMATERA SELATAN",7,95,108,203
https://kawalpemilu.org#20711,"MARGA BAKTI, LUBUK LINGGAU UTARA I, KOTA LUBUKLINGGAU, SUMATERA SELATAN",1,23,183,206
https://kawalpemilu.org#20711,"MARGA BAKTI, LUBUK LINGGAU UTARA I, KOTA LUBUKLINGGAU, SUMATERA SELATAN",2,17,163,180
https://kawalpemilu.org#20711,"MARGA BAKTI, LUBUK LINGGAU UTARA I, KOTA LUBUKLINGGAU, SUMATERA SELATAN",3,41,162,203
https://kawalpemilu.org#20711,"MARGA BAKTI, LUBUK LINGGAU UTARA I, KOTA LUBUKLINGGAU, SUMATERA SELATAN",4,48,144,192
https://kawalpemilu.org#20711,"MARGA BAKTI, LUBUK LINGGAU UTARA I, KOTA LUBUKLINGGAU, SUMATERA SELATAN",5,54,136,190
https://kawalpemilu.org#20712,"BELALAU I, LUBUK LINGGAU UTARA I, KOTA LUBUKLINGGAU, SUMATERA SELATAN",1,77,162,239
https://kawalpemilu.org#20712,"BELALAU I, LUBUK LINGGAU UTARA I, KOTA LUBUKLINGGAU, SUMATERA SELATAN",2,46,143,189
https://kawalpemilu.org#20712,"BELALAU I, LUBUK LINGGAU UTARA I, KOTA LUBUKLINGGAU, SUMATERA SELATAN",3,57,167,224
https://kawalpemilu.org#20712,"BELALAU I, LUBUK LINGGAU UTARA I, KOTA LUBUKLINGGAU, SUMATERA SELATAN",4,30,167,197
https://kawalpemilu.org#20713,"BELALAU II, LUBUK LINGGAU UTARA I, KOTA LUBUKLINGGAU, SUMATERA SELATAN",1,41,93,134
https://kawalpemilu.org#20713,"BELALAU II, LUBUK LINGGAU UTARA I, KOTA LUBUKLINGGAU, SUMATERA SELATAN",2,53,132,185
https://kawalpemilu.org#20714,"TABA BARU, LUBUK LINGGAU UTARA I, KOTA LUBUKLINGGAU, SUMATERA SELATAN",1,54,170,224
https://kawalpemilu.org#20714,"TABA BARU, LUBUK LINGGAU UTARA I, KOTA LUBUKLINGGAU, SUMATERA SELATAN",2,48,205,253
https://kawalpemilu.org#20714,"TABA BARU, LUBUK LINGGAU UTARA I, KOTA LUBUKLINGGAU, SUMATERA SELATAN",3,69,149,218
https://kawalpemilu.org#20714,"TABA BARU, LUBUK LINGGAU UTARA I, KOTA LUBUKLINGGAU, SUMATERA SELATAN",4,37,153,190
https://kawalpemilu.org#20714,"TABA BARU, LUBUK LINGGAU UTARA I, KOTA LUBUKLINGGAU, SUMATERA SELATAN",5,48,170,218
https://kawalpemilu.org#20715,"MARGOREJO, LUBUK LINGGAU UTARA I, KOTA LUBUKLINGGAU, SUMATERA SELATAN",1,60,180,240
https://kawalpemilu.org#20715,"MARGOREJO, LUBUK LINGGAU UTARA I, KOTA LUBUKLINGGAU, SUMATERA SELATAN",3,61,187,248
https://kawalpemilu.org#20716,"PETANANG ULU, LUBUK LINGGAU UTARA I, KOTA LUBUKLINGGAU, SUMATERA SELATAN",1,85,190,275
https://kawalpemilu.org#20716,"PETANANG ULU, LUBUK LINGGAU UTARA I, KOTA LUBUKLINGGAU, SUMATERA SELATAN",2,75,117,192
https://kawalpemilu.org#20716,"PETANANG ULU, LUBUK LINGGAU UTARA I, KOTA LUBUKLINGGAU, SUMATERA SELATAN",3,53,99,152
https://kawalpemilu.org#20716,"PETANANG ULU, LUBUK LINGGAU UTARA I, KOTA LUBUKLINGGAU, SUMATERA SELATAN",4,35,136,171
https://kawalpemilu.org#20716,"PETANANG ULU, LUBUK LINGGAU UTARA I, KOTA LUBUKLINGGAU, SUMATERA SELATAN",5,79,163,242
https://kawalpemilu.org#20716,"PETANANG ULU, LUBUK LINGGAU UTARA I, KOTA LUBUKLINGGAU, SUMATERA SELATAN",6,77,147,224
https://kawalpemilu.org#20716,"PETANANG ULU, LUBUK LINGGAU UTARA I, KOTA LUBUKLINGGAU, SUMATERA SELATAN",7,103,107,210
https://kawalpemilu.org#20716,"PETANANG ULU, LUBUK LINGGAU UTARA I, KOTA LUBUKLINGGAU, SUMATERA SELATAN",8,44,124,168
https://kawalpemilu.org#20717,"PETANANG ILIR, LUBUK LINGGAU UTARA I, KOTA LUBUKLINGGAU, SUMATERA SELATAN",1,53,219,272
https://kawalpemilu.org#20717,"PETANANG ILIR, LUBUK LINGGAU UTARA I, KOTA LUBUKLINGGAU, SUMATERA SELATAN",2,52,204,256
https://kawalpemilu.org#20717,"PETANANG ILIR, LUBUK LINGGAU UTARA I, KOTA LUBUKLINGGAU, SUMATERA SELATAN",3,78,196,274
https://kawalpemilu.org#20717,"PETANANG ILIR, LUBUK LINGGAU UTARA I, KOTA LUBUKLINGGAU, SUMATERA SELATAN",4,33,190,223
https://kawalpemilu.org#20717,"PETANANG ILIR, LUBUK LINGGAU UTARA I, KOTA LUBUKLINGGAU, SUMATERA SELATAN",6,121,165,286
https://kawalpemilu.org#20719,"JAWA KANAN, LUBUK LINGGAU TIMUR II, KOTA LUBUKLINGGAU, SUMATERA SELATAN",1,159,107,266
https://kawalpemilu.org#20719,"JAWA KANAN, LUBUK LINGGAU TIMUR II, KOTA LUBUKLINGGAU, SUMATERA SELATAN",2,142,97,239
https://kawalpemilu.org#20719,"JAWA KANAN, LUBUK LINGGAU TIMUR II, KOTA LUBUKLINGGAU, SUMATERA SELATAN",3,146,94,240
https://kawalpemilu.org#20720,"JAWA KANAN SS, LUBUK LINGGAU TIMUR II, KOTA LUBUKLINGGAU, SUMATERA SELATAN",1,138,94,232
https://kawalpemilu.org#20720,"JAWA KANAN SS, LUBUK LINGGAU TIMUR II, KOTA LUBUKLINGGAU, SUMATERA SELATAN",2,122,112,234
https://kawalpemilu.org#20720,"JAWA KANAN SS, LUBUK LINGGAU TIMUR II, KOTA LUBUKLINGGAU, SUMATERA SELATAN",3,111,117,228
https://kawalpemilu.org#20720,"JAWA KANAN SS, LUBUK LINGGAU TIMUR II, KOTA LUBUKLINGGAU, SUMATERA SELATAN",4,114,144,258
https://kawalpemilu.org#20720,"JAWA KANAN SS, LUBUK LINGGAU TIMUR II, KOTA LUBUKLINGGAU, SUMATERA SELATAN",5,104,129,233
https://kawalpemilu.org#20720,"JAWA KANAN SS, LUBUK LINGGAU TIMUR II, KOTA LUBUKLINGGAU, SUMATERA SELATAN",6,123,145,268
https://kawalpemilu.org#20720,"JAWA KANAN SS, LUBUK LINGGAU TIMUR II, KOTA LUBUKLINGGAU, SUMATERA SELATAN",7,52,141,193
https://kawalpemilu.org#20720,"JAWA KANAN SS, LUBUK LINGGAU TIMUR II, KOTA LUBUKLINGGAU, SUMATERA SELATAN",8,76,168,244
https://kawalpemilu.org#20720,"JAWA KANAN SS, LUBUK LINGGAU TIMUR II, KOTA LUBUKLINGGAU, SUMATERA SELATAN",10,75,160,235
https://kawalpemilu.org#20720,"JAWA KANAN SS, LUBUK LINGGAU TIMUR II, KOTA LUBUKLINGGAU, SUMATERA SELATAN",11,109,127,236
https://kawalpemilu.org#20720,"JAWA KANAN SS, LUBUK LINGGAU TIMUR II, KOTA LUBUKLINGGAU, SUMATERA SELATAN",12,92,115,207
https://kawalpemilu.org#20721,"WIRA KARYA, LUBUK LINGGAU TIMUR II, KOTA LUBUKLINGGAU, SUMATERA SELATAN",1,148,100,248
https://kawalpemilu.org#20721,"WIRA KARYA, LUBUK LINGGAU TIMUR II, KOTA LUBUKLINGGAU, SUMATERA SELATAN",2,108,133,241
https://kawalpemilu.org#20721,"WIRA KARYA, LUBUK LINGGAU TIMUR II, KOTA LUBUKLINGGAU, SUMATERA SELATAN",3,119,124,243
https://kawalpemilu.org#20721,"WIRA KARYA, LUBUK LINGGAU TIMUR II, KOTA LUBUKLINGGAU, SUMATERA SELATAN",4,152,55,207
https://kawalpemilu.org#20721,"WIRA KARYA, LUBUK LINGGAU TIMUR II, KOTA LUBUKLINGGAU, SUMATERA SELATAN",5,95,72,167
https://kawalpemilu.org#20721,"WIRA KARYA, LUBUK LINGGAU TIMUR II, KOTA LUBUKLINGGAU, SUMATERA SELATAN",6,121,72,193
https://kawalpemilu.org#20721,"WIRA KARYA, LUBUK LINGGAU TIMUR II, KOTA LUBUKLINGGAU, SUMATERA SELATAN",7,85,136,221
https://kawalpemilu.org#20721,"WIRA KARYA, LUBUK LINGGAU TIMUR II, KOTA LUBUKLINGGAU, SUMATERA SELATAN",8,89,102,191
https://kawalpemilu.org#20721,"WIRA KARYA, LUBUK LINGGAU TIMUR II, KOTA LUBUKLINGGAU, SUMATERA SELATAN",9,103,79,182
https://kawalpemilu.org#20722,"DEMPO, LUBUK LINGGAU TIMUR II, KOTA LUBUKLINGGAU, SUMATERA SELATAN",1,92,148,240
https://kawalpemilu.org#20722,"DEMPO, LUBUK LINGGAU TIMUR II, KOTA LUBUKLINGGAU, SUMATERA SELATAN",2,74,124,198
https://kawalpemilu.org#20722,"DEMPO, LUBUK LINGGAU TIMUR II, KOTA LUBUKLINGGAU, SUMATERA SELATAN",3,92,119,211
https://kawalpemilu.org#20722,"DEMPO, LUBUK LINGGAU TIMUR II, KOTA LUBUKLINGGAU, SUMATERA SELATAN",4,71,158,229
https://kawalpemilu.org#20722,"DEMPO, LUBUK LINGGAU TIMUR II, KOTA LUBUKLINGGAU, SUMATERA SELATAN",5,160,57,217
https://kawalpemilu.org#20722,"DEMPO, LUBUK LINGGAU TIMUR II, KOTA LUBUKLINGGAU, SUMATERA SELATAN",6,74,151,225
https://kawalpemilu.org#20723,"JAWA KIRI, LUBUK LINGGAU TIMUR II, KOTA LUBUKLINGGAU, SUMATERA SELATAN",1,136,100,236
https://kawalpemilu.org#20723,"JAWA KIRI, LUBUK LINGGAU TIMUR II, KOTA LUBUKLINGGAU, SUMATERA SELATAN",3,92,133,225
https://kawalpemilu.org#20723,"JAWA KIRI, LUBUK LINGGAU TIMUR II, KOTA LUBUKLINGGAU, SUMATERA SELATAN",4,91,113,204
https://kawalpemilu.org#20723,"JAWA KIRI, LUBUK LINGGAU TIMUR II, KOTA LUBUKLINGGAU, SUMATERA SELATAN",5,67,108,175
https://kawalpemilu.org#20723,"JAWA KIRI, LUBUK LINGGAU TIMUR II, KOTA LUBUKLINGGAU, SUMATERA SELATAN",6,44,158,202
https://kawalpemilu.org#20723,"JAWA KIRI, LUBUK LINGGAU TIMUR II, KOTA LUBUKLINGGAU, SUMATERA SELATAN",7,60,109,169
https://kawalpemilu.org#20724,"KARYA BAKTI, LUBUK LINGGAU TIMUR II, KOTA LUBUKLINGGAU, SUMATERA SELATAN",1,107,130,237
https://kawalpemilu.org#20724,"KARYA BAKTI, LUBUK LINGGAU TIMUR II, KOTA LUBUKLINGGAU, SUMATERA SELATAN",2,127,149,276
https://kawalpemilu.org#20724,"KARYA BAKTI, LUBUK LINGGAU TIMUR II, KOTA LUBUKLINGGAU, SUMATERA SELATAN",3,122,127,249
https://kawalpemilu.org#20724,"KARYA BAKTI, LUBUK LINGGAU TIMUR II, KOTA LUBUKLINGGAU, SUMATERA SELATAN",4,96,123,219
https://kawalpemilu.org#20724,"KARYA BAKTI, LUBUK LINGGAU TIMUR II, KOTA LUBUKLINGGAU, SUMATERA SELATAN",5,88,156,244
https://kawalpemilu.org#20724,"KARYA BAKTI, LUBUK LINGGAU TIMUR II, KOTA LUBUKLINGGAU, SUMATERA SELATAN",6,67,178,245
https://kawalpemilu.org#20724,"KARYA BAKTI, LUBUK LINGGAU TIMUR II, KOTA LUBUKLINGGAU, SUMATERA SELATAN",8,112,128,240
https://kawalpemilu.org#20724,"KARYA BAKTI, LUBUK LINGGAU TIMUR II, KOTA LUBUKLINGGAU, SUMATERA SELATAN",9,122,118,240
https://kawalpemilu.org#20724,"KARYA BAKTI, LUBUK LINGGAU TIMUR II, KOTA LUBUKLINGGAU, SUMATERA SELATAN",10,136,116,252
https://kawalpemilu.org#20724,"KARYA BAKTI, LUBUK LINGGAU TIMUR II, KOTA LUBUKLINGGAU, SUMATERA SELATAN",11,133,115,248
https://kawalpemilu.org#20725,"MESAT JAYA, LUBUK LINGGAU TIMUR II, KOTA LUBUKLINGGAU, SUMATERA SELATAN",1,121,100,221
https://kawalpemilu.org#20725,"MESAT JAYA, LUBUK LINGGAU TIMUR II, KOTA LUBUKLINGGAU, SUMATERA SELATAN",2,90,121,211
https://kawalpemilu.org#20725,"MESAT JAYA, LUBUK LINGGAU TIMUR II, KOTA LUBUKLINGGAU, SUMATERA SELATAN",3,102,109,211
https://kawalpemilu.org#20725,"MESAT JAYA, LUBUK LINGGAU TIMUR II, KOTA LUBUKLINGGAU, SUMATERA SELATAN",4,59,153,212
https://kawalpemilu.org#20725,"MESAT JAYA, LUBUK LINGGAU TIMUR II, KOTA LUBUKLINGGAU, SUMATERA SELATAN",5,51,187,238
https://kawalpemilu.org#20725,"MESAT JAYA, LUBUK LINGGAU TIMUR II, KOTA LUBUKLINGGAU, SUMATERA SELATAN",6,57,173,230
https://kawalpemilu.org#20725,"MESAT JAYA, LUBUK LINGGAU TIMUR II, KOTA LUBUKLINGGAU, SUMATERA SELATAN",7,61,130,191
https://kawalpemilu.org#20725,"MESAT JAYA, LUBUK LINGGAU TIMUR II, KOTA LUBUKLINGGAU, SUMATERA SELATAN",8,71,188,259
https://kawalpemilu.org#20725,"MESAT JAYA, LUBUK LINGGAU TIMUR II, KOTA LUBUKLINGGAU, SUMATERA SELATAN",9,90,106,196
https://kawalpemilu.org#20725,"MESAT JAYA, LUBUK LINGGAU TIMUR II, KOTA LUBUKLINGGAU, SUMATERA SELATAN",10,41,153,194
https://kawalpemilu.org#20725,"MESAT JAYA, LUBUK LINGGAU TIMUR II, KOTA LUBUKLINGGAU, SUMATERA SELATAN",11,54,119,173
https://kawalpemilu.org#20725,"MESAT JAYA, LUBUK LINGGAU TIMUR II, KOTA LUBUKLINGGAU, SUMATERA SELATAN",12,44,115,159
https://kawalpemilu.org#20725,"MESAT JAYA, LUBUK LINGGAU TIMUR II, KOTA LUBUKLINGGAU, SUMATERA SELATAN",13,56,102,158
https://kawalpemilu.org#20726,"MESAT SENI, LUBUK LINGGAU TIMUR II, KOTA LUBUKLINGGAU, SUMATERA SELATAN",1,86,141,227
https://kawalpemilu.org#20726,"MESAT SENI, LUBUK LINGGAU TIMUR II, KOTA LUBUKLINGGAU, SUMATERA SELATAN",2,65,170,235
https://kawalpemilu.org#20726,"MESAT SENI, LUBUK LINGGAU TIMUR II, KOTA LUBUKLINGGAU, SUMATERA SELATAN",3,44,125,169
https://kawalpemilu.org#20726,"MESAT SENI, LUBUK LINGGAU TIMUR II, KOTA LUBUKLINGGAU, SUMATERA SELATAN",4,50,155,205
https://kawalpemilu.org#20726,"MESAT SENI, LUBUK LINGGAU TIMUR II, KOTA LUBUKLINGGAU, SUMATERA SELATAN",5,48,148,196
https://kawalpemilu.org#20726,"MESAT SENI, LUBUK LINGGAU TIMUR II, KOTA LUBUKLINGGAU, SUMATERA SELATAN",6,47,124,171
https://kawalpemilu.org#20726,"MESAT SENI, LUBUK LINGGAU TIMUR II, KOTA LUBUKLINGGAU, SUMATERA SELATAN",7,54,142,196
https://kawalpemilu.org#20726,"MESAT SENI, LUBUK LINGGAU TIMUR II, KOTA LUBUKLINGGAU, SUMATERA SELATAN",8,49,168,217
https://kawalpemilu.org#20727,"CEREME TABA, LUBUK LINGGAU TIMUR II, KOTA LUBUKLINGGAU, SUMATERA SELATAN",1,71,153,224
https://kawalpemilu.org#20727,"CEREME TABA, LUBUK LINGGAU TIMUR II, KOTA LUBUKLINGGAU, SUMATERA SELATAN",2,69,145,214
https://kawalpemilu.org#20727,"CEREME TABA, LUBUK LINGGAU TIMUR II, KOTA LUBUKLINGGAU, SUMATERA SELATAN",4,74,142,216
https://kawalpemilu.org#20727,"CEREME TABA, LUBUK LINGGAU TIMUR II, KOTA LUBUKLINGGAU, SUMATERA SELATAN",5,121,111,232
https://kawalpemilu.org#20727,"CEREME TABA, LUBUK LINGGAU TIMUR II, KOTA LUBUKLINGGAU, SUMATERA SELATAN",6,113,155,268
https://kawalpemilu.org#20727,"CEREME TABA, LUBUK LINGGAU TIMUR II, KOTA LUBUKLINGGAU, SUMATERA SELATAN",7,91,118,209
https://kawalpemilu.org#20727,"CEREME TABA, LUBUK LINGGAU TIMUR II, KOTA LUBUKLINGGAU, SUMATERA SELATAN",8,94,130,224
https://kawalpemilu.org#20727,"CEREME TABA, LUBUK LINGGAU TIMUR II, KOTA LUBUKLINGGAU, SUMATERA SELATAN",9,55,135,190
https://kawalpemilu.org#20727,"CEREME TABA, LUBUK LINGGAU TIMUR II, KOTA LUBUKLINGGAU, SUMATERA SELATAN",10,78,163,241
https://kawalpemilu.org#20727,"CEREME TABA, LUBUK LINGGAU TIMUR II, KOTA LUBUKLINGGAU, SUMATERA SELATAN",11,71,120,191
https://kawalpemilu.org#20727,"CEREME TABA, LUBUK LINGGAU TIMUR II, KOTA LUBUKLINGGAU, SUMATERA SELATAN",12,84,136,220
https://kawalpemilu.org#20727,"CEREME TABA, LUBUK LINGGAU TIMUR II, KOTA LUBUKLINGGAU, SUMATERA SELATAN",13,67,138,205
https://kawalpemilu.org#20727,"CEREME TABA, LUBUK LINGGAU TIMUR II, KOTA LUBUKLINGGAU, SUMATERA SELATAN",14,120,124,244
https://kawalpemilu.org#20727,"CEREME TABA, LUBUK LINGGAU TIMUR II, KOTA LUBUKLINGGAU, SUMATERA SELATAN",15,66,144,210
https://kawalpemilu.org#20727,"CEREME TABA, LUBUK LINGGAU TIMUR II, KOTA LUBUKLINGGAU, SUMATERA SELATAN",16,75,154,229
https://kawalpemilu.org#20727,"CEREME TABA, LUBUK LINGGAU TIMUR II, KOTA LUBUKLINGGAU, SUMATERA SELATAN",17,81,145,226
https://kawalpemilu.org#20727,"CEREME TABA, LUBUK LINGGAU TIMUR II, KOTA LUBUKLINGGAU, SUMATERA SELATAN",18,70,148,218
https://kawalpemilu.org#20727,"CEREME TABA, LUBUK LINGGAU TIMUR II, KOTA LUBUKLINGGAU, SUMATERA SELATAN",19,71,140,211
https://kawalpemilu.org#20727,"CEREME TABA, LUBUK LINGGAU TIMUR II, KOTA LUBUKLINGGAU, SUMATERA SELATAN",20,114,101,215
https://kawalpemilu.org#20729,"SIDOREJO, LUBUK LINGGAU BARAT II, KOTA LUBUKLINGGAU, SUMATERA SELATAN",1,62,171,233
https://kawalpemilu.org#20729,"SIDOREJO, LUBUK LINGGAU BARAT II, KOTA LUBUKLINGGAU, SUMATERA SELATAN",2,63,171,234
https://kawalpemilu.org#20729,"SIDOREJO, LUBUK LINGGAU BARAT II, KOTA LUBUKLINGGAU, SUMATERA SELATAN",3,115,145,260
https://kawalpemilu.org#20729,"SIDOREJO, LUBUK LINGGAU BARAT II, KOTA LUBUKLINGGAU, SUMATERA SELATAN",4,102,135,237
https://kawalpemilu.org#20729,"SIDOREJO, LUBUK LINGGAU BARAT II, KOTA LUBUKLINGGAU, SUMATERA SELATAN",5,136,91,227
https://kawalpemilu.org#20729,"SIDOREJO, LUBUK LINGGAU BARAT II, KOTA LUBUKLINGGAU, SUMATERA SELATAN",6,80,158,238
https://kawalpemilu.org#20729,"SIDOREJO, LUBUK LINGGAU BARAT II, KOTA LUBUKLINGGAU, SUMATERA SELATAN",7,85,138,223
https://kawalpemilu.org#20729,"SIDOREJO, LUBUK LINGGAU BARAT II, KOTA LUBUKLINGGAU, SUMATERA SELATAN",8,91,170,261
https://kawalpemilu.org#20729,"SIDOREJO, LUBUK LINGGAU BARAT II, KOTA LUBUKLINGGAU, SUMATERA SELATAN",9,86,122,208
https://kawalpemilu.org#20729,"SIDOREJO, LUBUK LINGGAU BARAT II, KOTA LUBUKLINGGAU, SUMATERA SELATAN",10,60,161,221
https://kawalpemilu.org#20729,"SIDOREJO, LUBUK LINGGAU BARAT II, KOTA LUBUKLINGGAU, SUMATERA SELATAN",11,78,161,239
https://kawalpemilu.org#20730,"ULAK LEBAR, LUBUK LINGGAU BARAT II, KOTA LUBUKLINGGAU, SUMATERA SELATAN",1,107,122,229
https://kawalpemilu.org#20730,"ULAK LEBAR, LUBUK LINGGAU BARAT II, KOTA LUBUKLINGGAU, SUMATERA SELATAN",2,83,165,248
https://kawalpemilu.org#20730,"ULAK LEBAR, LUBUK LINGGAU BARAT II, KOTA LUBUKLINGGAU, SUMATERA SELATAN",3,115,139,254
https://kawalpemilu.org#20730,"ULAK LEBAR, LUBUK LINGGAU BARAT II, KOTA LUBUKLINGGAU, SUMATERA SELATAN",4,55,80,135
https://kawalpemilu.org#20730,"ULAK LEBAR, LUBUK LINGGAU BARAT II, KOTA LUBUKLINGGAU, SUMATERA SELATAN",5,83,150,233
https://kawalpemilu.org#20730,"ULAK LEBAR, LUBUK LINGGAU BARAT II, KOTA LUBUKLINGGAU, SUMATERA SELATAN",6,35,94,129
https://kawalpemilu.org#20730,"ULAK LEBAR, LUBUK LINGGAU BARAT II, KOTA LUBUKLINGGAU, SUMATERA SELATAN",7,75,167,242
https://kawalpemilu.org#20730,"ULAK LEBAR, LUBUK LINGGAU BARAT II, KOTA LUBUKLINGGAU, SUMATERA SELATAN",8,44,179,223
https://kawalpemilu.org#20730,"ULAK LEBAR, LUBUK LINGGAU BARAT II, KOTA LUBUKLINGGAU, SUMATERA SELATAN",9,56,174,230
https://kawalpemilu.org#20730,"ULAK LEBAR, LUBUK LINGGAU BARAT II, KOTA LUBUKLINGGAU, SUMATERA SELATAN",10,27,219,246
https://kawalpemilu.org#20730,"ULAK LEBAR, LUBUK LINGGAU BARAT II, KOTA LUBUKLINGGAU, SUMATERA SELATAN",11,71,111,182
https://kawalpemilu.org#20730,"ULAK LEBAR, LUBUK LINGGAU BARAT II, KOTA LUBUKLINGGAU, SUMATERA SELATAN",12,68,116,184
https://kawalpemilu.org#20730,"ULAK LEBAR, LUBUK LINGGAU BARAT II, KOTA LUBUKLINGGAU, SUMATERA SELATAN",13,11,67,78
https://kawalpemilu.org#20731,"TAPAK LEBAR, LUBUK LINGGAU BARAT II, KOTA LUBUKLINGGAU, SUMATERA SELATAN",1,83,126,209
https://kawalpemilu.org#20731,"TAPAK LEBAR, LUBUK LINGGAU BARAT II, KOTA LUBUKLINGGAU, SUMATERA SELATAN",2,90,155,245
https://kawalpemilu.org#20731,"TAPAK LEBAR, LUBUK LINGGAU BARAT II, KOTA LUBUKLINGGAU, SUMATERA SELATAN",3,87,123,210
https://kawalpemilu.org#20731,"TAPAK LEBAR, LUBUK LINGGAU BARAT II, KOTA LUBUKLINGGAU, SUMATERA SELATAN",4,32,116,148
https://kawalpemilu.org#20731,"TAPAK LEBAR, LUBUK LINGGAU BARAT II, KOTA LUBUKLINGGAU, SUMATERA SELATAN",5,88,103,191
https://kawalpemilu.org#20731,"TAPAK LEBAR, LUBUK LINGGAU BARAT II, KOTA LUBUKLINGGAU, SUMATERA SELATAN",6,69,153,222
https://kawalpemilu.org#20732,"BANDUNG KANAN, LUBUK LINGGAU BARAT II, KOTA LUBUKLINGGAU, SUMATERA SELATAN",1,81,117,198
https://kawalpemilu.org#20732,"BANDUNG KANAN, LUBUK LINGGAU BARAT II, KOTA LUBUKLINGGAU, SUMATERA SELATAN",2,78,123,201
https://kawalpemilu.org#20732,"BANDUNG KANAN, LUBUK LINGGAU BARAT II, KOTA LUBUKLINGGAU, SUMATERA SELATAN",3,60,150,210
https://kawalpemilu.org#20732,"BANDUNG KANAN, LUBUK LINGGAU BARAT II, KOTA LUBUKLINGGAU, SUMATERA SELATAN",4,54,72,126
https://kawalpemilu.org#20733,"KEPUTRAAN, LUBUK LINGGAU BARAT II, KOTA LUBUKLINGGAU, SUMATERA SELATAN",1,94,142,236
https://kawalpemilu.org#20733,"KEPUTRAAN, LUBUK LINGGAU BARAT II, KOTA LUBUKLINGGAU, SUMATERA SELATAN",2,78,162,240
https://kawalpemilu.org#20733,"KEPUTRAAN, LUBUK LINGGAU BARAT II, KOTA LUBUKLINGGAU, SUMATERA SELATAN",3,60,153,213
https://kawalpemilu.org#20733,"KEPUTRAAN, LUBUK LINGGAU BARAT II, KOTA LUBUKLINGGAU, SUMATERA SELATAN",4,74,159,232
https://kawalpemilu.org#20733,"KEPUTRAAN, LUBUK LINGGAU BARAT II, KOTA LUBUKLINGGAU, SUMATERA SELATAN",5,75,160,235
https://kawalpemilu.org#20733,"KEPUTRAAN, LUBUK LINGGAU BARAT II, KOTA LUBUKLINGGAU, SUMATERA SELATAN",8,61,142,203
https://kawalpemilu.org#20734,"LUBUKLINGGAU ILIR, LUBUK LINGGAU BARAT II, KOTA LUBUKLINGGAU, SUMATERA SELATAN",1,72,134,206
https://kawalpemilu.org#20734,"LUBUKLINGGAU ILIR, LUBUK LINGGAU BARAT II, KOTA LUBUKLINGGAU, SUMATERA SELATAN",2,60,153,213
https://kawalpemilu.org#20734,"LUBUKLINGGAU ILIR, LUBUK LINGGAU BARAT II, KOTA LUBUKLINGGAU, SUMATERA SELATAN",3,67,129,196
https://kawalpemilu.org#20734,"LUBUKLINGGAU ILIR, LUBUK LINGGAU BARAT II, KOTA LUBUKLINGGAU, SUMATERA SELATAN",4,63,118,181
https://kawalpemilu.org#20735,"LUBUKLINGGAU ULU, LUBUK LINGGAU BARAT II, KOTA LUBUKLINGGAU, SUMATERA SELATAN",1,57,151,208
https://kawalpemilu.org#20735,"LUBUKLINGGAU ULU, LUBUK LINGGAU BARAT II, KOTA LUBUKLINGGAU, SUMATERA SELATAN",2,84,135,219
https://kawalpemilu.org#20735,"LUBUKLINGGAU ULU, LUBUK LINGGAU BARAT II, KOTA LUBUKLINGGAU, SUMATERA SELATAN",3,57,166,223
https://kawalpemilu.org#20735,"LUBUKLINGGAU ULU, LUBUK LINGGAU BARAT II, KOTA LUBUKLINGGAU, SUMATERA SELATAN",4,58,174,232
https://kawalpemilu.org#20735,"LUBUKLINGGAU ULU, LUBUK LINGGAU BARAT II, KOTA LUBUKLINGGAU, SUMATERA SELATAN",5,58,165,223
https://kawalpemilu.org#20735,"LUBUKLINGGAU ULU, LUBUK LINGGAU BARAT II, KOTA LUBUKLINGGAU, SUMATERA SELATAN",6,80,150,232
https://kawalpemilu.org#20736,"PASAR PERMIRI, LUBUK LINGGAU BARAT II, KOTA LUBUKLINGGAU, SUMATERA SELATAN",1,77,154,231
https://kawalpemilu.org#20736,"PASAR PERMIRI, LUBUK LINGGAU BARAT II, KOTA LUBUKLINGGAU, SUMATERA SELATAN",2,75,171,246
https://kawalpemilu.org#20736,"PASAR PERMIRI, LUBUK LINGGAU BARAT II, KOTA LUBUKLINGGAU, SUMATERA SELATAN",3,54,169,223
https://kawalpemilu.org#20736,"PASAR PERMIRI, LUBUK LINGGAU BARAT II, KOTA LUBUKLINGGAU, SUMATERA SELATAN",4,51,166,217
https://kawalpemilu.org#20736,"PASAR PERMIRI, LUBUK LINGGAU BARAT II, KOTA LUBUKLINGGAU, SUMATERA SELATAN",5,103,113,216
https://kawalpemilu.org#20736,"PASAR PERMIRI, LUBUK LINGGAU BARAT II, KOTA LUBUKLINGGAU, SUMATERA SELATAN",6,131,72,203
https://kawalpemilu.org#20736,"PASAR PERMIRI, LUBUK LINGGAU BARAT II, KOTA LUBUKLINGGAU, SUMATERA SELATAN",7,82,94,176
https://kawalpemilu.org#20738,"TANAH PERIUK, LUBUK LINGGAU SELATAN II, KOTA LUBUKLINGGAU, SUMATERA SELATAN",1,102,130,232
https://kawalpemilu.org#20738,"TANAH PERIUK, LUBUK LINGGAU SELATAN II, KOTA LUBUKLINGGAU, SUMATERA SELATAN",2,124,126,250
https://kawalpemilu.org#20738,"TANAH PERIUK, LUBUK LINGGAU SELATAN II, KOTA LUBUKLINGGAU, SUMATERA SELATAN",3,105,132,237
https://kawalpemilu.org#20738,"TANAH PERIUK, LUBUK LINGGAU SELATAN II, KOTA LUBUKLINGGAU, SUMATERA SELATAN",4,83,134,217
https://kawalpemilu.org#20738,"TANAH PERIUK, LUBUK LINGGAU SELATAN II, KOTA LUBUKLINGGAU, SUMATERA SELATAN",5,86,143,229
https://kawalpemilu.org#20738,"TANAH PERIUK, LUBUK LINGGAU SELATAN II, KOTA LUBUKLINGGAU, SUMATERA SELATAN",6,120,122,242
https://kawalpemilu.org#20738,"TANAH PERIUK, LUBUK LINGGAU SELATAN II, KOTA LUBUKLINGGAU, SUMATERA SELATAN",7,116,105,221
https://kawalpemilu.org#20738,"TANAH PERIUK, LUBUK LINGGAU SELATAN II, KOTA LUBUKLINGGAU, SUMATERA SELATAN",8,89,144,232
https://kawalpemilu.org#20738,"TANAH PERIUK, LUBUK LINGGAU SELATAN II, KOTA LUBUKLINGGAU, SUMATERA SELATAN",9,81,154,235
https://kawalpemilu.org#20738,"TANAH PERIUK, LUBUK LINGGAU SELATAN II, KOTA LUBUKLINGGAU, SUMATERA SELATAN",10,64,158,222
https://kawalpemilu.org#20738,"TANAH PERIUK, LUBUK LINGGAU SELATAN II, KOTA LUBUKLINGGAU, SUMATERA SELATAN",12,52,176,228
https://kawalpemilu.org#20739,"SIMPANG PERIUK, LUBUK LINGGAU SELATAN II, KOTA LUBUKLINGGAU, SUMATERA SELATAN",1,60,157,217
https://kawalpemilu.org#20739,"SIMPANG PERIUK, LUBUK LINGGAU SELATAN II, KOTA LUBUKLINGGAU, SUMATERA SELATAN",2,80,136,216
https://kawalpemilu.org#20739,"SIMPANG PERIUK, LUBUK LINGGAU SELATAN II, KOTA LUBUKLINGGAU, SUMATERA SELATAN",3,61,194,255
https://kawalpemilu.org#20739,"SIMPANG PERIUK, LUBUK LINGGAU SELATAN II, KOTA LUBUKLINGGAU, SUMATERA SELATAN",4,73,144,217
https://kawalpemilu.org#20739,"SIMPANG PERIUK, LUBUK LINGGAU SELATAN II, KOTA LUBUKLINGGAU, SUMATERA SELATAN",5,64,158,222
https://kawalpemilu.org#20739,"SIMPANG PERIUK, LUBUK LINGGAU SELATAN II, KOTA LUBUKLINGGAU, SUMATERA SELATAN",6,48,166,214
https://kawalpemilu.org#20739,"SIMPANG PERIUK, LUBUK LINGGAU SELATAN II, KOTA LUBUKLINGGAU, SUMATERA SELATAN",7,95,172,267
https://kawalpemilu.org#20739,"SIMPANG PERIUK, LUBUK LINGGAU SELATAN II, KOTA LUBUKLINGGAU, SUMATERA SELATAN",8,71,167,238
https://kawalpemilu.org#20739,"SIMPANG PERIUK, LUBUK LINGGAU SELATAN II, KOTA LUBUKLINGGAU, SUMATERA SELATAN",9,47,229,276
https://kawalpemilu.org#20740,"KARANG KETUAN, LUBUK LINGGAU SELATAN II, KOTA LUBUKLINGGAU, SUMATERA SELATAN",1,66,155,221
https://kawalpemilu.org#20740,"KARANG KETUAN, LUBUK LINGGAU SELATAN II, KOTA LUBUKLINGGAU, SUMATERA SELATAN",2,56,158,214
https://kawalpemilu.org#20740,"KARANG KETUAN, LUBUK LINGGAU SELATAN II, KOTA LUBUKLINGGAU, SUMATERA SELATAN",3,72,119,191
https://kawalpemilu.org#20740,"KARANG KETUAN, LUBUK LINGGAU SELATAN II, KOTA LUBUKLINGGAU, SUMATERA SELATAN",4,64,149,213
https://kawalpemilu.org#20740,"KARANG KETUAN, LUBUK LINGGAU SELATAN II, KOTA LUBUKLINGGAU, SUMATERA SELATAN",5,87,131,218
https://kawalpemilu.org#20741,"SIRING AGUNG, LUBUK LINGGAU SELATAN II, KOTA LUBUKLINGGAU, SUMATERA SELATAN",1,32,211,243
https://kawalpemilu.org#20741,"SIRING AGUNG, LUBUK LINGGAU SELATAN II, KOTA LUBUKLINGGAU, SUMATERA SELATAN",2,26,208,234
https://kawalpemilu.org#20741,"SIRING AGUNG, LUBUK LINGGAU SELATAN II, KOTA LUBUKLINGGAU, SUMATERA SELATAN",3,29,222,251
https://kawalpemilu.org#20741,"SIRING AGUNG, LUBUK LINGGAU SELATAN II, KOTA LUBUKLINGGAU, SUMATERA SELATAN",4,38,214,252
https://kawalpemilu.org#20741,"SIRING AGUNG, LUBUK LINGGAU SELATAN II, KOTA LUBUKLINGGAU, SUMATERA SELATAN",5,45,187,232
https://kawalpemilu.org#20741,"SIRING AGUNG, LUBUK LINGGAU SELATAN II, KOTA LUBUKLINGGAU, SUMATERA SELATAN",6,35,201,236
https://kawalpemilu.org#20741,"SIRING AGUNG, LUBUK LINGGAU SELATAN II, KOTA LUBUKLINGGAU, SUMATERA SELATAN",7,25,172,197
https://kawalpemilu.org#20741,"SIRING AGUNG, LUBUK LINGGAU SELATAN II, KOTA LUBUKLINGGAU, SUMATERA SELATAN",8,35,192,227
https://kawalpemilu.org#20742,"EKA MARGA, LUBUK LINGGAU SELATAN II, KOTA LUBUKLINGGAU, SUMATERA SELATAN",1,117,119,236
https://kawalpemilu.org#20742,"EKA MARGA, LUBUK LINGGAU SELATAN II, KOTA LUBUKLINGGAU, SUMATERA SELATAN",2,123,111,234
https://kawalpemilu.org#20742,"EKA MARGA, LUBUK LINGGAU SELATAN II, KOTA LUBUKLINGGAU, SUMATERA SELATAN",3,115,130,245
https://kawalpemilu.org#20742,"EKA MARGA, LUBUK LINGGAU SELATAN II, KOTA LUBUKLINGGAU, SUMATERA SELATAN",4,113,105,218
https://kawalpemilu.org#20742,"EKA MARGA, LUBUK LINGGAU SELATAN II, KOTA LUBUKLINGGAU, SUMATERA SELATAN",5,98,116,214
https://kawalpemilu.org#20742,"EKA MARGA, LUBUK LINGGAU SELATAN II, KOTA LUBUKLINGGAU, SUMATERA SELATAN",6,106,132,238
https://kawalpemilu.org#20742,"EKA MARGA, LUBUK LINGGAU SELATAN II, KOTA LUBUKLINGGAU, SUMATERA SELATAN",7,106,112,218
https://kawalpemilu.org#20743,"MARGA MULYA, LUBUK LINGGAU SELATAN II, KOTA LUBUKLINGGAU, SUMATERA SELATAN",1,64,183,247
https://kawalpemilu.org#20743,"MARGA MULYA, LUBUK LINGGAU SELATAN II, KOTA LUBUKLINGGAU, SUMATERA SELATAN",2,74,157,231
https://kawalpemilu.org#20743,"MARGA MULYA, LUBUK LINGGAU SELATAN II, KOTA LUBUKLINGGAU, SUMATERA SELATAN",3,69,145,214
https://kawalpemilu.org#20743,"MARGA MULYA, LUBUK LINGGAU SELATAN II, KOTA LUBUKLINGGAU, SUMATERA SELATAN",4,66,167,233
https://kawalpemilu.org#20743,"MARGA MULYA, LUBUK LINGGAU SELATAN II, KOTA LUBUKLINGGAU, SUMATERA SELATAN",5,81,137,218
https://kawalpemilu.org#20743,"MARGA MULYA, LUBUK LINGGAU SELATAN II, KOTA LUBUKLINGGAU, SUMATERA SELATAN",6,69,148,217
https://kawalpemilu.org#20743,"MARGA MULYA, LUBUK LINGGAU SELATAN II, KOTA LUBUKLINGGAU, SUMATERA SELATAN",7,38,177,215
https://kawalpemilu.org#20743,"MARGA MULYA, LUBUK LINGGAU SELATAN II, KOTA LUBUKLINGGAU, SUMATERA SELATAN",8,81,130,211
https://kawalpemilu.org#20743,"MARGA MULYA, LUBUK LINGGAU SELATAN II, KOTA LUBUKLINGGAU, SUMATERA SELATAN",9,90,137,227
https://kawalpemilu.org#20743,"MARGA MULYA, LUBUK LINGGAU SELATAN II, KOTA LUBUKLINGGAU, SUMATERA SELATAN",10,87,119,206
https://kawalpemilu.org#20743,"MARGA MULYA, LUBUK LINGGAU SELATAN II, KOTA LUBUKLINGGAU, SUMATERA SELATAN",11,82,149,231
https://kawalpemilu.org#20744,"MARGA RAHAYU, LUBUK LINGGAU SELATAN II, KOTA LUBUKLINGGAU, SUMATERA SELATAN",1,93,154,247
https://kawalpemilu.org#20744,"MARGA RAHAYU, LUBUK LINGGAU SELATAN II, KOTA LUBUKLINGGAU, SUMATERA SELATAN",2,70,213,283
https://kawalpemilu.org#20744,"MARGA RAHAYU, LUBUK LINGGAU SELATAN II, KOTA LUBUKLINGGAU, SUMATERA SELATAN",3,76,167,243
https://kawalpemilu.org#20744,"MARGA RAHAYU, LUBUK LINGGAU SELATAN II, KOTA LUBUKLINGGAU, SUMATERA SELATAN",4,84,153,229
https://kawalpemilu.org#20744,"MARGA RAHAYU, LUBUK LINGGAU SELATAN II, KOTA LUBUKLINGGAU, SUMATERA SELATAN",5,82,161,243
https://kawalpemilu.org#20744,"MARGA RAHAYU, LUBUK LINGGAU SELATAN II, KOTA LUBUKLINGGAU, SUMATERA SELATAN",6,105,151,256
https://kawalpemilu.org#20744,"MARGA RAHAYU, LUBUK LINGGAU SELATAN II, KOTA LUBUKLINGGAU, SUMATERA SELATAN",7,76,147,223
https://kawalpemilu.org#20744,"MARGA RAHAYU, LUBUK LINGGAU SELATAN II, KOTA LUBUKLINGGAU, SUMATERA SELATAN",8,82,149,231
https://kawalpemilu.org#20744,"MARGA RAHAYU, LUBUK LINGGAU SELATAN II, KOTA LUBUKLINGGAU, SUMATERA SELATAN",9,75,162,237
https://kawalpemilu.org#20744,"MARGA RAHAYU, LUBUK LINGGAU SELATAN II, KOTA LUBUKLINGGAU, SUMATERA SELATAN",10,47,207,254
https://kawalpemilu.org#20744,"MARGA RAHAYU, LUBUK LINGGAU SELATAN II, KOTA LUBUKLINGGAU, SUMATERA SELATAN",11,48,203,251
https://kawalpemilu.org#20744,"MARGA RAHAYU, LUBUK LINGGAU SELATAN II, KOTA LUBUKLINGGAU, SUMATERA SELATAN",12,57,187,244
https://kawalpemilu.org#20744,"MARGA RAHAYU, LUBUK LINGGAU SELATAN II, KOTA LUBUKLINGGAU, SUMATERA SELATAN",13,60,191,251
https://kawalpemilu.org#20744,"MARGA RAHAYU, LUBUK LINGGAU SELATAN II, KOTA LUBUKLINGGAU, SUMATERA SELATAN",14,60,180,240
https://kawalpemilu.org#20745,"TABA PINGIN, LUBUK LINGGAU SELATAN II, KOTA LUBUKLINGGAU, SUMATERA SELATAN",1,61,183,244
https://kawalpemilu.org#20745,"TABA PINGIN, LUBUK LINGGAU SELATAN II, KOTA LUBUKLINGGAU, SUMATERA SELATAN",2,42,198,240
https://kawalpemilu.org#20745,"TABA PINGIN, LUBUK LINGGAU SELATAN II, KOTA LUBUKLINGGAU, SUMATERA SELATAN",3,41,163,204
https://kawalpemilu.org#20745,"TABA PINGIN, LUBUK LINGGAU SELATAN II, KOTA LUBUKLINGGAU, SUMATERA SELATAN",4,40,156,196
https://kawalpemilu.org#20745,"TABA PINGIN, LUBUK LINGGAU SELATAN II, KOTA LUBUKLINGGAU, SUMATERA SELATAN",5,31,177,208
https://kawalpemilu.org#20745,"TABA PINGIN, LUBUK LINGGAU SELATAN II, KOTA LUBUKLINGGAU, SUMATERA SELATAN",6,33,191,224
https://kawalpemilu.org#20745,"TABA PINGIN, LUBUK LINGGAU SELATAN II, KOTA LUBUKLINGGAU, SUMATERA SELATAN",7,39,146,185
https://kawalpemilu.org#20745,"TABA PINGIN, LUBUK LINGGAU SELATAN II, KOTA LUBUKLINGGAU, SUMATERA SELATAN",8,53,171,224
https://kawalpemilu.org#20745,"TABA PINGIN, LUBUK LINGGAU SELATAN II, KOTA LUBUKLINGGAU, SUMATERA SELATAN",9,66,148,214
https://kawalpemilu.org#20745,"TABA PINGIN, LUBUK LINGGAU SELATAN II, KOTA LUBUKLINGGAU, SUMATERA SELATAN",10,54,115,169
https://kawalpemilu.org#20746,"MONENG SEPATI, LUBUK LINGGAU SELATAN II, KOTA LUBUKLINGGAU, SUMATERA SELATAN",2,46,139,185
https://kawalpemilu.org#20746,"MONENG SEPATI, LUBUK LINGGAU SELATAN II, KOTA LUBUKLINGGAU, SUMATERA SELATAN",3,58,135,193
https://kawalpemilu.org#20746,"MONENG SEPATI, LUBUK LINGGAU SELATAN II, KOTA LUBUKLINGGAU, SUMATERA SELATAN",4,74,62,136
https://kawalpemilu.org#20748,"BATU URIP, LUBUK LINGGAU UTARA II, KOTA LUBUKLINGGAU, SUMATERA SELATAN",1,57,213,270
https://kawalpemilu.org#20748,"BATU URIP, LUBUK LINGGAU UTARA II, KOTA LUBUKLINGGAU, SUMATERA SELATAN",2,69,189,258
https://kawalpemilu.org#20748,"BATU URIP, LUBUK LINGGAU UTARA II, KOTA LUBUKLINGGAU, SUMATERA SELATAN",3,57,188,245
https://kawalpemilu.org#20748,"BATU URIP, LUBUK LINGGAU UTARA II, KOTA LUBUKLINGGAU, SUMATERA SELATAN",4,61,195,256
https://kawalpemilu.org#20748,"BATU URIP, LUBUK LINGGAU UTARA II, KOTA LUBUKLINGGAU, SUMATERA SELATAN",5,51,221,272
https://kawalpemilu.org#20748,"BATU URIP, LUBUK LINGGAU UTARA II, KOTA LUBUKLINGGAU, SUMATERA SELATAN",6,77,212,289
https://kawalpemilu.org#20748,"BATU URIP, LUBUK LINGGAU UTARA II, KOTA LUBUKLINGGAU, SUMATERA SELATAN",7,64,253,317
https://kawalpemilu.org#20748,"BATU URIP, LUBUK LINGGAU UTARA II, KOTA LUBUKLINGGAU, SUMATERA SELATAN",8,69,187,256
https://kawalpemilu.org#20748,"BATU URIP, LUBUK LINGGAU UTARA II, KOTA LUBUKLINGGAU, SUMATERA SELATAN",10,65,168,233
https://kawalpemilu.org#20749,"ULAK SURUNG, LUBUK LINGGAU UTARA II, KOTA LUBUKLINGGAU, SUMATERA SELATAN",1,76,145,221
https://kawalpemilu.org#20749,"ULAK SURUNG, LUBUK LINGGAU UTARA II, KOTA LUBUKLINGGAU, SUMATERA SELATAN",2,79,125,204
https://kawalpemilu.org#20749,"ULAK SURUNG, LUBUK LINGGAU UTARA II, KOTA LUBUKLINGGAU, SUMATERA SELATAN",3,76,148,218
https://kawalpemilu.org#20749,"ULAK SURUNG, LUBUK LINGGAU UTARA II, KOTA LUBUKLINGGAU, SUMATERA SELATAN",4,67,179,246
https://kawalpemilu.org#20749,"ULAK SURUNG, LUBUK LINGGAU UTARA II, KOTA LUBUKLINGGAU, SUMATERA SELATAN",5,66,154,220
https://kawalpemilu.org#20749,"ULAK SURUNG, LUBUK LINGGAU UTARA II, KOTA LUBUKLINGGAU, SUMATERA SELATAN",6,56,159,215
https://kawalpemilu.org#20749,"ULAK SURUNG, LUBUK LINGGAU UTARA II, KOTA LUBUKLINGGAU, SUMATERA SELATAN",7,52,175,227
https://kawalpemilu.org#20749,"ULAK SURUNG, LUBUK LINGGAU UTARA II, KOTA LUBUKLINGGAU, SUMATERA SELATAN",9,52,154,206
https://kawalpemilu.org#20749,"ULAK SURUNG, LUBUK LINGGAU UTARA II, KOTA LUBUKLINGGAU, SUMATERA SELATAN",10,55,151,206
https://kawalpemilu.org#20749,"ULAK SURUNG, LUBUK LINGGAU UTARA II, KOTA LUBUKLINGGAU, SUMATERA SELATAN",11,70,149,219
https://kawalpemilu.org#20749,"ULAK SURUNG, LUBUK LINGGAU UTARA II, KOTA LUBUKLINGGAU, SUMATERA SELATAN",12,68,157,225
https://kawalpemilu.org#20750,"KENANGA, LUBUK LINGGAU UTARA II, KOTA LUBUKLINGGAU, SUMATERA SELATAN",1,71,144,215
https://kawalpemilu.org#20750,"KENANGA, LUBUK LINGGAU UTARA II, KOTA LUBUKLINGGAU, SUMATERA SELATAN",2,74,131,205
https://kawalpemilu.org#20750,"KENANGA, LUBUK LINGGAU UTARA II, KOTA LUBUKLINGGAU, SUMATERA SELATAN",3,49,156,205
https://kawalpemilu.org#20750,"KENANGA, LUBUK LINGGAU UTARA II, KOTA LUBUKLINGGAU, SUMATERA SELATAN",4,79,113,192
https://kawalpemilu.org#20750,"KENANGA, LUBUK LINGGAU UTARA II, KOTA LUBUKLINGGAU, SUMATERA SELATAN",5,68,136,204
https://kawalpemilu.org#20750,"KENANGA, LUBUK LINGGAU UTARA II, KOTA LUBUKLINGGAU, SUMATERA SELATAN",6,68,140,208
https://kawalpemilu.org#20750,"KENANGA, LUBUK LINGGAU UTARA II, KOTA LUBUKLINGGAU, SUMATERA SELATAN",7,53,162,215
https://kawalpemilu.org#20750,"KENANGA, LUBUK LINGGAU UTARA II, KOTA LUBUKLINGGAU, SUMATERA SELATAN",8,61,146,207
https://kawalpemilu.org#20750,"KENANGA, LUBUK LINGGAU UTARA II, KOTA LUBUKLINGGAU, SUMATERA SELATAN",9,64,127,191
https://kawalpemilu.org#20750,"KENANGA, LUBUK LINGGAU UTARA II, KOTA LUBUKLINGGAU, SUMATERA SELATAN",10,81,126,207
https://kawalpemilu.org#20750,"KENANGA, LUBUK LINGGAU UTARA II, KOTA LUBUKLINGGAU, SUMATERA SELATAN",11,80,148,228
https://kawalpemilu.org#20750,"KENANGA, LUBUK LINGGAU UTARA II, KOTA LUBUKLINGGAU, SUMATERA SELATAN",12,73,166,239
https://kawalpemilu.org#20751,"PASAR SATELIT, LUBUK LINGGAU UTARA II, KOTA LUBUKLINGGAU, SUMATERA SELATAN",1,76,132,208
https://kawalpemilu.org#20751,"PASAR SATELIT, LUBUK LINGGAU UTARA II, KOTA LUBUKLINGGAU, SUMATERA SELATAN",2,52,204,256
https://kawalpemilu.org#20751,"PASAR SATELIT, LUBUK LINGGAU UTARA II, KOTA LUBUKLINGGAU, SUMATERA SELATAN",3,63,130,193
https://kawalpemilu.org#20751,"PASAR SATELIT, LUBUK LINGGAU UTARA II, KOTA LUBUKLINGGAU, SUMATERA SELATAN",4,57,170,227
https://kawalpemilu.org#20751,"PASAR SATELIT, LUBUK LINGGAU UTARA II, KOTA LUBUKLINGGAU, SUMATERA SELATAN",5,70,114,184
https://kawalpemilu.org#20751,"PASAR SATELIT, LUBUK LINGGAU UTARA II, KOTA LUBUKLINGGAU, SUMATERA SELATAN",6,25,141,166
https://kawalpemilu.org#20751,"PASAR SATELIT, LUBUK LINGGAU UTARA II, KOTA LUBUKLINGGAU, SUMATERA SELATAN",7,52,115,167
https://kawalpemilu.org#20751,"PASAR SATELIT, LUBUK LINGGAU UTARA II, KOTA LUBUKLINGGAU, SUMATERA SELATAN",8,50,138,188
https://kawalpemilu.org#20751,"PASAR SATELIT, LUBUK LINGGAU UTARA II, KOTA LUBUKLINGGAU, SUMATERA SELATAN",9,55,118,173
https://kawalpemilu.org#20751,"PASAR SATELIT, LUBUK LINGGAU UTARA II, KOTA LUBUKLINGGAU, SUMATERA SELATAN",10,47,140,187
https://kawalpemilu.org#20752,"SENALANG, LUBUK LINGGAU UTARA II, KOTA LUBUKLINGGAU, SUMATERA SELATAN",1,91,124,215
https://kawalpemilu.org#20752,"SENALANG, LUBUK LINGGAU UTARA II, KOTA LUBUKLINGGAU, SUMATERA SELATAN",2,68,110,178
https://kawalpemilu.org#20752,"SENALANG, LUBUK LINGGAU UTARA II, KOTA LUBUKLINGGAU, SUMATERA SELATAN",3,80,130,210
https://kawalpemilu.org#20752,"SENALANG, LUBUK LINGGAU UTARA II, KOTA LUBUKLINGGAU, SUMATERA SELATAN",4,56,155,211
https://kawalpemilu.org#20752,"SENALANG, LUBUK LINGGAU UTARA II, KOTA LUBUKLINGGAU, SUMATERA SELATAN",5,49,128,177
https://kawalpemilu.org#20752,"SENALANG, LUBUK LINGGAU UTARA II, KOTA LUBUKLINGGAU, SUMATERA SELATAN",6,54,169,223
https://kawalpemilu.org#20752,"SENALANG, LUBUK LINGGAU UTARA II, KOTA LUBUKLINGGAU, SUMATERA SELATAN",7,41,154,195
https://kawalpemilu.org#20752,"SENALANG, LUBUK LINGGAU UTARA II, KOTA LUBUKLINGGAU, SUMATERA SELATAN",8,53,139,192
https://kawalpemilu.org#20752,"SENALANG, LUBUK LINGGAU UTARA II, KOTA LUBUKLINGGAU, SUMATERA SELATAN",9,49,113,162
https://kawalpemilu.org#20752,"SENALANG, LUBUK LINGGAU UTARA II, KOTA LUBUKLINGGAU, SUMATERA SELATAN",10,62,173,235
https://kawalpemilu.org#20753,"MEGANG, LUBUK LINGGAU UTARA II, KOTA LUBUKLINGGAU, SUMATERA SELATAN",1,79,163,242
https://kawalpemilu.org#20753,"MEGANG, LUBUK LINGGAU UTARA II, KOTA LUBUKLINGGAU, SUMATERA SELATAN",2,96,114,210
https://kawalpemilu.org#20753,"MEGANG, LUBUK LINGGAU UTARA II, KOTA LUBUKLINGGAU, SUMATERA SELATAN",3,64,153,217
https://kawalpemilu.org#20753,"MEGANG, LUBUK LINGGAU UTARA II, KOTA LUBUKLINGGAU, SUMATERA SELATAN",4,52,185,237
https://kawalpemilu.org#20753,"MEGANG, LUBUK LINGGAU UTARA II, KOTA LUBUKLINGGAU, SUMATERA SELATAN",5,59,161,220
https://kawalpemilu.org#20753,"MEGANG, LUBUK LINGGAU UTARA II, KOTA LUBUKLINGGAU, SUMATERA SELATAN",6,52,130,182
https://kawalpemilu.org#20753,"MEGANG, LUBUK LINGGAU UTARA II, KOTA LUBUKLINGGAU, SUMATERA SELATAN",7,70,137,207
https://kawalpemilu.org#20753,"MEGANG, LUBUK LINGGAU UTARA II, KOTA LUBUKLINGGAU, SUMATERA SELATAN",8,39,135,174
https://kawalpemilu.org#20753,"MEGANG, LUBUK LINGGAU UTARA II, KOTA LUBUKLINGGAU, SUMATERA SELATAN",9,39,135,174
https://kawalpemilu.org#20753,"MEGANG, LUBUK LINGGAU UTARA II, KOTA LUBUKLINGGAU, SUMATERA SELATAN",10,40,133,173
https://kawalpemilu.org#20754,"JOGOBOYO, LUBUK LINGGAU UTARA II, KOTA LUBUKLINGGAU, SUMATERA SELATAN",1,51,165,216
https://kawalpemilu.org#20754,"JOGOBOYO, LUBUK LINGGAU UTARA II, KOTA LUBUKLINGGAU, SUMATERA SELATAN",2,93,142,235
https://kawalpemilu.org#20754,"JOGOBOYO, LUBUK LINGGAU UTARA II, KOTA LUBUKLINGGAU, SUMATERA SELATAN",3,108,128,236
https://kawalpemilu.org#20754,"JOGOBOYO, LUBUK LINGGAU UTARA II, KOTA LUBUKLINGGAU, SUMATERA SELATAN",4,83,144,227
https://kawalpemilu.org#20754,"JOGOBOYO, LUBUK LINGGAU UTARA II, KOTA LUBUKLINGGAU, SUMATERA SELATAN",5,96,146,242
https://kawalpemilu.org#20754,"JOGOBOYO, LUBUK LINGGAU UTARA II, KOTA LUBUKLINGGAU, SUMATERA SELATAN",6,72,157,229
https://kawalpemilu.org#20754,"JOGOBOYO, LUBUK LINGGAU UTARA II, KOTA LUBUKLINGGAU, SUMATERA SELATAN",7,64,148,212
https://kawalpemilu.org#20754,"JOGOBOYO, LUBUK LINGGAU UTARA II, KOTA LUBUKLINGGAU, SUMATERA SELATAN",8,82,143,225
https://kawalpemilu.org#20754,"JOGOBOYO, LUBUK LINGGAU UTARA II, KOTA LUBUKLINGGAU, SUMATERA SELATAN",9,86,146,232
https://kawalpemilu.org#20754,"JOGOBOYO, LUBUK LINGGAU UTARA II, KOTA LUBUKLINGGAU, SUMATERA SELATAN",10,63,173,236
https://kawalpemilu.org#20754,"JOGOBOYO, LUBUK LINGGAU UTARA II, KOTA LUBUKLINGGAU, SUMATERA SELATAN",11,92,180,272
https://kawalpemilu.org#20755,"PUNCAK KEMUNING, LUBUK LINGGAU UTARA II, KOTA LUBUKLINGGAU, SUMATERA SELATAN",1,62,183,245
https://kawalpemilu.org#20755,"PUNCAK KEMUNING, LUBUK LINGGAU UTARA II, KOTA LUBUKLINGGAU, SUMATERA SELATAN",2,80,185,265
https://kawalpemilu.org#20755,"PUNCAK KEMUNING, LUBUK LINGGAU UTARA II, KOTA LUBUKLINGGAU, SUMATERA SELATAN",3,64,149,213
https://kawalpemilu.org#20755,"PUNCAK KEMUNING, LUBUK LINGGAU UTARA II, KOTA LUBUKLINGGAU, SUMATERA SELATAN",4,102,140,242
https://kawalpemilu.org#20755,"PUNCAK KEMUNING, LUBUK LINGGAU UTARA II, KOTA LUBUKLINGGAU, SUMATERA SELATAN",5,113,133,246
https://kawalpemilu.org#20755,"PUNCAK KEMUNING, LUBUK LINGGAU UTARA II, KOTA LUBUKLINGGAU, SUMATERA SELATAN",6,94,140,236
https://kawalpemilu.org#20755,"PUNCAK KEMUNING, LUBUK LINGGAU UTARA II, KOTA LUBUKLINGGAU, SUMATERA SELATAN",7,27,99,126
https://kawalpemilu.org#20755,"PUNCAK KEMUNING, LUBUK LINGGAU UTARA II, KOTA LUBUKLINGGAU, SUMATERA SELATAN",8,55,141,196
https://kawalpemilu.org#20755,"PUNCAK KEMUNING, LUBUK LINGGAU UTARA II, KOTA LUBUKLINGGAU, SUMATERA SELATAN",9,42,110,152
https://kawalpemilu.org#20755,"PUNCAK KEMUNING, LUBUK LINGGAU UTARA II, KOTA LUBUKLINGGAU, SUMATERA SELATAN",10,61,140,201
https://kawalpemilu.org#20755,"PUNCAK KEMUNING, LUBUK LINGGAU UTARA II, KOTA LUBUKLINGGAU, SUMATERA SELATAN",11,96,99,195
https://kawalpemilu.org#20755,"PUNCAK KEMUNING, LUBUK LINGGAU UTARA II, KOTA LUBUKLINGGAU, SUMATERA SELATAN",12,89,98,187
https://kawalpemilu.org#20755,"PUNCAK KEMUNING, LUBUK LINGGAU UTARA II, KOTA LUBUKLINGGAU, SUMATERA SELATAN",13,98,117,215
https://kawalpemilu.org#20756,"PONOROGO, LUBUK LINGGAU UTARA II, KOTA LUBUKLINGGAU, SUMATERA SELATAN",2,73,146,219
https://kawalpemilu.org#20756,"PONOROGO, LUBUK LINGGAU UTARA II, KOTA LUBUKLINGGAU, SUMATERA SELATAN",3,73,145,218
https://kawalpemilu.org#20756,"PONOROGO, LUBUK LINGGAU UTARA II, KOTA LUBUKLINGGAU, SUMATERA SELATAN",6,116,119,235
https://kawalpemilu.org#20756,"PONOROGO, LUBUK LINGGAU UTARA II, KOTA LUBUKLINGGAU, SUMATERA SELATAN",7,80,159,239
https://kawalpemilu.org#20756,"PONOROGO, LUBUK LINGGAU UTARA II, KOTA LUBUKLINGGAU, SUMATERA SELATAN",8,73,185,258
https://kawalpemilu.org#20756,"PONOROGO, LUBUK LINGGAU UTARA II, KOTA LUBUKLINGGAU, SUMATERA SELATAN",9,107,116,223
https://kawalpemilu.org#20756,"PONOROGO, LUBUK LINGGAU UTARA II, KOTA LUBUKLINGGAU, SUMATERA SELATAN",10,115,127,242
https://kawalpemilu.org#20757,"KALI SERAYU, LUBUK LINGGAU UTARA II, KOTA LUBUKLINGGAU, SUMATERA SELATAN",1,84,113,197
https://kawalpemilu.org#20757,"KALI SERAYU, LUBUK LINGGAU UTARA II, KOTA LUBUKLINGGAU, SUMATERA SELATAN",2,73,145,218
https://kawalpemilu.org#20757,"KALI SERAYU, LUBUK LINGGAU UTARA II, KOTA LUBUKLINGGAU, SUMATERA SELATAN",3,74,152,226
https://kawalpemilu.org#20757,"KALI SERAYU, LUBUK LINGGAU UTARA II, KOTA LUBUKLINGGAU, SUMATERA SELATAN",4,43,172,215
https://kawalpemilu.org#20757,"KALI SERAYU, LUBUK LINGGAU UTARA II, KOTA LUBUKLINGGAU, SUMATERA SELATAN",5,41,165,206
https://kawalpemilu.org#20760,"PRABUMULIH, PRABUMULIH BARAT, KOTA PRABUMULIH, SUMATERA SELATAN",1,91,69,160
https://kawalpemilu.org#20760,"PRABUMULIH, PRABUMULIH BARAT, KOTA PRABUMULIH, SUMATERA SELATAN",2,82,84,166
https://kawalpemilu.org#20760,"PRABUMULIH, PRABUMULIH BARAT, KOTA PRABUMULIH, SUMATERA SELATAN",3,105,54,159
https://kawalpemilu.org#20760,"PRABUMULIH, PRABUMULIH BARAT, KOTA PRABUMULIH, SUMATERA SELATAN",4,109,91,200
https://kawalpemilu.org#20760,"PRABUMULIH, PRABUMULIH BARAT, KOTA PRABUMULIH, SUMATERA SELATAN",5,99,99,198
https://kawalpemilu.org#20760,"PRABUMULIH, PRABUMULIH BARAT, KOTA PRABUMULIH, SUMATERA SELATAN",6,90,86,176
https://kawalpemilu.org#20760,"PRABUMULIH, PRABUMULIH BARAT, KOTA PRABUMULIH, SUMATERA SELATAN",7,132,69,201
https://kawalpemilu.org#20760,"PRABUMULIH, PRABUMULIH BARAT, KOTA PRABUMULIH, SUMATERA SELATAN",8,93,104,197
https://kawalpemilu.org#20760,"PRABUMULIH, PRABUMULIH BARAT, KOTA PRABUMULIH, SUMATERA SELATAN",9,102,105,207
https://kawalpemilu.org#20760,"PRABUMULIH, PRABUMULIH BARAT, KOTA PRABUMULIH, SUMATERA SELATAN",10,120,82,202
https://kawalpemilu.org#20760,"PRABUMULIH, PRABUMULIH BARAT, KOTA PRABUMULIH, SUMATERA SELATAN",11,109,95,204
https://kawalpemilu.org#20760,"PRABUMULIH, PRABUMULIH BARAT, KOTA PRABUMULIH, SUMATERA SELATAN",12,83,89,172
https://kawalpemilu.org#20760,"PRABUMULIH, PRABUMULIH BARAT, KOTA PRABUMULIH, SUMATERA SELATAN",13,114,64,178
https://kawalpemilu.org#20760,"PRABUMULIH, PRABUMULIH BARAT, KOTA PRABUMULIH, SUMATERA SELATAN",14,77,75,152
https://kawalpemilu.org#20760,"PRABUMULIH, PRABUMULIH BARAT, KOTA PRABUMULIH, SUMATERA SELATAN",15,79,89,168
https://kawalpemilu.org#20760,"PRABUMULIH, PRABUMULIH BARAT, KOTA PRABUMULIH, SUMATERA SELATAN",16,90,79,169
https://kawalpemilu.org#20760,"PRABUMULIH, PRABUMULIH BARAT, KOTA PRABUMULIH, SUMATERA SELATAN",17,74,81,155
https://kawalpemilu.org#20760,"PRABUMULIH, PRABUMULIH BARAT, KOTA PRABUMULIH, SUMATERA SELATAN",18,73,74,147
https://kawalpemilu.org#20760,"PRABUMULIH, PRABUMULIH BARAT, KOTA PRABUMULIH, SUMATERA SELATAN",19,75,73,148
https://kawalpemilu.org#20760,"PRABUMULIH, PRABUMULIH BARAT, KOTA PRABUMULIH, SUMATERA SELATAN",20,70,107,177
https://kawalpemilu.org#20760,"PRABUMULIH, PRABUMULIH BARAT, KOTA PRABUMULIH, SUMATERA SELATAN",21,61,125,186
https://kawalpemilu.org#20760,"PRABUMULIH, PRABUMULIH BARAT, KOTA PRABUMULIH, SUMATERA SELATAN",22,63,107,170
https://kawalpemilu.org#20760,"PRABUMULIH, PRABUMULIH BARAT, KOTA PRABUMULIH, SUMATERA SELATAN",23,78,100,178
https://kawalpemilu.org#20760,"PRABUMULIH, PRABUMULIH BARAT, KOTA PRABUMULIH, SUMATERA SELATAN",24,50,96,146
https://kawalpemilu.org#20760,"PRABUMULIH, PRABUMULIH BARAT, KOTA PRABUMULIH, SUMATERA SELATAN",25,78,84,162
https://kawalpemilu.org#20761,"PATIH GALUNG, PRABUMULIH BARAT, KOTA PRABUMULIH, SUMATERA SELATAN",1,75,88,163
https://kawalpemilu.org#20761,"PATIH GALUNG, PRABUMULIH BARAT, KOTA PRABUMULIH, SUMATERA SELATAN",2,54,147,201
https://kawalpemilu.org#20761,"PATIH GALUNG, PRABUMULIH BARAT, KOTA PRABUMULIH, SUMATERA SELATAN",3,19,132,151
https://kawalpemilu.org#20761,"PATIH GALUNG, PRABUMULIH BARAT, KOTA PRABUMULIH, SUMATERA SELATAN",4,38,113,151
https://kawalpemilu.org#20761,"PATIH GALUNG, PRABUMULIH BARAT, KOTA PRABUMULIH, SUMATERA SELATAN",5,92,107,199
https://kawalpemilu.org#20761,"PATIH GALUNG, PRABUMULIH BARAT, KOTA PRABUMULIH, SUMATERA SELATAN",6,76,87,163
https://kawalpemilu.org#20761,"PATIH GALUNG, PRABUMULIH BARAT, KOTA PRABUMULIH, SUMATERA SELATAN",7,90,113,203
https://kawalpemilu.org#20761,"PATIH GALUNG, PRABUMULIH BARAT, KOTA PRABUMULIH, SUMATERA SELATAN",8,105,100,205
https://kawalpemilu.org#20761,"PATIH GALUNG, PRABUMULIH BARAT, KOTA PRABUMULIH, SUMATERA SELATAN",9,72,80,152
https://kawalpemilu.org#20761,"PATIH GALUNG, PRABUMULIH BARAT, KOTA PRABUMULIH, SUMATERA SELATAN",10,104,86,190
https://kawalpemilu.org#20761,"PATIH GALUNG, PRABUMULIH BARAT, KOTA PRABUMULIH, SUMATERA SELATAN",11,68,97,165
https://kawalpemilu.org#20761,"PATIH GALUNG, PRABUMULIH BARAT, KOTA PRABUMULIH, SUMATERA SELATAN",12,47,103,150
https://kawalpemilu.org#20761,"PATIH GALUNG, PRABUMULIH BARAT, KOTA PRABUMULIH, SUMATERA SELATAN",13,53,84,137
https://kawalpemilu.org#20761,"PATIH GALUNG, PRABUMULIH BARAT, KOTA PRABUMULIH, SUMATERA SELATAN",14,58,111,169
https://kawalpemilu.org#20761,"PATIH GALUNG, PRABUMULIH BARAT, KOTA PRABUMULIH, SUMATERA SELATAN",15,72,98,170
https://kawalpemilu.org#20761,"PATIH GALUNG, PRABUMULIH BARAT, KOTA PRABUMULIH, SUMATERA SELATAN",16,80,92,172
https://kawalpemilu.org#20761,"PATIH GALUNG, PRABUMULIH BARAT, KOTA PRABUMULIH, SUMATERA SELATAN",17,51,74,125
https://kawalpemilu.org#20761,"PATIH GALUNG, PRABUMULIH BARAT, KOTA PRABUMULIH, SUMATERA SELATAN",18,74,101,175
https://kawalpemilu.org#20761,"PATIH GALUNG, PRABUMULIH BARAT, KOTA PRABUMULIH, SUMATERA SELATAN",19,77,73,150
https://kawalpemilu.org#20761,"PATIH GALUNG, PRABUMULIH BARAT, KOTA PRABUMULIH, SUMATERA SELATAN",20,83,99,182
https://kawalpemilu.org#20761,"PATIH GALUNG, PRABUMULIH BARAT, KOTA PRABUMULIH, SUMATERA SELATAN",21,75,125,200
https://kawalpemilu.org#20761,"PATIH GALUNG, PRABUMULIH BARAT, KOTA PRABUMULIH, SUMATERA SELATAN",22,57,118,175
https://kawalpemilu.org#20761,"PATIH GALUNG, PRABUMULIH BARAT, KOTA PRABUMULIH, SUMATERA SELATAN",23,96,100,196
https://kawalpemilu.org#20761,"PATIH GALUNG, PRABUMULIH BARAT, KOTA PRABUMULIH, SUMATERA SELATAN",24,45,98,143
https://kawalpemilu.org#20761,"PATIH GALUNG, PRABUMULIH BARAT, KOTA PRABUMULIH, SUMATERA SELATAN",25,59,89,148
https://kawalpemilu.org#20761,"PATIH GALUNG, PRABUMULIH BARAT, KOTA PRABUMULIH, SUMATERA SELATAN",26,40,130,170
https://kawalpemilu.org#20761,"PATIH GALUNG, PRABUMULIH BARAT, KOTA PRABUMULIH, SUMATERA SELATAN",27,85,131,216
https://kawalpemilu.org#20761,"PATIH GALUNG, PRABUMULIH BARAT, KOTA PRABUMULIH, SUMATERA SELATAN",28,54,98,152
https://kawalpemilu.org#20761,"PATIH GALUNG, PRABUMULIH BARAT, KOTA PRABUMULIH, SUMATERA SELATAN",29,97,95,192
https://kawalpemilu.org#20761,"PATIH GALUNG, PRABUMULIH BARAT, KOTA PRABUMULIH, SUMATERA SELATAN",30,104,74,178
https://kawalpemilu.org#20761,"PATIH GALUNG, PRABUMULIH BARAT, KOTA PRABUMULIH, SUMATERA SELATAN",31,91,75,166
https://kawalpemilu.org#20761,"PATIH GALUNG, PRABUMULIH BARAT, KOTA PRABUMULIH, SUMATERA SELATAN",32,88,61,149
https://kawalpemilu.org#20761,"PATIH GALUNG, PRABUMULIH BARAT, KOTA PRABUMULIH, SUMATERA SELATAN",33,58,63,121
https://kawalpemilu.org#20761,"PATIH GALUNG, PRABUMULIH BARAT, KOTA PRABUMULIH, SUMATERA SELATAN",34,55,78,133
https://kawalpemilu.org#20761,"PATIH GALUNG, PRABUMULIH BARAT, KOTA PRABUMULIH, SUMATERA SELATAN",35,105,62,167
https://kawalpemilu.org#20761,"PATIH GALUNG, PRABUMULIH BARAT, KOTA PRABUMULIH, SUMATERA SELATAN",36,116,88,204
https://kawalpemilu.org#20761,"PATIH GALUNG, PRABUMULIH BARAT, KOTA PRABUMULIH, SUMATERA SELATAN",37,109,20,0
https://kawalpemilu.org#20761,"PATIH GALUNG, PRABUMULIH BARAT, KOTA PRABUMULIH, SUMATERA SELATAN",38,117,105,222
https://kawalpemilu.org#20762,"GUNUNG KEMALA, PRABUMULIH BARAT, KOTA PRABUMULIH, SUMATERA SELATAN",1,90,94,184
https://kawalpemilu.org#20762,"GUNUNG KEMALA, PRABUMULIH BARAT, KOTA PRABUMULIH, SUMATERA SELATAN",2,65,107,172
https://kawalpemilu.org#20762,"GUNUNG KEMALA, PRABUMULIH BARAT, KOTA PRABUMULIH, SUMATERA SELATAN",3,67,106,173
https://kawalpemilu.org#20762,"GUNUNG KEMALA, PRABUMULIH BARAT, KOTA PRABUMULIH, SUMATERA SELATAN",4,54,122,176
https://kawalpemilu.org#20762,"GUNUNG KEMALA, PRABUMULIH BARAT, KOTA PRABUMULIH, SUMATERA SELATAN",5,69,107,176
https://kawalpemilu.org#20762,"GUNUNG KEMALA, PRABUMULIH BARAT, KOTA PRABUMULIH, SUMATERA SELATAN",6,40,156,196
https://kawalpemilu.org#20762,"GUNUNG KEMALA, PRABUMULIH BARAT, KOTA PRABUMULIH, SUMATERA SELATAN",7,60,118,178
https://kawalpemilu.org#20762,"GUNUNG KEMALA, PRABUMULIH BARAT, KOTA PRABUMULIH, SUMATERA SELATAN",8,43,138,181
https://kawalpemilu.org#20762,"GUNUNG KEMALA, PRABUMULIH BARAT, KOTA PRABUMULIH, SUMATERA SELATAN",9,64,107,171
https://kawalpemilu.org#20762,"GUNUNG KEMALA, PRABUMULIH BARAT, KOTA PRABUMULIH, SUMATERA SELATAN",10,58,91,149
https://kawalpemilu.org#20762,"GUNUNG KEMALA, PRABUMULIH BARAT, KOTA PRABUMULIH, SUMATERA SELATAN",11,58,119,177
https://kawalpemilu.org#20763,"MUNTANG TAPUS, PRABUMULIH BARAT, KOTA PRABUMULIH, SUMATERA SELATAN",1,43,135,178
https://kawalpemilu.org#20763,"MUNTANG TAPUS, PRABUMULIH BARAT, KOTA PRABUMULIH, SUMATERA SELATAN",2,44,104,148
https://kawalpemilu.org#20763,"MUNTANG TAPUS, PRABUMULIH BARAT, KOTA PRABUMULIH, SUMATERA SELATAN",3,49,98,147
https://kawalpemilu.org#20763,"MUNTANG TAPUS, PRABUMULIH BARAT, KOTA PRABUMULIH, SUMATERA SELATAN",4,58,100,158
https://kawalpemilu.org#20763,"MUNTANG TAPUS, PRABUMULIH BARAT, KOTA PRABUMULIH, SUMATERA SELATAN",5,58,96,154
https://kawalpemilu.org#20763,"MUNTANG TAPUS, PRABUMULIH BARAT, KOTA PRABUMULIH, SUMATERA SELATAN",6,59,67,126
https://kawalpemilu.org#20763,"MUNTANG TAPUS, PRABUMULIH BARAT, KOTA PRABUMULIH, SUMATERA SELATAN",7,49,76,125
https://kawalpemilu.org#20763,"MUNTANG TAPUS, PRABUMULIH BARAT, KOTA PRABUMULIH, SUMATERA SELATAN",8,92,104,196
https://kawalpemilu.org#20763,"MUNTANG TAPUS, PRABUMULIH BARAT, KOTA PRABUMULIH, SUMATERA SELATAN",9,73,96,169
https://kawalpemilu.org#20763,"MUNTANG TAPUS, PRABUMULIH BARAT, KOTA PRABUMULIH, SUMATERA SELATAN",10,58,96,154
https://kawalpemilu.org#20763,"MUNTANG TAPUS, PRABUMULIH BARAT, KOTA PRABUMULIH, SUMATERA SELATAN",11,45,103,148
https://kawalpemilu.org#20763,"MUNTANG TAPUS, PRABUMULIH BARAT, KOTA PRABUMULIH, SUMATERA SELATAN",12,66,93,159
https://kawalpemilu.org#20763,"MUNTANG TAPUS, PRABUMULIH BARAT, KOTA PRABUMULIH, SUMATERA SELATAN",13,75,86,161
https://kawalpemilu.org#20763,"MUNTANG TAPUS, PRABUMULIH BARAT, KOTA PRABUMULIH, SUMATERA SELATAN",14,72,104,176
https://kawalpemilu.org#20763,"MUNTANG TAPUS, PRABUMULIH BARAT, KOTA PRABUMULIH, SUMATERA SELATAN",15,81,122,203
https://kawalpemilu.org#20764,"PAYU PUTAT, PRABUMULIH BARAT, KOTA PRABUMULIH, SUMATERA SELATAN",1,61,83,144
https://kawalpemilu.org#20764,"PAYU PUTAT, PRABUMULIH BARAT, KOTA PRABUMULIH, SUMATERA SELATAN",2,53,87,140
https://kawalpemilu.org#20764,"PAYU PUTAT, PRABUMULIH BARAT, KOTA PRABUMULIH, SUMATERA SELATAN",3,43,101,144
https://kawalpemilu.org#20764,"PAYU PUTAT, PRABUMULIH BARAT, KOTA PRABUMULIH, SUMATERA SELATAN",4,69,80,149
https://kawalpemilu.org#20764,"PAYU PUTAT, PRABUMULIH BARAT, KOTA PRABUMULIH, SUMATERA SELATAN",5,63,67,130
https://kawalpemilu.org#20764,"PAYU PUTAT, PRABUMULIH BARAT, KOTA PRABUMULIH, SUMATERA SELATAN",6,66,88,154
https://kawalpemilu.org#20764,"PAYU PUTAT, PRABUMULIH BARAT, KOTA PRABUMULIH, SUMATERA SELATAN",7,83,91,174
https://kawalpemilu.org#20764,"PAYU PUTAT, PRABUMULIH BARAT, KOTA PRABUMULIH, SUMATERA SELATAN",8,54,78,132
https://kawalpemilu.org#20764,"PAYU PUTAT, PRABUMULIH BARAT, KOTA PRABUMULIH, SUMATERA SELATAN",9,55,66,121
https://kawalpemilu.org#20764,"PAYU PUTAT, PRABUMULIH BARAT, KOTA PRABUMULIH, SUMATERA SELATAN",10,44,80,124
https://kawalpemilu.org#20764,"PAYU PUTAT, PRABUMULIH BARAT, KOTA PRABUMULIH, SUMATERA SELATAN",11,30,108,138
https://kawalpemilu.org#20764,"PAYU PUTAT, PRABUMULIH BARAT, KOTA PRABUMULIH, SUMATERA SELATAN",12,34,63,97
https://kawalpemilu.org#20764,"PAYU PUTAT, PRABUMULIH BARAT, KOTA PRABUMULIH, SUMATERA SELATAN",13,48,80,128
https://kawalpemilu.org#20764,"PAYU PUTAT, PRABUMULIH BARAT, KOTA PRABUMULIH, SUMATERA SELATAN",14,45,65,110
https://kawalpemilu.org#20764,"PAYU PUTAT, PRABUMULIH BARAT, KOTA PRABUMULIH, SUMATERA SELATAN",15,55,64,119
https://kawalpemilu.org#20764,"PAYU PUTAT, PRABUMULIH BARAT, KOTA PRABUMULIH, SUMATERA SELATAN",16,63,35,98
https://kawalpemilu.org#20764,"PAYU PUTAT, PRABUMULIH BARAT, KOTA PRABUMULIH, SUMATERA SELATAN",17,71,67,138
https://kawalpemilu.org#20764,"PAYU PUTAT, PRABUMULIH BARAT, KOTA PRABUMULIH, SUMATERA SELATAN",18,48,87,135
https://kawalpemilu.org#20764,"PAYU PUTAT, PRABUMULIH BARAT, KOTA PRABUMULIH, SUMATERA SELATAN",19,78,96,174
https://kawalpemilu.org#20765,"TANJUNG TELANG, PRABUMULIH BARAT, KOTA PRABUMULIH, SUMATERA SELATAN",1,14,142,156
https://kawalpemilu.org#20765,"TANJUNG TELANG, PRABUMULIH BARAT, KOTA PRABUMULIH, SUMATERA SELATAN",2,11,159,170
https://kawalpemilu.org#20765,"TANJUNG TELANG, PRABUMULIH BARAT, KOTA PRABUMULIH, SUMATERA SELATAN",3,9,139,148
https://kawalpemilu.org#20765,"TANJUNG TELANG, PRABUMULIH BARAT, KOTA PRABUMULIH, SUMATERA SELATAN",4,18,144,162
https://kawalpemilu.org#20765,"TANJUNG TELANG, PRABUMULIH BARAT, KOTA PRABUMULIH, SUMATERA SELATAN",5,15,127,142
https://kawalpemilu.org#20765,"TANJUNG TELANG, PRABUMULIH BARAT, KOTA PRABUMULIH, SUMATERA SELATAN",6,17,108,125
https://kawalpemilu.org#20765,"TANJUNG TELANG, PRABUMULIH BARAT, KOTA PRABUMULIH, SUMATERA SELATAN",7,12,139,151
https://kawalpemilu.org#20767,"KARANG RAJA, PRABUMULIH TIMUR, KOTA PRABUMULIH, SUMATERA SELATAN",1,68,76,144
https://kawalpemilu.org#20767,"KARANG RAJA, PRABUMULIH TIMUR, KOTA PRABUMULIH, SUMATERA SELATAN",2,63,63,126
https://kawalpemilu.org#20767,"KARANG RAJA, PRABUMULIH TIMUR, KOTA PRABUMULIH, SUMATERA SELATAN",3,57,133,190
https://kawalpemilu.org#20767,"KARANG RAJA, PRABUMULIH TIMUR, KOTA PRABUMULIH, SUMATERA SELATAN",4,85,103,188
https://kawalpemilu.org#20767,"KARANG RAJA, PRABUMULIH TIMUR, KOTA PRABUMULIH, SUMATERA SELATAN",5,90,92,182
https://kawalpemilu.org#20767,"KARANG RAJA, PRABUMULIH TIMUR, KOTA PRABUMULIH, SUMATERA SELATAN",6,66,87,153
https://kawalpemilu.org#20767,"KARANG RAJA, PRABUMULIH TIMUR, KOTA PRABUMULIH, SUMATERA SELATAN",7,84,98,182
https://kawalpemilu.org#20767,"KARANG RAJA, PRABUMULIH TIMUR, KOTA PRABUMULIH, SUMATERA SELATAN",8,96,107,203
https://kawalpemilu.org#20767,"KARANG RAJA, PRABUMULIH TIMUR, KOTA PRABUMULIH, SUMATERA SELATAN",9,58,132,190
https://kawalpemilu.org#20767,"KARANG RAJA, PRABUMULIH TIMUR, KOTA PRABUMULIH, SUMATERA SELATAN",10,67,104,171
https://kawalpemilu.org#20767,"KARANG RAJA, PRABUMULIH TIMUR, KOTA PRABUMULIH, SUMATERA SELATAN",11,67,122,189
https://kawalpemilu.org#20767,"KARANG RAJA, PRABUMULIH TIMUR, KOTA PRABUMULIH, SUMATERA SELATAN",12,61,132,193
https://kawalpemilu.org#20767,"KARANG RAJA, PRABUMULIH TIMUR, KOTA PRABUMULIH, SUMATERA SELATAN",13,57,95,152
https://kawalpemilu.org#20767,"KARANG RAJA, PRABUMULIH TIMUR, KOTA PRABUMULIH, SUMATERA SELATAN",14,71,159,230
https://kawalpemilu.org#20767,"KARANG RAJA, PRABUMULIH TIMUR, KOTA PRABUMULIH, SUMATERA SELATAN",15,84,104,188
https://kawalpemilu.org#20767,"KARANG RAJA, PRABUMULIH TIMUR, KOTA PRABUMULIH, SUMATERA SELATAN",16,52,88,140
https://kawalpemilu.org#20767,"KARANG RAJA, PRABUMULIH TIMUR, KOTA PRABUMULIH, SUMATERA SELATAN",17,65,132,197
https://kawalpemilu.org#20767,"KARANG RAJA, PRABUMULIH TIMUR, KOTA PRABUMULIH, SUMATERA SELATAN",18,73,91,164
https://kawalpemilu.org#20767,"KARANG RAJA, PRABUMULIH TIMUR, KOTA PRABUMULIH, SUMATERA SELATAN",19,110,144,254
https://kawalpemilu.org#20767,"KARANG RAJA, PRABUMULIH TIMUR, KOTA PRABUMULIH, SUMATERA SELATAN",20,55,107,162
https://kawalpemilu.org#20767,"KARANG RAJA, PRABUMULIH TIMUR, KOTA PRABUMULIH, SUMATERA SELATAN",21,114,129,243
https://kawalpemilu.org#20767,"KARANG RAJA, PRABUMULIH TIMUR, KOTA PRABUMULIH, SUMATERA SELATAN",22,111,158,269
https://kawalpemilu.org#20767,"KARANG RAJA, PRABUMULIH TIMUR, KOTA PRABUMULIH, SUMATERA SELATAN",23,37,69,106
https://kawalpemilu.org#20767,"KARANG RAJA, PRABUMULIH TIMUR, KOTA PRABUMULIH, SUMATERA SELATAN",24,62,81,143
https://kawalpemilu.org#20767,"KARANG RAJA, PRABUMULIH TIMUR, KOTA PRABUMULIH, SUMATERA SELATAN",25,54,56,110
https://kawalpemilu.org#20767,"KARANG RAJA, PRABUMULIH TIMUR, KOTA PRABUMULIH, SUMATERA SELATAN",26,72,76,148
https://kawalpemilu.org#20767,"KARANG RAJA, PRABUMULIH TIMUR, KOTA PRABUMULIH, SUMATERA SELATAN",27,26,91,117
https://kawalpemilu.org#20767,"KARANG RAJA, PRABUMULIH TIMUR, KOTA PRABUMULIH, SUMATERA SELATAN",28,47,116,163
https://kawalpemilu.org#20767,"KARANG RAJA, PRABUMULIH TIMUR, KOTA PRABUMULIH, SUMATERA SELATAN",29,95,176,271
https://kawalpemilu.org#20767,"KARANG RAJA, PRABUMULIH TIMUR, KOTA PRABUMULIH, SUMATERA SELATAN",30,55,99,154
https://kawalpemilu.org#20768,"MUARA DUA, PRABUMULIH TIMUR, KOTA PRABUMULIH, SUMATERA SELATAN",1,91,113,204
https://kawalpemilu.org#20768,"MUARA DUA, PRABUMULIH TIMUR, KOTA PRABUMULIH, SUMATERA SELATAN",2,72,144,216
https://kawalpemilu.org#20768,"MUARA DUA, PRABUMULIH TIMUR, KOTA PRABUMULIH, SUMATERA SELATAN",3,88,128,216
https://kawalpemilu.org#20768,"MUARA DUA, PRABUMULIH TIMUR, KOTA PRABUMULIH, SUMATERA SELATAN",4,41,114,155
https://kawalpemilu.org#20768,"MUARA DUA, PRABUMULIH TIMUR, KOTA PRABUMULIH, SUMATERA SELATAN",5,45,108,153
https://kawalpemilu.org#20768,"MUARA DUA, PRABUMULIH TIMUR, KOTA PRABUMULIH, SUMATERA SELATAN",6,63,120,183
https://kawalpemilu.org#20768,"MUARA DUA, PRABUMULIH TIMUR, KOTA PRABUMULIH, SUMATERA SELATAN",7,53,129,182
https://kawalpemilu.org#20768,"MUARA DUA, PRABUMULIH TIMUR, KOTA PRABUMULIH, SUMATERA SELATAN",8,37,99,136
https://kawalpemilu.org#20768,"MUARA DUA, PRABUMULIH TIMUR, KOTA PRABUMULIH, SUMATERA SELATAN",9,33,108,141
https://kawalpemilu.org#20768,"MUARA DUA, PRABUMULIH TIMUR, KOTA PRABUMULIH, SUMATERA SELATAN",10,58,128,186
https://kawalpemilu.org#20768,"MUARA DUA, PRABUMULIH TIMUR, KOTA PRABUMULIH, SUMATERA SELATAN",11,43,122,165
https://kawalpemilu.org#20768,"MUARA DUA, PRABUMULIH TIMUR, KOTA PRABUMULIH, SUMATERA SELATAN",12,99,128,227
https://kawalpemilu.org#20768,"MUARA DUA, PRABUMULIH TIMUR, KOTA PRABUMULIH, SUMATERA SELATAN",13,80,148,228
https://kawalpemilu.org#20768,"MUARA DUA, PRABUMULIH TIMUR, KOTA PRABUMULIH, SUMATERA SELATAN",14,81,101,182
https://kawalpemilu.org#20768,"MUARA DUA, PRABUMULIH TIMUR, KOTA PRABUMULIH, SUMATERA SELATAN",15,62,71,133
https://kawalpemilu.org#20768,"MUARA DUA, PRABUMULIH TIMUR, KOTA PRABUMULIH, SUMATERA SELATAN",16,70,116,186
https://kawalpemilu.org#20768,"MUARA DUA, PRABUMULIH TIMUR, KOTA PRABUMULIH, SUMATERA SELATAN",17,69,125,194
https://kawalpemilu.org#20768,"MUARA DUA, PRABUMULIH TIMUR, KOTA PRABUMULIH, SUMATERA SELATAN",18,55,142,197
https://kawalpemilu.org#20768,"MUARA DUA, PRABUMULIH TIMUR, KOTA PRABUMULIH, SUMATERA SELATAN",19,66,126,192
https://kawalpemilu.org#20768,"MUARA DUA, PRABUMULIH TIMUR, KOTA PRABUMULIH, SUMATERA SELATAN",20,58,154,212
https://kawalpemilu.org#20768,"MUARA DUA, PRABUMULIH TIMUR, KOTA PRABUMULIH, SUMATERA SELATAN",21,57,71,128
https://kawalpemilu.org#20768,"MUARA DUA, PRABUMULIH TIMUR, KOTA PRABUMULIH, SUMATERA SELATAN",22,53,86,139
https://kawalpemilu.org#20768,"MUARA DUA, PRABUMULIH TIMUR, KOTA PRABUMULIH, SUMATERA SELATAN",23,87,146,233
https://kawalpemilu.org#20768,"MUARA DUA, PRABUMULIH TIMUR, KOTA PRABUMULIH, SUMATERA SELATAN",24,77,94,171
https://kawalpemilu.org#20768,"MUARA DUA, PRABUMULIH TIMUR, KOTA PRABUMULIH, SUMATERA SELATAN",25,58,140,198
https://kawalpemilu.org#20768,"MUARA DUA, PRABUMULIH TIMUR, KOTA PRABUMULIH, SUMATERA SELATAN",26,87,187,274
https://kawalpemilu.org#20768,"MUARA DUA, PRABUMULIH TIMUR, KOTA PRABUMULIH, SUMATERA SELATAN",27,56,145,201
https://kawalpemilu.org#20768,"MUARA DUA, PRABUMULIH TIMUR, KOTA PRABUMULIH, SUMATERA SELATAN",28,65,128,193
https://kawalpemilu.org#20768,"MUARA DUA, PRABUMULIH TIMUR, KOTA PRABUMULIH, SUMATERA SELATAN",29,57,78,135
https://kawalpemilu.org#20768,"MUARA DUA, PRABUMULIH TIMUR, KOTA PRABUMULIH, SUMATERA SELATAN",30,40,47,87
https://kawalpemilu.org#20768,"MUARA DUA, PRABUMULIH TIMUR, KOTA PRABUMULIH, SUMATERA SELATAN",31,52,118,170
https://kawalpemilu.org#20768,"MUARA DUA, PRABUMULIH TIMUR, KOTA PRABUMULIH, SUMATERA SELATAN",32,32,132,164
https://kawalpemilu.org#20768,"MUARA DUA, PRABUMULIH TIMUR, KOTA PRABUMULIH, SUMATERA SELATAN",33,72,87,159
https://kawalpemilu.org#20768,"MUARA DUA, PRABUMULIH TIMUR, KOTA PRABUMULIH, SUMATERA SELATAN",34,53,93,146
https://kawalpemilu.org#20768,"MUARA DUA, PRABUMULIH TIMUR, KOTA PRABUMULIH, SUMATERA SELATAN",35,95,126,221
https://kawalpemilu.org#20769,"GUNUNG IBUL, PRABUMULIH TIMUR, KOTA PRABUMULIH, SUMATERA SELATAN",1,57,153,210
https://kawalpemilu.org#20769,"GUNUNG IBUL, PRABUMULIH TIMUR, KOTA PRABUMULIH, SUMATERA SELATAN",2,43,140,183
https://kawalpemilu.org#20769,"GUNUNG IBUL, PRABUMULIH TIMUR, KOTA PRABUMULIH, SUMATERA SELATAN",3,41,111,152
https://kawalpemilu.org#20769,"GUNUNG IBUL, PRABUMULIH TIMUR, KOTA PRABUMULIH, SUMATERA SELATAN",4,22,112,134
https://kawalpemilu.org#20769,"GUNUNG IBUL, PRABUMULIH TIMUR, KOTA PRABUMULIH, SUMATERA SELATAN",5,24,79,103
https://kawalpemilu.org#20769,"GUNUNG IBUL, PRABUMULIH TIMUR, KOTA PRABUMULIH, SUMATERA SELATAN",6,34,111,145
https://kawalpemilu.org#20769,"GUNUNG IBUL, PRABUMULIH TIMUR, KOTA PRABUMULIH, SUMATERA SELATAN",7,39,104,143
https://kawalpemilu.org#20769,"GUNUNG IBUL, PRABUMULIH TIMUR, KOTA PRABUMULIH, SUMATERA SELATAN",8,50,168,218
https://kawalpemilu.org#20769,"GUNUNG IBUL, PRABUMULIH TIMUR, KOTA PRABUMULIH, SUMATERA SELATAN",9,45,146,191
https://kawalpemilu.org#20769,"GUNUNG IBUL, PRABUMULIH TIMUR, KOTA PRABUMULIH, SUMATERA SELATAN",10,38,102,140
https://kawalpemilu.org#20769,"GUNUNG IBUL, PRABUMULIH TIMUR, KOTA PRABUMULIH, SUMATERA SELATAN",11,42,96,138
https://kawalpemilu.org#20769,"GUNUNG IBUL, PRABUMULIH TIMUR, KOTA PRABUMULIH, SUMATERA SELATAN",12,51,112,163
https://kawalpemilu.org#20769,"GUNUNG IBUL, PRABUMULIH TIMUR, KOTA PRABUMULIH, SUMATERA SELATAN",13,49,100,149
https://kawalpemilu.org#20769,"GUNUNG IBUL, PRABUMULIH TIMUR, KOTA PRABUMULIH, SUMATERA SELATAN",14,37,143,180
https://kawalpemilu.org#20769,"GUNUNG IBUL, PRABUMULIH TIMUR, KOTA PRABUMULIH, SUMATERA SELATAN",15,33,124,157
https://kawalpemilu.org#20769,"GUNUNG IBUL, PRABUMULIH TIMUR, KOTA PRABUMULIH, SUMATERA SELATAN",16,63,126,189
https://kawalpemilu.org#20769,"GUNUNG IBUL, PRABUMULIH TIMUR, KOTA PRABUMULIH, SUMATERA SELATAN",17,52,97,149
https://kawalpemilu.org#20769,"GUNUNG IBUL, PRABUMULIH TIMUR, KOTA PRABUMULIH, SUMATERA SELATAN",18,60,160,166
https://kawalpemilu.org#20769,"GUNUNG IBUL, PRABUMULIH TIMUR, KOTA PRABUMULIH, SUMATERA SELATAN",19,62,166,228
https://kawalpemilu.org#20769,"GUNUNG IBUL, PRABUMULIH TIMUR, KOTA PRABUMULIH, SUMATERA SELATAN",20,51,167,218
https://kawalpemilu.org#20769,"GUNUNG IBUL, PRABUMULIH TIMUR, KOTA PRABUMULIH, SUMATERA SELATAN",21,52,140,192
https://kawalpemilu.org#20769,"GUNUNG IBUL, PRABUMULIH TIMUR, KOTA PRABUMULIH, SUMATERA SELATAN",22,48,140,188
https://kawalpemilu.org#20769,"GUNUNG IBUL, PRABUMULIH TIMUR, KOTA PRABUMULIH, SUMATERA SELATAN",23,54,161,215
https://kawalpemilu.org#20769,"GUNUNG IBUL, PRABUMULIH TIMUR, KOTA PRABUMULIH, SUMATERA SELATAN",24,55,169,224
https://kawalpemilu.org#20769,"GUNUNG IBUL, PRABUMULIH TIMUR, KOTA PRABUMULIH, SUMATERA SELATAN",25,62,102,164
https://kawalpemilu.org#20769,"GUNUNG IBUL, PRABUMULIH TIMUR, KOTA PRABUMULIH, SUMATERA SELATAN",26,51,124,175
https://kawalpemilu.org#20769,"GUNUNG IBUL, PRABUMULIH TIMUR, KOTA PRABUMULIH, SUMATERA SELATAN",27,70,109,179
https://kawalpemilu.org#20769,"GUNUNG IBUL, PRABUMULIH TIMUR, KOTA PRABUMULIH, SUMATERA SELATAN",28,88,130,218
https://kawalpemilu.org#20769,"GUNUNG IBUL, PRABUMULIH TIMUR, KOTA PRABUMULIH, SUMATERA SELATAN",29,91,83,174
https://kawalpemilu.org#20769,"GUNUNG IBUL, PRABUMULIH TIMUR, KOTA PRABUMULIH, SUMATERA SELATAN",30,62,96,158
https://kawalpemilu.org#20769,"GUNUNG IBUL, PRABUMULIH TIMUR, KOTA PRABUMULIH, SUMATERA SELATAN",31,53,104,157
https://kawalpemilu.org#20769,"GUNUNG IBUL, PRABUMULIH TIMUR, KOTA PRABUMULIH, SUMATERA SELATAN",32,46,147,193
https://kawalpemilu.org#20769,"GUNUNG IBUL, PRABUMULIH TIMUR, KOTA PRABUMULIH, SUMATERA SELATAN",33,67,150,217
https://kawalpemilu.org#20769,"GUNUNG IBUL, PRABUMULIH TIMUR, KOTA PRABUMULIH, SUMATERA SELATAN",34,65,139,204
https://kawalpemilu.org#20769,"GUNUNG IBUL, PRABUMULIH TIMUR, KOTA PRABUMULIH, SUMATERA SELATAN",35,49,68,117
https://kawalpemilu.org#20769,"GUNUNG IBUL, PRABUMULIH TIMUR, KOTA PRABUMULIH, SUMATERA SELATAN",36,46,125,171
https://kawalpemilu.org#20769,"GUNUNG IBUL, PRABUMULIH TIMUR, KOTA PRABUMULIH, SUMATERA SELATAN",37,64,116,180
https://kawalpemilu.org#20769,"GUNUNG IBUL, PRABUMULIH TIMUR, KOTA PRABUMULIH, SUMATERA SELATAN",38,60,124,184
https://kawalpemilu.org#20769,"GUNUNG IBUL, PRABUMULIH TIMUR, KOTA PRABUMULIH, SUMATERA SELATAN",39,51,137,188
https://kawalpemilu.org#20769,"GUNUNG IBUL, PRABUMULIH TIMUR, KOTA PRABUMULIH, SUMATERA SELATAN",40,52,139,191
https://kawalpemilu.org#20769,"GUNUNG IBUL, PRABUMULIH TIMUR, KOTA PRABUMULIH, SUMATERA SELATAN",41,54,168,222
https://kawalpemilu.org#20769,"GUNUNG IBUL, PRABUMULIH TIMUR, KOTA PRABUMULIH, SUMATERA SELATAN",42,73,182,255
https://kawalpemilu.org#20769,"GUNUNG IBUL, PRABUMULIH TIMUR, KOTA PRABUMULIH, SUMATERA SELATAN",43,35,89,124
https://kawalpemilu.org#20769,"GUNUNG IBUL, PRABUMULIH TIMUR, KOTA PRABUMULIH, SUMATERA SELATAN",44,61,110,171
https://kawalpemilu.org#20769,"GUNUNG IBUL, PRABUMULIH TIMUR, KOTA PRABUMULIH, SUMATERA SELATAN",45,36,89,125
https://kawalpemilu.org#20769,"GUNUNG IBUL, PRABUMULIH TIMUR, KOTA PRABUMULIH, SUMATERA SELATAN",46,25,173,198
https://kawalpemilu.org#20769,"GUNUNG IBUL, PRABUMULIH TIMUR, KOTA PRABUMULIH, SUMATERA SELATAN",47,31,120,151
https://kawalpemilu.org#20769,"GUNUNG IBUL, PRABUMULIH TIMUR, KOTA PRABUMULIH, SUMATERA SELATAN",48,46,97,143
https://kawalpemilu.org#20769,"GUNUNG IBUL, PRABUMULIH TIMUR, KOTA PRABUMULIH, SUMATERA SELATAN",49,43,111,154
https://kawalpemilu.org#20769,"GUNUNG IBUL, PRABUMULIH TIMUR, KOTA PRABUMULIH, SUMATERA SELATAN",50,57,104,161
https://kawalpemilu.org#20769,"GUNUNG IBUL, PRABUMULIH TIMUR, KOTA PRABUMULIH, SUMATERA SELATAN",51,43,140,183
https://kawalpemilu.org#20769,"GUNUNG IBUL, PRABUMULIH TIMUR, KOTA PRABUMULIH, SUMATERA SELATAN",52,42,101,143
https://kawalpemilu.org#20769,"GUNUNG IBUL, PRABUMULIH TIMUR, KOTA PRABUMULIH, SUMATERA SELATAN",53,46,95,141
https://kawalpemilu.org#20769,"GUNUNG IBUL, PRABUMULIH TIMUR, KOTA PRABUMULIH, SUMATERA SELATAN",54,30,131,161
https://kawalpemilu.org#20769,"GUNUNG IBUL, PRABUMULIH TIMUR, KOTA PRABUMULIH, SUMATERA SELATAN",55,33,125,158
https://kawalpemilu.org#20769,"GUNUNG IBUL, PRABUMULIH TIMUR, KOTA PRABUMULIH, SUMATERA SELATAN",56,43,105,148
https://kawalpemilu.org#20769,"GUNUNG IBUL, PRABUMULIH TIMUR, KOTA PRABUMULIH, SUMATERA SELATAN",57,54,132,186
https://kawalpemilu.org#20769,"GUNUNG IBUL, PRABUMULIH TIMUR, KOTA PRABUMULIH, SUMATERA SELATAN",58,48,135,183
https://kawalpemilu.org#20769,"GUNUNG IBUL, PRABUMULIH TIMUR, KOTA PRABUMULIH, SUMATERA SELATAN",59,72,132,204
https://kawalpemilu.org#20769,"GUNUNG IBUL, PRABUMULIH TIMUR, KOTA PRABUMULIH, SUMATERA SELATAN",60,76,99,175
https://kawalpemilu.org#20769,"GUNUNG IBUL, PRABUMULIH TIMUR, KOTA PRABUMULIH, SUMATERA SELATAN",61,77,151,228
https://kawalpemilu.org#20769,"GUNUNG IBUL, PRABUMULIH TIMUR, KOTA PRABUMULIH, SUMATERA SELATAN",62,40,118,158
https://kawalpemilu.org#20769,"GUNUNG IBUL, PRABUMULIH TIMUR, KOTA PRABUMULIH, SUMATERA SELATAN",63,44,102,146
https://kawalpemilu.org#20769,"GUNUNG IBUL, PRABUMULIH TIMUR, KOTA PRABUMULIH, SUMATERA SELATAN",64,62,130,192
https://kawalpemilu.org#20769,"GUNUNG IBUL, PRABUMULIH TIMUR, KOTA PRABUMULIH, SUMATERA SELATAN",65,59,142,201
https://kawalpemilu.org#20769,"GUNUNG IBUL, PRABUMULIH TIMUR, KOTA PRABUMULIH, SUMATERA SELATAN",66,67,125,192
https://kawalpemilu.org#20769,"GUNUNG IBUL, PRABUMULIH TIMUR, KOTA PRABUMULIH, SUMATERA SELATAN",67,55,134,189
https://kawalpemilu.org#20769,"GUNUNG IBUL, PRABUMULIH TIMUR, KOTA PRABUMULIH, SUMATERA SELATAN",68,65,132,197
https://kawalpemilu.org#20769,"GUNUNG IBUL, PRABUMULIH TIMUR, KOTA PRABUMULIH, SUMATERA SELATAN",69,74,117,191
https://kawalpemilu.org#20769,"GUNUNG IBUL, PRABUMULIH TIMUR, KOTA PRABUMULIH, SUMATERA SELATAN",70,79,159,238
https://kawalpemilu.org#20770,"GUNUNG IBUL BARAT, PRABUMULIH TIMUR, KOTA PRABUMULIH, SUMATERA SELATAN",1,46,114,160
https://kawalpemilu.org#20770,"GUNUNG IBUL BARAT, PRABUMULIH TIMUR, KOTA PRABUMULIH, SUMATERA SELATAN",2,46,111,157
https://kawalpemilu.org#20770,"GUNUNG IBUL BARAT, PRABUMULIH TIMUR, KOTA PRABUMULIH, SUMATERA SELATAN",3,41,118,159
https://kawalpemilu.org#20770,"GUNUNG IBUL BARAT, PRABUMULIH TIMUR, KOTA PRABUMULIH, SUMATERA SELATAN",4,45,107,152
https://kawalpemilu.org#20770,"GUNUNG IBUL BARAT, PRABUMULIH TIMUR, KOTA PRABUMULIH, SUMATERA SELATAN",5,39,112,151
https://kawalpemilu.org#20770,"GUNUNG IBUL BARAT, PRABUMULIH TIMUR, KOTA PRABUMULIH, SUMATERA SELATAN",6,44,117,161
https://kawalpemilu.org#20770,"GUNUNG IBUL BARAT, PRABUMULIH TIMUR, KOTA PRABUMULIH, SUMATERA SELATAN",7,9,168,177
https://kawalpemilu.org#20770,"GUNUNG IBUL BARAT, PRABUMULIH TIMUR, KOTA PRABUMULIH, SUMATERA SELATAN",8,66,123,189
https://kawalpemilu.org#20770,"GUNUNG IBUL BARAT, PRABUMULIH TIMUR, KOTA PRABUMULIH, SUMATERA SELATAN",9,41,147,188
https://kawalpemilu.org#20770,"GUNUNG IBUL BARAT, PRABUMULIH TIMUR, KOTA PRABUMULIH, SUMATERA SELATAN",10,56,164,220
https://kawalpemilu.org#20770,"GUNUNG IBUL BARAT, PRABUMULIH TIMUR, KOTA PRABUMULIH, SUMATERA SELATAN",11,70,156,226
https://kawalpemilu.org#20770,"GUNUNG IBUL BARAT, PRABUMULIH TIMUR, KOTA PRABUMULIH, SUMATERA SELATAN",12,55,133,188
https://kawalpemilu.org#20770,"GUNUNG IBUL BARAT, PRABUMULIH TIMUR, KOTA PRABUMULIH, SUMATERA SELATAN",13,50,98,148
https://kawalpemilu.org#20770,"GUNUNG IBUL BARAT, PRABUMULIH TIMUR, KOTA PRABUMULIH, SUMATERA SELATAN",14,64,87,151
https://kawalpemilu.org#20770,"GUNUNG IBUL BARAT, PRABUMULIH TIMUR, KOTA PRABUMULIH, SUMATERA SELATAN",15,86,90,176
https://kawalpemilu.org#20770,"GUNUNG IBUL BARAT, PRABUMULIH TIMUR, KOTA PRABUMULIH, SUMATERA SELATAN",16,61,89,150
https://kawalpemilu.org#20770,"GUNUNG IBUL BARAT, PRABUMULIH TIMUR, KOTA PRABUMULIH, SUMATERA SELATAN",17,50,93,143
https://kawalpemilu.org#20770,"GUNUNG IBUL BARAT, PRABUMULIH TIMUR, KOTA PRABUMULIH, SUMATERA SELATAN",18,55,105,160
https://kawalpemilu.org#20770,"GUNUNG IBUL BARAT, PRABUMULIH TIMUR, KOTA PRABUMULIH, SUMATERA SELATAN",19,60,93,153
https://kawalpemilu.org#20770,"GUNUNG IBUL BARAT, PRABUMULIH TIMUR, KOTA PRABUMULIH, SUMATERA SELATAN",20,44,88,132
https://kawalpemilu.org#20771,"KARANG JAYA, PRABUMULIH TIMUR, KOTA PRABUMULIH, SUMATERA SELATAN",1,20,126,146
https://kawalpemilu.org#20771,"KARANG JAYA, PRABUMULIH TIMUR, KOTA PRABUMULIH, SUMATERA SELATAN",2,10,91,101
https://kawalpemilu.org#20771,"KARANG JAYA, PRABUMULIH TIMUR, KOTA PRABUMULIH, SUMATERA SELATAN",3,15,211,226
https://kawalpemilu.org#20771,"KARANG JAYA, PRABUMULIH TIMUR, KOTA PRABUMULIH, SUMATERA SELATAN",4,10,157,167
https://kawalpemilu.org#20771,"KARANG JAYA, PRABUMULIH TIMUR, KOTA PRABUMULIH, SUMATERA SELATAN",5,14,115,129
https://kawalpemilu.org#20771,"KARANG JAYA, PRABUMULIH TIMUR, KOTA PRABUMULIH, SUMATERA SELATAN",6,17,208,225
https://kawalpemilu.org#20771,"KARANG JAYA, PRABUMULIH TIMUR, KOTA PRABUMULIH, SUMATERA SELATAN",7,20,160,180
https://kawalpemilu.org#20771,"KARANG JAYA, PRABUMULIH TIMUR, KOTA PRABUMULIH, SUMATERA SELATAN",8,13,149,162
https://kawalpemilu.org#20771,"KARANG JAYA, PRABUMULIH TIMUR, KOTA PRABUMULIH, SUMATERA SELATAN",9,18,92,110
https://kawalpemilu.org#20771,"KARANG JAYA, PRABUMULIH TIMUR, KOTA PRABUMULIH, SUMATERA SELATAN",10,17,189,206
https://kawalpemilu.org#20771,"KARANG JAYA, PRABUMULIH TIMUR, KOTA PRABUMULIH, SUMATERA SELATAN",11,30,201,231
https://kawalpemilu.org#20771,"KARANG JAYA, PRABUMULIH TIMUR, KOTA PRABUMULIH, SUMATERA SELATAN",12,33,202,235
https://kawalpemilu.org#20771,"KARANG JAYA, PRABUMULIH TIMUR, KOTA PRABUMULIH, SUMATERA SELATAN",13,36,134,170
https://kawalpemilu.org#20771,"KARANG JAYA, PRABUMULIH TIMUR, KOTA PRABUMULIH, SUMATERA SELATAN",14,34,97,131
https://kawalpemilu.org#20772,"TUGU KECIL, PRABUMULIH TIMUR, KOTA PRABUMULIH, SUMATERA SELATAN",1,73,79,152
https://kawalpemilu.org#20772,"TUGU KECIL, PRABUMULIH TIMUR, KOTA PRABUMULIH, SUMATERA SELATAN",2,68,93,161
https://kawalpemilu.org#20772,"TUGU KECIL, PRABUMULIH TIMUR, KOTA PRABUMULIH, SUMATERA SELATAN",3,57,89,146
https://kawalpemilu.org#20772,"TUGU KECIL, PRABUMULIH TIMUR, KOTA PRABUMULIH, SUMATERA SELATAN",4,64,89,153
https://kawalpemilu.org#20772,"TUGU KECIL, PRABUMULIH TIMUR, KOTA PRABUMULIH, SUMATERA SELATAN",5,64,114,178
https://kawalpemilu.org#20772,"TUGU KECIL, PRABUMULIH TIMUR, KOTA PRABUMULIH, SUMATERA SELATAN",6,53,98,151
https://kawalpemilu.org#20772,"TUGU KECIL, PRABUMULIH TIMUR, KOTA PRABUMULIH, SUMATERA SELATAN",7,71,76,147
https://kawalpemilu.org#20772,"TUGU KECIL, PRABUMULIH TIMUR, KOTA PRABUMULIH, SUMATERA SELATAN",8,72,82,154
https://kawalpemilu.org#20772,"TUGU KECIL, PRABUMULIH TIMUR, KOTA PRABUMULIH, SUMATERA SELATAN",9,53,54,107
https://kawalpemilu.org#20772,"TUGU KECIL, PRABUMULIH TIMUR, KOTA PRABUMULIH, SUMATERA SELATAN",10,68,83,151
https://kawalpemilu.org#20772,"TUGU KECIL, PRABUMULIH TIMUR, KOTA PRABUMULIH, SUMATERA SELATAN",11,42,78,120
https://kawalpemilu.org#20772,"TUGU KECIL, PRABUMULIH TIMUR, KOTA PRABUMULIH, SUMATERA SELATAN",12,30,71,101
https://kawalpemilu.org#20772,"TUGU KECIL, PRABUMULIH TIMUR, KOTA PRABUMULIH, SUMATERA SELATAN",13,74,102,176
https://kawalpemilu.org#20772,"TUGU KECIL, PRABUMULIH TIMUR, KOTA PRABUMULIH, SUMATERA SELATAN",14,60,92,152
https://kawalpemilu.org#20772,"TUGU KECIL, PRABUMULIH TIMUR, KOTA PRABUMULIH, SUMATERA SELATAN",15,111,30,141
https://kawalpemilu.org#20773,"PRABU JAYA, PRABUMULIH TIMUR, KOTA PRABUMULIH, SUMATERA SELATAN",1,74,117,191
https://kawalpemilu.org#20773,"PRABU JAYA, PRABUMULIH TIMUR, KOTA PRABUMULIH, SUMATERA SELATAN",2,50,120,170
https://kawalpemilu.org#20773,"PRABU JAYA, PRABUMULIH TIMUR, KOTA PRABUMULIH, SUMATERA SELATAN",3,39,100,139
https://kawalpemilu.org#20773,"PRABU JAYA, PRABUMULIH TIMUR, KOTA PRABUMULIH, SUMATERA SELATAN",4,52,98,150
https://kawalpemilu.org#20773,"PRABU JAYA, PRABUMULIH TIMUR, KOTA PRABUMULIH, SUMATERA SELATAN",5,67,130,197
https://kawalpemilu.org#20773,"PRABU JAYA, PRABUMULIH TIMUR, KOTA PRABUMULIH, SUMATERA SELATAN",6,24,70,94
https://kawalpemilu.org#20773,"PRABU JAYA, PRABUMULIH TIMUR, KOTA PRABUMULIH, SUMATERA SELATAN",7,39,96,135
https://kawalpemilu.org#20773,"PRABU JAYA, PRABUMULIH TIMUR, KOTA PRABUMULIH, SUMATERA SELATAN",8,42,94,136
https://kawalpemilu.org#20773,"PRABU JAYA, PRABUMULIH TIMUR, KOTA PRABUMULIH, SUMATERA SELATAN",9,93,141,234
https://kawalpemilu.org#20773,"PRABU JAYA, PRABUMULIH TIMUR, KOTA PRABUMULIH, SUMATERA SELATAN",10,59,117,176
https://kawalpemilu.org#20773,"PRABU JAYA, PRABUMULIH TIMUR, KOTA PRABUMULIH, SUMATERA SELATAN",11,36,123,159
https://kawalpemilu.org#20773,"PRABU JAYA, PRABUMULIH TIMUR, KOTA PRABUMULIH, SUMATERA SELATAN",12,79,157,236
https://kawalpemilu.org#20773,"PRABU JAYA, PRABUMULIH TIMUR, KOTA PRABUMULIH, SUMATERA SELATAN",13,67,84,151
https://kawalpemilu.org#20773,"PRABU JAYA, PRABUMULIH TIMUR, KOTA PRABUMULIH, SUMATERA SELATAN",14,64,100,164
https://kawalpemilu.org#20773,"PRABU JAYA, PRABUMULIH TIMUR, KOTA PRABUMULIH, SUMATERA SELATAN",15,61,75,136
https://kawalpemilu.org#20773,"PRABU JAYA, PRABUMULIH TIMUR, KOTA PRABUMULIH, SUMATERA SELATAN",16,67,76,143
https://kawalpemilu.org#20773,"PRABU JAYA, PRABUMULIH TIMUR, KOTA PRABUMULIH, SUMATERA SELATAN",17,74,62,136
https://kawalpemilu.org#20773,"PRABU JAYA, PRABUMULIH TIMUR, KOTA PRABUMULIH, SUMATERA SELATAN",18,57,115,172
https://kawalpemilu.org#20773,"PRABU JAYA, PRABUMULIH TIMUR, KOTA PRABUMULIH, SUMATERA SELATAN",19,74,152,226
https://kawalpemilu.org#20773,"PRABU JAYA, PRABUMULIH TIMUR, KOTA PRABUMULIH, SUMATERA SELATAN",20,86,161,247
https://kawalpemilu.org#20773,"PRABU JAYA, PRABUMULIH TIMUR, KOTA PRABUMULIH, SUMATERA SELATAN",21,85,78,163
https://kawalpemilu.org#20773,"PRABU JAYA, PRABUMULIH TIMUR, KOTA PRABUMULIH, SUMATERA SELATAN",22,70,186,256
https://kawalpemilu.org#20773,"PRABU JAYA, PRABUMULIH TIMUR, KOTA PRABUMULIH, SUMATERA SELATAN",23,68,74,142
https://kawalpemilu.org#20773,"PRABU JAYA, PRABUMULIH TIMUR, KOTA PRABUMULIH, SUMATERA SELATAN",24,58,71,129
https://kawalpemilu.org#20773,"PRABU JAYA, PRABUMULIH TIMUR, KOTA PRABUMULIH, SUMATERA SELATAN",25,50,82,132
https://kawalpemilu.org#20773,"PRABU JAYA, PRABUMULIH TIMUR, KOTA PRABUMULIH, SUMATERA SELATAN",26,32,60,92
https://kawalpemilu.org#20773,"PRABU JAYA, PRABUMULIH TIMUR, KOTA PRABUMULIH, SUMATERA SELATAN",27,73,108,181
https://kawalpemilu.org#20773,"PRABU JAYA, PRABUMULIH TIMUR, KOTA PRABUMULIH, SUMATERA SELATAN",28,78,85,163
https://kawalpemilu.org#20773,"PRABU JAYA, PRABUMULIH TIMUR, KOTA PRABUMULIH, SUMATERA SELATAN",29,109,109,218
https://kawalpemilu.org#20773,"PRABU JAYA, PRABUMULIH TIMUR, KOTA PRABUMULIH, SUMATERA SELATAN",30,49,136,185
https://kawalpemilu.org#20773,"PRABU JAYA, PRABUMULIH TIMUR, KOTA PRABUMULIH, SUMATERA SELATAN",31,74,110,184
https://kawalpemilu.org#20773,"PRABU JAYA, PRABUMULIH TIMUR, KOTA PRABUMULIH, SUMATERA SELATAN",32,65,93,158
https://kawalpemilu.org#20773,"PRABU JAYA, PRABUMULIH TIMUR, KOTA PRABUMULIH, SUMATERA SELATAN",33,63,86,149
https://kawalpemilu.org#20773,"PRABU JAYA, PRABUMULIH TIMUR, KOTA PRABUMULIH, SUMATERA SELATAN",34,80,131,211
https://kawalpemilu.org#20773,"PRABU JAYA, PRABUMULIH TIMUR, KOTA PRABUMULIH, SUMATERA SELATAN",35,44,96,140
https://kawalpemilu.org#20773,"PRABU JAYA, PRABUMULIH TIMUR, KOTA PRABUMULIH, SUMATERA SELATAN",36,39,97,136
https://kawalpemilu.org#20773,"PRABU JAYA, PRABUMULIH TIMUR, KOTA PRABUMULIH, SUMATERA SELATAN",37,96,117,213
https://kawalpemilu.org#20773,"PRABU JAYA, PRABUMULIH TIMUR, KOTA PRABUMULIH, SUMATERA SELATAN",38,76,75,151
https://kawalpemilu.org#20773,"PRABU JAYA, PRABUMULIH TIMUR, KOTA PRABUMULIH, SUMATERA SELATAN",39,49,59,108
https://kawalpemilu.org#20773,"PRABU JAYA, PRABUMULIH TIMUR, KOTA PRABUMULIH, SUMATERA SELATAN",40,83,86,169
https://kawalpemilu.org#20774,"SUKAJADI, PRABUMULIH TIMUR, KOTA PRABUMULIH, SUMATERA SELATAN",1,76,139,215
https://kawalpemilu.org#20774,"SUKAJADI, PRABUMULIH TIMUR, KOTA PRABUMULIH, SUMATERA SELATAN",2,48,136,184
https://kawalpemilu.org#20774,"SUKAJADI, PRABUMULIH TIMUR, KOTA PRABUMULIH, SUMATERA SELATAN",3,79,107,186
https://kawalpemilu.org#20774,"SUKAJADI, PRABUMULIH TIMUR, KOTA PRABUMULIH, SUMATERA SELATAN",4,60,145,205
https://kawalpemilu.org#20774,"SUKAJADI, PRABUMULIH TIMUR, KOTA PRABUMULIH, SUMATERA SELATAN",5,44,106,150
https://kawalpemilu.org#20774,"SUKAJADI, PRABUMULIH TIMUR, KOTA PRABUMULIH, SUMATERA SELATAN",6,56,112,168
https://kawalpemilu.org#20774,"SUKAJADI, PRABUMULIH TIMUR, KOTA PRABUMULIH, SUMATERA SELATAN",7,47,140,187
https://kawalpemilu.org#20774,"SUKAJADI, PRABUMULIH TIMUR, KOTA PRABUMULIH, SUMATERA SELATAN",8,47,131,178
https://kawalpemilu.org#20774,"SUKAJADI, PRABUMULIH TIMUR, KOTA PRABUMULIH, SUMATERA SELATAN",9,82,100,182
https://kawalpemilu.org#20774,"SUKAJADI, PRABUMULIH TIMUR, KOTA PRABUMULIH, SUMATERA SELATAN",10,79,126,205
https://kawalpemilu.org#20774,"SUKAJADI, PRABUMULIH TIMUR, KOTA PRABUMULIH, SUMATERA SELATAN",11,61,178,239
https://kawalpemilu.org#20774,"SUKAJADI, PRABUMULIH TIMUR, KOTA PRABUMULIH, SUMATERA SELATAN",12,55,130,185
https://kawalpemilu.org#20774,"SUKAJADI, PRABUMULIH TIMUR, KOTA PRABUMULIH, SUMATERA SELATAN",13,57,120,177
https://kawalpemilu.org#20774,"SUKAJADI, PRABUMULIH TIMUR, KOTA PRABUMULIH, SUMATERA SELATAN",14,96,107,203
https://kawalpemilu.org#20774,"SUKAJADI, PRABUMULIH TIMUR, KOTA PRABUMULIH, SUMATERA SELATAN",15,69,159,228
https://kawalpemilu.org#20774,"SUKAJADI, PRABUMULIH TIMUR, KOTA PRABUMULIH, SUMATERA SELATAN",16,51,140,191
https://kawalpemilu.org#20774,"SUKAJADI, PRABUMULIH TIMUR, KOTA PRABUMULIH, SUMATERA SELATAN",17,66,159,225
https://kawalpemilu.org#20774,"SUKAJADI, PRABUMULIH TIMUR, KOTA PRABUMULIH, SUMATERA SELATAN",18,68,127,195
https://kawalpemilu.org#20774,"SUKAJADI, PRABUMULIH TIMUR, KOTA PRABUMULIH, SUMATERA SELATAN",19,62,121,183
https://kawalpemilu.org#20774,"SUKAJADI, PRABUMULIH TIMUR, KOTA PRABUMULIH, SUMATERA SELATAN",20,81,121,202
https://kawalpemilu.org#20774,"SUKAJADI, PRABUMULIH TIMUR, KOTA PRABUMULIH, SUMATERA SELATAN",21,82,98,180
https://kawalpemilu.org#20774,"SUKAJADI, PRABUMULIH TIMUR, KOTA PRABUMULIH, SUMATERA SELATAN",22,78,144,222
https://kawalpemilu.org#20774,"SUKAJADI, PRABUMULIH TIMUR, KOTA PRABUMULIH, SUMATERA SELATAN",23,51,160,211
https://kawalpemilu.org#20776,"CAMBAI, CAMBAI, KOTA PRABUMULIH, SUMATERA SELATAN",2,31,129,160
https://kawalpemilu.org#20776,"CAMBAI, CAMBAI, KOTA PRABUMULIH, SUMATERA SELATAN",3,23,79,102
https://kawalpemilu.org#20776,"CAMBAI, CAMBAI, KOTA PRABUMULIH, SUMATERA SELATAN",4,22,87,109
https://kawalpemilu.org#20776,"CAMBAI, CAMBAI, KOTA PRABUMULIH, SUMATERA SELATAN",5,65,212,277
https://kawalpemilu.org#20776,"CAMBAI, CAMBAI, KOTA PRABUMULIH, SUMATERA SELATAN",6,26,98,124
https://kawalpemilu.org#20776,"CAMBAI, CAMBAI, KOTA PRABUMULIH, SUMATERA SELATAN",7,43,113,156
https://kawalpemilu.org#20776,"CAMBAI, CAMBAI, KOTA PRABUMULIH, SUMATERA SELATAN",8,36,141,177
https://kawalpemilu.org#20776,"CAMBAI, CAMBAI, KOTA PRABUMULIH, SUMATERA SELATAN",9,30,113,143
https://kawalpemilu.org#20776,"CAMBAI, CAMBAI, KOTA PRABUMULIH, SUMATERA SELATAN",10,33,62,95
https://kawalpemilu.org#20776,"CAMBAI, CAMBAI, KOTA PRABUMULIH, SUMATERA SELATAN",11,103,102,205
https://kawalpemilu.org#20776,"CAMBAI, CAMBAI, KOTA PRABUMULIH, SUMATERA SELATAN",12,89,129,218
https://kawalpemilu.org#20776,"CAMBAI, CAMBAI, KOTA PRABUMULIH, SUMATERA SELATAN",13,38,71,109
https://kawalpemilu.org#20776,"CAMBAI, CAMBAI, KOTA PRABUMULIH, SUMATERA SELATAN",14,64,56,120
https://kawalpemilu.org#20776,"CAMBAI, CAMBAI, KOTA PRABUMULIH, SUMATERA SELATAN",15,55,39,94
https://kawalpemilu.org#20776,"CAMBAI, CAMBAI, KOTA PRABUMULIH, SUMATERA SELATAN",16,32,38,70
https://kawalpemilu.org#20776,"CAMBAI, CAMBAI, KOTA PRABUMULIH, SUMATERA SELATAN",17,64,163,227
https://kawalpemilu.org#20776,"CAMBAI, CAMBAI, KOTA PRABUMULIH, SUMATERA SELATAN",18,65,138,203
https://kawalpemilu.org#20777,"SINDUR, CAMBAI, KOTA PRABUMULIH, SUMATERA SELATAN",1,86,129,215
https://kawalpemilu.org#20777,"SINDUR, CAMBAI, KOTA PRABUMULIH, SUMATERA SELATAN",2,82,75,157
https://kawalpemilu.org#20777,"SINDUR, CAMBAI, KOTA PRABUMULIH, SUMATERA SELATAN",3,68,93,161
https://kawalpemilu.org#20777,"SINDUR, CAMBAI, KOTA PRABUMULIH, SUMATERA SELATAN",4,72,82,154
https://kawalpemilu.org#20777,"SINDUR, CAMBAI, KOTA PRABUMULIH, SUMATERA SELATAN",5,85,108,193
https://kawalpemilu.org#20777,"SINDUR, CAMBAI, KOTA PRABUMULIH, SUMATERA SELATAN",6,59,73,132
https://kawalpemilu.org#20777,"SINDUR, CAMBAI, KOTA PRABUMULIH, SUMATERA SELATAN",7,53,66,119
https://kawalpemilu.org#20777,"SINDUR, CAMBAI, KOTA PRABUMULIH, SUMATERA SELATAN",8,62,71,133
https://kawalpemilu.org#20778,"PANGKUL, CAMBAI, KOTA PRABUMULIH, SUMATERA SELATAN",1,28,144,172
https://kawalpemilu.org#20778,"PANGKUL, CAMBAI, KOTA PRABUMULIH, SUMATERA SELATAN",2,25,198,223
https://kawalpemilu.org#20778,"PANGKUL, CAMBAI, KOTA PRABUMULIH, SUMATERA SELATAN",3,34,164,198
https://kawalpemilu.org#20778,"PANGKUL, CAMBAI, KOTA PRABUMULIH, SUMATERA SELATAN",4,24,178,202
https://kawalpemilu.org#20778,"PANGKUL, CAMBAI, KOTA PRABUMULIH, SUMATERA SELATAN",5,33,160,193
https://kawalpemilu.org#20778,"PANGKUL, CAMBAI, KOTA PRABUMULIH, SUMATERA SELATAN",6,51,147,198
https://kawalpemilu.org#20778,"PANGKUL, CAMBAI, KOTA PRABUMULIH, SUMATERA SELATAN",7,63,127,190
https://kawalpemilu.org#20778,"PANGKUL, CAMBAI, KOTA PRABUMULIH, SUMATERA SELATAN",8,113,64,177
https://kawalpemilu.org#20778,"PANGKUL, CAMBAI, KOTA PRABUMULIH, SUMATERA SELATAN",9,142,64,206
https://kawalpemilu.org#20778,"PANGKUL, CAMBAI, KOTA PRABUMULIH, SUMATERA SELATAN",10,36,148,184
https://kawalpemilu.org#20778,"PANGKUL, CAMBAI, KOTA PRABUMULIH, SUMATERA SELATAN",11,25,170,195
https://kawalpemilu.org#20778,"PANGKUL, CAMBAI, KOTA PRABUMULIH, SUMATERA SELATAN",12,81,73,154
https://kawalpemilu.org#20778,"PANGKUL, CAMBAI, KOTA PRABUMULIH, SUMATERA SELATAN",13,116,69,185
https://kawalpemilu.org#20779,"MUARA SUNGAI, CAMBAI, KOTA PRABUMULIH, SUMATERA SELATAN",1,30,169,199
https://kawalpemilu.org#20779,"MUARA SUNGAI, CAMBAI, KOTA PRABUMULIH, SUMATERA SELATAN",2,15,164,179
https://kawalpemilu.org#20779,"MUARA SUNGAI, CAMBAI, KOTA PRABUMULIH, SUMATERA SELATAN",3,31,149,180
https://kawalpemilu.org#20779,"MUARA SUNGAI, CAMBAI, KOTA PRABUMULIH, SUMATERA SELATAN",4,40,154,194
https://kawalpemilu.org#20779,"MUARA SUNGAI, CAMBAI, KOTA PRABUMULIH, SUMATERA SELATAN",5,33,154,187
https://kawalpemilu.org#20779,"MUARA SUNGAI, CAMBAI, KOTA PRABUMULIH, SUMATERA SELATAN",6,18,167,185
https://kawalpemilu.org#20779,"MUARA SUNGAI, CAMBAI, KOTA PRABUMULIH, SUMATERA SELATAN",7,47,152,199
https://kawalpemilu.org#20779,"MUARA SUNGAI, CAMBAI, KOTA PRABUMULIH, SUMATERA SELATAN",8,32,164,196
https://kawalpemilu.org#20780,"SUNGAI MEDANG, CAMBAI, KOTA PRABUMULIH, SUMATERA SELATAN",1,59,121,180
https://kawalpemilu.org#20780,"SUNGAI MEDANG, CAMBAI, KOTA PRABUMULIH, SUMATERA SELATAN",2,52,113,165
https://kawalpemilu.org#20780,"SUNGAI MEDANG, CAMBAI, KOTA PRABUMULIH, SUMATERA SELATAN",3,50,141,191
https://kawalpemilu.org#20780,"SUNGAI MEDANG, CAMBAI, KOTA PRABUMULIH, SUMATERA SELATAN",4,30,111,141
https://kawalpemilu.org#20780,"SUNGAI MEDANG, CAMBAI, KOTA PRABUMULIH, SUMATERA SELATAN",5,52,128,180
https://kawalpemilu.org#20780,"SUNGAI MEDANG, CAMBAI, KOTA PRABUMULIH, SUMATERA SELATAN",6,53,137,190
https://kawalpemilu.org#20780,"SUNGAI MEDANG, CAMBAI, KOTA PRABUMULIH, SUMATERA SELATAN",7,51,131,182
https://kawalpemilu.org#20780,"SUNGAI MEDANG, CAMBAI, KOTA PRABUMULIH, SUMATERA SELATAN",8,46,119,165
https://kawalpemilu.org#20780,"SUNGAI MEDANG, CAMBAI, KOTA PRABUMULIH, SUMATERA SELATAN",9,50,139,189
https://kawalpemilu.org#20780,"SUNGAI MEDANG, CAMBAI, KOTA PRABUMULIH, SUMATERA SELATAN",10,38,141,179
https://kawalpemilu.org#20780,"SUNGAI MEDANG, CAMBAI, KOTA PRABUMULIH, SUMATERA SELATAN",11,46,121,167
https://kawalpemilu.org#20780,"SUNGAI MEDANG, CAMBAI, KOTA PRABUMULIH, SUMATERA SELATAN",12,30,125,155
https://kawalpemilu.org#20780,"SUNGAI MEDANG, CAMBAI, KOTA PRABUMULIH, SUMATERA SELATAN",13,52,121,173
https://kawalpemilu.org#20780,"SUNGAI MEDANG, CAMBAI, KOTA PRABUMULIH, SUMATERA SELATAN",14,51,137,188
https://kawalpemilu.org#20780,"SUNGAI MEDANG, CAMBAI, KOTA PRABUMULIH, SUMATERA SELATAN",15,61,98,159
https://kawalpemilu.org#20780,"SUNGAI MEDANG, CAMBAI, KOTA PRABUMULIH, SUMATERA SELATAN",16,83,102,185
https://kawalpemilu.org#20780,"SUNGAI MEDANG, CAMBAI, KOTA PRABUMULIH, SUMATERA SELATAN",17,87,96,183
https://kawalpemilu.org#20782,"TANJUNG RAMBANG, RAMBANG KPK TENGAH, KOTA PRABUMULIH, SUMATERA SELATAN",1,40,120,160
https://kawalpemilu.org#20782,"TANJUNG RAMBANG, RAMBANG KPK TENGAH, KOTA PRABUMULIH, SUMATERA SELATAN",2,39,120,159
https://kawalpemilu.org#20782,"TANJUNG RAMBANG, RAMBANG KPK TENGAH, KOTA PRABUMULIH, SUMATERA SELATAN",3,26,134,160
https://kawalpemilu.org#20782,"TANJUNG RAMBANG, RAMBANG KPK TENGAH, KOTA PRABUMULIH, SUMATERA SELATAN",4,36,125,161
https://kawalpemilu.org#20782,"TANJUNG RAMBANG, RAMBANG KPK TENGAH, KOTA PRABUMULIH, SUMATERA SELATAN",5,39,120,159
https://kawalpemilu.org#20782,"TANJUNG RAMBANG, RAMBANG KPK TENGAH, KOTA PRABUMULIH, SUMATERA SELATAN",6,32,102,134
https://kawalpemilu.org#20782,"TANJUNG RAMBANG, RAMBANG KPK TENGAH, KOTA PRABUMULIH, SUMATERA SELATAN",7,23,110,133
https://kawalpemilu.org#20782,"TANJUNG RAMBANG, RAMBANG KPK TENGAH, KOTA PRABUMULIH, SUMATERA SELATAN",8,31,126,157
https://kawalpemilu.org#20783,"KARYA MULYA, RAMBANG KPK TENGAH, KOTA PRABUMULIH, SUMATERA SELATAN",1,54,121,175
https://kawalpemilu.org#20783,"KARYA MULYA, RAMBANG KPK TENGAH, KOTA PRABUMULIH, SUMATERA SELATAN",2,91,97,188
https://kawalpemilu.org#20783,"KARYA MULYA, RAMBANG KPK TENGAH, KOTA PRABUMULIH, SUMATERA SELATAN",3,73,95,168
https://kawalpemilu.org#20783,"KARYA MULYA, RAMBANG KPK TENGAH, KOTA PRABUMULIH, SUMATERA SELATAN",4,121,46,167
https://kawalpemilu.org#20783,"KARYA MULYA, RAMBANG KPK TENGAH, KOTA PRABUMULIH, SUMATERA SELATAN",5,72,113,185
https://kawalpemilu.org#20783,"KARYA MULYA, RAMBANG KPK TENGAH, KOTA PRABUMULIH, SUMATERA SELATAN",6,91,107,198
https://kawalpemilu.org#20783,"KARYA MULYA, RAMBANG KPK TENGAH, KOTA PRABUMULIH, SUMATERA SELATAN",7,83,94,177
https://kawalpemilu.org#20783,"KARYA MULYA, RAMBANG KPK TENGAH, KOTA PRABUMULIH, SUMATERA SELATAN",8,74,114,188
https://kawalpemilu.org#20783,"KARYA MULYA, RAMBANG KPK TENGAH, KOTA PRABUMULIH, SUMATERA SELATAN",9,64,115,179
https://kawalpemilu.org#20784,"RAMBANG SENULING, RAMBANG KPK TENGAH, KOTA PRABUMULIH, SUMATERA SELATAN",1,77,150,227
https://kawalpemilu.org#20784,"RAMBANG SENULING, RAMBANG KPK TENGAH, KOTA PRABUMULIH, SUMATERA SELATAN",2,59,103,162
https://kawalpemilu.org#20785,"KARANG BINDU, RAMBANG KPK TENGAH, KOTA PRABUMULIH, SUMATERA SELATAN",1,52,153,205
https://kawalpemilu.org#20785,"KARANG BINDU, RAMBANG KPK TENGAH, KOTA PRABUMULIH, SUMATERA SELATAN",2,55,122,177
https://kawalpemilu.org#20785,"KARANG BINDU, RAMBANG KPK TENGAH, KOTA PRABUMULIH, SUMATERA SELATAN",3,63,140,203
https://kawalpemilu.org#20785,"KARANG BINDU, RAMBANG KPK TENGAH, KOTA PRABUMULIH, SUMATERA SELATAN",4,78,138,216
https://kawalpemilu.org#20786,"SINAR RAMBANG, RAMBANG KPK TENGAH, KOTA PRABUMULIH, SUMATERA SELATAN",1,71,141,212
https://kawalpemilu.org#20786,"SINAR RAMBANG, RAMBANG KPK TENGAH, KOTA PRABUMULIH, SUMATERA SELATAN",2,122,129,251
https://kawalpemilu.org#20787,"JUNGAI, RAMBANG KPK TENGAH, KOTA PRABUMULIH, SUMATERA SELATAN",1,16,125,141
https://kawalpemilu.org#20787,"JUNGAI, RAMBANG KPK TENGAH, KOTA PRABUMULIH, SUMATERA SELATAN",2,17,134,151
https://kawalpemilu.org#20787,"JUNGAI, RAMBANG KPK TENGAH, KOTA PRABUMULIH, SUMATERA SELATAN",3,56,107,163
https://kawalpemilu.org#20787,"JUNGAI, RAMBANG KPK TENGAH, KOTA PRABUMULIH, SUMATERA SELATAN",4,53,68,121
https://kawalpemilu.org#20787,"JUNGAI, RAMBANG KPK TENGAH, KOTA PRABUMULIH, SUMATERA SELATAN",5,50,85,135
https://kawalpemilu.org#20788,"KARANGAN, RAMBANG KPK TENGAH, KOTA PRABUMULIH, SUMATERA SELATAN",1,45,147,192
https://kawalpemilu.org#20788,"KARANGAN, RAMBANG KPK TENGAH, KOTA PRABUMULIH, SUMATERA SELATAN",2,51,149,200
https://kawalpemilu.org#20788,"KARANGAN, RAMBANG KPK TENGAH, KOTA PRABUMULIH, SUMATERA SELATAN",3,43,139,182
https://kawalpemilu.org#20788,"KARANGAN, RAMBANG KPK TENGAH, KOTA PRABUMULIH, SUMATERA SELATAN",4,68,121,189
https://kawalpemilu.org#20788,"KARANGAN, RAMBANG KPK TENGAH, KOTA PRABUMULIH, SUMATERA SELATAN",5,48,128,176
https://kawalpemilu.org#20789,"TALANG BATU, RAMBANG KPK TENGAH, KOTA PRABUMULIH, SUMATERA SELATAN",1,47,130,177
https://kawalpemilu.org#20789,"TALANG BATU, RAMBANG KPK TENGAH, KOTA PRABUMULIH, SUMATERA SELATAN",2,86,96,128
https://kawalpemilu.org#20789,"TALANG BATU, RAMBANG KPK TENGAH, KOTA PRABUMULIH, SUMATERA SELATAN",3,51,128,179
https://kawalpemilu.org#20789,"TALANG BATU, RAMBANG KPK TENGAH, KOTA PRABUMULIH, SUMATERA SELATAN",4,31,152,183
https://kawalpemilu.org#20790,"KEMANG TANDUK, RAMBANG KPK TENGAH, KOTA PRABUMULIH, SUMATERA SELATAN",1,24,142,166
https://kawalpemilu.org#20790,"KEMANG TANDUK, RAMBANG KPK TENGAH, KOTA PRABUMULIH, SUMATERA SELATAN",2,29,130,159
https://kawalpemilu.org#20790,"KEMANG TANDUK, RAMBANG KPK TENGAH, KOTA PRABUMULIH, SUMATERA SELATAN",3,44,127,171
https://kawalpemilu.org#20790,"KEMANG TANDUK, RAMBANG KPK TENGAH, KOTA PRABUMULIH, SUMATERA SELATAN",4,32,146,178
https://kawalpemilu.org#20790,"KEMANG TANDUK, RAMBANG KPK TENGAH, KOTA PRABUMULIH, SUMATERA SELATAN",5,46,145,191
https://kawalpemilu.org#20790,"KEMANG TANDUK, RAMBANG KPK TENGAH, KOTA PRABUMULIH, SUMATERA SELATAN",6,63,125,188
https://kawalpemilu.org#20792,"PASAR PRABUMULIH I, PRABUMULIH UTARA, KOTA PRABUMULIH, SUMATERA SELATAN",1,70,48,117
https://kawalpemilu.org#20792,"PASAR PRABUMULIH I, PRABUMULIH UTARA, KOTA PRABUMULIH, SUMATERA SELATAN",2,48,105,153
https://kawalpemilu.org#20792,"PASAR PRABUMULIH I, PRABUMULIH UTARA, KOTA PRABUMULIH, SUMATERA SELATAN",3,57,52,109
https://kawalpemilu.org#20792,"PASAR PRABUMULIH I, PRABUMULIH UTARA, KOTA PRABUMULIH, SUMATERA SELATAN",4,39,63,102
https://kawalpemilu.org#20792,"PASAR PRABUMULIH I, PRABUMULIH UTARA, KOTA PRABUMULIH, SUMATERA SELATAN",5,52,42,94
https://kawalpemilu.org#20792,"PASAR PRABUMULIH I, PRABUMULIH UTARA, KOTA PRABUMULIH, SUMATERA SELATAN",7,89,65,154
https://kawalpemilu.org#20792,"PASAR PRABUMULIH I, PRABUMULIH UTARA, KOTA PRABUMULIH, SUMATERA SELATAN",8,95,82,177
https://kawalpemilu.org#20792,"PASAR PRABUMULIH I, PRABUMULIH UTARA, KOTA PRABUMULIH, SUMATERA SELATAN",9,80,69,149
https://kawalpemilu.org#20792,"PASAR PRABUMULIH I, PRABUMULIH UTARA, KOTA PRABUMULIH, SUMATERA SELATAN",10,59,71,130
https://kawalpemilu.org#20792,"PASAR PRABUMULIH I, PRABUMULIH UTARA, KOTA PRABUMULIH, SUMATERA SELATAN",11,50,69,119
https://kawalpemilu.org#20792,"PASAR PRABUMULIH I, PRABUMULIH UTARA, KOTA PRABUMULIH, SUMATERA SELATAN",12,54,65,119
https://kawalpemilu.org#20792,"PASAR PRABUMULIH I, PRABUMULIH UTARA, KOTA PRABUMULIH, SUMATERA SELATAN",13,35,113,148
https://kawalpemilu.org#20793,"PASAR PRABUMULIH II, PRABUMULIH UTARA, KOTA PRABUMULIH, SUMATERA SELATAN",1,57,86,143
https://kawalpemilu.org#20793,"PASAR PRABUMULIH II, PRABUMULIH UTARA, KOTA PRABUMULIH, SUMATERA SELATAN",2,57,75,132
https://kawalpemilu.org#20793,"PASAR PRABUMULIH II, PRABUMULIH UTARA, KOTA PRABUMULIH, SUMATERA SELATAN",3,56,52,108
https://kawalpemilu.org#20793,"PASAR PRABUMULIH II, PRABUMULIH UTARA, KOTA PRABUMULIH, SUMATERA SELATAN",4,54,69,123
https://kawalpemilu.org#20793,"PASAR PRABUMULIH II, PRABUMULIH UTARA, KOTA PRABUMULIH, SUMATERA SELATAN",5,65,50,115
https://kawalpemilu.org#20793,"PASAR PRABUMULIH II, PRABUMULIH UTARA, KOTA PRABUMULIH, SUMATERA SELATAN",6,51,117,168
https://kawalpemilu.org#20793,"PASAR PRABUMULIH II, PRABUMULIH UTARA, KOTA PRABUMULIH, SUMATERA SELATAN",7,53,61,114
https://kawalpemilu.org#20793,"PASAR PRABUMULIH II, PRABUMULIH UTARA, KOTA PRABUMULIH, SUMATERA SELATAN",8,35,106,141
https://kawalpemilu.org#20793,"PASAR PRABUMULIH II, PRABUMULIH UTARA, KOTA PRABUMULIH, SUMATERA SELATAN",9,35,62,97
https://kawalpemilu.org#20793,"PASAR PRABUMULIH II, PRABUMULIH UTARA, KOTA PRABUMULIH, SUMATERA SELATAN",10,64,87,151
https://kawalpemilu.org#20793,"PASAR PRABUMULIH II, PRABUMULIH UTARA, KOTA PRABUMULIH, SUMATERA SELATAN",11,77,96,173
https://kawalpemilu.org#20793,"PASAR PRABUMULIH II, PRABUMULIH UTARA, KOTA PRABUMULIH, SUMATERA SELATAN",12,52,112,164
https://kawalpemilu.org#20793,"PASAR PRABUMULIH II, PRABUMULIH UTARA, KOTA PRABUMULIH, SUMATERA SELATAN",13,53,76,129
https://kawalpemilu.org#20793,"PASAR PRABUMULIH II, PRABUMULIH UTARA, KOTA PRABUMULIH, SUMATERA SELATAN",14,59,121,180
https://kawalpemilu.org#20793,"PASAR PRABUMULIH II, PRABUMULIH UTARA, KOTA PRABUMULIH, SUMATERA SELATAN",15,44,148,192
https://kawalpemilu.org#20793,"PASAR PRABUMULIH II, PRABUMULIH UTARA, KOTA PRABUMULIH, SUMATERA SELATAN",16,39,119,158
https://kawalpemilu.org#20793,"PASAR PRABUMULIH II, PRABUMULIH UTARA, KOTA PRABUMULIH, SUMATERA SELATAN",17,55,108,163
https://kawalpemilu.org#20793,"PASAR PRABUMULIH II, PRABUMULIH UTARA, KOTA PRABUMULIH, SUMATERA SELATAN",18,72,89,161
https://kawalpemilu.org#20793,"PASAR PRABUMULIH II, PRABUMULIH UTARA, KOTA PRABUMULIH, SUMATERA SELATAN",19,57,84,141
https://kawalpemilu.org#20793,"PASAR PRABUMULIH II, PRABUMULIH UTARA, KOTA PRABUMULIH, SUMATERA SELATAN",20,57,49,106
https://kawalpemilu.org#20793,"PASAR PRABUMULIH II, PRABUMULIH UTARA, KOTA PRABUMULIH, SUMATERA SELATAN",21,64,106,170
https://kawalpemilu.org#20793,"PASAR PRABUMULIH II, PRABUMULIH UTARA, KOTA PRABUMULIH, SUMATERA SELATAN",22,40,122,162
https://kawalpemilu.org#20793,"PASAR PRABUMULIH II, PRABUMULIH UTARA, KOTA PRABUMULIH, SUMATERA SELATAN",23,55,113,168
https://kawalpemilu.org#20793,"PASAR PRABUMULIH II, PRABUMULIH UTARA, KOTA PRABUMULIH, SUMATERA SELATAN",24,44,112,156
https://kawalpemilu.org#20794,"WONOSARI, PRABUMULIH UTARA, KOTA PRABUMULIH, SUMATERA SELATAN",1,65,82,147
https://kawalpemilu.org#20794,"WONOSARI, PRABUMULIH UTARA, KOTA PRABUMULIH, SUMATERA SELATAN",2,71,57,128
https://kawalpemilu.org#20794,"WONOSARI, PRABUMULIH UTARA, KOTA PRABUMULIH, SUMATERA SELATAN",3,54,77,131
https://kawalpemilu.org#20794,"WONOSARI, PRABUMULIH UTARA, KOTA PRABUMULIH, SUMATERA SELATAN",4,83,85,168
https://kawalpemilu.org#20794,"WONOSARI, PRABUMULIH UTARA, KOTA PRABUMULIH, SUMATERA SELATAN",5,47,84,131
https://kawalpemilu.org#20794,"WONOSARI, PRABUMULIH UTARA, KOTA PRABUMULIH, SUMATERA SELATAN",6,64,79,143
https://kawalpemilu.org#20794,"WONOSARI, PRABUMULIH UTARA, KOTA PRABUMULIH, SUMATERA SELATAN",7,69,82,151
https://kawalpemilu.org#20794,"WONOSARI, PRABUMULIH UTARA, KOTA PRABUMULIH, SUMATERA SELATAN",8,87,82,169
https://kawalpemilu.org#20794,"WONOSARI, PRABUMULIH UTARA, KOTA PRABUMULIH, SUMATERA SELATAN",9,56,88,144
https://kawalpemilu.org#20794,"WONOSARI, PRABUMULIH UTARA, KOTA PRABUMULIH, SUMATERA SELATAN",10,58,100,158
https://kawalpemilu.org#20794,"WONOSARI, PRABUMULIH UTARA, KOTA PRABUMULIH, SUMATERA SELATAN",11,57,78,135
https://kawalpemilu.org#20794,"WONOSARI, PRABUMULIH UTARA, KOTA PRABUMULIH, SUMATERA SELATAN",12,35,94,129
https://kawalpemilu.org#20794,"WONOSARI, PRABUMULIH UTARA, KOTA PRABUMULIH, SUMATERA SELATAN",13,32,78,110
https://kawalpemilu.org#20794,"WONOSARI, PRABUMULIH UTARA, KOTA PRABUMULIH, SUMATERA SELATAN",14,82,85,167
https://kawalpemilu.org#20794,"WONOSARI, PRABUMULIH UTARA, KOTA PRABUMULIH, SUMATERA SELATAN",15,59,96,155
https://kawalpemilu.org#20794,"WONOSARI, PRABUMULIH UTARA, KOTA PRABUMULIH, SUMATERA SELATAN",16,59,70,129
https://kawalpemilu.org#20794,"WONOSARI, PRABUMULIH UTARA, KOTA PRABUMULIH, SUMATERA SELATAN",17,48,68,116
https://kawalpemilu.org#20794,"WONOSARI, PRABUMULIH UTARA, KOTA PRABUMULIH, SUMATERA SELATAN",18,42,87,129
https://kawalpemilu.org#20794,"WONOSARI, PRABUMULIH UTARA, KOTA PRABUMULIH, SUMATERA SELATAN",19,58,97,155
https://kawalpemilu.org#20794,"WONOSARI, PRABUMULIH UTARA, KOTA PRABUMULIH, SUMATERA SELATAN",20,70,108,178
https://kawalpemilu.org#20794,"WONOSARI, PRABUMULIH UTARA, KOTA PRABUMULIH, SUMATERA SELATAN",21,72,112,184
https://kawalpemilu.org#20794,"WONOSARI, PRABUMULIH UTARA, KOTA PRABUMULIH, SUMATERA SELATAN",22,89,103,192
https://kawalpemilu.org#20794,"WONOSARI, PRABUMULIH UTARA, KOTA PRABUMULIH, SUMATERA SELATAN",23,74,94,168
https://kawalpemilu.org#20794,"WONOSARI, PRABUMULIH UTARA, KOTA PRABUMULIH, SUMATERA SELATAN",24,55,121,176
https://kawalpemilu.org#20794,"WONOSARI, PRABUMULIH UTARA, KOTA PRABUMULIH, SUMATERA SELATAN",25,70,109,179
https://kawalpemilu.org#20794,"WONOSARI, PRABUMULIH UTARA, KOTA PRABUMULIH, SUMATERA SELATAN",26,74,101,175
https://kawalpemilu.org#20794,"WONOSARI, PRABUMULIH UTARA, KOTA PRABUMULIH, SUMATERA SELATAN",27,82,112,194
https://kawalpemilu.org#20794,"WONOSARI, PRABUMULIH UTARA, KOTA PRABUMULIH, SUMATERA SELATAN",28,75,88,163
https://kawalpemilu.org#20794,"WONOSARI, PRABUMULIH UTARA, KOTA PRABUMULIH, SUMATERA SELATAN",29,73,83,156
https://kawalpemilu.org#20794,"WONOSARI, PRABUMULIH UTARA, KOTA PRABUMULIH, SUMATERA SELATAN",30,70,98,168
https://kawalpemilu.org#20794,"WONOSARI, PRABUMULIH UTARA, KOTA PRABUMULIH, SUMATERA SELATAN",31,82,95,177
https://kawalpemilu.org#20794,"WONOSARI, PRABUMULIH UTARA, KOTA PRABUMULIH, SUMATERA SELATAN",32,79,94,173
https://kawalpemilu.org#20794,"WONOSARI, PRABUMULIH UTARA, KOTA PRABUMULIH, SUMATERA SELATAN",33,83,117,200
https://kawalpemilu.org#20794,"WONOSARI, PRABUMULIH UTARA, KOTA PRABUMULIH, SUMATERA SELATAN",34,68,111,179
https://kawalpemilu.org#20794,"WONOSARI, PRABUMULIH UTARA, KOTA PRABUMULIH, SUMATERA SELATAN",35,58,109,167
https://kawalpemilu.org#20794,"WONOSARI, PRABUMULIH UTARA, KOTA PRABUMULIH, SUMATERA SELATAN",36,67,106,173
https://kawalpemilu.org#20794,"WONOSARI, PRABUMULIH UTARA, KOTA PRABUMULIH, SUMATERA SELATAN",37,63,99,162
https://kawalpemilu.org#20794,"WONOSARI, PRABUMULIH UTARA, KOTA PRABUMULIH, SUMATERA SELATAN",38,61,97,158
https://kawalpemilu.org#20794,"WONOSARI, PRABUMULIH UTARA, KOTA PRABUMULIH, SUMATERA SELATAN",39,91,85,176
https://kawalpemilu.org#20794,"WONOSARI, PRABUMULIH UTARA, KOTA PRABUMULIH, SUMATERA SELATAN",40,81,71,152
https://kawalpemilu.org#20794,"WONOSARI, PRABUMULIH UTARA, KOTA PRABUMULIH, SUMATERA SELATAN",41,34,66,100
https://kawalpemilu.org#20794,"WONOSARI, PRABUMULIH UTARA, KOTA PRABUMULIH, SUMATERA SELATAN",42,41,57,98
https://kawalpemilu.org#20794,"WONOSARI, PRABUMULIH UTARA, KOTA PRABUMULIH, SUMATERA SELATAN",43,47,66,113
https://kawalpemilu.org#20794,"WONOSARI, PRABUMULIH UTARA, KOTA PRABUMULIH, SUMATERA SELATAN",44,22,51,73
https://kawalpemilu.org#20794,"WONOSARI, PRABUMULIH UTARA, KOTA PRABUMULIH, SUMATERA SELATAN",45,46,56,102
https://kawalpemilu.org#20795,"MANGGA BESAR, PRABUMULIH UTARA, KOTA PRABUMULIH, SUMATERA SELATAN",1,75,84,159
https://kawalpemilu.org#20795,"MANGGA BESAR, PRABUMULIH UTARA, KOTA PRABUMULIH, SUMATERA SELATAN",2,86,95,181
https://kawalpemilu.org#20795,"MANGGA BESAR, PRABUMULIH UTARA, KOTA PRABUMULIH, SUMATERA SELATAN",3,92,56,148
https://kawalpemilu.org#20795,"MANGGA BESAR, PRABUMULIH UTARA, KOTA PRABUMULIH, SUMATERA SELATAN",4,84,83,167
https://kawalpemilu.org#20795,"MANGGA BESAR, PRABUMULIH UTARA, KOTA PRABUMULIH, SUMATERA SELATAN",5,46,69,115
https://kawalpemilu.org#20795,"MANGGA BESAR, PRABUMULIH UTARA, KOTA PRABUMULIH, SUMATERA SELATAN",6,70,89,159
https://kawalpemilu.org#20795,"MANGGA BESAR, PRABUMULIH UTARA, KOTA PRABUMULIH, SUMATERA SELATAN",7,66,116,182
https://kawalpemilu.org#20795,"MANGGA BESAR, PRABUMULIH UTARA, KOTA PRABUMULIH, SUMATERA SELATAN",8,80,89,169
https://kawalpemilu.org#20795,"MANGGA BESAR, PRABUMULIH UTARA, KOTA PRABUMULIH, SUMATERA SELATAN",9,57,125,182
https://kawalpemilu.org#20795,"MANGGA BESAR, PRABUMULIH UTARA, KOTA PRABUMULIH, SUMATERA SELATAN",10,61,92,153
https://kawalpemilu.org#20795,"MANGGA BESAR, PRABUMULIH UTARA, KOTA PRABUMULIH, SUMATERA SELATAN",11,82,126,208
https://kawalpemilu.org#20795,"MANGGA BESAR, PRABUMULIH UTARA, KOTA PRABUMULIH, SUMATERA SELATAN",12,84,132,216
https://kawalpemilu.org#20795,"MANGGA BESAR, PRABUMULIH UTARA, KOTA PRABUMULIH, SUMATERA SELATAN",13,75,81,156
https://kawalpemilu.org#20795,"MANGGA BESAR, PRABUMULIH UTARA, KOTA PRABUMULIH, SUMATERA SELATAN",14,71,92,163
https://kawalpemilu.org#20795,"MANGGA BESAR, PRABUMULIH UTARA, KOTA PRABUMULIH, SUMATERA SELATAN",15,56,64,120
https://kawalpemilu.org#20795,"MANGGA BESAR, PRABUMULIH UTARA, KOTA PRABUMULIH, SUMATERA SELATAN",16,51,57,108
https://kawalpemilu.org#20795,"MANGGA BESAR, PRABUMULIH UTARA, KOTA PRABUMULIH, SUMATERA SELATAN",17,43,60,103
https://kawalpemilu.org#20795,"MANGGA BESAR, PRABUMULIH UTARA, KOTA PRABUMULIH, SUMATERA SELATAN",18,83,95,178
https://kawalpemilu.org#20795,"MANGGA BESAR, PRABUMULIH UTARA, KOTA PRABUMULIH, SUMATERA SELATAN",19,77,58,135
https://kawalpemilu.org#20795,"MANGGA BESAR, PRABUMULIH UTARA, KOTA PRABUMULIH, SUMATERA SELATAN",20,65,97,162
https://kawalpemilu.org#20795,"MANGGA BESAR, PRABUMULIH UTARA, KOTA PRABUMULIH, SUMATERA SELATAN",21,31,49,80
https://kawalpemilu.org#20795,"MANGGA BESAR, PRABUMULIH UTARA, KOTA PRABUMULIH, SUMATERA SELATAN",22,35,96,131
https://kawalpemilu.org#20795,"MANGGA BESAR, PRABUMULIH UTARA, KOTA PRABUMULIH, SUMATERA SELATAN",23,25,83,108
https://kawalpemilu.org#20795,"MANGGA BESAR, PRABUMULIH UTARA, KOTA PRABUMULIH, SUMATERA SELATAN",24,56,108,164
https://kawalpemilu.org#20795,"MANGGA BESAR, PRABUMULIH UTARA, KOTA PRABUMULIH, SUMATERA SELATAN",25,61,96,157
https://kawalpemilu.org#20795,"MANGGA BESAR, PRABUMULIH UTARA, KOTA PRABUMULIH, SUMATERA SELATAN",26,33,71,104
https://kawalpemilu.org#20795,"MANGGA BESAR, PRABUMULIH UTARA, KOTA PRABUMULIH, SUMATERA SELATAN",27,60,92,152
https://kawalpemilu.org#20795,"MANGGA BESAR, PRABUMULIH UTARA, KOTA PRABUMULIH, SUMATERA SELATAN",28,70,74,144
https://kawalpemilu.org#20795,"MANGGA BESAR, PRABUMULIH UTARA, KOTA PRABUMULIH, SUMATERA SELATAN",29,63,102,165
https://kawalpemilu.org#20795,"MANGGA BESAR, PRABUMULIH UTARA, KOTA PRABUMULIH, SUMATERA SELATAN",30,47,84,131
https://kawalpemilu.org#20795,"MANGGA BESAR, PRABUMULIH UTARA, KOTA PRABUMULIH, SUMATERA SELATAN",31,49,83,132
https://kawalpemilu.org#20795,"MANGGA BESAR, PRABUMULIH UTARA, KOTA PRABUMULIH, SUMATERA SELATAN",32,54,67,121
https://kawalpemilu.org#20795,"MANGGA BESAR, PRABUMULIH UTARA, KOTA PRABUMULIH, SUMATERA SELATAN",33,28,46,74
https://kawalpemilu.org#20795,"MANGGA BESAR, PRABUMULIH UTARA, KOTA PRABUMULIH, SUMATERA SELATAN",34,51,71,122
https://kawalpemilu.org#20795,"MANGGA BESAR, PRABUMULIH UTARA, KOTA PRABUMULIH, SUMATERA SELATAN",35,27,71,98
https://kawalpemilu.org#20795,"MANGGA BESAR, PRABUMULIH UTARA, KOTA PRABUMULIH, SUMATERA SELATAN",36,32,51,83
https://kawalpemilu.org#20795,"MANGGA BESAR, PRABUMULIH UTARA, KOTA PRABUMULIH, SUMATERA SELATAN",37,56,76,132
https://kawalpemilu.org#20796,"ANAK PETAI, PRABUMULIH UTARA, KOTA PRABUMULIH, SUMATERA SELATAN",1,116,105,221
https://kawalpemilu.org#20796,"ANAK PETAI, PRABUMULIH UTARA, KOTA PRABUMULIH, SUMATERA SELATAN",2,100,87,187
https://kawalpemilu.org#20796,"ANAK PETAI, PRABUMULIH UTARA, KOTA PRABUMULIH, SUMATERA SELATAN",3,135,91,226
https://kawalpemilu.org#20796,"ANAK PETAI, PRABUMULIH UTARA, KOTA PRABUMULIH, SUMATERA SELATAN",4,78,114,192
https://kawalpemilu.org#20796,"ANAK PETAI, PRABUMULIH UTARA, KOTA PRABUMULIH, SUMATERA SELATAN",5,98,99,197
https://kawalpemilu.org#20796,"ANAK PETAI, PRABUMULIH UTARA, KOTA PRABUMULIH, SUMATERA SELATAN",6,98,102,200
https://kawalpemilu.org#20796,"ANAK PETAI, PRABUMULIH UTARA, KOTA PRABUMULIH, SUMATERA SELATAN",7,98,78,176
https://kawalpemilu.org#20796,"ANAK PETAI, PRABUMULIH UTARA, KOTA PRABUMULIH, SUMATERA SELATAN",8,93,95,188
https://kawalpemilu.org#20796,"ANAK PETAI, PRABUMULIH UTARA, KOTA PRABUMULIH, SUMATERA SELATAN",9,91,92,183
https://kawalpemilu.org#20796,"ANAK PETAI, PRABUMULIH UTARA, KOTA PRABUMULIH, SUMATERA SELATAN",10,75,102,177
https://kawalpemilu.org#20798,"MAJASARI, PRABUMULIH SELATAN, KOTA PRABUMULIH, SUMATERA SELATAN",1,64,93,157
https://kawalpemilu.org#20798,"MAJASARI, PRABUMULIH SELATAN, KOTA PRABUMULIH, SUMATERA SELATAN",2,76,81,157
https://kawalpemilu.org#20798,"MAJASARI, PRABUMULIH SELATAN, KOTA PRABUMULIH, SUMATERA SELATAN",3,84,82,166
https://kawalpemilu.org#20798,"MAJASARI, PRABUMULIH SELATAN, KOTA PRABUMULIH, SUMATERA SELATAN",4,79,98,177
https://kawalpemilu.org#20798,"MAJASARI, PRABUMULIH SELATAN, KOTA PRABUMULIH, SUMATERA SELATAN",5,73,94,167
https://kawalpemilu.org#20798,"MAJASARI, PRABUMULIH SELATAN, KOTA PRABUMULIH, SUMATERA SELATAN",6,72,84,156
https://kawalpemilu.org#20798,"MAJASARI, PRABUMULIH SELATAN, KOTA PRABUMULIH, SUMATERA SELATAN",7,64,96,160
https://kawalpemilu.org#20798,"MAJASARI, PRABUMULIH SELATAN, KOTA PRABUMULIH, SUMATERA SELATAN",8,94,92,186
https://kawalpemilu.org#20798,"MAJASARI, PRABUMULIH SELATAN, KOTA PRABUMULIH, SUMATERA SELATAN",9,83,97,180
https://kawalpemilu.org#20798,"MAJASARI, PRABUMULIH SELATAN, KOTA PRABUMULIH, SUMATERA SELATAN",10,69,95,164
https://kawalpemilu.org#20798,"MAJASARI, PRABUMULIH SELATAN, KOTA PRABUMULIH, SUMATERA SELATAN",11,60,94,154
https://kawalpemilu.org#20798,"MAJASARI, PRABUMULIH SELATAN, KOTA PRABUMULIH, SUMATERA SELATAN",12,66,76,142
https://kawalpemilu.org#20798,"MAJASARI, PRABUMULIH SELATAN, KOTA PRABUMULIH, SUMATERA SELATAN",13,84,110,194
https://kawalpemilu.org#20798,"MAJASARI, PRABUMULIH SELATAN, KOTA PRABUMULIH, SUMATERA SELATAN",14,67,92,159
https://kawalpemilu.org#20798,"MAJASARI, PRABUMULIH SELATAN, KOTA PRABUMULIH, SUMATERA SELATAN",15,54,124,178
https://kawalpemilu.org#20798,"MAJASARI, PRABUMULIH SELATAN, KOTA PRABUMULIH, SUMATERA SELATAN",16,88,79,167
https://kawalpemilu.org#20798,"MAJASARI, PRABUMULIH SELATAN, KOTA PRABUMULIH, SUMATERA SELATAN",17,58,95,153
https://kawalpemilu.org#20798,"MAJASARI, PRABUMULIH SELATAN, KOTA PRABUMULIH, SUMATERA SELATAN",18,71,95,166
https://kawalpemilu.org#20798,"MAJASARI, PRABUMULIH SELATAN, KOTA PRABUMULIH, SUMATERA SELATAN",19,65,101,166
https://kawalpemilu.org#20798,"MAJASARI, PRABUMULIH SELATAN, KOTA PRABUMULIH, SUMATERA SELATAN",20,81,70,151
https://kawalpemilu.org#20798,"MAJASARI, PRABUMULIH SELATAN, KOTA PRABUMULIH, SUMATERA SELATAN",21,76,97,173
https://kawalpemilu.org#20798,"MAJASARI, PRABUMULIH SELATAN, KOTA PRABUMULIH, SUMATERA SELATAN",22,73,95,168
https://kawalpemilu.org#20798,"MAJASARI, PRABUMULIH SELATAN, KOTA PRABUMULIH, SUMATERA SELATAN",23,78,108,186
https://kawalpemilu.org#20798,"MAJASARI, PRABUMULIH SELATAN, KOTA PRABUMULIH, SUMATERA SELATAN",24,68,109,177
https://kawalpemilu.org#20798,"MAJASARI, PRABUMULIH SELATAN, KOTA PRABUMULIH, SUMATERA SELATAN",25,70,100,170
https://kawalpemilu.org#20799,"TANJUNG RAMAN, PRABUMULIH SELATAN, KOTA PRABUMULIH, SUMATERA SELATAN",1,44,116,160
https://kawalpemilu.org#20799,"TANJUNG RAMAN, PRABUMULIH SELATAN, KOTA PRABUMULIH, SUMATERA SELATAN",2,50,124,174
https://kawalpemilu.org#20799,"TANJUNG RAMAN, PRABUMULIH SELATAN, KOTA PRABUMULIH, SUMATERA SELATAN",3,57,109,166
https://kawalpemilu.org#20799,"TANJUNG RAMAN, PRABUMULIH SELATAN, KOTA PRABUMULIH, SUMATERA SELATAN",4,55,97,152
https://kawalpemilu.org#20799,"TANJUNG RAMAN, PRABUMULIH SELATAN, KOTA PRABUMULIH, SUMATERA SELATAN",5,43,117,160
https://kawalpemilu.org#20799,"TANJUNG RAMAN, PRABUMULIH SELATAN, KOTA PRABUMULIH, SUMATERA SELATAN",6,50,106,156
https://kawalpemilu.org#20799,"TANJUNG RAMAN, PRABUMULIH SELATAN, KOTA PRABUMULIH, SUMATERA SELATAN",7,76,76,152
https://kawalpemilu.org#20799,"TANJUNG RAMAN, PRABUMULIH SELATAN, KOTA PRABUMULIH, SUMATERA SELATAN",8,60,115,175
https://kawalpemilu.org#20799,"TANJUNG RAMAN, PRABUMULIH SELATAN, KOTA PRABUMULIH, SUMATERA SELATAN",9,57,130,187
https://kawalpemilu.org#20799,"TANJUNG RAMAN, PRABUMULIH SELATAN, KOTA PRABUMULIH, SUMATERA SELATAN",10,40,124,164
https://kawalpemilu.org#20799,"TANJUNG RAMAN, PRABUMULIH SELATAN, KOTA PRABUMULIH, SUMATERA SELATAN",11,35,144,179
https://kawalpemilu.org#20799,"TANJUNG RAMAN, PRABUMULIH SELATAN, KOTA PRABUMULIH, SUMATERA SELATAN",12,37,124,161
https://kawalpemilu.org#20799,"TANJUNG RAMAN, PRABUMULIH SELATAN, KOTA PRABUMULIH, SUMATERA SELATAN",13,57,123,180
https://kawalpemilu.org#20799,"TANJUNG RAMAN, PRABUMULIH SELATAN, KOTA PRABUMULIH, SUMATERA SELATAN",14,39,82,121
https://kawalpemilu.org#20799,"TANJUNG RAMAN, PRABUMULIH SELATAN, KOTA PRABUMULIH, SUMATERA SELATAN",15,51,114,165
https://kawalpemilu.org#20799,"TANJUNG RAMAN, PRABUMULIH SELATAN, KOTA PRABUMULIH, SUMATERA SELATAN",16,80,108,188
https://kawalpemilu.org#20799,"TANJUNG RAMAN, PRABUMULIH SELATAN, KOTA PRABUMULIH, SUMATERA SELATAN",17,57,100,157
https://kawalpemilu.org#20799,"TANJUNG RAMAN, PRABUMULIH SELATAN, KOTA PRABUMULIH, SUMATERA SELATAN",18,53,112,165
https://kawalpemilu.org#20799,"TANJUNG RAMAN, PRABUMULIH SELATAN, KOTA PRABUMULIH, SUMATERA SELATAN",19,59,110,169
https://kawalpemilu.org#20799,"TANJUNG RAMAN, PRABUMULIH SELATAN, KOTA PRABUMULIH, SUMATERA SELATAN",20,69,118,187
https://kawalpemilu.org#20799,"TANJUNG RAMAN, PRABUMULIH SELATAN, KOTA PRABUMULIH, SUMATERA SELATAN",21,65,122,187
https://kawalpemilu.org#20800,"SUKARAJA, PRABUMULIH SELATAN, KOTA PRABUMULIH, SUMATERA SELATAN",1,73,104,177
https://kawalpemilu.org#20800,"SUKARAJA, PRABUMULIH SELATAN, KOTA PRABUMULIH, SUMATERA SELATAN",2,69,108,177
https://kawalpemilu.org#20800,"SUKARAJA, PRABUMULIH SELATAN, KOTA PRABUMULIH, SUMATERA SELATAN",3,52,113,165
https://kawalpemilu.org#20800,"SUKARAJA, PRABUMULIH SELATAN, KOTA PRABUMULIH, SUMATERA SELATAN",4,67,124,191
https://kawalpemilu.org#20800,"SUKARAJA, PRABUMULIH SELATAN, KOTA PRABUMULIH, SUMATERA SELATAN",5,69,99,168
https://kawalpemilu.org#20800,"SUKARAJA, PRABUMULIH SELATAN, KOTA PRABUMULIH, SUMATERA SELATAN",6,93,89,182
https://kawalpemilu.org#20800,"SUKARAJA, PRABUMULIH SELATAN, KOTA PRABUMULIH, SUMATERA SELATAN",7,66,95,161
https://kawalpemilu.org#20800,"SUKARAJA, PRABUMULIH SELATAN, KOTA PRABUMULIH, SUMATERA SELATAN",8,31,155,186
https://kawalpemilu.org#20800,"SUKARAJA, PRABUMULIH SELATAN, KOTA PRABUMULIH, SUMATERA SELATAN",9,45,129,174
https://kawalpemilu.org#20800,"SUKARAJA, PRABUMULIH SELATAN, KOTA PRABUMULIH, SUMATERA SELATAN",10,60,128,188
https://kawalpemilu.org#20800,"SUKARAJA, PRABUMULIH SELATAN, KOTA PRABUMULIH, SUMATERA SELATAN",11,60,121,181
https://kawalpemilu.org#20800,"SUKARAJA, PRABUMULIH SELATAN, KOTA PRABUMULIH, SUMATERA SELATAN",12,62,136,198
https://kawalpemilu.org#20800,"SUKARAJA, PRABUMULIH SELATAN, KOTA PRABUMULIH, SUMATERA SELATAN",13,38,152,190
https://kawalpemilu.org#20800,"SUKARAJA, PRABUMULIH SELATAN, KOTA PRABUMULIH, SUMATERA SELATAN",14,46,90,136
https://kawalpemilu.org#20800,"SUKARAJA, PRABUMULIH SELATAN, KOTA PRABUMULIH, SUMATERA SELATAN",15,55,114,169
https://kawalpemilu.org#20800,"SUKARAJA, PRABUMULIH SELATAN, KOTA PRABUMULIH, SUMATERA SELATAN",16,43,104,147
https://kawalpemilu.org#20800,"SUKARAJA, PRABUMULIH SELATAN, KOTA PRABUMULIH, SUMATERA SELATAN",17,69,108,177
https://kawalpemilu.org#20800,"SUKARAJA, PRABUMULIH SELATAN, KOTA PRABUMULIH, SUMATERA SELATAN",18,93,92,185
https://kawalpemilu.org#20800,"SUKARAJA, PRABUMULIH SELATAN, KOTA PRABUMULIH, SUMATERA SELATAN",19,93,87,180
https://kawalpemilu.org#20800,"SUKARAJA, PRABUMULIH SELATAN, KOTA PRABUMULIH, SUMATERA SELATAN",20,86,100,186
https://kawalpemilu.org#20801,"TANJUNG MENANG, PRABUMULIH SELATAN, KOTA PRABUMULIH, SUMATERA SELATAN",1,43,143,186
https://kawalpemilu.org#20801,"TANJUNG MENANG, PRABUMULIH SELATAN, KOTA PRABUMULIH, SUMATERA SELATAN",2,48,145,193
https://kawalpemilu.org#20801,"TANJUNG MENANG, PRABUMULIH SELATAN, KOTA PRABUMULIH, SUMATERA SELATAN",3,47,108,155
https://kawalpemilu.org#20801,"TANJUNG MENANG, PRABUMULIH SELATAN, KOTA PRABUMULIH, SUMATERA SELATAN",4,64,93,157
https://kawalpemilu.org#20801,"TANJUNG MENANG, PRABUMULIH SELATAN, KOTA PRABUMULIH, SUMATERA SELATAN",5,87,112,199
https://kawalpemilu.org#20801,"TANJUNG MENANG, PRABUMULIH SELATAN, KOTA PRABUMULIH, SUMATERA SELATAN",6,93,108,201
https://kawalpemilu.org#17992,"TALANG UBI TIMUR, TALANG UBI, PENUKAL ABAB LEMATANG ILIR, SUMATERA SELATAN",1,114,78,192
https://kawalpemilu.org#17992,"TALANG UBI TIMUR, TALANG UBI, PENUKAL ABAB LEMATANG ILIR, SUMATERA SELATAN",2,94,77,171
https://kawalpemilu.org#17992,"TALANG UBI TIMUR, TALANG UBI, PENUKAL ABAB LEMATANG ILIR, SUMATERA SELATAN",3,88,77,165
https://kawalpemilu.org#17992,"TALANG UBI TIMUR, TALANG UBI, PENUKAL ABAB LEMATANG ILIR, SUMATERA SELATAN",4,105,92,197
https://kawalpemilu.org#17992,"TALANG UBI TIMUR, TALANG UBI, PENUKAL ABAB LEMATANG ILIR, SUMATERA SELATAN",5,125,89,214
https://kawalpemilu.org#17992,"TALANG UBI TIMUR, TALANG UBI, PENUKAL ABAB LEMATANG ILIR, SUMATERA SELATAN",6,97,98,195
https://kawalpemilu.org#17992,"TALANG UBI TIMUR, TALANG UBI, PENUKAL ABAB LEMATANG ILIR, SUMATERA SELATAN",8,74,84,158
https://kawalpemilu.org#17992,"TALANG UBI TIMUR, TALANG UBI, PENUKAL ABAB LEMATANG ILIR, SUMATERA SELATAN",9,95,84,179
https://kawalpemilu.org#17992,"TALANG UBI TIMUR, TALANG UBI, PENUKAL ABAB LEMATANG ILIR, SUMATERA SELATAN",10,128,79,207
https://kawalpemilu.org#17992,"TALANG UBI TIMUR, TALANG UBI, PENUKAL ABAB LEMATANG ILIR, SUMATERA SELATAN",11,117,60,177
https://kawalpemilu.org#17992,"TALANG UBI TIMUR, TALANG UBI, PENUKAL ABAB LEMATANG ILIR, SUMATERA SELATAN",12,122,66,188
https://kawalpemilu.org#17992,"TALANG UBI TIMUR, TALANG UBI, PENUKAL ABAB LEMATANG ILIR, SUMATERA SELATAN",13,105,79,184
https://kawalpemilu.org#17992,"TALANG UBI TIMUR, TALANG UBI, PENUKAL ABAB LEMATANG ILIR, SUMATERA SELATAN",14,106,109,215
https://kawalpemilu.org#17992,"TALANG UBI TIMUR, TALANG UBI, PENUKAL ABAB LEMATANG ILIR, SUMATERA SELATAN",15,73,117,190
https://kawalpemilu.org#17992,"TALANG UBI TIMUR, TALANG UBI, PENUKAL ABAB LEMATANG ILIR, SUMATERA SELATAN",16,119,65,184
https://kawalpemilu.org#17992,"TALANG UBI TIMUR, TALANG UBI, PENUKAL ABAB LEMATANG ILIR, SUMATERA SELATAN",17,118,63,181
https://kawalpemilu.org#17992,"TALANG UBI TIMUR, TALANG UBI, PENUKAL ABAB LEMATANG ILIR, SUMATERA SELATAN",18,96,105,201
https://kawalpemilu.org#17992,"TALANG UBI TIMUR, TALANG UBI, PENUKAL ABAB LEMATANG ILIR, SUMATERA SELATAN",19,78,117,195
https://kawalpemilu.org#17992,"TALANG UBI TIMUR, TALANG UBI, PENUKAL ABAB LEMATANG ILIR, SUMATERA SELATAN",20,103,72,175
https://kawalpemilu.org#17992,"TALANG UBI TIMUR, TALANG UBI, PENUKAL ABAB LEMATANG ILIR, SUMATERA SELATAN",22,123,68,191
https://kawalpemilu.org#17992,"TALANG UBI TIMUR, TALANG UBI, PENUKAL ABAB LEMATANG ILIR, SUMATERA SELATAN",23,102,93,195
https://kawalpemilu.org#17992,"TALANG UBI TIMUR, TALANG UBI, PENUKAL ABAB LEMATANG ILIR, SUMATERA SELATAN",24,107,105,212
https://kawalpemilu.org#17992,"TALANG UBI TIMUR, TALANG UBI, PENUKAL ABAB LEMATANG ILIR, SUMATERA SELATAN",25,93,75,168
https://kawalpemilu.org#17992,"TALANG UBI TIMUR, TALANG UBI, PENUKAL ABAB LEMATANG ILIR, SUMATERA SELATAN",26,79,112,191
https://kawalpemilu.org#17992,"TALANG UBI TIMUR, TALANG UBI, PENUKAL ABAB LEMATANG ILIR, SUMATERA SELATAN",27,81,57,138
https://kawalpemilu.org#17992,"TALANG UBI TIMUR, TALANG UBI, PENUKAL ABAB LEMATANG ILIR, SUMATERA SELATAN",28,66,61,127
https://kawalpemilu.org#17993,"TALANG UBI BARAT, TALANG UBI, PENUKAL ABAB LEMATANG ILIR, SUMATERA SELATAN",1,96,114,210
https://kawalpemilu.org#17993,"TALANG UBI BARAT, TALANG UBI, PENUKAL ABAB LEMATANG ILIR, SUMATERA SELATAN",2,87,89,176
https://kawalpemilu.org#17993,"TALANG UBI BARAT, TALANG UBI, PENUKAL ABAB LEMATANG ILIR, SUMATERA SELATAN",3,125,57,182
https://kawalpemilu.org#17993,"TALANG UBI BARAT, TALANG UBI, PENUKAL ABAB LEMATANG ILIR, SUMATERA SELATAN",4,101,91,192
https://kawalpemilu.org#17993,"TALANG UBI BARAT, TALANG UBI, PENUKAL ABAB LEMATANG ILIR, SUMATERA SELATAN",5,83,103,186
https://kawalpemilu.org#17993,"TALANG UBI BARAT, TALANG UBI, PENUKAL ABAB LEMATANG ILIR, SUMATERA SELATAN",6,85,85,170
https://kawalpemilu.org#17993,"TALANG UBI BARAT, TALANG UBI, PENUKAL ABAB LEMATANG ILIR, SUMATERA SELATAN",7,92,69,161
https://kawalpemilu.org#17993,"TALANG UBI BARAT, TALANG UBI, PENUKAL ABAB LEMATANG ILIR, SUMATERA SELATAN",8,74,110,184
https://kawalpemilu.org#17993,"TALANG UBI BARAT, TALANG UBI, PENUKAL ABAB LEMATANG ILIR, SUMATERA SELATAN",9,86,114,200
https://kawalpemilu.org#17993,"TALANG UBI BARAT, TALANG UBI, PENUKAL ABAB LEMATANG ILIR, SUMATERA SELATAN",10,110,96,206
https://kawalpemilu.org#17993,"TALANG UBI BARAT, TALANG UBI, PENUKAL ABAB LEMATANG ILIR, SUMATERA SELATAN",11,123,108,231
https://kawalpemilu.org#17993,"TALANG UBI BARAT, TALANG UBI, PENUKAL ABAB LEMATANG ILIR, SUMATERA SELATAN",12,121,91,212
https://kawalpemilu.org#17993,"TALANG UBI BARAT, TALANG UBI, PENUKAL ABAB LEMATANG ILIR, SUMATERA SELATAN",13,93,89,182
https://kawalpemilu.org#17993,"TALANG UBI BARAT, TALANG UBI, PENUKAL ABAB LEMATANG ILIR, SUMATERA SELATAN",14,136,48,184
https://kawalpemilu.org#17993,"TALANG UBI BARAT, TALANG UBI, PENUKAL ABAB LEMATANG ILIR, SUMATERA SELATAN",15,138,60,198
https://kawalpemilu.org#17993,"TALANG UBI BARAT, TALANG UBI, PENUKAL ABAB LEMATANG ILIR, SUMATERA SELATAN",16,115,60,175
https://kawalpemilu.org#17993,"TALANG UBI BARAT, TALANG UBI, PENUKAL ABAB LEMATANG ILIR, SUMATERA SELATAN",17,110,33,143
https://kawalpemilu.org#17993,"TALANG UBI BARAT, TALANG UBI, PENUKAL ABAB LEMATANG ILIR, SUMATERA SELATAN",18,134,52,186
https://kawalpemilu.org#17993,"TALANG UBI BARAT, TALANG UBI, PENUKAL ABAB LEMATANG ILIR, SUMATERA SELATAN",19,155,74,189
https://kawalpemilu.org#17993,"TALANG UBI BARAT, TALANG UBI, PENUKAL ABAB LEMATANG ILIR, SUMATERA SELATAN",20,138,96,234
https://kawalpemilu.org#17993,"TALANG UBI BARAT, TALANG UBI, PENUKAL ABAB LEMATANG ILIR, SUMATERA SELATAN",21,127,100,227
https://kawalpemilu.org#17993,"TALANG UBI BARAT, TALANG UBI, PENUKAL ABAB LEMATANG ILIR, SUMATERA SELATAN",22,111,83,194
https://kawalpemilu.org#17993,"TALANG UBI BARAT, TALANG UBI, PENUKAL ABAB LEMATANG ILIR, SUMATERA SELATAN",23,91,46,137
https://kawalpemilu.org#17993,"TALANG UBI BARAT, TALANG UBI, PENUKAL ABAB LEMATANG ILIR, SUMATERA SELATAN",24,123,41,164
https://kawalpemilu.org#17993,"TALANG UBI BARAT, TALANG UBI, PENUKAL ABAB LEMATANG ILIR, SUMATERA SELATAN",25,70,122,192
https://kawalpemilu.org#17993,"TALANG UBI BARAT, TALANG UBI, PENUKAL ABAB LEMATANG ILIR, SUMATERA SELATAN",26,88,97,185
https://kawalpemilu.org#17993,"TALANG UBI BARAT, TALANG UBI, PENUKAL ABAB LEMATANG ILIR, SUMATERA SELATAN",27,97,69,166
https://kawalpemilu.org#17994,"TALANG UBI UTARA, TALANG UBI, PENUKAL ABAB LEMATANG ILIR, SUMATERA SELATAN",1,89,100,189
https://kawalpemilu.org#17994,"TALANG UBI UTARA, TALANG UBI, PENUKAL ABAB LEMATANG ILIR, SUMATERA SELATAN",2,89,84,173
https://kawalpemilu.org#17994,"TALANG UBI UTARA, TALANG UBI, PENUKAL ABAB LEMATANG ILIR, SUMATERA SELATAN",3,101,68,169
https://kawalpemilu.org#17994,"TALANG UBI UTARA, TALANG UBI, PENUKAL ABAB LEMATANG ILIR, SUMATERA SELATAN",4,125,62,187
https://kawalpemilu.org#17994,"TALANG UBI UTARA, TALANG UBI, PENUKAL ABAB LEMATANG ILIR, SUMATERA SELATAN",5,116,84,200
https://kawalpemilu.org#17994,"TALANG UBI UTARA, TALANG UBI, PENUKAL ABAB LEMATANG ILIR, SUMATERA SELATAN",6,111,75,186
https://kawalpemilu.org#17994,"TALANG UBI UTARA, TALANG UBI, PENUKAL ABAB LEMATANG ILIR, SUMATERA SELATAN",7,105,76,181
https://kawalpemilu.org#17994,"TALANG UBI UTARA, TALANG UBI, PENUKAL ABAB LEMATANG ILIR, SUMATERA SELATAN",8,128,73,201
https://kawalpemilu.org#17994,"TALANG UBI UTARA, TALANG UBI, PENUKAL ABAB LEMATANG ILIR, SUMATERA SELATAN",9,129,67,196
https://kawalpemilu.org#17994,"TALANG UBI UTARA, TALANG UBI, PENUKAL ABAB LEMATANG ILIR, SUMATERA SELATAN",10,162,60,222
https://kawalpemilu.org#17994,"TALANG UBI UTARA, TALANG UBI, PENUKAL ABAB LEMATANG ILIR, SUMATERA SELATAN",11,81,111,192
https://kawalpemilu.org#17994,"TALANG UBI UTARA, TALANG UBI, PENUKAL ABAB LEMATANG ILIR, SUMATERA SELATAN",12,97,108,205
https://kawalpemilu.org#17994,"TALANG UBI UTARA, TALANG UBI, PENUKAL ABAB LEMATANG ILIR, SUMATERA SELATAN",13,67,120,187
https://kawalpemilu.org#17994,"TALANG UBI UTARA, TALANG UBI, PENUKAL ABAB LEMATANG ILIR, SUMATERA SELATAN",14,74,109,183
https://kawalpemilu.org#17994,"TALANG UBI UTARA, TALANG UBI, PENUKAL ABAB LEMATANG ILIR, SUMATERA SELATAN",15,99,102,201
https://kawalpemilu.org#17994,"TALANG UBI UTARA, TALANG UBI, PENUKAL ABAB LEMATANG ILIR, SUMATERA SELATAN",16,88,82,170
https://kawalpemilu.org#17994,"TALANG UBI UTARA, TALANG UBI, PENUKAL ABAB LEMATANG ILIR, SUMATERA SELATAN",17,100,84,184
https://kawalpemilu.org#17994,"TALANG UBI UTARA, TALANG UBI, PENUKAL ABAB LEMATANG ILIR, SUMATERA SELATAN",18,93,93,186
https://kawalpemilu.org#17994,"TALANG UBI UTARA, TALANG UBI, PENUKAL ABAB LEMATANG ILIR, SUMATERA SELATAN",19,97,72,169
https://kawalpemilu.org#17994,"TALANG UBI UTARA, TALANG UBI, PENUKAL ABAB LEMATANG ILIR, SUMATERA SELATAN",20,106,84,190
https://kawalpemilu.org#17994,"TALANG UBI UTARA, TALANG UBI, PENUKAL ABAB LEMATANG ILIR, SUMATERA SELATAN",21,107,78,185
https://kawalpemilu.org#17994,"TALANG UBI UTARA, TALANG UBI, PENUKAL ABAB LEMATANG ILIR, SUMATERA SELATAN",22,114,90,204
https://kawalpemilu.org#17994,"TALANG UBI UTARA, TALANG UBI, PENUKAL ABAB LEMATANG ILIR, SUMATERA SELATAN",23,73,145,218
https://kawalpemilu.org#17994,"TALANG UBI UTARA, TALANG UBI, PENUKAL ABAB LEMATANG ILIR, SUMATERA SELATAN",24,67,152,219
https://kawalpemilu.org#17995,"TALANG UBI SELATAN, TALANG UBI, PENUKAL ABAB LEMATANG ILIR, SUMATERA SELATAN",1,118,34,152
https://kawalpemilu.org#17995,"TALANG UBI SELATAN, TALANG UBI, PENUKAL ABAB LEMATANG ILIR, SUMATERA SELATAN",2,121,58,179
https://kawalpemilu.org#17995,"TALANG UBI SELATAN, TALANG UBI, PENUKAL ABAB LEMATANG ILIR, SUMATERA SELATAN",3,124,101,225
https://kawalpemilu.org#17995,"TALANG UBI SELATAN, TALANG UBI, PENUKAL ABAB LEMATANG ILIR, SUMATERA SELATAN",4,120,70,190
https://kawalpemilu.org#17995,"TALANG UBI SELATAN, TALANG UBI, PENUKAL ABAB LEMATANG ILIR, SUMATERA SELATAN",5,109,88,197
https://kawalpemilu.org#17995,"TALANG UBI SELATAN, TALANG UBI, PENUKAL ABAB LEMATANG ILIR, SUMATERA SELATAN",6,102,115,217
https://kawalpemilu.org#17995,"TALANG UBI SELATAN, TALANG UBI, PENUKAL ABAB LEMATANG ILIR, SUMATERA SELATAN",7,96,102,198
https://kawalpemilu.org#17995,"TALANG UBI SELATAN, TALANG UBI, PENUKAL ABAB LEMATANG ILIR, SUMATERA SELATAN",8,110,78,188
https://kawalpemilu.org#17995,"TALANG UBI SELATAN, TALANG UBI, PENUKAL ABAB LEMATANG ILIR, SUMATERA SELATAN",9,87,82,169
https://kawalpemilu.org#17995,"TALANG UBI SELATAN, TALANG UBI, PENUKAL ABAB LEMATANG ILIR, SUMATERA SELATAN",10,114,83,197
https://kawalpemilu.org#17995,"TALANG UBI SELATAN, TALANG UBI, PENUKAL ABAB LEMATANG ILIR, SUMATERA SELATAN",11,103,111,214
https://kawalpemilu.org#17995,"TALANG UBI SELATAN, TALANG UBI, PENUKAL ABAB LEMATANG ILIR, SUMATERA SELATAN",12,115,64,179
https://kawalpemilu.org#17995,"TALANG UBI SELATAN, TALANG UBI, PENUKAL ABAB LEMATANG ILIR, SUMATERA SELATAN",13,112,70,182
https://kawalpemilu.org#17995,"TALANG UBI SELATAN, TALANG UBI, PENUKAL ABAB LEMATANG ILIR, SUMATERA SELATAN",14,111,91,202
https://kawalpemilu.org#17995,"TALANG UBI SELATAN, TALANG UBI, PENUKAL ABAB LEMATANG ILIR, SUMATERA SELATAN",15,131,67,198
https://kawalpemilu.org#17995,"TALANG UBI SELATAN, TALANG UBI, PENUKAL ABAB LEMATANG ILIR, SUMATERA SELATAN",16,113,85,198
https://kawalpemilu.org#17995,"TALANG UBI SELATAN, TALANG UBI, PENUKAL ABAB LEMATANG ILIR, SUMATERA SELATAN",17,110,92,202
https://kawalpemilu.org#17995,"TALANG UBI SELATAN, TALANG UBI, PENUKAL ABAB LEMATANG ILIR, SUMATERA SELATAN",18,108,105,213
https://kawalpemilu.org#17995,"TALANG UBI SELATAN, TALANG UBI, PENUKAL ABAB LEMATANG ILIR, SUMATERA SELATAN",19,113,118,231
https://kawalpemilu.org#17995,"TALANG UBI SELATAN, TALANG UBI, PENUKAL ABAB LEMATANG ILIR, SUMATERA SELATAN",20,125,112,237
https://kawalpemilu.org#17995,"TALANG UBI SELATAN, TALANG UBI, PENUKAL ABAB LEMATANG ILIR, SUMATERA SELATAN",21,115,117,232
https://kawalpemilu.org#17995,"TALANG UBI SELATAN, TALANG UBI, PENUKAL ABAB LEMATANG ILIR, SUMATERA SELATAN",22,95,120,215
https://kawalpemilu.org#17996,"PASAR BAYANGKARA, TALANG UBI, PENUKAL ABAB LEMATANG ILIR, SUMATERA SELATAN",1,123,46,169
https://kawalpemilu.org#17996,"PASAR BAYANGKARA, TALANG UBI, PENUKAL ABAB LEMATANG ILIR, SUMATERA SELATAN",2,99,78,177
https://kawalpemilu.org#17996,"PASAR BAYANGKARA, TALANG UBI, PENUKAL ABAB LEMATANG ILIR, SUMATERA SELATAN",3,95,44,139
https://kawalpemilu.org#17996,"PASAR BAYANGKARA, TALANG UBI, PENUKAL ABAB LEMATANG ILIR, SUMATERA SELATAN",5,104,77,181
https://kawalpemilu.org#17996,"PASAR BAYANGKARA, TALANG UBI, PENUKAL ABAB LEMATANG ILIR, SUMATERA SELATAN",6,126,78,204
https://kawalpemilu.org#17996,"PASAR BAYANGKARA, TALANG UBI, PENUKAL ABAB LEMATANG ILIR, SUMATERA SELATAN",7,78,80,158
https://kawalpemilu.org#17996,"PASAR BAYANGKARA, TALANG UBI, PENUKAL ABAB LEMATANG ILIR, SUMATERA SELATAN",8,119,67,186
https://kawalpemilu.org#17996,"PASAR BAYANGKARA, TALANG UBI, PENUKAL ABAB LEMATANG ILIR, SUMATERA SELATAN",9,77,109,186
https://kawalpemilu.org#17996,"PASAR BAYANGKARA, TALANG UBI, PENUKAL ABAB LEMATANG ILIR, SUMATERA SELATAN",10,98,107,205
https://kawalpemilu.org#17996,"PASAR BAYANGKARA, TALANG UBI, PENUKAL ABAB LEMATANG ILIR, SUMATERA SELATAN",11,144,54,198
https://kawalpemilu.org#17996,"PASAR BAYANGKARA, TALANG UBI, PENUKAL ABAB LEMATANG ILIR, SUMATERA SELATAN",12,148,38,186
https://kawalpemilu.org#17996,"PASAR BAYANGKARA, TALANG UBI, PENUKAL ABAB LEMATANG ILIR, SUMATERA SELATAN",13,112,95,207
https://kawalpemilu.org#17996,"PASAR BAYANGKARA, TALANG UBI, PENUKAL ABAB LEMATANG ILIR, SUMATERA SELATAN",14,80,73,153
https://kawalpemilu.org#17996,"PASAR BAYANGKARA, TALANG UBI, PENUKAL ABAB LEMATANG ILIR, SUMATERA SELATAN",15,94,104,198
https://kawalpemilu.org#17996,"PASAR BAYANGKARA, TALANG UBI, PENUKAL ABAB LEMATANG ILIR, SUMATERA SELATAN",16,109,103,212
https://kawalpemilu.org#17996,"PASAR BAYANGKARA, TALANG UBI, PENUKAL ABAB LEMATANG ILIR, SUMATERA SELATAN",17,106,126,232
https://kawalpemilu.org#17996,"PASAR BAYANGKARA, TALANG UBI, PENUKAL ABAB LEMATANG ILIR, SUMATERA SELATAN",18,126,77,203
https://kawalpemilu.org#17997,"HANDAYANI MULYA, TALANG UBI, PENUKAL ABAB LEMATANG ILIR, SUMATERA SELATAN",1,102,115,217
https://kawalpemilu.org#17997,"HANDAYANI MULYA, TALANG UBI, PENUKAL ABAB LEMATANG ILIR, SUMATERA SELATAN",2,83,111,194
https://kawalpemilu.org#17997,"HANDAYANI MULYA, TALANG UBI, PENUKAL ABAB LEMATANG ILIR, SUMATERA SELATAN",3,91,154,245
https://kawalpemilu.org#17997,"HANDAYANI MULYA, TALANG UBI, PENUKAL ABAB LEMATANG ILIR, SUMATERA SELATAN",4,90,116,206
https://kawalpemilu.org#17997,"HANDAYANI MULYA, TALANG UBI, PENUKAL ABAB LEMATANG ILIR, SUMATERA SELATAN",5,110,128,238
https://kawalpemilu.org#17997,"HANDAYANI MULYA, TALANG UBI, PENUKAL ABAB LEMATANG ILIR, SUMATERA SELATAN",6,134,67,201
https://kawalpemilu.org#17997,"HANDAYANI MULYA, TALANG UBI, PENUKAL ABAB LEMATANG ILIR, SUMATERA SELATAN",8,158,79,237
https://kawalpemilu.org#17997,"HANDAYANI MULYA, TALANG UBI, PENUKAL ABAB LEMATANG ILIR, SUMATERA SELATAN",9,167,36,203
https://kawalpemilu.org#17997,"HANDAYANI MULYA, TALANG UBI, PENUKAL ABAB LEMATANG ILIR, SUMATERA SELATAN",10,141,75,216
https://kawalpemilu.org#17997,"HANDAYANI MULYA, TALANG UBI, PENUKAL ABAB LEMATANG ILIR, SUMATERA SELATAN",11,134,85,219
https://kawalpemilu.org#17997,"HANDAYANI MULYA, TALANG UBI, PENUKAL ABAB LEMATANG ILIR, SUMATERA SELATAN",12,117,92,209
https://kawalpemilu.org#17997,"HANDAYANI MULYA, TALANG UBI, PENUKAL ABAB LEMATANG ILIR, SUMATERA SELATAN",13,78,110,188
https://kawalpemilu.org#17997,"HANDAYANI MULYA, TALANG UBI, PENUKAL ABAB LEMATANG ILIR, SUMATERA SELATAN",14,131,90,221
https://kawalpemilu.org#17998,"TALANG BULANG, TALANG UBI, PENUKAL ABAB LEMATANG ILIR, SUMATERA SELATAN",1,77,99,176
https://kawalpemilu.org#17998,"TALANG BULANG, TALANG UBI, PENUKAL ABAB LEMATANG ILIR, SUMATERA SELATAN",2,72,95,167
https://kawalpemilu.org#17998,"TALANG BULANG, TALANG UBI, PENUKAL ABAB LEMATANG ILIR, SUMATERA SELATAN",3,88,104,192
https://kawalpemilu.org#17998,"TALANG BULANG, TALANG UBI, PENUKAL ABAB LEMATANG ILIR, SUMATERA SELATAN",4,81,77,158
https://kawalpemilu.org#17998,"TALANG BULANG, TALANG UBI, PENUKAL ABAB LEMATANG ILIR, SUMATERA SELATAN",5,85,105,190
https://kawalpemilu.org#17998,"TALANG BULANG, TALANG UBI, PENUKAL ABAB LEMATANG ILIR, SUMATERA SELATAN",6,84,102,186
https://kawalpemilu.org#17998,"TALANG BULANG, TALANG UBI, PENUKAL ABAB LEMATANG ILIR, SUMATERA SELATAN",7,90,90,180
https://kawalpemilu.org#17998,"TALANG BULANG, TALANG UBI, PENUKAL ABAB LEMATANG ILIR, SUMATERA SELATAN",8,114,79,193
https://kawalpemilu.org#17998,"TALANG BULANG, TALANG UBI, PENUKAL ABAB LEMATANG ILIR, SUMATERA SELATAN",9,74,87,161
https://kawalpemilu.org#17998,"TALANG BULANG, TALANG UBI, PENUKAL ABAB LEMATANG ILIR, SUMATERA SELATAN",10,98,80,178
https://kawalpemilu.org#17998,"TALANG BULANG, TALANG UBI, PENUKAL ABAB LEMATANG ILIR, SUMATERA SELATAN",11,96,86,182
https://kawalpemilu.org#17998,"TALANG BULANG, TALANG UBI, PENUKAL ABAB LEMATANG ILIR, SUMATERA SELATAN",12,89,99,188
https://kawalpemilu.org#17999,"BENUANG, TALANG UBI, PENUKAL ABAB LEMATANG ILIR, SUMATERA SELATAN",1,56,142,198
https://kawalpemilu.org#17999,"BENUANG, TALANG UBI, PENUKAL ABAB LEMATANG ILIR, SUMATERA SELATAN",2,48,144,192
https://kawalpemilu.org#17999,"BENUANG, TALANG UBI, PENUKAL ABAB LEMATANG ILIR, SUMATERA SELATAN",3,44,131,175
https://kawalpemilu.org#17999,"BENUANG, TALANG UBI, PENUKAL ABAB LEMATANG ILIR, SUMATERA SELATAN",4,78,49,127
https://kawalpemilu.org#17999,"BENUANG, TALANG UBI, PENUKAL ABAB LEMATANG ILIR, SUMATERA SELATAN",5,55,133,188
https://kawalpemilu.org#17999,"BENUANG, TALANG UBI, PENUKAL ABAB LEMATANG ILIR, SUMATERA SELATAN",6,62,131,193
https://kawalpemilu.org#17999,"BENUANG, TALANG UBI, PENUKAL ABAB LEMATANG ILIR, SUMATERA SELATAN",7,42,135,177
https://kawalpemilu.org#17999,"BENUANG, TALANG UBI, PENUKAL ABAB LEMATANG ILIR, SUMATERA SELATAN",8,54,126,180
https://kawalpemilu.org#17999,"BENUANG, TALANG UBI, PENUKAL ABAB LEMATANG ILIR, SUMATERA SELATAN",9,93,51,144
https://kawalpemilu.org#18000,"TALANG AKAR, TALANG UBI, PENUKAL ABAB LEMATANG ILIR, SUMATERA SELATAN",1,105,100,205
https://kawalpemilu.org#18000,"TALANG AKAR, TALANG UBI, PENUKAL ABAB LEMATANG ILIR, SUMATERA SELATAN",2,80,64,144
https://kawalpemilu.org#18000,"TALANG AKAR, TALANG UBI, PENUKAL ABAB LEMATANG ILIR, SUMATERA SELATAN",3,74,71,145
https://kawalpemilu.org#18000,"TALANG AKAR, TALANG UBI, PENUKAL ABAB LEMATANG ILIR, SUMATERA SELATAN",4,66,134,200
https://kawalpemilu.org#18000,"TALANG AKAR, TALANG UBI, PENUKAL ABAB LEMATANG ILIR, SUMATERA SELATAN",5,78,123,201
https://kawalpemilu.org#18000,"TALANG AKAR, TALANG UBI, PENUKAL ABAB LEMATANG ILIR, SUMATERA SELATAN",6,92,104,196
https://kawalpemilu.org#18000,"TALANG AKAR, TALANG UBI, PENUKAL ABAB LEMATANG ILIR, SUMATERA SELATAN",7,87,102,189
https://kawalpemilu.org#18000,"TALANG AKAR, TALANG UBI, PENUKAL ABAB LEMATANG ILIR, SUMATERA SELATAN",8,70,112,182
https://kawalpemilu.org#18000,"TALANG AKAR, TALANG UBI, PENUKAL ABAB LEMATANG ILIR, SUMATERA SELATAN",9,106,88,194
https://kawalpemilu.org#18000,"TALANG AKAR, TALANG UBI, PENUKAL ABAB LEMATANG ILIR, SUMATERA SELATAN",10,27,59,86
https://kawalpemilu.org#18000,"TALANG AKAR, TALANG UBI, PENUKAL ABAB LEMATANG ILIR, SUMATERA SELATAN",11,69,83,152
https://kawalpemilu.org#18000,"TALANG AKAR, TALANG UBI, PENUKAL ABAB LEMATANG ILIR, SUMATERA SELATAN",12,66,116,182
https://kawalpemilu.org#18000,"TALANG AKAR, TALANG UBI, PENUKAL ABAB LEMATANG ILIR, SUMATERA SELATAN",13,90,98,188
https://kawalpemilu.org#18001,"SUNGAI IBUL, TALANG UBI, PENUKAL ABAB LEMATANG ILIR, SUMATERA SELATAN",1,45,125,170
https://kawalpemilu.org#18001,"SUNGAI IBUL, TALANG UBI, PENUKAL ABAB LEMATANG ILIR, SUMATERA SELATAN",2,81,119,200
https://kawalpemilu.org#18001,"SUNGAI IBUL, TALANG UBI, PENUKAL ABAB LEMATANG ILIR, SUMATERA SELATAN",3,66,127,193
https://kawalpemilu.org#18001,"SUNGAI IBUL, TALANG UBI, PENUKAL ABAB LEMATANG ILIR, SUMATERA SELATAN",4,126,24,150
https://kawalpemilu.org#18001,"SUNGAI IBUL, TALANG UBI, PENUKAL ABAB LEMATANG ILIR, SUMATERA SELATAN",5,69,107,176
https://kawalpemilu.org#18002,"KARTA DEWA, TALANG UBI, PENUKAL ABAB LEMATANG ILIR, SUMATERA SELATAN",1,77,141,218
https://kawalpemilu.org#18002,"KARTA DEWA, TALANG UBI, PENUKAL ABAB LEMATANG ILIR, SUMATERA SELATAN",2,60,106,166
https://kawalpemilu.org#18002,"KARTA DEWA, TALANG UBI, PENUKAL ABAB LEMATANG ILIR, SUMATERA SELATAN",3,72,120,192
https://kawalpemilu.org#18002,"KARTA DEWA, TALANG UBI, PENUKAL ABAB LEMATANG ILIR, SUMATERA SELATAN",4,71,134,205
https://kawalpemilu.org#18002,"KARTA DEWA, TALANG UBI, PENUKAL ABAB LEMATANG ILIR, SUMATERA SELATAN",5,58,114,172
https://kawalpemilu.org#18002,"KARTA DEWA, TALANG UBI, PENUKAL ABAB LEMATANG ILIR, SUMATERA SELATAN",6,120,80,200
https://kawalpemilu.org#18002,"KARTA DEWA, TALANG UBI, PENUKAL ABAB LEMATANG ILIR, SUMATERA SELATAN",7,136,49,185
https://kawalpemilu.org#18002,"KARTA DEWA, TALANG UBI, PENUKAL ABAB LEMATANG ILIR, SUMATERA SELATAN",8,132,54,186
https://kawalpemilu.org#18002,"KARTA DEWA, TALANG UBI, PENUKAL ABAB LEMATANG ILIR, SUMATERA SELATAN",9,49,105,154
https://kawalpemilu.org#18003,"PANTA DEWA, TALANG UBI, PENUKAL ABAB LEMATANG ILIR, SUMATERA SELATAN",1,37,173,210
https://kawalpemilu.org#18003,"PANTA DEWA, TALANG UBI, PENUKAL ABAB LEMATANG ILIR, SUMATERA SELATAN",2,33,162,195
https://kawalpemilu.org#18003,"PANTA DEWA, TALANG UBI, PENUKAL ABAB LEMATANG ILIR, SUMATERA SELATAN",3,29,176,205
https://kawalpemilu.org#18003,"PANTA DEWA, TALANG UBI, PENUKAL ABAB LEMATANG ILIR, SUMATERA SELATAN",4,21,175,196
https://kawalpemilu.org#18003,"PANTA DEWA, TALANG UBI, PENUKAL ABAB LEMATANG ILIR, SUMATERA SELATAN",5,23,158,181
https://kawalpemilu.org#18003,"PANTA DEWA, TALANG UBI, PENUKAL ABAB LEMATANG ILIR, SUMATERA SELATAN",6,56,152,208
https://kawalpemilu.org#18003,"PANTA DEWA, TALANG UBI, PENUKAL ABAB LEMATANG ILIR, SUMATERA SELATAN",7,50,152,202
https://kawalpemilu.org#18003,"PANTA DEWA, TALANG UBI, PENUKAL ABAB LEMATANG ILIR, SUMATERA SELATAN",8,34,138,172
https://kawalpemilu.org#18003,"PANTA DEWA, TALANG UBI, PENUKAL ABAB LEMATANG ILIR, SUMATERA SELATAN",9,29,175,204
https://kawalpemilu.org#18004,"SUNGAI BAUNG, TALANG UBI, PENUKAL ABAB LEMATANG ILIR, SUMATERA SELATAN",1,62,168,230
https://kawalpemilu.org#18004,"SUNGAI BAUNG, TALANG UBI, PENUKAL ABAB LEMATANG ILIR, SUMATERA SELATAN",2,27,148,175
https://kawalpemilu.org#18004,"SUNGAI BAUNG, TALANG UBI, PENUKAL ABAB LEMATANG ILIR, SUMATERA SELATAN",3,27,117,144
https://kawalpemilu.org#18004,"SUNGAI BAUNG, TALANG UBI, PENUKAL ABAB LEMATANG ILIR, SUMATERA SELATAN",4,116,71,187
https://kawalpemilu.org#18004,"SUNGAI BAUNG, TALANG UBI, PENUKAL ABAB LEMATANG ILIR, SUMATERA SELATAN",5,106,73,179
https://kawalpemilu.org#18004,"SUNGAI BAUNG, TALANG UBI, PENUKAL ABAB LEMATANG ILIR, SUMATERA SELATAN",6,100,63,163
https://kawalpemilu.org#18004,"SUNGAI BAUNG, TALANG UBI, PENUKAL ABAB LEMATANG ILIR, SUMATERA SELATAN",7,103,85,188
https://kawalpemilu.org#18004,"SUNGAI BAUNG, TALANG UBI, PENUKAL ABAB LEMATANG ILIR, SUMATERA SELATAN",8,99,78,177
https://kawalpemilu.org#18004,"SUNGAI BAUNG, TALANG UBI, PENUKAL ABAB LEMATANG ILIR, SUMATERA SELATAN",9,115,104,219
https://kawalpemilu.org#18004,"SUNGAI BAUNG, TALANG UBI, PENUKAL ABAB LEMATANG ILIR, SUMATERA SELATAN",10,93,122,215
https://kawalpemilu.org#18005,"SEMANGGUS, TALANG UBI, PENUKAL ABAB LEMATANG ILIR, SUMATERA SELATAN",1,134,92,226
https://kawalpemilu.org#18005,"SEMANGGUS, TALANG UBI, PENUKAL ABAB LEMATANG ILIR, SUMATERA SELATAN",2,180,58,238
https://kawalpemilu.org#18005,"SEMANGGUS, TALANG UBI, PENUKAL ABAB LEMATANG ILIR, SUMATERA SELATAN",3,141,30,171
https://kawalpemilu.org#18005,"SEMANGGUS, TALANG UBI, PENUKAL ABAB LEMATANG ILIR, SUMATERA SELATAN",4,144,27,171
https://kawalpemilu.org#18005,"SEMANGGUS, TALANG UBI, PENUKAL ABAB LEMATANG ILIR, SUMATERA SELATAN",5,136,37,173
https://kawalpemilu.org#18005,"SEMANGGUS, TALANG UBI, PENUKAL ABAB LEMATANG ILIR, SUMATERA SELATAN",6,99,26,125
https://kawalpemilu.org#18005,"SEMANGGUS, TALANG UBI, PENUKAL ABAB LEMATANG ILIR, SUMATERA SELATAN",7,157,30,187
https://kawalpemilu.org#18005,"SEMANGGUS, TALANG UBI, PENUKAL ABAB LEMATANG ILIR, SUMATERA SELATAN",8,167,47,208
https://kawalpemilu.org#18006,"SINAR DEWA, TALANG UBI, PENUKAL ABAB LEMATANG ILIR, SUMATERA SELATAN",1,63,143,206
https://kawalpemilu.org#18006,"SINAR DEWA, TALANG UBI, PENUKAL ABAB LEMATANG ILIR, SUMATERA SELATAN",2,54,144,198
https://kawalpemilu.org#18006,"SINAR DEWA, TALANG UBI, PENUKAL ABAB LEMATANG ILIR, SUMATERA SELATAN",3,62,109,171
https://kawalpemilu.org#18006,"SINAR DEWA, TALANG UBI, PENUKAL ABAB LEMATANG ILIR, SUMATERA SELATAN",4,55,152,192
https://kawalpemilu.org#18006,"SINAR DEWA, TALANG UBI, PENUKAL ABAB LEMATANG ILIR, SUMATERA SELATAN",5,47,149,196
https://kawalpemilu.org#18006,"SINAR DEWA, TALANG UBI, PENUKAL ABAB LEMATANG ILIR, SUMATERA SELATAN",6,59,113,172
https://kawalpemilu.org#18007,"BENAKAT MINYAK, TALANG UBI, PENUKAL ABAB LEMATANG ILIR, SUMATERA SELATAN",1,176,27,203
https://kawalpemilu.org#18007,"BENAKAT MINYAK, TALANG UBI, PENUKAL ABAB LEMATANG ILIR, SUMATERA SELATAN",2,123,72,195
https://kawalpemilu.org#18007,"BENAKAT MINYAK, TALANG UBI, PENUKAL ABAB LEMATANG ILIR, SUMATERA SELATAN",3,132,73,205
https://kawalpemilu.org#18007,"BENAKAT MINYAK, TALANG UBI, PENUKAL ABAB LEMATANG ILIR, SUMATERA SELATAN",4,162,58,220
https://kawalpemilu.org#18007,"BENAKAT MINYAK, TALANG UBI, PENUKAL ABAB LEMATANG ILIR, SUMATERA SELATAN",5,182,28,210
https://kawalpemilu.org#18007,"BENAKAT MINYAK, TALANG UBI, PENUKAL ABAB LEMATANG ILIR, SUMATERA SELATAN",6,145,41,186
https://kawalpemilu.org#18007,"BENAKAT MINYAK, TALANG UBI, PENUKAL ABAB LEMATANG ILIR, SUMATERA SELATAN",7,140,37,177
https://kawalpemilu.org#18008,"SUKA MAJU, TALANG UBI, PENUKAL ABAB LEMATANG ILIR, SUMATERA SELATAN",1,103,85,188
https://kawalpemilu.org#18008,"SUKA MAJU, TALANG UBI, PENUKAL ABAB LEMATANG ILIR, SUMATERA SELATAN",2,113,43,156
https://kawalpemilu.org#18008,"SUKA MAJU, TALANG UBI, PENUKAL ABAB LEMATANG ILIR, SUMATERA SELATAN",3,125,53,178
https://kawalpemilu.org#18008,"SUKA MAJU, TALANG UBI, PENUKAL ABAB LEMATANG ILIR, SUMATERA SELATAN",4,108,95,203
https://kawalpemilu.org#18008,"SUKA MAJU, TALANG UBI, PENUKAL ABAB LEMATANG ILIR, SUMATERA SELATAN",5,96,57,153
https://kawalpemilu.org#18009,"SUKA DAMAI, TALANG UBI, PENUKAL ABAB LEMATANG ILIR, SUMATERA SELATAN",1,30,130,160
https://kawalpemilu.org#18009,"SUKA DAMAI, TALANG UBI, PENUKAL ABAB LEMATANG ILIR, SUMATERA SELATAN",2,98,94,192
https://kawalpemilu.org#18009,"SUKA DAMAI, TALANG UBI, PENUKAL ABAB LEMATANG ILIR, SUMATERA SELATAN",3,76,74,150
https://kawalpemilu.org#18009,"SUKA DAMAI, TALANG UBI, PENUKAL ABAB LEMATANG ILIR, SUMATERA SELATAN",4,159,80,239
https://kawalpemilu.org#18009,"SUKA DAMAI, TALANG UBI, PENUKAL ABAB LEMATANG ILIR, SUMATERA SELATAN",5,46,107,153
https://kawalpemilu.org#91894,"SIMPANG TAIS, TALANG UBI, PENUKAL ABAB LEMATANG ILIR, SUMATERA SELATAN",1,88,111,199
https://kawalpemilu.org#91894,"SIMPANG TAIS, TALANG UBI, PENUKAL ABAB LEMATANG ILIR, SUMATERA SELATAN",2,99,94,193
https://kawalpemilu.org#91894,"SIMPANG TAIS, TALANG UBI, PENUKAL ABAB LEMATANG ILIR, SUMATERA SELATAN",3,112,76,188
https://kawalpemilu.org#91894,"SIMPANG TAIS, TALANG UBI, PENUKAL ABAB LEMATANG ILIR, SUMATERA SELATAN",4,89,83,172
https://kawalpemilu.org#91894,"SIMPANG TAIS, TALANG UBI, PENUKAL ABAB LEMATANG ILIR, SUMATERA SELATAN",5,69,83,152
https://kawalpemilu.org#91894,"SIMPANG TAIS, TALANG UBI, PENUKAL ABAB LEMATANG ILIR, SUMATERA SELATAN",6,71,116,187
https://kawalpemilu.org#91894,"SIMPANG TAIS, TALANG UBI, PENUKAL ABAB LEMATANG ILIR, SUMATERA SELATAN",7,69,100,169
https://kawalpemilu.org#927530,"BERUGE DARAT, TALANG UBI, PENUKAL ABAB LEMATANG ILIR, SUMATERA SELATAN",1,67,153,220
https://kawalpemilu.org#927530,"BERUGE DARAT, TALANG UBI, PENUKAL ABAB LEMATANG ILIR, SUMATERA SELATAN",2,56,152,208
https://kawalpemilu.org#927530,"BERUGE DARAT, TALANG UBI, PENUKAL ABAB LEMATANG ILIR, SUMATERA SELATAN",3,52,148,200
https://kawalpemilu.org#927530,"BERUGE DARAT, TALANG UBI, PENUKAL ABAB LEMATANG ILIR, SUMATERA SELATAN",4,57,150,207
https://kawalpemilu.org#927530,"BERUGE DARAT, TALANG UBI, PENUKAL ABAB LEMATANG ILIR, SUMATERA SELATAN",5,52,156,208
https://kawalpemilu.org#18089,"BUMI AYU, TANAH ABANG, PENUKAL ABAB LEMATANG ILIR, SUMATERA SELATAN",1,36,137,173
https://kawalpemilu.org#18089,"BUMI AYU, TANAH ABANG, PENUKAL ABAB LEMATANG ILIR, SUMATERA SELATAN",2,22,130,152
https://kawalpemilu.org#18090,"MUARA SUNGAI, TANAH ABANG, PENUKAL ABAB LEMATANG ILIR, SUMATERA SELATAN",1,28,117,145
https://kawalpemilu.org#18090,"MUARA SUNGAI, TANAH ABANG, PENUKAL ABAB LEMATANG ILIR, SUMATERA SELATAN",2,19,131,150
https://kawalpemilu.org#18090,"MUARA SUNGAI, TANAH ABANG, PENUKAL ABAB LEMATANG ILIR, SUMATERA SELATAN",3,22,119,141
https://kawalpemilu.org#18091,"TANAH ABANG UTARA, TANAH ABANG, PENUKAL ABAB LEMATANG ILIR, SUMATERA SELATAN",1,54,137,191
https://kawalpemilu.org#18091,"TANAH ABANG UTARA, TANAH ABANG, PENUKAL ABAB LEMATANG ILIR, SUMATERA SELATAN",2,36,116,152
https://kawalpemilu.org#18091,"TANAH ABANG UTARA, TANAH ABANG, PENUKAL ABAB LEMATANG ILIR, SUMATERA SELATAN",3,31,131,162
https://kawalpemilu.org#18091,"TANAH ABANG UTARA, TANAH ABANG, PENUKAL ABAB LEMATANG ILIR, SUMATERA SELATAN",4,87,95,182
https://kawalpemilu.org#18091,"TANAH ABANG UTARA, TANAH ABANG, PENUKAL ABAB LEMATANG ILIR, SUMATERA SELATAN",5,75,119,194
https://kawalpemilu.org#18091,"TANAH ABANG UTARA, TANAH ABANG, PENUKAL ABAB LEMATANG ILIR, SUMATERA SELATAN",6,54,133,187
https://kawalpemilu.org#18091,"TANAH ABANG UTARA, TANAH ABANG, PENUKAL ABAB LEMATANG ILIR, SUMATERA SELATAN",7,57,134,191
https://kawalpemilu.org#18091,"TANAH ABANG UTARA, TANAH ABANG, PENUKAL ABAB LEMATANG ILIR, SUMATERA SELATAN",8,56,114,170
https://kawalpemilu.org#18091,"TANAH ABANG UTARA, TANAH ABANG, PENUKAL ABAB LEMATANG ILIR, SUMATERA SELATAN",9,76,119,195
https://kawalpemilu.org#18091,"TANAH ABANG UTARA, TANAH ABANG, PENUKAL ABAB LEMATANG ILIR, SUMATERA SELATAN",10,48,149,197
https://kawalpemilu.org#18091,"TANAH ABANG UTARA, TANAH ABANG, PENUKAL ABAB LEMATANG ILIR, SUMATERA SELATAN",11,48,132,180
https://kawalpemilu.org#18092,"SEDUPI, TANAH ABANG, PENUKAL ABAB LEMATANG ILIR, SUMATERA SELATAN",1,42,145,187
https://kawalpemilu.org#18092,"SEDUPI, TANAH ABANG, PENUKAL ABAB LEMATANG ILIR, SUMATERA SELATAN",2,37,129,166
https://kawalpemilu.org#18092,"SEDUPI, TANAH ABANG, PENUKAL ABAB LEMATANG ILIR, SUMATERA SELATAN",3,46,138,184
https://kawalpemilu.org#18092,"SEDUPI, TANAH ABANG, PENUKAL ABAB LEMATANG ILIR, SUMATERA SELATAN",4,34,150,184
https://kawalpemilu.org#18092,"SEDUPI, TANAH ABANG, PENUKAL ABAB LEMATANG ILIR, SUMATERA SELATAN",5,40,143,183
https://kawalpemilu.org#18092,"SEDUPI, TANAH ABANG, PENUKAL ABAB LEMATANG ILIR, SUMATERA SELATAN",6,33,169,202
https://kawalpemilu.org#18093,"SUKARAJA, TANAH ABANG, PENUKAL ABAB LEMATANG ILIR, SUMATERA SELATAN",1,75,127,202
https://kawalpemilu.org#18093,"SUKARAJA, TANAH ABANG, PENUKAL ABAB LEMATANG ILIR, SUMATERA SELATAN",2,81,116,197
https://kawalpemilu.org#18093,"SUKARAJA, TANAH ABANG, PENUKAL ABAB LEMATANG ILIR, SUMATERA SELATAN",3,87,101,188
https://kawalpemilu.org#18094,"CURUP, TANAH ABANG, PENUKAL ABAB LEMATANG ILIR, SUMATERA SELATAN",1,60,134,194
https://kawalpemilu.org#18094,"CURUP, TANAH ABANG, PENUKAL ABAB LEMATANG ILIR, SUMATERA SELATAN",2,62,104,166
https://kawalpemilu.org#18094,"CURUP, TANAH ABANG, PENUKAL ABAB LEMATANG ILIR, SUMATERA SELATAN",3,50,119,169
https://kawalpemilu.org#18094,"CURUP, TANAH ABANG, PENUKAL ABAB LEMATANG ILIR, SUMATERA SELATAN",4,59,102,161
https://kawalpemilu.org#18094,"CURUP, TANAH ABANG, PENUKAL ABAB LEMATANG ILIR, SUMATERA SELATAN",5,68,105,173
https://kawalpemilu.org#18094,"CURUP, TANAH ABANG, PENUKAL ABAB LEMATANG ILIR, SUMATERA SELATAN",6,47,94,141
https://kawalpemilu.org#18095,"RAJA, TANAH ABANG, PENUKAL ABAB LEMATANG ILIR, SUMATERA SELATAN",1,60,120,180
https://kawalpemilu.org#18095,"RAJA, TANAH ABANG, PENUKAL ABAB LEMATANG ILIR, SUMATERA SELATAN",2,79,102,181
https://kawalpemilu.org#18095,"RAJA, TANAH ABANG, PENUKAL ABAB LEMATANG ILIR, SUMATERA SELATAN",3,83,103,186
https://kawalpemilu.org#18095,"RAJA, TANAH ABANG, PENUKAL ABAB LEMATANG ILIR, SUMATERA SELATAN",4,61,131,192
https://kawalpemilu.org#18095,"RAJA, TANAH ABANG, PENUKAL ABAB LEMATANG ILIR, SUMATERA SELATAN",5,46,137,183
https://kawalpemilu.org#18095,"RAJA, TANAH ABANG, PENUKAL ABAB LEMATANG ILIR, SUMATERA SELATAN",6,33,140,173
https://kawalpemilu.org#18095,"RAJA, TANAH ABANG, PENUKAL ABAB LEMATANG ILIR, SUMATERA SELATAN",7,44,125,169
https://kawalpemilu.org#18095,"RAJA, TANAH ABANG, PENUKAL ABAB LEMATANG ILIR, SUMATERA SELATAN",8,66,100,166
https://kawalpemilu.org#18095,"RAJA, TANAH ABANG, PENUKAL ABAB LEMATANG ILIR, SUMATERA SELATAN",9,64,117,181
https://kawalpemilu.org#18096,"PANDAN, TANAH ABANG, PENUKAL ABAB LEMATANG ILIR, SUMATERA SELATAN",1,49,145,194
https://kawalpemilu.org#18096,"PANDAN, TANAH ABANG, PENUKAL ABAB LEMATANG ILIR, SUMATERA SELATAN",2,53,134,187
https://kawalpemilu.org#18096,"PANDAN, TANAH ABANG, PENUKAL ABAB LEMATANG ILIR, SUMATERA SELATAN",3,49,135,184
https://kawalpemilu.org#18096,"PANDAN, TANAH ABANG, PENUKAL ABAB LEMATANG ILIR, SUMATERA SELATAN",4,35,114,149
https://kawalpemilu.org#18096,"PANDAN, TANAH ABANG, PENUKAL ABAB LEMATANG ILIR, SUMATERA SELATAN",5,44,134,178
https://kawalpemilu.org#18096,"PANDAN, TANAH ABANG, PENUKAL ABAB LEMATANG ILIR, SUMATERA SELATAN",6,51,123,174
https://kawalpemilu.org#18096,"PANDAN, TANAH ABANG, PENUKAL ABAB LEMATANG ILIR, SUMATERA SELATAN",7,65,114,179
https://kawalpemilu.org#18096,"PANDAN, TANAH ABANG, PENUKAL ABAB LEMATANG ILIR, SUMATERA SELATAN",8,55,128,183
https://kawalpemilu.org#18096,"PANDAN, TANAH ABANG, PENUKAL ABAB LEMATANG ILIR, SUMATERA SELATAN",9,66,106,172
https://kawalpemilu.org#18096,"PANDAN, TANAH ABANG, PENUKAL ABAB LEMATANG ILIR, SUMATERA SELATAN",10,68,108,176
https://kawalpemilu.org#18096,"PANDAN, TANAH ABANG, PENUKAL ABAB LEMATANG ILIR, SUMATERA SELATAN",11,60,107,167
https://kawalpemilu.org#18097,"MODONG, TANAH ABANG, PENUKAL ABAB LEMATANG ILIR, SUMATERA SELATAN",1,48,150,198
https://kawalpemilu.org#18097,"MODONG, TANAH ABANG, PENUKAL ABAB LEMATANG ILIR, SUMATERA SELATAN",2,41,164,205
https://kawalpemilu.org#18097,"MODONG, TANAH ABANG, PENUKAL ABAB LEMATANG ILIR, SUMATERA SELATAN",3,60,155,215
https://kawalpemilu.org#18097,"MODONG, TANAH ABANG, PENUKAL ABAB LEMATANG ILIR, SUMATERA SELATAN",4,42,158,200
https://kawalpemilu.org#18098,"TANAH ABANG SELATAN, TANAH ABANG, PENUKAL ABAB LEMATANG ILIR, SUMATERA SELATAN",1,53,130,183
https://kawalpemilu.org#18098,"TANAH ABANG SELATAN, TANAH ABANG, PENUKAL ABAB LEMATANG ILIR, SUMATERA SELATAN",2,82,96,178
https://kawalpemilu.org#18098,"TANAH ABANG SELATAN, TANAH ABANG, PENUKAL ABAB LEMATANG ILIR, SUMATERA SELATAN",3,59,131,190
https://kawalpemilu.org#18098,"TANAH ABANG SELATAN, TANAH ABANG, PENUKAL ABAB LEMATANG ILIR, SUMATERA SELATAN",4,48,141,189
https://kawalpemilu.org#18098,"TANAH ABANG SELATAN, TANAH ABANG, PENUKAL ABAB LEMATANG ILIR, SUMATERA SELATAN",5,43,136,179
https://kawalpemilu.org#18098,"TANAH ABANG SELATAN, TANAH ABANG, PENUKAL ABAB LEMATANG ILIR, SUMATERA SELATAN",6,46,140,186
https://kawalpemilu.org#18098,"TANAH ABANG SELATAN, TANAH ABANG, PENUKAL ABAB LEMATANG ILIR, SUMATERA SELATAN",7,59,137,196
https://kawalpemilu.org#18098,"TANAH ABANG SELATAN, TANAH ABANG, PENUKAL ABAB LEMATANG ILIR, SUMATERA SELATAN",8,60,121,181
https://kawalpemilu.org#18098,"TANAH ABANG SELATAN, TANAH ABANG, PENUKAL ABAB LEMATANG ILIR, SUMATERA SELATAN",9,50,141,191
https://kawalpemilu.org#18098,"TANAH ABANG SELATAN, TANAH ABANG, PENUKAL ABAB LEMATANG ILIR, SUMATERA SELATAN",10,64,137,201
https://kawalpemilu.org#18098,"TANAH ABANG SELATAN, TANAH ABANG, PENUKAL ABAB LEMATANG ILIR, SUMATERA SELATAN",11,61,135,196
https://kawalpemilu.org#18099,"HARAPAN JAYA, TANAH ABANG, PENUKAL ABAB LEMATANG ILIR, SUMATERA SELATAN",1,73,110,183
https://kawalpemilu.org#18099,"HARAPAN JAYA, TANAH ABANG, PENUKAL ABAB LEMATANG ILIR, SUMATERA SELATAN",2,72,105,177
https://kawalpemilu.org#18099,"HARAPAN JAYA, TANAH ABANG, PENUKAL ABAB LEMATANG ILIR, SUMATERA SELATAN",3,55,118,173
https://kawalpemilu.org#18099,"HARAPAN JAYA, TANAH ABANG, PENUKAL ABAB LEMATANG ILIR, SUMATERA SELATAN",4,51,130,181
https://kawalpemilu.org#18099,"HARAPAN JAYA, TANAH ABANG, PENUKAL ABAB LEMATANG ILIR, SUMATERA SELATAN",5,74,120,194
https://kawalpemilu.org#18099,"HARAPAN JAYA, TANAH ABANG, PENUKAL ABAB LEMATANG ILIR, SUMATERA SELATAN",6,58,133,191
https://kawalpemilu.org#18099,"HARAPAN JAYA, TANAH ABANG, PENUKAL ABAB LEMATANG ILIR, SUMATERA SELATAN",7,62,134,196
https://kawalpemilu.org#18100,"TANJUNG DALAM, TANAH ABANG, PENUKAL ABAB LEMATANG ILIR, SUMATERA SELATAN",1,85,129,214
https://kawalpemilu.org#18100,"TANJUNG DALAM, TANAH ABANG, PENUKAL ABAB LEMATANG ILIR, SUMATERA SELATAN",2,64,168,232
https://kawalpemilu.org#18101,"LUNAS JAYA, TANAH ABANG, PENUKAL ABAB LEMATANG ILIR, SUMATERA SELATAN",1,48,170,218
https://kawalpemilu.org#18101,"LUNAS JAYA, TANAH ABANG, PENUKAL ABAB LEMATANG ILIR, SUMATERA SELATAN",2,43,154,197
https://kawalpemilu.org#18101,"LUNAS JAYA, TANAH ABANG, PENUKAL ABAB LEMATANG ILIR, SUMATERA SELATAN",3,34,166,200
https://kawalpemilu.org#18105,"RAJA BARAT, TANAH ABANG, PENUKAL ABAB LEMATANG ILIR, SUMATERA SELATAN",1,68,120,188
https://kawalpemilu.org#18105,"RAJA BARAT, TANAH ABANG, PENUKAL ABAB LEMATANG ILIR, SUMATERA SELATAN",2,61,128,189
https://kawalpemilu.org#18105,"RAJA BARAT, TANAH ABANG, PENUKAL ABAB LEMATANG ILIR, SUMATERA SELATAN",3,49,141,190
https://kawalpemilu.org#18105,"RAJA BARAT, TANAH ABANG, PENUKAL ABAB LEMATANG ILIR, SUMATERA SELATAN",4,72,140,212
https://kawalpemilu.org#18105,"RAJA BARAT, TANAH ABANG, PENUKAL ABAB LEMATANG ILIR, SUMATERA SELATAN",5,62,159,221
https://kawalpemilu.org#91899,"MUARA DUA, TANAH ABANG, PENUKAL ABAB LEMATANG ILIR, SUMATERA SELATAN",1,51,129,180
https://kawalpemilu.org#91899,"MUARA DUA, TANAH ABANG, PENUKAL ABAB LEMATANG ILIR, SUMATERA SELATAN",2,34,106,140
https://kawalpemilu.org#91899,"MUARA DUA, TANAH ABANG, PENUKAL ABAB LEMATANG ILIR, SUMATERA SELATAN",3,26,158,184
https://kawalpemilu.org#91900,"SUKA MANIS, TANAH ABANG, PENUKAL ABAB LEMATANG ILIR, SUMATERA SELATAN",1,71,74,145
https://kawalpemilu.org#91900,"SUKA MANIS, TANAH ABANG, PENUKAL ABAB LEMATANG ILIR, SUMATERA SELATAN",2,113,81,194
https://kawalpemilu.org#91900,"SUKA MANIS, TANAH ABANG, PENUKAL ABAB LEMATANG ILIR, SUMATERA SELATAN",3,102,56,158
https://kawalpemilu.org#927951,"TANAH ABANG JAYA, TANAH ABANG, PENUKAL ABAB LEMATANG ILIR, SUMATERA SELATAN",1,79,131,210
https://kawalpemilu.org#927951,"TANAH ABANG JAYA, TANAH ABANG, PENUKAL ABAB LEMATANG ILIR, SUMATERA SELATAN",2,66,148,214
https://kawalpemilu.org#927951,"TANAH ABANG JAYA, TANAH ABANG, PENUKAL ABAB LEMATANG ILIR, SUMATERA SELATAN",3,61,120,181
https://kawalpemilu.org#927951,"TANAH ABANG JAYA, TANAH ABANG, PENUKAL ABAB LEMATANG ILIR, SUMATERA SELATAN",4,45,153,198
https://kawalpemilu.org#927951,"TANAH ABANG JAYA, TANAH ABANG, PENUKAL ABAB LEMATANG ILIR, SUMATERA SELATAN",5,36,187,223
https://kawalpemilu.org#927951,"TANAH ABANG JAYA, TANAH ABANG, PENUKAL ABAB LEMATANG ILIR, SUMATERA SELATAN",6,55,144,199
https://kawalpemilu.org#927951,"TANAH ABANG JAYA, TANAH ABANG, PENUKAL ABAB LEMATANG ILIR, SUMATERA SELATAN",7,55,148,203
https://kawalpemilu.org#927951,"TANAH ABANG JAYA, TANAH ABANG, PENUKAL ABAB LEMATANG ILIR, SUMATERA SELATAN",8,38,123,159
https://kawalpemilu.org#927951,"TANAH ABANG JAYA, TANAH ABANG, PENUKAL ABAB LEMATANG ILIR, SUMATERA SELATAN",9,29,158,187
https://kawalpemilu.org#18107,"PURUN, PENUKAL, PENUKAL ABAB LEMATANG ILIR, SUMATERA SELATAN",1,93,121,214
https://kawalpemilu.org#18107,"PURUN, PENUKAL, PENUKAL ABAB LEMATANG ILIR, SUMATERA SELATAN",2,78,133,211
https://kawalpemilu.org#18107,"PURUN, PENUKAL, PENUKAL ABAB LEMATANG ILIR, SUMATERA SELATAN",3,70,149,219
https://kawalpemilu.org#18107,"PURUN, PENUKAL, PENUKAL ABAB LEMATANG ILIR, SUMATERA SELATAN",4,80,117,197
https://kawalpemilu.org#18107,"PURUN, PENUKAL, PENUKAL ABAB LEMATANG ILIR, SUMATERA SELATAN",5,82,129,211
https://kawalpemilu.org#18107,"PURUN, PENUKAL, PENUKAL ABAB LEMATANG ILIR, SUMATERA SELATAN",6,73,142,215
https://kawalpemilu.org#18107,"PURUN, PENUKAL, PENUKAL ABAB LEMATANG ILIR, SUMATERA SELATAN",7,71,142,213
https://kawalpemilu.org#18107,"PURUN, PENUKAL, PENUKAL ABAB LEMATANG ILIR, SUMATERA SELATAN",8,60,132,192
https://kawalpemilu.org#18107,"PURUN, PENUKAL, PENUKAL ABAB LEMATANG ILIR, SUMATERA SELATAN",9,79,123,202
https://kawalpemilu.org#18107,"PURUN, PENUKAL, PENUKAL ABAB LEMATANG ILIR, SUMATERA SELATAN",10,66,140,206
https://kawalpemilu.org#18107,"PURUN, PENUKAL, PENUKAL ABAB LEMATANG ILIR, SUMATERA SELATAN",11,67,153,220
https://kawalpemilu.org#18107,"PURUN, PENUKAL, PENUKAL ABAB LEMATANG ILIR, SUMATERA SELATAN",12,69,142,211
https://kawalpemilu.org#18108,"GUNUNG MENANG, PENUKAL, PENUKAL ABAB LEMATANG ILIR, SUMATERA SELATAN",1,59,142,201
https://kawalpemilu.org#18108,"GUNUNG MENANG, PENUKAL, PENUKAL ABAB LEMATANG ILIR, SUMATERA SELATAN",2,51,141,192
https://kawalpemilu.org#18108,"GUNUNG MENANG, PENUKAL, PENUKAL ABAB LEMATANG ILIR, SUMATERA SELATAN",3,52,142,194
https://kawalpemilu.org#18108,"GUNUNG MENANG, PENUKAL, PENUKAL ABAB LEMATANG ILIR, SUMATERA SELATAN",4,48,151,199
https://kawalpemilu.org#18108,"GUNUNG MENANG, PENUKAL, PENUKAL ABAB LEMATANG ILIR, SUMATERA SELATAN",5,67,120,187
https://kawalpemilu.org#18108,"GUNUNG MENANG, PENUKAL, PENUKAL ABAB LEMATANG ILIR, SUMATERA SELATAN",6,74,127,201
https://kawalpemilu.org#18108,"GUNUNG MENANG, PENUKAL, PENUKAL ABAB LEMATANG ILIR, SUMATERA SELATAN",7,56,136,192
https://kawalpemilu.org#18108,"GUNUNG MENANG, PENUKAL, PENUKAL ABAB LEMATANG ILIR, SUMATERA SELATAN",8,59,130,189
https://kawalpemilu.org#18108,"GUNUNG MENANG, PENUKAL, PENUKAL ABAB LEMATANG ILIR, SUMATERA SELATAN",9,53,153,206
https://kawalpemilu.org#18109,"MANGKUNEGARA, PENUKAL, PENUKAL ABAB LEMATANG ILIR, SUMATERA SELATAN",1,77,132,209
https://kawalpemilu.org#18109,"MANGKUNEGARA, PENUKAL, PENUKAL ABAB LEMATANG ILIR, SUMATERA SELATAN",2,73,135,208
https://kawalpemilu.org#18109,"MANGKUNEGARA, PENUKAL, PENUKAL ABAB LEMATANG ILIR, SUMATERA SELATAN",3,66,130,196
https://kawalpemilu.org#18109,"MANGKUNEGARA, PENUKAL, PENUKAL ABAB LEMATANG ILIR, SUMATERA SELATAN",4,75,129,204
https://kawalpemilu.org#18109,"MANGKUNEGARA, PENUKAL, PENUKAL ABAB LEMATANG ILIR, SUMATERA SELATAN",5,64,131,195
https://kawalpemilu.org#18109,"MANGKUNEGARA, PENUKAL, PENUKAL ABAB LEMATANG ILIR, SUMATERA SELATAN",6,80,122,202
https://kawalpemilu.org#18110,"RAJAJAYA, PENUKAL, PENUKAL ABAB LEMATANG ILIR, SUMATERA SELATAN",1,54,134,188
https://kawalpemilu.org#18110,"RAJAJAYA, PENUKAL, PENUKAL ABAB LEMATANG ILIR, SUMATERA SELATAN",2,53,146,199
https://kawalpemilu.org#18110,"RAJAJAYA, PENUKAL, PENUKAL ABAB LEMATANG ILIR, SUMATERA SELATAN",3,60,117,177
https://kawalpemilu.org#18110,"RAJAJAYA, PENUKAL, PENUKAL ABAB LEMATANG ILIR, SUMATERA SELATAN",4,83,116,199
https://kawalpemilu.org#18111,"AIR ITAM, PENUKAL, PENUKAL ABAB LEMATANG ILIR, SUMATERA SELATAN",1,59,94,153
https://kawalpemilu.org#18111,"AIR ITAM, PENUKAL, PENUKAL ABAB LEMATANG ILIR, SUMATERA SELATAN",2,63,127,190
https://kawalpemilu.org#18111,"AIR ITAM, PENUKAL, PENUKAL ABAB LEMATANG ILIR, SUMATERA SELATAN",3,53,99,152
https://kawalpemilu.org#18111,"AIR ITAM, PENUKAL, PENUKAL ABAB LEMATANG ILIR, SUMATERA SELATAN",4,57,122,179
https://kawalpemilu.org#18111,"AIR ITAM, PENUKAL, PENUKAL ABAB LEMATANG ILIR, SUMATERA SELATAN",5,55,125,180
https://kawalpemilu.org#18111,"AIR ITAM, PENUKAL, PENUKAL ABAB LEMATANG ILIR, SUMATERA SELATAN",6,77,120,197
https://kawalpemilu.org#18111,"AIR ITAM, PENUKAL, PENUKAL ABAB LEMATANG ILIR, SUMATERA SELATAN",7,78,89,167
https://kawalpemilu.org#18111,"AIR ITAM, PENUKAL, PENUKAL ABAB LEMATANG ILIR, SUMATERA SELATAN",8,81,85,166
https://kawalpemilu.org#18111,"AIR ITAM, PENUKAL, PENUKAL ABAB LEMATANG ILIR, SUMATERA SELATAN",9,70,89,159
https://kawalpemilu.org#18111,"AIR ITAM, PENUKAL, PENUKAL ABAB LEMATANG ILIR, SUMATERA SELATAN",10,76,109,185
https://kawalpemilu.org#18111,"AIR ITAM, PENUKAL, PENUKAL ABAB LEMATANG ILIR, SUMATERA SELATAN",11,72,112,184
https://kawalpemilu.org#18111,"AIR ITAM, PENUKAL, PENUKAL ABAB LEMATANG ILIR, SUMATERA SELATAN",12,76,126,202
https://kawalpemilu.org#18111,"AIR ITAM, PENUKAL, PENUKAL ABAB LEMATANG ILIR, SUMATERA SELATAN",13,78,118,196
https://kawalpemilu.org#18111,"AIR ITAM, PENUKAL, PENUKAL ABAB LEMATANG ILIR, SUMATERA SELATAN",14,81,83,164
https://kawalpemilu.org#18111,"AIR ITAM, PENUKAL, PENUKAL ABAB LEMATANG ILIR, SUMATERA SELATAN",15,79,101,180
https://kawalpemilu.org#18111,"AIR ITAM, PENUKAL, PENUKAL ABAB LEMATANG ILIR, SUMATERA SELATAN",16,53,121,174
https://kawalpemilu.org#18111,"AIR ITAM, PENUKAL, PENUKAL ABAB LEMATANG ILIR, SUMATERA SELATAN",17,52,128,180
https://kawalpemilu.org#18112,"GUNUNG RAJA, PENUKAL, PENUKAL ABAB LEMATANG ILIR, SUMATERA SELATAN",1,39,155,194
https://kawalpemilu.org#18112,"GUNUNG RAJA, PENUKAL, PENUKAL ABAB LEMATANG ILIR, SUMATERA SELATAN",2,28,164,192
https://kawalpemilu.org#18112,"GUNUNG RAJA, PENUKAL, PENUKAL ABAB LEMATANG ILIR, SUMATERA SELATAN",3,41,154,195
https://kawalpemilu.org#18112,"GUNUNG RAJA, PENUKAL, PENUKAL ABAB LEMATANG ILIR, SUMATERA SELATAN",4,32,146,178
https://kawalpemilu.org#18113,"AIR ITAM TIMUR, PENUKAL, PENUKAL ABAB LEMATANG ILIR, SUMATERA SELATAN",1,62,131,193
https://kawalpemilu.org#18113,"AIR ITAM TIMUR, PENUKAL, PENUKAL ABAB LEMATANG ILIR, SUMATERA SELATAN",2,61,122,183
https://kawalpemilu.org#18113,"AIR ITAM TIMUR, PENUKAL, PENUKAL ABAB LEMATANG ILIR, SUMATERA SELATAN",3,50,154,204
https://kawalpemilu.org#18113,"AIR ITAM TIMUR, PENUKAL, PENUKAL ABAB LEMATANG ILIR, SUMATERA SELATAN",4,49,121,170
https://kawalpemilu.org#18113,"AIR ITAM TIMUR, PENUKAL, PENUKAL ABAB LEMATANG ILIR, SUMATERA SELATAN",5,65,117,182
https://kawalpemilu.org#18113,"AIR ITAM TIMUR, PENUKAL, PENUKAL ABAB LEMATANG ILIR, SUMATERA SELATAN",6,53,120,173
https://kawalpemilu.org#18113,"AIR ITAM TIMUR, PENUKAL, PENUKAL ABAB LEMATANG ILIR, SUMATERA SELATAN",7,45,118,163
https://kawalpemilu.org#18113,"AIR ITAM TIMUR, PENUKAL, PENUKAL ABAB LEMATANG ILIR, SUMATERA SELATAN",8,68,105,173
https://kawalpemilu.org#18114,"SUNGAI LANGAN, PENUKAL, PENUKAL ABAB LEMATANG ILIR, SUMATERA SELATAN",1,58,106,164
https://kawalpemilu.org#18114,"SUNGAI LANGAN, PENUKAL, PENUKAL ABAB LEMATANG ILIR, SUMATERA SELATAN",2,86,87,173
https://kawalpemilu.org#18114,"SUNGAI LANGAN, PENUKAL, PENUKAL ABAB LEMATANG ILIR, SUMATERA SELATAN",3,76,107,183
https://kawalpemilu.org#18114,"SUNGAI LANGAN, PENUKAL, PENUKAL ABAB LEMATANG ILIR, SUMATERA SELATAN",4,107,91,198
https://kawalpemilu.org#18114,"SUNGAI LANGAN, PENUKAL, PENUKAL ABAB LEMATANG ILIR, SUMATERA SELATAN",5,60,102,162
https://kawalpemilu.org#18115,"SPANTAN JAYA, PENUKAL, PENUKAL ABAB LEMATANG ILIR, SUMATERA SELATAN",1,31,127,158
https://kawalpemilu.org#18115,"SPANTAN JAYA, PENUKAL, PENUKAL ABAB LEMATANG ILIR, SUMATERA SELATAN",2,20,132,152
https://kawalpemilu.org#18115,"SPANTAN JAYA, PENUKAL, PENUKAL ABAB LEMATANG ILIR, SUMATERA SELATAN",3,25,120,145
https://kawalpemilu.org#18115,"SPANTAN JAYA, PENUKAL, PENUKAL ABAB LEMATANG ILIR, SUMATERA SELATAN",4,45,189,234
https://kawalpemilu.org#18115,"SPANTAN JAYA, PENUKAL, PENUKAL ABAB LEMATANG ILIR, SUMATERA SELATAN",5,46,112,158
https://kawalpemilu.org#18116,"BABAT, PENUKAL, PENUKAL ABAB LEMATANG ILIR, SUMATERA SELATAN",1,80,68,148
https://kawalpemilu.org#18116,"BABAT, PENUKAL, PENUKAL ABAB LEMATANG ILIR, SUMATERA SELATAN",2,82,64,146
https://kawalpemilu.org#18116,"BABAT, PENUKAL, PENUKAL ABAB LEMATANG ILIR, SUMATERA SELATAN",3,31,153,184
https://kawalpemilu.org#18116,"BABAT, PENUKAL, PENUKAL ABAB LEMATANG ILIR, SUMATERA SELATAN",4,141,60,202
https://kawalpemilu.org#18116,"BABAT, PENUKAL, PENUKAL ABAB LEMATANG ILIR, SUMATERA SELATAN",5,149,55,204
https://kawalpemilu.org#18116,"BABAT, PENUKAL, PENUKAL ABAB LEMATANG ILIR, SUMATERA SELATAN",6,55,136,191
https://kawalpemilu.org#18116,"BABAT, PENUKAL, PENUKAL ABAB LEMATANG ILIR, SUMATERA SELATAN",7,31,147,178
https://kawalpemilu.org#18116,"BABAT, PENUKAL, PENUKAL ABAB LEMATANG ILIR, SUMATERA SELATAN",8,32,161,193
https://kawalpemilu.org#18116,"BABAT, PENUKAL, PENUKAL ABAB LEMATANG ILIR, SUMATERA SELATAN",9,39,135,174
https://kawalpemilu.org#18116,"BABAT, PENUKAL, PENUKAL ABAB LEMATANG ILIR, SUMATERA SELATAN",10,35,150,185
https://kawalpemilu.org#18116,"BABAT, PENUKAL, PENUKAL ABAB LEMATANG ILIR, SUMATERA SELATAN",11,30,138,168
https://kawalpemilu.org#18116,"BABAT, PENUKAL, PENUKAL ABAB LEMATANG ILIR, SUMATERA SELATAN",12,53,115,168
https://kawalpemilu.org#18116,"BABAT, PENUKAL, PENUKAL ABAB LEMATANG ILIR, SUMATERA SELATAN",13,73,68,141
https://kawalpemilu.org#18116,"BABAT, PENUKAL, PENUKAL ABAB LEMATANG ILIR, SUMATERA SELATAN",14,40,128,168
https://kawalpemilu.org#18116,"BABAT, PENUKAL, PENUKAL ABAB LEMATANG ILIR, SUMATERA SELATAN",15,49,137,186
https://kawalpemilu.org#91902,"SUKARAJA, PENUKAL, PENUKAL ABAB LEMATANG ILIR, SUMATERA SELATAN",1,39,150,189
https://kawalpemilu.org#91902,"SUKARAJA, PENUKAL, PENUKAL ABAB LEMATANG ILIR, SUMATERA SELATAN",2,31,171,202
https://kawalpemilu.org#927950,"Purun Timur, PENUKAL, PENUKAL ABAB LEMATANG ILIR, SUMATERA SELATAN",1,132,92,224
https://kawalpemilu.org#927950,"Purun Timur, PENUKAL, PENUKAL ABAB LEMATANG ILIR, SUMATERA SELATAN",2,130,99,229
https://kawalpemilu.org#931169,"MANGKUNEGARA TIMUR, PENUKAL, PENUKAL ABAB LEMATANG ILIR, SUMATERA SELATAN",1,60,155,215
https://kawalpemilu.org#931169,"MANGKUNEGARA TIMUR, PENUKAL, PENUKAL ABAB LEMATANG ILIR, SUMATERA SELATAN",2,58,140,198
https://kawalpemilu.org#931169,"MANGKUNEGARA TIMUR, PENUKAL, PENUKAL ABAB LEMATANG ILIR, SUMATERA SELATAN",3,57,144,201
https://kawalpemilu.org#18198,"SUKARAMI, PENUKAL UTARA, PENUKAL ABAB LEMATANG ILIR, SUMATERA SELATAN",1,32,161,193
https://kawalpemilu.org#18198,"SUKARAMI, PENUKAL UTARA, PENUKAL ABAB LEMATANG ILIR, SUMATERA SELATAN",2,55,143,198
https://kawalpemilu.org#18198,"SUKARAMI, PENUKAL UTARA, PENUKAL ABAB LEMATANG ILIR, SUMATERA SELATAN",3,55,145,200
https://kawalpemilu.org#18198,"SUKARAMI, PENUKAL UTARA, PENUKAL ABAB LEMATANG ILIR, SUMATERA SELATAN",4,28,177,205
https://kawalpemilu.org#18199,"TANJUNG BARU, PENUKAL UTARA, PENUKAL ABAB LEMATANG ILIR, SUMATERA SELATAN",1,64,144,208
https://kawalpemilu.org#18199,"TANJUNG BARU, PENUKAL UTARA, PENUKAL ABAB LEMATANG ILIR, SUMATERA SELATAN",2,103,89,192
https://kawalpemilu.org#18199,"TANJUNG BARU, PENUKAL UTARA, PENUKAL ABAB LEMATANG ILIR, SUMATERA SELATAN",3,93,116,209
https://kawalpemilu.org#18200,"PRABU MENANG, PENUKAL UTARA, PENUKAL ABAB LEMATANG ILIR, SUMATERA SELATAN",1,22,179,201
https://kawalpemilu.org#18200,"PRABU MENANG, PENUKAL UTARA, PENUKAL ABAB LEMATANG ILIR, SUMATERA SELATAN",2,31,169,200
https://kawalpemilu.org#18200,"PRABU MENANG, PENUKAL UTARA, PENUKAL ABAB LEMATANG ILIR, SUMATERA SELATAN",3,60,148,208
https://kawalpemilu.org#18201,"TANDING MARGA, PENUKAL UTARA, PENUKAL ABAB LEMATANG ILIR, SUMATERA SELATAN",1,39,148,187
https://kawalpemilu.org#18201,"TANDING MARGA, PENUKAL UTARA, PENUKAL ABAB LEMATANG ILIR, SUMATERA SELATAN",2,100,125,225
https://kawalpemilu.org#18201,"TANDING MARGA, PENUKAL UTARA, PENUKAL ABAB LEMATANG ILIR, SUMATERA SELATAN",3,60,61,121
https://kawalpemilu.org#18201,"TANDING MARGA, PENUKAL UTARA, PENUKAL ABAB LEMATANG ILIR, SUMATERA SELATAN",4,80,90,170
https://kawalpemilu.org#18201,"TANDING MARGA, PENUKAL UTARA, PENUKAL ABAB LEMATANG ILIR, SUMATERA SELATAN",5,58,117,175
https://kawalpemilu.org#18201,"TANDING MARGA, PENUKAL UTARA, PENUKAL ABAB LEMATANG ILIR, SUMATERA SELATAN",6,77,125,202
https://kawalpemilu.org#18201,"TANDING MARGA, PENUKAL UTARA, PENUKAL ABAB LEMATANG ILIR, SUMATERA SELATAN",7,43,179,222
https://kawalpemilu.org#18201,"TANDING MARGA, PENUKAL UTARA, PENUKAL ABAB LEMATANG ILIR, SUMATERA SELATAN",8,46,56,102
https://kawalpemilu.org#18202,"KARANG TANDING, PENUKAL UTARA, PENUKAL ABAB LEMATANG ILIR, SUMATERA SELATAN",1,118,113,231
https://kawalpemilu.org#18202,"KARANG TANDING, PENUKAL UTARA, PENUKAL ABAB LEMATANG ILIR, SUMATERA SELATAN",2,86,104,190
https://kawalpemilu.org#18202,"KARANG TANDING, PENUKAL UTARA, PENUKAL ABAB LEMATANG ILIR, SUMATERA SELATAN",3,64,92,156
https://kawalpemilu.org#18202,"KARANG TANDING, PENUKAL UTARA, PENUKAL ABAB LEMATANG ILIR, SUMATERA SELATAN",4,112,70,182
https://kawalpemilu.org#18202,"KARANG TANDING, PENUKAL UTARA, PENUKAL ABAB LEMATANG ILIR, SUMATERA SELATAN",5,138,73,211
https://kawalpemilu.org#18202,"KARANG TANDING, PENUKAL UTARA, PENUKAL ABAB LEMATANG ILIR, SUMATERA SELATAN",6,80,61,141
https://kawalpemilu.org#18203,"LUBUK TAMPUI, PENUKAL UTARA, PENUKAL ABAB LEMATANG ILIR, SUMATERA SELATAN",1,57,112,169
https://kawalpemilu.org#18203,"LUBUK TAMPUI, PENUKAL UTARA, PENUKAL ABAB LEMATANG ILIR, SUMATERA SELATAN",2,45,119,164
https://kawalpemilu.org#18203,"LUBUK TAMPUI, PENUKAL UTARA, PENUKAL ABAB LEMATANG ILIR, SUMATERA SELATAN",3,46,134,180
https://kawalpemilu.org#18203,"LUBUK TAMPUI, PENUKAL UTARA, PENUKAL ABAB LEMATANG ILIR, SUMATERA SELATAN",4,14,153,167
https://kawalpemilu.org#18203,"LUBUK TAMPUI, PENUKAL UTARA, PENUKAL ABAB LEMATANG ILIR, SUMATERA SELATAN",5,5,152,157
https://kawalpemilu.org#18203,"LUBUK TAMPUI, PENUKAL UTARA, PENUKAL ABAB LEMATANG ILIR, SUMATERA SELATAN",6,5,107,112
https://kawalpemilu.org#18204,"TEMPIRAI, PENUKAL UTARA, PENUKAL ABAB LEMATANG ILIR, SUMATERA SELATAN",1,93,108,201
https://kawalpemilu.org#18204,"TEMPIRAI, PENUKAL UTARA, PENUKAL ABAB LEMATANG ILIR, SUMATERA SELATAN",2,91,132,223
https://kawalpemilu.org#18204,"TEMPIRAI, PENUKAL UTARA, PENUKAL ABAB LEMATANG ILIR, SUMATERA SELATAN",3,127,99,226
https://kawalpemilu.org#18204,"TEMPIRAI, PENUKAL UTARA, PENUKAL ABAB LEMATANG ILIR, SUMATERA SELATAN",4,84,112,196
https://kawalpemilu.org#18204,"TEMPIRAI, PENUKAL UTARA, PENUKAL ABAB LEMATANG ILIR, SUMATERA SELATAN",5,103,102,205
https://kawalpemilu.org#18204,"TEMPIRAI, PENUKAL UTARA, PENUKAL ABAB LEMATANG ILIR, SUMATERA SELATAN",6,85,116,201
https://kawalpemilu.org#18204,"TEMPIRAI, PENUKAL UTARA, PENUKAL ABAB LEMATANG ILIR, SUMATERA SELATAN",7,110,86,196
https://kawalpemilu.org#18204,"TEMPIRAI, PENUKAL UTARA, PENUKAL ABAB LEMATANG ILIR, SUMATERA SELATAN",8,73,108,181
https://kawalpemilu.org#18205,"TEMPIRAI SELATAN, PENUKAL UTARA, PENUKAL ABAB LEMATANG ILIR, SUMATERA SELATAN",1,73,102,175
https://kawalpemilu.org#18205,"TEMPIRAI SELATAN, PENUKAL UTARA, PENUKAL ABAB LEMATANG ILIR, SUMATERA SELATAN",2,55,123,176
https://kawalpemilu.org#18205,"TEMPIRAI SELATAN, PENUKAL UTARA, PENUKAL ABAB LEMATANG ILIR, SUMATERA SELATAN",3,68,87,155
https://kawalpemilu.org#18205,"TEMPIRAI SELATAN, PENUKAL UTARA, PENUKAL ABAB LEMATANG ILIR, SUMATERA SELATAN",4,68,89,157
https://kawalpemilu.org#18205,"TEMPIRAI SELATAN, PENUKAL UTARA, PENUKAL ABAB LEMATANG ILIR, SUMATERA SELATAN",5,65,88,153
https://kawalpemilu.org#18205,"TEMPIRAI SELATAN, PENUKAL UTARA, PENUKAL ABAB LEMATANG ILIR, SUMATERA SELATAN",6,93,93,186
https://kawalpemilu.org#18205,"TEMPIRAI SELATAN, PENUKAL UTARA, PENUKAL ABAB LEMATANG ILIR, SUMATERA SELATAN",7,67,111,178
https://kawalpemilu.org#18205,"TEMPIRAI SELATAN, PENUKAL UTARA, PENUKAL ABAB LEMATANG ILIR, SUMATERA SELATAN",8,83,87,170
https://kawalpemilu.org#18205,"TEMPIRAI SELATAN, PENUKAL UTARA, PENUKAL ABAB LEMATANG ILIR, SUMATERA SELATAN",9,69,75,144
https://kawalpemilu.org#18205,"TEMPIRAI SELATAN, PENUKAL UTARA, PENUKAL ABAB LEMATANG ILIR, SUMATERA SELATAN",10,87,112,199
https://kawalpemilu.org#18205,"TEMPIRAI SELATAN, PENUKAL UTARA, PENUKAL ABAB LEMATANG ILIR, SUMATERA SELATAN",11,79,106,185
https://kawalpemilu.org#18205,"TEMPIRAI SELATAN, PENUKAL UTARA, PENUKAL ABAB LEMATANG ILIR, SUMATERA SELATAN",12,43,96,139
https://kawalpemilu.org#18205,"TEMPIRAI SELATAN, PENUKAL UTARA, PENUKAL ABAB LEMATANG ILIR, SUMATERA SELATAN",13,63,113,176
https://kawalpemilu.org#18205,"TEMPIRAI SELATAN, PENUKAL UTARA, PENUKAL ABAB LEMATANG ILIR, SUMATERA SELATAN",14,77,110,187
https://kawalpemilu.org#18206,"KOTA BARU, PENUKAL UTARA, PENUKAL ABAB LEMATANG ILIR, SUMATERA SELATAN",1,77,137,214
https://kawalpemilu.org#18206,"KOTA BARU, PENUKAL UTARA, PENUKAL ABAB LEMATANG ILIR, SUMATERA SELATAN",2,36,183,219
https://kawalpemilu.org#18206,"KOTA BARU, PENUKAL UTARA, PENUKAL ABAB LEMATANG ILIR, SUMATERA SELATAN",3,89,98,187
https://kawalpemilu.org#18206,"KOTA BARU, PENUKAL UTARA, PENUKAL ABAB LEMATANG ILIR, SUMATERA SELATAN",4,46,55,101
https://kawalpemilu.org#18206,"KOTA BARU, PENUKAL UTARA, PENUKAL ABAB LEMATANG ILIR, SUMATERA SELATAN",5,79,137,216
https://kawalpemilu.org#18206,"KOTA BARU, PENUKAL UTARA, PENUKAL ABAB LEMATANG ILIR, SUMATERA SELATAN",6,56,120,176
https://kawalpemilu.org#18207,"TEMPIRAI UTARA, PENUKAL UTARA, PENUKAL ABAB LEMATANG ILIR, SUMATERA SELATAN",1,90,117,207
https://kawalpemilu.org#18207,"TEMPIRAI UTARA, PENUKAL UTARA, PENUKAL ABAB LEMATANG ILIR, SUMATERA SELATAN",2,101,101,202
https://kawalpemilu.org#18207,"TEMPIRAI UTARA, PENUKAL UTARA, PENUKAL ABAB LEMATANG ILIR, SUMATERA SELATAN",3,130,73,203
https://kawalpemilu.org#18207,"TEMPIRAI UTARA, PENUKAL UTARA, PENUKAL ABAB LEMATANG ILIR, SUMATERA SELATAN",4,92,87,179
https://kawalpemilu.org#18207,"TEMPIRAI UTARA, PENUKAL UTARA, PENUKAL ABAB LEMATANG ILIR, SUMATERA SELATAN",5,105,79,184
https://kawalpemilu.org#18207,"TEMPIRAI UTARA, PENUKAL UTARA, PENUKAL ABAB LEMATANG ILIR, SUMATERA SELATAN",6,106,93,199
https://kawalpemilu.org#18208,"TEMPIRAI TIMUR, PENUKAL UTARA, PENUKAL ABAB LEMATANG ILIR, SUMATERA SELATAN",1,109,67,178
https://kawalpemilu.org#18208,"TEMPIRAI TIMUR, PENUKAL UTARA, PENUKAL ABAB LEMATANG ILIR, SUMATERA SELATAN",2,65,103,168
https://kawalpemilu.org#18208,"TEMPIRAI TIMUR, PENUKAL UTARA, PENUKAL ABAB LEMATANG ILIR, SUMATERA SELATAN",3,56,136,192
https://kawalpemilu.org#18208,"TEMPIRAI TIMUR, PENUKAL UTARA, PENUKAL ABAB LEMATANG ILIR, SUMATERA SELATAN",4,89,118,207
https://kawalpemilu.org#18208,"TEMPIRAI TIMUR, PENUKAL UTARA, PENUKAL ABAB LEMATANG ILIR, SUMATERA SELATAN",5,78,120,198
https://kawalpemilu.org#18209,"TAMBAK, PENUKAL UTARA, PENUKAL ABAB LEMATANG ILIR, SUMATERA SELATAN",1,36,146,182
https://kawalpemilu.org#18209,"TAMBAK, PENUKAL UTARA, PENUKAL ABAB LEMATANG ILIR, SUMATERA SELATAN",2,52,148,200
https://kawalpemilu.org#18209,"TAMBAK, PENUKAL UTARA, PENUKAL ABAB LEMATANG ILIR, SUMATERA SELATAN",3,61,126,187
https://kawalpemilu.org#18210,"MUARA IKAN, PENUKAL UTARA, PENUKAL ABAB LEMATANG ILIR, SUMATERA SELATAN",1,121,104,225
https://kawalpemilu.org#18210,"MUARA IKAN, PENUKAL UTARA, PENUKAL ABAB LEMATANG ILIR, SUMATERA SELATAN",2,102,107,209
https://kawalpemilu.org#18219,"BETUNG, ABAB, PENUKAL ABAB LEMATANG ILIR, SUMATERA SELATAN",1,69,142,211
https://kawalpemilu.org#18219,"BETUNG, ABAB, PENUKAL ABAB LEMATANG ILIR, SUMATERA SELATAN",2,56,153,209
https://kawalpemilu.org#18219,"BETUNG, ABAB, PENUKAL ABAB LEMATANG ILIR, SUMATERA SELATAN",3,58,140,198
https://kawalpemilu.org#18219,"BETUNG, ABAB, PENUKAL ABAB LEMATANG ILIR, SUMATERA SELATAN",4,56,149,205
https://kawalpemilu.org#18219,"BETUNG, ABAB, PENUKAL ABAB LEMATANG ILIR, SUMATERA SELATAN",5,50,141,191
https://kawalpemilu.org#18219,"BETUNG, ABAB, PENUKAL ABAB LEMATANG ILIR, SUMATERA SELATAN",6,38,163,201
https://kawalpemilu.org#18219,"BETUNG, ABAB, PENUKAL ABAB LEMATANG ILIR, SUMATERA SELATAN",7,52,160,212
https://kawalpemilu.org#18220,"BETUNG BARAT, ABAB, PENUKAL ABAB LEMATANG ILIR, SUMATERA SELATAN",1,73,124,197
https://kawalpemilu.org#18220,"BETUNG BARAT, ABAB, PENUKAL ABAB LEMATANG ILIR, SUMATERA SELATAN",2,48,122,170
https://kawalpemilu.org#18220,"BETUNG BARAT, ABAB, PENUKAL ABAB LEMATANG ILIR, SUMATERA SELATAN",3,53,136,189
https://kawalpemilu.org#18220,"BETUNG BARAT, ABAB, PENUKAL ABAB LEMATANG ILIR, SUMATERA SELATAN",4,57,127,184
https://kawalpemilu.org#18220,"BETUNG BARAT, ABAB, PENUKAL ABAB LEMATANG ILIR, SUMATERA SELATAN",5,61,129,190
https://kawalpemilu.org#18220,"BETUNG BARAT, ABAB, PENUKAL ABAB LEMATANG ILIR, SUMATERA SELATAN",6,73,132,205
https://kawalpemilu.org#18220,"BETUNG BARAT, ABAB, PENUKAL ABAB LEMATANG ILIR, SUMATERA SELATAN",7,70,117,187
https://kawalpemilu.org#18220,"BETUNG BARAT, ABAB, PENUKAL ABAB LEMATANG ILIR, SUMATERA SELATAN",8,56,129,185
https://kawalpemilu.org#18220,"BETUNG BARAT, ABAB, PENUKAL ABAB LEMATANG ILIR, SUMATERA SELATAN",9,70,124,194
https://kawalpemilu.org#18220,"BETUNG BARAT, ABAB, PENUKAL ABAB LEMATANG ILIR, SUMATERA SELATAN",10,53,125,178
https://kawalpemilu.org#18220,"BETUNG BARAT, ABAB, PENUKAL ABAB LEMATANG ILIR, SUMATERA SELATAN",11,61,125,186
https://kawalpemilu.org#18220,"BETUNG BARAT, ABAB, PENUKAL ABAB LEMATANG ILIR, SUMATERA SELATAN",12,38,148,186
https://kawalpemilu.org#18220,"BETUNG BARAT, ABAB, PENUKAL ABAB LEMATANG ILIR, SUMATERA SELATAN",13,49,134,183
https://kawalpemilu.org#18220,"BETUNG BARAT, ABAB, PENUKAL ABAB LEMATANG ILIR, SUMATERA SELATAN",14,38,152,190
https://kawalpemilu.org#18220,"BETUNG BARAT, ABAB, PENUKAL ABAB LEMATANG ILIR, SUMATERA SELATAN",15,51,150,201
https://kawalpemilu.org#18221,"KARANG AGUNG, ABAB, PENUKAL ABAB LEMATANG ILIR, SUMATERA SELATAN",1,37,157,194
https://kawalpemilu.org#18221,"KARANG AGUNG, ABAB, PENUKAL ABAB LEMATANG ILIR, SUMATERA SELATAN",2,76,114,190
https://kawalpemilu.org#18221,"KARANG AGUNG, ABAB, PENUKAL ABAB LEMATANG ILIR, SUMATERA SELATAN",3,100,71,171
https://kawalpemilu.org#18221,"KARANG AGUNG, ABAB, PENUKAL ABAB LEMATANG ILIR, SUMATERA SELATAN",4,69,120,189
https://kawalpemilu.org#18221,"KARANG AGUNG, ABAB, PENUKAL ABAB LEMATANG ILIR, SUMATERA SELATAN",5,60,103,163
https://kawalpemilu.org#18221,"KARANG AGUNG, ABAB, PENUKAL ABAB LEMATANG ILIR, SUMATERA SELATAN",6,65,112,177
https://kawalpemilu.org#18221,"KARANG AGUNG, ABAB, PENUKAL ABAB LEMATANG ILIR, SUMATERA SELATAN",7,77,95,172
https://kawalpemilu.org#18221,"KARANG AGUNG, ABAB, PENUKAL ABAB LEMATANG ILIR, SUMATERA SELATAN",8,46,139,185
https://kawalpemilu.org#18221,"KARANG AGUNG, ABAB, PENUKAL ABAB LEMATANG ILIR, SUMATERA SELATAN",9,93,89,182
https://kawalpemilu.org#18221,"KARANG AGUNG, ABAB, PENUKAL ABAB LEMATANG ILIR, SUMATERA SELATAN",10,50,121,171
https://kawalpemilu.org#18221,"KARANG AGUNG, ABAB, PENUKAL ABAB LEMATANG ILIR, SUMATERA SELATAN",11,92,102,194
https://kawalpemilu.org#18222,"TANJUNG KURUNG, ABAB, PENUKAL ABAB LEMATANG ILIR, SUMATERA SELATAN",1,136,78,214
https://kawalpemilu.org#18222,"TANJUNG KURUNG, ABAB, PENUKAL ABAB LEMATANG ILIR, SUMATERA SELATAN",2,128,83,211
https://kawalpemilu.org#18222,"TANJUNG KURUNG, ABAB, PENUKAL ABAB LEMATANG ILIR, SUMATERA SELATAN",3,95,121,216
https://kawalpemilu.org#18222,"TANJUNG KURUNG, ABAB, PENUKAL ABAB LEMATANG ILIR, SUMATERA SELATAN",4,123,88,211
https://kawalpemilu.org#18222,"TANJUNG KURUNG, ABAB, PENUKAL ABAB LEMATANG ILIR, SUMATERA SELATAN",5,81,113,194
https://kawalpemilu.org#18222,"TANJUNG KURUNG, ABAB, PENUKAL ABAB LEMATANG ILIR, SUMATERA SELATAN",6,116,96,212
https://kawalpemilu.org#18222,"TANJUNG KURUNG, ABAB, PENUKAL ABAB LEMATANG ILIR, SUMATERA SELATAN",7,124,77,201
https://kawalpemilu.org#18223,"PENGABUAN, ABAB, PENUKAL ABAB LEMATANG ILIR, SUMATERA SELATAN",1,96,134,230
https://kawalpemilu.org#18223,"PENGABUAN, ABAB, PENUKAL ABAB LEMATANG ILIR, SUMATERA SELATAN",2,99,123,222
https://kawalpemilu.org#18223,"PENGABUAN, ABAB, PENUKAL ABAB LEMATANG ILIR, SUMATERA SELATAN",3,113,97,210
https://kawalpemilu.org#18223,"PENGABUAN, ABAB, PENUKAL ABAB LEMATANG ILIR, SUMATERA SELATAN",4,97,99,196
https://kawalpemilu.org#18223,"PENGABUAN, ABAB, PENUKAL ABAB LEMATANG ILIR, SUMATERA SELATAN",5,87,108,195
https://kawalpemilu.org#18223,"PENGABUAN, ABAB, PENUKAL ABAB LEMATANG ILIR, SUMATERA SELATAN",6,99,99,198
https://kawalpemilu.org#18223,"PENGABUAN, ABAB, PENUKAL ABAB LEMATANG ILIR, SUMATERA SELATAN",7,106,101,207
https://kawalpemilu.org#18223,"PENGABUAN, ABAB, PENUKAL ABAB LEMATANG ILIR, SUMATERA SELATAN",8,130,121,251
https://kawalpemilu.org#18223,"PENGABUAN, ABAB, PENUKAL ABAB LEMATANG ILIR, SUMATERA SELATAN",9,76,134,210
https://kawalpemilu.org#18223,"PENGABUAN, ABAB, PENUKAL ABAB LEMATANG ILIR, SUMATERA SELATAN",10,79,137,216
https://kawalpemilu.org#18224,"PERAMBATAN, ABAB, PENUKAL ABAB LEMATANG ILIR, SUMATERA SELATAN",1,65,145,210
https://kawalpemilu.org#18224,"PERAMBATAN, ABAB, PENUKAL ABAB LEMATANG ILIR, SUMATERA SELATAN",2,43,155,198
https://kawalpemilu.org#18224,"PERAMBATAN, ABAB, PENUKAL ABAB LEMATANG ILIR, SUMATERA SELATAN",3,47,157,204
https://kawalpemilu.org#18224,"PERAMBATAN, ABAB, PENUKAL ABAB LEMATANG ILIR, SUMATERA SELATAN",4,24,179,203
https://kawalpemilu.org#18224,"PERAMBATAN, ABAB, PENUKAL ABAB LEMATANG ILIR, SUMATERA SELATAN",5,28,175,203
https://kawalpemilu.org#18224,"PERAMBATAN, ABAB, PENUKAL ABAB LEMATANG ILIR, SUMATERA SELATAN",6,10,185,195
https://kawalpemilu.org#18224,"PERAMBATAN, ABAB, PENUKAL ABAB LEMATANG ILIR, SUMATERA SELATAN",7,25,168,193
https://kawalpemilu.org#18224,"PERAMBATAN, ABAB, PENUKAL ABAB LEMATANG ILIR, SUMATERA SELATAN",8,45,155,200
https://kawalpemilu.org#18224,"PERAMBATAN, ABAB, PENUKAL ABAB LEMATANG ILIR, SUMATERA SELATAN",10,18,186,204
https://kawalpemilu.org#18224,"PERAMBATAN, ABAB, PENUKAL ABAB LEMATANG ILIR, SUMATERA SELATAN",11,32,151,183
https://kawalpemilu.org#18224,"PERAMBATAN, ABAB, PENUKAL ABAB LEMATANG ILIR, SUMATERA SELATAN",12,33,161,194
https://kawalpemilu.org#18224,"PERAMBATAN, ABAB, PENUKAL ABAB LEMATANG ILIR, SUMATERA SELATAN",13,51,170,221
https://kawalpemilu.org#18224,"PERAMBATAN, ABAB, PENUKAL ABAB LEMATANG ILIR, SUMATERA SELATAN",14,69,137,206
https://kawalpemilu.org#18224,"PERAMBATAN, ABAB, PENUKAL ABAB LEMATANG ILIR, SUMATERA SELATAN",15,95,124,219
https://kawalpemilu.org#18225,"PENGABUAN TIMUR, ABAB, PENUKAL ABAB LEMATANG ILIR, SUMATERA SELATAN",1,141,55,196
https://kawalpemilu.org#18225,"PENGABUAN TIMUR, ABAB, PENUKAL ABAB LEMATANG ILIR, SUMATERA SELATAN",2,113,96,209
https://kawalpemilu.org#18225,"PENGABUAN TIMUR, ABAB, PENUKAL ABAB LEMATANG ILIR, SUMATERA SELATAN",3,123,75,198
https://kawalpemilu.org#18225,"PENGABUAN TIMUR, ABAB, PENUKAL ABAB LEMATANG ILIR, SUMATERA SELATAN",4,80,111,191
https://kawalpemilu.org#18225,"PENGABUAN TIMUR, ABAB, PENUKAL ABAB LEMATANG ILIR, SUMATERA SELATAN",5,90,125,215
https://kawalpemilu.org#18225,"PENGABUAN TIMUR, ABAB, PENUKAL ABAB LEMATANG ILIR, SUMATERA SELATAN",6,110,92,202
https://kawalpemilu.org#18225,"PENGABUAN TIMUR, ABAB, PENUKAL ABAB LEMATANG ILIR, SUMATERA SELATAN",7,129,82,211
https://kawalpemilu.org#18225,"PENGABUAN TIMUR, ABAB, PENUKAL ABAB LEMATANG ILIR, SUMATERA SELATAN",8,113,86,199
https://kawalpemilu.org#18225,"PENGABUAN TIMUR, ABAB, PENUKAL ABAB LEMATANG ILIR, SUMATERA SELATAN",9,99,92,191
https://kawalpemilu.org#18225,"PENGABUAN TIMUR, ABAB, PENUKAL ABAB LEMATANG ILIR, SUMATERA SELATAN",10,117,90,207
https://kawalpemilu.org#927952,"BETUNG SELATAN, ABAB, PENUKAL ABAB LEMATANG ILIR, SUMATERA SELATAN",1,54,135,189
https://kawalpemilu.org#927952,"BETUNG SELATAN, ABAB, PENUKAL ABAB LEMATANG ILIR, SUMATERA SELATAN",2,77,104,181
https://kawalpemilu.org#927952,"BETUNG SELATAN, ABAB, PENUKAL ABAB LEMATANG ILIR, SUMATERA SELATAN",3,59,116,175
https://kawalpemilu.org#927952,"BETUNG SELATAN, ABAB, PENUKAL ABAB LEMATANG ILIR, SUMATERA SELATAN",4,44,128,172
https://kawalpemilu.org#927952,"BETUNG SELATAN, ABAB, PENUKAL ABAB LEMATANG ILIR, SUMATERA SELATAN",5,47,128,175
https://kawalpemilu.org#927952,"BETUNG SELATAN, ABAB, PENUKAL ABAB LEMATANG ILIR, SUMATERA SELATAN",6,40,160,200
https://kawalpemilu.org#927952,"BETUNG SELATAN, ABAB, PENUKAL ABAB LEMATANG ILIR, SUMATERA SELATAN",7,50,141,191
https://kawalpemilu.org#18705,"PAUH, RAWAS ILIR, MUSI RAWAS UTARA, SUMATERA SELATAN",1,46,39,85
https://kawalpemilu.org#18705,"PAUH, RAWAS ILIR, MUSI RAWAS UTARA, SUMATERA SELATAN",2,40,39,79
https://kawalpemilu.org#18705,"PAUH, RAWAS ILIR, MUSI RAWAS UTARA, SUMATERA SELATAN",3,49,59,108
https://kawalpemilu.org#18705,"PAUH, RAWAS ILIR, MUSI RAWAS UTARA, SUMATERA SELATAN",4,30,70,100
https://kawalpemilu.org#18705,"PAUH, RAWAS ILIR, MUSI RAWAS UTARA, SUMATERA SELATAN",5,33,56,89
https://kawalpemilu.org#18705,"PAUH, RAWAS ILIR, MUSI RAWAS UTARA, SUMATERA SELATAN",6,43,40,83
https://kawalpemilu.org#18705,"PAUH, RAWAS ILIR, MUSI RAWAS UTARA, SUMATERA SELATAN",7,63,82,145
https://kawalpemilu.org#18705,"PAUH, RAWAS ILIR, MUSI RAWAS UTARA, SUMATERA SELATAN",8,54,104,158
https://kawalpemilu.org#18705,"PAUH, RAWAS ILIR, MUSI RAWAS UTARA, SUMATERA SELATAN",9,90,47,137
https://kawalpemilu.org#18705,"PAUH, RAWAS ILIR, MUSI RAWAS UTARA, SUMATERA SELATAN",10,79,49,128
https://kawalpemilu.org#18705,"PAUH, RAWAS ILIR, MUSI RAWAS UTARA, SUMATERA SELATAN",11,91,55,146
https://kawalpemilu.org#18705,"PAUH, RAWAS ILIR, MUSI RAWAS UTARA, SUMATERA SELATAN",12,71,44,115
https://kawalpemilu.org#18705,"PAUH, RAWAS ILIR, MUSI RAWAS UTARA, SUMATERA SELATAN",13,88,17,105
https://kawalpemilu.org#18706,"BATU KUCING, RAWAS ILIR, MUSI RAWAS UTARA, SUMATERA SELATAN",1,37,68,105
https://kawalpemilu.org#18706,"BATU KUCING, RAWAS ILIR, MUSI RAWAS UTARA, SUMATERA SELATAN",2,34,67,101
https://kawalpemilu.org#18706,"BATU KUCING, RAWAS ILIR, MUSI RAWAS UTARA, SUMATERA SELATAN",3,26,68,94
https://kawalpemilu.org#18706,"BATU KUCING, RAWAS ILIR, MUSI RAWAS UTARA, SUMATERA SELATAN",4,6,79,85
https://kawalpemilu.org#18706,"BATU KUCING, RAWAS ILIR, MUSI RAWAS UTARA, SUMATERA SELATAN",5,24,83,107
https://kawalpemilu.org#18706,"BATU KUCING, RAWAS ILIR, MUSI RAWAS UTARA, SUMATERA SELATAN",6,37,65,102
https://kawalpemilu.org#18706,"BATU KUCING, RAWAS ILIR, MUSI RAWAS UTARA, SUMATERA SELATAN",7,36,47,83
https://kawalpemilu.org#18706,"BATU KUCING, RAWAS ILIR, MUSI RAWAS UTARA, SUMATERA SELATAN",8,38,35,73
https://kawalpemilu.org#18707,"BELANI, RAWAS ILIR, MUSI RAWAS UTARA, SUMATERA SELATAN",1,90,73,163
https://kawalpemilu.org#18707,"BELANI, RAWAS ILIR, MUSI RAWAS UTARA, SUMATERA SELATAN",2,60,117,177
https://kawalpemilu.org#18707,"BELANI, RAWAS ILIR, MUSI RAWAS UTARA, SUMATERA SELATAN",3,76,103,179
https://kawalpemilu.org#18707,"BELANI, RAWAS ILIR, MUSI RAWAS UTARA, SUMATERA SELATAN",4,51,58,109
https://kawalpemilu.org#18707,"BELANI, RAWAS ILIR, MUSI RAWAS UTARA, SUMATERA SELATAN",5,28,67,95
https://kawalpemilu.org#18707,"BELANI, RAWAS ILIR, MUSI RAWAS UTARA, SUMATERA SELATAN",6,26,75,101
https://kawalpemilu.org#18708,"TANJUNG RAJA, RAWAS ILIR, MUSI RAWAS UTARA, SUMATERA SELATAN",1,61,115,176
https://kawalpemilu.org#18708,"TANJUNG RAJA, RAWAS ILIR, MUSI RAWAS UTARA, SUMATERA SELATAN",2,89,75,164
https://kawalpemilu.org#18708,"TANJUNG RAJA, RAWAS ILIR, MUSI RAWAS UTARA, SUMATERA SELATAN",3,97,60,157
https://kawalpemilu.org#18708,"TANJUNG RAJA, RAWAS ILIR, MUSI RAWAS UTARA, SUMATERA SELATAN",4,106,51,157
https://kawalpemilu.org#18708,"TANJUNG RAJA, RAWAS ILIR, MUSI RAWAS UTARA, SUMATERA SELATAN",5,72,44,116
https://kawalpemilu.org#18708,"TANJUNG RAJA, RAWAS ILIR, MUSI RAWAS UTARA, SUMATERA SELATAN",6,85,54,139
https://kawalpemilu.org#18708,"TANJUNG RAJA, RAWAS ILIR, MUSI RAWAS UTARA, SUMATERA SELATAN",7,133,74,207
https://kawalpemilu.org#18709,"BINGIN TELUK, RAWAS ILIR, MUSI RAWAS UTARA, SUMATERA SELATAN",1,110,83,193
https://kawalpemilu.org#18709,"BINGIN TELUK, RAWAS ILIR, MUSI RAWAS UTARA, SUMATERA SELATAN",2,53,60,113
https://kawalpemilu.org#18709,"BINGIN TELUK, RAWAS ILIR, MUSI RAWAS UTARA, SUMATERA SELATAN",3,102,85,187
https://kawalpemilu.org#18709,"BINGIN TELUK, RAWAS ILIR, MUSI RAWAS UTARA, SUMATERA SELATAN",4,95,99,194
https://kawalpemilu.org#18709,"BINGIN TELUK, RAWAS ILIR, MUSI RAWAS UTARA, SUMATERA SELATAN",5,131,53,184
https://kawalpemilu.org#18709,"BINGIN TELUK, RAWAS ILIR, MUSI RAWAS UTARA, SUMATERA SELATAN",6,102,64,166
https://kawalpemilu.org#18709,"BINGIN TELUK, RAWAS ILIR, MUSI RAWAS UTARA, SUMATERA SELATAN",7,73,54,127
https://kawalpemilu.org#18709,"BINGIN TELUK, RAWAS ILIR, MUSI RAWAS UTARA, SUMATERA SELATAN",8,83,62,145
https://kawalpemilu.org#18710,"MANDI ANGIN, RAWAS ILIR, MUSI RAWAS UTARA, SUMATERA SELATAN",1,18,122,140
https://kawalpemilu.org#18710,"MANDI ANGIN, RAWAS ILIR, MUSI RAWAS UTARA, SUMATERA SELATAN",2,22,125,147
https://kawalpemilu.org#18710,"MANDI ANGIN, RAWAS ILIR, MUSI RAWAS UTARA, SUMATERA SELATAN",3,26,123,149
https://kawalpemilu.org#18710,"MANDI ANGIN, RAWAS ILIR, MUSI RAWAS UTARA, SUMATERA SELATAN",4,24,83,107
https://kawalpemilu.org#18710,"MANDI ANGIN, RAWAS ILIR, MUSI RAWAS UTARA, SUMATERA SELATAN",5,26,137,163
https://kawalpemilu.org#18710,"MANDI ANGIN, RAWAS ILIR, MUSI RAWAS UTARA, SUMATERA SELATAN",6,33,105,138
https://kawalpemilu.org#18710,"MANDI ANGIN, RAWAS ILIR, MUSI RAWAS UTARA, SUMATERA SELATAN",7,32,129,161
https://kawalpemilu.org#18710,"MANDI ANGIN, RAWAS ILIR, MUSI RAWAS UTARA, SUMATERA SELATAN",8,36,113,149
https://kawalpemilu.org#18710,"MANDI ANGIN, RAWAS ILIR, MUSI RAWAS UTARA, SUMATERA SELATAN",9,41,104,145
https://kawalpemilu.org#18710,"MANDI ANGIN, RAWAS ILIR, MUSI RAWAS UTARA, SUMATERA SELATAN",10,37,102,139
https://kawalpemilu.org#18710,"MANDI ANGIN, RAWAS ILIR, MUSI RAWAS UTARA, SUMATERA SELATAN",11,28,65,93
https://kawalpemilu.org#18710,"MANDI ANGIN, RAWAS ILIR, MUSI RAWAS UTARA, SUMATERA SELATAN",12,36,88,124
https://kawalpemilu.org#18710,"MANDI ANGIN, RAWAS ILIR, MUSI RAWAS UTARA, SUMATERA SELATAN",13,19,83,102
https://kawalpemilu.org#18711,"AIR BENING, RAWAS ILIR, MUSI RAWAS UTARA, SUMATERA SELATAN",1,114,86,200
https://kawalpemilu.org#18711,"AIR BENING, RAWAS ILIR, MUSI RAWAS UTARA, SUMATERA SELATAN",2,138,97,235
https://kawalpemilu.org#18711,"AIR BENING, RAWAS ILIR, MUSI RAWAS UTARA, SUMATERA SELATAN",3,205,45,250
https://kawalpemilu.org#18711,"AIR BENING, RAWAS ILIR, MUSI RAWAS UTARA, SUMATERA SELATAN",4,142,91,233
https://kawalpemilu.org#18711,"AIR BENING, RAWAS ILIR, MUSI RAWAS UTARA, SUMATERA SELATAN",5,79,113,192
https://kawalpemilu.org#18711,"AIR BENING, RAWAS ILIR, MUSI RAWAS UTARA, SUMATERA SELATAN",6,119,69,188
https://kawalpemilu.org#18712,"BERINGIN SAKTI, RAWAS ILIR, MUSI RAWAS UTARA, SUMATERA SELATAN",1,96,39,135
https://kawalpemilu.org#18712,"BERINGIN SAKTI, RAWAS ILIR, MUSI RAWAS UTARA, SUMATERA SELATAN",2,69,66,135
https://kawalpemilu.org#18712,"BERINGIN SAKTI, RAWAS ILIR, MUSI RAWAS UTARA, SUMATERA SELATAN",3,65,38,103
https://kawalpemilu.org#18713,"BERINGIN MAKMUR I, RAWAS ILIR, MUSI RAWAS UTARA, SUMATERA SELATAN",1,87,33,120
https://kawalpemilu.org#18713,"BERINGIN MAKMUR I, RAWAS ILIR, MUSI RAWAS UTARA, SUMATERA SELATAN",2,51,27,78
https://kawalpemilu.org#18713,"BERINGIN MAKMUR I, RAWAS ILIR, MUSI RAWAS UTARA, SUMATERA SELATAN",3,55,31,86
https://kawalpemilu.org#18713,"BERINGIN MAKMUR I, RAWAS ILIR, MUSI RAWAS UTARA, SUMATERA SELATAN",4,79,37,116
https://kawalpemilu.org#18713,"BERINGIN MAKMUR I, RAWAS ILIR, MUSI RAWAS UTARA, SUMATERA SELATAN",5,53,30,83
https://kawalpemilu.org#18713,"BERINGIN MAKMUR I, RAWAS ILIR, MUSI RAWAS UTARA, SUMATERA SELATAN",6,80,36,116
https://kawalpemilu.org#18713,"BERINGIN MAKMUR I, RAWAS ILIR, MUSI RAWAS UTARA, SUMATERA SELATAN",7,67,58,125
https://kawalpemilu.org#18713,"BERINGIN MAKMUR I, RAWAS ILIR, MUSI RAWAS UTARA, SUMATERA SELATAN",8,66,35,101
https://kawalpemilu.org#18713,"BERINGIN MAKMUR I, RAWAS ILIR, MUSI RAWAS UTARA, SUMATERA SELATAN",9,78,30,108
https://kawalpemilu.org#18713,"BERINGIN MAKMUR I, RAWAS ILIR, MUSI RAWAS UTARA, SUMATERA SELATAN",10,53,29,82
https://kawalpemilu.org#18713,"BERINGIN MAKMUR I, RAWAS ILIR, MUSI RAWAS UTARA, SUMATERA SELATAN",11,98,57,155
https://kawalpemilu.org#18713,"BERINGIN MAKMUR I, RAWAS ILIR, MUSI RAWAS UTARA, SUMATERA SELATAN",12,99,65,164
https://kawalpemilu.org#18713,"BERINGIN MAKMUR I, RAWAS ILIR, MUSI RAWAS UTARA, SUMATERA SELATAN",13,103,57,160
https://kawalpemilu.org#18713,"BERINGIN MAKMUR I, RAWAS ILIR, MUSI RAWAS UTARA, SUMATERA SELATAN",14,93,76,169
https://kawalpemilu.org#18714,"BERINGIN MAKMUR II, RAWAS ILIR, MUSI RAWAS UTARA, SUMATERA SELATAN",1,113,37,150
https://kawalpemilu.org#18714,"BERINGIN MAKMUR II, RAWAS ILIR, MUSI RAWAS UTARA, SUMATERA SELATAN",2,99,59,158
https://kawalpemilu.org#18714,"BERINGIN MAKMUR II, RAWAS ILIR, MUSI RAWAS UTARA, SUMATERA SELATAN",3,149,40,189
https://kawalpemilu.org#18714,"BERINGIN MAKMUR II, RAWAS ILIR, MUSI RAWAS UTARA, SUMATERA SELATAN",4,110,40,150
https://kawalpemilu.org#18714,"BERINGIN MAKMUR II, RAWAS ILIR, MUSI RAWAS UTARA, SUMATERA SELATAN",5,103,57,162
https://kawalpemilu.org#18714,"BERINGIN MAKMUR II, RAWAS ILIR, MUSI RAWAS UTARA, SUMATERA SELATAN",6,62,64,126
https://kawalpemilu.org#18714,"BERINGIN MAKMUR II, RAWAS ILIR, MUSI RAWAS UTARA, SUMATERA SELATAN",7,77,45,112
https://kawalpemilu.org#18714,"BERINGIN MAKMUR II, RAWAS ILIR, MUSI RAWAS UTARA, SUMATERA SELATAN",8,60,45,105
https://kawalpemilu.org#18714,"BERINGIN MAKMUR II, RAWAS ILIR, MUSI RAWAS UTARA, SUMATERA SELATAN",9,114,54,168
https://kawalpemilu.org#18714,"BERINGIN MAKMUR II, RAWAS ILIR, MUSI RAWAS UTARA, SUMATERA SELATAN",10,91,47,138
https://kawalpemilu.org#18714,"BERINGIN MAKMUR II, RAWAS ILIR, MUSI RAWAS UTARA, SUMATERA SELATAN",11,62,41,103
https://kawalpemilu.org#18714,"BERINGIN MAKMUR II, RAWAS ILIR, MUSI RAWAS UTARA, SUMATERA SELATAN",12,73,28,101
https://kawalpemilu.org#18714,"BERINGIN MAKMUR II, RAWAS ILIR, MUSI RAWAS UTARA, SUMATERA SELATAN",13,77,27,104
https://kawalpemilu.org#18714,"BERINGIN MAKMUR II, RAWAS ILIR, MUSI RAWAS UTARA, SUMATERA SELATAN",14,56,80,136
https://kawalpemilu.org#18714,"BERINGIN MAKMUR II, RAWAS ILIR, MUSI RAWAS UTARA, SUMATERA SELATAN",15,53,56,109
https://kawalpemilu.org#18714,"BERINGIN MAKMUR II, RAWAS ILIR, MUSI RAWAS UTARA, SUMATERA SELATAN",16,90,38,128
https://kawalpemilu.org#18714,"BERINGIN MAKMUR II, RAWAS ILIR, MUSI RAWAS UTARA, SUMATERA SELATAN",17,101,39,140
https://kawalpemilu.org#18714,"BERINGIN MAKMUR II, RAWAS ILIR, MUSI RAWAS UTARA, SUMATERA SELATAN",18,128,62,190
https://kawalpemilu.org#18714,"BERINGIN MAKMUR II, RAWAS ILIR, MUSI RAWAS UTARA, SUMATERA SELATAN",19,70,14,84
https://kawalpemilu.org#18714,"BERINGIN MAKMUR II, RAWAS ILIR, MUSI RAWAS UTARA, SUMATERA SELATAN",20,92,18,110
https://kawalpemilu.org#18715,"PAUH I, RAWAS ILIR, MUSI RAWAS UTARA, SUMATERA SELATAN",1,50,90,140
https://kawalpemilu.org#18715,"PAUH I, RAWAS ILIR, MUSI RAWAS UTARA, SUMATERA SELATAN",2,52,86,138
https://kawalpemilu.org#18715,"PAUH I, RAWAS ILIR, MUSI RAWAS UTARA, SUMATERA SELATAN",3,44,166,210
https://kawalpemilu.org#18715,"PAUH I, RAWAS ILIR, MUSI RAWAS UTARA, SUMATERA SELATAN",4,56,86,142
https://kawalpemilu.org#18715,"PAUH I, RAWAS ILIR, MUSI RAWAS UTARA, SUMATERA SELATAN",5,62,154,216
https://kawalpemilu.org#18715,"PAUH I, RAWAS ILIR, MUSI RAWAS UTARA, SUMATERA SELATAN",6,92,89,181
https://kawalpemilu.org#18715,"PAUH I, RAWAS ILIR, MUSI RAWAS UTARA, SUMATERA SELATAN",7,54,88,142
https://kawalpemilu.org#18715,"PAUH I, RAWAS ILIR, MUSI RAWAS UTARA, SUMATERA SELATAN",8,45,68,113
https://kawalpemilu.org#18715,"PAUH I, RAWAS ILIR, MUSI RAWAS UTARA, SUMATERA SELATAN",9,59,81,140
https://kawalpemilu.org#18715,"PAUH I, RAWAS ILIR, MUSI RAWAS UTARA, SUMATERA SELATAN",10,32,105,137
https://kawalpemilu.org#18715,"PAUH I, RAWAS ILIR, MUSI RAWAS UTARA, SUMATERA SELATAN",11,68,18,86
https://kawalpemilu.org#929011,"KETAPAT BENING, RAWAS ILIR, MUSI RAWAS UTARA, SUMATERA SELATAN",1,111,141,252
https://kawalpemilu.org#929011,"KETAPAT BENING, RAWAS ILIR, MUSI RAWAS UTARA, SUMATERA SELATAN",2,131,64,195
https://kawalpemilu.org#929011,"KETAPAT BENING, RAWAS ILIR, MUSI RAWAS UTARA, SUMATERA SELATAN",3,78,67,145
https://kawalpemilu.org#929011,"KETAPAT BENING, RAWAS ILIR, MUSI RAWAS UTARA, SUMATERA SELATAN",4,66,54,120
https://kawalpemilu.org#929011,"KETAPAT BENING, RAWAS ILIR, MUSI RAWAS UTARA, SUMATERA SELATAN",5,93,69,162
https://kawalpemilu.org#929012,"MEKARSARI, RAWAS ILIR, MUSI RAWAS UTARA, SUMATERA SELATAN",1,64,46,105
https://kawalpemilu.org#929012,"MEKARSARI, RAWAS ILIR, MUSI RAWAS UTARA, SUMATERA SELATAN",2,56,26,82
https://kawalpemilu.org#929012,"MEKARSARI, RAWAS ILIR, MUSI RAWAS UTARA, SUMATERA SELATAN",3,63,26,89
https://kawalpemilu.org#929012,"MEKARSARI, RAWAS ILIR, MUSI RAWAS UTARA, SUMATERA SELATAN",4,67,39,106
https://kawalpemilu.org#929012,"MEKARSARI, RAWAS ILIR, MUSI RAWAS UTARA, SUMATERA SELATAN",5,46,27,73
https://kawalpemilu.org#929012,"MEKARSARI, RAWAS ILIR, MUSI RAWAS UTARA, SUMATERA SELATAN",6,34,45,79
https://kawalpemilu.org#18717,"PS SURULANGUN, RAWAS ULU, MUSI RAWAS UTARA, SUMATERA SELATAN",1,67,130,197
https://kawalpemilu.org#18717,"PS SURULANGUN, RAWAS ULU, MUSI RAWAS UTARA, SUMATERA SELATAN",2,57,171,228
https://kawalpemilu.org#18717,"PS SURULANGUN, RAWAS ULU, MUSI RAWAS UTARA, SUMATERA SELATAN",3,86,151,237
https://kawalpemilu.org#18717,"PS SURULANGUN, RAWAS ULU, MUSI RAWAS UTARA, SUMATERA SELATAN",4,66,155,221
https://kawalpemilu.org#18717,"PS SURULANGUN, RAWAS ULU, MUSI RAWAS UTARA, SUMATERA SELATAN",5,54,148,202
https://kawalpemilu.org#18717,"PS SURULANGUN, RAWAS ULU, MUSI RAWAS UTARA, SUMATERA SELATAN",6,52,145,197
https://kawalpemilu.org#18717,"PS SURULANGUN, RAWAS ULU, MUSI RAWAS UTARA, SUMATERA SELATAN",7,63,133,196
https://kawalpemilu.org#18717,"PS SURULANGUN, RAWAS ULU, MUSI RAWAS UTARA, SUMATERA SELATAN",8,105,100,205
https://kawalpemilu.org#18717,"PS SURULANGUN, RAWAS ULU, MUSI RAWAS UTARA, SUMATERA SELATAN",9,86,151,237
https://kawalpemilu.org#18717,"PS SURULANGUN, RAWAS ULU, MUSI RAWAS UTARA, SUMATERA SELATAN",10,71,154,225
https://kawalpemilu.org#18718,"PANGKALAN, RAWAS ULU, MUSI RAWAS UTARA, SUMATERA SELATAN",1,17,236,253
https://kawalpemilu.org#18718,"PANGKALAN, RAWAS ULU, MUSI RAWAS UTARA, SUMATERA SELATAN",2,20,183,203
https://kawalpemilu.org#18718,"PANGKALAN, RAWAS ULU, MUSI RAWAS UTARA, SUMATERA SELATAN",3,8,206,214
https://kawalpemilu.org#18718,"PANGKALAN, RAWAS ULU, MUSI RAWAS UTARA, SUMATERA SELATAN",4,19,259,278
https://kawalpemilu.org#18718,"PANGKALAN, RAWAS ULU, MUSI RAWAS UTARA, SUMATERA SELATAN",5,47,47,94
https://kawalpemilu.org#18718,"PANGKALAN, RAWAS ULU, MUSI RAWAS UTARA, SUMATERA SELATAN",6,46,66,112
https://kawalpemilu.org#18719,"KERTA DEWA, RAWAS ULU, MUSI RAWAS UTARA, SUMATERA SELATAN",1,25,151,176
https://kawalpemilu.org#18719,"KERTA DEWA, RAWAS ULU, MUSI RAWAS UTARA, SUMATERA SELATAN",2,21,147,168
https://kawalpemilu.org#18719,"KERTA DEWA, RAWAS ULU, MUSI RAWAS UTARA, SUMATERA SELATAN",3,19,182,201
https://kawalpemilu.org#18719,"KERTA DEWA, RAWAS ULU, MUSI RAWAS UTARA, SUMATERA SELATAN",4,30,125,155
https://kawalpemilu.org#18719,"KERTA DEWA, RAWAS ULU, MUSI RAWAS UTARA, SUMATERA SELATAN",5,40,143,183
https://kawalpemilu.org#18720,"TALADAS, RAWAS ULU, MUSI RAWAS UTARA, SUMATERA SELATAN",1,26,254,280
https://kawalpemilu.org#18720,"TALADAS, RAWAS ULU, MUSI RAWAS UTARA, SUMATERA SELATAN",2,25,218,243
https://kawalpemilu.org#18720,"TALADAS, RAWAS ULU, MUSI RAWAS UTARA, SUMATERA SELATAN",3,28,245,273
https://kawalpemilu.org#18721,"PULAU LEBAR, RAWAS ULU, MUSI RAWAS UTARA, SUMATERA SELATAN",1,40,153,193
https://kawalpemilu.org#18721,"PULAU LEBAR, RAWAS ULU, MUSI RAWAS UTARA, SUMATERA SELATAN",2,40,173,213
https://kawalpemilu.org#18721,"PULAU LEBAR, RAWAS ULU, MUSI RAWAS UTARA, SUMATERA SELATAN",3,33,151,184
https://kawalpemilu.org#18722,"SUNGAI BAUNG, RAWAS ULU, MUSI RAWAS UTARA, SUMATERA SELATAN",1,122,154,276
https://kawalpemilu.org#18722,"SUNGAI BAUNG, RAWAS ULU, MUSI RAWAS UTARA, SUMATERA SELATAN",2,50,159,209
https://kawalpemilu.org#18722,"SUNGAI BAUNG, RAWAS ULU, MUSI RAWAS UTARA, SUMATERA SELATAN",3,71,194,265
https://kawalpemilu.org#18722,"SUNGAI BAUNG, RAWAS ULU, MUSI RAWAS UTARA, SUMATERA SELATAN",4,33,138,171
https://kawalpemilu.org#18722,"SUNGAI BAUNG, RAWAS ULU, MUSI RAWAS UTARA, SUMATERA SELATAN",5,36,116,152
https://kawalpemilu.org#18722,"SUNGAI BAUNG, RAWAS ULU, MUSI RAWAS UTARA, SUMATERA SELATAN",6,45,133,178
https://kawalpemilu.org#18722,"SUNGAI BAUNG, RAWAS ULU, MUSI RAWAS UTARA, SUMATERA SELATAN",7,33,121,154
https://kawalpemilu.org#18722,"SUNGAI BAUNG, RAWAS ULU, MUSI RAWAS UTARA, SUMATERA SELATAN",8,46,128,174
https://kawalpemilu.org#18722,"SUNGAI BAUNG, RAWAS ULU, MUSI RAWAS UTARA, SUMATERA SELATAN",9,30,98,128
https://kawalpemilu.org#18722,"SUNGAI BAUNG, RAWAS ULU, MUSI RAWAS UTARA, SUMATERA SELATAN",11,34,162,196
https://kawalpemilu.org#18722,"SUNGAI BAUNG, RAWAS ULU, MUSI RAWAS UTARA, SUMATERA SELATAN",12,23,262,285
https://kawalpemilu.org#18722,"SUNGAI BAUNG, RAWAS ULU, MUSI RAWAS UTARA, SUMATERA SELATAN",13,104,184,288
https://kawalpemilu.org#18722,"SUNGAI BAUNG, RAWAS ULU, MUSI RAWAS UTARA, SUMATERA SELATAN",14,32,91,123
https://kawalpemilu.org#18723,"SUNGAI JAUH, RAWAS ULU, MUSI RAWAS UTARA, SUMATERA SELATAN",1,66,183,249
https://kawalpemilu.org#18723,"SUNGAI JAUH, RAWAS ULU, MUSI RAWAS UTARA, SUMATERA SELATAN",2,58,175,233
https://kawalpemilu.org#18723,"SUNGAI JAUH, RAWAS ULU, MUSI RAWAS UTARA, SUMATERA SELATAN",3,94,106,200
https://kawalpemilu.org#18723,"SUNGAI JAUH, RAWAS ULU, MUSI RAWAS UTARA, SUMATERA SELATAN",4,91,114,205
https://kawalpemilu.org#18724,"SUNGAI KIJANG, RAWAS ULU, MUSI RAWAS UTARA, SUMATERA SELATAN",1,67,134,201
https://kawalpemilu.org#18724,"SUNGAI KIJANG, RAWAS ULU, MUSI RAWAS UTARA, SUMATERA SELATAN",2,111,125,236
https://kawalpemilu.org#18724,"SUNGAI KIJANG, RAWAS ULU, MUSI RAWAS UTARA, SUMATERA SELATAN",3,121,84,205
https://kawalpemilu.org#18725,"SURULANGUN, RAWAS ULU, MUSI RAWAS UTARA, SUMATERA SELATAN",1,73,153,226
https://kawalpemilu.org#18725,"SURULANGUN, RAWAS ULU, MUSI RAWAS UTARA, SUMATERA SELATAN",2,77,138,215
https://kawalpemilu.org#18725,"SURULANGUN, RAWAS ULU, MUSI RAWAS UTARA, SUMATERA SELATAN",3,72,144,216
https://kawalpemilu.org#18725,"SURULANGUN, RAWAS ULU, MUSI RAWAS UTARA, SUMATERA SELATAN",4,64,121,185
https://kawalpemilu.org#18725,"SURULANGUN, RAWAS ULU, MUSI RAWAS UTARA, SUMATERA SELATAN",5,64,149,213
https://kawalpemilu.org#18725,"SURULANGUN, RAWAS ULU, MUSI RAWAS UTARA, SUMATERA SELATAN",6,67,153,220
https://kawalpemilu.org#18725,"SURULANGUN, RAWAS ULU, MUSI RAWAS UTARA, SUMATERA SELATAN",7,78,138,216
https://kawalpemilu.org#18726,"LESUNG BATU, RAWAS ULU, MUSI RAWAS UTARA, SUMATERA SELATAN",1,77,94,171
https://kawalpemilu.org#18726,"LESUNG BATU, RAWAS ULU, MUSI RAWAS UTARA, SUMATERA SELATAN",2,53,116,169
https://kawalpemilu.org#18726,"LESUNG BATU, RAWAS ULU, MUSI RAWAS UTARA, SUMATERA SELATAN",3,61,96,157
https://kawalpemilu.org#18726,"LESUNG BATU, RAWAS ULU, MUSI RAWAS UTARA, SUMATERA SELATAN",4,79,96,175
https://kawalpemilu.org#18726,"LESUNG BATU, RAWAS ULU, MUSI RAWAS UTARA, SUMATERA SELATAN",5,58,92,150
https://kawalpemilu.org#18726,"LESUNG BATU, RAWAS ULU, MUSI RAWAS UTARA, SUMATERA SELATAN",6,61,104,165
https://kawalpemilu.org#18726,"LESUNG BATU, RAWAS ULU, MUSI RAWAS UTARA, SUMATERA SELATAN",7,64,114,178
https://kawalpemilu.org#18727,"LUBUK KEMANG, RAWAS ULU, MUSI RAWAS UTARA, SUMATERA SELATAN",1,21,170,191
https://kawalpemilu.org#18727,"LUBUK KEMANG, RAWAS ULU, MUSI RAWAS UTARA, SUMATERA SELATAN",3,24,166,190
https://kawalpemilu.org#18727,"LUBUK KEMANG, RAWAS ULU, MUSI RAWAS UTARA, SUMATERA SELATAN",4,38,151,189
https://kawalpemilu.org#18727,"LUBUK KEMANG, RAWAS ULU, MUSI RAWAS UTARA, SUMATERA SELATAN",5,13,157,170
https://kawalpemilu.org#18727,"LUBUK KEMANG, RAWAS ULU, MUSI RAWAS UTARA, SUMATERA SELATAN",6,42,112,154
https://kawalpemilu.org#18727,"LUBUK KEMANG, RAWAS ULU, MUSI RAWAS UTARA, SUMATERA SELATAN",7,20,151,171
https://kawalpemilu.org#18728,"REMBAN, RAWAS ULU, MUSI RAWAS UTARA, SUMATERA SELATAN",1,105,125,230
https://kawalpemilu.org#18728,"REMBAN, RAWAS ULU, MUSI RAWAS UTARA, SUMATERA SELATAN",2,90,105,195
https://kawalpemilu.org#18728,"REMBAN, RAWAS ULU, MUSI RAWAS UTARA, SUMATERA SELATAN",3,84,134,218
https://kawalpemilu.org#18728,"REMBAN, RAWAS ULU, MUSI RAWAS UTARA, SUMATERA SELATAN",4,103,109,212
https://kawalpemilu.org#18728,"REMBAN, RAWAS ULU, MUSI RAWAS UTARA, SUMATERA SELATAN",5,104,108,212
https://kawalpemilu.org#18728,"REMBAN, RAWAS ULU, MUSI RAWAS UTARA, SUMATERA SELATAN",6,82,80,162
https://kawalpemilu.org#18728,"REMBAN, RAWAS ULU, MUSI RAWAS UTARA, SUMATERA SELATAN",7,72,99,171
https://kawalpemilu.org#18728,"REMBAN, RAWAS ULU, MUSI RAWAS UTARA, SUMATERA SELATAN",8,103,141,244
https://kawalpemilu.org#18728,"REMBAN, RAWAS ULU, MUSI RAWAS UTARA, SUMATERA SELATAN",9,83,98,181
https://kawalpemilu.org#18728,"REMBAN, RAWAS ULU, MUSI RAWAS UTARA, SUMATERA SELATAN",10,86,84,170
https://kawalpemilu.org#18729,"LESUNG BATU MUDA, RAWAS ULU, MUSI RAWAS UTARA, SUMATERA SELATAN",1,74,132,206
https://kawalpemilu.org#18729,"LESUNG BATU MUDA, RAWAS ULU, MUSI RAWAS UTARA, SUMATERA SELATAN",2,48,116,164
https://kawalpemilu.org#18729,"LESUNG BATU MUDA, RAWAS ULU, MUSI RAWAS UTARA, SUMATERA SELATAN",3,72,141,213
https://kawalpemilu.org#18729,"LESUNG BATU MUDA, RAWAS ULU, MUSI RAWAS UTARA, SUMATERA SELATAN",4,87,78,165
https://kawalpemilu.org#18729,"LESUNG BATU MUDA, RAWAS ULU, MUSI RAWAS UTARA, SUMATERA SELATAN",5,82,120,202
https://kawalpemilu.org#18729,"LESUNG BATU MUDA, RAWAS ULU, MUSI RAWAS UTARA, SUMATERA SELATAN",6,54,140,194
https://kawalpemilu.org#18729,"LESUNG BATU MUDA, RAWAS ULU, MUSI RAWAS UTARA, SUMATERA SELATAN",7,79,146,225
https://kawalpemilu.org#18729,"LESUNG BATU MUDA, RAWAS ULU, MUSI RAWAS UTARA, SUMATERA SELATAN",8,83,132,215
https://kawalpemilu.org#18729,"LESUNG BATU MUDA, RAWAS ULU, MUSI RAWAS UTARA, SUMATERA SELATAN",9,75,133,208
https://kawalpemilu.org#18730,"SIMPANG NIBUNG RAWAS, RAWAS ULU, MUSI RAWAS UTARA, SUMATERA SELATAN",1,78,133,211
https://kawalpemilu.org#18730,"SIMPANG NIBUNG RAWAS, RAWAS ULU, MUSI RAWAS UTARA, SUMATERA SELATAN",2,80,119,199
https://kawalpemilu.org#18730,"SIMPANG NIBUNG RAWAS, RAWAS ULU, MUSI RAWAS UTARA, SUMATERA SELATAN",3,148,89,237
https://kawalpemilu.org#18730,"SIMPANG NIBUNG RAWAS, RAWAS ULU, MUSI RAWAS UTARA, SUMATERA SELATAN",4,59,61,120
https://kawalpemilu.org#18730,"SIMPANG NIBUNG RAWAS, RAWAS ULU, MUSI RAWAS UTARA, SUMATERA SELATAN",5,23,108,131
https://kawalpemilu.org#18731,"LUBUK MAS, RAWAS ULU, MUSI RAWAS UTARA, SUMATERA SELATAN",1,21,108,129
https://kawalpemilu.org#18731,"LUBUK MAS, RAWAS ULU, MUSI RAWAS UTARA, SUMATERA SELATAN",2,38,102,140
https://kawalpemilu.org#18731,"LUBUK MAS, RAWAS ULU, MUSI RAWAS UTARA, SUMATERA SELATAN",3,23,146,169
https://kawalpemilu.org#18732,"SUNGAI LANANG, RAWAS ULU, MUSI RAWAS UTARA, SUMATERA SELATAN",1,68,143,211
https://kawalpemilu.org#18732,"SUNGAI LANANG, RAWAS ULU, MUSI RAWAS UTARA, SUMATERA SELATAN",2,65,129,194
https://kawalpemilu.org#18732,"SUNGAI LANANG, RAWAS ULU, MUSI RAWAS UTARA, SUMATERA SELATAN",3,42,141,183
https://kawalpemilu.org#18732,"SUNGAI LANANG, RAWAS ULU, MUSI RAWAS UTARA, SUMATERA SELATAN",4,54,143,197
https://kawalpemilu.org#929010,"SUKOMORO, RAWAS ULU, MUSI RAWAS UTARA, SUMATERA SELATAN",1,94,152,246
https://kawalpemilu.org#929010,"SUKOMORO, RAWAS ULU, MUSI RAWAS UTARA, SUMATERA SELATAN",2,55,146,201
https://kawalpemilu.org#929010,"SUKOMORO, RAWAS ULU, MUSI RAWAS UTARA, SUMATERA SELATAN",3,83,121,204
https://kawalpemilu.org#18734,"JANGKAT, ULU RAWAS, MUSI RAWAS UTARA, SUMATERA SELATAN",1,19,212,231
https://kawalpemilu.org#18734,"JANGKAT, ULU RAWAS, MUSI RAWAS UTARA, SUMATERA SELATAN",2,15,224,239
https://kawalpemilu.org#18734,"JANGKAT, ULU RAWAS, MUSI RAWAS UTARA, SUMATERA SELATAN",3,35,202,237
https://kawalpemilu.org#18735,"NAPAL LICIN, ULU RAWAS, MUSI RAWAS UTARA, SUMATERA SELATAN",1,14,189,203
https://kawalpemilu.org#18735,"NAPAL LICIN, ULU RAWAS, MUSI RAWAS UTARA, SUMATERA SELATAN",2,11,181,192
https://kawalpemilu.org#18735,"NAPAL LICIN, ULU RAWAS, MUSI RAWAS UTARA, SUMATERA SELATAN",3,20,165,185
https://kawalpemilu.org#18735,"NAPAL LICIN, ULU RAWAS, MUSI RAWAS UTARA, SUMATERA SELATAN",4,17,191,208
https://kawalpemilu.org#18735,"NAPAL LICIN, ULU RAWAS, MUSI RAWAS UTARA, SUMATERA SELATAN",5,16,168,184
https://kawalpemilu.org#18735,"NAPAL LICIN, ULU RAWAS, MUSI RAWAS UTARA, SUMATERA SELATAN",6,20,165,185
https://kawalpemilu.org#18735,"NAPAL LICIN, ULU RAWAS, MUSI RAWAS UTARA, SUMATERA SELATAN",7,16,158,174
https://kawalpemilu.org#18736,"SOSOKAN, ULU RAWAS, MUSI RAWAS UTARA, SUMATERA SELATAN",1,6,216,222
https://kawalpemilu.org#18736,"SOSOKAN, ULU RAWAS, MUSI RAWAS UTARA, SUMATERA SELATAN",2,4,221,225
https://kawalpemilu.org#18736,"SOSOKAN, ULU RAWAS, MUSI RAWAS UTARA, SUMATERA SELATAN",3,6,208,214
https://kawalpemilu.org#18736,"SOSOKAN, ULU RAWAS, MUSI RAWAS UTARA, SUMATERA SELATAN",4,11,215,226
https://kawalpemilu.org#18737,"KUTO TANJUNG, ULU RAWAS, MUSI RAWAS UTARA, SUMATERA SELATAN",1,5,198,203
https://kawalpemilu.org#18737,"KUTO TANJUNG, ULU RAWAS, MUSI RAWAS UTARA, SUMATERA SELATAN",2,10,177,187
https://kawalpemilu.org#18737,"KUTO TANJUNG, ULU RAWAS, MUSI RAWAS UTARA, SUMATERA SELATAN",3,7,229,236
https://kawalpemilu.org#18738,"MUARA KUIS, ULU RAWAS, MUSI RAWAS UTARA, SUMATERA SELATAN",1,8,200,208
https://kawalpemilu.org#18738,"MUARA KUIS, ULU RAWAS, MUSI RAWAS UTARA, SUMATERA SELATAN",2,9,173,182
https://kawalpemilu.org#18738,"MUARA KUIS, ULU RAWAS, MUSI RAWAS UTARA, SUMATERA SELATAN",3,7,246,253
https://kawalpemilu.org#18738,"MUARA KUIS, ULU RAWAS, MUSI RAWAS UTARA, SUMATERA SELATAN",4,29,141,170
https://kawalpemilu.org#18739,"PULAU KIDAK, ULU RAWAS, MUSI RAWAS UTARA, SUMATERA SELATAN",1,86,152,238
https://kawalpemilu.org#18739,"PULAU KIDAK, ULU RAWAS, MUSI RAWAS UTARA, SUMATERA SELATAN",2,97,165,262
https://kawalpemilu.org#18739,"PULAU KIDAK, ULU RAWAS, MUSI RAWAS UTARA, SUMATERA SELATAN",3,53,193,246
https://kawalpemilu.org#18739,"PULAU KIDAK, ULU RAWAS, MUSI RAWAS UTARA, SUMATERA SELATAN",4,55,119,174
https://kawalpemilu.org#18739,"PULAU KIDAK, ULU RAWAS, MUSI RAWAS UTARA, SUMATERA SELATAN",5,125,143,268
https://kawalpemilu.org#18739,"PULAU KIDAK, ULU RAWAS, MUSI RAWAS UTARA, SUMATERA SELATAN",6,32,160,192
https://kawalpemilu.org#18739,"PULAU KIDAK, ULU RAWAS, MUSI RAWAS UTARA, SUMATERA SELATAN",7,36,187,223
https://kawalpemilu.org#18739,"PULAU KIDAK, ULU RAWAS, MUSI RAWAS UTARA, SUMATERA SELATAN",8,30,202,232
https://kawalpemilu.org#18740,"MUARA KULAM, ULU RAWAS, MUSI RAWAS UTARA, SUMATERA SELATAN",1,40,256,296
https://kawalpemilu.org#18740,"MUARA KULAM, ULU RAWAS, MUSI RAWAS UTARA, SUMATERA SELATAN",2,39,175,214
https://kawalpemilu.org#18740,"MUARA KULAM, ULU RAWAS, MUSI RAWAS UTARA, SUMATERA SELATAN",3,34,156,190
https://kawalpemilu.org#18740,"MUARA KULAM, ULU RAWAS, MUSI RAWAS UTARA, SUMATERA SELATAN",4,34,127,161
https://kawalpemilu.org#18740,"MUARA KULAM, ULU RAWAS, MUSI RAWAS UTARA, SUMATERA SELATAN",5,64,201,265
https://kawalpemilu.org#18740,"MUARA KULAM, ULU RAWAS, MUSI RAWAS UTARA, SUMATERA SELATAN",6,40,193,233
https://kawalpemilu.org#18740,"MUARA KULAM, ULU RAWAS, MUSI RAWAS UTARA, SUMATERA SELATAN",7,51,169,220
https://kawalpemilu.org#18740,"MUARA KULAM, ULU RAWAS, MUSI RAWAS UTARA, SUMATERA SELATAN",8,54,205,259
https://kawalpemilu.org#18740,"MUARA KULAM, ULU RAWAS, MUSI RAWAS UTARA, SUMATERA SELATAN",9,8,192,200
https://kawalpemilu.org#18740,"MUARA KULAM, ULU RAWAS, MUSI RAWAS UTARA, SUMATERA SELATAN",10,14,136,150
https://kawalpemilu.org#18740,"MUARA KULAM, ULU RAWAS, MUSI RAWAS UTARA, SUMATERA SELATAN",11,21,194,215
https://kawalpemilu.org#18740,"MUARA KULAM, ULU RAWAS, MUSI RAWAS UTARA, SUMATERA SELATAN",12,26,185,211
https://kawalpemilu.org#18742,"MUARA RUPIT, RUPIT, MUSI RAWAS UTARA, SUMATERA SELATAN",1,118,135,253
https://kawalpemilu.org#18742,"MUARA RUPIT, RUPIT, MUSI RAWAS UTARA, SUMATERA SELATAN",2,109,137,246
https://kawalpemilu.org#18742,"MUARA RUPIT, RUPIT, MUSI RAWAS UTARA, SUMATERA SELATAN",3,111,125,236
https://kawalpemilu.org#18742,"MUARA RUPIT, RUPIT, MUSI RAWAS UTARA, SUMATERA SELATAN",4,63,184,247
https://kawalpemilu.org#18742,"MUARA RUPIT, RUPIT, MUSI RAWAS UTARA, SUMATERA SELATAN",5,78,183,261
https://kawalpemilu.org#18742,"MUARA RUPIT, RUPIT, MUSI RAWAS UTARA, SUMATERA SELATAN",6,93,175,268
https://kawalpemilu.org#18742,"MUARA RUPIT, RUPIT, MUSI RAWAS UTARA, SUMATERA SELATAN",7,107,167,274
https://kawalpemilu.org#18742,"MUARA RUPIT, RUPIT, MUSI RAWAS UTARA, SUMATERA SELATAN",8,106,174,280
https://kawalpemilu.org#18742,"MUARA RUPIT, RUPIT, MUSI RAWAS UTARA, SUMATERA SELATAN",9,74,191,265
https://kawalpemilu.org#18742,"MUARA RUPIT, RUPIT, MUSI RAWAS UTARA, SUMATERA SELATAN",10,115,133,248
https://kawalpemilu.org#18742,"MUARA RUPIT, RUPIT, MUSI RAWAS UTARA, SUMATERA SELATAN",12,83,191,274
https://kawalpemilu.org#18742,"MUARA RUPIT, RUPIT, MUSI RAWAS UTARA, SUMATERA SELATAN",13,76,209,285
https://kawalpemilu.org#18742,"MUARA RUPIT, RUPIT, MUSI RAWAS UTARA, SUMATERA SELATAN",14,120,143,263
https://kawalpemilu.org#18742,"MUARA RUPIT, RUPIT, MUSI RAWAS UTARA, SUMATERA SELATAN",15,139,138,277
https://kawalpemilu.org#18742,"MUARA RUPIT, RUPIT, MUSI RAWAS UTARA, SUMATERA SELATAN",16,109,159,268
https://kawalpemilu.org#18742,"MUARA RUPIT, RUPIT, MUSI RAWAS UTARA, SUMATERA SELATAN",17,120,133,253
https://kawalpemilu.org#18742,"MUARA RUPIT, RUPIT, MUSI RAWAS UTARA, SUMATERA SELATAN",18,129,122,251
https://kawalpemilu.org#18743,"TANJUNG BERINGIN, RUPIT, MUSI RAWAS UTARA, SUMATERA SELATAN",1,13,174,187
https://kawalpemilu.org#18743,"TANJUNG BERINGIN, RUPIT, MUSI RAWAS UTARA, SUMATERA SELATAN",2,10,205,215
https://kawalpemilu.org#18743,"TANJUNG BERINGIN, RUPIT, MUSI RAWAS UTARA, SUMATERA SELATAN",3,10,164,174
https://kawalpemilu.org#18743,"TANJUNG BERINGIN, RUPIT, MUSI RAWAS UTARA, SUMATERA SELATAN",4,22,197,219
https://kawalpemilu.org#18743,"TANJUNG BERINGIN, RUPIT, MUSI RAWAS UTARA, SUMATERA SELATAN",5,22,151,173
https://kawalpemilu.org#18744,"NOMAN, RUPIT, MUSI RAWAS UTARA, SUMATERA SELATAN",1,8,198,206
https://kawalpemilu.org#18744,"NOMAN, RUPIT, MUSI RAWAS UTARA, SUMATERA SELATAN",2,11,236,247
https://kawalpemilu.org#18744,"NOMAN, RUPIT, MUSI RAWAS UTARA, SUMATERA SELATAN",3,45,206,251
https://kawalpemilu.org#18744,"NOMAN, RUPIT, MUSI RAWAS UTARA, SUMATERA SELATAN",4,5,252,257
https://kawalpemilu.org#18744,"NOMAN, RUPIT, MUSI RAWAS UTARA, SUMATERA SELATAN",5,5,222,227
https://kawalpemilu.org#18744,"NOMAN, RUPIT, MUSI RAWAS UTARA, SUMATERA SELATAN",6,0,208,208
https://kawalpemilu.org#18744,"NOMAN, RUPIT, MUSI RAWAS UTARA, SUMATERA SELATAN",7,7,220,227
https://kawalpemilu.org#18745,"BATU GAJAH, RUPIT, MUSI RAWAS UTARA, SUMATERA SELATAN",1,13,136,149
https://kawalpemilu.org#18745,"BATU GAJAH, RUPIT, MUSI RAWAS UTARA, SUMATERA SELATAN",2,16,118,134
https://kawalpemilu.org#18745,"BATU GAJAH, RUPIT, MUSI RAWAS UTARA, SUMATERA SELATAN",3,20,122,142
https://kawalpemilu.org#18745,"BATU GAJAH, RUPIT, MUSI RAWAS UTARA, SUMATERA SELATAN",4,25,112,137
https://kawalpemilu.org#18745,"BATU GAJAH, RUPIT, MUSI RAWAS UTARA, SUMATERA SELATAN",5,21,99,120
https://kawalpemilu.org#18745,"BATU GAJAH, RUPIT, MUSI RAWAS UTARA, SUMATERA SELATAN",6,12,115,127
https://kawalpemilu.org#18746,"MAUR LAMA, RUPIT, MUSI RAWAS UTARA, SUMATERA SELATAN",1,48,142,190
https://kawalpemilu.org#18746,"MAUR LAMA, RUPIT, MUSI RAWAS UTARA, SUMATERA SELATAN",2,37,188,225
https://kawalpemilu.org#18746,"MAUR LAMA, RUPIT, MUSI RAWAS UTARA, SUMATERA SELATAN",3,24,206,230
https://kawalpemilu.org#18746,"MAUR LAMA, RUPIT, MUSI RAWAS UTARA, SUMATERA SELATAN",4,3,235,238
https://kawalpemilu.org#18746,"MAUR LAMA, RUPIT, MUSI RAWAS UTARA, SUMATERA SELATAN",5,39,171,210
https://kawalpemilu.org#18746,"MAUR LAMA, RUPIT, MUSI RAWAS UTARA, SUMATERA SELATAN",6,51,200,251
https://kawalpemilu.org#18746,"MAUR LAMA, RUPIT, MUSI RAWAS UTARA, SUMATERA SELATAN",7,73,171,244
https://kawalpemilu.org#18746,"MAUR LAMA, RUPIT, MUSI RAWAS UTARA, SUMATERA SELATAN",8,17,108,125
https://kawalpemilu.org#18746,"MAUR LAMA, RUPIT, MUSI RAWAS UTARA, SUMATERA SELATAN",9,23,194,217
https://kawalpemilu.org#18747,"MAUR BARU, RUPIT, MUSI RAWAS UTARA, SUMATERA SELATAN",1,43,213,256
https://kawalpemilu.org#18747,"MAUR BARU, RUPIT, MUSI RAWAS UTARA, SUMATERA SELATAN",2,47,199,246
https://kawalpemilu.org#18747,"MAUR BARU, RUPIT, MUSI RAWAS UTARA, SUMATERA SELATAN",3,78,185,263
https://kawalpemilu.org#18747,"MAUR BARU, RUPIT, MUSI RAWAS UTARA, SUMATERA SELATAN",4,62,193,255
https://kawalpemilu.org#18747,"MAUR BARU, RUPIT, MUSI RAWAS UTARA, SUMATERA SELATAN",5,87,162,249
https://kawalpemilu.org#18747,"MAUR BARU, RUPIT, MUSI RAWAS UTARA, SUMATERA SELATAN",6,75,175,250
https://kawalpemilu.org#18748,"BINGIN RUPIT ULU, RUPIT, MUSI RAWAS UTARA, SUMATERA SELATAN",1,107,120,227
https://kawalpemilu.org#18748,"BINGIN RUPIT ULU, RUPIT, MUSI RAWAS UTARA, SUMATERA SELATAN",2,85,117,202
https://kawalpemilu.org#18748,"BINGIN RUPIT ULU, RUPIT, MUSI RAWAS UTARA, SUMATERA SELATAN",3,98,133,231
https://kawalpemilu.org#18748,"BINGIN RUPIT ULU, RUPIT, MUSI RAWAS UTARA, SUMATERA SELATAN",4,61,151,212
https://kawalpemilu.org#18748,"BINGIN RUPIT ULU, RUPIT, MUSI RAWAS UTARA, SUMATERA SELATAN",5,57,152,209
https://kawalpemilu.org#18748,"BINGIN RUPIT ULU, RUPIT, MUSI RAWAS UTARA, SUMATERA SELATAN",6,55,118,173
https://kawalpemilu.org#18749,"LUBUK RUMBAI, RUPIT, MUSI RAWAS UTARA, SUMATERA SELATAN",1,90,85,175
https://kawalpemilu.org#18749,"LUBUK RUMBAI, RUPIT, MUSI RAWAS UTARA, SUMATERA SELATAN",2,105,70,175
https://kawalpemilu.org#18749,"LUBUK RUMBAI, RUPIT, MUSI RAWAS UTARA, SUMATERA SELATAN",3,73,57,130
https://kawalpemilu.org#18749,"LUBUK RUMBAI, RUPIT, MUSI RAWAS UTARA, SUMATERA SELATAN",4,131,63,194
https://kawalpemilu.org#18749,"LUBUK RUMBAI, RUPIT, MUSI RAWAS UTARA, SUMATERA SELATAN",5,102,78,180
https://kawalpemilu.org#18750,"PANTAI, RUPIT, MUSI RAWAS UTARA, SUMATERA SELATAN",1,59,199,258
https://kawalpemilu.org#18750,"PANTAI, RUPIT, MUSI RAWAS UTARA, SUMATERA SELATAN",2,88,71,159
https://kawalpemilu.org#18750,"PANTAI, RUPIT, MUSI RAWAS UTARA, SUMATERA SELATAN",3,60,17,77
https://kawalpemilu.org#18750,"PANTAI, RUPIT, MUSI RAWAS UTARA, SUMATERA SELATAN",4,124,101,225
https://kawalpemilu.org#18750,"PANTAI, RUPIT, MUSI RAWAS UTARA, SUMATERA SELATAN",5,120,119,239
https://kawalpemilu.org#18750,"PANTAI, RUPIT, MUSI RAWAS UTARA, SUMATERA SELATAN",6,97,100,197
https://kawalpemilu.org#18751,"LAWANG AGUNG, RUPIT, MUSI RAWAS UTARA, SUMATERA SELATAN",1,60,181,241
https://kawalpemilu.org#18751,"LAWANG AGUNG, RUPIT, MUSI RAWAS UTARA, SUMATERA SELATAN",2,44,189,233
https://kawalpemilu.org#18751,"LAWANG AGUNG, RUPIT, MUSI RAWAS UTARA, SUMATERA SELATAN",3,55,195,250
https://kawalpemilu.org#18751,"LAWANG AGUNG, RUPIT, MUSI RAWAS UTARA, SUMATERA SELATAN",4,91,117,208
https://kawalpemilu.org#18751,"LAWANG AGUNG, RUPIT, MUSI RAWAS UTARA, SUMATERA SELATAN",5,104,176,280
https://kawalpemilu.org#18751,"LAWANG AGUNG, RUPIT, MUSI RAWAS UTARA, SUMATERA SELATAN",6,108,131,239
https://kawalpemilu.org#18751,"LAWANG AGUNG, RUPIT, MUSI RAWAS UTARA, SUMATERA SELATAN",7,111,143,254
https://kawalpemilu.org#18751,"LAWANG AGUNG, RUPIT, MUSI RAWAS UTARA, SUMATERA SELATAN",8,142,112,254
https://kawalpemilu.org#18751,"LAWANG AGUNG, RUPIT, MUSI RAWAS UTARA, SUMATERA SELATAN",9,132,122,254
https://kawalpemilu.org#18751,"LAWANG AGUNG, RUPIT, MUSI RAWAS UTARA, SUMATERA SELATAN",10,74,113,187
https://kawalpemilu.org#18751,"LAWANG AGUNG, RUPIT, MUSI RAWAS UTARA, SUMATERA SELATAN",11,81,72,153
https://kawalpemilu.org#18751,"LAWANG AGUNG, RUPIT, MUSI RAWAS UTARA, SUMATERA SELATAN",12,84,100,184
https://kawalpemilu.org#18751,"LAWANG AGUNG, RUPIT, MUSI RAWAS UTARA, SUMATERA SELATAN",13,89,154,243
https://kawalpemilu.org#18751,"LAWANG AGUNG, RUPIT, MUSI RAWAS UTARA, SUMATERA SELATAN",14,105,168,273
https://kawalpemilu.org#18751,"LAWANG AGUNG, RUPIT, MUSI RAWAS UTARA, SUMATERA SELATAN",15,124,150,274
https://kawalpemilu.org#18751,"LAWANG AGUNG, RUPIT, MUSI RAWAS UTARA, SUMATERA SELATAN",16,89,142,231
https://kawalpemilu.org#18751,"LAWANG AGUNG, RUPIT, MUSI RAWAS UTARA, SUMATERA SELATAN",17,126,135,261
https://kawalpemilu.org#18751,"LAWANG AGUNG, RUPIT, MUSI RAWAS UTARA, SUMATERA SELATAN",18,155,68,223
https://kawalpemilu.org#18751,"LAWANG AGUNG, RUPIT, MUSI RAWAS UTARA, SUMATERA SELATAN",19,121,107,228
https://kawalpemilu.org#18751,"LAWANG AGUNG, RUPIT, MUSI RAWAS UTARA, SUMATERA SELATAN",20,80,96,176
https://kawalpemilu.org#18751,"LAWANG AGUNG, RUPIT, MUSI RAWAS UTARA, SUMATERA SELATAN",21,146,120,266
https://kawalpemilu.org#18751,"LAWANG AGUNG, RUPIT, MUSI RAWAS UTARA, SUMATERA SELATAN",22,159,104,263
https://kawalpemilu.org#18752,"KARANG WARU, RUPIT, MUSI RAWAS UTARA, SUMATERA SELATAN",1,63,141,204
https://kawalpemilu.org#18752,"KARANG WARU, RUPIT, MUSI RAWAS UTARA, SUMATERA SELATAN",2,86,147,233
https://kawalpemilu.org#18752,"KARANG WARU, RUPIT, MUSI RAWAS UTARA, SUMATERA SELATAN",3,96,123,219
https://kawalpemilu.org#18752,"KARANG WARU, RUPIT, MUSI RAWAS UTARA, SUMATERA SELATAN",4,93,140,233
https://kawalpemilu.org#18752,"KARANG WARU, RUPIT, MUSI RAWAS UTARA, SUMATERA SELATAN",5,71,136,207
https://kawalpemilu.org#18753,"KARANG ANYAR, RUPIT, MUSI RAWAS UTARA, SUMATERA SELATAN",1,40,196,237
https://kawalpemilu.org#18753,"KARANG ANYAR, RUPIT, MUSI RAWAS UTARA, SUMATERA SELATAN",2,86,138,224
https://kawalpemilu.org#18753,"KARANG ANYAR, RUPIT, MUSI RAWAS UTARA, SUMATERA SELATAN",3,67,162,229
https://kawalpemilu.org#18753,"KARANG ANYAR, RUPIT, MUSI RAWAS UTARA, SUMATERA SELATAN",4,70,163,233
https://kawalpemilu.org#18753,"KARANG ANYAR, RUPIT, MUSI RAWAS UTARA, SUMATERA SELATAN",5,100,130,230
https://kawalpemilu.org#18753,"KARANG ANYAR, RUPIT, MUSI RAWAS UTARA, SUMATERA SELATAN",6,55,175,229
https://kawalpemilu.org#18753,"KARANG ANYAR, RUPIT, MUSI RAWAS UTARA, SUMATERA SELATAN",7,77,142,219
https://kawalpemilu.org#18753,"KARANG ANYAR, RUPIT, MUSI RAWAS UTARA, SUMATERA SELATAN",8,67,142,209
https://kawalpemilu.org#18753,"KARANG ANYAR, RUPIT, MUSI RAWAS UTARA, SUMATERA SELATAN",9,85,145,230
https://kawalpemilu.org#18753,"KARANG ANYAR, RUPIT, MUSI RAWAS UTARA, SUMATERA SELATAN",10,39,220,259
https://kawalpemilu.org#18754,"SUNGAI JERNIH, RUPIT, MUSI RAWAS UTARA, SUMATERA SELATAN",1,76,133,209
https://kawalpemilu.org#18754,"SUNGAI JERNIH, RUPIT, MUSI RAWAS UTARA, SUMATERA SELATAN",2,90,121,211
https://kawalpemilu.org#18754,"SUNGAI JERNIH, RUPIT, MUSI RAWAS UTARA, SUMATERA SELATAN",3,97,107,204
https://kawalpemilu.org#18754,"SUNGAI JERNIH, RUPIT, MUSI RAWAS UTARA, SUMATERA SELATAN",4,85,112,197
https://kawalpemilu.org#18754,"SUNGAI JERNIH, RUPIT, MUSI RAWAS UTARA, SUMATERA SELATAN",5,113,97,210
https://kawalpemilu.org#18754,"SUNGAI JERNIH, RUPIT, MUSI RAWAS UTARA, SUMATERA SELATAN",6,108,94,202
https://kawalpemilu.org#18755,"BERINGIN JAYA, RUPIT, MUSI RAWAS UTARA, SUMATERA SELATAN",1,87,142,229
https://kawalpemilu.org#18755,"BERINGIN JAYA, RUPIT, MUSI RAWAS UTARA, SUMATERA SELATAN",2,104,91,195
https://kawalpemilu.org#18755,"BERINGIN JAYA, RUPIT, MUSI RAWAS UTARA, SUMATERA SELATAN",3,106,112,218
https://kawalpemilu.org#18755,"BERINGIN JAYA, RUPIT, MUSI RAWAS UTARA, SUMATERA SELATAN",4,76,63,139
https://kawalpemilu.org#18755,"BERINGIN JAYA, RUPIT, MUSI RAWAS UTARA, SUMATERA SELATAN",5,43,41,84
https://kawalpemilu.org#18756,"LUBUK RUMBAI BARU, RUPIT, MUSI RAWAS UTARA, SUMATERA SELATAN",1,77,106,183
https://kawalpemilu.org#18756,"LUBUK RUMBAI BARU, RUPIT, MUSI RAWAS UTARA, SUMATERA SELATAN",2,54,103,157
https://kawalpemilu.org#18756,"LUBUK RUMBAI BARU, RUPIT, MUSI RAWAS UTARA, SUMATERA SELATAN",3,51,32,83
https://kawalpemilu.org#18757,"NOMAN BARU, RUPIT, MUSI RAWAS UTARA, SUMATERA SELATAN",1,10,86,96
https://kawalpemilu.org#18757,"NOMAN BARU, RUPIT, MUSI RAWAS UTARA, SUMATERA SELATAN",2,17,201,218
https://kawalpemilu.org#18757,"NOMAN BARU, RUPIT, MUSI RAWAS UTARA, SUMATERA SELATAN",3,5,201,206
https://kawalpemilu.org#18757,"NOMAN BARU, RUPIT, MUSI RAWAS UTARA, SUMATERA SELATAN",4,9,203,212
https://kawalpemilu.org#18757,"NOMAN BARU, RUPIT, MUSI RAWAS UTARA, SUMATERA SELATAN",5,16,126,142
https://kawalpemilu.org#18757,"NOMAN BARU, RUPIT, MUSI RAWAS UTARA, SUMATERA SELATAN",6,19,190,209
https://kawalpemilu.org#18757,"NOMAN BARU, RUPIT, MUSI RAWAS UTARA, SUMATERA SELATAN",7,19,94,113
https://kawalpemilu.org#18757,"NOMAN BARU, RUPIT, MUSI RAWAS UTARA, SUMATERA SELATAN",8,51,124,175
https://kawalpemilu.org#18757,"NOMAN BARU, RUPIT, MUSI RAWAS UTARA, SUMATERA SELATAN",9,41,137,178
https://kawalpemilu.org#18757,"NOMAN BARU, RUPIT, MUSI RAWAS UTARA, SUMATERA SELATAN",10,15,176,191
https://kawalpemilu.org#18757,"NOMAN BARU, RUPIT, MUSI RAWAS UTARA, SUMATERA SELATAN",11,13,189,202
https://kawalpemilu.org#18757,"NOMAN BARU, RUPIT, MUSI RAWAS UTARA, SUMATERA SELATAN",12,22,181,203
https://kawalpemilu.org#18758,"BATU GAJAH BARU, RUPIT, MUSI RAWAS UTARA, SUMATERA SELATAN",1,32,74,106
https://kawalpemilu.org#18758,"BATU GAJAH BARU, RUPIT, MUSI RAWAS UTARA, SUMATERA SELATAN",2,39,110,149
https://kawalpemilu.org#18758,"BATU GAJAH BARU, RUPIT, MUSI RAWAS UTARA, SUMATERA SELATAN",3,47,82,129
https://kawalpemilu.org#18758,"BATU GAJAH BARU, RUPIT, MUSI RAWAS UTARA, SUMATERA SELATAN",4,25,105,130
https://kawalpemilu.org#18758,"BATU GAJAH BARU, RUPIT, MUSI RAWAS UTARA, SUMATERA SELATAN",5,20,84,104
https://kawalpemilu.org#18758,"BATU GAJAH BARU, RUPIT, MUSI RAWAS UTARA, SUMATERA SELATAN",6,28,122,150
https://kawalpemilu.org#18866,"KARANG JAYA, KARANG JAYA, MUSI RAWAS UTARA, SUMATERA SELATAN",1,29,103,132
https://kawalpemilu.org#18866,"KARANG JAYA, KARANG JAYA, MUSI RAWAS UTARA, SUMATERA SELATAN",2,41,108,149
https://kawalpemilu.org#18866,"KARANG JAYA, KARANG JAYA, MUSI RAWAS UTARA, SUMATERA SELATAN",3,46,134,180
https://kawalpemilu.org#18866,"KARANG JAYA, KARANG JAYA, MUSI RAWAS UTARA, SUMATERA SELATAN",4,43,111,154
https://kawalpemilu.org#18866,"KARANG JAYA, KARANG JAYA, MUSI RAWAS UTARA, SUMATERA SELATAN",5,40,107,147
https://kawalpemilu.org#18866,"KARANG JAYA, KARANG JAYA, MUSI RAWAS UTARA, SUMATERA SELATAN",6,55,87,142
https://kawalpemilu.org#18866,"KARANG JAYA, KARANG JAYA, MUSI RAWAS UTARA, SUMATERA SELATAN",7,48,107,155
https://kawalpemilu.org#18866,"KARANG JAYA, KARANG JAYA, MUSI RAWAS UTARA, SUMATERA SELATAN",8,41,141,182
https://kawalpemilu.org#18866,"KARANG JAYA, KARANG JAYA, MUSI RAWAS UTARA, SUMATERA SELATAN",9,73,81,154
https://kawalpemilu.org#18866,"KARANG JAYA, KARANG JAYA, MUSI RAWAS UTARA, SUMATERA SELATAN",10,42,121,163
https://kawalpemilu.org#18866,"KARANG JAYA, KARANG JAYA, MUSI RAWAS UTARA, SUMATERA SELATAN",11,55,116,171
https://kawalpemilu.org#18866,"KARANG JAYA, KARANG JAYA, MUSI RAWAS UTARA, SUMATERA SELATAN",12,43,148,191
https://kawalpemilu.org#18866,"KARANG JAYA, KARANG JAYA, MUSI RAWAS UTARA, SUMATERA SELATAN",13,41,116,157
https://kawalpemilu.org#18866,"KARANG JAYA, KARANG JAYA, MUSI RAWAS UTARA, SUMATERA SELATAN",14,41,162,203
https://kawalpemilu.org#18867,"BUKIT ULU, KARANG JAYA, MUSI RAWAS UTARA, SUMATERA SELATAN",1,10,148,158
https://kawalpemilu.org#18867,"BUKIT ULU, KARANG JAYA, MUSI RAWAS UTARA, SUMATERA SELATAN",2,7,150,157
https://kawalpemilu.org#18867,"BUKIT ULU, KARANG JAYA, MUSI RAWAS UTARA, SUMATERA SELATAN",3,5,131,136
https://kawalpemilu.org#18868,"SUKA RAJA, KARANG JAYA, MUSI RAWAS UTARA, SUMATERA SELATAN",1,42,128,170
https://kawalpemilu.org#18868,"SUKA RAJA, KARANG JAYA, MUSI RAWAS UTARA, SUMATERA SELATAN",2,49,157,206
https://kawalpemilu.org#18868,"SUKA RAJA, KARANG JAYA, MUSI RAWAS UTARA, SUMATERA SELATAN",3,59,147,206
https://kawalpemilu.org#18868,"SUKA RAJA, KARANG JAYA, MUSI RAWAS UTARA, SUMATERA SELATAN",4,40,170,210
https://kawalpemilu.org#18868,"SUKA RAJA, KARANG JAYA, MUSI RAWAS UTARA, SUMATERA SELATAN",6,20,156,176
https://kawalpemilu.org#18868,"SUKA RAJA, KARANG JAYA, MUSI RAWAS UTARA, SUMATERA SELATAN",7,42,146,188
https://kawalpemilu.org#18868,"SUKA RAJA, KARANG JAYA, MUSI RAWAS UTARA, SUMATERA SELATAN",8,45,189,234
https://kawalpemilu.org#18869,"LUBUK KUMBUNG, KARANG JAYA, MUSI RAWAS UTARA, SUMATERA SELATAN",1,44,145,189
https://kawalpemilu.org#18869,"LUBUK KUMBUNG, KARANG JAYA, MUSI RAWAS UTARA, SUMATERA SELATAN",2,59,136,195
https://kawalpemilu.org#18869,"LUBUK KUMBUNG, KARANG JAYA, MUSI RAWAS UTARA, SUMATERA SELATAN",3,54,133,187
https://kawalpemilu.org#18869,"LUBUK KUMBUNG, KARANG JAYA, MUSI RAWAS UTARA, SUMATERA SELATAN",4,37,110,147
https://kawalpemilu.org#18870,"MUARA BATANG EMPU, KARANG JAYA, MUSI RAWAS UTARA, SUMATERA SELATAN",1,28,139,167
https://kawalpemilu.org#18870,"MUARA BATANG EMPU, KARANG JAYA, MUSI RAWAS UTARA, SUMATERA SELATAN",2,57,127,184
https://kawalpemilu.org#18870,"MUARA BATANG EMPU, KARANG JAYA, MUSI RAWAS UTARA, SUMATERA SELATAN",3,40,125,165
https://kawalpemilu.org#18870,"MUARA BATANG EMPU, KARANG JAYA, MUSI RAWAS UTARA, SUMATERA SELATAN",4,26,106,132
https://kawalpemilu.org#18871,"TANJUNG AGUNG, KARANG JAYA, MUSI RAWAS UTARA, SUMATERA SELATAN",1,16,194,210
https://kawalpemilu.org#18871,"TANJUNG AGUNG, KARANG JAYA, MUSI RAWAS UTARA, SUMATERA SELATAN",2,21,186,207
https://kawalpemilu.org#18871,"TANJUNG AGUNG, KARANG JAYA, MUSI RAWAS UTARA, SUMATERA SELATAN",3,29,198,227
https://kawalpemilu.org#18871,"TANJUNG AGUNG, KARANG JAYA, MUSI RAWAS UTARA, SUMATERA SELATAN",4,26,181,207
https://kawalpemilu.org#18871,"TANJUNG AGUNG, KARANG JAYA, MUSI RAWAS UTARA, SUMATERA SELATAN",5,21,195,216
https://kawalpemilu.org#18871,"TANJUNG AGUNG, KARANG JAYA, MUSI RAWAS UTARA, SUMATERA SELATAN",6,26,190,216
https://kawalpemilu.org#18871,"TANJUNG AGUNG, KARANG JAYA, MUSI RAWAS UTARA, SUMATERA SELATAN",7,29,216,245
https://kawalpemilu.org#18871,"TANJUNG AGUNG, KARANG JAYA, MUSI RAWAS UTARA, SUMATERA SELATAN",8,27,223,250
https://kawalpemilu.org#18871,"TANJUNG AGUNG, KARANG JAYA, MUSI RAWAS UTARA, SUMATERA SELATAN",9,20,183,203
https://kawalpemilu.org#18871,"TANJUNG AGUNG, KARANG JAYA, MUSI RAWAS UTARA, SUMATERA SELATAN",10,14,218,232
https://kawalpemilu.org#18871,"TANJUNG AGUNG, KARANG JAYA, MUSI RAWAS UTARA, SUMATERA SELATAN",11,20,203,223
https://kawalpemilu.org#18872,"RANTAU TELANG, KARANG JAYA, MUSI RAWAS UTARA, SUMATERA SELATAN",1,48,143,191
https://kawalpemilu.org#18872,"RANTAU TELANG, KARANG JAYA, MUSI RAWAS UTARA, SUMATERA SELATAN",2,29,134,163
https://kawalpemilu.org#18872,"RANTAU TELANG, KARANG JAYA, MUSI RAWAS UTARA, SUMATERA SELATAN",3,47,186,233
https://kawalpemilu.org#18872,"RANTAU TELANG, KARANG JAYA, MUSI RAWAS UTARA, SUMATERA SELATAN",4,14,55,69
https://kawalpemilu.org#18873,"SUKA MENANG, KARANG JAYA, MUSI RAWAS UTARA, SUMATERA SELATAN",1,44,210,254
https://kawalpemilu.org#18873,"SUKA MENANG, KARANG JAYA, MUSI RAWAS UTARA, SUMATERA SELATAN",3,34,227,261
https://kawalpemilu.org#18873,"SUKA MENANG, KARANG JAYA, MUSI RAWAS UTARA, SUMATERA SELATAN",4,71,194,265
https://kawalpemilu.org#18873,"SUKA MENANG, KARANG JAYA, MUSI RAWAS UTARA, SUMATERA SELATAN",5,71,186,257
https://kawalpemilu.org#18873,"SUKA MENANG, KARANG JAYA, MUSI RAWAS UTARA, SUMATERA SELATAN",6,58,183,241
https://kawalpemilu.org#18873,"SUKA MENANG, KARANG JAYA, MUSI RAWAS UTARA, SUMATERA SELATAN",7,57,197,254
https://kawalpemilu.org#18873,"SUKA MENANG, KARANG JAYA, MUSI RAWAS UTARA, SUMATERA SELATAN",8,57,193,250
https://kawalpemilu.org#18874,"TERUSAN, KARANG JAYA, MUSI RAWAS UTARA, SUMATERA SELATAN",1,71,147,218
https://kawalpemilu.org#18874,"TERUSAN, KARANG JAYA, MUSI RAWAS UTARA, SUMATERA SELATAN",2,60,169,229
https://kawalpemilu.org#18874,"TERUSAN, KARANG JAYA, MUSI RAWAS UTARA, SUMATERA SELATAN",3,57,168,225
https://kawalpemilu.org#18874,"TERUSAN, KARANG JAYA, MUSI RAWAS UTARA, SUMATERA SELATAN",4,39,167,206
https://kawalpemilu.org#18874,"TERUSAN, KARANG JAYA, MUSI RAWAS UTARA, SUMATERA SELATAN",5,47,166,213
https://kawalpemilu.org#18874,"TERUSAN, KARANG JAYA, MUSI RAWAS UTARA, SUMATERA SELATAN",6,105,115,220
https://kawalpemilu.org#18874,"TERUSAN, KARANG JAYA, MUSI RAWAS UTARA, SUMATERA SELATAN",7,62,180,242
https://kawalpemilu.org#18874,"TERUSAN, KARANG JAYA, MUSI RAWAS UTARA, SUMATERA SELATAN",8,48,67,115
https://kawalpemilu.org#18874,"TERUSAN, KARANG JAYA, MUSI RAWAS UTARA, SUMATERA SELATAN",9,53,115,168
https://kawalpemilu.org#18875,"MUARA TIKU, KARANG JAYA, MUSI RAWAS UTARA, SUMATERA SELATAN",1,41,183,224
https://kawalpemilu.org#18875,"MUARA TIKU, KARANG JAYA, MUSI RAWAS UTARA, SUMATERA SELATAN",2,26,182,208
https://kawalpemilu.org#18875,"MUARA TIKU, KARANG JAYA, MUSI RAWAS UTARA, SUMATERA SELATAN",3,34,147,186
https://kawalpemilu.org#18875,"MUARA TIKU, KARANG JAYA, MUSI RAWAS UTARA, SUMATERA SELATAN",4,48,138,186
https://kawalpemilu.org#18875,"MUARA TIKU, KARANG JAYA, MUSI RAWAS UTARA, SUMATERA SELATAN",6,89,31,120
https://kawalpemilu.org#18875,"MUARA TIKU, KARANG JAYA, MUSI RAWAS UTARA, SUMATERA SELATAN",7,25,49,74
https://kawalpemilu.org#18875,"MUARA TIKU, KARANG JAYA, MUSI RAWAS UTARA, SUMATERA SELATAN",8,22,156,178
https://kawalpemilu.org#18876,"EMBACANG BARU, KARANG JAYA, MUSI RAWAS UTARA, SUMATERA SELATAN",1,74,200,274
https://kawalpemilu.org#18876,"EMBACANG BARU, KARANG JAYA, MUSI RAWAS UTARA, SUMATERA SELATAN",2,23,182,205
https://kawalpemilu.org#18876,"EMBACANG BARU, KARANG JAYA, MUSI RAWAS UTARA, SUMATERA SELATAN",3,50,226,276
https://kawalpemilu.org#18876,"EMBACANG BARU, KARANG JAYA, MUSI RAWAS UTARA, SUMATERA SELATAN",4,33,197,230
https://kawalpemilu.org#18876,"EMBACANG BARU, KARANG JAYA, MUSI RAWAS UTARA, SUMATERA SELATAN",5,45,124,169
https://kawalpemilu.org#18876,"EMBACANG BARU, KARANG JAYA, MUSI RAWAS UTARA, SUMATERA SELATAN",6,80,144,224
https://kawalpemilu.org#18877,"EMBACANG LAMA, KARANG JAYA, MUSI RAWAS UTARA, SUMATERA SELATAN",1,28,194,222
https://kawalpemilu.org#18877,"EMBACANG LAMA, KARANG JAYA, MUSI RAWAS UTARA, SUMATERA SELATAN",2,15,187,202
https://kawalpemilu.org#18877,"EMBACANG LAMA, KARANG JAYA, MUSI RAWAS UTARA, SUMATERA SELATAN",3,25,187,212
https://kawalpemilu.org#18877,"EMBACANG LAMA, KARANG JAYA, MUSI RAWAS UTARA, SUMATERA SELATAN",4,0,169,0
https://kawalpemilu.org#18878,"RANTAU JAYA, KARANG JAYA, MUSI RAWAS UTARA, SUMATERA SELATAN",1,50,148,198
https://kawalpemilu.org#18878,"RANTAU JAYA, KARANG JAYA, MUSI RAWAS UTARA, SUMATERA SELATAN",2,37,81,118
https://kawalpemilu.org#18878,"RANTAU JAYA, KARANG JAYA, MUSI RAWAS UTARA, SUMATERA SELATAN",3,47,90,137
https://kawalpemilu.org#18878,"RANTAU JAYA, KARANG JAYA, MUSI RAWAS UTARA, SUMATERA SELATAN",4,52,134,186
https://kawalpemilu.org#18878,"RANTAU JAYA, KARANG JAYA, MUSI RAWAS UTARA, SUMATERA SELATAN",5,60,94,154
https://kawalpemilu.org#18878,"RANTAU JAYA, KARANG JAYA, MUSI RAWAS UTARA, SUMATERA SELATAN",6,45,89,134
https://kawalpemilu.org#18878,"RANTAU JAYA, KARANG JAYA, MUSI RAWAS UTARA, SUMATERA SELATAN",7,54,111,165
https://kawalpemilu.org#18878,"RANTAU JAYA, KARANG JAYA, MUSI RAWAS UTARA, SUMATERA SELATAN",8,44,114,158
https://kawalpemilu.org#18879,"BUKIT LANGKAP, KARANG JAYA, MUSI RAWAS UTARA, SUMATERA SELATAN",1,89,73,162
https://kawalpemilu.org#18879,"BUKIT LANGKAP, KARANG JAYA, MUSI RAWAS UTARA, SUMATERA SELATAN",2,63,68,131
https://kawalpemilu.org#18879,"BUKIT LANGKAP, KARANG JAYA, MUSI RAWAS UTARA, SUMATERA SELATAN",3,35,83,118
https://kawalpemilu.org#18879,"BUKIT LANGKAP, KARANG JAYA, MUSI RAWAS UTARA, SUMATERA SELATAN",4,78,94,172
https://kawalpemilu.org#18879,"BUKIT LANGKAP, KARANG JAYA, MUSI RAWAS UTARA, SUMATERA SELATAN",5,47,86,133
https://kawalpemilu.org#18879,"BUKIT LANGKAP, KARANG JAYA, MUSI RAWAS UTARA, SUMATERA SELATAN",6,50,115,165
https://kawalpemilu.org#18879,"BUKIT LANGKAP, KARANG JAYA, MUSI RAWAS UTARA, SUMATERA SELATAN",7,58,147,178
https://kawalpemilu.org#18879,"BUKIT LANGKAP, KARANG JAYA, MUSI RAWAS UTARA, SUMATERA SELATAN",8,65,90,155
https://kawalpemilu.org#18879,"BUKIT LANGKAP, KARANG JAYA, MUSI RAWAS UTARA, SUMATERA SELATAN",9,111,48,159
https://kawalpemilu.org#929013,"EMBACANG BARU ILIR, KARANG JAYA, MUSI RAWAS UTARA, SUMATERA SELATAN",1,25,179,204
https://kawalpemilu.org#929013,"EMBACANG BARU ILIR, KARANG JAYA, MUSI RAWAS UTARA, SUMATERA SELATAN",2,26,180,206
https://kawalpemilu.org#929013,"EMBACANG BARU ILIR, KARANG JAYA, MUSI RAWAS UTARA, SUMATERA SELATAN",3,18,260,278
https://kawalpemilu.org#929013,"EMBACANG BARU ILIR, KARANG JAYA, MUSI RAWAS UTARA, SUMATERA SELATAN",4,18,220,238
https://kawalpemilu.org#929013,"EMBACANG BARU ILIR, KARANG JAYA, MUSI RAWAS UTARA, SUMATERA SELATAN",5,22,208,230
https://kawalpemilu.org#929013,"EMBACANG BARU ILIR, KARANG JAYA, MUSI RAWAS UTARA, SUMATERA SELATAN",6,46,251,297
https://kawalpemilu.org#18881,"TEBING TINGGI, NIBUNG, MUSI RAWAS UTARA, SUMATERA SELATAN",1,148,95,243
https://kawalpemilu.org#18881,"TEBING TINGGI, NIBUNG, MUSI RAWAS UTARA, SUMATERA SELATAN",2,93,90,183
https://kawalpemilu.org#18881,"TEBING TINGGI, NIBUNG, MUSI RAWAS UTARA, SUMATERA SELATAN",3,106,99,205
https://kawalpemilu.org#18881,"TEBING TINGGI, NIBUNG, MUSI RAWAS UTARA, SUMATERA SELATAN",4,134,77,211
https://kawalpemilu.org#18881,"TEBING TINGGI, NIBUNG, MUSI RAWAS UTARA, SUMATERA SELATAN",5,138,48,186
https://kawalpemilu.org#18881,"TEBING TINGGI, NIBUNG, MUSI RAWAS UTARA, SUMATERA SELATAN",6,103,32,135
https://kawalpemilu.org#18882,"JADI MULYA, NIBUNG, MUSI RAWAS UTARA, SUMATERA SELATAN",1,98,27,125
https://kawalpemilu.org#18882,"JADI MULYA, NIBUNG, MUSI RAWAS UTARA, SUMATERA SELATAN",2,87,34,121
https://kawalpemilu.org#18882,"JADI MULYA, NIBUNG, MUSI RAWAS UTARA, SUMATERA SELATAN",3,130,68,198
https://kawalpemilu.org#18883,"SUMBER MAKMUR, NIBUNG, MUSI RAWAS UTARA, SUMATERA SELATAN",1,146,58,204
https://kawalpemilu.org#18883,"SUMBER MAKMUR, NIBUNG, MUSI RAWAS UTARA, SUMATERA SELATAN",2,106,98,204
https://kawalpemilu.org#18883,"SUMBER MAKMUR, NIBUNG, MUSI RAWAS UTARA, SUMATERA SELATAN",3,157,70,227
https://kawalpemilu.org#18883,"SUMBER MAKMUR, NIBUNG, MUSI RAWAS UTARA, SUMATERA SELATAN",4,133,81,214
https://kawalpemilu.org#18883,"SUMBER MAKMUR, NIBUNG, MUSI RAWAS UTARA, SUMATERA SELATAN",5,90,106,196
https://kawalpemilu.org#18883,"SUMBER MAKMUR, NIBUNG, MUSI RAWAS UTARA, SUMATERA SELATAN",6,150,58,208
https://kawalpemilu.org#18883,"SUMBER MAKMUR, NIBUNG, MUSI RAWAS UTARA, SUMATERA SELATAN",7,113,77,190
https://kawalpemilu.org#18883,"SUMBER MAKMUR, NIBUNG, MUSI RAWAS UTARA, SUMATERA SELATAN",8,103,79,182
https://kawalpemilu.org#18883,"SUMBER MAKMUR, NIBUNG, MUSI RAWAS UTARA, SUMATERA SELATAN",9,75,96,171
https://kawalpemilu.org#18884,"MULYA JAYA, NIBUNG, MUSI RAWAS UTARA, SUMATERA SELATAN",1,88,67,155
https://kawalpemilu.org#18884,"MULYA JAYA, NIBUNG, MUSI RAWAS UTARA, SUMATERA SELATAN",2,106,56,162
https://kawalpemilu.org#18884,"MULYA JAYA, NIBUNG, MUSI RAWAS UTARA, SUMATERA SELATAN",3,109,50,159
https://kawalpemilu.org#18884,"MULYA JAYA, NIBUNG, MUSI RAWAS UTARA, SUMATERA SELATAN",4,99,58,157
https://kawalpemilu.org#18884,"MULYA JAYA, NIBUNG, MUSI RAWAS UTARA, SUMATERA SELATAN",5,73,75,148
https://kawalpemilu.org#18884,"MULYA JAYA, NIBUNG, MUSI RAWAS UTARA, SUMATERA SELATAN",6,71,72,143
https://kawalpemilu.org#18885,"KARYA  MAKMUR, NIBUNG, MUSI RAWAS UTARA, SUMATERA SELATAN",1,132,87,219
https://kawalpemilu.org#18885,"KARYA  MAKMUR, NIBUNG, MUSI RAWAS UTARA, SUMATERA SELATAN",2,118,88,206
https://kawalpemilu.org#18885,"KARYA  MAKMUR, NIBUNG, MUSI RAWAS UTARA, SUMATERA SELATAN",3,154,48,202
https://kawalpemilu.org#18885,"KARYA  MAKMUR, NIBUNG, MUSI RAWAS UTARA, SUMATERA SELATAN",4,179,49,228
https://kawalpemilu.org#18885,"KARYA  MAKMUR, NIBUNG, MUSI RAWAS UTARA, SUMATERA SELATAN",5,182,12,194
https://kawalpemilu.org#18885,"KARYA  MAKMUR, NIBUNG, MUSI RAWAS UTARA, SUMATERA SELATAN",6,110,25,135
https://kawalpemilu.org#18885,"KARYA  MAKMUR, NIBUNG, MUSI RAWAS UTARA, SUMATERA SELATAN",7,130,71,201
https://kawalpemilu.org#18885,"KARYA  MAKMUR, NIBUNG, MUSI RAWAS UTARA, SUMATERA SELATAN",8,157,63,220
https://kawalpemilu.org#18885,"KARYA  MAKMUR, NIBUNG, MUSI RAWAS UTARA, SUMATERA SELATAN",9,160,42,202
https://kawalpemilu.org#18885,"KARYA  MAKMUR, NIBUNG, MUSI RAWAS UTARA, SUMATERA SELATAN",10,106,15,121
https://kawalpemilu.org#18886,"SRI JAYA MAKMUR, NIBUNG, MUSI RAWAS UTARA, SUMATERA SELATAN",1,84,79,163
https://kawalpemilu.org#18886,"SRI JAYA MAKMUR, NIBUNG, MUSI RAWAS UTARA, SUMATERA SELATAN",2,104,86,190
https://kawalpemilu.org#18886,"SRI JAYA MAKMUR, NIBUNG, MUSI RAWAS UTARA, SUMATERA SELATAN",3,96,64,160
https://kawalpemilu.org#18886,"SRI JAYA MAKMUR, NIBUNG, MUSI RAWAS UTARA, SUMATERA SELATAN",4,116,78,194
https://kawalpemilu.org#18886,"SRI JAYA MAKMUR, NIBUNG, MUSI RAWAS UTARA, SUMATERA SELATAN",5,95,87,182
https://kawalpemilu.org#18886,"SRI JAYA MAKMUR, NIBUNG, MUSI RAWAS UTARA, SUMATERA SELATAN",6,134,53,187
https://kawalpemilu.org#18886,"SRI JAYA MAKMUR, NIBUNG, MUSI RAWAS UTARA, SUMATERA SELATAN",7,124,88,212
https://kawalpemilu.org#18886,"SRI JAYA MAKMUR, NIBUNG, MUSI RAWAS UTARA, SUMATERA SELATAN",8,77,87,164
https://kawalpemilu.org#18886,"SRI JAYA MAKMUR, NIBUNG, MUSI RAWAS UTARA, SUMATERA SELATAN",9,97,105,202
https://kawalpemilu.org#18886,"SRI JAYA MAKMUR, NIBUNG, MUSI RAWAS UTARA, SUMATERA SELATAN",10,99,83,182
https://kawalpemilu.org#18888,"BUMI MAKMUR, NIBUNG, MUSI RAWAS UTARA, SUMATERA SELATAN",1,144,116,260
https://kawalpemilu.org#18888,"BUMI MAKMUR, NIBUNG, MUSI RAWAS UTARA, SUMATERA SELATAN",2,159,111,270
https://kawalpemilu.org#18888,"BUMI MAKMUR, NIBUNG, MUSI RAWAS UTARA, SUMATERA SELATAN",3,147,120,267
https://kawalpemilu.org#18888,"BUMI MAKMUR, NIBUNG, MUSI RAWAS UTARA, SUMATERA SELATAN",4,127,133,260
https://kawalpemilu.org#18888,"BUMI MAKMUR, NIBUNG, MUSI RAWAS UTARA, SUMATERA SELATAN",5,112,121,233
https://kawalpemilu.org#18888,"BUMI MAKMUR, NIBUNG, MUSI RAWAS UTARA, SUMATERA SELATAN",6,95,118,213
https://kawalpemilu.org#18888,"BUMI MAKMUR, NIBUNG, MUSI RAWAS UTARA, SUMATERA SELATAN",7,126,75,201
https://kawalpemilu.org#18888,"BUMI MAKMUR, NIBUNG, MUSI RAWAS UTARA, SUMATERA SELATAN",8,68,182,250
https://kawalpemilu.org#18888,"BUMI MAKMUR, NIBUNG, MUSI RAWAS UTARA, SUMATERA SELATAN",9,127,127,254
https://kawalpemilu.org#18888,"BUMI MAKMUR, NIBUNG, MUSI RAWAS UTARA, SUMATERA SELATAN",10,107,128,235
https://kawalpemilu.org#18888,"BUMI MAKMUR, NIBUNG, MUSI RAWAS UTARA, SUMATERA SELATAN",11,109,78,187
https://kawalpemilu.org#18888,"BUMI MAKMUR, NIBUNG, MUSI RAWAS UTARA, SUMATERA SELATAN",12,77,117,194
https://kawalpemilu.org#18889,"SUMBER SARI, NIBUNG, MUSI RAWAS UTARA, SUMATERA SELATAN",1,81,96,177
https://kawalpemilu.org#18889,"SUMBER SARI, NIBUNG, MUSI RAWAS UTARA, SUMATERA SELATAN",2,97,83,180
https://kawalpemilu.org#18889,"SUMBER SARI, NIBUNG, MUSI RAWAS UTARA, SUMATERA SELATAN",3,133,64,197
https://kawalpemilu.org#18889,"SUMBER SARI, NIBUNG, MUSI RAWAS UTARA, SUMATERA SELATAN",4,115,64,179
https://kawalpemilu.org#18889,"SUMBER SARI, NIBUNG, MUSI RAWAS UTARA, SUMATERA SELATAN",5,67,102,169
https://kawalpemilu.org#18890,"KRANI JAYA, NIBUNG, MUSI RAWAS UTARA, SUMATERA SELATAN",1,100,67,167
https://kawalpemilu.org#18890,"KRANI JAYA, NIBUNG, MUSI RAWAS UTARA, SUMATERA SELATAN",2,65,131,196
https://kawalpemilu.org#18890,"KRANI JAYA, NIBUNG, MUSI RAWAS UTARA, SUMATERA SELATAN",3,59,109,168
https://kawalpemilu.org#18890,"KRANI JAYA, NIBUNG, MUSI RAWAS UTARA, SUMATERA SELATAN",4,33,63,96
https://kawalpemilu.org#18890,"KRANI JAYA, NIBUNG, MUSI RAWAS UTARA, SUMATERA SELATAN",5,82,126,208
https://kawalpemilu.org#18891,"JADI MULYA I, NIBUNG, MUSI RAWAS UTARA, SUMATERA SELATAN",1,90,58,148
https://kawalpemilu.org#18891,"JADI MULYA I, NIBUNG, MUSI RAWAS UTARA, SUMATERA SELATAN",2,58,48,106
https://kawalpemilu.org#18891,"JADI MULYA I, NIBUNG, MUSI RAWAS UTARA, SUMATERA SELATAN",3,90,56,146
https://kawalpemilu.org#18891,"JADI MULYA I, NIBUNG, MUSI RAWAS UTARA, SUMATERA SELATAN",4,81,80,161
https://kawalpemilu.org#18891,"JADI MULYA I, NIBUNG, MUSI RAWAS UTARA, SUMATERA SELATAN",5,115,89,204
https://kawalpemilu.org#18887,"KELUMPANG JAYA, TEBING TINGGI, EMPAT LAWANG, SUMATERA SELATAN",1,120,89,209
https://kawalpemilu.org#18887,"KELUMPANG JAYA, TEBING TINGGI, EMPAT LAWANG, SUMATERA SELATAN",2,134,41,175
https://kawalpemilu.org#18887,"KELUMPANG JAYA, TEBING TINGGI, EMPAT LAWANG, SUMATERA SELATAN",3,160,33,193
https://kawalpemilu.org#18887,"KELUMPANG JAYA, TEBING TINGGI, EMPAT LAWANG, SUMATERA SELATAN",5,151,57,208
https://kawalpemilu.org#18893,"ARINGIN, KARANG DAPO, MUSI RAWAS UTARA, SUMATERA SELATAN",1,49,69,118
https://kawalpemilu.org#18893,"ARINGIN, KARANG DAPO, MUSI RAWAS UTARA, SUMATERA SELATAN",2,58,82,140
https://kawalpemilu.org#18893,"ARINGIN, KARANG DAPO, MUSI RAWAS UTARA, SUMATERA SELATAN",3,78,107,185
https://kawalpemilu.org#18893,"ARINGIN, KARANG DAPO, MUSI RAWAS UTARA, SUMATERA SELATAN",4,60,88,148
https://kawalpemilu.org#18893,"ARINGIN, KARANG DAPO, MUSI RAWAS UTARA, SUMATERA SELATAN",5,61,75,136
https://kawalpemilu.org#18893,"ARINGIN, KARANG DAPO, MUSI RAWAS UTARA, SUMATERA SELATAN",6,71,83,154
https://kawalpemilu.org#18893,"ARINGIN, KARANG DAPO, MUSI RAWAS UTARA, SUMATERA SELATAN",7,99,53,152
https://kawalpemilu.org#18893,"ARINGIN, KARANG DAPO, MUSI RAWAS UTARA, SUMATERA SELATAN",8,103,61,164
https://kawalpemilu.org#18894,"BIARO BARU, KARANG DAPO, MUSI RAWAS UTARA, SUMATERA SELATAN",1,53,85,138
https://kawalpemilu.org#18894,"BIARO BARU, KARANG DAPO, MUSI RAWAS UTARA, SUMATERA SELATAN",2,52,94,146
https://kawalpemilu.org#18894,"BIARO BARU, KARANG DAPO, MUSI RAWAS UTARA, SUMATERA SELATAN",3,70,66,136
https://kawalpemilu.org#18894,"BIARO BARU, KARANG DAPO, MUSI RAWAS UTARA, SUMATERA SELATAN",4,40,105,145
https://kawalpemilu.org#18894,"BIARO BARU, KARANG DAPO, MUSI RAWAS UTARA, SUMATERA SELATAN",5,61,96,157
https://kawalpemilu.org#18894,"BIARO BARU, KARANG DAPO, MUSI RAWAS UTARA, SUMATERA SELATAN",6,63,137,200
https://kawalpemilu.org#18894,"BIARO BARU, KARANG DAPO, MUSI RAWAS UTARA, SUMATERA SELATAN",7,54,88,142
https://kawalpemilu.org#18894,"BIARO BARU, KARANG DAPO, MUSI RAWAS UTARA, SUMATERA SELATAN",8,52,87,139
https://kawalpemilu.org#18895,"BIARO LAMA, KARANG DAPO, MUSI RAWAS UTARA, SUMATERA SELATAN",1,51,105,156
https://kawalpemilu.org#18895,"BIARO LAMA, KARANG DAPO, MUSI RAWAS UTARA, SUMATERA SELATAN",2,49,59,108
https://kawalpemilu.org#18895,"BIARO LAMA, KARANG DAPO, MUSI RAWAS UTARA, SUMATERA SELATAN",3,55,143,198
https://kawalpemilu.org#18895,"BIARO LAMA, KARANG DAPO, MUSI RAWAS UTARA, SUMATERA SELATAN",4,38,99,137
https://kawalpemilu.org#18895,"BIARO LAMA, KARANG DAPO, MUSI RAWAS UTARA, SUMATERA SELATAN",5,66,69,135
https://kawalpemilu.org#18895,"BIARO LAMA, KARANG DAPO, MUSI RAWAS UTARA, SUMATERA SELATAN",6,50,68,118
https://kawalpemilu.org#18895,"BIARO LAMA, KARANG DAPO, MUSI RAWAS UTARA, SUMATERA SELATAN",7,77,98,175
https://kawalpemilu.org#18896,"KARANG DAPO I, KARANG DAPO, MUSI RAWAS UTARA, SUMATERA SELATAN",1,113,91,204
https://kawalpemilu.org#18896,"KARANG DAPO I, KARANG DAPO, MUSI RAWAS UTARA, SUMATERA SELATAN",2,82,113,195
https://kawalpemilu.org#18896,"KARANG DAPO I, KARANG DAPO, MUSI RAWAS UTARA, SUMATERA SELATAN",3,114,88,202
https://kawalpemilu.org#18896,"KARANG DAPO I, KARANG DAPO, MUSI RAWAS UTARA, SUMATERA SELATAN",4,88,67,155
https://kawalpemilu.org#18896,"KARANG DAPO I, KARANG DAPO, MUSI RAWAS UTARA, SUMATERA SELATAN",5,104,86,190
https://kawalpemilu.org#18896,"KARANG DAPO I, KARANG DAPO, MUSI RAWAS UTARA, SUMATERA SELATAN",6,127,88,215
https://kawalpemilu.org#18896,"KARANG DAPO I, KARANG DAPO, MUSI RAWAS UTARA, SUMATERA SELATAN",7,83,57,140
https://kawalpemilu.org#18896,"KARANG DAPO I, KARANG DAPO, MUSI RAWAS UTARA, SUMATERA SELATAN",8,170,83,253
https://kawalpemilu.org#18897,"RANTAU KADAM, KARANG DAPO, MUSI RAWAS UTARA, SUMATERA SELATAN",1,38,172,210
https://kawalpemilu.org#18897,"RANTAU KADAM, KARANG DAPO, MUSI RAWAS UTARA, SUMATERA SELATAN",2,54,155,209
https://kawalpemilu.org#18897,"RANTAU KADAM, KARANG DAPO, MUSI RAWAS UTARA, SUMATERA SELATAN",3,64,126,190
https://kawalpemilu.org#18897,"RANTAU KADAM, KARANG DAPO, MUSI RAWAS UTARA, SUMATERA SELATAN",4,59,146,205
https://kawalpemilu.org#18897,"RANTAU KADAM, KARANG DAPO, MUSI RAWAS UTARA, SUMATERA SELATAN",5,54,160,214
https://kawalpemilu.org#18897,"RANTAU KADAM, KARANG DAPO, MUSI RAWAS UTARA, SUMATERA SELATAN",6,35,156,191
https://kawalpemilu.org#18897,"RANTAU KADAM, KARANG DAPO, MUSI RAWAS UTARA, SUMATERA SELATAN",7,46,146,192
https://kawalpemilu.org#18897,"RANTAU KADAM, KARANG DAPO, MUSI RAWAS UTARA, SUMATERA SELATAN",8,58,136,194
https://kawalpemilu.org#18897,"RANTAU KADAM, KARANG DAPO, MUSI RAWAS UTARA, SUMATERA SELATAN",9,42,137,179
https://kawalpemilu.org#18897,"RANTAU KADAM, KARANG DAPO, MUSI RAWAS UTARA, SUMATERA SELATAN",10,41,154,195
https://kawalpemilu.org#18898,"KERTA SARI, KARANG DAPO, MUSI RAWAS UTARA, SUMATERA SELATAN",1,35,123,160
https://kawalpemilu.org#18898,"KERTA SARI, KARANG DAPO, MUSI RAWAS UTARA, SUMATERA SELATAN",2,24,168,192
https://kawalpemilu.org#18898,"KERTA SARI, KARANG DAPO, MUSI RAWAS UTARA, SUMATERA SELATAN",3,26,161,187
https://kawalpemilu.org#18898,"KERTA SARI, KARANG DAPO, MUSI RAWAS UTARA, SUMATERA SELATAN",4,19,168,187
https://kawalpemilu.org#18898,"KERTA SARI, KARANG DAPO, MUSI RAWAS UTARA, SUMATERA SELATAN",5,20,137,157
https://kawalpemilu.org#18898,"KERTA SARI, KARANG DAPO, MUSI RAWAS UTARA, SUMATERA SELATAN",6,22,161,183
https://kawalpemilu.org#18898,"KERTA SARI, KARANG DAPO, MUSI RAWAS UTARA, SUMATERA SELATAN",7,30,167,197
https://kawalpemilu.org#18898,"KERTA SARI, KARANG DAPO, MUSI RAWAS UTARA, SUMATERA SELATAN",8,26,143,169
https://kawalpemilu.org#18899,"KARANG DAPO, KARANG DAPO, MUSI RAWAS UTARA, SUMATERA SELATAN",1,118,98,216
https://kawalpemilu.org#18899,"KARANG DAPO, KARANG DAPO, MUSI RAWAS UTARA, SUMATERA SELATAN",2,150,44,194
https://kawalpemilu.org#18899,"KARANG DAPO, KARANG DAPO, MUSI RAWAS UTARA, SUMATERA SELATAN",3,137,78,115
https://kawalpemilu.org#18899,"KARANG DAPO, KARANG DAPO, MUSI RAWAS UTARA, SUMATERA SELATAN",4,122,83,205
https://kawalpemilu.org#18899,"KARANG DAPO, KARANG DAPO, MUSI RAWAS UTARA, SUMATERA SELATAN",5,124,90,214
https://kawalpemilu.org#18899,"KARANG DAPO, KARANG DAPO, MUSI RAWAS UTARA, SUMATERA SELATAN",6,135,110,245
https://kawalpemilu.org#18899,"KARANG DAPO, KARANG DAPO, MUSI RAWAS UTARA, SUMATERA SELATAN",7,99,79,178
https://kawalpemilu.org#18899,"KARANG DAPO, KARANG DAPO, MUSI RAWAS UTARA, SUMATERA SELATAN",8,145,95,240
https://kawalpemilu.org#18900,"SETIA MARGA, KARANG DAPO, MUSI RAWAS UTARA, SUMATERA SELATAN",1,116,51,167
https://kawalpemilu.org#18900,"SETIA MARGA, KARANG DAPO, MUSI RAWAS UTARA, SUMATERA SELATAN",2,105,53,158
https://kawalpemilu.org#18900,"SETIA MARGA, KARANG DAPO, MUSI RAWAS UTARA, SUMATERA SELATAN",3,83,58,141
https://kawalpemilu.org#18900,"SETIA MARGA, KARANG DAPO, MUSI RAWAS UTARA, SUMATERA SELATAN",4,105,48,153
https://kawalpemilu.org#18900,"SETIA MARGA, KARANG DAPO, MUSI RAWAS UTARA, SUMATERA SELATAN",5,83,24,107
https://kawalpemilu.org#18900,"SETIA MARGA, KARANG DAPO, MUSI RAWAS UTARA, SUMATERA SELATAN",6,124,37,161
https://kawalpemilu.org#18900,"SETIA MARGA, KARANG DAPO, MUSI RAWAS UTARA, SUMATERA SELATAN",7,117,60,177
https://kawalpemilu.org#18900,"SETIA MARGA, KARANG DAPO, MUSI RAWAS UTARA, SUMATERA SELATAN",8,100,36,136
https://kawalpemilu.org#18900,"SETIA MARGA, KARANG DAPO, MUSI RAWAS UTARA, SUMATERA SELATAN",9,106,53,159
https://kawalpemilu.org#18900,"SETIA MARGA, KARANG DAPO, MUSI RAWAS UTARA, SUMATERA SELATAN",10,106,59,165
https://kawalpemilu.org#18900,"SETIA MARGA, KARANG DAPO, MUSI RAWAS UTARA, SUMATERA SELATAN",11,120,45,165
https://kawalpemilu.org#18900,"SETIA MARGA, KARANG DAPO, MUSI RAWAS UTARA, SUMATERA SELATAN",12,101,68,169
https://kawalpemilu.org#18900,"SETIA MARGA, KARANG DAPO, MUSI RAWAS UTARA, SUMATERA SELATAN",13,103,60,163
https://kawalpemilu.org#18901,"BINA KARYA, KARANG DAPO, MUSI RAWAS UTARA, SUMATERA SELATAN",1,126,49,175
https://kawalpemilu.org#18901,"BINA KARYA, KARANG DAPO, MUSI RAWAS UTARA, SUMATERA SELATAN",2,115,80,195
https://kawalpemilu.org#18901,"BINA KARYA, KARANG DAPO, MUSI RAWAS UTARA, SUMATERA SELATAN",3,136,54,190
https://kawalpemilu.org#18901,"BINA KARYA, KARANG DAPO, MUSI RAWAS UTARA, SUMATERA SELATAN",4,155,59,214
https://kawalpemilu.org#18901,"BINA KARYA, KARANG DAPO, MUSI RAWAS UTARA, SUMATERA SELATAN",5,138,62,200
https://kawalpemilu.org#18901,"BINA KARYA, KARANG DAPO, MUSI RAWAS UTARA, SUMATERA SELATAN",6,130,52,182
